years
 1997 1998 1999 2000 2001 2002 2003 2004 2005 2006 2007 2008 2009 2010 2011 2012 2013 2014 2015 2016 2017 2018 2019 2020 2021
reclasobs
 0 0 0 370054 412103 1.49427e+06 250295 1.28982e+06 931140 785840 897777 1.04006e+06 184774 17550 25797 100020 73551 82996 120727 218422 84188 347160 605670 569463 516374
reclaspred
 486248 125353 317160 216388 353189 435405 949797 654258 740152 765131 651167 451816 278316 115712 68915.4 66028 79193.3 105969 114437 155184 234525 219875 374324 469231 517083
pelacesobs
 0 0 0 0 0 0 0 0 0 2.06254e+06 1.5e+06 0 1.87456e+06 323000 250000 174000 83755 137374 0 501740 490994 745055 786931 1.00524e+06 1.33801e+06
pelacespred
 1.94939e+06 439558 662372 732178 1.05421e+06 1.03226e+06 2.64199e+06 2.14962e+06 2.19479e+06 2.2989e+06 1.69776e+06 1.23388e+06 739139 237563 143863 151433 190903 269834 294377 390883 686250 627366 822069 1.22714e+06 1.39498e+06
mphobs
 0 0 0 0 0 112323 0 153150 637223 0 255016 313432 73983 77613 109348 50772 0 0 0 0 0 0 0 0 0
mphpred
 178387 97836.3 108347 104753 122528 209093 297045 367717 316434 339413 356449 251271 158116 82173.7 35108.6 28100.9 31488 41443.8 51884.3 58846.3 88553.5 109043 134452 188906 248496
desembarqueobs
 350755 77701 442110 56441 14545 235359 269955 359681 431902 328805 639364 411747 362871 311530 167758 66681 60226 58785 57116 73181 50977 67692 138656 160484 209506
desembarquepred
 350761 77699.3 442088 56444.1 14545.3 235437 270019 359672 431943 328811 639306 411775 362928 311616 167582 66676.1 60252.3 58777.9 57100.3 73177.3 50979.6 67682.4 138660 160498 209511
Reclutas
 36161.4 43892.3 22522 33950.1 60865.5 42588.7 77612.8 75488.8 98869.1 116865 66763.2 46073.1 45898.2 24866.1 14466.3 13297.8 10080 11580.3 12451 19906.9 26077.5 32970.6 52536.5 63167.4 27444.8
log_desv_Rt
 0.0408105 0.234558 -0.432688 -0.0222886 0.561486 0.204409 0.804552 0.776803 1.04662 1.21383 0.653971 0.283049 0.279245 -0.333675 -0.875361 -0.959583 -1.23663 -1.09788 -1.02538 -0.556117 -0.286106 -0.0515657 0.414327 0.598607 -0.235003
SSB
 445916 244563 270836 261852 306285 522674 742528 919186 790994 848436 891021 628107 395244 205411 87761.5 70244.3 78711 103598 129696 147099 221358 272576 336090 472211 621168
BT
 1.53615e+06 373487 649508 479044 625530 736666 1.78333e+06 1.63482e+06 1.70686e+06 1.65363e+06 1.53241e+06 1.06998e+06 786836 430197 227372 144493 161890 205363 212839 287716 441642 404244 555835 830174 928862
Ftot
 0.976816 0.895803 1.5519 0.332326 0.0574563 0.539325 0.341795 0.673608 0.761665 0.561404 1.03822 0.911015 1.45409 2.87078 3.30288 1.40196 1.03025 0.706285 0.569198 0.599531 0.27708 0.338435 0.409973 0.408704 0.397335
BD_Bspro_t
 0.909659 0.636994 0.557003 0.374947 0.539179 0.718654 0.664286 0.682217 0.614896 0.586635 0.567741 0.409865 0.306874 0.207648 0.112449 0.11136 0.166087 0.271465 0.372953 0.461755 0.590797 0.699736 0.707219 0.713077 0.714593
BD_Bspro
 0.62543 0.343017 0.379866 0.367267 0.429587 0.733088 1.04145 1.28923 1.10943 1.18999 1.24972 0.880965 0.554359 0.288104 0.123092 0.0985227 0.110398 0.145303 0.181908 0.206317 0.310471 0.382308 0.471391 0.662311 0.871233
BD_Bo
 0.507811 0.278509 0.308429 0.298199 0.348799 0.595223 0.845595 1.04677 0.900787 0.966203 1.0147 0.715291 0.450106 0.233923 0.0999432 0.0799945 0.0896365 0.117977 0.147698 0.167517 0.252084 0.310411 0.382741 0.537757 0.707389
BD_Brms
 0.923293 0.50638 0.56078 0.54218 0.63418 1.08222 1.53745 1.90322 1.6378 1.75673 1.84491 1.30053 0.818375 0.425314 0.181715 0.145445 0.162975 0.214504 0.268542 0.304576 0.458334 0.564384 0.695893 0.977739 1.28616
S_f
 0.104297 0.688704 0.976763 0.998749 0.999934
 0.104297 0.688704 0.976763 0.998749 0.999934
 0.104297 0.688704 0.976763 0.998749 0.999934
 0.104297 0.688704 0.976763 0.998749 0.999934
 0.104297 0.688704 0.976763 0.998749 0.999934
 0.104297 0.688704 0.976763 0.998749 0.999934
 0.104297 0.688704 0.976763 0.998749 0.999934
 0.104297 0.688704 0.976763 0.998749 0.999934
 0.104297 0.688704 0.976763 0.998749 0.999934
 0.104297 0.688704 0.976763 0.998749 0.999934
 0.104297 0.688704 0.976763 0.998749 0.999934
 0.104297 0.688704 0.976763 0.998749 0.999934
 0.104297 0.688704 0.976763 0.998749 0.999934
 0.104297 0.688704 0.976763 0.998749 0.999934
 0.104297 0.688704 0.976763 0.998749 0.999934
 0.104297 0.688704 0.976763 0.998749 0.999934
 0.104297 0.688704 0.976763 0.998749 0.999934
 0.104297 0.688704 0.976763 0.998749 0.999934
 0.104297 0.688704 0.976763 0.998749 0.999934
 0.104297 0.688704 0.976763 0.998749 0.999934
 0.104297 0.688704 0.976763 0.998749 0.999934
 0.104297 0.688704 0.976763 0.998749 0.999934
 0.104297 0.688704 0.976763 0.998749 0.999934
 0.104297 0.688704 0.976763 0.998749 0.999934
 0.104297 0.688704 0.976763 0.998749 0.999934
Scru_reclas
 0.74016 1 1 1 1
 0.74016 1 1 1 1
 0.74016 1 1 1 1
 0.74016 1 1 1 1
 0.74016 1 1 1 1
 0.74016 1 1 1 1
 0.74016 1 1 1 1
 0.74016 1 1 1 1
 0.74016 1 1 1 1
 0.74016 1 1 1 1
 0.74016 1 1 1 1
 0.74016 1 1 1 1
 0.74016 1 1 1 1
 0.74016 1 1 1 1
 0.74016 1 1 1 1
 0.74016 1 1 1 1
 0.74016 1 1 1 1
 0.74016 1 1 1 1
 0.74016 1 1 1 1
 0.74016 1 1 1 1
 0.74016 1 1 1 1
 0.74016 1 1 1 1
 0.74016 1 1 1 1
 0.74016 1 1 1 1
 0.74016 1 1 1 1
Scru_pelaces
 0.730227 1 1 1 1
 0.730227 1 1 1 1
 0.730227 1 1 1 1
 0.730227 1 1 1 1
 0.730227 1 1 1 1
 0.730227 1 1 1 1
 0.730227 1 1 1 1
 0.730227 1 1 1 1
 0.730227 1 1 1 1
 0.730227 1 1 1 1
 0.730227 1 1 1 1
 0.730227 1 1 1 1
 0.730227 1 1 1 1
 0.730227 1 1 1 1
 0.730227 1 1 1 1
 0.730227 1 1 1 1
 0.730227 1 1 1 1
 0.730227 1 1 1 1
 0.730227 1 1 1 1
 0.730227 1 1 1 1
 0.730227 1 1 1 1
 0.730227 1 1 1 1
 0.730227 1 1 1 1
 0.730227 1 1 1 1
 0.730227 1 1 1 1
pf_obs 
 0.256992 0.487395 0.22802 0.0275931 0
 0.321318 0.546541 0.124235 0.00734118 0.000564706
 0.182869 0.594174 0.210203 0.0122559 0.00049798
 0.330522 0.361315 0.267642 0.0388342 0.00168674
 0.649043 0.306663 0.0425973 0.00169635 0
 0.582887 0.30429 0.105238 0.00758474 0
 0.465427 0.430635 0.0974691 0.00646863 0
 0.296916 0.608066 0.0921331 0.00288517 0
 0.311714 0.524322 0.152257 0.0117073 0
 0.15457 0.633149 0.183074 0.0267441 0.00246327
 0.131901 0.49318 0.331252 0.0422183 0.00144891
 0.196976 0.569456 0.194076 0.0375587 0.00193317
 0.518974 0.381816 0.0799577 0.0180837 0.00116848
 0.0928022 0.601141 0.25162 0.0475244 0.00691264
 0.122501 0.610282 0.24278 0.0234846 0.000952079
 0.383417 0.481906 0.127806 0.00687128 0
 0.0376549 0.599619 0.316969 0.0457579 0
 0.0361596 0.667082 0.258105 0.0386534 0
 0.158088 0.579412 0.248529 0.0139706 0
 0.0477256 0.309471 0.559284 0.082774 0.000745712
 0.0406174 0.521527 0.379366 0.0568643 0.0016247
 0.151134 0.462217 0.34131 0.0453401 0
 0.294876 0.26143 0.354403 0.0886775 0.000613685
 0.281977 0.475581 0.204845 0.0348837 0.00271318
 0.0841818 0.532909 0.334909 0.0458182 0.00218182
pf_pred 
 0.303773 0.475785 0.196888 0.0235413 1.29456e-05
 0.284809 0.559567 0.121832 0.0302927 0.00349915
 0.157761 0.642498 0.171028 0.0226435 0.00606925
 0.272989 0.464494 0.225217 0.0321402 0.00516
 0.283811 0.494063 0.160512 0.0530496 0.00856422
 0.144427 0.58846 0.202716 0.0468197 0.0175773
 0.251461 0.392423 0.274896 0.0620639 0.0191564
 0.200536 0.552835 0.153116 0.072612 0.0209008
 0.249299 0.483053 0.208929 0.0368797 0.0218396
 0.242029 0.539581 0.162319 0.0440772 0.0119939
 0.14065 0.593949 0.210487 0.0411198 0.0137944
 0.14493 0.495928 0.2843 0.0598009 0.0150422
 0.2192 0.468366 0.217546 0.0756506 0.019238
 0.212325 0.607532 0.132869 0.0333491 0.0139243
 0.282607 0.607005 0.0991379 0.00844776 0.00280177
 0.328618 0.599393 0.0676884 0.0038919 0.000408337
 0.218005 0.636708 0.136296 0.00847444 0.000516159
 0.241035 0.519618 0.210776 0.0268615 0.00170936
 0.220075 0.541503 0.18466 0.0475172 0.00624465
 0.282657 0.471052 0.191733 0.0425307 0.0120275
 0.248715 0.545219 0.154133 0.0406912 0.0112418
 0.221552 0.512597 0.21136 0.0410143 0.013477
 0.262068 0.469749 0.198627 0.0555919 0.0139648
 0.227305 0.536114 0.171427 0.04859 0.0165642
 0.0899668 0.588917 0.248207 0.0532194 0.0196893
pobs_RECLAS
 0 0 0 0 0
 0 0 0 0 0
 0 0 0 0 0
 0 0 0 0 0
 0.835266 0.146461 0.0176864 0.000547809 3.91292e-05
 0.385257 0.428462 0.181853 0.0044286 0
 0.867414 0.0963971 0.0333333 0.00285562 0
 0.441836 0.489002 0.0689373 0.000224442 0
 0.779404 0.147425 0.0564933 0.0165055 0.000172143
 0.814271 0.122319 0.05973 0.00367925 0
 0.40263 0.566651 0.0304383 0.000280538 0
 0.475488 0.404961 0.113038 0.00651328 0
 0.955842 0.0263864 0.0167828 0.000988607 0
 0.975058 0.0227948 0.00214734 0 0
 0.738997 0.206755 0.0527124 0.00153531 0
 0.850938 0.134255 0.0134407 0.00136685 0
 0.542534 0.407297 0.0501686 0 0
 0.764087 0.199537 0.0359546 0.000420521 0
 0.470689 0.182191 0.310203 0.0369168 0
 0.84361 0.089868 0.0606195 0.00523954 0.000663233
 0.607945 0.314616 0.071237 0.00620181 0
 0.523733 0.453247 0.0230204 0 0
 0.530135 0.295979 0.169645 0.0042399 0
 0.562478 0.366248 0.0663022 0.0049721 0
 0.250443 0.683176 0.0655157 0.000865301 0
ppred_RECLAS
 0.714008 0.217506 0.0613301 0.00715123 3.92727e-06
 0.686359 0.263725 0.0392872 0.00952962 0.00109933
 0.523341 0.396022 0.0693253 0.00892379 0.0023883
 0.676159 0.232282 0.0788042 0.0109917 0.00176252
 0.681508 0.24225 0.0554358 0.0179169 0.00288903
 0.483211 0.393403 0.0941738 0.0212465 0.0079665
 0.660584 0.208043 0.101943 0.0224949 0.00693473
 0.58351 0.319009 0.0610725 0.0282784 0.00812934
 0.654761 0.250267 0.0745348 0.0128419 0.007595
 0.637258 0.283542 0.0592231 0.0157081 0.00426899
 0.484346 0.396084 0.0953302 0.0181564 0.00608264
 0.500545 0.334629 0.131154 0.0269113 0.00676023
 0.634594 0.254111 0.0781456 0.026436 0.00671282
 0.649754 0.298835 0.0382988 0.0092556 0.00385667
 0.736021 0.239681 0.0219146 0.00179121 0.000592743
 0.729556 0.250488 0.0187939 0.00105154 0.000110166
 0.604775 0.342246 0.0497778 0.00301754 0.000183543
 0.640217 0.273175 0.0764873 0.00951637 0.000604808
 0.609725 0.29929 0.0708431 0.0178053 0.00233702
 0.688903 0.228647 0.0645231 0.0139783 0.00394801
 0.640802 0.284322 0.0563286 0.0145363 0.0040111
 0.611384 0.285512 0.0823577 0.0156198 0.00512631
 0.665165 0.239832 0.0707864 0.0193599 0.00485728
 0.617404 0.292934 0.0653855 0.0181104 0.00616622
 0.35504 0.467781 0.137673 0.0288469 0.0106592
pobs_PELACES
 0 0 0 0 0
 0 0 0 0 0
 0 0 0 0 0
 0 0 0 0 0
 0 0 0 0 0
 0 0 0 0 0
 0 0 0 0 0
 0 0 0 0 0
 0 0 0 0 0
 0 0 0 0 0
 0.450072 0.473896 0.0757376 0.000293798 0
 0 0 0 0 0
 0.463077 0.371075 0.160297 0.00555027 0
 0.529543 0.364841 0.0842815 0.0213345 0
 0.631943 0.363953 0.00410389 0 0
 0.735681 0.248677 0.0153453 0.000297389 0
 0.695825 0.281241 0.0229344 0 0
 0.275771 0.60734 0.115278 0.00161068 0
 0 0 0 0 0
 0.896147 0.0623911 0.0374545 0.00400742 0
 0.803859 0.145111 0.0509908 3.86294e-05 0
 0.739449 0.233085 0.0266225 0.000797448 4.60066e-05
 0.878498 0.100942 0.0204185 0.000141795 0
 0.694673 0.275183 0.0284847 0.00165964 0
 0.469039 0.446079 0.0841089 0.000773354 0
ppred_PELACES
 0.752396 0.192428 0.0494475 0.00572496 3.1428e-06
 0.722257 0.236663 0.0323779 0.00780279 0.000899805
 0.59939 0.340825 0.0514797 0.00655245 0.00175259
 0.68905 0.225036 0.0739716 0.0102927 0.00165024
 0.68127 0.242755 0.0552487 0.0178489 0.00287801
 0.508883 0.378456 0.0860681 0.0193419 0.00725085
 0.675017 0.201735 0.095692 0.0210632 0.00649249
 0.61506 0.29931 0.053747 0.0247652 0.0071175
 0.688503 0.230304 0.0637986 0.0109316 0.00646324
 0.661474 0.267708 0.0530101 0.014003 0.00380477
 0.536546 0.36404 0.0793834 0.0150058 0.00502509
 0.547988 0.311499 0.111961 0.0228216 0.00573084
 0.702636 0.215445 0.0577015 0.0193151 0.00490184
 0.767526 0.205683 0.0200648 0.00474908 0.00197665
 0.842126 0.147012 0.00981968 0.000783616 0.000258978
 0.778772 0.206816 0.0135811 0.000752187 7.87612e-05
 0.650951 0.306105 0.0403678 0.00242888 0.000147678
 0.671482 0.253431 0.0663515 0.00821311 0.000521835
 0.63529 0.28322 0.0635084 0.0158961 0.00208596
 0.713439 0.213805 0.0569923 0.0122932 0.00347127
 0.651198 0.277626 0.0535723 0.0137972 0.00380674
 0.625617 0.277421 0.0774904 0.0146607 0.00481088
 0.682019 0.230305 0.0653765 0.0178272 0.00447202
 0.634833 0.282161 0.0605809 0.01673 0.00569529
 0.37205 0.460209 0.130424 0.0272494 0.0100674
pobs_pel_tallas
 0 0 0 0 0 0 0 0 0 0 0 0 0 0 0 0 0 0 0 0 0 0 0 0 0 0 0 0 0 0 0 0 0 0 0 0
 0 0 0 0 0 0 0 0 0 0 0 0 0 0 0 0 0 0 0 0 0 0 0 0 0 0 0 0 0 0 0 0 0 0 0 0
 0 0 0 0 0 0 0 0 0 0 0 0 0 0 0 0 0 0 0 0 0 0 0 0 0 0 0 0 0 0 0 0 0 0 0 0
 0 0 0 0 0 0 0 0 0 0 0 0 0 0 0 0 0 0 0 0 0 0 0 0 0 0 0 0 0 0 0 0 0 0 0 0
 0 0 0 0 0 0 0 0 0 0 0 0 0 0 0 0 0 0 0 0 0 0 0 0 0 0 0 0 0 0 0 0 0 0 0 0
 0 0 0 0 0 0 0 0 0 0 0 0 0 0 0 0 0 0 0 0 0 0 0 0 0 0 0 0 0 0 0 0 0 0 0 0
 0 0 0 0 0 0 0 0 0 0 0 0 0 0 0 0 0 0 0 0 0 0 0 0 0 0 0 0 0 0 0 0 0 0 0 0
 0 0 0 0 0 0 0 0 0 0 0 0 0 0 0 0 0 0 0 0 0 0 0 0 0 0 0 0 0 0 0 0 0 0 0 0
 0 0 0 0 0 0 0 0 0 0 0 0 0 0 0 0 0 0 0 0 0 0 0 0 0 0 0 0 0 0 0 0 0 0 0 0
 0 0 0 0 0 0 0 0 0 0 0 0 0 0 0 0 0 0 0 0 0 0 0 0 0 0 0 0 0 0 0 0 0 0 0 0
 0 0 0 0 0 0 0 0 1.78061e-05 0.00172719 0.00360574 0.0105946 0.0120993 0.0124554 0.0147524 0.0171206 0.0266825 0.0428682 0.0675386 0.121331 0.153587 0.119568 0.100827 0.0573624 0.0630603 0.0341343 0.0324427 0.0444173 0.0211091 0.0280891 0.0125444 0.00206551 0 0 0 0
 0 0 0 0 0 0 0 0 0 0 0 0 0 0 0 0 0 0 0 0 0 0 0 0 0 0 0 0 0 0 0 0 0 0 0 0
 0 0 0 0 0 0 0.0133647 0.0140871 0.0187388 0.0205184 0.03894 0.0496705 0.03968 0.0493445 0.0407372 0.0367815 0.0215668 0.0243155 0.0234873 0.0199281 0.019796 0.0243948 0.0301388 0.0376714 0.0412746 0.0863199 0.0771752 0.113111 0.0741005 0.0525337 0.0229764 0.00759418 0.00175318 0 0 0
 0 0 0 0 0 0 0 0 0 0 0.00219441 0.00772107 0.0458388 0.0604681 0.0671733 0.0775358 0.0609151 0.0617685 0.073594 0.0568108 0.0755445 0.0548602 0.0670107 0.0636378 0.0643287 0.046367 0.0373049 0.0286899 0.0247887 0.0153202 0.00654259 0.00121912 0.000365735 0 0 0
 0 0 0 0 0 0 0 0 0 0 0 0 0.000112435 0.00938835 0.0111873 0.0202946 0.0414886 0.0713402 0.111592 0.104902 0.108894 0.110636 0.117776 0.105296 0.107544 0.0401394 0.0192827 0.0124803 0.00416011 0.0028671 0.000618394 0 0 0 0 0
 0 0 0 0 0 0 0 0 0 0 0.00291406 0.0102884 0.027416 0.0768956 0.0749926 0.110853 0.0956884 0.0897413 0.0766577 0.0534642 0.0500743 0.0551293 0.0594112 0.0620874 0.0668451 0.0424026 0.0208742 0.0120726 0.0048766 0.00582813 0.00118941 0.000297354 0 0 0 0
 0 0.00264628 0.0354308 0.0461629 0.0458689 0.0383711 0.0214643 0.0164657 0.0346957 0.0420465 0.0363128 0.0245516 0.0311673 0.0291091 0.0169068 0.0133784 0.00837989 0.0085269 0.0148486 0.0160247 0.0276389 0.0546898 0.0760071 0.122758 0.109233 0.0665981 0.0333725 0.0166128 0.00676272 0.00308733 0.000882094 0 0 0 0 0
 0 0 0 0 0 0 0 0.000805153 0.000690131 0.00759144 0.0133425 0.0154129 0.00931677 0.000345066 0.00356568 0.00563607 0.00851162 0.0253048 0.0502646 0.0516448 0.0657925 0.0565908 0.0611916 0.0827007 0.0866115 0.110766 0.145733 0.0935128 0.0569358 0.0249597 0.0138026 0.00621118 0.00161031 0.00115022 0 0
 0 0 0 0 0 0 0 0 0 0 0 0 0 0 0 0 0 0 0 0 0 0 0 0 0 0 0 0 0 0 0 0 0 0 0 0
 0.00147267 0.00158595 0.00478618 0.00569244 0.00954404 0.0108468 0.00647125 0.017049 0.0510054 0.094081 0.124002 0.0959785 0.0687766 0.0820023 0.061753 0.0591476 0.0492212 0.0479892 0.0443925 0.0268479 0.0217502 0.0140895 0.0121071 0.0120363 0.00920419 0.00665534 0.0049561 0.00860946 0.00930331 0.0156896 0.0114698 0.00855282 0.00243557 0.00046729 0 2.83206e-05
 0 0 0 0 0.000772559 0.00158375 0.000888443 0.00281984 0.00712685 0.0440552 0.0773331 0.111326 0.0921469 0.0852325 0.0710754 0.0886704 0.0786465 0.0553345 0.0373146 0.0185414 0.00753245 0.00457741 0.012979 0.0271748 0.0457355 0.0583668 0.034881 0.0177882 0.00938659 0.00492506 0.0015258 0.00185414 0.000309023 5.79419e-05 3.86279e-05 0
 0 0.00173294 0.00326652 0 0.00397197 0.00683976 0.00946217 0.0152591 0.00757587 0.0136028 0.0228656 0.0392903 0.0559909 0.0764795 0.0681675 0.0726916 0.0566044 0.0477403 0.0527397 0.0444891 0.0609904 0.0582453 0.0661739 0.0445044 0.0529084 0.0360697 0.0280645 0.0235558 0.0158879 0.00826598 0.00280645 0.00217768 0.000904811 0.00058276 9.20147e-05 0
 0 0 0 0 0 0 0 0 0 0 0 0 0 0 0 0 0 0 0 0 0 0 0 0 0 0 0 0 0 0 0 0 0 0 0 0
 0 0 0 0 0 0 0 0 0 0 0 0 0 0 0 0 0 0 0 0 0 0 0 0 0 0 0 0 0 0 0 0 0 0 0 0
 0 0 0 0 0 0 0 0 0 0 0 0 0 0 0 0 0 0 0 0 0 0 0 0 0 0 0 0 0 0 0 0 0 0 0 0
ppred_pel_tallas
 1.00962e-16 3.28286e-05 0.000192676 0.000915891 0.00352623 0.0109962 0.0277756 0.0568326 0.0942069 0.126519 0.137682 0.121456 0.0869643 0.0507978 0.0247366 0.0110384 0.00612775 0.00578923 0.00743183 0.00989939 0.0126881 0.0154618 0.0178991 0.0197013 0.0206474 0.0206429 0.0197387 0.0181105 0.0160106 0.0137059 0.0114248 0.00932603 0.00749251 0.00594516 0.00466563 0.00361836
 1.00847e-16 3.15161e-05 0.000184966 0.000879231 0.00338506 0.010556 0.0266636 0.0545579 0.0904377 0.121462 0.13219 0.116639 0.0835773 0.0489435 0.0240646 0.0111292 0.00672469 0.00681661 0.00891398 0.0118805 0.0151806 0.018418 0.0212009 0.0231668 0.0240552 0.0237668 0.0223862 0.0201544 0.0174046 0.0144836 0.0116824 0.00919603 0.00711615 0.00544981 0.00415067 0.00315008
 1.01149e-16 2.61628e-05 0.000153528 0.000729749 0.00280948 0.00876102 0.0221299 0.0452823 0.0750664 0.10083 0.109772 0.0969412 0.0696436 0.0411486 0.0209115 0.0108136 0.00808687 0.00942805 0.0127733 0.0171211 0.0218955 0.026572 0.0305941 0.03344 0.0347325 0.034327 0.0323429 0.0291252 0.0251532 0.0209261 0.0168644 0.0132515 0.0102228 0.00779204 0.00589558 0.00443677
 1.01555e-16 3.00677e-05 0.000176464 0.000838812 0.00322944 0.0100707 0.0254378 0.0520497 0.0862802 0.115878 0.126115 0.111282 0.0797443 0.0467115 0.0229922 0.0106785 0.0065209 0.00667879 0.00878598 0.0117699 0.0151308 0.0184993 0.0215047 0.0237962 0.0251095 0.0253236 0.0244832 0.0227769 0.0204822 0.017896 0.0152747 0.0127997 0.0105709 0.00862178 0.00694501 0.00551547
 1.01612e-16 2.97291e-05 0.000174475 0.000829351 0.00319301 0.00995707 0.0251509 0.0514627 0.0853077 0.114574 0.1247 0.110043 0.0788796 0.0462507 0.0228501 0.0107535 0.00675501 0.00706054 0.00932766 0.0124842 0.0160146 0.0195249 0.0226169 0.0249174 0.0261503 0.0261989 0.0251281 0.023159 0.0206064 0.0178011 0.0150236 0.0124651 0.0102215 0.00831212 0.00670941 0.0053678
 1.02349e-16 2.22179e-05 0.000130364 0.000619617 0.00238543 0.00743863 0.0187897 0.0384483 0.0637403 0.0856256 0.0932412 0.0823965 0.0593117 0.0352801 0.0183659 0.0102104 0.00850855 0.0104909 0.0144163 0.0194082 0.024907 0.0303551 0.0351414 0.038685 0.0405564 0.0405746 0.0388436 0.0357118 0.0316745 0.0272525 0.0228874 0.0188807 0.0153839 0.012427 0.00996528 0.00792402
 1.02452e-16 2.94549e-05 0.000172869 0.000821723 0.00316365 0.00986552 0.0249196 0.0509892 0.0845218 0.113515 0.12354 0.109001 0.0780918 0.0457075 0.0224318 0.0103094 0.00615397 0.00620401 0.00814943 0.0109565 0.014162 0.0174372 0.0204526 0.0228912 0.0245052 0.0251657 0.0248839 0.0237939 0.0221075 0.0200574 0.0178483 0.0156302 0.013494 0.0114851 0.00962315 0.00791852
 1.02045e-16 2.68444e-05 0.000157534 0.000748799 0.00288284 0.00898981 0.0227077 0.0464643 0.0770245 0.103456 0.112619 0.0994279 0.0713704 0.042049 0.0211484 0.0105786 0.00748042 0.00845293 0.011383 0.0152699 0.019576 0.0238379 0.0275702 0.0303161 0.0317413 0.0317096 0.0303108 0.0278271 0.024655 0.0212074 0.0178308 0.014757 0.0120959 0.00986047 0.00800477 0.00646176
 1.01659e-16 3.00441e-05 0.000176325 0.000838149 0.00322689 0.0100627 0.0254177 0.0520086 0.0862122 0.115787 0.126017 0.111198 0.0796896 0.0466904 0.023002 0.0107163 0.00658765 0.00677871 0.00892352 0.0119464 0.0153417 0.0187323 0.02174 0.0240083 0.0252718 0.0254133 0.024487 0.0226943 0.0203261 0.0176907 0.0150512 0.0125896 0.0104011 0.00851051 0.00689972 0.00553356
 1.01499e-16 2.88669e-05 0.000169411 0.000805271 0.00310029 0.00966791 0.0244205 0.0499685 0.0828318 0.111251 0.121091 0.106877 0.0766487 0.045021 0.0223881 0.0107792 0.00709433 0.00765837 0.0101959 0.0136508 0.0174916 0.0212907 0.0246099 0.0270381 0.0282744 0.0281957 0.0268819 0.0245869 0.0216682 0.0185006 0.0154002 0.0125815 0.0101498 0.00812166 0.00645908 0.00510206
 1.01996e-16 2.34235e-05 0.000137444 0.000653276 0.00251503 0.0078428 0.0198105 0.0405369 0.0672018 0.0902723 0.0982924 0.0868395 0.0624648 0.0370648 0.0191283 0.0103689 0.00833939 0.0101069 0.0138324 0.0186033 0.0238585 0.0290548 0.0336025 0.0369424 0.0386625 0.0385916 0.0368343 0.0337316 0.0297666 0.0254469 0.0212031 0.0173293 0.0139728 0.0111615 0.00884906 0.00695853
 1.02743e-16 2.39203e-05 0.000140366 0.000667177 0.00256857 0.00800976 0.0202322 0.0413994 0.0686299 0.0921855 0.100362 0.0886369 0.0636894 0.0376548 0.0191828 0.0100013 0.00759065 0.00894555 0.012197 0.016449 0.0211943 0.0259683 0.0302683 0.0336099 0.0356239 0.036135 0.0351937 0.0330462 0.0300601 0.0266301 0.0230981 0.0197063 0.0165903 0.0138003 0.0113352 0.00917355
 1.01783e-16 3.06597e-05 0.000179941 0.000855342 0.00329309 0.0102692 0.0259392 0.0530754 0.0879801 0.11816 0.128594 0.113461 0.0812868 0.0475767 0.0233463 0.0107217 0.00638216 0.00640531 0.00837638 0.0112059 0.0143961 0.0175896 0.0204327 0.022593 0.0238227 0.0240118 0.0232094 0.0216009 0.0194544 0.0170529 0.0146374 0.012373 0.0103448 0.00857406 0.00704404 0.00572414
 1.00608e-16 3.34887e-05 0.000196551 0.00093431 0.00359714 0.0112173 0.0283342 0.0579757 0.0961018 0.129064 0.140453 0.123904 0.0887238 0.051839 0.0252678 0.0113143 0.00633056 0.00601357 0.00771325 0.0102387 0.0130603 0.0158178 0.0181673 0.0197949 0.0204771 0.020133 0.0188429 0.016824 0.0143739 0.0118001 0.00935948 0.00722215 0.00546531 0.00408969 0.00304773 0.00227181
 1.00227e-16 3.67392e-05 0.000215639 0.00102507 0.00394662 0.0123072 0.0310869 0.0636076 0.105435 0.141592 0.154067 0.135868 0.0971921 0.0565874 0.0272099 0.011552 0.00557621 0.00453624 0.00552202 0.0072581 0.00923394 0.0111597 0.0127832 0.0138794 0.0142902 0.013961 0.0129541 0.0114307 0.00960993 0.00771772 0.0059424 0.00440841 0.00317125 0.00222933 0.00154454 0.00106301
 1.0029e-16 3.39792e-05 0.00019943 0.000947998 0.00364984 0.0113817 0.0287493 0.058825 0.0975097 0.130955 0.14251 0.125716 0.0900178 0.0525872 0.0256177 0.011445 0.00636576 0.00601129 0.00769031 0.0101926 0.0129797 0.0156863 0.0179652 0.019501 0.0200714 0.0195998 0.0181743 0.0160222 0.0134524 0.0107833 0.00828061 0.0061197 0.00437895 0.00305615 0.00209742 0.00142659
 1.00764e-16 2.84096e-05 0.000166723 0.000792483 0.00305103 0.00951431 0.0240326 0.0491751 0.0815177 0.10949 0.119183 0.105216 0.0755067 0.0444492 0.0222867 0.0110325 0.00765099 0.00853333 0.0114347 0.015291 0.0195329 0.0236754 0.0272153 0.0296842 0.0307454 0.0302731 0.028381 0.0253868 0.0217293 0.0178647 0.0141769 0.010924 0.00822813 0.00609882 0.00447354 0.00325829
 1.01332e-16 2.93028e-05 0.000171971 0.000817445 0.00314716 0.0098141 0.0247897 0.0507239 0.0840835 0.112931 0.122915 0.108477 0.0777751 0.04564 0.0226171 0.010759 0.00691252 0.00734293 0.00974211 0.0130476 0.0167381 0.0204048 0.0236309 0.0260236 0.0272918 0.0273101 0.0261439 0.0240233 0.0212785 0.0182593 0.0152651 0.012504 0.010085 0.00803619 0.00633449 0.00493458
 1.01638e-16 2.77259e-05 0.00016271 0.000773412 0.00297761 0.00928536 0.0234542 0.0479916 0.0795555 0.106853 0.116311 0.102673 0.073668 0.043339 0.0216794 0.010651 0.0072894 0.00807459 0.0108238 0.0145145 0.0186143 0.0226786 0.026245 0.0288777 0.0302551 0.0302426 0.0289187 0.0265456 0.0234957 0.0201607 0.0168729 0.0138597 0.0112357 0.00902376 0.00719039 0.00567889
 1.01464e-16 3.11307e-05 0.000182706 0.000868488 0.00334371 0.010427 0.0263379 0.0538912 0.0893321 0.119975 0.130569 0.115199 0.0825254 0.0482874 0.0236684 0.0108243 0.00638027 0.00635096 0.00828283 0.0110699 0.0142091 0.0173422 0.0201164 0.0222009 0.0233497 0.0234554 0.0225695 0.020881 0.0186619 0.0161999 0.0137406 0.0114536 0.00942722 0.00768365 0.00620499 0.00495709
 1.01503e-16 2.84193e-05 0.000166782 0.00079277 0.00305215 0.00951779 0.0240413 0.0491928 0.0815463 0.109526 0.119217 0.10523 0.0754854 0.0443729 0.0221311 0.0107639 0.00722568 0.00790251 0.0105544 0.0141357 0.0181103 0.0220377 0.0254641 0.0279634 0.0292242 0.0291195 0.0277339 0.0253322 0.0222873 0.0189891 0.0157669 0.0128438 0.0103288 0.00823843 0.00653196 0.00514554
 1.01919e-16 2.73039e-05 0.000160233 0.000761637 0.00293228 0.00914398 0.0230971 0.0472609 0.0783442 0.105227 0.11454 0.10111 0.0725473 0.042681 0.0213534 0.0104969 0.00719426 0.00798151 0.0107128 0.0143855 0.0184807 0.0225653 0.0261872 0.0289174 0.0304354 0.0305999 0.0294756 0.027305 0.0244386 0.0212483 0.0180521 0.0150705 0.0124195 0.0101305 0.0081827 0.00653455
 1.01825e-16 2.97613e-05 0.000174665 0.000830258 0.0031965 0.00996796 0.0251784 0.0515189 0.0854005 0.114697 0.124831 0.110153 0.0789445 0.0462609 0.0228036 0.0106463 0.00657575 0.00679228 0.00895355 0.0119946 0.015414 0.0188368 0.0218856 0.0242043 0.0255266 0.0257333 0.024875 0.0231487 0.0208401 0.0182524 0.0156442 0.0131945 0.0109972 0.00907799 0.00742165 0.00599728
 1.01793e-16 2.77059e-05 0.000162593 0.000772856 0.00297547 0.00927868 0.0234374 0.047957 0.0794982 0.106776 0.116227 0.102598 0.0736132 0.0433043 0.0216577 0.0106329 0.00726748 0.0080436 0.0107801 0.0144554 0.0185388 0.0225877 0.0261422 0.0287692 0.0301497 0.0301506 0.0288513 0.0265134 0.0235073 0.0202217 0.0169852 0.014021 0.0114398 0.00926119 0.0074491 0.00594587
 1.03409e-16 1.62547e-05 9.53477e-05 0.000453126 0.00174437 0.00543949 0.0137401 0.0281172 0.0466189 0.0626428 0.0682599 0.0604292 0.0437352 0.0264894 0.0146613 0.00953816 0.00952279 0.0126561 0.0176802 0.0238915 0.030726 0.0375362 0.043586 0.0481659 0.050744 0.051084 0.0492902 0.0457605 0.0410716 0.0358352 0.0305739 0.0256501 0.0212543 0.0174382 0.0141697 0.011383
pSPR Fmed_Fpbrs
0.50614   0.6 0.325
Fs Fmed_Fpbrs
0.666272   0.446795 1.5271
SSBpbr Bo_Bmed_Bpbrs
878114  400543  482962 241481
Ro
34715.3
SPR SPRFo_SPRFmed_SPRFpbrs
712976 360865 231717
log_Ro
10.2749
likeval ReclasPelacesDesembMPH_pf_preclas_ppelaces_ptallas_desvR_qrecl_qpela
 63.8796 14.9677 0.00862586 0.000201252 309.447 189.491 76.721 0 16.0696 7.45609e-06 8.05142e-05 1.42613e-14 0 0 0
q_reclas_q_pelaces
0.679135 3.58437
M
0.7
N
 36161.4 10846.7 3520.48 414.928 0.227999
 43892.3 16217.9 2748.7 673.33 77.7158
 22522 19852.1 4345.62 569.008 152.425
 33950.1 9512.77 3385.54 473.945 76.0125
 60865.5 16284.8 3757.53 1215.2 195.953
 42588.7 30044.4 7773.04 1764.1 661.671
 77612.8 19992.2 10290.7 2279.3 702.805
 75488.8 37191.7 7845.54 3659.72 1052.5
 98869.1 34943.4 11613.5 2017.76 1193.89
 116865 45347.6 10269.4 2740.67 745.081
 66763.2 54732.8 15297.9 2947.06 987.912
 46073.1 29751.2 13295.6 2755.55 692.581
 45898.2 20805.4 7888.84 2711.73 689.175
 24866.1 19585.1 3795.34 946.62 395.113
 14466.3 9153.1 1346.69 114.143 37.8459
 13297.8 5090.32 467.38 26.5565 2.78456
 10080 5705.2 962.524 59.0131 3.59169
 11580.3 4495.6 1393.53 174.731 11.1096
 12451 5342.22 1372.56 347.138 45.5786
 19906.9 5826.63 1792.54 390.904 110.446
 26077.5 9286.25 1914.66 495.609 136.779
 32970.6 12580.8 3810.3 725.349 238.102
 52536.5 15804.9 4948.55 1359.53 341.18
 63167.4 24996.8 5917.82 1646.49 560.732
 27444.8 30059 9367.75 1971.43 728.637
pred_Ctot
 2533.82 3968.61 1642.28 196.362 0.107982
 2830.82 5561.74 1210.93 301.09 34.7793
 2443.14 9949.93 2648.58 350.663 93.9903
 833.43 1418.09 687.583 98.1235 15.7534
 261.612 455.418 147.957 48.9001 7.89434
 1680.73 6848.02 2359.05 544.85 204.551
 1958.73 3056.74 2141.28 483.44 149.217
 3698.15 10195 2823.67 1339.06 385.437
 5454.81 10569.5 4571.49 806.951 477.865
 4795.94 10692.1 3216.43 873.413 237.666
 4958.38 20938.6 7420.34 1449.61 486.296
 3019.85 10333.5 5923.86 1246.05 313.429
 4685.65 10011.9 4650.31 1617.12 411.236
 4707.44 13469.5 2945.81 739.379 308.715
 3092.27 6641.82 1084.76 92.435 30.6569
 1311.94 2392.95 270.231 15.5376 1.6302
 743.142 2170.42 464.608 28.8878 1.75949
 593.947 1280.42 519.383 66.1909 4.21211
 517.881 1274.26 434.543 111.817 14.6949
 870.912 1451.39 590.76 131.044 37.0586
 535.101 1173.02 331.613 87.5457 24.1863
 824.03 1906.53 786.121 152.547 50.1257
 1585.39 2841.76 1201.6 336.305 84.4807
 1900.41 4482.24 1433.24 406.242 138.487
 803.134 5257.26 2215.75 475.09 175.766
F
 0.101879 0.672737 0.954118 0.975595 0.976752
 0.0934292 0.616943 0.874988 0.894683 0.895744
 0.161857 1.0688 1.51583 1.54995 1.55179
 0.0346604 0.228874 0.324604 0.33191 0.332304
 0.0059925 0.0395704 0.0561212 0.0573845 0.0574526
 0.0562497 0.371435 0.526793 0.538651 0.539289
 0.035648 0.235395 0.333852 0.341367 0.341772
 0.070255 0.463917 0.657956 0.672766 0.673564
 0.079439 0.524562 0.743966 0.760712 0.761615
 0.0585525 0.386641 0.548359 0.560702 0.561367
 0.108283 0.715029 1.0141 1.03693 1.03816
 0.0950157 0.62742 0.889846 0.909876 0.910955
 0.151657 1.00144 1.42031 1.45228 1.454
 0.299413 1.97712 2.80408 2.86719 2.87059
 0.344479 2.2747 3.22613 3.29875 3.30266
 0.14622 0.965537 1.36938 1.40021 1.40187
 0.107452 0.709539 1.00631 1.02896 1.03018
 0.073663 0.486421 0.689873 0.705401 0.706238
 0.0593654 0.392009 0.555972 0.568486 0.569161
 0.062529 0.412899 0.5856 0.598781 0.599491
 0.0288985 0.190826 0.270642 0.276734 0.277062
 0.0352976 0.233081 0.330571 0.338011 0.338412
 0.0427587 0.28235 0.400446 0.40946 0.409946
 0.0426264 0.281476 0.399207 0.408193 0.408677
 0.0414406 0.273646 0.388102 0.396838 0.397309
YTP_r0W_actual
 9075.41 106197 68466.5 18671 7100.96
YTP_p0W_proyectada
 7204.58 53491.1 90889.8 33772.8 10736.8
CTP_r0_actual
 803.134 5257.26 2215.75 475.09 175.766
CTP_p0_proyectada
 847.598 2535.13 2960.58 838.034 233.408
Wmedp
 8.5 21.1 30.7 40.3 46
nmprior
 10.6 11 7 0
nm_flota  nm_reclas  nm_pelaces    nm_pelaL
inf 18.9068 16.3205 37.7185
cv_recla  cv_pelaces  cv_mph
0.722946 0.438682 0.460266
 ------------------------------------------------
Talla a la edad & desviaci?n 
 7.2 14.2025 17.0495 18.207 18.6776
 1.08 2.13037 2.55742 2.73105 2.80164
