years
 1997 1998 1999 2000 2001 2002 2003 2004 2005 2006 2007 2008 2009 2010 2011 2012 2013 2014 2015 2016 2017 2018 2019 2020 2021
reclasobs
 0 0 0 370054 412103 1.49427e+06 250295 1.28982e+06 931140 785840 897777 1.04006e+06 184774 17550 25797 100020 73551 82996 120727 218422 84188 347160 605670 569463 516374
reclaspred
 3.44031e+06 591732 1.67484e+06 1.05178e+06 997351 1.06888e+06 1.76734e+06 919844 770857 567397 373993 265047 220008 202291 371475 614150 849654 1.28432e+06 1.35228e+06 1.4592e+06 1.50792e+06 1.10179e+06 1.37722e+06 1.10809e+06 1.1745e+06
pelacesobs
 0 0 0 0 0 0 0 0 0 2.06254e+06 1.5e+06 0 1.87456e+06 323000 250000 174000 83755 137374 0 501740 490994 745055 786931 1.00524e+06 0
pelacespred
 1.88606e+06 728043 676986 776772 631235 554731 852674 638933 424843 316961 155375 119963 99548.5 83812.8 184106 327257 478141 702638 806925 844907 924968 734790 689552 657904 667625
mphobs
 0 0 0 0 0 112323 0 153150 637223 0 255016 313432 73983 77613 109348 50772 0 0 0 0 0 0 0 0 0
mphpred
 2.54486e+06 1.22845e+06 945711 1.1609e+06 907880 955172 1.20663e+06 1.12319e+06 750548 570182 422431 246153 201439 172438 225604 462077 646960 990277 1.21408e+06 1.25925e+06 1.33959e+06 1.1587e+06 1.10152e+06 1.05068e+06 1.07744e+06
desembarqueobs
 350755 77701 442110 56441 14545 235359 269955 359681 431902 328805 639364 411747 362871 311530 167758 66681 60226 58785 57116 71774 51957 67425 138520 160799 200461
desembarquepred
 350796 77713.8 442313 56446.8 14545.1 235318 269797 358653 429660 326670 631981 410265 362454 312814 168154 66733.4 60262 58804.9 57131.5 71796.4 51965.2 67435.5 138544 160818 200475
Reclutas
 62852.4 62852.4 62852.4 62852.4 62852.4 62852.4 62852.4 62852.4 62852.4 62852.4 62852.4 62852.4 62852.4 62852.4 62852.4 62852.4 62852.4 62852.4 62852.4 62852.4 62852.4 62852.4 62852.4 62852.4 62852.4
log_desv_Rt
 0 0 0 0 0 0 0 0 0 0 0 0 0 0 0 0 0 0 0 0 0 0 0 0 0
SSB
 2.54486e+06 1.22845e+06 945711 1.1609e+06 907880 955172 1.20663e+06 1.12319e+06 750548 570182 422431 246153 201439 172438 225604 462077 646960 990277 1.21408e+06 1.25925e+06 1.33959e+06 1.1587e+06 1.10152e+06 1.05068e+06 1.07744e+06
BT
 4.60701e+06 1.50069e+06 1.9086e+06 1.63184e+06 1.30756e+06 1.26901e+06 2.12438e+06 1.76361e+06 1.38061e+06 1.03797e+06 966740 718765 627617 503475 645776 776883 1.12508e+06 1.54735e+06 1.65663e+06 1.76912e+06 1.95466e+06 1.4724e+06 1.4427e+06 1.46405e+06 1.52127e+06
Ftot
 0.0993409 0.127742 0.254789 0.0524363 0.0142793 0.212894 0.148306 0.373087 0.527133 0.544092 1.45554 1.36633 1.44856 1.37084 0.433453 0.105866 0.0692475 0.0447577 0.0413036 0.0480844 0.0337057 0.0597709 0.098008 0.141043 0.165612
BD_Bspro_t
 0.984928 0.899739 0.830511 0.732988 0.787443 0.835023 0.765745 0.728355 0.606241 0.489703 0.387227 0.2173 0.183577 0.172293 0.217459 0.388516 0.553268 0.730583 0.816594 0.861645 0.886519 0.904109 0.884949 0.846513 0.798368
BD_Bspro
 1.9646 0.94835 0.730077 0.896203 0.700872 0.737381 0.931504 0.867088 0.579414 0.440174 0.326111 0.190027 0.155508 0.13312 0.174163 0.356718 0.499445 0.764482 0.937253 0.972125 1.03415 0.894502 0.850362 0.811113 0.831769
BD_Bo
 1.86065 0.898172 0.691448 0.848784 0.663789 0.698366 0.882217 0.82121 0.548757 0.416884 0.308857 0.179973 0.14728 0.126077 0.164948 0.337843 0.473019 0.724032 0.887662 0.920689 0.979432 0.847173 0.805369 0.768197 0.78776
BD_Brms
 9.09021 4.38803 3.37807 4.14674 3.24294 3.41187 4.31008 4.01203 2.68095 2.03669 1.50892 0.879258 0.719538 0.615949 0.805856 1.65054 2.31094 3.53726 4.33668 4.49803 4.78502 4.13887 3.93463 3.75303 3.8486
S_f
 0.5 1 1 1 1
 0.5 1 1 1 1
 0.5 1 1 1 1
 0.5 1 1 1 1
 0.5 1 1 1 1
 0.5 1 1 1 1
 0.5 1 1 1 1
 0.5 1 1 1 1
 0.5 1 1 1 1
 0.5 1 1 1 1
 0.5 1 1 1 1
 0.5 1 1 1 1
 0.5 1 1 1 1
 0.5 1 1 1 1
 0.5 1 1 1 1
 0.5 1 1 1 1
 0.5 1 1 1 1
 0.5 1 1 1 1
 0.5 1 1 1 1
 0.5 1 1 1 1
 0.5 1 1 1 1
 0.5 1 1 1 1
 0.5 1 1 1 1
 0.5 1 1 1 1
 0.5 1 1 1 1
Scru_reclas
 0.5 1 1 1 1
 0.5 1 1 1 1
 0.5 1 1 1 1
 0.5 1 1 1 1
 0.5 1 1 1 1
 0.5 1 1 1 1
 0.5 1 1 1 1
 0.5 1 1 1 1
 0.5 1 1 1 1
 0.5 1 1 1 1
 0.5 1 1 1 1
 0.5 1 1 1 1
 0.5 1 1 1 1
 0.5 1 1 1 1
 0.5 1 1 1 1
 0.5 1 1 1 1
 0.5 1 1 1 1
 0.5 1 1 1 1
 0.5 1 1 1 1
 0.5 1 1 1 1
 0.5 1 1 1 1
 0.5 1 1 1 1
 0.5 1 1 1 1
 0.5 1 1 1 1
 0.5 1 1 1 1
Scru_pelaces
 0.5 1 1 1 1
 0.5 1 1 1 1
 0.5 1 1 1 1
 0.5 1 1 1 1
 0.5 1 1 1 1
 0.5 1 1 1 1
 0.5 1 1 1 1
 0.5 1 1 1 1
 0.5 1 1 1 1
 0.5 1 1 1 1
 0.5 1 1 1 1
 0.5 1 1 1 1
 0.5 1 1 1 1
 0.5 1 1 1 1
 0.5 1 1 1 1
 0.5 1 1 1 1
 0.5 1 1 1 1
 0.5 1 1 1 1
 0.5 1 1 1 1
 0.5 1 1 1 1
 0.5 1 1 1 1
 0.5 1 1 1 1
 0.5 1 1 1 1
 0.5 1 1 1 1
 0.5 1 1 1 1
pf_obs 
 0.256992 0.487395 0.22802 0.0275931 0
 0.321318 0.546541 0.124235 0.00734118 0.000564706
 0.182869 0.594174 0.210203 0.0122559 0.00049798
 0.330522 0.361315 0.267642 0.0388342 0.00168674
 0.649043 0.306663 0.0425973 0.00169635 0
 0.582887 0.30429 0.105238 0.00758474 0
 0.465427 0.430635 0.0974691 0.00646863 0
 0.296916 0.608066 0.0921331 0.00288517 0
 0.311714 0.524322 0.152257 0.0117073 0
 0.15457 0.633149 0.183074 0.0267441 0.00246327
 0.131901 0.49318 0.331252 0.0422183 0.00144891
 0.196976 0.569456 0.194076 0.0375587 0.00193317
 0.518974 0.381816 0.0799577 0.0180837 0.00116848
 0.0928022 0.601141 0.25162 0.0475244 0.00691264
 0.122501 0.610282 0.24278 0.0234846 0.000952079
 0.383417 0.481906 0.127806 0.00687128 0
 0.0376549 0.599619 0.316969 0.0457579 0
 0.0361596 0.667082 0.258105 0.0386534 0
 0.158088 0.579412 0.248529 0.0139706 0
 0.0477256 0.309471 0.559284 0.082774 0.000745712
 0.0406174 0.521527 0.379366 0.0568643 0.0016247
 0.151134 0.462217 0.34131 0.0453401 0
 0.294876 0.26143 0.354403 0.0886775 0.000613685
 0.281977 0.475581 0.204845 0.0348837 0.00271318
 0 0 0 0 0
pf_pred 
 0.301993 0.351387 0.174494 0.086651 0.0854755
 0.33874 0.311365 0.176143 0.0874699 0.0862832
 0.368574 0.325238 0.144173 0.0815605 0.0804541
 0.391754 0.33862 0.13888 0.0615636 0.0691821
 0.37007 0.356906 0.151997 0.0623394 0.058688
 0.364876 0.343736 0.165094 0.0703093 0.0559838
 0.388676 0.336073 0.148969 0.071549 0.0547332
 0.400678 0.341679 0.141638 0.0627831 0.0532216
 0.447219 0.33078 0.126565 0.0524655 0.0429706
 0.489291 0.333996 0.105744 0.0404604 0.030509
 0.542892 0.31646 0.0919813 0.0291215 0.0195447
 0.67885 0.25409 0.0464265 0.0134942 0.00713961
 0.691556 0.267493 0.0324 0.00592004 0.0026311
 0.700297 0.262862 0.0319503 0.00386997 0.00102138
 0.65767 0.300745 0.0364728 0.00443319 0.000678688
 0.510044 0.398559 0.0802952 0.00973777 0.00136481
 0.423674 0.393081 0.149061 0.0300305 0.00415238
 0.387047 0.367689 0.167282 0.0634353 0.014547
 0.368326 0.354482 0.166277 0.0756486 0.0352654
 0.359891 0.34645 0.164796 0.0773008 0.0515629
 0.356273 0.342882 0.162828 0.0774523 0.0605646
 0.353801 0.341014 0.162557 0.0771951 0.0654325
 0.358311 0.338082 0.16022 0.076375 0.0670114
 0.368174 0.337688 0.15497 0.0734419 0.0657256
 0.380335 0.339644 0.149661 0.0686818 0.0616781
pobs_RECLAS
 0 0 0 0 0
 0 0 0 0 0
 0 0 0 0 0
 0 0 0 0 0
 0.835266 0.146461 0.0176864 0.000547809 3.91292e-05
 0.385257 0.428462 0.181853 0.0044286 0
 0.867414 0.0963971 0.0333333 0.00285562 0
 0.441836 0.489002 0.0689373 0.000224442 0
 0.779404 0.147425 0.0564933 0.0165055 0.000172143
 0.814271 0.122319 0.05973 0.00367925 0
 0.40263 0.566651 0.0304383 0.000280538 0
 0.475488 0.404961 0.113038 0.00651328 0
 0.955842 0.0263864 0.0167828 0.000988607 0
 0.975058 0.0227948 0.00214734 0 0
 0.738997 0.206755 0.0527124 0.00153531 0
 0.850938 0.134255 0.0134407 0.00136685 0
 0.542534 0.407297 0.0501686 0 0
 0.764087 0.199537 0.0359546 0.000420521 0
 0.470689 0.182191 0.310203 0.0369168 0
 0.84361 0.089868 0.0606195 0.00523954 0.000663233
 0.607945 0.314616 0.071237 0.00620181 0
 0.523733 0.453247 0.0230204 0 0
 0.530135 0.295979 0.169645 0.0042399 0
 0.562478 0.366248 0.0663022 0.0049721 0
 0.250443 0.683176 0.0655157 0.000865301 0
ppred_RECLAS
 0.302662 0.35105 0.174326 0.0865679 0.0853935
 0.339679 0.310922 0.175892 0.0873456 0.0861606
 0.37075 0.324117 0.143677 0.0812795 0.0801769
 0.392135 0.338408 0.138793 0.061525 0.0691387
 0.370168 0.35685 0.151973 0.0623297 0.0586789
 0.366624 0.342791 0.16464 0.0701159 0.0558298
 0.389855 0.335425 0.148682 0.0714111 0.0546277
 0.404283 0.339624 0.140786 0.0624054 0.0529015
 0.453056 0.327287 0.125229 0.0519115 0.0425168
 0.495443 0.329973 0.10447 0.039973 0.0301415
 0.568335 0.298846 0.0868616 0.0275005 0.0184568
 0.698883 0.23824 0.0435305 0.0126524 0.00669425
 0.712941 0.248947 0.0301536 0.00550959 0.00244868
 0.71964 0.245896 0.0298882 0.0036202 0.000955457
 0.661754 0.297157 0.0360376 0.0043803 0.000670591
 0.510894 0.397867 0.0801559 0.00972087 0.00136244
 0.424199 0.392723 0.148925 0.0300031 0.00414859
 0.387369 0.367496 0.167194 0.063402 0.0145394
 0.368617 0.35432 0.166201 0.0756139 0.0352492
 0.360228 0.346267 0.164709 0.0772601 0.0515358
 0.356505 0.342759 0.162769 0.0774244 0.0605428
 0.354221 0.340792 0.162451 0.0771448 0.0653899
 0.359031 0.337703 0.160041 0.0762894 0.0669363
 0.369264 0.337105 0.154703 0.0733152 0.0656121
 0.381661 0.338917 0.149341 0.0685348 0.0615461
pobs_PELACES
 0 0 0 0 0
 0 0 0 0 0
 0 0 0 0 0
 0 0 0 0 0
 0 0 0 0 0
 0 0 0 0 0
 0 0 0 0 0
 0 0 0 0 0
 0 0 0 0 0
 0 0 0 0 0
 0.450072 0.473896 0.0757376 0.000293798 0
 0 0 0 0 0
 0.463077 0.371075 0.160297 0.00555027 0
 0.529543 0.364841 0.0842815 0.0213345 0
 0.631943 0.363953 0.00410389 0 0
 0.735681 0.248677 0.0153453 0.000297389 0
 0.695825 0.281241 0.0229344 0 0
 0.275771 0.60734 0.115278 0.00161068 0
 0 0 0 0 0
 0.896147 0.0623911 0.0374545 0.00400742 0
 0.803859 0.145111 0.0509908 3.86294e-05 0
 0.739449 0.233085 0.0266225 0.000797448 4.60066e-05
 0.878498 0.100942 0.0204185 0.000141795 0
 0.694673 0.275183 0.0284847 0.00165964 0
 0 0 0 0 0
ppred_PELACES
 0.306133 0.349303 0.173459 0.0861371 0.0849685
 0.344423 0.308689 0.174629 0.0867181 0.0855417
 0.38061 0.319039 0.141425 0.0800059 0.0789206
 0.3942 0.337258 0.138322 0.0613161 0.0689039
 0.370718 0.356539 0.151841 0.0622753 0.0586277
 0.374818 0.338356 0.16251 0.0692087 0.0551074
 0.395691 0.332216 0.14726 0.070728 0.0541052
 0.419192 0.331124 0.137262 0.0608436 0.0515775
 0.474684 0.314345 0.120277 0.0498588 0.0408356
 0.517879 0.3153 0.0998245 0.0381955 0.0288012
 0.626031 0.258903 0.0752518 0.0238249 0.0159899
 0.744108 0.202459 0.0369927 0.0107522 0.00568884
 0.759278 0.208762 0.0252863 0.00462024 0.00205342
 0.76294 0.207919 0.0252722 0.00306108 0.000807894
 0.677573 0.28326 0.0343522 0.00417545 0.000639229
 0.515258 0.394317 0.0794407 0.00963414 0.00135028
 0.426993 0.390818 0.148203 0.0298576 0.00412847
 0.389123 0.366443 0.166715 0.0632205 0.0144978
 0.370204 0.353429 0.165783 0.0754238 0.0351605
 0.362058 0.345277 0.164238 0.0770391 0.0513883
 0.357782 0.342079 0.162446 0.0772708 0.0604227
 0.356481 0.3396 0.161883 0.076875 0.0651612
 0.36276 0.335738 0.159109 0.0758454 0.0665468
 0.374701 0.3342 0.153369 0.0726833 0.0650466
 0.38813 0.335371 0.147778 0.0678177 0.0609021
pobs_pel_tallas
 0 0 0 0 0 0 0 0 0 0 0 0 0 0 0 0 0 0 0 0 0 0 0 0 0 0 0 0 0 0 0 0 0 0 0 0
 0 0 0 0 0 0 0 0 0 0 0 0 0 0 0 0 0 0 0 0 0 0 0 0 0 0 0 0 0 0 0 0 0 0 0 0
 0 0 0 0 0 0 0 0 0 0 0 0 0 0 0 0 0 0 0 0 0 0 0 0 0 0 0 0 0 0 0 0 0 0 0 0
 0 0 0 0 0 0 0 0 0 0 0 0 0 0 0 0 0 0 0 0 0 0 0 0 0 0 0 0 0 0 0 0 0 0 0 0
 0 0 0 0 0 0 0 0 0 0 0 0 0 0 0 0 0 0 0 0 0 0 0 0 0 0 0 0 0 0 0 0 0 0 0 0
 0 0 0 0 0 0 0 0 0 0 0 0 0 0 0 0 0 0 0 0 0 0 0 0 0 0 0 0 0 0 0 0 0 0 0 0
 0 0 0 0 0 0 0 0 0 0 0 0 0 0 0 0 0 0 0 0 0 0 0 0 0 0 0 0 0 0 0 0 0 0 0 0
 0 0 0 0 0 0 0 0 0 0 0 0 0 0 0 0 0 0 0 0 0 0 0 0 0 0 0 0 0 0 0 0 0 0 0 0
 0 0 0 0 0 0 0 0 0 0 0 0 0 0 0 0 0 0 0 0 0 0 0 0 0 0 0 0 0 0 0 0 0 0 0 0
 0 0 0 0 0 0 0 0 0 0 0 0 0 0 0 0 0 0 0 0 0 0 0 0 0 0 0 0 0 0 0 0 0 0 0 0
 0 0 0 0 0 0 0 0 1.78061e-05 0.00172719 0.00360574 0.0105946 0.0120993 0.0124554 0.0147524 0.0171206 0.0266825 0.0428682 0.0675386 0.121331 0.153587 0.119568 0.100827 0.0573624 0.0630603 0.0341343 0.0324427 0.0444173 0.0211091 0.0280891 0.0125444 0.00206551 0 0 0 0
 0 0 0 0 0 0 0 0 0 0 0 0 0 0 0 0 0 0 0 0 0 0 0 0 0 0 0 0 0 0 0 0 0 0 0 0
 0 0 0 0 0 0 0.0133647 0.0140871 0.0187388 0.0205184 0.03894 0.0496705 0.03968 0.0493445 0.0407372 0.0367815 0.0215668 0.0243155 0.0234873 0.0199281 0.019796 0.0243948 0.0301388 0.0376714 0.0412746 0.0863199 0.0771752 0.113111 0.0741005 0.0525337 0.0229764 0.00759418 0.00175318 0 0 0
 0 0 0 0 0 0 0 0 0 0 0.00219441 0.00772107 0.0458388 0.0604681 0.0671733 0.0775358 0.0609151 0.0617685 0.073594 0.0568108 0.0755445 0.0548602 0.0670107 0.0636378 0.0643287 0.046367 0.0373049 0.0286899 0.0247887 0.0153202 0.00654259 0.00121912 0.000365735 0 0 0
 0 0 0 0 0 0 0 0 0 0 0 0 0.000112435 0.00938835 0.0111873 0.0202946 0.0414886 0.0713402 0.111592 0.104902 0.108894 0.110636 0.117776 0.105296 0.107544 0.0401394 0.0192827 0.0124803 0.00416011 0.0028671 0.000618394 0 0 0 0 0
 0 0 0 0 0 0 0 0 0 0 0.00291406 0.0102884 0.027416 0.0768956 0.0749926 0.110853 0.0956884 0.0897413 0.0766577 0.0534642 0.0500743 0.0551293 0.0594112 0.0620874 0.0668451 0.0424026 0.0208742 0.0120726 0.0048766 0.00582813 0.00118941 0.000297354 0 0 0 0
 0 0.00264628 0.0354308 0.0461629 0.0458689 0.0383711 0.0214643 0.0164657 0.0346957 0.0420465 0.0363128 0.0245516 0.0311673 0.0291091 0.0169068 0.0133784 0.00837989 0.0085269 0.0148486 0.0160247 0.0276389 0.0546898 0.0760071 0.122758 0.109233 0.0665981 0.0333725 0.0166128 0.00676272 0.00308733 0.000882094 0 0 0 0 0
 0 0 0 0 0 0 0 0.000805153 0.000690131 0.00759144 0.0133425 0.0154129 0.00931677 0.000345066 0.00356568 0.00563607 0.00851162 0.0253048 0.0502646 0.0516448 0.0657925 0.0565908 0.0611916 0.0827007 0.0866115 0.110766 0.145733 0.0935128 0.0569358 0.0249597 0.0138026 0.00621118 0.00161031 0.00115022 0 0
 0 0 0 0 0 0 0 0 0 0 0 0 0 0 0 0 0 0 0 0 0 0 0 0 0 0 0 0 0 0 0 0 0 0 0 0
 0.00147267 0.00158595 0.00478618 0.00569244 0.00954404 0.0108468 0.00647125 0.017049 0.0510054 0.094081 0.124002 0.0959785 0.0687766 0.0820023 0.061753 0.0591476 0.0492212 0.0479892 0.0443925 0.0268479 0.0217502 0.0140895 0.0121071 0.0120363 0.00920419 0.00665534 0.0049561 0.00860946 0.00930331 0.0156896 0.0114698 0.00855282 0.00243557 0.00046729 0 2.83206e-05
 0 0 0 0 0.000772559 0.00158375 0.000888443 0.00281984 0.00712685 0.0440552 0.0773331 0.111326 0.0921469 0.0852325 0.0710754 0.0886704 0.0786465 0.0553345 0.0373146 0.0185414 0.00753245 0.00457741 0.012979 0.0271748 0.0457355 0.0583668 0.034881 0.0177882 0.00938659 0.00492506 0.0015258 0.00185414 0.000309023 5.79419e-05 3.86279e-05 0
 0 0.00173294 0.00326652 0 0.00397197 0.00683976 0.00946217 0.0152591 0.00757587 0.0136028 0.0228656 0.0392903 0.0559909 0.0764795 0.0681675 0.0726916 0.0566044 0.0477403 0.0527397 0.0444891 0.0609904 0.0582453 0.0661739 0.0445044 0.0529084 0.0360697 0.0280645 0.0235558 0.0158879 0.00826598 0.00280645 0.00217768 0.000904811 0.00058276 9.20147e-05 0
 0 0 0 0 0 0 0 0 0 0 0 0 0 0 0 0 0 0 0 0 0 0 0 0 0 0 0 0 0 0 0 0 0 0 0 0
 0 0 0 0 0 0 0 0 0 0 0 0 0 0 0 0 0 0 0 0 0 0 0 0 0 0 0 0 0 0 0 0 0 0 0 0
 0 0 0 0 0 0 0 0 0 0 0 0 0 0 0 0 0 0 0 0 0 0 0 0 0 0 0 0 0 0 0 0 0 0 0 0
ppred_pel_tallas
 1.09507e-16 1.33758e-05 7.84564e-05 0.000372847 0.00143531 0.00447573 0.0113056 0.0231352 0.0383583 0.0515417 0.0561603 0.0497104 0.0359624 0.0217525 0.0119913 0.00773962 0.00769132 0.0102542 0.0144289 0.0196911 0.0256488 0.0318509 0.0377687 0.042872 0.0467335 0.0491121 0.0499855 0.0495196 0.0479945 0.0457131 0.0429288 0.0398114 0.0364533 0.032902 0.0291992 0.025408
 1.09557e-16 1.50437e-05 8.82526e-05 0.000419427 0.00161467 0.00503507 0.0127184 0.0260256 0.0431479 0.0579696 0.0631434 0.0558421 0.0402908 0.0241559 0.0129286 0.0077627 0.00714896 0.00926642 0.0129845 0.0177427 0.0231707 0.0288703 0.0343776 0.0392233 0.0430224 0.0455464 0.046752 0.0467566 0.0457752 0.0440448 0.041764 0.0390669 0.0360312 0.032707 0.0291498 0.0254416
 1.08549e-16 1.6622e-05 9.75177e-05 0.000463472 0.00178426 0.00556391 0.0140542 0.0287588 0.0476784 0.0640537 0.0697633 0.0616795 0.0444652 0.0265833 0.014089 0.00824061 0.00735131 0.00938946 0.0130899 0.0178247 0.0231877 0.0287542 0.0340394 0.0385617 0.0419375 0.0439565 0.0446109 0.0440663 0.0425912 0.0404721 0.037945 0.0351639 0.032206 0.0291032 0.0258794 0.0225779
 1.074e-16 1.72154e-05 0.000101 0.000480022 0.00184797 0.00576259 0.0145561 0.0297858 0.0493812 0.0663415 0.072256 0.0638854 0.04606 0.0275454 0.0146138 0.00856894 0.00766243 0.00978663 0.0136241 0.0185132 0.0240176 0.0296793 0.0349782 0.0394021 0.042549 0.0442083 0.0443929 0.0433072 0.04127 0.0386215 0.0356457 0.032532 0.0293777 0.0262181 0.0230664 0.0199446
 1.07151e-16 1.61923e-05 9.49911e-05 0.000451453 0.00173796 0.00541954 0.0136896 0.028013 0.0464434 0.0623986 0.0679714 0.0601208 0.0433972 0.0260562 0.0140124 0.00851118 0.00792782 0.0102952 0.0143787 0.0195433 0.025346 0.0313048 0.0368675 0.0414891 0.0447416 0.0464003 0.0464785 0.0451947 0.0428916 0.0399373 0.0366433 0.0332222 0.0297888 0.0263901 0.0230456 0.0197796
 1.07371e-16 1.63704e-05 9.60383e-05 0.000456435 0.00175715 0.00547938 0.0138408 0.0283221 0.0469553 0.0630844 0.0687136 0.0607656 0.0438372 0.0262698 0.0140357 0.00838567 0.00766933 0.00989367 0.0138131 0.0187983 0.0244249 0.030238 0.0357154 0.0403382 0.0436928 0.0455532 0.0459135 0.0449591 0.0429926 0.0403427 0.0372902 0.0340298 0.0306726 0.0272739 0.0238695 0.0205037
 1.07158e-16 1.72802e-05 0.000101381 0.000481834 0.00185495 0.00578435 0.0146111 0.0298983 0.0495675 0.0665913 0.0725267 0.0641218 0.0462237 0.02763 0.0146348 0.00854454 0.00760256 0.00969267 0.0134939 0.0183461 0.0238181 0.029459 0.0347559 0.0392011 0.0423934 0.0441177 0.0443772 0.043363 0.0413809 0.03876 0.0357786 0.0326265 0.0294076 0.0261678 0.0229326 0.0197358
 1.06557e-16 1.8305e-05 0.000107397 0.000510436 0.00196507 0.00612778 0.0154785 0.0316731 0.0525092 0.0705412 0.076823 0.0679064 0.048922 0.0291828 0.0153468 0.008786 0.00762646 0.00961466 0.0133443 0.0181171 0.0234877 0.0289999 0.0341393 0.0384001 0.0413858 0.0428898 0.0429268 0.0417026 0.0395383 0.036778 0.0337125 0.0305394 0.0273649 0.0242306 0.0211527 0.0181511
 1.05432e-16 2.0724e-05 0.0001216 0.000577963 0.00222507 0.00693858 0.0175265 0.0358633 0.059454 0.0798649 0.086961 0.07683 0.0552686 0.0328033 0.0169471 0.00922194 0.00747241 0.00911919 0.0125574 0.0170085 0.0220099 0.0271156 0.0318322 0.0356787 0.0382819 0.0394537 0.0392211 0.037796 0.0355026 0.0326869 0.0296415 0.0265662 0.0235666 0.0206803 0.0179135 0.015271
 1.04178e-16 2.26075e-05 0.000132658 0.000630534 0.00242749 0.00756979 0.0191209 0.0391256 0.0648611 0.0871253 0.0948586 0.0837888 0.0602334 0.0356671 0.018273 0.00969459 0.00756172 0.00904321 0.0123769 0.0167122 0.0215571 0.0264512 0.0308935 0.0344014 0.0366077 0.0373394 0.0366471 0.0347739 0.0320786 0.0289411 0.0256825 0.0225208 0.0195679 0.0168547 0.014369 0.0120889
 1.02719e-16 2.73211e-05 0.000160336 0.000762131 0.00293419 0.00914995 0.0231122 0.0472915 0.0783945 0.105292 0.114608 0.10116 0.0725611 0.0426455 0.0212548 0.0103159 0.00690282 0.00754591 0.0101006 0.0135752 0.0174719 0.0213873 0.0249029 0.0276208 0.0292417 0.0296291 0.0288347 0.0270716 0.0246503 0.0218991 0.0190962 0.016432 0.0140041 0.0118375 0.00991622 0.00821101
 1.01227e-16 3.24675e-05 0.000190555 0.000905808 0.0034874 0.0108751 0.0274697 0.056207 0.0931702 0.125128 0.136171 0.120129 0.086028 0.0502787 0.0245356 0.011036 0.00624805 0.00600518 0.00774358 0.0103134 0.0132044 0.0160679 0.0185681 0.0203948 0.0213214 0.0212566 0.0202626 0.0185328 0.0163386 0.0139632 0.0116447 0.00954304 0.007735 0.00622999 0.0049964 0.00398673
 1.00682e-16 3.31292e-05 0.00019444 0.000924273 0.00355849 0.0110968 0.0280297 0.0573528 0.0950696 0.127679 0.138947 0.122578 0.0877818 0.0513034 0.0250346 0.0112574 0.00636618 0.00610659 0.00785821 0.0104419 0.0133299 0.0161594 0.0185819 0.020278 0.021019 0.0207199 0.0194583 0.0174504 0.0149941 0.0123983 0.00992177 0.00773716 0.0059245 0.00448769 0.00338253 0.00254472
 1.0057e-16 3.32889e-05 0.000195377 0.00092873 0.00357565 0.0111503 0.0281649 0.0576294 0.0955279 0.128294 0.139616 0.123167 0.0882012 0.0515435 0.0251423 0.0112896 0.00636157 0.00608236 0.00781849 0.0103854 0.013254 0.0160616 0.0184604 0.0201319 0.0208483 0.020525 0.0192405 0.0172111 0.0147354 0.0121231 0.00963409 0.00744236 0.00562905 0.00419878 0.00310748 0.0022902
 1.00754e-16 2.95696e-05 0.000173534 0.000824872 0.00317575 0.00990324 0.0250149 0.0511849 0.0848483 0.11396 0.124041 0.109483 0.0785251 0.0461368 0.0229674 0.0110967 0.00734914 0.00795721 0.0105835 0.0141348 0.0180507 0.0218746 0.0251399 0.0274136 0.0283853 0.02794 0.0261844 0.023414 0.0200356 0.0164715 0.0130764 0.0100874 0.00761552 0.00566709 0.00418206 0.0030718
 1.01651e-16 2.24965e-05 0.000131999 0.000627384 0.00241533 0.00753186 0.0190252 0.0389303 0.0645396 0.0867002 0.0944135 0.0834376 0.0600724 0.0357547 0.0186533 0.0104329 0.00876181 0.0108358 0.0148876 0.0200199 0.0256505 0.0311945 0.0360122 0.0394977 0.041207 0.0409601 0.038879 0.0353442 0.030892 0.0260851 0.021401 0.0171659 0.0135427 0.01056 0.0081612 0.00625322
 1.0345e-16 1.86477e-05 0.000109403 0.00051996 0.00200172 0.00624205 0.0157672 0.0322643 0.0534908 0.0718643 0.0782757 0.0692185 0.0499282 0.0299047 0.0159477 0.00947454 0.00859381 0.0110178 0.0153033 0.0207028 0.026697 0.032731 0.0381787 0.0424318 0.0450237 0.04573 0.0446081 0.0419605 0.0382427 0.033946 0.0294975 0.0252026 0.0212353 0.0176644 0.0144958 0.0117094
 1.05336e-16 1.69954e-05 9.97048e-05 0.000473859 0.00182423 0.00568855 0.0143691 0.0294035 0.0487484 0.0654945 0.0713416 0.0630964 0.0455334 0.0273153 0.0146465 0.0088291 0.00815203 0.0105447 0.0147061 0.0199668 0.0258609 0.0318835 0.0374576 0.042014 0.045105 0.0464964 0.0462041 0.0444626 0.0416432 0.0381511 0.0343395 0.0304622 0.0266698 0.0230357 0.019594 0.0163696
 1.06703e-16 1.61698e-05 9.48595e-05 0.000450827 0.00173556 0.00541203 0.0136706 0.0279742 0.046379 0.0623119 0.0678767 0.0600364 0.0433348 0.0260159 0.0139861 0.00848865 0.00790182 0.0102623 0.0143392 0.0195017 0.0253112 0.03129 0.0368888 0.041563 0.0448802 0.0466077 0.0467464 0.045501 0.0432022 0.0402102 0.0368351 0.0332959 0.0297197 0.0261705 0.0226853 0.0193041
 1.07493e-16 1.58143e-05 9.27729e-05 0.000440909 0.00169737 0.00529295 0.0133699 0.0273587 0.0453586 0.060941 0.0663837 0.0587164 0.0423833 0.0254473 0.0136855 0.008315 0.00775125 0.0100766 0.0140905 0.0191802 0.0249219 0.0308534 0.0364426 0.0411599 0.0445836 0.0464831 0.0468524 0.0458805 0.0438757 0.0411731 0.0380585 0.0347304 0.0313016 0.0278288 0.0243489 0.0209078
 1.07896e-16 1.56277e-05 9.16775e-05 0.000435703 0.00167733 0.00523044 0.013212 0.0270356 0.044823 0.0602216 0.0656003 0.0580243 0.0418855 0.0251522 0.0135337 0.0082337 0.00768762 0.0100018 0.0139914 0.0190525 0.0247674 0.0306809 0.0362676 0.0410049 0.0444755 0.0464505 0.0469217 0.0460719 0.0442005 0.0416318 0.0386409 0.0354163 0.0320635 0.0286344 0.0251647 0.0217016
 1.08095e-16 1.55708e-05 9.1344e-05 0.000434118 0.00167122 0.00521142 0.0131639 0.0269373 0.0446599 0.0600023 0.0653613 0.0578123 0.0417313 0.0250572 0.0134784 0.00819382 0.00764439 0.00994351 0.0139113 0.0189475 0.024638 0.0305321 0.0361092 0.0408513 0.0443444 0.0463604 0.0468894 0.0461101 0.0443161 0.0418248 0.0389049 0.0357394 0.03243 0.0290264 0.0255639 0.0220914
 1.08084e-16 1.58445e-05 9.2951e-05 0.000441758 0.00170065 0.00530316 0.0133956 0.0274114 0.0454456 0.0610571 0.0665077 0.0588203 0.0424459 0.0254601 0.0136473 0.00822281 0.00759483 0.00983948 0.0137547 0.0187321 0.0243582 0.0301863 0.0357022 0.040394 0.043853 0.0458541 0.046388 0.0456314 0.0438739 0.0414288 0.0385604 0.0354481 0.032191 0.0288366 0.025419 0.0219859
 1.07823e-16 1.63651e-05 9.60076e-05 0.00045629 0.0017566 0.00547764 0.0138364 0.0283131 0.0469402 0.0630637 0.06869 0.0607423 0.043815 0.0262456 0.014003 0.00833538 0.00759102 0.00977607 0.0136452 0.0185714 0.0241349 0.029888 0.0353177 0.0399147 0.0432741 0.0451753 0.0456144 0.0447739 0.0429491 0.0404586 0.0375705 0.0344664 0.0312451 0.0279519 0.0246158 0.0212783
 1.07383e-16 1.69507e-05 9.94457e-05 0.000472635 0.00181953 0.00567389 0.0143321 0.0293274 0.0486213 0.0653212 0.0711458 0.0629066 0.0453602 0.027139 0.0144207 0.00849155 0.00763336 0.00977423 0.0136198 0.0185202 0.0240455 0.029742 0.0350928 0.0395864 0.0428184 0.0445725 0.0448526 0.0438518 0.0418784 0.0392635 0.0362861 0.0331355 0.0299137 0.0266646 0.0234119 0.0201883
pSPR Fmed_Fpbrs
0.721543   0.254687 0.254687
Fs Fmed_Fpbrs
0.167866   1.005 1.005
SSBpbr Bo_Bmed_Bpbrs
1.36772e+06  918487  279956 279956
Ro
62852.4
SPR SPRFo_SPRFmed_SPRFpbrs
1.29536e+06 934657 329911
log_Ro
10.8685
likeval ReclasPelacesDesembMPH_pf_preclas_ppelaces_ptallas_desvR_qrecl_qpela
 330.549 145.261 1.25703 0.000796694 321.353 223.702 85.8222 0 0 0 0 0 0 0 0
q_reclas_q_pelaces
1 1
M
0.7
N
 62852.4 37367 18555.9 9214.59 9089.59
 62852.4 29699.1 16801.2 8343.21 8230.02
 62852.4 29280.4 12979.6 7342.69 7243.08
 62852.4 27478.2 11269.8 4995.75 5613.97
 62852.4 30403.9 12948.2 5310.53 4999.48
 62852.4 30989.5 14884.1 6338.73 5047.21
 62852.4 28059.9 12438 5973.88 4569.87
 62852.4 28980.9 12013.6 5325.19 4514.2
 62852.4 25900.1 9910.04 4108.05 3364.59
 62852.4 23980 7592.13 2904.95 2190.47
 62852.4 23777.6 6911.11 2188.07 1468.51
 62852.4 15074.7 2754.41 800.588 423.581
 62852.4 15762.3 1909.21 348.845 155.041
 62852.4 15127.4 1838.71 222.713 58.7793
 62852.4 15726.9 1907.27 231.825 35.4906
 62852.4 25130 5062.79 613.988 86.0542
 62852.4 29602.4 11225.6 2261.55 312.709
 62852.4 30149.4 13716.6 5201.51 1192.81
 62852.4 30520.8 14316.4 6513.32 3036.34
 62852.4 30573.6 14542.9 6821.66 4550.34
 62852.4 30470.1 14469.6 6882.77 5382.05
 62852.4 30690 14629.5 6947.25 5888.67
 62852.4 30292.6 14356 6843.3 6004.31
 62852.4 29718.9 13638.5 6463.41 5784.31
 62852.4 29086.3 12816.6 5881.74 5281.96
pred_Ctot
 2196.61 2555.89 1269.22 630.276 621.725
 2807.12 2580.27 1459.69 724.859 715.026
 5446.58 4806.18 2130.51 1205.25 1188.9
 1171.46 1012.58 415.295 184.094 206.876
 321.704 310.26 132.132 54.192 51.0178
 4592.44 4326.36 2077.92 884.933 704.628
 3244.41 2805.32 1243.5 597.244 456.877
 7775.37 6630.47 2748.56 1218.34 1032.79
 10632.8 7864.44 3009.14 1247.39 1021.64
 10935.8 7464.93 2363.41 904.304 681.888
 24353.4 14196 4126.16 1306.35 876.751
 23258.4 8705.5 1590.64 462.331 244.614
 24269.3 9387.32 1137.04 207.756 92.335
 23314.7 8751.36 1063.71 128.842 34.0044
 8918.07 4078.13 494.574 60.1145 9.20308
 2337.56 1826.62 367.998 44.6288 6.255
 1541.33 1430.03 542.287 109.251 15.1064
 1001.61 951.513 432.896 164.159 37.6452
 925.017 890.249 417.589 189.984 88.5656
 1075.27 1035.11 492.37 230.956 154.058
 756.122 727.701 345.571 164.378 128.537
 1333.17 1284.99 612.538 290.882 246.559
 2167.77 2045.39 969.329 462.067 405.417
 3090.41 2834.52 1300.8 616.464 551.693
 3609.37 3223.22 1420.28 651.789 585.324
F
 0.0496704 0.0993409 0.0993409 0.0993409 0.0993409
 0.0638711 0.127742 0.127742 0.127742 0.127742
 0.127394 0.254789 0.254789 0.254789 0.254789
 0.0262182 0.0524363 0.0524363 0.0524363 0.0524363
 0.00713966 0.0142793 0.0142793 0.0142793 0.0142793
 0.106447 0.212894 0.212894 0.212894 0.212894
 0.0741529 0.148306 0.148306 0.148306 0.148306
 0.186543 0.373087 0.373087 0.373087 0.373087
 0.263567 0.527133 0.527133 0.527133 0.527133
 0.272046 0.544092 0.544092 0.544092 0.544092
 0.72777 1.45554 1.45554 1.45554 1.45554
 0.683165 1.36633 1.36633 1.36633 1.36633
 0.72428 1.44856 1.44856 1.44856 1.44856
 0.685418 1.37084 1.37084 1.37084 1.37084
 0.216726 0.433453 0.433453 0.433453 0.433453
 0.0529332 0.105866 0.105866 0.105866 0.105866
 0.0346238 0.0692475 0.0692475 0.0692475 0.0692475
 0.0223788 0.0447577 0.0447577 0.0447577 0.0447577
 0.0206518 0.0413036 0.0413036 0.0413036 0.0413036
 0.0240422 0.0480844 0.0480844 0.0480844 0.0480844
 0.0168529 0.0337057 0.0337057 0.0337057 0.0337057
 0.0298855 0.0597709 0.0597709 0.0597709 0.0597709
 0.049004 0.098008 0.098008 0.098008 0.098008
 0.0705214 0.141043 0.141043 0.141043 0.141043
 0.0828059 0.165612 0.165612 0.165612 0.165612
nmprior
 10 11 7 0
nm_flota  nm_reclas  nm_pelaces    nm_pelaL
inf 7.18452 5.21965 7.2639
cv_recla  cv_pelaces  cv_mph
1.64453 1.41821 0.915765
 ------------------------------------------------
Talla a la edad & desviación 
 7.2 14.2025 17.0495 18.207 18.6776
 1.08 2.13037 2.55742 2.73105 2.80164
