years
 1997 1998 1999 2000 2001 2002 2003 2004 2005 2006 2007 2008 2009 2010 2011 2012 2013 2014 2015 2016 2017 2018 2019 2020 2021
reclasobs
 0 0 0 370054 412103 1.49427e+06 250295 1.28982e+06 931140 785840 897777 1.04006e+06 184774 17550 25797 100020 73551 82996 120727 218422 84188 347160 605670 569463 516374
reclaspred
 376988 103840 321823 240331 358746 426990 941537 629017 703066 640294 504398 338242 207035 96662.8 68880.4 71200.2 89717.8 122129 127612 186758 273370 249208 422145 523112 545783
pelacesobs
 0 0 0 0 0 0 0 0 0 2.06254e+06 1.5e+06 0 1.87456e+06 323000 250000 174000 83755 137374 0 501740 490994 745055 786931 1.00524e+06 0
pelacespred
 1.08243e+06 264371 507824 572575 730763 731172 1.82872e+06 1.52476e+06 1.50613e+06 1.38584e+06 985062 681477 415633 162364 113730 125598 165123 227173 245244 347966 564285 504146 674742 981180 1.06846e+06
mphobs
 0 0 0 0 0 112323 0 153150 637223 0 255016 313432 73983 77613 109348 50772 0 0 0 0 0 0 0 0 0
mphpred
 139485 85197.9 105309 131360 141766 224185 337643 398101 341814 346411 325843 229814 141467 74572.6 36419.6 31823.7 39015.8 54080.3 66658 76005.3 116460 138639 172714 238315 334226
desembarqueobs
 350755 77701 442110 56441 14545 235359 269955 359681 431902 328805 639364 411747 362871 311530 167758 66681 60226 58785 57116 71774 51957 67425 138520 160799 200461
desembarquepred
 350760 77700.8 442105 56442 14545.1 235392 269980 359681 431929 328824 639568 411988 363198 311968 167799 66692 60243.9 58786.2 57112.5 71772.7 51957.2 67419.6 138518 160801 200461
Reclutas
 51490.8 66437 40443.6 66981.8 114820 81043.5 130977 123198 149464 148329 68293 39901.6 42572.8 23670.1 18510.3 23064.4 18968.5 21001.9 23504.6 44625.2 55749.3 70173.4 106889 129325 41748.8
log_desv_Rt
 -0.0681335 0.186718 -0.309629 0.194884 0.733829 0.38545 0.865487 0.804255 0.997519 0.989893 0.21427 -0.323121 -0.25832 -0.845325 -1.09121 -0.871246 -1.06676 -0.964923 -0.852341 -0.211239 0.0113284 0.241432 0.662254 0.852796 -0.277866
SSB
 693107 423352 523287 652734 704439 1.11399e+06 1.67776e+06 1.97818e+06 1.69849e+06 1.72133e+06 1.61913e+06 1.14195e+06 702958 370555 180970 158133 193871 268728 331227 377674 578697 688904 858225 1.1842e+06 1.66078e+06
BT
 2.22532e+06 604990 1.15215e+06 1.08507e+06 1.31959e+06 1.49471e+06 3.45847e+06 3.13888e+06 3.09251e+06 2.79928e+06 2.34378e+06 1.60073e+06 1.10237e+06 592085 346849 280116 345109 453820 488474 681714 1.05269e+06 966016 1.30371e+06 1.88972e+06 2.07973e+06
Ftot
 0.432628 0.361171 0.528094 0.100469 0.0192548 0.187549 0.117841 0.231153 0.258183 0.205116 0.421155 0.390365 0.620215 1.09036 1.01376 0.399371 0.284818 0.19339 0.165884 0.169805 0.0797381 0.102013 0.122984 0.123452 0.112249
BD_Bspro_t
 0.946939 0.753471 0.714046 0.59326 0.725372 0.845364 0.816154 0.822965 0.774984 0.742196 0.709366 0.561802 0.447991 0.33569 0.218475 0.234025 0.348982 0.512759 0.619396 0.699277 0.79602 0.857614 0.861838 0.861833 0.856718
BD_Bspro
 0.610116 0.372661 0.46063 0.574577 0.620092 0.9806 1.47687 1.74132 1.49512 1.51523 1.42526 1.00522 0.618787 0.326185 0.159302 0.139199 0.170658 0.236551 0.291566 0.332452 0.509405 0.606416 0.755464 1.0424 1.46193
BD_Bo
 0.526034 0.321303 0.397149 0.495393 0.534635 0.84546 1.27334 1.50134 1.28907 1.30641 1.22884 0.866687 0.53351 0.281233 0.137348 0.120015 0.147139 0.203951 0.251385 0.286636 0.439202 0.522844 0.651351 0.898746 1.26045
BD_Brms
 1.84181 1.12498 1.39054 1.73452 1.87192 2.96021 4.45834 5.25665 4.51342 4.57413 4.30254 3.03454 1.86798 0.984682 0.480896 0.42021 0.515177 0.714095 0.880174 1.0036 1.53778 1.83064 2.28058 3.14678 4.41323
S_f
 0.189841 1 1 1 1
 0.189841 1 1 1 1
 0.189841 1 1 1 1
 0.189841 1 1 1 1
 0.189841 1 1 1 1
 0.189841 1 1 1 1
 0.189841 1 1 1 1
 0.189841 1 1 1 1
 0.189841 1 1 1 1
 0.189841 1 1 1 1
 0.189841 1 1 1 1
 0.189841 1 1 1 1
 0.189841 1 1 1 1
 0.189841 1 1 1 1
 0.189841 1 1 1 1
 0.189841 1 1 1 1
 0.189841 1 1 1 1
 0.189841 1 1 1 1
 0.189841 1 1 1 1
 0.189841 1 1 1 1
 0.189841 1 1 1 1
 0.189841 1 1 1 1
 0.189841 1 1 1 1
 0.189841 1 1 1 1
 0.189841 1 1 1 1
Scru_reclas
 1 1 1 1 1
 1 1 1 1 1
 1 1 1 1 1
 1 1 1 1 1
 1 1 1 1 1
 1 1 1 1 1
 1 1 1 1 1
 1 1 1 1 1
 1 1 1 1 1
 1 1 1 1 1
 1 1 1 1 1
 1 1 1 1 1
 1 1 1 1 1
 1 1 1 1 1
 1 1 1 1 1
 1 1 1 1 1
 1 1 1 1 1
 1 1 1 1 1
 1 1 1 1 1
 1 1 1 1 1
 1 1 1 1 1
 1 1 1 1 1
 1 1 1 1 1
 1 1 1 1 1
 1 1 1 1 1
Scru_pelaces
 1 1 1 1 1
 1 1 1 1 1
 1 1 1 1 1
 1 1 1 1 1
 1 1 1 1 1
 1 1 1 1 1
 1 1 1 1 1
 1 1 1 1 1
 1 1 1 1 1
 1 1 1 1 1
 1 1 1 1 1
 1 1 1 1 1
 1 1 1 1 1
 1 1 1 1 1
 1 1 1 1 1
 1 1 1 1 1
 1 1 1 1 1
 1 1 1 1 1
 1 1 1 1 1
 1 1 1 1 1
 1 1 1 1 1
 1 1 1 1 1
 1 1 1 1 1
 1 1 1 1 1
 1 1 1 1 1
pf_obs 
 0.256992 0.487395 0.22802 0.0275931 0
 0.321318 0.546541 0.124235 0.00734118 0.000564706
 0.182869 0.594174 0.210203 0.0122559 0.00049798
 0.330522 0.361315 0.267642 0.0388342 0.00168674
 0.649043 0.306663 0.0425973 0.00169635 0
 0.582887 0.30429 0.105238 0.00758474 0
 0.465427 0.430635 0.0974691 0.00646863 0
 0.296916 0.608066 0.0921331 0.00288517 0
 0.311714 0.524322 0.152257 0.0117073 0
 0.15457 0.633149 0.183074 0.0267441 0.00246327
 0.131901 0.49318 0.331252 0.0422183 0.00144891
 0.196976 0.569456 0.194076 0.0375587 0.00193317
 0.518974 0.381816 0.0799577 0.0180837 0.00116848
 0.0928022 0.601141 0.25162 0.0475244 0.00691264
 0.122501 0.610282 0.24278 0.0234846 0.000952079
 0.383417 0.481906 0.127806 0.00687128 0
 0.0376549 0.599619 0.316969 0.0457579 0
 0.0361596 0.667082 0.258105 0.0386534 0
 0.158088 0.579412 0.248529 0.0139706 0
 0.0477256 0.309471 0.559284 0.082774 0.000745712
 0.0406174 0.521527 0.379366 0.0568643 0.0016247
 0.151134 0.462217 0.34131 0.0453401 0
 0.294876 0.26143 0.354403 0.0886775 0.000613685
 0.281977 0.475581 0.204845 0.0348837 0.00271318
 0 0 0 0 0
pf_pred 
 0.3397 0.464729 0.174775 0.0207852 1.08535e-05
 0.317859 0.524208 0.111156 0.0418034 0.00497408
 0.181409 0.608935 0.161116 0.0341638 0.0143771
 0.303107 0.417922 0.207522 0.0549074 0.0165425
 0.321876 0.478585 0.119662 0.059419 0.020458
 0.171584 0.593216 0.165992 0.0415035 0.0277045
 0.266096 0.398663 0.240061 0.0671734 0.028007
 0.210383 0.527761 0.142242 0.0856536 0.0339602
 0.244246 0.460685 0.197217 0.053154 0.044698
 0.219608 0.512957 0.163021 0.0697883 0.0346265
 0.115791 0.547879 0.221072 0.070258 0.0450003
 0.112138 0.405379 0.298958 0.120632 0.0628924
 0.193509 0.358036 0.204755 0.151003 0.0926971
 0.175321 0.518991 0.135708 0.0776092 0.0923705
 0.250478 0.492611 0.16168 0.0422768 0.0529534
 0.329807 0.498092 0.113111 0.0371241 0.0218662
 0.220959 0.590148 0.140387 0.0318801 0.0166263
 0.231571 0.484315 0.215225 0.0511985 0.0176901
 0.229866 0.488542 0.177478 0.0788693 0.0252443
 0.333439 0.419363 0.156812 0.0569668 0.0334184
 0.273021 0.538076 0.118847 0.0444405 0.0256151
 0.254022 0.501505 0.180948 0.0399667 0.0235588
 0.288106 0.464633 0.166228 0.0599767 0.0210561
 0.255194 0.515986 0.149344 0.0534297 0.0260459
 0.079423 0.604177 0.219195 0.0634427 0.0337619
pobs_RECLAS
 0 0 0 0 0
 0 0 0 0 0
 0 0 0 0 0
 0 0 0 0 0
 0.835266 0.146461 0.0176864 0.000547809 3.91292e-05
 0.385257 0.428462 0.181853 0.0044286 0
 0.867414 0.0963971 0.0333333 0.00285562 0
 0.441836 0.489002 0.0689373 0.000224442 0
 0.779404 0.147425 0.0564933 0.0165055 0.000172143
 0.814271 0.122319 0.05973 0.00367925 0
 0.40263 0.566651 0.0304383 0.000280538 0
 0.475488 0.404961 0.113038 0.00651328 0
 0.955842 0.0263864 0.0167828 0.000988607 0
 0.975058 0.0227948 0.00214734 0 0
 0.738997 0.206755 0.0527124 0.00153531 0
 0.850938 0.134255 0.0134407 0.00136685 0
 0.542534 0.407297 0.0501686 0 0
 0.764087 0.199537 0.0359546 0.000420521 0
 0.470689 0.182191 0.310203 0.0369168 0
 0.84361 0.089868 0.0606195 0.00523954 0.000663233
 0.607945 0.314616 0.071237 0.00620181 0
 0.523733 0.453247 0.0230204 0 0
 0.530135 0.295979 0.169645 0.0042399 0
 0.562478 0.366248 0.0663022 0.0049721 0
 0.250443 0.683176 0.0655157 0.000865301 0
ppred_RECLAS
 0.735842 0.185918 0.0699201 0.00831527 4.34204e-06
 0.715029 0.218993 0.0464363 0.0174638 0.00207797
 0.547423 0.336663 0.0890765 0.0188882 0.0079487
 0.697227 0.181571 0.0901602 0.0238551 0.00718706
 0.714496 0.201494 0.0503802 0.0250166 0.00861323
 0.524304 0.340639 0.0953167 0.0238323 0.0159086
 0.657712 0.185934 0.111963 0.0313292 0.0130623
 0.587071 0.275992 0.0743854 0.0447924 0.0177595
 0.633377 0.223483 0.0956718 0.0257855 0.0216834
 0.599857 0.263016 0.083588 0.0357836 0.0177546
 0.414663 0.36269 0.146348 0.0465101 0.0297897
 0.405331 0.271514 0.200235 0.0807962 0.0421239
 0.569077 0.191305 0.109404 0.0806834 0.0495298
 0.552138 0.281851 0.0736996 0.0421476 0.0501641
 0.657472 0.225121 0.0738871 0.0193203 0.0241995
 0.726595 0.203196 0.0461434 0.0151447 0.00892031
 0.603002 0.300739 0.0715408 0.016246 0.00847276
 0.616006 0.242018 0.107551 0.0255845 0.00883997
 0.613335 0.245285 0.0891071 0.0395983 0.0126745
 0.726708 0.17194 0.0642936 0.0233566 0.0137016
 0.665122 0.247861 0.054746 0.0204712 0.0117994
 0.643246 0.239838 0.0865359 0.0191135 0.0112667
 0.682075 0.2075 0.0742358 0.026785 0.00940342
 0.644936 0.245981 0.0711955 0.025471 0.0124166
 0.313698 0.450422 0.163413 0.0472974 0.02517
pobs_PELACES
 0 0 0 0 0
 0 0 0 0 0
 0 0 0 0 0
 0 0 0 0 0
 0 0 0 0 0
 0 0 0 0 0
 0 0 0 0 0
 0 0 0 0 0
 0 0 0 0 0
 0 0 0 0 0
 0.450072 0.473896 0.0757376 0.000293798 0
 0 0 0 0 0
 0.463077 0.371075 0.160297 0.00555027 0
 0.529543 0.364841 0.0842815 0.0213345 0
 0.631943 0.363953 0.00410389 0 0
 0.735681 0.248677 0.0153453 0.000297389 0
 0.695825 0.281241 0.0229344 0 0
 0.275771 0.60734 0.115278 0.00161068 0
 0 0 0 0 0
 0.896147 0.0623911 0.0374545 0.00400742 0
 0.803859 0.145111 0.0509908 3.86294e-05 0
 0.739449 0.233085 0.0266225 0.000797448 4.60066e-05
 0.878498 0.100942 0.0204185 0.000141795 0
 0.694673 0.275183 0.0284847 0.00165964 0
 0 0 0 0 0
ppred_PELACES
 0.757704 0.170531 0.0641335 0.00762709 3.98269e-06
 0.73429 0.204192 0.0432978 0.0162834 0.00193752
 0.582113 0.310859 0.0822489 0.0174405 0.00733945
 0.702867 0.178189 0.0884806 0.0234108 0.00705318
 0.715545 0.200754 0.0501951 0.0249247 0.00858158
 0.536792 0.331696 0.0928145 0.0232067 0.0154909
 0.664769 0.1821 0.109655 0.0306833 0.012793
 0.601967 0.266035 0.0717019 0.0431765 0.0171188
 0.649253 0.213805 0.0915289 0.0246689 0.0207445
 0.612945 0.254414 0.0808541 0.0346132 0.0171738
 0.442228 0.34561 0.139456 0.0443198 0.0283868
 0.430714 0.259924 0.191688 0.0773474 0.0403259
 0.609188 0.173498 0.0992208 0.0731732 0.0449194
 0.622652 0.237474 0.0620958 0.0355116 0.0422659
 0.71567 0.186872 0.0613332 0.0160377 0.0200878
 0.747286 0.187819 0.0426513 0.0139986 0.00824524
 0.62108 0.287044 0.068283 0.0155062 0.00808693
 0.628161 0.234358 0.104146 0.0247747 0.00856016
 0.623799 0.238647 0.0866958 0.0385268 0.0123315
 0.735631 0.166326 0.0621944 0.022594 0.0132543
 0.669854 0.244359 0.0539725 0.0201819 0.0116327
 0.64948 0.235647 0.0850238 0.0187795 0.0110698
 0.689162 0.202875 0.072581 0.0261879 0.00919381
 0.652457 0.24077 0.0696874 0.0249315 0.0121536
 0.320194 0.446158 0.161866 0.0468497 0.0249317
pobs_pel_tallas
 0 0 0 0 0 0 0 0 0 0 0 0 0 0 0 0 0 0 0 0 0 0 0 0 0 0 0 0 0 0 0 0 0 0 0 0
 0 0 0 0 0 0 0 0 0 0 0 0 0 0 0 0 0 0 0 0 0 0 0 0 0 0 0 0 0 0 0 0 0 0 0 0
 0 0 0 0 0 0 0 0 0 0 0 0 0 0 0 0 0 0 0 0 0 0 0 0 0 0 0 0 0 0 0 0 0 0 0 0
 0 0 0 0 0 0 0 0 0 0 0 0 0 0 0 0 0 0 0 0 0 0 0 0 0 0 0 0 0 0 0 0 0 0 0 0
 0 0 0 0 0 0 0 0 0 0 0 0 0 0 0 0 0 0 0 0 0 0 0 0 0 0 0 0 0 0 0 0 0 0 0 0
 0 0 0 0 0 0 0 0 0 0 0 0 0 0 0 0 0 0 0 0 0 0 0 0 0 0 0 0 0 0 0 0 0 0 0 0
 0 0 0 0 0 0 0 0 0 0 0 0 0 0 0 0 0 0 0 0 0 0 0 0 0 0 0 0 0 0 0 0 0 0 0 0
 0 0 0 0 0 0 0 0 0 0 0 0 0 0 0 0 0 0 0 0 0 0 0 0 0 0 0 0 0 0 0 0 0 0 0 0
 0 0 0 0 0 0 0 0 0 0 0 0 0 0 0 0 0 0 0 0 0 0 0 0 0 0 0 0 0 0 0 0 0 0 0 0
 0 0 0 0 0 0 0 0 0 0 0 0 0 0 0 0 0 0 0 0 0 0 0 0 0 0 0 0 0 0 0 0 0 0 0 0
 0 0 0 0 0 0 0 0 1.78061e-05 0.00172719 0.00360574 0.0105946 0.0120993 0.0124554 0.0147524 0.0171206 0.0266825 0.0428682 0.0675386 0.121331 0.153587 0.119568 0.100827 0.0573624 0.0630603 0.0341343 0.0324427 0.0444173 0.0211091 0.0280891 0.0125444 0.00206551 0 0 0 0
 0 0 0 0 0 0 0 0 0 0 0 0 0 0 0 0 0 0 0 0 0 0 0 0 0 0 0 0 0 0 0 0 0 0 0 0
 0 0 0 0 0 0 0.0133647 0.0140871 0.0187388 0.0205184 0.03894 0.0496705 0.03968 0.0493445 0.0407372 0.0367815 0.0215668 0.0243155 0.0234873 0.0199281 0.019796 0.0243948 0.0301388 0.0376714 0.0412746 0.0863199 0.0771752 0.113111 0.0741005 0.0525337 0.0229764 0.00759418 0.00175318 0 0 0
 0 0 0 0 0 0 0 0 0 0 0.00219441 0.00772107 0.0458388 0.0604681 0.0671733 0.0775358 0.0609151 0.0617685 0.073594 0.0568108 0.0755445 0.0548602 0.0670107 0.0636378 0.0643287 0.046367 0.0373049 0.0286899 0.0247887 0.0153202 0.00654259 0.00121912 0.000365735 0 0 0
 0 0 0 0 0 0 0 0 0 0 0 0 0.000112435 0.00938835 0.0111873 0.0202946 0.0414886 0.0713402 0.111592 0.104902 0.108894 0.110636 0.117776 0.105296 0.107544 0.0401394 0.0192827 0.0124803 0.00416011 0.0028671 0.000618394 0 0 0 0 0
 0 0 0 0 0 0 0 0 0 0 0.00291406 0.0102884 0.027416 0.0768956 0.0749926 0.110853 0.0956884 0.0897413 0.0766577 0.0534642 0.0500743 0.0551293 0.0594112 0.0620874 0.0668451 0.0424026 0.0208742 0.0120726 0.0048766 0.00582813 0.00118941 0.000297354 0 0 0 0
 0 0.00264628 0.0354308 0.0461629 0.0458689 0.0383711 0.0214643 0.0164657 0.0346957 0.0420465 0.0363128 0.0245516 0.0311673 0.0291091 0.0169068 0.0133784 0.00837989 0.0085269 0.0148486 0.0160247 0.0276389 0.0546898 0.0760071 0.122758 0.109233 0.0665981 0.0333725 0.0166128 0.00676272 0.00308733 0.000882094 0 0 0 0 0
 0 0 0 0 0 0 0 0.000805153 0.000690131 0.00759144 0.0133425 0.0154129 0.00931677 0.000345066 0.00356568 0.00563607 0.00851162 0.0253048 0.0502646 0.0516448 0.0657925 0.0565908 0.0611916 0.0827007 0.0866115 0.110766 0.145733 0.0935128 0.0569358 0.0249597 0.0138026 0.00621118 0.00161031 0.00115022 0 0
 0 0 0 0 0 0 0 0 0 0 0 0 0 0 0 0 0 0 0 0 0 0 0 0 0 0 0 0 0 0 0 0 0 0 0 0
 0.00147267 0.00158595 0.00478618 0.00569244 0.00954404 0.0108468 0.00647125 0.017049 0.0510054 0.094081 0.124002 0.0959785 0.0687766 0.0820023 0.061753 0.0591476 0.0492212 0.0479892 0.0443925 0.0268479 0.0217502 0.0140895 0.0121071 0.0120363 0.00920419 0.00665534 0.0049561 0.00860946 0.00930331 0.0156896 0.0114698 0.00855282 0.00243557 0.00046729 0 2.83206e-05
 0 0 0 0 0.000772559 0.00158375 0.000888443 0.00281984 0.00712685 0.0440552 0.0773331 0.111326 0.0921469 0.0852325 0.0710754 0.0886704 0.0786465 0.0553345 0.0373146 0.0185414 0.00753245 0.00457741 0.012979 0.0271748 0.0457355 0.0583668 0.034881 0.0177882 0.00938659 0.00492506 0.0015258 0.00185414 0.000309023 5.79419e-05 3.86279e-05 0
 0 0.00173294 0.00326652 0 0.00397197 0.00683976 0.00946217 0.0152591 0.00757587 0.0136028 0.0228656 0.0392903 0.0559909 0.0764795 0.0681675 0.0726916 0.0566044 0.0477403 0.0527397 0.0444891 0.0609904 0.0582453 0.0661739 0.0445044 0.0529084 0.0360697 0.0280645 0.0235558 0.0158879 0.00826598 0.00280645 0.00217768 0.000904811 0.00058276 9.20147e-05 0
 0 0 0 0 0 0 0 0 0 0 0 0 0 0 0 0 0 0 0 0 0 0 0 0 0 0 0 0 0 0 0 0 0 0 0 0
 0 0 0 0 0 0 0 0 0 0 0 0 0 0 0 0 0 0 0 0 0 0 0 0 0 0 0 0 0 0 0 0 0 0 0 0
 0 0 0 0 0 0 0 0 0 0 0 0 0 0 0 0 0 0 0 0 0 0 0 0 0 0 0 0 0 0 0 0 0 0 0 0
ppred_pel_tallas
 1.01229e-16 3.30591e-05 0.000194032 0.00092234 0.00355106 0.0110737 0.0279712 0.0572328 0.0948696 0.127407 0.138643 0.122292 0.0875367 0.0510797 0.0247764 0.010892 0.00581832 0.00530674 0.00675183 0.00900355 0.0115802 0.0141782 0.016512 0.0183138 0.0193799 0.0196138 0.0190435 0.0178052 0.0161031 0.0141576 0.0121611 0.0102518 0.00850874 0.00696324 0.00561649 0.00445636
 1.01332e-16 3.20395e-05 0.000188042 0.00089386 0.0034414 0.0107317 0.0271074 0.0554656 0.0919414 0.123478 0.134376 0.118549 0.0849034 0.049635 0.024247 0.01095 0.00626172 0.00607343 0.007857 0.0104779 0.0134304 0.0163659 0.0189465 0.0208581 0.02187 0.0218854 0.0209613 0.0192857 0.0171257 0.0147611 0.0124284 0.010288 0.00841945 0.00683685 0.00551474 0.00441243
 1.02212e-16 2.54082e-05 0.000149101 0.000708707 0.00272847 0.00850841 0.0214918 0.0439765 0.0729013 0.0979208 0.106601 0.0941321 0.0676073 0.039909 0.0202156 0.0103495 0.00762025 0.00882211 0.0119608 0.0160836 0.0206612 0.0252208 0.0292584 0.0322948 0.0339729 0.0341368 0.0328617 0.030422 0.0272128 0.0236514 0.0200937 0.0167848 0.0138516 0.0113252 0.00917867 0.00736208
 1.02449e-16 3.06683e-05 0.000179995 0.000855605 0.00329411 0.0102724 0.0259472 0.0530916 0.0880059 0.118192 0.128621 0.113466 0.0812499 0.0474738 0.0231456 0.0103794 0.00584252 0.00560761 0.00726751 0.00975781 0.0126242 0.0155671 0.0182948 0.0205271 0.0220436 0.0227271 0.0225822 0.0217205 0.0203216 0.0185831 0.0166798 0.0147396 0.0128412 0.0110262 0.00931596 0.00772572
 1.02036e-16 3.1222e-05 0.000183243 0.000871045 0.00335355 0.0104577 0.0264154 0.0540498 0.0895947 0.120327 0.130948 0.115526 0.0827432 0.0483817 0.0236529 0.0107135 0.0061734 0.00603243 0.00783111 0.0104679 0.0134534 0.0164502 0.0191294 0.0211833 0.0223823 0.0226247 0.0219554 0.020545 0.0186387 0.0164943 0.014329 0.0122892 0.0104474 0.00881877 0.00738543 0.0061198
 1.02947e-16 2.34329e-05 0.000137502 0.00065356 0.00251614 0.00784624 0.0198192 0.0405544 0.0672299 0.0903074 0.0983236 0.0868503 0.0624363 0.0369753 0.0189494 0.0100614 0.00785266 0.00938456 0.0128235 0.0172777 0.0222234 0.0271685 0.0315793 0.0349458 0.0368856 0.0372279 0.0360455 0.0336208 0.0303631 0.026705 0.0230143 0.0195436 0.016423 0.0136853 0.0113061 0.00924032
 1.03269e-16 2.90073e-05 0.000170242 0.00080924 0.0031156 0.00971567 0.024541 0.0502145 0.0832373 0.111789 0.121658 0.107333 0.07688 0.0449648 0.022006 0.0100123 0.00584243 0.00579217 0.00759263 0.01024 0.0133007 0.0164799 0.0194835 0.0220239 0.023869 0.0248857 0.0250596 0.0244815 0.02331 0.0217245 0.0198859 0.0179154 0.0158937 0.0138721 0.0118895 0.00998287
 1.03389e-16 2.62721e-05 0.000154177 0.000732848 0.00282144 0.00879834 0.022224 0.0454744 0.0753828 0.101249 0.110211 0.0972893 0.0698076 0.0410728 0.0205559 0.0101183 0.00695527 0.0077379 0.010407 0.0140054 0.0180428 0.0221122 0.025788 0.0286645 0.030436 0.0309622 0.0302936 0.0286432 0.0263208 0.0236522 0.0209102 0.0182777 0.0158447 0.0136306 0.0116176 0.00977966
 1.03186e-16 2.83319e-05 0.000166275 0.000790372 0.00304294 0.00948908 0.0239687 0.0490438 0.0812976 0.109187 0.118834 0.104861 0.0751511 0.0440377 0.0217083 0.010139 0.00627467 0.00650479 0.00860966 0.0115894 0.0149834 0.018452 0.0216506 0.0242474 0.0259845 0.0267299 0.0264995 0.0254369 0.0237653 0.0217257 0.0195265 0.0173144 0.0151729 0.0131381 0.0112212 0.00942833
 1.03223e-16 2.67504e-05 0.000156986 0.000746204 0.00287286 0.00895871 0.0226291 0.0463031 0.0767561 0.103092 0.112213 0.0990478 0.0710496 0.0417638 0.0208283 0.0101314 0.00681074 0.00747239 0.0100202 0.0134869 0.0173886 0.0213329 0.0249114 0.0277334 0.029502 0.0300769 0.0294988 0.027964 0.0257626 0.0232023 0.0205439 0.0179656 0.0155599 0.0133537 0.011339 0.00949889
 1.04942e-16 1.93101e-05 0.000113296 0.000538479 0.00207304 0.00646446 0.016329 0.0334133 0.055394 0.074416 0.0810411 0.071631 0.0515966 0.0307605 0.0161432 0.00918757 0.00791076 0.0099284 0.013749 0.0186283 0.0240889 0.029644 0.0347477 0.0388662 0.0415856 0.0426975 0.0422334 0.040433 0.037664 0.0343223 0.0307485 0.0271813 0.0237542 0.0205213 0.0174953 0.0146794
 1.07348e-16 1.88046e-05 0.000110336 0.000524425 0.00201896 0.00629583 0.0159029 0.032541 0.0539458 0.0724645 0.0789001 0.0697011 0.0501251 0.0297209 0.0153035 0.00825317 0.00661872 0.00807234 0.0111823 0.0152804 0.0199971 0.0249833 0.0298414 0.0341642 0.037608 0.0399543 0.041137 0.0412258 0.0403794 0.0387862 0.0366178 0.0340067 0.0310514 0.0278348 0.0244451 0.0209874
 1.06079e-16 2.65832e-05 0.000156012 0.000741591 0.00285513 0.00890344 0.0224894 0.0460167 0.0762791 0.102445 0.111491 0.0983697 0.0704739 0.0412464 0.02024 0.00930273 0.00556464 0.00564156 0.00746554 0.0101277 0.0132406 0.0165417 0.0197661 0.022651 0.0249789 0.0266163 0.0275296 0.0277713 0.0274456 0.0266673 0.025531 0.0240984 0.022405 0.0204776 0.0183531 0.0160898
 1.04155e-16 2.71728e-05 0.000159468 0.000758008 0.00291832 0.00910047 0.0229872 0.0470356 0.0779696 0.10472 0.11398 0.100595 0.0721322 0.0423455 0.0210168 0.0100543 0.00654063 0.00702096 0.00936518 0.0125996 0.016253 0.0199583 0.0233388 0.0260364 0.0277811 0.0284478 0.0280779 0.0268538 0.0250397 0.0229101 0.0206903 0.0185247 0.0164775 0.0145544 0.0127342 0.0109961
 1.02422e-16 3.12268e-05 0.000183273 0.00087119 0.00335412 0.0104595 0.0264199 0.0540588 0.0896091 0.120345 0.130965 0.115534 0.0827336 0.0483453 0.0235782 0.0105844 0.00596904 0.00572962 0.00740909 0.00991495 0.0127739 0.0156698 0.0182975 0.020369 0.0216663 0.0220864 0.0216594 0.02053 0.0189119 0.0170318 0.015082 0.0131937 0.0114349 0.00982477 0.00835654 0.00701653
 1.01534e-16 3.26055e-05 0.000191367 0.000909669 0.00350227 0.0109215 0.0275869 0.0564465 0.0935668 0.125659 0.136745 0.120628 0.0863676 0.0504416 0.0245489 0.0109306 0.00603464 0.0056739 0.00727598 0.00969549 0.0124371 0.0151743 0.0175961 0.019414 0.0204151 0.0205084 0.019743 0.0182873 0.0163812 0.0142763 0.0121844 0.0102489 0.00854001 0.00707018 0.00581743 0.00474768
 1.01974e-16 2.71064e-05 0.000159073 0.00075612 0.00291103 0.00907773 0.0229298 0.0469185 0.0777771 0.104466 0.113714 0.100387 0.072042 0.0424102 0.0212667 0.0105345 0.00732114 0.00818995 0.0110091 0.0147766 0.0189653 0.0231287 0.0267997 0.029537 0.0310139 0.0310909 0.0298437 0.0275322 0.0245274 0.0212195 0.0179397 0.0149139 0.0122562 0.00998989 0.00808354 0.00648409
 1.02807e-16 2.74131e-05 0.000160878 0.000764713 0.00294414 0.00918097 0.0231905 0.0474516 0.0786592 0.105646 0.114987 0.101482 0.0727654 0.0427112 0.0211877 0.0101197 0.00656449 0.00703823 0.00939503 0.0126571 0.0163542 0.0201197 0.0235743 0.0263513 0.0281655 0.0288714 0.0284872 0.0271743 0.0251841 0.0227907 0.0202337 0.0176864 0.0152517 0.0129771 0.0108795 0.00896514
 1.03209e-16 2.7223e-05 0.000159762 0.000759405 0.0029237 0.00911723 0.0230295 0.0471222 0.0781134 0.104913 0.114191 0.100782 0.0722696 0.0424323 0.0210716 0.0101008 0.00659919 0.00710764 0.00949403 0.012784 0.0165048 0.0202857 0.023743 0.0265088 0.0282998 0.0289771 0.0285688 0.0272475 0.0252738 0.0229268 0.0204451 0.0179942 0.0156643 0.0134885 0.0114696 0.00960382
 1.02333e-16 3.20964e-05 0.00018838 0.000895474 0.00344762 0.0107511 0.0271564 0.0555656 0.0921061 0.123696 0.134606 0.118732 0.0849915 0.0496008 0.0240713 0.0106039 0.0056983 0.00523286 0.00668224 0.00893471 0.0115278 0.014172 0.0165944 0.0185375 0.0198038 0.0202958 0.0200322 0.0191321 0.0177761 0.0161573 0.014441 0.0127418 0.0111218 0.00960413 0.0081909 0.00687985
 1.02083e-16 2.92314e-05 0.000171553 0.000815459 0.00313952 0.00979026 0.0247295 0.0506006 0.0838788 0.112655 0.122613 0.108205 0.0775699 0.0454984 0.0225075 0.0106412 0.00675056 0.00710776 0.00941106 0.0126056 0.0161815 0.0197456 0.0229 0.0252707 0.0265813 0.0267142 0.0257332 0.0238574 0.0213983 0.0186819 0.0159823 0.0134838 0.0112762 0.00937386 0.00774728 0.00635183
 1.02447e-16 2.83427e-05 0.000166336 0.000790659 0.00304404 0.0094925 0.0239774 0.0490617 0.0813279 0.109229 0.118885 0.104917 0.075216 0.044125 0.0218425 0.0103533 0.00660804 0.00699814 0.00929907 0.0124964 0.016104 0.0197477 0.0230443 0.0256279 0.0272195 0.0276857 0.0270623 0.0255315 0.023366 0.020858 0.0182594 0.0157473 0.0134194 0.0113111 0.00942124 0.00773609
 1.02426e-16 3.00717e-05 0.00017649 0.000838938 0.00322993 0.0100722 0.0254417 0.0520574 0.0862924 0.115893 0.126126 0.111279 0.079717 0.0466441 0.0228636 0.0104595 0.00617445 0.00616326 0.00806293 0.0108147 0.0139445 0.0171183 0.0200058 0.0222925 0.0237384 0.0242272 0.0237864 0.022568 0.0208001 0.0187269 0.016558 0.0144394 0.012451 0.0106216 0.00895168 0.00743351
 1.02493e-16 2.84727e-05 0.000167099 0.000794285 0.00305799 0.00953603 0.0240873 0.0492867 0.0817009 0.109731 0.119431 0.1054 0.0755656 0.0443361 0.021958 0.0104254 0.0066752 0.00708122 0.00940623 0.0126268 0.0162489 0.0198898 0.0231591 0.0256865 0.0271932 0.0275525 0.0268121 0.0251699 0.0229147 0.0203516 0.0177396 0.0152559 0.0129916 0.0109708 0.00917897 0.00758945
 1.05218e-16 1.3993e-05 8.20708e-05 0.000390009 0.00150136 0.00468167 0.0118259 0.0242005 0.0401267 0.0539243 0.0587734 0.0520639 0.0377527 0.0230097 0.0129961 0.00884866 0.00922404 0.012464 0.0175021 0.0237298 0.0306337 0.0376036 0.0439347 0.0489386 0.052087 0.0531245 0.052113 0.0493888 0.0454566 0.0408572 0.036055 0.0313747 0.0269945 0.0229785 0.0193272 0.0160215
pSPR Fmed_Fpbrs
0.702779   0.335608 0.335608
Fs Fmed_Fpbrs
0.221234   1.005 1.005
SSBpbr Bo_Bmed_Bpbrs
1.31761e+06  860107  376319 376319
Ro
55121.3
SPR SPRFo_SPRFmed_SPRFpbrs
1.13602e+06 798374 381259
log_Ro
10.7373
likeval ReclasPelacesDesembMPH_pf_preclas_ppelaces_ptallas_desvR_qrecl_qpela
 64.5477 26.9308 0.0172612 0.000189163 287.598 198.582 70.832 0 15.631 7.95339e-05 0 0 0 0 0
q_reclas_q_pelaces
0.282594 1
M
0.7
N
 51490.8 15501.6 5829.84 693.316 0.362033
 66437 23553.5 4994.39 1878.29 223.493
 40443.6 30805.4 8150.68 1728.31 727.323
 66981.8 18167.9 9021.36 2386.93 719.133
 114820 32633.8 8159.52 4051.66 1394.99
 81043.5 56809.9 15896.4 3974.63 2653.15
 130977 38837.3 23386.6 6543.97 2728.41
 123198 63602.5 17142.2 10322.4 4092.68
 149464 58551.7 25065.7 6755.71 5680.98
 148329 70671.5 22459.8 9614.92 4770.58
 68293 70844.7 28586.3 9084.88 5818.87
 39901.6 31307.4 23088.5 9316.36 4857.18
 42572.8 18399.2 10522.2 7759.91 4763.64
 23670.1 18792.8 4914.02 2810.25 3344.76
 18510.3 9556.46 3136.53 820.153 1027.27
 23064.4 7582.72 1721.94 565.159 332.881
 18968.5 10617.2 2525.65 573.545 299.12
 21001.9 8923.68 3965.6 943.351 325.947
 23504.6 10053.3 3652.16 1622.98 519.48
 44625.2 11310.2 4229.22 1536.39 901.291
 55749.3 21457.2 4739.35 1772.18 1021.47
 70173.4 27268.4 9838.7 2173.11 1280.96
 106889 34178.7 12227.8 4411.93 1548.9
 129325 51854.6 15008.5 5369.48 2617.51
 41748.8 62733.5 22759.7 6587.45 3505.6
pred_Ctot
 2933.66 4013.42 1509.37 179.502 0.0937316
 3178.76 5242.36 1111.62 418.056 49.7434
 2790.65 9367.37 2478.48 525.549 221.166
 911.064 1256.17 623.758 165.038 49.7225
 301.351 448.067 112.032 55.63 19.1534
 2042.85 7062.72 1976.27 494.134 329.845
 2086.52 3126.01 1882.38 526.722 219.609
 3813.54 9566.53 2578.37 1552.61 615.585
 5156 9724.98 4163.21 1122.07 943.567
 4083.11 9537.27 3031 1297.56 643.801
 3791.37 17939.3 7238.63 2300.48 1473.46
 2058.47 7441.36 5487.84 2214.38 1154.49
 3423.96 6335.12 3622.96 2671.85 1640.19
 3221.01 9534.93 2493.23 1425.84 1697.04
 2356.48 4634.45 1521.08 397.737 498.182
 1216.41 1837.09 417.181 136.923 80.6482
 720.255 1923.7 457.616 103.919 54.1966
 545.614 1141.11 507.1 120.631 41.6804
 524.982 1115.76 405.333 180.126 57.6543
 1019.94 1282.77 479.666 174.253 102.222
 602.866 1188.14 262.43 98.1303 56.5614
 969.018 1913.09 690.263 152.461 89.8697
 1776.33 2864.72 1024.89 369.79 129.822
 2157.3 4361.91 1262.49 451.671 220.18
 633.811 4821.45 1749.22 506.286 269.427
F
 0.0821304 0.432628 0.432628 0.432628 0.432628
 0.0685651 0.361171 0.361171 0.361171 0.361171
 0.100254 0.528094 0.528094 0.528094 0.528094
 0.0190731 0.100469 0.100469 0.100469 0.100469
 0.00365535 0.0192548 0.0192548 0.0192548 0.0192548
 0.0356045 0.187549 0.187549 0.187549 0.187549
 0.022371 0.117841 0.117841 0.117841 0.117841
 0.0438823 0.231153 0.231153 0.231153 0.231153
 0.0490137 0.258183 0.258183 0.258183 0.258183
 0.0389393 0.205116 0.205116 0.205116 0.205116
 0.0799525 0.421155 0.421155 0.421155 0.421155
 0.0741072 0.390365 0.390365 0.390365 0.390365
 0.117742 0.620215 0.620215 0.620215 0.620215
 0.206994 1.09036 1.09036 1.09036 1.09036
 0.192454 1.01376 1.01376 1.01376 1.01376
 0.075817 0.399371 0.399371 0.399371 0.399371
 0.05407 0.284818 0.284818 0.284818 0.284818
 0.0367134 0.19339 0.19339 0.19339 0.19339
 0.0314915 0.165884 0.165884 0.165884 0.165884
 0.0322359 0.169805 0.169805 0.169805 0.169805
 0.0151376 0.0797381 0.0797381 0.0797381 0.0797381
 0.0193662 0.102013 0.102013 0.102013 0.102013
 0.0233473 0.122984 0.122984 0.122984 0.122984
 0.0234363 0.123452 0.123452 0.123452 0.123452
 0.0213094 0.112249 0.112249 0.112249 0.112249
nmprior
 10 11 7 0
nm_flota  nm_reclas  nm_pelaces    nm_pelaL
inf 13.9808 20.0818 36.5901
cv_recla  cv_pelaces  cv_mph
0.726717 0.610645 0.446227
 ------------------------------------------------
Talla a la edad & desviación 
 7.2 14.2025 17.0495 18.207 18.6776
 1.08 2.13037 2.55742 2.73105 2.80164
