    unsorted:	 7.389585742e-06 1.431384701e-05 0.0008999883279 0.007990205098 112.1631658 68.88762250 66.87920240 97.22039561 14.64470440 34.20752685 226.0144171 232.7769825 346.5082463 483.5431530 528.4673418 675.6188058 743.1971513 772.2684426 828.9713325 890.9346768 995.4208420 1115.109624 1317.623261 1479.287147 1715.527534 1833.726496 2257.423934 2333.909170 2548.612770 3000.380730 3067.200177 3293.141378 3574.812643 4177.065509 4609.283934 4715.133691 4994.992125 8467.165327 15919.15412 204638.1084 425415.8275 437402.8108 396446.0261 376582.1222 461455.1531 341805.5753 275306.0546 521774.6721 547321.5785 611226.8840 697543.6422 735265.9174 833500.6457 997182.4109 1133600.050 1278789.572 1396138.359 1532266.163 1809676.959 1997621.475 2335820.682 2384616.796 2654115.559 30865315.87
      sorted:	 7.389585742e-06 1.431384701e-05 0.0008999883279 0.007990205098 14.64470440 34.20752685 66.87920240 68.88762250 97.22039561 112.1631658 226.0144171 232.7769825 346.5082463 483.5431530 528.4673418 675.6188058 743.1971513 772.2684426 828.9713325 890.9346768 995.4208420 1115.109624 1317.623261 1479.287147 1715.527534 1833.726496 2257.423934 2333.909170 2548.612770 3000.380730 3067.200177 3293.141378 3574.812643 4177.065509 4609.283934 4715.133691 4994.992125 8467.165327 15919.15412 204638.1084 275306.0546 341805.5753 376582.1222 396446.0261 425415.8275 437402.8108 461455.1531 521774.6721 547321.5785 611226.8840 697543.6422 735265.9174 833500.6457 997182.4109 1133600.050 1278789.572 1396138.359 1532266.163 1809676.959 1997621.475 2335820.682 2384616.796 2654115.559 30865315.87
