years
 1997 1998 1999 2000 2001 2002 2003 2004 2005 2006 2007 2008 2009 2010 2011 2012 2013 2014 2015 2016 2017 2018 2019
reclasobs
 0 0 0 370054 412103 1.49427e+06 250295 1.28982e+06 931140 785840 897777 1.04006e+06 184774 17550 25797 100020 73551 82996 120727 218422 84188 347160 605670
reclaspred
 372381 102431 315230 235241 353164 422382 936388 627083 702328 637570 501845 336561 206686 96619.2 68852.4 71161.5 89726.8 122505 128324 188455 278288 252696 420434
pelacesobs
 0 0 0 0 0 0 0 0 0 2.06254e+06 1.5e+06 0 1.87456e+06 323000 250000 174000 83755 137374 0 501740 490994 745055 786931
pelacespred
 1.06691e+06 259604 495741 559188 717997 720655 1.8165e+06 1.51699e+06 1.50264e+06 1.37839e+06 978490 677022 414121 161958 113516 125373 164942 227626 246261 350456 574115 511697 673177
mphobs
 0 0 0 0 0 112323 0 153150 637223 0 255016 313432 73983 77613 109348 50772 0 0 0 0 0 0 0
mphpred
 138684 84343.4 103997 128834 139524 221862 336202 398038 342452 347476 325673 229432 141357 74821.5 36575.1 31953.4 39175 54362.4 67231.8 76847.4 118313 141977 175250
desembarqueobs
 350755 77701 442110 56441 14545 235359 269955 359681 431902 328805 639364 411747 362871 311530 167758 66681 60226 58785 57116 73181 50977 67692 138656
desembarquepred
 350761 77700.7 442103 56442 14545.1 235393 269981 359682 431930 328824 639572 411990 363198 311968 167798 66691.7 60243.9 58786 57112.2 73179.2 50976.9 67685.9 138652
Reclutas
 50778.7 65674.8 39556.1 65836.4 113517 81392.9 130678 123007 149577 146788 68186.7 40118.3 42963.5 23671.6 18480.6 23031.4 18970 21138.7 23659.3 45183.9 57191.6 70014.4 103216
log_desv_Rt
 -0.0543827 0.202855 -0.304141 0.205313 0.750092 0.417428 0.890874 0.830379 1.02595 1.00713 0.24039 -0.290026 -0.221508 -0.817583 -1.06514 -0.845 -1.039 -0.930754 -0.818103 -0.17112 0.0645479 0.266841 0.654961
SSB
 685253 416749 513861 636581 689402 1.09624e+06 1.66121e+06 1.96674e+06 1.69209e+06 1.71691e+06 1.60918e+06 1.13365e+06 698460 369701 180721 157885 193568 268610 332199 379711 584597 701525 865928
BT
 2.19719e+06 596463 1.13035e+06 1.06112e+06 1.29676e+06 1.47576e+06 3.43636e+06 3.12476e+06 3.0862e+06 2.78597e+06 2.33216e+06 1.59282e+06 1.09952e+06 591136 346414 279714 344783 454626 490269 687317 1.06941e+06 979777 1.30126e+06
Ftot
 0.438291 0.367456 0.539119 0.103085 0.0196697 0.190558 0.118919 0.232499 0.259267 0.205819 0.424197 0.393564 0.624426 1.09277 1.01575 0.40029 0.285427 0.193511 0.165334 0.172296 0.0773543 0.100605 0.122479
BD_Bspro_t
 0.946237 0.750552 0.71025 0.58732 0.721129 0.84327 0.81463 0.821981 0.774175 0.741541 0.707967 0.560001 0.446432 0.335145 0.21809 0.233483 0.348247 0.51239 0.61993 0.700058 0.796642 0.859714 0.862638
BD_Bspro
 0.620131 0.377144 0.465027 0.576084 0.623886 0.992064 1.50334 1.77984 1.53128 1.55375 1.45626 1.02591 0.632083 0.334567 0.163547 0.142881 0.175172 0.243083 0.300629 0.343626 0.529041 0.634857 0.783636
BD_Bo
 0.544574 0.331193 0.408368 0.505894 0.547872 0.871191 1.32017 1.56298 1.34471 1.36444 1.27883 0.900915 0.55507 0.293803 0.14362 0.125472 0.153829 0.213466 0.264001 0.301758 0.464582 0.557506 0.688158
BD_Brms
 1.8903 1.14962 1.41751 1.75604 1.90175 3.02404 4.58252 5.42536 4.6677 4.73618 4.43901 3.12722 1.92673 1.01984 0.498527 0.435533 0.533965 0.740973 0.916387 1.04745 1.61264 1.93519 2.3887
S_f
 0.188973 1 1 1 1
 0.188973 1 1 1 1
 0.188973 1 1 1 1
 0.188973 1 1 1 1
 0.188973 1 1 1 1
 0.188973 1 1 1 1
 0.188973 1 1 1 1
 0.188973 1 1 1 1
 0.188973 1 1 1 1
 0.188973 1 1 1 1
 0.188973 1 1 1 1
 0.188973 1 1 1 1
 0.188973 1 1 1 1
 0.188973 1 1 1 1
 0.188973 1 1 1 1
 0.188973 1 1 1 1
 0.188973 1 1 1 1
 0.188973 1 1 1 1
 0.188973 1 1 1 1
 0.188973 1 1 1 1
 0.188973 1 1 1 1
 0.188973 1 1 1 1
 0.188973 1 1 1 1
Scru_reclas
 1 1 1 1 1
 1 1 1 1 1
 1 1 1 1 1
 1 1 1 1 1
 1 1 1 1 1
 1 1 1 1 1
 1 1 1 1 1
 1 1 1 1 1
 1 1 1 1 1
 1 1 1 1 1
 1 1 1 1 1
 1 1 1 1 1
 1 1 1 1 1
 1 1 1 1 1
 1 1 1 1 1
 1 1 1 1 1
 1 1 1 1 1
 1 1 1 1 1
 1 1 1 1 1
 1 1 1 1 1
 1 1 1 1 1
 1 1 1 1 1
 1 1 1 1 1
Scru_pelaces
 1 1 1 1 1
 1 1 1 1 1
 1 1 1 1 1
 1 1 1 1 1
 1 1 1 1 1
 1 1 1 1 1
 1 1 1 1 1
 1 1 1 1 1
 1 1 1 1 1
 1 1 1 1 1
 1 1 1 1 1
 1 1 1 1 1
 1 1 1 1 1
 1 1 1 1 1
 1 1 1 1 1
 1 1 1 1 1
 1 1 1 1 1
 1 1 1 1 1
 1 1 1 1 1
 1 1 1 1 1
 1 1 1 1 1
 1 1 1 1 1
 1 1 1 1 1
pf_obs 
 0.256992 0.487395 0.22802 0.0275931 0
 0.321318 0.546541 0.124235 0.00734118 0.000564706
 0.182869 0.594174 0.210203 0.0122559 0.00049798
 0.330522 0.361315 0.267642 0.0388342 0.00168674
 0.649043 0.306663 0.0425973 0.00169635 0
 0.582887 0.30429 0.105238 0.00758474 0
 0.465427 0.430635 0.0974691 0.00646863 0
 0.296916 0.608066 0.0921331 0.00288517 0
 0.311714 0.524322 0.152257 0.0117073 0
 0.15457 0.633149 0.183074 0.0267441 0.00246327
 0.131901 0.49318 0.331252 0.0422183 0.00144891
 0.196976 0.569456 0.194076 0.0375587 0.00193317
 0.518974 0.381816 0.0799577 0.0180837 0.00116848
 0.0928022 0.601141 0.25162 0.0475244 0.00691264
 0.122501 0.610282 0.24278 0.0234846 0.000952079
 0.383417 0.481906 0.127806 0.00687128 0
 0.0376549 0.599619 0.316969 0.0457579 0
 0.0361596 0.667082 0.258105 0.0386534 0
 0.158088 0.579412 0.248529 0.0139706 0
 0.0477256 0.309471 0.559284 0.082774 0.000745712
 0.0406174 0.521527 0.379366 0.0568643 0.0016247
 0.151134 0.462217 0.34131 0.0453401 0
 0.294876 0.26143 0.354403 0.0886775 0.000613685
pf_pred 
 0.338148 0.465774 0.175224 0.0208441 1.06838e-05
 0.318045 0.52414 0.111061 0.0417811 0.0049727
 0.180157 0.611212 0.160351 0.0339771 0.0143034
 0.303883 0.417762 0.20752 0.0544427 0.0163923
 0.322881 0.47921 0.118771 0.0589989 0.0201387
 0.17372 0.593259 0.164913 0.0408735 0.0272341
 0.265941 0.402574 0.238002 0.0661594 0.0273232
 0.210091 0.528716 0.143244 0.0846858 0.033263
 0.244179 0.461368 0.197089 0.0533969 0.0439676
 0.217249 0.515363 0.163219 0.0697244 0.0344448
 0.116001 0.545912 0.222596 0.0704977 0.0449929
 0.112968 0.406831 0.296547 0.120918 0.0627362
 0.194925 0.360317 0.203985 0.148689 0.0920841
 0.174397 0.522656 0.135586 0.0767589 0.0906021
 0.24939 0.493328 0.162875 0.0422526 0.0521547
 0.32884 0.498853 0.113246 0.037389 0.0216718
 0.22049 0.590625 0.140393 0.0318711 0.0166216
 0.232044 0.484426 0.214827 0.0510649 0.0176382
 0.229497 0.490096 0.17688 0.0784406 0.0250859
 0.33407 0.419327 0.156858 0.0566115 0.0331342
 0.275065 0.537768 0.117856 0.0440865 0.025224
 0.248591 0.507435 0.180984 0.0396639 0.0233261
 0.278668 0.46671 0.17195 0.0613282 0.0213448
pobs_RECLAS
 0 0 0 0 0
 0 0 0 0 0
 0 0 0 0 0
 0 0 0 0 0
 0.835266 0.146461 0.0176864 0.000547809 3.91292e-05
 0.385257 0.428462 0.181853 0.0044286 0
 0.867414 0.0963971 0.0333333 0.00285562 0
 0.441836 0.489002 0.0689373 0.000224442 0
 0.779404 0.147425 0.0564933 0.0165055 0.000172143
 0.814271 0.122319 0.05973 0.00367925 0
 0.40263 0.566651 0.0304383 0.000280538 0
 0.475488 0.404961 0.113038 0.00651328 0
 0.955842 0.0263864 0.0167828 0.000988607 0
 0.975058 0.0227948 0.00214734 0 0
 0.738997 0.206755 0.0527124 0.00153531 0
 0.850938 0.134255 0.0134407 0.00136685 0
 0.542534 0.407297 0.0501686 0 0
 0.764087 0.199537 0.0359546 0.000420521 0
 0.470689 0.182191 0.310203 0.0369168 0
 0.84361 0.089868 0.0606195 0.00523954 0.000663233
 0.607945 0.314616 0.071237 0.00620181 0
 0.523733 0.453247 0.0230204 0 0
 0.530135 0.295979 0.169645 0.0042399 0
ppred_RECLAS
 0.735479 0.186155 0.0700311 0.0083307 4.26995e-06
 0.716236 0.218097 0.046213 0.0173853 0.00206916
 0.546712 0.337937 0.0886573 0.0187858 0.00790832
 0.698998 0.180641 0.0897322 0.0235411 0.00708807
 0.71637 0.20073 0.0497507 0.0247133 0.00843565
 0.529223 0.338012 0.0939601 0.0232879 0.0155167
 0.658579 0.187243 0.110698 0.0307716 0.0127084
 0.587779 0.275915 0.0747531 0.044194 0.0173586
 0.634376 0.223184 0.0953407 0.0258305 0.0212691
 0.597652 0.264906 0.0838973 0.0358396 0.0177052
 0.416338 0.360439 0.14697 0.0465462 0.0297067
 0.408507 0.271284 0.197745 0.0806307 0.0418339
 0.572523 0.19132 0.108312 0.0789505 0.0488946
 0.55178 0.28375 0.0736096 0.0416724 0.0491878
 0.657266 0.225257 0.0743701 0.0192929 0.0238142
 0.726655 0.203169 0.0461222 0.0152275 0.00882634
 0.60346 0.300453 0.0714185 0.016213 0.00845548
 0.617722 0.241141 0.106938 0.0254195 0.00878006
 0.613921 0.245575 0.0886302 0.0393046 0.0125699
 0.72821 0.171142 0.0640193 0.0231052 0.0135232
 0.668396 0.245989 0.0539104 0.0201663 0.0115381
 0.637638 0.244707 0.0872781 0.0191277 0.0112489
 0.672916 0.211627 0.0779696 0.0278089 0.00967869
pobs_PELACES
 0 0 0 0 0
 0 0 0 0 0
 0 0 0 0 0
 0 0 0 0 0
 0 0 0 0 0
 0 0 0 0 0
 0 0 0 0 0
 0 0 0 0 0
 0 0 0 0 0
 0 0 0 0 0
 0.450072 0.473896 0.0757376 0.000293798 0
 0 0 0 0 0
 0.463077 0.371075 0.160297 0.00555027 0
 0.529543 0.364841 0.0842815 0.0213345 0
 0.631943 0.363953 0.00410389 0 0
 0.735681 0.248677 0.0153453 0.000297389 0
 0.695825 0.281241 0.0229344 0 0
 0.275771 0.60734 0.115278 0.00161068 0
 0 0 0 0 0
 0.896147 0.0623911 0.0374545 0.00400742 0
 0.803859 0.145111 0.0509908 3.86294e-05 0
 0.739449 0.233085 0.0266225 0.000797448 4.60066e-05
 0.878498 0.100942 0.0204185 0.000141795 0
ppred_PELACES
 0.757662 0.170543 0.0641582 0.00763207 3.91186e-06
 0.735792 0.203066 0.0430281 0.0161871 0.00192656
 0.582169 0.311503 0.0817224 0.0173163 0.00728972
 0.70477 0.177177 0.0880112 0.0230896 0.00695214
 0.717439 0.199974 0.0495633 0.0246202 0.00840387
 0.541908 0.328905 0.0914284 0.0226604 0.0150986
 0.665699 0.183338 0.108389 0.0301299 0.0124434
 0.60277 0.265881 0.0720347 0.0425869 0.0167273
 0.650315 0.213454 0.0911843 0.0247044 0.0203419
 0.610824 0.256233 0.0811507 0.0346663 0.0171256
 0.444161 0.343258 0.139964 0.0443274 0.0282906
 0.434182 0.259508 0.189161 0.0771307 0.040018
 0.612842 0.173275 0.0980959 0.0715041 0.044283
 0.622538 0.238956 0.0619893 0.0350939 0.0414229
 0.71565 0.186885 0.0617012 0.0160064 0.0197575
 0.74741 0.187742 0.0426201 0.0140713 0.00815613
 0.621588 0.286718 0.0681536 0.0154718 0.00806893
 0.629875 0.233475 0.103538 0.0246113 0.00850093
 0.624355 0.238938 0.0862349 0.0382424 0.0122302
 0.73724 0.165456 0.0618923 0.0223375 0.0130739
 0.672969 0.242597 0.053167 0.0198882 0.011379
 0.643836 0.240522 0.0857852 0.0188005 0.0110565
 0.68009 0.206985 0.0762595 0.027199 0.00946642
pobs_pel_tallas
 0 0 0 0 0 0 0 0 0 0 0 0 0 0 0 0 0 0 0 0 0 0 0 0 0 0 0 0 0 0 0 0 0 0 0 0
 0 0 0 0 0 0 0 0 0 0 0 0 0 0 0 0 0 0 0 0 0 0 0 0 0 0 0 0 0 0 0 0 0 0 0 0
 0 0 0 0 0 0 0 0 0 0 0 0 0 0 0 0 0 0 0 0 0 0 0 0 0 0 0 0 0 0 0 0 0 0 0 0
 0 0 0 0 0 0 0 0 0 0 0 0 0 0 0 0 0 0 0 0 0 0 0 0 0 0 0 0 0 0 0 0 0 0 0 0
 0 0 0 0 0 0 0 0 0 0 0 0 0 0 0 0 0 0 0 0 0 0 0 0 0 0 0 0 0 0 0 0 0 0 0 0
 0 0 0 0 0 0 0 0 0 0 0 0 0 0 0 0 0 0 0 0 0 0 0 0 0 0 0 0 0 0 0 0 0 0 0 0
 0 0 0 0 0 0 0 0 0 0 0 0 0 0 0 0 0 0 0 0 0 0 0 0 0 0 0 0 0 0 0 0 0 0 0 0
 0 0 0 0 0 0 0 0 0 0 0 0 0 0 0 0 0 0 0 0 0 0 0 0 0 0 0 0 0 0 0 0 0 0 0 0
 0 0 0 0 0 0 0 0 0 0 0 0 0 0 0 0 0 0 0 0 0 0 0 0 0 0 0 0 0 0 0 0 0 0 0 0
 0 0 0 0 0 0 0 0 0 0 0 0 0 0 0 0 0 0 0 0 0 0 0 0 0 0 0 0 0 0 0 0 0 0 0 0
 0 0 0 0 0 0 0 0 1.78061e-05 0.00172719 0.00360574 0.0105946 0.0120993 0.0124554 0.0147524 0.0171206 0.0266825 0.0428682 0.0675386 0.121331 0.153587 0.119568 0.100827 0.0573624 0.0630603 0.0341343 0.0324427 0.0444173 0.0211091 0.0280891 0.0125444 0.00206551 0 0 0 0
 0 0 0 0 0 0 0 0 0 0 0 0 0 0 0 0 0 0 0 0 0 0 0 0 0 0 0 0 0 0 0 0 0 0 0 0
 0 0 0 0 0 0 0.0133647 0.0140871 0.0187388 0.0205184 0.03894 0.0496705 0.03968 0.0493445 0.0407372 0.0367815 0.0215668 0.0243155 0.0234873 0.0199281 0.019796 0.0243948 0.0301388 0.0376714 0.0412746 0.0863199 0.0771752 0.113111 0.0741005 0.0525337 0.0229764 0.00759418 0.00175318 0 0 0
 0 0 0 0 0 0 0 0 0 0 0.00219441 0.00772107 0.0458388 0.0604681 0.0671733 0.0775358 0.0609151 0.0617685 0.073594 0.0568108 0.0755445 0.0548602 0.0670107 0.0636378 0.0643287 0.046367 0.0373049 0.0286899 0.0247887 0.0153202 0.00654259 0.00121912 0.000365735 0 0 0
 0 0 0 0 0 0 0 0 0 0 0 0 0.000112435 0.00938835 0.0111873 0.0202946 0.0414886 0.0713402 0.111592 0.104902 0.108894 0.110636 0.117776 0.105296 0.107544 0.0401394 0.0192827 0.0124803 0.00416011 0.0028671 0.000618394 0 0 0 0 0
 0 0 0 0 0 0 0 0 0 0 0.00291406 0.0102884 0.027416 0.0768956 0.0749926 0.110853 0.0956884 0.0897413 0.0766577 0.0534642 0.0500743 0.0551293 0.0594112 0.0620874 0.0668451 0.0424026 0.0208742 0.0120726 0.0048766 0.00582813 0.00118941 0.000297354 0 0 0 0
 0 0.00264628 0.0354308 0.0461629 0.0458689 0.0383711 0.0214643 0.0164657 0.0346957 0.0420465 0.0363128 0.0245516 0.0311673 0.0291091 0.0169068 0.0133784 0.00837989 0.0085269 0.0148486 0.0160247 0.0276389 0.0546898 0.0760071 0.122758 0.109233 0.0665981 0.0333725 0.0166128 0.00676272 0.00308733 0.000882094 0 0 0 0 0
 0 0 0 0 0 0 0 0.000805153 0.000690131 0.00759144 0.0133425 0.0154129 0.00931677 0.000345066 0.00356568 0.00563607 0.00851162 0.0253048 0.0502646 0.0516448 0.0657925 0.0565908 0.0611916 0.0827007 0.0866115 0.110766 0.145733 0.0935128 0.0569358 0.0249597 0.0138026 0.00621118 0.00161031 0.00115022 0 0
 0 0 0 0 0 0 0 0 0 0 0 0 0 0 0 0 0 0 0 0 0 0 0 0 0 0 0 0 0 0 0 0 0 0 0 0
 0.00147267 0.00158595 0.00478618 0.00569244 0.00954404 0.0108468 0.00647125 0.017049 0.0510054 0.094081 0.124002 0.0959785 0.0687766 0.0820023 0.061753 0.0591476 0.0492212 0.0479892 0.0443925 0.0268479 0.0217502 0.0140895 0.0121071 0.0120363 0.00920419 0.00665534 0.0049561 0.00860946 0.00930331 0.0156896 0.0114698 0.00855282 0.00243557 0.00046729 0 2.83206e-05
 0 0 0 0 0.000772559 0.00158375 0.000888443 0.00281984 0.00712685 0.0440552 0.0773331 0.111326 0.0921469 0.0852325 0.0710754 0.0886704 0.0786465 0.0553345 0.0373146 0.0185414 0.00753245 0.00457741 0.012979 0.0271748 0.0457355 0.0583668 0.034881 0.0177882 0.00938659 0.00492506 0.0015258 0.00185414 0.000309023 5.79419e-05 3.86279e-05 0
 0 0.00173294 0.00326652 0 0.00397197 0.00683976 0.00946217 0.0152591 0.00757587 0.0136028 0.0228656 0.0392903 0.0559909 0.0764795 0.0681675 0.0726916 0.0566044 0.0477403 0.0527397 0.0444891 0.0609904 0.0582453 0.0661739 0.0445044 0.0529084 0.0360697 0.0280645 0.0235558 0.0158879 0.00826598 0.00280645 0.00217768 0.000904811 0.00058276 9.20147e-05 0
 0 0 0 0 0 0 0 0 0 0 0 0 0 0 0 0 0 0 0 0 0 0 0 0 0 0 0 0 0 0 0 0 0 0 0 0
ppred_pel_tallas
 1.01229e-16 3.30573e-05 0.000194021 0.00092229 0.00355087 0.0110731 0.0279697 0.0572296 0.0948644 0.1274 0.138636 0.122285 0.087532 0.051077 0.0247752 0.0108917 0.00581844 0.00530713 0.00675244 0.00900442 0.0115814 0.0141797 0.0165139 0.018316 0.0193824 0.0196166 0.0190464 0.0178083 0.0161062 0.0141608 0.0121642 0.0102546 0.00851138 0.00696559 0.00561852 0.00445807
 1.01324e-16 3.21049e-05 0.000188427 0.000895688 0.00344844 0.0107536 0.0271628 0.055579 0.0921294 0.12373 0.134651 0.11879 0.0850741 0.0497308 0.0242864 0.0109553 0.00624731 0.00604483 0.00781446 0.0104199 0.0133559 0.0162749 0.018841 0.0207418 0.0217477 0.0217627 0.0208432 0.0191765 0.0170281 0.0146764 0.0123565 0.010228 0.0083699 0.00679629 0.00548181 0.00438595
 1.02198e-16 2.54107e-05 0.000149116 0.000708776 0.00272874 0.00850924 0.0214939 0.0439807 0.0729084 0.0979304 0.106611 0.0941418 0.0676148 0.0399148 0.0202209 0.0103561 0.00762973 0.00883582 0.0119798 0.0161083 0.0206914 0.025255 0.0292943 0.0323291 0.0340017 0.0341565 0.0328694 0.0304161 0.0271933 0.0236199 0.0200528 0.016738 0.0138024 0.0112768 0.0091336 0.00732209
 1.02426e-16 3.07513e-05 0.000180482 0.000857921 0.00330303 0.0103002 0.0260175 0.0532354 0.0882441 0.118511 0.128969 0.113771 0.0814668 0.0475966 0.023198 0.0103901 0.00583055 0.00558069 0.00722663 0.00970149 0.0125509 0.0154762 0.0181873 0.0204056 0.0219118 0.0225893 0.022443 0.0215838 0.0201903 0.0184595 0.0165651 0.0146345 0.0127462 0.0109415 0.00924171 0.00766189
 1.02008e-16 3.13045e-05 0.000183728 0.000873349 0.00336243 0.0104854 0.0264853 0.0541928 0.0898316 0.120645 0.131294 0.115831 0.0829594 0.0485045 0.0237062 0.0107263 0.00616482 0.00601058 0.0077973 0.0104208 0.0133915 0.0163724 0.0190359 0.0210755 0.0222625 0.022496 0.0218213 0.0204087 0.0185032 0.0163621 0.0142022 0.0121697 0.0103368 0.00871834 0.00729621 0.00604239
 1.0289e-16 2.36559e-05 0.000138811 0.000659785 0.00254011 0.00792099 0.020008 0.0409407 0.0678701 0.0911668 0.0992578 0.0876719 0.0630192 0.0373049 0.0190896 0.0100894 0.00781925 0.00931036 0.0127111 0.0171228 0.0220219 0.026919 0.0312848 0.0346133 0.0365256 0.0368529 0.0356679 0.0332517 0.0300109 0.0263754 0.0227107 0.0192675 0.0161752 0.0134659 0.011115 0.00907696
 1.03216e-16 2.90479e-05 0.000170481 0.000810374 0.00311996 0.00972928 0.0245754 0.0502849 0.0833539 0.111946 0.121828 0.107484 0.076989 0.0450304 0.0220414 0.0100339 0.00586222 0.00581694 0.0076255 0.0102817 0.01335 0.0165331 0.0195349 0.0220661 0.0238935 0.0248846 0.025027 0.0244144 0.023209 0.0215938 0.0197326 0.0177482 0.0157218 0.0137042 0.0117326 0.00984213
 1.03355e-16 2.63071e-05 0.000154382 0.000733825 0.0028252 0.00881006 0.0222537 0.045535 0.0754833 0.101384 0.110357 0.0974185 0.0698995 0.0411255 0.0205798 0.0101259 0.00695517 0.007734 0.0104004 0.013996 0.01803 0.0220957 0.0257674 0.0286393 0.0304058 0.0309267 0.0302524 0.0285958 0.0262671 0.0235921 0.0208443 0.0182069 0.0157707 0.0135554 0.0115435 0.00970889
 1.03164e-16 2.83782e-05 0.000166547 0.000791665 0.00304791 0.0095046 0.0240079 0.049124 0.0814306 0.109365 0.119028 0.105031 0.0752726 0.0441069 0.0217388 0.0101471 0.00627129 0.00649467 0.00859373 0.011567 0.0149537 0.0184144 0.0216049 0.0241939 0.0259239 0.0266634 0.0264284 0.0253627 0.0236891 0.021649 0.0194504 0.0172402 0.015102 0.0130715 0.0111601 0.00937355
 1.03227e-16 2.66579e-05 0.000156443 0.000743623 0.00286293 0.00892772 0.0225508 0.046143 0.0764907 0.102736 0.111826 0.0987078 0.0708091 0.0416293 0.020774 0.0101262 0.00683457 0.00751793 0.0100874 0.0135782 0.0175055 0.0214749 0.0250748 0.0279119 0.0296874 0.03026 0.0296711 0.0281189 0.0258959 0.0233127 0.0206323 0.0180343 0.015612 0.0133926 0.0113676 0.00951961
 1.04944e-16 1.93943e-05 0.000113791 0.00054083 0.00208209 0.00649269 0.0164003 0.0335592 0.0556357 0.0747404 0.0813935 0.0719403 0.0518146 0.0308809 0.0161889 0.0091861 0.00787929 0.00987252 0.0136679 0.0185192 0.0239509 0.0294792 0.0345617 0.0386684 0.0413874 0.0425109 0.0420689 0.0402979 0.0375615 0.0342517 0.0307058 0.0271606 0.0237489 0.0205254 0.0175039 0.0146891
 1.0729e-16 1.89558e-05 0.000111224 0.000528645 0.00203521 0.0063465 0.0160309 0.0328028 0.0543798 0.0730472 0.0795338 0.0702592 0.0505226 0.0299489 0.0154066 0.00828553 0.00661702 0.00805291 0.0111489 0.0152311 0.0199283 0.0248911 0.0297223 0.0340156 0.0374287 0.0397448 0.0408997 0.0409654 0.0401022 0.0385001 0.0363314 0.033729 0.0307906 0.0275975 0.0242362 0.0208091
 1.05976e-16 2.67425e-05 0.000156947 0.000746037 0.00287225 0.00895682 0.0226242 0.0462925 0.0767364 0.103059 0.112159 0.098958 0.0708933 0.0414877 0.0203506 0.00934009 0.00556811 0.00562916 0.00744204 0.010092 0.0131895 0.0164712 0.0196721 0.0225294 0.0248265 0.0264308 0.0273103 0.0275195 0.0271648 0.0263633 0.0252116 0.0237726 0.0220827 0.0201684 0.0180656 0.0158305
 1.041e-16 2.71679e-05 0.000159439 0.000757869 0.00291779 0.0090988 0.022983 0.047027 0.0779554 0.104701 0.11396 0.100578 0.0721217 0.0423429 0.021022 0.0100677 0.00656341 0.00705536 0.00941356 0.0126636 0.0163326 0.0200512 0.0234399 0.0261384 0.027875 0.0285244 0.0281292 0.0268739 0.0250262 0.0228639 0.0206152 0.0184269 0.0163642 0.0144331 0.012612 0.0108787
 1.02411e-16 3.1226e-05 0.000183268 0.000871166 0.00335403 0.0104592 0.0264192 0.0540573 0.0896067 0.120342 0.130961 0.115531 0.0827315 0.0483442 0.0235778 0.0105846 0.00596973 0.00573081 0.00741093 0.00991761 0.0127776 0.0156747 0.0183036 0.0203763 0.0216746 0.0220952 0.0216681 0.0205377 0.0189177 0.0170351 0.0150819 0.0131899 0.0114272 0.00981369 0.00834263 0.00700069
 1.01531e-16 3.26109e-05 0.000191399 0.00090982 0.00350285 0.0109233 0.0275915 0.0564559 0.0935824 0.12568 0.136768 0.120648 0.0863818 0.0504496 0.0245523 0.0109312 0.00603371 0.00567193 0.00727303 0.00969145 0.0124319 0.0151679 0.0175886 0.0194057 0.0204062 0.0204993 0.019734 0.0182787 0.0163732 0.0142688 0.0121776 0.0102426 0.00853426 0.00706489 0.00581258 0.00474327
 1.0197e-16 2.71285e-05 0.000159203 0.000756738 0.00291341 0.00908515 0.0229485 0.0469569 0.0778406 0.104551 0.113807 0.100469 0.0720998 0.0424428 0.0212804 0.0105368 0.00731707 0.00818146 0.0109963 0.0147592 0.0189428 0.023101 0.0267673 0.0295009 0.0309753 0.0310514 0.0298049 0.0274953 0.0244932 0.0211887 0.0179124 0.0148901 0.0122356 0.00997231 0.00806873 0.00647182
 1.02789e-16 2.74878e-05 0.000161317 0.000766798 0.00295217 0.00920601 0.0232537 0.047581 0.0788737 0.105934 0.1153 0.101758 0.0729608 0.0428218 0.0212349 0.0101295 0.00655391 0.00701425 0.00935853 0.0126067 0.0162884 0.020038 0.0234773 0.0262412 0.0280456 0.0287456 0.0283597 0.0270489 0.0250637 0.0226775 0.0201294 0.0175919 0.0151674 0.0129032 0.0108161 0.00891189
 1.03188e-16 2.72472e-05 0.000159904 0.000760082 0.0029263 0.00912536 0.02305 0.0471642 0.078183 0.105007 0.114293 0.100872 0.072334 0.04247 0.0210902 0.0101095 0.00660439 0.00711265 0.00950003 0.012791 0.0165123 0.0202923 0.023747 0.0265079 0.0282917 0.0289596 0.0285404 0.0272076 0.0252231 0.022867 0.0203786 0.0179241 0.0155938 0.0134205 0.0114067 0.00954764
 1.02312e-16 3.21666e-05 0.000188792 0.000897432 0.00345516 0.0107746 0.0272158 0.0556871 0.0923075 0.123966 0.1349 0.11899 0.0851749 0.0497045 0.0241155 0.0106129 0.00568808 0.00520998 0.00664754 0.00888698 0.0114658 0.0140952 0.0165038 0.0184353 0.0196932 0.0201805 0.0199159 0.019018 0.0176666 0.0160539 0.0143446 0.0126527 0.0110405 0.00953068 0.00812553 0.00682272
 1.02049e-16 2.93672e-05 0.00017235 0.000819249 0.00315411 0.00983577 0.0248445 0.0508358 0.0842686 0.113178 0.123182 0.108706 0.0779247 0.0456989 0.0225925 0.0106577 0.0067293 0.00706123 0.00934069 0.0125089 0.0160558 0.0195903 0.0227171 0.0250647 0.0263591 0.0264836 0.0255022 0.0236328 0.0211853 0.0184838 0.0158009 0.0133198 0.0111297 0.00924462 0.00763495 0.00625593
 1.02459e-16 2.80968e-05 0.000164892 0.000783793 0.0030176 0.00941005 0.0237691 0.0486356 0.0806218 0.108282 0.117855 0.104012 0.0745761 0.0437672 0.0216982 0.0103396 0.00667188 0.00711997 0.00947894 0.0127405 0.0164166 0.0201269 0.0234806 0.0261044 0.0277139 0.0281735 0.0275208 0.025943 0.0237196 0.0211502 0.0184926 0.0159281 0.0135565 0.0114133 0.00949656 0.00779103
 1.02527e-16 2.96763e-05 0.000174168 0.000827898 0.00318743 0.00993967 0.0251069 0.0513724 0.0851571 0.114369 0.124469 0.109822 0.078682 0.046057 0.0226105 0.0104026 0.00622229 0.0062781 0.00823933 0.0110596 0.0142659 0.0175206 0.0204869 0.0228442 0.0243466 0.0248738 0.0244522 0.0232345 0.0214511 0.0193493 0.0171414 0.014976 0.0129352 0.0110495 0.00932142 0.00774529
pSPR Fmed_Fpbrs
0.690974   0.338088 0.338088
Fs Fmed_Fpbrs
0.235042   1.005 1.005
SSBpbr Bo_Bmed_Bpbrs
1.25833e+06  806556  362510 362510
Ro
53616.7
SPR SPRFo_SPRFmed_SPRFpbrs
1.10501e+06 763535 373592
log_Ro
10.7096
likeval ReclasPelacesDesembMPH_pf_preclas_ppelaces_ptallas_desvR_qrecl_qpela
 65.0152 27.0295 0.0173139 0.000187636 291.769 177.373 65.4918 0 14.3367 7.94e-05 0 0 0 0 0
q_reclas_q_pelaces
0.282895 1
M
0.7
N
 50778.7 15352.3 5775.52 687.038 0.352146
 65674.8 23211.6 4918.36 1850.28 220.217
 39556.1 30425.3 7982.05 1691.34 712.007
 65836.4 17740.3 8812.38 2311.92 696.102
 113517 32062.7 7946.69 3947.46 1347.43
 81392.9 56161.7 15611.7 3869.35 2578.15
 130678 38988.9 23050.2 6407.47 2646.22
 123007 63450.6 17190.5 10163 3991.85
 149577 58457.7 24972.2 6765.66 5570.92
 146788 70726.2 22399.4 9568.68 4727.05
 68186.7 70112 28588.3 9054.09 5778.49
 40118.3 31252.1 22780.3 9288.71 4819.3
 42963.5 18494.3 10470.1 7631.88 4726.47
 23671.6 18960.4 4918.65 2784.58 3286.77
 18480.6 9561.77 3156.88 818.949 1010.87
 23031.4 7574.37 1719.49 567.699 329.055
 18970 10603.8 2520.56 572.202 298.417
 21138.7 8925.57 3958.2 940.874 324.985
 23659.3 10120.2 3652.49 1619.76 518.01
 45183.9 11387.5 4259.72 1537.37 899.811
 57191.6 21718.9 4759.86 1780.52 1018.72
 70014.4 27988.4 9982.43 2187.73 1286.59
 103216 34113.4 12568.4 4482.68 1560.17
pred_Ctot
 2916.68 4017.52 1511.39 179.79 0.0921523
 3181.14 5242.55 1110.86 417.902 49.7379
 2771.69 9403.42 2466.98 522.733 220.057
 914.438 1257.12 624.466 163.828 49.3275
 302.95 449.629 111.44 55.357 18.8956
 2074.68 7085.06 1969.49 488.136 325.246
 2091.09 3165.44 1871.41 520.211 214.842
 3812.2 9593.79 2599.22 1536.66 603.571
 5157.91 9745.68 4163.2 1127.93 928.748
 4036.09 9574.51 3032.31 1295.35 639.922
 3795.04 17859.8 7282.38 2306.37 1471.97
 2076.84 7479.26 5451.79 2222.97 1153.36
 3462.55 6400.49 3623.49 2641.24 1635.74
 3214.26 9632.91 2498.94 1414.72 1669.86
 2347.03 4642.75 1532.83 397.643 490.832
 1211.99 1838.6 417.387 137.803 79.8746
 718.594 1924.89 457.552 103.871 54.1711
 547.034 1142.01 506.445 120.383 41.5812
 524.336 1119.73 404.122 179.215 57.3142
 1042.93 1309.09 489.692 176.734 103.441
 597.368 1167.89 255.952 95.7442 54.7797
 949.272 1937.7 691.105 151.461 89.0734
 1700.59 2848.12 1049.33 374.259 130.258
F
 0.0828251 0.438291 0.438291 0.438291 0.438291
 0.0694393 0.367456 0.367456 0.367456 0.367456
 0.101879 0.539119 0.539119 0.539119 0.539119
 0.0194802 0.103085 0.103085 0.103085 0.103085
 0.00371704 0.0196697 0.0196697 0.0196697 0.0196697
 0.0360104 0.190558 0.190558 0.190558 0.190558
 0.0224724 0.118919 0.118919 0.118919 0.118919
 0.0439361 0.232499 0.232499 0.232499 0.232499
 0.0489945 0.259267 0.259267 0.259267 0.259267
 0.0388942 0.205819 0.205819 0.205819 0.205819
 0.0801618 0.424197 0.424197 0.424197 0.424197
 0.0743729 0.393564 0.393564 0.393564 0.393564
 0.118 0.624426 0.624426 0.624426 0.624426
 0.206504 1.09277 1.09277 1.09277 1.09277
 0.191949 1.01575 1.01575 1.01575 1.01575
 0.0756439 0.40029 0.40029 0.40029 0.40029
 0.0539379 0.285427 0.285427 0.285427 0.285427
 0.0365684 0.193511 0.193511 0.193511 0.193511
 0.0312437 0.165334 0.165334 0.165334 0.165334
 0.0325593 0.172296 0.172296 0.172296 0.172296
 0.0146179 0.0773543 0.0773543 0.0773543 0.0773543
 0.0190116 0.100605 0.100605 0.100605 0.100605
 0.0231451 0.122479 0.122479 0.122479 0.122479
YTP_r0W_actual
 11223.9 68924.6 35047.7 16317.7 7138.15
YTP_p0W_proyectada
 43491 516913 225526 108391 63573
 43491 172450 136989 53476.7 26601.9
CTP_r0_actual
 1700.59 2848.12 1049.33 374.259 130.258
CTP_p0_proyectada
 5116.59 24154.8 7228.41 2663.16 1367.16
 5116.59 8058.42 4390.68 1313.92 572.083
Wmedp
 8.5 21.4 31.2 40.7 46.5
nmprior
 10.6 11 7 0
nm_flota  nm_reclas  nm_pelaces    nm_pelaL
inf 13.9446 17.2084 22.8726
cv_recla  cv_pelaces  cv_mph
0.764942 0.636743 0.444423
 ------------------------------------------------
Talla a la edad & desviaci?n 
 7.2 14.2025 17.0495 18.207 18.6776
 1.08 2.13037 2.55742 2.73105 2.80164
