    unsorted:	 3.950519094e-07 2.260416098e-06 0.0008999868707 0.007155090838 66.67604289 68.03699979 55.83138621 13.01527766 35.10626254 93.74511622 227.5828809 255.2803523 363.5837711 513.7873770 584.5705136 724.4440027 806.5248935 812.1125130 892.7403593 1014.757574 1176.055165 1466.997567 1571.069339 1819.299542 1994.503138 2067.720712 2519.348991 2852.162611 3008.347951 3209.849622 3721.838843 3887.526703 4322.217127 4668.640043 4911.557075 34838.34782 233661.5623 276995.0703 340741.1268 373510.1370 387054.5056 424682.4292 433613.9948 499128.4220 525040.1139 579992.2998 681041.8463 794912.3539 915344.1462 1066008.784 1191578.746 1421947.505 1546771.249 1934674.528 1996054.929 2351281.537 2627412.580 26932811.27
      sorted:	 3.950519094e-07 2.260416098e-06 0.0008999868707 0.007155090838 13.01527766 35.10626254 55.83138621 66.67604289 68.03699979 93.74511622 227.5828809 255.2803523 363.5837711 513.7873770 584.5705136 724.4440027 806.5248935 812.1125130 892.7403593 1014.757574 1176.055165 1466.997567 1571.069339 1819.299542 1994.503138 2067.720712 2519.348991 2852.162611 3008.347951 3209.849622 3721.838843 3887.526703 4322.217127 4668.640043 4911.557075 34838.34782 233661.5623 276995.0703 340741.1268 373510.1370 387054.5056 424682.4292 433613.9948 499128.4220 525040.1139 579992.2998 681041.8463 794912.3539 915344.1462 1066008.784 1191578.746 1421947.505 1546771.249 1934674.528 1996054.929 2351281.537 2627412.580 26932811.27
