years
 1997 1998 1999 2000 2001 2002 2003 2004 2005 2006 2007 2008 2009 2010 2011 2012 2013 2014 2015 2016 2017 2018 2019
reclasobs
 0 0 0 370054 412103 1.49427e+06 250295 1.28982e+06 931140 785840 897777 1.04006e+06 184774 17550 25797 100020 73551 82996 120727 218422 84188 347160 605670
reclaspred
 372382 102432 315229 235241 353163 422380 936382 627080 702326 637570 501845 336561 206686 96619.1 68852.3 71161.6 89727.1 122505 128324 188456 278289 252697 420435
pelacesobs
 0 0 0 0 0 0 0 0 0 2.06254e+06 1.5e+06 0 1.87456e+06 323000 250000 174000 83755 137374 0 501740 490994 745055 786931
pelacespred
 1.0669e+06 259602 495736 559182 717988 720645 1.81647e+06 1.51697e+06 1.50263e+06 1.37838e+06 978481 677016 414118 161956 113515 125372 164941 227624 246260 350454 574113 511694 673174
mphobs
 0 0 0 0 0 112323 0 153150 637223 0 255016 313432 73983 77613 109348 50772 0 0 0 0 0 0 0
mphpred
 685250 416747 513857 636574 689394 1.09623e+06 1.66118e+06 1.96672e+06 1.69207e+06 1.71689e+06 1.60917e+06 1.13364e+06 698454 369697 180719 157883 193566 268608 332198 379709 584594 701522 865924
desembarqueobs
 350755 77701 442110 56441 14545 235359 269955 359681 431902 328805 639364 411747 362871 311530 167758 66681 60226 58785 57116 73181 50977 67692 138656
desembarquepred
 350761 77700.7 442103 56442 14545.1 235393 269981 359682 431930 328824 639572 411990 363198 311968 167798 66691.7 60243.9 58786 57112.2 73179.2 50976.9 67685.9 138652
Reclutas
 50778.5 65674.4 39555.7 65835.7 113515 81391.9 130676 123006 149576 146788 68186.6 40118.4 42963.6 23671.6 18480.5 23031.4 18969.9 21138.6 23659.2 45183.7 57191.4 70014.1 103215
log_desv_Rt
 -0.0543826 0.202854 -0.304144 0.205307 0.750083 0.417421 0.890866 0.830375 1.02595 1.00713 0.240393 -0.290021 -0.221502 -0.817579 -1.06514 -0.844998 -1.039 -0.930753 -0.818102 -0.171118 0.0645493 0.266842 0.654962
SSB
 685250 416747 513857 636574 689394 1.09623e+06 1.66118e+06 1.96672e+06 1.69207e+06 1.71689e+06 1.60917e+06 1.13364e+06 698454 369697 180719 157883 193566 268608 332198 379709 584594 701522 865924
BT
 2.19718e+06 596460 1.13034e+06 1.06111e+06 1.29675e+06 1.47575e+06 3.43631e+06 3.12472e+06 3.08617e+06 2.78595e+06 2.33214e+06 1.59281e+06 1.09952e+06 591132 346411 279712 344781 454623 490267 687313 1.06941e+06 979773 1.30125e+06
Ftot
 0.438294 0.367459 0.539124 0.103086 0.0196699 0.190561 0.118921 0.232503 0.259271 0.205821 0.424201 0.393567 0.624432 1.09278 1.01576 0.400294 0.285429 0.193512 0.165335 0.172297 0.0773547 0.100605 0.122479
BD_Bspro_t
 0.946237 0.750551 0.710248 0.587318 0.721127 0.843268 0.814628 0.821979 0.774173 0.741539 0.707965 0.559999 0.44643 0.335143 0.218088 0.233481 0.348245 0.512388 0.619928 0.700056 0.796641 0.859713 0.862637
BD_Bspro
 0.620131 0.377144 0.465026 0.576081 0.623882 0.992056 1.50332 1.77982 1.53127 1.55374 1.45625 1.02591 0.632081 0.334565 0.163546 0.14288 0.175172 0.243083 0.300629 0.343626 0.529041 0.634857 0.783637
BD_Bo
 0.544575 0.331193 0.408368 0.505892 0.547869 0.871185 1.32016 1.56297 1.3447 1.36443 1.27882 0.900913 0.555069 0.293803 0.143619 0.125472 0.153829 0.213466 0.264001 0.301759 0.464583 0.557507 0.688159
BD_Brms
 1.89031 1.14962 1.41751 1.75603 1.90174 3.02402 4.58248 5.42531 4.66767 4.73616 4.439 3.12721 1.92673 1.01983 0.498525 0.435531 0.533965 0.740973 0.916388 1.04745 1.61264 1.93519 2.38871
S_f
 0.188972 1 1 1 1
 0.188972 1 1 1 1
 0.188972 1 1 1 1
 0.188972 1 1 1 1
 0.188972 1 1 1 1
 0.188972 1 1 1 1
 0.188972 1 1 1 1
 0.188972 1 1 1 1
 0.188972 1 1 1 1
 0.188972 1 1 1 1
 0.188972 1 1 1 1
 0.188972 1 1 1 1
 0.188972 1 1 1 1
 0.188972 1 1 1 1
 0.188972 1 1 1 1
 0.188972 1 1 1 1
 0.188972 1 1 1 1
 0.188972 1 1 1 1
 0.188972 1 1 1 1
 0.188972 1 1 1 1
 0.188972 1 1 1 1
 0.188972 1 1 1 1
 0.188972 1 1 1 1
Scru_reclas
 1 1 1 1 1
 1 1 1 1 1
 1 1 1 1 1
 1 1 1 1 1
 1 1 1 1 1
 1 1 1 1 1
 1 1 1 1 1
 1 1 1 1 1
 1 1 1 1 1
 1 1 1 1 1
 1 1 1 1 1
 1 1 1 1 1
 1 1 1 1 1
 1 1 1 1 1
 1 1 1 1 1
 1 1 1 1 1
 1 1 1 1 1
 1 1 1 1 1
 1 1 1 1 1
 1 1 1 1 1
 1 1 1 1 1
 1 1 1 1 1
 1 1 1 1 1
Scru_pelaces
 1 1 1 1 1
 1 1 1 1 1
 1 1 1 1 1
 1 1 1 1 1
 1 1 1 1 1
 1 1 1 1 1
 1 1 1 1 1
 1 1 1 1 1
 1 1 1 1 1
 1 1 1 1 1
 1 1 1 1 1
 1 1 1 1 1
 1 1 1 1 1
 1 1 1 1 1
 1 1 1 1 1
 1 1 1 1 1
 1 1 1 1 1
 1 1 1 1 1
 1 1 1 1 1
 1 1 1 1 1
 1 1 1 1 1
 1 1 1 1 1
 1 1 1 1 1
pf_obs 
 0.256992 0.487395 0.22802 0.0275931 0
 0.321318 0.546541 0.124235 0.00734118 0.000564706
 0.182869 0.594174 0.210203 0.0122559 0.00049798
 0.330522 0.361315 0.267642 0.0388342 0.00168674
 0.649043 0.306663 0.0425973 0.00169635 0
 0.582887 0.30429 0.105238 0.00758474 0
 0.465427 0.430635 0.0974691 0.00646863 0
 0.296916 0.608066 0.0921331 0.00288517 0
 0.311714 0.524322 0.152257 0.0117073 0
 0.15457 0.633149 0.183074 0.0267441 0.00246327
 0.131901 0.49318 0.331252 0.0422183 0.00144891
 0.196976 0.569456 0.194076 0.0375587 0.00193317
 0.518974 0.381816 0.0799577 0.0180837 0.00116848
 0.0928022 0.601141 0.25162 0.0475244 0.00691264
 0.122501 0.610282 0.24278 0.0234846 0.000952079
 0.383417 0.481906 0.127806 0.00687128 0
 0.0376549 0.599619 0.316969 0.0457579 0
 0.0361596 0.667082 0.258105 0.0386534 0
 0.158088 0.579412 0.248529 0.0139706 0
 0.0477256 0.309471 0.559284 0.082774 0.000745712
 0.0406174 0.521527 0.379366 0.0568643 0.0016247
 0.151134 0.462217 0.34131 0.0453401 0
 0.294876 0.26143 0.354403 0.0886775 0.000613685
pf_pred 
 0.338147 0.465774 0.175224 0.0208441 1.06838e-05
 0.318044 0.524141 0.111061 0.041781 0.0049727
 0.180157 0.611212 0.160351 0.033977 0.0143034
 0.303882 0.417763 0.20752 0.0544426 0.0163923
 0.32288 0.479211 0.118772 0.0589989 0.0201387
 0.17372 0.593259 0.164913 0.0408736 0.0272341
 0.265941 0.402575 0.238001 0.0661594 0.0273232
 0.210092 0.528716 0.143244 0.0846854 0.0332629
 0.24418 0.461368 0.197088 0.0533965 0.0439671
 0.21725 0.515364 0.163218 0.0697236 0.0344443
 0.116001 0.545914 0.222596 0.070497 0.0449921
 0.112969 0.406832 0.296547 0.120917 0.0627351
 0.194926 0.360318 0.203985 0.148688 0.0920828
 0.174397 0.522658 0.135586 0.0767583 0.0906006
 0.249391 0.493329 0.162874 0.0422521 0.0521536
 0.328841 0.498854 0.113245 0.0373884 0.0216712
 0.22049 0.590626 0.140393 0.0318707 0.0166212
 0.232044 0.484426 0.214827 0.0510647 0.0176378
 0.229497 0.490097 0.17688 0.0784406 0.0250856
 0.334069 0.419327 0.156858 0.0566114 0.0331341
 0.275065 0.537769 0.117856 0.0440865 0.0252239
 0.248591 0.507436 0.180984 0.0396639 0.0233261
 0.278667 0.46671 0.17195 0.0613282 0.0213448
pobs_RECLAS
 0 0 0 0 0
 0 0 0 0 0
 0 0 0 0 0
 0 0 0 0 0
 0.835266 0.146461 0.0176864 0.000547809 3.91292e-05
 0.385257 0.428462 0.181853 0.0044286 0
 0.867414 0.0963971 0.0333333 0.00285562 0
 0.441836 0.489002 0.0689373 0.000224442 0
 0.779404 0.147425 0.0564933 0.0165055 0.000172143
 0.814271 0.122319 0.05973 0.00367925 0
 0.40263 0.566651 0.0304383 0.000280538 0
 0.475488 0.404961 0.113038 0.00651328 0
 0.955842 0.0263864 0.0167828 0.000988607 0
 0.975058 0.0227948 0.00214734 0 0
 0.738997 0.206755 0.0527124 0.00153531 0
 0.850938 0.134255 0.0134407 0.00136685 0
 0.542534 0.407297 0.0501686 0 0
 0.764087 0.199537 0.0359546 0.000420521 0
 0.470689 0.182191 0.310203 0.0369168 0
 0.84361 0.089868 0.0606195 0.00523954 0.000663233
 0.607945 0.314616 0.071237 0.00620181 0
 0.523733 0.453247 0.0230204 0 0
 0.530135 0.295979 0.169645 0.0042399 0
ppred_RECLAS
 0.735479 0.186154 0.0700311 0.00833069 4.26994e-06
 0.716236 0.218097 0.0462129 0.0173852 0.00206915
 0.546712 0.337937 0.0886572 0.0187857 0.00790829
 0.698997 0.180641 0.0897321 0.0235411 0.00708804
 0.71637 0.200731 0.0497508 0.0247133 0.00843563
 0.529224 0.338012 0.0939602 0.0232879 0.0155167
 0.65858 0.187243 0.110697 0.0307716 0.0127084
 0.587781 0.275914 0.0747528 0.0441936 0.0173584
 0.634378 0.223184 0.0953397 0.0258302 0.0212688
 0.597654 0.264906 0.0838966 0.035839 0.0177049
 0.416339 0.36044 0.146969 0.0465457 0.0297061
 0.408508 0.271284 0.197744 0.08063 0.0418331
 0.572525 0.19132 0.108311 0.0789498 0.0488937
 0.551782 0.28375 0.0736091 0.0416719 0.0491869
 0.657268 0.225257 0.0743693 0.0192925 0.0238136
 0.726656 0.203169 0.0461216 0.0152272 0.00882605
 0.60346 0.300454 0.0714183 0.0162127 0.00845524
 0.617722 0.241141 0.106938 0.0254193 0.00877987
 0.613921 0.245575 0.0886301 0.0393045 0.0125697
 0.72821 0.171142 0.0640192 0.0231051 0.0135232
 0.668397 0.245989 0.0539103 0.0201663 0.011538
 0.637638 0.244707 0.0872781 0.0191276 0.0112488
 0.672916 0.211626 0.0779695 0.0278089 0.00967866
pobs_PELACES
 0 0 0 0 0
 0 0 0 0 0
 0 0 0 0 0
 0 0 0 0 0
 0 0 0 0 0
 0 0 0 0 0
 0 0 0 0 0
 0 0 0 0 0
 0 0 0 0 0
 0 0 0 0 0
 0.450072 0.473896 0.0757376 0.000293798 0
 0 0 0 0 0
 0.463077 0.371075 0.160297 0.00555027 0
 0.529543 0.364841 0.0842815 0.0213345 0
 0.631943 0.363953 0.00410389 0 0
 0.735681 0.248677 0.0153453 0.000297389 0
 0.695825 0.281241 0.0229344 0 0
 0.275771 0.60734 0.115278 0.00161068 0
 0 0 0 0 0
 0.896147 0.0623911 0.0374545 0.00400742 0
 0.803859 0.145111 0.0509908 3.86294e-05 0
 0.739449 0.233085 0.0266225 0.000797448 4.60066e-05
 0.878498 0.100942 0.0204185 0.000141795 0
ppred_PELACES
 0.757663 0.170543 0.0641581 0.00763206 3.91186e-06
 0.735793 0.203066 0.043028 0.0161871 0.00192655
 0.582169 0.311503 0.0817222 0.0173163 0.00728968
 0.70477 0.177177 0.0880111 0.0230896 0.0069521
 0.717438 0.199974 0.0495634 0.0246202 0.00840385
 0.541909 0.328904 0.0914284 0.0226604 0.0150986
 0.6657 0.183338 0.108389 0.0301299 0.0124433
 0.602772 0.26588 0.0720343 0.0425865 0.0167272
 0.650318 0.213454 0.0911833 0.0247041 0.0203415
 0.610826 0.256233 0.08115 0.0346657 0.0171253
 0.444162 0.343258 0.139963 0.0443269 0.02829
 0.434184 0.259509 0.18916 0.07713 0.0400172
 0.612844 0.173275 0.0980952 0.0715033 0.0442821
 0.62254 0.238956 0.0619888 0.0350934 0.041422
 0.715653 0.186884 0.0617004 0.016006 0.0197569
 0.747412 0.187742 0.0426195 0.014071 0.00815586
 0.621588 0.286718 0.0681533 0.0154716 0.0080687
 0.629875 0.233475 0.103538 0.0246112 0.00850075
 0.624355 0.238938 0.0862349 0.0382423 0.01223
 0.737241 0.165456 0.0618922 0.0223374 0.0130739
 0.672969 0.242597 0.0531669 0.0198882 0.0113789
 0.643836 0.240522 0.0857852 0.0188005 0.0110564
 0.68009 0.206985 0.0762595 0.0271989 0.00946639
pobs_pel_tallas
 0 0 0 0 0 0 0 0 0 0 0 0 0 0 0 0 0 0 0 0 0 0 0 0 0 0 0 0 0 0 0 0 0 0 0 0
 0 0 0 0 0 0 0 0 0 0 0 0 0 0 0 0 0 0 0 0 0 0 0 0 0 0 0 0 0 0 0 0 0 0 0 0
 0 0 0 0 0 0 0 0 0 0 0 0 0 0 0 0 0 0 0 0 0 0 0 0 0 0 0 0 0 0 0 0 0 0 0 0
 0 0 0 0 0 0 0 0 0 0 0 0 0 0 0 0 0 0 0 0 0 0 0 0 0 0 0 0 0 0 0 0 0 0 0 0
 0 0 0 0 0 0 0 0 0 0 0 0 0 0 0 0 0 0 0 0 0 0 0 0 0 0 0 0 0 0 0 0 0 0 0 0
 0 0 0 0 0 0 0 0 0 0 0 0 0 0 0 0 0 0 0 0 0 0 0 0 0 0 0 0 0 0 0 0 0 0 0 0
 0 0 0 0 0 0 0 0 0 0 0 0 0 0 0 0 0 0 0 0 0 0 0 0 0 0 0 0 0 0 0 0 0 0 0 0
 0 0 0 0 0 0 0 0 0 0 0 0 0 0 0 0 0 0 0 0 0 0 0 0 0 0 0 0 0 0 0 0 0 0 0 0
 0 0 0 0 0 0 0 0 0 0 0 0 0 0 0 0 0 0 0 0 0 0 0 0 0 0 0 0 0 0 0 0 0 0 0 0
 0 0 0 0 0 0 0 0 0 0 0 0 0 0 0 0 0 0 0 0 0 0 0 0 0 0 0 0 0 0 0 0 0 0 0 0
 0 0 0 0 0 0 0 0 1.78061e-05 0.00172719 0.00360574 0.0105946 0.0120993 0.0124554 0.0147524 0.0171206 0.0266825 0.0428682 0.0675386 0.121331 0.153587 0.119568 0.100827 0.0573624 0.0630603 0.0341343 0.0324427 0.0444173 0.0211091 0.0280891 0.0125444 0.00206551 0 0 0 0
 0 0 0 0 0 0 0 0 0 0 0 0 0 0 0 0 0 0 0 0 0 0 0 0 0 0 0 0 0 0 0 0 0 0 0 0
 0 0 0 0 0 0 0.0133647 0.0140871 0.0187388 0.0205184 0.03894 0.0496705 0.03968 0.0493445 0.0407372 0.0367815 0.0215668 0.0243155 0.0234873 0.0199281 0.019796 0.0243948 0.0301388 0.0376714 0.0412746 0.0863199 0.0771752 0.113111 0.0741005 0.0525337 0.0229764 0.00759418 0.00175318 0 0 0
 0 0 0 0 0 0 0 0 0 0 0.00219441 0.00772107 0.0458388 0.0604681 0.0671733 0.0775358 0.0609151 0.0617685 0.073594 0.0568108 0.0755445 0.0548602 0.0670107 0.0636378 0.0643287 0.046367 0.0373049 0.0286899 0.0247887 0.0153202 0.00654259 0.00121912 0.000365735 0 0 0
 0 0 0 0 0 0 0 0 0 0 0 0 0.000112435 0.00938835 0.0111873 0.0202946 0.0414886 0.0713402 0.111592 0.104902 0.108894 0.110636 0.117776 0.105296 0.107544 0.0401394 0.0192827 0.0124803 0.00416011 0.0028671 0.000618394 0 0 0 0 0
 0 0 0 0 0 0 0 0 0 0 0.00291406 0.0102884 0.027416 0.0768956 0.0749926 0.110853 0.0956884 0.0897413 0.0766577 0.0534642 0.0500743 0.0551293 0.0594112 0.0620874 0.0668451 0.0424026 0.0208742 0.0120726 0.0048766 0.00582813 0.00118941 0.000297354 0 0 0 0
 0 0.00264628 0.0354308 0.0461629 0.0458689 0.0383711 0.0214643 0.0164657 0.0346957 0.0420465 0.0363128 0.0245516 0.0311673 0.0291091 0.0169068 0.0133784 0.00837989 0.0085269 0.0148486 0.0160247 0.0276389 0.0546898 0.0760071 0.122758 0.109233 0.0665981 0.0333725 0.0166128 0.00676272 0.00308733 0.000882094 0 0 0 0 0
 0 0 0 0 0 0 0 0.000805153 0.000690131 0.00759144 0.0133425 0.0154129 0.00931677 0.000345066 0.00356568 0.00563607 0.00851162 0.0253048 0.0502646 0.0516448 0.0657925 0.0565908 0.0611916 0.0827007 0.0866115 0.110766 0.145733 0.0935128 0.0569358 0.0249597 0.0138026 0.00621118 0.00161031 0.00115022 0 0
 0 0 0 0 0 0 0 0 0 0 0 0 0 0 0 0 0 0 0 0 0 0 0 0 0 0 0 0 0 0 0 0 0 0 0 0
 0.00147267 0.00158595 0.00478618 0.00569244 0.00954404 0.0108468 0.00647125 0.017049 0.0510054 0.094081 0.124002 0.0959785 0.0687766 0.0820023 0.061753 0.0591476 0.0492212 0.0479892 0.0443925 0.0268479 0.0217502 0.0140895 0.0121071 0.0120363 0.00920419 0.00665534 0.0049561 0.00860946 0.00930331 0.0156896 0.0114698 0.00855282 0.00243557 0.00046729 0 2.83206e-05
 0 0 0 0 0.000772559 0.00158375 0.000888443 0.00281984 0.00712685 0.0440552 0.0773331 0.111326 0.0921469 0.0852325 0.0710754 0.0886704 0.0786465 0.0553345 0.0373146 0.0185414 0.00753245 0.00457741 0.012979 0.0271748 0.0457355 0.0583668 0.034881 0.0177882 0.00938659 0.00492506 0.0015258 0.00185414 0.000309023 5.79419e-05 3.86279e-05 0
 0 0.00173294 0.00326652 0 0.00397197 0.00683976 0.00946217 0.0152591 0.00757587 0.0136028 0.0228656 0.0392903 0.0559909 0.0764795 0.0681675 0.0726916 0.0566044 0.0477403 0.0527397 0.0444891 0.0609904 0.0582453 0.0661739 0.0445044 0.0529084 0.0360697 0.0280645 0.0235558 0.0158879 0.00826598 0.00280645 0.00217768 0.000904811 0.00058276 9.20147e-05 0
 0 0 0 0 0 0 0 0 0 0 0 0 0 0 0 0 0 0 0 0 0 0 0 0 0 0 0 0 0 0 0 0 0 0 0 0
ppred_pel_tallas
 1.01229e-16 3.30573e-05 0.000194021 0.00092229 0.00355087 0.0110731 0.0279697 0.0572297 0.0948644 0.1274 0.138636 0.122285 0.087532 0.051077 0.0247752 0.0108917 0.00581843 0.00530712 0.00675243 0.0090044 0.0115813 0.0141797 0.0165138 0.0183159 0.0193824 0.0196166 0.0190464 0.0178082 0.0161062 0.0141607 0.0121641 0.0102546 0.00851136 0.00696558 0.00561852 0.00445807
 1.01324e-16 3.2105e-05 0.000188427 0.000895689 0.00344844 0.0107536 0.0271628 0.055579 0.0921294 0.12373 0.134651 0.11879 0.0850741 0.0497309 0.0242864 0.0109553 0.0062473 0.00604482 0.00781445 0.0104199 0.0133558 0.0162749 0.0188409 0.0207417 0.0217477 0.0217626 0.0208432 0.0191765 0.0170281 0.0146764 0.0123564 0.010228 0.00836988 0.00679627 0.0054818 0.00438594
 1.02198e-16 2.54107e-05 0.000149116 0.000708776 0.00272874 0.00850925 0.0214939 0.0439808 0.0729084 0.0979305 0.106611 0.0941418 0.0676149 0.0399148 0.0202209 0.0103561 0.00762973 0.00883582 0.0119798 0.0161083 0.0206913 0.025255 0.0292943 0.032329 0.0340017 0.0341564 0.0328694 0.0304161 0.0271933 0.0236198 0.0200528 0.016738 0.0138023 0.0112767 0.00913357 0.00732207
 1.02426e-16 3.07513e-05 0.000180482 0.000857921 0.00330303 0.0103002 0.0260175 0.0532354 0.0882441 0.118511 0.128969 0.113771 0.0814668 0.0475966 0.023198 0.0103901 0.00583055 0.00558069 0.00722663 0.00970149 0.0125509 0.0154762 0.0181873 0.0204056 0.0219118 0.0225893 0.022443 0.0215838 0.0201903 0.0184595 0.0165651 0.0146345 0.0127462 0.0109415 0.0092417 0.00766188
 1.02008e-16 3.13045e-05 0.000183728 0.000873349 0.00336242 0.0104854 0.0264853 0.0541928 0.0898316 0.120645 0.131294 0.115831 0.0829594 0.0485045 0.0237062 0.0107263 0.00616483 0.00601059 0.00779732 0.0104209 0.0133915 0.0163724 0.019036 0.0210755 0.0222625 0.0224961 0.0218214 0.0204087 0.0185032 0.0163622 0.0142023 0.0121697 0.0103368 0.00871835 0.00729622 0.00604239
 1.0289e-16 2.36559e-05 0.000138812 0.000659786 0.00254011 0.007921 0.0200081 0.0409408 0.0678702 0.0911669 0.0992579 0.0876721 0.0630193 0.037305 0.0190896 0.0100894 0.00781924 0.00931034 0.012711 0.0171228 0.0220219 0.026919 0.0312847 0.0346132 0.0365256 0.0368528 0.0356679 0.0332517 0.0300109 0.0263754 0.0227106 0.0192675 0.0161751 0.0134659 0.011115 0.00907695
 1.03216e-16 2.90479e-05 0.000170481 0.000810374 0.00311996 0.00972929 0.0245754 0.0502849 0.083354 0.111946 0.121828 0.107484 0.0769891 0.0450305 0.0220414 0.0100339 0.00586222 0.00581694 0.00762549 0.0102817 0.0133499 0.0165331 0.0195349 0.0220661 0.0238935 0.0248846 0.025027 0.0244144 0.023209 0.0215938 0.0197325 0.0177481 0.0157218 0.0137042 0.0117326 0.0098421
 1.03355e-16 2.63072e-05 0.000154383 0.000733827 0.00282521 0.00881009 0.0222537 0.0455351 0.0754835 0.101384 0.110358 0.0974188 0.0698998 0.0411257 0.0205799 0.0101259 0.00695516 0.00773398 0.0104004 0.0139959 0.01803 0.0220956 0.0257673 0.0286392 0.0304057 0.0309266 0.0302523 0.0285957 0.026267 0.023592 0.0208441 0.0182068 0.0157706 0.0135553 0.0115434 0.00970883
 1.03164e-16 2.83783e-05 0.000166547 0.000791668 0.00304793 0.00950464 0.024008 0.0491242 0.0814309 0.109366 0.119029 0.105032 0.0752729 0.0441071 0.0217388 0.0101471 0.00627128 0.00649465 0.0085937 0.011567 0.0149536 0.0184143 0.0216048 0.0241937 0.0259237 0.0266633 0.0264283 0.0253625 0.023689 0.0216488 0.0194502 0.0172401 0.0151018 0.0130714 0.01116 0.00937344
 1.03227e-16 2.6658e-05 0.000156443 0.000743625 0.00286294 0.00892775 0.0225509 0.0461431 0.076491 0.102736 0.111826 0.0987081 0.0708093 0.0416294 0.0207741 0.0101262 0.00683457 0.00751792 0.0100874 0.0135782 0.0175055 0.0214748 0.0250747 0.0279119 0.0296873 0.0302599 0.029671 0.0281187 0.0258958 0.0233126 0.0206321 0.0180341 0.0156119 0.0133924 0.0113674 0.0095195
 1.04944e-16 1.93943e-05 0.000113791 0.000540832 0.0020821 0.00649272 0.0164004 0.0335593 0.055636 0.0747407 0.0813938 0.0719406 0.0518148 0.030881 0.016189 0.00918612 0.00787929 0.00987252 0.0136678 0.0185192 0.0239509 0.0294792 0.0345617 0.0386684 0.0413874 0.0425108 0.0420688 0.0402978 0.0375613 0.0342515 0.0307056 0.0271604 0.0237488 0.0205253 0.0175038 0.014689
 1.0729e-16 1.89559e-05 0.000111225 0.000528648 0.00203522 0.00634653 0.016031 0.032803 0.0543801 0.0730476 0.0795342 0.0702595 0.0505229 0.0299491 0.0154066 0.00828556 0.00661703 0.00805291 0.0111489 0.0152311 0.0199283 0.0248911 0.0297223 0.0340155 0.0374286 0.0397447 0.0408996 0.0409652 0.040102 0.0384999 0.0363312 0.0337288 0.0307904 0.0275973 0.024236 0.020809
 1.05976e-16 2.67426e-05 0.000156948 0.00074604 0.00287227 0.00895686 0.0226243 0.0462927 0.0767367 0.103059 0.11216 0.0989584 0.0708936 0.0414879 0.0203507 0.00934012 0.00556811 0.00562915 0.00744202 0.010092 0.0131895 0.0164712 0.019672 0.0225294 0.0248263 0.0264306 0.0273102 0.0275194 0.0271646 0.0263631 0.0252113 0.0237724 0.0220825 0.0201682 0.0180653 0.0158303
 1.041e-16 2.7168e-05 0.000159439 0.000757873 0.0029178 0.00909884 0.022983 0.0470272 0.0779558 0.104702 0.11396 0.100578 0.072122 0.042343 0.0210221 0.0100677 0.00656341 0.00705534 0.00941353 0.0126636 0.0163326 0.0200511 0.0234398 0.0261383 0.0278749 0.0285243 0.028129 0.0268737 0.025026 0.0228637 0.020615 0.0184267 0.016364 0.0144329 0.0126118 0.0108786
 1.0241e-16 3.12261e-05 0.000183269 0.00087117 0.00335404 0.0104593 0.0264193 0.0540575 0.0896071 0.120342 0.130962 0.115532 0.0827318 0.0483444 0.0235779 0.0105846 0.00596972 0.00573078 0.00741088 0.00991755 0.0127775 0.0156746 0.0183034 0.0203762 0.0216744 0.022095 0.0216679 0.0205375 0.0189175 0.0170349 0.0150817 0.0131897 0.0114271 0.00981352 0.00834249 0.00700056
 1.01531e-16 3.2611e-05 0.000191399 0.000909822 0.00350286 0.0109233 0.0275915 0.056456 0.0935826 0.12568 0.136769 0.120648 0.086382 0.0504497 0.0245523 0.0109313 0.00603371 0.00567192 0.00727301 0.00969142 0.0124319 0.0151678 0.0175885 0.0194056 0.0204061 0.0204992 0.0197339 0.0182786 0.016373 0.0142687 0.0121775 0.0102425 0.00853415 0.00706478 0.00581249 0.00474319
 1.0197e-16 2.71286e-05 0.000159203 0.000756739 0.00291342 0.00908516 0.0229485 0.0469569 0.0778407 0.104551 0.113807 0.100469 0.0720998 0.0424428 0.0212804 0.0105368 0.00731707 0.00818147 0.0109963 0.0147592 0.0189428 0.023101 0.0267673 0.0295008 0.0309753 0.0310514 0.0298048 0.0274952 0.0244932 0.0211887 0.0179123 0.01489 0.0122355 0.00997224 0.00806867 0.00647177
 1.02789e-16 2.74878e-05 0.000161317 0.000766799 0.00295217 0.00920602 0.0232538 0.047581 0.0788737 0.105934 0.1153 0.101758 0.0729608 0.0428218 0.0212349 0.0101295 0.00655391 0.00701425 0.00935853 0.0126067 0.0162884 0.020038 0.0234773 0.0262412 0.0280456 0.0287456 0.0283597 0.0270488 0.0250637 0.0226775 0.0201293 0.0175919 0.0151673 0.0129032 0.0108161 0.00891186
 1.03188e-16 2.72473e-05 0.000159904 0.000760082 0.00292631 0.00912537 0.0230501 0.0471643 0.0781831 0.105007 0.114293 0.100872 0.072334 0.0424701 0.0210902 0.0101095 0.00660439 0.00711265 0.00950003 0.012791 0.0165123 0.0202923 0.023747 0.0265079 0.0282916 0.0289596 0.0285404 0.0272076 0.0252231 0.0228669 0.0203785 0.0179241 0.0155938 0.0134205 0.0114067 0.00954762
 1.02311e-16 3.21666e-05 0.000188792 0.000897433 0.00345517 0.0107746 0.0272158 0.0556871 0.0923076 0.123966 0.1349 0.11899 0.0851749 0.0497045 0.0241155 0.0106129 0.00568808 0.00520998 0.00664754 0.00888697 0.0114658 0.0140952 0.0165038 0.0184353 0.0196932 0.0201805 0.0199159 0.019018 0.0176665 0.0160539 0.0143446 0.0126527 0.0110405 0.00953065 0.00812551 0.0068227
 1.02049e-16 2.93672e-05 0.00017235 0.000819249 0.00315411 0.00983577 0.0248445 0.0508358 0.0842686 0.113179 0.123182 0.108706 0.0779248 0.0456989 0.0225925 0.0106577 0.0067293 0.00706123 0.00934069 0.0125089 0.0160558 0.0195903 0.022717 0.0250647 0.0263591 0.0264836 0.0255022 0.0236328 0.0211853 0.0184838 0.0158009 0.0133198 0.0111297 0.0092446 0.00763494 0.00625592
 1.02459e-16 2.80968e-05 0.000164892 0.000783793 0.0030176 0.00941005 0.0237691 0.0486356 0.0806218 0.108282 0.117855 0.104012 0.0745761 0.0437672 0.0216982 0.0103396 0.00667188 0.00711997 0.00947894 0.0127405 0.0164166 0.0201269 0.0234806 0.0261044 0.0277139 0.0281735 0.0275208 0.025943 0.0237196 0.0211502 0.0184926 0.0159281 0.0135565 0.0114133 0.00949655 0.00779102
 1.02527e-16 2.96763e-05 0.000174168 0.000827899 0.00318743 0.00993967 0.0251069 0.0513724 0.0851572 0.114369 0.124469 0.109822 0.078682 0.046057 0.0226105 0.0104026 0.00622229 0.0062781 0.00823932 0.0110596 0.0142659 0.0175205 0.0204869 0.0228442 0.0243466 0.0248738 0.0244522 0.0232345 0.0214511 0.0193493 0.0171414 0.014976 0.0129352 0.0110495 0.00932141 0.00774528
pSPR Fmed_Fpbrs
0.690972   0.338089 0.338089
Fs Fmed_Fpbrs
0.235044   1.005 1.005
SSBpbr Bo_Bmed_Bpbrs
1.25832e+06  806547  362507 362507
Ro
53616.4
SPR SPRFo_SPRFmed_SPRFpbrs
1.10501e+06 763529 373591
log_Ro
10.7096
likeval ReclasPelacesDesembMPH_pf_preclas_ppelaces_ptallas_desvR_qrecl_qpela
 65.0152 27.0299 0.0173136 0.00133615 291.769 177.373 65.4918 0 14.3366 7.93989e-05 0 0 0 0 0
q_reclas_q_pelaces
0.282898 1
M
0.7
N
 50778.5 15352.2 5775.49 687.035 0.352144
 65674.4 23211.5 4918.32 1850.27 220.215
 39555.7 30425.2 7981.99 1691.32 712
 65835.7 17740.2 8812.28 2311.89 696.092
 113515 32062.3 7946.61 3947.41 1347.41
 81391.9 56160.9 15611.6 3869.31 2578.12
 130676 38988.5 23049.9 6407.38 2646.19
 123006 63449.8 17190.3 10162.9 3991.78
 149576 58457.1 24971.8 6765.54 5570.81
 146788 70725.8 22399.1 9568.49 4726.95
 68186.6 70111.9 28588.1 9053.96 5778.35
 40118.4 31252.1 22780.2 9288.61 4819.2
 42963.6 18494.3 10470.1 7631.8 4726.39
 23671.6 18960.4 4918.62 2784.55 3286.71
 18480.5 9561.75 3156.85 818.935 1010.85
 23031.4 7574.35 1719.46 567.686 329.044
 18969.9 10603.8 2520.54 572.191 298.408
 21138.6 8925.54 3958.18 940.865 324.976
 23659.2 10120.2 3652.47 1619.75 518.002
 45183.7 11387.4 4259.7 1537.36 899.802
 57191.4 21718.8 4759.83 1780.51 1018.71
 70014.1 27988.3 9982.39 2187.71 1286.58
 103215 34113.2 12568.3 4482.66 1560.16
pred_Ctot
 2916.68 4017.52 1511.39 179.79 0.0921524
 3181.14 5242.55 1110.85 417.902 49.7379
 2771.69 9403.43 2466.98 522.732 220.056
 914.436 1257.12 624.466 163.828 49.3273
 302.949 449.63 111.44 55.357 18.8955
 2074.67 7085.05 1969.5 488.137 325.245
 2091.09 3165.45 1871.4 520.211 214.842
 3812.21 9593.79 2599.22 1536.65 603.57
 5157.95 9745.72 4163.18 1127.92 928.74
 4036.12 9574.56 3032.3 1295.34 639.914
 3795.05 17859.9 7282.38 2306.36 1471.95
 2076.85 7479.31 5451.79 2222.97 1153.34
 3462.58 6400.53 3623.5 2641.23 1635.72
 3214.27 9632.98 2498.94 1414.71 1669.84
 2347.05 4642.77 1532.83 397.639 490.823
 1211.99 1838.61 417.384 137.801 79.8725
 718.594 1924.9 457.552 103.869 54.1698
 547.033 1142.01 506.445 120.383 41.5804
 524.335 1119.73 404.122 179.215 57.3136
 1042.92 1309.09 489.692 176.734 103.441
 597.367 1167.89 255.952 95.744 54.7795
 949.27 1937.7 691.105 151.461 89.0731
 1700.58 2848.12 1049.33 374.259 130.258
F
 0.0828254 0.438294 0.438294 0.438294 0.438294
 0.0694396 0.367459 0.367459 0.367459 0.367459
 0.10188 0.539124 0.539124 0.539124 0.539124
 0.0194804 0.103086 0.103086 0.103086 0.103086
 0.00371707 0.0196699 0.0196699 0.0196699 0.0196699
 0.0360108 0.190561 0.190561 0.190561 0.190561
 0.0224727 0.118921 0.118921 0.118921 0.118921
 0.0439366 0.232503 0.232503 0.232503 0.232503
 0.048995 0.259271 0.259271 0.259271 0.259271
 0.0388945 0.205821 0.205821 0.205821 0.205821
 0.0801623 0.424201 0.424201 0.424201 0.424201
 0.0743733 0.393567 0.393567 0.393567 0.393567
 0.118001 0.624432 0.624432 0.624432 0.624432
 0.206505 1.09278 1.09278 1.09278 1.09278
 0.191951 1.01576 1.01576 1.01576 1.01576
 0.0756445 0.400294 0.400294 0.400294 0.400294
 0.0539382 0.285429 0.285429 0.285429 0.285429
 0.0365685 0.193512 0.193512 0.193512 0.193512
 0.0312437 0.165335 0.165335 0.165335 0.165335
 0.0325594 0.172297 0.172297 0.172297 0.172297
 0.0146179 0.0773547 0.0773547 0.0773547 0.0773547
 0.0190117 0.100605 0.100605 0.100605 0.100605
 0.0231452 0.122479 0.122479 0.122479 0.122479
YTP_r0W_actual
 11223.8 68924.6 35047.8 16317.7 7138.13
YTP_p0W_proyectada
 43490.8 516911 225525 108390 63572.7
 43490.8 172450 136989 53476.5 26601.8
CTP_r0_actual
 1700.58 2848.12 1049.33 374.259 130.258
CTP_p0_proyectada
 5116.56 24154.7 7228.37 2663.15 1367.15
 5116.56 8058.4 4390.66 1313.92 572.081
Wmedp
 8.5 21.4 31.2 40.7 46.5
nmprior
 10.6 11 7 0
nm_flota  nm_reclas  nm_pelaces    nm_pelaL
inf 13.9447 17.2083 22.8725
cv_recla  cv_pelaces  cv_mph
0.764943 0.636748 1.18595
 ------------------------------------------------
Talla a la edad & desviaci?n 
 7.2 14.2025 17.0495 18.207 18.6776
 1.08 2.13037 2.55742 2.73105 2.80164
