years
 1997 1998 1999 2000 2001 2002 2003 2004 2005 2006 2007 2008 2009 2010 2011 2012 2013 2014 2015 2016 2017 2018 2019
reclasobs
 0 0 0 370054 412103 1.49427e+06 250295 1.28982e+06 931140 785840 897777 1.04006e+06 184774 17550 25797 100020 73551 82996 120727 218422 84188 347160 605670
reclaspred
 476084 123026 311260 216155 351633 430027 948764 647293 732497 749773 633633 442144 274168 113999 67799.1 64168 77258.7 104430 112215 154067 234572 223540 390143
pelacesobs
 0 0 0 0 0 0 0 0 0 2.06254e+06 1.5e+06 0 1.87456e+06 323000 250000 174000 83755 137374 0 501740 490994 745055 786931
pelacespred
 1.9124e+06 450258 663475 754061 1.07622e+06 1.08015e+06 2.67122e+06 2.20586e+06 2.21691e+06 2.3196e+06 1.7198e+06 1.25099e+06 742728 239378 141987 151460 191737 273631 302141 399428 708460 667985 895219
mphobs
 0 0 0 0 0 112323 0 153150 637223 0 255016 313432 73983 77613 109348 50772 0 0 0 0 0 0 0
mphpred
 176889 97267 108303 105558 124164 210684 301123 370643 318066 339544 354207 249845 157453 82225.3 35177.7 27901.7 31253.9 41384.6 52104.3 59012.8 89735.5 111744 141104
desembarqueobs
 350755 77701 442110 56441 14545 235359 269955 359681 431902 328805 639364 411747 362871 311530 167758 66681 60226 58785 57116 73181 50977 67692 138656
desembarquepred
 350761 77699.2 442087 56444 14545.3 235436 270018 359675 431945 328813 639318 411781 362937 311622 167585 66677.5 60253.5 58778.8 57100.9 73178 50979.4 67681.7 138653
Reclutas
 36362.5 44323 22728.6 35066.4 61695.4 43967.2 78220 76201 99438.4 116630 66904 46109.5 45949.1 24792.4 14370.1 13320.1 10196 11778 12497.1 20459.8 27112.3 35237.6 56985.3
log_desv_Rt
 0.0462829 0.244248 -0.42363 0.0099895 0.574955 0.236189 0.812271 0.78612 1.05228 1.21176 0.656004 0.283763 0.280279 -0.336719 -0.882107 -0.957983 -1.22526 -1.08102 -1.02176 -0.528793 -0.247268 0.014859 0.495538
SSB
 448922 246852 274859 267894 315114 534691 764214 940646 807213 861721 898935 634075 399597 208678 89276.7 70811.1 79318.5 105029 132234 149767 227738 283592 358106
BT
 1.54489e+06 376630 656340 491492 639233 753557 1.81471e+06 1.66359e+06 1.7291e+06 1.66722e+06 1.54193e+06 1.07672e+06 791680 432894 228339 145202 163273 208286 215869 293748 456125 422393 593780
Ftot
 0.966408 0.883561 1.51875 0.323094 0.0557505 0.524303 0.330356 0.654648 0.741985 0.550215 1.02448 0.899071 1.43074 2.80432 3.22244 1.38264 1.01828 0.69369 0.55608 0.586335 0.268316 0.323551 0.381711
BD_Bspro_t
 0.910409 0.639203 0.5609 0.380162 0.54612 0.723315 0.670659 0.687253 0.619883 0.590621 0.570322 0.412528 0.309574 0.210614 0.114306 0.112319 0.167424 0.274641 0.377932 0.466545 0.59781 0.708178 0.720319
BD_Bspro
 0.627408 0.344997 0.38414 0.374406 0.440399 0.747278 1.06806 1.31464 1.12815 1.20433 1.25634 0.886176 0.558471 0.291646 0.124772 0.0989647 0.110855 0.146787 0.184809 0.209313 0.318283 0.396344 0.500484
BD_Bo
 0.513086 0.282133 0.314144 0.306184 0.360152 0.611113 0.873441 1.07509 0.922586 0.984884 1.02742 0.724702 0.45671 0.238504 0.102037 0.0809319 0.0906553 0.120041 0.151134 0.171173 0.260288 0.324125 0.409289
BD_Brms
 0.932883 0.51297 0.571171 0.556697 0.654822 1.11112 1.58808 1.95471 1.67743 1.7907 1.86803 1.31764 0.830382 0.433643 0.185521 0.147149 0.164828 0.218256 0.274789 0.311224 0.47325 0.589318 0.744161
S_f
 0.105048 0.690421 0.976945 0.998759 0.999935
 0.105048 0.690421 0.976945 0.998759 0.999935
 0.105048 0.690421 0.976945 0.998759 0.999935
 0.105048 0.690421 0.976945 0.998759 0.999935
 0.105048 0.690421 0.976945 0.998759 0.999935
 0.105048 0.690421 0.976945 0.998759 0.999935
 0.105048 0.690421 0.976945 0.998759 0.999935
 0.105048 0.690421 0.976945 0.998759 0.999935
 0.105048 0.690421 0.976945 0.998759 0.999935
 0.105048 0.690421 0.976945 0.998759 0.999935
 0.105048 0.690421 0.976945 0.998759 0.999935
 0.105048 0.690421 0.976945 0.998759 0.999935
 0.105048 0.690421 0.976945 0.998759 0.999935
 0.105048 0.690421 0.976945 0.998759 0.999935
 0.105048 0.690421 0.976945 0.998759 0.999935
 0.105048 0.690421 0.976945 0.998759 0.999935
 0.105048 0.690421 0.976945 0.998759 0.999935
 0.105048 0.690421 0.976945 0.998759 0.999935
 0.105048 0.690421 0.976945 0.998759 0.999935
 0.105048 0.690421 0.976945 0.998759 0.999935
 0.105048 0.690421 0.976945 0.998759 0.999935
 0.105048 0.690421 0.976945 0.998759 0.999935
 0.105048 0.690421 0.976945 0.998759 0.999935
Scru_reclas
 0.735293 0.933245 0.985987 0.997184 0.999439
 0.735293 0.933245 0.985987 0.997184 0.999439
 0.735293 0.933245 0.985987 0.997184 0.999439
 0.735293 0.933245 0.985987 0.997184 0.999439
 0.735293 0.933245 0.985987 0.997184 0.999439
 0.735293 0.933245 0.985987 0.997184 0.999439
 0.735293 0.933245 0.985987 0.997184 0.999439
 0.735293 0.933245 0.985987 0.997184 0.999439
 0.735293 0.933245 0.985987 0.997184 0.999439
 0.735293 0.933245 0.985987 0.997184 0.999439
 0.735293 0.933245 0.985987 0.997184 0.999439
 0.735293 0.933245 0.985987 0.997184 0.999439
 0.735293 0.933245 0.985987 0.997184 0.999439
 0.735293 0.933245 0.985987 0.997184 0.999439
 0.735293 0.933245 0.985987 0.997184 0.999439
 0.735293 0.933245 0.985987 0.997184 0.999439
 0.735293 0.933245 0.985987 0.997184 0.999439
 0.735293 0.933245 0.985987 0.997184 0.999439
 0.735293 0.933245 0.985987 0.997184 0.999439
 0.735293 0.933245 0.985987 0.997184 0.999439
 0.735293 0.933245 0.985987 0.997184 0.999439
 0.735293 0.933245 0.985987 0.997184 0.999439
 0.735293 0.933245 0.985987 0.997184 0.999439
Scru_pelaces
 0.682065 1 1 1 1
 0.682065 1 1 1 1
 0.682065 1 1 1 1
 0.682065 1 1 1 1
 0.682065 1 1 1 1
 0.682065 1 1 1 1
 0.682065 1 1 1 1
 0.682065 1 1 1 1
 0.682065 1 1 1 1
 0.682065 1 1 1 1
 0.682065 1 1 1 1
 0.682065 1 1 1 1
 0.682065 1 1 1 1
 0.682065 1 1 1 1
 0.682065 1 1 1 1
 0.682065 1 1 1 1
 0.682065 1 1 1 1
 0.682065 1 1 1 1
 0.682065 1 1 1 1
 0.682065 1 1 1 1
 0.682065 1 1 1 1
 0.682065 1 1 1 1
 0.682065 1 1 1 1
pf_obs 
 0.256992 0.487395 0.22802 0.0275931 0
 0.321318 0.546541 0.124235 0.00734118 0.000564706
 0.182869 0.594174 0.210203 0.0122559 0.00049798
 0.330522 0.361315 0.267642 0.0388342 0.00168674
 0.649043 0.306663 0.0425973 0.00169635 0
 0.582887 0.30429 0.105238 0.00758474 0
 0.465427 0.430635 0.0974691 0.00646863 0
 0.296916 0.608066 0.0921331 0.00288517 0
 0.311714 0.524322 0.152257 0.0117073 0
 0.15457 0.633149 0.183074 0.0267441 0.00246327
 0.131901 0.49318 0.331252 0.0422183 0.00144891
 0.196976 0.569456 0.194076 0.0375587 0.00193317
 0.518974 0.381816 0.0799577 0.0180837 0.00116848
 0.0928022 0.601141 0.25162 0.0475244 0.00691264
 0.122501 0.610282 0.24278 0.0234846 0.000952079
 0.383417 0.481906 0.127806 0.00687128 0
 0.0376549 0.599619 0.316969 0.0457579 0
 0.0361596 0.667082 0.258105 0.0386534 0
 0.158088 0.579412 0.248529 0.0139706 0
 0.0477256 0.309471 0.559284 0.082774 0.000745712
 0.0406174 0.521527 0.379366 0.0568643 0.0016247
 0.151134 0.462217 0.34131 0.0453401 0
 0.294876 0.26143 0.354403 0.0886775 0.000613685
pf_pred 
 0.304301 0.475491 0.196679 0.0235174 1.28521e-05
 0.285788 0.558079 0.122103 0.0305052 0.00352539
 0.157222 0.642129 0.171519 0.0229471 0.00618321
 0.276183 0.459036 0.22664 0.0328075 0.00533334
 0.28141 0.497412 0.158738 0.0536382 0.00880166
 0.146141 0.583955 0.205252 0.0466872 0.0179647
 0.247577 0.395441 0.274067 0.0634781 0.019436
 0.199154 0.548395 0.15677 0.0738935 0.0217869
 0.247189 0.48123 0.210212 0.0385465 0.0228233
 0.239601 0.537923 0.164291 0.0453574 0.0128277
 0.140535 0.590289 0.212307 0.0423117 0.0145581
 0.144524 0.494376 0.284276 0.0610493 0.0157746
 0.218338 0.466503 0.218507 0.0766362 0.0200152
 0.209715 0.606734 0.134615 0.0343716 0.0145642
 0.277961 0.606358 0.10344 0.0091383 0.00310239
 0.328 0.596195 0.0709509 0.00437398 0.000479641
 0.219563 0.634127 0.136692 0.00902531 0.000592305
 0.242402 0.518909 0.209779 0.0270722 0.00183843
 0.217876 0.542697 0.185277 0.0477654 0.00638482
 0.286088 0.465211 0.193298 0.0431484 0.0122545
 0.25169 0.544505 0.151381 0.0410082 0.0114164
 0.226859 0.510367 0.20916 0.0400753 0.0135392
 0.265542 0.470566 0.195546 0.0546833 0.0136633
pobs_RECLAS
 0 0 0 0 0
 0 0 0 0 0
 0 0 0 0 0
 0 0 0 0 0
 0.835266 0.146461 0.0176864 0.000547809 3.91292e-05
 0.385257 0.428462 0.181853 0.0044286 0
 0.867414 0.0963971 0.0333333 0.00285562 0
 0.441836 0.489002 0.0689373 0.000224442 0
 0.779404 0.147425 0.0564933 0.0165055 0.000172143
 0.814271 0.122319 0.05973 0.00367925 0
 0.40263 0.566651 0.0304383 0.000280538 0
 0.475488 0.404961 0.113038 0.00651328 0
 0.955842 0.0263864 0.0167828 0.000988607 0
 0.975058 0.0227948 0.00214734 0 0
 0.738997 0.206755 0.0527124 0.00153531 0
 0.850938 0.134255 0.0134407 0.00136685 0
 0.542534 0.407297 0.0501686 0 0
 0.764087 0.199537 0.0359546 0.000420521 0
 0.470689 0.182191 0.310203 0.0369168 0
 0.84361 0.089868 0.0606195 0.00523954 0.000663233
 0.607945 0.314616 0.071237 0.00620181 0
 0.523733 0.453247 0.0230204 0 0
 0.530135 0.295979 0.169645 0.0042399 0
ppred_RECLAS
 0.723145 0.20755 0.0619888 0.00731223 3.99981e-06
 0.69751 0.251596 0.0399141 0.00984085 0.00113836
 0.533479 0.383126 0.0714547 0.00940403 0.00253593
 0.688661 0.218202 0.0798492 0.0114279 0.00185972
 0.688075 0.23441 0.0557998 0.0186512 0.00306383
 0.497485 0.375184 0.0970997 0.0218248 0.00840653
 0.663356 0.201918 0.103701 0.0237464 0.0072784
 0.592013 0.305445 0.0639702 0.0297822 0.00878982
 0.661405 0.240006 0.0765218 0.0138552 0.00821171
 0.644546 0.272732 0.0612748 0.0167149 0.00473201
 0.495084 0.380402 0.0984883 0.0193586 0.0066668
 0.509082 0.321335 0.133875 0.0283707 0.00733768
 0.642106 0.243091 0.0799793 0.0276078 0.00721619
 0.655548 0.289972 0.0402268 0.0100104 0.00424286
 0.740031 0.233394 0.0238356 0.00204489 0.000694281
 0.739465 0.239131 0.0200531 0.00121704 0.000133567
 0.618699 0.327018 0.0507603 0.00330559 0.000217136
 0.651629 0.260769 0.0771066 0.00982725 0.000668015
 0.616835 0.289487 0.0726857 0.0185148 0.00247741
 0.701421 0.214544 0.0654865 0.0144419 0.00410578
 0.654458 0.270577 0.0558398 0.0149574 0.00416846
 0.62808 0.269362 0.0818177 0.015499 0.00524173
 0.677383 0.228206 0.0701634 0.019396 0.0048514
pobs_PELACES
 0 0 0 0 0
 0 0 0 0 0
 0 0 0 0 0
 0 0 0 0 0
 0 0 0 0 0
 0 0 0 0 0
 0 0 0 0 0
 0 0 0 0 0
 0 0 0 0 0
 0 0 0 0 0
 0.450072 0.473896 0.0757376 0.000293798 0
 0 0 0 0 0
 0.463077 0.371075 0.160297 0.00555027 0
 0.529543 0.364841 0.0842815 0.0213345 0
 0.631943 0.363953 0.00410389 0 0
 0.735681 0.248677 0.0153453 0.000297389 0
 0.695825 0.281241 0.0229344 0 0
 0.275771 0.60734 0.115278 0.00161068 0
 0 0 0 0 0
 0.896147 0.0623911 0.0374545 0.00400742 0
 0.803859 0.145111 0.0509908 3.86294e-05 0
 0.739449 0.233085 0.0266225 0.000797448 4.60066e-05
 0.878498 0.100942 0.0204185 0.000141795 0
ppred_PELACES
 0.7384 0.20312 0.0524063 0.00607008 3.31162e-06
 0.707753 0.248627 0.034341 0.00831865 0.000959775
 0.578466 0.357872 0.0547238 0.0070438 0.00189406
 0.676434 0.232602 0.0781413 0.0110322 0.00179105
 0.662198 0.257805 0.0577806 0.0190887 0.00312857
 0.493334 0.388382 0.0905372 0.0200455 0.00770217
 0.653107 0.215445 0.101508 0.0229288 0.00701104
 0.594852 0.312412 0.0582125 0.0266713 0.00785192
 0.669195 0.243052 0.0683781 0.0121765 0.00719839
 0.641522 0.28195 0.056918 0.0152913 0.00431832
 0.517554 0.376887 0.0838317 0.016173 0.00555494
 0.528258 0.323764 0.117267 0.0244136 0.00629778
 0.684756 0.227146 0.0617857 0.0208721 0.00544025
 0.747685 0.222251 0.0223857 0.00539805 0.00228029
 0.825781 0.161436 0.0115063 0.000953677 0.000322658
 0.764977 0.218781 0.0152371 0.000905313 9.90787e-05
 0.635721 0.318838 0.0425435 0.00271938 0.000178156
 0.655974 0.265206 0.0695119 0.00871619 0.000590994
 0.614283 0.299099 0.0674412 0.0169182 0.00225817
 0.701382 0.22128 0.0604816 0.0131329 0.00372435
 0.637353 0.289013 0.0550398 0.0145494 0.00404519
 0.614406 0.285938 0.0797299 0.0148991 0.00502687
 0.667765 0.241397 0.0677589 0.0184701 0.00460871
pobs_pel_tallas
 0 0 0 0 0 0 0 0 0 0 0 0 0 0 0 0 0 0 0 0 0 0 0 0 0 0 0 0 0 0 0 0 0 0 0 0
 0 0 0 0 0 0 0 0 0 0 0 0 0 0 0 0 0 0 0 0 0 0 0 0 0 0 0 0 0 0 0 0 0 0 0 0
 0 0 0 0 0 0 0 0 0 0 0 0 0 0 0 0 0 0 0 0 0 0 0 0 0 0 0 0 0 0 0 0 0 0 0 0
 0 0 0 0 0 0 0 0 0 0 0 0 0 0 0 0 0 0 0 0 0 0 0 0 0 0 0 0 0 0 0 0 0 0 0 0
 0 0 0 0 0 0 0 0 0 0 0 0 0 0 0 0 0 0 0 0 0 0 0 0 0 0 0 0 0 0 0 0 0 0 0 0
 0 0 0 0 0 0 0 0 0 0 0 0 0 0 0 0 0 0 0 0 0 0 0 0 0 0 0 0 0 0 0 0 0 0 0 0
 0 0 0 0 0 0 0 0 0 0 0 0 0 0 0 0 0 0 0 0 0 0 0 0 0 0 0 0 0 0 0 0 0 0 0 0
 0 0 0 0 0 0 0 0 0 0 0 0 0 0 0 0 0 0 0 0 0 0 0 0 0 0 0 0 0 0 0 0 0 0 0 0
 0 0 0 0 0 0 0 0 0 0 0 0 0 0 0 0 0 0 0 0 0 0 0 0 0 0 0 0 0 0 0 0 0 0 0 0
 0 0 0 0 0 0 0 0 0 0 0 0 0 0 0 0 0 0 0 0 0 0 0 0 0 0 0 0 0 0 0 0 0 0 0 0
 0 0 0 0 0 0 0 0 1.78061e-05 0.00172719 0.00360574 0.0105946 0.0120993 0.0124554 0.0147524 0.0171206 0.0266825 0.0428682 0.0675386 0.121331 0.153587 0.119568 0.100827 0.0573624 0.0630603 0.0341343 0.0324427 0.0444173 0.0211091 0.0280891 0.0125444 0.00206551 0 0 0 0
 0 0 0 0 0 0 0 0 0 0 0 0 0 0 0 0 0 0 0 0 0 0 0 0 0 0 0 0 0 0 0 0 0 0 0 0
 0 0 0 0 0 0 0.0133647 0.0140871 0.0187388 0.0205184 0.03894 0.0496705 0.03968 0.0493445 0.0407372 0.0367815 0.0215668 0.0243155 0.0234873 0.0199281 0.019796 0.0243948 0.0301388 0.0376714 0.0412746 0.0863199 0.0771752 0.113111 0.0741005 0.0525337 0.0229764 0.00759418 0.00175318 0 0 0
 0 0 0 0 0 0 0 0 0 0 0.00219441 0.00772107 0.0458388 0.0604681 0.0671733 0.0775358 0.0609151 0.0617685 0.073594 0.0568108 0.0755445 0.0548602 0.0670107 0.0636378 0.0643287 0.046367 0.0373049 0.0286899 0.0247887 0.0153202 0.00654259 0.00121912 0.000365735 0 0 0
 0 0 0 0 0 0 0 0 0 0 0 0 0.000112435 0.00938835 0.0111873 0.0202946 0.0414886 0.0713402 0.111592 0.104902 0.108894 0.110636 0.117776 0.105296 0.107544 0.0401394 0.0192827 0.0124803 0.00416011 0.0028671 0.000618394 0 0 0 0 0
 0 0 0 0 0 0 0 0 0 0 0.00291406 0.0102884 0.027416 0.0768956 0.0749926 0.110853 0.0956884 0.0897413 0.0766577 0.0534642 0.0500743 0.0551293 0.0594112 0.0620874 0.0668451 0.0424026 0.0208742 0.0120726 0.0048766 0.00582813 0.00118941 0.000297354 0 0 0 0
 0 0.00264628 0.0354308 0.0461629 0.0458689 0.0383711 0.0214643 0.0164657 0.0346957 0.0420465 0.0363128 0.0245516 0.0311673 0.0291091 0.0169068 0.0133784 0.00837989 0.0085269 0.0148486 0.0160247 0.0276389 0.0546898 0.0760071 0.122758 0.109233 0.0665981 0.0333725 0.0166128 0.00676272 0.00308733 0.000882094 0 0 0 0 0
 0 0 0 0 0 0 0 0.000805153 0.000690131 0.00759144 0.0133425 0.0154129 0.00931677 0.000345066 0.00356568 0.00563607 0.00851162 0.0253048 0.0502646 0.0516448 0.0657925 0.0565908 0.0611916 0.0827007 0.0866115 0.110766 0.145733 0.0935128 0.0569358 0.0249597 0.0138026 0.00621118 0.00161031 0.00115022 0 0
 0 0 0 0 0 0 0 0 0 0 0 0 0 0 0 0 0 0 0 0 0 0 0 0 0 0 0 0 0 0 0 0 0 0 0 0
 0.00147267 0.00158595 0.00478618 0.00569244 0.00954404 0.0108468 0.00647125 0.017049 0.0510054 0.094081 0.124002 0.0959785 0.0687766 0.0820023 0.061753 0.0591476 0.0492212 0.0479892 0.0443925 0.0268479 0.0217502 0.0140895 0.0121071 0.0120363 0.00920419 0.00665534 0.0049561 0.00860946 0.00930331 0.0156896 0.0114698 0.00855282 0.00243557 0.00046729 0 2.83206e-05
 0 0 0 0 0.000772559 0.00158375 0.000888443 0.00281984 0.00712685 0.0440552 0.0773331 0.111326 0.0921469 0.0852325 0.0710754 0.0886704 0.0786465 0.0553345 0.0373146 0.0185414 0.00753245 0.00457741 0.012979 0.0271748 0.0457355 0.0583668 0.034881 0.0177882 0.00938659 0.00492506 0.0015258 0.00185414 0.000309023 5.79419e-05 3.86279e-05 0
 0 0.00173294 0.00326652 0 0.00397197 0.00683976 0.00946217 0.0152591 0.00757587 0.0136028 0.0228656 0.0392903 0.0559909 0.0764795 0.0681675 0.0726916 0.0566044 0.0477403 0.0527397 0.0444891 0.0609904 0.0582453 0.0661739 0.0445044 0.0529084 0.0360697 0.0280645 0.0235558 0.0158879 0.00826598 0.00280645 0.00217768 0.000904811 0.00058276 9.20147e-05 0
 0 0 0 0 0 0 0 0 0 0 0 0 0 0 0 0 0 0 0 0 0 0 0 0 0 0 0 0 0 0 0 0 0 0 0 0
ppred_pel_tallas
 1.01019e-16 3.22187e-05 0.000189094 0.000898863 0.00346066 0.0107917 0.0272591 0.055776 0.0924559 0.124169 0.135128 0.119211 0.0853751 0.0499061 0.0243709 0.0109915 0.00626572 0.0060613 0.00783612 0.0104501 0.0133963 0.0163258 0.0189004 0.0208049 0.0218059 0.0218037 0.0208516 0.0191351 0.0169202 0.0144884 0.0120809 0.00986493 0.00792831 0.00629317 0.00494032 0.00383245
 1.009e-16 3.08841e-05 0.000181255 0.000861585 0.00331712 0.0103441 0.0261284 0.0534629 0.0886233 0.119026 0.129544 0.114314 0.0819319 0.0480222 0.0236904 0.0110885 0.00688002 0.00711672 0.00935805 0.0124838 0.0159541 0.019358 0.0222849 0.0243542 0.0252919 0.0249936 0.023548 0.0212076 0.0183224 0.0152562 0.0123145 0.00970205 0.00751529 0.00576177 0.00439311 0.00333753
 1.01224e-16 2.52511e-05 0.000148174 0.000704292 0.00271146 0.00845534 0.0213578 0.0437026 0.0724487 0.0973169 0.105954 0.093586 0.0672695 0.0398189 0.0203705 0.0107531 0.00830813 0.00985686 0.0134083 0.0179841 0.0230026 0.0279184 0.0321481 0.0351439 0.0365097 0.036093 0.0340186 0.0306482 0.0264842 0.0220502 0.0177872 0.0139927 0.010809 0.00825085 0.00625201 0.00471171
 1.01648e-16 2.95179e-05 0.000173236 0.000823462 0.00317034 0.00988636 0.0249723 0.0510972 0.0847017 0.113759 0.123812 0.109256 0.0783082 0.0459011 0.0226509 0.0106169 0.00661498 0.00687929 0.00908815 0.012185 0.0156695 0.0191641 0.0222864 0.0246737 0.0260522 0.0262957 0.0254489 0.0237052 0.0213494 0.0186868 0.0159815 0.0134207 0.0111077 0.0090784 0.00732654 0.0058279
 1.01707e-16 2.88981e-05 0.000169595 0.000806147 0.00310366 0.00967844 0.0244471 0.0500228 0.0829216 0.111371 0.121219 0.106984 0.0767147 0.0450369 0.0223539 0.0106932 0.00694859 0.00743929 0.00988935 0.0132482 0.0169953 0.0207185 0.0239963 0.0264325 0.0277346 0.0277787 0.0266347 0.024538 0.0218235 0.0188431 0.0158947 0.0131814 0.0108045 0.00878403 0.00708996 0.00567314
 1.02461e-16 2.15402e-05 0.000126385 0.000600698 0.00231258 0.00721145 0.0182159 0.0372743 0.0617947 0.0830139 0.0904025 0.0799006 0.0575427 0.0342831 0.0179484 0.0101398 0.00863292 0.0107504 0.0148058 0.0199419 0.0255979 0.0312048 0.0361365 0.0397964 0.0417429 0.0417891 0.0400397 0.03685 0.0327262 0.0282008 0.0237257 0.0196101 0.0160098 0.0129568 0.0104072 0.0082864
 1.02627e-16 2.85001e-05 0.000167262 0.000795064 0.003061 0.00954541 0.024111 0.0493349 0.0817803 0.109835 0.11954 0.105484 0.0755986 0.0443016 0.0218417 0.0102069 0.00632439 0.00656243 0.0086881 0.0116949 0.0151182 0.0186139 0.0218317 0.0244333 0.0261543 0.0268574 0.0265549 0.0253903 0.0235902 0.0214031 0.0190475 0.0166832 0.0144068 0.0122664 0.0102824 0.0084654
 1.02212e-16 2.59637e-05 0.000152362 0.000724211 0.00278817 0.00869457 0.021962 0.0449386 0.074496 0.100062 0.10893 0.0961845 0.0690716 0.0407537 0.0206065 0.010488 0.00764352 0.00879213 0.0118916 0.0159661 0.0204759 0.0249431 0.028862 0.0317559 0.0332751 0.0332761 0.0318503 0.0292898 0.0260059 0.0224271 0.0189132 0.0157051 0.0129179 0.0105659 0.00860319 0.0069621
 1.01805e-16 2.92027e-05 0.000171384 0.000814657 0.00313643 0.00978063 0.0247052 0.0505509 0.0837964 0.112544 0.122493 0.108099 0.0774937 0.0454537 0.0224857 0.0106321 0.00674741 0.00710867 0.0094178 0.0126227 0.0162155 0.0198048 0.0229925 0.0254029 0.0267553 0.0269253 0.0259689 0.0240972 0.0216156 0.018848 0.0160708 0.0134754 0.011162 0.00915719 0.00744294 0.00598339
 1.01628e-16 2.79975e-05 0.000164305 0.000780996 0.00300682 0.00937642 0.0236842 0.0484622 0.0803355 0.107901 0.117449 0.103675 0.0743813 0.0437465 0.0218606 0.0107021 0.00727503 0.00802242 0.0107387 0.0143916 0.018446 0.0224578 0.0259666 0.0285397 0.0298599 0.0297965 0.0284327 0.0260343 0.0229766 0.0196527 0.0163945 0.0134273 0.0108618 0.008716 0.00695089 0.00550457
 1.02129e-16 2.25959e-05 0.000132584 0.000630169 0.00242606 0.00756533 0.0191097 0.0391031 0.0648255 0.0870826 0.0948257 0.0837918 0.0603053 0.0358494 0.0186223 0.0102892 0.00850128 0.0104385 0.0143284 0.0192815 0.0247341 0.0301283 0.0348548 0.0383343 0.0401399 0.0400932 0.0383009 0.0351138 0.0310302 0.0265736 0.0221884 0.0181783 0.0146959 0.0117709 0.00935672 0.00737558
 1.02904e-16 2.30605e-05 0.000135317 0.000643171 0.00247614 0.00772151 0.0195041 0.0399097 0.0661612 0.0888717 0.0967606 0.0854698 0.0614441 0.0363886 0.018651 0.00990824 0.00774292 0.00926653 0.0126796 0.0171106 0.0220514 0.0270234 0.0315053 0.0349937 0.0371046 0.037655 0.0366965 0.0344836 0.0313968 0.027845 0.0241823 0.0206598 0.0174182 0.01451 0.0119348 0.0096716
 1.01923e-16 2.98805e-05 0.000175365 0.000833587 0.00320932 0.0100079 0.0252793 0.0517254 0.0857428 0.115157 0.12533 0.110591 0.079253 0.046431 0.0228675 0.0106427 0.00652835 0.00670825 0.00883039 0.0118272 0.0151991 0.0185754 0.0215845 0.0238762 0.0251887 0.0254055 0.0245772 0.0228981 0.0206495 0.0181287 0.0155884 0.0132024 0.0110602 0.00918472 0.00755915 0.00615236
 1.00683e-16 3.26242e-05 0.000191474 0.00091017 0.00350419 0.0109275 0.027602 0.0564777 0.0936195 0.125733 0.136833 0.120722 0.0864731 0.0505792 0.0247568 0.0112602 0.00654566 0.00642792 0.00832594 0.0110707 0.0141264 0.0171124 0.0196589 0.0214269 0.0221745 0.021814 0.0204313 0.0182605 0.015622 0.0128475 0.0102137 0.00790428 0.00600269 0.00451005 0.00337558 0.00252703
 1.00264e-16 3.60271e-05 0.000211457 0.00100519 0.00387005 0.0120684 0.0304838 0.0623737 0.10339 0.138847 0.151085 0.133248 0.0953395 0.0555522 0.0267935 0.011515 0.00576519 0.00489505 0.00605116 0.00797559 0.0101518 0.012272 0.0140612 0.0152726 0.0157321 0.0153794 0.0142823 0.0126172 0.0106239 0.0085499 0.00660165 0.00491568 0.00355309 0.0025126 0.00175295 0.0012157
 1.00324e-16 3.33781e-05 0.0001959 0.000931214 0.00358522 0.0111802 0.0282402 0.0577836 0.0957838 0.128638 0.139993 0.123505 0.0884538 0.0517128 0.025265 0.0114119 0.00652232 0.0063098 0.00813093 0.0107904 0.0137449 0.0166144 0.0190327 0.0206662 0.0212795 0.0207909 0.019293 0.0170253 0.0143139 0.0114947 0.0088484 0.00656046 0.00471401 0.00330722 0.00228388 0.00156421
 1.0081e-16 2.77461e-05 0.000162826 0.000773954 0.00297969 0.00929182 0.0234706 0.0480253 0.0796124 0.106933 0.116405 0.102774 0.0737792 0.0434824 0.0218947 0.0109915 0.00781687 0.0088526 0.0119068 0.0159322 0.0203548 0.0246738 0.0283661 0.0309437 0.0320558 0.0315712 0.0296076 0.0264955 0.0226913 0.0186698 0.0148303 0.0114416 0.00863103 0.00640868 0.0047099 0.00343734
 1.01401e-16 2.86271e-05 0.000168003 0.000798578 0.00307451 0.00958754 0.0242175 0.0495531 0.0821433 0.110327 0.120085 0.105989 0.076014 0.0446517 0.0222113 0.0107062 0.00706413 0.00764249 0.0101874 0.0136542 0.0175183 0.0213567 0.0247342 0.0272399 0.0285692 0.0285907 0.0273729 0.0251562 0.0222862 0.0191286 0.0159966 0.0131078 0.0105763 0.00843146 0.00664923 0.00518232
 1.01742e-16 2.68105e-05 0.000157335 0.000747854 0.0028792 0.00897846 0.0226791 0.0464056 0.0769273 0.103326 0.112477 0.0993034 0.0712824 0.042 0.0211292 0.0105785 0.00749323 0.00847802 0.0114236 0.0153315 0.019665 0.0239605 0.0277309 0.0305158 0.0319759 0.0319682 0.0305758 0.028075 0.0248585 0.0213396 0.017869 0.0146867 0.0119138 0.00957458 0.00763399 0.00603257
 1.01557e-16 3.06053e-05 0.00017962 0.000853818 0.00328722 0.0102509 0.0258929 0.0529809 0.0878235 0.11795 0.128368 0.113264 0.0811534 0.0475137 0.0233434 0.0107675 0.00647333 0.00654716 0.0085779 0.0114746 0.0147334 0.017988 0.0208739 0.0230487 0.0242574 0.0243876 0.0234915 0.0217629 0.0194816 0.0169441 0.0144035 0.0120349 0.00992981 0.00811218 0.00656477 0.00525378
 1.01565e-16 2.7816e-05 0.000163239 0.000775925 0.00298729 0.00931553 0.0235304 0.0481475 0.0798142 0.107201 0.11669 0.10301 0.0739146 0.0434932 0.0217735 0.0107244 0.0073729 0.00818733 0.0109759 0.0147082 0.018844 0.0229292 0.0264918 0.0290887 0.030396 0.030282 0.028835 0.0263314 0.0231596 0.0197261 0.0163736 0.0133342 0.010721 0.00855077 0.00678039 0.00534292
 1.01972e-16 2.68154e-05 0.000157365 0.000747998 0.00287976 0.0089802 0.0226834 0.0464145 0.0769417 0.103344 0.112494 0.099312 0.0712743 0.0419666 0.02106 0.0104587 0.00730383 0.00819799 0.0110345 0.0148238 0.0190443 0.0232529 0.026984 0.0297957 0.0313577 0.0315244 0.0303626 0.0281226 0.0251659 0.0218759 0.0185807 0.0155075 0.012776 0.0104183 0.00841303 0.00671699
 1.01891e-16 2.91403e-05 0.000171018 0.000812916 0.00312973 0.00975973 0.0246524 0.0504428 0.0836172 0.112304 0.12223 0.107867 0.0773263 0.0453533 0.022432 0.0106 0.00671861 0.00707274 0.00936982 0.0125612 0.0161418 0.0197235 0.0229116 0.0253329 0.0267087 0.0269145 0.026004 0.0241847 0.0217569 0.019039 0.0163026 0.0137357 0.0114366 0.0094316 0.00770428 0.00622138
pSPR Fmed_Fpbrs
0.502166   0.6 0.325
Fs Fmed_Fpbrs
0.679012   0.447456 1.5327
SSBpbr Bo_Bmed_Bpbrs
874946  395621  481220 240610
Ro
34717.9
SPR SPRFo_SPRFmed_SPRFpbrs
715519 359309 232544
log_Ro
10.275
likeval ReclasPelacesDesembMPH_pf_preclas_ppelaces_ptallas_desvR_qrecl_qpela
 63.5372 14.9691 0.00849484 0.000201869 285.263 169.253 64.1713 0 15.528 7.46295e-06 8.39163e-05 9.24027e-15 0 0 0
q_reclas_q_pelaces
0.679014 3.68134
M
0.7
N
 36362.5 10910.8 3542.43 417.552 0.228017
 44323 16313.9 2780.21 684.33 79.0236
 22728.6 20059.2 4401.69 582.362 156.828
 35066.4 9622.31 3490.74 495.722 80.5047
 61695.4 16832.4 3822.92 1264.24 207.214
 43967.2 30458.1 8043.08 1797.77 691.12
 78220 20663.5 10531.4 2393.12 731.992
 76201 37518.1 8168.48 3787.19 1115.65
 99438.4 35325.5 11856.1 2139.83 1265.93
 116630 45677 10510 2851.83 805.799
 66904 54664.3 15513.6 3048.94 1048.27
 46109.5 29833.7 13381.7 2831.64 731.096
 45949.1 20833.7 7963.76 2760.87 720.619
 24792.4 19633.5 3852.65 977.409 414.016
 14370.1 9170.1 1406.46 123.576 41.941
 13320.1 5086.74 492.191 29.9849 3.28602
 10196 5720.34 972.42 63.3137 4.15202
 11778 4549.54 1406.33 178.571 12.116
 12497.1 5437.74 1399.46 354.619 47.3587
 20459.8 5853.75 1839.39 403.665 114.541
 27112.3 9553.13 1939.18 515.106 143.253
 35237.6 13089.4 3941.72 740.918 250.059
 56985.3 16913.7 5198.73 1426.93 356.183
pred_Ctot
 2539.32 3967.87 1641.24 196.247 0.107248
 2840.6 5547.05 1213.65 303.208 35.0408
 2432.69 9935.65 2653.9 355.061 95.6727
 843.216 1401.49 691.957 100.165 16.2833
 259.175 458.111 146.196 49.4002 8.10622
 1699.83 6792.22 2387.36 543.038 208.955
 1922.53 3070.75 2128.24 492.931 150.928
 3656.47 10068.5 2878.3 1356.68 400.007
 5386.48 10486.5 4580.72 839.966 497.342
 4726.29 10610.9 3240.75 894.704 253.035
 4939.81 20748.7 7462.6 1487.26 511.72
 3004.84 10278.7 5910.47 1269.29 327.974
 4651.47 9938.37 4655.08 1632.66 426.403
 4627.18 13387.1 2970.18 758.38 321.347
 3025.97 6601.03 1126.09 99.4827 33.7737
 1305.91 2373.71 282.486 17.4147 1.90966
 748.469 2161.68 465.968 30.7664 2.01911
 597.798 1279.7 517.344 66.764 4.53384
 511.689 1274.54 435.128 112.178 14.9949
 882.069 1434.34 595.979 133.036 37.7832
 542.789 1174.26 326.463 88.4372 24.6204
 848.514 1908.91 782.315 149.893 50.6402
 1614.51 2861.07 1188.93 332.478 83.0739
F
 0.101519 0.667228 0.944127 0.96521 0.966345
 0.0928164 0.610029 0.863191 0.882465 0.883504
 0.159541 1.04857 1.48373 1.51686 1.51865
 0.0339403 0.223071 0.315645 0.322693 0.323073
 0.00585648 0.0384913 0.0544651 0.0556813 0.0557468
 0.055077 0.36199 0.512215 0.523653 0.524269
 0.0347032 0.228085 0.322739 0.329946 0.330334
 0.0687694 0.451982 0.639554 0.653836 0.654605
 0.077944 0.512282 0.724878 0.741064 0.741936
 0.057799 0.37988 0.537529 0.549532 0.550179
 0.10762 0.707322 1.00086 1.02321 1.02441
 0.0944456 0.620737 0.878343 0.897956 0.899012
 0.150296 0.987811 1.39775 1.42896 1.43065
 0.294588 1.93616 2.73966 2.80084 2.80413
 0.33851 2.22484 3.14814 3.21844 3.22222
 0.145244 0.954605 1.35077 1.38093 1.38255
 0.106968 0.703041 0.994803 1.01702 1.01821
 0.0728708 0.478938 0.677697 0.692829 0.693645
 0.0584151 0.383929 0.54326 0.55539 0.556044
 0.0615933 0.404818 0.572816 0.585607 0.586296
 0.0281861 0.185251 0.26213 0.267983 0.268299
 0.0339884 0.223386 0.316091 0.32315 0.32353
 0.0400979 0.263541 0.37291 0.381237 0.381686
YTP_r0W_actual
 10655.8 69238 39710.3 14496.1 4552.45
YTP_p0W_proyectada
 6977.29 113188 52574.9 19241.8 8020.44
 6977.29 48901.9 80754.8 22399.1 9207.96
CTP_r0_actual
 1614.51 2861.07 1188.93 332.478 83.0739
CTP_p0_proyectada
 820.857 5289.15 1685.09 472.77 172.483
 820.857 2285.14 2588.29 550.348 198.021
Wmedp
 8.5 21.4 31.2 40.7 46.5
nmprior
 10.6 11 7 0
nm_flota  nm_reclas  nm_pelaces    nm_pelaL
inf 17.328 13.3338 17.2762
cv_recla  cv_pelaces  cv_mph
0.756198 0.473852 0.46097
 ------------------------------------------------
Talla a la edad & desviaci?n 
 7.2 14.2025 17.0495 18.207 18.6776
 1.08 2.13037 2.55742 2.73105 2.80164
