years
 1997 1998 1999 2000 2001 2002 2003 2004 2005 2006 2007 2008 2009 2010 2011 2012 2013 2014 2015 2016 2017 2018 2019 2020
reclasobs
 0 0 0 370054 412103 1.49427e+06 250295 1.28982e+06 931140 785840 897777 1.04006e+06 184774 17550 25797 100020 73551 82996 120727 218422 84188 347160 605670 569463
reclaspred
 3.45259e+06 594028 1.68214e+06 1.05654e+06 1.0015e+06 1.07344e+06 1.77529e+06 924416 775554 571467 378307 269129 223835 206066 376307 619843 854903 1.29078e+06 1.35813e+06 1.46445e+06 1.51324e+06 1.10592e+06 1.38238e+06 1.11263e+06
pelacesobs
 0 0 0 0 0 0 0 0 0 2.06254e+06 1.5e+06 0 1.87456e+06 323000 250000 174000 83755 137374 0 501740 490994 745055 786931 1.00524e+06
pelacespred
 1.89296e+06 731025 680066 780397 633930 557297 856637 642533 427794 319610 157695 122226 101693 85806 186729 330527 481443 706311 810629 847847 928464 737567 692222 664141
mphobs
 0 0 0 0 0 112323 0 153150 637223 0 255016 313432 73983 77613 109348 50772 0 0 0 0 0 0 0 0
mphpred
 2.55366e+06 1.2331e+06 949594 1.16629e+06 911814 959086 1.21202e+06 1.12849e+06 754791 574141 426315 249813 205013 175883 229504 467016 651760 995597 1.21963e+06 1.26432e+06 1.34401e+06 1.16311e+06 1.10561e+06 1.05625e+06
desembarqueobs
 350755 77701 442110 56441 14545 235359 269955 359681 431902 328805 639364 411747 362871 311530 167758 66681 60226 58785 57116 73181 50977 67692 138656 160484
desembarquepred
 350797 77714 442316 56446.9 14545.1 235323 269802 358676 429704 326712 632149 410325 362497 312818 168153 66733.1 60261.8 58804.8 57131.3 73203.8 50984.5 67701 138671 160487
Reclutas
 63066.3 63066.3 63066.3 63066.3 63066.3 63066.3 63066.3 63066.3 63066.3 63066.3 63066.3 63066.3 63066.3 63066.3 63066.3 63066.3 63066.3 63066.3 63066.3 63066.3 63066.3 63066.3 63066.3 63066.3
log_desv_Rt
 0 0 0 0 0 0 0 0 0 0 0 0 0 0 0 0 0 0 0 0 0 0 0 0
SSB
 2.55366e+06 1.2331e+06 949594 1.16629e+06 911814 959086 1.21202e+06 1.12849e+06 754791 574141 426315 249813 205013 175883 229504 467016 651760 995597 1.21963e+06 1.26432e+06 1.34401e+06 1.16311e+06 1.10561e+06 1.05625e+06
BT
 4.6227e+06 1.50622e+06 1.91569e+06 1.63896e+06 1.31295e+06 1.27395e+06 2.13294e+06 1.77099e+06 1.38694e+06 1.04357e+06 972219 724217 632917 508366 651515 783278 1.1318e+06 1.55478e+06 1.66384e+06 1.7762e+06 1.96097e+06 1.47794e+06 1.44794e+06 1.4821e+06
Ftot
 0.09899 0.127253 0.253703 0.052201 0.0142202 0.212009 0.147651 0.371313 0.524121 0.540439 1.44164 1.34802 1.42663 1.34823 0.427998 0.104899 0.0688236 0.0445339 0.041126 0.0488489 0.0329547 0.059782 0.0977339 0.140185
BD_Bspro_t
 0.984981 0.900079 0.831091 0.733888 0.788172 0.8356 0.766555 0.72931 0.6076 0.49143 0.389462 0.219783 0.1862 0.175139 0.220468 0.391336 0.555482 0.732017 0.817547 0.862179 0.886422 0.904473 0.885221 0.847113
BD_Bspro
 1.96804 0.950321 0.731829 0.898828 0.702713 0.739145 0.934074 0.8697 0.581699 0.442477 0.328551 0.192525 0.157998 0.135549 0.176873 0.359918 0.502296 0.767283 0.939941 0.97438 1.03579 0.896382 0.852069 0.814025
BD_Bo
 1.87542 0.905599 0.697389 0.856529 0.669643 0.70436 0.890116 0.828772 0.554324 0.421654 0.313089 0.183465 0.150563 0.12917 0.16855 0.34298 0.478658 0.731174 0.895707 0.928526 0.987048 0.854198 0.811971 0.775717
BD_Brms
 9.12968 4.40851 3.39493 4.16964 3.25986 3.42887 4.33314 4.03451 2.69849 2.05264 1.52414 0.893116 0.732949 0.628806 0.820509 1.66965 2.33013 3.5594 4.36036 4.52012 4.80501 4.15829 3.95272 3.77624
S_f
 0.5 1 1 1 1
 0.5 1 1 1 1
 0.5 1 1 1 1
 0.5 1 1 1 1
 0.5 1 1 1 1
 0.5 1 1 1 1
 0.5 1 1 1 1
 0.5 1 1 1 1
 0.5 1 1 1 1
 0.5 1 1 1 1
 0.5 1 1 1 1
 0.5 1 1 1 1
 0.5 1 1 1 1
 0.5 1 1 1 1
 0.5 1 1 1 1
 0.5 1 1 1 1
 0.5 1 1 1 1
 0.5 1 1 1 1
 0.5 1 1 1 1
 0.5 1 1 1 1
 0.5 1 1 1 1
 0.5 1 1 1 1
 0.5 1 1 1 1
 0.5 1 1 1 1
Scru_reclas
 0.5 1 1 1 1
 0.5 1 1 1 1
 0.5 1 1 1 1
 0.5 1 1 1 1
 0.5 1 1 1 1
 0.5 1 1 1 1
 0.5 1 1 1 1
 0.5 1 1 1 1
 0.5 1 1 1 1
 0.5 1 1 1 1
 0.5 1 1 1 1
 0.5 1 1 1 1
 0.5 1 1 1 1
 0.5 1 1 1 1
 0.5 1 1 1 1
 0.5 1 1 1 1
 0.5 1 1 1 1
 0.5 1 1 1 1
 0.5 1 1 1 1
 0.5 1 1 1 1
 0.5 1 1 1 1
 0.5 1 1 1 1
 0.5 1 1 1 1
 0.5 1 1 1 1
Scru_pelaces
 0.5 1 1 1 1
 0.5 1 1 1 1
 0.5 1 1 1 1
 0.5 1 1 1 1
 0.5 1 1 1 1
 0.5 1 1 1 1
 0.5 1 1 1 1
 0.5 1 1 1 1
 0.5 1 1 1 1
 0.5 1 1 1 1
 0.5 1 1 1 1
 0.5 1 1 1 1
 0.5 1 1 1 1
 0.5 1 1 1 1
 0.5 1 1 1 1
 0.5 1 1 1 1
 0.5 1 1 1 1
 0.5 1 1 1 1
 0.5 1 1 1 1
 0.5 1 1 1 1
 0.5 1 1 1 1
 0.5 1 1 1 1
 0.5 1 1 1 1
 0.5 1 1 1 1
pf_obs 
 0.256992 0.487395 0.22802 0.0275931 0
 0.321318 0.546541 0.124235 0.00734118 0.000564706
 0.182869 0.594174 0.210203 0.0122559 0.00049798
 0.330522 0.361315 0.267642 0.0388342 0.00168674
 0.649043 0.306663 0.0425973 0.00169635 0
 0.582887 0.30429 0.105238 0.00758474 0
 0.465427 0.430635 0.0974691 0.00646863 0
 0.296916 0.608066 0.0921331 0.00288517 0
 0.311714 0.524322 0.152257 0.0117073 0
 0.15457 0.633149 0.183074 0.0267441 0.00246327
 0.131901 0.49318 0.331252 0.0422183 0.00144891
 0.196976 0.569456 0.194076 0.0375587 0.00193317
 0.518974 0.381816 0.0799577 0.0180837 0.00116848
 0.0928022 0.601141 0.25162 0.0475244 0.00691264
 0.122501 0.610282 0.24278 0.0234846 0.000952079
 0.383417 0.481906 0.127806 0.00687128 0
 0.0376549 0.599619 0.316969 0.0457579 0
 0.0361596 0.667082 0.258105 0.0386534 0
 0.158088 0.579412 0.248529 0.0139706 0
 0.0477256 0.309471 0.559284 0.082774 0.000745712
 0.0406174 0.521527 0.379366 0.0568643 0.0016247
 0.151134 0.462217 0.34131 0.0453401 0
 0.294876 0.26143 0.354403 0.0886775 0.000613685
 0.281977 0.475581 0.204845 0.0348837 0.00271318
pf_pred 
 0.301977 0.351395 0.174498 0.086653 0.0854774
 0.338656 0.311375 0.176179 0.0874881 0.0863012
 0.368407 0.325243 0.144236 0.0816104 0.0805032
 0.391503 0.338604 0.138983 0.0616351 0.0692746
 0.369927 0.356814 0.152058 0.0624136 0.058788
 0.364759 0.3437 0.165101 0.0703587 0.0560812
 0.388456 0.336078 0.149042 0.0715945 0.0548294
 0.4004 0.341674 0.141745 0.0628602 0.0533207
 0.44669 0.330871 0.126754 0.0525842 0.0431006
 0.488476 0.334173 0.106053 0.0406281 0.0306696
 0.541617 0.316913 0.0924205 0.0293306 0.0197184
 0.676287 0.255574 0.0471093 0.0137384 0.00729117
 0.688413 0.26956 0.0331805 0.00611607 0.0027302
 0.696706 0.265267 0.032898 0.00404945 0.00107963
 0.654183 0.302874 0.0375582 0.00465792 0.000726208
 0.508507 0.398526 0.0814232 0.0100969 0.00144744
 0.423034 0.392713 0.149401 0.0305242 0.0043278
 0.386725 0.367478 0.167302 0.0636471 0.0148475
 0.368146 0.354362 0.166275 0.0757001 0.0355169
 0.359822 0.346356 0.164784 0.0773204 0.0517177
 0.356314 0.342847 0.162763 0.0774371 0.0606389
 0.353712 0.341056 0.162576 0.0771813 0.0654748
 0.358257 0.338049 0.160264 0.0763953 0.0670349
 0.368066 0.337697 0.154995 0.0734806 0.0657623
pobs_RECLAS
 0 0 0 0 0
 0 0 0 0 0
 0 0 0 0 0
 0 0 0 0 0
 0.835266 0.146461 0.0176864 0.000547809 3.91292e-05
 0.385257 0.428462 0.181853 0.0044286 0
 0.867414 0.0963971 0.0333333 0.00285562 0
 0.441836 0.489002 0.0689373 0.000224442 0
 0.779404 0.147425 0.0564933 0.0165055 0.000172143
 0.814271 0.122319 0.05973 0.00367925 0
 0.40263 0.566651 0.0304383 0.000280538 0
 0.475488 0.404961 0.113038 0.00651328 0
 0.955842 0.0263864 0.0167828 0.000988607 0
 0.975058 0.0227948 0.00214734 0 0
 0.738997 0.206755 0.0527124 0.00153531 0
 0.850938 0.134255 0.0134407 0.00136685 0
 0.542534 0.407297 0.0501686 0 0
 0.764087 0.199537 0.0359546 0.000420521 0
 0.470689 0.182191 0.310203 0.0369168 0
 0.84361 0.089868 0.0606195 0.00523954 0.000663233
 0.607945 0.314616 0.071237 0.00620181 0
 0.523733 0.453247 0.0230204 0 0
 0.530135 0.295979 0.169645 0.0042399 0
 0.562478 0.366248 0.0663022 0.0049721 0
ppred_RECLAS
 0.302644 0.351059 0.174331 0.0865702 0.0853958
 0.339592 0.310935 0.17593 0.0873644 0.0861792
 0.370571 0.324129 0.143742 0.0813308 0.0802274
 0.391883 0.338393 0.138897 0.0615967 0.0692314
 0.370024 0.356759 0.152034 0.062404 0.0587789
 0.366498 0.342759 0.164649 0.0701661 0.0559277
 0.389629 0.335434 0.148756 0.0714572 0.0547243
 0.403983 0.339633 0.140898 0.0624846 0.0530021
 0.452481 0.327408 0.125427 0.0520339 0.0426495
 0.494572 0.330191 0.104789 0.0401439 0.0303041
 0.566702 0.299571 0.0873629 0.0277255 0.0186394
 0.696003 0.240008 0.0442402 0.0129016 0.0068471
 0.709433 0.251375 0.030942 0.00570347 0.00254602
 0.715705 0.24865 0.0308372 0.00379578 0.001012
 0.658221 0.299338 0.0371197 0.00460354 0.00071773
 0.509349 0.397843 0.0812837 0.0100796 0.00144496
 0.423555 0.392358 0.149266 0.0304966 0.00432389
 0.387045 0.367286 0.167215 0.0636139 0.0148398
 0.368435 0.3542 0.166199 0.0756655 0.0355006
 0.360164 0.346171 0.164696 0.0772791 0.05169
 0.35654 0.342726 0.162706 0.0774099 0.0606176
 0.354133 0.340834 0.16247 0.0771311 0.0654322
 0.358974 0.337671 0.160085 0.0763099 0.06696
 0.369149 0.337118 0.154729 0.0733547 0.0656497
pobs_PELACES
 0 0 0 0 0
 0 0 0 0 0
 0 0 0 0 0
 0 0 0 0 0
 0 0 0 0 0
 0 0 0 0 0
 0 0 0 0 0
 0 0 0 0 0
 0 0 0 0 0
 0 0 0 0 0
 0.450072 0.473896 0.0757376 0.000293798 0
 0 0 0 0 0
 0.463077 0.371075 0.160297 0.00555027 0
 0.529543 0.364841 0.0842815 0.0213345 0
 0.631943 0.363953 0.00410389 0 0
 0.735681 0.248677 0.0153453 0.000297389 0
 0.695825 0.281241 0.0229344 0 0
 0.275771 0.60734 0.115278 0.00161068 0
 0 0 0 0 0
 0.896147 0.0623911 0.0374545 0.00400742 0
 0.803859 0.145111 0.0509908 3.86294e-05 0
 0.739449 0.233085 0.0266225 0.000797448 4.60066e-05
 0.878498 0.100942 0.0204185 0.000141795 0
 0.694673 0.275183 0.0284847 0.00165964 0
ppred_PELACES
 0.306102 0.349319 0.173466 0.0861409 0.0849723
 0.344316 0.30871 0.174672 0.0867394 0.0855626
 0.380387 0.319074 0.1415 0.0800624 0.0789763
 0.393937 0.33725 0.138427 0.0613886 0.0689975
 0.370571 0.356449 0.151902 0.0623498 0.0587279
 0.374657 0.338345 0.162529 0.0692624 0.0552073
 0.395438 0.332241 0.147341 0.0707771 0.0542034
 0.418817 0.33118 0.137391 0.0609294 0.051683
 0.473981 0.314552 0.120502 0.0499906 0.0409748
 0.516859 0.315631 0.100169 0.0383738 0.0289679
 0.623933 0.260002 0.0758236 0.0240634 0.0161774
 0.74092 0.204546 0.0377034 0.0109953 0.0058354
 0.755475 0.211544 0.0260392 0.00479973 0.00214259
 0.758727 0.211022 0.0261706 0.00322137 0.000858853
 0.673926 0.285584 0.035414 0.004392 0.00068475
 0.513674 0.394336 0.0805672 0.0099908 0.00143222
 0.42633 0.39047 0.148547 0.0303498 0.00430307
 0.388789 0.366241 0.166739 0.0634329 0.0147975
 0.370015 0.353314 0.165783 0.0754762 0.0354118
 0.362024 0.345165 0.164217 0.0770545 0.0515398
 0.357789 0.342061 0.16239 0.0772597 0.0605
 0.356392 0.339642 0.161902 0.0768613 0.0652033
 0.362693 0.335712 0.159156 0.0758671 0.0665715
 0.374551 0.334231 0.153404 0.0727265 0.0650874
pobs_pel_tallas
 0 0 0 0 0 0 0 0 0 0 0 0 0 0 0 0 0 0 0 0 0 0 0 0 0 0 0 0 0 0 0 0 0 0 0 0
 0 0 0 0 0 0 0 0 0 0 0 0 0 0 0 0 0 0 0 0 0 0 0 0 0 0 0 0 0 0 0 0 0 0 0 0
 0 0 0 0 0 0 0 0 0 0 0 0 0 0 0 0 0 0 0 0 0 0 0 0 0 0 0 0 0 0 0 0 0 0 0 0
 0 0 0 0 0 0 0 0 0 0 0 0 0 0 0 0 0 0 0 0 0 0 0 0 0 0 0 0 0 0 0 0 0 0 0 0
 0 0 0 0 0 0 0 0 0 0 0 0 0 0 0 0 0 0 0 0 0 0 0 0 0 0 0 0 0 0 0 0 0 0 0 0
 0 0 0 0 0 0 0 0 0 0 0 0 0 0 0 0 0 0 0 0 0 0 0 0 0 0 0 0 0 0 0 0 0 0 0 0
 0 0 0 0 0 0 0 0 0 0 0 0 0 0 0 0 0 0 0 0 0 0 0 0 0 0 0 0 0 0 0 0 0 0 0 0
 0 0 0 0 0 0 0 0 0 0 0 0 0 0 0 0 0 0 0 0 0 0 0 0 0 0 0 0 0 0 0 0 0 0 0 0
 0 0 0 0 0 0 0 0 0 0 0 0 0 0 0 0 0 0 0 0 0 0 0 0 0 0 0 0 0 0 0 0 0 0 0 0
 0 0 0 0 0 0 0 0 0 0 0 0 0 0 0 0 0 0 0 0 0 0 0 0 0 0 0 0 0 0 0 0 0 0 0 0
 0 0 0 0 0 0 0 0 1.78061e-05 0.00172719 0.00360574 0.0105946 0.0120993 0.0124554 0.0147524 0.0171206 0.0266825 0.0428682 0.0675386 0.121331 0.153587 0.119568 0.100827 0.0573624 0.0630603 0.0341343 0.0324427 0.0444173 0.0211091 0.0280891 0.0125444 0.00206551 0 0 0 0
 0 0 0 0 0 0 0 0 0 0 0 0 0 0 0 0 0 0 0 0 0 0 0 0 0 0 0 0 0 0 0 0 0 0 0 0
 0 0 0 0 0 0 0.0133647 0.0140871 0.0187388 0.0205184 0.03894 0.0496705 0.03968 0.0493445 0.0407372 0.0367815 0.0215668 0.0243155 0.0234873 0.0199281 0.019796 0.0243948 0.0301388 0.0376714 0.0412746 0.0863199 0.0771752 0.113111 0.0741005 0.0525337 0.0229764 0.00759418 0.00175318 0 0 0
 0 0 0 0 0 0 0 0 0 0 0.00219441 0.00772107 0.0458388 0.0604681 0.0671733 0.0775358 0.0609151 0.0617685 0.073594 0.0568108 0.0755445 0.0548602 0.0670107 0.0636378 0.0643287 0.046367 0.0373049 0.0286899 0.0247887 0.0153202 0.00654259 0.00121912 0.000365735 0 0 0
 0 0 0 0 0 0 0 0 0 0 0 0 0.000112435 0.00938835 0.0111873 0.0202946 0.0414886 0.0713402 0.111592 0.104902 0.108894 0.110636 0.117776 0.105296 0.107544 0.0401394 0.0192827 0.0124803 0.00416011 0.0028671 0.000618394 0 0 0 0 0
 0 0 0 0 0 0 0 0 0 0 0.00291406 0.0102884 0.027416 0.0768956 0.0749926 0.110853 0.0956884 0.0897413 0.0766577 0.0534642 0.0500743 0.0551293 0.0594112 0.0620874 0.0668451 0.0424026 0.0208742 0.0120726 0.0048766 0.00582813 0.00118941 0.000297354 0 0 0 0
 0 0.00264628 0.0354308 0.0461629 0.0458689 0.0383711 0.0214643 0.0164657 0.0346957 0.0420465 0.0363128 0.0245516 0.0311673 0.0291091 0.0169068 0.0133784 0.00837989 0.0085269 0.0148486 0.0160247 0.0276389 0.0546898 0.0760071 0.122758 0.109233 0.0665981 0.0333725 0.0166128 0.00676272 0.00308733 0.000882094 0 0 0 0 0
 0 0 0 0 0 0 0 0.000805153 0.000690131 0.00759144 0.0133425 0.0154129 0.00931677 0.000345066 0.00356568 0.00563607 0.00851162 0.0253048 0.0502646 0.0516448 0.0657925 0.0565908 0.0611916 0.0827007 0.0866115 0.110766 0.145733 0.0935128 0.0569358 0.0249597 0.0138026 0.00621118 0.00161031 0.00115022 0 0
 0 0 0 0 0 0 0 0 0 0 0 0 0 0 0 0 0 0 0 0 0 0 0 0 0 0 0 0 0 0 0 0 0 0 0 0
 0.00147267 0.00158595 0.00478618 0.00569244 0.00954404 0.0108468 0.00647125 0.017049 0.0510054 0.094081 0.124002 0.0959785 0.0687766 0.0820023 0.061753 0.0591476 0.0492212 0.0479892 0.0443925 0.0268479 0.0217502 0.0140895 0.0121071 0.0120363 0.00920419 0.00665534 0.0049561 0.00860946 0.00930331 0.0156896 0.0114698 0.00855282 0.00243557 0.00046729 0 2.83206e-05
 0 0 0 0 0.000772559 0.00158375 0.000888443 0.00281984 0.00712685 0.0440552 0.0773331 0.111326 0.0921469 0.0852325 0.0710754 0.0886704 0.0786465 0.0553345 0.0373146 0.0185414 0.00753245 0.00457741 0.012979 0.0271748 0.0457355 0.0583668 0.034881 0.0177882 0.00938659 0.00492506 0.0015258 0.00185414 0.000309023 5.79419e-05 3.86279e-05 0
 0 0.00173294 0.00326652 0 0.00397197 0.00683976 0.00946217 0.0152591 0.00757587 0.0136028 0.0228656 0.0392903 0.0559909 0.0764795 0.0681675 0.0726916 0.0566044 0.0477403 0.0527397 0.0444891 0.0609904 0.0582453 0.0661739 0.0445044 0.0529084 0.0360697 0.0280645 0.0235558 0.0158879 0.00826598 0.00280645 0.00217768 0.000904811 0.00058276 9.20147e-05 0
 0 0 0 0 0 0 0 0 0 0 0 0 0 0 0 0 0 0 0 0 0 0 0 0 0 0 0 0 0 0 0 0 0 0 0 0
 0 0 0 0 0 0 0 0 0 0 0 0 0 0 0 0 0 0 0 0 0 0 0 0 0 0 0 0 0 0 0 0 0 0 0 0
ppred_pel_tallas
 1.09507e-16 1.33744e-05 7.84485e-05 0.000372809 0.00143517 0.00447528 0.0113045 0.0231329 0.0383544 0.0515365 0.0561546 0.0497055 0.0359589 0.0217505 0.0119905 0.00773943 0.0076915 0.0102546 0.0144295 0.019692 0.02565 0.0318523 0.0377704 0.0428739 0.0467356 0.0491143 0.0499877 0.0495218 0.0479966 0.0457151 0.0429307 0.0398132 0.0364549 0.0329035 0.0292005 0.0254091
 1.09559e-16 1.50391e-05 8.82254e-05 0.000419298 0.00161418 0.00503352 0.0127145 0.0260176 0.0431346 0.0579517 0.063124 0.055825 0.0402786 0.0241489 0.0129255 0.00776177 0.00714911 0.00926714 0.0129857 0.0177444 0.023173 0.0288733 0.0343814 0.0392279 0.0430279 0.0455526 0.0467589 0.0467641 0.0457833 0.0440531 0.0417724 0.0390752 0.0360392 0.0327145 0.0291566 0.0254476
 1.08554e-16 1.66123e-05 9.74607e-05 0.000463202 0.00178321 0.00556066 0.014046 0.028742 0.0476506 0.0640163 0.0697226 0.0616437 0.0444397 0.0265687 0.0140824 0.00823855 0.00735143 0.00939072 0.013092 0.0178278 0.023192 0.0287598 0.0340466 0.0385706 0.0419481 0.0439688 0.0446249 0.0440817 0.0426079 0.0404897 0.0379632 0.0351821 0.0322238 0.0291202 0.025895 0.022592
 1.07409e-16 1.72039e-05 0.000100932 0.000479702 0.00184674 0.00575875 0.0145464 0.029766 0.0493483 0.0662974 0.072208 0.0638431 0.0460298 0.0275279 0.0146057 0.00856602 0.00766181 0.00978697 0.013625 0.0185148 0.0240201 0.029683 0.0349835 0.0394094 0.0425586 0.0442206 0.0444081 0.0433252 0.0412906 0.0386443 0.03567 0.032557 0.0294027 0.0262423 0.023089 0.019965
 1.07159e-16 1.61859e-05 9.49536e-05 0.000451275 0.00173728 0.0054174 0.0136842 0.028002 0.0464251 0.0623739 0.0679446 0.0600972 0.0433802 0.0260462 0.0140074 0.0085087 0.00792615 0.0102935 0.0143764 0.0195405 0.0253428 0.0313016 0.0368647 0.0414874 0.0447417 0.046403 0.0464844 0.045204 0.0429043 0.0399532 0.0366618 0.0332425 0.02981 0.0264112 0.0230659 0.0197984
 1.07377e-16 1.63634e-05 9.59971e-05 0.000456239 0.0017564 0.00547703 0.0138348 0.02831 0.0469351 0.0630573 0.0686841 0.0607396 0.0438187 0.026259 0.0140307 0.00838378 0.0076688 0.00989365 0.0138133 0.0187987 0.0244257 0.0302394 0.0357177 0.0403416 0.0436976 0.0455595 0.0459217 0.0449694 0.0430048 0.0403567 0.0373056 0.0340462 0.0306895 0.0272906 0.0238857 0.0205188
 1.07165e-16 1.72692e-05 0.000101316 0.000481526 0.00185376 0.00578066 0.0146017 0.0298792 0.0495358 0.0665488 0.0724805 0.064081 0.0461947 0.0276134 0.0146272 0.00854204 0.00760245 0.00969373 0.0134958 0.0183489 0.023822 0.0294644 0.0347629 0.03921 0.0424043 0.0441308 0.0443924 0.0433803 0.0414 0.0387806 0.0358001 0.0326485 0.0294294 0.0261888 0.0229523 0.0197537
 1.06567e-16 1.82886e-05 0.000107301 0.000509979 0.00196332 0.00612229 0.0154647 0.0316448 0.0524622 0.0704781 0.0767543 0.067846 0.048879 0.0291581 0.0153356 0.00878248 0.00762661 0.00961669 0.0133477 0.0181221 0.0234946 0.0290091 0.0341511 0.0384148 0.0414034 0.0429104 0.0429503 0.0417287 0.0395666 0.0368079 0.0337433 0.0305705 0.0273953 0.0242596 0.0211795 0.0181752
 1.05446e-16 2.06933e-05 0.00012142 0.000577108 0.00222178 0.00692832 0.0175006 0.0358103 0.0593661 0.0797468 0.0868327 0.0767171 0.0551883 0.0327574 0.0169268 0.00921637 0.00747428 0.00912534 0.0125672 0.0170223 0.0220284 0.0271392 0.0318611 0.0357128 0.0383209 0.0394971 0.039268 0.0378455 0.0355539 0.0327389 0.0296934 0.0266168 0.023615 0.0207255 0.0179548 0.0153076
 1.04197e-16 2.2563e-05 0.000132397 0.000629292 0.0024227 0.00755489 0.0190833 0.0390485 0.0647334 0.0869538 0.0946722 0.0836247 0.0601167 0.0356006 0.0182437 0.00968682 0.00756495 0.00905292 0.0123922 0.0167337 0.0215857 0.0264875 0.0309378 0.0344534 0.0366668 0.0374043 0.0367165 0.0348464 0.0321528 0.0290157 0.0257559 0.0225918 0.0196352 0.016917 0.0144254 0.0121386
 1.02744e-16 2.72297e-05 0.0001598 0.00075958 0.00292436 0.0091193 0.0230348 0.0471331 0.078132 0.10494 0.114225 0.100823 0.0723221 0.0425102 0.0211971 0.010304 0.00691581 0.00757529 0.0101453 0.0136368 0.0175521 0.0214868 0.0250206 0.0277541 0.0293865 0.0297806 0.0289881 0.0272226 0.0247954 0.0220359 0.0192233 0.0165485 0.0141094 0.0119314 0.00999858 0.00828182
 1.01253e-16 3.23286e-05 0.00018974 0.00090193 0.00347247 0.0108286 0.0273521 0.0559663 0.0927714 0.124592 0.135589 0.119617 0.0856655 0.0500745 0.0244503 0.0110219 0.00627409 0.00605914 0.00782445 0.0104241 0.0133474 0.0162434 0.0187732 0.0206232 0.0215645 0.0215045 0.0205059 0.0187636 0.0165513 0.0141547 0.0118142 0.00969109 0.007863 0.00633959 0.00508919 0.00406421
 1.00704e-16 3.29635e-05 0.000193466 0.000919646 0.00354068 0.0110413 0.0278894 0.0570657 0.0945938 0.12704 0.138253 0.121968 0.0873497 0.0510607 0.0249345 0.0112434 0.00640167 0.00617754 0.00796387 0.010586 0.0135154 0.016386 0.018845 0.0205687 0.0213253 0.0210283 0.0197559 0.0177269 0.0152425 0.0126154 0.0101074 0.00789338 0.00605452 0.00459493 0.00347024 0.0026157
 1.00592e-16 3.31053e-05 0.000194299 0.000923605 0.00355592 0.0110888 0.0280095 0.0573113 0.0950009 0.127586 0.138847 0.122491 0.0877227 0.0512748 0.0250315 0.0112744 0.00640131 0.00616159 0.00793645 0.0105463 0.0134611 0.0163145 0.0187541 0.0204564 0.02119 0.0208689 0.019572 0.0175186 0.0150109 0.012363 0.00983821 0.007613 0.00576983 0.0043137 0.00320033 0.00236432
 1.00779e-16 2.94106e-05 0.000172601 0.000820434 0.00315866 0.00984994 0.0248803 0.0509095 0.0843919 0.113348 0.123375 0.108898 0.0781101 0.0459029 0.0228695 0.0110801 0.00737827 0.00801803 0.0106748 0.0142599 0.0182127 0.0220739 0.0253734 0.0276744 0.0286638 0.0282252 0.0264654 0.0236814 0.0202827 0.0166944 0.0132733 0.0102586 0.00776216 0.00579094 0.00428506 0.00315593
 1.01683e-16 2.24274e-05 0.000131593 0.000625455 0.0024079 0.00750871 0.0189667 0.0388106 0.0643413 0.0864339 0.0941238 0.0831824 0.0598904 0.03565 0.0186051 0.0104164 0.00875992 0.0108407 0.0148973 0.0200351 0.0256729 0.0312261 0.0360553 0.0395543 0.0412787 0.0410478 0.0389824 0.035462 0.0310215 0.0262226 0.0215419 0.0173054 0.0136761 0.0106833 0.00827145 0.00634851
 1.0348e-16 1.86188e-05 0.000109233 0.000519154 0.00199862 0.00623237 0.0157428 0.0322142 0.0534078 0.0717529 0.0781544 0.0691115 0.0498515 0.0298597 0.0159254 0.00946404 0.00858732 0.0110113 0.0152954 0.0206934 0.0266866 0.0327211 0.0381715 0.0424298 0.04503 0.0457474 0.0446385 0.0420051 0.0383011 0.0340166 0.0295776 0.0252887 0.0213235 0.0177511 0.0145776 0.0117839
 1.05358e-16 1.69808e-05 9.96194e-05 0.000473453 0.00182267 0.00568367 0.0143568 0.0293783 0.0487066 0.0654384 0.0712805 0.0630425 0.0454947 0.0272925 0.0146351 0.0088234 0.0081481 0.0105405 0.0147007 0.01996 0.025853 0.0318751 0.03745 0.0420085 0.0451036 0.0465006 0.0462154 0.0444819 0.0416708 0.0381867 0.0343818 0.0305096 0.0267203 0.0230871 0.0196443 0.016417
 1.06717e-16 1.61616e-05 9.48111e-05 0.000450597 0.00173467 0.00540927 0.0136637 0.0279599 0.0463553 0.0622801 0.0678421 0.0600059 0.0433129 0.026003 0.0139796 0.00848541 0.00789956 0.0102598 0.014336 0.0194977 0.0253065 0.031285 0.0368841 0.0415594 0.0448788 0.0466094 0.0467521 0.0455114 0.0432174 0.0402301 0.0368591 0.033323 0.029749 0.0262006 0.0227151 0.0193324
 1.075e-16 1.58128e-05 9.2764e-05 0.000440867 0.00169721 0.00529245 0.0133686 0.0273561 0.0453543 0.0609352 0.0663773 0.0587107 0.0423791 0.0254446 0.0136838 0.00831348 0.00774937 0.010074 0.0140868 0.0191754 0.0249159 0.0308465 0.0364352 0.0411526 0.0445772 0.0464783 0.04685 0.0458811 0.0438794 0.04118 0.0380683 0.0347424 0.0313154 0.0278435 0.0243639 0.0209224
 1.07899e-16 1.5628e-05 9.16793e-05 0.000435711 0.00167736 0.00523055 0.0132122 0.0270362 0.0448239 0.0602227 0.0656016 0.0580254 0.0418863 0.0251526 0.0135337 0.00823355 0.00768728 0.0100012 0.0139906 0.0190513 0.024766 0.0306791 0.0362655 0.0410026 0.0444731 0.0464481 0.0469196 0.0460702 0.0441994 0.0416315 0.0386414 0.0354176 0.0320657 0.0286373 0.025168 0.0217053
 1.08097e-16 1.55669e-05 9.13213e-05 0.00043401 0.00167081 0.00521012 0.0131606 0.0269306 0.0446488 0.0599874 0.0653451 0.0577981 0.0417212 0.0250515 0.0134759 0.00819325 0.00764485 0.00994462 0.013913 0.0189498 0.0246411 0.0305358 0.0361137 0.0408565 0.04435 0.0463663 0.0468954 0.0461162 0.0443221 0.0418307 0.0389106 0.0357448 0.0324351 0.0290312 0.0255684 0.0220954
 1.08087e-16 1.58415e-05 9.29338e-05 0.000441677 0.00170033 0.00530218 0.0133932 0.0274063 0.0454372 0.0610458 0.0664954 0.0588095 0.0424381 0.0254555 0.0136451 0.00822185 0.00759433 0.00983907 0.0137542 0.0187316 0.0243577 0.0301859 0.0357022 0.0403945 0.0438543 0.0458565 0.0463915 0.045636 0.0438797 0.0414356 0.0385679 0.0354561 0.0321989 0.0288443 0.0254262 0.0219924
 1.07827e-16 1.63585e-05 9.59692e-05 0.000456108 0.00175589 0.00547546 0.0138308 0.0283018 0.0469214 0.0630386 0.0686627 0.0607182 0.0437979 0.0262358 0.0139986 0.00833406 0.0075912 0.00977706 0.0136468 0.0185737 0.024138 0.0298921 0.0353229 0.039921 0.0432814 0.0451837 0.0456238 0.0447841 0.0429601 0.0404701 0.0375823 0.0344783 0.0312568 0.0279631 0.0246262 0.0212878
pSPR Fmed_Fpbrs
0.723109   0.255421 0.255421
Fs Fmed_Fpbrs
0.166887   1.005 1.005
SSBpbr Bo_Bmed_Bpbrs
1.36164e+06  916534  279709 279709
Ro
63066.3
SPR SPRFo_SPRFmed_SPRFpbrs
1.29756e+06 938280 331424
log_Ro
10.8719
likeval ReclasPelacesDesembMPH_pf_preclas_ppelaces_ptallas_desvR_qrecl_qpela
 328.422 143.922 1.20472 0.000805709 340.218 211.682 85.7505 0 0 0 0 0 0 0 0
q_reclas_q_pelaces
1 1
M
0.7
N
 63066.3 37494.2 18619.1 9245.96 9120.53
 63066.3 29805.5 16864.3 8374.55 8260.94
 63066.3 29387.2 13032.4 7373.88 7273.85
 63066.3 27586.7 11323.2 5021.54 5643.94
 63066.3 30511 13002.4 5336.96 5026.94
 63066.3 31095.9 14937.4 6365.64 5073.89
 63066.3 28167.9 12491.7 6000.59 4595.45
 63066.3 29089 12067.7 5351.71 4539.55
 63066.3 26011.3 9964.69 4133.89 3388.34
 63066.3 24097.9 7647.73 2929.78 2211.65
 63066.3 23902.1 6970.51 2212.16 1487.2
 63066.3 15231.5 2807.58 818.767 434.533
 63066.3 15961.5 1964.71 362.151 161.663
 63066.3 15346.3 1903.22 234.27 62.4589
 63066.3 15959.8 1979.11 245.447 38.2672
 63066.3 25284.4 5165.88 640.6 91.8326
 63066.3 29717.5 11305.5 2309.84 327.495
 63066.3 30258.4 13775.8 5240.75 1222.56
 63066.3 30628.2 14371.4 6542.9 3069.79
 63066.3 30680.4 14596.7 6849.09 4581.18
 63066.3 30562.2 14509.1 6902.92 5405.5
 63066.3 30806 14684.7 6971.43 5914.04
 63066.3 30395.5 14410.1 6869.05 6027.41
 63066.3 29824.2 13688.6 6489.55 5807.9
pred_Ctot
 2196.47 2555.93 1269.24 630.284 621.733
 2806.19 2580.13 1459.86 724.947 715.113
 5443.11 4805.37 2131.05 1205.77 1189.41
 1170.24 1012.12 415.434 184.233 207.068
 321.467 310.072 132.139 54.2375 51.0869
 4589.79 4324.79 2077.48 885.327 705.672
 3241.55 2804.47 1243.71 597.434 457.535
 7767.7 6628.43 2749.83 1219.48 1034.41
 10614.8 7862.55 3012.08 1249.57 1024.21
 10907.8 7462.14 2368.19 907.232 684.858
 24267.9 14199.8 4141.03 1314.2 883.513
 23106.9 8732.28 1609.6 469.403 249.12
 24084.8 9430.83 1160.85 213.977 95.5188
 23109.5 8798.82 1091.22 134.319 35.8109
 8846.06 4095.56 507.873 62.9857 9.82
 2324.58 1821.81 372.216 46.157 6.6168
 1537.25 1427.07 542.904 110.921 15.7267
 1000.04 950.275 432.633 164.587 38.3947
 924.209 889.606 417.423 190.041 89.163
 1095.9 1054.89 501.879 235.493 157.515
 741.914 713.872 338.904 161.239 126.262
 1337.96 1290.08 614.962 291.947 247.666
 2169.2 2046.84 970.378 462.564 405.888
 3082.65 2828.3 1298.12 615.42 550.778
F
 0.049495 0.09899 0.09899 0.09899 0.09899
 0.0636264 0.127253 0.127253 0.127253 0.127253
 0.126852 0.253703 0.253703 0.253703 0.253703
 0.0261005 0.052201 0.052201 0.052201 0.052201
 0.00711009 0.0142202 0.0142202 0.0142202 0.0142202
 0.106004 0.212009 0.212009 0.212009 0.212009
 0.0738255 0.147651 0.147651 0.147651 0.147651
 0.185657 0.371313 0.371313 0.371313 0.371313
 0.26206 0.524121 0.524121 0.524121 0.524121
 0.270219 0.540439 0.540439 0.540439 0.540439
 0.720822 1.44164 1.44164 1.44164 1.44164
 0.67401 1.34802 1.34802 1.34802 1.34802
 0.713314 1.42663 1.42663 1.42663 1.42663
 0.674113 1.34823 1.34823 1.34823 1.34823
 0.213999 0.427998 0.427998 0.427998 0.427998
 0.0524495 0.104899 0.104899 0.104899 0.104899
 0.0344118 0.0688236 0.0688236 0.0688236 0.0688236
 0.022267 0.0445339 0.0445339 0.0445339 0.0445339
 0.020563 0.041126 0.041126 0.041126 0.041126
 0.0244245 0.0488489 0.0488489 0.0488489 0.0488489
 0.0164774 0.0329547 0.0329547 0.0329547 0.0329547
 0.029891 0.059782 0.059782 0.059782 0.059782
 0.048867 0.0977339 0.0977339 0.0977339 0.0977339
 0.0700925 0.140185 0.140185 0.140185 0.140185
YTP_r0W_actual
 24661.2 53737.7 35698.4 22155.1 24234.2
YTP_p0W_proyectada
 156708 301356 193710 115979 89934.6
 156708 195564 79863.6 45932.4 28464.3
CTP_r0_actual
 3082.65 2828.3 1298.12 615.42 550.778
CTP_p0_proyectada
 18436.2 14082.1 6208.65 2849.62 1934.08
 18436.2 9138.49 2559.73 1128.56 612.137
Wmedp
 8.5 21.4 31.2 40.7 46.5
nmprior
 10.6 11 7 0
nm_flota  nm_reclas  nm_pelaces    nm_pelaL
inf 7.31209 5.29366 7.38767
cv_recla  cv_pelaces  cv_mph
1.67781 1.41166 0.920932
 ------------------------------------------------
Talla a la edad & desviaci?n 
 7.2 14.2025 17.0495 18.207 18.6776
 1.08 2.13037 2.55742 2.73105 2.80164
