years
 1997 1998 1999 2000 2001 2002 2003 2004 2005 2006 2007 2008 2009 2010 2011 2012 2013 2014 2015 2016 2017 2018
reclasobs
 0 0 0 370054 412103 1.49427e+06 250295 1.28982e+06 931140 785840 897777 1.04006e+06 184774 17550 25797 100020 73551 82996 120727 218422 84188 347160
reclaspred
 367113 100855 310059 232111 349665 418437 927809 621321 696027 631691 497130 333337 204617 95691.2 68202.9 70511.1 88941 121548 127410 184271 253426 229030
pelacesobs
 0 0 0 0 0 0 0 0 0 2.06254e+06 1.5e+06 0 1.87456e+06 323000 250000 174000 83755 137374 0 501740 490994 745055
pelacespred
 1.06384e+06 259128 494142 558952 720254 723766 1.82468e+06 1.52416e+06 1.50987e+06 1.38477e+06 983070 680028 415875 162812 114081 125993 165793 228988 247917 347636 528436 468890
mphobs
 0 0 0 0 0 112323 0 153150 637223 0 255016 313432 73983 77613 109348 50772 0 0 0 0 0 0
mphpred
 686104 416172 512570 634708 690159 1.10075e+06 1.6686e+06 1.97582e+06 1.70001e+06 1.72519e+06 1.61657e+06 1.13894e+06 701553 371250 181600 158618 194491 270019 334263 381168 569358 640361
desembarqueobs
 350755 77701 442110 56441 14545 235359 269955 359681 431902 328805 639364 411747 362871 311530 167758 66681 60226 58785 57116 73181 50977 67692
desembarquepred
 350760 77700.4 442100 56441.9 14545.1 235392 269980 359681 431929 328823 639568 411988 363196 311965 167798 66691.5 60243.6 58785.9 57112 73179 50976.9 67687.5
Reclutas
 50527.2 65556 39448.5 66161 114208 81577.4 131219 123400 150125 147186 68191.4 40038.8 42925.2 23664.1 18498.4 23107.3 19049.6 21264.7 23801.1 43984.3 48120 67023.8
log_desv_Rt
 -0.0200948 0.240297 -0.267611 0.249484 0.795412 0.458945 0.934261 0.872826 1.06886 1.04909 0.279711 -0.252758 -0.183149 -0.778649 -1.02492 -0.802459 -0.995562 -0.88556 -0.772878 -0.158775 -0.0689086 0.262441
SSB
 686104 416172 512570 634708 690159 1.10075e+06 1.6686e+06 1.97582e+06 1.70001e+06 1.72519e+06 1.61657e+06 1.13894e+06 701553 371250 181600 158618 194491 270019 334263 381168 569358 640361
BT
 2.19129e+06 595641 1.12754e+06 1.06068e+06 1.30079e+06 1.48127e+06 3.45103e+06 3.13759e+06 3.09913e+06 2.7974e+06 2.3404e+06 1.59824e+06 1.10274e+06 592772 347479 280834 346311 457063 493227 682310 987793 903648
Ftot
 0.437176 0.368074 0.540591 0.103322 0.0196296 0.189675 0.118377 0.23136 0.257957 0.20478 0.422107 0.391624 0.621455 1.0876 1.01025 0.398309 0.283974 0.192422 0.164251 0.17191 0.0800064 0.111078
BD_Bspro_t
 0.946279 0.750309 0.709772 0.586677 0.721417 0.843832 0.815273 0.822624 0.774979 0.742464 0.708937 0.561174 0.447577 0.336196 0.219029 0.234467 0.349541 0.513914 0.621546 0.700896 0.792311 0.848586
BD_Bspro
 0.644613 0.391004 0.481573 0.596325 0.648423 1.03419 1.56769 1.85634 1.5972 1.62086 1.51881 1.07007 0.659127 0.348799 0.170618 0.149026 0.18273 0.25369 0.314049 0.358117 0.534927 0.601636
BD_Bo
 0.54231 0.32895 0.405146 0.501686 0.545516 0.870058 1.31889 1.56173 1.34372 1.36363 1.27777 0.900244 0.554521 0.293443 0.14354 0.125375 0.15373 0.213428 0.264208 0.301283 0.450032 0.506154
BD_Brms
 1.87278 1.13598 1.39911 1.73249 1.88385 3.00461 4.55459 5.39319 4.64033 4.70907 4.41258 3.10885 1.91495 1.01336 0.495693 0.432963 0.530882 0.737041 0.912402 1.04043 1.55412 1.74792
S_f
 0.189257 1 1 1 1
 0.189257 1 1 1 1
 0.189257 1 1 1 1
 0.189257 1 1 1 1
 0.189257 1 1 1 1
 0.189257 1 1 1 1
 0.189257 1 1 1 1
 0.189257 1 1 1 1
 0.189257 1 1 1 1
 0.189257 1 1 1 1
 0.189257 1 1 1 1
 0.189257 1 1 1 1
 0.189257 1 1 1 1
 0.189257 1 1 1 1
 0.189257 1 1 1 1
 0.189257 1 1 1 1
 0.189257 1 1 1 1
 0.189257 1 1 1 1
 0.189257 1 1 1 1
 0.189257 1 1 1 1
 0.189257 1 1 1 1
 0.189257 1 1 1 1
Scru_reclas
 1 1 1 1 1
 1 1 1 1 1
 1 1 1 1 1
 1 1 1 1 1
 1 1 1 1 1
 1 1 1 1 1
 1 1 1 1 1
 1 1 1 1 1
 1 1 1 1 1
 1 1 1 1 1
 1 1 1 1 1
 1 1 1 1 1
 1 1 1 1 1
 1 1 1 1 1
 1 1 1 1 1
 1 1 1 1 1
 1 1 1 1 1
 1 1 1 1 1
 1 1 1 1 1
 1 1 1 1 1
 1 1 1 1 1
 1 1 1 1 1
Scru_pelaces
 1 1 1 1 1
 1 1 1 1 1
 1 1 1 1 1
 1 1 1 1 1
 1 1 1 1 1
 1 1 1 1 1
 1 1 1 1 1
 1 1 1 1 1
 1 1 1 1 1
 1 1 1 1 1
 1 1 1 1 1
 1 1 1 1 1
 1 1 1 1 1
 1 1 1 1 1
 1 1 1 1 1
 1 1 1 1 1
 1 1 1 1 1
 1 1 1 1 1
 1 1 1 1 1
 1 1 1 1 1
 1 1 1 1 1
 1 1 1 1 1
pf_obs 
 0.256992 0.487395 0.22802 0.0275931 0
 0.321318 0.546541 0.124235 0.00734118 0.000564706
 0.182869 0.594174 0.210203 0.0122559 0.00049798
 0.330522 0.361315 0.267642 0.0388342 0.00168674
 0.649043 0.306663 0.0425973 0.00169635 0
 0.582887 0.30429 0.105238 0.00758474 0
 0.465427 0.430635 0.0974691 0.00646863 0
 0.296916 0.608066 0.0921331 0.00288517 0
 0.311714 0.524322 0.152257 0.0117073 0
 0.15457 0.633149 0.183074 0.0267441 0.00246327
 0.131901 0.49318 0.331252 0.0422183 0.00144891
 0.196976 0.569456 0.194076 0.0375587 0.00193317
 0.518974 0.381816 0.0799577 0.0180837 0.00116848
 0.0928022 0.601141 0.25162 0.0475244 0.00691264
 0.122501 0.610282 0.24278 0.0234846 0.000952079
 0.383417 0.481906 0.127806 0.00687128 0
 0.0376549 0.599619 0.316969 0.0457579 0
 0.0361596 0.667082 0.258105 0.0386534 0
 0.158088 0.579412 0.248529 0.0139706 0
 0.0477256 0.309471 0.559284 0.082774 0.000745712
 0.0406174 0.521527 0.379366 0.0568643 0.0016247
 0.151134 0.462217 0.34131 0.0453401 0
pf_pred 
 0.336567 0.466776 0.17573 0.020917 1.02644e-05
 0.318608 0.522591 0.111729 0.042063 0.00500918
 0.180386 0.611248 0.159806 0.034166 0.0143944
 0.305986 0.416615 0.206878 0.0540865 0.0164354
 0.324017 0.479594 0.117892 0.0585413 0.0199559
 0.173491 0.594036 0.164934 0.0405433 0.0269954
 0.266225 0.401775 0.238618 0.0662522 0.0271296
 0.210087 0.528664 0.143046 0.0849566 0.0332472
 0.244275 0.460931 0.197296 0.0533845 0.0441134
 0.217154 0.515136 0.163281 0.0698907 0.0345379
 0.115694 0.545563 0.222904 0.0706532 0.0451871
 0.112515 0.405809 0.297165 0.121414 0.0630976
 0.194524 0.359095 0.204111 0.149466 0.0928045
 0.174117 0.52175 0.135588 0.0770686 0.0914771
 0.249062 0.492462 0.163291 0.0424348 0.0527495
 0.329006 0.497919 0.113502 0.0376351 0.0219379
 0.220694 0.590216 0.140317 0.0319855 0.016788
 0.23245 0.483981 0.214764 0.0510573 0.0177473
 0.229687 0.490017 0.176742 0.0784279 0.0251263
 0.326979 0.423641 0.158637 0.0572181 0.0335245
 0.245771 0.554583 0.125669 0.0470584 0.026918
 0.264343 0.47157 0.194183 0.0440021 0.0259023
pobs_RECLAS
 0 0 0 0 0
 0 0 0 0 0
 0 0 0 0 0
 0 0 0 0 0
 0.835266 0.146461 0.0176864 0.000547809 3.91292e-05
 0.385257 0.428462 0.181853 0.0044286 0
 0.867414 0.0963971 0.0333333 0.00285562 0
 0.441836 0.489002 0.0689373 0.000224442 0
 0.779404 0.147425 0.0564933 0.0165055 0.000172143
 0.814271 0.122319 0.05973 0.00367925 0
 0.40263 0.566651 0.0304383 0.000280538 0
 0.475488 0.404961 0.113038 0.00651328 0
 0.955842 0.0263864 0.0167828 0.000988607 0
 0.975058 0.0227948 0.00214734 0 0
 0.738997 0.206755 0.0527124 0.00153531 0
 0.850938 0.134255 0.0134407 0.00136685 0
 0.542534 0.407297 0.0501686 0 0
 0.764087 0.199537 0.0359546 0.000420521 0
 0.470689 0.182191 0.310203 0.0369168 0
 0.84361 0.089868 0.0606195 0.00523954 0.000663233
 0.607945 0.314616 0.071237 0.00620181 0
 0.523733 0.453247 0.0230204 0 0
ppred_RECLAS
 0.733789 0.1873 0.0705138 0.00839321 4.11871e-06
 0.716466 0.217455 0.0464914 0.0175028 0.00208437
 0.546754 0.33802 0.0883725 0.0188938 0.00796012
 0.700768 0.179628 0.0891976 0.02332 0.00708628
 0.717118 0.200698 0.0493347 0.0244981 0.00835106
 0.528436 0.338927 0.0941028 0.0231319 0.0154022
 0.658561 0.186953 0.111033 0.0308284 0.0126239
 0.58739 0.276147 0.0747199 0.044377 0.0173667
 0.634126 0.223153 0.0955183 0.0258454 0.0213569
 0.59714 0.265094 0.0840262 0.0359665 0.0177736
 0.415202 0.360784 0.147408 0.0467235 0.0298826
 0.40701 0.271149 0.198556 0.0811253 0.0421598
 0.571458 0.191051 0.108594 0.0795213 0.0493754
 0.550758 0.283808 0.0737536 0.0419218 0.0497593
 0.656376 0.225347 0.0747211 0.0194179 0.0241378
 0.726473 0.202974 0.0462683 0.0153417 0.00894286
 0.603359 0.300401 0.0714165 0.0162796 0.00854456
 0.617888 0.240942 0.106917 0.0254181 0.00883523
 0.613803 0.245671 0.0886096 0.0393199 0.0125971
 0.721514 0.175296 0.0656417 0.023676 0.0138719
 0.633522 0.269471 0.0610625 0.0228656 0.0130794
 0.656294 0.220322 0.0907241 0.0205582 0.0121018
pobs_PELACES
 0 0 0 0 0
 0 0 0 0 0
 0 0 0 0 0
 0 0 0 0 0
 0 0 0 0 0
 0 0 0 0 0
 0 0 0 0 0
 0 0 0 0 0
 0 0 0 0 0
 0 0 0 0 0
 0.450072 0.473896 0.0757376 0.000293798 0
 0 0 0 0 0
 0.463077 0.371075 0.160297 0.00555027 0
 0.529543 0.364841 0.0842815 0.0213345 0
 0.631943 0.363953 0.00410389 0 0
 0.735681 0.248677 0.0153453 0.000297389 0
 0.695825 0.281241 0.0229344 0 0
 0.275771 0.60734 0.115278 0.00161068 0
 0 0 0 0 0
 0.896147 0.0623911 0.0374545 0.00400742 0
 0.803859 0.145111 0.0509908 3.86294e-05 0
 0.739449 0.233085 0.0266225 0.000797448 4.60066e-05
ppred_PELACES
 0.756004 0.17167 0.0646294 0.00769279 3.77501e-06
 0.736038 0.202445 0.0432822 0.0162946 0.00194049
 0.582293 0.311515 0.0814431 0.0174123 0.00733595
 0.706532 0.176168 0.0874793 0.0228707 0.00694978
 0.718182 0.199943 0.0491491 0.0244059 0.00831965
 0.541061 0.329853 0.0915835 0.0225127 0.0149899
 0.665646 0.183074 0.108729 0.0301886 0.0123619
 0.602306 0.266164 0.0720187 0.0427727 0.0167388
 0.649985 0.213481 0.091378 0.0247251 0.0204312
 0.610247 0.256469 0.0812924 0.0347963 0.0171953
 0.442858 0.343722 0.140436 0.0445138 0.0284694
 0.432524 0.259482 0.190013 0.0776348 0.0403459
 0.611606 0.173153 0.0984205 0.0720713 0.0447496
 0.621217 0.239295 0.0621861 0.0353468 0.0419551
 0.714527 0.187212 0.0620761 0.0161318 0.020053
 0.747131 0.187645 0.042774 0.0141831 0.00826747
 0.621391 0.286744 0.0681698 0.0155395 0.00815611
 0.629967 0.233326 0.103537 0.0246146 0.00855594
 0.624166 0.239078 0.0862318 0.0382648 0.012259
 0.730661 0.169539 0.0634858 0.0228983 0.0134163
 0.638477 0.265827 0.0602368 0.0225564 0.0129025
 0.662966 0.216045 0.088963 0.0201591 0.0118669
pobs_pel_tallas
 0 0 0 0 0 0 0 0 0 0 0 0 0 0 0 0 0 0 0 0 0 0 0 0 0 0 0 0 0 0 0 0 0 0 0 0
 0 0 0 0 0 0 0 0 0 0 0 0 0 0 0 0 0 0 0 0 0 0 0 0 0 0 0 0 0 0 0 0 0 0 0 0
 0 0 0 0 0 0 0 0 0 0 0 0 0 0 0 0 0 0 0 0 0 0 0 0 0 0 0 0 0 0 0 0 0 0 0 0
 0 0 0 0 0 0 0 0 0 0 0 0 0 0 0 0 0 0 0 0 0 0 0 0 0 0 0 0 0 0 0 0 0 0 0 0
 0 0 0 0 0 0 0 0 0 0 0 0 0 0 0 0 0 0 0 0 0 0 0 0 0 0 0 0 0 0 0 0 0 0 0 0
 0 0 0 0 0 0 0 0 0 0 0 0 0 0 0 0 0 0 0 0 0 0 0 0 0 0 0 0 0 0 0 0 0 0 0 0
 0 0 0 0 0 0 0 0 0 0 0 0 0 0 0 0 0 0 0 0 0 0 0 0 0 0 0 0 0 0 0 0 0 0 0 0
 0 0 0 0 0 0 0 0 0 0 0 0 0 0 0 0 0 0 0 0 0 0 0 0 0 0 0 0 0 0 0 0 0 0 0 0
 0 0 0 0 0 0 0 0 0 0 0 0 0 0 0 0 0 0 0 0 0 0 0 0 0 0 0 0 0 0 0 0 0 0 0 0
 0 0 0 0 0 0 0 0 0 0 0 0 0 0 0 0 0 0 0 0 0 0 0 0 0 0 0 0 0 0 0 0 0 0 0 0
 0 0 0 0 0 0 0 0 1.78061e-05 0.00172719 0.00360574 0.0105946 0.0120993 0.0124554 0.0147524 0.0171206 0.0266825 0.0428682 0.0675386 0.121331 0.153587 0.119568 0.100827 0.0573624 0.0630603 0.0341343 0.0324427 0.0444173 0.0211091 0.0280891 0.0125444 0.00206551 0 0 0 0
 0 0 0 0 0 0 0 0 0 0 0 0 0 0 0 0 0 0 0 0 0 0 0 0 0 0 0 0 0 0 0 0 0 0 0 0
 0 0 0 0 0 0 0.0133647 0.0140871 0.0187388 0.0205184 0.03894 0.0496705 0.03968 0.0493445 0.0407372 0.0367815 0.0215668 0.0243155 0.0234873 0.0199281 0.019796 0.0243948 0.0301388 0.0376714 0.0412746 0.0863199 0.0771752 0.113111 0.0741005 0.0525337 0.0229764 0.00759418 0.00175318 0 0 0
 0 0 0 0 0 0 0 0 0 0 0.00219441 0.00772107 0.0458388 0.0604681 0.0671733 0.0775358 0.0609151 0.0617685 0.073594 0.0568108 0.0755445 0.0548602 0.0670107 0.0636378 0.0643287 0.046367 0.0373049 0.0286899 0.0247887 0.0153202 0.00654259 0.00121912 0.000365735 0 0 0
 0 0 0 0 0 0 0 0 0 0 0 0 0.000112435 0.00938835 0.0111873 0.0202946 0.0414886 0.0713402 0.111592 0.104902 0.108894 0.110636 0.117776 0.105296 0.107544 0.0401394 0.0192827 0.0124803 0.00416011 0.0028671 0.000618394 0 0 0 0 0
 0 0 0 0 0 0 0 0 0 0 0.00291406 0.0102884 0.027416 0.0768956 0.0749926 0.110853 0.0956884 0.0897413 0.0766577 0.0534642 0.0500743 0.0551293 0.0594112 0.0620874 0.0668451 0.0424026 0.0208742 0.0120726 0.0048766 0.00582813 0.00118941 0.000297354 0 0 0 0
 0 0.00264628 0.0354308 0.0461629 0.0458689 0.0383711 0.0214643 0.0164657 0.0346957 0.0420465 0.0363128 0.0245516 0.0311673 0.0291091 0.0169068 0.0133784 0.00837989 0.0085269 0.0148486 0.0160247 0.0276389 0.0546898 0.0760071 0.122758 0.109233 0.0665981 0.0333725 0.0166128 0.00676272 0.00308733 0.000882094 0 0 0 0 0
 0 0 0 0 0 0 0 0.000805153 0.000690131 0.00759144 0.0133425 0.0154129 0.00931677 0.000345066 0.00356568 0.00563607 0.00851162 0.0253048 0.0502646 0.0516448 0.0657925 0.0565908 0.0611916 0.0827007 0.0866115 0.110766 0.145733 0.0935128 0.0569358 0.0249597 0.0138026 0.00621118 0.00161031 0.00115022 0 0
 0 0 0 0 0 0 0 0 0 0 0 0 0 0 0 0 0 0 0 0 0 0 0 0 0 0 0 0 0 0 0 0 0 0 0 0
 0.00147267 0.00158595 0.00478618 0.00569244 0.00954404 0.0108468 0.00647125 0.017049 0.0510054 0.094081 0.124002 0.0959785 0.0687766 0.0820023 0.061753 0.0591476 0.0492212 0.0479892 0.0443925 0.0268479 0.0217502 0.0140895 0.0121071 0.0120363 0.00920419 0.00665534 0.0049561 0.00860946 0.00930331 0.0156896 0.0114698 0.00855282 0.00243557 0.00046729 0 2.83206e-05
 0 0 0 0 0.000772559 0.00158375 0.000888443 0.00281984 0.00712685 0.0440552 0.0773331 0.111326 0.0921469 0.0852325 0.0710754 0.0886704 0.0786465 0.0553345 0.0373146 0.0185414 0.00753245 0.00457741 0.012979 0.0271748 0.0457355 0.0583668 0.034881 0.0177882 0.00938659 0.00492506 0.0015258 0.00185414 0.000309023 5.79419e-05 3.86279e-05 0
 0 0.00173294 0.00326652 0 0.00397197 0.00683976 0.00946217 0.0152591 0.00757587 0.0136028 0.0228656 0.0392903 0.0559909 0.0764795 0.0681675 0.0726916 0.0566044 0.0477403 0.0527397 0.0444891 0.0609904 0.0582453 0.0661739 0.0445044 0.0529084 0.0360697 0.0280645 0.0235558 0.0158879 0.00826598 0.00280645 0.00217768 0.000904811 0.00058276 9.20147e-05 0
ppred_pel_tallas
 1.01238e-16 3.29851e-05 0.000193596 0.000920272 0.0035431 0.0110488 0.0279085 0.0571044 0.0946569 0.127121 0.138333 0.122019 0.0873434 0.0509709 0.0247311 0.0108848 0.00583276 0.00533638 0.0067962 0.00906426 0.0116587 0.0142745 0.0166246 0.0184391 0.0195131 0.0197495 0.0191761 0.0179303 0.0162174 0.0142593 0.0122497 0.0103274 0.00857237 0.00701596 0.00565948 0.00449079
 1.01332e-16 3.21156e-05 0.000188489 0.000895987 0.00344959 0.0107572 0.0271719 0.0555975 0.09216 0.123771 0.134695 0.118829 0.0851012 0.0497451 0.0242904 0.0109521 0.00623854 0.00603068 0.00779433 0.0103932 0.0133225 0.0162358 0.018798 0.0206978 0.0217061 0.0217267 0.0208158 0.0191595 0.0170221 0.0146806 0.0123692 0.0102469 0.00839246 0.00682017 0.0055051 0.00440726
 1.02199e-16 2.54161e-05 0.000149147 0.000708927 0.00272932 0.00851106 0.0214985 0.0439901 0.072924 0.0979513 0.106634 0.0941618 0.0676291 0.039923 0.0202247 0.0103574 0.00762985 0.00883537 0.0119789 0.0161068 0.0206891 0.0252517 0.0292896 0.0323229 0.0339939 0.034147 0.0328586 0.0304043 0.027181 0.0236077 0.0200416 0.0167282 0.0137945 0.011271 0.00912996 0.00732038
 1.0241e-16 3.08281e-05 0.000180933 0.000860065 0.00331129 0.0103259 0.0260825 0.0533684 0.0884646 0.118807 0.12929 0.114054 0.0816675 0.0477099 0.0232459 0.0103992 0.0058182 0.00555387 0.0071861 0.00964574 0.0124784 0.0153866 0.0180818 0.0202868 0.0217836 0.0224565 0.0223101 0.021455 0.0200688 0.0183473 0.0164634 0.0145438 0.0126664 0.0108725 0.00918303 0.007613
 1.01991e-16 3.13369e-05 0.000183918 0.000874254 0.00336591 0.0104963 0.0265128 0.054249 0.0899247 0.12077 0.13143 0.11595 0.0830448 0.0485536 0.0237287 0.0107339 0.00616552 0.006008 0.00779239 0.0104133 0.0133806 0.0163573 0.0190156 0.0210491 0.0222294 0.0224558 0.0217741 0.020355 0.018444 0.016299 0.014137 0.0121045 0.0102737 0.00865912 0.00724243 0.00599508
 1.02882e-16 2.3619e-05 0.000138595 0.000658755 0.00253614 0.00790862 0.0199768 0.0408768 0.0677642 0.0910245 0.0991033 0.0875363 0.0629235 0.0372519 0.0190692 0.0100895 0.00783226 0.00933375 0.0127452 0.017169 0.0220807 0.0269897 0.0313653 0.0347 0.0366138 0.0369373 0.0357441 0.033316 0.0300612 0.0264112 0.0227329 0.0192781 0.0161766 0.0134607 0.0111054 0.00906501
 1.03219e-16 2.90456e-05 0.000170467 0.000810309 0.00311971 0.00972851 0.0245735 0.0502809 0.0833473 0.111937 0.121819 0.107475 0.0769825 0.0450261 0.0220383 0.0100309 0.00585844 0.00581164 0.00761826 0.0102724 0.0133388 0.0165207 0.0195223 0.0220548 0.023885 0.0248803 0.0250278 0.0244208 0.0232208 0.02161 0.0197517 0.0177687 0.0157421 0.0137231 0.0117491 0.00985564
 1.03361e-16 2.62869e-05 0.000154264 0.000733261 0.00282303 0.00880329 0.0222366 0.0455 0.0754253 0.101306 0.110273 0.097344 0.0698468 0.0410957 0.0205673 0.0101236 0.00695849 0.00774114 0.0104111 0.0140107 0.018049 0.022119 0.0257946 0.0286696 0.0304382 0.03096 0.0302855 0.0286278 0.0262974 0.0236204 0.0208706 0.0182313 0.0157932 0.013576 0.0115622 0.00972562
 1.03171e-16 2.83638e-05 0.000166462 0.000791263 0.00304637 0.00949978 0.0239958 0.0490991 0.0813893 0.10931 0.118968 0.104978 0.0752347 0.0440852 0.0217289 0.0101438 0.00627118 0.0064961 0.00859631 0.0115709 0.0149592 0.0184219 0.0216147 0.0242063 0.0259392 0.0266817 0.0264496 0.0253865 0.0237151 0.0216764 0.0194786 0.0172683 0.0151291 0.0130969 0.0111832 0.00939391
 1.03237e-16 2.66328e-05 0.000156295 0.00074292 0.00286022 0.00891928 0.0225295 0.0460994 0.0764185 0.102639 0.111721 0.098615 0.0707431 0.0415919 0.0207577 0.0101222 0.00683709 0.00752445 0.0100975 0.0135922 0.017524 0.021498 0.0251026 0.027944 0.029723 0.0302983 0.0297111 0.0281597 0.0259368 0.0233529 0.0206712 0.0180714 0.0156469 0.0134247 0.0113966 0.00954522
 1.04966e-16 1.93375e-05 0.000113457 0.000539246 0.00207599 0.00647367 0.0163522 0.0334609 0.0554728 0.0745216 0.0811556 0.0717309 0.0516659 0.0307962 0.0161518 0.00917663 0.0078841 0.00988595 0.0136889 0.0185486 0.0239899 0.0295285 0.0346215 0.0387381 0.0414659 0.0425963 0.0421593 0.0403913 0.0376559 0.0343454 0.030797 0.0272477 0.0238305 0.0206002 0.0175709 0.0147476
 1.07335e-16 1.88835e-05 0.0001108 0.000526627 0.00202744 0.00632227 0.0159697 0.0326776 0.0541722 0.0727685 0.0792307 0.0699921 0.0503321 0.0298391 0.0153558 0.00826756 0.00661387 0.00805626 0.0111564 0.0152433 0.0199468 0.0249181 0.0297601 0.0340666 0.0374952 0.0398282 0.0410006 0.041083 0.0402346 0.0386441 0.0364826 0.0338825 0.0309413 0.0277407 0.0243679 0.0209265
 1.06021e-16 2.66886e-05 0.000156631 0.000744533 0.00286646 0.00893876 0.0225786 0.0461992 0.0765817 0.102851 0.111933 0.0987588 0.0707511 0.0414054 0.020312 0.00932543 0.00556373 0.00562858 0.00744327 0.0100952 0.0131957 0.016482 0.0196895 0.0225559 0.0248644 0.0264822 0.0273767 0.0276015 0.0272616 0.026473 0.0253312 0.0238984 0.0222104 0.0202935 0.0181842 0.0159393
 1.04136e-16 2.71103e-05 0.000159101 0.000756262 0.0029116 0.0090795 0.0229342 0.0469272 0.0777901 0.104479 0.113718 0.100365 0.0719704 0.0422564 0.0209835 0.0100565 0.00656582 0.00706524 0.00942954 0.0126862 0.0163629 0.02009 0.0234879 0.0261956 0.0279411 0.0285989 0.0282112 0.0269625 0.0251203 0.0229622 0.0207162 0.0185288 0.0164648 0.0145302 0.0127034 0.0109626
 1.02434e-16 3.1177e-05 0.000182981 0.0008698 0.00334876 0.0104428 0.0263777 0.0539725 0.0894662 0.120153 0.130756 0.115351 0.082603 0.0482709 0.0235454 0.0105757 0.00597268 0.00574058 0.00742649 0.00993958 0.0128069 0.0157121 0.0183495 0.0204307 0.0217368 0.0221642 0.0217428 0.0206167 0.0189996 0.0171182 0.0151649 0.0132711 0.011505 0.00988648 0.00840919 0.00706001
 1.01543e-16 3.25987e-05 0.000191327 0.00090948 0.00350154 0.0109192 0.0275811 0.0564348 0.0935474 0.125633 0.136717 0.120603 0.0863495 0.0504307 0.0245431 0.0109273 0.00603174 0.00567035 0.00727129 0.00968954 0.0124301 0.0151667 0.0175888 0.0194081 0.0204117 0.0205089 0.0197482 0.0182978 0.0163969 0.0142966 0.0122084 0.0102753 0.00856745 0.00709728 0.00584306 0.00477096
 1.01977e-16 2.71199e-05 0.000159153 0.000756498 0.00291249 0.00908227 0.0229412 0.046942 0.0778159 0.104518 0.113771 0.100437 0.0720771 0.0424298 0.0212745 0.0105349 0.00731703 0.00818235 0.0109979 0.0147615 0.0189459 0.0231051 0.0267727 0.0295076 0.0309835 0.0310612 0.0298162 0.0275081 0.0245075 0.0212043 0.0179289 0.0149072 0.0122529 0.00998931 0.00808495 0.00648684
 1.02792e-16 2.74918e-05 0.00016134 0.00076691 0.0029526 0.00920735 0.0232571 0.0475879 0.0788852 0.105949 0.115317 0.101772 0.072971 0.0428274 0.0212368 0.0101291 0.0065518 0.00701067 0.00935337 0.0125998 0.0162797 0.0200276 0.0234656 0.0262289 0.0280334 0.0287344 0.0283501 0.0270416 0.025059 0.0226754 0.0201296 0.017594 0.0151709 0.0129077 0.0108211 0.00891695
 1.0319e-16 2.7239e-05 0.000159856 0.000759853 0.00292542 0.00912261 0.0230431 0.04715 0.0781595 0.104975 0.114258 0.100842 0.0723126 0.042458 0.0210852 0.0101088 0.00660613 0.00711613 0.0095052 0.0127981 0.0165213 0.0203033 0.0237597 0.0265218 0.0283063 0.0289742 0.0285545 0.0272207 0.0252349 0.0228774 0.0203877 0.0179322 0.0156009 0.0134268 0.0114123 0.0095526
 1.02371e-16 3.18799e-05 0.000187108 0.000889427 0.00342434 0.0106785 0.026973 0.0551904 0.0914843 0.122861 0.133698 0.117934 0.0844261 0.0492822 0.023938 0.0105817 0.00573849 0.00531643 0.00680759 0.00910637 0.0117499 0.0144448 0.0169135 0.0188935 0.0201833 0.0206836 0.0204135 0.0194943 0.0181102 0.0164584 0.0147071 0.0129735 0.0113212 0.00977356 0.008333 0.00699717
 1.0232e-16 2.78641e-05 0.000163523 0.000777282 0.00299252 0.00933185 0.0235716 0.0482317 0.079953 0.107386 0.116886 0.10317 0.0740026 0.0434909 0.0216724 0.010511 0.00702038 0.00765894 0.0102349 0.0137312 0.0176335 0.0215243 0.0249724 0.0275711 0.0290193 0.0291879 0.0281449 0.0261268 0.0234706 0.0205292 0.0175995 0.0148815 0.0124727 0.0103897 0.00860165 0.00706184
 1.02581e-16 2.893e-05 0.000169786 0.000807063 0.0031072 0.00968948 0.0244749 0.0500795 0.0830144 0.111492 0.121342 0.107072 0.0767314 0.0449545 0.0221427 0.0103117 0.00633911 0.0065351 0.00863008 0.0116004 0.0149739 0.0184031 0.0215367 0.024038 0.025647 0.0262342 0.0258219 0.0245653 0.0227014 0.0204872 0.0181454 0.0158346 0.0136459 0.0116176 0.00975821 0.00806678
pSPR Fmed_Fpbrs
0.684789   0.339574 0.339574
Fs Fmed_Fpbrs
0.242785   1.005 1.005
SSBpbr Bo_Bmed_Bpbrs
1.26515e+06  803104  366355 366355
Ro
51552.9
SPR SPRFo_SPRFmed_SPRFpbrs
1.06437e+06 728867 361432
log_Ro
10.6704
likeval ReclasPelacesDesembMPH_pf_preclas_ppelaces_ptallas_desvR_qrecl_qpela
 63.5931 27.0856 0.0170317 0.0013426 275.898 165.47 61.8669 0 13.6958 8.11125e-05 0 0 0 0 0
q_reclas_q_pelaces
0.279089 1
M
0.7
N
 50527.2 15397.8 5796.88 689.998 0.338596
 65556 23098.6 4938.43 1859.19 221.407
 39448.5 30363.6 7938.31 1697.19 715.04
 66161 17684.5 8781.55 2295.86 697.648
 114208 32218.4 7919.79 3932.72 1340.61
 81577.4 56503.6 15688.2 3856.4 2567.75
 131219 39081.7 23211.1 6444.54 2638.97
 123400 63717.9 17240.8 10239.5 4007.17
 150125 58653.5 25106 6793.18 5613.44
 147186 70997.6 22503.9 9632.55 4760.12
 68191.4 70312.1 28727.8 9105.78 5823.72
 40038.8 31262.9 22893.1 9353.58 4860.94
 42925.2 18462.3 10494 7684.56 4771.4
 23664.1 18950.8 4924.76 2799.25 3322.59
 18498.4 9565.11 3171.61 824.213 1024.56
 23107.3 7587.38 1729.56 573.491 334.294
 19049.6 10641.5 2529.89 576.695 302.687
 21264.7 8964.76 3978.05 945.732 328.733
 23801.1 10182.1 3672.52 1629.66 522.1
 43984.3 11457.5 4290.4 1547.48 906.68
 48120 21142.7 4790.98 1794.04 1026.21
 67023.8 23536.6 9691.9 2196.2 1292.81
pred_Ctot
 2899.32 4021 1513.8 180.187 0.0884213
 3185.21 5224.48 1116.98 420.514 50.0781
 2775.36 9404.43 2458.71 525.666 221.467
 922.417 1255.92 623.648 163.048 49.5456
 304.632 450.901 110.839 55.039 18.7621
 2072.96 7097.83 1970.71 484.431 322.554
 2093.39 3159.25 1876.31 520.957 213.327
 3811.63 9591.62 2595.3 1541.38 603.209
 5158.79 9734.29 4166.65 1127.41 931.621
 4032.93 9566.97 3032.42 1297.99 641.429
 3782.73 17837.8 7288.07 2310.08 1477.44
 2065.84 7450.89 5456.13 2229.24 1158.51
 3448.75 6366.45 3618.71 2649.91 1645.35
 3203.77 9600.25 2494.83 1418.07 1683.19
 2340.86 4628.49 1534.72 398.831 495.776
 1211.92 1834.13 418.094 138.632 80.8103
 719.076 1923.08 457.187 104.217 54.6997
 548.057 1141.1 506.356 120.38 41.8436
 524.846 1119.71 403.864 179.212 57.4148
 1014.5 1314.4 492.195 177.527 104.014
 520.509 1174.53 266.15 99.6631 57.0085
 1003.94 1790.97 737.483 167.115 98.3736
F
 0.0827389 0.437176 0.437176 0.437176 0.437176
 0.0696607 0.368074 0.368074 0.368074 0.368074
 0.102311 0.540591 0.540591 0.540591 0.540591
 0.0195544 0.103322 0.103322 0.103322 0.103322
 0.00371506 0.0196296 0.0196296 0.0196296 0.0196296
 0.0358974 0.189675 0.189675 0.189675 0.189675
 0.0224037 0.118377 0.118377 0.118377 0.118377
 0.0437866 0.23136 0.23136 0.23136 0.23136
 0.0488203 0.257957 0.257957 0.257957 0.257957
 0.0387561 0.20478 0.20478 0.20478 0.20478
 0.0798868 0.422107 0.422107 0.422107 0.422107
 0.0741177 0.391624 0.391624 0.391624 0.391624
 0.117615 0.621455 0.621455 0.621455 0.621455
 0.205837 1.0876 1.0876 1.0876 1.0876
 0.191198 1.01025 1.01025 1.01025 1.01025
 0.0753828 0.398309 0.398309 0.398309 0.398309
 0.0537441 0.283974 0.283974 0.283974 0.283974
 0.0364173 0.192422 0.192422 0.192422 0.192422
 0.0310856 0.164251 0.164251 0.164251 0.164251
 0.0325353 0.17191 0.17191 0.17191 0.17191
 0.0151418 0.0800064 0.0800064 0.0800064 0.0800064
 0.0210223 0.111078 0.111078 0.111078 0.111078
YTP_r0W_actual
 6023.64 31162.8 20575.8 6383.78 3541.45
YTP_p0W_proyectada
 36150.9 336374 157387 84542 31613.7
 36150.9 143106 89143.9 37319.5 20748.8
CTP_r0_actual
 1003.94 1790.97 737.483 167.115 98.3736
CTP_p0_proyectada
 4253.04 15718.4 5044.44 2077.2 679.864
 4253.04 6687.21 2857.18 916.94 446.211
Wmedp
 8.5 21.4 31.2 40.7 46.5
nmprior
 10.6 11 7 0
nm_flota  nm_reclas  nm_pelaces    nm_pelaL
inf 14.5383 17.9465 17.9465
cv_recla  cv_pelaces  cv_mph
0.776183 0.665747 1.18881
 ------------------------------------------------
Talla a la edad & desviaci?n 
 7.2 14.2025 17.0495 18.207 18.6776
 1.08 2.13037 2.55742 2.73105 2.80164
