years
 1997 1998 1999 2000 2001 2002 2003 2004 2005 2006 2007 2008 2009 2010 2011 2012 2013 2014 2015 2016 2017 2018
reclasobs
 0 0 0 370054 412103 1.49427e+06 250295 1.28982e+06 931140 785840 897777 1.04006e+06 184774 17550 25797 100020 73551 82996 120727 218422 84188 347160
reclaspred
 468400 121093 304984 215897 354585 427077 942045 640127 722403 733054 616487 430482 269473 113096 67262.6 62621.4 75547.6 102704 109522 148750 212323 207267
pelacesobs
 0 0 0 0 0 0 0 0 0 2.06254e+06 1.5e+06 0 1.87456e+06 323000 250000 174000 83755 137374 0 501740 490994 745055
pelacespred
 1.88001e+06 474972 670731 795816 1.13681e+06 1.19176e+06 2.76563e+06 2.33379e+06 2.2807e+06 2.38971e+06 1.7979e+06 1.32068e+06 770121 246661 140201 152505 194170 281800 318418 406656 677513 654130
mphobs
 0 0 0 0 0 112323 0 153150 637223 0 255016 313432 73983 77613 109348 50772 0 0 0 0 0 0
mphpred
 175155 96189 107138 105533 126034 214824 307558 373489 318856 337344 350061 249728 158401 82426.4 35013.7 27318.8 30560 40814.2 51955.7 58441 85829.2 101112
desembarqueobs
 350755 77701 442110 56441 14545 235359 269955 359681 431902 328805 639364 411747 362871 311530 167758 66681 60226 58785 57116 73181 50977 67692
desembarquepred
 350761 77699.1 442085 56443.7 14545.2 235430 270014 359674 431945 328815 639318 411773 362937 311616 167582 66678.2 60254.2 58779.1 57100.8 73178.2 50979.7 67684.8
Reclutas
 36384.8 44436.8 23093.9 36610.4 63946.7 45360.1 78461.5 77057.9 99490.3 116303 68543.3 46502.1 45356.1 24556.3 14218.8 13284.8 10296.3 12036.4 12515.1 19970.6 23619.4 38378
log_desv_Rt
 0.0651343 0.265051 -0.389449 0.071315 0.629034 0.285617 0.833592 0.815541 1.07104 1.22718 0.69845 0.31048 0.285529 -0.328048 -0.874453 -0.942396 -1.19723 -1.04108 -1.00208 -0.534753 -0.366946 0.118468
SSB
 453415 249000 277344 273189 326259 556104 796159 966831 825406 873267 906185 646459 410044 213373 90638.3 70718.9 79109 105654 134495 151283 222182 261744
BT
 1.55026e+06 379079 663484 505248 662069 780838 1.85324e+06 1.69851e+06 1.74952e+06 1.67821e+06 1.55927e+06 1.09243e+06 799252 436170 228761 144935 163614 210693 218430 292731 425101 406132
Ftot
 0.942758 0.864956 1.48694 0.313231 0.0533588 0.497989 0.313072 0.62869 0.716203 0.536335 1.0053 0.873759 1.37261 2.68966 3.12026 1.36541 1.00904 0.682323 0.541147 0.575046 0.272729 0.346354
BD_Bspro_t
 0.911641 0.641228 0.563334 0.384649 0.554544 0.731144 0.679305 0.692998 0.625319 0.594143 0.572832 0.417584 0.315344 0.214459 0.115886 0.112406 0.16754 0.276473 0.382396 0.469132 0.591694 0.691638
BD_Bspro
 0.644207 0.353776 0.394047 0.388143 0.463545 0.790105 1.13117 1.37366 1.17273 1.24073 1.2875 0.918481 0.582586 0.303158 0.128778 0.100477 0.112397 0.150112 0.191089 0.214941 0.315673 0.371883
BD_Bo
 0.505736 0.277733 0.309348 0.304713 0.363907 0.620275 0.888031 1.0784 0.920653 0.974036 1.01075 0.721056 0.457361 0.237995 0.101097 0.0788795 0.0882377 0.117846 0.150015 0.16874 0.24782 0.291948
BD_Brms
 0.919521 0.504968 0.56245 0.554023 0.66165 1.12777 1.6146 1.96072 1.67391 1.77097 1.83773 1.31101 0.831565 0.432718 0.183813 0.143417 0.160432 0.214265 0.272755 0.306801 0.450582 0.530814
S_f
 0.108338 0.69775 0.977709 0.998801 0.999937
 0.108338 0.69775 0.977709 0.998801 0.999937
 0.108338 0.69775 0.977709 0.998801 0.999937
 0.108338 0.69775 0.977709 0.998801 0.999937
 0.108338 0.69775 0.977709 0.998801 0.999937
 0.108338 0.69775 0.977709 0.998801 0.999937
 0.108338 0.69775 0.977709 0.998801 0.999937
 0.108338 0.69775 0.977709 0.998801 0.999937
 0.108338 0.69775 0.977709 0.998801 0.999937
 0.108338 0.69775 0.977709 0.998801 0.999937
 0.108338 0.69775 0.977709 0.998801 0.999937
 0.108338 0.69775 0.977709 0.998801 0.999937
 0.108338 0.69775 0.977709 0.998801 0.999937
 0.108338 0.69775 0.977709 0.998801 0.999937
 0.108338 0.69775 0.977709 0.998801 0.999937
 0.108338 0.69775 0.977709 0.998801 0.999937
 0.108338 0.69775 0.977709 0.998801 0.999937
 0.108338 0.69775 0.977709 0.998801 0.999937
 0.108338 0.69775 0.977709 0.998801 0.999937
 0.108338 0.69775 0.977709 0.998801 0.999937
 0.108338 0.69775 0.977709 0.998801 0.999937
 0.108338 0.69775 0.977709 0.998801 0.999937
Scru_reclas
 0.829851 0.984438 0.998783 0.999906 0.999993
 0.829851 0.984438 0.998783 0.999906 0.999993
 0.829851 0.984438 0.998783 0.999906 0.999993
 0.829851 0.984438 0.998783 0.999906 0.999993
 0.829851 0.984438 0.998783 0.999906 0.999993
 0.829851 0.984438 0.998783 0.999906 0.999993
 0.829851 0.984438 0.998783 0.999906 0.999993
 0.829851 0.984438 0.998783 0.999906 0.999993
 0.829851 0.984438 0.998783 0.999906 0.999993
 0.829851 0.984438 0.998783 0.999906 0.999993
 0.829851 0.984438 0.998783 0.999906 0.999993
 0.829851 0.984438 0.998783 0.999906 0.999993
 0.829851 0.984438 0.998783 0.999906 0.999993
 0.829851 0.984438 0.998783 0.999906 0.999993
 0.829851 0.984438 0.998783 0.999906 0.999993
 0.829851 0.984438 0.998783 0.999906 0.999993
 0.829851 0.984438 0.998783 0.999906 0.999993
 0.829851 0.984438 0.998783 0.999906 0.999993
 0.829851 0.984438 0.998783 0.999906 0.999993
 0.829851 0.984438 0.998783 0.999906 0.999993
 0.829851 0.984438 0.998783 0.999906 0.999993
 0.829851 0.984438 0.998783 0.999906 0.999993
Scru_pelaces
 0.60512 1 1 1 1
 0.60512 1 1 1 1
 0.60512 1 1 1 1
 0.60512 1 1 1 1
 0.60512 1 1 1 1
 0.60512 1 1 1 1
 0.60512 1 1 1 1
 0.60512 1 1 1 1
 0.60512 1 1 1 1
 0.60512 1 1 1 1
 0.60512 1 1 1 1
 0.60512 1 1 1 1
 0.60512 1 1 1 1
 0.60512 1 1 1 1
 0.60512 1 1 1 1
 0.60512 1 1 1 1
 0.60512 1 1 1 1
 0.60512 1 1 1 1
 0.60512 1 1 1 1
 0.60512 1 1 1 1
 0.60512 1 1 1 1
 0.60512 1 1 1 1
pf_obs 
 0.256992 0.487395 0.22802 0.0275931 0
 0.321318 0.546541 0.124235 0.00734118 0.000564706
 0.182869 0.594174 0.210203 0.0122559 0.00049798
 0.330522 0.361315 0.267642 0.0388342 0.00168674
 0.649043 0.306663 0.0425973 0.00169635 0
 0.582887 0.30429 0.105238 0.00758474 0
 0.465427 0.430635 0.0974691 0.00646863 0
 0.296916 0.608066 0.0921331 0.00288517 0
 0.311714 0.524322 0.152257 0.0117073 0
 0.15457 0.633149 0.183074 0.0267441 0.00246327
 0.131901 0.49318 0.331252 0.0422183 0.00144891
 0.196976 0.569456 0.194076 0.0375587 0.00193317
 0.518974 0.381816 0.0799577 0.0180837 0.00116848
 0.0928022 0.601141 0.25162 0.0475244 0.00691264
 0.122501 0.610282 0.24278 0.0234846 0.000952079
 0.383417 0.481906 0.127806 0.00687128 0
 0.0376549 0.599619 0.316969 0.0457579 0
 0.0361596 0.667082 0.258105 0.0386534 0
 0.158088 0.579412 0.248529 0.0139706 0
 0.0477256 0.309471 0.559284 0.082774 0.000745712
 0.0406174 0.521527 0.379366 0.0568643 0.0016247
 0.151134 0.462217 0.34131 0.0453401 0
pf_pred 
 0.305855 0.474687 0.196005 0.0234401 1.24025e-05
 0.289079 0.553387 0.122762 0.031165 0.00360752
 0.161027 0.638312 0.170668 0.0235375 0.00645489
 0.286084 0.453635 0.221872 0.0328691 0.00553984
 0.285906 0.499081 0.154021 0.052176 0.00881573
 0.147488 0.58345 0.205658 0.0456914 0.0177134
 0.243945 0.39462 0.276577 0.0652715 0.0195865
 0.200523 0.539899 0.159466 0.0770481 0.0230641
 0.247001 0.478913 0.209207 0.0403006 0.0245791
 0.240841 0.533121 0.165562 0.0464897 0.0139867
 0.14554 0.584545 0.211117 0.0433848 0.0154137
 0.145679 0.497633 0.279005 0.0612136 0.0164701
 0.214793 0.464152 0.222642 0.0775211 0.0208914
 0.208059 0.59872 0.13972 0.0375591 0.0159416
 0.276262 0.601091 0.108275 0.0105742 0.00379817
 0.332342 0.588646 0.0733739 0.00501847 0.000620063
 0.225721 0.629633 0.134472 0.00947414 0.000699601
 0.249629 0.517071 0.204773 0.026583 0.00194366
 0.218543 0.545252 0.182995 0.0468704 0.00634055
 0.283403 0.464046 0.19646 0.0437219 0.0123686
 0.233508 0.553396 0.15699 0.0439142 0.0121917
 0.266546 0.46649 0.210845 0.0416036 0.0145161
pobs_RECLAS
 0 0 0 0 0
 0 0 0 0 0
 0 0 0 0 0
 0 0 0 0 0
 0.835266 0.146461 0.0176864 0.000547809 3.91292e-05
 0.385257 0.428462 0.181853 0.0044286 0
 0.867414 0.0963971 0.0333333 0.00285562 0
 0.441836 0.489002 0.0689373 0.000224442 0
 0.779404 0.147425 0.0564933 0.0165055 0.000172143
 0.814271 0.122319 0.05973 0.00367925 0
 0.40263 0.566651 0.0304383 0.000280538 0
 0.475488 0.404961 0.113038 0.00651328 0
 0.955842 0.0263864 0.0167828 0.000988607 0
 0.975058 0.0227948 0.00214734 0 0
 0.738997 0.206755 0.0527124 0.00153531 0
 0.850938 0.134255 0.0134407 0.00136685 0
 0.542534 0.407297 0.0501686 0 0
 0.764087 0.199537 0.0359546 0.000420521 0
 0.470689 0.182191 0.310203 0.0369168 0
 0.84361 0.089868 0.0606195 0.00523954 0.000663233
 0.607945 0.314616 0.071237 0.00620181 0
 0.523733 0.453247 0.0230204 0 0
ppred_RECLAS
 0.735153 0.200104 0.0579643 0.00677557 3.58079e-06
 0.711822 0.240253 0.0375315 0.00931606 0.00107712
 0.553215 0.368395 0.0669276 0.00899797 0.00246429
 0.710707 0.204981 0.0720898 0.0104602 0.00176109
 0.704044 0.225944 0.0504411 0.0167442 0.00282614
 0.513647 0.366221 0.0922859 0.0200724 0.00777298
 0.672461 0.197864 0.0997171 0.0230494 0.00690914
 0.607841 0.29283 0.0615347 0.0290949 0.00869964
 0.673668 0.232497 0.0720001 0.0135688 0.00826611
 0.658778 0.262282 0.0581519 0.0159841 0.00480356
 0.519046 0.364008 0.0919337 0.0184615 0.00655109
 0.525174 0.316116 0.124756 0.0267617 0.00719202
 0.649809 0.23824 0.0782304 0.0265699 0.00715109
 0.663152 0.281475 0.0404178 0.0105045 0.00445063
 0.746613 0.226292 0.0240245 0.00226043 0.00081033
 0.75285 0.226376 0.0193255 0.00128938 0.000159104
 0.638972 0.311135 0.0464585 0.00319849 0.000235902
 0.672277 0.248375 0.0698302 0.00886948 0.000647772
 0.630245 0.282742 0.0677357 0.0169824 0.0022948
 0.710553 0.208814 0.0630254 0.0137283 0.00387928
 0.644781 0.278454 0.0568632 0.0155806 0.00432094
 0.690639 0.219512 0.0712743 0.0137737 0.00480063
pobs_PELACES
 0 0 0 0 0
 0 0 0 0 0
 0 0 0 0 0
 0 0 0 0 0
 0 0 0 0 0
 0 0 0 0 0
 0 0 0 0 0
 0 0 0 0 0
 0 0 0 0 0
 0 0 0 0 0
 0.450072 0.473896 0.0757376 0.000293798 0
 0 0 0 0 0
 0.463077 0.371075 0.160297 0.00555027 0
 0.529543 0.364841 0.0842815 0.0213345 0
 0.631943 0.363953 0.00410389 0 0
 0.735681 0.248677 0.0153453 0.000297389 0
 0.695825 0.281241 0.0229344 0 0
 0.275771 0.60734 0.115278 0.00161068 0
 0 0 0 0 0
 0.896147 0.0623911 0.0374545 0.00400742 0
 0.803859 0.145111 0.0509908 3.86294e-05 0
 0.739449 0.233085 0.0266225 0.000797448 4.60066e-05
ppred_PELACES
 0.710305 0.22421 0.0586748 0.0068061 3.59535e-06
 0.680554 0.270436 0.0384418 0.00947409 0.00109494
 0.549011 0.381385 0.0595268 0.00791168 0.0021654
 0.654943 0.247592 0.083377 0.0120581 0.00202969
 0.634173 0.280589 0.0614372 0.0203639 0.00343672
 0.458798 0.413622 0.0981142 0.0212424 0.00822378
 0.614432 0.236972 0.114355 0.0263458 0.00789564
 0.561541 0.33348 0.0651728 0.0306461 0.0091605
 0.635421 0.265769 0.0759276 0.0142219 0.00866085
 0.609547 0.304579 0.0633423 0.0173264 0.00520545
 0.491428 0.394834 0.0895693 0.0178412 0.00632805
 0.492635 0.348522 0.125056 0.0266334 0.00715458
 0.645118 0.252284 0.0719275 0.0241698 0.00650119
 0.71269 0.249743 0.0275694 0.00702445 0.00297291
 0.799725 0.184037 0.0144349 0.00132749 0.000475288
 0.742516 0.238483 0.0176886 0.00116768 0.000144001
 0.610627 0.340389 0.0456378 0.00311648 0.000229747
 0.63137 0.284561 0.0740374 0.00934879 0.000682544
 0.579827 0.326165 0.0732604 0.0182779 0.00246914
 0.667543 0.244363 0.0689346 0.0149387 0.00422003
 0.580865 0.331397 0.065043 0.0177682 0.00492667
 0.634705 0.262719 0.0814305 0.0156808 0.00546416
pobs_pel_tallas
 0 0 0 0 0 0 0 0 0 0 0 0 0 0 0 0 0 0 0 0 0 0 0 0 0 0 0 0 0 0 0 0 0 0 0 0
 0 0 0 0 0 0 0 0 0 0 0 0 0 0 0 0 0 0 0 0 0 0 0 0 0 0 0 0 0 0 0 0 0 0 0 0
 0 0 0 0 0 0 0 0 0 0 0 0 0 0 0 0 0 0 0 0 0 0 0 0 0 0 0 0 0 0 0 0 0 0 0 0
 0 0 0 0 0 0 0 0 0 0 0 0 0 0 0 0 0 0 0 0 0 0 0 0 0 0 0 0 0 0 0 0 0 0 0 0
 0 0 0 0 0 0 0 0 0 0 0 0 0 0 0 0 0 0 0 0 0 0 0 0 0 0 0 0 0 0 0 0 0 0 0 0
 0 0 0 0 0 0 0 0 0 0 0 0 0 0 0 0 0 0 0 0 0 0 0 0 0 0 0 0 0 0 0 0 0 0 0 0
 0 0 0 0 0 0 0 0 0 0 0 0 0 0 0 0 0 0 0 0 0 0 0 0 0 0 0 0 0 0 0 0 0 0 0 0
 0 0 0 0 0 0 0 0 0 0 0 0 0 0 0 0 0 0 0 0 0 0 0 0 0 0 0 0 0 0 0 0 0 0 0 0
 0 0 0 0 0 0 0 0 0 0 0 0 0 0 0 0 0 0 0 0 0 0 0 0 0 0 0 0 0 0 0 0 0 0 0 0
 0 0 0 0 0 0 0 0 0 0 0 0 0 0 0 0 0 0 0 0 0 0 0 0 0 0 0 0 0 0 0 0 0 0 0 0
 0 0 0 0 0 0 0 0 1.78061e-05 0.00172719 0.00360574 0.0105946 0.0120993 0.0124554 0.0147524 0.0171206 0.0266825 0.0428682 0.0675386 0.121331 0.153587 0.119568 0.100827 0.0573624 0.0630603 0.0341343 0.0324427 0.0444173 0.0211091 0.0280891 0.0125444 0.00206551 0 0 0 0
 0 0 0 0 0 0 0 0 0 0 0 0 0 0 0 0 0 0 0 0 0 0 0 0 0 0 0 0 0 0 0 0 0 0 0 0
 0 0 0 0 0 0 0.0133647 0.0140871 0.0187388 0.0205184 0.03894 0.0496705 0.03968 0.0493445 0.0407372 0.0367815 0.0215668 0.0243155 0.0234873 0.0199281 0.019796 0.0243948 0.0301388 0.0376714 0.0412746 0.0863199 0.0771752 0.113111 0.0741005 0.0525337 0.0229764 0.00759418 0.00175318 0 0 0
 0 0 0 0 0 0 0 0 0 0 0.00219441 0.00772107 0.0458388 0.0604681 0.0671733 0.0775358 0.0609151 0.0617685 0.073594 0.0568108 0.0755445 0.0548602 0.0670107 0.0636378 0.0643287 0.046367 0.0373049 0.0286899 0.0247887 0.0153202 0.00654259 0.00121912 0.000365735 0 0 0
 0 0 0 0 0 0 0 0 0 0 0 0 0.000112435 0.00938835 0.0111873 0.0202946 0.0414886 0.0713402 0.111592 0.104902 0.108894 0.110636 0.117776 0.105296 0.107544 0.0401394 0.0192827 0.0124803 0.00416011 0.0028671 0.000618394 0 0 0 0 0
 0 0 0 0 0 0 0 0 0 0 0.00291406 0.0102884 0.027416 0.0768956 0.0749926 0.110853 0.0956884 0.0897413 0.0766577 0.0534642 0.0500743 0.0551293 0.0594112 0.0620874 0.0668451 0.0424026 0.0208742 0.0120726 0.0048766 0.00582813 0.00118941 0.000297354 0 0 0 0
 0 0.00264628 0.0354308 0.0461629 0.0458689 0.0383711 0.0214643 0.0164657 0.0346957 0.0420465 0.0363128 0.0245516 0.0311673 0.0291091 0.0169068 0.0133784 0.00837989 0.0085269 0.0148486 0.0160247 0.0276389 0.0546898 0.0760071 0.122758 0.109233 0.0665981 0.0333725 0.0166128 0.00676272 0.00308733 0.000882094 0 0 0 0 0
 0 0 0 0 0 0 0 0.000805153 0.000690131 0.00759144 0.0133425 0.0154129 0.00931677 0.000345066 0.00356568 0.00563607 0.00851162 0.0253048 0.0502646 0.0516448 0.0657925 0.0565908 0.0611916 0.0827007 0.0866115 0.110766 0.145733 0.0935128 0.0569358 0.0249597 0.0138026 0.00621118 0.00161031 0.00115022 0 0
 0 0 0 0 0 0 0 0 0 0 0 0 0 0 0 0 0 0 0 0 0 0 0 0 0 0 0 0 0 0 0 0 0 0 0 0
 0.00147267 0.00158595 0.00478618 0.00569244 0.00954404 0.0108468 0.00647125 0.017049 0.0510054 0.094081 0.124002 0.0959785 0.0687766 0.0820023 0.061753 0.0591476 0.0492212 0.0479892 0.0443925 0.0268479 0.0217502 0.0140895 0.0121071 0.0120363 0.00920419 0.00665534 0.0049561 0.00860946 0.00930331 0.0156896 0.0114698 0.00855282 0.00243557 0.00046729 0 2.83206e-05
 0 0 0 0 0.000772559 0.00158375 0.000888443 0.00281984 0.00712685 0.0440552 0.0773331 0.111326 0.0921469 0.0852325 0.0710754 0.0886704 0.0786465 0.0553345 0.0373146 0.0185414 0.00753245 0.00457741 0.012979 0.0271748 0.0457355 0.0583668 0.034881 0.0177882 0.00938659 0.00492506 0.0015258 0.00185414 0.000309023 5.79419e-05 3.86279e-05 0
 0 0.00173294 0.00326652 0 0.00397197 0.00683976 0.00946217 0.0152591 0.00757587 0.0136028 0.0228656 0.0392903 0.0559909 0.0764795 0.0681675 0.0726916 0.0566044 0.0477403 0.0527397 0.0444891 0.0609904 0.0582453 0.0661739 0.0445044 0.0529084 0.0360697 0.0280645 0.0235558 0.0158879 0.00826598 0.00280645 0.00217768 0.000904811 0.00058276 9.20147e-05 0
ppred_pel_tallas
 1.01141e-16 3.09945e-05 0.000181905 0.00086468 0.00332904 0.0103813 0.0262224 0.0536549 0.0889408 0.119451 0.13 0.114704 0.0821843 0.048115 0.0236345 0.0108939 0.00653733 0.00659954 0.00863669 0.0115414 0.0148006 0.0180403 0.0208894 0.0229999 0.0241142 0.0241214 0.0230798 0.0211935 0.0187551 0.0160748 0.0134183 0.0109703 0.00882777 0.00701576 0.00551377 0.0042814
 1.01011e-16 2.9699e-05 0.000174296 0.000828493 0.0031897 0.00994673 0.0251248 0.0514095 0.0852203 0.114459 0.12458 0.109952 0.0788451 0.0462924 0.0229849 0.0110062 0.00716208 0.00766586 0.0101718 0.0135904 0.0173742 0.0210859 0.0242807 0.0265448 0.0275798 0.0272714 0.0257149 0.0231839 0.0200577 0.0167309 0.0135351 0.0106925 0.0083082 0.00639105 0.00488939 0.00372634
 1.01343e-16 2.39677e-05 0.000140637 0.000668455 0.00257347 0.00802502 0.0202709 0.0414789 0.0687635 0.0923706 0.100578 0.0888623 0.0639265 0.0379453 0.019606 0.0106632 0.00861238 0.0104498 0.0142872 0.0191796 0.0245371 0.029786 0.0343061 0.0375136 0.038986 0.0385598 0.0363671 0.0327917 0.0283679 0.0236522 0.0191137 0.0150692 0.0116703 0.00893334 0.00678896 0.00513098
 1.01774e-16 2.85814e-05 0.000167736 0.000797314 0.00306965 0.00957239 0.0241792 0.0494747 0.0820127 0.11015 0.119889 0.105808 0.0758654 0.0445273 0.0220811 0.0105312 0.00680553 0.00726551 0.00966494 0.0129729 0.016686 0.0204091 0.0237365 0.0262825 0.0277555 0.028021 0.0271262 0.0252766 0.0227749 0.0199457 0.0170695 0.0143453 0.011883 0.00972083 0.00785228 0.00625195
 1.01824e-16 2.7677e-05 0.000162424 0.000772051 0.00297238 0.00926902 0.023413 0.0479071 0.0794155 0.106665 0.116105 0.102491 0.0735347 0.0432556 0.0216286 0.0106111 0.00724335 0.00801115 0.0107361 0.0143989 0.0184711 0.0225128 0.0260669 0.0287024 0.0301016 0.0301307 0.028867 0.0265682 0.0236004 0.0203479 0.0171359 0.0141854 0.0116068 0.00942064 0.00759311 0.0060692
 1.02642e-16 2.00353e-05 0.000117548 0.000558679 0.00215079 0.00670691 0.0169415 0.034667 0.0574737 0.0772141 0.0840994 0.0743603 0.0536192 0.032079 0.0170391 0.0100129 0.00895589 0.0113958 0.0157671 0.0212531 0.0272864 0.0332683 0.0385334 0.042446 0.0445355 0.0446016 0.0427547 0.0393716 0.0349899 0.0301758 0.0254099 0.0210214 0.0171769 0.0139117 0.0111802 0.00890449
 1.02975e-16 2.68146e-05 0.000157364 0.000748005 0.00287981 0.00898036 0.0226838 0.0464148 0.0769409 0.103339 0.112478 0.0992734 0.0711932 0.0418118 0.0207854 0.0100016 0.00658695 0.00713866 0.00956064 0.0128964 0.0166817 0.0205496 0.0241174 0.0270129 0.0289442 0.0297585 0.0294667 0.0282236 0.026275 0.0238914 0.0213111 0.0187088 0.0161911 0.0138124 0.0115975 0.00956117
 1.02515e-16 2.45121e-05 0.000143838 0.000683681 0.00263211 0.0082079 0.0207327 0.0424236 0.070328 0.0944673 0.102849 0.0908376 0.0652813 0.0386167 0.0197099 0.0103329 0.00790368 0.00933829 0.0127117 0.0170893 0.0219289 0.0267289 0.0309519 0.034089 0.0357658 0.0358268 0.0343663 0.0316919 0.0282376 0.0244567 0.0207296 0.0173114 0.0143244 0.0117853 0.00964785 0.00784384
 1.02058e-16 2.77309e-05 0.000162741 0.000773563 0.0029782 0.0092872 0.0234589 0.0480009 0.0795705 0.106872 0.116327 0.102679 0.0736531 0.0432916 0.0215849 0.0104886 0.00703273 0.00769449 0.0102944 0.0138211 0.0177628 0.021702 0.0252057 0.0278634 0.0293676 0.0295817 0.0285652 0.0265472 0.0238596 0.0208542 0.0178316 0.0149998 0.0124679 0.0102653 0.0083732 0.00675414
 1.01838e-16 2.66042e-05 0.000156123 0.000742092 0.00285702 0.00890927 0.0225043 0.0460481 0.0763348 0.102531 0.111613 0.0985451 0.0707473 0.0417032 0.0210141 0.0105769 0.00756179 0.00860163 0.0116029 0.0155711 0.0199661 0.0243174 0.0281296 0.0309353 0.0323912 0.032355 0.0309144 0.0283545 0.025078 0.0215072 0.0179989 0.0147954 0.0120163 0.00968194 0.00775173 0.00616098
 1.02309e-16 2.14574e-05 0.000125898 0.000598381 0.00230366 0.00718364 0.0181456 0.0371306 0.0615567 0.0826949 0.0900569 0.0795995 0.0573351 0.0341782 0.0179276 0.0101818 0.00872776 0.0109002 0.0150185 0.0202243 0.0259506 0.0316187 0.0365914 0.0402622 0.042183 0.0421657 0.0403202 0.0370119 0.0327603 0.0281115 0.0235292 0.0193305 0.0156753 0.0125953 0.0100434 0.00794023
 1.03139e-16 2.15082e-05 0.000126201 0.000599829 0.00230925 0.00720107 0.0181896 0.0372203 0.0617041 0.0828891 0.0902584 0.0797538 0.0573948 0.0341109 0.0177055 0.00976471 0.00805617 0.0099027 0.0136297 0.0184085 0.0237252 0.0290731 0.0338923 0.0376415 0.0399076 0.0404947 0.0394586 0.0370742 0.0337515 0.0299311 0.0259939 0.0222099 0.0187295 0.0156085 0.0128454 0.0104169
 1.02238e-16 2.81532e-05 0.000165222 0.000785358 0.00302362 0.00942883 0.0238166 0.0487328 0.0807832 0.108499 0.118094 0.104229 0.0747431 0.0438888 0.0218018 0.0104603 0.00684135 0.00736354 0.00981442 0.0131754 0.0169439 0.0207212 0.0240971 0.0266826 0.0281857 0.0284749 0.0276033 0.0257829 0.0233224 0.0205485 0.0177395 0.0150872 0.0126916 0.0105797 0.00873576 0.00712884
 1.00854e-16 3.10994e-05 0.000182519 0.000867594 0.00334025 0.0104162 0.0263107 0.0538358 0.0892413 0.119856 0.130447 0.11511 0.0825006 0.0483517 0.0238458 0.0111487 0.00689954 0.00712102 0.00935407 0.0124694 0.0159223 0.019299 0.0221869 0.024205 0.0250809 0.0247141 0.0231991 0.0207957 0.0178611 0.0147653 0.0118171 0.00922206 0.00707388 0.00537511 0.00407091 0.00308273
 1.00333e-16 3.48919e-05 0.00020479 0.000973487 0.00374799 0.0116878 0.0295224 0.0604066 0.100131 0.134472 0.146331 0.129071 0.0923854 0.0539006 0.0261274 0.0114523 0.00606064 0.00545844 0.00688273 0.00910372 0.0115958 0.0140231 0.0160751 0.0174705 0.0180106 0.0176256 0.0163918 0.0145089 0.0122488 0.00989256 0.00767471 0.00575059 0.00419015 0.00299267 0.00211226 0.00148363
 1.00376e-16 3.23995e-05 0.000190153 0.000903888 0.00348 0.010852 0.0274114 0.056088 0.0929739 0.124867 0.135895 0.119904 0.0859077 0.0502899 0.0246921 0.01136 0.00678034 0.0068004 0.00885466 0.0117719 0.0150009 0.0181368 0.0207826 0.0225747 0.0232559 0.0227368 0.0211171 0.0186569 0.0157106 0.0126435 0.00976088 0.00726474 0.00524595 0.00370318 0.00257607 0.00177873
 1.00877e-16 2.66527e-05 0.000156405 0.000743424 0.00286213 0.00892522 0.0225446 0.0461309 0.076473 0.102719 0.111826 0.0987507 0.0709338 0.0418911 0.0212521 0.0109292 0.00809844 0.00939082 0.0127016 0.0170109 0.0217359 0.0263496 0.0302946 0.0330502 0.0342418 0.0337291 0.0316377 0.0283199 0.0242627 0.0199724 0.0158754 0.0122583 0.00925683 0.00688208 0.00506518 0.0037025
 1.01497e-16 2.7555e-05 0.000161707 0.000768642 0.00295925 0.00922809 0.0233096 0.0476956 0.079065 0.106195 0.115595 0.102043 0.0732211 0.0430859 0.0215713 0.0106287 0.0073145 0.00813227 0.010914 0.014643 0.0187884 0.0229039 0.0265238 0.0292077 0.0306287 0.0306464 0.0293347 0.026952 0.0238695 0.0204799 0.0171196 0.0140219 0.0113092 0.00901244 0.00710546 0.00553699
 1.0189e-16 2.53092e-05 0.000148518 0.000705933 0.00271779 0.00847509 0.0214076 0.0438044 0.0726165 0.0975397 0.106189 0.0937775 0.0673712 0.039807 0.0202325 0.0104693 0.00784261 0.00916198 0.0124383 0.0167122 0.0214383 0.0261203 0.0302287 0.0332619 0.0348498 0.0348369 0.0333139 0.0305825 0.0270714 0.0232315 0.0194457 0.0159756 0.0129532 0.010405 0.00829243 0.00655033
 1.01769e-16 2.91307e-05 0.000170961 0.000812647 0.00312869 0.0097565 0.0246442 0.0504261 0.0835897 0.112267 0.122191 0.107834 0.0773062 0.0453488 0.0224432 0.0106277 0.00676554 0.0071437 0.00946989 0.012694 0.0163077 0.0199181 0.0231249 0.02555 0.026911 0.0270825 0.0261201 0.0242358 0.0217362 0.018947 0.0161461 0.0135267 0.0111902 0.0091644 0.00743206 0.00595802
 1.01873e-16 2.53546e-05 0.000148785 0.000707198 0.00272266 0.00849027 0.021446 0.0438829 0.0727468 0.097715 0.106381 0.0939489 0.0674988 0.0398914 0.0202918 0.0105259 0.00791531 0.00926361 0.0125764 0.0168889 0.0216487 0.0263514 0.0304592 0.0334642 0.0349941 0.0348968 0.0332714 0.0304324 0.0268226 0.0229056 0.0190725 0.0155885 0.0125832 0.0100769 0.00802183 0.00634364
 1.02036e-16 2.76996e-05 0.000162558 0.000772691 0.00297484 0.00927672 0.0234324 0.0479468 0.0794807 0.106751 0.116195 0.102561 0.073566 0.0432353 0.0215474 0.0104551 0.00699146 0.00763762 0.0102177 0.0137239 0.0176484 0.0215786 0.0250862 0.027764 0.0293054 0.0295713 0.0286158 0.0266597 0.0240265 0.0210606 0.0180577 0.0152245 0.0126722 0.010435 0.00850038 0.00683701
pSPR Fmed_Fpbrs
0.500663   0.6 0.325
Fs Fmed_Fpbrs
0.680989   0.446127 1.52475
SSBpbr Bo_Bmed_Bpbrs
896545  404039  493099 246550
Ro
34090.4
SPR SPRFo_SPRFmed_SPRFpbrs
703835 352384 228746
log_Ro
10.2568
likeval ReclasPelacesDesembMPH_pf_preclas_ppelaces_ptallas_desvR_qrecl_qpela
 62.1903 14.7693 0.00844069 0.000205536 269.992 157.218 59.8159 0 15.4219 1.21525e-05 9.2904e-05 8.80511e-15 0 0 0
q_reclas_q_pelaces
0.610189 3.94044
M
0.7
N
 36384.8 11022.3 3590.93 423.469 0.223898
 44436.8 16313.8 2835.2 709.404 82.0543
 23093.9 20092.8 4430.41 604.373 165.647
 36610.4 9761.78 3535.48 514.117 86.5649
 63946.7 17573.6 3895.88 1292.53 218.145
 45360.1 31572 8407.85 1836.29 711.238
 78461.5 21342.1 11076.2 2565.82 769.184
 77057.9 37663.5 8518.47 4049.95 1211.3
 99490.3 35746.3 12061.5 2287.73 1394.13
 116303 45716.9 10769.5 2973.63 893.834
 68543.3 54494.2 15615.1 3165.58 1123.86
 46502.1 30525.2 13418.6 2901.84 780.171
 45356.1 21006.6 8239.08 2835.91 763.791
 24556.3 19411 4003.21 1069.16 453.643
 14218.8 9111.86 1475.7 143.33 51.4684
 13284.8 5035.54 512.946 34.6805 4.28237
 10296.3 5689.91 964.455 67.0339 4.94644
 12036.4 4583.52 1397.43 178.576 13.046
 12515.1 5551.21 1413.93 356.124 48.1329
 19970.6 5860.93 1889.72 413.661 116.919
 23619.4 9318.15 1948.52 534.835 148.334
 38378 11387.6 3825.42 741.129 258.339
pred_Ctot
 2555.64 3966.35 1637.76 195.858 0.103632
 2874.12 5501.96 1220.54 309.853 35.8672
 2494.15 9886.78 2643.47 364.572 99.9795
 880.197 1395.7 682.634 101.129 17.0445
 265.169 462.88 142.85 48.3915 8.17629
 1718.67 6798.94 2396.53 532.442 206.414
 1885.45 3050.01 2137.66 504.483 151.384
 3663.24 9863.06 2913.18 1407.54 421.343
 5365.76 10403.7 4544.73 875.477 533.948
 4737.36 10486.5 3256.61 914.456 275.119
 5118.77 20559 7425.2 1525.89 542.116
 3037.05 10374.5 5816.59 1276.16 343.363
 4545.96 9823.49 4712.08 1640.68 442.152
 4539.45 13062.9 3048.42 819.466 347.816
 2990.55 6506.84 1172.08 114.466 41.1154
 1324.97 2346.79 292.525 20.0075 2.47205
 771.644 2152.44 459.701 32.388 2.39163
 619.437 1283.07 508.13 65.9638 4.82306
 514.232 1282.98 430.588 110.286 14.9194
 870.579 1425.49 603.501 134.308 37.9947
 495.394 1174.05 333.058 93.1652 25.865
 1018.66 1782.79 805.787 158.997 55.4763
F
 0.102136 0.657809 0.921743 0.941628 0.942698
 0.0937073 0.603523 0.845675 0.863919 0.864901
 0.161092 1.03751 1.4538 1.48516 1.48685
 0.0339347 0.218557 0.306248 0.312855 0.313211
 0.00578077 0.0372311 0.0521694 0.0532948 0.0533554
 0.053951 0.347472 0.486888 0.497392 0.497957
 0.0339175 0.218446 0.306093 0.312697 0.313052
 0.0681109 0.438669 0.614677 0.627937 0.628651
 0.0775918 0.499731 0.700238 0.715345 0.716158
 0.0581053 0.374227 0.52438 0.535692 0.536301
 0.108912 0.70145 0.982894 1.0041 1.00524
 0.094661 0.609665 0.854282 0.872712 0.873704
 0.148705 0.957738 1.34201 1.37096 1.37252
 0.291391 1.87671 2.6297 2.68643 2.68949
 0.338042 2.17716 3.05071 3.11652 3.12007
 0.147925 0.952713 1.33497 1.36377 1.36532
 0.109317 0.704058 0.986549 1.00783 1.00898
 0.0739214 0.476091 0.667114 0.681505 0.68228
 0.0586266 0.377585 0.529084 0.540498 0.541113
 0.0622992 0.401238 0.562228 0.574357 0.57501
 0.0295469 0.190297 0.26665 0.272402 0.272712
 0.0375232 0.241668 0.338633 0.345939 0.346332
YTP_r0W_actual
 6111.97 31020.5 22481.5 6073.69 1997.15
YTP_p0W_proyectada
 6855.68 76931.8 36115 14617.4 4344.12
 6855.68 47003.9 54300.3 15392 7006.19
CTP_r0_actual
 1018.66 1782.79 805.787 158.997 55.4763
CTP_p0_proyectada
 806.551 3594.94 1157.53 359.15 93.422
 806.551 2196.44 1740.39 378.183 150.671
Wmedp
 8.5 21.4 31.2 40.7 46.5
nmprior
 10.6 11 7 0
nm_flota  nm_reclas  nm_pelaces    nm_pelaL
inf 17.492 19.8238 19.8238
cv_recla  cv_pelaces  cv_mph
0.767575 0.491609 0.465138
 ------------------------------------------------
Talla a la edad & desviaci?n 
 7.2 14.2025 17.0495 18.207 18.6776
 1.08 2.13037 2.55742 2.73105 2.80164
