years
 1997 1998 1999 2000 2001 2002 2003 2004 2005 2006 2007 2008 2009 2010 2011 2012 2013 2014 2015 2016 2017 2018
reclasobs
 0 0 0 370054 412103 1.49427e+06 250295 1.28982e+06 931140 785840 897777 1.04006e+06 184774 17550 25797 100020 73551 82996 120727 218422 84188 347160
reclaspred
 469127 121418 308813 219417 359426 431103 942861 639264 718777 733022 618315 431016 268379 112327 66977.7 62445.3 75281.1 101935 108555 148323 212415 207800
pelacesobs
 0 0 0 0 0 0 0 0 0 2.06254e+06 1.5e+06 0 1.87456e+06 323000 250000 174000 83755 137374 0 501740 490994 745055
pelacespred
 1.8878e+06 478206 683153 812893 1.15731e+06 1.21272e+06 2.7836e+06 2.34165e+06 2.27751e+06 2.39391e+06 1.81066e+06 1.33056e+06 771446 245143 139690 152160 193712 280365 316114 407255 678775 657854
mphobs
 0 0 0 0 0 112323 0 153150 637223 0 255016 313432 73983 77613 109348 50772 0 0 0 0 0 0
mphpred
 175288 96376.9 107759 107290 128119 217719 309481 373858 318083 335799 350678 250847 158747 81858.7 34725.2 27177.7 30411 40566.7 51474.6 58006.3 85784.3 101130
desembarqueobs
 350755 77701 442110 56441 14545 235359 269955 359681 431902 328805 639364 411747 362871 311530 167758 66681 60226 58785 57116 71774 51957 67425
desembarquepred
 350760 77699.2 442086 56443.5 14545.2 235426 270011 359671 431942 328815 639315 411771 362938 311617 167584 66678.9 60254.4 58779.2 57101.3 71771.9 51960 67418
Reclutas
 36487.7 44585.7 23548.2 37218.6 64774.2 44949.1 78463.5 76921.4 99004.7 117382 68839.9 46261.2 44874.6 24572.1 14264.8 13280.6 10277.3 11955.3 12467 20013.2 23757.3 38730.6
log_desv_Rt
 0.0659078 0.266345 -0.372017 0.0857419 0.63984 0.274463 0.831566 0.811716 1.0641 1.23437 0.700716 0.303236 0.272804 -0.329456 -0.873275 -0.94476 -1.20113 -1.0499 -1.00798 -0.534678 -0.363176 0.125563
SSB
 455039 250190 279736 278518 332591 565189 803397 970516 825727 871717 910343 651186 412098 212501 90145 70552 78945.5 105309 133625 150581 222692 262528
BT
 1.55484e+06 380611 671787 514312 672968 789891 1.86144e+06 1.70175e+06 1.7463e+06 1.68232e+06 1.56543e+06 1.09612e+06 798864 435485 228494 144727 163310 209756 217243 291898 426815 407852
Ftot
 0.937708 0.859386 1.47057 0.306718 0.05228 0.488935 0.309733 0.625686 0.715176 0.536573 0.999655 0.865332 1.36223 2.69891 3.13797 1.36817 1.01032 0.684299 0.54455 0.565031 0.277353 0.34348
BD_Bspro_t
 0.912021 0.642337 0.565647 0.389147 0.559188 0.734289 0.681237 0.693972 0.625615 0.593976 0.574183 0.419362 0.316359 0.21372 0.11541 0.112298 0.167445 0.275929 0.380913 0.468376 0.593564 0.692261
BD_Bspro
 0.645189 0.354738 0.396631 0.394904 0.471573 0.801367 1.13912 1.37607 1.17078 1.23599 1.29075 0.923301 0.584304 0.3013 0.127814 0.100034 0.111935 0.149315 0.189464 0.213506 0.315749 0.372233
BD_Bo
 0.506102 0.278265 0.311127 0.309773 0.369913 0.628613 0.893552 1.07942 0.918387 0.969539 1.0125 0.72426 0.458343 0.236347 0.100261 0.0784691 0.0878045 0.117127 0.14862 0.167479 0.247682 0.291989
BD_Brms
 1.40067 0.770117 0.861064 0.857316 1.02376 1.73973 2.47296 2.98738 2.5417 2.68326 2.80216 2.00444 1.26849 0.654107 0.277478 0.217168 0.243005 0.324156 0.411317 0.46351 0.685475 0.808097
S_f
 0.108652 0.698434 0.97778 0.998805 0.999937
 0.108652 0.698434 0.97778 0.998805 0.999937
 0.108652 0.698434 0.97778 0.998805 0.999937
 0.108652 0.698434 0.97778 0.998805 0.999937
 0.108652 0.698434 0.97778 0.998805 0.999937
 0.108652 0.698434 0.97778 0.998805 0.999937
 0.108652 0.698434 0.97778 0.998805 0.999937
 0.108652 0.698434 0.97778 0.998805 0.999937
 0.108652 0.698434 0.97778 0.998805 0.999937
 0.108652 0.698434 0.97778 0.998805 0.999937
 0.108652 0.698434 0.97778 0.998805 0.999937
 0.108652 0.698434 0.97778 0.998805 0.999937
 0.108652 0.698434 0.97778 0.998805 0.999937
 0.108652 0.698434 0.97778 0.998805 0.999937
 0.108652 0.698434 0.97778 0.998805 0.999937
 0.108652 0.698434 0.97778 0.998805 0.999937
 0.108652 0.698434 0.97778 0.998805 0.999937
 0.108652 0.698434 0.97778 0.998805 0.999937
 0.108652 0.698434 0.97778 0.998805 0.999937
 0.108652 0.698434 0.97778 0.998805 0.999937
 0.108652 0.698434 0.97778 0.998805 0.999937
 0.108652 0.698434 0.97778 0.998805 0.999937
Scru_reclas
 0.83975 1 1 1 1
 0.83975 1 1 1 1
 0.83975 1 1 1 1
 0.83975 1 1 1 1
 0.83975 1 1 1 1
 0.83975 1 1 1 1
 0.83975 1 1 1 1
 0.83975 1 1 1 1
 0.83975 1 1 1 1
 0.83975 1 1 1 1
 0.83975 1 1 1 1
 0.83975 1 1 1 1
 0.83975 1 1 1 1
 0.83975 1 1 1 1
 0.83975 1 1 1 1
 0.83975 1 1 1 1
 0.83975 1 1 1 1
 0.83975 1 1 1 1
 0.83975 1 1 1 1
 0.83975 1 1 1 1
 0.83975 1 1 1 1
 0.83975 1 1 1 1
Scru_pelaces
 0.605143 1 1 1 1
 0.605143 1 1 1 1
 0.605143 1 1 1 1
 0.605143 1 1 1 1
 0.605143 1 1 1 1
 0.605143 1 1 1 1
 0.605143 1 1 1 1
 0.605143 1 1 1 1
 0.605143 1 1 1 1
 0.605143 1 1 1 1
 0.605143 1 1 1 1
 0.605143 1 1 1 1
 0.605143 1 1 1 1
 0.605143 1 1 1 1
 0.605143 1 1 1 1
 0.605143 1 1 1 1
 0.605143 1 1 1 1
 0.605143 1 1 1 1
 0.605143 1 1 1 1
 0.605143 1 1 1 1
 0.605143 1 1 1 1
 0.605143 1 1 1 1
pf_obs 
 0.256992 0.487395 0.22802 0.0275931 0
 0.321318 0.546541 0.124235 0.00734118 0.000564706
 0.182869 0.594174 0.210203 0.0122559 0.00049798
 0.330522 0.361315 0.267642 0.0388342 0.00168674
 0.649043 0.306663 0.0425973 0.00169635 0
 0.582887 0.30429 0.105238 0.00758474 0
 0.465427 0.430635 0.0974691 0.00646863 0
 0.296916 0.608066 0.0921331 0.00288517 0
 0.311714 0.524322 0.152257 0.0117073 0
 0.15457 0.633149 0.183074 0.0267441 0.00246327
 0.131901 0.49318 0.331252 0.0422183 0.00144891
 0.196976 0.569456 0.194076 0.0375587 0.00193317
 0.518974 0.381816 0.0799577 0.0180837 0.00116848
 0.0928022 0.601141 0.25162 0.0475244 0.00691264
 0.122501 0.610282 0.24278 0.0234846 0.000952079
 0.383417 0.481906 0.127806 0.00687128 0
 0.0376549 0.599619 0.316969 0.0457579 0
 0.0361596 0.667082 0.258105 0.0386534 0
 0.158088 0.579412 0.248529 0.0139706 0
 0.0477256 0.309471 0.559284 0.082774 0.000745712
 0.0406174 0.521527 0.379366 0.0568643 0.0016247
 0.151134 0.462217 0.34131 0.0453401 0
pf_pred 
 0.305967 0.474629 0.195956 0.0234363 1.23836e-05
 0.289138 0.552933 0.123012 0.0312935 0.00362338
 0.162861 0.636282 0.170691 0.0236627 0.00650412
 0.285678 0.454796 0.220933 0.0329987 0.00559552
 0.28499 0.49877 0.15505 0.0522759 0.00891437
 0.144445 0.584277 0.206986 0.0463739 0.0179183
 0.243111 0.389578 0.28045 0.0666937 0.0201675
 0.20014 0.539282 0.158189 0.0786261 0.0237622
 0.246422 0.478495 0.209646 0.0401732 0.025264
 0.243593 0.5305 0.165209 0.0465892 0.0141088
 0.14558 0.587018 0.208905 0.0430956 0.0154013
 0.1442 0.497383 0.281038 0.0609012 0.0164778
 0.212559 0.462195 0.224976 0.0791676 0.0211025
 0.209744 0.594999 0.140379 0.0384274 0.0164506
 0.278674 0.600717 0.106271 0.0104906 0.0038471
 0.333262 0.589088 0.0722024 0.00483979 0.000607714
 0.226102 0.629732 0.134187 0.00930379 0.000674568
 0.249347 0.517516 0.204692 0.026538 0.00190732
 0.219505 0.544293 0.183025 0.0468531 0.00632304
 0.284989 0.463799 0.19532 0.0435748 0.0123174
 0.2347 0.552949 0.156521 0.0436738 0.0121554
 0.26803 0.466669 0.20964 0.0412841 0.0143767
pobs_RECLAS
 0 0 0 0 0
 0 0 0 0 0
 0 0 0 0 0
 0 0 0 0 0
 0.835266 0.146461 0.0176864 0.000547809 3.91292e-05
 0.385257 0.428462 0.181853 0.0044286 0
 0.867414 0.0963971 0.0333333 0.00285562 0
 0.441836 0.489002 0.0689373 0.000224442 0
 0.779404 0.147425 0.0564933 0.0165055 0.000172143
 0.814271 0.122319 0.05973 0.00367925 0
 0.40263 0.566651 0.0304383 0.000280538 0
 0.475488 0.404961 0.113038 0.00651328 0
 0.955842 0.0263864 0.0167828 0.000988607 0
 0.975058 0.0227948 0.00214734 0 0
 0.738997 0.206755 0.0527124 0.00153531 0
 0.850938 0.134255 0.0134407 0.00136685 0
 0.542534 0.407297 0.0501686 0 0
 0.764087 0.199537 0.0359546 0.000420521 0
 0.470689 0.182191 0.310203 0.0369168 0
 0.84361 0.089868 0.0606195 0.00523954 0.000663233
 0.607945 0.314616 0.071237 0.00620181 0
 0.523733 0.453247 0.0230204 0 0
ppred_RECLAS
 0.73471 0.201096 0.057478 0.00671243 3.54229e-06
 0.711133 0.241233 0.0372953 0.00926717 0.00107167
 0.55541 0.36712 0.0660967 0.00892386 0.00244942
 0.70978 0.206772 0.0712684 0.0104151 0.00176402
 0.702669 0.227397 0.0504488 0.0166499 0.002836
 0.506948 0.371881 0.0929465 0.0203655 0.00785968
 0.671906 0.197 0.100612 0.0234104 0.00707084
 0.606794 0.294279 0.0605963 0.0294433 0.00888754
 0.672657 0.233836 0.0716583 0.0134195 0.00842887
 0.661644 0.260649 0.0571722 0.0157655 0.00476864
 0.518165 0.367054 0.0901476 0.0181539 0.00647942
 0.521854 0.319171 0.125291 0.0265188 0.00716609
 0.646604 0.240108 0.0789907 0.0270871 0.00721021
 0.665309 0.279574 0.0400167 0.0105793 0.00452051
 0.748447 0.225398 0.0231514 0.00219928 0.000804859
 0.752708 0.227103 0.0188058 0.00122836 0.000154028
 0.638575 0.312208 0.0458864 0.00310561 0.000224881
 0.671416 0.249946 0.0692353 0.00877321 0.000629774
 0.631053 0.282928 0.0669901 0.0167686 0.0022603
 0.711554 0.209141 0.0619706 0.0135179 0.00381655
 0.645684 0.27874 0.0560265 0.0152968 0.0042525
 0.69174 0.220016 0.070053 0.0134967 0.00469462
pobs_PELACES
 0 0 0 0 0
 0 0 0 0 0
 0 0 0 0 0
 0 0 0 0 0
 0 0 0 0 0
 0 0 0 0 0
 0 0 0 0 0
 0 0 0 0 0
 0 0 0 0 0
 0 0 0 0 0
 0.450072 0.473896 0.0757376 0.000293798 0
 0 0 0 0 0
 0.463077 0.371075 0.160297 0.00555027 0
 0.529543 0.364841 0.0842815 0.0213345 0
 0.631943 0.363953 0.00410389 0 0
 0.735681 0.248677 0.0153453 0.000297389 0
 0.695825 0.281241 0.0229344 0 0
 0.275771 0.60734 0.115278 0.00161068 0
 0 0 0 0 0
 0.896147 0.0623911 0.0374545 0.00400742 0
 0.803859 0.145111 0.0509908 3.86294e-05 0
 0.739449 0.233085 0.0266225 0.000797448 4.60066e-05
ppred_PELACES
 0.709697 0.224591 0.0588774 0.00683127 3.60375e-06
 0.679909 0.270762 0.0386723 0.0095522 0.00110428
 0.55075 0.379437 0.0596536 0.00797221 0.00218701
 0.653511 0.248879 0.0833898 0.0121606 0.00205942
 0.63268 0.281249 0.062096 0.0204864 0.00348942
 0.451749 0.418121 0.0998981 0.0218146 0.00841736
 0.613245 0.234911 0.116597 0.0270715 0.00817568
 0.560355 0.333877 0.064897 0.0313963 0.00947486
 0.63425 0.266208 0.0763736 0.0142317 0.00893664
 0.612727 0.301742 0.0629917 0.0173057 0.00523346
 0.490287 0.396741 0.0888608 0.0177711 0.00634041
 0.488621 0.350425 0.127013 0.0267224 0.00721876
 0.641308 0.253503 0.0735556 0.024986 0.00664755
 0.715515 0.24675 0.0275391 0.0071455 0.00305018
 0.802201 0.182022 0.0139998 0.00130128 0.000475664
 0.742982 0.238353 0.0173986 0.00112571 0.000141083
 0.61074 0.340394 0.04558 0.00306332 0.000221736
 0.630651 0.285163 0.0741617 0.00935296 0.000671219
 0.580968 0.325107 0.0732082 0.018256 0.00246029
 0.668089 0.244117 0.0686631 0.0149191 0.00421128
 0.582238 0.330467 0.0647469 0.0176437 0.00490443
 0.635661 0.262419 0.08095 0.0155591 0.00541127
pobs_pel_tallas
 0 0 0 0 0 0 0 0 0 0 0 0 0 0 0 0 0 0 0 0 0 0 0 0 0 0 0 0 0 0 0 0 0 0 0 0
 0 0 0 0 0 0 0 0 0 0 0 0 0 0 0 0 0 0 0 0 0 0 0 0 0 0 0 0 0 0 0 0 0 0 0 0
 0 0 0 0 0 0 0 0 0 0 0 0 0 0 0 0 0 0 0 0 0 0 0 0 0 0 0 0 0 0 0 0 0 0 0 0
 0 0 0 0 0 0 0 0 0 0 0 0 0 0 0 0 0 0 0 0 0 0 0 0 0 0 0 0 0 0 0 0 0 0 0 0
 0 0 0 0 0 0 0 0 0 0 0 0 0 0 0 0 0 0 0 0 0 0 0 0 0 0 0 0 0 0 0 0 0 0 0 0
 0 0 0 0 0 0 0 0 0 0 0 0 0 0 0 0 0 0 0 0 0 0 0 0 0 0 0 0 0 0 0 0 0 0 0 0
 0 0 0 0 0 0 0 0 0 0 0 0 0 0 0 0 0 0 0 0 0 0 0 0 0 0 0 0 0 0 0 0 0 0 0 0
 0 0 0 0 0 0 0 0 0 0 0 0 0 0 0 0 0 0 0 0 0 0 0 0 0 0 0 0 0 0 0 0 0 0 0 0
 0 0 0 0 0 0 0 0 0 0 0 0 0 0 0 0 0 0 0 0 0 0 0 0 0 0 0 0 0 0 0 0 0 0 0 0
 0 0 0 0 0 0 0 0 0 0 0 0 0 0 0 0 0 0 0 0 0 0 0 0 0 0 0 0 0 0 0 0 0 0 0 0
 0 0 0 0 0 0 0 0 1.78061e-05 0.00172719 0.00360574 0.0105946 0.0120993 0.0124554 0.0147524 0.0171206 0.0266825 0.0428682 0.0675386 0.121331 0.153587 0.119568 0.100827 0.0573624 0.0630603 0.0341343 0.0324427 0.0444173 0.0211091 0.0280891 0.0125444 0.00206551 0 0 0 0
 0 0 0 0 0 0 0 0 0 0 0 0 0 0 0 0 0 0 0 0 0 0 0 0 0 0 0 0 0 0 0 0 0 0 0 0
 0 0 0 0 0 0 0.0133647 0.0140871 0.0187388 0.0205184 0.03894 0.0496705 0.03968 0.0493445 0.0407372 0.0367815 0.0215668 0.0243155 0.0234873 0.0199281 0.019796 0.0243948 0.0301388 0.0376714 0.0412746 0.0863199 0.0771752 0.113111 0.0741005 0.0525337 0.0229764 0.00759418 0.00175318 0 0 0
 0 0 0 0 0 0 0 0 0 0 0.00219441 0.00772107 0.0458388 0.0604681 0.0671733 0.0775358 0.0609151 0.0617685 0.073594 0.0568108 0.0755445 0.0548602 0.0670107 0.0636378 0.0643287 0.046367 0.0373049 0.0286899 0.0247887 0.0153202 0.00654259 0.00121912 0.000365735 0 0 0
 0 0 0 0 0 0 0 0 0 0 0 0 0.000112435 0.00938835 0.0111873 0.0202946 0.0414886 0.0713402 0.111592 0.104902 0.108894 0.110636 0.117776 0.105296 0.107544 0.0401394 0.0192827 0.0124803 0.00416011 0.0028671 0.000618394 0 0 0 0 0
 0 0 0 0 0 0 0 0 0 0 0.00291406 0.0102884 0.027416 0.0768956 0.0749926 0.110853 0.0956884 0.0897413 0.0766577 0.0534642 0.0500743 0.0551293 0.0594112 0.0620874 0.0668451 0.0424026 0.0208742 0.0120726 0.0048766 0.00582813 0.00118941 0.000297354 0 0 0 0
 0 0.00264628 0.0354308 0.0461629 0.0458689 0.0383711 0.0214643 0.0164657 0.0346957 0.0420465 0.0363128 0.0245516 0.0311673 0.0291091 0.0169068 0.0133784 0.00837989 0.0085269 0.0148486 0.0160247 0.0276389 0.0546898 0.0760071 0.122758 0.109233 0.0665981 0.0333725 0.0166128 0.00676272 0.00308733 0.000882094 0 0 0 0 0
 0 0 0 0 0 0 0 0.000805153 0.000690131 0.00759144 0.0133425 0.0154129 0.00931677 0.000345066 0.00356568 0.00563607 0.00851162 0.0253048 0.0502646 0.0516448 0.0657925 0.0565908 0.0611916 0.0827007 0.0866115 0.110766 0.145733 0.0935128 0.0569358 0.0249597 0.0138026 0.00621118 0.00161031 0.00115022 0 0
 0 0 0 0 0 0 0 0 0 0 0 0 0 0 0 0 0 0 0 0 0 0 0 0 0 0 0 0 0 0 0 0 0 0 0 0
 0.00147267 0.00158595 0.00478618 0.00569244 0.00954404 0.0108468 0.00647125 0.017049 0.0510054 0.094081 0.124002 0.0959785 0.0687766 0.0820023 0.061753 0.0591476 0.0492212 0.0479892 0.0443925 0.0268479 0.0217502 0.0140895 0.0121071 0.0120363 0.00920419 0.00665534 0.0049561 0.00860946 0.00930331 0.0156896 0.0114698 0.00855282 0.00243557 0.00046729 0 2.83206e-05
 0 0 0 0 0.000772559 0.00158375 0.000888443 0.00281984 0.00712685 0.0440552 0.0773331 0.111326 0.0921469 0.0852325 0.0710754 0.0886704 0.0786465 0.0553345 0.0373146 0.0185414 0.00753245 0.00457741 0.012979 0.0271748 0.0457355 0.0583668 0.034881 0.0177882 0.00938659 0.00492506 0.0015258 0.00185414 0.000309023 5.79419e-05 3.86279e-05 0
 0 0.00173294 0.00326652 0 0.00397197 0.00683976 0.00946217 0.0152591 0.00757587 0.0136028 0.0228656 0.0392903 0.0559909 0.0764795 0.0681675 0.0726916 0.0566044 0.0477403 0.0527397 0.0444891 0.0609904 0.0582453 0.0661739 0.0445044 0.0529084 0.0360697 0.0280645 0.0235558 0.0158879 0.00826598 0.00280645 0.00217768 0.000904811 0.00058276 9.20147e-05 0
ppred_pel_tallas
 1.01144e-16 3.0968e-05 0.00018175 0.00086394 0.00332619 0.0103724 0.0261999 0.053609 0.0888646 0.119348 0.129889 0.114607 0.082115 0.048076 0.0236182 0.0108911 0.00654212 0.00660958 0.00865178 0.0115621 0.0148274 0.0180734 0.0209282 0.0230433 0.0241606 0.0241691 0.0231269 0.0212384 0.0187967 0.0161124 0.0134515 0.0109991 0.0088523 0.00703633 0.00553071 0.00429506
 1.01018e-16 2.96709e-05 0.000174131 0.000827709 0.00318667 0.00993731 0.025101 0.0513608 0.0851396 0.11435 0.124463 0.109848 0.0787716 0.0462508 0.0229671 0.0110025 0.00716598 0.00767477 0.0101854 0.0136092 0.0173987 0.0211164 0.0243169 0.0265859 0.0276247 0.0273186 0.0257628 0.0232311 0.0201031 0.0167737 0.0135746 0.0107284 0.00834027 0.00641914 0.0049135 0.00374658
 1.01347e-16 2.40434e-05 0.000141082 0.000670571 0.00258162 0.00805043 0.020335 0.0416102 0.068981 0.0926626 0.100896 0.0891407 0.0641229 0.0380541 0.019648 0.0106633 0.00858624 0.0104027 0.0142185 0.019087 0.0244196 0.0296449 0.034146 0.0373421 0.0388124 0.0383942 0.0362184 0.0326665 0.0282695 0.0235807 0.0190666 0.0150421 0.0116582 0.00893155 0.00679331 0.00513836
 1.01779e-16 2.85191e-05 0.00016737 0.000795572 0.00306295 0.00955147 0.0241264 0.0493666 0.0818336 0.10991 0.119628 0.105578 0.0757031 0.0444367 0.0220447 0.0105281 0.00682227 0.0072972 0.00971161 0.0130361 0.0167667 0.0205067 0.0238485 0.0264042 0.0278811 0.0281441 0.0272411 0.0253789 0.0228621 0.0200171 0.0171264 0.0143896 0.0119172 0.00974719 0.00787283 0.00626818
 1.01841e-16 2.7612e-05 0.000162042 0.000770234 0.00296538 0.0092472 0.0233579 0.0477944 0.0792286 0.106414 0.115833 0.102251 0.0733643 0.0431589 0.0215869 0.0106016 0.00725102 0.00802976 0.0107648 0.0144387 0.0185235 0.0225784 0.0261455 0.0287927 0.0302014 0.0302371 0.0289769 0.0266785 0.0237083 0.0204512 0.0172327 0.0142745 0.011687 0.00949131 0.00765395 0.00612028
 1.02698e-16 1.97282e-05 0.000115744 0.000550102 0.00211777 0.00660392 0.0166813 0.0341348 0.0565918 0.0760302 0.0828126 0.0732288 0.0528172 0.031627 0.0168498 0.00998075 0.00901198 0.0115129 0.015943 0.021494 0.0275981 0.0336515 0.0389819 0.0429468 0.0450699 0.0451485 0.0432933 0.0398845 0.0354646 0.030605 0.0257909 0.0213547 0.017465 0.0141578 0.0113876 0.00907652
 1.03044e-16 2.67627e-05 0.00015706 0.00074656 0.00287424 0.008963 0.0226399 0.0463251 0.0767921 0.103139 0.11226 0.0990805 0.0710533 0.0417266 0.0207376 0.00996978 0.00655505 0.00709728 0.00950522 0.0128257 0.0165977 0.020458 0.0240272 0.0269361 0.0288942 0.0297478 0.0295047 0.0283148 0.0264181 0.0240794 0.0215327 0.01895 0.0164377 0.0140513 0.0118182 0.00975674
 1.02552e-16 2.44604e-05 0.000143534 0.000682238 0.00262655 0.00819057 0.020689 0.042334 0.0701796 0.0942681 0.102632 0.0906469 0.0651456 0.0385393 0.0196757 0.0103235 0.00790678 0.00934848 0.0127278 0.0171117 0.0219583 0.026766 0.0309967 0.0341412 0.0358248 0.0358918 0.0344367 0.0317671 0.0283172 0.0245403 0.0208166 0.0174007 0.0144146 0.0118743 0.00973366 0.00792423
 1.02078e-16 2.76799e-05 0.000162442 0.000772139 0.00297272 0.00927009 0.0234157 0.0479125 0.079424 0.106675 0.116114 0.102491 0.0735194 0.0432156 0.0215516 0.0104803 0.00703739 0.00770704 0.0103139 0.0138484 0.0177989 0.0217475 0.0252608 0.0279273 0.0294392 0.0296592 0.0286468 0.026631 0.0239438 0.0209373 0.0179121 0.0150765 0.0125396 0.010331 0.00843221 0.00680587
 1.01832e-16 2.67428e-05 0.000156937 0.000745961 0.00287191 0.00895573 0.0226216 0.0462882 0.0767327 0.103065 0.112193 0.0990548 0.0711077 0.0419045 0.021095 0.0105838 0.00752451 0.00853106 0.0114989 0.0154301 0.0197857 0.0240988 0.0278785 0.0306619 0.0321084 0.032077 0.0306546 0.028123 0.0248808 0.0213462 0.0178724 0.0146992 0.0119451 0.00963033 0.00771488 0.00613498
 1.02298e-16 2.14077e-05 0.000125607 0.000596994 0.00229832 0.00716697 0.0181035 0.0370445 0.061414 0.0825035 0.0898491 0.0794173 0.0572073 0.0341087 0.0179036 0.0101875 0.00875388 0.0109443 0.0150819 0.0203089 0.0260568 0.0317443 0.0367311 0.0404079 0.042325 0.0422939 0.0404262 0.0370902 0.0328087 0.0281317 0.0235256 0.0193092 0.0156429 0.0125578 0.0100057 0.00790555
 1.03173e-16 2.13333e-05 0.000125174 0.000594944 0.00229044 0.00714243 0.0180415 0.0369172 0.0612018 0.0822148 0.0895254 0.079109 0.0569371 0.0338515 0.0175942 0.0097406 0.00807906 0.00995613 0.0137115 0.0185219 0.023874 0.0292591 0.0341145 0.0378956 0.0401867 0.0407901 0.0397608 0.0373741 0.0340413 0.0302044 0.026246 0.0224373 0.0189304 0.0157818 0.0129914 0.0105365
 1.02296e-16 2.79871e-05 0.000164246 0.000780722 0.00300577 0.00937316 0.023676 0.0484451 0.0803064 0.107859 0.117398 0.103616 0.0743075 0.0436405 0.0216926 0.0104314 0.00685369 0.00740027 0.00987242 0.0132571 0.0170528 0.0208598 0.0242666 0.0268819 0.0284121 0.028724 0.0278695 0.0260604 0.0236049 0.0208299 0.0180138 0.0153488 0.0129353 0.0108013 0.00893219 0.00729821
 1.0086e-16 3.12225e-05 0.000183242 0.000871031 0.00335349 0.0104575 0.0264149 0.0540491 0.0895947 0.12033 0.130962 0.115562 0.08282 0.048529 0.0239149 0.0111504 0.00685942 0.00704797 0.00924723 0.0123252 0.0157388 0.0190782 0.0219356 0.0239344 0.0248055 0.0244492 0.0229587 0.0205901 0.0176961 0.0146415 0.0117314 0.00916822 0.00704476 0.0053636 0.00407081 0.00308919
 1.00326e-16 3.49998e-05 0.000205424 0.0009765 0.00375959 0.0117239 0.0296137 0.0605936 0.10044 0.134888 0.146783 0.129468 0.0926663 0.0540579 0.0261914 0.0114595 0.00603442 0.00540764 0.00680749 0.00900142 0.0114645 0.0138634 0.0158907 0.0172682 0.0177995 0.0174159 0.0161927 0.0143279 0.0120907 0.00975923 0.00756555 0.00566331 0.00412162 0.00293959 0.0020716 0.00145281
 1.0037e-16 3.24198e-05 0.000190272 0.000904455 0.00348218 0.0108588 0.0274286 0.0561231 0.0930321 0.124945 0.13598 0.119979 0.0859609 0.0503202 0.0247055 0.0113636 0.00677901 0.00679615 0.00884789 0.0117623 0.014988 0.0181202 0.0207621 0.0225503 0.0232279 0.0227057 0.0210836 0.0186219 0.0156749 0.0126081 0.00972662 0.00723248 0.0052164 0.00367689 0.00255337 0.00175973
 1.00874e-16 2.66577e-05 0.000156434 0.000743562 0.00286267 0.00892688 0.0225488 0.0461394 0.0764872 0.102738 0.111847 0.098769 0.0709469 0.0418986 0.0212556 0.0109305 0.0080987 0.00939066 0.0127012 0.0170102 0.0217348 0.0263479 0.0302922 0.0330468 0.0342374 0.0337235 0.0316309 0.0283118 0.0242535 0.0199624 0.0158648 0.0122475 0.00924628 0.00687207 0.005056 0.00369435
 1.01499e-16 2.75237e-05 0.000161523 0.000767768 0.00295588 0.00921758 0.023283 0.0476413 0.078975 0.106074 0.115464 0.101928 0.0731396 0.0430403 0.0215528 0.0106268 0.00732238 0.00814741 0.0109364 0.0146735 0.0188274 0.0229513 0.0265784 0.0292675 0.030691 0.0307082 0.029393 0.0270047 0.0239152 0.020518 0.0171503 0.014046 0.0113277 0.00902638 0.00711577 0.00554451
 1.01888e-16 2.53589e-05 0.00014881 0.000707321 0.00272313 0.00849176 0.0214497 0.0438905 0.0727592 0.0977312 0.106397 0.0939603 0.0675004 0.0398791 0.0202613 0.0104714 0.0078287 0.00913589 0.0123999 0.0166603 0.0213719 0.0260401 0.0301369 0.0331622 0.0347471 0.0347366 0.0332208 0.0305002 0.027002 0.0231757 0.0194024 0.0159432 0.0129295 0.010388 0.00828025 0.00654158
 1.01764e-16 2.91545e-05 0.000171101 0.000813311 0.00313125 0.00976447 0.0246644 0.0504673 0.083658 0.112359 0.122291 0.107922 0.0773685 0.0453841 0.0224584 0.0106311 0.00676262 0.00713671 0.00945916 0.0126791 0.0162881 0.0198935 0.0230954 0.0255162 0.0268737 0.0270428 0.0260793 0.024195 0.0216966 0.0189093 0.0161111 0.0134949 0.011162 0.00913986 0.00741128 0.0059409
 1.01863e-16 2.54145e-05 0.000149136 0.000708869 0.00272909 0.00851033 0.0214966 0.0439866 0.0729186 0.0979456 0.106632 0.0941692 0.0676549 0.0399793 0.0203284 0.0105317 0.00790362 0.00923964 0.0125406 0.0168399 0.0215855 0.0262739 0.0303688 0.0333637 0.0348875 0.0347885 0.0331657 0.0303327 0.0267315 0.0228242 0.0190013 0.015527 0.0125307 0.0100324 0.00798467 0.00631298
 1.02023e-16 2.77412e-05 0.000162802 0.000773854 0.00297932 0.00929069 0.0234677 0.0480189 0.0796003 0.106912 0.11637 0.102715 0.0736753 0.0432976 0.0215748 0.0104624 0.00698836 0.00762839 0.0102031 0.0137033 0.017621 0.0215436 0.0250433 0.0277134 0.0292479 0.0295081 0.0285481 0.0265893 0.023955 0.0209896 0.0179889 0.0151593 0.0126119 0.0103806 0.00845262 0.00679624
pSPR Fmed_Fpbrs
0.501617   0.411329 0.411329
Fs Fmed_Fpbrs
0.677603   1.005 1.005
SSBpbr Bo_Bmed_Bpbrs
899105  406051  324872 324872
Ro
34160.4
SPR SPRFo_SPRFmed_SPRFpbrs
705280 353781 290102
log_Ro
10.2588
likeval ReclasPelacesDesembMPH_pf_preclas_ppelaces_ptallas_desvR_qrecl_qpela
 61.7616 14.7479 0.00829524 0.00020802 255.16 157.173 59.7947 0 15.4552 1.28425e-05 9.29386e-05 0 0 0 0
q_reclas_q_pelaces
0.601808 3.94145
M
0.7
N
 36487.7 11058 3602.92 424.927 0.224362
 44585.7 16364.1 2852.59 715.248 82.7528
 23548.2 20166.8 4458.75 611.364 167.947
 37218.6 9966.91 3585.67 525.7 89.0538
 64774.2 17876.5 3995.02 1319.22 224.712
 44949.1 31983.7 8558.89 1885 727.681
 78463.5 21166.2 11288 2635.04 796.024
 76921.4 37674.4 8466.17 4140.8 1250.35
 99004.7 35687.6 12085.2 2280.27 1432.84
 117382 45488.6 10754.2 2982.3 902.34
 68839.9 54989.2 15528.9 3160.24 1128.58
 46261.2 30666.5 13584.7 2901.59 784.47
 44874.6 20911.2 8321.09 2894.58 771.092
 24572.1 19218.3 4010.27 1090.71 466.772
 14264.8 9100.87 1448.97 142.262 52.1552
 13280.6 5037.18 504.949 33.4602 4.19892
 10277.3 5683.99 962.008 65.8042 4.7677
 11955.3 4573 1393.77 177.888 12.7744
 12467 5511.42 1408.09 354.489 47.7975
 20013.2 5835.27 1871.03 410.566 115.954
 23757.3 9346.46 1952.84 534.734 148.679
 38730.6 11447.3 3823.96 739.407 257.24
pred_Ctot
 2556.81 3966.23 1637.5 195.845 0.103483
 2873.91 5495.9 1222.68 311.043 36.0147
 2523.92 9860.73 2645.27 366.711 100.797
 878.99 1399.34 679.779 101.533 17.2166
 263.944 461.936 143.6 48.4154 8.25606
 1677.59 6785.83 2403.95 538.589 208.104
 1871.01 2998.24 2158.38 513.284 155.212
 3650.02 9835.08 2884.95 1433.93 433.36
 5347.1 10382.9 4549.11 871.719 548.204
 4796.9 10446.7 3253.33 917.445 277.834
 5127.51 20675.5 7357.9 1517.88 542.451
 3001.69 10353.6 5850.15 1267.73 343.005
 4477.96 9737.02 4739.54 1667.82 444.564
 4567.68 12957.5 3057.09 836.849 358.251
 3022.36 6515.06 1152.56 113.776 41.7237
 1330.67 2352.14 288.293 19.3245 2.42651
 773.278 2153.71 458.925 31.8194 2.30705
 618.715 1284.14 507.912 65.8498 4.73271
 516.851 1281.6 430.955 110.321 14.8883
 860.063 1399.69 589.45 131.503 37.1723
 508.071 1197.01 338.832 94.5435 26.3135
 1022.54 1780.35 799.778 157.499 54.8473
F
 0.101883 0.654927 0.916872 0.936588 0.937649
 0.0933738 0.600225 0.840291 0.85836 0.859332
 0.15978 1.02709 1.43789 1.46881 1.47048
 0.0333254 0.214222 0.299902 0.306351 0.306698
 0.00568031 0.0365141 0.0511184 0.0522176 0.0522767
 0.0531236 0.341489 0.478071 0.488351 0.488904
 0.033653 0.216328 0.302851 0.309363 0.309713
 0.0679818 0.437 0.611783 0.624938 0.625646
 0.077705 0.499503 0.699284 0.714321 0.715131
 0.0582995 0.37476 0.52465 0.535932 0.536539
 0.108614 0.698193 0.977443 0.998461 0.999592
 0.0940197 0.604377 0.846104 0.864298 0.865277
 0.148008 0.951426 1.33196 1.3606 1.36214
 0.293241 1.88501 2.63894 2.69569 2.69874
 0.340946 2.19167 3.06825 3.13423 3.13778
 0.148654 0.95558 1.33777 1.36654 1.36809
 0.109772 0.705638 0.987866 1.00911 1.01025
 0.0743502 0.477938 0.669094 0.683482 0.684256
 0.0591663 0.380332 0.53245 0.5439 0.544516
 0.0613915 0.394637 0.552476 0.564356 0.564995
 0.0301348 0.193713 0.27119 0.277021 0.277335
 0.0373197 0.239898 0.335848 0.34307 0.343458
YTP_r0W_actual
 6135.21 30978 22313.8 6016.47 1974.5
YTP_p0W_proyectada
 14535.3 153862 67188.8 27144.7 8138.98
CTP_r0_actual
 1022.54 1780.35 799.778 157.499 54.8473
CTP_p0_proyectada
 1772.6 6993.71 2126.23 654.089 169.916
Wmedp
 8.2 22 31.6 41.5 47.9
nmprior
 10 11 7 0
nm_flota  nm_reclas  nm_pelaces    nm_pelaL
inf 17.5929 19.8275 19.8275
cv_recla  cv_pelaces  cv_mph
0.764925 0.491253 0.46794
 ------------------------------------------------
Talla a la edad & desviaci?n 
 7.2 14.2025 17.0495 18.207 18.6776
 1.08 2.13037 2.55742 2.73105 2.80164
