years
 1997 1998 1999 2000 2001 2002 2003 2004 2005 2006 2007 2008 2009 2010 2011 2012 2013 2014 2015 2016 2017 2018 2019
reclasobs
 0 0 0 370054 412103 1.49427e+06 250295 1.28982e+06 931140 785840 897777 1.04006e+06 184774 17550 25797 100020 73551 82996 120727 218422 84188 347160 605670
reclaspred
 475029 122980 314876 219764 358114 435431 947797 646652 728721 749094 634708 440709 271922 113170 67677.4 64267.5 77312.5 103746 111288 153612 234276 222959 389788
pelacesobs
 0 0 0 0 0 0 0 0 0 2.06254e+06 1.5e+06 0 1.87456e+06 323000 250000 174000 83755 137374 0 501740 490994 745055 786931
pelacespred
 1.91035e+06 450275 675760 770743 1.09967e+06 1.10618e+06 2.69429e+06 2.2181e+06 2.21614e+06 2.32345e+06 1.73408e+06 1.2629e+06 744214 237738 141217 150995 191416 272388 300340 400506 708106 669437 899996
mphobs
 0 0 0 0 0 112323 0 153150 637223 0 255016 313432 73983 77613 109348 50772 0 0 0 0 0 0 0
mphpred
 175915 96827.3 108280 107204 126465 214672 304380 371507 317566 337818 354439 251361 158153 81544 34717.2 27647.9 31063 41120.5 51609.6 58636.5 89546.2 111337 141455
desembarqueobs
 350755 77701 442110 56441 14545 235359 269955 359681 431902 328805 639364 411747 362871 311530 167758 66681 60226 58785 57116 71774 51957 67425 138520
desembarquepred
 350760 77699.3 442089 56443.7 14545.2 235430 270014 359671 431943 328813 639317 411778 362939 311625 167588 66678.1 60253.4 58778.9 57101.4 71771.6 51959.6 67415 138517
Reclutas
 36477.6 44461.6 23393.8 35999.7 63399.9 43781.3 78503.8 76456.6 99279.5 118033 67543.3 45864.3 45176 24686 14446.4 13384 10222 11748 12544 20566.2 27296.4 35827.1 57195.9
log_desv_Rt
 0.0437607 0.241687 -0.400466 0.030573 0.596525 0.226268 0.810209 0.783785 1.045 1.21802 0.659831 0.272749 0.257629 -0.346701 -0.882492 -0.958881 -1.22839 -1.08926 -1.02369 -0.529289 -0.246183 0.0257659 0.493545
SSB
 451385 248451 277839 275076 324500 550830 781015 953259 814849 866815 909463 644972 405808 209236 89081.6 70942.3 79705.3 105512 132426 150457 229769 285682 362962
BT
 1.55066e+06 378563 667902 504270 657589 770986 1.83693e+06 1.67938e+06 1.73635e+06 1.68045e+06 1.55698e+06 1.08708e+06 794064 433048 228498 145568 163841 208608 216292 294805 459866 426182 599778
Ftot
 0.955297 0.87294 1.49357 0.313115 0.0538901 0.505935 0.321396 0.642588 0.730847 0.54386 1.00712 0.877899 1.39686 2.77729 3.2118 1.37217 1.00754 0.687061 0.552976 0.568576 0.270078 0.318493 0.374527
BD_Bspro_t
 0.911072 0.64071 0.563817 0.386267 0.553187 0.729183 0.67527 0.69026 0.622373 0.59239 0.573574 0.416761 0.312906 0.211116 0.11426 0.112785 0.168549 0.275936 0.378528 0.468229 0.601299 0.70972 0.723238
BD_Bspro
 0.627276 0.345265 0.386104 0.382265 0.450948 0.765471 1.08535 1.32471 1.13237 1.20459 1.26385 0.896297 0.563938 0.290768 0.123794 0.0985863 0.110764 0.146627 0.184029 0.209085 0.319302 0.397003 0.504397
BD_Bo
 0.512476 0.282077 0.315442 0.312305 0.368418 0.62538 0.886717 1.08227 0.92513 0.98413 1.03255 0.732263 0.46073 0.237554 0.101138 0.0805436 0.0904926 0.119792 0.150349 0.170819 0.260866 0.324346 0.412085
BD_Brms
 1.41793 0.780457 0.872772 0.864093 1.01935 1.73032 2.45339 2.99446 2.55967 2.72291 2.85688 2.02604 1.27476 0.657269 0.279831 0.22285 0.250377 0.331443 0.415989 0.472627 0.721769 0.897409 1.14017
S_f
 0.106421 0.693516 0.977269 0.998777 0.999936
 0.106421 0.693516 0.977269 0.998777 0.999936
 0.106421 0.693516 0.977269 0.998777 0.999936
 0.106421 0.693516 0.977269 0.998777 0.999936
 0.106421 0.693516 0.977269 0.998777 0.999936
 0.106421 0.693516 0.977269 0.998777 0.999936
 0.106421 0.693516 0.977269 0.998777 0.999936
 0.106421 0.693516 0.977269 0.998777 0.999936
 0.106421 0.693516 0.977269 0.998777 0.999936
 0.106421 0.693516 0.977269 0.998777 0.999936
 0.106421 0.693516 0.977269 0.998777 0.999936
 0.106421 0.693516 0.977269 0.998777 0.999936
 0.106421 0.693516 0.977269 0.998777 0.999936
 0.106421 0.693516 0.977269 0.998777 0.999936
 0.106421 0.693516 0.977269 0.998777 0.999936
 0.106421 0.693516 0.977269 0.998777 0.999936
 0.106421 0.693516 0.977269 0.998777 0.999936
 0.106421 0.693516 0.977269 0.998777 0.999936
 0.106421 0.693516 0.977269 0.998777 0.999936
 0.106421 0.693516 0.977269 0.998777 0.999936
 0.106421 0.693516 0.977269 0.998777 0.999936
 0.106421 0.693516 0.977269 0.998777 0.999936
 0.106421 0.693516 0.977269 0.998777 0.999936
Scru_reclas
 0.785208 1 1 1 1
 0.785208 1 1 1 1
 0.785208 1 1 1 1
 0.785208 1 1 1 1
 0.785208 1 1 1 1
 0.785208 1 1 1 1
 0.785208 1 1 1 1
 0.785208 1 1 1 1
 0.785208 1 1 1 1
 0.785208 1 1 1 1
 0.785208 1 1 1 1
 0.785208 1 1 1 1
 0.785208 1 1 1 1
 0.785208 1 1 1 1
 0.785208 1 1 1 1
 0.785208 1 1 1 1
 0.785208 1 1 1 1
 0.785208 1 1 1 1
 0.785208 1 1 1 1
 0.785208 1 1 1 1
 0.785208 1 1 1 1
 0.785208 1 1 1 1
 0.785208 1 1 1 1
Scru_pelaces
 0.685529 1 1 1 1
 0.685529 1 1 1 1
 0.685529 1 1 1 1
 0.685529 1 1 1 1
 0.685529 1 1 1 1
 0.685529 1 1 1 1
 0.685529 1 1 1 1
 0.685529 1 1 1 1
 0.685529 1 1 1 1
 0.685529 1 1 1 1
 0.685529 1 1 1 1
 0.685529 1 1 1 1
 0.685529 1 1 1 1
 0.685529 1 1 1 1
 0.685529 1 1 1 1
 0.685529 1 1 1 1
 0.685529 1 1 1 1
 0.685529 1 1 1 1
 0.685529 1 1 1 1
 0.685529 1 1 1 1
 0.685529 1 1 1 1
 0.685529 1 1 1 1
 0.685529 1 1 1 1
pf_obs 
 0.256992 0.487395 0.22802 0.0275931 0
 0.321318 0.546541 0.124235 0.00734118 0.000564706
 0.182869 0.594174 0.210203 0.0122559 0.00049798
 0.330522 0.361315 0.267642 0.0388342 0.00168674
 0.649043 0.306663 0.0425973 0.00169635 0
 0.582887 0.30429 0.105238 0.00758474 0
 0.465427 0.430635 0.0974691 0.00646863 0
 0.296916 0.608066 0.0921331 0.00288517 0
 0.311714 0.524322 0.152257 0.0117073 0
 0.15457 0.633149 0.183074 0.0267441 0.00246327
 0.131901 0.49318 0.331252 0.0422183 0.00144891
 0.196976 0.569456 0.194076 0.0375587 0.00193317
 0.518974 0.381816 0.0799577 0.0180837 0.00116848
 0.0928022 0.601141 0.25162 0.0475244 0.00691264
 0.122501 0.610282 0.24278 0.0234846 0.000952079
 0.383417 0.481906 0.127806 0.00687128 0
 0.0376549 0.599619 0.316969 0.0457579 0
 0.0361596 0.667082 0.258105 0.0386534 0
 0.158088 0.579412 0.248529 0.0139706 0
 0.0477256 0.309471 0.559284 0.082774 0.000745712
 0.0406174 0.521527 0.379366 0.0568643 0.0016247
 0.151134 0.462217 0.34131 0.0453401 0
 0.294876 0.26143 0.354403 0.0886775 0.000613685
pf_pred 
 0.305404 0.474862 0.196256 0.0234646 1.28177e-05
 0.286906 0.556488 0.122286 0.0307638 0.00355728
 0.161045 0.638327 0.171161 0.0231748 0.0062925
 0.277801 0.460298 0.223595 0.0328812 0.00542408
 0.282965 0.495955 0.159008 0.0531838 0.00888843
 0.142757 0.586135 0.20582 0.0472421 0.0180467
 0.246383 0.388389 0.279817 0.0652712 0.0201395
 0.199301 0.545879 0.155411 0.0766092 0.0228008
 0.246762 0.479882 0.21057 0.0387342 0.0240515
 0.242747 0.533794 0.164298 0.0458952 0.0132646
 0.141198 0.591349 0.210131 0.0424613 0.0148611
 0.142659 0.493398 0.286452 0.061338 0.0161533
 0.214354 0.462785 0.222491 0.0795541 0.0208154
 0.210742 0.599976 0.137099 0.0364239 0.015759
 0.281515 0.602879 0.102727 0.00949739 0.00338094
 0.330441 0.59474 0.0699481 0.00436353 0.000507549
 0.220511 0.633504 0.136407 0.00897766 0.000600223
 0.242635 0.518078 0.210135 0.0272998 0.00185131
 0.220036 0.540081 0.185191 0.0482028 0.0064893
 0.287754 0.464863 0.191747 0.0432262 0.0124109
 0.253282 0.542691 0.151408 0.0410437 0.0115751
 0.230215 0.508744 0.207418 0.0400429 0.0135803
 0.2651 0.472599 0.194269 0.0543334 0.0136981
pobs_RECLAS
 0 0 0 0 0
 0 0 0 0 0
 0 0 0 0 0
 0 0 0 0 0
 0.835266 0.146461 0.0176864 0.000547809 3.91292e-05
 0.385257 0.428462 0.181853 0.0044286 0
 0.867414 0.0963971 0.0333333 0.00285562 0
 0.441836 0.489002 0.0689373 0.000224442 0
 0.779404 0.147425 0.0564933 0.0165055 0.000172143
 0.814271 0.122319 0.05973 0.00367925 0
 0.40263 0.566651 0.0304383 0.000280538 0
 0.475488 0.404961 0.113038 0.00651328 0
 0.955842 0.0263864 0.0167828 0.000988607 0
 0.975058 0.0227948 0.00214734 0 0
 0.738997 0.206755 0.0527124 0.00153531 0
 0.850938 0.134255 0.0134407 0.00136685 0
 0.542534 0.407297 0.0501686 0 0
 0.764087 0.199537 0.0359546 0.000420521 0
 0.470689 0.182191 0.310203 0.0369168 0
 0.84361 0.089868 0.0606195 0.00523954 0.000663233
 0.607945 0.314616 0.071237 0.00620181 0
 0.523733 0.453247 0.0230204 0 0
 0.530135 0.295979 0.169645 0.0042399 0
ppred_RECLAS
 0.724194 0.209418 0.0594485 0.00693594 3.78387e-06
 0.697939 0.253179 0.0383705 0.00942293 0.00108819
 0.539473 0.38116 0.0679809 0.00895764 0.00242868
 0.690802 0.220911 0.0756201 0.0108749 0.00179179
 0.690002 0.2359 0.0536213 0.0175474 0.00292923
 0.490731 0.385179 0.0947286 0.0212524 0.00810863
 0.664649 0.202135 0.102599 0.0234038 0.0072127
 0.592722 0.308007 0.0610981 0.0294256 0.00874693
 0.661655 0.242842 0.0739715 0.01329 0.00824186
 0.648674 0.272132 0.0585833 0.0159935 0.00461678
 0.496221 0.3851 0.0937396 0.01848 0.00645934
 0.506635 0.327601 0.131142 0.0274118 0.00720957
 0.637825 0.247527 0.0796649 0.0277363 0.00724689
 0.656305 0.289698 0.0395043 0.0101216 0.00437065
 0.742188 0.232483 0.0226075 0.00200827 0.000713387
 0.73992 0.23988 0.0189169 0.00114921 0.000133483
 0.618721 0.32937 0.0485809 0.00311937 0.000208279
 0.652118 0.263483 0.0743268 0.00943272 0.000638874
 0.620104 0.290234 0.0695819 0.0177 0.00237994
 0.70341 0.216499 0.0624015 0.0137472 0.0039422
 0.65634 0.271942 0.0535283 0.0141915 0.00399752
 0.632973 0.2699 0.0775318 0.0146372 0.00495822
 0.6774 0.232398 0.0671978 0.0183763 0.00462734
pobs_PELACES
 0 0 0 0 0
 0 0 0 0 0
 0 0 0 0 0
 0 0 0 0 0
 0 0 0 0 0
 0 0 0 0 0
 0 0 0 0 0
 0 0 0 0 0
 0 0 0 0 0
 0 0 0 0 0
 0.450072 0.473896 0.0757376 0.000293798 0
 0 0 0 0 0
 0.463077 0.371075 0.160297 0.00555027 0
 0.529543 0.364841 0.0842815 0.0213345 0
 0.631943 0.363953 0.00410389 0 0
 0.735681 0.248677 0.0153453 0.000297389 0
 0.695825 0.281241 0.0229344 0 0
 0.275771 0.60734 0.115278 0.00161068 0
 0 0 0 0 0
 0.896147 0.0623911 0.0374545 0.00400742 0
 0.803859 0.145111 0.0509908 3.86294e-05 0
 0.739449 0.233085 0.0266225 0.000797448 4.60066e-05
 0.878498 0.100942 0.0204185 0.000141795 0
ppred_PELACES
 0.738011 0.203142 0.0527326 0.00611082 3.33251e-06
 0.70762 0.248268 0.0346729 0.00846228 0.000976929
 0.58293 0.353218 0.0547753 0.00714146 0.00193515
 0.676373 0.233165 0.0775085 0.0111218 0.00183224
 0.662855 0.256874 0.058095 0.0190041 0.00317234
 0.484186 0.394658 0.0925687 0.0206934 0.00789382
 0.65082 0.213023 0.10492 0.0238787 0.00735815
 0.593564 0.311938 0.0582644 0.0279331 0.00830125
 0.66723 0.243463 0.0692552 0.0123783 0.00767431
 0.644351 0.27866 0.05701 0.015504 0.00447456
 0.516495 0.377733 0.0836716 0.0163777 0.00572231
 0.522026 0.326162 0.120263 0.0249815 0.00656818
 0.677275 0.229673 0.064856 0.0223576 0.00583845
 0.747722 0.220727 0.0232065 0.00582981 0.00251472
 0.82777 0.159405 0.0114749 0.00099637 0.0003535
 0.765862 0.218004 0.0151188 0.000909578 0.000105594
 0.635517 0.318787 0.0427866 0.00272775 0.00018206
 0.654998 0.265348 0.0701889 0.00886424 0.000600214
 0.616223 0.296792 0.0675637 0.0171193 0.00230137
 0.701053 0.22137 0.0604971 0.013274 0.00380567
 0.638514 0.287576 0.055192 0.0146045 0.00411345
 0.61748 0.283531 0.0790544 0.0148909 0.00504356
 0.665638 0.243261 0.0679146 0.018523 0.00466362
pobs_pel_tallas
 0 0 0 0 0 0 0 0 0 0 0 0 0 0 0 0 0 0 0 0 0 0 0 0 0 0 0 0 0 0 0 0 0 0 0 0
 0 0 0 0 0 0 0 0 0 0 0 0 0 0 0 0 0 0 0 0 0 0 0 0 0 0 0 0 0 0 0 0 0 0 0 0
 0 0 0 0 0 0 0 0 0 0 0 0 0 0 0 0 0 0 0 0 0 0 0 0 0 0 0 0 0 0 0 0 0 0 0 0
 0 0 0 0 0 0 0 0 0 0 0 0 0 0 0 0 0 0 0 0 0 0 0 0 0 0 0 0 0 0 0 0 0 0 0 0
 0 0 0 0 0 0 0 0 0 0 0 0 0 0 0 0 0 0 0 0 0 0 0 0 0 0 0 0 0 0 0 0 0 0 0 0
 0 0 0 0 0 0 0 0 0 0 0 0 0 0 0 0 0 0 0 0 0 0 0 0 0 0 0 0 0 0 0 0 0 0 0 0
 0 0 0 0 0 0 0 0 0 0 0 0 0 0 0 0 0 0 0 0 0 0 0 0 0 0 0 0 0 0 0 0 0 0 0 0
 0 0 0 0 0 0 0 0 0 0 0 0 0 0 0 0 0 0 0 0 0 0 0 0 0 0 0 0 0 0 0 0 0 0 0 0
 0 0 0 0 0 0 0 0 0 0 0 0 0 0 0 0 0 0 0 0 0 0 0 0 0 0 0 0 0 0 0 0 0 0 0 0
 0 0 0 0 0 0 0 0 0 0 0 0 0 0 0 0 0 0 0 0 0 0 0 0 0 0 0 0 0 0 0 0 0 0 0 0
 0 0 0 0 0 0 0 0 1.78061e-05 0.00172719 0.00360574 0.0105946 0.0120993 0.0124554 0.0147524 0.0171206 0.0266825 0.0428682 0.0675386 0.121331 0.153587 0.119568 0.100827 0.0573624 0.0630603 0.0341343 0.0324427 0.0444173 0.0211091 0.0280891 0.0125444 0.00206551 0 0 0 0
 0 0 0 0 0 0 0 0 0 0 0 0 0 0 0 0 0 0 0 0 0 0 0 0 0 0 0 0 0 0 0 0 0 0 0 0
 0 0 0 0 0 0 0.0133647 0.0140871 0.0187388 0.0205184 0.03894 0.0496705 0.03968 0.0493445 0.0407372 0.0367815 0.0215668 0.0243155 0.0234873 0.0199281 0.019796 0.0243948 0.0301388 0.0376714 0.0412746 0.0863199 0.0771752 0.113111 0.0741005 0.0525337 0.0229764 0.00759418 0.00175318 0 0 0
 0 0 0 0 0 0 0 0 0 0 0.00219441 0.00772107 0.0458388 0.0604681 0.0671733 0.0775358 0.0609151 0.0617685 0.073594 0.0568108 0.0755445 0.0548602 0.0670107 0.0636378 0.0643287 0.046367 0.0373049 0.0286899 0.0247887 0.0153202 0.00654259 0.00121912 0.000365735 0 0 0
 0 0 0 0 0 0 0 0 0 0 0 0 0.000112435 0.00938835 0.0111873 0.0202946 0.0414886 0.0713402 0.111592 0.104902 0.108894 0.110636 0.117776 0.105296 0.107544 0.0401394 0.0192827 0.0124803 0.00416011 0.0028671 0.000618394 0 0 0 0 0
 0 0 0 0 0 0 0 0 0 0 0.00291406 0.0102884 0.027416 0.0768956 0.0749926 0.110853 0.0956884 0.0897413 0.0766577 0.0534642 0.0500743 0.0551293 0.0594112 0.0620874 0.0668451 0.0424026 0.0208742 0.0120726 0.0048766 0.00582813 0.00118941 0.000297354 0 0 0 0
 0 0.00264628 0.0354308 0.0461629 0.0458689 0.0383711 0.0214643 0.0164657 0.0346957 0.0420465 0.0363128 0.0245516 0.0311673 0.0291091 0.0169068 0.0133784 0.00837989 0.0085269 0.0148486 0.0160247 0.0276389 0.0546898 0.0760071 0.122758 0.109233 0.0665981 0.0333725 0.0166128 0.00676272 0.00308733 0.000882094 0 0 0 0 0
 0 0 0 0 0 0 0 0.000805153 0.000690131 0.00759144 0.0133425 0.0154129 0.00931677 0.000345066 0.00356568 0.00563607 0.00851162 0.0253048 0.0502646 0.0516448 0.0657925 0.0565908 0.0611916 0.0827007 0.0866115 0.110766 0.145733 0.0935128 0.0569358 0.0249597 0.0138026 0.00621118 0.00161031 0.00115022 0 0
 0 0 0 0 0 0 0 0 0 0 0 0 0 0 0 0 0 0 0 0 0 0 0 0 0 0 0 0 0 0 0 0 0 0 0 0
 0.00147267 0.00158595 0.00478618 0.00569244 0.00954404 0.0108468 0.00647125 0.017049 0.0510054 0.094081 0.124002 0.0959785 0.0687766 0.0820023 0.061753 0.0591476 0.0492212 0.0479892 0.0443925 0.0268479 0.0217502 0.0140895 0.0121071 0.0120363 0.00920419 0.00665534 0.0049561 0.00860946 0.00930331 0.0156896 0.0114698 0.00855282 0.00243557 0.00046729 0 2.83206e-05
 0 0 0 0 0.000772559 0.00158375 0.000888443 0.00281984 0.00712685 0.0440552 0.0773331 0.111326 0.0921469 0.0852325 0.0710754 0.0886704 0.0786465 0.0553345 0.0373146 0.0185414 0.00753245 0.00457741 0.012979 0.0271748 0.0457355 0.0583668 0.034881 0.0177882 0.00938659 0.00492506 0.0015258 0.00185414 0.000309023 5.79419e-05 3.86279e-05 0
 0 0.00173294 0.00326652 0 0.00397197 0.00683976 0.00946217 0.0152591 0.00757587 0.0136028 0.0228656 0.0392903 0.0559909 0.0764795 0.0681675 0.0726916 0.0566044 0.0477403 0.0527397 0.0444891 0.0609904 0.0582453 0.0661739 0.0445044 0.0529084 0.0360697 0.0280645 0.0235558 0.0158879 0.00826598 0.00280645 0.00217768 0.000904811 0.00058276 9.20147e-05 0
 0 0 0 0 0 0 0 0 0 0 0 0 0 0 0 0 0 0 0 0 0 0 0 0 0 0 0 0 0 0 0 0 0 0 0 0
ppred_pel_tallas
 1.01025e-16 3.22017e-05 0.000188995 0.000898389 0.00345883 0.010786 0.0272447 0.0557466 0.0924071 0.124103 0.135057 0.119148 0.0853303 0.0498804 0.0243591 0.0109877 0.0062656 0.00606303 0.00783926 0.0104549 0.0134031 0.0163351 0.0189128 0.0208206 0.0218254 0.0218269 0.0208783 0.0191649 0.0169522 0.0145218 0.0121143 0.00989735 0.00795865 0.00632058 0.00496423 0.00385257
 1.0091e-16 3.08783e-05 0.000181221 0.000861423 0.00331649 0.0103421 0.0261235 0.0534529 0.0886066 0.119004 0.129519 0.114292 0.081916 0.0480122 0.0236843 0.0110837 0.00687455 0.00710929 0.00934795 0.0124708 0.0159385 0.0193406 0.0222672 0.0243382 0.0252799 0.0249878 0.0235499 0.0212181 0.0183413 0.0152826 0.0123466 0.00973757 0.00755199 0.00579755 0.00442629 0.00336697
 1.01229e-16 2.54456e-05 0.000149316 0.000709722 0.00273237 0.00852055 0.0215225 0.0440396 0.0730071 0.0980663 0.106768 0.0943009 0.0677742 0.0400993 0.0204802 0.0107565 0.00824606 0.00974342 0.0132423 0.0177601 0.0227175 0.0275752 0.0317572 0.0347229 0.0360808 0.0356799 0.0336429 0.0303257 0.0262235 0.0218524 0.017647 0.0139009 0.0107546 0.00822303 0.00624159 0.00471156
 1.01645e-16 2.95153e-05 0.00017322 0.000823388 0.00317005 0.00988547 0.02497 0.0510926 0.0846941 0.113749 0.123801 0.109247 0.0783021 0.0458988 0.0226521 0.0106213 0.00662278 0.00689107 0.00910457 0.0122064 0.0156957 0.0191939 0.0223178 0.024704 0.0260783 0.0263147 0.0254587 0.0237047 0.0213388 0.0186678 0.0159565 0.0133924 0.0110791 0.00905162 0.00730324 0.00580891
 1.0171e-16 2.89267e-05 0.000169763 0.000806946 0.00310674 0.00968804 0.0244713 0.0500724 0.0830038 0.111481 0.121339 0.107089 0.0767885 0.0450775 0.0223687 0.0106915 0.00693601 0.00741753 0.00985791 0.0132061 0.0169422 0.0206555 0.0239258 0.0263582 0.0276612 0.027711 0.0265768 0.0244926 0.0217918 0.0188244 0.0158873 0.0131825 0.0108114 0.00879387 0.00710071 0.00568337
 1.02523e-16 2.11416e-05 0.000124044 0.000589568 0.00226973 0.00707781 0.0178783 0.0365837 0.0606502 0.0814777 0.0887328 0.0784328 0.0565027 0.0336979 0.0177051 0.0101022 0.00871215 0.0109119 0.0150473 0.0202719 0.0260237 0.0317265 0.0367445 0.0404714 0.0424585 0.0425151 0.0407473 0.0375153 0.0333326 0.0287399 0.0241956 0.0200136 0.0163525 0.0132449 0.0106467 0.0084829
 1.02724e-16 2.84003e-05 0.000166676 0.000792279 0.00305028 0.00951198 0.0240266 0.0491621 0.0814938 0.10945 0.119121 0.105113 0.0753317 0.0441426 0.0217585 0.0101603 0.00628585 0.00651661 0.00862855 0.0116207 0.0150326 0.0185246 0.0217508 0.0243761 0.0261374 0.026896 0.0266597 0.0255657 0.0238329 0.0217024 0.0193874 0.0170444 0.0147699 0.0126138 0.0106003 0.00874473
 1.02277e-16 2.59075e-05 0.000152032 0.000722643 0.00278213 0.00867574 0.0219144 0.0448413 0.0743347 0.0998455 0.108694 0.0959765 0.0689227 0.0406667 0.0205641 0.0104691 0.00763326 0.00878302 0.0118809 0.0159534 0.0204624 0.0249308 0.0288544 0.0317572 0.0332901 0.0333093 0.0319056 0.0293695 0.0261101 0.0225541 0.0190592 0.0158647 0.0130847 0.0107331 0.00876455 0.00711226
 1.01847e-16 2.9117e-05 0.000170881 0.000812265 0.00312722 0.00975191 0.0246326 0.0504024 0.0835503 0.112214 0.122133 0.107783 0.0772685 0.0453249 0.022428 0.010615 0.00675033 0.00712251 0.00944053 0.0126553 0.0162598 0.0198624 0.0230648 0.0254905 0.0268579 0.0270422 0.0260985 0.0242374 0.0217637 0.0190007 0.0162247 0.0136267 0.0113071 0.00929278 0.00756624 0.00609247
 1.01642e-16 2.81208e-05 0.000165029 0.000784438 0.00302007 0.00941775 0.0237886 0.0486758 0.0806894 0.108376 0.117965 0.104128 0.0747007 0.0439231 0.0219282 0.010701 0.00723046 0.00794274 0.0106226 0.0142352 0.0182475 0.0222197 0.0256967 0.0282508 0.0295681 0.029519 0.028185 0.0258277 0.0228171 0.0195404 0.0163252 0.0133936 0.0108549 0.00872736 0.00697303 0.00553164
 1.02141e-16 2.25497e-05 0.000132313 0.000628881 0.0024211 0.00754986 0.0190706 0.0390232 0.0646931 0.0869048 0.0946325 0.083622 0.0601851 0.035782 0.0185947 0.0102857 0.00851179 0.0104591 0.014359 0.0193229 0.024787 0.0301924 0.0349285 0.0384148 0.0402235 0.0401761 0.0383795 0.0351858 0.0310942 0.0266296 0.0222371 0.0182209 0.0147336 0.0118048 0.00938749 0.00740348
 1.02979e-16 2.27889e-05 0.000133722 0.000635587 0.00244694 0.00763045 0.0192741 0.0394392 0.0653812 0.0878247 0.0956222 0.0844681 0.0607324 0.035984 0.0184748 0.00986526 0.00776974 0.00933652 0.0127884 0.0172628 0.0222526 0.0272775 0.0318126 0.0353505 0.0375035 0.0380862 0.0371484 0.0349442 0.0318549 0.0282905 0.0246062 0.0210546 0.0177777 0.0148297 0.0122121 0.0099058
 1.02037e-16 2.95544e-05 0.00017345 0.000824483 0.00317427 0.00989863 0.0250032 0.0511605 0.0848066 0.1139 0.123964 0.109388 0.0783979 0.045944 0.0226537 0.0105872 0.00655445 0.00678313 0.0089481 0.0119925 0.0154188 0.0188544 0.0219244 0.0242744 0.0256388 0.0258982 0.0251013 0.0234417 0.0212004 0.0186752 0.0161195 0.0137078 0.0115307 0.00961254 0.00793847 0.00647986
 1.0072e-16 3.26258e-05 0.000191483 0.000910215 0.00350436 0.010928 0.0276034 0.0564805 0.093624 0.125739 0.136839 0.120727 0.0864747 0.0505767 0.0247493 0.0112462 0.00652308 0.00639433 0.00827906 0.0110092 0.0140507 0.0170253 0.0195658 0.0213355 0.0220938 0.0217527 0.0203969 0.0182573 0.0156509 0.0129059 0.0102961 0.00800354 0.00611088 0.00461975 0.00348061 0.00262283
 1.00266e-16 3.61138e-05 0.000211966 0.00100761 0.00387937 0.0120975 0.0305572 0.0625238 0.103639 0.139181 0.151448 0.133566 0.0955644 0.0556772 0.0268426 0.0115169 0.00573813 0.00484537 0.0059784 0.00787732 0.0100267 0.0121212 0.0138893 0.015087 0.0155426 0.0151964 0.0141152 0.012473 0.0105065 0.00845988 0.00653689 0.00487228 0.00352638 0.00249797 0.00174641 0.00121415
 1.00322e-16 3.34167e-05 0.000196127 0.000932291 0.00358936 0.0111931 0.0282729 0.0578504 0.0958946 0.128787 0.140154 0.123646 0.0885541 0.0517689 0.0252876 0.0114139 0.00651211 0.00629039 0.00810229 0.0107515 0.0136952 0.0165541 0.0189634 0.0205906 0.0212011 0.0207138 0.0192207 0.0169607 0.0142586 0.0114494 0.00881257 0.00653305 0.00469358 0.00329233 0.0022732 0.00155666
 1.00814e-16 2.77372e-05 0.000162773 0.000773706 0.00297873 0.00928883 0.0234631 0.0480099 0.0795868 0.106898 0.116367 0.102741 0.0737557 0.0434687 0.0218882 0.0109889 0.00781592 0.00885219 0.0119066 0.0159324 0.0203554 0.0246754 0.0283692 0.0309487 0.0320634 0.0315815 0.0296209 0.0265116 0.0227098 0.0186899 0.0148512 0.0114625 0.00865083 0.00642674 0.00472572 0.00345066
 1.01416e-16 2.85846e-05 0.000167753 0.00079739 0.00306994 0.00957328 0.0241815 0.0494794 0.0820211 0.110163 0.119907 0.105832 0.0759022 0.0445876 0.0221824 0.0106973 0.00706497 0.00764849 0.0101975 0.0136691 0.0175388 0.021384 0.0247692 0.0272832 0.028621 0.0286507 0.0274402 0.0252296 0.0223638 0.0192083 0.0160759 0.0131843 0.0106479 0.00849632 0.0067061 0.00523057
 1.01752e-16 2.6895e-05 0.000157831 0.000750214 0.00288829 0.0090068 0.0227506 0.0465521 0.07717 0.103651 0.112831 0.0996139 0.0715013 0.0421209 0.0211753 0.0105773 0.00746197 0.00842237 0.0113426 0.0152225 0.0195267 0.0237948 0.0275433 0.0303153 0.0317739 0.0317768 0.0304058 0.027934 0.0247507 0.0212649 0.0178243 0.0146665 0.0119118 0.00958476 0.00765103 0.00605242
 1.01565e-16 3.0591e-05 0.000179536 0.000853419 0.00328568 0.0102461 0.0258808 0.0529561 0.0877824 0.117895 0.128308 0.113211 0.0811158 0.0474922 0.0233338 0.0107647 0.006474 0.00654971 0.00858199 0.0114803 0.0147411 0.0179978 0.020886 0.0230631 0.0242739 0.0244061 0.0235118 0.0217847 0.0195048 0.0169684 0.0144284 0.01206 0.00995466 0.0081362 0.0065874 0.00527454
 1.01572e-16 2.78666e-05 0.000163536 0.000777338 0.00299273 0.00933249 0.0235733 0.0482352 0.0799594 0.107396 0.116902 0.103196 0.0740455 0.0435655 0.0218007 0.0107231 0.0073534 0.00815287 0.0109258 0.0146409 0.0187587 0.0228271 0.0263765 0.0289659 0.0302728 0.0301658 0.0287326 0.0262475 0.0230966 0.0196838 0.0163498 0.0133254 0.0107233 0.00856009 0.0067935 0.0053573
 1.01962e-16 2.69493e-05 0.000158151 0.000751737 0.00289416 0.00902511 0.0227969 0.0466466 0.0773262 0.10386 0.113055 0.0998049 0.0716232 0.0421622 0.02114 0.0104685 0.00727258 0.00813683 0.0109437 0.0147002 0.0188855 0.0230593 0.02676 0.0295491 0.0310994 0.0312663 0.0301161 0.0278968 0.0249668 0.0217062 0.0184401 0.0153938 0.0126857 0.0103477 0.00835865 0.00667574
 1.01898e-16 2.90476e-05 0.000170473 0.000810328 0.00311976 0.00972865 0.0245739 0.0502822 0.0833511 0.111947 0.121842 0.107526 0.0770851 0.0452185 0.0223777 0.010595 0.00674291 0.00711899 0.00943804 0.0126537 0.0162601 0.0198669 0.0230762 0.0255124 0.0268944 0.0270972 0.0261754 0.024338 0.0218883 0.0191475 0.0163894 0.0138036 0.0114888 0.00947161 0.00773497 0.00624504
pSPR Fmed_Fpbrs
0.505125   0.411425 0.411425
Fs Fmed_Fpbrs
0.667757   1.005 1.005
SSBpbr Bo_Bmed_Bpbrs
880794  400871  318341 318341
Ro
34915.7
SPR SPRFo_SPRFmed_SPRFpbrs
719596 363486 296060
log_Ro
10.2807
likeval ReclasPelacesDesembMPH_pf_preclas_ppelaces_ptallas_desvR_qrecl_qpela
 63.0603 14.9721 0.00818692 0.000205613 269.648 169.224 64.1217 0 15.5528 1.02399e-05 8.26588e-05 0 0 0 0
q_reclas_q_pelaces
0.635432 3.64543
M
0.7
N
 36477.6 10963.7 3564.07 420.119 0.22932
 44461.6 16363.2 2806.88 695.809 80.3951
 23393.8 20120.2 4435.48 593.913 161.167
 35999.7 9909.8 3546.32 511.717 84.3277
 63399.9 17291 3960.51 1296.82 216.487
 43781.3 31303.4 8271.49 1865.83 712.1
 78503.8 20601.5 10944.7 2505.23 772.217
 76456.6 37673 8186.37 3969.99 1180.54
 99279.5 35457.6 11980.7 2169.48 1345.99
 118033 45611.6 10606.7 2912.65 841.05
 67543.3 55317.2 15533.3 3095.61 1082.64
 45864.3 30132.1 13662.2 2882.8 758.591
 45176 20744.1 8139.7 2876.83 752.261
 24686 19334.9 3909.9 1032.15 446.413
 14446.4 9121.86 1399.08 128.651 45.7851
 13384 5096.95 488.33 30.1074 3.49981
 10222 5743.27 977.285 63.435 4.23799
 11748 4560 1418.05 181.297 12.2841
 12544 5422.53 1406.12 359.817 48.3965
 20566.2 5873.18 1835.04 406.744 116.677
 27296.4 9613.23 1966.15 522.784 147.283
 35827.1 13170.9 3958.39 749.866 254.058
 57195.9 17198.3 5244.25 1439.91 362.663
pred_Ctot
 2550.83 3966.19 1639.19 195.983 0.107057
 2851.93 5531.65 1215.56 305.801 35.3605
 2495.21 9890.17 2651.95 359.068 97.4953
 850.119 1408.59 684.239 100.622 16.5986
 260.828 457.155 146.568 49.0231 8.19305
 1655.58 6797.54 2386.94 547.877 209.292
 1902.13 2998.45 2160.24 503.907 155.481
 3648.84 9994.06 2845.29 1402.58 417.442
 5366.79 10436.9 4579.67 842.426 523.092
 4789.51 10532 3241.67 905.532 261.716
 4967.53 20804.4 7392.68 1493.84 522.833
 2957.94 10230.3 5939.39 1271.8 334.928
 4526.5 9772.63 4698.34 1679.94 439.558
 4620.68 13154.9 3005.99 798.621 345.527
 3067.45 6569.11 1119.34 103.486 36.8395
 1318.81 2373.64 279.167 17.4151 2.02566
 752.091 2160.67 465.239 30.6198 2.04716
 598.23 1277.35 518.099 67.3091 4.56451
 517.321 1269.77 435.397 113.329 15.2568
 871.454 1407.82 580.699 130.909 37.586
 557.118 1193.7 333.035 90.2793 25.4605
 860.359 1901.28 775.161 149.648 50.7524
 1610.94 2871.85 1180.51 330.168 83.2392
F
 0.101664 0.662514 0.933582 0.954129 0.955235
 0.0928993 0.605398 0.853097 0.871872 0.872883
 0.158948 1.03582 1.45962 1.49174 1.49347
 0.0333221 0.21715 0.305998 0.312732 0.313095
 0.00573505 0.0373737 0.0526652 0.0538242 0.0538867
 0.0538422 0.350874 0.494435 0.505316 0.505902
 0.0342033 0.222893 0.31409 0.321003 0.321375
 0.068385 0.445645 0.627981 0.641802 0.642546
 0.0777777 0.506854 0.714235 0.729954 0.7308
 0.0578782 0.377176 0.531498 0.543195 0.543825
 0.107179 0.698452 0.984224 1.00589 1.00705
 0.0934271 0.608837 0.857944 0.876826 0.877843
 0.148656 0.968748 1.36511 1.39516 1.39677
 0.295563 1.9261 2.71416 2.7739 2.77711
 0.341804 2.22744 3.1388 3.20788 3.2116
 0.146028 0.951619 1.34098 1.37049 1.37208
 0.107224 0.698746 0.984639 1.00631 1.00748
 0.0731178 0.476488 0.671443 0.686221 0.687017
 0.0588484 0.383498 0.540406 0.5523 0.55294
 0.0605086 0.394317 0.555652 0.567881 0.568539
 0.0287421 0.187304 0.263939 0.269748 0.270061
 0.0338945 0.22088 0.311254 0.318104 0.318473
 0.0398576 0.25974 0.366014 0.374069 0.374503
YTP_r0W_actual
 10632.2 69498.7 39429.2 14395.3 4561.51
YTP_p0W_proyectada
 14942.3 225476 98927.1 36119.9 15243.6
CTP_r0_actual
 1610.94 2871.85 1180.51 330.168 83.2392
CTP_p0_proyectada
 1822.23 10248.9 3130.6 870.359 318.238
Wmedp
 8.2 22 31.6 41.5 47.9
nmprior
 10 11 7 0
nm_flota  nm_reclas  nm_pelaces    nm_pelaL
inf 17.5035 13.3962 17.3652
cv_recla  cv_pelaces  cv_mph
0.753354 0.4739 0.465226
 ------------------------------------------------
Talla a la edad & desviaci?n 
 7.2 14.2025 17.0495 18.207 18.6776
 1.08 2.13037 2.55742 2.73105 2.80164
