    unsorted:	 1.490258469e-06 8.866629826e-07 0.0008999856752 0.007450178552 101.2002895 64.59923495 62.82451658 91.35119873 14.04949353 30.64093694 215.1445513 224.2272399 339.9350285 480.2482273 521.6623375 656.5885045 732.6576863 780.9893690 812.3887465 890.5863529 1044.990056 1110.755022 1397.413838 1439.916524 1714.690051 1866.801436 2259.498040 2572.316830 2656.267675 2929.587034 2991.675714 3492.926955 4077.727739 4565.445120 4505.201666 4800.295111 72439.75486 213506.7424 141600.2490 274941.8801 341310.8421 376260.5723 396282.3631 426458.9302 436379.1764 472910.4998 522101.6890 565709.0500 616752.1633 714058.9328 818195.9656 908511.3379 1052839.387 1191804.785 1334685.808 1510757.959 1768316.633 1997227.268 2269893.149 2381003.764 2652483.709 29568293.76
      sorted:	 8.866629826e-07 1.490258469e-06 0.0008999856752 0.007450178552 14.04949353 30.64093694 62.82451658 64.59923495 91.35119873 101.2002895 215.1445513 224.2272399 339.9350285 480.2482273 521.6623375 656.5885045 732.6576863 780.9893690 812.3887465 890.5863529 1044.990056 1110.755022 1397.413838 1439.916524 1714.690051 1866.801436 2259.498040 2572.316830 2656.267675 2929.587034 2991.675714 3492.926955 4077.727739 4505.201666 4565.445120 4800.295111 72439.75486 141600.2490 213506.7424 274941.8801 341310.8421 376260.5723 396282.3631 426458.9302 436379.1764 472910.4998 522101.6890 565709.0500 616752.1633 714058.9328 818195.9656 908511.3379 1052839.387 1191804.785 1334685.808 1510757.959 1768316.633 1997227.268 2269893.149 2381003.764 2652483.709 29568293.76
