years
 1997 1998 1999 2000 2001 2002 2003 2004 2005 2006 2007 2008 2009 2010 2011 2012 2013 2014 2015 2016 2017 2018 2019
reclasobs
 0 0 0 370054 412103 1.49427e+06 250295 1.28982e+06 931140 785840 897777 1.04006e+06 184774 17550 25797 100020 73551 82996 120727 218422 84188 347160 605670
reclaspred
 1.12416e+06 232509 593082 317176 406534 522260 1.07994e+06 834800 1.078e+06 1.20618e+06 1.13623e+06 776726 448732 205453 136005 133503 158109 219664 236761 316560 509431 505435 807856
pelacesobs
 0 0 0 0 0 0 0 0 0 2.06254e+06 1.5e+06 0 1.87456e+06 323000 250000 174000 83755 137374 0 501740 490994 745055 786931
pelacespred
 654731 230854 203800 221472 242488 240370 554115 535661 616605 716822 588791 416755 237996 87565 57530.9 64494.7 80028.2 112313 127706 164566 290255 301737 366397
mphobs
 0 0 0 0 0 112323 0 153150 637223 0 255016 313432 73983 77613 109348 50772 0 0 0 0 0 0 0
mphpred
 794031 428022 374926 342829 302740 466021 647983 867187 851511 1.04425e+06 1.14331e+06 819915 500007 265232 125960 111013 124482 168849 207411 232867 369324 477258 568595
desembarqueobs
 350755 77701 442110 56441 14545 235359 269955 359681 431902 328805 639364 411747 362871 311530 167758 66681 60226 58785 57116 71774 51957 67425 138520
desembarquepred
 350760 77701 442124 56443.2 14545.1 235418 269977 359612 431835 328744 639340 411861 362939 311704 167712 66688.8 60244.4 58785.5 57110.6 71765.2 51955.2 67415.7 138509
Reclutas
 41901.1 44165.9 22853.9 26245.3 52949.4 39758.9 80039.4 86028.4 129414 140502 72329.7 40393.4 46465.6 28553 20031.8 16984.9 14301.9 15523.4 16344.9 31307.4 44977.1 46907.5 69958.3
log_desv_Rt
 0.0500833 0.102725 -0.556107 -0.417741 0.284108 -0.00239308 0.697292 0.76945 1.17779 1.25999 0.596007 0.0134377 0.153485 -0.333465 -0.687908 -0.852904 -1.02484 -0.942877 -0.891309 -0.241374 0.120925 0.16295 0.562672
SSB
 794031 428022 374926 342829 302740 466021 647983 867187 851511 1.04425e+06 1.14331e+06 819915 500007 265232 125960 111013 124482 168849 207411 232867 369324 477258 568595
BT
 2.07233e+06 572888 760273 528636 584567 661506 1.69762e+06 1.62433e+06 1.97654e+06 1.98587e+06 1.82356e+06 1.23815e+06 886806 485913 286807 201548 236805 303189 315962 443632 740201 667253 865736
Ftot
 0.300207 0.321171 0.692709 0.172659 0.034999 0.428888 0.24176 0.411756 0.384021 0.263135 0.530905 0.501202 0.749061 1.31629 1.10825 0.474722 0.365257 0.25831 0.233081 0.219473 0.0994212 0.129736 0.166387
BD_Bspro_t
 0.957374 0.755102 0.63708 0.433037 0.532294 0.695057 0.62852 0.66367 0.624873 0.621324 0.613641 0.458713 0.347619 0.248637 0.150061 0.157986 0.228381 0.360337 0.468106 0.558772 0.688778 0.787197 0.789643
BD_Bspro
 0.966709 0.521104 0.456461 0.417384 0.368577 0.567367 0.788899 1.05577 1.03669 1.27134 1.39194 0.998221 0.608743 0.322912 0.153353 0.135154 0.151553 0.205569 0.252517 0.283509 0.449641 0.581047 0.692247
BD_Bo
 0.846126 0.456104 0.399524 0.365321 0.322602 0.496596 0.690496 0.924082 0.907377 1.11276 1.21832 0.873708 0.532811 0.282633 0.134224 0.118296 0.132649 0.179927 0.221019 0.248145 0.393555 0.50857 0.6059
BD_Brms
 4.09612 2.20801 1.93411 1.76853 1.56173 2.40404 3.34271 4.4735 4.39264 5.38691 5.89792 4.22964 2.57935 1.36823 0.649783 0.572673 0.642159 0.871033 1.06996 1.20128 1.90521 2.462 2.93318
S_f
 0.5 1 1 1 1
 0.5 1 1 1 1
 0.5 1 1 1 1
 0.5 1 1 1 1
 0.5 1 1 1 1
 0.5 1 1 1 1
 0.5 1 1 1 1
 0.5 1 1 1 1
 0.5 1 1 1 1
 0.5 1 1 1 1
 0.5 1 1 1 1
 0.5 1 1 1 1
 0.5 1 1 1 1
 0.5 1 1 1 1
 0.5 1 1 1 1
 0.5 1 1 1 1
 0.5 1 1 1 1
 0.5 1 1 1 1
 0.5 1 1 1 1
 0.5 1 1 1 1
 0.5 1 1 1 1
 0.5 1 1 1 1
 0.5 1 1 1 1
Scru_reclas
 0.5 1 1 1 1
 0.5 1 1 1 1
 0.5 1 1 1 1
 0.5 1 1 1 1
 0.5 1 1 1 1
 0.5 1 1 1 1
 0.5 1 1 1 1
 0.5 1 1 1 1
 0.5 1 1 1 1
 0.5 1 1 1 1
 0.5 1 1 1 1
 0.5 1 1 1 1
 0.5 1 1 1 1
 0.5 1 1 1 1
 0.5 1 1 1 1
 0.5 1 1 1 1
 0.5 1 1 1 1
 0.5 1 1 1 1
 0.5 1 1 1 1
 0.5 1 1 1 1
 0.5 1 1 1 1
 0.5 1 1 1 1
 0.5 1 1 1 1
Scru_pelaces
 0.5 1 1 1 1
 0.5 1 1 1 1
 0.5 1 1 1 1
 0.5 1 1 1 1
 0.5 1 1 1 1
 0.5 1 1 1 1
 0.5 1 1 1 1
 0.5 1 1 1 1
 0.5 1 1 1 1
 0.5 1 1 1 1
 0.5 1 1 1 1
 0.5 1 1 1 1
 0.5 1 1 1 1
 0.5 1 1 1 1
 0.5 1 1 1 1
 0.5 1 1 1 1
 0.5 1 1 1 1
 0.5 1 1 1 1
 0.5 1 1 1 1
 0.5 1 1 1 1
 0.5 1 1 1 1
 0.5 1 1 1 1
 0.5 1 1 1 1
pf_obs 
 0.256992 0.487395 0.22802 0.0275931 0
 0.321318 0.546541 0.124235 0.00734118 0.000564706
 0.182869 0.594174 0.210203 0.0122559 0.00049798
 0.330522 0.361315 0.267642 0.0388342 0.00168674
 0.649043 0.306663 0.0425973 0.00169635 0
 0.582887 0.30429 0.105238 0.00758474 0
 0.465427 0.430635 0.0974691 0.00646863 0
 0.296916 0.608066 0.0921331 0.00288517 0
 0.311714 0.524322 0.152257 0.0117073 0
 0.15457 0.633149 0.183074 0.0267441 0.00246327
 0.131901 0.49318 0.331252 0.0422183 0.00144891
 0.196976 0.569456 0.194076 0.0375587 0.00193317
 0.518974 0.381816 0.0799577 0.0180837 0.00116848
 0.0928022 0.601141 0.25162 0.0475244 0.00691264
 0.122501 0.610282 0.24278 0.0234846 0.000952079
 0.383417 0.481906 0.127806 0.00687128 0
 0.0376549 0.599619 0.316969 0.0457579 0
 0.0361596 0.667082 0.258105 0.0386534 0
 0.158088 0.579412 0.248529 0.0139706 0
 0.0477256 0.309471 0.559284 0.082774 0.000745712
 0.0406174 0.521527 0.379366 0.0568643 0.0016247
 0.151134 0.462217 0.34131 0.0453401 0
 0.294876 0.26143 0.354403 0.0886775 0.000613685
pf_pred 
 0.449116 0.387722 0.145797 0.0173606 5.26665e-06
 0.457899 0.346945 0.137354 0.05165 0.00615203
 0.31345 0.445946 0.153987 0.0609629 0.0256547
 0.473102 0.278794 0.161155 0.0556474 0.0313016
 0.593231 0.265829 0.0745748 0.0431074 0.023258
 0.385761 0.458559 0.101739 0.0285415 0.0253996
 0.608396 0.230021 0.12063 0.0267637 0.0141899
 0.505801 0.380061 0.0670423 0.035159 0.0119364
 0.584563 0.289845 0.0965858 0.0170376 0.0119685
 0.515285 0.367813 0.081561 0.0271787 0.00816216
 0.31462 0.477238 0.157943 0.0350231 0.0151757
 0.296245 0.364378 0.236313 0.0782081 0.0248568
 0.460286 0.266517 0.141451 0.0917363 0.0400096
 0.43817 0.382753 0.0884301 0.0469333 0.0437132
 0.541726 0.322195 0.0927058 0.0214184 0.0219553
 0.557778 0.340292 0.0716631 0.0206198 0.00964726
 0.463236 0.399109 0.105926 0.0223073 0.00942154
 0.476783 0.343964 0.133284 0.0353744 0.010596
 0.456526 0.36003 0.120596 0.0467301 0.0161175
 0.593325 0.261218 0.09636 0.0322768 0.0168208
 0.555151 0.336525 0.0695789 0.0256668 0.0130778
 0.449611 0.396083 0.116732 0.0241351 0.0134395
 0.510908 0.307601 0.130608 0.0384922 0.0123902
pobs_RECLAS
 0 0 0 0 0
 0 0 0 0 0
 0 0 0 0 0
 0 0 0 0 0
 0.835266 0.146461 0.0176864 0.000547809 3.91292e-05
 0.385257 0.428462 0.181853 0.0044286 0
 0.867414 0.0963971 0.0333333 0.00285562 0
 0.441836 0.489002 0.0689373 0.000224442 0
 0.779404 0.147425 0.0564933 0.0165055 0.000172143
 0.814271 0.122319 0.05973 0.00367925 0
 0.40263 0.566651 0.0304383 0.000280538 0
 0.475488 0.404961 0.113038 0.00651328 0
 0.955842 0.0263864 0.0167828 0.000988607 0
 0.975058 0.0227948 0.00214734 0 0
 0.738997 0.206755 0.0527124 0.00153531 0
 0.850938 0.134255 0.0134407 0.00136685 0
 0.542534 0.407297 0.0501686 0 0
 0.764087 0.199537 0.0359546 0.000420521 0
 0.470689 0.182191 0.310203 0.0369168 0
 0.84361 0.089868 0.0606195 0.00523954 0.000663233
 0.607945 0.314616 0.071237 0.00620181 0
 0.523733 0.453247 0.0230204 0 0
 0.530135 0.295979 0.169645 0.0042399 0
ppred_RECLAS
 0.45194 0.385734 0.145049 0.0172716 5.23965e-06
 0.46098 0.344972 0.136574 0.0513564 0.00611706
 0.320887 0.441115 0.152319 0.0603025 0.0253768
 0.474573 0.278016 0.160705 0.055492 0.0312143
 0.593484 0.265663 0.0745283 0.0430805 0.0232436
 0.390021 0.455378 0.101033 0.0283436 0.0252235
 0.610482 0.228795 0.119987 0.0266212 0.0141143
 0.510055 0.37679 0.0664653 0.0348564 0.0118337
 0.588335 0.287213 0.0957087 0.0168829 0.0118598
 0.517709 0.365974 0.081153 0.0270428 0.00812133
 0.319777 0.473647 0.156754 0.0347596 0.0150616
 0.300861 0.361988 0.234763 0.0776951 0.0246938
 0.469828 0.261805 0.13895 0.0901145 0.0393023
 0.46001 0.367875 0.0849925 0.0451089 0.042014
 0.558556 0.310362 0.0893011 0.0206318 0.0211489
 0.56283 0.336404 0.0708445 0.0203842 0.00953705
 0.466866 0.396409 0.10521 0.0221565 0.00935782
 0.479151 0.342406 0.13268 0.0352142 0.010548
 0.458608 0.358651 0.120134 0.0465511 0.0160558
 0.595208 0.260008 0.0959139 0.0321274 0.0167429
 0.555936 0.335932 0.0694562 0.0256215 0.0130548
 0.450666 0.395324 0.116508 0.0240888 0.0134137
 0.512321 0.306713 0.130231 0.038381 0.0123544
pobs_PELACES
 0 0 0 0 0
 0 0 0 0 0
 0 0 0 0 0
 0 0 0 0 0
 0 0 0 0 0
 0 0 0 0 0
 0 0 0 0 0
 0 0 0 0 0
 0 0 0 0 0
 0 0 0 0 0
 0.450072 0.473896 0.0757376 0.000293798 0
 0 0 0 0 0
 0.463077 0.371075 0.160297 0.00555027 0
 0.529543 0.364841 0.0842815 0.0213345 0
 0.631943 0.363953 0.00410389 0 0
 0.735681 0.248677 0.0153453 0.000297389 0
 0.695825 0.281241 0.0229344 0 0
 0.275771 0.60734 0.115278 0.00161068 0
 0 0 0 0 0
 0.896147 0.0623911 0.0374545 0.00400742 0
 0.803859 0.145111 0.0509908 3.86294e-05 0
 0.739449 0.233085 0.0266225 0.000797448 4.60066e-05
 0.878498 0.100942 0.0204185 0.000141795 0
ppred_PELACES
 0.464236 0.37708 0.141795 0.0168841 5.1221e-06
 0.474172 0.33653 0.133231 0.0500996 0.00596735
 0.346287 0.424617 0.146622 0.0580471 0.0244276
 0.481682 0.274254 0.158531 0.0547413 0.030792
 0.594877 0.264753 0.074273 0.042933 0.0231639
 0.406982 0.442716 0.0982241 0.0275555 0.0245221
 0.619925 0.223249 0.117078 0.0259758 0.0137722
 0.527015 0.363747 0.0641645 0.0336498 0.0114241
 0.603591 0.276569 0.0921618 0.0162572 0.0114203
 0.52854 0.357755 0.0793306 0.0264355 0.00793896
 0.339125 0.460175 0.152296 0.0337709 0.0146332
 0.318537 0.352836 0.228827 0.0757308 0.0240695
 0.50069 0.246565 0.130862 0.0848688 0.0370145
 0.514217 0.330945 0.0764605 0.0405806 0.0377963
 0.603045 0.279084 0.0803014 0.0185526 0.0190176
 0.581999 0.321654 0.0677381 0.0194904 0.00911887
 0.481893 0.385237 0.102245 0.021532 0.00909408
 0.489796 0.335409 0.129969 0.0344946 0.0103324
 0.468171 0.352316 0.118012 0.0457289 0.0157722
 0.603902 0.254424 0.0938538 0.0314373 0.0163833
 0.559982 0.332871 0.0688234 0.0253881 0.0129358
 0.455971 0.391506 0.115383 0.0238562 0.0132842
 0.519177 0.302401 0.1284 0.0378414 0.0121807
pobs_pel_tallas
 0 0 0 0 0 0 0 0 0 0 0 0 0 0 0 0 0 0 0 0 0 0 0 0 0 0 0 0 0 0 0 0 0 0 0 0
 0 0 0 0 0 0 0 0 0 0 0 0 0 0 0 0 0 0 0 0 0 0 0 0 0 0 0 0 0 0 0 0 0 0 0 0
 0 0 0 0 0 0 0 0 0 0 0 0 0 0 0 0 0 0 0 0 0 0 0 0 0 0 0 0 0 0 0 0 0 0 0 0
 0 0 0 0 0 0 0 0 0 0 0 0 0 0 0 0 0 0 0 0 0 0 0 0 0 0 0 0 0 0 0 0 0 0 0 0
 0 0 0 0 0 0 0 0 0 0 0 0 0 0 0 0 0 0 0 0 0 0 0 0 0 0 0 0 0 0 0 0 0 0 0 0
 0 0 0 0 0 0 0 0 0 0 0 0 0 0 0 0 0 0 0 0 0 0 0 0 0 0 0 0 0 0 0 0 0 0 0 0
 0 0 0 0 0 0 0 0 0 0 0 0 0 0 0 0 0 0 0 0 0 0 0 0 0 0 0 0 0 0 0 0 0 0 0 0
 0 0 0 0 0 0 0 0 0 0 0 0 0 0 0 0 0 0 0 0 0 0 0 0 0 0 0 0 0 0 0 0 0 0 0 0
 0 0 0 0 0 0 0 0 0 0 0 0 0 0 0 0 0 0 0 0 0 0 0 0 0 0 0 0 0 0 0 0 0 0 0 0
 0 0 0 0 0 0 0 0 0 0 0 0 0 0 0 0 0 0 0 0 0 0 0 0 0 0 0 0 0 0 0 0 0 0 0 0
 0 0 0 0 0 0 0 0 1.78061e-05 0.00172719 0.00360574 0.0105946 0.0120993 0.0124554 0.0147524 0.0171206 0.0266825 0.0428682 0.0675386 0.121331 0.153587 0.119568 0.100827 0.0573624 0.0630603 0.0341343 0.0324427 0.0444173 0.0211091 0.0280891 0.0125444 0.00206551 0 0 0 0
 0 0 0 0 0 0 0 0 0 0 0 0 0 0 0 0 0 0 0 0 0 0 0 0 0 0 0 0 0 0 0 0 0 0 0 0
 0 0 0 0 0 0 0.0133647 0.0140871 0.0187388 0.0205184 0.03894 0.0496705 0.03968 0.0493445 0.0407372 0.0367815 0.0215668 0.0243155 0.0234873 0.0199281 0.019796 0.0243948 0.0301388 0.0376714 0.0412746 0.0863199 0.0771752 0.113111 0.0741005 0.0525337 0.0229764 0.00759418 0.00175318 0 0 0
 0 0 0 0 0 0 0 0 0 0 0.00219441 0.00772107 0.0458388 0.0604681 0.0671733 0.0775358 0.0609151 0.0617685 0.073594 0.0568108 0.0755445 0.0548602 0.0670107 0.0636378 0.0643287 0.046367 0.0373049 0.0286899 0.0247887 0.0153202 0.00654259 0.00121912 0.000365735 0 0 0
 0 0 0 0 0 0 0 0 0 0 0 0 0.000112435 0.00938835 0.0111873 0.0202946 0.0414886 0.0713402 0.111592 0.104902 0.108894 0.110636 0.117776 0.105296 0.107544 0.0401394 0.0192827 0.0124803 0.00416011 0.0028671 0.000618394 0 0 0 0 0
 0 0 0 0 0 0 0 0 0 0 0.00291406 0.0102884 0.027416 0.0768956 0.0749926 0.110853 0.0956884 0.0897413 0.0766577 0.0534642 0.0500743 0.0551293 0.0594112 0.0620874 0.0668451 0.0424026 0.0208742 0.0120726 0.0048766 0.00582813 0.00118941 0.000297354 0 0 0 0
 0 0.00264628 0.0354308 0.0461629 0.0458689 0.0383711 0.0214643 0.0164657 0.0346957 0.0420465 0.0363128 0.0245516 0.0311673 0.0291091 0.0169068 0.0133784 0.00837989 0.0085269 0.0148486 0.0160247 0.0276389 0.0546898 0.0760071 0.122758 0.109233 0.0665981 0.0333725 0.0166128 0.00676272 0.00308733 0.000882094 0 0 0 0 0
 0 0 0 0 0 0 0 0.000805153 0.000690131 0.00759144 0.0133425 0.0154129 0.00931677 0.000345066 0.00356568 0.00563607 0.00851162 0.0253048 0.0502646 0.0516448 0.0657925 0.0565908 0.0611916 0.0827007 0.0866115 0.110766 0.145733 0.0935128 0.0569358 0.0249597 0.0138026 0.00621118 0.00161031 0.00115022 0 0
 0 0 0 0 0 0 0 0 0 0 0 0 0 0 0 0 0 0 0 0 0 0 0 0 0 0 0 0 0 0 0 0 0 0 0 0
 0.00147267 0.00158595 0.00478618 0.00569244 0.00954404 0.0108468 0.00647125 0.017049 0.0510054 0.094081 0.124002 0.0959785 0.0687766 0.0820023 0.061753 0.0591476 0.0492212 0.0479892 0.0443925 0.0268479 0.0217502 0.0140895 0.0121071 0.0120363 0.00920419 0.00665534 0.0049561 0.00860946 0.00930331 0.0156896 0.0114698 0.00855282 0.00243557 0.00046729 0 2.83206e-05
 0 0 0 0 0.000772559 0.00158375 0.000888443 0.00281984 0.00712685 0.0440552 0.0773331 0.111326 0.0921469 0.0852325 0.0710754 0.0886704 0.0786465 0.0553345 0.0373146 0.0185414 0.00753245 0.00457741 0.012979 0.0271748 0.0457355 0.0583668 0.034881 0.0177882 0.00938659 0.00492506 0.0015258 0.00185414 0.000309023 5.79419e-05 3.86279e-05 0
 0 0.00173294 0.00326652 0 0.00397197 0.00683976 0.00946217 0.0152591 0.00757587 0.0136028 0.0228656 0.0392903 0.0559909 0.0764795 0.0681675 0.0726916 0.0566044 0.0477403 0.0527397 0.0444891 0.0609904 0.0582453 0.0661739 0.0445044 0.0529084 0.0360697 0.0280645 0.0235558 0.0158879 0.00826598 0.00280645 0.00217768 0.000904811 0.00058276 9.20147e-05 0
 0 0 0 0 0 0 0 0 0 0 0 0 0 0 0 0 0 0 0 0 0 0 0 0 0 0 0 0 0 0 0 0 0 0 0 0
ppred_pel_tallas
 1.02717e-16 2.02711e-05 0.000118935 0.00056528 0.00217622 0.00678622 0.0171417 0.0350765 0.0581516 0.0781215 0.085079 0.0752057 0.0541838 0.0323272 0.0170088 0.00974581 0.00845723 0.0106366 0.0147083 0.0198724 0.0256013 0.0313502 0.0365112 0.0404952 0.0428526 0.0433699 0.0421087 0.0393705 0.0356069 0.0313051 0.0268906 0.0226687 0.0188147 0.0153974 0.0124195 0.00985429
 1.04002e-16 2.07027e-05 0.000121473 0.000577353 0.00222272 0.00693122 0.017508 0.0358255 0.059392 0.0797835 0.0868777 0.076769 0.055252 0.0328482 0.0170708 0.00944938 0.00783982 0.00967078 0.0133371 0.0180481 0.0233165 0.0286599 0.0335427 0.0374426 0.0399558 0.040881 0.0402532 0.0383133 0.0354294 0.0319992 0.0283671 0.024778 0.0213715 0.0182063 0.0152964 0.0126417
 1.05356e-16 1.51298e-05 8.87471e-05 0.000421754 0.00162359 0.00506285 0.0127887 0.0261703 0.043391 0.0583056 0.0635343 0.056247 0.0407115 0.0246646 0.0136646 0.00891346 0.00893037 0.0119011 0.0166678 0.0225923 0.0291689 0.0358145 0.04186 0.0466527 0.0496926 0.0507387 0.0498505 0.0473467 0.0437039 0.0394306 0.0349604 0.0305933 0.0264902 0.0227052 0.0192352 0.0160617
 1.0566e-16 2.10276e-05 0.000123386 0.000586461 0.00225781 0.00704067 0.0177844 0.0363906 0.0603268 0.0810337 0.0882241 0.0779233 0.0560057 0.033142 0.0169418 0.00893356 0.00691628 0.00826646 0.0113637 0.0154459 0.0200931 0.0249189 0.0294942 0.0333914 0.036264 0.0379134 0.0383176 0.0376093 0.03602 0.0338091 0.0312055 0.0283778 0.025434 0.0224419 0.0194544 0.0165279
 1.03699e-16 2.59629e-05 0.000152362 0.000724218 0.00278821 0.00869472 0.0219623 0.0449389 0.0744952 0.100057 0.108914 0.0961459 0.0689904 0.0405985 0.0203309 0.0100284 0.00692111 0.00772112 0.0103952 0.0139984 0.0180466 0.0221372 0.0258478 0.0287753 0.0306148 0.0312247 0.0306514 0.0291018 0.026878 0.0242977 0.0216264 0.0190413 0.0166292 0.0144087 0.0123638 0.0104726
 1.03632e-16 1.77771e-05 0.000104287 0.00049563 0.00190803 0.00594986 0.0150293 0.0307547 0.05099 0.0685104 0.0746381 0.0660389 0.047715 0.0287395 0.0156171 0.00972569 0.00928685 0.0121335 0.0168821 0.0227814 0.029264 0.0357013 0.0413866 0.0456441 0.0479737 0.0481632 0.0463309 0.0428768 0.0383693 0.0334035 0.0284802 0.0239367 0.0199373 0.0165082 0.0135943 0.0111116
 1.03271e-16 2.70536e-05 0.000158768 0.000754684 0.00290553 0.00906057 0.0228864 0.0468292 0.0776274 0.10426 0.113477 0.100146 0.0718001 0.0421304 0.0208737 0.0099281 0.00638841 0.00681782 0.00910285 0.0122868 0.0159179 0.0196492 0.023121 0.0259824 0.0279553 0.0288895 0.028786 0.0277789 0.0260871 0.0239534 0.0215926 0.0191632 0.0167645 0.0144508 0.012253 0.010195
 1.0272e-16 2.30078e-05 0.000135004 0.000641676 0.00247037 0.00770351 0.0194587 0.0398171 0.0660086 0.08867 0.0965492 0.0853028 0.0613668 0.0364282 0.018827 0.0102492 0.00829367 0.0100817 0.0138077 0.0185738 0.0238253 0.0290233 0.0335834 0.0369521 0.0387238 0.0387329 0.0370874 0.0341282 0.0303337 0.0262019 0.0221491 0.0184525 0.0152424 0.0125317 0.0102644 0.00836004
 1.02491e-16 2.63434e-05 0.000154595 0.000734831 0.00282907 0.00882213 0.0222841 0.0455975 0.0755871 0.101524 0.110513 0.0975618 0.0700156 0.0412205 0.0206768 0.0102553 0.00714804 0.00801987 0.0108055 0.0145393 0.0187181 0.0229162 0.0266855 0.0295973 0.031327 0.0317238 0.0308383 0.0288952 0.0262262 0.0231852 0.0200769 0.0171144 0.0144133 0.0120116 0.00990072 0.00805464
 1.02522e-16 2.30741e-05 0.000135393 0.00064353 0.00247751 0.00772578 0.019515 0.0399321 0.0661991 0.0889254 0.0968259 0.085544 0.0615332 0.0365127 0.0188449 0.0102184 0.00822351 0.00997281 0.0136573 0.0183813 0.0235964 0.0287719 0.0333312 0.0367262 0.0385517 0.0386364 0.0370768 0.034199 0.0304663 0.0263651 0.0223064 0.018569 0.0152913 0.0124989 0.010149 0.00817354
 1.04156e-16 1.4819e-05 8.6919e-05 0.000413055 0.00159009 0.00495836 0.0125248 0.0256306 0.0424975 0.0571089 0.0622405 0.055126 0.039953 0.0243104 0.0136577 0.00918994 0.00947428 0.0127443 0.0178623 0.0241797 0.0311541 0.0381476 0.0444274 0.0492825 0.0521728 0.0528472 0.0513891 0.0481714 0.0437445 0.0386961 0.0335314 0.0286042 0.0241063 0.020101 0.0165751 0.0134864
 1.07091e-16 1.39171e-05 8.16333e-05 0.000387947 0.00149345 0.00465703 0.0117636 0.0240723 0.0399117 0.0536281 0.0584316 0.0517158 0.0374023 0.022602 0.0124212 0.00796028 0.00785691 0.0104523 0.0147069 0.0200779 0.0261624 0.0324964 0.0385323 0.0437148 0.0475876 0.0498802 0.0505457 0.0497366 0.0477346 0.0448634 0.041416 0.0376166 0.0336201 0.0295351 0.025453 0.0214683
 1.06584e-16 2.18552e-05 0.000128248 0.000609581 0.00234683 0.0073183 0.0184856 0.0378251 0.0627038 0.0842229 0.0916867 0.0809587 0.0581376 0.0343034 0.0173507 0.00884992 0.00649498 0.00754561 0.0103155 0.0140278 0.0182819 0.0227312 0.026997 0.0307018 0.0335388 0.0353295 0.0360476 0.0357988 0.0347698 0.0331661 0.0311628 0.0288809 0.0263927 0.0237431 0.0209756 0.0181491
 1.04354e-16 2.24484e-05 0.000131723 0.000626084 0.00241035 0.00751635 0.0189859 0.0388495 0.0644039 0.0865126 0.0941953 0.0832117 0.0598377 0.0354711 0.0182426 0.00979006 0.00776515 0.00935868 0.0128172 0.0172847 0.0222531 0.0272393 0.031719 0.0351914 0.0372824 0.037827 0.0368989 0.0347752 0.0318518 0.0285412 0.025185 0.0220073 0.0191109 0.016507 0.0141586 0.0120188
 1.02757e-16 2.63197e-05 0.000154455 0.000734166 0.00282651 0.00881414 0.022264 0.0455562 0.0755188 0.101433 0.110414 0.0974752 0.0699557 0.0411897 0.0206694 0.0102643 0.00716938 0.00805197 0.0108473 0.0145885 0.0187693 0.0229611 0.0267133 0.0295968 0.0312893 0.0316456 0.0307243 0.0287592 0.0260896 0.0230745 0.0200185 0.0171299 0.0145157 0.0122027 0.0101713 0.00838628
 1.02163e-16 2.54037e-05 0.000149073 0.000708573 0.00272796 0.0085068 0.0214877 0.0439682 0.0728879 0.0979037 0.106584 0.0941228 0.0676119 0.0399343 0.0202698 0.0104438 0.00776913 0.00904136 0.0122638 0.0164761 0.0211364 0.0257554 0.0298122 0.0328141 0.0343982 0.0344134 0.0329505 0.0303074 0.0269057 0.0231873 0.0195247 0.0161702 0.0132476 0.0107773 0.00871697 0.00700036
 1.02742e-16 2.10412e-05 0.000123456 0.000586772 0.00225897 0.00704426 0.0177935 0.0364102 0.0603623 0.0810904 0.0883097 0.0780553 0.0562233 0.0335163 0.0175828 0.00999095 0.00857257 0.0107171 0.0147807 0.0199275 0.0256079 0.0312609 0.0362667 0.040032 0.0421141 0.0423197 0.0407419 0.0377203 0.0337444 0.0293313 0.0249218 0.02082 0.0171829 0.0140495 0.0113867 0.00913276
 1.03623e-16 2.13839e-05 0.000125472 0.000596367 0.00229593 0.00715952 0.0180846 0.0370054 0.0613476 0.0824093 0.0897337 0.0792847 0.0570454 0.0338796 0.0175426 0.00960744 0.00785198 0.00961365 0.0132307 0.0178875 0.0230876 0.0283456 0.0331252 0.0369054 0.0392853 0.0400684 0.0392969 0.0372201 0.034216 0.0306921 0.0270016 0.0233952 0.0200152 0.0169185 0.0141134 0.0115907
 1.04099e-16 2.04416e-05 0.000119938 0.000570056 0.00219462 0.00684359 0.0172866 0.0353728 0.058642 0.0787777 0.0857869 0.0758155 0.0545886 0.0324993 0.0169725 0.00952612 0.0080498 0.0100084 0.0138143 0.0186758 0.0240907 0.0295542 0.0345062 0.0384041 0.0408342 0.0415994 0.0407538 0.0385685 0.0354464 0.0318173 0.028048 0.0243926 0.0209871 0.0178764 0.0150547 0.0125015
 1.03261e-16 2.6356e-05 0.000154671 0.000735198 0.00283049 0.00882656 0.0222953 0.0456201 0.0756241 0.101572 0.11056 0.0975916 0.0700116 0.041167 0.0205558 0.0100413 0.00680669 0.00751156 0.0100933 0.0136 0.017554 0.0215649 0.0252241 0.0281385 0.0300061 0.0306795 0.0301903 0.0287254 0.0265666 0.0240157 0.0213316 0.0186945 0.0162031 0.0138936 0.0117682 0.00981997
 1.02563e-16 2.44441e-05 0.000143439 0.000681783 0.0026248 0.00818511 0.0206752 0.0423058 0.0701328 0.0942052 0.102563 0.090586 0.0651013 0.0385119 0.0196595 0.0103118 0.00789414 0.00933196 0.0127061 0.0170849 0.0219279 0.0267349 0.0309692 0.0341225 0.0358199 0.0359046 0.0344689 0.0318178 0.0283828 0.0246151 0.020894 0.0174746 0.0144799 0.0119283 0.00977544 0.00795477
 1.03206e-16 1.99112e-05 0.000116821 0.000555228 0.00213751 0.0066655 0.0168368 0.0344527 0.0571181 0.0767348 0.0835733 0.0738856 0.0532564 0.031821 0.0168282 0.00977571 0.00862673 0.0109229 0.015114 0.0204028 0.0262495 0.0320908 0.0372988 0.04127 0.0435503 0.0439356 0.0425098 0.0396052 0.0357051 0.0313229 0.0268971 0.0227317 0.018987 0.0157079 0.0128704 0.0104237
 1.03791e-16 2.26637e-05 0.000132989 0.000632109 0.00243355 0.00758872 0.0191687 0.0392233 0.0650227 0.0873414 0.0950913 0.0839881 0.0603632 0.035717 0.0182498 0.00960505 0.00740394 0.00880794 0.0120547 0.0163017 0.0210715 0.0259224 0.0303713 0.0339478 0.0362863 0.0372015 0.0367193 0.0350493 0.0325162 0.0294721 0.0262232 0.0229886 0.0198956 0.0170007 0.0143215 0.0118638
pSPR Fmed_Fpbrs
0.570467   0.256568 0.256568
Fs Fmed_Fpbrs
0.312956   1.005 1.005
SSBpbr Bo_Bmed_Bpbrs
938431  488423  193850 193850
Ro
39854.2
SPR SPRFo_SPRFmed_SPRFpbrs
821375 468568 210738
log_Ro
10.413
likeval ReclasPelacesDesembMPH_pf_preclas_ppelaces_ptallas_desvR_qrecl_qpela
 105.987 78.1179 0.00412483 0.000704186 298.656 185.577 67.663 0 13.1544 0 0 0 0 0 0
q_reclas_q_pelaces
1 1
M
0.7
N
 41901.1 19275.1 7248.11 863.059 0.261825
 44165.9 17907.3 7089.44 2665.88 317.532
 22853.9 18678.4 6449.72 2553.42 1074.54
 26245.3 8026.64 4639.74 1602.12 901.192
 52949.4 11955.1 3353.84 1938.66 1045.98
 39758.9 25837.7 5732.54 1608.19 1431.16
 80039.4 15933 8355.73 1853.86 982.901
 86028.4 35220.9 6212.92 3258.24 1106.17
 129414 34771.6 11587 2043.93 1435.81
 140502 53037.7 11760.9 3919.1 1176.96
 72329.7 61169.7 20244.2 4489.07 1945.14
 40393.4 27543.9 17863.3 5911.88 1878.97
 46465.6 15612.4 8286.1 5373.85 2343.74
 28553 15866.1 3665.64 1945.5 1812.02
 20031.8 7342.05 2112.54 488.075 500.309
 16984.9 5715.57 1203.66 346.332 162.036
 14301.9 6652.3 1765.57 371.816 157.037
 15523.4 5916.61 2292.64 608.484 182.264
 16344.9 6774.7 2269.26 879.322 303.284
 31307.4 7223.78 2664.76 892.59 465.166
 44977.1 13931 2880.33 1062.52 541.377
 46907.5 21251.8 6263.23 1294.97 721.094
 69958.3 21830.5 9269.29 2731.8 879.334
pred_Ctot
 4236.61 3657.46 1375.33 163.766 0.0496815
 4755.97 3603.55 1426.63 536.464 63.8982
 4907.97 6982.58 2411.11 954.551 401.698
 1568.89 924.53 534.417 184.536 103.802
 661.24 296.304 83.1242 48.0493 25.9244
 5587.37 6641.78 1473.59 413.397 367.889
 6599.81 2495.24 1308.58 290.33 153.931
 11649.1 8753.17 1544.05 809.746 274.908
 16440.4 8151.67 2716.4 479.169 336.604
 12551.6 8959.4 1986.71 662.035 198.818
 12313.9 18678.6 6181.72 1370.77 593.963
 6532.85 8035.33 5211.22 1724.66 548.148
 10665.6 6175.61 3277.64 2125.67 927.087
 10278.6 8978.67 2074.4 1100.97 1025.43
 6325.5 3762.13 1082.49 250.094 256.363
 2616.45 1596.25 336.16 96.7241 45.2537
 1735.03 1494.85 396.742 83.5513 35.288
 1362.76 983.133 380.957 101.109 30.2859
 1301.81 1026.65 343.887 133.254 45.9601
 2354.86 1036.76 382.446 128.104 66.7606
 1573.14 953.614 197.166 72.7322 37.0587
 2126.76 1873.56 552.167 114.164 63.5718
 4035.56 2429.68 1031.65 304.042 97.8674
F
 0.150104 0.300207 0.300207 0.300207 0.300207
 0.160586 0.321171 0.321171 0.321171 0.321171
 0.346355 0.692709 0.692709 0.692709 0.692709
 0.0863294 0.172659 0.172659 0.172659 0.172659
 0.0174995 0.034999 0.034999 0.034999 0.034999
 0.214444 0.428888 0.428888 0.428888 0.428888
 0.12088 0.24176 0.24176 0.24176 0.24176
 0.205878 0.411756 0.411756 0.411756 0.411756
 0.19201 0.384021 0.384021 0.384021 0.384021
 0.131567 0.263135 0.263135 0.263135 0.263135
 0.265453 0.530905 0.530905 0.530905 0.530905
 0.250601 0.501202 0.501202 0.501202 0.501202
 0.374531 0.749061 0.749061 0.749061 0.749061
 0.658145 1.31629 1.31629 1.31629 1.31629
 0.554126 1.10825 1.10825 1.10825 1.10825
 0.237361 0.474722 0.474722 0.474722 0.474722
 0.182628 0.365257 0.365257 0.365257 0.365257
 0.129155 0.25831 0.25831 0.25831 0.25831
 0.11654 0.233081 0.233081 0.233081 0.233081
 0.109736 0.219473 0.219473 0.219473 0.219473
 0.0497106 0.0994212 0.0994212 0.0994212 0.0994212
 0.0648679 0.129736 0.129736 0.129736 0.129736
 0.0831934 0.166387 0.166387 0.166387 0.166387
YTP_r0W_actual
 26634.7 58798.2 34457 13256.2 5363.14
YTP_p0W_proyectada
 76567.2 339189 139894 78008.8 37693.3
CTP_r0_actual
 4035.56 2429.68 1031.65 304.042 97.8674
CTP_p0_proyectada
 9337.47 15417.7 4427.04 1879.73 786.917
Wmedp
 8.2 22 31.6 41.5 47.9
nmprior
 10 11 7 0
nm_flota  nm_reclas  nm_pelaces    nm_pelaL
inf 13.8093 13.4463 17.4366
cv_recla  cv_pelaces  cv_mph
0.976668 1.08248 0.860958
 ------------------------------------------------
Talla a la edad & desviaci?n 
 7.2 14.2025 17.0495 18.207 18.6776
 1.08 2.13037 2.55742 2.73105 2.80164
