    unsorted:	 3.238246917e-06 0.0008999900355 0.007516108912 0.3448038575 10.52629027 30.60239577 38.31971573 63.77803807 110.4532905 84.44420489 146.4475874 220.1822751 261.1576761 395.5703385 521.6131951 493.1044342 652.7348386 726.7677005 763.0059566 835.7397644 888.5661336 967.5450436 1067.537769 1280.782435 1428.262648 1672.488843 1769.847292 2196.332259 2262.441263 2661.127078 2904.315313 3032.293961 3230.126535 3457.070492 4115.708732 4488.332699 4588.894991 4905.291792 204635.0775 219003.7561 274968.3526 341497.4015 376446.6202 397320.0212 425694.5125 438011.8054 462189.3954 522969.0330 549119.1468 615978.3917 699030.0724 737678.1875 836112.3370 1001416.745 1136509.916 1282571.302 1401905.816 1534431.906 1815767.510 1994212.300 2342021.437 2388672.620 2654953.325 30856222.20
      sorted:	 3.238246917e-06 0.0008999900355 0.007516108912 0.3448038575 10.52629027 30.60239577 38.31971573 63.77803807 84.44420489 110.4532905 146.4475874 220.1822751 261.1576761 395.5703385 493.1044342 521.6131951 652.7348386 726.7677005 763.0059566 835.7397644 888.5661336 967.5450436 1067.537769 1280.782435 1428.262648 1672.488843 1769.847292 2196.332259 2262.441263 2661.127078 2904.315313 3032.293961 3230.126535 3457.070492 4115.708732 4488.332699 4588.894991 4905.291792 204635.0775 219003.7561 274968.3526 341497.4015 376446.6202 397320.0212 425694.5125 438011.8054 462189.3954 522969.0330 549119.1468 615978.3917 699030.0724 737678.1875 836112.3370 1001416.745 1136509.916 1282571.302 1401905.816 1534431.906 1815767.510 1994212.300 2342021.437 2388672.620 2654953.325 30856222.20
