    unsorted:	 1.268550667e-06 2.590110065e-06 0.0008999909486 0.007211667013 79.25657342 63.85441476 60.60783726 89.39719964 13.38195059 30.15570208 213.7456839 230.3143153 344.3374086 489.3768205 540.1935825 667.1558600 744.5086068 790.5007583 821.6419769 919.6629114 1074.120777 1238.213857 1445.143279 1670.491415 1749.223460 2040.102125 2304.323297 2672.798553 2821.720762 2996.817528 3515.348090 4045.649928 4230.128772 4498.162357 4674.837062 20105.12045 65027.75540 223169.3375 275439.8180 340941.9808 376001.7793 394714.4706 428145.3014 436146.8902 493404.7860 522067.3762 586676.4994 640492.8991 710576.9193 827791.2372 993826.3971 1152343.181 1286353.702 1491825.981 1691410.230 1995536.861 2133312.607 2368804.554 2641432.657 28241800.43
      sorted:	 1.268550667e-06 2.590110065e-06 0.0008999909486 0.007211667013 13.38195059 30.15570208 60.60783726 63.85441476 79.25657342 89.39719964 213.7456839 230.3143153 344.3374086 489.3768205 540.1935825 667.1558600 744.5086068 790.5007583 821.6419769 919.6629114 1074.120777 1238.213857 1445.143279 1670.491415 1749.223460 2040.102125 2304.323297 2672.798553 2821.720762 2996.817528 3515.348090 4045.649928 4230.128772 4498.162357 4674.837062 20105.12045 65027.75540 223169.3375 275439.8180 340941.9808 376001.7793 394714.4706 428145.3014 436146.8902 493404.7860 522067.3762 586676.4994 640492.8991 710576.9193 827791.2372 993826.3971 1152343.181 1286353.702 1491825.981 1691410.230 1995536.861 2133312.607 2368804.554 2641432.657 28241800.43
