    unsorted:	 2.774904421e-06 1.248689137e-07 0.0009000052824 0.007444063831 110.0777976 94.37195971 69.41408312 63.77276752 32.69272046 14.31851920 216.1739193 222.6880865 337.6403988 468.6376189 509.3355879 623.2353064 647.6344764 726.3392804 822.7245794 828.3846988 901.3967291 1054.347124 1148.447313 1334.237173 1417.269545 1552.117705 1722.680083 1940.697337 2213.937489 2551.260033 2883.548909 2989.315783 3278.236964 3450.112321 4069.529089 4470.590069 4570.177393 4903.358685 64165.33227 196465.0594 318828.5292 341388.6524 376614.2381 398121.1425 425142.0337 438414.5165 455213.5753 274750.8480 517095.8002 529513.1322 590442.2847 631091.8602 718739.5420 826376.0337 893428.4965 1043140.824 1175205.816 1338670.837 1499267.035 1644899.760 1894588.132 2005432.492 2377414.856 2409000.783 2659566.593 32092185.21
      sorted:	 1.248689137e-07 2.774904421e-06 0.0009000052824 0.007444063831 14.31851920 32.69272046 63.77276752 69.41408312 94.37195971 110.0777976 216.1739193 222.6880865 337.6403988 468.6376189 509.3355879 623.2353064 647.6344764 726.3392804 822.7245794 828.3846988 901.3967291 1054.347124 1148.447313 1334.237173 1417.269545 1552.117705 1722.680083 1940.697337 2213.937489 2551.260033 2883.548909 2989.315783 3278.236964 3450.112321 4069.529089 4470.590069 4570.177393 4903.358685 64165.33227 196465.0594 274750.8480 318828.5292 341388.6524 376614.2381 398121.1425 425142.0337 438414.5165 455213.5753 517095.8002 529513.1322 590442.2847 631091.8602 718739.5420 826376.0337 893428.4965 1043140.824 1175205.816 1338670.837 1499267.035 1644899.760 1894588.132 2005432.492 2377414.856 2409000.783 2659566.593 32092185.21
