years
 1997 1998 1999 2000 2001 2002 2003 2004 2005 2006 2007 2008 2009 2010 2011 2012 2013 2014 2015 2016 2017 2018 2019 2020
reclasobs
 0 0 0 370054 412103 1.49427e+06 250295 1.28982e+06 931140 785840 897777 1.04006e+06 184774 17550 25797 100020 73551 82996 120727 218422 84188 347160 605670 569463
reclaspred
 3.44822e+06 593211 1.67955e+06 1.05485e+06 1.00003e+06 1.07182e+06 1.77246e+06 922785 773867 569995 376706 267599 222400 204656 374519 617757 852999 1.28846e+06 1.35604e+06 1.46299e+06 1.51169e+06 1.1045e+06 1.38071e+06 1.11103e+06
pelacesobs
 0 0 0 0 0 0 0 0 0 2.06254e+06 1.5e+06 0 1.87456e+06 323000 250000 174000 83755 137374 0 501740 490994 745055 786931 1.00524e+06
pelacespred
 1.8905e+06 729964 678970 779107 632971 556384 855226 641247 426732 318649 156828 121375 100886 85059.5 185758 329327 480242 704987 809301 847201 927337 736663 691380 659763
mphobs
 0 0 0 0 0 112323 0 153150 637223 0 255016 313432 73983 77613 109348 50772 0 0 0 0 0 0 0 0
mphpred
 2.55052e+06 1.23145e+06 948212 1.16437e+06 910415 957693 1.2101e+06 1.1266e+06 753272 572713 424891 248442 203671 174591 228053 465200 650011 993677 1.21764e+06 1.26263e+06 1.34301e+06 1.16156e+06 1.10428e+06 1.05343e+06
desembarqueobs
 350755 77701 442110 56441 14545 235359 269955 359681 431902 328805 639364 411747 362871 311530 167758 66681 60226 58785 57116 71774 51957 67425 138520 160799
desembarquepred
 350796 77713.8 442314 56446.8 14545.1 235322 269802 358676 429707 326715 632162 410335 362508 312829 168154 66733.3 60261.9 58804.8 57131.3 71796 51964.8 67433.9 138535 160802
Reclutas
 62990.2 62990.2 62990.2 62990.2 62990.2 62990.2 62990.2 62990.2 62990.2 62990.2 62990.2 62990.2 62990.2 62990.2 62990.2 62990.2 62990.2 62990.2 62990.2 62990.2 62990.2 62990.2 62990.2 62990.2
log_desv_Rt
 0 0 0 0 0 0 0 0 0 0 0 0 0 0 0 0 0 0 0 0 0 0 0 0
SSB
 2.55052e+06 1.23145e+06 948212 1.16437e+06 910415 957693 1.2101e+06 1.1266e+06 753272 572713 424891 248442 203671 174591 228053 465200 650011 993677 1.21764e+06 1.26263e+06 1.34301e+06 1.16156e+06 1.10428e+06 1.05343e+06
BT
 4.61711e+06 1.50425e+06 1.91317e+06 1.63643e+06 1.31103e+06 1.27219e+06 2.1299e+06 1.76836e+06 1.38468e+06 1.04156e+06 970243 722204 630954 506550 649400 780937 1.12936e+06 1.5521e+06 1.66125e+06 1.77367e+06 1.95947e+06 1.47596e+06 1.44621e+06 1.4677e+06
Ftot
 0.0991144 0.127426 0.254088 0.0522844 0.0142412 0.212323 0.147884 0.371952 0.525221 0.541783 1.44691 1.35492 1.43487 1.35664 0.430002 0.105252 0.0689768 0.0446142 0.0411894 0.0479597 0.0336215 0.0596232 0.0977557 0.140658
BD_Bspro_t
 0.984962 0.899958 0.830885 0.733569 0.787914 0.835396 0.766267 0.728969 0.60711 0.4908 0.38863 0.218841 0.185206 0.174063 0.219339 0.390286 0.554661 0.731488 0.817198 0.862067 0.886834 0.904356 0.885226 0.846872
BD_Bspro
 1.9681 0.950238 0.731682 0.898479 0.702516 0.738998 0.933767 0.869335 0.581257 0.44193 0.327865 0.191709 0.157162 0.134722 0.175976 0.358969 0.501577 0.766765 0.939583 0.974299 1.03632 0.896309 0.852114 0.812874
BD_Bo
 1.87521 0.905392 0.697151 0.856076 0.669361 0.704121 0.889698 0.828307 0.553825 0.421074 0.312391 0.182661 0.149744 0.128364 0.16767 0.342027 0.477905 0.730577 0.89524 0.928318 0.987414 0.854008 0.811899 0.774511
BD_Brms
 9.13004 4.40818 3.39429 4.16807 3.25899 3.42823 4.33177 4.03286 2.69647 2.05012 1.52097 0.889341 0.729076 0.62498 0.816355 1.66526 2.32683 3.55704 4.35875 4.5198 4.80753 4.158 3.95298 3.77094
S_f
 0.5 1 1 1 1
 0.5 1 1 1 1
 0.5 1 1 1 1
 0.5 1 1 1 1
 0.5 1 1 1 1
 0.5 1 1 1 1
 0.5 1 1 1 1
 0.5 1 1 1 1
 0.5 1 1 1 1
 0.5 1 1 1 1
 0.5 1 1 1 1
 0.5 1 1 1 1
 0.5 1 1 1 1
 0.5 1 1 1 1
 0.5 1 1 1 1
 0.5 1 1 1 1
 0.5 1 1 1 1
 0.5 1 1 1 1
 0.5 1 1 1 1
 0.5 1 1 1 1
 0.5 1 1 1 1
 0.5 1 1 1 1
 0.5 1 1 1 1
 0.5 1 1 1 1
Scru_reclas
 0.5 1 1 1 1
 0.5 1 1 1 1
 0.5 1 1 1 1
 0.5 1 1 1 1
 0.5 1 1 1 1
 0.5 1 1 1 1
 0.5 1 1 1 1
 0.5 1 1 1 1
 0.5 1 1 1 1
 0.5 1 1 1 1
 0.5 1 1 1 1
 0.5 1 1 1 1
 0.5 1 1 1 1
 0.5 1 1 1 1
 0.5 1 1 1 1
 0.5 1 1 1 1
 0.5 1 1 1 1
 0.5 1 1 1 1
 0.5 1 1 1 1
 0.5 1 1 1 1
 0.5 1 1 1 1
 0.5 1 1 1 1
 0.5 1 1 1 1
 0.5 1 1 1 1
Scru_pelaces
 0.5 1 1 1 1
 0.5 1 1 1 1
 0.5 1 1 1 1
 0.5 1 1 1 1
 0.5 1 1 1 1
 0.5 1 1 1 1
 0.5 1 1 1 1
 0.5 1 1 1 1
 0.5 1 1 1 1
 0.5 1 1 1 1
 0.5 1 1 1 1
 0.5 1 1 1 1
 0.5 1 1 1 1
 0.5 1 1 1 1
 0.5 1 1 1 1
 0.5 1 1 1 1
 0.5 1 1 1 1
 0.5 1 1 1 1
 0.5 1 1 1 1
 0.5 1 1 1 1
 0.5 1 1 1 1
 0.5 1 1 1 1
 0.5 1 1 1 1
 0.5 1 1 1 1
pf_obs 
 0.256992 0.487395 0.22802 0.0275931 0
 0.321318 0.546541 0.124235 0.00734118 0.000564706
 0.182869 0.594174 0.210203 0.0122559 0.00049798
 0.330522 0.361315 0.267642 0.0388342 0.00168674
 0.649043 0.306663 0.0425973 0.00169635 0
 0.582887 0.30429 0.105238 0.00758474 0
 0.465427 0.430635 0.0974691 0.00646863 0
 0.296916 0.608066 0.0921331 0.00288517 0
 0.311714 0.524322 0.152257 0.0117073 0
 0.15457 0.633149 0.183074 0.0267441 0.00246327
 0.131901 0.49318 0.331252 0.0422183 0.00144891
 0.196976 0.569456 0.194076 0.0375587 0.00193317
 0.518974 0.381816 0.0799577 0.0180837 0.00116848
 0.0928022 0.601141 0.25162 0.0475244 0.00691264
 0.122501 0.610282 0.24278 0.0234846 0.000952079
 0.383417 0.481906 0.127806 0.00687128 0
 0.0376549 0.599619 0.316969 0.0457579 0
 0.0361596 0.667082 0.258105 0.0386534 0
 0.158088 0.579412 0.248529 0.0139706 0
 0.0477256 0.309471 0.559284 0.082774 0.000745712
 0.0406174 0.521527 0.379366 0.0568643 0.0016247
 0.151134 0.462217 0.34131 0.0453401 0
 0.294876 0.26143 0.354403 0.0886775 0.000613685
 0.281977 0.475581 0.204845 0.0348837 0.00271318
pf_pred 
 0.301982 0.351392 0.174496 0.0866523 0.0854767
 0.338686 0.311371 0.176166 0.0874816 0.0862949
 0.368466 0.325241 0.144214 0.0815927 0.0804858
 0.391592 0.33861 0.138947 0.0616098 0.0692418
 0.369978 0.356846 0.152036 0.0623873 0.0587525
 0.364801 0.343713 0.165099 0.0703412 0.0560466
 0.388534 0.336076 0.149016 0.0715784 0.0547953
 0.400499 0.341676 0.141707 0.0628327 0.0532855
 0.446881 0.330838 0.126686 0.0525416 0.043054
 0.488774 0.334108 0.10594 0.0405671 0.0306115
 0.542091 0.316742 0.0922578 0.0292535 0.0196547
 0.677258 0.255011 0.0468503 0.0136461 0.00723417
 0.689601 0.268782 0.0328839 0.00604139 0.00269253
 0.698058 0.264365 0.0325388 0.00398094 0.00105733
 0.655485 0.302085 0.0371497 0.0045725 0.000708
 0.509076 0.398542 0.0810037 0.00996163 0.00141596
 0.423271 0.392851 0.149277 0.0303405 0.00426156
 0.386843 0.367556 0.167296 0.0635696 0.0147353
 0.368212 0.354407 0.166276 0.0756816 0.0354238
 0.359816 0.346407 0.164797 0.0773172 0.0516632
 0.356216 0.342855 0.162834 0.0774654 0.0606294
 0.353755 0.340995 0.162565 0.0772079 0.0654777
 0.358255 0.338073 0.160234 0.0763897 0.0670484
 0.368091 0.337683 0.154999 0.073464 0.0657632
pobs_RECLAS
 0 0 0 0 0
 0 0 0 0 0
 0 0 0 0 0
 0 0 0 0 0
 0.835266 0.146461 0.0176864 0.000547809 3.91292e-05
 0.385257 0.428462 0.181853 0.0044286 0
 0.867414 0.0963971 0.0333333 0.00285562 0
 0.441836 0.489002 0.0689373 0.000224442 0
 0.779404 0.147425 0.0564933 0.0165055 0.000172143
 0.814271 0.122319 0.05973 0.00367925 0
 0.40263 0.566651 0.0304383 0.000280538 0
 0.475488 0.404961 0.113038 0.00651328 0
 0.955842 0.0263864 0.0167828 0.000988607 0
 0.975058 0.0227948 0.00214734 0 0
 0.738997 0.206755 0.0527124 0.00153531 0
 0.850938 0.134255 0.0134407 0.00136685 0
 0.542534 0.407297 0.0501686 0 0
 0.764087 0.199537 0.0359546 0.000420521 0
 0.470689 0.182191 0.310203 0.0369168 0
 0.84361 0.089868 0.0606195 0.00523954 0.000663233
 0.607945 0.314616 0.071237 0.00620181 0
 0.523733 0.453247 0.0230204 0 0
 0.530135 0.295979 0.169645 0.0042399 0
 0.562478 0.366248 0.0663022 0.0049721 0
ppred_RECLAS
 0.30265 0.351056 0.174329 0.0865694 0.085395
 0.339623 0.31093 0.175917 0.0873577 0.0861726
 0.370635 0.324125 0.143719 0.0813126 0.0802095
 0.391972 0.338398 0.13886 0.0615713 0.0691985
 0.370075 0.356791 0.152013 0.0623777 0.0587434
 0.366543 0.34277 0.164646 0.0701483 0.0558929
 0.389709 0.33543 0.14873 0.0714408 0.05469
 0.40409 0.339629 0.140858 0.0624564 0.0529663
 0.452689 0.327364 0.125355 0.0519899 0.0426019
 0.49489 0.33011 0.104673 0.0400818 0.0302453
 0.567312 0.299297 0.0871765 0.0276423 0.0185722
 0.697093 0.239339 0.043971 0.0128075 0.00678957
 0.710758 0.250461 0.0306424 0.00562959 0.002509
 0.717185 0.247618 0.0304776 0.00372876 0.000990354
 0.659539 0.29853 0.0367125 0.00451869 0.000699668
 0.509922 0.397856 0.0808642 0.00994448 0.00141352
 0.423793 0.392495 0.149142 0.030313 0.00425769
 0.387164 0.367364 0.167208 0.0635364 0.0147276
 0.368501 0.354244 0.1662 0.075647 0.0354076
 0.360152 0.346225 0.16471 0.0772766 0.0516361
 0.356447 0.342732 0.162776 0.0774376 0.0606076
 0.354174 0.340774 0.162459 0.0771579 0.0654352
 0.358972 0.337695 0.160055 0.0763043 0.0669734
 0.369178 0.337102 0.154732 0.0733376 0.0656501
pobs_PELACES
 0 0 0 0 0
 0 0 0 0 0
 0 0 0 0 0
 0 0 0 0 0
 0 0 0 0 0
 0 0 0 0 0
 0 0 0 0 0
 0 0 0 0 0
 0 0 0 0 0
 0 0 0 0 0
 0.450072 0.473896 0.0757376 0.000293798 0
 0 0 0 0 0
 0.463077 0.371075 0.160297 0.00555027 0
 0.529543 0.364841 0.0842815 0.0213345 0
 0.631943 0.363953 0.00410389 0 0
 0.735681 0.248677 0.0153453 0.000297389 0
 0.695825 0.281241 0.0229344 0 0
 0.275771 0.60734 0.115278 0.00161068 0
 0 0 0 0 0
 0.896147 0.0623911 0.0374545 0.00400742 0
 0.803859 0.145111 0.0509908 3.86294e-05 0
 0.739449 0.233085 0.0266225 0.000797448 4.60066e-05
 0.878498 0.100942 0.0204185 0.000141795 0
 0.694673 0.275183 0.0284847 0.00165964 0
ppred_PELACES
 0.306113 0.349313 0.173464 0.0861395 0.0849709
 0.344354 0.308703 0.174656 0.0867318 0.0855552
 0.380466 0.319062 0.141474 0.0800424 0.0789565
 0.39403 0.337253 0.13839 0.0613629 0.0689643
 0.370623 0.356481 0.151881 0.0623234 0.0586923
 0.374714 0.338348 0.162522 0.0692434 0.0551719
 0.395528 0.332232 0.147312 0.0707597 0.0541686
 0.418951 0.331159 0.137345 0.0608988 0.0516454
 0.474235 0.314476 0.120421 0.0499432 0.0409248
 0.517232 0.315509 0.100043 0.0383089 0.0289075
 0.624721 0.259587 0.07561 0.0239748 0.016108
 0.742128 0.203755 0.0374337 0.0109033 0.00578014
 0.756912 0.210495 0.0257529 0.00473129 0.00210865
 0.760311 0.209859 0.0258301 0.00316017 0.000839336
 0.675286 0.284722 0.0350145 0.00430969 0.000667307
 0.514261 0.394334 0.0801483 0.00985643 0.00140101
 0.426575 0.3906 0.148422 0.0301667 0.00423714
 0.388912 0.366316 0.166731 0.0633551 0.0146856
 0.370084 0.353356 0.165783 0.0754573 0.0353188
 0.361978 0.345237 0.16424 0.0770562 0.0514888
 0.357721 0.342054 0.162454 0.0772843 0.0604877
 0.356427 0.339585 0.161893 0.0768886 0.0652069
 0.362692 0.335735 0.159127 0.0758615 0.0665848
 0.3746 0.334205 0.153402 0.0727073 0.0650859
pobs_pel_tallas
 0 0 0 0 0 0 0 0 0 0 0 0 0 0 0 0 0 0 0 0 0 0 0 0 0 0 0 0 0 0 0 0 0 0 0 0
 0 0 0 0 0 0 0 0 0 0 0 0 0 0 0 0 0 0 0 0 0 0 0 0 0 0 0 0 0 0 0 0 0 0 0 0
 0 0 0 0 0 0 0 0 0 0 0 0 0 0 0 0 0 0 0 0 0 0 0 0 0 0 0 0 0 0 0 0 0 0 0 0
 0 0 0 0 0 0 0 0 0 0 0 0 0 0 0 0 0 0 0 0 0 0 0 0 0 0 0 0 0 0 0 0 0 0 0 0
 0 0 0 0 0 0 0 0 0 0 0 0 0 0 0 0 0 0 0 0 0 0 0 0 0 0 0 0 0 0 0 0 0 0 0 0
 0 0 0 0 0 0 0 0 0 0 0 0 0 0 0 0 0 0 0 0 0 0 0 0 0 0 0 0 0 0 0 0 0 0 0 0
 0 0 0 0 0 0 0 0 0 0 0 0 0 0 0 0 0 0 0 0 0 0 0 0 0 0 0 0 0 0 0 0 0 0 0 0
 0 0 0 0 0 0 0 0 0 0 0 0 0 0 0 0 0 0 0 0 0 0 0 0 0 0 0 0 0 0 0 0 0 0 0 0
 0 0 0 0 0 0 0 0 0 0 0 0 0 0 0 0 0 0 0 0 0 0 0 0 0 0 0 0 0 0 0 0 0 0 0 0
 0 0 0 0 0 0 0 0 0 0 0 0 0 0 0 0 0 0 0 0 0 0 0 0 0 0 0 0 0 0 0 0 0 0 0 0
 0 0 0 0 0 0 0 0 1.78061e-05 0.00172719 0.00360574 0.0105946 0.0120993 0.0124554 0.0147524 0.0171206 0.0266825 0.0428682 0.0675386 0.121331 0.153587 0.119568 0.100827 0.0573624 0.0630603 0.0341343 0.0324427 0.0444173 0.0211091 0.0280891 0.0125444 0.00206551 0 0 0 0
 0 0 0 0 0 0 0 0 0 0 0 0 0 0 0 0 0 0 0 0 0 0 0 0 0 0 0 0 0 0 0 0 0 0 0 0
 0 0 0 0 0 0 0.0133647 0.0140871 0.0187388 0.0205184 0.03894 0.0496705 0.03968 0.0493445 0.0407372 0.0367815 0.0215668 0.0243155 0.0234873 0.0199281 0.019796 0.0243948 0.0301388 0.0376714 0.0412746 0.0863199 0.0771752 0.113111 0.0741005 0.0525337 0.0229764 0.00759418 0.00175318 0 0 0
 0 0 0 0 0 0 0 0 0 0 0.00219441 0.00772107 0.0458388 0.0604681 0.0671733 0.0775358 0.0609151 0.0617685 0.073594 0.0568108 0.0755445 0.0548602 0.0670107 0.0636378 0.0643287 0.046367 0.0373049 0.0286899 0.0247887 0.0153202 0.00654259 0.00121912 0.000365735 0 0 0
 0 0 0 0 0 0 0 0 0 0 0 0 0.000112435 0.00938835 0.0111873 0.0202946 0.0414886 0.0713402 0.111592 0.104902 0.108894 0.110636 0.117776 0.105296 0.107544 0.0401394 0.0192827 0.0124803 0.00416011 0.0028671 0.000618394 0 0 0 0 0
 0 0 0 0 0 0 0 0 0 0 0.00291406 0.0102884 0.027416 0.0768956 0.0749926 0.110853 0.0956884 0.0897413 0.0766577 0.0534642 0.0500743 0.0551293 0.0594112 0.0620874 0.0668451 0.0424026 0.0208742 0.0120726 0.0048766 0.00582813 0.00118941 0.000297354 0 0 0 0
 0 0.00264628 0.0354308 0.0461629 0.0458689 0.0383711 0.0214643 0.0164657 0.0346957 0.0420465 0.0363128 0.0245516 0.0311673 0.0291091 0.0169068 0.0133784 0.00837989 0.0085269 0.0148486 0.0160247 0.0276389 0.0546898 0.0760071 0.122758 0.109233 0.0665981 0.0333725 0.0166128 0.00676272 0.00308733 0.000882094 0 0 0 0 0
 0 0 0 0 0 0 0 0.000805153 0.000690131 0.00759144 0.0133425 0.0154129 0.00931677 0.000345066 0.00356568 0.00563607 0.00851162 0.0253048 0.0502646 0.0516448 0.0657925 0.0565908 0.0611916 0.0827007 0.0866115 0.110766 0.145733 0.0935128 0.0569358 0.0249597 0.0138026 0.00621118 0.00161031 0.00115022 0 0
 0 0 0 0 0 0 0 0 0 0 0 0 0 0 0 0 0 0 0 0 0 0 0 0 0 0 0 0 0 0 0 0 0 0 0 0
 0.00147267 0.00158595 0.00478618 0.00569244 0.00954404 0.0108468 0.00647125 0.017049 0.0510054 0.094081 0.124002 0.0959785 0.0687766 0.0820023 0.061753 0.0591476 0.0492212 0.0479892 0.0443925 0.0268479 0.0217502 0.0140895 0.0121071 0.0120363 0.00920419 0.00665534 0.0049561 0.00860946 0.00930331 0.0156896 0.0114698 0.00855282 0.00243557 0.00046729 0 2.83206e-05
 0 0 0 0 0.000772559 0.00158375 0.000888443 0.00281984 0.00712685 0.0440552 0.0773331 0.111326 0.0921469 0.0852325 0.0710754 0.0886704 0.0786465 0.0553345 0.0373146 0.0185414 0.00753245 0.00457741 0.012979 0.0271748 0.0457355 0.0583668 0.034881 0.0177882 0.00938659 0.00492506 0.0015258 0.00185414 0.000309023 5.79419e-05 3.86279e-05 0
 0 0.00173294 0.00326652 0 0.00397197 0.00683976 0.00946217 0.0152591 0.00757587 0.0136028 0.0228656 0.0392903 0.0559909 0.0764795 0.0681675 0.0726916 0.0566044 0.0477403 0.0527397 0.0444891 0.0609904 0.0582453 0.0661739 0.0445044 0.0529084 0.0360697 0.0280645 0.0235558 0.0158879 0.00826598 0.00280645 0.00217768 0.000904811 0.00058276 9.20147e-05 0
 0 0 0 0 0 0 0 0 0 0 0 0 0 0 0 0 0 0 0 0 0 0 0 0 0 0 0 0 0 0 0 0 0 0 0 0
 0 0 0 0 0 0 0 0 0 0 0 0 0 0 0 0 0 0 0 0 0 0 0 0 0 0 0 0 0 0 0 0 0 0 0 0
ppred_pel_tallas
 1.09507e-16 1.33749e-05 7.84513e-05 0.000372822 0.00143522 0.00447544 0.0113049 0.0231337 0.0383558 0.0515383 0.0561567 0.0497072 0.0359601 0.0217512 0.0119908 0.0077395 0.00769143 0.0102544 0.0144293 0.0196917 0.0256495 0.0318518 0.0377698 0.0428732 0.0467348 0.0491135 0.0499869 0.049521 0.0479959 0.0457144 0.0429301 0.0398125 0.0364543 0.032903 0.0292 0.0254087
 1.09558e-16 1.50407e-05 8.82351e-05 0.000419344 0.00161435 0.00503407 0.0127159 0.0260204 0.0431393 0.0579581 0.0631309 0.0558311 0.0402829 0.0241514 0.0129266 0.0077621 0.00714906 0.00926688 0.0129853 0.0177438 0.0231722 0.0288723 0.03438 0.0392263 0.043026 0.0455504 0.0467564 0.0467614 0.0457804 0.0440502 0.0417694 0.0390722 0.0360364 0.0327119 0.0291542 0.0254455
 1.08552e-16 1.66158e-05 9.74809e-05 0.000463298 0.00178358 0.00556181 0.0140489 0.028748 0.0476605 0.0640295 0.0697371 0.0616564 0.0444488 0.0265739 0.0140847 0.00823928 0.00735139 0.00939027 0.0130913 0.0178267 0.0231904 0.0287578 0.034044 0.0385674 0.0419443 0.0439644 0.0446199 0.0440762 0.042602 0.0404834 0.0379568 0.0351756 0.0322175 0.0291142 0.0258895 0.022587
 1.07406e-16 1.7208e-05 0.000100956 0.000479815 0.00184717 0.00576011 0.0145498 0.029773 0.0493599 0.066313 0.072225 0.0638581 0.0460405 0.0275341 0.0146086 0.00856706 0.00766203 0.00978685 0.0136247 0.0185142 0.0240192 0.0296817 0.0349816 0.0394068 0.0425552 0.0442162 0.0444027 0.0433188 0.0412833 0.0386362 0.0356614 0.0325481 0.0293938 0.0262337 0.023081 0.0199578
 1.07157e-16 1.61882e-05 9.49669e-05 0.000451338 0.00173752 0.00541816 0.0136861 0.0280059 0.0464316 0.0623827 0.0679541 0.0601056 0.0433863 0.0260497 0.0140092 0.00850958 0.00792674 0.0102941 0.0143772 0.0195415 0.025344 0.0313027 0.0368657 0.041488 0.0447417 0.046402 0.0464823 0.0452007 0.0428998 0.0399475 0.0366552 0.0332353 0.0298025 0.0264037 0.0230587 0.0197918
 1.07375e-16 1.63659e-05 9.60117e-05 0.000456308 0.00175667 0.00547786 0.0138369 0.0283143 0.0469423 0.0630669 0.0686946 0.0607488 0.0438253 0.0262628 0.0140325 0.00838445 0.00766899 0.00989366 0.0138132 0.0187986 0.0244254 0.0302389 0.0357169 0.0403404 0.0436959 0.0455573 0.0459188 0.0449657 0.0430005 0.0403517 0.0373001 0.0340404 0.0306835 0.0272847 0.0238799 0.0205134
 1.07162e-16 1.72731e-05 0.000101339 0.000481636 0.00185418 0.00578197 0.0146051 0.0298859 0.049547 0.0665639 0.0724969 0.0640955 0.046205 0.0276193 0.0146299 0.00854292 0.00760249 0.00969335 0.0134951 0.0183479 0.0238206 0.0294625 0.0347604 0.0392068 0.0424005 0.0441261 0.044387 0.0433742 0.0413932 0.0387733 0.0357925 0.0326407 0.0294216 0.0261813 0.0229453 0.0197473
 1.06564e-16 1.82945e-05 0.000107335 0.000510143 0.00196394 0.00612425 0.0154696 0.0316549 0.052479 0.0705007 0.0767789 0.0678676 0.0488944 0.029167 0.0153396 0.00878374 0.00762655 0.00961596 0.0133465 0.0181203 0.0234921 0.0290058 0.0341469 0.0384095 0.0413971 0.042903 0.0429419 0.0417193 0.0395565 0.0367972 0.0337323 0.0305594 0.0273844 0.0242492 0.0211699 0.0181666
 1.05441e-16 2.07044e-05 0.000121485 0.000577418 0.00222298 0.00693204 0.01751 0.0358295 0.0593979 0.0797896 0.0868791 0.076758 0.0552174 0.032774 0.0169342 0.00921838 0.00747359 0.0091231 0.0125636 0.0170173 0.0220217 0.0271306 0.0318506 0.0357004 0.0383068 0.0394813 0.039251 0.0378276 0.0355353 0.0327201 0.0296747 0.0265986 0.0235975 0.0207092 0.0179399 0.0152944
 1.04191e-16 2.25793e-05 0.000132492 0.000629746 0.00242445 0.00756034 0.019097 0.0390767 0.0647801 0.0870165 0.0947403 0.0836847 0.0601594 0.0356249 0.0182544 0.00968965 0.00756376 0.00904935 0.0123865 0.0167258 0.0215752 0.0264742 0.0309216 0.0344343 0.0366451 0.0373805 0.0366911 0.0348199 0.0321257 0.0289885 0.0257291 0.0225659 0.0196107 0.0168943 0.0144048 0.0121205
 1.02735e-16 2.7264e-05 0.000160001 0.000760537 0.00292805 0.0091308 0.0230638 0.0471926 0.0782305 0.105072 0.114368 0.100949 0.0724118 0.0425609 0.0212187 0.0103085 0.00691089 0.0075642 0.0101284 0.0136136 0.0175219 0.0214493 0.0249763 0.0277039 0.029332 0.0297236 0.0289305 0.0271659 0.024741 0.0219846 0.0191758 0.016505 0.0140701 0.0118964 0.00996789 0.00825545
 1.01243e-16 3.23812e-05 0.000190049 0.000903399 0.00347812 0.0108462 0.0273967 0.0560575 0.0929224 0.124795 0.135809 0.119811 0.0858028 0.0501519 0.0244826 0.0110272 0.00626423 0.00603871 0.00779382 0.0103822 0.0132933 0.0161769 0.0186955 0.0205367 0.0214724 0.0214106 0.0204137 0.0186762 0.0164707 0.0140822 0.01175 0.00963501 0.00781452 0.00629808 0.00505405 0.00403487
 1.00696e-16 3.30261e-05 0.000193834 0.000921395 0.00354741 0.0110623 0.0279424 0.0571742 0.0947736 0.127281 0.138515 0.122198 0.087513 0.0511525 0.0249723 0.0112487 0.00638829 0.00615078 0.00792402 0.0105316 0.0134455 0.0163005 0.0187457 0.020459 0.0212097 0.0209118 0.0196435 0.0176224 0.0151486 0.0125332 0.0100371 0.00783417 0.0060052 0.00455422 0.00343692 0.00258872
 1.00583e-16 3.31743e-05 0.000194704 0.000925532 0.00356334 0.0111119 0.0280679 0.0574309 0.0951991 0.127853 0.139136 0.122745 0.0879027 0.0513759 0.0250732 0.0112801 0.00638643 0.00613188 0.0078922 0.0104859 0.0133834 0.0162196 0.0186438 0.0203346 0.0210617 0.0207397 0.0194474 0.0174029 0.0149072 0.0122726 0.00976123 0.00754857 0.00571661 0.00427021 0.00316515 0.00233621
 1.0077e-16 2.94699e-05 0.000172949 0.00082209 0.00316503 0.00986982 0.0249305 0.0510122 0.0845621 0.113576 0.123623 0.109116 0.0782649 0.0459902 0.0229061 0.0110864 0.00736749 0.00799547 0.0106409 0.0142134 0.0181525 0.0219999 0.0252866 0.0275774 0.0285602 0.028119 0.0263607 0.0235817 0.0201904 0.016611 0.0131995 0.0101944 0.00770707 0.00574435 0.00424627 0.00312421
 1.01671e-16 2.2453e-05 0.000131743 0.00062617 0.00241065 0.00751729 0.0189884 0.038855 0.0644148 0.0865325 0.0942311 0.0832769 0.0599578 0.0356888 0.018623 0.0104225 0.00876069 0.010839 0.0148939 0.0200297 0.0256648 0.0312147 0.0360397 0.0395336 0.0412524 0.0410155 0.0389442 0.0354184 0.0309735 0.0261715 0.0214894 0.0172534 0.0136263 0.0106372 0.00823024 0.00631287
 1.03469e-16 1.86295e-05 0.000109296 0.000519452 0.00199976 0.00623594 0.0157518 0.0322327 0.0534384 0.071794 0.0781992 0.069151 0.0498798 0.0298763 0.0159336 0.00946793 0.00858974 0.0110137 0.0152984 0.0206969 0.0266906 0.0327248 0.0381743 0.0424307 0.0450278 0.0457411 0.0446274 0.0419887 0.0382795 0.0339905 0.029548 0.0252568 0.0212908 0.0177189 0.0145473 0.0117562
 1.0535e-16 1.69862e-05 9.96507e-05 0.000473602 0.00182324 0.00568547 0.0143613 0.0293875 0.0487219 0.065459 0.0713029 0.0630623 0.0455089 0.0273009 0.0146393 0.0088255 0.00814955 0.010542 0.0147027 0.0199626 0.0258559 0.0318782 0.0374528 0.0420106 0.0451042 0.0464991 0.0462113 0.0444749 0.0416607 0.0381736 0.0343663 0.0304921 0.0267016 0.0230681 0.0196257 0.0163995
 1.06712e-16 1.61646e-05 9.48288e-05 0.000450681 0.00173499 0.00541027 0.0136662 0.0279652 0.046364 0.0622917 0.0678548 0.060017 0.0433209 0.0260077 0.0139819 0.0084866 0.00790039 0.0102607 0.0143372 0.0194992 0.0253082 0.0312868 0.0368859 0.0415607 0.0448794 0.0466088 0.04675 0.0455076 0.0432119 0.0402228 0.0368503 0.0333131 0.0297383 0.0261895 0.0227042 0.019322
 1.07498e-16 1.58108e-05 9.27522e-05 0.000440811 0.00169699 0.00529177 0.0133669 0.0273526 0.0453485 0.0609275 0.0663689 0.0587034 0.0423739 0.0254418 0.0136828 0.00831371 0.00775044 0.0100758 0.0140894 0.0191789 0.0249204 0.0308519 0.0364412 0.0411591 0.0445837 0.0464843 0.0468552 0.0458851 0.0438821 0.0411813 0.0380682 0.0347412 0.0313132 0.0278407 0.0243607 0.020919
 1.079e-16 1.5625e-05 9.16619e-05 0.000435628 0.00167704 0.00522955 0.0132097 0.027031 0.0448154 0.0602113 0.0655891 0.0580145 0.0418785 0.0251481 0.0135316 0.00823277 0.00768709 0.0100013 0.0139908 0.0190517 0.0247666 0.0306801 0.036267 0.0410047 0.044476 0.0464518 0.0469241 0.0460755 0.0442053 0.0416378 0.0386479 0.035424 0.0320718 0.0286428 0.0251728 0.0217094
 1.08098e-16 1.55685e-05 9.13304e-05 0.000434053 0.00167098 0.00521064 0.0131619 0.0269333 0.0446532 0.0599934 0.0653515 0.0578037 0.0417252 0.0250537 0.0134767 0.00819307 0.00764403 0.00994323 0.013911 0.0189471 0.0246377 0.0305318 0.0361092 0.0408517 0.0443453 0.0463619 0.0468917 0.0461134 0.0443203 0.0418299 0.0389107 0.0357457 0.0324366 0.029033 0.0255703 0.0220974
 1.08087e-16 1.58415e-05 9.29336e-05 0.000441675 0.00170033 0.00530217 0.0133931 0.0274063 0.0454371 0.0610456 0.0664952 0.0588094 0.0424381 0.0254556 0.0136452 0.00822204 0.00759464 0.00983953 0.0137549 0.0187324 0.0243587 0.0301871 0.0357033 0.0403956 0.0438552 0.045857 0.0463917 0.0456358 0.0438791 0.0414347 0.0385668 0.0354548 0.0321978 0.0288433 0.0254254 0.0219917
 1.07826e-16 1.63606e-05 9.59816e-05 0.000456166 0.00175612 0.00547616 0.0138326 0.0283055 0.0469275 0.0630467 0.0686715 0.060726 0.0438034 0.0262389 0.0139999 0.00833433 0.0075909 0.00977638 0.0136458 0.0185723 0.0241362 0.0298898 0.0353202 0.039918 0.0432782 0.0451803 0.0456204 0.0447808 0.0429569 0.040467 0.0375794 0.0344755 0.0312543 0.0279607 0.0246241 0.0212859
pSPR Fmed_Fpbrs
0.722623   0.255389 0.255389
Fs Fmed_Fpbrs
0.16726   1.005 1.005
SSBpbr Bo_Bmed_Bpbrs
1.36013e+06  914851  279355 279355
Ro
62990.2
SPR SPRFo_SPRFmed_SPRFpbrs
1.29593e+06 936472 330968
log_Ro
10.8707
likeval ReclasPelacesDesembMPH_pf_preclas_ppelaces_ptallas_desvR_qrecl_qpela
 327.845 144.439 1.20184 0.000802385 321.106 211.626 85.78 0 0 0 0 0 0 0 0
q_reclas_q_pelaces
1 1
M
0.7
N
 62990.2 37449 18596.6 9234.8 9109.52
 62990.2 29767.6 16841.8 8363.4 8249.94
 62990.2 29349.2 13013.6 7362.78 7262.9
 62990.2 27548.1 11304.2 5012.36 5633.28
 62990.2 30472.9 12983.1 5327.56 5017.17
 62990.2 31058.1 14918.4 6356.06 5064.4
 62990.2 28129.5 12472.6 5991.08 4586.35
 62990.2 29050.5 12048.4 5342.27 4530.53
 62990.2 25971.6 9945.14 4124.65 3379.85
 62990.2 24055.6 7627.66 2920.82 2204.02
 62990.2 23857.2 6948.92 2203.39 1480.4
 62990.2 15173.1 2787.58 811.94 430.43
 62990.2 15887.3 1943.72 357.098 159.152
 62990.2 15264.7 1878.83 229.864 61.0516
 62990.2 15873.7 1952.1 240.271 37.2033
 62990.2 25228.6 5127.71 630.593 89.6333
 62990.2 29676.4 11276.6 2291.96 321.923
 62990.2 30219.6 13754.6 5226.54 1211.5
 62990.2 30590 14351.8 6532.32 3057.54
 62990.2 30642.4 14577.5 6839.31 4570.02
 62990.2 30538.8 14504 6900.01 5400.39
 62990.2 30758.6 14663.7 6964.34 5906.25
 62990.2 30361.3 14390.2 6860.32 6021.41
 62990.2 29787.9 13672.8 6480.45 5801.14
pred_Ctot
 2196.52 2555.91 1269.23 630.28 621.729
 2806.52 2580.17 1459.8 724.916 715.081
 5444.33 4805.65 2130.85 1205.58 1189.23
 1170.67 1012.28 415.384 184.184 207
 321.551 310.138 132.136 54.2214 51.0624
 4590.73 4325.36 2077.64 885.189 705.303
 3242.58 2804.78 1243.64 597.37 457.304
 7770.62 6629.3 2749.44 1219.1 1033.86
 10621.8 7863.57 3011.15 1248.84 1023.34
 10918.6 7463.55 2366.58 906.22 683.823
 24302.6 14199.9 4136.02 1311.47 881.142
 23166 8722.82 1602.55 466.775 247.449
 24156.3 9415.25 1151.9 211.626 94.3177
 23187.7 8781.5 1080.86 132.236 35.1219
 8872.97 4089.18 502.877 61.8957 9.58385
 2329.39 1823.62 370.651 45.5817 6.47904
 1538.76 1428.17 542.683 110.3 15.4925
 1000.62 950.732 432.732 164.431 38.1148
 924.504 889.842 417.485 190.021 88.9418
 1074.86 1034.8 492.289 230.966 154.331
 755.9 727.547 345.538 164.383 128.657
 1332.84 1284.76 612.494 290.896 246.7
 2167.05 2044.97 969.244 462.074 405.57
 3089 2833.81 1300.74 616.504 551.88
F
 0.0495572 0.0991144 0.0991144 0.0991144 0.0991144
 0.0637132 0.127426 0.127426 0.127426 0.127426
 0.127044 0.254088 0.254088 0.254088 0.254088
 0.0261422 0.0522844 0.0522844 0.0522844 0.0522844
 0.00712058 0.0142412 0.0142412 0.0142412 0.0142412
 0.106162 0.212323 0.212323 0.212323 0.212323
 0.0739421 0.147884 0.147884 0.147884 0.147884
 0.185976 0.371952 0.371952 0.371952 0.371952
 0.262611 0.525221 0.525221 0.525221 0.525221
 0.270891 0.541783 0.541783 0.541783 0.541783
 0.723457 1.44691 1.44691 1.44691 1.44691
 0.677459 1.35492 1.35492 1.35492 1.35492
 0.717436 1.43487 1.43487 1.43487 1.43487
 0.678318 1.35664 1.35664 1.35664 1.35664
 0.215001 0.430002 0.430002 0.430002 0.430002
 0.0526258 0.105252 0.105252 0.105252 0.105252
 0.0344884 0.0689768 0.0689768 0.0689768 0.0689768
 0.0223071 0.0446142 0.0446142 0.0446142 0.0446142
 0.0205947 0.0411894 0.0411894 0.0411894 0.0411894
 0.0239798 0.0479597 0.0479597 0.0479597 0.0479597
 0.0168107 0.0336215 0.0336215 0.0336215 0.0336215
 0.0298116 0.0596232 0.0596232 0.0596232 0.0596232
 0.0488778 0.0977557 0.0977557 0.0977557 0.0977557
 0.0703289 0.140658 0.140658 0.140658 0.140658
YTP_r0W_actual
 24712 53842.4 35770.3 22194.2 24282.7
YTP_p0W_proyectada
 150995 309358 195862 118067 92455.4
CTP_r0_actual
 3089 2833.81 1300.74 616.504 551.88
CTP_p0_proyectada
 18414 14061.7 6198.15 2845 1930.18
Wmedp
 8.2 22 31.6 41.5 47.9
nmprior
 10 11 7 0
nm_flota  nm_reclas  nm_pelaces    nm_pelaL
inf 7.32158 5.26556 7.34063
cv_recla  cv_pelaces  cv_mph
1.67634 1.41419 0.91903
 ------------------------------------------------
Talla a la edad & desviaci?n 
 7.2 14.2025 17.0495 18.207 18.6776
 1.08 2.13037 2.55742 2.73105 2.80164
