years
 1997 1998 1999 2000 2001 2002 2003 2004 2005 2006 2007 2008 2009 2010 2011 2012 2013 2014 2015 2016 2017 2018 2019 2020
reclasobs
 0 0 0 370054 412103 1.49427e+06 250295 1.28982e+06 931140 785840 897777 1.04006e+06 184774 17550 25797 100020 73551 82996 120727 218422 84188 347160 605670 569463
reclaspred
 379403 104398 323597 241266 359557 427850 943286 630156 704231 641238 505147 338750 207370 96834.6 69013.3 71323.6 89868.4 122332 127833 187264 275097 253760 438419 502802
pelacesobs
 0 0 0 0 0 0 0 0 0 2.06254e+06 1.5e+06 0 1.87456e+06 323000 250000 174000 83755 137374 0 501740 490994 745055 786931 1.00524e+06
pelacespred
 1.08677e+06 265845 509560 574036 731297 731429 1.82876e+06 1.52486e+06 1.50593e+06 1.38545e+06 984757 681274 415544 162357 113744 125597 165110 227147 245233 348279 566926 510766 697933 948939
mphobs
 0 0 0 0 0 112323 0 153150 637223 0 255016 313432 73983 77613 109348 50772 0 0 0 0 0 0 0 0
mphpred
 696327 425526 525292 655257 705564 1.1143e+06 1.67801e+06 1.97827e+06 1.69851e+06 1.72103e+06 1.61855e+06 1.14154e+06 702772 370504 180968 158128 193851 268692 331185 377735 579766 693292 877763 1.21913e+06
desembarqueobs
 350755 77701 442110 56441 14545 235359 269955 359681 431902 328805 639364 411747 362871 311530 167758 66681 60226 58785 57116 71774 51957 67425 138520 160799
desembarquepred
 350761 77700.9 442105 56442 14545.1 235392 269980 359681 431929 328824 639569 411988 363199 311968 167799 66692 60243.9 58786.2 57112.5 71772.7 51957.2 67419.5 138517 160798
Reclutas
 51656.9 66555 40527.3 66941.8 114755 81088.7 130969 123208 149424 148266 68319.3 39923.4 42587.2 23685.6 18521.9 23066.7 18969.6 21001.9 23510.4 44714.3 56245.6 72802.3 113260 106087
log_desv_Rt
 -0.0729982 0.180406 -0.315647 0.186201 0.725173 0.377921 0.857338 0.79625 0.989166 0.981383 0.206569 -0.33066 -0.26607 -0.852757 -1.09867 -0.879232 -1.07478 -0.97301 -0.860181 -0.217329 0.0121057 0.270125 0.712061 0.646636
SSB
 696327 425526 525292 655257 705564 1.1143e+06 1.67801e+06 1.97827e+06 1.69851e+06 1.72103e+06 1.61855e+06 1.14154e+06 702772 370504 180968 158128 193851 268692 331185 377735 579766 693292 877763 1.21913e+06
BT
 2.23339e+06 607569 1.15542e+06 1.08768e+06 1.32055e+06 1.49516e+06 3.45863e+06 3.13898e+06 3.09216e+06 2.79855e+06 2.34325e+06 1.60037e+06 1.10219e+06 592035 346872 280108 345084 453773 488447 682265 1.05741e+06 977738 1.34482e+06 1.83214e+06
Ftot
 0.429677 0.358859 0.525393 0.1 0.0192038 0.187426 0.117705 0.23092 0.257901 0.20497 0.421124 0.390368 0.61994 1.08969 1.01244 0.398923 0.284535 0.193234 0.165788 0.169545 0.079477 0.101066 0.119538 0.120534
BD_Bspro_t
 0.947247 0.754416 0.714818 0.594142 0.725666 0.8454 0.816168 0.822963 0.77497 0.742129 0.709252 0.561666 0.447886 0.335615 0.218425 0.233939 0.348839 0.512573 0.619225 0.699202 0.796226 0.858334 0.864449 0.864741
BD_Bspro
 0.609076 0.372207 0.459472 0.573152 0.617156 0.974674 1.46775 1.73039 1.48568 1.50538 1.41574 0.998505 0.614714 0.324079 0.158292 0.138315 0.169561 0.235025 0.289687 0.330404 0.507121 0.606421 0.767778 1.06637
BD_Bo
 0.543648 0.332223 0.410114 0.511583 0.55086 0.869973 1.31009 1.54451 1.32609 1.34367 1.26366 0.891244 0.54868 0.289266 0.141288 0.123457 0.151347 0.209778 0.258568 0.294912 0.452645 0.541278 0.685302 0.951817
BD_Brms
 1.9015 1.16201 1.43445 1.78935 1.92673 3.04288 4.58225 5.4022 4.63822 4.69972 4.41988 3.11728 1.9191 1.01176 0.494181 0.431811 0.529361 0.733734 0.904387 1.03151 1.5832 1.89322 2.39696 3.32915
S_f
 0.191446 1 1 1 1
 0.191446 1 1 1 1
 0.191446 1 1 1 1
 0.191446 1 1 1 1
 0.191446 1 1 1 1
 0.191446 1 1 1 1
 0.191446 1 1 1 1
 0.191446 1 1 1 1
 0.191446 1 1 1 1
 0.191446 1 1 1 1
 0.191446 1 1 1 1
 0.191446 1 1 1 1
 0.191446 1 1 1 1
 0.191446 1 1 1 1
 0.191446 1 1 1 1
 0.191446 1 1 1 1
 0.191446 1 1 1 1
 0.191446 1 1 1 1
 0.191446 1 1 1 1
 0.191446 1 1 1 1
 0.191446 1 1 1 1
 0.191446 1 1 1 1
 0.191446 1 1 1 1
 0.191446 1 1 1 1
Scru_reclas
 1 1 1 1 1
 1 1 1 1 1
 1 1 1 1 1
 1 1 1 1 1
 1 1 1 1 1
 1 1 1 1 1
 1 1 1 1 1
 1 1 1 1 1
 1 1 1 1 1
 1 1 1 1 1
 1 1 1 1 1
 1 1 1 1 1
 1 1 1 1 1
 1 1 1 1 1
 1 1 1 1 1
 1 1 1 1 1
 1 1 1 1 1
 1 1 1 1 1
 1 1 1 1 1
 1 1 1 1 1
 1 1 1 1 1
 1 1 1 1 1
 1 1 1 1 1
 1 1 1 1 1
Scru_pelaces
 1 1 1 1 1
 1 1 1 1 1
 1 1 1 1 1
 1 1 1 1 1
 1 1 1 1 1
 1 1 1 1 1
 1 1 1 1 1
 1 1 1 1 1
 1 1 1 1 1
 1 1 1 1 1
 1 1 1 1 1
 1 1 1 1 1
 1 1 1 1 1
 1 1 1 1 1
 1 1 1 1 1
 1 1 1 1 1
 1 1 1 1 1
 1 1 1 1 1
 1 1 1 1 1
 1 1 1 1 1
 1 1 1 1 1
 1 1 1 1 1
 1 1 1 1 1
 1 1 1 1 1
pf_obs 
 0.256992 0.487395 0.22802 0.0275931 0
 0.321318 0.546541 0.124235 0.00734118 0.000564706
 0.182869 0.594174 0.210203 0.0122559 0.00049798
 0.330522 0.361315 0.267642 0.0388342 0.00168674
 0.649043 0.306663 0.0425973 0.00169635 0
 0.582887 0.30429 0.105238 0.00758474 0
 0.465427 0.430635 0.0974691 0.00646863 0
 0.296916 0.608066 0.0921331 0.00288517 0
 0.311714 0.524322 0.152257 0.0117073 0
 0.15457 0.633149 0.183074 0.0267441 0.00246327
 0.131901 0.49318 0.331252 0.0422183 0.00144891
 0.196976 0.569456 0.194076 0.0375587 0.00193317
 0.518974 0.381816 0.0799577 0.0180837 0.00116848
 0.0928022 0.601141 0.25162 0.0475244 0.00691264
 0.122501 0.610282 0.24278 0.0234846 0.000952079
 0.383417 0.481906 0.127806 0.00687128 0
 0.0376549 0.599619 0.316969 0.0457579 0
 0.0361596 0.667082 0.258105 0.0386534 0
 0.158088 0.579412 0.248529 0.0139706 0
 0.0477256 0.309471 0.559284 0.082774 0.000745712
 0.0406174 0.521527 0.379366 0.0568643 0.0016247
 0.151134 0.462217 0.34131 0.0453401 0
 0.294876 0.26143 0.354403 0.0886775 0.000613685
 0.281977 0.475581 0.204845 0.0348837 0.00271318
pf_pred 
 0.340973 0.463855 0.174421 0.0207406 1.08692e-05
 0.31895 0.522816 0.111373 0.0418791 0.00498249
 0.182359 0.607475 0.161336 0.0343687 0.0144611
 0.304018 0.416734 0.207471 0.0551011 0.0166768
 0.323446 0.476857 0.119573 0.0595294 0.0205952
 0.172871 0.59208 0.16567 0.0415422 0.0278369
 0.267684 0.39787 0.239405 0.0669879 0.0280532
 0.21177 0.526753 0.142062 0.0854809 0.0339349
 0.245719 0.459714 0.196851 0.0530894 0.0446265
 0.221007 0.511893 0.16279 0.0697074 0.0346024
 0.116718 0.547195 0.22085 0.070234 0.0450032
 0.113047 0.405011 0.298564 0.120502 0.0628766
 0.194838 0.35751 0.204412 0.150688 0.0925524
 0.176556 0.518094 0.135582 0.0775211 0.0922463
 0.252081 0.491347 0.16143 0.0422454 0.052897
 0.331674 0.496509 0.112875 0.0370849 0.0218567
 0.222426 0.588957 0.140126 0.031856 0.0166347
 0.233079 0.483311 0.214815 0.0511092 0.0176863
 0.231413 0.487524 0.177125 0.0787257 0.0252123
 0.33572 0.417945 0.156253 0.0567691 0.0333125
 0.276161 0.535969 0.118202 0.0441912 0.0254767
 0.261356 0.497737 0.17838 0.0393399 0.0231867
 0.296034 0.46413 0.161614 0.0579197 0.0203023
 0.212215 0.550468 0.156465 0.0544825 0.0263698
pobs_RECLAS
 0 0 0 0 0
 0 0 0 0 0
 0 0 0 0 0
 0 0 0 0 0
 0.835266 0.146461 0.0176864 0.000547809 3.91292e-05
 0.385257 0.428462 0.181853 0.0044286 0
 0.867414 0.0963971 0.0333333 0.00285562 0
 0.441836 0.489002 0.0689373 0.000224442 0
 0.779404 0.147425 0.0564933 0.0165055 0.000172143
 0.814271 0.122319 0.05973 0.00367925 0
 0.40263 0.566651 0.0304383 0.000280538 0
 0.475488 0.404961 0.113038 0.00651328 0
 0.955842 0.0263864 0.0167828 0.000988607 0
 0.975058 0.0227948 0.00214734 0 0
 0.738997 0.206755 0.0527124 0.00153531 0
 0.850938 0.134255 0.0134407 0.00136685 0
 0.542534 0.407297 0.0501686 0 0
 0.764087 0.199537 0.0359546 0.000420521 0
 0.470689 0.182191 0.310203 0.0369168 0
 0.84361 0.089868 0.0606195 0.00523954 0.000663233
 0.607945 0.314616 0.071237 0.00620181 0
 0.523733 0.453247 0.0230204 0 0
 0.530135 0.295979 0.169645 0.0042399 0
 0.562478 0.366248 0.0663022 0.0049721 0
ppred_RECLAS
 0.735253 0.186341 0.070069 0.00833197 4.36643e-06
 0.714295 0.219325 0.0467218 0.0175686 0.00209019
 0.546848 0.336674 0.0894156 0.0190478 0.00801459
 0.696351 0.181816 0.0905169 0.0240399 0.00727589
 0.714243 0.20141 0.0505042 0.0251435 0.00869879
 0.52445 0.340411 0.0952504 0.0238843 0.0160046
 0.657641 0.186005 0.111922 0.031317 0.0131149
 0.58704 0.27597 0.0744272 0.0447841 0.0177788
 0.63326 0.223518 0.0957112 0.0258127 0.0216979
 0.599785 0.26299 0.0836351 0.0358128 0.0177773
 0.414799 0.362533 0.14632 0.0465322 0.029816
 0.405483 0.271475 0.200125 0.0807713 0.0421456
 0.569074 0.191341 0.109402 0.0806487 0.0495345
 0.55211 0.281804 0.0737463 0.0421655 0.0501749
 0.657431 0.225051 0.0739399 0.0193496 0.0242284
 0.726584 0.203124 0.0461779 0.0151716 0.00894171
 0.603011 0.300691 0.0715411 0.016264 0.00849279
 0.616009 0.24199 0.107556 0.02559 0.00885541
 0.613402 0.245224 0.0890935 0.039599 0.0126818
 0.727065 0.171723 0.0642004 0.0233249 0.0136872
 0.666752 0.246755 0.0544191 0.0203452 0.0117292
 0.650071 0.235801 0.0845069 0.0186371 0.0109846
 0.688485 0.205384 0.0715166 0.0256303 0.00898405
 0.586068 0.289237 0.0822126 0.0286272 0.0138557
pobs_PELACES
 0 0 0 0 0
 0 0 0 0 0
 0 0 0 0 0
 0 0 0 0 0
 0 0 0 0 0
 0 0 0 0 0
 0 0 0 0 0
 0 0 0 0 0
 0 0 0 0 0
 0 0 0 0 0
 0.450072 0.473896 0.0757376 0.000293798 0
 0 0 0 0 0
 0.463077 0.371075 0.160297 0.00555027 0
 0.529543 0.364841 0.0842815 0.0213345 0
 0.631943 0.363953 0.00410389 0 0
 0.735681 0.248677 0.0153453 0.000297389 0
 0.695825 0.281241 0.0229344 0 0
 0.275771 0.60734 0.115278 0.00161068 0
 0 0 0 0 0
 0.896147 0.0623911 0.0374545 0.00400742 0
 0.803859 0.145111 0.0509908 3.86294e-05 0
 0.739449 0.233085 0.0266225 0.000797448 4.60066e-05
 0.878498 0.100942 0.0204185 0.000141795 0
 0.694673 0.275183 0.0284847 0.00165964 0
ppred_PELACES
 0.756961 0.171062 0.0643238 0.0076488 4.00841e-06
 0.733428 0.204637 0.0435928 0.016392 0.00195021
 0.581304 0.311075 0.0826167 0.0175995 0.00740519
 0.701963 0.178456 0.088844 0.0235956 0.00714141
 0.715288 0.200674 0.0503196 0.0250515 0.00866699
 0.536905 0.331495 0.0927558 0.0232588 0.0155854
 0.664676 0.182183 0.109622 0.0306734 0.0128454
 0.601893 0.266044 0.0717504 0.0431734 0.0171393
 0.64909 0.21387 0.0915799 0.0246985 0.0207613
 0.612839 0.254412 0.0809072 0.0346447 0.0171975
 0.442309 0.345491 0.139441 0.0443447 0.0284144
 0.430819 0.259906 0.191596 0.0773291 0.0403495
 0.609089 0.173573 0.099243 0.0731597 0.0449347
 0.622448 0.237548 0.0621648 0.0355437 0.0422952
 0.715451 0.186935 0.0614169 0.0160724 0.0201249
 0.747213 0.187799 0.0426939 0.0140269 0.00826707
 0.621036 0.287038 0.0682928 0.0155256 0.00810718
 0.62813 0.234351 0.104161 0.0247822 0.00857589
 0.623838 0.238604 0.0866884 0.03853 0.0123394
 0.735949 0.166133 0.0621106 0.0225657 0.0132417
 0.671447 0.243278 0.0536524 0.0200585 0.011564
 0.65618 0.231684 0.0830315 0.0183117 0.0107929
 0.695284 0.200901 0.0699557 0.0250709 0.00878796
 0.593848 0.283801 0.0806674 0.0280891 0.0135953
pobs_pel_tallas
 0 0 0 0 0 0 0 0 0 0 0 0 0 0 0 0 0 0 0 0 0 0 0 0 0 0 0 0 0 0 0 0 0 0 0 0
 0 0 0 0 0 0 0 0 0 0 0 0 0 0 0 0 0 0 0 0 0 0 0 0 0 0 0 0 0 0 0 0 0 0 0 0
 0 0 0 0 0 0 0 0 0 0 0 0 0 0 0 0 0 0 0 0 0 0 0 0 0 0 0 0 0 0 0 0 0 0 0 0
 0 0 0 0 0 0 0 0 0 0 0 0 0 0 0 0 0 0 0 0 0 0 0 0 0 0 0 0 0 0 0 0 0 0 0 0
 0 0 0 0 0 0 0 0 0 0 0 0 0 0 0 0 0 0 0 0 0 0 0 0 0 0 0 0 0 0 0 0 0 0 0 0
 0 0 0 0 0 0 0 0 0 0 0 0 0 0 0 0 0 0 0 0 0 0 0 0 0 0 0 0 0 0 0 0 0 0 0 0
 0 0 0 0 0 0 0 0 0 0 0 0 0 0 0 0 0 0 0 0 0 0 0 0 0 0 0 0 0 0 0 0 0 0 0 0
 0 0 0 0 0 0 0 0 0 0 0 0 0 0 0 0 0 0 0 0 0 0 0 0 0 0 0 0 0 0 0 0 0 0 0 0
 0 0 0 0 0 0 0 0 0 0 0 0 0 0 0 0 0 0 0 0 0 0 0 0 0 0 0 0 0 0 0 0 0 0 0 0
 0 0 0 0 0 0 0 0 0 0 0 0 0 0 0 0 0 0 0 0 0 0 0 0 0 0 0 0 0 0 0 0 0 0 0 0
 0 0 0 0 0 0 0 0 1.78061e-05 0.00172719 0.00360574 0.0105946 0.0120993 0.0124554 0.0147524 0.0171206 0.0266825 0.0428682 0.0675386 0.121331 0.153587 0.119568 0.100827 0.0573624 0.0630603 0.0341343 0.0324427 0.0444173 0.0211091 0.0280891 0.0125444 0.00206551 0 0 0 0
 0 0 0 0 0 0 0 0 0 0 0 0 0 0 0 0 0 0 0 0 0 0 0 0 0 0 0 0 0 0 0 0 0 0 0 0
 0 0 0 0 0 0 0.0133647 0.0140871 0.0187388 0.0205184 0.03894 0.0496705 0.03968 0.0493445 0.0407372 0.0367815 0.0215668 0.0243155 0.0234873 0.0199281 0.019796 0.0243948 0.0301388 0.0376714 0.0412746 0.0863199 0.0771752 0.113111 0.0741005 0.0525337 0.0229764 0.00759418 0.00175318 0 0 0
 0 0 0 0 0 0 0 0 0 0 0.00219441 0.00772107 0.0458388 0.0604681 0.0671733 0.0775358 0.0609151 0.0617685 0.073594 0.0568108 0.0755445 0.0548602 0.0670107 0.0636378 0.0643287 0.046367 0.0373049 0.0286899 0.0247887 0.0153202 0.00654259 0.00121912 0.000365735 0 0 0
 0 0 0 0 0 0 0 0 0 0 0 0 0.000112435 0.00938835 0.0111873 0.0202946 0.0414886 0.0713402 0.111592 0.104902 0.108894 0.110636 0.117776 0.105296 0.107544 0.0401394 0.0192827 0.0124803 0.00416011 0.0028671 0.000618394 0 0 0 0 0
 0 0 0 0 0 0 0 0 0 0 0.00291406 0.0102884 0.027416 0.0768956 0.0749926 0.110853 0.0956884 0.0897413 0.0766577 0.0534642 0.0500743 0.0551293 0.0594112 0.0620874 0.0668451 0.0424026 0.0208742 0.0120726 0.0048766 0.00582813 0.00118941 0.000297354 0 0 0 0
 0 0.00264628 0.0354308 0.0461629 0.0458689 0.0383711 0.0214643 0.0164657 0.0346957 0.0420465 0.0363128 0.0245516 0.0311673 0.0291091 0.0169068 0.0133784 0.00837989 0.0085269 0.0148486 0.0160247 0.0276389 0.0546898 0.0760071 0.122758 0.109233 0.0665981 0.0333725 0.0166128 0.00676272 0.00308733 0.000882094 0 0 0 0 0
 0 0 0 0 0 0 0 0.000805153 0.000690131 0.00759144 0.0133425 0.0154129 0.00931677 0.000345066 0.00356568 0.00563607 0.00851162 0.0253048 0.0502646 0.0516448 0.0657925 0.0565908 0.0611916 0.0827007 0.0866115 0.110766 0.145733 0.0935128 0.0569358 0.0249597 0.0138026 0.00621118 0.00161031 0.00115022 0 0
 0 0 0 0 0 0 0 0 0 0 0 0 0 0 0 0 0 0 0 0 0 0 0 0 0 0 0 0 0 0 0 0 0 0 0 0
 0.00147267 0.00158595 0.00478618 0.00569244 0.00954404 0.0108468 0.00647125 0.017049 0.0510054 0.094081 0.124002 0.0959785 0.0687766 0.0820023 0.061753 0.0591476 0.0492212 0.0479892 0.0443925 0.0268479 0.0217502 0.0140895 0.0121071 0.0120363 0.00920419 0.00665534 0.0049561 0.00860946 0.00930331 0.0156896 0.0114698 0.00855282 0.00243557 0.00046729 0 2.83206e-05
 0 0 0 0 0.000772559 0.00158375 0.000888443 0.00281984 0.00712685 0.0440552 0.0773331 0.111326 0.0921469 0.0852325 0.0710754 0.0886704 0.0786465 0.0553345 0.0373146 0.0185414 0.00753245 0.00457741 0.012979 0.0271748 0.0457355 0.0583668 0.034881 0.0177882 0.00938659 0.00492506 0.0015258 0.00185414 0.000309023 5.79419e-05 3.86279e-05 0
 0 0.00173294 0.00326652 0 0.00397197 0.00683976 0.00946217 0.0152591 0.00757587 0.0136028 0.0228656 0.0392903 0.0559909 0.0764795 0.0681675 0.0726916 0.0566044 0.0477403 0.0527397 0.0444891 0.0609904 0.0582453 0.0661739 0.0445044 0.0529084 0.0360697 0.0280645 0.0235558 0.0158879 0.00826598 0.00280645 0.00217768 0.000904811 0.00058276 9.20147e-05 0
 0 0 0 0 0 0 0 0 0 0 0 0 0 0 0 0 0 0 0 0 0 0 0 0 0 0 0 0 0 0 0 0 0 0 0 0
 0 0 0 0 0 0 0 0 0 0 0 0 0 0 0 0 0 0 0 0 0 0 0 0 0 0 0 0 0 0 0 0 0 0 0 0
ppred_pel_tallas
 1.01232e-16 3.30268e-05 0.000193841 0.000921436 0.00354758 0.0110628 0.0279438 0.0571767 0.0947766 0.127282 0.138508 0.122173 0.0874523 0.0510322 0.0247568 0.0108892 0.00582511 0.00532041 0.00677222 0.00903139 0.0116161 0.0142221 0.0165631 0.0183704 0.0194397 0.0196743 0.019102 0.0178597 0.0161522 0.0142007 0.012198 0.0102827 0.00853429 0.00698406 0.00563322 0.00446959
 1.0134e-16 3.20019e-05 0.000187822 0.000892812 0.00343736 0.0107191 0.0270756 0.0554005 0.0918336 0.123333 0.134219 0.118411 0.0848052 0.0495795 0.0242233 0.0109451 0.00626704 0.00608549 0.00787535 0.0105032 0.0134635 0.016407 0.0189952 0.0209135 0.0219303 0.0219486 0.0210253 0.0193487 0.0171862 0.0148179 0.0124807 0.0103355 0.00846182 0.00687397 0.00554663 0.00443921
 1.02225e-16 2.5373e-05 0.000148894 0.000707723 0.00272468 0.0084966 0.0214619 0.0439154 0.0728001 0.097785 0.106453 0.0940021 0.0675147 0.0398562 0.0201921 0.010343 0.00762223 0.00882895 0.0119718 0.0160992 0.0206821 0.0252477 0.0292917 0.0323345 0.0340186 0.0341878 0.0329171 0.0304807 0.0272735 0.0237128 0.0201543 0.0168433 0.0139066 0.0113757 0.00922373 0.0074012
 1.02464e-16 3.06289e-05 0.000179763 0.000854506 0.00328988 0.0102592 0.0259139 0.0530234 0.0878929 0.11804 0.128456 0.11332 0.0811465 0.0474149 0.0231196 0.0103723 0.00584506 0.00561575 0.00728044 0.00977608 0.0126486 0.0155983 0.0183331 0.0205725 0.0220955 0.0227845 0.0226441 0.0217856 0.0203885 0.0186505 0.0167462 0.0148036 0.0129015 0.0110817 0.00936569 0.00776911
 1.02046e-16 3.12108e-05 0.000183177 0.000870732 0.00335235 0.010454 0.026406 0.0540304 0.0895625 0.120283 0.130901 0.115485 0.0827136 0.0483644 0.0236445 0.01071 0.00617172 0.00603118 0.0078298 0.0104665 0.0134522 0.0164496 0.0191301 0.021186 0.0223878 0.0226338 0.0219686 0.0205624 0.0186603 0.0165195 0.0143569 0.0123186 0.0104774 0.00884797 0.00741291 0.00614478
 1.02953e-16 2.34378e-05 0.000137531 0.000653697 0.00251666 0.00784789 0.0198234 0.040563 0.067244 0.0903263 0.0983441 0.0868683 0.0624489 0.0369821 0.0189516 0.0100606 0.0078497 0.00937962 0.0128164 0.0172681 0.0222113 0.027154 0.031563 0.0349286 0.0368686 0.0372122 0.0360322 0.0336109 0.030357 0.0267028 0.0230158 0.0195482 0.01643 0.013694 0.0113158 0.0092502
 1.0327e-16 2.90032e-05 0.000170219 0.000809128 0.00311516 0.00971432 0.0245376 0.0502076 0.0832258 0.111773 0.121641 0.107318 0.0768695 0.044959 0.0220036 0.010012 0.00584344 0.00579411 0.00759548 0.0102439 0.0133056 0.0164857 0.0194901 0.0220311 0.0238764 0.0248928 0.0250662 0.0244874 0.0233152 0.0217289 0.0198897 0.0179188 0.0158968 0.0138751 0.0118924 0.00998573
 1.0339e-16 2.62688e-05 0.000154158 0.000732758 0.00282109 0.00879725 0.0222213 0.0454688 0.0753735 0.101237 0.110197 0.0972773 0.069799 0.0410678 0.0205537 0.0101176 0.00695529 0.0077383 0.0104077 0.0140065 0.0180442 0.0221141 0.0257905 0.0286676 0.0304397 0.0309666 0.0302986 0.0286487 0.0263267 0.0236583 0.0209164 0.0182838 0.0158505 0.013636 0.0116224 0.00978389
 1.03189e-16 2.83248e-05 0.000166233 0.000790174 0.00304217 0.0094867 0.0239627 0.0490315 0.0812773 0.10916 0.118804 0.104835 0.0751326 0.0440272 0.0217037 0.0101379 0.00627537 0.00650661 0.0086125 0.0115933 0.0149886 0.0184585 0.0216585 0.0242565 0.0259946 0.0267408 0.0265109 0.0254486 0.0237769 0.0217371 0.0195375 0.0173248 0.0151826 0.013147 0.0112291 0.00943525
 1.03226e-16 2.67457e-05 0.000156958 0.000746074 0.00287236 0.00895715 0.0226252 0.046295 0.0767427 0.103074 0.112194 0.0990306 0.0710373 0.0417568 0.0208251 0.0101303 0.00681054 0.0074726 0.0100207 0.0134877 0.0173898 0.0213346 0.0249138 0.0277366 0.0295062 0.0300822 0.0295052 0.0279715 0.0257711 0.0232115 0.0205537 0.0179755 0.0155696 0.013363 0.0113475 0.00950652
 1.04944e-16 1.93136e-05 0.000113317 0.000538578 0.00207342 0.00646564 0.016332 0.0334194 0.0554041 0.0744296 0.0810559 0.0716439 0.0516057 0.0307655 0.016145 0.00918727 0.00790907 0.0099255 0.0137449 0.0186226 0.0240818 0.0296355 0.0347381 0.038856 0.0415754 0.042688 0.0422252 0.0404266 0.0376596 0.0343199 0.030748 0.0271824 0.0237565 0.0205244 0.0174988 0.0146831
 1.07347e-16 1.88092e-05 0.000110363 0.000524553 0.00201945 0.00629736 0.0159068 0.0325489 0.0539589 0.0724821 0.0789193 0.069718 0.0501371 0.0297278 0.0153065 0.00825408 0.00661855 0.00807157 0.0111811 0.0152785 0.0199945 0.02498 0.0298372 0.034159 0.0376019 0.0399473 0.0411292 0.0412175 0.0403708 0.0387776 0.0366095 0.033999 0.0310445 0.0278288 0.0244401 0.0209834
 1.06079e-16 2.65789e-05 0.000155987 0.000741471 0.00285467 0.00890199 0.0224857 0.0460092 0.0762667 0.102428 0.111473 0.0983538 0.0704627 0.0412401 0.0202374 0.00930239 0.0055656 0.00564347 0.00746837 0.0101316 0.0132456 0.0165477 0.0197731 0.0226588 0.024987 0.0266244 0.0275374 0.0277785 0.027452 0.0266728 0.0255357 0.0241023 0.0224082 0.0204802 0.0183553 0.0160915
 1.04158e-16 2.7164e-05 0.000159416 0.00075776 0.00291737 0.00909749 0.0229796 0.0470202 0.0779441 0.104686 0.113943 0.100562 0.0721089 0.0423322 0.021011 0.0100528 0.00654139 0.00702307 0.00936847 0.0126042 0.0162591 0.019966 0.0233481 0.0260473 0.0277933 0.0284611 0.028092 0.0268684 0.0250544 0.0229247 0.0207045 0.0185384 0.0164903 0.0145661 0.0127448 0.0110054
 1.02426e-16 3.12173e-05 0.000183217 0.000870924 0.00335309 0.0104563 0.0264118 0.0540423 0.0895818 0.120308 0.130925 0.115499 0.0827086 0.0483311 0.0235719 0.0105827 0.00596962 0.00573153 0.00741215 0.00991927 0.0127796 0.0156772 0.0183065 0.0203798 0.0216787 0.0221001 0.0216742 0.0205456 0.018928 0.0170481 0.0150982 0.0132094 0.0114497 0.00983855 0.008369 0.0070275
 1.01536e-16 3.26023e-05 0.000191348 0.00090958 0.00350193 0.0109204 0.0275842 0.056441 0.0935577 0.125647 0.136732 0.120616 0.0863592 0.0504367 0.0245465 0.0109297 0.00603422 0.00567362 0.00727572 0.00969525 0.012437 0.0151744 0.0175965 0.0194151 0.0204169 0.0205112 0.0197469 0.0182924 0.0163874 0.0142833 0.0121921 0.010257 0.00854812 0.00707801 0.00582474 0.00475427
 1.01976e-16 2.71045e-05 0.000159062 0.000756067 0.00291083 0.00907709 0.0229282 0.0469152 0.0777716 0.104458 0.113706 0.10038 0.0720369 0.0424073 0.0212654 0.010534 0.00732096 0.0081899 0.0110091 0.0147767 0.0189655 0.023129 0.0268002 0.0295379 0.0310151 0.0310927 0.029846 0.0275351 0.0245308 0.0212235 0.017944 0.0149185 0.0122608 0.0099945 0.00808794 0.00648815
 1.02808e-16 2.74117e-05 0.00016087 0.000764675 0.00294399 0.00918051 0.0231893 0.0474492 0.0786553 0.105641 0.114981 0.101477 0.0727618 0.0427091 0.0211867 0.0101193 0.00656433 0.00703814 0.00939497 0.0126571 0.0163542 0.0201198 0.0235746 0.0263518 0.0281664 0.0288726 0.0284889 0.0271765 0.0251867 0.0227936 0.0202369 0.0176898 0.0152551 0.0129804 0.0108827 0.00896802
 1.03209e-16 2.72247e-05 0.000159772 0.000759453 0.00292388 0.00911781 0.023031 0.0471252 0.0781183 0.10492 0.114198 0.100789 0.072274 0.0424347 0.0210725 0.0101009 0.0065986 0.00710658 0.00949248 0.0127819 0.0165021 0.0202824 0.0237394 0.0265048 0.0282958 0.0289732 0.0285653 0.0272445 0.0252714 0.0229251 0.020444 0.0179937 0.0156642 0.0134887 0.01147 0.00960434
 1.0233e-16 3.21103e-05 0.000188462 0.000895861 0.00344911 0.0107557 0.0271681 0.0555896 0.092146 0.123749 0.134664 0.118783 0.0850277 0.0496212 0.0240799 0.0106055 0.00569591 0.00522778 0.00667459 0.00892423 0.0115142 0.0141552 0.0165747 0.0185155 0.0197802 0.0202715 0.0200081 0.019109 0.0177544 0.0161376 0.0144233 0.012726 0.0111081 0.00959223 0.00818077 0.00687136
 1.02071e-16 2.93008e-05 0.00017196 0.000817397 0.00314698 0.00981353 0.0247883 0.0507209 0.0840782 0.112923 0.122904 0.108461 0.0777511 0.0456004 0.0225499 0.0106479 0.006737 0.00707998 0.00936952 0.0125489 0.0161082 0.0196559 0.0227954 0.0251545 0.0264581 0.026589 0.025611 0.0237422 0.0212929 0.0185877 0.0158996 0.0134122 0.0112147 0.00932151 0.00770313 0.00631506
 1.02388e-16 2.86347e-05 0.000168051 0.000798811 0.00307542 0.00959039 0.0242246 0.0495675 0.0821662 0.110355 0.120108 0.105993 0.0759788 0.0445556 0.0220242 0.0103867 0.00655925 0.00689346 0.00914119 0.0122795 0.0158226 0.0194004 0.0226358 0.0251692 0.0267263 0.0271765 0.0265553 0.0250427 0.0229074 0.0204372 0.0178801 0.0154106 0.0131247 0.0110566 0.0092051 0.0075558
 1.02331e-16 3.03386e-05 0.000178057 0.000846387 0.00325862 0.0101617 0.0256676 0.0525197 0.0870586 0.116921 0.127244 0.112264 0.0804169 0.0470429 0.0230391 0.0105058 0.00615444 0.00610396 0.00796936 0.0106831 0.0137691 0.016895 0.0197329 0.0219718 0.0233744 0.023827 0.0233589 0.0221228 0.020347 0.0182759 0.0161183 0.0140199 0.0120598 0.0102655 0.00863569 0.00716054
 1.02839e-16 2.59188e-05 0.000152101 0.000722975 0.00278342 0.00867977 0.0219246 0.0448618 0.074368 0.0998879 0.108734 0.0959979 0.0689072 0.0405959 0.0204152 0.0102105 0.00722392 0.00817711 0.0110379 0.0148514 0.0191121 0.0233868 0.0272181 0.0301699 0.0319144 0.0323032 0.0313944 0.0294238 0.0267342 0.023688 0.0205926 0.0176585 0.0149935 0.0126254 0.0105359 0.00869129
pSPR Fmed_Fpbrs
0.69775   0.335904 0.335904
Fs Fmed_Fpbrs
0.226605   1.005 1.005
SSBpbr Bo_Bmed_Bpbrs
1.28084e+06  829665  366198 366198
Ro
55568.9
SPR SPRFo_SPRFmed_SPRFpbrs
1.14325e+06 797704 384023
log_Ro
10.7454
likeval ReclasPelacesDesembMPH_pf_preclas_ppelaces_ptallas_desvR_qrecl_qpela
 64.4345 26.847 0.01729 0.0013457 287.826 187.984 70.8716 0 15.2346 7.93099e-05 0 0 0 0 0
q_reclas_q_pelaces
0.283098 1
M
0.7
N
 51656.9 15575.5 5856.77 696.434 0.364972
 66555 23626.4 5033.03 1892.54 225.162
 40527.3 30855.9 8194.85 1745.71 734.529
 66941.8 18199.5 9060.59 2406.35 728.304
 114755 32612 8177.54 4071.18 1408.49
 81088.7 56776.3 15886.6 3983.61 2669.37
 130969 38848.2 23375.6 6540.73 2739.12
 123208 63588.1 17149.3 10319 4096.53
 149424 58537.3 25065.9 6760.09 5682.48
 148266 70627.2 22460.6 9617.7 4774.18
 68319.3 70793.4 28572.5 9086.53 5822.3
 39923.4 31298.5 23072.5 9312.16 4858.99
 42587.2 18397.8 10519.2 7754.51 4762.82
 23685.6 18781.4 4914.99 2810.22 3344.02
 18521.9 9547.21 3136.71 820.858 1027.83
 23066.7 7577.1 1722.56 565.943 333.55
 18969.6 10612.3 2524.91 574.009 299.738
 21001.9 8920.63 3964.91 943.34 326.443
 23510.4 10050.5 3651.48 1622.96 519.76
 44714.3 11310.2 4228.43 1536.25 901.483
 56245.6 21495.3 4740.57 1772.31 1021.76
 72802.3 27509 9858.74 2174.24 1281.49
 113260 35459.8 12347.4 4425.1 1551.11
 106087 54970.6 15624.8 5440.71 2633.33
pred_Ctot
 2947.59 4009.86 1507.81 179.295 0.0939609
 3190.58 5229.93 1114.11 418.933 49.8417
 2805.23 9344.82 2481.84 528.696 222.455
 913.908 1252.74 623.678 165.639 50.1322
 302.918 446.592 111.984 55.7513 19.2881
 2059.66 7054.29 1973.86 494.952 331.661
 2101.45 3123.47 1879.44 525.887 220.231
 3841.65 9555.66 2577.1 1550.68 615.604
 5191.69 9713.12 4159.19 1121.71 942.896
 4112.41 9525.11 3029.14 1297.09 643.868
 3823.48 17925.2 7234.69 2300.75 1474.23
 2076.46 7439.29 5484.07 2213.39 1154.93
 3451.12 6332.5 3620.7 2669.1 1639.36
 3246.15 9525.63 2492.8 1425.3 1696.03
 2373.39 4626.13 1519.9 397.749 498.037
 1225.14 1834.01 416.939 136.984 80.7345
 725.538 1921.14 457.082 103.912 54.2611
 549.714 1139.88 506.638 120.54 41.713
 529.186 1114.85 405.041 180.026 57.6544
 1028.94 1280.95 478.898 173.991 102.099
 611.344 1186.49 261.668 97.8273 56.3984
 1004.42 1912.85 685.53 151.186 89.1086
 1845.31 2893.14 1007.42 361.041 126.554
 1742.7 4520.41 1284.88 447.407 216.547
F
 0.0822597 0.429677 0.429677 0.429677 0.429677
 0.068702 0.358859 0.358859 0.358859 0.358859
 0.100584 0.525393 0.525393 0.525393 0.525393
 0.0191446 0.1 0.1 0.1 0.1
 0.00367649 0.0192038 0.0192038 0.0192038 0.0192038
 0.0358819 0.187426 0.187426 0.187426 0.187426
 0.0225341 0.117705 0.117705 0.117705 0.117705
 0.0442086 0.23092 0.23092 0.23092 0.23092
 0.049374 0.257901 0.257901 0.257901 0.257901
 0.0392405 0.20497 0.20497 0.20497 0.20497
 0.0806222 0.421124 0.421124 0.421124 0.421124
 0.0747341 0.390368 0.390368 0.390368 0.390368
 0.118685 0.61994 0.61994 0.61994 0.61994
 0.208617 1.08969 1.08969 1.08969 1.08969
 0.193826 1.01244 1.01244 1.01244 1.01244
 0.0763721 0.398923 0.398923 0.398923 0.398923
 0.054473 0.284535 0.284535 0.284535 0.284535
 0.0369939 0.193234 0.193234 0.193234 0.193234
 0.0317393 0.165788 0.165788 0.165788 0.165788
 0.0324587 0.169545 0.169545 0.169545 0.169545
 0.0152155 0.079477 0.079477 0.079477 0.079477
 0.0193486 0.101066 0.101066 0.101066 0.101066
 0.0228851 0.119538 0.119538 0.119538 0.119538
 0.0230756 0.120534 0.120534 0.120534 0.120534
YTP_r0W_actual
 13941.6 85887.9 35334.2 16106.7 9528.07
YTP_p0W_proyectada
 49513.6 546226 368791 137666 79684.8
CTP_r0_actual
 1742.7 4520.41 1284.88 447.407 216.547
CTP_p0_proyectada
 6038.24 24828.5 11670.6 3317.25 1663.56
Wmedp
 8.2 22 31.6 41.5 47.9
nmprior
 10 11 7 0
nm_flota  nm_reclas  nm_pelaces    nm_pelaL
inf 14.961 18.9857 34.2068
cv_recla  cv_pelaces  cv_mph
0.743166 0.609694 1.19018
 ------------------------------------------------
Talla a la edad & desviaci?n 
 7.2 14.2025 17.0495 18.207 18.6776
 1.08 2.13037 2.55742 2.73105 2.80164
