years
 1997 1998 1999 2000 2001 2002 2003 2004 2005 2006 2007 2008 2009 2010 2011 2012 2013 2014 2015 2016 2017 2018 2019
reclasobs
 0 0 0 370054 412103 1.49427e+06 250295 1.28982e+06 931140 785840 897777 1.04006e+06 184774 17550 25797 100020 73551 82996 120727 218422 84188 347160 605670
reclaspred
 373911 102935 318583 238395 356822 424829 937049 626250 700465 638355 502945 337252 206397 96348.3 68630.3 70932 89364.5 121661 127287 187716 277713 253119 421474
pelacesobs
 0 0 0 0 0 0 0 0 0 2.06254e+06 1.5e+06 0 1.87456e+06 323000 250000 174000 83755 137374 0 501740 490994 745055 786931
pelacespred
 1.07672e+06 262723 504528 569726 729271 730033 1.82704e+06 1.52353e+06 1.50618e+06 1.38675e+06 985944 682071 415973 162481 113752 125596 165088 227150 245490 350943 575448 514523 677902
mphobs
 0 0 0 0 0 112323 0 153150 637223 0 255016 313432 73983 77613 109348 50772 0 0 0 0 0 0 0
mphpred
 139002 84729.6 104682 130437 141230 223852 337172 397665 341578 346434 326086 230018 141572 74615.7 36432.1 31822.5 39007.2 54061 66655.4 76221 117894 141584 175604
desembarqueobs
 350755 77701 442110 56441 14545 235359 269955 359681 431902 328805 639364 411747 362871 311530 167758 66681 60226 58785 57116 71774 51957 67425 138520
desembarquepred
 350760 77700.7 442103 56442 14545.1 235391 269980 359680 431928 328823 639566 411986 363196 311966 167798 66691.8 60243.9 58786.1 57112.4 71772.6 51957 67419.1 138516
Reclutas
 51195.4 66183.3 40241 66966.5 114861 80891 130919 123181 149610 148546 68278.4 39856 42558 23653.6 18498.2 23058.4 18960.6 21004.9 23591.3 45353 57414.9 70956.9 103449
log_desv_Rt
 -0.0493083 0.207471 -0.29007 0.219234 0.758769 0.408145 0.889619 0.828698 1.02307 1.01594 0.238636 -0.299684 -0.234091 -0.821444 -1.06728 -0.846929 -1.0426 -0.940202 -0.824077 -0.170482 0.0653464 0.277115 0.654121
SSB
 690809 421086 520244 648243 701881 1.11249e+06 1.67567e+06 1.9763e+06 1.69756e+06 1.7217e+06 1.62057e+06 1.14313e+06 703580 370822 181059 158150 193856 268671 331262 378801 585903 703641 872708
BT
 2.21473e+06 602090 1.14619e+06 1.07996e+06 1.31692e+06 1.49264e+06 3.45545e+06 3.13668e+06 3.09258e+06 2.80089e+06 2.34531e+06 1.60178e+06 1.10301e+06 592336 346898 280117 345048 453780 488913 687007 1.07261e+06 984538 1.30952e+06
Ftot
 0.434366 0.36349 0.531787 0.101183 0.0193266 0.187813 0.11805 0.231467 0.258437 0.205133 0.420806 0.389992 0.619854 1.08992 1.01393 0.399561 0.284995 0.193515 0.165889 0.169182 0.0786562 0.0998136 0.121265
BD_Bspro_t
 0.946709 0.752481 0.712866 0.591666 0.724699 0.845197 0.815957 0.822811 0.774885 0.742242 0.709552 0.56205 0.448204 0.335871 0.218596 0.234111 0.349062 0.512822 0.619524 0.699998 0.798047 0.860122 0.863706
BD_Bspro
 0.623225 0.37989 0.469348 0.584824 0.633214 1.00365 1.51173 1.78295 1.53149 1.55326 1.46203 1.0313 0.634747 0.334544 0.163346 0.142678 0.174891 0.242386 0.298854 0.341742 0.528583 0.634802 0.787329
BD_Bo
 0.546447 0.33309 0.411527 0.512776 0.555205 0.880009 1.32549 1.5633 1.34282 1.3619 1.28191 0.904248 0.55655 0.29333 0.143222 0.125101 0.153345 0.212525 0.262037 0.299641 0.463464 0.556598 0.690334
BD_Brms
 1.89706 1.15636 1.42867 1.78017 1.92746 3.05506 4.60162 5.4272 4.66175 4.72802 4.45032 3.13921 1.93213 1.01833 0.497214 0.434303 0.532358 0.737808 0.909693 1.04024 1.60897 1.9323 2.39658
S_f
 0.189101 1 1 1 1
 0.189101 1 1 1 1
 0.189101 1 1 1 1
 0.189101 1 1 1 1
 0.189101 1 1 1 1
 0.189101 1 1 1 1
 0.189101 1 1 1 1
 0.189101 1 1 1 1
 0.189101 1 1 1 1
 0.189101 1 1 1 1
 0.189101 1 1 1 1
 0.189101 1 1 1 1
 0.189101 1 1 1 1
 0.189101 1 1 1 1
 0.189101 1 1 1 1
 0.189101 1 1 1 1
 0.189101 1 1 1 1
 0.189101 1 1 1 1
 0.189101 1 1 1 1
 0.189101 1 1 1 1
 0.189101 1 1 1 1
 0.189101 1 1 1 1
 0.189101 1 1 1 1
Scru_reclas
 1 1 1 1 1
 1 1 1 1 1
 1 1 1 1 1
 1 1 1 1 1
 1 1 1 1 1
 1 1 1 1 1
 1 1 1 1 1
 1 1 1 1 1
 1 1 1 1 1
 1 1 1 1 1
 1 1 1 1 1
 1 1 1 1 1
 1 1 1 1 1
 1 1 1 1 1
 1 1 1 1 1
 1 1 1 1 1
 1 1 1 1 1
 1 1 1 1 1
 1 1 1 1 1
 1 1 1 1 1
 1 1 1 1 1
 1 1 1 1 1
 1 1 1 1 1
Scru_pelaces
 1 1 1 1 1
 1 1 1 1 1
 1 1 1 1 1
 1 1 1 1 1
 1 1 1 1 1
 1 1 1 1 1
 1 1 1 1 1
 1 1 1 1 1
 1 1 1 1 1
 1 1 1 1 1
 1 1 1 1 1
 1 1 1 1 1
 1 1 1 1 1
 1 1 1 1 1
 1 1 1 1 1
 1 1 1 1 1
 1 1 1 1 1
 1 1 1 1 1
 1 1 1 1 1
 1 1 1 1 1
 1 1 1 1 1
 1 1 1 1 1
 1 1 1 1 1
pf_obs 
 0.256992 0.487395 0.22802 0.0275931 0
 0.321318 0.546541 0.124235 0.00734118 0.000564706
 0.182869 0.594174 0.210203 0.0122559 0.00049798
 0.330522 0.361315 0.267642 0.0388342 0.00168674
 0.649043 0.306663 0.0425973 0.00169635 0
 0.582887 0.30429 0.105238 0.00758474 0
 0.465427 0.430635 0.0974691 0.00646863 0
 0.296916 0.608066 0.0921331 0.00288517 0
 0.311714 0.524322 0.152257 0.0117073 0
 0.15457 0.633149 0.183074 0.0267441 0.00246327
 0.131901 0.49318 0.331252 0.0422183 0.00144891
 0.196976 0.569456 0.194076 0.0375587 0.00193317
 0.518974 0.381816 0.0799577 0.0180837 0.00116848
 0.0928022 0.601141 0.25162 0.0475244 0.00691264
 0.122501 0.610282 0.24278 0.0234846 0.000952079
 0.383417 0.481906 0.127806 0.00687128 0
 0.0376549 0.599619 0.316969 0.0457579 0
 0.0361596 0.667082 0.258105 0.0386534 0
 0.158088 0.579412 0.248529 0.0139706 0
 0.0477256 0.309471 0.559284 0.082774 0.000745712
 0.0406174 0.521527 0.379366 0.0568643 0.0016247
 0.151134 0.462217 0.34131 0.0453401 0
 0.294876 0.26143 0.354403 0.0886775 0.000613685
pf_pred 
 0.338191 0.465725 0.175226 0.0208464 1.06379e-05
 0.317533 0.52424 0.111347 0.0418937 0.00498656
 0.181016 0.609799 0.160687 0.0341295 0.0143695
 0.303698 0.418119 0.20713 0.0545803 0.0164736
 0.321625 0.479757 0.119267 0.059083 0.0202679
 0.170845 0.594216 0.166152 0.0413052 0.0274812
 0.26552 0.398775 0.240584 0.067271 0.02785
 0.209869 0.528297 0.142158 0.0857653 0.0339095
 0.243817 0.461136 0.197274 0.0530841 0.0446884
 0.219117 0.513598 0.162996 0.0697299 0.0345593
 0.115251 0.548449 0.221189 0.0701969 0.0449138
 0.111547 0.405348 0.299473 0.120777 0.0628546
 0.192802 0.357939 0.20497 0.151433 0.0928561
 0.174634 0.519318 0.135712 0.0777141 0.0926219
 0.249616 0.493072 0.1619 0.042309 0.0531031
 0.328902 0.498742 0.113254 0.0371868 0.0219152
 0.220245 0.590699 0.140501 0.0319048 0.0166497
 0.23096 0.484693 0.215406 0.0512355 0.017706
 0.22983 0.488674 0.177414 0.0788459 0.025235
 0.335599 0.418589 0.155968 0.0566246 0.0332191
 0.275453 0.538136 0.117443 0.04376 0.0252074
 0.2506 0.506384 0.180493 0.039391 0.0231319
 0.277143 0.469292 0.171339 0.0610712 0.0211551
pobs_RECLAS
 0 0 0 0 0
 0 0 0 0 0
 0 0 0 0 0
 0 0 0 0 0
 0.835266 0.146461 0.0176864 0.000547809 3.91292e-05
 0.385257 0.428462 0.181853 0.0044286 0
 0.867414 0.0963971 0.0333333 0.00285562 0
 0.441836 0.489002 0.0689373 0.000224442 0
 0.779404 0.147425 0.0564933 0.0165055 0.000172143
 0.814271 0.122319 0.05973 0.00367925 0
 0.40263 0.566651 0.0304383 0.000280538 0
 0.475488 0.404961 0.113038 0.00651328 0
 0.955842 0.0263864 0.0167828 0.000988607 0
 0.975058 0.0227948 0.00214734 0 0
 0.738997 0.206755 0.0527124 0.00153531 0
 0.850938 0.134255 0.0134407 0.00136685 0
 0.542534 0.407297 0.0501686 0 0
 0.764087 0.199537 0.0359546 0.000420521 0
 0.470689 0.182191 0.310203 0.0369168 0
 0.84361 0.089868 0.0606195 0.00523954 0.000663233
 0.607945 0.314616 0.071237 0.00620181 0
 0.523733 0.453247 0.0230204 0 0
 0.530135 0.295979 0.169645 0.0042399 0
ppred_RECLAS
 0.735324 0.186257 0.0700781 0.00833707 4.25442e-06
 0.715557 0.218496 0.0464079 0.0174607 0.00207833
 0.547821 0.336683 0.0887186 0.0188436 0.00793368
 0.698649 0.180957 0.0896431 0.0236217 0.00712956
 0.715059 0.201514 0.0500962 0.0248169 0.00851321
 0.523985 0.341137 0.0953872 0.0237131 0.0157769
 0.657931 0.185721 0.112047 0.0313301 0.0129706
 0.587275 0.275956 0.0742565 0.0447996 0.0177126
 0.63375 0.223347 0.0955478 0.0257108 0.0216444
 0.600109 0.263014 0.0834705 0.0357087 0.0176979
 0.414327 0.363054 0.146419 0.0464679 0.0297314
 0.404835 0.271538 0.200614 0.0809073 0.0421056
 0.568922 0.191155 0.109463 0.0808716 0.0495891
 0.551927 0.281926 0.0736752 0.0421893 0.0502824
 0.657333 0.225164 0.0739325 0.0193206 0.0242498
 0.726565 0.20321 0.0461446 0.0151516 0.00892923
 0.602949 0.300784 0.0715432 0.0162459 0.00847802
 0.616122 0.241942 0.107523 0.025575 0.00883822
 0.614215 0.244782 0.0888686 0.0394947 0.0126404
 0.729397 0.170487 0.0635242 0.0230626 0.0135298
 0.668692 0.246069 0.0537024 0.0200098 0.0115264
 0.639947 0.243295 0.0867188 0.0189256 0.0111139
 0.671077 0.213543 0.0779646 0.0277893 0.00962625
pobs_PELACES
 0 0 0 0 0
 0 0 0 0 0
 0 0 0 0 0
 0 0 0 0 0
 0 0 0 0 0
 0 0 0 0 0
 0 0 0 0 0
 0 0 0 0 0
 0 0 0 0 0
 0 0 0 0 0
 0.450072 0.473896 0.0757376 0.000293798 0
 0 0 0 0 0
 0.463077 0.371075 0.160297 0.00555027 0
 0.529543 0.364841 0.0842815 0.0213345 0
 0.631943 0.363953 0.00410389 0 0
 0.735681 0.248677 0.0153453 0.000297389 0
 0.695825 0.281241 0.0229344 0 0
 0.275771 0.60734 0.115278 0.00161068 0
 0 0 0 0 0
 0.896147 0.0623911 0.0374545 0.00400742 0
 0.803859 0.145111 0.0509908 3.86294e-05 0
 0.739449 0.233085 0.0266225 0.000797448 4.60066e-05
 0.878498 0.100942 0.0204185 0.000141795 0
ppred_PELACES
 0.757319 0.170778 0.0642543 0.00764423 3.90086e-06
 0.734933 0.203612 0.0432467 0.0162713 0.00193676
 0.582775 0.310657 0.0818606 0.017387 0.0073204
 0.704319 0.177552 0.0879566 0.0231773 0.00699542
 0.716112 0.20077 0.0499112 0.0247252 0.00848176
 0.536503 0.332166 0.0928788 0.0230896 0.015362
 0.665005 0.181881 0.10973 0.0306822 0.0127023
 0.602203 0.265975 0.0715708 0.0431792 0.017072
 0.649649 0.213651 0.0914002 0.0245947 0.0207048
 0.613207 0.254399 0.0807365 0.0345391 0.0171182
 0.441889 0.345969 0.139529 0.0442811 0.0283322
 0.430209 0.259961 0.192061 0.077458 0.0403105
 0.609051 0.17336 0.0992728 0.0733433 0.0449728
 0.622487 0.23753 0.0620732 0.0355456 0.0423642
 0.715603 0.186875 0.0613603 0.0160352 0.0201262
 0.747285 0.187811 0.0426479 0.0140034 0.0082526
 0.621056 0.287067 0.0682806 0.0155051 0.00809139
 0.628294 0.23427 0.104114 0.0247641 0.00855798
 0.624679 0.238142 0.0864581 0.0384234 0.0122976
 0.738239 0.164916 0.0614484 0.022309 0.0130877
 0.673339 0.242618 0.0529493 0.0197291 0.0113647
 0.646078 0.239152 0.0852421 0.0186033 0.0109246
 0.6782 0.208919 0.0762763 0.0271876 0.0094178
pobs_pel_tallas
 0 0 0 0 0 0 0 0 0 0 0 0 0 0 0 0 0 0 0 0 0 0 0 0 0 0 0 0 0 0 0 0 0 0 0 0
 0 0 0 0 0 0 0 0 0 0 0 0 0 0 0 0 0 0 0 0 0 0 0 0 0 0 0 0 0 0 0 0 0 0 0 0
 0 0 0 0 0 0 0 0 0 0 0 0 0 0 0 0 0 0 0 0 0 0 0 0 0 0 0 0 0 0 0 0 0 0 0 0
 0 0 0 0 0 0 0 0 0 0 0 0 0 0 0 0 0 0 0 0 0 0 0 0 0 0 0 0 0 0 0 0 0 0 0 0
 0 0 0 0 0 0 0 0 0 0 0 0 0 0 0 0 0 0 0 0 0 0 0 0 0 0 0 0 0 0 0 0 0 0 0 0
 0 0 0 0 0 0 0 0 0 0 0 0 0 0 0 0 0 0 0 0 0 0 0 0 0 0 0 0 0 0 0 0 0 0 0 0
 0 0 0 0 0 0 0 0 0 0 0 0 0 0 0 0 0 0 0 0 0 0 0 0 0 0 0 0 0 0 0 0 0 0 0 0
 0 0 0 0 0 0 0 0 0 0 0 0 0 0 0 0 0 0 0 0 0 0 0 0 0 0 0 0 0 0 0 0 0 0 0 0
 0 0 0 0 0 0 0 0 0 0 0 0 0 0 0 0 0 0 0 0 0 0 0 0 0 0 0 0 0 0 0 0 0 0 0 0
 0 0 0 0 0 0 0 0 0 0 0 0 0 0 0 0 0 0 0 0 0 0 0 0 0 0 0 0 0 0 0 0 0 0 0 0
 0 0 0 0 0 0 0 0 1.78061e-05 0.00172719 0.00360574 0.0105946 0.0120993 0.0124554 0.0147524 0.0171206 0.0266825 0.0428682 0.0675386 0.121331 0.153587 0.119568 0.100827 0.0573624 0.0630603 0.0341343 0.0324427 0.0444173 0.0211091 0.0280891 0.0125444 0.00206551 0 0 0 0
 0 0 0 0 0 0 0 0 0 0 0 0 0 0 0 0 0 0 0 0 0 0 0 0 0 0 0 0 0 0 0 0 0 0 0 0
 0 0 0 0 0 0 0.0133647 0.0140871 0.0187388 0.0205184 0.03894 0.0496705 0.03968 0.0493445 0.0407372 0.0367815 0.0215668 0.0243155 0.0234873 0.0199281 0.019796 0.0243948 0.0301388 0.0376714 0.0412746 0.0863199 0.0771752 0.113111 0.0741005 0.0525337 0.0229764 0.00759418 0.00175318 0 0 0
 0 0 0 0 0 0 0 0 0 0 0.00219441 0.00772107 0.0458388 0.0604681 0.0671733 0.0775358 0.0609151 0.0617685 0.073594 0.0568108 0.0755445 0.0548602 0.0670107 0.0636378 0.0643287 0.046367 0.0373049 0.0286899 0.0247887 0.0153202 0.00654259 0.00121912 0.000365735 0 0 0
 0 0 0 0 0 0 0 0 0 0 0 0 0.000112435 0.00938835 0.0111873 0.0202946 0.0414886 0.0713402 0.111592 0.104902 0.108894 0.110636 0.117776 0.105296 0.107544 0.0401394 0.0192827 0.0124803 0.00416011 0.0028671 0.000618394 0 0 0 0 0
 0 0 0 0 0 0 0 0 0 0 0.00291406 0.0102884 0.027416 0.0768956 0.0749926 0.110853 0.0956884 0.0897413 0.0766577 0.0534642 0.0500743 0.0551293 0.0594112 0.0620874 0.0668451 0.0424026 0.0208742 0.0120726 0.0048766 0.00582813 0.00118941 0.000297354 0 0 0 0
 0 0.00264628 0.0354308 0.0461629 0.0458689 0.0383711 0.0214643 0.0164657 0.0346957 0.0420465 0.0363128 0.0245516 0.0311673 0.0291091 0.0169068 0.0133784 0.00837989 0.0085269 0.0148486 0.0160247 0.0276389 0.0546898 0.0760071 0.122758 0.109233 0.0665981 0.0333725 0.0166128 0.00676272 0.00308733 0.000882094 0 0 0 0 0
 0 0 0 0 0 0 0 0.000805153 0.000690131 0.00759144 0.0133425 0.0154129 0.00931677 0.000345066 0.00356568 0.00563607 0.00851162 0.0253048 0.0502646 0.0516448 0.0657925 0.0565908 0.0611916 0.0827007 0.0866115 0.110766 0.145733 0.0935128 0.0569358 0.0249597 0.0138026 0.00621118 0.00161031 0.00115022 0 0
 0 0 0 0 0 0 0 0 0 0 0 0 0 0 0 0 0 0 0 0 0 0 0 0 0 0 0 0 0 0 0 0 0 0 0 0
 0.00147267 0.00158595 0.00478618 0.00569244 0.00954404 0.0108468 0.00647125 0.017049 0.0510054 0.094081 0.124002 0.0959785 0.0687766 0.0820023 0.061753 0.0591476 0.0492212 0.0479892 0.0443925 0.0268479 0.0217502 0.0140895 0.0121071 0.0120363 0.00920419 0.00665534 0.0049561 0.00860946 0.00930331 0.0156896 0.0114698 0.00855282 0.00243557 0.00046729 0 2.83206e-05
 0 0 0 0 0.000772559 0.00158375 0.000888443 0.00281984 0.00712685 0.0440552 0.0773331 0.111326 0.0921469 0.0852325 0.0710754 0.0886704 0.0786465 0.0553345 0.0373146 0.0185414 0.00753245 0.00457741 0.012979 0.0271748 0.0457355 0.0583668 0.034881 0.0177882 0.00938659 0.00492506 0.0015258 0.00185414 0.000309023 5.79419e-05 3.86279e-05 0
 0 0.00173294 0.00326652 0 0.00397197 0.00683976 0.00946217 0.0152591 0.00757587 0.0136028 0.0228656 0.0392903 0.0559909 0.0764795 0.0681675 0.0726916 0.0566044 0.0477403 0.0527397 0.0444891 0.0609904 0.0582453 0.0661739 0.0445044 0.0529084 0.0360697 0.0280645 0.0235558 0.0158879 0.00826598 0.00280645 0.00217768 0.000904811 0.00058276 9.20147e-05 0
 0 0 0 0 0 0 0 0 0 0 0 0 0 0 0 0 0 0 0 0 0 0 0 0 0 0 0 0 0 0 0 0 0 0 0 0
ppred_pel_tallas
 1.01231e-16 3.30424e-05 0.000193933 0.000921872 0.00354926 0.011068 0.027957 0.0572037 0.0948214 0.127342 0.138573 0.12223 0.087493 0.051055 0.0247661 0.0108903 0.00582143 0.00531322 0.00676155 0.00901687 0.0115974 0.0141994 0.0165369 0.0183415 0.0194095 0.0196442 0.0190733 0.0178335 0.0161292 0.0141811 0.0121818 0.0102696 0.00852388 0.0069759 0.00562689 0.00446475
 1.0133e-16 3.20675e-05 0.000188207 0.000894643 0.00344441 0.0107411 0.0271311 0.0555141 0.0920219 0.123586 0.134494 0.118652 0.0849763 0.0496758 0.0242633 0.0109513 0.00625411 0.00605906 0.00783583 0.0104492 0.0133937 0.0163215 0.0188955 0.0208027 0.0218128 0.0218293 0.0209089 0.0192391 0.0170861 0.0147288 0.012403 0.0102687 0.0084051 0.00682633 0.00550709 0.00440688
 1.02203e-16 2.54371e-05 0.000149271 0.000709513 0.00273158 0.0085181 0.0215162 0.0440265 0.0729842 0.0980322 0.106722 0.0942387 0.067683 0.0399522 0.0202346 0.0103546 0.00761814 0.00881575 0.0119508 0.0160694 0.0206422 0.0251964 0.0292284 0.0322594 0.0339326 0.0340923 0.0328141 0.0303725 0.0271625 0.0236017 0.0200458 0.0167398 0.0138103 0.0112884 0.00914681 0.0073353
 1.0243e-16 3.07316e-05 0.000180366 0.000857372 0.00330092 0.0102936 0.0260008 0.0532013 0.0881876 0.118435 0.128886 0.113699 0.0814155 0.0475679 0.0231863 0.0103887 0.00583528 0.00558986 0.00724017 0.00971983 0.0125743 0.0155046 0.0182199 0.0204411 0.0219486 0.0226257 0.0224773 0.0216149 0.0202176 0.018483 0.016585 0.0146514 0.0127607 0.0109542 0.00925291 0.00767183
 1.0202e-16 3.12467e-05 0.000183388 0.000871735 0.00335621 0.010466 0.0264364 0.0540926 0.0896656 0.120422 0.131052 0.115618 0.0828084 0.0484193 0.0236703 0.0107197 0.00617459 0.00603147 0.00782878 0.010464 0.0134475 0.0164414 0.019117 0.0211664 0.02236 0.0225966 0.0219212 0.0205049 0.0185933 0.0164448 0.0142769 0.0122361 0.0103952 0.0087691 0.00733969 0.00607902
 1.02938e-16 2.34203e-05 0.000137428 0.000653209 0.00251479 0.00784203 0.0198086 0.0405327 0.0671939 0.090259 0.0982711 0.0868043 0.062404 0.0369577 0.0189433 0.0100629 0.00785941 0.00939597 0.01284 0.0172998 0.0222514 0.0272018 0.0316168 0.0349855 0.0369249 0.0372641 0.0360762 0.0336443 0.0303782 0.0267117 0.0230133 0.0195361 0.0164106 0.0136698 0.0112889 0.00922281
 1.03265e-16 2.90175e-05 0.000170303 0.000809528 0.0031167 0.00971912 0.0245498 0.0502324 0.0832669 0.111829 0.121701 0.10737 0.0769067 0.0449798 0.022012 0.0100128 0.00583967 0.00578696 0.00758499 0.0102297 0.0132876 0.0164641 0.0194656 0.0220047 0.0238494 0.0248666 0.025042 0.024466 0.0232968 0.0217135 0.0198767 0.0179076 0.0158868 0.0138658 0.0118835 0.00997712
 1.03385e-16 2.62824e-05 0.000154237 0.000733135 0.00282254 0.00880178 0.0222327 0.0454922 0.0754123 0.101289 0.110254 0.0973271 0.0698345 0.0410881 0.0205627 0.0101202 0.00695471 0.00773594 0.0104039 0.014001 0.0180367 0.0221044 0.0257784 0.028653 0.0304226 0.0309473 0.0302774 0.028626 0.026303 0.0236342 0.0208925 0.0182607 0.0158288 0.0136161 0.0116047 0.00976846
 1.0318e-16 2.83492e-05 0.000166376 0.000790854 0.00304479 0.00949487 0.0239834 0.0490737 0.0813472 0.109254 0.118906 0.104924 0.0751964 0.0440634 0.0217195 0.0101418 0.00627302 0.00650044 0.00860291 0.01158 0.0149709 0.0184363 0.0216317 0.0242255 0.02596 0.0267035 0.0264718 0.0254085 0.0237368 0.0216977 0.0194994 0.0172886 0.0151489 0.0131161 0.0112016 0.00941122
 1.03216e-16 2.67618e-05 0.000157053 0.000746522 0.00287409 0.00896254 0.0226388 0.0463229 0.0767889 0.103136 0.112261 0.09909 0.0710797 0.0417811 0.0208363 0.0101341 0.00681097 0.00747146 0.0100184 0.0134842 0.0173848 0.0213277 0.0249044 0.0277243 0.0294906 0.0300631 0.0294826 0.0279455 0.0257421 0.0231804 0.0205211 0.0179425 0.0155373 0.0133322 0.0113192 0.00948125
 1.04939e-16 1.92953e-05 0.00011321 0.000538067 0.00207146 0.00645952 0.0163165 0.0333878 0.0553517 0.0743592 0.0809794 0.0715768 0.0515584 0.0307393 0.016135 0.00918743 0.00791567 0.00993731 0.0137621 0.0186459 0.0241114 0.0296712 0.0347787 0.0388997 0.0416198 0.0427305 0.0422635 0.0404587 0.0376845 0.0343375 0.0307585 0.0271869 0.0237562 0.0205206 0.0174927 0.0146758
 1.07357e-16 1.87826e-05 0.000110207 0.000523811 0.00201659 0.00628845 0.0158843 0.0325028 0.0538826 0.0723796 0.0788078 0.0696197 0.0500671 0.0296876 0.0152883 0.00824824 0.00661863 0.00807467 0.0111865 0.0152867 0.020006 0.0249955 0.0298575 0.0341846 0.0376331 0.0399842 0.0411712 0.0412639 0.0404204 0.038829 0.0366608 0.0340487 0.031091 0.0278707 0.0244768 0.0210142
 1.06088e-16 2.65772e-05 0.000155977 0.000741424 0.00285449 0.00890143 0.0224843 0.0460063 0.0762619 0.102422 0.111466 0.0983475 0.0704579 0.0412368 0.020235 0.00929989 0.00556224 0.00563867 0.00746172 0.0101229 0.0132349 0.0165354 0.01976 0.022646 0.024976 0.0266165 0.0275337 0.0277798 0.0274585 0.0266844 0.0255515 0.0241213 0.0224292 0.0205018 0.0183765 0.0161114
 1.0416e-16 2.71656e-05 0.000159426 0.000757807 0.00291755 0.00909805 0.0229811 0.0470231 0.0779489 0.104692 0.11395 0.100568 0.0721132 0.0423347 0.021012 0.010053 0.00654107 0.0070224 0.00936744 0.0126028 0.0162572 0.0199635 0.0233451 0.0260437 0.0277893 0.0284569 0.0280877 0.0268642 0.0250507 0.0229217 0.0207023 0.0185371 0.01649 0.0145668 0.0127463 0.0110075
 1.02424e-16 3.1224e-05 0.000183256 0.00087111 0.00335381 0.0104585 0.0264174 0.0540538 0.0896009 0.120334 0.130953 0.115524 0.082726 0.048341 0.0235762 0.0105837 0.00596896 0.00572982 0.00740949 0.00991556 0.0127748 0.015671 0.0182991 0.0203712 0.021669 0.0220897 0.0216634 0.0205345 0.0189169 0.0170373 0.0150878 0.0131997 0.0114408 0.00983049 0.00836191 0.00702143
 1.01534e-16 3.26054e-05 0.000191367 0.000909667 0.00350227 0.0109215 0.0275868 0.0564464 0.0935667 0.125659 0.136745 0.120628 0.0863675 0.0504415 0.0245488 0.0109305 0.00603451 0.00567371 0.00727572 0.00969515 0.0124367 0.0151738 0.0175955 0.0194135 0.0204146 0.020508 0.0197428 0.0182873 0.0163814 0.0142766 0.012185 0.0102496 0.00854085 0.00707108 0.00581836 0.0047486
 1.01974e-16 2.71054e-05 0.000159067 0.000756091 0.00291092 0.00907738 0.0229289 0.0469167 0.0777741 0.104462 0.11371 0.100384 0.0720393 0.0424087 0.0212661 0.0105345 0.00732144 0.00819051 0.0110099 0.0147777 0.0189667 0.0231304 0.0268017 0.0295391 0.031016 0.031093 0.0298456 0.0275339 0.0245288 0.0212207 0.0179406 0.0149146 0.0122567 0.00999029 0.00808387 0.00648438
 1.02806e-16 2.74189e-05 0.000160912 0.000764875 0.00294476 0.00918291 0.0231954 0.0474616 0.0786758 0.105668 0.115011 0.101504 0.0727805 0.0427197 0.0211912 0.0101203 0.0065634 0.00703596 0.00939163 0.0126525 0.0163482 0.0201124 0.0235657 0.0263417 0.0281553 0.028861 0.028477 0.0271647 0.0251752 0.0227827 0.0202266 0.0176803 0.0152464 0.0129726 0.0108758 0.0089621
 1.032e-16 2.72613e-05 0.000159987 0.000760476 0.00292782 0.00913009 0.023062 0.0471887 0.0782235 0.105061 0.114352 0.100924 0.0723698 0.0424889 0.0210955 0.0101054 0.00659305 0.00709429 0.00947386 0.0127562 0.0164688 0.0202412 0.0236906 0.0264498 0.0282363 0.0289113 0.028503 0.0271837 0.0252135 0.022871 0.0203943 0.0179486 0.0156239 0.0134531 0.0114392 0.00957815
 1.02305e-16 3.22101e-05 0.000189048 0.000898647 0.00345984 0.0107892 0.0272527 0.0557625 0.0924325 0.124134 0.135082 0.11915 0.0852887 0.0497688 0.0241428 0.0106183 0.0056814 0.00519523 0.00662515 0.00885608 0.0114255 0.0140452 0.0164445 0.0183682 0.0196203 0.0201044 0.0198393 0.0189434 0.0175958 0.0159886 0.0142856 0.0126006 0.0109954 0.00949246 0.00809394 0.00679729
 1.0204e-16 2.93833e-05 0.000172444 0.000819699 0.00315584 0.00984117 0.0248581 0.0508637 0.0843149 0.113241 0.123249 0.108765 0.0779673 0.0457234 0.0226039 0.0106618 0.0067302 0.00706076 0.00933938 0.0125066 0.0160522 0.0195849 0.0227092 0.0250538 0.0263445 0.026465 0.0254795 0.0236061 0.021155 0.0184508 0.0157663 0.0132849 0.0110956 0.00921252 0.00760574 0.00623022
 1.02438e-16 2.81945e-05 0.000165466 0.000786521 0.0030281 0.00944281 0.0238519 0.0488049 0.0809024 0.108658 0.118265 0.104372 0.0748313 0.0439112 0.0217588 0.0103504 0.00665503 0.00708419 0.0094251 0.0126667 0.0163209 0.0200091 0.0233425 0.0259498 0.0275482 0.0280031 0.0273519 0.0257809 0.0235681 0.0210116 0.0183678 0.0158172 0.013459 0.0113286 0.00942387 0.00772967
 1.02526e-16 2.95939e-05 0.000173684 0.000825599 0.00317857 0.00991206 0.0250371 0.0512297 0.0849207 0.114051 0.124124 0.109519 0.0784682 0.0459382 0.0225639 0.0104008 0.00624805 0.00632537 0.00830856 0.0111531 0.014385 0.017664 0.0206505 0.0230207 0.0245267 0.0250478 0.024611 0.0233715 0.0215626 0.0194348 0.0172028 0.0150172 0.0129604 0.0110633 0.00932753 0.00774668
pSPR Fmed_Fpbrs
0.692386   0.33805 0.33805
Fs Fmed_Fpbrs
0.233505   1.005 1.005
SSBpbr Bo_Bmed_Bpbrs
1.26418e+06  812093  364147 364147
Ro
53783
SPR SPRFo_SPRFmed_SPRFpbrs
1.10844e+06 767469 374708
log_Ro
10.7127
likeval ReclasPelacesDesembMPH_pf_preclas_ppelaces_ptallas_desvR_qrecl_qpela
 64.6796 26.8017 0.0170567 0.000188999 275.654 177.419 65.4852 0 14.4413 8.00058e-05 0 0 0 0 0
q_reclas_q_pelaces
0.281538 1
M
0.7
N
 51195.4 15465 5818.62 692.231 0.353246
 66183.3 23418.1 4973.95 1871.42 222.753
 40241 30682.5 8085.08 1717.25 723.01
 66966.5 18071.3 8952.25 2358.99 711.996
 114861 32624.3 8110.37 4017.75 1378.25
 80891 56830.4 15890.7 3950.4 2628.29
 130919 38767.7 23388.8 6539.88 2707.49
 123181 63577.1 17107.8 10321.3 4080.78
 149610 58550.2 25047.8 6740.06 5674.06
 148546 70750.5 22453.5 9605.63 4760.71
 68278.4 70959.1 28617.7 9082.18 5811.01
 39856 31312.5 23133.9 9329.87 4855.43
 42558 18384.8 10527.9 7778.05 4769.37
 23653.6 18796.1 4911.95 2812.78 3352.35
 18498.2 9558.29 3138.46 820.168 1029.41
 23058.4 7583.25 1721.99 565.416 333.215
 18960.6 10617.2 2525.35 573.453 299.26
 21004.9 8921.54 3964.88 943.071 325.907
 23591.3 10055.9 3650.83 1622.49 519.284
 45353 11353.3 4230.3 1535.82 900.996
 57414.9 21812.5 4760.39 1773.74 1021.74
 70956.9 28090.5 10012.4 2185.12 1283.19
 103449 34577.3 12624.2 4499.71 1558.7
pred_Ctot
 2917.12 4017.19 1511.44 179.814 0.0917591
 3174.29 5240.68 1113.11 418.799 49.8492
 2784.82 9381.38 2472.07 525.061 221.065
 913.729 1257.99 623.187 164.215 49.5637
 301.404 449.593 111.768 55.3683 18.9936
 2033.99 7074.42 1978.12 491.757 327.177
 2081.19 3125.66 1885.73 527.28 218.292
 3803.5 9574.43 2576.36 1554.34 614.548
 5146.29 9733.27 4163.9 1120.45 943.245
 4073.77 9548.7 3030.39 1296.4 642.52
 3773.27 17956 7241.62 2298.21 1470.46
 2046.47 7436.62 5494.22 2215.81 1153.15
 3408.21 6327.38 3623.31 2676.92 1641.44
 3206.14 9534.29 2491.57 1426.77 1700.47
 2346.87 4635.81 1522.17 397.784 499.27
 1212.06 1837.95 417.358 137.04 80.7611
 717.649 1924.74 457.812 103.959 54.2517
 543.943 1141.52 507.309 120.667 41.7
 524.909 1116.08 405.197 180.076 57.6342
 1028.86 1283.28 478.156 173.596 101.841
 610.136 1191.99 260.141 96.9298 55.8353
 955.185 1930.13 687.965 150.142 88.1694
 1688.85 2859.76 1044.1 372.155 128.915
F
 0.0821389 0.434366 0.434366 0.434366 0.434366
 0.0687362 0.36349 0.36349 0.36349 0.36349
 0.100561 0.531787 0.531787 0.531787 0.531787
 0.0191337 0.101183 0.101183 0.101183 0.101183
 0.00365467 0.0193266 0.0193266 0.0193266 0.0193266
 0.0355156 0.187813 0.187813 0.187813 0.187813
 0.0223233 0.11805 0.11805 0.11805 0.11805
 0.0437706 0.231467 0.231467 0.231467 0.231467
 0.0488707 0.258437 0.258437 0.258437 0.258437
 0.0387909 0.205133 0.205133 0.205133 0.205133
 0.0795747 0.420806 0.420806 0.420806 0.420806
 0.0737478 0.389992 0.389992 0.389992 0.389992
 0.117215 0.619854 0.619854 0.619854 0.619854
 0.206104 1.08992 1.08992 1.08992 1.08992
 0.191734 1.01393 1.01393 1.01393 1.01393
 0.0755572 0.399561 0.399561 0.399561 0.399561
 0.0538928 0.284995 0.284995 0.284995 0.284995
 0.0365939 0.193515 0.193515 0.193515 0.193515
 0.0313697 0.165889 0.165889 0.165889 0.165889
 0.0319924 0.169182 0.169182 0.169182 0.169182
 0.014874 0.0786562 0.0786562 0.0786562 0.0786562
 0.0188748 0.0998136 0.0998136 0.0998136 0.0998136
 0.0229314 0.121265 0.121265 0.121265 0.121265
YTP_r0W_actual
 11146.4 69206.3 34873 16226 7064.53
YTP_p0W_proyectada
 42073.8 532720 231805 111147 65840
CTP_r0_actual
 1688.85 2859.76 1044.1 372.155 128.915
CTP_p0_proyectada
 5130.95 24214.6 7335.61 2678.24 1374.53
Wmedp
 8.2 22 31.6 41.5 47.9
nmprior
 10 11 7 0
nm_flota  nm_reclas  nm_pelaces    nm_pelaL
inf 13.9901 17.3163 23.0303
cv_recla  cv_pelaces  cv_mph
0.762966 0.634055 0.446034
 ------------------------------------------------
Talla a la edad & desviaci?n 
 7.2 14.2025 17.0495 18.207 18.6776
 1.08 2.13037 2.55742 2.73105 2.80164
