years
 1997 1998 1999 2000 2001 2002 2003 2004 2005 2006 2007 2008 2009 2010 2011 2012 2013 2014 2015 2016 2017
reclasobs
 0 0 0 370054 412103 1.49427e+06 250295 1.28982e+06 931140 785840 897777 1.04006e+06 184774 17550 25797 100020 73551 82996 120727 218422 84188
reclaspred
 469784 120908 305540 223070 365502 426714 941397 635302 717312 723247 598451 416236 263824 111247 66734.7 61799.8 75047.6 101561 105348 135969 160389
pelacesobs
 0 0 0 0 0 0 0 0 0 2.06254e+06 1.5e+06 0 1.87456e+06 323000 250000 174000 83755 137374 0 501740 490994
pelacespred
 1.92555e+06 490917 702866 843994 1.19816e+06 1.26414e+06 2.86641e+06 2.4119e+06 2.33966e+06 2.43193e+06 1.83376e+06 1.34623e+06 787551 252845 141256 153892 198716 287807 320772 388252 538828
mphobs
 0 0 0 0 0 112323 0 153150 637223 0 255016 313432 73983 77613 109348 50772 0 0 0 0 0
mphpred
 176101 96804.7 107663 108747 131130 222165 317904 377432 320745 336518 348822 249481 158575 82342.8 34387.2 26578.5 30369.1 40784.5 51676.7 56658.8 74867.8
desembarqueobs
 350755 77701 442110 56441 14545 235359 269955 359681 431902 328805 639364 411747 362871 311530 167758 66681 60226 58785 57116 71774 51957
desembarquepred
 350760 77699.1 442084 56443.1 14545.2 235418 270005 359667 431936 328813 639313 411773 362947 311613 167585 66678.1 60252.4 58778.6 57100.9 71771.8 51962.5
Reclutas
 36899.4 45141.6 24161.2 39665 67721.4 47780.1 78980.5 79130.8 100864 118553 69056.5 46513.7 44890.7 24090.3 14288.7 13740.8 10543.1 12257.4 12430.4 17861.3 15214
log_desv_Rt
 0.0928712 0.294481 -0.330577 0.165146 0.700077 0.351284 0.853876 0.855778 1.09845 1.26004 0.7196 0.324423 0.288907 -0.333514 -0.855859 -0.894958 -1.15985 -1.00919 -0.995177 -0.632688 -0.793105
SSB
 473741 260420 289630 292547 352759 597660 855213 1.01535e+06 862854 905286 938387 671144 426593 221515 92507.1 71500.5 81697.8 109717 139019 152421 201406
BT
 1.58602e+06 392392 689630 542364 709088 833042 1.92514e+06 1.76589e+06 1.80036e+06 1.72547e+06 1.59634e+06 1.11897e+06 813439 441061 230353 147372 167812 216595 223010 282030 342385
Ftot
 0.854362 0.788709 1.35503 0.280499 0.0475876 0.446792 0.281261 0.575307 0.657129 0.496141 0.934438 0.812908 1.26731 2.46586 2.89151 1.27974 0.929659 0.628798 0.505008 0.541836 0.299255
BD_Bspro_t
 0.91675 0.651603 0.57474 0.400313 0.573171 0.745077 0.694102 0.703185 0.635951 0.602995 0.581889 0.426653 0.324058 0.221199 0.118139 0.113723 0.172428 0.284223 0.389913 0.470638 0.568298
BD_Bspro
 0.681962 0.374881 0.41693 0.421129 0.507806 0.860347 1.2311 1.46163 1.2421 1.30318 1.35083 0.966129 0.614092 0.318877 0.133166 0.102927 0.117606 0.15794 0.200121 0.219414 0.28993
BD_Bo
 0.500285 0.275012 0.305859 0.308939 0.372525 0.631148 0.903132 1.07224 0.911202 0.956012 0.990966 0.70875 0.450496 0.233927 0.0976905 0.0755068 0.0862755 0.115864 0.146808 0.160962 0.212692
BD_Brms
 1.41873 0.77989 0.867367 0.876102 1.05642 1.78984 2.56114 3.04072 2.58402 2.7111 2.81022 2.0099 1.27754 0.663381 0.277035 0.214125 0.244664 0.328573 0.416324 0.456462 0.603159
S_f
 0.121955 0.725198 0.980446 0.998951 0.999945
 0.121955 0.725198 0.980446 0.998951 0.999945
 0.121955 0.725198 0.980446 0.998951 0.999945
 0.121955 0.725198 0.980446 0.998951 0.999945
 0.121955 0.725198 0.980446 0.998951 0.999945
 0.121955 0.725198 0.980446 0.998951 0.999945
 0.121955 0.725198 0.980446 0.998951 0.999945
 0.121955 0.725198 0.980446 0.998951 0.999945
 0.121955 0.725198 0.980446 0.998951 0.999945
 0.121955 0.725198 0.980446 0.998951 0.999945
 0.121955 0.725198 0.980446 0.998951 0.999945
 0.121955 0.725198 0.980446 0.998951 0.999945
 0.121955 0.725198 0.980446 0.998951 0.999945
 0.121955 0.725198 0.980446 0.998951 0.999945
 0.121955 0.725198 0.980446 0.998951 0.999945
 0.121955 0.725198 0.980446 0.998951 0.999945
 0.121955 0.725198 0.980446 0.998951 0.999945
 0.121955 0.725198 0.980446 0.998951 0.999945
 0.121955 0.725198 0.980446 0.998951 0.999945
 0.121955 0.725198 0.980446 0.998951 0.999945
 0.121955 0.725198 0.980446 0.998951 0.999945
Scru_reclas
 0.956992 1 1 1 1
 0.956992 1 1 1 1
 0.956992 1 1 1 1
 0.956992 1 1 1 1
 0.956992 1 1 1 1
 0.956992 1 1 1 1
 0.956992 1 1 1 1
 0.956992 1 1 1 1
 0.956992 1 1 1 1
 0.956992 1 1 1 1
 0.956992 1 1 1 1
 0.956992 1 1 1 1
 0.956992 1 1 1 1
 0.956992 1 1 1 1
 0.956992 1 1 1 1
 0.956992 1 1 1 1
 0.956992 1 1 1 1
 0.956992 1 1 1 1
 0.956992 1 1 1 1
 0.956992 1 1 1 1
 0.956992 1 1 1 1
Scru_pelaces
 0.625948 1 1 1 1
 0.625948 1 1 1 1
 0.625948 1 1 1 1
 0.625948 1 1 1 1
 0.625948 1 1 1 1
 0.625948 1 1 1 1
 0.625948 1 1 1 1
 0.625948 1 1 1 1
 0.625948 1 1 1 1
 0.625948 1 1 1 1
 0.625948 1 1 1 1
 0.625948 1 1 1 1
 0.625948 1 1 1 1
 0.625948 1 1 1 1
 0.625948 1 1 1 1
 0.625948 1 1 1 1
 0.625948 1 1 1 1
 0.625948 1 1 1 1
 0.625948 1 1 1 1
 0.625948 1 1 1 1
 0.625948 1 1 1 1
pf_obs 
 0.256992 0.487395 0.22802 0.0275931 0
 0.321318 0.546541 0.124235 0.00734118 0.000564706
 0.182869 0.594174 0.210203 0.0122559 0.00049798
 0.330522 0.361315 0.267642 0.0388342 0.00168674
 0.649043 0.306663 0.0425973 0.00169635 0
 0.582887 0.30429 0.105238 0.00758474 0
 0.465427 0.430635 0.0974691 0.00646863 0
 0.296916 0.608066 0.0921331 0.00288517 0
 0.311714 0.524322 0.152257 0.0117073 0
 0.15457 0.633149 0.183074 0.0267441 0.00246327
 0.131901 0.49318 0.331252 0.0422183 0.00144891
 0.196976 0.569456 0.194076 0.0375587 0.00193317
 0.518974 0.381816 0.0799577 0.0180837 0.00116848
 0.0928022 0.601141 0.25162 0.0475244 0.00691264
 0.122501 0.610282 0.24278 0.0234846 0.000952079
 0.383417 0.481906 0.127806 0.00687128 0
 0.0376549 0.599619 0.316969 0.0457579 0
 0.0361596 0.667082 0.258105 0.0386534 0
 0.158088 0.579412 0.248529 0.0139706 0
 0.0477256 0.309471 0.559284 0.082774 0.000745712
 0.0406174 0.521527 0.379366 0.0568643 0.0016247
pf_pred 
 0.314022 0.470139 0.192778 0.0230499 1.13811e-05
 0.300788 0.53687 0.124879 0.0335582 0.0039041
 0.17231 0.624256 0.169733 0.0260865 0.00761451
 0.3083 0.4369 0.213247 0.0348662 0.00668614
 0.300053 0.495202 0.144173 0.0508657 0.00970623
 0.15585 0.57803 0.203649 0.04423 0.0182411
 0.248223 0.390199 0.273508 0.067759 0.0203111
 0.212253 0.52203 0.159709 0.0806 0.0254084
 0.257562 0.470979 0.201628 0.0423842 0.0274466
 0.254383 0.519385 0.16292 0.0473361 0.0159757
 0.152817 0.57855 0.206542 0.0450116 0.0170795
 0.152604 0.487137 0.277533 0.0640331 0.0186933
 0.221719 0.452605 0.219491 0.0823205 0.0238647
 0.212363 0.583854 0.142456 0.0417886 0.0195387
 0.288849 0.577917 0.114492 0.0133061 0.00543544
 0.355507 0.563718 0.0734388 0.00635512 0.000980584
 0.237879 0.62206 0.128882 0.0101951 0.000984544
 0.261748 0.506003 0.202755 0.0272023 0.00229235
 0.226755 0.537279 0.179858 0.0491374 0.00697097
 0.276236 0.464747 0.198674 0.0462518 0.0140912
 0.189537 0.568927 0.174544 0.0516719 0.0153197
pobs_RECLAS
 0 0 0 0 0
 0 0 0 0 0
 0 0 0 0 0
 0 0 0 0 0
 0.835266 0.146461 0.0176864 0.000547809 3.91292e-05
 0.385257 0.428462 0.181853 0.0044286 0
 0.867414 0.0963971 0.0333333 0.00285562 0
 0.441836 0.489002 0.0689373 0.000224442 0
 0.779404 0.147425 0.0564933 0.0165055 0.000172143
 0.814271 0.122319 0.05973 0.00367925 0
 0.40263 0.566651 0.0304383 0.000280538 0
 0.475488 0.404961 0.113038 0.00651328 0
 0.955842 0.0263864 0.0167828 0.000988607 0
 0.975058 0.0227948 0.00214734 0 0
 0.738997 0.206755 0.0527124 0.00153531 0
 0.850938 0.134255 0.0134407 0.00136685 0
 0.542534 0.407297 0.0501686 0 0
 0.764087 0.199537 0.0359546 0.000420521 0
 0.470689 0.182191 0.310203 0.0369168 0
 0.84361 0.089868 0.0606195 0.00523954 0.000663233
 0.607945 0.314616 0.071237 0.00620181 0
ppred_RECLAS
 0.749227 0.18849 0.0557501 0.00652959 3.22049e-06
 0.731604 0.220413 0.0370844 0.00976393 0.00113469
 0.581822 0.340457 0.0650899 0.00977929 0.00285107
 0.739926 0.182168 0.0654045 0.0104912 0.00200982
 0.725951 0.210177 0.0452269 0.0156601 0.00298528
 0.539531 0.344774 0.0889451 0.0189453 0.00780523
 0.6857 0.187258 0.0965495 0.0234663 0.00702699
 0.634657 0.267018 0.0595696 0.0294736 0.00928152
 0.693943 0.216008 0.0672351 0.0138532 0.00896135
 0.684014 0.239982 0.0550369 0.0156807 0.00528663
 0.542695 0.343295 0.0880859 0.0187987 0.00712515
 0.54823 0.294914 0.12141 0.0274431 0.00800278
 0.666691 0.221499 0.0759075 0.0278416 0.0080617
 0.674661 0.265677 0.0420753 0.0119892 0.00559698
 0.763594 0.206743 0.0256054 0.00288211 0.00117531
 0.778917 0.200805 0.0184736 0.00156331 0.000240928
 0.663253 0.2899 0.0431792 0.00334492 0.000322661
 0.694689 0.229002 0.066786 0.0087833 0.00073939
 0.650627 0.264774 0.0647847 0.0173555 0.00245961
 0.711671 0.205217 0.0640443 0.0146188 0.00444913
 0.594251 0.309618 0.0698402 0.0202833 0.00600746
pobs_PELACES
 0 0 0 0 0
 0 0 0 0 0
 0 0 0 0 0
 0 0 0 0 0
 0 0 0 0 0
 0 0 0 0 0
 0 0 0 0 0
 0 0 0 0 0
 0 0 0 0 0
 0 0 0 0 0
 0.450072 0.473896 0.0757376 0.000293798 0
 0 0 0 0 0
 0.463077 0.371075 0.160297 0.00555027 0
 0.529543 0.364841 0.0842815 0.0213345 0
 0.631943 0.363953 0.00410389 0 0
 0.735681 0.248677 0.0153453 0.000297389 0
 0.695825 0.281241 0.0229344 0 0
 0.275771 0.60734 0.115278 0.00161068 0
 0 0 0 0 0
 0.896147 0.0623911 0.0374545 0.00400742 0
 0.803859 0.145111 0.0509908 3.86294e-05 0
ppred_PELACES
 0.702152 0.227831 0.062707 0.00730617 3.6025e-06
 0.678524 0.267122 0.0420544 0.0110193 0.00128024
 0.548833 0.374916 0.0639463 0.0095283 0.00277666
 0.66463 0.236583 0.0829579 0.0132841 0.00254462
 0.63647 0.279069 0.0598111 0.0207039 0.00394673
 0.458185 0.409545 0.101753 0.0216142 0.00890349
 0.603777 0.238361 0.120021 0.0291209 0.00871948
 0.563511 0.323248 0.0687027 0.0338733 0.010665
 0.632084 0.263923 0.077726 0.0159507 0.0103159
 0.61221 0.297502 0.0654359 0.0185871 0.00626547
 0.488014 0.391857 0.0929357 0.0197209 0.00747238
 0.488613 0.341812 0.131404 0.0295551 0.00861635
 0.635607 0.250865 0.0772669 0.0281217 0.00813943
 0.696648 0.256723 0.0330319 0.00927163 0.00432483
 0.794345 0.18491 0.0179509 0.00198517 0.000808774
 0.750087 0.229152 0.0189272 0.00158922 0.00024482
 0.610391 0.338979 0.0466865 0.00359614 0.000346789
 0.630852 0.280533 0.0775939 0.0101656 0.000855575
 0.576423 0.324335 0.0760532 0.0203116 0.00287805
 0.645658 0.255542 0.0761917 0.0173341 0.00527458
 0.505661 0.379501 0.0834729 0.0241983 0.00716629
pobs_pel_tallas
 0 0 0 0 0 0 0 0 0 0 0 0 0 0 0 0 0 0 0 0 0 0 0 0 0 0 0 0 0 0 0 0 0 0 0 0
 0 0 0 0 0 0 0 0 0 0 0 0 0 0 0 0 0 0 0 0 0 0 0 0 0 0 0 0 0 0 0 0 0 0 0 0
 0 0 0 0 0 0 0 0 0 0 0 0 0 0 0 0 0 0 0 0 0 0 0 0 0 0 0 0 0 0 0 0 0 0 0 0
 0 0 0 0 0 0 0 0 0 0 0 0 0 0 0 0 0 0 0 0 0 0 0 0 0 0 0 0 0 0 0 0 0 0 0 0
 0 0 0 0 0 0 0 0 0 0 0 0 0 0 0 0 0 0 0 0 0 0 0 0 0 0 0 0 0 0 0 0 0 0 0 0
 0 0 0 0 0 0 0 0 0 0 0 0 0 0 0 0 0 0 0 0 0 0 0 0 0 0 0 0 0 0 0 0 0 0 0 0
 0 0 0 0 0 0 0 0 0 0 0 0 0 0 0 0 0 0 0 0 0 0 0 0 0 0 0 0 0 0 0 0 0 0 0 0
 0 0 0 0 0 0 0 0 0 0 0 0 0 0 0 0 0 0 0 0 0 0 0 0 0 0 0 0 0 0 0 0 0 0 0 0
 0 0 0 0 0 0 0 0 0 0 0 0 0 0 0 0 0 0 0 0 0 0 0 0 0 0 0 0 0 0 0 0 0 0 0 0
 0 0 0 0 0 0 0 0 0 0 0 0 0 0 0 0 0 0 0 0 0 0 0 0 0 0 0 0 0 0 0 0 0 0 0 0
 0 0 0 0 0 0 0 0 1.78061e-05 0.00172719 0.00360574 0.0105946 0.0120993 0.0124554 0.0147524 0.0171206 0.0266825 0.0428682 0.0675386 0.121331 0.153587 0.119568 0.100827 0.0573624 0.0630603 0.0341343 0.0324427 0.0444173 0.0211091 0.0280891 0.0125444 0.00206551 0 0 0 0
 0 0 0 0 0 0 0 0 0 0 0 0 0 0 0 0 0 0 0 0 0 0 0 0 0 0 0 0 0 0 0 0 0 0 0 0
 0 0 0 0 0 0 0.0133647 0.0140871 0.0187388 0.0205184 0.03894 0.0496705 0.03968 0.0493445 0.0407372 0.0367815 0.0215668 0.0243155 0.0234873 0.0199281 0.019796 0.0243948 0.0301388 0.0376714 0.0412746 0.0863199 0.0771752 0.113111 0.0741005 0.0525337 0.0229764 0.00759418 0.00175318 0 0 0
 0 0 0 0 0 0 0 0 0 0 0.00219441 0.00772107 0.0458388 0.0604681 0.0671733 0.0775358 0.0609151 0.0617685 0.073594 0.0568108 0.0755445 0.0548602 0.0670107 0.0636378 0.0643287 0.046367 0.0373049 0.0286899 0.0247887 0.0153202 0.00654259 0.00121912 0.000365735 0 0 0
 0 0 0 0 0 0 0 0 0 0 0 0 0.000112435 0.00938835 0.0111873 0.0202946 0.0414886 0.0713402 0.111592 0.104902 0.108894 0.110636 0.117776 0.105296 0.107544 0.0401394 0.0192827 0.0124803 0.00416011 0.0028671 0.000618394 0 0 0 0 0
 0 0 0 0 0 0 0 0 0 0 0.00291406 0.0102884 0.027416 0.0768956 0.0749926 0.110853 0.0956884 0.0897413 0.0766577 0.0534642 0.0500743 0.0551293 0.0594112 0.0620874 0.0668451 0.0424026 0.0208742 0.0120726 0.0048766 0.00582813 0.00118941 0.000297354 0 0 0 0
 0 0.00264628 0.0354308 0.0461629 0.0458689 0.0383711 0.0214643 0.0164657 0.0346957 0.0420465 0.0363128 0.0245516 0.0311673 0.0291091 0.0169068 0.0133784 0.00837989 0.0085269 0.0148486 0.0160247 0.0276389 0.0546898 0.0760071 0.122758 0.109233 0.0665981 0.0333725 0.0166128 0.00676272 0.00308733 0.000882094 0 0 0 0 0
 0 0 0 0 0 0 0 0.000805153 0.000690131 0.00759144 0.0133425 0.0154129 0.00931677 0.000345066 0.00356568 0.00563607 0.00851162 0.0253048 0.0502646 0.0516448 0.0657925 0.0565908 0.0611916 0.0827007 0.0866115 0.110766 0.145733 0.0935128 0.0569358 0.0249597 0.0138026 0.00621118 0.00161031 0.00115022 0 0
 0 0 0 0 0 0 0 0 0 0 0 0 0 0 0 0 0 0 0 0 0 0 0 0 0 0 0 0 0 0 0 0 0 0 0 0
 0.00147267 0.00158595 0.00478618 0.00569244 0.00954404 0.0108468 0.00647125 0.017049 0.0510054 0.094081 0.124002 0.0959785 0.0687766 0.0820023 0.061753 0.0591476 0.0492212 0.0479892 0.0443925 0.0268479 0.0217502 0.0140895 0.0121071 0.0120363 0.00920419 0.00665534 0.0049561 0.00860946 0.00930331 0.0156896 0.0114698 0.00855282 0.00243557 0.00046729 0 2.83206e-05
 0 0 0 0 0.000772559 0.00158375 0.000888443 0.00281984 0.00712685 0.0440552 0.0773331 0.111326 0.0921469 0.0852325 0.0710754 0.0886704 0.0786465 0.0553345 0.0373146 0.0185414 0.00753245 0.00457741 0.012979 0.0271748 0.0457355 0.0583668 0.034881 0.0177882 0.00938659 0.00492506 0.0015258 0.00185414 0.000309023 5.79419e-05 3.86279e-05 0
ppred_pel_tallas
 1.01216e-16 3.06391e-05 0.000179819 0.000854759 0.00329084 0.0102622 0.0259215 0.0530393 0.0879205 0.118081 0.128511 0.113394 0.081254 0.0475874 0.023407 0.0108426 0.00658013 0.00670259 0.00879522 0.0117618 0.0150905 0.0184039 0.0213254 0.0235011 0.024668 0.0247115 0.0236882 0.0218025 0.0193488 0.01664 0.0139444 0.0114494 0.00925434 0.0073866 0.00582802 0.0045405
 1.01123e-16 2.96104e-05 0.000173776 0.000826022 0.00318018 0.00991706 0.0250498 0.0512562 0.084966 0.114117 0.124208 0.109622 0.0786063 0.0461475 0.0229044 0.0109538 0.00711059 0.00759963 0.0100834 0.0134778 0.0172408 0.0209408 0.0241387 0.0264255 0.0275048 0.027261 0.0257841 0.0233398 0.0202981 0.0170442 0.0139026 0.0110915 0.00871505 0.00678441 0.00525225 0.00404711
 1.01488e-16 2.39597e-05 0.000140591 0.000668236 0.00257263 0.0080224 0.0202642 0.0414653 0.0687407 0.0923395 0.100543 0.088828 0.063895 0.0379128 0.0195641 0.0106007 0.00851701 0.0103097 0.0140925 0.018925 0.0242252 0.0294294 0.0339284 0.0371478 0.03867 0.0383309 0.0362551 0.0328138 0.0285258 0.0239327 0.0194916 0.0155118 0.0121433 0.00940493 0.00723337 0.00553008
 1.01831e-16 2.90034e-05 0.000170215 0.000809098 0.00311503 0.0097139 0.0245366 0.0502059 0.0832245 0.111776 0.121655 0.107358 0.0769591 0.0451327 0.0223135 0.0105293 0.006656 0.00699719 0.00927351 0.0124453 0.0160154 0.0196035 0.0228215 0.0253007 0.0267611 0.0270718 0.0262747 0.0245618 0.0222179 0.0195489 0.01682 0.0142192 0.0118517 0.00975562 0.00792773 0.00634767
 1.01836e-16 2.77771e-05 0.000163012 0.000774846 0.00298314 0.00930258 0.0234977 0.0480805 0.0797028 0.107051 0.116525 0.102859 0.0737958 0.0434024 0.0216895 0.0106202 0.00722282 0.00796943 0.0106735 0.0143129 0.0183593 0.0223747 0.0259044 0.0285202 0.0299065 0.0299311 0.0286715 0.0263846 0.0234351 0.0202053 0.0170183 0.0140935 0.0115395 0.00937575 0.00756751 0.00605926
 1.02737e-16 2.00085e-05 0.00011739 0.000557931 0.00214791 0.00669793 0.0169188 0.0346205 0.0573967 0.0771104 0.0839857 0.074258 0.0535418 0.0320255 0.0169976 0.00996854 0.00889562 0.0113097 0.0156486 0.0210992 0.0270994 0.0330568 0.0383131 0.0422384 0.0443648 0.0444911 0.0427226 0.0394277 0.0351338 0.0303972 0.0256911 0.02134 0.01751 0.0142383 0.0114838 0.00917401
 1.0319e-16 2.63501e-05 0.000154637 0.000735039 0.00282988 0.00882468 0.0222905 0.0456103 0.0756074 0.101549 0.110531 0.0975586 0.0699716 0.0411111 0.0204684 0.00990177 0.00659141 0.00719692 0.00966087 0.0130435 0.016886 0.0208225 0.0244688 0.0274504 0.0294719 0.0303758 0.0301681 0.0289983 0.0271068 0.0247596 0.0221918 0.0195765 0.017021 0.0145826 0.0122908 0.0101665
 1.02743e-16 2.45976e-05 0.000144341 0.000686074 0.00264133 0.00823664 0.0208053 0.042572 0.0705738 0.0947965 0.103205 0.0911459 0.0654897 0.0387138 0.0197113 0.0102563 0.00775354 0.00910643 0.0123848 0.0166574 0.0213927 0.0261048 0.0302736 0.0334057 0.0351361 0.0353099 0.0340121 0.0315327 0.0282838 0.0246962 0.0211317 0.0178331 0.014918 0.0124048 0.010254 0.00840672
 1.0222e-16 2.75853e-05 0.000161887 0.000769501 0.00296256 0.00923842 0.0233357 0.0477488 0.0791526 0.106311 0.115717 0.10214 0.0732663 0.0430645 0.021472 0.0104347 0.00699848 0.00765974 0.0102514 0.013769 0.0177049 0.0216455 0.0251617 0.0278458 0.0293919 0.0296622 0.0287131 0.0267681 0.0241526 0.0212115 0.0182396 0.0154409 0.0129226 0.0107144 0.00879984 0.00714496
 1.01958e-16 2.672e-05 0.000156804 0.000745329 0.00286948 0.00894815 0.0226025 0.046249 0.0766676 0.102977 0.112097 0.0989677 0.0710409 0.0418565 0.0210549 0.0105379 0.00746039 0.00843865 0.0113709 0.015263 0.0195812 0.0238653 0.027632 0.0304244 0.0319058 0.0319347 0.0305931 0.0281548 0.0250082 0.0215611 0.0181583 0.0150344 0.0123059 0.00999431 0.00806307 0.00645325
 1.02474e-16 2.13084e-05 0.000125024 0.000594226 0.00228766 0.00713374 0.0180196 0.0368727 0.0611292 0.0821206 0.0894316 0.079047 0.0569378 0.0339425 0.0178064 0.0101171 0.00867785 0.0108428 0.0149445 0.0201322 0.0258445 0.0315084 0.0364925 0.0401943 0.0421678 0.0422235 0.040466 0.0372529 0.0330939 0.028526 0.024005 0.0198434 0.0161994 0.0131065 0.0105215 0.00837049
 1.03395e-16 2.13326e-05 0.00012517 0.00059493 0.00229039 0.00714227 0.0180411 0.0369163 0.0612001 0.0822118 0.0895203 0.0791001 0.0569211 0.033823 0.0175448 0.00965869 0.00795064 0.0097661 0.0134466 0.0181745 0.0234466 0.0287676 0.0335898 0.0373813 0.039734 0.0404495 0.039574 0.0373667 0.0342187 0.030552 0.026733 0.0230222 0.0195681 0.0164294 0.0136129 0.0111052
 1.02526e-16 2.77384e-05 0.000162787 0.000773782 0.00297905 0.00928984 0.0234655 0.0480144 0.0795925 0.1069 0.116355 0.102695 0.0736479 0.0432544 0.0215032 0.0103451 0.00680427 0.00735458 0.00981853 0.0131942 0.016987 0.020803 0.024236 0.0268989 0.0284993 0.0289019 0.0281533 0.026456 0.0241081 0.0214259 0.0186793 0.0160549 0.0136511 0.0114974 0.00958344 0.00788584
 1.01074e-16 3.04002e-05 0.000178414 0.000848074 0.00326509 0.0101819 0.0257187 0.0526245 0.0872338 0.117161 0.127517 0.112532 0.0806698 0.0473124 0.0233961 0.0110443 0.00697817 0.00731506 0.00965298 0.0128845 0.0164676 0.019982 0.0230051 0.0251451 0.0261202 0.0258238 0.0243483 0.0219548 0.0190044 0.0158713 0.0128687 0.0102053 0.00797723 0.00618946 0.00478971 0.00370269
 1.00422e-16 3.46573e-05 0.000203413 0.00096694 0.00372278 0.0116092 0.0293238 0.0600004 0.0994572 0.133568 0.145348 0.128205 0.0917689 0.0535475 0.0259686 0.0114041 0.00606635 0.00549311 0.00694087 0.00918825 0.0117122 0.014177 0.016271 0.0177114 0.018297 0.0179558 0.0167611 0.0149099 0.012672 0.0103266 0.00810715 0.00616885 0.00458269 0.00334994 0.00242745 0.00175309
 1.0041e-16 3.27293e-05 0.00019209 0.000913097 0.00351546 0.0109626 0.0276908 0.0566594 0.0939208 0.126138 0.137275 0.121115 0.0867612 0.0507609 0.0248702 0.0113525 0.00665418 0.00657717 0.00853026 0.0113359 0.0144488 0.0174766 0.0200371 0.0217808 0.0224597 0.0219866 0.0204557 0.0181149 0.0153025 0.0123678 0.00960296 0.00720155 0.00525128 0.00375202 0.00264744 0.001857
 1.00913e-16 2.66424e-05 0.000156344 0.000743137 0.00286103 0.00892177 0.0225359 0.046113 0.0764434 0.102679 0.111782 0.0987116 0.0709043 0.041871 0.0212369 0.0109135 0.00807733 0.00936075 0.0126602 0.016957 0.0216703 0.0262752 0.030217 0.0329767 0.0341811 0.0336893 0.0316254 0.0283388 0.0243128 0.0200506 0.0159756 0.0123728 0.00937754 0.00700151 0.00517725 0.00380292
 1.01583e-16 2.75323e-05 0.000161574 0.000768011 0.00295682 0.00922051 0.0232904 0.0476564 0.0789999 0.106107 0.115499 0.101956 0.0731548 0.0430389 0.021533 0.0105859 0.00725524 0.00804728 0.0107968 0.0144908 0.0186032 0.0226945 0.0263055 0.0290015 0.0304586 0.0305352 0.0293002 0.0270037 0.0240067 0.0206924 0.0173897 0.0143276 0.0116278 0.0093236 0.00739314 0.00579054
 1.02018e-16 2.51607e-05 0.000147646 0.000701789 0.00270183 0.00842533 0.0212819 0.0435472 0.0721902 0.0969671 0.105566 0.0932275 0.0669768 0.0395757 0.0201182 0.0104157 0.00780997 0.00913017 0.0124 0.0166669 0.0213899 0.0260767 0.0302012 0.0332644 0.0348972 0.0349426 0.0334872 0.0308268 0.0273832 0.0236006 0.0198563 0.0164086 0.0133887 0.0108245 0.00868075 0.00689655
 1.02007e-16 2.81769e-05 0.00016536 0.000786017 0.00302616 0.00943674 0.0238366 0.0487737 0.0808511 0.108591 0.118195 0.104319 0.0748115 0.0439365 0.0218395 0.0105015 0.00689843 0.00744645 0.00993094 0.0133306 0.0171388 0.020951 0.0243505 0.0269417 0.0284277 0.0286745 0.0277363 0.0258295 0.0232698 0.0203927 0.0174853 0.0147476 0.0122857 0.0101307 0.0082684 0.00666654
 1.02475e-16 2.20774e-05 0.00012954 0.000615696 0.00237033 0.00739155 0.0186708 0.038205 0.0633371 0.0850842 0.0926524 0.0818782 0.058943 0.0350693 0.018272 0.0101833 0.0085145 0.0105147 0.014454 0.0194605 0.0249754 0.0304405 0.0352441 0.0388044 0.0406919 0.0407259 0.0390113 0.035897 0.0318789 0.0274774 0.0231326 0.019144 0.0156605 0.0127098 0.0102456 0.00819268
pSPR Fmed_Fpbrs
0.503157   0.402629 0.402629
Fs Fmed_Fpbrs
0.650774   1.005 1.005
SSBpbr Bo_Bmed_Bpbrs
946941  429113  333919 333919
Ro
33626.8
SPR SPRFo_SPRFmed_SPRFpbrs
694673 349530 279696
log_Ro
10.2431
likeval ReclasPelacesDesembMPH_pf_preclas_ppelaces_ptallas_desvR_qrecl_qpela
 58.5999 14.3796 0.0079429 0.000212107 241.655 146.664 55.4227 0 16.4386 1.87161e-05 8.83548e-05 0 0 0 0
q_reclas_q_pelaces
0.5417 3.80874
M
0.7
N
 36899.4 11495.3 3791.66 447.613 0.220863
 45141.6 16510.6 3072.08 814.769 94.723
 24161.2 20360.9 4627.57 704.031 205.392
 39665 10170.5 3784.65 608.657 116.617
 67721.4 19034.7 4120.93 1427.52 272.135
 47780.1 33434.8 9131.7 1953.11 804.835
 78980.5 22468.6 12008.2 2926.18 876.369
 79130.8 37898 9098.87 4525.94 1425.67
 100864 36632.7 12399.9 2570.48 1663.33
 118553 46230.2 11295.4 3232.99 1090.25
 69056.5 55415.2 16019.9 3448.55 1307.69
 46513.7 30598.9 13974 3182.5 928.433
 44890.7 20918 8427.05 3127.36 906.115
 24090.3 19099.8 4143.58 1207.94 564.602
 14288.7 8855.92 1586.36 183.4 74.8972
 13740.8 4986.99 540.192 46.2575 7.13349
 10543.1 5837.46 978.99 76.4935 7.3822
 12257.4 4674.38 1477.14 195.398 16.454
 12430.4 5637.54 1471.22 395.979 56.1318
 17861.3 5804.07 1941.03 445.286 135.556
 15214 8302.5 1945.7 566.644 167.852
pred_Ctot
 2641.63 3954.93 1621.7 193.902 0.0957403
 2993.74 5343.47 1242.92 334.004 38.8575
 2672.04 9680.43 2632.08 404.528 118.079
 961.21 1362.16 664.856 108.705 20.8459
 281.924 465.284 135.463 47.7926 9.1198
 1827.97 6779.71 2388.6 518.773 213.95
 1919.07 3016.73 2114.56 523.861 157.03
 3871.57 9522.03 2913.15 1470.17 463.46
 5612.27 10262.6 4393.46 923.55 598.06
 5023.32 10256.3 3217.19 934.749 315.472
 5384.29 20384.4 7277.22 1585.92 601.773
 3175.31 10136.1 5774.79 1332.37 388.962
 4664.54 9521.94 4617.66 1731.87 502.068
 4578.03 12586.5 3071.01 900.862 421.208
 3116.07 6234.51 1235.13 143.544 58.6369
 1440.85 2284.73 297.644 25.757 3.97426
 818.042 2139.21 443.213 35.0599 3.38575
 653.606 1263.53 506.296 67.9264 5.7242
 535.86 1269.68 425.036 116.12 16.4736
 824.512 1387.18 593.002 138.053 42.0595
 392.942 1179.48 361.858 107.124 31.7602
F
 0.104194 0.619581 0.837656 0.853466 0.854315
 0.0961869 0.57197 0.773287 0.787882 0.788666
 0.165252 0.982664 1.32853 1.35361 1.35495
 0.0342082 0.203417 0.275014 0.280205 0.280484
 0.00580354 0.0345104 0.0466571 0.0475377 0.047585
 0.0544884 0.324012 0.438055 0.446323 0.446767
 0.0343012 0.20397 0.275762 0.280966 0.281246
 0.0701615 0.417211 0.564058 0.574704 0.575275
 0.08014 0.476548 0.644279 0.65644 0.657092
 0.0605068 0.3598 0.48644 0.495621 0.496114
 0.113959 0.677653 0.916166 0.933459 0.934387
 0.099138 0.589519 0.797012 0.812055 0.812863
 0.154554 0.919049 1.24253 1.26598 1.26724
 0.300724 1.78824 2.41764 2.46328 2.46573
 0.352634 2.09692 2.83497 2.88848 2.89135
 0.156071 0.928066 1.25472 1.2784 1.27967
 0.113376 0.674187 0.911481 0.928684 0.929608
 0.076685 0.456003 0.616502 0.628139 0.628763
 0.0615881 0.36623 0.495133 0.504478 0.50498
 0.0660796 0.392938 0.531241 0.541268 0.541806
 0.0364956 0.217019 0.293403 0.298941 0.299238
YTP_r0W_actual
 4125.89 29015.2 12303.2 4777.74 1740.46
YTP_p0W_proyectada
 17493.5 62158.8 49945.4 14411.9 6595.51
CTP_r0_actual
 392.942 1179.48 361.858 107.124 31.7602
CTP_p0_proyectada
 2133.35 2825.4 1580.55 347.274 137.693
Wmedp
 8.2 22 31.6 41.5 47.9
nmprior
 10 11 7 0
nm_flota  nm_reclas  nm_pelaces    nm_pelaL
inf 21.5193 15.5811 15.5811
cv_recla  cv_pelaces  cv_mph
0.765506 0.508757 0.485463
 ------------------------------------------------
Talla a la edad & desviaci?n 
 7.2 14.2025 17.0495 18.207 18.6776
 1.08 2.13037 2.55742 2.73105 2.80164
