years
 1997 1998 1999 2000 2001 2002 2003 2004 2005 2006 2007 2008 2009 2010 2011 2012 2013 2014 2015 2016 2017 2018
reclasobs
 0 0 0 370054 412103 1.49427e+06 250295 1.28982e+06 931140 785840 897777 1.04006e+06 184774 17550 25797 100020 73551 82996 120727 218422 84188 347160
reclaspred
 368463 101310 313254 235197 353280 420858 928436 620449 694096 632360 498121 333955 204288 95404.6 67970.1 70271.1 88566.1 120691 126375 183700 253521 229707
pelacesobs
 0 0 0 0 0 0 0 0 0 2.06254e+06 1.5e+06 0 1.87456e+06 323000 250000 174000 83755 137374 0 501740 490994 745055
pelacespred
 1.07348e+06 262212 502931 569600 731788 733440 1.83584e+06 1.53118e+06 1.51377e+06 1.39342e+06 990720 685208 417800 163369 114340 126240 165969 228553 247214 348517 531136 472491
mphobs
 0 0 0 0 0 112323 0 153150 637223 0 255016 313432 73983 77613 109348 50772 0 0 0 0 0 0
mphpred
 691644 420457 518918 646376 702839 1.11745e+06 1.68369e+06 1.98604e+06 1.70597e+06 1.73037e+06 1.62828e+06 1.14865e+06 706804 372433 181973 158913 194815 270127 333389 380442 571573 644171
desembarqueobs
 350755 77701 442110 56441 14545 235359 269955 359681 431902 328805 639364 411747 362871 311530 167758 66681 60226 58785 57116 71774 51957 67425
desembarquepred
 350760 77700.4 442099 56441.9 14545.1 235391 269979 359679 431927 328822 639562 411983 363194 311963 167798 66691.7 60243.6 58786 57112.2 71772.3 51957 67420.6
Reclutas
 50932.1 66063.5 40136.7 67328.3 115604 81086.3 131494 123593 150173 148960 68281.6 39774.1 42517.2 23645.8 18516.4 23136.7 19042.5 21133.6 23744.4 44243 48543.2 67770.6
log_desv_Rt
 -0.0155641 0.244558 -0.253768 0.263523 0.804113 0.449456 0.932904 0.870934 1.06573 1.05762 0.277582 -0.262843 -0.196149 -0.782871 -1.0274 -0.804639 -0.999384 -0.895196 -0.778713 -0.15636 -0.0636036 0.27007
SSB
 691644 420457 518918 646376 702839 1.11745e+06 1.68369e+06 1.98604e+06 1.70597e+06 1.73037e+06 1.62828e+06 1.14865e+06 706804 372433 181973 158913 194815 270127 333389 380442 571573 644171
BT
 2.20849e+06 601209 1.14338e+06 1.07972e+06 1.32141e+06 1.49868e+06 3.47123e+06 3.15039e+06 3.10617e+06 2.81286e+06 2.35391e+06 1.60743e+06 1.10636e+06 594041 348006 281280 346629 456289 491993 682702 993431 909795
Ftot
 0.433292 0.364161 0.533279 0.10141 0.0192826 0.186878 0.117477 0.230269 0.257072 0.204061 0.418669 0.388015 0.616823 1.08461 1.00829 0.397528 0.283506 0.192398 0.164768 0.168704 0.0812034 0.109883
BD_Bspro_t
 0.946746 0.75222 0.712387 0.591043 0.72504 0.845799 0.816646 0.823497 0.775735 0.743207 0.710558 0.563266 0.449393 0.336965 0.219574 0.235137 0.350409 0.514404 0.621201 0.700951 0.794007 0.849387
BD_Bspro
 0.647579 0.393669 0.485857 0.605195 0.658061 1.04626 1.57642 1.85951 1.59728 1.62013 1.52454 1.07547 0.661773 0.348706 0.170379 0.148789 0.182403 0.252917 0.312149 0.356204 0.535158 0.603131
BD_Bo
 0.544052 0.330735 0.408185 0.508444 0.552859 0.878996 1.3244 1.56224 1.34193 1.36113 1.28082 0.903541 0.555978 0.292959 0.143141 0.125002 0.153243 0.212484 0.262247 0.299259 0.449604 0.50671
BD_Brms
 1.87894 1.14223 1.40971 1.75597 1.90936 3.03571 4.57397 5.39535 4.63448 4.70079 4.42345 3.12047 1.92013 1.01177 0.494354 0.431708 0.52924 0.733836 0.905696 1.03352 1.55275 1.74998
S_f
 0.189329 1 1 1 1
 0.189329 1 1 1 1
 0.189329 1 1 1 1
 0.189329 1 1 1 1
 0.189329 1 1 1 1
 0.189329 1 1 1 1
 0.189329 1 1 1 1
 0.189329 1 1 1 1
 0.189329 1 1 1 1
 0.189329 1 1 1 1
 0.189329 1 1 1 1
 0.189329 1 1 1 1
 0.189329 1 1 1 1
 0.189329 1 1 1 1
 0.189329 1 1 1 1
 0.189329 1 1 1 1
 0.189329 1 1 1 1
 0.189329 1 1 1 1
 0.189329 1 1 1 1
 0.189329 1 1 1 1
 0.189329 1 1 1 1
 0.189329 1 1 1 1
Scru_reclas
 1 1 1 1 1
 1 1 1 1 1
 1 1 1 1 1
 1 1 1 1 1
 1 1 1 1 1
 1 1 1 1 1
 1 1 1 1 1
 1 1 1 1 1
 1 1 1 1 1
 1 1 1 1 1
 1 1 1 1 1
 1 1 1 1 1
 1 1 1 1 1
 1 1 1 1 1
 1 1 1 1 1
 1 1 1 1 1
 1 1 1 1 1
 1 1 1 1 1
 1 1 1 1 1
 1 1 1 1 1
 1 1 1 1 1
 1 1 1 1 1
Scru_pelaces
 1 1 1 1 1
 1 1 1 1 1
 1 1 1 1 1
 1 1 1 1 1
 1 1 1 1 1
 1 1 1 1 1
 1 1 1 1 1
 1 1 1 1 1
 1 1 1 1 1
 1 1 1 1 1
 1 1 1 1 1
 1 1 1 1 1
 1 1 1 1 1
 1 1 1 1 1
 1 1 1 1 1
 1 1 1 1 1
 1 1 1 1 1
 1 1 1 1 1
 1 1 1 1 1
 1 1 1 1 1
 1 1 1 1 1
 1 1 1 1 1
pf_obs 
 0.256992 0.487395 0.22802 0.0275931 0
 0.321318 0.546541 0.124235 0.00734118 0.000564706
 0.182869 0.594174 0.210203 0.0122559 0.00049798
 0.330522 0.361315 0.267642 0.0388342 0.00168674
 0.649043 0.306663 0.0425973 0.00169635 0
 0.582887 0.30429 0.105238 0.00758474 0
 0.465427 0.430635 0.0974691 0.00646863 0
 0.296916 0.608066 0.0921331 0.00288517 0
 0.311714 0.524322 0.152257 0.0117073 0
 0.15457 0.633149 0.183074 0.0267441 0.00246327
 0.131901 0.49318 0.331252 0.0422183 0.00144891
 0.196976 0.569456 0.194076 0.0375587 0.00193317
 0.518974 0.381816 0.0799577 0.0180837 0.00116848
 0.0928022 0.601141 0.25162 0.0475244 0.00691264
 0.122501 0.610282 0.24278 0.0234846 0.000952079
 0.383417 0.481906 0.127806 0.00687128 0
 0.0376549 0.599619 0.316969 0.0457579 0
 0.0361596 0.667082 0.258105 0.0386534 0
 0.158088 0.579412 0.248529 0.0139706 0
 0.0477256 0.309471 0.559284 0.082774 0.000745712
 0.0406174 0.521527 0.379366 0.0568643 0.0016247
 0.151134 0.462217 0.34131 0.0453401 0
pf_pred 
 0.336501 0.4668 0.175765 0.0209237 1.02254e-05
 0.318066 0.522693 0.112033 0.0421841 0.00502419
 0.18123 0.609877 0.160114 0.0343186 0.0144611
 0.305822 0.416994 0.206466 0.0542046 0.0165137
 0.322698 0.480246 0.118372 0.0586096 0.0200748
 0.170544 0.595052 0.166206 0.0409668 0.0272315
 0.265734 0.397967 0.241261 0.0673873 0.0276506
 0.209789 0.528283 0.141963 0.0860628 0.033902
 0.243831 0.460717 0.19752 0.0530787 0.0448537
 0.21895 0.513389 0.16308 0.0699161 0.0346651
 0.114899 0.548102 0.221511 0.0703639 0.0451235
 0.11105 0.404307 0.300117 0.12129 0.063236
 0.192333 0.356705 0.205104 0.152249 0.0936097
 0.174297 0.518408 0.135716 0.0780362 0.0935421
 0.249209 0.492236 0.16233 0.0424971 0.0537267
 0.328991 0.497844 0.113531 0.0374403 0.0221933
 0.220392 0.590325 0.140436 0.0320256 0.0168219
 0.231312 0.484276 0.215359 0.0512329 0.0178203
 0.23002 0.488594 0.177274 0.0788342 0.0252776
 0.328802 0.422766 0.157644 0.057197 0.0335914
 0.246658 0.554867 0.125013 0.0466156 0.0268463
 0.265177 0.471871 0.193675 0.0436354 0.0256417
pobs_RECLAS
 0 0 0 0 0
 0 0 0 0 0
 0 0 0 0 0
 0 0 0 0 0
 0.835266 0.146461 0.0176864 0.000547809 3.91292e-05
 0.385257 0.428462 0.181853 0.0044286 0
 0.867414 0.0963971 0.0333333 0.00285562 0
 0.441836 0.489002 0.0689373 0.000224442 0
 0.779404 0.147425 0.0564933 0.0165055 0.000172143
 0.814271 0.122319 0.05973 0.00367925 0
 0.40263 0.566651 0.0304383 0.000280538 0
 0.475488 0.404961 0.113038 0.00651328 0
 0.955842 0.0263864 0.0167828 0.000988607 0
 0.975058 0.0227948 0.00214734 0 0
 0.738997 0.206755 0.0527124 0.00153531 0
 0.850938 0.134255 0.0134407 0.00136685 0
 0.542534 0.407297 0.0501686 0 0
 0.764087 0.199537 0.0359546 0.000420521 0
 0.470689 0.182191 0.310203 0.0369168 0
 0.84361 0.089868 0.0606195 0.00523954 0.000663233
 0.607945 0.314616 0.071237 0.00620181 0
 0.523733 0.453247 0.0230204 0 0
ppred_RECLAS
 0.733596 0.187427 0.0705721 0.00840115 4.10563e-06
 0.715821 0.217819 0.0466871 0.0175792 0.00209371
 0.54791 0.336748 0.088408 0.0189493 0.00798478
 0.700505 0.179907 0.0890775 0.0233859 0.00712467
 0.715813 0.201505 0.0496673 0.0245918 0.00842312
 0.523139 0.3421 0.0955531 0.0235521 0.0156556
 0.657899 0.185417 0.112406 0.0313963 0.0128827
 0.586846 0.276208 0.0742241 0.0449971 0.0177254
 0.633465 0.223321 0.095743 0.0257286 0.0217417
 0.599569 0.263206 0.0836084 0.0358448 0.0177722
 0.413154 0.363406 0.146868 0.0466532 0.0299181
 0.403296 0.271389 0.201452 0.0814155 0.0424469
 0.567814 0.190875 0.109752 0.0814689 0.050091
 0.550879 0.281976 0.0738196 0.0424459 0.05088
 0.656413 0.225264 0.0742878 0.0194481 0.0245872
 0.726373 0.203013 0.0462961 0.0152676 0.0090501
 0.602841 0.300732 0.0715428 0.0163149 0.00856966
 0.616287 0.24174 0.107503 0.0255744 0.00889549
 0.614167 0.244832 0.0888311 0.0395034 0.0126665
 0.723059 0.174436 0.0650449 0.0235999 0.0138601
 0.634558 0.269163 0.060643 0.022613 0.013023
 0.65716 0.220157 0.0903612 0.0203586 0.0119634
pobs_PELACES
 0 0 0 0 0
 0 0 0 0 0
 0 0 0 0 0
 0 0 0 0 0
 0 0 0 0 0
 0 0 0 0 0
 0 0 0 0 0
 0 0 0 0 0
 0 0 0 0 0
 0 0 0 0 0
 0.450072 0.473896 0.0757376 0.000293798 0
 0 0 0 0 0
 0.463077 0.371075 0.160297 0.00555027 0
 0.529543 0.364841 0.0842815 0.0213345 0
 0.631943 0.363953 0.00410389 0 0
 0.735681 0.248677 0.0153453 0.000297389 0
 0.695825 0.281241 0.0229344 0 0
 0.275771 0.60734 0.115278 0.00161068 0
 0 0 0 0 0
 0.896147 0.0623911 0.0374545 0.00400742 0
 0.803859 0.145111 0.0509908 3.86294e-05 0
 0.739449 0.233085 0.0266225 0.000797448 4.60066e-05
ppred_PELACES
 0.755628 0.171926 0.0647356 0.00770635 3.76609e-06
 0.735215 0.202954 0.0435008 0.0163794 0.00195082
 0.58295 0.310648 0.0815559 0.0174806 0.00736591
 0.706165 0.176507 0.0873939 0.0229439 0.00699001
 0.716861 0.200761 0.0494841 0.0245011 0.00839206
 0.535594 0.333165 0.0930574 0.022937 0.0152467
 0.664937 0.181602 0.110093 0.0307504 0.0126177
 0.601697 0.266279 0.071556 0.0433796 0.0170882
 0.649282 0.213685 0.0916115 0.0246184 0.0208035
 0.612601 0.25464 0.0808873 0.0346782 0.0171938
 0.440548 0.346442 0.140012 0.0444754 0.0285216
 0.428506 0.259923 0.192941 0.0779758 0.0406536
 0.60777 0.173228 0.0996051 0.0739369 0.0454599
 0.621137 0.237865 0.0622716 0.0358059 0.0429205
 0.714449 0.187214 0.0617398 0.0161631 0.0204341
 0.746994 0.187714 0.0428071 0.014117 0.00836806
 0.62085 0.287095 0.0682986 0.0155751 0.00818105
 0.628384 0.234119 0.104114 0.0247681 0.00861506
 0.624558 0.238238 0.0864387 0.0384395 0.0123253
 0.732005 0.168802 0.0629438 0.0228376 0.0134124
 0.639581 0.265464 0.0598095 0.0223022 0.012844
 0.663752 0.215924 0.0886237 0.0199671 0.0117334
pobs_pel_tallas
 0 0 0 0 0 0 0 0 0 0 0 0 0 0 0 0 0 0 0 0 0 0 0 0 0 0 0 0 0 0 0 0 0 0 0 0
 0 0 0 0 0 0 0 0 0 0 0 0 0 0 0 0 0 0 0 0 0 0 0 0 0 0 0 0 0 0 0 0 0 0 0 0
 0 0 0 0 0 0 0 0 0 0 0 0 0 0 0 0 0 0 0 0 0 0 0 0 0 0 0 0 0 0 0 0 0 0 0 0
 0 0 0 0 0 0 0 0 0 0 0 0 0 0 0 0 0 0 0 0 0 0 0 0 0 0 0 0 0 0 0 0 0 0 0 0
 0 0 0 0 0 0 0 0 0 0 0 0 0 0 0 0 0 0 0 0 0 0 0 0 0 0 0 0 0 0 0 0 0 0 0 0
 0 0 0 0 0 0 0 0 0 0 0 0 0 0 0 0 0 0 0 0 0 0 0 0 0 0 0 0 0 0 0 0 0 0 0 0
 0 0 0 0 0 0 0 0 0 0 0 0 0 0 0 0 0 0 0 0 0 0 0 0 0 0 0 0 0 0 0 0 0 0 0 0
 0 0 0 0 0 0 0 0 0 0 0 0 0 0 0 0 0 0 0 0 0 0 0 0 0 0 0 0 0 0 0 0 0 0 0 0
 0 0 0 0 0 0 0 0 0 0 0 0 0 0 0 0 0 0 0 0 0 0 0 0 0 0 0 0 0 0 0 0 0 0 0 0
 0 0 0 0 0 0 0 0 0 0 0 0 0 0 0 0 0 0 0 0 0 0 0 0 0 0 0 0 0 0 0 0 0 0 0 0
 0 0 0 0 0 0 0 0 1.78061e-05 0.00172719 0.00360574 0.0105946 0.0120993 0.0124554 0.0147524 0.0171206 0.0266825 0.0428682 0.0675386 0.121331 0.153587 0.119568 0.100827 0.0573624 0.0630603 0.0341343 0.0324427 0.0444173 0.0211091 0.0280891 0.0125444 0.00206551 0 0 0 0
 0 0 0 0 0 0 0 0 0 0 0 0 0 0 0 0 0 0 0 0 0 0 0 0 0 0 0 0 0 0 0 0 0 0 0 0
 0 0 0 0 0 0 0.0133647 0.0140871 0.0187388 0.0205184 0.03894 0.0496705 0.03968 0.0493445 0.0407372 0.0367815 0.0215668 0.0243155 0.0234873 0.0199281 0.019796 0.0243948 0.0301388 0.0376714 0.0412746 0.0863199 0.0771752 0.113111 0.0741005 0.0525337 0.0229764 0.00759418 0.00175318 0 0 0
 0 0 0 0 0 0 0 0 0 0 0.00219441 0.00772107 0.0458388 0.0604681 0.0671733 0.0775358 0.0609151 0.0617685 0.073594 0.0568108 0.0755445 0.0548602 0.0670107 0.0636378 0.0643287 0.046367 0.0373049 0.0286899 0.0247887 0.0153202 0.00654259 0.00121912 0.000365735 0 0 0
 0 0 0 0 0 0 0 0 0 0 0 0 0.000112435 0.00938835 0.0111873 0.0202946 0.0414886 0.0713402 0.111592 0.104902 0.108894 0.110636 0.117776 0.105296 0.107544 0.0401394 0.0192827 0.0124803 0.00416011 0.0028671 0.000618394 0 0 0 0 0
 0 0 0 0 0 0 0 0 0 0 0.00291406 0.0102884 0.027416 0.0768956 0.0749926 0.110853 0.0956884 0.0897413 0.0766577 0.0534642 0.0500743 0.0551293 0.0594112 0.0620874 0.0668451 0.0424026 0.0208742 0.0120726 0.0048766 0.00582813 0.00118941 0.000297354 0 0 0 0
 0 0.00264628 0.0354308 0.0461629 0.0458689 0.0383711 0.0214643 0.0164657 0.0346957 0.0420465 0.0363128 0.0245516 0.0311673 0.0291091 0.0169068 0.0133784 0.00837989 0.0085269 0.0148486 0.0160247 0.0276389 0.0546898 0.0760071 0.122758 0.109233 0.0665981 0.0333725 0.0166128 0.00676272 0.00308733 0.000882094 0 0 0 0 0
 0 0 0 0 0 0 0 0.000805153 0.000690131 0.00759144 0.0133425 0.0154129 0.00931677 0.000345066 0.00356568 0.00563607 0.00851162 0.0253048 0.0502646 0.0516448 0.0657925 0.0565908 0.0611916 0.0827007 0.0866115 0.110766 0.145733 0.0935128 0.0569358 0.0249597 0.0138026 0.00621118 0.00161031 0.00115022 0 0
 0 0 0 0 0 0 0 0 0 0 0 0 0 0 0 0 0 0 0 0 0 0 0 0 0 0 0 0 0 0 0 0 0 0 0 0
 0.00147267 0.00158595 0.00478618 0.00569244 0.00954404 0.0108468 0.00647125 0.017049 0.0510054 0.094081 0.124002 0.0959785 0.0687766 0.0820023 0.061753 0.0591476 0.0492212 0.0479892 0.0443925 0.0268479 0.0217502 0.0140895 0.0121071 0.0120363 0.00920419 0.00665534 0.0049561 0.00860946 0.00930331 0.0156896 0.0114698 0.00855282 0.00243557 0.00046729 0 2.83206e-05
 0 0 0 0 0.000772559 0.00158375 0.000888443 0.00281984 0.00712685 0.0440552 0.0773331 0.111326 0.0921469 0.0852325 0.0710754 0.0886704 0.0786465 0.0553345 0.0373146 0.0185414 0.00753245 0.00457741 0.012979 0.0271748 0.0457355 0.0583668 0.034881 0.0177882 0.00938659 0.00492506 0.0015258 0.00185414 0.000309023 5.79419e-05 3.86279e-05 0
 0 0.00173294 0.00326652 0 0.00397197 0.00683976 0.00946217 0.0152591 0.00757587 0.0136028 0.0228656 0.0392903 0.0559909 0.0764795 0.0681675 0.0726916 0.0566044 0.0477403 0.0527397 0.0444891 0.0609904 0.0582453 0.0661739 0.0445044 0.0529084 0.0360697 0.0280645 0.0235558 0.0158879 0.00826598 0.00280645 0.00217768 0.000904811 0.00058276 9.20147e-05 0
ppred_pel_tallas
 1.01241e-16 3.29687e-05 0.0001935 0.000919815 0.00354134 0.0110433 0.0278946 0.057076 0.0946099 0.127058 0.138264 0.121959 0.0873007 0.0509468 0.0247211 0.0108833 0.00583602 0.00534302 0.00680614 0.00907785 0.0116762 0.0142961 0.0166497 0.018467 0.0195428 0.0197796 0.0192055 0.0179579 0.0162426 0.0142817 0.012269 0.0103439 0.00858614 0.00702732 0.00566871 0.00449816
 1.01338e-16 3.20798e-05 0.000188279 0.000894986 0.00344573 0.0107452 0.0271415 0.0555354 0.0920571 0.123633 0.134545 0.118697 0.0850076 0.0496923 0.0242682 0.0109481 0.00624485 0.00604401 0.00781437 0.0104207 0.0133581 0.0162797 0.0188495 0.0207554 0.0217677 0.02179 0.0208784 0.0192195 0.0170779 0.0147313 0.0124145 0.0102868 0.00842717 0.00684993 0.00553024 0.00442813
 1.02204e-16 2.54447e-05 0.000149315 0.000709726 0.0027324 0.00852065 0.0215227 0.0440397 0.0730061 0.0980615 0.106753 0.0942668 0.067703 0.0399636 0.0202398 0.0103562 0.00761801 0.00881467 0.0119489 0.0160665 0.0206381 0.0251909 0.0292212 0.0322502 0.0339214 0.0340793 0.0327995 0.0303569 0.0271465 0.0235861 0.0200312 0.016727 0.0137998 0.0112803 0.00914121 0.00733197
 1.02414e-16 3.08121e-05 0.000180839 0.000859619 0.00330957 0.0103206 0.026069 0.0533407 0.0884187 0.118746 0.129223 0.113995 0.0816259 0.0476867 0.0232366 0.0103984 0.00582252 0.00556202 0.00719807 0.00966192 0.012499 0.0154114 0.0181101 0.0203173 0.0218149 0.022487 0.0223383 0.02148 0.02009 0.0183649 0.0164777 0.0145555 0.0126762 0.0108809 0.0091905 0.00761974
 1.02002e-16 3.12794e-05 0.00018358 0.000872647 0.00335972 0.010477 0.026464 0.0541492 0.0897594 0.120548 0.131189 0.115738 0.0828945 0.0484688 0.0236931 0.0107276 0.00617564 0.00602938 0.00782453 0.0104574 0.0134377 0.0164275 0.019098 0.0211412 0.0223279 0.022557 0.0218742 0.0204508 0.0185332 0.0163803 0.0142098 0.0121688 0.0103299 0.00870766 0.0072838 0.00602977
 1.02931e-16 2.33807e-05 0.000137196 0.000652102 0.00251052 0.00782874 0.019775 0.040464 0.0670801 0.0901063 0.0981052 0.0866586 0.0623012 0.0369008 0.0189214 0.0100628 0.0078731 0.00942067 0.0128761 0.0173486 0.0223135 0.0272766 0.0317021 0.0350774 0.0370186 0.0373541 0.0361576 0.0337133 0.0304326 0.026751 0.0230384 0.0195489 0.0164136 0.0136655 0.01128 0.0092112
 1.03269e-16 2.90146e-05 0.000170285 0.000809445 0.00311638 0.00971813 0.0245472 0.0502272 0.0832583 0.111817 0.121688 0.107359 0.0768985 0.0449744 0.0220084 0.0100096 0.00583567 0.0057814 0.00757743 0.01022 0.013276 0.0164513 0.0194526 0.0219931 0.0238408 0.0248626 0.0250437 0.0244737 0.0233102 0.0217316 0.019898 0.0179304 0.0159093 0.0138868 0.0119018 0.00999224
 1.03392e-16 2.62603e-05 0.000154108 0.00073252 0.00282018 0.00879439 0.0222141 0.045454 0.0753491 0.101204 0.110162 0.097246 0.0697769 0.0410556 0.020549 0.0101176 0.00695827 0.00774362 0.0104154 0.0140168 0.0180572 0.0221295 0.0258078 0.0286858 0.0304577 0.0309834 0.0303133 0.0286608 0.0263361 0.0236652 0.0209214 0.0182876 0.0158536 0.0136389 0.0116254 0.009787
 1.03189e-16 2.83332e-05 0.000166282 0.000790407 0.00304307 0.00948951 0.0239698 0.049046 0.0813013 0.109192 0.118839 0.104865 0.0751543 0.0440393 0.0217085 0.0101382 0.00627295 0.00650211 0.00860589 0.0115844 0.0149772 0.0184448 0.0216428 0.0242396 0.0259773 0.026724 0.0264954 0.025435 0.0237656 0.0217281 0.0195305 0.0173196 0.0151788 0.0131441 0.011227 0.00943367
 1.03227e-16 2.67354e-05 0.000156898 0.000745785 0.00287125 0.00895368 0.0226164 0.0462771 0.076713 0.103034 0.11215 0.0989926 0.0710104 0.0417418 0.0208191 0.0101299 0.00681351 0.00747815 0.0100288 0.0134987 0.0174038 0.0213515 0.0249331 0.0277575 0.0295276 0.030103 0.0295244 0.0279883 0.0257851 0.0232228 0.0205623 0.017982 0.0155744 0.0133666 0.0113503 0.00950867
 1.04962e-16 1.92369e-05 0.000112866 0.000536435 0.00206517 0.00643992 0.016267 0.0332865 0.0551838 0.0741339 0.0807344 0.0713612 0.0514051 0.030652 0.0160967 0.00917763 0.00792056 0.00995103 0.0137836 0.018676 0.0241512 0.0297216 0.0348399 0.0389712 0.0417003 0.0428182 0.0423564 0.0405549 0.0377819 0.0344341 0.0308527 0.0272769 0.0238406 0.0205981 0.0175622 0.0147366
 1.07403e-16 1.87084e-05 0.000109771 0.000521738 0.00200861 0.00626357 0.0158214 0.0323742 0.0536694 0.0720934 0.0784964 0.0693454 0.0498714 0.0295748 0.0152361 0.00822968 0.00661522 0.00807786 0.0111939 0.0152988 0.0200245 0.0250226 0.0298956 0.0342363 0.0377007 0.0400692 0.0412744 0.0413846 0.0405566 0.0389772 0.0368167 0.0342071 0.0312466 0.0280187 0.0246129 0.0211356
 1.06136e-16 2.65214e-05 0.000155649 0.000739865 0.00284849 0.00888271 0.0224371 0.0459095 0.0761015 0.102206 0.111232 0.098141 0.0703105 0.0411515 0.020195 0.00928464 0.00555762 0.00563794 0.00746281 0.0101259 0.0132409 0.0165462 0.0197777 0.0226731 0.0250149 0.0266695 0.0276023 0.0278646 0.0275588 0.0267983 0.0256759 0.0242522 0.022562 0.0206321 0.0185 0.0162248
 1.04198e-16 2.71068e-05 0.00015908 0.000756165 0.00291122 0.00907833 0.0229313 0.0469212 0.0777801 0.104466 0.113703 0.100351 0.0719587 0.0422463 0.0209725 0.0100415 0.00654334 0.00703221 0.00938335 0.0126253 0.0162875 0.0200024 0.0233932 0.0261013 0.027856 0.0285322 0.028171 0.0269546 0.025147 0.0230225 0.0208062 0.0186421 0.0165939 0.0146672 0.012841 0.0110944
 1.02448e-16 3.11736e-05 0.00018296 0.000869704 0.0033484 0.0104417 0.0263748 0.0539666 0.0894563 0.12014 0.130742 0.115338 0.0825939 0.0482656 0.0235428 0.0105745 0.00597203 0.00573992 0.00742557 0.00993824 0.012805 0.0157097 0.0183465 0.0204272 0.0217331 0.0221608 0.0217401 0.0206156 0.0190009 0.0171227 0.015173 0.013283 0.0115206 0.00990526 0.00843031 0.00708243
 1.01545e-16 3.25928e-05 0.000191292 0.000909313 0.0035009 0.0109172 0.0275761 0.0564245 0.0935303 0.12561 0.136692 0.120581 0.0863339 0.0504219 0.0245394 0.0109265 0.00603252 0.00567216 0.00727405 0.00969334 0.012435 0.0151728 0.017596 0.0194162 0.0204206 0.0205182 0.0197576 0.0183071 0.016406 0.0143054 0.0122168 0.0102833 0.00857506 0.00710445 0.00584974 0.0047771
 1.01981e-16 2.70964e-05 0.000159014 0.000755841 0.00290996 0.00907437 0.0229213 0.0469012 0.0777484 0.104427 0.113672 0.10035 0.0720157 0.0423952 0.02126 0.0105325 0.00732141 0.00819144 0.0110115 0.0147801 0.01897 0.0231348 0.0268073 0.0295462 0.0310246 0.0311032 0.0298574 0.0275473 0.0245437 0.0212369 0.0179578 0.0149324 0.0122747 0.0100079 0.00810068 0.00649994
 1.02808e-16 2.74228e-05 0.000160935 0.000764984 0.00294518 0.00918423 0.0231987 0.0474684 0.0786871 0.105683 0.115028 0.101518 0.0727906 0.0427252 0.0211931 0.0101198 0.00656124 0.00703233 0.0093864 0.0126455 0.0163393 0.0201018 0.0235539 0.0263292 0.028143 0.0288497 0.0284675 0.0271575 0.0251707 0.0227808 0.0202271 0.0176828 0.0152504 0.0129775 0.0108811 0.00896748
 1.03202e-16 2.72561e-05 0.000159956 0.00076033 0.00292726 0.00912834 0.0230576 0.0471796 0.0782085 0.105041 0.11433 0.100904 0.0723562 0.0424812 0.0210924 0.010105 0.00659423 0.00709662 0.00947731 0.0127609 0.0164748 0.0202484 0.023699 0.0264589 0.0282457 0.0289206 0.0285119 0.0271918 0.0252207 0.0228774 0.0203998 0.0179535 0.0156283 0.0134571 0.0114429 0.0095815
 1.02361e-16 3.19384e-05 0.000187452 0.000891062 0.00343064 0.0106981 0.0270226 0.0552918 0.0916524 0.123087 0.133944 0.11815 0.0845792 0.0493687 0.0239747 0.0105888 0.00572942 0.00529647 0.00677732 0.00906464 0.0116955 0.0143774 0.0168337 0.0188032 0.0200855 0.0205817 0.0203111 0.0193946 0.0180158 0.0163711 0.0146282 0.0129034 0.0112602 0.00972149 0.00828951 0.0069617
 1.02303e-16 2.79122e-05 0.000163806 0.000778625 0.00299769 0.00934797 0.0236124 0.048315 0.0800911 0.107571 0.117087 0.103348 0.0741287 0.0435627 0.021704 0.0105193 0.00701671 0.00764815 0.0102179 0.0137073 0.0176017 0.0214839 0.0249231 0.0275133 0.0289538 0.029116 0.0280682 0.026047 0.0233894 0.0204483 0.0175205 0.014806 0.012402 0.0103251 0.00854415 0.00701195
 1.02563e-16 2.89643e-05 0.000169987 0.000808019 0.00311088 0.00970097 0.0245039 0.0501389 0.0831128 0.111624 0.121486 0.107198 0.0768215 0.0450061 0.022166 0.010319 0.00633861 0.00653056 0.00862237 0.0115892 0.0149584 0.0183826 0.0215106 0.0240058 0.0256085 0.0261893 0.0257712 0.0245094 0.0226414 0.0204244 0.0180813 0.015771 0.0135844 0.0115598 0.00970553 0.00802009
pSPR Fmed_Fpbrs
0.686271   0.339553 0.339553
Fs Fmed_Fpbrs
0.241147   1.005 1.005
SSBpbr Bo_Bmed_Bpbrs
1.27128e+06  808879  368103 368103
Ro
51731
SPR SPRFo_SPRFmed_SPRFpbrs
1.06805e+06 732968 362657
log_Ro
10.6738
likeval ReclasPelacesDesembMPH_pf_preclas_ppelaces_ptallas_desvR_qrecl_qpela
 63.2893 26.8446 0.0167862 0.00135264 260.677 165.517 61.8475 0 13.7974 8.17681e-05 0 0 0 0 0
q_reclas_q_pelaces
0.277657 1
M
0.7
N
 50932.1 15511.1 5840.4 695.261 0.339774
 66063.5 23300.1 4994.12 1880.44 223.964
 40136.7 30620.5 8038.95 1723.06 726.057
 67328.3 18017.2 8920.85 2342.03 713.514
 115604 32798.4 8084.23 4002.75 1371.01
 81086.3 57198.1 15976.2 3937.84 2617.57
 131494 38866.5 23562.1 6581.22 2700.43
 123593 63861.7 17161.3 10403.7 4098.26
 150173 58756.1 25190.1 6769.22 5720.27
 148960 71031 22563.3 9673.39 4796.16
 68281.6 71167.9 28762 9136.36 5859.04
 39774.1 31323.7 23251.6 9396.96 4899.21
 42517.2 18352.3 10552.5 7833.1 4816.16
 23645.8 18786.3 4918.13 2827.91 3389.81
 18516.4 9562.39 3153.5 825.567 1043.72
 23136.7 7597.04 1732.47 571.335 338.667
 19042.5 10656.3 2535.1 578.115 303.663
 21133.6 8962.04 3985.45 948.12 329.783
 23744.4 10119.2 3671.5 1632.73 523.521
 44243 11428.9 4261.7 1546.25 908.102
 48543.2 21279.8 4794.38 1787.76 1029.59
 67770.6 23738.1 9743.05 2195.13 1289.94
pred_Ctot
 2898.57 4020.94 1514.01 180.233 0.0880798
 3177.93 5222.45 1119.37 421.479 50.1988
 2788.26 9383.1 2463.39 528 222.487
 921.812 1256.91 622.333 163.384 49.776
 303.028 450.973 111.157 55.0371 18.8512
 2031.32 7087.58 1979.65 487.95 324.35
 2082.77 3119.19 1890.95 528.168 216.72
 3801.33 9572.37 2572.34 1559.44 614.297
 5145.02 9721.5 4167.83 1120 946.448
 4068.94 9540.79 3030.67 1299.32 644.214
 3759.32 17933 7247.5 2302.19 1476.37
 2034.61 7407.56 5498.63 2222.23 1158.59
 3393.02 6292.78 3618.32 2685.88 1651.41
 3194.37 9500.95 2487.29 1430.18 1714.36
 2339.77 4621.49 1524.08 398.995 504.427
 1211.6 1833.45 418.109 137.884 81.7332
 717.919 1922.96 457.463 104.322 54.7966
 544.812 1140.62 507.238 120.67 41.9723
 525.419 1116.06 404.934 180.075 57.7397
 1002.08 1288.45 480.445 174.317 102.375
 533.089 1199.2 270.183 100.748 58.0215
 1004.68 1787.78 733.778 165.322 97.1489
F
 0.0820346 0.433292 0.433292 0.433292 0.433292
 0.0689461 0.364161 0.364161 0.364161 0.364161
 0.100965 0.533279 0.533279 0.533279 0.533279
 0.0191998 0.10141 0.10141 0.10141 0.10141
 0.00365075 0.0192826 0.0192826 0.0192826 0.0192826
 0.0353815 0.186878 0.186878 0.186878 0.186878
 0.0222418 0.117477 0.117477 0.117477 0.117477
 0.0435966 0.230269 0.230269 0.230269 0.230269
 0.0486712 0.257072 0.257072 0.257072 0.257072
 0.0386346 0.204061 0.204061 0.204061 0.204061
 0.0792662 0.418669 0.418669 0.418669 0.418669
 0.0734623 0.388015 0.388015 0.388015 0.388015
 0.116782 0.616823 0.616823 0.616823 0.616823
 0.205349 1.08461 1.08461 1.08461 1.08461
 0.190899 1.00829 1.00829 1.00829 1.00829
 0.0752634 0.397528 0.397528 0.397528 0.397528
 0.0536759 0.283506 0.283506 0.283506 0.283506
 0.0364265 0.192398 0.192398 0.192398 0.192398
 0.0311954 0.164768 0.164768 0.164768 0.164768
 0.0319406 0.168704 0.168704 0.168704 0.168704
 0.0153742 0.0812034 0.0812034 0.0812034 0.0812034
 0.0208039 0.109883 0.109883 0.109883 0.109883
YTP_r0W_actual
 6028.07 31107.5 20472.4 6315.29 3497.36
YTP_p0W_proyectada
 34942.5 349734 160961 86762.3 32600.6
CTP_r0_actual
 1004.68 1787.78 733.778 165.322 97.1489
CTP_p0_proyectada
 4261.28 15897 5093.7 2090.66 680.596
Wmedp
 8.2 22 31.6 41.5 47.9
nmprior
 10 11 7 0
nm_flota  nm_reclas  nm_pelaces    nm_pelaL
inf 14.5631 18.0784 18.0784
cv_recla  cv_pelaces  cv_mph
0.774327 0.662779 1.19324
 ------------------------------------------------
Talla a la edad & desviaci?n 
 7.2 14.2025 17.0495 18.207 18.6776
 1.08 2.13037 2.55742 2.73105 2.80164
