years
 1997 1998 1999 2000 2001 2002 2003 2004 2005 2006 2007 2008 2009 2010 2011 2012 2013 2014 2015 2016 2017 2018
reclasobs
 0 0 0 370054 412103 1.49427e+06 250295 1.28982e+06 931140 785840 897777 1.04006e+06 184774 17550 25797 100020 73551 82996 120727 218422 84188 347160
reclaspred
 3.45773e+06 594991 1.68521e+06 1.05854e+06 1.00325e+06 1.07535e+06 1.77862e+06 926324 777490 573124 379977 270681 225289 207514 378193 622102 857027 1.29343e+06 1.36055e+06 1.46756e+06 1.51624e+06 1.10777e+06
pelacesobs
 0 0 0 0 0 0 0 0 0 2.06254e+06 1.5e+06 0 1.87456e+06 323000 250000 174000 83755 137374 0 501740 490994 745055
pelacespred
 1.89585e+06 732276 681357 781918 635060 558373 858298 644032 429006 320683 158583 123083 102506 86570.3 187753 331822 482773 707815 812160 849963 930190 738919
mphobs
 0 0 0 0 0 112323 0 153150 637223 0 255016 313432 73983 77613 109348 50772 0 0 0 0 0 0
mphpred
 2.55735e+06 1.23505e+06 951222 1.16854e+06 913464 960728 1.21428e+06 1.13071e+06 756551 575760 427855 251206 206369 177194 231010 468964 653685 997769 1.22192e+06 1.2667e+06 1.34712e+06 1.165e+06
desembarqueobs
 350755 77701 442110 56441 14545 235359 269955 359681 431902 328805 639364 411747 362871 311530 167758 66681 60226 58785 57116 71774 51957 67425
desembarquepred
 350796 77713.9 442316 56446.9 14545.1 235326 269807 358702 429762 326767 632372 410415 362569 312843 168153 66732.9 60261.5 58804.3 57130.5 71793.7 51963.1 67427.9
Reclutas
 63156 63156 63156 63156 63156 63156 63156 63156 63156 63156 63156 63156 63156 63156 63156 63156 63156 63156 63156 63156 63156 63156
log_desv_Rt
 0 0 0 0 0 0 0 0 0 0 0 0 0 0 0 0 0 0 0 0 0 0
SSB
 2.55735e+06 1.23505e+06 951222 1.16854e+06 913464 960728 1.21428e+06 1.13071e+06 756551 575760 427855 251206 206369 177194 231010 468964 653685 997769 1.22192e+06 1.2667e+06 1.34712e+06 1.165e+06
BT
 4.62927e+06 1.50854e+06 1.91866e+06 1.64195e+06 1.31521e+06 1.27601e+06 2.13653e+06 1.77409e+06 1.38958e+06 1.04588e+06 974460 726350 634981 510262 653772 785822 1.13451e+06 1.55782e+06 1.66681e+06 1.77915e+06 1.96525e+06 1.48024e+06
Ftot
 0.0988433 0.127048 0.25325 0.0521028 0.0141955 0.21164 0.14738 0.370596 0.522936 0.539026 1.43664 1.34138 1.41866 1.33985 0.425909 0.10452 0.0686532 0.0444426 0.0410523 0.0478093 0.0335198 0.0594427
BD_Bspro_t
 0.985003 0.900221 0.831334 0.734265 0.788477 0.835842 0.766893 0.729704 0.608152 0.492116 0.390313 0.220694 0.187166 0.176194 0.221599 0.392411 0.556331 0.732571 0.81792 0.862573 0.887213 0.904654
BD_Bspro
 1.96126 0.947177 0.729506 0.896173 0.700548 0.736796 0.931246 0.867155 0.580209 0.441558 0.328128 0.192653 0.158267 0.135893 0.177165 0.359655 0.50132 0.765203 0.937111 0.971447 1.03312 0.893454
BD_Bo
 1.89132 0.913399 0.70349 0.864213 0.675565 0.71052 0.898036 0.836231 0.559518 0.425812 0.316426 0.185783 0.152623 0.131046 0.170847 0.346829 0.483442 0.737914 0.903692 0.936803 0.996281 0.861592
BD_Brms
 9.09594 4.39282 3.3833 4.15627 3.249 3.41711 4.31893 4.02169 2.69089 2.04786 1.52179 0.893486 0.73401 0.630242 0.821655 1.66801 2.32502 3.54886 4.34613 4.50537 4.79142 4.14366
S_f
 0.5 1 1 1 1
 0.5 1 1 1 1
 0.5 1 1 1 1
 0.5 1 1 1 1
 0.5 1 1 1 1
 0.5 1 1 1 1
 0.5 1 1 1 1
 0.5 1 1 1 1
 0.5 1 1 1 1
 0.5 1 1 1 1
 0.5 1 1 1 1
 0.5 1 1 1 1
 0.5 1 1 1 1
 0.5 1 1 1 1
 0.5 1 1 1 1
 0.5 1 1 1 1
 0.5 1 1 1 1
 0.5 1 1 1 1
 0.5 1 1 1 1
 0.5 1 1 1 1
 0.5 1 1 1 1
 0.5 1 1 1 1
Scru_reclas
 0.5 1 1 1 1
 0.5 1 1 1 1
 0.5 1 1 1 1
 0.5 1 1 1 1
 0.5 1 1 1 1
 0.5 1 1 1 1
 0.5 1 1 1 1
 0.5 1 1 1 1
 0.5 1 1 1 1
 0.5 1 1 1 1
 0.5 1 1 1 1
 0.5 1 1 1 1
 0.5 1 1 1 1
 0.5 1 1 1 1
 0.5 1 1 1 1
 0.5 1 1 1 1
 0.5 1 1 1 1
 0.5 1 1 1 1
 0.5 1 1 1 1
 0.5 1 1 1 1
 0.5 1 1 1 1
 0.5 1 1 1 1
Scru_pelaces
 0.5 1 1 1 1
 0.5 1 1 1 1
 0.5 1 1 1 1
 0.5 1 1 1 1
 0.5 1 1 1 1
 0.5 1 1 1 1
 0.5 1 1 1 1
 0.5 1 1 1 1
 0.5 1 1 1 1
 0.5 1 1 1 1
 0.5 1 1 1 1
 0.5 1 1 1 1
 0.5 1 1 1 1
 0.5 1 1 1 1
 0.5 1 1 1 1
 0.5 1 1 1 1
 0.5 1 1 1 1
 0.5 1 1 1 1
 0.5 1 1 1 1
 0.5 1 1 1 1
 0.5 1 1 1 1
 0.5 1 1 1 1
pf_obs 
 0.256992 0.487395 0.22802 0.0275931 0
 0.321318 0.546541 0.124235 0.00734118 0.000564706
 0.182869 0.594174 0.210203 0.0122559 0.00049798
 0.330522 0.361315 0.267642 0.0388342 0.00168674
 0.649043 0.306663 0.0425973 0.00169635 0
 0.582887 0.30429 0.105238 0.00758474 0
 0.465427 0.430635 0.0974691 0.00646863 0
 0.296916 0.608066 0.0921331 0.00288517 0
 0.311714 0.524322 0.152257 0.0117073 0
 0.15457 0.633149 0.183074 0.0267441 0.00246327
 0.131901 0.49318 0.331252 0.0422183 0.00144891
 0.196976 0.569456 0.194076 0.0375587 0.00193317
 0.518974 0.381816 0.0799577 0.0180837 0.00116848
 0.0928022 0.601141 0.25162 0.0475244 0.00691264
 0.122501 0.610282 0.24278 0.0234846 0.000952079
 0.383417 0.481906 0.127806 0.00687128 0
 0.0376549 0.599619 0.316969 0.0457579 0
 0.0361596 0.667082 0.258105 0.0386534 0
 0.158088 0.579412 0.248529 0.0139706 0
 0.0477256 0.309471 0.559284 0.082774 0.000745712
 0.0406174 0.521527 0.379366 0.0568643 0.0016247
 0.151134 0.462217 0.34131 0.0453401 0
pf_pred 
 0.30197 0.351399 0.174499 0.0866538 0.0854783
 0.338621 0.311379 0.176195 0.0874958 0.0863088
 0.368338 0.325245 0.144262 0.0816312 0.0805238
 0.391398 0.338597 0.139026 0.061665 0.0693133
 0.369867 0.356775 0.152084 0.0624447 0.0588299
 0.364711 0.343684 0.165104 0.0703793 0.0561219
 0.388364 0.33608 0.149072 0.0716134 0.0548696
 0.400285 0.341672 0.141789 0.0628922 0.0533619
 0.446477 0.330906 0.12683 0.0526327 0.043154
 0.488155 0.33424 0.106176 0.040695 0.0307344
 0.541134 0.317078 0.0925888 0.029412 0.0197869
 0.675354 0.256108 0.0473595 0.0138292 0.00734844
 0.687265 0.270311 0.0334671 0.00618872 0.00276741
 0.695387 0.266146 0.0332489 0.00411653 0.00110162
 0.652883 0.303665 0.037965 0.00474288 0.000744357
 0.507923 0.398517 0.0818484 0.0102329 0.001479
 0.422788 0.392574 0.149532 0.0307113 0.00439457
 0.386599 0.367398 0.167312 0.0637293 0.0149618
 0.368075 0.354316 0.166275 0.0757209 0.0356135
 0.359727 0.346356 0.164798 0.0773368 0.0517833
 0.356148 0.342822 0.162842 0.0774811 0.060707
 0.353699 0.340972 0.162574 0.0772235 0.065532
pobs_RECLAS
 0 0 0 0 0
 0 0 0 0 0
 0 0 0 0 0
 0 0 0 0 0
 0.835266 0.146461 0.0176864 0.000547809 3.91292e-05
 0.385257 0.428462 0.181853 0.0044286 0
 0.867414 0.0963971 0.0333333 0.00285562 0
 0.441836 0.489002 0.0689373 0.000224442 0
 0.779404 0.147425 0.0564933 0.0165055 0.000172143
 0.814271 0.122319 0.05973 0.00367925 0
 0.40263 0.566651 0.0304383 0.000280538 0
 0.475488 0.404961 0.113038 0.00651328 0
 0.955842 0.0263864 0.0167828 0.000988607 0
 0.975058 0.0227948 0.00214734 0 0
 0.738997 0.206755 0.0527124 0.00153531 0
 0.850938 0.134255 0.0134407 0.00136685 0
 0.542534 0.407297 0.0501686 0 0
 0.764087 0.199537 0.0359546 0.000420521 0
 0.470689 0.182191 0.310203 0.0369168 0
 0.84361 0.089868 0.0606195 0.00523954 0.000663233
 0.607945 0.314616 0.071237 0.00620181 0
 0.523733 0.453247 0.0230204 0 0
ppred_RECLAS
 0.302636 0.351063 0.174333 0.0865712 0.0853967
 0.339555 0.31094 0.175946 0.0873722 0.0861869
 0.370497 0.324133 0.143769 0.0813522 0.0802486
 0.391777 0.338387 0.13894 0.0616266 0.0692701
 0.369964 0.35672 0.15206 0.062435 0.0588208
 0.366446 0.342746 0.164653 0.0701871 0.0559686
 0.389535 0.335437 0.148787 0.0714764 0.0547646
 0.403859 0.339636 0.140944 0.0625174 0.053044
 0.45225 0.327455 0.125507 0.0520837 0.042704
 0.494229 0.330274 0.104916 0.0402121 0.0303697
 0.56609 0.299833 0.0875532 0.0278124 0.0187107
 0.694955 0.240646 0.0445002 0.0129943 0.00690478
 0.708153 0.252257 0.0312319 0.00577538 0.00258257
 0.714257 0.249659 0.0311892 0.00386152 0.00103338
 0.656902 0.300149 0.0375255 0.00468796 0.000735739
 0.508762 0.397837 0.0817089 0.0102155 0.00147648
 0.423308 0.39222 0.149397 0.0306836 0.00439061
 0.386919 0.367207 0.167225 0.0636961 0.014954
 0.368363 0.354154 0.166199 0.0756864 0.0355973
 0.360061 0.346174 0.164712 0.0772964 0.0517563
 0.356378 0.3427 0.162784 0.0774534 0.0606853
 0.354116 0.340751 0.162469 0.0771736 0.0654896
pobs_PELACES
 0 0 0 0 0
 0 0 0 0 0
 0 0 0 0 0
 0 0 0 0 0
 0 0 0 0 0
 0 0 0 0 0
 0 0 0 0 0
 0 0 0 0 0
 0 0 0 0 0
 0 0 0 0 0
 0.450072 0.473896 0.0757376 0.000293798 0
 0 0 0 0 0
 0.463077 0.371075 0.160297 0.00555027 0
 0.529543 0.364841 0.0842815 0.0213345 0
 0.631943 0.363953 0.00410389 0 0
 0.735681 0.248677 0.0153453 0.000297389 0
 0.695825 0.281241 0.0229344 0 0
 0.275771 0.60734 0.115278 0.00161068 0
 0 0 0 0 0
 0.896147 0.0623911 0.0374545 0.00400742 0
 0.803859 0.145111 0.0509908 3.86294e-05 0
 0.739449 0.233085 0.0266225 0.000797448 4.60066e-05
ppred_PELACES
 0.306089 0.349325 0.17347 0.0861425 0.0849739
 0.344272 0.308719 0.17469 0.0867482 0.0855714
 0.380294 0.319089 0.141532 0.0800861 0.0789996
 0.393827 0.337246 0.138471 0.0614189 0.0690366
 0.37051 0.356411 0.151928 0.0623809 0.0587698
 0.37459 0.33834 0.162536 0.0692848 0.0552491
 0.395333 0.332251 0.147374 0.0707976 0.0542445
 0.418663 0.331201 0.137444 0.0609649 0.0517267
 0.4737 0.314632 0.120592 0.0500442 0.0410317
 0.516458 0.315758 0.100305 0.0384448 0.0290349
 0.623155 0.260401 0.0760387 0.0241547 0.01625
 0.739759 0.205301 0.0379642 0.0110858 0.00589064
 0.754083 0.212558 0.0263167 0.00486647 0.00217613
 0.75717 0.212165 0.0265052 0.0032816 0.000878188
 0.672562 0.28645 0.0358128 0.004474 0.000702158
 0.513071 0.394347 0.0809921 0.0101259 0.00146353
 0.426076 0.390338 0.14868 0.0305364 0.00436954
 0.38866 0.366164 0.16675 0.0635153 0.0149116
 0.369941 0.35327 0.165784 0.0754974 0.0355084
 0.361881 0.34519 0.164243 0.0770766 0.0516091
 0.357648 0.342024 0.162463 0.0773006 0.0605656
 0.356363 0.339566 0.161904 0.0769052 0.0652618
pobs_pel_tallas
 0 0 0 0 0 0 0 0 0 0 0 0 0 0 0 0 0 0 0 0 0 0 0 0 0 0 0 0 0 0 0 0 0 0 0 0
 0 0 0 0 0 0 0 0 0 0 0 0 0 0 0 0 0 0 0 0 0 0 0 0 0 0 0 0 0 0 0 0 0 0 0 0
 0 0 0 0 0 0 0 0 0 0 0 0 0 0 0 0 0 0 0 0 0 0 0 0 0 0 0 0 0 0 0 0 0 0 0 0
 0 0 0 0 0 0 0 0 0 0 0 0 0 0 0 0 0 0 0 0 0 0 0 0 0 0 0 0 0 0 0 0 0 0 0 0
 0 0 0 0 0 0 0 0 0 0 0 0 0 0 0 0 0 0 0 0 0 0 0 0 0 0 0 0 0 0 0 0 0 0 0 0
 0 0 0 0 0 0 0 0 0 0 0 0 0 0 0 0 0 0 0 0 0 0 0 0 0 0 0 0 0 0 0 0 0 0 0 0
 0 0 0 0 0 0 0 0 0 0 0 0 0 0 0 0 0 0 0 0 0 0 0 0 0 0 0 0 0 0 0 0 0 0 0 0
 0 0 0 0 0 0 0 0 0 0 0 0 0 0 0 0 0 0 0 0 0 0 0 0 0 0 0 0 0 0 0 0 0 0 0 0
 0 0 0 0 0 0 0 0 0 0 0 0 0 0 0 0 0 0 0 0 0 0 0 0 0 0 0 0 0 0 0 0 0 0 0 0
 0 0 0 0 0 0 0 0 0 0 0 0 0 0 0 0 0 0 0 0 0 0 0 0 0 0 0 0 0 0 0 0 0 0 0 0
 0 0 0 0 0 0 0 0 1.78061e-05 0.00172719 0.00360574 0.0105946 0.0120993 0.0124554 0.0147524 0.0171206 0.0266825 0.0428682 0.0675386 0.121331 0.153587 0.119568 0.100827 0.0573624 0.0630603 0.0341343 0.0324427 0.0444173 0.0211091 0.0280891 0.0125444 0.00206551 0 0 0 0
 0 0 0 0 0 0 0 0 0 0 0 0 0 0 0 0 0 0 0 0 0 0 0 0 0 0 0 0 0 0 0 0 0 0 0 0
 0 0 0 0 0 0 0.0133647 0.0140871 0.0187388 0.0205184 0.03894 0.0496705 0.03968 0.0493445 0.0407372 0.0367815 0.0215668 0.0243155 0.0234873 0.0199281 0.019796 0.0243948 0.0301388 0.0376714 0.0412746 0.0863199 0.0771752 0.113111 0.0741005 0.0525337 0.0229764 0.00759418 0.00175318 0 0 0
 0 0 0 0 0 0 0 0 0 0 0.00219441 0.00772107 0.0458388 0.0604681 0.0671733 0.0775358 0.0609151 0.0617685 0.073594 0.0568108 0.0755445 0.0548602 0.0670107 0.0636378 0.0643287 0.046367 0.0373049 0.0286899 0.0247887 0.0153202 0.00654259 0.00121912 0.000365735 0 0 0
 0 0 0 0 0 0 0 0 0 0 0 0 0.000112435 0.00938835 0.0111873 0.0202946 0.0414886 0.0713402 0.111592 0.104902 0.108894 0.110636 0.117776 0.105296 0.107544 0.0401394 0.0192827 0.0124803 0.00416011 0.0028671 0.000618394 0 0 0 0 0
 0 0 0 0 0 0 0 0 0 0 0.00291406 0.0102884 0.027416 0.0768956 0.0749926 0.110853 0.0956884 0.0897413 0.0766577 0.0534642 0.0500743 0.0551293 0.0594112 0.0620874 0.0668451 0.0424026 0.0208742 0.0120726 0.0048766 0.00582813 0.00118941 0.000297354 0 0 0 0
 0 0.00264628 0.0354308 0.0461629 0.0458689 0.0383711 0.0214643 0.0164657 0.0346957 0.0420465 0.0363128 0.0245516 0.0311673 0.0291091 0.0169068 0.0133784 0.00837989 0.0085269 0.0148486 0.0160247 0.0276389 0.0546898 0.0760071 0.122758 0.109233 0.0665981 0.0333725 0.0166128 0.00676272 0.00308733 0.000882094 0 0 0 0 0
 0 0 0 0 0 0 0 0.000805153 0.000690131 0.00759144 0.0133425 0.0154129 0.00931677 0.000345066 0.00356568 0.00563607 0.00851162 0.0253048 0.0502646 0.0516448 0.0657925 0.0565908 0.0611916 0.0827007 0.0866115 0.110766 0.145733 0.0935128 0.0569358 0.0249597 0.0138026 0.00621118 0.00161031 0.00115022 0 0
 0 0 0 0 0 0 0 0 0 0 0 0 0 0 0 0 0 0 0 0 0 0 0 0 0 0 0 0 0 0 0 0 0 0 0 0
 0.00147267 0.00158595 0.00478618 0.00569244 0.00954404 0.0108468 0.00647125 0.017049 0.0510054 0.094081 0.124002 0.0959785 0.0687766 0.0820023 0.061753 0.0591476 0.0492212 0.0479892 0.0443925 0.0268479 0.0217502 0.0140895 0.0121071 0.0120363 0.00920419 0.00665534 0.0049561 0.00860946 0.00930331 0.0156896 0.0114698 0.00855282 0.00243557 0.00046729 0 2.83206e-05
 0 0 0 0 0.000772559 0.00158375 0.000888443 0.00281984 0.00712685 0.0440552 0.0773331 0.111326 0.0921469 0.0852325 0.0710754 0.0886704 0.0786465 0.0553345 0.0373146 0.0185414 0.00753245 0.00457741 0.012979 0.0271748 0.0457355 0.0583668 0.034881 0.0177882 0.00938659 0.00492506 0.0015258 0.00185414 0.000309023 5.79419e-05 3.86279e-05 0
 0 0.00173294 0.00326652 0 0.00397197 0.00683976 0.00946217 0.0152591 0.00757587 0.0136028 0.0228656 0.0392903 0.0559909 0.0764795 0.0681675 0.0726916 0.0566044 0.0477403 0.0527397 0.0444891 0.0609904 0.0582453 0.0661739 0.0445044 0.0529084 0.0360697 0.0280645 0.0235558 0.0158879 0.00826598 0.00280645 0.00217768 0.000904811 0.00058276 9.20147e-05 0
ppred_pel_tallas
 1.09507e-16 1.33739e-05 7.84452e-05 0.000372793 0.00143511 0.00447509 0.011304 0.0231319 0.0383528 0.0515343 0.0561523 0.0497034 0.0359574 0.0217497 0.0119901 0.00773936 0.00769157 0.0102547 0.0144298 0.0196924 0.0256504 0.0318529 0.0377711 0.0428747 0.0467365 0.0491152 0.0499886 0.0495227 0.0479975 0.045716 0.0429315 0.0398139 0.0364556 0.0329041 0.029201 0.0254096
 1.0956e-16 1.50372e-05 8.8214e-05 0.000419243 0.00161397 0.00503287 0.0127129 0.0260142 0.0431291 0.0579442 0.0631158 0.0558179 0.0402735 0.024146 0.0129242 0.00776138 0.00714917 0.00926744 0.0129862 0.0177451 0.023174 0.0288746 0.034383 0.0392299 0.0430302 0.0455552 0.0467618 0.0467673 0.0457866 0.0440566 0.0417759 0.0390786 0.0360425 0.0327176 0.0291595 0.0254502
 1.08557e-16 1.66083e-05 9.74369e-05 0.000463089 0.00178278 0.0055593 0.0140426 0.028735 0.047639 0.0640006 0.0697056 0.0616287 0.0444291 0.0265626 0.0140796 0.00823769 0.00735149 0.00939124 0.0130929 0.0178291 0.0231937 0.0287622 0.0340496 0.0385743 0.0419525 0.0439739 0.0446307 0.0440882 0.0426149 0.0404971 0.0379708 0.0351897 0.0322313 0.0291272 0.0259016 0.0225978
 1.07412e-16 1.71991e-05 0.000100904 0.000479568 0.00184622 0.00575714 0.0145424 0.0297577 0.0493346 0.0662789 0.0721879 0.0638255 0.0460171 0.0275207 0.0146024 0.0085648 0.00766156 0.00978712 0.0136254 0.0185155 0.0240211 0.0296845 0.0349857 0.0394124 0.0425626 0.0442258 0.0444145 0.0433327 0.0412993 0.0386538 0.0356801 0.0325675 0.0294131 0.0262524 0.0230985 0.0199736
 1.07163e-16 1.61832e-05 9.4938e-05 0.0004512 0.00173699 0.0054165 0.013682 0.0279974 0.0464174 0.0623636 0.0679334 0.0600873 0.0433731 0.026042 0.0140053 0.00850767 0.00792545 0.0102927 0.0143755 0.0195393 0.0253415 0.0313002 0.0368635 0.0414867 0.0447418 0.0464041 0.0464868 0.0452078 0.0429096 0.0399598 0.0366695 0.033251 0.0298188 0.0264201 0.0230744 0.0198063
 1.0738e-16 1.63604e-05 9.59799e-05 0.000456157 0.00175608 0.00547604 0.0138323 0.0283049 0.0469267 0.063046 0.0686718 0.0607288 0.043811 0.0262546 0.0140286 0.00838299 0.00766857 0.00989363 0.0138134 0.0187989 0.0244261 0.03024 0.0357186 0.0403429 0.0436995 0.0455622 0.0459252 0.0449736 0.0430098 0.0403625 0.037312 0.034053 0.0306966 0.0272977 0.0238924 0.0205251
 1.07168e-16 1.72646e-05 0.000101289 0.000481398 0.00185327 0.00577912 0.0145979 0.0298712 0.0495226 0.0665311 0.0724613 0.0640641 0.0461826 0.0276064 0.0146241 0.00854099 0.00760241 0.00969416 0.0134966 0.0183501 0.0238237 0.0294666 0.0347658 0.0392137 0.0424089 0.0441362 0.0443987 0.0433875 0.041408 0.0387891 0.0358091 0.0326576 0.0294384 0.0261975 0.0229604 0.0197611
 1.06571e-16 1.82819e-05 0.000107261 0.000509792 0.00196259 0.00612004 0.015459 0.0316331 0.052443 0.0704523 0.0767262 0.0678212 0.0488613 0.029148 0.015331 0.00878103 0.00762665 0.0096175 0.0133491 0.0181242 0.0234975 0.0290129 0.0341559 0.0384207 0.0414106 0.0429188 0.0429599 0.0417394 0.0395782 0.0368202 0.033756 0.0305833 0.0274078 0.0242715 0.0211906 0.0181852
 1.05452e-16 2.06811e-05 0.000121348 0.000576766 0.00222046 0.00692421 0.0174902 0.035789 0.0593308 0.0796995 0.0867812 0.0766718 0.0551561 0.0327391 0.0169187 0.00921411 0.007475 0.00912776 0.0125711 0.0170278 0.0220357 0.0271485 0.0318725 0.0357264 0.0383365 0.0395144 0.0392867 0.0378654 0.0355745 0.0327599 0.0297143 0.0266373 0.0236345 0.0207438 0.0179715 0.0153225
 1.04205e-16 2.25455e-05 0.000132294 0.000628804 0.00242083 0.00754903 0.0190685 0.0390182 0.0646832 0.0868865 0.094599 0.0835602 0.0600709 0.0355744 0.0182322 0.00968374 0.00756618 0.00905667 0.0123981 0.016742 0.0215968 0.0265016 0.0309551 0.0344737 0.0366898 0.0374296 0.0367437 0.0348749 0.032182 0.0290451 0.025785 0.0226199 0.0196618 0.0169417 0.0144477 0.0121583
 1.02754e-16 2.71958e-05 0.0001596 0.000758633 0.00292072 0.00910793 0.023006 0.0470744 0.0780347 0.104809 0.114082 0.100698 0.0722334 0.0424599 0.0211756 0.0102995 0.0069205 0.00758599 0.0101616 0.0136593 0.0175815 0.0215232 0.0250638 0.027803 0.0294397 0.0298365 0.0290448 0.0272785 0.0248493 0.022087 0.0192709 0.0165923 0.0141492 0.011967 0.0100298 0.00830874
 1.01263e-16 3.2278e-05 0.000189442 0.000900516 0.00346702 0.0108116 0.0273092 0.0558786 0.092626 0.124397 0.135377 0.119431 0.0855333 0.05 0.0244191 0.0110167 0.0062835 0.0060787 0.00785376 0.0104642 0.0133993 0.0163071 0.0188476 0.0207061 0.0216528 0.0215947 0.0205945 0.0188477 0.0166289 0.0142248 0.0118763 0.00974544 0.00791008 0.00637997 0.00512345 0.00409285
 1.00712e-16 3.29029e-05 0.00019311 0.000917953 0.00353416 0.0110209 0.0278381 0.0569607 0.0944197 0.126806 0.137999 0.121744 0.0871916 0.0509719 0.0248978 0.0112382 0.00641459 0.00620341 0.00800241 0.0106385 0.0135831 0.0164687 0.018941 0.0206749 0.0214372 0.021141 0.0198648 0.0178281 0.0153335 0.012695 0.0101755 0.00795082 0.00610238 0.00463448 0.00350262 0.00264193
 1.006e-16 3.30375e-05 0.000193901 0.00092171 0.00354862 0.011066 0.027952 0.0571938 0.094806 0.127325 0.138563 0.122241 0.0875458 0.0511754 0.0249905 0.0112687 0.00641595 0.00619079 0.00797994 0.0106056 0.0135375 0.0164078 0.0188624 0.0205761 0.0213161 0.0209959 0.0196945 0.0176322 0.0151129 0.0124518 0.00991389 0.00767634 0.00582216 0.00435647 0.00323492 0.00239196
 1.00789e-16 2.93512e-05 0.000172252 0.000818774 0.00315227 0.00983001 0.02483 0.0508065 0.0842212 0.113118 0.123126 0.108679 0.0779549 0.0458155 0.0228328 0.0110739 0.00738912 0.00804071 0.0107088 0.0143066 0.0182731 0.0221483 0.0254605 0.0277717 0.0287678 0.0283317 0.0265704 0.0237814 0.0203752 0.0167778 0.0133471 0.0103228 0.00781722 0.00583748 0.00432379 0.00318759
 1.01695e-16 2.24011e-05 0.000131439 0.000624722 0.00240508 0.00749991 0.0189445 0.0387651 0.0642659 0.0863326 0.0940137 0.0830854 0.0598212 0.0356102 0.0185869 0.0104102 0.00875926 0.0108427 0.0149012 0.0200411 0.0256815 0.0312383 0.0360719 0.039576 0.0413061 0.0410812 0.0390218 0.0355068 0.0310707 0.0262747 0.0215952 0.0173582 0.0137266 0.01073 0.00831314 0.00638454
 1.03492e-16 1.86077e-05 0.000109168 0.000518844 0.00199742 0.00622865 0.0157334 0.032195 0.053376 0.0717101 0.0781078 0.0690704 0.049822 0.0298424 0.0159168 0.00946002 0.00858486 0.0110089 0.0152925 0.0206898 0.0266828 0.0327174 0.0381689 0.0424293 0.0450326 0.0457542 0.0446503 0.0420223 0.0383235 0.0340436 0.0296083 0.0253216 0.0213572 0.0177842 0.0146089 0.0118123
 1.05366e-16 1.69752e-05 9.95861e-05 0.000473295 0.00182206 0.00568178 0.014352 0.0293685 0.0486903 0.0654165 0.0712567 0.0630215 0.0454796 0.0272837 0.0146306 0.0088212 0.0081466 0.0105388 0.0146987 0.0199575 0.02585 0.031872 0.0374471 0.0420065 0.0451031 0.0465023 0.0462198 0.0444895 0.0416816 0.0382004 0.0343982 0.0305279 0.0267397 0.0231069 0.0196637 0.0164352
 1.06722e-16 1.61584e-05 9.4792e-05 0.000450507 0.00173432 0.00540818 0.0136609 0.0279543 0.046346 0.0622676 0.0678285 0.0599938 0.0433042 0.0259979 0.013977 0.00848413 0.00789868 0.0102589 0.0143348 0.0194961 0.0253047 0.0312831 0.0368823 0.0415581 0.0448784 0.0466102 0.0467544 0.0455155 0.0432234 0.0402379 0.0368685 0.0333337 0.0297604 0.0262123 0.0227267 0.0193435
 1.07504e-16 1.58065e-05 9.27274e-05 0.000440693 0.00169654 0.00529036 0.0133633 0.0273453 0.0453364 0.0609112 0.0663512 0.0586877 0.0423627 0.0254353 0.0136795 0.00831217 0.00774946 0.0100748 0.0140882 0.0191774 0.0249186 0.0308501 0.0364396 0.0411581 0.0445837 0.0464859 0.0468586 0.0458905 0.0438898 0.041191 0.0380798 0.0347542 0.0313272 0.027855 0.0243747 0.0209324
 1.07904e-16 1.56218e-05 9.16431e-05 0.000435539 0.0016767 0.00522848 0.013207 0.0270255 0.0448062 0.060199 0.0655757 0.0580026 0.04187 0.0251431 0.0135292 0.00823166 0.00768645 0.0100007 0.0139901 0.0190509 0.0247656 0.0306791 0.0362663 0.0410044 0.0444765 0.0464534 0.046927 0.0460798 0.0442112 0.0416451 0.0386563 0.0354334 0.0320816 0.0286528 0.0251827 0.0217187
 1.08101e-16 1.55657e-05 9.13139e-05 0.000433974 0.00167067 0.0052097 0.0131596 0.0269284 0.0446452 0.0599826 0.0653397 0.0577934 0.0417178 0.0250493 0.0134746 0.00819218 0.0076436 0.0099429 0.0139106 0.0189467 0.0246373 0.0305315 0.0361091 0.040852 0.0443463 0.0463638 0.0468946 0.0461174 0.0443253 0.041836 0.0389176 0.0357533 0.0324445 0.0290409 0.0255781 0.0221047
pSPR Fmed_Fpbrs
0.718245   0.25793 0.25793
Fs Fmed_Fpbrs
0.171854   1.005 1.005
SSBpbr Bo_Bmed_Bpbrs
1.35215e+06  903565  281152 281152
Ro
63156
SPR SPRFo_SPRFmed_SPRFpbrs
1.30393e+06 936539 336322
log_Ro
10.8734
likeval ReclasPelacesDesembMPH_pf_preclas_ppelaces_ptallas_desvR_qrecl_qpela
 322.805 142.41 1.13961 0.000809265 293.382 186.651 71.1652 0 0 0 0 0 0 0 0
q_reclas_q_pelaces
1 1
M
0.7
N
 63156 37547.6 18645.6 9259.11 9133.5
 63156 29850.1 16890.7 8387.69 8273.9
 63156 29432.1 13054.6 7386.96 7286.75
 63156 27632.3 11345.7 5032.36 5656.52
 63156 30555.9 13025.1 5348.05 5038.46
 63156 31140.5 14959.7 6376.92 5085.09
 63156 28213.2 12514.3 6011.78 4606.17
 63156 29134.4 12090.4 5362.82 4550.18
 63156 26057.6 9987.38 4144.63 3398.22
 63156 24146.5 7670.44 2939.93 2220.35
 63156 23953 6994.43 2221.87 1494.76
 63156 15291.3 2827.67 825.697 438.75
 63156 16037.3 1985.57 367.171 164.187
 63156 15429.4 1927.56 238.65 63.8651
 63156 16049.6 2006.56 250.675 39.3414
 63156 25346.8 5205.8 650.845 94.069
 63156 29765.5 11337.7 2328.57 333.202
 63156 30304.1 13800.4 5256.58 1234.1
 63156 30673.1 14394.4 6555.16 3083.07
 63156 30725.2 14619.2 6860.55 4593.7
 63156 30621.5 14545.4 6920.76 5422.47
 63156 30841.1 14704.9 6984.92 5927.41
pred_Ctot
 2196.41 2555.93 1269.24 630.285 621.734
 2805.79 2580.07 1459.94 724.983 715.148
 5441.64 4805.01 2131.26 1205.98 1189.62
 1169.72 1011.93 415.491 184.291 207.148
 321.367 309.993 132.141 54.2565 51.1157
 4588.69 4324.15 2077.3 885.494 706.111
 3240.39 2804.15 1243.81 597.52 457.814
 7764.91 6627.89 2750.48 1220.01 1035.14
 10608.5 7862.49 3013.54 1250.58 1025.36
 10898 7461.85 2370.35 908.509 686.14
 24241.5 14204.3 4147.76 1317.59 886.404
 23055.6 8743.16 1616.78 472.11 250.865
 24021.3 9447.93 1169.74 216.308 96.7264
 23036.2 8816.65 1101.44 136.369 36.4937
 8819.31 4101.98 512.842 64.068 10.055
 2319.66 1820.01 373.798 46.7334 6.75455
 1535.69 1425.94 543.143 111.552 15.9623
 999.433 949.793 432.532 164.752 38.6791
 923.881 889.345 417.355 190.062 89.3912
 1074.35 1034.41 492.179 230.972 154.654
 755.615 727.343 345.491 164.386 128.798
 1332.36 1284.41 612.404 290.895 246.854
F
 0.0494216 0.0988433 0.0988433 0.0988433 0.0988433
 0.0635242 0.127048 0.127048 0.127048 0.127048
 0.126625 0.25325 0.25325 0.25325 0.25325
 0.0260514 0.0521028 0.0521028 0.0521028 0.0521028
 0.00709775 0.0141955 0.0141955 0.0141955 0.0141955
 0.10582 0.21164 0.21164 0.21164 0.21164
 0.07369 0.14738 0.14738 0.14738 0.14738
 0.185298 0.370596 0.370596 0.370596 0.370596
 0.261468 0.522936 0.522936 0.522936 0.522936
 0.269513 0.539026 0.539026 0.539026 0.539026
 0.718321 1.43664 1.43664 1.43664 1.43664
 0.670691 1.34138 1.34138 1.34138 1.34138
 0.709332 1.41866 1.41866 1.41866 1.41866
 0.669926 1.33985 1.33985 1.33985 1.33985
 0.212954 0.425909 0.425909 0.425909 0.425909
 0.05226 0.10452 0.10452 0.10452 0.10452
 0.0343266 0.0686532 0.0686532 0.0686532 0.0686532
 0.0222213 0.0444426 0.0444426 0.0444426 0.0444426
 0.0205261 0.0410523 0.0410523 0.0410523 0.0410523
 0.0239046 0.0478093 0.0478093 0.0478093 0.0478093
 0.0167599 0.0335198 0.0335198 0.0335198 0.0335198
 0.0297214 0.0594427 0.0594427 0.0594427 0.0594427
YTP_r0W_actual
 7994.13 22348.8 17086.1 11112.2 8886.74
YTP_p0W_proyectada
 151392 323027 219943 137723 110840
CTP_r0_actual
 1332.36 1284.41 612.404 290.895 246.854
CTP_p0_proyectada
 18462.5 14683.1 6960.24 3318.62 2313.98
Wmedp
 8.2 22 31.6 41.5 47.9
nmprior
 10 11 7 0
nm_flota  nm_reclas  nm_pelaces    nm_pelaL
inf 6.73165 5.83699 5.83699
cv_recla  cv_pelaces  cv_mph
1.74876 1.52655 0.922962
 ------------------------------------------------
Talla a la edad & desviaci?n 
 7.2 14.2025 17.0495 18.207 18.6776
 1.08 2.13037 2.55742 2.73105 2.80164
