years
 1997 1998 1999 2000 2001 2002 2003 2004 2005 2006 2007 2008 2009 2010 2011 2012 2013 2014 2015 2016 2017 2018
reclasobs
 0 0 0 370054 412103 1.49427e+06 250295 1.28982e+06 931140 785840 897777 1.04006e+06 184774 17550 25797 100020 73551 82996 120727 218422 84188 347160
reclaspred
 368462 101310 313254 235198 353282 420860 928441 620452 694098 632360 498120 333954 204288 95404.6 67970.1 70271 88565.9 120691 126375 183699 253520 229706
pelacesobs
 0 0 0 0 0 0 0 0 0 2.06254e+06 1.5e+06 0 1.87456e+06 323000 250000 174000 83755 137374 0 501740 490994 745055
pelacespred
 1.07349e+06 262214 502937 569606 731797 733451 1.83587e+06 1.5312e+06 1.51379e+06 1.39344e+06 990729 685214 417804 163371 114341 126241 165970 228555 247216 348519 531139 472494
mphobs
 0 0 0 0 0 112323 0 153150 637223 0 255016 313432 73983 77613 109348 50772 0 0 0 0 0 0
mphpred
 138512 84202.8 103921 129447 140755 223788 337187 397739 341648 346535 326089 230036 141549 74585.7 36443 31824.9 39014.7 54097 66766.2 76189.2 114466 129005
desembarqueobs
 350755 77701 442110 56441 14545 235359 269955 359681 431902 328805 639364 411747 362871 311530 167758 66681 60226 58785 57116 71774 51957 67425
desembarquepred
 350760 77700.4 442099 56441.9 14545.1 235391 269979 359679 431927 328822 639562 411983 363194 311963 167798 66691.7 60243.6 58786 57112.2 71772.3 51957 67420.6
Reclutas
 50932.4 66063.9 40137 67329.1 115606 81087.3 131496 123594 150174 148960 68281.7 39774 42517.1 23645.8 18516.5 23136.7 19042.6 21133.7 23744.5 44243.2 48543.4 67770.9
log_desv_Rt
 -0.0155643 0.244559 -0.253764 0.263529 0.804122 0.449464 0.932912 0.870937 1.06573 1.05762 0.277578 -0.262849 -0.196156 -0.782876 -1.0274 -0.804642 -0.999385 -0.895197 -0.778714 -0.156361 -0.063605 0.270069
SSB
 691647 420459 518922 646383 702848 1.11747e+06 1.68371e+06 1.98607e+06 1.70599e+06 1.73039e+06 1.6283e+06 1.14866e+06 706810 372437 181975 158915 194816 270129 333391 380444 571576 644174
BT
 2.2085e+06 601213 1.14339e+06 1.07973e+06 1.32143e+06 1.4987e+06 3.47128e+06 3.15043e+06 3.1062e+06 2.81288e+06 2.35393e+06 1.60744e+06 1.10637e+06 594045 348008 281282 346632 456291 491996 682706 993436 909799
Ftot
 0.433289 0.364158 0.533274 0.101409 0.0192823 0.186876 0.117475 0.230266 0.257068 0.204059 0.418666 0.388011 0.616817 1.0846 1.00828 0.397523 0.283504 0.192397 0.164767 0.168703 0.081203 0.109882
BD_Bspro_t
 0.946746 0.752221 0.712389 0.591046 0.725043 0.8458 0.816648 0.823499 0.775737 0.743209 0.71056 0.563268 0.449396 0.336967 0.219576 0.235139 0.350411 0.514406 0.621203 0.700952 0.794007 0.849388
BD_Bspro
 0.647579 0.39367 0.485859 0.605199 0.658066 1.04627 1.57644 1.85953 1.59729 1.62014 1.52455 1.07548 0.661776 0.348707 0.170381 0.148789 0.182404 0.252917 0.312149 0.356204 0.535158 0.60313
BD_Bo
 0.544051 0.330734 0.408185 0.508446 0.552862 0.879002 1.32441 1.56225 1.34194 1.36113 1.28082 0.903542 0.555978 0.29296 0.143142 0.125003 0.153243 0.212484 0.262246 0.299258 0.449603 0.506709
BD_Brms
 1.87894 1.14223 1.40971 1.75597 1.90937 3.03573 4.574 5.3954 4.63452 4.70081 4.42345 3.12048 1.92013 1.01177 0.494356 0.43171 0.529241 0.733835 0.905695 1.03352 1.55275 1.74997
S_f
 0.189329 1 1 1 1
 0.189329 1 1 1 1
 0.189329 1 1 1 1
 0.189329 1 1 1 1
 0.189329 1 1 1 1
 0.189329 1 1 1 1
 0.189329 1 1 1 1
 0.189329 1 1 1 1
 0.189329 1 1 1 1
 0.189329 1 1 1 1
 0.189329 1 1 1 1
 0.189329 1 1 1 1
 0.189329 1 1 1 1
 0.189329 1 1 1 1
 0.189329 1 1 1 1
 0.189329 1 1 1 1
 0.189329 1 1 1 1
 0.189329 1 1 1 1
 0.189329 1 1 1 1
 0.189329 1 1 1 1
 0.189329 1 1 1 1
 0.189329 1 1 1 1
Scru_reclas
 1 1 1 1 1
 1 1 1 1 1
 1 1 1 1 1
 1 1 1 1 1
 1 1 1 1 1
 1 1 1 1 1
 1 1 1 1 1
 1 1 1 1 1
 1 1 1 1 1
 1 1 1 1 1
 1 1 1 1 1
 1 1 1 1 1
 1 1 1 1 1
 1 1 1 1 1
 1 1 1 1 1
 1 1 1 1 1
 1 1 1 1 1
 1 1 1 1 1
 1 1 1 1 1
 1 1 1 1 1
 1 1 1 1 1
 1 1 1 1 1
Scru_pelaces
 1 1 1 1 1
 1 1 1 1 1
 1 1 1 1 1
 1 1 1 1 1
 1 1 1 1 1
 1 1 1 1 1
 1 1 1 1 1
 1 1 1 1 1
 1 1 1 1 1
 1 1 1 1 1
 1 1 1 1 1
 1 1 1 1 1
 1 1 1 1 1
 1 1 1 1 1
 1 1 1 1 1
 1 1 1 1 1
 1 1 1 1 1
 1 1 1 1 1
 1 1 1 1 1
 1 1 1 1 1
 1 1 1 1 1
 1 1 1 1 1
pf_obs 
 0.256992 0.487395 0.22802 0.0275931 0
 0.321318 0.546541 0.124235 0.00734118 0.000564706
 0.182869 0.594174 0.210203 0.0122559 0.00049798
 0.330522 0.361315 0.267642 0.0388342 0.00168674
 0.649043 0.306663 0.0425973 0.00169635 0
 0.582887 0.30429 0.105238 0.00758474 0
 0.465427 0.430635 0.0974691 0.00646863 0
 0.296916 0.608066 0.0921331 0.00288517 0
 0.311714 0.524322 0.152257 0.0117073 0
 0.15457 0.633149 0.183074 0.0267441 0.00246327
 0.131901 0.49318 0.331252 0.0422183 0.00144891
 0.196976 0.569456 0.194076 0.0375587 0.00193317
 0.518974 0.381816 0.0799577 0.0180837 0.00116848
 0.0928022 0.601141 0.25162 0.0475244 0.00691264
 0.122501 0.610282 0.24278 0.0234846 0.000952079
 0.383417 0.481906 0.127806 0.00687128 0
 0.0376549 0.599619 0.316969 0.0457579 0
 0.0361596 0.667082 0.258105 0.0386534 0
 0.158088 0.579412 0.248529 0.0139706 0
 0.0477256 0.309471 0.559284 0.082774 0.000745712
 0.0406174 0.521527 0.379366 0.0568643 0.0016247
 0.151134 0.462217 0.34131 0.0453401 0
pf_pred 
 0.336501 0.4668 0.175765 0.0209236 1.02254e-05
 0.318066 0.522692 0.112033 0.0421841 0.0050242
 0.18123 0.609876 0.160114 0.0343187 0.0144611
 0.305822 0.416993 0.206466 0.0542047 0.0165138
 0.322699 0.480245 0.118372 0.0586096 0.0200749
 0.170544 0.595052 0.166206 0.0409667 0.0272315
 0.265734 0.397966 0.241261 0.0673873 0.0276506
 0.209788 0.528283 0.141963 0.0860632 0.0339021
 0.243829 0.460716 0.197521 0.0530791 0.0448542
 0.218949 0.513388 0.163081 0.069917 0.0346657
 0.114899 0.5481 0.221512 0.0703646 0.0451244
 0.111049 0.404305 0.300117 0.121291 0.0632371
 0.192332 0.356704 0.205104 0.15225 0.093611
 0.174296 0.518406 0.135717 0.0780369 0.0935437
 0.249208 0.492235 0.162331 0.0424976 0.0537279
 0.328991 0.497843 0.113532 0.0374409 0.022194
 0.220393 0.590323 0.140436 0.032026 0.0168223
 0.231312 0.484275 0.215359 0.0512332 0.0178206
 0.230021 0.488593 0.177274 0.0788343 0.0252778
 0.328802 0.422766 0.157644 0.0571971 0.0335916
 0.246658 0.554867 0.125013 0.0466156 0.0268464
 0.265177 0.471871 0.193675 0.0436354 0.0256417
pobs_RECLAS
 0 0 0 0 0
 0 0 0 0 0
 0 0 0 0 0
 0 0 0 0 0
 0.835266 0.146461 0.0176864 0.000547809 3.91292e-05
 0.385257 0.428462 0.181853 0.0044286 0
 0.867414 0.0963971 0.0333333 0.00285562 0
 0.441836 0.489002 0.0689373 0.000224442 0
 0.779404 0.147425 0.0564933 0.0165055 0.000172143
 0.814271 0.122319 0.05973 0.00367925 0
 0.40263 0.566651 0.0304383 0.000280538 0
 0.475488 0.404961 0.113038 0.00651328 0
 0.955842 0.0263864 0.0167828 0.000988607 0
 0.975058 0.0227948 0.00214734 0 0
 0.738997 0.206755 0.0527124 0.00153531 0
 0.850938 0.134255 0.0134407 0.00136685 0
 0.542534 0.407297 0.0501686 0 0
 0.764087 0.199537 0.0359546 0.000420521 0
 0.470689 0.182191 0.310203 0.0369168 0
 0.84361 0.089868 0.0606195 0.00523954 0.000663233
 0.607945 0.314616 0.071237 0.00620181 0
 0.523733 0.453247 0.0230204 0 0
ppred_RECLAS
 0.733596 0.187427 0.0705722 0.00840115 4.10564e-06
 0.715821 0.217819 0.0466872 0.0175792 0.00209371
 0.54791 0.336748 0.0884081 0.0189493 0.00798481
 0.700505 0.179907 0.0890776 0.023386 0.0071247
 0.715813 0.201504 0.0496672 0.0245918 0.00842314
 0.523138 0.342101 0.0955531 0.0235521 0.0156556
 0.657898 0.185416 0.112406 0.0313964 0.0128827
 0.586844 0.276209 0.0742245 0.0449975 0.0177255
 0.633463 0.223322 0.095744 0.0257289 0.0217421
 0.599567 0.263206 0.0836091 0.0358454 0.0177726
 0.413153 0.363406 0.146869 0.0466538 0.0299188
 0.403294 0.271389 0.201453 0.0814162 0.0424477
 0.567811 0.190875 0.109753 0.0814697 0.0500919
 0.550877 0.281976 0.0738201 0.0424465 0.050881
 0.656411 0.225265 0.0742887 0.0194485 0.0245878
 0.726371 0.203014 0.0462967 0.0152679 0.0090504
 0.60284 0.300732 0.0715431 0.0163152 0.0085699
 0.616287 0.24174 0.107503 0.0255745 0.00889569
 0.614167 0.244832 0.0888311 0.0395035 0.0126666
 0.723058 0.174436 0.065045 0.0236 0.0138601
 0.634558 0.269163 0.0606431 0.022613 0.0130231
 0.65716 0.220157 0.0903612 0.0203586 0.0119634
pobs_PELACES
 0 0 0 0 0
 0 0 0 0 0
 0 0 0 0 0
 0 0 0 0 0
 0 0 0 0 0
 0 0 0 0 0
 0 0 0 0 0
 0 0 0 0 0
 0 0 0 0 0
 0 0 0 0 0
 0.450072 0.473896 0.0757376 0.000293798 0
 0 0 0 0 0
 0.463077 0.371075 0.160297 0.00555027 0
 0.529543 0.364841 0.0842815 0.0213345 0
 0.631943 0.363953 0.00410389 0 0
 0.735681 0.248677 0.0153453 0.000297389 0
 0.695825 0.281241 0.0229344 0 0
 0.275771 0.60734 0.115278 0.00161068 0
 0 0 0 0 0
 0.896147 0.0623911 0.0374545 0.00400742 0
 0.803859 0.145111 0.0509908 3.86294e-05 0
 0.739449 0.233085 0.0266225 0.000797448 4.60066e-05
ppred_PELACES
 0.755628 0.171926 0.0647357 0.00770636 3.76609e-06
 0.735215 0.202954 0.043501 0.0163795 0.00195082
 0.582949 0.310648 0.0815561 0.0174807 0.00736595
 0.706165 0.176507 0.087394 0.022944 0.00699005
 0.716862 0.200761 0.049484 0.0245011 0.00839207
 0.535593 0.333166 0.0930574 0.022937 0.0152467
 0.664936 0.181602 0.110094 0.0307505 0.0126177
 0.601695 0.26628 0.0715564 0.04338 0.0170883
 0.649279 0.213686 0.0916126 0.0246187 0.0208039
 0.612599 0.25464 0.080888 0.0346788 0.0171942
 0.440546 0.346442 0.140013 0.044476 0.0285222
 0.428504 0.259923 0.192942 0.0779765 0.0406544
 0.607768 0.173228 0.0996058 0.0739378 0.0454608
 0.621135 0.237865 0.0622721 0.0358064 0.0429215
 0.714446 0.187215 0.0617407 0.0161634 0.0204347
 0.746992 0.187714 0.0428077 0.0141173 0.00836835
 0.62085 0.287095 0.0682989 0.0155754 0.00818129
 0.628383 0.234119 0.104114 0.0247683 0.00861525
 0.624558 0.238238 0.0864388 0.0384396 0.0123255
 0.732004 0.168802 0.0629439 0.0228376 0.0134124
 0.63958 0.265464 0.0598096 0.0223022 0.0128441
 0.663752 0.215924 0.0886238 0.0199672 0.0117334
pobs_pel_tallas
 0 0 0 0 0 0 0 0 0 0 0 0 0 0 0 0 0 0 0 0 0 0 0 0 0 0 0 0 0 0 0 0 0 0 0 0
 0 0 0 0 0 0 0 0 0 0 0 0 0 0 0 0 0 0 0 0 0 0 0 0 0 0 0 0 0 0 0 0 0 0 0 0
 0 0 0 0 0 0 0 0 0 0 0 0 0 0 0 0 0 0 0 0 0 0 0 0 0 0 0 0 0 0 0 0 0 0 0 0
 0 0 0 0 0 0 0 0 0 0 0 0 0 0 0 0 0 0 0 0 0 0 0 0 0 0 0 0 0 0 0 0 0 0 0 0
 0 0 0 0 0 0 0 0 0 0 0 0 0 0 0 0 0 0 0 0 0 0 0 0 0 0 0 0 0 0 0 0 0 0 0 0
 0 0 0 0 0 0 0 0 0 0 0 0 0 0 0 0 0 0 0 0 0 0 0 0 0 0 0 0 0 0 0 0 0 0 0 0
 0 0 0 0 0 0 0 0 0 0 0 0 0 0 0 0 0 0 0 0 0 0 0 0 0 0 0 0 0 0 0 0 0 0 0 0
 0 0 0 0 0 0 0 0 0 0 0 0 0 0 0 0 0 0 0 0 0 0 0 0 0 0 0 0 0 0 0 0 0 0 0 0
 0 0 0 0 0 0 0 0 0 0 0 0 0 0 0 0 0 0 0 0 0 0 0 0 0 0 0 0 0 0 0 0 0 0 0 0
 0 0 0 0 0 0 0 0 0 0 0 0 0 0 0 0 0 0 0 0 0 0 0 0 0 0 0 0 0 0 0 0 0 0 0 0
 0 0 0 0 0 0 0 0 1.78061e-05 0.00172719 0.00360574 0.0105946 0.0120993 0.0124554 0.0147524 0.0171206 0.0266825 0.0428682 0.0675386 0.121331 0.153587 0.119568 0.100827 0.0573624 0.0630603 0.0341343 0.0324427 0.0444173 0.0211091 0.0280891 0.0125444 0.00206551 0 0 0 0
 0 0 0 0 0 0 0 0 0 0 0 0 0 0 0 0 0 0 0 0 0 0 0 0 0 0 0 0 0 0 0 0 0 0 0 0
 0 0 0 0 0 0 0.0133647 0.0140871 0.0187388 0.0205184 0.03894 0.0496705 0.03968 0.0493445 0.0407372 0.0367815 0.0215668 0.0243155 0.0234873 0.0199281 0.019796 0.0243948 0.0301388 0.0376714 0.0412746 0.0863199 0.0771752 0.113111 0.0741005 0.0525337 0.0229764 0.00759418 0.00175318 0 0 0
 0 0 0 0 0 0 0 0 0 0 0.00219441 0.00772107 0.0458388 0.0604681 0.0671733 0.0775358 0.0609151 0.0617685 0.073594 0.0568108 0.0755445 0.0548602 0.0670107 0.0636378 0.0643287 0.046367 0.0373049 0.0286899 0.0247887 0.0153202 0.00654259 0.00121912 0.000365735 0 0 0
 0 0 0 0 0 0 0 0 0 0 0 0 0.000112435 0.00938835 0.0111873 0.0202946 0.0414886 0.0713402 0.111592 0.104902 0.108894 0.110636 0.117776 0.105296 0.107544 0.0401394 0.0192827 0.0124803 0.00416011 0.0028671 0.000618394 0 0 0 0 0
 0 0 0 0 0 0 0 0 0 0 0.00291406 0.0102884 0.027416 0.0768956 0.0749926 0.110853 0.0956884 0.0897413 0.0766577 0.0534642 0.0500743 0.0551293 0.0594112 0.0620874 0.0668451 0.0424026 0.0208742 0.0120726 0.0048766 0.00582813 0.00118941 0.000297354 0 0 0 0
 0 0.00264628 0.0354308 0.0461629 0.0458689 0.0383711 0.0214643 0.0164657 0.0346957 0.0420465 0.0363128 0.0245516 0.0311673 0.0291091 0.0169068 0.0133784 0.00837989 0.0085269 0.0148486 0.0160247 0.0276389 0.0546898 0.0760071 0.122758 0.109233 0.0665981 0.0333725 0.0166128 0.00676272 0.00308733 0.000882094 0 0 0 0 0
 0 0 0 0 0 0 0 0.000805153 0.000690131 0.00759144 0.0133425 0.0154129 0.00931677 0.000345066 0.00356568 0.00563607 0.00851162 0.0253048 0.0502646 0.0516448 0.0657925 0.0565908 0.0611916 0.0827007 0.0866115 0.110766 0.145733 0.0935128 0.0569358 0.0249597 0.0138026 0.00621118 0.00161031 0.00115022 0 0
 0 0 0 0 0 0 0 0 0 0 0 0 0 0 0 0 0 0 0 0 0 0 0 0 0 0 0 0 0 0 0 0 0 0 0 0
 0.00147267 0.00158595 0.00478618 0.00569244 0.00954404 0.0108468 0.00647125 0.017049 0.0510054 0.094081 0.124002 0.0959785 0.0687766 0.0820023 0.061753 0.0591476 0.0492212 0.0479892 0.0443925 0.0268479 0.0217502 0.0140895 0.0121071 0.0120363 0.00920419 0.00665534 0.0049561 0.00860946 0.00930331 0.0156896 0.0114698 0.00855282 0.00243557 0.00046729 0 2.83206e-05
 0 0 0 0 0.000772559 0.00158375 0.000888443 0.00281984 0.00712685 0.0440552 0.0773331 0.111326 0.0921469 0.0852325 0.0710754 0.0886704 0.0786465 0.0553345 0.0373146 0.0185414 0.00753245 0.00457741 0.012979 0.0271748 0.0457355 0.0583668 0.034881 0.0177882 0.00938659 0.00492506 0.0015258 0.00185414 0.000309023 5.79419e-05 3.86279e-05 0
 0 0.00173294 0.00326652 0 0.00397197 0.00683976 0.00946217 0.0152591 0.00757587 0.0136028 0.0228656 0.0392903 0.0559909 0.0764795 0.0681675 0.0726916 0.0566044 0.0477403 0.0527397 0.0444891 0.0609904 0.0582453 0.0661739 0.0445044 0.0529084 0.0360697 0.0280645 0.0235558 0.0158879 0.00826598 0.00280645 0.00217768 0.000904811 0.00058276 9.20147e-05 0
ppred_pel_tallas
 1.01241e-16 3.29687e-05 0.0001935 0.000919814 0.00354134 0.0110433 0.0278946 0.057076 0.0946098 0.127058 0.138264 0.121959 0.0873007 0.0509468 0.0247211 0.0108833 0.00583602 0.00534303 0.00680615 0.00907787 0.0116762 0.0142961 0.0166497 0.018467 0.0195428 0.0197796 0.0192056 0.017958 0.0162426 0.0142817 0.012269 0.0103439 0.00858615 0.00702734 0.00566872 0.00449816
 1.01338e-16 3.20798e-05 0.000188279 0.000894985 0.00344573 0.0107452 0.0271415 0.0555354 0.0920571 0.123633 0.134545 0.118697 0.0850075 0.0496923 0.0242682 0.0109481 0.00624485 0.00604401 0.00781437 0.0104207 0.0133581 0.0162797 0.0188495 0.0207554 0.0217677 0.02179 0.0208784 0.0192195 0.0170779 0.0147314 0.0124146 0.0102868 0.00842719 0.00684995 0.00553025 0.00442814
 1.02204e-16 2.54447e-05 0.000149315 0.000709725 0.00273239 0.00852064 0.0215227 0.0440396 0.073006 0.0980614 0.106753 0.0942667 0.067703 0.0399636 0.0202398 0.0103562 0.00761801 0.00881468 0.0119489 0.0160666 0.0206381 0.0251909 0.0292212 0.0322503 0.0339215 0.0340793 0.0327996 0.0303569 0.0271466 0.0235861 0.0200313 0.016727 0.0137998 0.0112803 0.00914123 0.00733199
 1.02414e-16 3.08121e-05 0.000180839 0.000859619 0.00330957 0.0103206 0.026069 0.0533407 0.0884187 0.118746 0.129223 0.113995 0.0816259 0.0476867 0.0232366 0.0103984 0.00582252 0.00556202 0.00719807 0.00966191 0.012499 0.0154114 0.0181101 0.0203173 0.0218149 0.022487 0.0223383 0.02148 0.02009 0.0183649 0.0164778 0.0145555 0.0126762 0.010881 0.00919052 0.00761976
 1.02002e-16 3.12794e-05 0.00018358 0.000872647 0.00335972 0.010477 0.026464 0.0541492 0.0897595 0.120548 0.131189 0.115738 0.0828945 0.0484689 0.0236931 0.0107276 0.00617563 0.00602937 0.00782452 0.0104574 0.0134377 0.0164275 0.0190979 0.0211412 0.0223279 0.022557 0.0218741 0.0204507 0.0185332 0.0163802 0.0142098 0.0121688 0.0103299 0.00870765 0.00728379 0.00602977
 1.02931e-16 2.33807e-05 0.000137195 0.000652101 0.00251052 0.00782873 0.019775 0.0404639 0.06708 0.0901061 0.098105 0.0866585 0.0623011 0.0369007 0.0189213 0.0100628 0.00787311 0.00942069 0.0128761 0.0173486 0.0223135 0.0272767 0.0317022 0.0350775 0.0370186 0.0373542 0.0361577 0.0337133 0.0304327 0.026751 0.0230384 0.0195489 0.0164136 0.0136655 0.01128 0.0092112
 1.03269e-16 2.90145e-05 0.000170285 0.000809444 0.00311638 0.00971812 0.0245472 0.0502272 0.0832583 0.111817 0.121688 0.107359 0.0768984 0.0449744 0.0220084 0.0100096 0.00583567 0.0057814 0.00757743 0.01022 0.013276 0.0164513 0.0194526 0.0219931 0.0238408 0.0248627 0.0250437 0.0244737 0.0233102 0.0217316 0.0198981 0.0179304 0.0159094 0.0138868 0.0119018 0.00999227
 1.03392e-16 2.62603e-05 0.000154107 0.000732517 0.00282017 0.00879436 0.022214 0.0454539 0.0753488 0.101203 0.110161 0.0972457 0.0697767 0.0410555 0.020549 0.0101176 0.00695828 0.00774365 0.0104155 0.0140168 0.0180573 0.0221296 0.0258079 0.0286859 0.0304579 0.0309835 0.0303135 0.0286609 0.0263362 0.0236654 0.0209215 0.0182877 0.0158537 0.013639 0.0116255 0.00978706
 1.03189e-16 2.83331e-05 0.000166281 0.000790404 0.00304306 0.00948947 0.0239697 0.0490458 0.081301 0.109191 0.118839 0.104865 0.075154 0.0440391 0.0217084 0.0101382 0.00627296 0.00650213 0.00860593 0.0115845 0.0149773 0.0184449 0.021643 0.0242397 0.0259774 0.0267242 0.0264956 0.0254352 0.0237657 0.0217283 0.0195306 0.0173197 0.0151789 0.0131443 0.0112271 0.00943378
 1.03227e-16 2.67353e-05 0.000156897 0.000745782 0.00287124 0.00895365 0.0226163 0.046277 0.0767128 0.103034 0.11215 0.0989923 0.0710102 0.0417416 0.0208191 0.0101298 0.00681351 0.00747816 0.0100288 0.0134987 0.0174038 0.0213516 0.0249332 0.0277576 0.0295277 0.0301031 0.0295246 0.0279885 0.0257853 0.023223 0.0205625 0.0179822 0.0155746 0.0133667 0.0113504 0.00950879
 1.04962e-16 1.92368e-05 0.000112866 0.000536433 0.00206516 0.0064399 0.0162669 0.0332864 0.0551836 0.0741336 0.0807341 0.0713609 0.0514049 0.0306519 0.0160967 0.00917761 0.00792055 0.00995103 0.0137836 0.018676 0.0241513 0.0297217 0.03484 0.0389712 0.0417003 0.0428183 0.0423565 0.040555 0.037782 0.0344342 0.0308528 0.0272771 0.0238408 0.0205983 0.0175624 0.0147367
 1.07403e-16 1.87083e-05 0.000109771 0.000521736 0.0020086 0.00626354 0.0158214 0.0323741 0.0536691 0.072093 0.078496 0.0693451 0.0498712 0.0295746 0.015236 0.00822965 0.00661522 0.00807786 0.0111939 0.0152988 0.0200245 0.0250226 0.0298956 0.0342364 0.0377008 0.0400694 0.0412746 0.0413848 0.0405568 0.0389774 0.0368169 0.0342073 0.0312468 0.0280189 0.0246131 0.0211357
 1.06136e-16 2.65212e-05 0.000155648 0.000739862 0.00284848 0.00888267 0.022437 0.0459093 0.0761012 0.102206 0.111232 0.0981406 0.0703101 0.0411513 0.0201949 0.00928461 0.00555762 0.00563795 0.00746283 0.0101259 0.013241 0.0165463 0.0197778 0.0226732 0.025015 0.0266696 0.0276025 0.0278648 0.027559 0.0267985 0.0256761 0.0242524 0.0225622 0.0206323 0.0185002 0.016225
 1.04198e-16 2.71067e-05 0.000159079 0.000756161 0.00291121 0.00907829 0.0229312 0.046921 0.0777797 0.104465 0.113703 0.100351 0.0719584 0.0422462 0.0209725 0.0100415 0.00654334 0.00703223 0.00938338 0.0126254 0.0162875 0.0200025 0.0233933 0.0261014 0.0278562 0.0285324 0.0281712 0.0269547 0.0251471 0.0230227 0.0208064 0.0186423 0.0165941 0.0146674 0.0128412 0.0110945
 1.02448e-16 3.11735e-05 0.00018296 0.000869701 0.00334838 0.0104416 0.0263747 0.0539664 0.089456 0.120139 0.130741 0.115338 0.0825936 0.0482654 0.0235427 0.0105745 0.00597204 0.00573995 0.00742562 0.00993831 0.0128051 0.0157098 0.0183466 0.0204274 0.0217332 0.0221609 0.0217403 0.0206159 0.0190012 0.0171229 0.0151732 0.0132832 0.0115208 0.00990543 0.00843047 0.00708257
 1.01546e-16 3.25927e-05 0.000191292 0.000909312 0.00350089 0.0109172 0.027576 0.0564243 0.0935301 0.12561 0.136692 0.12058 0.0863337 0.0504218 0.0245393 0.0109265 0.00603252 0.00567217 0.00727407 0.00969337 0.0124351 0.0151729 0.0175961 0.0194163 0.0204207 0.0205183 0.0197577 0.0183072 0.0164061 0.0143055 0.012217 0.0102834 0.00857517 0.00710456 0.00584984 0.00477718
 1.01981e-16 2.70964e-05 0.000159014 0.00075584 0.00290996 0.00907436 0.0229213 0.0469012 0.0777483 0.104427 0.113672 0.10035 0.0720156 0.0423951 0.02126 0.0105325 0.00732141 0.00819144 0.0110115 0.0147801 0.01897 0.0231348 0.0268073 0.0295462 0.0310246 0.0311032 0.0298575 0.0275474 0.0245437 0.0212369 0.0179579 0.0149325 0.0122747 0.010008 0.00810075 0.0065
 1.02808e-16 2.74228e-05 0.000160935 0.000764984 0.00294518 0.00918422 0.0231987 0.0474684 0.0786871 0.105683 0.115028 0.101518 0.0727906 0.0427252 0.0211931 0.0101198 0.00656124 0.00703233 0.0093864 0.0126455 0.0163393 0.0201018 0.0235539 0.0263293 0.028143 0.0288497 0.0284675 0.0271575 0.0251707 0.0227808 0.0202272 0.0176828 0.0152504 0.0129775 0.0108812 0.00896752
 1.03202e-16 2.72561e-05 0.000159956 0.000760329 0.00292726 0.00912833 0.0230575 0.0471796 0.0782084 0.105041 0.11433 0.100904 0.0723561 0.0424812 0.0210924 0.010105 0.00659423 0.00709662 0.00947731 0.0127609 0.0164748 0.0202484 0.023699 0.0264589 0.0282457 0.0289207 0.0285119 0.0271918 0.0252207 0.0228774 0.0203999 0.0179535 0.0156283 0.0134572 0.0114429 0.00958152
 1.02361e-16 3.19384e-05 0.000187452 0.000891061 0.00343063 0.0106981 0.0270226 0.0552918 0.0916524 0.123087 0.133944 0.11815 0.0845791 0.0493687 0.0239747 0.0105888 0.00572942 0.00529647 0.00677733 0.00906465 0.0116955 0.0143774 0.0168337 0.0188033 0.0200856 0.0205818 0.0203111 0.0193946 0.0180159 0.0163711 0.0146282 0.0129035 0.0112602 0.00972152 0.00828954 0.00696172
 1.02303e-16 2.79122e-05 0.000163806 0.000778625 0.00299769 0.00934797 0.0236124 0.048315 0.0800911 0.107571 0.117087 0.103348 0.0741287 0.0435627 0.021704 0.0105193 0.00701671 0.00764815 0.0102179 0.0137073 0.0176017 0.0214839 0.0249231 0.0275133 0.0289538 0.029116 0.0280682 0.026047 0.0233894 0.0204483 0.0175206 0.014806 0.012402 0.0103251 0.00854417 0.00701197
 1.02563e-16 2.89643e-05 0.000169987 0.000808019 0.00311088 0.00970097 0.0245039 0.0501389 0.0831128 0.111624 0.121486 0.107198 0.0768215 0.0450061 0.022166 0.010319 0.00633861 0.00653056 0.00862237 0.0115892 0.0149584 0.0183826 0.0215106 0.0240058 0.0256085 0.0261893 0.0257712 0.0245094 0.0226414 0.0204244 0.0180813 0.015771 0.0135844 0.0115598 0.00970553 0.0080201
pSPR Fmed_Fpbrs
0.686273   0.339552 0.339552
Fs Fmed_Fpbrs
0.241145   1.005 1.005
SSBpbr Bo_Bmed_Bpbrs
1.27129e+06  808888  368105 368105
Ro
51731.3
SPR SPRFo_SPRFmed_SPRFpbrs
1.06805e+06 732974 362659
log_Ro
10.6738
likeval ReclasPelacesDesembMPH_pf_preclas_ppelaces_ptallas_desvR_qrecl_qpela
 63.2892 26.8442 0.0167865 0.000188936 260.678 165.518 61.8475 0 13.7975 8.17692e-05 0 0 0 0 0
q_reclas_q_pelaces
0.277654 1
M
0.7
N
 50932.4 15511.1 5840.43 695.265 0.339775
 66063.9 23300.3 4994.16 1880.46 223.966
 40137 30620.7 8039.01 1723.08 726.065
 67329.1 18017.3 8920.95 2342.06 713.526
 115606 32798.8 8084.32 4002.8 1371.03
 81087.3 57198.9 15976.4 3937.88 2617.6
 131496 38867 23562.5 6581.31 2700.47
 123594 63862.6 17161.5 10403.9 4098.33
 150174 58756.7 25190.5 6769.35 5720.4
 148960 71031.3 22563.6 9673.59 4796.28
 68281.7 71168.1 28762.2 9136.5 5859.18
 39774 31323.7 23251.7 9397.06 4899.32
 42517.1 18352.3 10552.5 7833.17 4816.25
 23645.8 18786.3 4918.17 2827.94 3389.88
 18516.5 9562.41 3153.53 825.582 1043.75
 23136.7 7597.07 1732.49 571.348 338.68
 19042.6 10656.4 2535.12 578.126 303.673
 21133.7 8962.08 3985.47 948.129 329.792
 23744.5 10119.3 3671.52 1632.74 523.529
 44243.2 11429 4261.72 1546.26 908.111
 48543.4 21279.9 4794.41 1787.77 1029.6
 67770.9 23738.2 9743.09 2195.14 1289.95
pred_Ctot
 2898.57 4020.94 1514.01 180.233 0.0880798
 3177.93 5222.44 1119.37 421.48 50.1989
 2788.26 9383.09 2463.39 528.001 222.488
 921.815 1256.91 622.334 163.384 49.7762
 303.029 450.972 111.157 55.0371 18.8512
 2031.33 7087.59 1979.65 487.948 324.351
 2082.77 3119.18 1890.96 528.168 216.72
 3801.32 9572.36 2572.34 1559.45 614.298
 5144.99 9721.46 4167.85 1120.01 946.457
 4068.92 9540.74 3030.68 1299.33 644.223
 3759.31 17932.9 7247.5 2302.21 1476.39
 2034.6 7407.51 5498.62 2222.24 1158.6
 3392.99 6292.73 3618.31 2685.89 1651.42
 3194.35 9500.88 2487.29 1430.19 1714.38
 2339.75 4621.46 1524.08 398.999 504.437
 1211.6 1833.44 418.112 137.887 81.7354
 717.919 1922.95 457.464 104.323 54.798
 544.812 1140.62 507.238 120.67 41.9732
 525.419 1116.06 404.934 180.075 57.7403
 1002.08 1288.45 480.445 174.317 102.376
 533.09 1199.2 270.184 100.748 58.0217
 1004.68 1787.78 733.778 165.322 97.1492
F
 0.0820343 0.433289 0.433289 0.433289 0.433289
 0.0689458 0.364158 0.364158 0.364158 0.364158
 0.100964 0.533274 0.533274 0.533274 0.533274
 0.0191997 0.101409 0.101409 0.101409 0.101409
 0.00365071 0.0192823 0.0192823 0.0192823 0.0192823
 0.0353811 0.186876 0.186876 0.186876 0.186876
 0.0222415 0.117475 0.117475 0.117475 0.117475
 0.043596 0.230266 0.230266 0.230266 0.230266
 0.0486706 0.257068 0.257068 0.257068 0.257068
 0.0386343 0.204059 0.204059 0.204059 0.204059
 0.0792657 0.418666 0.418666 0.418666 0.418666
 0.0734619 0.388011 0.388011 0.388011 0.388011
 0.116782 0.616817 0.616817 0.616817 0.616817
 0.205347 1.0846 1.0846 1.0846 1.0846
 0.190897 1.00828 1.00828 1.00828 1.00828
 0.0752628 0.397523 0.397523 0.397523 0.397523
 0.0536756 0.283504 0.283504 0.283504 0.283504
 0.0364263 0.192397 0.192397 0.192397 0.192397
 0.0311953 0.164767 0.164767 0.164767 0.164767
 0.0319405 0.168703 0.168703 0.168703 0.168703
 0.0153741 0.081203 0.081203 0.081203 0.081203
 0.0208039 0.109882 0.109882 0.109882 0.109882
YTP_r0W_actual
 6028.09 31107.4 20472.4 6315.3 3497.37
YTP_p0W_proyectada
 34942.7 349736 160962 86762.8 32600.8
CTP_r0_actual
 1004.68 1787.78 733.778 165.322 97.1492
CTP_p0_proyectada
 4261.3 15897.1 5093.73 2090.67 680.601
Wmedp
 8.2 22 31.6 41.5 47.9
nmprior
 10 11 7 0
nm_flota  nm_reclas  nm_pelaces    nm_pelaL
inf 14.563 18.0785 18.0785
cv_recla  cv_pelaces  cv_mph
0.774327 0.662774 0.44596
 ------------------------------------------------
Talla a la edad & desviaci?n 
 7.2 14.2025 17.0495 18.207 18.6776
 1.08 2.13037 2.55742 2.73105 2.80164
