years
 1997 1998 1999 2000 2001 2002 2003 2004 2005 2006 2007 2008 2009 2010 2011 2012 2013 2014 2015 2016 2017 2018 2019
reclasobs
 0 0 0 370054 412103 1.49427e+06 250295 1.28982e+06 931140 785840 897777 1.04006e+06 184774 17550 25797 100020 73551 82996 120727 218422 84188 347160 605670
reclaspred
 3.45104e+06 593740 1.68123e+06 1.05594e+06 1.00098e+06 1.07286e+06 1.77429e+06 923836 774943 570925 377677 268514 223257 205504 375610 619048 854196 1.28993e+06 1.35738e+06 1.46435e+06 1.51304e+06 1.10547e+06 1.38196e+06
pelacesobs
 0 0 0 0 0 0 0 0 0 2.06254e+06 1.5e+06 0 1.87456e+06 323000 250000 174000 83755 137374 0 501740 490994 745055 786931
pelacespred
 1.89209e+06 730651 679679 779942 633592 556975 856139 642074 427407 319253 157349 121882 101366 85507.2 186350 330068 480994 705827 810150 848021 928185 737333 692036
mphobs
 0 0 0 0 0 112323 0 153150 637223 0 255016 313432 73983 77613 109348 50772 0 0 0 0 0 0 0
mphpred
 2.55255e+06 1.23252e+06 949106 1.16561e+06 911320 958595 1.21134e+06 1.12782e+06 754246 573618 425771 249262 204471 175363 228931 466318 651102 994893 1.21891e+06 1.26384e+06 1.34423e+06 1.16258e+06 1.10527e+06
desembarqueobs
 350755 77701 442110 56441 14545 235359 269955 359681 431902 328805 639364 411747 362871 311530 167758 66681 60226 58785 57116 71774 51957 67425 138520
desembarquepred
 350796 77713.9 442315 56446.9 14545.1 235323 269804 358683 429724 326730 632225 410359 362527 312833 168154 66733.2 60261.8 58804.7 57131.1 71795.4 51964.2 67431.7 138527
Reclutas
 63039.5 63039.5 63039.5 63039.5 63039.5 63039.5 63039.5 63039.5 63039.5 63039.5 63039.5 63039.5 63039.5 63039.5 63039.5 63039.5 63039.5 63039.5 63039.5 63039.5 63039.5 63039.5 63039.5
log_desv_Rt
 0 0 0 0 0 0 0 0 0 0 0 0 0 0 0 0 0 0 0 0 0 0 0
SSB
 2.55255e+06 1.23252e+06 949106 1.16561e+06 911320 958595 1.21134e+06 1.12782e+06 754246 573618 425771 249262 204471 175363 228931 466318 651102 994893 1.21891e+06 1.26384e+06 1.34423e+06 1.16258e+06 1.10527e+06
BT
 4.62073e+06 1.50553e+06 1.9148e+06 1.63807e+06 1.31227e+06 1.27333e+06 2.13187e+06 1.77007e+06 1.38613e+06 1.04284e+06 971496 723435 632149 507652 650698 782388 1.13089e+06 1.5538e+06 1.66291e+06 1.7753e+06 1.96118e+06 1.47723e+06 1.44746e+06
Ftot
 0.0990337 0.127314 0.253838 0.0522303 0.0142276 0.21212 0.147734 0.371548 0.52454 0.540961 1.44385 1.35087 1.43002 1.35161 0.428778 0.105033 0.0688803 0.0445631 0.0411486 0.0479149 0.0335911 0.0595691 0.097662
BD_Bspro_t
 0.984975 0.900037 0.831019 0.733776 0.788081 0.835528 0.766453 0.729188 0.60742 0.491192 0.389131 0.219392 0.185788 0.174696 0.220011 0.390918 0.555158 0.73181 0.817413 0.862218 0.886947 0.904445 0.885327
BD_Bspro
 1.96469 0.948665 0.730524 0.897167 0.701441 0.737828 0.932366 0.868081 0.580541 0.441512 0.327715 0.191856 0.157381 0.134977 0.176207 0.358924 0.501151 0.765766 0.938193 0.972772 1.03465 0.894835 0.850726
BD_Bo
 1.88508 0.910227 0.700925 0.860815 0.673019 0.707932 0.894588 0.832907 0.557018 0.423623 0.314437 0.184083 0.151004 0.129508 0.169068 0.344381 0.480845 0.734738 0.900179 0.933356 0.992727 0.858577 0.816256
BD_Brms
 9.12574 4.40643 3.39319 4.16723 3.2581 3.42712 4.33072 4.03213 2.69654 2.05077 1.5222 0.891149 0.731015 0.62695 0.81846 1.66716 2.32779 3.55689 4.35779 4.5184 4.80582 4.15639 3.95152
S_f
 0.5 1 1 1 1
 0.5 1 1 1 1
 0.5 1 1 1 1
 0.5 1 1 1 1
 0.5 1 1 1 1
 0.5 1 1 1 1
 0.5 1 1 1 1
 0.5 1 1 1 1
 0.5 1 1 1 1
 0.5 1 1 1 1
 0.5 1 1 1 1
 0.5 1 1 1 1
 0.5 1 1 1 1
 0.5 1 1 1 1
 0.5 1 1 1 1
 0.5 1 1 1 1
 0.5 1 1 1 1
 0.5 1 1 1 1
 0.5 1 1 1 1
 0.5 1 1 1 1
 0.5 1 1 1 1
 0.5 1 1 1 1
 0.5 1 1 1 1
Scru_reclas
 0.5 1 1 1 1
 0.5 1 1 1 1
 0.5 1 1 1 1
 0.5 1 1 1 1
 0.5 1 1 1 1
 0.5 1 1 1 1
 0.5 1 1 1 1
 0.5 1 1 1 1
 0.5 1 1 1 1
 0.5 1 1 1 1
 0.5 1 1 1 1
 0.5 1 1 1 1
 0.5 1 1 1 1
 0.5 1 1 1 1
 0.5 1 1 1 1
 0.5 1 1 1 1
 0.5 1 1 1 1
 0.5 1 1 1 1
 0.5 1 1 1 1
 0.5 1 1 1 1
 0.5 1 1 1 1
 0.5 1 1 1 1
 0.5 1 1 1 1
Scru_pelaces
 0.5 1 1 1 1
 0.5 1 1 1 1
 0.5 1 1 1 1
 0.5 1 1 1 1
 0.5 1 1 1 1
 0.5 1 1 1 1
 0.5 1 1 1 1
 0.5 1 1 1 1
 0.5 1 1 1 1
 0.5 1 1 1 1
 0.5 1 1 1 1
 0.5 1 1 1 1
 0.5 1 1 1 1
 0.5 1 1 1 1
 0.5 1 1 1 1
 0.5 1 1 1 1
 0.5 1 1 1 1
 0.5 1 1 1 1
 0.5 1 1 1 1
 0.5 1 1 1 1
 0.5 1 1 1 1
 0.5 1 1 1 1
 0.5 1 1 1 1
pf_obs 
 0.256992 0.487395 0.22802 0.0275931 0
 0.321318 0.546541 0.124235 0.00734118 0.000564706
 0.182869 0.594174 0.210203 0.0122559 0.00049798
 0.330522 0.361315 0.267642 0.0388342 0.00168674
 0.649043 0.306663 0.0425973 0.00169635 0
 0.582887 0.30429 0.105238 0.00758474 0
 0.465427 0.430635 0.0974691 0.00646863 0
 0.296916 0.608066 0.0921331 0.00288517 0
 0.311714 0.524322 0.152257 0.0117073 0
 0.15457 0.633149 0.183074 0.0267441 0.00246327
 0.131901 0.49318 0.331252 0.0422183 0.00144891
 0.196976 0.569456 0.194076 0.0375587 0.00193317
 0.518974 0.381816 0.0799577 0.0180837 0.00116848
 0.0928022 0.601141 0.25162 0.0475244 0.00691264
 0.122501 0.610282 0.24278 0.0234846 0.000952079
 0.383417 0.481906 0.127806 0.00687128 0
 0.0376549 0.599619 0.316969 0.0457579 0
 0.0361596 0.667082 0.258105 0.0386534 0
 0.158088 0.579412 0.248529 0.0139706 0
 0.0477256 0.309471 0.559284 0.082774 0.000745712
 0.0406174 0.521527 0.379366 0.0568643 0.0016247
 0.151134 0.462217 0.34131 0.0453401 0
 0.294876 0.26143 0.354403 0.0886775 0.000613685
pf_pred 
 0.301979 0.351394 0.174497 0.0866527 0.0854772
 0.338667 0.311374 0.176175 0.0874858 0.086299
 0.368428 0.325242 0.144228 0.0816042 0.0804971
 0.391534 0.338606 0.13897 0.0616262 0.0692631
 0.369945 0.356825 0.15205 0.0624044 0.0587756
 0.364774 0.343704 0.1651 0.0703525 0.056069
 0.388483 0.336077 0.149033 0.0715888 0.0548174
 0.400436 0.341675 0.141731 0.0628504 0.0533082
 0.446761 0.330858 0.126729 0.0525687 0.0430838
 0.488589 0.334147 0.10601 0.0406052 0.0306481
 0.541806 0.316843 0.0923564 0.0293007 0.019694
 0.676691 0.255339 0.0470017 0.0137005 0.00726807
 0.688905 0.269239 0.0330571 0.00608503 0.00271467
 0.697262 0.264897 0.0327497 0.004021 0.00107038
 0.654708 0.302558 0.0373919 0.00462283 0.000718681
 0.508732 0.398535 0.0812556 0.010042 0.00143453
 0.423127 0.392768 0.149353 0.030451 0.0043009
 0.386771 0.367509 0.1673 0.0636173 0.0148026
 0.368171 0.35438 0.166276 0.0756933 0.0354803
 0.35979 0.346391 0.164797 0.077323 0.051699
 0.356196 0.342845 0.162837 0.07747 0.0606525
 0.353738 0.340988 0.162568 0.0772126 0.0654939
 0.358235 0.338069 0.16024 0.076395 0.0670617
pobs_RECLAS
 0 0 0 0 0
 0 0 0 0 0
 0 0 0 0 0
 0 0 0 0 0
 0.835266 0.146461 0.0176864 0.000547809 3.91292e-05
 0.385257 0.428462 0.181853 0.0044286 0
 0.867414 0.0963971 0.0333333 0.00285562 0
 0.441836 0.489002 0.0689373 0.000224442 0
 0.779404 0.147425 0.0564933 0.0165055 0.000172143
 0.814271 0.122319 0.05973 0.00367925 0
 0.40263 0.566651 0.0304383 0.000280538 0
 0.475488 0.404961 0.113038 0.00651328 0
 0.955842 0.0263864 0.0167828 0.000988607 0
 0.975058 0.0227948 0.00214734 0 0
 0.738997 0.206755 0.0527124 0.00153531 0
 0.850938 0.134255 0.0134407 0.00136685 0
 0.542534 0.407297 0.0501686 0 0
 0.764087 0.199537 0.0359546 0.000420521 0
 0.470689 0.182191 0.310203 0.0369168 0
 0.84361 0.089868 0.0606195 0.00523954 0.000663233
 0.607945 0.314616 0.071237 0.00620181 0
 0.523733 0.453247 0.0230204 0 0
 0.530135 0.295979 0.169645 0.0042399 0
ppred_RECLAS
 0.302646 0.351058 0.17433 0.0865699 0.0853955
 0.339603 0.310933 0.175926 0.087362 0.0861769
 0.370593 0.324127 0.143734 0.0813244 0.0802211
 0.391914 0.338395 0.138884 0.0615878 0.0692198
 0.370042 0.35677 0.152027 0.0623947 0.0587665
 0.366514 0.342763 0.164648 0.0701598 0.0559155
 0.389657 0.335432 0.148747 0.0714514 0.0547122
 0.404021 0.339631 0.140884 0.0624746 0.0529894
 0.452558 0.327391 0.125401 0.0520178 0.0426323
 0.494693 0.330159 0.104745 0.0401206 0.0302823
 0.566948 0.299457 0.0872887 0.0276929 0.0186134
 0.696456 0.239729 0.0441284 0.012863 0.00682375
 0.709981 0.250998 0.0308175 0.00567276 0.00253075
 0.716312 0.248228 0.0306888 0.00376797 0.00100302
 0.658752 0.299015 0.036954 0.00456868 0.000710264
 0.509576 0.397851 0.0811161 0.0100248 0.00143206
 0.423649 0.392413 0.149218 0.0304234 0.00429701
 0.387091 0.367317 0.167213 0.0635841 0.0147949
 0.36846 0.354217 0.1662 0.0756587 0.035464
 0.360125 0.34621 0.164711 0.0772825 0.0516719
 0.356427 0.342722 0.162778 0.0774423 0.0606307
 0.354157 0.340767 0.162462 0.0771625 0.0654514
 0.358951 0.337692 0.160061 0.0763097 0.0669868
pobs_PELACES
 0 0 0 0 0
 0 0 0 0 0
 0 0 0 0 0
 0 0 0 0 0
 0 0 0 0 0
 0 0 0 0 0
 0 0 0 0 0
 0 0 0 0 0
 0 0 0 0 0
 0 0 0 0 0
 0.450072 0.473896 0.0757376 0.000293798 0
 0 0 0 0 0
 0.463077 0.371075 0.160297 0.00555027 0
 0.529543 0.364841 0.0842815 0.0213345 0
 0.631943 0.363953 0.00410389 0 0
 0.735681 0.248677 0.0153453 0.000297389 0
 0.695825 0.281241 0.0229344 0 0
 0.275771 0.60734 0.115278 0.00161068 0
 0 0 0 0 0
 0.896147 0.0623911 0.0374545 0.00400742 0
 0.803859 0.145111 0.0509908 3.86294e-05 0
 0.739449 0.233085 0.0266225 0.000797448 4.60066e-05
 0.878498 0.100942 0.0204185 0.000141795 0
ppred_PELACES
 0.306106 0.349317 0.173465 0.0861404 0.0849718
 0.34433 0.308707 0.174666 0.0867367 0.08556
 0.380415 0.31907 0.141491 0.0800554 0.0789693
 0.39397 0.337251 0.138414 0.0613795 0.0689858
 0.370589 0.35646 0.151895 0.0623405 0.0587154
 0.374677 0.338346 0.162526 0.0692557 0.0551949
 0.39547 0.332238 0.14733 0.070771 0.0541911
 0.418866 0.331172 0.137374 0.0609185 0.0516696
 0.474076 0.314523 0.120472 0.0499732 0.0409566
 0.517001 0.315583 0.100121 0.0383493 0.0289454
 0.624254 0.25983 0.0757377 0.0240283 0.0161502
 0.741422 0.204216 0.0375914 0.0109575 0.0058129
 0.756069 0.211111 0.0259202 0.00477129 0.00212858
 0.759375 0.210548 0.0260303 0.003196 0.000850766
 0.674473 0.285239 0.0352516 0.00435821 0.000677543
 0.513906 0.394338 0.0803999 0.00993629 0.00141942
 0.426426 0.390522 0.148499 0.0302768 0.00427631
 0.388837 0.366271 0.166737 0.0634029 0.0147528
 0.370041 0.353331 0.165783 0.0754693 0.0353753
 0.361949 0.345223 0.164241 0.0770623 0.0515246
 0.357699 0.342045 0.162456 0.0772892 0.0605109
 0.356408 0.339579 0.161896 0.0768936 0.0652233
 0.362667 0.335734 0.159133 0.0758673 0.0665985
pobs_pel_tallas
 0 0 0 0 0 0 0 0 0 0 0 0 0 0 0 0 0 0 0 0 0 0 0 0 0 0 0 0 0 0 0 0 0 0 0 0
 0 0 0 0 0 0 0 0 0 0 0 0 0 0 0 0 0 0 0 0 0 0 0 0 0 0 0 0 0 0 0 0 0 0 0 0
 0 0 0 0 0 0 0 0 0 0 0 0 0 0 0 0 0 0 0 0 0 0 0 0 0 0 0 0 0 0 0 0 0 0 0 0
 0 0 0 0 0 0 0 0 0 0 0 0 0 0 0 0 0 0 0 0 0 0 0 0 0 0 0 0 0 0 0 0 0 0 0 0
 0 0 0 0 0 0 0 0 0 0 0 0 0 0 0 0 0 0 0 0 0 0 0 0 0 0 0 0 0 0 0 0 0 0 0 0
 0 0 0 0 0 0 0 0 0 0 0 0 0 0 0 0 0 0 0 0 0 0 0 0 0 0 0 0 0 0 0 0 0 0 0 0
 0 0 0 0 0 0 0 0 0 0 0 0 0 0 0 0 0 0 0 0 0 0 0 0 0 0 0 0 0 0 0 0 0 0 0 0
 0 0 0 0 0 0 0 0 0 0 0 0 0 0 0 0 0 0 0 0 0 0 0 0 0 0 0 0 0 0 0 0 0 0 0 0
 0 0 0 0 0 0 0 0 0 0 0 0 0 0 0 0 0 0 0 0 0 0 0 0 0 0 0 0 0 0 0 0 0 0 0 0
 0 0 0 0 0 0 0 0 0 0 0 0 0 0 0 0 0 0 0 0 0 0 0 0 0 0 0 0 0 0 0 0 0 0 0 0
 0 0 0 0 0 0 0 0 1.78061e-05 0.00172719 0.00360574 0.0105946 0.0120993 0.0124554 0.0147524 0.0171206 0.0266825 0.0428682 0.0675386 0.121331 0.153587 0.119568 0.100827 0.0573624 0.0630603 0.0341343 0.0324427 0.0444173 0.0211091 0.0280891 0.0125444 0.00206551 0 0 0 0
 0 0 0 0 0 0 0 0 0 0 0 0 0 0 0 0 0 0 0 0 0 0 0 0 0 0 0 0 0 0 0 0 0 0 0 0
 0 0 0 0 0 0 0.0133647 0.0140871 0.0187388 0.0205184 0.03894 0.0496705 0.03968 0.0493445 0.0407372 0.0367815 0.0215668 0.0243155 0.0234873 0.0199281 0.019796 0.0243948 0.0301388 0.0376714 0.0412746 0.0863199 0.0771752 0.113111 0.0741005 0.0525337 0.0229764 0.00759418 0.00175318 0 0 0
 0 0 0 0 0 0 0 0 0 0 0.00219441 0.00772107 0.0458388 0.0604681 0.0671733 0.0775358 0.0609151 0.0617685 0.073594 0.0568108 0.0755445 0.0548602 0.0670107 0.0636378 0.0643287 0.046367 0.0373049 0.0286899 0.0247887 0.0153202 0.00654259 0.00121912 0.000365735 0 0 0
 0 0 0 0 0 0 0 0 0 0 0 0 0.000112435 0.00938835 0.0111873 0.0202946 0.0414886 0.0713402 0.111592 0.104902 0.108894 0.110636 0.117776 0.105296 0.107544 0.0401394 0.0192827 0.0124803 0.00416011 0.0028671 0.000618394 0 0 0 0 0
 0 0 0 0 0 0 0 0 0 0 0.00291406 0.0102884 0.027416 0.0768956 0.0749926 0.110853 0.0956884 0.0897413 0.0766577 0.0534642 0.0500743 0.0551293 0.0594112 0.0620874 0.0668451 0.0424026 0.0208742 0.0120726 0.0048766 0.00582813 0.00118941 0.000297354 0 0 0 0
 0 0.00264628 0.0354308 0.0461629 0.0458689 0.0383711 0.0214643 0.0164657 0.0346957 0.0420465 0.0363128 0.0245516 0.0311673 0.0291091 0.0169068 0.0133784 0.00837989 0.0085269 0.0148486 0.0160247 0.0276389 0.0546898 0.0760071 0.122758 0.109233 0.0665981 0.0333725 0.0166128 0.00676272 0.00308733 0.000882094 0 0 0 0 0
 0 0 0 0 0 0 0 0.000805153 0.000690131 0.00759144 0.0133425 0.0154129 0.00931677 0.000345066 0.00356568 0.00563607 0.00851162 0.0253048 0.0502646 0.0516448 0.0657925 0.0565908 0.0611916 0.0827007 0.0866115 0.110766 0.145733 0.0935128 0.0569358 0.0249597 0.0138026 0.00621118 0.00161031 0.00115022 0 0
 0 0 0 0 0 0 0 0 0 0 0 0 0 0 0 0 0 0 0 0 0 0 0 0 0 0 0 0 0 0 0 0 0 0 0 0
 0.00147267 0.00158595 0.00478618 0.00569244 0.00954404 0.0108468 0.00647125 0.017049 0.0510054 0.094081 0.124002 0.0959785 0.0687766 0.0820023 0.061753 0.0591476 0.0492212 0.0479892 0.0443925 0.0268479 0.0217502 0.0140895 0.0121071 0.0120363 0.00920419 0.00665534 0.0049561 0.00860946 0.00930331 0.0156896 0.0114698 0.00855282 0.00243557 0.00046729 0 2.83206e-05
 0 0 0 0 0.000772559 0.00158375 0.000888443 0.00281984 0.00712685 0.0440552 0.0773331 0.111326 0.0921469 0.0852325 0.0710754 0.0886704 0.0786465 0.0553345 0.0373146 0.0185414 0.00753245 0.00457741 0.012979 0.0271748 0.0457355 0.0583668 0.034881 0.0177882 0.00938659 0.00492506 0.0015258 0.00185414 0.000309023 5.79419e-05 3.86279e-05 0
 0 0.00173294 0.00326652 0 0.00397197 0.00683976 0.00946217 0.0152591 0.00757587 0.0136028 0.0228656 0.0392903 0.0559909 0.0764795 0.0681675 0.0726916 0.0566044 0.0477403 0.0527397 0.0444891 0.0609904 0.0582453 0.0661739 0.0445044 0.0529084 0.0360697 0.0280645 0.0235558 0.0158879 0.00826598 0.00280645 0.00217768 0.000904811 0.00058276 9.20147e-05 0
 0 0 0 0 0 0 0 0 0 0 0 0 0 0 0 0 0 0 0 0 0 0 0 0 0 0 0 0 0 0 0 0 0 0 0 0
ppred_pel_tallas
 1.09507e-16 1.33746e-05 7.84495e-05 0.000372814 0.00143519 0.00447534 0.0113046 0.0231332 0.0383549 0.0515372 0.0561554 0.0497061 0.0359593 0.0217508 0.0119906 0.00773946 0.00769148 0.0102545 0.0144294 0.0196919 0.0256498 0.0318522 0.0377702 0.0428736 0.0467353 0.049114 0.0499874 0.0495215 0.0479964 0.0457149 0.0429305 0.0398129 0.0364547 0.0329033 0.0292003 0.025409
 1.09559e-16 1.50397e-05 8.82288e-05 0.000419314 0.00161424 0.00503371 0.012715 0.0260186 0.0431363 0.0579539 0.0631264 0.0558272 0.0402801 0.0241498 0.0129259 0.00776189 0.00714909 0.00926705 0.0129856 0.0177442 0.0231728 0.028873 0.0343809 0.0392273 0.0430272 0.0455518 0.046758 0.0467632 0.0457823 0.0440521 0.0417714 0.0390741 0.0360382 0.0327136 0.0291558 0.0254469
 1.08554e-16 1.66135e-05 9.74678e-05 0.000463235 0.00178334 0.00556106 0.0140471 0.0287441 0.0476541 0.0640209 0.0697277 0.0616482 0.0444429 0.0265705 0.0140832 0.0082388 0.00735142 0.00939056 0.0130918 0.0178274 0.0231914 0.0287591 0.0340457 0.0385695 0.0419468 0.0439673 0.0446231 0.0440798 0.0426058 0.0404875 0.0379609 0.0351798 0.0322216 0.0291181 0.0258931 0.0225902
 1.07408e-16 1.72054e-05 0.000100941 0.000479742 0.00184689 0.00575923 0.0145476 0.0297684 0.0493524 0.0663029 0.0722139 0.0638484 0.0460335 0.0275301 0.0146067 0.00856639 0.00766189 0.00978693 0.0136249 0.0185146 0.0240198 0.0296825 0.0349828 0.0394085 0.0425574 0.0442191 0.0444062 0.0433229 0.0412881 0.0386414 0.0356669 0.0325539 0.0293996 0.0262393 0.0230862 0.0199625
 1.07158e-16 1.61867e-05 9.49583e-05 0.000451297 0.00173736 0.00541766 0.0136849 0.0280034 0.0464274 0.062377 0.067948 0.0601001 0.0433823 0.0260474 0.014008 0.00850901 0.00792636 0.0102937 0.0143767 0.0195408 0.0253432 0.031302 0.036865 0.0414877 0.0447417 0.0464027 0.0464836 0.0452028 0.0429027 0.0399512 0.0366595 0.03324 0.0298073 0.0264086 0.0230634 0.0197961
 1.07377e-16 1.63642e-05 9.60023e-05 0.000456263 0.00175649 0.00547732 0.0138355 0.0283115 0.0469376 0.0630607 0.0686878 0.0607429 0.043821 0.0262604 0.0140313 0.00838402 0.00766886 0.00989365 0.0138133 0.0187987 0.0244256 0.0302392 0.0357174 0.0403411 0.043697 0.0455587 0.0459207 0.0449681 0.0430032 0.0403549 0.0373037 0.0340442 0.0306874 0.0272886 0.0238836 0.0205169
 1.07164e-16 1.72706e-05 0.000101324 0.000481565 0.00185391 0.00578112 0.0146029 0.0298816 0.0495398 0.0665541 0.0724863 0.0640862 0.0461983 0.0276155 0.0146282 0.00854235 0.00760247 0.00969359 0.0134955 0.0183485 0.0238215 0.0294637 0.034762 0.0392089 0.042403 0.0441291 0.0443905 0.0433781 0.0413976 0.038778 0.0357974 0.0326457 0.0294266 0.0261861 0.0229498 0.0197514
 1.06566e-16 1.82907e-05 0.000107313 0.000510038 0.00196354 0.006123 0.0154665 0.0316484 0.0524683 0.0704863 0.0767632 0.0678538 0.0488846 0.0291613 0.0153371 0.00878293 0.00762658 0.00961642 0.0133473 0.0181215 0.0234937 0.0290079 0.0341496 0.0384128 0.0414011 0.0429077 0.0429472 0.0417253 0.0395629 0.0368041 0.0337394 0.0305665 0.0273914 0.0242559 0.0211761 0.0181721
 1.05444e-16 2.06975e-05 0.000121444 0.000577223 0.00222223 0.0069297 0.0175041 0.0358174 0.0593779 0.0797628 0.08685 0.0767323 0.0551991 0.0327636 0.0169296 0.00921711 0.00747401 0.00912449 0.0125659 0.0170204 0.0220258 0.0271359 0.0318571 0.0357081 0.0383156 0.0394912 0.0392616 0.0378389 0.035547 0.032732 0.0296865 0.0266101 0.0236085 0.0207195 0.0179493 0.0153028
 1.04195e-16 2.25692e-05 0.000132433 0.000629466 0.00242337 0.00755697 0.0190885 0.0390593 0.0647512 0.0869778 0.0946982 0.0836476 0.060133 0.0356098 0.0182478 0.00968789 0.00756448 0.00905153 0.01239 0.0167307 0.0215816 0.0264824 0.0309315 0.0344461 0.0366584 0.0373951 0.0367068 0.0348363 0.0321425 0.0290053 0.0257458 0.022582 0.0196259 0.0169084 0.0144176 0.0121317
 1.02741e-16 2.72437e-05 0.000159882 0.00075997 0.00292587 0.00912399 0.0230466 0.0471574 0.0781722 0.104994 0.114283 0.100874 0.0723586 0.0425308 0.0212059 0.0103058 0.00691376 0.0075707 0.0101383 0.0136272 0.0175397 0.0214713 0.0250024 0.0277335 0.0293641 0.0297573 0.0289646 0.0271995 0.0247733 0.0220151 0.0192041 0.016531 0.0140936 0.0119174 0.00998632 0.00827131
 1.01249e-16 3.23505e-05 0.000189868 0.00090254 0.00347482 0.0108359 0.0273706 0.0560042 0.0928341 0.124677 0.13568 0.119698 0.0857225 0.0501066 0.0244637 0.0110241 0.00626998 0.00605063 0.0078117 0.0104066 0.0133249 0.0162157 0.0187409 0.0205872 0.0215262 0.0214655 0.0204676 0.0187272 0.0165178 0.0141246 0.0117876 0.00966786 0.00784293 0.00632242 0.00507467 0.0040521
 1.00701e-16 3.29894e-05 0.000193619 0.000920369 0.00354346 0.01105 0.0279113 0.0571106 0.0946682 0.12714 0.138361 0.122063 0.0874173 0.0510987 0.0249501 0.0112456 0.00639614 0.00616649 0.0079474 0.0105635 0.0134865 0.0163507 0.018804 0.0205234 0.0212775 0.0209801 0.0197094 0.0176837 0.0152037 0.0125814 0.0100783 0.00786885 0.00603407 0.00457805 0.00345642 0.0026045
 1.00588e-16 3.31336e-05 0.000194465 0.000924393 0.00355896 0.0110983 0.0280334 0.0573603 0.095082 0.127695 0.138965 0.122595 0.0877963 0.0513161 0.0250486 0.0112767 0.00639524 0.00614946 0.00791839 0.0105216 0.0134294 0.0162758 0.018709 0.0204066 0.0211376 0.0208161 0.019521 0.0174712 0.0149685 0.012326 0.00980664 0.00758655 0.00574796 0.00429581 0.00318585 0.00235274
 1.00775e-16 2.94345e-05 0.000172741 0.0008211 0.00316123 0.00985794 0.0249005 0.0509508 0.0844604 0.11344 0.123475 0.108986 0.0781724 0.0459381 0.0228842 0.0110827 0.00737397 0.008009 0.0106612 0.0142413 0.0181886 0.0220443 0.0253386 0.0276355 0.0286222 0.0281825 0.0264233 0.0236413 0.0202455 0.0166607 0.0132435 0.0102326 0.00773981 0.00577201 0.00426928 0.00314301
 1.01678e-16 2.24375e-05 0.000131653 0.000625738 0.00240899 0.0075121 0.0189753 0.0388282 0.0643704 0.0864729 0.0941663 0.0832198 0.0599171 0.0356654 0.0186122 0.0104188 0.00876028 0.0108401 0.0148961 0.0200331 0.0256698 0.0312218 0.0360493 0.0395463 0.0412685 0.0410352 0.0389674 0.0354448 0.0310024 0.0262022 0.0215209 0.0172846 0.0136562 0.0106648 0.0082549 0.00633419
 1.03476e-16 1.8623e-05 0.000109258 0.000519271 0.00199907 0.00623376 0.0157463 0.0322215 0.0534198 0.071769 0.078172 0.069127 0.0498626 0.0298662 0.0159286 0.00946557 0.00858829 0.0110123 0.0152966 0.0206948 0.0266883 0.0327226 0.0381727 0.0424303 0.0450293 0.045745 0.0446342 0.0419987 0.0382926 0.0340063 0.0295659 0.0252761 0.0213106 0.0177384 0.0145656 0.0117729
 1.05355e-16 1.69829e-05 9.96315e-05 0.000473511 0.00182289 0.00568437 0.0143586 0.0293818 0.0487125 0.0654463 0.0712892 0.0630501 0.0455002 0.0272958 0.0146367 0.00882422 0.00814867 0.0105411 0.0147015 0.019961 0.0258541 0.0318764 0.0374511 0.0420094 0.0451038 0.0465001 0.0462138 0.0444792 0.0416669 0.0381816 0.0343758 0.0305028 0.026713 0.0230797 0.019637 0.0164101
 1.06715e-16 1.61628e-05 9.48178e-05 0.000450629 0.00173479 0.00540965 0.0136646 0.0279619 0.0463586 0.0622845 0.0678469 0.0600101 0.0433159 0.0260048 0.0139805 0.00848586 0.00789989 0.0102602 0.0143365 0.0194983 0.0253072 0.0312857 0.0368848 0.04156 0.0448791 0.0466092 0.0467513 0.04551 0.0432153 0.0402273 0.0368557 0.0333192 0.0297449 0.0261963 0.0227109 0.0193284
 1.075e-16 1.58095e-05 9.27448e-05 0.000440776 0.00169686 0.00529135 0.0133658 0.0273505 0.0453449 0.0609226 0.0663637 0.0586987 0.0423706 0.0254399 0.0136818 0.00831325 0.00775015 0.0100755 0.0140891 0.0191785 0.0249199 0.0308514 0.0364408 0.0411588 0.0445837 0.0464848 0.0468562 0.0458867 0.0438844 0.0411842 0.0380717 0.0347451 0.0313174 0.0278449 0.0243649 0.020923
 1.07901e-16 1.5624e-05 9.16563e-05 0.000435602 0.00167694 0.00522923 0.0132089 0.0270294 0.0448126 0.0602076 0.0655851 0.0580109 0.041876 0.0251466 0.0135309 0.00823244 0.0076869 0.0100011 0.0139906 0.0190515 0.0247663 0.0306798 0.0362668 0.0410046 0.0444761 0.0464523 0.0469249 0.0460768 0.0442071 0.04164 0.0386504 0.0354268 0.0320747 0.0286458 0.0251758 0.0217121
 1.08099e-16 1.55676e-05 9.13255e-05 0.000434029 0.00167089 0.00521036 0.0131612 0.0269318 0.0446508 0.0599901 0.065348 0.0578006 0.041723 0.0250524 0.013476 0.00819281 0.0076439 0.00994313 0.0139109 0.018947 0.0246376 0.0305317 0.0361092 0.0408518 0.0443456 0.0463625 0.0468926 0.0461146 0.0443218 0.0418317 0.0389127 0.0357479 0.0324389 0.0290353 0.0255726 0.0220996
 1.08088e-16 1.58404e-05 9.29273e-05 0.000441645 0.00170021 0.00530181 0.0133922 0.0274044 0.045434 0.0610414 0.0664907 0.0588054 0.0424352 0.0254539 0.0136444 0.00822176 0.00759458 0.00983955 0.0137549 0.0187326 0.0243589 0.0301874 0.0357038 0.0403962 0.043856 0.0458581 0.046393 0.0456374 0.043881 0.0414368 0.0385691 0.0354573 0.0322002 0.0288457 0.0254277 0.0219939
pSPR Fmed_Fpbrs
0.721969   0.256568 0.256568
Fs Fmed_Fpbrs
0.168268   1.005 1.005
SSBpbr Bo_Bmed_Bpbrs
1.35408e+06  909899  279709 279709
Ro
63039.5
SPR SPRFo_SPRFmed_SPRFpbrs
1.29921e+06 937992 333336
log_Ro
10.8715
likeval ReclasPelacesDesembMPH_pf_preclas_ppelaces_ptallas_desvR_qrecl_qpela
 325.732 143.168 1.18287 0.000804426 308.234 199.612 78.4748 0 0 0 0 0 0 0 0
q_reclas_q_pelaces
1 1
M
0.7
N
 63039.5 37478.3 18611.1 9242.02 9116.64
 63039.5 29792.1 16856.3 8370.61 8257.06
 63039.5 29373.8 13025.8 7369.97 7269.99
 63039.5 27573.1 11316.5 5018.3 5640.18
 63039.5 30497.5 12995.6 5333.65 5023.49
 63039.5 31082.6 14930.7 6362.26 5070.55
 63039.5 28154.3 12485 5997.23 4592.24
 63039.5 29075.4 12060.9 5348.38 4536.36
 63039.5 25997.1 9957.69 4130.58 3385.3
 63039.5 24082.6 7640.37 2926.49 2208.86
 63039.5 23885.7 6962.44 2208.88 1484.66
 63039.5 15208.2 2799.47 816.017 432.893
 63039.5 15931.9 1956.12 360.075 160.638
 63039.5 15313.7 1893.26 232.454 61.8786
 63039.5 15926 1968.23 243.336 37.8298
 63039.5 25263.8 5150.92 636.581 90.9368
 63039.5 29702.9 11294.8 2302.84 325.254
 63039.5 30244.7 13768.2 5235.48 1218.2
 63039.5 30614.7 14364.5 6539.11 3065.12
 63039.5 30667 14589.9 6845.62 4577.05
 63039.5 30563.4 14516.3 6906.17 5406.95
 63039.5 30783.1 14676 6970.45 5912.53
 63039.5 30385.8 14402.4 6866.42 6027.54
pred_Ctot
 2196.49 2555.92 1269.23 630.281 621.731
 2806.3 2580.14 1459.84 724.936 715.101
 5443.53 4805.46 2130.97 1205.7 1189.35
 1170.39 1012.18 415.416 184.216 207.044
 321.496 310.095 132.138 54.2318 51.0782
 4590.13 4325 2077.54 885.28 705.544
 3241.93 2804.59 1243.69 597.415 457.456
 7768.92 6628.88 2749.75 1219.37 1034.24
 10617.8 7863.25 3011.86 1249.36 1023.94
 10912.5 7463.05 2367.7 906.902 684.513
 24284.4 14201.3 4139.52 1313.29 882.708
 23133.1 8728.92 1606.79 468.361 248.464
 24116 9425.07 1157.21 213.015 95.0309
 23142.5 8792.07 1086.98 133.459 35.5264
 8856.95 4093.03 505.841 62.538 9.72238
 2326.49 1822.55 371.591 45.9234 6.56024
 1537.85 1427.51 542.822 110.674 15.6316
 1000.27 950.453 432.673 164.527 38.2826
 924.319 889.694 417.446 190.033 89.0757
 1074.71 1034.69 492.257 230.968 154.427
 755.814 727.485 345.524 164.384 128.699
 1332.69 1284.65 612.464 290.894 246.744
 2166.71 2044.75 969.18 462.061 405.61
F
 0.0495169 0.0990337 0.0990337 0.0990337 0.0990337
 0.0636569 0.127314 0.127314 0.127314 0.127314
 0.126919 0.253838 0.253838 0.253838 0.253838
 0.0261152 0.0522303 0.0522303 0.0522303 0.0522303
 0.00711378 0.0142276 0.0142276 0.0142276 0.0142276
 0.10606 0.21212 0.21212 0.21212 0.21212
 0.073867 0.147734 0.147734 0.147734 0.147734
 0.185774 0.371548 0.371548 0.371548 0.371548
 0.26227 0.52454 0.52454 0.52454 0.52454
 0.270481 0.540961 0.540961 0.540961 0.540961
 0.721925 1.44385 1.44385 1.44385 1.44385
 0.675436 1.35087 1.35087 1.35087 1.35087
 0.715012 1.43002 1.43002 1.43002 1.43002
 0.675807 1.35161 1.35161 1.35161 1.35161
 0.214389 0.428778 0.428778 0.428778 0.428778
 0.0525166 0.105033 0.105033 0.105033 0.105033
 0.0344402 0.0688803 0.0688803 0.0688803 0.0688803
 0.0222816 0.0445631 0.0445631 0.0445631 0.0445631
 0.0205743 0.0411486 0.0411486 0.0411486 0.0411486
 0.0239575 0.0479149 0.0479149 0.0479149 0.0479149
 0.0167956 0.0335911 0.0335911 0.0335911 0.0335911
 0.0297846 0.0595691 0.0595691 0.0595691 0.0595691
 0.048831 0.097662 0.097662 0.097662 0.097662
YTP_r0W_actual
 14300.3 49482.9 32370.6 20145.9 22227.4
YTP_p0W_proyectada
 151113 316328 208571 129831 103620
CTP_r0_actual
 2166.71 2044.75 969.18 462.061 405.61
CTP_p0_proyectada
 18428.4 14378.5 6600.34 3128.46 2163.26
Wmedp
 8.2 22 31.6 41.5 47.9
nmprior
 10 11 7 0
nm_flota  nm_reclas  nm_pelaces    nm_pelaL
inf 7.09675 5.26575 6.21736
cv_recla  cv_pelaces  cv_mph
1.71219 1.46544 0.920198
 ------------------------------------------------
Talla a la edad & desviaci?n 
 7.2 14.2025 17.0495 18.207 18.6776
 1.08 2.13037 2.55742 2.73105 2.80164
