years
 1997 1998 1999 2000 2001 2002 2003 2004 2005 2006 2007 2008 2009 2010 2011 2012 2013 2014 2015 2016 2017 2018 2019
reclasobs
 0 0 0 370054 412103 1.49427e+06 250295 1.28982e+06 931140 785840 897777 1.04006e+06 184774 17550 25797 100020 73551 82996 120727 218422 84188 347160 605670
reclaspred
 373912 102935 318582 238394 356820 424827 937043 626247 700463 638355 502945 337252 206397 96348.3 68630.2 70932.1 89364.7 121661 127287 187717 277714 253120 421476
pelacesobs
 0 0 0 0 0 0 0 0 0 2.06254e+06 1.5e+06 0 1.87456e+06 323000 250000 174000 83755 137374 0 501740 490994 745055 786931
pelacespred
 1.07672e+06 262721 504523 569719 729261 730022 1.82702e+06 1.5235e+06 1.50616e+06 1.38673e+06 985935 682065 415969 162479 113751 125595 165087 227149 245489 350941 575445 514520 677899
mphobs
 0 0 0 0 0 112323 0 153150 637223 0 255016 313432 73983 77613 109348 50772 0 0 0 0 0 0 0
mphpred
 690805 421084 520240 648236 701872 1.11248e+06 1.67564e+06 1.97627e+06 1.69754e+06 1.72168e+06 1.62056e+06 1.14312e+06 703574 370819 181057 158149 193855 268669 331260 378799 585901 703638 872704
desembarqueobs
 350755 77701 442110 56441 14545 235359 269955 359681 431902 328805 639364 411747 362871 311530 167758 66681 60226 58785 57116 71774 51957 67425 138520
desembarquepred
 350760 77700.7 442103 56442 14545.1 235391 269980 359680 431928 328823 639566 411986 363196 311966 167798 66691.8 60243.9 58786.1 57112.4 71772.6 51957 67419.1 138516
Reclutas
 51195.1 66182.9 40240.7 66965.7 114860 80890 130917 123180 149609 148546 68278.3 39856 42558 23653.5 18498.2 23058.3 18960.5 21004.8 23591.2 45352.8 57414.7 70956.6 103449
log_desv_Rt
 -0.0493082 0.20747 -0.290074 0.219228 0.75876 0.408138 0.889611 0.828694 1.02307 1.01594 0.23864 -0.299678 -0.234084 -0.821439 -1.06728 -0.846927 -1.04259 -0.940201 -0.824077 -0.17048 0.0653478 0.277116 0.654122
SSB
 690805 421084 520240 648236 701872 1.11248e+06 1.67564e+06 1.97627e+06 1.69754e+06 1.72168e+06 1.62056e+06 1.14312e+06 703574 370819 181057 158149 193855 268669 331260 378799 585901 703638 872704
BT
 2.21472e+06 602086 1.14618e+06 1.07995e+06 1.3169e+06 1.49262e+06 3.4554e+06 3.13664e+06 3.09255e+06 2.80087e+06 2.3453e+06 1.60177e+06 1.103e+06 592333 346896 280115 345046 453777 488910 687004 1.07261e+06 984534 1.30951e+06
Ftot
 0.434369 0.363492 0.531792 0.101184 0.0193268 0.187816 0.118052 0.231471 0.258441 0.205136 0.42081 0.389996 0.61986 1.08993 1.01394 0.399565 0.284997 0.193516 0.16589 0.169183 0.0786566 0.099814 0.121266
BD_Bspro_t
 0.946709 0.75248 0.712865 0.591664 0.724697 0.845195 0.815955 0.822808 0.774883 0.742239 0.70955 0.562048 0.448202 0.335869 0.218594 0.234109 0.34906 0.51282 0.619523 0.699996 0.798046 0.860122 0.863706
BD_Bspro
 0.623225 0.37989 0.469346 0.58482 0.63321 1.00365 1.51172 1.78294 1.53147 1.55325 1.46202 1.03129 0.634745 0.334543 0.163345 0.142677 0.174891 0.242386 0.298854 0.341742 0.528583 0.634802 0.78733
BD_Bo
 0.546448 0.33309 0.411526 0.512774 0.555203 0.880004 1.32548 1.56329 1.34281 1.3619 1.28191 0.904247 0.556549 0.293329 0.143222 0.1251 0.153345 0.212526 0.262037 0.299641 0.463465 0.556599 0.690336
BD_Brms
 1.89706 1.15636 1.42866 1.78016 1.92745 3.05504 4.60158 5.42716 4.66172 4.728 4.45031 3.1392 1.93213 1.01833 0.497212 0.434302 0.532357 0.737809 0.909693 1.04024 1.60898 1.9323 2.39659
S_f
 0.1891 1 1 1 1
 0.1891 1 1 1 1
 0.1891 1 1 1 1
 0.1891 1 1 1 1
 0.1891 1 1 1 1
 0.1891 1 1 1 1
 0.1891 1 1 1 1
 0.1891 1 1 1 1
 0.1891 1 1 1 1
 0.1891 1 1 1 1
 0.1891 1 1 1 1
 0.1891 1 1 1 1
 0.1891 1 1 1 1
 0.1891 1 1 1 1
 0.1891 1 1 1 1
 0.1891 1 1 1 1
 0.1891 1 1 1 1
 0.1891 1 1 1 1
 0.1891 1 1 1 1
 0.1891 1 1 1 1
 0.1891 1 1 1 1
 0.1891 1 1 1 1
 0.1891 1 1 1 1
Scru_reclas
 1 1 1 1 1
 1 1 1 1 1
 1 1 1 1 1
 1 1 1 1 1
 1 1 1 1 1
 1 1 1 1 1
 1 1 1 1 1
 1 1 1 1 1
 1 1 1 1 1
 1 1 1 1 1
 1 1 1 1 1
 1 1 1 1 1
 1 1 1 1 1
 1 1 1 1 1
 1 1 1 1 1
 1 1 1 1 1
 1 1 1 1 1
 1 1 1 1 1
 1 1 1 1 1
 1 1 1 1 1
 1 1 1 1 1
 1 1 1 1 1
 1 1 1 1 1
Scru_pelaces
 1 1 1 1 1
 1 1 1 1 1
 1 1 1 1 1
 1 1 1 1 1
 1 1 1 1 1
 1 1 1 1 1
 1 1 1 1 1
 1 1 1 1 1
 1 1 1 1 1
 1 1 1 1 1
 1 1 1 1 1
 1 1 1 1 1
 1 1 1 1 1
 1 1 1 1 1
 1 1 1 1 1
 1 1 1 1 1
 1 1 1 1 1
 1 1 1 1 1
 1 1 1 1 1
 1 1 1 1 1
 1 1 1 1 1
 1 1 1 1 1
 1 1 1 1 1
pf_obs 
 0.256992 0.487395 0.22802 0.0275931 0
 0.321318 0.546541 0.124235 0.00734118 0.000564706
 0.182869 0.594174 0.210203 0.0122559 0.00049798
 0.330522 0.361315 0.267642 0.0388342 0.00168674
 0.649043 0.306663 0.0425973 0.00169635 0
 0.582887 0.30429 0.105238 0.00758474 0
 0.465427 0.430635 0.0974691 0.00646863 0
 0.296916 0.608066 0.0921331 0.00288517 0
 0.311714 0.524322 0.152257 0.0117073 0
 0.15457 0.633149 0.183074 0.0267441 0.00246327
 0.131901 0.49318 0.331252 0.0422183 0.00144891
 0.196976 0.569456 0.194076 0.0375587 0.00193317
 0.518974 0.381816 0.0799577 0.0180837 0.00116848
 0.0928022 0.601141 0.25162 0.0475244 0.00691264
 0.122501 0.610282 0.24278 0.0234846 0.000952079
 0.383417 0.481906 0.127806 0.00687128 0
 0.0376549 0.599619 0.316969 0.0457579 0
 0.0361596 0.667082 0.258105 0.0386534 0
 0.158088 0.579412 0.248529 0.0139706 0
 0.0477256 0.309471 0.559284 0.082774 0.000745712
 0.0406174 0.521527 0.379366 0.0568643 0.0016247
 0.151134 0.462217 0.34131 0.0453401 0
 0.294876 0.26143 0.354403 0.0886775 0.000613685
pf_pred 
 0.338191 0.465726 0.175226 0.0208464 1.06379e-05
 0.317533 0.52424 0.111347 0.0418936 0.00498656
 0.181015 0.609799 0.160687 0.0341294 0.0143694
 0.303697 0.41812 0.20713 0.0545802 0.0164735
 0.321624 0.479758 0.119267 0.059083 0.0202678
 0.170845 0.594216 0.166152 0.0413053 0.0274812
 0.26552 0.398776 0.240583 0.067271 0.02785
 0.20987 0.528297 0.142158 0.0857649 0.0339094
 0.243819 0.461137 0.197273 0.0530837 0.0446879
 0.219117 0.513599 0.162995 0.069729 0.0345588
 0.115252 0.548451 0.221189 0.0701962 0.044913
 0.111548 0.405349 0.299473 0.120777 0.0628536
 0.192803 0.357941 0.20497 0.151432 0.0928548
 0.174634 0.51932 0.135712 0.0777135 0.0926205
 0.249617 0.493073 0.161899 0.0423084 0.053102
 0.328903 0.498743 0.113253 0.0371862 0.0219145
 0.220245 0.590701 0.140501 0.0319044 0.0166493
 0.23096 0.484693 0.215406 0.0512353 0.0177056
 0.22983 0.488675 0.177414 0.0788459 0.0252347
 0.335599 0.418589 0.155968 0.0566246 0.0332189
 0.275452 0.538137 0.117443 0.0437599 0.0252074
 0.2506 0.506384 0.180493 0.039391 0.0231319
 0.277142 0.469292 0.171339 0.0610713 0.0211551
pobs_RECLAS
 0 0 0 0 0
 0 0 0 0 0
 0 0 0 0 0
 0 0 0 0 0
 0.835266 0.146461 0.0176864 0.000547809 3.91292e-05
 0.385257 0.428462 0.181853 0.0044286 0
 0.867414 0.0963971 0.0333333 0.00285562 0
 0.441836 0.489002 0.0689373 0.000224442 0
 0.779404 0.147425 0.0564933 0.0165055 0.000172143
 0.814271 0.122319 0.05973 0.00367925 0
 0.40263 0.566651 0.0304383 0.000280538 0
 0.475488 0.404961 0.113038 0.00651328 0
 0.955842 0.0263864 0.0167828 0.000988607 0
 0.975058 0.0227948 0.00214734 0 0
 0.738997 0.206755 0.0527124 0.00153531 0
 0.850938 0.134255 0.0134407 0.00136685 0
 0.542534 0.407297 0.0501686 0 0
 0.764087 0.199537 0.0359546 0.000420521 0
 0.470689 0.182191 0.310203 0.0369168 0
 0.84361 0.089868 0.0606195 0.00523954 0.000663233
 0.607945 0.314616 0.071237 0.00620181 0
 0.523733 0.453247 0.0230204 0 0
 0.530135 0.295979 0.169645 0.0042399 0
ppred_RECLAS
 0.735324 0.186257 0.070078 0.00833706 4.25441e-06
 0.715557 0.218496 0.0464078 0.0174607 0.00207832
 0.547821 0.336683 0.0887185 0.0188435 0.00793365
 0.698649 0.180957 0.0896431 0.0236216 0.00712953
 0.715059 0.201515 0.0500964 0.0248169 0.00851319
 0.523986 0.341137 0.0953873 0.0237132 0.0157768
 0.657932 0.185721 0.112047 0.03133 0.0129705
 0.587277 0.275956 0.0742562 0.0447992 0.0177125
 0.633753 0.223346 0.0955468 0.0257105 0.0216441
 0.600111 0.263013 0.0834698 0.0357081 0.0176975
 0.414329 0.363054 0.146419 0.0464673 0.0297308
 0.404837 0.271538 0.200613 0.0809067 0.0421048
 0.568924 0.191155 0.109462 0.0808708 0.0495882
 0.551929 0.281926 0.0736747 0.0421888 0.0502814
 0.657336 0.225163 0.0739317 0.0193203 0.0242492
 0.726566 0.20321 0.046144 0.0151512 0.00892894
 0.60295 0.300784 0.0715429 0.0162457 0.00847778
 0.616122 0.241942 0.107523 0.0255748 0.00883803
 0.614215 0.244782 0.0888685 0.0394946 0.0126403
 0.729397 0.170487 0.0635241 0.0230625 0.0135297
 0.668692 0.246069 0.0537023 0.0200097 0.0115263
 0.639947 0.243295 0.0867188 0.0189256 0.0111138
 0.671077 0.213543 0.0779646 0.0277893 0.00962622
pobs_PELACES
 0 0 0 0 0
 0 0 0 0 0
 0 0 0 0 0
 0 0 0 0 0
 0 0 0 0 0
 0 0 0 0 0
 0 0 0 0 0
 0 0 0 0 0
 0 0 0 0 0
 0 0 0 0 0
 0.450072 0.473896 0.0757376 0.000293798 0
 0 0 0 0 0
 0.463077 0.371075 0.160297 0.00555027 0
 0.529543 0.364841 0.0842815 0.0213345 0
 0.631943 0.363953 0.00410389 0 0
 0.735681 0.248677 0.0153453 0.000297389 0
 0.695825 0.281241 0.0229344 0 0
 0.275771 0.60734 0.115278 0.00161068 0
 0 0 0 0 0
 0.896147 0.0623911 0.0374545 0.00400742 0
 0.803859 0.145111 0.0509908 3.86294e-05 0
 0.739449 0.233085 0.0266225 0.000797448 4.60066e-05
 0.878498 0.100942 0.0204185 0.000141795 0
ppred_PELACES
 0.757319 0.170778 0.0642542 0.00764422 3.90085e-06
 0.734934 0.203612 0.0432465 0.0162712 0.00193675
 0.582776 0.310657 0.0818604 0.0173869 0.00732037
 0.704319 0.177552 0.0879565 0.0231772 0.00699539
 0.716111 0.20077 0.0499113 0.0247252 0.00848174
 0.536504 0.332166 0.0928788 0.0230896 0.015362
 0.665005 0.181881 0.10973 0.0306822 0.0127023
 0.602204 0.265974 0.0715704 0.0431788 0.0170719
 0.649651 0.213651 0.0913991 0.0245944 0.0207045
 0.613209 0.254399 0.0807358 0.0345385 0.0171179
 0.441891 0.345969 0.139528 0.0442806 0.0283316
 0.430211 0.259962 0.19206 0.0774573 0.0403097
 0.609054 0.17336 0.0992721 0.0733424 0.044972
 0.622489 0.23753 0.0620727 0.0355451 0.0423633
 0.715606 0.186874 0.0613595 0.0160348 0.0201255
 0.747286 0.187811 0.0426473 0.0140031 0.00825232
 0.621057 0.287067 0.0682803 0.0155048 0.00809116
 0.628294 0.23427 0.104114 0.0247639 0.00855779
 0.624679 0.238142 0.086458 0.0384234 0.0122975
 0.73824 0.164916 0.0614483 0.0223089 0.0130876
 0.673339 0.242618 0.0529492 0.0197291 0.0113647
 0.646078 0.239152 0.0852421 0.0186033 0.0109246
 0.6782 0.208918 0.0762763 0.0271876 0.00941777
pobs_pel_tallas
 0 0 0 0 0 0 0 0 0 0 0 0 0 0 0 0 0 0 0 0 0 0 0 0 0 0 0 0 0 0 0 0 0 0 0 0
 0 0 0 0 0 0 0 0 0 0 0 0 0 0 0 0 0 0 0 0 0 0 0 0 0 0 0 0 0 0 0 0 0 0 0 0
 0 0 0 0 0 0 0 0 0 0 0 0 0 0 0 0 0 0 0 0 0 0 0 0 0 0 0 0 0 0 0 0 0 0 0 0
 0 0 0 0 0 0 0 0 0 0 0 0 0 0 0 0 0 0 0 0 0 0 0 0 0 0 0 0 0 0 0 0 0 0 0 0
 0 0 0 0 0 0 0 0 0 0 0 0 0 0 0 0 0 0 0 0 0 0 0 0 0 0 0 0 0 0 0 0 0 0 0 0
 0 0 0 0 0 0 0 0 0 0 0 0 0 0 0 0 0 0 0 0 0 0 0 0 0 0 0 0 0 0 0 0 0 0 0 0
 0 0 0 0 0 0 0 0 0 0 0 0 0 0 0 0 0 0 0 0 0 0 0 0 0 0 0 0 0 0 0 0 0 0 0 0
 0 0 0 0 0 0 0 0 0 0 0 0 0 0 0 0 0 0 0 0 0 0 0 0 0 0 0 0 0 0 0 0 0 0 0 0
 0 0 0 0 0 0 0 0 0 0 0 0 0 0 0 0 0 0 0 0 0 0 0 0 0 0 0 0 0 0 0 0 0 0 0 0
 0 0 0 0 0 0 0 0 0 0 0 0 0 0 0 0 0 0 0 0 0 0 0 0 0 0 0 0 0 0 0 0 0 0 0 0
 0 0 0 0 0 0 0 0 1.78061e-05 0.00172719 0.00360574 0.0105946 0.0120993 0.0124554 0.0147524 0.0171206 0.0266825 0.0428682 0.0675386 0.121331 0.153587 0.119568 0.100827 0.0573624 0.0630603 0.0341343 0.0324427 0.0444173 0.0211091 0.0280891 0.0125444 0.00206551 0 0 0 0
 0 0 0 0 0 0 0 0 0 0 0 0 0 0 0 0 0 0 0 0 0 0 0 0 0 0 0 0 0 0 0 0 0 0 0 0
 0 0 0 0 0 0 0.0133647 0.0140871 0.0187388 0.0205184 0.03894 0.0496705 0.03968 0.0493445 0.0407372 0.0367815 0.0215668 0.0243155 0.0234873 0.0199281 0.019796 0.0243948 0.0301388 0.0376714 0.0412746 0.0863199 0.0771752 0.113111 0.0741005 0.0525337 0.0229764 0.00759418 0.00175318 0 0 0
 0 0 0 0 0 0 0 0 0 0 0.00219441 0.00772107 0.0458388 0.0604681 0.0671733 0.0775358 0.0609151 0.0617685 0.073594 0.0568108 0.0755445 0.0548602 0.0670107 0.0636378 0.0643287 0.046367 0.0373049 0.0286899 0.0247887 0.0153202 0.00654259 0.00121912 0.000365735 0 0 0
 0 0 0 0 0 0 0 0 0 0 0 0 0.000112435 0.00938835 0.0111873 0.0202946 0.0414886 0.0713402 0.111592 0.104902 0.108894 0.110636 0.117776 0.105296 0.107544 0.0401394 0.0192827 0.0124803 0.00416011 0.0028671 0.000618394 0 0 0 0 0
 0 0 0 0 0 0 0 0 0 0 0.00291406 0.0102884 0.027416 0.0768956 0.0749926 0.110853 0.0956884 0.0897413 0.0766577 0.0534642 0.0500743 0.0551293 0.0594112 0.0620874 0.0668451 0.0424026 0.0208742 0.0120726 0.0048766 0.00582813 0.00118941 0.000297354 0 0 0 0
 0 0.00264628 0.0354308 0.0461629 0.0458689 0.0383711 0.0214643 0.0164657 0.0346957 0.0420465 0.0363128 0.0245516 0.0311673 0.0291091 0.0169068 0.0133784 0.00837989 0.0085269 0.0148486 0.0160247 0.0276389 0.0546898 0.0760071 0.122758 0.109233 0.0665981 0.0333725 0.0166128 0.00676272 0.00308733 0.000882094 0 0 0 0 0
 0 0 0 0 0 0 0 0.000805153 0.000690131 0.00759144 0.0133425 0.0154129 0.00931677 0.000345066 0.00356568 0.00563607 0.00851162 0.0253048 0.0502646 0.0516448 0.0657925 0.0565908 0.0611916 0.0827007 0.0866115 0.110766 0.145733 0.0935128 0.0569358 0.0249597 0.0138026 0.00621118 0.00161031 0.00115022 0 0
 0 0 0 0 0 0 0 0 0 0 0 0 0 0 0 0 0 0 0 0 0 0 0 0 0 0 0 0 0 0 0 0 0 0 0 0
 0.00147267 0.00158595 0.00478618 0.00569244 0.00954404 0.0108468 0.00647125 0.017049 0.0510054 0.094081 0.124002 0.0959785 0.0687766 0.0820023 0.061753 0.0591476 0.0492212 0.0479892 0.0443925 0.0268479 0.0217502 0.0140895 0.0121071 0.0120363 0.00920419 0.00665534 0.0049561 0.00860946 0.00930331 0.0156896 0.0114698 0.00855282 0.00243557 0.00046729 0 2.83206e-05
 0 0 0 0 0.000772559 0.00158375 0.000888443 0.00281984 0.00712685 0.0440552 0.0773331 0.111326 0.0921469 0.0852325 0.0710754 0.0886704 0.0786465 0.0553345 0.0373146 0.0185414 0.00753245 0.00457741 0.012979 0.0271748 0.0457355 0.0583668 0.034881 0.0177882 0.00938659 0.00492506 0.0015258 0.00185414 0.000309023 5.79419e-05 3.86279e-05 0
 0 0.00173294 0.00326652 0 0.00397197 0.00683976 0.00946217 0.0152591 0.00757587 0.0136028 0.0228656 0.0392903 0.0559909 0.0764795 0.0681675 0.0726916 0.0566044 0.0477403 0.0527397 0.0444891 0.0609904 0.0582453 0.0661739 0.0445044 0.0529084 0.0360697 0.0280645 0.0235558 0.0158879 0.00826598 0.00280645 0.00217768 0.000904811 0.00058276 9.20147e-05 0
 0 0 0 0 0 0 0 0 0 0 0 0 0 0 0 0 0 0 0 0 0 0 0 0 0 0 0 0 0 0 0 0 0 0 0 0
ppred_pel_tallas
 1.01231e-16 3.30424e-05 0.000193933 0.000921873 0.00354926 0.011068 0.027957 0.0572037 0.0948215 0.127342 0.138573 0.12223 0.087493 0.051055 0.0247661 0.0108903 0.00582143 0.00531321 0.00676154 0.00901686 0.0115974 0.0141994 0.0165369 0.0183415 0.0194095 0.0196441 0.0190733 0.0178335 0.0161292 0.0141811 0.0121817 0.0102696 0.00852387 0.00697589 0.00562688 0.00446474
 1.0133e-16 3.20675e-05 0.000188207 0.000894643 0.00344441 0.0107411 0.0271311 0.0555142 0.0920219 0.123586 0.134494 0.118652 0.0849764 0.0496758 0.0242634 0.0109513 0.00625411 0.00605906 0.00783583 0.0104492 0.0133937 0.0163215 0.0188955 0.0208027 0.0218127 0.0218293 0.0209088 0.0192391 0.0170861 0.0147288 0.012403 0.0102687 0.00840508 0.00682631 0.00550708 0.00440686
 1.02203e-16 2.54371e-05 0.000149271 0.000709514 0.00273158 0.0085181 0.0215162 0.0440265 0.0729843 0.0980322 0.106722 0.0942388 0.0676831 0.0399522 0.0202346 0.0103546 0.00761814 0.00881574 0.0119507 0.0160694 0.0206421 0.0251964 0.0292284 0.0322594 0.0339326 0.0340922 0.032814 0.0303724 0.0271625 0.0236017 0.0200457 0.0167397 0.0138103 0.0112884 0.00914679 0.00733528
 1.0243e-16 3.07316e-05 0.000180366 0.000857372 0.00330092 0.0102936 0.0260008 0.0532013 0.0881876 0.118435 0.128886 0.113699 0.0814155 0.0475679 0.0231863 0.0103887 0.00583528 0.00558986 0.00724018 0.00971984 0.0125743 0.0155046 0.0182199 0.0204411 0.0219486 0.0226257 0.0224773 0.0216149 0.0202176 0.018483 0.016585 0.0146514 0.0127607 0.0109542 0.00925289 0.00767181
 1.0202e-16 3.12467e-05 0.000183388 0.000871734 0.00335621 0.010466 0.0264364 0.0540926 0.0896656 0.120422 0.131052 0.115618 0.0828083 0.0484192 0.0236703 0.0107197 0.0061746 0.00603147 0.00782879 0.0104641 0.0134475 0.0164415 0.019117 0.0211664 0.0223601 0.0225966 0.0219213 0.0205049 0.0185933 0.0164449 0.0142769 0.0122361 0.0103953 0.00876911 0.0073397 0.00607902
 1.02938e-16 2.34204e-05 0.000137429 0.00065321 0.00251479 0.00784204 0.0198086 0.0405327 0.067194 0.0902591 0.0982712 0.0868044 0.0624041 0.0369578 0.0189434 0.0100629 0.0078594 0.00939596 0.01284 0.0172998 0.0222513 0.0272017 0.0316167 0.0349854 0.0369248 0.037264 0.0360762 0.0336442 0.0303782 0.0267117 0.0230133 0.0195361 0.0164106 0.0136698 0.0112889 0.00922281
 1.03265e-16 2.90176e-05 0.000170303 0.000809528 0.0031167 0.00971913 0.0245498 0.0502324 0.0832669 0.111829 0.121701 0.107371 0.0769068 0.0449798 0.022012 0.0100128 0.00583967 0.00578696 0.00758499 0.0102297 0.0132876 0.0164641 0.0194656 0.0220046 0.0238493 0.0248666 0.025042 0.024466 0.0232968 0.0217135 0.0198767 0.0179076 0.0158867 0.0138658 0.0118835 0.00997709
 1.03385e-16 2.62824e-05 0.000154238 0.000733137 0.00282255 0.0088018 0.0222328 0.0454923 0.0754125 0.101289 0.110254 0.0973275 0.0698347 0.0410883 0.0205628 0.0101202 0.0069547 0.00773591 0.0104038 0.0140009 0.0180367 0.0221043 0.0257783 0.0286529 0.0304225 0.0309472 0.0302772 0.0286258 0.0263029 0.0236341 0.0208924 0.0182606 0.0158287 0.013616 0.0116046 0.0097684
 1.0318e-16 2.83493e-05 0.000166377 0.000790857 0.00304481 0.00949491 0.0239834 0.0490739 0.0813475 0.109254 0.118907 0.104925 0.0751967 0.0440636 0.0217196 0.0101418 0.00627301 0.00650041 0.00860287 0.0115799 0.0149709 0.0184363 0.0216316 0.0242254 0.0259599 0.0267034 0.0264716 0.0254084 0.0237366 0.0216975 0.0194992 0.0172885 0.0151488 0.013116 0.0112014 0.00941111
 1.03216e-16 2.67619e-05 0.000157053 0.000746525 0.0028741 0.00896256 0.0226388 0.046323 0.0767891 0.103136 0.112261 0.0990903 0.0710799 0.0417813 0.0208363 0.0101341 0.00681097 0.00747145 0.0100184 0.0134842 0.0173847 0.0213276 0.0249043 0.0277242 0.0294905 0.030063 0.0294825 0.0279454 0.025742 0.0231802 0.0205209 0.0179424 0.0155371 0.0133321 0.0113191 0.00948113
 1.04939e-16 1.92954e-05 0.00011321 0.000538069 0.00207146 0.00645954 0.0163166 0.0333879 0.0553519 0.0743595 0.0809797 0.0715771 0.0515586 0.0307394 0.016135 0.00918745 0.00791567 0.0099373 0.0137621 0.0186459 0.0241114 0.0296711 0.0347786 0.0388997 0.0416198 0.0427304 0.0422634 0.0404586 0.0376844 0.0343373 0.0307583 0.0271867 0.023756 0.0205204 0.0174926 0.0146756
 1.07357e-16 1.87827e-05 0.000110208 0.000523813 0.0020166 0.00628848 0.0158844 0.032503 0.0538828 0.07238 0.0788082 0.0696201 0.0500674 0.0296878 0.0152884 0.00824826 0.00661863 0.00807467 0.0111865 0.0152867 0.020006 0.0249955 0.0298574 0.0341845 0.037633 0.0399841 0.0411711 0.0412637 0.0404202 0.0388288 0.0366606 0.0340484 0.0310907 0.0278705 0.0244766 0.0210141
 1.06088e-16 2.65773e-05 0.000155978 0.000741427 0.0028545 0.00890147 0.0224844 0.0460065 0.0762622 0.102422 0.111467 0.0983479 0.0704582 0.041237 0.0202351 0.00929992 0.00556224 0.00563866 0.0074617 0.0101228 0.0132348 0.0165354 0.01976 0.0226459 0.0249759 0.0266163 0.0275336 0.0277796 0.0274583 0.0266842 0.0255513 0.0241211 0.0224289 0.0205016 0.0183763 0.0161112
 1.0416e-16 2.71657e-05 0.000159426 0.00075781 0.00291756 0.00909809 0.0229811 0.0470233 0.0779493 0.104693 0.11395 0.100569 0.0721135 0.0423349 0.0210121 0.010053 0.00654107 0.00702238 0.00936741 0.0126027 0.0162571 0.0199635 0.023345 0.0260436 0.0277892 0.0284567 0.0280876 0.0268641 0.0250505 0.0229215 0.0207021 0.0185369 0.0164898 0.0145666 0.0127461 0.0110073
 1.02424e-16 3.12241e-05 0.000183257 0.000871113 0.00335382 0.0104586 0.0264175 0.054054 0.0896012 0.120334 0.130953 0.115524 0.0827264 0.0483411 0.0235763 0.0105837 0.00596895 0.00572979 0.00740944 0.0099155 0.0127747 0.0156709 0.018299 0.020371 0.0216689 0.0220895 0.0216632 0.0205343 0.0189167 0.0170371 0.0150876 0.0131995 0.0114406 0.00983032 0.00836176 0.0070213
 1.01534e-16 3.26055e-05 0.000191367 0.000909669 0.00350227 0.0109215 0.0275869 0.0564466 0.0935669 0.125659 0.136746 0.120628 0.0863677 0.0504416 0.0245489 0.0109306 0.00603451 0.0056737 0.0072757 0.00969512 0.0124367 0.0151737 0.0175955 0.0194134 0.0204145 0.0205079 0.0197427 0.0182871 0.0163813 0.0142765 0.0121849 0.0102495 0.00854074 0.00707098 0.00581827 0.00474851
 1.01974e-16 2.71054e-05 0.000159067 0.000756092 0.00291092 0.00907739 0.0229289 0.0469168 0.0777741 0.104462 0.11371 0.100384 0.0720393 0.0424088 0.0212662 0.0105345 0.00732144 0.00819051 0.0110099 0.0147777 0.0189667 0.0231304 0.0268017 0.0295391 0.031016 0.031093 0.0298456 0.0275338 0.0245287 0.0212206 0.0179405 0.0149145 0.0122566 0.00999022 0.00808381 0.00648432
 1.02806e-16 2.74189e-05 0.000160912 0.000764875 0.00294476 0.00918292 0.0231954 0.0474617 0.0786759 0.105668 0.115011 0.101504 0.0727806 0.0427197 0.0211913 0.0101203 0.0065634 0.00703596 0.00939163 0.0126525 0.0163482 0.0201124 0.0235657 0.0263417 0.0281553 0.028861 0.028477 0.0271646 0.0251752 0.0227826 0.0202266 0.0176803 0.0152464 0.0129726 0.0108758 0.00896206
 1.032e-16 2.72614e-05 0.000159987 0.000760476 0.00292782 0.0091301 0.023062 0.0471887 0.0782236 0.105061 0.114352 0.100924 0.0723699 0.0424889 0.0210956 0.0101054 0.00659305 0.00709429 0.00947386 0.0127562 0.0164688 0.0202412 0.0236906 0.0264498 0.0282363 0.0289113 0.028503 0.0271836 0.0252135 0.022871 0.0203943 0.0179486 0.0156239 0.0134531 0.0114392 0.00957812
 1.02305e-16 3.22101e-05 0.000189048 0.000898648 0.00345985 0.0107892 0.0272527 0.0557626 0.0924326 0.124134 0.135082 0.119151 0.0852887 0.0497689 0.0241428 0.0106183 0.0056814 0.00519522 0.00662514 0.00885607 0.0114255 0.0140452 0.0164445 0.0183681 0.0196203 0.0201044 0.0198393 0.0189433 0.0175958 0.0159885 0.0142856 0.0126006 0.0109953 0.00949243 0.00809392 0.00679727
 1.0204e-16 2.93833e-05 0.000172445 0.000819699 0.00315585 0.00984117 0.0248581 0.0508637 0.0843149 0.113241 0.123249 0.108765 0.0779673 0.0457235 0.0226039 0.0106618 0.0067302 0.00706076 0.00933938 0.0125066 0.0160522 0.0195849 0.0227092 0.0250538 0.0263445 0.026465 0.0254794 0.0236061 0.021155 0.0184508 0.0157663 0.0132849 0.0110956 0.0092125 0.00760572 0.00623021
 1.02438e-16 2.81945e-05 0.000165466 0.000786521 0.0030281 0.00944281 0.0238519 0.0488049 0.0809024 0.108658 0.118265 0.104372 0.0748313 0.0439112 0.0217588 0.0103504 0.00665503 0.00708419 0.0094251 0.0126667 0.0163209 0.0200091 0.0233425 0.0259498 0.0275482 0.0280031 0.0273519 0.0257809 0.0235681 0.0210116 0.0183678 0.0158172 0.013459 0.0113286 0.00942386 0.00772966
 1.02526e-16 2.95939e-05 0.000173684 0.000825599 0.00317857 0.00991206 0.0250371 0.0512297 0.0849207 0.114051 0.124124 0.109519 0.0784682 0.0459382 0.0225639 0.0104008 0.00624805 0.00632537 0.00830856 0.0111531 0.0143849 0.017664 0.0206505 0.0230207 0.0245267 0.0250478 0.024611 0.0233715 0.0215626 0.0194348 0.0172028 0.0150171 0.0129604 0.0110633 0.00932752 0.00774667
pSPR Fmed_Fpbrs
0.692384   0.33805 0.33805
Fs Fmed_Fpbrs
0.233507   1.005 1.005
SSBpbr Bo_Bmed_Bpbrs
1.26417e+06  812085  364145 364145
Ro
53782.7
SPR SPRFo_SPRFmed_SPRFpbrs
1.10844e+06 767463 374706
log_Ro
10.7127
likeval ReclasPelacesDesembMPH_pf_preclas_ppelaces_ptallas_desvR_qrecl_qpela
 64.6797 26.8021 0.0170564 0.00134584 275.654 177.419 65.4852 0 14.4412 8.00047e-05 0 0 0 0 0
q_reclas_q_pelaces
0.281541 1
M
0.7
N
 51195.1 15464.9 5818.59 692.227 0.353244
 66182.9 23418 4973.91 1871.4 222.751
 40240.7 30682.3 8085.02 1717.23 723.003
 66965.7 18071.1 8952.15 2358.96 711.985
 114860 32624 8110.28 4017.7 1378.23
 80890 56829.6 15890.5 3950.36 2628.25
 130917 38767.2 23388.5 6539.79 2707.45
 123180 63576.3 17107.6 10321.1 4080.72
 149609 58549.7 25047.4 6739.94 5673.94
 148546 70750.2 22453.2 9605.43 4760.6
 68278.3 70958.9 28617.5 9082.04 5810.87
 39856 31312.5 23133.7 9329.76 4855.32
 42558 18384.8 10527.8 7777.97 4769.28
 23653.5 18796.2 4911.92 2812.75 3352.28
 18498.2 9558.27 3138.43 820.154 1029.39
 23058.3 7583.22 1721.97 565.403 333.203
 18960.5 10617.1 2525.33 573.442 299.25
 21004.8 8921.51 3964.86 943.062 325.899
 23591.2 10055.9 3650.81 1622.48 519.277
 45352.8 11353.3 4230.28 1535.81 900.987
 57414.7 21812.4 4760.36 1773.73 1021.74
 70956.6 28090.4 10012.4 2185.11 1283.18
 103449 34577.2 12624.2 4499.69 1558.69
pred_Ctot
 2917.12 4017.19 1511.44 179.814 0.091759
 3174.28 5240.68 1113.1 418.799 49.8492
 2784.81 9381.39 2472.07 525.059 221.065
 913.727 1257.99 623.187 164.214 49.5635
 301.402 449.593 111.768 55.3683 18.9935
 2033.99 7074.41 1978.12 491.758 327.177
 2081.19 3125.66 1885.73 527.28 218.292
 3803.52 9574.44 2576.36 1554.33 614.547
 5146.33 9733.3 4163.88 1120.45 943.237
 4073.79 9548.75 3030.38 1296.39 642.511
 3773.29 17956.1 7241.62 2298.2 1470.43
 2046.49 7436.66 5494.22 2215.8 1153.13
 3408.23 6327.42 3623.31 2676.91 1641.42
 3206.16 9534.35 2491.57 1426.77 1700.45
 2346.88 4635.84 1522.16 397.781 499.261
 1212.07 1837.96 417.356 137.038 80.759
 717.65 1924.75 457.811 103.958 54.2503
 543.943 1141.52 507.31 120.666 41.6992
 524.908 1116.08 405.197 180.076 57.6336
 1028.86 1283.28 478.157 173.596 101.84
 610.135 1191.99 260.141 96.9296 55.8351
 955.182 1930.13 687.965 150.142 88.1692
 1688.84 2859.76 1044.1 372.155 128.914
F
 0.0821392 0.434369 0.434369 0.434369 0.434369
 0.0687365 0.363492 0.363492 0.363492 0.363492
 0.100562 0.531792 0.531792 0.531792 0.531792
 0.0191339 0.101184 0.101184 0.101184 0.101184
 0.0036547 0.0193268 0.0193268 0.0193268 0.0193268
 0.035516 0.187816 0.187816 0.187816 0.187816
 0.0223236 0.118052 0.118052 0.118052 0.118052
 0.0437712 0.231471 0.231471 0.231471 0.231471
 0.0488712 0.258441 0.258441 0.258441 0.258441
 0.0387912 0.205136 0.205136 0.205136 0.205136
 0.0795752 0.42081 0.42081 0.42081 0.42081
 0.0737483 0.389996 0.389996 0.389996 0.389996
 0.117216 0.61986 0.61986 0.61986 0.61986
 0.206106 1.08993 1.08993 1.08993 1.08993
 0.191736 1.01394 1.01394 1.01394 1.01394
 0.0755578 0.399565 0.399565 0.399565 0.399565
 0.053893 0.284997 0.284997 0.284997 0.284997
 0.036594 0.193516 0.193516 0.193516 0.193516
 0.0313697 0.16589 0.16589 0.16589 0.16589
 0.0319925 0.169183 0.169183 0.169183 0.169183
 0.014874 0.0786566 0.0786566 0.0786566 0.0786566
 0.0188748 0.099814 0.099814 0.099814 0.099814
 0.0229314 0.121266 0.121266 0.121266 0.121266
YTP_r0W_actual
 11146.4 69206.3 34873 16226 7064.51
YTP_p0W_proyectada
 42073.6 532718 231804 111146 65839.7
CTP_r0_actual
 1688.84 2859.76 1044.1 372.155 128.914
CTP_p0_proyectada
 5130.93 24214.5 7335.57 2678.22 1374.52
Wmedp
 8.2 22 31.6 41.5 47.9
nmprior
 10 11 7 0
nm_flota  nm_reclas  nm_pelaces    nm_pelaL
inf 13.9902 17.3162 23.0302
cv_recla  cv_pelaces  cv_mph
0.762966 0.63406 1.19024
 ------------------------------------------------
Talla a la edad & desviaci?n 
 7.2 14.2025 17.0495 18.207 18.6776
 1.08 2.13037 2.55742 2.73105 2.80164
