years
 1997 1998 1999 2000 2001 2002 2003 2004 2005 2006 2007 2008 2009 2010 2011 2012 2013 2014 2015 2016 2017 2018 2019 2020
reclasobs
 0 0 0 370054 412103 1.49427e+06 250295 1.28982e+06 931140 785840 897777 1.04006e+06 184774 17550 25797 100020 73551 82996 120727 218422 84188 347160 605670 569463
reclaspred
 488049 125848 320877 221723 358512 437477 956978 653115 737970 762311 646718 450011 277389 114729 68454.7 65224.6 78436.9 105118 112804 155268 235331 223687 386095 459828
pelacesobs
 0 0 0 0 0 0 0 0 0 2.06254e+06 1.5e+06 0 1.87456e+06 323000 250000 174000 83755 137374 0 501740 490994 745055 786931 1.00524e+06
pelacespred
 1.95046e+06 447285 675708 754901 1.07369e+06 1.05602e+06 2.65368e+06 2.16293e+06 2.19113e+06 2.30105e+06 1.70344e+06 1.23553e+06 736486 236218 142580 150795 190588 269050 293378 393657 692888 643463 856847 1.20401e+06
mphobs
 0 0 0 0 0 112323 0 153150 637223 0 255016 313432 73983 77613 109348 50772 0 0 0 0 0 0 0 0
mphpred
 179174 98605.4 109715 107468 125546 212030 300482 369234 316617 338532 356673 251234 157752 81778.1 34917.6 27915.8 31376.4 41337.4 51599.1 58578.5 89256.3 110291 138851 193765
desembarqueobs
 350755 77701 442110 56441 14545 235359 269955 359681 431902 328805 639364 411747 362871 311530 167758 66681 60226 58785 57116 71774 51957 67425 138520 160799
desembarquepred
 350761 77699.4 442090 56443.9 14545.3 235433 270016 359669 431941 328811 639309 411778 362935 311621 167584 66677.4 60252.9 58778.4 57101.1 71771.4 51959.8 67415.5 138521 160806
Reclutas
 36486.5 44340.7 23014.4 34994.8 61553.2 43051.2 77738 75731.3 98811.7 117924 66649.3 45847.9 45757.4 24884.6 14497.9 13363.7 10126 11571.6 12421.7 20259.1 26562 34689.8 54402.8 56835.6
log_desv_Rt
 0.0348852 0.229845 -0.425936 -0.00685874 0.557844 0.200332 0.791287 0.765134 1.03116 1.20799 0.637387 0.263272 0.261296 -0.347809 -0.888054 -0.969517 -1.24695 -1.1135 -1.04262 -0.553454 -0.282575 -0.0156132 0.434358 0.478106
SSB
 451594 248528 276528 270865 316428 534406 757342 930628 798009 853245 898968 633218 397603 206116 88007.2 70359.6 79081.9 104188 130052 147643 224964 277979 349964 488372
BT
 1.55109e+06 378446 661667 494432 640047 750866 1.80133e+06 1.64907e+06 1.71402e+06 1.66459e+06 1.54011e+06 1.07408e+06 788379 430685 227601 144835 162544 205933 213086 289950 449259 414631 576820 811085
Ftot
 0.952623 0.870935 1.49798 0.317682 0.0551587 0.522311 0.332097 0.658982 0.747528 0.552716 1.02015 0.895863 1.4324 2.83175 3.2529 1.38299 1.01428 0.695659 0.56309 0.579388 0.275622 0.327406 0.389052 0.392207
BD_Bspro_t
 0.911176 0.640765 0.5625 0.382635 0.547029 0.723119 0.668635 0.685041 0.617202 0.5882 0.570155 0.411812 0.308147 0.208289 0.112789 0.111558 0.166767 0.272517 0.373439 0.462905 0.595793 0.703688 0.715625 0.719317
BD_Bspro
 0.622954 0.342833 0.381459 0.373647 0.436499 0.73719 1.04472 1.28376 1.10082 1.17701 1.24009 0.873496 0.548476 0.284328 0.121402 0.097058 0.10909 0.143722 0.179401 0.203667 0.310328 0.38346 0.48276 0.673687
BD_Bo
 0.516835 0.284432 0.316478 0.309997 0.362142 0.611611 0.866754 1.06507 0.913296 0.976513 1.02884 0.724698 0.455045 0.235893 0.100721 0.0805244 0.0905068 0.11924 0.14884 0.168973 0.257464 0.318138 0.400522 0.558926
BD_Brms
 1.43775 0.791243 0.880389 0.86236 1.00742 1.7014 2.41117 2.96286 2.54064 2.7165 2.86206 2.01599 1.26586 0.656215 0.280191 0.224005 0.251775 0.331705 0.414049 0.470054 0.716223 0.885009 1.11419 1.55484
S_f
 0.107089 0.695004 0.977425 0.998786 0.999936
 0.107089 0.695004 0.977425 0.998786 0.999936
 0.107089 0.695004 0.977425 0.998786 0.999936
 0.107089 0.695004 0.977425 0.998786 0.999936
 0.107089 0.695004 0.977425 0.998786 0.999936
 0.107089 0.695004 0.977425 0.998786 0.999936
 0.107089 0.695004 0.977425 0.998786 0.999936
 0.107089 0.695004 0.977425 0.998786 0.999936
 0.107089 0.695004 0.977425 0.998786 0.999936
 0.107089 0.695004 0.977425 0.998786 0.999936
 0.107089 0.695004 0.977425 0.998786 0.999936
 0.107089 0.695004 0.977425 0.998786 0.999936
 0.107089 0.695004 0.977425 0.998786 0.999936
 0.107089 0.695004 0.977425 0.998786 0.999936
 0.107089 0.695004 0.977425 0.998786 0.999936
 0.107089 0.695004 0.977425 0.998786 0.999936
 0.107089 0.695004 0.977425 0.998786 0.999936
 0.107089 0.695004 0.977425 0.998786 0.999936
 0.107089 0.695004 0.977425 0.998786 0.999936
 0.107089 0.695004 0.977425 0.998786 0.999936
 0.107089 0.695004 0.977425 0.998786 0.999936
 0.107089 0.695004 0.977425 0.998786 0.999936
 0.107089 0.695004 0.977425 0.998786 0.999936
 0.107089 0.695004 0.977425 0.998786 0.999936
Scru_reclas
 0.733264 0.947734 0.991709 0.998734 0.999808
 0.733264 0.947734 0.991709 0.998734 0.999808
 0.733264 0.947734 0.991709 0.998734 0.999808
 0.733264 0.947734 0.991709 0.998734 0.999808
 0.733264 0.947734 0.991709 0.998734 0.999808
 0.733264 0.947734 0.991709 0.998734 0.999808
 0.733264 0.947734 0.991709 0.998734 0.999808
 0.733264 0.947734 0.991709 0.998734 0.999808
 0.733264 0.947734 0.991709 0.998734 0.999808
 0.733264 0.947734 0.991709 0.998734 0.999808
 0.733264 0.947734 0.991709 0.998734 0.999808
 0.733264 0.947734 0.991709 0.998734 0.999808
 0.733264 0.947734 0.991709 0.998734 0.999808
 0.733264 0.947734 0.991709 0.998734 0.999808
 0.733264 0.947734 0.991709 0.998734 0.999808
 0.733264 0.947734 0.991709 0.998734 0.999808
 0.733264 0.947734 0.991709 0.998734 0.999808
 0.733264 0.947734 0.991709 0.998734 0.999808
 0.733264 0.947734 0.991709 0.998734 0.999808
 0.733264 0.947734 0.991709 0.998734 0.999808
 0.733264 0.947734 0.991709 0.998734 0.999808
 0.733264 0.947734 0.991709 0.998734 0.999808
 0.733264 0.947734 0.991709 0.998734 0.999808
 0.733264 0.947734 0.991709 0.998734 0.999808
Scru_pelaces
 0.720712 1 1 1 1
 0.720712 1 1 1 1
 0.720712 1 1 1 1
 0.720712 1 1 1 1
 0.720712 1 1 1 1
 0.720712 1 1 1 1
 0.720712 1 1 1 1
 0.720712 1 1 1 1
 0.720712 1 1 1 1
 0.720712 1 1 1 1
 0.720712 1 1 1 1
 0.720712 1 1 1 1
 0.720712 1 1 1 1
 0.720712 1 1 1 1
 0.720712 1 1 1 1
 0.720712 1 1 1 1
 0.720712 1 1 1 1
 0.720712 1 1 1 1
 0.720712 1 1 1 1
 0.720712 1 1 1 1
 0.720712 1 1 1 1
 0.720712 1 1 1 1
 0.720712 1 1 1 1
 0.720712 1 1 1 1
pf_obs 
 0.256992 0.487395 0.22802 0.0275931 0
 0.321318 0.546541 0.124235 0.00734118 0.000564706
 0.182869 0.594174 0.210203 0.0122559 0.00049798
 0.330522 0.361315 0.267642 0.0388342 0.00168674
 0.649043 0.306663 0.0425973 0.00169635 0
 0.582887 0.30429 0.105238 0.00758474 0
 0.465427 0.430635 0.0974691 0.00646863 0
 0.296916 0.608066 0.0921331 0.00288517 0
 0.311714 0.524322 0.152257 0.0117073 0
 0.15457 0.633149 0.183074 0.0267441 0.00246327
 0.131901 0.49318 0.331252 0.0422183 0.00144891
 0.196976 0.569456 0.194076 0.0375587 0.00193317
 0.518974 0.381816 0.0799577 0.0180837 0.00116848
 0.0928022 0.601141 0.25162 0.0475244 0.00691264
 0.122501 0.610282 0.24278 0.0234846 0.000952079
 0.383417 0.481906 0.127806 0.00687128 0
 0.0376549 0.599619 0.316969 0.0457579 0
 0.0361596 0.667082 0.258105 0.0386534 0
 0.158088 0.579412 0.248529 0.0139706 0
 0.0477256 0.309471 0.559284 0.082774 0.000745712
 0.0406174 0.521527 0.379366 0.0568643 0.0016247
 0.151134 0.462217 0.34131 0.0453401 0
 0.294876 0.26143 0.354403 0.0886775 0.000613685
 0.281977 0.475581 0.204845 0.0348837 0.00271318
pf_pred 
 0.306274 0.474348 0.195943 0.0234214 1.29025e-05
 0.287177 0.556287 0.122159 0.0308139 0.0035632
 0.159923 0.638885 0.171568 0.023283 0.00634042
 0.276211 0.460019 0.225057 0.0332173 0.00549669
 0.283258 0.49453 0.159416 0.0537709 0.00902443
 0.145417 0.584568 0.204517 0.0472736 0.0182246
 0.251755 0.390565 0.274173 0.0636732 0.0198342
 0.202348 0.548813 0.153314 0.0736516 0.0218738
 0.25107 0.480892 0.207869 0.0374928 0.0226761
 0.246453 0.535215 0.161472 0.0444023 0.0124578
 0.141476 0.594764 0.208334 0.0412913 0.014134
 0.145803 0.492567 0.285803 0.0603308 0.0154954
 0.221266 0.464735 0.216759 0.0773834 0.0198564
 0.215009 0.603899 0.132474 0.0339958 0.0146223
 0.285757 0.603391 0.0991365 0.00872286 0.00299234
 0.333122 0.594657 0.0677247 0.00405218 0.000444175
 0.220944 0.634715 0.13517 0.00862128 0.000549586
 0.243178 0.518171 0.209878 0.0270033 0.00176968
 0.222586 0.539064 0.184092 0.047886 0.00637134
 0.289579 0.466371 0.189336 0.0425272 0.0121861
 0.252819 0.544466 0.15107 0.0403193 0.0113248
 0.230449 0.508132 0.208082 0.0399931 0.0133432
 0.263649 0.474182 0.194012 0.0545265 0.0136303
 0.204834 0.548957 0.179326 0.049826 0.0170577
pobs_RECLAS
 0 0 0 0 0
 0 0 0 0 0
 0 0 0 0 0
 0 0 0 0 0
 0.835266 0.146461 0.0176864 0.000547809 3.91292e-05
 0.385257 0.428462 0.181853 0.0044286 0
 0.867414 0.0963971 0.0333333 0.00285562 0
 0.441836 0.489002 0.0689373 0.000224442 0
 0.779404 0.147425 0.0564933 0.0165055 0.000172143
 0.814271 0.122319 0.05973 0.00367925 0
 0.40263 0.566651 0.0304383 0.000280538 0
 0.475488 0.404961 0.113038 0.00651328 0
 0.955842 0.0263864 0.0167828 0.000988607 0
 0.975058 0.0227948 0.00214734 0 0
 0.738997 0.206755 0.0527124 0.00153531 0
 0.850938 0.134255 0.0134407 0.00136685 0
 0.542534 0.407297 0.0501686 0 0
 0.764087 0.199537 0.0359546 0.000420521 0
 0.470689 0.182191 0.310203 0.0369168 0
 0.84361 0.089868 0.0606195 0.00523954 0.000663233
 0.607945 0.314616 0.071237 0.00620181 0
 0.523733 0.453247 0.0230204 0 0
 0.530135 0.295979 0.169645 0.0042399 0
 0.562478 0.366248 0.0663022 0.0049721 0
ppred_RECLAS
 0.71882 0.21101 0.0627892 0.00737712 4.06305e-06
 0.692492 0.255666 0.0406069 0.0100714 0.00116438
 0.530775 0.384937 0.0720884 0.00958959 0.00261047
 0.682173 0.223401 0.0807451 0.0117387 0.00194227
 0.683783 0.237287 0.0568588 0.0188998 0.00317172
 0.4886 0.38229 0.0981628 0.0223375 0.00861022
 0.662125 0.201847 0.104637 0.0239352 0.007455
 0.589554 0.308836 0.0629901 0.0297771 0.00884208
 0.65937 0.242625 0.0762851 0.0135354 0.00818492
 0.646132 0.272658 0.0603069 0.0163242 0.00457939
 0.489106 0.387872 0.0975284 0.0189942 0.00650016
 0.504407 0.324237 0.135907 0.0282056 0.00724284
 0.639438 0.245214 0.0801096 0.0280445 0.00719365
 0.657045 0.289344 0.0395281 0.00984994 0.00423295
 0.742507 0.232149 0.0227435 0.00193626 0.000663515
 0.737896 0.241517 0.0193283 0.00113434 0.000124298
 0.613287 0.33248 0.0508428 0.00318657 0.000203088
 0.645883 0.265236 0.078317 0.00991422 0.000649627
 0.616456 0.289933 0.0725611 0.0185789 0.00247162
 0.698412 0.218241 0.0648909 0.0143463 0.00411028
 0.649071 0.275383 0.0565149 0.0148583 0.00417296
 0.625963 0.271276 0.082047 0.0155323 0.00518159
 0.668651 0.23567 0.0710857 0.0196752 0.00491772
 0.588925 0.309254 0.0744683 0.0203769 0.00697512
pobs_PELACES
 0 0 0 0 0
 0 0 0 0 0
 0 0 0 0 0
 0 0 0 0 0
 0 0 0 0 0
 0 0 0 0 0
 0 0 0 0 0
 0 0 0 0 0
 0 0 0 0 0
 0 0 0 0 0
 0.450072 0.473896 0.0757376 0.000293798 0
 0 0 0 0 0
 0.463077 0.371075 0.160297 0.00555027 0
 0.529543 0.364841 0.0842815 0.0213345 0
 0.631943 0.363953 0.00410389 0 0
 0.735681 0.248677 0.0153453 0.000297389 0
 0.695825 0.281241 0.0229344 0 0
 0.275771 0.60734 0.115278 0.00161068 0
 0 0 0 0 0
 0.896147 0.0623911 0.0374545 0.00400742 0
 0.803859 0.145111 0.0509908 3.86294e-05 0
 0.739449 0.233085 0.0266225 0.000797448 4.60066e-05
 0.878498 0.100942 0.0204185 0.000141795 0
 0.694673 0.275183 0.0284847 0.00165964 0
ppred_PELACES
 0.747371 0.195778 0.0509438 0.00590352 3.24678e-06
 0.717175 0.240056 0.0335962 0.00822331 0.000949384
 0.592458 0.34493 0.0536881 0.00701715 0.00190707
 0.684933 0.226404 0.0759204 0.0109352 0.00180716
 0.673452 0.248215 0.0565485 0.0186572 0.00312758
 0.50208 0.381079 0.0890699 0.0200518 0.00771935
 0.667554 0.204833 0.0983839 0.0222942 0.00693554
 0.609557 0.301652 0.0552943 0.0258349 0.00766132
 0.682889 0.233337 0.0653932 0.0114607 0.00692091
 0.659349 0.26832 0.0538682 0.0144225 0.00404071
 0.528992 0.369479 0.0807318 0.0155005 0.0052968
 0.540928 0.313725 0.115603 0.0236731 0.00607036
 0.697451 0.217461 0.0594081 0.0204436 0.00523549
 0.763493 0.208372 0.0208937 0.00506767 0.00217312
 0.83873 0.149767 0.0103549 0.000855517 0.000292491
 0.776457 0.208619 0.0140257 0.000809424 8.85528e-05
 0.64693 0.30925 0.0411171 0.00254065 0.000161686
 0.666384 0.256685 0.0678842 0.00849133 0.000555649
 0.630976 0.285611 0.0648176 0.0164142 0.00218083
 0.71266 0.213649 0.0575175 0.0125752 0.00359821
 0.648586 0.280028 0.0535271 0.0139467 0.00391231
 0.629084 0.274661 0.0770015 0.0144412 0.00481183
 0.674852 0.23678 0.065823 0.0180408 0.00450373
 0.595072 0.310878 0.0689721 0.0186885 0.00638934
pobs_pel_tallas
 0 0 0 0 0 0 0 0 0 0 0 0 0 0 0 0 0 0 0 0 0 0 0 0 0 0 0 0 0 0 0 0 0 0 0 0
 0 0 0 0 0 0 0 0 0 0 0 0 0 0 0 0 0 0 0 0 0 0 0 0 0 0 0 0 0 0 0 0 0 0 0 0
 0 0 0 0 0 0 0 0 0 0 0 0 0 0 0 0 0 0 0 0 0 0 0 0 0 0 0 0 0 0 0 0 0 0 0 0
 0 0 0 0 0 0 0 0 0 0 0 0 0 0 0 0 0 0 0 0 0 0 0 0 0 0 0 0 0 0 0 0 0 0 0 0
 0 0 0 0 0 0 0 0 0 0 0 0 0 0 0 0 0 0 0 0 0 0 0 0 0 0 0 0 0 0 0 0 0 0 0 0
 0 0 0 0 0 0 0 0 0 0 0 0 0 0 0 0 0 0 0 0 0 0 0 0 0 0 0 0 0 0 0 0 0 0 0 0
 0 0 0 0 0 0 0 0 0 0 0 0 0 0 0 0 0 0 0 0 0 0 0 0 0 0 0 0 0 0 0 0 0 0 0 0
 0 0 0 0 0 0 0 0 0 0 0 0 0 0 0 0 0 0 0 0 0 0 0 0 0 0 0 0 0 0 0 0 0 0 0 0
 0 0 0 0 0 0 0 0 0 0 0 0 0 0 0 0 0 0 0 0 0 0 0 0 0 0 0 0 0 0 0 0 0 0 0 0
 0 0 0 0 0 0 0 0 0 0 0 0 0 0 0 0 0 0 0 0 0 0 0 0 0 0 0 0 0 0 0 0 0 0 0 0
 0 0 0 0 0 0 0 0 1.78061e-05 0.00172719 0.00360574 0.0105946 0.0120993 0.0124554 0.0147524 0.0171206 0.0266825 0.0428682 0.0675386 0.121331 0.153587 0.119568 0.100827 0.0573624 0.0630603 0.0341343 0.0324427 0.0444173 0.0211091 0.0280891 0.0125444 0.00206551 0 0 0 0
 0 0 0 0 0 0 0 0 0 0 0 0 0 0 0 0 0 0 0 0 0 0 0 0 0 0 0 0 0 0 0 0 0 0 0 0
 0 0 0 0 0 0 0.0133647 0.0140871 0.0187388 0.0205184 0.03894 0.0496705 0.03968 0.0493445 0.0407372 0.0367815 0.0215668 0.0243155 0.0234873 0.0199281 0.019796 0.0243948 0.0301388 0.0376714 0.0412746 0.0863199 0.0771752 0.113111 0.0741005 0.0525337 0.0229764 0.00759418 0.00175318 0 0 0
 0 0 0 0 0 0 0 0 0 0 0.00219441 0.00772107 0.0458388 0.0604681 0.0671733 0.0775358 0.0609151 0.0617685 0.073594 0.0568108 0.0755445 0.0548602 0.0670107 0.0636378 0.0643287 0.046367 0.0373049 0.0286899 0.0247887 0.0153202 0.00654259 0.00121912 0.000365735 0 0 0
 0 0 0 0 0 0 0 0 0 0 0 0 0.000112435 0.00938835 0.0111873 0.0202946 0.0414886 0.0713402 0.111592 0.104902 0.108894 0.110636 0.117776 0.105296 0.107544 0.0401394 0.0192827 0.0124803 0.00416011 0.0028671 0.000618394 0 0 0 0 0
 0 0 0 0 0 0 0 0 0 0 0.00291406 0.0102884 0.027416 0.0768956 0.0749926 0.110853 0.0956884 0.0897413 0.0766577 0.0534642 0.0500743 0.0551293 0.0594112 0.0620874 0.0668451 0.0424026 0.0208742 0.0120726 0.0048766 0.00582813 0.00118941 0.000297354 0 0 0 0
 0 0.00264628 0.0354308 0.0461629 0.0458689 0.0383711 0.0214643 0.0164657 0.0346957 0.0420465 0.0363128 0.0245516 0.0311673 0.0291091 0.0169068 0.0133784 0.00837989 0.0085269 0.0148486 0.0160247 0.0276389 0.0546898 0.0760071 0.122758 0.109233 0.0665981 0.0333725 0.0166128 0.00676272 0.00308733 0.000882094 0 0 0 0 0
 0 0 0 0 0 0 0 0.000805153 0.000690131 0.00759144 0.0133425 0.0154129 0.00931677 0.000345066 0.00356568 0.00563607 0.00851162 0.0253048 0.0502646 0.0516448 0.0657925 0.0565908 0.0611916 0.0827007 0.0866115 0.110766 0.145733 0.0935128 0.0569358 0.0249597 0.0138026 0.00621118 0.00161031 0.00115022 0 0
 0 0 0 0 0 0 0 0 0 0 0 0 0 0 0 0 0 0 0 0 0 0 0 0 0 0 0 0 0 0 0 0 0 0 0 0
 0.00147267 0.00158595 0.00478618 0.00569244 0.00954404 0.0108468 0.00647125 0.017049 0.0510054 0.094081 0.124002 0.0959785 0.0687766 0.0820023 0.061753 0.0591476 0.0492212 0.0479892 0.0443925 0.0268479 0.0217502 0.0140895 0.0121071 0.0120363 0.00920419 0.00665534 0.0049561 0.00860946 0.00930331 0.0156896 0.0114698 0.00855282 0.00243557 0.00046729 0 2.83206e-05
 0 0 0 0 0.000772559 0.00158375 0.000888443 0.00281984 0.00712685 0.0440552 0.0773331 0.111326 0.0921469 0.0852325 0.0710754 0.0886704 0.0786465 0.0553345 0.0373146 0.0185414 0.00753245 0.00457741 0.012979 0.0271748 0.0457355 0.0583668 0.034881 0.0177882 0.00938659 0.00492506 0.0015258 0.00185414 0.000309023 5.79419e-05 3.86279e-05 0
 0 0.00173294 0.00326652 0 0.00397197 0.00683976 0.00946217 0.0152591 0.00757587 0.0136028 0.0228656 0.0392903 0.0559909 0.0764795 0.0681675 0.0726916 0.0566044 0.0477403 0.0527397 0.0444891 0.0609904 0.0582453 0.0661739 0.0445044 0.0529084 0.0360697 0.0280645 0.0235558 0.0158879 0.00826598 0.00280645 0.00217768 0.000904811 0.00058276 9.20147e-05 0
 0 0 0 0 0 0 0 0 0 0 0 0 0 0 0 0 0 0 0 0 0 0 0 0 0 0 0 0 0 0 0 0 0 0 0 0
 0 0 0 0 0 0 0 0 0 0 0 0 0 0 0 0 0 0 0 0 0 0 0 0 0 0 0 0 0 0 0 0 0 0 0 0
ppred_pel_tallas
 1.00991e-16 3.26096e-05 0.00019139 0.000909777 0.00350268 0.0109228 0.0275901 0.0564532 0.0935782 0.125675 0.136765 0.120649 0.0863928 0.0504761 0.0246026 0.0110171 0.00617025 0.00587653 0.00756257 0.0100783 0.0129194 0.0157458 0.0182311 0.020071 0.0210407 0.0210436 0.0201308 0.0184807 0.0163492 0.0140074 0.0116874 0.00955046 0.00768132 0.00610158 0.00479312 0.00372037
 1.00883e-16 3.12946e-05 0.000183666 0.000873049 0.00336126 0.0104817 0.0264761 0.0541742 0.089802 0.120608 0.131263 0.115824 0.0829995 0.0486181 0.023929 0.0111075 0.00676737 0.00690441 0.00904542 0.0120603 0.0154129 0.018703 0.0215336 0.023537 0.0244487 0.0241674 0.0227782 0.0205247 0.017744 0.0147872 0.0119486 0.00942592 0.00731228 0.00561522 0.00428841 0.00326306
 1.01205e-16 2.58607e-05 0.000151754 0.000721314 0.002777 0.00865974 0.021874 0.0447588 0.074199 0.099666 0.108506 0.0958282 0.0688544 0.0407031 0.0207236 0.0107792 0.00813763 0.00953682 0.0129374 0.0173465 0.0221881 0.0269332 0.031019 0.0339173 0.0352459 0.0348571 0.0328704 0.0296335 0.0256295 0.0213622 0.0172561 0.0135976 0.010524 0.00805018 0.00611303 0.00461641
 1.01612e-16 2.98883e-05 0.000175411 0.000833803 0.00321015 0.0100105 0.0252859 0.0517388 0.085765 0.115187 0.125363 0.11062 0.0792737 0.0464435 0.0228746 0.010648 0.00653525 0.00672002 0.00885086 0.0118612 0.0152523 0.0186538 0.0216932 0.0240174 0.02536 0.025598 0.0247752 0.0230795 0.0207883 0.0181986 0.0155674 0.0130765 0.0108265 0.00885218 0.00714726 0.00568818
 1.01671e-16 2.93885e-05 0.000172474 0.00081984 0.00315639 0.00984286 0.0248624 0.0508725 0.0843296 0.113261 0.123273 0.108789 0.077991 0.0457509 0.0226426 0.010722 0.00682366 0.00719993 0.00953576 0.0127683 0.0163807 0.0199727 0.023138 0.0254947 0.0267608 0.0268167 0.0257286 0.0237222 0.0211188 0.0182563 0.015421 0.0128079 0.0105149 0.00856151 0.00691979 0.00554337
 1.02439e-16 2.19213e-05 0.000128623 0.000611338 0.00235355 0.00733922 0.0185386 0.0379346 0.0628889 0.0844825 0.0919984 0.0813029 0.0585347 0.0348383 0.0181734 0.0101633 0.00853755 0.0105668 0.0145343 0.0195731 0.0251251 0.0306302 0.0354739 0.0390708 0.0409876 0.0410406 0.0393321 0.0362105 0.0321715 0.0277373 0.0233507 0.0193145 0.0157817 0.0127837 0.0102774 0.00819033
 1.02554e-16 2.91296e-05 0.000170958 0.000812641 0.00312868 0.00975648 0.0246441 0.0504256 0.0835878 0.112261 0.122177 0.107801 0.0772398 0.0452235 0.0222217 0.0102595 0.00618846 0.00629122 0.00828426 0.0111442 0.0144091 0.0177475 0.0208255 0.0233214 0.0249829 0.0256783 0.0254175 0.024335 0.022644 0.0205788 0.0183459 0.0160965 0.0139229 0.0118717 0.00996387 0.00821163
 1.02129e-16 2.66045e-05 0.000156125 0.000742103 0.00285706 0.00890941 0.0225046 0.0460488 0.0763359 0.102532 0.111614 0.0985437 0.0707423 0.0416922 0.0209937 0.0105421 0.00750616 0.00851761 0.0114828 0.0154086 0.0197581 0.0240661 0.0278437 0.0306307 0.0320896 0.0320824 0.0306982 0.0282198 0.0250448 0.0215875 0.0181957 0.0151018 0.0124165 0.0101531 0.00826637 0.00669034
 1.01722e-16 2.97994e-05 0.000174888 0.000831318 0.00320058 0.00998069 0.0252105 0.0515847 0.0855096 0.114844 0.124992 0.110296 0.0790498 0.0463286 0.022848 0.0106853 0.00662392 0.00685957 0.00904618 0.0121154 0.0155616 0.0190048 0.0220619 0.0243721 0.0256659 0.0258244 0.0249014 0.0230999 0.0207136 0.0180537 0.0153859 0.0128941 0.0106744 0.00875226 0.00711013 0.00571323
 1.01537e-16 2.87743e-05 0.000168867 0.000802685 0.00309033 0.00963686 0.0243421 0.049808 0.0825658 0.110894 0.120703 0.106535 0.0764056 0.0448823 0.0223268 0.0107623 0.00710004 0.00767712 0.0102258 0.0136931 0.0175482 0.0213631 0.0246989 0.0271436 0.0283952 0.0283299 0.0270269 0.0247398 0.0218258 0.0186596 0.0155572 0.0127333 0.0102931 0.00825373 0.00657768 0.00520574
 1.02047e-16 2.30943e-05 0.000135511 0.000644086 0.00247964 0.00773244 0.0195318 0.0399666 0.0662567 0.0890037 0.0969137 0.0856275 0.0616064 0.0365824 0.0189288 0.0103401 0.00840836 0.0102455 0.014039 0.0188851 0.0242214 0.0294982 0.0341177 0.037512 0.0392633 0.0391975 0.0374204 0.0342779 0.0302597 0.0258806 0.0215772 0.0176476 0.0142412 0.0113863 0.00903599 0.00711245
 1.02841e-16 2.36126e-05 0.000138559 0.000658586 0.00253549 0.00790662 0.0199717 0.0408663 0.0677464 0.0909994 0.0990728 0.0875018 0.0628823 0.0371949 0.0189805 0.00994794 0.00761372 0.00901403 0.0123052 0.0166015 0.0213979 0.0262282 0.0305866 0.0339849 0.0360502 0.0366042 0.035695 0.0335678 0.0305893 0.0271546 0.0236059 0.0201866 0.0170336 0.014199 0.0116842 0.0094706
 1.01862e-16 3.04337e-05 0.000178614 0.000849033 0.0032688 0.0101934 0.0257478 0.0526839 0.0873312 0.117289 0.127647 0.112627 0.0806946 0.0472399 0.0231995 0.0106856 0.00640383 0.00646245 0.00846518 0.0113298 0.0145596 0.0177955 0.020681 0.0228808 0.024144 0.0243589 0.0235737 0.0219737 0.0198278 0.0174199 0.0149915 0.0127087 0.0106571 0.00885861 0.00729747 0.00594435
 1.00641e-16 3.3313e-05 0.000195519 0.000929404 0.00357825 0.0111584 0.0281853 0.0576712 0.0955973 0.128387 0.139717 0.123256 0.0882651 0.0515807 0.0251601 0.0112968 0.00636417 0.00608283 0.00781692 0.0103804 0.0132434 0.0160422 0.0184291 0.0200861 0.0207864 0.0204478 0.019151 0.0171154 0.0146415 0.0120403 0.00957135 0.00740674 0.00562463 0.00422601 0.00316321 0.0023684
 1.00239e-16 3.65913e-05 0.00021477 0.00102094 0.00393071 0.0122576 0.0309616 0.0633512 0.10501 0.141021 0.153447 0.135323 0.0968068 0.0563715 0.027122 0.0115421 0.00561195 0.00460559 0.00562472 0.00739771 0.00941306 0.0113776 0.0130347 0.0141553 0.0145781 0.0142472 0.0132258 0.0116778 0.00982617 0.0079006 0.0060928 0.00452947 0.00326722 0.00230465 0.00160322 0.00110841
 1.003e-16 3.38783e-05 0.000198837 0.000945181 0.00363899 0.0113479 0.0286638 0.0586502 0.09722 0.130566 0.142087 0.125345 0.089755 0.0524398 0.0255573 0.0114375 0.00638907 0.00605701 0.00775817 0.0102849 0.0130984 0.0158309 0.0181326 0.0196852 0.0202644 0.0197927 0.0183587 0.0161913 0.0136018 0.0109112 0.00838724 0.0062068 0.00444903 0.00311188 0.00214131 0.00146078
 1.0078e-16 2.82345e-05 0.000165694 0.000787592 0.0030322 0.00945558 0.0238842 0.0488715 0.0810147 0.108815 0.11845 0.104571 0.0750503 0.0441933 0.022182 0.0110197 0.00769165 0.00861299 0.0115529 0.0154519 0.0197396 0.0239272 0.0275067 0.0300047 0.031081 0.0306084 0.0287013 0.0256803 0.0219884 0.0180862 0.0143613 0.0110745 0.00834913 0.006195 0.00454926 0.0033173
 1.01366e-16 2.90807e-05 0.000170666 0.000811243 0.00312328 0.00973962 0.0246016 0.050339 0.0834456 0.112075 0.121984 0.107658 0.0771951 0.0453132 0.0224802 0.0107359 0.00695339 0.00742817 0.00987009 0.013223 0.0169652 0.0206842 0.0239581 0.0263892 0.0276822 0.0277098 0.0265376 0.0243979 0.0216244 0.0185708 0.0155399 0.0127422 0.0102884 0.00820736 0.00647619 0.00504973
 1.0168e-16 2.75379e-05 0.000161606 0.000768163 0.0029574 0.00922233 0.023295 0.0476659 0.0790157 0.106129 0.115523 0.10198 0.0731767 0.0430612 0.0215615 0.0106279 0.00731839 0.0081384 0.0109205 0.0146475 0.0187873 0.0228929 0.026498 0.0291632 0.030564 0.0305638 0.0292414 0.02686 0.0237942 0.0204382 0.0171263 0.0140877 0.0114377 0.00920004 0.00734151 0.00580585
 1.01487e-16 3.10967e-05 0.000182507 0.000867541 0.00334006 0.0104156 0.0263091 0.0538324 0.0892347 0.119844 0.130426 0.115074 0.0824358 0.0482354 0.0236438 0.0108146 0.00637673 0.00634949 0.00828216 0.0110701 0.014211 0.0173472 0.0201261 0.0222171 0.0233743 0.0234898 0.0226147 0.020937 0.0187276 0.0162735 0.0138195 0.0115347 0.00950736 0.00775993 0.00627506 0.00501926
 1.01514e-16 2.83055e-05 0.000166113 0.000789592 0.00303991 0.00947963 0.023945 0.0489956 0.0812196 0.109087 0.11874 0.104812 0.0751895 0.0442077 0.022065 0.0107587 0.00725699 0.00796143 0.0106411 0.014253 0.0182599 0.0222186 0.0256711 0.0281881 0.0294554 0.0293454 0.0279438 0.025518 0.0224445 0.019117 0.0158677 0.0129214 0.0103881 0.00828389 0.00656735 0.00517367
 1.01904e-16 2.7455e-05 0.00016112 0.000765856 0.00294852 0.00919464 0.0232251 0.0475227 0.0787781 0.105809 0.115173 0.101666 0.0729409 0.0429016 0.0214434 0.0105076 0.00715865 0.00791202 0.0106097 0.0142454 0.0183009 0.0223465 0.0259344 0.0286398 0.0301453 0.0303109 0.0292004 0.0270535 0.0242173 0.0210596 0.0178952 0.0149424 0.0123162 0.0100478 0.00811691 0.00648251
 1.01842e-16 2.94491e-05 0.000172831 0.000821539 0.00316293 0.00986327 0.0249139 0.0509779 0.084504 0.113494 0.123524 0.109004 0.0781324 0.0458074 0.0226217 0.0106313 0.00666058 0.00695249 0.00918952 0.0123143 0.0158225 0.0193312 0.0224527 0.0248213 0.0261634 0.0263577 0.0254573 0.0236661 0.0212796 0.0186105 0.0159256 0.0134092 0.0111576 0.0091965 0.00750893 0.00606176
 1.02022e-16 2.59733e-05 0.000152418 0.000724479 0.0027892 0.00869778 0.0219701 0.0449552 0.0745234 0.100099 0.10897 0.0962192 0.0690954 0.0407656 0.0206087 0.0104832 0.0076336 0.00877811 0.0118747 0.0159489 0.0204626 0.0249397 0.0288755 0.0317928 0.0333394 0.0333673 0.031962 0.0294095 0.0261159 0.0225075 0.0189452 0.0156747 0.0128183 0.010399 0.00837909 0.00669703
pSPR Fmed_Fpbrs
0.504644   0.409475 0.409475
Fs Fmed_Fpbrs
0.664212   1.005 1.005
SSBpbr Bo_Bmed_Bpbrs
873768  397254  314098 314098
Ro
35235.6
SPR SPRFo_SPRFmed_SPRFpbrs
724924 365829 296838
log_Ro
10.2898
likeval ReclasPelacesDesembMPH_pf_preclas_ppelaces_ptallas_desvR_qrecl_qpela
 63.4529 15.0075 0.00837744 0.000203288 281.479 179.281 69.8035 0 15.8331 6.93353e-06 8.03435e-05 0 0 0 0
q_reclas_q_pelaces
0.688576 3.57952
M
0.7
N
 36486.5 10964.9 3567.06 420.403 0.231421
 44340.7 16361.4 2808.42 698.113 80.6644
 23014.4 20058.1 4435.43 595.323 162.024
 34994.8 9734.76 3516.74 509.393 84.2084
 61553.2 16796.6 3876.42 1280.21 214.618
 43051.2 30386.4 8027.26 1823.94 702.514
 77738 20215.6 10495.9 2392.46 744.512
 75731.3 37254.8 7969.69 3767.4 1117.92
 98811.7 35044.6 11702.3 2078.28 1255.94
 117924 45293.5 10351 2798.64 784.502
 66649.3 55193.9 15317.9 2994.71 1024.35
 45847.9 29671.8 13488.6 2806.4 720.245
 45757.4 20684.7 7905.58 2790.46 715.596
 24884.6 19491.1 3795.71 968.032 416.236
 14497.9 9124.82 1352.4 118.369 40.5947
 13363.7 5081.73 472.469 27.9431 3.06108
 10126 5722.68 965.092 60.7158 3.86767
 11571.6 4510.84 1404.26 177.832 11.6446
 12421.7 5333.78 1381.26 353.297 46.965
 20259.1 5807.44 1790.89 395.589 113.254
 26562 9455.13 1927.96 504.797 141.643
 34689.8 12806.7 3876.76 731.297 243.745
 54402.8 16632.9 5065.32 1397.92 349.107
 56835.6 25913.2 6302.78 1719.7 588.162
pred_Ctot
 2559.9 3964.69 1637.73 195.761 0.107842
 2855 5530.4 1214.45 306.341 35.424
 2475.88 9891.01 2656.15 360.46 98.1602
 843.448 1404.73 687.243 101.434 16.7849
 260.799 455.32 146.776 49.5075 8.3089
 1689.68 6792.42 2376.39 549.298 211.762
 1957.34 3036.57 2131.64 495.047 154.207
 3726.15 10106.2 2823.21 1356.26 402.797
 5492.27 10519.7 4547.21 820.17 496.048
 4890.76 10621.2 3204.36 881.148 247.221
 4991.92 20986 7350.98 1456.95 498.712
 3033.03 10246.5 5945.34 1255.01 322.338
 4721.27 9916.3 4625.1 1651.17 423.687
 4763.67 13379.8 2935.05 753.2 323.968
 3128.85 6606.72 1085.48 95.5095 32.7641
 1334.34 2381.94 271.276 16.2313 1.77918
 754.259 2166.79 461.442 29.4313 1.87617
 600.011 1278.52 517.847 66.6271 4.36645
 524.587 1270.45 433.864 112.857 15.0158
 879.666 1416.71 575.154 129.187 37.018
 556.54 1198.56 332.557 88.7564 24.9298
 861.294 1899.12 777.699 149.473 49.8696
 1600.42 2878.41 1177.7 330.99 82.7393
 1685.3 4516.62 1475.43 409.951 140.344
F
 0.102016 0.662076 0.931117 0.951466 0.952562
 0.0932679 0.605303 0.851273 0.869877 0.870879
 0.160418 1.0411 1.46416 1.49616 1.49788
 0.0340204 0.22079 0.31051 0.317296 0.317662
 0.00590692 0.0383355 0.0539135 0.0550918 0.0551552
 0.055934 0.363008 0.510519 0.521677 0.522277
 0.0355641 0.230809 0.3246 0.331694 0.332076
 0.07057 0.457995 0.644105 0.658182 0.65894
 0.0800524 0.519535 0.730652 0.74662 0.74748
 0.0591901 0.38414 0.540239 0.552045 0.552681
 0.109247 0.709009 0.997121 1.01891 1.02009
 0.0959375 0.622628 0.875639 0.894776 0.895806
 0.153395 0.995521 1.40006 1.43066 1.4323
 0.30325 1.96808 2.76782 2.82831 2.83157
 0.348352 2.26078 3.17947 3.24895 3.2527
 0.148104 0.961184 1.35177 1.38131 1.3829
 0.108619 0.704929 0.991383 1.01305 1.01422
 0.0744978 0.483486 0.679955 0.694815 0.695615
 0.060301 0.39135 0.550378 0.562406 0.563054
 0.0620463 0.402677 0.566308 0.578684 0.579351
 0.0295162 0.191558 0.269399 0.275287 0.275604
 0.0350617 0.227548 0.320014 0.327008 0.327385
 0.0416633 0.270392 0.380269 0.388579 0.389027
 0.0420013 0.272585 0.383353 0.391731 0.392182
YTP_r0W_actual
 13482.4 85815.7 40574.2 14758.2 6175.15
YTP_p0W_proyectada
 15390.8 223926 147169 42664.5 17807.1
CTP_r0_actual
 1685.3 4516.62 1475.43 409.951 140.344
CTP_p0_proyectada
 1876.92 10178.5 4657.25 1028.06 371.755
Wmedp
 8.2 22 31.6 41.5 47.9
nmprior
 10 11 7 0
nm_flota  nm_reclas  nm_pelaces    nm_pelaL
inf 19.7248 13.999 23.731
cv_recla  cv_pelaces  cv_mph
0.737484 0.455847 0.462588
 ------------------------------------------------
Talla a la edad & desviaci?n 
 7.2 14.2025 17.0495 18.207 18.6776
 1.08 2.13037 2.55742 2.73105 2.80164
