years
 1997 1998 1999 2000 2001 2002 2003 2004 2005 2006 2007 2008 2009 2010 2011 2012 2013 2014 2015 2016 2017
reclasobs
 0 0 0 370054 412103 1.49427e+06 250295 1.28982e+06 931140 785840 897777 1.04006e+06 184774 17550 25797 100020 73551 82996 120727 218422 84188
reclaspred
 3.46854e+06 597011 1.69164e+06 1.06272e+06 1.0069e+06 1.07935e+06 1.7856e+06 930342 781604 576679 383695 274192 228583 210773 382373 627037 861602 1.29908e+06 1.36568e+06 1.47275e+06 1.5214e+06
pelacesobs
 0 0 0 0 0 0 0 0 0 2.06254e+06 1.5e+06 0 1.87456e+06 323000 250000 174000 83755 137374 0 501740 490994
pelacespred
 1.90192e+06 734900 684067 785108 637432 560632 861784 647194 431589 322995 160582 125032 104356 88297.9 190025 334657 485646 711024 815405 853098 933429
mphobs
 0 0 0 0 0 112323 0 153150 637223 0 255016 313432 73983 77613 109348 50772 0 0 0 0 0
mphpred
 2.56509e+06 1.23914e+06 954639 1.17328e+06 916926 964172 1.21902e+06 1.13537e+06 760273 579222 431222 254353 209443 180162 234378 473242 657857 1.00241e+06 1.22679e+06 1.27131e+06 1.35179e+06
desembarqueobs
 350755 77701 442110 56441 14545 235359 269955 359681 431902 328805 639364 411747 362871 311530 167758 66681 60226 58785 57116 71774 51957
desembarquepred
 350796 77714 442318 56447 14545.1 235331 269813 358731 429822 326824 632601 410501 362634 312858 168151 66732.3 60260.8 58803.5 57129 71790.3 51960.8
Reclutas
 63344.3 63344.3 63344.3 63344.3 63344.3 63344.3 63344.3 63344.3 63344.3 63344.3 63344.3 63344.3 63344.3 63344.3 63344.3 63344.3 63344.3 63344.3 63344.3 63344.3 63344.3
log_desv_Rt
 0 0 0 0 0 0 0 0 0 0 0 0 0 0 0 0 0 0 0 0 0
SSB
 2.56509e+06 1.23914e+06 954639 1.17328e+06 916926 964172 1.21902e+06 1.13537e+06 760273 579222 431222 254353 209443 180162 234378 473242 657857 1.00241e+06 1.22679e+06 1.27131e+06 1.35179e+06
BT
 4.64307e+06 1.51341e+06 1.9249e+06 1.64822e+06 1.31995e+06 1.28035e+06 2.14406e+06 1.78059e+06 1.39514e+06 1.05079e+06 979250 731067 639563 514488 658745 791372 1.14037e+06 1.56431e+06 1.67313e+06 1.78536e+06 1.97181e+06
Ftot
 0.0985372 0.126622 0.252305 0.0518982 0.014144 0.21087 0.146812 0.369067 0.520363 0.535925 1.42513 1.32628 1.40062 1.32121 0.421343 0.103701 0.0682892 0.0442491 0.0408974 0.0476391 0.0334049
BD_Bspro_t
 0.985049 0.900518 0.831841 0.73505 0.789113 0.836345 0.767599 0.730535 0.609328 0.493603 0.392215 0.222795 0.189389 0.178612 0.224162 0.394813 0.558217 0.733794 0.818736 0.863144 0.88764
BD_Bspro
 1.9602 0.946931 0.72952 0.896603 0.7007 0.736805 0.931554 0.867631 0.580989 0.442632 0.329533 0.194373 0.160053 0.137677 0.179108 0.361644 0.502723 0.766028 0.937492 0.971516 1.03301
BD_Bo
 1.88771 0.911914 0.702542 0.863446 0.674788 0.709558 0.897105 0.835545 0.559504 0.426263 0.317346 0.187185 0.154134 0.132585 0.172485 0.34827 0.484133 0.7377 0.902824 0.93559 0.994812
BD_Brms
 9.03637 4.36528 3.36303 4.13327 3.23017 3.39661 4.29439 3.99971 2.67831 2.0405 1.51912 0.896042 0.737831 0.634679 0.825674 1.66715 2.31752 3.53133 4.32177 4.47861 4.76211
S_f
 0.5 1 1 1 1
 0.5 1 1 1 1
 0.5 1 1 1 1
 0.5 1 1 1 1
 0.5 1 1 1 1
 0.5 1 1 1 1
 0.5 1 1 1 1
 0.5 1 1 1 1
 0.5 1 1 1 1
 0.5 1 1 1 1
 0.5 1 1 1 1
 0.5 1 1 1 1
 0.5 1 1 1 1
 0.5 1 1 1 1
 0.5 1 1 1 1
 0.5 1 1 1 1
 0.5 1 1 1 1
 0.5 1 1 1 1
 0.5 1 1 1 1
 0.5 1 1 1 1
 0.5 1 1 1 1
Scru_reclas
 0.5 1 1 1 1
 0.5 1 1 1 1
 0.5 1 1 1 1
 0.5 1 1 1 1
 0.5 1 1 1 1
 0.5 1 1 1 1
 0.5 1 1 1 1
 0.5 1 1 1 1
 0.5 1 1 1 1
 0.5 1 1 1 1
 0.5 1 1 1 1
 0.5 1 1 1 1
 0.5 1 1 1 1
 0.5 1 1 1 1
 0.5 1 1 1 1
 0.5 1 1 1 1
 0.5 1 1 1 1
 0.5 1 1 1 1
 0.5 1 1 1 1
 0.5 1 1 1 1
 0.5 1 1 1 1
Scru_pelaces
 0.5 1 1 1 1
 0.5 1 1 1 1
 0.5 1 1 1 1
 0.5 1 1 1 1
 0.5 1 1 1 1
 0.5 1 1 1 1
 0.5 1 1 1 1
 0.5 1 1 1 1
 0.5 1 1 1 1
 0.5 1 1 1 1
 0.5 1 1 1 1
 0.5 1 1 1 1
 0.5 1 1 1 1
 0.5 1 1 1 1
 0.5 1 1 1 1
 0.5 1 1 1 1
 0.5 1 1 1 1
 0.5 1 1 1 1
 0.5 1 1 1 1
 0.5 1 1 1 1
 0.5 1 1 1 1
pf_obs 
 0.256992 0.487395 0.22802 0.0275931 0
 0.321318 0.546541 0.124235 0.00734118 0.000564706
 0.182869 0.594174 0.210203 0.0122559 0.00049798
 0.330522 0.361315 0.267642 0.0388342 0.00168674
 0.649043 0.306663 0.0425973 0.00169635 0
 0.582887 0.30429 0.105238 0.00758474 0
 0.465427 0.430635 0.0974691 0.00646863 0
 0.296916 0.608066 0.0921331 0.00288517 0
 0.311714 0.524322 0.152257 0.0117073 0
 0.15457 0.633149 0.183074 0.0267441 0.00246327
 0.131901 0.49318 0.331252 0.0422183 0.00144891
 0.196976 0.569456 0.194076 0.0375587 0.00193317
 0.518974 0.381816 0.0799577 0.0180837 0.00116848
 0.0928022 0.601141 0.25162 0.0475244 0.00691264
 0.122501 0.610282 0.24278 0.0234846 0.000952079
 0.383417 0.481906 0.127806 0.00687128 0
 0.0376549 0.599619 0.316969 0.0457579 0
 0.0361596 0.667082 0.258105 0.0386534 0
 0.158088 0.579412 0.248529 0.0139706 0
 0.0477256 0.309471 0.559284 0.082774 0.000745712
 0.0406174 0.521527 0.379366 0.0568643 0.0016247
pf_pred 
 0.301956 0.351406 0.174503 0.0866555 0.08548
 0.338548 0.311388 0.176227 0.0875117 0.0863245
 0.368192 0.325249 0.144317 0.0816747 0.0805667
 0.391179 0.338583 0.139116 0.0617274 0.069394
 0.369741 0.356695 0.152137 0.0625094 0.0589172
 0.364609 0.343653 0.16511 0.0704222 0.0562068
 0.388173 0.336085 0.149136 0.071653 0.0549535
 0.400044 0.341667 0.141882 0.0629592 0.0534483
 0.446022 0.330983 0.126993 0.0527355 0.043267
 0.487458 0.334389 0.106441 0.0408395 0.0308734
 0.540055 0.317455 0.0929621 0.0295912 0.0199366
 0.67321 0.257338 0.0479358 0.0140373 0.00747872
 0.68464 0.272019 0.0341297 0.00635754 0.00285359
 0.692387 0.26813 0.0340565 0.00427301 0.00115323
 0.649969 0.305413 0.0388905 0.00493967 0.000787038
 0.506629 0.39848 0.082796 0.010543 0.00155248
 0.422246 0.392262 0.149816 0.0311287 0.00454753
 0.386325 0.367219 0.167329 0.0639078 0.0152186
 0.367921 0.354214 0.166273 0.075765 0.0358276
 0.359625 0.346298 0.164799 0.077359 0.0519188
 0.35607 0.342785 0.162851 0.0774988 0.0607946
pobs_RECLAS
 0 0 0 0 0
 0 0 0 0 0
 0 0 0 0 0
 0 0 0 0 0
 0.835266 0.146461 0.0176864 0.000547809 3.91292e-05
 0.385257 0.428462 0.181853 0.0044286 0
 0.867414 0.0963971 0.0333333 0.00285562 0
 0.441836 0.489002 0.0689373 0.000224442 0
 0.779404 0.147425 0.0564933 0.0165055 0.000172143
 0.814271 0.122319 0.05973 0.00367925 0
 0.40263 0.566651 0.0304383 0.000280538 0
 0.475488 0.404961 0.113038 0.00651328 0
 0.955842 0.0263864 0.0167828 0.000988607 0
 0.975058 0.0227948 0.00214734 0 0
 0.738997 0.206755 0.0527124 0.00153531 0
 0.850938 0.134255 0.0134407 0.00136685 0
 0.542534 0.407297 0.0501686 0 0
 0.764087 0.199537 0.0359546 0.000420521 0
 0.470689 0.182191 0.310203 0.0369168 0
 0.84361 0.089868 0.0606195 0.00523954 0.000663233
 0.607945 0.314616 0.071237 0.00620181 0
ppred_RECLAS
 0.30262 0.351071 0.174337 0.0865732 0.0853987
 0.339479 0.310951 0.175979 0.0873886 0.0862031
 0.370341 0.324143 0.143826 0.0813969 0.0802926
 0.391557 0.338374 0.13903 0.0616891 0.069351
 0.369838 0.35664 0.152113 0.0624998 0.0589081
 0.366336 0.342718 0.164661 0.0702308 0.056054
 0.389338 0.335445 0.148852 0.0715166 0.0548488
 0.403598 0.339643 0.141041 0.0625863 0.0531317
 0.451755 0.327558 0.125678 0.0521896 0.0428192
 0.493484 0.330457 0.105189 0.0403593 0.0305104
 0.564717 0.300434 0.0879776 0.0280046 0.0188677
 0.692548 0.24211 0.0450992 0.0132067 0.00703617
 0.705225 0.254263 0.0319019 0.00594255 0.00266732
 0.710969 0.251933 0.0319992 0.00401488 0.00108356
 0.653948 0.301942 0.0384484 0.00488352 0.000778092
 0.507461 0.397808 0.0826564 0.0105252 0.00154986
 0.422763 0.391911 0.149682 0.0311009 0.00454346
 0.386643 0.367029 0.167243 0.0638747 0.0152107
 0.368208 0.354053 0.166197 0.0757306 0.0358114
 0.359959 0.346118 0.164713 0.0773187 0.0518917
 0.3563 0.342663 0.162793 0.0774712 0.0607729
pobs_PELACES
 0 0 0 0 0
 0 0 0 0 0
 0 0 0 0 0
 0 0 0 0 0
 0 0 0 0 0
 0 0 0 0 0
 0 0 0 0 0
 0 0 0 0 0
 0 0 0 0 0
 0 0 0 0 0
 0.450072 0.473896 0.0757376 0.000293798 0
 0 0 0 0 0
 0.463077 0.371075 0.160297 0.00555027 0
 0.529543 0.364841 0.0842815 0.0213345 0
 0.631943 0.363953 0.00410389 0 0
 0.735681 0.248677 0.0153453 0.000297389 0
 0.695825 0.281241 0.0229344 0 0
 0.275771 0.60734 0.115278 0.00161068 0
 0 0 0 0 0
 0.896147 0.0623911 0.0374545 0.00400742 0
 0.803859 0.145111 0.0509908 3.86294e-05 0
ppred_PELACES
 0.306062 0.349339 0.173476 0.0861458 0.0849772
 0.344179 0.308738 0.174727 0.0867668 0.0855897
 0.3801 0.319119 0.141597 0.0801353 0.0790482
 0.393599 0.337238 0.138563 0.0614821 0.0691182
 0.370382 0.356332 0.151982 0.0624458 0.0588573
 0.37445 0.33833 0.162552 0.0693315 0.0553363
 0.395113 0.332273 0.147444 0.0708403 0.0543302
 0.418338 0.331248 0.137556 0.0610395 0.0518185
 0.473096 0.314807 0.120786 0.0501582 0.0411525
 0.515586 0.316037 0.100599 0.0385982 0.0291791
 0.621395 0.261314 0.0765221 0.0243581 0.0164109
 0.73709 0.207035 0.0385656 0.0112934 0.00601682
 0.750898 0.214867 0.0269589 0.0050218 0.00225404
 0.753635 0.214743 0.0272756 0.00342221 0.000923608
 0.669508 0.288365 0.0367196 0.00466394 0.000743106
 0.511737 0.394354 0.0819388 0.0104339 0.00153641
 0.425515 0.390043 0.148968 0.0309526 0.0045218
 0.388376 0.365992 0.16677 0.0636943 0.0151678
 0.369779 0.353172 0.165784 0.0755422 0.0357223
 0.361772 0.345137 0.164247 0.0770997 0.0517448
 0.357565 0.34199 0.162473 0.077319 0.0606535
pobs_pel_tallas
 0 0 0 0 0 0 0 0 0 0 0 0 0 0 0 0 0 0 0 0 0 0 0 0 0 0 0 0 0 0 0 0 0 0 0 0
 0 0 0 0 0 0 0 0 0 0 0 0 0 0 0 0 0 0 0 0 0 0 0 0 0 0 0 0 0 0 0 0 0 0 0 0
 0 0 0 0 0 0 0 0 0 0 0 0 0 0 0 0 0 0 0 0 0 0 0 0 0 0 0 0 0 0 0 0 0 0 0 0
 0 0 0 0 0 0 0 0 0 0 0 0 0 0 0 0 0 0 0 0 0 0 0 0 0 0 0 0 0 0 0 0 0 0 0 0
 0 0 0 0 0 0 0 0 0 0 0 0 0 0 0 0 0 0 0 0 0 0 0 0 0 0 0 0 0 0 0 0 0 0 0 0
 0 0 0 0 0 0 0 0 0 0 0 0 0 0 0 0 0 0 0 0 0 0 0 0 0 0 0 0 0 0 0 0 0 0 0 0
 0 0 0 0 0 0 0 0 0 0 0 0 0 0 0 0 0 0 0 0 0 0 0 0 0 0 0 0 0 0 0 0 0 0 0 0
 0 0 0 0 0 0 0 0 0 0 0 0 0 0 0 0 0 0 0 0 0 0 0 0 0 0 0 0 0 0 0 0 0 0 0 0
 0 0 0 0 0 0 0 0 0 0 0 0 0 0 0 0 0 0 0 0 0 0 0 0 0 0 0 0 0 0 0 0 0 0 0 0
 0 0 0 0 0 0 0 0 0 0 0 0 0 0 0 0 0 0 0 0 0 0 0 0 0 0 0 0 0 0 0 0 0 0 0 0
 0 0 0 0 0 0 0 0 1.78061e-05 0.00172719 0.00360574 0.0105946 0.0120993 0.0124554 0.0147524 0.0171206 0.0266825 0.0428682 0.0675386 0.121331 0.153587 0.119568 0.100827 0.0573624 0.0630603 0.0341343 0.0324427 0.0444173 0.0211091 0.0280891 0.0125444 0.00206551 0 0 0 0
 0 0 0 0 0 0 0 0 0 0 0 0 0 0 0 0 0 0 0 0 0 0 0 0 0 0 0 0 0 0 0 0 0 0 0 0
 0 0 0 0 0 0 0.0133647 0.0140871 0.0187388 0.0205184 0.03894 0.0496705 0.03968 0.0493445 0.0407372 0.0367815 0.0215668 0.0243155 0.0234873 0.0199281 0.019796 0.0243948 0.0301388 0.0376714 0.0412746 0.0863199 0.0771752 0.113111 0.0741005 0.0525337 0.0229764 0.00759418 0.00175318 0 0 0
 0 0 0 0 0 0 0 0 0 0 0.00219441 0.00772107 0.0458388 0.0604681 0.0671733 0.0775358 0.0609151 0.0617685 0.073594 0.0568108 0.0755445 0.0548602 0.0670107 0.0636378 0.0643287 0.046367 0.0373049 0.0286899 0.0247887 0.0153202 0.00654259 0.00121912 0.000365735 0 0 0
 0 0 0 0 0 0 0 0 0 0 0 0 0.000112435 0.00938835 0.0111873 0.0202946 0.0414886 0.0713402 0.111592 0.104902 0.108894 0.110636 0.117776 0.105296 0.107544 0.0401394 0.0192827 0.0124803 0.00416011 0.0028671 0.000618394 0 0 0 0 0
 0 0 0 0 0 0 0 0 0 0 0.00291406 0.0102884 0.027416 0.0768956 0.0749926 0.110853 0.0956884 0.0897413 0.0766577 0.0534642 0.0500743 0.0551293 0.0594112 0.0620874 0.0668451 0.0424026 0.0208742 0.0120726 0.0048766 0.00582813 0.00118941 0.000297354 0 0 0 0
 0 0.00264628 0.0354308 0.0461629 0.0458689 0.0383711 0.0214643 0.0164657 0.0346957 0.0420465 0.0363128 0.0245516 0.0311673 0.0291091 0.0169068 0.0133784 0.00837989 0.0085269 0.0148486 0.0160247 0.0276389 0.0546898 0.0760071 0.122758 0.109233 0.0665981 0.0333725 0.0166128 0.00676272 0.00308733 0.000882094 0 0 0 0 0
 0 0 0 0 0 0 0 0.000805153 0.000690131 0.00759144 0.0133425 0.0154129 0.00931677 0.000345066 0.00356568 0.00563607 0.00851162 0.0253048 0.0502646 0.0516448 0.0657925 0.0565908 0.0611916 0.0827007 0.0866115 0.110766 0.145733 0.0935128 0.0569358 0.0249597 0.0138026 0.00621118 0.00161031 0.00115022 0 0
 0 0 0 0 0 0 0 0 0 0 0 0 0 0 0 0 0 0 0 0 0 0 0 0 0 0 0 0 0 0 0 0 0 0 0 0
 0.00147267 0.00158595 0.00478618 0.00569244 0.00954404 0.0108468 0.00647125 0.017049 0.0510054 0.094081 0.124002 0.0959785 0.0687766 0.0820023 0.061753 0.0591476 0.0492212 0.0479892 0.0443925 0.0268479 0.0217502 0.0140895 0.0121071 0.0120363 0.00920419 0.00665534 0.0049561 0.00860946 0.00930331 0.0156896 0.0114698 0.00855282 0.00243557 0.00046729 0 2.83206e-05
 0 0 0 0 0.000772559 0.00158375 0.000888443 0.00281984 0.00712685 0.0440552 0.0773331 0.111326 0.0921469 0.0852325 0.0710754 0.0886704 0.0786465 0.0553345 0.0373146 0.0185414 0.00753245 0.00457741 0.012979 0.0271748 0.0457355 0.0583668 0.034881 0.0177882 0.00938659 0.00492506 0.0015258 0.00185414 0.000309023 5.79419e-05 3.86279e-05 0
ppred_pel_tallas
 1.09507e-16 1.33727e-05 7.84383e-05 0.00037276 0.00143498 0.0044747 0.011303 0.0231299 0.0383494 0.0515298 0.0561474 0.0496991 0.0359543 0.021748 0.0119894 0.0077392 0.00769173 0.0102551 0.0144303 0.0196931 0.0256514 0.0318542 0.0377726 0.0428763 0.0467383 0.0491171 0.0499906 0.0495247 0.0479994 0.0457178 0.0429332 0.0398154 0.036457 0.0329054 0.0292022 0.0254106
 1.09562e-16 1.50331e-05 8.81903e-05 0.000419131 0.00161353 0.00503151 0.0127094 0.0260072 0.0431174 0.0579287 0.0630989 0.0558029 0.0402629 0.0241399 0.0129215 0.00776056 0.00714929 0.00926807 0.0129873 0.0177466 0.023176 0.0288773 0.0343863 0.0392339 0.043035 0.0455607 0.0467679 0.0467738 0.0457936 0.0440638 0.0417832 0.0390859 0.0360495 0.0327242 0.0291654 0.0254555
 1.08562e-16 1.65998e-05 9.73873e-05 0.000462853 0.00178187 0.00555647 0.0140354 0.0287203 0.0476147 0.0639681 0.0696702 0.0615976 0.0444069 0.0265499 0.0140739 0.00823589 0.00735159 0.00939233 0.0130948 0.0178318 0.0231974 0.0287671 0.0340558 0.038582 0.0419617 0.0439847 0.0446429 0.0441017 0.0426295 0.0405124 0.0379866 0.0352056 0.0322468 0.029142 0.0259152 0.0226101
 1.07419e-16 1.71892e-05 0.000100846 0.00047929 0.00184515 0.0057538 0.0145339 0.0297404 0.0493059 0.0662405 0.0721461 0.0637886 0.0459909 0.0275055 0.0145953 0.00856226 0.00766101 0.00978742 0.0136262 0.0185168 0.0240232 0.0296877 0.0349902 0.0394187 0.042571 0.0442365 0.0444277 0.0433484 0.0413172 0.0386736 0.0357013 0.0325894 0.0294349 0.0262734 0.0231182 0.0199914
 1.0717e-16 1.61777e-05 9.49053e-05 0.000451045 0.00173639 0.00541464 0.0136772 0.0279877 0.0464015 0.0623422 0.0679101 0.0600667 0.0433583 0.0260333 0.014001 0.00850552 0.00792399 0.0102912 0.0143735 0.0195369 0.0253387 0.0312974 0.0368611 0.0414853 0.0447419 0.0464065 0.0464919 0.0452159 0.0429207 0.0399737 0.0366856 0.0332686 0.0298373 0.0264385 0.0230921 0.0198227
 1.07386e-16 1.63543e-05 9.5944e-05 0.000455987 0.00175543 0.005474 0.0138272 0.0282943 0.0469092 0.0630224 0.0686462 0.0607062 0.0437948 0.0262452 0.0140242 0.00838135 0.00766811 0.00989361 0.0138136 0.0187993 0.0244268 0.0302412 0.0357205 0.0403458 0.0437036 0.0455677 0.0459323 0.0449825 0.0430204 0.0403746 0.0373254 0.0340673 0.0307112 0.0273123 0.0239065 0.0205382
 1.07175e-16 1.7255e-05 0.000101233 0.000481131 0.00185224 0.00577591 0.0145897 0.0298546 0.0494951 0.0664942 0.0724211 0.0640287 0.0461574 0.0275919 0.0146175 0.00853882 0.00760231 0.00969508 0.0134982 0.0183525 0.0238271 0.0294713 0.0347719 0.0392214 0.0424183 0.0441475 0.0444119 0.0434025 0.0414246 0.038807 0.0358278 0.0326767 0.0294574 0.0262157 0.0229775 0.0197766
 1.0658e-16 1.82677e-05 0.000107178 0.000509396 0.00196107 0.00611529 0.015447 0.0316086 0.0524023 0.0703976 0.0766668 0.0677689 0.0488241 0.0291266 0.0153214 0.00877798 0.00762677 0.00961924 0.0133521 0.0181285 0.0235034 0.0290208 0.0341661 0.0384333 0.0414258 0.0429365 0.0429802 0.0417619 0.0396027 0.0368462 0.0337828 0.0306102 0.0274342 0.0242967 0.0212139 0.0182062
 1.05464e-16 2.06547e-05 0.000121194 0.000576031 0.00221764 0.00691538 0.0174679 0.0357434 0.0592553 0.0795981 0.0866709 0.0765747 0.055087 0.0326996 0.0169012 0.0092093 0.00747657 0.009133 0.0125794 0.0170396 0.0220514 0.0271686 0.0318972 0.0357556 0.0383699 0.0395515 0.0393269 0.0379079 0.0356186 0.0328047 0.029759 0.026681 0.0236763 0.0207829 0.0180072 0.0153542
 1.04221e-16 2.25076e-05 0.000132071 0.000627744 0.00241674 0.00753629 0.0190363 0.0389524 0.0645741 0.08674 0.0944397 0.0834201 0.0599712 0.0355176 0.0182072 0.00967707 0.00756888 0.00906488 0.0124111 0.0167603 0.021621 0.0265325 0.0309927 0.0345179 0.03674 0.0374849 0.0368029 0.0349368 0.0322455 0.0291089 0.0258479 0.0226808 0.0197196 0.0169952 0.0144962 0.0122011
 1.02776e-16 2.71191e-05 0.00015915 0.00075649 0.00291247 0.00908221 0.0229411 0.0469415 0.0778144 0.104514 0.113761 0.100415 0.0720327 0.0423463 0.0211271 0.0102894 0.00693126 0.00761043 0.0101987 0.0137106 0.0176483 0.0216061 0.025162 0.0279143 0.0295608 0.0299633 0.0291733 0.0274052 0.0249713 0.0222022 0.0193782 0.0166908 0.0142384 0.0120467 0.0100998 0.00836893
 1.01285e-16 3.21617e-05 0.000188759 0.000897269 0.00345452 0.0107726 0.0272107 0.0556771 0.092292 0.123949 0.134889 0.119002 0.0852297 0.049829 0.0243476 0.0110048 0.0063051 0.00612358 0.00792107 0.0105563 0.0135183 0.0164533 0.0190185 0.0208965 0.0218556 0.0218018 0.0207979 0.0190409 0.0168073 0.0143857 0.012019 0.00987036 0.00801831 0.00647281 0.00520218 0.00415868
 1.00731e-16 3.27641e-05 0.000192295 0.000914078 0.00351924 0.0109744 0.0277205 0.0567202 0.0940212 0.126271 0.137417 0.121233 0.0868298 0.0507686 0.0248138 0.0112263 0.00644402 0.00626238 0.00809027 0.0107584 0.0137375 0.0166573 0.0191602 0.0209172 0.0216927 0.0213985 0.0201136 0.0180596 0.0155419 0.0128775 0.0103321 0.00808298 0.00621271 0.00472575 0.00357747 0.00270264
 1.00618e-16 3.28834e-05 0.000192996 0.00091741 0.00353206 0.0110144 0.0278216 0.0569269 0.0943638 0.126731 0.137918 0.121674 0.0871442 0.0509498 0.0248974 0.0112557 0.00644892 0.00625672 0.00807815 0.0107395 0.01371 0.0166187 0.0191073 0.0208469 0.0216016 0.0212834 0.0199722 0.0178902 0.0153446 0.0126542 0.0100866 0.00782119 0.00594208 0.00445469 0.00331452 0.00245568
 1.00811e-16 2.92181e-05 0.000171471 0.000815059 0.00313796 0.0097854 0.0247173 0.0505759 0.0838392 0.112606 0.122569 0.108189 0.0776075 0.0456196 0.0227507 0.0110597 0.00741307 0.00809097 0.0107844 0.0144102 0.0184073 0.0223134 0.0256541 0.0279883 0.0289994 0.0285693 0.026805 0.0240053 0.0205827 0.0169656 0.0135136 0.0104681 0.0079421 0.00594329 0.00441202 0.00325984
 1.01722e-16 2.23429e-05 0.000131097 0.000623098 0.00239883 0.0074804 0.0188952 0.0386643 0.0640988 0.0861083 0.0937697 0.0828704 0.0596679 0.0355219 0.0185463 0.0103962 0.00875753 0.0108466 0.0149091 0.0200535 0.0256999 0.0312644 0.0361075 0.039623 0.0413659 0.0411546 0.0391086 0.0356059 0.0311799 0.0263908 0.0217145 0.0174764 0.0138399 0.0108348 0.00840691 0.00646567
 1.03517e-16 1.85832e-05 0.000109024 0.000518161 0.0019948 0.00622044 0.0157127 0.0321526 0.0533057 0.0716158 0.0780051 0.0689797 0.049757 0.0298042 0.0158979 0.00945111 0.00857934 0.0110034 0.0152858 0.0206818 0.0266739 0.032709 0.0381626 0.0424276 0.045038 0.0457688 0.0446761 0.0420599 0.0383729 0.0341034 0.0296761 0.0253946 0.021432 0.0178577 0.0146784 0.0118756
 1.05384e-16 1.69628e-05 9.95134e-05 0.000472949 0.00182073 0.00567763 0.0143415 0.029347 0.0486548 0.0653687 0.0712047 0.0629756 0.0454467 0.0272642 0.0146209 0.00881636 0.00814326 0.0105352 0.0146941 0.0199517 0.0258433 0.0318649 0.0374407 0.042002 0.0451019 0.0465059 0.0462294 0.0445059 0.0417051 0.0382307 0.0344342 0.0305683 0.0267827 0.0231507 0.0197064 0.0164755
 1.06734e-16 1.61513e-05 9.47506e-05 0.00045031 0.00173356 0.00540581 0.013655 0.0279421 0.0463258 0.0622404 0.0677989 0.0599677 0.0432855 0.0259869 0.0139714 0.00848136 0.00789676 0.0102568 0.0143321 0.0194927 0.0253007 0.0312788 0.0368784 0.0415551 0.0448772 0.0466117 0.0467594 0.0455244 0.0432365 0.0402549 0.036889 0.0333569 0.0297854 0.026238 0.0227521 0.0193677
 1.07511e-16 1.58018e-05 9.26995e-05 0.00044056 0.00169603 0.00528877 0.0133593 0.0273371 0.0453227 0.0608929 0.0663312 0.0586701 0.0423501 0.0254278 0.0136758 0.00831042 0.00774837 0.0100737 0.0140868 0.0191757 0.0249167 0.030848 0.0364379 0.041157 0.0445838 0.0464876 0.0468624 0.0458967 0.0438984 0.041202 0.0380929 0.0347689 0.0313429 0.027871 0.0243906 0.0209474
 1.07909e-16 1.56182e-05 9.16219e-05 0.000435438 0.00167631 0.00522727 0.013204 0.0270192 0.0447958 0.060185 0.0655606 0.0579892 0.0418604 0.0251375 0.0135265 0.00823041 0.00768573 0.01 0.0139892 0.0190499 0.0247645 0.0306781 0.0362655 0.0410042 0.0444771 0.0464552 0.0469302 0.0460847 0.0442177 0.0416532 0.0386659 0.0354439 0.0320928 0.0286642 0.0251938 0.0217291
pSPR Fmed_Fpbrs
0.708831   0.258902 0.258902
Fs Fmed_Fpbrs
0.17969   1.005 1.005
SSBpbr Bo_Bmed_Bpbrs
1.35884e+06  895242  283863 283863
Ro
63344.3
SPR SPRFo_SPRFmed_SPRFpbrs
1.30859e+06 927565 338795
log_Ro
10.8763
likeval ReclasPelacesDesembMPH_pf_preclas_ppelaces_ptallas_desvR_qrecl_qpela
 316.663 141.355 1.07399 0.000817113 279.154 174.981 63.651 0 0 0 0 0 0 0 0
q_reclas_q_pelaces
1 1
M
0.7
N
 63344.3 37659.5 18701.2 9286.72 9160.73
 63344.3 29943.6 16946.3 8415.27 8301.11
 63344.3 29526.1 13101.1 7414.41 7313.83
 63344.3 27727.7 11392.7 5055.06 5682.9
 63344.3 30650.1 13072.8 5371.31 5062.64
 63344.3 31234.2 15006.6 6400.59 5108.57
 63344.3 28308.2 12561.6 6035.28 4628.69
 63344.3 29229.5 12138 5386.15 4572.49
 63344.3 26155.3 10035.3 4167.31 3419.09
 63344.3 24249.7 7719.03 2961.66 2238.92
 63344.3 24061.7 7046.13 2242.89 1511.11
 63344.3 15425.5 2873.4 841.433 448.294
 63344.3 16207 2033.46 378.786 170.018
 63344.3 15615.7 1983.42 248.856 67.1628
 63344.3 16248.2 2069 262.793 41.8709
 63344.3 25480.5 5294.33 674.166 99.2723
 63344.3 29866.4 11406.8 2370.11 346.244
 63344.3 30399.9 13852.2 5290.56 1259.86
 63344.3 30767.6 14442.7 6581.06 3112.04
 63344.3 30819.2 14666.5 6884.65 4620.57
 63344.3 30715.4 14592.3 6944.32 5447.53
pred_Ctot
 2196.28 2555.95 1269.25 630.29 621.74
 2804.97 2579.94 1460.09 725.059 715.223
 5438.6 4804.29 2131.72 1206.42 1190.06
 1168.66 1011.52 415.611 184.412 207.316
 321.16 309.828 132.147 54.2961 51.1759
 4586.39 4322.79 2076.91 885.837 707.023
 3237.92 2803.42 1244 597.688 458.39
 7758.45 6626.28 2751.65 1221.03 1036.58
 10593.5 7861.23 3016.22 1252.53 1027.64
 10874.7 7459.85 2374.58 911.086 688.753
 24172.5 14209.1 4160.92 1324.48 892.35
 22931.3 8765.61 1632.82 478.149 254.745
 23869.6 9483.81 1189.92 221.653 99.4889
 22866.3 8855.09 1124.73 141.117 38.0856
 8759.28 4115.89 524.106 66.5692 10.6065
 2308.76 1815.91 377.31 48.0457 7.07482
 1532.22 1423.42 543.644 112.958 16.5018
 998.092 948.731 432.305 165.109 39.3181
 923.171 888.777 417.205 190.106 89.8971
 1073.76 1033.96 492.05 230.976 155.017
 755.289 727.109 345.436 164.389 128.956
F
 0.0492686 0.0985372 0.0985372 0.0985372 0.0985372
 0.063311 0.126622 0.126622 0.126622 0.126622
 0.126152 0.252305 0.252305 0.252305 0.252305
 0.0259491 0.0518982 0.0518982 0.0518982 0.0518982
 0.00707202 0.014144 0.014144 0.014144 0.014144
 0.105435 0.21087 0.21087 0.21087 0.21087
 0.0734058 0.146812 0.146812 0.146812 0.146812
 0.184533 0.369067 0.369067 0.369067 0.369067
 0.260182 0.520363 0.520363 0.520363 0.520363
 0.267963 0.535925 0.535925 0.535925 0.535925
 0.712563 1.42513 1.42513 1.42513 1.42513
 0.66314 1.32628 1.32628 1.32628 1.32628
 0.700311 1.40062 1.40062 1.40062 1.40062
 0.660605 1.32121 1.32121 1.32121 1.32121
 0.210672 0.421343 0.421343 0.421343 0.421343
 0.0518505 0.103701 0.103701 0.103701 0.103701
 0.0341446 0.0682892 0.0682892 0.0682892 0.0682892
 0.0221246 0.0442491 0.0442491 0.0442491 0.0442491
 0.0204487 0.0408974 0.0408974 0.0408974 0.0408974
 0.0238196 0.0476391 0.0476391 0.0476391 0.0476391
 0.0167024 0.0334049 0.0334049 0.0334049 0.0334049
YTP_r0W_actual
 7930.53 17886.9 11744.8 7331.75 7066.8
YTP_p0W_proyectada
 151843 328236 224826 140273 114053
CTP_r0_actual
 755.289 727.109 345.436 164.389 128.956
CTP_p0_proyectada
 18517.5 14919.8 7114.74 3380.08 2381.08
Wmedp
 8.2 22 31.6 41.5 47.9
nmprior
 10 11 7 0
nm_flota  nm_reclas  nm_pelaces    nm_pelaL
inf 6.54795 6.20694 6.20694
cv_recla  cv_pelaces  cv_mph
1.7795 1.59511 0.952839
 ------------------------------------------------
Talla a la edad & desviaci?n 
 7.2 14.2025 17.0495 18.207 18.6776
 1.08 2.13037 2.55742 2.73105 2.80164
