years
 1997 1998 1999 2000 2001 2002 2003 2004 2005 2006 2007 2008 2009 2010 2011 2012 2013 2014 2015 2016 2017 2018 2019 2020 2021
reclasobs
 0 0 0 370054 412103 1.49427e+06 250295 1.28982e+06 931140 785840 897777 1.04006e+06 184774 17550 25797 100020 73551 82996 120727 218422 84188 347160 605670 569463 516374
reclaspred
 376989 103840 321823 240331 358744 426987 941531 629013 703064 640293 504399 338242 207035 96662.7 68880.3 71200.2 89718 122129 127612 186758 273372 249209 422147 523114 545784
pelacesobs
 0 0 0 0 0 0 0 0 0 2.06254e+06 1.5e+06 0 1.87456e+06 323000 250000 174000 83755 137374 0 501740 490994 745055 786931 1.00524e+06 0
pelacespred
 1.08243e+06 264369 507819 572569 730754 731162 1.82869e+06 1.52474e+06 1.50611e+06 1.38583e+06 985053 681471 415630 162362 113729 125597 165122 227172 245242 347964 564282 504143 674739 981175 1.06846e+06
mphobs
 0 0 0 0 0 112323 0 153150 637223 0 255016 313432 73983 77613 109348 50772 0 0 0 0 0 0 0 0 0
mphpred
 693104 423350 523283 652727 704431 1.11397e+06 1.67774e+06 1.97815e+06 1.69847e+06 1.72132e+06 1.61911e+06 1.14194e+06 702952 370551 180968 158132 193870 268726 331225 377672 578694 688901 858222 1.18419e+06 1.66078e+06
desembarqueobs
 350755 77701 442110 56441 14545 235359 269955 359681 431902 328805 639364 411747 362871 311530 167758 66681 60226 58785 57116 71774 51957 67425 138520 160799 200461
desembarquepred
 350760 77700.8 442105 56442 14545.1 235392 269980 359681 431929 328824 639568 411988 363198 311968 167799 66692 60243.9 58786.2 57112.5 71772.7 51957.2 67419.6 138518 160801 200461
Reclutas
 51490.6 66436.7 40443.2 66981.1 114818 81042.6 130976 123197 149463 148328 68292.9 39901.6 42572.9 23670.1 18510.2 23064.4 18968.4 21001.8 23504.5 44625 55749.1 70173.1 106889 129325 41748.5
log_desv_Rt
 -0.0681332 0.186717 -0.309632 0.194878 0.73382 0.385443 0.865479 0.804252 0.99752 0.989896 0.214273 -0.323116 -0.258314 -0.845321 -1.09121 -0.871243 -1.06676 -0.964922 -0.85234 -0.211237 0.0113299 0.241433 0.662255 0.852795 -0.277867
SSB
 693104 423350 523283 652727 704431 1.11397e+06 1.67774e+06 1.97815e+06 1.69847e+06 1.72132e+06 1.61911e+06 1.14194e+06 702952 370551 180968 158132 193870 268726 331225 377672 578694 688901 858222 1.18419e+06 1.66078e+06
BT
 2.22531e+06 604987 1.15214e+06 1.08506e+06 1.31958e+06 1.49469e+06 3.45843e+06 3.13884e+06 3.09248e+06 2.79926e+06 2.34377e+06 1.60072e+06 1.10237e+06 592081 346846 280114 345107 453818 488471 681711 1.05268e+06 966012 1.3037e+06 1.88971e+06 2.07972e+06
Ftot
 0.43263 0.361174 0.528099 0.10047 0.019255 0.187552 0.117842 0.231157 0.258186 0.205118 0.421159 0.390368 0.620221 1.09037 1.01378 0.399375 0.284819 0.193391 0.165884 0.169806 0.0797384 0.102013 0.122984 0.123453 0.11225
BD_Bspro_t
 0.946939 0.753469 0.714045 0.593257 0.72537 0.845363 0.816151 0.822963 0.774982 0.742194 0.709365 0.5618 0.447988 0.335688 0.218473 0.234023 0.34898 0.512757 0.619395 0.699276 0.796019 0.857613 0.861838 0.861832 0.856717
BD_Bspro
 0.610116 0.372661 0.460629 0.574574 0.620088 0.980592 1.47686 1.7413 1.4951 1.51522 1.42525 1.00522 0.618785 0.326184 0.159301 0.139198 0.170657 0.236551 0.291566 0.332452 0.509405 0.606417 0.755464 1.0424 1.46193
BD_Bo
 0.526035 0.321304 0.397149 0.495391 0.534632 0.845455 1.27333 1.50133 1.28906 1.3064 1.22884 0.866685 0.533509 0.281232 0.137347 0.120015 0.147139 0.203951 0.251385 0.286636 0.439203 0.522845 0.651352 0.898748 1.26046
BD_Brms
 1.84181 1.12498 1.39054 1.73451 1.87191 2.96019 4.45831 5.25661 4.51339 4.57411 4.30253 3.03453 1.86798 0.984679 0.480894 0.420208 0.515177 0.714095 0.880175 1.0036 1.53778 1.83064 2.28058 3.14679 4.41324
S_f
 0.189841 1 1 1 1
 0.189841 1 1 1 1
 0.189841 1 1 1 1
 0.189841 1 1 1 1
 0.189841 1 1 1 1
 0.189841 1 1 1 1
 0.189841 1 1 1 1
 0.189841 1 1 1 1
 0.189841 1 1 1 1
 0.189841 1 1 1 1
 0.189841 1 1 1 1
 0.189841 1 1 1 1
 0.189841 1 1 1 1
 0.189841 1 1 1 1
 0.189841 1 1 1 1
 0.189841 1 1 1 1
 0.189841 1 1 1 1
 0.189841 1 1 1 1
 0.189841 1 1 1 1
 0.189841 1 1 1 1
 0.189841 1 1 1 1
 0.189841 1 1 1 1
 0.189841 1 1 1 1
 0.189841 1 1 1 1
 0.189841 1 1 1 1
Scru_reclas
 1 1 1 1 1
 1 1 1 1 1
 1 1 1 1 1
 1 1 1 1 1
 1 1 1 1 1
 1 1 1 1 1
 1 1 1 1 1
 1 1 1 1 1
 1 1 1 1 1
 1 1 1 1 1
 1 1 1 1 1
 1 1 1 1 1
 1 1 1 1 1
 1 1 1 1 1
 1 1 1 1 1
 1 1 1 1 1
 1 1 1 1 1
 1 1 1 1 1
 1 1 1 1 1
 1 1 1 1 1
 1 1 1 1 1
 1 1 1 1 1
 1 1 1 1 1
 1 1 1 1 1
 1 1 1 1 1
Scru_pelaces
 1 1 1 1 1
 1 1 1 1 1
 1 1 1 1 1
 1 1 1 1 1
 1 1 1 1 1
 1 1 1 1 1
 1 1 1 1 1
 1 1 1 1 1
 1 1 1 1 1
 1 1 1 1 1
 1 1 1 1 1
 1 1 1 1 1
 1 1 1 1 1
 1 1 1 1 1
 1 1 1 1 1
 1 1 1 1 1
 1 1 1 1 1
 1 1 1 1 1
 1 1 1 1 1
 1 1 1 1 1
 1 1 1 1 1
 1 1 1 1 1
 1 1 1 1 1
 1 1 1 1 1
 1 1 1 1 1
pf_obs 
 0.256992 0.487395 0.22802 0.0275931 0
 0.321318 0.546541 0.124235 0.00734118 0.000564706
 0.182869 0.594174 0.210203 0.0122559 0.00049798
 0.330522 0.361315 0.267642 0.0388342 0.00168674
 0.649043 0.306663 0.0425973 0.00169635 0
 0.582887 0.30429 0.105238 0.00758474 0
 0.465427 0.430635 0.0974691 0.00646863 0
 0.296916 0.608066 0.0921331 0.00288517 0
 0.311714 0.524322 0.152257 0.0117073 0
 0.15457 0.633149 0.183074 0.0267441 0.00246327
 0.131901 0.49318 0.331252 0.0422183 0.00144891
 0.196976 0.569456 0.194076 0.0375587 0.00193317
 0.518974 0.381816 0.0799577 0.0180837 0.00116848
 0.0928022 0.601141 0.25162 0.0475244 0.00691264
 0.122501 0.610282 0.24278 0.0234846 0.000952079
 0.383417 0.481906 0.127806 0.00687128 0
 0.0376549 0.599619 0.316969 0.0457579 0
 0.0361596 0.667082 0.258105 0.0386534 0
 0.158088 0.579412 0.248529 0.0139706 0
 0.0477256 0.309471 0.559284 0.082774 0.000745712
 0.0406174 0.521527 0.379366 0.0568643 0.0016247
 0.151134 0.462217 0.34131 0.0453401 0
 0.294876 0.26143 0.354403 0.0886775 0.000613685
 0.281977 0.475581 0.204845 0.0348837 0.00271318
 0 0 0 0 0
pf_pred 
 0.3397 0.464729 0.174775 0.0207852 1.08535e-05
 0.317859 0.524208 0.111155 0.0418033 0.00497406
 0.181408 0.608935 0.161116 0.0341637 0.014377
 0.303106 0.417922 0.207522 0.0549073 0.0165424
 0.321875 0.478586 0.119662 0.059419 0.020458
 0.171584 0.593215 0.165992 0.0415036 0.0277045
 0.266096 0.398663 0.240061 0.0671734 0.028007
 0.210384 0.527761 0.142242 0.0856532 0.0339601
 0.244248 0.460685 0.197216 0.0531536 0.0446976
 0.219609 0.512958 0.16302 0.0697874 0.0346259
 0.115791 0.54788 0.221072 0.0702573 0.0449995
 0.112139 0.405381 0.298958 0.120631 0.0628914
 0.19351 0.358038 0.204755 0.151002 0.0926959
 0.175322 0.518993 0.135708 0.0776086 0.0923691
 0.25048 0.492612 0.161679 0.0422763 0.0529523
 0.329808 0.498094 0.11311 0.0371235 0.0218656
 0.220959 0.59015 0.140386 0.0318796 0.0166259
 0.231571 0.484316 0.215225 0.0511983 0.0176898
 0.229866 0.488543 0.177478 0.0788693 0.025244
 0.333439 0.419363 0.156812 0.0569667 0.0334183
 0.273021 0.538077 0.118847 0.0444404 0.025615
 0.254021 0.501505 0.180948 0.0399667 0.0235587
 0.288106 0.464633 0.166228 0.0599768 0.021056
 0.255194 0.515986 0.149344 0.0534298 0.0260459
 0.0794228 0.604177 0.219195 0.0634428 0.0337619
pobs_RECLAS
 0 0 0 0 0
 0 0 0 0 0
 0 0 0 0 0
 0 0 0 0 0
 0.835266 0.146461 0.0176864 0.000547809 3.91292e-05
 0.385257 0.428462 0.181853 0.0044286 0
 0.867414 0.0963971 0.0333333 0.00285562 0
 0.441836 0.489002 0.0689373 0.000224442 0
 0.779404 0.147425 0.0564933 0.0165055 0.000172143
 0.814271 0.122319 0.05973 0.00367925 0
 0.40263 0.566651 0.0304383 0.000280538 0
 0.475488 0.404961 0.113038 0.00651328 0
 0.955842 0.0263864 0.0167828 0.000988607 0
 0.975058 0.0227948 0.00214734 0 0
 0.738997 0.206755 0.0527124 0.00153531 0
 0.850938 0.134255 0.0134407 0.00136685 0
 0.542534 0.407297 0.0501686 0 0
 0.764087 0.199537 0.0359546 0.000420521 0
 0.470689 0.182191 0.310203 0.0369168 0
 0.84361 0.089868 0.0606195 0.00523954 0.000663233
 0.607945 0.314616 0.071237 0.00620181 0
 0.523733 0.453247 0.0230204 0 0
 0.530135 0.295979 0.169645 0.0042399 0
 0.562478 0.366248 0.0663022 0.0049721 0
 0.250443 0.683176 0.0655157 0.000865301 0
ppred_RECLAS
 0.735842 0.185918 0.06992 0.00831525 4.34203e-06
 0.715029 0.218993 0.0464362 0.0174637 0.00207796
 0.547423 0.336664 0.0890764 0.0188882 0.00794867
 0.697227 0.181571 0.0901601 0.0238551 0.00718703
 0.714496 0.201494 0.0503803 0.0250166 0.00861322
 0.524304 0.340638 0.0953167 0.0238324 0.0159086
 0.657712 0.185934 0.111963 0.0313292 0.0130623
 0.587073 0.275991 0.0743851 0.0447921 0.0177594
 0.633379 0.223482 0.0956709 0.0257852 0.0216831
 0.599859 0.263016 0.0835874 0.0357831 0.0177542
 0.414664 0.36269 0.146347 0.0465095 0.0297891
 0.405332 0.271514 0.200235 0.0807956 0.0421231
 0.569079 0.191305 0.109404 0.0806827 0.0495289
 0.55214 0.281851 0.0736991 0.0421471 0.0501631
 0.657474 0.22512 0.0738863 0.01932 0.0241988
 0.726597 0.203196 0.0461428 0.0151444 0.00892002
 0.603002 0.300739 0.0715405 0.0162458 0.00847252
 0.616007 0.242018 0.107551 0.0255844 0.00883979
 0.613335 0.245285 0.089107 0.0395983 0.0126744
 0.726708 0.17194 0.0642935 0.0233565 0.0137016
 0.665123 0.247861 0.054746 0.0204711 0.0117993
 0.643246 0.239838 0.0865359 0.0191135 0.0112666
 0.682075 0.2075 0.0742358 0.026785 0.0094034
 0.644936 0.245981 0.0711955 0.025471 0.0124166
 0.313697 0.450422 0.163413 0.0472974 0.02517
pobs_PELACES
 0 0 0 0 0
 0 0 0 0 0
 0 0 0 0 0
 0 0 0 0 0
 0 0 0 0 0
 0 0 0 0 0
 0 0 0 0 0
 0 0 0 0 0
 0 0 0 0 0
 0 0 0 0 0
 0.450072 0.473896 0.0757376 0.000293798 0
 0 0 0 0 0
 0.463077 0.371075 0.160297 0.00555027 0
 0.529543 0.364841 0.0842815 0.0213345 0
 0.631943 0.363953 0.00410389 0 0
 0.735681 0.248677 0.0153453 0.000297389 0
 0.695825 0.281241 0.0229344 0 0
 0.275771 0.60734 0.115278 0.00161068 0
 0 0 0 0 0
 0.896147 0.0623911 0.0374545 0.00400742 0
 0.803859 0.145111 0.0509908 3.86294e-05 0
 0.739449 0.233085 0.0266225 0.000797448 4.60066e-05
 0.878498 0.100942 0.0204185 0.000141795 0
 0.694673 0.275183 0.0284847 0.00165964 0
 0 0 0 0 0
ppred_PELACES
 0.757704 0.170531 0.0641333 0.00762707 3.98268e-06
 0.73429 0.204191 0.0432977 0.0162834 0.00193752
 0.582113 0.310858 0.0822488 0.0174404 0.00733941
 0.702867 0.178189 0.0884806 0.0234107 0.00705315
 0.715545 0.200754 0.0501952 0.0249247 0.00858157
 0.536792 0.331696 0.0928145 0.0232067 0.0154909
 0.664769 0.1821 0.109654 0.0306833 0.0127929
 0.601969 0.266034 0.0717016 0.0431762 0.0171187
 0.649255 0.213804 0.0915279 0.0246686 0.0207442
 0.612947 0.254413 0.0808534 0.0346127 0.0171735
 0.442229 0.34561 0.139455 0.0443193 0.0283863
 0.430716 0.259924 0.191688 0.0773468 0.0403251
 0.609191 0.173498 0.0992202 0.0731724 0.0449186
 0.622655 0.237474 0.0620952 0.0355111 0.042265
 0.715672 0.186871 0.0613324 0.0160374 0.0200873
 0.747287 0.187818 0.0426508 0.0139983 0.00824497
 0.621081 0.287044 0.0682827 0.015506 0.0080867
 0.628161 0.234358 0.104146 0.0247746 0.00855998
 0.623799 0.238647 0.0866957 0.0385267 0.0123314
 0.735631 0.166326 0.0621943 0.0225939 0.0132542
 0.669854 0.244359 0.0539725 0.0201819 0.0116326
 0.64948 0.235647 0.0850237 0.0187795 0.0110697
 0.689162 0.202875 0.072581 0.0261879 0.00919379
 0.652457 0.24077 0.0696874 0.0249315 0.0121536
 0.320194 0.446158 0.161866 0.0468497 0.0249317
pobs_pel_tallas
 0 0 0 0 0 0 0 0 0 0 0 0 0 0 0 0 0 0 0 0 0 0 0 0 0 0 0 0 0 0 0 0 0 0 0 0
 0 0 0 0 0 0 0 0 0 0 0 0 0 0 0 0 0 0 0 0 0 0 0 0 0 0 0 0 0 0 0 0 0 0 0 0
 0 0 0 0 0 0 0 0 0 0 0 0 0 0 0 0 0 0 0 0 0 0 0 0 0 0 0 0 0 0 0 0 0 0 0 0
 0 0 0 0 0 0 0 0 0 0 0 0 0 0 0 0 0 0 0 0 0 0 0 0 0 0 0 0 0 0 0 0 0 0 0 0
 0 0 0 0 0 0 0 0 0 0 0 0 0 0 0 0 0 0 0 0 0 0 0 0 0 0 0 0 0 0 0 0 0 0 0 0
 0 0 0 0 0 0 0 0 0 0 0 0 0 0 0 0 0 0 0 0 0 0 0 0 0 0 0 0 0 0 0 0 0 0 0 0
 0 0 0 0 0 0 0 0 0 0 0 0 0 0 0 0 0 0 0 0 0 0 0 0 0 0 0 0 0 0 0 0 0 0 0 0
 0 0 0 0 0 0 0 0 0 0 0 0 0 0 0 0 0 0 0 0 0 0 0 0 0 0 0 0 0 0 0 0 0 0 0 0
 0 0 0 0 0 0 0 0 0 0 0 0 0 0 0 0 0 0 0 0 0 0 0 0 0 0 0 0 0 0 0 0 0 0 0 0
 0 0 0 0 0 0 0 0 0 0 0 0 0 0 0 0 0 0 0 0 0 0 0 0 0 0 0 0 0 0 0 0 0 0 0 0
 0 0 0 0 0 0 0 0 1.78061e-05 0.00172719 0.00360574 0.0105946 0.0120993 0.0124554 0.0147524 0.0171206 0.0266825 0.0428682 0.0675386 0.121331 0.153587 0.119568 0.100827 0.0573624 0.0630603 0.0341343 0.0324427 0.0444173 0.0211091 0.0280891 0.0125444 0.00206551 0 0 0 0
 0 0 0 0 0 0 0 0 0 0 0 0 0 0 0 0 0 0 0 0 0 0 0 0 0 0 0 0 0 0 0 0 0 0 0 0
 0 0 0 0 0 0 0.0133647 0.0140871 0.0187388 0.0205184 0.03894 0.0496705 0.03968 0.0493445 0.0407372 0.0367815 0.0215668 0.0243155 0.0234873 0.0199281 0.019796 0.0243948 0.0301388 0.0376714 0.0412746 0.0863199 0.0771752 0.113111 0.0741005 0.0525337 0.0229764 0.00759418 0.00175318 0 0 0
 0 0 0 0 0 0 0 0 0 0 0.00219441 0.00772107 0.0458388 0.0604681 0.0671733 0.0775358 0.0609151 0.0617685 0.073594 0.0568108 0.0755445 0.0548602 0.0670107 0.0636378 0.0643287 0.046367 0.0373049 0.0286899 0.0247887 0.0153202 0.00654259 0.00121912 0.000365735 0 0 0
 0 0 0 0 0 0 0 0 0 0 0 0 0.000112435 0.00938835 0.0111873 0.0202946 0.0414886 0.0713402 0.111592 0.104902 0.108894 0.110636 0.117776 0.105296 0.107544 0.0401394 0.0192827 0.0124803 0.00416011 0.0028671 0.000618394 0 0 0 0 0
 0 0 0 0 0 0 0 0 0 0 0.00291406 0.0102884 0.027416 0.0768956 0.0749926 0.110853 0.0956884 0.0897413 0.0766577 0.0534642 0.0500743 0.0551293 0.0594112 0.0620874 0.0668451 0.0424026 0.0208742 0.0120726 0.0048766 0.00582813 0.00118941 0.000297354 0 0 0 0
 0 0.00264628 0.0354308 0.0461629 0.0458689 0.0383711 0.0214643 0.0164657 0.0346957 0.0420465 0.0363128 0.0245516 0.0311673 0.0291091 0.0169068 0.0133784 0.00837989 0.0085269 0.0148486 0.0160247 0.0276389 0.0546898 0.0760071 0.122758 0.109233 0.0665981 0.0333725 0.0166128 0.00676272 0.00308733 0.000882094 0 0 0 0 0
 0 0 0 0 0 0 0 0.000805153 0.000690131 0.00759144 0.0133425 0.0154129 0.00931677 0.000345066 0.00356568 0.00563607 0.00851162 0.0253048 0.0502646 0.0516448 0.0657925 0.0565908 0.0611916 0.0827007 0.0866115 0.110766 0.145733 0.0935128 0.0569358 0.0249597 0.0138026 0.00621118 0.00161031 0.00115022 0 0
 0 0 0 0 0 0 0 0 0 0 0 0 0 0 0 0 0 0 0 0 0 0 0 0 0 0 0 0 0 0 0 0 0 0 0 0
 0.00147267 0.00158595 0.00478618 0.00569244 0.00954404 0.0108468 0.00647125 0.017049 0.0510054 0.094081 0.124002 0.0959785 0.0687766 0.0820023 0.061753 0.0591476 0.0492212 0.0479892 0.0443925 0.0268479 0.0217502 0.0140895 0.0121071 0.0120363 0.00920419 0.00665534 0.0049561 0.00860946 0.00930331 0.0156896 0.0114698 0.00855282 0.00243557 0.00046729 0 2.83206e-05
 0 0 0 0 0.000772559 0.00158375 0.000888443 0.00281984 0.00712685 0.0440552 0.0773331 0.111326 0.0921469 0.0852325 0.0710754 0.0886704 0.0786465 0.0553345 0.0373146 0.0185414 0.00753245 0.00457741 0.012979 0.0271748 0.0457355 0.0583668 0.034881 0.0177882 0.00938659 0.00492506 0.0015258 0.00185414 0.000309023 5.79419e-05 3.86279e-05 0
 0 0.00173294 0.00326652 0 0.00397197 0.00683976 0.00946217 0.0152591 0.00757587 0.0136028 0.0228656 0.0392903 0.0559909 0.0764795 0.0681675 0.0726916 0.0566044 0.0477403 0.0527397 0.0444891 0.0609904 0.0582453 0.0661739 0.0445044 0.0529084 0.0360697 0.0280645 0.0235558 0.0158879 0.00826598 0.00280645 0.00217768 0.000904811 0.00058276 9.20147e-05 0
 0 0 0 0 0 0 0 0 0 0 0 0 0 0 0 0 0 0 0 0 0 0 0 0 0 0 0 0 0 0 0 0 0 0 0 0
 0 0 0 0 0 0 0 0 0 0 0 0 0 0 0 0 0 0 0 0 0 0 0 0 0 0 0 0 0 0 0 0 0 0 0 0
 0 0 0 0 0 0 0 0 0 0 0 0 0 0 0 0 0 0 0 0 0 0 0 0 0 0 0 0 0 0 0 0 0 0 0 0
ppred_pel_tallas
 1.01229e-16 3.30592e-05 0.000194032 0.000922341 0.00355107 0.0110737 0.0279712 0.0572328 0.0948696 0.127407 0.138643 0.122292 0.0875368 0.0510797 0.0247764 0.010892 0.00581831 0.00530674 0.00675182 0.00900354 0.0115802 0.0141782 0.016512 0.0183138 0.0193799 0.0196138 0.0190434 0.0178051 0.016103 0.0141576 0.0121611 0.0102517 0.00850872 0.00696323 0.00561648 0.00445636
 1.01332e-16 3.20395e-05 0.000188042 0.00089386 0.0034414 0.0107317 0.0271074 0.0554656 0.0919414 0.123478 0.134377 0.118549 0.0849034 0.0496351 0.024247 0.01095 0.00626171 0.00607343 0.00785699 0.0104779 0.0134304 0.0163658 0.0189464 0.0208581 0.02187 0.0218854 0.0209612 0.0192857 0.0171257 0.0147611 0.0124283 0.010288 0.00841943 0.00683683 0.00551473 0.00441242
 1.02212e-16 2.54083e-05 0.000149101 0.000708708 0.00272848 0.00850842 0.0214918 0.0439765 0.0729013 0.0979209 0.106601 0.0941322 0.0676073 0.039909 0.0202156 0.0103495 0.00762025 0.0088221 0.0119608 0.0160836 0.0206612 0.0252208 0.0292584 0.0322948 0.0339729 0.0341367 0.0328617 0.030422 0.0272127 0.0236514 0.0200937 0.0167848 0.0138516 0.0113252 0.00917865 0.00736206
 1.02449e-16 3.06683e-05 0.000179995 0.000855605 0.00329411 0.0102724 0.0259472 0.0530916 0.0880059 0.118192 0.128621 0.113466 0.0812499 0.0474738 0.0231456 0.0103794 0.00584252 0.00560762 0.00726752 0.00975782 0.0126242 0.0155671 0.0182948 0.0205272 0.0220437 0.0227271 0.0225822 0.0217206 0.0203216 0.0185831 0.0166798 0.0147396 0.0128412 0.0110262 0.00931595 0.00772571
 1.02036e-16 3.12219e-05 0.000183243 0.000871044 0.00335355 0.0104577 0.0264154 0.0540498 0.0895946 0.120326 0.130948 0.115526 0.0827432 0.0483816 0.0236529 0.0107135 0.0061734 0.00603244 0.00783112 0.0104679 0.0134535 0.0164502 0.0191294 0.0211833 0.0223823 0.0226247 0.0219555 0.020545 0.0186387 0.0164944 0.014329 0.0122892 0.0104475 0.00881878 0.00738544 0.0061198
 1.02947e-16 2.34329e-05 0.000137502 0.000653561 0.00251614 0.00784625 0.0198192 0.0405545 0.06723 0.0903075 0.0983237 0.0868504 0.0624363 0.0369753 0.0189494 0.0100614 0.00785265 0.00938455 0.0128235 0.0172777 0.0222234 0.0271684 0.0315792 0.0349458 0.0368856 0.0372278 0.0360454 0.0336208 0.0303631 0.026705 0.0230143 0.0195436 0.016423 0.0136853 0.0113061 0.00924031
 1.03269e-16 2.90073e-05 0.000170242 0.000809241 0.0031156 0.00971568 0.0245411 0.0502146 0.0832374 0.111789 0.121658 0.107333 0.07688 0.0449649 0.022006 0.0100123 0.00584243 0.00579217 0.00759263 0.01024 0.0133007 0.0164799 0.0194834 0.0220239 0.023869 0.0248857 0.0250596 0.0244815 0.02331 0.0217245 0.0198859 0.0179154 0.0158936 0.0138721 0.0118895 0.00998284
 1.03389e-16 2.62722e-05 0.000154178 0.000732851 0.00282145 0.00879837 0.0222241 0.0454745 0.0753831 0.101249 0.110211 0.0972896 0.0698078 0.0410729 0.020556 0.0101183 0.00695525 0.00773787 0.010407 0.0140054 0.0180427 0.0221121 0.0257879 0.0286644 0.0304358 0.0309621 0.0302935 0.0286431 0.0263207 0.0236521 0.0209101 0.0182776 0.0158446 0.0136305 0.0116175 0.0097796
 1.03186e-16 2.8332e-05 0.000166275 0.000790375 0.00304295 0.00948911 0.0239688 0.0490439 0.0812979 0.109187 0.118834 0.104861 0.0751514 0.0440379 0.0217084 0.010139 0.00627466 0.00650476 0.00860963 0.0115893 0.0149833 0.0184519 0.0216505 0.0242473 0.0259843 0.0267298 0.0264993 0.0254368 0.0237651 0.0217256 0.0195263 0.0173142 0.0151728 0.0131379 0.0112211 0.00942822
 1.03223e-16 2.67504e-05 0.000156986 0.000746206 0.00287287 0.00895873 0.0226292 0.0463032 0.0767563 0.103092 0.112213 0.0990481 0.0710498 0.0417639 0.0208284 0.0101314 0.00681074 0.00747238 0.0100202 0.0134869 0.0173886 0.0213329 0.0249113 0.0277333 0.0295019 0.0300768 0.0294987 0.0279638 0.0257624 0.0232022 0.0205438 0.0179655 0.0155597 0.0133536 0.0113389 0.00949877
 1.04942e-16 1.93102e-05 0.000113297 0.000538481 0.00207305 0.00646449 0.016329 0.0334134 0.0553942 0.0744163 0.0810414 0.0716313 0.0515968 0.0307606 0.0161433 0.00918758 0.00791077 0.00992839 0.013749 0.0186283 0.0240889 0.029644 0.0347477 0.0388662 0.0415855 0.0426974 0.0422333 0.0404329 0.0376638 0.0343222 0.0307483 0.0271811 0.023754 0.0205212 0.0174952 0.0146793
 1.07348e-16 1.88047e-05 0.000110337 0.000524428 0.00201897 0.00629586 0.015903 0.0325411 0.0539461 0.0724649 0.0789005 0.0697014 0.0501253 0.0297211 0.0153035 0.00825319 0.00661872 0.00807234 0.0111823 0.0152804 0.019997 0.0249833 0.0298414 0.0341641 0.037608 0.0399542 0.0411368 0.0412256 0.0403792 0.038786 0.0366176 0.0340065 0.0310512 0.0278346 0.024445 0.0209872
 1.06079e-16 2.65833e-05 0.000156013 0.000741594 0.00285515 0.00890347 0.0224895 0.0460168 0.0762794 0.102445 0.111492 0.0983701 0.0704742 0.0412466 0.0202401 0.00930276 0.00556464 0.00564155 0.00746552 0.0101277 0.0132406 0.0165416 0.0197661 0.022651 0.0249788 0.0266162 0.0275295 0.0277712 0.0274454 0.0266671 0.0255308 0.0240982 0.0224048 0.0204773 0.0183529 0.0160896
 1.04154e-16 2.71729e-05 0.000159469 0.000758011 0.00291833 0.00910051 0.0229873 0.0470358 0.07797 0.104721 0.11398 0.100595 0.0721325 0.0423457 0.0210169 0.0100543 0.00654063 0.00702095 0.00936515 0.0125996 0.016253 0.0199582 0.0233387 0.0260363 0.0277809 0.0284476 0.0280778 0.0268536 0.0250395 0.0229099 0.0206901 0.0185245 0.0164773 0.0145542 0.0127341 0.0109959
 1.02422e-16 3.1227e-05 0.000183274 0.000871193 0.00335413 0.0104595 0.02642 0.054059 0.0896095 0.120345 0.130965 0.115535 0.0827339 0.0483455 0.0235783 0.0105844 0.00596903 0.00572959 0.00740905 0.00991489 0.0127738 0.0156697 0.0182973 0.0203689 0.0216662 0.0220863 0.0216593 0.0205298 0.0189117 0.0170316 0.0150818 0.0131936 0.0114347 0.00982461 0.00835639 0.0070164
 1.01533e-16 3.26056e-05 0.000191367 0.000909671 0.00350228 0.0109215 0.0275869 0.0564466 0.093567 0.125659 0.136746 0.120628 0.0863678 0.0504417 0.0245489 0.0109306 0.00603464 0.00567389 0.00727596 0.00969546 0.0124371 0.0151742 0.017596 0.0194139 0.020415 0.0205083 0.0197429 0.0182872 0.0163811 0.0142762 0.0121843 0.0102488 0.00853991 0.00707007 0.00581734 0.0047476
 1.01974e-16 2.71064e-05 0.000159073 0.000756121 0.00291104 0.00907774 0.0229298 0.0469186 0.0777772 0.104466 0.113715 0.100388 0.0720421 0.0424103 0.0212668 0.0105345 0.00732114 0.00818995 0.0110091 0.0147766 0.0189653 0.0231287 0.0267997 0.029537 0.0310139 0.0310909 0.0298437 0.0275322 0.0245273 0.0212195 0.0179396 0.0149139 0.0122561 0.00998982 0.00808347 0.00648404
 1.02807e-16 2.74131e-05 0.000160878 0.000764713 0.00294414 0.00918097 0.0231905 0.0474516 0.0786593 0.105646 0.114987 0.101482 0.0727654 0.0427112 0.0211877 0.0101197 0.00656449 0.00703823 0.00939503 0.0126571 0.0163542 0.0201197 0.0235743 0.0263513 0.0281655 0.0288714 0.0284872 0.0271743 0.0251841 0.0227906 0.0202336 0.0176864 0.0152516 0.012977 0.0108795 0.00896511
 1.03209e-16 2.7223e-05 0.000159762 0.000759405 0.0029237 0.00911724 0.0230295 0.0471223 0.0781134 0.104913 0.114191 0.100782 0.0722696 0.0424323 0.0210716 0.0101009 0.00659919 0.00710764 0.00949403 0.012784 0.0165048 0.0202857 0.023743 0.0265088 0.0282998 0.0289771 0.0285688 0.0272475 0.0252738 0.0229268 0.0204451 0.0179942 0.0156643 0.0134884 0.0114696 0.0096038
 1.02333e-16 3.20964e-05 0.00018838 0.000895474 0.00344762 0.0107511 0.0271564 0.0555656 0.0921062 0.123696 0.134606 0.118732 0.0849915 0.0496008 0.0240713 0.0106039 0.0056983 0.00523286 0.00668223 0.0089347 0.0115278 0.014172 0.0165943 0.0185375 0.0198038 0.0202958 0.0200322 0.0191321 0.017776 0.0161573 0.014441 0.0127417 0.0111218 0.00960411 0.00819088 0.00687983
 1.02083e-16 2.92314e-05 0.000171553 0.000815459 0.00313952 0.00979026 0.0247295 0.0506006 0.0838789 0.112655 0.122613 0.108205 0.07757 0.0454984 0.0225075 0.0106412 0.00675056 0.00710776 0.00941106 0.0126056 0.0161815 0.0197456 0.0229 0.0252707 0.0265813 0.0267142 0.0257332 0.0238574 0.0213983 0.0186819 0.0159822 0.0134838 0.0112762 0.00937385 0.00774726 0.00635182
 1.02447e-16 2.83427e-05 0.000166336 0.000790659 0.00304404 0.0094925 0.0239774 0.0490617 0.0813279 0.109229 0.118885 0.104917 0.075216 0.044125 0.0218425 0.0103533 0.00660804 0.00699814 0.00929907 0.0124964 0.016104 0.0197477 0.0230443 0.0256279 0.0272195 0.0276857 0.0270623 0.0255315 0.023366 0.020858 0.0182594 0.0157472 0.0134194 0.011311 0.00942123 0.00773609
 1.02426e-16 3.00717e-05 0.00017649 0.000838938 0.00322993 0.0100722 0.0254417 0.0520574 0.0862924 0.115893 0.126126 0.111279 0.079717 0.0466441 0.0228636 0.0104595 0.00617446 0.00616326 0.00806293 0.0108147 0.0139445 0.0171183 0.0200058 0.0222925 0.0237384 0.0242272 0.0237864 0.022568 0.0208001 0.0187269 0.016558 0.0144394 0.012451 0.0106216 0.00895168 0.00743351
 1.02493e-16 2.84727e-05 0.000167099 0.000794285 0.00305799 0.00953603 0.0240873 0.0492867 0.0817009 0.109731 0.119431 0.1054 0.0755656 0.0443361 0.021958 0.0104254 0.0066752 0.00708122 0.00940623 0.0126268 0.0162489 0.0198898 0.0231591 0.0256865 0.0271932 0.0275525 0.0268121 0.0251699 0.0229147 0.0203516 0.0177396 0.0152559 0.0129916 0.0109708 0.00917897 0.00758945
 1.05218e-16 1.3993e-05 8.20708e-05 0.000390009 0.00150136 0.00468166 0.0118259 0.0242005 0.0401267 0.0539243 0.0587734 0.0520639 0.0377527 0.0230097 0.0129961 0.00884866 0.00922404 0.012464 0.0175021 0.0237298 0.0306337 0.0376036 0.0439347 0.0489386 0.052087 0.0531245 0.052113 0.0493888 0.0454566 0.0408572 0.036055 0.0313747 0.0269945 0.0229785 0.0193272 0.0160215
pSPR Fmed_Fpbrs
0.702777   0.335608 0.335608
Fs Fmed_Fpbrs
0.221236   1.005 1.005
SSBpbr Bo_Bmed_Bpbrs
1.3176e+06  860099  376317 376317
Ro
55121.1
SPR SPRFo_SPRFmed_SPRFpbrs
1.13602e+06 798368 381257
log_Ro
10.7373
likeval ReclasPelacesDesembMPH_pf_preclas_ppelaces_ptallas_desvR_qrecl_qpela
 64.5478 26.9312 0.0172609 0.0013458 287.598 198.582 70.8319 0 15.6309 7.95329e-05 0 0 0 0 0
q_reclas_q_pelaces
0.282596 1
M
0.7
N
 51490.6 15501.5 5829.81 693.312 0.362031
 66436.7 23553.4 4994.36 1878.28 223.491
 40443.2 30805.2 8150.62 1728.29 727.315
 66981.1 18167.7 9021.27 2386.9 719.122
 114818 32633.4 8159.44 4051.61 1394.97
 81042.6 56809.1 15896.2 3974.59 2653.11
 130976 38836.9 23386.2 6543.88 2728.37
 123197 63601.7 17141.9 10322.3 4092.61
 149463 58551.1 25065.3 6755.59 5680.87
 148328 70671.2 22459.5 9614.73 4770.48
 68292.9 70844.5 28586.1 9084.74 5818.74
 39901.6 31307.3 23088.4 9316.26 4857.07
 42572.9 18399.2 10522.2 7759.83 4763.55
 23670.1 18792.8 4913.99 2810.22 3344.7
 18510.2 9556.44 3136.5 820.139 1027.25
 23064.4 7582.69 1721.92 565.146 332.87
 18968.4 10617.2 2525.64 573.534 299.11
 21001.8 8923.65 3965.58 943.342 325.939
 23504.5 10053.3 3652.14 1622.98 519.473
 44625 11310.1 4229.2 1536.38 901.284
 55749.1 21457.2 4739.32 1772.17 1021.46
 70173.1 27268.3 9838.67 2173.1 1280.95
 106889 34178.6 12227.8 4411.91 1548.89
 129325 51854.4 15008.5 5369.46 2617.5
 41748.5 62733.2 22759.6 6587.42 3505.58
pred_Ctot
 2933.66 4013.42 1509.37 179.502 0.0937316
 3178.76 5242.37 1111.61 418.056 49.7433
 2790.64 9367.38 2478.48 525.547 221.165
 911.062 1256.17 623.758 165.038 49.7223
 301.35 448.067 112.032 55.63 19.1534
 2042.85 7062.72 1976.28 494.135 329.845
 2086.52 3126.01 1882.37 526.722 219.609
 3813.56 9566.54 2578.37 1552.61 615.584
 5156.04 9725.01 4163.2 1122.07 943.56
 4083.13 9537.32 3030.99 1297.54 643.793
 3791.39 17939.4 7238.63 2300.46 1473.43
 2058.49 7441.4 5487.85 2214.37 1154.47
 3423.99 6335.17 3622.96 2671.84 1640.17
 3221.03 9535 2493.23 1425.83 1697.01
 2356.5 4634.48 1521.07 397.734 498.173
 1216.42 1837.1 417.178 136.921 80.6461
 720.255 1923.7 457.615 103.918 54.1952
 545.613 1141.12 507.1 120.63 41.6796
 524.981 1115.76 405.334 180.126 57.6538
 1019.94 1282.77 479.666 174.253 102.222
 602.865 1188.14 262.43 98.1302 56.5612
 969.016 1913.09 690.263 152.461 89.8695
 1776.33 2864.72 1024.89 369.79 129.822
 2157.29 4361.92 1262.49 451.671 220.18
 633.81 4821.45 1749.22 506.286 269.427
F
 0.0821307 0.43263 0.43263 0.43263 0.43263
 0.0685654 0.361174 0.361174 0.361174 0.361174
 0.100255 0.528099 0.528099 0.528099 0.528099
 0.0190732 0.10047 0.10047 0.10047 0.10047
 0.00365538 0.019255 0.019255 0.019255 0.019255
 0.0356049 0.187552 0.187552 0.187552 0.187552
 0.0223713 0.117842 0.117842 0.117842 0.117842
 0.0438829 0.231157 0.231157 0.231157 0.231157
 0.0490143 0.258186 0.258186 0.258186 0.258186
 0.0389397 0.205118 0.205118 0.205118 0.205118
 0.079953 0.421159 0.421159 0.421159 0.421159
 0.0741077 0.390368 0.390368 0.390368 0.390368
 0.117743 0.620221 0.620221 0.620221 0.620221
 0.206996 1.09037 1.09037 1.09037 1.09037
 0.192456 1.01378 1.01378 1.01378 1.01378
 0.0758176 0.399375 0.399375 0.399375 0.399375
 0.0540703 0.284819 0.284819 0.284819 0.284819
 0.0367135 0.193391 0.193391 0.193391 0.193391
 0.0314916 0.165884 0.165884 0.165884 0.165884
 0.032236 0.169806 0.169806 0.169806 0.169806
 0.0151376 0.0797384 0.0797384 0.0797384 0.0797384
 0.0193662 0.102013 0.102013 0.102013 0.102013
 0.0233474 0.122984 0.122984 0.122984 0.122984
 0.0234363 0.123453 0.123453 0.123453 0.123453
 0.0213095 0.11225 0.11225 0.11225 0.11225
YTP_r0W_actual
 5197.24 106072 55275.4 21010.9 12905.5
YTP_p0W_proyectada
 52116.2 215337 424370 202196 97529.5
CTP_r0_actual
 633.81 4821.45 1749.22 506.286 269.427
CTP_p0_proyectada
 6355.63 9788.06 13429.4 4872.2 2036.11
Wmedp
 8.2 22 31.6 41.5 47.9
nmprior
 10 11 7 0
nm_flota  nm_reclas  nm_pelaces    nm_pelaL
inf 13.9809 20.0817 36.5899
cv_recla  cv_pelaces  cv_mph
0.726717 0.61065 1.19022
 ------------------------------------------------
Talla a la edad & desviaci?n 
 7.2 14.2025 17.0495 18.207 18.6776
 1.08 2.13037 2.55742 2.73105 2.80164
