years
 1997 1998 1999 2000 2001 2002 2003 2004 2005 2006 2007 2008 2009 2010 2011 2012 2013 2014 2015 2016 2017
reclasobs
 0 0 0 370054 412103 1.49427e+06 250295 1.28982e+06 931140 785840 897777 1.04006e+06 184774 17550 25797 100020 73551 82996 120727 218422 84188
reclaspred
 375908 102063 313562 234180 351311 418165 922639 617660 692740 632576 498799 334410 204639 95612.9 68101.3 70332.7 88664.5 120749 124292 165087 193184
pelacesobs
 0 0 0 0 0 0 0 0 0 2.06254e+06 1.5e+06 0 1.87456e+06 323000 250000 174000 83755 137374 0 501740 490994
pelacespred
 1.08346e+06 267105 501141 567140 727256 727935 1.82302e+06 1.52203e+06 1.50921e+06 1.39234e+06 991100 685528 418234 163666 114463 126280 166033 228480 243489 314335 403116
mphobs
 0 0 0 0 0 112323 0 153150 637223 0 255016 313432 73983 77613 109348 50772 0 0 0 0 0
mphpred
 142290 85978.9 104538 129457 140102 222635 335166 395635 340534 346288 326628 230588 141913 74806.4 36544.2 31869.3 39077.5 54190.3 66683.7 73435 98145.6
desembarqueobs
 350755 77701 442110 56441 14545 235359 269955 359681 431902 328805 639364 411747 362871 311530 167758 66681 60226 58785 57116 71774 51957
desembarquepred
 350760 77700.2 442096 56441.8 14545.1 235390 269978 359677 431923 328820 639550 411977 363186 311953 167794 66691.2 60243 58785.5 57111.8 71772.4 51958.5
Reclutas
 50909.5 65770.5 39804.4 66700.7 114927 80556.1 130851 123433 150423 149468 68449.5 39750.7 42586.7 23706.8 18570.1 23180.6 19071.8 21119.7 22539 36181.1 29385.2
log_desv_Rt
 0.0339761 0.290098 -0.212095 0.304143 0.848222 0.492881 0.977983 0.919627 1.11738 1.11101 0.330023 -0.213446 -0.14453 -0.730313 -0.974521 -0.752756 -0.947863 -0.845868 -0.780825 -0.307536 -0.515582
SSB
 709296 428595 521109 645330 698391 1.10981e+06 1.67076e+06 1.97219e+06 1.69752e+06 1.7262e+06 1.6282e+06 1.14945e+06 707418 372901 182169 158865 194797 270132 332410 366065 489244
BT
 2.22731e+06 609680 1.1414e+06 1.07527e+06 1.3133e+06 1.48864e+06 3.44898e+06 3.13329e+06 3.09805e+06 2.81058e+06 2.3544e+06 1.60798e+06 1.10706e+06 594419 348255 281321 346725 456149 485339 621961 765011
Ftot
 0.415621 0.354904 0.527799 0.100899 0.0192222 0.187592 0.117605 0.230297 0.256337 0.203162 0.417158 0.386646 0.613256 1.07772 0.998303 0.394497 0.281317 0.191149 0.164861 0.176757 0.0968022
BD_Bspro_t
 0.948355 0.755777 0.713231 0.590591 0.723831 0.844936 0.815369 0.822316 0.774696 0.742444 0.710148 0.562937 0.449173 0.336889 0.219463 0.234638 0.349711 0.513501 0.619586 0.691818 0.767009
BD_Bspro
 0.697734 0.421608 0.512615 0.634811 0.687007 1.09172 1.64353 1.94005 1.66985 1.69807 1.60166 1.13072 0.695887 0.366822 0.179199 0.156275 0.191622 0.265729 0.326992 0.360098 0.481269
BD_Bo
 0.54716 0.330623 0.40199 0.497816 0.538748 0.856119 1.28885 1.52138 1.30949 1.33162 1.25601 0.886704 0.545711 0.28766 0.140527 0.12255 0.150269 0.208384 0.256425 0.282387 0.377409
BD_Brms
 1.90569 1.15152 1.40008 1.73383 1.87639 2.98176 4.4889 5.29877 4.56079 4.63786 4.37455 3.08828 1.90065 1.00189 0.489439 0.426828 0.523368 0.725775 0.893099 0.98352 1.31447
S_f
 0.200506 1 1 1 1
 0.200506 1 1 1 1
 0.200506 1 1 1 1
 0.200506 1 1 1 1
 0.200506 1 1 1 1
 0.200506 1 1 1 1
 0.200506 1 1 1 1
 0.200506 1 1 1 1
 0.200506 1 1 1 1
 0.200506 1 1 1 1
 0.200506 1 1 1 1
 0.200506 1 1 1 1
 0.200506 1 1 1 1
 0.200506 1 1 1 1
 0.200506 1 1 1 1
 0.200506 1 1 1 1
 0.200506 1 1 1 1
 0.200506 1 1 1 1
 0.200506 1 1 1 1
 0.200506 1 1 1 1
 0.200506 1 1 1 1
Scru_reclas
 1 1 1 1 1
 1 1 1 1 1
 1 1 1 1 1
 1 1 1 1 1
 1 1 1 1 1
 1 1 1 1 1
 1 1 1 1 1
 1 1 1 1 1
 1 1 1 1 1
 1 1 1 1 1
 1 1 1 1 1
 1 1 1 1 1
 1 1 1 1 1
 1 1 1 1 1
 1 1 1 1 1
 1 1 1 1 1
 1 1 1 1 1
 1 1 1 1 1
 1 1 1 1 1
 1 1 1 1 1
 1 1 1 1 1
Scru_pelaces
 1 1 1 1 1
 1 1 1 1 1
 1 1 1 1 1
 1 1 1 1 1
 1 1 1 1 1
 1 1 1 1 1
 1 1 1 1 1
 1 1 1 1 1
 1 1 1 1 1
 1 1 1 1 1
 1 1 1 1 1
 1 1 1 1 1
 1 1 1 1 1
 1 1 1 1 1
 1 1 1 1 1
 1 1 1 1 1
 1 1 1 1 1
 1 1 1 1 1
 1 1 1 1 1
 1 1 1 1 1
 1 1 1 1 1
pf_obs 
 0.256992 0.487395 0.22802 0.0275931 0
 0.321318 0.546541 0.124235 0.00734118 0.000564706
 0.182869 0.594174 0.210203 0.0122559 0.00049798
 0.330522 0.361315 0.267642 0.0388342 0.00168674
 0.649043 0.306663 0.0425973 0.00169635 0
 0.582887 0.30429 0.105238 0.00758474 0
 0.465427 0.430635 0.0974691 0.00646863 0
 0.296916 0.608066 0.0921331 0.00288517 0
 0.311714 0.524322 0.152257 0.0117073 0
 0.15457 0.633149 0.183074 0.0267441 0.00246327
 0.131901 0.49318 0.331252 0.0422183 0.00144891
 0.196976 0.569456 0.194076 0.0375587 0.00193317
 0.518974 0.381816 0.0799577 0.0180837 0.00116848
 0.0928022 0.601141 0.25162 0.0475244 0.00691264
 0.122501 0.610282 0.24278 0.0234846 0.000952079
 0.383417 0.481906 0.127806 0.00687128 0
 0.0376549 0.599619 0.316969 0.0457579 0
 0.0361596 0.667082 0.258105 0.0386534 0
 0.158088 0.579412 0.248529 0.0139706 0
 0.0477256 0.309471 0.559284 0.082774 0.000745712
 0.0406174 0.521527 0.379366 0.0568643 0.0016247
pf_pred 
 0.34047 0.463876 0.174819 0.0208258 9.36997e-06
 0.326312 0.51016 0.115016 0.0433455 0.00516598
 0.187948 0.600792 0.15998 0.0360675 0.0152126
 0.317179 0.407093 0.203996 0.0543205 0.0174119
 0.335999 0.470092 0.115607 0.0579312 0.0203707
 0.178755 0.589614 0.163988 0.0403285 0.0273149
 0.277634 0.391297 0.237692 0.0661084 0.0272691
 0.220234 0.521665 0.13981 0.0849272 0.0333638
 0.255557 0.454122 0.194226 0.0520539 0.0440419
 0.229674 0.506909 0.160688 0.0687256 0.034003
 0.120822 0.544971 0.219923 0.0697149 0.0445689
 0.116526 0.400995 0.299071 0.12069 0.0627171
 0.201203 0.351578 0.202986 0.151391 0.0928417
 0.182335 0.512043 0.134515 0.077663 0.0934444
 0.259892 0.483041 0.160982 0.0422904 0.0537948
 0.342239 0.486408 0.111836 0.0372713 0.0222461
 0.230566 0.582353 0.138345 0.0318084 0.016928
 0.241386 0.477592 0.212694 0.0505279 0.0178001
 0.231054 0.487346 0.177284 0.0789525 0.0253635
 0.305486 0.428891 0.168347 0.0612403 0.0360346
 0.198314 0.564259 0.146621 0.0575514 0.0332545
pobs_RECLAS
 0 0 0 0 0
 0 0 0 0 0
 0 0 0 0 0
 0 0 0 0 0
 0.835266 0.146461 0.0176864 0.000547809 3.91292e-05
 0.385257 0.428462 0.181853 0.0044286 0
 0.867414 0.0963971 0.0333333 0.00285562 0
 0.441836 0.489002 0.0689373 0.000224442 0
 0.779404 0.147425 0.0564933 0.0165055 0.000172143
 0.814271 0.122319 0.05973 0.00367925 0
 0.40263 0.566651 0.0304383 0.000280538 0
 0.475488 0.404961 0.113038 0.00651328 0
 0.955842 0.0263864 0.0167828 0.000988607 0
 0.975058 0.0227948 0.00214734 0 0
 0.738997 0.206755 0.0527124 0.00153531 0
 0.850938 0.134255 0.0134407 0.00136685 0
 0.542534 0.407297 0.0501686 0 0
 0.764087 0.199537 0.0359546 0.000420521 0
 0.470689 0.182191 0.310203 0.0369168 0
 0.84361 0.089868 0.0606195 0.00523954 0.000663233
 0.607945 0.314616 0.071237 0.00620181 0
ppred_RECLAS
 0.725439 0.193111 0.0727769 0.00866975 3.9007e-06
 0.711624 0.218377 0.0492331 0.0185543 0.00221133
 0.544541 0.336969 0.0897286 0.0202293 0.00853236
 0.699561 0.17912 0.0897577 0.0239008 0.0076612
 0.716393 0.200785 0.0493779 0.0247435 0.0087007
 0.523021 0.342448 0.095244 0.0234228 0.0158645
 0.65851 0.184981 0.112366 0.031252 0.0128912
 0.587906 0.275691 0.0738874 0.0448826 0.0176322
 0.634628 0.222883 0.0953257 0.025548 0.0216157
 0.600551 0.262856 0.0833243 0.0356374 0.0176321
 0.412959 0.363886 0.146846 0.0465497 0.0297593
 0.402471 0.271209 0.202274 0.0816276 0.0424181
 0.567317 0.190439 0.109951 0.082004 0.0502895
 0.549821 0.281914 0.0740592 0.0427586 0.0514473
 0.655714 0.224702 0.0748862 0.0196727 0.0250244
 0.726679 0.202119 0.0464714 0.0154875 0.00924397
 0.602973 0.300493 0.0713856 0.0164131 0.00873481
 0.615875 0.241829 0.107698 0.0255848 0.00901309
 0.601861 0.252334 0.0917925 0.0408795 0.0131325
 0.688903 0.192116 0.0754087 0.0274317 0.0161412
 0.553516 0.314253 0.081658 0.0320522 0.0185205
pobs_PELACES
 0 0 0 0 0
 0 0 0 0 0
 0 0 0 0 0
 0 0 0 0 0
 0 0 0 0 0
 0 0 0 0 0
 0 0 0 0 0
 0 0 0 0 0
 0 0 0 0 0
 0 0 0 0 0
 0.450072 0.473896 0.0757376 0.000293798 0
 0 0 0 0 0
 0.463077 0.371075 0.160297 0.00555027 0
 0.529543 0.364841 0.0842815 0.0213345 0
 0.631943 0.363953 0.00410389 0 0
 0.735681 0.248677 0.0153453 0.000297389 0
 0.695825 0.281241 0.0229344 0 0
 0.275771 0.60734 0.115278 0.00161068 0
 0 0 0 0 0
 0.896147 0.0623911 0.0374545 0.00400742 0
 0.803859 0.145111 0.0509908 3.86294e-05 0
ppred_PELACES
 0.746732 0.178134 0.0671329 0.00799739 3.59819e-06
 0.730453 0.204119 0.0460186 0.0173428 0.00206695
 0.57881 0.311615 0.0829775 0.0187073 0.00789039
 0.705126 0.175802 0.0880951 0.0234581 0.00751929
 0.717422 0.200056 0.0491987 0.0246537 0.00866913
 0.535351 0.333595 0.0927818 0.0228173 0.0154544
 0.665453 0.18122 0.110081 0.0306166 0.0126291
 0.602544 0.265899 0.0712629 0.0432884 0.0170059
 0.650162 0.213406 0.0912728 0.0244618 0.0206967
 0.613337 0.254442 0.0806571 0.0344966 0.0170677
 0.439871 0.347204 0.140114 0.0444157 0.0283951
 0.427228 0.259972 0.193893 0.0782456 0.0406606
 0.60652 0.173184 0.0999889 0.074574 0.0457329
 0.618759 0.238743 0.0627182 0.0362108 0.0435689
 0.712517 0.187629 0.062531 0.016427 0.0208957
 0.746857 0.187197 0.0430406 0.0143441 0.00856153
 0.620599 0.287153 0.0682166 0.0156844 0.00834704
 0.627734 0.234363 0.104373 0.024795 0.00873483
 0.612236 0.245759 0.0894005 0.0398142 0.0127903
 0.698808 0.185999 0.0730077 0.0265583 0.0156273
 0.559819 0.309817 0.0805052 0.0315997 0.018259
pobs_pel_tallas
 0 0 0 0 0 0 0 0 0 0 0 0 0 0 0 0 0 0 0 0 0 0 0 0 0 0 0 0 0 0 0 0 0 0 0 0
 0 0 0 0 0 0 0 0 0 0 0 0 0 0 0 0 0 0 0 0 0 0 0 0 0 0 0 0 0 0 0 0 0 0 0 0
 0 0 0 0 0 0 0 0 0 0 0 0 0 0 0 0 0 0 0 0 0 0 0 0 0 0 0 0 0 0 0 0 0 0 0 0
 0 0 0 0 0 0 0 0 0 0 0 0 0 0 0 0 0 0 0 0 0 0 0 0 0 0 0 0 0 0 0 0 0 0 0 0
 0 0 0 0 0 0 0 0 0 0 0 0 0 0 0 0 0 0 0 0 0 0 0 0 0 0 0 0 0 0 0 0 0 0 0 0
 0 0 0 0 0 0 0 0 0 0 0 0 0 0 0 0 0 0 0 0 0 0 0 0 0 0 0 0 0 0 0 0 0 0 0 0
 0 0 0 0 0 0 0 0 0 0 0 0 0 0 0 0 0 0 0 0 0 0 0 0 0 0 0 0 0 0 0 0 0 0 0 0
 0 0 0 0 0 0 0 0 0 0 0 0 0 0 0 0 0 0 0 0 0 0 0 0 0 0 0 0 0 0 0 0 0 0 0 0
 0 0 0 0 0 0 0 0 0 0 0 0 0 0 0 0 0 0 0 0 0 0 0 0 0 0 0 0 0 0 0 0 0 0 0 0
 0 0 0 0 0 0 0 0 0 0 0 0 0 0 0 0 0 0 0 0 0 0 0 0 0 0 0 0 0 0 0 0 0 0 0 0
 0 0 0 0 0 0 0 0 1.78061e-05 0.00172719 0.00360574 0.0105946 0.0120993 0.0124554 0.0147524 0.0171206 0.0266825 0.0428682 0.0675386 0.121331 0.153587 0.119568 0.100827 0.0573624 0.0630603 0.0341343 0.0324427 0.0444173 0.0211091 0.0280891 0.0125444 0.00206551 0 0 0 0
 0 0 0 0 0 0 0 0 0 0 0 0 0 0 0 0 0 0 0 0 0 0 0 0 0 0 0 0 0 0 0 0 0 0 0 0
 0 0 0 0 0 0 0.0133647 0.0140871 0.0187388 0.0205184 0.03894 0.0496705 0.03968 0.0493445 0.0407372 0.0367815 0.0215668 0.0243155 0.0234873 0.0199281 0.019796 0.0243948 0.0301388 0.0376714 0.0412746 0.0863199 0.0771752 0.113111 0.0741005 0.0525337 0.0229764 0.00759418 0.00175318 0 0 0
 0 0 0 0 0 0 0 0 0 0 0.00219441 0.00772107 0.0458388 0.0604681 0.0671733 0.0775358 0.0609151 0.0617685 0.073594 0.0568108 0.0755445 0.0548602 0.0670107 0.0636378 0.0643287 0.046367 0.0373049 0.0286899 0.0247887 0.0153202 0.00654259 0.00121912 0.000365735 0 0 0
 0 0 0 0 0 0 0 0 0 0 0 0 0.000112435 0.00938835 0.0111873 0.0202946 0.0414886 0.0713402 0.111592 0.104902 0.108894 0.110636 0.117776 0.105296 0.107544 0.0401394 0.0192827 0.0124803 0.00416011 0.0028671 0.000618394 0 0 0 0 0
 0 0 0 0 0 0 0 0 0 0 0.00291406 0.0102884 0.027416 0.0768956 0.0749926 0.110853 0.0956884 0.0897413 0.0766577 0.0534642 0.0500743 0.0551293 0.0594112 0.0620874 0.0668451 0.0424026 0.0208742 0.0120726 0.0048766 0.00582813 0.00118941 0.000297354 0 0 0 0
 0 0.00264628 0.0354308 0.0461629 0.0458689 0.0383711 0.0214643 0.0164657 0.0346957 0.0420465 0.0363128 0.0245516 0.0311673 0.0291091 0.0169068 0.0133784 0.00837989 0.0085269 0.0148486 0.0160247 0.0276389 0.0546898 0.0760071 0.122758 0.109233 0.0665981 0.0333725 0.0166128 0.00676272 0.00308733 0.000882094 0 0 0 0 0
 0 0 0 0 0 0 0 0.000805153 0.000690131 0.00759144 0.0133425 0.0154129 0.00931677 0.000345066 0.00356568 0.00563607 0.00851162 0.0253048 0.0502646 0.0516448 0.0657925 0.0565908 0.0611916 0.0827007 0.0866115 0.110766 0.145733 0.0935128 0.0569358 0.0249597 0.0138026 0.00621118 0.00161031 0.00115022 0 0
 0 0 0 0 0 0 0 0 0 0 0 0 0 0 0 0 0 0 0 0 0 0 0 0 0 0 0 0 0 0 0 0 0 0 0 0
 0.00147267 0.00158595 0.00478618 0.00569244 0.00954404 0.0108468 0.00647125 0.017049 0.0510054 0.094081 0.124002 0.0959785 0.0687766 0.0820023 0.061753 0.0591476 0.0492212 0.0479892 0.0443925 0.0268479 0.0217502 0.0140895 0.0121071 0.0120363 0.00920419 0.00665534 0.0049561 0.00860946 0.00930331 0.0156896 0.0114698 0.00855282 0.00243557 0.00046729 0 2.83206e-05
 0 0 0 0 0.000772559 0.00158375 0.000888443 0.00281984 0.00712685 0.0440552 0.0773331 0.111326 0.0921469 0.0852325 0.0710754 0.0886704 0.0786465 0.0553345 0.0373146 0.0185414 0.00753245 0.00457741 0.012979 0.0271748 0.0457355 0.0583668 0.034881 0.0177882 0.00938659 0.00492506 0.0015258 0.00185414 0.000309023 5.79419e-05 3.86279e-05 0
ppred_pel_tallas
 1.01287e-16 3.2581e-05 0.000191224 0.000908991 0.00349966 0.0109134 0.0275663 0.0564044 0.0934968 0.125564 0.136641 0.120531 0.0862895 0.0503782 0.0244853 0.010848 0.00591524 0.00550345 0.00704575 0.00940527 0.0120987 0.0148137 0.0172529 0.0191365 0.0202518 0.0204979 0.0199039 0.0186119 0.0168351 0.0148037 0.0127185 0.0107237 0.00890216 0.00728653 0.0058782 0.00466466
 1.01413e-16 3.18722e-05 0.00018706 0.000889191 0.00342342 0.0106756 0.0269658 0.0551758 0.0914611 0.122833 0.133675 0.117931 0.0844626 0.049381 0.0241298 0.0109089 0.00625531 0.00608263 0.0078768 0.0105097 0.0134784 0.0164352 0.019043 0.0209874 0.0220367 0.0220923 0.0212085 0.0195704 0.0174415 0.0150988 0.0127766 0.0106345 0.00875226 0.00714553 0.00579138 0.00465209
 1.02291e-16 2.52642e-05 0.000148256 0.000704688 0.002713 0.00846015 0.0213699 0.043727 0.0724879 0.0973658 0.105997 0.0936008 0.067229 0.0396926 0.0201188 0.010321 0.00762536 0.00884553 0.0119991 0.0161382 0.0207348 0.025316 0.029377 0.0324376 0.0341396 0.0343261 0.0330716 0.0306498 0.0274549 0.0239037 0.0203512 0.0170419 0.0141024 0.0115637 0.00939953 0.00756097
 1.02466e-16 3.07667e-05 0.000180572 0.000858353 0.0033047 0.0103054 0.0260306 0.0532622 0.0882885 0.118571 0.129033 0.113827 0.0815052 0.0476155 0.0232007 0.0103804 0.00581 0.00554847 0.00718092 0.00964077 0.012475 0.0153871 0.0180892 0.0203051 0.0218168 0.0225081 0.0223827 0.0215497 0.0201847 0.0184817 0.016612 0.0147009 0.0128261 0.0110287 0.00933051 0.00774756
 1.02016e-16 3.13038e-05 0.000183723 0.000873329 0.00336235 0.0104852 0.0264847 0.0541915 0.0898296 0.120642 0.131291 0.115828 0.0829576 0.0485036 0.023706 0.0107266 0.00616555 0.00601167 0.00779873 0.0104225 0.0133933 0.016374 0.019037 0.0210756 0.0222615 0.0224937 0.0218178 0.0204044 0.0184987 0.0163584 0.0142001 0.0121698 0.0103397 0.00872401 0.00730442 0.00605257
 1.02932e-16 2.33702e-05 0.000137134 0.000651808 0.00250939 0.0078252 0.0197661 0.0404457 0.0670498 0.0900656 0.0980611 0.08662 0.0622741 0.0368861 0.0189163 0.0100642 0.00787882 0.00943027 0.0128899 0.0173668 0.0223362 0.0273033 0.0317315 0.0351076 0.0370475 0.0373795 0.0361779 0.0337274 0.0304406 0.0267533 0.0230365 0.0195443 0.016408 0.0136602 0.0112758 0.00920865
 1.03264e-16 2.90371e-05 0.000170417 0.000810073 0.0031188 0.00972567 0.0245663 0.0502662 0.0833229 0.111904 0.121782 0.107442 0.0769571 0.0450073 0.022022 0.0100115 0.00583088 0.00577184 0.0075632 0.0102006 0.0132511 0.016421 0.0194175 0.0219544 0.0238002 0.0248219 0.0250044 0.0244372 0.0232773 0.0217026 0.0198728 0.0179086 0.0158905 0.0138705 0.0118879 0.00998034
 1.03381e-16 2.62972e-05 0.000154325 0.00073355 0.00282414 0.00880676 0.0222453 0.0455179 0.075455 0.101346 0.110316 0.0973821 0.0698735 0.0411104 0.0205727 0.010123 0.00695393 0.00773311 0.0103993 0.0139944 0.0180278 0.0220927 0.0257638 0.0286354 0.0304022 0.0309243 0.0302523 0.0285995 0.026276 0.0236073 0.0208666 0.0182366 0.0158069 0.013597 0.0115885 0.00975523
 1.03173e-16 2.83716e-05 0.000166507 0.000791479 0.0030472 0.00950237 0.0240023 0.0491125 0.0814115 0.10934 0.119 0.105007 0.075255 0.0440966 0.0217338 0.0101449 0.00627022 0.0064938 0.00859276 0.0115659 0.0149526 0.0184135 0.0216045 0.0241945 0.025926 0.0266675 0.0264349 0.0253717 0.0237008 0.0216632 0.0194668 0.0172583 0.0151211 0.0130911 0.0111794 0.00939204
 1.03211e-16 2.67674e-05 0.000157086 0.00074668 0.0028747 0.00896443 0.0226436 0.0463327 0.0768051 0.103158 0.112285 0.0991109 0.0710946 0.0417899 0.0208405 0.0101359 0.00681184 0.00747212 0.0100191 0.013485 0.0173854 0.021328 0.024904 0.0277229 0.0294877 0.0300584 0.0294758 0.0279365 0.0257311 0.0231675 0.0205069 0.0179277 0.0155222 0.0133176 0.0113056 0.00946889
 1.04956e-16 1.92074e-05 0.000112693 0.000535612 0.002062 0.00643003 0.016242 0.0332354 0.0550991 0.0740202 0.080611 0.0712529 0.0513287 0.0306097 0.0160805 0.00917775 0.00793099 0.00996978 0.013811 0.0187129 0.0241983 0.0297783 0.0349044 0.0390405 0.0417707 0.0428857 0.0424172 0.0406062 0.0378219 0.0344626 0.0308704 0.0272853 0.0238417 0.0205938 0.0175545 0.0147269
 1.07426e-16 1.86526e-05 0.000109444 0.000520183 0.00200262 0.00624489 0.0157743 0.0322777 0.0535094 0.0718786 0.0782628 0.0691396 0.0497247 0.0294904 0.0151975 0.00821676 0.00661429 0.00808272 0.0112031 0.0153128 0.0200447 0.0250506 0.0299332 0.0342849 0.0377614 0.0401425 0.0413598 0.0414807 0.0406611 0.0390871 0.0369283 0.0343166 0.0313504 0.0281138 0.024697 0.0212075
 1.06176e-16 2.64669e-05 0.000155329 0.000738344 0.00284263 0.00886445 0.0223909 0.0458151 0.0759451 0.101996 0.111003 0.0979397 0.0701668 0.0410686 0.0201564 0.00927066 0.00555455 0.00563939 0.00746694 0.0101329 0.013252 0.0165629 0.0198018 0.0227066 0.0250597 0.0267271 0.0276736 0.0279497 0.0276567 0.0269068 0.0257922 0.0243725 0.0226824 0.0207487 0.0186093 0.0163239
 1.04249e-16 2.70031e-05 0.000158472 0.000753271 0.00290008 0.00904359 0.0228435 0.0467416 0.0774825 0.104066 0.113269 0.0999689 0.071687 0.0420917 0.0209048 0.0100241 0.00655201 0.00705646 0.00942121 0.0126781 0.0163571 0.0200901 0.023499 0.026224 0.0279936 0.0286816 0.0283292 0.0271185 0.025314 0.0231902 0.0209722 0.0188042 0.0167497 0.0148141 0.0129766 0.0112167
 1.0249e-16 3.10894e-05 0.000182466 0.000867353 0.00333935 0.0104134 0.0263035 0.0538207 0.0892146 0.119815 0.130389 0.115027 0.0823727 0.048139 0.0234862 0.0105578 0.00597499 0.00575364 0.00744806 0.00997045 0.0128487 0.0157665 0.0184176 0.0205131 0.0218336 0.0222751 0.0218669 0.0207526 0.0191457 0.0172721 0.0153238 0.0134316 0.0116635 0.0100392 0.00855256 0.00719095
 1.01565e-16 3.25867e-05 0.000191257 0.000909146 0.00350026 0.0109152 0.027571 0.0564141 0.093513 0.125587 0.136667 0.120558 0.0863172 0.0504111 0.0245322 0.01092 0.00602445 0.00566086 0.00725849 0.00967307 0.0124103 0.0151447 0.0175665 0.0193882 0.0203972 0.0205028 0.0197529 0.0183147 0.0164263 0.0143375 0.0122587 0.0103322 0.00862783 0.0071581 0.0059016 0.0048251
 1.01991e-16 2.70854e-05 0.00015895 0.000755534 0.00290878 0.0090707 0.022912 0.0468822 0.0777168 0.104385 0.113626 0.10031 0.0719868 0.0423787 0.0212525 0.0105302 0.00732161 0.00819292 0.011014 0.0147836 0.0189746 0.0231407 0.0268146 0.0295549 0.0310348 0.0311149 0.0298708 0.0275623 0.0245604 0.0212553 0.0179778 0.0149537 0.0122969 0.0100305 0.0081229 0.00652117
 1.02819e-16 2.73945e-05 0.000160769 0.000764193 0.00294214 0.00917473 0.0231747 0.0474194 0.0786058 0.105574 0.114909 0.101414 0.0727164 0.042683 0.0211747 0.0101152 0.00656385 0.00703934 0.00939733 0.0126607 0.0163595 0.0201273 0.0235847 0.026365 0.0281831 0.0288931 0.0285131 0.0272043 0.0252177 0.022827 0.0202718 0.0177252 0.0152898 0.0130134 0.0109131 0.00899534
 1.03315e-16 2.67191e-05 0.000156803 0.000745337 0.00286953 0.00894831 0.0226028 0.0462493 0.0766667 0.102971 0.11208 0.0989263 0.0709536 0.0416899 0.0207593 0.0100453 0.00668672 0.00729315 0.00977309 0.0131666 0.0170003 0.0208957 0.0244583 0.0273091 0.0291566 0.0298575 0.0294407 0.0280836 0.0260543 0.0236401 0.0210863 0.0185633 0.0161639 0.013922 0.0118409 0.0099167
 1.0274e-16 3.04916e-05 0.000178956 0.000850669 0.00327511 0.0102131 0.0257975 0.0527853 0.0874984 0.117511 0.127882 0.112818 0.0807954 0.047227 0.02306 0.0103991 0.00593341 0.00575912 0.00748114 0.0100357 0.0129618 0.0159496 0.0186968 0.0209157 0.0223839 0.0229903 0.0227521 0.0217986 0.0203271 0.0185499 0.0166484 0.0147493 0.0129224 0.0111948 0.00957227 0.008056
 1.03183e-16 2.4436e-05 0.000143394 0.000681574 0.002624 0.00818263 0.0206689 0.0422927 0.0701105 0.0941734 0.102524 0.0905394 0.0650424 0.0384262 0.0195226 0.0100907 0.00754959 0.00882269 0.0119961 0.0161537 0.020782 0.0254172 0.0295622 0.032743 0.0346051 0.0349904 0.0339675 0.0317983 0.028861 0.0255532 0.0222099 0.0190579 0.01621 0.01369 0.0114715 0.00951215
pSPR Fmed_Fpbrs
0.675611   0.337119 0.337119
Fs Fmed_Fpbrs
0.251342   1.005 1.005
SSBpbr Bo_Bmed_Bpbrs
1.29632e+06  810993  372199 372199
Ro
49208.8
SPR SPRFo_SPRFmed_SPRFpbrs
1.01657e+06 686806 342705
log_Ro
10.6238
likeval ReclasPelacesDesembMPH_pf_preclas_ppelaces_ptallas_desvR_qrecl_qpela
 59.7971 26.3125 0.0159034 0.000188034 246.612 155.262 57.4495 0 14.2768 8.16591e-05 0 0 0 0 0
q_reclas_q_pelaces
0.277894 1
M
0.7
N
 50909.5 16001.4 6030.4 718.389 0.323218
 65770.5 23259.5 5243.86 1976.24 235.531
 39804.4 30417.3 8099.57 1826.05 770.194
 66700.7 17781.4 8910.33 2372.66 760.534
 114927 32459.2 7982.51 4000.07 1406.57
 80556.1 56851.4 15811.9 3888.53 2633.74
 130851 38526.3 23402.6 6508.91 2684.87
 123433 63464.2 17008.9 10332 4058.94
 150423 58529.1 25032.6 6708.93 5676.31
 149468 70955.4 22492.6 9619.97 4759.62
 68449.5 71260.6 28757.2 9115.94 5827.85
 39750.7 31263.6 23317.1 9409.61 4889.73
 42586.7 18267.1 10546.6 7865.93 4823.83
 23706.8 18701.1 4912.81 2836.44 3412.82
 18570.1 9484.62 3160.93 830.381 1056.27
 23180.6 7548.78 1735.63 578.43 345.246
 19071.8 10635.7 2526.64 580.928 309.162
 21119.7 8951.35 3986.45 947.027 333.621
 22539 10093.4 3671.7 1635.18 525.301
 36181.1 10828.6 4250.42 1546.19 909.8
 29385.2 17341.4 4506.12 1768.73 1022.01
pred_Ctot
 2941.52 4007.7 1510.37 179.927 0.0809527
 3262.29 5100.31 1149.86 433.345 51.6467
 2892.23 9245.28 2461.85 555.024 234.099
 961.823 1234.48 618.604 164.723 52.8005
 318.009 444.922 109.417 54.8294 19.28
 2143.24 7069.36 1966.18 483.531 327.501
 2196.03 3095.07 1880.09 522.903 215.693
 4016.49 9513.82 2549.78 1548.85 608.47
 5435.73 9659.24 4131.21 1107.2 936.779
 4300.84 9492.29 3009.02 1286.94 636.734
 3969.07 17902.6 7224.58 2290.17 1464.11
 2142.07 7371.42 5497.77 2218.62 1152.92
 3568.84 6236.11 3600.46 2685.31 1646.78
 3354.75 9421 2474.91 1428.91 1719.27
 2450.76 4555.04 1518.05 398.795 507.281
 1273.64 1810.17 416.196 138.705 82.7886
 754.689 1906.16 452.831 104.116 55.4089
 572.376 1132.47 504.341 119.812 42.2077
 528.056 1113.79 405.167 180.44 57.9662
 907.884 1274.63 500.316 182.002 107.092
 406.677 1157.11 300.672 118.019 68.1941
F
 0.0833345 0.415621 0.415621 0.415621 0.415621
 0.0711605 0.354904 0.354904 0.354904 0.354904
 0.105827 0.527799 0.527799 0.527799 0.527799
 0.0202308 0.100899 0.100899 0.100899 0.100899
 0.00385416 0.0192222 0.0192222 0.0192222 0.0192222
 0.0376133 0.187592 0.187592 0.187592 0.187592
 0.0235804 0.117605 0.117605 0.117605 0.117605
 0.046176 0.230297 0.230297 0.230297 0.230297
 0.0513972 0.256337 0.256337 0.256337 0.256337
 0.0407353 0.203162 0.203162 0.203162 0.203162
 0.0836427 0.417158 0.417158 0.417158 0.417158
 0.077525 0.386646 0.386646 0.386646 0.386646
 0.122962 0.613256 0.613256 0.613256 0.613256
 0.216089 1.07772 1.07772 1.07772 1.07772
 0.200166 0.998303 0.998303 0.998303 0.998303
 0.0790992 0.394497 0.394497 0.394497 0.394497
 0.0564058 0.281317 0.281317 0.281317 0.281317
 0.0383266 0.191149 0.191149 0.191149 0.191149
 0.0330556 0.164861 0.164861 0.164861 0.164861
 0.0354408 0.176757 0.176757 0.176757 0.176757
 0.0194094 0.0968022 0.0968022 0.0968022 0.0968022
YTP_r0W_actual
 4270.11 28464.9 10222.9 5263.65 3737.04
YTP_p0W_proyectada
 34103.9 151856 119135 40655.5 26721.7
CTP_r0_actual
 406.677 1157.11 300.672 118.019 68.1941
CTP_p0_proyectada
 4159.02 6902.54 3770.1 979.652 557.864
Wmedp
 8.2 22 31.6 41.5 47.9
nmprior
 10 11 7 0
nm_flota  nm_reclas  nm_pelaces    nm_pelaL
inf 14.909 14.7342 14.7342
cv_recla  cv_pelaces  cv_mph
0.773286 0.688204 0.457085
 ------------------------------------------------
Talla a la edad & desviaci?n 
 7.2 14.2025 17.0495 18.207 18.6776
 1.08 2.13037 2.55742 2.73105 2.80164
