years
 1997 1998 1999 2000 2001 2002 2003 2004 2005 2006 2007 2008 2009 2010 2011 2012 2013 2014 2015 2016 2017
reclasobs
 0 0 0 370054 412103 1.49427e+06 250295 1.28982e+06 931140 785840 897777 1.04006e+06 184774 17550 25797 100020 73551 82996 120727 218422 84188
reclaspred
 469844 120922 305549 223069 365425 426678 941502 635309 717332 723276 598478 416308 263873 111252 66729.5 61790.4 75036.8 101559 105345 135970 160402
pelacesobs
 0 0 0 0 0 0 0 0 0 2.06254e+06 1.5e+06 0 1.87456e+06 323000 250000 174000 83755 137374 0 501740 490994
pelacespred
 1.9259e+06 491032 702896 844004 1.19802e+06 1.26386e+06 2.86621e+06 2.41175e+06 2.3396e+06 2.43202e+06 1.8337e+06 1.34609e+06 787489 252838 141266 153899 198715 287806 320764 388231 538858
mphobs
 0 0 0 0 0 112323 0 153150 637223 0 255016 313432 73983 77613 109348 50772 0 0 0 0 0
mphpred
 176140 96826.4 107687 108754 131124 222124 317859 377421 320740 336528 348841 249467 158560 82343.7 34392.1 26582.2 30370.9 40785.7 51677.9 56656.5 74869.4
desembarqueobs
 350755 77701 442110 56441 14545 235359 269955 359681 431902 328805 639364 411747 362871 311530 167758 66681 60226 58785 57116 71774 51957
desembarquepred
 350760 77699.1 442084 56443.1 14545.2 235418 270005 359667 431936 328813 639313 411773 362947 311613 167585 66678.1 60252.4 58778.6 57100.9 71771.8 51962.5
Reclutas
 36898.9 45142.3 24153.7 39652.4 67684.8 47773.1 78972.3 79115.8 100853 118543 69040.6 46511.8 44901.7 24095.5 14287.9 13738.4 10541.5 12255.6 12426.8 17859 15213.3
log_desv_Rt
 0.0929803 0.294619 -0.330763 0.164951 0.69966 0.351261 0.853897 0.855712 1.09846 1.26007 0.719494 0.324506 0.289274 -0.333175 -0.855786 -0.895003 -1.15988 -1.00922 -0.995347 -0.632692 -0.793028
SSB
 473706 260402 289610 292480 352642 597376 854842 1.01503e+06 862589 905050 938165 670910 426426 221453 92493.4 71489.6 81678.7 109688 138981 152370 201352
BT
 1.58597e+06 392375 689514 542226 708788 832709 1.92463e+06 1.76542e+06 1.79998e+06 1.72516e+06 1.596e+06 1.1187e+06 813321 441022 230336 147352 167782 216551 222952 281961 342319
Ftot
 0.854541 0.788855 1.35527 0.280592 0.0476088 0.447053 0.281415 0.575563 0.65742 0.496336 0.934786 0.813296 1.26803 2.46706 2.89246 1.28016 0.93002 0.629052 0.505204 0.542082 0.299366
BD_Bspro_t
 0.91674 0.651587 0.574721 0.400261 0.573093 0.744987 0.694014 0.703119 0.635877 0.60293 0.581825 0.426565 0.32397 0.221147 0.118121 0.113702 0.172385 0.284158 0.389841 0.470549 0.56823
BD_Bspro
 0.681996 0.374902 0.416952 0.421085 0.507701 0.860044 1.23072 1.46134 1.24187 1.303 1.35068 0.965912 0.613928 0.318827 0.133163 0.102924 0.117593 0.157918 0.200092 0.219368 0.289887
BD_Bo
 0.500318 0.275032 0.305879 0.308911 0.372453 0.630936 0.902866 1.07205 0.911048 0.955895 0.990869 0.708601 0.450382 0.233894 0.0976895 0.0755058 0.0862673 0.11585 0.146789 0.16093 0.212664
BD_Brms
 0.909669 0.500057 0.556145 0.561657 0.677188 1.14716 1.64157 1.94918 1.65645 1.73799 1.80158 1.28837 0.818877 0.425262 0.177617 0.137283 0.15685 0.210637 0.266889 0.292601 0.386661
S_f
 0.121915 0.725123 0.980439 0.998951 0.999945
 0.121915 0.725123 0.980439 0.998951 0.999945
 0.121915 0.725123 0.980439 0.998951 0.999945
 0.121915 0.725123 0.980439 0.998951 0.999945
 0.121915 0.725123 0.980439 0.998951 0.999945
 0.121915 0.725123 0.980439 0.998951 0.999945
 0.121915 0.725123 0.980439 0.998951 0.999945
 0.121915 0.725123 0.980439 0.998951 0.999945
 0.121915 0.725123 0.980439 0.998951 0.999945
 0.121915 0.725123 0.980439 0.998951 0.999945
 0.121915 0.725123 0.980439 0.998951 0.999945
 0.121915 0.725123 0.980439 0.998951 0.999945
 0.121915 0.725123 0.980439 0.998951 0.999945
 0.121915 0.725123 0.980439 0.998951 0.999945
 0.121915 0.725123 0.980439 0.998951 0.999945
 0.121915 0.725123 0.980439 0.998951 0.999945
 0.121915 0.725123 0.980439 0.998951 0.999945
 0.121915 0.725123 0.980439 0.998951 0.999945
 0.121915 0.725123 0.980439 0.998951 0.999945
 0.121915 0.725123 0.980439 0.998951 0.999945
 0.121915 0.725123 0.980439 0.998951 0.999945
Scru_reclas
 0.955377 0.998277 0.999936 0.999998 1
 0.955377 0.998277 0.999936 0.999998 1
 0.955377 0.998277 0.999936 0.999998 1
 0.955377 0.998277 0.999936 0.999998 1
 0.955377 0.998277 0.999936 0.999998 1
 0.955377 0.998277 0.999936 0.999998 1
 0.955377 0.998277 0.999936 0.999998 1
 0.955377 0.998277 0.999936 0.999998 1
 0.955377 0.998277 0.999936 0.999998 1
 0.955377 0.998277 0.999936 0.999998 1
 0.955377 0.998277 0.999936 0.999998 1
 0.955377 0.998277 0.999936 0.999998 1
 0.955377 0.998277 0.999936 0.999998 1
 0.955377 0.998277 0.999936 0.999998 1
 0.955377 0.998277 0.999936 0.999998 1
 0.955377 0.998277 0.999936 0.999998 1
 0.955377 0.998277 0.999936 0.999998 1
 0.955377 0.998277 0.999936 0.999998 1
 0.955377 0.998277 0.999936 0.999998 1
 0.955377 0.998277 0.999936 0.999998 1
 0.955377 0.998277 0.999936 0.999998 1
Scru_pelaces
 0.625845 1 1 1 1
 0.625845 1 1 1 1
 0.625845 1 1 1 1
 0.625845 1 1 1 1
 0.625845 1 1 1 1
 0.625845 1 1 1 1
 0.625845 1 1 1 1
 0.625845 1 1 1 1
 0.625845 1 1 1 1
 0.625845 1 1 1 1
 0.625845 1 1 1 1
 0.625845 1 1 1 1
 0.625845 1 1 1 1
 0.625845 1 1 1 1
 0.625845 1 1 1 1
 0.625845 1 1 1 1
 0.625845 1 1 1 1
 0.625845 1 1 1 1
 0.625845 1 1 1 1
 0.625845 1 1 1 1
 0.625845 1 1 1 1
pf_obs 
 0.256992 0.487395 0.22802 0.0275931 0
 0.321318 0.546541 0.124235 0.00734118 0.000564706
 0.182869 0.594174 0.210203 0.0122559 0.00049798
 0.330522 0.361315 0.267642 0.0388342 0.00168674
 0.649043 0.306663 0.0425973 0.00169635 0
 0.582887 0.30429 0.105238 0.00758474 0
 0.465427 0.430635 0.0974691 0.00646863 0
 0.296916 0.608066 0.0921331 0.00288517 0
 0.311714 0.524322 0.152257 0.0117073 0
 0.15457 0.633149 0.183074 0.0267441 0.00246327
 0.131901 0.49318 0.331252 0.0422183 0.00144891
 0.196976 0.569456 0.194076 0.0375587 0.00193317
 0.518974 0.381816 0.0799577 0.0180837 0.00116848
 0.0928022 0.601141 0.25162 0.0475244 0.00691264
 0.122501 0.610282 0.24278 0.0234846 0.000952079
 0.383417 0.481906 0.127806 0.00687128 0
 0.0376549 0.599619 0.316969 0.0457579 0
 0.0361596 0.667082 0.258105 0.0386534 0
 0.158088 0.579412 0.248529 0.0139706 0
 0.0477256 0.309471 0.559284 0.082774 0.000745712
 0.0406174 0.521527 0.379366 0.0568643 0.0016247
pf_pred 
 0.31399 0.470157 0.19279 0.0230514 1.13816e-05
 0.300755 0.536909 0.124879 0.0335537 0.00390355
 0.172238 0.624322 0.169746 0.0260827 0.00761227
 0.308228 0.436902 0.213316 0.0348695 0.00668499
 0.299952 0.495255 0.1442 0.0508855 0.0097073
 0.155869 0.577967 0.203682 0.0442363 0.0182465
 0.248237 0.390273 0.273433 0.0677484 0.0203083
 0.212228 0.522101 0.159717 0.0805564 0.0253976
 0.257556 0.471004 0.201638 0.0423761 0.0274255
 0.25437 0.519435 0.162907 0.0473243 0.015964
 0.152786 0.578605 0.206542 0.0449974 0.0170689
 0.152615 0.487148 0.27754 0.0640165 0.0186807
 0.221791 0.452654 0.219429 0.0822817 0.0238441
 0.212399 0.583967 0.142384 0.0417395 0.0195098
 0.288819 0.578033 0.114441 0.0132847 0.00542236
 0.355456 0.563787 0.0734315 0.00634763 0.000978026
 0.237857 0.622088 0.128882 0.0101905 0.000982836
 0.261727 0.506047 0.202742 0.027194 0.00229034
 0.226706 0.537339 0.179864 0.049124 0.00696699
 0.276234 0.464744 0.198692 0.0462458 0.0140844
 0.189532 0.568975 0.17452 0.0516619 0.0153119
pobs_RECLAS
 0 0 0 0 0
 0 0 0 0 0
 0 0 0 0 0
 0 0 0 0 0
 0.835266 0.146461 0.0176864 0.000547809 3.91292e-05
 0.385257 0.428462 0.181853 0.0044286 0
 0.867414 0.0963971 0.0333333 0.00285562 0
 0.441836 0.489002 0.0689373 0.000224442 0
 0.779404 0.147425 0.0564933 0.0165055 0.000172143
 0.814271 0.122319 0.05973 0.00367925 0
 0.40263 0.566651 0.0304383 0.000280538 0
 0.475488 0.404961 0.113038 0.00651328 0
 0.955842 0.0263864 0.0167828 0.000988607 0
 0.975058 0.0227948 0.00214734 0 0
 0.738997 0.206755 0.0527124 0.00153531 0
 0.850938 0.134255 0.0134407 0.00136685 0
 0.542534 0.407297 0.0501686 0 0
 0.764087 0.199537 0.0359546 0.000420521 0
 0.470689 0.182191 0.310203 0.0369168 0
 0.84361 0.089868 0.0606195 0.00523954 0.000663233
 0.607945 0.314616 0.071237 0.00620181 0
ppred_RECLAS
 0.749177 0.188454 0.055827 0.00653898 3.22506e-06
 0.731569 0.220384 0.0371347 0.00977635 0.00113612
 0.581694 0.340469 0.0651901 0.00979271 0.00285456
 0.739825 0.182139 0.0655168 0.0105075 0.00201239
 0.725836 0.210182 0.0453023 0.0156902 0.0029902
 0.53954 0.344607 0.0890644 0.0189714 0.00781717
 0.68563 0.187213 0.0966323 0.0234905 0.00703436
 0.634584 0.266981 0.0596487 0.0294969 0.00928993
 0.693895 0.21595 0.0673211 0.0138684 0.00896597
 0.683971 0.239938 0.0551029 0.0156977 0.00528981
 0.542607 0.343244 0.0882006 0.0188181 0.00713038
 0.548186 0.294792 0.121547 0.0274678 0.00800665
 0.66673 0.221394 0.0759571 0.0278558 0.00806267
 0.67472 0.265604 0.0420946 0.0119871 0.00559434
 0.76359 0.206731 0.0256243 0.00288101 0.00117392
 0.778902 0.200796 0.0184971 0.00156368 0.000240641
 0.663241 0.289852 0.0432366 0.00334805 0.000322547
 0.69464 0.22896 0.0668676 0.00879238 0.000739732
 0.650537 0.264751 0.0648751 0.0173753 0.00246169
 0.711632 0.205151 0.0641293 0.0146357 0.00445271
 0.594213 0.30955 0.0699184 0.020306 0.0060123
pobs_PELACES
 0 0 0 0 0
 0 0 0 0 0
 0 0 0 0 0
 0 0 0 0 0
 0 0 0 0 0
 0 0 0 0 0
 0 0 0 0 0
 0 0 0 0 0
 0 0 0 0 0
 0 0 0 0 0
 0.450072 0.473896 0.0757376 0.000293798 0
 0 0 0 0 0
 0.463077 0.371075 0.160297 0.00555027 0
 0.529543 0.364841 0.0842815 0.0213345 0
 0.631943 0.363953 0.00410389 0 0
 0.735681 0.248677 0.0153453 0.000297389 0
 0.695825 0.281241 0.0229344 0 0
 0.275771 0.60734 0.115278 0.00161068 0
 0 0 0 0 0
 0.896147 0.0623911 0.0374545 0.00400742 0
 0.803859 0.145111 0.0509908 3.86294e-05 0
ppred_PELACES
 0.702148 0.227841 0.062702 0.00730555 3.60211e-06
 0.678512 0.267143 0.042049 0.0110163 0.00127988
 0.548739 0.37501 0.0639492 0.00952651 0.00277572
 0.664584 0.236605 0.0829824 0.0132849 0.00254409
 0.636381 0.279135 0.0598242 0.0207125 0.00394727
 0.458263 0.409472 0.101748 0.0216126 0.00890417
 0.603821 0.238388 0.119964 0.0291104 0.00871644
 0.563507 0.323289 0.0686958 0.0338495 0.0106587
 0.632113 0.263923 0.0777139 0.0159442 0.0103057
 0.61222 0.297521 0.0654199 0.0185792 0.0062598
 0.487996 0.391903 0.0929226 0.0197115 0.00746658
 0.488684 0.341793 0.131375 0.0295398 0.00860829
 0.635765 0.250812 0.0772025 0.0280924 0.00812772
 0.696769 0.256673 0.0329897 0.00925327 0.00431495
 0.794366 0.184914 0.0179331 0.00198084 0.000806359
 0.750074 0.229174 0.0189212 0.00158698 0.000244123
 0.610401 0.338982 0.0466768 0.00359375 0.000346111
 0.63086 0.280549 0.0775757 0.0101606 0.000854669
 0.576385 0.324386 0.0760492 0.020304 0.00287613
 0.64569 0.255527 0.0761839 0.0173283 0.00527094
 0.505676 0.379523 0.0834495 0.0241899 0.00716156
pobs_pel_tallas
 0 0 0 0 0 0 0 0 0 0 0 0 0 0 0 0 0 0 0 0 0 0 0 0 0 0 0 0 0 0 0 0 0 0 0 0
 0 0 0 0 0 0 0 0 0 0 0 0 0 0 0 0 0 0 0 0 0 0 0 0 0 0 0 0 0 0 0 0 0 0 0 0
 0 0 0 0 0 0 0 0 0 0 0 0 0 0 0 0 0 0 0 0 0 0 0 0 0 0 0 0 0 0 0 0 0 0 0 0
 0 0 0 0 0 0 0 0 0 0 0 0 0 0 0 0 0 0 0 0 0 0 0 0 0 0 0 0 0 0 0 0 0 0 0 0
 0 0 0 0 0 0 0 0 0 0 0 0 0 0 0 0 0 0 0 0 0 0 0 0 0 0 0 0 0 0 0 0 0 0 0 0
 0 0 0 0 0 0 0 0 0 0 0 0 0 0 0 0 0 0 0 0 0 0 0 0 0 0 0 0 0 0 0 0 0 0 0 0
 0 0 0 0 0 0 0 0 0 0 0 0 0 0 0 0 0 0 0 0 0 0 0 0 0 0 0 0 0 0 0 0 0 0 0 0
 0 0 0 0 0 0 0 0 0 0 0 0 0 0 0 0 0 0 0 0 0 0 0 0 0 0 0 0 0 0 0 0 0 0 0 0
 0 0 0 0 0 0 0 0 0 0 0 0 0 0 0 0 0 0 0 0 0 0 0 0 0 0 0 0 0 0 0 0 0 0 0 0
 0 0 0 0 0 0 0 0 0 0 0 0 0 0 0 0 0 0 0 0 0 0 0 0 0 0 0 0 0 0 0 0 0 0 0 0
 0 0 0 0 0 0 0 0 1.78061e-05 0.00172719 0.00360574 0.0105946 0.0120993 0.0124554 0.0147524 0.0171206 0.0266825 0.0428682 0.0675386 0.121331 0.153587 0.119568 0.100827 0.0573624 0.0630603 0.0341343 0.0324427 0.0444173 0.0211091 0.0280891 0.0125444 0.00206551 0 0 0 0
 0 0 0 0 0 0 0 0 0 0 0 0 0 0 0 0 0 0 0 0 0 0 0 0 0 0 0 0 0 0 0 0 0 0 0 0
 0 0 0 0 0 0 0.0133647 0.0140871 0.0187388 0.0205184 0.03894 0.0496705 0.03968 0.0493445 0.0407372 0.0367815 0.0215668 0.0243155 0.0234873 0.0199281 0.019796 0.0243948 0.0301388 0.0376714 0.0412746 0.0863199 0.0771752 0.113111 0.0741005 0.0525337 0.0229764 0.00759418 0.00175318 0 0 0
 0 0 0 0 0 0 0 0 0 0 0.00219441 0.00772107 0.0458388 0.0604681 0.0671733 0.0775358 0.0609151 0.0617685 0.073594 0.0568108 0.0755445 0.0548602 0.0670107 0.0636378 0.0643287 0.046367 0.0373049 0.0286899 0.0247887 0.0153202 0.00654259 0.00121912 0.000365735 0 0 0
 0 0 0 0 0 0 0 0 0 0 0 0 0.000112435 0.00938835 0.0111873 0.0202946 0.0414886 0.0713402 0.111592 0.104902 0.108894 0.110636 0.117776 0.105296 0.107544 0.0401394 0.0192827 0.0124803 0.00416011 0.0028671 0.000618394 0 0 0 0 0
 0 0 0 0 0 0 0 0 0 0 0.00291406 0.0102884 0.027416 0.0768956 0.0749926 0.110853 0.0956884 0.0897413 0.0766577 0.0534642 0.0500743 0.0551293 0.0594112 0.0620874 0.0668451 0.0424026 0.0208742 0.0120726 0.0048766 0.00582813 0.00118941 0.000297354 0 0 0 0
 0 0.00264628 0.0354308 0.0461629 0.0458689 0.0383711 0.0214643 0.0164657 0.0346957 0.0420465 0.0363128 0.0245516 0.0311673 0.0291091 0.0169068 0.0133784 0.00837989 0.0085269 0.0148486 0.0160247 0.0276389 0.0546898 0.0760071 0.122758 0.109233 0.0665981 0.0333725 0.0166128 0.00676272 0.00308733 0.000882094 0 0 0 0 0
 0 0 0 0 0 0 0 0.000805153 0.000690131 0.00759144 0.0133425 0.0154129 0.00931677 0.000345066 0.00356568 0.00563607 0.00851162 0.0253048 0.0502646 0.0516448 0.0657925 0.0565908 0.0611916 0.0827007 0.0866115 0.110766 0.145733 0.0935128 0.0569358 0.0249597 0.0138026 0.00621118 0.00161031 0.00115022 0 0
 0 0 0 0 0 0 0 0 0 0 0 0 0 0 0 0 0 0 0 0 0 0 0 0 0 0 0 0 0 0 0 0 0 0 0 0
 0.00147267 0.00158595 0.00478618 0.00569244 0.00954404 0.0108468 0.00647125 0.017049 0.0510054 0.094081 0.124002 0.0959785 0.0687766 0.0820023 0.061753 0.0591476 0.0492212 0.0479892 0.0443925 0.0268479 0.0217502 0.0140895 0.0121071 0.0120363 0.00920419 0.00665534 0.0049561 0.00860946 0.00930331 0.0156896 0.0114698 0.00855282 0.00243557 0.00046729 0 2.83206e-05
 0 0 0 0 0.000772559 0.00158375 0.000888443 0.00281984 0.00712685 0.0440552 0.0773331 0.111326 0.0921469 0.0852325 0.0710754 0.0886704 0.0786465 0.0553345 0.0373146 0.0185414 0.00753245 0.00457741 0.012979 0.0271748 0.0457355 0.0583668 0.034881 0.0177882 0.00938659 0.00492506 0.0015258 0.00185414 0.000309023 5.79419e-05 3.86279e-05 0
ppred_pel_tallas
 1.01216e-16 3.0639e-05 0.000179818 0.000854754 0.00329082 0.0102621 0.0259213 0.053039 0.08792 0.11808 0.128511 0.113394 0.0812536 0.0475871 0.0234069 0.0108426 0.00658027 0.00670281 0.00879554 0.0117622 0.015091 0.0184045 0.0213261 0.0235018 0.0246686 0.024712 0.0236886 0.0218027 0.019349 0.01664 0.0139443 0.0114491 0.00925403 0.00738627 0.00582772 0.00454023
 1.01123e-16 2.96098e-05 0.000173772 0.000826007 0.00318012 0.00991688 0.0250494 0.0512552 0.0849645 0.114115 0.124206 0.10962 0.0786049 0.0461467 0.0229042 0.0109539 0.00711088 0.00760013 0.0100841 0.0134787 0.0172419 0.0209422 0.0241403 0.0264272 0.0275064 0.0272624 0.0257853 0.0233407 0.0202986 0.0170445 0.0139025 0.0110912 0.00871462 0.00678391 0.00525173 0.00404662
 1.01488e-16 2.39556e-05 0.000140567 0.000668121 0.00257219 0.00802102 0.0202607 0.0414582 0.068729 0.0923237 0.100526 0.088813 0.0638843 0.0379069 0.0195618 0.0106005 0.00851826 0.010312 0.0140959 0.0189296 0.024231 0.0294365 0.0339364 0.0371564 0.0386789 0.0383395 0.0362629 0.0328206 0.0285314 0.0239371 0.0194948 0.015514 0.0121447 0.00940578 0.00723383 0.00553029
 1.01831e-16 2.90014e-05 0.000170203 0.000809042 0.00311481 0.00971322 0.0245349 0.0502024 0.0832187 0.111768 0.121647 0.107351 0.0769538 0.0451298 0.0223123 0.010529 0.00665626 0.0069978 0.00927444 0.0124466 0.0160171 0.0196056 0.0228241 0.0253036 0.0267643 0.0270752 0.0262782 0.0245653 0.0222212 0.0195521 0.0168229 0.0142218 0.011854 0.00975759 0.00792938 0.006349
 1.01837e-16 2.77732e-05 0.000162989 0.000774737 0.00298272 0.00930128 0.0234944 0.0480738 0.0796917 0.107036 0.116508 0.102845 0.0737857 0.0433968 0.0216872 0.0106199 0.00722367 0.00797112 0.010676 0.0143163 0.0183637 0.02238 0.0259106 0.028527 0.0299137 0.0299384 0.0286784 0.0263911 0.0234409 0.0202103 0.0170226 0.0140971 0.0115425 0.00937821 0.00756953 0.00606091
 1.02737e-16 2.00119e-05 0.00011741 0.000558026 0.00214828 0.00669907 0.0169217 0.0346264 0.0574065 0.0771235 0.0839999 0.0742705 0.0535506 0.0320304 0.0169996 0.00996868 0.00889467 0.0113079 0.015646 0.0210956 0.0270948 0.0330513 0.0383068 0.0422315 0.0443577 0.0444843 0.0427162 0.039422 0.035129 0.0303934 0.0256881 0.0213378 0.0175084 0.0142372 0.0114831 0.00917347
 1.03189e-16 2.6352e-05 0.000154648 0.000735093 0.00283009 0.00882532 0.0222922 0.0456136 0.0756128 0.101556 0.110539 0.0975657 0.0699767 0.0411141 0.0204699 0.00990247 0.00659185 0.00719736 0.0096614 0.0130441 0.0168867 0.0208231 0.0244691 0.0274503 0.0294711 0.0303743 0.0301657 0.0289949 0.0271025 0.0247546 0.0221864 0.0195709 0.0170156 0.0145775 0.0122862 0.0101625
 1.02742e-16 2.45974e-05 0.00014434 0.000686069 0.00264131 0.00823659 0.0208052 0.0425717 0.0705733 0.0947958 0.103204 0.0911453 0.0654893 0.0387137 0.0197114 0.0102566 0.00775416 0.00910736 0.0123861 0.0166591 0.0213948 0.0261073 0.0302763 0.0334084 0.0351386 0.0353119 0.0340134 0.0315332 0.0282834 0.0246949 0.0211297 0.0178305 0.0149151 0.0124018 0.010251 0.0084039
 1.02219e-16 2.75866e-05 0.000161894 0.000769537 0.0029627 0.00923885 0.0233367 0.047751 0.0791563 0.106316 0.115722 0.102144 0.0732697 0.0430664 0.0214729 0.010435 0.00699853 0.00765968 0.0102513 0.0137688 0.0177046 0.021645 0.0251611 0.0278449 0.0293907 0.0296608 0.0287114 0.0267661 0.0241503 0.021209 0.018237 0.0154382 0.0129199 0.0107118 0.00879746 0.00714281
 1.01957e-16 2.67205e-05 0.000156806 0.000745342 0.00286953 0.0089483 0.0226029 0.0462497 0.0766688 0.102979 0.112099 0.0989694 0.0710421 0.0418572 0.0210553 0.0105382 0.0074607 0.00843905 0.0113714 0.0152637 0.019582 0.0238663 0.0276329 0.0304252 0.0319064 0.0319349 0.0305929 0.0281541 0.025007 0.0215594 0.0181563 0.0150322 0.0123036 0.00999201 0.0080609 0.00645129
 1.02473e-16 2.13076e-05 0.000125019 0.000594203 0.00228758 0.00713347 0.0180189 0.0368713 0.0611268 0.0821175 0.0894282 0.0790441 0.0569358 0.0339414 0.0178061 0.0101174 0.00867852 0.0108439 0.014946 0.0201342 0.025847 0.0315114 0.0364958 0.0401977 0.0421711 0.0422263 0.0404682 0.0372543 0.0330944 0.0285257 0.0240041 0.0198419 0.0161976 0.0131045 0.0105196 0.00836862
 1.03394e-16 2.13357e-05 0.000125188 0.000595017 0.00229073 0.0071433 0.0180437 0.0369216 0.0612089 0.0822237 0.0895332 0.0791115 0.0569292 0.0338276 0.0175468 0.00965927 0.00795048 0.00976552 0.0134457 0.0181731 0.0234448 0.0287653 0.0335869 0.0373779 0.0397301 0.0404451 0.0395692 0.0373616 0.0342134 0.0305466 0.0267276 0.023017 0.0195632 0.0164249 0.0136088 0.0111016
 1.02523e-16 2.77453e-05 0.000162827 0.000773975 0.00297979 0.00929215 0.0234714 0.0480264 0.0796123 0.106927 0.116384 0.102721 0.0736659 0.0432647 0.0215077 0.0103463 0.00680373 0.00735302 0.00981607 0.0131908 0.0169824 0.0207972 0.0242289 0.0268905 0.0284898 0.0288916 0.0281422 0.0264446 0.0240964 0.0214143 0.0186681 0.0160442 0.0136411 0.0114882 0.0095753 0.00787879
 1.01072e-16 3.04055e-05 0.000178445 0.000848222 0.00326566 0.0101836 0.0257231 0.0526337 0.087249 0.117181 0.127539 0.112552 0.0806836 0.0473203 0.0233995 0.0110451 0.00697761 0.00731363 0.00965078 0.0128815 0.0164636 0.019977 0.0229991 0.0251381 0.0261125 0.0258155 0.0243396 0.021946 0.0189957 0.0158628 0.0128607 0.0101977 0.00797026 0.00618316 0.00478414 0.00369788
 1.00421e-16 3.46582e-05 0.000203419 0.000966965 0.00372288 0.0116095 0.0293246 0.060002 0.0994598 0.133572 0.145352 0.128208 0.0917714 0.0535489 0.0259692 0.0114043 0.00606643 0.00549312 0.00694085 0.0091882 0.0117121 0.0141767 0.0162707 0.0177108 0.0182963 0.0179548 0.0167598 0.0149083 0.0126702 0.0103247 0.00810507 0.00616676 0.00458066 0.00334804 0.00242574 0.0017516
 1.0041e-16 3.27287e-05 0.000192086 0.000913082 0.0035154 0.0109624 0.0276903 0.0566584 0.0939192 0.126135 0.137273 0.121113 0.0867598 0.0507601 0.0248699 0.0113525 0.00665449 0.00657767 0.00853098 0.0113369 0.01445 0.017478 0.0200388 0.0217824 0.0224613 0.0219881 0.020457 0.0181158 0.015303 0.0123681 0.00960289 0.00720126 0.00525085 0.00375151 0.00264692 0.00185651
 1.00913e-16 2.66428e-05 0.000156347 0.000743149 0.00286107 0.00892192 0.0225363 0.0461138 0.0764446 0.102681 0.111784 0.0987131 0.0709055 0.0418717 0.0212372 0.0109136 0.00807738 0.00936078 0.0126602 0.016957 0.0216703 0.0262752 0.0302169 0.0329765 0.0341808 0.0336889 0.0316248 0.028338 0.0243119 0.0200496 0.0159745 0.0123717 0.00937651 0.00700054 0.00517638 0.00380216
 1.01582e-16 2.75326e-05 0.000161576 0.00076802 0.00295685 0.00922062 0.0232907 0.047657 0.0790008 0.106108 0.1155 0.101958 0.0731557 0.0430394 0.0215333 0.0105861 0.00725549 0.00804762 0.0107972 0.0144914 0.0186039 0.0226952 0.0263063 0.0290022 0.030459 0.0305354 0.0293 0.0270031 0.0240057 0.0206911 0.0173881 0.0143259 0.011626 0.00932189 0.00739157 0.00578917
 1.02018e-16 2.5159e-05 0.000147637 0.000701743 0.00270166 0.00842478 0.0212805 0.0435444 0.0721854 0.0969607 0.105559 0.0932214 0.0669726 0.0395733 0.0201173 0.0104158 0.00781067 0.0091314 0.0124017 0.0166693 0.0213929 0.0260803 0.0302052 0.0332687 0.0349015 0.0349465 0.0334906 0.0308295 0.0273852 0.0236018 0.0198568 0.0164085 0.0133882 0.0108238 0.00867991 0.00689569
 1.02007e-16 2.81783e-05 0.000165369 0.000786057 0.00302631 0.00943721 0.0238378 0.0487761 0.0808551 0.108596 0.118201 0.104324 0.0748152 0.0439386 0.0218404 0.0105017 0.00689826 0.00744603 0.00993031 0.0133297 0.0171376 0.0209496 0.0243488 0.0269398 0.0284256 0.0286722 0.0277339 0.0258272 0.0232676 0.0203905 0.0174833 0.0147456 0.0122839 0.0101291 0.00826693 0.00666526
 1.02475e-16 2.2078e-05 0.000129543 0.000615714 0.0023704 0.00739177 0.0186713 0.0382061 0.0633389 0.0850866 0.0926551 0.0818806 0.0589447 0.0350704 0.0182726 0.0101837 0.00851484 0.0105151 0.0144546 0.0194612 0.0249763 0.0304414 0.035245 0.0388052 0.0406924 0.040726 0.0390108 0.0358959 0.0318773 0.0274752 0.02313 0.0191412 0.0156577 0.0127071 0.010243 0.0081904
pSPR Fmed_Fpbrs
0.503087   0.6 0.325
Fs Fmed_Fpbrs
0.651032   0.432708 1.45491
SSBpbr Bo_Bmed_Bpbrs
946809  428987  520745 260373
Ro
33622.7
SPR SPRFo_SPRFmed_SPRFpbrs
694587 349438 225741
log_Ro
10.243
likeval ReclasPelacesDesembMPH_pf_preclas_ppelaces_ptallas_desvR_qrecl_qpela
 58.6029 14.3801 0.00794798 0.000212063 241.652 146.662 55.4234 0 16.4383 1.86157e-05 8.84017e-05 5.1374e-15 0 0 0
q_reclas_q_pelaces
0.542593 3.81009
M
0.7
N
 36898.9 11494.5 3791.27 447.568 0.220836
 45142.3 16510.6 3071.67 814.547 94.6964
 24153.7 20361.5 4627.34 703.84 205.306
 39652.4 10167.6 3784.48 608.488 116.554
 67684.8 19028.6 4119.56 1427.33 272.023
 47773.1 33416.7 9128.69 1952.42 804.673
 78972.3 22465 11999.8 2924.47 875.871
 79115.8 37893.9 9096.58 4522.11 1424.62
 100853 36625.4 12396.8 2569.2 1661.54
 118543 46224.6 11291.3 3231.27 1089.14
 69040.6 55410.1 16016.3 3446.66 1306.58
 46511.8 30591.8 13970.2 3180.72 927.526
 44901.7 20916.8 8423.21 3125.33 905.172
 24095.5 19103.7 4141.57 1206.55 563.78
 14287.9 8857.41 1585.6 183.1 74.7143
 13738.4 4986.73 540.027 46.1934 7.1134
 10541.5 5836.48 978.739 76.4397 7.3675
 12255.6 4673.65 1476.61 195.281 16.4347
 12426.8 5636.68 1470.79 395.74 56.0812
 17859 5802.34 1940.53 445.071 135.443
 15213.3 8301.37 1944.85 566.364 167.716
pred_Ctot
 2641.29 3954.98 1621.75 193.909 0.0957421
 2993.38 5343.8 1242.91 333.956 38.8517
 2670.84 9681.18 2632.2 404.457 118.041
 960.907 1362.05 665.017 108.706 20.8406
 281.805 465.292 135.476 47.807 9.12001
 1828.16 6778.86 2388.95 518.839 214.009
 1919.29 3017.47 2114.1 523.809 157.017
 3871.27 9523.67 2913.4 1469.43 463.279
 5612.26 10263.4 4393.79 923.394 597.615
 5023.19 10257.6 3217.03 934.543 315.251
 5383.28 20386.6 7277.34 1585.44 601.409
 3175.64 10136.7 5775.11 1332.07 388.711
 4666.73 9524.35 4617.04 1731.3 501.706
 4579.64 12591.2 3070.01 899.966 420.661
 3115.91 6236.1 1234.65 143.322 58.499
 1440.61 2284.94 297.607 25.726 3.96379
 817.966 2139.3 443.21 35.0442 3.37987
 653.558 1263.65 506.266 67.906 5.71921
 535.735 1269.8 425.041 116.086 16.4639
 824.506 1387.18 593.058 138.035 42.0392
 392.941 1179.61 361.816 107.106 31.7448
F
 0.104181 0.619647 0.837825 0.853644 0.854494
 0.0961732 0.572017 0.773425 0.788028 0.788812
 0.165228 0.982739 1.32876 1.35385 1.3552
 0.0342083 0.203464 0.275103 0.280298 0.280576
 0.00580421 0.0345222 0.0466775 0.0475588 0.0476061
 0.0545024 0.324168 0.438308 0.446584 0.447028
 0.0343087 0.204061 0.275911 0.28112 0.2814
 0.0701696 0.417354 0.564304 0.574959 0.575531
 0.0801493 0.476711 0.644561 0.656731 0.657384
 0.0605107 0.359904 0.486627 0.495815 0.496308
 0.113964 0.677835 0.916501 0.933805 0.934734
 0.0991529 0.58974 0.797387 0.812443 0.813251
 0.154592 0.919478 1.24323 1.2667 1.26796
 0.300771 1.78892 2.4188 2.46447 2.46692
 0.352634 2.09739 2.83588 2.88943 2.8923
 0.15607 0.928272 1.25512 1.27882 1.28009
 0.113383 0.674379 0.911827 0.929044 0.929968
 0.0766908 0.45614 0.616747 0.628392 0.629017
 0.0615918 0.366335 0.495321 0.504674 0.505176
 0.0660878 0.393076 0.531478 0.541513 0.542052
 0.0364971 0.217077 0.29351 0.299052 0.299349
YTP_r0W_actual
 4125.88 29018.3 12301.8 4776.93 1739.61
YTP_p0W_proyectada
 7761.19 31601 26710.3 7731.92 3538.8
CTP_r0_actual
 392.941 1179.61 361.816 107.106 31.7448
CTP_p0_proyectada
 946.487 1436.41 845.264 186.311 73.879
Wmedp
 8.2 22 31.6 41.5 47.9
nmprior
 10 11 7 0
nm_flota  nm_reclas  nm_pelaces    nm_pelaL
inf 21.5118 15.5809 15.5809
cv_recla  cv_pelaces  cv_mph
0.765526 0.508765 0.485413
 ------------------------------------------------
Talla a la edad & desviaci?n 
 7.2 14.2025 17.0495 18.207 18.6776
 1.08 2.13037 2.55742 2.73105 2.80164
