years
 1997 1998 1999 2000 2001 2002 2003 2004 2005 2006 2007 2008 2009 2010 2011 2012 2013 2014 2015 2016 2017
reclasobs
 0 0 0 370054 412103 1.49427e+06 250295 1.28982e+06 931140 785840 897777 1.04006e+06 184774 17550 25797 100020 73551 82996 120727 218422 84188
reclaspred
 375909 102063 313562 234179 351310 418163 922633 617657 692738 632577 498800 334410 204639 95612.9 68101.3 70332.8 88664.7 120749 124292 165087 193185
pelacesobs
 0 0 0 0 0 0 0 0 0 2.06254e+06 1.5e+06 0 1.87456e+06 323000 250000 174000 83755 137374 0 501740 490994
pelacespred
 1.08345e+06 267103 501135 567133 727246 727924 1.82299e+06 1.52201e+06 1.50919e+06 1.39233e+06 991091 685522 418230 163664 114461 126279 166032 228478 243487 314334 403114
mphobs
 0 0 0 0 0 112323 0 153150 637223 0 255016 313432 73983 77613 109348 50772 0 0 0 0 0
mphpred
 709292 428591 521104 645322 698382 1.10979e+06 1.67073e+06 1.97216e+06 1.6975e+06 1.72618e+06 1.62819e+06 1.14944e+06 707411 372897 182166 158863 194795 270131 332408 366062 489241
desembarqueobs
 350755 77701 442110 56441 14545 235359 269955 359681 431902 328805 639364 411747 362871 311530 167758 66681 60226 58785 57116 71774 51957
desembarquepred
 350760 77700.2 442096 56441.8 14545.1 235390 269978 359677 431923 328820 639550 411977 363186 311953 167794 66691.2 60243 58785.5 57111.8 71772.4 51958.5
Reclutas
 50909.2 65770 39804.1 66699.9 114925 80555.1 130849 123432 150422 149467 68449.4 39750.7 42586.8 23706.7 18570.1 23180.6 19071.7 21119.6 22538.9 36181 29385.1
log_desv_Rt
 0.0339763 0.290097 -0.212098 0.304136 0.848213 0.492874 0.977975 0.919623 1.11738 1.11101 0.330027 -0.21344 -0.144523 -0.730308 -0.974517 -0.752753 -0.947862 -0.845867 -0.780824 -0.307534 -0.515581
SSB
 709292 428591 521104 645322 698382 1.10979e+06 1.67073e+06 1.97216e+06 1.6975e+06 1.72618e+06 1.62819e+06 1.14944e+06 707411 372897 182166 158863 194795 270131 332408 366062 489241
BT
 2.22729e+06 609676 1.14139e+06 1.07525e+06 1.31328e+06 1.48862e+06 3.44893e+06 3.13325e+06 3.09801e+06 2.81056e+06 2.35438e+06 1.60796e+06 1.10706e+06 594415 348252 281319 346723 456146 485336 621958 765007
Ftot
 0.415624 0.354907 0.527805 0.1009 0.0192224 0.187595 0.117606 0.230301 0.256341 0.203165 0.417161 0.38665 0.613262 1.07773 0.998316 0.394502 0.281319 0.19115 0.164862 0.176758 0.0968028
BD_Bspro_t
 0.948355 0.755775 0.71323 0.590588 0.723828 0.844934 0.815367 0.822314 0.774693 0.742442 0.710147 0.562934 0.449171 0.336887 0.21946 0.234636 0.349709 0.513499 0.619584 0.691816 0.767007
BD_Bspro
 0.697734 0.421608 0.512613 0.634807 0.687002 1.09171 1.64351 1.94003 1.66984 1.69806 1.60165 1.13071 0.695884 0.366821 0.179198 0.156274 0.191621 0.265729 0.326991 0.360097 0.481269
BD_Bo
 0.547161 0.330624 0.40199 0.497814 0.538745 0.856114 1.28884 1.52136 1.30948 1.33161 1.25601 0.886703 0.54571 0.28766 0.140527 0.12255 0.150269 0.208384 0.256426 0.282387 0.37741
BD_Brms
 1.9057 1.15152 1.40008 1.73382 1.87638 2.98174 4.48886 5.29872 4.56076 4.63783 4.37454 3.08828 1.90064 1.00188 0.489437 0.426826 0.523368 0.725775 0.8931 0.983521 1.31447
S_f
 0.200506 1 1 1 1
 0.200506 1 1 1 1
 0.200506 1 1 1 1
 0.200506 1 1 1 1
 0.200506 1 1 1 1
 0.200506 1 1 1 1
 0.200506 1 1 1 1
 0.200506 1 1 1 1
 0.200506 1 1 1 1
 0.200506 1 1 1 1
 0.200506 1 1 1 1
 0.200506 1 1 1 1
 0.200506 1 1 1 1
 0.200506 1 1 1 1
 0.200506 1 1 1 1
 0.200506 1 1 1 1
 0.200506 1 1 1 1
 0.200506 1 1 1 1
 0.200506 1 1 1 1
 0.200506 1 1 1 1
 0.200506 1 1 1 1
Scru_reclas
 1 1 1 1 1
 1 1 1 1 1
 1 1 1 1 1
 1 1 1 1 1
 1 1 1 1 1
 1 1 1 1 1
 1 1 1 1 1
 1 1 1 1 1
 1 1 1 1 1
 1 1 1 1 1
 1 1 1 1 1
 1 1 1 1 1
 1 1 1 1 1
 1 1 1 1 1
 1 1 1 1 1
 1 1 1 1 1
 1 1 1 1 1
 1 1 1 1 1
 1 1 1 1 1
 1 1 1 1 1
 1 1 1 1 1
Scru_pelaces
 1 1 1 1 1
 1 1 1 1 1
 1 1 1 1 1
 1 1 1 1 1
 1 1 1 1 1
 1 1 1 1 1
 1 1 1 1 1
 1 1 1 1 1
 1 1 1 1 1
 1 1 1 1 1
 1 1 1 1 1
 1 1 1 1 1
 1 1 1 1 1
 1 1 1 1 1
 1 1 1 1 1
 1 1 1 1 1
 1 1 1 1 1
 1 1 1 1 1
 1 1 1 1 1
 1 1 1 1 1
 1 1 1 1 1
pf_obs 
 0.256992 0.487395 0.22802 0.0275931 0
 0.321318 0.546541 0.124235 0.00734118 0.000564706
 0.182869 0.594174 0.210203 0.0122559 0.00049798
 0.330522 0.361315 0.267642 0.0388342 0.00168674
 0.649043 0.306663 0.0425973 0.00169635 0
 0.582887 0.30429 0.105238 0.00758474 0
 0.465427 0.430635 0.0974691 0.00646863 0
 0.296916 0.608066 0.0921331 0.00288517 0
 0.311714 0.524322 0.152257 0.0117073 0
 0.15457 0.633149 0.183074 0.0267441 0.00246327
 0.131901 0.49318 0.331252 0.0422183 0.00144891
 0.196976 0.569456 0.194076 0.0375587 0.00193317
 0.518974 0.381816 0.0799577 0.0180837 0.00116848
 0.0928022 0.601141 0.25162 0.0475244 0.00691264
 0.122501 0.610282 0.24278 0.0234846 0.000952079
 0.383417 0.481906 0.127806 0.00687128 0
 0.0376549 0.599619 0.316969 0.0457579 0
 0.0361596 0.667082 0.258105 0.0386534 0
 0.158088 0.579412 0.248529 0.0139706 0
 0.0477256 0.309471 0.559284 0.082774 0.000745712
 0.0406174 0.521527 0.379366 0.0568643 0.0016247
pf_pred 
 0.340469 0.463876 0.174819 0.0208258 9.36997e-06
 0.326312 0.510161 0.115016 0.0433455 0.00516598
 0.187947 0.600793 0.15998 0.0360674 0.0152126
 0.317178 0.407094 0.203996 0.0543204 0.0174118
 0.335998 0.470093 0.115607 0.0579312 0.0203707
 0.178755 0.589614 0.163988 0.0403286 0.0273149
 0.277634 0.391297 0.237691 0.0661084 0.0272691
 0.220234 0.521665 0.13981 0.0849268 0.0333637
 0.255558 0.454123 0.194224 0.0520536 0.0440415
 0.229675 0.50691 0.160688 0.0687247 0.0340024
 0.120822 0.544973 0.219923 0.0697141 0.044568
 0.116526 0.400997 0.299071 0.12069 0.062716
 0.201204 0.351579 0.202986 0.151391 0.0928403
 0.182335 0.512045 0.134514 0.0776624 0.0934429
 0.259893 0.483042 0.160981 0.0422898 0.0537936
 0.342239 0.48641 0.111835 0.0372707 0.0222454
 0.230565 0.582355 0.138344 0.031808 0.0169275
 0.241386 0.477593 0.212694 0.0505277 0.0177997
 0.231054 0.487347 0.177284 0.0789525 0.0253633
 0.305486 0.428892 0.168347 0.0612403 0.0360345
 0.198314 0.56426 0.146621 0.0575513 0.0332544
pobs_RECLAS
 0 0 0 0 0
 0 0 0 0 0
 0 0 0 0 0
 0 0 0 0 0
 0.835266 0.146461 0.0176864 0.000547809 3.91292e-05
 0.385257 0.428462 0.181853 0.0044286 0
 0.867414 0.0963971 0.0333333 0.00285562 0
 0.441836 0.489002 0.0689373 0.000224442 0
 0.779404 0.147425 0.0564933 0.0165055 0.000172143
 0.814271 0.122319 0.05973 0.00367925 0
 0.40263 0.566651 0.0304383 0.000280538 0
 0.475488 0.404961 0.113038 0.00651328 0
 0.955842 0.0263864 0.0167828 0.000988607 0
 0.975058 0.0227948 0.00214734 0 0
 0.738997 0.206755 0.0527124 0.00153531 0
 0.850938 0.134255 0.0134407 0.00136685 0
 0.542534 0.407297 0.0501686 0 0
 0.764087 0.199537 0.0359546 0.000420521 0
 0.470689 0.182191 0.310203 0.0369168 0
 0.84361 0.089868 0.0606195 0.00523954 0.000663233
 0.607945 0.314616 0.071237 0.00620181 0
ppred_RECLAS
 0.725439 0.19311 0.0727768 0.00866975 3.9007e-06
 0.711625 0.218377 0.0492329 0.0185542 0.00221132
 0.544541 0.336969 0.0897285 0.0202292 0.00853232
 0.699561 0.17912 0.0897576 0.0239008 0.00766115
 0.716392 0.200785 0.049378 0.0247435 0.00870068
 0.523022 0.342447 0.095244 0.0234228 0.0158645
 0.658511 0.184981 0.112365 0.0312519 0.0128911
 0.587908 0.275691 0.0738871 0.0448823 0.0176321
 0.63463 0.222882 0.0953246 0.0255477 0.0216154
 0.600552 0.262855 0.0833236 0.0356368 0.0176318
 0.412961 0.363886 0.146845 0.0465491 0.0297587
 0.402473 0.271209 0.202273 0.0816269 0.0424172
 0.567319 0.190439 0.10995 0.0820032 0.0502885
 0.549823 0.281914 0.0740587 0.0427581 0.0514463
 0.655717 0.224702 0.0748854 0.0196724 0.0250237
 0.72668 0.202118 0.0464708 0.0154871 0.00924365
 0.602974 0.300493 0.0713853 0.0164128 0.00873456
 0.615876 0.241829 0.107698 0.0255847 0.00901289
 0.601861 0.252334 0.0917925 0.0408794 0.0131324
 0.688903 0.192116 0.0754086 0.0274316 0.0161411
 0.553516 0.314254 0.0816578 0.0320521 0.0185204
pobs_PELACES
 0 0 0 0 0
 0 0 0 0 0
 0 0 0 0 0
 0 0 0 0 0
 0 0 0 0 0
 0 0 0 0 0
 0 0 0 0 0
 0 0 0 0 0
 0 0 0 0 0
 0 0 0 0 0
 0.450072 0.473896 0.0757376 0.000293798 0
 0 0 0 0 0
 0.463077 0.371075 0.160297 0.00555027 0
 0.529543 0.364841 0.0842815 0.0213345 0
 0.631943 0.363953 0.00410389 0 0
 0.735681 0.248677 0.0153453 0.000297389 0
 0.695825 0.281241 0.0229344 0 0
 0.275771 0.60734 0.115278 0.00161068 0
 0 0 0 0 0
 0.896147 0.0623911 0.0374545 0.00400742 0
 0.803859 0.145111 0.0509908 3.86294e-05 0
ppred_PELACES
 0.746732 0.178134 0.0671327 0.00799738 3.59818e-06
 0.730453 0.204118 0.0460184 0.0173428 0.00206694
 0.57881 0.311615 0.0829773 0.0187072 0.00789035
 0.705126 0.175802 0.088095 0.0234581 0.00751924
 0.717422 0.200057 0.0491988 0.0246537 0.00866911
 0.535352 0.333594 0.0927818 0.0228173 0.0154544
 0.665453 0.18122 0.110081 0.0306166 0.0126291
 0.602546 0.265898 0.0712625 0.043288 0.0170058
 0.650165 0.213405 0.0912717 0.0244615 0.0206964
 0.613339 0.254441 0.0806564 0.034496 0.0170674
 0.439873 0.347204 0.140113 0.0444151 0.0283944
 0.427231 0.259972 0.193892 0.0782449 0.0406597
 0.606523 0.173183 0.0999882 0.0745731 0.045732
 0.618762 0.238742 0.0627176 0.0362102 0.0435679
 0.71252 0.187628 0.0625301 0.0164267 0.0208951
 0.746858 0.187197 0.04304 0.0143438 0.00856123
 0.620599 0.287153 0.0682163 0.0156842 0.0083468
 0.627734 0.234363 0.104373 0.0247948 0.00873463
 0.612237 0.245759 0.0894004 0.0398141 0.0127902
 0.698809 0.185998 0.0730076 0.0265582 0.0156272
 0.559819 0.309817 0.0805051 0.0315996 0.0182589
pobs_pel_tallas
 0 0 0 0 0 0 0 0 0 0 0 0 0 0 0 0 0 0 0 0 0 0 0 0 0 0 0 0 0 0 0 0 0 0 0 0
 0 0 0 0 0 0 0 0 0 0 0 0 0 0 0 0 0 0 0 0 0 0 0 0 0 0 0 0 0 0 0 0 0 0 0 0
 0 0 0 0 0 0 0 0 0 0 0 0 0 0 0 0 0 0 0 0 0 0 0 0 0 0 0 0 0 0 0 0 0 0 0 0
 0 0 0 0 0 0 0 0 0 0 0 0 0 0 0 0 0 0 0 0 0 0 0 0 0 0 0 0 0 0 0 0 0 0 0 0
 0 0 0 0 0 0 0 0 0 0 0 0 0 0 0 0 0 0 0 0 0 0 0 0 0 0 0 0 0 0 0 0 0 0 0 0
 0 0 0 0 0 0 0 0 0 0 0 0 0 0 0 0 0 0 0 0 0 0 0 0 0 0 0 0 0 0 0 0 0 0 0 0
 0 0 0 0 0 0 0 0 0 0 0 0 0 0 0 0 0 0 0 0 0 0 0 0 0 0 0 0 0 0 0 0 0 0 0 0
 0 0 0 0 0 0 0 0 0 0 0 0 0 0 0 0 0 0 0 0 0 0 0 0 0 0 0 0 0 0 0 0 0 0 0 0
 0 0 0 0 0 0 0 0 0 0 0 0 0 0 0 0 0 0 0 0 0 0 0 0 0 0 0 0 0 0 0 0 0 0 0 0
 0 0 0 0 0 0 0 0 0 0 0 0 0 0 0 0 0 0 0 0 0 0 0 0 0 0 0 0 0 0 0 0 0 0 0 0
 0 0 0 0 0 0 0 0 1.78061e-05 0.00172719 0.00360574 0.0105946 0.0120993 0.0124554 0.0147524 0.0171206 0.0266825 0.0428682 0.0675386 0.121331 0.153587 0.119568 0.100827 0.0573624 0.0630603 0.0341343 0.0324427 0.0444173 0.0211091 0.0280891 0.0125444 0.00206551 0 0 0 0
 0 0 0 0 0 0 0 0 0 0 0 0 0 0 0 0 0 0 0 0 0 0 0 0 0 0 0 0 0 0 0 0 0 0 0 0
 0 0 0 0 0 0 0.0133647 0.0140871 0.0187388 0.0205184 0.03894 0.0496705 0.03968 0.0493445 0.0407372 0.0367815 0.0215668 0.0243155 0.0234873 0.0199281 0.019796 0.0243948 0.0301388 0.0376714 0.0412746 0.0863199 0.0771752 0.113111 0.0741005 0.0525337 0.0229764 0.00759418 0.00175318 0 0 0
 0 0 0 0 0 0 0 0 0 0 0.00219441 0.00772107 0.0458388 0.0604681 0.0671733 0.0775358 0.0609151 0.0617685 0.073594 0.0568108 0.0755445 0.0548602 0.0670107 0.0636378 0.0643287 0.046367 0.0373049 0.0286899 0.0247887 0.0153202 0.00654259 0.00121912 0.000365735 0 0 0
 0 0 0 0 0 0 0 0 0 0 0 0 0.000112435 0.00938835 0.0111873 0.0202946 0.0414886 0.0713402 0.111592 0.104902 0.108894 0.110636 0.117776 0.105296 0.107544 0.0401394 0.0192827 0.0124803 0.00416011 0.0028671 0.000618394 0 0 0 0 0
 0 0 0 0 0 0 0 0 0 0 0.00291406 0.0102884 0.027416 0.0768956 0.0749926 0.110853 0.0956884 0.0897413 0.0766577 0.0534642 0.0500743 0.0551293 0.0594112 0.0620874 0.0668451 0.0424026 0.0208742 0.0120726 0.0048766 0.00582813 0.00118941 0.000297354 0 0 0 0
 0 0.00264628 0.0354308 0.0461629 0.0458689 0.0383711 0.0214643 0.0164657 0.0346957 0.0420465 0.0363128 0.0245516 0.0311673 0.0291091 0.0169068 0.0133784 0.00837989 0.0085269 0.0148486 0.0160247 0.0276389 0.0546898 0.0760071 0.122758 0.109233 0.0665981 0.0333725 0.0166128 0.00676272 0.00308733 0.000882094 0 0 0 0 0
 0 0 0 0 0 0 0 0.000805153 0.000690131 0.00759144 0.0133425 0.0154129 0.00931677 0.000345066 0.00356568 0.00563607 0.00851162 0.0253048 0.0502646 0.0516448 0.0657925 0.0565908 0.0611916 0.0827007 0.0866115 0.110766 0.145733 0.0935128 0.0569358 0.0249597 0.0138026 0.00621118 0.00161031 0.00115022 0 0
 0 0 0 0 0 0 0 0 0 0 0 0 0 0 0 0 0 0 0 0 0 0 0 0 0 0 0 0 0 0 0 0 0 0 0 0
 0.00147267 0.00158595 0.00478618 0.00569244 0.00954404 0.0108468 0.00647125 0.017049 0.0510054 0.094081 0.124002 0.0959785 0.0687766 0.0820023 0.061753 0.0591476 0.0492212 0.0479892 0.0443925 0.0268479 0.0217502 0.0140895 0.0121071 0.0120363 0.00920419 0.00665534 0.0049561 0.00860946 0.00930331 0.0156896 0.0114698 0.00855282 0.00243557 0.00046729 0 2.83206e-05
 0 0 0 0 0.000772559 0.00158375 0.000888443 0.00281984 0.00712685 0.0440552 0.0773331 0.111326 0.0921469 0.0852325 0.0710754 0.0886704 0.0786465 0.0553345 0.0373146 0.0185414 0.00753245 0.00457741 0.012979 0.0271748 0.0457355 0.0583668 0.034881 0.0177882 0.00938659 0.00492506 0.0015258 0.00185414 0.000309023 5.79419e-05 3.86279e-05 0
ppred_pel_tallas
 1.01287e-16 3.2581e-05 0.000191224 0.000908991 0.00349966 0.0109134 0.0275663 0.0564044 0.0934968 0.125564 0.136641 0.120531 0.0862896 0.0503782 0.0244853 0.010848 0.00591524 0.00550345 0.00704574 0.00940526 0.0120987 0.0148137 0.0172529 0.0191364 0.0202518 0.0204979 0.0199038 0.0186118 0.0168351 0.0148037 0.0127184 0.0107237 0.00890214 0.00728652 0.00587819 0.00466466
 1.01413e-16 3.18722e-05 0.00018706 0.000889191 0.00342342 0.0106756 0.0269658 0.0551758 0.0914612 0.122833 0.133675 0.117931 0.0844626 0.049381 0.0241298 0.0109089 0.00625531 0.00608263 0.00787679 0.0105097 0.0134784 0.0164352 0.0190429 0.0209874 0.0220366 0.0220923 0.0212085 0.0195704 0.0174415 0.0150988 0.0127766 0.0106345 0.00875223 0.00714551 0.00579136 0.00465207
 1.02291e-16 2.52643e-05 0.000148256 0.000704688 0.002713 0.00846016 0.0213699 0.0437271 0.072488 0.0973659 0.105997 0.0936009 0.0672291 0.0396927 0.0201188 0.010321 0.00762536 0.00884552 0.0119991 0.0161382 0.0207348 0.025316 0.029377 0.0324375 0.0341396 0.0343261 0.0330716 0.0306498 0.0274548 0.0239036 0.0203511 0.0170419 0.0141023 0.0115637 0.00939951 0.00756095
 1.02466e-16 3.07667e-05 0.000180572 0.000858353 0.0033047 0.0103054 0.0260306 0.0532622 0.0882885 0.118571 0.129033 0.113827 0.0815052 0.0476155 0.0232007 0.0103804 0.00581 0.00554848 0.00718093 0.00964078 0.012475 0.0153871 0.0180893 0.0203051 0.0218168 0.0225081 0.0223827 0.0215497 0.0201847 0.0184817 0.0166119 0.0147009 0.0128261 0.0110287 0.0093305 0.00774754
 1.02016e-16 3.13038e-05 0.000183723 0.000873329 0.00336235 0.0104852 0.0264847 0.0541915 0.0898295 0.120642 0.131291 0.115828 0.0829576 0.0485036 0.023706 0.0107266 0.00616555 0.00601167 0.00779874 0.0104226 0.0133933 0.016374 0.0190371 0.0210757 0.0222615 0.0224937 0.0218178 0.0204044 0.0184988 0.0163585 0.0142001 0.0121699 0.0103397 0.00872402 0.00730443 0.00605258
 1.02932e-16 2.33702e-05 0.000137134 0.000651809 0.00250939 0.00782522 0.0197661 0.0404458 0.0670499 0.0900658 0.0980612 0.0866201 0.0622742 0.0368862 0.0189164 0.0100642 0.00787881 0.00943026 0.0128898 0.0173668 0.0223362 0.0273033 0.0317314 0.0351076 0.0370474 0.0373795 0.0361778 0.0337274 0.0304405 0.0267533 0.0230364 0.0195443 0.016408 0.0136602 0.0112758 0.00920865
 1.03264e-16 2.90371e-05 0.000170417 0.000810073 0.0031188 0.00972568 0.0245663 0.0502662 0.083323 0.111904 0.121782 0.107442 0.0769572 0.0450074 0.022022 0.0100115 0.00583088 0.00577183 0.00756319 0.0102006 0.0132511 0.016421 0.0194175 0.0219544 0.0238002 0.0248218 0.0250043 0.0244371 0.0232772 0.0217025 0.0198727 0.0179085 0.0158905 0.0138705 0.0118878 0.00998031
 1.03381e-16 2.62973e-05 0.000154325 0.000733553 0.00282415 0.00880679 0.0222454 0.0455181 0.0754553 0.101346 0.110317 0.0973824 0.0698738 0.0411106 0.0205727 0.010123 0.00695392 0.00773308 0.0103992 0.0139943 0.0180277 0.0220926 0.0257637 0.0286353 0.030402 0.0309241 0.0302522 0.0285994 0.0262758 0.0236072 0.0208665 0.0182364 0.0158068 0.0135969 0.0115884 0.00975516
 1.03173e-16 2.83717e-05 0.000166508 0.000791482 0.00304721 0.00950241 0.0240024 0.0491127 0.0814118 0.10934 0.119001 0.105007 0.0752553 0.0440968 0.0217339 0.0101449 0.00627021 0.00649378 0.00859272 0.0115659 0.0149525 0.0184134 0.0216044 0.0241944 0.0259258 0.0266674 0.0264347 0.0253715 0.0237006 0.021663 0.0194666 0.0172581 0.0151209 0.0130909 0.0111793 0.00939192
 1.03211e-16 2.67675e-05 0.000157087 0.000746683 0.00287471 0.00896446 0.0226436 0.0463328 0.0768054 0.103158 0.112285 0.0991113 0.0710949 0.04179 0.0208405 0.0101359 0.00681184 0.00747211 0.0100191 0.013485 0.0173854 0.0213279 0.024904 0.0277228 0.0294876 0.0300583 0.0294757 0.0279364 0.0257309 0.0231674 0.0205068 0.0179275 0.0155221 0.0133175 0.0113054 0.00946877
 1.04955e-16 1.92075e-05 0.000112694 0.000535614 0.00206201 0.00643006 0.0162421 0.0332355 0.0550994 0.0740206 0.0806113 0.0712532 0.0513289 0.0306098 0.0160805 0.00917777 0.007931 0.00996977 0.013811 0.0187129 0.0241983 0.0297782 0.0349043 0.0390405 0.0417707 0.0428856 0.0424171 0.040606 0.0378218 0.0344624 0.0308702 0.0272852 0.0238415 0.0205937 0.0175543 0.0147268
 1.07426e-16 1.86527e-05 0.000109445 0.000520186 0.00200264 0.00624493 0.0157744 0.0322779 0.0535097 0.071879 0.0782632 0.06914 0.049725 0.0294905 0.0151976 0.00821678 0.00661429 0.00808271 0.011203 0.0153128 0.0200446 0.0250506 0.0299331 0.0342849 0.0377613 0.0401424 0.0413596 0.0414805 0.0406609 0.0390869 0.0369281 0.0343163 0.0313502 0.0281135 0.0246968 0.0212073
 1.06176e-16 2.6467e-05 0.00015533 0.000738347 0.00284264 0.00886449 0.022391 0.0458154 0.0759454 0.101997 0.111004 0.0979401 0.0701671 0.0410687 0.0201565 0.00927069 0.00555455 0.00563938 0.00746692 0.0101329 0.0132519 0.0165628 0.0198017 0.0227065 0.0250596 0.0267269 0.0276735 0.0279495 0.0276564 0.0269066 0.0257919 0.0243723 0.0226822 0.0207485 0.0186091 0.0163237
 1.04249e-16 2.70033e-05 0.000158472 0.000753274 0.00290009 0.00904363 0.0228436 0.0467418 0.0774828 0.104066 0.113269 0.0999693 0.0716873 0.0420918 0.0209049 0.0100242 0.00655201 0.00705645 0.00942118 0.0126781 0.016357 0.02009 0.0234989 0.0262239 0.0279934 0.0286815 0.0283291 0.0271183 0.0253138 0.02319 0.020972 0.018804 0.0167495 0.0148139 0.0129764 0.0112165
 1.0249e-16 3.10895e-05 0.000182467 0.000867357 0.00333936 0.0104135 0.0263036 0.0538209 0.0892149 0.119816 0.130389 0.115028 0.0823731 0.0481392 0.0234863 0.0105579 0.00597498 0.0057536 0.00744801 0.00997039 0.0128486 0.0157663 0.0184174 0.0205129 0.0218335 0.0222749 0.0218667 0.0207524 0.0191455 0.0172719 0.0153236 0.0134314 0.0116633 0.0100391 0.0085524 0.00719081
 1.01565e-16 3.25868e-05 0.000191257 0.000909148 0.00350027 0.0109152 0.0275711 0.0564142 0.0935132 0.125587 0.136667 0.120558 0.0863174 0.0504112 0.0245322 0.01092 0.00602444 0.00566084 0.00725847 0.00967304 0.0124103 0.0151446 0.0175664 0.0193881 0.0203972 0.0205027 0.0197528 0.0183146 0.0164262 0.0143374 0.0122586 0.0103321 0.00862772 0.00715799 0.0059015 0.00482501
 1.01991e-16 2.70854e-05 0.00015895 0.000755535 0.00290878 0.00907071 0.022912 0.0468822 0.0777169 0.104385 0.113627 0.10031 0.0719869 0.0423787 0.0212526 0.0105302 0.00732161 0.00819292 0.011014 0.0147836 0.0189746 0.0231407 0.0268146 0.0295549 0.0310348 0.0311149 0.0298707 0.0275623 0.0245603 0.0212552 0.0179777 0.0149537 0.0122968 0.0100304 0.00812283 0.00652111
 1.02819e-16 2.73945e-05 0.000160769 0.000764194 0.00294214 0.00917474 0.0231748 0.0474194 0.0786058 0.105574 0.114909 0.101414 0.0727164 0.042683 0.0211747 0.0101152 0.00656386 0.00703934 0.00939733 0.0126607 0.0163595 0.0201273 0.0235847 0.026365 0.028183 0.0288931 0.0285131 0.0272043 0.0252177 0.022827 0.0202718 0.0177251 0.0152897 0.0130134 0.0109131 0.00899531
 1.03315e-16 2.67191e-05 0.000156803 0.000745337 0.00286953 0.00894831 0.0226028 0.0462493 0.0766667 0.102971 0.11208 0.0989263 0.0709537 0.0416899 0.0207593 0.0100453 0.00668672 0.00729314 0.00977309 0.0131666 0.0170003 0.0208957 0.0244582 0.027309 0.0291566 0.0298575 0.0294407 0.0280835 0.0260543 0.0236401 0.0210863 0.0185633 0.0161638 0.013922 0.0118409 0.00991667
 1.0274e-16 3.04916e-05 0.000178957 0.000850669 0.00327511 0.0102131 0.0257975 0.0527854 0.0874985 0.117511 0.127882 0.112818 0.0807954 0.047227 0.02306 0.0103991 0.00593341 0.00575912 0.00748113 0.0100357 0.0129618 0.0159496 0.0186968 0.0209156 0.0223839 0.0229902 0.0227521 0.0217986 0.0203271 0.0185498 0.0166484 0.0147493 0.0129223 0.0111948 0.00957224 0.00805598
 1.03183e-16 2.4436e-05 0.000143394 0.000681574 0.002624 0.00818263 0.0206689 0.0422928 0.0701105 0.0941734 0.102524 0.0905394 0.0650424 0.0384262 0.0195226 0.0100907 0.00754959 0.00882269 0.0119961 0.0161537 0.020782 0.0254172 0.0295622 0.032743 0.034605 0.0349904 0.0339675 0.0317983 0.028861 0.0255532 0.0222099 0.0190579 0.0162099 0.01369 0.0114715 0.00951212
pSPR Fmed_Fpbrs
0.675608   0.337119 0.337119
Fs Fmed_Fpbrs
0.251344   1.005 1.005
SSBpbr Bo_Bmed_Bpbrs
1.29631e+06  810984  372196 372196
Ro
49208.6
SPR SPRFo_SPRFmed_SPRFpbrs
1.01656e+06 686800 342703
log_Ro
10.6238
likeval ReclasPelacesDesembMPH_pf_preclas_ppelaces_ptallas_desvR_qrecl_qpela
 59.7971 26.3129 0.0159031 0.00134926 246.612 155.262 57.4494 0 14.2767 8.16579e-05 0 0 0 0 0
q_reclas_q_pelaces
0.277897 1
M
0.7
N
 50909.2 16001.4 6030.37 718.385 0.323216
 65770 23259.4 5243.82 1976.22 235.529
 39804.1 30417.1 8099.49 1826.03 770.185
 66699.9 17781.2 8910.22 2372.63 760.521
 114925 32458.8 7982.42 4000.02 1406.55
 80555.1 56850.5 15811.7 3888.48 2633.7
 130849 38525.8 23402.2 6508.81 2684.82
 123432 63463.3 17008.6 10331.8 4058.87
 150422 58528.5 25032.1 6708.8 5676.18
 149467 70955 22492.3 9619.76 4759.5
 68449.4 71260.4 28757 9115.79 5827.7
 39750.7 31263.5 23316.9 9409.5 4889.62
 42586.8 18267.1 10546.6 7865.84 4823.73
 23706.7 18701.1 4912.78 2836.41 3412.75
 18570.1 9484.59 3160.89 830.366 1056.24
 23180.6 7548.75 1735.6 578.416 345.234
 19071.7 10635.7 2526.62 580.916 309.151
 21119.6 8951.31 3986.43 947.017 333.612
 22538.9 10093.3 3671.68 1635.17 525.293
 36181 10828.6 4250.4 1546.18 909.791
 29385.1 17341.3 4506.09 1768.72 1022
pred_Ctot
 2941.52 4007.7 1510.37 179.927 0.0809527
 3262.29 5100.31 1149.86 433.345 51.6466
 2892.22 9245.29 2461.85 555.022 234.098
 961.82 1234.48 618.604 164.723 52.8002
 318.007 444.922 109.417 54.8294 19.2799
 2143.23 7069.36 1966.18 483.532 327.501
 2196.02 3095.08 1880.08 522.903 215.693
 4016.51 9513.83 2549.78 1548.85 608.468
 5435.77 9659.28 4131.19 1107.19 936.77
 4300.87 9492.34 3009.02 1286.93 636.725
 3969.08 17902.7 7224.58 2290.15 1464.09
 2142.08 7371.46 5497.78 2218.62 1152.9
 3568.87 6236.15 3600.47 2685.3 1646.76
 3354.77 9421.07 2474.92 1428.9 1719.25
 2450.78 4555.07 1518.05 398.791 507.272
 1273.65 1810.18 416.194 138.703 82.7864
 754.689 1906.17 452.831 104.114 55.4074
 572.376 1132.47 504.342 119.812 42.2068
 528.055 1113.79 405.167 180.439 57.9657
 907.883 1274.64 500.316 182.002 107.092
 406.676 1157.11 300.672 118.019 68.1939
F
 0.0833348 0.415624 0.415624 0.415624 0.415624
 0.0711609 0.354907 0.354907 0.354907 0.354907
 0.105828 0.527805 0.527805 0.527805 0.527805
 0.020231 0.1009 0.1009 0.1009 0.1009
 0.0038542 0.0192224 0.0192224 0.0192224 0.0192224
 0.0376137 0.187595 0.187595 0.187595 0.187595
 0.0235807 0.117606 0.117606 0.117606 0.117606
 0.0461766 0.230301 0.230301 0.230301 0.230301
 0.0513978 0.256341 0.256341 0.256341 0.256341
 0.0407357 0.203165 0.203165 0.203165 0.203165
 0.0836432 0.417161 0.417161 0.417161 0.417161
 0.0775254 0.38665 0.38665 0.38665 0.38665
 0.122963 0.613262 0.613262 0.613262 0.613262
 0.21609 1.07773 1.07773 1.07773 1.07773
 0.200168 0.998316 0.998316 0.998316 0.998316
 0.0790998 0.394502 0.394502 0.394502 0.394502
 0.056406 0.281319 0.281319 0.281319 0.281319
 0.0383267 0.19115 0.19115 0.19115 0.19115
 0.0330557 0.164862 0.164862 0.164862 0.164862
 0.0354409 0.176758 0.176758 0.176758 0.176758
 0.0194095 0.0968028 0.0968028 0.0968028 0.0968028
YTP_r0W_actual
 4270.1 28464.9 10222.8 5263.64 3737.02
YTP_p0W_proyectada
 34103.8 151855 119135 40655.3 26721.5
CTP_r0_actual
 406.676 1157.11 300.672 118.019 68.1939
CTP_p0_proyectada
 4158.99 6902.51 3770.08 979.645 557.86
Wmedp
 8.2 22 31.6 41.5 47.9
nmprior
 10 11 7 0
nm_flota  nm_reclas  nm_pelaces    nm_pelaL
inf 14.9091 14.7341 14.7341
cv_recla  cv_pelaces  cv_mph
0.773286 0.688209 1.22441
 ------------------------------------------------
Talla a la edad & desviaci?n 
 7.2 14.2025 17.0495 18.207 18.6776
 1.08 2.13037 2.55742 2.73105 2.80164
