years
 1997 1998 1999 2000 2001 2002 2003 2004 2005 2006 2007 2008 2009 2010 2011 2012 2013 2014 2015 2016 2017 2018
reclasobs
 0 0 0 370054 412103 1.49427e+06 250295 1.28982e+06 931140 785840 897777 1.04006e+06 184774 17550 25797 100020 73551 82996 120727 218422 84188 347160
reclaspred
 1.12747e+06 232346 590628 315042 404191 519178 1.07332e+06 830527 1.07453e+06 1.205e+06 1.13637e+06 776787 448678 205401 135930 133388 157960 219568 236725 312196 472928 451002
pelacesobs
 0 0 0 0 0 0 0 0 0 2.06254e+06 1.5e+06 0 1.87456e+06 323000 250000 174000 83755 137374 0 501740 490994 745055
pelacespred
 655069 230960 202701 219923 241024 238730 550777 532436 614472 715936 588781 416748 237972 87539.3 57491.3 64431.3 79944.6 112259 127676 162282 268529 268682
mphobs
 0 0 0 0 0 112323 0 153150 637223 0 255016 313432 73983 77613 109348 50772 0 0 0 0 0 0
mphpred
 796648 428399 373916 340674 300661 463576 643836 862274 847819 1.04214e+06 1.14325e+06 820049 499929 265203 125905 110930 124359 168718 207394 231826 354308 427296
desembarqueobs
 350755 77701 442110 56441 14545 235359 269955 359681 431902 328805 639364 411747 362871 311530 167758 66681 60226 58785 57116 71774 51957 67425
desembarquepred
 350759 77700.7 442120 56443.1 14545.1 235417 269976 359609 431833 328743 639333 411856 362934 311698 167710 66688.5 60244.1 58785.3 57110.3 71764.7 51955.2 67417.5
Reclutas
 41680.8 44012.9 22695.6 26080.5 52797.1 39542 79771.8 85857.9 129454 140773 72321.2 40330.1 46480.6 28546 20025.8 16972 14296.3 15538.2 16327.6 30149.9 37851.4 43994.1
log_desv_Rt
 0.0845198 0.138961 -0.523348 -0.384333 0.320936 0.0318427 0.733649 0.807172 1.21781 1.30163 0.635596 0.0515774 0.193515 -0.294006 -0.648497 -0.813957 -0.985518 -0.90222 -0.852665 -0.23934 -0.0118529 0.138535
SSB
 796648 428399 373916 340674 300661 463576 643836 862274 847819 1.04214e+06 1.14325e+06 820049 499929 265203 125905 110930 124359 168718 207394 231826 354308 427296
BT
 2.06929e+06 573110 757181 525385 581538 658229 1.68981e+06 1.61762e+06 1.97263e+06 1.98494e+06 1.82343e+06 1.23792e+06 886799 485859 286712 201405 236631 303141 315864 436122 672829 603799
Ftot
 0.299338 0.321387 0.695379 0.173815 0.0352015 0.431343 0.24323 0.413816 0.385235 0.263388 0.530838 0.501157 0.749138 1.31655 1.10879 0.475116 0.365591 0.258421 0.233114 0.222484 0.107039 0.145264
BD_Bspro_t
 0.957458 0.755276 0.636507 0.431643 0.530828 0.694103 0.627118 0.662427 0.623858 0.62081 0.613542 0.458652 0.347504 0.248575 0.149995 0.157885 0.228201 0.360156 0.468075 0.557538 0.679718 0.768776
BD_Bspro
 1.00739 0.541726 0.472831 0.430795 0.380197 0.58621 0.814155 1.09038 1.0721 1.31783 1.44569 1.03698 0.632179 0.33536 0.159211 0.140275 0.157256 0.213351 0.262258 0.293153 0.448036 0.540332
BD_Bo
 0.846352 0.455127 0.397245 0.361929 0.31942 0.4925 0.684006 0.916072 0.900715 1.10716 1.21458 0.871213 0.531121 0.28175 0.13376 0.117851 0.132118 0.179245 0.220334 0.24629 0.376414 0.453956
BD_Brms
 4.07037 2.18885 1.91047 1.74063 1.53619 2.36858 3.2896 4.40567 4.33182 5.32469 5.8413 4.18993 2.55432 1.35502 0.643294 0.56678 0.635394 0.862044 1.05965 1.18449 1.81029 2.18321
S_f
 0.5 1 1 1 1
 0.5 1 1 1 1
 0.5 1 1 1 1
 0.5 1 1 1 1
 0.5 1 1 1 1
 0.5 1 1 1 1
 0.5 1 1 1 1
 0.5 1 1 1 1
 0.5 1 1 1 1
 0.5 1 1 1 1
 0.5 1 1 1 1
 0.5 1 1 1 1
 0.5 1 1 1 1
 0.5 1 1 1 1
 0.5 1 1 1 1
 0.5 1 1 1 1
 0.5 1 1 1 1
 0.5 1 1 1 1
 0.5 1 1 1 1
 0.5 1 1 1 1
 0.5 1 1 1 1
 0.5 1 1 1 1
Scru_reclas
 0.5 1 1 1 1
 0.5 1 1 1 1
 0.5 1 1 1 1
 0.5 1 1 1 1
 0.5 1 1 1 1
 0.5 1 1 1 1
 0.5 1 1 1 1
 0.5 1 1 1 1
 0.5 1 1 1 1
 0.5 1 1 1 1
 0.5 1 1 1 1
 0.5 1 1 1 1
 0.5 1 1 1 1
 0.5 1 1 1 1
 0.5 1 1 1 1
 0.5 1 1 1 1
 0.5 1 1 1 1
 0.5 1 1 1 1
 0.5 1 1 1 1
 0.5 1 1 1 1
 0.5 1 1 1 1
 0.5 1 1 1 1
Scru_pelaces
 0.5 1 1 1 1
 0.5 1 1 1 1
 0.5 1 1 1 1
 0.5 1 1 1 1
 0.5 1 1 1 1
 0.5 1 1 1 1
 0.5 1 1 1 1
 0.5 1 1 1 1
 0.5 1 1 1 1
 0.5 1 1 1 1
 0.5 1 1 1 1
 0.5 1 1 1 1
 0.5 1 1 1 1
 0.5 1 1 1 1
 0.5 1 1 1 1
 0.5 1 1 1 1
 0.5 1 1 1 1
 0.5 1 1 1 1
 0.5 1 1 1 1
 0.5 1 1 1 1
 0.5 1 1 1 1
 0.5 1 1 1 1
pf_obs 
 0.256992 0.487395 0.22802 0.0275931 0
 0.321318 0.546541 0.124235 0.00734118 0.000564706
 0.182869 0.594174 0.210203 0.0122559 0.00049798
 0.330522 0.361315 0.267642 0.0388342 0.00168674
 0.649043 0.306663 0.0425973 0.00169635 0
 0.582887 0.30429 0.105238 0.00758474 0
 0.465427 0.430635 0.0974691 0.00646863 0
 0.296916 0.608066 0.0921331 0.00288517 0
 0.311714 0.524322 0.152257 0.0117073 0
 0.15457 0.633149 0.183074 0.0267441 0.00246327
 0.131901 0.49318 0.331252 0.0422183 0.00144891
 0.196976 0.569456 0.194076 0.0375587 0.00193317
 0.518974 0.381816 0.0799577 0.0180837 0.00116848
 0.0928022 0.601141 0.25162 0.0475244 0.00691264
 0.122501 0.610282 0.24278 0.0234846 0.000952079
 0.383417 0.481906 0.127806 0.00687128 0
 0.0376549 0.599619 0.316969 0.0457579 0
 0.0361596 0.667082 0.258105 0.0386534 0
 0.158088 0.579412 0.248529 0.0139706 0
 0.0477256 0.309471 0.559284 0.082774 0.000745712
 0.0406174 0.521527 0.379366 0.0568643 0.0016247
 0.151134 0.462217 0.34131 0.0453401 0
pf_pred 
 0.446552 0.389375 0.146596 0.0174717 5.06036e-06
 0.457296 0.346 0.13839 0.0521026 0.00621151
 0.31265 0.446095 0.153811 0.0615202 0.0259231
 0.473321 0.278302 0.161198 0.0555804 0.031598
 0.594307 0.265237 0.0742183 0.0429887 0.0232489
 0.385555 0.459237 0.101473 0.028394 0.0253408
 0.609254 0.229505 0.120512 0.0266282 0.0141009
 0.50666 0.379754 0.0667151 0.0350317 0.0118396
 0.585727 0.289388 0.0961319 0.0168884 0.0118651
 0.516162 0.367604 0.0811943 0.026972 0.00806746
 0.314438 0.477885 0.157786 0.0348509 0.0150399
 0.295847 0.364432 0.236809 0.0781889 0.0247228
 0.460512 0.266146 0.141467 0.0919259 0.0399488
 0.438122 0.3829 0.0882955 0.0469325 0.0437502
 0.541759 0.322161 0.0927334 0.021384 0.0219622
 0.557767 0.340325 0.0716451 0.0206229 0.00963972
 0.463399 0.398995 0.105896 0.0222931 0.00941654
 0.477228 0.343759 0.133106 0.0353273 0.0105785
 0.456194 0.360471 0.120555 0.04668 0.016099
 0.584502 0.266758 0.0985948 0.0329739 0.0171711
 0.520254 0.359754 0.0770378 0.0284735 0.0144815
 0.468167 0.367452 0.123266 0.0263962 0.0147181
pobs_RECLAS
 0 0 0 0 0
 0 0 0 0 0
 0 0 0 0 0
 0 0 0 0 0
 0.835266 0.146461 0.0176864 0.000547809 3.91292e-05
 0.385257 0.428462 0.181853 0.0044286 0
 0.867414 0.0963971 0.0333333 0.00285562 0
 0.441836 0.489002 0.0689373 0.000224442 0
 0.779404 0.147425 0.0564933 0.0165055 0.000172143
 0.814271 0.122319 0.05973 0.00367925 0
 0.40263 0.566651 0.0304383 0.000280538 0
 0.475488 0.404961 0.113038 0.00651328 0
 0.955842 0.0263864 0.0167828 0.000988607 0
 0.975058 0.0227948 0.00214734 0 0
 0.738997 0.206755 0.0527124 0.00153531 0
 0.850938 0.134255 0.0134407 0.00136685 0
 0.542534 0.407297 0.0501686 0 0
 0.764087 0.199537 0.0359546 0.000420521 0
 0.470689 0.182191 0.310203 0.0369168 0
 0.84361 0.089868 0.0606195 0.00523954 0.000663233
 0.607945 0.314616 0.071237 0.00620181 0
 0.523733 0.453247 0.0230204 0 0
ppred_RECLAS
 0.449363 0.387397 0.145852 0.0173829 5.03466e-06
 0.460379 0.344034 0.137604 0.0518066 0.00617622
 0.320118 0.441248 0.15214 0.0608519 0.0256415
 0.474804 0.277519 0.160744 0.0554239 0.0315091
 0.594562 0.26507 0.0741717 0.0429617 0.0232343
 0.389847 0.45603 0.100764 0.0281957 0.0251638
 0.611354 0.228272 0.119864 0.0264851 0.0140251
 0.510941 0.376459 0.0661362 0.0347277 0.0117368
 0.589512 0.286744 0.0952536 0.0167341 0.0117567
 0.518589 0.36576 0.080787 0.0268367 0.00802699
 0.319593 0.474291 0.1566 0.0345889 0.0149269
 0.300459 0.362045 0.235258 0.0776768 0.0245608
 0.470056 0.261438 0.138964 0.0902998 0.0392421
 0.459968 0.368013 0.0848625 0.0451077 0.0420491
 0.558602 0.31032 0.089325 0.020598 0.0211549
 0.562824 0.336433 0.0708258 0.0203871 0.00952948
 0.467034 0.396293 0.105179 0.0221422 0.00935276
 0.479598 0.342201 0.132503 0.0351672 0.0105305
 0.458277 0.359091 0.120094 0.0465013 0.0160374
 0.586428 0.265521 0.0981378 0.032821 0.0170915
 0.521113 0.359109 0.0768997 0.0284224 0.0144556
 0.469374 0.366619 0.122986 0.0263364 0.0146847
pobs_PELACES
 0 0 0 0 0
 0 0 0 0 0
 0 0 0 0 0
 0 0 0 0 0
 0 0 0 0 0
 0 0 0 0 0
 0 0 0 0 0
 0 0 0 0 0
 0 0 0 0 0
 0 0 0 0 0
 0.450072 0.473896 0.0757376 0.000293798 0
 0 0 0 0 0
 0.463077 0.371075 0.160297 0.00555027 0
 0.529543 0.364841 0.0842815 0.0213345 0
 0.631943 0.363953 0.00410389 0 0
 0.735681 0.248677 0.0153453 0.000297389 0
 0.695825 0.281241 0.0229344 0 0
 0.275771 0.60734 0.115278 0.00161068 0
 0 0 0 0 0
 0.896147 0.0623911 0.0374545 0.00400742 0
 0.803859 0.145111 0.0509908 3.86294e-05 0
 0.739449 0.233085 0.0266225 0.000797448 4.60066e-05
ppred_PELACES
 0.461612 0.37878 0.142607 0.0169962 4.92266e-06
 0.473578 0.335619 0.134238 0.0505395 0.00602515
 0.345587 0.424718 0.146441 0.0585723 0.0246809
 0.48196 0.273737 0.158554 0.0546687 0.0310797
 0.595961 0.264156 0.0739157 0.0428134 0.0231541
 0.406903 0.443282 0.0979473 0.0274075 0.0244604
 0.620846 0.222697 0.116937 0.0258382 0.0136826
 0.527983 0.36334 0.0638315 0.0335175 0.0113278
 0.604801 0.276063 0.0917057 0.0161108 0.0113188
 0.529428 0.357525 0.078968 0.0262325 0.00784626
 0.338933 0.46081 0.152149 0.0336057 0.0145026
 0.318121 0.352904 0.229319 0.0757156 0.0239407
 0.500922 0.246211 0.130871 0.0850403 0.0369565
 0.514186 0.331065 0.0763425 0.040579 0.0378275
 0.60311 0.279029 0.080318 0.0185211 0.0190218
 0.582009 0.32167 0.0677177 0.0194924 0.00911129
 0.482074 0.385109 0.102211 0.0215173 0.00908882
 0.490248 0.335198 0.129791 0.0344475 0.010315
 0.46784 0.352752 0.117974 0.0456804 0.0157543
 0.595303 0.259824 0.096032 0.0321168 0.0167248
 0.525519 0.355805 0.0761922 0.028161 0.0143226
 0.475347 0.362492 0.121602 0.0260399 0.0145194
pobs_pel_tallas
 0 0 0 0 0 0 0 0 0 0 0 0 0 0 0 0 0 0 0 0 0 0 0 0 0 0 0 0 0 0 0 0 0 0 0 0
 0 0 0 0 0 0 0 0 0 0 0 0 0 0 0 0 0 0 0 0 0 0 0 0 0 0 0 0 0 0 0 0 0 0 0 0
 0 0 0 0 0 0 0 0 0 0 0 0 0 0 0 0 0 0 0 0 0 0 0 0 0 0 0 0 0 0 0 0 0 0 0 0
 0 0 0 0 0 0 0 0 0 0 0 0 0 0 0 0 0 0 0 0 0 0 0 0 0 0 0 0 0 0 0 0 0 0 0 0
 0 0 0 0 0 0 0 0 0 0 0 0 0 0 0 0 0 0 0 0 0 0 0 0 0 0 0 0 0 0 0 0 0 0 0 0
 0 0 0 0 0 0 0 0 0 0 0 0 0 0 0 0 0 0 0 0 0 0 0 0 0 0 0 0 0 0 0 0 0 0 0 0
 0 0 0 0 0 0 0 0 0 0 0 0 0 0 0 0 0 0 0 0 0 0 0 0 0 0 0 0 0 0 0 0 0 0 0 0
 0 0 0 0 0 0 0 0 0 0 0 0 0 0 0 0 0 0 0 0 0 0 0 0 0 0 0 0 0 0 0 0 0 0 0 0
 0 0 0 0 0 0 0 0 0 0 0 0 0 0 0 0 0 0 0 0 0 0 0 0 0 0 0 0 0 0 0 0 0 0 0 0
 0 0 0 0 0 0 0 0 0 0 0 0 0 0 0 0 0 0 0 0 0 0 0 0 0 0 0 0 0 0 0 0 0 0 0 0
 0 0 0 0 0 0 0 0 1.78061e-05 0.00172719 0.00360574 0.0105946 0.0120993 0.0124554 0.0147524 0.0171206 0.0266825 0.0428682 0.0675386 0.121331 0.153587 0.119568 0.100827 0.0573624 0.0630603 0.0341343 0.0324427 0.0444173 0.0211091 0.0280891 0.0125444 0.00206551 0 0 0 0
 0 0 0 0 0 0 0 0 0 0 0 0 0 0 0 0 0 0 0 0 0 0 0 0 0 0 0 0 0 0 0 0 0 0 0 0
 0 0 0 0 0 0 0.0133647 0.0140871 0.0187388 0.0205184 0.03894 0.0496705 0.03968 0.0493445 0.0407372 0.0367815 0.0215668 0.0243155 0.0234873 0.0199281 0.019796 0.0243948 0.0301388 0.0376714 0.0412746 0.0863199 0.0771752 0.113111 0.0741005 0.0525337 0.0229764 0.00759418 0.00175318 0 0 0
 0 0 0 0 0 0 0 0 0 0 0.00219441 0.00772107 0.0458388 0.0604681 0.0671733 0.0775358 0.0609151 0.0617685 0.073594 0.0568108 0.0755445 0.0548602 0.0670107 0.0636378 0.0643287 0.046367 0.0373049 0.0286899 0.0247887 0.0153202 0.00654259 0.00121912 0.000365735 0 0 0
 0 0 0 0 0 0 0 0 0 0 0 0 0.000112435 0.00938835 0.0111873 0.0202946 0.0414886 0.0713402 0.111592 0.104902 0.108894 0.110636 0.117776 0.105296 0.107544 0.0401394 0.0192827 0.0124803 0.00416011 0.0028671 0.000618394 0 0 0 0 0
 0 0 0 0 0 0 0 0 0 0 0.00291406 0.0102884 0.027416 0.0768956 0.0749926 0.110853 0.0956884 0.0897413 0.0766577 0.0534642 0.0500743 0.0551293 0.0594112 0.0620874 0.0668451 0.0424026 0.0208742 0.0120726 0.0048766 0.00582813 0.00118941 0.000297354 0 0 0 0
 0 0.00264628 0.0354308 0.0461629 0.0458689 0.0383711 0.0214643 0.0164657 0.0346957 0.0420465 0.0363128 0.0245516 0.0311673 0.0291091 0.0169068 0.0133784 0.00837989 0.0085269 0.0148486 0.0160247 0.0276389 0.0546898 0.0760071 0.122758 0.109233 0.0665981 0.0333725 0.0166128 0.00676272 0.00308733 0.000882094 0 0 0 0 0
 0 0 0 0 0 0 0 0.000805153 0.000690131 0.00759144 0.0133425 0.0154129 0.00931677 0.000345066 0.00356568 0.00563607 0.00851162 0.0253048 0.0502646 0.0516448 0.0657925 0.0565908 0.0611916 0.0827007 0.0866115 0.110766 0.145733 0.0935128 0.0569358 0.0249597 0.0138026 0.00621118 0.00161031 0.00115022 0 0
 0 0 0 0 0 0 0 0 0 0 0 0 0 0 0 0 0 0 0 0 0 0 0 0 0 0 0 0 0 0 0 0 0 0 0 0
 0.00147267 0.00158595 0.00478618 0.00569244 0.00954404 0.0108468 0.00647125 0.017049 0.0510054 0.094081 0.124002 0.0959785 0.0687766 0.0820023 0.061753 0.0591476 0.0492212 0.0479892 0.0443925 0.0268479 0.0217502 0.0140895 0.0121071 0.0120363 0.00920419 0.00665534 0.0049561 0.00860946 0.00930331 0.0156896 0.0114698 0.00855282 0.00243557 0.00046729 0 2.83206e-05
 0 0 0 0 0.000772559 0.00158375 0.000888443 0.00281984 0.00712685 0.0440552 0.0773331 0.111326 0.0921469 0.0852325 0.0710754 0.0886704 0.0786465 0.0553345 0.0373146 0.0185414 0.00753245 0.00457741 0.012979 0.0271748 0.0457355 0.0583668 0.034881 0.0177882 0.00938659 0.00492506 0.0015258 0.00185414 0.000309023 5.79419e-05 3.86279e-05 0
 0 0.00173294 0.00326652 0 0.00397197 0.00683976 0.00946217 0.0152591 0.00757587 0.0136028 0.0228656 0.0392903 0.0559909 0.0764795 0.0681675 0.0726916 0.0566044 0.0477403 0.0527397 0.0444891 0.0609904 0.0582453 0.0661739 0.0445044 0.0529084 0.0360697 0.0280645 0.0235558 0.0158879 0.00826598 0.00280645 0.00217768 0.000904811 0.00058276 9.20147e-05 0
ppred_pel_tallas
 1.02732e-16 2.01568e-05 0.000118264 0.000562088 0.00216393 0.00674788 0.0170449 0.0348784 0.0578233 0.0776809 0.0846 0.0747846 0.0538854 0.0321591 0.0169386 0.00973421 0.0084787 0.0106811 0.014775 0.0199639 0.0257197 0.0314958 0.0366816 0.0406854 0.0430555 0.0435772 0.0423124 0.0395639 0.0357847 0.0314646 0.0270304 0.0227892 0.0189168 0.0154826 0.0124894 0.00991052
 1.04034e-16 2.06767e-05 0.00012132 0.000576629 0.00221993 0.00692253 0.017486 0.0357806 0.0593175 0.0796835 0.0867687 0.0766725 0.0551822 0.032806 0.0170475 0.00943458 0.00782561 0.00965267 0.0133129 0.0180174 0.0232802 0.0286206 0.0335045 0.037411 0.0399367 0.0408799 0.0402744 0.0383587 0.0354983 0.0320884 0.0284715 0.024891 0.0214866 0.0183176 0.0153991 0.0127325
 1.05383e-16 1.50993e-05 8.85681e-05 0.000420903 0.00162031 0.00505263 0.0127629 0.0261175 0.0433034 0.0581881 0.0634065 0.0561345 0.0406313 0.0246185 0.0136436 0.00890659 0.0089301 0.011904 0.0166729 0.0225998 0.0291791 0.035828 0.0418773 0.0466743 0.049719 0.0507703 0.0498876 0.0473896 0.0437526 0.0394848 0.0350194 0.030656 0.0265549 0.0227702 0.0192984 0.0161213
 1.05671e-16 2.10397e-05 0.000123457 0.0005868 0.00225911 0.00704474 0.0177946 0.0364116 0.0603616 0.0810804 0.0882748 0.0779677 0.0560368 0.0331587 0.0169473 0.00893151 0.00690885 0.00825408 0.0113459 0.0154221 0.0200631 0.0248832 0.0294543 0.0333495 0.0362228 0.037876 0.0382865 0.0375865 0.0360065 0.0338049 0.0312098 0.028389 0.0254504 0.0224616 0.0194757 0.0165493
 1.03689e-16 2.60101e-05 0.000152639 0.000725538 0.00279329 0.00871056 0.0220023 0.0450207 0.0746309 0.100239 0.109112 0.0963201 0.0691139 0.0406684 0.0203606 0.0100342 0.00691384 0.0077051 0.0103709 0.013965 0.0180031 0.0220832 0.0257841 0.0287034 0.0305369 0.0311436 0.0305699 0.0290223 0.0268026 0.0242276 0.0215626 0.0189841 0.0165787 0.0143649 0.0123265 0.0104415
 1.0362e-16 1.77736e-05 0.000104267 0.000495534 0.00190766 0.0059487 0.0150263 0.0307487 0.0509801 0.0684972 0.0746239 0.0660266 0.0477069 0.0287361 0.0156179 0.00973019 0.00929511 0.0121461 0.0168998 0.0228047 0.0292928 0.0357346 0.0414226 0.04568 0.0480062 0.0481892 0.0463476 0.0428825 0.0383637 0.0333874 0.0284555 0.023906 0.0199032 0.0164733 0.0135608 0.0110809
 1.0326e-16 2.70937e-05 0.000159004 0.000755804 0.00290984 0.00907402 0.0229203 0.0468988 0.0777426 0.104414 0.113645 0.100294 0.0719049 0.0421896 0.0208987 0.00993273 0.00638177 0.00680354 0.00908135 0.0122574 0.0158797 0.0196022 0.0230659 0.0259207 0.0278893 0.0288215 0.0287183 0.0277136 0.0260256 0.0238964 0.0215405 0.019116 0.0167219 0.0144128 0.0122194 0.0101659
 1.02706e-16 2.305e-05 0.000135251 0.000642854 0.0024749 0.00771766 0.0194945 0.0398902 0.0661298 0.0888326 0.096726 0.0854584 0.0614774 0.0364909 0.0188542 0.0102556 0.00828915 0.0100703 0.0137902 0.0185494 0.0237931 0.028983 0.033535 0.0368963 0.038662 0.0386666 0.0370185 0.0340583 0.0302645 0.0261346 0.0220847 0.0183921 0.0151866 0.0124813 0.0102197 0.00832136
 1.02475e-16 2.63962e-05 0.000154904 0.000736303 0.00283474 0.0088398 0.0223288 0.0456888 0.0757385 0.101728 0.110734 0.0977562 0.0701537 0.0412989 0.0207108 0.0102633 0.00714237 0.00800562 0.0107834 0.0145087 0.0186777 0.0228656 0.0266247 0.0295272 0.0312492 0.0316404 0.0307516 0.0288074 0.0261392 0.0231009 0.0199966 0.0170392 0.0143443 0.0119495 0.00984607 0.00800768
 1.02506e-16 2.31128e-05 0.000135621 0.000644611 0.00248167 0.00773876 0.0195478 0.0399992 0.0663103 0.0890747 0.0969882 0.0856869 0.0616349 0.0365708 0.0188707 0.0102257 0.00822151 0.00996555 0.0136456 0.0183647 0.023574 0.0287431 0.0332956 0.0366837 0.0385026 0.0385814 0.0370168 0.0341351 0.0303999 0.0262976 0.0222392 0.0185037 0.0152294 0.0124416 0.0100975 0.00812835
 1.04143e-16 1.48107e-05 8.687e-05 0.000412822 0.00158919 0.00495556 0.0125178 0.0256161 0.0424735 0.0570767 0.0622057 0.0550956 0.039932 0.0242998 0.0136555 0.00919398 0.00948354 0.0127589 0.0178831 0.0242072 0.0311885 0.0381879 0.0444717 0.0493277 0.0522154 0.0528836 0.0514162 0.0481869 0.0437477 0.0386875 0.0335127 0.0285777 0.0240748 0.0200671 0.0165413 0.0134545
 1.07091e-16 1.38989e-05 8.15268e-05 0.000387441 0.0014915 0.00465095 0.0117482 0.0240409 0.0398596 0.0535582 0.0583555 0.0516489 0.0373547 0.0225748 0.0124091 0.00795674 0.00785768 0.0104555 0.0147122 0.0200856 0.0261731 0.0325105 0.0385503 0.0437369 0.0476137 0.0499099 0.0505784 0.0497711 0.0477698 0.0448981 0.0414487 0.0376461 0.0336456 0.0295559 0.0254691 0.0214798
 1.06587e-16 2.18653e-05 0.000128307 0.000609862 0.00234792 0.00732169 0.0184941 0.0378426 0.0627328 0.0842618 0.0917289 0.0809958 0.0581636 0.0343176 0.0173558 0.00884901 0.00649004 0.00753717 0.0103034 0.0140115 0.0182613 0.0227067 0.0269695 0.0306729 0.0335102 0.0353032 0.0360253 0.0357817 0.0347584 0.0331604 0.0311621 0.0288842 0.0263988 0.0237508 0.0209838 0.0181571
 1.04354e-16 2.2447e-05 0.000131715 0.000626046 0.0024102 0.00751589 0.0189848 0.0388471 0.0644 0.0865073 0.0941895 0.0832067 0.0598343 0.0354694 0.0182423 0.0097908 0.00776678 0.00936124 0.0128208 0.0172895 0.0222589 0.027246 0.0317262 0.0351985 0.0372888 0.037832 0.0369022 0.0347764 0.0318511 0.0285387 0.0251813 0.0220029 0.0191064 0.0165029 0.0141551 0.0120161
 1.02757e-16 2.63225e-05 0.000154472 0.000734246 0.00282682 0.0088151 0.0222664 0.0455611 0.075527 0.101444 0.110426 0.0974857 0.0699631 0.0411938 0.0206711 0.0102645 0.00716869 0.00805065 0.0108454 0.0145859 0.0187659 0.022957 0.0267086 0.0295917 0.031284 0.0316404 0.0307194 0.0287547 0.0260857 0.0230711 0.0200156 0.0171274 0.0145135 0.0122008 0.0101696 0.00838473
 1.02162e-16 2.54041e-05 0.000149076 0.000708586 0.002728 0.00850695 0.0214881 0.043969 0.0728892 0.0979054 0.106586 0.0941244 0.0676131 0.0399351 0.0202702 0.0104441 0.00776937 0.00904167 0.0122642 0.0164766 0.021137 0.0257561 0.0298129 0.0328146 0.0343985 0.0344134 0.0329501 0.0303066 0.0269045 0.0231857 0.0195229 0.0161682 0.0132456 0.0107754 0.00871521 0.0069988
 1.02741e-16 2.10491e-05 0.000123502 0.000586993 0.00225982 0.00704691 0.0178002 0.0364239 0.060385 0.0811209 0.0883428 0.0780844 0.0562439 0.0335279 0.0175876 0.00999167 0.00857096 0.0107138 0.0147759 0.0199209 0.0255994 0.0312505 0.0362545 0.0400185 0.0420999 0.0423053 0.0407278 0.0377072 0.0337324 0.0293207 0.0249127 0.0208121 0.0171762 0.0140439 0.011382 0.00912888
 1.03618e-16 2.14036e-05 0.000125588 0.000596917 0.00229804 0.00716613 0.0181013 0.0370396 0.0614042 0.0824853 0.0898163 0.0793574 0.057097 0.0339088 0.0175552 0.00961023 0.00784952 0.00960781 0.0132217 0.0178751 0.0230713 0.0283252 0.0331009 0.0368776 0.0392547 0.040036 0.0392637 0.037187 0.0341837 0.0306613 0.0269728 0.0233688 0.0199914 0.0168975 0.0140952 0.0115754
 1.04096e-16 2.04272e-05 0.000119854 0.000569653 0.00219307 0.00683876 0.0172744 0.0353478 0.0586006 0.0787222 0.0857265 0.0757626 0.0545513 0.0324788 0.0169649 0.00952673 0.00805577 0.0100188 0.0138295 0.0186961 0.0241164 0.029585 0.0345408 0.0384409 0.040871 0.0416338 0.0407838 0.0385926 0.035464 0.0318284 0.0280532 0.0243931 0.0209842 0.0178713 0.0150486 0.0124951
 1.03333e-16 2.59813e-05 0.00015247 0.000724735 0.0027902 0.00870093 0.021978 0.0449709 0.0745482 0.100128 0.10899 0.0962113 0.0690331 0.0406153 0.0203243 0.0100011 0.00687371 0.0076524 0.0103049 0.01389 0.0179294 0.0220268 0.0257651 0.0287431 0.0306523 0.031342 0.0308444 0.0293501 0.0271467 0.0245424 0.0218014 0.0191077 0.0165624 0.0142023 0.0120299 0.0100383
 1.02835e-16 2.29423e-05 0.00013462 0.000639852 0.00246335 0.00768162 0.0194034 0.0397039 0.0658208 0.0884172 0.0962726 0.0850553 0.061182 0.0363049 0.0187387 0.0101627 0.0081811 0.00992346 0.0135917 0.0182959 0.0234919 0.0286532 0.033208 0.036613 0.0384665 0.038599 0.0371067 0.0343124 0.030674 0.0266709 0.0227063 0.0190515 0.0158383 0.0130876 0.0107544 0.00877046
 1.03418e-16 2.07549e-05 0.000121777 0.000578795 0.00222826 0.00694851 0.0175517 0.0359151 0.0595412 0.079986 0.0871035 0.0769812 0.0554322 0.0330101 0.0172547 0.00970802 0.00822783 0.0102391 0.0141271 0.0190816 0.0245843 0.0301114 0.0350824 0.0389366 0.0412483 0.0418186 0.0407113 0.0382179 0.0347691 0.030825 0.0267809 0.0229135 0.0193728 0.0162087 0.0134116 0.0109502
pSPR Fmed_Fpbrs
0.560871   0.25793 0.25793
Fs Fmed_Fpbrs
0.325581   1.005 1.005
SSBpbr Bo_Bmed_Bpbrs
941273  480869  195719 195719
Ro
38302.7
SPR SPRFo_SPRFmed_SPRFpbrs
790803 443539 203972
log_Ro
10.3733
likeval ReclasPelacesDesembMPH_pf_preclas_ppelaces_ptallas_desvR_qrecl_qpela
 103.573 76.8188 0.00395396 0.000702232 282.585 174.163 62.7185 0 12.6689 0 0 0 0 0 0
q_reclas_q_pelaces
1 1
M
0.7
N
 41680.8 19362.7 7289.88 868.824 0.25164
 44012.9 17820.9 7127.86 2683.57 319.927
 22695.6 18611.7 6417.22 2566.71 1081.55
 26080.5 7960.43 4610.84 1589.8 903.815
 52797.1 11873.2 3322.34 1924.36 1040.72
 39542 25760.9 5692.1 1592.76 1421.49
 79771.8 15826.6 8310.45 1836.27 972.395
 85857.9 35077.3 6162.38 3235.82 1093.61
 129454 34666.9 11516 2023.13 1421.37
 140773 53022.3 11711.3 3890.37 1163.63
 72321.2 61280 20233.2 4468.99 1928.6
 40330.1 27541.6 17896.7 5909.06 1868.4
 46480.6 15588.3 8285.78 5384.14 2339.81
 28546 15870.6 3659.7 1945.27 1813.37
 20025.8 7339.28 2112.6 487.158 500.329
 16972 5712.34 1202.56 346.154 161.802
 14296.3 6645.94 1763.88 371.33 156.848
 15538.2 5913.32 2289.69 607.698 181.97
 16327.6 6780.77 2267.75 878.091 302.836
 30149.9 7215.99 2667.06 891.967 464.49
 37851.4 13395.8 2868.58 1060.24 539.233
 43994.1 17816.9 5976.89 1279.89 713.647
pred_Ctot
 4202.92 3664.78 1379.76 164.442 0.0476278
 4742.47 3588.25 1435.2 540.34 64.4175
 4890.07 6977.24 2405.72 962.22 405.455
 1569.09 922.588 534.381 184.252 104.749
 663.126 295.95 82.8124 47.9666 25.941
 5585.78 6653.26 1470.1 411.361 367.128
 6615.64 2492.1 1308.59 289.145 153.116
 11679 8753.73 1537.85 807.517 272.915
 16493.3 8148.76 2706.94 475.555 334.105
 12587.2 8964.44 1980.02 657.743 196.734
 12311.1 18710.4 6177.74 1364.5 588.853
 6522.11 8034.09 5220.59 1723.71 545.026
 10669.9 6166.53 3277.75 2129.9 925.602
 10277.6 8982.2 2071.27 1100.96 1026.31
 6326.02 3761.82 1082.83 249.697 256.448
 2616.41 1596.42 336.078 96.7392 45.2186
 1735.83 1494.58 396.67 83.5068 35.273
 1364.61 982.963 380.611 101.017 30.2486
 1300.61 1027.7 343.703 133.085 45.8982
 2297.42 1048.51 387.532 129.606 67.492
 1422.97 983.98 210.71 77.8792 39.6091
 2225.86 1747.02 586.057 125.499 69.9759
F
 0.149669 0.299338 0.299338 0.299338 0.299338
 0.160694 0.321387 0.321387 0.321387 0.321387
 0.34769 0.695379 0.695379 0.695379 0.695379
 0.0869076 0.173815 0.173815 0.173815 0.173815
 0.0176008 0.0352015 0.0352015 0.0352015 0.0352015
 0.215671 0.431343 0.431343 0.431343 0.431343
 0.121615 0.24323 0.24323 0.24323 0.24323
 0.206908 0.413816 0.413816 0.413816 0.413816
 0.192617 0.385235 0.385235 0.385235 0.385235
 0.131694 0.263388 0.263388 0.263388 0.263388
 0.265419 0.530838 0.530838 0.530838 0.530838
 0.250579 0.501157 0.501157 0.501157 0.501157
 0.374569 0.749138 0.749138 0.749138 0.749138
 0.658274 1.31655 1.31655 1.31655 1.31655
 0.554395 1.10879 1.10879 1.10879 1.10879
 0.237558 0.475116 0.475116 0.475116 0.475116
 0.182796 0.365591 0.365591 0.365591 0.365591
 0.12921 0.258421 0.258421 0.258421 0.258421
 0.116557 0.233114 0.233114 0.233114 0.233114
 0.111242 0.222484 0.222484 0.222484 0.222484
 0.0535195 0.107039 0.107039 0.107039 0.107039
 0.0726322 0.145264 0.145264 0.145264 0.145264
YTP_r0W_actual
 13355.2 30398.1 16351 4794.04 2519.13
YTP_p0W_proyectada
 67666.6 215567 116612 51374.2 18150.9
CTP_r0_actual
 2225.86 1747.02 586.057 125.499 69.9759
CTP_p0_proyectada
 8252.02 9798.52 3690.24 1237.93 378.933
Wmedp
 8.2 22 31.6 41.5 47.9
nmprior
 10 11 7 0
nm_flota  nm_reclas  nm_pelaces    nm_pelaL
inf 11.1797 15.281 15.281
cv_recla  cv_pelaces  cv_mph
0.990562 1.12118 0.859763
 ------------------------------------------------
Talla a la edad & desviaci?n 
 7.2 14.2025 17.0495 18.207 18.6776
 1.08 2.13037 2.55742 2.73105 2.80164
