years
 1997 1998 1999 2000 2001 2002 2003 2004 2005 2006 2007 2008 2009 2010 2011 2012 2013 2014 2015 2016 2017
reclasobs
 0 0 0 370054 412103 1.49427e+06 250295 1.28982e+06 931140 785840 897777 1.04006e+06 184774 17550 25797 100020 73551 82996 120727 218422 84188
reclaspred
 463835 119455 301032 222357 364945 423924 935827 631232 713759 717808 591311 411510 261901 110641 66353.2 61478.6 74763.7 101049 104443 135553 158660
pelacesobs
 0 0 0 0 0 0 0 0 0 2.06254e+06 1.5e+06 0 1.87456e+06 323000 250000 174000 83755 137374 0 501740 490994
pelacespred
 1.90952e+06 484846 697561 841241 1.19798e+06 1.26695e+06 2.86437e+06 2.41014e+06 2.33904e+06 2.42525e+06 1.82765e+06 1.34296e+06 788041 254155 140973 153605 198966 287895 320425 389116 537462
mphobs
 0 0 0 0 0 112323 0 153150 637223 0 255016 313432 73983 77613 109348 50772 0 0 0 0 0
mphpred
 174478 95935.3 106721 108151 131442 222840 319675 377576 320949 336501 348178 249163 158711 82623.1 34379.7 26452.8 30391.1 40860.2 51714.9 56753 75110.1
desembarqueobs
 350755 77701 442110 56441 14545 235359 269955 359681 431902 328805 639364 411747 362871 311530 167758 66681 60226 58785 57116 71774 51957
desembarquepred
 350761 77699.2 442085 56443.1 14545.2 235416 270004 359667 431935 328812 639315 411775 362950 311614 167586 66677.9 60252 58778.6 57101 71771.6 51962.3
Reclutas
 36932.9 45170.6 24247.4 40424.9 68495.7 48641.8 78942.3 79765.7 101468 118912 69097.4 46647.5 44863.4 23886 14230.4 13869.4 10614.5 12321.5 12524.3 18095.5 15152.7
log_desv_Rt
 0.0891165 0.290462 -0.331677 0.179462 0.706786 0.364497 0.848732 0.859108 1.09976 1.2584 0.715532 0.322634 0.283638 -0.346691 -0.864604 -0.890303 -1.15777 -1.00864 -0.992316 -0.624321 -0.801809
SSB
 474476 260887 290219 294106 357443 605992 869327 1.02678e+06 872790 915083 946838 677575 431600 224686 93492.4 71935.8 82645.6 111116 140634 154334 204255
BT
 1.58771e+06 392930 691329 547974 717894 844514 1.94047e+06 1.78298e+06 1.81587e+06 1.73835e+06 1.60582e+06 1.12683e+06 818640 443293 231057 148343 169292 218586 225240 285450 345132
Ftot
 0.851044 0.785554 1.34925 0.278252 0.0468987 0.439271 0.275831 0.567132 0.647685 0.489416 0.923051 0.802487 1.24743 2.41649 2.84697 1.26625 0.9155 0.618644 0.497845 0.533604 0.294427
BD_Bspro_t
 0.916941 0.652016 0.575268 0.401557 0.57633 0.747701 0.69745 0.705455 0.6387 0.605697 0.584276 0.429131 0.326804 0.223894 0.119359 0.114519 0.174389 0.287253 0.393065 0.474067 0.571917
BD_Bspro
 0.679844 0.373808 0.415835 0.421405 0.512156 0.868285 1.2456 1.47121 1.25056 1.31116 1.35666 0.970852 0.618411 0.321937 0.133959 0.103072 0.118417 0.15921 0.201505 0.221135 0.292663
BD_Bo
 0.498824 0.274275 0.305112 0.309198 0.375785 0.637089 0.913937 1.07947 0.917578 0.962042 0.995426 0.712345 0.453748 0.236216 0.09829 0.0756272 0.0868866 0.116818 0.147851 0.162254 0.214736
BD_Brms
 1.41651 0.778861 0.866429 0.878033 1.06712 1.80915 2.59532 3.06539 2.60565 2.73192 2.82672 2.02285 1.28851 0.670784 0.279115 0.214759 0.246733 0.331728 0.419853 0.460755 0.609789
S_f
 0.122665 0.726514 0.980572 0.998958 0.999945
 0.122665 0.726514 0.980572 0.998958 0.999945
 0.122665 0.726514 0.980572 0.998958 0.999945
 0.122665 0.726514 0.980572 0.998958 0.999945
 0.122665 0.726514 0.980572 0.998958 0.999945
 0.122665 0.726514 0.980572 0.998958 0.999945
 0.122665 0.726514 0.980572 0.998958 0.999945
 0.122665 0.726514 0.980572 0.998958 0.999945
 0.122665 0.726514 0.980572 0.998958 0.999945
 0.122665 0.726514 0.980572 0.998958 0.999945
 0.122665 0.726514 0.980572 0.998958 0.999945
 0.122665 0.726514 0.980572 0.998958 0.999945
 0.122665 0.726514 0.980572 0.998958 0.999945
 0.122665 0.726514 0.980572 0.998958 0.999945
 0.122665 0.726514 0.980572 0.998958 0.999945
 0.122665 0.726514 0.980572 0.998958 0.999945
 0.122665 0.726514 0.980572 0.998958 0.999945
 0.122665 0.726514 0.980572 0.998958 0.999945
 0.122665 0.726514 0.980572 0.998958 0.999945
 0.122665 0.726514 0.980572 0.998958 0.999945
 0.122665 0.726514 0.980572 0.998958 0.999945
Scru_reclas
 0.986505 1 1 1 1
 0.986505 1 1 1 1
 0.986505 1 1 1 1
 0.986505 1 1 1 1
 0.986505 1 1 1 1
 0.986505 1 1 1 1
 0.986505 1 1 1 1
 0.986505 1 1 1 1
 0.986505 1 1 1 1
 0.986505 1 1 1 1
 0.986505 1 1 1 1
 0.986505 1 1 1 1
 0.986505 1 1 1 1
 0.986505 1 1 1 1
 0.986505 1 1 1 1
 0.986505 1 1 1 1
 0.986505 1 1 1 1
 0.986505 1 1 1 1
 0.986505 1 1 1 1
 0.986505 1 1 1 1
 0.986505 1 1 1 1
Scru_pelaces
 0.632059 1 1 1 1
 0.632059 1 1 1 1
 0.632059 1 1 1 1
 0.632059 1 1 1 1
 0.632059 1 1 1 1
 0.632059 1 1 1 1
 0.632059 1 1 1 1
 0.632059 1 1 1 1
 0.632059 1 1 1 1
 0.632059 1 1 1 1
 0.632059 1 1 1 1
 0.632059 1 1 1 1
 0.632059 1 1 1 1
 0.632059 1 1 1 1
 0.632059 1 1 1 1
 0.632059 1 1 1 1
 0.632059 1 1 1 1
 0.632059 1 1 1 1
 0.632059 1 1 1 1
 0.632059 1 1 1 1
 0.632059 1 1 1 1
pf_obs 
 0.256992 0.487395 0.22802 0.0275931 0
 0.321318 0.546541 0.124235 0.00734118 0.000564706
 0.182869 0.594174 0.210203 0.0122559 0.00049798
 0.330522 0.361315 0.267642 0.0388342 0.00168674
 0.649043 0.306663 0.0425973 0.00169635 0
 0.582887 0.30429 0.105238 0.00758474 0
 0.465427 0.430635 0.0974691 0.00646863 0
 0.296916 0.608066 0.0921331 0.00288517 0
 0.311714 0.524322 0.152257 0.0117073 0
 0.15457 0.633149 0.183074 0.0267441 0.00246327
 0.131901 0.49318 0.331252 0.0422183 0.00144891
 0.196976 0.569456 0.194076 0.0375587 0.00193317
 0.518974 0.381816 0.0799577 0.0180837 0.00116848
 0.0928022 0.601141 0.25162 0.0475244 0.00691264
 0.122501 0.610282 0.24278 0.0234846 0.000952079
 0.383417 0.481906 0.127806 0.00687128 0
 0.0376549 0.599619 0.316969 0.0457579 0
 0.0361596 0.667082 0.258105 0.0386534 0
 0.158088 0.579412 0.248529 0.0139706 0
 0.0477256 0.309471 0.559284 0.082774 0.000745712
 0.0406174 0.521527 0.379366 0.0568643 0.0016247
pf_pred 
 0.314706 0.469736 0.192529 0.0230177 1.14021e-05
 0.301428 0.53621 0.124827 0.0336234 0.00391216
 0.173128 0.623411 0.169639 0.0261649 0.00765719
 0.31247 0.434408 0.211663 0.0347625 0.00669597
 0.300201 0.497364 0.142495 0.050292 0.0096483
 0.156825 0.576617 0.204648 0.0438158 0.0180948
 0.245318 0.391967 0.273879 0.0685631 0.0202732
 0.212702 0.517857 0.161863 0.0816457 0.0259322
 0.257234 0.470728 0.200729 0.0432548 0.028054
 0.253645 0.518497 0.163804 0.0475789 0.0164756
 0.152239 0.577131 0.207499 0.0456839 0.0174474
 0.15236 0.484773 0.278627 0.0650217 0.0192174
 0.220272 0.451576 0.219993 0.083576 0.0245825
 0.209118 0.582948 0.144646 0.0428961 0.0203928
 0.286552 0.574956 0.1184 0.0141928 0.00589916
 0.357217 0.560068 0.0748001 0.00682194 0.00109243
 0.237441 0.6224 0.128603 0.0104825 0.00107271
 0.26087 0.504774 0.204468 0.0274886 0.00240037
 0.226826 0.535382 0.180591 0.0500623 0.00713886
 0.277279 0.463208 0.198386 0.0466832 0.0144443
 0.18722 0.570385 0.174749 0.0520011 0.0156444
pobs_RECLAS
 0 0 0 0 0
 0 0 0 0 0
 0 0 0 0 0
 0 0 0 0 0
 0.835266 0.146461 0.0176864 0.000547809 3.91292e-05
 0.385257 0.428462 0.181853 0.0044286 0
 0.867414 0.0963971 0.0333333 0.00285562 0
 0.441836 0.489002 0.0689373 0.000224442 0
 0.779404 0.147425 0.0564933 0.0165055 0.000172143
 0.814271 0.122319 0.05973 0.00367925 0
 0.40263 0.566651 0.0304383 0.000280538 0
 0.475488 0.404961 0.113038 0.00651328 0
 0.955842 0.0263864 0.0167828 0.000988607 0
 0.975058 0.0227948 0.00214734 0 0
 0.738997 0.206755 0.0527124 0.00153531 0
 0.850938 0.134255 0.0134407 0.00136685 0
 0.542534 0.407297 0.0501686 0 0
 0.764087 0.199537 0.0359546 0.000420521 0
 0.470689 0.182191 0.310203 0.0369168 0
 0.84361 0.089868 0.0606195 0.00523954 0.000663233
 0.607945 0.314616 0.071237 0.00620181 0
ppred_RECLAS
 0.754615 0.184371 0.0546135 0.00639672 3.16523e-06
 0.737261 0.21564 0.0363803 0.00960255 0.00111607
 0.58945 0.334015 0.0640521 0.00965929 0.00282341
 0.748526 0.176097 0.0632267 0.0101888 0.00196058
 0.731041 0.206942 0.0438957 0.0152066 0.00291442
 0.547754 0.338094 0.0880362 0.0184881 0.00762728
 0.687779 0.185983 0.0957654 0.0235233 0.00694852
 0.641485 0.260325 0.0594544 0.0294061 0.00933018
 0.698957 0.212174 0.065921 0.0139258 0.00902236
 0.688799 0.23573 0.0545542 0.0155408 0.00537592
 0.547968 0.338303 0.0876254 0.0188955 0.00720851
 0.554177 0.289586 0.120537 0.0275625 0.00813737
 0.670293 0.218161 0.0753289 0.0279933 0.0082241
 0.675002 0.264018 0.0427922 0.0123334 0.00585436
 0.765661 0.203619 0.026383 0.00306461 0.00127165
 0.784654 0.194999 0.0184396 0.0016449 0.000263095
 0.668306 0.285448 0.0425048 0.00339348 0.000346882
 0.699225 0.224831 0.0664252 0.00875523 0.000763724
 0.656662 0.259365 0.0640716 0.0174191 0.00248139
 0.717979 0.200308 0.0627553 0.0144813 0.00447601
 0.596814 0.307456 0.0693837 0.020258 0.00608838
pobs_PELACES
 0 0 0 0 0
 0 0 0 0 0
 0 0 0 0 0
 0 0 0 0 0
 0 0 0 0 0
 0 0 0 0 0
 0 0 0 0 0
 0 0 0 0 0
 0 0 0 0 0
 0 0 0 0 0
 0.450072 0.473896 0.0757376 0.000293798 0
 0 0 0 0 0
 0.463077 0.371075 0.160297 0.00555027 0
 0.529543 0.364841 0.0842815 0.0213345 0
 0.631943 0.363953 0.00410389 0 0
 0.735681 0.248677 0.0153453 0.000297389 0
 0.695825 0.281241 0.0229344 0 0
 0.275771 0.60734 0.115278 0.00161068 0
 0 0 0 0 0
 0.896147 0.0623911 0.0374545 0.00400742 0
 0.803859 0.145111 0.0509908 3.86294e-05 0
ppred_PELACES
 0.703742 0.226502 0.0624728 0.00727958 3.60109e-06
 0.680225 0.265534 0.0419425 0.011018 0.00128026
 0.551255 0.372603 0.0638096 0.00954427 0.00278857
 0.669969 0.232735 0.0816354 0.0131331 0.00252691
 0.637607 0.27909 0.0589669 0.0204218 0.0039139
 0.460898 0.406801 0.102097 0.0213838 0.00882065
 0.600845 0.240026 0.120767 0.029615 0.00874716
 0.565325 0.319808 0.0696478 0.0343294 0.0108903
 0.632332 0.263315 0.0774864 0.0163047 0.0105615
 0.612265 0.296653 0.0658934 0.0187154 0.00647303
 0.487612 0.390916 0.0937128 0.0200953 0.00766393
 0.488934 0.339839 0.132251 0.030094 0.00888243
 0.633637 0.251038 0.0780737 0.0287945 0.00845606
 0.690608 0.26048 0.0344761 0.00979195 0.00464434
 0.7916 0.186315 0.0190148 0.0021709 0.000899972
 0.752084 0.226662 0.0192749 0.00170625 0.000272796
 0.61021 0.338956 0.0467434 0.0037112 0.000379247
 0.63057 0.279753 0.0784741 0.0103046 0.000898695
 0.577543 0.322412 0.0763902 0.0207055 0.00294907
 0.647616 0.253552 0.0759608 0.0174719 0.00539944
 0.502904 0.38132 0.0839545 0.0244685 0.00735311
pobs_pel_tallas
 0 0 0 0 0 0 0 0 0 0 0 0 0 0 0 0 0 0 0 0 0 0 0 0 0 0 0 0 0 0 0 0 0 0 0 0
 0 0 0 0 0 0 0 0 0 0 0 0 0 0 0 0 0 0 0 0 0 0 0 0 0 0 0 0 0 0 0 0 0 0 0 0
 0 0 0 0 0 0 0 0 0 0 0 0 0 0 0 0 0 0 0 0 0 0 0 0 0 0 0 0 0 0 0 0 0 0 0 0
 0 0 0 0 0 0 0 0 0 0 0 0 0 0 0 0 0 0 0 0 0 0 0 0 0 0 0 0 0 0 0 0 0 0 0 0
 0 0 0 0 0 0 0 0 0 0 0 0 0 0 0 0 0 0 0 0 0 0 0 0 0 0 0 0 0 0 0 0 0 0 0 0
 0 0 0 0 0 0 0 0 0 0 0 0 0 0 0 0 0 0 0 0 0 0 0 0 0 0 0 0 0 0 0 0 0 0 0 0
 0 0 0 0 0 0 0 0 0 0 0 0 0 0 0 0 0 0 0 0 0 0 0 0 0 0 0 0 0 0 0 0 0 0 0 0
 0 0 0 0 0 0 0 0 0 0 0 0 0 0 0 0 0 0 0 0 0 0 0 0 0 0 0 0 0 0 0 0 0 0 0 0
 0 0 0 0 0 0 0 0 0 0 0 0 0 0 0 0 0 0 0 0 0 0 0 0 0 0 0 0 0 0 0 0 0 0 0 0
 0 0 0 0 0 0 0 0 0 0 0 0 0 0 0 0 0 0 0 0 0 0 0 0 0 0 0 0 0 0 0 0 0 0 0 0
 0 0 0 0 0 0 0 0 1.78061e-05 0.00172719 0.00360574 0.0105946 0.0120993 0.0124554 0.0147524 0.0171206 0.0266825 0.0428682 0.0675386 0.121331 0.153587 0.119568 0.100827 0.0573624 0.0630603 0.0341343 0.0324427 0.0444173 0.0211091 0.0280891 0.0125444 0.00206551 0 0 0 0
 0 0 0 0 0 0 0 0 0 0 0 0 0 0 0 0 0 0 0 0 0 0 0 0 0 0 0 0 0 0 0 0 0 0 0 0
 0 0 0 0 0 0 0.0133647 0.0140871 0.0187388 0.0205184 0.03894 0.0496705 0.03968 0.0493445 0.0407372 0.0367815 0.0215668 0.0243155 0.0234873 0.0199281 0.019796 0.0243948 0.0301388 0.0376714 0.0412746 0.0863199 0.0771752 0.113111 0.0741005 0.0525337 0.0229764 0.00759418 0.00175318 0 0 0
 0 0 0 0 0 0 0 0 0 0 0.00219441 0.00772107 0.0458388 0.0604681 0.0671733 0.0775358 0.0609151 0.0617685 0.073594 0.0568108 0.0755445 0.0548602 0.0670107 0.0636378 0.0643287 0.046367 0.0373049 0.0286899 0.0247887 0.0153202 0.00654259 0.00121912 0.000365735 0 0 0
 0 0 0 0 0 0 0 0 0 0 0 0 0.000112435 0.00938835 0.0111873 0.0202946 0.0414886 0.0713402 0.111592 0.104902 0.108894 0.110636 0.117776 0.105296 0.107544 0.0401394 0.0192827 0.0124803 0.00416011 0.0028671 0.000618394 0 0 0 0 0
 0 0 0 0 0 0 0 0 0 0 0.00291406 0.0102884 0.027416 0.0768956 0.0749926 0.110853 0.0956884 0.0897413 0.0766577 0.0534642 0.0500743 0.0551293 0.0594112 0.0620874 0.0668451 0.0424026 0.0208742 0.0120726 0.0048766 0.00582813 0.00118941 0.000297354 0 0 0 0
 0 0.00264628 0.0354308 0.0461629 0.0458689 0.0383711 0.0214643 0.0164657 0.0346957 0.0420465 0.0363128 0.0245516 0.0311673 0.0291091 0.0169068 0.0133784 0.00837989 0.0085269 0.0148486 0.0160247 0.0276389 0.0546898 0.0760071 0.122758 0.109233 0.0665981 0.0333725 0.0166128 0.00676272 0.00308733 0.000882094 0 0 0 0 0
 0 0 0 0 0 0 0 0.000805153 0.000690131 0.00759144 0.0133425 0.0154129 0.00931677 0.000345066 0.00356568 0.00563607 0.00851162 0.0253048 0.0502646 0.0516448 0.0657925 0.0565908 0.0611916 0.0827007 0.0866115 0.110766 0.145733 0.0935128 0.0569358 0.0249597 0.0138026 0.00621118 0.00161031 0.00115022 0 0
 0 0 0 0 0 0 0 0 0 0 0 0 0 0 0 0 0 0 0 0 0 0 0 0 0 0 0 0 0 0 0 0 0 0 0 0
 0.00147267 0.00158595 0.00478618 0.00569244 0.00954404 0.0108468 0.00647125 0.017049 0.0510054 0.094081 0.124002 0.0959785 0.0687766 0.0820023 0.061753 0.0591476 0.0492212 0.0479892 0.0443925 0.0268479 0.0217502 0.0140895 0.0121071 0.0120363 0.00920419 0.00665534 0.0049561 0.00860946 0.00930331 0.0156896 0.0114698 0.00855282 0.00243557 0.00046729 0 2.83206e-05
 0 0 0 0 0.000772559 0.00158375 0.000888443 0.00281984 0.00712685 0.0440552 0.0773331 0.111326 0.0921469 0.0852325 0.0710754 0.0886704 0.0786465 0.0553345 0.0373146 0.0185414 0.00753245 0.00457741 0.012979 0.0271748 0.0457355 0.0583668 0.034881 0.0177882 0.00938659 0.00492506 0.0015258 0.00185414 0.000309023 5.79419e-05 3.86279e-05 0
ppred_pel_tallas
 1.01211e-16 3.07084e-05 0.000180226 0.000856694 0.00329829 0.0102854 0.0259801 0.0531593 0.0881195 0.118348 0.128802 0.113649 0.0814344 0.0476883 0.0234479 0.0108469 0.0065628 0.00666925 0.00874591 0.0116948 0.0150046 0.0182996 0.0212052 0.0233695 0.024531 0.0245758 0.02356 0.0216866 0.0192483 0.0165559 0.0138762 0.0113954 0.00921241 0.00735443 0.00580358 0.00452207
 1.01121e-16 2.96845e-05 0.000174211 0.000828091 0.00318815 0.00994191 0.0251126 0.0513846 0.0851788 0.114403 0.124518 0.109895 0.078799 0.0462549 0.0229473 0.0109569 0.00708966 0.00756042 0.0100257 0.0133997 0.0171411 0.0208202 0.0240007 0.0262756 0.0273505 0.0271103 0.0256443 0.0232166 0.0201945 0.0169612 0.0138388 0.0110443 0.00868133 0.0067609 0.00523615 0.00403621
 1.01486e-16 2.40652e-05 0.000141211 0.000671182 0.00258397 0.00805777 0.0203536 0.0416481 0.0690437 0.0927461 0.100985 0.0892161 0.0641692 0.0380656 0.0196248 0.0106045 0.00848642 0.0102527 0.0140088 0.0188117 0.0240807 0.0292548 0.0337286 0.0369312 0.0384475 0.0381142 0.0360548 0.0326382 0.0283794 0.0238166 0.0194038 0.0154483 0.0120992 0.00937551 0.00721437 0.00551817
 1.01805e-16 2.92361e-05 0.000171581 0.000815594 0.00314004 0.0097919 0.0247336 0.050609 0.0838925 0.112673 0.12263 0.108215 0.0775657 0.0454736 0.0224544 0.0105493 0.00660671 0.00689834 0.00912614 0.0122441 0.0157562 0.0192863 0.0224528 0.0248924 0.0263301 0.0266369 0.025854 0.0241701 0.0218654 0.0192408 0.0165569 0.0139988 0.0116699 0.00960757 0.00780878 0.00625352
 1.01813e-16 2.78267e-05 0.000163303 0.00077623 0.00298847 0.0093192 0.0235397 0.0481664 0.0798452 0.107242 0.116733 0.103042 0.0739265 0.0434778 0.0217243 0.0106324 0.00722466 0.00796662 0.0106675 0.0143032 0.0183448 0.0223538 0.0258753 0.0284813 0.0298565 0.0298692 0.0285976 0.0262997 0.0233411 0.020105 0.0169152 0.0139912 0.0114416 0.0092852 0.00748666 0.0059895
 1.02729e-16 2.01266e-05 0.000118084 0.000561231 0.00216062 0.00673756 0.0170189 0.0348253 0.057736 0.0775657 0.0844804 0.0746925 0.0538487 0.0321963 0.0170649 0.0099717 0.00885962 0.0112434 0.0155514 0.0209681 0.0269327 0.0328563 0.0380848 0.0419925 0.0441142 0.0442494 0.0425019 0.0392368 0.0349772 0.030275 0.0255999 0.0212744 0.0174636 0.0142055 0.0114598 0.00915548
 1.03219e-16 2.62223e-05 0.000153886 0.000731471 0.00281614 0.00878183 0.0221823 0.0453888 0.0752404 0.101056 0.109996 0.0970877 0.0696376 0.0409224 0.0203884 0.00988636 0.00661156 0.00724093 0.00972742 0.013135 0.0170049 0.0209694 0.024642 0.0276454 0.0296822 0.030594 0.0303867 0.0292106 0.027308 0.0249464 0.0223624 0.0197301 0.0171576 0.0147024 0.0123941 0.0102539
 1.02782e-16 2.46765e-05 0.000144805 0.00068828 0.00264982 0.00826314 0.0208722 0.0427089 0.0708006 0.0951007 0.103535 0.091435 0.0656922 0.0388228 0.0197471 0.0102431 0.00770539 0.00902643 0.0122701 0.0165045 0.0212008 0.0258781 0.0300219 0.0331439 0.0348824 0.0350829 0.0338279 0.0314021 0.028211 0.0246788 0.0211617 0.0178992 0.0150077 0.0125062 0.010357 0.00850387
 1.0224e-16 2.75961e-05 0.00016195 0.000769803 0.00296372 0.00924205 0.0233448 0.0477675 0.0791836 0.106352 0.115762 0.102179 0.0732937 0.0430788 0.0214759 0.0104312 0.00698926 0.00764483 0.0102301 0.0137404 0.0176688 0.0216026 0.0251137 0.0277955 0.0293427 0.029618 0.0286774 0.0267436 0.0241408 0.0212127 0.0182529 0.0154645 0.012954 0.010751 0.00883898 0.00718419
 1.01978e-16 2.67224e-05 0.000156818 0.000745397 0.00286974 0.00894896 0.0226045 0.0462532 0.0766745 0.102986 0.112107 0.098976 0.0710458 0.0418574 0.0210518 0.0105305 0.00744787 0.00841985 0.0113446 0.0152284 0.0195386 0.0238162 0.0275792 0.0303723 0.0318593 0.0318986 0.0305716 0.0281503 0.0250213 0.0215904 0.018201 0.0150865 0.0123632 0.0100527 0.00811923 0.00650471
 1.02507e-16 2.12908e-05 0.000124921 0.000593735 0.00228577 0.00712785 0.0180047 0.0368423 0.0610786 0.0820527 0.0893575 0.0789813 0.0568899 0.0339128 0.0177888 0.010104 0.00866329 0.0108232 0.0149179 0.020098 0.0258033 0.0314626 0.0364459 0.0401523 0.0421364 0.0422084 0.0404718 0.037282 0.0331462 0.028599 0.0240942 0.0199429 0.0163031 0.0132088 0.0106176 0.00845698
 1.03438e-16 2.13465e-05 0.000125252 0.00059532 0.0022919 0.00714695 0.0180529 0.0369405 0.0612401 0.0822654 0.0895782 0.0791501 0.0569546 0.0338379 0.0175433 0.00964338 0.00792177 0.00972181 0.0133843 0.0180923 0.0233448 0.0286495 0.0334619 0.0372533 0.0396171 0.0403551 0.0395115 0.0373421 0.0342336 0.0306038 0.0268153 0.0231266 0.0196851 0.0165502 0.0137299 0.0112129
 1.02575e-16 2.76525e-05 0.000162282 0.000771385 0.00296982 0.00926107 0.0233928 0.0478657 0.079346 0.106569 0.115995 0.102378 0.0734219 0.0431245 0.021444 0.0103256 0.00680346 0.00736289 0.00983353 0.0132166 0.0170186 0.020846 0.0242924 0.0269706 0.0285876 0.0290077 0.0282761 0.0265948 0.0242604 0.0215884 0.0188478 0.0162244 0.0138167 0.0116543 0.0097277 0.00801449
 1.01128e-16 3.0137e-05 0.000176868 0.000840724 0.00323679 0.0100936 0.0254957 0.0521685 0.086478 0.116147 0.126414 0.111562 0.0799823 0.0469247 0.0232332 0.0110157 0.00702456 0.00741295 0.00980014 0.0130862 0.0167287 0.0203033 0.0233816 0.0255661 0.0265704 0.0262858 0.024805 0.0223919 0.0194114 0.0162422 0.0132012 0.0104994 0.00823463 0.00641225 0.0049801 0.00386288
 1.00448e-16 3.45377e-05 0.000202711 0.000963599 0.00370992 0.011569 0.0292225 0.0597931 0.0991137 0.133107 0.144846 0.127764 0.091456 0.0533704 0.0258929 0.0113884 0.00608325 0.00553145 0.00699927 0.00926894 0.0118176 0.014308 0.0164267 0.0178882 0.0184898 0.0181582 0.0169664 0.015112 0.0128659 0.0105085 0.00827449 0.00632007 0.0047169 0.00346682 0.00252717 0.00183624
 1.00419e-16 3.28163e-05 0.000192601 0.000915527 0.00352481 0.0109918 0.0277645 0.0568102 0.0941706 0.126473 0.137639 0.121435 0.0869864 0.0508851 0.024917 0.0113502 0.00662049 0.00651766 0.00844382 0.0112198 0.0143018 0.0173008 0.0198388 0.0215697 0.0222482 0.0217877 0.0202808 0.017972 0.0151954 0.0122963 0.00956285 0.0071867 0.00525463 0.00376682 0.00266806 0.00187924
 1.0092e-16 2.66345e-05 0.000156298 0.000742916 0.00286018 0.00891912 0.0225292 0.0460993 0.0764207 0.102649 0.111749 0.0986823 0.0708834 0.0418589 0.0212312 0.0109113 0.00807663 0.00936058 0.0126603 0.0169573 0.0216711 0.0262767 0.0302194 0.0329805 0.0341866 0.033697 0.0316354 0.0283511 0.0243273 0.020067 0.0159934 0.0123914 0.00939634 0.00701978 0.00519441 0.00381851
 1.01602e-16 2.75199e-05 0.000161501 0.000767666 0.00295549 0.00921637 0.02328 0.047635 0.0789644 0.10606 0.115447 0.10191 0.073121 0.0430177 0.0215201 0.0105758 0.00724359 0.00803147 0.0107754 0.0144633 0.0185703 0.022658 0.0262687 0.0289688 0.0304347 0.0305247 0.0293063 0.027028 0.0240487 0.0207497 0.0174581 0.0144023 0.0117039 0.00939669 0.00745987 0.00584875
 1.02039e-16 2.52094e-05 0.000147933 0.000703151 0.00270708 0.00844169 0.0213233 0.0436317 0.0723302 0.097155 0.10577 0.0934062 0.0671022 0.0396436 0.0201414 0.0104094 0.00778309 0.00908497 0.012335 0.0165801 0.0212807 0.0259472 0.0300567 0.0331132 0.0347493 0.0348084 0.0333759 0.0307447 0.027333 0.0235813 0.0198639 0.0164372 0.0134316 0.0108752 0.00873361 0.00694739
 1.02014e-16 2.82622e-05 0.000165861 0.000788399 0.00303533 0.00946534 0.0239088 0.0489215 0.081096 0.108919 0.118552 0.104632 0.075033 0.0440596 0.0218878 0.0105033 0.00687166 0.00739733 0.00985894 0.0132333 0.0170147 0.0208012 0.0241794 0.0267567 0.0282384 0.0284913 0.0275686 0.0256846 0.0231519 0.0203028 0.0174217 0.0147065 0.0122627 0.0101212 0.00826811 0.00667201
 1.02501e-16 2.19572e-05 0.000128834 0.000612341 0.00235742 0.00735126 0.018569 0.0379968 0.062992 0.084621 0.092149 0.0814356 0.0586293 0.0348926 0.0181982 0.0101712 0.00853706 0.0105614 0.014524 0.0195562 0.0250989 0.0305919 0.0354208 0.039001 0.0409008 0.0409387 0.0392199 0.0360948 0.0320613 0.027642 0.0232789 0.0192727 0.0157729 0.0128073 0.0103294 0.00826378
pSPR Fmed_Fpbrs
0.505881   0.402149 0.402149
Fs Fmed_Fpbrs
0.6422   1.005 1.005
SSBpbr Bo_Bmed_Bpbrs
951189  433629  334960 334960
Ro
33783.9
SPR SPRFo_SPRFmed_SPRFpbrs
697918 353064 280667
log_Ro
10.2477
likeval ReclasPelacesDesembMPH_pf_preclas_ppelaces_ptallas_desvR_qrecl_qpela
 58.6366 14.3683 0.00784411 0.000212696 241.618 146.698 55.3976 0 16.4589 2.06472e-05 8.61392e-05 0 0 0 0
q_reclas_q_pelaces
0.525244 3.74501
M
0.7
N
 36932.9 11509.9 3798.65 448.419 0.22198
 45170.6 16522.3 3079.95 818.841 95.2082
 24247.4 20370.5 4636.65 707.952 207.072
 40424.9 10204.2 3795.58 613.211 118.014
 68495.7 19400.8 4139.8 1434.75 274.984
 48641.8 33818.9 9311.43 1963.37 810.164
 78942.3 22887.7 12205.5 3005.69 887.968
 79765.7 37897.4 9301.77 4624.69 1467.77
 101468 36948.5 12464.1 2648.76 1716.65
 118912 46539.3 11461.3 3279.7 1134.79
 69097.4 55609.1 16195.5 3522.13 1344.29
 46647.5 30639.5 14122.1 3253.11 960.806
 44863.4 20992.9 8493.27 3192.62 938.532
 23886 19117.6 4211.88 1241.2 589.871
 14230.4 8818.71 1640.49 195.609 81.2813
 13869.4 4983.63 553.504 49.9533 7.99482
 10614.5 5896.49 986.305 79.4096 8.12094
 12321.5 4711.09 1505.66 199.587 17.4154
 12524.3 5671.55 1492.52 407.632 58.0823
 18095.5 5850.93 1961.62 454.886 140.637
 15152.7 8416.63 1971.77 577.257 173.516
pred_Ctot
 2648.86 3953.74 1620.5 193.738 0.0959705
 3000.83 5338.17 1242.7 334.734 38.947
 2685.39 9669.72 2631.27 405.843 118.771
 977.468 1358.91 662.124 108.744 20.9463
 282.662 468.307 134.17 47.3538 9.08462
 1840.75 6768.11 2402.08 514.293 212.39
 1892.45 3023.73 2112.77 528.914 156.393
 3870.57 9423.54 2945.46 1485.72 471.894
 5598.83 10245.7 4368.98 941.465 610.611
 5000.18 10221.3 3229.12 937.94 324.79
 5354.51 20298.7 7298.12 1606.78 613.656
 3162.88 10063.5 5784.08 1349.8 398.937
 4618.34 9467.96 4612.47 1752.29 515.409
 4482.29 12495.1 3100.38 919.445 437.104
 3077.69 6175.29 1271.67 152.437 63.3597
 1447.85 2270.03 303.175 27.6502 4.42776
 816.138 2139.33 442.036 36.0306 3.68712
 650.404 1258.51 509.783 68.535 5.98465
 535.469 1263.88 426.323 118.182 16.8528
 827.647 1382.62 592.159 139.344 43.1145
 387.349 1180.1 361.548 107.588 32.3674
F
 0.104393 0.618295 0.83451 0.850157 0.850997
 0.0963598 0.570716 0.770293 0.784736 0.785511
 0.165506 0.980249 1.32304 1.34785 1.34918
 0.0341318 0.202154 0.272847 0.277963 0.278237
 0.00575282 0.0340725 0.0459876 0.0468498 0.0468961
 0.053883 0.319136 0.430737 0.438813 0.439247
 0.0338348 0.200395 0.270473 0.275544 0.275816
 0.0695671 0.412029 0.556114 0.566541 0.567101
 0.0794481 0.470552 0.635102 0.64701 0.647649
 0.0600341 0.355567 0.479908 0.488906 0.489389
 0.113226 0.670609 0.905119 0.92209 0.923
 0.0984368 0.583017 0.786896 0.801651 0.802443
 0.153015 0.906272 1.22319 1.24613 1.24736
 0.296418 1.75561 2.36955 2.41397 2.41636
 0.349223 2.06836 2.79166 2.844 2.84681
 0.155324 0.919948 1.24165 1.26493 1.26618
 0.1123 0.665123 0.897714 0.914547 0.91545
 0.0758859 0.449454 0.606626 0.618 0.618611
 0.0610681 0.361691 0.488174 0.497327 0.497818
 0.0654545 0.387671 0.523238 0.533049 0.533575
 0.0361158 0.213905 0.288707 0.29412 0.294411
YTP_r0W_actual
 4067.16 29030.4 12292.6 4798.41 1773.73
YTP_p0W_proyectada
 17615.9 62012.3 50794 14673.8 6760.31
CTP_r0_actual
 387.349 1180.1 361.548 107.588 32.3674
CTP_p0_proyectada
 2148.28 2818.74 1607.4 353.586 141.134
Wmedp
 8.2 22 31.6 41.5 47.9
nmprior
 10 11 7 0
nm_flota  nm_reclas  nm_pelaces    nm_pelaL
inf 21.8051 15.3575 15.3575
cv_recla  cv_pelaces  cv_mph
0.765746 0.508557 0.486137
 ------------------------------------------------
Talla a la edad & desviaci?n 
 7.2 14.2025 17.0495 18.207 18.6776
 1.08 2.13037 2.55742 2.73105 2.80164
