years
 1997 1998 1999 2000 2001 2002 2003 2004 2005 2006 2007 2008 2009 2010 2011 2012 2013 2014 2015 2016 2017 2018 2019 2020 2021
reclasobs
 0 0 0 370054 412103 1.49427e+06 250295 1.28982e+06 931140 785840 897777 1.04006e+06 184774 17550 25797 100020 73551 82996 120727 218422 84188 347160 605670 569463 516374
reclaspred
 1.12393e+06 232521 593261 317330 406704 522483 1.08042e+06 835108 1.07825e+06 1.20626e+06 1.13622e+06 776722 448735 205456 136013 133522 158155 219755 236815 315603 502983 495145 772817 804706 887408
pelacesobs
 0 0 0 0 0 0 0 0 0 2.06254e+06 1.5e+06 0 1.87456e+06 323000 250000 174000 83755 137374 0 501740 490994 745055 786931 1.00524e+06 0
pelacespred
 654709 230847 203880 221585 242594 240489 554357 535893 616759 716886 588792 416755 237998 87566.4 57534.9 64505 80053.3 112363 127742 164075 286460 295663 350429 434629 481133
mphobs
 0 0 0 0 0 112323 0 153150 637223 0 255016 313432 73983 77613 109348 50772 0 0 0 0 0 0 0 0 0
mphpred
 793846 427997 375000 342985 302891 466198 648282 867542 851778 1.0444e+06 1.14331e+06 819905 500011 265233 125965 111023 124511 168913 207496 232651 366446 468591 552776 678871 832631
desembarqueobs
 350755 77701 442110 56441 14545 235359 269955 359681 431902 328805 639364 411747 362871 311530 167758 66681 60226 58785 57116 71774 51957 67425 138520 160799 200461
desembarquepred
 350760 77701 442124 56443.2 14545.1 235418 269977 359612 431836 328744 639340 411861 362940 311704 167712 66688.8 60244.4 58785.6 57110.6 71765.2 51955.2 67416.1 138512 160802 200475
Reclutas
 41916.9 44176.9 22865.3 26257.2 52960.4 39774.6 80058.7 86040.7 129411 140482 72330.2 40397.8 46464.5 28553.5 20032.8 16988.4 14306.7 15529.7 16332 31056.6 43823.2 45903.1 62007.3 65725.9 30877.4
log_desv_Rt
 0.0476038 0.100116 -0.558467 -0.420147 0.281458 -0.00485792 0.694674 0.766734 1.1749 1.25699 0.593156 0.0106897 0.150602 -0.336306 -0.690715 -0.855554 -1.02736 -0.945331 -0.894959 -0.252276 0.0920767 0.138447 0.439166 0.497407 -0.25806
SSB
 793846 427997 375000 342985 302891 466198 648282 867542 851778 1.0444e+06 1.14331e+06 819905 500011 265233 125965 111023 124511 168913 207496 232651 366446 468591 552776 678871 832631
BT
 2.07255e+06 572874 760497 528872 584787 661743 1.69819e+06 1.62481e+06 1.97682e+06 1.98594e+06 1.82357e+06 1.23816e+06 886806 485916 286818 201574 236866 303302 315999 442015 728788 654963 824142 1.05705e+06 1.10374e+06
Ftot
 0.300269 0.321154 0.692515 0.172576 0.0349844 0.428712 0.241654 0.411608 0.383933 0.263116 0.53091 0.501206 0.749057 1.31627 1.1082 0.474657 0.365153 0.258205 0.233028 0.220127 0.100687 0.132411 0.173836 0.193615 0.218324
BD_Bspro_t
 0.957368 0.75509 0.637122 0.433138 0.5324 0.695126 0.628622 0.66376 0.624946 0.621361 0.613648 0.458718 0.347627 0.248641 0.150066 0.158 0.228421 0.360422 0.468204 0.558519 0.687107 0.784212 0.784779 0.766153 0.734979
BD_Bspro
 0.963724 0.519586 0.455247 0.416382 0.367707 0.565962 0.787011 1.05319 1.03405 1.2679 1.38798 0.995359 0.607011 0.321991 0.15292 0.134782 0.151155 0.205059 0.251899 0.282436 0.444863 0.568866 0.671067 0.824146 1.01081
BD_Bo
 0.822805 0.44361 0.38868 0.355497 0.31394 0.483205 0.671931 0.89919 0.88285 1.0825 1.18502 0.849814 0.518252 0.274909 0.13056 0.115073 0.129053 0.175074 0.215065 0.241138 0.379814 0.485684 0.572941 0.703636 0.863005
BD_Brms
 4.01982 2.16726 1.8989 1.73678 1.53376 2.3607 3.28273 4.393 4.31317 5.28857 5.78943 4.15177 2.53192 1.34307 0.63785 0.562192 0.630488 0.855327 1.0507 1.17808 1.85558 2.37281 2.79911 3.43762 4.21622
S_f
 0.5 1 1 1 1
 0.5 1 1 1 1
 0.5 1 1 1 1
 0.5 1 1 1 1
 0.5 1 1 1 1
 0.5 1 1 1 1
 0.5 1 1 1 1
 0.5 1 1 1 1
 0.5 1 1 1 1
 0.5 1 1 1 1
 0.5 1 1 1 1
 0.5 1 1 1 1
 0.5 1 1 1 1
 0.5 1 1 1 1
 0.5 1 1 1 1
 0.5 1 1 1 1
 0.5 1 1 1 1
 0.5 1 1 1 1
 0.5 1 1 1 1
 0.5 1 1 1 1
 0.5 1 1 1 1
 0.5 1 1 1 1
 0.5 1 1 1 1
 0.5 1 1 1 1
 0.5 1 1 1 1
Scru_reclas
 0.5 1 1 1 1
 0.5 1 1 1 1
 0.5 1 1 1 1
 0.5 1 1 1 1
 0.5 1 1 1 1
 0.5 1 1 1 1
 0.5 1 1 1 1
 0.5 1 1 1 1
 0.5 1 1 1 1
 0.5 1 1 1 1
 0.5 1 1 1 1
 0.5 1 1 1 1
 0.5 1 1 1 1
 0.5 1 1 1 1
 0.5 1 1 1 1
 0.5 1 1 1 1
 0.5 1 1 1 1
 0.5 1 1 1 1
 0.5 1 1 1 1
 0.5 1 1 1 1
 0.5 1 1 1 1
 0.5 1 1 1 1
 0.5 1 1 1 1
 0.5 1 1 1 1
 0.5 1 1 1 1
Scru_pelaces
 0.5 1 1 1 1
 0.5 1 1 1 1
 0.5 1 1 1 1
 0.5 1 1 1 1
 0.5 1 1 1 1
 0.5 1 1 1 1
 0.5 1 1 1 1
 0.5 1 1 1 1
 0.5 1 1 1 1
 0.5 1 1 1 1
 0.5 1 1 1 1
 0.5 1 1 1 1
 0.5 1 1 1 1
 0.5 1 1 1 1
 0.5 1 1 1 1
 0.5 1 1 1 1
 0.5 1 1 1 1
 0.5 1 1 1 1
 0.5 1 1 1 1
 0.5 1 1 1 1
 0.5 1 1 1 1
 0.5 1 1 1 1
 0.5 1 1 1 1
 0.5 1 1 1 1
 0.5 1 1 1 1
pf_obs 
 0.256992 0.487395 0.22802 0.0275931 0
 0.321318 0.546541 0.124235 0.00734118 0.000564706
 0.182869 0.594174 0.210203 0.0122559 0.00049798
 0.330522 0.361315 0.267642 0.0388342 0.00168674
 0.649043 0.306663 0.0425973 0.00169635 0
 0.582887 0.30429 0.105238 0.00758474 0
 0.465427 0.430635 0.0974691 0.00646863 0
 0.296916 0.608066 0.0921331 0.00288517 0
 0.311714 0.524322 0.152257 0.0117073 0
 0.15457 0.633149 0.183074 0.0267441 0.00246327
 0.131901 0.49318 0.331252 0.0422183 0.00144891
 0.196976 0.569456 0.194076 0.0375587 0.00193317
 0.518974 0.381816 0.0799577 0.0180837 0.00116848
 0.0928022 0.601141 0.25162 0.0475244 0.00691264
 0.122501 0.610282 0.24278 0.0234846 0.000952079
 0.383417 0.481906 0.127806 0.00687128 0
 0.0376549 0.599619 0.316969 0.0457579 0
 0.0361596 0.667082 0.258105 0.0386534 0
 0.158088 0.579412 0.248529 0.0139706 0
 0.0477256 0.309471 0.559284 0.082774 0.000745712
 0.0406174 0.521527 0.379366 0.0568643 0.0016247
 0.151134 0.462217 0.34131 0.0453401 0
 0.294876 0.26143 0.354403 0.0886775 0.000613685
 0.281977 0.475581 0.204845 0.0348837 0.00271318
 0 0 0 0 0
pf_pred 
 0.449299 0.387603 0.14574 0.0173526 5.28181e-06
 0.457942 0.347012 0.13728 0.0516178 0.00614779
 0.313507 0.445935 0.153999 0.0609232 0.0256356
 0.473086 0.278829 0.161152 0.0556523 0.0312806
 0.593154 0.265871 0.0746004 0.043116 0.0232588
 0.385775 0.45851 0.101758 0.0285521 0.0254039
 0.608334 0.230058 0.120638 0.0267735 0.0141963
 0.505739 0.380083 0.0670658 0.0351682 0.0119434
 0.584479 0.289878 0.0966185 0.0170484 0.011976
 0.515222 0.367828 0.0815874 0.0271937 0.00816902
 0.314633 0.477192 0.157954 0.0350355 0.0151856
 0.296273 0.364374 0.236277 0.0782095 0.0248665
 0.46027 0.266543 0.14145 0.0917228 0.0400141
 0.438174 0.382742 0.0884395 0.0469333 0.0437105
 0.541731 0.322192 0.092702 0.0214205 0.0219544
 0.557807 0.34027 0.0716585 0.0206178 0.00964696
 0.463262 0.3991 0.105914 0.0223047 0.00942031
 0.476787 0.343969 0.13328 0.0353699 0.0105946
 0.456212 0.360237 0.120669 0.0467565 0.016125
 0.591489 0.262277 0.096874 0.0324502 0.01691
 0.550415 0.339493 0.0706822 0.0261071 0.0133023
 0.449671 0.393944 0.11809 0.0245863 0.0137083
 0.486983 0.32277 0.136186 0.0408236 0.0132384
 0.447029 0.368318 0.116176 0.0490179 0.0194587
 0.256209 0.469176 0.182913 0.057695 0.0340067
pobs_RECLAS
 0 0 0 0 0
 0 0 0 0 0
 0 0 0 0 0
 0 0 0 0 0
 0.835266 0.146461 0.0176864 0.000547809 3.91292e-05
 0.385257 0.428462 0.181853 0.0044286 0
 0.867414 0.0963971 0.0333333 0.00285562 0
 0.441836 0.489002 0.0689373 0.000224442 0
 0.779404 0.147425 0.0564933 0.0165055 0.000172143
 0.814271 0.122319 0.05973 0.00367925 0
 0.40263 0.566651 0.0304383 0.000280538 0
 0.475488 0.404961 0.113038 0.00651328 0
 0.955842 0.0263864 0.0167828 0.000988607 0
 0.975058 0.0227948 0.00214734 0 0
 0.738997 0.206755 0.0527124 0.00153531 0
 0.850938 0.134255 0.0134407 0.00136685 0
 0.542534 0.407297 0.0501686 0 0
 0.764087 0.199537 0.0359546 0.000420521 0
 0.470689 0.182191 0.310203 0.0369168 0
 0.84361 0.089868 0.0606195 0.00523954 0.000663233
 0.607945 0.314616 0.071237 0.00620181 0
 0.523733 0.453247 0.0230204 0 0
 0.530135 0.295979 0.169645 0.0042399 0
 0.562478 0.366248 0.0663022 0.0049721 0
 0.250443 0.683176 0.0655157 0.000865301 0
ppred_RECLAS
 0.452125 0.385614 0.144992 0.0172636 5.25471e-06
 0.461023 0.34504 0.1365 0.0513243 0.00611284
 0.320942 0.441105 0.152332 0.0602634 0.0253579
 0.474556 0.278051 0.160702 0.055497 0.0311933
 0.593407 0.265706 0.0745539 0.0430892 0.0232443
 0.390034 0.455332 0.101053 0.0283542 0.0252278
 0.610419 0.228833 0.119996 0.026631 0.0141208
 0.509991 0.376814 0.066489 0.0348657 0.0118407
 0.588251 0.287247 0.0957415 0.0168936 0.0118672
 0.517646 0.365989 0.0811794 0.0270577 0.00812817
 0.31979 0.473601 0.156765 0.0347719 0.0150713
 0.300889 0.361984 0.234727 0.0776965 0.0247034
 0.469812 0.261831 0.138949 0.0901013 0.0393067
 0.460014 0.367864 0.0850017 0.0451089 0.0420114
 0.55856 0.31036 0.0892976 0.0206338 0.0211481
 0.562858 0.336383 0.07084 0.0203823 0.00953677
 0.46689 0.396402 0.105197 0.0221539 0.00935662
 0.479155 0.342412 0.132676 0.0352098 0.0105466
 0.458294 0.358858 0.120208 0.0465775 0.0160633
 0.593382 0.261062 0.0964253 0.0322998 0.0168316
 0.551212 0.338891 0.0705569 0.0260608 0.0132787
 0.450751 0.393171 0.117859 0.0245381 0.0136814
 0.488468 0.321835 0.135791 0.0407054 0.0132
 0.448696 0.367208 0.115826 0.0488702 0.0194001
 0.25769 0.468242 0.182549 0.05758 0.033939
pobs_PELACES
 0 0 0 0 0
 0 0 0 0 0
 0 0 0 0 0
 0 0 0 0 0
 0 0 0 0 0
 0 0 0 0 0
 0 0 0 0 0
 0 0 0 0 0
 0 0 0 0 0
 0 0 0 0 0
 0.450072 0.473896 0.0757376 0.000293798 0
 0 0 0 0 0
 0.463077 0.371075 0.160297 0.00555027 0
 0.529543 0.364841 0.0842815 0.0213345 0
 0.631943 0.363953 0.00410389 0 0
 0.735681 0.248677 0.0153453 0.000297389 0
 0.695825 0.281241 0.0229344 0 0
 0.275771 0.60734 0.115278 0.00161068 0
 0 0 0 0 0
 0.896147 0.0623911 0.0374545 0.00400742 0
 0.803859 0.145111 0.0509908 3.86294e-05 0
 0.739449 0.233085 0.0266225 0.000797448 4.60066e-05
 0.878498 0.100942 0.0204185 0.000141795 0
 0.694673 0.275183 0.0284847 0.00165964 0
 0 0 0 0 0
ppred_PELACES
 0.464424 0.376958 0.141737 0.0168761 5.13675e-06
 0.474214 0.336595 0.133159 0.0500682 0.00596323
 0.346336 0.424609 0.146635 0.0580098 0.0244096
 0.481661 0.274291 0.158529 0.0547466 0.0307716
 0.594799 0.264796 0.0742987 0.0429416 0.0231647
 0.406987 0.442676 0.0982439 0.0275661 0.0245266
 0.619859 0.223288 0.117089 0.0259857 0.0137786
 0.526945 0.363776 0.0641885 0.0336594 0.011431
 0.603504 0.276606 0.0921947 0.0162678 0.0114276
 0.528476 0.357771 0.0793567 0.0264502 0.00794567
 0.339138 0.46013 0.152306 0.0337828 0.0146426
 0.318566 0.352831 0.228792 0.0757319 0.0240788
 0.500673 0.24659 0.130861 0.0848566 0.0370187
 0.514221 0.330936 0.0764687 0.0405806 0.0377941
 0.603046 0.279084 0.0802987 0.0185545 0.0190169
 0.582024 0.321635 0.0677341 0.0194886 0.00911864
 0.481912 0.385232 0.102233 0.0215296 0.00909297
 0.489795 0.335417 0.129966 0.0344905 0.0103312
 0.467853 0.352525 0.118086 0.0457556 0.0157798
 0.602115 0.255455 0.0943544 0.0316061 0.0164701
 0.555319 0.335791 0.0699113 0.0258223 0.0131572
 0.456165 0.389295 0.116697 0.0242962 0.0135465
 0.495637 0.317325 0.133888 0.0401349 0.013015
 0.456611 0.361936 0.114163 0.0481686 0.0191216
 0.264641 0.463857 0.18084 0.0570409 0.0336212
pobs_pel_tallas
 0 0 0 0 0 0 0 0 0 0 0 0 0 0 0 0 0 0 0 0 0 0 0 0 0 0 0 0 0 0 0 0 0 0 0 0
 0 0 0 0 0 0 0 0 0 0 0 0 0 0 0 0 0 0 0 0 0 0 0 0 0 0 0 0 0 0 0 0 0 0 0 0
 0 0 0 0 0 0 0 0 0 0 0 0 0 0 0 0 0 0 0 0 0 0 0 0 0 0 0 0 0 0 0 0 0 0 0 0
 0 0 0 0 0 0 0 0 0 0 0 0 0 0 0 0 0 0 0 0 0 0 0 0 0 0 0 0 0 0 0 0 0 0 0 0
 0 0 0 0 0 0 0 0 0 0 0 0 0 0 0 0 0 0 0 0 0 0 0 0 0 0 0 0 0 0 0 0 0 0 0 0
 0 0 0 0 0 0 0 0 0 0 0 0 0 0 0 0 0 0 0 0 0 0 0 0 0 0 0 0 0 0 0 0 0 0 0 0
 0 0 0 0 0 0 0 0 0 0 0 0 0 0 0 0 0 0 0 0 0 0 0 0 0 0 0 0 0 0 0 0 0 0 0 0
 0 0 0 0 0 0 0 0 0 0 0 0 0 0 0 0 0 0 0 0 0 0 0 0 0 0 0 0 0 0 0 0 0 0 0 0
 0 0 0 0 0 0 0 0 0 0 0 0 0 0 0 0 0 0 0 0 0 0 0 0 0 0 0 0 0 0 0 0 0 0 0 0
 0 0 0 0 0 0 0 0 0 0 0 0 0 0 0 0 0 0 0 0 0 0 0 0 0 0 0 0 0 0 0 0 0 0 0 0
 0 0 0 0 0 0 0 0 1.78061e-05 0.00172719 0.00360574 0.0105946 0.0120993 0.0124554 0.0147524 0.0171206 0.0266825 0.0428682 0.0675386 0.121331 0.153587 0.119568 0.100827 0.0573624 0.0630603 0.0341343 0.0324427 0.0444173 0.0211091 0.0280891 0.0125444 0.00206551 0 0 0 0
 0 0 0 0 0 0 0 0 0 0 0 0 0 0 0 0 0 0 0 0 0 0 0 0 0 0 0 0 0 0 0 0 0 0 0 0
 0 0 0 0 0 0 0.0133647 0.0140871 0.0187388 0.0205184 0.03894 0.0496705 0.03968 0.0493445 0.0407372 0.0367815 0.0215668 0.0243155 0.0234873 0.0199281 0.019796 0.0243948 0.0301388 0.0376714 0.0412746 0.0863199 0.0771752 0.113111 0.0741005 0.0525337 0.0229764 0.00759418 0.00175318 0 0 0
 0 0 0 0 0 0 0 0 0 0 0.00219441 0.00772107 0.0458388 0.0604681 0.0671733 0.0775358 0.0609151 0.0617685 0.073594 0.0568108 0.0755445 0.0548602 0.0670107 0.0636378 0.0643287 0.046367 0.0373049 0.0286899 0.0247887 0.0153202 0.00654259 0.00121912 0.000365735 0 0 0
 0 0 0 0 0 0 0 0 0 0 0 0 0.000112435 0.00938835 0.0111873 0.0202946 0.0414886 0.0713402 0.111592 0.104902 0.108894 0.110636 0.117776 0.105296 0.107544 0.0401394 0.0192827 0.0124803 0.00416011 0.0028671 0.000618394 0 0 0 0 0
 0 0 0 0 0 0 0 0 0 0 0.00291406 0.0102884 0.027416 0.0768956 0.0749926 0.110853 0.0956884 0.0897413 0.0766577 0.0534642 0.0500743 0.0551293 0.0594112 0.0620874 0.0668451 0.0424026 0.0208742 0.0120726 0.0048766 0.00582813 0.00118941 0.000297354 0 0 0 0
 0 0.00264628 0.0354308 0.0461629 0.0458689 0.0383711 0.0214643 0.0164657 0.0346957 0.0420465 0.0363128 0.0245516 0.0311673 0.0291091 0.0169068 0.0133784 0.00837989 0.0085269 0.0148486 0.0160247 0.0276389 0.0546898 0.0760071 0.122758 0.109233 0.0665981 0.0333725 0.0166128 0.00676272 0.00308733 0.000882094 0 0 0 0 0
 0 0 0 0 0 0 0 0.000805153 0.000690131 0.00759144 0.0133425 0.0154129 0.00931677 0.000345066 0.00356568 0.00563607 0.00851162 0.0253048 0.0502646 0.0516448 0.0657925 0.0565908 0.0611916 0.0827007 0.0866115 0.110766 0.145733 0.0935128 0.0569358 0.0249597 0.0138026 0.00621118 0.00161031 0.00115022 0 0
 0 0 0 0 0 0 0 0 0 0 0 0 0 0 0 0 0 0 0 0 0 0 0 0 0 0 0 0 0 0 0 0 0 0 0 0
 0.00147267 0.00158595 0.00478618 0.00569244 0.00954404 0.0108468 0.00647125 0.017049 0.0510054 0.094081 0.124002 0.0959785 0.0687766 0.0820023 0.061753 0.0591476 0.0492212 0.0479892 0.0443925 0.0268479 0.0217502 0.0140895 0.0121071 0.0120363 0.00920419 0.00665534 0.0049561 0.00860946 0.00930331 0.0156896 0.0114698 0.00855282 0.00243557 0.00046729 0 2.83206e-05
 0 0 0 0 0.000772559 0.00158375 0.000888443 0.00281984 0.00712685 0.0440552 0.0773331 0.111326 0.0921469 0.0852325 0.0710754 0.0886704 0.0786465 0.0553345 0.0373146 0.0185414 0.00753245 0.00457741 0.012979 0.0271748 0.0457355 0.0583668 0.034881 0.0177882 0.00938659 0.00492506 0.0015258 0.00185414 0.000309023 5.79419e-05 3.86279e-05 0
 0 0.00173294 0.00326652 0 0.00397197 0.00683976 0.00946217 0.0152591 0.00757587 0.0136028 0.0228656 0.0392903 0.0559909 0.0764795 0.0681675 0.0726916 0.0566044 0.0477403 0.0527397 0.0444891 0.0609904 0.0582453 0.0661739 0.0445044 0.0529084 0.0360697 0.0280645 0.0235558 0.0158879 0.00826598 0.00280645 0.00217768 0.000904811 0.00058276 9.20147e-05 0
 0 0 0 0 0 0 0 0 0 0 0 0 0 0 0 0 0 0 0 0 0 0 0 0 0 0 0 0 0 0 0 0 0 0 0 0
 0 0 0 0 0 0 0 0 0 0 0 0 0 0 0 0 0 0 0 0 0 0 0 0 0 0 0 0 0 0 0 0 0 0 0 0
 0 0 0 0 0 0 0 0 0 0 0 0 0 0 0 0 0 0 0 0 0 0 0 0 0 0 0 0 0 0 0 0 0 0 0 0
ppred_pel_tallas
 1.02715e-16 2.02793e-05 0.000118983 0.000565509 0.0021771 0.00678896 0.0171487 0.0350907 0.0581751 0.0781531 0.0851133 0.0752358 0.0542052 0.0323393 0.0170139 0.00974665 0.00845569 0.0106334 0.0147035 0.0198659 0.0255928 0.0313398 0.036499 0.0404816 0.0428381 0.043355 0.0420941 0.0393567 0.0355941 0.0312937 0.0268806 0.0226601 0.0188074 0.0153913 0.0124145 0.00985027
 1.03999e-16 2.07045e-05 0.000121483 0.000577404 0.00222291 0.00693184 0.0175095 0.0358287 0.0593972 0.0797906 0.0868855 0.0767758 0.055257 0.0328512 0.0170724 0.00945043 0.00784084 0.00967208 0.0133388 0.0180503 0.0233191 0.0286627 0.0335454 0.0374449 0.0399572 0.0408811 0.0402518 0.0383101 0.0354245 0.0319928 0.0283597 0.0247699 0.0213633 0.0181984 0.0152891 0.0126352
 1.05354e-16 1.5132e-05 8.87598e-05 0.000421814 0.00162382 0.00506357 0.0127906 0.026174 0.0433972 0.0583139 0.0635434 0.056255 0.0407172 0.0246679 0.0136661 0.00891395 0.00893038 0.0119009 0.0166675 0.0225918 0.0291682 0.0358136 0.0418588 0.0466512 0.0496907 0.0507365 0.0498479 0.0473437 0.0437005 0.0394267 0.0349562 0.0305889 0.0264856 0.0227006 0.0192308 0.0160575
 1.05659e-16 2.10267e-05 0.000123381 0.000586437 0.00225771 0.00704037 0.0177836 0.036389 0.0603243 0.0810303 0.0882204 0.07792 0.0560034 0.0331407 0.0169414 0.0089337 0.00691681 0.00826734 0.011365 0.0154476 0.0200952 0.0249214 0.0294971 0.0333944 0.0362669 0.0379161 0.0383198 0.0376109 0.036021 0.0338094 0.0312053 0.028377 0.0254329 0.0224406 0.019453 0.0165264
 1.03699e-16 2.59595e-05 0.000152342 0.000724123 0.00278785 0.00869358 0.0219594 0.044933 0.0744854 0.100044 0.1089 0.0961334 0.0689815 0.0405935 0.0203288 0.010028 0.00692163 0.00772227 0.0103969 0.0140008 0.0180497 0.022141 0.0258524 0.0287805 0.0306204 0.0312305 0.0306573 0.0291075 0.0268834 0.0243027 0.021631 0.0190455 0.0166328 0.0144118 0.0123665 0.0104748
 1.03633e-16 1.77773e-05 0.000104289 0.000495637 0.00190805 0.00594994 0.0150295 0.0307551 0.0509906 0.0685113 0.0746391 0.0660397 0.0477156 0.0287398 0.0156171 0.00972536 0.00928626 0.0121326 0.0168809 0.0227797 0.0292619 0.0356989 0.041384 0.0456416 0.0479713 0.0481614 0.0463297 0.0428764 0.0383697 0.0334047 0.028482 0.023939 0.0199397 0.0165107 0.0135968 0.0111138
 1.03272e-16 2.70507e-05 0.000158751 0.000754603 0.00290522 0.0090596 0.0228839 0.0468242 0.0776191 0.104248 0.113465 0.100135 0.0717926 0.0421262 0.0208719 0.00992777 0.00638889 0.00681884 0.00910439 0.0122889 0.0159206 0.0196525 0.0231249 0.0259868 0.0279601 0.0288944 0.0287909 0.0277836 0.0260915 0.0239575 0.0215964 0.0191667 0.0167676 0.0144536 0.0122554 0.0101971
 1.02721e-16 2.30047e-05 0.000134986 0.000641591 0.00247004 0.00770249 0.0194561 0.0398118 0.0659999 0.0886582 0.0965364 0.0852916 0.0613589 0.0364236 0.018825 0.0102487 0.00829399 0.0100825 0.013809 0.0185756 0.0238276 0.0290262 0.0335869 0.0369561 0.0387283 0.0387377 0.0370924 0.0341332 0.0303387 0.0262067 0.0221537 0.0184568 0.0152464 0.0125354 0.0102676 0.00836283
 1.02492e-16 2.63396e-05 0.000154572 0.000734725 0.00282866 0.00882085 0.0222809 0.0455909 0.0755762 0.10151 0.110497 0.0975477 0.0700056 0.0412148 0.0206743 0.0102547 0.00714844 0.0080209 0.010807 0.0145415 0.018721 0.0229199 0.0266899 0.0296024 0.0313326 0.0317298 0.0308446 0.0289016 0.0262324 0.0231913 0.0200827 0.0171198 0.0144183 0.012016 0.00990467 0.00805803
 1.02524e-16 2.30713e-05 0.000135377 0.000643452 0.00247721 0.00772484 0.0195126 0.0399273 0.0661911 0.0889146 0.0968142 0.0855337 0.0615259 0.0365085 0.0188431 0.0102179 0.00822366 0.00997333 0.0136582 0.0183825 0.023598 0.0287739 0.0333337 0.0367293 0.0385553 0.0386404 0.0370811 0.0342036 0.0304711 0.02637 0.0223112 0.0185737 0.0152958 0.012503 0.0101528 0.0081768
 1.04157e-16 1.48196e-05 8.69225e-05 0.000413072 0.00159015 0.00495856 0.0125253 0.0256317 0.0424992 0.0571112 0.062243 0.0551282 0.0399545 0.0243112 0.0136578 0.00918964 0.00947362 0.0127432 0.0178608 0.0241777 0.0311516 0.0381447 0.0444243 0.0492792 0.0521697 0.0528446 0.0513872 0.0481703 0.0437442 0.0386967 0.0335328 0.0286061 0.0241085 0.0201034 0.0165775 0.0134887
 1.0709e-16 1.39184e-05 8.16409e-05 0.000387983 0.00149359 0.00465746 0.0117647 0.0240745 0.0399154 0.0536331 0.058437 0.0517206 0.0374057 0.022604 0.0124221 0.00796053 0.00785686 0.0104521 0.0147065 0.0200773 0.0261616 0.0324954 0.038531 0.0437132 0.0475858 0.0498781 0.0505434 0.0497341 0.047732 0.044861 0.0414137 0.0376145 0.0336183 0.0295336 0.0254519 0.0214675
 1.06584e-16 2.18545e-05 0.000128243 0.000609561 0.00234676 0.00731806 0.018485 0.0378239 0.0627017 0.0842201 0.0916837 0.0809561 0.0581357 0.0343024 0.0173504 0.00884999 0.00649533 0.00754621 0.0103164 0.014029 0.0182833 0.0227329 0.026999 0.0307039 0.0335408 0.0353313 0.0360492 0.0358 0.0347706 0.0331665 0.0311628 0.0288807 0.0263923 0.0237426 0.020975 0.0181485
 1.04354e-16 2.24485e-05 0.000131723 0.000626088 0.00241036 0.0075164 0.0189861 0.0388497 0.0644043 0.0865131 0.0941959 0.0832122 0.0598381 0.0354713 0.0182427 0.00979001 0.00776502 0.00935848 0.0128169 0.0172844 0.0222526 0.0272388 0.0317185 0.0351908 0.0372819 0.0378265 0.0368986 0.034775 0.0318518 0.0285413 0.0251852 0.0220075 0.0191111 0.0165073 0.0141588 0.012019
 1.02757e-16 2.63197e-05 0.000154455 0.000734168 0.00282652 0.00881417 0.022264 0.0455563 0.075519 0.101433 0.110414 0.0974755 0.0699559 0.0411898 0.0206694 0.0102643 0.00716937 0.00805196 0.0108473 0.0145885 0.0187693 0.0229611 0.0267132 0.0295966 0.0312891 0.0316455 0.0307242 0.028759 0.0260894 0.0230744 0.0200183 0.0171298 0.0145156 0.0122027 0.0101713 0.00838623
 1.02163e-16 2.54048e-05 0.00014908 0.000708604 0.00272807 0.00850717 0.0214886 0.0439701 0.072891 0.0979079 0.106589 0.0941268 0.0676147 0.0399359 0.0202705 0.0104439 0.00776888 0.00904087 0.0122631 0.0164751 0.0211352 0.0257539 0.0298105 0.0328121 0.0343962 0.0344113 0.0329485 0.0303055 0.0269041 0.0231859 0.0195235 0.0161692 0.0132468 0.0107766 0.00871643 0.00699992
 1.02742e-16 2.10421e-05 0.000123461 0.000586796 0.00225906 0.00704455 0.0177943 0.0364117 0.0603648 0.0810937 0.0883133 0.0780584 0.0562255 0.0335176 0.0175834 0.00999111 0.00857252 0.0107169 0.0147805 0.0199272 0.0256074 0.0312603 0.0362659 0.040031 0.042113 0.0423184 0.0407405 0.0377189 0.0337429 0.0293297 0.0249203 0.0208185 0.0171816 0.0140483 0.0113856 0.00913187
 1.03623e-16 2.13839e-05 0.000125472 0.000596366 0.00229592 0.00715951 0.0180846 0.0370053 0.0613475 0.0824092 0.0897335 0.0792846 0.0570453 0.0338796 0.0175426 0.00960751 0.00785211 0.00961385 0.013231 0.0178878 0.023088 0.0283461 0.0331258 0.036906 0.0392858 0.0400688 0.0392972 0.0372202 0.0342159 0.0306919 0.0270012 0.0233947 0.0200146 0.0169179 0.0141128 0.0115902
 1.04101e-16 2.04277e-05 0.000119857 0.00056967 0.00219313 0.00683895 0.0172749 0.0353488 0.0586022 0.0787244 0.0857289 0.0757646 0.0545525 0.0324789 0.016964 0.00952473 0.00805242 0.0100138 0.0138225 0.0186869 0.024105 0.0295718 0.0345267 0.038427 0.0408586 0.0416242 0.0407781 0.0385915 0.0354676 0.0318364 0.0280648 0.0244072 0.0209997 0.0178871 0.0150637 0.0125089
 1.03279e-16 2.62782e-05 0.000154213 0.000733023 0.00282212 0.00880045 0.0222294 0.0454852 0.0754005 0.101272 0.110234 0.0973047 0.0698081 0.0410521 0.0205072 0.0100321 0.00681925 0.00753881 0.0101344 0.0136566 0.0176275 0.0216557 0.025331 0.0282587 0.0301356 0.0308136 0.0303243 0.0288552 0.026689 0.0241289 0.0214343 0.0187865 0.0162845 0.0139646 0.0118291 0.00987134
 1.02604e-16 2.42409e-05 0.000142245 0.000676109 0.00260296 0.00811699 0.0205031 0.0419537 0.0695493 0.0934219 0.101712 0.0898375 0.0645706 0.0382127 0.0195339 0.0102898 0.00793023 0.00940793 0.0128203 0.0172413 0.0221304 0.0269839 0.0312609 0.0344485 0.0361683 0.0362619 0.0348218 0.0321551 0.0286965 0.0249006 0.0211496 0.0177004 0.0146774 0.0120991 0.00992127 0.0080774
 1.03252e-16 1.99196e-05 0.000116871 0.000555463 0.00213842 0.00666833 0.016844 0.0344674 0.0571423 0.0767671 0.0836079 0.073915 0.0532749 0.0318268 0.0168216 0.009757 0.00859446 0.0108743 0.0150459 0.0203133 0.0261393 0.0319637 0.0371627 0.0411356 0.0434305 0.0438429 0.0424544 0.0395933 0.0357378 0.0313963 0.0270034 0.0228606 0.0191275 0.0158499 0.0130054 0.0105458
 1.03992e-16 2.16379e-05 0.000126965 0.000603467 0.00232327 0.0072448 0.0183 0.037446 0.0620773 0.0833877 0.0907939 0.0802095 0.0576847 0.0342071 0.0176166 0.00949628 0.00758905 0.00919587 0.0126372 0.0170996 0.0221039 0.0271915 0.0318569 0.0356066 0.0380573 0.039015 0.0385073 0.0367548 0.0340981 0.0309071 0.0275028 0.0241147 0.0208757 0.0178444 0.0150388 0.0124642
 1.04288e-16 1.99379e-05 0.00011698 0.000555991 0.00214046 0.0066747 0.0168601 0.0345 0.0571956 0.0768364 0.0836773 0.0739616 0.0532765 0.0317639 0.0166722 0.0094901 0.00816749 0.0102375 0.0141524 0.0191327 0.0246727 0.0302561 0.0353085 0.0392745 0.0417318 0.0424817 0.0415847 0.0393233 0.0361151 0.0324033 0.0285643 0.0248563 0.0214144 0.0182789 0.0154378 0.0128647
 1.0625e-16 1.15713e-05 6.78519e-05 0.000322407 0.00124107 0.00386996 0.00977565 0.0200056 0.0331742 0.0445904 0.0486245 0.0431313 0.0314009 0.0193888 0.0114003 0.00842283 0.00939514 0.0129855 0.0183262 0.0248888 0.0321759 0.0395659 0.0463307 0.0517551 0.0552855 0.0566468 0.0558885 0.053341 0.0495077 0.0449297 0.040072 0.0352605 0.030676 0.0263892 0.0224118 0.0187406
pSPR Fmed_Fpbrs
0.57733   0.254687 0.254687
Fs Fmed_Fpbrs
0.303536   1.005 1.005
SSBpbr Bo_Bmed_Bpbrs
964804  508770  197483 197483
Ro
39968.3
SPR SPRFo_SPRFmed_SPRFpbrs
823728 475563 209793
log_Ro
10.4158
likeval ReclasPelacesDesembMPH_pf_preclas_ppelaces_ptallas_desvR_qrecl_qpela
 107.81 82.7292 0.0041392 0.000704331 310.875 207.1 74.1981 0 13.4109 0 0 0 0 0 0
q_reclas_q_pelaces
1 1
M
0.7
N
 41916.9 19268.9 7245.14 862.649 0.262574
 44176.9 17913.5 7086.71 2664.62 317.362
 22865.3 18683.2 6452.07 2552.48 1074.05
 26257.2 8031.42 4641.84 1603.01 901.01
 52960.4 11961 3356.12 1939.7 1046.37
 39774.6 25843.3 5735.46 1609.3 1431.86
 80058.7 15940.6 8359.01 1855.13 983.663
 86040.7 35231.3 6216.57 3259.87 1107.08
 129411 34779.1 11592.1 2045.44 1436.85
 140482 53038.8 11764.5 3921.18 1177.93
 72330.2 61161.8 20245 4490.51 1946.34
 40397.8 27544.1 17860.9 5912.08 1879.73
 46464.5 15614.1 8286.12 5373.11 2344.02
 28553.5 15865.7 3666.06 1945.51 1811.92
 20032.8 7342.23 2112.53 488.138 500.304
 16988.4 5716.02 1203.75 346.348 162.054
 14306.7 6653.9 1765.82 371.87 157.058
 15529.7 5918.91 2293.43 608.634 182.308
 16332 6777.81 2270.38 879.717 303.39
 31056.6 7218.26 2666.12 893.079 465.388
 43823.2 13814.9 2876.25 1062.37 541.306
 45903.1 20693.5 6203.16 1291.49 720.081
 62007.3 21334.6 9001.66 2698.37 875.034
 65725.9 28228.6 8903.93 3756.82 1491.35
 30877.4 29627 11550.4 3643.25 2147.41
pred_Ctot
 4239.03 3656.94 1375.02 163.718 0.0498325
 4756.94 3604.64 1426.02 536.187 63.8611
 4909.24 6982.95 2411.5 954.005 401.431
 1568.87 924.667 534.42 184.557 103.734
 661.105 296.329 83.1465 48.0553 25.9233
 5587.48 6640.96 1473.84 413.543 367.945
 6598.67 2495.46 1308.58 290.415 153.99
 11646.9 8753.13 1544.49 809.907 275.051
 16436.6 8151.87 2717.08 479.43 336.784
 12549 8959.04 1987.19 662.345 198.969
 12314.1 18676.3 6182.01 1371.22 594.333
 6533.62 8035.42 5210.55 1724.73 548.374
 10665.2 6176.26 3277.63 2125.37 927.194
 10278.7 8978.42 2074.62 1100.97 1025.37
 6325.59 3762.12 1082.45 250.119 256.353
 2616.67 1596.2 336.149 96.7178 45.2538
 1735.17 1494.84 396.703 83.5431 35.2842
 1362.79 983.159 380.95 101.097 30.2822
 1300.5 1026.91 343.987 133.287 45.9669
 2342.63 1038.76 383.676 128.521 66.9729
 1551.87 957.184 199.285 73.6076 37.5052
 2122.89 1859.81 557.503 116.072 64.7166
 3730.98 2472.88 1043.38 312.767 101.425
 4385.82 3613.58 1139.8 480.916 190.91
 2310.94 4231.87 1649.84 520.396 306.733
F
 0.150134 0.300269 0.300269 0.300269 0.300269
 0.160577 0.321154 0.321154 0.321154 0.321154
 0.346258 0.692515 0.692515 0.692515 0.692515
 0.0862878 0.172576 0.172576 0.172576 0.172576
 0.0174922 0.0349844 0.0349844 0.0349844 0.0349844
 0.214356 0.428712 0.428712 0.428712 0.428712
 0.120827 0.241654 0.241654 0.241654 0.241654
 0.205804 0.411608 0.411608 0.411608 0.411608
 0.191967 0.383933 0.383933 0.383933 0.383933
 0.131558 0.263116 0.263116 0.263116 0.263116
 0.265455 0.53091 0.53091 0.53091 0.53091
 0.250603 0.501206 0.501206 0.501206 0.501206
 0.374528 0.749057 0.749057 0.749057 0.749057
 0.658137 1.31627 1.31627 1.31627 1.31627
 0.554099 1.1082 1.1082 1.1082 1.1082
 0.237329 0.474657 0.474657 0.474657 0.474657
 0.182577 0.365153 0.365153 0.365153 0.365153
 0.129102 0.258205 0.258205 0.258205 0.258205
 0.116514 0.233028 0.233028 0.233028 0.233028
 0.110063 0.220127 0.220127 0.220127 0.220127
 0.0503437 0.100687 0.100687 0.100687 0.100687
 0.0662053 0.132411 0.132411 0.132411 0.132411
 0.0869179 0.173836 0.173836 0.173836 0.173836
 0.0968077 0.193615 0.193615 0.193615 0.193615
 0.109162 0.218324 0.218324 0.218324 0.218324
YTP_r0W_actual
 18949.7 93101.1 52134.9 21596.4 14692.5
YTP_p0W_proyectada
 79013.9 145870 180247 92286.4 47010.4
CTP_r0_actual
 2310.94 4231.87 1649.84 520.396 306.733
CTP_p0_proyectada
 9635.84 6630.44 5704.01 2223.77 981.427
Wmedp
 8.2 22 31.6 41.5 47.9
nmprior
 10 11 7 0
nm_flota  nm_reclas  nm_pelaces    nm_pelaL
inf 13.8742 12.8176 21.3486
cv_recla  cv_pelaces  cv_mph
0.939192 1.07027 0.861046
 ------------------------------------------------
Talla a la edad & desviaci?n 
 7.2 14.2025 17.0495 18.207 18.6776
 1.08 2.13037 2.55742 2.73105 2.80164
