    unsorted:	 6.106279392e-06 0.0009000015443 0.006735648198 0.009841381039 4.099658124 64.02045710 64.39036807 19.06337644 34.17816934 78.67850824 112.4256249 232.0690182 268.7712437 395.5511248 530.2416649 576.3432425 699.5282440 784.4033807 838.0073310 882.4385021 1020.599884 1145.803151 1430.556462 1541.986637 1836.113180 1990.824872 2343.205894 2568.487016 2942.407238 3112.901344 3610.350449 3792.667105 4129.910939 4545.566534 4802.772952 10441.53256 233660.8975 373313.8528 387107.0975 340490.9569 424005.2140 433553.8500 276822.7622 499000.0109 525300.5113 580126.3609 680858.0987 793249.3511 914679.6771 1065349.660 1190740.832 1423889.291 1544122.590 1936861.120 1994413.902 2354365.487 2629701.033 26937464.06
      sorted:	 6.106279392e-06 0.0009000015443 0.006735648198 0.009841381039 4.099658124 19.06337644 34.17816934 64.02045710 64.39036807 78.67850824 112.4256249 232.0690182 268.7712437 395.5511248 530.2416649 576.3432425 699.5282440 784.4033807 838.0073310 882.4385021 1020.599884 1145.803151 1430.556462 1541.986637 1836.113180 1990.824872 2343.205894 2568.487016 2942.407238 3112.901344 3610.350449 3792.667105 4129.910939 4545.566534 4802.772952 10441.53256 233660.8975 276822.7622 340490.9569 373313.8528 387107.0975 424005.2140 433553.8500 499000.0109 525300.5113 580126.3609 680858.0987 793249.3511 914679.6771 1065349.660 1190740.832 1423889.291 1544122.590 1936861.120 1994413.902 2354365.487 2629701.033 26937464.06
