years
 1997 1998 1999 2000 2001 2002 2003 2004 2005 2006 2007 2008 2009 2010 2011 2012 2013 2014 2015 2016 2017 2018 2019 2020
reclasobs
 0 0 0 370054 412103 1.49427e+06 250295 1.28982e+06 931140 785840 897777 1.04006e+06 184774 17550 25797 100020 73551 82996 120727 218422 84188 347160 605670 569463
reclaspred
 1.12147e+06 232661 595188 318995 408528 524880 1.08556e+06 838421 1.08093e+06 1.20717e+06 1.13612e+06 776676 448774 205493 136077 133648 158395 220168 237306 316382 507195 509061 841125 940415
pelacesobs
 0 0 0 0 0 0 0 0 0 2.06254e+06 1.5e+06 0 1.87456e+06 323000 250000 174000 83755 137374 0 501740 490994 745055 786931 1.00524e+06
pelacespred
 654492 230784 204741 222794 243734 241765 556949 538395 618412 717574 588803 416760 238015 87584.9 57569.3 64573.4 80185.8 112590 128030 164511 289025 302738 379891 505431
mphobs
 0 0 0 0 0 112323 0 153150 637223 0 255016 313432 73983 77613 109348 50772 0 0 0 0 0 0 0 0
mphpred
 791888 427738 375799 344670 304509 468102 651505 871355 854639 1.04604e+06 1.14336e+06 819804 500070 265253 126008 111104 124673 169215 207917 233174 368197 475781 583517 774094
desembarqueobs
 350755 77701 442110 56441 14545 235359 269955 359681 431902 328805 639364 411747 362871 311530 167758 66681 60226 58785 57116 71774 51957 67425 138520 160799
desembarquepred
 350760 77701.2 442128 56443.3 14545.1 235419 269978 359614 431837 328746 639345 411864 362943 311708 167713 66689.1 60244.6 58785.7 57110.8 71765.5 51955.3 67416.1 138509 160792
Reclutas
 42087.4 44295.6 22987.4 26384.8 53079.3 39942.7 80266.1 86172.4 129379 140274 72336.2 40445.9 46452.7 28558.9 20039.4 17007.2 14327.4 15553.1 16356.5 31138.5 44674.9 49711 75204.1 76304.9
log_desv_Rt
 0.0210511 0.0721871 -0.583753 -0.445911 0.253088 -0.0312526 0.666649 0.737651 1.14405 1.2249 0.562626 -0.0187324 0.119736 -0.366729 -0.720999 -0.885061 -1.05653 -0.974436 -0.924071 -0.280255 0.0807124 0.187527 0.601508 0.616039
SSB
 791888 427738 375799 344670 304509 468102 651505 871355 854639 1.04604e+06 1.14336e+06 819804 500070 265253 126008 111104 124673 169215 207917 233174 368197 475781 583517 774094
BT
 2.07499e+06 572739 762906 531407 587147 664293 1.70426e+06 1.63002e+06 1.97985e+06 1.98667e+06 1.82368e+06 1.23834e+06 886809 485955 286903 201737 237175 303802 316582 443055 736795 672795 898138 1.20715e+06
Ftot
 0.30092 0.320969 0.690432 0.171685 0.0348284 0.426823 0.240525 0.410025 0.382999 0.26292 0.530959 0.501239 0.749001 1.31609 1.10774 0.47423 0.364614 0.257729 0.232554 0.219593 0.0998572 0.128825 0.159878 0.165957
BD_Bspro_t
 0.957305 0.754968 0.637575 0.434223 0.533536 0.695867 0.629705 0.664718 0.62573 0.621759 0.613726 0.458766 0.347715 0.248688 0.150118 0.158098 0.228654 0.360834 0.468705 0.559074 0.688161 0.786911 0.793928 0.787688
BD_Bspro
 0.933993 0.504496 0.443236 0.406521 0.359153 0.552103 0.768417 1.02772 1.008 1.23375 1.34854 0.966917 0.589807 0.312852 0.14862 0.131041 0.147046 0.199581 0.245228 0.275017 0.43427 0.561159 0.688229 0.913005
BD_Bo
 0.832889 0.449885 0.395257 0.362515 0.320275 0.492338 0.685237 0.91647 0.898888 1.10019 1.20256 0.86225 0.525961 0.278986 0.132532 0.116856 0.131128 0.177977 0.218682 0.245247 0.387261 0.500415 0.613729 0.814174
BD_Brms
 4.05517 2.1904 1.92443 1.76502 1.55936 2.3971 3.33629 4.46211 4.37651 5.35663 5.85504 4.19813 2.5608 1.35833 0.645274 0.56895 0.638437 0.866534 1.06472 1.19406 1.8855 2.43642 2.98812 3.96405
S_f
 0.5 1 1 1 1
 0.5 1 1 1 1
 0.5 1 1 1 1
 0.5 1 1 1 1
 0.5 1 1 1 1
 0.5 1 1 1 1
 0.5 1 1 1 1
 0.5 1 1 1 1
 0.5 1 1 1 1
 0.5 1 1 1 1
 0.5 1 1 1 1
 0.5 1 1 1 1
 0.5 1 1 1 1
 0.5 1 1 1 1
 0.5 1 1 1 1
 0.5 1 1 1 1
 0.5 1 1 1 1
 0.5 1 1 1 1
 0.5 1 1 1 1
 0.5 1 1 1 1
 0.5 1 1 1 1
 0.5 1 1 1 1
 0.5 1 1 1 1
 0.5 1 1 1 1
Scru_reclas
 0.5 1 1 1 1
 0.5 1 1 1 1
 0.5 1 1 1 1
 0.5 1 1 1 1
 0.5 1 1 1 1
 0.5 1 1 1 1
 0.5 1 1 1 1
 0.5 1 1 1 1
 0.5 1 1 1 1
 0.5 1 1 1 1
 0.5 1 1 1 1
 0.5 1 1 1 1
 0.5 1 1 1 1
 0.5 1 1 1 1
 0.5 1 1 1 1
 0.5 1 1 1 1
 0.5 1 1 1 1
 0.5 1 1 1 1
 0.5 1 1 1 1
 0.5 1 1 1 1
 0.5 1 1 1 1
 0.5 1 1 1 1
 0.5 1 1 1 1
 0.5 1 1 1 1
Scru_pelaces
 0.5 1 1 1 1
 0.5 1 1 1 1
 0.5 1 1 1 1
 0.5 1 1 1 1
 0.5 1 1 1 1
 0.5 1 1 1 1
 0.5 1 1 1 1
 0.5 1 1 1 1
 0.5 1 1 1 1
 0.5 1 1 1 1
 0.5 1 1 1 1
 0.5 1 1 1 1
 0.5 1 1 1 1
 0.5 1 1 1 1
 0.5 1 1 1 1
 0.5 1 1 1 1
 0.5 1 1 1 1
 0.5 1 1 1 1
 0.5 1 1 1 1
 0.5 1 1 1 1
 0.5 1 1 1 1
 0.5 1 1 1 1
 0.5 1 1 1 1
 0.5 1 1 1 1
pf_obs 
 0.256992 0.487395 0.22802 0.0275931 0
 0.321318 0.546541 0.124235 0.00734118 0.000564706
 0.182869 0.594174 0.210203 0.0122559 0.00049798
 0.330522 0.361315 0.267642 0.0388342 0.00168674
 0.649043 0.306663 0.0425973 0.00169635 0
 0.582887 0.30429 0.105238 0.00758474 0
 0.465427 0.430635 0.0974691 0.00646863 0
 0.296916 0.608066 0.0921331 0.00288517 0
 0.311714 0.524322 0.152257 0.0117073 0
 0.15457 0.633149 0.183074 0.0267441 0.00246327
 0.131901 0.49318 0.331252 0.0422183 0.00144891
 0.196976 0.569456 0.194076 0.0375587 0.00193317
 0.518974 0.381816 0.0799577 0.0180837 0.00116848
 0.0928022 0.601141 0.25162 0.0475244 0.00691264
 0.122501 0.610282 0.24278 0.0234846 0.000952079
 0.383417 0.481906 0.127806 0.00687128 0
 0.0376549 0.599619 0.316969 0.0457579 0
 0.0361596 0.667082 0.258105 0.0386534 0
 0.158088 0.579412 0.248529 0.0139706 0
 0.0477256 0.309471 0.559284 0.082774 0.000745712
 0.0406174 0.521527 0.379366 0.0568643 0.0016247
 0.151134 0.462217 0.34131 0.0453401 0
 0.294876 0.26143 0.354403 0.0886775 0.000613685
 0.281977 0.475581 0.204845 0.0348837 0.00271318
pf_pred 
 0.45126 0.386337 0.145129 0.017268 5.44677e-06
 0.458394 0.347734 0.136494 0.0512748 0.00610276
 0.314108 0.44582 0.154136 0.0605023 0.0254331
 0.47291 0.279202 0.161124 0.0557063 0.0310579
 0.592328 0.266322 0.0748737 0.0432087 0.0232676
 0.385929 0.457993 0.101962 0.0286656 0.0254506
 0.607672 0.230453 0.120731 0.026878 0.0142655
 0.505076 0.380319 0.0673185 0.0352671 0.0120186
 0.58358 0.29023 0.0969694 0.0171641 0.0120564
 0.514546 0.367987 0.0818705 0.027354 0.00824276
 0.31477 0.476696 0.158074 0.0351687 0.0152911
 0.296576 0.364331 0.235898 0.0782247 0.0249706
 0.460097 0.266826 0.141437 0.0915781 0.0400615
 0.438213 0.382629 0.0885419 0.0469337 0.0436825
 0.541731 0.322201 0.0926748 0.0214454 0.0219477
 0.557912 0.340176 0.0716521 0.0206093 0.00964991
 0.463285 0.399113 0.105882 0.0223021 0.00941836
 0.476705 0.344015 0.133316 0.0353679 0.0105957
 0.456088 0.360262 0.120732 0.0467873 0.0161309
 0.591624 0.26213 0.0968666 0.0324621 0.0169173
 0.554437 0.336489 0.0700126 0.0258722 0.0131888
 0.465503 0.384348 0.113393 0.0235934 0.0131631
 0.519805 0.309092 0.123037 0.0362991 0.0117664
 0.443135 0.386333 0.109768 0.0436941 0.0170695
pobs_RECLAS
 0 0 0 0 0
 0 0 0 0 0
 0 0 0 0 0
 0 0 0 0 0
 0.835266 0.146461 0.0176864 0.000547809 3.91292e-05
 0.385257 0.428462 0.181853 0.0044286 0
 0.867414 0.0963971 0.0333333 0.00285562 0
 0.441836 0.489002 0.0689373 0.000224442 0
 0.779404 0.147425 0.0564933 0.0165055 0.000172143
 0.814271 0.122319 0.05973 0.00367925 0
 0.40263 0.566651 0.0304383 0.000280538 0
 0.475488 0.404961 0.113038 0.00651328 0
 0.955842 0.0263864 0.0167828 0.000988607 0
 0.975058 0.0227948 0.00214734 0 0
 0.738997 0.206755 0.0527124 0.00153531 0
 0.850938 0.134255 0.0134407 0.00136685 0
 0.542534 0.407297 0.0501686 0 0
 0.764087 0.199537 0.0359546 0.000420521 0
 0.470689 0.182191 0.310203 0.0369168 0
 0.84361 0.089868 0.0606195 0.00523954 0.000663233
 0.607945 0.314616 0.071237 0.00620181 0
 0.523733 0.453247 0.0230204 0 0
 0.530135 0.295979 0.169645 0.0042399 0
 0.562478 0.366248 0.0663022 0.0049721 0
ppred_RECLAS
 0.454095 0.384341 0.14438 0.0171788 5.41863e-06
 0.461474 0.345756 0.135718 0.0509832 0.00606806
 0.321519 0.441003 0.152471 0.0598486 0.0251583
 0.474372 0.278428 0.160677 0.0555519 0.0309718
 0.59258 0.266157 0.0748274 0.043182 0.0232533
 0.390164 0.454835 0.101259 0.0284679 0.0252751
 0.609747 0.229235 0.120092 0.0267359 0.0141901
 0.509307 0.377068 0.0667431 0.0349656 0.0119158
 0.587343 0.287608 0.0960933 0.017009 0.0119474
 0.516968 0.366151 0.081462 0.0272175 0.00820163
 0.319929 0.473107 0.156884 0.034904 0.015176
 0.301195 0.361938 0.234349 0.077711 0.0248066
 0.469637 0.262111 0.138938 0.08996 0.0393536
 0.460048 0.367757 0.0851005 0.0451095 0.0419847
 0.55855 0.310376 0.0892736 0.0206583 0.0211422
 0.562957 0.336295 0.0708345 0.0203742 0.00953979
 0.466907 0.396419 0.105167 0.0221516 0.0093548
 0.479067 0.342462 0.132715 0.0352083 0.0105478
 0.458164 0.358887 0.120271 0.0466087 0.0160693
 0.59351 0.260919 0.0964191 0.0323122 0.0168392
 0.555226 0.335894 0.0698887 0.0258264 0.0131655
 0.466556 0.383591 0.113169 0.0235469 0.0131371
 0.521153 0.308225 0.122691 0.0361972 0.0117334
 0.444527 0.385368 0.109494 0.0435849 0.0170268
pobs_PELACES
 0 0 0 0 0
 0 0 0 0 0
 0 0 0 0 0
 0 0 0 0 0
 0 0 0 0 0
 0 0 0 0 0
 0 0 0 0 0
 0 0 0 0 0
 0 0 0 0 0
 0 0 0 0 0
 0.450072 0.473896 0.0757376 0.000293798 0
 0 0 0 0 0
 0.463077 0.371075 0.160297 0.00555027 0
 0.529543 0.364841 0.0842815 0.0213345 0
 0.631943 0.363953 0.00410389 0 0
 0.735681 0.248677 0.0153453 0.000297389 0
 0.695825 0.281241 0.0229344 0 0
 0.275771 0.60734 0.115278 0.00161068 0
 0 0 0 0 0
 0.896147 0.0623911 0.0374545 0.00400742 0
 0.803859 0.145111 0.0509908 3.86294e-05 0
 0.739449 0.233085 0.0266225 0.000797448 4.60066e-05
 0.878498 0.100942 0.0204185 0.000141795 0
 0.694673 0.275183 0.0284847 0.00165964 0
ppred_PELACES
 0.466429 0.375657 0.141118 0.0167906 5.2962e-06
 0.474659 0.337291 0.132395 0.049735 0.00591949
 0.346858 0.424533 0.146776 0.0576135 0.0242187
 0.48144 0.274684 0.158517 0.0548049 0.0305554
 0.593967 0.265251 0.0745727 0.043035 0.0231741
 0.407044 0.442245 0.0984558 0.0276799 0.0245755
 0.619148 0.223712 0.117199 0.0260918 0.0138482
 0.526198 0.364089 0.0644457 0.0337621 0.0115057
 0.60257 0.276995 0.0925474 0.0163814 0.0115066
 0.527792 0.357946 0.0796367 0.0266076 0.00801785
 0.339283 0.459643 0.152419 0.0339106 0.0147441
 0.318883 0.352777 0.228417 0.075744 0.0241787
 0.500496 0.24686 0.130854 0.0847257 0.0370639
 0.514248 0.330842 0.0765583 0.0405815 0.0377703
 0.603018 0.279111 0.0802809 0.0185774 0.0190126
 0.582105 0.321561 0.0677311 0.0194815 0.00912183
 0.481907 0.385265 0.102208 0.0215283 0.00909159
 0.489688 0.33548 0.130009 0.0344905 0.0103328
 0.467704 0.352568 0.118153 0.0457881 0.0157864
 0.602221 0.255328 0.0943528 0.0316197 0.0164783
 0.559291 0.332824 0.06925 0.0255904 0.0130452
 0.47185 0.379784 0.112046 0.0233132 0.0130068
 0.527732 0.30399 0.121006 0.0356998 0.0115722
 0.451298 0.38067 0.108159 0.0430536 0.0168193
pobs_pel_tallas
 0 0 0 0 0 0 0 0 0 0 0 0 0 0 0 0 0 0 0 0 0 0 0 0 0 0 0 0 0 0 0 0 0 0 0 0
 0 0 0 0 0 0 0 0 0 0 0 0 0 0 0 0 0 0 0 0 0 0 0 0 0 0 0 0 0 0 0 0 0 0 0 0
 0 0 0 0 0 0 0 0 0 0 0 0 0 0 0 0 0 0 0 0 0 0 0 0 0 0 0 0 0 0 0 0 0 0 0 0
 0 0 0 0 0 0 0 0 0 0 0 0 0 0 0 0 0 0 0 0 0 0 0 0 0 0 0 0 0 0 0 0 0 0 0 0
 0 0 0 0 0 0 0 0 0 0 0 0 0 0 0 0 0 0 0 0 0 0 0 0 0 0 0 0 0 0 0 0 0 0 0 0
 0 0 0 0 0 0 0 0 0 0 0 0 0 0 0 0 0 0 0 0 0 0 0 0 0 0 0 0 0 0 0 0 0 0 0 0
 0 0 0 0 0 0 0 0 0 0 0 0 0 0 0 0 0 0 0 0 0 0 0 0 0 0 0 0 0 0 0 0 0 0 0 0
 0 0 0 0 0 0 0 0 0 0 0 0 0 0 0 0 0 0 0 0 0 0 0 0 0 0 0 0 0 0 0 0 0 0 0 0
 0 0 0 0 0 0 0 0 0 0 0 0 0 0 0 0 0 0 0 0 0 0 0 0 0 0 0 0 0 0 0 0 0 0 0 0
 0 0 0 0 0 0 0 0 0 0 0 0 0 0 0 0 0 0 0 0 0 0 0 0 0 0 0 0 0 0 0 0 0 0 0 0
 0 0 0 0 0 0 0 0 1.78061e-05 0.00172719 0.00360574 0.0105946 0.0120993 0.0124554 0.0147524 0.0171206 0.0266825 0.0428682 0.0675386 0.121331 0.153587 0.119568 0.100827 0.0573624 0.0630603 0.0341343 0.0324427 0.0444173 0.0211091 0.0280891 0.0125444 0.00206551 0 0 0 0
 0 0 0 0 0 0 0 0 0 0 0 0 0 0 0 0 0 0 0 0 0 0 0 0 0 0 0 0 0 0 0 0 0 0 0 0
 0 0 0 0 0 0 0.0133647 0.0140871 0.0187388 0.0205184 0.03894 0.0496705 0.03968 0.0493445 0.0407372 0.0367815 0.0215668 0.0243155 0.0234873 0.0199281 0.019796 0.0243948 0.0301388 0.0376714 0.0412746 0.0863199 0.0771752 0.113111 0.0741005 0.0525337 0.0229764 0.00759418 0.00175318 0 0 0
 0 0 0 0 0 0 0 0 0 0 0.00219441 0.00772107 0.0458388 0.0604681 0.0671733 0.0775358 0.0609151 0.0617685 0.073594 0.0568108 0.0755445 0.0548602 0.0670107 0.0636378 0.0643287 0.046367 0.0373049 0.0286899 0.0247887 0.0153202 0.00654259 0.00121912 0.000365735 0 0 0
 0 0 0 0 0 0 0 0 0 0 0 0 0.000112435 0.00938835 0.0111873 0.0202946 0.0414886 0.0713402 0.111592 0.104902 0.108894 0.110636 0.117776 0.105296 0.107544 0.0401394 0.0192827 0.0124803 0.00416011 0.0028671 0.000618394 0 0 0 0 0
 0 0 0 0 0 0 0 0 0 0 0.00291406 0.0102884 0.027416 0.0768956 0.0749926 0.110853 0.0956884 0.0897413 0.0766577 0.0534642 0.0500743 0.0551293 0.0594112 0.0620874 0.0668451 0.0424026 0.0208742 0.0120726 0.0048766 0.00582813 0.00118941 0.000297354 0 0 0 0
 0 0.00264628 0.0354308 0.0461629 0.0458689 0.0383711 0.0214643 0.0164657 0.0346957 0.0420465 0.0363128 0.0245516 0.0311673 0.0291091 0.0169068 0.0133784 0.00837989 0.0085269 0.0148486 0.0160247 0.0276389 0.0546898 0.0760071 0.122758 0.109233 0.0665981 0.0333725 0.0166128 0.00676272 0.00308733 0.000882094 0 0 0 0 0
 0 0 0 0 0 0 0 0.000805153 0.000690131 0.00759144 0.0133425 0.0154129 0.00931677 0.000345066 0.00356568 0.00563607 0.00851162 0.0253048 0.0502646 0.0516448 0.0657925 0.0565908 0.0611916 0.0827007 0.0866115 0.110766 0.145733 0.0935128 0.0569358 0.0249597 0.0138026 0.00621118 0.00161031 0.00115022 0 0
 0 0 0 0 0 0 0 0 0 0 0 0 0 0 0 0 0 0 0 0 0 0 0 0 0 0 0 0 0 0 0 0 0 0 0 0
 0.00147267 0.00158595 0.00478618 0.00569244 0.00954404 0.0108468 0.00647125 0.017049 0.0510054 0.094081 0.124002 0.0959785 0.0687766 0.0820023 0.061753 0.0591476 0.0492212 0.0479892 0.0443925 0.0268479 0.0217502 0.0140895 0.0121071 0.0120363 0.00920419 0.00665534 0.0049561 0.00860946 0.00930331 0.0156896 0.0114698 0.00855282 0.00243557 0.00046729 0 2.83206e-05
 0 0 0 0 0.000772559 0.00158375 0.000888443 0.00281984 0.00712685 0.0440552 0.0773331 0.111326 0.0921469 0.0852325 0.0710754 0.0886704 0.0786465 0.0553345 0.0373146 0.0185414 0.00753245 0.00457741 0.012979 0.0271748 0.0457355 0.0583668 0.034881 0.0177882 0.00938659 0.00492506 0.0015258 0.00185414 0.000309023 5.79419e-05 3.86279e-05 0
 0 0.00173294 0.00326652 0 0.00397197 0.00683976 0.00946217 0.0152591 0.00757587 0.0136028 0.0228656 0.0392903 0.0559909 0.0764795 0.0681675 0.0726916 0.0566044 0.0477403 0.0527397 0.0444891 0.0609904 0.0582453 0.0661739 0.0445044 0.0529084 0.0360697 0.0280645 0.0235558 0.0158879 0.00826598 0.00280645 0.00217768 0.000904811 0.00058276 9.20147e-05 0
 0 0 0 0 0 0 0 0 0 0 0 0 0 0 0 0 0 0 0 0 0 0 0 0 0 0 0 0 0 0 0 0 0 0 0 0
 0 0 0 0 0 0 0 0 0 0 0 0 0 0 0 0 0 0 0 0 0 0 0 0 0 0 0 0 0 0 0 0 0 0 0 0
ppred_pel_tallas
 1.02703e-16 2.03667e-05 0.000119496 0.000567949 0.0021865 0.00681826 0.0172227 0.0352421 0.058426 0.0784899 0.0854793 0.0755577 0.0544333 0.0324678 0.0170676 0.0097555 0.00843927 0.0105993 0.0146524 0.0197959 0.0255023 0.0312285 0.0363687 0.0403362 0.042683 0.0431965 0.0419383 0.0392089 0.0354582 0.0311719 0.0267738 0.0225681 0.0187294 0.0153263 0.0123612 0.00980737
 1.03975e-16 2.07239e-05 0.000121597 0.000577946 0.002225 0.00693834 0.0175259 0.0358623 0.059453 0.0798655 0.0869671 0.0768481 0.0553093 0.0328829 0.0170899 0.00946164 0.00785169 0.00968596 0.0133573 0.0180738 0.0233469 0.028693 0.0335749 0.0374694 0.0399723 0.0408824 0.0402362 0.0382761 0.0353725 0.0319254 0.0282808 0.0246844 0.0212761 0.018114 0.0152113 0.0125664
 1.05334e-16 1.51547e-05 8.88934e-05 0.000422449 0.00162627 0.0050712 0.0128098 0.0262135 0.0434625 0.0584017 0.0636388 0.0563391 0.0407771 0.0247023 0.0136818 0.00891908 0.00893058 0.0118987 0.0166636 0.0225863 0.0291606 0.0358035 0.0418459 0.0466351 0.0496712 0.050713 0.0498203 0.0473117 0.0436642 0.0393863 0.0349121 0.030542 0.0264372 0.022652 0.0191834 0.0160129
 1.05651e-16 2.10171e-05 0.000123324 0.000586167 0.00225668 0.00703714 0.0177754 0.0363723 0.0602966 0.0809931 0.0881801 0.0778847 0.0559786 0.0331274 0.0169369 0.00893514 0.00692244 0.00827676 0.0113785 0.0154657 0.0201181 0.0249487 0.0295276 0.0334265 0.0362986 0.0379451 0.038344 0.0376289 0.036032 0.0338135 0.031203 0.0283694 0.0254214 0.0224265 0.0194376 0.0165109
 1.03707e-16 2.59232e-05 0.000152129 0.000723111 0.00278395 0.00868143 0.0219287 0.0448702 0.0743813 0.0999043 0.108748 0.0959998 0.0688867 0.0405399 0.020306 0.0100235 0.00692716 0.00773448 0.0104154 0.0140263 0.018083 0.0221822 0.025901 0.0288354 0.0306799 0.0312926 0.0307197 0.0291684 0.0269413 0.0243565 0.0216801 0.0190896 0.0166718 0.0144457 0.0123955 0.010499
 1.03642e-16 1.77798e-05 0.000104303 0.000495706 0.00190832 0.00595076 0.0150315 0.0307593 0.0509977 0.0685208 0.0746493 0.0660484 0.0477214 0.0287421 0.0156164 0.00972189 0.00927995 0.012123 0.0168674 0.022762 0.02924 0.0356735 0.0413566 0.0456143 0.0479467 0.0481418 0.0463173 0.0428723 0.0383743 0.0334173 0.0285012 0.0239628 0.0199661 0.0165377 0.0136227 0.0111375
 1.03281e-16 2.70197e-05 0.00015857 0.000753739 0.00290189 0.00904922 0.0228577 0.0467706 0.0775302 0.104129 0.113335 0.100021 0.0717117 0.0420805 0.0208527 0.00992418 0.00639399 0.00682982 0.00912093 0.0123116 0.01595 0.0196887 0.0231673 0.0260343 0.028011 0.0289468 0.028843 0.0278339 0.026139 0.0240015 0.0216367 0.0192033 0.0168006 0.014483 0.0122814 0.0102198
 1.02732e-16 2.29722e-05 0.000134794 0.000640681 0.00246654 0.00769157 0.0194286 0.0397554 0.0659064 0.0885327 0.0964 0.0851715 0.0612736 0.0363752 0.018804 0.0102437 0.00829746 0.0100913 0.0138225 0.0185944 0.0238523 0.0290573 0.0336242 0.0369991 0.0387759 0.0387888 0.0371455 0.0341871 0.0303921 0.0262587 0.0222034 0.0185035 0.0152895 0.0125744 0.0103022 0.00839277
 1.02505e-16 2.62989e-05 0.000154333 0.000733588 0.00282428 0.0088072 0.0222465 0.0455203 0.0754593 0.101353 0.110326 0.0973976 0.069899 0.0411543 0.0206481 0.0102485 0.00715279 0.00803186 0.010824 0.0145651 0.018752 0.0229589 0.0267368 0.0296564 0.0313926 0.0317942 0.0309115 0.0289694 0.0262996 0.0232565 0.0201448 0.0171779 0.0144717 0.0120641 0.009947 0.00809442
 1.02537e-16 2.30415e-05 0.000135202 0.000642619 0.002474 0.00771484 0.0194873 0.0398756 0.0661055 0.0887996 0.0966891 0.0854236 0.0614476 0.0364638 0.0188232 0.0102123 0.00822516 0.00997887 0.0136671 0.0183952 0.0236151 0.0287959 0.033361 0.0367618 0.0385929 0.0386826 0.0371273 0.0342527 0.0305223 0.0264221 0.0223631 0.0186241 0.0153437 0.0125473 0.0101927 0.00821181
 1.04168e-16 1.48259e-05 8.69595e-05 0.000413248 0.00159083 0.00496067 0.0125307 0.0256426 0.0425172 0.0571354 0.0622692 0.055151 0.0399702 0.0243192 0.0136594 0.00918651 0.00946651 0.012732 0.0178449 0.0241566 0.0311252 0.0381138 0.0443904 0.0492446 0.0521371 0.0528167 0.0513666 0.0481585 0.043742 0.0387035 0.0335474 0.0286267 0.024133 0.0201296 0.0166037 0.0135134
 1.0709e-16 1.39322e-05 8.1722e-05 0.000388369 0.00149507 0.00466209 0.0117764 0.0240984 0.039955 0.0536864 0.0584949 0.0517716 0.037442 0.0226247 0.0124314 0.00796321 0.00785625 0.0104496 0.0147024 0.0200714 0.0261534 0.0324845 0.0385172 0.0436963 0.0475658 0.0498553 0.0505185 0.0497077 0.0477052 0.0448346 0.0413889 0.0375921 0.0335991 0.0295179 0.0254398 0.0214589
 1.06582e-16 2.18468e-05 0.000128198 0.000609345 0.00234593 0.00731547 0.0184784 0.0378105 0.0626795 0.0841904 0.0916514 0.0809278 0.0581158 0.0342915 0.0173465 0.00885068 0.0064991 0.00755265 0.0103257 0.0140414 0.0182991 0.0227516 0.0270199 0.030726 0.0335627 0.0353514 0.0360662 0.0358131 0.0347793 0.0331709 0.0311634 0.0288783 0.0263878 0.0237369 0.0209688 0.0181425
 1.04354e-16 2.24497e-05 0.00013173 0.000626121 0.00241049 0.0075168 0.0189871 0.0388518 0.0644077 0.0865177 0.0942008 0.0832165 0.059841 0.0354728 0.018243 0.00978945 0.00776374 0.00935646 0.0128141 0.0172806 0.022248 0.0272335 0.0317128 0.0351852 0.0372768 0.0378225 0.0368959 0.0347739 0.0318522 0.028543 0.0251879 0.0220107 0.0191145 0.0165104 0.0141614 0.0120211
 1.02758e-16 2.63185e-05 0.000154448 0.000734134 0.00282638 0.00881375 0.022263 0.0455542 0.0755155 0.101428 0.110409 0.0974709 0.0699527 0.041188 0.0206687 0.0102643 0.00716972 0.0080526 0.0108483 0.0145898 0.0187709 0.022963 0.0267154 0.029599 0.0312915 0.0316478 0.0307263 0.0287609 0.026091 0.0230757 0.0200194 0.0171307 0.0145164 0.0122034 0.010172 0.00838691
 1.02162e-16 2.54083e-05 0.0001491 0.000708702 0.00272845 0.00850834 0.0214916 0.0439762 0.0729011 0.0979214 0.106603 0.0941398 0.0676239 0.039941 0.0202725 0.0104441 0.00776791 0.00903905 0.0122604 0.0164715 0.0211305 0.0257483 0.029804 0.0328051 0.0343889 0.0344043 0.0329419 0.0302997 0.0268992 0.0231819 0.0195204 0.0161668 0.013245 0.0107753 0.0087155 0.00699925
 1.02741e-16 2.10419e-05 0.00012346 0.000586789 0.00225903 0.00704446 0.0177941 0.0364112 0.0603641 0.0810928 0.0883123 0.0780576 0.0562249 0.0335174 0.0175834 0.00999136 0.008573 0.0107176 0.0147815 0.0199285 0.0256091 0.0312622 0.0362679 0.040033 0.0421148 0.0423199 0.0407414 0.0377191 0.0337425 0.0293288 0.024919 0.0208169 0.0171798 0.0140466 0.011384 0.00913045
 1.03623e-16 2.13792e-05 0.000125444 0.000596235 0.00229542 0.00715795 0.0180807 0.0369973 0.0613341 0.0823912 0.089714 0.0792674 0.0570331 0.0338727 0.0175397 0.00960698 0.00785289 0.00961553 0.0132335 0.0178913 0.0230925 0.0283517 0.0331324 0.0369134 0.0392938 0.0400771 0.0393054 0.0372282 0.0342233 0.0306987 0.0270072 0.0234 0.0200191 0.0169217 0.0141159 0.0115927
 1.04104e-16 2.04212e-05 0.000119819 0.000569488 0.00219243 0.00683677 0.0172694 0.0353375 0.0585836 0.0786993 0.0857017 0.0757406 0.0545354 0.0324692 0.0169597 0.00952355 0.00805283 0.0100151 0.0138246 0.0186899 0.024109 0.029577 0.0345331 0.0384346 0.0408672 0.0416338 0.0407885 0.0386024 0.0354788 0.0318476 0.0280758 0.0244177 0.0210095 0.0178961 0.0150717 0.0125158
 1.0328e-16 2.62828e-05 0.000154241 0.000733153 0.00282262 0.00880201 0.0222333 0.0454933 0.0754139 0.10129 0.110253 0.0973218 0.0698201 0.0410587 0.0205097 0.010032 0.00681752 0.00753573 0.0101299 0.0136506 0.0176198 0.0216465 0.0253206 0.0282475 0.0301244 0.0308029 0.0303148 0.0288473 0.026683 0.0241247 0.0214319 0.0187855 0.0162846 0.0139654 0.0118304 0.00987278
 1.02581e-16 2.44139e-05 0.000143262 0.000680942 0.00262157 0.00817502 0.0206497 0.0422536 0.0700463 0.094089 0.102437 0.0904747 0.0650218 0.038466 0.0196382 0.010304 0.00789236 0.00933266 0.0127083 0.0170888 0.0219342 0.0267445 0.0309834 0.0341424 0.0358466 0.0359389 0.0345111 0.0318676 0.0284393 0.0246768 0.0209589 0.0175404 0.0145443 0.0119891 0.00983101 0.00800389
 1.03124e-16 2.06031e-05 0.000120884 0.000574547 0.0022119 0.00689748 0.0174228 0.0356516 0.0591048 0.0794015 0.0864714 0.0764329 0.0550602 0.0328341 0.0172456 0.00983302 0.00847661 0.0106238 0.0146687 0.0197956 0.0254679 0.0311361 0.0361908 0.040046 0.0422617 0.0426394 0.0412606 0.0384471 0.0346677 0.03042 0.0261291 0.0220897 0.0184571 0.0152751 0.0125202 0.0101436
 1.03585e-16 2.30368e-05 0.000135179 0.000642521 0.00247364 0.00771374 0.0194845 0.0398694 0.0660937 0.0887795 0.0966559 0.0853673 0.0613485 0.0362881 0.0185191 0.00970976 0.00743878 0.00881777 0.0120527 0.0162857 0.0210318 0.0258443 0.0302369 0.0337374 0.0359814 0.036788 0.0361905 0.0344087 0.0317779 0.0286599 0.0253683 0.0221256 0.0190585 0.0162193 0.0136187 0.0112537
 1.03925e-16 1.9707e-05 0.000115623 0.000549535 0.0021156 0.00659716 0.0166642 0.0340994 0.0565322 0.0759471 0.082714 0.0731225 0.0526989 0.0314731 0.0166174 0.00961194 0.00843903 0.0106652 0.0147583 0.0199353 0.0256721 0.0314245 0.0365864 0.0405742 0.0429481 0.0435083 0.042331 0.0397299 0.036162 0.0321101 0.0279835 0.0240619 0.0204886 0.0173007 0.0144747 0.0119677
pSPR Fmed_Fpbrs
0.577571   0.255389 0.255389
Fs Fmed_Fpbrs
0.303783   1.005 1.005
SSBpbr Bo_Bmed_Bpbrs
950773  501600  195279 195279
Ro
41210.7
SPR SPRFo_SPRFmed_SPRFpbrs
847853 489695 216532
log_Ro
10.4465
likeval ReclasPelacesDesembMPH_pf_preclas_ppelaces_ptallas_desvR_qrecl_qpela
 107.543 80.3917 0.00422574 0.000705858 311.501 196.238 73.6725 0 13.8308 0 0 0 0 0 0
q_reclas_q_pelaces
1 1
M
0.7
N
 42087.4 19202.8 7213.62 858.3 0.27073
 44295.6 17980.5 7057.82 2651.3 315.56
 22987.4 18735.1 6477.41 2542.55 1068.8
 26384.8 8082.72 4664.44 1612.67 899.109
 53079.3 12024.5 3380.57 1950.89 1050.54
 39942.7 25903.3 5766.8 1621.28 1439.45
 80266.1 16023.1 8394.27 1868.8 991.863
 86172.4 35342.4 6255.8 3277.31 1116.87
 129379 34859.9 11647.1 2061.6 1448.1
 140274 53050.6 11802.8 3943.47 1188.31
 72336.2 61077.3 20253.5 4506.04 1959.19
 40445.9 27545.7 17835.3 5914.27 1887.93
 46452.7 15632.4 8286.31 5365.24 2347.07
 28558.9 15862.1 3670.57 1945.67 1810.89
 20039.4 7344.31 2112.45 488.83 500.281
 17007.2 5719.22 1204.65 346.495 162.239
 14327.4 6662.68 1767.56 372.306 157.228
 15553.1 5929.07 2297.7 609.564 182.616
 16356.5 6789.64 2275.36 881.773 304.009
 31138.5 7230.81 2672.05 895.461 466.661
 44674.9 13855 2882.79 1065.29 543.053
 49711 21104.4 6226.35 1295.5 722.78
 75204.1 23145.8 9213.38 2718.19 881.106
 76304.9 34476.1 9795.62 3899.23 1523.27
pred_Ctot
 4264.89 3651.3 1371.63 163.201 0.0514779
 4767.15 3616.32 1419.5 533.241 63.4667
 4922.74 6986.94 2415.64 948.199 398.59
 1568.66 926.124 534.455 184.78 103.021
 659.657 296.594 83.3845 48.1202 25.9124
 5588.62 6632.17 1476.5 415.104 368.549
 6586.47 2497.85 1308.59 291.327 154.622
 11623.8 8752.67 1549.27 811.637 276.595
 16395.8 8154.05 2724.37 482.228 338.725
 12521.6 8955.07 1992.34 665.667 200.59
 12316.1 18651.9 6185.04 1376.06 598.302
 6541.79 8036.31 5203.37 1725.46 550.794
 10661.9 6183.18 3277.53 2122.15 928.348
 10279.6 8975.69 2077.01 1100.97 1024.7
 6325.61 3762.23 1082.13 250.41 256.276
 2617.44 1595.93 336.155 96.6886 45.2725
 1735.31 1494.94 396.597 83.5361 35.2779
 1362.47 983.227 381.032 101.085 30.2835
 1299.94 1026.82 344.11 133.353 45.9763
 2343.38 1038.28 383.682 128.58 67.0084
 1569.27 952.392 198.162 73.2282 37.3294
 2238.49 1848.23 545.277 113.455 63.298
 4174.37 2482.21 988.065 291.505 94.4919
 4390.69 3827.88 1087.61 432.931 169.129
F
 0.15046 0.30092 0.30092 0.30092 0.30092
 0.160484 0.320969 0.320969 0.320969 0.320969
 0.345216 0.690432 0.690432 0.690432 0.690432
 0.0858424 0.171685 0.171685 0.171685 0.171685
 0.0174142 0.0348284 0.0348284 0.0348284 0.0348284
 0.213412 0.426823 0.426823 0.426823 0.426823
 0.120263 0.240525 0.240525 0.240525 0.240525
 0.205013 0.410025 0.410025 0.410025 0.410025
 0.191499 0.382999 0.382999 0.382999 0.382999
 0.13146 0.26292 0.26292 0.26292 0.26292
 0.265479 0.530959 0.530959 0.530959 0.530959
 0.25062 0.501239 0.501239 0.501239 0.501239
 0.3745 0.749001 0.749001 0.749001 0.749001
 0.658043 1.31609 1.31609 1.31609 1.31609
 0.553868 1.10774 1.10774 1.10774 1.10774
 0.237115 0.47423 0.47423 0.47423 0.47423
 0.182307 0.364614 0.364614 0.364614 0.364614
 0.128864 0.257729 0.257729 0.257729 0.257729
 0.116277 0.232554 0.232554 0.232554 0.232554
 0.109797 0.219593 0.219593 0.219593 0.219593
 0.0499286 0.0998572 0.0998572 0.0998572 0.0998572
 0.0644125 0.128825 0.128825 0.128825 0.128825
 0.0799389 0.159878 0.159878 0.159878 0.159878
 0.0829783 0.165957 0.165957 0.165957 0.165957
YTP_r0W_actual
 35125.5 72729.8 29909.2 15585.5 7441.66
YTP_p0W_proyectada
 84743.6 370039 221025 82473.7 53831.6
CTP_r0_actual
 4390.69 3827.88 1087.61 432.931 169.129
CTP_p0_proyectada
 10334.6 16820 6994.46 1987.32 1123.83
Wmedp
 8.2 22 31.6 41.5 47.9
nmprior
 10 11 7 0
nm_flota  nm_reclas  nm_pelaces    nm_pelaL
inf 14.4305 13.036 21.7858
cv_recla  cv_pelaces  cv_mph
0.960104 1.05504 0.861979
 ------------------------------------------------
Talla a la edad & desviaci?n 
 7.2 14.2025 17.0495 18.207 18.6776
 1.08 2.13037 2.55742 2.73105 2.80164
