years
 1997 1998 1999 2000 2001 2002 2003 2004 2005 2006 2007 2008 2009 2010 2011 2012 2013 2014 2015 2016 2017 2018 2019 2020
reclasobs
 0 0 0 370054 412103 1.49427e+06 250295 1.28982e+06 931140 785840 897777 1.04006e+06 184774 17550 25797 100020 73551 82996 120727 218422 84188 347160 605670 569463
reclaspred
 379402 104398 323597 241266 359559 427852 943292 630159 704233 641238 505147 338750 207369 96834.7 69013.3 71323.6 89868.2 122332 127833 187264 275096 253759 438417 502800
pelacesobs
 0 0 0 0 0 0 0 0 0 2.06254e+06 1.5e+06 0 1.87456e+06 323000 250000 174000 83755 137374 0 501740 490994 745055 786931 1.00524e+06
pelacespred
 1.08677e+06 265847 509565 574043 731306 731439 1.82878e+06 1.52489e+06 1.50594e+06 1.38546e+06 984765 681280 415547 162359 113745 125598 165111 227149 245234 348281 566928 510768 697936 948943
mphobs
 0 0 0 0 0 112323 0 153150 637223 0 255016 313432 73983 77613 109348 50772 0 0 0 0 0 0 0 0
mphpred
 140145 85642.7 105722 131880 142005 224269 337725 398157 341850 346381 325756 229751 141443 74568.9 36422.4 31825.6 39015.1 54077.8 66655.3 76024.1 116685 139534 176661 245365
desembarqueobs
 350755 77701 442110 56441 14545 235359 269955 359681 431902 328805 639364 411747 362871 311530 167758 66681 60226 58785 57116 71774 51957 67425 138520 160799
desembarquepred
 350761 77700.9 442105 56442 14545.1 235392 269980 359681 431929 328824 639569 411988 363199 311968 167799 66692 60243.9 58786.2 57112.5 71772.7 51957.2 67419.5 138517 160798
Reclutas
 51657.2 66555.4 40527.6 66942.5 114756 81089.6 130971 123209 149425 148266 68319.4 39923.4 42587.1 23685.6 18522 23066.8 18969.7 21002 23510.5 44714.5 56245.8 72802.6 113260 106087
log_desv_Rt
 -0.0729983 0.180406 -0.315643 0.186207 0.725181 0.377928 0.857345 0.796253 0.989165 0.981381 0.206565 -0.330665 -0.266076 -0.852761 -1.09867 -0.879235 -1.07478 -0.973011 -0.860182 -0.21733 0.0121042 0.270124 0.71206 0.646635
SSB
 696330 425528 525296 655264 705572 1.11431e+06 1.67804e+06 1.9783e+06 1.69853e+06 1.72105e+06 1.61857e+06 1.14155e+06 702778 370507 180970 158130 193852 268694 331187 377737 579769 693295 877767 1.21913e+06
BT
 2.2334e+06 607573 1.15543e+06 1.08769e+06 1.32056e+06 1.49518e+06 3.45868e+06 3.13902e+06 3.09219e+06 2.79857e+06 2.34326e+06 1.60038e+06 1.1022e+06 592039 346874 280110 345086 453775 488450 682267 1.05742e+06 977742 1.34483e+06 1.83215e+06
Ftot
 0.429674 0.358857 0.525388 0.0999993 0.0192036 0.187423 0.117704 0.230916 0.257897 0.204968 0.42112 0.390364 0.619934 1.08968 1.01242 0.398919 0.284533 0.193233 0.165787 0.169544 0.0794766 0.101065 0.119538 0.120533
BD_Bspro_t
 0.947247 0.754417 0.714819 0.594144 0.725668 0.845401 0.81617 0.822965 0.774972 0.742131 0.709254 0.561669 0.447888 0.335618 0.218427 0.233942 0.348841 0.512575 0.619227 0.699203 0.796227 0.858335 0.864449 0.864741
BD_Bspro
 0.609076 0.372207 0.459473 0.573155 0.61716 0.974682 1.46777 1.73041 1.48569 1.50539 1.41575 0.998508 0.614716 0.32408 0.158293 0.138315 0.169561 0.235025 0.289687 0.330405 0.50712 0.606421 0.767777 1.06637
BD_Bo
 0.543647 0.332223 0.410115 0.511585 0.550863 0.869978 1.3101 1.54452 1.3261 1.34367 1.26366 0.891245 0.548681 0.289266 0.141289 0.123457 0.151347 0.209778 0.258568 0.294911 0.452644 0.541277 0.6853 0.951815
BD_Brms
 1.9015 1.16201 1.43445 1.78936 1.92674 3.0429 4.58229 5.40224 4.63826 4.69974 4.41989 3.11729 1.91911 1.01176 0.494183 0.431813 0.529361 0.733734 0.904386 1.0315 1.5832 1.89321 2.39696 3.32914
S_f
 0.191446 1 1 1 1
 0.191446 1 1 1 1
 0.191446 1 1 1 1
 0.191446 1 1 1 1
 0.191446 1 1 1 1
 0.191446 1 1 1 1
 0.191446 1 1 1 1
 0.191446 1 1 1 1
 0.191446 1 1 1 1
 0.191446 1 1 1 1
 0.191446 1 1 1 1
 0.191446 1 1 1 1
 0.191446 1 1 1 1
 0.191446 1 1 1 1
 0.191446 1 1 1 1
 0.191446 1 1 1 1
 0.191446 1 1 1 1
 0.191446 1 1 1 1
 0.191446 1 1 1 1
 0.191446 1 1 1 1
 0.191446 1 1 1 1
 0.191446 1 1 1 1
 0.191446 1 1 1 1
 0.191446 1 1 1 1
Scru_reclas
 1 1 1 1 1
 1 1 1 1 1
 1 1 1 1 1
 1 1 1 1 1
 1 1 1 1 1
 1 1 1 1 1
 1 1 1 1 1
 1 1 1 1 1
 1 1 1 1 1
 1 1 1 1 1
 1 1 1 1 1
 1 1 1 1 1
 1 1 1 1 1
 1 1 1 1 1
 1 1 1 1 1
 1 1 1 1 1
 1 1 1 1 1
 1 1 1 1 1
 1 1 1 1 1
 1 1 1 1 1
 1 1 1 1 1
 1 1 1 1 1
 1 1 1 1 1
 1 1 1 1 1
Scru_pelaces
 1 1 1 1 1
 1 1 1 1 1
 1 1 1 1 1
 1 1 1 1 1
 1 1 1 1 1
 1 1 1 1 1
 1 1 1 1 1
 1 1 1 1 1
 1 1 1 1 1
 1 1 1 1 1
 1 1 1 1 1
 1 1 1 1 1
 1 1 1 1 1
 1 1 1 1 1
 1 1 1 1 1
 1 1 1 1 1
 1 1 1 1 1
 1 1 1 1 1
 1 1 1 1 1
 1 1 1 1 1
 1 1 1 1 1
 1 1 1 1 1
 1 1 1 1 1
 1 1 1 1 1
pf_obs 
 0.256992 0.487395 0.22802 0.0275931 0
 0.321318 0.546541 0.124235 0.00734118 0.000564706
 0.182869 0.594174 0.210203 0.0122559 0.00049798
 0.330522 0.361315 0.267642 0.0388342 0.00168674
 0.649043 0.306663 0.0425973 0.00169635 0
 0.582887 0.30429 0.105238 0.00758474 0
 0.465427 0.430635 0.0974691 0.00646863 0
 0.296916 0.608066 0.0921331 0.00288517 0
 0.311714 0.524322 0.152257 0.0117073 0
 0.15457 0.633149 0.183074 0.0267441 0.00246327
 0.131901 0.49318 0.331252 0.0422183 0.00144891
 0.196976 0.569456 0.194076 0.0375587 0.00193317
 0.518974 0.381816 0.0799577 0.0180837 0.00116848
 0.0928022 0.601141 0.25162 0.0475244 0.00691264
 0.122501 0.610282 0.24278 0.0234846 0.000952079
 0.383417 0.481906 0.127806 0.00687128 0
 0.0376549 0.599619 0.316969 0.0457579 0
 0.0361596 0.667082 0.258105 0.0386534 0
 0.158088 0.579412 0.248529 0.0139706 0
 0.0477256 0.309471 0.559284 0.082774 0.000745712
 0.0406174 0.521527 0.379366 0.0568643 0.0016247
 0.151134 0.462217 0.34131 0.0453401 0
 0.294876 0.26143 0.354403 0.0886775 0.000613685
 0.281977 0.475581 0.204845 0.0348837 0.00271318
pf_pred 
 0.340973 0.463854 0.174421 0.0207405 1.08692e-05
 0.31895 0.522815 0.111373 0.0418791 0.00498249
 0.182359 0.607475 0.161336 0.0343688 0.0144611
 0.304018 0.416733 0.207471 0.0551011 0.0166769
 0.323447 0.476856 0.119573 0.0595294 0.0205952
 0.172871 0.59208 0.16567 0.0415421 0.0278369
 0.267685 0.397869 0.239405 0.0669879 0.0280532
 0.211769 0.526753 0.142062 0.0854813 0.033935
 0.245717 0.459714 0.196852 0.0530898 0.044627
 0.221006 0.511892 0.162791 0.0697083 0.0346029
 0.116717 0.547193 0.22085 0.0702347 0.045004
 0.113046 0.405009 0.298565 0.120502 0.0628776
 0.194837 0.357509 0.204412 0.150688 0.0925537
 0.176556 0.518092 0.135583 0.0775217 0.0922478
 0.252079 0.491345 0.161431 0.0422459 0.0528981
 0.331673 0.496507 0.112876 0.0370855 0.0218573
 0.222426 0.588956 0.140126 0.0318564 0.0166351
 0.233079 0.48331 0.214815 0.0511094 0.0176867
 0.231414 0.487523 0.177124 0.0787257 0.0252126
 0.335721 0.417944 0.156253 0.0567691 0.0333126
 0.276161 0.535968 0.118202 0.0441913 0.0254768
 0.261357 0.497736 0.17838 0.0393399 0.0231868
 0.296034 0.46413 0.161614 0.0579197 0.0203023
 0.212215 0.550468 0.156465 0.0544825 0.0263698
pobs_RECLAS
 0 0 0 0 0
 0 0 0 0 0
 0 0 0 0 0
 0 0 0 0 0
 0.835266 0.146461 0.0176864 0.000547809 3.91292e-05
 0.385257 0.428462 0.181853 0.0044286 0
 0.867414 0.0963971 0.0333333 0.00285562 0
 0.441836 0.489002 0.0689373 0.000224442 0
 0.779404 0.147425 0.0564933 0.0165055 0.000172143
 0.814271 0.122319 0.05973 0.00367925 0
 0.40263 0.566651 0.0304383 0.000280538 0
 0.475488 0.404961 0.113038 0.00651328 0
 0.955842 0.0263864 0.0167828 0.000988607 0
 0.975058 0.0227948 0.00214734 0 0
 0.738997 0.206755 0.0527124 0.00153531 0
 0.850938 0.134255 0.0134407 0.00136685 0
 0.542534 0.407297 0.0501686 0 0
 0.764087 0.199537 0.0359546 0.000420521 0
 0.470689 0.182191 0.310203 0.0369168 0
 0.84361 0.089868 0.0606195 0.00523954 0.000663233
 0.607945 0.314616 0.071237 0.00620181 0
 0.523733 0.453247 0.0230204 0 0
 0.530135 0.295979 0.169645 0.0042399 0
 0.562478 0.366248 0.0663022 0.0049721 0
ppred_RECLAS
 0.735253 0.186341 0.0700691 0.00833197 4.36644e-06
 0.714295 0.219325 0.0467219 0.0175686 0.00209019
 0.546847 0.336674 0.0894157 0.0190479 0.00801462
 0.696351 0.181816 0.090517 0.02404 0.00727592
 0.714244 0.20141 0.0505041 0.0251434 0.00869881
 0.524449 0.340411 0.0952504 0.0238843 0.0160046
 0.65764 0.186005 0.111923 0.0313171 0.0131149
 0.587039 0.275971 0.0744275 0.0447844 0.0177789
 0.633258 0.223519 0.0957122 0.025813 0.0216982
 0.599783 0.26299 0.0836358 0.0358134 0.0177776
 0.414797 0.362533 0.14632 0.0465327 0.0298166
 0.405482 0.271475 0.200126 0.0807719 0.0421464
 0.569071 0.191341 0.109403 0.0806495 0.0495354
 0.552108 0.281804 0.0737468 0.042166 0.0501759
 0.657429 0.225052 0.0739407 0.01935 0.024229
 0.726583 0.203125 0.0461785 0.0151719 0.00894199
 0.603011 0.300691 0.0715414 0.0162643 0.00849302
 0.616009 0.24199 0.107556 0.0255901 0.00885559
 0.613401 0.245224 0.0890936 0.039599 0.0126819
 0.727064 0.171723 0.0642005 0.023325 0.0136873
 0.666752 0.246755 0.0544192 0.0203452 0.0117293
 0.65007 0.235801 0.0845069 0.0186371 0.0109847
 0.688485 0.205384 0.0715166 0.0256303 0.00898408
 0.586068 0.289237 0.0822126 0.0286272 0.0138557
pobs_PELACES
 0 0 0 0 0
 0 0 0 0 0
 0 0 0 0 0
 0 0 0 0 0
 0 0 0 0 0
 0 0 0 0 0
 0 0 0 0 0
 0 0 0 0 0
 0 0 0 0 0
 0 0 0 0 0
 0.450072 0.473896 0.0757376 0.000293798 0
 0 0 0 0 0
 0.463077 0.371075 0.160297 0.00555027 0
 0.529543 0.364841 0.0842815 0.0213345 0
 0.631943 0.363953 0.00410389 0 0
 0.735681 0.248677 0.0153453 0.000297389 0
 0.695825 0.281241 0.0229344 0 0
 0.275771 0.60734 0.115278 0.00161068 0
 0 0 0 0 0
 0.896147 0.0623911 0.0374545 0.00400742 0
 0.803859 0.145111 0.0509908 3.86294e-05 0
 0.739449 0.233085 0.0266225 0.000797448 4.60066e-05
 0.878498 0.100942 0.0204185 0.000141795 0
 0.694673 0.275183 0.0284847 0.00165964 0
ppred_PELACES
 0.756961 0.171063 0.0643239 0.00764881 4.00842e-06
 0.733428 0.204637 0.0435929 0.016392 0.00195021
 0.581304 0.311075 0.0826169 0.0175995 0.00740522
 0.701964 0.178455 0.088844 0.0235957 0.00714144
 0.715289 0.200674 0.0503194 0.0250515 0.00866701
 0.536904 0.331496 0.0927558 0.0232588 0.0155855
 0.664676 0.182183 0.109623 0.0306735 0.0128454
 0.601891 0.266045 0.0717507 0.0431737 0.0171395
 0.649088 0.213871 0.0915809 0.0246988 0.0207617
 0.612837 0.254412 0.0809079 0.0346453 0.0171978
 0.442307 0.345491 0.139442 0.0443453 0.0284149
 0.430817 0.259906 0.191597 0.0773298 0.0403503
 0.609087 0.173573 0.0992437 0.0731605 0.0449356
 0.622446 0.237548 0.0621654 0.0355442 0.0422961
 0.715448 0.186936 0.0614177 0.0160727 0.0201255
 0.747212 0.187799 0.0426944 0.0140272 0.00826734
 0.621035 0.287038 0.0682931 0.0155258 0.00810741
 0.628129 0.234351 0.104161 0.0247824 0.00857607
 0.623837 0.238604 0.0866885 0.0385301 0.0123396
 0.735949 0.166133 0.0621107 0.0225657 0.0132418
 0.671447 0.243278 0.0536525 0.0200586 0.011564
 0.65618 0.231684 0.0830315 0.0183118 0.0107929
 0.695284 0.200901 0.0699557 0.0250709 0.00878799
 0.593847 0.283801 0.0806674 0.0280891 0.0135953
pobs_pel_tallas
 0 0 0 0 0 0 0 0 0 0 0 0 0 0 0 0 0 0 0 0 0 0 0 0 0 0 0 0 0 0 0 0 0 0 0 0
 0 0 0 0 0 0 0 0 0 0 0 0 0 0 0 0 0 0 0 0 0 0 0 0 0 0 0 0 0 0 0 0 0 0 0 0
 0 0 0 0 0 0 0 0 0 0 0 0 0 0 0 0 0 0 0 0 0 0 0 0 0 0 0 0 0 0 0 0 0 0 0 0
 0 0 0 0 0 0 0 0 0 0 0 0 0 0 0 0 0 0 0 0 0 0 0 0 0 0 0 0 0 0 0 0 0 0 0 0
 0 0 0 0 0 0 0 0 0 0 0 0 0 0 0 0 0 0 0 0 0 0 0 0 0 0 0 0 0 0 0 0 0 0 0 0
 0 0 0 0 0 0 0 0 0 0 0 0 0 0 0 0 0 0 0 0 0 0 0 0 0 0 0 0 0 0 0 0 0 0 0 0
 0 0 0 0 0 0 0 0 0 0 0 0 0 0 0 0 0 0 0 0 0 0 0 0 0 0 0 0 0 0 0 0 0 0 0 0
 0 0 0 0 0 0 0 0 0 0 0 0 0 0 0 0 0 0 0 0 0 0 0 0 0 0 0 0 0 0 0 0 0 0 0 0
 0 0 0 0 0 0 0 0 0 0 0 0 0 0 0 0 0 0 0 0 0 0 0 0 0 0 0 0 0 0 0 0 0 0 0 0
 0 0 0 0 0 0 0 0 0 0 0 0 0 0 0 0 0 0 0 0 0 0 0 0 0 0 0 0 0 0 0 0 0 0 0 0
 0 0 0 0 0 0 0 0 1.78061e-05 0.00172719 0.00360574 0.0105946 0.0120993 0.0124554 0.0147524 0.0171206 0.0266825 0.0428682 0.0675386 0.121331 0.153587 0.119568 0.100827 0.0573624 0.0630603 0.0341343 0.0324427 0.0444173 0.0211091 0.0280891 0.0125444 0.00206551 0 0 0 0
 0 0 0 0 0 0 0 0 0 0 0 0 0 0 0 0 0 0 0 0 0 0 0 0 0 0 0 0 0 0 0 0 0 0 0 0
 0 0 0 0 0 0 0.0133647 0.0140871 0.0187388 0.0205184 0.03894 0.0496705 0.03968 0.0493445 0.0407372 0.0367815 0.0215668 0.0243155 0.0234873 0.0199281 0.019796 0.0243948 0.0301388 0.0376714 0.0412746 0.0863199 0.0771752 0.113111 0.0741005 0.0525337 0.0229764 0.00759418 0.00175318 0 0 0
 0 0 0 0 0 0 0 0 0 0 0.00219441 0.00772107 0.0458388 0.0604681 0.0671733 0.0775358 0.0609151 0.0617685 0.073594 0.0568108 0.0755445 0.0548602 0.0670107 0.0636378 0.0643287 0.046367 0.0373049 0.0286899 0.0247887 0.0153202 0.00654259 0.00121912 0.000365735 0 0 0
 0 0 0 0 0 0 0 0 0 0 0 0 0.000112435 0.00938835 0.0111873 0.0202946 0.0414886 0.0713402 0.111592 0.104902 0.108894 0.110636 0.117776 0.105296 0.107544 0.0401394 0.0192827 0.0124803 0.00416011 0.0028671 0.000618394 0 0 0 0 0
 0 0 0 0 0 0 0 0 0 0 0.00291406 0.0102884 0.027416 0.0768956 0.0749926 0.110853 0.0956884 0.0897413 0.0766577 0.0534642 0.0500743 0.0551293 0.0594112 0.0620874 0.0668451 0.0424026 0.0208742 0.0120726 0.0048766 0.00582813 0.00118941 0.000297354 0 0 0 0
 0 0.00264628 0.0354308 0.0461629 0.0458689 0.0383711 0.0214643 0.0164657 0.0346957 0.0420465 0.0363128 0.0245516 0.0311673 0.0291091 0.0169068 0.0133784 0.00837989 0.0085269 0.0148486 0.0160247 0.0276389 0.0546898 0.0760071 0.122758 0.109233 0.0665981 0.0333725 0.0166128 0.00676272 0.00308733 0.000882094 0 0 0 0 0
 0 0 0 0 0 0 0 0.000805153 0.000690131 0.00759144 0.0133425 0.0154129 0.00931677 0.000345066 0.00356568 0.00563607 0.00851162 0.0253048 0.0502646 0.0516448 0.0657925 0.0565908 0.0611916 0.0827007 0.0866115 0.110766 0.145733 0.0935128 0.0569358 0.0249597 0.0138026 0.00621118 0.00161031 0.00115022 0 0
 0 0 0 0 0 0 0 0 0 0 0 0 0 0 0 0 0 0 0 0 0 0 0 0 0 0 0 0 0 0 0 0 0 0 0 0
 0.00147267 0.00158595 0.00478618 0.00569244 0.00954404 0.0108468 0.00647125 0.017049 0.0510054 0.094081 0.124002 0.0959785 0.0687766 0.0820023 0.061753 0.0591476 0.0492212 0.0479892 0.0443925 0.0268479 0.0217502 0.0140895 0.0121071 0.0120363 0.00920419 0.00665534 0.0049561 0.00860946 0.00930331 0.0156896 0.0114698 0.00855282 0.00243557 0.00046729 0 2.83206e-05
 0 0 0 0 0.000772559 0.00158375 0.000888443 0.00281984 0.00712685 0.0440552 0.0773331 0.111326 0.0921469 0.0852325 0.0710754 0.0886704 0.0786465 0.0553345 0.0373146 0.0185414 0.00753245 0.00457741 0.012979 0.0271748 0.0457355 0.0583668 0.034881 0.0177882 0.00938659 0.00492506 0.0015258 0.00185414 0.000309023 5.79419e-05 3.86279e-05 0
 0 0.00173294 0.00326652 0 0.00397197 0.00683976 0.00946217 0.0152591 0.00757587 0.0136028 0.0228656 0.0392903 0.0559909 0.0764795 0.0681675 0.0726916 0.0566044 0.0477403 0.0527397 0.0444891 0.0609904 0.0582453 0.0661739 0.0445044 0.0529084 0.0360697 0.0280645 0.0235558 0.0158879 0.00826598 0.00280645 0.00217768 0.000904811 0.00058276 9.20147e-05 0
 0 0 0 0 0 0 0 0 0 0 0 0 0 0 0 0 0 0 0 0 0 0 0 0 0 0 0 0 0 0 0 0 0 0 0 0
 0 0 0 0 0 0 0 0 0 0 0 0 0 0 0 0 0 0 0 0 0 0 0 0 0 0 0 0 0 0 0 0 0 0 0 0
ppred_pel_tallas
 1.01232e-16 3.30267e-05 0.000193841 0.000921436 0.00354758 0.0110628 0.0279438 0.0571766 0.0947766 0.127282 0.138508 0.122172 0.0874523 0.0510322 0.0247568 0.0108892 0.00582512 0.00532042 0.00677223 0.0090314 0.0116161 0.0142221 0.0165632 0.0183704 0.0194397 0.0196743 0.019102 0.0178598 0.0161523 0.0142007 0.012198 0.0102827 0.0085343 0.00698407 0.00563322 0.0044696
 1.0134e-16 3.20019e-05 0.000187822 0.000892811 0.00343736 0.0107191 0.0270756 0.0554005 0.0918335 0.123333 0.134219 0.118411 0.0848052 0.0495794 0.0242233 0.0109451 0.00626704 0.0060855 0.00787536 0.0105032 0.0134635 0.016407 0.0189952 0.0209135 0.0219303 0.0219486 0.0210253 0.0193488 0.0171862 0.0148179 0.0124808 0.0103355 0.00846184 0.00687398 0.00554664 0.00443922
 1.02225e-16 2.5373e-05 0.000148894 0.000707723 0.00272468 0.00849659 0.0214619 0.0439154 0.0728 0.0977849 0.106453 0.094002 0.0675147 0.0398561 0.0201921 0.010343 0.00762223 0.00882895 0.0119718 0.0160992 0.0206822 0.0252477 0.0292917 0.0323345 0.0340186 0.0341878 0.0329172 0.0304808 0.0272735 0.0237128 0.0201543 0.0168433 0.0139066 0.0113757 0.00922375 0.00740122
 1.02464e-16 3.06289e-05 0.000179763 0.000854506 0.00328988 0.0102592 0.0259139 0.0530234 0.0878929 0.11804 0.128456 0.11332 0.0811465 0.0474149 0.0231196 0.0103723 0.00584506 0.00561574 0.00728044 0.00977607 0.0126486 0.0155983 0.0183331 0.0205725 0.0220954 0.0227845 0.0226441 0.0217856 0.0203885 0.0186505 0.0167462 0.0148036 0.0129015 0.0110817 0.0093657 0.00776912
 1.02046e-16 3.12108e-05 0.000183177 0.000870733 0.00335235 0.010454 0.026406 0.0540304 0.0895626 0.120283 0.130901 0.115485 0.0827136 0.0483644 0.0236446 0.01071 0.00617171 0.00603117 0.00782978 0.0104665 0.0134522 0.0164496 0.0191301 0.021186 0.0223878 0.0226337 0.0219686 0.0205624 0.0186602 0.0165195 0.0143568 0.0123186 0.0104774 0.00884796 0.0074129 0.00614477
 1.02953e-16 2.34378e-05 0.000137531 0.000653696 0.00251666 0.00784788 0.0198234 0.0405629 0.0672439 0.0903262 0.098344 0.0868682 0.0624488 0.036982 0.0189516 0.0100606 0.00784971 0.00937964 0.0128164 0.0172682 0.0222114 0.0271541 0.0315631 0.0349287 0.0368686 0.0372122 0.0360323 0.0336109 0.030357 0.0267028 0.0230158 0.0195482 0.01643 0.013694 0.0113158 0.0092502
 1.0327e-16 2.90032e-05 0.000170218 0.000809127 0.00311516 0.00971432 0.0245376 0.0502075 0.0832257 0.111773 0.121641 0.107318 0.0768695 0.0449589 0.0220036 0.010012 0.00584344 0.00579411 0.00759549 0.0102439 0.0133056 0.0164857 0.0194901 0.0220311 0.0238764 0.0248929 0.0250663 0.0244875 0.0233152 0.021729 0.0198897 0.0179188 0.0158968 0.0138752 0.0118925 0.00998576
 1.0339e-16 2.62688e-05 0.000154157 0.000732755 0.00282108 0.00879722 0.0222212 0.0454686 0.0753733 0.101236 0.110197 0.097277 0.0697988 0.0410677 0.0205536 0.0101176 0.0069553 0.00773832 0.0104078 0.0140065 0.0180443 0.0221142 0.0257906 0.0286677 0.0304398 0.0309667 0.0302987 0.0286488 0.0263268 0.0236584 0.0209165 0.0182839 0.0158506 0.0136361 0.0116225 0.00978395
 1.03189e-16 2.83247e-05 0.000166232 0.000790171 0.00304216 0.00948667 0.0239626 0.0490313 0.081277 0.109159 0.118804 0.104834 0.0751323 0.044027 0.0217036 0.0101379 0.00627538 0.00650664 0.00861253 0.0115934 0.0149886 0.0184586 0.0216586 0.0242566 0.0259947 0.026741 0.0265111 0.0254488 0.0237771 0.0217373 0.0195376 0.017325 0.0151828 0.0131471 0.0112292 0.00943536
 1.03226e-16 2.67456e-05 0.000156958 0.000746072 0.00287236 0.00895712 0.0226251 0.0462949 0.0767425 0.103074 0.112193 0.0990303 0.0710371 0.0417566 0.020825 0.0101302 0.00681054 0.00747261 0.0100207 0.0134877 0.0173898 0.0213347 0.0249139 0.0277367 0.0295063 0.0300823 0.0295054 0.0279716 0.0257712 0.0232117 0.0205538 0.0179757 0.0155697 0.0133631 0.0113477 0.00950663
 1.04944e-16 1.93135e-05 0.000113316 0.000538575 0.00207341 0.00646562 0.0163319 0.0334193 0.0554039 0.0744293 0.0810556 0.0716437 0.0516055 0.0307654 0.0161449 0.00918725 0.00790907 0.0099255 0.0137449 0.0186226 0.0240818 0.0296355 0.0347381 0.0388561 0.0415755 0.0426881 0.0422253 0.0404267 0.0376597 0.0343201 0.0307481 0.0271825 0.0237567 0.0205246 0.017499 0.0146832
 1.07347e-16 1.88091e-05 0.000110363 0.000524551 0.00201944 0.00629733 0.0159067 0.0325487 0.0539587 0.0724818 0.0789189 0.0697176 0.0501369 0.0297277 0.0153065 0.00825405 0.00661854 0.00807158 0.0111811 0.0152786 0.0199945 0.02498 0.0298372 0.034159 0.037602 0.0399474 0.0411293 0.0412176 0.040371 0.0387778 0.0366097 0.0339992 0.0310447 0.027829 0.0244403 0.0209836
 1.06079e-16 2.65788e-05 0.000155986 0.000741468 0.00285466 0.00890195 0.0224857 0.046009 0.0762664 0.102428 0.111473 0.0983534 0.0704624 0.0412399 0.0202374 0.00930237 0.0055656 0.00564348 0.00746839 0.0101316 0.0132456 0.0165478 0.0197732 0.0226589 0.0249872 0.0266246 0.0275376 0.0277787 0.0274522 0.026673 0.0255359 0.0241025 0.0224084 0.0204804 0.0183555 0.0160917
 1.04158e-16 2.71638e-05 0.000159415 0.000757757 0.00291735 0.00909745 0.0229795 0.04702 0.0779438 0.104685 0.113942 0.100562 0.0721086 0.0423321 0.0210109 0.0100528 0.00654139 0.00702309 0.0093685 0.0126043 0.0162592 0.0199661 0.0233482 0.0260474 0.0277934 0.0284612 0.0280922 0.0268685 0.0250546 0.0229249 0.0207047 0.0185386 0.0164905 0.0145663 0.012745 0.0110055
 1.02426e-16 3.12172e-05 0.000183216 0.000870921 0.00335308 0.0104563 0.0264117 0.0540421 0.0895814 0.120308 0.130924 0.115499 0.0827083 0.0483309 0.0235718 0.0105826 0.00596963 0.00573156 0.00741219 0.00991933 0.0127797 0.0156773 0.0183067 0.0203799 0.0216788 0.0221003 0.0216744 0.0205458 0.0189282 0.0170483 0.0150984 0.0132096 0.0114499 0.00983871 0.00836914 0.00702763
 1.01536e-16 3.26022e-05 0.000191348 0.000909578 0.00350192 0.0109204 0.0275841 0.0564409 0.0935575 0.125646 0.136732 0.120616 0.086359 0.0504366 0.0245465 0.0109297 0.00603422 0.00567364 0.00727574 0.00969528 0.012437 0.0151744 0.0175966 0.0194151 0.020417 0.0205113 0.019747 0.0182925 0.0163875 0.0142834 0.0121923 0.0102571 0.00854823 0.00707812 0.00582484 0.00475436
 1.01976e-16 2.71045e-05 0.000159062 0.000756066 0.00291083 0.00907708 0.0229281 0.0469152 0.0777715 0.104458 0.113706 0.10038 0.0720368 0.0424073 0.0212653 0.010534 0.00732096 0.00818989 0.0110091 0.0147767 0.0189655 0.023129 0.0268002 0.0295379 0.0310152 0.0310927 0.029846 0.0275351 0.0245309 0.0212235 0.0179441 0.0149186 0.0122609 0.00999457 0.008088 0.00648821
 1.02808e-16 2.74117e-05 0.00016087 0.000764674 0.00294399 0.00918051 0.0231893 0.0474492 0.0786553 0.105641 0.114981 0.101477 0.0727618 0.0427091 0.0211867 0.0101193 0.00656433 0.00703814 0.00939497 0.0126571 0.0163542 0.0201198 0.0235746 0.0263518 0.0281664 0.0288726 0.0284889 0.0271765 0.0251867 0.0227936 0.0202369 0.0176899 0.0152551 0.0129804 0.0108827 0.00896805
 1.03209e-16 2.72247e-05 0.000159772 0.000759452 0.00292388 0.0091178 0.0230309 0.0471252 0.0781183 0.10492 0.114198 0.100789 0.072274 0.0424347 0.0210725 0.0101008 0.0065986 0.00710658 0.00949248 0.0127819 0.0165021 0.0202824 0.0237394 0.0265048 0.0282958 0.0289733 0.0285653 0.0272445 0.0252715 0.0229252 0.020444 0.0179937 0.0156642 0.0134887 0.0114701 0.00960437
 1.02331e-16 3.21103e-05 0.000188461 0.000895861 0.00344911 0.0107557 0.0271681 0.0555896 0.0921459 0.123749 0.134664 0.118783 0.0850277 0.0496212 0.0240799 0.0106055 0.00569591 0.00522779 0.0066746 0.00892424 0.0115143 0.0141553 0.0165747 0.0185155 0.0197802 0.0202715 0.0200081 0.019109 0.0177545 0.0161376 0.0144233 0.012726 0.0111081 0.00959225 0.00818079 0.00687138
 1.02071e-16 2.93008e-05 0.00017196 0.000817397 0.00314698 0.00981353 0.0247883 0.0507209 0.0840781 0.112923 0.122904 0.108461 0.0777511 0.0456003 0.0225499 0.0106479 0.006737 0.00707999 0.00936953 0.0125489 0.0161082 0.0196559 0.0227954 0.0251545 0.0264581 0.026589 0.025611 0.0237423 0.0212929 0.0185877 0.0158996 0.0134122 0.0112147 0.00932153 0.00770315 0.00631507
 1.02388e-16 2.86347e-05 0.000168051 0.000798811 0.00307542 0.00959039 0.0242246 0.0495675 0.0821662 0.110355 0.120108 0.105993 0.0759787 0.0445556 0.0220242 0.0103867 0.00655925 0.00689346 0.00914119 0.0122795 0.0158226 0.0194004 0.0226358 0.0251692 0.0267263 0.0271765 0.0265553 0.0250427 0.0229074 0.0204372 0.0178801 0.0154106 0.0131247 0.0110567 0.0092051 0.00755581
 1.02331e-16 3.03385e-05 0.000178057 0.000846387 0.00325862 0.0101617 0.0256676 0.0525197 0.0870586 0.116921 0.127244 0.112264 0.0804169 0.0470429 0.0230391 0.0105058 0.00615444 0.00610397 0.00796936 0.0106831 0.0137691 0.016895 0.0197329 0.0219718 0.0233744 0.023827 0.0233589 0.0221228 0.020347 0.0182759 0.0161183 0.0140199 0.0120598 0.0102655 0.0086357 0.00716055
 1.02839e-16 2.59188e-05 0.000152101 0.000722975 0.00278342 0.00867977 0.0219246 0.0448618 0.0743679 0.0998879 0.108734 0.0959979 0.0689072 0.0405959 0.0204152 0.0102105 0.00722392 0.00817711 0.0110379 0.0148514 0.0191121 0.0233868 0.0272181 0.0301699 0.0319144 0.0323032 0.0313944 0.0294238 0.0267342 0.023688 0.0205926 0.0176585 0.0149935 0.0126254 0.0105359 0.0086913
pSPR Fmed_Fpbrs
0.697752   0.335904 0.335904
Fs Fmed_Fpbrs
0.226603   1.005 1.005
SSBpbr Bo_Bmed_Bpbrs
1.28085e+06  829673  366200 366200
Ro
55569.1
SPR SPRFo_SPRFmed_SPRFpbrs
1.14326e+06 797709 384025
log_Ro
10.7454
likeval ReclasPelacesDesembMPH_pf_preclas_ppelaces_ptallas_desvR_qrecl_qpela
 64.4345 26.8466 0.0172903 0.000189175 287.826 187.984 70.8717 0 15.2347 7.93109e-05 0 0 0 0 0
q_reclas_q_pelaces
0.283096 1
M
0.7
N
 51657.2 15575.6 5856.8 696.437 0.364973
 66555.4 23626.5 5033.06 1892.56 225.164
 40527.6 30856 8194.91 1745.73 734.536
 66942.5 18199.6 9060.68 2406.38 728.314
 114756 32612.3 8177.62 4071.23 1408.51
 81089.6 56777.1 15886.8 3983.65 2669.4
 130971 38848.7 23376 6540.82 2739.16
 123209 63588.9 17149.5 10319.2 4096.6
 149425 58537.8 25066.3 6760.21 5682.59
 148266 70627.5 22460.9 9617.9 4774.29
 68319.4 70793.6 28572.7 9086.67 5822.43
 39923.4 31298.5 23072.7 9312.26 4859.09
 42587.1 18397.8 10519.3 7754.58 4762.91
 23685.6 18781.4 4915.02 2810.25 3344.08
 18522 9547.23 3136.74 820.872 1027.85
 23066.8 7577.12 1722.59 565.956 333.562
 18969.7 10612.4 2524.93 574.02 299.747
 21002 8920.67 3964.93 943.349 326.451
 23510.5 10050.5 3651.5 1622.96 519.767
 44714.5 11310.2 4228.45 1536.26 901.491
 56245.8 21495.4 4740.59 1772.32 1021.76
 72802.6 27509.1 9858.78 2174.25 1281.5
 113260 35459.9 12347.5 4425.12 1551.12
 106087 54970.8 15624.9 5440.73 2633.34
pred_Ctot
 2947.6 4009.86 1507.81 179.295 0.0939609
 3190.58 5229.92 1114.11 418.933 49.8418
 2805.24 9344.81 2481.84 528.697 222.456
 913.91 1252.74 623.678 165.64 50.1323
 302.919 446.592 111.984 55.7513 19.2881
 2059.66 7054.3 1973.86 494.95 331.661
 2101.45 3123.46 1879.45 525.887 220.231
 3841.64 9555.65 2577.1 1550.69 615.605
 5191.66 9713.09 4159.21 1121.71 942.904
 4112.38 9525.06 3029.15 1297.1 643.876
 3823.47 17925.1 7234.69 2300.77 1474.26
 2076.44 7439.25 5484.06 2213.4 1154.94
 3451.09 6332.45 3620.69 2669.1 1639.38
 3246.13 9525.56 2492.8 1425.3 1696.05
 2373.38 4626.11 1519.91 397.753 498.046
 1225.13 1834 416.942 136.986 80.7366
 725.538 1921.13 457.082 103.913 54.2625
 549.714 1139.88 506.638 120.541 41.7138
 529.187 1114.85 405.04 180.027 57.6549
 1028.94 1280.95 478.898 173.991 102.099
 611.345 1186.49 261.668 97.8274 56.3986
 1004.42 1912.84 685.53 151.187 89.1089
 1845.32 2893.14 1007.42 361.041 126.554
 1742.7 4520.41 1284.88 447.407 216.547
F
 0.0822594 0.429674 0.429674 0.429674 0.429674
 0.0687017 0.358857 0.358857 0.358857 0.358857
 0.100583 0.525388 0.525388 0.525388 0.525388
 0.0191445 0.0999993 0.0999993 0.0999993 0.0999993
 0.00367645 0.0192036 0.0192036 0.0192036 0.0192036
 0.0358815 0.187423 0.187423 0.187423 0.187423
 0.0225339 0.117704 0.117704 0.117704 0.117704
 0.044208 0.230916 0.230916 0.230916 0.230916
 0.0493734 0.257897 0.257897 0.257897 0.257897
 0.0392402 0.204968 0.204968 0.204968 0.204968
 0.0806217 0.42112 0.42112 0.42112 0.42112
 0.0747337 0.390364 0.390364 0.390364 0.390364
 0.118684 0.619934 0.619934 0.619934 0.619934
 0.208616 1.08968 1.08968 1.08968 1.08968
 0.193825 1.01242 1.01242 1.01242 1.01242
 0.0763715 0.398919 0.398919 0.398919 0.398919
 0.0544727 0.284533 0.284533 0.284533 0.284533
 0.0369937 0.193233 0.193233 0.193233 0.193233
 0.0317392 0.165787 0.165787 0.165787 0.165787
 0.0324586 0.169544 0.169544 0.169544 0.169544
 0.0152155 0.0794766 0.0794766 0.0794766 0.0794766
 0.0193485 0.101065 0.101065 0.101065 0.101065
 0.022885 0.119538 0.119538 0.119538 0.119538
 0.0230756 0.120533 0.120533 0.120533 0.120533
YTP_r0W_actual
 13941.6 85887.8 35334.2 16106.7 9528.08
YTP_p0W_proyectada
 49513.9 546229 368793 137666 79685.2
CTP_r0_actual
 1742.7 4520.41 1284.88 447.407 216.547
CTP_p0_proyectada
 6038.28 24828.6 11670.7 3317.26 1663.57
Wmedp
 8.2 22 31.6 41.5 47.9
nmprior
 10 11 7 0
nm_flota  nm_reclas  nm_pelaces    nm_pelaL
inf 14.961 18.9858 34.2069
cv_recla  cv_pelaces  cv_mph
0.743166 0.60969 0.446242
 ------------------------------------------------
Talla a la edad & desviaci?n 
 7.2 14.2025 17.0495 18.207 18.6776
 1.08 2.13037 2.55742 2.73105 2.80164
