years
 1997 1998 1999 2000 2001 2002 2003 2004 2005 2006 2007 2008 2009 2010 2011 2012 2013 2014 2015 2016 2017
reclasobs
 0 0 0 370054 412103 1.49427e+06 250295 1.28982e+06 931140 785840 897777 1.04006e+06 184774 17550 25797 100020 73551 82996 120727 218422 84188
reclaspred
 1.13131e+06 232187 587946 312690 401604 515772 1.066e+06 825786 1.07067e+06 1.20371e+06 1.13653e+06 776852 448610 205337 135872 133380 158139 219937 234408 283706 363812
pelacesobs
 0 0 0 0 0 0 0 0 0 2.06254e+06 1.5e+06 0 1.87456e+06 323000 250000 174000 83755 137374 0 501740 490994
pelacespred
 655515 231108 201495 218216 239408 236918 547081 528862 612103 714957 588774 416738 237940 87506.9 57461.1 64425.3 80037.6 112458 126551 147557 205612
mphobs
 0 0 0 0 0 112323 0 153150 637223 0 255016 313432 73983 77613 109348 50772 0 0 0 0 0
mphpred
 799669 428869 372821 338305 298365 460876 639249 856828 843719 1.0398e+06 1.1432e+06 820199 499837 265164 125848 110893 124425 168999 207163 221957 294061
desembarqueobs
 350755 77701 442110 56441 14545 235359 269955 359681 431902 328805 639364 411747 362871 311530 167758 66681 60226 58785 57116 71774 51957
desembarquepred
 350758 77700.4 442115 56442.9 14545.1 235416 269975 359607 431830 328741 639326 411852 362929 311692 167708 66688 60243.6 58784.8 57109.8 71764.7 51957.6
Reclutas
 41436 43843.2 22519.2 25897.5 52629.6 39301.3 79474.6 85667.8 129499 141077 72310.4 40258.2 46496.8 28538.2 20026.2 16986.1 14327.6 15553.1 15522.2 24125.2 23337.2
log_desv_Rt
 0.122957 0.179426 -0.486828 -0.347048 0.362086 0.0700624 0.774244 0.849283 1.26248 1.34811 0.679775 0.0941192 0.23819 -0.249951 -0.604154 -0.768798 -0.939009 -0.856937 -0.858923 -0.417938 -0.451147
SSB
 799669 428869 372821 338305 298365 460876 639249 856828 843719 1.0398e+06 1.1432e+06 820199 499837 265164 125848 110893 124425 168999 207163 221957 294061
BT
 2.06603e+06 573416 753768 521801 578195 654607 1.68114e+06 1.61017e+06 1.96829e+06 1.98392e+06 1.82329e+06 1.23766e+06 886782 485791 286648 201418 236895 303557 311976 392095 502510
Ftot
 0.298336 0.321597 0.698321 0.175108 0.035428 0.434088 0.244878 0.416125 0.386593 0.263668 0.53076 0.501109 0.749236 1.31688 1.10921 0.475141 0.365187 0.257992 0.235363 0.244402 0.138858
BD_Bspro_t
 0.957557 0.755492 0.635887 0.430105 0.529201 0.693046 0.625556 0.661039 0.622725 0.620237 0.613434 0.458583 0.347373 0.2485 0.149927 0.157839 0.228287 0.360521 0.467693 0.546296 0.63864
BD_Bspro
 1.05642 0.566568 0.492524 0.446925 0.394163 0.608851 0.844494 1.13193 1.11462 1.37365 1.51026 1.08354 0.660321 0.350302 0.166254 0.146498 0.164375 0.223261 0.273677 0.293221 0.388476
BD_Bo
 0.827376 0.443729 0.385739 0.350026 0.308703 0.476845 0.661398 0.886516 0.872953 1.07583 1.18281 0.848618 0.517156 0.274352 0.130208 0.114736 0.128736 0.174855 0.214341 0.229647 0.30425
BD_Brms
 3.9606 2.12411 1.84651 1.67556 1.47775 2.28263 3.16607 4.2437 4.17878 5.14994 5.66206 4.06229 2.47559 1.31331 0.623298 0.549233 0.616253 0.837021 1.02604 1.09931 1.45643
S_f
 0.5 1 1 1 1
 0.5 1 1 1 1
 0.5 1 1 1 1
 0.5 1 1 1 1
 0.5 1 1 1 1
 0.5 1 1 1 1
 0.5 1 1 1 1
 0.5 1 1 1 1
 0.5 1 1 1 1
 0.5 1 1 1 1
 0.5 1 1 1 1
 0.5 1 1 1 1
 0.5 1 1 1 1
 0.5 1 1 1 1
 0.5 1 1 1 1
 0.5 1 1 1 1
 0.5 1 1 1 1
 0.5 1 1 1 1
 0.5 1 1 1 1
 0.5 1 1 1 1
 0.5 1 1 1 1
Scru_reclas
 0.5 1 1 1 1
 0.5 1 1 1 1
 0.5 1 1 1 1
 0.5 1 1 1 1
 0.5 1 1 1 1
 0.5 1 1 1 1
 0.5 1 1 1 1
 0.5 1 1 1 1
 0.5 1 1 1 1
 0.5 1 1 1 1
 0.5 1 1 1 1
 0.5 1 1 1 1
 0.5 1 1 1 1
 0.5 1 1 1 1
 0.5 1 1 1 1
 0.5 1 1 1 1
 0.5 1 1 1 1
 0.5 1 1 1 1
 0.5 1 1 1 1
 0.5 1 1 1 1
 0.5 1 1 1 1
Scru_pelaces
 0.5 1 1 1 1
 0.5 1 1 1 1
 0.5 1 1 1 1
 0.5 1 1 1 1
 0.5 1 1 1 1
 0.5 1 1 1 1
 0.5 1 1 1 1
 0.5 1 1 1 1
 0.5 1 1 1 1
 0.5 1 1 1 1
 0.5 1 1 1 1
 0.5 1 1 1 1
 0.5 1 1 1 1
 0.5 1 1 1 1
 0.5 1 1 1 1
 0.5 1 1 1 1
 0.5 1 1 1 1
 0.5 1 1 1 1
 0.5 1 1 1 1
 0.5 1 1 1 1
 0.5 1 1 1 1
pf_obs 
 0.256992 0.487395 0.22802 0.0275931 0
 0.321318 0.546541 0.124235 0.00734118 0.000564706
 0.182869 0.594174 0.210203 0.0122559 0.00049798
 0.330522 0.361315 0.267642 0.0388342 0.00168674
 0.649043 0.306663 0.0425973 0.00169635 0
 0.582887 0.30429 0.105238 0.00758474 0
 0.465427 0.430635 0.0974691 0.00646863 0
 0.296916 0.608066 0.0921331 0.00288517 0
 0.311714 0.524322 0.152257 0.0117073 0
 0.15457 0.633149 0.183074 0.0267441 0.00246327
 0.131901 0.49318 0.331252 0.0422183 0.00144891
 0.196976 0.569456 0.194076 0.0375587 0.00193317
 0.518974 0.381816 0.0799577 0.0180837 0.00116848
 0.0928022 0.601141 0.25162 0.0475244 0.00691264
 0.122501 0.610282 0.24278 0.0234846 0.000952079
 0.383417 0.481906 0.127806 0.00687128 0
 0.0376549 0.599619 0.316969 0.0457579 0
 0.0361596 0.667082 0.258105 0.0386534 0
 0.158088 0.579412 0.248529 0.0139706 0
 0.0477256 0.309471 0.559284 0.082774 0.000745712
 0.0406174 0.521527 0.379366 0.0568643 0.0016247
pf_pred 
 0.443663 0.391236 0.147499 0.0175973 4.8392e-06
 0.456602 0.344934 0.139567 0.0526177 0.00627926
 0.311734 0.446261 0.153618 0.0621568 0.0262301
 0.473554 0.277742 0.161255 0.0555095 0.0319384
 0.595516 0.264567 0.0738178 0.0428581 0.0232417
 0.385318 0.460003 0.101173 0.0282286 0.0252772
 0.610211 0.228928 0.120382 0.0264768 0.0140024
 0.507617 0.37941 0.0663506 0.0348906 0.0117322
 0.587025 0.288875 0.0956268 0.016723 0.0117508
 0.517143 0.367366 0.0807857 0.0267426 0.00796291
 0.31423 0.47861 0.157611 0.0346595 0.0148897
 0.295397 0.36449 0.23737 0.0781683 0.0245743
 0.460766 0.265727 0.141485 0.0921402 0.0398817
 0.438076 0.38306 0.088142 0.0469306 0.0437918
 0.541883 0.322067 0.0927442 0.0213404 0.0219651
 0.558058 0.340152 0.071561 0.0206071 0.00962218
 0.463794 0.398823 0.10574 0.0222456 0.00939714
 0.476975 0.344098 0.133083 0.0352845 0.0105589
 0.443407 0.368806 0.123545 0.0477824 0.0164596
 0.538932 0.290571 0.112974 0.0378448 0.0196788
 0.447768 0.394776 0.099231 0.0385809 0.0196445
pobs_RECLAS
 0 0 0 0 0
 0 0 0 0 0
 0 0 0 0 0
 0 0 0 0 0
 0.835266 0.146461 0.0176864 0.000547809 3.91292e-05
 0.385257 0.428462 0.181853 0.0044286 0
 0.867414 0.0963971 0.0333333 0.00285562 0
 0.441836 0.489002 0.0689373 0.000224442 0
 0.779404 0.147425 0.0564933 0.0165055 0.000172143
 0.814271 0.122319 0.05973 0.00367925 0
 0.40263 0.566651 0.0304383 0.000280538 0
 0.475488 0.404961 0.113038 0.00651328 0
 0.955842 0.0263864 0.0167828 0.000988607 0
 0.975058 0.0227948 0.00214734 0 0
 0.738997 0.206755 0.0527124 0.00153531 0
 0.850938 0.134255 0.0134407 0.00136685 0
 0.542534 0.407297 0.0501686 0 0
 0.764087 0.199537 0.0359546 0.000420521 0
 0.470689 0.182191 0.310203 0.0369168 0
 0.84361 0.089868 0.0606195 0.00523954 0.000663233
 0.607945 0.314616 0.071237 0.00620181 0
ppred_RECLAS
 0.44646 0.389269 0.146757 0.0175088 4.81487e-06
 0.459688 0.342975 0.138774 0.0523189 0.00624361
 0.319234 0.441398 0.151944 0.0614795 0.0259442
 0.47505 0.276954 0.160797 0.0553518 0.0318476
 0.595772 0.264399 0.0737711 0.0428309 0.023227
 0.389645 0.456765 0.100461 0.02803 0.0250993
 0.612326 0.227686 0.119729 0.0263332 0.0139264
 0.511928 0.376088 0.0657696 0.0345851 0.0116294
 0.590823 0.286218 0.0947473 0.0165692 0.0116428
 0.519573 0.365517 0.0803792 0.0266081 0.00792284
 0.319382 0.475014 0.156427 0.0343991 0.0147779
 0.300004 0.362107 0.235818 0.0776572 0.0244136
 0.470312 0.261023 0.13898 0.0905091 0.0391757
 0.45993 0.368162 0.084714 0.0451054 0.0420886
 0.558734 0.31022 0.0893327 0.0205554 0.0211572
 0.563115 0.33626 0.0707422 0.0203713 0.00951208
 0.467423 0.396124 0.105025 0.022095 0.00933353
 0.47934 0.342542 0.132481 0.0351249 0.0105111
 0.445502 0.367417 0.12308 0.0476025 0.0163977
 0.541137 0.289181 0.112433 0.0376638 0.0195847
 0.448906 0.393962 0.0990264 0.0385014 0.019604
pobs_PELACES
 0 0 0 0 0
 0 0 0 0 0
 0 0 0 0 0
 0 0 0 0 0
 0 0 0 0 0
 0 0 0 0 0
 0 0 0 0 0
 0 0 0 0 0
 0 0 0 0 0
 0 0 0 0 0
 0.450072 0.473896 0.0757376 0.000293798 0
 0 0 0 0 0
 0.463077 0.371075 0.160297 0.00555027 0
 0.529543 0.364841 0.0842815 0.0213345 0
 0.631943 0.363953 0.00410389 0 0
 0.735681 0.248677 0.0153453 0.000297389 0
 0.695825 0.281241 0.0229344 0 0
 0.275771 0.60734 0.115278 0.00161068 0
 0 0 0 0 0
 0.896147 0.0623911 0.0374545 0.00400742 0
 0.803859 0.145111 0.0509908 3.86294e-05 0
ppred_PELACES
 0.458655 0.380693 0.143524 0.0171231 4.7088e-06
 0.472893 0.334593 0.135383 0.0510403 0.00609102
 0.344779 0.424835 0.146243 0.0591725 0.0249707
 0.48226 0.27315 0.158589 0.0545916 0.0314102
 0.597179 0.263479 0.0735143 0.0426819 0.0231461
 0.406807 0.443922 0.097636 0.0272418 0.0243935
 0.621873 0.222079 0.116781 0.0256847 0.0135835
 0.529063 0.362884 0.0634606 0.0333709 0.0112212
 0.60615 0.275497 0.0911982 0.0159486 0.0112066
 0.530421 0.357263 0.0785641 0.0260072 0.00774393
 0.338712 0.461523 0.151984 0.0334221 0.0143581
 0.317649 0.352979 0.229874 0.0756996 0.0237982
 0.501183 0.24581 0.13088 0.0852341 0.0368924
 0.514161 0.331193 0.0762074 0.0405761 0.0378623
 0.603255 0.278921 0.0803196 0.0184815 0.0190226
 0.582297 0.321495 0.0676361 0.0194768 0.00909443
 0.482448 0.384948 0.102062 0.0214717 0.00907021
 0.489972 0.335548 0.129776 0.0344077 0.0102965
 0.455115 0.361048 0.120947 0.0467772 0.0161134
 0.551133 0.282882 0.109984 0.0368434 0.0191581
 0.454581 0.389905 0.0980068 0.038105 0.0194022
pobs_pel_tallas
 0 0 0 0 0 0 0 0 0 0 0 0 0 0 0 0 0 0 0 0 0 0 0 0 0 0 0 0 0 0 0 0 0 0 0 0
 0 0 0 0 0 0 0 0 0 0 0 0 0 0 0 0 0 0 0 0 0 0 0 0 0 0 0 0 0 0 0 0 0 0 0 0
 0 0 0 0 0 0 0 0 0 0 0 0 0 0 0 0 0 0 0 0 0 0 0 0 0 0 0 0 0 0 0 0 0 0 0 0
 0 0 0 0 0 0 0 0 0 0 0 0 0 0 0 0 0 0 0 0 0 0 0 0 0 0 0 0 0 0 0 0 0 0 0 0
 0 0 0 0 0 0 0 0 0 0 0 0 0 0 0 0 0 0 0 0 0 0 0 0 0 0 0 0 0 0 0 0 0 0 0 0
 0 0 0 0 0 0 0 0 0 0 0 0 0 0 0 0 0 0 0 0 0 0 0 0 0 0 0 0 0 0 0 0 0 0 0 0
 0 0 0 0 0 0 0 0 0 0 0 0 0 0 0 0 0 0 0 0 0 0 0 0 0 0 0 0 0 0 0 0 0 0 0 0
 0 0 0 0 0 0 0 0 0 0 0 0 0 0 0 0 0 0 0 0 0 0 0 0 0 0 0 0 0 0 0 0 0 0 0 0
 0 0 0 0 0 0 0 0 0 0 0 0 0 0 0 0 0 0 0 0 0 0 0 0 0 0 0 0 0 0 0 0 0 0 0 0
 0 0 0 0 0 0 0 0 0 0 0 0 0 0 0 0 0 0 0 0 0 0 0 0 0 0 0 0 0 0 0 0 0 0 0 0
 0 0 0 0 0 0 0 0 1.78061e-05 0.00172719 0.00360574 0.0105946 0.0120993 0.0124554 0.0147524 0.0171206 0.0266825 0.0428682 0.0675386 0.121331 0.153587 0.119568 0.100827 0.0573624 0.0630603 0.0341343 0.0324427 0.0444173 0.0211091 0.0280891 0.0125444 0.00206551 0 0 0 0
 0 0 0 0 0 0 0 0 0 0 0 0 0 0 0 0 0 0 0 0 0 0 0 0 0 0 0 0 0 0 0 0 0 0 0 0
 0 0 0 0 0 0 0.0133647 0.0140871 0.0187388 0.0205184 0.03894 0.0496705 0.03968 0.0493445 0.0407372 0.0367815 0.0215668 0.0243155 0.0234873 0.0199281 0.019796 0.0243948 0.0301388 0.0376714 0.0412746 0.0863199 0.0771752 0.113111 0.0741005 0.0525337 0.0229764 0.00759418 0.00175318 0 0 0
 0 0 0 0 0 0 0 0 0 0 0.00219441 0.00772107 0.0458388 0.0604681 0.0671733 0.0775358 0.0609151 0.0617685 0.073594 0.0568108 0.0755445 0.0548602 0.0670107 0.0636378 0.0643287 0.046367 0.0373049 0.0286899 0.0247887 0.0153202 0.00654259 0.00121912 0.000365735 0 0 0
 0 0 0 0 0 0 0 0 0 0 0 0 0.000112435 0.00938835 0.0111873 0.0202946 0.0414886 0.0713402 0.111592 0.104902 0.108894 0.110636 0.117776 0.105296 0.107544 0.0401394 0.0192827 0.0124803 0.00416011 0.0028671 0.000618394 0 0 0 0 0
 0 0 0 0 0 0 0 0 0 0 0.00291406 0.0102884 0.027416 0.0768956 0.0749926 0.110853 0.0956884 0.0897413 0.0766577 0.0534642 0.0500743 0.0551293 0.0594112 0.0620874 0.0668451 0.0424026 0.0208742 0.0120726 0.0048766 0.00582813 0.00118941 0.000297354 0 0 0 0
 0 0.00264628 0.0354308 0.0461629 0.0458689 0.0383711 0.0214643 0.0164657 0.0346957 0.0420465 0.0363128 0.0245516 0.0311673 0.0291091 0.0169068 0.0133784 0.00837989 0.0085269 0.0148486 0.0160247 0.0276389 0.0546898 0.0760071 0.122758 0.109233 0.0665981 0.0333725 0.0166128 0.00676272 0.00308733 0.000882094 0 0 0 0 0
 0 0 0 0 0 0 0 0.000805153 0.000690131 0.00759144 0.0133425 0.0154129 0.00931677 0.000345066 0.00356568 0.00563607 0.00851162 0.0253048 0.0502646 0.0516448 0.0657925 0.0565908 0.0611916 0.0827007 0.0866115 0.110766 0.145733 0.0935128 0.0569358 0.0249597 0.0138026 0.00621118 0.00161031 0.00115022 0 0
 0 0 0 0 0 0 0 0 0 0 0 0 0 0 0 0 0 0 0 0 0 0 0 0 0 0 0 0 0 0 0 0 0 0 0 0
 0.00147267 0.00158595 0.00478618 0.00569244 0.00954404 0.0108468 0.00647125 0.017049 0.0510054 0.094081 0.124002 0.0959785 0.0687766 0.0820023 0.061753 0.0591476 0.0492212 0.0479892 0.0443925 0.0268479 0.0217502 0.0140895 0.0121071 0.0120363 0.00920419 0.00665534 0.0049561 0.00860946 0.00930331 0.0156896 0.0114698 0.00855282 0.00243557 0.00046729 0 2.83206e-05
 0 0 0 0 0.000772559 0.00158375 0.000888443 0.00281984 0.00712685 0.0440552 0.0773331 0.111326 0.0921469 0.0852325 0.0710754 0.0886704 0.0786465 0.0553345 0.0373146 0.0185414 0.00753245 0.00457741 0.012979 0.0271748 0.0457355 0.0583668 0.034881 0.0177882 0.00938659 0.00492506 0.0015258 0.00185414 0.000309023 5.79419e-05 3.86279e-05 0
ppred_pel_tallas
 1.0275e-16 2.00279e-05 0.000117507 0.00055849 0.00215007 0.00670467 0.0169358 0.0346551 0.0574533 0.0771841 0.0840601 0.0743099 0.053549 0.0319696 0.0168594 0.0097211 0.00850286 0.0107312 0.0148502 0.0200669 0.025853 0.0316597 0.0368735 0.0408997 0.043284 0.0438109 0.0425421 0.0397818 0.0359853 0.0316444 0.0271882 0.0229251 0.019032 0.0155787 0.0125683 0.00997402
 1.0407e-16 2.06468e-05 0.000121145 0.000575794 0.00221672 0.00691251 0.0174607 0.0357288 0.0592316 0.0795681 0.086643 0.0765612 0.0551017 0.0327573 0.0170209 0.00941775 0.00780957 0.00963229 0.0132858 0.017983 0.0232396 0.0285767 0.0334619 0.0373758 0.0399158 0.0408796 0.0402993 0.038411 0.0355772 0.0321903 0.0285904 0.0250198 0.0216178 0.0184443 0.015516 0.0128359
 1.05415e-16 1.50641e-05 8.83611e-05 0.000419918 0.00161652 0.00504081 0.0127331 0.0260564 0.0432022 0.0580522 0.0632587 0.0560043 0.0405385 0.0245652 0.0136194 0.00889865 0.0089298 0.0119074 0.0166789 0.0226084 0.0291909 0.0358437 0.0418974 0.0466994 0.0497496 0.0508069 0.0499307 0.0474393 0.0438091 0.0395476 0.0350877 0.0307284 0.0266296 0.0228451 0.0193712 0.0161898
 1.05684e-16 2.10528e-05 0.000123534 0.000587164 0.00226052 0.00704911 0.0178057 0.0364342 0.0603991 0.0811307 0.0883293 0.0780154 0.0560701 0.0331766 0.016953 0.008929 0.00690037 0.00824005 0.0113258 0.0153951 0.0200291 0.0248429 0.0294093 0.0333023 0.0361767 0.0378343 0.0382522 0.0375618 0.0359925 0.0338016 0.0312161 0.0284033 0.0254706 0.0224855 0.0195012 0.0165748
 1.03678e-16 2.60632e-05 0.000152951 0.000727019 0.002799 0.00872835 0.0220473 0.0451127 0.0747832 0.100444 0.109334 0.0965156 0.0692526 0.0407468 0.0203939 0.0100407 0.00690559 0.00768698 0.0103434 0.0139272 0.0179539 0.0220223 0.0257122 0.0286222 0.0304491 0.0310523 0.0304782 0.0289331 0.026718 0.0241492 0.0214912 0.0189203 0.0165225 0.0143162 0.0122852 0.0104071
 1.03607e-16 1.77695e-05 0.000104243 0.000495418 0.00190721 0.0059473 0.0150228 0.0307415 0.0509681 0.0684812 0.0746066 0.0660117 0.047697 0.0287319 0.0156187 0.00973522 0.00930444 0.0121604 0.0169199 0.0228311 0.0293255 0.0357725 0.0414634 0.0457208 0.0480432 0.0482187 0.0463667 0.0428894 0.0383578 0.0333698 0.0284282 0.0238718 0.0198652 0.0164344 0.0135234 0.0110468
 1.03248e-16 2.71384e-05 0.000159267 0.000757054 0.00291465 0.00908902 0.0229582 0.0469763 0.0778711 0.104587 0.113832 0.100459 0.0720219 0.0422556 0.0209266 0.00993787 0.00637432 0.00678757 0.00905729 0.0122244 0.015837 0.0195497 0.0230043 0.0258518 0.0278154 0.0287455 0.0286428 0.0276408 0.025957 0.023833 0.0214825 0.0190634 0.0166746 0.0143706 0.0121821 0.0101335
 1.02691e-16 2.30971e-05 0.000135528 0.000644168 0.00247996 0.00773344 0.0195343 0.0399717 0.0662649 0.0890141 0.0969233 0.0856319 0.0616006 0.036561 0.0188846 0.0102628 0.00828407 0.0100576 0.0137705 0.018522 0.0237571 0.0289379 0.0334809 0.036834 0.0385929 0.0385926 0.0369416 0.0339804 0.0301873 0.0260596 0.0220131 0.0183249 0.0151246 0.0124252 0.01017 0.00827838
 1.02457e-16 2.6455e-05 0.000155249 0.000737944 0.00284106 0.00885951 0.0223786 0.0457906 0.0759073 0.101954 0.11098 0.0979729 0.0703076 0.0413863 0.0207487 0.0102722 0.00713601 0.00798968 0.0107588 0.0144744 0.0186327 0.022809 0.0265567 0.0294489 0.0311623 0.0315473 0.0306548 0.0287095 0.0260423 0.023007 0.0199072 0.0169556 0.0142676 0.0118805 0.00978538 0.00795553
 1.02488e-16 2.31561e-05 0.000135875 0.000645819 0.00248632 0.00775327 0.0195844 0.0400742 0.0664346 0.0892415 0.0971696 0.0858466 0.0617485 0.0366357 0.0188995 0.0102338 0.00821921 0.00995734 0.0136324 0.018346 0.0235489 0.0287107 0.0332555 0.036636 0.0384476 0.0385197 0.0369497 0.0340638 0.0303258 0.0262223 0.0221644 0.0184311 0.0151605 0.0123779 0.0100401 0.00807816
 1.04128e-16 1.48011e-05 8.68136e-05 0.000412554 0.00158816 0.00495234 0.0125096 0.0255995 0.042446 0.0570398 0.0621657 0.0550607 0.0399079 0.0242875 0.0136528 0.00919847 0.00949393 0.0127754 0.0179065 0.0242383 0.0312272 0.0382333 0.0445216 0.0493787 0.0522636 0.0529247 0.0514468 0.0482047 0.0437516 0.0386783 0.0334921 0.0285484 0.0240398 0.0200296 0.0165037 0.013419
 1.07092e-16 1.38784e-05 8.14061e-05 0.000386867 0.00148929 0.00464406 0.0117308 0.0240053 0.0398006 0.053479 0.0582694 0.0515731 0.0373007 0.0225439 0.0123953 0.00795271 0.0078585 0.0104591 0.0147181 0.0200943 0.026185 0.0325264 0.0385705 0.0437617 0.0476431 0.0499434 0.0506152 0.0498103 0.0478098 0.0449374 0.0414859 0.0376798 0.0336747 0.0295798 0.0254876 0.0214932
 1.06591e-16 2.18767e-05 0.000128374 0.00061018 0.00234914 0.00732551 0.0185038 0.0378623 0.0627654 0.0843056 0.0917766 0.0810375 0.0581929 0.0343336 0.0173614 0.00884797 0.00648445 0.00752763 0.0102896 0.0139931 0.018238 0.022679 0.0269385 0.0306401 0.0334779 0.0352734 0.0360001 0.0357623 0.0347456 0.033154 0.0311613 0.0288879 0.0264057 0.0237595 0.0209932 0.0181663
 1.04354e-16 2.24459e-05 0.000131708 0.000626016 0.00241008 0.00751553 0.0189839 0.0388452 0.0643969 0.0865031 0.094185 0.0832028 0.0598316 0.0354681 0.0182422 0.00979168 0.00776854 0.00936394 0.0128246 0.0172944 0.0222649 0.0272529 0.0317336 0.0352057 0.0372951 0.0378368 0.036905 0.034777 0.0318495 0.0285353 0.0251766 0.0219975 0.0191009 0.0164978 0.0141508 0.0120128
 1.02755e-16 2.63288e-05 0.000154509 0.000734423 0.0028275 0.00881722 0.0222718 0.0455721 0.0755452 0.101468 0.110452 0.097509 0.0699796 0.0412031 0.0206749 0.010265 0.00716734 0.00804795 0.0108414 0.0145804 0.0187589 0.0229485 0.0266988 0.0295808 0.0312726 0.031629 0.0307084 0.0287445 0.0260765 0.023063 0.0200085 0.0171213 0.0145082 0.0121961 0.0101655 0.00838123
 1.0216e-16 2.54167e-05 0.00014915 0.000708937 0.00272935 0.00851116 0.0214987 0.0439907 0.0729252 0.0979538 0.106639 0.0941707 0.0676459 0.0399536 0.020278 0.0104455 0.00776722 0.00903709 0.0122573 0.0164672 0.0211248 0.025741 0.0297951 0.0327947 0.0343772 0.0343914 0.0329283 0.0302856 0.0268849 0.0231678 0.0195068 0.016154 0.0132331 0.0107646 0.00870605 0.00699114
 1.02736e-16 2.10655e-05 0.000123598 0.000587448 0.00226157 0.00705237 0.017814 0.0364521 0.0604318 0.0811837 0.0884111 0.0781445 0.0562866 0.0335522 0.0175981 0.0099941 0.00856912 0.0107093 0.0147689 0.0199112 0.0255866 0.0312344 0.0362353 0.0399963 0.0420754 0.0422791 0.0407007 0.0376798 0.0337055 0.0292947 0.0248881 0.0207893 0.0171555 0.0140254 0.0113659 0.00911515
 1.03615e-16 2.13916e-05 0.000125517 0.000596581 0.00229675 0.0071621 0.0180911 0.0370187 0.0613697 0.082439 0.089766 0.0793133 0.0570659 0.0338917 0.0175487 0.00961062 0.0078543 0.00961623 0.013234 0.0178915 0.0230921 0.0283502 0.0331291 0.0369076 0.0392848 0.0400643 0.0392885 0.0372072 0.0341987 0.0306712 0.0269779 0.02337 0.0199898 0.016894 0.0140908 0.0115706
 1.04195e-16 1.98726e-05 0.000116597 0.00055417 0.00213345 0.00665285 0.0168048 0.0343871 0.0570084 0.076585 0.0834036 0.0737203 0.0531038 0.0316633 0.016624 0.0094702 0.00815941 0.0102338 0.0141518 0.0191373 0.0246867 0.0302852 0.0353593 0.039353 0.0418423 0.0426252 0.0417574 0.0395165 0.0363157 0.0325954 0.0287316 0.0249848 0.0214946 0.0183068 0.0154156 0.0127999
 1.03815e-16 2.40563e-05 0.000141166 0.00067099 0.00258326 0.00805558 0.0203479 0.0416359 0.0690211 0.0927084 0.100925 0.0891172 0.0639989 0.0377664 0.0191085 0.00975087 0.00714867 0.00827336 0.0112491 0.0151926 0.0196279 0.0241352 0.0282632 0.0315744 0.0337313 0.034566 0.0341084 0.0325596 0.0302262 0.0274378 0.0244775 0.0215437 0.0187466 0.0161293 0.0136993 0.011455
 1.03735e-16 1.98504e-05 0.000116465 0.000553534 0.00213099 0.00664517 0.0167855 0.0343476 0.0569438 0.0765006 0.0833179 0.0736591 0.0530915 0.0317194 0.0167684 0.0097313 0.00857631 0.0108517 0.0150111 0.0202597 0.0260601 0.0318532 0.0370171 0.0409558 0.0432239 0.0436254 0.0422504 0.0394342 0.0356586 0.0314303 0.0271767 0.0231868 0.0196047 0.01646 0.0137164 0.0113164
pSPR Fmed_Fpbrs
0.545659   0.258902 0.258902
Fs Fmed_Fpbrs
0.344847   1.005 1.005
SSBpbr Bo_Bmed_Bpbrs
966512  479060  201906 201906
Ro
36642
SPR SPRFo_SPRFmed_SPRFpbrs
756960 413042 195978
log_Ro
10.3289
likeval ReclasPelacesDesembMPH_pf_preclas_ppelaces_ptallas_desvR_qrecl_qpela
 98.1517 74.4986 0.00376963 0.000700101 265.241 165.24 57.8316 0 13.2653 0 0 0 0 0 0
q_reclas_q_pelaces
1 1
M
0.7
N
 41436 19462.9 7337.65 875.416 0.240737
 43843.2 17725.1 7171.93 2703.87 322.673
 22519.2 18538 6381.39 2582.03 1089.61
 25897.5 7886.92 4579.09 1576.28 906.938
 52629.6 11782.2 3287.4 1908.64 1035.05
 39301.3 25676.2 5647.22 1575.65 1410.91
 79474.6 15708.7 8260.43 1816.8 960.823
 85667.8 34917.9 6106.38 3211.05 1079.74
 129499 34550.2 11437.2 2000.12 1405.43
 141077 53004.7 11656 3858.51 1148.91
 72310.4 61403.6 20220.8 4446.66 1910.29
 40258.2 27538.6 17934.2 5905.9 1856.68
 46496.8 15560.9 8285.27 5395.68 2335.45
 28538.2 15875.3 3652.9 1944.96 1814.88
 20026.2 7336.08 2112.54 486.094 500.324
 16986.1 5711.23 1201.53 345.998 161.559
 14327.6 6651.39 1763.49 371.002 156.721
 15553.1 5927.43 2292.49 607.81 181.887
 15522.2 6788.71 2274.13 879.542 302.977
 24125.2 6852.33 2664.18 892.468 464.072
 23337.2 10602.1 2664.96 1036.13 527.575
pred_Ctot
 4165.15 3672.95 1384.73 165.205 0.0454308
 4727.06 3570.99 1444.89 544.735 65.0072
 4869.6 6971.06 2399.67 970.953 409.74
 1569.22 920.357 534.353 183.942 105.834
 665.24 295.543 82.4606 47.876 25.9629
 5583.85 6666.14 1466.15 409.076 366.305
 6633.31 2488.56 1308.62 287.817 152.214
 11712.5 8754.3 1530.94 805.046 270.702
 16552.3 8145.4 2696.39 471.54 331.338
 12627 8969.94 1972.54 652.973 194.43
 12307.6 18746 6173.25 1357.53 583.195
 6509.91 8032.59 5231.13 1722.66 541.565
 10674.8 6156.25 3277.85 2134.66 923.961
 10276.7 8986.11 2067.7 1100.93 1027.3
 6328.01 3761.04 1083.05 249.209 256.505
 2618.71 1596.18 335.804 96.6998 45.1525
 1737.84 1494.4 396.21 83.3546 35.2112
 1363.78 983.852 380.514 100.886 30.1901
 1247.78 1037.85 347.665 134.463 46.3186
 2009.88 1083.65 421.323 141.138 73.3899
 1130.24 996.476 250.475 97.3843 49.5858
F
 0.149168 0.298336 0.298336 0.298336 0.298336
 0.160799 0.321597 0.321597 0.321597 0.321597
 0.34916 0.698321 0.698321 0.698321 0.698321
 0.0875539 0.175108 0.175108 0.175108 0.175108
 0.017714 0.035428 0.035428 0.035428 0.035428
 0.217044 0.434088 0.434088 0.434088 0.434088
 0.122439 0.244878 0.244878 0.244878 0.244878
 0.208063 0.416125 0.416125 0.416125 0.416125
 0.193296 0.386593 0.386593 0.386593 0.386593
 0.131834 0.263668 0.263668 0.263668 0.263668
 0.26538 0.53076 0.53076 0.53076 0.53076
 0.250555 0.501109 0.501109 0.501109 0.501109
 0.374618 0.749236 0.749236 0.749236 0.749236
 0.658438 1.31688 1.31688 1.31688 1.31688
 0.554606 1.10921 1.10921 1.10921 1.10921
 0.237571 0.475141 0.475141 0.475141 0.475141
 0.182593 0.365187 0.365187 0.365187 0.365187
 0.128996 0.257992 0.257992 0.257992 0.257992
 0.117682 0.235363 0.235363 0.235363 0.235363
 0.122201 0.244402 0.244402 0.244402 0.244402
 0.0694288 0.138858 0.138858 0.138858 0.138858
YTP_r0W_actual
 11867.5 24513.3 8516.13 4343.34 2717.3
YTP_p0W_proyectada
 69185.3 114717 69836.9 23053.8 14817
CTP_r0_actual
 1130.24 996.476 250.475 97.3843 49.5858
CTP_p0_proyectada
 8437.23 5214.41 2210.03 555.513 309.332
Wmedp
 8.2 22 31.6 41.5 47.9
nmprior
 10 11 7 0
nm_flota  nm_reclas  nm_pelaces    nm_pelaL
inf 9.73031 15.8145 15.8145
cv_recla  cv_pelaces  cv_mph
0.990715 1.158 0.881981
 ------------------------------------------------
Talla a la edad & desviaci?n 
 7.2 14.2025 17.0495 18.207 18.6776
 1.08 2.13037 2.55742 2.73105 2.80164
