years
 1997 1998 1999 2000 2001 2002 2003 2004 2005 2006 2007 2008 2009 2010 2011 2012 2013 2014 2015 2016 2017 2018 2019 2020 2021
reclasobs
 0 0 0 370054 412103 1.49427e+06 250295 1.28982e+06 931140 785840 897777 1.04006e+06 184774 17550 25797 100020 73551 82996 120727 218422 84188 347160 605670 569463 516374
reclaspred
 1.05988e+06 214001 478540 137228 206790 280838 630122 316015 857921 1.37055e+06 1.23075e+06 676121 407162 225001 145926 120609 113330 145203 137803 205924 387163 336738 499705 586106 462918
pelacesobs
 0 0 0 0 0 0 0 0 0 2.06254e+06 1.5e+06 0 1.87456e+06 323000 250000 174000 83755 137374 0 501740 490994 745055 786931 1.00524e+06 1.33801e+06
pelacespred
 546398 190132 124816 94281.4 118515 113593 343025 170214 505510 807829 632889 353560 218470 98660.9 61993.4 58029.7 56367.1 71770.7 70549.9 103462 210536 201878 223519 296254 232040
mphobs
 0 0 0 0 0 112323 0 153150 637223 0 255016 313432 73983 77613 109348 50772 0 0 0 0 0 0 0 0 0
mphpred
 841561 341762 341974 188751 111966 278058 342814 484977 377799 1.13718e+06 1.31721e+06 777661 399001 282123 141331 109528 97470.5 111866 131748 128361 278537 342169 345365 488879 491710
desembarqueobs
 350755 77701 442110 56441 14545 235359 269955 359681 431902 328805 639364 411747 362871 311530 167758 66681 60226 58785 57116 73181 50977 67692 138656 160484 209506
desembarquepred
 350610 77765.8 441785 56483.5 14563.9 235422 269877 358935 431382 328691 638306 411053 362126 310057 167575 66668.5 60126 58632.2 57088.3 73144.6 50979.1 67628 138450 160354 209253
Reclutas
 20475 62501.5 1202.68 3216.95 48042.2 20199.7 72625.3 13983.6 218200 163595 32133.4 17693.6 73192 29570.2 17387.7 12036.9 10066.6 12224.5 7515.51 33195.7 30994.9 23846.6 64206.2 41822.9 831.306
log_desv_Rt
 -0.0530418 1.06295 -2.88769 -1.90381 0.799836 -0.0665771 1.21307 -0.434362 2.31317 2.02515 0.39765 -0.19904 1.22084 0.314522 -0.216483 -0.584271 -0.76302 -0.568806 -1.05528 0.430177 0.361579 0.0993956 1.08986 0.661198 -3.257
SSB
 841561 341762 341974 188751 111966 278058 342814 484977 377799 1.13718e+06 1.31721e+06 777661 399001 282123 141331 109528 97470.5 111866 131748 128361 278537 342169 345365 488879 491710
BT
 1.54753e+06 501695 452744 241227 347962 404081 1.2645e+06 733013 2.07949e+06 2.21421e+06 1.78522e+06 1.05988e+06 912536 507185 289603 181054 180832 216729 191470 335717 538778 456910 598050 751738 595027
Ftot
 0.317436 0.349226 0.838483 0.392208 0.0688191 0.771295 0.410815 1.01515 0.483019 0.232017 0.490015 0.569971 0.823633 1.21129 1.03574 0.522499 0.503125 0.386491 0.395251 0.342005 0.128139 0.194478 0.267286 0.263765 0.428937
BD_Bspro_t
 0.952546 0.725106 0.620128 0.303574 0.308342 0.582717 0.486559 0.509588 0.439352 0.638781 0.635858 0.434712 0.29639 0.266175 0.168415 0.155549 0.183351 0.271072 0.35966 0.416036 0.622353 0.718432 0.693812 0.697129 0.63501
BD_Bspro
 1.8979 0.770745 0.771224 0.425673 0.252507 0.62708 0.773119 1.09373 0.852017 2.56458 2.97059 1.75379 0.899831 0.636246 0.31873 0.247008 0.219817 0.252281 0.29712 0.289482 0.62816 0.771664 0.778871 1.10253 1.10891
BD_Bo
 0.940501 0.381942 0.382179 0.210942 0.12513 0.310749 0.383118 0.541994 0.422216 1.27087 1.47207 0.869089 0.44591 0.315291 0.157946 0.122404 0.10893 0.125017 0.147237 0.143452 0.311284 0.382397 0.385968 0.546355 0.549519
BD_Brms
 4.57437 1.85768 1.85883 1.02597 0.608601 1.51141 1.8634 2.63613 2.05356 6.18122 7.15981 4.22704 2.1688 1.5335 0.768214 0.595346 0.529809 0.608055 0.716128 0.697719 1.51401 1.85989 1.87726 2.65734 2.67273
S_f
 0.5 1 1 1 1
 0.5 1 1 1 1
 0.5 1 1 1 1
 0.5 1 1 1 1
 0.5 1 1 1 1
 0.5 1 1 1 1
 0.5 1 1 1 1
 0.5 1 1 1 1
 0.5 1 1 1 1
 0.5 1 1 1 1
 0.5 1 1 1 1
 0.5 1 1 1 1
 0.5 1 1 1 1
 0.5 1 1 1 1
 0.5 1 1 1 1
 0.5 1 1 1 1
 0.5 1 1 1 1
 0.5 1 1 1 1
 0.5 1 1 1 1
 0.5 1 1 1 1
 0.5 1 1 1 1
 0.5 1 1 1 1
 0.5 1 1 1 1
 0.5 1 1 1 1
 0.5 1 1 1 1
Scru_reclas
 0.5 1 1 1 1
 0.5 1 1 1 1
 0.5 1 1 1 1
 0.5 1 1 1 1
 0.5 1 1 1 1
 0.5 1 1 1 1
 0.5 1 1 1 1
 0.5 1 1 1 1
 0.5 1 1 1 1
 0.5 1 1 1 1
 0.5 1 1 1 1
 0.5 1 1 1 1
 0.5 1 1 1 1
 0.5 1 1 1 1
 0.5 1 1 1 1
 0.5 1 1 1 1
 0.5 1 1 1 1
 0.5 1 1 1 1
 0.5 1 1 1 1
 0.5 1 1 1 1
 0.5 1 1 1 1
 0.5 1 1 1 1
 0.5 1 1 1 1
 0.5 1 1 1 1
 0.5 1 1 1 1
Scru_pelaces
 0.5 1 1 1 1
 0.5 1 1 1 1
 0.5 1 1 1 1
 0.5 1 1 1 1
 0.5 1 1 1 1
 0.5 1 1 1 1
 0.5 1 1 1 1
 0.5 1 1 1 1
 0.5 1 1 1 1
 0.5 1 1 1 1
 0.5 1 1 1 1
 0.5 1 1 1 1
 0.5 1 1 1 1
 0.5 1 1 1 1
 0.5 1 1 1 1
 0.5 1 1 1 1
 0.5 1 1 1 1
 0.5 1 1 1 1
 0.5 1 1 1 1
 0.5 1 1 1 1
 0.5 1 1 1 1
 0.5 1 1 1 1
 0.5 1 1 1 1
 0.5 1 1 1 1
 0.5 1 1 1 1
pf_obs 
 0.256992 0.487395 0.22802 0.0275931 0
 0.321318 0.546541 0.124235 0.00734118 0.000564706
 0.182869 0.594174 0.210203 0.0122559 0.00049798
 0.330522 0.361315 0.267642 0.0388342 0.00168674
 0.649043 0.306663 0.0425973 0.00169635 0
 0.582887 0.30429 0.105238 0.00758474 0
 0.465427 0.430635 0.0974691 0.00646863 0
 0.296916 0.608066 0.0921331 0.00288517 0
 0.311714 0.524322 0.152257 0.0117073 0
 0.15457 0.633149 0.183074 0.0267441 0.00246327
 0.131901 0.49318 0.331252 0.0422183 0.00144891
 0.196976 0.569456 0.194076 0.0375587 0.00193317
 0.518974 0.381816 0.0799577 0.0180837 0.00116848
 0.0928022 0.601141 0.25162 0.0475244 0.00691264
 0.122501 0.610282 0.24278 0.0234846 0.000952079
 0.383417 0.481906 0.127806 0.00687128 0
 0.0376549 0.599619 0.316969 0.0457579 0
 0.0361596 0.667082 0.258105 0.0386534 0
 0.158088 0.579412 0.248529 0.0139706 0
 0.0477256 0.309471 0.559284 0.082774 0.000745712
 0.0406174 0.521527 0.379366 0.0568643 0.0016247
 0.151134 0.462217 0.34131 0.0453401 0
 0.294876 0.26143 0.354403 0.0886775 0.000613685
 0.281977 0.475581 0.204845 0.0348837 0.00271318
 0.0354234 0.537034 0.353287 0.0723622 0.0018943
pf_pred 
 0.300399 0.352189 0.174892 0.0868489 0.0856706
 0.652748 0.168361 0.0900563 0.0447206 0.0441139
 0.0214555 0.788883 0.0919551 0.0491868 0.0485195
 0.192287 0.0432477 0.616297 0.0718378 0.0763307
 0.865994 0.0466282 0.00467849 0.0666704 0.0160287
 0.321811 0.630352 0.0166451 0.00167011 0.0295216
 0.759678 0.130976 0.101633 0.00268373 0.00502911
 0.202238 0.699587 0.0535058 0.0415187 0.00315082
 0.921945 0.0319687 0.0404152 0.00309103 0.00258056
 0.493482 0.488569 0.00735124 0.00929352 0.00130419
 0.14237 0.579376 0.268393 0.00403837 0.0058218
 0.180673 0.227067 0.400105 0.185346 0.00680921
 0.690761 0.10607 0.0563059 0.0992142 0.047649
 0.395721 0.514563 0.0307729 0.0163353 0.0426076
 0.464821 0.35167 0.156264 0.00934523 0.0179
 0.478789 0.367603 0.100937 0.0448512 0.00781997
 0.452643 0.373203 0.122829 0.0337264 0.0175992
 0.52844 0.309935 0.1102 0.0362691 0.0151555
 0.36835 0.451571 0.118358 0.0420832 0.019638
 0.767501 0.13178 0.0720047 0.0188726 0.00984167
 0.50213 0.437804 0.0340453 0.0186024 0.00741831
 0.368145 0.427474 0.179723 0.013976 0.0106818
 0.63578 0.201014 0.110415 0.0464221 0.00636903
 0.385267 0.485846 0.0711329 0.0390728 0.0186812
 0.0141489 0.566694 0.331276 0.0485022 0.0393797
pobs_RECLAS
 0 0 0 0 0
 0 0 0 0 0
 0 0 0 0 0
 0 0 0 0 0
 0.835266 0.146461 0.0176864 0.000547809 3.91292e-05
 0.385257 0.428462 0.181853 0.0044286 0
 0.867414 0.0963971 0.0333333 0.00285562 0
 0.441836 0.489002 0.0689373 0.000224442 0
 0.779404 0.147425 0.0564933 0.0165055 0.000172143
 0.814271 0.122319 0.05973 0.00367925 0
 0.40263 0.566651 0.0304383 0.000280538 0
 0.475488 0.404961 0.113038 0.00651328 0
 0.955842 0.0263864 0.0167828 0.000988607 0
 0.975058 0.0227948 0.00214734 0 0
 0.738997 0.206755 0.0527124 0.00153531 0
 0.850938 0.134255 0.0134407 0.00136685 0
 0.542534 0.407297 0.0501686 0 0
 0.764087 0.199537 0.0359546 0.000420521 0
 0.470689 0.182191 0.310203 0.0369168 0
 0.84361 0.089868 0.0606195 0.00523954 0.000663233
 0.607945 0.314616 0.071237 0.00620181 0
 0.523733 0.453247 0.0230204 0 0
 0.530135 0.295979 0.169645 0.0042399 0
 0.562478 0.366248 0.0663022 0.0049721 0
 0.250443 0.683176 0.0655157 0.000865301 0
ppred_RECLAS
 0.302975 0.350893 0.174248 0.0865291 0.0853552
 0.655866 0.166849 0.0892477 0.0443191 0.0437179
 0.0224228 0.788103 0.0918642 0.0491381 0.0484715
 0.194782 0.0431141 0.614393 0.0716159 0.076095
 0.866242 0.046542 0.00466985 0.0665472 0.0159991
 0.3306 0.622183 0.0164294 0.00164847 0.029139
 0.762762 0.129295 0.100329 0.00264929 0.00496457
 0.212035 0.690996 0.0528487 0.0410089 0.00311213
 0.923441 0.0313557 0.0396402 0.00303176 0.00253108
 0.495567 0.486558 0.00732097 0.00925525 0.00129882
 0.145002 0.577599 0.26757 0.00402598 0.00580394
 0.184587 0.225982 0.398193 0.184461 0.00677669
 0.700066 0.102878 0.0546115 0.0962286 0.0462151
 0.414463 0.498603 0.0298185 0.0158287 0.0412862
 0.48014 0.341603 0.151791 0.00907772 0.0173876
 0.484607 0.3635 0.0998099 0.0443505 0.00773267
 0.458137 0.369457 0.121596 0.0333878 0.0174225
 0.532347 0.307367 0.109287 0.0359687 0.01503
 0.372114 0.448881 0.117652 0.0418324 0.019521
 0.769888 0.130427 0.0712654 0.0186788 0.00974062
 0.503181 0.43688 0.0339734 0.0185631 0.00740264
 0.369722 0.426407 0.179275 0.0139411 0.0106551
 0.638068 0.199751 0.109722 0.0461304 0.00632901
 0.387575 0.484022 0.0708658 0.0389261 0.0186111
 0.0144015 0.566548 0.331191 0.0484898 0.0393696
pobs_PELACES
 0 0 0 0 0
 0 0 0 0 0
 0 0 0 0 0
 0 0 0 0 0
 0 0 0 0 0
 0 0 0 0 0
 0 0 0 0 0
 0 0 0 0 0
 0 0 0 0 0
 0 0 0 0 0
 0.450072 0.473896 0.0757376 0.000293798 0
 0 0 0 0 0
 0.463077 0.371075 0.160297 0.00555027 0
 0.529543 0.364841 0.0842815 0.0213345 0
 0.631943 0.363953 0.00410389 0 0
 0.735681 0.248677 0.0153453 0.000297389 0
 0.695825 0.281241 0.0229344 0 0
 0.275771 0.60734 0.115278 0.00161068 0
 0 0 0 0 0
 0.896147 0.0623911 0.0374545 0.00400742 0
 0.803859 0.145111 0.0509908 3.86294e-05 0
 0.739449 0.233085 0.0266225 0.000797448 4.60066e-05
 0.878498 0.100942 0.0204185 0.000141795 0
 0.694673 0.275183 0.0284847 0.00165964 0
 0.469039 0.446079 0.0841089 0.000773354 0
ppred_PELACES
 0.314149 0.345268 0.171455 0.0851419 0.0839869
 0.668752 0.160602 0.0859058 0.0426595 0.0420808
 0.0256644 0.78549 0.0915596 0.0489752 0.0483108
 0.205132 0.0425599 0.606496 0.0706953 0.0751168
 0.867552 0.0460861 0.00462411 0.0658954 0.0158424
 0.359345 0.595466 0.0157239 0.00157768 0.0278878
 0.774809 0.122729 0.0952341 0.00251476 0.00471247
 0.241366 0.665274 0.0508814 0.0394824 0.00299628
 0.928889 0.0291245 0.0368195 0.00281603 0.00235098
 0.505138 0.477326 0.00718207 0.00907966 0.00127418
 0.155316 0.570631 0.264342 0.00397741 0.00573392
 0.199163 0.221942 0.391075 0.181164 0.00665555
 0.727805 0.093364 0.0495609 0.0873292 0.041941
 0.463644 0.456724 0.0273139 0.0144992 0.0378184
 0.522838 0.313546 0.139324 0.00833213 0.0159595
 0.506155 0.348302 0.095637 0.0424963 0.00740938
 0.478806 0.355364 0.116958 0.0321143 0.016758
 0.548185 0.296958 0.105586 0.0347505 0.0145209
 0.387474 0.4379 0.114774 0.0408091 0.0190434
 0.779733 0.124847 0.0682165 0.0178797 0.00932389
 0.508466 0.432232 0.033612 0.0183656 0.0073239
 0.377231 0.421327 0.177139 0.013775 0.0105282
 0.648189 0.194165 0.106653 0.0448404 0.00615202
 0.397955 0.475819 0.0696648 0.0382663 0.0182957
 0.0154414 0.565951 0.330841 0.0484386 0.0393281
pobs_pel_tallas
 0 0 0 0 0 0 0 0 0 0 0 0 0 0 0 0 0 0 0 0 0 0 0 0 0 0 0 0 0 0 0 0 0 0 0 0
 0 0 0 0 0 0 0 0 0 0 0 0 0 0 0 0 0 0 0 0 0 0 0 0 0 0 0 0 0 0 0 0 0 0 0 0
 0 0 0 0 0 0 0 0 0 0 0 0 0 0 0 0 0 0 0 0 0 0 0 0 0 0 0 0 0 0 0 0 0 0 0 0
 0 0 0 0 0 0 0 0 0 0 0 0 0 0 0 0 0 0 0 0 0 0 0 0 0 0 0 0 0 0 0 0 0 0 0 0
 0 0 0 0 0 0 0 0 0 0 0 0 0 0 0 0 0 0 0 0 0 0 0 0 0 0 0 0 0 0 0 0 0 0 0 0
 0 0 0 0 0 0 0 0 0 0 0 0 0 0 0 0 0 0 0 0 0 0 0 0 0 0 0 0 0 0 0 0 0 0 0 0
 0 0 0 0 0 0 0 0 0 0 0 0 0 0 0 0 0 0 0 0 0 0 0 0 0 0 0 0 0 0 0 0 0 0 0 0
 0 0 0 0 0 0 0 0 0 0 0 0 0 0 0 0 0 0 0 0 0 0 0 0 0 0 0 0 0 0 0 0 0 0 0 0
 0 0 0 0 0 0 0 0 0 0 0 0 0 0 0 0 0 0 0 0 0 0 0 0 0 0 0 0 0 0 0 0 0 0 0 0
 0 0 0 0 0 0 0 0 0 0 0 0 0 0 0 0 0 0 0 0 0 0 0 0 0 0 0 0 0 0 0 0 0 0 0 0
 0 0 0 0 0 0 0 0 1.78061e-05 0.00172719 0.00360574 0.0105946 0.0120993 0.0124554 0.0147524 0.0171206 0.0266825 0.0428682 0.0675386 0.121331 0.153587 0.119568 0.100827 0.0573624 0.0630603 0.0341343 0.0324427 0.0444173 0.0211091 0.0280891 0.0125444 0.00206551 0 0 0 0
 0 0 0 0 0 0 0 0 0 0 0 0 0 0 0 0 0 0 0 0 0 0 0 0 0 0 0 0 0 0 0 0 0 0 0 0
 0 0 0 0 0 0 0.0133647 0.0140871 0.0187388 0.0205184 0.03894 0.0496705 0.03968 0.0493445 0.0407372 0.0367815 0.0215668 0.0243155 0.0234873 0.0199281 0.019796 0.0243948 0.0301388 0.0376714 0.0412746 0.0863199 0.0771752 0.113111 0.0741005 0.0525337 0.0229764 0.00759418 0.00175318 0 0 0
 0 0 0 0 0 0 0 0 0 0 0.00219441 0.00772107 0.0458388 0.0604681 0.0671733 0.0775358 0.0609151 0.0617685 0.073594 0.0568108 0.0755445 0.0548602 0.0670107 0.0636378 0.0643287 0.046367 0.0373049 0.0286899 0.0247887 0.0153202 0.00654259 0.00121912 0.000365735 0 0 0
 0 0 0 0 0 0 0 0 0 0 0 0 0.000112435 0.00938835 0.0111873 0.0202946 0.0414886 0.0713402 0.111592 0.104902 0.108894 0.110636 0.117776 0.105296 0.107544 0.0401394 0.0192827 0.0124803 0.00416011 0.0028671 0.000618394 0 0 0 0 0
 0 0 0 0 0 0 0 0 0 0 0.00291406 0.0102884 0.027416 0.0768956 0.0749926 0.110853 0.0956884 0.0897413 0.0766577 0.0534642 0.0500743 0.0551293 0.0594112 0.0620874 0.0668451 0.0424026 0.0208742 0.0120726 0.0048766 0.00582813 0.00118941 0.000297354 0 0 0 0
 0 0.00264628 0.0354308 0.0461629 0.0458689 0.0383711 0.0214643 0.0164657 0.0346957 0.0420465 0.0363128 0.0245516 0.0311673 0.0291091 0.0169068 0.0133784 0.00837989 0.0085269 0.0148486 0.0160247 0.0276389 0.0546898 0.0760071 0.122758 0.109233 0.0665981 0.0333725 0.0166128 0.00676272 0.00308733 0.000882094 0 0 0 0 0
 0 0 0 0 0 0 0 0.000805153 0.000690131 0.00759144 0.0133425 0.0154129 0.00931677 0.000345066 0.00356568 0.00563607 0.00851162 0.0253048 0.0502646 0.0516448 0.0657925 0.0565908 0.0611916 0.0827007 0.0866115 0.110766 0.145733 0.0935128 0.0569358 0.0249597 0.0138026 0.00621118 0.00161031 0.00115022 0 0
 0 0 0 0 0 0 0 0 0 0 0 0 0 0 0 0 0 0 0 0 0 0 0 0 0 0 0 0 0 0 0 0 0 0 0 0
 0.00147267 0.00158595 0.00478618 0.00569244 0.00954404 0.0108468 0.00647125 0.017049 0.0510054 0.094081 0.124002 0.0959785 0.0687766 0.0820023 0.061753 0.0591476 0.0492212 0.0479892 0.0443925 0.0268479 0.0217502 0.0140895 0.0121071 0.0120363 0.00920419 0.00665534 0.0049561 0.00860946 0.00930331 0.0156896 0.0114698 0.00855282 0.00243557 0.00046729 0 2.83206e-05
 0 0 0 0 0.000772559 0.00158375 0.000888443 0.00281984 0.00712685 0.0440552 0.0773331 0.111326 0.0921469 0.0852325 0.0710754 0.0886704 0.0786465 0.0553345 0.0373146 0.0185414 0.00753245 0.00457741 0.012979 0.0271748 0.0457355 0.0583668 0.034881 0.0177882 0.00938659 0.00492506 0.0015258 0.00185414 0.000309023 5.79419e-05 3.86279e-05 0
 0 0.00173294 0.00326652 0 0.00397197 0.00683976 0.00946217 0.0152591 0.00757587 0.0136028 0.0228656 0.0392903 0.0559909 0.0764795 0.0681675 0.0726916 0.0566044 0.0477403 0.0527397 0.0444891 0.0609904 0.0582453 0.0661739 0.0445044 0.0529084 0.0360697 0.0280645 0.0235558 0.0158879 0.00826598 0.00280645 0.00217768 0.000904811 0.00058276 9.20147e-05 0
 0 0 0 0 0 0 0 0 0 0 0 0 0 0 0 0 0 0 0 0 0 0 0 0 0 0 0 0 0 0 0 0 0 0 0 0
 0 0 0 0 0 0 0 0 0 0 0 0 0 0 0 0 0 0 0 0 0 0 0 0 0 0 0 0 0 0 0 0 0 0 0 0
 0 0 0 0 0 0 0 0 0 0 0 0 0 0 0 0 0 0 0 0 0 0 0 0 0 0 0 0 0 0 0 0 0 0 0 0
ppred_pel_tallas
 1.09397e-16 1.37251e-05 8.05079e-05 0.0003826 0.00147287 0.00459285 0.0116015 0.0237405 0.0393614 0.0528882 0.0576241 0.0509981 0.0368763 0.0222702 0.0122131 0.00778697 0.00764451 0.0101462 0.0142643 0.019464 0.0253525 0.031483 0.0373324 0.0423767 0.0461936 0.0485448 0.049408 0.0489475 0.04744 0.045185 0.0424329 0.0393515 0.0360322 0.0325219 0.0288618 0.0251145
 1.04704e-16 2.91799e-05 0.000171258 0.000814077 0.00313423 0.00977377 0.0246878 0.0505146 0.083734 0.112454 0.122376 0.107953 0.0772958 0.0451504 0.0219892 0.00982306 0.00548191 0.00523281 0.00679396 0.00916702 0.0119401 0.014853 0.0176537 0.0200969 0.0219838 0.0231991 0.0237257 0.0236316 0.023036 0.0220695 0.0208412 0.0194245 0.0178609 0.0161746 0.0143899 0.0125436
 1.05496e-16 1.16363e-06 6.72053e-06 3.17174e-05 0.00012173 0.000379266 0.000958869 0.00196821 0.00328615 0.00448465 0.00506855 0.00491888 0.00449862 0.00459799 0.00591809 0.00888774 0.0137311 0.0205487 0.0292743 0.0395581 0.0506846 0.0615994 0.0710606 0.0778848 0.0812164 0.0807293 0.0766977 0.069903 0.0614219 0.0523637 0.043646 0.0358668 0.0292868 0.0238979 0.0195324 0.0159681
 1.14563e-16 8.96041e-06 5.25598e-05 0.000249787 0.000961597 0.00299853 0.00757403 0.015498 0.0256918 0.0345101 0.037572 0.0331848 0.023852 0.0141229 0.00725205 0.00391959 0.00324361 0.00419946 0.00623551 0.00921133 0.0131629 0.0181372 0.0241089 0.0309392 0.0383577 0.0459643 0.0532536 0.0596631 0.0646413 0.0677249 0.0686113 0.0672096 0.0636593 0.0583072 0.0516525 0.0442685
 1.03086e-16 3.78437e-05 0.000222133 0.00105597 0.0040656 0.0126783 0.0320241 0.0655244 0.108609 0.145845 0.158672 0.139872 0.0999326 0.0579336 0.0273919 0.0108332 0.00406022 0.00216238 0.00215448 0.00278373 0.00364008 0.0045875 0.0055509 0.0064676 0.00728746 0.00797954 0.00853378 0.00895539 0.00925472 0.00943695 0.00949607 0.00941563 0.00917544 0.00876092 0.008172 0.0074275
 1.01775e-16 1.57058e-05 9.21138e-05 0.000437726 0.00168503 0.00525441 0.0132728 0.027162 0.0450392 0.0605324 0.0659926 0.0584986 0.0425041 0.0260738 0.0150215 0.0106441 0.0114449 0.0155521 0.0217221 0.029179 0.0372083 0.0449568 0.0514665 0.0558423 0.0574559 0.0560995 0.0520391 0.0459389 0.038692 0.0312117 0.0242501 0.0182927 0.01354 0.00995979 0.0073742 0.00554815
 1.01699e-16 3.38031e-05 0.000198404 0.000943135 0.00363115 0.0113234 0.028602 0.058523 0.0970069 0.130273 0.141751 0.125006 0.0894205 0.0520605 0.0250319 0.0106316 0.00515257 0.00424129 0.0052408 0.00700534 0.0090978 0.0112838 0.0133554 0.0151119 0.0163884 0.0170861 0.0171858 0.0167419 0.0158583 0.0146588 0.0132607 0.01176 0.0102283 0.00871796 0.00726992 0.00591891
 1.02436e-16 1.05644e-05 6.19222e-05 0.000294177 0.00113231 0.00353074 0.00891905 0.0182544 0.030277 0.0407165 0.0444534 0.0395578 0.0290731 0.0184928 0.0118246 0.01006 0.0123128 0.0174099 0.0245248 0.0330319 0.0422136 0.0511411 0.0587491 0.0640326 0.0662742 0.0652164 0.061122 0.0546939 0.0468908 0.0387003 0.0309423 0.0241545 0.0185737 0.0141914 0.0108468 0.00831963
 1.00739e-16 4.05178e-05 0.000237834 0.00113061 0.004353 0.0135745 0.0342879 0.0701562 0.116286 0.156152 0.16988 0.14974 0.106957 0.061952 0.0291908 0.0113672 0.00397616 0.00175079 0.00148972 0.0018529 0.00241008 0.00303068 0.0036521 0.0042229 0.00469838 0.00504589 0.00524852 0.00530469 0.00522451 0.00502483 0.00472508 0.00434508 0.00390482 0.00342507 0.00292771 0.00243501
 1.00629e-16 2.20584e-05 0.000129419 0.000615105 0.00236803 0.00738433 0.0186526 0.0381686 0.0632793 0.0850145 0.0925973 0.0818785 0.0590498 0.0353458 0.0188032 0.0110864 0.00993713 0.012618 0.017379 0.0232826 0.0296558 0.0357883 0.0409049 0.0442857 0.0454272 0.0441663 0.0407221 0.0356364 0.0296367 0.0234681 0.0177464 0.0128719 0.00901351 0.0061493 0.00413593 0.00277963
 1.04343e-16 6.80893e-06 3.98817e-05 0.00018941 0.000728954 0.00227292 0.00574181 0.0117529 0.0194986 0.0262368 0.0286849 0.025621 0.0190364 0.0125162 0.00870731 0.00833258 0.0109131 0.015775 0.0224337 0.0304751 0.039351 0.0482989 0.0564079 0.0627789 0.0667136 0.0678621 0.0662852 0.0624045 0.0568728 0.0504064 0.0436415 0.0370482 0.0309138 0.0253752 0.0204734 0.0162033
 1.1216e-16 8.70686e-06 5.1056e-05 0.000242604 0.000933886 0.00291208 0.00735586 0.0150528 0.0249586 0.0335397 0.0365534 0.032375 0.023465 0.014284 0.00804707 0.00547604 0.00576648 0.00794345 0.0114327 0.0159788 0.0214118 0.0275062 0.0339482 0.0403633 0.0463682 0.0516184 0.0558399 0.058836 0.0604798 0.060703 0.0594925 0.0568983 0.0530481 0.0481541 0.0425068 0.0364484
 1.05695e-16 3.1752e-05 0.000186365 0.000885912 0.00341083 0.0106364 0.0268666 0.054972 0.0911203 0.122366 0.133143 0.117403 0.0839588 0.0488333 0.0233923 0.00978644 0.00452874 0.00353019 0.00430481 0.00579919 0.00764045 0.00965919 0.0117177 0.0136823 0.0154377 0.0169047 0.0180463 0.0188591 0.0193573 0.0195535 0.019448 0.019029 0.0182824 0.0172068 0.0158259 0.0141938
 1.02802e-16 2.02482e-05 0.000118794 0.000564595 0.00217356 0.0067779 0.0171208 0.0350342 0.0580836 0.0780362 0.0850021 0.0751758 0.0542447 0.0325278 0.0174113 0.0104351 0.00954036 0.0122281 0.0169026 0.0227071 0.0290197 0.0351755 0.0404422 0.0441346 0.0457659 0.0451642 0.0425125 0.0382921 0.0331557 0.0277703 0.022683 0.0182442 0.0145969 0.0117176 0.00948351 0.00773743
 1.03112e-16 2.28239e-05 0.000133928 0.00063657 0.00245073 0.00764227 0.019304 0.0395001 0.065482 0.087959 0.0957657 0.0845885 0.0608051 0.0359993 0.0184322 0.00976216 0.0075966 0.00907812 0.0124299 0.0167968 0.021686 0.0266359 0.0311414 0.0347109 0.0369634 0.0377087 0.0369795 0.0350039 0.0321335 0.0287517 0.0251952 0.0217087 0.0184374 0.0154468 0.0127542 0.0103569
 1.03278e-16 2.20977e-05 0.000129662 0.000616282 0.0023726 0.00739863 0.0186886 0.0382413 0.0633963 0.0851612 0.0927295 0.0819301 0.0589451 0.0350002 0.0181078 0.00989053 0.00804734 0.00982051 0.0134846 0.0181875 0.0234065 0.0286325 0.0333078 0.0368978 0.0390008 0.0394355 0.0382754 0.0358119 0.0324685 0.0286926 0.024864 0.0212428 0.0179627 0.0150584 0.0125069 0.010266
 1.03663e-16 2.09054e-05 0.000122661 0.000583 0.00224446 0.00699901 0.0176792 0.036176 0.0599735 0.0805658 0.0877326 0.0775315 0.0558163 0.0332144 0.0173168 0.00967235 0.00811901 0.0100602 0.0138695 0.0187355 0.0241456 0.0295868 0.0344913 0.038311 0.0406294 0.0412516 0.0402389 0.0378742 0.0345754 0.0307879 0.0268931 0.0231558 0.0197181 0.0166254 0.0138675 0.0114152
 1.03469e-16 2.39283e-05 0.000140414 0.000667409 0.00256947 0.00801257 0.0202393 0.0414137 0.0686532 0.0922157 0.100392 0.0886549 0.063685 0.0376173 0.0190996 0.00985446 0.00735596 0.00859473 0.0117029 0.0157931 0.0203746 0.0250065 0.0292132 0.0325359 0.0346237 0.0353074 0.0346288 0.0328125 0.0301952 0.0271368 0.023946 0.0208385 0.0179317 0.0152674 0.012845 0.0106512
 1.04064e-16 1.69263e-05 9.92926e-05 0.000471886 0.00181661 0.00566476 0.0143091 0.0292812 0.0485476 0.0652307 0.0710697 0.0628927 0.0454661 0.0274336 0.0149964 0.00947606 0.00919046 0.0120862 0.0168523 0.0227734 0.0293008 0.0358189 0.0416311 0.0460667 0.0486238 0.0490798 0.0475336 0.0443597 0.0400985 0.0353193 0.030504 0.0259806 0.0219148 0.0183443 0.0152323 0.0125168
 1.0206e-16 3.40178e-05 0.000199664 0.000949128 0.00365422 0.0113954 0.0287837 0.0588949 0.0976233 0.131101 0.142651 0.125799 0.0899871 0.052388 0.0251844 0.0106867 0.00516252 0.00422814 0.00520653 0.00694102 0.0089885 0.0111112 0.0131007 0.0147598 0.0159317 0.0165302 0.0165519 0.0160669 0.0151917 0.0140565 0.0127761 0.0114359 0.0100896 0.00876837 0.00749216 0.00627885
 1.01592e-16 2.22017e-05 0.000130265 0.000619134 0.00238356 0.00743277 0.0187749 0.0384185 0.0636923 0.0855654 0.0931869 0.0823752 0.0593543 0.035421 0.0186494 0.0106974 0.00927676 0.0116254 0.0159908 0.0214599 0.0274104 0.0332015 0.0381343 0.0415546 0.0429966 0.0422937 0.0396178 0.0354268 0.0303452 0.0250162 0.0199737 0.0155678 0.0119522 0.00912043 0.00696678 0.00534606
 1.03618e-16 1.64791e-05 9.66687e-05 0.000459414 0.00176859 0.00551503 0.0139309 0.0285072 0.0472644 0.0635065 0.0691914 0.0612311 0.0442662 0.0267129 0.0146097 0.00924597 0.00898859 0.0118455 0.0165498 0.0224171 0.0289254 0.0354851 0.0414216 0.0460752 0.0489373 0.0497583 0.0485919 0.0457566 0.0417382 0.0370648 0.0321996 0.0274786 0.0230992 0.0191469 0.0156383 0.0125598
 1.03406e-16 2.82848e-05 0.000166 0.000789069 0.00303793 0.00947346 0.0239292 0.0489628 0.081163 0.109005 0.118632 0.104673 0.0749958 0.0439055 0.0215671 0.00994724 0.00599061 0.00609106 0.00803749 0.0108454 0.0140781 0.017427 0.0205801 0.0232327 0.0251402 0.0261655 0.0262984 0.0256411 0.0243673 0.0226711 0.0207244 0.0186549 0.0165444 0.0144428 0.0123856 0.0104077
 1.03314e-16 1.73847e-05 0.000101981 0.000484659 0.00186578 0.00581808 0.0146964 0.030074 0.0498626 0.0669993 0.0730013 0.0646131 0.0467337 0.0282458 0.0155242 0.00993251 0.0097465 0.0128549 0.0178992 0.0241204 0.0309182 0.0376157 0.043453 0.0477091 0.0498592 0.0496963 0.0473743 0.0433539 0.0382752 0.0328016 0.0274853 0.0226907 0.0185838 0.0151718 0.012368 0.0100523
 1.08383e-16 7.09599e-07 4.07359e-06 1.91748e-05 7.35073e-05 0.000228934 0.000578893 0.00118921 0.00198925 0.00272604 0.00311035 0.00308599 0.00295698 0.00323774 0.00440506 0.00678748 0.0106011 0.0159875 0.0229719 0.0313743 0.0407441 0.0503676 0.0593614 0.0668338 0.072068 0.0746654 0.0746068 0.0722103 0.0680115 0.062613 0.0565561 0.0502495 0.0439605 0.0378496 0.0320195 0.0265544
pSPR Fmed_Fpbrs
0.4921   0.255602 0.255602
Fs Fmed_Fpbrs
0.414252   1.005 1.005
SSBpbr Bo_Bmed_Bpbrs
894801  395592  183973 183973
Ro
21590.3
SPR SPRFo_SPRFmed_SPRFpbrs
443417 218206 113338
log_Ro
9.8
likeval ReclasPelacesDesembMPH_pf_preclas_ppelaces_ptallas_desvR_qrecl_qpela
 115.305 124.667 0.292259 0.00055538 387.296 223.896 95.0586 0 57.7857 0 0 0 0 0 0
q_reclas_q_pelaces
1 1
M
0.7
N
 20475 12835.9 6374.11 3165.29 3122.35
 62501.5 8675.34 4640.44 2304.37 2273.11
 1202.68 26064.6 3038.18 1625.12 1603.08
 3216.95 392.707 5596.24 652.318 693.116
 48042.2 1313.02 131.743 1877.4 451.359
 20199.7 23050.1 608.664 61.071 1079.52
 72625.3 6821.09 5292.95 139.766 261.911
 13983.6 29368 2246.12 1742.92 132.268
 218200 4179.99 5284.39 404.161 337.416
 163595 85106.4 1280.55 1618.89 227.184
 32133.4 72340.5 33511.4 504.227 726.906
 17693.6 12489.5 22007.2 10194.7 374.531
 73192 6607.59 3507.54 6180.5 2968.27
 29570.2 24077.3 1439.92 764.36 1993.69
 17387.7 8013.44 3560.77 212.948 407.885
 12036.9 5144.31 1412.53 627.656 109.434
 10066.6 4603.07 1514.96 415.98 217.068
 12224.5 3887.1 1382.09 454.875 190.075
 7515.51 5003.78 1311.5 466.316 217.605
 33195.7 3062.84 1673.54 438.638 228.741
 30994.9 13893.5 1080.41 590.336 235.416
 23846.6 14436.4 6069.52 471.989 360.739
 64206.2 10744.6 5901.92 2481.35 340.437
 41822.9 27895.3 4084.16 2243.4 1072.6
 831.306 18202.5 10640.8 1557.92 1264.9
pred_Ctot
 2180.94 2556.95 1269.74 630.535 621.981
 7274.47 1876.28 1003.62 498.384 491.623
 303.396 11155.4 1300.31 695.536 686.1
 416.657 93.7112 1335.42 155.662 165.397
 1170.96 63.0488 6.32608 90.1492 21.6734
 4752.4 9308.82 245.81 24.6636 435.965
 9813.67 1691.97 1312.92 34.669 64.967
 4120.69 14254.4 1090.2 845.964 64.1994
 34140.2 1183.82 1496.6 114.463 95.5601
 12973.3 12844.1 193.258 244.32 34.2862
 5092.97 20725.9 9601.15 144.463 208.262
 3207.52 4031.15 7103.12 3290.49 120.885
 18192.1 2793.5 1482.89 2612.93 1254.9
 9999.47 13002.5 777.6 412.777 1076.65
 5206.2 3938.86 1750.23 104.671 200.488
 2020.36 1551.19 425.926 189.26 32.9982
 1633.67 1346.96 443.311 121.724 63.5187
 1562.13 916.202 325.764 107.216 44.8014
 980.322 1201.81 314.996 112 52.2644
 3789.58 650.672 355.528 93.1845 48.5938
 1388.48 1210.61 94.1414 51.439 20.513
 1598.04 1855.58 780.142 60.6668 46.3674
 5821.09 1840.45 1010.94 425.032 58.3137
 3744.64 4722.24 691.385 379.772 181.574
 116.836 4679.53 2735.54 400.512 325.182
F
 0.158718 0.317436 0.317436 0.317436 0.317436
 0.174613 0.349226 0.349226 0.349226 0.349226
 0.419241 0.838483 0.838483 0.838483 0.838483
 0.196104 0.392208 0.392208 0.392208 0.392208
 0.0344095 0.0688191 0.0688191 0.0688191 0.0688191
 0.385648 0.771295 0.771295 0.771295 0.771295
 0.205408 0.410815 0.410815 0.410815 0.410815
 0.507574 1.01515 1.01515 1.01515 1.01515
 0.24151 0.483019 0.483019 0.483019 0.483019
 0.116009 0.232017 0.232017 0.232017 0.232017
 0.245007 0.490015 0.490015 0.490015 0.490015
 0.284985 0.569971 0.569971 0.569971 0.569971
 0.411816 0.823633 0.823633 0.823633 0.823633
 0.605646 1.21129 1.21129 1.21129 1.21129
 0.51787 1.03574 1.03574 1.03574 1.03574
 0.261249 0.522499 0.522499 0.522499 0.522499
 0.251563 0.503125 0.503125 0.503125 0.503125
 0.193246 0.386491 0.386491 0.386491 0.386491
 0.197626 0.395251 0.395251 0.395251 0.395251
 0.171003 0.342005 0.342005 0.342005 0.342005
 0.0640694 0.128139 0.128139 0.128139 0.128139
 0.0972389 0.194478 0.194478 0.194478 0.194478
 0.133643 0.267286 0.267286 0.267286 0.267286
 0.131882 0.263765 0.263765 0.263765 0.263765
 0.214469 0.428937 0.428937 0.428937 0.428937
nmprior
 10.6 11 7 0
nm_flota  nm_reclas  nm_pelaces    nm_pelaL
inf 7.8643 6.43281 11.244
cv_recla  cv_pelaces  cv_mph
0.971289 1.26604 0.764598
 ------------------------------------------------
Talla a la edad & desviación 
 7.2 14.2025 17.0495 18.207 18.6776
 1.08 2.13037 2.55742 2.73105 2.80164
