years
 1997 1998 1999 2000 2001 2002 2003 2004 2005 2006 2007 2008 2009 2010 2011 2012 2013 2014 2015 2016 2017 2018 2019 2020 2021
reclasobs
 0 0 0 370054 412103 1.49427e+06 250295 1.28982e+06 931140 785840 897777 1.04006e+06 184774 17550 25797 100020 73551 82996 120727 218422 84188 347160 605670 569463 516374
reclaspred
 1.48964e+06 251231 522055 232902 308896 394460 801579 649922 925928 1.16162e+06 1.15141e+06 781182 447056 204483 132877 126351 143164 191862 198179 261606 433474 431863 697318 786877 793704
pelacesobs
 0 0 0 0 0 0 0 0 0 2.06254e+06 1.5e+06 0 1.87456e+06 323000 250000 174000 83755 137374 0 501740 490994 745055 786931 1.00524e+06 1.33801e+06
pelacespred
 760438 275017 166798 161761 181951 172789 413325 397944 523842 682416 593477 417352 237615 87205.2 55861.2 60620.8 71840.3 97094.9 105544 134012 244757 254802 312066 419166 418145
mphobs
 0 0 0 0 0 112323 0 153150 637223 0 255016 313432 73983 77613 109348 50772 0 0 0 0 0 0 0 0 0
mphpred
 1.06313e+06 512330 357355 263861 215292 365237 474730 657592 689951 952973 1.15169e+06 830005 495992 265583 124187 106671 114742 149278 177053 190574 310281 407563 485999 643932 747231
desembarqueobs
 350755 77701 442110 56441 14545 235359 269955 359681 431902 328805 639364 411747 362871 311530 167758 66681 60226 58785 57116 73181 50977 67692 138656 160484 209506
desembarquepred
 350738 77686.8 441884 56435 14544.6 235333 269924 359471 431705 328668 639013 411647 362677 311421 167610 66669.7 60229.1 58772.6 57097.7 73154.1 50970.5 67672.7 138621 160450 209464
Reclutas
 31215.7 36469.5 14203.2 18155.1 47462.5 30448.7 68370.9 78074 131237 154941 71043.1 36573.3 47870.4 28193.9 19593 15811.3 12917.6 13683.5 13461.6 28282.8 39628.2 41380.8 65590.9 67959.3 15029
log_desv_Rt
 -0.111325 0.0442308 -0.898774 -0.653295 0.307696 -0.136202 0.672702 0.805412 1.32476 1.4908 0.711042 0.0470746 0.316253 -0.21314 -0.577072 -0.791517 -0.993654 -0.936056 -0.952403 -0.209992 0.127295 0.170572 0.631192 0.666664 -0.842264
SSB
 1.06313e+06 512330 357355 263861 215292 365237 474730 657592 689951 952973 1.15169e+06 830005 495992 265583 124187 106671 114742 149278 177053 190574 310281 407563 485999 643932 747231
BT
 2.08361e+06 657887 633811 399324 461317 525814 1.36504e+06 1.33311e+06 1.80534e+06 1.95996e+06 1.82457e+06 1.22676e+06 889719 485124 282405 192148 217392 268749 268891 379532 635790 574909 759870 1.03829e+06 978689
Ftot
 0.227476 0.297465 0.777912 0.234129 0.0460392 0.56101 0.324132 0.524724 0.445594 0.273118 0.523902 0.498074 0.751386 1.32035 1.13074 0.50035 0.402182 0.294942 0.27752 0.269924 0.114537 0.152207 0.192611 0.197536 0.254319
BD_Bspro_t
 0.966091 0.786589 0.628778 0.379687 0.465916 0.655859 0.561984 0.602191 0.575133 0.597902 0.61122 0.456918 0.34224 0.247157 0.147989 0.152788 0.214183 0.332698 0.429377 0.509686 0.649204 0.758704 0.761568 0.754577 0.730617
BD_Bspro
 1.48359 0.714951 0.498684 0.368215 0.300438 0.509684 0.66248 0.917662 0.962818 1.32986 1.60718 1.15826 0.69215 0.370617 0.173301 0.148858 0.160122 0.208316 0.247075 0.265943 0.432993 0.56875 0.678206 0.898599 1.04275
BD_Bo
 1.13153 0.545291 0.380346 0.280837 0.229143 0.388735 0.505272 0.699899 0.734339 1.01428 1.22579 0.883404 0.527902 0.282669 0.132177 0.113534 0.122125 0.158882 0.188444 0.202835 0.330243 0.433784 0.517266 0.68536 0.795305
BD_Brms
 5.5035 2.65217 1.84991 1.36592 1.1145 1.89071 2.45753 3.40414 3.57166 4.93324 5.96195 4.29667 2.56759 1.37484 0.642876 0.552201 0.593985 0.772765 0.916546 0.98654 1.60622 2.10982 2.51586 3.33343 3.86818
S_f
 0.5 1 1 1 1
 0.5 1 1 1 1
 0.5 1 1 1 1
 0.5 1 1 1 1
 0.5 1 1 1 1
 0.5 1 1 1 1
 0.5 1 1 1 1
 0.5 1 1 1 1
 0.5 1 1 1 1
 0.5 1 1 1 1
 0.5 1 1 1 1
 0.5 1 1 1 1
 0.5 1 1 1 1
 0.5 1 1 1 1
 0.5 1 1 1 1
 0.5 1 1 1 1
 0.5 1 1 1 1
 0.5 1 1 1 1
 0.5 1 1 1 1
 0.5 1 1 1 1
 0.5 1 1 1 1
 0.5 1 1 1 1
 0.5 1 1 1 1
 0.5 1 1 1 1
 0.5 1 1 1 1
Scru_reclas
 0.5 1 1 1 1
 0.5 1 1 1 1
 0.5 1 1 1 1
 0.5 1 1 1 1
 0.5 1 1 1 1
 0.5 1 1 1 1
 0.5 1 1 1 1
 0.5 1 1 1 1
 0.5 1 1 1 1
 0.5 1 1 1 1
 0.5 1 1 1 1
 0.5 1 1 1 1
 0.5 1 1 1 1
 0.5 1 1 1 1
 0.5 1 1 1 1
 0.5 1 1 1 1
 0.5 1 1 1 1
 0.5 1 1 1 1
 0.5 1 1 1 1
 0.5 1 1 1 1
 0.5 1 1 1 1
 0.5 1 1 1 1
 0.5 1 1 1 1
 0.5 1 1 1 1
 0.5 1 1 1 1
Scru_pelaces
 0.5 1 1 1 1
 0.5 1 1 1 1
 0.5 1 1 1 1
 0.5 1 1 1 1
 0.5 1 1 1 1
 0.5 1 1 1 1
 0.5 1 1 1 1
 0.5 1 1 1 1
 0.5 1 1 1 1
 0.5 1 1 1 1
 0.5 1 1 1 1
 0.5 1 1 1 1
 0.5 1 1 1 1
 0.5 1 1 1 1
 0.5 1 1 1 1
 0.5 1 1 1 1
 0.5 1 1 1 1
 0.5 1 1 1 1
 0.5 1 1 1 1
 0.5 1 1 1 1
 0.5 1 1 1 1
 0.5 1 1 1 1
 0.5 1 1 1 1
 0.5 1 1 1 1
 0.5 1 1 1 1
pf_obs 
 0.256992 0.487395 0.22802 0.0275931 0
 0.321318 0.546541 0.124235 0.00734118 0.000564706
 0.182869 0.594174 0.210203 0.0122559 0.00049798
 0.330522 0.361315 0.267642 0.0388342 0.00168674
 0.649043 0.306663 0.0425973 0.00169635 0
 0.582887 0.30429 0.105238 0.00758474 0
 0.465427 0.430635 0.0974691 0.00646863 0
 0.296916 0.608066 0.0921331 0.00288517 0
 0.311714 0.524322 0.152257 0.0117073 0
 0.15457 0.633149 0.183074 0.0267441 0.00246327
 0.131901 0.49318 0.331252 0.0422183 0.00144891
 0.196976 0.569456 0.194076 0.0375587 0.00193317
 0.518974 0.381816 0.0799577 0.0180837 0.00116848
 0.0928022 0.601141 0.25162 0.0475244 0.00691264
 0.122501 0.610282 0.24278 0.0234846 0.000952079
 0.383417 0.481906 0.127806 0.00687128 0
 0.0376549 0.599619 0.316969 0.0457579 0
 0.0361596 0.667082 0.258105 0.0386534 0
 0.158088 0.579412 0.248529 0.0139706 0
 0.0477256 0.309471 0.559284 0.082774 0.000745712
 0.0406174 0.521527 0.379366 0.0568643 0.0016247
 0.151134 0.462217 0.34131 0.0453401 0
 0.294876 0.26143 0.354403 0.0886775 0.000613685
 0.281977 0.475581 0.204845 0.0348837 0.00271318
 0.0354234 0.537034 0.353287 0.0723622 0.0018943
pf_pred 
 0.293452 0.484526 0.197235 0.0247822 4.10662e-06
 0.397478 0.28313 0.219028 0.0891591 0.0112045
 0.23839 0.449137 0.146834 0.11359 0.0520494
 0.468724 0.234775 0.174853 0.0571636 0.0644847
 0.661445 0.221275 0.0518267 0.0385989 0.0268539
 0.371758 0.501535 0.0828142 0.0193966 0.0244963
 0.651326 0.203215 0.116122 0.0191742 0.0101626
 0.547664 0.363687 0.0516669 0.0295236 0.0074588
 0.640648 0.265438 0.0755085 0.0107271 0.00767828
 0.558163 0.354546 0.0644784 0.018342 0.0044709
 0.301408 0.511438 0.150179 0.0273119 0.00966312
 0.272455 0.365029 0.265397 0.0779314 0.0191872
 0.476857 0.242943 0.140584 0.102213 0.0374034
 0.433322 0.394235 0.080081 0.0463406 0.0460215
 0.539395 0.322069 0.096379 0.0195775 0.0225799
 0.549457 0.346561 0.0727075 0.0217577 0.00951708
 0.459074 0.399528 0.108764 0.0228185 0.00981527
 0.476699 0.343357 0.132906 0.0361813 0.0108559
 0.447379 0.367384 0.121541 0.0470457 0.0166501
 0.621104 0.241292 0.0914802 0.0302641 0.0158605
 0.563502 0.340409 0.0611918 0.0231995 0.0116973
 0.455593 0.395938 0.115786 0.0208136 0.0118697
 0.533085 0.296976 0.123594 0.036143 0.0102022
 0.458668 0.382685 0.100905 0.0419943 0.015747
 0.142788 0.550265 0.216991 0.0572156 0.0327406
pobs_RECLAS
 0 0 0 0 0
 0 0 0 0 0
 0 0 0 0 0
 0 0 0 0 0
 0.835266 0.146461 0.0176864 0.000547809 3.91292e-05
 0.385257 0.428462 0.181853 0.0044286 0
 0.867414 0.0963971 0.0333333 0.00285562 0
 0.441836 0.489002 0.0689373 0.000224442 0
 0.779404 0.147425 0.0564933 0.0165055 0.000172143
 0.814271 0.122319 0.05973 0.00367925 0
 0.40263 0.566651 0.0304383 0.000280538 0
 0.475488 0.404961 0.113038 0.00651328 0
 0.955842 0.0263864 0.0167828 0.000988607 0
 0.975058 0.0227948 0.00214734 0 0
 0.738997 0.206755 0.0527124 0.00153531 0
 0.850938 0.134255 0.0134407 0.00136685 0
 0.542534 0.407297 0.0501686 0 0
 0.764087 0.199537 0.0359546 0.000420521 0
 0.470689 0.182191 0.310203 0.0369168 0
 0.84361 0.089868 0.0606195 0.00523954 0.000663233
 0.607945 0.314616 0.071237 0.00620181 0
 0.523733 0.453247 0.0230204 0 0
 0.530135 0.295979 0.169645 0.0042399 0
 0.562478 0.366248 0.0663022 0.0049721 0
 0.250443 0.683176 0.0655157 0.000865301 0
ppred_RECLAS
 0.295145 0.483366 0.196762 0.0247229 4.09679e-06
 0.400183 0.281859 0.218045 0.0887589 0.0111542
 0.245817 0.444757 0.145402 0.112482 0.0515419
 0.470825 0.233847 0.174161 0.0569376 0.0642297
 0.661758 0.221071 0.0517789 0.0385632 0.0268291
 0.37777 0.496736 0.0820217 0.019211 0.0242619
 0.654171 0.201557 0.115174 0.0190177 0.0100797
 0.553464 0.359023 0.0510044 0.0291451 0.00736317
 0.644979 0.262239 0.0745984 0.0105978 0.00758574
 0.560667 0.352537 0.0641131 0.0182381 0.00444556
 0.306355 0.507816 0.149115 0.0271184 0.00959469
 0.276809 0.362844 0.263809 0.077465 0.0190724
 0.486475 0.238476 0.137999 0.100334 0.0367157
 0.45522 0.379001 0.0769865 0.0445499 0.0442432
 0.556756 0.30993 0.0927464 0.0188396 0.0217288
 0.554895 0.342378 0.07183 0.0214951 0.00940222
 0.463176 0.396498 0.10794 0.0226455 0.00974084
 0.479485 0.34153 0.132199 0.0359888 0.0107981
 0.449941 0.365681 0.120977 0.0468276 0.0165729
 0.623457 0.239793 0.090912 0.0300761 0.015762
 0.564415 0.339697 0.0610639 0.023151 0.0116728
 0.45686 0.395017 0.115516 0.0207652 0.011842
 0.534752 0.295915 0.123153 0.036014 0.0101658
 0.460382 0.381474 0.100586 0.0418614 0.0156972
 0.143932 0.549531 0.216701 0.0571392 0.0326969
pobs_PELACES
 0 0 0 0 0
 0 0 0 0 0
 0 0 0 0 0
 0 0 0 0 0
 0 0 0 0 0
 0 0 0 0 0
 0 0 0 0 0
 0 0 0 0 0
 0 0 0 0 0
 0 0 0 0 0
 0.450072 0.473896 0.0757376 0.000293798 0
 0 0 0 0 0
 0.463077 0.371075 0.160297 0.00555027 0
 0.529543 0.364841 0.0842815 0.0213345 0
 0.631943 0.363953 0.00410389 0 0
 0.735681 0.248677 0.0153453 0.000297389 0
 0.695825 0.281241 0.0229344 0 0
 0.275771 0.60734 0.115278 0.00161068 0
 0 0 0 0 0
 0.896147 0.0623911 0.0374545 0.00400742 0
 0.803859 0.145111 0.0509908 3.86294e-05 0
 0.739449 0.233085 0.0266225 0.000797448 4.60066e-05
 0.878498 0.100942 0.0204185 0.000141795 0
 0.694673 0.275183 0.0284847 0.00165964 0
 0.469039 0.446079 0.0841089 0.000773354 0
ppred_PELACES
 0.303013 0.47797 0.194566 0.0244469 4.05106e-06
 0.41202 0.276297 0.213742 0.0870072 0.0109341
 0.270381 0.430272 0.140666 0.108818 0.0498632
 0.480459 0.229589 0.17099 0.0559009 0.0630603
 0.663456 0.219961 0.0515189 0.0383696 0.0266944
 0.399762 0.479179 0.0791227 0.018532 0.0234044
 0.666168 0.194565 0.111179 0.018358 0.00973004
 0.57475 0.341909 0.0485731 0.0277558 0.00701218
 0.661629 0.24994 0.0710998 0.0101007 0.00722997
 0.571735 0.343655 0.0624979 0.0177786 0.00433357
 0.325026 0.494147 0.145102 0.0263885 0.00933643
 0.293559 0.354441 0.257699 0.0756709 0.0186306
 0.517459 0.224088 0.129673 0.0942798 0.0345004
 0.509563 0.341195 0.0693069 0.0401059 0.0398298
 0.602185 0.278164 0.0832406 0.0169087 0.0195018
 0.575182 0.326773 0.0685561 0.0205154 0.00897368
 0.47971 0.384286 0.104615 0.021948 0.00944082
 0.49164 0.333554 0.129111 0.0351483 0.0105459
 0.461298 0.358131 0.118479 0.0458607 0.0162307
 0.633854 0.233172 0.0884018 0.0292457 0.0153268
 0.569056 0.336078 0.0604133 0.0229043 0.0115484
 0.463098 0.39048 0.114189 0.0205267 0.011706
 0.542649 0.290892 0.121062 0.0354027 0.00999325
 0.468489 0.375743 0.0990748 0.0412325 0.0154614
 0.14918 0.546162 0.215373 0.0567889 0.0324965
pobs_pel_tallas
 0 0 0 0 0 0 0 0 0 0 0 0 0 0 0 0 0 0 0 0 0 0 0 0 0 0 0 0 0 0 0 0 0 0 0 0
 0 0 0 0 0 0 0 0 0 0 0 0 0 0 0 0 0 0 0 0 0 0 0 0 0 0 0 0 0 0 0 0 0 0 0 0
 0 0 0 0 0 0 0 0 0 0 0 0 0 0 0 0 0 0 0 0 0 0 0 0 0 0 0 0 0 0 0 0 0 0 0 0
 0 0 0 0 0 0 0 0 0 0 0 0 0 0 0 0 0 0 0 0 0 0 0 0 0 0 0 0 0 0 0 0 0 0 0 0
 0 0 0 0 0 0 0 0 0 0 0 0 0 0 0 0 0 0 0 0 0 0 0 0 0 0 0 0 0 0 0 0 0 0 0 0
 0 0 0 0 0 0 0 0 0 0 0 0 0 0 0 0 0 0 0 0 0 0 0 0 0 0 0 0 0 0 0 0 0 0 0 0
 0 0 0 0 0 0 0 0 0 0 0 0 0 0 0 0 0 0 0 0 0 0 0 0 0 0 0 0 0 0 0 0 0 0 0 0
 0 0 0 0 0 0 0 0 0 0 0 0 0 0 0 0 0 0 0 0 0 0 0 0 0 0 0 0 0 0 0 0 0 0 0 0
 0 0 0 0 0 0 0 0 0 0 0 0 0 0 0 0 0 0 0 0 0 0 0 0 0 0 0 0 0 0 0 0 0 0 0 0
 0 0 0 0 0 0 0 0 0 0 0 0 0 0 0 0 0 0 0 0 0 0 0 0 0 0 0 0 0 0 0 0 0 0 0 0
 0 0 0 0 0 0 0 0 1.78061e-05 0.00172719 0.00360574 0.0105946 0.0120993 0.0124554 0.0147524 0.0171206 0.0266825 0.0428682 0.0675386 0.121331 0.153587 0.119568 0.100827 0.0573624 0.0630603 0.0341343 0.0324427 0.0444173 0.0211091 0.0280891 0.0125444 0.00206551 0 0 0 0
 0 0 0 0 0 0 0 0 0 0 0 0 0 0 0 0 0 0 0 0 0 0 0 0 0 0 0 0 0 0 0 0 0 0 0 0
 0 0 0 0 0 0 0.0133647 0.0140871 0.0187388 0.0205184 0.03894 0.0496705 0.03968 0.0493445 0.0407372 0.0367815 0.0215668 0.0243155 0.0234873 0.0199281 0.019796 0.0243948 0.0301388 0.0376714 0.0412746 0.0863199 0.0771752 0.113111 0.0741005 0.0525337 0.0229764 0.00759418 0.00175318 0 0 0
 0 0 0 0 0 0 0 0 0 0 0.00219441 0.00772107 0.0458388 0.0604681 0.0671733 0.0775358 0.0609151 0.0617685 0.073594 0.0568108 0.0755445 0.0548602 0.0670107 0.0636378 0.0643287 0.046367 0.0373049 0.0286899 0.0247887 0.0153202 0.00654259 0.00121912 0.000365735 0 0 0
 0 0 0 0 0 0 0 0 0 0 0 0 0.000112435 0.00938835 0.0111873 0.0202946 0.0414886 0.0713402 0.111592 0.104902 0.108894 0.110636 0.117776 0.105296 0.107544 0.0401394 0.0192827 0.0124803 0.00416011 0.0028671 0.000618394 0 0 0 0 0
 0 0 0 0 0 0 0 0 0 0 0.00291406 0.0102884 0.027416 0.0768956 0.0749926 0.110853 0.0956884 0.0897413 0.0766577 0.0534642 0.0500743 0.0551293 0.0594112 0.0620874 0.0668451 0.0424026 0.0208742 0.0120726 0.0048766 0.00582813 0.00118941 0.000297354 0 0 0 0
 0 0.00264628 0.0354308 0.0461629 0.0458689 0.0383711 0.0214643 0.0164657 0.0346957 0.0420465 0.0363128 0.0245516 0.0311673 0.0291091 0.0169068 0.0133784 0.00837989 0.0085269 0.0148486 0.0160247 0.0276389 0.0546898 0.0760071 0.122758 0.109233 0.0665981 0.0333725 0.0166128 0.00676272 0.00308733 0.000882094 0 0 0 0 0
 0 0 0 0 0 0 0 0.000805153 0.000690131 0.00759144 0.0133425 0.0154129 0.00931677 0.000345066 0.00356568 0.00563607 0.00851162 0.0253048 0.0502646 0.0516448 0.0657925 0.0565908 0.0611916 0.0827007 0.0866115 0.110766 0.145733 0.0935128 0.0569358 0.0249597 0.0138026 0.00621118 0.00161031 0.00115022 0 0
 0 0 0 0 0 0 0 0 0 0 0 0 0 0 0 0 0 0 0 0 0 0 0 0 0 0 0 0 0 0 0 0 0 0 0 0
 0.00147267 0.00158595 0.00478618 0.00569244 0.00954404 0.0108468 0.00647125 0.017049 0.0510054 0.094081 0.124002 0.0959785 0.0687766 0.0820023 0.061753 0.0591476 0.0492212 0.0479892 0.0443925 0.0268479 0.0217502 0.0140895 0.0121071 0.0120363 0.00920419 0.00665534 0.0049561 0.00860946 0.00930331 0.0156896 0.0114698 0.00855282 0.00243557 0.00046729 0 2.83206e-05
 0 0 0 0 0.000772559 0.00158375 0.000888443 0.00281984 0.00712685 0.0440552 0.0773331 0.111326 0.0921469 0.0852325 0.0710754 0.0886704 0.0786465 0.0553345 0.0373146 0.0185414 0.00753245 0.00457741 0.012979 0.0271748 0.0457355 0.0583668 0.034881 0.0177882 0.00938659 0.00492506 0.0015258 0.00185414 0.000309023 5.79419e-05 3.86279e-05 0
 0 0.00173294 0.00326652 0 0.00397197 0.00683976 0.00946217 0.0152591 0.00757587 0.0136028 0.0228656 0.0392903 0.0559909 0.0764795 0.0681675 0.0726916 0.0566044 0.0477403 0.0527397 0.0444891 0.0609904 0.0582453 0.0661739 0.0445044 0.0529084 0.0360697 0.0280645 0.0235558 0.0158879 0.00826598 0.00280645 0.00217768 0.000904811 0.00058276 9.20147e-05 0
 0 0 0 0 0 0 0 0 0 0 0 0 0 0 0 0 0 0 0 0 0 0 0 0 0 0 0 0 0 0 0 0 0 0 0 0
 0 0 0 0 0 0 0 0 0 0 0 0 0 0 0 0 0 0 0 0 0 0 0 0 0 0 0 0 0 0 0 0 0 0 0 0
 0 0 0 0 0 0 0 0 0 0 0 0 0 0 0 0 0 0 0 0 0 0 0 0 0 0 0 0 0 0 0 0 0 0 0 0
ppred_pel_tallas
 1.03758e-16 1.32453e-05 7.76775e-05 0.000369116 0.0014209 0.00443075 0.0111922 0.0229041 0.0379788 0.0510431 0.0556469 0.049327 0.0358392 0.0219853 0.0126714 0.00899958 0.00972443 0.0132951 0.0187048 0.0253545 0.0327058 0.0401013 0.0467768 0.0519845 0.0551488 0.0559895 0.054572 0.0512634 0.0466209 0.0412499 0.0356809 0.0302986 0.0253287 0.0208676 0.0169317 0.0135018
 1.06625e-16 1.79902e-05 0.000105554 0.000501683 0.00193139 0.00602274 0.0152132 0.0311297 0.0516072 0.0693259 0.07549 0.0667059 0.0480089 0.0285423 0.0148372 0.00822872 0.00686529 0.00853237 0.0118651 0.0162169 0.0212123 0.0264807 0.0315947 0.0361154 0.0396713 0.042025 0.0431037 0.0429836 0.0418403 0.0398869 0.0373235 0.0343121 0.0309787 0.0274297 0.023772 0.0201219
 1.08206e-16 1.18201e-05 6.93156e-05 0.000329374 0.0012679 0.00395366 0.00998703 0.0204378 0.0338896 0.045548 0.0496581 0.0440229 0.0319953 0.0196473 0.0113607 0.0081245 0.00883537 0.0121198 0.0170924 0.0232341 0.0300823 0.0370699 0.0435345 0.0488259 0.0524416 0.0541316 0.0539378 0.0521514 0.0492107 0.0455776 0.0416352 0.0376355 0.0337015 0.0298664 0.026127 0.0224861
 1.0737e-16 2.09725e-05 0.000123066 0.000584952 0.00225201 0.00702261 0.0177387 0.0362968 0.0601701 0.0808196 0.0879814 0.0776861 0.0557856 0.0329125 0.0166426 0.00848441 0.0062284 0.00725135 0.00994515 0.0135783 0.0177833 0.0222449 0.0266133 0.0305315 0.0336974 0.0359178 0.037131 0.0373931 0.0368351 0.0356122 0.0338629 0.0316915 0.0291737 0.0263742 0.0233672 0.0202465
 1.03369e-16 2.89514e-05 0.000169911 0.00080766 0.0031095 0.00969665 0.024493 0.0501166 0.0830759 0.111575 0.121433 0.107152 0.0767901 0.0449912 0.0221645 0.0103266 0.0063517 0.00654492 0.00863132 0.0115817 0.0149185 0.01829 0.021344 0.023748 0.0252532 0.0257471 0.0252737 0.0240091 0.022207 0.0201304 0.017996 0.0159439 0.0140368 0.0122805 0.0106528 0.00912916
 1.0301e-16 1.74637e-05 0.000102444 0.00048686 0.00187425 0.00584451 0.0147632 0.0302106 0.0500891 0.0673037 0.0733334 0.0649077 0.0469484 0.0283787 0.0156029 0.00999137 0.00981245 0.0129455 0.0180254 0.0242883 0.0311292 0.0378642 0.0437259 0.0479854 0.0501114 0.0498933 0.0474855 0.0433531 0.0381446 0.0325343 0.0270867 0.0221777 0.0179827 0.0145158 0.0116925 0.00939157
 1.02728e-16 2.90688e-05 0.000170602 0.00081095 0.00312218 0.00973619 0.0245929 0.0503207 0.0834136 0.112027 0.121919 0.10757 0.0770635 0.0450999 0.0221235 0.0101519 0.0060411 0.00608088 0.00799532 0.0107705 0.0139574 0.0172406 0.0203033 0.0228369 0.0245955 0.0254434 0.0253765 0.0245069 0.023022 0.0211321 0.019026 0.0168462 0.0146853 0.0125981 0.0106186 0.00877341
 1.02083e-16 2.50883e-05 0.00014722 0.00069976 0.00269402 0.00840095 0.0212204 0.0434214 0.071982 0.0966889 0.105267 0.0929723 0.0668128 0.0395173 0.0201591 0.0105499 0.00804407 0.00948127 0.0128862 0.0172965 0.0221512 0.0269322 0.0310865 0.0340946 0.0355793 0.0353932 0.0336493 0.0306823 0.0269571 0.0229556 0.01908 0.0155967 0.0126281 0.0101811 0.00819264 0.00657418
 1.01776e-16 2.88731e-05 0.000169448 0.000805452 0.00310099 0.0096701 0.024426 0.0499797 0.0828499 0.111274 0.121112 0.106886 0.0766367 0.0449756 0.022295 0.0106184 0.00684049 0.00728339 0.00967537 0.0129724 0.0166636 0.0203488 0.0236187 0.0260866 0.0274634 0.0276215 0.0266186 0.0246725 0.0220986 0.0192313 0.0163568 0.0136734 0.0112858 0.00922204 0.00746386 0.0059739
 1.01813e-16 2.4957e-05 0.000146449 0.000696092 0.00267989 0.00835691 0.0211091 0.0431938 0.0716049 0.0961827 0.104717 0.092489 0.0664711 0.0393264 0.0200826 0.0105442 0.00808187 0.00955408 0.0129971 0.0174532 0.0223615 0.0272012 0.0314146 0.0344759 0.0360007 0.0358344 0.0340844 0.0310817 0.0272907 0.0231967 0.0192084 0.0156019 0.0125109 0.00995338 0.00787597 0.00619647
 1.03564e-16 1.42056e-05 8.33147e-05 0.000395913 0.00152407 0.00475249 0.0120049 0.024567 0.0407354 0.0547457 0.0596774 0.0528852 0.0383927 0.0234879 0.0134226 0.0093645 0.00996156 0.0135341 0.0189894 0.0256795 0.033032 0.0403594 0.0468719 0.0518068 0.0545908 0.0549677 0.053047 0.0492536 0.0442055 0.0385592 0.0328775 0.0275522 0.0227916 0.0186556 0.0151136 0.0120977
 1.07245e-16 1.28281e-05 7.52396e-05 0.00035755 0.00137641 0.00429205 0.0108417 0.022186 0.0367853 0.0494305 0.0538663 0.047695 0.0345376 0.0209576 0.0116753 0.00772232 0.00786257 0.0105845 0.0149407 0.0204297 0.0266634 0.0331817 0.0394346 0.044859 0.0489856 0.0515261 0.0524129 0.0517766 0.0498802 0.047034 0.0435259 0.0395846 0.0353787 0.0310373 0.0266762 0.0224138
 1.06766e-16 2.25855e-05 0.000132537 0.000629978 0.00242538 0.00756324 0.0191043 0.0390908 0.064801 0.0870371 0.0947429 0.0836398 0.0600247 0.03534 0.0177331 0.00881314 0.0061836 0.00700321 0.00952897 0.012971 0.0169438 0.0211317 0.0251928 0.0287842 0.0316228 0.0335367 0.0344869 0.0345496 0.0338725 0.0326203 0.0309337 0.0289103 0.0266115 0.0240823 0.0213743 0.0185591
 1.04335e-16 2.22458e-05 0.000130532 0.000620424 0.00238855 0.00744838 0.0188143 0.0384983 0.0638221 0.0857321 0.0933485 0.0824707 0.0593202 0.0351951 0.018157 0.00983417 0.00790428 0.00958625 0.0131411 0.0177136 0.0227865 0.0278624 0.0324006 0.0358862 0.0379374 0.03839 0.0373282 0.0350466 0.0319624 0.028508 0.0250404 0.0217911 0.0188634 0.0162626 0.013942 0.0118443
 1.02765e-16 2.62821e-05 0.000154235 0.00073312 0.00282248 0.00880158 0.0222322 0.0454913 0.0754111 0.101288 0.110256 0.097336 0.0698556 0.0411302 0.0206386 0.0102478 0.00715664 0.00803759 0.0108294 0.0145671 0.0187464 0.02294 0.0266989 0.0295946 0.0313049 0.0316834 0.0307863 0.0288444 0.0261941 0.0231919 0.0201408 0.017249 0.0146245 0.012296 0.0102465 0.00844282
 1.02204e-16 2.51066e-05 0.000147329 0.00070028 0.00269602 0.00840721 0.0212362 0.0434536 0.072035 0.0967589 0.10534 0.0930293 0.0668376 0.0394996 0.0200909 0.0104197 0.00783425 0.00917069 0.0124561 0.016738 0.0214731 0.026166 0.0302879 0.0333383 0.0349488 0.0349657 0.0334815 0.0307986 0.0273453 0.0235702 0.0198516 0.0164456 0.0134778 0.0109687 0.00887518 0.00713009
 1.02806e-16 2.09461e-05 0.000122897 0.000584116 0.00224874 0.00701236 0.017713 0.0362453 0.0600891 0.0807235 0.0879103 0.077703 0.055971 0.0333689 0.0175111 0.00995918 0.00855577 0.0107029 0.014765 0.0199104 0.0255921 0.0312512 0.0362696 0.0400553 0.0421658 0.0424063 0.0408674 0.0378853 0.0339453 0.0295608 0.0251699 0.0210751 0.0174335 0.0142855 0.0116003 0.00931903
 1.03642e-16 2.14642e-05 0.000125944 0.000598611 0.00230457 0.00718647 0.0181527 0.0371447 0.0615783 0.082719 0.0900701 0.0795802 0.057254 0.0339955 0.0175879 0.00960887 0.00782628 0.00956655 0.0131615 0.0177937 0.0229675 0.0282002 0.0329583 0.0367239 0.0390984 0.0398864 0.0391295 0.0370751 0.0340985 0.0306043 0.0269427 0.0233623 0.0200041 0.0169244 0.0141314 0.0116164
 1.04133e-16 2.01421e-05 0.00011818 0.000561695 0.00216242 0.00674319 0.0170331 0.034854 0.0577822 0.0776237 0.0845329 0.0747137 0.0538091 0.0320631 0.0167958 0.00950786 0.00812498 0.0101528 0.0140277 0.0189653 0.0244613 0.0300037 0.0350232 0.0389688 0.0414202 0.0421782 0.0412993 0.0390605 0.035873 0.0321751 0.0283404 0.0246277 0.0211749 0.0180266 0.0151757 0.0125995
 1.03052e-16 2.76612e-05 0.000162335 0.00077164 0.00297081 0.00926415 0.0234006 0.0478815 0.0793717 0.106602 0.116027 0.102397 0.0734157 0.043081 0.0213487 0.0101585 0.00653797 0.00696893 0.00928388 0.0124956 0.016131 0.0198248 0.0232011 0.0258989 0.0276409 0.0282901 0.0278736 0.02656 0.024605 0.0222832 0.01983 0.0174102 0.0151146 0.0129777 0.0110034 0.00918806
 1.02294e-16 2.48399e-05 0.000145762 0.000692828 0.00266733 0.00831773 0.0210101 0.0429912 0.0712689 0.0957309 0.104224 0.0920503 0.0661491 0.0391226 0.019954 0.0104375 0.00795417 0.00937658 0.0127517 0.0171307 0.0219633 0.0267417 0.030923 0.0339947 0.0355817 0.0355318 0.0339468 0.0311448 0.0275723 0.0236943 0.0199009 0.0164527 0.0134733 0.0109761 0.00890864 0.00719391
 1.03001e-16 2.0222e-05 0.000118646 0.000563901 0.00217091 0.00676964 0.0170999 0.034991 0.0580102 0.0779326 0.084876 0.0750329 0.0540737 0.0322901 0.0170408 0.00984354 0.00862566 0.0108872 0.0150524 0.0203129 0.0261255 0.0319263 0.037088 0.041008 0.0432338 0.0435631 0.0420817 0.0391244 0.0351775 0.0307571 0.026305 0.0221277 0.018387 0.0151283 0.0123265 0.00992818
 1.03497e-16 2.36867e-05 0.000138996 0.00066067 0.00254352 0.00793166 0.0200349 0.0409955 0.0679599 0.0912843 0.0993776 0.0877586 0.0630397 0.0372335 0.0189004 0.00974557 0.00726968 0.00849563 0.0115778 0.0156424 0.02021 0.0248499 0.0290963 0.0324964 0.0346993 0.0355286 0.0350118 0.0333541 0.0308717 0.0279071 0.0247579 0.021637 0.0186675 0.0159031 0.0133586 0.0110366
 1.03669e-16 2.04563e-05 0.000120023 0.000570454 0.00219614 0.00684834 0.0172987 0.0353975 0.0586836 0.0788355 0.0858547 0.075887 0.054665 0.0325947 0.017113 0.00974661 0.00839036 0.0105096 0.0145104 0.0195843 0.0252016 0.030821 0.0358431 0.0396927 0.0419384 0.042388 0.0411237 0.0384631 0.0348654 0.0308144 0.0267191 0.0228574 0.0193697 0.0162883 0.0135832 0.0112046
 1.06705e-16 6.54012e-06 3.83064e-05 0.000181927 0.000700155 0.00218312 0.00551495 0.0112885 0.0187281 0.0251999 0.0275508 0.024607 0.0182809 0.0120153 0.00835209 0.00798513 0.0104546 0.0151146 0.0215028 0.0292281 0.0377736 0.0464212 0.0543133 0.0606056 0.064645 0.0661085 0.0650578 0.0618887 0.0572036 0.0516516 0.045793 0.0400237 0.0345664 0.0295099 0.0248692 0.020636
pSPR Fmed_Fpbrs
0.550376   0.255602 0.255602
Fs Fmed_Fpbrs
0.336057   1.005 1.005
SSBpbr Bo_Bmed_Bpbrs
939553  470130  193174 193174
Ro
34891.6
SPR SPRFo_SPRFmed_SPRFpbrs
716595 394397 183163
log_Ro
10.28
likeval ReclasPelacesDesembMPH_pf_preclas_ppelaces_ptallas_desvR_qrecl_qpela
 101.168 99.5415 0.0158308 0.00062213 346.666 204.837 82.3549 0 17.3137 0 0 0 0 0 0
q_reclas_q_pelaces
1 1
M
0.7
N
 31215.7 27057.1 11014.1 1383.9 0.229323
 36469.5 13834.7 10702.5 4356.62 547.492
 14203.2 15607.4 5102.43 3947.2 1808.7
 18155.1 4780.35 3560.25 1163.93 1313
 47462.5 8019.58 1878.33 1398.92 973.256
 30448.7 23032.8 3803.21 890.784 1124.98
 68370.9 11422 6526.76 1077.71 571.203
 78074 28872.3 4101.72 2343.81 592.138
 131237 29823.4 8483.79 1205.24 862.697
 154941 52154.3 9484.9 2698.14 657.678
 71043.1 67120.4 19709.3 3584.37 1268.17
 36573.3 27148.9 19738.8 5796.11 1427.04
 47870.4 14158 8192.85 5956.67 2179.77
 28193.9 16326.7 3316.45 1919.14 1905.92
 19593 7234.99 2165.07 439.791 507.236
 15811.3 5527.88 1159.73 347.05 151.804
 12917.6 6113.83 1664.38 349.183 150.199
 13683.5 5246.18 2030.68 552.817 165.868
 13461.6 5863.33 1939.75 750.834 265.73
 28282.8 5818.72 2206.04 729.816 382.475
 39628.2 12271.6 2205.95 836.335 421.683
 41380.8 18583.5 5434.42 976.891 557.106
 65590.9 19043.2 7925.33 2317.63 654.208
 67959.3 29581 7799.83 3246.1 1217.22
 15029 30573.7 12056.4 3179 1819.13
pred_Ctot
 2429.37 4011.19 1632.83 205.162 0.033997
 3655.9 2604.16 2014.56 820.061 103.056
 3365.69 6341.1 2073.06 1603.71 734.855
 1452.16 727.36 541.714 177.099 199.781
 777.796 260.198 60.9432 45.3885 31.5776
 5443.2 7343.38 1212.55 284.001 358.67
 7425.62 2316.81 1323.88 218.601 115.862
 13154.2 8735.28 1240.97 709.119 179.151
 19093.4 7910.95 2250.41 319.702 228.838
 14335.8 9106.13 1656.06 471.095 114.83
 11952.9 20282.1 5955.65 1083.11 383.21
 5882 7880.57 5729.63 1682.45 414.23
 11016.8 5612.71 3247.92 2361.42 864.131
 10172.6 9255.02 1879.97 1087.89 1080.4
 6284.32 3752.32 1122.88 228.091 263.071
 2553.29 1610.45 337.867 101.107 44.2253
 1711.99 1489.93 405.606 85.0951 36.6033
 1360.81 980.162 379.399 103.285 30.9897
 1264.4 1038.31 343.502 132.962 47.0571
 2588.02 1005.41 381.18 126.105 66.0877
 1591.5 961.42 172.825 65.5225 33.0367
 2190.39 1903.58 556.671 100.067 57.0667
 4355.04 2426.14 1009.7 295.271 83.3472
 4622.73 3856.92 1016.98 423.244 158.708
 1300.09 5010.22 1975.72 520.953 298.107
F
 0.113738 0.227476 0.227476 0.227476 0.227476
 0.148733 0.297465 0.297465 0.297465 0.297465
 0.388956 0.777912 0.777912 0.777912 0.777912
 0.117065 0.234129 0.234129 0.234129 0.234129
 0.0230196 0.0460392 0.0460392 0.0460392 0.0460392
 0.280505 0.56101 0.56101 0.56101 0.56101
 0.162066 0.324132 0.324132 0.324132 0.324132
 0.262362 0.524724 0.524724 0.524724 0.524724
 0.222797 0.445594 0.445594 0.445594 0.445594
 0.136559 0.273118 0.273118 0.273118 0.273118
 0.261951 0.523902 0.523902 0.523902 0.523902
 0.249037 0.498074 0.498074 0.498074 0.498074
 0.375693 0.751386 0.751386 0.751386 0.751386
 0.660176 1.32035 1.32035 1.32035 1.32035
 0.565369 1.13074 1.13074 1.13074 1.13074
 0.250175 0.50035 0.50035 0.50035 0.50035
 0.201091 0.402182 0.402182 0.402182 0.402182
 0.147471 0.294942 0.294942 0.294942 0.294942
 0.13876 0.27752 0.27752 0.27752 0.27752
 0.134962 0.269924 0.269924 0.269924 0.269924
 0.0572684 0.114537 0.114537 0.114537 0.114537
 0.0761037 0.152207 0.152207 0.152207 0.152207
 0.0963053 0.192611 0.192611 0.192611 0.192611
 0.0987678 0.197536 0.197536 0.197536 0.197536
 0.12716 0.254319 0.254319 0.254319 0.254319
nmprior
 10.6 11 7 0
nm_flota  nm_reclas  nm_pelaces    nm_pelaL
inf 14.8379 11.8378 24.8458
cv_recla  cv_pelaces  cv_mph
0.909802 1.13129 0.809243
 ------------------------------------------------
Talla a la edad & desviación 
 7.2 14.2025 17.0495 18.207 18.6776
 1.08 2.13037 2.55742 2.73105 2.80164
