years
 1997 1998 1999 2000 2001 2002 2003 2004 2005 2006 2007 2008 2009 2010 2011 2012 2013 2014 2015 2016 2017 2018 2019 2020 2021
reclasobs
 0 0 0 370054 412103 1.49427e+06 250295 1.28982e+06 931140 785840 897777 1.04006e+06 184774 17550 25797 100020 73551 82996 120727 218422 84188 347160 605670 569463 516374
reclaspred
 501664 106985 184248 134142 267344 295110 660458 495385 677321 851539 711658 474950 300598 132562 84953.1 82137 96709.6 121593 115897 182296 284947 255847 439099 524574 450028
pelacesobs
 0 0 0 0 0 0 0 0 0 2.06254e+06 1.5e+06 0 1.87456e+06 323000 250000 174000 83755 137374 0 501740 490994 745055 786931 1.00524e+06 1.33801e+06
pelacespred
 677386 159402 137703 171957 308864 272564 773379 632275 829404 1.0357e+06 787042 546768 347900 124163 78422.9 81916.3 101100 129992 126638 193209 340861 298354 404103 572487 501499
mphobs
 0 0 0 0 0 112323 0 153150 637223 0 255016 313432 73983 77613 109348 50772 0 0 0 0 0 0 0 0 0
mphpred
 207894 93511.5 78304.7 53428.4 76325.7 152353 203209 249200 243840 318303 409472 296807 178570 96412.9 42460 33959.5 39662 50936.2 58173.3 61630.3 105991 132479 160984 226937 269960
desembarqueobs
 350755 77701 442110 56441 14545 235359 269955 359681 431902 328805 639364 411747 362871 311530 167758 66681 60226 58785 57116 73181 50977 67692 138656 160484 209506
desembarquepred
 350736 77674.9 441737 56432.3 14544.8 235350 269952 359480 431723 328683 639038 411655 362708 311447 167586 66662.5 60228.8 58768.7 57095.3 73152.9 50971.2 67671.4 138625 160454 209467
Reclutas
 24607.7 40195.3 10953.1 32430.8 63129.6 34262.1 68925.7 81515.8 124839 177456 65013.5 35132.4 47016 22301.6 15485.2 17244.3 12582 12993.9 12811.4 31446.4 37347.7 43651.9 74761 74303.8 10249.2
log_desv_Rt
 -0.349184 0.141506 -1.15862 -0.0731372 0.592944 -0.018206 0.680784 0.848553 1.27478 1.62648 0.622351 0.00687904 0.298243 -0.447587 -0.812361 -0.704763 -1.01998 -0.987766 -1.00191 -0.103961 0.0680261 0.224001 0.762051 0.755918 -1.22505
SSB
 661568 297575 249184 170022 242886 484824 646659 793012 775956 1.01291e+06 1.30303e+06 944509 568253 306808 135118 108067 126214 162091 185121 196122 337287 421578 512287 722167 859074
BT
 1.45918e+06 427994 479865 368127 564849 671742 1.57234e+06 1.53116e+06 1.87794e+06 2.16385e+06 1.97031e+06 1.35156e+06 979493 520471 281113 201586 229983 280050 276285 405860 651217 598188 819443 1.15674e+06 1.07064e+06
Ftot
 0.432778 0.590697 1.29498 0.41062 0.0553139 0.454314 0.328827 0.611352 0.602837 0.350423 0.521582 0.474276 0.798211 1.38557 1.47062 0.619951 0.458867 0.337805 0.310037 0.351176 0.135303 0.171482 0.212214 0.20653 0.230504
BD_Bspro_t
 0.940304 0.680184 0.53826 0.287473 0.495501 0.711818 0.634877 0.648055 0.609174 0.625161 0.653337 0.501763 0.382864 0.283471 0.167106 0.167876 0.251397 0.381082 0.470779 0.543918 0.692711 0.785042 0.787358 0.791101 0.774738
BD_Bspro
 0.923209 0.415263 0.347733 0.237263 0.338944 0.676566 0.902404 1.10664 1.08284 1.41351 1.81837 1.31805 0.79299 0.428147 0.188555 0.150806 0.17613 0.226196 0.258334 0.273686 0.47068 0.588307 0.71489 1.00778 1.19883
BD_Bo
 0.702733 0.316092 0.264689 0.180601 0.258 0.514992 0.686897 0.842357 0.82424 1.07594 1.38412 1.00328 0.603612 0.3259 0.143525 0.114792 0.134067 0.172177 0.19664 0.208326 0.358275 0.447811 0.544164 0.767104 0.91253
BD_Brms
 2.35512 1.05934 0.887073 0.605263 0.864654 1.72593 2.30205 2.82306 2.76234 3.60589 4.63869 3.36237 2.02293 1.09221 0.481008 0.38471 0.44931 0.57703 0.659015 0.698178 1.20071 1.50078 1.8237 2.57085 3.05823
S_f
 0.151673 1 1 1 1
 0.151673 1 1 1 1
 0.151673 1 1 1 1
 0.151673 1 1 1 1
 0.151673 1 1 1 1
 0.151673 1 1 1 1
 0.151673 1 1 1 1
 0.151673 1 1 1 1
 0.151673 1 1 1 1
 0.151673 1 1 1 1
 0.151673 1 1 1 1
 0.151673 1 1 1 1
 0.151673 1 1 1 1
 0.151673 1 1 1 1
 0.151673 1 1 1 1
 0.151673 1 1 1 1
 0.151673 1 1 1 1
 0.151673 1 1 1 1
 0.151673 1 1 1 1
 0.151673 1 1 1 1
 0.151673 1 1 1 1
 0.151673 1 1 1 1
 0.151673 1 1 1 1
 0.151673 1 1 1 1
 0.151673 1 1 1 1
Scru_reclas
 1 1 1 1 1
 1 1 1 1 1
 1 1 1 1 1
 1 1 1 1 1
 1 1 1 1 1
 1 1 1 1 1
 1 1 1 1 1
 1 1 1 1 1
 1 1 1 1 1
 1 1 1 1 1
 1 1 1 1 1
 1 1 1 1 1
 1 1 1 1 1
 1 1 1 1 1
 1 1 1 1 1
 1 1 1 1 1
 1 1 1 1 1
 1 1 1 1 1
 1 1 1 1 1
 1 1 1 1 1
 1 1 1 1 1
 1 1 1 1 1
 1 1 1 1 1
 1 1 1 1 1
 1 1 1 1 1
Scru_pelaces
 1 1 1 1 1
 1 1 1 1 1
 1 1 1 1 1
 1 1 1 1 1
 1 1 1 1 1
 1 1 1 1 1
 1 1 1 1 1
 1 1 1 1 1
 1 1 1 1 1
 1 1 1 1 1
 1 1 1 1 1
 1 1 1 1 1
 1 1 1 1 1
 1 1 1 1 1
 1 1 1 1 1
 1 1 1 1 1
 1 1 1 1 1
 1 1 1 1 1
 1 1 1 1 1
 1 1 1 1 1
 1 1 1 1 1
 1 1 1 1 1
 1 1 1 1 1
 1 1 1 1 1
 1 1 1 1 1
pf_obs 
 0.256992 0.487395 0.22802 0.0275931 0
 0.321318 0.546541 0.124235 0.00734118 0.000564706
 0.182869 0.594174 0.210203 0.0122559 0.00049798
 0.330522 0.361315 0.267642 0.0388342 0.00168674
 0.649043 0.306663 0.0425973 0.00169635 0
 0.582887 0.30429 0.105238 0.00758474 0
 0.465427 0.430635 0.0974691 0.00646863 0
 0.296916 0.608066 0.0921331 0.00288517 0
 0.311714 0.524322 0.152257 0.0117073 0
 0.15457 0.633149 0.183074 0.0267441 0.00246327
 0.131901 0.49318 0.331252 0.0422183 0.00144891
 0.196976 0.569456 0.194076 0.0375587 0.00193317
 0.518974 0.381816 0.0799577 0.0180837 0.00116848
 0.0928022 0.601141 0.25162 0.0475244 0.00691264
 0.122501 0.610282 0.24278 0.0234846 0.000952079
 0.383417 0.481906 0.127806 0.00687128 0
 0.0376549 0.599619 0.316969 0.0457579 0
 0.0361596 0.667082 0.258105 0.0386534 0
 0.158088 0.579412 0.248529 0.0139706 0
 0.0477256 0.309471 0.559284 0.082774 0.000745712
 0.0406174 0.521527 0.379366 0.0568643 0.0016247
 0.151134 0.462217 0.34131 0.0453401 0
 0.294876 0.26143 0.354403 0.0886775 0.000613685
 0.281977 0.475581 0.204845 0.0348837 0.00271318
 0.0354234 0.537034 0.353287 0.0723622 0.0018943
pf_pred 
 0.151225 0.57781 0.240059 0.0308974 7.95479e-06
 0.279762 0.426542 0.199936 0.0830661 0.010694
 0.0970638 0.699272 0.120615 0.0565366 0.0265129
 0.426186 0.33416 0.185598 0.0320133 0.0220427
 0.356289 0.551578 0.0536535 0.0298002 0.00867937
 0.134345 0.683277 0.156274 0.0152013 0.0109021
 0.293858 0.396291 0.244571 0.0559366 0.00934339
 0.264215 0.561402 0.0978648 0.0603971 0.016121
 0.32597 0.513867 0.122204 0.0213029 0.0166562
 0.304639 0.564206 0.0999895 0.0237789 0.0073862
 0.0990231 0.697413 0.165169 0.0292716 0.00912346
 0.0928525 0.438927 0.362432 0.0858354 0.0199532
 0.210087 0.363429 0.206356 0.170393 0.0497352
 0.15618 0.610877 0.107174 0.0608537 0.0649151
 0.230764 0.551227 0.157826 0.0276894 0.0324936
 0.300117 0.567945 0.0945455 0.02707 0.0103225
 0.186283 0.645889 0.13619 0.0226716 0.00896655
 0.199966 0.523301 0.219658 0.0463164 0.0107597
 0.189733 0.534883 0.180129 0.0756097 0.0196465
 0.364219 0.408279 0.150181 0.0505754 0.0267455
 0.247467 0.61525 0.0881594 0.0324285 0.0166958
 0.213214 0.549313 0.194151 0.02782 0.0155019
 0.276903 0.477145 0.171717 0.0606923 0.0135426
 0.199423 0.589704 0.139148 0.0500772 0.0216488
 0.0295873 0.625563 0.254015 0.0599379 0.030896
pobs_RECLAS
 0 0 0 0 0
 0 0 0 0 0
 0 0 0 0 0
 0 0 0 0 0
 0.835266 0.146461 0.0176864 0.000547809 3.91292e-05
 0.385257 0.428462 0.181853 0.0044286 0
 0.867414 0.0963971 0.0333333 0.00285562 0
 0.441836 0.489002 0.0689373 0.000224442 0
 0.779404 0.147425 0.0564933 0.0165055 0.000172143
 0.814271 0.122319 0.05973 0.00367925 0
 0.40263 0.566651 0.0304383 0.000280538 0
 0.475488 0.404961 0.113038 0.00651328 0
 0.955842 0.0263864 0.0167828 0.000988607 0
 0.975058 0.0227948 0.00214734 0 0
 0.738997 0.206755 0.0527124 0.00153531 0
 0.850938 0.134255 0.0134407 0.00136685 0
 0.542534 0.407297 0.0501686 0 0
 0.764087 0.199537 0.0359546 0.000420521 0
 0.470689 0.182191 0.310203 0.0369168 0
 0.84361 0.089868 0.0606195 0.00523954 0.000663233
 0.607945 0.314616 0.071237 0.00620181 0
 0.523733 0.453247 0.0230204 0 0
 0.530135 0.295979 0.169645 0.0042399 0
 0.562478 0.366248 0.0663022 0.0049721 0
 0.250443 0.683176 0.0655157 0.000865301 0
ppred_RECLAS
 0.547258 0.308207 0.128049 0.0164809 4.24313e-06
 0.727706 0.161259 0.075588 0.0314041 0.00404298
 0.445996 0.429044 0.0740044 0.0346885 0.0162672
 0.834157 0.0965785 0.0536415 0.00925244 0.00637077
 0.78539 0.183893 0.0178878 0.00993524 0.00289366
 0.513336 0.384133 0.0878563 0.00854603 0.00612909
 0.736859 0.147676 0.0911382 0.0208445 0.00348177
 0.712274 0.219534 0.0382696 0.023618 0.00630405
 0.769119 0.176019 0.0418597 0.00729707 0.0057054
 0.747016 0.205268 0.0363779 0.00865116 0.00268723
 0.429022 0.441973 0.104673 0.0185503 0.00578183
 0.410678 0.285146 0.235451 0.0557624 0.0129624
 0.651475 0.160352 0.0910483 0.0751806 0.0219441
 0.584167 0.301039 0.0528152 0.0299886 0.0319901
 0.697603 0.216695 0.0620435 0.0108851 0.0127737
 0.747387 0.204992 0.0341249 0.00977057 0.00372576
 0.608847 0.310478 0.0654667 0.0108982 0.00431022
 0.627287 0.243791 0.102332 0.0215775 0.00501263
 0.61142 0.256514 0.0863843 0.0362601 0.00942189
 0.794297 0.132096 0.0485903 0.0163634 0.00865334
 0.685944 0.256763 0.0367917 0.0135334 0.00696771
 0.643353 0.249002 0.0880079 0.0126107 0.00702696
 0.718766 0.185576 0.066786 0.0236051 0.00526712
 0.624324 0.276722 0.0652958 0.023499 0.0101588
 0.169252 0.53553 0.217457 0.0513114 0.0264493
pobs_PELACES
 0 0 0 0 0
 0 0 0 0 0
 0 0 0 0 0
 0 0 0 0 0
 0 0 0 0 0
 0 0 0 0 0
 0 0 0 0 0
 0 0 0 0 0
 0 0 0 0 0
 0 0 0 0 0
 0.450072 0.473896 0.0757376 0.000293798 0
 0 0 0 0 0
 0.463077 0.371075 0.160297 0.00555027 0
 0.529543 0.364841 0.0842815 0.0213345 0
 0.631943 0.363953 0.00410389 0 0
 0.735681 0.248677 0.0153453 0.000297389 0
 0.695825 0.281241 0.0229344 0 0
 0.275771 0.60734 0.115278 0.00161068 0
 0 0 0 0 0
 0.896147 0.0623911 0.0374545 0.00400742 0
 0.803859 0.145111 0.0509908 3.86294e-05 0
 0.739449 0.233085 0.0266225 0.000797448 4.60066e-05
 0.878498 0.100942 0.0204185 0.000141795 0
 0.694673 0.275183 0.0284847 0.00165964 0
 0.469039 0.446079 0.0841089 0.000773354 0
ppred_PELACES
 0.577069 0.287913 0.119618 0.0153957 3.96374e-06
 0.759214 0.142599 0.0668413 0.0277701 0.00357514
 0.536352 0.359069 0.0619346 0.0290309 0.0136141
 0.849455 0.0876698 0.0486934 0.00839897 0.00578311
 0.787988 0.181667 0.0176712 0.00981494 0.00285863
 0.545013 0.359129 0.0821377 0.00798977 0.00573015
 0.754315 0.13788 0.0850923 0.0194617 0.0032508
 0.74604 0.193771 0.0337786 0.0208464 0.00556425
 0.79772 0.154214 0.0366742 0.00639312 0.00499862
 0.765102 0.190593 0.0337772 0.00803267 0.00249511
 0.4651 0.414046 0.0980592 0.0173782 0.00541649
 0.443149 0.269434 0.222478 0.0526899 0.0122482
 0.700355 0.137863 0.078279 0.0646368 0.0188665
 0.67432 0.235774 0.0413648 0.0234871 0.0250546
 0.776885 0.159882 0.045777 0.00803124 0.00942468
 0.778729 0.179558 0.0298909 0.0085583 0.00326349
 0.638977 0.286563 0.0604239 0.0100587 0.00397821
 0.649117 0.229512 0.0963384 0.0203137 0.00471903
 0.631831 0.24304 0.0818468 0.0343555 0.00892698
 0.809896 0.122079 0.0449055 0.0151225 0.00799714
 0.694046 0.250139 0.0358426 0.0131843 0.00678796
 0.65429 0.241365 0.0853089 0.012224 0.00681146
 0.730617 0.177755 0.0639716 0.0226103 0.00504516
 0.637784 0.266807 0.0629563 0.0226571 0.00979484
 0.17852 0.529556 0.215031 0.050739 0.0261543
pobs_pel_tallas
 0 0 0 0 0 0 0 0 0 0 0 0 0 0 0 0 0 0 0 0 0 0 0 0 0 0 0 0 0 0 0 0 0 0 0 0
 0 0 0 0 0 0 0 0 0 0 0 0 0 0 0 0 0 0 0 0 0 0 0 0 0 0 0 0 0 0 0 0 0 0 0 0
 0 0 0 0 0 0 0 0 0 0 0 0 0 0 0 0 0 0 0 0 0 0 0 0 0 0 0 0 0 0 0 0 0 0 0 0
 0 0 0 0 0 0 0 0 0 0 0 0 0 0 0 0 0 0 0 0 0 0 0 0 0 0 0 0 0 0 0 0 0 0 0 0
 0 0 0 0 0 0 0 0 0 0 0 0 0 0 0 0 0 0 0 0 0 0 0 0 0 0 0 0 0 0 0 0 0 0 0 0
 0 0 0 0 0 0 0 0 0 0 0 0 0 0 0 0 0 0 0 0 0 0 0 0 0 0 0 0 0 0 0 0 0 0 0 0
 0 0 0 0 0 0 0 0 0 0 0 0 0 0 0 0 0 0 0 0 0 0 0 0 0 0 0 0 0 0 0 0 0 0 0 0
 0 0 0 0 0 0 0 0 0 0 0 0 0 0 0 0 0 0 0 0 0 0 0 0 0 0 0 0 0 0 0 0 0 0 0 0
 0 0 0 0 0 0 0 0 0 0 0 0 0 0 0 0 0 0 0 0 0 0 0 0 0 0 0 0 0 0 0 0 0 0 0 0
 0 0 0 0 0 0 0 0 0 0 0 0 0 0 0 0 0 0 0 0 0 0 0 0 0 0 0 0 0 0 0 0 0 0 0 0
 0 0 0 0 0 0 0 0 1.78061e-05 0.00172719 0.00360574 0.0105946 0.0120993 0.0124554 0.0147524 0.0171206 0.0266825 0.0428682 0.0675386 0.121331 0.153587 0.119568 0.100827 0.0573624 0.0630603 0.0341343 0.0324427 0.0444173 0.0211091 0.0280891 0.0125444 0.00206551 0 0 0 0
 0 0 0 0 0 0 0 0 0 0 0 0 0 0 0 0 0 0 0 0 0 0 0 0 0 0 0 0 0 0 0 0 0 0 0 0
 0 0 0 0 0 0 0.0133647 0.0140871 0.0187388 0.0205184 0.03894 0.0496705 0.03968 0.0493445 0.0407372 0.0367815 0.0215668 0.0243155 0.0234873 0.0199281 0.019796 0.0243948 0.0301388 0.0376714 0.0412746 0.0863199 0.0771752 0.113111 0.0741005 0.0525337 0.0229764 0.00759418 0.00175318 0 0 0
 0 0 0 0 0 0 0 0 0 0 0.00219441 0.00772107 0.0458388 0.0604681 0.0671733 0.0775358 0.0609151 0.0617685 0.073594 0.0568108 0.0755445 0.0548602 0.0670107 0.0636378 0.0643287 0.046367 0.0373049 0.0286899 0.0247887 0.0153202 0.00654259 0.00121912 0.000365735 0 0 0
 0 0 0 0 0 0 0 0 0 0 0 0 0.000112435 0.00938835 0.0111873 0.0202946 0.0414886 0.0713402 0.111592 0.104902 0.108894 0.110636 0.117776 0.105296 0.107544 0.0401394 0.0192827 0.0124803 0.00416011 0.0028671 0.000618394 0 0 0 0 0
 0 0 0 0 0 0 0 0 0 0 0.00291406 0.0102884 0.027416 0.0768956 0.0749926 0.110853 0.0956884 0.0897413 0.0766577 0.0534642 0.0500743 0.0551293 0.0594112 0.0620874 0.0668451 0.0424026 0.0208742 0.0120726 0.0048766 0.00582813 0.00118941 0.000297354 0 0 0 0
 0 0.00264628 0.0354308 0.0461629 0.0458689 0.0383711 0.0214643 0.0164657 0.0346957 0.0420465 0.0363128 0.0245516 0.0311673 0.0291091 0.0169068 0.0133784 0.00837989 0.0085269 0.0148486 0.0160247 0.0276389 0.0546898 0.0760071 0.122758 0.109233 0.0665981 0.0333725 0.0166128 0.00676272 0.00308733 0.000882094 0 0 0 0 0
 0 0 0 0 0 0 0 0.000805153 0.000690131 0.00759144 0.0133425 0.0154129 0.00931677 0.000345066 0.00356568 0.00563607 0.00851162 0.0253048 0.0502646 0.0516448 0.0657925 0.0565908 0.0611916 0.0827007 0.0866115 0.110766 0.145733 0.0935128 0.0569358 0.0249597 0.0138026 0.00621118 0.00161031 0.00115022 0 0
 0 0 0 0 0 0 0 0 0 0 0 0 0 0 0 0 0 0 0 0 0 0 0 0 0 0 0 0 0 0 0 0 0 0 0 0
 0.00147267 0.00158595 0.00478618 0.00569244 0.00954404 0.0108468 0.00647125 0.017049 0.0510054 0.094081 0.124002 0.0959785 0.0687766 0.0820023 0.061753 0.0591476 0.0492212 0.0479892 0.0443925 0.0268479 0.0217502 0.0140895 0.0121071 0.0120363 0.00920419 0.00665534 0.0049561 0.00860946 0.00930331 0.0156896 0.0114698 0.00855282 0.00243557 0.00046729 0 2.83206e-05
 0 0 0 0 0.000772559 0.00158375 0.000888443 0.00281984 0.00712685 0.0440552 0.0773331 0.111326 0.0921469 0.0852325 0.0710754 0.0886704 0.0786465 0.0553345 0.0373146 0.0185414 0.00753245 0.00457741 0.012979 0.0271748 0.0457355 0.0583668 0.034881 0.0177882 0.00938659 0.00492506 0.0015258 0.00185414 0.000309023 5.79419e-05 3.86279e-05 0
 0 0.00173294 0.00326652 0 0.00397197 0.00683976 0.00946217 0.0152591 0.00757587 0.0136028 0.0228656 0.0392903 0.0559909 0.0764795 0.0681675 0.0726916 0.0566044 0.0477403 0.0527397 0.0444891 0.0609904 0.0582453 0.0661739 0.0445044 0.0529084 0.0360697 0.0280645 0.0235558 0.0158879 0.00826598 0.00280645 0.00217768 0.000904811 0.00058276 9.20147e-05 0
 0 0 0 0 0 0 0 0 0 0 0 0 0 0 0 0 0 0 0 0 0 0 0 0 0 0 0 0 0 0 0 0 0 0 0 0
 0 0 0 0 0 0 0 0 0 0 0 0 0 0 0 0 0 0 0 0 0 0 0 0 0 0 0 0 0 0 0 0 0 0 0 0
 0 0 0 0 0 0 0 0 0 0 0 0 0 0 0 0 0 0 0 0 0 0 0 0 0 0 0 0 0 0 0 0 0 0 0 0
ppred_pel_tallas
 1.02322e-16 2.51875e-05 0.000147807 0.000702559 0.00270481 0.00843462 0.0213054 0.0435949 0.0722683 0.0970691 0.10567 0.093301 0.0669908 0.0395063 0.0199409 0.010096 0.00730093 0.00837816 0.0113584 0.0153138 0.0197457 0.0242174 0.0282611 0.0314249 0.0333612 0.0338995 0.033077 0.0311123 0.0283386 0.0251181 0.0217692 0.0185228 0.0155155 0.0128069 0.0104089 0.00831249
 1.02117e-16 3.31238e-05 0.000194414 0.000924165 0.0035581 0.0110956 0.0280266 0.0573459 0.0950563 0.127655 0.138907 0.12251 0.0876604 0.0510867 0.0246587 0.0106352 0.00539168 0.00466629 0.00585309 0.00781757 0.0101095 0.0124695 0.0146615 0.0164619 0.0176955 0.0182693 0.0181874 0.0175383 0.0164637 0.015119 0.0136399 0.0121246 0.0106323 0.00919329 0.00782325 0.00653477
 1.0263e-16 2.34147e-05 0.000137393 0.000653037 0.00251411 0.00783993 0.0198033 0.0405221 0.067177 0.0902384 0.0982542 0.0868026 0.0624314 0.0370311 0.0190852 0.0103041 0.00823868 0.00995512 0.0136146 0.018307 0.0234767 0.0285896 0.033068 0.0363658 0.0380832 0.0380582 0.0363997 0.0334468 0.0296747 0.0255774 0.021568 0.0179211 0.0147652 0.0121118 0.00990334 0.00805762
 1.01279e-16 3.70565e-05 0.000217507 0.00103396 0.00398087 0.012414 0.0313567 0.0641592 0.106348 0.142812 0.155382 0.136997 0.0979323 0.0568829 0.0270999 0.0110758 0.00471932 0.00323474 0.00369829 0.00486252 0.00628146 0.00775562 0.00913189 0.0102702 0.0110603 0.0114416 0.0114131 0.0110259 0.0103647 0.00952411 0.00858853 0.00762103 0.00666199 0.00573461 0.00485289 0.00402794
 1.00781e-16 3.438e-05 0.000201785 0.000959202 0.00369299 0.0115162 0.0290891 0.0595202 0.0986612 0.132499 0.144184 0.127178 0.0910324 0.0531149 0.0257538 0.0113016 0.00600116 0.00542647 0.00685754 0.00908537 0.0115948 0.0140574 0.0161689 0.0176524 0.0183104 0.0180705 0.0170012 0.0152908 0.0131975 0.0109874 0.00888221 0.00702758 0.00548859 0.00426463 0.0033146 0.00258162
 1.01826e-16 2.37925e-05 0.000139611 0.000663579 0.0025547 0.0079665 0.020123 0.0411762 0.0682613 0.0916945 0.0998384 0.0881992 0.0634295 0.0376105 0.0193606 0.0104158 0.00828529 0.00998655 0.0136511 0.0183555 0.0235391 0.0286634 0.0331457 0.0364327 0.0381169 0.0380283 0.0362693 0.0331764 0.0292276 0.0249258 0.020699 0.0168411 0.0135011 0.0107097 0.00842296 0.00656527
 1.02074e-16 3.29101e-05 0.000193159 0.000918201 0.00353514 0.011024 0.0278457 0.0569758 0.0944428 0.126831 0.13801 0.121717 0.0870909 0.0507501 0.0244876 0.0105479 0.00532981 0.00460064 0.00577418 0.00772789 0.0100205 0.0124005 0.0146385 0.0165144 0.0178509 0.0185471 0.0185935 0.0180617 0.0170767 0.0157806 0.0143026 0.0127418 0.0111656 0.00961737 0.00812814 0.0067248
 1.0152e-16 3.25514e-05 0.000191049 0.000908155 0.00349644 0.0109033 0.0275409 0.0563526 0.0934113 0.125451 0.13652 0.120432 0.0862341 0.0503771 0.0245424 0.0109696 0.00611407 0.00579651 0.0074474 0.00991915 0.0127103 0.0154857 0.0179253 0.0197333 0.0206936 0.0207178 0.0198626 0.0183085 0.0163091 0.0141278 0.0119848 0.0100261 0.0083201 0.00687331 0.00565607 0.00462649
 1.01025e-16 3.48033e-05 0.000204273 0.000971033 0.00373855 0.0116583 0.029448 0.0602543 0.0998772 0.134129 0.145952 0.128722 0.0921038 0.0536724 0.0258982 0.011152 0.00562015 0.00481719 0.00599392 0.007944 0.010178 0.0124072 0.0143716 0.0158326 0.0166146 0.0166431 0.0159593 0.0147036 0.0130763 0.0112883 0.00951846 0.00788892 0.00646133 0.00524831 0.00423246 0.0033845
 1.00935e-16 3.33825e-05 0.000195928 0.000931353 0.00358576 0.0111819 0.0282445 0.0577921 0.0957972 0.128654 0.140004 0.1235 0.0884196 0.0516307 0.0251097 0.0111488 0.006108 0.00569677 0.00727735 0.00967317 0.012374 0.0150434 0.0173634 0.0190408 0.0198628 0.0197444 0.0187467 0.0170549 0.0149286 0.012639 0.0104146 0.00840956 0.00669851 0.00529107 0.00415652 0.00324763
 1.02378e-16 2.03102e-05 0.000119161 0.000566349 0.00218032 0.006799 0.0171741 0.0351429 0.0582627 0.0782735 0.0852518 0.075376 0.0543444 0.0324985 0.0172355 0.0100869 0.00897714 0.0113974 0.0157595 0.0212361 0.0272553 0.0332156 0.0384494 0.0423198 0.0443554 0.0443566 0.0424362 0.038975 0.0345158 0.0296306 0.0248059 0.020376 0.016511 0.0132478 0.0105403 0.00830784
 1.05629e-16 1.93474e-05 0.000113522 0.000539566 0.00207725 0.0064776 0.0163621 0.0334805 0.0555034 0.074557 0.0811788 0.0717151 0.0515757 0.0305855 0.0157567 0.00851016 0.00683824 0.00834511 0.0115552 0.015776 0.0206195 0.0257156 0.0306414 0.0349634 0.0383146 0.0404605 0.041331 0.0410053 0.039665 0.037533 0.0348229 0.0317121 0.028341 0.0248261 0.021277 0.0178048
 1.04259e-16 3.05571e-05 0.000179345 0.000852527 0.00328228 0.0102355 0.025854 0.0529005 0.087688 0.117761 0.128144 0.113024 0.0808873 0.0471694 0.0228251 0.00994589 0.00519739 0.00465949 0.00594013 0.00800411 0.0104455 0.0130306 0.0155426 0.0177701 0.019539 0.0207435 0.0213586 0.0214299 0.0210461 0.0203061 0.0192935 0.0180659 0.0166593 0.0151004 0.0134213 0.0116672
 1.02642e-16 2.94257e-05 0.000172695 0.000820889 0.00316043 0.00985547 0.0248942 0.0509376 0.0844371 0.113404 0.123425 0.108916 0.0780661 0.0457624 0.0225877 0.0105948 0.00660874 0.00687329 0.00907095 0.0121442 0.0155896 0.0190276 0.0220766 0.0243801 0.0256766 0.0258574 0.0249881 0.0232815 0.021036 0.0185603 0.0161088 0.0138466 0.0118461 0.0101085 0.00859545 0.00725899
 1.01419e-16 3.3895e-05 0.00019894 0.000945679 0.00364093 0.0113539 0.028679 0.058681 0.0972696 0.130629 0.142145 0.125371 0.0897201 0.0523115 0.0252947 0.010984 0.00567137 0.00499381 0.00627691 0.00834505 0.010716 0.013098 0.015224 0.0168464 0.0177805 0.0179437 0.0173711 0.0161989 0.0146246 0.012857 0.011074 0.00939782 0.00789168 0.00657171 0.00542618 0.00443317
 1.0093e-16 3.39762e-05 0.000199415 0.000947933 0.0036496 0.0113809 0.0287474 0.0588209 0.0975021 0.130942 0.142491 0.125685 0.0899657 0.0524965 0.0254617 0.0111875 0.00596257 0.0054152 0.00686004 0.00910513 0.011644 0.014154 0.0163343 0.0179095 0.0186797 0.0185659 0.0176264 0.0160365 0.0140414 0.0118962 0.00981544 0.00794319 0.00634806 0.00503739 0.0039807 0.00313244
 1.01483e-16 2.78868e-05 0.000163654 0.000777901 0.0029949 0.00933925 0.0235904 0.0482701 0.0800173 0.107474 0.116986 0.10327 0.0740974 0.0435939 0.0218111 0.010722 0.00734507 0.00813911 0.0109072 0.0146184 0.018734 0.0228031 0.026357 0.0289549 0.0302734 0.0301792 0.0287569 0.0262778 0.0231252 0.0197015 0.0163479 0.0132971 0.010665 0.00847261 0.00668133 0.00522789
 1.02361e-16 2.83267e-05 0.000166242 0.000790215 0.00304233 0.00948718 0.0239639 0.0490341 0.081282 0.109167 0.118816 0.104854 0.0751647 0.0440832 0.0218003 0.010298 0.00652765 0.00688255 0.0091415 0.0122953 0.0158654 0.0194869 0.0227858 0.0254028 0.0270605 0.0276208 0.0271083 0.0256901 0.023622 0.0211823 0.0186141 0.0160928 0.013721 0.0115438 0.00957264 0.00780595
 1.02839e-16 2.75734e-05 0.000161819 0.000769183 0.00296134 0.00923463 0.023326 0.047729 0.0791192 0.106264 0.115661 0.10208 0.0732003 0.0429787 0.0213427 0.0102296 0.00668009 0.00718887 0.00959378 0.0129043 0.0166375 0.020413 0.0238385 0.0265389 0.0282283 0.0287701 0.0282007 0.0267058 0.0245623 0.0220654 0.0194673 0.016943 0.0145865 0.0124293 0.0104687 0.00869176
 1.01571e-16 3.53329e-05 0.000207385 0.000985835 0.00379555 0.0118361 0.029897 0.0611727 0.101399 0.13617 0.148164 0.130655 0.0934465 0.0543739 0.0260857 0.0109754 0.00515893 0.00407541 0.00493776 0.00654073 0.00842431 0.0103469 0.0121023 0.0135006 0.0143968 0.0147202 0.014486 0.0137839 0.0127491 0.0115265 0.0102401 0.00897623 0.00778222 0.00667521 0.00565618 0.00472172
 1.01361e-16 3.02865e-05 0.000177746 0.000844904 0.00325289 0.0101438 0.0256225 0.0524278 0.0869075 0.116722 0.127038 0.112107 0.0803591 0.0471183 0.0232781 0.0109525 0.00687321 0.00717193 0.00945734 0.0126306 0.016159 0.0196335 0.0226434 0.0248074 0.0258494 0.0256627 0.024332 0.0221052 0.0193263 0.0163523 0.0134815 0.0109122 0.00873623 0.00695893 0.005533 0.00439084
 1.02028e-16 2.85527e-05 0.000167568 0.000796517 0.00306659 0.00956282 0.024155 0.0494252 0.0819305 0.110039 0.119767 0.105697 0.0757793 0.0444634 0.0220246 0.0104634 0.00670872 0.00712495 0.00946932 0.012716 0.0163692 0.0200438 0.0233453 0.0258978 0.0274159 0.0277656 0.0269886 0.0252791 0.0229257 0.0202379 0.0174836 0.0148523 0.0124495 0.0103129 0.00843907 0.00680811
 1.01979e-16 3.18783e-05 0.000187098 0.000889378 0.00342415 0.0106779 0.0269715 0.0551874 0.0914796 0.122856 0.133694 0.117935 0.0844361 0.0493074 0.0239861 0.0106637 0.00586846 0.00551008 0.00707963 0.0094665 0.0121984 0.0149689 0.0174852 0.0194711 0.0207158 0.0211172 0.0207003 0.019599 0.0180152 0.016165 0.0142345 0.0123541 0.0105962 0.00898722 0.00752839 0.00621243
 1.02217e-16 2.78339e-05 0.000163346 0.00077644 0.00298928 0.00932173 0.0235461 0.0481794 0.0798664 0.107269 0.11676 0.10306 0.0739251 0.043449 0.0216583 0.0105154 0.00703815 0.00768918 0.0102794 0.0137924 0.0177132 0.0216228 0.0250881 0.0276997 0.0291544 0.0293211 0.0282671 0.0262286 0.0235436 0.020567 0.0175982 0.0148403 0.012394 0.0102787 0.00846612 0.00691075
 1.06191e-16 7.81885e-06 4.58151e-05 0.000217628 0.000837617 0.00261179 0.00659772 0.0135039 0.0223995 0.0301283 0.0329081 0.0293188 0.0216238 0.0139056 0.00915612 0.00814581 0.010264 0.0146919 0.0208643 0.0283527 0.0366406 0.0450269 0.0526777 0.0587719 0.0626737 0.0640671 0.06301 0.0598852 0.0552779 0.0498205 0.0440616 0.0383917 0.0330341 0.0280816 0.0235536 0.0194446
pSPR Fmed_Fpbrs
0.569314   0.348385 0.348385
Fs Fmed_Fpbrs
0.403861   1.005 1.005
SSBpbr Bo_Bmed_Bpbrs
941420  488893  280906 280906
Ro
34891.6
SPR SPRFo_SPRFmed_SPRFpbrs
716595 407968 249651
log_Ro
10.28
likeval ReclasPelacesDesembMPH_pf_preclas_ppelaces_ptallas_desvR_qrecl_qpela
 79.0543 56.6488 0.0188529 0.000167999 315.905 191.582 78.3516 0 20.6489 2.74061e-05 0 0 0 0 0
q_reclas_q_pelaces
0.47624 1
M
0.7
N
 24607.7 16651.2 6917.97 890.394 0.229239
 40195.3 11443.5 5363.96 2228.53 286.903
 10953.1 18249.9 3147.86 1475.51 691.944
 32430.8 4469.21 2482.28 428.161 294.81
 63129.6 15132.2 1471.96 817.552 238.114
 34262.1 31087.3 7110.08 691.618 496.018
 68925.7 15881.1 9801.01 2241.62 374.431
 81515.8 32562.3 5676.33 3503.14 935.045
 124839 36894.8 8774.09 1529.52 1195.89
 177456 56576.2 10026.5 2384.44 740.657
 65013.5 83560.6 19789.8 3507.18 1093.13
 35132.4 29829.1 24630.6 5833.31 1356
 47016 16235.3 9218.47 7611.9 2221.8
 22301.6 20685.2 3629.07 2060.6 2198.12
 15485.2 8975.55 2569.86 450.863 529.089
 17244.3 6152.33 1024.18 293.239 111.82
 12582 7794.76 1643.58 273.607 108.211
 12993.9 5827.99 2446.32 515.825 119.83
 12811.4 6130.3 2064.46 866.563 225.169
 31446.4 6069.73 2232.69 751.886 397.615
 37347.7 14805.8 2121.53 780.383 401.781
 43651.9 18169.6 6421.92 920.199 512.755
 74761 21120.3 7600.9 2686.49 599.449
 74303.8 35949.3 8482.65 3052.78 1319.74
 10249.2 35760.3 14520.8 3426.34 1766.17
pred_Ctot
 1128.61 4312.29 1791.6 230.592 0.0593678
 2490.09 3796.55 1779.58 739.35 95.1844
 1420.7 10235 1765.41 827.51 388.062
 1413.33 1108.15 615.486 106.163 73.0987
 379.484 587.486 57.1465 31.7402 9.24442
 1647.25 8377.84 1916.12 186.387 133.674
 2418.54 3261.6 2012.89 460.374 76.8989
 5219.35 11090 1933.24 1193.1 318.457
 7886.36 12432.3 2956.56 515.394 402.974
 6626.19 12272 2174.87 517.213 160.657
 3572.59 25161.5 5959.04 1056.07 329.159
 1760.98 8324.4 6873.65 1627.9 378.419
 3882.5 6716.31 3813.54 3148.93 919.126
 3076.97 12035.1 2111.48 1198.9 1278.92
 2255.26 5387.14 1542.43 270.609 317.56
 1119.03 2117.66 352.525 100.934 38.4887
 610.795 2117.78 446.549 74.3369 29.4001
 468.112 1225.03 514.21 108.425 25.188
 424.383 1196.4 402.902 169.12 43.9442
 1176.67 1319.01 485.184 163.392 86.4055
 546.231 1358.03 194.593 71.5791 36.8526
 807.19 2079.6 735.022 105.322 58.6875
 1706.17 2939.98 1058.06 373.963 83.4441
 1650.95 4881.95 1151.95 414.571 179.223
 253.754 5365.12 2178.55 514.055 264.978
F
 0.0656409 0.432778 0.432778 0.432778 0.432778
 0.0895929 0.590697 0.590697 0.590697 0.590697
 0.196414 1.29498 1.29498 1.29498 1.29498
 0.06228 0.41062 0.41062 0.41062 0.41062
 0.00838963 0.0553139 0.0553139 0.0553139 0.0553139
 0.0689072 0.454314 0.454314 0.454314 0.454314
 0.0498743 0.328827 0.328827 0.328827 0.328827
 0.0927257 0.611352 0.611352 0.611352 0.611352
 0.0914343 0.602837 0.602837 0.602837 0.602837
 0.0531498 0.350423 0.350423 0.350423 0.350423
 0.0791101 0.521582 0.521582 0.521582 0.521582
 0.071935 0.474276 0.474276 0.474276 0.474276
 0.121067 0.798211 0.798211 0.798211 0.798211
 0.210154 1.38557 1.38557 1.38557 1.38557
 0.223053 1.47062 1.47062 1.47062 1.47062
 0.09403 0.619951 0.619951 0.619951 0.619951
 0.0695978 0.458867 0.458867 0.458867 0.458867
 0.051236 0.337805 0.337805 0.337805 0.337805
 0.0470244 0.310037 0.310037 0.310037 0.310037
 0.0532639 0.351176 0.351176 0.351176 0.351176
 0.0205219 0.135303 0.135303 0.135303 0.135303
 0.0260092 0.171482 0.171482 0.171482 0.171482
 0.0321871 0.212214 0.212214 0.212214 0.212214
 0.0313251 0.20653 0.20653 0.20653 0.20653
 0.0349613 0.230504 0.230504 0.230504 0.230504
nmprior
 10.6 11 7 0
nm_flota  nm_reclas  nm_pelaces    nm_pelaL
inf 22.1663 19.9238 48.8858
cv_recla  cv_pelaces  cv_mph
0.804244 0.85343 0.420525
 ------------------------------------------------
Talla a la edad & desviación 
 7.2 14.2025 17.0495 18.207 18.6776
 1.08 2.13037 2.55742 2.73105 2.80164
