years
 1997 1998 1999 2000 2001 2002 2003 2004 2005 2006 2007 2008 2009 2010 2011 2012 2013 2014 2015 2016 2017 2018 2019 2020 2021
reclasobs
 0 0 0 370054 412103 1.49427e+06 250295 1.28982e+06 931140 785840 897777 1.04006e+06 184774 17550 25797 100020 73551 82996 120727 218422 84188 347160 605670 569463 516374
reclaspred
 501179 131251 364466 247004 374464 453683 987838 667171 744924 733729 600032 405093 250845 105915 65094.1 64395.6 80013.2 107225 115345 162386 240944 225102 389730 486784 520389
pelacesobs
 0 0 0 0 0 0 0 0 0 2.06254e+06 1.5e+06 0 1.87456e+06 323000 250000 174000 83755 137374 0 501740 490994 745055 786931 1.00524e+06 1.33801e+06
pelacespred
 2.02705e+06 456501 766740 814729 1.07904e+06 1.02649e+06 2.69582e+06 2.15743e+06 2.18227e+06 2.15084e+06 1.52197e+06 1.06753e+06 658305 216760 138428 147386 192898 267951 288595 404897 685514 607114 829026 1.24054e+06 1.34072e+06
mphobs
 0 0 0 0 0 112323 0 153150 637223 0 255016 313432 73983 77613 109348 50772 0 0 0 0 0 0 0 0 0
mphpred
 254443 146230 167622 179103 192235 310604 449658 542314 461377 478696 482290 331474 204359 106661 45417.9 37138.4 44748.5 60351.7 74773.7 86706 131551 159297 200018 284085 367813
desembarqueobs
 350755 77701 442110 56441 14545 235359 269955 359681 431902 328805 639364 411747 362871 311530 167758 66681 60226 58785 57116 73181 50977 67692 138656 160484 209506
desembarquepred
 350795 77705.4 442115 56444.5 14546 235423 270013 359693 431966 328834 639401 411855 363044 311716 167634 66676.3 60249.1 58779.5 57104.8 73182.3 50980.2 67684.6 138662 160496 209506
Reclutas
 42011.6 51587.6 27564.2 41217.3 73441 52373.2 89872.3 85855.3 108831 123468 64501.4 44238.1 46503.3 24626.1 15342.9 15396.7 11548.9 12944.8 14784.3 24383.9 30900.2 40493.2 64670.5 74877 30011.4
log_desv_Rt
 0.0657018 0.271037 -0.355726 0.0466141 0.624237 0.28615 0.826145 0.780419 1.01755 1.14374 0.494443 0.117341 0.16728 -0.468438 -0.941592 -0.938094 -1.22566 -1.11155 -0.978676 -0.478321 -0.241484 0.0288901 0.49706 0.643602 -0.270669
SSB
 549685 315907 362122 386924 415295 671012 971416 1.17159e+06 996734 1.03415e+06 1.04191e+06 716098 441486 230425 98118.3 80231.7 96672.3 130380 161537 187315 284196 344136 432108 613723 794603
BT
 1.8083e+06 463113 810471 655875 805402 926101 2.18249e+06 1.98318e+06 2.00689e+06 1.89528e+06 1.68138e+06 1.15418e+06 836743 450682 240868 163270 190371 244159 258694 356680 545980 503291 698845 1.0376e+06 1.13994e+06
Ftot
 0.578224 0.506507 0.818246 0.174814 0.0332609 0.322725 0.209903 0.404289 0.461944 0.35037 0.681727 0.647621 1.04438 1.91776 2.08458 0.846557 0.594742 0.41954 0.347378 0.359252 0.162756 0.209684 0.248459 0.241308 0.245011
BD_Bspro_t
 0.930678 0.694664 0.630666 0.466294 0.610707 0.766518 0.720619 0.73239 0.667211 0.631855 0.605808 0.440881 0.330916 0.228364 0.124398 0.125238 0.196473 0.318823 0.424691 0.521501 0.647622 0.744721 0.755234 0.761917 0.759602
BD_Bspro
 0.680337 0.390994 0.448193 0.47889 0.514005 0.830503 1.20231 1.45006 1.23364 1.27995 1.28956 0.886305 0.546421 0.285194 0.12144 0.0993017 0.11965 0.16137 0.199932 0.231837 0.351746 0.425932 0.534814 0.759596 0.983469
BD_Bo
 0.566336 0.325477 0.373091 0.398645 0.427875 0.691339 1.00084 1.20708 1.02693 1.06548 1.07348 0.737791 0.454859 0.237405 0.101091 0.0826622 0.0996008 0.13433 0.16643 0.192989 0.292805 0.354561 0.445198 0.632314 0.818673
BD_Brms
 1.92169 1.1044 1.26597 1.35268 1.45186 2.34584 3.39605 4.09584 3.48456 3.61536 3.64251 2.50346 1.54342 0.80556 0.343019 0.280488 0.337964 0.455807 0.564729 0.654848 0.993543 1.20309 1.51064 2.14556 2.77791
S_f
 0.163425 1 1 1 1
 0.163425 1 1 1 1
 0.163425 1 1 1 1
 0.163425 1 1 1 1
 0.163425 1 1 1 1
 0.163425 1 1 1 1
 0.163425 1 1 1 1
 0.163425 1 1 1 1
 0.163425 1 1 1 1
 0.163425 1 1 1 1
 0.163425 1 1 1 1
 0.163425 1 1 1 1
 0.163425 1 1 1 1
 0.163425 1 1 1 1
 0.163425 1 1 1 1
 0.163425 1 1 1 1
 0.163425 1 1 1 1
 0.163425 1 1 1 1
 0.163425 1 1 1 1
 0.163425 1 1 1 1
 0.163425 1 1 1 1
 0.163425 1 1 1 1
 0.163425 1 1 1 1
 0.163425 1 1 1 1
 0.163425 1 1 1 1
Scru_reclas
 0.827081 1 1 1 1
 0.827081 1 1 1 1
 0.827081 1 1 1 1
 0.827081 1 1 1 1
 0.827081 1 1 1 1
 0.827081 1 1 1 1
 0.827081 1 1 1 1
 0.827081 1 1 1 1
 0.827081 1 1 1 1
 0.827081 1 1 1 1
 0.827081 1 1 1 1
 0.827081 1 1 1 1
 0.827081 1 1 1 1
 0.827081 1 1 1 1
 0.827081 1 1 1 1
 0.827081 1 1 1 1
 0.827081 1 1 1 1
 0.827081 1 1 1 1
 0.827081 1 1 1 1
 0.827081 1 1 1 1
 0.827081 1 1 1 1
 0.827081 1 1 1 1
 0.827081 1 1 1 1
 0.827081 1 1 1 1
 0.827081 1 1 1 1
Scru_pelaces
 0.931008 1 1 1 1
 0.931008 1 1 1 1
 0.931008 1 1 1 1
 0.931008 1 1 1 1
 0.931008 1 1 1 1
 0.931008 1 1 1 1
 0.931008 1 1 1 1
 0.931008 1 1 1 1
 0.931008 1 1 1 1
 0.931008 1 1 1 1
 0.931008 1 1 1 1
 0.931008 1 1 1 1
 0.931008 1 1 1 1
 0.931008 1 1 1 1
 0.931008 1 1 1 1
 0.931008 1 1 1 1
 0.931008 1 1 1 1
 0.931008 1 1 1 1
 0.931008 1 1 1 1
 0.931008 1 1 1 1
 0.931008 1 1 1 1
 0.931008 1 1 1 1
 0.931008 1 1 1 1
 0.931008 1 1 1 1
 0.931008 1 1 1 1
pf_obs 
 0.256992 0.487395 0.22802 0.0275931 0
 0.321318 0.546541 0.124235 0.00734118 0.000564706
 0.182869 0.594174 0.210203 0.0122559 0.00049798
 0.330522 0.361315 0.267642 0.0388342 0.00168674
 0.649043 0.306663 0.0425973 0.00169635 0
 0.582887 0.30429 0.105238 0.00758474 0
 0.465427 0.430635 0.0974691 0.00646863 0
 0.296916 0.608066 0.0921331 0.00288517 0
 0.311714 0.524322 0.152257 0.0117073 0
 0.15457 0.633149 0.183074 0.0267441 0.00246327
 0.131901 0.49318 0.331252 0.0422183 0.00144891
 0.196976 0.569456 0.194076 0.0375587 0.00193317
 0.518974 0.381816 0.0799577 0.0180837 0.00116848
 0.0928022 0.601141 0.25162 0.0475244 0.00691264
 0.122501 0.610282 0.24278 0.0234846 0.000952079
 0.383417 0.481906 0.127806 0.00687128 0
 0.0376549 0.599619 0.316969 0.0457579 0
 0.0361596 0.667082 0.258105 0.0386534 0
 0.158088 0.579412 0.248529 0.0139706 0
 0.0477256 0.309471 0.559284 0.082774 0.000745712
 0.0406174 0.521527 0.379366 0.0568643 0.0016247
 0.151134 0.462217 0.34131 0.0453401 0
 0.294876 0.26143 0.354403 0.0886775 0.000613685
 0.281977 0.475581 0.204845 0.0348837 0.00271318
 0.0354234 0.537034 0.353287 0.0723622 0.0018943
pf_pred 
 0.32156 0.477681 0.179437 0.0213109 1.03655e-05
 0.296249 0.558601 0.102199 0.0383901 0.00456164
 0.161976 0.642933 0.154853 0.0283312 0.0119069
 0.277257 0.462583 0.199595 0.0480733 0.0124917
 0.304956 0.499255 0.125312 0.0540696 0.0164069
 0.162304 0.612925 0.161455 0.0405249 0.0227915
 0.271587 0.42286 0.223567 0.0588912 0.0230949
 0.211849 0.564285 0.129959 0.0687097 0.0251972
 0.258975 0.493937 0.176905 0.0407427 0.0294401
 0.249268 0.546462 0.136158 0.0487653 0.0193465
 0.139781 0.607524 0.183938 0.0458304 0.0229263
 0.155075 0.491643 0.249503 0.0755412 0.0282376
 0.247801 0.456563 0.172024 0.0873003 0.0363118
 0.221146 0.602719 0.106909 0.040281 0.0289449
 0.300336 0.580456 0.0922498 0.016363 0.0105954
 0.354902 0.574556 0.0585237 0.00930096 0.00271805
 0.225788 0.648068 0.11235 0.0114438 0.00235022
 0.249443 0.529027 0.185435 0.0321473 0.00394697
 0.245314 0.538477 0.152394 0.0534173 0.0103975
 0.314109 0.481158 0.146079 0.0413417 0.0173118
 0.265173 0.565143 0.119034 0.0361388 0.0145104
 0.25185 0.527123 0.169988 0.0358041 0.0152346
 0.2924 0.491575 0.152205 0.0490834 0.0147372
 0.242618 0.560471 0.136795 0.0423555 0.01776
 0.0933983 0.623186 0.209731 0.0511895 0.0224955
pobs_RECLAS
 0 0 0 0 0
 0 0 0 0 0
 0 0 0 0 0
 0 0 0 0 0
 0.835266 0.146461 0.0176864 0.000547809 3.91292e-05
 0.385257 0.428462 0.181853 0.0044286 0
 0.867414 0.0963971 0.0333333 0.00285562 0
 0.441836 0.489002 0.0689373 0.000224442 0
 0.779404 0.147425 0.0564933 0.0165055 0.000172143
 0.814271 0.122319 0.05973 0.00367925 0
 0.40263 0.566651 0.0304383 0.000280538 0
 0.475488 0.404961 0.113038 0.00651328 0
 0.955842 0.0263864 0.0167828 0.000988607 0
 0.975058 0.0227948 0.00214734 0 0
 0.738997 0.206755 0.0527124 0.00153531 0
 0.850938 0.134255 0.0134407 0.00136685 0
 0.542534 0.407297 0.0501686 0 0
 0.764087 0.199537 0.0359546 0.000420521 0
 0.470689 0.182191 0.310203 0.0369168 0
 0.84361 0.089868 0.0606195 0.00523954 0.000663233
 0.607945 0.314616 0.071237 0.00620181 0
 0.523733 0.453247 0.0230204 0 0
 0.530135 0.295979 0.169645 0.0042399 0
 0.562478 0.366248 0.0663022 0.0049721 0
 0.250443 0.683176 0.0655157 0.000865301 0
ppred_RECLAS
 0.714216 0.201217 0.0755857 0.00897697 4.36633e-06
 0.688015 0.247638 0.0453065 0.017019 0.00202226
 0.510852 0.375275 0.0903866 0.0165367 0.00694998
 0.662198 0.216206 0.0932884 0.0224689 0.00583848
 0.689845 0.222787 0.0559192 0.0241279 0.00732138
 0.500019 0.365826 0.0963647 0.0241874 0.0136032
 0.656302 0.199525 0.105489 0.0277875 0.0108972
 0.58266 0.298799 0.0688159 0.036383 0.0133424
 0.645873 0.236047 0.0845409 0.0194705 0.0140691
 0.631999 0.26787 0.0667431 0.0239043 0.00948344
 0.463931 0.378595 0.114626 0.0285605 0.0142871
 0.493464 0.294742 0.149578 0.0452873 0.0169286
 0.646457 0.214591 0.0808535 0.0410323 0.017067
 0.643575 0.275821 0.0489243 0.0184337 0.013246
 0.737995 0.217365 0.034545 0.00612749 0.0039677
 0.748874 0.223665 0.0227823 0.00362071 0.00105809
 0.606317 0.329539 0.0571293 0.00581913 0.00119508
 0.633477 0.258343 0.0905546 0.0156986 0.00192744
 0.626992 0.266146 0.0753215 0.0264018 0.00513901
 0.703291 0.208144 0.0631922 0.017884 0.00748889
 0.648219 0.270549 0.056985 0.0173006 0.00694651
 0.632895 0.25865 0.0834103 0.0175685 0.00747538
 0.679668 0.222537 0.0689033 0.0222201 0.00667157
 0.621787 0.279882 0.0683114 0.021151 0.00886878
 0.345911 0.449612 0.151315 0.0369319 0.0162299
pobs_PELACES
 0 0 0 0 0
 0 0 0 0 0
 0 0 0 0 0
 0 0 0 0 0
 0 0 0 0 0
 0 0 0 0 0
 0 0 0 0 0
 0 0 0 0 0
 0 0 0 0 0
 0 0 0 0 0
 0.450072 0.473896 0.0757376 0.000293798 0
 0 0 0 0 0
 0.463077 0.371075 0.160297 0.00555027 0
 0.529543 0.364841 0.0842815 0.0213345 0
 0.631943 0.363953 0.00410389 0 0
 0.735681 0.248677 0.0153453 0.000297389 0
 0.695825 0.281241 0.0229344 0 0
 0.275771 0.60734 0.115278 0.00161068 0
 0 0 0 0 0
 0.896147 0.0623911 0.0374545 0.00400742 0
 0.803859 0.145111 0.0509908 3.86294e-05 0
 0.739449 0.233085 0.0266225 0.000797448 4.60066e-05
 0.878498 0.100942 0.0204185 0.000141795 0
 0.694673 0.275183 0.0284847 0.00165964 0
 0.469039 0.446079 0.0841089 0.000773354 0
ppred_PELACES
 0.767446 0.163739 0.0615071 0.00730493 3.55306e-06
 0.740593 0.205904 0.0376711 0.0141509 0.00168145
 0.595723 0.310162 0.0747039 0.0136674 0.00574411
 0.698409 0.19303 0.0832884 0.0200604 0.00521262
 0.716455 0.203673 0.0511216 0.0220579 0.00669324
 0.551698 0.328013 0.0864042 0.0216874 0.0121971
 0.694909 0.177112 0.0936395 0.0246662 0.00967316
 0.637304 0.259676 0.0598056 0.0316193 0.0115954
 0.699904 0.200032 0.071642 0.0164998 0.0119225
 0.680462 0.232594 0.0579536 0.0207563 0.00823455
 0.540423 0.324574 0.09827 0.0244852 0.0122485
 0.56734 0.251755 0.127763 0.0386823 0.0144596
 0.733057 0.162027 0.0610485 0.0309814 0.0128865
 0.77534 0.173854 0.0308377 0.011619 0.00834914
 0.849339 0.124991 0.0198644 0.00352349 0.00228155
 0.80918 0.169954 0.0173113 0.00275122 0.000803997
 0.671376 0.275081 0.0476883 0.00485749 0.000997582
 0.685971 0.221342 0.0775852 0.0134503 0.00165139
 0.675595 0.231467 0.0655072 0.0229617 0.0044694
 0.746601 0.177762 0.0539683 0.0152735 0.00639576
 0.684497 0.242648 0.0511083 0.0155164 0.00623013
 0.672808 0.230529 0.0743418 0.0156584 0.00666265
 0.718939 0.195255 0.0604561 0.0194961 0.00585367
 0.664212 0.248487 0.0606486 0.0187784 0.00787394
 0.38911 0.419918 0.141322 0.0344927 0.015158
pobs_pel_tallas
 0 0 0 0 0 0 0 0 0 0 0 0 0 0 0 0 0 0 0 0 0 0 0 0 0 0 0 0 0 0 0 0 0 0 0 0
 0 0 0 0 0 0 0 0 0 0 0 0 0 0 0 0 0 0 0 0 0 0 0 0 0 0 0 0 0 0 0 0 0 0 0 0
 0 0 0 0 0 0 0 0 0 0 0 0 0 0 0 0 0 0 0 0 0 0 0 0 0 0 0 0 0 0 0 0 0 0 0 0
 0 0 0 0 0 0 0 0 0 0 0 0 0 0 0 0 0 0 0 0 0 0 0 0 0 0 0 0 0 0 0 0 0 0 0 0
 0 0 0 0 0 0 0 0 0 0 0 0 0 0 0 0 0 0 0 0 0 0 0 0 0 0 0 0 0 0 0 0 0 0 0 0
 0 0 0 0 0 0 0 0 0 0 0 0 0 0 0 0 0 0 0 0 0 0 0 0 0 0 0 0 0 0 0 0 0 0 0 0
 0 0 0 0 0 0 0 0 0 0 0 0 0 0 0 0 0 0 0 0 0 0 0 0 0 0 0 0 0 0 0 0 0 0 0 0
 0 0 0 0 0 0 0 0 0 0 0 0 0 0 0 0 0 0 0 0 0 0 0 0 0 0 0 0 0 0 0 0 0 0 0 0
 0 0 0 0 0 0 0 0 0 0 0 0 0 0 0 0 0 0 0 0 0 0 0 0 0 0 0 0 0 0 0 0 0 0 0 0
 0 0 0 0 0 0 0 0 0 0 0 0 0 0 0 0 0 0 0 0 0 0 0 0 0 0 0 0 0 0 0 0 0 0 0 0
 0 0 0 0 0 0 0 0 1.78061e-05 0.00172719 0.00360574 0.0105946 0.0120993 0.0124554 0.0147524 0.0171206 0.0266825 0.0428682 0.0675386 0.121331 0.153587 0.119568 0.100827 0.0573624 0.0630603 0.0341343 0.0324427 0.0444173 0.0211091 0.0280891 0.0125444 0.00206551 0 0 0 0
 0 0 0 0 0 0 0 0 0 0 0 0 0 0 0 0 0 0 0 0 0 0 0 0 0 0 0 0 0 0 0 0 0 0 0 0
 0 0 0 0 0 0 0.0133647 0.0140871 0.0187388 0.0205184 0.03894 0.0496705 0.03968 0.0493445 0.0407372 0.0367815 0.0215668 0.0243155 0.0234873 0.0199281 0.019796 0.0243948 0.0301388 0.0376714 0.0412746 0.0863199 0.0771752 0.113111 0.0741005 0.0525337 0.0229764 0.00759418 0.00175318 0 0 0
 0 0 0 0 0 0 0 0 0 0 0.00219441 0.00772107 0.0458388 0.0604681 0.0671733 0.0775358 0.0609151 0.0617685 0.073594 0.0568108 0.0755445 0.0548602 0.0670107 0.0636378 0.0643287 0.046367 0.0373049 0.0286899 0.0247887 0.0153202 0.00654259 0.00121912 0.000365735 0 0 0
 0 0 0 0 0 0 0 0 0 0 0 0 0.000112435 0.00938835 0.0111873 0.0202946 0.0414886 0.0713402 0.111592 0.104902 0.108894 0.110636 0.117776 0.105296 0.107544 0.0401394 0.0192827 0.0124803 0.00416011 0.0028671 0.000618394 0 0 0 0 0
 0 0 0 0 0 0 0 0 0 0 0.00291406 0.0102884 0.027416 0.0768956 0.0749926 0.110853 0.0956884 0.0897413 0.0766577 0.0534642 0.0500743 0.0551293 0.0594112 0.0620874 0.0668451 0.0424026 0.0208742 0.0120726 0.0048766 0.00582813 0.00118941 0.000297354 0 0 0 0
 0 0.00264628 0.0354308 0.0461629 0.0458689 0.0383711 0.0214643 0.0164657 0.0346957 0.0420465 0.0363128 0.0245516 0.0311673 0.0291091 0.0169068 0.0133784 0.00837989 0.0085269 0.0148486 0.0160247 0.0276389 0.0546898 0.0760071 0.122758 0.109233 0.0665981 0.0333725 0.0166128 0.00676272 0.00308733 0.000882094 0 0 0 0 0
 0 0 0 0 0 0 0 0.000805153 0.000690131 0.00759144 0.0133425 0.0154129 0.00931677 0.000345066 0.00356568 0.00563607 0.00851162 0.0253048 0.0502646 0.0516448 0.0657925 0.0565908 0.0611916 0.0827007 0.0866115 0.110766 0.145733 0.0935128 0.0569358 0.0249597 0.0138026 0.00621118 0.00161031 0.00115022 0 0
 0 0 0 0 0 0 0 0 0 0 0 0 0 0 0 0 0 0 0 0 0 0 0 0 0 0 0 0 0 0 0 0 0 0 0 0
 0.00147267 0.00158595 0.00478618 0.00569244 0.00954404 0.0108468 0.00647125 0.017049 0.0510054 0.094081 0.124002 0.0959785 0.0687766 0.0820023 0.061753 0.0591476 0.0492212 0.0479892 0.0443925 0.0268479 0.0217502 0.0140895 0.0121071 0.0120363 0.00920419 0.00665534 0.0049561 0.00860946 0.00930331 0.0156896 0.0114698 0.00855282 0.00243557 0.00046729 0 2.83206e-05
 0 0 0 0 0.000772559 0.00158375 0.000888443 0.00281984 0.00712685 0.0440552 0.0773331 0.111326 0.0921469 0.0852325 0.0710754 0.0886704 0.0786465 0.0553345 0.0373146 0.0185414 0.00753245 0.00457741 0.012979 0.0271748 0.0457355 0.0583668 0.034881 0.0177882 0.00938659 0.00492506 0.0015258 0.00185414 0.000309023 5.79419e-05 3.86279e-05 0
 0 0.00173294 0.00326652 0 0.00397197 0.00683976 0.00946217 0.0152591 0.00757587 0.0136028 0.0228656 0.0392903 0.0559909 0.0764795 0.0681675 0.0726916 0.0566044 0.0477403 0.0527397 0.0444891 0.0609904 0.0582453 0.0661739 0.0445044 0.0529084 0.0360697 0.0280645 0.0235558 0.0158879 0.00826598 0.00280645 0.00217768 0.000904811 0.00058276 9.20147e-05 0
 0 0 0 0 0 0 0 0 0 0 0 0 0 0 0 0 0 0 0 0 0 0 0 0 0 0 0 0 0 0 0 0 0 0 0 0
 0 0 0 0 0 0 0 0 0 0 0 0 0 0 0 0 0 0 0 0 0 0 0 0 0 0 0 0 0 0 0 0 0 0 0 0
 0 0 0 0 0 0 0 0 0 0 0 0 0 0 0 0 0 0 0 0 0 0 0 0 0 0 0 0 0 0 0 0 0 0 0 0
ppred_pel_tallas
 1.01178e-16 3.34836e-05 0.000196524 0.000934193 0.0035967 0.011216 0.0283307 0.0579682 0.0960884 0.129043 0.140421 0.123855 0.088644 0.0517024 0.0250346 0.0109306 0.00573164 0.00513119 0.00648963 0.00864525 0.0111178 0.0136117 0.0158519 0.017581 0.0186038 0.0188275 0.0182789 0.0170891 0.0154541 0.0135858 0.0116686 0.00983546 0.00816227 0.00667897 0.00538666 0.00427364
 1.01167e-16 3.23144e-05 0.000189656 0.000901532 0.00347093 0.0108238 0.02734 0.0559416 0.0927305 0.124537 0.135529 0.119566 0.0856303 0.0500575 0.0244486 0.0110323 0.0062955 0.00609268 0.00787226 0.0104881 0.0134282 0.0163395 0.0188806 0.0207357 0.021674 0.0216023 0.0205835 0.0188141 0.0165703 0.0141405 0.0117674 0.00961499 0.00776238 0.00622044 0.00495811 0.00392782
 1.019e-16 2.60017e-05 0.000152585 0.000725271 0.00279225 0.00870729 0.0219941 0.0450043 0.0746049 0.100208 0.109088 0.0963237 0.0691696 0.0408076 0.0206268 0.0104875 0.00763103 0.0087721 0.011867 0.0159407 0.0204558 0.0249366 0.0288788 0.0318047 0.0333607 0.0333963 0.0319946 0.0294383 0.0261318 0.0225007 0.0189072 0.0155999 0.0127054 0.0102512 0.00820393 0.0065049
 1.02179e-16 3.04745e-05 0.000178855 0.000850187 0.00327325 0.0102073 0.0257829 0.0527554 0.0874491 0.117445 0.127812 0.112761 0.0807635 0.0472268 0.0230943 0.0104728 0.00605658 0.00594599 0.00774718 0.0103933 0.0134156 0.0164924 0.0193073 0.0215577 0.0230096 0.0235448 0.0231807 0.0220536 0.0203739 0.0183707 0.0162443 0.0141391 0.0121401 0.0102859 0.00858843 0.00704993
 1.01863e-16 3.12618e-05 0.000183476 0.000872154 0.00335782 0.010471 0.0264491 0.0541186 0.0897088 0.12048 0.131116 0.115676 0.0828532 0.0484521 0.0236986 0.0107532 0.00622222 0.00610083 0.00792583 0.0105924 0.0136073 0.0166279 0.0193198 0.0213701 0.0225458 0.0227441 0.0220124 0.0205259 0.0185369 0.0163111 0.0140726 0.0119738 0.010091 0.00844079 0.00700495 0.0057537
 1.02649e-16 2.40827e-05 0.000141318 0.0006717 0.00258598 0.00806405 0.0203694 0.0416801 0.0690955 0.0928121 0.101047 0.0892481 0.0641424 0.0379502 0.0193834 0.0101853 0.00782193 0.009267 0.0126334 0.0170071 0.0218589 0.026698 0.0309954 0.0342467 0.0360756 0.0363169 0.0350481 0.0325553 0.0292506 0.0255688 0.0218794 0.0184355 0.0153664 0.0127028 0.0104159 0.00845509
 1.02687e-16 3.03213e-05 0.000177957 0.00084592 0.00325682 0.0101561 0.0256535 0.0524906 0.0870097 0.116854 0.127166 0.112183 0.0803337 0.0469435 0.0228966 0.0102844 0.00581369 0.00560343 0.00727568 0.00977992 0.0126683 0.0156453 0.018422 0.0207197 0.0223171 0.023094 0.0230494 0.0222871 0.020978 0.0193119 0.0174566 0.0155362 0.0136287 0.0117777 0.0100091 0.00834444
 1.02562e-16 2.78127e-05 0.000163222 0.000775851 0.00298701 0.00931467 0.0235282 0.0481428 0.0798056 0.107187 0.116669 0.102976 0.0738566 0.0433924 0.0216 0.0104374 0.00692244 0.00751908 0.010041 0.0134768 0.0173203 0.0211642 0.0245886 0.0271969 0.0286944 0.0289527 0.0280342 0.0261639 0.0236638 0.0208711 0.0180687 0.0154462 0.0130959 0.0110337 0.00923217 0.00765082
 1.02207e-16 3.054e-05 0.000179239 0.00085201 0.00328026 0.0102292 0.0258381 0.0528686 0.0876368 0.117698 0.128088 0.113007 0.0809465 0.0473466 0.0231763 0.0105488 0.00615239 0.00607901 0.00792722 0.0106225 0.0136867 0.0167874 0.0195969 0.0218048 0.0231747 0.0235933 0.0230907 0.0218206 0.0200131 0.0179142 0.0157356 0.0136252 0.0116641 0.0098807 0.00827363 0.00683139
 1.01997e-16 2.96935e-05 0.000174267 0.000828363 0.00318921 0.00994522 0.0251209 0.0514013 0.0852057 0.114436 0.124548 0.109904 0.0787687 0.0461635 0.0227659 0.0106458 0.00659775 0.00683104 0.00900794 0.0120641 0.0154963 0.0189269 0.021976 0.0242861 0.0255915 0.0257761 0.0248955 0.0231526 0.020839 0.0182612 0.0156785 0.0132673 0.0111164 0.0092445 0.00762972 0.00623565
 1.02915e-16 2.35909e-05 0.000138431 0.000657976 0.00253314 0.00789927 0.0199532 0.0408284 0.0676839 0.0909163 0.0989845 0.0874292 0.0628416 0.0371936 0.0190214 0.0100357 0.00775794 0.00922761 0.0125997 0.0169814 0.021855 0.0267382 0.0311086 0.0344656 0.0364319 0.0368356 0.0357421 0.0334215 0.030268 0.0267008 0.0230776 0.0196463 0.0165378 0.0137901 0.0113859 0.00928819
 1.03901e-16 2.47618e-05 0.000145311 0.0006907 0.00265916 0.00829229 0.0209458 0.0428589 0.0710474 0.0954268 0.103875 0.0917011 0.0658082 0.0387411 0.0194304 0.00963667 0.0067256 0.00757084 0.0102447 0.0138585 0.017962 0.0221791 0.0261078 0.0293545 0.0316071 0.0326969 0.0326252 0.0315422 0.0296923 0.0273454 0.024739 0.0220464 0.0193749 0.0167823 0.0143015 0.0119602
 1.02587e-16 3.1984e-05 0.00018772 0.000892339 0.00343556 0.0107135 0.0270613 0.0553711 0.0917836 0.123262 0.134133 0.118313 0.0846878 0.0494154 0.0239663 0.0105325 0.00562478 0.0051358 0.00655017 0.00876309 0.0113188 0.0139355 0.0163487 0.0183086 0.0196224 0.0201931 0.0200352 0.0192594 0.0180344 0.0165412 0.0149333 0.0133164 0.0117476 0.0102482 0.0088225 0.00747294
 1.01284e-16 3.38282e-05 0.000198547 0.000943805 0.00363371 0.0113314 0.0286222 0.0585647 0.0970774 0.130372 0.141868 0.125134 0.0895659 0.0522526 0.0253238 0.0110939 0.00586651 0.00528864 0.00668813 0.00888215 0.0113731 0.0138483 0.0160181 0.0176165 0.0184496 0.0184389 0.0176369 0.0162076 0.0143811 0.0123967 0.0104546 0.00868795 0.00715918 0.00587408 0.00480476 0.00391144
 1.00551e-16 3.70529e-05 0.000217483 0.00103384 0.00398039 0.0124125 0.0313529 0.0641517 0.106336 0.1428 0.155377 0.13701 0.0979829 0.0569941 0.0273054 0.0114217 0.00526294 0.00403816 0.00481565 0.0063228 0.00807003 0.00979982 0.0112966 0.0123674 0.0128735 0.0127609 0.0120719 0.0109307 0.00951049 0.00799157 0.00652554 0.00521429 0.00410631 0.00320645 0.00249223 0.00192994
 1.00434e-16 3.53036e-05 0.000207209 0.000984987 0.00379227 0.0118259 0.0298712 0.0611202 0.101313 0.136059 0.148054 0.130581 0.0934472 0.054481 0.0263359 0.01142 0.00586703 0.0051263 0.00640324 0.0084618 0.0107865 0.013061 0.0149975 0.0163357 0.0168905 0.0165949 0.0155154 0.0138317 0.0117905 0.0096469 0.00761439 0.00583501 0.0043738 0.00323229 0.00237169 0.00173606
 1.00981e-16 2.9299e-05 0.000171947 0.000817326 0.0031467 0.00981263 0.0247861 0.0507165 0.0840719 0.112917 0.122905 0.108478 0.0777995 0.0457013 0.022734 0.0109574 0.00722475 0.00780413 0.0103828 0.0138836 0.0177599 0.0215695 0.0248594 0.0272071 0.0283058 0.028035 0.0264864 0.0239336 0.0207586 0.0173607 0.0140776 0.0111383 0.00865476 0.00664203 0.00505392 0.00381763
 1.01713e-16 2.99333e-05 0.000175676 0.000835063 0.00321501 0.0100257 0.0253241 0.0518171 0.0858945 0.11536 0.12555 0.110782 0.0793841 0.0464958 0.0228773 0.0106108 0.00646126 0.00660548 0.00868928 0.0116477 0.0149874 0.0183455 0.0213582 0.02368 0.025049 0.0253426 0.0245999 0.023 0.0208094 0.0183138 0.0157612 0.0133275 0.0111109 0.00914725 0.00743387 0.00595198
 1.02004e-16 2.94812e-05 0.000173021 0.00082244 0.0031664 0.00987409 0.0249413 0.0510337 0.0845964 0.113618 0.123657 0.109119 0.0782082 0.0458388 0.0226131 0.010587 0.00657964 0.00682871 0.00901492 0.0120831 0.0155346 0.0189947 0.0220853 0.0244492 0.0258184 0.0260726 0.0252609 0.0235785 0.0213093 0.0187538 0.0161682 0.013729 0.0115285 0.00959166 0.00790395 0.00643655
 1.01648e-16 3.25752e-05 0.00019119 0.00090883 0.00349905 0.0109114 0.0275615 0.0563945 0.0934803 0.125542 0.136616 0.120509 0.0862722 0.0503651 0.0244732 0.0108325 0.0058916 0.00546661 0.00699016 0.00932502 0.0119882 0.0146688 0.0170722 0.0189232 0.0200149 0.0202527 0.0196718 0.0184188 0.0167086 0.0147692 0.0127953 0.0109217 0.00921958 0.00770954 0.0063828 0.00521993
 1.01629e-16 2.98698e-05 0.000175301 0.000833279 0.00320813 0.0100042 0.02527 0.0517064 0.0857117 0.115116 0.12529 0.110563 0.0792498 0.0464633 0.0229467 0.0107846 0.00675461 0.00704376 0.00929755 0.0124383 0.0159485 0.0194332 0.0224949 0.0247612 0.0259581 0.0259716 0.02487 0.0228778 0.0203129 0.0175084 0.0147452 0.0122136 0.0100071 0.00814119 0.00658419 0.00528637
 1.0198e-16 2.93597e-05 0.000172307 0.000819047 0.00315334 0.00983336 0.0248384 0.0508232 0.0842475 0.113149 0.123148 0.10867 0.0778871 0.0456527 0.0225252 0.010553 0.00656896 0.00682742 0.00901989 0.0120967 0.0155624 0.0190438 0.022164 0.0245652 0.0259775 0.0262766 0.0255064 0.0238564 0.0216054 0.0190506 0.0164475 0.0139746 0.0117284 0.00973982 0.00800038 0.00648652
 1.01866e-16 3.13698e-05 0.000184111 0.000875174 0.00336945 0.0105073 0.0265407 0.054306 0.0900191 0.120896 0.131566 0.116069 0.0831247 0.0485907 0.0237291 0.0107046 0.00610892 0.00592223 0.00767445 0.0102626 0.0132017 0.0161611 0.0188199 0.0208756 0.0221005 0.0223897 0.02178 0.0204305 0.0185748 0.0164613 0.0143022 0.0122445 0.0103663 0.00869132 0.0072114 0.00590734
 1.01956e-16 2.89856e-05 0.000170109 0.000808595 0.00311309 0.00970784 0.0245213 0.0501747 0.083173 0.111708 0.121584 0.107301 0.0769297 0.0451397 0.0223615 0.010625 0.00681099 0.00722561 0.00958732 0.0128483 0.0164975 0.0201369 0.0233609 0.0257877 0.0271337 0.0272763 0.0262775 0.0243576 0.0218319 0.0190324 0.0162399 0.0136461 0.0113472 0.00936332 0.00766947 0.00622382
 1.04037e-16 1.6997e-05 9.97091e-05 0.000473869 0.00182425 0.0056886 0.0143693 0.0294042 0.0487511 0.0655025 0.0713618 0.0631415 0.045625 0.0274879 0.0149516 0.00933674 0.0089488 0.0117239 0.0163501 0.0221224 0.0285123 0.0349308 0.040709 0.0451979 0.0479042 0.0485963 0.0473467 0.0444908 0.0405249 0.0359797 0.0313106 0.0268366 0.0227309 0.0190516 0.0157889 0.0129087
pSPR Fmed_Fpbrs
0.566291   0.344708 0.344708
Fs Fmed_Fpbrs
0.404666   1.005 1.005
SSBpbr Bo_Bmed_Bpbrs
970598  501111  286043 286043
Ro
39340.1
SPR SPRFo_SPRFmed_SPRFpbrs
807959 457540 278510
log_Ro
10.4
likeval ReclasPelacesDesembMPH_pf_preclas_ppelaces_ptallas_desvR_qrecl_qpela
 61.4952 16.7872 0.00798449 0.000257499 313.771 191.486 77.9243 0 15.6993 1.99578e-05 4.21984e-05 0 0 0 0
q_reclas_q_pelaces
0.530969 2.51982
M
0.7
N
 42011.6 12467.9 4683.47 556.235 0.270548
 51587.6 18981.2 3472.71 1304.49 155.004
 27564.2 23582.5 5679.96 1039.18 436.741
 41217.3 11974.7 5166.83 1244.45 323.367
 73441 19891.4 4992.73 2154.26 653.687
 52373.2 36272 9554.66 2398.21 1348.77
 89872.3 24671.6 13043.9 3435.99 1347.46
 85855.3 43124.3 9931.89 5251 1925.64
 108831 39908.6 14293.4 3291.89 2378.67
 123468 50114 12486.5 4472.08 1774.19
 64501.4 57900.4 17530.3 4367.89 2185
 44238.1 28653.5 14541.3 4402.63 1645.72
 46503.3 19761.8 7445.84 3778.68 1571.71
 24626.1 19469.4 3453.43 1301.18 934.998
 15342.9 8938.75 1420.6 251.982 163.165
 15396.7 5419.37 552.012 87.7292 25.6374
 11548.9 6657.88 1154.22 117.567 24.1448
 12944.8 5203.82 1824.05 316.219 38.8247
 14784.3 6002.23 1698.68 595.425 115.897
 24383.9 6936.51 2105.92 595.994 249.572
 30900.2 11418.3 2404.99 730.154 293.17
 40493.2 14941.8 4818.48 1014.9 431.84
 64670.5 19430.9 6016.34 1940.17 582.532
 74877 30836.6 7526.34 2330.35 977.136
 30011.4 35745 12029.9 2936.15 1290.31
pred_Ctot
 2739.21 4069.12 1528.53 181.537 0.088298
 2961.45 5584.04 1021.63 383.766 45.6003
 2500.43 9924.98 2390.48 437.349 183.808
 836.241 1395.21 602.003 144.995 37.6765
 286.402 468.879 117.688 50.7799 15.4086
 1940.93 7329.72 1930.77 484.622 272.554
 2183.86 3400.26 1797.72 473.551 185.709
 3962.74 10555.2 2430.95 1285.25 471.325
 5715.99 10902 3904.58 899.256 649.79
 4957.82 10868.9 2708.11 969.919 384.792
 4922.12 21392.8 6477.02 1613.83 807.305
 3214.69 10191.7 5172.17 1565.96 585.362
 5299.43 9763.98 3678.87 1866.99 776.558
 4851.52 13222.5 2345.37 883.688 634.996
 3248.55 6278.44 997.811 176.989 114.605
 1442.12 2334.67 237.807 37.7938 11.0446
 773.604 2220.43 384.936 39.2092 8.05239
 619.345 1313.52 460.419 79.8187 9.79996
 588.718 1292.27 365.723 128.194 24.9524
 1003.31 1536.89 466.6 132.052 55.2965
 584.183 1245.03 262.236 79.6147 31.9667
 982.959 2057.34 663.456 139.742 59.4602
 1854.98 3118.54 965.581 311.384 93.4925
 2087 4821.16 1176.71 364.341 152.771
 849.099 5665.48 1906.7 465.372 204.51
F
 0.0944963 0.578224 0.578224 0.578224 0.578224
 0.0827759 0.506507 0.506507 0.506507 0.506507
 0.133722 0.818246 0.818246 0.818246 0.818246
 0.028569 0.174814 0.174814 0.174814 0.174814
 0.00543566 0.0332609 0.0332609 0.0332609 0.0332609
 0.0527414 0.322725 0.322725 0.322725 0.322725
 0.0343034 0.209903 0.209903 0.209903 0.209903
 0.0660709 0.404289 0.404289 0.404289 0.404289
 0.0754932 0.461944 0.461944 0.461944 0.461944
 0.0572592 0.35037 0.35037 0.35037 0.35037
 0.111411 0.681727 0.681727 0.681727 0.681727
 0.105838 0.647621 0.647621 0.647621 0.647621
 0.170678 1.04438 1.04438 1.04438 1.04438
 0.313411 1.91776 1.91776 1.91776 1.91776
 0.340673 2.08458 2.08458 2.08458 2.08458
 0.138349 0.846557 0.846557 0.846557 0.846557
 0.0971959 0.594742 0.594742 0.594742 0.594742
 0.0685633 0.41954 0.41954 0.41954 0.41954
 0.0567704 0.347378 0.347378 0.347378 0.347378
 0.0587108 0.359252 0.359252 0.359252 0.359252
 0.0265984 0.162756 0.162756 0.162756 0.162756
 0.0342677 0.209684 0.209684 0.209684 0.209684
 0.0406044 0.248459 0.248459 0.248459 0.248459
 0.0394358 0.241308 0.241308 0.241308 0.241308
 0.040041 0.245011 0.245011 0.245011 0.245011
nmprior
 10.6 11 7 0
nm_flota  nm_reclas  nm_pelaces    nm_pelaL
inf 18.4892 17.5343 41.4052
cv_recla  cv_pelaces  cv_mph
0.709326 0.46458 0.520626
 ------------------------------------------------
Talla a la edad & desviación 
 7.2 14.2025 17.0495 18.207 18.6776
 1.08 2.13037 2.55742 2.73105 2.80164
