    unsorted:	 0.0008727171253 0.0008999973463 23.22407748 13.98249236 1.951353829 6.487137740 44.92460070 37.20651480 76.42293797 183.4640232 183.5746627 131.4679703 270.6251221 325.5863734 410.8058420 445.1922690 505.7700171 562.9500674 594.4760302 622.2505602 745.4282082 726.2841272 790.1375271 812.9791031 838.9026762 879.5894565 889.0969400 902.3341121 925.2753409 961.0881152 974.4495873 1004.723758 1044.356798 1191.071984 1257.963902 1301.666648 1430.362456 1776.655392 5559.823905 195045.9456 214951.1701 285794.5488 347874.4173 410417.4378 474447.5727 489827.0617 641553.8147 622319.1096 733075.3494 811029.1679 855389.3893 953576.3564 968930.3310 1138697.225 1273356.732 1360184.300 1565589.709 1861272.684 2000271.679 2121848.180 2311156.070 2439254.027 2490021.716 2751608.375 3186028.156
      sorted:	 0.0008727171253 0.0008999973463 1.951353829 6.487137740 13.98249236 23.22407748 37.20651480 44.92460070 76.42293797 131.4679703 183.4640232 183.5746627 270.6251221 325.5863734 410.8058420 445.1922690 505.7700171 562.9500674 594.4760302 622.2505602 726.2841272 745.4282082 790.1375271 812.9791031 838.9026762 879.5894565 889.0969400 902.3341121 925.2753409 961.0881152 974.4495873 1004.723758 1044.356798 1191.071984 1257.963902 1301.666648 1430.362456 1776.655392 5559.823905 195045.9456 214951.1701 285794.5488 347874.4173 410417.4378 474447.5727 489827.0617 622319.1096 641553.8147 733075.3494 811029.1679 855389.3893 953576.3564 968930.3310 1138697.225 1273356.732 1360184.300 1565589.709 1861272.684 2000271.679 2121848.180 2311156.070 2439254.027 2490021.716 2751608.375 3186028.156
