years
 1997 1998 1999 2000 2001 2002 2003 2004 2005 2006 2007 2008 2009 2010 2011 2012 2013 2014 2015 2016 2017 2018 2019 2020 2021
reclasobs
 0 0 0 370054 412103 1.49427e+06 250295 1.28982e+06 931140 785840 897777 1.04006e+06 184774 17550 25797 100020 73551 82996 120727 218422 84188 347160 605670 569463 516374
reclaspred
 370349 94577.6 250052 189848 314136 372442 837545 584896 703594 699013 564097 379333 234746 107050 73440.9 74252 91836.2 122462 125077 185568 276119 250907 433669 538291 531940
pelacesobs
 0 0 0 0 0 0 0 0 0 2.06254e+06 1.5e+06 0 1.87456e+06 323000 250000 174000 83755 137374 0 501740 490994 745055 786931 1.00524e+06 1.33801e+06
pelacespred
 835392 189907 312742 361160 518879 509741 1.34852e+06 1.12858e+06 1.22871e+06 1.22375e+06 891990 621446 383696 144345 97585.6 106119 137361 186075 195784 281529 467019 414734 565717 834204 848734
mphobs
 0 0 0 0 0 112323 0 153150 637223 0 255016 313432 73983 77613 109348 50772 0 0 0 0 0 0 0 0 0
mphpred
 142422 77704.5 86678.8 92877.7 111651 192347 285691 345040 310486 341794 350415 250204 153675 81429.4 38160.9 32375.5 39198.6 53268.8 64458 72113.7 113247 136674 169661 240868 305925
desembarqueobs
 350755 77701 442110 56441 14545 235359 269955 359681 431902 328805 639364 411747 362871 311530 167758 66681 60226 58785 57116 73181 50977 67692 138656 160484 209506
desembarquepred
 350753 77694 442018 56440.5 14545 235389 269978 359642 431879 328782 639396 411885 363045 311804 167734 66684.1 60241 58782.2 57108.3 73173.4 50975.6 67682.7 138648 160478 209496
Reclutas
 38730.4 51546.1 26792.9 50756.1 90107.4 60814.1 103869 106267 142471 154182 67668.5 39037.9 43871.7 23010.2 17255.5 20556.8 16285.1 17716 19154.1 38628.2 47610.7 58920.7 97077.1 108610 31038.6
log_desv_Rt
 -0.195621 0.0902313 -0.564108 0.0747872 0.648758 0.255577 0.790887 0.813714 1.1069 1.18589 0.362376 -0.187711 -0.0709742 -0.716308 -1.00411 -0.829051 -1.06199 -0.977775 -0.899726 -0.198262 0.0108125 0.223947 0.723261 0.835518 -0.417012
SSB
 596378 325380 362959 388916 467527 805436 1.1963e+06 1.44482e+06 1.30013e+06 1.43123e+06 1.46733e+06 1.0477e+06 643497 340977 159795 135569 164140 223058 269912 301969 474212 572310 710438 1.00861e+06 1.28103e+06
BT
 1.77068e+06 473689 801420 706676 940602 1.09747e+06 2.59943e+06 2.42683e+06 2.59473e+06 2.50623e+06 2.17032e+06 1.49035e+06 1.04417e+06 558328 316961 245097 295229 380324 399988 564008 877628 806412 1.10864e+06 1.62578e+06 1.69122e+06
Ftot
 0.508861 0.492476 0.811665 0.170414 0.0288442 0.262851 0.168185 0.320882 0.342565 0.246882 0.464875 0.426723 0.686808 1.20891 1.18359 0.475652 0.342182 0.237144 0.206355 0.220344 0.0959837 0.124451 0.149933 0.145407 0.150454
BD_Bspro_t
 0.936037 0.701202 0.632521 0.469128 0.640395 0.798721 0.759829 0.771216 0.724018 0.703866 0.68549 0.536159 0.421466 0.312863 0.195428 0.205143 0.308757 0.463015 0.567752 0.648758 0.760434 0.833132 0.83759 0.841436 0.837153
BD_Bspro
 0.616537 0.336379 0.375228 0.402063 0.483331 0.832662 1.23674 1.49366 1.34408 1.47961 1.51693 1.08312 0.665249 0.352503 0.165196 0.140152 0.169688 0.230598 0.279035 0.312176 0.490242 0.591655 0.734452 1.04271 1.32433
BD_Bo
 0.524974 0.286422 0.319502 0.342352 0.411551 0.709002 1.05307 1.27183 1.14447 1.25987 1.29165 0.922263 0.566452 0.300153 0.140663 0.119338 0.144488 0.196351 0.237595 0.265814 0.417436 0.503788 0.625378 0.887852 1.12765
BD_Brms
 1.80108 0.982654 1.09614 1.17454 1.41194 2.43243 3.61285 4.36339 3.92642 4.32234 4.43136 3.16409 1.94337 1.02976 0.482584 0.409422 0.495707 0.67364 0.815139 0.911953 1.43213 1.72839 2.14554 3.04603 3.86874
S_f
 0.173862 1 1 1 1
 0.173862 1 1 1 1
 0.173862 1 1 1 1
 0.173862 1 1 1 1
 0.173862 1 1 1 1
 0.173862 1 1 1 1
 0.173862 1 1 1 1
 0.173862 1 1 1 1
 0.173862 1 1 1 1
 0.173862 1 1 1 1
 0.173862 1 1 1 1
 0.173862 1 1 1 1
 0.173862 1 1 1 1
 0.173862 1 1 1 1
 0.173862 1 1 1 1
 0.173862 1 1 1 1
 0.173862 1 1 1 1
 0.173862 1 1 1 1
 0.173862 1 1 1 1
 0.173862 1 1 1 1
 0.173862 1 1 1 1
 0.173862 1 1 1 1
 0.173862 1 1 1 1
 0.173862 1 1 1 1
 0.173862 1 1 1 1
Scru_reclas
 1 1 1 1 1
 1 1 1 1 1
 1 1 1 1 1
 1 1 1 1 1
 1 1 1 1 1
 1 1 1 1 1
 1 1 1 1 1
 1 1 1 1 1
 1 1 1 1 1
 1 1 1 1 1
 1 1 1 1 1
 1 1 1 1 1
 1 1 1 1 1
 1 1 1 1 1
 1 1 1 1 1
 1 1 1 1 1
 1 1 1 1 1
 1 1 1 1 1
 1 1 1 1 1
 1 1 1 1 1
 1 1 1 1 1
 1 1 1 1 1
 1 1 1 1 1
 1 1 1 1 1
 1 1 1 1 1
Scru_pelaces
 1 1 1 1 1
 1 1 1 1 1
 1 1 1 1 1
 1 1 1 1 1
 1 1 1 1 1
 1 1 1 1 1
 1 1 1 1 1
 1 1 1 1 1
 1 1 1 1 1
 1 1 1 1 1
 1 1 1 1 1
 1 1 1 1 1
 1 1 1 1 1
 1 1 1 1 1
 1 1 1 1 1
 1 1 1 1 1
 1 1 1 1 1
 1 1 1 1 1
 1 1 1 1 1
 1 1 1 1 1
 1 1 1 1 1
 1 1 1 1 1
 1 1 1 1 1
 1 1 1 1 1
 1 1 1 1 1
pf_obs 
 0.256992 0.487395 0.22802 0.0275931 0
 0.321318 0.546541 0.124235 0.00734118 0.000564706
 0.182869 0.594174 0.210203 0.0122559 0.00049798
 0.330522 0.361315 0.267642 0.0388342 0.00168674
 0.649043 0.306663 0.0425973 0.00169635 0
 0.582887 0.30429 0.105238 0.00758474 0
 0.465427 0.430635 0.0974691 0.00646863 0
 0.296916 0.608066 0.0921331 0.00288517 0
 0.311714 0.524322 0.152257 0.0117073 0
 0.15457 0.633149 0.183074 0.0267441 0.00246327
 0.131901 0.49318 0.331252 0.0422183 0.00144891
 0.196976 0.569456 0.194076 0.0375587 0.00193317
 0.518974 0.381816 0.0799577 0.0180837 0.00116848
 0.0928022 0.601141 0.25162 0.0475244 0.00691264
 0.122501 0.610282 0.24278 0.0234846 0.000952079
 0.383417 0.481906 0.127806 0.00687128 0
 0.0376549 0.599619 0.316969 0.0457579 0
 0.0361596 0.667082 0.258105 0.0386534 0
 0.158088 0.579412 0.248529 0.0139706 0
 0.0477256 0.309471 0.559284 0.082774 0.000745712
 0.0406174 0.521527 0.379366 0.0568643 0.0016247
 0.151134 0.462217 0.34131 0.0453401 0
 0.294876 0.26143 0.354403 0.0886775 0.000613685
 0.281977 0.475581 0.204845 0.0348837 0.00271318
 0.0354234 0.537034 0.353287 0.0723622 0.0018943
pf_pred 
 0.286325 0.499082 0.191439 0.0231428 1.1033e-05
 0.310691 0.514666 0.122129 0.0468467 0.00566594
 0.166182 0.639174 0.145329 0.0344863 0.0148283
 0.338718 0.417189 0.187112 0.0425437 0.0144364
 0.330033 0.510087 0.100865 0.0452387 0.0137762
 0.162034 0.621513 0.164799 0.0325875 0.0190666
 0.270353 0.406624 0.239584 0.0635276 0.0199119
 0.223647 0.541483 0.13089 0.0771208 0.0268588
 0.269397 0.481143 0.173991 0.042058 0.033411
 0.238631 0.543521 0.143465 0.0518799 0.022503
 0.11204 0.594398 0.209566 0.055316 0.0286799
 0.107812 0.424272 0.313222 0.110432 0.0442622
 0.197453 0.369233 0.206058 0.152124 0.0751313
 0.168199 0.552463 0.128517 0.0717216 0.0790995
 0.244074 0.515643 0.159591 0.0371249 0.0435679
 0.318009 0.526259 0.10623 0.0328781 0.0166239
 0.207633 0.611 0.139952 0.0282506 0.0131644
 0.219484 0.499018 0.217065 0.0497196 0.0147132
 0.214716 0.505641 0.178788 0.07777 0.023085
 0.334204 0.422133 0.156893 0.0554754 0.0312939
 0.261302 0.562893 0.111465 0.041428 0.0229116
 0.238644 0.517906 0.185511 0.0367353 0.0212042
 0.289949 0.466083 0.165957 0.0594448 0.018566
 0.232686 0.549262 0.143131 0.0509642 0.0239566
 0.0658857 0.608256 0.233258 0.0607841 0.0318169
pobs_RECLAS
 0 0 0 0 0
 0 0 0 0 0
 0 0 0 0 0
 0 0 0 0 0
 0.835266 0.146461 0.0176864 0.000547809 3.91292e-05
 0.385257 0.428462 0.181853 0.0044286 0
 0.867414 0.0963971 0.0333333 0.00285562 0
 0.441836 0.489002 0.0689373 0.000224442 0
 0.779404 0.147425 0.0564933 0.0165055 0.000172143
 0.814271 0.122319 0.05973 0.00367925 0
 0.40263 0.566651 0.0304383 0.000280538 0
 0.475488 0.404961 0.113038 0.00651328 0
 0.955842 0.0263864 0.0167828 0.000988607 0
 0.975058 0.0227948 0.00214734 0 0
 0.738997 0.206755 0.0527124 0.00153531 0
 0.850938 0.134255 0.0134407 0.00136685 0
 0.542534 0.407297 0.0501686 0 0
 0.764087 0.199537 0.0359546 0.000420521 0
 0.470689 0.182191 0.310203 0.0369168 0
 0.84361 0.089868 0.0606195 0.00523954 0.000663233
 0.607945 0.314616 0.071237 0.00620181 0
 0.523733 0.453247 0.0230204 0 0
 0.530135 0.295979 0.169645 0.0042399 0
 0.562478 0.366248 0.0663022 0.0049721 0
 0.250443 0.683176 0.0655157 0.000865301 0
ppred_RECLAS
 0.704868 0.20639 0.0791675 0.00957046 4.56259e-06
 0.728214 0.202927 0.0481542 0.0184711 0.00223401
 0.550012 0.344944 0.07843 0.0186113 0.0080024
 0.748338 0.158769 0.0712089 0.0161908 0.00549402
 0.739403 0.198409 0.0392335 0.0175965 0.00535855
 0.53036 0.348328 0.0923622 0.0182638 0.0106859
 0.682614 0.176876 0.104216 0.0276336 0.00866139
 0.628157 0.259349 0.0626913 0.0369379 0.0128643
 0.684119 0.208025 0.075226 0.018184 0.0144455
 0.646452 0.252388 0.0666191 0.0240908 0.0104494
 0.428018 0.382883 0.134992 0.0356319 0.0184742
 0.416709 0.277379 0.204777 0.0721979 0.0289375
 0.598271 0.184826 0.103146 0.0761485 0.0376083
 0.565676 0.288468 0.0671049 0.0374493 0.0413017
 0.674531 0.222013 0.0687127 0.0159843 0.0187584
 0.734602 0.204795 0.0413397 0.0127946 0.00646923
 0.606154 0.303698 0.0695631 0.014042 0.00654339
 0.621132 0.242227 0.105365 0.0241342 0.00714189
 0.614033 0.248522 0.0878743 0.0382239 0.0113462
 0.745109 0.161608 0.0600643 0.021238 0.0119804
 0.671556 0.250276 0.0495603 0.0184199 0.0101871
 0.644723 0.241674 0.0865663 0.0171421 0.00989468
 0.70306 0.194914 0.0694024 0.0248596 0.00776423
 0.637393 0.259563 0.0676389 0.024084 0.0113211
 0.290263 0.46215 0.177228 0.0461835 0.0241744
pobs_PELACES
 0 0 0 0 0
 0 0 0 0 0
 0 0 0 0 0
 0 0 0 0 0
 0 0 0 0 0
 0 0 0 0 0
 0 0 0 0 0
 0 0 0 0 0
 0 0 0 0 0
 0 0 0 0 0
 0.450072 0.473896 0.0757376 0.000293798 0
 0 0 0 0 0
 0.463077 0.371075 0.160297 0.00555027 0
 0.529543 0.364841 0.0842815 0.0213345 0
 0.631943 0.363953 0.00410389 0 0
 0.735681 0.248677 0.0153453 0.000297389 0
 0.695825 0.281241 0.0229344 0 0
 0.275771 0.60734 0.115278 0.00161068 0
 0 0 0 0 0
 0.896147 0.0623911 0.0374545 0.00400742 0
 0.803859 0.145111 0.0509908 3.86294e-05 0
 0.739449 0.233085 0.0266225 0.000797448 4.60066e-05
 0.878498 0.100942 0.0204185 0.000141795 0
 0.694673 0.275183 0.0284847 0.00165964 0
 0.469039 0.446079 0.0841089 0.000773354 0
ppred_PELACES
 0.732886 0.186796 0.0716518 0.00866189 4.12944e-06
 0.753959 0.183704 0.0435927 0.0167214 0.00202239
 0.603962 0.303588 0.0690269 0.01638 0.00704298
 0.756986 0.153313 0.0687618 0.0156344 0.00530522
 0.740915 0.197257 0.0390058 0.0174944 0.00532745
 0.548162 0.335124 0.088861 0.0175714 0.0102808
 0.692463 0.171387 0.100981 0.0267761 0.0083926
 0.648351 0.245265 0.0592866 0.0349318 0.0121657
 0.703946 0.194968 0.0705044 0.0170427 0.0135388
 0.66168 0.241518 0.0637498 0.0230532 0.0099994
 0.459289 0.36195 0.127612 0.0336839 0.0174642
 0.44523 0.263816 0.194764 0.0686677 0.0275226
 0.642333 0.164554 0.0918329 0.0677963 0.0334833
 0.644239 0.236288 0.0549666 0.0306753 0.0338308
 0.741049 0.176639 0.0546696 0.0127175 0.0149247
 0.759104 0.185888 0.0375232 0.0116134 0.00587198
 0.62819 0.286705 0.0656709 0.0132563 0.00617727
 0.636223 0.232579 0.101168 0.0231729 0.00685742
 0.627278 0.239994 0.0848589 0.0369123 0.0109569
 0.756349 0.154481 0.0574157 0.0203015 0.0114521
 0.677302 0.245898 0.0486933 0.0180977 0.0100089
 0.652456 0.236414 0.0846822 0.016769 0.00967932
 0.711522 0.189359 0.0674246 0.0241511 0.00754297
 0.646505 0.253041 0.0659393 0.0234788 0.0110366
 0.298786 0.456601 0.1751 0.045629 0.0238841
pobs_pel_tallas
 0 0 0 0 0 0 0 0 0 0 0 0 0 0 0 0 0 0 0 0 0 0 0 0 0 0 0 0 0 0 0 0 0 0 0 0
 0 0 0 0 0 0 0 0 0 0 0 0 0 0 0 0 0 0 0 0 0 0 0 0 0 0 0 0 0 0 0 0 0 0 0 0
 0 0 0 0 0 0 0 0 0 0 0 0 0 0 0 0 0 0 0 0 0 0 0 0 0 0 0 0 0 0 0 0 0 0 0 0
 0 0 0 0 0 0 0 0 0 0 0 0 0 0 0 0 0 0 0 0 0 0 0 0 0 0 0 0 0 0 0 0 0 0 0 0
 0 0 0 0 0 0 0 0 0 0 0 0 0 0 0 0 0 0 0 0 0 0 0 0 0 0 0 0 0 0 0 0 0 0 0 0
 0 0 0 0 0 0 0 0 0 0 0 0 0 0 0 0 0 0 0 0 0 0 0 0 0 0 0 0 0 0 0 0 0 0 0 0
 0 0 0 0 0 0 0 0 0 0 0 0 0 0 0 0 0 0 0 0 0 0 0 0 0 0 0 0 0 0 0 0 0 0 0 0
 0 0 0 0 0 0 0 0 0 0 0 0 0 0 0 0 0 0 0 0 0 0 0 0 0 0 0 0 0 0 0 0 0 0 0 0
 0 0 0 0 0 0 0 0 0 0 0 0 0 0 0 0 0 0 0 0 0 0 0 0 0 0 0 0 0 0 0 0 0 0 0 0
 0 0 0 0 0 0 0 0 0 0 0 0 0 0 0 0 0 0 0 0 0 0 0 0 0 0 0 0 0 0 0 0 0 0 0 0
 0 0 0 0 0 0 0 0 1.78061e-05 0.00172719 0.00360574 0.0105946 0.0120993 0.0124554 0.0147524 0.0171206 0.0266825 0.0428682 0.0675386 0.121331 0.153587 0.119568 0.100827 0.0573624 0.0630603 0.0341343 0.0324427 0.0444173 0.0211091 0.0280891 0.0125444 0.00206551 0 0 0 0
 0 0 0 0 0 0 0 0 0 0 0 0 0 0 0 0 0 0 0 0 0 0 0 0 0 0 0 0 0 0 0 0 0 0 0 0
 0 0 0 0 0 0 0.0133647 0.0140871 0.0187388 0.0205184 0.03894 0.0496705 0.03968 0.0493445 0.0407372 0.0367815 0.0215668 0.0243155 0.0234873 0.0199281 0.019796 0.0243948 0.0301388 0.0376714 0.0412746 0.0863199 0.0771752 0.113111 0.0741005 0.0525337 0.0229764 0.00759418 0.00175318 0 0 0
 0 0 0 0 0 0 0 0 0 0 0.00219441 0.00772107 0.0458388 0.0604681 0.0671733 0.0775358 0.0609151 0.0617685 0.073594 0.0568108 0.0755445 0.0548602 0.0670107 0.0636378 0.0643287 0.046367 0.0373049 0.0286899 0.0247887 0.0153202 0.00654259 0.00121912 0.000365735 0 0 0
 0 0 0 0 0 0 0 0 0 0 0 0 0.000112435 0.00938835 0.0111873 0.0202946 0.0414886 0.0713402 0.111592 0.104902 0.108894 0.110636 0.117776 0.105296 0.107544 0.0401394 0.0192827 0.0124803 0.00416011 0.0028671 0.000618394 0 0 0 0 0
 0 0 0 0 0 0 0 0 0 0 0.00291406 0.0102884 0.027416 0.0768956 0.0749926 0.110853 0.0956884 0.0897413 0.0766577 0.0534642 0.0500743 0.0551293 0.0594112 0.0620874 0.0668451 0.0424026 0.0208742 0.0120726 0.0048766 0.00582813 0.00118941 0.000297354 0 0 0 0
 0 0.00264628 0.0354308 0.0461629 0.0458689 0.0383711 0.0214643 0.0164657 0.0346957 0.0420465 0.0363128 0.0245516 0.0311673 0.0291091 0.0169068 0.0133784 0.00837989 0.0085269 0.0148486 0.0160247 0.0276389 0.0546898 0.0760071 0.122758 0.109233 0.0665981 0.0333725 0.0166128 0.00676272 0.00308733 0.000882094 0 0 0 0 0
 0 0 0 0 0 0 0 0.000805153 0.000690131 0.00759144 0.0133425 0.0154129 0.00931677 0.000345066 0.00356568 0.00563607 0.00851162 0.0253048 0.0502646 0.0516448 0.0657925 0.0565908 0.0611916 0.0827007 0.0866115 0.110766 0.145733 0.0935128 0.0569358 0.0249597 0.0138026 0.00621118 0.00161031 0.00115022 0 0
 0 0 0 0 0 0 0 0 0 0 0 0 0 0 0 0 0 0 0 0 0 0 0 0 0 0 0 0 0 0 0 0 0 0 0 0
 0.00147267 0.00158595 0.00478618 0.00569244 0.00954404 0.0108468 0.00647125 0.017049 0.0510054 0.094081 0.124002 0.0959785 0.0687766 0.0820023 0.061753 0.0591476 0.0492212 0.0479892 0.0443925 0.0268479 0.0217502 0.0140895 0.0121071 0.0120363 0.00920419 0.00665534 0.0049561 0.00860946 0.00930331 0.0156896 0.0114698 0.00855282 0.00243557 0.00046729 0 2.83206e-05
 0 0 0 0 0.000772559 0.00158375 0.000888443 0.00281984 0.00712685 0.0440552 0.0773331 0.111326 0.0921469 0.0852325 0.0710754 0.0886704 0.0786465 0.0553345 0.0373146 0.0185414 0.00753245 0.00457741 0.012979 0.0271748 0.0457355 0.0583668 0.034881 0.0177882 0.00938659 0.00492506 0.0015258 0.00185414 0.000309023 5.79419e-05 3.86279e-05 0
 0 0.00173294 0.00326652 0 0.00397197 0.00683976 0.00946217 0.0152591 0.00757587 0.0136028 0.0228656 0.0392903 0.0559909 0.0764795 0.0681675 0.0726916 0.0566044 0.0477403 0.0527397 0.0444891 0.0609904 0.0582453 0.0661739 0.0445044 0.0529084 0.0360697 0.0280645 0.0235558 0.0158879 0.00826598 0.00280645 0.00217768 0.000904811 0.00058276 9.20147e-05 0
 0 0 0 0 0 0 0 0 0 0 0 0 0 0 0 0 0 0 0 0 0 0 0 0 0 0 0 0 0 0 0 0 0 0 0 0
 0 0 0 0 0 0 0 0 0 0 0 0 0 0 0 0 0 0 0 0 0 0 0 0 0 0 0 0 0 0 0 0 0 0 0 0
 0 0 0 0 0 0 0 0 0 0 0 0 0 0 0 0 0 0 0 0 0 0 0 0 0 0 0 0 0 0 0 0 0 0 0 0
ppred_pel_tallas
 1.01376e-16 3.19776e-05 0.000187681 0.000892144 0.00343479 0.0107111 0.0270554 0.055359 0.0917643 0.123239 0.134113 0.118309 0.0847141 0.04949 0.0241128 0.0107839 0.00602402 0.00573169 0.00738885 0.0098759 0.0127087 0.015565 0.0181342 0.0201228 0.0213075 0.0215814 0.0209739 0.0196331 0.0177809 0.0156578 0.0134736 0.0113793 0.00946203 0.00775686 0.00626632 0.00497855
 1.01348e-16 3.28963e-05 0.000193075 0.000917789 0.00353354 0.011019 0.0278331 0.0569504 0.0944018 0.12678 0.137964 0.121699 0.0871276 0.0508709 0.0247306 0.0109654 0.00598862 0.00557417 0.00712639 0.0094918 0.0121756 0.0148556 0.0172266 0.0190054 0.0199824 0.0200676 0.0193075 0.017866 0.0159776 0.013889 0.0118092 0.00988097 0.00817613 0.00671003 0.00546399 0.0044066
 1.01971e-16 2.63606e-05 0.000154693 0.000735295 0.00283085 0.00882766 0.0222981 0.0456263 0.0756357 0.101592 0.110592 0.0976447 0.0701042 0.0413307 0.0208388 0.0105093 0.00754039 0.00859729 0.0116072 0.0155858 0.0199976 0.0243752 0.0282253 0.0310815 0.0325992 0.0326332 0.0312663 0.0287768 0.0255609 0.0220346 0.0185505 0.015349 0.0125506 0.0101786 0.00819708 0.00654689
 1.01812e-16 3.30271e-05 0.000193845 0.000921458 0.00354767 0.0110631 0.0279445 0.057178 0.0947783 0.127283 0.138505 0.122161 0.0874237 0.0509751 0.024654 0.0107172 0.00555436 0.0049187 0.0062105 0.00829208 0.0107022 0.0131649 0.015425 0.0172416 0.0184277 0.0188879 0.0186338 0.017771 0.0164639 0.014892 0.0132127 0.0115398 0.00994113 0.00844862 0.00707368 0.00582058
 1.01469e-16 3.23281e-05 0.000189737 0.00090192 0.00347243 0.0108284 0.0273518 0.0559657 0.0927701 0.12459 0.135585 0.11961 0.0856519 0.0500501 0.0244076 0.0109512 0.006163 0.00589444 0.00759424 0.0101212 0.0129733 0.015811 0.0183084 0.0201632 0.0211537 0.0211876 0.0203206 0.0187348 0.0166869 0.0144453 0.0122355 0.0102087 0.00843791 0.00693327 0.00566781 0.0046012
 1.02455e-16 2.39288e-05 0.000140413 0.0006674 0.00256942 0.00801241 0.020239 0.0414133 0.0686535 0.0922192 0.100404 0.0886851 0.0637491 0.0377402 0.0193179 0.0102184 0.00792762 0.00944127 0.012884 0.017343 0.0222833 0.0272037 0.0315627 0.0348441 0.036663 0.0368514 0.0354901 0.0328746 0.0294298 0.0256051 0.0217829 0.0182265 0.0150718 0.0123517 0.0100368 0.00807339
 1.02802e-16 3.02144e-05 0.00017733 0.000842941 0.00324535 0.0101203 0.0255631 0.0523057 0.0867031 0.116442 0.126716 0.111784 0.0800432 0.0467638 0.0227907 0.0102065 0.00572884 0.00549031 0.00712337 0.00958559 0.0124375 0.0153931 0.018173 0.020506 0.0221741 0.023054 0.0231356 0.0225091 0.0213292 0.0197709 0.0179909 0.0161076 0.0141994 0.0123151 0.0104891 0.00875276
 1.02691e-16 2.82938e-05 0.000166048 0.000789289 0.00303876 0.00947605 0.0239358 0.0489767 0.0811873 0.109041 0.118682 0.104742 0.0751005 0.0440766 0.0218541 0.0104169 0.00672314 0.00717036 0.00953472 0.0127961 0.0164578 0.0201319 0.0234224 0.0259549 0.0274498 0.0277832 0.0270097 0.0253359 0.0230592 0.020491 0.0178925 0.0154385 0.0132139 0.0112346 0.00947775 0.00791029
 1.02283e-16 3.0716e-05 0.000180273 0.000856926 0.0032992 0.0102882 0.0259873 0.0531737 0.0881424 0.118376 0.128825 0.113654 0.0814018 0.0475973 0.02327 0.0105425 0.00608117 0.00595374 0.00774487 0.0103766 0.013374 0.0164114 0.0191698 0.0213468 0.0227117 0.0231537 0.0227004 0.0215001 0.0197742 0.0177601 0.0156615 0.0136205 0.0117146 0.00997114 0.00838927 0.00695923
 1.02244e-16 2.88749e-05 0.00016946 0.000805509 0.00310121 0.0096708 0.0244278 0.0499832 0.0828554 0.111281 0.121118 0.106886 0.0766264 0.044949 0.0222436 0.0105305 0.00670068 0.00707426 0.00938016 0.0125792 0.0161703 0.0197671 0.0229766 0.0254278 0.0268434 0.0271003 0.0262525 0.0245062 0.0221589 0.0195243 0.0168679 0.0143706 0.012124 0.0101494 0.00842692 0.00692307
 1.03903e-16 2.00547e-05 0.000117666 0.000559252 0.00215302 0.00671386 0.0169589 0.0347024 0.0575311 0.0772869 0.0841675 0.074394 0.053586 0.0319446 0.0167602 0.00952959 0.00819026 0.0102607 0.0141845 0.0191785 0.0247353 0.0303371 0.0354066 0.0393844 0.0418431 0.042579 0.0416472 0.0393275 0.0360373 0.0322236 0.02827 0.0244452 0.020896 0.0176738 0.0147755 0.0121795
 1.06497e-16 1.94378e-05 0.000114053 0.000542094 0.00208698 0.00650796 0.0164388 0.0336374 0.0557632 0.0749052 0.0815559 0.0720434 0.0518012 0.0306978 0.0157749 0.00845562 0.00671837 0.00815217 0.0112727 0.0153859 0.0201084 0.0250801 0.0298926 0.0341291 0.0374402 0.0396062 0.0405667 0.0404037 0.0392931 0.0374439 0.0350486 0.0322584 0.0291862 0.0259227 0.0225574 0.0191897
 1.05252e-16 2.80281e-05 0.000164496 0.000781926 0.00301044 0.00938774 0.0237127 0.0485195 0.0804273 0.108014 0.117547 0.103701 0.0742671 0.0434134 0.0212038 0.0095765 0.00549401 0.00537803 0.00704212 0.00952899 0.0124398 0.015516 0.018503 0.0211501 0.0232509 0.0246813 0.0254138 0.0255049 0.0250621 0.0242039 0.0230295 0.0216054 0.0199711 0.0181544 0.0161891 0.0141258
 1.03493e-16 2.81141e-05 0.000164994 0.00078428 0.00301948 0.00941591 0.0237839 0.0486658 0.0806718 0.108348 0.117926 0.104071 0.0746108 0.0437719 0.021671 0.0102768 0.00656391 0.00695188 0.00923243 0.0123973 0.0159624 0.019556 0.0228 0.0253374 0.0269013 0.027373 0.0268027 0.0253838 0.0233935 0.0211196 0.0187991 0.0165855 0.0145473 0.0126898 0.0109865 0.00940638
 1.01969e-16 3.23331e-05 0.000189769 0.000902073 0.00347303 0.0108303 0.0273565 0.0559751 0.0927852 0.124609 0.135601 0.119613 0.0856318 0.0499929 0.0242955 0.0107594 0.00586039 0.00544648 0.0069704 0.00930456 0.0119708 0.0146618 0.0170862 0.0189714 0.0201122 0.0204139 0.0199095 0.0187417 0.0171196 0.0152649 0.0133656 0.0115508 0.00988708 0.0083926 0.00705804 0.00586559
 1.01267e-16 3.31207e-05 0.000194392 0.000924051 0.00355765 0.0110942 0.028023 0.057339 0.095046 0.127645 0.138905 0.12253 0.087722 0.0512178 0.0248988 0.0110386 0.00602545 0.00560322 0.00715677 0.00952247 0.0121995 0.0148607 0.0171971 0.0189232 0.0198298 0.0198304 0.0189785 0.0174474 0.0154814 0.0133361 0.011227 0.00929912 0.00762293 0.00620889 0.00503119 0.00405038
 1.0177e-16 2.74164e-05 0.000160893 0.000764773 0.00294435 0.00918163 0.0231922 0.0474555 0.0786671 0.105661 0.115014 0.101532 0.0728584 0.0428801 0.0214824 0.010608 0.00732906 0.00816748 0.0109656 0.0147101 0.0188693 0.0229952 0.0266204 0.0293037 0.0307196 0.030731 0.0294167 0.0270407 0.0239784 0.0206246 0.0173142 0.0142761 0.0116254 0.0093849 0.00752084 0.00597652
 1.02629e-16 2.77646e-05 0.000162942 0.000774523 0.00298191 0.00929876 0.023488 0.0480604 0.0796682 0.107001 0.11646 0.102779 0.0736886 0.0432393 0.0214239 0.0101892 0.00655173 0.00698045 0.00930048 0.0125219 0.0161712 0.0198822 0.0232775 0.0259932 0.0277468 0.0283958 0.0279607 0.0266054 0.0245829 0.0221693 0.0196057 0.0170664 0.0146542 0.0124158 0.0103662 0.00850851
 1.03064e-16 2.73748e-05 0.000160653 0.00076364 0.00294 0.00916808 0.023158 0.0473851 0.078549 0.105498 0.114828 0.101344 0.0726718 0.0426672 0.0211858 0.0101513 0.00662592 0.00713052 0.00952007 0.0128136 0.0165345 0.0203089 0.0237503 0.0264883 0.0282393 0.0288651 0.0283969 0.027012 0.0249768 0.022576 0.020053 0.0175768 0.015239 0.013072 0.0110768 0.00924619
 1.02099e-16 3.29994e-05 0.000193682 0.000920683 0.00354469 0.0110538 0.027921 0.0571299 0.0946986 0.127176 0.138388 0.122058 0.0873512 0.0509341 0.0246362 0.0107126 0.00555569 0.00492166 0.00621199 0.00828857 0.010689 0.0131364 0.0153755 0.0171669 0.0183271 0.0187659 0.0185015 0.0176456 0.0163671 0.014847 0.0132399 0.0116536 0.0101465 0.00874004 0.00743611 0.00623171
 1.01861e-16 2.95562e-05 0.00017346 0.000824524 0.00317442 0.0098991 0.0250044 0.0511631 0.0848113 0.113907 0.123975 0.109406 0.0784282 0.0459964 0.0227434 0.0107349 0.006785 0.00712264 0.00941858 0.0126046 0.016164 0.0196993 0.0228088 0.0251167 0.0263467 0.0263846 0.0253001 0.0233209 0.0207676 0.0179754 0.0152254 0.0127061 0.0105078 0.00864257 0.00707566 0.0057558
 1.02308e-16 2.84725e-05 0.000167098 0.000794281 0.00305798 0.00953599 0.0240872 0.0492864 0.0817004 0.10973 0.119429 0.105397 0.0755594 0.0443249 0.0219385 0.0103936 0.00662648 0.00701135 0.0093128 0.0125111 0.0161172 0.0197549 0.0230388 0.0256017 0.0271638 0.0275919 0.0269237 0.0253443 0.0231302 0.0205776 0.0179423 0.0154044 0.0130637 0.0109559 0.00907934 0.00741824
 1.02202e-16 3.10461e-05 0.000182212 0.000866144 0.00333469 0.0103989 0.0262668 0.0537456 0.0890902 0.119648 0.130208 0.114869 0.0822624 0.0480805 0.023469 0.0105695 0.00600914 0.00581045 0.00753167 0.010086 0.0130003 0.0159554 0.0186413 0.0207642 0.0221 0.0225406 0.0221121 0.0209574 0.0192905 0.0173406 0.0153043 0.0133191 0.0114602 0.00975471 0.00820286 0.0067968
 1.02341e-16 2.82136e-05 0.000165577 0.000787046 0.00303012 0.0094491 0.0238678 0.0488375 0.0809568 0.108732 0.118348 0.104452 0.074903 0.0439817 0.0218461 0.010478 0.00684769 0.0073652 0.00981247 0.0131678 0.0169266 0.0206889 0.0240438 0.0266029 0.028076 0.0283348 0.0274367 0.0255986 0.023133 0.0203694 0.0175863 0.0149733 0.0126262 0.0105664 0.00877236 0.00720787
 1.05319e-16 1.30599e-05 7.65919e-05 0.000363959 0.00140106 0.00436887 0.0110359 0.022584 0.0374477 0.0503281 0.0548641 0.0486252 0.0353122 0.021628 0.0124053 0.00872511 0.00935436 0.0127617 0.0179572 0.0243611 0.0314622 0.0386398 0.0451725 0.0503539 0.0536397 0.0547633 0.0537818 0.0510329 0.0470278 0.0423163 0.0373732 0.0325331 0.0279836 0.0237974 0.0199825 0.0165265
pSPR Fmed_Fpbrs
0.652796   0.341478 0.341478
Fs Fmed_Fpbrs
0.280705   1.005 1.005
SSBpbr Bo_Bmed_Bpbrs
1.13601e+06  684785  331123 331123
Ro
47098.7
SPR SPRFo_SPRFmed_SPRFpbrs
967302 631452 330313
log_Ro
10.58
likeval ReclasPelacesDesembMPH_pf_preclas_ppelaces_ptallas_desvR_qrecl_qpela
 67.9432 34.4695 0.00676349 0.000173257 313.984 195.384 77.6748 0 16.0193 5.71815e-05 0 0 0 0 0
q_reclas_q_pelaces
0.342479 1
M
0.7
N
 38730.4 13993.3 5367.57 648.879 0.309344
 51546.1 17604.5 4177.51 1602.42 193.807
 26792.9 23496.5 5342.41 1267.74 545.099
 50756.1 11553.9 5181.98 1178.23 399.809
 90107.4 24468.9 4838.5 2170.1 660.847
 60814.1 44522.2 11805.4 2334.41 1365.84
 103869 28850.3 16998.7 4507.35 1412.77
 106267 50093.5 12108.9 7134.57 2484.75
 142471 49907.4 18047.5 4362.54 3465.62
 154182 66658.4 17594.8 6362.64 2759.81
 67668.5 73347.6 25860 6825.88 3539.04
 39037.9 30994.1 22881.6 8067.34 3233.46
 43871.7 17999.5 10045 7415.79 3662.52
 23010.2 19333.9 4497.56 2509.96 2768.15
 17255.5 9260.45 2866.09 666.726 782.437
 20556.8 6975.12 1407.99 435.772 220.336
 16285.1 9397.99 2152.64 434.532 202.487
 17716 7619.87 3314.52 759.204 224.666
 19154.1 8442.17 2985.05 1298.45 385.426
 38628.2 9176.46 3410.59 1205.94 680.276
 47610.7 18461.2 3655.74 1358.72 751.435
 58920.7 23251.5 8328.55 1649.24 951.968
 97077.1 28632.8 10195.2 3651.87 1140.57
 108610 46966.7 12238.9 4357.88 2048.49
 31038.6 52587.7 20166.7 5255.18 2750.78
pred_Ctot
 2370.47 4131.87 1584.91 191.598 0.0913418
 3057.05 5064.06 1201.69 460.948 55.75
 2556.72 9833.72 2235.89 530.574 228.133
 1067.46 1314.76 589.681 134.076 45.496
 324.257 501.16 99.0998 44.447 13.5352
 1958.88 7513.69 1992.32 393.963 230.503
 2156.29 3243.17 1910.88 506.686 158.814
 4160.27 10072.6 2434.81 1434.6 499.625
 5944.7 10617.2 3839.41 928.082 737.271
 4670.33 10637.4 2807.8 1015.36 440.414
 3796.23 20139.8 7100.67 1874.26 971.752
 2016.12 7934.04 5857.37 2065.12 827.719
 3575.82 6686.74 3731.67 2754.94 1360.61
 3175.15 10429 2426.06 1353.91 1493.19
 2335.56 4934.24 1527.14 355.251 416.905
 1179.02 1951.11 393.849 121.896 61.6332
 678.767 1997.4 457.512 92.3531 43.0354
 515.852 1172.84 510.167 116.856 34.5803
 486.457 1145.57 405.058 176.194 52.3008
 1046.43 1321.74 491.248 173.699 97.9843
 567.2 1221.85 241.954 89.9262 49.7335
 908.144 1970.85 705.949 139.794 80.6912
 1799.09 2891.98 1029.74 368.846 115.2
 1952.74 4609.51 1201.18 427.7 201.048
 577.205 5328.75 2043.5 532.511 278.739
F
 0.0884718 0.508861 0.508861 0.508861 0.508861
 0.085623 0.492476 0.492476 0.492476 0.492476
 0.141118 0.811665 0.811665 0.811665 0.811665
 0.0296286 0.170414 0.170414 0.170414 0.170414
 0.00501492 0.0288442 0.0288442 0.0288442 0.0288442
 0.0456998 0.262851 0.262851 0.262851 0.262851
 0.029241 0.168185 0.168185 0.168185 0.168185
 0.0557894 0.320882 0.320882 0.320882 0.320882
 0.0595592 0.342565 0.342565 0.342565 0.342565
 0.0429236 0.246882 0.246882 0.246882 0.246882
 0.0808243 0.464875 0.464875 0.464875 0.464875
 0.0741911 0.426723 0.426723 0.426723 0.426723
 0.11941 0.686808 0.686808 0.686808 0.686808
 0.210184 1.20891 1.20891 1.20891 1.20891
 0.205781 1.18359 1.18359 1.18359 1.18359
 0.082698 0.475652 0.475652 0.475652 0.475652
 0.0594926 0.342182 0.342182 0.342182 0.342182
 0.0412304 0.237144 0.237144 0.237144 0.237144
 0.0358773 0.206355 0.206355 0.206355 0.206355
 0.0383095 0.220344 0.220344 0.220344 0.220344
 0.016688 0.0959837 0.0959837 0.0959837 0.0959837
 0.0216374 0.124451 0.124451 0.124451 0.124451
 0.0260677 0.149933 0.149933 0.149933 0.149933
 0.0252808 0.145407 0.145407 0.145407 0.145407
 0.0261584 0.150454 0.150454 0.150454 0.150454
nmprior
 10.6 11 7 0
nm_flota  nm_reclas  nm_pelaces    nm_pelaL
inf 15.6116 20.1894 49.7348
cv_recla  cv_pelaces  cv_mph
0.745586 0.665717 0.427054
 ------------------------------------------------
Talla a la edad & desviación 
 7.2 14.2025 17.0495 18.207 18.6776
 1.08 2.13037 2.55742 2.73105 2.80164
