years
 1997 1998 1999 2000 2001 2002 2003 2004 2005 2006 2007 2008 2009 2010 2011 2012 2013 2014 2015 2016 2017 2018 2019 2020 2021
reclasobs
 0 0 0 370054 412103 1.49427e+06 250295 1.28982e+06 931140 785840 897777 1.04006e+06 184774 17550 25797 100020 73551 82996 120727 218422 84188 347160 605670 569463 516374
reclaspred
 2.54492e+06 315384 410970 111027 228729 234880 508101 438895 546005 1.05623e+06 973632 609488 370010 162224 97721.6 92087.3 102389 120917 101171 165494 295826 261644 437214 511215 399631
pelacesobs
 0 0 0 0 0 0 0 0 0 2.06254e+06 1.5e+06 0 1.87456e+06 323000 250000 174000 83755 137374 0 501740 490994 745055 786931 1.00524e+06 1.33801e+06
pelacespred
 1.45417e+06 564058 160265 102639 202609 132154 474065 385022 479484 964629 701659 430320 300860 102541 64391.6 64091.7 73610 87628.3 71034.4 126829 248013 204951 274744 368505 264433
mphobs
 0 0 0 0 0 112323 0 153150 637223 0 255016 313432 73983 77613 109348 50772 0 0 0 0 0 0 0 0 0
mphpred
 2.39189e+06 1.01636e+06 418391 193811 105857 303924 314294 441794 476528 655753 1.26098e+06 843379 435163 260404 112398 88413 97536.3 115289 120066 109841 235948 309145 342428 497922 540090
desembarqueobs
 350755 77701 442110 56441 14545 235359 269955 359681 431902 328805 639364 411747 362871 311530 167758 66681 60226 58785 57116 73181 50977 67692 138656 160484 209506
desembarquepred
 350746 77682.5 441599 56419.1 14543.2 235171 269810 359064 431402 328532 638609 411313 362168 311009 167388 66625.8 60199.2 58736.6 57062.7 73098.1 50962.9 67649 138567 160393 209385
Reclutas
 3760.95 5607.86 731.531 3928.48 55342.1 13403.1 56039.1 71096.4 84312.8 226925 45570.1 18438.3 58521.6 23468.9 14653.9 14547.7 9720.43 9514.45 6846.21 27401.5 29794.1 27674.1 61259.6 47176.7 724.209
log_desv_Rt
 -1.56757 -1.16808 -3.20486 -1.52399 1.12129 -0.296758 1.13381 1.37179 1.54229 2.53238 0.927008 0.0221876 1.17715 0.26343 -0.207537 -0.214814 -0.618015 -0.639433 -0.96855 0.418352 0.502067 0.428252 1.22288 0.961656 -3.21492
SSB
 2.39189e+06 1.01636e+06 418391 193811 105857 303924 314294 441794 476528 655753 1.26098e+06 843379 435163 260404 112398 88413 97536.3 115289 120066 109841 235948 309145 342428 497922 540090
BT
 2.82223e+06 1.18099e+06 539468 251819 375464 419107 1.0503e+06 1.07029e+06 1.24853e+06 2.02983e+06 1.80648e+06 1.13854e+06 899706 478557 252881 169363 180455 204289 176718 287092 483818 431090 589071 788180 647385
Ftot
 0.102759 0.191824 0.780346 0.41962 0.135862 0.773276 0.785167 1.15286 1.07224 0.54794 0.533282 0.534382 1.11702 1.70269 1.83857 0.785904 0.614799 0.495357 0.500327 0.668446 0.191406 0.23831 0.330981 0.299346 0.382263
BD_Bspro_t
 0.983772 0.876667 0.668382 0.333881 0.366709 0.678235 0.491111 0.517622 0.486122 0.518475 0.639828 0.464483 0.315048 0.247623 0.142354 0.139416 0.199687 0.297438 0.359913 0.397377 0.609813 0.723694 0.709319 0.721172 0.681186
BD_Bspro
 6.45806 2.74416 1.12965 0.523285 0.285811 0.820587 0.848588 1.19283 1.28662 1.77052 3.40463 2.2771 1.17493 0.703085 0.303471 0.238713 0.263346 0.311278 0.324176 0.296569 0.637055 0.834685 0.924549 1.34438 1.45823
BD_Bo
 2.37624 1.00971 0.415652 0.192542 0.105164 0.301934 0.312237 0.438902 0.473409 0.651461 1.25273 0.837858 0.432315 0.258699 0.111662 0.0878343 0.0968979 0.114534 0.11928 0.109122 0.234404 0.307122 0.340187 0.494663 0.536554
BD_Brms
 7.83551 3.32947 1.37059 0.634897 0.346773 0.995612 1.02959 1.44726 1.56104 2.14816 4.13081 2.76279 1.42553 0.853047 0.368199 0.289629 0.319516 0.377671 0.39332 0.359825 0.772933 1.01272 1.12175 1.63113 1.76926
S_f
 0.136282 1 1 1 1
 0.136282 1 1 1 1
 0.136282 1 1 1 1
 0.136282 1 1 1 1
 0.136282 1 1 1 1
 0.136282 1 1 1 1
 0.136282 1 1 1 1
 0.136282 1 1 1 1
 0.136282 1 1 1 1
 0.136282 1 1 1 1
 0.136282 1 1 1 1
 0.136282 1 1 1 1
 0.136282 1 1 1 1
 0.136282 1 1 1 1
 0.136282 1 1 1 1
 0.136282 1 1 1 1
 0.136282 1 1 1 1
 0.136282 1 1 1 1
 0.136282 1 1 1 1
 0.136282 1 1 1 1
 0.136282 1 1 1 1
 0.136282 1 1 1 1
 0.136282 1 1 1 1
 0.136282 1 1 1 1
 0.136282 1 1 1 1
Scru_reclas
 0.729006 0.931217 0.985535 0.997092 0.999421
 0.729006 0.931217 0.985535 0.997092 0.999421
 0.729006 0.931217 0.985535 0.997092 0.999421
 0.729006 0.931217 0.985535 0.997092 0.999421
 0.729006 0.931217 0.985535 0.997092 0.999421
 0.729006 0.931217 0.985535 0.997092 0.999421
 0.729006 0.931217 0.985535 0.997092 0.999421
 0.729006 0.931217 0.985535 0.997092 0.999421
 0.729006 0.931217 0.985535 0.997092 0.999421
 0.729006 0.931217 0.985535 0.997092 0.999421
 0.729006 0.931217 0.985535 0.997092 0.999421
 0.729006 0.931217 0.985535 0.997092 0.999421
 0.729006 0.931217 0.985535 0.997092 0.999421
 0.729006 0.931217 0.985535 0.997092 0.999421
 0.729006 0.931217 0.985535 0.997092 0.999421
 0.729006 0.931217 0.985535 0.997092 0.999421
 0.729006 0.931217 0.985535 0.997092 0.999421
 0.729006 0.931217 0.985535 0.997092 0.999421
 0.729006 0.931217 0.985535 0.997092 0.999421
 0.729006 0.931217 0.985535 0.997092 0.999421
 0.729006 0.931217 0.985535 0.997092 0.999421
 0.729006 0.931217 0.985535 0.997092 0.999421
 0.729006 0.931217 0.985535 0.997092 0.999421
 0.729006 0.931217 0.985535 0.997092 0.999421
 0.729006 0.931217 0.985535 0.997092 0.999421
Scru_pelaces
 1 1 1 1 1
 1 1 1 1 1
 1 1 1 1 1
 1 1 1 1 1
 1 1 1 1 1
 1 1 1 1 1
 1 1 1 1 1
 1 1 1 1 1
 1 1 1 1 1
 1 1 1 1 1
 1 1 1 1 1
 1 1 1 1 1
 1 1 1 1 1
 1 1 1 1 1
 1 1 1 1 1
 1 1 1 1 1
 1 1 1 1 1
 1 1 1 1 1
 1 1 1 1 1
 1 1 1 1 1
 1 1 1 1 1
 1 1 1 1 1
 1 1 1 1 1
 1 1 1 1 1
 1 1 1 1 1
pf_obs 
 0.256992 0.487395 0.22802 0.0275931 0
 0.321318 0.546541 0.124235 0.00734118 0.000564706
 0.182869 0.594174 0.210203 0.0122559 0.00049798
 0.330522 0.361315 0.267642 0.0388342 0.00168674
 0.649043 0.306663 0.0425973 0.00169635 0
 0.582887 0.30429 0.105238 0.00758474 0
 0.465427 0.430635 0.0974691 0.00646863 0
 0.296916 0.608066 0.0921331 0.00288517 0
 0.311714 0.524322 0.152257 0.0117073 0
 0.15457 0.633149 0.183074 0.0267441 0.00246327
 0.131901 0.49318 0.331252 0.0422183 0.00144891
 0.196976 0.569456 0.194076 0.0375587 0.00193317
 0.518974 0.381816 0.0799577 0.0180837 0.00116848
 0.0928022 0.601141 0.25162 0.0475244 0.00691264
 0.122501 0.610282 0.24278 0.0234846 0.000952079
 0.383417 0.481906 0.127806 0.00687128 0
 0.0376549 0.599619 0.316969 0.0457579 0
 0.0361596 0.667082 0.258105 0.0386534 0
 0.158088 0.579412 0.248529 0.0139706 0
 0.0477256 0.309471 0.559284 0.082774 0.000745712
 0.0406174 0.521527 0.379366 0.0568643 0.0016247
 0.151134 0.462217 0.34131 0.0453401 0
 0.294876 0.26143 0.354403 0.0886775 0.000613685
 0.281977 0.475581 0.204845 0.0348837 0.00271318
 0.0354234 0.537034 0.353287 0.0723622 0.0018943
pf_pred 
 0.00563443 0.63824 0.314781 0.0413432 1.25911e-06
 0.0183292 0.041109 0.603706 0.297749 0.0391074
 0.00628393 0.129985 0.0361701 0.531176 0.296386
 0.110062 0.057602 0.108875 0.0302961 0.693165
 0.69464 0.161225 0.00932925 0.0176335 0.117172
 0.0776192 0.873407 0.0258572 0.00149622 0.02162
 0.445603 0.265259 0.273786 0.00810542 0.00724621
 0.339324 0.593393 0.0321929 0.0332277 0.00186313
 0.324006 0.59056 0.0767335 0.00416297 0.00453771
 0.472596 0.453778 0.0643211 0.00835747 0.000947639
 0.0606259 0.842166 0.083638 0.0118553 0.00171507
 0.0524715 0.362346 0.524627 0.0521023 0.00845368
 0.321935 0.235351 0.169299 0.245122 0.0282936
 0.159581 0.724682 0.0401713 0.0288971 0.0466683
 0.230502 0.59959 0.146509 0.00812145 0.0152771
 0.283587 0.614754 0.0792125 0.0193555 0.00309121
 0.17132 0.673645 0.133036 0.0171419 0.00485757
 0.190741 0.545699 0.214252 0.0423117 0.00699691
 0.148588 0.586753 0.178464 0.0700684 0.0161258
 0.481282 0.322667 0.13511 0.0410943 0.0198476
 0.241211 0.686941 0.0446928 0.0187141 0.00844111
 0.170573 0.596551 0.210826 0.0137165 0.00833409
 0.308474 0.435067 0.184454 0.0651873 0.00681803
 0.163972 0.663857 0.10832 0.045924 0.0179274
 0.00314678 0.623271 0.296647 0.0484033 0.0285323
pobs_RECLAS
 0 0 0 0 0
 0 0 0 0 0
 0 0 0 0 0
 0 0 0 0 0
 0.835266 0.146461 0.0176864 0.000547809 3.91292e-05
 0.385257 0.428462 0.181853 0.0044286 0
 0.867414 0.0963971 0.0333333 0.00285562 0
 0.441836 0.489002 0.0689373 0.000224442 0
 0.779404 0.147425 0.0564933 0.0165055 0.000172143
 0.814271 0.122319 0.05973 0.00367925 0
 0.40263 0.566651 0.0304383 0.000280538 0
 0.475488 0.404961 0.113038 0.00651328 0
 0.955842 0.0263864 0.0167828 0.000988607 0
 0.975058 0.0227948 0.00214734 0 0
 0.738997 0.206755 0.0527124 0.00153531 0
 0.850938 0.134255 0.0134407 0.00136685 0
 0.542534 0.407297 0.0501686 0 0
 0.764087 0.199537 0.0359546 0.000420521 0
 0.470689 0.182191 0.310203 0.0369168 0
 0.84361 0.089868 0.0606195 0.00523954 0.000663233
 0.607945 0.314616 0.071237 0.00620181 0
 0.523733 0.453247 0.0230204 0 0
 0.530135 0.295979 0.169645 0.0042399 0
 0.562478 0.366248 0.0663022 0.0049721 0
 0.250443 0.683176 0.0655157 0.000865301 0
ppred_RECLAS
 0.0310499 0.608893 0.317824 0.0422324 1.28919e-06
 0.0927932 0.035832 0.556904 0.277887 0.0365839
 0.035147 0.118865 0.0350054 0.520099 0.290883
 0.406503 0.0360162 0.0720461 0.020283 0.465152
 0.927185 0.0371819 0.00227702 0.00435432 0.0290015
 0.338853 0.623881 0.0195473 0.00114436 0.0165744
 0.826742 0.0804209 0.0878478 0.00263122 0.0023578
 0.765677 0.209078 0.0120046 0.0125358 0.000704544
 0.750863 0.216019 0.0297054 0.00163048 0.00178141
 0.841488 0.135252 0.0202896 0.00266721 0.000303137
 0.27675 0.644398 0.0677301 0.00971303 0.00140843
 0.241658 0.279695 0.428581 0.0430628 0.00700333
 0.74363 0.0852995 0.0649391 0.0951254 0.0110057
 0.567488 0.369517 0.0216782 0.015777 0.0255392
 0.678647 0.247109 0.0639029 0.00358386 0.00675728
 0.706035 0.250081 0.0341032 0.00843081 0.0013496
 0.551387 0.360624 0.0753725 0.00982581 0.00279088
 0.5788 0.278516 0.115729 0.0231229 0.00383266
 0.504528 0.334947 0.107818 0.0428279 0.00987957
 0.84565 0.093799 0.0415673 0.0127912 0.00619228
 0.647304 0.317397 0.0218546 0.00925844 0.00418582
 0.540961 0.324722 0.121453 0.00799449 0.00486878
 0.718925 0.172868 0.0775653 0.0277336 0.00290747
 0.531166 0.3675 0.0634619 0.0272212 0.0106512
 0.0178496 0.600336 0.302398 0.0499203 0.0294953
pobs_PELACES
 0 0 0 0 0
 0 0 0 0 0
 0 0 0 0 0
 0 0 0 0 0
 0 0 0 0 0
 0 0 0 0 0
 0 0 0 0 0
 0 0 0 0 0
 0 0 0 0 0
 0 0 0 0 0
 0.450072 0.473896 0.0757376 0.000293798 0
 0 0 0 0 0
 0.463077 0.371075 0.160297 0.00555027 0
 0.529543 0.364841 0.0842815 0.0213345 0
 0.631943 0.363953 0.00410389 0 0
 0.735681 0.248677 0.0153453 0.000297389 0
 0.695825 0.281241 0.0229344 0 0
 0.275771 0.60734 0.115278 0.00161068 0
 0 0 0 0 0
 0.896147 0.0623911 0.0374545 0.00400742 0
 0.803859 0.145111 0.0509908 3.86294e-05 0
 0.739449 0.233085 0.0266225 0.000797448 4.60066e-05
 0.878498 0.100942 0.0204185 0.000141795 0
 0.694673 0.275183 0.0284847 0.00165964 0
 0.469039 0.446079 0.0841089 0.000773354 0
ppred_PELACES
 0.0412754 0.615364 0.303498 0.0398614 1.21398e-06
 0.127637 0.0365316 0.536484 0.264595 0.0347528
 0.058126 0.123203 0.0342831 0.503464 0.280923
 0.512607 0.0315469 0.0596277 0.0165923 0.379626
 0.945894 0.0285673 0.00165304 0.00312446 0.0207616
 0.450231 0.520579 0.0154117 0.000891793 0.0128862
 0.887119 0.0540093 0.0557455 0.00165034 0.0014754
 0.853716 0.131386 0.00712801 0.00735714 0.000412527
 0.840395 0.139434 0.0181171 0.000982895 0.00107137
 0.888812 0.095666 0.0135602 0.00176193 0.000199782
 0.364096 0.570099 0.0566183 0.00802539 0.00116101
 0.32953 0.256395 0.371225 0.0368675 0.00598181
 0.841629 0.0549692 0.0395419 0.0572513 0.00660833
 0.733212 0.230048 0.0127522 0.00917328 0.0148147
 0.821953 0.138734 0.0338995 0.00187915 0.00353483
 0.794727 0.176145 0.0226967 0.00554592 0.000885721
 0.654191 0.281113 0.0555158 0.00715335 0.00202707
 0.673362 0.220258 0.0864775 0.0170781 0.00282413
 0.604626 0.272474 0.0828742 0.032538 0.00748841
 0.896557 0.0643461 0.0269435 0.00819501 0.00395801
 0.713522 0.259352 0.0168736 0.00706545 0.00318691
 0.62094 0.272632 0.0963503 0.00626861 0.0038088
 0.785999 0.134637 0.0570813 0.020173 0.00210992
 0.614884 0.305805 0.0498976 0.0211549 0.00825826
 0.0257969 0.609109 0.289907 0.0473035 0.027884
pobs_pel_tallas
 0 0 0 0 0 0 0 0 0 0 0 0 0 0 0 0 0 0 0 0 0 0 0 0 0 0 0 0 0 0 0 0 0 0 0 0
 0 0 0 0 0 0 0 0 0 0 0 0 0 0 0 0 0 0 0 0 0 0 0 0 0 0 0 0 0 0 0 0 0 0 0 0
 0 0 0 0 0 0 0 0 0 0 0 0 0 0 0 0 0 0 0 0 0 0 0 0 0 0 0 0 0 0 0 0 0 0 0 0
 0 0 0 0 0 0 0 0 0 0 0 0 0 0 0 0 0 0 0 0 0 0 0 0 0 0 0 0 0 0 0 0 0 0 0 0
 0 0 0 0 0 0 0 0 0 0 0 0 0 0 0 0 0 0 0 0 0 0 0 0 0 0 0 0 0 0 0 0 0 0 0 0
 0 0 0 0 0 0 0 0 0 0 0 0 0 0 0 0 0 0 0 0 0 0 0 0 0 0 0 0 0 0 0 0 0 0 0 0
 0 0 0 0 0 0 0 0 0 0 0 0 0 0 0 0 0 0 0 0 0 0 0 0 0 0 0 0 0 0 0 0 0 0 0 0
 0 0 0 0 0 0 0 0 0 0 0 0 0 0 0 0 0 0 0 0 0 0 0 0 0 0 0 0 0 0 0 0 0 0 0 0
 0 0 0 0 0 0 0 0 0 0 0 0 0 0 0 0 0 0 0 0 0 0 0 0 0 0 0 0 0 0 0 0 0 0 0 0
 0 0 0 0 0 0 0 0 0 0 0 0 0 0 0 0 0 0 0 0 0 0 0 0 0 0 0 0 0 0 0 0 0 0 0 0
 0 0 0 0 0 0 0 0 1.78061e-05 0.00172719 0.00360574 0.0105946 0.0120993 0.0124554 0.0147524 0.0171206 0.0266825 0.0428682 0.0675386 0.121331 0.153587 0.119568 0.100827 0.0573624 0.0630603 0.0341343 0.0324427 0.0444173 0.0211091 0.0280891 0.0125444 0.00206551 0 0 0 0
 0 0 0 0 0 0 0 0 0 0 0 0 0 0 0 0 0 0 0 0 0 0 0 0 0 0 0 0 0 0 0 0 0 0 0 0
 0 0 0 0 0 0 0.0133647 0.0140871 0.0187388 0.0205184 0.03894 0.0496705 0.03968 0.0493445 0.0407372 0.0367815 0.0215668 0.0243155 0.0234873 0.0199281 0.019796 0.0243948 0.0301388 0.0376714 0.0412746 0.0863199 0.0771752 0.113111 0.0741005 0.0525337 0.0229764 0.00759418 0.00175318 0 0 0
 0 0 0 0 0 0 0 0 0 0 0.00219441 0.00772107 0.0458388 0.0604681 0.0671733 0.0775358 0.0609151 0.0617685 0.073594 0.0568108 0.0755445 0.0548602 0.0670107 0.0636378 0.0643287 0.046367 0.0373049 0.0286899 0.0247887 0.0153202 0.00654259 0.00121912 0.000365735 0 0 0
 0 0 0 0 0 0 0 0 0 0 0 0 0.000112435 0.00938835 0.0111873 0.0202946 0.0414886 0.0713402 0.111592 0.104902 0.108894 0.110636 0.117776 0.105296 0.107544 0.0401394 0.0192827 0.0124803 0.00416011 0.0028671 0.000618394 0 0 0 0 0
 0 0 0 0 0 0 0 0 0 0 0.00291406 0.0102884 0.027416 0.0768956 0.0749926 0.110853 0.0956884 0.0897413 0.0766577 0.0534642 0.0500743 0.0551293 0.0594112 0.0620874 0.0668451 0.0424026 0.0208742 0.0120726 0.0048766 0.00582813 0.00118941 0.000297354 0 0 0 0
 0 0.00264628 0.0354308 0.0461629 0.0458689 0.0383711 0.0214643 0.0164657 0.0346957 0.0420465 0.0363128 0.0245516 0.0311673 0.0291091 0.0169068 0.0133784 0.00837989 0.0085269 0.0148486 0.0160247 0.0276389 0.0546898 0.0760071 0.122758 0.109233 0.0665981 0.0333725 0.0166128 0.00676272 0.00308733 0.000882094 0 0 0 0 0
 0 0 0 0 0 0 0 0.000805153 0.000690131 0.00759144 0.0133425 0.0154129 0.00931677 0.000345066 0.00356568 0.00563607 0.00851162 0.0253048 0.0502646 0.0516448 0.0657925 0.0565908 0.0611916 0.0827007 0.0866115 0.110766 0.145733 0.0935128 0.0569358 0.0249597 0.0138026 0.00621118 0.00161031 0.00115022 0 0
 0 0 0 0 0 0 0 0 0 0 0 0 0 0 0 0 0 0 0 0 0 0 0 0 0 0 0 0 0 0 0 0 0 0 0 0
 0.00147267 0.00158595 0.00478618 0.00569244 0.00954404 0.0108468 0.00647125 0.017049 0.0510054 0.094081 0.124002 0.0959785 0.0687766 0.0820023 0.061753 0.0591476 0.0492212 0.0479892 0.0443925 0.0268479 0.0217502 0.0140895 0.0121071 0.0120363 0.00920419 0.00665534 0.0049561 0.00860946 0.00930331 0.0156896 0.0114698 0.00855282 0.00243557 0.00046729 0 2.83206e-05
 0 0 0 0 0.000772559 0.00158375 0.000888443 0.00281984 0.00712685 0.0440552 0.0773331 0.111326 0.0921469 0.0852325 0.0710754 0.0886704 0.0786465 0.0553345 0.0373146 0.0185414 0.00753245 0.00457741 0.012979 0.0271748 0.0457355 0.0583668 0.034881 0.0177882 0.00938659 0.00492506 0.0015258 0.00185414 0.000309023 5.79419e-05 3.86279e-05 0
 0 0.00173294 0.00326652 0 0.00397197 0.00683976 0.00946217 0.0152591 0.00757587 0.0136028 0.0228656 0.0392903 0.0559909 0.0764795 0.0681675 0.0726916 0.0566044 0.0477403 0.0527397 0.0444891 0.0609904 0.0582453 0.0661739 0.0445044 0.0529084 0.0360697 0.0280645 0.0235558 0.0158879 0.00826598 0.00280645 0.00217768 0.000904811 0.00058276 9.20147e-05 0
 0 0 0 0 0 0 0 0 0 0 0 0 0 0 0 0 0 0 0 0 0 0 0 0 0 0 0 0 0 0 0 0 0 0 0 0
 0 0 0 0 0 0 0 0 0 0 0 0 0 0 0 0 0 0 0 0 0 0 0 0 0 0 0 0 0 0 0 0 0 0 0 0
 0 0 0 0 0 0 0 0 0 0 0 0 0 0 0 0 0 0 0 0 0 0 0 0 0 0 0 0 0 0 0 0 0 0 0 0
ppred_pel_tallas
 1.05879e-16 1.83811e-06 1.06943e-05 5.06403e-05 0.00019464 0.00060667 0.00153308 0.0031419 0.00522716 0.00707781 0.00785474 0.00729177 0.00601302 0.0051123 0.00548324 0.00754502 0.0114011 0.0170498 0.0244133 0.0332373 0.0429971 0.0528928 0.0619507 0.0692014 0.0738839 0.0756037 0.0743995 0.0706922 0.0651476 0.0585015 0.0514093 0.0443586 0.0376541 0.0314527 0.0258216 0.0207874
 1.18343e-16 5.58069e-06 3.27192e-05 0.000155466 0.000598442 0.00186605 0.00471348 0.009645 0.0159903 0.0214826 0.0233989 0.0206913 0.0149266 0.00895038 0.00481045 0.00296332 0.00290563 0.0040578 0.00614533 0.00915531 0.0131818 0.0183107 0.0245535 0.0318063 0.0398259 0.0482235 0.056483 0.0640036 0.0701685 0.0744264 0.0763741 0.0758214 0.0728243 0.0676753 0.0608578 0.0529692
 1.30953e-16 2.55103e-06 1.49299e-05 7.08872e-05 0.000272784 0.0008505 0.00214837 0.00439701 0.00729325 0.00980908 0.0107124 0.00954017 0.00702883 0.00450901 0.00296112 0.00265281 0.00342107 0.00506488 0.00750628 0.0107593 0.0148544 0.0197913 0.025524 0.0319629 0.0389795 0.0464041 0.0540142 0.0615182 0.0685446 0.0746523 0.079367 0.0822452 0.0829492 0.0813152 0.0773966 0.071466
 1.19166e-16 2.23653e-05 0.000131264 0.00062397 0.00240232 0.0074914 0.0189225 0.0387175 0.0641767 0.0861818 0.093768 0.0826748 0.0591047 0.0343413 0.0163875 0.00676009 0.00301334 0.00229246 0.00289295 0.0041455 0.00588629 0.00811357 0.0108507 0.0141034 0.0178439 0.0220002 0.0264466 0.0309981 0.0354127 0.0394063 0.0426791 0.0449537 0.0460152 0.0457465 0.0441485 0.0413445
 1.01111e-16 4.12591e-05 0.000242186 0.0011513 0.00443268 0.013823 0.0349156 0.0714404 0.118414 0.15901 0.172988 0.152477 0.108906 0.0630692 0.0296942 0.011521 0.00395788 0.00163625 0.00129064 0.00155145 0.00197723 0.00243493 0.00286536 0.00322636 0.00348854 0.00363968 0.00368621 0.00364931 0.00355722 0.00343634 0.00330443 0.00316783 0.00302294 0.00286063 0.00267153 0.00245047
 1.01022e-16 1.96659e-05 0.00011537 0.000548303 0.00211081 0.00658219 0.0166266 0.0340234 0.0564099 0.0757942 0.0825774 0.0730726 0.0528169 0.0318507 0.0173736 0.0109109 0.0104914 0.0137035 0.0189887 0.0254711 0.0324637 0.039204 0.0448495 0.048615 0.0499497 0.0486718 0.0450152 0.0395641 0.0331054 0.026445 0.0202495 0.0149523 0.0107368 0.00758041 0.0053303 0.00377992
 1.00935e-16 3.86975e-05 0.000227145 0.00107979 0.00415731 0.0129643 0.0327465 0.0670026 0.11106 0.149137 0.162254 0.143034 0.102202 0.0592697 0.0280619 0.0111654 0.00429161 0.00242136 0.00250117 0.00324419 0.00421892 0.00526725 0.00628753 0.00718775 0.00788991 0.00834191 0.00852439 0.00844879 0.00814896 0.00766982 0.00705753 0.00635387 0.00559513 0.00481338 0.00403838 0.00329794
 1.00417e-16 3.7244e-05 0.000218604 0.00103917 0.0040009 0.0124765 0.0315145 0.0644824 0.106885 0.143537 0.156179 0.137721 0.098496 0.057303 0.0274727 0.0115241 0.00535683 0.00415479 0.00496851 0.0065135 0.00828977 0.0100289 0.0115049 0.0125172 0.0129252 0.0126797 0.0118353 0.0105336 0.00896692 0.00733284 0.00579491 0.00445988 0.00337383 0.00253332 0.00190415 0.00143989
 1.00387e-16 3.66635e-05 0.000215195 0.00102296 0.0039385 0.0122819 0.031023 0.0634766 0.105218 0.141299 0.153747 0.135582 0.0969805 0.056449 0.0271152 0.0114642 0.00546484 0.00438039 0.00530883 0.00698282 0.00890186 0.0107883 0.0124026 0.0135301 0.0140175 0.0138075 0.0129519 0.0115955 0.00993764 0.00818585 0.00651435 0.00504004 0.00381786 0.00285161 0.00211243 0.00155742
 1.00294e-16 3.87729e-05 0.000227584 0.00108187 0.00416531 0.0129892 0.0328095 0.0671317 0.111275 0.149429 0.162581 0.143343 0.102467 0.0595122 0.0283429 0.011564 0.00488966 0.00329479 0.00370973 0.00481599 0.00613209 0.00743514 0.00855497 0.00934321 0.00969408 0.0095675 0.00899782 0.00808283 0.00695806 0.00576452 0.00462088 0.00360701 0.00276085 0.00208579 0.00156324 0.00116518
 1.0132e-16 1.59122e-05 9.33271e-05 0.000443499 0.00170727 0.00532375 0.0134479 0.0275201 0.0456321 0.0613267 0.0668516 0.0592437 0.0430101 0.0263142 0.0150367 0.0104803 0.0111195 0.0150538 0.0210303 0.0282844 0.0361286 0.0437466 0.0502178 0.0546753 0.0564997 0.0554673 0.0518029 0.0461125 0.0392261 0.0320029 0.0251616 0.0191808 0.0142797 0.0104632 0.00759985 0.00549993
 1.069e-16 1.4393e-05 8.44351e-05 0.000401285 0.00154483 0.00481728 0.0121683 0.0248996 0.0412805 0.0554588 0.0604035 0.0534075 0.0385095 0.0230402 0.0122487 0.00723707 0.00656499 0.00850462 0.0120034 0.0165703 0.0219089 0.0276977 0.0335372 0.038988 0.04364 0.0471759 0.0494085 0.0502811 0.0498423 0.0482091 0.0455359 0.0419988 0.0377935 0.0331373 0.028266 0.0234208
 1.02856e-16 3.67139e-05 0.000215499 0.00102442 0.00394415 0.0122995 0.0310674 0.063567 0.105365 0.14149 0.153937 0.135706 0.0969731 0.0562524 0.0266626 0.0106613 0.00418473 0.00247672 0.00264684 0.00348086 0.00457595 0.00578811 0.00702598 0.0082057 0.009254 0.0101179 0.0107692 0.0112012 0.0114197 0.0114337 0.0112492 0.0108687 0.0102965 0.00954452 0.00863868 0.00761927
 1.01264e-16 3.19934e-05 0.00018777 0.00089256 0.00343638 0.010716 0.0270679 0.055385 0.0918084 0.123301 0.13419 0.118397 0.0848221 0.0496428 0.0243531 0.0111686 0.00661917 0.00660401 0.00859204 0.0114321 0.0145886 0.0176736 0.0203081 0.0221453 0.0229399 0.0226057 0.021236 0.0190749 0.0164532 0.013709 0.0111204 0.00886581 0.00701883 0.00556845 0.00445272 0.00359168
 1.00757e-16 3.58593e-05 0.000210474 0.00100052 0.00385208 0.0120124 0.0303422 0.0620839 0.102909 0.1382 0.150376 0.132612 0.0948612 0.055227 0.0265505 0.011265 0.0054314 0.00442101 0.00539958 0.00713104 0.00912799 0.0111189 0.0128669 0.0141564 0.0148291 0.014818 0.0141611 0.0129868 0.0114777 0.00982675 0.00819825 0.00670545 0.00540634 0.00431376 0.0034122 0.00267408
 1.00612e-16 3.46736e-05 0.00020351 0.0009674 0.00372456 0.0116147 0.0293378 0.0600289 0.0995043 0.13363 0.145414 0.128259 0.0917976 0.0535445 0.0259305 0.0113254 0.00593724 0.0053003 0.00667162 0.00883502 0.0112774 0.0136768 0.0157365 0.0171864 0.0178328 0.0176029 0.0165608 0.014887 0.0128309 0.0106517 0.0085665 0.00672046 0.00518141 0.00395361 0.00300133 0.00227214
 1.01221e-16 2.855e-05 0.000167549 0.000796415 0.00306618 0.00956155 0.0241519 0.049419 0.0819213 0.11003 0.119765 0.105716 0.075836 0.0445836 0.0222446 0.0108328 0.00728911 0.0079828 0.0106627 0.0142762 0.0182811 0.0222304 0.0256629 0.0281461 0.029364 0.0291887 0.0277078 0.0251929 0.0220265 0.0186095 0.0152817 0.0122746 0.00970333 0.00758693 0.00588419 0.004528
 1.02019e-16 2.93835e-05 0.000172448 0.000819718 0.00315592 0.00984142 0.0248587 0.0508648 0.0843161 0.113241 0.123245 0.108751 0.0779339 0.0456579 0.0224869 0.0104674 0.00642689 0.00661589 0.00872652 0.0117155 0.0150991 0.0185199 0.021617 0.0240459 0.0255426 0.0259787 0.0253838 0.0239256 0.0218577 0.0194545 0.0169548 0.0145301 0.012279 0.010242 0.00842482 0.00681906
 1.02734e-16 2.63884e-05 0.000154859 0.000736088 0.00283391 0.00883722 0.0223223 0.0456754 0.0757162 0.101697 0.1107 0.0977242 0.0701262 0.0412735 0.020681 0.0102204 0.00707688 0.007908 0.0106449 0.0143225 0.0184417 0.0225837 0.0263087 0.0291968 0.0309308 0.0313641 0.0305475 0.0287016 0.0261501 0.023237 0.0202552 0.0174072 0.0147994 0.0124635 0.010388 0.00854715
 1.00871e-16 3.91094e-05 0.000229562 0.00109128 0.00420155 0.0131022 0.033095 0.0677156 0.112242 0.150725 0.163984 0.144563 0.103302 0.0599237 0.0284011 0.0113502 0.00443721 0.00258793 0.00271096 0.00349588 0.00449262 0.00552519 0.00647601 0.00724309 0.0077486 0.00795323 0.0078624 0.00752044 0.00699579 0.00636253 0.00568478 0.005008 0.00435824 0.00374673 0.00317677 0.00264958
 1.00716e-16 3.11361e-05 0.000182734 0.000868612 0.00334417 0.0104284 0.0263415 0.053899 0.0893462 0.119998 0.130603 0.115252 0.0826123 0.0484367 0.0239237 0.0112447 0.00703716 0.00731972 0.00962795 0.0128244 0.0163527 0.0197839 0.0226898 0.0246765 0.0254656 0.02496 0.0232672 0.0206675 0.0175423 0.0142837 0.0112175 0.00855745 0.00639711 0.00473157 0.00349396 0.0025921
 1.0185e-16 2.70998e-05 0.000159035 0.000755944 0.00291036 0.00907563 0.0229245 0.0469076 0.0777585 0.10444 0.113683 0.100353 0.0720033 0.0423591 0.0211891 0.0104119 0.00713272 0.00791542 0.0106331 0.0142949 0.0183908 0.0224956 0.0261639 0.0289698 0.0305909 0.0308774 0.0298801 0.0278245 0.0250441 0.0218976 0.0186966 0.0156632 0.0129221 0.0105186 0.00844775 0.00668271
 1.01647e-16 3.42915e-05 0.00020127 0.000956759 0.0036836 0.011487 0.0290151 0.0593685 0.0984085 0.132156 0.143801 0.126817 0.0907238 0.0528342 0.0254309 0.0108453 0.00531653 0.00442554 0.00547032 0.0072773 0.00938782 0.0115471 0.0135294 0.0151236 0.0161663 0.0165748 0.0163602 0.0156153 0.0144843 0.0131239 0.0116705 0.0102218 0.00883534 0.00753696 0.00633549 0.0052343
 1.01921e-16 2.68369e-05 0.000157489 0.000748588 0.00288203 0.00898727 0.0227013 0.0464512 0.0770029 0.103428 0.112589 0.0994052 0.0713613 0.0420581 0.0211797 0.0106377 0.00757559 0.00859444 0.0115802 0.0155282 0.0198932 0.0242017 0.0279572 0.0306937 0.0320715 0.0319554 0.0304423 0.027827 0.0245213 0.0209532 0.0174811 0.0143441 0.0116541 0.00942095 0.0075929 0.0060951
 1.07242e-16 1.16282e-06 6.73062e-06 3.17982e-05 0.000122097 0.000380448 0.000961652 0.00197267 0.00328897 0.00447467 0.00502147 0.00479135 0.00422038 0.00406058 0.00496263 0.00729879 0.0112459 0.0168898 0.0242081 0.0329744 0.042681 0.0525439 0.0616064 0.0689162 0.0737259 0.0756484 0.0747209 0.0713534 0.0661913 0.0599434 0.0532342 0.0465202 0.0400785 0.0340455 0.0284772 0.0234
pSPR Fmed_Fpbrs
0.514444   0.353265 0.353265
Fs Fmed_Fpbrs
0.510332   1.005 1.005
SSBpbr Bo_Bmed_Bpbrs
1.00659e+06  467504  305263 305263
Ro
18033.7
SPR SPRFo_SPRFmed_SPRFpbrs
370373 190536 130840
log_Ro
9.62
likeval ReclasPelacesDesembMPH_pf_preclas_ppelaces_ptallas_desvR_qrecl_qpela
 94.2132 98.0077 0.133504 0.000532267 393.018 201.78 87.1027 0 65.5821 2.68805e-06 0 0 0 0 0
q_reclas_q_pelaces
0.792686 1
M
0.7
N
 3760.95 60357.5 29768.4 3909.78 0.119072
 5607.86 1841.66 27045.7 13339 1751.99
 731.531 2712.92 754.91 11086.2 6185.9
 3928.48 326.618 617.35 171.787 3930.43
 55342.1 1842.39 106.61 201.505 1338.98
 13403.1 26977.9 798.679 46.2153 667.8
 56039.1 5990.07 6182.62 183.036 163.633
 71096.4 25004.3 1356.54 1400.14 78.5083
 84312.8 30172.3 3920.39 212.69 231.836
 226925 36176.4 5127.85 666.28 75.5483
 45570.1 104579 10386.1 1472.18 212.976
 18438.3 21043.2 30467.6 3025.83 490.946
 58521.6 8513.1 6123.87 8866.52 1023.43
 23468.9 24957.3 1383.46 995.184 1607.21
 14653.9 9240.79 2257.98 125.167 235.448
 14547.7 5664.07 729.829 178.333 28.481
 9720.43 6490.41 1281.77 165.159 46.8016
 9514.45 4439.06 1742.86 344.191 56.9173
 6846.21 4416.31 1343.24 527.382 121.374
 27401.5 3175.64 1329.73 404.445 195.338
 29794.1 12422.4 808.207 338.419 152.646
 27674.1 14414.4 5094.15 331.429 201.375
 61259.6 13303.4 5640.18 1993.28 208.48
 47176.7 29078.9 4744.75 2011.61 785.274
 724.209 22490.8 10704.5 1746.64 1029.59
pred_Ctot
 37.6442 4264.15 2103.09 276.219 0.00841224
 104.222 233.751 3432.75 1693.04 222.37
 53.403 1104.66 307.386 4514.12 2518.79
 157.552 82.4566 155.854 43.3685 992.258
 730.923 169.647 9.81655 18.5545 123.292
 969.991 10914.8 323.131 18.6979 270.18
 4115.06 2449.62 2528.36 74.852 66.9174
 7501.63 13118.5 711.707 734.585 41.1894
 8313.2 15152.3 1968.8 106.812 116.427
 11793.5 11323.9 1605.12 208.558 23.6481
 2306.97 32046.5 3182.64 451.125 65.2627
 935.299 6458.78 9351.42 928.718 150.686
 5995.45 4382.98 3152.88 4564.94 526.916
 3542.29 16086.1 891.699 641.441 1035.92
 2369.69 6164.1 1506.19 83.4928 157.057
 1069.22 2317.83 298.657 72.9767 11.6549
 564.574 2219.95 438.41 56.4901 16.0078
 448.422 1282.91 503.695 99.4727 16.4494
 325.807 1286.56 391.315 153.638 35.3587
 1724.89 1156.42 484.227 147.28 71.133
 552.531 1573.54 102.376 42.8676 19.3356
 637.185 2228.45 787.552 51.2386 31.1325
 1948.13 2747.62 1164.9 411.684 43.0586
 1359.45 5503.89 898.059 380.746 148.632
 26.5178 5252.29 2499.84 407.893 240.441
F
 0.0140042 0.102759 0.102759 0.102759 0.102759
 0.0261422 0.191824 0.191824 0.191824 0.191824
 0.106347 0.780346 0.780346 0.780346 0.780346
 0.0571868 0.41962 0.41962 0.41962 0.41962
 0.0185156 0.135862 0.135862 0.135862 0.135862
 0.105384 0.773276 0.773276 0.773276 0.773276
 0.107004 0.785167 0.785167 0.785167 0.785167
 0.157114 1.15286 1.15286 1.15286 1.15286
 0.146127 1.07224 1.07224 1.07224 1.07224
 0.0746746 0.54794 0.54794 0.54794 0.54794
 0.0726769 0.533282 0.533282 0.533282 0.533282
 0.0728268 0.534382 0.534382 0.534382 0.534382
 0.15223 1.11702 1.11702 1.11702 1.11702
 0.232047 1.70269 1.70269 1.70269 1.70269
 0.250565 1.83857 1.83857 1.83857 1.83857
 0.107105 0.785903 0.785904 0.785904 0.785904
 0.0837862 0.614799 0.614799 0.614799 0.614799
 0.0675084 0.495357 0.495357 0.495357 0.495357
 0.0681857 0.500327 0.500327 0.500327 0.500327
 0.0910974 0.668446 0.668446 0.668446 0.668446
 0.0260852 0.191406 0.191406 0.191406 0.191406
 0.0324774 0.23831 0.23831 0.23831 0.23831
 0.0451068 0.330981 0.330981 0.330981 0.330981
 0.0407955 0.299346 0.299346 0.299346 0.299346
 0.0520957 0.382263 0.382263 0.382263 0.382263
nmprior
 10.6 11 7 0
nm_flota  nm_reclas  nm_pelaces    nm_pelaL
inf 22.2329 17.945 42.6704
cv_recla  cv_pelaces  cv_mph
0.877972 1.12254 0.748519
 ------------------------------------------------
Talla a la edad & desviación 
 7.2 14.2025 17.0495 18.207 18.6776
 1.08 2.13037 2.55742 2.73105 2.80164
