years
 1997 1998 1999 2000 2001 2002 2003 2004 2005 2006 2007 2008 2009 2010 2011 2012 2013 2014 2015 2016 2017 2018 2019 2020 2021
reclasobs
 0 0 0 370054 412103 1.49427e+06 250295 1.28982e+06 931140 785840 897777 1.04006e+06 184774 17550 25797 100020 73551 82996 120727 218422 84188 347160 605670 569463 516374
reclaspred
 456976 101830 192377 142841 273702 308034 691421 511250 685351 817057 679818 455421 286768 127153 82532.4 80454 95703.9 121877 118138 183168 283409 255349 438409 527755 466627
pelacesobs
 0 0 0 0 0 0 0 0 0 2.06254e+06 1.5e+06 0 1.87456e+06 323000 250000 174000 83755 137374 0 501740 490994 745055 786931 1.00524e+06 1.33801e+06
pelacespred
 689852 157141 160916 196942 337504 306050 857160 705222 895787 1.06156e+06 801948 559025 353183 127137 81354.4 85659.4 106818 138972 137937 207383 361262 317351 430115 614458 555858
mphobs
 0 0 0 0 0 112323 0 153150 637223 0 255016 313432 73983 77613 109348 50772 0 0 0 0 0 0 0 0 0
mphpred
 621881 290079 259995 197171 273557 529468 726154 888930 855548 1.08225e+06 1.32409e+06 959088 580932 311944 138829 112318 132130 171790 198798 213509 359215 446009 544836 767902 926386
desembarqueobs
 350755 77701 442110 56441 14545 235359 269955 359681 431902 328805 639364 411747 362871 311530 167758 66681 60226 58785 57116 73181 50977 67692 138656 160484 209506
desembarquepred
 350738 77678.6 441801 56434.8 14544.8 235362 269961 359524 431760 328703 639109 411702 362778 311520 167617 66667.5 60231.9 58772.1 57098.6 73158.1 50972.2 67674.1 138631 160460 209475
Reclutas
 27270.9 41683.3 13527 35236.2 66800.9 38371.9 74056.5 85284.5 128945 171864 65883.7 36222 46230.9 22403.5 15790.3 17762.9 13182.4 13762.9 13896.5 32521.2 39047.5 46223 78117.2 79889.6 13317.1
log_desv_Rt
 -0.306424 0.117857 -1.00755 -0.05017 0.589471 0.0350814 0.692584 0.833748 1.24714 1.53446 0.575646 -0.0225788 0.221403 -0.503028 -0.852851 -0.735131 -1.03336 -0.990265 -0.98061 -0.130353 0.0525343 0.221232 0.745965 0.768401 -1.0232
SSB
 621881 290079 259995 197171 273557 529468 726154 888930 855548 1.08225e+06 1.32409e+06 959088 580932 311944 138829 112318 132130 171790 198798 213509 359215 446009 544836 767902 926386
BT
 1.48757e+06 421275 523305 412760 616103 731901 1.72166e+06 1.66347e+06 1.99717e+06 2.21123e+06 1.99914e+06 1.37441e+06 988891 526041 286643 208314 240287 296105 296499 431242 687881 632178 865990 1.23209e+06 1.16776e+06
Ftot
 0.469703 0.594133 1.22573 0.348817 0.0491034 0.412353 0.288837 0.53955 0.540098 0.327354 0.513756 0.466951 0.776441 1.35526 1.41852 0.592042 0.435733 0.316507 0.286834 0.320027 0.127031 0.161594 0.198683 0.193722 0.212555
BD_Bspro_t
 0.936711 0.675207 0.549164 0.31657 0.521116 0.727408 0.660073 0.673646 0.632329 0.640828 0.658067 0.507202 0.389653 0.288061 0.171416 0.173753 0.260841 0.395544 0.489057 0.565078 0.70597 0.794645 0.797643 0.801195 0.787761
BD_Bspro
 0.817289 0.381228 0.341691 0.259126 0.359514 0.695838 0.954327 1.16825 1.12438 1.42232 1.74014 1.26045 0.763473 0.409964 0.182452 0.14761 0.173648 0.225769 0.261265 0.280598 0.472088 0.586155 0.716035 1.00919 1.21748
BD_Bo
 0.642855 0.299863 0.268764 0.203821 0.282783 0.547326 0.750645 0.918912 0.884403 1.11875 1.36874 0.991435 0.600526 0.322465 0.143511 0.116106 0.136587 0.177583 0.205503 0.22071 0.37133 0.461052 0.563212 0.793801 0.95763
BD_Brms
 2.16363 1.00923 0.904567 0.68599 0.95175 1.84211 2.52641 3.09274 2.97659 3.76533 4.60671 3.33682 2.02116 1.08531 0.483009 0.390772 0.459703 0.597684 0.691652 0.742833 1.24977 1.55174 1.89557 2.67166 3.22305
S_f
 0.155703 1 1 1 1
 0.155703 1 1 1 1
 0.155703 1 1 1 1
 0.155703 1 1 1 1
 0.155703 1 1 1 1
 0.155703 1 1 1 1
 0.155703 1 1 1 1
 0.155703 1 1 1 1
 0.155703 1 1 1 1
 0.155703 1 1 1 1
 0.155703 1 1 1 1
 0.155703 1 1 1 1
 0.155703 1 1 1 1
 0.155703 1 1 1 1
 0.155703 1 1 1 1
 0.155703 1 1 1 1
 0.155703 1 1 1 1
 0.155703 1 1 1 1
 0.155703 1 1 1 1
 0.155703 1 1 1 1
 0.155703 1 1 1 1
 0.155703 1 1 1 1
 0.155703 1 1 1 1
 0.155703 1 1 1 1
 0.155703 1 1 1 1
Scru_reclas
 1 1 1 1 1
 1 1 1 1 1
 1 1 1 1 1
 1 1 1 1 1
 1 1 1 1 1
 1 1 1 1 1
 1 1 1 1 1
 1 1 1 1 1
 1 1 1 1 1
 1 1 1 1 1
 1 1 1 1 1
 1 1 1 1 1
 1 1 1 1 1
 1 1 1 1 1
 1 1 1 1 1
 1 1 1 1 1
 1 1 1 1 1
 1 1 1 1 1
 1 1 1 1 1
 1 1 1 1 1
 1 1 1 1 1
 1 1 1 1 1
 1 1 1 1 1
 1 1 1 1 1
 1 1 1 1 1
Scru_pelaces
 1 1 1 1 1
 1 1 1 1 1
 1 1 1 1 1
 1 1 1 1 1
 1 1 1 1 1
 1 1 1 1 1
 1 1 1 1 1
 1 1 1 1 1
 1 1 1 1 1
 1 1 1 1 1
 1 1 1 1 1
 1 1 1 1 1
 1 1 1 1 1
 1 1 1 1 1
 1 1 1 1 1
 1 1 1 1 1
 1 1 1 1 1
 1 1 1 1 1
 1 1 1 1 1
 1 1 1 1 1
 1 1 1 1 1
 1 1 1 1 1
 1 1 1 1 1
 1 1 1 1 1
 1 1 1 1 1
pf_obs 
 0.256992 0.487395 0.22802 0.0275931 0
 0.321318 0.546541 0.124235 0.00734118 0.000564706
 0.182869 0.594174 0.210203 0.0122559 0.00049798
 0.330522 0.361315 0.267642 0.0388342 0.00168674
 0.649043 0.306663 0.0425973 0.00169635 0
 0.582887 0.30429 0.105238 0.00758474 0
 0.465427 0.430635 0.0974691 0.00646863 0
 0.296916 0.608066 0.0921331 0.00288517 0
 0.311714 0.524322 0.152257 0.0117073 0
 0.15457 0.633149 0.183074 0.0267441 0.00246327
 0.131901 0.49318 0.331252 0.0422183 0.00144891
 0.196976 0.569456 0.194076 0.0375587 0.00193317
 0.518974 0.381816 0.0799577 0.0180837 0.00116848
 0.0928022 0.601141 0.25162 0.0475244 0.00691264
 0.122501 0.610282 0.24278 0.0234846 0.000952079
 0.383417 0.481906 0.127806 0.00687128 0
 0.0376549 0.599619 0.316969 0.0457579 0
 0.0361596 0.667082 0.258105 0.0386534 0
 0.158088 0.579412 0.248529 0.0139706 0
 0.0477256 0.309471 0.559284 0.082774 0.000745712
 0.0406174 0.521527 0.379366 0.0568643 0.0016247
 0.151134 0.462217 0.34131 0.0453401 0
 0.294876 0.26143 0.354403 0.0886775 0.000613685
 0.281977 0.475581 0.204845 0.0348837 0.00271318
 0.0354234 0.537034 0.353287 0.0723622 0.0018943
pf_pred 
 0.181848 0.561112 0.228135 0.0288964 8.82302e-06
 0.289684 0.456309 0.174205 0.0708279 0.00897406
 0.114771 0.689083 0.126005 0.0481051 0.0220365
 0.406413 0.362678 0.179745 0.032868 0.0182962
 0.349035 0.546095 0.064075 0.0317558 0.00903925
 0.140752 0.66934 0.159315 0.0186929 0.0119013
 0.287248 0.40098 0.242865 0.0578062 0.0111009
 0.254758 0.557774 0.105465 0.0638783 0.0181239
 0.316101 0.506867 0.132499 0.0250532 0.0194795
 0.289023 0.565055 0.108149 0.028271 0.00950186
 0.102565 0.676335 0.175721 0.0336323 0.0117466
 0.0967134 0.438791 0.350059 0.09095 0.0234873
 0.206612 0.367786 0.206745 0.164937 0.0539195
 0.158793 0.598647 0.112442 0.0632075 0.0669104
 0.233945 0.544711 0.15752 0.0295865 0.0342374
 0.303475 0.560703 0.0965774 0.0279283 0.011316
 0.190451 0.639088 0.137221 0.0236355 0.00960428
 0.203718 0.518735 0.219106 0.0470451 0.011396
 0.195097 0.528759 0.179893 0.0759842 0.0202669
 0.355776 0.413127 0.151813 0.0516494 0.0276348
 0.25037 0.603803 0.0935159 0.0343645 0.0179469
 0.218254 0.54332 0.192045 0.0297436 0.0166381
 0.278167 0.476051 0.170821 0.0603793 0.0145825
 0.206117 0.580589 0.140668 0.0504757 0.0221504
 0.0362728 0.623126 0.249091 0.060351 0.0311589
pobs_RECLAS
 0 0 0 0 0
 0 0 0 0 0
 0 0 0 0 0
 0 0 0 0 0
 0.835266 0.146461 0.0176864 0.000547809 3.91292e-05
 0.385257 0.428462 0.181853 0.0044286 0
 0.867414 0.0963971 0.0333333 0.00285562 0
 0.441836 0.489002 0.0689373 0.000224442 0
 0.779404 0.147425 0.0564933 0.0165055 0.000172143
 0.814271 0.122319 0.05973 0.00367925 0
 0.40263 0.566651 0.0304383 0.000280538 0
 0.475488 0.404961 0.113038 0.00651328 0
 0.955842 0.0263864 0.0167828 0.000988607 0
 0.975058 0.0227948 0.00214734 0 0
 0.738997 0.206755 0.0527124 0.00153531 0
 0.850938 0.134255 0.0134407 0.00136685 0
 0.542534 0.407297 0.0501686 0 0
 0.764087 0.199537 0.0359546 0.000420521 0
 0.470689 0.182191 0.310203 0.0369168 0
 0.84361 0.089868 0.0606195 0.00523954 0.000663233
 0.607945 0.314616 0.071237 0.00620181 0
 0.523733 0.453247 0.0230204 0 0
 0.530135 0.295979 0.169645 0.0042399 0
 0.562478 0.366248 0.0663022 0.0049721 0
 0.250443 0.683176 0.0655157 0.000865301 0
ppred_RECLAS
 0.595686 0.27729 0.11274 0.01428 4.36016e-06
 0.732175 0.172051 0.0656842 0.0267057 0.00338367
 0.483519 0.402041 0.0735168 0.0280666 0.012857
 0.817994 0.111204 0.0551133 0.010078 0.00560997
 0.775393 0.188423 0.0221082 0.0109569 0.00311887
 0.519381 0.374394 0.0891123 0.0104558 0.00665698
 0.724804 0.15482 0.0937712 0.0223192 0.0042861
 0.695117 0.228189 0.0431465 0.026133 0.00741459
 0.755072 0.181527 0.0474524 0.00897243 0.0069763
 0.727085 0.216902 0.0415141 0.0108521 0.00364738
 0.431971 0.428084 0.111222 0.0212875 0.00743498
 0.41505 0.284152 0.226691 0.0588973 0.0152099
 0.640066 0.166852 0.0937935 0.0748267 0.0244615
 0.581375 0.297916 0.0559566 0.0314551 0.0332979
 0.694029 0.217564 0.0629152 0.0118172 0.0136748
 0.744902 0.205354 0.0353709 0.0102286 0.00414441
 0.608607 0.30898 0.0663425 0.0114271 0.00464339
 0.626211 0.243504 0.102852 0.0220838 0.00534947
 0.612974 0.254246 0.086499 0.0365359 0.00974505
 0.783423 0.138886 0.0510368 0.0173636 0.00929034
 0.683523 0.254912 0.0394803 0.0145079 0.00757676
 0.644021 0.247408 0.0874502 0.0135441 0.00757638
 0.714532 0.188267 0.0675555 0.0238786 0.00576703
 0.627676 0.272291 0.0659721 0.0236727 0.0103883
 0.196587 0.519471 0.207655 0.0503117 0.0259757
pobs_PELACES
 0 0 0 0 0
 0 0 0 0 0
 0 0 0 0 0
 0 0 0 0 0
 0 0 0 0 0
 0 0 0 0 0
 0 0 0 0 0
 0 0 0 0 0
 0 0 0 0 0
 0 0 0 0 0
 0.450072 0.473896 0.0757376 0.000293798 0
 0 0 0 0 0
 0.463077 0.371075 0.160297 0.00555027 0
 0.529543 0.364841 0.0842815 0.0213345 0
 0.631943 0.363953 0.00410389 0 0
 0.735681 0.248677 0.0153453 0.000297389 0
 0.695825 0.281241 0.0229344 0 0
 0.275771 0.60734 0.115278 0.00161068 0
 0 0 0 0 0
 0.896147 0.0623911 0.0374545 0.00400742 0
 0.803859 0.145111 0.0509908 3.86294e-05 0
 0.739449 0.233085 0.0266225 0.000797448 4.60066e-05
 0.878498 0.100942 0.0204185 0.000141795 0
 0.694673 0.275183 0.0284847 0.00165964 0
 0.469039 0.446079 0.0841089 0.000773354 0
ppred_PELACES
 0.626771 0.255971 0.104072 0.0131821 4.02493e-06
 0.763366 0.152014 0.0580346 0.0235955 0.00298961
 0.568458 0.335922 0.0614264 0.0234508 0.0107426
 0.832019 0.102635 0.0508665 0.0093014 0.00517769
 0.777767 0.186431 0.0218746 0.0108411 0.00308591
 0.547965 0.352127 0.0838125 0.00983397 0.00626106
 0.740562 0.145955 0.0884017 0.0210412 0.00404067
 0.726012 0.205066 0.0387744 0.0234849 0.00666325
 0.781824 0.1617 0.0422694 0.00799241 0.00621431
 0.744804 0.202819 0.0388188 0.0101475 0.00341057
 0.467379 0.4014 0.104289 0.0199605 0.00697153
 0.446944 0.268659 0.214331 0.055686 0.0143806
 0.688256 0.144513 0.0812358 0.0648083 0.0211864
 0.669521 0.235186 0.0441743 0.0248319 0.0262866
 0.77105 0.162797 0.0470778 0.00884248 0.0102325
 0.774964 0.181154 0.0312025 0.00902316 0.00365601
 0.637115 0.286475 0.0615103 0.0105947 0.00430518
 0.646612 0.230213 0.0972386 0.0208785 0.0050575
 0.631754 0.241909 0.0823018 0.034763 0.00927218
 0.798169 0.12943 0.0475618 0.0161814 0.00865778
 0.691129 0.248786 0.0385315 0.0141592 0.00739466
 0.654275 0.240281 0.0849313 0.013154 0.00735814
 0.725688 0.180909 0.0649155 0.0229454 0.00554165
 0.6402 0.263132 0.0637529 0.0228763 0.0100389
 0.206108 0.513314 0.205194 0.0497155 0.0256678
pobs_pel_tallas
 0 0 0 0 0 0 0 0 0 0 0 0 0 0 0 0 0 0 0 0 0 0 0 0 0 0 0 0 0 0 0 0 0 0 0 0
 0 0 0 0 0 0 0 0 0 0 0 0 0 0 0 0 0 0 0 0 0 0 0 0 0 0 0 0 0 0 0 0 0 0 0 0
 0 0 0 0 0 0 0 0 0 0 0 0 0 0 0 0 0 0 0 0 0 0 0 0 0 0 0 0 0 0 0 0 0 0 0 0
 0 0 0 0 0 0 0 0 0 0 0 0 0 0 0 0 0 0 0 0 0 0 0 0 0 0 0 0 0 0 0 0 0 0 0 0
 0 0 0 0 0 0 0 0 0 0 0 0 0 0 0 0 0 0 0 0 0 0 0 0 0 0 0 0 0 0 0 0 0 0 0 0
 0 0 0 0 0 0 0 0 0 0 0 0 0 0 0 0 0 0 0 0 0 0 0 0 0 0 0 0 0 0 0 0 0 0 0 0
 0 0 0 0 0 0 0 0 0 0 0 0 0 0 0 0 0 0 0 0 0 0 0 0 0 0 0 0 0 0 0 0 0 0 0 0
 0 0 0 0 0 0 0 0 0 0 0 0 0 0 0 0 0 0 0 0 0 0 0 0 0 0 0 0 0 0 0 0 0 0 0 0
 0 0 0 0 0 0 0 0 0 0 0 0 0 0 0 0 0 0 0 0 0 0 0 0 0 0 0 0 0 0 0 0 0 0 0 0
 0 0 0 0 0 0 0 0 0 0 0 0 0 0 0 0 0 0 0 0 0 0 0 0 0 0 0 0 0 0 0 0 0 0 0 0
 0 0 0 0 0 0 0 0 1.78061e-05 0.00172719 0.00360574 0.0105946 0.0120993 0.0124554 0.0147524 0.0171206 0.0266825 0.0428682 0.0675386 0.121331 0.153587 0.119568 0.100827 0.0573624 0.0630603 0.0341343 0.0324427 0.0444173 0.0211091 0.0280891 0.0125444 0.00206551 0 0 0 0
 0 0 0 0 0 0 0 0 0 0 0 0 0 0 0 0 0 0 0 0 0 0 0 0 0 0 0 0 0 0 0 0 0 0 0 0
 0 0 0 0 0 0 0.0133647 0.0140871 0.0187388 0.0205184 0.03894 0.0496705 0.03968 0.0493445 0.0407372 0.0367815 0.0215668 0.0243155 0.0234873 0.0199281 0.019796 0.0243948 0.0301388 0.0376714 0.0412746 0.0863199 0.0771752 0.113111 0.0741005 0.0525337 0.0229764 0.00759418 0.00175318 0 0 0
 0 0 0 0 0 0 0 0 0 0 0.00219441 0.00772107 0.0458388 0.0604681 0.0671733 0.0775358 0.0609151 0.0617685 0.073594 0.0568108 0.0755445 0.0548602 0.0670107 0.0636378 0.0643287 0.046367 0.0373049 0.0286899 0.0247887 0.0153202 0.00654259 0.00121912 0.000365735 0 0 0
 0 0 0 0 0 0 0 0 0 0 0 0 0.000112435 0.00938835 0.0111873 0.0202946 0.0414886 0.0713402 0.111592 0.104902 0.108894 0.110636 0.117776 0.105296 0.107544 0.0401394 0.0192827 0.0124803 0.00416011 0.0028671 0.000618394 0 0 0 0 0
 0 0 0 0 0 0 0 0 0 0 0.00291406 0.0102884 0.027416 0.0768956 0.0749926 0.110853 0.0956884 0.0897413 0.0766577 0.0534642 0.0500743 0.0551293 0.0594112 0.0620874 0.0668451 0.0424026 0.0208742 0.0120726 0.0048766 0.00582813 0.00118941 0.000297354 0 0 0 0
 0 0.00264628 0.0354308 0.0461629 0.0458689 0.0383711 0.0214643 0.0164657 0.0346957 0.0420465 0.0363128 0.0245516 0.0311673 0.0291091 0.0169068 0.0133784 0.00837989 0.0085269 0.0148486 0.0160247 0.0276389 0.0546898 0.0760071 0.122758 0.109233 0.0665981 0.0333725 0.0166128 0.00676272 0.00308733 0.000882094 0 0 0 0 0
 0 0 0 0 0 0 0 0.000805153 0.000690131 0.00759144 0.0133425 0.0154129 0.00931677 0.000345066 0.00356568 0.00563607 0.00851162 0.0253048 0.0502646 0.0516448 0.0657925 0.0565908 0.0611916 0.0827007 0.0866115 0.110766 0.145733 0.0935128 0.0569358 0.0249597 0.0138026 0.00621118 0.00161031 0.00115022 0 0
 0 0 0 0 0 0 0 0 0 0 0 0 0 0 0 0 0 0 0 0 0 0 0 0 0 0 0 0 0 0 0 0 0 0 0 0
 0.00147267 0.00158595 0.00478618 0.00569244 0.00954404 0.0108468 0.00647125 0.017049 0.0510054 0.094081 0.124002 0.0959785 0.0687766 0.0820023 0.061753 0.0591476 0.0492212 0.0479892 0.0443925 0.0268479 0.0217502 0.0140895 0.0121071 0.0120363 0.00920419 0.00665534 0.0049561 0.00860946 0.00930331 0.0156896 0.0114698 0.00855282 0.00243557 0.00046729 0 2.83206e-05
 0 0 0 0 0.000772559 0.00158375 0.000888443 0.00281984 0.00712685 0.0440552 0.0773331 0.111326 0.0921469 0.0852325 0.0710754 0.0886704 0.0786465 0.0553345 0.0373146 0.0185414 0.00753245 0.00457741 0.012979 0.0271748 0.0457355 0.0583668 0.034881 0.0177882 0.00938659 0.00492506 0.0015258 0.00185414 0.000309023 5.79419e-05 3.86279e-05 0
 0 0.00173294 0.00326652 0 0.00397197 0.00683976 0.00946217 0.0152591 0.00757587 0.0136028 0.0228656 0.0392903 0.0559909 0.0764795 0.0681675 0.0726916 0.0566044 0.0477403 0.0527397 0.0444891 0.0609904 0.0582453 0.0661739 0.0445044 0.0529084 0.0360697 0.0280645 0.0235558 0.0158879 0.00826598 0.00280645 0.00217768 0.000904811 0.00058276 9.20147e-05 0
 0 0 0 0 0 0 0 0 0 0 0 0 0 0 0 0 0 0 0 0 0 0 0 0 0 0 0 0 0 0 0 0 0 0 0 0
 0 0 0 0 0 0 0 0 0 0 0 0 0 0 0 0 0 0 0 0 0 0 0 0 0 0 0 0 0 0 0 0 0 0 0 0
 0 0 0 0 0 0 0 0 0 0 0 0 0 0 0 0 0 0 0 0 0 0 0 0 0 0 0 0 0 0 0 0 0 0 0 0
ppred_pel_tallas
 1.02014e-16 2.73534e-05 0.000160526 0.000763032 0.00293766 0.00916076 0.0231395 0.0473474 0.0784871 0.105417 0.114742 0.101278 0.0726447 0.0426918 0.0212733 0.0103183 0.00689815 0.00754068 0.0101015 0.0135914 0.0175159 0.0214744 0.0250487 0.0278371 0.0295312 0.029981 0.0292216 0.0274496 0.0249636 0.0220875 0.0191058 0.0162241 0.0135634 0.0111752 0.00906821 0.00723201
 1.01824e-16 3.33052e-05 0.000195478 0.000929222 0.00357757 0.0111563 0.0281799 0.0576597 0.0955767 0.128355 0.13967 0.123187 0.0881535 0.0513917 0.0248383 0.0107674 0.00553617 0.00485969 0.0061148 0.00815373 0.0105125 0.0129158 0.0151111 0.0168616 0.0179854 0.0183928 0.0181009 0.0172196 0.0159163 0.014371 0.0127393 0.0111309 0.00960752 0.00819419 0.00689551 0.00571002
 1.0229e-16 2.48138e-05 0.000145609 0.000692101 0.00266453 0.00830899 0.0209881 0.0429461 0.0711941 0.0956304 0.104114 0.091954 0.0660803 0.0390827 0.0199352 0.0104302 0.00795187 0.00937621 0.0127525 0.0171331 0.0219682 0.0267505 0.0309372 0.0340159 0.0356113 0.0355704 0.0339942 0.0311998 0.0276325 0.0237567 0.0199619 0.016509 0.013522 0.0110153 0.00893749 0.00721261
 1.01318e-16 3.62968e-05 0.000213046 0.00101275 0.00389919 0.0121593 0.0307133 0.0628429 0.104166 0.139885 0.152201 0.134201 0.0959553 0.0557773 0.0266534 0.0110326 0.00491503 0.00360884 0.00425081 0.00561242 0.00724183 0.00892107 0.0104734 0.0117359 0.0125818 0.0129441 0.0128271 0.0122969 0.0114595 0.0104313 0.00931542 0.00818742 0.00709378 0.00605842 0.00509268 0.0042035
 1.00889e-16 3.39345e-05 0.00019917 0.000946764 0.0036451 0.0113669 0.0287119 0.0587484 0.0973821 0.130782 0.142317 0.125536 0.0898665 0.052454 0.0254695 0.0112388 0.00605722 0.00555909 0.00706083 0.00936724 0.0119644 0.0145194 0.0167207 0.0182838 0.0190047 0.0188065 0.0177565 0.0160438 0.0139296 0.0116838 0.00953155 0.0076216 0.00602156 0.00473303 0.0037171 0.00291913
 1.01935e-16 2.39209e-05 0.000140365 0.000667169 0.00256853 0.00800961 0.0202319 0.041399 0.0686303 0.0921894 0.100375 0.0886685 0.0637565 0.0377831 0.0194106 0.0103805 0.00818534 0.00982431 0.0134196 0.0180476 0.0231537 0.0282098 0.0326446 0.0359158 0.0376222 0.0375949 0.0359308 0.0329556 0.029133 0.0249522 0.0208291 0.0170501 0.0137612 0.0109938 0.00870809 0.00683387
 1.02215e-16 3.23107e-05 0.00018964 0.000901466 0.0034707 0.0108231 0.0273382 0.0559374 0.0927218 0.124521 0.135499 0.119509 0.0855249 0.0498657 0.0241139 0.010478 0.00542802 0.00481253 0.00609386 0.00816684 0.0105899 0.0131029 0.0154642 0.0174414 0.0188475 0.0195767 0.0196198 0.0190537 0.0180114 0.0166437 0.0150873 0.0134463 0.011791 0.010166 0.00860255 0.00712812
 1.01736e-16 3.16785e-05 0.000185923 0.000883785 0.00340261 0.0106107 0.0268018 0.0548404 0.0909052 0.122087 0.132863 0.117216 0.0839528 0.0490878 0.0239955 0.0108634 0.00625014 0.00609479 0.00789856 0.0105395 0.0135163 0.0164818 0.0190991 0.0210552 0.0221202 0.0221984 0.0213467 0.0197524 0.0176797 0.0154035 0.0131539 0.0110839 0.0092656 0.00770745 0.00638072 0.00524466
 1.01218e-16 3.41105e-05 0.000200205 0.000951691 0.00366407 0.0114261 0.0288614 0.059054 0.097888 0.131459 0.143049 0.126168 0.0902907 0.0526445 0.0254561 0.0110543 0.00570713 0.00502295 0.00630906 0.00838048 0.0107496 0.0131205 0.0152222 0.0168043 0.0176814 0.0177726 0.0171175 0.0158588 0.0142018 0.012363 0.0105267 0.00881934 0.00730559 0.00600056 0.00488936 0.00394549
 1.01126e-16 3.24979e-05 0.000190734 0.000906655 0.00349066 0.0108853 0.0274954 0.0562596 0.0932574 0.125245 0.136298 0.120241 0.0861089 0.0503266 0.0245601 0.0110489 0.006258 0.00601702 0.00775973 0.0103351 0.013232 0.0161008 0.0186047 0.0204321 0.0213553 0.021282 0.0202737 0.0185241 0.0163053 0.013902 0.0115542 0.00942449 0.00759191 0.00606806 0.00482286 0.00380956
 1.02623e-16 2.0409e-05 0.000119743 0.000569116 0.00219098 0.00683224 0.017258 0.0353146 0.0585469 0.0786541 0.0856631 0.0757319 0.0545843 0.0326085 0.0172333 0.00999183 0.00879356 0.0111148 0.0153618 0.0207118 0.0266061 0.0324626 0.0376348 0.0415044 0.0436109 0.0437547 0.0420362 0.0388138 0.0346026 0.0299468 0.0253108 0.0210147 0.0172242 0.0139798 0.011245 0.00895172
 1.05716e-16 1.95128e-05 0.000114493 0.000544184 0.00209503 0.00653305 0.0165021 0.0337671 0.0559783 0.0751946 0.0818721 0.0723253 0.0520095 0.0308327 0.0158653 0.00853819 0.00682427 0.0083049 0.0114903 0.0156819 0.0204899 0.0255447 0.0304255 0.0347016 0.0380102 0.0401215 0.0409696 0.0406375 0.0393093 0.0372082 0.0345459 0.031496 0.0281932 0.0247476 0.0212625 0.0178439
 1.04418e-16 3.00298e-05 0.000176249 0.000837806 0.0032256 0.0100587 0.0254075 0.0519871 0.0861741 0.115729 0.125935 0.111081 0.0795089 0.0463899 0.0224936 0.00987975 0.00527639 0.00483483 0.00620573 0.00836946 0.0109203 0.0136177 0.0162349 0.0185505 0.0203824 0.0216207 0.0222407 0.0222921 0.0218696 0.0210789 0.0200091 0.0187217 0.0172543 0.0156343 0.0138939 0.0120787
 1.02786e-16 2.92164e-05 0.000171466 0.000815048 0.00313794 0.00978534 0.0247171 0.0505751 0.0838363 0.112597 0.122548 0.108143 0.0775137 0.0454427 0.0224378 0.010538 0.00659204 0.00687177 0.00907722 0.0121592 0.0156182 0.0190768 0.0221552 0.0244977 0.0258423 0.0260787 0.0252689 0.0236214 0.0214297 0.0189973 0.0165749 0.0143251 0.0123197 0.010561 0.00901327 0.00763231
 1.01504e-16 3.36407e-05 0.000197447 0.000938578 0.00361359 0.0112686 0.0284637 0.0582404 0.0965394 0.129648 0.14108 0.124434 0.0890547 0.0519345 0.025133 0.0109492 0.00570489 0.00507157 0.00639547 0.00850867 0.0109293 0.013363 0.0155383 0.0172031 0.0181695 0.0183528 0.017788 0.0166128 0.0150268 0.0132415 0.0114368 0.00973619 0.00820344 0.006855 0.00567934 0.00465502
 1.00983e-16 3.38121e-05 0.000198451 0.000943351 0.00363196 0.0113259 0.0286084 0.0585366 0.0970309 0.13031 0.141803 0.12508 0.089536 0.0522525 0.0253559 0.0111626 0.00598038 0.00545979 0.00692886 0.00920083 0.0117699 0.0143118 0.0165237 0.0181275 0.0189213 0.0188245 0.0178949 0.0163083 0.0143104 0.0121573 0.0100646 0.00817687 0.00656341 0.00523205 0.00415297 0.00328139
 1.01532e-16 2.78056e-05 0.000163178 0.000775635 0.00298617 0.00931204 0.0235216 0.0481295 0.0797842 0.107161 0.116646 0.10297 0.0738834 0.0434704 0.0217537 0.0107013 0.0073408 0.00814181 0.0109143 0.0146303 0.0187527 0.0228311 0.0263972 0.0290103 0.0303466 0.0302722 0.0288706 0.0264113 0.0232761 0.019866 0.0165207 0.0134722 0.0108365 0.00863487 0.00682988 0.00535954
 1.0241e-16 2.82175e-05 0.000165601 0.000787167 0.00303059 0.00945057 0.0238715 0.0488449 0.0809685 0.108746 0.118359 0.104451 0.0748781 0.0439196 0.0217278 0.0102779 0.00653394 0.00690397 0.00917573 0.0123437 0.0159303 0.01957 0.0228881 0.0255242 0.0271999 0.0277761 0.0272768 0.0258685 0.0238069 0.02137 0.0188008 0.0162745 0.0138938 0.0117044 0.00971807 0.00793415
 1.02875e-16 2.757e-05 0.000161799 0.000769089 0.00296098 0.0092335 0.0233232 0.0477232 0.0791095 0.106251 0.115647 0.102067 0.0731895 0.04297 0.0213338 0.0102179 0.00666287 0.00716372 0.00955879 0.0128585 0.016581 0.0203481 0.0237692 0.0264712 0.028169 0.0287261 0.0281777 0.0267075 0.0245896 0.0221167 0.0195386 0.0170288 0.0146807 0.0125259 0.0105626 0.00877888
 1.01678e-16 3.48219e-05 0.000204384 0.000971567 0.00374062 0.0116648 0.0294643 0.0602874 0.0999314 0.1342 0.146024 0.128772 0.0921121 0.0536214 0.0257698 0.0109203 0.00524968 0.00426647 0.00522483 0.00693405 0.0089333 0.0109728 0.0128353 0.0143195 0.0152719 0.0156173 0.0153719 0.0146307 0.0135369 0.0122437 0.0108825 0.00954466 0.00828002 0.00710668 0.00602564 0.00503336
 1.01461e-16 3.01592e-05 0.000177 0.000841353 0.00323922 0.0101012 0.0255148 0.0522075 0.0865423 0.116232 0.126504 0.111636 0.0800217 0.0469209 0.0231815 0.0109088 0.00684886 0.00715007 0.00943212 0.0126019 0.0161302 0.0196111 0.0226364 0.0248265 0.0259059 0.0257665 0.0244896 0.0223184 0.0195914 0.0166604 0.0138195 0.0112648 0.00908752 0.00729456 0.00584139 0.00466398
 1.0208e-16 2.8552e-05 0.000167564 0.000796498 0.00306651 0.0095626 0.0241545 0.049424 0.0819285 0.110036 0.119764 0.105694 0.0757756 0.0444586 0.0220175 0.0104522 0.0066913 0.00709908 0.00943298 0.0126679 0.0163091 0.0199735 0.0232685 0.0258201 0.0273442 0.0277072 0.0269501 0.0252655 0.0229393 0.0202788 0.0175493 0.0149383 0.0125501 0.0104218 0.00855025 0.00691612
 1.02028e-16 3.16635e-05 0.000185837 0.00088338 0.00340106 0.0106059 0.0267896 0.0548152 0.0908628 0.122028 0.132794 0.117143 0.0838753 0.0489912 0.0238536 0.010641 0.00590733 0.00559143 0.00720168 0.00963355 0.0124143 0.015234 0.0177951 0.0198165 0.0210839 0.0214936 0.0210708 0.0199521 0.0183429 0.0164629 0.0145013 0.0125908 0.0108044 0.00916914 0.00768578 0.00634685
 1.02246e-16 2.79391e-05 0.000163964 0.000779378 0.00300059 0.00935702 0.0236352 0.0483617 0.0801685 0.107675 0.1172 0.103446 0.0741963 0.043597 0.0217111 0.0105064 0.00698751 0.00760259 0.0101545 0.0136252 0.0175025 0.0213725 0.0248078 0.0274049 0.0288638 0.0290544 0.028041 0.0260551 0.0234277 0.020507 0.017587 0.0148672 0.012447 0.0103464 0.00853894 0.00698159
 1.05988e-16 9.02114e-06 5.28752e-05 0.000251196 0.000966868 0.00301486 0.00761581 0.0155868 0.0258515 0.0347621 0.0379449 0.033748 0.0247646 0.0156786 0.0099041 0.00828307 0.0100622 0.0142591 0.0202112 0.027455 0.0354744 0.0435861 0.0509813 0.0568645 0.0606206 0.0619453 0.0608969 0.057849 0.053371 0.0480775 0.0425009 0.0370193 0.0318474 0.0270732 0.0227127 0.018758
pSPR Fmed_Fpbrs
0.583933   0.347119 0.347119
Fs Fmed_Fpbrs
0.379391   1.005 1.005
SSBpbr Bo_Bmed_Bpbrs
967373  516512  287425 287425
Ro
37049.1
SPR SPRFo_SPRFmed_SPRFpbrs
760907 444319 264126
log_Ro
10.34
likeval ReclasPelacesDesembMPH_pf_preclas_ppelaces_ptallas_desvR_qrecl_qpela
 76.4578 51.6247 0.0118529 0.000820843 314.538 191.975 78.0204 0 19.0739 3.20172e-05 0 0 0 0 0
q_reclas_q_pelaces
0.448514 1
M
0.7
N
 27270.9 15478.6 6293.22 797.123 0.243388
 41683.3 12587.3 4805.46 1953.79 247.55
 13527 18870.4 3450.62 1317.35 603.465
 35236.2 5550.24 2750.72 502.994 279.995
 66800.9 16572.8 1944.54 963.72 274.322
 38371.9 32919.7 7835.46 919.358 585.334
 74056.5 17870 10823.5 2576.18 494.72
 85284.5 35158.1 6647.79 4026.43 1142.4
 128945 38938.5 10178.8 1924.63 1496.45
 171864 58867.8 11267.1 2945.29 989.911
 65883.7 81104 21071.9 4033.08 1408.62
 36222 30201.7 24094.3 6260.03 1616.62
 46230.9 16725.9 9402.22 7500.91 2452.11
 22403.5 20343.3 3821.03 2147.93 2273.76
 15790.3 9008.78 2605.16 489.319 566.24
 17762.9 6287.26 1082.94 313.165 126.888
 13182.4 8044.04 1727.17 297.494 120.887
 13762.9 6116.79 2583.64 554.744 134.378
 13896.5 6505.83 2213.4 934.907 249.364
 32521.2 6599.37 2425.08 825.057 441.443
 39047.5 15364.6 2379.63 874.449 456.681
 46223 19010.7 6719.62 1040.72 582.164
 78117.2 22383.3 8031.78 2838.96 685.65
 79889.6 37610.2 9112.37 3269.78 1434.89
 13317.1 38493.2 15387.4 3728.15 1924.82
pred_Ctot
 1388.99 4285.87 1742.53 220.716 0.0673917
 2662.92 4194.62 1601.38 651.085 82.494
 1708.9 10260.2 1876.17 716.267 328.115
 1343.8 1199.19 594.324 108.678 60.4961
 366.059 572.729 67.2 33.3046 9.48011
 1722.47 8191.13 1949.63 228.756 145.644
 2348.23 3277.97 1985.4 472.56 90.7488
 4966.14 10873 2055.89 1245.21 353.298
 7515.87 12051.7 3150.39 595.684 463.16
 6160.06 12043.2 2305.03 602.55 202.517
 3659.41 24130.9 6269.54 1199.97 419.107
 1834.43 8322.83 6639.79 1725.11 445.499
 3812.48 6786.52 3814.94 3043.48 994.941
 3102.6 11696.7 2196.96 1234.99 1307.34
 2279.27 5306.99 1534.68 288.254 333.567
 1130.94 2089.54 359.909 104.078 42.1705
 624.298 2094.92 449.81 77.4768 31.4827
 477.308 1215.39 513.36 110.226 26.7005
 437.641 1186.11 403.537 170.448 45.4628
 1140.12 1323.91 486.501 165.516 88.5588
 550.601 1327.86 205.656 75.5728 39.4679
 827.156 2059.12 727.828 112.725 63.0564
 1714.39 2933.98 1052.8 372.127 89.8742
 1710.09 4816.97 1167.08 418.781 183.775
 312.369 5366.16 2145.09 519.723 268.33
F
 0.0731341 0.469703 0.469703 0.469703 0.469703
 0.0925081 0.594133 0.594133 0.594133 0.594133
 0.19085 1.22573 1.22573 1.22573 1.22573
 0.0543118 0.348817 0.348817 0.348817 0.348817
 0.00764553 0.0491034 0.0491034 0.0491034 0.0491034
 0.0642044 0.412353 0.412353 0.412353 0.412353
 0.0449727 0.288837 0.288837 0.288837 0.288837
 0.0840094 0.53955 0.53955 0.53955 0.53955
 0.0840947 0.540098 0.540098 0.540098 0.540098
 0.0509699 0.327354 0.327354 0.327354 0.327354
 0.0799932 0.513756 0.513756 0.513756 0.513756
 0.0727056 0.466951 0.466951 0.466951 0.466951
 0.120894 0.776441 0.776441 0.776441 0.776441
 0.211018 1.35526 1.35526 1.35526 1.35526
 0.220867 1.41852 1.41852 1.41852 1.41852
 0.0921825 0.592042 0.592042 0.592042 0.592042
 0.0678447 0.435733 0.435733 0.435733 0.435733
 0.0492809 0.316507 0.316507 0.316507 0.316507
 0.0446608 0.286834 0.286834 0.286834 0.286834
 0.049829 0.320027 0.320027 0.320027 0.320027
 0.0197791 0.127031 0.127031 0.127031 0.127031
 0.0251606 0.161594 0.161594 0.161594 0.161594
 0.0309355 0.198683 0.198683 0.198683 0.198683
 0.0301631 0.193722 0.193722 0.193722 0.193722
 0.0330954 0.212555 0.212555 0.212555 0.212555
nmprior
 10.6 11 7 0
nm_flota  nm_reclas  nm_pelaces    nm_pelaL
inf 20.4441 19.7303 48.2695
cv_recla  cv_pelaces  cv_mph
0.790926 0.814706 0.92954
 ------------------------------------------------
Talla a la edad & desviación 
 7.2 14.2025 17.0495 18.207 18.6776
 1.08 2.13037 2.55742 2.73105 2.80164
