    unsorted:	 3.165416577e-06 1.277896291e-06 0.0001141166777 0.0008999972053 0.007460069848 0.07596426708 0.5941870663 60.91512097 84.94217596 125.5937475 210.5145026 193.4463403 462.8749115 619.5825597 627.4237660 841.6822949 871.9409781 1092.262775 1191.175567 1514.235869 1355.566067 1665.448528 1887.200247 2150.527518 2466.258944 2619.214426 2878.567310 3293.898217 3805.643893 4049.966794 4440.468516 4594.986929 4941.120880 5448.012762 5375.323942 6252.469535 6445.978501 6899.914388 19422.10693 196428.9913 355916.2411 363590.5253 395731.4644 319078.2762 417502.0744 459363.7173 467002.6982 485732.9290 493816.8524 522493.4272 550759.7666 564217.7019 634819.8750 661037.1575 782615.0719 862348.8815 1007616.349 1052392.159 1275371.940 1605082.754 1830388.797 2116653.327 2230111.879 2664168.942 6983374.337
      sorted:	 1.277896291e-06 3.165416577e-06 0.0001141166777 0.0008999972053 0.007460069848 0.07596426708 0.5941870663 60.91512097 84.94217596 125.5937475 193.4463403 210.5145026 462.8749115 619.5825597 627.4237660 841.6822949 871.9409781 1092.262775 1191.175567 1355.566067 1514.235869 1665.448528 1887.200247 2150.527518 2466.258944 2619.214426 2878.567310 3293.898217 3805.643893 4049.966794 4440.468516 4594.986929 4941.120880 5375.323942 5448.012762 6252.469535 6445.978501 6899.914388 19422.10693 196428.9913 319078.2762 355916.2411 363590.5253 395731.4644 417502.0744 459363.7173 467002.6982 485732.9290 493816.8524 522493.4272 550759.7666 564217.7019 634819.8750 661037.1575 782615.0719 862348.8815 1007616.349 1052392.159 1275371.940 1605082.754 1830388.797 2116653.327 2230111.879 2664168.942 6983374.337
