years
 1997 1998 1999 2000 2001 2002 2003 2004 2005 2006 2007 2008 2009 2010 2011 2012 2013 2014 2015 2016 2017 2018 2019 2020 2021
reclasobs
 0 0 0 370054 412103 1.49427e+06 250295 1.28982e+06 931140 785840 897777 1.04006e+06 184774 17550 25797 100020 73551 82996 120727 218422 84188 347160 605670 569463 516374
reclaspred
 366717 99261.5 295794 222230 342302 409277 911901 617434 703645 652299 516715 346820 213318 99021.3 69876.6 71860.9 90228.4 122480 127340 185980 272158 247899 430490 541614 559679
pelacesobs
 0 0 0 0 0 0 0 0 0 2.06254e+06 1.5e+06 0 1.87456e+06 323000 250000 174000 83755 137374 0 501740 490994 745055 786931 1.00524e+06 1.33801e+06
pelacespred
 990397 235947 439646 498640 659198 659601 1.68525e+06 1.40931e+06 1.42814e+06 1.33499e+06 953905 661294 405234 156751 108872 119878 157200 215993 231845 328177 533160 475295 651025 972899 1.03701e+06
mphobs
 0 0 0 0 0 112323 0 153150 637223 0 255016 313432 73983 77613 109348 50772 0 0 0 0 0 0 0 0 0
mphpred
 650810 385178 465584 559408 622746 1.01162e+06 1.52883e+06 1.82093e+06 1.58454e+06 1.63936e+06 1.56902e+06 1.10909e+06 682862 361296 174588 151458 185262 255896 314717 356770 546573 651109 813092 1.16091e+06 1.50575e+06
desembarqueobs
 350755 77701 442110 56441 14545 235359 269955 359681 431902 328805 639364 411747 362871 311530 167758 66681 60226 58785 57116 73181 50977 67692 138656 160484 209506
desembarquepred
 350759 77699.3 442086 56441.8 14545.1 235393 269981 359674 431919 328814 639530 411965 363162 311929 167783 66690 60243.4 58785.2 57111.4 73178.1 50976.8 67685.7 138653 160484 209502
Reclutas
 47042.2 61213 35851.5 61544.4 106881 75654.9 123337 118578 147779 148336 68034.2 39864.4 43137.3 23465.9 18133.8 22342.2 18224.7 20174 22300.4 42629.6 52877.4 66684.9 109536 126558 42908.5
log_desv_Rt
 -0.1212 0.142115 -0.392859 0.147514 0.69947 0.353938 0.842672 0.803327 1.02347 1.02724 0.247765 -0.286762 -0.207856 -0.816697 -1.07447 -0.865767 -1.06947 -0.967848 -0.867642 -0.219696 -0.00426885 0.227734 0.724008 0.868457 -0.213174
SSB
 650810 385178 465584 559408 622746 1.01162e+06 1.52883e+06 1.82093e+06 1.58454e+06 1.63936e+06 1.56902e+06 1.10909e+06 682862 361296 174588 151458 185262 255896 314717 356770 546573 651109 813092 1.16091e+06 1.50575e+06
BT
 2.05721e+06 554566 1.02962e+06 952769 1.1916e+06 1.36629e+06 3.20151e+06 2.93147e+06 2.95253e+06 2.7076e+06 2.28637e+06 1.5639e+06 1.08338e+06 581488 337847 269838 330877 433825 464498 647510 996144 914737 1.26126e+06 1.87396e+06 2.02779e+06
Ftot
 0.464755 0.402434 0.604783 0.11762 0.0217663 0.207177 0.129869 0.252093 0.278079 0.215728 0.435218 0.402672 0.641327 1.12509 1.06096 0.419829 0.299764 0.204209 0.175283 0.184604 0.083109 0.108793 0.13005 0.125336 0.126794
BD_Bspro_t
 0.942791 0.73551 0.689297 0.556611 0.700888 0.832403 0.80169 0.810168 0.762293 0.73229 0.702013 0.553579 0.43968 0.32889 0.211633 0.225566 0.337598 0.499573 0.606638 0.686591 0.785592 0.850618 0.855297 0.859401 0.857999
BD_Bspro
 0.596728 0.35317 0.426894 0.512922 0.570996 0.927554 1.40179 1.66961 1.45287 1.50313 1.43864 1.01692 0.626117 0.331273 0.16008 0.138872 0.169867 0.234631 0.288564 0.327123 0.501153 0.597002 0.745525 1.06444 1.38063
BD_Bo
 0.517043 0.306009 0.369888 0.444428 0.494747 0.803692 1.2146 1.44666 1.25886 1.30241 1.24652 0.881125 0.542507 0.287036 0.138704 0.120327 0.147184 0.203299 0.25003 0.28344 0.434231 0.51728 0.64597 0.922295 1.19626
BD_Brms
 1.79184 1.06049 1.28187 1.54019 1.71457 2.78523 4.20925 5.01345 4.36263 4.51356 4.31989 3.05358 1.88009 0.994736 0.480684 0.417001 0.510072 0.704543 0.866493 0.982276 1.50485 1.79266 2.23864 3.19626 4.14571
S_f
 0.183404 1 1 1 1
 0.183404 1 1 1 1
 0.183404 1 1 1 1
 0.183404 1 1 1 1
 0.183404 1 1 1 1
 0.183404 1 1 1 1
 0.183404 1 1 1 1
 0.183404 1 1 1 1
 0.183404 1 1 1 1
 0.183404 1 1 1 1
 0.183404 1 1 1 1
 0.183404 1 1 1 1
 0.183404 1 1 1 1
 0.183404 1 1 1 1
 0.183404 1 1 1 1
 0.183404 1 1 1 1
 0.183404 1 1 1 1
 0.183404 1 1 1 1
 0.183404 1 1 1 1
 0.183404 1 1 1 1
 0.183404 1 1 1 1
 0.183404 1 1 1 1
 0.183404 1 1 1 1
 0.183404 1 1 1 1
 0.183404 1 1 1 1
Scru_reclas
 1 1 1 1 1
 1 1 1 1 1
 1 1 1 1 1
 1 1 1 1 1
 1 1 1 1 1
 1 1 1 1 1
 1 1 1 1 1
 1 1 1 1 1
 1 1 1 1 1
 1 1 1 1 1
 1 1 1 1 1
 1 1 1 1 1
 1 1 1 1 1
 1 1 1 1 1
 1 1 1 1 1
 1 1 1 1 1
 1 1 1 1 1
 1 1 1 1 1
 1 1 1 1 1
 1 1 1 1 1
 1 1 1 1 1
 1 1 1 1 1
 1 1 1 1 1
 1 1 1 1 1
 1 1 1 1 1
Scru_pelaces
 1 1 1 1 1
 1 1 1 1 1
 1 1 1 1 1
 1 1 1 1 1
 1 1 1 1 1
 1 1 1 1 1
 1 1 1 1 1
 1 1 1 1 1
 1 1 1 1 1
 1 1 1 1 1
 1 1 1 1 1
 1 1 1 1 1
 1 1 1 1 1
 1 1 1 1 1
 1 1 1 1 1
 1 1 1 1 1
 1 1 1 1 1
 1 1 1 1 1
 1 1 1 1 1
 1 1 1 1 1
 1 1 1 1 1
 1 1 1 1 1
 1 1 1 1 1
 1 1 1 1 1
 1 1 1 1 1
pf_obs 
 0.256992 0.487395 0.22802 0.0275931 0
 0.321318 0.546541 0.124235 0.00734118 0.000564706
 0.182869 0.594174 0.210203 0.0122559 0.00049798
 0.330522 0.361315 0.267642 0.0388342 0.00168674
 0.649043 0.306663 0.0425973 0.00169635 0
 0.582887 0.30429 0.105238 0.00758474 0
 0.465427 0.430635 0.0974691 0.00646863 0
 0.296916 0.608066 0.0921331 0.00288517 0
 0.311714 0.524322 0.152257 0.0117073 0
 0.15457 0.633149 0.183074 0.0267441 0.00246327
 0.131901 0.49318 0.331252 0.0422183 0.00144891
 0.196976 0.569456 0.194076 0.0375587 0.00193317
 0.518974 0.381816 0.0799577 0.0180837 0.00116848
 0.0928022 0.601141 0.25162 0.0475244 0.00691264
 0.122501 0.610282 0.24278 0.0234846 0.000952079
 0.383417 0.481906 0.127806 0.00687128 0
 0.0376549 0.599619 0.316969 0.0457579 0
 0.0361596 0.667082 0.258105 0.0386534 0
 0.158088 0.579412 0.248529 0.0139706 0
 0.0477256 0.309471 0.559284 0.082774 0.000745712
 0.0406174 0.521527 0.379366 0.0568643 0.0016247
 0.151134 0.462217 0.34131 0.0453401 0
 0.294876 0.26143 0.354403 0.0886775 0.000613685
 0.281977 0.475581 0.204845 0.0348837 0.00271318
 0.0354234 0.537034 0.353287 0.0723622 0.0018943
pf_pred 
 0.325344 0.474209 0.179068 0.0213675 1.12138e-05
 0.315431 0.5245 0.112511 0.0424857 0.00507232
 0.176878 0.619222 0.156223 0.0335115 0.0141652
 0.3107 0.420595 0.202143 0.0509984 0.0155639
 0.322846 0.48876 0.114954 0.055248 0.0181923
 0.169778 0.601227 0.165285 0.0388742 0.0248355
 0.265216 0.404904 0.238891 0.0656742 0.0253144
 0.211792 0.533071 0.140594 0.0829496 0.0315937
 0.248492 0.467646 0.191978 0.0506328 0.0412512
 0.220609 0.524067 0.158882 0.0652243 0.0312175
 0.1143 0.558366 0.220101 0.0667284 0.0405042
 0.111014 0.412131 0.300621 0.118501 0.0577333
 0.194221 0.363806 0.204897 0.149458 0.0876174
 0.17176 0.531201 0.134112 0.0755325 0.0873946
 0.246766 0.500516 0.162084 0.0409213 0.0497135
 0.324354 0.507695 0.111601 0.0361402 0.0202091
 0.215744 0.597127 0.140613 0.0309095 0.0156067
 0.227143 0.489285 0.21591 0.0508431 0.0168194
 0.223408 0.495378 0.178033 0.0785616 0.0246199
 0.328922 0.42262 0.158488 0.0569587 0.0330112
 0.266519 0.545928 0.118114 0.0442942 0.0251448
 0.248618 0.505688 0.182869 0.0395644 0.0232599
 0.297965 0.459675 0.163111 0.058985 0.0202642
 0.245163 0.53649 0.142968 0.050731 0.0246481
 0.0804094 0.599855 0.227247 0.0605587 0.0319292
pobs_RECLAS
 0 0 0 0 0
 0 0 0 0 0
 0 0 0 0 0
 0 0 0 0 0
 0.835266 0.146461 0.0176864 0.000547809 3.91292e-05
 0.385257 0.428462 0.181853 0.0044286 0
 0.867414 0.0963971 0.0333333 0.00285562 0
 0.441836 0.489002 0.0689373 0.000224442 0
 0.779404 0.147425 0.0564933 0.0165055 0.000172143
 0.814271 0.122319 0.05973 0.00367925 0
 0.40263 0.566651 0.0304383 0.000280538 0
 0.475488 0.404961 0.113038 0.00651328 0
 0.955842 0.0263864 0.0167828 0.000988607 0
 0.975058 0.0227948 0.00214734 0 0
 0.738997 0.206755 0.0527124 0.00153531 0
 0.850938 0.134255 0.0134407 0.00136685 0
 0.542534 0.407297 0.0501686 0 0
 0.764087 0.199537 0.0359546 0.000420521 0
 0.470689 0.182191 0.310203 0.0369168 0
 0.84361 0.089868 0.0606195 0.00523954 0.000663233
 0.607945 0.314616 0.071237 0.00620181 0
 0.523733 0.453247 0.0230204 0 0
 0.530135 0.295979 0.169645 0.0042399 0
 0.562478 0.366248 0.0663022 0.0049721 0
 0.250443 0.683176 0.0655157 0.000865301 0
ppred_RECLAS
 0.730485 0.18944 0.0715351 0.00853602 4.47977e-06
 0.720415 0.214211 0.0459505 0.0173516 0.00207159
 0.550113 0.338443 0.0853856 0.0183161 0.00774217
 0.71204 0.175707 0.0844466 0.021305 0.00650193
 0.722398 0.200369 0.0471258 0.0226492 0.007458
 0.530046 0.340329 0.0935608 0.022005 0.0140583
 0.664593 0.184827 0.109047 0.0299784 0.0115553
 0.597797 0.272013 0.0717414 0.0423271 0.0161215
 0.646924 0.219711 0.0901957 0.0237884 0.0193807
 0.609677 0.262456 0.079569 0.0326647 0.0156339
 0.419806 0.365768 0.144181 0.0437116 0.026533
 0.411193 0.272969 0.199112 0.0784874 0.0382388
 0.579183 0.189997 0.107007 0.0780542 0.045758
 0.555765 0.284915 0.0719325 0.0405127 0.0468751
 0.66218 0.224478 0.0726934 0.0183529 0.0222961
 0.728873 0.203731 0.0447839 0.0145025 0.0081096
 0.604221 0.301343 0.0709611 0.0155986 0.007876
 0.618415 0.241576 0.106602 0.0251029 0.00830428
 0.612927 0.246909 0.0887361 0.0391571 0.0122712
 0.729691 0.170231 0.0638387 0.0229429 0.0132969
 0.665501 0.248967 0.053865 0.0202001 0.0114671
 0.644666 0.239144 0.0864802 0.0187103 0.0109998
 0.699698 0.19663 0.0697724 0.0252313 0.00866818
 0.640612 0.25543 0.0680691 0.0241537 0.0117353
 0.324293 0.440769 0.166979 0.044498 0.0234613
pobs_PELACES
 0 0 0 0 0
 0 0 0 0 0
 0 0 0 0 0
 0 0 0 0 0
 0 0 0 0 0
 0 0 0 0 0
 0 0 0 0 0
 0 0 0 0 0
 0 0 0 0 0
 0 0 0 0 0
 0.450072 0.473896 0.0757376 0.000293798 0
 0 0 0 0 0
 0.463077 0.371075 0.160297 0.00555027 0
 0.529543 0.364841 0.0842815 0.0213345 0
 0.631943 0.363953 0.00410389 0 0
 0.735681 0.248677 0.0153453 0.000297389 0
 0.695825 0.281241 0.0229344 0 0
 0.275771 0.60734 0.115278 0.00161068 0
 0 0 0 0 0
 0.896147 0.0623911 0.0374545 0.00400742 0
 0.803859 0.145111 0.0509908 3.86294e-05 0
 0.739449 0.233085 0.0266225 0.000797448 4.60066e-05
 0.878498 0.100942 0.0204185 0.000141795 0
 0.694673 0.275183 0.0284847 0.00165964 0
 0.469039 0.446079 0.0841089 0.000773354 0
ppred_PELACES
 0.754419 0.172616 0.0651823 0.00777796 4.08194e-06
 0.741728 0.197882 0.0424477 0.0160289 0.00191367
 0.590033 0.308412 0.0778091 0.0166909 0.00705518
 0.718495 0.171768 0.0825536 0.0208274 0.00635618
 0.723573 0.199521 0.0469264 0.0225533 0.00742644
 0.543926 0.330278 0.0907975 0.0213551 0.0136431
 0.672348 0.180553 0.106525 0.0292852 0.0112881
 0.614017 0.261044 0.0688483 0.0406202 0.0154714
 0.663847 0.209181 0.0858728 0.0226483 0.0184519
 0.62342 0.253215 0.0767675 0.0315146 0.0150834
 0.44861 0.347609 0.137023 0.0415415 0.0252158
 0.437694 0.260683 0.19015 0.0749548 0.0365177
 0.620635 0.171282 0.0964666 0.0703656 0.0412507
 0.628824 0.238058 0.0601024 0.0338499 0.0391659
 0.722907 0.184125 0.0596259 0.0150537 0.0182881
 0.750644 0.187372 0.041188 0.013338 0.00745844
 0.623367 0.286765 0.0675284 0.014844 0.007495
 0.631313 0.23341 0.102998 0.0242544 0.00802358
 0.624072 0.2398 0.0861812 0.0380297 0.0119179
 0.73939 0.164122 0.0615481 0.0221196 0.0128198
 0.670467 0.24527 0.0530652 0.0199001 0.0112968
 0.651352 0.234644 0.0848527 0.0183582 0.0107928
 0.70701 0.191842 0.0680735 0.024617 0.00845712
 0.64835 0.24993 0.0666034 0.0236336 0.0114826
 0.331824 0.435856 0.165118 0.044002 0.0231998
pobs_pel_tallas
 0 0 0 0 0 0 0 0 0 0 0 0 0 0 0 0 0 0 0 0 0 0 0 0 0 0 0 0 0 0 0 0 0 0 0 0
 0 0 0 0 0 0 0 0 0 0 0 0 0 0 0 0 0 0 0 0 0 0 0 0 0 0 0 0 0 0 0 0 0 0 0 0
 0 0 0 0 0 0 0 0 0 0 0 0 0 0 0 0 0 0 0 0 0 0 0 0 0 0 0 0 0 0 0 0 0 0 0 0
 0 0 0 0 0 0 0 0 0 0 0 0 0 0 0 0 0 0 0 0 0 0 0 0 0 0 0 0 0 0 0 0 0 0 0 0
 0 0 0 0 0 0 0 0 0 0 0 0 0 0 0 0 0 0 0 0 0 0 0 0 0 0 0 0 0 0 0 0 0 0 0 0
 0 0 0 0 0 0 0 0 0 0 0 0 0 0 0 0 0 0 0 0 0 0 0 0 0 0 0 0 0 0 0 0 0 0 0 0
 0 0 0 0 0 0 0 0 0 0 0 0 0 0 0 0 0 0 0 0 0 0 0 0 0 0 0 0 0 0 0 0 0 0 0 0
 0 0 0 0 0 0 0 0 0 0 0 0 0 0 0 0 0 0 0 0 0 0 0 0 0 0 0 0 0 0 0 0 0 0 0 0
 0 0 0 0 0 0 0 0 0 0 0 0 0 0 0 0 0 0 0 0 0 0 0 0 0 0 0 0 0 0 0 0 0 0 0 0
 0 0 0 0 0 0 0 0 0 0 0 0 0 0 0 0 0 0 0 0 0 0 0 0 0 0 0 0 0 0 0 0 0 0 0 0
 0 0 0 0 0 0 0 0 1.78061e-05 0.00172719 0.00360574 0.0105946 0.0120993 0.0124554 0.0147524 0.0171206 0.0266825 0.0428682 0.0675386 0.121331 0.153587 0.119568 0.100827 0.0573624 0.0630603 0.0341343 0.0324427 0.0444173 0.0211091 0.0280891 0.0125444 0.00206551 0 0 0 0
 0 0 0 0 0 0 0 0 0 0 0 0 0 0 0 0 0 0 0 0 0 0 0 0 0 0 0 0 0 0 0 0 0 0 0 0
 0 0 0 0 0 0 0.0133647 0.0140871 0.0187388 0.0205184 0.03894 0.0496705 0.03968 0.0493445 0.0407372 0.0367815 0.0215668 0.0243155 0.0234873 0.0199281 0.019796 0.0243948 0.0301388 0.0376714 0.0412746 0.0863199 0.0771752 0.113111 0.0741005 0.0525337 0.0229764 0.00759418 0.00175318 0 0 0
 0 0 0 0 0 0 0 0 0 0 0.00219441 0.00772107 0.0458388 0.0604681 0.0671733 0.0775358 0.0609151 0.0617685 0.073594 0.0568108 0.0755445 0.0548602 0.0670107 0.0636378 0.0643287 0.046367 0.0373049 0.0286899 0.0247887 0.0153202 0.00654259 0.00121912 0.000365735 0 0 0
 0 0 0 0 0 0 0 0 0 0 0 0 0.000112435 0.00938835 0.0111873 0.0202946 0.0414886 0.0713402 0.111592 0.104902 0.108894 0.110636 0.117776 0.105296 0.107544 0.0401394 0.0192827 0.0124803 0.00416011 0.0028671 0.000618394 0 0 0 0 0
 0 0 0 0 0 0 0 0 0 0 0.00291406 0.0102884 0.027416 0.0768956 0.0749926 0.110853 0.0956884 0.0897413 0.0766577 0.0534642 0.0500743 0.0551293 0.0594112 0.0620874 0.0668451 0.0424026 0.0208742 0.0120726 0.0048766 0.00582813 0.00118941 0.000297354 0 0 0 0
 0 0.00264628 0.0354308 0.0461629 0.0458689 0.0383711 0.0214643 0.0164657 0.0346957 0.0420465 0.0363128 0.0245516 0.0311673 0.0291091 0.0169068 0.0133784 0.00837989 0.0085269 0.0148486 0.0160247 0.0276389 0.0546898 0.0760071 0.122758 0.109233 0.0665981 0.0333725 0.0166128 0.00676272 0.00308733 0.000882094 0 0 0 0 0
 0 0 0 0 0 0 0 0.000805153 0.000690131 0.00759144 0.0133425 0.0154129 0.00931677 0.000345066 0.00356568 0.00563607 0.00851162 0.0253048 0.0502646 0.0516448 0.0657925 0.0565908 0.0611916 0.0827007 0.0866115 0.110766 0.145733 0.0935128 0.0569358 0.0249597 0.0138026 0.00621118 0.00161031 0.00115022 0 0
 0 0 0 0 0 0 0 0 0 0 0 0 0 0 0 0 0 0 0 0 0 0 0 0 0 0 0 0 0 0 0 0 0 0 0 0
 0.00147267 0.00158595 0.00478618 0.00569244 0.00954404 0.0108468 0.00647125 0.017049 0.0510054 0.094081 0.124002 0.0959785 0.0687766 0.0820023 0.061753 0.0591476 0.0492212 0.0479892 0.0443925 0.0268479 0.0217502 0.0140895 0.0121071 0.0120363 0.00920419 0.00665534 0.0049561 0.00860946 0.00930331 0.0156896 0.0114698 0.00855282 0.00243557 0.00046729 0 2.83206e-05
 0 0 0 0 0.000772559 0.00158375 0.000888443 0.00281984 0.00712685 0.0440552 0.0773331 0.111326 0.0921469 0.0852325 0.0710754 0.0886704 0.0786465 0.0553345 0.0373146 0.0185414 0.00753245 0.00457741 0.012979 0.0271748 0.0457355 0.0583668 0.034881 0.0177882 0.00938659 0.00492506 0.0015258 0.00185414 0.000309023 5.79419e-05 3.86279e-05 0
 0 0.00173294 0.00326652 0 0.00397197 0.00683976 0.00946217 0.0152591 0.00757587 0.0136028 0.0228656 0.0392903 0.0559909 0.0764795 0.0681675 0.0726916 0.0566044 0.0477403 0.0527397 0.0444891 0.0609904 0.0582453 0.0661739 0.0445044 0.0529084 0.0360697 0.0280645 0.0235558 0.0158879 0.00826598 0.00280645 0.00217768 0.000904811 0.00058276 9.20147e-05 0
 0 0 0 0 0 0 0 0 0 0 0 0 0 0 0 0 0 0 0 0 0 0 0 0 0 0 0 0 0 0 0 0 0 0 0 0
 0 0 0 0 0 0 0 0 0 0 0 0 0 0 0 0 0 0 0 0 0 0 0 0 0 0 0 0 0 0 0 0 0 0 0 0
 0 0 0 0 0 0 0 0 0 0 0 0 0 0 0 0 0 0 0 0 0 0 0 0 0 0 0 0 0 0 0 0 0 0 0 0
ppred_pel_tallas
 1.0125e-16 3.2916e-05 0.000193191 0.000918344 0.00353568 0.0110257 0.02785 0.0569848 0.0944586 0.126855 0.138044 0.121765 0.0871631 0.0508691 0.0246882 0.0108771 0.00584455 0.00536153 0.00683412 0.00911636 0.0117263 0.014358 0.0167228 0.0185494 0.0196318 0.0198719 0.0192978 0.0180473 0.0163267 0.014359 0.0123386 0.0104053 0.00863951 0.0070728 0.00570669 0.00452917
 1.01308e-16 3.23636e-05 0.000189945 0.00090291 0.00347624 0.0108403 0.0273818 0.0560271 0.0928719 0.124727 0.135734 0.119742 0.085747 0.050107 0.024438 0.0109693 0.00617955 0.00591583 0.00762412 0.0101618 0.0130255 0.0158745 0.0183807 0.0202398 0.0212277 0.0212505 0.0203628 0.0187464 0.0166593 0.0143722 0.0121138 0.0100395 0.00822623 0.00668803 0.00540067 0.00432524
 1.02109e-16 2.57535e-05 0.000151128 0.000718345 0.00276558 0.00862414 0.0217841 0.0445745 0.0738925 0.0992515 0.108047 0.0954056 0.0685127 0.0404251 0.0204427 0.0104096 0.0075947 0.00874572 0.0118399 0.0159129 0.0204331 0.0249291 0.0289006 0.0318726 0.0334921 0.0336068 0.0322949 0.0298323 0.0266147 0.0230596 0.0195221 0.0162463 0.013357 0.010883 0.0087943 0.00703752
 1.02241e-16 3.13495e-05 0.000183994 0.000874622 0.00336734 0.0105007 0.026524 0.0542717 0.0899616 0.120817 0.131476 0.115977 0.083034 0.0484874 0.0235856 0.0104843 0.00577089 0.00542584 0.00698627 0.0093661 0.0121082 0.0149184 0.0175144 0.0196262 0.0210422 0.0216514 0.0214613 0.0205831 0.0191936 0.0174872 0.015635 0.013762 0.0119442 0.0102202 0.00860809 0.00711927
 1.01854e-16 3.1572e-05 0.000185298 0.000880814 0.00339117 0.010575 0.0267117 0.054656 0.0905994 0.121676 0.132415 0.116818 0.0836634 0.0489092 0.0238911 0.0107877 0.00616852 0.00598645 0.007753 0.0103542 0.0132968 0.0162428 0.0188646 0.0208562 0.0219905 0.0221688 0.0214392 0.0199754 0.0180261 0.0158521 0.013673 0.0116368 0.00981636 0.00822529 0.00684326 0.00563888
 1.02768e-16 2.37439e-05 0.000139328 0.000662242 0.00254957 0.00795049 0.0200825 0.0410932 0.0681229 0.0915063 0.0996274 0.0879983 0.0632536 0.0374433 0.0191596 0.0101249 0.00784462 0.00933837 0.012747 0.0171678 0.022074 0.0269737 0.0313345 0.0346483 0.0365348 0.0368254 0.0355949 0.0331278 0.0298353 0.0261519 0.0224475 0.0189759 0.0158682 0.013157 0.0108164 0.00879893
 1.03105e-16 2.93377e-05 0.000172182 0.000818465 0.00315111 0.00982643 0.0248208 0.0507869 0.084186 0.113063 0.123043 0.108552 0.0777481 0.0454617 0.0222286 0.0100786 0.00583195 0.00574004 0.00750671 0.0101166 0.013133 0.0162612 0.0192089 0.0216908 0.0234776 0.0244388 0.0245628 0.0239427 0.0227394 0.0211341 0.0192893 0.0173271 0.0153281 0.0133426 0.011407 0.00955547
 1.03182e-16 2.67973e-05 0.000157261 0.00074751 0.00287789 0.00897439 0.0226687 0.0463842 0.0768907 0.103273 0.112412 0.0992258 0.0711833 0.0418545 0.0208957 0.0102002 0.00690176 0.00760063 0.0101948 0.0137105 0.0176552 0.0216263 0.0252051 0.0279932 0.0296912 0.0301627 0.0294594 0.0277933 0.0254716 0.0228174 0.0201016 0.0175058 0.0151194 0.0129612 0.0110122 0.00924466
 1.02928e-16 2.89681e-05 0.00017001 0.000808131 0.00311132 0.00970232 0.0245073 0.0501458 0.083124 0.111639 0.1215 0.107207 0.0768197 0.0449889 0.0221274 0.0102506 0.0062293 0.00636706 0.00839196 0.011283 0.0145754 0.0179324 0.0210157 0.0235006 0.025136 0.0257955 0.0254985 0.0243904 0.0226947 0.0206527 0.0184721 0.0162991 0.014216 0.0122564 0.0104285 0.00873376
 1.0296e-16 2.7207e-05 0.000159667 0.000758951 0.00292194 0.00911176 0.0230157 0.0470941 0.0780671 0.104852 0.114128 0.100734 0.072251 0.0424536 0.0211417 0.0102324 0.00681108 0.00742242 0.0099324 0.0133573 0.0172077 0.0210901 0.0245964 0.0273379 0.0290203 0.0295068 0.0288426 0.0272287 0.0249604 0.0223505 0.0196638 0.0170814 0.0146964 0.0125348 0.0105849 0.00882488
 1.04664e-16 1.95885e-05 0.00011493 0.000546248 0.00210295 0.00655774 0.0165646 0.0338954 0.0561931 0.0754892 0.0822089 0.072661 0.0523337 0.0311901 0.0163504 0.00927633 0.00795381 0.00996165 0.0137849 0.0186674 0.0241255 0.0296672 0.0347417 0.0388122 0.0414631 0.0424876 0.0419219 0.0400132 0.037138 0.0337019 0.0300537 0.0264383 0.0229922 0.0197695 0.01678 0.014022
 1.07066e-16 1.9109e-05 0.000112123 0.000532921 0.00205167 0.00639783 0.0161606 0.0330681 0.0548196 0.0736379 0.0801766 0.0708262 0.0509287 0.0301862 0.0155222 0.00833705 0.00664515 0.00807824 0.0111793 0.015268 0.0199696 0.0249317 0.0297538 0.034027 0.0374072 0.0396772 0.0407741 0.0407731 0.0398393 0.0381681 0.0359375 0.0332854 0.0303135 0.0271054 0.0237478 0.0203421
 1.05771e-16 2.70822e-05 0.000158942 0.000755521 0.00290877 0.0090707 0.0229119 0.0468811 0.0777118 0.104368 0.113583 0.100212 0.0717855 0.0419976 0.0205779 0.00940567 0.00555343 0.00557008 0.00734658 0.00995677 0.0130082 0.0162384 0.0193844 0.0221864 0.0244297 0.0259842 0.0268193 0.0269904 0.0266049 0.0257811 0.0246168 0.0231765 0.0214977 0.0196072 0.0175404 0.0153517
 1.03924e-16 2.7442e-05 0.000161048 0.00076552 0.00294724 0.00919066 0.023215 0.0475017 0.0787423 0.105758 0.115109 0.10159 0.0728425 0.0427564 0.0212094 0.0101271 0.0065618 0.00702281 0.00935753 0.0125818 0.0162198 0.0199014 0.023248 0.0259002 0.0275879 0.0281876 0.0277438 0.0264436 0.0245569 0.0223642 0.020096 0.0179009 0.0158452 0.0139348 0.0121468 0.0104568
 1.02279e-16 3.15423e-05 0.000185125 0.000879997 0.00338803 0.0105652 0.026687 0.0546053 0.0905149 0.121561 0.132287 0.116698 0.0835605 0.0488158 0.0237838 0.0106362 0.00594103 0.00565334 0.00729032 0.00974937 0.0125556 0.0153951 0.0179663 0.0199854 0.0212375 0.021622 0.0211698 0.0200252 0.018401 0.0165228 0.0145821 0.0127099 0.0109741 0.00939408 0.00796227 0.00666386
 1.01453e-16 3.27519e-05 0.000192226 0.000913755 0.003518 0.0109706 0.0277108 0.0567001 0.0939871 0.126223 0.137359 0.121168 0.0867526 0.0506625 0.0246489 0.0109623 0.00603363 0.00565619 0.00724545 0.00965074 0.0123751 0.0150916 0.0174897 0.0192816 0.0202552 0.020321 0.0195292 0.0180498 0.0161243 0.0140055 0.0119066 0.00997143 0.0082706 0.00681591 0.0055843 0.00454009
 1.01913e-16 2.72061e-05 0.000159659 0.000758904 0.00292175 0.00911115 0.0230142 0.0470913 0.0780634 0.10485 0.114132 0.100756 0.0723043 0.0425608 0.0213351 0.0105565 0.00732116 0.00817898 0.0109899 0.0147484 0.018926 0.0230761 0.0267317 0.0294518 0.0309103 0.0309684 0.0297027 0.027374 0.0243543 0.021035 0.0177481 0.0147203 0.0120658 0.00980799 0.00791471 0.00633195
 1.02747e-16 2.75505e-05 0.000161685 0.000768549 0.00295891 0.00922703 0.0233068 0.0476896 0.0790537 0.106176 0.115563 0.101989 0.0731259 0.0429169 0.0212786 0.0101444 0.00655559 0.00700982 0.00934991 0.0125935 0.0162693 0.0200114 0.0234415 0.0261945 0.0279866 0.0286733 0.0282737 0.0269498 0.0249529 0.0225572 0.0200027 0.0174625 0.0150391 0.01278 0.0107012 0.00880802
 1.03166e-16 2.72349e-05 0.000159832 0.000759738 0.00292498 0.00912123 0.0230396 0.0471429 0.0781477 0.104959 0.114241 0.100827 0.072303 0.0424542 0.0210866 0.0101149 0.00661712 0.00713291 0.00952886 0.0128294 0.0165603 0.0203489 0.0238095 0.0265723 0.0283531 0.0290129 0.0285812 0.0272327 0.025231 0.022858 0.0203547 0.0178884 0.0155499 0.013372 0.011357 0.0094996
 1.02287e-16 3.22603e-05 0.000189342 0.000900048 0.00346524 0.010806 0.0272951 0.0558494 0.0925765 0.124327 0.135292 0.119335 0.0854195 0.0498425 0.0241735 0.0106233 0.00567187 0.00517561 0.00659589 0.00881624 0.0113743 0.0139828 0.0163723 0.0182884 0.0195363 0.0200196 0.0197567 0.0188654 0.0175237 0.0159227 0.0142256 0.0125457 0.0109448 0.00944573 0.0080509 0.00675802
 1.02045e-16 2.92582e-05 0.00017171 0.000816206 0.00314239 0.00979923 0.0247522 0.050647 0.0839557 0.112759 0.122726 0.108305 0.077642 0.045542 0.0225314 0.0106564 0.00676503 0.00712619 0.00943566 0.012637 0.0162186 0.0197861 0.0229398 0.0253043 0.0266026 0.0267173 0.0257139 0.0238134 0.0213299 0.018592 0.0158759 0.0133672 0.0111558 0.00925588 0.00763672 0.00625235
 1.02417e-16 2.84243e-05 0.000166815 0.000792938 0.00305281 0.00951986 0.0240465 0.0492031 0.0815622 0.109544 0.119227 0.105218 0.0754294 0.0442458 0.0218941 0.010364 0.00659654 0.00697212 0.00925961 0.0124421 0.0160336 0.0196607 0.0229417 0.0255122 0.0270944 0.0275552 0.0269303 0.0254015 0.0232403 0.0207381 0.018146 0.0156409 0.0133203 0.0112198 0.00933827 0.00766207
 1.0227e-16 3.08495e-05 0.000181057 0.000860654 0.00331355 0.010333 0.0261003 0.053405 0.0885256 0.11889 0.129384 0.114144 0.0817483 0.0477898 0.0233452 0.0105446 0.00603809 0.005875 0.00762941 0.0102203 0.0131746 0.0161706 0.0188946 0.0210494 0.0224079 0.0228606 0.0224342 0.0212729 0.0195933 0.0176271 0.0155726 0.0135686 0.0116905 0.0099652 0.00839286 0.00696546
 1.02376e-16 2.8294e-05 0.000166049 0.000789291 0.00303876 0.00947606 0.0239359 0.0489768 0.0811876 0.109042 0.118684 0.104747 0.0751097 0.0440938 0.0218847 0.0104681 0.00680431 0.00729208 0.00970726 0.0130272 0.0167497 0.020479 0.0238096 0.0263575 0.0278357 0.0281164 0.0272548 0.0254634 0.0230489 0.0203349 0.017595 0.0150159 0.0126919 0.010645 0.00885504 0.00728796
 1.05082e-16 1.44997e-05 8.50466e-05 0.000404158 0.00155584 0.00485157 0.0122551 0.0250785 0.0415816 0.0558771 0.0608954 0.0539284 0.0390714 0.0237473 0.0132941 0.00887804 0.00909478 0.0122172 0.0171389 0.0232392 0.0300089 0.0368507 0.043075 0.048008 0.0511308 0.0521901 0.0512417 0.0486093 0.0447821 0.0402857 0.0355734 0.0309641 0.0266358 0.0226562 0.0190316 0.0157484
pSPR Fmed_Fpbrs
0.688982   0.338555 0.338555
Fs Fmed_Fpbrs
0.237473   1.005 1.005
SSBpbr Bo_Bmed_Bpbrs
1.25872e+06  804296  363208 363208
Ro
53103.6
SPR SPRFo_SPRFmed_SPRFpbrs
1.09063e+06 751424 369238
log_Ro
10.7
likeval ReclasPelacesDesembMPH_pf_preclas_ppelaces_ptallas_desvR_qrecl_qpela
 65.3588 28.8053 0.0140033 0.00127029 315.452 197.786 77.8675 0 15.6928 7.32648e-05 0 0 0 0 0
q_reclas_q_pelaces
0.297329 1
M
0.7
N
 47042.2 14748.9 5569.37 664.573 0.348773
 61213 21451.8 4601.63 1737.64 207.455
 35851.5 28234.7 7123.31 1528.03 645.892
 61544.4 15934.2 7658.14 1932.06 589.635
 106881 29909.8 7034.63 3380.92 1113.28
 75654.9 52864 14533 3418.08 2183.7
 123337 36168.4 21339.2 5866.41 2261.23
 118578 59805.6 15773.3 9306.16 3544.52
 147779 56223.6 23080.9 6087.42 4959.5
 148336 69735.8 21141.9 8679.18 4154
 68034.2 70803.9 27910 8461.52 5136.16
 39864.4 31192.9 22753 8968.94 4369.64
 43137.3 18386.8 10355.5 7553.6 4428.18
 23465.9 19044.3 4808.11 2707.95 3133.22
 18133.8 9480.16 3069.99 775.081 941.613
 22342.2 7412.67 1629.45 527.67 295.065
 18224.7 10272.6 2419.02 531.747 268.488
 20174 8566 3779.97 890.118 294.46
 22300.4 9649.87 3468.05 1530.37 479.591
 42629.6 10723.7 4021.53 1445.29 837.638
 52877.4 20464.5 4427.57 1660.4 942.569
 66684.9 25860.9 9351.92 2023.32 1189.51
 109536 32460.6 11518.3 4165.3 1430.98
 126558 53111.9 14153.7 5022.31 2440.13
 42908.5 61418.7 23267.7 6200.56 3269.21
pred_Ctot
 2777.85 4048.9 1528.92 182.44 0.0957462
 3145.57 5230.48 1121.99 423.68 50.5827
 2724.35 9537.48 2406.2 516.156 218.178
 945.746 1280.26 615.307 155.235 47.3753
 306.307 463.72 109.065 52.4176 17.2603
 2033.04 7199.49 1979.23 465.505 297.396
 2090.59 3191.69 1883.08 517.683 199.543
 3863.33 9723.86 2564.6 1513.1 576.308
 5299.93 9974.14 4094.58 1079.92 879.82
 4147.84 9853.37 2987.26 1226.33 586.943
 3771 18421.7 7261.6 2201.51 1336.32
 2049.69 7609.35 5550.48 2187.93 1065.95
 3466 6492.35 3656.51 2667.17 1563.59
 3184.11 9847.46 2486.19 1400.23 1620.13
 2331.99 4729.97 1531.72 386.714 469.802
 1196.07 1872.14 411.533 133.268 74.5216
 703.354 1946.71 458.418 100.769 50.88
 534.488 1151.33 508.056 119.639 39.5776
 508.316 1127.12 405.074 178.749 56.017
 1022.61 1313.91 492.734 177.083 102.631
 575.749 1179.34 255.155 95.6867 54.3191
 948.508 1929.26 697.666 150.943 88.7392
 1859.24 2868.27 1017.78 368.053 126.444
 2071.09 4532.17 1207.77 428.566 208.223
 710.273 5298.65 2007.32 534.928 282.037
F
 0.0852381 0.464755 0.464755 0.464755 0.464755
 0.0738082 0.402434 0.402434 0.402434 0.402434
 0.11092 0.604783 0.604783 0.604783 0.604783
 0.0215721 0.11762 0.11762 0.11762 0.11762
 0.00399204 0.0217663 0.0217663 0.0217663 0.0217663
 0.0379972 0.207177 0.207177 0.207177 0.207177
 0.0238184 0.129869 0.129869 0.129869 0.129869
 0.0462349 0.252093 0.252093 0.252093 0.252093
 0.051001 0.278079 0.278079 0.278079 0.278079
 0.0395655 0.215728 0.215728 0.215728 0.215728
 0.0798208 0.435218 0.435218 0.435218 0.435218
 0.0738517 0.402672 0.402672 0.402672 0.402672
 0.117622 0.641327 0.641327 0.641327 0.641327
 0.206347 1.12509 1.12509 1.12509 1.12509
 0.194585 1.06096 1.06096 1.06096 1.06096
 0.0769984 0.419829 0.419829 0.419829 0.419829
 0.054978 0.299764 0.299764 0.299764 0.299764
 0.0374528 0.204209 0.204209 0.204209 0.204209
 0.0321476 0.175283 0.175283 0.175283 0.175283
 0.0338573 0.184604 0.184604 0.184604 0.184604
 0.0152426 0.083109 0.083109 0.083109 0.083109
 0.0199531 0.108793 0.108793 0.108793 0.108793
 0.0238517 0.13005 0.13005 0.13005 0.13005
 0.0229872 0.125336 0.125336 0.125336 0.125336
 0.0232546 0.126794 0.126794 0.126794 0.126794
nmprior
 10.6 11 7 0
nm_flota  nm_reclas  nm_pelaces    nm_pelaL
inf 14.2121 20.6757 51.2977
cv_recla  cv_pelaces  cv_mph
0.731269 0.608567 1.15635
 ------------------------------------------------
Talla a la edad & desviación 
 7.2 14.2025 17.0495 18.207 18.6776
 1.08 2.13037 2.55742 2.73105 2.80164
