years
 1997 1998 1999 2000 2001 2002 2003 2004 2005 2006 2007 2008 2009 2010 2011 2012 2013 2014 2015 2016 2017 2018 2019 2020 2021
reclasobs
 0 0 0 370054 412103 1.49427e+06 250295 1.28982e+06 931140 785840 897777 1.04006e+06 184774 17550 25797 100020 73551 82996 120727 218422 84188 347160 605670 569463 516374
reclaspred
 2.20206e+06 382844 844368 394360 412437 498986 1.04556e+06 744120 962603 1.16352e+06 1.15412e+06 815180 480884 222383 141165 133060 151684 211600 229430 311745 507960 485124 770816 919077 1.02149e+06
pelacesobs
 0 0 0 0 0 0 0 0 0 2.06254e+06 1.5e+06 0 1.87456e+06 323000 250000 174000 83755 137374 0 501740 490994 745055 786931 1.00524e+06 1.33801e+06
pelacespred
 1.26166e+06 454488 288410 288366 253767 229447 530907 474080 547998 686126 596807 438964 258259 97348.1 60390.6 64503.4 76685.2 107964 123153 161879 287323 291559 350238 491025 546121
mphobs
 0 0 0 0 0 112323 0 153150 637223 0 255016 313432 73983 77613 109348 50772 0 0 0 0 0 0 0 0 0
mphpred
 1.63494e+06 802861 539677 462931 330204 445602 624702 816067 735693 969535 1.14439e+06 849517 533655 287530 133979 112439 121296 160592 202312 224341 371274 466195 537188 731246 915702
desembarqueobs
 350755 77701 442110 56441 14545 235359 269955 359681 431902 328805 639364 411747 362871 311530 167758 66681 60226 58785 57116 73181 50977 67692 138656 160484 209506
desembarquepred
 350805 77709.7 442294 56498.6 14563.3 235499 269793 359346 431674 328892 639153 411287 362581 311861 167817 66695.5 60283.1 58851.9 57142.5 73187.8 50986.1 67681.8 138692 160661 209719
Reclutas
 54736.4 40370.1 17531.3 20958.2 47813.8 42569.6 76733.5 69674.3 129957 150748 76155 42487.8 46623.3 26920.2 19248.3 16274.4 13482.3 15944 15121.5 33441.2 42345.5 42333.4 74580.6 84111.2 27597.9
log_desv_Rt
 0.330285 0.0258444 -0.808257 -0.629714 0.19507 0.0788945 0.668094 0.571586 1.19496 1.34336 0.660526 0.0769729 0.169856 -0.379368 -0.714823 -0.882649 -1.07087 -0.903162 -0.956125 -0.162456 0.0736173 0.0733306 0.639635 0.759895 -0.354504
SSB
 1.63494e+06 802861 539677 462931 330204 445602 624702 816067 735693 969535 1.14439e+06 849517 533655 287530 133979 112439 121296 160592 202312 224341 371274 466195 537188 731246 915702
BT
 3.36703e+06 989770 877757 636858 591763 645988 1.63236e+06 1.45863e+06 1.8486e+06 1.95635e+06 1.84597e+06 1.28294e+06 925135 504425 291870 200473 228251 296732 304690 445909 723566 643195 844489 1.20555e+06 1.25612e+06
Ftot
 0.154695 0.196547 0.494991 0.13924 0.0345406 0.448457 0.249413 0.459642 0.42891 0.272833 0.522974 0.477894 0.701252 1.22807 1.07096 0.476186 0.380516 0.268323 0.24052 0.227222 0.0978523 0.135644 0.174544 0.169659 0.198699
BD_Bspro_t
 0.977003 0.853264 0.727966 0.523083 0.577836 0.709048 0.632583 0.653157 0.593388 0.605686 0.614286 0.465895 0.360065 0.261826 0.157328 0.16026 0.225535 0.352262 0.464812 0.551662 0.689066 0.782439 0.780371 0.778772 0.769644
BD_Bspro
 2.02354 0.993691 0.66795 0.572963 0.408689 0.551515 0.773185 1.01003 0.910557 1.19998 1.4164 1.05144 0.660498 0.355872 0.165823 0.139164 0.150127 0.198763 0.250399 0.277664 0.459521 0.577003 0.664871 0.905054 1.13335
BD_Bo
 1.57695 0.774386 0.520536 0.446512 0.318493 0.429797 0.602546 0.787123 0.7096 0.935148 1.1038 0.819387 0.514728 0.277332 0.129227 0.108451 0.116994 0.154897 0.195137 0.216385 0.358106 0.44966 0.518135 0.705311 0.883225
BD_Brms
 7.66992 3.76643 2.53176 2.17173 1.54907 2.09043 2.93064 3.82838 3.45133 4.54834 5.36863 3.98531 2.50352 1.34888 0.628528 0.52748 0.569033 0.75338 0.949099 1.05244 1.74174 2.18704 2.52009 3.43047 4.2958
S_f
 0.5 1 1 1 1
 0.5 1 1 1 1
 0.5 1 1 1 1
 0.5 1 1 1 1
 0.5 1 1 1 1
 0.5 1 1 1 1
 0.5 1 1 1 1
 0.5 1 1 1 1
 0.5 1 1 1 1
 0.5 1 1 1 1
 0.5 1 1 1 1
 0.5 1 1 1 1
 0.5 1 1 1 1
 0.5 1 1 1 1
 0.5 1 1 1 1
 0.5 1 1 1 1
 0.5 1 1 1 1
 0.5 1 1 1 1
 0.5 1 1 1 1
 0.5 1 1 1 1
 0.5 1 1 1 1
 0.5 1 1 1 1
 0.5 1 1 1 1
 0.5 1 1 1 1
 0.5 1 1 1 1
Scru_reclas
 0.5 1 1 1 1
 0.5 1 1 1 1
 0.5 1 1 1 1
 0.5 1 1 1 1
 0.5 1 1 1 1
 0.5 1 1 1 1
 0.5 1 1 1 1
 0.5 1 1 1 1
 0.5 1 1 1 1
 0.5 1 1 1 1
 0.5 1 1 1 1
 0.5 1 1 1 1
 0.5 1 1 1 1
 0.5 1 1 1 1
 0.5 1 1 1 1
 0.5 1 1 1 1
 0.5 1 1 1 1
 0.5 1 1 1 1
 0.5 1 1 1 1
 0.5 1 1 1 1
 0.5 1 1 1 1
 0.5 1 1 1 1
 0.5 1 1 1 1
 0.5 1 1 1 1
 0.5 1 1 1 1
Scru_pelaces
 0.5 1 1 1 1
 0.5 1 1 1 1
 0.5 1 1 1 1
 0.5 1 1 1 1
 0.5 1 1 1 1
 0.5 1 1 1 1
 0.5 1 1 1 1
 0.5 1 1 1 1
 0.5 1 1 1 1
 0.5 1 1 1 1
 0.5 1 1 1 1
 0.5 1 1 1 1
 0.5 1 1 1 1
 0.5 1 1 1 1
 0.5 1 1 1 1
 0.5 1 1 1 1
 0.5 1 1 1 1
 0.5 1 1 1 1
 0.5 1 1 1 1
 0.5 1 1 1 1
 0.5 1 1 1 1
 0.5 1 1 1 1
 0.5 1 1 1 1
 0.5 1 1 1 1
 0.5 1 1 1 1
pf_obs 
 0.256992 0.487395 0.22802 0.0275931 0
 0.321318 0.546541 0.124235 0.00734118 0.000564706
 0.182869 0.594174 0.210203 0.0122559 0.00049798
 0.330522 0.361315 0.267642 0.0388342 0.00168674
 0.649043 0.306663 0.0425973 0.00169635 0
 0.582887 0.30429 0.105238 0.00758474 0
 0.465427 0.430635 0.0974691 0.00646863 0
 0.296916 0.608066 0.0921331 0.00288517 0
 0.311714 0.524322 0.152257 0.0117073 0
 0.15457 0.633149 0.183074 0.0267441 0.00246327
 0.131901 0.49318 0.331252 0.0422183 0.00144891
 0.196976 0.569456 0.194076 0.0375587 0.00193317
 0.518974 0.381816 0.0799577 0.0180837 0.00116848
 0.0928022 0.601141 0.25162 0.0475244 0.00691264
 0.122501 0.610282 0.24278 0.0234846 0.000952079
 0.383417 0.481906 0.127806 0.00687128 0
 0.0376549 0.599619 0.316969 0.0457579 0
 0.0361596 0.667082 0.258105 0.0386534 0
 0.158088 0.579412 0.248529 0.0139706 0
 0.0477256 0.309471 0.559284 0.082774 0.000745712
 0.0406174 0.521527 0.379366 0.0568643 0.0016247
 0.151134 0.462217 0.34131 0.0453401 0
 0.294876 0.26143 0.354403 0.0886775 0.000613685
 0.281977 0.475581 0.204845 0.0348837 0.00271318
 0.0354234 0.537034 0.353287 0.0723622 0.0018943
pf_pred 
 0.378544 0.31285 0.155357 0.0771479 0.0761013
 0.319141 0.381303 0.150801 0.0748856 0.0738697
 0.210095 0.393258 0.222135 0.0878519 0.0866601
 0.377032 0.237281 0.192016 0.108462 0.085209
 0.58037 0.23388 0.0707499 0.0572532 0.0577466
 0.424335 0.423894 0.0845895 0.0255887 0.041593
 0.600295 0.250607 0.109789 0.0219088 0.0174002
 0.465135 0.408305 0.0793509 0.0347631 0.0124466
 0.632312 0.244706 0.0938818 0.0182452 0.010855
 0.549689 0.358373 0.0611866 0.0234744 0.00727625
 0.320097 0.493135 0.148637 0.0253774 0.0127539
 0.296561 0.36822 0.243135 0.0732836 0.0188002
 0.442897 0.274315 0.148027 0.0977421 0.0370184
 0.407081 0.392746 0.0985642 0.0531877 0.0484208
 0.521623 0.320021 0.104894 0.0263244 0.0271375
 0.547017 0.340875 0.0749976 0.0245822 0.0125289
 0.457336 0.398992 0.108115 0.0237869 0.0117705
 0.498974 0.327207 0.1278 0.0346299 0.0113893
 0.439726 0.382482 0.116112 0.0453506 0.0163302
 0.62311 0.236341 0.0959489 0.0291276 0.0154732
 0.532045 0.364618 0.0648003 0.0263075 0.0122287
 0.432608 0.397388 0.132463 0.0235414 0.0139999
 0.547209 0.277602 0.122698 0.0408995 0.0115913
 0.479774 0.373269 0.0900981 0.0398227 0.0170363
 0.198374 0.528552 0.195934 0.0472939 0.0298462
pobs_RECLAS
 0 0 0 0 0
 0 0 0 0 0
 0 0 0 0 0
 0 0 0 0 0
 0.835266 0.146461 0.0176864 0.000547809 3.91292e-05
 0.385257 0.428462 0.181853 0.0044286 0
 0.867414 0.0963971 0.0333333 0.00285562 0
 0.441836 0.489002 0.0689373 0.000224442 0
 0.779404 0.147425 0.0564933 0.0165055 0.000172143
 0.814271 0.122319 0.05973 0.00367925 0
 0.40263 0.566651 0.0304383 0.000280538 0
 0.475488 0.404961 0.113038 0.00651328 0
 0.955842 0.0263864 0.0167828 0.000988607 0
 0.975058 0.0227948 0.00214734 0 0
 0.738997 0.206755 0.0527124 0.00153531 0
 0.850938 0.134255 0.0134407 0.00136685 0
 0.542534 0.407297 0.0501686 0 0
 0.764087 0.199537 0.0359546 0.000420521 0
 0.470689 0.182191 0.310203 0.0369168 0
 0.84361 0.089868 0.0606195 0.00523954 0.000663233
 0.607945 0.314616 0.071237 0.00620181 0
 0.523733 0.453247 0.0230204 0 0
 0.530135 0.295979 0.169645 0.0042399 0
 0.562478 0.366248 0.0663022 0.0049721 0
 0.250443 0.683176 0.0655157 0.000865301 0
ppred_RECLAS
 0.379769 0.312233 0.155051 0.0769958 0.0759513
 0.320633 0.380467 0.150471 0.0747215 0.0737078
 0.213715 0.391456 0.221117 0.0874493 0.0862629
 0.378117 0.236868 0.191681 0.108273 0.0850605
 0.580622 0.23374 0.0707074 0.0572188 0.0577119
 0.428988 0.420468 0.0839057 0.0253819 0.0412567
 0.602476 0.249239 0.10919 0.0217893 0.0173052
 0.470026 0.404571 0.0786252 0.0344452 0.0123328
 0.636474 0.241936 0.0928191 0.0180387 0.0107321
 0.552199 0.356376 0.0608456 0.0233435 0.00723569
 0.325196 0.489436 0.147522 0.025187 0.0126583
 0.300895 0.365952 0.241637 0.0728321 0.0186844
 0.451533 0.270063 0.145733 0.0962268 0.0364445
 0.426383 0.379961 0.0953555 0.0514562 0.0468445
 0.537718 0.309254 0.101365 0.0254387 0.0262244
 0.552113 0.337039 0.0741538 0.0243056 0.0123879
 0.461154 0.396184 0.107354 0.0236195 0.0116876
 0.501459 0.325584 0.127166 0.0344581 0.0113328
 0.441873 0.381016 0.115667 0.0451768 0.0162676
 0.625019 0.235143 0.0954628 0.0289801 0.0153948
 0.532823 0.364012 0.0646927 0.0262638 0.0122084
 0.433709 0.396617 0.132206 0.0234958 0.0139727
 0.548689 0.276695 0.122297 0.0407658 0.0115534
 0.481218 0.372233 0.0898482 0.0397122 0.0169891
 0.199481 0.527822 0.195664 0.0472286 0.029805
pobs_PELACES
 0 0 0 0 0
 0 0 0 0 0
 0 0 0 0 0
 0 0 0 0 0
 0 0 0 0 0
 0 0 0 0 0
 0 0 0 0 0
 0 0 0 0 0
 0 0 0 0 0
 0 0 0 0 0
 0.450072 0.473896 0.0757376 0.000293798 0
 0 0 0 0 0
 0.463077 0.371075 0.160297 0.00555027 0
 0.529543 0.364841 0.0842815 0.0213345 0
 0.631943 0.363953 0.00410389 0 0
 0.735681 0.248677 0.0153453 0.000297389 0
 0.695825 0.281241 0.0229344 0 0
 0.275771 0.60734 0.115278 0.00161068 0
 0 0 0 0 0
 0.896147 0.0623911 0.0374545 0.00400742 0
 0.803859 0.145111 0.0509908 3.86294e-05 0
 0.739449 0.233085 0.0266225 0.000797448 4.60066e-05
 0.878498 0.100942 0.0204185 0.000141795 0
 0.694673 0.275183 0.0284847 0.00165964 0
 0.469039 0.446079 0.0841089 0.000773354 0
ppred_PELACES
 0.385799 0.309198 0.153543 0.0762472 0.0752128
 0.327738 0.376488 0.148897 0.0739401 0.072937
 0.22776 0.384463 0.217167 0.0858872 0.0847221
 0.383534 0.234805 0.190012 0.10733 0.0843196
 0.582009 0.232967 0.0704736 0.0570296 0.057521
 0.447201 0.407056 0.0812294 0.0245723 0.0399408
 0.612289 0.243087 0.106495 0.0212514 0.016878
 0.488952 0.390123 0.0758174 0.0332151 0.0118923
 0.652686 0.231147 0.0886799 0.0172343 0.0102535
 0.563303 0.347539 0.0593368 0.0227647 0.00705627
 0.34441 0.475501 0.143321 0.0244699 0.0122978
 0.317738 0.357135 0.235815 0.0710775 0.0182342
 0.480318 0.255889 0.138084 0.0911767 0.0345319
 0.476519 0.346751 0.0870211 0.0469588 0.0427501
 0.581241 0.280139 0.0918217 0.0230437 0.0237555
 0.571453 0.322486 0.0709517 0.023256 0.011853
 0.476789 0.384689 0.104239 0.0229342 0.0113485
 0.512525 0.318357 0.124343 0.0336933 0.0110812
 0.451682 0.37432 0.113634 0.0443829 0.0159817
 0.633764 0.229659 0.0932365 0.0283042 0.0150358
 0.536839 0.360883 0.0641365 0.0260379 0.0121035
 0.439214 0.392761 0.130921 0.0232674 0.0138369
 0.55581 0.272329 0.120367 0.0401225 0.0113711
 0.488209 0.367216 0.0886373 0.039177 0.0167601
 0.204768 0.524336 0.194372 0.0469167 0.0296081
pobs_pel_tallas
 0 0 0 0 0 0 0 0 0 0 0 0 0 0 0 0 0 0 0 0 0 0 0 0 0 0 0 0 0 0 0 0 0 0 0 0
 0 0 0 0 0 0 0 0 0 0 0 0 0 0 0 0 0 0 0 0 0 0 0 0 0 0 0 0 0 0 0 0 0 0 0 0
 0 0 0 0 0 0 0 0 0 0 0 0 0 0 0 0 0 0 0 0 0 0 0 0 0 0 0 0 0 0 0 0 0 0 0 0
 0 0 0 0 0 0 0 0 0 0 0 0 0 0 0 0 0 0 0 0 0 0 0 0 0 0 0 0 0 0 0 0 0 0 0 0
 0 0 0 0 0 0 0 0 0 0 0 0 0 0 0 0 0 0 0 0 0 0 0 0 0 0 0 0 0 0 0 0 0 0 0 0
 0 0 0 0 0 0 0 0 0 0 0 0 0 0 0 0 0 0 0 0 0 0 0 0 0 0 0 0 0 0 0 0 0 0 0 0
 0 0 0 0 0 0 0 0 0 0 0 0 0 0 0 0 0 0 0 0 0 0 0 0 0 0 0 0 0 0 0 0 0 0 0 0
 0 0 0 0 0 0 0 0 0 0 0 0 0 0 0 0 0 0 0 0 0 0 0 0 0 0 0 0 0 0 0 0 0 0 0 0
 0 0 0 0 0 0 0 0 0 0 0 0 0 0 0 0 0 0 0 0 0 0 0 0 0 0 0 0 0 0 0 0 0 0 0 0
 0 0 0 0 0 0 0 0 0 0 0 0 0 0 0 0 0 0 0 0 0 0 0 0 0 0 0 0 0 0 0 0 0 0 0 0
 0 0 0 0 0 0 0 0 1.78061e-05 0.00172719 0.00360574 0.0105946 0.0120993 0.0124554 0.0147524 0.0171206 0.0266825 0.0428682 0.0675386 0.121331 0.153587 0.119568 0.100827 0.0573624 0.0630603 0.0341343 0.0324427 0.0444173 0.0211091 0.0280891 0.0125444 0.00206551 0 0 0 0
 0 0 0 0 0 0 0 0 0 0 0 0 0 0 0 0 0 0 0 0 0 0 0 0 0 0 0 0 0 0 0 0 0 0 0 0
 0 0 0 0 0 0 0.0133647 0.0140871 0.0187388 0.0205184 0.03894 0.0496705 0.03968 0.0493445 0.0407372 0.0367815 0.0215668 0.0243155 0.0234873 0.0199281 0.019796 0.0243948 0.0301388 0.0376714 0.0412746 0.0863199 0.0771752 0.113111 0.0741005 0.0525337 0.0229764 0.00759418 0.00175318 0 0 0
 0 0 0 0 0 0 0 0 0 0 0.00219441 0.00772107 0.0458388 0.0604681 0.0671733 0.0775358 0.0609151 0.0617685 0.073594 0.0568108 0.0755445 0.0548602 0.0670107 0.0636378 0.0643287 0.046367 0.0373049 0.0286899 0.0247887 0.0153202 0.00654259 0.00121912 0.000365735 0 0 0
 0 0 0 0 0 0 0 0 0 0 0 0 0.000112435 0.00938835 0.0111873 0.0202946 0.0414886 0.0713402 0.111592 0.104902 0.108894 0.110636 0.117776 0.105296 0.107544 0.0401394 0.0192827 0.0124803 0.00416011 0.0028671 0.000618394 0 0 0 0 0
 0 0 0 0 0 0 0 0 0 0 0.00291406 0.0102884 0.027416 0.0768956 0.0749926 0.110853 0.0956884 0.0897413 0.0766577 0.0534642 0.0500743 0.0551293 0.0594112 0.0620874 0.0668451 0.0424026 0.0208742 0.0120726 0.0048766 0.00582813 0.00118941 0.000297354 0 0 0 0
 0 0.00264628 0.0354308 0.0461629 0.0458689 0.0383711 0.0214643 0.0164657 0.0346957 0.0420465 0.0363128 0.0245516 0.0311673 0.0291091 0.0169068 0.0133784 0.00837989 0.0085269 0.0148486 0.0160247 0.0276389 0.0546898 0.0760071 0.122758 0.109233 0.0665981 0.0333725 0.0166128 0.00676272 0.00308733 0.000882094 0 0 0 0 0
 0 0 0 0 0 0 0 0.000805153 0.000690131 0.00759144 0.0133425 0.0154129 0.00931677 0.000345066 0.00356568 0.00563607 0.00851162 0.0253048 0.0502646 0.0516448 0.0657925 0.0565908 0.0611916 0.0827007 0.0866115 0.110766 0.145733 0.0935128 0.0569358 0.0249597 0.0138026 0.00621118 0.00161031 0.00115022 0 0
 0 0 0 0 0 0 0 0 0 0 0 0 0 0 0 0 0 0 0 0 0 0 0 0 0 0 0 0 0 0 0 0 0 0 0 0
 0.00147267 0.00158595 0.00478618 0.00569244 0.00954404 0.0108468 0.00647125 0.017049 0.0510054 0.094081 0.124002 0.0959785 0.0687766 0.0820023 0.061753 0.0591476 0.0492212 0.0479892 0.0443925 0.0268479 0.0217502 0.0140895 0.0121071 0.0120363 0.00920419 0.00665534 0.0049561 0.00860946 0.00930331 0.0156896 0.0114698 0.00855282 0.00243557 0.00046729 0 2.83206e-05
 0 0 0 0 0.000772559 0.00158375 0.000888443 0.00281984 0.00712685 0.0440552 0.0773331 0.111326 0.0921469 0.0852325 0.0710754 0.0886704 0.0786465 0.0553345 0.0373146 0.0185414 0.00753245 0.00457741 0.012979 0.0271748 0.0457355 0.0583668 0.034881 0.0177882 0.00938659 0.00492506 0.0015258 0.00185414 0.000309023 5.79419e-05 3.86279e-05 0
 0 0.00173294 0.00326652 0 0.00397197 0.00683976 0.00946217 0.0152591 0.00757587 0.0136028 0.0228656 0.0392903 0.0559909 0.0764795 0.0681675 0.0726916 0.0566044 0.0477403 0.0527397 0.0444891 0.0609904 0.0582453 0.0661739 0.0445044 0.0529084 0.0360697 0.0280645 0.0235558 0.0158879 0.00826598 0.00280645 0.00217768 0.000904811 0.00058276 9.20147e-05 0
 0 0 0 0 0 0 0 0 0 0 0 0 0 0 0 0 0 0 0 0 0 0 0 0 0 0 0 0 0 0 0 0 0 0 0 0
 0 0 0 0 0 0 0 0 0 0 0 0 0 0 0 0 0 0 0 0 0 0 0 0 0 0 0 0 0 0 0 0 0 0 0 0
 0 0 0 0 0 0 0 0 0 0 0 0 0 0 0 0 0 0 0 0 0 0 0 0 0 0 0 0 0 0 0 0 0 0 0 0
ppred_pel_tallas
 1.08415e-16 1.6848e-05 9.88449e-05 0.000469784 0.00180856 0.0056397 0.0142457 0.0291504 0.0483273 0.0649242 0.0707082 0.0625074 0.0450456 0.0268974 0.0141956 0.00821021 0.00722611 0.00918088 0.0127932 0.0174337 0.0227044 0.028194 0.0334323 0.0379496 0.0413678 0.0434733 0.0442464 0.043834 0.042484 0.0404645 0.038 0.0352404 0.0322679 0.0291244 0.0258467 0.0224908
 1.08185e-16 1.43189e-05 8.39912e-05 0.000399154 0.00153659 0.00479157 0.0121034 0.0247678 0.041065 0.0551782 0.0601217 0.0532145 0.0384921 0.0232715 0.012807 0.00822949 0.00813373 0.0108048 0.0151592 0.0206191 0.0267462 0.0330406 0.0389239 0.0438253 0.0472978 0.049109 0.0492766 0.0480319 0.0457344 0.0427658 0.0394443 0.0359811 0.032483 0.0289868 0.025504 0.022056
 1.10118e-16 9.95991e-06 5.83988e-05 0.000277483 0.00106812 0.00333066 0.00841334 0.0172176 0.028551 0.0383761 0.0418475 0.037119 0.027022 0.0166827 0.00980817 0.00725319 0.00811423 0.0112626 0.0159792 0.0218472 0.0284855 0.0354097 0.042037 0.0477776 0.0521511 0.054878 0.0559183 0.0554401 0.0537407 0.0511493 0.0479482 0.044336 0.0404326 0.0363116 0.0320403 0.0277056
 1.10402e-16 1.67462e-05 9.82544e-05 0.000466992 0.00179784 0.00560627 0.0141612 0.0289769 0.0480377 0.0645293 0.0702627 0.0620768 0.0446557 0.0265056 0.0137006 0.00747802 0.00611117 0.00754137 0.0105106 0.0144427 0.0190279 0.0239726 0.0289352 0.0335572 0.0375249 0.0406208 0.0427467 0.0439093 0.0441817 0.0436569 0.042415 0.0405139 0.038002 0.0349405 0.0314253 0.0275935
 1.05724e-16 2.54004e-05 0.000149063 0.000708541 0.00272786 0.00850653 0.0214869 0.043966 0.0728817 0.0978878 0.106547 0.0940434 0.067453 0.0396363 0.0197432 0.00956573 0.0063866 0.00698662 0.00938352 0.0126729 0.0164155 0.020264 0.0238572 0.0268475 0.0289671 0.0300828 0.0302153 0.0295158 0.0282094 0.0265293 0.0246622 0.0227225 0.0207566 0.0187669 0.0167431 0.0146868
 1.03997e-16 1.95293e-05 0.000114578 0.000544561 0.00209644 0.00653741 0.0165133 0.0337909 0.0560214 0.0752633 0.0819756 0.0724847 0.0522717 0.0312828 0.0166343 0.00980343 0.00879949 0.0112147 0.015525 0.0209349 0.026892 0.0328126 0.0380489 0.0419834 0.0441609 0.0443913 0.0427865 0.0397157 0.0356994 0.0312789 0.0269048 0.0228749 0.0193265 0.0162712 0.0136486 0.0113762
 1.0311e-16 2.67214e-05 0.000156816 0.000745401 0.00286978 0.00894908 0.0226048 0.0462532 0.0766732 0.10298 0.112089 0.0989333 0.0709568 0.041688 0.0207517 0.0100311 0.00666489 0.00726297 0.00973522 0.0131241 0.0169594 0.0208658 0.0244512 0.0273364 0.0292269 0.0299729 0.0295946 0.0282599 0.0262291 0.0237853 0.0211749 0.0185745 0.016087 0.0137582 0.0116028 0.00962509
 1.02901e-16 2.13492e-05 0.000125264 0.000595365 0.00229205 0.00714743 0.0180542 0.0369434 0.0612463 0.0822777 0.0896018 0.0791955 0.0570404 0.0339949 0.0178177 0.0100975 0.00863131 0.0107664 0.0148308 0.0199724 0.0256312 0.0312375 0.0361655 0.0398204 0.0417646 0.0418167 0.0400882 0.0369402 0.0328822 0.0284459 0.0240777 0.0200768 0.0165865 0.013626 0.0111403 0.00904814
 1.02406e-16 2.84823e-05 0.000167156 0.000794559 0.00305905 0.00953933 0.0240957 0.0493036 0.0817288 0.109767 0.119469 0.105429 0.0755768 0.0443233 0.021916 0.0103471 0.00655012 0.00689747 0.00915405 0.0123033 0.0158623 0.0194627 0.0227283 0.025299 0.0268991 0.0273948 0.0268176 0.0253425 0.0232335 0.0207752 0.0182139 0.0157244 0.0134052 0.0112946 0.00939602 0.00769985
 1.02068e-16 2.45895e-05 0.000144291 0.000685833 0.00264039 0.00823372 0.020798 0.0425571 0.0705497 0.0947662 0.103177 0.091134 0.0655085 0.0387795 0.0198449 0.0104868 0.00811872 0.00964839 0.0131416 0.0176516 0.0226187 0.0275185 0.0317888 0.0348994 0.0364632 0.0363252 0.0345945 0.0316057 0.0278264 0.0237444 0.0197687 0.0161734 0.0130887 0.0105286 0.00843643 0.00672844
 1.03605e-16 1.50501e-05 8.82743e-05 0.000419495 0.00161488 0.00503567 0.0127201 0.0260303 0.0431604 0.0580002 0.0632134 0.055991 0.0405871 0.0247104 0.0139072 0.00939289 0.00971302 0.0130723 0.0183108 0.0247609 0.031859 0.0389415 0.0452483 0.0500451 0.0527794 0.0532022 0.0514155 0.0478241 0.0430181 0.0376251 0.0321831 0.0270672 0.0224772 0.0184722 0.0150249 0.0120739
 1.06759e-16 1.38824e-05 8.14295e-05 0.000386978 0.00148972 0.00464538 0.0117342 0.0240121 0.0398121 0.0534948 0.0582876 0.0515915 0.0373192 0.0225653 0.0124254 0.00799969 0.00793169 0.0105685 0.0148733 0.0203024 0.0264484 0.0328404 0.038922 0.0441289 0.0479972 0.0502518 0.0508458 0.0499351 0.0478092 0.0448019 0.0412173 0.0372905 0.033186 0.0290196 0.0248871 0.0208837
 1.0679e-16 2.09673e-05 0.000123034 0.000584791 0.00225139 0.00702065 0.0177338 0.0362869 0.0601544 0.0808006 0.0879662 0.0776856 0.0558135 0.0329854 0.0167829 0.00872274 0.00660347 0.00780507 0.0107138 0.0145804 0.019007 0.0236383 0.0280817 0.031945 0.0349085 0.0367853 0.037546 0.0372982 0.0362338 0.0345648 0.0324726 0.0300838 0.0274753 0.0246961 0.0217943 0.0188339
 1.0496e-16 2.08052e-05 0.000122074 0.000580212 0.00223372 0.00696555 0.0175947 0.036003 0.0596864 0.0801794 0.0873099 0.0771534 0.055534 0.0330262 0.0171813 0.00953692 0.00793746 0.00979571 0.0134923 0.018223 0.0234862 0.0287851 0.0335731 0.0373257 0.0396484 0.0403632 0.0395395 0.0374574 0.034521 0.0311515 0.0276982 0.0243902 0.0213338 0.0185433 0.0159859 0.0136217
 1.03297e-16 2.5369e-05 0.000148873 0.000707631 0.00272434 0.00849553 0.0214592 0.0439096 0.0727896 0.0977683 0.106428 0.0939641 0.0674526 0.0397496 0.0200098 0.0100419 0.00714988 0.00812856 0.0109925 0.01481 0.0190882 0.0234031 0.027305 0.0303626 0.0322487 0.0328094 0.0320921 0.0303167 0.0278084 0.0249128 0.0219238 0.0190437 0.0163787 0.0139605 0.0117791 0.00981217
 1.02466e-16 2.49439e-05 0.000146374 0.00069574 0.00267854 0.0083527 0.0210985 0.0431718 0.0715679 0.0961314 0.104656 0.0924248 0.0664015 0.0392384 0.0199517 0.0103377 0.00776172 0.00908102 0.012337 0.016586 0.0212922 0.0259682 0.0300932 0.0331738 0.0348451 0.0349529 0.0335838 0.0310306 0.027709 0.0240548 0.0204354 0.0170991 0.0141675 0.0116616 0.00954184 0.00774684
 1.02924e-16 2.08187e-05 0.000122149 0.00058056 0.00223505 0.00696967 0.0176051 0.0360247 0.0597234 0.0802325 0.0873763 0.0772326 0.0556358 0.0331764 0.0174233 0.00993039 0.00855455 0.0107148 0.0147862 0.0199413 0.0256346 0.0313076 0.0363421 0.0401459 0.0422764 0.0425387 0.041023 0.038065 0.034149 0.0297872 0.025416 0.0213361 0.0177032 0.0145564 0.0118643 0.00956859
 1.03545e-16 2.23743e-05 0.000131288 0.00062402 0.0024024 0.00749158 0.0189234 0.0387214 0.0641913 0.0862262 0.0938818 0.0829306 0.0596267 0.0353285 0.018138 0.009686 0.00763155 0.00917705 0.0125812 0.0170019 0.0219475 0.026953 0.0315088 0.0351205 0.0374072 0.0381817 0.0374824 0.0355442 0.0327234 0.0294045 0.0259205 0.0225078 0.0193006 0.0163529 0.0136732 0.0112547
 1.04007e-16 1.97234e-05 0.00011572 0.000549998 0.00211738 0.00660274 0.0166783 0.0341282 0.0565797 0.0760104 0.0827815 0.0731788 0.0527322 0.0314785 0.0165939 0.00955774 0.00834842 0.0105297 0.0145696 0.0196887 0.0253702 0.0310797 0.0362214 0.0402205 0.0426417 0.0432836 0.0422149 0.0397366 0.0362907 0.0323456 0.0282997 0.0244269 0.02087 0.0176701 0.0148104 0.0122565
 1.03074e-16 2.76572e-05 0.000162312 0.000771529 0.00297038 0.00926282 0.0233972 0.0478746 0.0793601 0.106587 0.116009 0.10238 0.0733996 0.0430643 0.0213271 0.0101264 0.0064893 0.00689787 0.0091859 0.0123688 0.0159778 0.0196529 0.0230236 0.0257337 0.0275072 0.028206 0.0278518 0.0266056 0.0247144 0.0224446 0.0200263 0.0176218 0.015323 0.0131677 0.0111651 0.00931651
 1.02489e-16 2.34361e-05 0.000137518 0.000653632 0.0025164 0.00784707 0.0198213 0.040559 0.0672382 0.0903208 0.0983443 0.086883 0.062491 0.0370701 0.0191119 0.0103291 0.0082709 0.0100011 0.0136789 0.0183924 0.0235837 0.0287154 0.0332061 0.036506 0.0382126 0.0381625 0.0364653 0.0334624 0.0296331 0.0254763 0.0214102 0.0177141 0.0145198 0.0118414 0.00962204 0.00777911
 1.03433e-16 1.91806e-05 0.000112532 0.000534835 0.00205899 0.00642064 0.0162183 0.0331873 0.0550207 0.0739187 0.0805105 0.0711881 0.0513343 0.0307174 0.0163269 0.00961442 0.00862752 0.0110064 0.0152621 0.0206248 0.0265645 0.0325202 0.037863 0.0419848 0.0444247 0.0449687 0.0436889 0.0409055 0.0370904 0.0327484 0.0283135 0.02409 0.0202438 0.0168296 0.0138358 0.0112247
 1.03708e-16 2.42598e-05 0.000142362 0.000676677 0.00260516 0.00812389 0.0205205 0.0419888 0.0696057 0.0934927 0.101776 0.0898618 0.064519 0.0380439 0.0191948 0.00970725 0.00701038 0.00804768 0.0109291 0.0147713 0.0191076 0.023533 0.0276123 0.0309216 0.0331297 0.0340658 0.0337469 0.0323542 0.0301712 0.0275067 0.0246294 0.0217321 0.0189281 0.0162706 0.0137804 0.0114698
 1.03508e-16 2.13159e-05 0.00012507 0.00059445 0.00228854 0.00713647 0.0180264 0.0368866 0.0611514 0.0821484 0.0894563 0.0790556 0.0569153 0.0338715 0.0176644 0.00987237 0.00828924 0.0102637 0.0141314 0.0190565 0.0245062 0.029947 0.0347926 0.038482 0.040597 0.0409546 0.0396419 0.0369765 0.033414 0.0294326 0.0254347 0.0216919 0.0183381 0.0153989 0.0128379 0.010599
 1.05926e-16 8.96309e-06 5.25335e-05 0.000249569 0.000960601 0.00299531 0.00756646 0.0154859 0.0256845 0.0345388 0.0377042 0.0335414 0.024629 0.015624 0.00992325 0.00836837 0.0102157 0.0144916 0.0205355 0.0278785 0.0359923 0.0441771 0.0516063 0.0574699 0.0611457 0.0623326 0.0611028 0.0578525 0.053177 0.0477153 0.0420176 0.0364707 0.0312885 0.0265501 0.022258 0.0183895
pSPR Fmed_Fpbrs
0.596075   0.255602 0.255602
Fs Fmed_Fpbrs
0.283627   1.005 1.005
SSBpbr Bo_Bmed_Bpbrs
1.03677e+06  566155  213162 213162
Ro
39340.1
SPR SPRFo_SPRFmed_SPRFpbrs
807959 481604 206516
log_Ro
10.4
likeval ReclasPelacesDesembMPH_pf_preclas_ppelaces_ptallas_desvR_qrecl_qpela
 112.213 82.8648 0.0641846 0.00071298 346.785 207.691 81.9314 0 15.473 0 0 0 0 0 0
q_reclas_q_pelaces
1 1
M
0.7
N
 54736.4 23388.5 11614.4 5767.53 5689.29
 40370.1 25158.2 9949.77 4940.91 4873.88
 17531.3 18170.8 10263.9 4059.27 4004.2
 20958.2 6797.08 5500.42 3106.96 2440.87
 47813.8 9707.62 2936.6 2376.4 2396.88
 42569.6 23337.1 4657 1408.76 2289.86
 76733.5 16893.2 7400.79 1476.85 1172.93
 69674.3 33637.2 6537.13 2863.87 1025.38
 129957 27495.2 10548.6 2050.03 1219.66
 150748 52078.2 8891.53 3411.25 1057.37
 76155 65313.1 19686.1 3361.09 1689.19
 42487.8 29115.9 19225.1 5794.68 1486.57
 46623.3 16614.4 8965.56 5919.93 2242.09
 26920.2 16305 4091.94 2208.11 2010.21
 19248.3 7234.37 2371.23 595.087 613.467
 16274.4 5595.38 1231.07 403.511 205.659
 13482.3 6369.39 1725.91 379.727 187.9
 15944 5535.14 2161.9 585.81 192.664
 15121.5 6923.5 2101.8 820.915 295.602
 33441.2 6658.27 2703.11 820.594 435.916
 42345.5 14823 2634.35 1069.49 497.14
 42333.4 20024.1 6674.71 1186.24 705.444
 74580.6 19643.6 8682.34 2894.12 820.223
 84111.2 33940.5 8192.42 3620.99 1549.07
 27597.9 38371.3 14224.3 3433.4 2166.75
pred_Ctot
 2943.09 2432.33 1207.86 599.806 591.669
 2732.9 3265.22 1291.36 641.269 632.57
 2803.89 5248.34 2964.57 1172.45 1156.55
 1017.73 640.497 518.312 292.773 230.006
 589.345 237.497 71.8441 58.1386 58.6397
 6229.38 6222.91 1241.8 375.651 610.599
 6516.73 2720.56 1191.86 237.84 188.894
 10425.3 9151.53 1778.53 779.161 278.971
 18263.8 7068.13 2711.7 526.998 313.537
 13934.1 9084.42 1551.02 595.052 184.446
 12792.8 19708.4 5940.32 1014.22 509.716
 6584.37 8175.38 5398.18 1627.07 417.41
 10118.1 6266.83 3381.74 2232.95 845.699
 9198.96 8875.03 2227.29 1201.9 1094.18
 5917.43 3630.4 1189.95 298.631 307.854
 2513.95 1566.58 344.671 112.974 57.5797
 1698.39 1481.71 401.5 88.336 43.7113
 1450.8 951.381 371.588 100.689 33.1152
 1240.82 1079.28 327.643 127.97 46.0805
 2599.81 986.088 400.329 121.53 64.559
 1458.22 999.34 177.604 72.1031 33.5164
 2004.2 1841.03 613.677 109.063 64.859
 4505.1 2285.46 1010.16 336.72 95.4299
 4943.87 3846.38 928.423 410.356 175.552
 1887.84 5030.02 1864.63 450.077 284.034
F
 0.0773474 0.154695 0.154695 0.154695 0.154695
 0.0982736 0.196547 0.196547 0.196547 0.196547
 0.247495 0.494991 0.494991 0.494991 0.494991
 0.0696198 0.13924 0.13924 0.13924 0.13924
 0.0172703 0.0345406 0.0345406 0.0345406 0.0345406
 0.224229 0.448457 0.448457 0.448457 0.448457
 0.124707 0.249413 0.249413 0.249413 0.249413
 0.229821 0.459642 0.459642 0.459642 0.459642
 0.214455 0.42891 0.42891 0.42891 0.42891
 0.136416 0.272833 0.272833 0.272833 0.272833
 0.261487 0.522974 0.522974 0.522974 0.522974
 0.238947 0.477894 0.477894 0.477894 0.477894
 0.350626 0.701252 0.701252 0.701252 0.701252
 0.614033 1.22807 1.22807 1.22807 1.22807
 0.53548 1.07096 1.07096 1.07096 1.07096
 0.238093 0.476186 0.476186 0.476186 0.476186
 0.190258 0.380516 0.380516 0.380516 0.380516
 0.134162 0.268323 0.268323 0.268323 0.268323
 0.12026 0.24052 0.24052 0.24052 0.24052
 0.113611 0.227222 0.227222 0.227222 0.227222
 0.0489262 0.0978523 0.0978523 0.0978523 0.0978523
 0.0678222 0.135644 0.135644 0.135644 0.135644
 0.0872719 0.174544 0.174544 0.174544 0.174544
 0.0848296 0.169659 0.169659 0.169659 0.169659
 0.0993493 0.198699 0.198699 0.198699 0.198699
nmprior
 10.6 11 7 0
nm_flota  nm_reclas  nm_pelaces    nm_pelaL
inf 14.508 12.0014 25.2929
cv_recla  cv_pelaces  cv_mph
0.958179 1.03218 0.866317
 ------------------------------------------------
Talla a la edad & desviación 
 7.2 14.2025 17.0495 18.207 18.6776
 1.08 2.13037 2.55742 2.73105 2.80164
