years
 1997 1998 1999 2000 2001 2002 2003 2004 2005 2006 2007 2008 2009 2010 2011 2012 2013 2014 2015 2016 2017 2018 2019 2020 2021
reclasobs
 0 0 0 370054 412103 1.49427e+06 250295 1.28982e+06 931140 785840 897777 1.04006e+06 184774 17550 25797 100020 73551 82996 120727 218422 84188 347160 605670 569463 516374
reclaspred
 784717 133718 180877 114506 256510 265885 590044 464383 648325 956835 802726 525599 337944 147246 91412.1 86717.4 99393.1 120600 108808 179719 288575 255345 439484 515092 407957
pelacesobs
 0 0 0 0 0 0 0 0 0 2.06254e+06 1.5e+06 0 1.87456e+06 323000 250000 174000 83755 137374 0 501740 490994 745055 786931 1.00524e+06 1.33801e+06
pelacespred
 751580 213792 98254.8 123909 253226 205237 604536 489751 676688 993564 759949 517419 336986 117926 72066.2 73847.8 88627.5 110171 101002 162151 295553 255329 346101 479242 385258
mphobs
 0 0 0 0 0 112323 0 153150 637223 0 255016 313432 73983 77613 109348 50772 0 0 0 0 0 0 0 0 0
mphpred
 339934 142348 87759.4 44147.2 63428 139387 170148 210446 216129 300718 448333 322734 188634 104002 44708.1 34715.3 39862.3 49482.2 54357.5 54997.4 101727 129024 153734 218364 249772
desembarqueobs
 350755 77701 442110 56441 14545 235359 269955 359681 431902 328805 639364 411747 362871 311530 167758 66681 60226 58785 57116 73181 50977 67692 138656 160484 209506
desembarquepred
 350736 77670.4 441571 56423.4 14544.5 235301 269915 359332 431607 328624 638851 411521 362510 311247 167499 66647.6 60218.2 58757.7 57084.6 73135.5 50967.9 67663.2 138606 160433 209441
Reclutas
 16409.1 32494.2 5105.4 25401.3 56685.7 25118.5 58893.7 74835 111937 195578 61229.1 30918.4 49777.3 22103.1 14770.7 16153.2 11242.2 11273.7 10197.1 29400.9 33419.4 37439.1 68122.1 61589.2 4362.92
log_desv_Rt
 -0.574409 0.108817 -1.74195 -0.137443 0.665277 -0.148639 0.70349 0.943041 1.34569 1.90371 0.742377 0.0591066 0.535314 -0.276526 -0.679598 -0.590127 -0.952571 -0.949768 -1.05014 0.00878049 0.136893 0.25047 0.849058 0.748242 -1.8991
SSB
 967281 405050 249719 125620 180484 396626 484154 598821 614994 855692 1.27573e+06 918338 536758 295936 127217 98782 113428 140801 154674 156495 289465 367137 437450 621354 710724
BT
 1.57612e+06 538220 408982 283114 465273 550638 1.27284e+06 1.27027e+06 1.60346e+06 2.08564e+06 1.91673e+06 1.29686e+06 960765 508860 269028 187076 207468 244621 230430 350259 569657 521210 715726 988859 863100
Ftot
 0.274074 0.46224 1.32364 0.587725 0.0745385 0.568459 0.458614 0.832473 0.787118 0.416724 0.530457 0.487561 0.858545 1.45446 1.59257 0.690151 0.517389 0.395703 0.377769 0.450049 0.157236 0.198463 0.251465 0.24077 0.283038
BD_Bspro_t
 0.959271 0.74096 0.539751 0.236306 0.441782 0.683894 0.572944 0.583347 0.552287 0.58444 0.645816 0.490717 0.365875 0.273735 0.158082 0.154982 0.230197 0.346917 0.425137 0.487189 0.659081 0.759764 0.759085 0.764618 0.739243
BD_Bspro
 1.61604 0.676718 0.417206 0.209874 0.301535 0.662643 0.808877 1.00045 1.02747 1.42961 2.13136 1.53427 0.896763 0.494421 0.212541 0.165035 0.189504 0.235237 0.258414 0.261456 0.48361 0.613377 0.730848 1.0381 1.18741
BD_Bo
 1.06385 0.445491 0.274651 0.138162 0.198504 0.436225 0.532492 0.658608 0.676395 0.941124 1.4031 1.01002 0.590348 0.325482 0.139918 0.108644 0.124752 0.154859 0.170117 0.172119 0.318365 0.403792 0.481125 0.68339 0.781682
BD_Brms
 3.53566 1.48056 0.912786 0.459175 0.659715 1.44977 1.76971 2.18885 2.24796 3.12777 4.66311 3.35676 1.96199 1.08172 0.465009 0.361074 0.414608 0.514664 0.565373 0.572028 1.05807 1.34198 1.59899 2.27121 2.59788
S_f
 0.143734 1 1 1 1
 0.143734 1 1 1 1
 0.143734 1 1 1 1
 0.143734 1 1 1 1
 0.143734 1 1 1 1
 0.143734 1 1 1 1
 0.143734 1 1 1 1
 0.143734 1 1 1 1
 0.143734 1 1 1 1
 0.143734 1 1 1 1
 0.143734 1 1 1 1
 0.143734 1 1 1 1
 0.143734 1 1 1 1
 0.143734 1 1 1 1
 0.143734 1 1 1 1
 0.143734 1 1 1 1
 0.143734 1 1 1 1
 0.143734 1 1 1 1
 0.143734 1 1 1 1
 0.143734 1 1 1 1
 0.143734 1 1 1 1
 0.143734 1 1 1 1
 0.143734 1 1 1 1
 0.143734 1 1 1 1
 0.143734 1 1 1 1
Scru_reclas
 0.997822 1 1 1 1
 0.997822 1 1 1 1
 0.997822 1 1 1 1
 0.997822 1 1 1 1
 0.997822 1 1 1 1
 0.997822 1 1 1 1
 0.997822 1 1 1 1
 0.997822 1 1 1 1
 0.997822 1 1 1 1
 0.997822 1 1 1 1
 0.997822 1 1 1 1
 0.997822 1 1 1 1
 0.997822 1 1 1 1
 0.997822 1 1 1 1
 0.997822 1 1 1 1
 0.997822 1 1 1 1
 0.997822 1 1 1 1
 0.997822 1 1 1 1
 0.997822 1 1 1 1
 0.997822 1 1 1 1
 0.997822 1 1 1 1
 0.997822 1 1 1 1
 0.997822 1 1 1 1
 0.997822 1 1 1 1
 0.997822 1 1 1 1
Scru_pelaces
 1 1 1 1 1
 1 1 1 1 1
 1 1 1 1 1
 1 1 1 1 1
 1 1 1 1 1
 1 1 1 1 1
 1 1 1 1 1
 1 1 1 1 1
 1 1 1 1 1
 1 1 1 1 1
 1 1 1 1 1
 1 1 1 1 1
 1 1 1 1 1
 1 1 1 1 1
 1 1 1 1 1
 1 1 1 1 1
 1 1 1 1 1
 1 1 1 1 1
 1 1 1 1 1
 1 1 1 1 1
 1 1 1 1 1
 1 1 1 1 1
 1 1 1 1 1
 1 1 1 1 1
 1 1 1 1 1
pf_obs 
 0.256992 0.487395 0.22802 0.0275931 0
 0.321318 0.546541 0.124235 0.00734118 0.000564706
 0.182869 0.594174 0.210203 0.0122559 0.00049798
 0.330522 0.361315 0.267642 0.0388342 0.00168674
 0.649043 0.306663 0.0425973 0.00169635 0
 0.582887 0.30429 0.105238 0.00758474 0
 0.465427 0.430635 0.0974691 0.00646863 0
 0.296916 0.608066 0.0921331 0.00288517 0
 0.311714 0.524322 0.152257 0.0117073 0
 0.15457 0.633149 0.183074 0.0267441 0.00246327
 0.131901 0.49318 0.331252 0.0422183 0.00144891
 0.196976 0.569456 0.194076 0.0375587 0.00193317
 0.518974 0.381816 0.0799577 0.0180837 0.00116848
 0.0928022 0.601141 0.25162 0.0475244 0.00691264
 0.122501 0.610282 0.24278 0.0234846 0.000952079
 0.383417 0.481906 0.127806 0.00687128 0
 0.0376549 0.599619 0.316969 0.0457579 0
 0.0361596 0.667082 0.258105 0.0386534 0
 0.158088 0.579412 0.248529 0.0139706 0
 0.0477256 0.309471 0.559284 0.082774 0.000745712
 0.0406174 0.521527 0.379366 0.0568643 0.0016247
 0.151134 0.462217 0.34131 0.0453401 0
 0.294876 0.26143 0.354403 0.0886775 0.000613685
 0.281977 0.475581 0.204845 0.0348837 0.00271318
 0.0354234 0.537034 0.353287 0.0723622 0.0018943
pf_pred 
 0.0653491 0.617906 0.279182 0.0375582 4.7999e-06
 0.201085 0.285517 0.339412 0.153353 0.0206332
 0.0490721 0.653969 0.106127 0.12616 0.0646711
 0.473765 0.220693 0.210126 0.0340997 0.0613159
 0.392459 0.542955 0.0270861 0.0257893 0.0117106
 0.115585 0.728108 0.13969 0.00696867 0.00964788
 0.322201 0.370843 0.252706 0.0484827 0.00576715
 0.296943 0.56658 0.0746706 0.0508834 0.0109234
 0.344215 0.536394 0.0962146 0.0126803 0.0104958
 0.357504 0.54286 0.0814969 0.0146183 0.00352126
 0.0876821 0.753828 0.133912 0.0201035 0.00447464
 0.0804591 0.428085 0.406079 0.0721367 0.01324
 0.227001 0.337658 0.20267 0.192251 0.0404201
 0.150323 0.645833 0.0890423 0.0534451 0.0613568
 0.223677 0.564879 0.160717 0.0221583 0.0285686
 0.295066 0.581682 0.0896824 0.025516 0.00805361
 0.177305 0.662181 0.13245 0.0204209 0.00764387
 0.192369 0.532934 0.221101 0.044225 0.00937079
 0.175233 0.551152 0.180551 0.0749063 0.0181575
 0.398937 0.384891 0.144457 0.0473226 0.0243921
 0.240809 0.647066 0.0717989 0.0269476 0.0133779
 0.200904 0.562766 0.201427 0.0223505 0.012553
 0.281274 0.4731 0.172983 0.0619146 0.0107286
 0.182883 0.616742 0.131896 0.0482262 0.0202523
 0.0147693 0.627089 0.270317 0.05781 0.0300141
pobs_RECLAS
 0 0 0 0 0
 0 0 0 0 0
 0 0 0 0 0
 0 0 0 0 0
 0.835266 0.146461 0.0176864 0.000547809 3.91292e-05
 0.385257 0.428462 0.181853 0.0044286 0
 0.867414 0.0963971 0.0333333 0.00285562 0
 0.441836 0.489002 0.0689373 0.000224442 0
 0.779404 0.147425 0.0564933 0.0165055 0.000172143
 0.814271 0.122319 0.05973 0.00367925 0
 0.40263 0.566651 0.0304383 0.000280538 0
 0.475488 0.404961 0.113038 0.00651328 0
 0.955842 0.0263864 0.0167828 0.000988607 0
 0.975058 0.0227948 0.00214734 0 0
 0.738997 0.206755 0.0527124 0.00153531 0
 0.850938 0.134255 0.0134407 0.00136685 0
 0.542534 0.407297 0.0501686 0 0
 0.764087 0.199537 0.0359546 0.000420521 0
 0.470689 0.182191 0.310203 0.0369168 0
 0.84361 0.089868 0.0606195 0.00523954 0.000663233
 0.607945 0.314616 0.071237 0.00620181 0
 0.523733 0.453247 0.0230204 0 0
 0.530135 0.295979 0.169645 0.0042399 0
 0.562478 0.366248 0.0663022 0.0049721 0
 0.250443 0.683176 0.0655157 0.000865301 0
ppred_RECLAS
 0.330423 0.442663 0.200004 0.0269064 3.43861e-06
 0.643224 0.127505 0.151573 0.0684837 0.00921425
 0.290246 0.488109 0.0792114 0.0941636 0.0482692
 0.867062 0.0557518 0.0530824 0.00861432 0.0154897
 0.81825 0.162429 0.00810301 0.00771503 0.0035033
 0.485883 0.423255 0.0812031 0.00405094 0.00560838
 0.77293 0.124236 0.0846594 0.0162422 0.00193206
 0.758391 0.194708 0.0256609 0.0174863 0.00375389
 0.795133 0.167569 0.0300574 0.00396132 0.00327889
 0.798811 0.169989 0.0255196 0.00457753 0.00110263
 0.409185 0.488178 0.0867209 0.013019 0.00289777
 0.385796 0.285938 0.271239 0.0481834 0.00884359
 0.68642 0.136977 0.0822164 0.07799 0.0163971
 0.5885 0.312778 0.0431233 0.0258835 0.0297151
 0.704263 0.215189 0.0612244 0.00844113 0.0108831
 0.753895 0.203076 0.0313097 0.00890809 0.00281166
 0.60803 0.315494 0.0631054 0.00972946 0.0036419
 0.629179 0.244695 0.101518 0.0203058 0.00430257
 0.6018 0.266098 0.0871707 0.036165 0.00876652
 0.826063 0.111381 0.0418034 0.0136943 0.00705864
 0.689575 0.264579 0.0293578 0.0110186 0.00547009
 0.638382 0.254671 0.0911526 0.0101144 0.00568068
 0.733884 0.17517 0.0640487 0.0229245 0.00397239
 0.611803 0.293002 0.0626614 0.0229113 0.00962151
 0.095736 0.575555 0.248103 0.0530592 0.0275475
pobs_PELACES
 0 0 0 0 0
 0 0 0 0 0
 0 0 0 0 0
 0 0 0 0 0
 0 0 0 0 0
 0 0 0 0 0
 0 0 0 0 0
 0 0 0 0 0
 0 0 0 0 0
 0 0 0 0 0
 0.450072 0.473896 0.0757376 0.000293798 0
 0 0 0 0 0
 0.463077 0.371075 0.160297 0.00555027 0
 0.529543 0.364841 0.0842815 0.0213345 0
 0.631943 0.363953 0.00410389 0 0
 0.735681 0.248677 0.0153453 0.000297389 0
 0.695825 0.281241 0.0229344 0 0
 0.275771 0.60734 0.115278 0.00161068 0
 0 0 0 0 0
 0.896147 0.0623911 0.0374545 0.00400742 0
 0.803859 0.145111 0.0509908 3.86294e-05 0
 0.739449 0.233085 0.0266225 0.000797448 4.60066e-05
 0.878498 0.100942 0.0204185 0.000141795 0
 0.694673 0.275183 0.0284847 0.00165964 0
 0.469039 0.446079 0.0841089 0.000773354 0
ppred_PELACES
 0.348272 0.430863 0.194673 0.0261892 3.34695e-06
 0.673087 0.116832 0.138886 0.0627515 0.00844301
 0.373322 0.430977 0.0699398 0.0831418 0.0426194
 0.885287 0.0481085 0.0458051 0.00743334 0.0133662
 0.821681 0.159363 0.00795004 0.00756939 0.00343716
 0.526556 0.38977 0.0747789 0.00373046 0.00516469
 0.795223 0.112039 0.0763479 0.0146476 0.00174238
 0.799198 0.161822 0.0213269 0.014533 0.00311987
 0.82931 0.139614 0.0250431 0.00330047 0.00273189
 0.817398 0.154285 0.023162 0.00415465 0.00100077
 0.44639 0.457435 0.0812598 0.0121991 0.00271529
 0.419441 0.270275 0.256381 0.0455441 0.00835916
 0.736569 0.115071 0.069068 0.0655175 0.0137748
 0.683723 0.2404 0.0331444 0.019894 0.022839
 0.78916 0.153414 0.0436487 0.00601794 0.00775891
 0.78863 0.174413 0.0268907 0.0076508 0.00241482
 0.642772 0.28753 0.0575121 0.00886709 0.0033191
 0.655361 0.227418 0.0943502 0.018872 0.00399878
 0.627591 0.248863 0.0815247 0.0338226 0.00819872
 0.843873 0.0999763 0.0375231 0.0122922 0.0063359
 0.699463 0.256151 0.0284226 0.0106676 0.00529584
 0.65172 0.245277 0.0877906 0.0097413 0.00547115
 0.74794 0.165918 0.0606657 0.0217137 0.00376257
 0.628343 0.280519 0.0599917 0.0219352 0.00921158
 0.103088 0.570875 0.246085 0.0526278 0.0273235
pobs_pel_tallas
 0 0 0 0 0 0 0 0 0 0 0 0 0 0 0 0 0 0 0 0 0 0 0 0 0 0 0 0 0 0 0 0 0 0 0 0
 0 0 0 0 0 0 0 0 0 0 0 0 0 0 0 0 0 0 0 0 0 0 0 0 0 0 0 0 0 0 0 0 0 0 0 0
 0 0 0 0 0 0 0 0 0 0 0 0 0 0 0 0 0 0 0 0 0 0 0 0 0 0 0 0 0 0 0 0 0 0 0 0
 0 0 0 0 0 0 0 0 0 0 0 0 0 0 0 0 0 0 0 0 0 0 0 0 0 0 0 0 0 0 0 0 0 0 0 0
 0 0 0 0 0 0 0 0 0 0 0 0 0 0 0 0 0 0 0 0 0 0 0 0 0 0 0 0 0 0 0 0 0 0 0 0
 0 0 0 0 0 0 0 0 0 0 0 0 0 0 0 0 0 0 0 0 0 0 0 0 0 0 0 0 0 0 0 0 0 0 0 0
 0 0 0 0 0 0 0 0 0 0 0 0 0 0 0 0 0 0 0 0 0 0 0 0 0 0 0 0 0 0 0 0 0 0 0 0
 0 0 0 0 0 0 0 0 0 0 0 0 0 0 0 0 0 0 0 0 0 0 0 0 0 0 0 0 0 0 0 0 0 0 0 0
 0 0 0 0 0 0 0 0 0 0 0 0 0 0 0 0 0 0 0 0 0 0 0 0 0 0 0 0 0 0 0 0 0 0 0 0
 0 0 0 0 0 0 0 0 0 0 0 0 0 0 0 0 0 0 0 0 0 0 0 0 0 0 0 0 0 0 0 0 0 0 0 0
 0 0 0 0 0 0 0 0 1.78061e-05 0.00172719 0.00360574 0.0105946 0.0120993 0.0124554 0.0147524 0.0171206 0.0266825 0.0428682 0.0675386 0.121331 0.153587 0.119568 0.100827 0.0573624 0.0630603 0.0341343 0.0324427 0.0444173 0.0211091 0.0280891 0.0125444 0.00206551 0 0 0 0
 0 0 0 0 0 0 0 0 0 0 0 0 0 0 0 0 0 0 0 0 0 0 0 0 0 0 0 0 0 0 0 0 0 0 0 0
 0 0 0 0 0 0 0.0133647 0.0140871 0.0187388 0.0205184 0.03894 0.0496705 0.03968 0.0493445 0.0407372 0.0367815 0.0215668 0.0243155 0.0234873 0.0199281 0.019796 0.0243948 0.0301388 0.0376714 0.0412746 0.0863199 0.0771752 0.113111 0.0741005 0.0525337 0.0229764 0.00759418 0.00175318 0 0 0
 0 0 0 0 0 0 0 0 0 0 0.00219441 0.00772107 0.0458388 0.0604681 0.0671733 0.0775358 0.0609151 0.0617685 0.073594 0.0568108 0.0755445 0.0548602 0.0670107 0.0636378 0.0643287 0.046367 0.0373049 0.0286899 0.0247887 0.0153202 0.00654259 0.00121912 0.000365735 0 0 0
 0 0 0 0 0 0 0 0 0 0 0 0 0.000112435 0.00938835 0.0111873 0.0202946 0.0414886 0.0713402 0.111592 0.104902 0.108894 0.110636 0.117776 0.105296 0.107544 0.0401394 0.0192827 0.0124803 0.00416011 0.0028671 0.000618394 0 0 0 0 0
 0 0 0 0 0 0 0 0 0 0 0.00291406 0.0102884 0.027416 0.0768956 0.0749926 0.110853 0.0956884 0.0897413 0.0766577 0.0534642 0.0500743 0.0551293 0.0594112 0.0620874 0.0668451 0.0424026 0.0208742 0.0120726 0.0048766 0.00582813 0.00118941 0.000297354 0 0 0 0
 0 0.00264628 0.0354308 0.0461629 0.0458689 0.0383711 0.0214643 0.0164657 0.0346957 0.0420465 0.0363128 0.0245516 0.0311673 0.0291091 0.0169068 0.0133784 0.00837989 0.0085269 0.0148486 0.0160247 0.0276389 0.0546898 0.0760071 0.122758 0.109233 0.0665981 0.0333725 0.0166128 0.00676272 0.00308733 0.000882094 0 0 0 0 0
 0 0 0 0 0 0 0 0.000805153 0.000690131 0.00759144 0.0133425 0.0154129 0.00931677 0.000345066 0.00356568 0.00563607 0.00851162 0.0253048 0.0502646 0.0516448 0.0657925 0.0565908 0.0611916 0.0827007 0.0866115 0.110766 0.145733 0.0935128 0.0569358 0.0249597 0.0138026 0.00621118 0.00161031 0.00115022 0 0
 0 0 0 0 0 0 0 0 0 0 0 0 0 0 0 0 0 0 0 0 0 0 0 0 0 0 0 0 0 0 0 0 0 0 0 0
 0.00147267 0.00158595 0.00478618 0.00569244 0.00954404 0.0108468 0.00647125 0.017049 0.0510054 0.094081 0.124002 0.0959785 0.0687766 0.0820023 0.061753 0.0591476 0.0492212 0.0479892 0.0443925 0.0268479 0.0217502 0.0140895 0.0121071 0.0120363 0.00920419 0.00665534 0.0049561 0.00860946 0.00930331 0.0156896 0.0114698 0.00855282 0.00243557 0.00046729 0 2.83206e-05
 0 0 0 0 0.000772559 0.00158375 0.000888443 0.00281984 0.00712685 0.0440552 0.0773331 0.111326 0.0921469 0.0852325 0.0710754 0.0886704 0.0786465 0.0553345 0.0373146 0.0185414 0.00753245 0.00457741 0.012979 0.0271748 0.0457355 0.0583668 0.034881 0.0177882 0.00938659 0.00492506 0.0015258 0.00185414 0.000309023 5.79419e-05 3.86279e-05 0
 0 0.00173294 0.00326652 0 0.00397197 0.00683976 0.00946217 0.0152591 0.00757587 0.0136028 0.0228656 0.0392903 0.0559909 0.0764795 0.0681675 0.0726916 0.0566044 0.0477403 0.0527397 0.0444891 0.0609904 0.0582453 0.0661739 0.0445044 0.0529084 0.0360697 0.0280645 0.0235558 0.0158879 0.00826598 0.00280645 0.00217768 0.000904811 0.00058276 9.20147e-05 0
 0 0 0 0 0 0 0 0 0 0 0 0 0 0 0 0 0 0 0 0 0 0 0 0 0 0 0 0 0 0 0 0 0 0 0 0
 0 0 0 0 0 0 0 0 0 0 0 0 0 0 0 0 0 0 0 0 0 0 0 0 0 0 0 0 0 0 0 0 0 0 0 0
 0 0 0 0 0 0 0 0 0 0 0 0 0 0 0 0 0 0 0 0 0 0 0 0 0 0 0 0 0 0 0 0 0 0 0 0
ppred_pel_tallas
 1.03804e-16 1.52168e-05 8.92568e-05 0.000424175 0.00163291 0.0050919 0.0128621 0.0263205 0.0436402 0.0586411 0.0639014 0.0565755 0.0409569 0.0248288 0.0137841 0.00903492 0.00909594 0.0121461 0.0170232 0.0230847 0.029817 0.0366238 0.0428161 0.0477169 0.0508 0.0518004 0.0507601 0.0479905 0.0439743 0.0392405 0.0342565 0.0293654 0.0247755 0.0205854 0.0168269 0.0135017
 1.04561e-16 2.93674e-05 0.000172362 0.000819333 0.00315448 0.00983693 0.0248473 0.0508406 0.0842733 0.113175 0.123151 0.108615 0.0777224 0.0453045 0.0218884 0.00948346 0.0048872 0.00433884 0.00555282 0.00755524 0.00998332 0.0126423 0.0153491 0.0179125 0.0201568 0.0219471 0.0232036 0.0238988 0.0240441 0.0236725 0.0228256 0.0215501 0.0199018 0.0179518 0.0157903 0.0135231
 1.05982e-16 1.63087e-05 9.56682e-05 0.000454657 0.00175028 0.00545792 0.0137867 0.0282121 0.0467754 0.0628501 0.068478 0.0606037 0.0438213 0.0264611 0.0145004 0.00921635 0.00899155 0.0118502 0.0165302 0.0223406 0.0287497 0.03516 0.0408978 0.0453184 0.0479454 0.0485764 0.0473215 0.044553 0.0407943 0.0365832 0.032358 0.0283965 0.0248141 0.021605 0.0187024 0.016032
 1.01546e-16 3.86173e-05 0.000226674 0.00107755 0.00414872 0.0129375 0.0326788 0.0668639 0.11083 0.148827 0.161916 0.142733 0.10198 0.0591256 0.0279656 0.0110782 0.004181 0.00226375 0.00227967 0.00294791 0.00384479 0.00482284 0.00579318 0.00667682 0.00740654 0.00793645 0.00824736 0.00834445 0.00824963 0.00799188 0.00759949 0.00709664 0.00650423 0.00584276 0.0051353 0.00440839
 1.00586e-16 3.58482e-05 0.000210407 0.0010002 0.00385083 0.0120085 0.0303325 0.062064 0.102877 0.138158 0.150334 0.132585 0.094864 0.0552724 0.0266535 0.0114464 0.00571887 0.00484512 0.00598659 0.00789311 0.0100532 0.0121639 0.0139555 0.0151859 0.0156849 0.0153935 0.0143783 0.0128112 0.0109253 0.00895958 0.00711148 0.00550913 0.00420693 0.00319927 0.00244349 0.0018826
 1.01559e-16 2.29889e-05 0.00013489 0.000641131 0.00246826 0.00769694 0.0194421 0.0397834 0.0659535 0.0885982 0.096477 0.0852533 0.0613622 0.0364875 0.0189714 0.0105087 0.00870983 0.0107038 0.0146831 0.0197343 0.0252732 0.0307187 0.0354378 0.038832 0.0404642 0.0401598 0.0380435 0.0344964 0.0300539 0.0252765 0.0206392 0.0164656 0.0129154 0.0100138 0.00770027 0.00587732
 1.01706e-16 3.46928e-05 0.000203628 0.000967974 0.00372679 0.0116217 0.0293553 0.0600643 0.0995613 0.133702 0.145478 0.128284 0.0917457 0.0533744 0.0255888 0.0107384 0.00501054 0.00393023 0.00476739 0.00634888 0.00823647 0.0102074 0.0120717 0.0136484 0.0147908 0.0154126 0.0155011 0.0151091 0.0143334 0.013286 0.0120707 0.0107693 0.00943987 0.00812293 0.00684951 0.00564721
 1.01001e-16 3.4868e-05 0.000204652 0.000972834 0.00374548 0.01168 0.0295026 0.0603661 0.100063 0.134379 0.146225 0.128966 0.0922856 0.0537926 0.0259825 0.0112325 0.00572325 0.00496092 0.00618865 0.00819205 0.0104717 0.0127273 0.014687 0.016104 0.0168001 0.0167062 0.0158768 0.014471 0.0127094 0.0108202 0.00899348 0.00735465 0.00596062 0.00481345 0.00388221 0.00312412
 1.00643e-16 3.61802e-05 0.000212358 0.00100947 0.00388655 0.0121199 0.0306138 0.0626395 0.10383 0.139436 0.151721 0.133797 0.0957074 0.055716 0.0267783 0.0113485 0.00545092 0.00441357 0.00537492 0.0070859 0.00905316 0.0110019 0.0126936 0.0139126 0.014503 0.0144027 0.0136569 0.0124022 0.0108299 0.00913976 0.00750031 0.00602559 0.00477085 0.00374332 0.00292018 0.00226604
 1.00569e-16 3.56613e-05 0.00020931 0.000994981 0.00383076 0.0119459 0.0301743 0.0617403 0.10234 0.137437 0.149549 0.131891 0.0943643 0.0549748 0.0264982 0.0113605 0.00564975 0.0047654 0.00588631 0.0077734 0.00992408 0.012044 0.013871 0.0151676 0.0157629 0.0155912 0.0147063 0.0132637 0.0114794 0.00957846 0.00775017 0.00612187 0.00475421 0.00365301 0.00278959 0.00212065
 1.01849e-16 1.94961e-05 0.000114378 0.000543599 0.00209272 0.00652579 0.016484 0.0337314 0.0559242 0.0751371 0.0818495 0.0724003 0.0522698 0.0313995 0.0169102 0.0102961 0.00958767 0.0123907 0.0171758 0.0231178 0.0296063 0.0359774 0.0414921 0.0454496 0.0473394 0.0469591 0.044458 0.0402863 0.035074 0.0294798 0.0240601 0.0191925 0.0150609 0.011691 0.00900815 0.0068952
 1.05683e-16 1.83138e-05 0.000107453 0.000510713 0.00196616 0.00613117 0.015487 0.0316901 0.0525359 0.0705726 0.0768454 0.0678984 0.048856 0.0290237 0.0150471 0.008282 0.00684049 0.00846696 0.0117738 0.0161083 0.0210976 0.0263759 0.0315183 0.0360832 0.0396899 0.0420845 0.0431738 0.0430136 0.0417652 0.039638 0.0368418 0.0335614 0.0299541 0.0261606 0.0223178 0.0185626
 1.03913e-16 3.21352e-05 0.000188613 0.00089659 0.00345194 0.0107646 0.0271904 0.0556347 0.0922193 0.123844 0.134755 0.118836 0.0850081 0.0494928 0.0238002 0.0101149 0.00491533 0.00406679 0.00504984 0.00678446 0.00886733 0.0110903 0.0132711 0.0152334 0.0168301 0.0179684 0.0186209 0.0188165 0.0186186 0.0180995 0.0173199 0.0163217 0.0151323 0.0137758 0.0122842 0.0107041
 1.023e-16 2.98359e-05 0.000175102 0.000832335 0.0032045 0.0099929 0.0252414 0.0516478 0.0856145 0.114985 0.125146 0.110435 0.0791543 0.0463997 0.0229009 0.0107384 0.00669191 0.00695079 0.00916222 0.01225 0.0156992 0.01912 0.0221221 0.0243424 0.0255176 0.0255433 0.0244955 0.0226029 0.020182 0.017559 0.0150023 0.0126854 0.0106825 0.00899064 0.00756273 0.00633932
 1.0124e-16 3.443e-05 0.000202081 0.000960615 0.00369844 0.0115332 0.029132 0.0596078 0.0988056 0.132691 0.144387 0.127343 0.0911192 0.0531035 0.025633 0.0110543 0.00559641 0.00482372 0.00601856 0.00798935 0.0102533 0.0125252 0.0145474 0.0160817 0.016951 0.0170767 0.0164934 0.0153338 0.0137893 0.0120631 0.0103281 0.00870393 0.0072525 0.00598994 0.00490457 0.00397405
 1.00815e-16 3.44077e-05 0.000201949 0.00095998 0.00369599 0.0115256 0.0291127 0.0595685 0.098741 0.132606 0.144299 0.127275 0.0910942 0.0531353 0.0257344 0.011244 0.00590154 0.00527695 0.00664976 0.00881506 0.0112658 0.0136845 0.0157782 0.0172792 0.0179942 0.0178478 0.0168989 0.0153204 0.0133531 0.0112475 0.00921389 0.00739336 0.00585259 0.00459773 0.00359732 0.00280474
 1.0137e-16 2.80523e-05 0.000164626 0.00078252 0.00301268 0.00939471 0.0237304 0.0485568 0.0804924 0.108112 0.11768 0.103882 0.0745351 0.0438482 0.0219323 0.0107714 0.00736514 0.00815039 0.0109162 0.0146245 0.0187331 0.0227884 0.0263197 0.028885 0.0301607 0.0300155 0.0285373 0.0260019 0.0227981 0.0193332 0.0159523 0.0128902 0.0102633 0.00809103 0.0063319 0.00491894
 1.02249e-16 2.85989e-05 0.00016784 0.000797813 0.00307158 0.0095784 0.0241944 0.0495056 0.0820634 0.110216 0.119957 0.105857 0.0758784 0.0444898 0.021979 0.0103449 0.0065069 0.00682171 0.00904577 0.012161 0.0156871 0.0192606 0.0225104 0.0250803 0.0266958 0.027221 0.0266819 0.0252458 0.0231687 0.0207285 0.0181681 0.0156627 0.0133145 0.011168 0.00923343 0.00750748
 1.02784e-16 2.73888e-05 0.000160734 0.000764025 0.00294149 0.0091727 0.0231696 0.047409 0.078589 0.105553 0.114889 0.101402 0.0727233 0.042717 0.0212467 0.0102401 0.00676062 0.00732864 0.00979628 0.0131762 0.0169814 0.0208237 0.0243012 0.02703 0.028718 0.0292271 0.0285971 0.0270214 0.024787 0.0221995 0.01952 0.0169293 0.014524 0.0123357 0.0103593 0.00857884
 1.01284e-16 3.68135e-05 0.00021608 0.00102718 0.00395473 0.0123325 0.0311508 0.063738 0.10565 0.141876 0.154367 0.136108 0.0973115 0.0565515 0.0269965 0.0111273 0.00488382 0.00350383 0.00408088 0.00536812 0.00690882 0.00848625 0.00992812 0.0110781 0.0118173 0.0120871 0.0118996 0.0113278 0.0104819 0.00948022 0.0084243 0.00738512 0.00640176 0.00548887 0.00464788 0.00387658
 1.01101e-16 3.05229e-05 0.000179134 0.0008515 0.00327828 0.010223 0.0258226 0.0528371 0.0875861 0.117634 0.128031 0.112985 0.0809918 0.0474961 0.0234773 0.0110662 0.00696975 0.00728836 0.0096097 0.0128219 0.0163815 0.0198688 0.0228622 0.0249718 0.0259182 0.0255975 0.0241047 0.0217033 0.0187556 0.0156365 0.0126584 0.0100277 0.00783799 0.00609048 0.00472944 0.00367656
 1.01917e-16 2.84408e-05 0.000166911 0.00079339 0.00305455 0.00952528 0.0240602 0.0492312 0.0816091 0.109608 0.119299 0.105287 0.0754912 0.0443066 0.0219698 0.0104755 0.00676691 0.00722406 0.00961304 0.0129099 0.0166158 0.0203404 0.0236821 0.0262582 0.0277782 0.0281059 0.0272842 0.0255115 0.0230829 0.0203155 0.0174843 0.0147848 0.0123266 0.0101495 0.00825091 0.00660978
 1.01838e-16 3.26332e-05 0.000191531 0.000910455 0.0035053 0.010931 0.0276107 0.0564952 0.093647 0.125765 0.136856 0.120714 0.0864057 0.0504158 0.0244474 0.010736 0.00572007 0.00520668 0.00662614 0.00884703 0.0113994 0.0139904 0.0163454 0.0182062 0.0193754 0.0197575 0.0193745 0.018351 0.0168746 0.0151466 0.0133405 0.0115785 0.00992861 0.0084166 0.0070445 0.00580651
 1.02128e-16 2.74228e-05 0.000160931 0.000764955 0.00294505 0.00918382 0.0231978 0.0474668 0.0786856 0.105685 0.115039 0.101551 0.0728641 0.0428681 0.0214479 0.0105443 0.007226 0.00801269 0.0107468 0.0144183 0.0185026 0.0225619 0.0261406 0.0288095 0.0302517 0.0303338 0.0291322 0.0269025 0.0240074 0.0208264 0.0176795 0.0147822 0.01224 0.0100701 0.00823708 0.0066866
 1.06765e-16 4.53142e-06 2.65111e-05 0.000125845 0.000484216 0.00150971 0.00381403 0.00780853 0.0129607 0.017458 0.0191353 0.0172059 0.013031 0.0090485 0.00709446 0.00774313 0.0107732 0.0158124 0.022563 0.0306949 0.0396931 0.048813 0.0571573 0.0638382 0.0681651 0.0697891 0.0687621 0.0654859 0.0605806 0.0547209 0.0484946 0.0423241 0.0364564 0.0310014 0.0259915 0.0214326
pSPR Fmed_Fpbrs
0.539329   0.350893 0.350893
Fs Fmed_Fpbrs
0.458711   1.005 1.005
SSBpbr Bo_Bmed_Bpbrs
909223  444909  273579 273579
Ro
29143.9
SPR SPRFo_SPRFmed_SPRFpbrs
598551 322816 210027
log_Ro
10.1
likeval ReclasPelacesDesembMPH_pf_preclas_ppelaces_ptallas_desvR_qrecl_qpela
 86.5412 70.7978 0.0519628 0.000177102 325.76 191.896 80.0704 0 28.1776 1.76723e-05 0 0 0 0 0
q_reclas_q_pelaces
0.551175 1
M
0.7
N
 16409.1 24666.1 11144.6 1499.28 0.191607
 32494.2 7833.76 9312.48 4207.56 566.114
 5105.4 15098.9 2450.28 2912.8 1493.13
 25401.3 2096.03 1995.67 323.862 582.348
 56685.7 11592.1 578.291 550.602 250.021
 25118.5 27849.3 5343 266.544 369.02
 58893.7 11494.8 7833.03 1502.8 178.762
 74835 27380.1 3608.47 2458.95 527.877
 111937 32971.1 5914.12 779.434 645.158
 195578 49640.1 7452.23 1336.73 321.991
 61229.1 91474.5 16249.7 2439.49 542.983
 30918.4 28173.4 26725.1 4747.5 871.356
 49777.3 14314.5 8591.87 8150.2 1713.55
 22103.1 21849 3012.37 1808.09 2075.75
 14770.7 8905.44 2533.73 349.331 450.391
 16153.2 5834.21 899.506 255.923 80.777
 11242.2 7263.92 1452.94 224.011 83.851
 11273.7 5182.6 2150.13 430.072 91.1277
 10197.1 5288.85 1732.57 718.8 174.24
 29400.9 4796.12 1800.08 589.686 303.95
 33419.4 13685.5 1518.55 569.944 282.944
 37439.1 16224.7 5807.22 644.373 361.909
 68122.1 18068.8 6606.64 2364.67 409.753
 61589.2 32627.6 6977.73 2551.32 1071.41
 4362.92 29544 12735.4 2723.6 1414.05
pred_Ctot
 456.882 4320.03 1951.88 262.585 0.0335581
 1507.93 2141.09 2545.24 1149.99 154.728
 643.12 8570.67 1390.87 1653.41 847.555
 1487.04 692.706 659.539 107.031 192.457
 434.697 601.391 30.0013 28.5648 12.9709
 1424 8970.28 1720.98 85.8539 118.862
 2712.21 3121.66 2127.22 408.116 48.5465
 6111.37 11660.8 1536.8 1047.23 224.815
 8667.67 13506.9 2422.77 319.302 264.295
 8205.73 12460.2 1870.59 335.533 80.8229
 3246.82 27913.8 4958.67 744.42 165.693
 1511 8039.32 7626.05 1354.71 248.643
 4185.57 6225.92 3736.93 3544.83 745.289
 3035.08 13039.6 1797.8 1079.08 1238.82
 2202.19 5561.45 1582.32 218.157 281.269
 1103.36 2175.12 335.355 95.4135 30.1154
 581.935 2173.36 434.717 67.0237 25.0881
 449.739 1245.95 516.913 103.394 21.908
 388.792 1222.85 400.591 166.196 40.2864
 1329.42 1282.61 481.39 157.698 81.2843
 537.784 1445.05 160.344 60.1803 29.876
 758.453 2124.56 760.429 84.3777 47.3903
 1742.76 2931.3 1071.79 383.62 66.4741
 1509.63 5090.97 1088.75 398.089 167.175
 125.38 5323.51 2294.79 490.763 254.797
F
 0.0393939 0.274074 0.274074 0.274074 0.274074
 0.0664396 0.46224 0.46224 0.46224 0.46224
 0.190252 1.32364 1.32364 1.32364 1.32364
 0.0844761 0.587725 0.587725 0.587725 0.587725
 0.0107137 0.0745385 0.0745385 0.0745385 0.0745385
 0.081707 0.568459 0.568459 0.568459 0.568459
 0.0659185 0.458614 0.458614 0.458614 0.458614
 0.119655 0.832473 0.832473 0.832473 0.832473
 0.113136 0.787118 0.787118 0.787118 0.787118
 0.0598975 0.416724 0.416724 0.416724 0.416724
 0.0762448 0.530457 0.530457 0.530457 0.530457
 0.0700792 0.487561 0.487561 0.487561 0.487561
 0.123402 0.858545 0.858545 0.858545 0.858545
 0.209056 1.45446 1.45446 1.45446 1.45446
 0.228907 1.59257 1.59257 1.59257 1.59257
 0.0991984 0.690151 0.690151 0.690151 0.690151
 0.0743666 0.517389 0.517389 0.517389 0.517389
 0.056876 0.395703 0.395703 0.395703 0.395703
 0.0542983 0.377769 0.377769 0.377769 0.377769
 0.0646875 0.450049 0.450049 0.450049 0.450049
 0.0226002 0.157236 0.157236 0.157236 0.157236
 0.0285259 0.198463 0.198463 0.198463 0.198463
 0.0361442 0.251465 0.251465 0.251465 0.251465
 0.0346069 0.24077 0.24077 0.24077 0.24077
 0.0406822 0.283038 0.283038 0.283038 0.283038
nmprior
 10.6 11 7 0
nm_flota  nm_reclas  nm_pelaces    nm_pelaL
inf 28.0935 22.8726 58.494
cv_recla  cv_pelaces  cv_mph
0.841466 0.954074 0.431767
 ------------------------------------------------
Talla a la edad & desviación 
 7.2 14.2025 17.0495 18.207 18.6776
 1.08 2.13037 2.55742 2.73105 2.80164
