years
 1997 1998 1999 2000 2001 2002 2003 2004 2005 2006 2007 2008 2009 2010 2011 2012 2013 2014 2015 2016 2017 2018 2019 2020 2021
reclasobs
 0 0 0 370054 412103 1.49427e+06 250295 1.28982e+06 931140 785840 897777 1.04006e+06 184774 17550 25797 100020 73551 82996 120727 218422 84188 347160 605670 569463 516374
reclaspred
 756344 168366 367797 195499 316161 389207 850324 621353 719157 839899 754971 515540 315398 127990 72278.9 70058.8 82817.1 105927 112818 148016 229712 224081 379899 450703 446820
pelacesobs
 0 0 0 0 0 0 0 0 0 2.06254e+06 1.5e+06 0 1.87456e+06 323000 250000 174000 83755 137374 0 501740 490994 745055 786931 1.00524e+06 1.33801e+06
pelacespred
 2.46091e+06 555636 599511 568654 869330 713836 2.30685e+06 1.76824e+06 1.98986e+06 2.32996e+06 1.67598e+06 1.19073e+06 780479 250862 154174 150174 182835 240958 245044 331132 607556 524635 701439 1.00761e+06 922680
mphobs
 0 0 0 0 0 112323 0 153150 637223 0 255016 313432 73983 77613 109348 50772 0 0 0 0 0 0 0 0 0
mphpred
 268894 132957 127758 94705.1 98239.8 176805 234146 316485 284401 325437 385252 257408 158823 86994.8 37600.1 29358.3 32336.8 39965.1 47428.5 52744.8 79795.1 100514 124174 171861 206682
desembarqueobs
 350755 77701 442110 56441 14545 235359 269955 359681 431902 328805 639364 411747 362871 311530 167758 66681 60226 58785 57116 73181 50977 67692 138656 160484 209506
desembarquepred
 350743 77684.9 441903 56439 14545 235397 269987 359505 431782 328713 638867 411531 362665 311341 167430 66647.2 60230.1 58750 57079.2 73156.2 50973.5 67664.1 138629 160460 209470
Reclutas
 31106.3 42713.5 14259 21270 46997.5 29660.7 67140.2 66925.6 89147.2 122357 61185.6 46323.7 52183.5 27183.6 14011.5 12342.4 8643.34 9530.87 10455.9 16094.1 21339.9 27258.5 42885.8 46140.8 13450.4
log_desv_Rt
 0.0651664 0.382271 -0.714854 -0.314946 0.477849 0.0175773 0.834539 0.831337 1.11804 1.43469 0.741668 0.463409 0.582522 -0.0696319 -0.732366 -0.859203 -1.21546 -1.11771 -1.02508 -0.593794 -0.311667 -0.066881 0.386297 0.459453 -0.773236
SSB
 543134 268557 258055 191293 198433 357125 472947 639262 574456 657342 778163 519934 320802 175719 75947.6 59300.3 65316.4 80724.7 95799.8 106538 161176 203027 250816 347139 417472
BT
 1.50508e+06 398715 530551 335582 440863 519569 1.3565e+06 1.26214e+06 1.39257e+06 1.46807e+06 1.37293e+06 952091 739333 410502 213166 128962 137928 165937 165785 220905 340289 311398 430472 615524 601295
Ftot
 0.572152 0.639489 1.24164 0.377195 0.0707251 0.650156 0.466297 0.779133 0.867728 0.57147 0.950304 0.93875 1.53942 2.6929 2.90667 1.24505 0.939275 0.729296 0.613708 0.666856 0.295109 0.366546 0.442241 0.441411 0.491958
BD_Bspro_t
 0.927029 0.658274 0.545842 0.307777 0.437732 0.638594 0.560932 0.596592 0.531318 0.51719 0.525193 0.356567 0.257292 0.176698 0.0948643 0.0911917 0.135118 0.216741 0.297366 0.376662 0.506912 0.62815 0.638621 0.641927 0.62102
BD_Bspro
 0.907414 0.448679 0.431133 0.319593 0.331522 0.596649 0.790153 1.06802 0.959745 1.09822 1.30008 0.868655 0.535965 0.293574 0.126886 0.0990732 0.109124 0.134867 0.160053 0.177994 0.269278 0.339197 0.419039 0.579965 0.697471
BD_Bo
 0.685058 0.338733 0.325487 0.241279 0.250284 0.450444 0.596531 0.806305 0.724565 0.829111 0.981502 0.655796 0.40463 0.221636 0.0957932 0.0747959 0.0823841 0.101819 0.120833 0.134377 0.203293 0.256079 0.316356 0.437848 0.52656
BD_Brms
 2.26439 1.11965 1.07586 0.797521 0.827288 1.48889 1.97177 2.66515 2.39497 2.74053 3.24425 2.16766 1.33746 0.732593 0.316634 0.24723 0.272312 0.33655 0.3994 0.44417 0.671963 0.846441 1.04568 1.44726 1.74049
S_f
 0.138566 1 1 1 1
 0.138566 1 1 1 1
 0.138566 1 1 1 1
 0.138566 1 1 1 1
 0.138566 1 1 1 1
 0.138566 1 1 1 1
 0.138566 1 1 1 1
 0.138566 1 1 1 1
 0.138566 1 1 1 1
 0.138566 1 1 1 1
 0.138566 1 1 1 1
 0.138566 1 1 1 1
 0.138566 1 1 1 1
 0.138566 1 1 1 1
 0.138566 1 1 1 1
 0.138566 1 1 1 1
 0.138566 1 1 1 1
 0.138566 1 1 1 1
 0.138566 1 1 1 1
 0.138566 1 1 1 1
 0.138566 1 1 1 1
 0.138566 1 1 1 1
 0.138566 1 1 1 1
 0.138566 1 1 1 1
 0.138566 1 1 1 1
Scru_reclas
 0.502602 0.83567 0.962396 0.992296 0.99846
 0.502602 0.83567 0.962396 0.992296 0.99846
 0.502602 0.83567 0.962396 0.992296 0.99846
 0.502602 0.83567 0.962396 0.992296 0.99846
 0.502602 0.83567 0.962396 0.992296 0.99846
 0.502602 0.83567 0.962396 0.992296 0.99846
 0.502602 0.83567 0.962396 0.992296 0.99846
 0.502602 0.83567 0.962396 0.992296 0.99846
 0.502602 0.83567 0.962396 0.992296 0.99846
 0.502602 0.83567 0.962396 0.992296 0.99846
 0.502602 0.83567 0.962396 0.992296 0.99846
 0.502602 0.83567 0.962396 0.992296 0.99846
 0.502602 0.83567 0.962396 0.992296 0.99846
 0.502602 0.83567 0.962396 0.992296 0.99846
 0.502602 0.83567 0.962396 0.992296 0.99846
 0.502602 0.83567 0.962396 0.992296 0.99846
 0.502602 0.83567 0.962396 0.992296 0.99846
 0.502602 0.83567 0.962396 0.992296 0.99846
 0.502602 0.83567 0.962396 0.992296 0.99846
 0.502602 0.83567 0.962396 0.992296 0.99846
 0.502602 0.83567 0.962396 0.992296 0.99846
 0.502602 0.83567 0.962396 0.992296 0.99846
 0.502602 0.83567 0.962396 0.992296 0.99846
 0.502602 0.83567 0.962396 0.992296 0.99846
 0.502602 0.83567 0.962396 0.992296 0.99846
Scru_pelaces
 0.852169 1 1 1 1
 0.852169 1 1 1 1
 0.852169 1 1 1 1
 0.852169 1 1 1 1
 0.852169 1 1 1 1
 0.852169 1 1 1 1
 0.852169 1 1 1 1
 0.852169 1 1 1 1
 0.852169 1 1 1 1
 0.852169 1 1 1 1
 0.852169 1 1 1 1
 0.852169 1 1 1 1
 0.852169 1 1 1 1
 0.852169 1 1 1 1
 0.852169 1 1 1 1
 0.852169 1 1 1 1
 0.852169 1 1 1 1
 0.852169 1 1 1 1
 0.852169 1 1 1 1
 0.852169 1 1 1 1
 0.852169 1 1 1 1
 0.852169 1 1 1 1
 0.852169 1 1 1 1
 0.852169 1 1 1 1
 0.852169 1 1 1 1
pf_obs 
 0.256992 0.487395 0.22802 0.0275931 0
 0.321318 0.546541 0.124235 0.00734118 0.000564706
 0.182869 0.594174 0.210203 0.0122559 0.00049798
 0.330522 0.361315 0.267642 0.0388342 0.00168674
 0.649043 0.306663 0.0425973 0.00169635 0
 0.582887 0.30429 0.105238 0.00758474 0
 0.465427 0.430635 0.0974691 0.00646863 0
 0.296916 0.608066 0.0921331 0.00288517 0
 0.311714 0.524322 0.152257 0.0117073 0
 0.15457 0.633149 0.183074 0.0267441 0.00246327
 0.131901 0.49318 0.331252 0.0422183 0.00144891
 0.196976 0.569456 0.194076 0.0375587 0.00193317
 0.518974 0.381816 0.0799577 0.0180837 0.00116848
 0.0928022 0.601141 0.25162 0.0475244 0.00691264
 0.122501 0.610282 0.24278 0.0234846 0.000952079
 0.383417 0.481906 0.127806 0.00687128 0
 0.0376549 0.599619 0.316969 0.0457579 0
 0.0361596 0.667082 0.258105 0.0386534 0
 0.158088 0.579412 0.248529 0.0139706 0
 0.0477256 0.309471 0.559284 0.082774 0.000745712
 0.0406174 0.521527 0.379366 0.0568643 0.0016247
 0.151134 0.462217 0.34131 0.0453401 0
 0.294876 0.26143 0.354403 0.0886775 0.000613685
 0.281977 0.475581 0.204845 0.0348837 0.00271318
 0.0354234 0.537034 0.353287 0.0723622 0.0018943
pf_pred 
 0.217987 0.541941 0.213631 0.0264331 7.88557e-06
 0.275018 0.528114 0.136432 0.0537809 0.00665642
 0.108551 0.705057 0.135777 0.0350764 0.0155384
 0.262976 0.463344 0.216457 0.0416845 0.015539
 0.335399 0.502667 0.101803 0.0475587 0.0125728
 0.150441 0.671406 0.134745 0.0272895 0.0161189
 0.343664 0.419887 0.186866 0.0375023 0.0120814
 0.243739 0.625161 0.0838705 0.0373256 0.00990414
 0.302763 0.541019 0.129137 0.0173248 0.00975605
 0.305652 0.576589 0.0913749 0.0218104 0.00457379
 0.144887 0.691761 0.135649 0.0214969 0.00620717
 0.181654 0.545499 0.220725 0.0432824 0.00883973
 0.298249 0.506961 0.129845 0.0525391 0.0124066
 0.253238 0.653763 0.0671847 0.0172076 0.00860689
 0.301567 0.642844 0.0486663 0.00500124 0.00192164
 0.344592 0.618933 0.0335716 0.00254153 0.000361538
 0.220188 0.686132 0.0884658 0.00479849 0.000414943
 0.258191 0.569757 0.151384 0.0195185 0.00115026
 0.24854 0.589542 0.124363 0.0330432 0.00451147
 0.311843 0.526365 0.126931 0.0267759 0.00808567
 0.270868 0.598577 0.0998608 0.024081 0.00661386
 0.243055 0.572331 0.151558 0.0252845 0.00777186
 0.285133 0.525666 0.143056 0.0378823 0.00826252
 0.226637 0.604789 0.123959 0.0337343 0.0108815
 0.0696662 0.674383 0.20016 0.0410252 0.014766
pobs_RECLAS
 0 0 0 0 0
 0 0 0 0 0
 0 0 0 0 0
 0 0 0 0 0
 0.835266 0.146461 0.0176864 0.000547809 3.91292e-05
 0.385257 0.428462 0.181853 0.0044286 0
 0.867414 0.0963971 0.0333333 0.00285562 0
 0.441836 0.489002 0.0689373 0.000224442 0
 0.779404 0.147425 0.0564933 0.0165055 0.000172143
 0.814271 0.122319 0.05973 0.00367925 0
 0.40263 0.566651 0.0304383 0.000280538 0
 0.475488 0.404961 0.113038 0.00651328 0
 0.955842 0.0263864 0.0167828 0.000988607 0
 0.975058 0.0227948 0.00214734 0 0
 0.738997 0.206755 0.0527124 0.00153531 0
 0.850938 0.134255 0.0134407 0.00136685 0
 0.542534 0.407297 0.0501686 0 0
 0.764087 0.199537 0.0359546 0.000420521 0
 0.470689 0.182191 0.310203 0.0369168 0
 0.84361 0.089868 0.0606195 0.00523954 0.000663233
 0.607945 0.314616 0.071237 0.00620181 0
 0.523733 0.453247 0.0230204 0 0
 0.530135 0.295979 0.169645 0.0042399 0
 0.562478 0.366248 0.0663022 0.0049721 0
 0.250443 0.683176 0.0655157 0.000865301 0
ppred_RECLAS
 0.546179 0.300164 0.136267 0.0173845 5.21838e-06
 0.623228 0.262835 0.0781967 0.0317826 0.00395814
 0.365857 0.485121 0.10759 0.028658 0.012774
 0.599715 0.237572 0.127815 0.0253789 0.00951943
 0.678807 0.233515 0.0544648 0.0262344 0.00697853
 0.438456 0.429291 0.09922 0.020719 0.012314
 0.689309 0.187961 0.0963348 0.0199342 0.00646173
 0.591451 0.328329 0.0507278 0.0232772 0.00621485
 0.661828 0.253415 0.0696608 0.00963592 0.00545996
 0.659706 0.275118 0.050211 0.0123573 0.0026075
 0.436669 0.442367 0.0998989 0.0163233 0.00474259
 0.498042 0.317782 0.148083 0.02994 0.00615276
 0.675712 0.22407 0.0660926 0.0275739 0.00655176
 0.681265 0.273514 0.0323704 0.00854842 0.0043023
 0.742427 0.234158 0.0204151 0.00216316 0.000836318
 0.718681 0.263397 0.0164535 0.00128431 0.00018383
 0.56614 0.374821 0.0556557 0.00311262 0.000270832
 0.606866 0.291408 0.0891683 0.011854 0.000702915
 0.59218 0.309274 0.0751346 0.0205834 0.00282776
 0.666018 0.246214 0.0683772 0.0148722 0.00451894
 0.614811 0.307388 0.0590583 0.0146841 0.00405805
 0.578751 0.306664 0.093522 0.016087 0.0049755
 0.631099 0.2602 0.0815493 0.0222659 0.00488657
 0.558638 0.333412 0.0786998 0.0220829 0.00716743
 0.243635 0.525177 0.179513 0.0379364 0.0137391
pobs_PELACES
 0 0 0 0 0
 0 0 0 0 0
 0 0 0 0 0
 0 0 0 0 0
 0 0 0 0 0
 0 0 0 0 0
 0 0 0 0 0
 0 0 0 0 0
 0 0 0 0 0
 0 0 0 0 0
 0.450072 0.473896 0.0757376 0.000293798 0
 0 0 0 0 0
 0.463077 0.371075 0.160297 0.00555027 0
 0.529543 0.364841 0.0842815 0.0213345 0
 0.631943 0.363953 0.00410389 0 0
 0.735681 0.248677 0.0153453 0.000297389 0
 0.695825 0.281241 0.0229344 0 0
 0.275771 0.60734 0.115278 0.00161068 0
 0 0 0 0 0
 0.896147 0.0623911 0.0374545 0.00400742 0
 0.803859 0.145111 0.0509908 3.86294e-05 0
 0.739449 0.233085 0.0266225 0.000797448 4.60066e-05
 0.878498 0.100942 0.0204185 0.000141795 0
 0.694673 0.275183 0.0284847 0.00165964 0
 0.469039 0.446079 0.0841089 0.000773354 0
ppred_PELACES
 0.677655 0.223388 0.0880587 0.0108957 3.25042e-06
 0.745889 0.185107 0.0478201 0.0188505 0.00233312
 0.546046 0.359037 0.0691421 0.017862 0.00791262
 0.714538 0.179461 0.0838375 0.0161451 0.00601854
 0.760678 0.18101 0.0366592 0.0171258 0.00452746
 0.579097 0.332639 0.0667578 0.0135202 0.0079859
 0.791467 0.133408 0.0593716 0.0119154 0.00383855
 0.724748 0.227537 0.0305259 0.0135852 0.00360476
 0.786078 0.165992 0.039621 0.00531548 0.00299329
 0.768466 0.192267 0.0304694 0.0072728 0.00152515
 0.597162 0.325884 0.0639032 0.0101271 0.00292415
 0.65905 0.227273 0.0919613 0.0180329 0.00368293
 0.827033 0.124955 0.032004 0.0129498 0.00305797
 0.869164 0.114542 0.0117711 0.00301486 0.00150797
 0.904283 0.088099 0.0066695 0.000685399 0.000263352
 0.838742 0.152284 0.00826007 0.000625326 8.89539e-05
 0.710927 0.254347 0.032794 0.00177878 0.000153818
 0.73604 0.202738 0.0538674 0.00694534 0.0004093
 0.717042 0.221988 0.0468283 0.0124422 0.00169876
 0.779908 0.168347 0.0405961 0.00856371 0.00258603
 0.716722 0.232555 0.0387973 0.00935579 0.00256957
 0.691728 0.233086 0.0617232 0.0102973 0.00316515
 0.741306 0.190227 0.0517686 0.0137088 0.00299002
 0.677913 0.251879 0.0516257 0.0140495 0.00453189
 0.354002 0.468273 0.138986 0.0284868 0.0102531
pobs_pel_tallas
 0 0 0 0 0 0 0 0 0 0 0 0 0 0 0 0 0 0 0 0 0 0 0 0 0 0 0 0 0 0 0 0 0 0 0 0
 0 0 0 0 0 0 0 0 0 0 0 0 0 0 0 0 0 0 0 0 0 0 0 0 0 0 0 0 0 0 0 0 0 0 0 0
 0 0 0 0 0 0 0 0 0 0 0 0 0 0 0 0 0 0 0 0 0 0 0 0 0 0 0 0 0 0 0 0 0 0 0 0
 0 0 0 0 0 0 0 0 0 0 0 0 0 0 0 0 0 0 0 0 0 0 0 0 0 0 0 0 0 0 0 0 0 0 0 0
 0 0 0 0 0 0 0 0 0 0 0 0 0 0 0 0 0 0 0 0 0 0 0 0 0 0 0 0 0 0 0 0 0 0 0 0
 0 0 0 0 0 0 0 0 0 0 0 0 0 0 0 0 0 0 0 0 0 0 0 0 0 0 0 0 0 0 0 0 0 0 0 0
 0 0 0 0 0 0 0 0 0 0 0 0 0 0 0 0 0 0 0 0 0 0 0 0 0 0 0 0 0 0 0 0 0 0 0 0
 0 0 0 0 0 0 0 0 0 0 0 0 0 0 0 0 0 0 0 0 0 0 0 0 0 0 0 0 0 0 0 0 0 0 0 0
 0 0 0 0 0 0 0 0 0 0 0 0 0 0 0 0 0 0 0 0 0 0 0 0 0 0 0 0 0 0 0 0 0 0 0 0
 0 0 0 0 0 0 0 0 0 0 0 0 0 0 0 0 0 0 0 0 0 0 0 0 0 0 0 0 0 0 0 0 0 0 0 0
 0 0 0 0 0 0 0 0 1.78061e-05 0.00172719 0.00360574 0.0105946 0.0120993 0.0124554 0.0147524 0.0171206 0.0266825 0.0428682 0.0675386 0.121331 0.153587 0.119568 0.100827 0.0573624 0.0630603 0.0341343 0.0324427 0.0444173 0.0211091 0.0280891 0.0125444 0.00206551 0 0 0 0
 0 0 0 0 0 0 0 0 0 0 0 0 0 0 0 0 0 0 0 0 0 0 0 0 0 0 0 0 0 0 0 0 0 0 0 0
 0 0 0 0 0 0 0.0133647 0.0140871 0.0187388 0.0205184 0.03894 0.0496705 0.03968 0.0493445 0.0407372 0.0367815 0.0215668 0.0243155 0.0234873 0.0199281 0.019796 0.0243948 0.0301388 0.0376714 0.0412746 0.0863199 0.0771752 0.113111 0.0741005 0.0525337 0.0229764 0.00759418 0.00175318 0 0 0
 0 0 0 0 0 0 0 0 0 0 0.00219441 0.00772107 0.0458388 0.0604681 0.0671733 0.0775358 0.0609151 0.0617685 0.073594 0.0568108 0.0755445 0.0548602 0.0670107 0.0636378 0.0643287 0.046367 0.0373049 0.0286899 0.0247887 0.0153202 0.00654259 0.00121912 0.000365735 0 0 0
 0 0 0 0 0 0 0 0 0 0 0 0 0.000112435 0.00938835 0.0111873 0.0202946 0.0414886 0.0713402 0.111592 0.104902 0.108894 0.110636 0.117776 0.105296 0.107544 0.0401394 0.0192827 0.0124803 0.00416011 0.0028671 0.000618394 0 0 0 0 0
 0 0 0 0 0 0 0 0 0 0 0.00291406 0.0102884 0.027416 0.0768956 0.0749926 0.110853 0.0956884 0.0897413 0.0766577 0.0534642 0.0500743 0.0551293 0.0594112 0.0620874 0.0668451 0.0424026 0.0208742 0.0120726 0.0048766 0.00582813 0.00118941 0.000297354 0 0 0 0
 0 0.00264628 0.0354308 0.0461629 0.0458689 0.0383711 0.0214643 0.0164657 0.0346957 0.0420465 0.0363128 0.0245516 0.0311673 0.0291091 0.0169068 0.0133784 0.00837989 0.0085269 0.0148486 0.0160247 0.0276389 0.0546898 0.0760071 0.122758 0.109233 0.0665981 0.0333725 0.0166128 0.00676272 0.00308733 0.000882094 0 0 0 0 0
 0 0 0 0 0 0 0 0.000805153 0.000690131 0.00759144 0.0133425 0.0154129 0.00931677 0.000345066 0.00356568 0.00563607 0.00851162 0.0253048 0.0502646 0.0516448 0.0657925 0.0565908 0.0611916 0.0827007 0.0866115 0.110766 0.145733 0.0935128 0.0569358 0.0249597 0.0138026 0.00621118 0.00161031 0.00115022 0 0
 0 0 0 0 0 0 0 0 0 0 0 0 0 0 0 0 0 0 0 0 0 0 0 0 0 0 0 0 0 0 0 0 0 0 0 0
 0.00147267 0.00158595 0.00478618 0.00569244 0.00954404 0.0108468 0.00647125 0.017049 0.0510054 0.094081 0.124002 0.0959785 0.0687766 0.0820023 0.061753 0.0591476 0.0492212 0.0479892 0.0443925 0.0268479 0.0217502 0.0140895 0.0121071 0.0120363 0.00920419 0.00665534 0.0049561 0.00860946 0.00930331 0.0156896 0.0114698 0.00855282 0.00243557 0.00046729 0 2.83206e-05
 0 0 0 0 0.000772559 0.00158375 0.000888443 0.00281984 0.00712685 0.0440552 0.0773331 0.111326 0.0921469 0.0852325 0.0710754 0.0886704 0.0786465 0.0553345 0.0373146 0.0185414 0.00753245 0.00457741 0.012979 0.0271748 0.0457355 0.0583668 0.034881 0.0177882 0.00938659 0.00492506 0.0015258 0.00185414 0.000309023 5.79419e-05 3.86279e-05 0
 0 0.00173294 0.00326652 0 0.00397197 0.00683976 0.00946217 0.0152591 0.00757587 0.0136028 0.0228656 0.0392903 0.0559909 0.0764795 0.0681675 0.0726916 0.0566044 0.0477403 0.0527397 0.0444891 0.0609904 0.0582453 0.0661739 0.0445044 0.0529084 0.0360697 0.0280645 0.0235558 0.0158879 0.00826598 0.00280645 0.00217768 0.000904811 0.00058276 9.20147e-05 0
 0 0 0 0 0 0 0 0 0 0 0 0 0 0 0 0 0 0 0 0 0 0 0 0 0 0 0 0 0 0 0 0 0 0 0 0
 0 0 0 0 0 0 0 0 0 0 0 0 0 0 0 0 0 0 0 0 0 0 0 0 0 0 0 0 0 0 0 0 0 0 0 0
 0 0 0 0 0 0 0 0 0 0 0 0 0 0 0 0 0 0 0 0 0 0 0 0 0 0 0 0 0 0 0 0 0 0 0 0
ppred_pel_tallas
 1.01698e-16 2.95708e-05 0.000173547 0.000824944 0.00317604 0.00990417 0.0250172 0.0511891 0.0848538 0.113963 0.124031 0.109445 0.0784331 0.0459535 0.0226382 0.010547 0.00648751 0.00668582 0.00881822 0.0118326 0.0152387 0.0186726 0.0217668 0.0241706 0.0256158 0.0259735 0.0252765 0.0236994 0.0215054 0.0189799 0.0163724 0.0138632 0.0115569 0.00949693 0.00768838 0.00611948
 1.01496e-16 3.25445e-05 0.000191009 0.000907968 0.00349572 0.0109011 0.0275353 0.0563409 0.0933918 0.125424 0.136489 0.120401 0.0862029 0.0503413 0.0244926 0.0108932 0.00599743 0.00562638 0.00721361 0.00961815 0.0123489 0.0150838 0.0175161 0.0193601 0.0204033 0.0205521 0.0198494 0.0184558 0.0166025 0.0145335 0.0124562 0.0105126 0.00877544 0.00726221 0.00595773 0.00483484
 1.02082e-16 2.38375e-05 0.000139875 0.000664836 0.00255954 0.00798159 0.0201611 0.0412542 0.0683905 0.091868 0.100027 0.0883648 0.0635466 0.0376757 0.0193863 0.0104166 0.00826994 0.0099567 0.0136038 0.0182855 0.0234404 0.0285307 0.0329754 0.0362252 0.0378775 0.0377682 0.0360059 0.032932 0.0290269 0.024793 0.0206538 0.0168953 0.0136566 0.0109579 0.00874599 0.0069388
 1.02085e-16 3.11773e-05 0.000182982 0.00086981 0.0033488 0.0104429 0.026378 0.0539731 0.089467 0.120153 0.130755 0.115347 0.0825931 0.0482511 0.02351 0.0105173 0.0058828 0.0056111 0.00725242 0.00972228 0.0125572 0.0154519 0.018111 0.0202519 0.0216546 0.0222058 0.0219173 0.020911 0.0193782 0.0175285 0.0155467 0.0135675 0.0116724 0.00990131 0.00826997 0.00678535
 1.0138e-16 3.31891e-05 0.000194794 0.000925964 0.00356501 0.0111172 0.0280811 0.0574577 0.0952426 0.127909 0.139191 0.122779 0.0878941 0.0513057 0.0249181 0.0110075 0.00595279 0.00548775 0.00699242 0.00930372 0.0119254 0.0145379 0.0168406 0.0185558 0.0194798 0.019527 0.0187478 0.0173077 0.0154412 0.0133934 0.0113702 0.00951003 0.00787976 0.00648937 0.00531505 0.00432101
 1.01894e-16 2.52776e-05 0.000148332 0.000705047 0.00271438 0.00846445 0.0213807 0.0437494 0.0725256 0.0974181 0.106058 0.0936653 0.0672979 0.0397785 0.0202452 0.0105194 0.00793182 0.00929668 0.0126258 0.0169565 0.021736 0.0264584 0.0305839 0.0336024 0.0351401 0.0350438 0.0334131 0.0305631 0.0269386 0.023005 0.0191554 0.0156563 0.0126384 0.0101221 0.00805988 0.00637673
 1.01476e-16 3.45298e-05 0.000202669 0.000963413 0.00370922 0.0115669 0.0292169 0.0597814 0.0990928 0.133075 0.1448 0.127697 0.0913503 0.0531931 0.0255925 0.0108948 0.00531191 0.00439289 0.00541632 0.00720057 0.00928481 0.0114143 0.0133641 0.0149239 0.0159311 0.0163032 0.0160516 0.0152699 0.0141032 0.0127099 0.0112292 0.00976181 0.00836785 0.00707527 0.00589343 0.00482466
 1.01143e-16 3.16243e-05 0.000185603 0.000882258 0.00339672 0.0105923 0.0267555 0.0547457 0.0907488 0.121878 0.132642 0.117032 0.083847 0.0490776 0.0240863 0.0110651 0.00658601 0.00659839 0.00860368 0.0114672 0.0146624 0.0178068 0.0205248 0.0224692 0.0233896 0.0231899 0.0219488 0.019894 0.0173404 0.0146148 0.0119903 0.00964823 0.00767226 0.00606685 0.00478778 0.00377194
 1.0094e-16 3.42961e-05 0.000201294 0.00095687 0.00368401 0.0114883 0.0290184 0.0593754 0.0984209 0.132175 0.143829 0.126857 0.0907872 0.0529406 0.0256114 0.011142 0.0057807 0.00511165 0.00642593 0.00852883 0.0109249 0.0133103 0.0154055 0.0169536 0.0177652 0.0177604 0.0169847 0.015591 0.0137973 0.0118335 0.00989522 0.0081168 0.00656683 0.00526013 0.00417808 0.00328805
 1.00817e-16 3.35292e-05 0.000196789 0.000935448 0.00360152 0.011231 0.0283687 0.0580462 0.0962184 0.12922 0.14062 0.124043 0.0888089 0.0518587 0.0252217 0.0112001 0.00613766 0.00572429 0.00730963 0.00971039 0.0124121 0.015075 0.0173775 0.0190245 0.0198024 0.0196282 0.0185664 0.0168084 0.0146203 0.0122793 0.0100191 0.00799643 0.0062865 0.00489717 0.00379438 0.00292669
 1.01498e-16 2.6065e-05 0.000152956 0.00072703 0.00279902 0.00872839 0.0220474 0.0451135 0.0747863 0.100453 0.109358 0.0965693 0.0693621 0.0409535 0.0207597 0.0106508 0.00786532 0.00911158 0.0123372 0.0165543 0.0212061 0.025792 0.0297807 0.0326716 0.0340987 0.0339138 0.0322177 0.0293246 0.0256765 0.0217365 0.017897 0.0144246 0.0114515 0.008999 0.00701923 0.00543498
 1.02172e-16 2.87597e-05 0.000168785 0.000802302 0.00308887 0.00963231 0.0243305 0.0497841 0.0825252 0.110836 0.120631 0.106451 0.0763019 0.0447334 0.0220906 0.0103825 0.00651006 0.00680844 0.00902062 0.0121224 0.0156314 0.0191832 0.0224064 0.0249455 0.0265269 0.0270165 0.0264424 0.0249745 0.0228714 0.0204134 0.0178451 0.0153423 0.0130071 0.0108826 0.00897698 0.00728438
 1.01083e-16 3.60803e-05 0.000211773 0.00100669 0.00387586 0.0120865 0.0305296 0.0624671 0.103544 0.139051 0.151299 0.133417 0.0954202 0.0555174 0.0266246 0.0111841 0.0052273 0.00409344 0.00493224 0.00650811 0.00834633 0.0101959 0.011844 0.0130971 0.0138118 0.0139251 0.0134656 0.0125413 0.0113074 0.00992762 0.00854062 0.007241 0.00607673 0.00505884 0.00417674 0.00341222
 1.00379e-16 3.79169e-05 0.000222556 0.00105796 0.00407327 0.0127021 0.0320845 0.0656485 0.108817 0.14613 0.158996 0.140194 0.100242 0.058272 0.0278497 0.0115317 0.0051357 0.00375346 0.00438294 0.00572548 0.00729052 0.00883139 0.0101484 0.0110654 0.0114576 0.0112795 0.0105752 0.00946465 0.00811254 0.00668913 0.00533657 0.00414908 0.00316941 0.00239814 0.0018093 0.00136603
 1.0016e-16 3.94472e-05 0.000231543 0.00110069 0.00423779 0.0132152 0.0333804 0.0682998 0.113211 0.152028 0.165406 0.145828 0.104231 0.0605113 0.0287709 0.0116551 0.00479857 0.00308469 0.00338873 0.00437149 0.00555 0.00670893 0.00768959 0.00835591 0.0086127 0.00842672 0.00783459 0.00693204 0.00584949 0.00472154 0.00366046 0.00274058 0.00199525 0.00142397 0.00100456 0.000705592
 1.00193e-16 3.65919e-05 0.000214774 0.00102096 0.00393077 0.0122578 0.0309621 0.0633522 0.105012 0.141024 0.15345 0.135327 0.0968124 0.0563803 0.0271364 0.0115655 0.00564846 0.00465943 0.00569953 0.00749537 0.00953251 0.0115138 0.0131786 0.0142942 0.0146973 0.0143328 0.0132668 0.0116681 0.00976562 0.00779502 0.0059524 0.00436701 0.00309589 0.00213628 0.00144707 0.000970644
 1.00617e-16 3.10228e-05 0.000182069 0.00086545 0.003332 0.0103905 0.0262457 0.0537028 0.089021 0.119561 0.130126 0.11483 0.0823068 0.0482515 0.0238211 0.0111787 0.00697393 0.00724083 0.00952637 0.0127015 0.0162174 0.0196531 0.0225874 0.0246305 0.0255029 0.0251006 0.0235187 0.021022 0.0179759 0.0147601 0.0116942 0.00899274 0.00675701 0.00499446 0.00365248 0.0026522
 1.01089e-16 3.21158e-05 0.00018849 0.000895989 0.0034496 0.0107572 0.027172 0.0555977 0.0921603 0.123772 0.134696 0.11883 0.0851032 0.0497486 0.0242966 0.0109627 0.00625623 0.00605867 0.0078366 0.0104542 0.0134063 0.0163455 0.0189344 0.0208584 0.021884 0.0219104 0.0209893 0.0193037 0.0171169 0.0147078 0.0123154 0.0101058 0.00816642 0.00652014 0.00514921 0.00401828
 1.01245e-16 3.12881e-05 0.00018363 0.000872878 0.0033606 0.0104797 0.026471 0.0541636 0.0897839 0.120582 0.131231 0.115787 0.0829533 0.0485517 0.0238235 0.0109376 0.00650318 0.00651478 0.00850372 0.0113524 0.0145457 0.017712 0.0204843 0.0225209 0.023571 0.0235306 0.0224638 0.0205786 0.0181694 0.0155452 0.0129678 0.0106152 0.0085764 0.00686741 0.00545943 0.00430541
 1.01047e-16 3.40272e-05 0.000199715 0.000949361 0.0036551 0.0113981 0.0287907 0.0589095 0.0976487 0.131138 0.142701 0.125865 0.0900822 0.0525395 0.0254361 0.0110979 0.00580474 0.00517693 0.00652756 0.00867054 0.0111118 0.0135455 0.0156892 0.0172824 0.018133 0.0181591 0.0174054 0.0160249 0.0142364 0.0122706 0.0103235 0.00852952 0.00695741 0.00562218 0.00450591 0.00357734
 1.01069e-16 3.12746e-05 0.000183549 0.000872493 0.00335912 0.0104751 0.0264593 0.0541398 0.0897447 0.120531 0.131177 0.115744 0.0829345 0.048564 0.0238728 0.0110321 0.0066561 0.00674208 0.00882018 0.0117661 0.0150526 0.0182916 0.0210986 0.023117 0.024088 0.0239096 0.0226583 0.0205629 0.0179429 0.0151313 0.0124087 0.00996411 0.00788814 0.00619127 0.00483395 0.0037561
 1.01454e-16 3.01848e-05 0.000177151 0.000842075 0.003242 0.0101099 0.0255368 0.0522522 0.0866161 0.11633 0.126608 0.11172 0.0800651 0.0469133 0.023117 0.0107782 0.00663628 0.00683537 0.00899737 0.0120395 0.0154508 0.0188488 0.0218497 0.0240928 0.0253101 0.0253852 0.0243763 0.0224915 0.0200303 0.0173097 0.0146006 0.0120904 0.00987676 0.00798454 0.00639327 0.00506376
 1.01408e-16 3.23449e-05 0.000189836 0.000902392 0.00347425 0.0108341 0.0273662 0.055995 0.0928185 0.124654 0.135653 0.119667 0.0856857 0.0500553 0.0243835 0.0108958 0.00607105 0.00575814 0.00740654 0.00987963 0.0126834 0.0154888 0.0179804 0.0198636 0.0209191 0.0210501 0.0203008 0.0188367 0.0168969 0.0147347 0.0125658 0.0105396 0.00873355 0.00716803 0.00582844 0.00468664
 1.0151e-16 2.95831e-05 0.000173617 0.000825271 0.0031773 0.00990806 0.0250271 0.0512095 0.0848883 0.114011 0.12409 0.109511 0.0785097 0.0460579 0.0227992 0.0108035 0.00688396 0.00726738 0.00962152 0.0128736 0.0164997 0.0200923 0.0232384 0.0255512 0.0267469 0.0267084 0.0255089 0.0233848 0.0206699 0.017714 0.0148126 0.0121661 0.00987297 0.00794961 0.00636174 0.00505508
 1.03584e-16 1.54681e-05 9.07286e-05 0.000431165 0.00165981 0.00517579 0.0130741 0.0267544 0.0443604 0.0596109 0.0649638 0.0575294 0.0416761 0.0253214 0.0141577 0.00942471 0.0096178 0.0128846 0.0180315 0.0243797 0.0313677 0.0383406 0.04455 0.0492733 0.0519667 0.052386 0.0506319 0.0471033 0.0423812 0.0370828 0.0317369 0.0267115 0.0222021 0.0182655 0.014874 0.011967
pSPR Fmed_Fpbrs
0.44446   0.352536 0.352536
Fs Fmed_Fpbrs
0.675644   1.005 1.005
SSBpbr Bo_Bmed_Bpbrs
792828  312739  239859 239859
Ro
29143.9
SPR SPRFo_SPRFmed_SPRFpbrs
598551 266032 211011
log_Ro
10.1
likeval ReclasPelacesDesembMPH_pf_preclas_ppelaces_ptallas_desvR_qrecl_qpela
 66.966 14.0657 0.0375052 0.000181441 318.096 187.631 80.8324 0 18.4147 7.26086e-07 9.39546e-05 0 0 0 0
q_reclas_q_pelaces
1.12834 3.97103
M
0.7
N
 31106.3 13154.9 5185.61 641.629 0.191412
 42713.5 14269.6 3686.37 1453.15 179.856
 14259 19412.2 3738.34 965.753 427.815
 21270 5961.61 2785.04 536.334 199.933
 46997.5 10024.5 2030.23 948.445 250.735
 29660.7 23110.7 4638.11 939.339 554.834
 67140.2 13460.1 5990.28 1202.2 387.29
 66925.6 31254.7 4193.08 1866.08 495.154
 89147.2 29833.1 7120.92 955.331 537.973
 122357 39253.9 6220.76 1484.84 311.381
 61185.6 56134.6 11007.5 1744.42 503.696
 46323.7 26635.2 10777.4 2113.36 431.619
 52183.5 20197.8 5173.15 2093.21 494.292
 27183.6 20935.7 2151.48 551.046 275.622
 14011.5 9294.92 703.668 72.3133 27.7851
 12342.4 4651.14 252.283 19.099 2.71688
 8643.34 5157.85 665.022 36.0716 3.11925
 9530.87 3768.35 1001.25 129.095 7.60775
 10455.9 4277.97 902.435 239.776 32.7372
 16094.1 4768.95 1150.01 242.594 73.2573
 21339.9 7286.67 1215.64 293.146 80.5127
 27258.5 10172.5 2693.76 449.401 138.135
 42885.8 12865.8 3501.32 927.179 202.227
 46140.8 20030.6 4105.52 1117.28 360.397
 13450.4 21553.4 6397.14 1311.17 471.923
pred_Ctot
 1712.9 4258.48 1678.68 207.707 0.0619634
 2618.22 5027.75 1298.86 512.005 63.3705
 1637.02 10632.8 2047.62 528.977 234.329
 781.323 1376.63 643.11 123.848 46.1677
 329.802 494.279 100.104 46.7651 12.363
 1847.26 8244.17 1654.53 335.087 197.923
 3032.48 3705.06 1648.9 330.919 106.606
 4956.37 12712.5 1705.48 759.006 201.398
 7313.8 13069.3 3119.54 418.512 235.675
 6729.94 12695.5 2011.92 480.228 100.707
 5470.38 26118.3 5121.59 811.644 234.36
 4094.1 12294.4 4974.68 975.494 199.229
 7298.19 12405.4 3177.32 1285.64 303.591
 6220.1 16057.9 1650.21 422.658 211.405
 3418.71 7287.59 551.705 56.6966 21.7847
 1420.59 2551.56 138.4 10.4775 1.49045
 764.304 2381.66 307.077 16.6562 1.44032
 662.669 1462.33 388.539 50.0959 2.95223
 616.036 1461.25 308.25 81.9016 11.1822
 1027.05 1733.57 418.044 88.186 26.63
 616.365 1362.07 227.235 54.7968 15.05
 973.66 2292.71 607.13 101.288 31.1335
 1839.75 3391.72 923.028 244.425 53.3117
 1975.76 5272.39 1080.64 294.087 94.8624
 639.943 6194.77 1838.64 376.851 135.638
F
 0.0792809 0.572152 0.572152 0.572152 0.572152
 0.0886115 0.639489 0.639489 0.639489 0.639489
 0.172049 1.24164 1.24164 1.24164 1.24164
 0.0522664 0.377195 0.377195 0.377195 0.377195
 0.00980011 0.0707251 0.0707251 0.0707251 0.0707251
 0.0900896 0.650156 0.650156 0.650156 0.650156
 0.064613 0.466297 0.466297 0.466297 0.466297
 0.107961 0.779133 0.779133 0.779133 0.779133
 0.120238 0.867728 0.867728 0.867728 0.867728
 0.0791865 0.57147 0.57147 0.57147 0.57147
 0.13168 0.950304 0.950304 0.950304 0.950304
 0.130079 0.93875 0.93875 0.93875 0.93875
 0.213311 1.53942 1.53942 1.53942 1.53942
 0.373145 2.6929 2.6929 2.6929 2.6929
 0.402766 2.90667 2.90667 2.90667 2.90667
 0.172521 1.24505 1.24505 1.24505 1.24505
 0.130152 0.939275 0.939275 0.939275 0.939275
 0.101056 0.729296 0.729296 0.729296 0.729296
 0.0850392 0.613708 0.613708 0.613708 0.613708
 0.0924038 0.666856 0.666856 0.666856 0.666856
 0.0408922 0.295109 0.295109 0.295109 0.295109
 0.0507909 0.366546 0.366546 0.366546 0.366546
 0.0612797 0.442241 0.442241 0.442241 0.442241
 0.0611646 0.441411 0.441411 0.441411 0.441411
 0.0681688 0.491958 0.491958 0.491958 0.491958
nmprior
 10.6 11 7 0
nm_flota  nm_reclas  nm_pelaces    nm_pelaL
inf 27.274 14.5621 32.5229
cv_recla  cv_pelaces  cv_mph
0.740205 0.425259 0.437024
 ------------------------------------------------
Talla a la edad & desviación 
 7.2 14.2025 17.0495 18.207 18.6776
 1.08 2.13037 2.55742 2.73105 2.80164
