years
 1997 1998 1999 2000 2001 2002 2003 2004 2005 2006 2007 2008 2009 2010 2011 2012 2013 2014 2015 2016 2017 2018 2019 2020 2021
reclasobs
 0 0 0 370054 412103 1.49427e+06 250295 1.28982e+06 931140 785840 897777 1.04006e+06 184774 17550 25797 100020 73551 82996 120727 218422 84188 347160 605670 569463 516374
reclaspred
 458000 121187 325172 228850 364524 446868 976059 662149 742453 741338 617395 424918 262115 109888 66746.3 64748.5 78956.5 106482 114973 159047 238119 223061 384476 486239 533043
pelacesobs
 0 0 0 0 0 0 0 0 0 2.06254e+06 1.5e+06 0 1.87456e+06 323000 250000 174000 83755 137374 0 501740 490994 745055 786931 1.00524e+06 1.33801e+06
pelacespred
 1.88469e+06 420220 699779 775713 1.08316e+06 1.06779e+06 2.71198e+06 2.20453e+06 2.21729e+06 2.23692e+06 1.62245e+06 1.16567e+06 700732 228051 140774 149956 192554 273007 298208 404480 698082 635603 849550 1.2809e+06 1.44908e+06
mphobs
 0 0 0 0 0 112323 0 153150 637223 0 255016 313432 73983 77613 109348 50772 0 0 0 0 0 0 0 0 0
mphpred
 168298 95136.3 109643 113696 131638 219777 317428 385954 328830 345191 351177 245955 153863 79887.6 34086.2 27671 31890.2 42686.9 53599.4 61491.7 92945.8 113556 141775 201282 266148
desembarqueobs
 350755 77701 442110 56441 14545 235359 269955 359681 431902 328805 639364 411747 362871 311530 167758 66681 60226 58785 57116 73181 50977 67692 138656 160484 209506
desembarquepred
 350764 77702.1 442122 56444.4 14545.3 235435 270016 359696 431968 328831 639411 411843 363008 311699 167625 66681.9 60254.5 58782.1 57104.5 73180.6 50979.9 67684.7 138662 160498 209511
Reclutas
 38289.9 46331 25460.7 38589.8 67247 48123 83387.3 80195.8 103242 117685 66166 45237 45286.8 24352.8 14783.1 14127.9 10794.2 12367.6 13559.3 22079.9 28511.4 36886.8 58903.4 70931.9 29868.8
log_desv_Rt
 0.0329425 0.223566 -0.375109 0.0407438 0.596127 0.261515 0.811251 0.772226 1.02484 1.15577 0.579922 0.19967 0.200771 -0.419596 -0.918758 -0.964091 -1.23323 -1.09717 -1.00517 -0.517577 -0.261941 -0.00438965 0.463655 0.649475 -0.21543
SSB
 457760 258766 298222 309246 358048 597780 863387 1.04977e+06 894400 938900 955182 668984 418500 217290 92712.5 75263.6 86739.7 116106 145788 167254 252807 308865 385619 547475 723909
BT
 1.60674e+06 392485 715695 555711 712859 834377 1.98657e+06 1.81209e+06 1.85402e+06 1.7591e+06 1.59913e+06 1.10973e+06 808105 439108 233756 153125 175126 224587 235822 322151 494140 454912 630340 947799 1.06085e+06
Ftot
 0.934663 0.821206 1.34964 0.273088 0.0481528 0.457337 0.285501 0.5705 0.647861 0.4912 0.9376 0.830564 1.32923 2.61204 2.99498 1.25399 0.901434 0.607433 0.491406 0.511542 0.236526 0.291487 0.348712 0.343609 0.332169
BD_Bspro_t
 0.913107 0.65025 0.581924 0.413115 0.576096 0.744882 0.696717 0.710888 0.644459 0.611904 0.586726 0.426987 0.32115 0.219191 0.119232 0.119588 0.181658 0.296535 0.402357 0.495216 0.623199 0.726171 0.735461 0.742659 0.74504
BD_Bspro
 0.601598 0.340075 0.39193 0.406417 0.470554 0.785615 1.13468 1.37964 1.17544 1.23392 1.25532 0.879193 0.550001 0.285567 0.121845 0.098913 0.113995 0.152589 0.191597 0.219809 0.332245 0.405917 0.506789 0.719503 0.951376
BD_Bo
 0.495533 0.280118 0.32283 0.334763 0.387592 0.647106 0.934629 1.1364 0.968201 1.01637 1.034 0.724185 0.453032 0.235219 0.100363 0.081474 0.093897 0.125686 0.157817 0.181055 0.273668 0.334351 0.417438 0.59265 0.783642
BD_Brms
 1.38797 0.7846 0.904237 0.937661 1.08563 1.81252 2.61787 3.18301 2.7119 2.84683 2.8962 2.02842 1.26893 0.658842 0.281113 0.228206 0.263002 0.352044 0.442041 0.507129 0.766534 0.936507 1.16923 1.65999 2.19496
S_f
 0.110661 0.702751 0.978223 0.99883 0.999938
 0.110661 0.702751 0.978223 0.99883 0.999938
 0.110661 0.702751 0.978223 0.99883 0.999938
 0.110661 0.702751 0.978223 0.99883 0.999938
 0.110661 0.702751 0.978223 0.99883 0.999938
 0.110661 0.702751 0.978223 0.99883 0.999938
 0.110661 0.702751 0.978223 0.99883 0.999938
 0.110661 0.702751 0.978223 0.99883 0.999938
 0.110661 0.702751 0.978223 0.99883 0.999938
 0.110661 0.702751 0.978223 0.99883 0.999938
 0.110661 0.702751 0.978223 0.99883 0.999938
 0.110661 0.702751 0.978223 0.99883 0.999938
 0.110661 0.702751 0.978223 0.99883 0.999938
 0.110661 0.702751 0.978223 0.99883 0.999938
 0.110661 0.702751 0.978223 0.99883 0.999938
 0.110661 0.702751 0.978223 0.99883 0.999938
 0.110661 0.702751 0.978223 0.99883 0.999938
 0.110661 0.702751 0.978223 0.99883 0.999938
 0.110661 0.702751 0.978223 0.99883 0.999938
 0.110661 0.702751 0.978223 0.99883 0.999938
 0.110661 0.702751 0.978223 0.99883 0.999938
 0.110661 0.702751 0.978223 0.99883 0.999938
 0.110661 0.702751 0.978223 0.99883 0.999938
 0.110661 0.702751 0.978223 0.99883 0.999938
 0.110661 0.702751 0.978223 0.99883 0.999938
Scru_reclas
 0.794506 1 1 1 1
 0.794506 1 1 1 1
 0.794506 1 1 1 1
 0.794506 1 1 1 1
 0.794506 1 1 1 1
 0.794506 1 1 1 1
 0.794506 1 1 1 1
 0.794506 1 1 1 1
 0.794506 1 1 1 1
 0.794506 1 1 1 1
 0.794506 1 1 1 1
 0.794506 1 1 1 1
 0.794506 1 1 1 1
 0.794506 1 1 1 1
 0.794506 1 1 1 1
 0.794506 1 1 1 1
 0.794506 1 1 1 1
 0.794506 1 1 1 1
 0.794506 1 1 1 1
 0.794506 1 1 1 1
 0.794506 1 1 1 1
 0.794506 1 1 1 1
 0.794506 1 1 1 1
 0.794506 1 1 1 1
 0.794506 1 1 1 1
Scru_pelaces
 0.789003 1 1 1 1
 0.789003 1 1 1 1
 0.789003 1 1 1 1
 0.789003 1 1 1 1
 0.789003 1 1 1 1
 0.789003 1 1 1 1
 0.789003 1 1 1 1
 0.789003 1 1 1 1
 0.789003 1 1 1 1
 0.789003 1 1 1 1
 0.789003 1 1 1 1
 0.789003 1 1 1 1
 0.789003 1 1 1 1
 0.789003 1 1 1 1
 0.789003 1 1 1 1
 0.789003 1 1 1 1
 0.789003 1 1 1 1
 0.789003 1 1 1 1
 0.789003 1 1 1 1
 0.789003 1 1 1 1
 0.789003 1 1 1 1
 0.789003 1 1 1 1
 0.789003 1 1 1 1
 0.789003 1 1 1 1
 0.789003 1 1 1 1
pf_obs 
 0.256992 0.487395 0.22802 0.0275931 0
 0.321318 0.546541 0.124235 0.00734118 0.000564706
 0.182869 0.594174 0.210203 0.0122559 0.00049798
 0.330522 0.361315 0.267642 0.0388342 0.00168674
 0.649043 0.306663 0.0425973 0.00169635 0
 0.582887 0.30429 0.105238 0.00758474 0
 0.465427 0.430635 0.0974691 0.00646863 0
 0.296916 0.608066 0.0921331 0.00288517 0
 0.311714 0.524322 0.152257 0.0117073 0
 0.15457 0.633149 0.183074 0.0267441 0.00246327
 0.131901 0.49318 0.331252 0.0422183 0.00144891
 0.196976 0.569456 0.194076 0.0375587 0.00193317
 0.518974 0.381816 0.0799577 0.0180837 0.00116848
 0.0928022 0.601141 0.25162 0.0475244 0.00691264
 0.122501 0.610282 0.24278 0.0234846 0.000952079
 0.383417 0.481906 0.127806 0.00687128 0
 0.0376549 0.599619 0.316969 0.0457579 0
 0.0361596 0.667082 0.258105 0.0386534 0
 0.158088 0.579412 0.248529 0.0139706 0
 0.0477256 0.309471 0.559284 0.082774 0.000745712
 0.0406174 0.521527 0.379366 0.0568643 0.0016247
 0.151134 0.462217 0.34131 0.0453401 0
 0.294876 0.26143 0.354403 0.0886775 0.000613685
 0.281977 0.475581 0.204845 0.0348837 0.00271318
 0.0354234 0.537034 0.353287 0.0723622 0.0018943
pf_pred 
 0.321695 0.46468 0.190918 0.0226943 1.32353e-05
 0.290948 0.558714 0.117022 0.0298763 0.00344082
 0.165381 0.630124 0.17492 0.0231772 0.00639777
 0.273066 0.456233 0.228277 0.0364876 0.00593537
 0.281769 0.488557 0.162304 0.0570168 0.010353
 0.1479 0.57749 0.205098 0.0494194 0.0200934
 0.243073 0.390879 0.2771 0.0668641 0.0220831
 0.195354 0.537933 0.161677 0.0799682 0.0250674
 0.24055 0.470707 0.217767 0.0434887 0.0274877
 0.23202 0.527856 0.171548 0.0520812 0.0164948
 0.13634 0.576294 0.220445 0.0481684 0.0187515
 0.140817 0.477399 0.29203 0.0693727 0.0203807
 0.215534 0.452277 0.221245 0.0854802 0.0254629
 0.206206 0.596936 0.139198 0.0389004 0.0187607
 0.282513 0.590165 0.111669 0.0112636 0.00438915
 0.333135 0.585634 0.0748571 0.0056357 0.000738239
 0.218233 0.628993 0.141353 0.0105546 0.000865886
 0.237849 0.509013 0.219789 0.0309287 0.00242067
 0.221581 0.526445 0.189811 0.0541687 0.0079951
 0.285846 0.460895 0.191765 0.0466204 0.0148737
 0.248172 0.538928 0.155664 0.0436149 0.0136204
 0.227286 0.500878 0.212915 0.0433459 0.0155755
 0.265746 0.464914 0.195599 0.0580526 0.0156885
 0.229061 0.528718 0.173256 0.0504159 0.018549
 0.0877171 0.580983 0.251942 0.0571554 0.0222026
pobs_RECLAS
 0 0 0 0 0
 0 0 0 0 0
 0 0 0 0 0
 0 0 0 0 0
 0.835266 0.146461 0.0176864 0.000547809 3.91292e-05
 0.385257 0.428462 0.181853 0.0044286 0
 0.867414 0.0963971 0.0333333 0.00285562 0
 0.441836 0.489002 0.0689373 0.000224442 0
 0.779404 0.147425 0.0564933 0.0165055 0.000172143
 0.814271 0.122319 0.05973 0.00367925 0
 0.40263 0.566651 0.0304383 0.000280538 0
 0.475488 0.404961 0.113038 0.00651328 0
 0.955842 0.0263864 0.0167828 0.000988607 0
 0.975058 0.0227948 0.00214734 0 0
 0.738997 0.206755 0.0527124 0.00153531 0
 0.850938 0.134255 0.0134407 0.00136685 0
 0.542534 0.407297 0.0501686 0 0
 0.764087 0.199537 0.0359546 0.000420521 0
 0.470689 0.182191 0.310203 0.0369168 0
 0.84361 0.089868 0.0606195 0.00523954 0.000663233
 0.607945 0.314616 0.071237 0.00620181 0
 0.523733 0.453247 0.0230204 0 0
 0.530135 0.295979 0.169645 0.0042399 0
 0.562478 0.366248 0.0663022 0.0049721 0
 0.250443 0.683176 0.0655157 0.000865301 0
ppred_RECLAS
 0.735426 0.200514 0.0573912 0.00666464 3.88197e-06
 0.69747 0.254761 0.0373718 0.00932522 0.00107266
 0.540605 0.376519 0.0711501 0.00919231 0.002534
 0.68215 0.22346 0.0798628 0.0124962 0.00203043
 0.685811 0.23528 0.0561062 0.0193021 0.00350092
 0.496607 0.376804 0.0950705 0.0224153 0.00910329
 0.655855 0.206667 0.104615 0.0247109 0.00815197
 0.582478 0.30978 0.0658841 0.0318766 0.00998051
 0.650115 0.244605 0.0798425 0.0155932 0.00984425
 0.63176 0.278802 0.064297 0.0190989 0.00604184
 0.482341 0.384754 0.102514 0.0218827 0.00850816
 0.499173 0.321693 0.137765 0.0319843 0.00938507
 0.634929 0.243965 0.0813427 0.0306467 0.00911681
 0.642582 0.297532 0.0427648 0.0115579 0.00556408
 0.736225 0.233933 0.026291 0.00255689 0.00099441
 0.73822 0.239115 0.0209269 0.00153694 0.000201063
 0.610674 0.332989 0.0522154 0.00380937 0.00031213
 0.642264 0.264909 0.0808316 0.0111253 0.000869701
 0.618601 0.285089 0.0729405 0.0203666 0.00300254
 0.697583 0.217945 0.0643034 0.0152946 0.00487388
 0.646738 0.275809 0.0569559 0.0156232 0.0048734
 0.625697 0.270124 0.0819776 0.016337 0.0058637
 0.674705 0.230621 0.0691607 0.0200906 0.00542324
 0.625975 0.282368 0.0659644 0.0187877 0.00690447
 0.354731 0.459409 0.142072 0.0315472 0.0122409
pobs_PELACES
 0 0 0 0 0
 0 0 0 0 0
 0 0 0 0 0
 0 0 0 0 0
 0 0 0 0 0
 0 0 0 0 0
 0 0 0 0 0
 0 0 0 0 0
 0 0 0 0 0
 0 0 0 0 0
 0.450072 0.473896 0.0757376 0.000293798 0
 0 0 0 0 0
 0.463077 0.371075 0.160297 0.00555027 0
 0.529543 0.364841 0.0842815 0.0213345 0
 0.631943 0.363953 0.00410389 0 0
 0.735681 0.248677 0.0153453 0.000297389 0
 0.695825 0.281241 0.0229344 0 0
 0.275771 0.60734 0.115278 0.00161068 0
 0 0 0 0 0
 0.896147 0.0623911 0.0374545 0.00400742 0
 0.803859 0.145111 0.0509908 3.86294e-05 0
 0.739449 0.233085 0.0266225 0.000797448 4.60066e-05
 0.878498 0.100942 0.0204185 0.000141795 0
 0.694673 0.275183 0.0284847 0.00165964 0
 0.469039 0.446079 0.0841089 0.000773354 0
ppred_PELACES
 0.771724 0.176512 0.046406 0.00535483 3.11797e-06
 0.731134 0.229054 0.0311838 0.00773782 0.0008898
 0.608448 0.327811 0.0547935 0.00701442 0.00193267
 0.693699 0.216939 0.075631 0.0118121 0.00191908
 0.686581 0.234966 0.0557867 0.0191859 0.00347978
 0.51982 0.363217 0.0879105 0.0206628 0.00839016
 0.669115 0.200796 0.0990389 0.0233485 0.00770171
 0.610872 0.292639 0.059093 0.0284801 0.00891523
 0.680669 0.227225 0.0699273 0.0135967 0.0085818
 0.654683 0.264309 0.0582927 0.0172576 0.00545838
 0.531741 0.35562 0.0870105 0.0184552 0.00717306
 0.544588 0.300469 0.119318 0.0275455 0.00808014
 0.699641 0.208787 0.0616902 0.0230333 0.00684863
 0.75524 0.211378 0.0239602 0.00636161 0.00305962
 0.836475 0.149076 0.0127609 0.00121603 0.000472411
 0.783169 0.199933 0.0156126 0.00113691 0.000148662
 0.652679 0.300501 0.0434137 0.00314788 0.000257844
 0.670647 0.247372 0.0714256 0.00979014 0.00076516
 0.641981 0.270653 0.0662215 0.0184288 0.00271638
 0.719466 0.20482 0.0576851 0.0136728 0.00435624
 0.656732 0.269288 0.0544262 0.0149053 0.00464906
 0.639046 0.262431 0.0775603 0.0154261 0.00553616
 0.689981 0.221845 0.0644531 0.0186788 0.00504148
 0.641734 0.272568 0.0617168 0.0175369 0.00644398
 0.370144 0.452379 0.135737 0.0300725 0.0116672
pobs_pel_tallas
 0 0 0 0 0 0 0 0 0 0 0 0 0 0 0 0 0 0 0 0 0 0 0 0 0 0 0 0 0 0 0 0 0 0 0 0
 0 0 0 0 0 0 0 0 0 0 0 0 0 0 0 0 0 0 0 0 0 0 0 0 0 0 0 0 0 0 0 0 0 0 0 0
 0 0 0 0 0 0 0 0 0 0 0 0 0 0 0 0 0 0 0 0 0 0 0 0 0 0 0 0 0 0 0 0 0 0 0 0
 0 0 0 0 0 0 0 0 0 0 0 0 0 0 0 0 0 0 0 0 0 0 0 0 0 0 0 0 0 0 0 0 0 0 0 0
 0 0 0 0 0 0 0 0 0 0 0 0 0 0 0 0 0 0 0 0 0 0 0 0 0 0 0 0 0 0 0 0 0 0 0 0
 0 0 0 0 0 0 0 0 0 0 0 0 0 0 0 0 0 0 0 0 0 0 0 0 0 0 0 0 0 0 0 0 0 0 0 0
 0 0 0 0 0 0 0 0 0 0 0 0 0 0 0 0 0 0 0 0 0 0 0 0 0 0 0 0 0 0 0 0 0 0 0 0
 0 0 0 0 0 0 0 0 0 0 0 0 0 0 0 0 0 0 0 0 0 0 0 0 0 0 0 0 0 0 0 0 0 0 0 0
 0 0 0 0 0 0 0 0 0 0 0 0 0 0 0 0 0 0 0 0 0 0 0 0 0 0 0 0 0 0 0 0 0 0 0 0
 0 0 0 0 0 0 0 0 0 0 0 0 0 0 0 0 0 0 0 0 0 0 0 0 0 0 0 0 0 0 0 0 0 0 0 0
 0 0 0 0 0 0 0 0 1.78061e-05 0.00172719 0.00360574 0.0105946 0.0120993 0.0124554 0.0147524 0.0171206 0.0266825 0.0428682 0.0675386 0.121331 0.153587 0.119568 0.100827 0.0573624 0.0630603 0.0341343 0.0324427 0.0444173 0.0211091 0.0280891 0.0125444 0.00206551 0 0 0 0
 0 0 0 0 0 0 0 0 0 0 0 0 0 0 0 0 0 0 0 0 0 0 0 0 0 0 0 0 0 0 0 0 0 0 0 0
 0 0 0 0 0 0 0.0133647 0.0140871 0.0187388 0.0205184 0.03894 0.0496705 0.03968 0.0493445 0.0407372 0.0367815 0.0215668 0.0243155 0.0234873 0.0199281 0.019796 0.0243948 0.0301388 0.0376714 0.0412746 0.0863199 0.0771752 0.113111 0.0741005 0.0525337 0.0229764 0.00759418 0.00175318 0 0 0
 0 0 0 0 0 0 0 0 0 0 0.00219441 0.00772107 0.0458388 0.0604681 0.0671733 0.0775358 0.0609151 0.0617685 0.073594 0.0568108 0.0755445 0.0548602 0.0670107 0.0636378 0.0643287 0.046367 0.0373049 0.0286899 0.0247887 0.0153202 0.00654259 0.00121912 0.000365735 0 0 0
 0 0 0 0 0 0 0 0 0 0 0 0 0.000112435 0.00938835 0.0111873 0.0202946 0.0414886 0.0713402 0.111592 0.104902 0.108894 0.110636 0.117776 0.105296 0.107544 0.0401394 0.0192827 0.0124803 0.00416011 0.0028671 0.000618394 0 0 0 0 0
 0 0 0 0 0 0 0 0 0 0 0.00291406 0.0102884 0.027416 0.0768956 0.0749926 0.110853 0.0956884 0.0897413 0.0766577 0.0534642 0.0500743 0.0551293 0.0594112 0.0620874 0.0668451 0.0424026 0.0208742 0.0120726 0.0048766 0.00582813 0.00118941 0.000297354 0 0 0 0
 0 0.00264628 0.0354308 0.0461629 0.0458689 0.0383711 0.0214643 0.0164657 0.0346957 0.0420465 0.0363128 0.0245516 0.0311673 0.0291091 0.0169068 0.0133784 0.00837989 0.0085269 0.0148486 0.0160247 0.0276389 0.0546898 0.0760071 0.122758 0.109233 0.0665981 0.0333725 0.0166128 0.00676272 0.00308733 0.000882094 0 0 0 0 0
 0 0 0 0 0 0 0 0.000805153 0.000690131 0.00759144 0.0133425 0.0154129 0.00931677 0.000345066 0.00356568 0.00563607 0.00851162 0.0253048 0.0502646 0.0516448 0.0657925 0.0565908 0.0611916 0.0827007 0.0866115 0.110766 0.145733 0.0935128 0.0569358 0.0249597 0.0138026 0.00621118 0.00161031 0.00115022 0 0
 0 0 0 0 0 0 0 0 0 0 0 0 0 0 0 0 0 0 0 0 0 0 0 0 0 0 0 0 0 0 0 0 0 0 0 0
 0.00147267 0.00158595 0.00478618 0.00569244 0.00954404 0.0108468 0.00647125 0.017049 0.0510054 0.094081 0.124002 0.0959785 0.0687766 0.0820023 0.061753 0.0591476 0.0492212 0.0479892 0.0443925 0.0268479 0.0217502 0.0140895 0.0121071 0.0120363 0.00920419 0.00665534 0.0049561 0.00860946 0.00930331 0.0156896 0.0114698 0.00855282 0.00243557 0.00046729 0 2.83206e-05
 0 0 0 0 0.000772559 0.00158375 0.000888443 0.00281984 0.00712685 0.0440552 0.0773331 0.111326 0.0921469 0.0852325 0.0710754 0.0886704 0.0786465 0.0553345 0.0373146 0.0185414 0.00753245 0.00457741 0.012979 0.0271748 0.0457355 0.0583668 0.034881 0.0177882 0.00938659 0.00492506 0.0015258 0.00185414 0.000309023 5.79419e-05 3.86279e-05 0
 0 0.00173294 0.00326652 0 0.00397197 0.00683976 0.00946217 0.0152591 0.00757587 0.0136028 0.0228656 0.0392903 0.0559909 0.0764795 0.0681675 0.0726916 0.0566044 0.0477403 0.0527397 0.0444891 0.0609904 0.0582453 0.0661739 0.0445044 0.0529084 0.0360697 0.0280645 0.0235558 0.0158879 0.00826598 0.00280645 0.00217768 0.000904811 0.00058276 9.20147e-05 0
 0 0 0 0 0 0 0 0 0 0 0 0 0 0 0 0 0 0 0 0 0 0 0 0 0 0 0 0 0 0 0 0 0 0 0 0
 0 0 0 0 0 0 0 0 0 0 0 0 0 0 0 0 0 0 0 0 0 0 0 0 0 0 0 0 0 0 0 0 0 0 0 0
 0 0 0 0 0 0 0 0 0 0 0 0 0 0 0 0 0 0 0 0 0 0 0 0 0 0 0 0 0 0 0 0 0 0 0 0
ppred_pel_tallas
 1.00901e-16 3.36707e-05 0.000197621 0.000939405 0.00361677 0.0112786 0.0284887 0.0582917 0.096625 0.129764 0.141209 0.124555 0.0891569 0.0520255 0.0252354 0.0110927 0.00592065 0.00538909 0.00683963 0.00909464 0.011656 0.0142071 0.0164517 0.0181152 0.0189945 0.0190024 0.0181846 0.0167013 0.014783 0.0126737 0.0105824 0.00865449 0.00696649 0.00553818 0.00435364 0.00338123
 1.00825e-16 3.19029e-05 0.000187238 0.000890032 0.00342665 0.0106857 0.0269912 0.0552281 0.0915484 0.122952 0.13381 0.118063 0.084584 0.0495064 0.0242921 0.0111513 0.0066252 0.00662637 0.008633 0.0114992 0.0146922 0.0178253 0.0205186 0.0224213 0.0232813 0.0230025 0.021667 0.0195077 0.0168476 0.0140218 0.0113121 0.00890709 0.00689533 0.00528351 0.00402668 0.00305836
 1.01216e-16 2.65572e-05 0.000155845 0.000740767 0.00285191 0.00889333 0.0224641 0.0459659 0.0761993 0.10235 0.111422 0.0983888 0.0706618 0.0417064 0.0211144 0.0107877 0.00790949 0.00912199 0.0123312 0.016529 0.0211491 0.0256845 0.0295996 0.0323919 0.0336966 0.0333711 0.0315258 0.0284874 0.0247117 0.0206742 0.0167768 0.0132909 0.0103484 0.00796533 0.00608521 0.00462015
 1.0164e-16 3.02701e-05 0.000177653 0.000844467 0.00325122 0.0101386 0.0256093 0.0524006 0.0868616 0.116658 0.126962 0.112023 0.0802643 0.0469931 0.023088 0.0106512 0.00640783 0.00648897 0.00851316 0.0114055 0.0146727 0.0179566 0.0208999 0.023164 0.0244924 0.0247654 0.0240219 0.0224388 0.0202781 0.0178214 0.0153125 0.0129244 0.0107538 0.00883562 0.00716654 0.00572721
 1.01691e-16 2.99604e-05 0.000175834 0.000835812 0.00321789 0.0100347 0.0253468 0.0518636 0.085972 0.115465 0.125667 0.110892 0.0794762 0.046577 0.0229675 0.0107357 0.00664675 0.0068745 0.00905874 0.0121236 0.0155592 0.018982 0.022007 0.0242726 0.025511 0.0256071 0.0246211 0.0227637 0.0203356 0.0176536 0.0149861 0.0125162 0.0103364 0.00846615 0.00688115 0.00554036
 1.02469e-16 2.26941e-05 0.000133162 0.00063292 0.00243665 0.00759837 0.0191932 0.0392737 0.065108 0.0874608 0.0952341 0.0841445 0.0605416 0.0359546 0.0186126 0.0101821 0.00829888 0.0101276 0.0138905 0.0187029 0.0240159 0.0292923 0.0339464 0.0374197 0.0392983 0.0394049 0.0378338 0.034913 0.0311107 0.0269205 0.0227611 0.0189194 0.0155407 0.0126563 0.010228 0.00819002
 1.02634e-16 2.91975e-05 0.000171357 0.000814539 0.00313599 0.00977927 0.0247017 0.0505434 0.0837829 0.112523 0.12246 0.108049 0.077412 0.0453136 0.0222461 0.0102373 0.00613004 0.00619709 0.00815007 0.0109657 0.0141856 0.0174842 0.0205347 0.0230214 0.024696 0.0254276 0.0252231 0.0242107 0.0225956 0.0206037 0.0184348 0.0162351 0.0140947 0.0120605 0.0101554 0.00839451
 1.0233e-16 2.66615e-05 0.000156461 0.000743699 0.00286321 0.00892859 0.0225531 0.0461478 0.0764997 0.102751 0.11185 0.0987475 0.0708776 0.04175 0.0209823 0.0104704 0.00737383 0.00831537 0.0111984 0.0150338 0.0192941 0.0235279 0.0272618 0.0300488 0.0315597 0.0316565 0.0304198 0.0281163 0.0251238 0.0218367 0.0185862 0.0155942 0.0129676 0.0107216 0.00881744 0.00719791
 1.01935e-16 2.97024e-05 0.000174319 0.000828614 0.00319017 0.00994823 0.0251285 0.0514169 0.0852313 0.11447 0.124584 0.109933 0.0787843 0.0461619 0.0227454 0.0106037 0.00652941 0.00673044 0.00887007 0.0118877 0.0152863 0.018696 0.0217447 0.0240804 0.0254385 0.0256988 0.0249074 0.0232543 0.0210172 0.0184915 0.0159301 0.0135089 0.0113212 0.00939488 0.00771822 0.00626452
 1.01762e-16 2.85707e-05 0.000167672 0.000797004 0.00306846 0.00956865 0.0241698 0.0494555 0.0819814 0.110109 0.119848 0.10578 0.0758625 0.0445604 0.0221613 0.0106744 0.00703255 0.00759977 0.0101261 0.013569 0.0174053 0.0212148 0.024566 0.0270529 0.028376 0.0284096 0.027226 0.025068 0.02228 0.0192237 0.016205 0.0134317 0.0110073 0.00895071 0.00722993 0.00579302
 1.02321e-16 2.32136e-05 0.000136213 0.000647425 0.00249251 0.00777255 0.0196331 0.0401738 0.0665997 0.0894631 0.0974105 0.0860582 0.0618982 0.0367196 0.0189339 0.0102383 0.00820701 0.00993429 0.0136004 0.0183064 0.023504 0.0286646 0.0332137 0.0366041 0.03843 0.0385174 0.0369592 0.0340769 0.0303301 0.0262035 0.0221091 0.0183296 0.0150091 0.0121794 0.00980355 0.00781721
 1.03116e-16 2.37717e-05 0.000139494 0.000663034 0.00255262 0.00796003 0.0201066 0.0411422 0.0682034 0.091612 0.0997362 0.0880795 0.0632796 0.0373939 0.019016 0.00986019 0.00742061 0.00871031 0.0118749 0.0160314 0.0206877 0.0253975 0.0296775 0.0330596 0.0351835 0.0358721 0.0351625 0.0332778 0.0305573 0.0273677 0.0240277 0.020765 0.0177102 0.014917 0.0123948 0.0101361
 1.02056e-16 3.05288e-05 0.000179173 0.000851694 0.00327904 0.0102254 0.0258285 0.052849 0.0876046 0.117655 0.128044 0.112972 0.080931 0.0473565 0.0232164 0.0106258 0.00627674 0.00626358 0.0081837 0.010957 0.0140953 0.0172527 0.0200875 0.0222776 0.0235804 0.0238852 0.0232326 0.0217941 0.0198199 0.0175755 0.0152868 0.0131093 0.0111242 0.0093543 0.00778885 0.00640581
 1.00771e-16 3.29533e-05 0.000193406 0.000919361 0.00353958 0.0110378 0.0278808 0.057048 0.0945644 0.127 0.13821 0.12193 0.0873222 0.0510441 0.0249254 0.0112375 0.00639583 0.00616962 0.0079525 0.0105701 0.0134945 0.0163596 0.0188137 0.0205339 0.0212893 0.0209944 0.0197284 0.0177101 0.0152409 0.0126325 0.0101455 0.00795291 0.0061339 0.00469073 0.00357749 0.00272858
 1.00294e-16 3.64929e-05 0.000214193 0.0010182 0.00392014 0.0122246 0.0308784 0.0631809 0.104728 0.140642 0.153035 0.134959 0.0965466 0.0562202 0.0270496 0.0115121 0.00559909 0.00459761 0.00561784 0.00739238 0.00941204 0.0113853 0.013057 0.0141987 0.0146488 0.0143504 0.0133641 0.0118506 0.0100293 0.00812679 0.00633244 0.00477189 0.00350206 0.002523 0.00179843 0.00127651
 1.00333e-16 3.41706e-05 0.000200554 0.000953345 0.00367043 0.0114459 0.0289115 0.0591568 0.0980594 0.131692 0.143311 0.126418 0.090511 0.0528562 0.0257129 0.0114272 0.00627142 0.00585056 0.00745876 0.00988309 0.0125904 0.0152246 0.0174498 0.0189606 0.0195412 0.019116 0.017768 0.0157144 0.0132513 0.0106847 0.00826963 0.00617555 0.00447873 0.00317855 0.00222507 0.00154708
 1.00835e-16 2.84848e-05 0.000167164 0.000794584 0.00305913 0.00953955 0.0240963 0.0493054 0.0817337 0.109779 0.119497 0.105489 0.0756957 0.0445457 0.0223079 0.0109986 0.00757174 0.00840788 0.0112571 0.0150562 0.0192413 0.0233357 0.0268454 0.0293099 0.0303974 0.0299819 0.0281717 0.0252748 0.0217181 0.0179461 0.0143336 0.0111332 0.00846552 0.00634232 0.00470546 0.00346647
 1.01467e-16 2.92662e-05 0.000171756 0.000816426 0.00314324 0.00980186 0.0247588 0.0506606 0.0839784 0.112789 0.12276 0.108337 0.0776687 0.0455654 0.0225576 0.0106938 0.00682294 0.00721467 0.00956527 0.0128178 0.0164585 0.0200884 0.0233008 0.0257116 0.027034 0.0271412 0.0260912 0.0241013 0.0214868 0.0185829 0.0156776 0.0129722 0.0105747 0.00851629 0.0067803 0.00532939
 1.01789e-16 2.80171e-05 0.000164421 0.000781549 0.00300895 0.00938307 0.023701 0.0484965 0.080392 0.107976 0.117529 0.10374 0.0744149 0.0437412 0.0218119 0.0106029 0.00711284 0.00778092 0.0104026 0.0139524 0.0179085 0.0218439 0.0253171 0.0279111 0.0293164 0.0294004 0.0282324 0.0260559 0.0232191 0.0200895 0.0169793 0.0141029 0.0115697 0.00940448 0.00758037 0.00604981
 1.0156e-16 3.13932e-05 0.000184248 0.00087582 0.00337194 0.0105151 0.0265602 0.0543461 0.0900859 0.120987 0.131667 0.116162 0.0832022 0.0486572 0.0238008 0.0108027 0.00625518 0.00613655 0.00797304 0.0106546 0.0136847 0.0167175 0.0194149 0.02146 0.0226158 0.0227771 0.0219901 0.0204314 0.018357 0.016038 0.0137062 0.0115219 0.00956918 0.00787074 0.00641221 0.00516474
 1.0159e-16 2.86602e-05 0.000168197 0.000799501 0.00307807 0.00959862 0.0242455 0.0496104 0.0822383 0.110455 0.120225 0.106114 0.0761066 0.0447121 0.0222522 0.0107433 0.00710972 0.00770402 0.0102677 0.0137516 0.0176254 0.0214605 0.0248164 0.02728 0.0285481 0.0284959 0.0272026 0.0249216 0.0220107 0.0188446 0.0157397 0.0129106 0.0104627 0.00841276 0.00672369 0.00533666
 1.01976e-16 2.78888e-05 0.000163669 0.000777974 0.00299519 0.00934016 0.0235926 0.0482746 0.080024 0.107481 0.116989 0.10326 0.074064 0.0435214 0.0216775 0.0104974 0.00699195 0.00761705 0.0101808 0.0136684 0.0175694 0.0214704 0.0249436 0.0275824 0.0290824 0.0293068 0.0283126 0.026324 0.0236675 0.0206898 0.0176879 0.0148687 0.0123419 0.0101392 0.00824491 0.00662435
 1.01865e-16 3.01082e-05 0.000176702 0.000839944 0.0032338 0.0100843 0.0254722 0.0521199 0.0863965 0.116034 0.126284 0.111428 0.0798444 0.0467604 0.0229979 0.01065 0.00646122 0.00658409 0.00864893 0.0115832 0.01489 0.0182054 0.0211657 0.0234281 0.0247351 0.024971 0.0241825 0.0225569 0.0203667 0.017901 0.0154067 0.0130545 0.0109343 0.00907124 0.00745215 0.00604945
 1.01869e-16 2.80064e-05 0.000164358 0.00078125 0.00300779 0.00937948 0.023692 0.0484779 0.0803613 0.107934 0.117484 0.103701 0.0743894 0.0437301 0.0218135 0.0106153 0.00713549 0.00781485 0.0104489 0.0140112 0.0179775 0.0219183 0.0253893 0.0279719 0.0293567 0.029413 0.0282143 0.026009 0.0231507 0.020011 0.0169042 0.0140441 0.0115375 0.00940476 0.00761398 0.0061131
 1.03653e-16 1.61713e-05 9.48587e-05 0.000450803 0.00173543 0.00541161 0.0136697 0.027973 0.0463797 0.062321 0.0679082 0.0601153 0.0435027 0.0263379 0.0145585 0.00944368 0.00940334 0.0124886 0.01745 0.0235926 0.0303624 0.0371251 0.0431581 0.0477634 0.0504156 0.0508768 0.049242 0.0458931 0.0413872 0.0363161 0.0311867 0.0263515 0.0219974 0.0181793 0.0148721 0.0120199
pSPR Fmed_Fpbrs
0.534481   0.407019 0.407019
Fs Fmed_Fpbrs
0.580384   1.005 1.005
SSBpbr Bo_Bmed_Bpbrs
923775  447551  329806 329806
Ro
37049.1
SPR SPRFo_SPRFmed_SPRFpbrs
760907 406690 309704
log_Ro
10.34
likeval ReclasPelacesDesembMPH_pf_preclas_ppelaces_ptallas_desvR_qrecl_qpela
 62.5297 16.0293 0.00804917 0.000208392 309.687 190.338 76.6206 0 15.8036 1.35766e-05 6.32129e-05 0 0 0 0
q_reclas_q_pelaces
0.593255 3.09918
M
0.7
N
 38289.9 10938.5 3560.97 417.525 0.243323
 46331 17145.9 2816.39 708.734 81.5615
 25460.7 21008.7 4781.02 626.338 172.788
 38589.8 10889.3 4040.93 634.07 103.042
 67247 18592.7 4463.22 1536.23 278.642
 48123 33216.4 8925.65 2114.39 858.913
 83387.3 22717.8 11961 2833.61 934.938
 80195.8 40121.1 9230.51 4492.31 1406.98
 103242 37387.6 13342.9 2623.31 1656.73
 117685 47721.7 11775.9 3515.67 1112.47
 66166 55348.8 16780.1 3616.66 1406.91
 45237 29618.9 14221.5 3330.14 977.603
 45286.8 20491.4 8204.9 3133.91 932.966
 24352.8 19412.6 3998.38 1110.1 535.19
 14783.1 9057.54 1537.73 154.237 60.0844
 14127.9 5270.15 548.193 40.7847 5.33916
 10794.2 6106.7 1084.17 79.8335 6.54462
 12367.6 4851.35 1609.47 222.91 17.4315
 13559.3 5742.28 1572.05 441.18 65.0586
 22079.9 6376.96 2018.84 482.719 153.87
 28511.4 10361.1 2210.47 607.817 189.624
 36886.8 13792.6 4357.25 870.951 312.654
 58903.4 17736 5580.55 1626.94 439.259
 70931.9 28143.3 6893.24 1970.27 724.209
 29868.8 33909.5 10977.4 2445.91 949.229
pred_Ctot
 2722.01 3931.87 1615.44 192.027 0.11199
 2909.66 5587.48 1170.29 298.782 34.4103
 2562.27 9762.59 2710.06 359.088 99.1215
 827.582 1382.71 691.84 110.583 17.9883
 257.095 445.774 148.091 52.0239 9.44636
 1712.92 6688.27 2375.36 572.357 232.715
 1868.45 3004.59 2130 513.968 169.747
 3541.42 9751.77 2930.92 1449.68 454.426
 5158.06 10093.3 4669.54 932.521 589.415
 4491.76 10219 3321.07 1008.26 319.33
 4717.82 19941.7 7628.14 1666.78 648.865
 2872.03 9736.76 5956.08 1414.89 415.674
 4492.92 9427.95 4611.97 1781.88 530.788
 4470.06 12940.2 3017.48 843.271 406.688
 3056.79 6385.6 1208.26 121.873 47.4907
 1327.06 2332.89 298.196 22.45 2.9408
 741.256 2136.45 480.124 35.85 2.94109
 580.466 1242.24 536.392 75.481 5.90759
 517.737 1230.07 443.505 126.569 18.6811
 876.774 1413.7 588.2 142.999 45.622
 530.525 1152.08 332.768 93.2369 29.1167
 843.601 1859.07 790.261 160.884 57.8104
 1607.11 2811.59 1182.89 351.076 94.8771
 1907.45 4402.77 1442.74 419.825 154.462
 776.899 5145.69 2231.41 506.218 196.646
F
 0.103431 0.656835 0.914308 0.933569 0.934605
 0.0908754 0.577103 0.803322 0.820245 0.821155
 0.149353 0.948461 1.32025 1.34806 1.34956
 0.0302202 0.191913 0.267141 0.272769 0.273071
 0.00532863 0.0338394 0.0471041 0.0480964 0.0481498
 0.0506093 0.321394 0.447377 0.456801 0.457308
 0.0315938 0.200636 0.279284 0.285167 0.285483
 0.0631321 0.40092 0.558076 0.569833 0.570465
 0.0716929 0.455285 0.633752 0.647102 0.647821
 0.0543567 0.345191 0.480503 0.490625 0.49117
 0.103756 0.658899 0.917181 0.936502 0.937542
 0.091911 0.583679 0.812476 0.829592 0.830513
 0.147093 0.934115 1.30028 1.32767 1.32914
 0.289051 1.83561 2.55516 2.60898 2.61188
 0.331427 2.10473 2.92976 2.99148 2.9948
 0.138768 0.881245 1.22668 1.25253 1.25392
 0.0997536 0.633484 0.881804 0.900379 0.901379
 0.0672191 0.426874 0.594204 0.606722 0.607395
 0.0543794 0.345336 0.480704 0.490831 0.491375
 0.0566077 0.359487 0.500402 0.510943 0.511511
 0.0261742 0.166219 0.231375 0.23625 0.236512
 0.0322562 0.204843 0.285139 0.291146 0.291469
 0.0385888 0.245058 0.341118 0.348304 0.34869
 0.0380241 0.241471 0.336126 0.343207 0.343588
 0.0367581 0.233432 0.324935 0.33178 0.332148
nmprior
 10.6 11 7 0
nm_flota  nm_reclas  nm_pelaces    nm_pelaL
inf 17.885 17.0638 39.9666
cv_recla  cv_pelaces  cv_mph
0.715267 0.453973 0.468359
 ------------------------------------------------
Talla a la edad & desviación 
 7.2 14.2025 17.0495 18.207 18.6776
 1.08 2.13037 2.55742 2.73105 2.80164
