    unsorted:	 -1.093819350e-05 0.0008999975452 0.002838209944 0.9323687823 30.95499231 28.02943363 14.98563925 67.68837903 108.5150493 129.9080761 324.4780233 298.6782996 395.6592285 453.1573877 557.3131232 560.0421636 677.0738833 710.6048636 811.9415701 832.5303590 871.5418128 915.2996311 925.5744638 997.9420788 1011.887200 1069.441776 1108.653374 1154.602993 1205.679596 1241.465195 1253.276206 1328.841582 1520.398737 1700.082738 1804.282708 1879.292182 2157.119503 2467.136879 35172.79042 196089.4262 213162.4044 462680.6994 450840.1628 508334.7898 562286.2449 664816.9072 695863.7710 740131.9440 765777.0456 815542.4679 839289.7165 950293.3235 1054189.587 1203613.830 1263968.583 1383401.420 1568551.352 1710141.998 1808306.694 1908037.186 2102365.436 2260163.115 2422419.387 2498474.604 6657799.668
      sorted:	 -1.093819350e-05 0.0008999975452 0.002838209944 0.9323687823 14.98563925 28.02943363 30.95499231 67.68837903 108.5150493 129.9080761 298.6782996 324.4780233 395.6592285 453.1573877 557.3131232 560.0421636 677.0738833 710.6048636 811.9415701 832.5303590 871.5418128 915.2996311 925.5744638 997.9420788 1011.887200 1069.441776 1108.653374 1154.602993 1205.679596 1241.465195 1253.276206 1328.841582 1520.398737 1700.082738 1804.282708 1879.292182 2157.119503 2467.136879 35172.79042 196089.4262 213162.4044 450840.1628 462680.6994 508334.7898 562286.2449 664816.9072 695863.7710 740131.9440 765777.0456 815542.4679 839289.7165 950293.3235 1054189.587 1203613.830 1263968.583 1383401.420 1568551.352 1710141.998 1808306.694 1908037.186 2102365.436 2260163.115 2422419.387 2498474.604 6657799.668
