years
 1997 1998 1999 2000 2001 2002 2003 2004 2005 2006 2007 2008 2009 2010 2011 2012 2013 2014 2015 2016 2017 2018 2019 2020 2021
reclasobs
 0 0 0 370054 412103 1.49427e+06 250295 1.28982e+06 931140 785840 897777 1.04006e+06 184774 17550 25797 100020 73551 82996 120727 218422 84188 347160 605670 569463 516374
reclaspred
 1.19134e+06 225713 450898 168270 279978 355975 745536 625835 683254 863618 889478 666029 380704 150626 85833.9 76449.3 81422.1 109646 127320 134701 205791 212168 351540 408396 356718
pelacesobs
 0 0 0 0 0 0 0 0 0 2.06254e+06 1.5e+06 0 1.87456e+06 323000 250000 174000 83755 137374 0 501740 490994 745055 786931 1.00524e+06 1.33801e+06
pelacespred
 3.35371e+06 1.07047e+06 655305 600990 910270 779048 2.16095e+06 1.90519e+06 1.90728e+06 2.57614e+06 2.24873e+06 1.79531e+06 970156 295295 166667 167352 183776 269844 323795 319247 606339 620427 748775 1.03018e+06 856474
mphobs
 0 0 0 0 0 112323 0 153150 637223 0 255016 313432 73983 77613 109348 50772 0 0 0 0 0 0 0 0 0
mphpred
 344027 145850 140070 71060.2 66532.7 147469 174614 284823 257995 292354 381847 280873 174470 94646.7 45844.5 31746.5 29434.3 36084.6 46994.7 45614.5 60895.3 80221.9 96521.4 132816 147558
desembarqueobs
 350755 77701 442110 56441 14545 235359 269955 359681 431902 328805 639364 411747 362871 311530 167758 66681 60226 58785 57116 73181 50977 67692 138656 160484 209506
desembarquepred
 350731 77666.3 441618 56426.4 14544.3 235279 269945 359229 431534 328581 638411 411193 362280 311032 167256 66621.7 60207 58718.9 57046.2 73113.4 50966.6 67637.9 138574 160403 209395
Reclutas
 20516.8 44229.9 6435.43 11170.5 39275.4 18199.7 63059.4 59666.3 72597.9 114205 71322.2 47334.3 50905.9 29393.9 12462.1 9886.27 7595.58 9362.22 8086.63 10622.9 16502.2 20142.5 32493.9 33465 5094.71
log_desv_Rt
 -0.110999 0.657155 -1.27043 -0.71897 0.538353 -0.23084 1.01183 0.956523 1.15269 1.60575 1.13496 0.724991 0.797735 0.248543 -0.609555 -0.841098 -1.10468 -0.895563 -1.04203 -0.769231 -0.328751 -0.129413 0.348809 0.378254 -1.50404
SSB
 549241 232851 223623 113448 106220 235435 278772 454722 411890 466745 609622 448415 278543 151104 73191 50683.5 46992.2 57609.3 75027.3 72823.9 97219.9 128075 154097 212042 235577
BT
 1.22472e+06 365272 397433 198869 302107 359839 1.0948e+06 1.01268e+06 1.09895e+06 1.21425e+06 1.25598e+06 884152 694700 400988 203930 111033 112465 139869 132393 155172 234882 210218 293022 412341 344168
Ftot
 0.741818 1.01173 2.12271 0.859056 0.189116 1.58455 1.26351 1.77534 1.9679 1.2943 1.92213 1.59094 2.59908 4.95303 4.95303 2.46919 2.18983 1.64818 1.21085 1.51855 0.768858 0.873375 1.07504 1.0989 1.3299
BD_Bspro_t
 0.924863 0.621787 0.509614 0.212607 0.303174 0.539399 0.435306 0.512539 0.443179 0.430349 0.459811 0.32186 0.228331 0.15283 0.0904785 0.0781712 0.10036 0.164748 0.249379 0.290634 0.384612 0.516833 0.519859 0.521952 0.476471
BD_Bspro
 1.16652 0.494547 0.474949 0.24095 0.225598 0.500036 0.592078 0.965775 0.874805 0.99131 1.29476 0.952379 0.591591 0.320927 0.155449 0.107646 0.0998056 0.122355 0.159349 0.154669 0.206483 0.272016 0.327284 0.450351 0.500338
BD_Bo
 0.748672 0.3174 0.304821 0.154642 0.144789 0.320923 0.379995 0.619833 0.561449 0.636222 0.830977 0.611236 0.379682 0.20597 0.0997668 0.0690869 0.0640551 0.0785274 0.10227 0.0992665 0.132521 0.174579 0.21005 0.289034 0.321116
BD_Brms
 1.93243 0.819256 0.786789 0.399153 0.373721 0.828349 0.980823 1.59988 1.44918 1.64218 2.14487 1.57769 0.980016 0.53164 0.257513 0.178323 0.165336 0.202691 0.263974 0.256221 0.342055 0.450615 0.542171 0.74604 0.828848
S_f
 0.0762512 0.610647 0.967531 0.998237 0.999907
 0.0762512 0.610647 0.967531 0.998237 0.999907
 0.0762512 0.610647 0.967531 0.998237 0.999907
 0.0762512 0.610647 0.967531 0.998237 0.999907
 0.0762512 0.610647 0.967531 0.998237 0.999907
 0.0762512 0.610647 0.967531 0.998237 0.999907
 0.0762512 0.610647 0.967531 0.998237 0.999907
 0.0762512 0.610647 0.967531 0.998237 0.999907
 0.0762512 0.610647 0.967531 0.998237 0.999907
 0.0762512 0.610647 0.967531 0.998237 0.999907
 0.0762512 0.610647 0.967531 0.998237 0.999907
 0.0762512 0.610647 0.967531 0.998237 0.999907
 0.0762512 0.610647 0.967531 0.998237 0.999907
 0.0762512 0.610647 0.967531 0.998237 0.999907
 0.0762512 0.610647 0.967531 0.998237 0.999907
 0.0762512 0.610647 0.967531 0.998237 0.999907
 0.0762512 0.610647 0.967531 0.998237 0.999907
 0.0762512 0.610647 0.967531 0.998237 0.999907
 0.0762512 0.610647 0.967531 0.998237 0.999907
 0.0762512 0.610647 0.967531 0.998237 0.999907
 0.0762512 0.610647 0.967531 0.998237 0.999907
 0.0762512 0.610647 0.967531 0.998237 0.999907
 0.0762512 0.610647 0.967531 0.998237 0.999907
 0.0762512 0.610647 0.967531 0.998237 0.999907
 0.0762512 0.610647 0.967531 0.998237 0.999907
Scru_reclas
 0.264391 0.643978 0.90102 0.978638 0.995681
 0.264391 0.643978 0.90102 0.978638 0.995681
 0.264391 0.643978 0.90102 0.978638 0.995681
 0.264391 0.643978 0.90102 0.978638 0.995681
 0.264391 0.643978 0.90102 0.978638 0.995681
 0.264391 0.643978 0.90102 0.978638 0.995681
 0.264391 0.643978 0.90102 0.978638 0.995681
 0.264391 0.643978 0.90102 0.978638 0.995681
 0.264391 0.643978 0.90102 0.978638 0.995681
 0.264391 0.643978 0.90102 0.978638 0.995681
 0.264391 0.643978 0.90102 0.978638 0.995681
 0.264391 0.643978 0.90102 0.978638 0.995681
 0.264391 0.643978 0.90102 0.978638 0.995681
 0.264391 0.643978 0.90102 0.978638 0.995681
 0.264391 0.643978 0.90102 0.978638 0.995681
 0.264391 0.643978 0.90102 0.978638 0.995681
 0.264391 0.643978 0.90102 0.978638 0.995681
 0.264391 0.643978 0.90102 0.978638 0.995681
 0.264391 0.643978 0.90102 0.978638 0.995681
 0.264391 0.643978 0.90102 0.978638 0.995681
 0.264391 0.643978 0.90102 0.978638 0.995681
 0.264391 0.643978 0.90102 0.978638 0.995681
 0.264391 0.643978 0.90102 0.978638 0.995681
 0.264391 0.643978 0.90102 0.978638 0.995681
 0.264391 0.643978 0.90102 0.978638 0.995681
Scru_pelaces
 0.224988 0.593659 0.880277 0.973686 0.994659
 0.224988 0.593659 0.880277 0.973686 0.994659
 0.224988 0.593659 0.880277 0.973686 0.994659
 0.224988 0.593659 0.880277 0.973686 0.994659
 0.224988 0.593659 0.880277 0.973686 0.994659
 0.224988 0.593659 0.880277 0.973686 0.994659
 0.224988 0.593659 0.880277 0.973686 0.994659
 0.224988 0.593659 0.880277 0.973686 0.994659
 0.224988 0.593659 0.880277 0.973686 0.994659
 0.224988 0.593659 0.880277 0.973686 0.994659
 0.224988 0.593659 0.880277 0.973686 0.994659
 0.224988 0.593659 0.880277 0.973686 0.994659
 0.224988 0.593659 0.880277 0.973686 0.994659
 0.224988 0.593659 0.880277 0.973686 0.994659
 0.224988 0.593659 0.880277 0.973686 0.994659
 0.224988 0.593659 0.880277 0.973686 0.994659
 0.224988 0.593659 0.880277 0.973686 0.994659
 0.224988 0.593659 0.880277 0.973686 0.994659
 0.224988 0.593659 0.880277 0.973686 0.994659
 0.224988 0.593659 0.880277 0.973686 0.994659
 0.224988 0.593659 0.880277 0.973686 0.994659
 0.224988 0.593659 0.880277 0.973686 0.994659
 0.224988 0.593659 0.880277 0.973686 0.994659
 0.224988 0.593659 0.880277 0.973686 0.994659
 0.224988 0.593659 0.880277 0.973686 0.994659
pf_obs 
 0.256992 0.487395 0.22802 0.0275931 0
 0.321318 0.546541 0.124235 0.00734118 0.000564706
 0.182869 0.594174 0.210203 0.0122559 0.00049798
 0.330522 0.361315 0.267642 0.0388342 0.00168674
 0.649043 0.306663 0.0425973 0.00169635 0
 0.582887 0.30429 0.105238 0.00758474 0
 0.465427 0.430635 0.0974691 0.00646863 0
 0.296916 0.608066 0.0921331 0.00288517 0
 0.311714 0.524322 0.152257 0.0117073 0
 0.15457 0.633149 0.183074 0.0267441 0.00246327
 0.131901 0.49318 0.331252 0.0422183 0.00144891
 0.196976 0.569456 0.194076 0.0375587 0.00193317
 0.518974 0.381816 0.0799577 0.0180837 0.00116848
 0.0928022 0.601141 0.25162 0.0475244 0.00691264
 0.122501 0.610282 0.24278 0.0234846 0.000952079
 0.383417 0.481906 0.127806 0.00687128 0
 0.0376549 0.599619 0.316969 0.0457579 0
 0.0361596 0.667082 0.258105 0.0386534 0
 0.158088 0.579412 0.248529 0.0139706 0
 0.0477256 0.309471 0.559284 0.082774 0.000745712
 0.0406174 0.521527 0.379366 0.0568643 0.0016247
 0.151134 0.462217 0.34131 0.0453401 0
 0.294876 0.26143 0.354403 0.0886775 0.000613685
 0.281977 0.475581 0.204845 0.0348837 0.00271318
 0.0354234 0.537034 0.353287 0.0723622 0.0018943
pf_pred 
 0.112396 0.595785 0.258347 0.0334628 8.16853e-06
 0.271935 0.37891 0.27549 0.0655411 0.00812422
 0.0473432 0.773749 0.122068 0.0453196 0.0115201
 0.195843 0.314936 0.450112 0.0273269 0.0117812
 0.407599 0.413142 0.0977684 0.0752523 0.00623853
 0.121657 0.733964 0.114265 0.0166767 0.0134369
 0.437996 0.338309 0.205939 0.0142385 0.00351758
 0.25562 0.67125 0.0555492 0.016256 0.00132471
 0.297953 0.564828 0.131306 0.00456403 0.00134919
 0.33983 0.558043 0.0931011 0.00866352 0.000362548
 0.179034 0.691675 0.118965 0.00945906 0.000866512
 0.166201 0.612693 0.205643 0.0143065 0.00115573
 0.270212 0.526869 0.175223 0.0258709 0.00182478
 0.26863 0.649608 0.0726398 0.00796988 0.00115151
 0.256008 0.704618 0.0386259 0.000675555 7.2473e-05
 0.309011 0.645963 0.0446346 0.000384986 6.37322e-06
 0.24184 0.661911 0.0939889 0.00224183 1.80413e-05
 0.297619 0.572543 0.123132 0.00656026 0.00014586
 0.209643 0.653286 0.124752 0.0117208 0.000598375
 0.266109 0.530558 0.18453 0.0171954 0.0016077
 0.293447 0.56282 0.122536 0.0193441 0.00185341
 0.23306 0.58915 0.156159 0.0185604 0.00306977
 0.284431 0.517538 0.170783 0.0240682 0.00317962
 0.22067 0.616325 0.136703 0.0228416 0.00346081
 0.0388822 0.699998 0.230714 0.025711 0.00469472
pobs_RECLAS
 0 0 0 0 0
 0 0 0 0 0
 0 0 0 0 0
 0 0 0 0 0
 0.835266 0.146461 0.0176864 0.000547809 3.91292e-05
 0.385257 0.428462 0.181853 0.0044286 0
 0.867414 0.0963971 0.0333333 0.00285562 0
 0.441836 0.489002 0.0689373 0.000224442 0
 0.779404 0.147425 0.0564933 0.0165055 0.000172143
 0.814271 0.122319 0.05973 0.00367925 0
 0.40263 0.566651 0.0304383 0.000280538 0
 0.475488 0.404961 0.113038 0.00651328 0
 0.955842 0.0263864 0.0167828 0.000988607 0
 0.975058 0.0227948 0.00214734 0 0
 0.738997 0.206755 0.0527124 0.00153531 0
 0.850938 0.134255 0.0134407 0.00136685 0
 0.542534 0.407297 0.0501686 0 0
 0.764087 0.199537 0.0359546 0.000420521 0
 0.470689 0.182191 0.310203 0.0369168 0
 0.84361 0.089868 0.0606195 0.00523954 0.000663233
 0.607945 0.314616 0.071237 0.00620181 0
 0.523733 0.453247 0.0230204 0 0
 0.530135 0.295979 0.169645 0.0042399 0
 0.562478 0.366248 0.0663022 0.0049721 0
 0.250443 0.683176 0.0655157 0.000865301 0
ppred_RECLAS
 0.310148 0.484732 0.180559 0.0245559 6.08762e-06
 0.580319 0.234807 0.144343 0.036 0.0045315
 0.16256 0.709481 0.0861623 0.0332251 0.00857209
 0.476548 0.224517 0.273852 0.0174456 0.00763799
 0.701272 0.214814 0.0446788 0.0361875 0.00304707
 0.338293 0.56994 0.0718625 0.0109482 0.00895576
 0.7449 0.164413 0.0831607 0.00601718 0.0015094
 0.559994 0.404544 0.0266587 0.00813001 0.000672556
 0.620792 0.31858 0.0579055 0.0020937 0.000628241
 0.649516 0.304148 0.0420662 0.00409566 0.000174029
 0.453597 0.476254 0.0643311 0.00532321 0.000494992
 0.429096 0.441523 0.119955 0.00871086 0.000714422
 0.610473 0.303671 0.0737913 0.0112583 0.000805753
 0.672149 0.307441 0.0181256 0.00199284 0.000291667
 0.651069 0.338944 0.00979623 0.00017169 1.86578e-05
 0.637665 0.344521 0.0176539 0.000157575 2.64707e-06
 0.553318 0.40196 0.0436325 0.0010802 8.82274e-06
 0.612572 0.327477 0.0567265 0.00315314 7.11729e-05
 0.48765 0.43576 0.0694089 0.00682719 0.000353915
 0.576396 0.322514 0.0913555 0.00889129 0.000843994
 0.591951 0.334271 0.0624258 0.0103458 0.00100669
 0.517698 0.383101 0.0865888 0.010798 0.00181366
 0.589252 0.310141 0.0861737 0.0127261 0.00170722
 0.503145 0.405886 0.0756813 0.0132492 0.00203845
 0.129708 0.664266 0.181013 0.0211004 0.003912
pobs_PELACES
 0 0 0 0 0
 0 0 0 0 0
 0 0 0 0 0
 0 0 0 0 0
 0 0 0 0 0
 0 0 0 0 0
 0 0 0 0 0
 0 0 0 0 0
 0 0 0 0 0
 0 0 0 0 0
 0.450072 0.473896 0.0757376 0.000293798 0
 0 0 0 0 0
 0.463077 0.371075 0.160297 0.00555027 0
 0.529543 0.364841 0.0842815 0.0213345 0
 0.631943 0.363953 0.00410389 0 0
 0.735681 0.248677 0.0153453 0.000297389 0
 0.695825 0.281241 0.0229344 0 0
 0.275771 0.60734 0.115278 0.00161068 0
 0 0 0 0 0
 0.896147 0.0623911 0.0374545 0.00400742 0
 0.803859 0.145111 0.0509908 3.86294e-05 0
 0.739449 0.233085 0.0266225 0.000797448 4.60066e-05
 0.878498 0.100942 0.0204185 0.000141795 0
 0.694673 0.275183 0.0284847 0.00165964 0
 0.469039 0.446079 0.0841089 0.000773354 0
ppred_PELACES
 0.32292 0.479697 0.173524 0.0238531 5.93494e-06
 0.610198 0.22376 0.129401 0.0325315 0.00410922
 0.211181 0.686689 0.0688309 0.0264548 0.00684499
 0.500371 0.219479 0.256413 0.0164908 0.00724581
 0.688744 0.221057 0.0476527 0.0392305 0.00331635
 0.388239 0.535834 0.0594122 0.00907103 0.00744377
 0.776528 0.148586 0.0686363 0.00499322 0.00125674
 0.619058 0.354239 0.0200717 0.0061226 0.000508049
 0.68692 0.269907 0.0412364 0.00148843 0.000447946
 0.685046 0.276592 0.0348102 0.00340654 0.00014523
 0.523207 0.424017 0.048403 0.00400017 0.000373078
 0.485714 0.408964 0.0976333 0.00710477 0.000584548
 0.706295 0.240668 0.0456353 0.00690629 0.000495572
 0.823067 0.170271 0.00593682 0.000632194 9.26483e-05
 0.80674 0.189952 0.00324682 5.51137e-05 5.99716e-06
 0.717263 0.271609 0.0110279 9.77664e-05 1.64677e-06
 0.631476 0.337755 0.0300223 0.000740308 6.0638e-06
 0.665664 0.288271 0.0435837 0.00242628 5.49382e-05
 0.524034 0.409747 0.0599751 0.00593446 0.000308677
 0.627903 0.291185 0.0730979 0.00713452 0.000679411
 0.606615 0.324036 0.0585805 0.00981032 0.000958042
 0.53833 0.369955 0.0799547 0.0100646 0.00169651
 0.61929 0.292125 0.0757912 0.0112751 0.0015178
 0.53465 0.384919 0.0668293 0.0117827 0.00181907
 0.151009 0.66264 0.163622 0.0191639 0.00356476
pobs_pel_tallas
 0 0 0 0 0 0 0 0 0 0 0 0 0 0 0 0 0 0 0 0 0 0 0 0 0 0 0 0 0 0 0 0 0 0 0 0
 0 0 0 0 0 0 0 0 0 0 0 0 0 0 0 0 0 0 0 0 0 0 0 0 0 0 0 0 0 0 0 0 0 0 0 0
 0 0 0 0 0 0 0 0 0 0 0 0 0 0 0 0 0 0 0 0 0 0 0 0 0 0 0 0 0 0 0 0 0 0 0 0
 0 0 0 0 0 0 0 0 0 0 0 0 0 0 0 0 0 0 0 0 0 0 0 0 0 0 0 0 0 0 0 0 0 0 0 0
 0 0 0 0 0 0 0 0 0 0 0 0 0 0 0 0 0 0 0 0 0 0 0 0 0 0 0 0 0 0 0 0 0 0 0 0
 0 0 0 0 0 0 0 0 0 0 0 0 0 0 0 0 0 0 0 0 0 0 0 0 0 0 0 0 0 0 0 0 0 0 0 0
 0 0 0 0 0 0 0 0 0 0 0 0 0 0 0 0 0 0 0 0 0 0 0 0 0 0 0 0 0 0 0 0 0 0 0 0
 0 0 0 0 0 0 0 0 0 0 0 0 0 0 0 0 0 0 0 0 0 0 0 0 0 0 0 0 0 0 0 0 0 0 0 0
 0 0 0 0 0 0 0 0 0 0 0 0 0 0 0 0 0 0 0 0 0 0 0 0 0 0 0 0 0 0 0 0 0 0 0 0
 0 0 0 0 0 0 0 0 0 0 0 0 0 0 0 0 0 0 0 0 0 0 0 0 0 0 0 0 0 0 0 0 0 0 0 0
 0 0 0 0 0 0 0 0 1.78061e-05 0.00172719 0.00360574 0.0105946 0.0120993 0.0124554 0.0147524 0.0171206 0.0266825 0.0428682 0.0675386 0.121331 0.153587 0.119568 0.100827 0.0573624 0.0630603 0.0341343 0.0324427 0.0444173 0.0211091 0.0280891 0.0125444 0.00206551 0 0 0 0
 0 0 0 0 0 0 0 0 0 0 0 0 0 0 0 0 0 0 0 0 0 0 0 0 0 0 0 0 0 0 0 0 0 0 0 0
 0 0 0 0 0 0 0.0133647 0.0140871 0.0187388 0.0205184 0.03894 0.0496705 0.03968 0.0493445 0.0407372 0.0367815 0.0215668 0.0243155 0.0234873 0.0199281 0.019796 0.0243948 0.0301388 0.0376714 0.0412746 0.0863199 0.0771752 0.113111 0.0741005 0.0525337 0.0229764 0.00759418 0.00175318 0 0 0
 0 0 0 0 0 0 0 0 0 0 0.00219441 0.00772107 0.0458388 0.0604681 0.0671733 0.0775358 0.0609151 0.0617685 0.073594 0.0568108 0.0755445 0.0548602 0.0670107 0.0636378 0.0643287 0.046367 0.0373049 0.0286899 0.0247887 0.0153202 0.00654259 0.00121912 0.000365735 0 0 0
 0 0 0 0 0 0 0 0 0 0 0 0 0.000112435 0.00938835 0.0111873 0.0202946 0.0414886 0.0713402 0.111592 0.104902 0.108894 0.110636 0.117776 0.105296 0.107544 0.0401394 0.0192827 0.0124803 0.00416011 0.0028671 0.000618394 0 0 0 0 0
 0 0 0 0 0 0 0 0 0 0 0.00291406 0.0102884 0.027416 0.0768956 0.0749926 0.110853 0.0956884 0.0897413 0.0766577 0.0534642 0.0500743 0.0551293 0.0594112 0.0620874 0.0668451 0.0424026 0.0208742 0.0120726 0.0048766 0.00582813 0.00118941 0.000297354 0 0 0 0
 0 0.00264628 0.0354308 0.0461629 0.0458689 0.0383711 0.0214643 0.0164657 0.0346957 0.0420465 0.0363128 0.0245516 0.0311673 0.0291091 0.0169068 0.0133784 0.00837989 0.0085269 0.0148486 0.0160247 0.0276389 0.0546898 0.0760071 0.122758 0.109233 0.0665981 0.0333725 0.0166128 0.00676272 0.00308733 0.000882094 0 0 0 0 0
 0 0 0 0 0 0 0 0.000805153 0.000690131 0.00759144 0.0133425 0.0154129 0.00931677 0.000345066 0.00356568 0.00563607 0.00851162 0.0253048 0.0502646 0.0516448 0.0657925 0.0565908 0.0611916 0.0827007 0.0866115 0.110766 0.145733 0.0935128 0.0569358 0.0249597 0.0138026 0.00621118 0.00161031 0.00115022 0 0
 0 0 0 0 0 0 0 0 0 0 0 0 0 0 0 0 0 0 0 0 0 0 0 0 0 0 0 0 0 0 0 0 0 0 0 0
 0.00147267 0.00158595 0.00478618 0.00569244 0.00954404 0.0108468 0.00647125 0.017049 0.0510054 0.094081 0.124002 0.0959785 0.0687766 0.0820023 0.061753 0.0591476 0.0492212 0.0479892 0.0443925 0.0268479 0.0217502 0.0140895 0.0121071 0.0120363 0.00920419 0.00665534 0.0049561 0.00860946 0.00930331 0.0156896 0.0114698 0.00855282 0.00243557 0.00046729 0 2.83206e-05
 0 0 0 0 0.000772559 0.00158375 0.000888443 0.00281984 0.00712685 0.0440552 0.0773331 0.111326 0.0921469 0.0852325 0.0710754 0.0886704 0.0786465 0.0553345 0.0373146 0.0185414 0.00753245 0.00457741 0.012979 0.0271748 0.0457355 0.0583668 0.034881 0.0177882 0.00938659 0.00492506 0.0015258 0.00185414 0.000309023 5.79419e-05 3.86279e-05 0
 0 0.00173294 0.00326652 0 0.00397197 0.00683976 0.00946217 0.0152591 0.00757587 0.0136028 0.0228656 0.0392903 0.0559909 0.0764795 0.0681675 0.0726916 0.0566044 0.0477403 0.0527397 0.0444891 0.0609904 0.0582453 0.0661739 0.0445044 0.0529084 0.0360697 0.0280645 0.0235558 0.0158879 0.00826598 0.00280645 0.00217768 0.000904811 0.00058276 9.20147e-05 0
 0 0 0 0 0 0 0 0 0 0 0 0 0 0 0 0 0 0 0 0 0 0 0 0 0 0 0 0 0 0 0 0 0 0 0 0
 0 0 0 0 0 0 0 0 0 0 0 0 0 0 0 0 0 0 0 0 0 0 0 0 0 0 0 0 0 0 0 0 0 0 0 0
 0 0 0 0 0 0 0 0 0 0 0 0 0 0 0 0 0 0 0 0 0 0 0 0 0 0 0 0 0 0 0 0 0 0 0 0
ppred_pel_tallas
 1.0344e-16 1.41133e-05 8.27739e-05 0.000393344 0.00151419 0.00472166 0.011927 0.0244075 0.0404708 0.0543893 0.0592869 0.0525345 0.0381282 0.0233066 0.0132848 0.0092209 0.00977 0.0132646 0.0186241 0.025215 0.0324835 0.0397643 0.0462892 0.051311 0.0542604 0.0548694 0.0532211 0.0497038 0.0448959 0.0394205 0.0338193 0.0284796 0.023621 0.0193263 0.0155939 0.0123845
 1.0322e-16 2.66295e-05 0.000156279 0.000742847 0.00285995 0.00891844 0.0225274 0.0460947 0.07641 0.102625 0.111699 0.0985804 0.0706847 0.0414903 0.0205837 0.00983631 0.00639224 0.00687223 0.00919892 0.012432 0.0161256 0.0199347 0.0234982 0.0264619 0.0285417 0.0295789 0.0295648 0.0286235 0.0269651 0.0248266 0.022421 0.0199099 0.0174002 0.014957 0.0126236 0.0104361
 1.0243e-16 9.24907e-06 5.41981e-05 0.000257451 0.000990894 0.00308975 0.00780517 0.0159755 0.0265003 0.0356472 0.0389442 0.0347153 0.0256438 0.0165666 0.0110303 0.00995025 0.0125977 0.0179796 0.0253758 0.0341969 0.0437207 0.0529924 0.0609122 0.0664389 0.0688265 0.0678017 0.0636275 0.057021 0.0489662 0.04048 0.0324103 0.0253182 0.0194572 0.0148293 0.0112794 0.00858837
 1.04617e-16 2.18407e-05 0.000128163 0.000609184 0.00234531 0.00731355 0.0184736 0.0378004 0.0626622 0.0841655 0.0916201 0.0808901 0.0580673 0.0342205 0.0172343 0.00867415 0.00623422 0.00718094 0.00984307 0.0134686 0.0176904 0.0221979 0.0266407 0.0306501 0.0338989 0.0361554 0.0373131 0.0373859 0.0364779 0.034742 0.0323453 0.029449 0.0262054 0.0227623 0.0192674 0.0158651
 1.02252e-16 3.00541e-05 0.000176385 0.000838437 0.003228 0.0100662 0.0254265 0.0520264 0.0862415 0.115826 0.126057 0.111227 0.0796989 0.0466721 0.0229486 0.010617 0.00642657 0.00653597 0.00857897 0.0114847 0.0147579 0.0180373 0.0209635 0.0231993 0.0244943 0.0247393 0.0239869 0.0224273 0.0203324 0.0179864 0.0156269 0.0134125 0.0114193 0.00965986 0.00811114 0.00674028
 1.01678e-16 1.69635e-05 9.95025e-05 0.000472864 0.00182034 0.00567638 0.0143386 0.0293422 0.0486514 0.0653779 0.0712508 0.063102 0.0457238 0.0278008 0.0155768 0.0104102 0.0106444 0.0142334 0.019843 0.0266913 0.0341146 0.0413435 0.0475139 0.0518109 0.0536505 0.0528179 0.0495176 0.04431 0.0379651 0.0312801 0.0249218 0.019334 0.01472 0.0110857 0.00831243 0.00622924
 1.01254e-16 3.38791e-05 0.000198847 0.000945239 0.00363924 0.0113486 0.0286657 0.0586536 0.0972241 0.130567 0.142076 0.125305 0.0896615 0.0522554 0.025227 0.0108865 0.00552551 0.00478287 0.00598919 0.00797804 0.0102809 0.0126229 0.0147535 0.0164369 0.017491 0.0178242 0.0174508 0.0164789 0.0150758 0.0134251 0.0116896 0.00998931 0.00839747 0.00694911 0.00565552 0.00451703
 1.00635e-16 2.70209e-05 0.000158565 0.000753691 0.00290166 0.00904848 0.022856 0.046768 0.0775294 0.104139 0.113373 0.10012 0.0719249 0.042491 0.0215826 0.0111401 0.00830067 0.0096469 0.0130395 0.0174344 0.0222271 0.0268671 0.0307745 0.0334119 0.0344002 0.0336091 0.0311902 0.0275328 0.0231649 0.01863 0.0143802 0.0107127 0.00775835 0.00551047 0.003875 0.00272097
 1.00746e-16 2.99766e-05 0.000175925 0.000836242 0.00321953 0.0100398 0.0253598 0.0518903 0.0860173 0.115529 0.125744 0.110977 0.0795763 0.0467134 0.0231786 0.0110733 0.00717155 0.00765004 0.0101403 0.0135428 0.0173066 0.0209932 0.0241568 0.0263829 0.0273728 0.0270122 0.025397 0.0228024 0.0196109 0.0162211 0.0129695 0.0100838 0.00767345 0.00575051 0.00426439 0.00313703
 1.00709e-16 2.98951e-05 0.000175446 0.000833963 0.00321075 0.0100124 0.0252907 0.051749 0.0857831 0.115215 0.125404 0.110681 0.0793721 0.0466101 0.0231579 0.0111139 0.00726321 0.0077941 0.0103432 0.0138096 0.0176356 0.0213729 0.0245653 0.0267894 0.0277417 0.0273093 0.0255958 0.022889 0.019586 0.0160992 0.0127752 0.00984637 0.00742208 0.00550966 0.00405145 0.00296161
 1.00981e-16 2.28442e-05 0.000134038 0.000637071 0.00245262 0.00764815 0.019319 0.0395315 0.065537 0.0880417 0.0958789 0.0847434 0.0610358 0.0363746 0.0190605 0.0107906 0.00920201 0.0114467 0.0157216 0.0210959 0.026947 0.032642 0.037491 0.0408473 0.0422477 0.0415223 0.0388344 0.0346301 0.0295233 0.0241504 0.0190456 0.0145663 0.0108785 0.00799066 0.00580985 0.00419952
 1.01791e-16 2.12088e-05 0.000124438 0.000591434 0.00227691 0.0071002 0.0179349 0.0366995 0.0608426 0.0817373 0.0890185 0.0786923 0.0567047 0.0338486 0.0178392 0.0102645 0.00894503 0.0112516 0.0155224 0.0209001 0.0268048 0.0326368 0.0377332 0.0414629 0.0433598 0.0432283 0.0411842 0.0376105 0.0330529 0.0280875 0.0232063 0.0187495 0.0148931 0.011677 0.00905504 0.00694259
 1.00987e-16 3.08203e-05 0.000180881 0.000859808 0.00331027 0.0103228 0.0260745 0.0533526 0.0884402 0.11878 0.129274 0.114072 0.0817514 0.0479013 0.0236032 0.0110022 0.00676731 0.00695809 0.00914149 0.0122054 0.0156202 0.0189875 0.0219096 0.0240158 0.0250363 0.0248626 0.0235712 0.0213964 0.0186675 0.0157292 0.0128736 0.0102995 0.00810519 0.00630615 0.00486578 0.00372509
 1.00166e-16 3.59091e-05 0.000210764 0.00100189 0.00385734 0.0120288 0.0303838 0.062169 0.103051 0.138393 0.150592 0.132818 0.0950427 0.0554005 0.02676 0.0115681 0.00588927 0.00509137 0.00632888 0.00834233 0.0106066 0.0128011 0.0146362 0.0158527 0.0162694 0.0158265 0.0146006 0.0127835 0.0106341 0.00841812 0.00635621 0.00459308 0.00319145 0.00214613 0.00140836 0.000910749
 1.00111e-16 3.5198e-05 0.000206587 0.000982027 0.00378087 0.0117903 0.0297814 0.0609366 0.101009 0.135652 0.147616 0.130206 0.0932011 0.0543832 0.0263734 0.0115799 0.00615441 0.00556251 0.00701407 0.00926351 0.0117736 0.0141974 0.0162141 0.017535 0.0179593 0.0174226 0.0160132 0.0139487 0.011521 0.00902961 0.00672271 0.0047623 0.00321758 0.0020807 0.00129436 0.000780007
 1.00249e-16 3.12997e-05 0.000183693 0.00087317 0.00336171 0.0104832 0.0264798 0.0541819 0.0898155 0.120629 0.131292 0.115866 0.0830637 0.0487247 0.024109 0.0114029 0.007229 0.00758598 0.00999338 0.0132996 0.0169314 0.0204395 0.0233735 0.025321 0.0259927 0.0252924 0.0233414 0.0204451 0.0170154 0.0134763 0.0101799 0.00735768 0.00511068 0.00343179 0.00224442 0.00144197
 1.00562e-16 2.75617e-05 0.000161742 0.000768797 0.00295983 0.00922987 0.0233141 0.0477053 0.0790825 0.106223 0.115636 0.102106 0.0733238 0.0432615 0.0218709 0.0111219 0.00808521 0.00926934 0.0124937 0.0167051 0.0213101 0.0257799 0.0295603 0.0321363 0.0331423 0.0324487 0.030193 0.02674 0.0225878 0.0182516 0.0141623 0.0106068 0.00771578 0.00549087 0.00385056 0.00267718
 1.00799e-16 2.90505e-05 0.000170487 0.000810381 0.00311995 0.00972923 0.0245754 0.0502856 0.083358 0.11196 0.121866 0.10757 0.0771663 0.0453659 0.0226348 0.0110215 0.00741153 0.00810812 0.0108165 0.0144604 0.0184813 0.022418 0.0257958 0.0281725 0.0292289 0.0288431 0.0271178 0.0243471 0.0209394 0.0173205 0.0138496 0.0107696 0.00819732 0.00614527 0.0045593 0.00335593
 1.01204e-16 2.28797e-05 0.000134248 0.000638072 0.00245648 0.00766018 0.0193493 0.0395936 0.0656394 0.0881781 0.0960243 0.0848644 0.0611066 0.0363842 0.0190063 0.0106676 0.00899695 0.0111401 0.0152942 0.0205368 0.0262617 0.0318576 0.0366585 0.0400374 0.0415416 0.0409988 0.0385551 0.0346292 0.0298011 0.0246753 0.019761 0.0154017 0.0117617 0.00885689 0.00660924 0.0048995
 1.0141e-16 2.74041e-05 0.00016082 0.000764426 0.00294301 0.00917745 0.0231817 0.047434 0.0786315 0.105613 0.114964 0.101491 0.0728344 0.042878 0.0215035 0.010655 0.00740819 0.00828778 0.011137 0.0149407 0.0191624 0.0233464 0.027016 0.0297207 0.0311271 0.0310936 0.0296988 0.0272109 0.0240137 0.0205131 0.0170561 0.0138833 0.01112 0.00879661 0.00688357 0.00532494
 1.0132e-16 2.64772e-05 0.000155375 0.000738534 0.00284331 0.00886652 0.0223963 0.0458274 0.0759695 0.102042 0.111086 0.0980903 0.0704448 0.0415731 0.0210374 0.0107333 0.00785183 0.00904575 0.0122285 0.0163977 0.0209926 0.0255126 0.0294288 0.0322437 0.0335952 0.0333389 0.0315798 0.0286355 0.0249512 0.0209925 0.0171531 0.0137003 0.0107649 0.00836587 0.00645161 0.00494039
 1.01681e-16 2.35015e-05 0.000137901 0.00065545 0.0025234 0.00786889 0.0198765 0.0406719 0.0674256 0.0905733 0.0986211 0.0871323 0.0626806 0.0372032 0.0192186 0.0104477 0.00843648 0.0102428 0.0140203 0.0188497 0.0241619 0.0294036 0.0339741 0.037304 0.0389747 0.0388138 0.036931 0.0336777 0.0295513 0.025075 0.0206934 0.0167113 0.0132828 0.0104377 0.00812772 0.00627087
 1.0163e-16 2.70286e-05 0.000158616 0.000753945 0.00290266 0.0090516 0.0228638 0.0467836 0.0775535 0.104166 0.11339 0.100104 0.0718464 0.0423105 0.0212454 0.0105712 0.00740665 0.00832693 0.0112064 0.0150433 0.0193059 0.0235396 0.0272674 0.0300376 0.0315147 0.0315543 0.0302316 0.027811 0.0246718 0.0212154 0.0177852 0.0146191 0.0118414 0.00948316 0.00751754 0.00589272
 1.01564e-16 2.33416e-05 0.000136961 0.000650979 0.00250618 0.00781518 0.0197408 0.0403944 0.0669662 0.0899575 0.0979545 0.0865523 0.062283 0.0370064 0.0191886 0.010545 0.00864409 0.0105665 0.0144758 0.0194484 0.0249001 0.0302555 0.0348899 0.0382136 0.0397973 0.0394714 0.0373624 0.0338498 0.0294643 0.0247603 0.0202058 0.0161179 0.0126506 0.00982442 0.00757558 0.00580479
 1.03364e-16 6.6246e-06 3.87917e-05 0.000184211 0.000708908 0.00221038 0.00558396 0.0114306 0.0189667 0.0255299 0.0279348 0.0250052 0.0186952 0.0125167 0.00907778 0.0091188 0.012207 0.0177012 0.0251095 0.0339611 0.0436022 0.0531305 0.0614865 0.0676497 0.0708629 0.0708048 0.0676549 0.0620236 0.0547834 0.0468557 0.0390274 0.0318427 0.0255834 0.0203157 0.0159703 0.0124193
pSPR Fmed_Fpbrs
0.364275   0.437425 0.437425
Fs Fmed_Fpbrs
1.43186   1.005 1.005
SSBpbr Bo_Bmed_Bpbrs
733620  230559  284223 284223
Ro
22925.4
SPR SPRFo_SPRFmed_SPRFpbrs
470837 171514 205956
log_Ro
9.86
likeval ReclasPelacesDesembMPH_pf_preclas_ppelaces_ptallas_desvR_qrecl_qpela
 74.536 13.2169 0.143513 0.000160157 322.705 190.43 80.6178 0 25.9813 3.77727e-05 0.000366654 0 0 0 0
q_reclas_q_pelaces
2.38908 15.2444
M
0.7
N
 20516.8 16051 4878.01 617.786 0.150626
 44229.9 9628.05 5067.16 1181.76 146.332
 6435.43 20333.2 2577.64 945.447 240.176
 11170.5 2718.17 2762.19 164.159 70.6921
 39275.4 5195.39 798.819 597.418 49.4508
 18199.7 19224.3 2298.57 330.352 265.958
 63059.4 8009.12 3627.61 246.395 60.8141
 59666.3 28438.2 1838.63 530.512 43.1995
 72597.9 25878.1 4776.11 163.871 48.4094
 114205 31027.7 3864.01 353.322 14.772
 71322.2 51382.7 6990.28 548.498 50.211
 47334.3 30589.1 7889.72 540.533 43.631
 50905.9 20820.2 5749.67 840.532 59.2552
 29393.9 20734.4 2114.46 230.95 33.3605
 12462.1 10005.3 500.194 8.70888 0.93406
 9886.27 4241.92 241.366 2.06016 0.0340859
 7595.58 4066.85 466.365 10.9934 0.0884155
 9362.22 3191.81 530.281 27.8334 0.618354
 8086.63 4100.08 579.339 53.4497 2.72611
 10622.9 3661.54 972.006 89.1532 8.32845
 16502.2 4698.4 719.343 111.065 10.6288
 20142.5 7728.13 1458.96 169.77 28.0473
 32493.9 9358.04 2251.38 311.207 41.071
 33465 14866.1 2410.34 395.111 59.8039
 5094.71 15282.5 3773.63 413.352 75.4072
pred_Ctot
 814.099 4315.34 1871.24 242.375 0.0591657
 2372.17 3305.34 2403.18 571.734 70.8699
 698.112 11409.5 1799.98 668.272 169.872
 511.288 822.203 1175.11 71.3424 30.7572
 404.723 410.227 97.0786 74.7213 6.19451
 1500.04 9049.79 1408.89 205.624 165.677
 4188.58 3235.27 1969.41 136.164 33.6388
 5475.38 14378.2 1189.86 348.203 28.3752
 7338.11 13910.8 3233.87 112.405 33.2285
 7762.75 12747.4 2126.71 197.901 8.2817
 7052.07 27244.7 4685.95 372.587 34.1315
 3916.24 14437 4845.6 337.107 27.2328
 6657.31 12980.7 4317.02 637.391 44.9578
 6794.81 16431.4 1837.37 201.592 29.1266
 2880.78 7928.86 434.645 7.60183 0.815517
 1233.48 2578.49 178.168 1.53675 0.0254399
 848.154 2321.38 329.627 7.86229 0.0632724
 800.948 1540.82 331.372 17.6549 0.392536
 515.647 1606.85 306.844 28.8289 1.47179
 840.913 1676.58 583.122 54.3381 5.08037
 678.057 1300.49 283.14 44.6978 4.28261
 936.87 2368.3 627.739 74.6101 12.3401
 1847.9 3362.36 1109.55 156.367 20.6575
 1943.83 5429.07 1204.18 201.207 30.4855
 355.403 6398.34 2108.84 235.012 42.9121
F
 0.0565645 0.452989 0.717732 0.74051 0.741749
 0.0771454 0.617808 0.978877 1.00994 1.01163
 0.16186 1.29623 2.05379 2.11897 2.12252
 0.0655041 0.52458 0.831163 0.857541 0.858976
 0.0144203 0.115483 0.182975 0.188782 0.189098
 0.120824 0.967603 1.53311 1.58176 1.58441
 0.0963443 0.771559 1.22249 1.26128 1.26339
 0.135372 1.08411 1.7177 1.77221 1.77518
 0.150055 1.20169 1.904 1.96443 1.96771
 0.098692 0.79036 1.25228 1.29202 1.29418
 0.146565 1.17374 1.85972 1.91874 1.92195
 0.121311 0.9715 1.53928 1.58813 1.59079
 0.198183 1.58712 2.5147 2.5945 2.59884
 0.377675 3.02455 4.79221 4.9443 4.95257
 0.377675 3.02455 4.79221 4.9443 4.95257
 0.188279 1.5078 2.38902 2.46483 2.46896
 0.166978 1.33722 2.11873 2.18597 2.18963
 0.125676 1.00646 1.59467 1.64528 1.64803
 0.0923285 0.739399 1.17153 1.20871 1.21073
 0.115792 0.9273 1.46925 1.51588 1.51841
 0.0586264 0.469501 0.743894 0.767502 0.768786
 0.0665959 0.533324 0.845018 0.871835 0.873294
 0.0819728 0.656468 1.04013 1.07314 1.07494
 0.0837928 0.671043 1.06322 1.09697 1.0988
 0.101406 0.812097 1.28672 1.32755 1.32977
nmprior
 10.6 11 7 0
nm_flota  nm_reclas  nm_pelaces    nm_pelaL
inf 24.5856 10.2006 20.4744
cv_recla  cv_pelaces  cv_mph
0.780922 0.412228 0.410593
 ------------------------------------------------
Talla a la edad & desviación 
 7.2 14.2025 17.0495 18.207 18.6776
 1.08 2.13037 2.55742 2.73105 2.80164
