years
 1997 1998 1999 2000 2001 2002 2003 2004 2005 2006 2007 2008 2009 2010 2011 2012 2013 2014 2015 2016 2017 2018 2019 2020 2021
reclasobs
 0 0 0 370054 412103 1.49427e+06 250295 1.28982e+06 931140 785840 897777 1.04006e+06 184774 17550 25797 100020 73551 82996 120727 218422 84188 347160 605670 569463 516374
reclaspred
 2.49702e+06 310190 392245 100865 227430 235447 500473 447485 541221 1.05926e+06 987908 612411 372123 164952 98357.1 93616.3 102692 120911 99630.7 164403 299412 262698 434696 518801 411934
pelacesobs
 0 0 0 0 0 0 0 0 0 2.06254e+06 1.5e+06 0 1.87456e+06 323000 250000 174000 83755 137374 0 501740 490994 745055 786931 1.00524e+06 1.33801e+06
pelacespred
 1.33071e+06 522960 140034 86755.8 195301 125117 457447 378828 455525 937704 677922 407150 293281 99397.4 62661.8 62473.6 70269.6 83909.2 65851 121657 240301 196196 260540 355240 255692
mphobs
 0 0 0 0 0 112323 0 153150 637223 0 255016 313432 73983 77613 109348 50772 0 0 0 0 0 0 0 0 0
mphpred
 945256 406904 164934 72427 40613.6 126582 126543 182014 199828 268100 524063 348174 175315 110073 46432.9 37106.4 40435.2 47255.2 49078 43699.7 98165.5 128313 139150 204117 225967
desembarqueobs
 350755 77701 442110 56441 14545 235359 269955 359681 431902 328805 639364 411747 362871 311530 167758 66681 60226 58785 57116 73181 50977 67692 138656 160484 209506
desembarquepred
 350745 77683.6 441589 56417.8 14543.3 235153 269817 359025 431367 328517 638567 411322 362154 310968 167384 66623 60196.8 58736.8 57060.2 73092.3 50962 67648.4 138563 160390 209383
Reclutas
 3063.21 4771.41 598.362 3671.08 55156.5 11836.3 55222.9 71931.2 79732.3 224010 45112.7 16694.4 60343.9 22310.4 14620.9 14253.3 9386.46 9331.52 6190.49 27371.1 28891.1 25848 59862.4 47601.3 567.589
log_desv_Rt
 -1.71278 -1.2696 -3.3458 -1.53176 1.17793 -0.361071 1.17913 1.44347 1.54643 2.57945 0.97692 -0.0171708 1.26782 0.272809 -0.14979 -0.175257 -0.592976 -0.598846 -1.00923 0.477242 0.53129 0.419987 1.2598 1.03062 -3.3986
SSB
 2.21073e+06 951651 385741 169389 94985.4 296045 295953 425688 467350 627021 1.22566e+06 814296 410020 257434 108595 86783.1 94568.3 110519 114782 102203 229585 300093 325439 477382 528482
BT
 2.60056e+06 1.10747e+06 502646 223595 362498 406797 1.02274e+06 1.05823e+06 1.20545e+06 1.98184e+06 1.76554e+06 1.09642e+06 885824 471503 249749 166488 175473 197944 168176 279090 470329 416560 566874 768098 634134
Ftot
 0.13791 0.209801 0.875219 0.495808 0.178965 1.11149 1.01012 1.61971 1.4796 0.763819 0.749801 0.616947 1.32275 2.26443 2.47307 1.07606 0.840984 0.646679 0.657234 0.891722 0.267976 0.307439 0.42622 0.402078 0.470011
BD_Bspro_t
 0.982457 0.869243 0.647732 0.302152 0.34148 0.672403 0.475176 0.509734 0.481729 0.508161 0.633612 0.456652 0.303059 0.247262 0.13934 0.138427 0.195771 0.29008 0.35092 0.381357 0.605468 0.719131 0.699399 0.713808 0.678658
BD_Bspro
 6.33801 2.72832 1.1059 0.485629 0.272317 0.848741 0.848479 1.22042 1.33986 1.79763 3.51388 2.33454 1.1755 0.738047 0.311336 0.248802 0.271121 0.31685 0.329071 0.29301 0.658207 0.860349 0.933012 1.36862 1.51512
BD_Bo
 2.27323 0.978558 0.396648 0.174179 0.097671 0.304415 0.304321 0.437724 0.480563 0.644749 1.26031 0.83732 0.421613 0.264713 0.111666 0.0892368 0.0972421 0.113643 0.118027 0.105093 0.236077 0.308578 0.33464 0.490879 0.543424
BD_Brms
 6.27808 2.70252 1.09544 0.481037 0.269742 0.840715 0.840455 1.20888 1.32719 1.78063 3.48065 2.31246 1.16438 0.731068 0.308392 0.246449 0.268558 0.313854 0.32596 0.290239 0.651983 0.852213 0.924189 1.35568 1.5008
S_f
 0.102389 0.691373 0.977775 0.998844 0.999941
 0.102389 0.691373 0.977775 0.998844 0.999941
 0.102389 0.691373 0.977775 0.998844 0.999941
 0.102389 0.691373 0.977775 0.998844 0.999941
 0.102389 0.691373 0.977775 0.998844 0.999941
 0.102389 0.691373 0.977775 0.998844 0.999941
 0.102389 0.691373 0.977775 0.998844 0.999941
 0.102389 0.691373 0.977775 0.998844 0.999941
 0.102389 0.691373 0.977775 0.998844 0.999941
 0.102389 0.691373 0.977775 0.998844 0.999941
 0.102389 0.691373 0.977775 0.998844 0.999941
 0.102389 0.691373 0.977775 0.998844 0.999941
 0.102389 0.691373 0.977775 0.998844 0.999941
 0.102389 0.691373 0.977775 0.998844 0.999941
 0.102389 0.691373 0.977775 0.998844 0.999941
 0.102389 0.691373 0.977775 0.998844 0.999941
 0.102389 0.691373 0.977775 0.998844 0.999941
 0.102389 0.691373 0.977775 0.998844 0.999941
 0.102389 0.691373 0.977775 0.998844 0.999941
 0.102389 0.691373 0.977775 0.998844 0.999941
 0.102389 0.691373 0.977775 0.998844 0.999941
 0.102389 0.691373 0.977775 0.998844 0.999941
 0.102389 0.691373 0.977775 0.998844 0.999941
 0.102389 0.691373 0.977775 0.998844 0.999941
 0.102389 0.691373 0.977775 0.998844 0.999941
Scru_reclas
 0.705698 0.923475 0.983801 0.996739 0.99935
 0.705698 0.923475 0.983801 0.996739 0.99935
 0.705698 0.923475 0.983801 0.996739 0.99935
 0.705698 0.923475 0.983801 0.996739 0.99935
 0.705698 0.923475 0.983801 0.996739 0.99935
 0.705698 0.923475 0.983801 0.996739 0.99935
 0.705698 0.923475 0.983801 0.996739 0.99935
 0.705698 0.923475 0.983801 0.996739 0.99935
 0.705698 0.923475 0.983801 0.996739 0.99935
 0.705698 0.923475 0.983801 0.996739 0.99935
 0.705698 0.923475 0.983801 0.996739 0.99935
 0.705698 0.923475 0.983801 0.996739 0.99935
 0.705698 0.923475 0.983801 0.996739 0.99935
 0.705698 0.923475 0.983801 0.996739 0.99935
 0.705698 0.923475 0.983801 0.996739 0.99935
 0.705698 0.923475 0.983801 0.996739 0.99935
 0.705698 0.923475 0.983801 0.996739 0.99935
 0.705698 0.923475 0.983801 0.996739 0.99935
 0.705698 0.923475 0.983801 0.996739 0.99935
 0.705698 0.923475 0.983801 0.996739 0.99935
 0.705698 0.923475 0.983801 0.996739 0.99935
 0.705698 0.923475 0.983801 0.996739 0.99935
 0.705698 0.923475 0.983801 0.996739 0.99935
 0.705698 0.923475 0.983801 0.996739 0.99935
 0.705698 0.923475 0.983801 0.996739 0.99935
Scru_pelaces
 1 1 1 1 1
 1 1 1 1 1
 1 1 1 1 1
 1 1 1 1 1
 1 1 1 1 1
 1 1 1 1 1
 1 1 1 1 1
 1 1 1 1 1
 1 1 1 1 1
 1 1 1 1 1
 1 1 1 1 1
 1 1 1 1 1
 1 1 1 1 1
 1 1 1 1 1
 1 1 1 1 1
 1 1 1 1 1
 1 1 1 1 1
 1 1 1 1 1
 1 1 1 1 1
 1 1 1 1 1
 1 1 1 1 1
 1 1 1 1 1
 1 1 1 1 1
 1 1 1 1 1
 1 1 1 1 1
pf_obs 
 0.256992 0.487395 0.22802 0.0275931 0
 0.321318 0.546541 0.124235 0.00734118 0.000564706
 0.182869 0.594174 0.210203 0.0122559 0.00049798
 0.330522 0.361315 0.267642 0.0388342 0.00168674
 0.649043 0.306663 0.0425973 0.00169635 0
 0.582887 0.30429 0.105238 0.00758474 0
 0.465427 0.430635 0.0974691 0.00646863 0
 0.296916 0.608066 0.0921331 0.00288517 0
 0.311714 0.524322 0.152257 0.0117073 0
 0.15457 0.633149 0.183074 0.0267441 0.00246327
 0.131901 0.49318 0.331252 0.0422183 0.00144891
 0.196976 0.569456 0.194076 0.0375587 0.00193317
 0.518974 0.381816 0.0799577 0.0180837 0.00116848
 0.0928022 0.601141 0.25162 0.0475244 0.00691264
 0.122501 0.610282 0.24278 0.0234846 0.000952079
 0.383417 0.481906 0.127806 0.00687128 0
 0.0376549 0.599619 0.316969 0.0457579 0
 0.0361596 0.667082 0.258105 0.0386534 0
 0.158088 0.579412 0.248529 0.0139706 0
 0.0477256 0.309471 0.559284 0.082774 0.000745712
 0.0406174 0.521527 0.379366 0.0568643 0.0016247
 0.151134 0.462217 0.34131 0.0453401 0
 0.294876 0.26143 0.354403 0.0886775 0.000613685
 0.281977 0.475581 0.204845 0.0348837 0.00271318
 0.0354234 0.537034 0.353287 0.0723622 0.0018943
pf_pred 
 0.00459228 0.65757 0.299633 0.0382032 1.55337e-06
 0.0125836 0.0253099 0.706749 0.227038 0.0283194
 0.00440247 0.0930548 0.033198 0.642528 0.226817
 0.0934413 0.0412271 0.127337 0.0280059 0.709989
 0.699989 0.141814 0.0108416 0.0222052 0.12515
 0.074142 0.871381 0.03097 0.00164712 0.0218596
 0.438184 0.220191 0.329726 0.00687314 0.00502523
 0.358152 0.57217 0.0362103 0.0323416 0.00112685
 0.319821 0.580486 0.0938047 0.00312468 0.00276395
 0.489844 0.41634 0.0858102 0.00755187 0.000454402
 0.0639373 0.818446 0.103059 0.0133502 0.00120811
 0.042815 0.308155 0.595271 0.0472798 0.00647917
 0.308852 0.196861 0.210121 0.261242 0.0229235
 0.151493 0.729698 0.0501009 0.0298712 0.0388369
 0.233585 0.555323 0.197001 0.00613821 0.00795371
 0.286898 0.591466 0.104443 0.0161087 0.00108491
 0.17131 0.635965 0.171921 0.0179508 0.00285292
 0.18772 0.494759 0.267452 0.0448147 0.00525336
 0.136087 0.546934 0.224703 0.0780769 0.0141992
 0.488612 0.278758 0.17004 0.0447451 0.0178451
 0.246595 0.667724 0.0567666 0.0213184 0.0075954
 0.161164 0.543439 0.271571 0.0159126 0.00791307
 0.302437 0.381044 0.23086 0.0789038 0.00675414
 0.170049 0.620102 0.135144 0.0548663 0.0198385
 0.00234579 0.562472 0.355093 0.0520497 0.0280397
pobs_RECLAS
 0 0 0 0 0
 0 0 0 0 0
 0 0 0 0 0
 0 0 0 0 0
 0.835266 0.146461 0.0176864 0.000547809 3.91292e-05
 0.385257 0.428462 0.181853 0.0044286 0
 0.867414 0.0963971 0.0333333 0.00285562 0
 0.441836 0.489002 0.0689373 0.000224442 0
 0.779404 0.147425 0.0564933 0.0165055 0.000172143
 0.814271 0.122319 0.05973 0.00367925 0
 0.40263 0.566651 0.0304383 0.000280538 0
 0.475488 0.404961 0.113038 0.00651328 0
 0.955842 0.0263864 0.0167828 0.000988607 0
 0.975058 0.0227948 0.00214734 0 0
 0.738997 0.206755 0.0527124 0.00153531 0
 0.850938 0.134255 0.0134407 0.00136685 0
 0.542534 0.407297 0.0501686 0 0
 0.764087 0.199537 0.0359546 0.000420521 0
 0.470689 0.182191 0.310203 0.0369168 0
 0.84361 0.089868 0.0606195 0.00523954 0.000663233
 0.607945 0.314616 0.071237 0.00620181 0
 0.523733 0.453247 0.0230204 0 0
 0.530135 0.295979 0.169645 0.0042399 0
 0.562478 0.366248 0.0663022 0.0049721 0
 0.250443 0.683176 0.0655157 0.000865301 0
ppred_RECLAS
 0.0254735 0.703316 0.240769 0.0304397 1.23957e-06
 0.0807294 0.0312174 0.653805 0.208235 0.0260131
 0.0308006 0.120719 0.0315175 0.603593 0.21337
 0.419974 0.0351449 0.0807202 0.0175894 0.446571
 0.933328 0.0363995 0.00208867 0.00424158 0.0239419
 0.308678 0.661563 0.0169939 0.000893396 0.0118726
 0.835857 0.077164 0.0839808 0.0017312 0.00126748
 0.76756 0.21431 0.00948591 0.00835229 0.00029136
 0.7352 0.236173 0.0269564 0.000885911 0.000784615
 0.84386 0.133953 0.0203103 0.00176941 0.000106618
 0.274302 0.656351 0.060838 0.00780183 0.000707023
 0.223782 0.303464 0.433935 0.0341351 0.00468461
 0.758897 0.0867584 0.0660846 0.0811315 0.00712832
 0.53412 0.420856 0.0191839 0.0112278 0.014612
 0.678661 0.25763 0.0595323 0.00181805 0.00235789
 0.697845 0.263042 0.0336378 0.00512919 0.000345913
 0.542587 0.374347 0.0741808 0.00766507 0.00121992
 0.577835 0.28645 0.114486 0.0189978 0.00223021
 0.481198 0.363528 0.110377 0.0379795 0.00691697
 0.854716 0.0903195 0.0402862 0.010489 0.00418902
 0.637331 0.330954 0.0210712 0.00784463 0.0027991
 0.524158 0.338348 0.126488 0.00734667 0.00365884
 0.720487 0.172789 0.0780307 0.0264285 0.00226561
 0.5348 0.371664 0.0604223 0.0243105 0.00880317
 0.0137509 0.626216 0.294241 0.0427354 0.0230558
pobs_PELACES
 0 0 0 0 0
 0 0 0 0 0
 0 0 0 0 0
 0 0 0 0 0
 0 0 0 0 0
 0 0 0 0 0
 0 0 0 0 0
 0 0 0 0 0
 0 0 0 0 0
 0 0 0 0 0
 0.450072 0.473896 0.0757376 0.000293798 0
 0 0 0 0 0
 0.463077 0.371075 0.160297 0.00555027 0
 0.529543 0.364841 0.0842815 0.0213345 0
 0.631943 0.363953 0.00410389 0 0
 0.735681 0.248677 0.0153453 0.000297389 0
 0.695825 0.281241 0.0229344 0 0
 0.275771 0.60734 0.115278 0.00161068 0
 0 0 0 0 0
 0.896147 0.0623911 0.0374545 0.00400742 0
 0.803859 0.145111 0.0509908 3.86294e-05 0
 0.739449 0.233085 0.0266225 0.000797448 4.60066e-05
 0.878498 0.100942 0.0204185 0.000141795 0
 0.694673 0.275183 0.0284847 0.00165964 0
 0.469039 0.446079 0.0841089 0.000773354 0
ppred_PELACES
 0.0346404 0.711537 0.225686 0.0281354 1.14268e-06
 0.115186 0.0326775 0.629806 0.197699 0.0246305
 0.0538182 0.135976 0.0306783 0.576376 0.203152
 0.540109 0.0313663 0.0645283 0.0138308 0.350165
 0.951892 0.0273991 0.00145105 0.00290486 0.0163528
 0.422075 0.556963 0.0120905 0.000622536 0.00824813
 0.897921 0.0520534 0.0483361 0.000976596 0.000712877
 0.857464 0.133542 0.00476089 0.00409119 0.00014226
 0.831726 0.153145 0.0142667 0.000458044 0.000404394
 0.89312 0.0933925 0.0123663 0.00105772 6.35504e-05
 0.366803 0.579753 0.0469919 0.00591706 0.000534674
 0.313937 0.288563 0.365387 0.0282483 0.00386572
 0.857746 0.0579463 0.0365627 0.0438995 0.00384515
 0.704904 0.273322 0.00944167 0.005369 0.00696335
 0.824895 0.147972 0.0254065 0.000752756 0.000972854
 0.791727 0.185014 0.0200611 0.00299677 0.000201496
 0.652027 0.291928 0.0501524 0.00508514 0.000806957
 0.678674 0.226732 0.0800189 0.0130471 0.00152728
 0.588746 0.299129 0.0801195 0.0270864 0.00491901
 0.906318 0.0615407 0.0236839 0.00604873 0.00240861
 0.709448 0.267237 0.0155717 0.00571132 0.00203237
 0.611015 0.28392 0.0967787 0.00553629 0.00274971
 0.792245 0.133649 0.0544175 0.0181378 0.00155058
 0.624143 0.306546 0.0450358 0.0178347 0.00644038
 0.0203635 0.646791 0.272878 0.0389905 0.0209769
pobs_pel_tallas
 0 0 0 0 0 0 0 0 0 0 0 0 0 0 0 0 0 0 0 0 0 0 0 0 0 0 0 0 0 0 0 0 0 0 0 0
 0 0 0 0 0 0 0 0 0 0 0 0 0 0 0 0 0 0 0 0 0 0 0 0 0 0 0 0 0 0 0 0 0 0 0 0
 0 0 0 0 0 0 0 0 0 0 0 0 0 0 0 0 0 0 0 0 0 0 0 0 0 0 0 0 0 0 0 0 0 0 0 0
 0 0 0 0 0 0 0 0 0 0 0 0 0 0 0 0 0 0 0 0 0 0 0 0 0 0 0 0 0 0 0 0 0 0 0 0
 0 0 0 0 0 0 0 0 0 0 0 0 0 0 0 0 0 0 0 0 0 0 0 0 0 0 0 0 0 0 0 0 0 0 0 0
 0 0 0 0 0 0 0 0 0 0 0 0 0 0 0 0 0 0 0 0 0 0 0 0 0 0 0 0 0 0 0 0 0 0 0 0
 0 0 0 0 0 0 0 0 0 0 0 0 0 0 0 0 0 0 0 0 0 0 0 0 0 0 0 0 0 0 0 0 0 0 0 0
 0 0 0 0 0 0 0 0 0 0 0 0 0 0 0 0 0 0 0 0 0 0 0 0 0 0 0 0 0 0 0 0 0 0 0 0
 0 0 0 0 0 0 0 0 0 0 0 0 0 0 0 0 0 0 0 0 0 0 0 0 0 0 0 0 0 0 0 0 0 0 0 0
 0 0 0 0 0 0 0 0 0 0 0 0 0 0 0 0 0 0 0 0 0 0 0 0 0 0 0 0 0 0 0 0 0 0 0 0
 0 0 0 0 0 0 0 0 1.78061e-05 0.00172719 0.00360574 0.0105946 0.0120993 0.0124554 0.0147524 0.0171206 0.0266825 0.0428682 0.0675386 0.121331 0.153587 0.119568 0.100827 0.0573624 0.0630603 0.0341343 0.0324427 0.0444173 0.0211091 0.0280891 0.0125444 0.00206551 0 0 0 0
 0 0 0 0 0 0 0 0 0 0 0 0 0 0 0 0 0 0 0 0 0 0 0 0 0 0 0 0 0 0 0 0 0 0 0 0
 0 0 0 0 0 0 0.0133647 0.0140871 0.0187388 0.0205184 0.03894 0.0496705 0.03968 0.0493445 0.0407372 0.0367815 0.0215668 0.0243155 0.0234873 0.0199281 0.019796 0.0243948 0.0301388 0.0376714 0.0412746 0.0863199 0.0771752 0.113111 0.0741005 0.0525337 0.0229764 0.00759418 0.00175318 0 0 0
 0 0 0 0 0 0 0 0 0 0 0.00219441 0.00772107 0.0458388 0.0604681 0.0671733 0.0775358 0.0609151 0.0617685 0.073594 0.0568108 0.0755445 0.0548602 0.0670107 0.0636378 0.0643287 0.046367 0.0373049 0.0286899 0.0247887 0.0153202 0.00654259 0.00121912 0.000365735 0 0 0
 0 0 0 0 0 0 0 0 0 0 0 0 0.000112435 0.00938835 0.0111873 0.0202946 0.0414886 0.0713402 0.111592 0.104902 0.108894 0.110636 0.117776 0.105296 0.107544 0.0401394 0.0192827 0.0124803 0.00416011 0.0028671 0.000618394 0 0 0 0 0
 0 0 0 0 0 0 0 0 0 0 0.00291406 0.0102884 0.027416 0.0768956 0.0749926 0.110853 0.0956884 0.0897413 0.0766577 0.0534642 0.0500743 0.0551293 0.0594112 0.0620874 0.0668451 0.0424026 0.0208742 0.0120726 0.0048766 0.00582813 0.00118941 0.000297354 0 0 0 0
 0 0.00264628 0.0354308 0.0461629 0.0458689 0.0383711 0.0214643 0.0164657 0.0346957 0.0420465 0.0363128 0.0245516 0.0311673 0.0291091 0.0169068 0.0133784 0.00837989 0.0085269 0.0148486 0.0160247 0.0276389 0.0546898 0.0760071 0.122758 0.109233 0.0665981 0.0333725 0.0166128 0.00676272 0.00308733 0.000882094 0 0 0 0 0
 0 0 0 0 0 0 0 0.000805153 0.000690131 0.00759144 0.0133425 0.0154129 0.00931677 0.000345066 0.00356568 0.00563607 0.00851162 0.0253048 0.0502646 0.0516448 0.0657925 0.0565908 0.0611916 0.0827007 0.0866115 0.110766 0.145733 0.0935128 0.0569358 0.0249597 0.0138026 0.00621118 0.00161031 0.00115022 0 0
 0 0 0 0 0 0 0 0 0 0 0 0 0 0 0 0 0 0 0 0 0 0 0 0 0 0 0 0 0 0 0 0 0 0 0 0
 0.00147267 0.00158595 0.00478618 0.00569244 0.00954404 0.0108468 0.00647125 0.017049 0.0510054 0.094081 0.124002 0.0959785 0.0687766 0.0820023 0.061753 0.0591476 0.0492212 0.0479892 0.0443925 0.0268479 0.0217502 0.0140895 0.0121071 0.0120363 0.00920419 0.00665534 0.0049561 0.00860946 0.00930331 0.0156896 0.0114698 0.00855282 0.00243557 0.00046729 0 2.83206e-05
 0 0 0 0 0.000772559 0.00158375 0.000888443 0.00281984 0.00712685 0.0440552 0.0773331 0.111326 0.0921469 0.0852325 0.0710754 0.0886704 0.0786465 0.0553345 0.0373146 0.0185414 0.00753245 0.00457741 0.012979 0.0271748 0.0457355 0.0583668 0.034881 0.0177882 0.00938659 0.00492506 0.0015258 0.00185414 0.000309023 5.79419e-05 3.86279e-05 0
 0 0.00173294 0.00326652 0 0.00397197 0.00683976 0.00946217 0.0152591 0.00757587 0.0136028 0.0228656 0.0392903 0.0559909 0.0764795 0.0681675 0.0726916 0.0566044 0.0477403 0.0527397 0.0444891 0.0609904 0.0582453 0.0661739 0.0445044 0.0529084 0.0360697 0.0280645 0.0235558 0.0158879 0.00826598 0.00280645 0.00217768 0.000904811 0.00058276 9.20147e-05 0
 0 0 0 0 0 0 0 0 0 0 0 0 0 0 0 0 0 0 0 0 0 0 0 0 0 0 0 0 0 0 0 0 0 0 0 0
 0 0 0 0 0 0 0 0 0 0 0 0 0 0 0 0 0 0 0 0 0 0 0 0 0 0 0 0 0 0 0 0 0 0 0 0
 0 0 0 0 0 0 0 0 0 0 0 0 0 0 0 0 0 0 0 0 0 0 0 0 0 0 0 0 0 0 0 0 0 0 0 0
ppred_pel_tallas
 1.04403e-16 1.55251e-06 9.0092e-06 4.26104e-05 0.000163692 0.000510136 0.00128935 0.00264391 0.0044043 0.00598058 0.00668141 0.0063059 0.00541412 0.00497732 0.00581578 0.0083625 0.0127812 0.0191185 0.0272988 0.0370129 0.0476277 0.0581961 0.0675852 0.0746918 0.0786836 0.079184 0.0763441 0.0707722 0.0633589 0.0550558 0.046685 0.0388271 0.0318002 0.0257081 0.0205201 0.0161464
 1.16895e-16 5.03794e-06 2.95323e-05 0.000140314 0.000540101 0.00168412 0.00425392 0.00870472 0.0144318 0.0193901 0.0211233 0.0186873 0.0134994 0.00813271 0.00444362 0.00285628 0.0029333 0.00417335 0.00635414 0.00949055 0.0136904 0.0190441 0.0255579 0.0331102 0.0414264 0.0500754 0.0584923 0.0660313 0.0720437 0.0759692 0.0774231 0.0762603 0.0726014 0.0668121 0.0594437 0.0511448
 1.29778e-16 2.36378e-06 1.38292e-05 6.56514e-05 0.00025262 0.000787615 0.00198954 0.00407215 0.00675516 0.0090877 0.00993074 0.00885857 0.00655816 0.00426913 0.00290977 0.00274103 0.00362644 0.00539325 0.00797829 0.0113959 0.0156656 0.0207683 0.0266349 0.0331523 0.0401733 0.0475172 0.0549612 0.0622226 0.0689467 0.0747137 0.0790724 0.0816016 0.0819849 0.0800768 0.0759457 0.0698749
 1.17764e-16 2.35646e-05 0.000138305 0.000657442 0.00253119 0.00789329 0.0199377 0.0407945 0.0676194 0.0908046 0.0987966 0.0871059 0.0622669 0.036167 0.0172363 0.00706955 0.00308559 0.00227071 0.00282206 0.00402646 0.00570264 0.00783999 0.0104551 0.0135481 0.0170872 0.0209999 0.0251642 0.0294045 0.033494 0.0371687 0.0401526 0.0421923 0.0430943 0.0427565 0.041187 0.0385061
 1.00894e-16 4.15207e-05 0.000243722 0.0011586 0.00446079 0.0139106 0.035137 0.0718934 0.119165 0.160018 0.174084 0.153442 0.109593 0.0634633 0.029872 0.0115762 0.00395408 0.00160218 0.00123359 0.00146977 0.00186674 0.00229138 0.00268531 0.00300741 0.00322925 0.00333942 0.00334504 0.00326811 0.003138 0.00298283 0.00282263 0.00266627 0.00251252 0.00235397 0.00218191 0.00199051
 1.0076e-16 1.84397e-05 0.000108167 0.000514054 0.00197893 0.00617092 0.0155878 0.0318983 0.0528885 0.0710689 0.0774453 0.0685696 0.0496456 0.030105 0.0167222 0.010957 0.0109893 0.0145768 0.0202561 0.0271742 0.0346199 0.041782 0.0477587 0.05171 0.0530478 0.0515806 0.0475637 0.0416285 0.0346242 0.0274203 0.0207366 0.0150414 0.0105331 0.00718693 0.00483626 0.0032549
 1.00771e-16 3.91684e-05 0.000229909 0.00109293 0.00420793 0.0131221 0.0331452 0.0678183 0.112412 0.150952 0.164228 0.144772 0.103439 0.0599778 0.0283793 0.01126 0.00427661 0.00234645 0.00237691 0.00306438 0.00397248 0.00494317 0.00587725 0.00668657 0.00729795 0.0076646 0.00777253 0.00763822 0.00729981 0.00680532 0.00620245 0.00553261 0.0048297 0.00412155 0.00343228 0.00278343
 1.00259e-16 3.74075e-05 0.000219564 0.00104373 0.00401847 0.0125313 0.0316529 0.0647655 0.107354 0.144167 0.156865 0.138326 0.0989304 0.0575583 0.0275997 0.0115849 0.00539572 0.00419432 0.00501719 0.00657225 0.00835449 0.010091 0.0115514 0.0125321 0.0128908 0.0125799 0.0116581 0.0102737 0.00862682 0.00692293 0.00533218 0.0039656 0.00287083 0.00204337 0.00144574 0.00102688
 1.00288e-16 3.6286e-05 0.000212978 0.00101242 0.00389789 0.0121552 0.0307031 0.0628224 0.104134 0.139845 0.152168 0.134198 0.0960082 0.0559192 0.0269283 0.0115009 0.00565336 0.00470108 0.00577078 0.00760028 0.00967879 0.0117097 0.0134314 0.0146088 0.0150757 0.0147729 0.0137621 0.0122079 0.0103353 0.0083769 0.00652755 0.00491685 0.00360401 0.00258997 0.00183832 0.00129643
 1.00246e-16 3.89607e-05 0.000228686 0.00108711 0.00418549 0.0130521 0.0329685 0.067457 0.111814 0.150152 0.163367 0.144034 0.102958 0.05979 0.0284614 0.0115882 0.00486264 0.00323394 0.00361728 0.00468853 0.00596602 0.00722917 0.0083112 0.00906722 0.00939431 0.00925398 0.00868074 0.00777128 0.00665919 0.00548339 0.00436069 0.00336963 0.00254733 0.00189668 0.0013987 0.00102492
 1.01085e-16 1.60306e-05 9.40215e-05 0.000446798 0.00171996 0.00536335 0.013548 0.0277248 0.0459718 0.0617835 0.0673505 0.059688 0.0433375 0.026524 0.0151731 0.0105984 0.0112635 0.0152532 0.0213026 0.0286358 0.0365523 0.04422 0.0507019 0.0551178 0.0568418 0.0556532 0.0517902 0.0458797 0.0387772 0.0313659 0.0243832 0.0183182 0.0133916 0.00960218 0.00680719 0.00480288
 1.06432e-16 1.37143e-05 8.04479e-05 0.000382323 0.00147181 0.00458956 0.0115931 0.023723 0.0393312 0.0528441 0.0575664 0.0509244 0.0367743 0.0221127 0.0119573 0.00737787 0.00702177 0.00925643 0.0130797 0.0180051 0.023709 0.0298238 0.0358963 0.0414382 0.0460082 0.0492834 0.0511004 0.0514508 0.0504457 0.0482658 0.0451186 0.041215 0.0367656 0.031984 0.0270898 0.0223006
 1.02227e-16 3.74168e-05 0.000219625 0.00104404 0.00401968 0.012535 0.0316624 0.0647843 0.107383 0.1442 0.156885 0.138305 0.0988307 0.0573307 0.0271745 0.0108665 0.00426372 0.00251684 0.0026765 0.00350018 0.00457097 0.00573508 0.00689288 0.00795455 0.00884479 0.00951405 0.00994363 0.0101416 0.0101324 0.00994452 0.00960182 0.00912046 0.00851211 0.00778977 0.00697355 0.00609295
 1.00734e-16 3.07608e-05 0.000180529 0.000858129 0.0033038 0.0103026 0.0260236 0.0532485 0.0882685 0.118552 0.129033 0.113876 0.0816457 0.0479102 0.023738 0.0112813 0.00722427 0.00763731 0.0100841 0.0134319 0.0171135 0.0206808 0.0236836 0.0257087 0.026466 0.0258584 0.0240058 0.0212109 0.0178818 0.0144368 0.0112212 0.00845925 0.00624533 0.00456779 0.00334838 0.00248223
 1.00481e-16 3.5988e-05 0.000211229 0.0010041 0.00386588 0.0120554 0.030451 0.0623064 0.103278 0.138696 0.150918 0.133094 0.0952151 0.0554514 0.0266923 0.0113826 0.0055714 0.00461365 0.00566241 0.00747052 0.00953782 0.0115775 0.0133369 0.0145872 0.0151634 0.0150011 0.0141505 0.0127598 0.0110358 0.00919474 0.00741935 0.0058338 0.00449869 0.00342209 0.00257855 0.00192786
 1.00458e-16 3.45432e-05 0.000202743 0.000963753 0.00371051 0.0115709 0.0292272 0.0598027 0.0991295 0.133128 0.144869 0.127784 0.0914684 0.0533747 0.0258896 0.0113779 0.00606485 0.00550372 0.00696059 0.00921837 0.0117556 0.0142373 0.0163517 0.0178155 0.0184266 0.0181114 0.0169415 0.0151118 0.0128901 0.0105538 0.00833533 0.00638984 0.00478894 0.00353535 0.00258793 0.00188673
 1.0102e-16 2.8456e-05 0.000166996 0.000793786 0.00305606 0.00952998 0.0240721 0.0492559 0.0816513 0.109668 0.119374 0.105377 0.0756061 0.0444752 0.0222399 0.0109118 0.00744557 0.00822467 0.0110035 0.0147257 0.0188378 0.0228768 0.026363 0.0288483 0.0300071 0.0297119 0.0280606 0.0253439 0.0219679 0.0183569 0.0148698 0.0117498 0.00911563 0.00698328 0.00530329 0.0039979
 1.0173e-16 2.96154e-05 0.000173808 0.000826186 0.00318083 0.00991908 0.0250549 0.0512662 0.0849816 0.114135 0.124219 0.109612 0.0785554 0.0460305 0.0226859 0.0105852 0.00653145 0.00674488 0.0088969 0.0119311 0.0153527 0.0187925 0.0218779 0.0242551 0.0256555 0.0259535 0.0251887 0.0235449 0.021295 0.0187322 0.0161109 0.0136118 0.0113363 0.00932149 0.00756499 0.00604768
 1.02396e-16 2.5697e-05 0.000150798 0.000716775 0.00275954 0.0086053 0.0217365 0.0444771 0.0737307 0.0990336 0.107808 0.0951901 0.0683486 0.0403093 0.0203495 0.0103061 0.00745156 0.00853975 0.0115544 0.0155393 0.0199746 0.0244042 0.0283441 0.0313338 0.0330288 0.0332768 0.0321462 0.029895 0.0268963 0.0235446 0.0201752 0.017019 0.0141952 0.0117339 0.00961215 0.0077873
 1.00677e-16 3.95349e-05 0.00023206 0.00110316 0.00424729 0.0132448 0.0334552 0.0684527 0.113463 0.152365 0.165767 0.146132 0.104419 0.0605609 0.0286833 0.011428 0.00441195 0.00250345 0.0025762 0.00330551 0.00423814 0.00519964 0.00607594 0.00676925 0.00720585 0.0073498 0.00720894 0.00682911 0.00627969 0.00563543 0.00496098 0.00430217 0.00368483 0.00311914 0.00260637 0.00214466
 1.006e-16 3.09587e-05 0.000181692 0.000863657 0.00332508 0.0103689 0.0261912 0.0535915 0.0888369 0.119314 0.129861 0.114603 0.082158 0.0481927 0.0238447 0.0112767 0.0071489 0.00750492 0.00989355 0.0131789 0.0167981 0.020311 0.0232761 0.0252877 0.0260595 0.0254929 0.0237009 0.0209755 0.0177131 0.0143211 0.0111383 0.00838691 0.00616421 0.00446469 0.00321776 0.00232584
 1.01786e-16 2.66675e-05 0.000156496 0.00074387 0.00286387 0.00893065 0.0225583 0.0461584 0.0765171 0.102774 0.111874 0.0987648 0.0708829 0.0417388 0.020951 0.010414 0.0072862 0.00819075 0.0110348 0.0148365 0.0190791 0.0233227 0.0271034 0.0299782 0.0316125 0.0318528 0.0307555 0.0285595 0.0256168 0.0223051 0.0189521 0.0157906 0.0129508 0.0104778 0.00836386 0.00657685
 1.01512e-16 3.45638e-05 0.000202869 0.00096436 0.00371286 0.0115782 0.0292457 0.0598402 0.0991903 0.133205 0.144942 0.127822 0.0914397 0.0532446 0.025616 0.0109026 0.00531205 0.00438871 0.00540801 0.0071867 0.00926312 0.0113822 0.0133192 0.0148644 0.0158566 0.0162153 0.0159542 0.0151687 0.0140057 0.0126241 0.011162 0.00971844 0.00835063 0.00708345 0.00592343 0.0048709
 1.01653e-16 2.72407e-05 0.00015986 0.000759857 0.00292541 0.00912257 0.0230431 0.0471505 0.078162 0.104984 0.114282 0.100897 0.0724264 0.0426736 0.0214668 0.0107438 0.00760225 0.00858921 0.0115568 0.0154845 0.0198201 0.0240863 0.0277841 0.0304462 0.0317342 0.0315161 0.0298948 0.0271729 0.023771 0.0201257 0.0166025 0.0134447 0.0107654 0.00857268 0.00680991 0.00539567
 1.06405e-16 9.27403e-07 5.3451e-06 2.52037e-05 9.66933e-05 0.000301219 0.000761573 0.00156357 0.00261191 0.00356863 0.00404403 0.0039494 0.0036617 0.00382305 0.0050119 0.00759857 0.0117985 0.0177338 0.0253944 0.0345379 0.044616 0.0547873 0.0640311 0.0713389 0.0759299 0.0774168 0.0758733 0.0717757 0.0658528 0.0588968 0.0516006 0.0444643 0.0377806 0.0316772 0.026183 0.0212876
pSPR Fmed_Fpbrs
0.506981   0.41209 0.41209
Fs Fmed_Fpbrs
0.66414   1.005 1.005
SSBpbr Bo_Bmed_Bpbrs
972503  444416  352134 352134
Ro
16983.5
SPR SPRFo_SPRFmed_SPRFpbrs
348804 176837 143739
log_Ro
9.56
likeval ReclasPelacesDesembMPH_pf_preclas_ppelaces_ptallas_desvR_qrecl_qpela
 95.9198 103.673 0.143898 0.000180858 399.314 203.042 87.224 0 71.4272 1.53909e-06 0 0 0 0 0
q_reclas_q_pelaces
0.838787 1
M
0.7
N
 3063.21 67308.6 22060.5 2756.84 0.111979
 4771.41 1499.82 30384.7 9572.98 1192.88
 598.362 2319.06 644.225 12290.2 4335.32
 3671.08 271.669 628.8 135.949 3443.47
 55156.5 1732.77 95.7552 192.294 1082.68
 11836.3 26892.6 760.324 39.9172 529.408
 55222.9 5245.49 6192.84 127.352 93.0473
 71931.2 24728.4 1295.64 1145.37 39.886
 79732.3 30261.3 4007.34 132.032 116.724
 224010 34027.9 5402.8 468.329 28.1579
 45112.7 102872 9965.17 1271.34 114.959
 16694.4 20746.8 30419.8 2377.29 325.51
 60343.9 7782.72 6725.14 8263.58 724.678
 22310.4 26170.3 1548.66 916.218 1190.75
 14620.9 8786.37 2715.73 84.0193 108.83
 14253.3 5636.37 789.297 120.146 8.08629
 9386.46 6339.57 1330.14 136.866 21.7358
 9331.52 4276.61 1760.11 290.251 33.9965
 6190.49 4337.01 1358.07 464.437 84.3943
 27371.1 2874.05 1367.24 354.672 141.345
 28891.1 12406.1 770.441 283.906 101.053
 25848 13958.6 5118.77 294.401 146.261
 59862.4 12438 5604.34 1881.95 160.948
 47601.3 28457.4 4600.09 1834.54 662.724
 567.589 22684.7 10701.9 1541.77 829.83
pred_Ctot
 30.9133 4426.48 2017 257.167 0.0104566
 73.0162 146.861 4100.91 1317.39 164.323
 37.0762 783.678 279.583 5411.16 1910.18
 131.065 57.8268 178.608 39.2822 995.859
 720.997 146.07 11.167 22.8716 128.906
 921.68 10832.4 384.997 20.4758 271.743
 3925.54 1972.62 2953.91 61.5742 45.0194
 7981.33 12750.7 806.939 720.726 25.1115
 8131.52 14759 2385.01 79.4457 70.2742
 12173.9 10347.1 2132.61 187.684 11.2931
 2408.17 30826.4 3881.67 502.83 45.503
 737.633 5309.01 10255.6 814.554 111.626
 5539.99 3531.18 3769.02 4686.01 411.188
 3364.89 16207.7 1112.82 663.486 862.627
 2386.69 5674.1 2012.89 62.7181 81.2683
 1076.19 2218.66 391.778 60.4259 4.06962
 559.714 2077.87 561.713 58.6502 9.32127
 431.603 1137.54 614.921 103.037 12.0784
 290.86 1168.97 480.261 166.875 30.3481
 1726.7 985.102 600.902 158.124 63.0626
 563.229 1525.1 129.656 48.6918 17.3481
 577.084 1945.91 972.419 56.9785 28.3345
 1842.99 2322 1406.81 480.823 41.1583
 1383.99 5046.88 1099.91 446.545 161.462
 19.2319 4611.42 2911.23 426.729 229.883
F
 0.0141204 0.0953472 0.134845 0.13775 0.137902
 0.0214813 0.145051 0.205139 0.209559 0.209789
 0.0896126 0.605103 0.855767 0.874207 0.875168
 0.0507652 0.342788 0.484788 0.495235 0.495779
 0.018324 0.123732 0.174988 0.178758 0.178955
 0.113805 0.768458 1.08679 1.11021 1.11143
 0.103425 0.698367 0.987666 1.00895 1.01006
 0.16584 1.11983 1.58371 1.61784 1.61962
 0.151494 1.02295 1.44671 1.47788 1.47951
 0.0782065 0.528084 0.746843 0.762936 0.763774
 0.0767712 0.518392 0.733137 0.748934 0.749757
 0.0631685 0.426541 0.603235 0.616234 0.616911
 0.135435 0.914516 1.29335 1.32122 1.32267
 0.231852 1.56556 2.2141 2.26181 2.26429
 0.253215 1.70981 2.41811 2.47021 2.47292
 0.110176 0.743958 1.05214 1.07481 1.07599
 0.0861074 0.581434 0.822293 0.840012 0.840935
 0.0662127 0.447097 0.632306 0.645931 0.646641
 0.0672934 0.454394 0.642627 0.656474 0.657196
 0.0913024 0.616513 0.871904 0.890691 0.89167
 0.0274377 0.185271 0.26202 0.267666 0.26796
 0.0314784 0.212555 0.300607 0.307084 0.307421
 0.0436402 0.294677 0.416747 0.425727 0.426195
 0.0411683 0.277986 0.393142 0.401613 0.402055
 0.0481239 0.324953 0.459565 0.469468 0.469983
nmprior
 10.6 11 7 0
nm_flota  nm_reclas  nm_pelaces    nm_pelaL
inf 21.3821 17.274 40.6079
cv_recla  cv_pelaces  cv_mph
0.885888 1.15453 0.436322
 ------------------------------------------------
Talla a la edad & desviación 
 7.2 14.2025 17.0495 18.207 18.6776
 1.08 2.13037 2.55742 2.73105 2.80164
