years
 1997 1998 1999 2000 2001 2002 2003 2004 2005 2006 2007 2008 2009 2010 2011 2012 2013 2014 2015 2016 2017 2018 2019 2020 2021
reclasobs
 0 0 0 370054 412103 1.49427e+06 250295 1.28982e+06 931140 785840 897777 1.04006e+06 184774 17550 25797 100020 73551 82996 120727 218422 84188 347160 605670 569463 516374
reclaspred
 1.2956e+06 178615 230750 106221 248055 254332 561218 454325 624496 998693 855768 552056 352353 153391 94116.3 88820 100695 120693 106409 176508 291367 257303 440793 513267 400142
pelacesobs
 0 0 0 0 0 0 0 0 0 2.06254e+06 1.5e+06 0 1.87456e+06 323000 250000 174000 83755 137374 0 501740 490994 745055 786931 1.00524e+06 1.33801e+06
pelacespred
 1.01985e+06 340467 111918 111910 232505 177592 549001 444826 612897 979662 744721 496345 327680 113440 69467 70546.3 83488.4 102268 90721.1 149513 278288 238161 322156 440791 340871
mphobs
 0 0 0 0 0 112323 0 153150 637223 0 255016 313432 73983 77613 109348 50772 0 0 0 0 0 0 0 0 0
mphpred
 1.49511e+06 632245 303500 140854 152253 360308 419996 533844 560995 790316 1.26666e+06 900250 512737 286425 122585 95189.5 108063 132032 142554 140521 270046 346236 406489 579327 650219
desembarqueobs
 350755 77701 442110 56441 14545 235359 269955 359681 431902 328805 639364 411747 362871 311530 167758 66681 60226 58785 57116 73181 50977 67692 138656 160484 209506
desembarquepred
 350741 77676.1 441556 56420.4 14544.2 235266 269889 359250 431548 328597 638770 411458 362412 311161 167462 66640.8 60212.6 58751.7 57078.6 73125.7 50966.4 67659 138596 160422 209426
Reclutas
 12181.8 20597.8 3024.81 18182.9 55533.6 21300.1 56749.9 73061.3 104525 204359 58072.6 27870.9 51613.5 22385.3 14711.9 15642.4 10712.7 10633.1 9116.76 28541.3 32110.7 34589.7 65435.5 56435.6 2704.22
log_desv_Rt
 -0.752303 -0.22706 -2.1454 -0.351762 0.764743 -0.193533 0.78641 1.03905 1.39718 2.06764 0.809449 0.0753402 0.691538 -0.14384 -0.563589 -0.502257 -0.880811 -0.888272 -1.04213 0.0991058 0.216945 0.291311 0.92882 0.780855 -2.25743
SSB
 1.49511e+06 632245 303500 140854 152253 360308 419996 533844 560995 790316 1.26666e+06 900250 512737 286425 122585 95189.5 108063 132032 142554 140521 270046 346236 406489 579327 650219
BT
 2.04991e+06 774477 442173 264232 428336 500844 1.17599e+06 1.18571e+06 1.48875e+06 2.05943e+06 1.88753e+06 1.25832e+06 944789 500271 263759 181084 198221 230486 212009 327618 538555 490439 673010 919470 783887
Ftot
 0.16959 0.304037 1.09023 0.548074 0.0890452 0.633555 0.541001 0.938502 0.873027 0.450074 0.532831 0.497534 0.907149 1.51315 1.65957 0.718977 0.545561 0.424496 0.412872 0.504994 0.167886 0.21082 0.272038 0.25802 0.311855
BD_Bspro_t
 0.973893 0.816038 0.590284 0.262628 0.423773 0.685603 0.548494 0.559089 0.529394 0.564803 0.642864 0.483916 0.35384 0.266404 0.152993 0.149664 0.220354 0.330831 0.40387 0.459503 0.642655 0.747899 0.744713 0.751224 0.721055
BD_Bspro
 2.81635 1.19097 0.571706 0.265328 0.2868 0.678716 0.791151 1.00561 1.05675 1.48873 2.38603 1.69581 0.965849 0.539542 0.230915 0.17931 0.203559 0.248711 0.268531 0.264701 0.508689 0.652208 0.765708 1.09128 1.22482
BD_Bo
 1.59549 0.674693 0.323876 0.150311 0.162475 0.384499 0.448194 0.569686 0.598659 0.843377 1.35171 0.960692 0.547162 0.305655 0.130815 0.10158 0.115318 0.140897 0.152125 0.149955 0.288177 0.369482 0.43378 0.618222 0.693874
BD_Brms
 5.30279 2.24243 1.07644 0.499575 0.540005 1.27793 1.48963 1.89342 1.98972 2.80306 4.49256 3.19298 1.81856 1.01588 0.43478 0.337615 0.383273 0.468288 0.505606 0.498395 0.95779 1.22802 1.44172 2.05474 2.30617
S_f
 0.143785 1 1 1 1
 0.143785 1 1 1 1
 0.143785 1 1 1 1
 0.143785 1 1 1 1
 0.143785 1 1 1 1
 0.143785 1 1 1 1
 0.143785 1 1 1 1
 0.143785 1 1 1 1
 0.143785 1 1 1 1
 0.143785 1 1 1 1
 0.143785 1 1 1 1
 0.143785 1 1 1 1
 0.143785 1 1 1 1
 0.143785 1 1 1 1
 0.143785 1 1 1 1
 0.143785 1 1 1 1
 0.143785 1 1 1 1
 0.143785 1 1 1 1
 0.143785 1 1 1 1
 0.143785 1 1 1 1
 0.143785 1 1 1 1
 0.143785 1 1 1 1
 0.143785 1 1 1 1
 0.143785 1 1 1 1
 0.143785 1 1 1 1
Scru_reclas
 0.93777 1 1 1 1
 0.93777 1 1 1 1
 0.93777 1 1 1 1
 0.93777 1 1 1 1
 0.93777 1 1 1 1
 0.93777 1 1 1 1
 0.93777 1 1 1 1
 0.93777 1 1 1 1
 0.93777 1 1 1 1
 0.93777 1 1 1 1
 0.93777 1 1 1 1
 0.93777 1 1 1 1
 0.93777 1 1 1 1
 0.93777 1 1 1 1
 0.93777 1 1 1 1
 0.93777 1 1 1 1
 0.93777 1 1 1 1
 0.93777 1 1 1 1
 0.93777 1 1 1 1
 0.93777 1 1 1 1
 0.93777 1 1 1 1
 0.93777 1 1 1 1
 0.93777 1 1 1 1
 0.93777 1 1 1 1
 0.93777 1 1 1 1
Scru_pelaces
 1 1 1 1 1
 1 1 1 1 1
 1 1 1 1 1
 1 1 1 1 1
 1 1 1 1 1
 1 1 1 1 1
 1 1 1 1 1
 1 1 1 1 1
 1 1 1 1 1
 1 1 1 1 1
 1 1 1 1 1
 1 1 1 1 1
 1 1 1 1 1
 1 1 1 1 1
 1 1 1 1 1
 1 1 1 1 1
 1 1 1 1 1
 1 1 1 1 1
 1 1 1 1 1
 1 1 1 1 1
 1 1 1 1 1
 1 1 1 1 1
 1 1 1 1 1
 1 1 1 1 1
 1 1 1 1 1
pf_obs 
 0.256992 0.487395 0.22802 0.0275931 0
 0.321318 0.546541 0.124235 0.00734118 0.000564706
 0.182869 0.594174 0.210203 0.0122559 0.00049798
 0.330522 0.361315 0.267642 0.0388342 0.00168674
 0.649043 0.306663 0.0425973 0.00169635 0
 0.582887 0.30429 0.105238 0.00758474 0
 0.465427 0.430635 0.0974691 0.00646863 0
 0.296916 0.608066 0.0921331 0.00288517 0
 0.311714 0.524322 0.152257 0.0117073 0
 0.15457 0.633149 0.183074 0.0267441 0.00246327
 0.131901 0.49318 0.331252 0.0422183 0.00144891
 0.196976 0.569456 0.194076 0.0375587 0.00193317
 0.518974 0.381816 0.0799577 0.0180837 0.00116848
 0.0928022 0.601141 0.25162 0.0475244 0.00691264
 0.122501 0.610282 0.24278 0.0234846 0.000952079
 0.383417 0.481906 0.127806 0.00687128 0
 0.0376549 0.599619 0.316969 0.0457579 0
 0.0361596 0.667082 0.258105 0.0386534 0
 0.158088 0.579412 0.248529 0.0139706 0
 0.0477256 0.309471 0.559284 0.082774 0.000745712
 0.0406174 0.521527 0.379366 0.0568643 0.0016247
 0.151134 0.462217 0.34131 0.0453401 0
 0.294876 0.26143 0.354403 0.0886775 0.000613685
 0.281977 0.475581 0.204845 0.0348837 0.00271318
 0.0354234 0.537034 0.353287 0.0723622 0.0018943
pf_pred 
 0.0310431 0.629331 0.299518 0.0401057 2.83087e-06
 0.098477 0.175596 0.471485 0.224394 0.0300487
 0.0291656 0.454888 0.100494 0.269833 0.145619
 0.399858 0.161491 0.205531 0.0454063 0.187713
 0.459408 0.464364 0.020512 0.0261057 0.0296098
 0.108033 0.767549 0.106874 0.00472085 0.012823
 0.354908 0.346172 0.257224 0.0358161 0.00587937
 0.316537 0.569776 0.0610072 0.0453316 0.00734815
 0.349604 0.545793 0.0872037 0.0093371 0.0080626
 0.391974 0.51917 0.0745647 0.0119135 0.0023771
 0.0826745 0.778407 0.118617 0.0170362 0.00326505
 0.0746575 0.416222 0.43202 0.0658333 0.0112673
 0.247475 0.314655 0.196955 0.204431 0.0364838
 0.154371 0.663454 0.0761732 0.0476798 0.0583218
 0.228403 0.571286 0.157158 0.0180438 0.0251096
 0.295602 0.587853 0.0862894 0.0237379 0.00651807
 0.177496 0.664279 0.132046 0.0193827 0.00679621
 0.193834 0.534776 0.219183 0.0435693 0.00863788
 0.171085 0.558264 0.179538 0.0735855 0.0175273
 0.42371 0.367501 0.140617 0.0452227 0.0229498
 0.244503 0.655746 0.0636112 0.0243396 0.0118001
 0.196837 0.569784 0.202565 0.01965 0.0111638
 0.289763 0.464341 0.174445 0.0620172 0.00943393
 0.17914 0.627289 0.126553 0.0475438 0.0194736
 0.0101065 0.626147 0.27797 0.0560795 0.0296973
pobs_RECLAS
 0 0 0 0 0
 0 0 0 0 0
 0 0 0 0 0
 0 0 0 0 0
 0.835266 0.146461 0.0176864 0.000547809 3.91292e-05
 0.385257 0.428462 0.181853 0.0044286 0
 0.867414 0.0963971 0.0333333 0.00285562 0
 0.441836 0.489002 0.0689373 0.000224442 0
 0.779404 0.147425 0.0564933 0.0165055 0.000172143
 0.814271 0.122319 0.05973 0.00367925 0
 0.40263 0.566651 0.0304383 0.000280538 0
 0.475488 0.404961 0.113038 0.00651328 0
 0.955842 0.0263864 0.0167828 0.000988607 0
 0.975058 0.0227948 0.00214734 0 0
 0.738997 0.206755 0.0527124 0.00153531 0
 0.850938 0.134255 0.0134407 0.00136685 0
 0.542534 0.407297 0.0501686 0 0
 0.764087 0.199537 0.0359546 0.000420521 0
 0.470689 0.182191 0.310203 0.0369168 0
 0.84361 0.089868 0.0606195 0.00523954 0.000663233
 0.607945 0.314616 0.071237 0.00620181 0
 0.523733 0.453247 0.0230204 0 0
 0.530135 0.295979 0.169645 0.0042399 0
 0.562478 0.366248 0.0663022 0.0049721 0
 0.250443 0.683176 0.0655157 0.000865301 0
ppred_RECLAS
 0.174204 0.536348 0.255265 0.0341802 2.41261e-06
 0.420587 0.112856 0.303025 0.144219 0.0193124
 0.177959 0.38517 0.0850923 0.228478 0.123301
 0.818774 0.0487659 0.0620647 0.0137114 0.0566841
 0.847766 0.130768 0.0057763 0.00735154 0.00833831
 0.45296 0.470735 0.0655455 0.00289528 0.00786431
 0.788505 0.113493 0.0843316 0.0117424 0.00192757
 0.766031 0.195051 0.0208845 0.0155183 0.00251549
 0.790381 0.175906 0.0281053 0.0030093 0.00259853
 0.812514 0.160087 0.0229921 0.00367356 0.000732982
 0.378992 0.526963 0.0803011 0.0115331 0.00221036
 0.352586 0.291209 0.302262 0.0460602 0.00788314
 0.698441 0.126092 0.0789257 0.0819215 0.0146201
 0.583212 0.326999 0.0375437 0.0235001 0.0287452
 0.699196 0.222714 0.0612676 0.00703432 0.00978887
 0.743194 0.214317 0.031459 0.00865423 0.00237633
 0.593989 0.327906 0.0651815 0.00956782 0.0033548
 0.61728 0.25388 0.104055 0.0206841 0.00410075
 0.580395 0.282599 0.0908841 0.0372497 0.00887251
 0.832389 0.106885 0.0408977 0.0131527 0.0066748
 0.680587 0.27724 0.0268939 0.0102904 0.00498889
 0.618033 0.270977 0.0963355 0.0093451 0.00530927
 0.730085 0.176466 0.0662951 0.0235687 0.00358522
 0.591076 0.312494 0.0630445 0.0236847 0.00970104
 0.0635695 0.592329 0.262957 0.0530507 0.0280934
pobs_PELACES
 0 0 0 0 0
 0 0 0 0 0
 0 0 0 0 0
 0 0 0 0 0
 0 0 0 0 0
 0 0 0 0 0
 0 0 0 0 0
 0 0 0 0 0
 0 0 0 0 0
 0 0 0 0 0
 0.450072 0.473896 0.0757376 0.000293798 0
 0 0 0 0 0
 0.463077 0.371075 0.160297 0.00555027 0
 0.529543 0.364841 0.0842815 0.0213345 0
 0.631943 0.363953 0.00410389 0 0
 0.735681 0.248677 0.0153453 0.000297389 0
 0.695825 0.281241 0.0229344 0 0
 0.275771 0.60734 0.115278 0.00161068 0
 0 0 0 0 0
 0.896147 0.0623911 0.0374545 0.00400742 0
 0.803859 0.145111 0.0509908 3.86294e-05 0
 0.739449 0.233085 0.0266225 0.000797448 4.60066e-05
 0.878498 0.100942 0.0204185 0.000141795 0
 0.694673 0.275183 0.0284847 0.00165964 0
 0.469039 0.446079 0.0841089 0.000773354 0
ppred_PELACES
 0.190934 0.525482 0.250093 0.0334877 2.36373e-06
 0.457551 0.105657 0.283694 0.135018 0.0180804
 0.239041 0.35655 0.0787695 0.2115 0.114139
 0.84905 0.0406189 0.0516959 0.0114207 0.0472142
 0.85895 0.121161 0.00535194 0.00681145 0.00772574
 0.513632 0.418526 0.0582758 0.00257417 0.00699207
 0.822452 0.0952766 0.0707957 0.00985764 0.00161818
 0.819869 0.150168 0.0160789 0.0119475 0.00193666
 0.837283 0.136547 0.0218168 0.00233597 0.00201712
 0.839949 0.136661 0.0196277 0.00313601 0.000625725
 0.430693 0.483092 0.0736159 0.0105729 0.00202634
 0.400624 0.269601 0.279834 0.0426425 0.00729821
 0.761415 0.0997602 0.0624439 0.0648141 0.0115671
 0.695882 0.238601 0.0273945 0.0171473 0.0209746
 0.79845 0.149226 0.0410516 0.00471325 0.0065589
 0.790846 0.174549 0.0256215 0.00704838 0.00193538
 0.6454 0.286385 0.0569279 0.0083563 0.00293
 0.659757 0.225702 0.0925062 0.0183885 0.00364562
 0.623705 0.25343 0.0815035 0.0334049 0.00795673
 0.859313 0.0897164 0.0343283 0.01104 0.00560262
 0.704362 0.256604 0.024892 0.00952447 0.00461754
 0.646805 0.250565 0.0890789 0.00864117 0.00490934
 0.756975 0.158885 0.0596904 0.0212206 0.00322804
 0.623767 0.287512 0.0580044 0.0217912 0.0089255
 0.0732655 0.586196 0.260235 0.0525014 0.0278025
pobs_pel_tallas
 0 0 0 0 0 0 0 0 0 0 0 0 0 0 0 0 0 0 0 0 0 0 0 0 0 0 0 0 0 0 0 0 0 0 0 0
 0 0 0 0 0 0 0 0 0 0 0 0 0 0 0 0 0 0 0 0 0 0 0 0 0 0 0 0 0 0 0 0 0 0 0 0
 0 0 0 0 0 0 0 0 0 0 0 0 0 0 0 0 0 0 0 0 0 0 0 0 0 0 0 0 0 0 0 0 0 0 0 0
 0 0 0 0 0 0 0 0 0 0 0 0 0 0 0 0 0 0 0 0 0 0 0 0 0 0 0 0 0 0 0 0 0 0 0 0
 0 0 0 0 0 0 0 0 0 0 0 0 0 0 0 0 0 0 0 0 0 0 0 0 0 0 0 0 0 0 0 0 0 0 0 0
 0 0 0 0 0 0 0 0 0 0 0 0 0 0 0 0 0 0 0 0 0 0 0 0 0 0 0 0 0 0 0 0 0 0 0 0
 0 0 0 0 0 0 0 0 0 0 0 0 0 0 0 0 0 0 0 0 0 0 0 0 0 0 0 0 0 0 0 0 0 0 0 0
 0 0 0 0 0 0 0 0 0 0 0 0 0 0 0 0 0 0 0 0 0 0 0 0 0 0 0 0 0 0 0 0 0 0 0 0
 0 0 0 0 0 0 0 0 0 0 0 0 0 0 0 0 0 0 0 0 0 0 0 0 0 0 0 0 0 0 0 0 0 0 0 0
 0 0 0 0 0 0 0 0 0 0 0 0 0 0 0 0 0 0 0 0 0 0 0 0 0 0 0 0 0 0 0 0 0 0 0 0
 0 0 0 0 0 0 0 0 1.78061e-05 0.00172719 0.00360574 0.0105946 0.0120993 0.0124554 0.0147524 0.0171206 0.0266825 0.0428682 0.0675386 0.121331 0.153587 0.119568 0.100827 0.0573624 0.0630603 0.0341343 0.0324427 0.0444173 0.0211091 0.0280891 0.0125444 0.00206551 0 0 0 0
 0 0 0 0 0 0 0 0 0 0 0 0 0 0 0 0 0 0 0 0 0 0 0 0 0 0 0 0 0 0 0 0 0 0 0 0
 0 0 0 0 0 0 0.0133647 0.0140871 0.0187388 0.0205184 0.03894 0.0496705 0.03968 0.0493445 0.0407372 0.0367815 0.0215668 0.0243155 0.0234873 0.0199281 0.019796 0.0243948 0.0301388 0.0376714 0.0412746 0.0863199 0.0771752 0.113111 0.0741005 0.0525337 0.0229764 0.00759418 0.00175318 0 0 0
 0 0 0 0 0 0 0 0 0 0 0.00219441 0.00772107 0.0458388 0.0604681 0.0671733 0.0775358 0.0609151 0.0617685 0.073594 0.0568108 0.0755445 0.0548602 0.0670107 0.0636378 0.0643287 0.046367 0.0373049 0.0286899 0.0247887 0.0153202 0.00654259 0.00121912 0.000365735 0 0 0
 0 0 0 0 0 0 0 0 0 0 0 0 0.000112435 0.00938835 0.0111873 0.0202946 0.0414886 0.0713402 0.111592 0.104902 0.108894 0.110636 0.117776 0.105296 0.107544 0.0401394 0.0192827 0.0124803 0.00416011 0.0028671 0.000618394 0 0 0 0 0
 0 0 0 0 0 0 0 0 0 0 0.00291406 0.0102884 0.027416 0.0768956 0.0749926 0.110853 0.0956884 0.0897413 0.0766577 0.0534642 0.0500743 0.0551293 0.0594112 0.0620874 0.0668451 0.0424026 0.0208742 0.0120726 0.0048766 0.00582813 0.00118941 0.000297354 0 0 0 0
 0 0.00264628 0.0354308 0.0461629 0.0458689 0.0383711 0.0214643 0.0164657 0.0346957 0.0420465 0.0363128 0.0245516 0.0311673 0.0291091 0.0169068 0.0133784 0.00837989 0.0085269 0.0148486 0.0160247 0.0276389 0.0546898 0.0760071 0.122758 0.109233 0.0665981 0.0333725 0.0166128 0.00676272 0.00308733 0.000882094 0 0 0 0 0
 0 0 0 0 0 0 0 0.000805153 0.000690131 0.00759144 0.0133425 0.0154129 0.00931677 0.000345066 0.00356568 0.00563607 0.00851162 0.0253048 0.0502646 0.0516448 0.0657925 0.0565908 0.0611916 0.0827007 0.0866115 0.110766 0.145733 0.0935128 0.0569358 0.0249597 0.0138026 0.00621118 0.00161031 0.00115022 0 0
 0 0 0 0 0 0 0 0 0 0 0 0 0 0 0 0 0 0 0 0 0 0 0 0 0 0 0 0 0 0 0 0 0 0 0 0
 0.00147267 0.00158595 0.00478618 0.00569244 0.00954404 0.0108468 0.00647125 0.017049 0.0510054 0.094081 0.124002 0.0959785 0.0687766 0.0820023 0.061753 0.0591476 0.0492212 0.0479892 0.0443925 0.0268479 0.0217502 0.0140895 0.0121071 0.0120363 0.00920419 0.00665534 0.0049561 0.00860946 0.00930331 0.0156896 0.0114698 0.00855282 0.00243557 0.00046729 0 2.83206e-05
 0 0 0 0 0.000772559 0.00158375 0.000888443 0.00281984 0.00712685 0.0440552 0.0773331 0.111326 0.0921469 0.0852325 0.0710754 0.0886704 0.0786465 0.0553345 0.0373146 0.0185414 0.00753245 0.00457741 0.012979 0.0271748 0.0457355 0.0583668 0.034881 0.0177882 0.00938659 0.00492506 0.0015258 0.00185414 0.000309023 5.79419e-05 3.86279e-05 0
 0 0.00173294 0.00326652 0 0.00397197 0.00683976 0.00946217 0.0152591 0.00757587 0.0136028 0.0228656 0.0392903 0.0559909 0.0764795 0.0681675 0.0726916 0.0566044 0.0477403 0.0527397 0.0444891 0.0609904 0.0582453 0.0661739 0.0445044 0.0529084 0.0360697 0.0280645 0.0235558 0.0158879 0.00826598 0.00280645 0.00217768 0.000904811 0.00058276 9.20147e-05 0
 0 0 0 0 0 0 0 0 0 0 0 0 0 0 0 0 0 0 0 0 0 0 0 0 0 0 0 0 0 0 0 0 0 0 0 0
 0 0 0 0 0 0 0 0 0 0 0 0 0 0 0 0 0 0 0 0 0 0 0 0 0 0 0 0 0 0 0 0 0 0 0 0
 0 0 0 0 0 0 0 0 0 0 0 0 0 0 0 0 0 0 0 0 0 0 0 0 0 0 0 0 0 0 0 0 0 0 0 0
ppred_pel_tallas
 1.04873e-16 8.36017e-06 4.89932e-05 0.000232736 0.000895788 0.0027932 0.00705593 0.0144414 0.0239534 0.0322147 0.0351772 0.0313174 0.0230481 0.0147241 0.00953009 0.00827169 0.0102779 0.01466 0.0208116 0.028289 0.0365729 0.0449626 0.052623 0.0587273 0.0626291 0.0639972 0.0628719 0.0596211 0.0548216 0.0491083 0.043045 0.0370489 0.0313772 0.0261584 0.0214419 0.0172422
 1.09546e-16 1.99688e-05 0.000117185 0.000557013 0.00214448 0.00668731 0.0168916 0.0345627 0.0572927 0.0769461 0.0837422 0.0738897 0.052944 0.0310052 0.0152565 0.00710055 0.00440769 0.00467659 0.00641199 0.00900593 0.0122521 0.0160345 0.0202119 0.0245976 0.0289724 0.0331032 0.0367604 0.0397294 0.0418218 0.0428872 0.0428302 0.0416272 0.0393411 0.0361228 0.0322 0.0278488
 1.13835e-16 1.04501e-05 6.12807e-05 0.000291192 0.00112093 0.00349533 0.00882924 0.0180683 0.02996 0.0402649 0.043894 0.0389028 0.0282521 0.0173055 0.00993154 0.00699969 0.00753287 0.0103226 0.0146035 0.0199508 0.0260067 0.032336 0.0384261 0.0437695 0.0479676 0.0508099 0.0522989 0.0526096 0.0520065 0.0507468 0.049009 0.0468673 0.0443134 0.0413051 0.0378229 0.0339075
 1.03346e-16 3.70369e-05 0.000217397 0.00103345 0.0039789 0.0124079 0.0313412 0.064127 0.106293 0.142735 0.155288 0.136888 0.0978007 0.0566972 0.0268071 0.010604 0.00398243 0.00214107 0.00216503 0.00283697 0.0037654 0.00482615 0.00595107 0.00707759 0.0081466 0.00910838 0.00992619 0.0105748 0.0110363 0.0112955 0.0113382 0.0111535 0.0107384 0.0101036 0.00927644 0.00830061
 1.00711e-16 3.74718e-05 0.000219942 0.00104553 0.00402541 0.0125529 0.0317076 0.0648773 0.107539 0.144414 0.157132 0.138554 0.0990789 0.0576151 0.0275718 0.0114787 0.00520603 0.00390532 0.00460968 0.00603243 0.00768188 0.00930444 0.0106918 0.0116602 0.0120809 0.0119091 0.0111941 0.0100646 0.00869465 0.00726175 0.00591136 0.00473631 0.00377404 0.00301768 0.00243384 0.0019801
 1.01379e-16 2.24265e-05 0.000131586 0.000625416 0.00240774 0.00750821 0.0189655 0.0388083 0.064338 0.0864313 0.0941261 0.0831964 0.0599263 0.0357231 0.0187372 0.0106371 0.00910583 0.0113508 0.015605 0.0209569 0.026797 0.0325033 0.0373966 0.0408377 0.0423661 0.0418074 0.0393136 0.0353136 0.0304012 0.0251939 0.0202103 0.0157986 0.0121227 0.009195 0.00693178 0.00520825
 1.01451e-16 3.58794e-05 0.000210596 0.0010011 0.00385435 0.0120195 0.0303601 0.0621202 0.102968 0.138275 0.150449 0.132655 0.0948448 0.0551228 0.0263243 0.0108696 0.00480488 0.00349416 0.00411149 0.00544977 0.00707226 0.0087747 0.0103923 0.0117697 0.0127799 0.0133464 0.0134546 0.0131458 0.0124988 0.011607 0.0105582 0.00942328 0.00825474 0.00709098 0.00596284 0.00489784
 1.00779e-16 3.57689e-05 0.000209942 0.000997986 0.00384233 0.011982 0.0302655 0.0619268 0.102649 0.137851 0.149999 0.132285 0.0946401 0.0551233 0.0265469 0.011342 0.00558276 0.00465298 0.00572287 0.00755155 0.00963954 0.0116987 0.0134749 0.0147389 0.0153268 0.0151771 0.014344 0.0129799 0.0112942 0.00950326 0.00778699 0.0062636 0.00498595 0.00395414 0.00313621 0.00248819
 1.00529e-16 3.65277e-05 0.000214398 0.00101917 0.00392391 0.0122364 0.030908 0.0632415 0.104828 0.140776 0.153177 0.135079 0.096618 0.0562337 0.027004 0.011404 0.00541746 0.0043254 0.0052378 0.0068944 0.00880015 0.0106828 0.0123081 0.0134654 0.014003 0.0138623 0.0130898 0.0118225 0.0102507 0.00857282 0.00695606 0.00551309 0.00429789 0.00331618 0.0025433 0.0019417
 1.00461e-16 3.66439e-05 0.000215081 0.00102242 0.0039364 0.0122753 0.0310065 0.0634429 0.105162 0.141224 0.153665 0.135508 0.0969245 0.0564105 0.0270858 0.0114331 0.00542289 0.00432047 0.00522611 0.00687505 0.00877033 0.0106388 0.0122458 0.0133806 0.0138923 0.0137233 0.0129221 0.0116277 0.0100329 0.0083381 0.00671205 0.00526813 0.00406015 0.00309288 0.00234008 0.00176233
 1.01661e-16 1.88126e-05 0.000110363 0.000524507 0.0020192 0.00629652 0.015905 0.0325467 0.0539613 0.0725035 0.0789904 0.0698943 0.0505107 0.0304428 0.0165763 0.0103702 0.0099409 0.0129888 0.0180366 0.0242675 0.0310517 0.0376897 0.0434008 0.0474467 0.0492927 0.0487329 0.0459359 0.0413897 0.0357721 0.0297898 0.0240378 0.0189173 0.0146203 0.0111665 0.00846667 0.00638482
 1.05867e-16 1.74933e-05 0.000102636 0.000487813 0.00187799 0.00585621 0.0147925 0.030269 0.0501805 0.06741 0.0734054 0.0648677 0.0466947 0.0277789 0.0144745 0.00808493 0.00681681 0.00852524 0.0118923 0.0162977 0.0213819 0.0267849 0.0320832 0.0368322 0.0406428 0.0432478 0.0445364 0.0445447 0.0434155 0.0413442 0.0385336 0.0351694 0.0314186 0.0274378 0.0233832 0.0194114
 1.03687e-16 3.3218e-05 0.000194971 0.000926821 0.00356834 0.0111276 0.0281072 0.0575106 0.0953281 0.128017 0.139291 0.122825 0.0878358 0.0510878 0.0244708 0.0102337 0.00472615 0.00366647 0.0044477 0.00595879 0.00779784 0.00977356 0.0117272 0.0135059 0.0149808 0.0160688 0.0167408 0.0170153 0.0169397 0.0165685 0.0159472 0.0151073 0.0140699 0.0128568 0.0114995 0.0100442
 1.02036e-16 3.0366e-05 0.000178215 0.000847133 0.00326147 0.0101706 0.0256901 0.0525661 0.0871364 0.117029 0.127369 0.112392 0.0805482 0.0471989 0.0232618 0.0108509 0.00668465 0.00688122 0.0090438 0.0120772 0.0154607 0.0188036 0.0217173 0.0238417 0.0249172 0.0248443 0.0237043 0.0217311 0.0192464 0.0165813 0.0140076 0.0117008 0.00973502 0.00810464 0.00675809 0.00562987
 1.011e-16 3.48349e-05 0.000204459 0.000971919 0.00374196 0.011669 0.0294749 0.0603092 0.0999682 0.134251 0.146083 0.128835 0.0921792 0.053705 0.0258928 0.0111138 0.00554941 0.00470928 0.00584276 0.00774569 0.00993398 0.0121264 0.0140712 0.0155365 0.0163506 0.016438 0.0158344 0.0146708 0.0131364 0.0114312 0.00972589 0.00813809 0.00672887 0.00551351 0.00447936 0.00360271
 1.00754e-16 3.45044e-05 0.000202516 0.000962677 0.00370637 0.011558 0.0291945 0.0597358 0.0990184 0.132978 0.144704 0.127632 0.091349 0.0532824 0.0258029 0.0112689 0.00590715 0.00527454 0.00664251 0.0088024 0.0112455 0.0136536 0.015733 0.017216 0.0179096 0.0177393 0.0167653 0.0151625 0.0131735 0.0110509 0.00900647 0.00718225 0.0056451 0.00440061 0.00341618 0.00264359
 1.01326e-16 2.81668e-05 0.000165299 0.000785718 0.003025 0.00943311 0.0238275 0.0487552 0.0808213 0.108553 0.11816 0.104304 0.0748351 0.0440186 0.0220061 0.0107887 0.00735266 0.00811926 0.0108682 0.014558 0.0186459 0.0226794 0.0261894 0.0287355 0.0299956 0.0298392 0.0283544 0.0258168 0.0226142 0.0191535 0.015779 0.0127253 0.0101088 0.00794859 0.00620312 0.00480505
 1.02189e-16 2.87905e-05 0.000168966 0.000803163 0.00309218 0.00964264 0.0243566 0.0498375 0.0826136 0.110955 0.12076 0.106564 0.0763805 0.0447752 0.0221033 0.0103752 0.00648799 0.00677238 0.00896914 0.012054 0.0155458 0.0190825 0.0222954 0.0248311 0.0264176 0.0269207 0.0263673 0.0249249 0.0228489 0.0204165 0.0178696 0.0153826 0.0130571 0.0109365 0.00903006 0.00733324
 1.0276e-16 2.72195e-05 0.00015974 0.000759298 0.00292328 0.00911593 0.0230262 0.0471156 0.0781029 0.1049 0.11418 0.10078 0.0722848 0.0424746 0.0211543 0.0102422 0.00682272 0.00743939 0.00995761 0.0133935 0.0172572 0.0211546 0.0246763 0.0274315 0.0291233 0.0296121 0.0289403 0.0273069 0.0250064 0.0223523 0.019612 0.0169709 0.0145274 0.0123131 0.0103214 0.00853403
 1.01158e-16 3.74864e-05 0.000220031 0.00104596 0.00402707 0.0125581 0.0317206 0.0649037 0.107582 0.144469 0.157185 0.138586 0.0990675 0.0575404 0.0274092 0.0111944 0.00475564 0.00323943 0.003685 0.00482677 0.00620975 0.00762886 0.00892753 0.0099651 0.0106345 0.0108828 0.0107204 0.0102122 0.00945651 0.00855921 0.00761116 0.00667612 0.0057894 0.00496461 0.00420359 0.00350493
 1.00981e-16 3.07366e-05 0.000180388 0.000857462 0.00330124 0.0102946 0.0260034 0.0532071 0.0881994 0.118458 0.128927 0.113774 0.0815553 0.0478218 0.0236291 0.0111223 0.00698357 0.007285 0.00959619 0.0127968 0.0163397 0.0198028 0.0227635 0.0248315 0.0257281 0.0253518 0.023801 0.021344 0.018348 0.0151925 0.0121932 0.0095585 0.00738177 0.00566242 0.00434148 0.00333659
 1.01873e-16 2.82267e-05 0.000165654 0.000787412 0.00303153 0.00945349 0.0238789 0.0488602 0.0809944 0.108783 0.118403 0.1045 0.0749359 0.0439987 0.0218506 0.0104744 0.00683954 0.00735558 0.0098055 0.01317 0.0169476 0.0207406 0.024139 0.0267516 0.028282 0.0285916 0.0277252 0.0258874 0.0233812 0.0205327 0.0176246 0.0148581 0.0123457 0.0101285 0.00820279 0.00654603
 1.0178e-16 3.30269e-05 0.000193843 0.000921448 0.00354763 0.011063 0.0279442 0.0571773 0.0947774 0.127282 0.138505 0.122163 0.0874315 0.0509912 0.0246832 0.0107657 0.00563025 0.00503011 0.00636415 0.00849069 0.010942 0.0134336 0.0157019 0.0174991 0.0186358 0.019019 0.018669 0.0177033 0.0163001 0.014651 0.0129216 0.0112287 0.00963815 0.00817566 0.00684467 0.00564116
 1.02083e-16 2.72236e-05 0.000159761 0.00075939 0.00292363 0.009117 0.023029 0.0471215 0.0781135 0.104917 0.114206 0.10082 0.0723505 0.0425877 0.0213479 0.0105613 0.00732175 0.0081764 0.0109828 0.0147339 0.0189 0.0230335 0.0266678 0.0293631 0.0307961 0.0308323 0.0295532 0.0272244 0.0242214 0.0209368 0.0177005 0.0147347 0.0121468 0.0099525 0.00811263 0.00656787
 1.06989e-16 3.23166e-06 1.88788e-05 8.95574e-05 0.000344493 0.00107399 0.00271344 0.00555677 0.0092289 0.0124485 0.0136896 0.0124161 0.00963212 0.0071252 0.00627411 0.00757527 0.010961 0.0162357 0.0232076 0.031586 0.0408583 0.0502636 0.0588813 0.0657986 0.0703032 0.0720328 0.0710352 0.0677172 0.0627106 0.0567041 0.0502998 0.0439325 0.037859 0.0321973 0.0269868 0.0222394
pSPR Fmed_Fpbrs
0.534428   0.350877 0.350877
Fs Fmed_Fpbrs
0.467765   1.005 1.005
SSBpbr Bo_Bmed_Bpbrs
937085  453950  281947 281947
Ro
25848.3
SPR SPRFo_SPRFmed_SPRFpbrs
530867 283710 186269
log_Ro
9.98
likeval ReclasPelacesDesembMPH_pf_preclas_ppelaces_ptallas_desvR_qrecl_qpela
 90.1462 78.6638 0.0726685 0.000623857 339.322 192.973 81.4836 0 34.6977 1.25095e-05 0 0 0 0 0
q_reclas_q_pelaces
0.605809 1
M
0.7
N
 12181.8 37820.4 17999.9 2410.2 0.170124
 20597.8 5903.57 15851.4 7544.17 1010.24
 3024.81 9791.05 2163.05 5807.92 3134.31
 18182.9 1284.14 1634.34 361.06 1492.65
 55533.6 8345.13 368.622 469.148 532.121
 21300.1 27226.3 3791.01 167.457 454.855
 56749.9 9656.35 7175.19 999.078 164.003
 73061.3 26072.1 2791.6 2074.31 336.241
 104525 31701.2 5065.05 542.326 468.299
 204359 45782.1 6575.36 1050.57 209.62
 58072.6 95122.6 14495.2 2081.85 398.995
 27870.9 26711.1 27725 4224.87 723.081
 51613.5 12884.8 8065.1 8371.23 1493.97
 22385.3 22496.2 2582.86 1616.72 1977.56
 14711.9 8942.69 2460.1 282.451 393.056
 15642.4 5754.8 844.732 232.382 63.8088
 10712.7 7004.89 1392.44 204.392 71.6668
 10633.1 4918.43 2015.86 400.715 79.4441
 9116.76 4967.6 1597.59 654.785 155.964
 28541.3 4266.31 1632.42 524.989 266.423
 32110.7 13180.5 1278.59 489.227 237.181
 34589.7 15565.4 5533.68 536.799 304.974
 65435.5 16663.9 6260.32 2225.62 338.556
 56435.6 31247.8 6304.13 2368.35 970.056
 2704.22 27004.4 11988.3 2418.59 1280.79
pred_Ctot
 211.34 4284.47 2039.11 273.039 0.0192725
 635.228 1132.68 3041.32 1447.46 193.83
 318.487 4967.35 1097.39 2946.56 1590.15
 995.456 402.037 511.676 113.04 467.317
 508.455 513.941 22.7019 28.8928 32.771
 1340.79 9526.04 1326.41 58.5904 159.146
 3068.14 2992.62 2223.67 309.626 50.8265
 6684.58 12032.4 1288.34 957.307 155.177
 8932.26 13944.8 2228.03 238.56 205.997
 9244.17 12243.9 1758.51 280.964 56.0606
 3093.82 29129.3 4438.86 637.522 122.184
 1389.54 7746.78 8040.83 1225.3 209.709
 4573.38 5814.88 3639.76 3777.92 674.227
 3187.43 13698.9 1572.81 984.484 1204.22
 2277.12 5695.59 1566.83 179.893 250.337
 1111.47 2210.35 324.452 89.2553 24.5082
 583.891 2185.22 434.379 63.7614 22.3569
 454.382 1253.61 513.805 102.135 20.2488
 379.194 1237.34 397.931 163.095 38.8477
 1443.62 1252.11 479.095 154.078 78.1918
 551.546 1479.22 143.493 54.905 26.6184
 744.038 2153.77 765.69 74.2764 42.1989
 1809.26 2899.31 1089.22 387.23 58.9047
 1481.32 5187.09 1046.48 393.142 161.028
 85.4992 5297.09 2351.58 474.423 251.234
F
 0.0243846 0.16959 0.16959 0.16959 0.16959
 0.043716 0.304037 0.304037 0.304037 0.304037
 0.156759 1.09023 1.09023 1.09023 1.09023
 0.0788049 0.548074 0.548074 0.548074 0.548074
 0.0128034 0.0890452 0.0890452 0.0890452 0.0890452
 0.0910958 0.633555 0.633555 0.633555 0.633555
 0.0777879 0.541001 0.541001 0.541001 0.541001
 0.134943 0.938502 0.938502 0.938502 0.938502
 0.125528 0.873027 0.873027 0.873027 0.873027
 0.0647139 0.450074 0.450074 0.450074 0.450074
 0.0766133 0.532831 0.532831 0.532831 0.532831
 0.0715381 0.497534 0.497534 0.497534 0.497534
 0.130435 0.907149 0.907149 0.907149 0.907149
 0.217568 1.51315 1.51315 1.51315 1.51315
 0.238622 1.65957 1.65957 1.65957 1.65957
 0.103378 0.718977 0.718977 0.718977 0.718977
 0.0784436 0.545561 0.545561 0.545561 0.545561
 0.0610362 0.424496 0.424496 0.424496 0.424496
 0.0593649 0.412872 0.412872 0.412872 0.412872
 0.0726106 0.504994 0.504994 0.504994 0.504994
 0.0241395 0.167886 0.167886 0.167886 0.167886
 0.0303127 0.21082 0.21082 0.21082 0.21082
 0.039115 0.272038 0.272038 0.272038 0.272038
 0.0370994 0.25802 0.25802 0.25802 0.25802
 0.0448401 0.311855 0.311855 0.311855 0.311855
nmprior
 10.6 11 7 0
nm_flota  nm_reclas  nm_pelaces    nm_pelaL
inf 30.303 22.2791 56.5285
cv_recla  cv_pelaces  cv_mph
0.858813 1.00568 0.810365
 ------------------------------------------------
Talla a la edad & desviación 
 7.2 14.2025 17.0495 18.207 18.6776
 1.08 2.13037 2.55742 2.73105 2.80164
