    unsorted:	 1.781001902e-06 2.436124352e-06 -3.242188159e-06 0.0008999956356 0.007219339339 48.28737954 65.15122511 103.7325402 110.8475523 169.1784335 360.3199762 490.7693496 543.4137819 738.1121889 778.7135268 850.5755473 983.0221055 1085.053110 1241.767110 1310.470924 1404.147194 1533.204689 1780.552785 1847.078878 2199.977147 2235.568883 2586.948146 2872.712813 3064.366894 3440.734768 3793.991771 3856.748681 4278.795010 4650.190308 4520.852177 5000.993287 5106.832467 10880.80497 29763.09197 196503.2530 322828.6583 403184.0198 386588.2766 438429.8957 514024.5923 501873.4450 477696.8330 549188.8718 540858.5552 576517.5095 623488.5107 679565.3347 720667.8960 861666.4544 903455.5716 992568.8424 1190163.893 1242315.248 1479552.952 1695255.500 1940501.701 2111055.489 2357313.673 2587658.596 5865584.992
      sorted:	 -3.242188159e-06 1.781001902e-06 2.436124352e-06 0.0008999956356 0.007219339339 48.28737954 65.15122511 103.7325402 110.8475523 169.1784335 360.3199762 490.7693496 543.4137819 738.1121889 778.7135268 850.5755473 983.0221055 1085.053110 1241.767110 1310.470924 1404.147194 1533.204689 1780.552785 1847.078878 2199.977147 2235.568883 2586.948146 2872.712813 3064.366894 3440.734768 3793.991771 3856.748681 4278.795010 4520.852177 4650.190308 5000.993287 5106.832467 10880.80497 29763.09197 196503.2530 322828.6583 386588.2766 403184.0198 438429.8957 477696.8330 501873.4450 514024.5923 540858.5552 549188.8718 576517.5095 623488.5107 679565.3347 720667.8960 861666.4544 903455.5716 992568.8424 1190163.893 1242315.248 1479552.952 1695255.500 1940501.701 2111055.489 2357313.673 2587658.596 5865584.992
