years
 1997 1998 1999 2000 2001 2002 2003 2004 2005 2006 2007 2008 2009 2010 2011 2012 2013 2014 2015 2016 2017 2018 2019 2020 2021
reclasobs
 0 0 0 370054 412103 1.49427e+06 250295 1.28982e+06 931140 785840 897777 1.04006e+06 184774 17550 25797 100020 73551 82996 120727 218422 84188 347160 605670 569463 516374
reclaspred
 7.98505e+06 1.43741e+06 1.67911e+06 256464 227958 349658 659254 654977 648588 815872 939169 734745 390897 143444 77306.5 76033 77654 108056 142715 133196 187577 215818 354502 418908 345939
pelacesobs
 0 0 0 0 0 0 0 0 0 2.06254e+06 1.5e+06 0 1.87456e+06 323000 250000 174000 83755 137374 0 501740 490994 745055 786931 1.00524e+06 1.33801e+06
pelacespred
 2.23492e+07 1.30582e+07 2.78065e+06 943787 814706 742230 2.12848e+06 2.09525e+06 1.80238e+06 2.55723e+06 2.39719e+06 1.97638e+06 1.01794e+06 296386 161269 169106 178890 273993 378515 312586 579019 651292 764850 1.08418e+06 753691
mphobs
 0 0 0 0 0 112323 0 153150 637223 0 255016 313432 73983 77613 109348 50772 0 0 0 0 0 0 0 0 0
mphpred
 1.27826e+06 533514 206246 61153 38990 139780 150670 295925 250954 264615 383768 273508 171259 98383.8 46554.3 32665.2 28270.3 34852.8 46909.6 41952.9 50277 71070.9 83769.3 119658 125882
desembarqueobs
 350755 77701 442110 56441 14545 235359 269955 359681 431902 328805 639364 411747 362871 311530 167758 66681 60226 58785 57116 73181 50977 67692 138656 160484 209506
desembarquepred
 350744 77678.2 441487 56401.4 14541.5 235125 269832 359001 431264 328436 638041 410907 362004 310867 167196 66586 60180.2 58681.5 57018.1 73066.5 50952.4 67601 138502 160317 209265
Reclutas
 6417.4 8835.17 1094.44 3545.93 39544.6 11732.3 65066.2 55192.6 59080.1 112183 68353.5 49831.9 56120.5 29271.1 11883.2 8871.45 7070.61 8780.78 7215.61 7923.6 14556.4 16911.2 28978.3 29605.8 1169.7
log_desv_Rt
 -0.913231 -0.593504 -2.682 -1.50644 0.905184 -0.309903 1.40316 1.23858 1.30665 1.94789 1.45245 1.13641 1.25526 0.604356 -0.297123 -0.589406 -0.816298 -0.59968 -0.795998 -0.7024 -0.0942149 0.0557342 0.594303 0.615726 -2.6155
SSB
 1.68496e+06 703259 271866 80609.6 51395.1 184253 198608 390077 330799 348806 505868 360528 225748 129686 61366.1 43058.1 37264.8 45941.6 61834.5 55300.8 66273.3 93683 110422 157729 165933
BT
 2.10478e+06 836647 389014 126639 241609 289357 1.02905e+06 914771 919563 1.07546e+06 1.13286e+06 808067 672362 388622 193799 100102 99367.8 123700 113994 121789 186698 163907 234217 334983 242696
Ftot
 0.166409 0.285291 1.34955 1.20262 0.370582 1.75722 1.89064 1.74388 2.19626 1.54304 2.00894 1.80273 3.00121 4.95303 4.94266 2.45475 2.38421 1.82748 1.22955 1.79041 0.999055 1.04024 1.32414 1.25929 1.6997
BD_Bspro_t
 0.976768 0.830573 0.557618 0.171643 0.215146 0.539207 0.377647 0.477799 0.384078 0.35911 0.41015 0.27436 0.191056 0.130538 0.0748997 0.0655969 0.0794098 0.13423 0.213682 0.235564 0.299159 0.438313 0.435277 0.447224 0.385025
BD_Bspro
 5.12938 2.14087 0.82762 0.245393 0.156458 0.560907 0.604605 1.18748 1.00702 1.06184 1.53997 1.09753 0.687226 0.394792 0.186812 0.131078 0.113442 0.139856 0.188238 0.168348 0.20175 0.285191 0.336148 0.480162 0.505135
BD_Bo
 1.83647 0.766496 0.296313 0.087858 0.0560166 0.200822 0.216467 0.425153 0.360545 0.380171 0.551356 0.392947 0.246047 0.141347 0.0668842 0.0469299 0.0406157 0.0500727 0.0673947 0.0602735 0.0722326 0.102107 0.120351 0.171912 0.180853
BD_Brms
 3.33904 1.39363 0.53875 0.159742 0.101848 0.36513 0.393576 0.773005 0.655536 0.691219 1.00247 0.714449 0.447359 0.256995 0.121608 0.085327 0.0738467 0.0910413 0.122536 0.109588 0.131332 0.185649 0.21882 0.312568 0.328824
S_f
 0.0768133 0.811343 0.995521 0.999913 0.999998
 0.0768133 0.811343 0.995521 0.999913 0.999998
 0.0768133 0.811343 0.995521 0.999913 0.999998
 0.0768133 0.811343 0.995521 0.999913 0.999998
 0.0768133 0.811343 0.995521 0.999913 0.999998
 0.0768133 0.811343 0.995521 0.999913 0.999998
 0.0768133 0.811343 0.995521 0.999913 0.999998
 0.0768133 0.811343 0.995521 0.999913 0.999998
 0.0768133 0.811343 0.995521 0.999913 0.999998
 0.0768133 0.811343 0.995521 0.999913 0.999998
 0.0768133 0.811343 0.995521 0.999913 0.999998
 0.0768133 0.811343 0.995521 0.999913 0.999998
 0.0768133 0.811343 0.995521 0.999913 0.999998
 0.0768133 0.811343 0.995521 0.999913 0.999998
 0.0768133 0.811343 0.995521 0.999913 0.999998
 0.0768133 0.811343 0.995521 0.999913 0.999998
 0.0768133 0.811343 0.995521 0.999913 0.999998
 0.0768133 0.811343 0.995521 0.999913 0.999998
 0.0768133 0.811343 0.995521 0.999913 0.999998
 0.0768133 0.811343 0.995521 0.999913 0.999998
 0.0768133 0.811343 0.995521 0.999913 0.999998
 0.0768133 0.811343 0.995521 0.999913 0.999998
 0.0768133 0.811343 0.995521 0.999913 0.999998
 0.0768133 0.811343 0.995521 0.999913 0.999998
 0.0768133 0.811343 0.995521 0.999913 0.999998
Scru_reclas
 0.0849612 0.318466 0.701639 0.922088 0.983488
 0.0849612 0.318466 0.701639 0.922088 0.983488
 0.0849612 0.318466 0.701639 0.922088 0.983488
 0.0849612 0.318466 0.701639 0.922088 0.983488
 0.0849612 0.318466 0.701639 0.922088 0.983488
 0.0849612 0.318466 0.701639 0.922088 0.983488
 0.0849612 0.318466 0.701639 0.922088 0.983488
 0.0849612 0.318466 0.701639 0.922088 0.983488
 0.0849612 0.318466 0.701639 0.922088 0.983488
 0.0849612 0.318466 0.701639 0.922088 0.983488
 0.0849612 0.318466 0.701639 0.922088 0.983488
 0.0849612 0.318466 0.701639 0.922088 0.983488
 0.0849612 0.318466 0.701639 0.922088 0.983488
 0.0849612 0.318466 0.701639 0.922088 0.983488
 0.0849612 0.318466 0.701639 0.922088 0.983488
 0.0849612 0.318466 0.701639 0.922088 0.983488
 0.0849612 0.318466 0.701639 0.922088 0.983488
 0.0849612 0.318466 0.701639 0.922088 0.983488
 0.0849612 0.318466 0.701639 0.922088 0.983488
 0.0849612 0.318466 0.701639 0.922088 0.983488
 0.0849612 0.318466 0.701639 0.922088 0.983488
 0.0849612 0.318466 0.701639 0.922088 0.983488
 0.0849612 0.318466 0.701639 0.922088 0.983488
 0.0849612 0.318466 0.701639 0.922088 0.983488
 0.0849612 0.318466 0.701639 0.922088 0.983488
Scru_pelaces
 0.0813672 0.308323 0.691677 0.918633 0.982704
 0.0813672 0.308323 0.691677 0.918633 0.982704
 0.0813672 0.308323 0.691677 0.918633 0.982704
 0.0813672 0.308323 0.691677 0.918633 0.982704
 0.0813672 0.308323 0.691677 0.918633 0.982704
 0.0813672 0.308323 0.691677 0.918633 0.982704
 0.0813672 0.308323 0.691677 0.918633 0.982704
 0.0813672 0.308323 0.691677 0.918633 0.982704
 0.0813672 0.308323 0.691677 0.918633 0.982704
 0.0813672 0.308323 0.691677 0.918633 0.982704
 0.0813672 0.308323 0.691677 0.918633 0.982704
 0.0813672 0.308323 0.691677 0.918633 0.982704
 0.0813672 0.308323 0.691677 0.918633 0.982704
 0.0813672 0.308323 0.691677 0.918633 0.982704
 0.0813672 0.308323 0.691677 0.918633 0.982704
 0.0813672 0.308323 0.691677 0.918633 0.982704
 0.0813672 0.308323 0.691677 0.918633 0.982704
 0.0813672 0.308323 0.691677 0.918633 0.982704
 0.0813672 0.308323 0.691677 0.918633 0.982704
 0.0813672 0.308323 0.691677 0.918633 0.982704
 0.0813672 0.308323 0.691677 0.918633 0.982704
 0.0813672 0.308323 0.691677 0.918633 0.982704
 0.0813672 0.308323 0.691677 0.918633 0.982704
 0.0813672 0.308323 0.691677 0.918633 0.982704
 0.0813672 0.308323 0.691677 0.918633 0.982704
pf_obs 
 0.256992 0.487395 0.22802 0.0275931 0
 0.321318 0.546541 0.124235 0.00734118 0.000564706
 0.182869 0.594174 0.210203 0.0122559 0.00049798
 0.330522 0.361315 0.267642 0.0388342 0.00168674
 0.649043 0.306663 0.0425973 0.00169635 0
 0.582887 0.30429 0.105238 0.00758474 0
 0.465427 0.430635 0.0974691 0.00646863 0
 0.296916 0.608066 0.0921331 0.00288517 0
 0.311714 0.524322 0.152257 0.0117073 0
 0.15457 0.633149 0.183074 0.0267441 0.00246327
 0.131901 0.49318 0.331252 0.0422183 0.00144891
 0.196976 0.569456 0.194076 0.0375587 0.00193317
 0.518974 0.381816 0.0799577 0.0180837 0.00116848
 0.0928022 0.601141 0.25162 0.0475244 0.00691264
 0.122501 0.610282 0.24278 0.0234846 0.000952079
 0.383417 0.481906 0.127806 0.00687128 0
 0.0376549 0.599619 0.316969 0.0457579 0
 0.0361596 0.667082 0.258105 0.0386534 0
 0.158088 0.579412 0.248529 0.0139706 0
 0.0477256 0.309471 0.559284 0.082774 0.000745712
 0.0406174 0.521527 0.379366 0.0568643 0.0016247
 0.151134 0.462217 0.34131 0.0453401 0
 0.294876 0.26143 0.354403 0.0886775 0.000613685
 0.281977 0.475581 0.204845 0.0348837 0.00271318
 0.0354234 0.537034 0.353287 0.0723622 0.0018943
pf_pred 
 0.00875675 0.638122 0.311976 0.0411444 1.75205e-06
 0.0233654 0.0802825 0.620457 0.243882 0.0320131
 0.00844084 0.236366 0.0767932 0.470326 0.208074
 0.134359 0.137728 0.227181 0.0512992 0.449432
 0.664646 0.253617 0.0172787 0.0202268 0.0442315
 0.0836911 0.878728 0.0300214 0.00160489 0.00595487
 0.575812 0.281749 0.138558 0.00310591 0.000774472
 0.22874 0.749828 0.0161717 0.00511886 0.000141905
 0.267602 0.633702 0.0968808 0.00137322 0.000442439
 0.377285 0.56674 0.0510822 0.00480441 8.90295e-05
 0.17326 0.76337 0.0594047 0.00362085 0.000343778
 0.18372 0.684743 0.124979 0.00615174 0.000406245
 0.307311 0.584171 0.0964549 0.0114674 0.000595829
 0.258017 0.70788 0.0309907 0.00277076 0.000341591
 0.24379 0.740698 0.0152276 0.000259162 2.54504e-05
 0.279891 0.70317 0.016802 0.000134639 2.46089e-06
 0.242177 0.700273 0.0567421 0.000801234 6.45849e-06
 0.300106 0.634249 0.0625729 0.00303031 4.26228e-05
 0.18958 0.733373 0.0721927 0.00462896 0.000225087
 0.232596 0.612827 0.14391 0.01 0.000667092
 0.320709 0.592018 0.0749286 0.0115004 0.000844157
 0.221908 0.680654 0.0880023 0.00810881 0.00132642
 0.297309 0.571669 0.118727 0.0111128 0.00118282
 0.215775 0.69243 0.0791534 0.0114641 0.00117756
 0.0109408 0.816897 0.157497 0.0126596 0.00200578
pobs_RECLAS
 0 0 0 0 0
 0 0 0 0 0
 0 0 0 0 0
 0 0 0 0 0
 0.835266 0.146461 0.0176864 0.000547809 3.91292e-05
 0.385257 0.428462 0.181853 0.0044286 0
 0.867414 0.0963971 0.0333333 0.00285562 0
 0.441836 0.489002 0.0689373 0.000224442 0
 0.779404 0.147425 0.0564933 0.0165055 0.000172143
 0.814271 0.122319 0.05973 0.00367925 0
 0.40263 0.566651 0.0304383 0.000280538 0
 0.475488 0.404961 0.113038 0.00651328 0
 0.955842 0.0263864 0.0167828 0.000988607 0
 0.975058 0.0227948 0.00214734 0 0
 0.738997 0.206755 0.0527124 0.00153531 0
 0.850938 0.134255 0.0134407 0.00136685 0
 0.542534 0.407297 0.0501686 0 0
 0.764087 0.199537 0.0359546 0.000420521 0
 0.470689 0.182191 0.310203 0.0369168 0
 0.84361 0.089868 0.0606195 0.00523954 0.000663233
 0.607945 0.314616 0.071237 0.00620181 0
 0.523733 0.453247 0.0230204 0 0
 0.530135 0.295979 0.169645 0.0042399 0
 0.562478 0.366248 0.0663022 0.0049721 0
 0.250443 0.683176 0.0655157 0.000865301 0
ppred_RECLAS
 0.0188627 0.484004 0.423973 0.0731565 3.32238e-06
 0.0350228 0.0420994 0.581804 0.29919 0.0418845
 0.0134624 0.120562 0.067743 0.542346 0.255886
 0.192023 0.0639456 0.18355 0.0541872 0.506295
 0.812081 0.107858 0.0131183 0.02009 0.0468533
 0.224836 0.719064 0.0416717 0.00291058 0.0115173
 0.786005 0.115109 0.0953512 0.00279208 0.000742488
 0.487231 0.487332 0.0178407 0.00737838 0.000218139
 0.539087 0.365977 0.0926324 0.00171443 0.000589083
 0.644512 0.302829 0.046793 0.00575162 0.000113667
 0.40302 0.522911 0.0680989 0.0054213 0.000548928
 0.399812 0.451223 0.139371 0.00896251 0.000631199
 0.616411 0.294618 0.0764602 0.011854 0.00065683
 0.670981 0.308387 0.018235 0.00211806 0.000278449
 0.655849 0.334624 0.00929952 0.000205624 2.15327e-05
 0.581516 0.402637 0.0156798 0.000163996 3.19664e-06
 0.5223 0.420843 0.05582 0.0010289 8.84478e-06
 0.57108 0.36428 0.0607394 0.00384284 5.7644e-05
 0.402165 0.50399 0.08624 0.00722922 0.000374896
 0.465602 0.37206 0.147951 0.0134317 0.000955569
 0.562741 0.344299 0.076421 0.0153379 0.0012007
 0.43968 0.44525 0.100806 0.0121457 0.00211885
 0.535163 0.330006 0.118664 0.0145192 0.00164812
 0.437594 0.453496 0.090002 0.0170412 0.00186679
 0.0309146 0.708256 0.232308 0.0243987 0.00412267
pobs_PELACES
 0 0 0 0 0
 0 0 0 0 0
 0 0 0 0 0
 0 0 0 0 0
 0 0 0 0 0
 0 0 0 0 0
 0 0 0 0 0
 0 0 0 0 0
 0 0 0 0 0
 0 0 0 0 0
 0.450072 0.473896 0.0757376 0.000293798 0
 0 0 0 0 0
 0.463077 0.371075 0.160297 0.00555027 0
 0.529543 0.364841 0.0842815 0.0213345 0
 0.631943 0.363953 0.00410389 0 0
 0.735681 0.248677 0.0153453 0.000297389 0
 0.695825 0.281241 0.0229344 0 0
 0.275771 0.60734 0.115278 0.00161068 0
 0 0 0 0 0
 0.896147 0.0623911 0.0374545 0.00400742 0
 0.803859 0.145111 0.0509908 3.86294e-05 0
 0.739449 0.233085 0.0266225 0.000797448 4.60066e-05
 0.878498 0.100942 0.0204185 0.000141795 0
 0.694673 0.275183 0.0284847 0.00165964 0
 0.469039 0.446079 0.0841089 0.000773354 0
ppred_PELACES
 0.0193247 0.481453 0.425107 0.0741118 3.37571e-06
 0.03689 0.0418326 0.578539 0.30054 0.0421979
 0.0192696 0.125778 0.0662957 0.535338 0.253318
 0.247196 0.0621746 0.168912 0.0503065 0.471412
 0.823486 0.101067 0.0122378 0.01893 0.0442784
 0.30648 0.647192 0.0343218 0.00241648 0.00958999
 0.857159 0.0802473 0.0603378 0.00178066 0.000474902
 0.590211 0.39105 0.013111 0.00546596 0.00016207
 0.668376 0.269356 0.0607451 0.00113257 0.000390283
 0.724901 0.236877 0.033933 0.00420572 8.33585e-05
 0.523849 0.422219 0.049553 0.00397511 0.000403664
 0.510421 0.376186 0.106035 0.00687305 0.000485454
 0.773217 0.180495 0.0397437 0.00619998 0.000344528
 0.871906 0.121944 0.00543348 0.000633245 8.34839e-05
 0.862819 0.134298 0.00281419 6.24362e-05 6.55668e-06
 0.714599 0.275877 0.00942307 9.9248e-05 1.94015e-06
 0.661636 0.302374 0.0353288 0.000655833 5.65405e-06
 0.675196 0.279578 0.0424763 0.00270868 4.07494e-05
 0.474849 0.44653 0.0721986 0.00610545 0.000317545
 0.577331 0.302175 0.109736 0.0100419 0.00071649
 0.62062 0.301298 0.0640838 0.0129794 0.00101904
 0.501927 0.399314 0.0864142 0.0105062 0.00183822
 0.615005 0.278122 0.0939569 0.0115958 0.00132012
 0.513553 0.396493 0.0742201 0.0141761 0.00155748
 0.0464428 0.712409 0.214579 0.0227195 0.00385011
pobs_pel_tallas
 0 0 0 0 0 0 0 0 0 0 0 0 0 0 0 0 0 0 0 0 0 0 0 0 0 0 0 0 0 0 0 0 0 0 0 0
 0 0 0 0 0 0 0 0 0 0 0 0 0 0 0 0 0 0 0 0 0 0 0 0 0 0 0 0 0 0 0 0 0 0 0 0
 0 0 0 0 0 0 0 0 0 0 0 0 0 0 0 0 0 0 0 0 0 0 0 0 0 0 0 0 0 0 0 0 0 0 0 0
 0 0 0 0 0 0 0 0 0 0 0 0 0 0 0 0 0 0 0 0 0 0 0 0 0 0 0 0 0 0 0 0 0 0 0 0
 0 0 0 0 0 0 0 0 0 0 0 0 0 0 0 0 0 0 0 0 0 0 0 0 0 0 0 0 0 0 0 0 0 0 0 0
 0 0 0 0 0 0 0 0 0 0 0 0 0 0 0 0 0 0 0 0 0 0 0 0 0 0 0 0 0 0 0 0 0 0 0 0
 0 0 0 0 0 0 0 0 0 0 0 0 0 0 0 0 0 0 0 0 0 0 0 0 0 0 0 0 0 0 0 0 0 0 0 0
 0 0 0 0 0 0 0 0 0 0 0 0 0 0 0 0 0 0 0 0 0 0 0 0 0 0 0 0 0 0 0 0 0 0 0 0
 0 0 0 0 0 0 0 0 0 0 0 0 0 0 0 0 0 0 0 0 0 0 0 0 0 0 0 0 0 0 0 0 0 0 0 0
 0 0 0 0 0 0 0 0 0 0 0 0 0 0 0 0 0 0 0 0 0 0 0 0 0 0 0 0 0 0 0 0 0 0 0 0
 0 0 0 0 0 0 0 0 1.78061e-05 0.00172719 0.00360574 0.0105946 0.0120993 0.0124554 0.0147524 0.0171206 0.0266825 0.0428682 0.0675386 0.121331 0.153587 0.119568 0.100827 0.0573624 0.0630603 0.0341343 0.0324427 0.0444173 0.0211091 0.0280891 0.0125444 0.00206551 0 0 0 0
 0 0 0 0 0 0 0 0 0 0 0 0 0 0 0 0 0 0 0 0 0 0 0 0 0 0 0 0 0 0 0 0 0 0 0 0
 0 0 0 0 0 0 0.0133647 0.0140871 0.0187388 0.0205184 0.03894 0.0496705 0.03968 0.0493445 0.0407372 0.0367815 0.0215668 0.0243155 0.0234873 0.0199281 0.019796 0.0243948 0.0301388 0.0376714 0.0412746 0.0863199 0.0771752 0.113111 0.0741005 0.0525337 0.0229764 0.00759418 0.00175318 0 0 0
 0 0 0 0 0 0 0 0 0 0 0.00219441 0.00772107 0.0458388 0.0604681 0.0671733 0.0775358 0.0609151 0.0617685 0.073594 0.0568108 0.0755445 0.0548602 0.0670107 0.0636378 0.0643287 0.046367 0.0373049 0.0286899 0.0247887 0.0153202 0.00654259 0.00121912 0.000365735 0 0 0
 0 0 0 0 0 0 0 0 0 0 0 0 0.000112435 0.00938835 0.0111873 0.0202946 0.0414886 0.0713402 0.111592 0.104902 0.108894 0.110636 0.117776 0.105296 0.107544 0.0401394 0.0192827 0.0124803 0.00416011 0.0028671 0.000618394 0 0 0 0 0
 0 0 0 0 0 0 0 0 0 0 0.00291406 0.0102884 0.027416 0.0768956 0.0749926 0.110853 0.0956884 0.0897413 0.0766577 0.0534642 0.0500743 0.0551293 0.0594112 0.0620874 0.0668451 0.0424026 0.0208742 0.0120726 0.0048766 0.00582813 0.00118941 0.000297354 0 0 0 0
 0 0.00264628 0.0354308 0.0461629 0.0458689 0.0383711 0.0214643 0.0164657 0.0346957 0.0420465 0.0363128 0.0245516 0.0311673 0.0291091 0.0169068 0.0133784 0.00837989 0.0085269 0.0148486 0.0160247 0.0276389 0.0546898 0.0760071 0.122758 0.109233 0.0665981 0.0333725 0.0166128 0.00676272 0.00308733 0.000882094 0 0 0 0 0
 0 0 0 0 0 0 0 0.000805153 0.000690131 0.00759144 0.0133425 0.0154129 0.00931677 0.000345066 0.00356568 0.00563607 0.00851162 0.0253048 0.0502646 0.0516448 0.0657925 0.0565908 0.0611916 0.0827007 0.0866115 0.110766 0.145733 0.0935128 0.0569358 0.0249597 0.0138026 0.00621118 0.00161031 0.00115022 0 0
 0 0 0 0 0 0 0 0 0 0 0 0 0 0 0 0 0 0 0 0 0 0 0 0 0 0 0 0 0 0 0 0 0 0 0 0
 0.00147267 0.00158595 0.00478618 0.00569244 0.00954404 0.0108468 0.00647125 0.017049 0.0510054 0.094081 0.124002 0.0959785 0.0687766 0.0820023 0.061753 0.0591476 0.0492212 0.0479892 0.0443925 0.0268479 0.0217502 0.0140895 0.0121071 0.0120363 0.00920419 0.00665534 0.0049561 0.00860946 0.00930331 0.0156896 0.0114698 0.00855282 0.00243557 0.00046729 0 2.83206e-05
 0 0 0 0 0.000772559 0.00158375 0.000888443 0.00281984 0.00712685 0.0440552 0.0773331 0.111326 0.0921469 0.0852325 0.0710754 0.0886704 0.0786465 0.0553345 0.0373146 0.0185414 0.00753245 0.00457741 0.012979 0.0271748 0.0457355 0.0583668 0.034881 0.0177882 0.00938659 0.00492506 0.0015258 0.00185414 0.000309023 5.79419e-05 3.86279e-05 0
 0 0.00173294 0.00326652 0 0.00397197 0.00683976 0.00946217 0.0152591 0.00757587 0.0136028 0.0228656 0.0392903 0.0559909 0.0764795 0.0681675 0.0726916 0.0566044 0.0477403 0.0527397 0.0444891 0.0609904 0.0582453 0.0661739 0.0445044 0.0529084 0.0360697 0.0280645 0.0235558 0.0158879 0.00826598 0.00280645 0.00217768 0.000904811 0.00058276 9.20147e-05 0
 0 0 0 0 0 0 0 0 0 0 0 0 0 0 0 0 0 0 0 0 0 0 0 0 0 0 0 0 0 0 0 0 0 0 0 0
 0 0 0 0 0 0 0 0 0 0 0 0 0 0 0 0 0 0 0 0 0 0 0 0 0 0 0 0 0 0 0 0 0 0 0 0
 0 0 0 0 0 0 0 0 0 0 0 0 0 0 0 0 0 0 0 0 0 0 0 0 0 0 0 0 0 0 0 0 0 0 0 0
ppred_pel_tallas
 1.08738e-16 8.75803e-07 5.05639e-06 2.38627e-05 9.15833e-05 0.000285321 0.000721225 0.00147984 0.00246879 0.00336338 0.00378635 0.00364061 0.00326341 0.00323488 0.0040671 0.00607262 0.00942633 0.0142411 0.0205499 0.0282263 0.036917 0.0460369 0.0548377 0.0625367 0.0684666 0.0721969 0.0735925 0.0727913 0.0701215 0.065995 0.0608155 0.0549291 0.0486182 0.0421201 0.0356524 0.0294243
 1.20525e-16 1.62394e-06 9.489e-06 4.50253e-05 0.000173216 0.00054 0.001364 0.00279178 0.00463132 0.00623098 0.00681042 0.00607886 0.00450982 0.00295914 0.00206934 0.00204445 0.00283492 0.00439169 0.00676989 0.0101032 0.0145398 0.0201837 0.0270492 0.0350232 0.0438411 0.0530799 0.0621772 0.0704775 0.0773054 0.0820546 0.0842778 0.0837582 0.0805476 0.0749573 0.0675104 0.0588579
 1.31214e-16 8.56921e-07 4.98343e-06 2.35996e-05 9.07129e-05 0.000282717 0.000714209 0.00146265 0.0024297 0.00327894 0.00361024 0.00328484 0.00257147 0.00194926 0.00179768 0.00227733 0.0034209 0.00525611 0.00784771 0.0112737 0.0155878 0.0207964 0.0268512 0.0336528 0.0410553 0.0488645 0.0568282 0.0646225 0.071846 0.0780341 0.0827002 0.0854017 0.0858164 0.0838076 0.0794635 0.0730942
 1.26174e-16 1.07934e-05 6.3324e-05 0.000300968 0.00115867 0.00361311 0.00912641 0.0186742 0.030956 0.0415776 0.045257 0.0399494 0.0286622 0.0168628 0.00844791 0.00420029 0.00300466 0.00355791 0.00511464 0.00742247 0.0104567 0.0142455 0.0187968 0.0240726 0.0299781 0.0363531 0.042966 0.0495124 0.0556246 0.0608965 0.064925 0.0673619 0.0679676 0.0666521 0.0634943 0.0587364
 1.02927e-16 3.59245e-05 0.000210861 0.00100236 0.0038592 0.0120346 0.0303983 0.0621983 0.103098 0.138449 0.150639 0.132823 0.0949663 0.0551958 0.0263628 0.0108894 0.00481459 0.00349257 0.0040877 0.0053836 0.0069349 0.00853122 0.0100073 0.0112161 0.0120497 0.0124614 0.0124726 0.0121603 0.0116306 0.0109877 0.0103091 0.00963418 0.0089672 0.00829055 0.0075812 0.00682453
 1.0123e-16 1.34029e-05 7.85884e-05 0.000373414 0.00143739 0.00448215 0.0113222 0.0231713 0.0384262 0.0516572 0.0563501 0.0500302 0.036523 0.0227463 0.0137115 0.0105866 0.0121556 0.0168632 0.0236495 0.0317932 0.0405547 0.0490141 0.0561279 0.0609177 0.0626922 0.0612165 0.0567704 0.0500687 0.0420792 0.0337974 0.0260498 0.0193789 0.0140212 0.00996074 0.00702109 0.00495841
 1.00967e-16 3.73922e-05 0.000219479 0.00104334 0.00401696 0.0125266 0.031641 0.0647408 0.107312 0.144106 0.156788 0.138232 0.0988061 0.0573718 0.0272981 0.0110969 0.00463701 0.00307784 0.00346991 0.00455867 0.00590189 0.00730879 0.00863607 0.00975144 0.0105476 0.010961 0.0109814 0.0106469 0.0100288 0.009211 0.00827304 0.00727961 0.0062785 0.00530376 0.00438082 0.00353022
 1.00509e-16 2.57645e-05 0.000151186 0.000718601 0.00276654 0.00862711 0.0217917 0.0445907 0.0739215 0.0992971 0.108114 0.095506 0.0686744 0.0406998 0.0209107 0.0111794 0.00879807 0.010522 0.0143092 0.0191389 0.0243826 0.0294405 0.0336737 0.0364905 0.0374756 0.0364913 0.0337124 0.0295777 0.0246791 0.0196242 0.0149168 0.0108866 0.00767594 0.00527189 0.00356288 0.00239551
 1.01008e-16 2.9168e-05 0.000171178 0.000813673 0.00313263 0.00976878 0.0246753 0.0504898 0.083696 0.112412 0.122354 0.10799 0.077446 0.0454861 0.0226134 0.0108775 0.00714536 0.00770262 0.0102492 0.0137172 0.0175687 0.0213709 0.0246798 0.0270787 0.028262 0.0281038 0.0266844 0.0242613 0.0211995 0.0178838 0.0146423 0.0117019 0.00917847 0.00709669 0.00542242 0.00409511
 1.00708e-16 3.16314e-05 0.000185643 0.00088245 0.00339745 0.0105946 0.0267612 0.0547576 0.0907688 0.121906 0.132674 0.117066 0.0838819 0.0491199 0.0241479 0.0111617 0.00673596 0.00682102 0.0089164 0.0118815 0.0151787 0.0184105 0.0211837 0.0231351 0.0240031 0.0236881 0.0222752 0.0200065 0.0172175 0.0142577 0.0114211 0.00890603 0.00680673 0.00513205 0.00383631 0.00285028
 1.00997e-16 2.28721e-05 0.000134202 0.000637852 0.00245562 0.00765752 0.0193426 0.0395799 0.0656172 0.0881492 0.0959955 0.0848452 0.0611065 0.0364114 0.01907 0.0107808 0.00917699 0.0114067 0.0156649 0.0210208 0.0268538 0.0325334 0.0373726 0.0407273 0.0421356 0.0414278 0.0387651 0.0345907 0.0295146 0.0241697 0.0190873 0.014623 0.0109429 0.00805605 0.0058711 0.00425329
 1.01887e-16 2.22849e-05 0.000130758 0.000621488 0.00239263 0.00746109 0.0188464 0.0385644 0.0639327 0.0858838 0.0935218 0.0826433 0.0594868 0.0353791 0.0184084 0.0102203 0.00850271 0.0104783 0.0144023 0.0193984 0.0249088 0.0303777 0.0351949 0.0387769 0.0406888 0.0407409 0.0390267 0.0358838 0.0318001 0.0272939 0.0228112 0.0186643 0.0150201 0.0119257 0.00935244 0.00723706
 1.00853e-16 3.37359e-05 0.000198004 0.000941224 0.00362377 0.0113004 0.0285439 0.0584046 0.0968121 0.130016 0.141483 0.124799 0.0893349 0.0521364 0.0253021 0.0111435 0.0059775 0.00546532 0.00694208 0.00922478 0.0118097 0.0143736 0.0166139 0.0182513 0.019081 0.0190183 0.0181157 0.0165435 0.0145431 0.0123685 0.0102357 0.00829307 0.00661559 0.00521836 0.00407873 0.00315789
 1.00143e-16 3.80368e-05 0.000223259 0.0010613 0.00408613 0.0127422 0.0321858 0.0658558 0.109161 0.146592 0.159501 0.140642 0.10057 0.0584773 0.0279753 0.0116304 0.0052491 0.00390785 0.00459305 0.00599653 0.00761726 0.00919621 0.0105208 0.0114042 0.0117163 0.0114134 0.0105494 0.00926048 0.00773089 0.00614997 0.00467513 0.00340981 0.00239924 0.00164043 0.00109949 0.000729281
 1.00087e-16 3.7641e-05 0.000220935 0.00105025 0.00404356 0.0126095 0.0318506 0.06517 0.108024 0.145067 0.157845 0.13919 0.0995471 0.0579155 0.0277679 0.01165 0.005417 0.00420008 0.00501612 0.0065637 0.00833339 0.0100494 0.0114794 0.0124182 0.0127237 0.0123499 0.011359 0.00990407 0.00819132 0.00643202 0.00480138 0.00341392 0.00231872 0.00151057 0.000949391 0.000580117
 1.00228e-16 3.11837e-05 0.000183012 0.00086993 0.00334924 0.0104442 0.0263815 0.0539808 0.0894824 0.120182 0.130807 0.11544 0.0827649 0.048562 0.0240517 0.0114144 0.0072872 0.00768486 0.0101357 0.0134895 0.01717 0.0207219 0.0236881 0.0256499 0.0263141 0.0255841 0.0235846 0.0206273 0.0171322 0.013531 0.0101822 0.00732099 0.00504932 0.00335888 0.00217037 0.00137394
 1.00623e-16 2.88754e-05 0.000169457 0.000805485 0.0031011 0.00967043 0.0244269 0.0499819 0.0828549 0.111285 0.121135 0.106933 0.0767276 0.0451442 0.022591 0.0111099 0.00761094 0.00842213 0.0112604 0.0150464 0.019208 0.0232631 0.0267137 0.0290976 0.0300839 0.0295516 0.027617 0.0245993 0.020937 0.0170855 0.0134274 0.010219 0.00758026 0.00551796 0.00396624 0.00282731
 1.0079e-16 2.94658e-05 0.000172926 0.000821978 0.00316461 0.00986849 0.0249272 0.0510052 0.0845505 0.11356 0.123605 0.109098 0.0782462 0.0459687 0.022876 0.0110402 0.00729682 0.00789215 0.0104985 0.0140294 0.0179304 0.0217511 0.0250306 0.0273399 0.0283694 0.0280008 0.0263332 0.0236516 0.0203516 0.0168457 0.0134819 0.0104957 0.00800015 0.00600757 0.00446566 0.00329379
 1.01395e-16 2.07365e-05 0.000121662 0.000578229 0.00222605 0.0069416 0.0175343 0.0358802 0.0594856 0.0799182 0.0870477 0.0769746 0.0555204 0.0332483 0.0177169 0.0104963 0.00947178 0.0120816 0.016695 0.0224468 0.0287205 0.034861 0.0401445 0.043887 0.0455925 0.045069 0.0424707 0.0382478 0.0330268 0.0274621 0.0221062 0.0173334 0.0133251 0.0101032 0.0075882 0.00565617
 1.02035e-16 2.51995e-05 0.000147876 0.000702884 0.00270606 0.00843851 0.0213152 0.0436151 0.0723021 0.0971157 0.105723 0.0933555 0.0670453 0.0395691 0.020029 0.0102321 0.00751013 0.00868598 0.0117862 0.0158728 0.0204302 0.0249994 0.0290886 0.0322254 0.0340511 0.0343975 0.0333183 0.0310602 0.0279906 0.0245049 0.0209476 0.0175656 0.0144988 0.0118002 0.00946806 0.00747579
 1.01502e-16 2.70869e-05 0.000158957 0.000755567 0.0029089 0.00907107 0.022913 0.0468843 0.0777207 0.104391 0.113636 0.100326 0.0720144 0.0424269 0.0213357 0.0106678 0.00753761 0.00851324 0.0114619 0.0153732 0.0197037 0.0239844 0.0277235 0.0304571 0.0318448 0.0317459 0.0302488 0.0276381 0.0243165 0.0207071 0.0171691 0.0139479 0.0111667 0.0088487 0.00695463 0.00541899
 1.01804e-16 2.19154e-05 0.000128587 0.000611162 0.00235287 0.00733708 0.0185332 0.0379237 0.0628713 0.0844605 0.0919784 0.0812949 0.0585498 0.0348889 0.0182759 0.01034 0.00881783 0.0109836 0.0151179 0.0203423 0.0260776 0.0317348 0.036667 0.0402597 0.0420612 0.0418854 0.0398506 0.0363363 0.0318796 0.0270453 0.0223135 0.0180135 0.0143118 0.0112406 0.00874796 0.0067452
 1.01885e-16 2.68412e-05 0.000157517 0.000748723 0.00288256 0.00898892 0.0227055 0.0464595 0.077016 0.103443 0.112601 0.0994022 0.0713308 0.0419835 0.0210383 0.0103992 0.00720233 0.00804682 0.0108262 0.0145556 0.0187226 0.0228953 0.0266199 0.0294629 0.0310967 0.0313704 0.0303379 0.0282311 0.0253918 0.0221867 0.0189332 0.0158566 0.0130821 0.0106534 0.00856321 0.00678211
 1.01743e-16 2.24222e-05 0.000131562 0.000625309 0.00240734 0.00750695 0.0189623 0.0388016 0.0643263 0.0864139 0.0941025 0.0831646 0.0598797 0.0356478 0.0186116 0.0104317 0.00878538 0.0108781 0.0149481 0.0200991 0.0257476 0.031306 0.0361318 0.0396173 0.041318 0.0410556 0.0389555 0.0354028 0.0309381 0.0261274 0.0214495 0.0172294 0.013627 0.0106667 0.00828774 0.0063936
 1.04239e-16 2.06715e-06 1.20306e-05 5.69745e-05 0.000218997 0.000682604 0.00172499 0.00353526 0.00588171 0.00796439 0.00883936 0.0082074 0.00677094 0.00576028 0.00617879 0.00849257 0.0128064 0.0190978 0.0272475 0.0369257 0.0474904 0.0579901 0.0672895 0.074286 0.078151 0.0785149 0.0755394 0.069845 0.0623349 0.0539714 0.0455833 0.037753 0.030795 0.0248052 0.0197419 0.0155032
pSPR Fmed_Fpbrs
0.327505   0.6 0.325
Fs Fmed_Fpbrs
1.44741   0.423789 1.46696
SSBpbr Bo_Bmed_Bpbrs
917498  254611  504624 252312
Ro
15994.5
SPR SPRFo_SPRFmed_SPRFpbrs
328492 107583 106760
log_Ro
9.5
likeval ReclasPelacesDesembMPH_pf_preclas_ppelaces_ptallas_desvR_qrecl_qpela
 68.0903 13.8718 0.288121 0.000161003 389.873 198.624 86.7833 0 50.1172 0.00019133 0.000734107 2.25008e-15 0 0 0
q_reclas_q_pelaces
7.09992 47.2153
M
0.7
N
 6417.4 46698.7 18853.8 2476.36 0.105443
 8835.17 3146.31 20261.1 7933.15 1041.27
 1094.44 4292.32 1239.57 7573.74 3350.5
 3545.93 489.964 713.107 160.615 1407.08
 39544.6 1605.48 91.7069 106.954 233.867
 11732.3 19086.2 590.228 31.4902 116.838
 65066.2 5090.44 2277.91 50.966 12.7081
 55192.6 27943.3 545.206 172.232 4.77443
 59080.1 23971.7 3371.29 47.7078 15.3705
 112183 24783.8 2003.61 188.034 3.48427
 68353.5 49482 3519.29 214.129 20.3295
 49831.9 29089.6 4814.68 236.529 15.6192
 56120.5 21545.8 3345.95 397.331 20.6442
 29271.1 22130.8 937.233 83.742 10.3239
 11883.2 9935.78 197.575 3.36047 0.330004
 8871.45 4036.83 89.4521 0.71576 0.013082
 7070.61 3648.37 273.573 3.85721 0.0310909
 8780.78 2923.58 261.81 12.6547 0.177988
 7215.61 3789.33 329.59 21.08 1.02498
 7923.6 3260.24 693.919 48.125 3.21025
 14556.4 3429.17 378.766 57.9722 4.25508
 16911.2 6694.52 757.101 69.5703 11.3796
 28978.3 7752.96 1429.46 133.475 14.206
 29605.8 12998.5 1314.88 189.966 19.5119
 1169.7 13346.3 2323.62 186.393 29.5308
pred_Ctot
 58.6611 4274.75 2089.91 275.624 0.0117369
 137.901 473.824 3661.92 1439.38 188.94
 77.9703 2183.38 709.359 4344.53 1922.03
 226.222 231.894 382.508 86.373 756.714
 799.437 305.051 20.7829 24.3289 53.2017
 1073.68 11273.3 385.146 20.5893 76.3954
 6378.42 3121 1534.85 34.405 8.57902
 5014.83 16439 354.543 112.225 3.11109
 6660.35 15772.2 2411.27 34.1781 11.0119
 9079.42 13638.7 1229.3 115.619 2.14251
 7092.19 31247.6 2431.66 148.215 14.0721
 4671.44 17410.9 3177.84 156.42 10.3296
 8420.7 16007 2642.98 314.222 16.3265
 6808.5 18679.4 817.778 73.1142 9.01384
 2759.15 8383.03 172.342 2.93312 0.288041
 1108.37 2784.57 66.5361 0.533174 0.00974515
 859.984 2486.7 201.494 2.84522 0.0229344
 833.763 1762.09 173.842 8.4189 0.118416
 470.226 1819.02 179.063 11.4815 0.558295
 738.014 1944.47 456.619 31.7295 2.11665
 776.74 1433.83 181.473 27.8533 2.0445
 938.303 2878.04 372.103 34.2868 5.60856
 2027.32 3898.16 809.586 75.7772 8.06551
 1974.04 6334.79 724.145 104.881 10.773
 103.739 7745.67 1493.36 120.036 19.0185
F
 0.0127825 0.135015 0.165664 0.166395 0.166409
 0.0219142 0.231469 0.284014 0.285267 0.285291
 0.103664 1.09495 1.34351 1.34944 1.34955
 0.092377 0.975734 1.19723 1.20251 1.20261
 0.0284656 0.300669 0.368923 0.37055 0.370582
 0.134978 1.42571 1.74935 1.75707 1.75722
 0.145226 1.53395 1.88217 1.89047 1.89063
 0.133953 1.41488 1.73607 1.74373 1.74388
 0.168702 1.78192 2.18643 2.19607 2.19626
 0.118526 1.25193 1.53613 1.5429 1.54304
 0.154313 1.62994 1.99994 2.00877 2.00894
 0.138474 1.46263 1.79465 1.80257 1.80272
 0.230533 2.43501 2.98776 3.00094 3.0012
 0.380459 4.01861 4.93085 4.9526 4.95302
 0.379662 4.01019 4.92053 4.94223 4.94266
 0.188558 1.99165 2.44376 2.45454 2.45475
 0.183139 1.93442 2.37354 2.38401 2.38421
 0.140375 1.48271 1.8193 1.82732 1.82748
 0.0944461 0.997589 1.22405 1.22945 1.22955
 0.137527 1.45264 1.78239 1.79026 1.79041
 0.0767407 0.810576 0.994581 0.998968 0.999054
 0.0799043 0.843991 1.03558 1.04015 1.04024
 0.101711 1.07433 1.31821 1.32402 1.32414
 0.0967299 1.02171 1.25365 1.25918 1.25928
 0.13056 1.37904 1.69209 1.69955 1.6997
nmprior
 10.6 11 7 0
nm_flota  nm_reclas  nm_pelaces    nm_pelaL
inf 20.1677 8.53372 16.236
cv_recla  cv_pelaces  cv_mph
0.746393 0.422317 0.411676
 ------------------------------------------------
Talla a la edad & desviación 
 7.2 14.2025 17.0495 18.207 18.6776
 1.08 2.13037 2.55742 2.73105 2.80164
