years
 1997 1998 1999 2000 2001 2002 2003 2004 2005 2006 2007 2008 2009 2010 2011 2012 2013 2014 2015 2016 2017 2018 2019 2020 2021
reclasobs
 0 0 0 370054 412103 1.49427e+06 250295 1.28982e+06 931140 785840 897777 1.04006e+06 184774 17550 25797 100020 73551 82996 120727 218422 84188 347160 605670 569463 516374
reclaspred
 885255 186594 390549 188207 304238 375330 816151 613013 708569 858834 793213 540475 326664 131698 73555.8 71676 84087.4 106519 113427 145218 227311 224774 380267 447273 431981
pelacesobs
 0 0 0 0 0 0 0 0 0 2.06254e+06 1.5e+06 0 1.87456e+06 323000 250000 174000 83755 137374 0 501740 490994 745055 786931 1.00524e+06 1.33801e+06
pelacespred
 2.60747e+06 608873 573470 521105 828668 647457 2.24331e+06 1.704e+06 1.94096e+06 2.36798e+06 1.70452e+06 1.21049e+06 804891 258998 158069 151308 181630 236783 237649 315397 589710 505556 675097 962264 828514
mphobs
 0 0 0 0 0 112323 0 153150 637223 0 255016 313432 73983 77613 109348 50772 0 0 0 0 0 0 0 0 0
mphpred
 309054 147389 136033 91458.3 91243.2 170386 219557 308813 280794 325716 399949 264292 162787 90225.3 39367.8 30508.2 33011.3 40092.4 47199.7 51810 77762.7 98867.4 121844 168301 198181
desembarqueobs
 350755 77701 442110 56441 14545 235359 269955 359681 431902 328805 639364 411747 362871 311530 167758 66681 60226 58785 57116 73181 50977 67692 138656 160484 209506
desembarquepred
 350740 77680 441834 56436.3 14544.8 235375 269974 359440 431725 328680 638728 411443 362571 311260 167383 66636.9 60222.2 58740.1 57070.8 73147.2 50971.4 67657.5 138618 160447 209452
Reclutas
 28793.4 42322.1 11822.1 17932.1 43953.7 26201.1 64959.9 64669.2 85352.3 122798 60223.3 46636.6 53265.3 27648.5 13775.7 11921.1 8268.41 9108.44 9889.01 14840.5 20013.7 25459.2 40179.3 42366.1 10747.1
log_desv_Rt
 0.0479004 0.433064 -0.842274 -0.425654 0.470892 -0.0464432 0.861526 0.857041 1.13454 1.4983 0.785815 0.530142 0.66304 0.00732611 -0.689336 -0.833932 -1.1998 -1.10304 -1.02082 -0.614886 -0.315828 -0.0751669 0.381107 0.434103 -0.937609
SSB
 572508 273031 251995 169422 169024 315632 406720 572061 520159 603373 740886 489589 301556 167138 72927.1 56515 61151.9 74269.3 87435.3 95975.5 144052 183147 225709 311770 367120
BT
 1.47476e+06 403644 493544 294352 393920 465349 1.25679e+06 1.17272e+06 1.30529e+06 1.41035e+06 1.32714e+06 921371 725473 405290 209518 124468 131124 156014 153971 202347 311717 284599 394338 559815 526365
Ftot
 0.531268 0.639405 1.27652 0.435049 0.0836483 0.750559 0.558316 0.882464 0.980016 0.630176 1.00802 1.01081 1.66735 2.87308 3.07389 1.33005 1.01843 0.806935 0.68049 0.751811 0.333262 0.409707 0.495592 0.49534 0.568225
BD_Bspro_t
 0.930504 0.661612 0.540145 0.283985 0.401876 0.611014 0.525421 0.569312 0.505194 0.494836 0.511128 0.341556 0.244482 0.168344 0.0907983 0.0866275 0.12665 0.201854 0.277727 0.351638 0.478542 0.603148 0.613407 0.616402 0.589352
BD_Bspro
 1.01564 0.484361 0.447042 0.300557 0.29985 0.559935 0.721526 1.01484 0.922768 1.07039 1.31434 0.868538 0.534964 0.296505 0.129374 0.100258 0.108484 0.131755 0.155111 0.170262 0.25555 0.324906 0.400411 0.553084 0.651276
BD_Bo
 0.738905 0.352387 0.325236 0.218664 0.21815 0.407369 0.524931 0.738328 0.671341 0.778741 0.956222 0.631887 0.389202 0.215716 0.094123 0.0729408 0.0789255 0.0958553 0.112848 0.12387 0.18592 0.236378 0.291311 0.402385 0.473822
BD_Brms
 2.42867 1.15824 1.069 0.718718 0.717027 1.33896 1.72537 2.42678 2.2066 2.55961 3.14296 2.07692 1.27925 0.709028 0.309369 0.239746 0.259417 0.315063 0.370915 0.407144 0.611091 0.776942 0.957497 1.32258 1.55739
S_f
 0.133228 1 1 1 1
 0.133228 1 1 1 1
 0.133228 1 1 1 1
 0.133228 1 1 1 1
 0.133228 1 1 1 1
 0.133228 1 1 1 1
 0.133228 1 1 1 1
 0.133228 1 1 1 1
 0.133228 1 1 1 1
 0.133228 1 1 1 1
 0.133228 1 1 1 1
 0.133228 1 1 1 1
 0.133228 1 1 1 1
 0.133228 1 1 1 1
 0.133228 1 1 1 1
 0.133228 1 1 1 1
 0.133228 1 1 1 1
 0.133228 1 1 1 1
 0.133228 1 1 1 1
 0.133228 1 1 1 1
 0.133228 1 1 1 1
 0.133228 1 1 1 1
 0.133228 1 1 1 1
 0.133228 1 1 1 1
 0.133228 1 1 1 1
Scru_reclas
 0.438434 0.797125 0.951863 0.990051 0.998007
 0.438434 0.797125 0.951863 0.990051 0.998007
 0.438434 0.797125 0.951863 0.990051 0.998007
 0.438434 0.797125 0.951863 0.990051 0.998007
 0.438434 0.797125 0.951863 0.990051 0.998007
 0.438434 0.797125 0.951863 0.990051 0.998007
 0.438434 0.797125 0.951863 0.990051 0.998007
 0.438434 0.797125 0.951863 0.990051 0.998007
 0.438434 0.797125 0.951863 0.990051 0.998007
 0.438434 0.797125 0.951863 0.990051 0.998007
 0.438434 0.797125 0.951863 0.990051 0.998007
 0.438434 0.797125 0.951863 0.990051 0.998007
 0.438434 0.797125 0.951863 0.990051 0.998007
 0.438434 0.797125 0.951863 0.990051 0.998007
 0.438434 0.797125 0.951863 0.990051 0.998007
 0.438434 0.797125 0.951863 0.990051 0.998007
 0.438434 0.797125 0.951863 0.990051 0.998007
 0.438434 0.797125 0.951863 0.990051 0.998007
 0.438434 0.797125 0.951863 0.990051 0.998007
 0.438434 0.797125 0.951863 0.990051 0.998007
 0.438434 0.797125 0.951863 0.990051 0.998007
 0.438434 0.797125 0.951863 0.990051 0.998007
 0.438434 0.797125 0.951863 0.990051 0.998007
 0.438434 0.797125 0.951863 0.990051 0.998007
 0.438434 0.797125 0.951863 0.990051 0.998007
Scru_pelaces
 0.834323 1 1 1 1
 0.834323 1 1 1 1
 0.834323 1 1 1 1
 0.834323 1 1 1 1
 0.834323 1 1 1 1
 0.834323 1 1 1 1
 0.834323 1 1 1 1
 0.834323 1 1 1 1
 0.834323 1 1 1 1
 0.834323 1 1 1 1
 0.834323 1 1 1 1
 0.834323 1 1 1 1
 0.834323 1 1 1 1
 0.834323 1 1 1 1
 0.834323 1 1 1 1
 0.834323 1 1 1 1
 0.834323 1 1 1 1
 0.834323 1 1 1 1
 0.834323 1 1 1 1
 0.834323 1 1 1 1
 0.834323 1 1 1 1
 0.834323 1 1 1 1
 0.834323 1 1 1 1
 0.834323 1 1 1 1
 0.834323 1 1 1 1
pf_obs 
 0.256992 0.487395 0.22802 0.0275931 0
 0.321318 0.546541 0.124235 0.00734118 0.000564706
 0.182869 0.594174 0.210203 0.0122559 0.00049798
 0.330522 0.361315 0.267642 0.0388342 0.00168674
 0.649043 0.306663 0.0425973 0.00169635 0
 0.582887 0.30429 0.105238 0.00758474 0
 0.465427 0.430635 0.0974691 0.00646863 0
 0.296916 0.608066 0.0921331 0.00288517 0
 0.311714 0.524322 0.152257 0.0117073 0
 0.15457 0.633149 0.183074 0.0267441 0.00246327
 0.131901 0.49318 0.331252 0.0422183 0.00144891
 0.196976 0.569456 0.194076 0.0375587 0.00193317
 0.518974 0.381816 0.0799577 0.0180837 0.00116848
 0.0928022 0.601141 0.25162 0.0475244 0.00691264
 0.122501 0.610282 0.24278 0.0234846 0.000952079
 0.383417 0.481906 0.127806 0.00687128 0
 0.0376549 0.599619 0.316969 0.0457579 0
 0.0361596 0.667082 0.258105 0.0386534 0
 0.158088 0.579412 0.248529 0.0139706 0
 0.0477256 0.309471 0.559284 0.082774 0.000745712
 0.0406174 0.521527 0.379366 0.0568643 0.0016247
 0.151134 0.462217 0.34131 0.0453401 0
 0.294876 0.26143 0.354403 0.0886775 0.000613685
 0.281977 0.475581 0.204845 0.0348837 0.00271318
 0.0354234 0.537034 0.353287 0.0723622 0.0018943
pf_pred 
 0.185348 0.560912 0.22541 0.0283227 7.18894e-06
 0.268771 0.505024 0.155749 0.0625898 0.00786639
 0.0901651 0.721041 0.130391 0.0402124 0.0181909
 0.251746 0.445042 0.240295 0.0434541 0.0194635
 0.352999 0.490718 0.0929529 0.0501888 0.0131412
 0.145931 0.691865 0.123024 0.0233035 0.015877
 0.370125 0.411522 0.176883 0.0314525 0.0100169
 0.250541 0.64003 0.0714943 0.0307302 0.00720455
 0.308469 0.552189 0.118997 0.0132925 0.00705296
 0.318593 0.577878 0.0826687 0.0178151 0.00304594
 0.143654 0.709569 0.124477 0.0178071 0.00449353
 0.186363 0.553876 0.215238 0.0377582 0.00676458
 0.30817 0.515159 0.120267 0.046736 0.00966754
 0.258467 0.661916 0.0592855 0.0138405 0.00649102
 0.299234 0.654227 0.0415427 0.00372083 0.00127603
 0.341165 0.627042 0.029682 0.00188478 0.000226706
 0.218705 0.693623 0.0834413 0.00394983 0.000280978
 0.260031 0.578364 0.14347 0.0172592 0.000875109
 0.248501 0.6011 0.117553 0.0291605 0.00368581
 0.309255 0.537662 0.122446 0.023946 0.00669091
 0.2734 0.604311 0.0951872 0.0216777 0.00542393
 0.241833 0.583181 0.145535 0.0229237 0.00652684
 0.285464 0.533096 0.139563 0.0348285 0.00704793
 0.223128 0.616619 0.119561 0.0313008 0.00939191
 0.061516 0.689274 0.197803 0.0383535 0.0130537
pobs_RECLAS
 0 0 0 0 0
 0 0 0 0 0
 0 0 0 0 0
 0 0 0 0 0
 0.835266 0.146461 0.0176864 0.000547809 3.91292e-05
 0.385257 0.428462 0.181853 0.0044286 0
 0.867414 0.0963971 0.0333333 0.00285562 0
 0.441836 0.489002 0.0689373 0.000224442 0
 0.779404 0.147425 0.0564933 0.0165055 0.000172143
 0.814271 0.122319 0.05973 0.00367925 0
 0.40263 0.566651 0.0304383 0.000280538 0
 0.475488 0.404961 0.113038 0.00651328 0
 0.955842 0.0263864 0.0167828 0.000988607 0
 0.975058 0.0227948 0.00214734 0 0
 0.738997 0.206755 0.0527124 0.00153531 0
 0.850938 0.134255 0.0134407 0.00136685 0
 0.542534 0.407297 0.0501686 0 0
 0.764087 0.199537 0.0359546 0.000420521 0
 0.470689 0.182191 0.310203 0.0369168 0
 0.84361 0.089868 0.0606195 0.00523954 0.000663233
 0.607945 0.314616 0.071237 0.00620181 0
 0.523733 0.453247 0.0230204 0 0
 0.530135 0.295979 0.169645 0.0042399 0
 0.562478 0.366248 0.0663022 0.0049721 0
 0.250443 0.683176 0.0655157 0.000865301 0
ppred_RECLAS
 0.478723 0.33792 0.162159 0.0211927 5.42239e-06
 0.599256 0.259937 0.0957258 0.040012 0.0050692
 0.307906 0.52559 0.113496 0.0364064 0.0166015
 0.569097 0.236659 0.152586 0.0287002 0.0129584
 0.682653 0.228842 0.0517624 0.0290697 0.00767264
 0.418768 0.453062 0.0961998 0.0189534 0.013017
 0.702294 0.181676 0.0932477 0.0172461 0.00553663
 0.590567 0.339183 0.0452432 0.0202269 0.00478021
 0.658621 0.26195 0.0674084 0.00783192 0.00418899
 0.662464 0.277644 0.0474287 0.0106309 0.00183223
 0.422756 0.462322 0.0968468 0.0144103 0.0036656
 0.492912 0.324226 0.150453 0.0274522 0.00495772
 0.678148 0.227465 0.0634114 0.0256305 0.00534437
 0.685291 0.274807 0.0293914 0.00713688 0.00337399
 0.738581 0.240866 0.0182638 0.00170145 0.000588189
 0.707778 0.275496 0.0155726 0.00102852 0.000124707
 0.553314 0.388008 0.0557373 0.00274427 0.000196787
 0.597556 0.301417 0.0892846 0.0111716 0.000570999
 0.580142 0.322606 0.0753369 0.019438 0.00247666
 0.65245 0.258816 0.0703841 0.0143168 0.0040325
 0.605303 0.317311 0.059683 0.0141374 0.0035657
 0.563831 0.320517 0.095513 0.0156482 0.00449115
 0.618698 0.270367 0.0845214 0.0219388 0.00447524
 0.54068 0.34965 0.0809571 0.0220447 0.00666774
 0.211022 0.549619 0.188343 0.0379844 0.0130319
pobs_PELACES
 0 0 0 0 0
 0 0 0 0 0
 0 0 0 0 0
 0 0 0 0 0
 0 0 0 0 0
 0 0 0 0 0
 0 0 0 0 0
 0 0 0 0 0
 0 0 0 0 0
 0 0 0 0 0
 0.450072 0.473896 0.0757376 0.000293798 0
 0 0 0 0 0
 0.463077 0.371075 0.160297 0.00555027 0
 0.529543 0.364841 0.0842815 0.0213345 0
 0.631943 0.363953 0.00410389 0 0
 0.735681 0.248677 0.0153453 0.000297389 0
 0.695825 0.281241 0.0229344 0 0
 0.275771 0.60734 0.115278 0.00161068 0
 0 0 0 0 0
 0.896147 0.0623911 0.0374545 0.00400742 0
 0.803859 0.145111 0.0509908 3.86294e-05 0
 0.739449 0.233085 0.0266225 0.000797448 4.60066e-05
 0.878498 0.100942 0.0204185 0.000141795 0
 0.694673 0.275183 0.0284847 0.00165964 0
 0.469039 0.446079 0.0841089 0.000773354 0
ppred_PELACES
 0.632683 0.252908 0.101635 0.0127704 3.2414e-06
 0.743586 0.177093 0.0546153 0.0219479 0.00275845
 0.503626 0.393375 0.0711366 0.0219385 0.00992431
 0.710736 0.172046 0.0928944 0.0167987 0.0075243
 0.778522 0.16798 0.0318192 0.0171804 0.00449843
 0.584681 0.336442 0.0598244 0.0113321 0.00772068
 0.817997 0.11891 0.0511106 0.00908824 0.0028944
 0.743795 0.218796 0.0244405 0.0105052 0.00246289
 0.801224 0.158723 0.0342048 0.00382084 0.00202733
 0.786129 0.181376 0.0259469 0.00559156 0.000956016
 0.60528 0.327065 0.0573757 0.00820792 0.00207123
 0.67702 0.219866 0.0854403 0.0149884 0.00268525
 0.844368 0.115889 0.027055 0.0105136 0.00217479
 0.884797 0.102834 0.00921045 0.00215023 0.00100843
 0.912749 0.0814562 0.00517239 0.000463272 0.000158876
 0.844383 0.148108 0.00701092 0.000445187 5.35482e-05
 0.719876 0.24869 0.0299168 0.00141616 0.000100741
 0.74752 0.19734 0.0489527 0.00588889 0.00029859
 0.726084 0.219096 0.0428473 0.0106288 0.00134345
 0.786807 0.165945 0.0377919 0.00739072 0.00206509
 0.725827 0.228029 0.0359176 0.0081798 0.00204665
 0.697679 0.232545 0.0580323 0.00914088 0.00260259
 0.749008 0.187258 0.0490237 0.012234 0.00247569
 0.682052 0.252361 0.0489323 0.0128104 0.00384379
 0.33477 0.488581 0.140209 0.0271863 0.00925288
pobs_pel_tallas
 0 0 0 0 0 0 0 0 0 0 0 0 0 0 0 0 0 0 0 0 0 0 0 0 0 0 0 0 0 0 0 0 0 0 0 0
 0 0 0 0 0 0 0 0 0 0 0 0 0 0 0 0 0 0 0 0 0 0 0 0 0 0 0 0 0 0 0 0 0 0 0 0
 0 0 0 0 0 0 0 0 0 0 0 0 0 0 0 0 0 0 0 0 0 0 0 0 0 0 0 0 0 0 0 0 0 0 0 0
 0 0 0 0 0 0 0 0 0 0 0 0 0 0 0 0 0 0 0 0 0 0 0 0 0 0 0 0 0 0 0 0 0 0 0 0
 0 0 0 0 0 0 0 0 0 0 0 0 0 0 0 0 0 0 0 0 0 0 0 0 0 0 0 0 0 0 0 0 0 0 0 0
 0 0 0 0 0 0 0 0 0 0 0 0 0 0 0 0 0 0 0 0 0 0 0 0 0 0 0 0 0 0 0 0 0 0 0 0
 0 0 0 0 0 0 0 0 0 0 0 0 0 0 0 0 0 0 0 0 0 0 0 0 0 0 0 0 0 0 0 0 0 0 0 0
 0 0 0 0 0 0 0 0 0 0 0 0 0 0 0 0 0 0 0 0 0 0 0 0 0 0 0 0 0 0 0 0 0 0 0 0
 0 0 0 0 0 0 0 0 0 0 0 0 0 0 0 0 0 0 0 0 0 0 0 0 0 0 0 0 0 0 0 0 0 0 0 0
 0 0 0 0 0 0 0 0 0 0 0 0 0 0 0 0 0 0 0 0 0 0 0 0 0 0 0 0 0 0 0 0 0 0 0 0
 0 0 0 0 0 0 0 0 1.78061e-05 0.00172719 0.00360574 0.0105946 0.0120993 0.0124554 0.0147524 0.0171206 0.0266825 0.0428682 0.0675386 0.121331 0.153587 0.119568 0.100827 0.0573624 0.0630603 0.0341343 0.0324427 0.0444173 0.0211091 0.0280891 0.0125444 0.00206551 0 0 0 0
 0 0 0 0 0 0 0 0 0 0 0 0 0 0 0 0 0 0 0 0 0 0 0 0 0 0 0 0 0 0 0 0 0 0 0 0
 0 0 0 0 0 0 0.0133647 0.0140871 0.0187388 0.0205184 0.03894 0.0496705 0.03968 0.0493445 0.0407372 0.0367815 0.0215668 0.0243155 0.0234873 0.0199281 0.019796 0.0243948 0.0301388 0.0376714 0.0412746 0.0863199 0.0771752 0.113111 0.0741005 0.0525337 0.0229764 0.00759418 0.00175318 0 0 0
 0 0 0 0 0 0 0 0 0 0 0.00219441 0.00772107 0.0458388 0.0604681 0.0671733 0.0775358 0.0609151 0.0617685 0.073594 0.0568108 0.0755445 0.0548602 0.0670107 0.0636378 0.0643287 0.046367 0.0373049 0.0286899 0.0247887 0.0153202 0.00654259 0.00121912 0.000365735 0 0 0
 0 0 0 0 0 0 0 0 0 0 0 0 0.000112435 0.00938835 0.0111873 0.0202946 0.0414886 0.0713402 0.111592 0.104902 0.108894 0.110636 0.117776 0.105296 0.107544 0.0401394 0.0192827 0.0124803 0.00416011 0.0028671 0.000618394 0 0 0 0 0
 0 0 0 0 0 0 0 0 0 0 0.00291406 0.0102884 0.027416 0.0768956 0.0749926 0.110853 0.0956884 0.0897413 0.0766577 0.0534642 0.0500743 0.0551293 0.0594112 0.0620874 0.0668451 0.0424026 0.0208742 0.0120726 0.0048766 0.00582813 0.00118941 0.000297354 0 0 0 0
 0 0.00264628 0.0354308 0.0461629 0.0458689 0.0383711 0.0214643 0.0164657 0.0346957 0.0420465 0.0363128 0.0245516 0.0311673 0.0291091 0.0169068 0.0133784 0.00837989 0.0085269 0.0148486 0.0160247 0.0276389 0.0546898 0.0760071 0.122758 0.109233 0.0665981 0.0333725 0.0166128 0.00676272 0.00308733 0.000882094 0 0 0 0 0
 0 0 0 0 0 0 0 0.000805153 0.000690131 0.00759144 0.0133425 0.0154129 0.00931677 0.000345066 0.00356568 0.00563607 0.00851162 0.0253048 0.0502646 0.0516448 0.0657925 0.0565908 0.0611916 0.0827007 0.0866115 0.110766 0.145733 0.0935128 0.0569358 0.0249597 0.0138026 0.00621118 0.00161031 0.00115022 0 0
 0 0 0 0 0 0 0 0 0 0 0 0 0 0 0 0 0 0 0 0 0 0 0 0 0 0 0 0 0 0 0 0 0 0 0 0
 0.00147267 0.00158595 0.00478618 0.00569244 0.00954404 0.0108468 0.00647125 0.017049 0.0510054 0.094081 0.124002 0.0959785 0.0687766 0.0820023 0.061753 0.0591476 0.0492212 0.0479892 0.0443925 0.0268479 0.0217502 0.0140895 0.0121071 0.0120363 0.00920419 0.00665534 0.0049561 0.00860946 0.00930331 0.0156896 0.0114698 0.00855282 0.00243557 0.00046729 0 2.83206e-05
 0 0 0 0 0.000772559 0.00158375 0.000888443 0.00281984 0.00712685 0.0440552 0.0773331 0.111326 0.0921469 0.0852325 0.0710754 0.0886704 0.0786465 0.0553345 0.0373146 0.0185414 0.00753245 0.00457741 0.012979 0.0271748 0.0457355 0.0583668 0.034881 0.0177882 0.00938659 0.00492506 0.0015258 0.00185414 0.000309023 5.79419e-05 3.86279e-05 0
 0 0.00173294 0.00326652 0 0.00397197 0.00683976 0.00946217 0.0152591 0.00757587 0.0136028 0.0228656 0.0392903 0.0559909 0.0764795 0.0681675 0.0726916 0.0566044 0.0477403 0.0527397 0.0444891 0.0609904 0.0582453 0.0661739 0.0445044 0.0529084 0.0360697 0.0280645 0.0235558 0.0158879 0.00826598 0.00280645 0.00217768 0.000904811 0.00058276 9.20147e-05 0
 0 0 0 0 0 0 0 0 0 0 0 0 0 0 0 0 0 0 0 0 0 0 0 0 0 0 0 0 0 0 0 0 0 0 0 0
 0 0 0 0 0 0 0 0 0 0 0 0 0 0 0 0 0 0 0 0 0 0 0 0 0 0 0 0 0 0 0 0 0 0 0 0
 0 0 0 0 0 0 0 0 0 0 0 0 0 0 0 0 0 0 0 0 0 0 0 0 0 0 0 0 0 0 0 0 0 0 0 0
ppred_pel_tallas
 1.01965e-16 2.76111e-05 0.000162039 0.000770226 0.00296536 0.00924714 0.0233577 0.0477938 0.0792269 0.10641 0.115822 0.102228 0.0733185 0.0430731 0.021436 0.0103516 0.00686094 0.00745686 0.00997393 0.0134152 0.0172857 0.0211882 0.0247089 0.0274512 0.0291108 0.0295403 0.0287752 0.0270113 0.0245446 0.0216963 0.018748 0.0159033 0.0132812 0.010932 0.0088632 0.00706338
 1.01717e-16 3.24437e-05 0.000190418 0.00090516 0.00348491 0.0108674 0.0274501 0.0561667 0.0931028 0.125035 0.136065 0.120023 0.0859245 0.0501632 0.0243772 0.0107938 0.00587635 0.00545861 0.00698428 0.0093216 0.0119904 0.0146817 0.0171028 0.0189792 0.0201043 0.0203823 0.0198458 0.018638 0.0169692 0.0150635 0.0131119 0.0112471 0.00953965 0.00801118 0.0066553 0.0054559
 1.02356e-16 2.19891e-05 0.00012902 0.000613225 0.00236082 0.00736187 0.0185958 0.0380517 0.0630833 0.0847446 0.0922859 0.0815621 0.0587324 0.0349779 0.0182861 0.0102881 0.00870909 0.0108113 0.0148689 0.0200037 0.025642 0.0312046 0.0360575 0.0396001 0.0413932 0.0412593 0.0393199 0.0359514 0.0316816 0.0270611 0.022553 0.0184683 0.0149562 0.0120349 0.00964252 0.00768646
 1.02304e-16 3.10112e-05 0.000182008 0.00086518 0.00333098 0.0103873 0.0262376 0.0536858 0.0889905 0.119513 0.130057 0.114728 0.0821439 0.047976 0.0233529 0.0104087 0.00577009 0.00546322 0.00705387 0.00946899 0.0122562 0.015123 0.0177865 0.0199743 0.0214708 0.0221594 0.0220406 0.0212187 0.0198641 0.018167 0.0162969 0.0143804 0.0124981 0.0106953 0.00899774 0.00742423
 1.01308e-16 3.39667e-05 0.00019936 0.000947674 0.00364861 0.0113779 0.0287395 0.0588048 0.0974751 0.130905 0.142448 0.125641 0.0899212 0.0524443 0.0253876 0.0110725 0.00578492 0.00515265 0.00649317 0.0086224 0.0110475 0.0134642 0.0155924 0.0171748 0.018023 0.018059 0.0173303 0.015992 0.0142623 0.0123689 0.0105025 0.00879065 0.00729393 0.00601987 0.00494476 0.00403406
 1.0171e-16 2.55212e-05 0.000149762 0.000711845 0.00274055 0.00854606 0.0215869 0.0441713 0.0732249 0.0983573 0.107081 0.0945679 0.0679459 0.0401601 0.0204365 0.0106134 0.00799479 0.00936249 0.012707 0.0170539 0.0218421 0.0265582 0.0306556 0.0336192 0.0350738 0.0348698 0.0331147 0.0301358 0.0263913 0.0223596 0.0184434 0.0149144 0.0119033 0.0094265 0.00742888 0.00582663
 1.01212e-16 3.56861e-05 0.000209459 0.000995694 0.00383351 0.0119545 0.030196 0.0617845 0.102413 0.137531 0.149644 0.131957 0.0943729 0.0549021 0.0263189 0.0110387 0.00513671 0.00400501 0.00482832 0.00639064 0.00823044 0.0101082 0.0118207 0.0131803 0.0140427 0.0143358 0.0140718 0.0133368 0.0122633 0.0109952 0.00965897 0.00834587 0.00710987 0.00597514 0.00494827 0.0040289
 1.00895e-16 3.24545e-05 0.000190478 0.000905436 0.00348596 0.0108706 0.0274584 0.0561839 0.0931324 0.125078 0.13612 0.120093 0.0860201 0.0503101 0.0246177 0.0111848 0.00648599 0.00635816 0.00823508 0.0109563 0.0139928 0.0169705 0.0195263 0.0213266 0.0221325 0.021855 0.020575 0.0185175 0.0159921 0.0133193 0.0107664 0.00851042 0.00663196 0.00513287 0.00396616 0.00306532
 1.00764e-16 3.49563e-05 0.000205171 0.0009753 0.00375498 0.0117096 0.0295774 0.060519 0.100316 0.134719 0.146594 0.12929 0.0925145 0.0539195 0.0260318 0.0112337 0.00569555 0.0049122 0.00612087 0.00810656 0.0103723 0.0126211 0.0145846 0.0160169 0.0167385 0.0166755 0.0158749 0.0144873 0.0127257 0.0108141 0.0089427 0.0072416 0.00577621 0.00455886 0.00356848 0.00276985
 1.00665e-16 3.4299e-05 0.00020131 0.000956939 0.00368428 0.0114891 0.0290205 0.0593798 0.0984285 0.132186 0.143844 0.126879 0.0908192 0.0529926 0.0256984 0.0112845 0.00600302 0.00543947 0.00688121 0.0091229 0.0116511 0.0141379 0.0162786 0.0177946 0.0184857 0.0182753 0.0172273 0.0155254 0.0134243 0.0111891 0.00904236 0.00713357 0.00553342 0.00424796 0.00324251 0.00246535
 1.013e-16 2.64191e-05 0.000155034 0.00073691 0.00283706 0.00884702 0.0223471 0.0457266 0.0758026 0.101818 0.110843 0.0978778 0.0702966 0.0414944 0.0210136 0.0107473 0.00789399 0.00911448 0.0123264 0.0165277 0.0211547 0.0257027 0.0296376 0.0324578 0.0337983 0.033515 0.0317153 0.0287221 0.0249867 0.0209809 0.0171032 0.0136236 0.0106738 0.00827144 0.00636262 0.00486267
 1.01926e-16 2.9543e-05 0.000173384 0.000824169 0.00317306 0.00989488 0.0249937 0.0511411 0.084774 0.113855 0.123914 0.109339 0.0783535 0.0458989 0.0225966 0.0105031 0.00642772 0.00659952 0.00869745 0.0116725 0.0150388 0.0184386 0.0215112 0.0239124 0.025379 0.0257839 0.0251581 0.023671 0.0215782 0.0191557 0.0166442 0.0142163 0.0119712 0.00994893 0.00815419 0.00657677
 1.00885e-16 3.68358e-05 0.000216209 0.00102779 0.00395708 0.0123398 0.0311693 0.0637759 0.105713 0.141962 0.154464 0.136202 0.0973959 0.0566355 0.0271018 0.0112825 0.00511974 0.00385034 0.00456268 0.00599844 0.00768201 0.00937164 0.0108679 0.0119913 0.0126098 0.0126667 0.0121916 0.011288 0.0101035 0.00879355 0.00748949 0.00628064 0.00521167 0.00429162 0.00350822 0.00284143
 1.00286e-16 3.85981e-05 0.000226557 0.00107698 0.0041465 0.0129305 0.0326614 0.0668287 0.110773 0.148755 0.16185 0.142702 0.102018 0.059269 0.0282601 0.011587 0.00498623 0.00345661 0.00394148 0.00512407 0.00651713 0.00788786 0.00905474 0.00985946 0.0101905 0.0100078 0.00935241 0.00833371 0.0071013 0.0058097 0.00458777 0.00352079 0.00264714 0.00196667 0.00145489 0.00107715
 1.00124e-16 3.98161e-05 0.000233709 0.00111099 0.00427745 0.0133389 0.0336929 0.068939 0.11427 0.153449 0.166951 0.147185 0.105192 0.0610502 0.0289913 0.011682 0.00471278 0.0029167 0.00313949 0.00403232 0.00511435 0.00617826 0.00707577 0.00768098 0.00790623 0.00772142 0.00716128 0.00631534 0.00530522 0.00425625 0.00327284 0.00242394 0.00174016 0.00122047 0.00084351 0.00057922
 1.00166e-16 3.68377e-05 0.000216217 0.00102782 0.00395719 0.0123402 0.0311703 0.0637781 0.105718 0.141971 0.15448 0.136232 0.0974532 0.0567401 0.0272846 0.0115857 0.00559485 0.00455273 0.00554071 0.00727882 0.00925374 0.0111733 0.0127833 0.0138575 0.0142376 0.0138705 0.0128213 0.0112555 0.00939645 0.00747434 0.00568045 0.00414064 0.00291014 0.00198564 0.00132629 0.000875039
 1.0056e-16 3.14128e-05 0.000184359 0.00087634 0.00337393 0.0105212 0.0265759 0.0543785 0.0901408 0.121064 0.13176 0.116267 0.0833251 0.0488254 0.0240616 0.0112197 0.00690279 0.00709207 0.00930289 0.012395 0.0158204 0.0191645 0.0220145 0.0239898 0.0248179 0.0243984 0.0228263 0.0203623 0.0173661 0.0142106 0.0112094 0.00857262 0.00639882 0.00469394 0.00340468 0.00245183
 1.00976e-16 3.26161e-05 0.000191428 0.000909959 0.00350338 0.010925 0.0275956 0.0564645 0.0935969 0.1257 0.136793 0.120675 0.0864125 0.0504908 0.0246156 0.0110326 0.00619227 0.0059082 0.00760609 0.0101346 0.0129872 0.0158218 0.0183091 0.0201431 0.0210979 0.0210778 0.020136 0.0184545 0.016293 0.0139264 0.0115894 0.00944447 0.00757597 0.00600409 0.00470849 0.00365122
 1.01108e-16 3.16823e-05 0.000185944 0.000883881 0.00340297 0.0106118 0.0268047 0.0548464 0.0909154 0.122101 0.132883 0.117241 0.0839869 0.0491407 0.0240827 0.011006 0.00647379 0.00642743 0.00836578 0.0111581 0.0142869 0.0173821 0.020081 0.0220464 0.0230322 0.0229379 0.0218303 0.0199187 0.017498 0.0148771 0.0123172 0.00999566 0.00799992 0.00634405 0.00499652 0.00390703
 1.00942e-16 3.43279e-05 0.000201481 0.000957758 0.00368743 0.0114989 0.0290454 0.0594305 0.0985122 0.132298 0.143962 0.126975 0.0908707 0.0529884 0.0256329 0.0111484 0.00577964 0.00510635 0.00641691 0.00851536 0.0109059 0.0132844 0.0153718 0.0169114 0.0177147 0.0177025 0.0169211 0.0155242 0.0137304 0.0117698 0.00983768 0.00806787 0.00652799 0.00523179 0.00415961 0.00327803
 1.00961e-16 3.16714e-05 0.000185879 0.000883572 0.00340178 0.0106081 0.0267953 0.0548273 0.090884 0.12206 0.132839 0.117207 0.0839726 0.0491521 0.0241247 0.0110859 0.00660293 0.00661929 0.00863284 0.0115072 0.0147144 0.0178708 0.0205986 0.0225483 0.0234668 0.0232557 0.021992 0.0199029 0.0173043 0.0145257 0.0118439 0.00944541 0.00741918 0.00577438 0.00447035 0.00344569
 1.01336e-16 3.04443e-05 0.000178674 0.000849318 0.00326989 0.0101968 0.0257564 0.0527017 0.087361 0.11733 0.127696 0.112678 0.0807478 0.0473054 0.0232953 0.0108359 0.00663682 0.00680724 0.00894742 0.0119651 0.0153459 0.0187065 0.0216635 0.0238574 0.025022 0.0250437 0.0239838 0.0220541 0.0195575 0.0168141 0.0140969 0.0115941 0.00940294 0.00754619 0.00600037 0.00472254
 1.01294e-16 3.26806e-05 0.000191808 0.000911765 0.00351034 0.0109467 0.0276504 0.0565766 0.0937824 0.125949 0.13706 0.120905 0.0865655 0.0505556 0.0246016 0.0109496 0.00603904 0.00567347 0.00727487 0.00969584 0.0124407 0.0151829 0.017611 0.0194353 0.0204404 0.0205326 0.0197574 0.0182805 0.01634 0.0141879 0.0120389 0.0100411 0.00827116 0.00674806 0.00545571 0.00436396
 1.01397e-16 2.97636e-05 0.000174677 0.000830309 0.00319669 0.00996855 0.0251799 0.0515221 0.0854065 0.114707 0.124847 0.110178 0.0789861 0.0463334 0.0229282 0.010852 0.00689755 0.00726742 0.00961424 0.012858 0.0164715 0.0200453 0.023165 0.0254433 0.026597 0.0265104 0.0252601 0.0230861 0.0203269 0.0173362 0.0144128 0.011759 0.00947347 0.00757131 0.00601566 0.00474893
 1.03516e-16 1.46303e-05 8.58084e-05 0.000407769 0.00156973 0.00489486 0.0123645 0.0253027 0.0419547 0.0563824 0.0614564 0.0544497 0.0395022 0.0241144 0.0136872 0.00941363 0.00989117 0.0133824 0.0187599 0.0253633 0.0326201 0.0398488 0.0462686 0.0511257 0.0538547 0.054204 0.052284 0.0485171 0.0435162 0.037932 0.0323212 0.0270707 0.0223848 0.0183205 0.014845 0.0118889
pSPR Fmed_Fpbrs
0.423418   0.354242 0.354242
Fs Fmed_Fpbrs
0.742017   1.005 1.005
SSBpbr Bo_Bmed_Bpbrs
774806  289327  235729 235729
Ro
27446.7
SPR SPRFo_SPRFmed_SPRFpbrs
563694 238678 199684
log_Ro
10.04
likeval ReclasPelacesDesembMPH_pf_preclas_ppelaces_ptallas_desvR_qrecl_qpela
 68.1299 14.3268 0.0577413 0.000175815 320.622 187.377 81.8269 0 19.7453 4.20064e-06 0.000105869 0 0 0 0
q_reclas_q_pelaces
1.337 4.32258
M
0.7
N
 28793.4 14073.2 5655.51 710.614 0.180369
 42322.1 13321.3 4108.28 1650.97 207.497
 11822.1 19300.3 3490.2 1076.38 486.921
 17932.1 4952.55 2674.07 483.569 216.595
 43953.7 8403.34 1591.78 859.462 225.037
 26201.1 21584.9 3838.12 727.024 495.331
 64959.9 11773 5060.34 899.804 286.568
 64669.2 29945.7 3345.08 1437.8 337.086
 85352.3 28551.7 6152.9 687.307 364.683
 122798 37196.8 5321.21 1146.72 196.06
 60223.3 56069.1 9835.97 1407.09 355.073
 46636.6 26147.7 10161.1 1782.51 319.346
 53265.3 20241.2 4725.41 1836.31 379.848
 27648.5 21181.9 1897.18 442.909 207.718
 13775.7 9363.27 594.558 53.2524 18.2626
 11921.1 4542.05 215.006 13.6526 1.64217
 8268.41 4958.54 596.502 28.2364 2.00865
 9108.44 3585 889.304 106.981 5.42438
 9889.01 4062.08 794.394 197.059 24.9078
 14840.5 4485.11 1021.43 199.755 55.8148
 20013.7 6667.18 1050.17 239.164 59.8405
 25459.2 9506.89 2372.48 373.698 106.399
 40179.3 11971.1 3134 782.101 158.267
 42366.1 18677.6 3621.55 948.113 284.484
 10747.1 19694.8 5651.86 1095.88 372.985
pred_Ctot
 1420.78 4299.67 1727.88 217.108 0.0551068
 2497.69 4693.17 1447.37 581.645 73.1022
 1342.76 10737.9 1941.81 598.853 270.903
 728.657 1288.14 695.514 125.774 56.3356
 350.541 487.302 92.3058 49.8394 13.0497
 1803.45 8550.24 1520.36 287.99 196.211
 3363.29 3739.46 1607.32 285.806 91.0229
 5193.82 13268.1 1482.11 637.051 149.354
 7570.11 13551.2 2920.29 326.21 173.086
 7146.3 12962.3 1854.33 399.608 68.3229
 5485.16 27093.5 4752.9 679.929 171.577
 4258.74 12657.1 4918.58 862.845 154.583
 7728.71 12919.9 3016.21 1172.11 242.455
 6464.07 16554.1 1482.69 346.142 162.336
 3408.16 7451.4 473.156 42.3789 14.5336
 1406.49 2585.05 122.368 7.77022 0.934622
 760.409 2411.64 290.115 13.7331 0.976926
 671.842 1494.32 370.684 44.5924 2.26101
 619.635 1498.84 293.118 72.7115 9.19055
 1023.12 1778.76 405.092 79.2211 22.1357
 626.681 1385.18 218.185 49.6891 12.4326
 975.695 2352.89 587.171 92.4875 26.333
 1853.32 3461.01 906.086 226.117 45.7572
 1953.22 5397.76 1046.62 274.002 82.2151
 565.979 6341.68 1819.89 352.872 120.1
F
 0.07078 0.531268 0.531268 0.531268 0.531268
 0.0851868 0.639405 0.639405 0.639405 0.639405
 0.170069 1.27652 1.27652 1.27652 1.27652
 0.0579609 0.435049 0.435049 0.435049 0.435049
 0.0111443 0.0836483 0.0836483 0.0836483 0.0836483
 0.0999958 0.750559 0.750559 0.750559 0.750559
 0.0743835 0.558316 0.558316 0.558316 0.558316
 0.117569 0.882464 0.882464 0.882464 0.882464
 0.130566 0.980016 0.980016 0.980016 0.980016
 0.0839573 0.630176 0.630176 0.630176 0.630176
 0.134297 1.00802 1.00802 1.00802 1.00802
 0.134668 1.01081 1.01081 1.01081 1.01081
 0.222138 1.66735 1.66735 1.66735 1.66735
 0.382776 2.87308 2.87308 2.87308 2.87308
 0.409529 3.07389 3.07389 3.07389 3.07389
 0.177201 1.33005 1.33005 1.33005 1.33005
 0.135683 1.01843 1.01843 1.01843 1.01843
 0.107507 0.806935 0.806935 0.806935 0.806935
 0.0906606 0.68049 0.68049 0.68049 0.68049
 0.100162 0.751811 0.751811 0.751811 0.751811
 0.0443999 0.333262 0.333262 0.333262 0.333262
 0.0545845 0.409707 0.409707 0.409707 0.409707
 0.066027 0.495592 0.495592 0.495592 0.495592
 0.0659933 0.49534 0.49534 0.49534 0.49534
 0.0757036 0.568225 0.568225 0.568225 0.568225
nmprior
 10.6 11 7 0
nm_flota  nm_reclas  nm_pelaces    nm_pelaL
inf 30.339 13.5957 29.7457
cv_recla  cv_pelaces  cv_mph
0.74661 0.429187 0.430195
 ------------------------------------------------
Talla a la edad & desviación 
 7.2 14.2025 17.0495 18.207 18.6776
 1.08 2.13037 2.55742 2.73105 2.80164
