years
 1997 1998 1999 2000 2001 2002 2003 2004 2005 2006 2007 2008 2009 2010 2011 2012 2013 2014 2015 2016 2017 2018 2019 2020 2021
reclasobs
 0 0 0 370054 412103 1.49427e+06 250295 1.28982e+06 931140 785840 897777 1.04006e+06 184774 17550 25797 100020 73551 82996 120727 218422 84188 347160 605670 569463 516374
reclaspred
 1.29741e+06 354742 1.17152e+06 728771 812512 1.0177e+06 2.04131e+06 1.39338e+06 1.51291e+06 1.38545e+06 1.16885e+06 790410 460808 214206 148873 157032 203133 302957 348301 467111 706208 704811 1.2281e+06 1.58693e+06 2.25857e+06
pelacesobs
 0 0 0 0 0 0 0 0 0 2.06254e+06 1.5e+06 0 1.87456e+06 323000 250000 174000 83755 137374 0 501740 490994 745055 786931 1.00524e+06 1.33801e+06
pelacespred
 905954 346919 441953 528619 501152 511014 1.03532e+06 971325 889375 849260 618670 429712 245308 92355.7 64417.8 77364.4 104888 158020 192180 248667 408839 426139 562672 865739 1.24819e+06
mphobs
 0 0 0 0 0 112323 0 153150 637223 0 255016 313432 73983 77613 109348 50772 0 0 0 0 0 0 0 0 0
mphpred
 867586 593637 656994 790351 671370 875198 1.27394e+06 1.53876e+06 1.31636e+06 1.31321e+06 1.20312e+06 833428 515369 272465 134901 126487 154624 227353 297811 350823 526877 654373 830072 1.20997e+06 1.7702e+06
desembarqueobs
 350755 77701 442110 56441 14545 235359 269955 359681 431902 328805 639364 411747 362871 311530 167758 66681 60226 58785 57116 73181 50977 67692 138656 160484 209506
desembarquepred
 350800 77719.9 442378 56449.5 14545.5 235484 270027 359797 432066 328908 640034 412275 363432 312219 167885 66716.1 60262.3 58800.4 57124.6 73192.2 50981.2 67695.6 138673 160502 209518
Reclutas
 75021.1 70792 43516.6 49064.9 78841 68346.9 112330 103417 124987 119054 71019.2 44298.9 45407.1 29285.9 21254 20321 18317 21126.7 23642 39893.1 56820.2 68972.9 114500 156410 123119
log_desv_Rt
 0.285525 0.227501 -0.259102 -0.1391 0.335188 0.192352 0.689198 0.606527 0.795966 0.747337 0.230705 -0.241285 -0.216576 -0.65514 -0.975702 -1.02059 -1.12442 -0.981709 -0.869222 -0.34604 0.00764756 0.201469 0.708326 1.02023 0.780908
SSB
 867586 593637 656994 790351 671370 875198 1.27394e+06 1.53876e+06 1.31636e+06 1.31321e+06 1.20312e+06 833428 515369 272465 134901 126487 154624 227353 297811 350823 526877 654373 830072 1.20997e+06 1.7702e+06
BT
 3.05478e+06 797492 1.33647e+06 1.1464e+06 1.1165e+06 1.19248e+06 2.78161e+06 2.49982e+06 2.47073e+06 2.17451e+06 1.88544e+06 1.27694e+06 898562 496381 303672 231895 295386 406945 450506 623796 1.00101e+06 922789 1.29312e+06 2.05446e+06 2.89693e+06
Ftot
 0.261201 0.212139 0.361432 0.0755837 0.017526 0.223622 0.128722 0.249354 0.275374 0.229528 0.517192 0.49348 0.731406 1.27186 1.02255 0.405974 0.285957 0.188188 0.159245 0.152272 0.07048 0.0936289 0.10997 0.0985853 0.0904487
BD_Bspro_t
 0.965238 0.80861 0.751974 0.628498 0.705606 0.806165 0.767046 0.779253 0.722376 0.67885 0.635112 0.473589 0.3636 0.259358 0.161127 0.177415 0.270363 0.432235 0.558515 0.655259 0.75853 0.83677 0.846844 0.854111 0.867013
BD_Bspro
 0.749164 0.512608 0.567317 0.682472 0.579731 0.755737 1.10005 1.32873 1.13669 1.13396 1.0389 0.719669 0.445024 0.235275 0.116488 0.109222 0.133519 0.19632 0.257161 0.302937 0.454961 0.565054 0.716771 1.04481 1.52858
BD_Bo
 0.710719 0.486302 0.538204 0.647449 0.54998 0.716954 1.0436 1.26054 1.07835 1.07577 0.985584 0.682737 0.422186 0.223201 0.11051 0.103617 0.126667 0.186246 0.243964 0.287391 0.431613 0.536057 0.679988 0.991196 1.45013
BD_Brms
 3.45677 2.36526 2.6177 3.14904 2.67497 3.4871 5.07583 6.13096 5.24486 5.23228 4.79365 3.32067 2.05341 1.0856 0.537495 0.503968 0.616077 0.905855 1.18658 1.3978 2.09926 2.60725 3.3073 4.82094 7.0531
S_f
 0.5 1 1 1 1
 0.5 1 1 1 1
 0.5 1 1 1 1
 0.5 1 1 1 1
 0.5 1 1 1 1
 0.5 1 1 1 1
 0.5 1 1 1 1
 0.5 1 1 1 1
 0.5 1 1 1 1
 0.5 1 1 1 1
 0.5 1 1 1 1
 0.5 1 1 1 1
 0.5 1 1 1 1
 0.5 1 1 1 1
 0.5 1 1 1 1
 0.5 1 1 1 1
 0.5 1 1 1 1
 0.5 1 1 1 1
 0.5 1 1 1 1
 0.5 1 1 1 1
 0.5 1 1 1 1
 0.5 1 1 1 1
 0.5 1 1 1 1
 0.5 1 1 1 1
 0.5 1 1 1 1
Scru_reclas
 0.5 1 1 1 1
 0.5 1 1 1 1
 0.5 1 1 1 1
 0.5 1 1 1 1
 0.5 1 1 1 1
 0.5 1 1 1 1
 0.5 1 1 1 1
 0.5 1 1 1 1
 0.5 1 1 1 1
 0.5 1 1 1 1
 0.5 1 1 1 1
 0.5 1 1 1 1
 0.5 1 1 1 1
 0.5 1 1 1 1
 0.5 1 1 1 1
 0.5 1 1 1 1
 0.5 1 1 1 1
 0.5 1 1 1 1
 0.5 1 1 1 1
 0.5 1 1 1 1
 0.5 1 1 1 1
 0.5 1 1 1 1
 0.5 1 1 1 1
 0.5 1 1 1 1
 0.5 1 1 1 1
Scru_pelaces
 0.5 1 1 1 1
 0.5 1 1 1 1
 0.5 1 1 1 1
 0.5 1 1 1 1
 0.5 1 1 1 1
 0.5 1 1 1 1
 0.5 1 1 1 1
 0.5 1 1 1 1
 0.5 1 1 1 1
 0.5 1 1 1 1
 0.5 1 1 1 1
 0.5 1 1 1 1
 0.5 1 1 1 1
 0.5 1 1 1 1
 0.5 1 1 1 1
 0.5 1 1 1 1
 0.5 1 1 1 1
 0.5 1 1 1 1
 0.5 1 1 1 1
 0.5 1 1 1 1
 0.5 1 1 1 1
 0.5 1 1 1 1
 0.5 1 1 1 1
 0.5 1 1 1 1
 0.5 1 1 1 1
pf_obs 
 0.256992 0.487395 0.22802 0.0275931 0
 0.321318 0.546541 0.124235 0.00734118 0.000564706
 0.182869 0.594174 0.210203 0.0122559 0.00049798
 0.330522 0.361315 0.267642 0.0388342 0.00168674
 0.649043 0.306663 0.0425973 0.00169635 0
 0.582887 0.30429 0.105238 0.00758474 0
 0.465427 0.430635 0.0974691 0.00646863 0
 0.296916 0.608066 0.0921331 0.00288517 0
 0.311714 0.524322 0.152257 0.0117073 0
 0.15457 0.633149 0.183074 0.0267441 0.00246327
 0.131901 0.49318 0.331252 0.0422183 0.00144891
 0.196976 0.569456 0.194076 0.0375587 0.00193317
 0.518974 0.381816 0.0799577 0.0180837 0.00116848
 0.0928022 0.601141 0.25162 0.0475244 0.00691264
 0.122501 0.610282 0.24278 0.0234846 0.000952079
 0.383417 0.481906 0.127806 0.00687128 0
 0.0376549 0.599619 0.316969 0.0457579 0
 0.0361596 0.667082 0.258105 0.0386534 0
 0.158088 0.579412 0.248529 0.0139706 0
 0.0477256 0.309471 0.559284 0.082774 0.000745712
 0.0406174 0.521527 0.379366 0.0568643 0.0016247
 0.151134 0.462217 0.34131 0.0453401 0
 0.294876 0.26143 0.354403 0.0886775 0.000613685
 0.281977 0.475581 0.204845 0.0348837 0.00271318
 0.0354234 0.537034 0.353287 0.0723622 0.0018943
pf_pred 
 0.608417 0.280556 0.0996723 0.0113487 5.68164e-06
 0.465976 0.411238 0.0879718 0.0312535 0.0035603
 0.325396 0.438238 0.18202 0.0389376 0.0154091
 0.41697 0.301542 0.182861 0.0759504 0.0226769
 0.500344 0.296634 0.105003 0.0636758 0.034344
 0.38162 0.413115 0.121861 0.0431366 0.0402679
 0.519519 0.272991 0.138615 0.0408889 0.0279853
 0.418985 0.401838 0.101802 0.0516915 0.0256841
 0.470402 0.321834 0.143692 0.036403 0.0276684
 0.431993 0.373663 0.118102 0.0527299 0.023512
 0.316813 0.42285 0.171262 0.0541302 0.0349443
 0.318612 0.353801 0.202756 0.0821202 0.0427112
 0.442541 0.289587 0.139089 0.079709 0.0490746
 0.440055 0.371934 0.0976672 0.0469095 0.043434
 0.540626 0.322202 0.0911139 0.0239258 0.0221317
 0.571551 0.32712 0.0710713 0.0200979 0.0101594
 0.469863 0.397695 0.10112 0.0219697 0.00935318
 0.478667 0.343071 0.133727 0.0340021 0.0105325
 0.45802 0.357468 0.121421 0.0473291 0.0157619
 0.548448 0.288437 0.107584 0.0365431 0.018988
 0.529899 0.337167 0.084914 0.0316721 0.016348
 0.473841 0.366693 0.114373 0.0288042 0.0162892
 0.537976 0.299869 0.113009 0.0352479 0.0138971
 0.5118 0.344705 0.0931333 0.0350984 0.0152635
 0.367137 0.432321 0.141597 0.038257 0.0206875
pobs_RECLAS
 0 0 0 0 0
 0 0 0 0 0
 0 0 0 0 0
 0 0 0 0 0
 0.835266 0.146461 0.0176864 0.000547809 3.91292e-05
 0.385257 0.428462 0.181853 0.0044286 0
 0.867414 0.0963971 0.0333333 0.00285562 0
 0.441836 0.489002 0.0689373 0.000224442 0
 0.779404 0.147425 0.0564933 0.0165055 0.000172143
 0.814271 0.122319 0.05973 0.00367925 0
 0.40263 0.566651 0.0304383 0.000280538 0
 0.475488 0.404961 0.113038 0.00651328 0
 0.955842 0.0263864 0.0167828 0.000988607 0
 0.975058 0.0227948 0.00214734 0 0
 0.738997 0.206755 0.0527124 0.00153531 0
 0.850938 0.134255 0.0134407 0.00136685 0
 0.542534 0.407297 0.0501686 0 0
 0.764087 0.199537 0.0359546 0.000420521 0
 0.470689 0.182191 0.310203 0.0369168 0
 0.84361 0.089868 0.0606195 0.00523954 0.000663233
 0.607945 0.314616 0.071237 0.00620181 0
 0.523733 0.453247 0.0230204 0 0
 0.530135 0.295979 0.169645 0.0042399 0
 0.562478 0.366248 0.0663022 0.0049721 0
 0.250443 0.683176 0.0655157 0.000865301 0
ppred_RECLAS
 0.610707 0.278915 0.0990894 0.0112823 5.64841e-06
 0.467843 0.4098 0.0876642 0.0311442 0.00354785
 0.328564 0.43618 0.181165 0.0387547 0.0153367
 0.417544 0.301245 0.182681 0.0758756 0.0226546
 0.500473 0.296557 0.104976 0.0636594 0.0343351
 0.383506 0.411854 0.121489 0.0430051 0.0401451
 0.520574 0.272392 0.138311 0.0407991 0.0279239
 0.421201 0.400305 0.101414 0.0514943 0.0255861
 0.472959 0.320281 0.142998 0.0362272 0.0275348
 0.434015 0.372332 0.117682 0.0525422 0.0234283
 0.32181 0.419757 0.17001 0.0537344 0.0346887
 0.323317 0.351358 0.201356 0.0815531 0.0424162
 0.451706 0.284826 0.136802 0.0783984 0.0482677
 0.46079 0.358162 0.0940506 0.0451724 0.0418256
 0.555563 0.311726 0.0881513 0.0231479 0.0214121
 0.575638 0.324 0.0703934 0.0199062 0.0100625
 0.47254 0.395686 0.100609 0.0218587 0.00930594
 0.480294 0.342001 0.13331 0.033896 0.0104996
 0.459355 0.356587 0.121122 0.0472126 0.015723
 0.549713 0.287629 0.107283 0.0364407 0.0189348
 0.530444 0.336776 0.0848154 0.0316353 0.016329
 0.474583 0.366176 0.114211 0.0287636 0.0162662
 0.538859 0.299297 0.112794 0.0351806 0.0138706
 0.512586 0.34415 0.0929833 0.0350419 0.0152389
 0.367803 0.431866 0.141448 0.0382167 0.0206657
pobs_PELACES
 0 0 0 0 0
 0 0 0 0 0
 0 0 0 0 0
 0 0 0 0 0
 0 0 0 0 0
 0 0 0 0 0
 0 0 0 0 0
 0 0 0 0 0
 0 0 0 0 0
 0 0 0 0 0
 0.450072 0.473896 0.0757376 0.000293798 0
 0 0 0 0 0
 0.463077 0.371075 0.160297 0.00555027 0
 0.529543 0.364841 0.0842815 0.0213345 0
 0.631943 0.363953 0.00410389 0 0
 0.735681 0.248677 0.0153453 0.000297389 0
 0.695825 0.281241 0.0229344 0 0
 0.275771 0.60734 0.115278 0.00161068 0
 0 0 0 0 0
 0.896147 0.0623911 0.0374545 0.00400742 0
 0.803859 0.145111 0.0509908 3.86294e-05 0
 0.739449 0.233085 0.0266225 0.000797448 4.60066e-05
 0.878498 0.100942 0.0204185 0.000141795 0
 0.694673 0.275183 0.0284847 0.00165964 0
 0.469039 0.446079 0.0841089 0.000773354 0
ppred_PELACES
 0.620903 0.27161 0.0964941 0.0109868 5.50047e-06
 0.476567 0.403083 0.0862272 0.0306336 0.0034897
 0.341852 0.427547 0.17758 0.0379877 0.0150332
 0.42058 0.299675 0.181729 0.0754801 0.0225365
 0.501196 0.296128 0.104824 0.0635672 0.0342854
 0.392266 0.406002 0.119763 0.042394 0.0395746
 0.525873 0.269382 0.136782 0.0403483 0.0276153
 0.431262 0.393346 0.0996508 0.0505991 0.0251414
 0.484297 0.313391 0.139922 0.0354479 0.0269425
 0.443341 0.366198 0.115743 0.0516765 0.0230423
 0.34071 0.408059 0.165272 0.0522368 0.033722
 0.341381 0.341978 0.195981 0.079376 0.0412839
 0.481734 0.269227 0.12931 0.0741049 0.0456243
 0.51317 0.323369 0.0849142 0.0407843 0.0377626
 0.596739 0.282845 0.0799843 0.0210033 0.0194283
 0.591913 0.311574 0.0676937 0.0191428 0.00967655
 0.484313 0.386854 0.0983636 0.0213708 0.00909822
 0.488049 0.336897 0.13132 0.0333902 0.0103429
 0.465887 0.352279 0.119659 0.0466421 0.0155331
 0.555924 0.283661 0.105803 0.0359381 0.0186736
 0.53334 0.334699 0.0842924 0.0314402 0.0162283
 0.478436 0.363491 0.113374 0.0285526 0.0161469
 0.543364 0.296372 0.111692 0.0348369 0.0137351
 0.516649 0.341281 0.0922082 0.0347498 0.0151118
 0.37128 0.429491 0.14067 0.0380066 0.0205521
pobs_pel_tallas
 0 0 0 0 0 0 0 0 0 0 0 0 0 0 0 0 0 0 0 0 0 0 0 0 0 0 0 0 0 0 0 0 0 0 0 0
 0 0 0 0 0 0 0 0 0 0 0 0 0 0 0 0 0 0 0 0 0 0 0 0 0 0 0 0 0 0 0 0 0 0 0 0
 0 0 0 0 0 0 0 0 0 0 0 0 0 0 0 0 0 0 0 0 0 0 0 0 0 0 0 0 0 0 0 0 0 0 0 0
 0 0 0 0 0 0 0 0 0 0 0 0 0 0 0 0 0 0 0 0 0 0 0 0 0 0 0 0 0 0 0 0 0 0 0 0
 0 0 0 0 0 0 0 0 0 0 0 0 0 0 0 0 0 0 0 0 0 0 0 0 0 0 0 0 0 0 0 0 0 0 0 0
 0 0 0 0 0 0 0 0 0 0 0 0 0 0 0 0 0 0 0 0 0 0 0 0 0 0 0 0 0 0 0 0 0 0 0 0
 0 0 0 0 0 0 0 0 0 0 0 0 0 0 0 0 0 0 0 0 0 0 0 0 0 0 0 0 0 0 0 0 0 0 0 0
 0 0 0 0 0 0 0 0 0 0 0 0 0 0 0 0 0 0 0 0 0 0 0 0 0 0 0 0 0 0 0 0 0 0 0 0
 0 0 0 0 0 0 0 0 0 0 0 0 0 0 0 0 0 0 0 0 0 0 0 0 0 0 0 0 0 0 0 0 0 0 0 0
 0 0 0 0 0 0 0 0 0 0 0 0 0 0 0 0 0 0 0 0 0 0 0 0 0 0 0 0 0 0 0 0 0 0 0 0
 0 0 0 0 0 0 0 0 1.78061e-05 0.00172719 0.00360574 0.0105946 0.0120993 0.0124554 0.0147524 0.0171206 0.0266825 0.0428682 0.0675386 0.121331 0.153587 0.119568 0.100827 0.0573624 0.0630603 0.0341343 0.0324427 0.0444173 0.0211091 0.0280891 0.0125444 0.00206551 0 0 0 0
 0 0 0 0 0 0 0 0 0 0 0 0 0 0 0 0 0 0 0 0 0 0 0 0 0 0 0 0 0 0 0 0 0 0 0 0
 0 0 0 0 0 0 0.0133647 0.0140871 0.0187388 0.0205184 0.03894 0.0496705 0.03968 0.0493445 0.0407372 0.0367815 0.0215668 0.0243155 0.0234873 0.0199281 0.019796 0.0243948 0.0301388 0.0376714 0.0412746 0.0863199 0.0771752 0.113111 0.0741005 0.0525337 0.0229764 0.00759418 0.00175318 0 0 0
 0 0 0 0 0 0 0 0 0 0 0.00219441 0.00772107 0.0458388 0.0604681 0.0671733 0.0775358 0.0609151 0.0617685 0.073594 0.0568108 0.0755445 0.0548602 0.0670107 0.0636378 0.0643287 0.046367 0.0373049 0.0286899 0.0247887 0.0153202 0.00654259 0.00121912 0.000365735 0 0 0
 0 0 0 0 0 0 0 0 0 0 0 0 0.000112435 0.00938835 0.0111873 0.0202946 0.0414886 0.0713402 0.111592 0.104902 0.108894 0.110636 0.117776 0.105296 0.107544 0.0401394 0.0192827 0.0124803 0.00416011 0.0028671 0.000618394 0 0 0 0 0
 0 0 0 0 0 0 0 0 0 0 0.00291406 0.0102884 0.027416 0.0768956 0.0749926 0.110853 0.0956884 0.0897413 0.0766577 0.0534642 0.0500743 0.0551293 0.0594112 0.0620874 0.0668451 0.0424026 0.0208742 0.0120726 0.0048766 0.00582813 0.00118941 0.000297354 0 0 0 0
 0 0.00264628 0.0354308 0.0461629 0.0458689 0.0383711 0.0214643 0.0164657 0.0346957 0.0420465 0.0363128 0.0245516 0.0311673 0.0291091 0.0169068 0.0133784 0.00837989 0.0085269 0.0148486 0.0160247 0.0276389 0.0546898 0.0760071 0.122758 0.109233 0.0665981 0.0333725 0.0166128 0.00676272 0.00308733 0.000882094 0 0 0 0 0
 0 0 0 0 0 0 0 0.000805153 0.000690131 0.00759144 0.0133425 0.0154129 0.00931677 0.000345066 0.00356568 0.00563607 0.00851162 0.0253048 0.0502646 0.0516448 0.0657925 0.0565908 0.0611916 0.0827007 0.0866115 0.110766 0.145733 0.0935128 0.0569358 0.0249597 0.0138026 0.00621118 0.00161031 0.00115022 0 0
 0 0 0 0 0 0 0 0 0 0 0 0 0 0 0 0 0 0 0 0 0 0 0 0 0 0 0 0 0 0 0 0 0 0 0 0
 0.00147267 0.00158595 0.00478618 0.00569244 0.00954404 0.0108468 0.00647125 0.017049 0.0510054 0.094081 0.124002 0.0959785 0.0687766 0.0820023 0.061753 0.0591476 0.0492212 0.0479892 0.0443925 0.0268479 0.0217502 0.0140895 0.0121071 0.0120363 0.00920419 0.00665534 0.0049561 0.00860946 0.00930331 0.0156896 0.0114698 0.00855282 0.00243557 0.00046729 0 2.83206e-05
 0 0 0 0 0.000772559 0.00158375 0.000888443 0.00281984 0.00712685 0.0440552 0.0773331 0.111326 0.0921469 0.0852325 0.0710754 0.0886704 0.0786465 0.0553345 0.0373146 0.0185414 0.00753245 0.00457741 0.012979 0.0271748 0.0457355 0.0583668 0.034881 0.0177882 0.00938659 0.00492506 0.0015258 0.00185414 0.000309023 5.79419e-05 3.86279e-05 0
 0 0.00173294 0.00326652 0 0.00397197 0.00683976 0.00946217 0.0152591 0.00757587 0.0136028 0.0228656 0.0392903 0.0559909 0.0764795 0.0681675 0.0726916 0.0566044 0.0477403 0.0527397 0.0444891 0.0609904 0.0582453 0.0661739 0.0445044 0.0529084 0.0360697 0.0280645 0.0235558 0.0158879 0.00826598 0.00280645 0.00217768 0.000904811 0.00058276 9.20147e-05 0
 0 0 0 0 0 0 0 0 0 0 0 0 0 0 0 0 0 0 0 0 0 0 0 0 0 0 0 0 0 0 0 0 0 0 0 0
 0 0 0 0 0 0 0 0 0 0 0 0 0 0 0 0 0 0 0 0 0 0 0 0 0 0 0 0 0 0 0 0 0 0 0 0
 0 0 0 0 0 0 0 0 0 0 0 0 0 0 0 0 0 0 0 0 0 0 0 0 0 0 0 0 0 0 0 0 0 0 0 0
ppred_pel_tallas
 1.01837e-16 2.70982e-05 0.000159026 0.000755898 0.00291019 0.00907508 0.0229231 0.0469047 0.0777538 0.104433 0.113676 0.100347 0.0719974 0.0423534 0.0211823 0.0104021 0.00711805 0.007894 0.0106035 0.0142566 0.0183443 0.0224433 0.0261098 0.0289194 0.0305503 0.0308523 0.0298748 0.0278407 0.0250808 0.0219511 0.0187611 0.0157317 0.0129878 0.0105756 0.00849207 0.00671228
 1.02572e-16 2.08097e-05 0.000122095 0.000580299 0.00223404 0.00696651 0.0175972 0.0360085 0.0596971 0.0801986 0.0873433 0.0772127 0.0556415 0.0332197 0.0175186 0.0100973 0.00881923 0.0111065 0.0153305 0.0206519 0.0265036 0.0322989 0.0373894 0.0411574 0.0431473 0.043168 0.0413318 0.0380107 0.0337322 0.0290497 0.0244311 0.0201946 0.016498 0.01337 0.0107609 0.00859012
 1.04668e-16 1.49367e-05 8.76127e-05 0.000416359 0.00160282 0.00499807 0.0126251 0.0258356 0.0428363 0.0575612 0.0627257 0.0555372 0.0402108 0.0243876 0.013559 0.00891698 0.00900568 0.0120394 0.016878 0.0228905 0.0295711 0.0363318 0.0424938 0.0473916 0.05051 0.0515924 0.0506847 0.0480969 0.0443037 0.0398199 0.035094 0.0304478 0.0260681 0.022035 0.0183677 0.0150628
 1.06324e-16 1.83644e-05 0.000107748 0.000512111 0.00197153 0.00614793 0.0155294 0.031777 0.0526806 0.0707689 0.0770644 0.0681043 0.0490309 0.0291807 0.0152243 0.0085283 0.00720435 0.0089895 0.0124815 0.017003 0.022145 0.0274987 0.0325983 0.0369753 0.0402468 0.0421886 0.0427662 0.0421131 0.0404702 0.0381106 0.0352775 0.032153 0.0288583 0.0254752 0.0220728 0.0187256
 1.05371e-16 2.18792e-05 0.000128384 0.00061022 0.00234928 0.00732592 0.0185049 0.037865 0.0627711 0.0843174 0.0918001 0.0810838 0.0582818 0.0344974 0.0176486 0.0093249 0.00723254 0.00863447 0.0118323 0.0160152 0.0207243 0.0255351 0.0299839 0.0336196 0.0360936 0.0372309 0.0370584 0.0357756 0.0336857 0.0311101 0.0283182 0.0254907 0.0227199 0.0200351 0.0174388 0.0149348
 1.05139e-16 1.71339e-05 0.000100515 0.000477703 0.00183902 0.00573465 0.0144856 0.0296421 0.0491449 0.06603 0.0719321 0.0636358 0.0459597 0.0276447 0.0149555 0.00921534 0.00870778 0.0113465 0.0158086 0.0213911 0.0275791 0.0338064 0.039432 0.0438363 0.0465502 0.0473572 0.0463316 0.0437971 0.0402266 0.036119 0.0318946 0.0278371 0.024089 0.0206842 0.0175984 0.0147925
 1.04707e-16 2.29543e-05 0.000134698 0.000640241 0.00246488 0.0076864 0.0194154 0.0397278 0.0658581 0.0884603 0.0963011 0.0850369 0.061074 0.0360515 0.0182626 0.0093575 0.00691361 0.00804855 0.0109817 0.014881 0.0193027 0.0238555 0.0281131 0.0316565 0.0341524 0.0354201 0.0354583 0.0344232 0.0325697 0.0301784 0.0274946 0.0246951 0.0218875 0.0191289 0.0164531 0.0138918
 1.04457e-16 1.88338e-05 0.000110496 0.000525156 0.00202173 0.00630443 0.0159248 0.0325867 0.0540252 0.0725818 0.079056 0.0699056 0.0504174 0.0301846 0.0160723 0.0095085 0.00857824 0.0109657 0.0152083 0.0205467 0.0264552 0.0323763 0.0376868 0.0417874 0.044229 0.0448107 0.0436169 0.0409759 0.0373611 0.0332691 0.0291166 0.0251831 0.0216053 0.0184097 0.0155621 0.0130121
 1.04566e-16 2.11432e-05 0.000124061 0.000589664 0.00227013 0.00707907 0.0178814 0.0365894 0.0606575 0.0814809 0.088719 0.0783793 0.0563746 0.0334426 0.0172461 0.00933469 0.00750641 0.00912754 0.0125603 0.0170123 0.0220163 0.0271233 0.0318364 0.035669 0.0382409 0.0393555 0.0390324 0.0374791 0.03502 0.032008 0.0287491 0.0254615 0.0222722 0.0192388 0.0163832 0.0137183
 1.04615e-16 1.93594e-05 0.000113584 0.000539843 0.00207828 0.00648081 0.0163703 0.033498 0.0555349 0.0746068 0.0812529 0.0718277 0.0517589 0.0308983 0.0162899 0.00938632 0.00820482 0.0103563 0.0143401 0.0193959 0.0250215 0.0306982 0.0358463 0.0399049 0.0424468 0.0432703 0.0424341 0.0402209 0.0370485 0.0333602 0.0295313 0.0258184 0.0223546 0.0191789 0.0162796 0.0136324
 1.0585e-16 1.4886e-05 8.73172e-05 0.000414959 0.00159744 0.00498129 0.0125827 0.0257486 0.0426916 0.0573652 0.062508 0.0553346 0.0400427 0.024243 0.0134022 0.00870094 0.0086816 0.0115608 0.0162048 0.0219958 0.0284511 0.0350149 0.0410462 0.0459152 0.0491331 0.0504533 0.0499128 0.0477937 0.0445297 0.0405878 0.0363697 0.0321571 0.0281079 0.0242861 0.0207072 0.0173757
 1.0755e-16 1.49126e-05 8.74794e-05 0.000415743 0.00160048 0.00499079 0.0126066 0.0257971 0.0427702 0.0574653 0.0626026 0.0553842 0.0400045 0.0240725 0.0130443 0.00807899 0.0076953 0.0100975 0.0141627 0.019316 0.0251512 0.0312164 0.0369843 0.0419243 0.0456051 0.047778 0.0484118 0.0476662 0.0458215 0.0431912 0.0400504 0.0365996 0.0329666 0.029232 0.0254623 0.021732
 1.06602e-16 2.10295e-05 0.000123398 0.000586521 0.00225804 0.0070414 0.0177862 0.0363943 0.0603328 0.0810411 0.0882306 0.0779253 0.0559989 0.0331215 0.0169006 0.00886149 0.00679938 0.00808738 0.0111035 0.0150868 0.0196229 0.024335 0.028808 0.0326309 0.0354745 0.0371551 0.0376608 0.0371273 0.0357806 0.0338656 0.0315892 0.0290925 0.0264545 0.023716 0.020909 0.0180779
 1.04477e-16 2.24024e-05 0.000131453 0.000624806 0.00240543 0.00750102 0.0189472 0.0387702 0.0642722 0.0863352 0.0940007 0.0830365 0.0597047 0.0353781 0.0181691 0.00971002 0.00765575 0.00920255 0.0126026 0.0170071 0.0219171 0.026862 0.0313297 0.0348296 0.0369922 0.03765 0.0368662 0.0349014 0.0321325 0.0289539 0.0256937 0.0225692 0.0196831 0.0170526 0.01465 0.0124395
 1.02858e-16 2.60448e-05 0.000152841 0.000726494 0.00279697 0.00872202 0.0220313 0.0450801 0.0747298 0.100374 0.109262 0.0964627 0.0692376 0.040784 0.0204976 0.0102315 0.00721311 0.0081469 0.0109903 0.0147841 0.019022 0.0232713 0.0270761 0.0300019 0.0317228 0.032092 0.031169 0.0291907 0.0265007 0.0234618 0.0203812 0.0174688 0.0148314 0.0124949 0.0104387 0.00862683
 1.02173e-16 2.58356e-05 0.00015161 0.000720634 0.0027744 0.00865162 0.0218535 0.0447166 0.074128 0.099568 0.108392 0.0957108 0.0687333 0.040558 0.0205149 0.0104538 0.00763492 0.00879478 0.0119025 0.0159882 0.0205149 0.0250065 0.0289581 0.0318921 0.0334564 0.0335031 0.0321184 0.0295884 0.0263191 0.0227361 0.0191986 0.0159502 0.0131108 0.0107011 0.00868175 0.0069908
 1.02682e-16 2.11469e-05 0.000124076 0.000589719 0.00227031 0.00707964 0.0178829 0.036593 0.0606655 0.0814976 0.0887529 0.0784465 0.056504 0.0336814 0.0176652 0.0100308 0.0085983 0.0107431 0.0148122 0.0199644 0.0256466 0.0312947 0.0362861 0.0400255 0.0420703 0.0422288 0.040598 0.0375231 0.0334994 0.0290495 0.024618 0.0205105 0.0168834 0.0137733 0.0111431 0.00892691
 1.03605e-16 2.13078e-05 0.000125025 0.000594242 0.00228774 0.007134 0.0180202 0.0368735 0.0611291 0.082116 0.089415 0.0790048 0.0568474 0.033769 0.0174982 0.0096038 0.00787277 0.00965306 0.0132891 0.0179671 0.0231902 0.028471 0.0332708 0.0370658 0.0394533 0.0402355 0.0394547 0.0373615 0.0343356 0.030787 0.027071 0.0234404 0.0200389 0.0169244 0.0141055 0.0115732
 1.04142e-16 2.0342e-05 0.000119354 0.000567277 0.00218392 0.00681022 0.0172023 0.0352003 0.0583561 0.0783939 0.0853694 0.0754477 0.0543262 0.0323481 0.0169028 0.0095018 0.00804621 0.0100142 0.0138266 0.0186955 0.0241202 0.0295968 0.0345652 0.038483 0.0409356 0.0417247 0.0409032 0.0387398 0.0356358 0.032019 0.028255 0.0245974 0.0211825 0.0180563 0.0152145 0.0126385
 1.03702e-16 2.42652e-05 0.000142393 0.000676821 0.00260571 0.0081256 0.0205248 0.0419978 0.0696209 0.0935139 0.101801 0.0898896 0.0645506 0.0380858 0.0192587 0.00980842 0.00716647 0.00827631 0.0112444 0.015179 0.0195999 0.0240848 0.0281806 0.0314494 0.0335541 0.0343293 0.0338092 0.0322003 0.0298147 0.0269874 0.0240053 0.0210685 0.0182869 0.0157011 0.0133147 0.0111216
 1.03145e-16 2.32825e-05 0.000136619 0.00064936 0.00249996 0.00779581 0.0196918 0.0402938 0.066798 0.0897276 0.0976935 0.0862964 0.0620439 0.0367545 0.0188575 0.0100467 0.00788103 0.00944178 0.0129068 0.0173873 0.0223585 0.027325 0.0317498 0.0351207 0.0370554 0.0373855 0.0361891 0.0337545 0.0304965 0.0268513 0.023187 0.0197529 0.0166735 0.0139745 0.011625 0.00957488
 1.03464e-16 2.08897e-05 0.000122568 0.000582555 0.00224274 0.00699365 0.0176657 0.0361484 0.0599279 0.0805053 0.0876685 0.0774792 0.055788 0.0332164 0.0173521 0.00974575 0.0082398 0.0102408 0.014122 0.0190673 0.0245547 0.0300586 0.0349974 0.0388105 0.0410745 0.0415946 0.0404404 0.0379095 0.0344387 0.030492 0.0264661 0.0226358 0.0191468 0.0160426 0.0133067 0.0109015
 1.03521e-16 2.37181e-05 0.00013918 0.000661542 0.00254688 0.00794213 0.0200614 0.0410496 0.0680498 0.0914054 0.0995104 0.0878781 0.0631305 0.037297 0.0189506 0.00980007 0.00734377 0.0086006 0.0117207 0.0158251 0.0204272 0.025088 0.0293332 0.0327039 0.0348471 0.0355902 0.0349702 0.0332059 0.0306279 0.0275917 0.0244034 0.0212784 0.0183365 0.0156236 0.0131447 0.0108918
 1.03321e-16 2.2555e-05 0.000132347 0.00062905 0.00242176 0.00755195 0.0190759 0.0390336 0.0647093 0.0869236 0.094645 0.083614 0.0601382 0.0356715 0.0183868 0.00993339 0.0079557 0.00963351 0.0132044 0.017803 0.022908 0.0280183 0.0325874 0.036092 0.0381398 0.0385551 0.0374115 0.0349969 0.0317275 0.0280427 0.0243143 0.0207957 0.0176156 0.0148047 0.0123369 0.0101681
 1.04403e-16 1.62199e-05 9.51461e-05 0.000452174 0.00174072 0.0054281 0.0137113 0.028058 0.04652 0.0625075 0.068106 0.0602777 0.0435925 0.0263372 0.0144594 0.00923314 0.00905513 0.0119665 0.0167178 0.0226269 0.0291658 0.035736 0.0416552 0.0462616 0.0490522 0.0497919 0.0485557 0.0456863 0.0416898 0.0371057 0.0323951 0.0278788 0.0237284 0.0199981 0.0166751 0.0137229
pSPR Fmed_Fpbrs
0.672758   0.255602 0.255602
Fs Fmed_Fpbrs
0.208944   1.005 1.005
SSBpbr Bo_Bmed_Bpbrs
1.22072e+06  760211  250982 250982
Ro
56387.3
SPR SPRFo_SPRFmed_SPRFpbrs
1.15807e+06 779102 296005
log_Ro
10.76
likeval ReclasPelacesDesembMPH_pf_preclas_ppelaces_ptallas_desvR_qrecl_qpela
 165.068 60.1057 0.0627364 0.000982509 344.961 213.701 80.9794 0 14.28 0 0 0 0 0 0
q_reclas_q_pelaces
1 1
M
0.7
N
 75021.1 18287.4 6496.92 739.739 0.370345
 70792 32693.3 6993.73 2484.64 283.043
 43516.6 31616.4 13131.7 2809.13 1111.68
 49064.9 18037 10938 4543.05 1356.44
 78841 23461.3 8304.88 5036.24 2716.33
 68346.9 38809.7 11448.1 4052.43 3782.93
 112330 30349.7 15410.5 4545.8 3111.25
 103417 52304.4 13250.9 6728.32 3343.12
 124987 45335.7 20241.3 5127.96 3897.55
 119054 54083.2 17093.9 7632.03 3403.09
 71019.2 52710.6 21348.8 6747.64 4356
 44298.9 27230.9 15605.5 6320.53 3287.35
 45407.1 17188.1 8255.45 4731.04 2912.77
 29285.9 15642.1 4107.5 1972.83 1826.66
 21254 7699.65 2177.35 571.755 528.881
 20321 6329.78 1375.23 388.895 196.584
 18317 8237.26 2094.45 455.048 193.728
 21126.7 7884.11 3073.17 781.402 242.047
 23642 9549.06 3243.53 1264.31 421.048
 39893.1 10841.7 4043.85 1373.57 713.716
 56820.2 18358 4623.39 1724.48 890.114
 68972.9 27239.1 8495.94 2139.66 1210.01
 114500 32684.4 12317.5 3841.87 1514.72
 156410 53816.8 14540.4 5479.71 2382.99
 123119 73934.9 24215.7 6542.65 3537.94
pred_Ctot
 6655.46 3069 1090.31 124.143 0.0621513
 5155.06 4549.49 973.225 345.754 39.3873
 5228.21 7041.28 2924.56 625.62 247.581
 1311.49 948.437 575.151 238.886 71.3255
 494.94 293.43 103.869 62.9881 33.973
 5233.38 5665.29 1671.15 591.558 552.218
 5054.32 2655.89 1348.57 397.802 272.265
 8780.94 8421.59 2133.53 1083.33 538.279
 11654.2 7973.4 3559.94 901.879 685.481
 9344.91 8083.1 2554.8 1140.66 508.614
 11812.6 15766.2 6385.6 2018.28 1302.92
 7065.62 7845.98 4496.38 1821.12 947.175
 10214.1 6683.82 3210.23 1839.72 1132.67
 10275.5 8684.83 2280.57 1095.36 1014.2
 6299.45 3754.35 1061.67 278.787 257.882
 2716.37 1554.68 337.775 95.5178 48.2837
 1769.53 1497.74 380.824 82.7391 35.2246
 1371.86 983.239 383.26 97.4498 30.186
 1307.29 1020.29 346.562 135.087 44.9877
 2112.52 1111 414.394 140.757 73.1381
 1417.82 902.141 227.2 84.7434 43.7415
 2274.76 1760.38 549.067 138.28 78.1993
 4419.5 2463.44 928.377 289.563 114.165
 5425.64 3654.26 987.316 372.082 161.81
 3925.35 4622.28 1513.92 409.035 221.186
F
 0.1306 0.261201 0.261201 0.261201 0.261201
 0.10607 0.212139 0.212139 0.212139 0.212139
 0.180716 0.361432 0.361432 0.361432 0.361432
 0.0377919 0.0755837 0.0755837 0.0755837 0.0755837
 0.00876302 0.017526 0.017526 0.017526 0.017526
 0.111811 0.223622 0.223622 0.223622 0.223622
 0.0643611 0.128722 0.128722 0.128722 0.128722
 0.124677 0.249354 0.249354 0.249354 0.249354
 0.137687 0.275374 0.275374 0.275374 0.275374
 0.114764 0.229528 0.229528 0.229528 0.229528
 0.258596 0.517192 0.517192 0.517192 0.517192
 0.24674 0.49348 0.49348 0.49348 0.49348
 0.365703 0.731406 0.731406 0.731406 0.731406
 0.635929 1.27186 1.27186 1.27186 1.27186
 0.511277 1.02255 1.02255 1.02255 1.02255
 0.202987 0.405974 0.405974 0.405974 0.405974
 0.142978 0.285957 0.285957 0.285957 0.285957
 0.0940939 0.188188 0.188188 0.188188 0.188188
 0.0796227 0.159245 0.159245 0.159245 0.159245
 0.0761362 0.152272 0.152272 0.152272 0.152272
 0.03524 0.07048 0.07048 0.07048 0.07048
 0.0468145 0.0936289 0.0936289 0.0936289 0.0936289
 0.0549852 0.10997 0.10997 0.10997 0.10997
 0.0492927 0.0985853 0.0985853 0.0985853 0.0985853
 0.0452244 0.0904487 0.0904487 0.0904487 0.0904487
nmprior
 10.6 11 7 0
nm_flota  nm_reclas  nm_pelaces    nm_pelaL
inf 13.261 14.8611 33.3937
cv_recla  cv_pelaces  cv_mph
1.16213 0.879084 1.01697
 ------------------------------------------------
Talla a la edad & desviación 
 7.2 14.2025 17.0495 18.207 18.6776
 1.08 2.13037 2.55742 2.73105 2.80164
