years
 1997 1998 1999 2000 2001 2002 2003 2004 2005 2006 2007 2008 2009 2010 2011 2012 2013 2014 2015 2016 2017 2018 2019 2020 2021
reclasobs
 0 0 0 370054 412103 1.49427e+06 250295 1.28982e+06 931140 785840 897777 1.04006e+06 184774 17550 25797 100020 73551 82996 120727 218422 84188 347160 605670 569463 516374
reclaspred
 1.60163e+06 209542 275525 105085 241745 249815 549657 449901 611052 1.00733e+06 881017 564217 355803 155190 94904.3 89585.9 101171 120935 106027 174009 292743 259369 441705 513901 401800
pelacesobs
 0 0 0 0 0 0 0 0 0 2.06254e+06 1.5e+06 0 1.87456e+06 323000 250000 174000 83755 137374 0 501740 490994 745055 786931 1.00524e+06 1.33801e+06
pelacespred
 1.16442e+06 410746 129385 110966 224543 165925 532007 430139 587908 972811 735645 484288 321609 110750 68419.8 69189.9 81392.8 99212.6 86864.3 144405 271965 231668 312631 425676 324169
mphobs
 0 0 0 0 0 112323 0 153150 637223 0 255016 313432 73983 77613 109348 50772 0 0 0 0 0 0 0 0 0
mphpred
 672209 286064 130319 61360 53086.8 130960 149931 194939 206063 290432 478935 337630 189513 106478 45630.5 35659.6 40206.8 48824.4 52414.5 51111 99621.9 128641 149918 213682 238116
desembarqueobs
 350755 77701 442110 56441 14545 235359 269955 359681 431902 328805 639364 411747 362871 311530 167758 66681 60226 58785 57116 73181 50977 67692 138656 160484 209506
desembarquepred
 350743 77678.7 441577 56420.5 14544 235248 269876 359217 431523 328586 638740 411433 362371 311132 167449 66638.4 60210.5 58749.3 57076.1 73121.5 50965.8 67657.4 138591 160417 209419
Reclutas
 10386.4 16263.8 2377.46 13541.4 55528.6 19815.4 56700 72344.8 101237 207432 56416.6 26405.6 52457.7 22660.6 14786.5 15392.8 10510.9 10409.9 8725.47 28102.9 31753.5 33418.8 64245.4 54534.4 2202.34
log_desv_Rt
 -0.851747 -0.403305 -2.32621 -0.586493 0.824653 -0.205787 0.845529 1.0892 1.42522 2.14256 0.840518 0.0813315 0.767763 -0.0716152 -0.498529 -0.458348 -0.839834 -0.849489 -1.026 0.143629 0.265758 0.316875 0.970465 0.806587 -2.40272
SSB
 1.76898e+06 752806 342947 161475 139703 344635 394558 513002 542277 764300 1.26037e+06 888507 498722 280208 120081 93841.9 105808 128486 137934 134504 262165 338533 394525 562324 626626
BT
 2.30687e+06 902612 476897 264011 414258 479848 1.14696e+06 1.15748e+06 1.44381e+06 2.04667e+06 1.87059e+06 1.23646e+06 934234 495038 261496 178605 194470 225016 205084 318459 527171 478783 656056 892203 754055
Ftot
 0.141594 0.256359 0.955091 0.486024 0.0981613 0.666654 0.582291 0.977086 0.907644 0.464985 0.535179 0.504586 0.937781 1.55357 1.69667 0.730191 0.558588 0.437287 0.427901 0.529288 0.172719 0.215713 0.281021 0.265803 0.324666
BD_Bspro_t
 0.978001 0.84067 0.621093 0.291226 0.412098 0.685528 0.537874 0.551071 0.520618 0.556351 0.641169 0.479948 0.346993 0.261828 0.150276 0.147552 0.215984 0.32384 0.395102 0.448103 0.635446 0.743167 0.738649 0.745376 0.713286
BD_Bspro
 3.53831 1.50576 0.68596 0.322981 0.279433 0.689336 0.789193 1.0261 1.08466 1.52875 2.52098 1.77719 0.997542 0.56047 0.240186 0.187702 0.211637 0.256998 0.275895 0.269034 0.524381 0.677131 0.789127 1.12476 1.25337
BD_Bo
 1.84845 0.786624 0.358353 0.168729 0.145979 0.360117 0.412283 0.536048 0.566637 0.798634 1.31698 0.928421 0.521126 0.292795 0.125476 0.0980575 0.110561 0.134258 0.14413 0.140546 0.273942 0.353741 0.412248 0.587585 0.654776
BD_Brms
 6.14382 2.61455 1.19108 0.560815 0.4852 1.19694 1.37033 1.7817 1.88337 2.65447 4.37735 3.08585 1.7321 0.973183 0.417051 0.32592 0.36748 0.446243 0.479056 0.467142 0.91052 1.17575 1.37022 1.953 2.17632
S_f
 0.143826 1 1 1 1
 0.143826 1 1 1 1
 0.143826 1 1 1 1
 0.143826 1 1 1 1
 0.143826 1 1 1 1
 0.143826 1 1 1 1
 0.143826 1 1 1 1
 0.143826 1 1 1 1
 0.143826 1 1 1 1
 0.143826 1 1 1 1
 0.143826 1 1 1 1
 0.143826 1 1 1 1
 0.143826 1 1 1 1
 0.143826 1 1 1 1
 0.143826 1 1 1 1
 0.143826 1 1 1 1
 0.143826 1 1 1 1
 0.143826 1 1 1 1
 0.143826 1 1 1 1
 0.143826 1 1 1 1
 0.143826 1 1 1 1
 0.143826 1 1 1 1
 0.143826 1 1 1 1
 0.143826 1 1 1 1
 0.143826 1 1 1 1
Scru_reclas
 0.889849 1 1 1 1
 0.889849 1 1 1 1
 0.889849 1 1 1 1
 0.889849 1 1 1 1
 0.889849 1 1 1 1
 0.889849 1 1 1 1
 0.889849 1 1 1 1
 0.889849 1 1 1 1
 0.889849 1 1 1 1
 0.889849 1 1 1 1
 0.889849 1 1 1 1
 0.889849 1 1 1 1
 0.889849 1 1 1 1
 0.889849 1 1 1 1
 0.889849 1 1 1 1
 0.889849 1 1 1 1
 0.889849 1 1 1 1
 0.889849 1 1 1 1
 0.889849 1 1 1 1
 0.889849 1 1 1 1
 0.889849 1 1 1 1
 0.889849 1 1 1 1
 0.889849 1 1 1 1
 0.889849 1 1 1 1
 0.889849 1 1 1 1
Scru_pelaces
 1 1 1 1 1
 1 1 1 1 1
 1 1 1 1 1
 1 1 1 1 1
 1 1 1 1 1
 1 1 1 1 1
 1 1 1 1 1
 1 1 1 1 1
 1 1 1 1 1
 1 1 1 1 1
 1 1 1 1 1
 1 1 1 1 1
 1 1 1 1 1
 1 1 1 1 1
 1 1 1 1 1
 1 1 1 1 1
 1 1 1 1 1
 1 1 1 1 1
 1 1 1 1 1
 1 1 1 1 1
 1 1 1 1 1
 1 1 1 1 1
 1 1 1 1 1
 1 1 1 1 1
 1 1 1 1 1
pf_obs 
 0.256992 0.487395 0.22802 0.0275931 0
 0.321318 0.546541 0.124235 0.00734118 0.000564706
 0.182869 0.594174 0.210203 0.0122559 0.00049798
 0.330522 0.361315 0.267642 0.0388342 0.00168674
 0.649043 0.306663 0.0425973 0.00169635 0
 0.582887 0.30429 0.105238 0.00758474 0
 0.465427 0.430635 0.0974691 0.00646863 0
 0.296916 0.608066 0.0921331 0.00288517 0
 0.311714 0.524322 0.152257 0.0117073 0
 0.15457 0.633149 0.183074 0.0267441 0.00246327
 0.131901 0.49318 0.331252 0.0422183 0.00144891
 0.196976 0.569456 0.194076 0.0375587 0.00193317
 0.518974 0.381816 0.0799577 0.0180837 0.00116848
 0.0928022 0.601141 0.25162 0.0475244 0.00691264
 0.122501 0.610282 0.24278 0.0234846 0.000952079
 0.383417 0.481906 0.127806 0.00687128 0
 0.0376549 0.599619 0.316969 0.0457579 0
 0.0361596 0.667082 0.258105 0.0386534 0
 0.158088 0.579412 0.248529 0.0139706 0
 0.0477256 0.309471 0.559284 0.082774 0.000745712
 0.0406174 0.521527 0.379366 0.0568643 0.0016247
 0.151134 0.462217 0.34131 0.0453401 0
 0.294876 0.26143 0.354403 0.0886775 0.000613685
 0.281977 0.475581 0.204845 0.0348837 0.00271318
 0.0354234 0.537034 0.353287 0.0723622 0.0018943
pf_pred 
 0.0222817 0.633149 0.304159 0.0404077 2.26826e-06
 0.0687208 0.135091 0.515594 0.247687 0.0329072
 0.0218911 0.359601 0.0897207 0.342431 0.186356
 0.313687 0.139178 0.201154 0.050188 0.295793
 0.514444 0.389323 0.0195153 0.0282054 0.0485128
 0.105059 0.792346 0.0822617 0.00412348 0.0162101
 0.3743 0.333576 0.258635 0.0268516 0.00663724
 0.322137 0.57463 0.0550359 0.0426717 0.00552526
 0.350029 0.549467 0.0851977 0.00815992 0.00714594
 0.406424 0.508336 0.0720597 0.0111732 0.00200728
 0.0803778 0.788159 0.112585 0.0159595 0.00291917
 0.0720392 0.410577 0.443422 0.0633406 0.0106213
 0.258887 0.303559 0.193596 0.209083 0.0348747
 0.158001 0.671302 0.0699171 0.0445901 0.0561897
 0.232219 0.575901 0.152981 0.0159332 0.0229663
 0.294603 0.592853 0.0844173 0.0224243 0.005702
 0.178011 0.663975 0.132803 0.01891 0.00630049
 0.195048 0.535767 0.217439 0.0434904 0.00825595
 0.169563 0.561839 0.178776 0.0725556 0.0172669
 0.432973 0.361148 0.139289 0.0443215 0.0222684
 0.247531 0.65736 0.060576 0.0233631 0.0111692
 0.194448 0.574524 0.201827 0.0185984 0.0106023
 0.293014 0.460123 0.176064 0.0618502 0.00894863
 0.178131 0.630998 0.124224 0.0475336 0.0191142
 0.00857141 0.626359 0.280286 0.0551795 0.0296046
pobs_RECLAS
 0 0 0 0 0
 0 0 0 0 0
 0 0 0 0 0
 0 0 0 0 0
 0.835266 0.146461 0.0176864 0.000547809 3.91292e-05
 0.385257 0.428462 0.181853 0.0044286 0
 0.867414 0.0963971 0.0333333 0.00285562 0
 0.441836 0.489002 0.0689373 0.000224442 0
 0.779404 0.147425 0.0564933 0.0165055 0.000172143
 0.814271 0.122319 0.05973 0.00367925 0
 0.40263 0.566651 0.0304383 0.000280538 0
 0.475488 0.404961 0.113038 0.00651328 0
 0.955842 0.0263864 0.0167828 0.000988607 0
 0.975058 0.0227948 0.00214734 0 0
 0.738997 0.206755 0.0527124 0.00153531 0
 0.850938 0.134255 0.0134407 0.00136685 0
 0.542534 0.407297 0.0501686 0 0
 0.764087 0.199537 0.0359546 0.000420521 0
 0.470689 0.182191 0.310203 0.0369168 0
 0.84361 0.089868 0.0606195 0.00523954 0.000663233
 0.607945 0.314616 0.071237 0.00620181 0
 0.523733 0.453247 0.0230204 0 0
 0.530135 0.295979 0.169645 0.0042399 0
 0.562478 0.366248 0.0663022 0.0049721 0
 0.250443 0.683176 0.0655157 0.000865301 0
ppred_RECLAS
 0.124422 0.567005 0.272384 0.0361864 2.0313e-06
 0.316747 0.0991126 0.378277 0.181721 0.0241431
 0.130732 0.319586 0.0797369 0.304326 0.165619
 0.745142 0.0516831 0.0746972 0.018637 0.109841
 0.868239 0.105647 0.00529568 0.00765382 0.0131644
 0.433055 0.501951 0.0521128 0.00261223 0.0102691
 0.794255 0.109688 0.0850456 0.00882947 0.00218249
 0.762018 0.201739 0.0193218 0.014981 0.00193979
 0.782521 0.183851 0.028507 0.0027303 0.00239102
 0.813849 0.159419 0.0225986 0.00350403 0.000629502
 0.359617 0.548838 0.0783988 0.0111135 0.00203278
 0.332181 0.295477 0.319114 0.0455839 0.00764372
 0.700813 0.122546 0.0781547 0.0844068 0.0140789
 0.578666 0.335918 0.0349864 0.0223128 0.0281172
 0.693935 0.229575 0.0609835 0.00635153 0.0091552
 0.732291 0.224997 0.0320377 0.00851039 0.002164
 0.582361 0.337355 0.067475 0.00960788 0.00320117
 0.606851 0.261675 0.1062 0.0212412 0.00403231
 0.565158 0.294196 0.0936128 0.0379923 0.00904146
 0.830606 0.107889 0.0416111 0.0132406 0.00665246
 0.672687 0.285942 0.0263497 0.0101626 0.00485845
 0.601954 0.283889 0.0997283 0.00919001 0.00523891
 0.722861 0.180369 0.0690173 0.0242453 0.00350787
 0.576725 0.324973 0.063977 0.0244805 0.0098441
 0.0517584 0.599074 0.268076 0.0527759 0.028315
pobs_PELACES
 0 0 0 0 0
 0 0 0 0 0
 0 0 0 0 0
 0 0 0 0 0
 0 0 0 0 0
 0 0 0 0 0
 0 0 0 0 0
 0 0 0 0 0
 0 0 0 0 0
 0 0 0 0 0
 0.450072 0.473896 0.0757376 0.000293798 0
 0 0 0 0 0
 0.463077 0.371075 0.160297 0.00555027 0
 0.529543 0.364841 0.0842815 0.0213345 0
 0.631943 0.363953 0.00410389 0 0
 0.735681 0.248677 0.0153453 0.000297389 0
 0.695825 0.281241 0.0229344 0 0
 0.275771 0.60734 0.115278 0.00161068 0
 0 0 0 0 0
 0.896147 0.0623911 0.0374545 0.00400742 0
 0.803859 0.145111 0.0509908 3.86294e-05 0
 0.739449 0.233085 0.0266225 0.000797448 4.60066e-05
 0.878498 0.100942 0.0204185 0.000141795 0
 0.694673 0.275183 0.0284847 0.00165964 0
 0.469039 0.446079 0.0841089 0.000773354 0
ppred_PELACES
 0.142523 0.555284 0.266753 0.0354383 1.9893e-06
 0.359018 0.0929807 0.354873 0.170478 0.0226494
 0.181243 0.301016 0.0751036 0.286643 0.155995
 0.790326 0.0425201 0.0614541 0.0153328 0.0903671
 0.883903 0.0930877 0.00466615 0.00674396 0.0115995
 0.508914 0.434789 0.0451399 0.0022627 0.00889507
 0.836442 0.0871969 0.0676075 0.00701904 0.00173498
 0.825857 0.147623 0.0141388 0.0109624 0.00141944
 0.839372 0.13579 0.021055 0.00201657 0.00176598
 0.848553 0.129699 0.0183856 0.00285078 0.000512146
 0.42333 0.494233 0.0705987 0.0100078 0.00183053
 0.391963 0.269027 0.290548 0.0415033 0.00695947
 0.774314 0.0924404 0.0589544 0.0636706 0.0106201
 0.705358 0.23491 0.0244662 0.0156035 0.0196626
 0.804499 0.146642 0.0389535 0.00405707 0.00584794
 0.790722 0.175888 0.025045 0.00665287 0.00169168
 0.647256 0.284935 0.0569904 0.00811496 0.00270376
 0.662476 0.224652 0.0911741 0.0182359 0.00346179
 0.622394 0.255472 0.0812909 0.0329916 0.00785137
 0.864851 0.0860787 0.033199 0.0105639 0.00530761
 0.708036 0.255061 0.023504 0.00906506 0.00433375
 0.643655 0.254147 0.0892803 0.00822722 0.00469006
 0.760386 0.155946 0.0596721 0.0209624 0.00303289
 0.622729 0.289653 0.0570237 0.0218199 0.0087742
 0.0629976 0.591974 0.264899 0.0521503 0.0279794
pobs_pel_tallas
 0 0 0 0 0 0 0 0 0 0 0 0 0 0 0 0 0 0 0 0 0 0 0 0 0 0 0 0 0 0 0 0 0 0 0 0
 0 0 0 0 0 0 0 0 0 0 0 0 0 0 0 0 0 0 0 0 0 0 0 0 0 0 0 0 0 0 0 0 0 0 0 0
 0 0 0 0 0 0 0 0 0 0 0 0 0 0 0 0 0 0 0 0 0 0 0 0 0 0 0 0 0 0 0 0 0 0 0 0
 0 0 0 0 0 0 0 0 0 0 0 0 0 0 0 0 0 0 0 0 0 0 0 0 0 0 0 0 0 0 0 0 0 0 0 0
 0 0 0 0 0 0 0 0 0 0 0 0 0 0 0 0 0 0 0 0 0 0 0 0 0 0 0 0 0 0 0 0 0 0 0 0
 0 0 0 0 0 0 0 0 0 0 0 0 0 0 0 0 0 0 0 0 0 0 0 0 0 0 0 0 0 0 0 0 0 0 0 0
 0 0 0 0 0 0 0 0 0 0 0 0 0 0 0 0 0 0 0 0 0 0 0 0 0 0 0 0 0 0 0 0 0 0 0 0
 0 0 0 0 0 0 0 0 0 0 0 0 0 0 0 0 0 0 0 0 0 0 0 0 0 0 0 0 0 0 0 0 0 0 0 0
 0 0 0 0 0 0 0 0 0 0 0 0 0 0 0 0 0 0 0 0 0 0 0 0 0 0 0 0 0 0 0 0 0 0 0 0
 0 0 0 0 0 0 0 0 0 0 0 0 0 0 0 0 0 0 0 0 0 0 0 0 0 0 0 0 0 0 0 0 0 0 0 0
 0 0 0 0 0 0 0 0 1.78061e-05 0.00172719 0.00360574 0.0105946 0.0120993 0.0124554 0.0147524 0.0171206 0.0266825 0.0428682 0.0675386 0.121331 0.153587 0.119568 0.100827 0.0573624 0.0630603 0.0341343 0.0324427 0.0444173 0.0211091 0.0280891 0.0125444 0.00206551 0 0 0 0
 0 0 0 0 0 0 0 0 0 0 0 0 0 0 0 0 0 0 0 0 0 0 0 0 0 0 0 0 0 0 0 0 0 0 0 0
 0 0 0 0 0 0 0.0133647 0.0140871 0.0187388 0.0205184 0.03894 0.0496705 0.03968 0.0493445 0.0407372 0.0367815 0.0215668 0.0243155 0.0234873 0.0199281 0.019796 0.0243948 0.0301388 0.0376714 0.0412746 0.0863199 0.0771752 0.113111 0.0741005 0.0525337 0.0229764 0.00759418 0.00175318 0 0 0
 0 0 0 0 0 0 0 0 0 0 0.00219441 0.00772107 0.0458388 0.0604681 0.0671733 0.0775358 0.0609151 0.0617685 0.073594 0.0568108 0.0755445 0.0548602 0.0670107 0.0636378 0.0643287 0.046367 0.0373049 0.0286899 0.0247887 0.0153202 0.00654259 0.00121912 0.000365735 0 0 0
 0 0 0 0 0 0 0 0 0 0 0 0 0.000112435 0.00938835 0.0111873 0.0202946 0.0414886 0.0713402 0.111592 0.104902 0.108894 0.110636 0.117776 0.105296 0.107544 0.0401394 0.0192827 0.0124803 0.00416011 0.0028671 0.000618394 0 0 0 0 0
 0 0 0 0 0 0 0 0 0 0 0.00291406 0.0102884 0.027416 0.0768956 0.0749926 0.110853 0.0956884 0.0897413 0.0766577 0.0534642 0.0500743 0.0551293 0.0594112 0.0620874 0.0668451 0.0424026 0.0208742 0.0120726 0.0048766 0.00582813 0.00118941 0.000297354 0 0 0 0
 0 0.00264628 0.0354308 0.0461629 0.0458689 0.0383711 0.0214643 0.0164657 0.0346957 0.0420465 0.0363128 0.0245516 0.0311673 0.0291091 0.0169068 0.0133784 0.00837989 0.0085269 0.0148486 0.0160247 0.0276389 0.0546898 0.0760071 0.122758 0.109233 0.0665981 0.0333725 0.0166128 0.00676272 0.00308733 0.000882094 0 0 0 0 0
 0 0 0 0 0 0 0 0.000805153 0.000690131 0.00759144 0.0133425 0.0154129 0.00931677 0.000345066 0.00356568 0.00563607 0.00851162 0.0253048 0.0502646 0.0516448 0.0657925 0.0565908 0.0611916 0.0827007 0.0866115 0.110766 0.145733 0.0935128 0.0569358 0.0249597 0.0138026 0.00621118 0.00161031 0.00115022 0 0
 0 0 0 0 0 0 0 0 0 0 0 0 0 0 0 0 0 0 0 0 0 0 0 0 0 0 0 0 0 0 0 0 0 0 0 0
 0.00147267 0.00158595 0.00478618 0.00569244 0.00954404 0.0108468 0.00647125 0.017049 0.0510054 0.094081 0.124002 0.0959785 0.0687766 0.0820023 0.061753 0.0591476 0.0492212 0.0479892 0.0443925 0.0268479 0.0217502 0.0140895 0.0121071 0.0120363 0.00920419 0.00665534 0.0049561 0.00860946 0.00930331 0.0156896 0.0114698 0.00855282 0.00243557 0.00046729 0 2.83206e-05
 0 0 0 0 0.000772559 0.00158375 0.000888443 0.00281984 0.00712685 0.0440552 0.0773331 0.111326 0.0921469 0.0852325 0.0710754 0.0886704 0.0786465 0.0553345 0.0373146 0.0185414 0.00753245 0.00457741 0.012979 0.0271748 0.0457355 0.0583668 0.034881 0.0177882 0.00938659 0.00492506 0.0015258 0.00185414 0.000309023 5.79419e-05 3.86279e-05 0
 0 0.00173294 0.00326652 0 0.00397197 0.00683976 0.00946217 0.0152591 0.00757587 0.0136028 0.0228656 0.0392903 0.0559909 0.0764795 0.0681675 0.0726916 0.0566044 0.0477403 0.0527397 0.0444891 0.0609904 0.0582453 0.0661739 0.0445044 0.0529084 0.0360697 0.0280645 0.0235558 0.0158879 0.00826598 0.00280645 0.00217768 0.000904811 0.00058276 9.20147e-05 0
 0 0 0 0 0 0 0 0 0 0 0 0 0 0 0 0 0 0 0 0 0 0 0 0 0 0 0 0 0 0 0 0 0 0 0 0
 0 0 0 0 0 0 0 0 0 0 0 0 0 0 0 0 0 0 0 0 0 0 0 0 0 0 0 0 0 0 0 0 0 0 0 0
 0 0 0 0 0 0 0 0 0 0 0 0 0 0 0 0 0 0 0 0 0 0 0 0 0 0 0 0 0 0 0 0 0 0 0 0
ppred_pel_tallas
 1.05186e-16 6.25044e-06 3.66043e-05 0.000173832 0.000668982 0.0020859 0.00526941 0.0107862 0.0178959 0.0240835 0.0263392 0.0235462 0.0175388 0.0116172 0.00822505 0.00804334 0.0106517 0.0154485 0.0219982 0.0299178 0.0386853 0.047567 0.0556816 0.0621553 0.0663039 0.067776 0.0666124 0.0631994 0.0581443 0.0521164 0.0457104 0.0393671 0.033359 0.0278235 0.0228149 0.0183507
 1.11984e-16 1.56719e-05 9.19593e-05 0.00043709 0.00168275 0.00524742 0.0132546 0.027121 0.0449579 0.0603828 0.0657234 0.0580084 0.0416035 0.0244441 0.012182 0.00594029 0.00407733 0.00466671 0.00657611 0.00936996 0.0129224 0.0171651 0.0219889 0.02722 0.0326254 0.0379262 0.0428156 0.046979 0.0501184 0.0519826 0.052399 0.0513039 0.0487612 0.0449614 0.0402019 0.034846
 1.18303e-16 7.92735e-06 4.64756e-05 0.000220819 0.000849993 0.00265045 0.0066951 0.0137013 0.0227201 0.0305388 0.0333018 0.02954 0.0215073 0.0132838 0.00782219 0.00580734 0.00652933 0.00910547 0.0129878 0.0178801 0.0235269 0.0296009 0.0357024 0.0414234 0.0464269 0.0505069 0.0536041 0.0557722 0.0571131 0.0577068 0.0575673 0.0566403 0.0548373 0.0520902 0.0484032 0.0438818
 1.05636e-16 3.44762e-05 0.000202363 0.000961978 0.00370372 0.0115498 0.0291736 0.059692 0.0989422 0.132865 0.144551 0.127429 0.0910541 0.0528093 0.0250138 0.00997572 0.0038814 0.00227061 0.00244003 0.00326647 0.00439442 0.00571501 0.00716817 0.00869459 0.0102327 0.0117228 0.0131102 0.0143426 0.0153682 0.0161329 0.0165836 0.0166748 0.0163788 0.0156946 0.0146531 0.0133163
 1.00871e-16 3.85587e-05 0.000226326 0.00107589 0.0041423 0.0129174 0.0326283 0.0667609 0.11066 0.148603 0.161682 0.142549 0.101897 0.0591755 0.0281722 0.0114764 0.00482503 0.00322032 0.00360992 0.00468432 0.005968 0.00724434 0.00835043 0.0091456 0.00953093 0.00947101 0.00900154 0.00821763 0.00724799 0.00622325 0.00524922 0.00439183 0.00367585 0.00309388 0.00262038 0.0022251
 1.01276e-16 2.22214e-05 0.00013038 0.000619681 0.00238566 0.00743933 0.0187915 0.0384524 0.0637486 0.0856413 0.0932701 0.0824502 0.0594116 0.0354617 0.0186827 0.0107354 0.00933072 0.0117051 0.0161048 0.021615 0.02761 0.0334442 0.0384123 0.0418529 0.0432934 0.0425624 0.0398293 0.0355534 0.030364 0.0249121 0.0197419 0.0152146 0.0114946 0.00858424 0.00638341 0.00474883
 1.01311e-16 3.64891e-05 0.000214176 0.00101813 0.00391989 0.0122239 0.0308764 0.0631764 0.104719 0.140625 0.153003 0.134901 0.096438 0.0560227 0.0267052 0.0109419 0.004707 0.00328162 0.00379049 0.00500873 0.00649973 0.00806785 0.00956044 0.0108345 0.0117726 0.0123036 0.0124124 0.0121354 0.0115436 0.010722 0.00975112 0.0086969 0.007609 0.00652457 0.00547375 0.00448337
 1.00692e-16 3.60298e-05 0.000211475 0.00100527 0.00387038 0.0120695 0.0304864 0.0623789 0.103399 0.138857 0.151093 0.133248 0.0953236 0.0555114 0.0267152 0.0113817 0.00555446 0.00458213 0.00561353 0.00739957 0.00943976 0.0114483 0.0131745 0.0143932 0.0149439 0.0147672 0.0139183 0.0125489 0.0108674 0.00908844 0.00739062 0.0058911 0.00464193 0.00364244 0.00285972 0.00224857
 1.00496e-16 3.66187e-05 0.000214933 0.00102172 0.0039337 0.0122669 0.0309852 0.0633993 0.105089 0.141127 0.153559 0.135415 0.0968567 0.0563696 0.0270634 0.011419 0.00540953 0.00430356 0.00520367 0.00684664 0.00873692 0.0106028 0.0122112 0.0133526 0.0138763 0.0137244 0.0129441 0.0116723 0.0100991 0.00842286 0.00681044 0.00537432 0.00416823 0.00319761 0.00243735 0.00184936
 1.00426e-16 3.70188e-05 0.000217282 0.00103289 0.00397671 0.012401 0.0313239 0.0640924 0.106238 0.142669 0.155235 0.136888 0.0979008 0.0569574 0.0273086 0.0114586 0.00533276 0.00414544 0.00496685 0.00652263 0.00831823 0.0100889 0.011611 0.0126845 0.0131659 0.013001 0.012236 0.0110032 0.00948585 0.00787452 0.00632958 0.0049588 0.00381328 0.00289746 0.0021862 0.00164178
 1.01593e-16 1.8492e-05 0.00010848 0.000515552 0.00198472 0.00618899 0.0156333 0.031991 0.0530406 0.0712682 0.077649 0.0687182 0.0496841 0.0299913 0.0164146 0.0103965 0.0100934 0.0132499 0.0184132 0.0247712 0.031686 0.0384428 0.0442429 0.0483316 0.0501636 0.0495314 0.0466115 0.0419079 0.0361189 0.0299716 0.0240773 0.0188476 0.0144775 0.0109847 0.00827353 0.00620041
 1.05964e-16 1.71156e-05 0.000100419 0.000477272 0.0018374 0.00572964 0.0144728 0.0296149 0.0490963 0.0659541 0.0718218 0.0634724 0.0456993 0.0272049 0.0142093 0.00799154 0.00680169 0.00854576 0.011938 0.0163731 0.0214982 0.0269561 0.0323246 0.0371581 0.041064 0.0437691 0.0451541 0.0452459 0.0441783 0.0421393 0.0393279 0.0359301 0.0321168 0.0280517 0.0239002 0.0198281
 1.03552e-16 3.37802e-05 0.000198272 0.000942517 0.00362878 0.011316 0.0285833 0.0584846 0.0969422 0.130183 0.141646 0.124896 0.089305 0.051918 0.0248227 0.0103015 0.00463754 0.0034729 0.00415502 0.00555637 0.00727501 0.00912747 0.010966 0.0126489 0.0140564 0.01511 0.0157808 0.0160828 0.0160563 0.0157483 0.0151979 0.0144317 0.0134684 0.0123282 0.011042 0.0096553
 1.01879e-16 3.07791e-05 0.00018064 0.000858663 0.00330587 0.010309 0.0260399 0.0532816 0.0883222 0.118621 0.1291 0.113915 0.0816304 0.0478143 0.0235301 0.0109171 0.00664538 0.00677733 0.00888239 0.0118522 0.0151639 0.0184301 0.0212671 0.0233204 0.0243355 0.0242161 0.0230449 0.0210556 0.0185687 0.0159134 0.0133605 0.0110842 0.00915774 0.00757474 0.00628214 0.00521239
 1.01014e-16 3.50986e-05 0.000206007 0.00097928 0.0037703 0.0117574 0.0296981 0.060766 0.100725 0.135267 0.147188 0.129807 0.0928697 0.0540971 0.0260627 0.0111537 0.00552051 0.00463723 0.00573162 0.00759122 0.00973094 0.0118719 0.0137659 0.0151854 0.0159618 0.0160222 0.0154028 0.0142345 0.012705 0.0110127 0.00932677 0.0077638 0.00638392 0.00520156 0.00420311 0.00336361
 1.00721e-16 3.4499e-05 0.000202485 0.000962527 0.00370579 0.0115562 0.02919 0.0597265 0.099003 0.132957 0.144682 0.127614 0.0913371 0.0532786 0.0258068 0.0112803 0.00592698 0.0053045 0.00668452 0.00885769 0.0113139 0.0137326 0.0158182 0.0173007 0.017986 0.0177996 0.0168029 0.0151733 0.0131564 0.0110079 0.0089419 0.00710215 0.0055561 0.00430906 0.00332747 0.00256179
 1.01308e-16 2.82477e-05 0.000165774 0.000787976 0.00303369 0.00946022 0.0238959 0.0488953 0.0810535 0.108865 0.118499 0.104602 0.0750458 0.0441368 0.0220546 0.010795 0.00733447 0.00808342 0.0108151 0.0144858 0.0185535 0.0225672 0.02606 0.0285937 0.0298477 0.0296919 0.0282139 0.0256876 0.0224992 0.0190531 0.0156925 0.0126508 0.0100442 0.00789219 0.00615354 0.00476147
 1.02156e-16 2.8909e-05 0.000169661 0.000806471 0.00310492 0.00968237 0.024457 0.0500428 0.0829538 0.111412 0.121257 0.107001 0.076691 0.0449517 0.0221801 0.0103939 0.00647621 0.00674174 0.0089215 0.0119874 0.0154578 0.0189714 0.022161 0.0246751 0.0262432 0.0267323 0.02617 0.0247239 0.0226492 0.0202224 0.0176851 0.0152109 0.0129007 0.0107974 0.00890945 0.00723134
 1.02738e-16 2.71624e-05 0.000159405 0.000757704 0.00291714 0.00909679 0.0229779 0.0470167 0.077939 0.104681 0.113941 0.100571 0.0721379 0.0423945 0.021126 0.0102477 0.00685118 0.00748788 0.0100276 0.0134871 0.0173753 0.0212951 0.0248337 0.0275972 0.0292868 0.0297623 0.0290674 0.027404 0.0250703 0.0223836 0.0196145 0.0169504 0.0144909 0.012267 0.0102716 0.00848497
 1.01111e-16 3.77277e-05 0.000221448 0.0010527 0.00405301 0.012639 0.031925 0.0653218 0.108275 0.1454 0.158196 0.139475 0.0996974 0.0578952 0.0275575 0.0112189 0.00471036 0.00314561 0.00354445 0.00463451 0.00596139 0.00732412 0.00857169 0.00956899 0.0102131 0.0104532 0.0102991 0.00981268 0.0090883 0.00822734 0.007317 0.00641847 0.0055658 0.00477224 0.00403977 0.00336726
 1.00931e-16 3.08967e-05 0.000181329 0.000861933 0.00331845 0.0103483 0.026139 0.0534845 0.0886592 0.119075 0.129598 0.114365 0.0819747 0.04806 0.0237324 0.0111466 0.00696625 0.00724156 0.00952909 0.0127034 0.0162168 0.0196486 0.0225783 0.024618 0.0254913 0.025098 0.0235373 0.021077 0.0180839 0.0149364 0.0119495 0.00933079 0.0071729 0.00547469 0.00417643 0.00319492
 1.01853e-16 2.80895e-05 0.000164848 0.00078358 0.00301677 0.00940747 0.0237626 0.0486224 0.0806003 0.108254 0.117828 0.103996 0.0745803 0.0438019 0.021775 0.0104751 0.00688829 0.00744302 0.00993308 0.013342 0.0171662 0.0210034 0.0244375 0.0270721 0.0286067 0.0289016 0.0280034 0.0261209 0.0235631 0.020662 0.0177055 0.0148981 0.0123543 0.0101149 0.00817558 0.00651193
 1.0176e-16 3.31755e-05 0.000194716 0.000925597 0.00356361 0.0111128 0.02807 0.0574348 0.0952041 0.127855 0.139127 0.12271 0.0878183 0.0512076 0.0247706 0.0107744 0.00559236 0.00495759 0.00625713 0.00834563 0.0107565 0.013209 0.0154439 0.017218 0.0183447 0.0187324 0.0183997 0.0174613 0.016091 0.0144762 0.0127788 0.0111136 0.00954557 0.00810068 0.00678322 0.00559029
 1.02064e-16 2.71784e-05 0.000159495 0.000758128 0.00291876 0.00910183 0.0229907 0.0470431 0.0779836 0.104743 0.114017 0.100655 0.0722349 0.0425258 0.0213282 0.0105702 0.00735146 0.00822531 0.0110527 0.0148269 0.0190162 0.0231702 0.0268186 0.0295187 0.0309452 0.0309636 0.0296571 0.0272948 0.0242564 0.0209386 0.0176748 0.014689 0.0120891 0.0098903 0.00805176 0.00651243
 1.07053e-16 2.78418e-06 1.62512e-05 7.70639e-05 0.000296387 0.000923972 0.00233452 0.00478152 0.0079441 0.0107238 0.011815 0.0107675 0.00846278 0.00646465 0.00599455 0.00752227 0.0110332 0.0163926 0.0234451 0.0319133 0.0412845 0.0507919 0.0595058 0.0665038 0.0710661 0.0728254 0.0718289 0.068486 0.0634336 0.0573665 0.0508927 0.0444519 0.0383043 0.0325708 0.0272928 0.0224837
pSPR Fmed_Fpbrs
0.53306   0.350864 0.350864
Fs Fmed_Fpbrs
0.47031   1.005 1.005
SSBpbr Bo_Bmed_Bpbrs
957009  462293  287929 287929
Ro
24343
SPR SPRFo_SPRFmed_SPRFpbrs
499952 266504 175415
log_Ro
9.92
likeval ReclasPelacesDesembMPH_pf_preclas_ppelaces_ptallas_desvR_qrecl_qpela
 91.235 82.3715 0.0809928 0.00018162 347.525 193.896 82.2106 0 38.461 1.01085e-05 0 0 0 0 0
q_reclas_q_pelaces
0.637289 1
M
0.7
N
 10386.4 44750.2 21497.6 2855.97 0.160318
 16263.8 5053.76 19288.4 9265.95 1231.06
 2377.46 7783.98 1942.11 7412.31 4033.89
 13541.4 1029.08 1487.32 371.088 2187.08
 55528.6 6270.45 314.315 454.278 781.349
 19815.4 27188.1 2822.68 141.491 556.225
 56700 8940.36 6931.84 719.667 177.889
 72344.8 25894.3 2480.06 1922.9 248.983
 101237 31215.5 4840.11 463.568 405.963
 207432 44120.2 6254.3 969.76 174.218
 56416.6 96344.2 13762.3 1950.89 356.838
 26405.6 25940.1 28015.2 4001.84 671.047
 52457.7 12194.7 7777.26 8399.42 1401.01
 22660.6 22762.9 2370.79 1511.99 1905.31
 14786.5 8999.64 2390.64 248.989 358.896
 15392.8 5752.82 819.153 217.597 55.33
 10510.9 6881.77 1376.44 195.993 65.3014
 10409.9 4816.61 1954.8 390.984 74.222
 8725.47 4854.29 1544.63 626.881 149.186
 28102.9 4074.32 1571.39 500.015 251.222
 31753.5 12932.6 1191.74 459.633 219.738
 33418.8 15381.4 5403.4 497.926 283.851
 64245.4 16088.3 6156.13 2162.61 312.891
 54534.4 30639.5 6031.97 2308.11 928.135
 2202.34 26065.2 11663.8 2296.23 1231.96
pred_Ctot
 150.756 4283.84 2057.91 273.395 0.0153468
 424.307 834.103 3183.46 1529.31 203.181
 221.197 3633.57 906.577 3460.07 1883.02
 660.162 292.905 423.334 105.622 622.504
 560.294 424.022 21.2547 30.7193 52.8366
 1310.15 9881.01 1025.85 51.4222 202.15
 3291.79 2933.63 2274.57 236.147 58.3712
 6876.54 12266.4 1174.83 910.896 117.945
 8977.45 14092.6 2185.13 209.283 183.277
 9687.64 12116.8 1717.64 266.328 47.8461
 3019.23 29605.6 4229.01 599.488 109.653
 1334.92 7608.18 8216.81 1173.73 196.817
 4797.32 5625.11 3587.45 3874.44 646.248
 3305.53 14044.2 1462.73 932.865 1175.54
 2335.16 5791.2 1538.36 160.222 230.947
 1110.32 2234.38 318.157 84.5143 21.4901
 586.252 2186.7 437.365 62.2771 20.7496
 458.006 1258.08 510.585 102.123 19.3864
 375.879 1245.46 396.304 160.838 38.2764
 1487.97 1241.14 478.684 152.317 76.5284
 561.099 1490.09 137.312 52.9589 25.3182
 735.519 2173.19 763.428 70.3502 40.1043
 1834.49 2880.72 1102.3 387.23 56.0252
 1474.28 5222.4 1028.13 393.408 158.197
 72.4537 5294.57 2369.24 466.429 250.246
F
 0.020365 0.141594 0.141594 0.141594 0.141594
 0.0368712 0.256359 0.256359 0.256359 0.256359
 0.137367 0.955091 0.955091 0.955091 0.955091
 0.069903 0.486024 0.486024 0.486024 0.486024
 0.0141182 0.0981613 0.0981613 0.0981613 0.0981613
 0.0958825 0.666654 0.666654 0.666654 0.666654
 0.0837488 0.582291 0.582291 0.582291 0.582291
 0.140531 0.977086 0.977086 0.977086 0.977086
 0.130543 0.907644 0.907644 0.907644 0.907644
 0.066877 0.464985 0.464985 0.464985 0.464985
 0.0769728 0.535179 0.535179 0.535179 0.535179
 0.0725727 0.504586 0.504586 0.504586 0.504586
 0.134878 0.937781 0.937781 0.937781 0.937781
 0.223444 1.55357 1.55357 1.55357 1.55357
 0.244026 1.69667 1.69667 1.69667 1.69667
 0.105021 0.730191 0.730191 0.730191 0.730191
 0.0803397 0.558588 0.558588 0.558588 0.558588
 0.0628934 0.437287 0.437287 0.437287 0.437287
 0.0615434 0.427901 0.427901 0.427901 0.427901
 0.0761256 0.529288 0.529288 0.529288 0.529288
 0.0248416 0.172719 0.172719 0.172719 0.172719
 0.0310252 0.215713 0.215713 0.215713 0.215713
 0.0404182 0.281021 0.281021 0.281021 0.281021
 0.0382294 0.265803 0.265803 0.265803 0.265803
 0.0466956 0.324666 0.324666 0.324666 0.324666
nmprior
 10.6 11 7 0
nm_flota  nm_reclas  nm_pelaces    nm_pelaL
inf 28.3608 20.921 52.0902
cv_recla  cv_pelaces  cv_mph
0.863984 1.02911 0.43724
 ------------------------------------------------
Talla a la edad & desviación 
 7.2 14.2025 17.0495 18.207 18.6776
 1.08 2.13037 2.55742 2.73105 2.80164
