years
 1997 1998 1999 2000 2001 2002 2003 2004 2005 2006 2007 2008 2009 2010 2011 2012 2013 2014 2015 2016 2017 2018 2019 2020 2021
reclasobs
 0 0 0 370054 412103 1.49427e+06 250295 1.28982e+06 931140 785840 897777 1.04006e+06 184774 17550 25797 100020 73551 82996 120727 218422 84188 347160 605670 569463 516374
reclaspred
 1.94924e+06 313607 676800 311714 330240 403084 924863 773146 1.01298e+06 1.17928e+06 1.15107e+06 776331 430514 187829 118868 115184 143649 197861 206367 272626 437361 438147 761053 897171 898739
pelacesobs
 0 0 0 0 0 0 0 0 0 2.06254e+06 1.5e+06 0 1.87456e+06 323000 250000 174000 83755 137374 0 501740 490994 745055 786931 1.00524e+06 1.33801e+06
pelacespred
 1.04341e+06 365774 230344 223579 201331 177246 470202 484670 573882 696945 595449 414741 226858 77923.2 48485.5 54283.8 71310.6 100097 110231 139728 247897 257988 339367 474615 484827
mphobs
 0 0 0 0 0 112323 0 153150 637223 0 255016 313432 73983 77613 109348 50772 0 0 0 0 0 0 0 0 0
mphpred
 1.47837e+06 661206 441924 365167 261603 357246 533415 767926 806569 985760 1.15288e+06 829343 486265 247177 112056 94742.7 109876 154508 182230 201090 316230 409913 507585 740938 829545
desembarqueobs
 350755 77701 442110 56441 14545 235359 269955 359681 431902 328805 639364 411747 362871 311530 167758 66681 60226 58785 57116 73181 50977 67692 138656 160484 209506
desembarquepred
 350641 77634.1 441173 56371.7 14546.3 235284 270303 359755 432066 328734 639298 411884 362815 311669 167955 66752.7 60246.2 58808 57136.1 73178.2 50972.4 67640.1 138642 160517 209590
Reclutas
 35765.9 38465.9 18395.8 17653.9 39082.3 43300.2 75082.6 89679.6 121030 151475 72360.7 35390.2 44621.2 28676.8 19100.1 16464 14249.6 13551 14724.9 27756.4 39352.9 43901.1 83393.1 63084.4 24026
log_desv_Rt
 -0.0352508 0.0375278 -0.700121 -0.741289 0.0534256 0.155912 0.706344 0.883999 1.18379 1.40818 0.669419 -0.045809 0.185965 -0.256156 -0.662549 -0.81107 -0.955517 -1.00578 -0.922703 -0.288778 0.0603253 0.169694 0.811321 0.532229 -0.433109
SSB
 1.47837e+06 661206 441924 365167 261603 357246 533415 767926 806569 985760 1.15288e+06 829343 486265 247177 112056 94742.7 109876 154508 182230 201090 316230 409913 507585 740938 829545
BT
 2.67537e+06 828467 780047 510492 474745 548614 1.50952e+06 1.53522e+06 1.8641e+06 1.97863e+06 1.83396e+06 1.21931e+06 862074 467133 265980 181128 219869 273733 280397 388511 640552 584003 837415 1.12593e+06 1.13493e+06
Ftot
 0.174409 0.239054 0.609749 0.175358 0.043069 0.550267 0.282018 0.444047 0.40818 0.269114 0.524311 0.501291 0.778167 1.42164 1.25162 0.547878 0.40117 0.28631 0.266918 0.259226 0.113527 0.14998 0.176725 0.173545 0.22527
BD_Bspro_t
 0.973655 0.828645 0.689464 0.467047 0.522532 0.660164 0.592205 0.6372 0.608962 0.605021 0.613062 0.458936 0.339553 0.23505 0.136072 0.13843 0.207126 0.338351 0.433716 0.520082 0.651805 0.75977 0.770058 0.77756 0.748915
BD_Bspro
 1.9429 0.868971 0.580785 0.47991 0.343804 0.4695 0.701025 1.00922 1.06001 1.29551 1.51514 1.08994 0.639059 0.324845 0.147267 0.124513 0.144401 0.203057 0.23949 0.264277 0.415597 0.538716 0.667079 0.973757 1.09021
BD_Bo
 1.4707 0.657779 0.439633 0.363274 0.260247 0.355394 0.530649 0.763945 0.802387 0.980649 1.14691 0.825044 0.483744 0.245895 0.111476 0.0942516 0.109306 0.153707 0.181285 0.200048 0.314591 0.407788 0.504954 0.737097 0.825245
BD_Brms
 7.15316 3.19928 2.13827 1.76688 1.26578 1.72855 2.58095 3.71565 3.90262 4.76965 5.57829 4.01282 2.35282 1.19598 0.542191 0.458418 0.531641 0.747593 0.881728 0.972986 1.5301 1.98338 2.45598 3.58507 4.0138
S_f
 0.5 1 1 1 1
 0.5 1 1 1 1
 0.5 1 1 1 1
 0.5 1 1 1 1
 0.5 1 1 1 1
 0.5 1 1 1 1
 0.5 1 1 1 1
 0.5 1 1 1 1
 0.5 1 1 1 1
 0.5 1 1 1 1
 0.5 1 1 1 1
 0.5 1 1 1 1
 0.5 1 1 1 1
 0.5 1 1 1 1
 0.5 1 1 1 1
 0.5 1 1 1 1
 0.5 1 1 1 1
 0.5 1 1 1 1
 0.5 1 1 1 1
 0.5 1 1 1 1
 0.5 1 1 1 1
 0.5 1 1 1 1
 0.5 1 1 1 1
 0.5 1 1 1 1
 0.5 1 1 1 1
Scru_reclas
 0.5 1 1 1 1
 0.5 1 1 1 1
 0.5 1 1 1 1
 0.5 1 1 1 1
 0.5 1 1 1 1
 0.5 1 1 1 1
 0.5 1 1 1 1
 0.5 1 1 1 1
 0.5 1 1 1 1
 0.5 1 1 1 1
 0.5 1 1 1 1
 0.5 1 1 1 1
 0.5 1 1 1 1
 0.5 1 1 1 1
 0.5 1 1 1 1
 0.5 1 1 1 1
 0.5 1 1 1 1
 0.5 1 1 1 1
 0.5 1 1 1 1
 0.5 1 1 1 1
 0.5 1 1 1 1
 0.5 1 1 1 1
 0.5 1 1 1 1
 0.5 1 1 1 1
 0.5 1 1 1 1
Scru_pelaces
 0.5 1 1 1 1
 0.5 1 1 1 1
 0.5 1 1 1 1
 0.5 1 1 1 1
 0.5 1 1 1 1
 0.5 1 1 1 1
 0.5 1 1 1 1
 0.5 1 1 1 1
 0.5 1 1 1 1
 0.5 1 1 1 1
 0.5 1 1 1 1
 0.5 1 1 1 1
 0.5 1 1 1 1
 0.5 1 1 1 1
 0.5 1 1 1 1
 0.5 1 1 1 1
 0.5 1 1 1 1
 0.5 1 1 1 1
 0.5 1 1 1 1
 0.5 1 1 1 1
 0.5 1 1 1 1
 0.5 1 1 1 1
 0.5 1 1 1 1
 0.5 1 1 1 1
 0.5 1 1 1 1
pf_obs 
 0.256992 0.487395 0.22802 0.0275931 0
 0.321318 0.546541 0.124235 0.00734118 0.000564706
 0.182869 0.594174 0.210203 0.0122559 0.00049798
 0.330522 0.361315 0.267642 0.0388342 0.00168674
 0.649043 0.306663 0.0425973 0.00169635 0
 0.582887 0.30429 0.105238 0.00758474 0
 0.465427 0.430635 0.0974691 0.00646863 0
 0.296916 0.608066 0.0921331 0.00288517 0
 0.311714 0.524322 0.152257 0.0117073 0
 0.15457 0.633149 0.183074 0.0267441 0.00246327
 0.131901 0.49318 0.331252 0.0422183 0.00144891
 0.196976 0.569456 0.194076 0.0375587 0.00193317
 0.518974 0.381816 0.0799577 0.0180837 0.00116848
 0.0928022 0.601141 0.25162 0.0475244 0.00691264
 0.122501 0.610282 0.24278 0.0234846 0.000952079
 0.383417 0.481906 0.127806 0.00687128 0
 0.0376549 0.599619 0.316969 0.0457579 0
 0.0361596 0.667082 0.258105 0.0386534 0
 0.158088 0.579412 0.248529 0.0139706 0
 0.0477256 0.309471 0.559284 0.082774 0.000745712
 0.0406174 0.521527 0.379366 0.0568643 0.0016247
 0.151134 0.462217 0.34131 0.0453401 0
 0.294876 0.26143 0.354403 0.0886775 0.000613685
 0.281977 0.475581 0.204845 0.0348837 0.00271318
 0.0354234 0.537034 0.353287 0.0723622 0.0018943
pf_pred 
 0.297944 0.353425 0.175506 0.0871536 0.0859712
 0.369579 0.297202 0.167747 0.0833008 0.0821708
 0.254752 0.414834 0.155768 0.087919 0.0867263
 0.380072 0.279211 0.189657 0.0712151 0.0798454
 0.580399 0.236277 0.0825678 0.0560849 0.0446713
 0.484522 0.379827 0.0763851 0.026693 0.0325731
 0.62699 0.25687 0.085577 0.01721 0.013353
 0.543727 0.358058 0.0676347 0.0225327 0.00804732
 0.574484 0.310934 0.0899177 0.0169848 0.00767942
 0.551893 0.337217 0.0810298 0.0234326 0.00642753
 0.308165 0.502864 0.142208 0.0341711 0.0125923
 0.265648 0.374321 0.26169 0.0740049 0.0243357
 0.464594 0.244166 0.148454 0.103785 0.0390013
 0.458714 0.371886 0.0772529 0.0469701 0.0451769
 0.555869 0.323145 0.0831227 0.0172673 0.0205964
 0.588522 0.324197 0.0635049 0.0163354 0.00744104
 0.489965 0.393134 0.0921045 0.0180418 0.0067549
 0.459441 0.369454 0.131887 0.0308989 0.00831872
 0.464311 0.347448 0.128656 0.0459276 0.0136569
 0.599029 0.261334 0.0905685 0.0335365 0.0155317
 0.559642 0.33597 0.0680352 0.0235784 0.0127743
 0.470693 0.383273 0.111416 0.0225621 0.0120554
 0.581893 0.271699 0.106014 0.0308179 0.00957529
 0.391662 0.453422 0.10067 0.0392802 0.0149664
 0.201508 0.459105 0.252961 0.0561629 0.0302638
pobs_RECLAS
 0 0 0 0 0
 0 0 0 0 0
 0 0 0 0 0
 0 0 0 0 0
 0.835266 0.146461 0.0176864 0.000547809 3.91292e-05
 0.385257 0.428462 0.181853 0.0044286 0
 0.867414 0.0963971 0.0333333 0.00285562 0
 0.441836 0.489002 0.0689373 0.000224442 0
 0.779404 0.147425 0.0564933 0.0165055 0.000172143
 0.814271 0.122319 0.05973 0.00367925 0
 0.40263 0.566651 0.0304383 0.000280538 0
 0.475488 0.404961 0.113038 0.00651328 0
 0.955842 0.0263864 0.0167828 0.000988607 0
 0.975058 0.0227948 0.00214734 0 0
 0.738997 0.206755 0.0527124 0.00153531 0
 0.850938 0.134255 0.0134407 0.00136685 0
 0.542534 0.407297 0.0501686 0 0
 0.764087 0.199537 0.0359546 0.000420521 0
 0.470689 0.182191 0.310203 0.0369168 0
 0.84361 0.089868 0.0606195 0.00523954 0.000663233
 0.607945 0.314616 0.071237 0.00620181 0
 0.523733 0.453247 0.0230204 0 0
 0.530135 0.295979 0.169645 0.0042399 0
 0.562478 0.366248 0.0663022 0.0049721 0
 0.250443 0.683176 0.0655157 0.000865301 0
ppred_RECLAS
 0.299194 0.352796 0.175193 0.0869984 0.0858181
 0.371596 0.296251 0.167211 0.0830343 0.0819079
 0.26025 0.411774 0.154619 0.0872704 0.0860865
 0.381488 0.278573 0.189223 0.0710524 0.079663
 0.580716 0.236098 0.0825054 0.0560425 0.0446376
 0.490766 0.375226 0.0754598 0.0263697 0.0321785
 0.629457 0.255171 0.0850109 0.0170961 0.0132646
 0.548381 0.354406 0.0669448 0.0223028 0.00796522
 0.578592 0.307932 0.0890496 0.0168208 0.00760528
 0.554359 0.335361 0.0805839 0.0233037 0.00639215
 0.313179 0.499219 0.141177 0.0339234 0.0125011
 0.269971 0.372118 0.26015 0.0735692 0.0241924
 0.474681 0.239566 0.145657 0.10183 0.0382666
 0.483472 0.354876 0.0737194 0.0448217 0.0431105
 0.575948 0.308535 0.0793647 0.0164866 0.0196652
 0.594525 0.319467 0.0625784 0.0160971 0.00733247
 0.494077 0.389964 0.0913618 0.0178963 0.00670044
 0.462115 0.367626 0.131235 0.0307461 0.00827756
 0.466769 0.345854 0.128066 0.0457169 0.0135942
 0.601317 0.259843 0.0900517 0.0333451 0.0154431
 0.560548 0.335279 0.0678953 0.0235299 0.012748
 0.471945 0.382367 0.111152 0.0225088 0.0120269
 0.583367 0.270742 0.105641 0.0307092 0.00954154
 0.393077 0.452367 0.100435 0.0391889 0.0149316
 0.202807 0.458358 0.252549 0.0560715 0.0302146
pobs_PELACES
 0 0 0 0 0
 0 0 0 0 0
 0 0 0 0 0
 0 0 0 0 0
 0 0 0 0 0
 0 0 0 0 0
 0 0 0 0 0
 0 0 0 0 0
 0 0 0 0 0
 0 0 0 0 0
 0.450072 0.473896 0.0757376 0.000293798 0
 0 0 0 0 0
 0.463077 0.371075 0.160297 0.00555027 0
 0.529543 0.364841 0.0842815 0.0213345 0
 0.631943 0.363953 0.00410389 0 0
 0.735681 0.248677 0.0153453 0.000297389 0
 0.695825 0.281241 0.0229344 0 0
 0.275771 0.60734 0.115278 0.00161068 0
 0 0 0 0 0
 0.896147 0.0623911 0.0374545 0.00400742 0
 0.803859 0.145111 0.0509908 3.86294e-05 0
 0.739449 0.233085 0.0266225 0.000797448 4.60066e-05
 0.878498 0.100942 0.0204185 0.000141795 0
 0.694673 0.275183 0.0284847 0.00165964 0
 0.469039 0.446079 0.0841089 0.000773354 0
ppred_PELACES
 0.305263 0.349741 0.173676 0.086245 0.085075
 0.380852 0.291887 0.164748 0.0818113 0.0807014
 0.280081 0.400735 0.150474 0.0849309 0.0837787
 0.388338 0.275488 0.187128 0.0702655 0.0787807
 0.582445 0.235125 0.0821651 0.0558114 0.0444535
 0.513461 0.358504 0.0720969 0.0251945 0.0307445
 0.640244 0.247743 0.0825363 0.0165985 0.0128785
 0.566455 0.340223 0.0642657 0.0214103 0.00764646
 0.594921 0.296001 0.085599 0.0161691 0.00731059
 0.565301 0.327127 0.0786054 0.0227315 0.00623521
 0.332081 0.48548 0.137292 0.0329898 0.012157
 0.286579 0.363652 0.254231 0.0718955 0.023642
 0.506758 0.224937 0.136763 0.0956118 0.0359299
 0.54201 0.314658 0.0653649 0.0397422 0.0382249
 0.625434 0.27253 0.070103 0.0145627 0.0173703
 0.616118 0.302454 0.0592459 0.0152398 0.00694199
 0.510624 0.37721 0.0883738 0.017311 0.0064813
 0.473877 0.359588 0.128365 0.0300738 0.00809657
 0.477745 0.338735 0.12543 0.0447758 0.0133144
 0.611525 0.25319 0.087746 0.0324913 0.0150477
 0.565157 0.331763 0.0671832 0.0232831 0.0126143
 0.478116 0.377899 0.109853 0.0222457 0.0118864
 0.590436 0.266148 0.103848 0.0301882 0.00937964
 0.399928 0.44726 0.0993016 0.0387465 0.014763
 0.208883 0.454864 0.250625 0.0556441 0.0299843
pobs_pel_tallas
 0 0 0 0 0 0 0 0 0 0 0 0 0 0 0 0 0 0 0 0 0 0 0 0 0 0 0 0 0 0 0 0 0 0 0 0
 0 0 0 0 0 0 0 0 0 0 0 0 0 0 0 0 0 0 0 0 0 0 0 0 0 0 0 0 0 0 0 0 0 0 0 0
 0 0 0 0 0 0 0 0 0 0 0 0 0 0 0 0 0 0 0 0 0 0 0 0 0 0 0 0 0 0 0 0 0 0 0 0
 0 0 0 0 0 0 0 0 0 0 0 0 0 0 0 0 0 0 0 0 0 0 0 0 0 0 0 0 0 0 0 0 0 0 0 0
 0 0 0 0 0 0 0 0 0 0 0 0 0 0 0 0 0 0 0 0 0 0 0 0 0 0 0 0 0 0 0 0 0 0 0 0
 0 0 0 0 0 0 0 0 0 0 0 0 0 0 0 0 0 0 0 0 0 0 0 0 0 0 0 0 0 0 0 0 0 0 0 0
 0 0 0 0 0 0 0 0 0 0 0 0 0 0 0 0 0 0 0 0 0 0 0 0 0 0 0 0 0 0 0 0 0 0 0 0
 0 0 0 0 0 0 0 0 0 0 0 0 0 0 0 0 0 0 0 0 0 0 0 0 0 0 0 0 0 0 0 0 0 0 0 0
 0 0 0 0 0 0 0 0 0 0 0 0 0 0 0 0 0 0 0 0 0 0 0 0 0 0 0 0 0 0 0 0 0 0 0 0
 0 0 0 0 0 0 0 0 0 0 0 0 0 0 0 0 0 0 0 0 0 0 0 0 0 0 0 0 0 0 0 0 0 0 0 0
 0 0 0 0 0 0 0 0 1.78061e-05 0.00172719 0.00360574 0.0105946 0.0120993 0.0124554 0.0147524 0.0171206 0.0266825 0.0428682 0.0675386 0.121331 0.153587 0.119568 0.100827 0.0573624 0.0630603 0.0341343 0.0324427 0.0444173 0.0211091 0.0280891 0.0125444 0.00206551 0 0 0 0
 0 0 0 0 0 0 0 0 0 0 0 0 0 0 0 0 0 0 0 0 0 0 0 0 0 0 0 0 0 0 0 0 0 0 0 0
 0 0 0 0 0 0 0.0133647 0.0140871 0.0187388 0.0205184 0.03894 0.0496705 0.03968 0.0493445 0.0407372 0.0367815 0.0215668 0.0243155 0.0234873 0.0199281 0.019796 0.0243948 0.0301388 0.0376714 0.0412746 0.0863199 0.0771752 0.113111 0.0741005 0.0525337 0.0229764 0.00759418 0.00175318 0 0 0
 0 0 0 0 0 0 0 0 0 0 0.00219441 0.00772107 0.0458388 0.0604681 0.0671733 0.0775358 0.0609151 0.0617685 0.073594 0.0568108 0.0755445 0.0548602 0.0670107 0.0636378 0.0643287 0.046367 0.0373049 0.0286899 0.0247887 0.0153202 0.00654259 0.00121912 0.000365735 0 0 0
 0 0 0 0 0 0 0 0 0 0 0 0 0.000112435 0.00938835 0.0111873 0.0202946 0.0414886 0.0713402 0.111592 0.104902 0.108894 0.110636 0.117776 0.105296 0.107544 0.0401394 0.0192827 0.0124803 0.00416011 0.0028671 0.000618394 0 0 0 0 0
 0 0 0 0 0 0 0 0 0 0 0.00291406 0.0102884 0.027416 0.0768956 0.0749926 0.110853 0.0956884 0.0897413 0.0766577 0.0534642 0.0500743 0.0551293 0.0594112 0.0620874 0.0668451 0.0424026 0.0208742 0.0120726 0.0048766 0.00582813 0.00118941 0.000297354 0 0 0 0
 0 0.00264628 0.0354308 0.0461629 0.0458689 0.0383711 0.0214643 0.0164657 0.0346957 0.0420465 0.0363128 0.0245516 0.0311673 0.0291091 0.0169068 0.0133784 0.00837989 0.0085269 0.0148486 0.0160247 0.0276389 0.0546898 0.0760071 0.122758 0.109233 0.0665981 0.0333725 0.0166128 0.00676272 0.00308733 0.000882094 0 0 0 0 0
 0 0 0 0 0 0 0 0.000805153 0.000690131 0.00759144 0.0133425 0.0154129 0.00931677 0.000345066 0.00356568 0.00563607 0.00851162 0.0253048 0.0502646 0.0516448 0.0657925 0.0565908 0.0611916 0.0827007 0.0866115 0.110766 0.145733 0.0935128 0.0569358 0.0249597 0.0138026 0.00621118 0.00161031 0.00115022 0 0
 0 0 0 0 0 0 0 0 0 0 0 0 0 0 0 0 0 0 0 0 0 0 0 0 0 0 0 0 0 0 0 0 0 0 0 0
 0.00147267 0.00158595 0.00478618 0.00569244 0.00954404 0.0108468 0.00647125 0.017049 0.0510054 0.094081 0.124002 0.0959785 0.0687766 0.0820023 0.061753 0.0591476 0.0492212 0.0479892 0.0443925 0.0268479 0.0217502 0.0140895 0.0121071 0.0120363 0.00920419 0.00665534 0.0049561 0.00860946 0.00930331 0.0156896 0.0114698 0.00855282 0.00243557 0.00046729 0 2.83206e-05
 0 0 0 0 0.000772559 0.00158375 0.000888443 0.00281984 0.00712685 0.0440552 0.0773331 0.111326 0.0921469 0.0852325 0.0710754 0.0886704 0.0786465 0.0553345 0.0373146 0.0185414 0.00753245 0.00457741 0.012979 0.0271748 0.0457355 0.0583668 0.034881 0.0177882 0.00938659 0.00492506 0.0015258 0.00185414 0.000309023 5.79419e-05 3.86279e-05 0
 0 0.00173294 0.00326652 0 0.00397197 0.00683976 0.00946217 0.0152591 0.00757587 0.0136028 0.0228656 0.0392903 0.0559909 0.0764795 0.0681675 0.0726916 0.0566044 0.0477403 0.0527397 0.0444891 0.0609904 0.0582453 0.0661739 0.0445044 0.0529084 0.0360697 0.0280645 0.0235558 0.0158879 0.00826598 0.00280645 0.00217768 0.000904811 0.00058276 9.20147e-05 0
 0 0 0 0 0 0 0 0 0 0 0 0 0 0 0 0 0 0 0 0 0 0 0 0 0 0 0 0 0 0 0 0 0 0 0 0
 0 0 0 0 0 0 0 0 0 0 0 0 0 0 0 0 0 0 0 0 0 0 0 0 0 0 0 0 0 0 0 0 0 0 0 0
 0 0 0 0 0 0 0 0 0 0 0 0 0 0 0 0 0 0 0 0 0 0 0 0 0 0 0 0 0 0 0 0 0 0 0 0
ppred_pel_tallas
 1.09518e-16 1.33379e-05 7.82339e-05 0.000371788 0.00143124 0.00446303 0.0112736 0.0230696 0.0382495 0.0513956 0.0560015 0.0495707 0.0358632 0.0216964 0.0119673 0.00773448 0.0076964 0.0102659 0.0144467 0.0197158 0.025681 0.0318908 0.037816 0.0429257 0.0467921 0.0491737 0.0500481 0.0495817 0.0480546 0.0457704 0.0429826 0.0398613 0.036499 0.0329433 0.0292358 0.0254398
 1.09016e-16 1.66316e-05 9.7576e-05 0.000463755 0.00178535 0.00556734 0.0140629 0.0287763 0.0477067 0.0640894 0.0697965 0.0616952 0.044447 0.0265135 0.0139454 0.00799253 0.00695921 0.00880964 0.012284 0.0167727 0.0219009 0.0272862 0.0324888 0.0370649 0.0406504 0.0430295 0.0441619 0.0441589 0.0432245 0.0415832 0.0394234 0.036872 0.0340028 0.0308628 0.0275042 0.0240041
 1.091e-16 1.22418e-05 7.17945e-05 0.000341165 0.00131331 0.00409527 0.0103447 0.0211694 0.0351014 0.0471727 0.0514188 0.0455589 0.0330576 0.0201922 0.0114853 0.00794233 0.00840218 0.0114304 0.0161113 0.0219292 0.0284488 0.0351465 0.0414103 0.0466358 0.0503506 0.0523108 0.0525376 0.0512785 0.0489146 0.0458483 0.0424117 0.0388209 0.0351806 0.0315214 0.0278493 0.0241843
 1.08842e-16 1.69574e-05 9.94903e-05 0.000472859 0.00182041 0.00567666 0.014339 0.0293411 0.0486425 0.0653447 0.0711587 0.0628876 0.0452807 0.02696 0.0140878 0.00792993 0.00674945 0.00846607 0.0117973 0.0161331 0.021113 0.0263772 0.03151 0.0360874 0.0397542 0.0422882 0.0436285 0.0438547 0.0431358 0.0416655 0.0396121 0.037097 0.0342016 0.0309905 0.0275379 0.023942
 1.05238e-16 2.54196e-05 0.000149175 0.000709074 0.00272991 0.00851292 0.0215031 0.043999 0.0729365 0.0979618 0.106628 0.0941164 0.0675086 0.0396756 0.0197752 0.0096022 0.00643863 0.00706423 0.00949583 0.0128278 0.0166185 0.0205161 0.0241535 0.0271756 0.0293072 0.030408 0.0304942 0.0297148 0.0282975 0.026481 0.0244617 0.0223664 0.0202547 0.018142 0.0160281 0.0139211
 1.03443e-16 2.24165e-05 0.000131533 0.000625177 0.00240685 0.00750542 0.0189584 0.0387933 0.0643115 0.0863908 0.0940688 0.0831146 0.0597999 0.0355126 0.018381 0.0100508 0.00818664 0.0099878 0.0136987 0.0184468 0.0236924 0.0289089 0.0335232 0.0369907 0.0389099 0.0391126 0.0376966 0.0349863 0.03144 0.0275341 0.0236663 0.0200997 0.0169567 0.0142493 0.0119257 0.00991481
 1.02425e-16 2.79405e-05 0.000163973 0.000779424 0.00300077 0.00935759 0.0236366 0.0483645 0.0801727 0.107679 0.117201 0.10344 0.0741757 0.0435523 0.0216289 0.0103684 0.00677125 0.00728407 0.00971344 0.0130521 0.0168058 0.0205842 0.0239847 0.0266236 0.0282105 0.0286096 0.0278649 0.0261756 0.0238354 0.0211583 0.018413 0.0157872 0.013382 0.01123 0.00932371 0.00764111
 1.02117e-16 2.47266e-05 0.000145097 0.000689665 0.00265515 0.00827974 0.0209142 0.0427949 0.0709437 0.0952946 0.10375 0.0916353 0.0658581 0.038965 0.0199005 0.010453 0.00801825 0.00948492 0.012909 0.0173435 0.0222351 0.02707 0.0312978 0.0343981 0.03599 0.035918 0.0342843 0.0314108 0.0277505 0.0237767 0.0198873 0.0163506 0.0132959 0.0107407 0.00863443 0.00690045
 1.02209e-16 2.59661e-05 0.000152378 0.000724288 0.00278847 0.00869551 0.0219644 0.0449433 0.0745034 0.100071 0.108936 0.0961823 0.0690532 0.0407093 0.0205228 0.0103469 0.00742276 0.00846831 0.0114458 0.0153912 0.0197842 0.0241714 0.0280723 0.0310295 0.0327001 0.0329312 0.0317889 0.0295281 0.0265187 0.0231533 0.019768 0.0165958 0.01376 0.0112948 0.00918066 0.00737626
 1.02295e-16 2.46758e-05 0.0001448 0.000688254 0.00264972 0.00826282 0.0208714 0.0427073 0.0707982 0.0950982 0.103534 0.0914383 0.0657036 0.0388479 0.0197936 0.0103219 0.00783066 0.00921417 0.0125359 0.0168598 0.0216489 0.0264098 0.0306135 0.0337571 0.0354679 0.0355856 0.0341948 0.0315892 0.0281891 0.0244369 0.0207078 0.0172585 0.0142188 0.0116163 0.00941724 0.00756352
 1.03809e-16 1.45129e-05 8.51194e-05 0.000404495 0.00155712 0.00485554 0.0122652 0.0250995 0.0416178 0.0559298 0.0609633 0.0540134 0.0391871 0.0239249 0.0135848 0.00935096 0.00983291 0.0133081 0.0186592 0.0252318 0.0324589 0.039665 0.0460758 0.0509439 0.0537083 0.054119 0.0522842 0.0486211 0.0437343 0.0382645 0.0327588 0.0275954 0.0229723 0.0189428 0.0154734 0.0124968
 1.07303e-16 1.25241e-05 7.3454e-05 0.00034906 0.00134372 0.00419009 0.0105842 0.0216592 0.0359123 0.048259 0.052594 0.0465787 0.0337513 0.0205246 0.0115133 0.00773275 0.00798408 0.0107975 0.0152487 0.0208416 0.0271818 0.0337969 0.0401224 0.0455824 0.0496996 0.0521852 0.052979 0.0522256 0.0502048 0.0472433 0.0436416 0.0396349 0.0353925 0.0310392 0.0266839 0.0224369
 1.06979e-16 2.21189e-05 0.000129798 0.000616955 0.00237523 0.00740687 0.0187093 0.0382827 0.0634616 0.0852386 0.0927869 0.081917 0.0587969 0.0346347 0.017412 0.00870842 0.00618114 0.00705163 0.00961584 0.0131011 0.0171282 0.0213828 0.0255229 0.0292036 0.0321382 0.0341499 0.0351936 0.035339 0.0347269 0.0335167 0.0318448 0.0298076 0.0274676 0.0248734 0.0220826 0.0191735
 1.04183e-16 2.36596e-05 0.000138835 0.0006599 0.00254056 0.0079224 0.0200116 0.0409479 0.0678815 0.0911807 0.0992693 0.0876736 0.0630018 0.0372571 0.018996 0.00992807 0.00756128 0.0089217 0.0121575 0.0163773 0.0210733 0.0257805 0.0299997 0.0332562 0.0351974 0.0356703 0.03475 0.0327048 0.0299153 0.026776 0.0236121 0.0206341 0.0179356 0.0155216 0.0133504 0.0113721
 1.02396e-16 2.72957e-05 0.000160186 0.000761412 0.00293142 0.00914129 0.0230903 0.0472469 0.0783209 0.105195 0.114504 0.101076 0.0725164 0.0426503 0.0213147 0.0104395 0.0071058 0.0078493 0.0105248 0.0141327 0.0181593 0.0221802 0.0257532 0.0284601 0.0299893 0.0302047 0.0291717 0.0271285 0.024417 0.0213973 0.0183737 0.0155535 0.0130404 0.0108564 0.0089748 0.0073518
 1.01788e-16 2.68907e-05 0.000157805 0.000750089 0.00288781 0.00900529 0.0227468 0.0465443 0.0771572 0.103635 0.112814 0.0996016 0.0714983 0.0421309 0.0212017 0.0106252 0.00753806 0.00853436 0.0114968 0.0154214 0.0197661 0.0240618 0.0278163 0.0305662 0.031972 0.0318948 0.0304251 0.0278496 0.0245715 0.0210132 0.0175306 0.0143642 0.0116315 0.0093497 0.00747497 0.00593921
 1.02276e-16 2.22937e-05 0.00013081 0.000621735 0.00239359 0.00746406 0.0188539 0.0385797 0.0639581 0.0859179 0.0935589 0.0826759 0.0595098 0.0353918 0.018413 0.0102191 0.00849612 0.0104645 0.0143773 0.0193559 0.0248413 0.0302768 0.0350531 0.0385904 0.0404595 0.040479 0.0387513 0.0356228 0.0315868 0.0271628 0.0227919 0.0187765 0.0152699 0.012304 0.00983621 0.00779328
 1.03352e-16 2.06907e-05 0.0001214 0.000577004 0.00222137 0.00692701 0.0174974 0.035804 0.0593569 0.0797383 0.0868336 0.0767421 0.0552588 0.0329047 0.0171957 0.00966911 0.00818954 0.0101906 0.0140639 0.0190042 0.0244974 0.0300246 0.0350095 0.0388943 0.0412531 0.0418835 0.0408426 0.0384128 0.0350153 0.0311026 0.0270654 0.0231798 0.0195995 0.0163808 0.0135221 0.0110002
 1.04052e-16 2.08585e-05 0.000122388 0.000581702 0.00223946 0.00698344 0.0176399 0.0360954 0.0598393 0.0803844 0.0875317 0.0773461 0.0556656 0.0330905 0.0171898 0.00950369 0.00787046 0.00969769 0.0133662 0.0180777 0.0233395 0.0286653 0.0335159 0.0373677 0.0398181 0.0406703 0.039967 0.0379584 0.0350223 0.0315642 0.0279328 0.0243729 0.0210201 0.0179259 0.015095 0.0125183
 1.03148e-16 2.66884e-05 0.000156622 0.000744475 0.00286621 0.00893795 0.0225767 0.0461958 0.0765783 0.102853 0.111953 0.0988183 0.070885 0.0416672 0.0207805 0.010109 0.00679753 0.00746071 0.0100082 0.0134763 0.0173835 0.0213395 0.0249372 0.027786 0.0295877 0.0301987 0.0296549 0.0281471 0.0259604 0.0233991 0.020723 0.0181121 0.0156628 0.0134079 0.0113451 0.009463
 1.02452e-16 2.46697e-05 0.000144763 0.00068808 0.00264905 0.00826073 0.0208662 0.0426966 0.0707804 0.0950747 0.103509 0.0914186 0.0656939 0.038851 0.0198114 0.0103568 0.00788658 0.00929582 0.0126467 0.0169999 0.0218126 0.026585 0.0307816 0.0338955 0.0355537 0.0356012 0.034132 0.0314524 0.0279955 0.0242138 0.0204876 0.0170728 0.0140926 0.0115648 0.00944358 0.00766044
 1.03003e-16 2.08763e-05 0.000122488 0.000582172 0.00224126 0.00698904 0.017654 0.0361247 0.059889 0.0804543 0.0876161 0.0774406 0.0557768 0.0332429 0.0174263 0.00988213 0.008459 0.0105675 0.0145793 0.0196695 0.0252997 0.0309215 0.0359277 0.0397355 0.0419073 0.0422472 0.0408378 0.0380021 0.034209 0.0299565 0.0256698 0.0216436 0.018033 0.0148809 0.0121628 0.00982781
 1.03037e-16 2.57694e-05 0.000151226 0.000718816 0.00276741 0.00862985 0.0217985 0.0446036 0.0739396 0.0993114 0.108104 0.0954337 0.0684862 0.0403159 0.0202159 0.0100165 0.00697221 0.00782341 0.0105549 0.0142301 0.0183665 0.0225589 0.0263786 0.0294119 0.0313405 0.0320075 0.0314443 0.0298462 0.0275097 0.0247545 0.0218573 0.0190145 0.016337 0.0138699 0.0116205 0.0095838
 1.03577e-16 1.74697e-05 0.000102482 0.000487048 0.00187498 0.0058468 0.014769 0.0302221 0.0501074 0.0673258 0.0733506 0.0649069 0.0469128 0.0282877 0.0154285 0.00969503 0.00934553 0.0122549 0.0170645 0.0230319 0.0295894 0.0361032 0.0418595 0.0461753 0.0485442 0.0487506 0.046912 0.0434305 0.0388783 0.0338553 0.0288666 0.0242537 0.020184 0.0166867 0.0137093 0.0111701
 1.07019e-16 9.13986e-06 5.35773e-05 0.000254545 0.000979782 0.00305515 0.0077175 0.0157945 0.0261941 0.0352175 0.0384279 0.0341443 0.0249837 0.0156766 0.00966219 0.00777036 0.0092172 0.0129981 0.0184535 0.025155 0.0326532 0.0403548 0.0475484 0.0535206 0.0577009 0.0597749 0.0597338 0.0578378 0.0545193 0.0502611 0.0454923 0.0405323 0.0355847 0.0307669 0.0261522 0.0218022
pSPR Fmed_Fpbrs
0.56864   0.255602 0.255602
Fs Fmed_Fpbrs
0.314278   1.005 1.005
SSBpbr Bo_Bmed_Bpbrs
1.00521e+06  521343  206673 206673
Ro
37049.1
SPR SPRFo_SPRFmed_SPRFpbrs
760907 432682 194489
log_Ro
10.34
likeval ReclasPelacesDesembMPH_pf_preclas_ppelaces_ptallas_desvR_qrecl_qpela
 98.042 101.182 0.0646416 0.000624683 348.489 206.42 81.0638 0 15.8366 0 0 0 0 0 0
q_reclas_q_pelaces
1 1
M
0.7
N
 35765.9 22026.5 10938 5431.66 5357.97
 38465.9 16277.6 9187.43 4562.34 4500.45
 18395.8 16949.6 6364.5 3592.26 3543.53
 17653.9 6734.54 4574.5 1717.7 1925.86
 39082.3 8030.75 2806.37 1906.25 1518.32
 43300.2 18994.2 3819.84 1334.85 1628.9
 75082.6 16330.3 5440.49 1094.11 848.904
 89679.6 32381.2 6116.59 2037.76 727.764
 121030 35666.8 10314.3 1948.3 880.894
 151475 49006.3 11775.7 3405.37 934.085
 72360.7 65750.4 18593.9 4467.93 1646.47
 35390.2 27646.8 19328 5465.88 1797.39
 44621.2 13678 8316.3 5813.97 2184.83
 28676.8 15016.1 3119.35 1896.58 1824.17
 19100.1 6995.52 1799.46 373.807 445.876
 16464 5072.77 993.674 255.603 116.431
 14249.6 6216.68 1456.46 285.297 106.816
 13551 5790.06 2066.93 484.247 130.371
 14724.9 5831.69 2159.41 770.864 229.222
 27756.4 6398.62 2217.52 821.121 380.286
 39352.9 12107.9 2451.89 849.73 460.367
 43901.1 18463.7 5367.31 1086.9 580.755
 83393.1 20225.6 7891.82 2294.11 712.795
 63084.4 37909.5 8416.75 3284.13 1251.31
 24026 28723.1 15826.1 3513.73 1893.4
pred_Ctot
 2158.86 2560.86 1271.69 631.5 622.933
 3138.13 2523.57 1424.36 707.314 697.719
 3537.98 5761.2 2163.3 1221.01 1204.45
 1071.18 786.917 534.521 200.71 225.033
 599.538 244.068 85.2904 57.9343 46.1444
 7609.54 5965.28 1199.65 419.221 511.569
 7159.59 2933.2 977.203 196.521 152.478
 13006.3 8564.99 1617.87 538.996 192.497
 16258.7 8799.89 2544.8 480.695 217.339
 13821.6 8445.24 2029.3 586.845 160.97
 12183.1 19880.4 5622.09 1350.93 497.829
 5724.6 8066.47 5639.31 1594.77 524.424
 10576.6 5558.51 3379.6 2362.7 887.878
 10923.8 8856.05 1839.69 1118.54 1075.84
 6621.19 3849.12 990.111 205.679 245.333
 2882.25 1587.73 311.011 80.0016 36.442
 1884.17 1511.8 354.19 69.38 25.9761
 1310.62 1053.92 376.228 88.1438 23.7304
 1333.26 997.691 369.433 131.88 39.2155
 2444.82 1066.58 369.638 136.873 63.3898
 1566.87 940.64 190.483 66.0141 35.7651
 2290.9 1865.42 542.269 109.812 58.6747
 5097.97 2380.36 928.792 269.996 83.8892
 3789.67 4387.26 974.068 380.071 144.813
 1852.59 4220.83 2325.63 516.34 278.234
F
 0.0872043 0.174409 0.174409 0.174409 0.174409
 0.119527 0.239054 0.239054 0.239054 0.239054
 0.304875 0.609749 0.609749 0.609749 0.609749
 0.0876788 0.175358 0.175358 0.175358 0.175358
 0.0215345 0.043069 0.043069 0.043069 0.043069
 0.275134 0.550267 0.550267 0.550267 0.550267
 0.141009 0.282018 0.282018 0.282018 0.282018
 0.222023 0.444047 0.444047 0.444047 0.444047
 0.20409 0.40818 0.40818 0.40818 0.40818
 0.134557 0.269114 0.269114 0.269114 0.269114
 0.262155 0.524311 0.524311 0.524311 0.524311
 0.250645 0.501291 0.501291 0.501291 0.501291
 0.389083 0.778167 0.778167 0.778167 0.778167
 0.710819 1.42164 1.42164 1.42164 1.42164
 0.625808 1.25162 1.25162 1.25162 1.25162
 0.273939 0.547878 0.547878 0.547878 0.547878
 0.200585 0.40117 0.40117 0.40117 0.40117
 0.143155 0.28631 0.28631 0.28631 0.28631
 0.133459 0.266918 0.266918 0.266918 0.266918
 0.129613 0.259226 0.259226 0.259226 0.259226
 0.0567637 0.113527 0.113527 0.113527 0.113527
 0.07499 0.14998 0.14998 0.14998 0.14998
 0.0883627 0.176725 0.176725 0.176725 0.176725
 0.0867723 0.173545 0.173545 0.173545 0.173545
 0.112635 0.22527 0.22527 0.22527 0.22527
nmprior
 10.6 11 7 0
nm_flota  nm_reclas  nm_pelaces    nm_pelaL
inf 12.6848 12.5984 26.9407
cv_recla  cv_pelaces  cv_mph
0.895635 1.14057 0.810902
 ------------------------------------------------
Talla a la edad & desviación 
 7.2 14.2025 17.0495 18.207 18.6776
 1.08 2.13037 2.55742 2.73105 2.80164
