    unsorted:	 2.338687210e-06 2.140857045e-06 3.512629789e-06 5.796208480e-05 4.411299864e-05 0.0008999969795 0.007122099308 84.93433606 60.57954636 126.4721503 196.1552883 211.2255961 463.5708301 625.7874639 636.8998801 846.6568002 881.4535245 1111.676463 1205.700072 1363.165081 1556.314151 1687.764544 1931.635687 2195.967733 2521.229724 2670.317767 2932.142482 3413.954060 3870.952058 4151.925088 4479.834899 4699.522153 5066.633302 5443.987540 5587.288410 6365.125376 6569.951480 7134.358408 18368.79170 196418.0067 347740.7717 362256.0114 321559.9103 392665.0563 412824.3226 454116.2929 461345.8622 479873.3805 487243.5332 517552.8111 540866.5761 556695.2563 626975.6420 642834.2404 768944.1553 852843.0271 991858.6418 1035725.607 1251091.978 1588307.484 1821607.855 2112051.306 2206771.792 2665278.131 6483203.717
      sorted:	 2.140857045e-06 2.338687210e-06 3.512629789e-06 4.411299864e-05 5.796208480e-05 0.0008999969795 0.007122099308 60.57954636 84.93433606 126.4721503 196.1552883 211.2255961 463.5708301 625.7874639 636.8998801 846.6568002 881.4535245 1111.676463 1205.700072 1363.165081 1556.314151 1687.764544 1931.635687 2195.967733 2521.229724 2670.317767 2932.142482 3413.954060 3870.952058 4151.925088 4479.834899 4699.522153 5066.633302 5443.987540 5587.288410 6365.125376 6569.951480 7134.358408 18368.79170 196418.0067 321559.9103 347740.7717 362256.0114 392665.0563 412824.3226 454116.2929 461345.8622 479873.3805 487243.5332 517552.8111 540866.5761 556695.2563 626975.6420 642834.2404 768944.1553 852843.0271 991858.6418 1035725.607 1251091.978 1588307.484 1821607.855 2112051.306 2206771.792 2665278.131 6483203.717
