years
 1997 1998 1999 2000 2001 2002 2003 2004 2005 2006 2007 2008 2009 2010 2011 2012 2013 2014 2015 2016 2017 2018 2019 2020 2021
reclasobs
 0 0 0 370054 412103 1.49427e+06 250295 1.28982e+06 931140 785840 897777 1.04006e+06 184774 17550 25797 100020 73551 82996 120727 218422 84188 347160 605670 569463 516374
reclaspred
 2.06906e+06 257116 339486 105915 233946 243135 529485 443663 585149 1.02941e+06 927484 584254 361775 158425 96232.6 90919.2 101911 120938 104346 169796 294482 261062 440932 513425 400276
pelacesobs
 0 0 0 0 0 0 0 0 0 2.06254e+06 1.5e+06 0 1.87456e+06 323000 250000 174000 83755 137374 0 501740 490994 745055 786931 1.00524e+06 1.33801e+06
pelacespred
 1.34165e+06 501921 150430 109117 213621 149131 504417 407178 541727 967777 723981 465100 313018 106937 66662.2 66941.1 77909.1 94034.3 80035.2 136018 260969 220050 296269 400164 296569
mphobs
 0 0 0 0 0 112323 0 153150 637223 0 255016 313432 73983 77613 109348 50772 0 0 0 0 0 0 0 0 0
mphpred
 2.13167e+06 908801 391367 185284 122550 323451 355868 479043 511003 717784 1.25947e+06 873575 476081 271380 116409 91501.7 102121 122574 130009 123821 249375 325097 372753 533995 587301
desembarqueobs
 350755 77701 442110 56441 14545 235359 269955 359681 431902 328805 639364 411747 362871 311530 167758 66681 60226 58785 57116 73181 50977 67692 138656 160484 209506
desembarquepred
 350744 77681.2 441597 56420.3 14543.7 235215 269850 359154 431474 328565 638683 411382 362289 311074 167423 66633.3 60205.9 58744.2 57070.8 73112.5 50964.6 67654 138582 160407 209405
Reclutas
 7085.56 10496.8 1473.56 7913.72 55512.7 17053.1 56396.6 71408.2 94583.3 215284 52865.6 23356.3 54239.6 23015.8 14802 15006.5 10158.4 10013.6 7969.4 27546 30980.6 31187.8 62660.7 51185.1 1424.42
log_desv_Rt
 -1.11419 -0.72117 -2.68456 -1.00365 0.944366 -0.235914 0.960164 1.19617 1.47724 2.29972 0.895508 0.0786202 0.921167 0.0639359 -0.37748 -0.363763 -0.753949 -0.7683 -0.996636 0.243614 0.361117 0.367783 1.06549 0.863204 -2.71848
SSB
 2.13167e+06 908801 391367 185284 122550 323451 355868 479043 511003 717784 1.25947e+06 873575 476081 271380 116409 91501.7 102121 122574 130009 123821 249375 325097 372753 533995 587301
BT
 2.6221e+06 1.06819e+06 518674 262308 394968 449638 1.10035e+06 1.11338e+06 1.3607e+06 2.03671e+06 1.8483e+06 1.20152e+06 919756 487644 257758 174516 188211 215750 192839 303456 507324 457985 626999 845975 704796
Ftot
 0.116098 0.213468 0.831561 0.431564 0.114322 0.717859 0.662588 1.05149 0.97637 0.495981 0.534701 0.51385 0.99456 1.61705 1.75907 0.752289 0.581968 0.461155 0.456991 0.580762 0.181349 0.225195 0.299493 0.279756 0.348608
BD_Bspro_t
 0.981784 0.86417 0.653008 0.322259 0.392126 0.683289 0.517986 0.536207 0.504997 0.54072 0.64025 0.474564 0.335657 0.255338 0.146427 0.144109 0.209 0.312342 0.379976 0.427137 0.623392 0.734665 0.727073 0.735161 0.699455
BD_Bspro
 4.80736 2.04954 0.882615 0.417854 0.276377 0.729451 0.802559 1.08034 1.15242 1.61876 2.84038 1.9701 1.07366 0.61202 0.262528 0.206356 0.230304 0.27643 0.293198 0.279244 0.562393 0.733163 0.840637 1.20427 1.32449
BD_Bo
 2.16179 0.921644 0.396898 0.187902 0.124282 0.328022 0.360897 0.485813 0.518225 0.727928 1.27727 0.88592 0.482809 0.275215 0.118054 0.0927947 0.103564 0.124306 0.131846 0.125571 0.252899 0.329692 0.378021 0.541542 0.595601
BD_Brms
 7.16962 3.05665 1.31632 0.623181 0.412185 1.08789 1.19692 1.61121 1.7187 2.41419 4.23609 2.93817 1.60124 0.912757 0.39153 0.307756 0.343472 0.412263 0.43727 0.41646 0.838744 1.09343 1.25371 1.79603 1.97532
S_f
 0.141756 1 1 1 1
 0.141756 1 1 1 1
 0.141756 1 1 1 1
 0.141756 1 1 1 1
 0.141756 1 1 1 1
 0.141756 1 1 1 1
 0.141756 1 1 1 1
 0.141756 1 1 1 1
 0.141756 1 1 1 1
 0.141756 1 1 1 1
 0.141756 1 1 1 1
 0.141756 1 1 1 1
 0.141756 1 1 1 1
 0.141756 1 1 1 1
 0.141756 1 1 1 1
 0.141756 1 1 1 1
 0.141756 1 1 1 1
 0.141756 1 1 1 1
 0.141756 1 1 1 1
 0.141756 1 1 1 1
 0.141756 1 1 1 1
 0.141756 1 1 1 1
 0.141756 1 1 1 1
 0.141756 1 1 1 1
 0.141756 1 1 1 1
Scru_reclas
 0.828715 1 1 1 1
 0.828715 1 1 1 1
 0.828715 1 1 1 1
 0.828715 1 1 1 1
 0.828715 1 1 1 1
 0.828715 1 1 1 1
 0.828715 1 1 1 1
 0.828715 1 1 1 1
 0.828715 1 1 1 1
 0.828715 1 1 1 1
 0.828715 1 1 1 1
 0.828715 1 1 1 1
 0.828715 1 1 1 1
 0.828715 1 1 1 1
 0.828715 1 1 1 1
 0.828715 1 1 1 1
 0.828715 1 1 1 1
 0.828715 1 1 1 1
 0.828715 1 1 1 1
 0.828715 1 1 1 1
 0.828715 1 1 1 1
 0.828715 1 1 1 1
 0.828715 1 1 1 1
 0.828715 1 1 1 1
 0.828715 1 1 1 1
Scru_pelaces
 1 1 1 1 1
 1 1 1 1 1
 1 1 1 1 1
 1 1 1 1 1
 1 1 1 1 1
 1 1 1 1 1
 1 1 1 1 1
 1 1 1 1 1
 1 1 1 1 1
 1 1 1 1 1
 1 1 1 1 1
 1 1 1 1 1
 1 1 1 1 1
 1 1 1 1 1
 1 1 1 1 1
 1 1 1 1 1
 1 1 1 1 1
 1 1 1 1 1
 1 1 1 1 1
 1 1 1 1 1
 1 1 1 1 1
 1 1 1 1 1
 1 1 1 1 1
 1 1 1 1 1
 1 1 1 1 1
pf_obs 
 0.256992 0.487395 0.22802 0.0275931 0
 0.321318 0.546541 0.124235 0.00734118 0.000564706
 0.182869 0.594174 0.210203 0.0122559 0.00049798
 0.330522 0.361315 0.267642 0.0388342 0.00168674
 0.649043 0.306663 0.0425973 0.00169635 0
 0.582887 0.30429 0.105238 0.00758474 0
 0.465427 0.430635 0.0974691 0.00646863 0
 0.296916 0.608066 0.0921331 0.00288517 0
 0.311714 0.524322 0.152257 0.0117073 0
 0.15457 0.633149 0.183074 0.0267441 0.00246327
 0.131901 0.49318 0.331252 0.0422183 0.00144891
 0.196976 0.569456 0.194076 0.0375587 0.00193317
 0.518974 0.381816 0.0799577 0.0180837 0.00116848
 0.0928022 0.601141 0.25162 0.0475244 0.00691264
 0.122501 0.610282 0.24278 0.0234846 0.000952079
 0.383417 0.481906 0.127806 0.00687128 0
 0.0376549 0.599619 0.316969 0.0457579 0
 0.0361596 0.667082 0.258105 0.0386534 0
 0.158088 0.579412 0.248529 0.0139706 0
 0.0477256 0.309471 0.559284 0.082774 0.000745712
 0.0406174 0.521527 0.379366 0.0568643 0.0016247
 0.151134 0.462217 0.34131 0.0453401 0
 0.294876 0.26143 0.354403 0.0886775 0.000613685
 0.281977 0.475581 0.204845 0.0348837 0.00271318
 0.0354234 0.537034 0.353287 0.0723622 0.0018943
pf_pred 
 0.0123929 0.637082 0.309705 0.0408183 1.68154e-06
 0.0383141 0.0823351 0.567248 0.275757 0.0363455
 0.0129354 0.234647 0.0644185 0.443812 0.244187
 0.19992 0.0991214 0.166633 0.0457465 0.488579
 0.603798 0.271738 0.0154198 0.0259223 0.0831225
 0.0953673 0.83145 0.0501925 0.00284819 0.0201416
 0.40578 0.307158 0.263839 0.0159273 0.0072952
 0.33051 0.582883 0.0447677 0.038454 0.00338463
 0.3444 0.562109 0.0813966 0.00625157 0.00584254
 0.434086 0.486614 0.0679917 0.00984558 0.00146288
 0.0737336 0.809433 0.100462 0.0140369 0.00233464
 0.0647586 0.395755 0.471439 0.058512 0.00953529
 0.279185 0.278929 0.186988 0.222747 0.0321512
 0.160757 0.688574 0.0583033 0.0390851 0.0532802
 0.234423 0.584757 0.148357 0.0125618 0.0199006
 0.290971 0.602084 0.0816857 0.0207242 0.00453472
 0.176351 0.666548 0.133405 0.0180993 0.00559668
 0.19456 0.538951 0.215659 0.0431627 0.00766673
 0.163227 0.570531 0.178152 0.0712869 0.0168018
 0.45058 0.34793 0.137381 0.0428981 0.0212113
 0.248282 0.665724 0.0544569 0.0215024 0.0100342
 0.187052 0.583602 0.20311 0.0166146 0.00962169
 0.298706 0.451863 0.179062 0.0623188 0.00804989
 0.173218 0.642245 0.118902 0.0471181 0.0185167
 0.00587063 0.625253 0.286543 0.0530493 0.0292835
pobs_RECLAS
 0 0 0 0 0
 0 0 0 0 0
 0 0 0 0 0
 0 0 0 0 0
 0.835266 0.146461 0.0176864 0.000547809 3.91292e-05
 0.385257 0.428462 0.181853 0.0044286 0
 0.867414 0.0963971 0.0333333 0.00285562 0
 0.441836 0.489002 0.0689373 0.000224442 0
 0.779404 0.147425 0.0564933 0.0165055 0.000172143
 0.814271 0.122319 0.05973 0.00367925 0
 0.40263 0.566651 0.0304383 0.000280538 0
 0.475488 0.404961 0.113038 0.00651328 0
 0.955842 0.0263864 0.0167828 0.000988607 0
 0.975058 0.0227948 0.00214734 0 0
 0.738997 0.206755 0.0527124 0.00153531 0
 0.850938 0.134255 0.0134407 0.00136685 0
 0.542534 0.407297 0.0501686 0 0
 0.764087 0.199537 0.0359546 0.000420521 0
 0.470689 0.182191 0.310203 0.0369168 0
 0.84361 0.089868 0.0606195 0.00523954 0.000663233
 0.607945 0.314616 0.071237 0.00620181 0
 0.523733 0.453247 0.0230204 0 0
 0.530135 0.295979 0.169645 0.0042399 0
 0.562478 0.366248 0.0663022 0.0049721 0
 0.250443 0.683176 0.0655157 0.000865301 0
ppred_RECLAS
 0.0687478 0.600729 0.292033 0.0384891 1.58558e-06
 0.19082 0.0692783 0.477293 0.232027 0.0305818
 0.0758004 0.219702 0.0603158 0.415546 0.228635
 0.600547 0.049488 0.0831944 0.0228397 0.243931
 0.899645 0.0688293 0.00390574 0.00656596 0.0210544
 0.394542 0.556478 0.0335931 0.00190625 0.0134805
 0.807587 0.0994604 0.0854333 0.00515738 0.00236225
 0.760375 0.208626 0.0160233 0.0137635 0.00121143
 0.769833 0.197344 0.0285765 0.00219479 0.00205119
 0.822718 0.15244 0.0212995 0.00308429 0.000458272
 0.32582 0.589144 0.0731207 0.0102167 0.00169926
 0.295572 0.298085 0.35509 0.0440715 0.00718203
 0.71195 0.111465 0.0747234 0.0890135 0.0128482
 0.572463 0.350781 0.0297015 0.0199112 0.0271426
 0.686833 0.239201 0.060687 0.00513852 0.00814055
 0.717992 0.239472 0.0324896 0.00824283 0.00180363
 0.566278 0.350995 0.0702493 0.00953083 0.00294713
 0.593004 0.272337 0.108975 0.0218105 0.00387407
 0.540481 0.313311 0.0978335 0.0391477 0.00922685
 0.833343 0.105539 0.041672 0.0130124 0.00643406
 0.661119 0.300114 0.0245496 0.00969346 0.00452349
 0.576808 0.303803 0.105732 0.00864898 0.00500871
 0.717222 0.182202 0.0722021 0.0251284 0.0032459
 0.554722 0.345892 0.0640369 0.0253763 0.00997247
 0.0340914 0.607504 0.278409 0.0515434 0.0284522
pobs_PELACES
 0 0 0 0 0
 0 0 0 0 0
 0 0 0 0 0
 0 0 0 0 0
 0 0 0 0 0
 0 0 0 0 0
 0 0 0 0 0
 0 0 0 0 0
 0 0 0 0 0
 0 0 0 0 0
 0.450072 0.473896 0.0757376 0.000293798 0
 0 0 0 0 0
 0.463077 0.371075 0.160297 0.00555027 0
 0.529543 0.364841 0.0842815 0.0213345 0
 0.631943 0.363953 0.00410389 0 0
 0.735681 0.248677 0.0153453 0.000297389 0
 0.695825 0.281241 0.0229344 0 0
 0.275771 0.60734 0.115278 0.00161068 0
 0 0 0 0 0
 0.896147 0.0623911 0.0374545 0.00400742 0
 0.803859 0.145111 0.0509908 3.86294e-05 0
 0.739449 0.233085 0.0266225 0.000797448 4.60066e-05
 0.878498 0.100942 0.0204185 0.000141795 0
 0.694673 0.275183 0.0284847 0.00165964 0
 0.469039 0.446079 0.0841089 0.000773354 0
ppred_PELACES
 0.0842986 0.590697 0.287156 0.0378464 1.55911e-06
 0.232124 0.065742 0.45293 0.220183 0.0290208
 0.11131 0.211261 0.0579983 0.39958 0.219851
 0.672133 0.0406192 0.068285 0.0187466 0.200216
 0.917854 0.0563404 0.00319705 0.00537457 0.0172341
 0.490734 0.468068 0.0282561 0.0016034 0.0113388
 0.859355 0.0727009 0.0624477 0.00376981 0.00172669
 0.837592 0.141399 0.0108599 0.00932834 0.000821058
 0.841813 0.135629 0.0196399 0.00150842 0.00140973
 0.865672 0.115505 0.0161388 0.00233699 0.000347236
 0.404238 0.520616 0.0646155 0.00902834 0.0015016
 0.369337 0.26687 0.317907 0.0394565 0.00642996
 0.798095 0.0781298 0.0523763 0.0623928 0.00900574
 0.718649 0.23084 0.0195458 0.0131031 0.0178619
 0.813275 0.142623 0.0361843 0.00306382 0.00485376
 0.791743 0.176845 0.0239929 0.00608715 0.00133194
 0.650079 0.283178 0.0566762 0.00768935 0.00237771
 0.667052 0.222788 0.0891478 0.0178423 0.00316923
 0.61765 0.260695 0.0814039 0.0325734 0.00767734
 0.876735 0.0780597 0.030822 0.00962437 0.00475884
 0.712494 0.254617 0.0208279 0.00822392 0.00383773
 0.636763 0.260762 0.0907525 0.00742365 0.00429911
 0.769133 0.148754 0.0589475 0.0205154 0.00265003
 0.619371 0.295673 0.0547395 0.0216919 0.00852458
 0.0448986 0.600707 0.275294 0.0509667 0.0281339
pobs_pel_tallas
 0 0 0 0 0 0 0 0 0 0 0 0 0 0 0 0 0 0 0 0 0 0 0 0 0 0 0 0 0 0 0 0 0 0 0 0
 0 0 0 0 0 0 0 0 0 0 0 0 0 0 0 0 0 0 0 0 0 0 0 0 0 0 0 0 0 0 0 0 0 0 0 0
 0 0 0 0 0 0 0 0 0 0 0 0 0 0 0 0 0 0 0 0 0 0 0 0 0 0 0 0 0 0 0 0 0 0 0 0
 0 0 0 0 0 0 0 0 0 0 0 0 0 0 0 0 0 0 0 0 0 0 0 0 0 0 0 0 0 0 0 0 0 0 0 0
 0 0 0 0 0 0 0 0 0 0 0 0 0 0 0 0 0 0 0 0 0 0 0 0 0 0 0 0 0 0 0 0 0 0 0 0
 0 0 0 0 0 0 0 0 0 0 0 0 0 0 0 0 0 0 0 0 0 0 0 0 0 0 0 0 0 0 0 0 0 0 0 0
 0 0 0 0 0 0 0 0 0 0 0 0 0 0 0 0 0 0 0 0 0 0 0 0 0 0 0 0 0 0 0 0 0 0 0 0
 0 0 0 0 0 0 0 0 0 0 0 0 0 0 0 0 0 0 0 0 0 0 0 0 0 0 0 0 0 0 0 0 0 0 0 0
 0 0 0 0 0 0 0 0 0 0 0 0 0 0 0 0 0 0 0 0 0 0 0 0 0 0 0 0 0 0 0 0 0 0 0 0
 0 0 0 0 0 0 0 0 0 0 0 0 0 0 0 0 0 0 0 0 0 0 0 0 0 0 0 0 0 0 0 0 0 0 0 0
 0 0 0 0 0 0 0 0 1.78061e-05 0.00172719 0.00360574 0.0105946 0.0120993 0.0124554 0.0147524 0.0171206 0.0266825 0.0428682 0.0675386 0.121331 0.153587 0.119568 0.100827 0.0573624 0.0630603 0.0341343 0.0324427 0.0444173 0.0211091 0.0280891 0.0125444 0.00206551 0 0 0 0
 0 0 0 0 0 0 0 0 0 0 0 0 0 0 0 0 0 0 0 0 0 0 0 0 0 0 0 0 0 0 0 0 0 0 0 0
 0 0 0 0 0 0 0.0133647 0.0140871 0.0187388 0.0205184 0.03894 0.0496705 0.03968 0.0493445 0.0407372 0.0367815 0.0215668 0.0243155 0.0234873 0.0199281 0.019796 0.0243948 0.0301388 0.0376714 0.0412746 0.0863199 0.0771752 0.113111 0.0741005 0.0525337 0.0229764 0.00759418 0.00175318 0 0 0
 0 0 0 0 0 0 0 0 0 0 0.00219441 0.00772107 0.0458388 0.0604681 0.0671733 0.0775358 0.0609151 0.0617685 0.073594 0.0568108 0.0755445 0.0548602 0.0670107 0.0636378 0.0643287 0.046367 0.0373049 0.0286899 0.0247887 0.0153202 0.00654259 0.00121912 0.000365735 0 0 0
 0 0 0 0 0 0 0 0 0 0 0 0 0.000112435 0.00938835 0.0111873 0.0202946 0.0414886 0.0713402 0.111592 0.104902 0.108894 0.110636 0.117776 0.105296 0.107544 0.0401394 0.0192827 0.0124803 0.00416011 0.0028671 0.000618394 0 0 0 0 0
 0 0 0 0 0 0 0 0 0 0 0.00291406 0.0102884 0.027416 0.0768956 0.0749926 0.110853 0.0956884 0.0897413 0.0766577 0.0534642 0.0500743 0.0551293 0.0594112 0.0620874 0.0668451 0.0424026 0.0208742 0.0120726 0.0048766 0.00582813 0.00118941 0.000297354 0 0 0 0
 0 0.00264628 0.0354308 0.0461629 0.0458689 0.0383711 0.0214643 0.0164657 0.0346957 0.0420465 0.0363128 0.0245516 0.0311673 0.0291091 0.0169068 0.0133784 0.00837989 0.0085269 0.0148486 0.0160247 0.0276389 0.0546898 0.0760071 0.122758 0.109233 0.0665981 0.0333725 0.0166128 0.00676272 0.00308733 0.000882094 0 0 0 0 0
 0 0 0 0 0 0 0 0.000805153 0.000690131 0.00759144 0.0133425 0.0154129 0.00931677 0.000345066 0.00356568 0.00563607 0.00851162 0.0253048 0.0502646 0.0516448 0.0657925 0.0565908 0.0611916 0.0827007 0.0866115 0.110766 0.145733 0.0935128 0.0569358 0.0249597 0.0138026 0.00621118 0.00161031 0.00115022 0 0
 0 0 0 0 0 0 0 0 0 0 0 0 0 0 0 0 0 0 0 0 0 0 0 0 0 0 0 0 0 0 0 0 0 0 0 0
 0.00147267 0.00158595 0.00478618 0.00569244 0.00954404 0.0108468 0.00647125 0.017049 0.0510054 0.094081 0.124002 0.0959785 0.0687766 0.0820023 0.061753 0.0591476 0.0492212 0.0479892 0.0443925 0.0268479 0.0217502 0.0140895 0.0121071 0.0120363 0.00920419 0.00665534 0.0049561 0.00860946 0.00930331 0.0156896 0.0114698 0.00855282 0.00243557 0.00046729 0 2.83206e-05
 0 0 0 0 0.000772559 0.00158375 0.000888443 0.00281984 0.00712685 0.0440552 0.0773331 0.111326 0.0921469 0.0852325 0.0710754 0.0886704 0.0786465 0.0553345 0.0373146 0.0185414 0.00753245 0.00457741 0.012979 0.0271748 0.0457355 0.0583668 0.034881 0.0177882 0.00938659 0.00492506 0.0015258 0.00185414 0.000309023 5.79419e-05 3.86279e-05 0
 0 0.00173294 0.00326652 0 0.00397197 0.00683976 0.00946217 0.0152591 0.00757587 0.0136028 0.0228656 0.0392903 0.0559909 0.0764795 0.0681675 0.0726916 0.0566044 0.0477403 0.0527397 0.0444891 0.0609904 0.0582453 0.0661739 0.0445044 0.0529084 0.0360697 0.0280645 0.0235558 0.0158879 0.00826598 0.00280645 0.00217768 0.000904811 0.00058276 9.20147e-05 0
 0 0 0 0 0 0 0 0 0 0 0 0 0 0 0 0 0 0 0 0 0 0 0 0 0 0 0 0 0 0 0 0 0 0 0 0
 0 0 0 0 0 0 0 0 0 0 0 0 0 0 0 0 0 0 0 0 0 0 0 0 0 0 0 0 0 0 0 0 0 0 0 0
 0 0 0 0 0 0 0 0 0 0 0 0 0 0 0 0 0 0 0 0 0 0 0 0 0 0 0 0 0 0 0 0 0 0 0 0
ppred_pel_tallas
 1.0557e-16 3.71308e-06 2.17044e-05 0.000102989 0.000396204 0.00123525 0.00312077 0.00639025 0.0106106 0.0143042 0.0157097 0.0141995 0.0109122 0.00787918 0.00665313 0.00776475 0.0110952 0.0163878 0.0234127 0.0318602 0.0412057 0.0506763 0.0593359 0.0662546 0.0707035 0.0723065 0.0711043 0.0675047 0.0621508 0.0557522 0.0489398 0.0421825 0.0357711 0.029854 0.0244918 0.0197063
 1.15373e-16 1.01378e-05 5.94713e-05 0.000282643 0.0010881 0.00339302 0.0085705 0.0175369 0.0290717 0.0390498 0.0425133 0.0375462 0.0269798 0.0159591 0.00816064 0.00434318 0.00349051 0.00441536 0.0064551 0.00940349 0.0132509 0.0180079 0.0236248 0.0299607 0.0367736 0.0437245 0.0503954 0.0563219 0.0610397 0.0641417 0.0653361 0.0644944 0.0616782 0.0571329 0.0512553 0.0445329
 1.24895e-16 4.874e-06 2.85588e-05 0.000135661 0.000522145 0.0016281 0.00411262 0.00841668 0.0139583 0.0187662 0.0204757 0.0181904 0.0133043 0.0083389 0.0051305 0.0041316 0.00494709 0.00708381 0.0102594 0.0143471 0.019241 0.024781 0.0307472 0.0368922 0.042983 0.048829 0.0542843 0.059223 0.0635018 0.0669319 0.0692763 0.0702807 0.0697304 0.0675103 0.0636529 0.058353
 1.10982e-16 2.93222e-05 0.000172105 0.000818129 0.00314987 0.00982261 0.024811 0.0507657 0.0841469 0.112998 0.12294 0.108386 0.0774631 0.0449612 0.0213632 0.008642 0.00356764 0.00236436 0.00275424 0.00380617 0.00524324 0.00699729 0.0090373 0.0113244 0.0138047 0.0164079 0.0190463 0.0216115 0.0239744 0.0259896 0.027508 0.0283957 0.0285559 0.027948 0.0265974 0.0245967
 1.01054e-16 4.00376e-05 0.000235012 0.00111719 0.00430133 0.0134134 0.033881 0.0693237 0.114907 0.154302 0.167873 0.147985 0.105733 0.0613033 0.0289975 0.011487 0.00432832 0.00232041 0.0022944 0.00290878 0.00370834 0.00452446 0.00525355 0.00581116 0.00613791 0.00621129 0.00604977 0.00570558 0.00524922 0.00475095 0.00426543 0.00382388 0.00343442 0.00308858 0.0027703 0.00246428
 1.01139e-16 2.14299e-05 0.000125731 0.000597571 0.00230052 0.00717381 0.0181209 0.0370805 0.0614756 0.0825918 0.0899601 0.0795506 0.0573797 0.0343637 0.0183135 0.01085 0.00978445 0.0124628 0.01719 0.0230586 0.0294162 0.0355705 0.0407629 0.0442851 0.0456361 0.0446437 0.0415065 0.0367366 0.0310287 0.025097 0.0195347 0.0147305 0.010854 0.00789418 0.00572571 0.00417615
 1.01121e-16 3.74876e-05 0.00022004 0.00104601 0.00402724 0.0125586 0.031722 0.0649064 0.107586 0.144474 0.157186 0.138579 0.0990451 0.0574925 0.0273217 0.0110481 0.00452729 0.00290471 0.00322446 0.0042333 0.00549636 0.00683411 0.00811604 0.00922131 0.0100498 0.0105387 0.0106715 0.010474 0.0100016 0.00932251 0.00850277 0.00759832 0.00665331 0.00570274 0.00477645 0.00390129
 1.0056e-16 3.65413e-05 0.000214478 0.00101955 0.00392536 0.0122409 0.0309195 0.063265 0.104867 0.140828 0.153236 0.135132 0.0966611 0.0562681 0.0270378 0.0114475 0.00548039 0.0044157 0.00536076 0.00705117 0.00898592 0.0108855 0.0125087 0.0136398 0.014126 0.0139124 0.0130544 0.0117008 0.0100544 0.00832428 0.00668379 0.00524646 0.0040621 0.00312872 0.00241238 0.00186675
 1.00441e-16 3.67252e-05 0.000215558 0.00102469 0.00394513 0.0123026 0.0310752 0.0635836 0.105395 0.141537 0.154005 0.135808 0.0971368 0.0565306 0.0271369 0.0114434 0.00541085 0.00429368 0.00518553 0.00681927 0.0086979 0.0105493 0.0121403 0.0132617 0.0137638 0.0135894 0.012787 0.0114952 0.00990561 0.0082179 0.00660003 0.005165 0.00396644 0.00300911 0.00226671 0.00169964
 1.00364e-16 3.77647e-05 0.000221663 0.00105371 0.00405691 0.0126511 0.0319557 0.0653848 0.10838 0.145543 0.158359 0.139633 0.0998428 0.0580447 0.02775 0.011506 0.00514842 0.00378974 0.00444066 0.00580787 0.00740205 0.00897585 0.0103278 0.0112795 0.0117034 0.0115511 0.0108642 0.00976091 0.00840473 0.00696588 0.00558749 0.00436575 0.00334626 0.00253287 0.001903 0.00142271
 1.01468e-16 1.76606e-05 0.000103596 0.000492329 0.00189529 0.00591012 0.014929 0.03055 0.0506529 0.0680643 0.0741697 0.0656661 0.0475362 0.0288122 0.0159813 0.0104415 0.0104523 0.0138729 0.0193145 0.0259791 0.0332104 0.0402579 0.0462805 0.0504845 0.0522993 0.0515125 0.0483184 0.0432576 0.0370756 0.0305464 0.0243195 0.0188299 0.0142811 0.0106854 0.00793405 0.00586605
 1.06256e-16 1.6129e-05 9.46265e-05 0.000449734 0.00173137 0.005399 0.0136376 0.0279061 0.046264 0.062151 0.0676847 0.0598269 0.0430978 0.0257033 0.0135123 0.00774062 0.00675117 0.00858293 0.0120341 0.0165392 0.0217628 0.0273572 0.0329041 0.0379568 0.0421146 0.0450886 0.0467379 0.0470637 0.0461747 0.0442388 0.0414432 0.0379728 0.034008 0.0297307 0.0253294 0.0209944
 1.03334e-16 3.48165e-05 0.000204358 0.000971452 0.00374019 0.0116635 0.0294609 0.0602801 0.0999178 0.134178 0.145988 0.128714 0.0920121 0.0534458 0.0254665 0.0104183 0.00446136 0.00309696 0.00358868 0.00477908 0.00626716 0.0078851 0.00950694 0.0110131 0.0123011 0.0133017 0.0139849 0.0143556 0.0144395 0.0142674 0.0138646 0.0132479 0.0124301 0.0114289 0.0102741 0.00901048
 1.01638e-16 3.13584e-05 0.000184042 0.000874836 0.00336814 0.0105032 0.0265304 0.0542852 0.0899856 0.120854 0.131528 0.116052 0.0831503 0.0486811 0.0239127 0.0110203 0.00660646 0.00665549 0.00868919 0.0115799 0.0148008 0.0179669 0.0206998 0.0226515 0.0235733 0.0233739 0.0221392 0.0201049 0.0175922 0.0149307 0.012391 0.0101472 0.00827174 0.00675618 0.00554443 0.00456473
 1.00893e-16 3.54811e-05 0.000208253 0.000989959 0.00381142 0.0118856 0.030022 0.0614287 0.101823 0.136742 0.148791 0.131217 0.093871 0.054665 0.0263076 0.011209 0.00547472 0.004527 0.00556247 0.00735681 0.00942382 0.0114884 0.0133081 0.0146616 0.0153857 0.0154103 0.014773 0.0136031 0.0120859 0.0104168 0.00876254 0.00723763 0.00590094 0.00476589 0.0038177 0.00303003
 1.0067e-16 3.45435e-05 0.000202746 0.000963769 0.00371057 0.0115711 0.0292277 0.0598036 0.0991308 0.133129 0.144869 0.127779 0.091456 0.0533492 0.0258434 0.0113003 0.00594289 0.00532311 0.00670867 0.00888789 0.0113489 0.0137693 0.0158517 0.0173249 0.0179939 0.0177848 0.0167606 0.0151012 0.0130552 0.0108812 0.0087959 0.00694438 0.00539462 0.00415142 0.00317996 0.00242902
 1.01273e-16 2.83707e-05 0.000166496 0.000791411 0.00304691 0.00950146 0.0240001 0.0491084 0.0814067 0.109339 0.119014 0.105055 0.0753671 0.044318 0.0221309 0.0108086 0.00731325 0.00803843 0.0107475 0.0143933 0.0184339 0.0224203 0.0258883 0.0284022 0.0296433 0.0294824 0.0280067 0.0254888 0.0223129 0.0188815 0.015536 0.0125092 0.00991657 0.00777783 0.00605205 0.00467262
 1.021e-16 2.91085e-05 0.000170833 0.000812039 0.00312636 0.00974923 0.0246259 0.0503884 0.0835265 0.112181 0.122092 0.107736 0.0772134 0.0452485 0.022309 0.0104246 0.00645516 0.00668836 0.00883886 0.0118722 0.0153058 0.0187802 0.0219308 0.0244089 0.025947 0.026414 0.0258384 0.0243877 0.0223164 0.0199001 0.0173792 0.0149264 0.0126415 0.0105665 0.00870842 0.00706073
 1.02719e-16 2.69558e-05 0.000158191 0.000751933 0.00289492 0.00902749 0.0228029 0.0466586 0.0773456 0.103884 0.113076 0.0998117 0.071602 0.0420975 0.0210111 0.010247 0.00692168 0.0076152 0.0102135 0.0137379 0.0176942 0.0216784 0.0252695 0.0280655 0.0297621 0.0302175 0.0294779 0.0277514 0.0253448 0.0225839 0.0197468 0.0170256 0.0145221 0.0122674 0.0102526 0.00845565
 1.01017e-16 3.82456e-05 0.000224489 0.00106716 0.00410869 0.0128126 0.0323635 0.0662191 0.109762 0.147396 0.160365 0.141382 0.101049 0.0586559 0.0278744 0.0112693 0.00460991 0.00293945 0.00323605 0.00421301 0.00541739 0.0066574 0.00779432 0.00870526 0.00929659 0.00952181 0.00938911 0.00895413 0.00830175 0.00752342 0.00669794 0.00588079 0.00510309 0.00437734 0.00370595 0.00308854
 1.00841e-16 3.10911e-05 0.00018247 0.000867358 0.00333934 0.0104134 0.0263035 0.0538211 0.0892171 0.119824 0.130413 0.115082 0.082486 0.0483535 0.0238657 0.0111895 0.00696618 0.00721981 0.00949076 0.0126465 0.0161368 0.0195406 0.0224375 0.0244406 0.0252749 0.0248422 0.0232439 0.0207506 0.0177316 0.0145673 0.0115742 0.00896079 0.0068192 0.00514691 0.00388201 0.00293857
 1.0183e-16 2.77893e-05 0.000163084 0.000775195 0.00298448 0.00930679 0.0235083 0.0481021 0.0797381 0.107097 0.116571 0.102891 0.0738001 0.0433673 0.0216029 0.0104654 0.00697725 0.00760822 0.0101759 0.013671 0.0175866 0.0215121 0.0250208 0.0277058 0.0292591 0.0295382 0.0285922 0.0266365 0.0239902 0.0209958 0.01795 0.0150639 0.0124553 0.0101662 0.00819086 0.00650317
 1.01715e-16 3.35566e-05 0.000196954 0.000936239 0.00360459 0.0112406 0.0283928 0.0580952 0.0962984 0.129324 0.140723 0.124113 0.0888107 0.0517634 0.0249967 0.0107996 0.00549969 0.00477819 0.00599169 0.00798518 0.0102947 0.0126481 0.0147976 0.0165106 0.0176084 0.0180023 0.0177083 0.0168338 0.0155426 0.0140118 0.0123948 0.010801 0.00929274 0.00789631 0.00661757 0.00545577
 1.02018e-16 2.70322e-05 0.000158637 0.000754044 0.00290304 0.00905279 0.0228668 0.0467897 0.0775638 0.10418 0.113405 0.100119 0.0718595 0.0423228 0.0212597 0.0105908 0.00743449 0.00836427 0.0112521 0.0150926 0.0193494 0.0235636 0.0272553 0.0299729 0.0313856 0.0313584 0.0299793 0.0275266 0.0243916 0.0209823 0.0176414 0.0145982 0.0119624 0.00974743 0.00790866 0.00638032
 1.0717e-16 1.99536e-06 1.16192e-05 5.50412e-05 0.000211591 0.000659535 0.00166659 0.00341496 0.00567929 0.0076835 0.00850988 0.00786019 0.00639925 0.00529594 0.00549411 0.00741615 0.0111406 0.01664 0.0238236 0.0324383 0.0419734 0.0516532 0.0605345 0.0676801 0.072357 0.0741891 0.0732199 0.0698601 0.0647522 0.0585984 0.052015 0.0454491 0.0391683 0.0332995 0.0278899 0.022958
pSPR Fmed_Fpbrs
0.52714   0.351521 0.351521
Fs Fmed_Fpbrs
0.482507   1.005 1.005
SSBpbr Bo_Bmed_Bpbrs
986065  470491  297319 297319
Ro
21590.3
SPR SPRFo_SPRFmed_SPRFpbrs
443417 233743 155870
log_Ro
9.8
likeval ReclasPelacesDesembMPH_pf_preclas_ppelaces_ptallas_desvR_qrecl_qpela
 92.7684 88.8935 0.100605 0.000572662 365.091 196.48 83.8866 0 47.8194 6.95609e-06 0 0 0 0 0
q_reclas_q_pelaces
0.688158 1
M
0.7
N
 7085.56 53930.7 26217.3 3455.38 0.142346
 10496.8 3461.15 23845.6 11592.1 1527.87
 1473.56 5057.21 1388.37 9565.22 5262.82
 7913.72 650.381 1093.36 300.164 3205.79
 55512.7 3696.63 209.766 352.639 1130.77
 17053.1 27123.6 1637.38 92.9138 657.06
 56396.6 7648.97 6570.22 396.627 181.668
 71408.2 25495 1958.12 1681.96 148.042
 94583.3 30549.8 4423.79 339.764 317.534
 215284 40897.7 5714.4 827.477 122.949
 52865.6 99648.8 12367.8 1728.07 287.415
 23356.3 24336 28990 3598.05 586.35
 54239.6 10783.6 7229.04 8611.52 1242.98
 23015.8 23392.8 1980.73 1327.83 1810.08
 14802 9088 2305.69 195.228 309.285
 15006.5 5728.23 777.159 197.17 43.1433
 10158.4 6698.21 1340.6 181.882 56.2416
 10013.6 4645.03 1858.69 372.004 66.0769
 7969.4 4657.94 1454.47 582.001 137.174
 27546 3709.24 1464.6 457.331 226.131
 30980.6 12597.9 1030.52 406.903 189.883
 31187.8 14994.1 5218.36 426.867 247.203
 62660.7 15000.8 5944.46 2068.84 267.238
 51185.1 29823 5521.29 2187.95 859.831
 1424.42 24429.5 11195.6 2072.71 1144.15
pred_Ctot
 83.255 4279.88 2080.58 274.215 0.0112965
 225.406 484.387 3337.19 1622.31 213.825
 118.643 2152.17 590.844 4070.63 2239.67
 338.932 168.045 282.5 77.5559 828.308
 642.369 289.097 16.4049 27.5783 88.4325
 1193.58 10406.1 628.192 35.6469 252.085
 3655.82 2767.3 2377.02 143.495 65.7251
 7172.83 12649.9 971.561 834.54 73.4542
 8862.53 14464.9 2094.6 160.873 150.348
 10554.4 11831.6 1653.15 239.386 35.5686
 2787.4 30599.6 3797.82 530.647 88.2579
 1184.99 7241.75 8626.66 1070.69 174.482
 5171.24 5166.51 3463.5 4125.86 595.525
 3435.78 14716.5 1246.08 835.344 1138.73
 2383.32 5945.07 1508.3 127.712 202.324
 1098.39 2272.8 308.355 78.2317 17.1181
 581.26 2196.97 439.709 59.656 18.4469
 457.434 1267.14 507.039 101.48 18.0254
 360.858 1261.31 393.854 157.599 37.145
 1573.03 1214.67 479.613 149.762 74.0511
 566.303 1518.44 124.21 49.0445 22.8868
 705.994 2202.7 766.603 62.7089 36.3154
 1877.72 2840.5 1125.62 391.747 50.6031
 1434.51 5318.79 984.695 390.211 153.347
 49.5332 5275.55 2417.7 447.601 247.078
F
 0.0164575 0.116098 0.116098 0.116098 0.116098
 0.0302603 0.213468 0.213468 0.213468 0.213468
 0.117879 0.831561 0.831561 0.831561 0.831561
 0.0611766 0.431564 0.431564 0.431564 0.431564
 0.0162059 0.114322 0.114322 0.114322 0.114322
 0.101761 0.717859 0.717859 0.717859 0.717859
 0.0939257 0.662588 0.662588 0.662588 0.662588
 0.149054 1.05149 1.05149 1.05149 1.05149
 0.138406 0.97637 0.97637 0.97637 0.97637
 0.0703082 0.495981 0.495981 0.495981 0.495981
 0.0757969 0.534701 0.534701 0.534701 0.534701
 0.0728411 0.51385 0.51385 0.51385 0.51385
 0.140985 0.99456 0.99456 0.99456 0.99456
 0.229226 1.61705 1.61705 1.61705 1.61705
 0.249358 1.75907 1.75907 1.75907 1.75907
 0.106641 0.752289 0.752289 0.752289 0.752289
 0.0824974 0.581968 0.581968 0.581968 0.581968
 0.0653713 0.461155 0.461155 0.461155 0.461155
 0.0647811 0.456991 0.456991 0.456991 0.456991
 0.0823263 0.580762 0.580762 0.580762 0.580762
 0.0257073 0.181349 0.181349 0.181349 0.181349
 0.0319227 0.225195 0.225195 0.225195 0.225195
 0.0424549 0.299493 0.299493 0.299493 0.299493
 0.039657 0.279756 0.279756 0.279756 0.279756
 0.0494172 0.348608 0.348608 0.348608 0.348608
nmprior
 10.6 11 7 0
nm_flota  nm_reclas  nm_pelaces    nm_pelaL
inf 26.2776 19.1752 46.5116
cv_recla  cv_pelaces  cv_mph
0.871214 1.06907 0.776403
 ------------------------------------------------
Talla a la edad & desviación 
 7.2 14.2025 17.0495 18.207 18.6776
 1.08 2.13037 2.55742 2.73105 2.80164
