years
 1997 1998 1999 2000 2001 2002 2003 2004 2005 2006 2007 2008 2009 2010 2011 2012 2013 2014 2015 2016 2017 2018 2019 2020 2021
reclasobs
 0 0 0 370054 412103 1.49427e+06 250295 1.28982e+06 931140 785840 897777 1.04006e+06 184774 17550 25797 100020 73551 82996 120727 218422 84188 347160 605670 569463 516374
reclaspred
 468395 124793 353512 249873 377561 448867 978603 653126 727190 697597 558633 378471 237331 101534 63188.9 62679.9 78557.1 105556 112622 161907 235729 217854 380505 480699 504561
pelacesobs
 0 0 0 0 0 0 0 0 0 2.06254e+06 1.5e+06 0 1.87456e+06 323000 250000 174000 83755 137374 0 501740 490994 745055 786931 1.00524e+06 1.33801e+06
pelacespred
 2.03727e+06 451067 809743 870150 1.14101e+06 1.09136e+06 2.81282e+06 2.25571e+06 2.26158e+06 2.16904e+06 1.52567e+06 1.07311e+06 665752 224102 142232 152688 201841 280709 301530 429316 710574 623909 863423 1.30302e+06 1.3999e+06
mphobs
 0 0 0 0 0 112323 0 153150 637223 0 255016 313432 73983 77613 109348 50772 0 0 0 0 0 0 0 0 0
mphpred
 176298 103396 121309 135766 147450 235522 345385 406513 344174 352220 347097 240142 149127 78140.6 33205.2 26817.3 33043 45145.9 56065.6 65137.8 98981.3 118035 148906 213507 278019
desembarqueobs
 350755 77701 442110 56441 14545 235359 269955 359681 431902 328805 639364 411747 362871 311530 167758 66681 60226 58785 57116 73181 50977 67692 138656 160484 209506
desembarquepred
 350766 77702.3 442123 56443.2 14545.2 235414 269997 359685 431951 328830 639451 411891 363080 311766 167668 66683.5 60249 58780.9 57106.4 73179.9 50978.2 67683.9 138658 160490 209506
Reclutas
 44132.1 54252.4 30313.1 47288.3 81108.9 59498.9 94259.3 91818.6 114124 125516 65350.2 44400 45678 23672.8 15330.3 16445.2 12405.7 13893.2 15925.3 26919.8 32976.7 44227.8 71366.8 82583.6 32271.2
log_desv_Rt
 0.0549422 0.261402 -0.320665 0.124017 0.663549 0.353714 0.813805 0.78757 1.00504 1.10019 0.447516 0.0609946 0.0893716 -0.56792 -1.00242 -0.932213 -1.21409 -1.10084 -0.964333 -0.439383 -0.236444 0.0571087 0.535588 0.681566 -0.258068
SSB
 569149 333796 391625 438298 476017 760342 1.11502e+06 1.31236e+06 1.11111e+06 1.13708e+06 1.12055e+06 775257 481433 252264 107197 86575.2 106674 145746 180999 210287 319545 381057 480719 689273 897538
BT
 1.88745e+06 486900 877684 744371 908678 1.04409e+06 2.395e+06 2.18112e+06 2.17379e+06 2.02154e+06 1.77321e+06 1.22047e+06 875547 468485 250097 174334 206779 267755 285654 396393 600327 554276 773471 1.15543e+06 1.27116e+06
Ftot
 0.554292 0.473937 0.744402 0.152939 0.0289158 0.281886 0.18089 0.35896 0.410046 0.317021 0.628906 0.592679 0.944127 1.71821 1.8799 0.773066 0.532246 0.370988 0.308172 0.317613 0.144121 0.188665 0.222 0.213418 0.215626
BD_Bspro_t
 0.933635 0.706323 0.6493 0.496552 0.641809 0.7881 0.747137 0.7542 0.691567 0.654484 0.624637 0.461962 0.352025 0.246803 0.135587 0.135454 0.215184 0.34698 0.455669 0.552438 0.675042 0.764488 0.774999 0.782622 0.781294
BD_Bspro
 0.663405 0.389075 0.456482 0.510884 0.55485 0.886262 1.29968 1.5297 1.29512 1.32539 1.30612 0.903647 0.561162 0.294041 0.12495 0.100913 0.12434 0.169883 0.210974 0.245112 0.372464 0.444164 0.560331 0.803423 1.04618
BD_Bo
 0.556065 0.326122 0.382622 0.428222 0.465074 0.742863 1.08939 1.28219 1.08557 1.11094 1.09479 0.757435 0.470365 0.246465 0.104733 0.084585 0.104222 0.142396 0.176838 0.205452 0.312199 0.372297 0.469668 0.673428 0.876905
BD_Brms
 1.897 1.11255 1.3053 1.46086 1.58658 2.53425 3.7164 4.37415 3.70338 3.78994 3.73483 2.58396 1.60463 0.840806 0.357293 0.288559 0.355548 0.485777 0.603276 0.700894 1.06506 1.27008 1.60226 2.29737 2.99153
S_f
 0.168514 1 1 1 1
 0.168514 1 1 1 1
 0.168514 1 1 1 1
 0.168514 1 1 1 1
 0.168514 1 1 1 1
 0.168514 1 1 1 1
 0.168514 1 1 1 1
 0.168514 1 1 1 1
 0.168514 1 1 1 1
 0.168514 1 1 1 1
 0.168514 1 1 1 1
 0.168514 1 1 1 1
 0.168514 1 1 1 1
 0.168514 1 1 1 1
 0.168514 1 1 1 1
 0.168514 1 1 1 1
 0.168514 1 1 1 1
 0.168514 1 1 1 1
 0.168514 1 1 1 1
 0.168514 1 1 1 1
 0.168514 1 1 1 1
 0.168514 1 1 1 1
 0.168514 1 1 1 1
 0.168514 1 1 1 1
 0.168514 1 1 1 1
Scru_reclas
 0.939506 1 1 1 1
 0.939506 1 1 1 1
 0.939506 1 1 1 1
 0.939506 1 1 1 1
 0.939506 1 1 1 1
 0.939506 1 1 1 1
 0.939506 1 1 1 1
 0.939506 1 1 1 1
 0.939506 1 1 1 1
 0.939506 1 1 1 1
 0.939506 1 1 1 1
 0.939506 1 1 1 1
 0.939506 1 1 1 1
 0.939506 1 1 1 1
 0.939506 1 1 1 1
 0.939506 1 1 1 1
 0.939506 1 1 1 1
 0.939506 1 1 1 1
 0.939506 1 1 1 1
 0.939506 1 1 1 1
 0.939506 1 1 1 1
 0.939506 1 1 1 1
 0.939506 1 1 1 1
 0.939506 1 1 1 1
 0.939506 1 1 1 1
Scru_pelaces
 1 1 1 1 1
 1 1 1 1 1
 1 1 1 1 1
 1 1 1 1 1
 1 1 1 1 1
 1 1 1 1 1
 1 1 1 1 1
 1 1 1 1 1
 1 1 1 1 1
 1 1 1 1 1
 1 1 1 1 1
 1 1 1 1 1
 1 1 1 1 1
 1 1 1 1 1
 1 1 1 1 1
 1 1 1 1 1
 1 1 1 1 1
 1 1 1 1 1
 1 1 1 1 1
 1 1 1 1 1
 1 1 1 1 1
 1 1 1 1 1
 1 1 1 1 1
 1 1 1 1 1
 1 1 1 1 1
pf_obs 
 0.256992 0.487395 0.22802 0.0275931 0
 0.321318 0.546541 0.124235 0.00734118 0.000564706
 0.182869 0.594174 0.210203 0.0122559 0.00049798
 0.330522 0.361315 0.267642 0.0388342 0.00168674
 0.649043 0.306663 0.0425973 0.00169635 0
 0.582887 0.30429 0.105238 0.00758474 0
 0.465427 0.430635 0.0974691 0.00646863 0
 0.296916 0.608066 0.0921331 0.00288517 0
 0.311714 0.524322 0.152257 0.0117073 0
 0.15457 0.633149 0.183074 0.0267441 0.00246327
 0.131901 0.49318 0.331252 0.0422183 0.00144891
 0.196976 0.569456 0.194076 0.0375587 0.00193317
 0.518974 0.381816 0.0799577 0.0180837 0.00116848
 0.0928022 0.601141 0.25162 0.0475244 0.00691264
 0.122501 0.610282 0.24278 0.0234846 0.000952079
 0.383417 0.481906 0.127806 0.00687128 0
 0.0376549 0.599619 0.316969 0.0457579 0
 0.0361596 0.667082 0.258105 0.0386534 0
 0.158088 0.579412 0.248529 0.0139706 0
 0.0477256 0.309471 0.559284 0.082774 0.000745712
 0.0406174 0.521527 0.379366 0.0568643 0.0016247
 0.151134 0.462217 0.34131 0.0453401 0
 0.294876 0.26143 0.354403 0.0886775 0.000613685
 0.281977 0.475581 0.204845 0.0348837 0.00271318
 0.0354234 0.537034 0.353287 0.0723622 0.0018943
pf_pred 
 0.331485 0.471086 0.176455 0.0209632 1.00911e-05
 0.30022 0.555524 0.101653 0.0380765 0.00452574
 0.167612 0.63419 0.15734 0.0287911 0.0120662
 0.286447 0.451629 0.199558 0.0495096 0.0128564
 0.302669 0.501436 0.123988 0.0547855 0.0171216
 0.16666 0.602533 0.165968 0.0410382 0.0238002
 0.257289 0.427575 0.227854 0.0627626 0.0245194
 0.211007 0.545367 0.140254 0.0747415 0.0286305
 0.25268 0.488197 0.17911 0.0460626 0.0339496
 0.241033 0.538516 0.144013 0.0528357 0.0236028
 0.137051 0.59258 0.191837 0.0513022 0.0272299
 0.150084 0.477344 0.255842 0.0828241 0.0339056
 0.235221 0.445915 0.179086 0.0959848 0.0437937
 0.205733 0.591985 0.117943 0.0473677 0.036971
 0.289439 0.562707 0.110199 0.0219553 0.0156998
 0.360317 0.555353 0.0667829 0.0130786 0.00446895
 0.22556 0.64309 0.114034 0.013713 0.00360315
 0.246695 0.520581 0.193252 0.034268 0.0052036
 0.24408 0.528284 0.157311 0.0583975 0.0119276
 0.317977 0.470136 0.14808 0.0440949 0.0197124
 0.260635 0.5641 0.120815 0.0380535 0.0163971
 0.256496 0.51391 0.175169 0.0375165 0.0169085
 0.297293 0.485658 0.150024 0.0511365 0.0158881
 0.244685 0.555934 0.137798 0.0425668 0.0190171
 0.0917511 0.617725 0.213834 0.0530025 0.0236876
pobs_RECLAS
 0 0 0 0 0
 0 0 0 0 0
 0 0 0 0 0
 0 0 0 0 0
 0.835266 0.146461 0.0176864 0.000547809 3.91292e-05
 0.385257 0.428462 0.181853 0.0044286 0
 0.867414 0.0963971 0.0333333 0.00285562 0
 0.441836 0.489002 0.0689373 0.000224442 0
 0.779404 0.147425 0.0564933 0.0165055 0.000172143
 0.814271 0.122319 0.05973 0.00367925 0
 0.40263 0.566651 0.0304383 0.000280538 0
 0.475488 0.404961 0.113038 0.00651328 0
 0.955842 0.0263864 0.0167828 0.000988607 0
 0.975058 0.0227948 0.00214734 0 0
 0.738997 0.206755 0.0527124 0.00153531 0
 0.850938 0.134255 0.0134407 0.00136685 0
 0.542534 0.407297 0.0501686 0 0
 0.764087 0.199537 0.0359546 0.000420521 0
 0.470689 0.182191 0.310203 0.0369168 0
 0.84361 0.089868 0.0606195 0.00523954 0.000663233
 0.607945 0.314616 0.071237 0.00620181 0
 0.523733 0.453247 0.0230204 0 0
 0.530135 0.295979 0.169645 0.0042399 0
 0.562478 0.366248 0.0663022 0.0049721 0
 0.250443 0.683176 0.0655157 0.000865301 0
ppred_RECLAS
 0.741826 0.181929 0.0681453 0.00809581 3.8971e-06
 0.711698 0.22887 0.0418801 0.0156871 0.00186455
 0.543124 0.34809 0.0863599 0.0158027 0.00662279
 0.692942 0.194346 0.0858741 0.0213051 0.00553239
 0.707886 0.210053 0.0519389 0.0229498 0.0071723
 0.531341 0.338856 0.0933382 0.0230793 0.0133849
 0.661104 0.195101 0.103969 0.0286383 0.0111881
 0.60391 0.273785 0.0704105 0.0375217 0.0143731
 0.65932 0.222554 0.081651 0.0209985 0.0154766
 0.64348 0.252965 0.0676493 0.0248193 0.0110873
 0.480995 0.356397 0.115377 0.0308548 0.0163769
 0.506639 0.27709 0.148512 0.0480779 0.0196816
 0.649969 0.20409 0.0819656 0.0439311 0.0200439
 0.636406 0.270995 0.0539911 0.0216836 0.0169243
 0.739024 0.206672 0.040474 0.00806375 0.00576622
 0.769345 0.200247 0.0240803 0.00471582 0.0016114
 0.627478 0.309339 0.0548528 0.00659622 0.00173319
 0.651412 0.240896 0.0894266 0.0158573 0.00240794
 0.647129 0.246608 0.0734342 0.0272605 0.00556793
 0.726012 0.188867 0.059488 0.0177141 0.00791904
 0.664501 0.25597 0.0548217 0.0172674 0.00744046
 0.660281 0.234813 0.0800375 0.0171419 0.00772574
 0.704898 0.203953 0.0630026 0.0214748 0.0066722
 0.646394 0.260264 0.0645109 0.0199279 0.00890299
 0.363107 0.433168 0.149947 0.037167 0.0166105
pobs_PELACES
 0 0 0 0 0
 0 0 0 0 0
 0 0 0 0 0
 0 0 0 0 0
 0 0 0 0 0
 0 0 0 0 0
 0 0 0 0 0
 0 0 0 0 0
 0 0 0 0 0
 0 0 0 0 0
 0.450072 0.473896 0.0757376 0.000293798 0
 0 0 0 0 0
 0.463077 0.371075 0.160297 0.00555027 0
 0.529543 0.364841 0.0842815 0.0213345 0
 0.631943 0.363953 0.00410389 0 0
 0.735681 0.248677 0.0153453 0.000297389 0
 0.695825 0.281241 0.0229344 0 0
 0.275771 0.60734 0.115278 0.00161068 0
 0 0 0 0 0
 0.896147 0.0623911 0.0374545 0.00400742 0
 0.803859 0.145111 0.0509908 3.86294e-05 0
 0.739449 0.233085 0.0266225 0.000797448 4.60066e-05
 0.878498 0.100942 0.0204185 0.000141795 0
 0.694673 0.275183 0.0284847 0.00165964 0
 0.469039 0.446079 0.0841089 0.000773354 0
ppred_PELACES
 0.780738 0.154508 0.0578744 0.00687559 3.30973e-06
 0.749527 0.198839 0.0363849 0.0136287 0.0016199
 0.60816 0.29854 0.0740667 0.0135532 0.00568005
 0.714691 0.180581 0.0797917 0.019796 0.00514053
 0.722215 0.199749 0.0493912 0.0218241 0.00682048
 0.565933 0.313845 0.0864488 0.0213758 0.012397
 0.685735 0.180921 0.0964126 0.0265569 0.0103749
 0.641683 0.247675 0.0636957 0.0339434 0.0130024
 0.697448 0.197646 0.0725126 0.0186484 0.0137445
 0.676971 0.229201 0.0612943 0.0224877 0.0100457
 0.539644 0.316123 0.102339 0.0273681 0.0145263
 0.562566 0.245679 0.131676 0.0426278 0.0174505
 0.719173 0.16374 0.0657603 0.0352456 0.016081
 0.749071 0.187023 0.0372613 0.0149647 0.0116801
 0.834675 0.130924 0.0256397 0.00510828 0.00365283
 0.814443 0.161095 0.0193722 0.00379379 0.00129634
 0.674774 0.270065 0.0478886 0.00575875 0.00151314
 0.687713 0.21581 0.080114 0.014206 0.00215718
 0.67992 0.223692 0.0666103 0.0247273 0.00505053
 0.754736 0.169066 0.0532515 0.015857 0.00708883
 0.686835 0.23893 0.0511722 0.0161179 0.00694515
 0.685404 0.217449 0.0741188 0.0158742 0.00715442
 0.729887 0.186682 0.0576676 0.0196563 0.00610721
 0.673529 0.240292 0.0595606 0.0183987 0.00821981
 0.391661 0.413748 0.143225 0.0355007 0.0158658
pobs_pel_tallas
 0 0 0 0 0 0 0 0 0 0 0 0 0 0 0 0 0 0 0 0 0 0 0 0 0 0 0 0 0 0 0 0 0 0 0 0
 0 0 0 0 0 0 0 0 0 0 0 0 0 0 0 0 0 0 0 0 0 0 0 0 0 0 0 0 0 0 0 0 0 0 0 0
 0 0 0 0 0 0 0 0 0 0 0 0 0 0 0 0 0 0 0 0 0 0 0 0 0 0 0 0 0 0 0 0 0 0 0 0
 0 0 0 0 0 0 0 0 0 0 0 0 0 0 0 0 0 0 0 0 0 0 0 0 0 0 0 0 0 0 0 0 0 0 0 0
 0 0 0 0 0 0 0 0 0 0 0 0 0 0 0 0 0 0 0 0 0 0 0 0 0 0 0 0 0 0 0 0 0 0 0 0
 0 0 0 0 0 0 0 0 0 0 0 0 0 0 0 0 0 0 0 0 0 0 0 0 0 0 0 0 0 0 0 0 0 0 0 0
 0 0 0 0 0 0 0 0 0 0 0 0 0 0 0 0 0 0 0 0 0 0 0 0 0 0 0 0 0 0 0 0 0 0 0 0
 0 0 0 0 0 0 0 0 0 0 0 0 0 0 0 0 0 0 0 0 0 0 0 0 0 0 0 0 0 0 0 0 0 0 0 0
 0 0 0 0 0 0 0 0 0 0 0 0 0 0 0 0 0 0 0 0 0 0 0 0 0 0 0 0 0 0 0 0 0 0 0 0
 0 0 0 0 0 0 0 0 0 0 0 0 0 0 0 0 0 0 0 0 0 0 0 0 0 0 0 0 0 0 0 0 0 0 0 0
 0 0 0 0 0 0 0 0 1.78061e-05 0.00172719 0.00360574 0.0105946 0.0120993 0.0124554 0.0147524 0.0171206 0.0266825 0.0428682 0.0675386 0.121331 0.153587 0.119568 0.100827 0.0573624 0.0630603 0.0341343 0.0324427 0.0444173 0.0211091 0.0280891 0.0125444 0.00206551 0 0 0 0
 0 0 0 0 0 0 0 0 0 0 0 0 0 0 0 0 0 0 0 0 0 0 0 0 0 0 0 0 0 0 0 0 0 0 0 0
 0 0 0 0 0 0 0.0133647 0.0140871 0.0187388 0.0205184 0.03894 0.0496705 0.03968 0.0493445 0.0407372 0.0367815 0.0215668 0.0243155 0.0234873 0.0199281 0.019796 0.0243948 0.0301388 0.0376714 0.0412746 0.0863199 0.0771752 0.113111 0.0741005 0.0525337 0.0229764 0.00759418 0.00175318 0 0 0
 0 0 0 0 0 0 0 0 0 0 0.00219441 0.00772107 0.0458388 0.0604681 0.0671733 0.0775358 0.0609151 0.0617685 0.073594 0.0568108 0.0755445 0.0548602 0.0670107 0.0636378 0.0643287 0.046367 0.0373049 0.0286899 0.0247887 0.0153202 0.00654259 0.00121912 0.000365735 0 0 0
 0 0 0 0 0 0 0 0 0 0 0 0 0.000112435 0.00938835 0.0111873 0.0202946 0.0414886 0.0713402 0.111592 0.104902 0.108894 0.110636 0.117776 0.105296 0.107544 0.0401394 0.0192827 0.0124803 0.00416011 0.0028671 0.000618394 0 0 0 0 0
 0 0 0 0 0 0 0 0 0 0 0.00291406 0.0102884 0.027416 0.0768956 0.0749926 0.110853 0.0956884 0.0897413 0.0766577 0.0534642 0.0500743 0.0551293 0.0594112 0.0620874 0.0668451 0.0424026 0.0208742 0.0120726 0.0048766 0.00582813 0.00118941 0.000297354 0 0 0 0
 0 0.00264628 0.0354308 0.0461629 0.0458689 0.0383711 0.0214643 0.0164657 0.0346957 0.0420465 0.0363128 0.0245516 0.0311673 0.0291091 0.0169068 0.0133784 0.00837989 0.0085269 0.0148486 0.0160247 0.0276389 0.0546898 0.0760071 0.122758 0.109233 0.0665981 0.0333725 0.0166128 0.00676272 0.00308733 0.000882094 0 0 0 0 0
 0 0 0 0 0 0 0 0.000805153 0.000690131 0.00759144 0.0133425 0.0154129 0.00931677 0.000345066 0.00356568 0.00563607 0.00851162 0.0253048 0.0502646 0.0516448 0.0657925 0.0565908 0.0611916 0.0827007 0.0866115 0.110766 0.145733 0.0935128 0.0569358 0.0249597 0.0138026 0.00621118 0.00161031 0.00115022 0 0
 0 0 0 0 0 0 0 0 0 0 0 0 0 0 0 0 0 0 0 0 0 0 0 0 0 0 0 0 0 0 0 0 0 0 0 0
 0.00147267 0.00158595 0.00478618 0.00569244 0.00954404 0.0108468 0.00647125 0.017049 0.0510054 0.094081 0.124002 0.0959785 0.0687766 0.0820023 0.061753 0.0591476 0.0492212 0.0479892 0.0443925 0.0268479 0.0217502 0.0140895 0.0121071 0.0120363 0.00920419 0.00665534 0.0049561 0.00860946 0.00930331 0.0156896 0.0114698 0.00855282 0.00243557 0.00046729 0 2.83206e-05
 0 0 0 0 0.000772559 0.00158375 0.000888443 0.00281984 0.00712685 0.0440552 0.0773331 0.111326 0.0921469 0.0852325 0.0710754 0.0886704 0.0786465 0.0553345 0.0373146 0.0185414 0.00753245 0.00457741 0.012979 0.0271748 0.0457355 0.0583668 0.034881 0.0177882 0.00938659 0.00492506 0.0015258 0.00185414 0.000309023 5.79419e-05 3.86279e-05 0
 0 0.00173294 0.00326652 0 0.00397197 0.00683976 0.00946217 0.0152591 0.00757587 0.0136028 0.0228656 0.0392903 0.0559909 0.0764795 0.0681675 0.0726916 0.0566044 0.0477403 0.0527397 0.0444891 0.0609904 0.0582453 0.0661739 0.0445044 0.0529084 0.0360697 0.0280645 0.0235558 0.0158879 0.00826598 0.00280645 0.00217768 0.000904811 0.00058276 9.20147e-05 0
 0 0 0 0 0 0 0 0 0 0 0 0 0 0 0 0 0 0 0 0 0 0 0 0 0 0 0 0 0 0 0 0 0 0 0 0
 0 0 0 0 0 0 0 0 0 0 0 0 0 0 0 0 0 0 0 0 0 0 0 0 0 0 0 0 0 0 0 0 0 0 0 0
 0 0 0 0 0 0 0 0 0 0 0 0 0 0 0 0 0 0 0 0 0 0 0 0 0 0 0 0 0 0 0 0 0 0 0 0
ppred_pel_tallas
 1.01109e-16 3.40629e-05 0.000199926 0.000950366 0.00365898 0.0114102 0.0288212 0.0589718 0.0977516 0.131275 0.142848 0.125988 0.0901549 0.0525522 0.0253871 0.0109837 0.00561391 0.00489243 0.00613292 0.00815774 0.0104886 0.0128405 0.014953 0.0165831 0.0175463 0.0177555 0.017236 0.0161117 0.0145676 0.0128038 0.0109945 0.00926513 0.00768724 0.00628896 0.00507122 0.00402281
 1.01126e-16 3.27037e-05 0.000191942 0.000912402 0.00351279 0.0109543 0.0276697 0.0566161 0.0938483 0.126038 0.13716 0.120999 0.0866445 0.0506261 0.0246809 0.0110603 0.00620446 0.00591469 0.00760833 0.0101291 0.0129673 0.0157785 0.0182323 0.0200235 0.0209293 0.0208597 0.0198755 0.0181665 0.0159993 0.0136524 0.0113605 0.00928172 0.00749257 0.00600355 0.00478465 0.00378995
 1.0188e-16 2.65435e-05 0.000155767 0.000740402 0.00285051 0.00888899 0.0224531 0.0459432 0.0761608 0.102296 0.111357 0.0983168 0.0705783 0.0415933 0.0209401 0.0105097 0.00747801 0.00848549 0.0114455 0.0153702 0.0197274 0.0240562 0.0278706 0.0307105 0.0322347 0.0322969 0.0309751 0.0285395 0.0253767 0.0218948 0.0184409 0.0152539 0.0124561 0.0100754 0.00808117 0.00641936
 1.02112e-16 3.1184e-05 0.000183022 0.000869997 0.00334953 0.0104452 0.0263837 0.0539847 0.0894862 0.120179 0.130784 0.115372 0.0826123 0.0482641 0.0235198 0.0105273 0.00589584 0.00562915 0.00727638 0.00975191 0.0125908 0.0154863 0.0181413 0.0202727 0.0216607 0.0221934 0.0218852 0.0208612 0.0193157 0.0174608 0.015482 0.0135134 0.0116347 0.00988277 0.0082706 0.00680255
 1.01835e-16 3.15128e-05 0.00018495 0.000879162 0.00338481 0.0105552 0.0266616 0.0545535 0.0904295 0.121447 0.132167 0.1166 0.0835081 0.0488205 0.0238517 0.0107768 0.00617217 0.00599876 0.00777316 0.0103836 0.0133375 0.0162968 0.0189333 0.0209402 0.0220893 0.0222802 0.0215597 0.0201002 0.0181496 0.0159684 0.0137765 0.011723 0.00988236 0.00827008 0.00686776 0.00564564
 1.02644e-16 2.47029e-05 0.00014496 0.000689018 0.00265266 0.008272 0.0208946 0.0427547 0.0708763 0.095202 0.103644 0.0915285 0.0657533 0.0388467 0.0197372 0.0102028 0.00763424 0.00892044 0.0121253 0.0163205 0.0209842 0.0256434 0.0297919 0.0329464 0.0347455 0.0350287 0.0338668 0.0315294 0.0284066 0.024911 0.0213934 0.0180949 0.0151398 0.0125594 0.0103294 0.00840528
 1.02825e-16 2.99214e-05 0.000175609 0.000834756 0.00321384 0.010022 0.0253149 0.0517979 0.0858616 0.115313 0.12549 0.110708 0.0792863 0.0463484 0.0226382 0.0102226 0.00585542 0.00570954 0.00743973 0.0100081 0.0129685 0.016022 0.0188744 0.021241 0.0228958 0.0237151 0.0236965 0.0229447 0.0216321 0.0199506 0.01807 0.0161156 0.0141665 0.0122673 0.0104454 0.00872419
 1.02759e-16 2.80032e-05 0.000164342 0.000781176 0.00300752 0.00937862 0.0236898 0.0484732 0.0803528 0.107921 0.117464 0.103671 0.0743389 0.0436435 0.0216652 0.0103702 0.00675072 0.00724376 0.00964938 0.012957 0.0166715 0.0204031 0.0237521 0.0263398 0.0278825 0.0282531 0.0275038 0.0258404 0.0235604 0.0209762 0.0183506 0.0158601 0.0135922 0.0115648 0.00975809 0.00814146
 1.02377e-16 3.04328e-05 0.00017861 0.00084902 0.00326875 0.0101933 0.0257475 0.0526831 0.0873292 0.117284 0.127638 0.112609 0.08066 0.0471758 0.0230869 0.0104986 0.00611056 0.00602867 0.00786077 0.0105379 0.0135863 0.016678 0.0194902 0.0217164 0.0231224 0.0235947 0.0231604 0.0219677 0.0202393 0.0182142 0.0160971 0.0140311 0.0120948 0.0103161 0.00869544 0.00722441
 1.02187e-16 2.95411e-05 0.000173373 0.000824113 0.00317285 0.00989419 0.024992 0.0511376 0.0847685 0.113849 0.123908 0.109339 0.0783617 0.0459213 0.0226398 0.010576 0.00654102 0.00676389 0.00892031 0.0119539 0.0153679 0.0187907 0.0218489 0.0241902 0.0255511 0.0258142 0.0250298 0.0233923 0.0211825 0.0186966 0.0161854 0.0138198 0.0116862 0.00980516 0.00815852 0.00671554
 1.03175e-16 2.35566e-05 0.00013823 0.000657024 0.00252948 0.00788785 0.0199243 0.0407693 0.0675857 0.0907838 0.0988385 0.0872962 0.0627373 0.0371144 0.018949 0.00994656 0.0076297 0.00904142 0.0123412 0.0166431 0.0214397 0.0262623 0.0306033 0.0339747 0.0360067 0.0365272 0.0355927 0.0334571 0.0304947 0.0271042 0.0236268 0.0202992 0.0172481 0.0145129 0.0120831 0.00993049
 1.0423e-16 2.45534e-05 0.000144088 0.000684888 0.00263678 0.0082225 0.0207695 0.0424982 0.0704493 0.0946232 0.103 0.0909266 0.0652489 0.0384049 0.0192491 0.00952662 0.00662486 0.00744449 0.0100763 0.0136435 0.017706 0.0218986 0.0258309 0.0291187 0.0314548 0.0326694 0.0327556 0.0318496 0.0301781 0.0279935 0.0255181 0.0229152 0.0202873 0.0176935 0.0151724 0.0127601
 1.0295e-16 3.13787e-05 0.000184167 0.000875443 0.0033705 0.0105106 0.0265489 0.0543226 0.0900458 0.120929 0.131596 0.116078 0.0830955 0.0485014 0.0235514 0.0103993 0.00562528 0.00520332 0.0066681 0.00893652 0.01156 0.0142581 0.0167657 0.0188304 0.0202561 0.0209415 0.0208959 0.0202237 0.0190876 0.017662 0.0160949 0.0144881 0.0128969 0.0113439 0.00983702 0.00838499
 1.0165e-16 3.26832e-05 0.000191823 0.00091184 0.00351063 0.0109476 0.0276527 0.0565812 0.0937901 0.125959 0.137071 0.120914 0.0865706 0.0505559 0.0245965 0.0109381 0.00601886 0.00564096 0.0072252 0.00962343 0.01234 0.0150493 0.0174425 0.0192337 0.0202131 0.020293 0.0195251 0.0180797 0.0161973 0.0141288 0.0120835 0.010201 0.00854705 0.00712899 0.00592045 0.00488401
 1.00753e-16 3.64137e-05 0.00021373 0.001016 0.00391168 0.0121982 0.0308117 0.0630444 0.104501 0.140336 0.152698 0.134654 0.0963086 0.0560427 0.026892 0.0113224 0.00532879 0.0042067 0.00507672 0.00668662 0.00854963 0.0104031 0.0120229 0.0132068 0.0138077 0.0137657 0.0131205 0.0119966 0.0105694 0.00902229 0.00751012 0.00613749 0.0049554 0.00397131 0.00316587 0.00250901
 1.00519e-16 3.55327e-05 0.000208555 0.000991388 0.00381692 0.0119027 0.0300653 0.0615174 0.101971 0.136941 0.149012 0.131421 0.0940365 0.0548008 0.0264461 0.0113922 0.00574395 0.00491875 0.0061047 0.00806295 0.0102849 0.0124665 0.0143346 0.0156419 0.016212 0.0159793 0.0150038 0.0134524 0.0115552 0.00955065 0.00763849 0.00595209 0.00455322 0.00344488 0.00259292 0.00194766
 1.01037e-16 2.9447e-05 0.000172816 0.00082146 0.00316261 0.00986228 0.0249115 0.0509731 0.0844969 0.113487 0.123524 0.109021 0.0781812 0.0459099 0.0228089 0.0109456 0.00715477 0.00768402 0.0102092 0.0136507 0.0174657 0.0212187 0.0244651 0.0267902 0.0278921 0.0276519 0.0261582 0.0236779 0.0205841 0.0172668 0.0140559 0.0111753 0.00873422 0.00674801 0.00517228 0.00393708
 1.01797e-16 3.00091e-05 0.000176121 0.00083718 0.00322316 0.0100511 0.0253883 0.0519484 0.0861121 0.115652 0.125867 0.111058 0.0795747 0.0465933 0.0228991 0.0105773 0.00638241 0.00648047 0.00851211 0.0114132 0.0146956 0.0180049 0.0209861 0.023302 0.0246956 0.0250443 0.0243822 0.0228791 0.0207898 0.0183887 0.0159142 0.0135367 0.0113526 0.00939934 0.00767819 0.00617545
 1.02105e-16 2.96695e-05 0.000174127 0.0008277 0.00318666 0.00993726 0.0251008 0.0513601 0.0851372 0.114343 0.124445 0.109809 0.0786915 0.0460998 0.0227005 0.0105589 0.00647008 0.00664554 0.00875176 0.0117315 0.0150924 0.0184707 0.0215011 0.0238383 0.0252221 0.0255336 0.0248167 0.0232551 0.0211182 0.0186916 0.0162188 0.0138683 0.0117285 0.00982517 0.00814747 0.00667182
 1.01688e-16 3.29296e-05 0.000193271 0.000918727 0.00353715 0.0110303 0.0278616 0.0570086 0.0944979 0.126908 0.1381 0.121812 0.0871916 0.0508752 0.0246715 0.010836 0.00577402 0.0052531 0.00667786 0.00890335 0.0114513 0.0140221 0.0163354 0.0181292 0.019206 0.0194744 0.0189656 0.0178162 0.0162273 0.0144126 0.0125548 0.0107802 0.00915594 0.00770239 0.00641286 0.00527146
 1.01683e-16 2.99716e-05 0.000175899 0.000836122 0.00321908 0.0100384 0.0253562 0.0518828 0.086004 0.115508 0.125715 0.110936 0.0795118 0.0466059 0.0229965 0.0107737 0.00670214 0.00695467 0.009169 0.012266 0.0157309 0.0191742 0.0222042 0.0244545 0.025655 0.0256927 0.0246337 0.0226974 0.0201952 0.017453 0.014746 0.0122602 0.0100871 0.00824204 0.00669467 0.00539732
 1.02003e-16 2.99084e-05 0.00017553 0.000834371 0.00321234 0.0100174 0.0253031 0.0517741 0.0858232 0.115264 0.125445 0.110687 0.0793114 0.0464441 0.022835 0.0105629 0.00639406 0.00650761 0.00855174 0.0114646 0.0147576 0.0180747 0.0210596 0.0233744 0.0247632 0.0251058 0.0244401 0.0229401 0.0208641 0.0184881 0.01605 0.0137165 0.0115792 0.00966901 0.00798158 0.00649892
 1.01841e-16 3.18468e-05 0.000186913 0.000888493 0.00342074 0.0106672 0.0269446 0.0551325 0.0913888 0.122734 0.133564 0.117825 0.0843674 0.0492874 0.0240137 0.0107388 0.00599711 0.00570356 0.00734987 0.00982055 0.0126333 0.015468 0.0180171 0.0199916 0.0211739 0.0214635 0.0208952 0.0196205 0.0178617 0.0158552 0.0138028 0.011844 0.0100527 0.00845105 0.00703131 0.00577558
 1.01941e-16 2.93915e-05 0.000172493 0.000819929 0.00315673 0.00984394 0.0248651 0.050878 0.0843385 0.113272 0.123283 0.108794 0.0779858 0.0457299 0.0225989 0.0106462 0.00670344 0.0070213 0.00928593 0.0124395 0.0159743 0.0195026 0.0226318 0.0249924 0.0263099 0.0264652 0.0255173 0.0236779 0.0212508 0.0185555 0.0158628 0.0133572 0.0111315 0.00920577 0.00755633 0.00614384
 1.0413e-16 1.71079e-05 0.000100361 0.000476971 0.0018362 0.00572585 0.0144634 0.0295967 0.0490699 0.0659301 0.0718256 0.0635469 0.0459073 0.0276368 0.0149942 0.0093054 0.00886107 0.0115817 0.0161475 0.021853 0.0281754 0.0345348 0.0402723 0.0447483 0.0474751 0.048222 0.0470563 0.0443037 0.0404482 0.0360079 0.0314283 0.0270215 0.0229584 0.0192981 0.0160347 0.0131389
pSPR Fmed_Fpbrs
0.592433   0.343129 0.343129
Fs Fmed_Fpbrs
0.362647   1.005 1.005
SSBpbr Bo_Bmed_Bpbrs
1.02353e+06  555196  300026 300026
Ro
41772.8
SPR SPRFo_SPRFmed_SPRFpbrs
857920 508261 294378
log_Ro
10.46
likeval ReclasPelacesDesembMPH_pf_preclas_ppelaces_ptallas_desvR_qrecl_qpela
 61.6488 17.2112 0.00814411 0.000218294 313.7 192.66 77.7337 0 15.7673 3.26284e-05 3.3479e-05 0 0 0 0
q_reclas_q_pelaces
0.445111 2.27775
M
0.7
N
 44132.1 12803.6 4795.88 569.76 0.274267
 54252.4 19961 3652.59 1368.16 162.618
 30313.1 24873 6170.89 1129.19 473.235
 47288.3 13278.4 5867.21 1455.63 377.991
 81108.9 22885.2 5658.72 2500.37 781.419
 59498.9 40081.7 11040.5 2729.95 1583.24
 94259.3 28175.6 15014.8 4135.83 1615.74
 91818.6 45402.5 11676.4 6222.33 2383.53
 114124 42919.4 15746.3 4049.55 2984.65
 125516 52888.8 14143.8 5189.11 2318.08
 65350.2 59087 19128.3 5115.41 2715.13
 44400 29188.7 15644.3 5064.54 2073.27
 45678 19952.7 8013.3 4294.89 1959.58
 23672.8 19346.6 3854.49 1548.02 1208.25
 15330.3 8800.28 1723.42 343.362 245.531
 16445.2 5545.79 666.899 130.603 44.6273
 12405.7 7168.95 1271.21 152.868 40.1667
 13893.2 5631.98 2090.73 370.733 56.2959
 15925.3 6481.07 1929.91 716.43 146.33
 26919.8 7508.08 2364.85 704.197 314.808
 32976.7 12671.3 2713.85 854.79 368.326
 44227.8 15982.8 5447.84 1166.78 525.861
 71366.8 21275.6 6572.2 2240.17 696.02
 82583.6 34138.4 8461.79 2613.91 1167.79
 32271.2 39561.1 13694.6 3394.45 1517.03
pred_Ctot
 2845.61 4044 1514.77 179.957 0.0866266
 3008.71 5567.29 1018.74 381.59 45.3555
 2588.76 9795 2430.11 444.676 186.361
 866.562 1366.27 603.703 149.777 38.8932
 283.617 469.872 116.183 51.3369 16.0439
 1990.52 7196.39 1982.25 490.143 284.26
 2038.76 3388.11 1805.52 497.332 194.292
 3889.47 10052.7 2585.29 1377.7 527.743
 5501.63 10629.6 3899.79 1002.93 739.189
 4710.24 10523.6 2814.3 1032.51 461.244
 4754.94 20559.3 6655.7 1779.91 944.729
 3052.56 9708.68 5203.57 1684.56 689.606
 4876.37 9244.27 3712.64 1989.86 907.889
 4351.72 12521.8 2494.76 1001.93 782.018
 3048.44 5926.56 1160.64 231.238 165.354
 1455.47 2243.3 269.764 52.8298 18.052
 769.336 2193.44 388.947 46.7721 12.2896
 607.703 1282.39 476.054 84.415 12.8184
 581.328 1258.22 374.669 139.086 28.4082
 1012.06 1496.36 471.313 140.346 62.7412
 569.83 1233.3 264.139 83.1968 35.8492
 997.159 1997.89 680.993 145.85 65.7339
 1888.66 3085.32 953.081 324.863 100.935
 2102.35 4776.63 1183.97 365.738 163.397
 829.9 5587.4 1934.16 479.414 214.257
F
 0.093406 0.554292 0.554292 0.554292 0.554292
 0.079865 0.473937 0.473937 0.473937 0.473937
 0.125442 0.744402 0.744402 0.744402 0.744402
 0.0257724 0.152939 0.152939 0.152939 0.152939
 0.00487271 0.0289158 0.0289158 0.0289158 0.0289158
 0.0475018 0.281886 0.281886 0.281886 0.281886
 0.0304825 0.18089 0.18089 0.18089 0.18089
 0.0604898 0.35896 0.35896 0.35896 0.35896
 0.0690985 0.410046 0.410046 0.410046 0.410046
 0.0534224 0.317021 0.317021 0.317021 0.317021
 0.105979 0.628906 0.628906 0.628906 0.628906
 0.0998747 0.592679 0.592679 0.592679 0.592679
 0.159099 0.944127 0.944127 0.944127 0.944127
 0.289542 1.71821 1.71821 1.71821 1.71821
 0.31679 1.8799 1.8799 1.8799 1.8799
 0.130273 0.773066 0.773066 0.773066 0.773066
 0.089691 0.532246 0.532246 0.532246 0.532246
 0.0625166 0.370988 0.370988 0.370988 0.370988
 0.0519312 0.308172 0.308172 0.308172 0.308172
 0.0535223 0.317613 0.317613 0.317613 0.317613
 0.0242864 0.144121 0.144121 0.144121 0.144121
 0.0317928 0.188665 0.188665 0.188665 0.188665
 0.0374102 0.222 0.222 0.222 0.222
 0.0359639 0.213418 0.213418 0.213418 0.213418
 0.0363359 0.215626 0.215626 0.215626 0.215626
nmprior
 10.6 11 7 0
nm_flota  nm_reclas  nm_pelaces    nm_pelaL
inf 17.3915 18.5712 44.6162
cv_recla  cv_pelaces  cv_mph
0.710211 0.470412 0.479357
 ------------------------------------------------
Talla a la edad & desviación 
 7.2 14.2025 17.0495 18.207 18.6776
 1.08 2.13037 2.55742 2.73105 2.80164
