years
 1997 1998 1999 2000 2001 2002 2003 2004 2005 2006 2007 2008 2009 2010 2011 2012 2013 2014 2015 2016 2017 2018 2019 2020 2021
reclasobs
 0 0 0 370054 412103 1.49427e+06 250295 1.28982e+06 931140 785840 897777 1.04006e+06 184774 17550 25797 100020 73551 82996 120727 218422 84188 347160 605670 569463 516374
reclaspred
 454062 132640 444192 318292 428187 504067 1.07793e+06 683442 712260 604126 462854 307931 187559 86503.2 61576.5 64657.6 83830.2 117294 125997 179917 256461 235067 412770 533253 594237
pelacesobs
 0 0 0 0 0 0 0 0 0 2.06254e+06 1.5e+06 0 1.87456e+06 323000 250000 174000 83755 137374 0 501740 490994 745055 786931 1.00524e+06 1.33801e+06
pelacespred
 1.88789e+06 494096 989571 1.09383e+06 1.24428e+06 1.24595e+06 2.90269e+06 2.38527e+06 2.15091e+06 1.8593e+06 1.27941e+06 875113 524355 200002 139857 158291 214812 305581 339658 469703 743726 669583 924172 1.41579e+06 1.64161e+06
mphobs
 0 0 0 0 0 112323 0 153150 637223 0 255016 313432 73983 77613 109348 50772 0 0 0 0 0 0 0 0 0
mphpred
 163282 110589 144988 194074 189118 273207 409046 466437 378931 356331 311546 214395 131445 68502.6 33013.6 29129.1 36703.4 52376.9 66509.2 77345.6 114387 133724 168975 244469 329226
desembarqueobs
 350755 77701 442110 56441 14545 235359 269955 359681 431902 328805 639364 411747 362871 311530 167758 66681 60226 58785 57116 73181 50977 67692 138656 160484 209506
desembarquepred
 350767 77705.3 442161 56443.1 14545.1 235399 269986 359718 431989 328874 639760 412094 363348 312109 167837 66698.6 60249.2 58789.2 57114.8 73185.1 50978.8 67689.7 138662 160492 209510
Reclutas
 69648.3 86631.4 55298.2 80122.4 131660 98853 147229 127447 141666 132423 66850.2 41414.9 42123.2 23828.7 18412 22944.7 19249.5 22024.3 25206 43278.6 53970.8 71222.1 116759 142099 63609.3
log_desv_Rt
 0.151214 0.369417 -0.0795048 0.291311 0.787976 0.501389 0.899742 0.755456 0.861224 0.793758 0.11021 -0.368605 -0.351646 -0.921353 -1.17924 -0.959159 -1.13476 -1.0001 -0.865164 -0.324587 -0.103801 0.173559 0.667868 0.864281 0.0605147
SSB
 829575 561861 736630 986018 960842 1.38807e+06 2.07822e+06 2.3698e+06 1.92521e+06 1.81039e+06 1.58285e+06 1.08926e+06 667824 348037 167730 147994 186477 266108 337909 392965 581157 679403 858501 1.24206e+06 1.67268e+06
BT
 2.87216e+06 790599 1.57983e+06 1.52547e+06 1.6841e+06 1.84767e+06 4.09878e+06 3.60663e+06 3.28873e+06 2.81281e+06 2.29621e+06 1.55162e+06 1.06088e+06 568396 331597 268227 338487 457833 503686 691548 1.04266e+06 958155 1.33387e+06 2.03199e+06 2.36326e+06
Ftot
 0.360892 0.264715 0.360664 0.0668525 0.0143773 0.15052 0.0945963 0.193488 0.22841 0.196999 0.436047 0.412423 0.654407 1.16808 1.09627 0.424756 0.293424 0.194083 0.161122 0.165775 0.0781876 0.103739 0.122046 0.11586 0.112647
BD_Bspro_t
 0.957076 0.801914 0.778498 0.685515 0.781256 0.872022 0.846863 0.848872 0.797028 0.753218 0.707211 0.553912 0.438941 0.32358 0.205933 0.221415 0.338379 0.50749 0.62146 0.705119 0.794463 0.855396 0.861631 0.86724 0.870059
BD_Bspro
 0.674626 0.456915 0.599041 0.801847 0.781374 1.1288 1.69004 1.92716 1.56562 1.47224 1.2872 0.885808 0.543087 0.28303 0.136401 0.120352 0.151646 0.216404 0.274794 0.319566 0.472608 0.552502 0.698148 1.01006 1.36025
BD_Bo
 0.582437 0.394477 0.517181 0.692274 0.674598 0.97455 1.4591 1.66381 1.35167 1.27106 1.11131 0.764761 0.468873 0.244353 0.117762 0.103905 0.130924 0.186832 0.237243 0.275897 0.408025 0.477002 0.602745 0.872037 1.17437
BD_Brms
 2.04167 1.3828 1.81292 2.42669 2.36473 3.41618 5.11471 5.83232 4.73815 4.45556 3.89557 2.68079 1.64359 0.856555 0.412801 0.36423 0.458939 0.65492 0.831629 0.967128 1.43029 1.67208 2.11286 3.05683 4.11664
S_f
 0.194217 1 1 1 1
 0.194217 1 1 1 1
 0.194217 1 1 1 1
 0.194217 1 1 1 1
 0.194217 1 1 1 1
 0.194217 1 1 1 1
 0.194217 1 1 1 1
 0.194217 1 1 1 1
 0.194217 1 1 1 1
 0.194217 1 1 1 1
 0.194217 1 1 1 1
 0.194217 1 1 1 1
 0.194217 1 1 1 1
 0.194217 1 1 1 1
 0.194217 1 1 1 1
 0.194217 1 1 1 1
 0.194217 1 1 1 1
 0.194217 1 1 1 1
 0.194217 1 1 1 1
 0.194217 1 1 1 1
 0.194217 1 1 1 1
 0.194217 1 1 1 1
 0.194217 1 1 1 1
 0.194217 1 1 1 1
 0.194217 1 1 1 1
Scru_reclas
 1 1 1 1 1
 1 1 1 1 1
 1 1 1 1 1
 1 1 1 1 1
 1 1 1 1 1
 1 1 1 1 1
 1 1 1 1 1
 1 1 1 1 1
 1 1 1 1 1
 1 1 1 1 1
 1 1 1 1 1
 1 1 1 1 1
 1 1 1 1 1
 1 1 1 1 1
 1 1 1 1 1
 1 1 1 1 1
 1 1 1 1 1
 1 1 1 1 1
 1 1 1 1 1
 1 1 1 1 1
 1 1 1 1 1
 1 1 1 1 1
 1 1 1 1 1
 1 1 1 1 1
 1 1 1 1 1
Scru_pelaces
 0.96407 1 1 1 1
 0.96407 1 1 1 1
 0.96407 1 1 1 1
 0.96407 1 1 1 1
 0.96407 1 1 1 1
 0.96407 1 1 1 1
 0.96407 1 1 1 1
 0.96407 1 1 1 1
 0.96407 1 1 1 1
 0.96407 1 1 1 1
 0.96407 1 1 1 1
 0.96407 1 1 1 1
 0.96407 1 1 1 1
 0.96407 1 1 1 1
 0.96407 1 1 1 1
 0.96407 1 1 1 1
 0.96407 1 1 1 1
 0.96407 1 1 1 1
 0.96407 1 1 1 1
 0.96407 1 1 1 1
 0.96407 1 1 1 1
 0.96407 1 1 1 1
 0.96407 1 1 1 1
 0.96407 1 1 1 1
 0.96407 1 1 1 1
pf_obs 
 0.256992 0.487395 0.22802 0.0275931 0
 0.321318 0.546541 0.124235 0.00734118 0.000564706
 0.182869 0.594174 0.210203 0.0122559 0.00049798
 0.330522 0.361315 0.267642 0.0388342 0.00168674
 0.649043 0.306663 0.0425973 0.00169635 0
 0.582887 0.30429 0.105238 0.00758474 0
 0.465427 0.430635 0.0974691 0.00646863 0
 0.296916 0.608066 0.0921331 0.00288517 0
 0.311714 0.524322 0.152257 0.0117073 0
 0.15457 0.633149 0.183074 0.0267441 0.00246327
 0.131901 0.49318 0.331252 0.0422183 0.00144891
 0.196976 0.569456 0.194076 0.0375587 0.00193317
 0.518974 0.381816 0.0799577 0.0180837 0.00116848
 0.0928022 0.601141 0.25162 0.0475244 0.00691264
 0.122501 0.610282 0.24278 0.0234846 0.000952079
 0.383417 0.481906 0.127806 0.00687128 0
 0.0376549 0.599619 0.316969 0.0457579 0
 0.0361596 0.667082 0.258105 0.0386534 0
 0.158088 0.579412 0.248529 0.0139706 0
 0.0477256 0.309471 0.559284 0.082774 0.000745712
 0.0406174 0.521527 0.379366 0.0568643 0.0016247
 0.151134 0.462217 0.34131 0.0453401 0
 0.294876 0.26143 0.354403 0.0886775 0.000613685
 0.281977 0.475581 0.204845 0.0348837 0.00271318
 0.0354234 0.537034 0.353287 0.0723622 0.0018943
pf_pred 
 0.381172 0.437245 0.162446 0.0191281 9.79351e-06
 0.311022 0.543898 0.102509 0.0380842 0.00448675
 0.177177 0.595849 0.17918 0.0337702 0.0140244
 0.260889 0.419209 0.231658 0.0696626 0.0185819
 0.299056 0.456985 0.138368 0.0764634 0.0291269
 0.176104 0.567312 0.167281 0.0506503 0.0386517
 0.251207 0.405095 0.236661 0.0697833 0.0372534
 0.191785 0.519879 0.155989 0.0911306 0.0412164
 0.218361 0.446858 0.215346 0.0646142 0.0548211
 0.201106 0.491294 0.175853 0.0847454 0.0470016
 0.122423 0.514685 0.223167 0.07988 0.0598452
 0.124389 0.409925 0.273117 0.118424 0.0741451
 0.20095 0.375433 0.19832 0.132133 0.0931641
 0.187672 0.518702 0.13796 0.0728764 0.0827897
 0.266685 0.498057 0.150221 0.0399543 0.0450822
 0.346872 0.497896 0.105432 0.0317996 0.0180011
 0.232709 0.590211 0.134993 0.0285854 0.0135023
 0.245319 0.483965 0.208238 0.0476281 0.0148494
 0.241235 0.490553 0.172 0.0740074 0.0222044
 0.318976 0.434431 0.159426 0.0558988 0.0312681
 0.272198 0.52569 0.128929 0.0473139 0.0258691
 0.265809 0.489056 0.177061 0.0434254 0.0246492
 0.311157 0.455648 0.155335 0.0562384 0.021622
 0.265182 0.522344 0.140545 0.0479132 0.0240161
 0.109788 0.589312 0.213894 0.0575516 0.0294542
pobs_RECLAS
 0 0 0 0 0
 0 0 0 0 0
 0 0 0 0 0
 0 0 0 0 0
 0.835266 0.146461 0.0176864 0.000547809 3.91292e-05
 0.385257 0.428462 0.181853 0.0044286 0
 0.867414 0.0963971 0.0333333 0.00285562 0
 0.441836 0.489002 0.0689373 0.000224442 0
 0.779404 0.147425 0.0564933 0.0165055 0.000172143
 0.814271 0.122319 0.05973 0.00367925 0
 0.40263 0.566651 0.0304383 0.000280538 0
 0.475488 0.404961 0.113038 0.00651328 0
 0.955842 0.0263864 0.0167828 0.000988607 0
 0.975058 0.0227948 0.00214734 0 0
 0.738997 0.206755 0.0527124 0.00153531 0
 0.850938 0.134255 0.0134407 0.00136685 0
 0.542534 0.407297 0.0501686 0 0
 0.764087 0.199537 0.0359546 0.000420521 0
 0.470689 0.182191 0.310203 0.0369168 0
 0.84361 0.089868 0.0606195 0.00523954 0.000663233
 0.607945 0.314616 0.071237 0.00620181 0
 0.523733 0.453247 0.0230204 0 0
 0.530135 0.295979 0.169645 0.0042399 0
 0.562478 0.366248 0.0663022 0.0049721 0
 0.250443 0.683176 0.0655157 0.000865301 0
ppred_RECLAS
 0.764242 0.16658 0.0618878 0.00728734 3.73109e-06
 0.702347 0.234975 0.044286 0.0164532 0.00193837
 0.53122 0.339468 0.102082 0.0192396 0.00799
 0.64582 0.200883 0.11101 0.0333821 0.00890437
 0.68733 0.203848 0.0617221 0.0341081 0.0129926
 0.525906 0.326449 0.0962586 0.0291457 0.0222414
 0.63445 0.197761 0.115534 0.0340672 0.0181866
 0.552508 0.287846 0.086368 0.0504572 0.0228207
 0.592961 0.232702 0.112141 0.0336479 0.0285482
 0.567112 0.266212 0.0952874 0.04592 0.0254682
 0.424771 0.337362 0.14628 0.0523592 0.039227
 0.42876 0.267431 0.178179 0.0772584 0.0483716
 0.575754 0.199331 0.105296 0.0701544 0.0494643
 0.569405 0.274951 0.0731289 0.03863 0.0438847
 0.673441 0.221795 0.0668962 0.0177924 0.020076
 0.737448 0.20015 0.0423827 0.0127832 0.00723628
 0.613661 0.297177 0.0679702 0.014393 0.00679854
 0.628447 0.238271 0.102522 0.0234488 0.0073108
 0.622785 0.243875 0.0855089 0.0367923 0.0110388
 0.708704 0.18582 0.0681916 0.0239097 0.0133744
 0.659073 0.246251 0.0603948 0.0221635 0.012118
 0.652047 0.231777 0.0839139 0.0205805 0.0116819
 0.700637 0.198019 0.0675066 0.0244405 0.00939665
 0.651468 0.247753 0.0666619 0.0227257 0.0113911
 0.389745 0.403983 0.146628 0.0394525 0.0201914
pobs_PELACES
 0 0 0 0 0
 0 0 0 0 0
 0 0 0 0 0
 0 0 0 0 0
 0 0 0 0 0
 0 0 0 0 0
 0 0 0 0 0
 0 0 0 0 0
 0 0 0 0 0
 0 0 0 0 0
 0.450072 0.473896 0.0757376 0.000293798 0
 0 0 0 0 0
 0.463077 0.371075 0.160297 0.00555027 0
 0.529543 0.364841 0.0842815 0.0213345 0
 0.631943 0.363953 0.00410389 0 0
 0.735681 0.248677 0.0153453 0.000297389 0
 0.695825 0.281241 0.0229344 0 0
 0.275771 0.60734 0.115278 0.00161068 0
 0 0 0 0 0
 0.896147 0.0623911 0.0374545 0.00400742 0
 0.803859 0.145111 0.0509908 3.86294e-05 0
 0.739449 0.233085 0.0266225 0.000797448 4.60066e-05
 0.878498 0.100942 0.0204185 0.000141795 0
 0.694673 0.275183 0.0284847 0.00165964 0
 0.469039 0.446079 0.0841089 0.000773354 0
ppred_PELACES
 0.774771 0.15914 0.0591238 0.00696188 3.56445e-06
 0.709364 0.229436 0.043242 0.0160653 0.00189267
 0.545959 0.328795 0.0988729 0.0186347 0.0077388
 0.641505 0.203331 0.112362 0.0337888 0.00901287
 0.680245 0.208467 0.0631207 0.034881 0.0132871
 0.526761 0.325859 0.0960849 0.0290931 0.0222012
 0.631794 0.199199 0.116374 0.0343148 0.0183187
 0.556179 0.285485 0.0856595 0.0500433 0.0226335
 0.598775 0.229378 0.11054 0.0331673 0.0281404
 0.570985 0.263831 0.0944349 0.0455092 0.0252404
 0.444267 0.325928 0.141322 0.0505846 0.0378975
 0.446743 0.259012 0.17257 0.0748262 0.0468488
 0.608923 0.183747 0.0970632 0.0646695 0.045597
 0.634933 0.233109 0.0620003 0.0327513 0.0372064
 0.726851 0.185519 0.055955 0.0148824 0.0167925
 0.751961 0.189086 0.0400399 0.0120766 0.00683627
 0.623436 0.289658 0.0662504 0.0140289 0.00662652
 0.631947 0.236027 0.101557 0.0232279 0.00724194
 0.624252 0.242927 0.0851763 0.0366492 0.0109958
 0.710248 0.184835 0.0678302 0.023783 0.0133035
 0.655513 0.248822 0.0610253 0.0223948 0.0122445
 0.650001 0.23314 0.0844074 0.0207015 0.0117506
 0.699769 0.198594 0.0677025 0.0245114 0.00942392
 0.650154 0.248687 0.0669133 0.0228114 0.011434
 0.388167 0.405027 0.147007 0.0395545 0.0202436
pobs_pel_tallas
 0 0 0 0 0 0 0 0 0 0 0 0 0 0 0 0 0 0 0 0 0 0 0 0 0 0 0 0 0 0 0 0 0 0 0 0
 0 0 0 0 0 0 0 0 0 0 0 0 0 0 0 0 0 0 0 0 0 0 0 0 0 0 0 0 0 0 0 0 0 0 0 0
 0 0 0 0 0 0 0 0 0 0 0 0 0 0 0 0 0 0 0 0 0 0 0 0 0 0 0 0 0 0 0 0 0 0 0 0
 0 0 0 0 0 0 0 0 0 0 0 0 0 0 0 0 0 0 0 0 0 0 0 0 0 0 0 0 0 0 0 0 0 0 0 0
 0 0 0 0 0 0 0 0 0 0 0 0 0 0 0 0 0 0 0 0 0 0 0 0 0 0 0 0 0 0 0 0 0 0 0 0
 0 0 0 0 0 0 0 0 0 0 0 0 0 0 0 0 0 0 0 0 0 0 0 0 0 0 0 0 0 0 0 0 0 0 0 0
 0 0 0 0 0 0 0 0 0 0 0 0 0 0 0 0 0 0 0 0 0 0 0 0 0 0 0 0 0 0 0 0 0 0 0 0
 0 0 0 0 0 0 0 0 0 0 0 0 0 0 0 0 0 0 0 0 0 0 0 0 0 0 0 0 0 0 0 0 0 0 0 0
 0 0 0 0 0 0 0 0 0 0 0 0 0 0 0 0 0 0 0 0 0 0 0 0 0 0 0 0 0 0 0 0 0 0 0 0
 0 0 0 0 0 0 0 0 0 0 0 0 0 0 0 0 0 0 0 0 0 0 0 0 0 0 0 0 0 0 0 0 0 0 0 0
 0 0 0 0 0 0 0 0 1.78061e-05 0.00172719 0.00360574 0.0105946 0.0120993 0.0124554 0.0147524 0.0171206 0.0266825 0.0428682 0.0675386 0.121331 0.153587 0.119568 0.100827 0.0573624 0.0630603 0.0341343 0.0324427 0.0444173 0.0211091 0.0280891 0.0125444 0.00206551 0 0 0 0
 0 0 0 0 0 0 0 0 0 0 0 0 0 0 0 0 0 0 0 0 0 0 0 0 0 0 0 0 0 0 0 0 0 0 0 0
 0 0 0 0 0 0 0.0133647 0.0140871 0.0187388 0.0205184 0.03894 0.0496705 0.03968 0.0493445 0.0407372 0.0367815 0.0215668 0.0243155 0.0234873 0.0199281 0.019796 0.0243948 0.0301388 0.0376714 0.0412746 0.0863199 0.0771752 0.113111 0.0741005 0.0525337 0.0229764 0.00759418 0.00175318 0 0 0
 0 0 0 0 0 0 0 0 0 0 0.00219441 0.00772107 0.0458388 0.0604681 0.0671733 0.0775358 0.0609151 0.0617685 0.073594 0.0568108 0.0755445 0.0548602 0.0670107 0.0636378 0.0643287 0.046367 0.0373049 0.0286899 0.0247887 0.0153202 0.00654259 0.00121912 0.000365735 0 0 0
 0 0 0 0 0 0 0 0 0 0 0 0 0.000112435 0.00938835 0.0111873 0.0202946 0.0414886 0.0713402 0.111592 0.104902 0.108894 0.110636 0.117776 0.105296 0.107544 0.0401394 0.0192827 0.0124803 0.00416011 0.0028671 0.000618394 0 0 0 0 0
 0 0 0 0 0 0 0 0 0 0 0.00291406 0.0102884 0.027416 0.0768956 0.0749926 0.110853 0.0956884 0.0897413 0.0766577 0.0534642 0.0500743 0.0551293 0.0594112 0.0620874 0.0668451 0.0424026 0.0208742 0.0120726 0.0048766 0.00582813 0.00118941 0.000297354 0 0 0 0
 0 0.00264628 0.0354308 0.0461629 0.0458689 0.0383711 0.0214643 0.0164657 0.0346957 0.0420465 0.0363128 0.0245516 0.0311673 0.0291091 0.0169068 0.0133784 0.00837989 0.0085269 0.0148486 0.0160247 0.0276389 0.0546898 0.0760071 0.122758 0.109233 0.0665981 0.0333725 0.0166128 0.00676272 0.00308733 0.000882094 0 0 0 0 0
 0 0 0 0 0 0 0 0.000805153 0.000690131 0.00759144 0.0133425 0.0154129 0.00931677 0.000345066 0.00356568 0.00563607 0.00851162 0.0253048 0.0502646 0.0516448 0.0657925 0.0565908 0.0611916 0.0827007 0.0866115 0.110766 0.145733 0.0935128 0.0569358 0.0249597 0.0138026 0.00621118 0.00161031 0.00115022 0 0
 0 0 0 0 0 0 0 0 0 0 0 0 0 0 0 0 0 0 0 0 0 0 0 0 0 0 0 0 0 0 0 0 0 0 0 0
 0.00147267 0.00158595 0.00478618 0.00569244 0.00954404 0.0108468 0.00647125 0.017049 0.0510054 0.094081 0.124002 0.0959785 0.0687766 0.0820023 0.061753 0.0591476 0.0492212 0.0479892 0.0443925 0.0268479 0.0217502 0.0140895 0.0121071 0.0120363 0.00920419 0.00665534 0.0049561 0.00860946 0.00930331 0.0156896 0.0114698 0.00855282 0.00243557 0.00046729 0 2.83206e-05
 0 0 0 0 0.000772559 0.00158375 0.000888443 0.00281984 0.00712685 0.0440552 0.0773331 0.111326 0.0921469 0.0852325 0.0710754 0.0886704 0.0786465 0.0553345 0.0373146 0.0185414 0.00753245 0.00457741 0.012979 0.0271748 0.0457355 0.0583668 0.034881 0.0177882 0.00938659 0.00492506 0.0015258 0.00185414 0.000309023 5.79419e-05 3.86279e-05 0
 0 0.00173294 0.00326652 0 0.00397197 0.00683976 0.00946217 0.0152591 0.00757587 0.0136028 0.0228656 0.0392903 0.0559909 0.0764795 0.0681675 0.0726916 0.0566044 0.0477403 0.0527397 0.0444891 0.0609904 0.0582453 0.0661739 0.0445044 0.0529084 0.0360697 0.0280645 0.0235558 0.0158879 0.00826598 0.00280645 0.00217768 0.000904811 0.00058276 9.20147e-05 0
 0 0 0 0 0 0 0 0 0 0 0 0 0 0 0 0 0 0 0 0 0 0 0 0 0 0 0 0 0 0 0 0 0 0 0 0
 0 0 0 0 0 0 0 0 0 0 0 0 0 0 0 0 0 0 0 0 0 0 0 0 0 0 0 0 0 0 0 0 0 0 0 0
 0 0 0 0 0 0 0 0 0 0 0 0 0 0 0 0 0 0 0 0 0 0 0 0 0 0 0 0 0 0 0 0 0 0 0 0
ppred_pel_tallas
 1.01131e-16 3.38029e-05 0.000198399 0.000943106 0.00363102 0.011323 0.028601 0.0585213 0.097005 0.130273 0.141759 0.125031 0.0894775 0.0521722 0.0252316 0.0109644 0.00567386 0.00501008 0.0063076 0.0083956 0.0107943 0.0132133 0.0153846 0.0170582 0.0180444 0.0182536 0.0177124 0.0165488 0.0149541 0.0131345 0.0112701 0.00948972 0.00786727 0.00643136 0.00518249 0.00410864
 1.0133e-16 3.09536e-05 0.000181665 0.000863537 0.00332464 0.0103675 0.0261877 0.053584 0.0888233 0.119293 0.12983 0.114556 0.0820836 0.0480666 0.0236301 0.0109237 0.00659705 0.0066902 0.00876066 0.0116984 0.0149847 0.0182385 0.0210819 0.0231627 0.0242238 0.0241602 0.023041 0.0210839 0.0185952 0.0158951 0.0132536 0.0108529 0.00878144 0.00705219 0.0056316 0.00446797
 1.02513e-16 2.38325e-05 0.000139849 0.000664716 0.00255909 0.00798019 0.0201576 0.0412467 0.0683773 0.0918478 0.0999986 0.088325 0.0634857 0.0375752 0.0192171 0.0101394 0.00783751 0.00931966 0.0127203 0.0171348 0.0220372 0.0269364 0.0313013 0.0346233 0.0365202 0.0368197 0.0355922 0.0331169 0.0298015 0.0260791 0.0223213 0.0187866 0.0156132 0.0128416 0.0104533 0.00840617
 1.03244e-16 2.79937e-05 0.00016429 0.000780938 0.00300662 0.00937582 0.0236826 0.0484583 0.080327 0.107883 0.117414 0.103604 0.0742445 0.043494 0.0214178 0.00996735 0.00612369 0.00632132 0.00837202 0.0112965 0.014652 0.0181168 0.0213631 0.0240709 0.0259842 0.0269609 0.0269946 0.0261979 0.0247602 0.0228929 0.0207843 0.0185746 0.0163539 0.0141755 0.0120744 0.010082
 1.02784e-16 2.9683e-05 0.000174207 0.000828087 0.00318815 0.00994193 0.0251126 0.0513841 0.0851765 0.114395 0.124497 0.109847 0.0787009 0.0460692 0.0226184 0.0104089 0.00622871 0.00628468 0.00824429 0.0110592 0.0142544 0.0174907 0.0204307 0.0227551 0.0242214 0.0247155 0.024271 0.0230481 0.0212829 0.0192251 0.017085 0.0150052 0.0130581 0.0112631 0.00961246 0.00809236
 1.03508e-16 2.29953e-05 0.000134933 0.00064135 0.00246913 0.00769964 0.0194489 0.0397967 0.0659739 0.0886203 0.0964872 0.0852292 0.0612731 0.036291 0.0186074 0.00989471 0.00774216 0.00926852 0.0126775 0.0170975 0.0220181 0.0269594 0.0314002 0.0348404 0.0369028 0.0374151 0.0364411 0.0342473 0.0312227 0.0277788 0.0242644 0.0209179 0.0178616 0.0151274 0.0126958 0.0105312
 1.03752e-16 2.75701e-05 0.000161803 0.000769117 0.0029611 0.00923389 0.0233241 0.0477248 0.079111 0.10625 0.115636 0.102036 0.073121 0.0428366 0.0210958 0.00982106 0.00604045 0.00624423 0.00828005 0.0111872 0.0145338 0.0180079 0.0212906 0.0240691 0.0260908 0.0272122 0.0274189 0.0268114 0.025563 0.0238686 0.0219016 0.0197909 0.0176205 0.0154427 0.0132962 0.0112199
 1.04087e-16 2.42763e-05 0.000142458 0.000677131 0.00260691 0.00812932 0.0205342 0.042017 0.0696528 0.0935568 0.101848 0.0899311 0.0645808 0.0381042 0.0192688 0.00981419 0.00716996 0.00827694 0.0112389 0.0151614 0.0195616 0.0240156 0.0280702 0.0312898 0.0333433 0.0340743 0.0335275 0.0319196 0.0295707 0.0268179 0.0239444 0.0211402 0.0185007 0.01605 0.0137765 0.0116628
 1.04099e-16 2.61315e-05 0.000153355 0.000728946 0.00280643 0.00875153 0.0221058 0.0452321 0.0749803 0.100706 0.109612 0.0967438 0.069379 0.0407463 0.020256 0.0097484 0.00642452 0.0069706 0.00934777 0.0126293 0.0163698 0.0202199 0.0238145 0.0267977 0.0288885 0.0299363 0.0299444 0.0290497 0.0274724 0.0254531 0.0232002 0.0208619 0.0185252 0.0162333 0.0140095 0.0118756
 1.0417e-16 2.49211e-05 0.000146245 0.000695141 0.00267626 0.00834559 0.0210804 0.0431345 0.0715044 0.0960413 0.104546 0.0922972 0.0662447 0.0390154 0.0195992 0.00977014 0.00687751 0.00777334 0.0105122 0.0141897 0.0183388 0.0225646 0.0264485 0.0295861 0.0316661 0.0325342 0.0322191 0.030906 0.0288755 0.0264261 0.0238104 0.0212008 0.0186878 0.0163022 0.0140451 0.0119148
 1.05622e-16 1.93982e-05 0.000113815 0.000540951 0.00208257 0.00649417 0.016404 0.0335667 0.0556476 0.074755 0.0814055 0.0719417 0.0517957 0.0308298 0.0160896 0.00901624 0.00761032 0.0094724 0.013107 0.0177789 0.0230324 0.0284113 0.0334045 0.0375098 0.0403339 0.041672 0.0415402 0.0401461 0.0378149 0.0348981 0.031697 0.028422 0.0251916 0.0220574 0.0190399 0.0161575
 1.07295e-16 1.95035e-05 0.00011444 0.000543932 0.00209407 0.00653005 0.0164946 0.0337514 0.0559521 0.0751583 0.0818298 0.0722814 0.0519635 0.0307763 0.0157823 0.00840612 0.00661536 0.00798765 0.0110321 0.0150537 0.0196733 0.0245391 0.0292551 0.033419 0.036696 0.0388796 0.0399177 0.0398949 0.0389828 0.0373787 0.0352574 0.0327481 0.0299395 0.0269001 0.0237011 0.020431
 1.05791e-16 2.65721e-05 0.000155946 0.000741274 0.00285391 0.00889961 0.0224798 0.045997 0.0762468 0.102402 0.111447 0.0983362 0.0704616 0.0412627 0.0202915 0.00939897 0.00571986 0.00587296 0.00778931 0.0105538 0.0137672 0.0171507 0.0204215 0.0233008 0.0255614 0.0270692 0.0278004 0.0278257 0.0272728 0.0262809 0.0249649 0.0234003 0.021629 0.0196767 0.0175736 0.0153676
 1.0382e-16 2.77082e-05 0.000162611 0.000772952 0.00297586 0.0092799 0.0234404 0.0479629 0.0795065 0.106783 0.116223 0.102569 0.073536 0.0431455 0.0213688 0.0101474 0.0065016 0.00690467 0.00918299 0.0123458 0.0159188 0.0195381 0.022832 0.0254482 0.0271205 0.0277265 0.0273076 0.0260448 0.0242009 0.0220493 0.0198159 0.0176471 0.0156098 0.0137123 0.0119348 0.0102559
 1.02151e-16 3.17143e-05 0.000186135 0.000884798 0.00340651 0.0106229 0.0268326 0.0549032 0.0910087 0.122224 0.133009 0.117334 0.0840159 0.0490813 0.0239119 0.010691 0.00596735 0.00567311 0.00731076 0.00977021 0.0125723 0.0154 0.0179487 0.019933 0.0211377 0.0214642 0.0209473 0.0197369 0.0180522 0.0161249 0.0141509 0.012264 0.0105323 0.00897328 0.00757611 0.00632171
 1.01365e-16 3.28094e-05 0.000192564 0.00091536 0.00352418 0.0109898 0.0277595 0.0567996 0.0941522 0.126445 0.137601 0.121382 0.086907 0.0507554 0.0246991 0.010993 0.00606187 0.00569169 0.00729276 0.00971114 0.012447 0.0151702 0.0175672 0.0193475 0.0202975 0.0203282 0.0194922 0.0179634 0.0159881 0.0138244 0.0116895 0.00973013 0.008018 0.00656454 0.00534501 0.00432125
 1.01827e-16 2.72092e-05 0.000159677 0.000758989 0.00292208 0.00911217 0.0230168 0.0470966 0.0780722 0.104862 0.114146 0.100769 0.0723173 0.0425749 0.0213539 0.010585 0.00736478 0.00824327 0.0110795 0.014866 0.0190708 0.0232428 0.0269099 0.0296268 0.0310647 0.0310849 0.0297668 0.0273766 0.0242931 0.0209143 0.0175779 0.0145144 0.0118395 0.00957598 0.0076897 0.00612369
 1.02656e-16 2.75782e-05 0.000161848 0.000769321 0.00296188 0.00923629 0.0233302 0.0477376 0.0791332 0.106283 0.11568 0.102094 0.0732033 0.0429673 0.021313 0.0101762 0.00659597 0.00706657 0.00942802 0.0126952 0.0163933 0.0201521 0.0235888 0.0263342 0.0281024 0.0287491 0.0282963 0.0269111 0.0248516 0.0223986 0.0197972 0.0172243 0.0147837 0.0125224 0.0104542 0.00858127
 1.03062e-16 2.72429e-05 0.000159879 0.000759959 0.00292583 0.00912388 0.0230463 0.0471567 0.0781705 0.10499 0.114276 0.100859 0.0723293 0.0424764 0.0211103 0.0101471 0.00666496 0.00720296 0.00962646 0.0129575 0.0167182 0.0205308 0.0240041 0.0267634 0.0285217 0.0291398 0.0286502 0.0272333 0.0251601 0.0227197 0.0201597 0.0176516 0.0152881 0.0131019 0.0110932 0.00925357
 1.02462e-16 3.09904e-05 0.000181885 0.000864591 0.00332871 0.0103803 0.0262197 0.0536492 0.0889303 0.119433 0.129973 0.11466 0.0821077 0.0479807 0.0234028 0.0105104 0.0059352 0.00570653 0.00738785 0.00989728 0.0127676 0.0156874 0.0183549 0.0204843 0.0218563 0.0223637 0.0220292 0.0209876 0.0194425 0.0176116 0.0156812 0.0137807 0.0119802 0.0103052 0.00875692 0.00733085
 1.0229e-16 2.86063e-05 0.000167882 0.000798008 0.00307233 0.00958072 0.0242003 0.0495177 0.0820841 0.110246 0.119993 0.1059 0.0759304 0.0445639 0.0220959 0.0105321 0.00679613 0.00724488 0.00962803 0.0129116 0.01659 0.0202673 0.0235392 0.0260244 0.0274392 0.0276596 0.0267452 0.0249124 0.0224716 0.0197487 0.0170186 0.0144675 0.0121875 0.0101967 0.00847068 0.00697021
 1.02535e-16 2.83653e-05 0.000166469 0.000791291 0.00304647 0.0095001 0.0239966 0.0491009 0.0813928 0.109316 0.118979 0.104998 0.0752712 0.0441509 0.0218434 0.0103338 0.00656947 0.00693826 0.00921416 0.0123835 0.0159626 0.0195812 0.0228607 0.0254394 0.027041 0.0275331 0.0269498 0.0254696 0.0233601 0.0209078 0.0183595 0.0158883 0.0135899 0.0114984 0.00961367 0.00792327
 1.02309e-16 3.0534e-05 0.000179204 0.000851844 0.00327963 0.0102272 0.0258331 0.0528583 0.0876197 0.117675 0.128063 0.112984 0.0809279 0.047332 0.0231623 0.0105308 0.00612579 0.00603966 0.00787143 0.0105476 0.0135918 0.016674 0.01947 0.0216725 0.0230477 0.0234841 0.0230115 0.0217821 0.0200228 0.0179755 0.0158471 0.0137813 0.0118552 0.0100949 0.00849792 0.00705311
 1.0235e-16 2.83726e-05 0.00016651 0.000791485 0.00304721 0.0095024 0.0240024 0.049113 0.0814132 0.109345 0.119013 0.105036 0.0753148 0.0442093 0.0219329 0.010476 0.00678947 0.00726149 0.00966163 0.0129651 0.0166699 0.0203818 0.023697 0.0262333 0.0277047 0.027984 0.0271258 0.0253413 0.0229358 0.0202312 0.0175002 0.0149289 0.0126117 0.010571 0.00878708 0.00722636
 1.04524e-16 1.69553e-05 9.94657e-05 0.000472715 0.00181981 0.00567476 0.0143343 0.0293326 0.0486319 0.0653412 0.0711831 0.0629764 0.0454904 0.0273766 0.0148365 0.00918312 0.00872171 0.0113919 0.0158879 0.021516 0.0277657 0.0340718 0.0397915 0.0442988 0.0471141 0.048006 0.0470324 0.0445012 0.0408741 0.0366463 0.0322434 0.0279641 0.0239729 0.0203294 0.017034 0.0140672
pSPR Fmed_Fpbrs
0.720288   0.335275 0.335275
Fs Fmed_Fpbrs
0.20348   1.005 1.005
SSBpbr Bo_Bmed_Bpbrs
1.42432e+06  954703  406322 406322
Ro
59874.1
SPR SPRFo_SPRFmed_SPRFpbrs
1.22968e+06 885725 412281
log_Ro
10.82
likeval ReclasPelacesDesembMPH_pf_preclas_ppelaces_ptallas_desvR_qrecl_qpela
 61.2994 22.9699 0.034363 0.000228689 318.277 200.233 77.9324 0 16.2296 8.61489e-05 4.48641e-06 0 0 0 0
q_reclas_q_pelaces
0.268408 1.35167
M
0.7
N
 69648.3 17556.9 6522.76 768.06 0.393244
 86631.4 32245.1 6077.27 2257.83 265.998
 55298.2 40864 12288.4 2316 961.811
 80122.4 25602.6 14148.2 4254.54 1134.86
 131660 39274.3 11891.7 6571.44 2503.23
 98853 65198 19224.7 5820.95 4442.02
 147229 47674.7 27852.1 8212.64 4384.27
 127447 71780.6 21537.7 12582.6 5690.82
 141666 60954.1 29374.5 8813.77 7477.94
 132423 67296.5 24088 11608.2 6438.19
 66850.2 63290.9 27442.9 9822.86 7359.18
 41414.9 30501.2 20321.8 8811.53 5516.91
 42123.2 18982.9 10027.6 6681.03 4710.64
 23828.7 18421.2 4899.5 2588.13 2940.19
 18412 9431.28 2844.6 756.58 853.683
 22944.7 7389.71 1564.81 471.966 267.17
 19249.5 10491.8 2399.67 508.142 240.021
 22024.3 9029.51 3885.17 888.614 277.05
 25206 10532.4 3692.91 1588.97 476.736
 43278.6 12131.3 4451.9 1560.95 873.148
 53970.8 20810.6 5103.94 1873.03 1024.09
 71222.1 26397.2 9557 2343.92 1330.46
 116759 34662.4 11816.8 4278.21 1644.85
 142099 56622.7 15235.2 5193.84 2603.37
 63609.3 68994.3 25041.9 6737.91 3448.38
pred_Ctot
 3404.31 3905.12 1450.83 170.837 0.0874677
 3131.43 5476.08 1032.08 383.44 45.1735
 2701.25 9084.35 2731.79 514.862 213.817
 743.868 1195.28 660.523 198.628 52.9823
 264.064 403.513 122.178 67.5164 25.7188
 2051.63 6609.25 1948.84 590.081 450.297
 1929.56 3111.6 1817.83 536.017 286.149
 3387.72 9183.21 2755.41 1609.74 728.052
 4432.1 9069.91 4370.89 1311.48 1112.71
 3582.79 8752.65 3132.9 1509.78 837.357
 3922.98 16492.8 7151.26 2559.71 1917.7
 2303.28 7590.45 5057.23 2192.81 1372.92
 3642.19 6804.67 3594.53 2394.9 1688.59
 3523.96 9739.79 2590.5 1368.42 1554.56
 2570.66 4800.93 1448.02 385.132 434.562
 1312.85 1884.45 399.042 120.356 68.131
 769.386 1951.37 446.315 94.5094 44.6415
 587.206 1158.44 498.448 114.005 35.5441
 559.474 1137.69 398.905 171.639 51.4965
 987.967 1345.57 493.791 173.136 96.847
 585.463 1130.69 277.31 101.766 55.6412
 1022.85 1881.91 681.339 167.103 94.8515
 1969.63 2884.27 983.276 355.991 136.868
 2276.82 4484.79 1206.7 411.377 206.2
 991.203 5320.53 1931.11 519.597 265.924
F
 0.0700912 0.360892 0.360892 0.360892 0.360892
 0.0514121 0.264715 0.264715 0.264715 0.264715
 0.070047 0.360664 0.360664 0.360664 0.360664
 0.0129839 0.0668525 0.0668525 0.0668525 0.0668525
 0.00279232 0.0143773 0.0143773 0.0143773 0.0143773
 0.0292335 0.15052 0.15052 0.15052 0.15052
 0.0183722 0.0945963 0.0945963 0.0945963 0.0945963
 0.0375787 0.193488 0.193488 0.193488 0.193488
 0.044361 0.22841 0.22841 0.22841 0.22841
 0.0382605 0.196999 0.196999 0.196999 0.196999
 0.0846877 0.436047 0.436047 0.436047 0.436047
 0.0800995 0.412423 0.412423 0.412423 0.412423
 0.127097 0.654407 0.654407 0.654407 0.654407
 0.226861 1.16808 1.16808 1.16808 1.16808
 0.212914 1.09627 1.09627 1.09627 1.09627
 0.0824948 0.424756 0.424756 0.424756 0.424756
 0.0569878 0.293424 0.293424 0.293424 0.293424
 0.0376941 0.194083 0.194083 0.194083 0.194083
 0.0312925 0.161122 0.161122 0.161122 0.161122
 0.0321963 0.165775 0.165775 0.165775 0.165775
 0.0151853 0.0781876 0.0781876 0.0781876 0.0781876
 0.0201479 0.103739 0.103739 0.103739 0.103739
 0.0237033 0.122046 0.122046 0.122046 0.122046
 0.022502 0.11586 0.11586 0.11586 0.11586
 0.021878 0.112647 0.112647 0.112647 0.112647
nmprior
 10.6 11 7 0
nm_flota  nm_reclas  nm_pelaces    nm_pelaL
inf 13.1189 20.6976 51.3683
cv_recla  cv_pelaces  cv_mph
0.708195 0.54344 0.490638
 ------------------------------------------------
Talla a la edad & desviación 
 7.2 14.2025 17.0495 18.207 18.6776
 1.08 2.13037 2.55742 2.73105 2.80164
