years
 1997 1998 1999 2000 2001 2002 2003 2004 2005 2006 2007 2008 2009 2010 2011 2012 2013 2014 2015 2016 2017 2018 2019 2020 2021
reclasobs
 0 0 0 370054 412103 1.49427e+06 250295 1.28982e+06 931140 785840 897777 1.04006e+06 184774 17550 25797 100020 73551 82996 120727 218422 84188 347160 605670 569463 516374
reclaspred
 2.9032e+06 375664 573175 182916 239634 310418 590551 495405 767695 1.14338e+06 1.21784e+06 802634 444696 202080 129871 120140 129450 165942 159584 211835 378703 376168 593260 647427 562754
pelacesobs
 0 0 0 0 0 0 0 0 0 2.06254e+06 1.5e+06 0 1.87456e+06 323000 250000 174000 83755 137374 0 501740 490994 745055 786931 1.00524e+06 1.33801e+06
pelacespred
 1.28139e+06 503078 176428 131801 139271 129041 307540 286864 427726 664084 626454 426976 237936 86298.1 54271.1 57238 64367.4 82923.2 83571.2 106766 210935 220162 263165 339294 287582
mphobs
 0 0 0 0 0 112323 0 153150 637223 0 255016 313432 73983 77613 109348 50772 0 0 0 0 0 0 0 0 0
mphpred
 2.07075e+06 908681 432350 239667 144138 303948 348224 491953 542074 850025 1.21787e+06 867082 492029 265322 121738 103054 105929 131231 147963 148509 264546 358416 415166 543093 573290
desembarqueobs
 350755 77701 442110 56441 14545 235359 269955 359681 431902 328805 639364 411747 362871 311530 167758 66681 60226 58785 57116 73181 50977 67692 138656 160484 209506
desembarquepred
 350734 77680.7 441675 56422.7 14543.9 235192 269835 359269 431548 328597 638681 411397 362360 311081 167488 66645.4 60207.4 58753.5 57077.7 73128.2 50964.2 67658.5 138583 160405 209403
Reclutas
 13385.4 16814.7 3441.32 7949.75 48819.8 20551.3 58928.7 69472.9 126484 185722 65291.6 28012.8 50078 27870.7 19406.8 14683.6 11634.2 11902.4 10122.1 27067.6 36366.9 35079.6 58987.9 51810 3199.62
log_desv_Rt
 -0.658081 -0.42999 -2.01639 -1.1791 0.635892 -0.229322 0.824083 0.988692 1.58787 1.97201 0.926618 0.0804155 0.661336 0.0753323 -0.286621 -0.565515 -0.798297 -0.775503 -0.937524 0.0460926 0.341413 0.305376 0.825087 0.695338 -2.08921
SSB
 2.07075e+06 908681 432350 239667 144138 303948 348224 491953 542074 850025 1.21787e+06 867082 492029 265322 121738 103054 105929 131231 147963 148509 264546 358416 415166 543093 573290
BT
 2.72527e+06 1.0757e+06 585766 321751 387706 433562 1.11124e+06 1.08704e+06 1.60065e+06 2.00847e+06 1.8643e+06 1.21764e+06 897227 484096 278579 183753 199674 236454 221309 325281 561197 503606 660585 855889 701765
Ftot
 0.117524 0.200056 0.71089 0.296437 0.0593201 0.70206 0.436946 0.680475 0.534727 0.277573 0.496055 0.484725 0.754829 1.33237 1.15341 0.524868 0.443225 0.33982 0.342797 0.332122 0.130974 0.174453 0.225854 0.239316 0.355481
BD_Bspro_t
 0.981587 0.865238 0.675914 0.374947 0.415581 0.657755 0.507274 0.540272 0.518381 0.570605 0.620636 0.462408 0.337007 0.246052 0.146328 0.149331 0.20147 0.305396 0.386679 0.449529 0.61242 0.732575 0.730626 0.719843 0.672924
BD_Bspro
 3.90069 1.71169 0.814422 0.451463 0.271515 0.572551 0.655953 0.926698 1.02111 1.6012 2.29412 1.63333 0.92684 0.49979 0.22932 0.194125 0.199539 0.247201 0.27872 0.279749 0.498328 0.675152 0.782054 1.02303 1.07991
BD_Bo
 2.05144 0.900209 0.428319 0.237433 0.142794 0.301115 0.344978 0.487367 0.537021 0.842101 1.20652 0.858999 0.487442 0.262848 0.120604 0.102094 0.104941 0.130007 0.146584 0.147125 0.262079 0.355075 0.411296 0.53803 0.567945
BD_Brms
 9.97775 4.37841 2.08324 1.15482 0.694518 1.46455 1.67789 2.37044 2.61194 4.09578 5.86822 4.17797 2.3708 1.27843 0.586587 0.49656 0.51041 0.632326 0.712949 0.715581 1.27469 1.727 2.00045 2.61685 2.76235
S_f
 0.5 1 1 1 1
 0.5 1 1 1 1
 0.5 1 1 1 1
 0.5 1 1 1 1
 0.5 1 1 1 1
 0.5 1 1 1 1
 0.5 1 1 1 1
 0.5 1 1 1 1
 0.5 1 1 1 1
 0.5 1 1 1 1
 0.5 1 1 1 1
 0.5 1 1 1 1
 0.5 1 1 1 1
 0.5 1 1 1 1
 0.5 1 1 1 1
 0.5 1 1 1 1
 0.5 1 1 1 1
 0.5 1 1 1 1
 0.5 1 1 1 1
 0.5 1 1 1 1
 0.5 1 1 1 1
 0.5 1 1 1 1
 0.5 1 1 1 1
 0.5 1 1 1 1
 0.5 1 1 1 1
Scru_reclas
 0.5 1 1 1 1
 0.5 1 1 1 1
 0.5 1 1 1 1
 0.5 1 1 1 1
 0.5 1 1 1 1
 0.5 1 1 1 1
 0.5 1 1 1 1
 0.5 1 1 1 1
 0.5 1 1 1 1
 0.5 1 1 1 1
 0.5 1 1 1 1
 0.5 1 1 1 1
 0.5 1 1 1 1
 0.5 1 1 1 1
 0.5 1 1 1 1
 0.5 1 1 1 1
 0.5 1 1 1 1
 0.5 1 1 1 1
 0.5 1 1 1 1
 0.5 1 1 1 1
 0.5 1 1 1 1
 0.5 1 1 1 1
 0.5 1 1 1 1
 0.5 1 1 1 1
 0.5 1 1 1 1
Scru_pelaces
 0.5 1 1 1 1
 0.5 1 1 1 1
 0.5 1 1 1 1
 0.5 1 1 1 1
 0.5 1 1 1 1
 0.5 1 1 1 1
 0.5 1 1 1 1
 0.5 1 1 1 1
 0.5 1 1 1 1
 0.5 1 1 1 1
 0.5 1 1 1 1
 0.5 1 1 1 1
 0.5 1 1 1 1
 0.5 1 1 1 1
 0.5 1 1 1 1
 0.5 1 1 1 1
 0.5 1 1 1 1
 0.5 1 1 1 1
 0.5 1 1 1 1
 0.5 1 1 1 1
 0.5 1 1 1 1
 0.5 1 1 1 1
 0.5 1 1 1 1
 0.5 1 1 1 1
 0.5 1 1 1 1
pf_obs 
 0.256992 0.487395 0.22802 0.0275931 0
 0.321318 0.546541 0.124235 0.00734118 0.000564706
 0.182869 0.594174 0.210203 0.0122559 0.00049798
 0.330522 0.361315 0.267642 0.0388342 0.00168674
 0.649043 0.306663 0.0425973 0.00169635 0
 0.582887 0.30429 0.105238 0.00758474 0
 0.465427 0.430635 0.0974691 0.00646863 0
 0.296916 0.608066 0.0921331 0.00288517 0
 0.311714 0.524322 0.152257 0.0117073 0
 0.15457 0.633149 0.183074 0.0267441 0.00246327
 0.131901 0.49318 0.331252 0.0422183 0.00144891
 0.196976 0.569456 0.194076 0.0375587 0.00193317
 0.518974 0.381816 0.0799577 0.0180837 0.00116848
 0.0928022 0.601141 0.25162 0.0475244 0.00691264
 0.122501 0.610282 0.24278 0.0234846 0.000952079
 0.383417 0.481906 0.127806 0.00687128 0
 0.0376549 0.599619 0.316969 0.0457579 0
 0.0361596 0.667082 0.258105 0.0386534 0
 0.158088 0.579412 0.248529 0.0139706 0
 0.0477256 0.309471 0.559284 0.082774 0.000745712
 0.0406174 0.521527 0.379366 0.0568643 0.0016247
 0.151134 0.462217 0.34131 0.0453401 0
 0.294876 0.26143 0.354403 0.0886775 0.000613685
 0.281977 0.475581 0.204845 0.0348837 0.00271318
 0.0354234 0.537034 0.353287 0.0723622 0.0018943
pf_pred 
 0.0784108 0.602066 0.282075 0.0374453 1.94458e-06
 0.1732 0.123684 0.459339 0.215206 0.0285699
 0.0746427 0.284327 0.0958942 0.356133 0.189003
 0.37038 0.104802 0.161257 0.0543865 0.309175
 0.803169 0.110552 0.0143614 0.0220976 0.04982
 0.309605 0.616143 0.0417043 0.00541761 0.0271299
 0.702357 0.156382 0.126069 0.00853309 0.00665952
 0.587963 0.34727 0.0340284 0.0274322 0.00330588
 0.690936 0.240359 0.0579057 0.00567407 0.00512544
 0.63241 0.308634 0.0458499 0.0110458 0.00206007
 0.262079 0.581797 0.131084 0.0194735 0.00556638
 0.216306 0.353512 0.339167 0.0764174 0.0145974
 0.508911 0.190987 0.135371 0.129878 0.0348524
 0.429522 0.4121 0.0615942 0.0436577 0.0531262
 0.541415 0.319569 0.100422 0.0150094 0.0235846
 0.538347 0.356406 0.0733421 0.023047 0.00885744
 0.45406 0.399275 0.113228 0.0233004 0.0101359
 0.474734 0.34373 0.132767 0.0376506 0.0111182
 0.42081 0.385756 0.126582 0.0488925 0.0179596
 0.678644 0.197975 0.082175 0.0269649 0.014241
 0.574893 0.349854 0.0463602 0.0192431 0.00964929
 0.442555 0.411011 0.120512 0.0159694 0.0099524
 0.547998 0.282618 0.124889 0.0366185 0.00787652
 0.429062 0.411744 0.0995377 0.0439855 0.0156711
 0.0445109 0.589339 0.264057 0.0638349 0.0382586
pobs_RECLAS
 0 0 0 0 0
 0 0 0 0 0
 0 0 0 0 0
 0 0 0 0 0
 0.835266 0.146461 0.0176864 0.000547809 3.91292e-05
 0.385257 0.428462 0.181853 0.0044286 0
 0.867414 0.0963971 0.0333333 0.00285562 0
 0.441836 0.489002 0.0689373 0.000224442 0
 0.779404 0.147425 0.0564933 0.0165055 0.000172143
 0.814271 0.122319 0.05973 0.00367925 0
 0.40263 0.566651 0.0304383 0.000280538 0
 0.475488 0.404961 0.113038 0.00651328 0
 0.955842 0.0263864 0.0167828 0.000988607 0
 0.975058 0.0227948 0.00214734 0 0
 0.738997 0.206755 0.0527124 0.00153531 0
 0.850938 0.134255 0.0134407 0.00136685 0
 0.542534 0.407297 0.0501686 0 0
 0.764087 0.199537 0.0359546 0.000420521 0
 0.470689 0.182191 0.310203 0.0369168 0
 0.84361 0.089868 0.0606195 0.00523954 0.000663233
 0.607945 0.314616 0.071237 0.00620181 0
 0.523733 0.453247 0.0230204 0 0
 0.530135 0.295979 0.169645 0.0042399 0
 0.562478 0.366248 0.0663022 0.0049721 0
 0.250443 0.683176 0.0655157 0.000865301 0
ppred_RECLAS
 0.0786873 0.601886 0.281991 0.0374341 1.94399e-06
 0.174205 0.123534 0.458781 0.214944 0.0285352
 0.0771404 0.28356 0.0956354 0.355171 0.188493
 0.373004 0.104365 0.160585 0.0541599 0.307886
 0.803457 0.110391 0.0143403 0.0220652 0.0497471
 0.317135 0.609423 0.0412495 0.00535852 0.026834
 0.706186 0.15437 0.124447 0.00842331 0.00657384
 0.596053 0.340452 0.0333603 0.0268937 0.00324097
 0.696046 0.236385 0.0569482 0.00558025 0.00504068
 0.634815 0.306615 0.0455499 0.0109736 0.00204659
 0.266305 0.578465 0.130333 0.019362 0.0055345
 0.219901 0.35189 0.337611 0.0760668 0.0145304
 0.518598 0.18722 0.132701 0.127316 0.034165
 0.451688 0.396087 0.0592009 0.0419614 0.051062
 0.559287 0.307115 0.0965081 0.0144245 0.0226655
 0.544169 0.351912 0.0724171 0.0227564 0.00874574
 0.458708 0.395876 0.112265 0.023102 0.0100496
 0.478056 0.341557 0.131927 0.0374125 0.0110479
 0.424095 0.383568 0.125864 0.0486152 0.0178577
 0.68146 0.19624 0.0814551 0.0267286 0.0141163
 0.575946 0.348988 0.0462453 0.0191954 0.00962539
 0.444029 0.409925 0.120194 0.0159272 0.00992609
 0.549999 0.281368 0.124336 0.0364564 0.00784166
 0.431185 0.410213 0.0991677 0.043822 0.0156128
 0.0451143 0.588966 0.26389 0.0637946 0.0382344
pobs_PELACES
 0 0 0 0 0
 0 0 0 0 0
 0 0 0 0 0
 0 0 0 0 0
 0 0 0 0 0
 0 0 0 0 0
 0 0 0 0 0
 0 0 0 0 0
 0 0 0 0 0
 0 0 0 0 0
 0.450072 0.473896 0.0757376 0.000293798 0
 0 0 0 0 0
 0.463077 0.371075 0.160297 0.00555027 0
 0.529543 0.364841 0.0842815 0.0213345 0
 0.631943 0.363953 0.00410389 0 0
 0.735681 0.248677 0.0153453 0.000297389 0
 0.695825 0.281241 0.0229344 0 0
 0.275771 0.60734 0.115278 0.00161068 0
 0 0 0 0 0
 0.896147 0.0623911 0.0374545 0.00400742 0
 0.803859 0.145111 0.0509908 3.86294e-05 0
 0.739449 0.233085 0.0266225 0.000797448 4.60066e-05
 0.878498 0.100942 0.0204185 0.000141795 0
 0.694673 0.275183 0.0284847 0.00165964 0
 0.469039 0.446079 0.0841089 0.000773354 0
ppred_PELACES
 0.0801046 0.60096 0.281557 0.0373765 1.941e-06
 0.179005 0.122816 0.456114 0.213695 0.0283693
 0.0859159 0.280863 0.094726 0.351794 0.186701
 0.384512 0.102449 0.157637 0.0531658 0.302235
 0.804998 0.109525 0.0142279 0.0218922 0.0493571
 0.342735 0.586577 0.0397031 0.00515764 0.025828
 0.72092 0.146629 0.118206 0.00800092 0.00624419
 0.62277 0.317934 0.0311538 0.0251149 0.00302661
 0.714384 0.222124 0.0535125 0.00524359 0.00473658
 0.645366 0.297756 0.0442339 0.0106565 0.00198746
 0.2826 0.565618 0.127439 0.018932 0.00541158
 0.233928 0.345563 0.331541 0.0746991 0.0142691
 0.54958 0.175171 0.124161 0.119122 0.0319662
 0.506497 0.356495 0.0532833 0.037767 0.0459579
 0.605534 0.274887 0.0863806 0.0129108 0.020287
 0.565556 0.335401 0.0690195 0.0216887 0.0083354
 0.476913 0.382562 0.108489 0.0223251 0.0097116
 0.49206 0.332392 0.128387 0.0364087 0.0107515
 0.437966 0.37433 0.122832 0.0474443 0.0174276
 0.693235 0.188986 0.0784439 0.0257406 0.0135944
 0.581215 0.344651 0.0456707 0.0189569 0.00950578
 0.451145 0.404677 0.118655 0.0157233 0.00979903
 0.559204 0.275612 0.121792 0.0357107 0.00768126
 0.440894 0.40321 0.0974748 0.0430739 0.0153463
 0.0477096 0.587366 0.263173 0.0636212 0.0381305
pobs_pel_tallas
 0 0 0 0 0 0 0 0 0 0 0 0 0 0 0 0 0 0 0 0 0 0 0 0 0 0 0 0 0 0 0 0 0 0 0 0
 0 0 0 0 0 0 0 0 0 0 0 0 0 0 0 0 0 0 0 0 0 0 0 0 0 0 0 0 0 0 0 0 0 0 0 0
 0 0 0 0 0 0 0 0 0 0 0 0 0 0 0 0 0 0 0 0 0 0 0 0 0 0 0 0 0 0 0 0 0 0 0 0
 0 0 0 0 0 0 0 0 0 0 0 0 0 0 0 0 0 0 0 0 0 0 0 0 0 0 0 0 0 0 0 0 0 0 0 0
 0 0 0 0 0 0 0 0 0 0 0 0 0 0 0 0 0 0 0 0 0 0 0 0 0 0 0 0 0 0 0 0 0 0 0 0
 0 0 0 0 0 0 0 0 0 0 0 0 0 0 0 0 0 0 0 0 0 0 0 0 0 0 0 0 0 0 0 0 0 0 0 0
 0 0 0 0 0 0 0 0 0 0 0 0 0 0 0 0 0 0 0 0 0 0 0 0 0 0 0 0 0 0 0 0 0 0 0 0
 0 0 0 0 0 0 0 0 0 0 0 0 0 0 0 0 0 0 0 0 0 0 0 0 0 0 0 0 0 0 0 0 0 0 0 0
 0 0 0 0 0 0 0 0 0 0 0 0 0 0 0 0 0 0 0 0 0 0 0 0 0 0 0 0 0 0 0 0 0 0 0 0
 0 0 0 0 0 0 0 0 0 0 0 0 0 0 0 0 0 0 0 0 0 0 0 0 0 0 0 0 0 0 0 0 0 0 0 0
 0 0 0 0 0 0 0 0 1.78061e-05 0.00172719 0.00360574 0.0105946 0.0120993 0.0124554 0.0147524 0.0171206 0.0266825 0.0428682 0.0675386 0.121331 0.153587 0.119568 0.100827 0.0573624 0.0630603 0.0341343 0.0324427 0.0444173 0.0211091 0.0280891 0.0125444 0.00206551 0 0 0 0
 0 0 0 0 0 0 0 0 0 0 0 0 0 0 0 0 0 0 0 0 0 0 0 0 0 0 0 0 0 0 0 0 0 0 0 0
 0 0 0 0 0 0 0.0133647 0.0140871 0.0187388 0.0205184 0.03894 0.0496705 0.03968 0.0493445 0.0407372 0.0367815 0.0215668 0.0243155 0.0234873 0.0199281 0.019796 0.0243948 0.0301388 0.0376714 0.0412746 0.0863199 0.0771752 0.113111 0.0741005 0.0525337 0.0229764 0.00759418 0.00175318 0 0 0
 0 0 0 0 0 0 0 0 0 0 0.00219441 0.00772107 0.0458388 0.0604681 0.0671733 0.0775358 0.0609151 0.0617685 0.073594 0.0568108 0.0755445 0.0548602 0.0670107 0.0636378 0.0643287 0.046367 0.0373049 0.0286899 0.0247887 0.0153202 0.00654259 0.00121912 0.000365735 0 0 0
 0 0 0 0 0 0 0 0 0 0 0 0 0.000112435 0.00938835 0.0111873 0.0202946 0.0414886 0.0713402 0.111592 0.104902 0.108894 0.110636 0.117776 0.105296 0.107544 0.0401394 0.0192827 0.0124803 0.00416011 0.0028671 0.000618394 0 0 0 0 0
 0 0 0 0 0 0 0 0 0 0 0.00291406 0.0102884 0.027416 0.0768956 0.0749926 0.110853 0.0956884 0.0897413 0.0766577 0.0534642 0.0500743 0.0551293 0.0594112 0.0620874 0.0668451 0.0424026 0.0208742 0.0120726 0.0048766 0.00582813 0.00118941 0.000297354 0 0 0 0
 0 0.00264628 0.0354308 0.0461629 0.0458689 0.0383711 0.0214643 0.0164657 0.0346957 0.0420465 0.0363128 0.0245516 0.0311673 0.0291091 0.0169068 0.0133784 0.00837989 0.0085269 0.0148486 0.0160247 0.0276389 0.0546898 0.0760071 0.122758 0.109233 0.0665981 0.0333725 0.0166128 0.00676272 0.00308733 0.000882094 0 0 0 0 0
 0 0 0 0 0 0 0 0.000805153 0.000690131 0.00759144 0.0133425 0.0154129 0.00931677 0.000345066 0.00356568 0.00563607 0.00851162 0.0253048 0.0502646 0.0516448 0.0657925 0.0565908 0.0611916 0.0827007 0.0866115 0.110766 0.145733 0.0935128 0.0569358 0.0249597 0.0138026 0.00621118 0.00161031 0.00115022 0 0
 0 0 0 0 0 0 0 0 0 0 0 0 0 0 0 0 0 0 0 0 0 0 0 0 0 0 0 0 0 0 0 0 0 0 0 0
 0.00147267 0.00158595 0.00478618 0.00569244 0.00954404 0.0108468 0.00647125 0.017049 0.0510054 0.094081 0.124002 0.0959785 0.0687766 0.0820023 0.061753 0.0591476 0.0492212 0.0479892 0.0443925 0.0268479 0.0217502 0.0140895 0.0121071 0.0120363 0.00920419 0.00665534 0.0049561 0.00860946 0.00930331 0.0156896 0.0114698 0.00855282 0.00243557 0.00046729 0 2.83206e-05
 0 0 0 0 0.000772559 0.00158375 0.000888443 0.00281984 0.00712685 0.0440552 0.0773331 0.111326 0.0921469 0.0852325 0.0710754 0.0886704 0.0786465 0.0553345 0.0373146 0.0185414 0.00753245 0.00457741 0.012979 0.0271748 0.0457355 0.0583668 0.034881 0.0177882 0.00938659 0.00492506 0.0015258 0.00185414 0.000309023 5.79419e-05 3.86279e-05 0
 0 0.00173294 0.00326652 0 0.00397197 0.00683976 0.00946217 0.0152591 0.00757587 0.0136028 0.0228656 0.0392903 0.0559909 0.0764795 0.0681675 0.0726916 0.0566044 0.0477403 0.0527397 0.0444891 0.0609904 0.0582453 0.0661739 0.0445044 0.0529084 0.0360697 0.0280645 0.0235558 0.0158879 0.00826598 0.00280645 0.00217768 0.000904811 0.00058276 9.20147e-05 0
 0 0 0 0 0 0 0 0 0 0 0 0 0 0 0 0 0 0 0 0 0 0 0 0 0 0 0 0 0 0 0 0 0 0 0 0
 0 0 0 0 0 0 0 0 0 0 0 0 0 0 0 0 0 0 0 0 0 0 0 0 0 0 0 0 0 0 0 0 0 0 0 0
 0 0 0 0 0 0 0 0 0 0 0 0 0 0 0 0 0 0 0 0 0 0 0 0 0 0 0 0 0 0 0 0 0 0 0 0
ppred_pel_tallas
 1.05477e-16 3.53061e-06 2.06323e-05 9.78896e-05 0.000376567 0.00117401 0.0029661 0.00607385 0.0100864 0.0136013 0.0149473 0.0135329 0.0104479 0.0076342 0.00658258 0.0078155 0.011238 0.0166189 0.0237415 0.032296 0.0417485 0.0513114 0.060032 0.0669657 0.071375 0.0728838 0.0715424 0.0677759 0.0622483 0.0556898 0.0487475 0.0418994 0.0354385 0.029509 0.0241636 0.0194143
 1.15183e-16 7.82393e-06 4.58814e-05 0.000218023 0.000839276 0.00261706 0.00661056 0.0135272 0.0224272 0.0301327 0.0328262 0.0290407 0.0209769 0.0126284 0.0068666 0.00432173 0.00425995 0.00581168 0.00849658 0.0121586 0.0167568 0.0222272 0.0284281 0.0351315 0.0420344 0.0487783 0.0549727 0.0602204 0.0641481 0.0664429 0.0668924 0.0654215 0.0621162 0.0572226 0.0511205 0.044273
 1.22248e-16 3.76975e-06 2.20689e-05 0.000104792 0.000403265 0.00125736 0.00317624 0.00650133 0.0107857 0.0145122 0.0158643 0.0141651 0.0105154 0.00689765 0.00477891 0.00456794 0.00602119 0.00880707 0.0127262 0.0176511 0.0234124 0.0297446 0.0363016 0.0427148 0.0486626 0.0539197 0.0583702 0.061977 0.0647281 0.0665828 0.0674448 0.0671753 0.0656379 0.0627569 0.0585685 0.0532411
 1.18221e-16 1.6783e-05 9.84838e-05 0.000468112 0.0018022 0.00561992 0.0141954 0.0290461 0.0481485 0.0646665 0.0703816 0.0621094 0.0445213 0.0261095 0.0129163 0.0061286 0.00396578 0.00433622 0.00599433 0.00844092 0.0115162 0.0151403 0.0192185 0.0236265 0.0282186 0.0328377 0.0373183 0.0414819 0.0451323 0.0480578 0.0500459 0.0509111 0.0505296 0.0488694 0.0460064 0.0421233
 1.03297e-16 3.51186e-05 0.000206129 0.000979866 0.00377258 0.0117645 0.029716 0.0608023 0.100784 0.135344 0.147262 0.129852 0.0928565 0.0539983 0.0258449 0.0107695 0.00490546 0.00371574 0.00443004 0.00585672 0.00755272 0.00929993 0.0109215 0.0122586 0.013194 0.0136762 0.0137267 0.0134267 0.0128888 0.0122229 0.0115104 0.010792 0.0100712 0.00932889 0.00854091 0.00769326
 1.02139e-16 1.49813e-05 8.78607e-05 0.000417508 0.00160719 0.00501166 0.0126596 0.0259073 0.0429594 0.0577391 0.0629525 0.055816 0.0405817 0.0249479 0.0144685 0.010391 0.0112999 0.0154199 0.0215705 0.02901 0.0370455 0.0448419 0.0514568 0.0560049 0.0578578 0.0567957 0.0530602 0.0472828 0.0403208 0.0330554 0.0262163 0.0202797 0.0154508 0.0117134 0.00891338 0.00684233
 1.02293e-16 3.14543e-05 0.000184612 0.000877562 0.00337866 0.010536 0.0266132 0.054454 0.0902632 0.12122 0.131909 0.116347 0.0832717 0.0485718 0.0235261 0.0102891 0.00543011 0.00491385 0.00627547 0.00844291 0.010987 0.0136511 0.0161917 0.0183698 0.0199868 0.0209207 0.0211434 0.0207125 0.0197445 0.0183798 0.0167524 0.0149728 0.0131257 0.0112756 0.00947585 0.00777449
 1.01551e-16 2.71813e-05 0.00015951 0.000758191 0.002919 0.00910256 0.0229925 0.0470472 0.0779911 0.104755 0.114036 0.100686 0.0722876 0.0426179 0.0214865 0.0108314 0.00775971 0.00882754 0.0118891 0.0159182 0.0203501 0.0246907 0.0284227 0.0310643 0.0322699 0.0319111 0.0301054 0.0271782 0.0235765 0.0197613 0.0161154 0.0128903 0.0101977 0.00803634 0.00633625 0.00500146
 1.01234e-16 3.11722e-05 0.000182949 0.000869642 0.00334815 0.0104409 0.0263729 0.0539628 0.0894511 0.120136 0.130745 0.115359 0.0826486 0.0483771 0.023745 0.0109139 0.00650657 0.0065334 0.00853569 0.0114003 0.014614 0.017805 0.0206059 0.0226734 0.0237544 0.0237418 0.0226965 0.0208236 0.0184154 0.01578 0.0131798 0.0107954 0.00871899 0.00697072 0.00552562 0.00433976
 1.01185e-16 2.81658e-05 0.000165292 0.000785682 0.00302485 0.00943266 0.0238263 0.048753 0.0808179 0.10855 0.118159 0.104308 0.0748501 0.0440516 0.0220672 0.0108913 0.00751355 0.00835639 0.0111968 0.0149855 0.0191663 0.0232693 0.0268069 0.0293238 0.0304907 0.0301805 0.0284963 0.0257373 0.0223189 0.0186733 0.0151641 0.0120352 0.00940232 0.00727605 0.00560111 0.0042948
 1.02897e-16 1.23585e-05 7.24641e-05 0.000344313 0.00132538 0.00413284 0.0104398 0.0213652 0.0354305 0.0476285 0.051951 0.0461143 0.0336424 0.0209101 0.012534 0.00958814 0.0109533 0.0152065 0.0213947 0.0288925 0.0370722 0.0451465 0.0522088 0.05739 0.0600487 0.0599173 0.0571573 0.0522982 0.0460918 0.0393294 0.0326835 0.0266158 0.0213599 0.0169633 0.0133568 0.0104221
 1.08053e-16 1.02277e-05 5.99736e-05 0.000284975 0.00109698 0.00342065 0.0086406 0.0176824 0.0293205 0.0394067 0.0429617 0.0380846 0.0276759 0.0169899 0.00982057 0.00703133 0.0076829 0.0106138 0.0150986 0.0207427 0.0272086 0.034065 0.0407785 0.0467874 0.0516032 0.0548962 0.056537 0.0565829 0.0552226 0.0527055 0.0492826 0.0451761 0.0405793 0.0356708 0.0306314 0.025648
 1.07407e-16 2.39841e-05 0.000140753 0.000669046 0.00257582 0.00803239 0.0202892 0.041515 0.0688176 0.0924263 0.100594 0.0887697 0.0636284 0.0373052 0.0184294 0.00868235 0.00549193 0.00582225 0.00782239 0.0106812 0.0140491 0.0176784 0.0213095 0.0246763 0.0275483 0.0297687 0.0312707 0.0320657 0.0322135 0.031787 0.030847 0.0294353 0.0275848 0.0253371 0.0227598 0.0199516
 1.04318e-16 2.21127e-05 0.00012975 0.0006167 0.00237421 0.00740365 0.0187013 0.0382672 0.0634395 0.0852196 0.0927942 0.0819897 0.0589933 0.0350392 0.0181461 0.00993849 0.00811329 0.00990846 0.0135922 0.0183036 0.0235092 0.0286891 0.0332785 0.0367427 0.0386904 0.0389621 0.0376616 0.0351143 0.0317729 0.0281026 0.0244837 0.0211585 0.0182273 0.0156823 0.0134575 0.0114748
 1.02708e-16 2.64281e-05 0.000155092 0.000737195 0.00283817 0.00885051 0.0223558 0.0457441 0.0758302 0.101851 0.110867 0.0978728 0.070235 0.041342 0.0207234 0.0102546 0.0071169 0.00796308 0.0107205 0.014421 0.0185619 0.0227199 0.0264506 0.0293298 0.0310376 0.0314273 0.0305526 0.0286396 0.0260192 0.0230432 0.0200117 0.0171319 0.014513 0.012186 0.0101367 0.00833451
 1.02224e-16 2.46872e-05 0.000144866 0.000688568 0.00265093 0.00826658 0.020881 0.0427269 0.0708307 0.0951426 0.103584 0.0914864 0.0657467 0.0388903 0.0198462 0.0103989 0.00794716 0.00938435 0.0127709 0.0171646 0.0220184 0.0268262 0.0310457 0.0341632 0.0358011 0.0358025 0.0342632 0.0314948 0.0279384 0.0240552 0.0202344 0.0167391 0.013698 0.0111316 0.00899484 0.00721757
 1.02886e-16 2.0824e-05 0.000122181 0.00058071 0.00223563 0.00697147 0.0176097 0.036034 0.0597388 0.0802529 0.0873982 0.0772509 0.0556468 0.0331785 0.0174165 0.00991412 0.00852746 0.0106748 0.0147312 0.0198709 0.0255507 0.0312153 0.0362495 0.0400634 0.0422149 0.0425074 0.0410273 0.038105 0.0342194 0.029878 0.0255146 0.0214294 0.0177802 0.0146096 0.0118907 0.00956889
 1.03685e-16 2.14825e-05 0.000126051 0.000599121 0.00230653 0.00719259 0.0181682 0.0371763 0.0616307 0.0827893 0.0901463 0.0796467 0.0573 0.0340193 0.0175937 0.00960152 0.00780831 0.00953774 0.0131203 0.0177385 0.0228978 0.0281172 0.0328655 0.0366267 0.0390037 0.0398017 0.0390617 0.0370298 0.0340788 0.030611 0.0269742 0.023415 0.020073 0.0170041 0.0142161 0.011701
 1.04311e-16 1.91254e-05 0.000112209 0.000533306 0.00205311 0.00640231 0.016172 0.0330924 0.0548628 0.0737051 0.080274 0.0709697 0.0511567 0.0305709 0.0161761 0.00941305 0.00832882 0.0105674 0.0146468 0.0198107 0.0255511 0.0313376 0.0365758 0.04069 0.0432415 0.0440228 0.0430936 0.0407445 0.0374064 0.033538 0.0295303 0.0256538 0.0220522 0.0187713 0.0158028 0.0131219
 1.02695e-16 3.02487e-05 0.00017753 0.000843888 0.003249 0.0101317 0.0255918 0.0523646 0.0868011 0.116575 0.126865 0.111923 0.0801609 0.0468688 0.0229087 0.0103713 0.00597437 0.00584746 0.00761548 0.0102222 0.0132068 0.0162562 0.019063 0.0213337 0.0228407 0.0234686 0.0232328 0.0222624 0.0207565 0.0189304 0.0169698 0.0150056 0.0131122 0.011321 0.00964142 0.00807742
 1.01857e-16 2.53704e-05 0.000148876 0.000707631 0.00272432 0.00849545 0.0214591 0.0439098 0.0727916 0.0977762 0.10645 0.0940162 0.0675606 0.0399545 0.0203726 0.0106456 0.00809665 0.00952796 0.0129402 0.0173584 0.0222142 0.0269831 0.0311064 0.0340603 0.0354663 0.0351791 0.0333182 0.030228 0.0263849 0.0222826 0.0183329 0.0148087 0.0118344 0.00941525 0.0074829 0.00594134
 1.02815e-16 1.97014e-05 0.000115588 0.000549362 0.00211492 0.00659505 0.0166589 0.0340888 0.0565152 0.0759264 0.0826969 0.0731204 0.0527258 0.031546 0.0167593 0.00985499 0.00882475 0.0112407 0.0155679 0.0210088 0.0270117 0.0329935 0.0383031 0.042315 0.0445601 0.0448297 0.0432151 0.0400671 0.0358947 0.0312391 0.0265639 0.0221924 0.0182962 0.0149243 0.0120499 0.00961513
 1.03405e-16 2.4408e-05 0.000143232 0.00068081 0.00262107 0.0081735 0.0206458 0.0422452 0.0700309 0.0940638 0.102398 0.0904117 0.0649152 0.0382804 0.0193194 0.00977854 0.00707145 0.00812256 0.0110292 0.0149005 0.0192638 0.0237077 0.0277901 0.0310808 0.0332445 0.0341092 0.0336952 0.0321901 0.0298867 0.0271044 0.0241219 0.0211407 0.0182799 0.0155954 0.0131077 0.0108264
 1.03713e-16 1.92542e-05 0.000112963 0.000536884 0.00206688 0.00644523 0.0162805 0.0333145 0.0552317 0.0742028 0.0808214 0.0714664 0.0515423 0.0308564 0.0164266 0.00971167 0.00875234 0.0111784 0.0154908 0.0209084 0.0268876 0.0328522 0.0381594 0.042193 0.0444937 0.0448607 0.0433899 0.0404313 0.0364869 0.0320837 0.0276661 0.0235345 0.0198378 0.0166056 0.0137983 0.0113539
 1.07895e-16 2.11732e-06 1.23367e-05 5.84551e-05 0.000224741 0.000700546 0.00177016 0.00362677 0.00602997 0.00815319 0.00901764 0.00830012 0.00669679 0.00543454 0.00549592 0.00730565 0.0109231 0.0163012 0.0233405 0.0317909 0.0411552 0.0506789 0.0594441 0.0665389 0.0712493 0.073208 0.0724547 0.0693842 0.0646133 0.0588139 0.0525716 0.0463066 0.040266 0.0345639 0.0292427 0.024324
pSPR Fmed_Fpbrs
0.528975   0.255602 0.255602
Fs Fmed_Fpbrs
0.36313   1.005 1.005
SSBpbr Bo_Bmed_Bpbrs
1.00941e+06  483482  207537 207537
Ro
25848.3
SPR SPRFo_SPRFmed_SPRFpbrs
530867 280815 135691
log_Ro
9.98
likeval ReclasPelacesDesembMPH_pf_preclas_ppelaces_ptallas_desvR_qrecl_qpela
 98.9402 118.225 0.077408 0.000573625 373.46 207.223 86.0732 0 33.5646 0 0 0 0 0 0
q_reclas_q_pelaces
1 1
M
0.7
N
 13385.4 52719.4 24699.7 3278.86 0.170275
 16814.7 6267.65 23276.9 10905.5 1447.77
 3441.32 7555.13 2548.09 9463.13 5022.18
 7949.75 1197.71 1842.89 621.547 3533.35
 48819.8 3403.9 442.185 680.382 1533.95
 20551.3 23534.7 1592.97 206.936 1036.28
 58928.7 7184.26 5791.65 392.014 305.941
 69472.9 23520.1 2304.69 1857.94 223.902
 126484 24549.7 5914.34 579.535 523.499
 185722 48074.7 7141.85 1720.56 320.888
 65291.6 80275.6 18086.8 2686.93 768.042
 28012.8 25300.8 24274.1 5469.18 1044.73
 50078 10916.7 7737.75 7423.77 1992.15
 27870.7 17050.3 2548.41 1806.3 2198.05
 19406.8 7109.21 2234 333.903 524.668
 14683.6 5413.63 1114.03 350.073 134.54
 11634.2 5608.57 1590.51 327.298 142.377
 11902.4 4628.97 1787.95 507.036 149.727
 10122.1 4986.99 1636.43 632.074 232.178
 27067.6 4234.74 1757.75 576.788 304.621
 36366.9 11384.8 1508.63 626.199 314.002
 35079.6 16914.5 4959.49 657.196 409.575
 58987.9 15964.9 7054.87 2068.55 444.939
 51810 26164.5 6325.19 2795.09 995.828
 3199.62 22826.6 10227.6 2472.49 1481.85
pred_Ctot
 551.23 4232.54 1983 263.241 0.0136704
 1157.73 826.749 3070.39 1438.51 190.971
 755.586 2878.16 970.708 3605.02 1913.22
 794.347 224.766 345.844 116.642 663.08
 1027.82 141.474 18.3783 28.2783 63.7549
 4464.4 8884.57 601.361 78.12 391.203
 8422.49 1875.3 1511.78 102.327 79.8593
 14693.3 8678.37 850.378 685.539 82.6147
 21671.2 7538.87 1816.21 177.967 160.759
 17447.3 8514.79 1264.93 304.739 56.8343
 10462.6 23226.2 5233.07 777.411 222.218
 4396.86 7185.84 6894.25 1553.34 296.721
 11569.5 4341.86 3077.5 2952.62 792.328
 10123.8 9713.18 1451.77 1029.01 1252.18
 6320.9 3730.9 1172.4 175.232 275.345
 2474.55 1638.25 337.122 105.937 40.7139
 1684.48 1481.24 420.058 86.4404 37.6024
 1350.72 977.983 377.748 107.124 31.6336
 1158 1061.54 348.334 134.545 49.422
 3007.07 877.225 364.117 119.481 63.102
 1664.14 1012.72 134.199 55.703 27.9318
 2117.95 1966.99 576.74 76.4254 47.6295
 4559.62 2351.53 1039.14 304.684 65.5366
 4231.15 4060.37 981.58 433.758 154.538
 378.563 5012.3 2245.79 542.913 325.388
F
 0.058762 0.117524 0.117524 0.117524 0.117524
 0.100028 0.200056 0.200056 0.200056 0.200056
 0.355445 0.71089 0.71089 0.71089 0.71089
 0.148219 0.296437 0.296437 0.296437 0.296437
 0.02966 0.0593201 0.0593201 0.0593201 0.0593201
 0.35103 0.70206 0.70206 0.70206 0.70206
 0.218473 0.436946 0.436946 0.436946 0.436946
 0.340238 0.680475 0.680475 0.680475 0.680475
 0.267364 0.534727 0.534727 0.534727 0.534727
 0.138786 0.277573 0.277573 0.277573 0.277573
 0.248027 0.496055 0.496055 0.496055 0.496055
 0.242362 0.484725 0.484725 0.484725 0.484725
 0.377415 0.754829 0.754829 0.754829 0.754829
 0.666186 1.33237 1.33237 1.33237 1.33237
 0.576704 1.15341 1.15341 1.15341 1.15341
 0.262434 0.524868 0.524868 0.524868 0.524868
 0.221612 0.443225 0.443225 0.443225 0.443225
 0.16991 0.33982 0.33982 0.33982 0.33982
 0.171398 0.342797 0.342797 0.342797 0.342797
 0.166061 0.332122 0.332122 0.332122 0.332122
 0.0654871 0.130974 0.130974 0.130974 0.130974
 0.0872264 0.174453 0.174453 0.174453 0.174453
 0.112927 0.225854 0.225854 0.225854 0.225854
 0.119658 0.239316 0.239316 0.239316 0.239316
 0.17774 0.355481 0.355481 0.355481 0.355481
nmprior
 10.6 11 7 0
nm_flota  nm_reclas  nm_pelaces    nm_pelaL
inf 14.4494 9.98586 19.916
cv_recla  cv_pelaces  cv_mph
0.899728 1.2329 0.777056
 ------------------------------------------------
Talla a la edad & desviación 
 7.2 14.2025 17.0495 18.207 18.6776
 1.08 2.13037 2.55742 2.73105 2.80164
