years
 1997 1998 1999 2000 2001 2002 2003 2004 2005 2006 2007 2008 2009 2010 2011 2012 2013 2014 2015 2016 2017 2018 2019 2020 2021
reclasobs
 0 0 0 370054 412103 1.49427e+06 250295 1.28982e+06 931140 785840 897777 1.04006e+06 184774 17550 25797 100020 73551 82996 120727 218422 84188 347160 605670 569463 516374
reclaspred
 1.08447e+06 243107 668972 376847 469686 605683 1.26144e+06 951135 1.17377e+06 1.23998e+06 1.13316e+06 774380 450637 207818 138903 138511 167778 237715 261122 346777 542044 539136 902651 1.0897e+06 1.33077e+06
pelacesobs
 0 0 0 0 0 0 0 0 0 2.06254e+06 1.5e+06 0 1.87456e+06 323000 250000 174000 83755 137374 0 501740 490994 745055 786931 1.00524e+06 1.33801e+06
pelacespred
 665985 236895 236220 265275 282194 284835 645278 623909 675777 742217 589469 416518 238998 88806 59063 67238.4 85357 122213 141758 181337 310261 322238 409129 589015 722620
mphobs
 0 0 0 0 0 112323 0 153150 637223 0 255016 313432 73983 77613 109348 50772 0 0 0 0 0 0 0 0 0
mphpred
 758299 433107 409130 404996 359023 531818 761404 1.00139e+06 952225 1.10346e+06 1.14613e+06 816011 501620 267062 128196 114288 130944 181425 227144 257941 397750 504783 620546 859290 1.13035e+06
desembarqueobs
 350755 77701 442110 56441 14545 235359 269955 359681 431902 328805 639364 411747 362871 311530 167758 66681 60226 58785 57116 73181 50977 67692 138656 160484 209506
desembarquepred
 350773 77707.6 442219 56445.8 14545.3 235445 269994 359666 431893 328782 639499 411961 363059 311832 167756 66696.1 60249.7 58790 57114.8 73177.9 50977 67686.7 138655 160486 209505
Reclutas
 47520.1 48316 26588.3 30328.1 57123.7 45930.7 87281.8 90589 128718 133218 72320.1 41952.8 46462.6 28717.4 20225.4 17712.3 15161.6 16773.1 17922.8 32625.1 46182.5 52221.2 83523.6 101493 51383.4
log_desv_Rt
 0.068907 0.085517 -0.511772 -0.38017 0.252974 0.0348892 0.676897 0.714088 1.06538 1.09974 0.488857 -0.0556988 0.046402 -0.434742 -0.785305 -0.917987 -1.07348 -0.972466 -0.90617 -0.307162 0.0403573 0.163244 0.632884 0.827745 0.14707
SSB
 758299 433107 409130 404996 359023 531818 761404 1.00139e+06 952225 1.10346e+06 1.14613e+06 816011 501620 267062 128196 114288 130944 181425 227144 257941 397750 504783 620546 859290 1.13035e+06
BT
 2.18472e+06 584250 845004 619069 666825 750624 1.91051e+06 1.80685e+06 2.08596e+06 2.01375e+06 1.82727e+06 1.24311e+06 888556 488419 290409 208046 249343 325786 345246 479314 780569 711849 964735 1.42413e+06 1.66597e+06
Ftot
 0.311122 0.307539 0.618871 0.145568 0.0302998 0.371602 0.207387 0.362598 0.353301 0.256046 0.532408 0.502834 0.746319 1.3039 1.08766 0.45823 0.344742 0.239019 0.211655 0.204459 0.091716 0.122176 0.149242 0.143174 0.152874
BD_Bspro_t
 0.956686 0.756897 0.655959 0.471061 0.569658 0.719663 0.66367 0.694545 0.650637 0.635128 0.616423 0.460201 0.350535 0.251118 0.152582 0.16194 0.237489 0.377062 0.490706 0.583233 0.703272 0.797051 0.804242 0.80533 0.805583
BD_Bspro
 0.832407 0.475434 0.449114 0.444576 0.39411 0.583793 0.835816 1.09925 1.04529 1.2113 1.25814 0.89576 0.550643 0.293162 0.140724 0.125457 0.143741 0.199156 0.249343 0.28315 0.436622 0.554115 0.681192 0.943268 1.24082
BD_Bo
 0.748381 0.427442 0.403779 0.399699 0.354327 0.524863 0.751446 0.98829 0.93977 1.08902 1.13114 0.805339 0.49506 0.263569 0.126519 0.112793 0.129231 0.179052 0.224173 0.254568 0.392548 0.498181 0.61243 0.848051 1.11556
BD_Brms
 3.63995 2.07898 1.96388 1.94404 1.72336 2.55281 3.65486 4.80681 4.57082 5.29676 5.50161 3.91698 2.40785 1.28194 0.615359 0.548599 0.628551 0.870868 1.09033 1.23816 1.90926 2.42304 2.97872 4.12472 5.42585
S_f
 0.5 1 1 1 1
 0.5 1 1 1 1
 0.5 1 1 1 1
 0.5 1 1 1 1
 0.5 1 1 1 1
 0.5 1 1 1 1
 0.5 1 1 1 1
 0.5 1 1 1 1
 0.5 1 1 1 1
 0.5 1 1 1 1
 0.5 1 1 1 1
 0.5 1 1 1 1
 0.5 1 1 1 1
 0.5 1 1 1 1
 0.5 1 1 1 1
 0.5 1 1 1 1
 0.5 1 1 1 1
 0.5 1 1 1 1
 0.5 1 1 1 1
 0.5 1 1 1 1
 0.5 1 1 1 1
 0.5 1 1 1 1
 0.5 1 1 1 1
 0.5 1 1 1 1
 0.5 1 1 1 1
Scru_reclas
 0.5 1 1 1 1
 0.5 1 1 1 1
 0.5 1 1 1 1
 0.5 1 1 1 1
 0.5 1 1 1 1
 0.5 1 1 1 1
 0.5 1 1 1 1
 0.5 1 1 1 1
 0.5 1 1 1 1
 0.5 1 1 1 1
 0.5 1 1 1 1
 0.5 1 1 1 1
 0.5 1 1 1 1
 0.5 1 1 1 1
 0.5 1 1 1 1
 0.5 1 1 1 1
 0.5 1 1 1 1
 0.5 1 1 1 1
 0.5 1 1 1 1
 0.5 1 1 1 1
 0.5 1 1 1 1
 0.5 1 1 1 1
 0.5 1 1 1 1
 0.5 1 1 1 1
 0.5 1 1 1 1
Scru_pelaces
 0.5 1 1 1 1
 0.5 1 1 1 1
 0.5 1 1 1 1
 0.5 1 1 1 1
 0.5 1 1 1 1
 0.5 1 1 1 1
 0.5 1 1 1 1
 0.5 1 1 1 1
 0.5 1 1 1 1
 0.5 1 1 1 1
 0.5 1 1 1 1
 0.5 1 1 1 1
 0.5 1 1 1 1
 0.5 1 1 1 1
 0.5 1 1 1 1
 0.5 1 1 1 1
 0.5 1 1 1 1
 0.5 1 1 1 1
 0.5 1 1 1 1
 0.5 1 1 1 1
 0.5 1 1 1 1
 0.5 1 1 1 1
 0.5 1 1 1 1
 0.5 1 1 1 1
 0.5 1 1 1 1
pf_obs 
 0.256992 0.487395 0.22802 0.0275931 0
 0.321318 0.546541 0.124235 0.00734118 0.000564706
 0.182869 0.594174 0.210203 0.0122559 0.00049798
 0.330522 0.361315 0.267642 0.0388342 0.00168674
 0.649043 0.306663 0.0425973 0.00169635 0
 0.582887 0.30429 0.105238 0.00758474 0
 0.465427 0.430635 0.0974691 0.00646863 0
 0.296916 0.608066 0.0921331 0.00288517 0
 0.311714 0.524322 0.152257 0.0117073 0
 0.15457 0.633149 0.183074 0.0267441 0.00246327
 0.131901 0.49318 0.331252 0.0422183 0.00144891
 0.196976 0.569456 0.194076 0.0375587 0.00193317
 0.518974 0.381816 0.0799577 0.0180837 0.00116848
 0.0928022 0.601141 0.25162 0.0475244 0.00691264
 0.122501 0.610282 0.24278 0.0234846 0.000952079
 0.383417 0.481906 0.127806 0.00687128 0
 0.0376549 0.599619 0.316969 0.0457579 0
 0.0361596 0.667082 0.258105 0.0386534 0
 0.158088 0.579412 0.248529 0.0139706 0
 0.0477256 0.309471 0.559284 0.082774 0.000745712
 0.0406174 0.521527 0.379366 0.0568643 0.0016247
 0.151134 0.462217 0.34131 0.0453401 0
 0.294876 0.26143 0.354403 0.0886775 0.000613685
 0.281977 0.475581 0.204845 0.0348837 0.00271318
 0.0354234 0.537034 0.353287 0.0723622 0.0018943
pf_pred 
 0.502151 0.353055 0.129632 0.0151556 5.76515e-06
 0.467644 0.366338 0.117734 0.0432287 0.00505586
 0.325062 0.443774 0.159075 0.0511235 0.0209666
 0.464286 0.287457 0.16323 0.0585111 0.0265163
 0.569269 0.277245 0.0823584 0.0467664 0.0243609
 0.392541 0.441748 0.106662 0.0316849 0.0273641
 0.587034 0.243685 0.123102 0.0297234 0.0164552
 0.484404 0.387219 0.0757536 0.0382682 0.0143554
 0.555358 0.300617 0.108164 0.0211608 0.0146997
 0.490997 0.373885 0.0913511 0.0328689 0.0108973
 0.318653 0.459857 0.162694 0.039751 0.0190446
 0.306401 0.362427 0.223516 0.0790785 0.028578
 0.457 0.274757 0.140165 0.0864428 0.0416352
 0.437698 0.381346 0.0915632 0.0467103 0.0426822
 0.539877 0.32289 0.0930695 0.0223465 0.0218167
 0.561592 0.336227 0.0717056 0.0206683 0.00980749
 0.464916 0.39892 0.104428 0.0222709 0.00946541
 0.478037 0.343209 0.133266 0.034886 0.0106021
 0.456629 0.359884 0.120649 0.0468474 0.0159905
 0.577096 0.271073 0.10056 0.0337122 0.0175584
 0.544814 0.338263 0.0749453 0.0278025 0.0141751
 0.465214 0.380066 0.114978 0.0254743 0.0142684
 0.532019 0.300901 0.118742 0.0359217 0.0124166
 0.488897 0.359527 0.0974598 0.0384596 0.0156564
 0.273705 0.483573 0.170739 0.0462834 0.0256996
pobs_RECLAS
 0 0 0 0 0
 0 0 0 0 0
 0 0 0 0 0
 0 0 0 0 0
 0.835266 0.146461 0.0176864 0.000547809 3.91292e-05
 0.385257 0.428462 0.181853 0.0044286 0
 0.867414 0.0963971 0.0333333 0.00285562 0
 0.441836 0.489002 0.0689373 0.000224442 0
 0.779404 0.147425 0.0564933 0.0165055 0.000172143
 0.814271 0.122319 0.05973 0.00367925 0
 0.40263 0.566651 0.0304383 0.000280538 0
 0.475488 0.404961 0.113038 0.00651328 0
 0.955842 0.0263864 0.0167828 0.000988607 0
 0.975058 0.0227948 0.00214734 0 0
 0.738997 0.206755 0.0527124 0.00153531 0
 0.850938 0.134255 0.0134407 0.00136685 0
 0.542534 0.407297 0.0501686 0 0
 0.764087 0.199537 0.0359546 0.000420521 0
 0.470689 0.182191 0.310203 0.0369168 0
 0.84361 0.089868 0.0606195 0.00523954 0.000663233
 0.607945 0.314616 0.071237 0.00620181 0
 0.523733 0.453247 0.0230204 0 0
 0.530135 0.295979 0.169645 0.0042399 0
 0.562478 0.366248 0.0663022 0.0049721 0
 0.250443 0.683176 0.0655157 0.000865301 0
ppred_RECLAS
 0.505132 0.350941 0.128856 0.0150648 5.73062e-06
 0.470572 0.364323 0.117086 0.0429909 0.00502806
 0.331534 0.439518 0.157549 0.0506333 0.0207655
 0.465494 0.286809 0.162862 0.0583792 0.0264565
 0.569491 0.277102 0.082316 0.0467423 0.0243484
 0.396104 0.439157 0.106036 0.0314991 0.0272036
 0.588804 0.242641 0.122574 0.029596 0.0163847
 0.488016 0.384506 0.075223 0.0380002 0.0142548
 0.55881 0.298283 0.107325 0.0209965 0.0145856
 0.493345 0.372161 0.0909298 0.0327173 0.010847
 0.323865 0.456339 0.16145 0.039447 0.018899
 0.311126 0.359958 0.221993 0.0785399 0.0283833
 0.466482 0.269959 0.137718 0.0849332 0.0409081
 0.459219 0.366751 0.0880589 0.0449226 0.0410486
 0.556255 0.311397 0.0897568 0.0215511 0.0210402
 0.566404 0.332536 0.0709185 0.0204414 0.00969984
 0.468291 0.396403 0.103769 0.0221304 0.0094057
 0.480195 0.34179 0.132715 0.0347418 0.0105582
 0.458486 0.358654 0.120237 0.0466873 0.0159359
 0.578848 0.26995 0.100143 0.0335725 0.0174857
 0.545536 0.337727 0.0748265 0.0277584 0.0141526
 0.466206 0.37936 0.114764 0.0254271 0.014242
 0.533262 0.300102 0.118426 0.0358263 0.0123836
 0.490088 0.358689 0.0972327 0.03837 0.01562
 0.274727 0.482893 0.170498 0.0462183 0.0256634
pobs_PELACES
 0 0 0 0 0
 0 0 0 0 0
 0 0 0 0 0
 0 0 0 0 0
 0 0 0 0 0
 0 0 0 0 0
 0 0 0 0 0
 0 0 0 0 0
 0 0 0 0 0
 0 0 0 0 0
 0.450072 0.473896 0.0757376 0.000293798 0
 0 0 0 0 0
 0.463077 0.371075 0.160297 0.00555027 0
 0.529543 0.364841 0.0842815 0.0213345 0
 0.631943 0.363953 0.00410389 0 0
 0.735681 0.248677 0.0153453 0.000297389 0
 0.695825 0.281241 0.0229344 0 0
 0.275771 0.60734 0.115278 0.00161068 0
 0 0 0 0 0
 0.896147 0.0623911 0.0374545 0.00400742 0
 0.803859 0.145111 0.0509908 3.86294e-05 0
 0.739449 0.233085 0.0266225 0.000797448 4.60066e-05
 0.878498 0.100942 0.0204185 0.000141795 0
 0.694673 0.275183 0.0284847 0.00165964 0
 0.469039 0.446079 0.0841089 0.000773354 0
ppred_PELACES
 0.517959 0.341845 0.125516 0.0146743 5.58209e-06
 0.48323 0.355612 0.114287 0.041963 0.00490784
 0.35454 0.424391 0.152127 0.0488907 0.0200509
 0.471475 0.2836 0.161039 0.057726 0.0261605
 0.570716 0.276314 0.0820817 0.0466093 0.0242791
 0.41086 0.428427 0.103445 0.0307294 0.0265389
 0.597063 0.237768 0.120112 0.0290016 0.0160556
 0.50297 0.373275 0.0730258 0.0368902 0.0138384
 0.573129 0.288602 0.103842 0.0203151 0.0141122
 0.503906 0.364403 0.0890343 0.0320353 0.0106209
 0.343391 0.44316 0.156787 0.0383078 0.0183532
 0.32918 0.350524 0.216175 0.0764814 0.0276394
 0.497218 0.254407 0.129784 0.0800403 0.0385514
 0.512911 0.330338 0.0793158 0.0404624 0.0369731
 0.599994 0.280704 0.0809096 0.0194268 0.0189663
 0.584871 0.318373 0.067898 0.0195708 0.00928672
 0.482476 0.385828 0.101001 0.02154 0.00915477
 0.490045 0.335313 0.1302 0.0340834 0.0103582
 0.467168 0.352904 0.118309 0.0459387 0.0156804
 0.58705 0.264693 0.0981933 0.0329187 0.0171451
 0.549285 0.334941 0.0742092 0.0275294 0.0140359
 0.471226 0.375793 0.113685 0.025188 0.014108
 0.539386 0.296164 0.116872 0.0353563 0.0122211
 0.495993 0.354536 0.0961068 0.0379257 0.0154391
 0.279781 0.479528 0.16931 0.0458962 0.0254846
pobs_pel_tallas
 0 0 0 0 0 0 0 0 0 0 0 0 0 0 0 0 0 0 0 0 0 0 0 0 0 0 0 0 0 0 0 0 0 0 0 0
 0 0 0 0 0 0 0 0 0 0 0 0 0 0 0 0 0 0 0 0 0 0 0 0 0 0 0 0 0 0 0 0 0 0 0 0
 0 0 0 0 0 0 0 0 0 0 0 0 0 0 0 0 0 0 0 0 0 0 0 0 0 0 0 0 0 0 0 0 0 0 0 0
 0 0 0 0 0 0 0 0 0 0 0 0 0 0 0 0 0 0 0 0 0 0 0 0 0 0 0 0 0 0 0 0 0 0 0 0
 0 0 0 0 0 0 0 0 0 0 0 0 0 0 0 0 0 0 0 0 0 0 0 0 0 0 0 0 0 0 0 0 0 0 0 0
 0 0 0 0 0 0 0 0 0 0 0 0 0 0 0 0 0 0 0 0 0 0 0 0 0 0 0 0 0 0 0 0 0 0 0 0
 0 0 0 0 0 0 0 0 0 0 0 0 0 0 0 0 0 0 0 0 0 0 0 0 0 0 0 0 0 0 0 0 0 0 0 0
 0 0 0 0 0 0 0 0 0 0 0 0 0 0 0 0 0 0 0 0 0 0 0 0 0 0 0 0 0 0 0 0 0 0 0 0
 0 0 0 0 0 0 0 0 0 0 0 0 0 0 0 0 0 0 0 0 0 0 0 0 0 0 0 0 0 0 0 0 0 0 0 0
 0 0 0 0 0 0 0 0 0 0 0 0 0 0 0 0 0 0 0 0 0 0 0 0 0 0 0 0 0 0 0 0 0 0 0 0
 0 0 0 0 0 0 0 0 1.78061e-05 0.00172719 0.00360574 0.0105946 0.0120993 0.0124554 0.0147524 0.0171206 0.0266825 0.0428682 0.0675386 0.121331 0.153587 0.119568 0.100827 0.0573624 0.0630603 0.0341343 0.0324427 0.0444173 0.0211091 0.0280891 0.0125444 0.00206551 0 0 0 0
 0 0 0 0 0 0 0 0 0 0 0 0 0 0 0 0 0 0 0 0 0 0 0 0 0 0 0 0 0 0 0 0 0 0 0 0
 0 0 0 0 0 0 0.0133647 0.0140871 0.0187388 0.0205184 0.03894 0.0496705 0.03968 0.0493445 0.0407372 0.0367815 0.0215668 0.0243155 0.0234873 0.0199281 0.019796 0.0243948 0.0301388 0.0376714 0.0412746 0.0863199 0.0771752 0.113111 0.0741005 0.0525337 0.0229764 0.00759418 0.00175318 0 0 0
 0 0 0 0 0 0 0 0 0 0 0.00219441 0.00772107 0.0458388 0.0604681 0.0671733 0.0775358 0.0609151 0.0617685 0.073594 0.0568108 0.0755445 0.0548602 0.0670107 0.0636378 0.0643287 0.046367 0.0373049 0.0286899 0.0247887 0.0153202 0.00654259 0.00121912 0.000365735 0 0 0
 0 0 0 0 0 0 0 0 0 0 0 0 0.000112435 0.00938835 0.0111873 0.0202946 0.0414886 0.0713402 0.111592 0.104902 0.108894 0.110636 0.117776 0.105296 0.107544 0.0401394 0.0192827 0.0124803 0.00416011 0.0028671 0.000618394 0 0 0 0 0
 0 0 0 0 0 0 0 0 0 0 0.00291406 0.0102884 0.027416 0.0768956 0.0749926 0.110853 0.0956884 0.0897413 0.0766577 0.0534642 0.0500743 0.0551293 0.0594112 0.0620874 0.0668451 0.0424026 0.0208742 0.0120726 0.0048766 0.00582813 0.00118941 0.000297354 0 0 0 0
 0 0.00264628 0.0354308 0.0461629 0.0458689 0.0383711 0.0214643 0.0164657 0.0346957 0.0420465 0.0363128 0.0245516 0.0311673 0.0291091 0.0169068 0.0133784 0.00837989 0.0085269 0.0148486 0.0160247 0.0276389 0.0546898 0.0760071 0.122758 0.109233 0.0665981 0.0333725 0.0166128 0.00676272 0.00308733 0.000882094 0 0 0 0 0
 0 0 0 0 0 0 0 0.000805153 0.000690131 0.00759144 0.0133425 0.0154129 0.00931677 0.000345066 0.00356568 0.00563607 0.00851162 0.0253048 0.0502646 0.0516448 0.0657925 0.0565908 0.0611916 0.0827007 0.0866115 0.110766 0.145733 0.0935128 0.0569358 0.0249597 0.0138026 0.00621118 0.00161031 0.00115022 0 0
 0 0 0 0 0 0 0 0 0 0 0 0 0 0 0 0 0 0 0 0 0 0 0 0 0 0 0 0 0 0 0 0 0 0 0 0
 0.00147267 0.00158595 0.00478618 0.00569244 0.00954404 0.0108468 0.00647125 0.017049 0.0510054 0.094081 0.124002 0.0959785 0.0687766 0.0820023 0.061753 0.0591476 0.0492212 0.0479892 0.0443925 0.0268479 0.0217502 0.0140895 0.0121071 0.0120363 0.00920419 0.00665534 0.0049561 0.00860946 0.00930331 0.0156896 0.0114698 0.00855282 0.00243557 0.00046729 0 2.83206e-05
 0 0 0 0 0.000772559 0.00158375 0.000888443 0.00281984 0.00712685 0.0440552 0.0773331 0.111326 0.0921469 0.0852325 0.0710754 0.0886704 0.0786465 0.0553345 0.0373146 0.0185414 0.00753245 0.00457741 0.012979 0.0271748 0.0457355 0.0583668 0.034881 0.0177882 0.00938659 0.00492506 0.0015258 0.00185414 0.000309023 5.79419e-05 3.86279e-05 0
 0 0.00173294 0.00326652 0 0.00397197 0.00683976 0.00946217 0.0152591 0.00757587 0.0136028 0.0228656 0.0392903 0.0559909 0.0764795 0.0681675 0.0726916 0.0566044 0.0477403 0.0527397 0.0444891 0.0609904 0.0582453 0.0661739 0.0445044 0.0529084 0.0360697 0.0280645 0.0235558 0.0158879 0.00826598 0.00280645 0.00217768 0.000904811 0.00058276 9.20147e-05 0
 0 0 0 0 0 0 0 0 0 0 0 0 0 0 0 0 0 0 0 0 0 0 0 0 0 0 0 0 0 0 0 0 0 0 0 0
 0 0 0 0 0 0 0 0 0 0 0 0 0 0 0 0 0 0 0 0 0 0 0 0 0 0 0 0 0 0 0 0 0 0 0 0
 0 0 0 0 0 0 0 0 0 0 0 0 0 0 0 0 0 0 0 0 0 0 0 0 0 0 0 0 0 0 0 0 0 0 0 0
ppred_pel_tallas
 1.02398e-16 2.26122e-05 0.000132683 0.000630645 0.0024279 0.00757109 0.0191242 0.0391325 0.0648735 0.0871443 0.0948856 0.0838275 0.0602938 0.0357683 0.0184452 0.00997951 0.00801154 0.00971609 0.0133285 0.017983 0.0231571 0.0283466 0.032998 0.0365774 0.0386785 0.0391095 0.037929 0.0354135 0.0319753 0.0280587 0.0240512 0.0202301 0.0167534 0.0136819 0.0110153 0.00872623
 1.0341e-16 2.10984e-05 0.000123794 0.000588386 0.00226519 0.00706367 0.0178425 0.0365102 0.0605273 0.0813096 0.0885417 0.0782446 0.0563253 0.0335087 0.0174543 0.00972355 0.00813273 0.0100596 0.0138618 0.0187206 0.0241203 0.0295464 0.0344298 0.0382215 0.0405049 0.0410855 0.0400258 0.0376107 0.0342608 0.0304246 0.0264864 0.0227141 0.0192521 0.0161477 0.0133913 0.0109537
 1.04915e-16 1.54897e-05 9.086e-05 0.000431798 0.00166227 0.00518346 0.0130934 0.0267936 0.0444241 0.0596929 0.0650434 0.0575768 0.0416605 0.0252126 0.0139195 0.0090068 0.00895301 0.0118964 0.0166499 0.0225623 0.0291229 0.0357459 0.0417599 0.0465102 0.0494945 0.0504705 0.0494977 0.0468967 0.0431482 0.0387672 0.0341956 0.0297424 0.0255768 0.0217595 0.0182909 0.0151521
 1.05585e-16 2.05829e-05 0.000120774 0.000574044 0.00220999 0.00689156 0.0174077 0.03562 0.0590499 0.07932 0.0863621 0.0762876 0.0548496 0.0324972 0.0166848 0.00891556 0.00704257 0.00850324 0.0117127 0.0159198 0.0207005 0.0256565 0.0303436 0.0343193 0.037226 0.0388603 0.0392024 0.038394 0.0366796 0.0343327 0.0315948 0.0286439 0.025594 0.0225153 0.019461 0.0164862
 1.03992e-16 2.49098e-05 0.000146178 0.00069482 0.00267502 0.00834172 0.0210707 0.0431146 0.0714718 0.0959984 0.104502 0.0922645 0.0662349 0.0390367 0.0196598 0.00988132 0.00705551 0.00803705 0.0108785 0.0146673 0.0189219 0.0232283 0.0271474 0.030258 0.0322401 0.032943 0.0324106 0.0308537 0.0285824 0.0259236 0.023151 0.0204482 0.0179063 0.0155475 0.0133592 0.0113234
 1.03904e-16 1.79456e-05 0.000105278 0.000500343 0.00192618 0.00600646 0.0151722 0.0310471 0.0514742 0.0691595 0.0753411 0.0666509 0.0481357 0.0289499 0.0156539 0.00963124 0.00908003 0.0118087 0.0164223 0.0221728 0.0285068 0.0348172 0.0404212 0.0446646 0.04706 0.0473965 0.0457794 0.042585 0.0383514 0.0336434 0.0289369 0.0245531 0.0206501 0.0172574 0.0143287 0.011793
 1.0353e-16 2.60572e-05 0.000152918 0.000726867 0.00279842 0.00872655 0.0220427 0.0451031 0.0747668 0.10042 0.109303 0.0964762 0.0691986 0.0406635 0.0202579 0.00982083 0.00656541 0.00719001 0.00966142 0.013051 0.0169051 0.0208609 0.0245367 0.0275601 0.0296369 0.0306094 0.0304815 0.0293988 0.0275967 0.0253346 0.0228412 0.0202834 0.0177639 0.015337 0.0130318 0.0108707
 1.03073e-16 2.19597e-05 0.00012885 0.000612418 0.00235771 0.0073522 0.0185714 0.0380015 0.0629996 0.0846305 0.0921574 0.0814383 0.0586211 0.0348674 0.0181477 0.0100839 0.00839778 0.0103522 0.0142274 0.019159 0.0245971 0.0299949 0.0347543 0.0383071 0.0402343 0.0403611 0.0387913 0.035866 0.0320672 0.0278973 0.0237771 0.0199879 0.016663 0.0138195 0.0114059 0.0093476
 1.02926e-16 2.50156e-05 0.000146798 0.000697763 0.00268634 0.00837704 0.0211599 0.0432973 0.071775 0.0964067 0.104949 0.0926657 0.066537 0.0392431 0.0198162 0.0100459 0.00727999 0.00836275 0.0113376 0.0152815 0.0196973 0.0241494 0.0281723 0.0313186 0.0332465 0.0337936 0.0330045 0.0311043 0.0284285 0.0253372 0.0221405 0.0190566 0.0162062 0.0136322 0.0113327 0.00928925
 1.0298e-16 2.20002e-05 0.000129088 0.000613553 0.00236209 0.00736584 0.0186058 0.038072 0.0631161 0.0847863 0.0923251 0.081582 0.0587147 0.0349034 0.0181308 0.0100189 0.00828269 0.0101795 0.0139888 0.0188514 0.0242271 0.0295822 0.0343317 0.0379171 0.0399228 0.0401679 0.038742 0.0359657 0.0322989 0.0282251 0.0241537 0.020363 0.0169931 0.0140734 0.0115681 0.00941798
 1.04544e-16 1.50044e-05 8.80087e-05 0.000418239 0.00161005 0.00502063 0.0126821 0.0259523 0.0430301 0.0578227 0.0630133 0.0557981 0.0404133 0.0245372 0.0136898 0.00907217 0.0092248 0.012354 0.01731 0.023448 0.0302429 0.0370823 0.0432625 0.0480983 0.0510661 0.0519167 0.0507191 0.0478184 0.043729 0.0390024 0.0341129 0.0293937 0.0250278 0.0210802 0.0175472 0.0144009
 1.07103e-16 1.4381e-05 8.43576e-05 0.0004009 0.00154332 0.00481255 0.0121564 0.024876 0.0412437 0.0554165 0.0603762 0.0534277 0.0386201 0.0232972 0.0127292 0.00804522 0.00782854 0.0103573 0.0145529 0.019856 0.0258592 0.0320994 0.0380332 0.0431113 0.0468848 0.0490914 0.0496921 0.0488459 0.0468392 0.0439976 0.0406125 0.0369034 0.0330178 0.0290545 0.025095 0.0212244
 1.06477e-16 2.17041e-05 0.00012736 0.000605358 0.00233058 0.0072676 0.0183575 0.0375632 0.0622698 0.0836408 0.0910552 0.0804064 0.0577524 0.0340991 0.0172898 0.00888778 0.00660691 0.00772813 0.0105763 0.0143749 0.0187166 0.0232435 0.0275636 0.0312875 0.0341008 0.0358239 0.0364366 0.0360567 0.0348865 0.0331477 0.0310284 0.0286586 0.0261141 0.0234387 0.0206713 0.0178648
 1.04352e-16 2.23914e-05 0.000131388 0.000624495 0.00240423 0.00749726 0.0189377 0.0387508 0.0642404 0.086293 0.0939563 0.0830009 0.0596868 0.0353831 0.0182001 0.00977185 0.00775651 0.00935256 0.0128116 0.0172803 0.0222521 0.0272454 0.0317365 0.035225 0.0373364 0.0379041 0.0369997 0.0348971 0.0319897 0.0286875 0.0253312 0.0221448 0.0192324 0.0166076 0.0142358 0.0120728
 1.02794e-16 2.61867e-05 0.000153674 0.000730454 0.00281222 0.00876957 0.0221514 0.0453259 0.0751371 0.10092 0.109857 0.0969852 0.069608 0.0409929 0.0205854 0.0102471 0.00718842 0.00809489 0.0109125 0.0146783 0.0188862 0.0231059 0.0268845 0.0297903 0.0314993 0.0318652 0.0309464 0.0289776 0.0262996 0.0232728 0.0202031 0.0172996 0.0146697 0.0123405 0.0102924 0.00849059
 1.02174e-16 2.55288e-05 0.000149808 0.000712068 0.00274141 0.00854875 0.0215937 0.044185 0.0732472 0.0983858 0.107108 0.0945825 0.0679361 0.0401138 0.0203387 0.0104433 0.00772488 0.00896198 0.0121481 0.0163202 0.0209385 0.0255179 0.0295429 0.0325255 0.0341065 0.0341355 0.0327017 0.0300989 0.0267433 0.0230712 0.0194506 0.0161309 0.0132345 0.0107821 0.00873247 0.00702099
 1.02728e-16 2.10667e-05 0.000123606 0.000587483 0.0022617 0.00705279 0.0178151 0.0364543 0.0604354 0.0811886 0.0884166 0.0781498 0.0562913 0.0335568 0.0176037 0.0100023 0.0085815 0.0107273 0.0147938 0.0199435 0.0256258 0.0312787 0.0362812 0.0400395 0.0421108 0.0423021 0.040708 0.0376699 0.033679 0.0292543 0.0248379 0.0207341 0.0171 0.0139736 0.0113205 0.00907777
 1.03613e-16 2.13948e-05 0.000125536 0.00059667 0.00229709 0.00716316 0.0180938 0.0370242 0.0613788 0.0824512 0.0897792 0.0793248 0.0570739 0.0338958 0.0175498 0.00960941 0.00785133 0.00961153 0.0132274 0.0178829 0.0230817 0.0283383 0.0331166 0.0368955 0.0392743 0.0400564 0.0392839 0.037206 0.0342006 0.0306754 0.0269834 0.0233756 0.0199945 0.0168973 0.0140923 0.0115704
 1.04106e-16 2.03979e-05 0.000119682 0.000568836 0.00218992 0.00682895 0.0172496 0.0352971 0.0585165 0.0786093 0.0856039 0.0756546 0.0544744 0.0324348 0.0169453 0.00952108 0.00805705 0.010024 0.0138379 0.0187082 0.0241327 0.0296062 0.0345673 0.0384729 0.0409083 0.0416759 0.0408301 0.0386422 0.0355157 0.0318808 0.0281051 0.0244431 0.021031 0.0179138 0.0150861 0.0125272
 1.03413e-16 2.56217e-05 0.000150358 0.000714694 0.00275154 0.00858035 0.0216734 0.0443478 0.0735155 0.0987418 0.107484 0.0948864 0.0680935 0.0400848 0.0201003 0.00995959 0.00693324 0.00778046 0.010498 0.0141553 0.0182735 0.0224513 0.0262642 0.0293033 0.0312545 0.0319638 0.0314637 0.0299479 0.0277089 0.0250601 0.0222702 0.0195267 0.0169322 0.0145246 0.0123067 0.010272
 1.02765e-16 2.39777e-05 0.000140701 0.000668766 0.00257468 0.00802881 0.0202804 0.041498 0.068794 0.0924077 0.100609 0.0888649 0.063876 0.0378106 0.0193451 0.0102179 0.00790862 0.00940524 0.0128273 0.0172596 0.0221662 0.0270468 0.0313625 0.0346012 0.0363841 0.0365499 0.0351865 0.0325948 0.0292028 0.0254587 0.0217398 0.0183003 0.0152645 0.0126531 0.010426 0.0085218
 1.03261e-16 2.05758e-05 0.000120724 0.000573786 0.00220897 0.00688835 0.0173997 0.0356043 0.0590264 0.0792958 0.0863556 0.0763289 0.0549814 0.0327796 0.0172034 0.00978788 0.00841513 0.0105357 0.0145467 0.0196361 0.0252724 0.0309124 0.0359539 0.0398171 0.0420655 0.0425007 0.0411997 0.0384769 0.0347916 0.0306313 0.026413 0.0224259 0.0188229 0.0156482 0.0128814 0.0104779
 1.03542e-16 2.35446e-05 0.000138161 0.0006567 0.00252824 0.00788399 0.0199145 0.0407492 0.0675518 0.0907367 0.0987831 0.0872373 0.0626735 0.0370337 0.0188293 0.00975813 0.00733838 0.00861244 0.0117452 0.0158647 0.0204873 0.0251752 0.0294545 0.0328655 0.0350536 0.0358429 0.0352664 0.0335383 0.0309851 0.0279591 0.0247648 0.021618 0.0186408 0.0158832 0.0133547 0.011052
 1.03505e-16 2.16548e-05 0.000127061 0.000603917 0.00232499 0.00725016 0.0183136 0.037474 0.0621247 0.0834543 0.0908741 0.0802985 0.057788 0.0343469 0.0178318 0.00983892 0.00811961 0.00997598 0.0137182 0.0185063 0.0238172 0.0291349 0.0338928 0.0375477 0.0396917 0.0401417 0.0389735 0.0364847 0.0331065 0.0292937 0.0254313 0.0217814 0.0184773 0.0155507 0.0129755 0.0107067
 1.05328e-16 1.22322e-05 7.17301e-05 0.000340841 0.00131204 0.00409127 0.0103347 0.0211496 0.0350707 0.0471382 0.0513993 0.0455841 0.0331682 0.0204431 0.0119542 0.00873687 0.00965961 0.0133045 0.0187461 0.0254206 0.0328022 0.0402403 0.0469771 0.0522729 0.0555618 0.0565729 0.0553784 0.052347 0.0480293 0.0430142 0.0378072 0.0327616 0.0280699 0.0237993 0.0199459 0.0164822
pSPR Fmed_Fpbrs
0.60261   0.255602 0.255602
Fs Fmed_Fpbrs
0.276663   1.005 1.005
SSBpbr Bo_Bmed_Bpbrs
1.01325e+06  559933  208327 208327
Ro
44355.9
SPR SPRFo_SPRFmed_SPRFpbrs
910971 548960 232846
log_Ro
10.52
likeval ReclasPelacesDesembMPH_pf_preclas_ppelaces_ptallas_desvR_qrecl_qpela
 119.572 77.0466 0.00991406 0.000757656 343.133 207.894 81.0366 0 13.664 0 0 0 0 0 0
q_reclas_q_pelaces
1 1
M
0.7
N
 47520.1 17842.5 6551.28 765.922 0.291355
 48316 20198.1 6491.29 2383.43 278.757
 26588.3 20573.3 7374.67 2370.08 972.007
 30328.1 9689.45 5502.05 1972.26 893.797
 57123.7 14003.3 4159.81 2362.11 1230.44
 45930.7 27940.3 6746.28 2004.05 1730.76
 87281.8 18941.1 9568.41 2310.33 1279.02
 90589 39073.6 7644.19 3861.59 1448.58
 128718 37526 13502.2 2641.5 1834.97
 133218 53569 13088.5 4709.35 1561.32
 72320.1 58204.7 20592.5 5031.34 2410.51
 41952.8 27519.6 16971.9 6004.55 2169.97
 46462.6 16201.9 8265.28 5097.37 2455.15
 28717.4 15886.8 3814.5 1945.94 1778.13
 20225.4 7430.19 2141.67 514.226 502.035
 17712.3 5830.54 1243.45 358.411 170.073
 15161.6 6994.63 1831.03 390.496 165.966
 16773.1 6336.91 2460.59 644.125 195.753
 17922.8 7391.05 2477.8 962.119 328.402
 32625.1 8006.45 2970.15 995.727 518.607
 46182.5 14626.8 3240.69 1202.2 612.943
 52221.2 21905.6 6626.9 1468.25 822.382
 83523.6 24395.5 9626.97 2912.35 1006.67
 101493 38494.2 10434.9 4117.83 1676.32
 51383.4 46918.1 16565.7 4490.59 2493.47
pred_Ctot
 4967.76 3492.76 1282.45 149.933 0.0570343
 4996.64 3914.21 1257.95 461.886 54.0204
 5180.24 7072.06 2535.04 814.713 334.127
 1537.54 951.949 540.554 193.767 87.8119
 618.229 301.09 89.4416 50.7885 26.4561
 5661.21 6370.86 1538.27 456.958 394.643
 6219.88 2581.95 1304.32 314.932 174.35
 10916 8725.94 1707.1 862.372 323.497
 15142.9 8196.89 2949.31 576.989 400.816
 11598.1 8831.71 2157.85 776.411 257.409
 12343.2 17812.8 6302.07 1539.78 737.707
 6804.82 8049.09 4964.04 1756.25 634.684
 10631.8 6392.06 3260.86 2011.04 968.618
 10265.3 8943.69 2147.43 1095.49 1001.02
 6293.76 3764.18 1084.98 260.51 254.334
 2642.91 1582.32 337.455 97.2674 46.1552
 1743.65 1496.14 391.653 83.5261 35.4997
 1368.19 982.3 381.422 99.8475 30.3442
 1302.29 1026.38 344.088 133.607 45.6045
 2293.57 1077.33 399.658 133.983 69.7827
 1492.63 926.741 205.328 76.1706 38.8356
 2233.39 1824.62 551.983 122.297 68.4997
 4337.78 2453.38 968.151 292.886 101.238
 5063.41 3723.54 1009.37 398.318 162.151
 2731.37 4825.68 1703.84 461.873 256.462
F
 0.155561 0.311122 0.311122 0.311122 0.311122
 0.15377 0.307539 0.307539 0.307539 0.307539
 0.309435 0.618871 0.618871 0.618871 0.618871
 0.0727839 0.145568 0.145568 0.145568 0.145568
 0.0151499 0.0302998 0.0302998 0.0302998 0.0302998
 0.185801 0.371602 0.371602 0.371602 0.371602
 0.103694 0.207387 0.207387 0.207387 0.207387
 0.181299 0.362598 0.362598 0.362598 0.362598
 0.17665 0.353301 0.353301 0.353301 0.353301
 0.128023 0.256046 0.256046 0.256046 0.256046
 0.266204 0.532408 0.532408 0.532408 0.532408
 0.251417 0.502834 0.502834 0.502834 0.502834
 0.37316 0.746319 0.746319 0.746319 0.746319
 0.651951 1.3039 1.3039 1.3039 1.3039
 0.54383 1.08766 1.08766 1.08766 1.08766
 0.229115 0.45823 0.45823 0.45823 0.45823
 0.172371 0.344742 0.344742 0.344742 0.344742
 0.119509 0.239019 0.239019 0.239019 0.239019
 0.105828 0.211655 0.211655 0.211655 0.211655
 0.10223 0.204459 0.204459 0.204459 0.204459
 0.045858 0.091716 0.091716 0.091716 0.091716
 0.0610878 0.122176 0.122176 0.122176 0.122176
 0.074621 0.149242 0.149242 0.149242 0.149242
 0.0715871 0.143174 0.143174 0.143174 0.143174
 0.0764371 0.152874 0.152874 0.152874 0.152874
nmprior
 10.6 11 7 0
nm_flota  nm_reclas  nm_pelaces    nm_pelaL
inf 14.44 13.5814 29.7049
cv_recla  cv_pelaces  cv_mph
0.9891 0.995288 0.893047
 ------------------------------------------------
Talla a la edad & desviación 
 7.2 14.2025 17.0495 18.207 18.6776
 1.08 2.13037 2.55742 2.73105 2.80164
