years
 1997 1998 1999 2000 2001 2002 2003 2004 2005 2006 2007 2008 2009 2010 2011 2012 2013 2014 2015 2016 2017 2018 2019 2020 2021
reclasobs
 0 0 0 370054 412103 1.49427e+06 250295 1.28982e+06 931140 785840 897777 1.04006e+06 184774 17550 25797 100020 73551 82996 120727 218422 84188 347160 605670 569463 516374
reclaspred
 1.47403e+06 254900 557729 212333 250286 285497 483140 693809 803561 1.18179e+06 1.36582e+06 848952 452444 215455 148079 133753 137525 175448 167784 248300 440253 431554 669745 717301 677993
pelacesobs
 0 0 0 0 0 0 0 0 0 2.06254e+06 1.5e+06 0 1.87456e+06 323000 250000 174000 83755 137374 0 501740 490994 745055 786931 1.00524e+06 1.33801e+06
pelacespred
 764828 265007 168300 149629 149045 118333 240851 406412 424793 684853 706889 451115 246785 94529.1 63877.6 64977.2 70252 87897.2 88789.8 125326 245324 255377 300491 384350 350803
mphobs
 0 0 0 0 0 112323 0 153150 637223 0 255016 313432 73983 77613 109348 50772 0 0 0 0 0 0 0 0 0
mphpred
 1.14224e+06 481720 380653 262390 175072 287576 300115 464789 799070 727412 1.39917e+06 933613 496001 279818 134789 119766 111628 142536 151816 167564 313553 409545 478432 595196 668002
desembarqueobs
 350755 77701 442110 56441 14545 235359 269955 359681 431902 328805 639364 411747 362871 311530 167758 66681 60226 58785 57116 73181 50977 67692 138656 160484 209506
desembarquepred
 350259 77507.4 441151 56368.9 14538.1 235176 270128 359183 430888 328240 638634 411489 363300 311272 167348 66837.3 60291.2 58797.4 56914 72868.9 50993.4 67708.5 138464 160394 209236
Reclutas
 25085.3 50846.1 9124.42 10036.5 40433 20730.6 45772.7 140960 45272.7 253660 45521.9 17242.7 55787.3 28743.5 20821 12700.2 13358.7 10812.9 12516.2 31777.8 38670.2 40513.1 56821.8 64210.9 5181.66
log_desv_Rt
 -0.149965 0.556558 -1.16129 -1.06602 0.327401 -0.340631 0.451444 1.57623 0.44046 2.16375 0.445949 -0.524857 0.649302 -0.0138331 -0.336285 -0.830627 -0.780076 -0.991505 -0.845219 0.0865224 0.282826 0.329382 0.667675 0.789928 -1.72712
SSB
 1.14224e+06 481720 380653 262390 175072 287576 300115 464789 799070 727412 1.39917e+06 933613 496001 279818 134789 119766 111628 142536 151816 167564 313553 409545 478432 595196 668002
BT
 2.00877e+06 644000 594906 357112 383916 416790 903508 1.5257e+06 1.30594e+06 2.23517e+06 1.95195e+06 1.22827e+06 932814 503582 301003 195051 216762 241882 236376 372444 632602 574933 725154 967773 820727
Ftot
 0.229489 0.292857 0.729462 0.255928 0.0567676 0.75898 0.530757 0.495177 0.507063 0.268798 0.443823 0.459091 0.745256 1.26174 1.02421 0.474197 0.418751 0.32191 0.325666 0.283232 0.112829 0.152392 0.200184 0.216367 0.296301
BD_Bspro_t
 0.96533 0.783374 0.652419 0.383303 0.417857 0.597469 0.453399 0.53485 0.599566 0.53277 0.651795 0.480632 0.342236 0.258679 0.162538 0.171397 0.211173 0.325371 0.396336 0.482611 0.651965 0.757615 0.757129 0.739996 0.708752
BD_Bspro
 1.90834 0.80481 0.635958 0.438375 0.292492 0.480454 0.501403 0.776524 1.33501 1.21529 2.3376 1.55979 0.828669 0.467492 0.225193 0.200093 0.186497 0.238135 0.25364 0.27995 0.523854 0.684228 0.799317 0.994395 1.11603
BD_Bo
 1.21706 0.513274 0.405588 0.279578 0.18654 0.306413 0.319774 0.495235 0.851413 0.775061 1.49082 0.994769 0.528491 0.298147 0.143619 0.127611 0.11894 0.151873 0.161761 0.178541 0.334092 0.436372 0.509771 0.634184 0.711759
BD_Brms
 5.9195 2.49645 1.97268 1.3598 0.907285 1.49032 1.55531 2.40871 4.14107 3.76971 7.25101 4.83832 2.57046 1.45012 0.698527 0.620669 0.578497 0.738673 0.786767 0.868379 1.62495 2.12241 2.47941 3.08452 3.46183
S_f
 0.5 1 1 1 1
 0.5 1 1 1 1
 0.5 1 1 1 1
 0.5 1 1 1 1
 0.5 1 1 1 1
 0.5 1 1 1 1
 0.5 1 1 1 1
 0.5 1 1 1 1
 0.5 1 1 1 1
 0.5 1 1 1 1
 0.5 1 1 1 1
 0.5 1 1 1 1
 0.5 1 1 1 1
 0.5 1 1 1 1
 0.5 1 1 1 1
 0.5 1 1 1 1
 0.5 1 1 1 1
 0.5 1 1 1 1
 0.5 1 1 1 1
 0.5 1 1 1 1
 0.5 1 1 1 1
 0.5 1 1 1 1
 0.5 1 1 1 1
 0.5 1 1 1 1
 0.5 1 1 1 1
Scru_reclas
 0.5 1 1 1 1
 0.5 1 1 1 1
 0.5 1 1 1 1
 0.5 1 1 1 1
 0.5 1 1 1 1
 0.5 1 1 1 1
 0.5 1 1 1 1
 0.5 1 1 1 1
 0.5 1 1 1 1
 0.5 1 1 1 1
 0.5 1 1 1 1
 0.5 1 1 1 1
 0.5 1 1 1 1
 0.5 1 1 1 1
 0.5 1 1 1 1
 0.5 1 1 1 1
 0.5 1 1 1 1
 0.5 1 1 1 1
 0.5 1 1 1 1
 0.5 1 1 1 1
 0.5 1 1 1 1
 0.5 1 1 1 1
 0.5 1 1 1 1
 0.5 1 1 1 1
 0.5 1 1 1 1
Scru_pelaces
 0.5 1 1 1 1
 0.5 1 1 1 1
 0.5 1 1 1 1
 0.5 1 1 1 1
 0.5 1 1 1 1
 0.5 1 1 1 1
 0.5 1 1 1 1
 0.5 1 1 1 1
 0.5 1 1 1 1
 0.5 1 1 1 1
 0.5 1 1 1 1
 0.5 1 1 1 1
 0.5 1 1 1 1
 0.5 1 1 1 1
 0.5 1 1 1 1
 0.5 1 1 1 1
 0.5 1 1 1 1
 0.5 1 1 1 1
 0.5 1 1 1 1
 0.5 1 1 1 1
 0.5 1 1 1 1
 0.5 1 1 1 1
 0.5 1 1 1 1
 0.5 1 1 1 1
 0.5 1 1 1 1
pf_obs 
 0.256992 0.487395 0.22802 0.0275931 0
 0.321318 0.546541 0.124235 0.00734118 0.000564706
 0.182869 0.594174 0.210203 0.0122559 0.00049798
 0.330522 0.361315 0.267642 0.0388342 0.00168674
 0.649043 0.306663 0.0425973 0.00169635 0
 0.582887 0.30429 0.105238 0.00758474 0
 0.465427 0.430635 0.0974691 0.00646863 0
 0.296916 0.608066 0.0921331 0.00288517 0
 0.311714 0.524322 0.152257 0.0117073 0
 0.15457 0.633149 0.183074 0.0267441 0.00246327
 0.131901 0.49318 0.331252 0.0422183 0.00144891
 0.196976 0.569456 0.194076 0.0375587 0.00193317
 0.518974 0.381816 0.0799577 0.0180837 0.00116848
 0.0928022 0.601141 0.25162 0.0475244 0.00691264
 0.122501 0.610282 0.24278 0.0234846 0.000952079
 0.383417 0.481906 0.127806 0.00687128 0
 0.0376549 0.599619 0.316969 0.0457579 0
 0.0361596 0.667082 0.258105 0.0386534 0
 0.158088 0.579412 0.248529 0.0139706 0
 0.0477256 0.309471 0.559284 0.082774 0.000745712
 0.0406174 0.521527 0.379366 0.0568643 0.0016247
 0.151134 0.462217 0.34131 0.0453401 0
 0.294876 0.26143 0.354403 0.0886775 0.000613685
 0.281977 0.475581 0.204845 0.0348837 0.00271318
 0.0354234 0.537034 0.353287 0.0723622 0.0018943
pf_pred 
 0.276815 0.364062 0.180788 0.0897766 0.0885587
 0.522802 0.214634 0.132179 0.065638 0.0647475
 0.145612 0.601895 0.113566 0.0699379 0.0689891
 0.334185 0.198392 0.329288 0.0621305 0.0760049
 0.707939 0.151664 0.0418337 0.0694351 0.0291278
 0.339178 0.549305 0.0579098 0.0159733 0.0376342
 0.671186 0.185257 0.119331 0.0125803 0.0116457
 0.787336 0.175833 0.0207509 0.0133665 0.00271359
 0.291649 0.634287 0.0612368 0.00722686 0.00560016
 0.790007 0.10263 0.0961376 0.00928155 0.00194417
 0.167927 0.740914 0.0445524 0.0417339 0.00487315
 0.141543 0.270288 0.523731 0.0314928 0.0329452
 0.565558 0.118988 0.0993221 0.192454 0.0236789
 0.421011 0.44303 0.0372371 0.0310828 0.0676387
 0.532761 0.319642 0.112938 0.00949253 0.0251662
 0.461429 0.408152 0.0892209 0.031524 0.0096742
 0.492779 0.336388 0.129464 0.0283005 0.0130679
 0.424941 0.395092 0.119354 0.0459353 0.0146779
 0.47566 0.324349 0.137403 0.0415083 0.0210797
 0.680271 0.212911 0.0660758 0.0279915 0.0127503
 0.543204 0.375462 0.0541613 0.0168086 0.0103641
 0.45045 0.390505 0.130726 0.0188576 0.00946085
 0.501075 0.314938 0.13074 0.0437667 0.00948092
 0.472573 0.358734 0.106485 0.0442048 0.0180037
 0.0594739 0.616896 0.22012 0.0653391 0.0381713
pobs_RECLAS
 0 0 0 0 0
 0 0 0 0 0
 0 0 0 0 0
 0 0 0 0 0
 0.835266 0.146461 0.0176864 0.000547809 3.91292e-05
 0.385257 0.428462 0.181853 0.0044286 0
 0.867414 0.0963971 0.0333333 0.00285562 0
 0.441836 0.489002 0.0689373 0.000224442 0
 0.779404 0.147425 0.0564933 0.0165055 0.000172143
 0.814271 0.122319 0.05973 0.00367925 0
 0.40263 0.566651 0.0304383 0.000280538 0
 0.475488 0.404961 0.113038 0.00651328 0
 0.955842 0.0263864 0.0167828 0.000988607 0
 0.975058 0.0227948 0.00214734 0 0
 0.738997 0.206755 0.0527124 0.00153531 0
 0.850938 0.134255 0.0134407 0.00136685 0
 0.542534 0.407297 0.0501686 0 0
 0.764087 0.199537 0.0359546 0.000420521 0
 0.470689 0.182191 0.310203 0.0369168 0
 0.84361 0.089868 0.0606195 0.00523954 0.000663233
 0.607945 0.314616 0.071237 0.00620181 0
 0.523733 0.453247 0.0230204 0 0
 0.530135 0.295979 0.169645 0.0042399 0
 0.562478 0.366248 0.0663022 0.0049721 0
 0.250443 0.683176 0.0655157 0.000865301 0
ppred_RECLAS
 0.278467 0.363231 0.180375 0.0895715 0.0883564
 0.525562 0.213393 0.131414 0.0652583 0.064373
 0.150267 0.598615 0.112948 0.0695568 0.0686132
 0.336277 0.197768 0.328253 0.0619353 0.0757661
 0.708299 0.151478 0.0417822 0.0693496 0.029092
 0.347991 0.541979 0.0571375 0.0157603 0.0371322
 0.676418 0.182309 0.117432 0.0123802 0.0114604
 0.790945 0.172849 0.0203988 0.0131396 0.00266754
 0.296296 0.630126 0.0608351 0.00717946 0.00556342
 0.791655 0.101825 0.0953831 0.00920871 0.00192891
 0.170565 0.738565 0.0444111 0.0416016 0.0048577
 0.143943 0.269532 0.522266 0.0314047 0.0328531
 0.574889 0.116432 0.0971887 0.18832 0.0231703
 0.441306 0.427501 0.0359319 0.0299933 0.0652678
 0.547776 0.309371 0.109309 0.00918749 0.0243575
 0.466521 0.404293 0.0883773 0.031226 0.00958273
 0.497127 0.333504 0.128355 0.0280579 0.0129559
 0.427985 0.393001 0.118722 0.0456921 0.0146003
 0.47881 0.3224 0.136578 0.0412589 0.0209531
 0.682577 0.211376 0.0655993 0.0277897 0.0126584
 0.54411 0.374717 0.0540539 0.0167753 0.0103435
 0.451717 0.389605 0.130425 0.0188142 0.00943905
 0.502827 0.313832 0.130281 0.0436131 0.00944763
 0.474487 0.357432 0.106098 0.0440444 0.0179384
 0.060105 0.616482 0.219972 0.0652953 0.0381457
pobs_PELACES
 0 0 0 0 0
 0 0 0 0 0
 0 0 0 0 0
 0 0 0 0 0
 0 0 0 0 0
 0 0 0 0 0
 0 0 0 0 0
 0 0 0 0 0
 0 0 0 0 0
 0 0 0 0 0
 0.450072 0.473896 0.0757376 0.000293798 0
 0 0 0 0 0
 0.463077 0.371075 0.160297 0.00555027 0
 0.529543 0.364841 0.0842815 0.0213345 0
 0.631943 0.363953 0.00410389 0 0
 0.735681 0.248677 0.0153453 0.000297389 0
 0.695825 0.281241 0.0229344 0 0
 0.275771 0.60734 0.115278 0.00161068 0
 0 0 0 0 0
 0.896147 0.0623911 0.0374545 0.00400742 0
 0.803859 0.145111 0.0509908 3.86294e-05 0
 0.739449 0.233085 0.0266225 0.000797448 4.60066e-05
 0.878498 0.100942 0.0204185 0.000141795 0
 0.694673 0.275183 0.0284847 0.00165964 0
 0.469039 0.446079 0.0841089 0.000773354 0
ppred_PELACES
 0.286138 0.359369 0.178457 0.0886192 0.087417
 0.537593 0.207981 0.128082 0.0636034 0.0627406
 0.166291 0.587327 0.110818 0.0682451 0.0673193
 0.345766 0.194941 0.32356 0.0610498 0.0746829
 0.71023 0.150475 0.0415056 0.0688904 0.0288993
 0.376918 0.517934 0.0546025 0.0150611 0.0354848
 0.695283 0.171681 0.110586 0.0116584 0.0107923
 0.804134 0.161944 0.0191118 0.0123107 0.00249925
 0.314032 0.614244 0.0593018 0.0069985 0.0054232
 0.798875 0.0982958 0.0920774 0.00888956 0.00186206
 0.181176 0.729116 0.0438429 0.0410694 0.00479555
 0.153532 0.266514 0.516417 0.031053 0.0324851
 0.60463 0.108286 0.0903894 0.175145 0.0215493
 0.493082 0.387883 0.032602 0.0272137 0.0592193
 0.589205 0.281028 0.0992945 0.0083458 0.022126
 0.486035 0.389504 0.0851446 0.0300838 0.0092322
 0.514397 0.322051 0.123947 0.0270944 0.012511
 0.441035 0.384035 0.116014 0.0446497 0.0142672
 0.492232 0.314098 0.13306 0.0401964 0.0204135
 0.692615 0.204692 0.0635248 0.0269109 0.0122581
 0.548724 0.370925 0.0535068 0.0166055 0.0102388
 0.457951 0.385175 0.128942 0.0186002 0.00933172
 0.511083 0.308621 0.128117 0.0428889 0.00929075
 0.483396 0.351373 0.104299 0.0432977 0.0176343
 0.0629271 0.614631 0.219312 0.0650992 0.0380311
pobs_pel_tallas
 0 0 0 0 0 0 0 0 0 0 0 0 0 0 0 0 0 0 0 0 0 0 0 0 0 0 0 0 0 0 0 0 0 0 0 0
 0 0 0 0 0 0 0 0 0 0 0 0 0 0 0 0 0 0 0 0 0 0 0 0 0 0 0 0 0 0 0 0 0 0 0 0
 0 0 0 0 0 0 0 0 0 0 0 0 0 0 0 0 0 0 0 0 0 0 0 0 0 0 0 0 0 0 0 0 0 0 0 0
 0 0 0 0 0 0 0 0 0 0 0 0 0 0 0 0 0 0 0 0 0 0 0 0 0 0 0 0 0 0 0 0 0 0 0 0
 0 0 0 0 0 0 0 0 0 0 0 0 0 0 0 0 0 0 0 0 0 0 0 0 0 0 0 0 0 0 0 0 0 0 0 0
 0 0 0 0 0 0 0 0 0 0 0 0 0 0 0 0 0 0 0 0 0 0 0 0 0 0 0 0 0 0 0 0 0 0 0 0
 0 0 0 0 0 0 0 0 0 0 0 0 0 0 0 0 0 0 0 0 0 0 0 0 0 0 0 0 0 0 0 0 0 0 0 0
 0 0 0 0 0 0 0 0 0 0 0 0 0 0 0 0 0 0 0 0 0 0 0 0 0 0 0 0 0 0 0 0 0 0 0 0
 0 0 0 0 0 0 0 0 0 0 0 0 0 0 0 0 0 0 0 0 0 0 0 0 0 0 0 0 0 0 0 0 0 0 0 0
 0 0 0 0 0 0 0 0 0 0 0 0 0 0 0 0 0 0 0 0 0 0 0 0 0 0 0 0 0 0 0 0 0 0 0 0
 0 0 0 0 0 0 0 0 1.78061e-05 0.00172719 0.00360574 0.0105946 0.0120993 0.0124554 0.0147524 0.0171206 0.0266825 0.0428682 0.0675386 0.121331 0.153587 0.119568 0.100827 0.0573624 0.0630603 0.0341343 0.0324427 0.0444173 0.0211091 0.0280891 0.0125444 0.00206551 0 0 0 0
 0 0 0 0 0 0 0 0 0 0 0 0 0 0 0 0 0 0 0 0 0 0 0 0 0 0 0 0 0 0 0 0 0 0 0 0
 0 0 0 0 0 0 0.0133647 0.0140871 0.0187388 0.0205184 0.03894 0.0496705 0.03968 0.0493445 0.0407372 0.0367815 0.0215668 0.0243155 0.0234873 0.0199281 0.019796 0.0243948 0.0301388 0.0376714 0.0412746 0.0863199 0.0771752 0.113111 0.0741005 0.0525337 0.0229764 0.00759418 0.00175318 0 0 0
 0 0 0 0 0 0 0 0 0 0 0.00219441 0.00772107 0.0458388 0.0604681 0.0671733 0.0775358 0.0609151 0.0617685 0.073594 0.0568108 0.0755445 0.0548602 0.0670107 0.0636378 0.0643287 0.046367 0.0373049 0.0286899 0.0247887 0.0153202 0.00654259 0.00121912 0.000365735 0 0 0
 0 0 0 0 0 0 0 0 0 0 0 0 0.000112435 0.00938835 0.0111873 0.0202946 0.0414886 0.0713402 0.111592 0.104902 0.108894 0.110636 0.117776 0.105296 0.107544 0.0401394 0.0192827 0.0124803 0.00416011 0.0028671 0.000618394 0 0 0 0 0
 0 0 0 0 0 0 0 0 0 0 0.00291406 0.0102884 0.027416 0.0768956 0.0749926 0.110853 0.0956884 0.0897413 0.0766577 0.0534642 0.0500743 0.0551293 0.0594112 0.0620874 0.0668451 0.0424026 0.0208742 0.0120726 0.0048766 0.00582813 0.00118941 0.000297354 0 0 0 0
 0 0.00264628 0.0354308 0.0461629 0.0458689 0.0383711 0.0214643 0.0164657 0.0346957 0.0420465 0.0363128 0.0245516 0.0311673 0.0291091 0.0169068 0.0133784 0.00837989 0.0085269 0.0148486 0.0160247 0.0276389 0.0546898 0.0760071 0.122758 0.109233 0.0665981 0.0333725 0.0166128 0.00676272 0.00308733 0.000882094 0 0 0 0 0
 0 0 0 0 0 0 0 0.000805153 0.000690131 0.00759144 0.0133425 0.0154129 0.00931677 0.000345066 0.00356568 0.00563607 0.00851162 0.0253048 0.0502646 0.0516448 0.0657925 0.0565908 0.0611916 0.0827007 0.0866115 0.110766 0.145733 0.0935128 0.0569358 0.0249597 0.0138026 0.00621118 0.00161031 0.00115022 0 0
 0 0 0 0 0 0 0 0 0 0 0 0 0 0 0 0 0 0 0 0 0 0 0 0 0 0 0 0 0 0 0 0 0 0 0 0
 0.00147267 0.00158595 0.00478618 0.00569244 0.00954404 0.0108468 0.00647125 0.017049 0.0510054 0.094081 0.124002 0.0959785 0.0687766 0.0820023 0.061753 0.0591476 0.0492212 0.0479892 0.0443925 0.0268479 0.0217502 0.0140895 0.0121071 0.0120363 0.00920419 0.00665534 0.0049561 0.00860946 0.00930331 0.0156896 0.0114698 0.00855282 0.00243557 0.00046729 0 2.83206e-05
 0 0 0 0 0.000772559 0.00158375 0.000888443 0.00281984 0.00712685 0.0440552 0.0773331 0.111326 0.0921469 0.0852325 0.0710754 0.0886704 0.0786465 0.0553345 0.0373146 0.0185414 0.00753245 0.00457741 0.012979 0.0271748 0.0457355 0.0583668 0.034881 0.0177882 0.00938659 0.00492506 0.0015258 0.00185414 0.000309023 5.79419e-05 3.86279e-05 0
 0 0.00173294 0.00326652 0 0.00397197 0.00683976 0.00946217 0.0152591 0.00757587 0.0136028 0.0228656 0.0392903 0.0559909 0.0764795 0.0681675 0.0726916 0.0566044 0.0477403 0.0527397 0.0444891 0.0609904 0.0582453 0.0661739 0.0445044 0.0529084 0.0360697 0.0280645 0.0235558 0.0158879 0.00826598 0.00280645 0.00217768 0.000904811 0.00058276 9.20147e-05 0
 0 0 0 0 0 0 0 0 0 0 0 0 0 0 0 0 0 0 0 0 0 0 0 0 0 0 0 0 0 0 0 0 0 0 0 0
 0 0 0 0 0 0 0 0 0 0 0 0 0 0 0 0 0 0 0 0 0 0 0 0 0 0 0 0 0 0 0 0 0 0 0 0
 0 0 0 0 0 0 0 0 0 0 0 0 0 0 0 0 0 0 0 0 0 0 0 0 0 0 0 0 0 0 0 0 0 0 0 0
ppred_pel_tallas
 1.0978e-16 1.25043e-05 7.33393e-05 0.000348517 0.00134164 0.0041836 0.0105678 0.0216255 0.0358563 0.048183 0.0525091 0.0464987 0.0336827 0.0204613 0.0114381 0.00762151 0.00780807 0.0105235 0.0148394 0.0202577 0.0263878 0.0327687 0.0388571 0.0441074 0.0480802 0.0505274 0.0514259 0.0509466 0.0493775 0.0470304 0.0441659 0.0409586 0.0375037 0.0338501 0.0300406 0.0261402
 1.07004e-16 2.34628e-05 0.000137689 0.000654474 0.0025197 0.00785739 0.0198472 0.0406108 0.06732 0.0904181 0.098417 0.0868684 0.0623092 0.0366196 0.0182535 0.00887081 0.00596924 0.00658742 0.00891166 0.0121289 0.0158588 0.0198048 0.0236508 0.0270797 0.0298282 0.0317349 0.032759 0.0329655 0.0324834 0.0314571 0.0300081 0.0282192 0.0261406 0.0238102 0.0212743 0.018601
 1.07255e-16 7.28757e-06 4.26917e-05 0.000202769 0.00078039 0.00243332 0.00614699 0.012582 0.0208729 0.0280828 0.0306943 0.0273948 0.0203089 0.0132633 0.00907564 0.00849849 0.0109943 0.0158164 0.0224259 0.0303711 0.0390744 0.0477525 0.0554876 0.0613964 0.0648249 0.065496 0.0635618 0.059538 0.0541514 0.0481539 0.0421647 0.0365845 0.0315891 0.027183 0.0232786 0.0197689
 1.10244e-16 1.50982e-05 8.85814e-05 0.000421011 0.00162081 0.00505422 0.0127667 0.0261235 0.0433073 0.0581749 0.0633436 0.0559637 0.0402583 0.0238973 0.0123594 0.00676643 0.00557367 0.00694464 0.00977403 0.0135798 0.018125 0.0231841 0.0284736 0.0336678 0.0384439 0.0425255 0.0457088 0.0478657 0.0489318 0.0488891 0.0477562 0.04559 0.0424946 0.0386292 0.0342063 0.0294758
 1.04356e-16 3.0988e-05 0.000181875 0.000864551 0.00332857 0.0103798 0.0262186 0.0536467 0.0889251 0.119423 0.129954 0.114624 0.0820406 0.047858 0.0231873 0.0101509 0.00536749 0.00485877 0.00619217 0.00830618 0.0107731 0.0133383 0.015766 0.0178337 0.0193687 0.020282 0.0205801 0.0203492 0.0197203 0.0188266 0.0177718 0.0166152 0.0153768 0.0140545 0.0126453 0.0111602
 1.0312e-16 1.64691e-05 9.66015e-05 0.000459077 0.00176726 0.00551087 0.0139205 0.0284866 0.0472327 0.0634714 0.0691729 0.0612613 0.0443891 0.0269877 0.0151188 0.0101015 0.0103287 0.0138166 0.019274 0.025948 0.0332029 0.0403018 0.0464165 0.050765 0.0527859 0.0522706 0.04941 0.044733 0.0389646 0.0328515 0.0270119 0.0218487 0.0175371 0.0140689 0.0113251 0.00914645
 1.02531e-16 3.03374e-05 0.000178052 0.000846372 0.00325857 0.0101615 0.0256672 0.0525187 0.0870561 0.116916 0.127232 0.112239 0.0803688 0.0469537 0.0228827 0.0102469 0.00575051 0.00551045 0.00714955 0.009621 0.0124833 0.0154482 0.0182341 0.0205664 0.0222236 0.0230791 0.0231203 0.0224369 0.0211854 0.0195449 0.0176787 0.0157134 0.0137354 0.0118008 0.00994895 0.00821286
 1.00864e-16 3.50832e-05 0.000205916 0.000978842 0.00376862 0.0117521 0.0296848 0.0607389 0.100681 0.135209 0.147128 0.129761 0.092853 0.0541199 0.0261341 0.0112866 0.00573359 0.00495241 0.00616823 0.00815844 0.0104202 0.0126515 0.0145797 0.0159576 0.016608 0.0164633 0.0155809 0.0141236 0.0123159 0.01039 0.00853949 0.0068917 0.00550427 0.00437835 0.0034808 0.00276559
 1.01536e-16 1.37309e-05 8.05173e-05 0.00038259 0.00147274 0.00459237 0.0116006 0.0237406 0.039369 0.0529205 0.0577174 0.0512185 0.0373349 0.0231425 0.0137595 0.0103642 0.0116936 0.0161453 0.0226396 0.0304652 0.0389162 0.0471217 0.0540917 0.0588933 0.06086 0.059752 0.0558124 0.0496949 0.0422938 0.0345344 0.0271897 0.0207732 0.0155187 0.0114288 0.00835988 0.00610591
 1.01732e-16 3.48515e-05 0.000204561 0.000972413 0.00374388 0.011675 0.02949 0.0603397 0.100017 0.134313 0.14614 0.12886 0.0921426 0.053574 0.0256262 0.0106546 0.00482483 0.00363951 0.00435884 0.00581336 0.00757855 0.00945163 0.0112639 0.0128522 0.0140783 0.0148519 0.0151434 0.0149788 0.0144241 0.0135633 0.0124802 0.0112481 0.00992764 0.00857092 0.00722539 0.00593589
 1.02496e-16 7.94238e-06 4.6523e-05 0.000220954 0.00085036 0.00265148 0.00669821 0.0137109 0.0227479 0.0306121 0.0334762 0.0299188 0.0222683 0.0147135 0.0103489 0.0100196 0.0131583 0.0189512 0.0267776 0.0360687 0.0460723 0.055777 0.0640166 0.0696915 0.0720203 0.0707283 0.0661137 0.0589577 0.0503223 0.0412985 0.0327903 0.0253878 0.0193464 0.0146489 0.0111086 0.00847246
 1.10003e-16 6.71936e-06 3.93824e-05 0.000187095 0.000720142 0.00224551 0.00567222 0.0116084 0.0192509 0.02588 0.0282329 0.0250709 0.0183135 0.0114334 0.00695615 0.00549671 0.00649843 0.00926641 0.0133915 0.0186702 0.0249113 0.0318252 0.0390084 0.0459877 0.0522895 0.0575044 0.0613307 0.0635863 0.0641992 0.0631873 0.0606437 0.0567309 0.0516827 0.0457988 0.0394295 0.0329441
 1.08344e-16 2.63817e-05 0.000154835 0.00073601 0.00283367 0.00883651 0.0223203 0.0456701 0.0757029 0.101666 0.110629 0.0975758 0.0698325 0.040725 0.0197135 0.00860862 0.00454129 0.00414333 0.00537441 0.00737499 0.00983678 0.0126038 0.01553 0.0184594 0.0212432 0.0237574 0.0259112 0.0276411 0.0288976 0.0296332 0.0297985 0.0293506 0.0282695 0.0265755 0.0243405 0.0216865
 1.04292e-16 2.15289e-05 0.00012632 0.000600388 0.00231139 0.00720775 0.0182065 0.0372551 0.0617627 0.0829706 0.0903544 0.0798557 0.0575049 0.0342495 0.0179096 0.0100826 0.00854075 0.0106033 0.0145799 0.0196098 0.0251317 0.0305808 0.0353424 0.0388387 0.0406544 0.0406336 0.0389124 0.0358713 0.0320296 0.0279151 0.0239553 0.0204169 0.0174008 0.0148805 0.0127593 0.0109245
 1.02822e-16 2.57163e-05 0.000150913 0.000717325 0.00276167 0.00861193 0.0217532 0.0445112 0.0737867 0.0991073 0.107885 0.0952485 0.0683706 0.0402825 0.0202629 0.010144 0.00719074 0.00815251 0.0110154 0.0148348 0.0191114 0.0234168 0.0272968 0.030316 0.0321431 0.0326225 0.0318018 0.0299044 0.0272621 0.0242296 0.0211122 0.0181234 0.0153797 0.01292 0.0107378 0.00880977
 1.02801e-16 2.1222e-05 0.000124517 0.000591815 0.00227838 0.00710481 0.0179465 0.0367231 0.0608811 0.0817873 0.0890685 0.0787255 0.0567051 0.0338016 0.0177284 0.0100664 0.00862721 0.0107758 0.0148515 0.0200079 0.0256876 0.0313226 0.036287 0.0399849 0.0419755 0.0420728 0.0403823 0.037259 0.0332072 0.0287558 0.0243512 0.0202958 0.0167389 0.0137071 0.0111531 0.00900228
 1.0338e-16 2.24561e-05 0.000131768 0.0006263 0.00241118 0.00751895 0.0189925 0.0388629 0.0644259 0.0865416 0.0942256 0.0832355 0.0598484 0.0354648 0.0182171 0.00974244 0.00769198 0.00925774 0.0126909 0.017144 0.0221198 0.0271467 0.0317083 0.0353041 0.0375498 0.0382582 0.0374721 0.035434 0.0325103 0.0290961 0.0255331 0.0220645 0.0188272 0.0158754 0.0132148 0.0108335
 1.03973e-16 1.92596e-05 0.000112996 0.000537046 0.00206751 0.0064472 0.0162854 0.0333245 0.0552478 0.0742229 0.0808392 0.0714727 0.0515262 0.0308056 0.0163252 0.00953797 0.00847849 0.0107741 0.0149297 0.0201772 0.0259956 0.0318382 0.0370936 0.0411717 0.0436261 0.0442507 0.0431172 0.0405366 0.0369644 0.0328841 0.028707 0.0247162 0.02106 0.0177809 0.0148616 0.0122651
 1.04327e-16 2.14892e-05 0.000126093 0.000599321 0.00230731 0.00719502 0.0181743 0.0371887 0.0616507 0.0828146 0.0901698 0.0796578 0.0572872 0.03397 0.0174919 0.00942523 0.00752852 0.00912176 0.0125381 0.0169715 0.0219485 0.0270172 0.0316785 0.0354454 0.0379387 0.0389655 0.0385509 0.0369093 0.0343725 0.0313004 0.028004 0.0247044 0.0215285 0.0185316 0.015731 0.0131343
 1.02466e-16 3.02223e-05 0.000177374 0.00084314 0.00324611 0.0101227 0.0255691 0.0523182 0.0867247 0.116473 0.126757 0.111837 0.080116 0.046877 0.0229765 0.0105085 0.00619849 0.00618094 0.00807934 0.0108277 0.0139472 0.0171005 0.0199548 0.0221948 0.0235823 0.0240056 0.0234992 0.0222236 0.0204152 0.0183246 0.0161641 0.014079 0.0121445 0.0103822 0.00878425 0.00733495
 1.0193e-16 2.39547e-05 0.000140562 0.0006681 0.00257211 0.00802078 0.0202601 0.0414569 0.0687267 0.0923202 0.100521 0.0888061 0.0638739 0.0378896 0.0195323 0.0105516 0.0084404 0.0101945 0.0139279 0.0187021 0.0239396 0.029084 0.0335348 0.0367274 0.0382528 0.0379527 0.0359537 0.0326248 0.0284777 0.0240437 0.0197674 0.0159445 0.0127124 0.0100797 0.00797599 0.0062999
 1.03031e-16 1.99974e-05 0.000117327 0.000557635 0.00214678 0.00669441 0.0169099 0.0346021 0.0573655 0.0770666 0.083933 0.0741997 0.0534743 0.0319343 0.0168575 0.00974554 0.00855053 0.0108027 0.0149465 0.0201866 0.0259893 0.0318001 0.0369999 0.0409911 0.0433212 0.0437809 0.0424433 0.0396258 0.0357966 0.0314567 0.0270381 0.0228456 0.0190464 0.0156966 0.012785 0.0102725
 1.03828e-16 2.2311e-05 0.000130918 0.00062226 0.00239563 0.00747046 0.01887 0.0386121 0.06401 0.085982 0.093614 0.0826896 0.0594439 0.0352012 0.0180379 0.00957732 0.0074827 0.00896358 0.0122858 0.0166161 0.0214752 0.026414 0.03094 0.0345735 0.0369422 0.0378582 0.0373493 0.035631 0.0330359 0.0299244 0.0266091 0.0233134 0.0201663 0.0172244 0.0145045 0.0120109
 1.03907e-16 2.11054e-05 0.000123836 0.000588585 0.00226596 0.00706607 0.0178486 0.0365226 0.0605477 0.0813365 0.0885698 0.0782667 0.0563353 0.0335027 0.0174291 0.00967451 0.00805196 0.00993677 0.0136856 0.0184816 0.0238136 0.0291743 0.034004 0.0377641 0.040047 0.0406645 0.0396819 0.0373818 0.0341783 0.0305095 0.0267469 0.0231446 0.0198336 0.0168496 0.0141749 0.0117763
 1.07328e-16 2.78186e-06 1.62359e-05 7.69875e-05 0.000296087 0.000923031 0.00233217 0.00477686 0.00793692 0.0107158 0.0118106 0.010774 0.0084899 0.00652537 0.00610686 0.00771028 0.0113261 0.0168202 0.0240304 0.0326622 0.0421761 0.0517716 0.0604857 0.0673723 0.0717053 0.0731351 0.0717486 0.0680105 0.0626168 0.0563117 0.049733 0.0433251 0.0373296 0.031831 0.0268267 0.0222878
pSPR Fmed_Fpbrs
0.536828   0.255602 0.255602
Fs Fmed_Fpbrs
0.352991   1.005 1.005
SSBpbr Bo_Bmed_Bpbrs
938522  456899  192962 192962
Ro
29143.9
SPR SPRFo_SPRFmed_SPRFpbrs
598551 321318 152991
log_Ro
10.1
likeval ReclasPelacesDesembMPH_pf_preclas_ppelaces_ptallas_desvR_qrecl_qpela
 104.146 98.113 0.387755 0.000615095 370.423 218.623 88.4134 0 26.1922 0 0 0 0 0 0
q_reclas_q_pelaces
1 1
M
0.7
N
 25085.3 17326.6 8604.15 4272.69 4214.73
 50846.1 11106.6 6839.78 3396.54 3350.46
 9124.42 21810.1 4115.17 2534.25 2499.87
 10036.5 3146.29 5222.17 985.326 1205.36
 40433 4385.32 1209.61 2007.69 842.221
 20730.6 19516.5 2057.51 567.524 1337.12
 45772.7 7043.63 4537.07 478.315 442.779
 140960 17432 2057.24 1325.15 269.025
 45272.7 54646.5 5275.81 622.625 482.478
 253660 17447.1 16343.4 1577.86 330.508
 45521.9 110123 6621.86 6202.95 724.3
 17242.7 18106.7 35084.9 2109.71 2207.01
 55787.3 6806.26 5681.36 11008.6 1354.46
 28743.5 19085.3 1604.14 1339.02 2913.81
 20821 7595.37 2683.64 225.562 598.002
 12700.2 6195.71 1354.36 478.531 146.853
 13358.7 4975.47 1914.89 418.589 193.286
 10812.9 5380.56 1625.42 625.57 199.892
 12516.2 4571.24 1936.5 585.001 297.089
 31777.8 5281.41 1639.05 694.347 316.28
 38670.2 13696.7 1975.78 613.17 378.076
 40513.1 18149.7 6075.85 876.456 439.718
 56821.8 18642.2 7738.93 2590.71 561.209
 64210.9 25529.3 7577.98 3145.84 1281.24
 5181.66 28616.7 10211 3030.96 1770.69
pred_Ctot
 1968.69 2589.18 1285.75 638.484 629.822
 5023.09 2062.21 1269.98 630.651 622.095
 2047.85 8464.92 1597.17 983.592 970.248
 873.403 518.503 860.605 162.38 198.641
 815.077 174.617 48.1647 79.9432 33.536
 4811.61 7792.51 821.515 226.599 533.882
 7790.74 2150.35 1385.12 146.025 135.176
 22552.1 5036.48 594.38 382.863 77.727
 7398.48 16090.4 1553.44 183.329 142.063
 23119.9 3003.52 2813.51 271.629 56.8969
 6599.07 29115.9 1750.79 1640.03 191.502
 2577.21 4921.41 9536.09 573.421 599.866
 12750.2 2682.51 2239.16 4338.77 533.826
 10024.8 10549.1 886.665 740.123 1610.57
 6179.05 3707.26 1309.87 110.096 291.881
 1954.46 1728.8 377.91 133.525 40.9767
 1836.9 1253.93 482.595 105.494 48.7124
 1166.87 1084.91 327.742 126.137 40.3052
 1365.35 931.017 394.404 119.146 60.5078
 3042.45 952.227 295.518 125.189 57.0247
 1530.45 1057.85 152.597 47.3576 29.2003
 2146.98 1861.26 623.08 89.8807 45.0931
 3914.71 2460.49 1021.42 341.933 74.0708
 4764.64 3616.88 1073.61 445.687 181.52
 517.533 5368.13 1915.45 568.571 332.161
F
 0.114744 0.229489 0.229489 0.229489 0.229489
 0.146428 0.292857 0.292857 0.292857 0.292857
 0.364731 0.729462 0.729462 0.729462 0.729462
 0.127964 0.255928 0.255928 0.255928 0.255928
 0.0283838 0.0567676 0.0567676 0.0567676 0.0567676
 0.37949 0.75898 0.75898 0.75898 0.75898
 0.265379 0.530757 0.530757 0.530757 0.530757
 0.247588 0.495177 0.495177 0.495177 0.495177
 0.253532 0.507063 0.507063 0.507063 0.507063
 0.134399 0.268798 0.268798 0.268798 0.268798
 0.221912 0.443823 0.443823 0.443823 0.443823
 0.229545 0.459091 0.459091 0.459091 0.459091
 0.372628 0.745256 0.745256 0.745256 0.745256
 0.630872 1.26174 1.26174 1.26174 1.26174
 0.512104 1.02421 1.02421 1.02421 1.02421
 0.237098 0.474197 0.474197 0.474197 0.474197
 0.209376 0.418751 0.418751 0.418751 0.418751
 0.160955 0.32191 0.32191 0.32191 0.32191
 0.162833 0.325666 0.325666 0.325666 0.325666
 0.141616 0.283232 0.283232 0.283232 0.283232
 0.0564146 0.112829 0.112829 0.112829 0.112829
 0.076196 0.152392 0.152392 0.152392 0.152392
 0.100092 0.200184 0.200184 0.200184 0.200184
 0.108183 0.216367 0.216367 0.216367 0.216367
 0.14815 0.296301 0.296301 0.296301 0.296301
nmprior
 10.6 11 7 0
nm_flota  nm_reclas  nm_pelaces    nm_pelaL
inf 10.7819 7.88588 14.6523
cv_recla  cv_pelaces  cv_mph
0.923095 1.12314 0.804654
 ------------------------------------------------
Talla a la edad & desviación 
 7.2 14.2025 17.0495 18.207 18.6776
 1.08 2.13037 2.55742 2.73105 2.80164
