years
 1997 1998 1999 2000 2001 2002 2003 2004 2005 2006 2007 2008 2009 2010 2011 2012 2013 2014 2015 2016 2017 2018 2019 2020 2021
reclasobs
 0 0 0 370054 412103 1.49427e+06 250295 1.28982e+06 931140 785840 897777 1.04006e+06 184774 17550 25797 100020 73551 82996 120727 218422 84188 347160 605670 569463 516374
reclaspred
 5.62294e+06 962330 1.16848e+06 224599 243699 351370 680280 648787 655670 828855 931150 724392 390478 144698 78906.4 76158.3 78332.1 108626 139693 132987 191768 215188 354074 415800 347318
pelacesobs
 0 0 0 0 0 0 0 0 0 2.06254e+06 1.5e+06 0 1.87456e+06 323000 250000 174000 83755 137374 0 501740 490994 745055 786931 1.00524e+06 1.33801e+06
pelacespred
 1.5656e+07 8.51329e+06 1.91322e+06 865541 865807 751373 2.12451e+06 2.04976e+06 1.82522e+06 2.56711e+06 2.3711e+06 1.95714e+06 1.00552e+06 291303 160055 168130 178911 273335 368507 315084 587364 650160 767311 1.07477e+06 782296
mphobs
 0 0 0 0 0 112323 0 153150 637223 0 255016 313432 73983 77613 109348 50772 0 0 0 0 0 0 0 0 0
mphpred
 1.03801e+06 438656 192083 65173.4 45598.3 140158 155751 293219 253139 271480 382923 277282 172036 97526.6 46212.3 32496.6 28458.2 35107.6 47127.2 42810.2 52529.6 72954.1 86573.5 122288 130040
desembarqueobs
 350755 77701 442110 56441 14545 235359 269955 359681 431902 328805 639364 411747 362871 311530 167758 66681 60226 58785 57116 73181 50977 67692 138656 160484 209506
desembarquepred
 350742 77676.2 441502 56409.1 14542.5 235164 269870 359063 431349 328484 638149 410991 362083 310915 167225 66597.6 60189.8 58692.9 57026.6 73081.4 50957.6 67612.2 138525 160343 209305
Reclutas
 11015.7 16406.7 1906.99 5027.41 38946.5 13358.8 64430.6 56059.2 61940.8 111943 69942.8 48831 55150 29415.7 12150.1 9048.71 7182.85 8951.86 7347.98 8438.58 14892.8 17542.7 29589.7 30220.2 1970.54
log_desv_Rt
 -0.492924 -0.0945547 -2.24672 -1.27734 0.769944 -0.300069 1.27334 1.13416 1.23393 1.82574 1.35543 0.99612 1.11781 0.489284 -0.394909 -0.689622 -0.920548 -0.700384 -0.897819 -0.759431 -0.191366 -0.0276061 0.495183 0.516264 -2.21394
SSB
 1.42043e+06 600266 262850 89184.5 62397.6 191796 213133 401246 346400 371498 524000 379438 235417 133457 63237.7 44469 38942.7 48041.9 64489.8 58582.3 71882.4 99831.8 118469 167341 177949
BT
 1.93481e+06 733210 387747 142606 251318 301212 1.03725e+06 931353 954629 1.09796e+06 1.15933e+06 820823 675090 390026 195715 101931 101612 126915 117434 127960 195236 172224 244756 348206 260683
Ftot
 0.2079 0.33825 1.41724 1.05382 0.300461 1.74409 1.69857 1.74744 2.12798 1.46578 1.9899 1.73688 2.89839 4.95303 4.95303 2.4477 2.33507 1.7804 1.21804 1.71987 0.93534 1.00133 1.25905 1.22221 1.61847
BD_Bspro_t
 0.972383 0.807257 0.549971 0.184246 0.237962 0.535171 0.389577 0.484252 0.396449 0.373893 0.419365 0.284858 0.197934 0.134402 0.0773025 0.0677667 0.0828453 0.13945 0.220466 0.245914 0.315756 0.453597 0.452638 0.461628 0.402503
BD_Bspro
 3.83512 1.62071 0.709688 0.240796 0.168472 0.517844 0.575454 1.08336 0.935273 1.00304 1.41479 1.02447 0.635621 0.360332 0.170741 0.120065 0.105144 0.129712 0.174121 0.158171 0.194081 0.269544 0.319863 0.451819 0.480457
BD_Bo
 1.64834 0.696583 0.305026 0.103495 0.0724098 0.222571 0.247332 0.465629 0.401983 0.431108 0.608079 0.440322 0.273191 0.154871 0.0733847 0.0516044 0.0451913 0.0557505 0.0748376 0.0679823 0.0834165 0.115851 0.137478 0.194193 0.206502
BD_Brms
 2.99699 1.26651 0.554592 0.188172 0.131654 0.404674 0.449694 0.846598 0.730878 0.783833 1.1056 0.800585 0.496712 0.281585 0.133427 0.0938261 0.0821661 0.101365 0.136068 0.123604 0.151666 0.210637 0.24996 0.353078 0.375458
S_f
 0.0791144 0.767957 0.992217 0.999796 0.999995
 0.0791144 0.767957 0.992217 0.999796 0.999995
 0.0791144 0.767957 0.992217 0.999796 0.999995
 0.0791144 0.767957 0.992217 0.999796 0.999995
 0.0791144 0.767957 0.992217 0.999796 0.999995
 0.0791144 0.767957 0.992217 0.999796 0.999995
 0.0791144 0.767957 0.992217 0.999796 0.999995
 0.0791144 0.767957 0.992217 0.999796 0.999995
 0.0791144 0.767957 0.992217 0.999796 0.999995
 0.0791144 0.767957 0.992217 0.999796 0.999995
 0.0791144 0.767957 0.992217 0.999796 0.999995
 0.0791144 0.767957 0.992217 0.999796 0.999995
 0.0791144 0.767957 0.992217 0.999796 0.999995
 0.0791144 0.767957 0.992217 0.999796 0.999995
 0.0791144 0.767957 0.992217 0.999796 0.999995
 0.0791144 0.767957 0.992217 0.999796 0.999995
 0.0791144 0.767957 0.992217 0.999796 0.999995
 0.0791144 0.767957 0.992217 0.999796 0.999995
 0.0791144 0.767957 0.992217 0.999796 0.999995
 0.0791144 0.767957 0.992217 0.999796 0.999995
 0.0791144 0.767957 0.992217 0.999796 0.999995
 0.0791144 0.767957 0.992217 0.999796 0.999995
 0.0791144 0.767957 0.992217 0.999796 0.999995
 0.0791144 0.767957 0.992217 0.999796 0.999995
 0.0791144 0.767957 0.992217 0.999796 0.999995
Scru_reclas
 0.112512 0.389504 0.76252 0.941722 0.987853
 0.112512 0.389504 0.76252 0.941722 0.987853
 0.112512 0.389504 0.76252 0.941722 0.987853
 0.112512 0.389504 0.76252 0.941722 0.987853
 0.112512 0.389504 0.76252 0.941722 0.987853
 0.112512 0.389504 0.76252 0.941722 0.987853
 0.112512 0.389504 0.76252 0.941722 0.987853
 0.112512 0.389504 0.76252 0.941722 0.987853
 0.112512 0.389504 0.76252 0.941722 0.987853
 0.112512 0.389504 0.76252 0.941722 0.987853
 0.112512 0.389504 0.76252 0.941722 0.987853
 0.112512 0.389504 0.76252 0.941722 0.987853
 0.112512 0.389504 0.76252 0.941722 0.987853
 0.112512 0.389504 0.76252 0.941722 0.987853
 0.112512 0.389504 0.76252 0.941722 0.987853
 0.112512 0.389504 0.76252 0.941722 0.987853
 0.112512 0.389504 0.76252 0.941722 0.987853
 0.112512 0.389504 0.76252 0.941722 0.987853
 0.112512 0.389504 0.76252 0.941722 0.987853
 0.112512 0.389504 0.76252 0.941722 0.987853
 0.112512 0.389504 0.76252 0.941722 0.987853
 0.112512 0.389504 0.76252 0.941722 0.987853
 0.112512 0.389504 0.76252 0.941722 0.987853
 0.112512 0.389504 0.76252 0.941722 0.987853
 0.112512 0.389504 0.76252 0.941722 0.987853
Scru_pelaces
 0.100179 0.359095 0.738203 0.93417 0.986191
 0.100179 0.359095 0.738203 0.93417 0.986191
 0.100179 0.359095 0.738203 0.93417 0.986191
 0.100179 0.359095 0.738203 0.93417 0.986191
 0.100179 0.359095 0.738203 0.93417 0.986191
 0.100179 0.359095 0.738203 0.93417 0.986191
 0.100179 0.359095 0.738203 0.93417 0.986191
 0.100179 0.359095 0.738203 0.93417 0.986191
 0.100179 0.359095 0.738203 0.93417 0.986191
 0.100179 0.359095 0.738203 0.93417 0.986191
 0.100179 0.359095 0.738203 0.93417 0.986191
 0.100179 0.359095 0.738203 0.93417 0.986191
 0.100179 0.359095 0.738203 0.93417 0.986191
 0.100179 0.359095 0.738203 0.93417 0.986191
 0.100179 0.359095 0.738203 0.93417 0.986191
 0.100179 0.359095 0.738203 0.93417 0.986191
 0.100179 0.359095 0.738203 0.93417 0.986191
 0.100179 0.359095 0.738203 0.93417 0.986191
 0.100179 0.359095 0.738203 0.93417 0.986191
 0.100179 0.359095 0.738203 0.93417 0.986191
 0.100179 0.359095 0.738203 0.93417 0.986191
 0.100179 0.359095 0.738203 0.93417 0.986191
 0.100179 0.359095 0.738203 0.93417 0.986191
 0.100179 0.359095 0.738203 0.93417 0.986191
 0.100179 0.359095 0.738203 0.93417 0.986191
pf_obs 
 0.256992 0.487395 0.22802 0.0275931 0
 0.321318 0.546541 0.124235 0.00734118 0.000564706
 0.182869 0.594174 0.210203 0.0122559 0.00049798
 0.330522 0.361315 0.267642 0.0388342 0.00168674
 0.649043 0.306663 0.0425973 0.00169635 0
 0.582887 0.30429 0.105238 0.00758474 0
 0.465427 0.430635 0.0974691 0.00646863 0
 0.296916 0.608066 0.0921331 0.00288517 0
 0.311714 0.524322 0.152257 0.0117073 0
 0.15457 0.633149 0.183074 0.0267441 0.00246327
 0.131901 0.49318 0.331252 0.0422183 0.00144891
 0.196976 0.569456 0.194076 0.0375587 0.00193317
 0.518974 0.381816 0.0799577 0.0180837 0.00116848
 0.0928022 0.601141 0.25162 0.0475244 0.00691264
 0.122501 0.610282 0.24278 0.0234846 0.000952079
 0.383417 0.481906 0.127806 0.00687128 0
 0.0376549 0.599619 0.316969 0.0457579 0
 0.0361596 0.667082 0.258105 0.0386534 0
 0.158088 0.579412 0.248529 0.0139706 0
 0.0477256 0.309471 0.559284 0.082774 0.000745712
 0.0406174 0.521527 0.379366 0.0568643 0.0016247
 0.151134 0.462217 0.34131 0.0453401 0
 0.294876 0.26143 0.354403 0.0886775 0.000613685
 0.281977 0.475581 0.204845 0.0348837 0.00271318
 0.0354234 0.537034 0.353287 0.0723622 0.0018943
pf_pred 
 0.0191064 0.641244 0.300134 0.0395126 2.39606e-06
 0.050032 0.144079 0.575065 0.204167 0.0266569
 0.0140941 0.386999 0.116334 0.345242 0.13733
 0.150266 0.182824 0.339146 0.0644252 0.263339
 0.585666 0.306603 0.0313743 0.0390742 0.0372824
 0.0976686 0.844318 0.0460136 0.00351694 0.00848296
 0.545376 0.30223 0.146408 0.00476437 0.0012217
 0.239551 0.73034 0.0231024 0.00673489 0.000270886
 0.279636 0.615038 0.102808 0.00193955 0.000578467
 0.372009 0.563613 0.0587657 0.00548129 0.000131716
 0.181347 0.743011 0.0706016 0.00460695 0.000433502
 0.180942 0.673446 0.137611 0.00747664 0.00052419
 0.306392 0.566136 0.11291 0.0137744 0.000787669
 0.266736 0.691615 0.0375859 0.00360803 0.000454256
 0.255113 0.726029 0.0185078 0.000317545 3.30173e-05
 0.290635 0.688853 0.0203454 0.000163979 2.98824e-06
 0.247881 0.68759 0.0635355 0.000985918 7.92272e-06
 0.307137 0.616995 0.0722296 0.00358358 5.49303e-05
 0.19657 0.716004 0.0814805 0.00566472 0.000280607
 0.244617 0.590618 0.152625 0.0113248 0.000815219
 0.318887 0.583479 0.0836388 0.0129791 0.00101556
 0.229535 0.658149 0.100821 0.0098646 0.00163092
 0.299076 0.558127 0.128058 0.0132473 0.00149188
 0.221099 0.673826 0.0901433 0.0134087 0.00152221
 0.01821 0.792421 0.17193 0.0149895 0.0024493
pobs_RECLAS
 0 0 0 0 0
 0 0 0 0 0
 0 0 0 0 0
 0 0 0 0 0
 0.835266 0.146461 0.0176864 0.000547809 3.91292e-05
 0.385257 0.428462 0.181853 0.0044286 0
 0.867414 0.0963971 0.0333333 0.00285562 0
 0.441836 0.489002 0.0689373 0.000224442 0
 0.779404 0.147425 0.0564933 0.0165055 0.000172143
 0.814271 0.122319 0.05973 0.00367925 0
 0.40263 0.566651 0.0304383 0.000280538 0
 0.475488 0.404961 0.113038 0.00651328 0
 0.955842 0.0263864 0.0167828 0.000988607 0
 0.975058 0.0227948 0.00214734 0 0
 0.738997 0.206755 0.0527124 0.00153531 0
 0.850938 0.134255 0.0134407 0.00136685 0
 0.542534 0.407297 0.0501686 0 0
 0.764087 0.199537 0.0359546 0.000420521 0
 0.470689 0.182191 0.310203 0.0369168 0
 0.84361 0.089868 0.0606195 0.00523954 0.000663233
 0.607945 0.314616 0.071237 0.00620181 0
 0.523733 0.453247 0.0230204 0 0
 0.530135 0.295979 0.169645 0.0042399 0
 0.562478 0.366248 0.0663022 0.0049721 0
 0.250443 0.683176 0.0655157 0.000865301 0
ppred_RECLAS
 0.0442623 0.524891 0.370988 0.0598544 3.80663e-06
 0.0901843 0.0911363 0.547749 0.2383 0.0326308
 0.0299352 0.264576 0.114795 0.416814 0.173879
 0.258414 0.104786 0.285619 0.0664266 0.284755
 0.769721 0.141699 0.0218533 0.0333519 0.0333745
 0.252546 0.677868 0.0523272 0.00488999 0.0123693
 0.770413 0.133263 0.0916944 0.00364862 0.000981169
 0.498903 0.472093 0.0211481 0.00753779 0.000317947
 0.553721 0.360517 0.0832437 0.00191835 0.000599999
 0.638346 0.309726 0.0464892 0.00530482 0.000133687
 0.414493 0.511762 0.0678047 0.00540644 0.000533505
 0.397553 0.459809 0.133144 0.0088447 0.000650312
 0.611258 0.298857 0.0776467 0.0115464 0.000692373
 0.66837 0.31105 0.0181866 0.00211372 0.000279011
 0.65568 0.334923 0.00918556 0.000190813 2.08011e-05
 0.588771 0.395311 0.0157595 0.000155027 2.96257e-06
 0.526114 0.420047 0.0528295 0.00100086 8.43424e-06
 0.577977 0.358972 0.0593913 0.00360239 5.79082e-05
 0.41458 0.495786 0.0822699 0.00700052 0.000363679
 0.486791 0.365966 0.134154 0.0121712 0.000918826
 0.563936 0.3474 0.0735433 0.0139748 0.00114678
 0.453097 0.434975 0.0981335 0.0117562 0.00203841
 0.542625 0.331154 0.110569 0.0139987 0.00165333
 0.447431 0.447509 0.0872787 0.0158899 0.0018918
 0.0513318 0.703593 0.217865 0.0232298 0.00398069
pobs_PELACES
 0 0 0 0 0
 0 0 0 0 0
 0 0 0 0 0
 0 0 0 0 0
 0 0 0 0 0
 0 0 0 0 0
 0 0 0 0 0
 0 0 0 0 0
 0 0 0 0 0
 0 0 0 0 0
 0.450072 0.473896 0.0757376 0.000293798 0
 0 0 0 0 0
 0.463077 0.371075 0.160297 0.00555027 0
 0.529543 0.364841 0.0842815 0.0213345 0
 0.631943 0.363953 0.00410389 0 0
 0.735681 0.248677 0.0153453 0.000297389 0
 0.695825 0.281241 0.0229344 0 0
 0.275771 0.60734 0.115278 0.00161068 0
 0 0 0 0 0
 0.896147 0.0623911 0.0374545 0.00400742 0
 0.803859 0.145111 0.0509908 3.86294e-05 0
 0.739449 0.233085 0.0266225 0.000797448 4.60066e-05
 0.878498 0.100942 0.0204185 0.000141795 0
 0.694673 0.275183 0.0284847 0.00165964 0
 0.469039 0.446079 0.0841089 0.000773354 0
ppred_PELACES
 0.0440797 0.516259 0.377314 0.0623437 3.99021e-06
 0.0912807 0.0884431 0.54439 0.242473 0.0334136
 0.0405353 0.268785 0.110269 0.408801 0.17161
 0.302107 0.099823 0.264284 0.0628145 0.270972
 0.772403 0.13751 0.0217798 0.0340337 0.0342737
 0.328107 0.613418 0.0437029 0.00416654 0.0106055
 0.831044 0.101168 0.0644627 0.00261715 0.000708207
 0.589576 0.38829 0.0160496 0.00583603 0.000247711
 0.664744 0.276264 0.0572247 0.00134409 0.000423015
 0.705706 0.254073 0.0359293 0.00418556 0.000106144
 0.520936 0.423647 0.0508706 0.00413558 0.00041065
 0.490584 0.395862 0.10585 0.00717373 0.000530762
 0.752519 0.197123 0.0433978 0.00656481 0.000396094
 0.859228 0.134295 0.00571501 0.00067222 8.92711e-05
 0.851024 0.145994 0.00291427 6.12675e-05 6.71947e-06
 0.707916 0.28213 0.00985394 9.87177e-05 1.89824e-06
 0.648816 0.315452 0.03505 0.000676438 5.73587e-06
 0.667338 0.286317 0.0436028 0.00269791 4.36407e-05
 0.475757 0.446622 0.0711158 0.00618174 0.000323169
 0.580463 0.305632 0.103588 0.00958858 0.000728398
 0.607851 0.313455 0.065021 0.0126304 0.00104302
 0.502297 0.397646 0.087477 0.0107111 0.00186895
 0.606735 0.287971 0.0919846 0.0118954 0.00141378
 0.50976 0.399852 0.0748085 0.0139128 0.00166687
 0.0713328 0.700747 0.202133 0.0219945 0.00379269
pobs_pel_tallas
 0 0 0 0 0 0 0 0 0 0 0 0 0 0 0 0 0 0 0 0 0 0 0 0 0 0 0 0 0 0 0 0 0 0 0 0
 0 0 0 0 0 0 0 0 0 0 0 0 0 0 0 0 0 0 0 0 0 0 0 0 0 0 0 0 0 0 0 0 0 0 0 0
 0 0 0 0 0 0 0 0 0 0 0 0 0 0 0 0 0 0 0 0 0 0 0 0 0 0 0 0 0 0 0 0 0 0 0 0
 0 0 0 0 0 0 0 0 0 0 0 0 0 0 0 0 0 0 0 0 0 0 0 0 0 0 0 0 0 0 0 0 0 0 0 0
 0 0 0 0 0 0 0 0 0 0 0 0 0 0 0 0 0 0 0 0 0 0 0 0 0 0 0 0 0 0 0 0 0 0 0 0
 0 0 0 0 0 0 0 0 0 0 0 0 0 0 0 0 0 0 0 0 0 0 0 0 0 0 0 0 0 0 0 0 0 0 0 0
 0 0 0 0 0 0 0 0 0 0 0 0 0 0 0 0 0 0 0 0 0 0 0 0 0 0 0 0 0 0 0 0 0 0 0 0
 0 0 0 0 0 0 0 0 0 0 0 0 0 0 0 0 0 0 0 0 0 0 0 0 0 0 0 0 0 0 0 0 0 0 0 0
 0 0 0 0 0 0 0 0 0 0 0 0 0 0 0 0 0 0 0 0 0 0 0 0 0 0 0 0 0 0 0 0 0 0 0 0
 0 0 0 0 0 0 0 0 0 0 0 0 0 0 0 0 0 0 0 0 0 0 0 0 0 0 0 0 0 0 0 0 0 0 0 0
 0 0 0 0 0 0 0 0 1.78061e-05 0.00172719 0.00360574 0.0105946 0.0120993 0.0124554 0.0147524 0.0171206 0.0266825 0.0428682 0.0675386 0.121331 0.153587 0.119568 0.100827 0.0573624 0.0630603 0.0341343 0.0324427 0.0444173 0.0211091 0.0280891 0.0125444 0.00206551 0 0 0 0
 0 0 0 0 0 0 0 0 0 0 0 0 0 0 0 0 0 0 0 0 0 0 0 0 0 0 0 0 0 0 0 0 0 0 0 0
 0 0 0 0 0 0 0.0133647 0.0140871 0.0187388 0.0205184 0.03894 0.0496705 0.03968 0.0493445 0.0407372 0.0367815 0.0215668 0.0243155 0.0234873 0.0199281 0.019796 0.0243948 0.0301388 0.0376714 0.0412746 0.0863199 0.0771752 0.113111 0.0741005 0.0525337 0.0229764 0.00759418 0.00175318 0 0 0
 0 0 0 0 0 0 0 0 0 0 0.00219441 0.00772107 0.0458388 0.0604681 0.0671733 0.0775358 0.0609151 0.0617685 0.073594 0.0568108 0.0755445 0.0548602 0.0670107 0.0636378 0.0643287 0.046367 0.0373049 0.0286899 0.0247887 0.0153202 0.00654259 0.00121912 0.000365735 0 0 0
 0 0 0 0 0 0 0 0 0 0 0 0 0.000112435 0.00938835 0.0111873 0.0202946 0.0414886 0.0713402 0.111592 0.104902 0.108894 0.110636 0.117776 0.105296 0.107544 0.0401394 0.0192827 0.0124803 0.00416011 0.0028671 0.000618394 0 0 0 0 0
 0 0 0 0 0 0 0 0 0 0 0.00291406 0.0102884 0.027416 0.0768956 0.0749926 0.110853 0.0956884 0.0897413 0.0766577 0.0534642 0.0500743 0.0551293 0.0594112 0.0620874 0.0668451 0.0424026 0.0208742 0.0120726 0.0048766 0.00582813 0.00118941 0.000297354 0 0 0 0
 0 0.00264628 0.0354308 0.0461629 0.0458689 0.0383711 0.0214643 0.0164657 0.0346957 0.0420465 0.0363128 0.0245516 0.0311673 0.0291091 0.0169068 0.0133784 0.00837989 0.0085269 0.0148486 0.0160247 0.0276389 0.0546898 0.0760071 0.122758 0.109233 0.0665981 0.0333725 0.0166128 0.00676272 0.00308733 0.000882094 0 0 0 0 0
 0 0 0 0 0 0 0 0.000805153 0.000690131 0.00759144 0.0133425 0.0154129 0.00931677 0.000345066 0.00356568 0.00563607 0.00851162 0.0253048 0.0502646 0.0516448 0.0657925 0.0565908 0.0611916 0.0827007 0.0866115 0.110766 0.145733 0.0935128 0.0569358 0.0249597 0.0138026 0.00621118 0.00161031 0.00115022 0 0
 0 0 0 0 0 0 0 0 0 0 0 0 0 0 0 0 0 0 0 0 0 0 0 0 0 0 0 0 0 0 0 0 0 0 0 0
 0.00147267 0.00158595 0.00478618 0.00569244 0.00954404 0.0108468 0.00647125 0.017049 0.0510054 0.094081 0.124002 0.0959785 0.0687766 0.0820023 0.061753 0.0591476 0.0492212 0.0479892 0.0443925 0.0268479 0.0217502 0.0140895 0.0121071 0.0120363 0.00920419 0.00665534 0.0049561 0.00860946 0.00930331 0.0156896 0.0114698 0.00855282 0.00243557 0.00046729 0 2.83206e-05
 0 0 0 0 0.000772559 0.00158375 0.000888443 0.00281984 0.00712685 0.0440552 0.0773331 0.111326 0.0921469 0.0852325 0.0710754 0.0886704 0.0786465 0.0553345 0.0373146 0.0185414 0.00753245 0.00457741 0.012979 0.0271748 0.0457355 0.0583668 0.034881 0.0177882 0.00938659 0.00492506 0.0015258 0.00185414 0.000309023 5.79419e-05 3.86279e-05 0
 0 0.00173294 0.00326652 0 0.00397197 0.00683976 0.00946217 0.0152591 0.00757587 0.0136028 0.0228656 0.0392903 0.0559909 0.0764795 0.0681675 0.0726916 0.0566044 0.0477403 0.0527397 0.0444891 0.0609904 0.0582453 0.0661739 0.0445044 0.0529084 0.0360697 0.0280645 0.0235558 0.0158879 0.00826598 0.00280645 0.00217768 0.000904811 0.00058276 9.20147e-05 0
 0 0 0 0 0 0 0 0 0 0 0 0 0 0 0 0 0 0 0 0 0 0 0 0 0 0 0 0 0 0 0 0 0 0 0 0
 0 0 0 0 0 0 0 0 0 0 0 0 0 0 0 0 0 0 0 0 0 0 0 0 0 0 0 0 0 0 0 0 0 0 0 0
 0 0 0 0 0 0 0 0 0 0 0 0 0 0 0 0 0 0 0 0 0 0 0 0 0 0 0 0 0 0 0 0 0 0 0 0
ppred_pel_tallas
 1.07667e-16 1.95654e-06 1.13983e-05 5.40065e-05 0.000207634 0.000647212 0.00163537 0.00335048 0.00557025 0.00753056 0.00832632 0.00765763 0.00616589 0.00498257 0.00501405 0.00665366 0.0099624 0.0149116 0.0214356 0.0293427 0.0382224 0.0474286 0.0561531 0.0635667 0.068984 0.0719941 0.0725212 0.0707927 0.0672405 0.0623742 0.0566717 0.0505184 0.0441982 0.0379176 0.031841 0.0261144
 1.1765e-16 3.99752e-06 2.34197e-05 0.000111244 0.000428159 0.00133502 0.0033722 0.00690102 0.0114436 0.0153819 0.0167744 0.0148819 0.0108417 0.00671504 0.004003 0.00307922 0.0036382 0.00532025 0.00797381 0.0116124 0.0162937 0.0220318 0.0287511 0.0362659 0.0442755 0.0523737 0.0600714 0.0668343 0.0721359 0.0755211 0.0766701 0.0754524 0.0719555 0.0664778 0.0594889 0.0515603
 1.23719e-16 1.79045e-06 1.04498e-05 4.95557e-05 0.000190597 0.00059416 0.00150106 0.0030737 0.00510408 0.00688229 0.0075623 0.00684432 0.00527958 0.00385198 0.00332068 0.00396271 0.00575653 0.00863351 0.0125616 0.0174965 0.0233129 0.0297785 0.0365754 0.0433548 0.0497998 0.0556702 0.060814 0.06514 0.0685719 0.0710041 0.0722857 0.0722406 0.0707183 0.0676523 0.0631077 0.0572964
 1.18604e-16 1.319e-05 7.73889e-05 0.000367823 0.00141606 0.00441575 0.0111538 0.0228228 0.0378336 0.0508164 0.0553169 0.0488378 0.0350575 0.0206609 0.0104143 0.00527589 0.00387923 0.00461866 0.00655472 0.00933042 0.0128449 0.0170426 0.0218333 0.0270761 0.032585 0.0381393 0.0434908 0.0483707 0.0524988 0.0556008 0.0574357 0.0578292 0.0567077 0.0541186 0.0502335 0.0453298
 1.03125e-16 3.36985e-05 0.000197789 0.000940212 0.00361989 0.0112883 0.0285133 0.0583417 0.0967066 0.129871 0.141315 0.124627 0.0891614 0.0519329 0.0250129 0.0106934 0.00527951 0.00442841 0.00548367 0.00728957 0.00939226 0.0115388 0.0135075 0.0150949 0.0161505 0.0166076 0.016494 0.0159161 0.0150235 0.0139668 0.0128638 0.0117821 0.0107422 0.00973271 0.0087309 0.00772029
 1.01459e-16 1.43446e-05 8.412e-05 0.000399719 0.00153869 0.00479803 0.0121201 0.0248035 0.0411306 0.0552858 0.0602899 0.0534842 0.0389493 0.0240694 0.0141804 0.0104992 0.0116919 0.0160729 0.0225108 0.0302709 0.0386389 0.0467412 0.0535895 0.0582546 0.0600774 0.058828 0.0547616 0.0485439 0.0410807 0.0333048 0.0259928 0.0196557 0.0145198 0.0105763 0.00766748 0.00557339
 1.01072e-16 3.62543e-05 0.000212796 0.00101156 0.00389463 0.0121451 0.0306774 0.0627693 0.104044 0.139721 0.152022 0.134044 0.0958423 0.0557109 0.0266207 0.0110178 0.00490773 0.00360498 0.00425114 0.00562104 0.00726536 0.00896799 0.0105528 0.0118555 0.0127454 0.0131494 0.0130636 0.0125462 0.0116964 0.010628 0.0094453 0.00823005 0.0070384 0.00590574 0.00485446 0.00390027
 1.00567e-16 2.57367e-05 0.000151023 0.000717827 0.00276356 0.00861782 0.0217682 0.0445426 0.0738418 0.0991898 0.107997 0.0954013 0.0685968 0.0406491 0.020876 0.0111474 0.00875747 0.0104651 0.0142315 0.0190386 0.0242615 0.0293051 0.0335349 0.0363631 0.0373762 0.0364354 0.0337117 0.029638 0.0247989 0.0197953 0.0151259 0.0111175 0.00791228 0.00549924 0.00377021 0.0025758
 1.00969e-16 2.90099e-05 0.000170249 0.000809255 0.00311562 0.00971573 0.0245413 0.0502158 0.0832419 0.111803 0.121693 0.107411 0.0770405 0.0452676 0.0225411 0.0109029 0.00723998 0.00785988 0.0104742 0.0140165 0.017943 0.0218113 0.0251663 0.0275815 0.0287453 0.0285317 0.027027 0.0244998 0.0213286 0.0179113 0.0145866 0.0115869 0.00902948 0.00693632 0.0052682 0.00395854
 1.00742e-16 3.07951e-05 0.000180732 0.000859097 0.00330753 0.0103142 0.026053 0.0533086 0.0883675 0.118683 0.129172 0.113989 0.0817067 0.0479051 0.0236603 0.0111208 0.00696189 0.00724833 0.00954615 0.0127351 0.0162702 0.0197326 0.0227018 0.0247884 0.025712 0.0253663 0.0238428 0.021402 0.0184044 0.0152252 0.0121804 0.00948273 0.00723347 0.00544176 0.00405813 0.00300779
 1.01022e-16 2.27452e-05 0.000133456 0.000634308 0.00244198 0.00761496 0.0192351 0.03936 0.0652527 0.08766 0.0954636 0.0843774 0.0607744 0.0362233 0.0189895 0.0107637 0.00919421 0.0114464 0.0157255 0.0211047 0.0269637 0.0326704 0.0375359 0.0409135 0.0423396 0.0416429 0.0389844 0.0348075 0.0297234 0.024366 0.0192678 0.0147857 0.0110866 0.00818004 0.00597563 0.00433917
 1.01903e-16 2.14207e-05 0.000125683 0.000597355 0.00229971 0.00717131 0.0181145 0.0370669 0.0614512 0.0825534 0.0899035 0.0794654 0.057242 0.0341295 0.0179149 0.0101952 0.00876296 0.0109593 0.0151077 0.0203514 0.0261229 0.0318414 0.0368652 0.0405816 0.042535 0.0425294 0.0406674 0.0373099 0.0329749 0.028212 0.0234927 0.0191459 0.0153453 0.0121371 0.00948592 0.00732027
 1.00925e-16 3.28341e-05 0.000192708 0.000916042 0.00352681 0.010998 0.0277801 0.056842 0.0942226 0.12654 0.137706 0.121479 0.0869861 0.0508203 0.0247656 0.0110816 0.00619329 0.005885 0.00756401 0.0100706 0.0128954 0.015695 0.0181406 0.0199274 0.0208319 0.0207615 0.0197737 0.0180546 0.0158679 0.0134913 0.0111608 0.00903845 0.00720628 0.00568081 0.00443726 0.00343311
 1.00153e-16 3.74845e-05 0.000220016 0.00104588 0.00402674 0.012557 0.031718 0.0648988 0.107575 0.144464 0.157188 0.138611 0.0991347 0.057678 0.0276587 0.0116124 0.00541246 0.00421091 0.00503786 0.00659791 0.00838401 0.0101214 0.0115779 0.0125482 0.0128889 0.0125522 0.0115977 0.0101756 0.00848906 0.00674678 0.00512226 0.00372946 0.00261809 0.00178471 0.00119176 0.000787073
 1.00092e-16 3.71272e-05 0.000217917 0.0010359 0.00398831 0.0124372 0.0314154 0.0642796 0.106549 0.143087 0.155693 0.1373 0.0982124 0.0571725 0.0274746 0.0116351 0.00557195 0.00448643 0.00543605 0.00713116 0.00905649 0.0109213 0.0124747 0.0134938 0.0138244 0.0134165 0.0123377 0.0107548 0.00889187 0.00697877 0.00520602 0.00369813 0.00250841 0.0016311 0.00102251 0.000622649
 1.00236e-16 3.08925e-05 0.000181302 0.000861799 0.00331793 0.0103466 0.0261349 0.0534763 0.0886463 0.11906 0.129587 0.114369 0.082008 0.0481398 0.0238834 0.0114025 0.00736966 0.00783923 0.0103627 0.0137969 0.0175624 0.0211963 0.0242314 0.0262396 0.026921 0.0261767 0.0241341 0.0211116 0.0175387 0.0138566 0.010432 0.00750525 0.00518079 0.00345023 0.00223266 0.00141592
 1.00624e-16 2.83169e-05 0.000166177 0.000789889 0.00304105 0.00948316 0.0239539 0.0490141 0.0812513 0.109133 0.118797 0.10488 0.0752775 0.0443378 0.0222741 0.0110971 0.00778455 0.00874101 0.0117274 0.015677 0.0200107 0.0242298 0.0278155 0.0302858 0.0312964 0.0307219 0.0286855 0.0255214 0.0216889 0.0176642 0.0138472 0.0105054 0.00776337 0.00562696 0.00402596 0.00285676
 1.00808e-16 2.91234e-05 0.000170915 0.000812418 0.00312779 0.00975369 0.0246372 0.050412 0.0835674 0.112241 0.122171 0.107838 0.0773552 0.0454704 0.0226748 0.0110207 0.00738504 0.0080608 0.0107476 0.0143675 0.0183635 0.0222766 0.0256356 0.028001 0.0290558 0.0286786 0.0269711 0.0242249 0.0208452 0.0172545 0.0138092 0.0107503 0.00819392 0.0061526 0.00457288 0.00337225
 1.01383e-16 2.07761e-05 0.000121894 0.000579334 0.00223031 0.00695487 0.0175678 0.0359488 0.0595993 0.0800709 0.0872138 0.077121 0.0556249 0.0333086 0.017745 0.0105064 0.00947392 0.0120803 0.0166914 0.0224404 0.0287103 0.0348454 0.0401219 0.0438555 0.0455509 0.0450166 0.0424076 0.0381751 0.0329468 0.0273777 0.0220209 0.0172508 0.0132483 0.0100347 0.00752968 0.00560815
 1.01934e-16 2.53362e-05 0.000148678 0.000706698 0.00272074 0.00848429 0.0214308 0.0438518 0.0726945 0.0976428 0.106297 0.0938629 0.0674108 0.0397871 0.0201432 0.0102962 0.00756319 0.00874887 0.0118675 0.0159734 0.020545 0.0251169 0.0291915 0.0322922 0.0340589 0.0343261 0.0331542 0.0307997 0.0276409 0.0240833 0.0204789 0.0170778 0.0140195 0.0113529 0.00906977 0.00713651
 1.01508e-16 2.65306e-05 0.00015569 0.000740033 0.00284908 0.00888453 0.0224418 0.0459203 0.0761233 0.102247 0.111307 0.0982801 0.0705686 0.041621 0.0210155 0.0106474 0.00769854 0.00881324 0.0119027 0.0159698 0.0204651 0.0249044 0.0287764 0.031599 0.0330185 0.0328897 0.0313062 0.0285662 0.0250905 0.0213214 0.0176337 0.0142835 0.0113987 0.00900249 0.00705261 0.00547894
 1.01827e-16 2.19315e-05 0.000128681 0.000611611 0.0023546 0.00734248 0.0185468 0.0379516 0.0629175 0.0845223 0.0920453 0.081353 0.0585894 0.0349081 0.0182778 0.0103284 0.0087941 0.0109468 0.015066 0.020274 0.0259931 0.031637 0.0365613 0.0401541 0.0419649 0.0418075 0.0397985 0.0363144 0.0318886 0.0270824 0.0223729 0.0180881 0.0143938 0.0113231 0.00882555 0.00681417
 1.01875e-16 2.6481e-05 0.000155401 0.000738663 0.00284382 0.00886812 0.0224003 0.0458353 0.0759816 0.102055 0.111093 0.0980787 0.0703976 0.0414676 0.0208416 0.0104035 0.00733401 0.00828146 0.0111675 0.0150143 0.0193033 0.0235899 0.0274043 0.0302988 0.0319361 0.0321633 0.0310403 0.028812 0.0258371 0.0224987 0.0191279 0.015958 0.0131171 0.0106468 0.00853528 0.00674721
 1.01749e-16 2.22569e-05 0.000130592 0.000620694 0.00238957 0.00745154 0.0188223 0.0385152 0.0638518 0.085777 0.0934104 0.0825566 0.0594497 0.0354076 0.0185151 0.0104234 0.00882962 0.0109619 0.0150717 0.0202669 0.0259623 0.0315662 0.036431 0.0399435 0.0416557 0.0413878 0.0392665 0.0356802 0.0311746 0.0263205 0.0216011 0.0173443 0.0137116 0.0107273 0.00833036 0.00642299
 1.04031e-16 3.15197e-06 1.84006e-05 8.72607e-05 0.000335611 0.00104626 0.00264354 0.00541459 0.00899634 0.0121455 0.0133847 0.0122059 0.00960956 0.00736907 0.0068698 0.00864323 0.0126662 0.018769 0.0267436 0.0362265 0.0465726 0.0568419 0.065917 0.0727144 0.0764225 0.0766834 0.0736631 0.0679804 0.0605315 0.0522694 0.0440132 0.0363361 0.0295451 0.0237285 0.0188379 0.0147647
pSPR Fmed_Fpbrs
0.337085   0.6 0.325
Fs Fmed_Fpbrs
1.41831   0.4346 1.51214
SSBpbr Bo_Bmed_Bpbrs
861729  247390  473951 236975
Ro
18033.7
SPR SPRFo_SPRFmed_SPRFpbrs
370373 124847 120371
log_Ro
9.62
likeval ReclasPelacesDesembMPH_pf_preclas_ppelaces_ptallas_desvR_qrecl_qpela
 69.3323 13.6995 0.236309 0.00016043 366.511 196.092 84.876 0 39.582 0.000141115 0.000642763 2.76218e-15 0 0 0
q_reclas_q_pelaces
5.38346 36.853
M
0.7
N
 11015.7 40535 14979.8 1958.45 0.11874
 16406.7 5380.99 17158.7 6052.18 790.062
 1906.99 7932.19 2060.84 6091.47 2422.81
 5027.41 846.54 1326.51 250.8 1025.02
 38946.5 2296.84 187.143 231.525 220.87
 13358.8 18886 905.554 68.9754 166.356
 64430.6 5778.78 2457.23 79.6812 20.4303
 56059.2 27972.1 778.619 226.205 9.09745
 61940.8 24243.8 3630.07 68.2847 20.3642
 111943 25992.9 2348.93 218.237 5.24374
 69942.8 49502.6 4187.78 272.42 25.632
 48831 29673.3 5332.76 288.736 20.2416
 55150 21135.5 3882.19 472.606 27.0239
 29415.7 21774.8 1133.28 108.67 13.6814
 12150.1 9871.71 240.999 4.13043 0.429457
 9048.71 4077.48 109.258 0.878365 0.0160056
 7182.85 3702.38 309.052 4.78299 0.0384329
 8951.86 2965.24 305.974 15.129 0.231882
 7347.98 3861.31 375.195 25.9705 1.28632
 8438.58 3313.69 752.467 55.639 4.00481
 14892.8 3657.38 439.232 67.8208 5.30603
 17542.7 6868.05 885.544 86.2256 14.2539
 29589.7 8047.96 1580.76 162.823 18.3348
 30220.2 13300.7 1519.71 225.068 25.5477
 1970.54 13623.8 2583.69 224.434 36.6693
pred_Ctot
 129.359 4341.5 2032.04 267.517 0.0162224
 312.044 898.607 3586.62 1273.37 166.256
 146.409 4020.12 1208.47 3586.35 1426.58
 290.607 353.572 655.889 124.595 509.282
 658.849 344.915 35.2947 43.9568 41.9411
 1248.13 10789.7 588.017 44.9437 108.406
 5871.82 3253.97 1576.31 51.2959 13.1535
 5247.13 15997.4 506.034 147.521 5.93349
 6969.48 15328.9 2562.34 48.3403 14.4174
 8873.97 13444.5 1401.81 130.752 3.14198
 7393.73 30293.4 2878.51 187.831 17.6744
 4544.59 16914.5 3456.27 187.785 13.1657
 8235.28 15216.7 3034.82 370.23 21.1711
 7014.14 18186.8 988.366 94.8774 11.9452
 2897.17 8245.1 210.183 3.60618 0.374959
 1158.52 2745.88 81.0999 0.653649 0.0119116
 880.657 2442.83 225.725 3.50271 0.0281474
 852.738 1713.03 200.539 9.94948 0.152509
 488.173 1778.17 202.353 14.0681 0.696876
 778.123 1878.75 485.496 36.0241 2.5932
 767.215 1403.8 201.228 31.2265 2.44336
 965.286 2767.78 423.994 41.4847 6.85868
 2029.16 3786.77 868.844 89.8797 10.1221
 2014.29 6138.79 821.237 122.158 13.8678
 171.584 7466.57 1620.01 141.238 23.0785
F
 0.0164478 0.159658 0.206282 0.207857 0.207898
 0.0267604 0.259761 0.335617 0.338181 0.338248
 0.112124 1.08838 1.40621 1.41695 1.41723
 0.083372 0.809285 1.04561 1.0536 1.05381
 0.0237708 0.230741 0.298123 0.3004 0.30046
 0.137982 1.33938 1.73051 1.74373 1.74408
 0.134381 1.30443 1.68535 1.69822 1.69856
 0.138247 1.34196 1.73384 1.74708 1.74743
 0.168354 1.6342 2.11142 2.12755 2.12797
 0.115964 1.12565 1.45437 1.46548 1.46577
 0.15743 1.52816 1.97441 1.98949 1.98989
 0.137412 1.33385 1.72336 1.73653 1.73687
 0.229304 2.22584 2.87583 2.8978 2.89838
 0.391856 3.80372 4.91449 4.95202 4.95301
 0.391856 3.80372 4.91448 4.95202 4.95301
 0.193648 1.87972 2.42865 2.4472 2.44768
 0.184737 1.79323 2.31689 2.33459 2.33505
 0.140855 1.36727 1.76654 1.78003 1.78039
 0.0963646 0.935404 1.20856 1.21779 1.21804
 0.136067 1.32079 1.70649 1.71952 1.71986
 0.0739988 0.718301 0.92806 0.935149 0.935335
 0.0792195 0.768978 0.993536 1.00113 1.00132
 0.0996092 0.966899 1.24925 1.2588 1.25905
 0.096694 0.938601 1.21269 1.22196 1.2222
 0.128044 1.24292 1.60588 1.61814 1.61846
nmprior
 10.6 11 7 0
nm_flota  nm_reclas  nm_pelaces    nm_pelaL
inf 20.3372 8.21261 15.4463
cv_recla  cv_pelaces  cv_mph
0.75317 0.419687 0.410942
 ------------------------------------------------
Talla a la edad & desviación 
 7.2 14.2025 17.0495 18.207 18.6776
 1.08 2.13037 2.55742 2.73105 2.80164
