years
 1997 1998 1999 2000 2001 2002 2003 2004 2005 2006 2007 2008 2009 2010 2011 2012 2013 2014 2015 2016 2017 2018 2019 2020 2021
reclasobs
 0 0 0 370054 412103 1.49427e+06 250295 1.28982e+06 931140 785840 897777 1.04006e+06 184774 17550 25797 100020 73551 82996 120727 218422 84188 347160 605670 569463 516374
reclaspred
 747119 169466 377904 203952 325420 402364 876704 635850 720654 823708 751535 527046 322347 129960 73256.1 68195.2 79498.3 106308 115618 145477 223476 217658 364414 433177 440746
pelacesobs
 0 0 0 0 0 0 0 0 0 2.06254e+06 1.5e+06 0 1.87456e+06 323000 250000 174000 83755 137374 0 501740 490994 745055 786931 1.00524e+06 1.33801e+06
pelacespred
 2.56877e+06 689064 679106 695819 995268 922121 2.45204e+06 2.02961e+06 2.09922e+06 2.48034e+06 1.92627e+06 1.3955e+06 833672 260577 151961 155841 190344 267889 294374 358901 658140 619454 785242 1.11801e+06 1.13131e+06
mphobs
 0 0 0 0 0 112323 0 153150 637223 0 255016 313432 73983 77613 109348 50772 0 0 0 0 0 0 0 0 0
mphpred
 264958 133178 130110 98636.6 102318 181581 241926 326199 288959 322983 377045 262067 164207 88116.8 38677.6 29511.3 30822.5 39234 48943.4 53042 77367.5 98042.8 119551 164151 200304
desembarqueobs
 350755 77701 442110 56441 14545 235359 269955 359681 431902 328805 639364 411747 362871 311530 167758 66681 60226 58785 57116 73181 50977 67692 138656 160484 209506
desembarquepred
 350746 77687.2 441936 56440.3 14545 235409 269995 359525 431806 328729 638937 411549 362687 311382 167455 66657.6 60241.2 58756.7 57083.5 73161.2 50976.1 67668.4 138638 160472 209485
Reclutas
 32071.6 42741.8 14952.8 21657.4 46765.6 30243.6 67493.5 66354.8 86624.2 117600 66184.9 47421.9 50853.4 27550.4 13815.6 11500.4 8739.77 10068.6 10107.6 15113.8 20941.1 25932.1 40838.3 45253.4 15216.7
log_desv_Rt
 0.0957258 0.382933 -0.667347 -0.296895 0.472903 0.0370398 0.839786 0.822772 1.08933 1.39505 0.820207 0.48684 0.556703 -0.0562277 -0.746443 -0.929863 -1.20436 -1.06283 -1.05896 -0.656634 -0.330533 -0.116763 0.337375 0.440032 -0.64985
SSB
 524613 263691 257616 195299 202587 359526 479010 645868 572133 639500 746542 518888 325127 174470 76580.9 58431.9 61027.9 77682.6 96907.2 105022 153186 194123 236709 325017 396599
BT
 1.51093e+06 393249 538892 342030 444456 523777 1.36748e+06 1.2659e+06 1.37186e+06 1.42271e+06 1.36829e+06 957469 736799 411015 212871 124869 133894 166182 165381 213964 328547 298048 408630 587021 590664
Ftot
 0.602455 0.649758 1.24689 0.369039 0.0695156 0.646263 0.460365 0.77299 0.875725 0.591935 0.999147 0.940756 1.51628 2.72041 2.89022 1.27692 1.02211 0.760087 0.6035 0.684086 0.313018 0.384812 0.471947 0.473676 0.518919
BD_Bspro_t
 0.924363 0.654201 0.54505 0.311678 0.441664 0.639288 0.563687 0.598962 0.530148 0.510442 0.515185 0.356706 0.259682 0.174932 0.0951856 0.0897981 0.127466 0.210655 0.300141 0.373049 0.494266 0.617977 0.62527 0.626854 0.608921
BD_Bspro
 0.876472 0.440549 0.430399 0.326286 0.338463 0.600662 0.800283 1.07905 0.955864 1.06841 1.24725 0.866907 0.54319 0.291487 0.127944 0.0976223 0.101959 0.129785 0.161903 0.175461 0.255929 0.324322 0.39547 0.543007 0.662599
BD_Bo
 0.664993 0.334251 0.326551 0.247558 0.256797 0.455731 0.607187 0.818694 0.725229 0.810622 0.946307 0.657735 0.412127 0.221156 0.097073 0.0740676 0.0773582 0.0984696 0.122838 0.133125 0.194177 0.246068 0.300049 0.411987 0.502724
BD_Brms
 2.19328 1.10243 1.07703 0.816499 0.84697 1.5031 2.00263 2.70022 2.39195 2.6736 3.12112 2.16935 1.35928 0.729417 0.320167 0.24429 0.255144 0.324773 0.405146 0.439074 0.640436 0.811583 0.989625 1.35882 1.65809
S_f
 0.136501 1 1 1 1
 0.136501 1 1 1 1
 0.136501 1 1 1 1
 0.136501 1 1 1 1
 0.136501 1 1 1 1
 0.136501 1 1 1 1
 0.136501 1 1 1 1
 0.136501 1 1 1 1
 0.136501 1 1 1 1
 0.136501 1 1 1 1
 0.136501 1 1 1 1
 0.136501 1 1 1 1
 0.136501 1 1 1 1
 0.136501 1 1 1 1
 0.136501 1 1 1 1
 0.136501 1 1 1 1
 0.136501 1 1 1 1
 0.136501 1 1 1 1
 0.136501 1 1 1 1
 0.136501 1 1 1 1
 0.136501 1 1 1 1
 0.136501 1 1 1 1
 0.136501 1 1 1 1
 0.136501 1 1 1 1
 0.136501 1 1 1 1
Scru_reclas
 0.48844 0.827758 0.9603 0.991853 0.998371
 0.48844 0.827758 0.9603 0.991853 0.998371
 0.48844 0.827758 0.9603 0.991853 0.998371
 0.48844 0.827758 0.9603 0.991853 0.998371
 0.48844 0.827758 0.9603 0.991853 0.998371
 0.48844 0.827758 0.9603 0.991853 0.998371
 0.48844 0.827758 0.9603 0.991853 0.998371
 0.48844 0.827758 0.9603 0.991853 0.998371
 0.48844 0.827758 0.9603 0.991853 0.998371
 0.48844 0.827758 0.9603 0.991853 0.998371
 0.48844 0.827758 0.9603 0.991853 0.998371
 0.48844 0.827758 0.9603 0.991853 0.998371
 0.48844 0.827758 0.9603 0.991853 0.998371
 0.48844 0.827758 0.9603 0.991853 0.998371
 0.48844 0.827758 0.9603 0.991853 0.998371
 0.48844 0.827758 0.9603 0.991853 0.998371
 0.48844 0.827758 0.9603 0.991853 0.998371
 0.48844 0.827758 0.9603 0.991853 0.998371
 0.48844 0.827758 0.9603 0.991853 0.998371
 0.48844 0.827758 0.9603 0.991853 0.998371
 0.48844 0.827758 0.9603 0.991853 0.998371
 0.48844 0.827758 0.9603 0.991853 0.998371
 0.48844 0.827758 0.9603 0.991853 0.998371
 0.48844 0.827758 0.9603 0.991853 0.998371
 0.48844 0.827758 0.9603 0.991853 0.998371
Scru_pelaces
 0.5667 1 1 1 1
 0.5667 1 1 1 1
 0.5667 1 1 1 1
 0.5667 1 1 1 1
 0.5667 1 1 1 1
 0.5667 1 1 1 1
 0.5667 1 1 1 1
 0.5667 1 1 1 1
 0.5667 1 1 1 1
 0.5667 1 1 1 1
 0.5667 1 1 1 1
 0.5667 1 1 1 1
 0.5667 1 1 1 1
 0.5667 1 1 1 1
 0.5667 1 1 1 1
 0.5667 1 1 1 1
 0.5667 1 1 1 1
 0.5667 1 1 1 1
 0.5667 1 1 1 1
 0.5667 1 1 1 1
 0.5667 1 1 1 1
 0.5667 1 1 1 1
 0.5667 1 1 1 1
 0.5667 1 1 1 1
 0.5667 1 1 1 1
pf_obs 
 0.256992 0.487395 0.22802 0.0275931 0
 0.321318 0.546541 0.124235 0.00734118 0.000564706
 0.182869 0.594174 0.210203 0.0122559 0.00049798
 0.330522 0.361315 0.267642 0.0388342 0.00168674
 0.649043 0.306663 0.0425973 0.00169635 0
 0.582887 0.30429 0.105238 0.00758474 0
 0.465427 0.430635 0.0974691 0.00646863 0
 0.296916 0.608066 0.0921331 0.00288517 0
 0.311714 0.524322 0.152257 0.0117073 0
 0.15457 0.633149 0.183074 0.0267441 0.00246327
 0.131901 0.49318 0.331252 0.0422183 0.00144891
 0.196976 0.569456 0.194076 0.0375587 0.00193317
 0.518974 0.381816 0.0799577 0.0180837 0.00116848
 0.0928022 0.601141 0.25162 0.0475244 0.00691264
 0.122501 0.610282 0.24278 0.0234846 0.000952079
 0.383417 0.481906 0.127806 0.00687128 0
 0.0376549 0.599619 0.316969 0.0457579 0
 0.0361596 0.667082 0.258105 0.0386534 0
 0.158088 0.579412 0.248529 0.0139706 0
 0.0477256 0.309471 0.559284 0.082774 0.000745712
 0.0406174 0.521527 0.379366 0.0568643 0.0016247
 0.151134 0.462217 0.34131 0.0453401 0
 0.294876 0.26143 0.354403 0.0886775 0.000613685
 0.281977 0.475581 0.204845 0.0348837 0.00271318
 0.0354234 0.537034 0.353287 0.0723622 0.0018943
pf_pred 
 0.230564 0.534729 0.209011 0.0256866 8.12623e-06
 0.272871 0.544272 0.127079 0.0496717 0.00610637
 0.112154 0.703734 0.137812 0.0321769 0.0141233
 0.257519 0.476443 0.21087 0.0412947 0.0138736
 0.325558 0.507979 0.106817 0.0472767 0.0123686
 0.150699 0.666946 0.137347 0.0288812 0.0161268
 0.337578 0.426174 0.185522 0.0382054 0.0125198
 0.237449 0.628756 0.0860782 0.0374716 0.0102454
 0.294544 0.544704 0.132547 0.0181461 0.0100592
 0.300905 0.578666 0.0929872 0.0226274 0.00481496
 0.160588 0.679576 0.132302 0.0212599 0.0062742
 0.179877 0.575838 0.19777 0.0385024 0.00801295
 0.283934 0.518051 0.139033 0.0477506 0.0112309
 0.256515 0.645388 0.0709705 0.0190469 0.00808019
 0.293032 0.653419 0.0464836 0.0051116 0.00195381
 0.328638 0.632806 0.0356354 0.00253507 0.000385325
 0.236091 0.669142 0.0893248 0.00503017 0.000412233
 0.274234 0.576345 0.130884 0.017472 0.00106454
 0.233842 0.615433 0.119694 0.0271817 0.00384962
 0.299688 0.526684 0.139471 0.0271253 0.0070324
 0.276984 0.59009 0.0999697 0.0264729 0.00648347
 0.238621 0.583319 0.145324 0.0246199 0.0081163
 0.284828 0.525964 0.144959 0.036114 0.0081352
 0.232924 0.603684 0.120164 0.033118 0.0101094
 0.0807142 0.678604 0.189415 0.0377034 0.0135633
pobs_RECLAS
 0 0 0 0 0
 0 0 0 0 0
 0 0 0 0 0
 0 0 0 0 0
 0.835266 0.146461 0.0176864 0.000547809 3.91292e-05
 0.385257 0.428462 0.181853 0.0044286 0
 0.867414 0.0963971 0.0333333 0.00285562 0
 0.441836 0.489002 0.0689373 0.000224442 0
 0.779404 0.147425 0.0564933 0.0165055 0.000172143
 0.814271 0.122319 0.05973 0.00367925 0
 0.40263 0.566651 0.0304383 0.000280538 0
 0.475488 0.404961 0.113038 0.00651328 0
 0.955842 0.0263864 0.0167828 0.000988607 0
 0.975058 0.0227948 0.00214734 0 0
 0.738997 0.206755 0.0527124 0.00153531 0
 0.850938 0.134255 0.0134407 0.00136685 0
 0.542534 0.407297 0.0501686 0 0
 0.764087 0.199537 0.0359546 0.000420521 0
 0.470689 0.182191 0.310203 0.0369168 0
 0.84361 0.089868 0.0606195 0.00523954 0.000663233
 0.607945 0.314616 0.071237 0.00620181 0
 0.523733 0.453247 0.0230204 0 0
 0.530135 0.295979 0.169645 0.0042399 0
 0.562478 0.366248 0.0663022 0.0049721 0
 0.250443 0.683176 0.0655157 0.000865301 0
ppred_RECLAS
 0.563218 0.289061 0.131078 0.0166382 5.29826e-06
 0.620217 0.272489 0.073809 0.0297979 0.00368727
 0.373355 0.479754 0.108994 0.0262845 0.0116127
 0.591515 0.247202 0.126929 0.0256732 0.00868198
 0.667545 0.240069 0.0585646 0.026772 0.00705017
 0.437219 0.426362 0.101862 0.0221232 0.0124344
 0.681947 0.193008 0.0974738 0.0207327 0.00683868
 0.581517 0.334816 0.0531767 0.0239095 0.00658025
 0.651729 0.259035 0.0731262 0.0103401 0.00576965
 0.653743 0.278495 0.0519179 0.0130487 0.00279493
 0.466874 0.41831 0.0944776 0.0156807 0.00465808
 0.494832 0.337828 0.134604 0.0270661 0.0056699
 0.6582 0.236059 0.0734972 0.0260718 0.00617236
 0.685082 0.267324 0.0341035 0.00945337 0.00403671
 0.733069 0.243659 0.0201092 0.00228398 0.000878744
 0.704004 0.276409 0.0180578 0.00132683 0.000203
 0.589331 0.352621 0.0546093 0.00317627 0.000262012
 0.626635 0.286761 0.0755489 0.0104165 0.000638831
 0.571768 0.33297 0.0751278 0.0176216 0.00251207
 0.65177 0.251425 0.0772404 0.0155159 0.00404902
 0.620859 0.30006 0.0589743 0.0161301 0.00397637
 0.572073 0.315492 0.0911847 0.0159556 0.00529454
 0.629902 0.26051 0.0832946 0.0214333 0.00485987
 0.566807 0.32896 0.0759647 0.0216243 0.00664426
 0.273793 0.513402 0.166249 0.0341795 0.0123764
pobs_PELACES
 0 0 0 0 0
 0 0 0 0 0
 0 0 0 0 0
 0 0 0 0 0
 0 0 0 0 0
 0 0 0 0 0
 0 0 0 0 0
 0 0 0 0 0
 0 0 0 0 0
 0 0 0 0 0
 0.450072 0.473896 0.0757376 0.000293798 0
 0 0 0 0 0
 0.463077 0.371075 0.160297 0.00555027 0
 0.529543 0.364841 0.0842815 0.0213345 0
 0.631943 0.363953 0.00410389 0 0
 0.735681 0.248677 0.0153453 0.000297389 0
 0.695825 0.281241 0.0229344 0 0
 0.275771 0.60734 0.115278 0.00161068 0
 0 0 0 0 0
 0.896147 0.0623911 0.0374545 0.00400742 0
 0.803859 0.145111 0.0509908 3.86294e-05 0
 0.739449 0.233085 0.0266225 0.000797448 4.60066e-05
 0.878498 0.100942 0.0204185 0.000141795 0
 0.694673 0.275183 0.0284847 0.00165964 0
 0.469039 0.446079 0.0841089 0.000773354 0
ppred_PELACES
 0.60692 0.273176 0.106777 0.0131225 4.15143e-06
 0.663191 0.252109 0.0588633 0.0230081 0.00282849
 0.458035 0.429578 0.0841243 0.0196417 0.00862121
 0.620947 0.243234 0.107654 0.0210818 0.00708278
 0.672304 0.246815 0.0519002 0.0229706 0.00600963
 0.481802 0.406935 0.0838017 0.0176218 0.00983973
 0.713395 0.18439 0.0802687 0.0165301 0.00541683
 0.631575 0.303782 0.0415885 0.0181043 0.00495005
 0.705408 0.227463 0.0553506 0.00757763 0.00420062
 0.688369 0.257948 0.0414503 0.0100864 0.00214633
 0.535663 0.375921 0.0731852 0.0117603 0.00347069
 0.563581 0.306426 0.105241 0.0204886 0.004264
 0.749018 0.181578 0.0487314 0.0167367 0.00393645
 0.822642 0.153957 0.0169299 0.00454362 0.00192752
 0.858861 0.130448 0.00927996 0.00102048 0.000390058
 0.768383 0.218316 0.012294 0.000874588 0.000132936
 0.652937 0.304008 0.0405825 0.00228533 0.000187288
 0.674227 0.258703 0.0587498 0.00784261 0.000477836
 0.611392 0.312158 0.0607107 0.013787 0.00195259
 0.69469 0.229615 0.0608041 0.0118256 0.00306587
 0.639395 0.294308 0.04986 0.0132034 0.00323364
 0.5982 0.307833 0.0766912 0.0129926 0.00428319
 0.661435 0.248993 0.0686241 0.0170965 0.00385123
 0.598472 0.316 0.0629002 0.0173357 0.00529178
 0.304746 0.513227 0.143254 0.028515 0.0102579
pobs_pel_tallas
 0 0 0 0 0 0 0 0 0 0 0 0 0 0 0 0 0 0 0 0 0 0 0 0 0 0 0 0 0 0 0 0 0 0 0 0
 0 0 0 0 0 0 0 0 0 0 0 0 0 0 0 0 0 0 0 0 0 0 0 0 0 0 0 0 0 0 0 0 0 0 0 0
 0 0 0 0 0 0 0 0 0 0 0 0 0 0 0 0 0 0 0 0 0 0 0 0 0 0 0 0 0 0 0 0 0 0 0 0
 0 0 0 0 0 0 0 0 0 0 0 0 0 0 0 0 0 0 0 0 0 0 0 0 0 0 0 0 0 0 0 0 0 0 0 0
 0 0 0 0 0 0 0 0 0 0 0 0 0 0 0 0 0 0 0 0 0 0 0 0 0 0 0 0 0 0 0 0 0 0 0 0
 0 0 0 0 0 0 0 0 0 0 0 0 0 0 0 0 0 0 0 0 0 0 0 0 0 0 0 0 0 0 0 0 0 0 0 0
 0 0 0 0 0 0 0 0 0 0 0 0 0 0 0 0 0 0 0 0 0 0 0 0 0 0 0 0 0 0 0 0 0 0 0 0
 0 0 0 0 0 0 0 0 0 0 0 0 0 0 0 0 0 0 0 0 0 0 0 0 0 0 0 0 0 0 0 0 0 0 0 0
 0 0 0 0 0 0 0 0 0 0 0 0 0 0 0 0 0 0 0 0 0 0 0 0 0 0 0 0 0 0 0 0 0 0 0 0
 0 0 0 0 0 0 0 0 0 0 0 0 0 0 0 0 0 0 0 0 0 0 0 0 0 0 0 0 0 0 0 0 0 0 0 0
 0 0 0 0 0 0 0 0 1.78061e-05 0.00172719 0.00360574 0.0105946 0.0120993 0.0124554 0.0147524 0.0171206 0.0266825 0.0428682 0.0675386 0.121331 0.153587 0.119568 0.100827 0.0573624 0.0630603 0.0341343 0.0324427 0.0444173 0.0211091 0.0280891 0.0125444 0.00206551 0 0 0 0
 0 0 0 0 0 0 0 0 0 0 0 0 0 0 0 0 0 0 0 0 0 0 0 0 0 0 0 0 0 0 0 0 0 0 0 0
 0 0 0 0 0 0 0.0133647 0.0140871 0.0187388 0.0205184 0.03894 0.0496705 0.03968 0.0493445 0.0407372 0.0367815 0.0215668 0.0243155 0.0234873 0.0199281 0.019796 0.0243948 0.0301388 0.0376714 0.0412746 0.0863199 0.0771752 0.113111 0.0741005 0.0525337 0.0229764 0.00759418 0.00175318 0 0 0
 0 0 0 0 0 0 0 0 0 0 0.00219441 0.00772107 0.0458388 0.0604681 0.0671733 0.0775358 0.0609151 0.0617685 0.073594 0.0568108 0.0755445 0.0548602 0.0670107 0.0636378 0.0643287 0.046367 0.0373049 0.0286899 0.0247887 0.0153202 0.00654259 0.00121912 0.000365735 0 0 0
 0 0 0 0 0 0 0 0 0 0 0 0 0.000112435 0.00938835 0.0111873 0.0202946 0.0414886 0.0713402 0.111592 0.104902 0.108894 0.110636 0.117776 0.105296 0.107544 0.0401394 0.0192827 0.0124803 0.00416011 0.0028671 0.000618394 0 0 0 0 0
 0 0 0 0 0 0 0 0 0 0 0.00291406 0.0102884 0.027416 0.0768956 0.0749926 0.110853 0.0956884 0.0897413 0.0766577 0.0534642 0.0500743 0.0551293 0.0594112 0.0620874 0.0668451 0.0424026 0.0208742 0.0120726 0.0048766 0.00582813 0.00118941 0.000297354 0 0 0 0
 0 0.00264628 0.0354308 0.0461629 0.0458689 0.0383711 0.0214643 0.0164657 0.0346957 0.0420465 0.0363128 0.0245516 0.0311673 0.0291091 0.0169068 0.0133784 0.00837989 0.0085269 0.0148486 0.0160247 0.0276389 0.0546898 0.0760071 0.122758 0.109233 0.0665981 0.0333725 0.0166128 0.00676272 0.00308733 0.000882094 0 0 0 0 0
 0 0 0 0 0 0 0 0.000805153 0.000690131 0.00759144 0.0133425 0.0154129 0.00931677 0.000345066 0.00356568 0.00563607 0.00851162 0.0253048 0.0502646 0.0516448 0.0657925 0.0565908 0.0611916 0.0827007 0.0866115 0.110766 0.145733 0.0935128 0.0569358 0.0249597 0.0138026 0.00621118 0.00161031 0.00115022 0 0
 0 0 0 0 0 0 0 0 0 0 0 0 0 0 0 0 0 0 0 0 0 0 0 0 0 0 0 0 0 0 0 0 0 0 0 0
 0.00147267 0.00158595 0.00478618 0.00569244 0.00954404 0.0108468 0.00647125 0.017049 0.0510054 0.094081 0.124002 0.0959785 0.0687766 0.0820023 0.061753 0.0591476 0.0492212 0.0479892 0.0443925 0.0268479 0.0217502 0.0140895 0.0121071 0.0120363 0.00920419 0.00665534 0.0049561 0.00860946 0.00930331 0.0156896 0.0114698 0.00855282 0.00243557 0.00046729 0 2.83206e-05
 0 0 0 0 0.000772559 0.00158375 0.000888443 0.00281984 0.00712685 0.0440552 0.0773331 0.111326 0.0921469 0.0852325 0.0710754 0.0886704 0.0786465 0.0553345 0.0373146 0.0185414 0.00753245 0.00457741 0.012979 0.0271748 0.0457355 0.0583668 0.034881 0.0177882 0.00938659 0.00492506 0.0015258 0.00185414 0.000309023 5.79419e-05 3.86279e-05 0
 0 0.00173294 0.00326652 0 0.00397197 0.00683976 0.00946217 0.0152591 0.00757587 0.0136028 0.0228656 0.0392903 0.0559909 0.0764795 0.0681675 0.0726916 0.0566044 0.0477403 0.0527397 0.0444891 0.0609904 0.0582453 0.0661739 0.0445044 0.0529084 0.0360697 0.0280645 0.0235558 0.0158879 0.00826598 0.00280645 0.00217768 0.000904811 0.00058276 9.20147e-05 0
 0 0 0 0 0 0 0 0 0 0 0 0 0 0 0 0 0 0 0 0 0 0 0 0 0 0 0 0 0 0 0 0 0 0 0 0
 0 0 0 0 0 0 0 0 0 0 0 0 0 0 0 0 0 0 0 0 0 0 0 0 0 0 0 0 0 0 0 0 0 0 0 0
 0 0 0 0 0 0 0 0 0 0 0 0 0 0 0 0 0 0 0 0 0 0 0 0 0 0 0 0 0 0 0 0 0 0 0 0
ppred_pel_tallas
 1.02056e-16 2.64885e-05 0.000155447 0.000738881 0.00284466 0.00887076 0.022407 0.0458488 0.0760036 0.102083 0.111121 0.0980959 0.0703941 0.0414336 0.020766 0.0102708 0.00712363 0.00797057 0.0107361 0.0144525 0.0186184 0.0228119 0.0265875 0.0295172 0.0312737 0.0316996 0.030836 0.0288973 0.0262064 0.0231129 0.0199225 0.0168558 0.0140406 0.0115295 0.00932778 0.00742023
 1.01841e-16 2.89412e-05 0.000169848 0.000807354 0.00310831 0.00969293 0.0244837 0.0500977 0.0830455 0.111537 0.121398 0.107139 0.0768188 0.045084 0.0223512 0.010649 0.00686404 0.00730919 0.0097059 0.0130057 0.0166941 0.0203676 0.0236146 0.0260477 0.0273797 0.0274876 0.0264359 0.0244505 0.0218539 0.0189853 0.0161317 0.013489 0.0111554 0.00915131 0.00745037 0.00600859
 1.02412e-16 2.00027e-05 0.000117355 0.000557758 0.00214724 0.00669583 0.0169135 0.0346098 0.0573795 0.0770889 0.0839665 0.0742511 0.0535585 0.0320788 0.0171042 0.0101514 0.0091842 0.0117362 0.0162411 0.0218723 0.0280443 0.0341338 0.0394491 0.0433329 0.0453028 0.0451622 0.0430408 0.039347 0.0346563 0.0295708 0.0245986 0.0200837 0.0161944 0.0129561 0.0103062 0.00814676
 1.02663e-16 2.70989e-05 0.000159033 0.000755938 0.00291035 0.0090756 0.0229244 0.0469071 0.077757 0.104435 0.113672 0.100328 0.0719526 0.0422634 0.02102 0.0101303 0.00669048 0.00726032 0.00971871 0.0130941 0.0169108 0.0207901 0.0243375 0.027172 0.0289975 0.0296642 0.0291937 0.0277572 0.0256204 0.023073 0.0203692 0.0176934 0.0151549 0.0128045 0.0106586 0.00872061
 1.01888e-16 2.93383e-05 0.00017218 0.000818442 0.003151 0.00982607 0.02482 0.0507857 0.0841858 0.113068 0.123062 0.108602 0.0778559 0.0456689 0.0225969 0.0106918 0.00679308 0.00715914 0.00947894 0.0126921 0.0162842 0.0198576 0.0230097 0.0253625 0.0266372 0.0267166 0.0256675 0.0237146 0.0211763 0.0183857 0.0156233 0.0130783 0.0108427 0.00893137 0.00731351 0.00594177
 1.02388e-16 2.10381e-05 0.000123436 0.000586672 0.00225857 0.00704303 0.0177905 0.036404 0.0603527 0.0810792 0.088302 0.0780593 0.0562497 0.0335789 0.0177006 0.0101901 0.00888577 0.0111797 0.0154234 0.0207662 0.0266331 0.0324296 0.0374997 0.0412201 0.0431325 0.0430482 0.0410867 0.0376313 0.0332232 0.0284294 0.0237291 0.0194474 0.0157445 0.0126464 0.010097 0.00800704
 1.02021e-16 3.11276e-05 0.000182691 0.000868421 0.00334346 0.0104262 0.0263359 0.0538869 0.0893243 0.119962 0.130548 0.115167 0.0824702 0.048191 0.0235026 0.0105508 0.00595241 0.00571939 0.00740493 0.00992311 0.0128054 0.0157393 0.0184212 0.0205617 0.0219369 0.0224341 0.0220702 0.020976 0.0193536 0.0174232 0.0153774 0.0133557 0.0114403 0.00966876 0.00805239 0.00659292
 1.01543e-16 2.75647e-05 0.000161762 0.000768901 0.00296024 0.00923116 0.0233174 0.0477117 0.0790921 0.106233 0.11564 0.102092 0.0732754 0.0431566 0.0216776 0.0107963 0.00757223 0.00850871 0.0114313 0.015309 0.0195878 0.0237927 0.0274287 0.0300329 0.031271 0.031014 0.0293666 0.0266316 0.023229 0.0195943 0.0160916 0.012963 0.0103205 0.00817041 0.00645439 0.00508896
 1.01317e-16 3.07811e-05 0.000180652 0.000858721 0.0033061 0.0103097 0.0260416 0.0532851 0.088328 0.118628 0.129106 0.113918 0.0816267 0.0478002 0.0235015 0.0108689 0.00657165 0.00667315 0.00874635 0.0116895 0.0149889 0.0182673 0.021149 0.0232827 0.0244088 0.0244172 0.0233689 0.0214726 0.0190257 0.0163423 0.0136895 0.0112513 0.00912188 0.00732202 0.00582718 0.00459375
 1.0112e-16 3.00393e-05 0.000176294 0.000837999 0.0032263 0.0100609 0.0254131 0.0519993 0.0861976 0.11577 0.126004 0.1112 0.0797213 0.0467694 0.0231525 0.0109715 0.00698949 0.00737274 0.00974959 0.0130259 0.0166635 0.0202426 0.0233387 0.0255565 0.0266096 0.0263859 0.0249717 0.0226228 0.0196954 0.0165609 0.0135319 0.0108188 0.00852221 0.00665299 0.005166 0.0039929
 1.01728e-16 2.33855e-05 0.00013722 0.000652208 0.00251092 0.00782995 0.0197781 0.0404707 0.0670923 0.0901262 0.0981361 0.0867078 0.062384 0.0370448 0.019169 0.0104719 0.00851427 0.0103698 0.0142004 0.0190869 0.0244548 0.0297427 0.0343406 0.0376717 0.039314 0.0390967 0.0371367 0.0337967 0.0295869 0.0250419 0.0206141 0.0166112 0.0131853 0.0103606 0.0080815 0.00625845
 1.02498e-16 2.46001e-05 0.000144357 0.000686152 0.00264163 0.0082376 0.0208077 0.0425768 0.0705813 0.0948054 0.103211 0.091144 0.0654719 0.0386704 0.0196295 0.0101186 0.00753904 0.0087936 0.0119574 0.0161119 0.0207456 0.0253973 0.0295712 0.032791 0.0346953 0.0351152 0.0341052 0.0319136 0.0289084 0.025484 0.0219811 0.0186407 0.0155962 0.0128945 0.0105305 0.00847725
 1.01511e-16 3.26808e-05 0.000191809 0.000911774 0.00351038 0.0109468 0.0276507 0.0565771 0.0937831 0.125949 0.13706 0.120901 0.0865563 0.0505371 0.0245681 0.0108934 0.0059504 0.0055417 0.00709014 0.00945191 0.012138 0.0148308 0.0172292 0.0190529 0.0200926 0.0202558 0.0195833 0.0182313 0.0164254 0.014404 0.0123697 0.0104616 0.0087514 0.00725708 0.00596473 0.00484882
 1.00537e-16 3.589e-05 0.000210653 0.00100136 0.00385533 0.0120225 0.0303679 0.0621364 0.102997 0.138318 0.150508 0.132736 0.0949659 0.0553201 0.0266549 0.0114105 0.00564856 0.0047376 0.00583713 0.00769938 0.00981861 0.0118997 0.013681 0.0149265 0.0154684 0.0152445 0.0143131 0.0128343 0.0110281 0.00912236 0.00730734 0.0057094 0.00438623 0.00333926 0.00253466 0.00192406
 1.00228e-16 3.74683e-05 0.000219921 0.00104543 0.00402501 0.0125517 0.0317045 0.064871 0.107529 0.144401 0.15712 0.138549 0.099086 0.0576416 0.0276262 0.0115731 0.00535631 0.00412983 0.00492589 0.00645234 0.00820688 0.00992084 0.0113684 0.0123496 0.0127239 0.0124423 0.0115596 0.0102181 0.00861133 0.00693906 0.00536776 0.00400751 0.00290748 0.00206653 0.00145136 0.00101487
 1.00283e-16 3.35266e-05 0.000196772 0.000935359 0.00360117 0.0112299 0.0283659 0.0580408 0.0962101 0.129211 0.140615 0.124053 0.0888441 0.0519365 0.0253658 0.0114427 0.00651912 0.00628835 0.00809458 0.0107371 0.013671 0.0165157 0.018906 0.0205093 0.0210917 0.0205737 0.0190498 0.0167617 0.0140371 0.0112135 0.00857198 0.00629774 0.00447275 0.00309332 0.00210091 0.00141329
 1.00763e-16 2.84962e-05 0.000167231 0.000794899 0.00306034 0.00954333 0.0241059 0.049325 0.0817662 0.109823 0.119546 0.105534 0.0757313 0.0445739 0.0223354 0.0110339 0.00762319 0.00848261 0.0113605 0.015191 0.0194058 0.0235226 0.0270417 0.0294975 0.0305556 0.0300909 0.0282158 0.0252455 0.0216153 0.0177782 0.0141153 0.010883 0.00820266 0.00608413 0.00446568 0.00325436
 1.01211e-16 2.94227e-05 0.000172674 0.000820788 0.00316003 0.00985423 0.0248911 0.0509313 0.0844275 0.113393 0.123419 0.108923 0.0780991 0.045838 0.0227295 0.0108357 0.00699106 0.00744529 0.00987889 0.0132212 0.0169428 0.0206261 0.0238455 0.0262013 0.0273997 0.0273183 0.0260314 0.023782 0.0209154 0.0177953 0.0147314 0.0119369 0.00952042 0.00750485 0.00585906 0.00452847
 1.01529e-16 2.6685e-05 0.000156597 0.000744342 0.00286568 0.00893627 0.0225725 0.0461877 0.0765665 0.102842 0.111954 0.0988492 0.0709728 0.0418505 0.0211148 0.0106704 0.00768089 0.00876943 0.0118344 0.0158734 0.0203363 0.0247399 0.0285753 0.0313633 0.0327531 0.0326025 0.0310071 0.0282664 0.0248017 0.0210544 0.0173977 0.0140853 0.0112422 0.00888841 0.00697848 0.00543978
 1.01488e-16 3.03138e-05 0.000177909 0.000845678 0.00325587 0.0101531 0.025646 0.0524758 0.0869865 0.116827 0.127148 0.112193 0.0803992 0.0470979 0.0231872 0.0107761 0.00658805 0.0067495 0.00887211 0.0118705 0.0152357 0.01859 0.0215553 0.0237764 0.0249894 0.0250793 0.0241025 0.0222634 0.0198558 0.0171906 0.0145334 0.0120677 0.00988908 0.00802178 0.00644598 0.00512385
 1.01409e-16 2.79053e-05 0.000163763 0.000778413 0.00299687 0.00934539 0.0236059 0.048302 0.0800703 0.107545 0.117066 0.103344 0.0741583 0.0436453 0.0218655 0.0107954 0.00745337 0.00829631 0.0111238 0.0148986 0.0190727 0.0231832 0.0267492 0.02932 0.0305679 0.0303632 0.0288014 0.0261708 0.0228739 0.0193308 0.0158952 0.0128051 0.0101751 0.00801864 0.00628668 0.00490446
 1.01836e-16 2.61096e-05 0.000153219 0.000728285 0.00280385 0.00874349 0.0220855 0.0451913 0.0749148 0.100624 0.10954 0.0967209 0.0694504 0.0409646 0.0206901 0.0104935 0.00760327 0.00871946 0.0117899 0.0158374 0.0203254 0.0247812 0.0287037 0.0316182 0.0331726 0.0332163 0.03183 0.0292933 0.0260062 0.0223913 0.0188084 0.0155057 0.0126107 0.0101532 0.008102 0.00640073
 1.01823e-16 2.88645e-05 0.000169398 0.000805216 0.00310008 0.00966726 0.0244188 0.049965 0.0828255 0.111241 0.121076 0.106854 0.0766124 0.0449592 0.0222827 0.0106057 0.00682337 0.00725865 0.00964062 0.0129261 0.0166055 0.0202803 0.0235435 0.0260101 0.0273928 0.0275646 0.0265829 0.0246641 0.0221212 0.0192856 0.0164404 0.0137814 0.0114109 0.00935604 0.00759846 0.00610161
 1.01839e-16 2.61218e-05 0.00015329 0.00072862 0.00280514 0.0087475 0.0220957 0.0452121 0.0749495 0.100671 0.109593 0.0967714 0.0694948 0.041007 0.020741 0.0105669 0.00771341 0.0088795 0.0120096 0.0161201 0.0206647 0.0251581 0.029087 0.031967 0.0334426 0.0333682 0.0318375 0.0291489 0.0257233 0.0220014 0.018355 0.0150362 0.0121684 0.00977112 0.0077997 0.00618421
 1.0366e-16 1.33221e-05 7.8126e-05 0.000371241 0.00142907 0.00445623 0.0112566 0.0230361 0.0381985 0.0513408 0.0559778 0.0496354 0.0360957 0.0222065 0.0129112 0.00932728 0.0102094 0.0139985 0.0196716 0.0266016 0.0342071 0.0417768 0.0484912 0.0535593 0.0563889 0.0567181 0.0546658 0.0506793 0.0454056 0.0395304 0.0336399 0.0281402 0.0232443 0.0190094 0.0153973 0.0123317
pSPR Fmed_Fpbrs
0.439715   0.353195 0.353195
Fs Fmed_Fpbrs
0.690624   1.005 1.005
SSBpbr Bo_Bmed_Bpbrs
788900  307446  239191 239191
Ro
29143.9
SPR SPRFo_SPRFmed_SPRFpbrs
598551 263192 211405
log_Ro
10.1
likeval ReclasPelacesDesembMPH_pf_preclas_ppelaces_ptallas_desvR_qrecl_qpela
 67.1282 13.616 0.0297232 0.00018195 318.341 187.972 78.5911 0 18.1378 1.19512e-06 0.000142846 0 0 0 0
q_reclas_q_pelaces
1.16756 5.47606
M
0.7
N
 32071.6 12598.1 4924.27 605.171 0.191452
 42741.8 14669 3424.97 1338.73 164.576
 14952.8 19423.5 3803.71 888.105 389.811
 21657.4 6263.22 2772.06 542.852 182.38
 46765.6 10226.4 2150.41 951.754 249
 30243.6 23003.8 4737.26 996.148 556.234
 67493.5 13750.4 5985.84 1232.69 403.947
 66354.8 31474.9 4308.99 1875.79 512.875
 86624.2 29651.2 7215.28 987.789 547.576
 117600 38169.7 6133.58 1492.53 317.602
 66184.9 53865.6 10486.7 1685.13 497.315
 47421.9 28676.2 9848.76 1917.38 399.037
 50853.4 20711.1 5558.41 1909.02 449
 27550.4 20531.7 2257.79 605.941 257.055
 13815.6 9437.36 671.366 73.8272 28.219
 11500.4 4624.1 260.398 18.5245 2.81569
 8739.77 4797.43 640.417 36.064 2.95552
 10068.6 3774.87 857.248 114.435 6.97235
 10107.6 4507.15 876.584 199.067 28.1929
 15113.8 4622.38 1224.05 238.062 61.7191
 20941.1 6836.2 1158.15 306.689 75.1111
 25932.1 9964.06 2482.37 420.55 138.64
 40838.3 12218.5 3367.51 838.955 188.987
 45253.4 19014.4 3784.85 1043.13 318.419
 15216.7 21065.1 5879.8 1170.38 421.029
pred_Ctot
 1829.53 4243.07 1658.5 203.823 0.0644815
 2622.27 5230.41 1221.22 477.341 58.6817
 1699.59 10664.5 2088.43 487.614 214.026
 767.39 1419.77 628.38 123.056 41.3425
 317.8 495.874 104.272 46.15 12.0739
 1845.89 8169.33 1682.34 353.762 197.535
 2967.1 3745.8 1630.62 335.801 110.041
 4807.81 12730.9 1742.89 758.715 207.446
 7067.57 13070.2 3180.47 435.414 241.37
 6595.49 12683.7 2038.17 495.966 105.538
 6116.35 25883.1 5039 809.728 238.967
 4140.51 13255 4552.39 886.27 184.447
 6919.52 12625 3388.26 1163.69 273.698
 6278.21 15795.9 1737.01 466.174 197.763
 3313.09 7387.7 525.554 57.7929 22.0902
 1336.31 2573.12 144.901 10.3081 1.56681
 825.115 2338.58 312.182 17.5799 1.44071
 717.899 1508.78 342.634 45.7388 2.78678
 577.554 1520.02 295.626 67.1348 9.50797
 974.257 1712.2 453.406 88.1819 22.8617
 631.481 1345.31 227.915 60.3541 14.7813
 957.223 2339.97 582.963 98.7624 32.5584
 1839.2 3396.27 936.034 233.197 52.5308
 2045.29 5300.92 1055.16 290.808 88.77
 751.403 6317.41 1763.35 350.997 126.266
F
 0.082236 0.602455 0.602455 0.602455 0.602455
 0.0886928 0.649758 0.649758 0.649758 0.649758
 0.170203 1.24689 1.24689 1.24689 1.24689
 0.0503743 0.369039 0.369039 0.369039 0.369039
 0.00948898 0.0695156 0.0695156 0.0695156 0.0695156
 0.0882158 0.646263 0.646263 0.646263 0.646263
 0.0628404 0.460365 0.460365 0.460365 0.460365
 0.105514 0.77299 0.77299 0.77299 0.77299
 0.119538 0.875725 0.875725 0.875725 0.875725
 0.0807999 0.591935 0.591935 0.591935 0.591935
 0.136385 0.999147 0.999147 0.999147 0.999147
 0.128414 0.940756 0.940756 0.940756 0.940756
 0.206975 1.51628 1.51628 1.51628 1.51628
 0.37134 2.72041 2.72041 2.72041 2.72041
 0.394519 2.89022 2.89022 2.89022 2.89022
 0.174301 1.27692 1.27692 1.27692 1.27692
 0.139519 1.02211 1.02211 1.02211 1.02211
 0.103753 0.760087 0.760087 0.760087 0.760087
 0.0823787 0.6035 0.6035 0.6035 0.6035
 0.0933787 0.684086 0.684086 0.684086 0.684086
 0.0427273 0.313018 0.313018 0.313018 0.313018
 0.0525273 0.384812 0.384812 0.384812 0.384812
 0.0644214 0.471947 0.471947 0.471947 0.471947
 0.0646574 0.473676 0.473676 0.473676 0.473676
 0.0708331 0.518919 0.518919 0.518919 0.518919
nmprior
 10.6 11 7 0
nm_flota  nm_reclas  nm_pelaces    nm_pelaL
inf 24.5258 12.5562 26.8235
cv_recla  cv_pelaces  cv_mph
0.741101 0.418406 0.437638
 ------------------------------------------------
Talla a la edad & desviación 
 7.2 14.2025 17.0495 18.207 18.6776
 1.08 2.13037 2.55742 2.73105 2.80164
