years
 1997 1998 1999 2000 2001 2002 2003 2004 2005 2006 2007 2008 2009 2010 2011 2012 2013 2014 2015 2016 2017 2018 2019 2020 2021
reclasobs
 0 0 0 370054 412103 1.49427e+06 250295 1.28982e+06 931140 785840 897777 1.04006e+06 184774 17550 25797 100020 73551 82996 120727 218422 84188 347160 605670 569463 516374
reclaspred
 4.0722e+06 841112 2.50927e+06 1.53425e+06 1.5297e+06 1.7776e+06 3.22609e+06 1.81697e+06 2.08497e+06 1.98593e+06 1.47346e+06 936105 548048 261924 177788 180038 240750 378976 458740 594092 794210 753726 1.41634e+06 2.20285e+06 3.35481e+06
pelacesobs
 0 0 0 0 0 0 0 0 0 2.06254e+06 1.5e+06 0 1.87456e+06 323000 250000 174000 83755 137374 0 501740 490994 745055 786931 1.00524e+06 1.33801e+06
pelacespred
 2.48084e+06 993585 968507 1.1464e+06 966323 943768 1.64805e+06 1.35012e+06 1.27794e+06 1.25277e+06 811408 531164 305449 120557 80341.3 90874 126519 199563 255325 319582 470026 463930 652775 1.16322e+06 1.87589e+06
mphobs
 0 0 0 0 0 112323 0 153150 637223 0 255016 313432 73983 77613 109348 50772 0 0 0 0 0 0 0 0 0
mphpred
 2.92474e+06 1.62248e+06 1.40191e+06 1.69984e+06 1.34408e+06 1.55351e+06 2.10231e+06 2.26368e+06 1.62384e+06 1.9973e+06 1.59595e+06 986707 620985 325867 166296 147454 177893 280595 381833 469500 615337 720188 886177 1.60546e+06 2.51093e+06
desembarqueobs
 350755 77701 442110 56441 14545 235359 269955 359681 431902 328805 639364 411747 362871 311530 167758 66681 60226 58785 57116 73181 50977 67692 138656 160484 209506
desembarquepred
 350460 77716.6 442545 56307.3 14527.3 235247 270034 359608 432032 328485 638575 411122 362635 311775 167863 66717.1 60224.4 58760.6 57032.5 72969.6 50939.3 67730.2 139333 161463 209907
Reclutas
 118526 104719 64080.9 89566.9 119447 87289.7 146659 67776.8 232837 105167 42922.5 50790.5 44828.2 28515.4 20411.8 21273.7 23019.8 26159.8 33130.5 37925.3 60567.2 64570.2 188780 203195 218190
log_desv_Rt
 0.562892 0.439038 -0.0520991 0.282741 0.570629 0.256988 0.775866 0.00397564 1.23809 0.443301 -0.452848 -0.284535 -0.409408 -0.861799 -1.19613 -1.15478 -1.07589 -0.948021 -0.71179 -0.576626 -0.108492 -0.0444921 1.02834 1.10192 1.17312
SSB
 2.92474e+06 1.62248e+06 1.40191e+06 1.69984e+06 1.34408e+06 1.55351e+06 2.10231e+06 2.26368e+06 1.62384e+06 1.9973e+06 1.59595e+06 986707 620985 325867 166296 147454 177893 280595 381833 469500 615337 720188 886177 1.60546e+06 2.51093e+06
BT
 6.55024e+06 2.00493e+06 2.43496e+06 2.37179e+06 2.05632e+06 2.00124e+06 4.11595e+06 3.07557e+06 3.61349e+06 2.86744e+06 2.16322e+06 1.48776e+06 1.01467e+06 552025 334900 259347 350601 500978 587977 746149 1.12696e+06 985263 1.5807e+06 2.69955e+06 4.4105e+06
Ftot
 0.0839408 0.0900858 0.171046 0.0358913 0.00930124 0.128687 0.0816584 0.191676 0.20092 0.160545 0.412407 0.418189 0.619597 1.06319 0.866994 0.355301 0.241864 0.150681 0.121005 0.119556 0.0626436 0.0876221 0.0959145 0.071551 0.0611132
BD_Bspro_t
 0.98763 0.922042 0.875452 0.796273 0.841503 0.890479 0.851526 0.842469 0.772357 0.767852 0.700864 0.521263 0.415149 0.308432 0.19968 0.208566 0.309355 0.496243 0.627599 0.721794 0.788624 0.852037 0.858588 0.885383 0.899921
BD_Bspro
 2.1095 1.17023 1.01114 1.22603 0.969429 1.12048 1.51631 1.6327 1.17121 1.44057 1.15109 0.711672 0.447891 0.235035 0.119943 0.106353 0.128307 0.202382 0.275401 0.338632 0.443818 0.519442 0.639164 1.15796 1.81103
BD_Bo
 1.70781 0.947394 0.818597 0.992566 0.78483 0.90712 1.22757 1.3218 0.948189 1.16626 0.931902 0.576155 0.362603 0.19028 0.0971033 0.086101 0.103874 0.163844 0.222959 0.274149 0.359306 0.42053 0.517454 0.937458 1.46617
BD_Brms
 8.30637 4.6079 3.98146 4.82761 3.81723 4.41202 5.97063 6.42894 4.61177 5.67241 4.53255 2.80228 1.76362 0.925475 0.472288 0.418775 0.505221 0.796899 1.08442 1.3334 1.74758 2.04536 2.51678 4.55957 7.13112
S_f
 0.5 1 1 1 1
 0.5 1 1 1 1
 0.5 1 1 1 1
 0.5 1 1 1 1
 0.5 1 1 1 1
 0.5 1 1 1 1
 0.5 1 1 1 1
 0.5 1 1 1 1
 0.5 1 1 1 1
 0.5 1 1 1 1
 0.5 1 1 1 1
 0.5 1 1 1 1
 0.5 1 1 1 1
 0.5 1 1 1 1
 0.5 1 1 1 1
 0.5 1 1 1 1
 0.5 1 1 1 1
 0.5 1 1 1 1
 0.5 1 1 1 1
 0.5 1 1 1 1
 0.5 1 1 1 1
 0.5 1 1 1 1
 0.5 1 1 1 1
 0.5 1 1 1 1
 0.5 1 1 1 1
Scru_reclas
 0.5 1 1 1 1
 0.5 1 1 1 1
 0.5 1 1 1 1
 0.5 1 1 1 1
 0.5 1 1 1 1
 0.5 1 1 1 1
 0.5 1 1 1 1
 0.5 1 1 1 1
 0.5 1 1 1 1
 0.5 1 1 1 1
 0.5 1 1 1 1
 0.5 1 1 1 1
 0.5 1 1 1 1
 0.5 1 1 1 1
 0.5 1 1 1 1
 0.5 1 1 1 1
 0.5 1 1 1 1
 0.5 1 1 1 1
 0.5 1 1 1 1
 0.5 1 1 1 1
 0.5 1 1 1 1
 0.5 1 1 1 1
 0.5 1 1 1 1
 0.5 1 1 1 1
 0.5 1 1 1 1
Scru_pelaces
 0.5 1 1 1 1
 0.5 1 1 1 1
 0.5 1 1 1 1
 0.5 1 1 1 1
 0.5 1 1 1 1
 0.5 1 1 1 1
 0.5 1 1 1 1
 0.5 1 1 1 1
 0.5 1 1 1 1
 0.5 1 1 1 1
 0.5 1 1 1 1
 0.5 1 1 1 1
 0.5 1 1 1 1
 0.5 1 1 1 1
 0.5 1 1 1 1
 0.5 1 1 1 1
 0.5 1 1 1 1
 0.5 1 1 1 1
 0.5 1 1 1 1
 0.5 1 1 1 1
 0.5 1 1 1 1
 0.5 1 1 1 1
 0.5 1 1 1 1
 0.5 1 1 1 1
 0.5 1 1 1 1
pf_obs 
 0.256992 0.487395 0.22802 0.0275931 0
 0.321318 0.546541 0.124235 0.00734118 0.000564706
 0.182869 0.594174 0.210203 0.0122559 0.00049798
 0.330522 0.361315 0.267642 0.0388342 0.00168674
 0.649043 0.306663 0.0425973 0.00169635 0
 0.582887 0.30429 0.105238 0.00758474 0
 0.465427 0.430635 0.0974691 0.00646863 0
 0.296916 0.608066 0.0921331 0.00288517 0
 0.311714 0.524322 0.152257 0.0117073 0
 0.15457 0.633149 0.183074 0.0267441 0.00246327
 0.131901 0.49318 0.331252 0.0422183 0.00144891
 0.196976 0.569456 0.194076 0.0375587 0.00193317
 0.518974 0.381816 0.0799577 0.0180837 0.00116848
 0.0928022 0.601141 0.25162 0.0475244 0.00691264
 0.122501 0.610282 0.24278 0.0234846 0.000952079
 0.383417 0.481906 0.127806 0.00687128 0
 0.0376549 0.599619 0.316969 0.0457579 0
 0.0361596 0.667082 0.258105 0.0386534 0
 0.158088 0.579412 0.248529 0.0139706 0
 0.0477256 0.309471 0.559284 0.082774 0.000745712
 0.0406174 0.521527 0.379366 0.0568643 0.0016247
 0.151134 0.462217 0.34131 0.0453401 0
 0.294876 0.26143 0.354403 0.0886775 0.000613685
 0.281977 0.475581 0.204845 0.0348837 0.00271318
 0.0354234 0.537034 0.353287 0.0723622 0.0018943
pf_pred 
 0.430882 0.286502 0.142273 0.0706506 0.0696922
 0.365146 0.385932 0.125311 0.0622276 0.0613834
 0.265775 0.397409 0.204753 0.0664828 0.0655809
 0.4002 0.259007 0.184459 0.0950369 0.0612978
 0.440231 0.321359 0.102951 0.0733192 0.0621404
 0.317498 0.417658 0.152045 0.0487093 0.0640902
 0.474208 0.258197 0.163755 0.0596137 0.0442263
 0.246773 0.488539 0.129978 0.0824354 0.0522739
 0.619145 0.155763 0.145993 0.0388423 0.0402561
 0.287459 0.552166 0.0655907 0.0614766 0.0333077
 0.181798 0.374604 0.343755 0.040834 0.0590087
 0.347835 0.217712 0.198909 0.182529 0.0530149
 0.404278 0.325554 0.09019 0.0824005 0.0975769
 0.398479 0.372975 0.124897 0.034601 0.0690475
 0.484993 0.333817 0.112347 0.0376214 0.0312208
 0.553413 0.317241 0.0838393 0.0282163 0.0172899
 0.501161 0.365711 0.09457 0.0249926 0.0135655
 0.476726 0.357332 0.121656 0.0314593 0.0128266
 0.480551 0.340428 0.122249 0.0416206 0.015151
 0.452219 0.359837 0.123172 0.0442315 0.0205407
 0.521878 0.301551 0.115989 0.0397028 0.0208785
 0.437746 0.387737 0.110068 0.0423365 0.0221125
 0.6588 0.209768 0.0906375 0.0257294 0.0150656
 0.479829 0.415456 0.0643783 0.0278169 0.0125201
 0.425837 0.374965 0.159098 0.0246535 0.0154469
pobs_RECLAS
 0 0 0 0 0
 0 0 0 0 0
 0 0 0 0 0
 0 0 0 0 0
 0.835266 0.146461 0.0176864 0.000547809 3.91292e-05
 0.385257 0.428462 0.181853 0.0044286 0
 0.867414 0.0963971 0.0333333 0.00285562 0
 0.441836 0.489002 0.0689373 0.000224442 0
 0.779404 0.147425 0.0564933 0.0165055 0.000172143
 0.814271 0.122319 0.05973 0.00367925 0
 0.40263 0.566651 0.0304383 0.000280538 0
 0.475488 0.404961 0.113038 0.00651328 0
 0.955842 0.0263864 0.0167828 0.000988607 0
 0.975058 0.0227948 0.00214734 0 0
 0.738997 0.206755 0.0527124 0.00153531 0
 0.850938 0.134255 0.0134407 0.00136685 0
 0.542534 0.407297 0.0501686 0 0
 0.764087 0.199537 0.0359546 0.000420521 0
 0.470689 0.182191 0.310203 0.0369168 0
 0.84361 0.089868 0.0606195 0.00523954 0.000663233
 0.607945 0.314616 0.071237 0.00620181 0
 0.523733 0.453247 0.0230204 0 0
 0.530135 0.295979 0.169645 0.0042399 0
 0.562478 0.366248 0.0663022 0.0049721 0
 0.250443 0.683176 0.0655157 0.000865301 0
ppred_RECLAS
 0.43153 0.286176 0.142111 0.0705702 0.0696128
 0.365808 0.385529 0.12518 0.0621627 0.0613194
 0.266915 0.396791 0.204435 0.0663795 0.065479
 0.400459 0.258895 0.184379 0.0949959 0.0612714
 0.440298 0.321321 0.102938 0.0733104 0.062133
 0.318414 0.417097 0.151841 0.0486439 0.0640042
 0.474848 0.257883 0.163555 0.0595412 0.0441725
 0.248013 0.487735 0.129764 0.0822997 0.0521878
 0.620803 0.155085 0.145358 0.0386732 0.0400808
 0.288572 0.551304 0.0654882 0.0613806 0.0332557
 0.184348 0.373437 0.342684 0.0407067 0.0588248
 0.351784 0.216394 0.197705 0.181424 0.0526939
 0.411378 0.321674 0.0891151 0.0814185 0.0964139
 0.413894 0.363417 0.121697 0.0337143 0.067278
 0.49682 0.326152 0.109767 0.0367575 0.0305039
 0.556892 0.31477 0.0831862 0.0279965 0.0171552
 0.503353 0.364104 0.0941544 0.0248828 0.0135058
 0.477985 0.356472 0.121363 0.0313836 0.0127957
 0.481536 0.339783 0.122017 0.0415417 0.0151222
 0.453184 0.359203 0.122955 0.0441536 0.0205045
 0.52236 0.301247 0.115872 0.0396628 0.0208575
 0.438428 0.387267 0.109934 0.0422852 0.0220856
 0.659486 0.209346 0.0904552 0.0256777 0.0150353
 0.480385 0.415012 0.0643095 0.0277872 0.0125067
 0.426298 0.374664 0.15897 0.0246337 0.0154346
pobs_PELACES
 0 0 0 0 0
 0 0 0 0 0
 0 0 0 0 0
 0 0 0 0 0
 0 0 0 0 0
 0 0 0 0 0
 0 0 0 0 0
 0 0 0 0 0
 0 0 0 0 0
 0 0 0 0 0
 0.450072 0.473896 0.0757376 0.000293798 0
 0 0 0 0 0
 0.463077 0.371075 0.160297 0.00555027 0
 0.529543 0.364841 0.0842815 0.0213345 0
 0.631943 0.363953 0.00410389 0 0
 0.735681 0.248677 0.0153453 0.000297389 0
 0.695825 0.281241 0.0229344 0 0
 0.275771 0.60734 0.115278 0.00161068 0
 0 0 0 0 0
 0.896147 0.0623911 0.0374545 0.00400742 0
 0.803859 0.145111 0.0509908 3.86294e-05 0
 0.739449 0.233085 0.0266225 0.000797448 4.60066e-05
 0.878498 0.100942 0.0204185 0.000141795 0
 0.694673 0.275183 0.0284847 0.00165964 0
 0.469039 0.446079 0.0841089 0.000773354 0
ppred_PELACES
 0.434931 0.284464 0.141261 0.070148 0.0691963
 0.369263 0.383429 0.124498 0.061824 0.0609853
 0.272474 0.393783 0.202885 0.0658762 0.0649825
 0.401881 0.258281 0.183942 0.0947705 0.061126
 0.440676 0.321103 0.102869 0.0732609 0.062091
 0.32304 0.414266 0.15081 0.0483137 0.0635698
 0.478209 0.256232 0.162509 0.0591601 0.0438898
 0.253959 0.483879 0.128739 0.081649 0.0517752
 0.628575 0.151906 0.142378 0.0378806 0.0392593
 0.29404 0.547066 0.0649848 0.0609088 0.033
 0.1948 0.368651 0.338293 0.040185 0.0580709
 0.367675 0.211089 0.192858 0.176976 0.0514021
 0.436338 0.308034 0.0853363 0.077966 0.0923256
 0.45699 0.336695 0.112748 0.0312352 0.0623311
 0.532537 0.303 0.101975 0.0341483 0.0283386
 0.571306 0.30453 0.0804802 0.0270858 0.0165972
 0.513327 0.356792 0.0922635 0.0243831 0.0132346
 0.484192 0.352234 0.11992 0.0310105 0.0126436
 0.486522 0.336515 0.120844 0.0411421 0.0149768
 0.458077 0.355989 0.121854 0.0437585 0.0203211
 0.524938 0.299621 0.115247 0.0394487 0.0207449
 0.44199 0.38481 0.109237 0.0420169 0.0219455
 0.663031 0.207166 0.0895135 0.0254103 0.0148788
 0.483332 0.412658 0.0639447 0.0276296 0.0124358
 0.428766 0.373052 0.158286 0.0245277 0.0153682
pobs_pel_tallas
 0 0 0 0 0 0 0 0 0 0 0 0 0 0 0 0 0 0 0 0 0 0 0 0 0 0 0 0 0 0 0 0 0 0 0 0
 0 0 0 0 0 0 0 0 0 0 0 0 0 0 0 0 0 0 0 0 0 0 0 0 0 0 0 0 0 0 0 0 0 0 0 0
 0 0 0 0 0 0 0 0 0 0 0 0 0 0 0 0 0 0 0 0 0 0 0 0 0 0 0 0 0 0 0 0 0 0 0 0
 0 0 0 0 0 0 0 0 0 0 0 0 0 0 0 0 0 0 0 0 0 0 0 0 0 0 0 0 0 0 0 0 0 0 0 0
 0 0 0 0 0 0 0 0 0 0 0 0 0 0 0 0 0 0 0 0 0 0 0 0 0 0 0 0 0 0 0 0 0 0 0 0
 0 0 0 0 0 0 0 0 0 0 0 0 0 0 0 0 0 0 0 0 0 0 0 0 0 0 0 0 0 0 0 0 0 0 0 0
 0 0 0 0 0 0 0 0 0 0 0 0 0 0 0 0 0 0 0 0 0 0 0 0 0 0 0 0 0 0 0 0 0 0 0 0
 0 0 0 0 0 0 0 0 0 0 0 0 0 0 0 0 0 0 0 0 0 0 0 0 0 0 0 0 0 0 0 0 0 0 0 0
 0 0 0 0 0 0 0 0 0 0 0 0 0 0 0 0 0 0 0 0 0 0 0 0 0 0 0 0 0 0 0 0 0 0 0 0
 0 0 0 0 0 0 0 0 0 0 0 0 0 0 0 0 0 0 0 0 0 0 0 0 0 0 0 0 0 0 0 0 0 0 0 0
 0 0 0 0 0 0 0 0 1.78061e-05 0.00172719 0.00360574 0.0105946 0.0120993 0.0124554 0.0147524 0.0171206 0.0266825 0.0428682 0.0675386 0.121331 0.153587 0.119568 0.100827 0.0573624 0.0630603 0.0341343 0.0324427 0.0444173 0.0211091 0.0280891 0.0125444 0.00206551 0 0 0 0
 0 0 0 0 0 0 0 0 0 0 0 0 0 0 0 0 0 0 0 0 0 0 0 0 0 0 0 0 0 0 0 0 0 0 0 0
 0 0 0 0 0 0 0.0133647 0.0140871 0.0187388 0.0205184 0.03894 0.0496705 0.03968 0.0493445 0.0407372 0.0367815 0.0215668 0.0243155 0.0234873 0.0199281 0.019796 0.0243948 0.0301388 0.0376714 0.0412746 0.0863199 0.0771752 0.113111 0.0741005 0.0525337 0.0229764 0.00759418 0.00175318 0 0 0
 0 0 0 0 0 0 0 0 0 0 0.00219441 0.00772107 0.0458388 0.0604681 0.0671733 0.0775358 0.0609151 0.0617685 0.073594 0.0568108 0.0755445 0.0548602 0.0670107 0.0636378 0.0643287 0.046367 0.0373049 0.0286899 0.0247887 0.0153202 0.00654259 0.00121912 0.000365735 0 0 0
 0 0 0 0 0 0 0 0 0 0 0 0 0.000112435 0.00938835 0.0111873 0.0202946 0.0414886 0.0713402 0.111592 0.104902 0.108894 0.110636 0.117776 0.105296 0.107544 0.0401394 0.0192827 0.0124803 0.00416011 0.0028671 0.000618394 0 0 0 0 0
 0 0 0 0 0 0 0 0 0 0 0.00291406 0.0102884 0.027416 0.0768956 0.0749926 0.110853 0.0956884 0.0897413 0.0766577 0.0534642 0.0500743 0.0551293 0.0594112 0.0620874 0.0668451 0.0424026 0.0208742 0.0120726 0.0048766 0.00582813 0.00118941 0.000297354 0 0 0 0
 0 0.00264628 0.0354308 0.0461629 0.0458689 0.0383711 0.0214643 0.0164657 0.0346957 0.0420465 0.0363128 0.0245516 0.0311673 0.0291091 0.0169068 0.0133784 0.00837989 0.0085269 0.0148486 0.0160247 0.0276389 0.0546898 0.0760071 0.122758 0.109233 0.0665981 0.0333725 0.0166128 0.00676272 0.00308733 0.000882094 0 0 0 0 0
 0 0 0 0 0 0 0 0.000805153 0.000690131 0.00759144 0.0133425 0.0154129 0.00931677 0.000345066 0.00356568 0.00563607 0.00851162 0.0253048 0.0502646 0.0516448 0.0657925 0.0565908 0.0611916 0.0827007 0.0866115 0.110766 0.145733 0.0935128 0.0569358 0.0249597 0.0138026 0.00621118 0.00161031 0.00115022 0 0
 0 0 0 0 0 0 0 0 0 0 0 0 0 0 0 0 0 0 0 0 0 0 0 0 0 0 0 0 0 0 0 0 0 0 0 0
 0.00147267 0.00158595 0.00478618 0.00569244 0.00954404 0.0108468 0.00647125 0.017049 0.0510054 0.094081 0.124002 0.0959785 0.0687766 0.0820023 0.061753 0.0591476 0.0492212 0.0479892 0.0443925 0.0268479 0.0217502 0.0140895 0.0121071 0.0120363 0.00920419 0.00665534 0.0049561 0.00860946 0.00930331 0.0156896 0.0114698 0.00855282 0.00243557 0.00046729 0 2.83206e-05
 0 0 0 0 0.000772559 0.00158375 0.000888443 0.00281984 0.00712685 0.0440552 0.0773331 0.111326 0.0921469 0.0852325 0.0710754 0.0886704 0.0786465 0.0553345 0.0373146 0.0185414 0.00753245 0.00457741 0.012979 0.0271748 0.0457355 0.0583668 0.034881 0.0177882 0.00938659 0.00492506 0.0015258 0.00185414 0.000309023 5.79419e-05 3.86279e-05 0
 0 0.00173294 0.00326652 0 0.00397197 0.00683976 0.00946217 0.0152591 0.00757587 0.0136028 0.0228656 0.0392903 0.0559909 0.0764795 0.0681675 0.0726916 0.0566044 0.0477403 0.0527397 0.0444891 0.0609904 0.0582453 0.0661739 0.0445044 0.0529084 0.0360697 0.0280645 0.0235558 0.0158879 0.00826598 0.00280645 0.00217768 0.000904811 0.00058276 9.20147e-05 0
 0 0 0 0 0 0 0 0 0 0 0 0 0 0 0 0 0 0 0 0 0 0 0 0 0 0 0 0 0 0 0 0 0 0 0 0
 0 0 0 0 0 0 0 0 0 0 0 0 0 0 0 0 0 0 0 0 0 0 0 0 0 0 0 0 0 0 0 0 0 0 0 0
 0 0 0 0 0 0 0 0 0 0 0 0 0 0 0 0 0 0 0 0 0 0 0 0 0 0 0 0 0 0 0 0 0 0 0 0
ppred_pel_tallas
 1.07742e-16 1.89893e-05 0.000111419 0.000529567 0.00203875 0.00635754 0.0160588 0.0328601 0.0544754 0.0731774 0.0796802 0.0703995 0.0506473 0.0300703 0.015555 0.00850043 0.00693921 0.00851897 0.0117844 0.0160415 0.0208885 0.0259387 0.030758 0.0349139 0.0380587 0.0399958 0.040707 0.0403276 0.0390856 0.0372277 0.0349602 0.0324214 0.0296867 0.0267946 0.0237791 0.0206917
 1.06867e-16 1.61299e-05 9.46225e-05 0.000449695 0.00173119 0.0053984 0.0136363 0.0279041 0.0462635 0.0621591 0.0677165 0.0599094 0.0432752 0.0260437 0.0141153 0.0087398 0.00830721 0.0108611 0.0151655 0.0205692 0.0265985 0.0327304 0.038369 0.0429336 0.0459783 0.0472863 0.0469052 0.0451081 0.042302 0.0389152 0.0353039 0.0317032 0.0282272 0.0249029 0.0217184 0.018662
 1.08309e-16 1.191e-05 6.98467e-05 0.000331905 0.00127766 0.00398409 0.0100639 0.0205948 0.0341488 0.0458933 0.0500265 0.0443302 0.0321771 0.0196768 0.0112333 0.00783048 0.0083459 0.0113921 0.0160863 0.0219323 0.0285091 0.0353034 0.0417086 0.0471176 0.0510441 0.0532193 0.053631 0.0524905 0.0501482 0.0469886 0.0433436 0.0394486 0.0354431 0.0314017 0.0273751 0.0234202
 1.08808e-16 1.75472e-05 0.000102955 0.000489333 0.00188385 0.00587449 0.0148387 0.0303634 0.0503363 0.0676177 0.0736274 0.0650539 0.0468066 0.0278007 0.0144027 0.00791048 0.00651428 0.00805257 0.0111971 0.0153269 0.020093 0.0251587 0.0301369 0.0346296 0.0382989 0.0409273 0.0424426 0.0429009 0.04244 0.0412217 0.0393879 0.0370427 0.0342608 0.0311096 0.0276724 0.0240602
 1.06984e-16 1.92412e-05 0.000112895 0.000536576 0.00206572 0.00644166 0.0162713 0.0332952 0.0551974 0.0741498 0.0807456 0.0713562 0.0513693 0.0305659 0.015933 0.00889793 0.00747478 0.00928116 0.0128323 0.0173993 0.0225338 0.0277909 0.0326753 0.0367046 0.0395066 0.0408958 0.0409027 0.0397403 0.0377285 0.0352015 0.0324324 0.0295955 0.0267696 0.0239694 0.0211863 0.0184218
 1.06907e-16 1.41157e-05 8.27943e-05 0.000393456 0.00151464 0.0047231 0.0119305 0.0244143 0.0404801 0.0543961 0.0592793 0.0524923 0.0380203 0.0230873 0.0128873 0.00855219 0.00871281 0.0116878 0.0164045 0.0222687 0.0288015 0.0354437 0.0415496 0.046487 0.0497682 0.0511524 0.0506857 0.04866 0.045516 0.0417217 0.0376718 0.0336338 0.0297457 0.0260506 0.022546 0.0192246
 1.06474e-16 2.08754e-05 0.000122494 0.000582226 0.00224151 0.00698984 0.0176559 0.0361277 0.0598906 0.0804465 0.0875814 0.0773475 0.0555743 0.0328516 0.0167291 0.00871875 0.00663084 0.0078592 0.0107991 0.0147055 0.0191817 0.0238709 0.0283769 0.0323011 0.0353153 0.0372231 0.0379856 0.0377033 0.0365653 0.0347863 0.032556 0.0300145 0.0272545 0.0243415 0.0213367 0.0183125
 1.0721e-16 1.11061e-05 6.51195e-05 0.000309414 0.00119103 0.00371393 0.00938156 0.0191994 0.0318384 0.0427981 0.0466786 0.0414253 0.0302025 0.0187351 0.0111675 0.00846206 0.00961365 0.0133519 0.0188404 0.0255521 0.0329725 0.0404547 0.0472454 0.0526129 0.0560034 0.0571615 0.0561742 0.0534198 0.0494489 0.0448373 0.040063 0.0354407 0.0311194 0.0271245 0.0234205 0.0199642
 1.05207e-16 2.74279e-05 0.000160972 0.000765177 0.00294595 0.00918665 0.0232047 0.0474802 0.0787043 0.1057 0.115028 0.101476 0.0726686 0.0424695 0.0207262 0.00933556 0.00532691 0.00520316 0.00683308 0.00929241 0.0122065 0.0153385 0.0184515 0.0213037 0.0236837 0.0254458 0.0265264 0.0269369 0.0267397 0.0260184 0.0248543 0.0233166 0.0214661 0.0193655 0.0170886 0.0147235
 1.04736e-16 1.28564e-05 7.53891e-05 0.000358225 0.00137895 0.00429991 0.0108618 0.0222285 0.0368607 0.0495469 0.0540328 0.0479366 0.0349163 0.0215916 0.0127483 0.0094828 0.0106089 0.0146296 0.0205487 0.0277304 0.0355599 0.0432799 0.050025 0.0549728 0.0575266 0.0574535 0.0549336 0.0504952 0.044868 0.0388025 0.0329168 0.0276102 0.0230535 0.0192385 0.0160545 0.0133604
 1.09017e-16 8.52249e-06 4.99603e-05 0.000237366 0.000913665 0.00284898 0.00719666 0.0147282 0.0244245 0.0328345 0.0358178 0.0318019 0.0232195 0.0144718 0.00875322 0.00682506 0.00794938 0.0111952 0.0159738 0.0219393 0.0287523 0.0359569 0.0429861 0.0492458 0.0542247 0.0575849 0.0592058 0.0591667 0.057685 0.0550379 0.0514959 0.04729 0.0426112 0.0376284 0.0325094 0.0274296
 1.1129e-16 1.60537e-05 9.41909e-05 0.000447678 0.00172348 0.00537441 0.0135755 0.0277784 0.0460505 0.061859 0.0673529 0.0595008 0.0427913 0.0253767 0.0130774 0.00707741 0.00572158 0.00704037 0.00983807 0.0135804 0.0179961 0.0228348 0.0277994 0.0325689 0.03685 0.0404205 0.04315 0.0449892 0.0459412 0.0460275 0.0452674 0.0436778 0.04129 0.0381724 0.0344474 0.0302914
 1.08305e-16 1.90514e-05 0.000111782 0.000531289 0.00204537 0.0063782 0.016111 0.0329671 0.0546532 0.0734178 0.0799461 0.0706441 0.0508444 0.0302291 0.0157127 0.00870422 0.00723346 0.00893941 0.0123533 0.0167603 0.0217295 0.0268392 0.0316221 0.0356235 0.0384937 0.0400597 0.0403508 0.0395653 0.0379962 0.035943 0.0336406 0.0312267 0.0287484 0.0261971 0.0235514 0.0208108
 1.05696e-16 1.99533e-05 0.000117074 0.00055644 0.0021422 0.00668013 0.0168737 0.0345278 0.057241 0.0768952 0.0837354 0.0739992 0.0532736 0.0317021 0.0165304 0.009238 0.00776403 0.00963444 0.0133035 0.0180062 0.0232654 0.0286052 0.0334976 0.0374306 0.0400123 0.0410539 0.0406011 0.0389002 0.036317 0.0332375 0.0299841 0.0267717 0.0237059 0.0208124 0.0180781 0.0154866
 1.04044e-16 2.32462e-05 0.000136409 0.000648368 0.00249616 0.00778394 0.0196618 0.0402322 0.066695 0.0895867 0.0975334 0.0861392 0.0618965 0.0365984 0.0186518 0.00973671 0.00740661 0.00874335 0.0119341 0.0161124 0.0207908 0.0255239 0.0298294 0.0332422 0.0354074 0.0361552 0.0355305 0.0337626 0.0311927 0.0281831 0.0250414 0.0219783 0.0191038 0.0164517 0.0140147 0.011776
 1.02948e-16 2.49368e-05 0.000146334 0.000695552 0.00267783 0.00835047 0.0210928 0.0431601 0.0715481 0.0961032 0.104622 0.0923853 0.0663534 0.0391704 0.0198446 0.0101655 0.00749367 0.00868497 0.0117849 0.0158621 0.0204017 0.0249445 0.0290006 0.0321033 0.0339032 0.0342454 0.0331977 0.0310193 0.0280844 0.024787 0.0214603 0.0183307 0.0155121 0.0130299 0.0108585 0.00895548
 1.02883e-16 2.24107e-05 0.000131499 0.000625015 0.00240622 0.00750347 0.0189534 0.0387832 0.0642948 0.0863683 0.0940444 0.083093 0.0597842 0.0355033 0.0183765 0.0100497 0.00818894 0.00999579 0.0137171 0.0184833 0.0237569 0.0290132 0.0336783 0.0372044 0.0391828 0.0394346 0.0380452 0.0353269 0.0317289 0.0277248 0.0237165 0.0199789 0.0166518 0.0137672 0.0112928 0.00917221
 1.03474e-16 2.11402e-05 0.00012404 0.000589555 0.00226969 0.00707771 0.017878 0.0365827 0.0606475 0.0814706 0.0887162 0.0783966 0.0564303 0.033562 0.0174654 0.00970367 0.0080872 0.00998798 0.0137608 0.0185879 0.0239568 0.0293576 0.0342264 0.0380186 0.0403195 0.040934 0.0399208 0.0375589 0.0342621 0.0304727 0.0265709 0.0228227 0.019373 0.0162712 0.0135107 0.011065
 1.03939e-16 2.12412e-05 0.000124634 0.000592383 0.00228059 0.00711169 0.0179638 0.0367582 0.0609379 0.0818592 0.0891354 0.0787578 0.05667 0.033664 0.0174444 0.00957501 0.00784959 0.00962407 0.0132476 0.0179086 0.0231114 0.0283704 0.0331496 0.0369291 0.0393105 0.0401013 0.0393476 0.0373026 0.0343461 0.030885 0.0272685 0.0237408 0.0204356 0.0174014 0.014639 0.0121348
 1.04299e-16 2.00016e-05 0.000117355 0.000557773 0.00214732 0.0066961 0.0169141 0.0346106 0.0573787 0.0770818 0.083943 0.0741928 0.0534352 0.0318428 0.0166852 0.00945304 0.00808762 0.0101131 0.0139779 0.0189043 0.0243927 0.0299355 0.0349673 0.0389401 0.0414352 0.0422521 0.0414434 0.03928 0.0361661 0.0325329 0.0287483 0.0250672 0.0216264 0.0184712 0.0155973 0.0129857
 1.04059e-16 2.29148e-05 0.000134463 0.000639119 0.00246054 0.00767289 0.0193813 0.0396582 0.0657436 0.088309 0.096143 0.0849128 0.0610187 0.0360865 0.0184043 0.00963043 0.00735552 0.00870614 0.0118985 0.0160817 0.0207773 0.0255471 0.0299141 0.0334157 0.0356947 0.0365739 0.0360858 0.0344441 0.031974 0.0290248 0.0258962 0.0227976 0.019845 0.017083 0.0145184 0.0121488
 1.04146e-16 1.93013e-05 0.000113241 0.000538209 0.00207199 0.00646117 0.0163207 0.0333966 0.0553674 0.0743835 0.081014 0.0716268 0.0516364 0.0308697 0.0163558 0.00955006 0.00848234 0.0107738 0.0149253 0.020166 0.0259733 0.0317993 0.0370322 0.0410829 0.0435071 0.0441028 0.0429468 0.040355 0.0367875 0.03273 0.0285935 0.024658 0.0210659 0.0178528 0.014994 0.0124465
 1.02907e-16 2.89325e-05 0.000169801 0.000807137 0.00310749 0.00969039 0.0244772 0.0500841 0.0830218 0.111502 0.12135 0.107074 0.0767229 0.044929 0.0220922 0.010225 0.00620169 0.00633068 0.00834364 0.0112225 0.0145053 0.0178588 0.0209476 0.0234493 0.0251132 0.0258111 0.0255582 0.0244944 0.0228371 0.0208221 0.0186538 0.0164775 0.0143769 0.0123894 0.0105274 0.00879736
 1.02573e-16 2.1105e-05 0.000123828 0.000588536 0.00226575 0.00706541 0.017847 0.0365197 0.0605446 0.0813373 0.0885837 0.0783099 0.0564335 0.0336951 0.0177732 0.0102487 0.00895315 0.0112692 0.0155405 0.0209091 0.0267921 0.0325865 0.0376289 0.0412921 0.0431192 0.0429298 0.0408576 0.0373034 0.0328255 0.0280037 0.0233228 0.0191049 0.0154996 0.0125177 0.0100861 0.00810063
 1.0393e-16 1.87243e-05 0.000109854 0.000522109 0.00201 0.00626787 0.0158325 0.0323976 0.0537112 0.0721589 0.0785923 0.0694884 0.050101 0.0299644 0.0159003 0.00932468 0.00833182 0.0106213 0.0147473 0.0199709 0.0257921 0.0316835 0.0370492 0.0413071 0.0440066 0.0449232 0.0440972 0.0417998 0.0384474 0.0344922 0.030329 0.0262427 0.0223993 0.0188715 0.0156767 0.0128113
pSPR Fmed_Fpbrs
0.751281   0.255602 0.255602
Fs Fmed_Fpbrs
0.145561   1.005 1.005
SSBpbr Bo_Bmed_Bpbrs
1.71257e+06  1.20099e+06  352108 352108
Ro
67507.9
SPR SPRFo_SPRFmed_SPRFpbrs
1.38646e+06 1.04162e+06 354383
log_Ro
10.94
likeval ReclasPelacesDesembMPH_pf_preclas_ppelaces_ptallas_desvR_qrecl_qpela
 238.547 41.7201 0.458522 0.00138025 352.06 230.055 84.1233 0 19.2125 0 0 0 0 0 0
q_reclas_q_pelaces
1 1
M
0.7
N
 118526 40134.8 19930.4 9897.13 9762.86
 104719 56439.3 18325.7 9100.27 8976.81
 64080.9 49711.7 25612.5 8316.31 8203.49
 89566.9 29213.3 20805 10719.2 6913.76
 119447 43686.5 13995.4 9967.23 8447.55
 87289.7 59040.4 21493.2 6885.58 9059.85
 146659 40645.6 25778.4 9384.43 6962.13
 67776.8 69915.1 18601.3 11797.4 7480.95
 232837 30581.1 28663 7625.94 7903.5
 105167 104572 12421.9 11642.8 6307.99
 42922.5 48195.9 44226.9 5253.62 7591.95
 50790.5 17343.1 15845.2 14540.3 4223.2
 44828.2 20462.9 5668.95 5179.34 6133.26
 28515.4 16330.6 5468.58 1514.99 3023.21
 20411.8 8321.57 2800.64 937.844 778.288
 21273.7 6570.68 1736.47 584.414 358.108
 23019.8 8844.7 2287.17 604.445 328.08
 26159.8 10129.2 3448.55 891.769 363.592
 33130.5 12047.8 4326.43 1472.96 536.195
 37925.3 15486.2 5300.91 1903.58 884.007
 60567.2 17740.3 6823.66 2335.73 1228.29
 64570.2 29149.3 8274.66 3182.77 1662.37
 188780 30690.1 13260.8 3764.35 2204.18
 203195 89355.8 13846.4 5982.83 2692.81
 218190 97357.5 41308.8 6401.14 4010.71
pred_Ctot
 3512.03 2335.22 1159.64 575.859 568.047
 3325.58 3514.88 1141.27 566.739 559.051
 3796.17 5676.36 2924.58 949.603 936.72
 1146.82 742.211 528.586 272.339 175.655
 398.677 291.026 93.2332 66.3986 56.275
 3926.56 5165.26 1880.38 602.398 792.618
 4229.58 2302.92 1460.57 531.709 394.465
 4479.25 8867.61 2359.28 1496.31 948.838
 16097.6 4049.81 3795.79 1009.89 1046.65
 5860.99 11258.1 1337.33 1253.45 679.11
 5820.51 11993.5 11005.8 1307.36 1889.25
 6975.44 4365.98 3988.9 3660.41 1063.16
 8742.84 7040.38 1950.43 1781.98 2110.18
 8716.31 8158.44 2732 756.86 1510.34
 5293.43 3643.43 1226.2 410.616 340.758
 2515.82 1442.18 381.134 128.271 78.6001
 1898.92 1385.69 358.33 94.6981 51.4002
 1371.27 1027.84 349.936 90.4906 36.8948
 1403.7 994.4 357.094 121.575 44.2564
 1588.11 1263.68 432.557 155.333 72.1353
 1345.6 777.512 299.063 102.369 53.8326
 1995.56 1767.58 501.767 193 100.804
 6374.86 2029.81 877.052 248.97 145.782
 5146.12 4455.72 690.45 298.333 134.277
 4730.61 4165.46 1767.41 273.874 171.599
F
 0.0419704 0.0839408 0.0839408 0.0839408 0.0839408
 0.0450429 0.0900858 0.0900858 0.0900858 0.0900858
 0.085523 0.171046 0.171046 0.171046 0.171046
 0.0179456 0.0358913 0.0358913 0.0358913 0.0358913
 0.00465062 0.00930124 0.00930124 0.00930124 0.00930124
 0.0643433 0.128687 0.128687 0.128687 0.128687
 0.0408292 0.0816584 0.0816584 0.0816584 0.0816584
 0.0958378 0.191676 0.191676 0.191676 0.191676
 0.10046 0.20092 0.20092 0.20092 0.20092
 0.0802723 0.160545 0.160545 0.160545 0.160545
 0.206203 0.412407 0.412407 0.412407 0.412407
 0.209094 0.418189 0.418189 0.418189 0.418189
 0.309798 0.619597 0.619597 0.619597 0.619597
 0.531595 1.06319 1.06319 1.06319 1.06319
 0.433497 0.866994 0.866994 0.866994 0.866994
 0.17765 0.355301 0.355301 0.355301 0.355301
 0.120932 0.241864 0.241864 0.241864 0.241864
 0.0753403 0.150681 0.150681 0.150681 0.150681
 0.0605023 0.121005 0.121005 0.121005 0.121005
 0.0597778 0.119556 0.119556 0.119556 0.119556
 0.0313218 0.0626436 0.0626436 0.0626436 0.0626436
 0.043811 0.0876221 0.0876221 0.0876221 0.0876221
 0.0479573 0.0959145 0.0959145 0.0959145 0.0959145
 0.0357755 0.071551 0.071551 0.071551 0.071551
 0.0305566 0.0611132 0.0611132 0.0611132 0.0611132
nmprior
 10.6 11 7 0
nm_flota  nm_reclas  nm_pelaces    nm_pelaL
inf 8.82752 11.4952 23.9151
cv_recla  cv_pelaces  cv_mph
1.39705 0.732394 1.20536
 ------------------------------------------------
Talla a la edad & desviación 
 7.2 14.2025 17.0495 18.207 18.6776
 1.08 2.13037 2.55742 2.73105 2.80164
