years
 1997 1998 1999 2000 2001 2002 2003 2004 2005 2006 2007 2008 2009 2010 2011 2012 2013 2014 2015 2016 2017 2018 2019 2020 2021
reclasobs
 0 0 0 370054 412103 1.49427e+06 250295 1.28982e+06 931140 785840 897777 1.04006e+06 184774 17550 25797 100020 73551 82996 120727 218422 84188 347160 605670 569463 516374
reclaspred
 1.42911e+06 248149 481163 157203 257454 333595 690607 595117 667348 909186 939131 641754 359013 148253 83539.4 80164.1 89832.6 108947 117369 135498 215734 222062 376159 444993 390341
pelacesobs
 0 0 0 0 0 0 0 0 0 2.06254e+06 1.5e+06 0 1.87456e+06 323000 250000 174000 83755 137374 0 501740 490994 745055 786931 1.00524e+06 1.33801e+06
pelacespred
 2.54444e+06 696999 439758 327082 712501 472554 2.12573e+06 1.57941e+06 1.78823e+06 2.51451e+06 1.83826e+06 1.30755e+06 882651 300286 175948 160793 179071 228170 219753 265688 526035 436771 588342 841295 547357
mphobs
 0 0 0 0 0 112323 0 153150 637223 0 255016 313432 73983 77613 109348 50772 0 0 0 0 0 0 0 0 0
mphpred
 414133 163745 151084 69756.8 58922.4 146425 166120 278084 256774 305301 425645 275050 168131 96452.4 45426.7 32834.5 33495.6 37971.1 44385.9 45824.2 66027.4 85742.8 105036 148052 164811
desembarqueobs
 350755 77701 442110 56441 14545 235359 269955 359681 431902 328805 639364 411747 362871 311530 167758 66681 60226 58785 57116 73181 50977 67692 138656 160484 209506
desembarquepred
 350730 77663.1 441521 56420 14543.8 235220 269902 359144 431444 328529 638173 411076 362157 310925 167174 66595.5 60179.6 58697.5 57029.4 73097.1 50958.9 67625.2 138551 160372 209343
Reclutas
 14159.7 46409.1 3669.43 8556.23 41199.6 15925.2 63194 59844.3 74622.9 127838 57623.6 46582.7 53563.2 28931.9 12742.7 11090.1 7284.05 8350 8552.1 11755.2 16790.6 21258.5 34926.7 35054.8 2962.06
log_desv_Rt
 -0.421847 0.76525 -1.77221 -0.925585 0.646183 -0.30434 1.07396 1.0195 1.2402 1.77852 0.981688 0.768984 0.908618 0.292701 -0.527287 -0.666188 -1.08656 -0.949983 -0.926068 -0.607947 -0.251426 -0.0154887 0.481006 0.484667 -1.98636
SSB
 658292 260284 240159 110883 93661.2 232752 264059 442032 408159 485297 676591 437211 267255 153318 72208.7 52192.6 53243.5 60357.6 70554.4 72840.6 104955 136294 166963 235338 261978
BT
 1.17174e+06 399966 379043 183029 296867 350789 1.08022e+06 999101 1.10893e+06 1.30749e+06 1.24589e+06 868348 697494 400412 204416 117070 117095 136203 129755 160951 245466 222203 314432 444838 357496
Ftot
 0.571288 0.859943 1.89098 0.836019 0.211531 1.61575 1.34732 1.81784 1.97034 1.21889 1.67434 1.55837 2.73614 4.85893 4.95303 2.33865 1.8533 1.51496 1.28026 1.50084 0.697676 0.801285 0.969607 0.964001 1.15152
BD_Bspro_t
 0.938065 0.646509 0.530943 0.210323 0.28283 0.542253 0.424872 0.506541 0.440912 0.439944 0.485374 0.31462 0.221476 0.156194 0.0900657 0.0805065 0.111971 0.17055 0.237472 0.291562 0.40299 0.531439 0.539753 0.547982 0.503694
BD_Bspro
 1.48459 0.586995 0.541609 0.250065 0.211226 0.524905 0.595508 0.996877 0.920486 1.09445 1.52586 0.986004 0.602717 0.345764 0.162846 0.117705 0.120075 0.136119 0.159115 0.164271 0.236696 0.307372 0.376536 0.530737 0.590816
BD_Bo
 0.883007 0.349135 0.32214 0.148734 0.125634 0.312205 0.354198 0.592926 0.547489 0.650959 0.907554 0.586458 0.358486 0.205654 0.096858 0.0700092 0.0714189 0.0809614 0.094639 0.0977057 0.140783 0.18282 0.223957 0.315674 0.351407
BD_Brms
 2.29149 0.906041 0.835987 0.385981 0.326032 0.810203 0.919181 1.5387 1.42079 1.68931 2.35519 1.52192 0.930308 0.533694 0.251357 0.181681 0.185339 0.210103 0.245598 0.253556 0.365345 0.474435 0.581192 0.819205 0.911938
S_f
 0.0782274 0.617219 0.968391 0.998285 0.99991
 0.0782274 0.617219 0.968391 0.998285 0.99991
 0.0782274 0.617219 0.968391 0.998285 0.99991
 0.0782274 0.617219 0.968391 0.998285 0.99991
 0.0782274 0.617219 0.968391 0.998285 0.99991
 0.0782274 0.617219 0.968391 0.998285 0.99991
 0.0782274 0.617219 0.968391 0.998285 0.99991
 0.0782274 0.617219 0.968391 0.998285 0.99991
 0.0782274 0.617219 0.968391 0.998285 0.99991
 0.0782274 0.617219 0.968391 0.998285 0.99991
 0.0782274 0.617219 0.968391 0.998285 0.99991
 0.0782274 0.617219 0.968391 0.998285 0.99991
 0.0782274 0.617219 0.968391 0.998285 0.99991
 0.0782274 0.617219 0.968391 0.998285 0.99991
 0.0782274 0.617219 0.968391 0.998285 0.99991
 0.0782274 0.617219 0.968391 0.998285 0.99991
 0.0782274 0.617219 0.968391 0.998285 0.99991
 0.0782274 0.617219 0.968391 0.998285 0.99991
 0.0782274 0.617219 0.968391 0.998285 0.99991
 0.0782274 0.617219 0.968391 0.998285 0.99991
 0.0782274 0.617219 0.968391 0.998285 0.99991
 0.0782274 0.617219 0.968391 0.998285 0.99991
 0.0782274 0.617219 0.968391 0.998285 0.99991
 0.0782274 0.617219 0.968391 0.998285 0.99991
 0.0782274 0.617219 0.968391 0.998285 0.99991
Scru_reclas
 0.271957 0.652767 0.904406 0.979429 0.995844
 0.271957 0.652767 0.904406 0.979429 0.995844
 0.271957 0.652767 0.904406 0.979429 0.995844
 0.271957 0.652767 0.904406 0.979429 0.995844
 0.271957 0.652767 0.904406 0.979429 0.995844
 0.271957 0.652767 0.904406 0.979429 0.995844
 0.271957 0.652767 0.904406 0.979429 0.995844
 0.271957 0.652767 0.904406 0.979429 0.995844
 0.271957 0.652767 0.904406 0.979429 0.995844
 0.271957 0.652767 0.904406 0.979429 0.995844
 0.271957 0.652767 0.904406 0.979429 0.995844
 0.271957 0.652767 0.904406 0.979429 0.995844
 0.271957 0.652767 0.904406 0.979429 0.995844
 0.271957 0.652767 0.904406 0.979429 0.995844
 0.271957 0.652767 0.904406 0.979429 0.995844
 0.271957 0.652767 0.904406 0.979429 0.995844
 0.271957 0.652767 0.904406 0.979429 0.995844
 0.271957 0.652767 0.904406 0.979429 0.995844
 0.271957 0.652767 0.904406 0.979429 0.995844
 0.271957 0.652767 0.904406 0.979429 0.995844
 0.271957 0.652767 0.904406 0.979429 0.995844
 0.271957 0.652767 0.904406 0.979429 0.995844
 0.271957 0.652767 0.904406 0.979429 0.995844
 0.271957 0.652767 0.904406 0.979429 0.995844
 0.271957 0.652767 0.904406 0.979429 0.995844
Scru_pelaces
 0.781907 1 1 1 1
 0.781907 1 1 1 1
 0.781907 1 1 1 1
 0.781907 1 1 1 1
 0.781907 1 1 1 1
 0.781907 1 1 1 1
 0.781907 1 1 1 1
 0.781907 1 1 1 1
 0.781907 1 1 1 1
 0.781907 1 1 1 1
 0.781907 1 1 1 1
 0.781907 1 1 1 1
 0.781907 1 1 1 1
 0.781907 1 1 1 1
 0.781907 1 1 1 1
 0.781907 1 1 1 1
 0.781907 1 1 1 1
 0.781907 1 1 1 1
 0.781907 1 1 1 1
 0.781907 1 1 1 1
 0.781907 1 1 1 1
 0.781907 1 1 1 1
 0.781907 1 1 1 1
 0.781907 1 1 1 1
 0.781907 1 1 1 1
pf_obs 
 0.256992 0.487395 0.22802 0.0275931 0
 0.321318 0.546541 0.124235 0.00734118 0.000564706
 0.182869 0.594174 0.210203 0.0122559 0.00049798
 0.330522 0.361315 0.267642 0.0388342 0.00168674
 0.649043 0.306663 0.0425973 0.00169635 0
 0.582887 0.30429 0.105238 0.00758474 0
 0.465427 0.430635 0.0974691 0.00646863 0
 0.296916 0.608066 0.0921331 0.00288517 0
 0.311714 0.524322 0.152257 0.0117073 0
 0.15457 0.633149 0.183074 0.0267441 0.00246327
 0.131901 0.49318 0.331252 0.0422183 0.00144891
 0.196976 0.569456 0.194076 0.0375587 0.00193317
 0.518974 0.381816 0.0799577 0.0180837 0.00116848
 0.0928022 0.601141 0.25162 0.0475244 0.00691264
 0.122501 0.610282 0.24278 0.0234846 0.000952079
 0.383417 0.481906 0.127806 0.00687128 0
 0.0376549 0.599619 0.316969 0.0457579 0
 0.0361596 0.667082 0.258105 0.0386534 0
 0.158088 0.579412 0.248529 0.0139706 0
 0.0477256 0.309471 0.559284 0.082774 0.000745712
 0.0406174 0.521527 0.379366 0.0568643 0.0016247
 0.151134 0.462217 0.34131 0.0453401 0
 0.294876 0.26143 0.354403 0.0886775 0.000613685
 0.281977 0.475581 0.204845 0.0348837 0.00271318
 0.0354234 0.537034 0.353287 0.0723622 0.0018943
pf_pred 
 0.0636971 0.62559 0.274346 0.0363601 6.55582e-06
 0.26998 0.254256 0.370077 0.0937433 0.011944
 0.0254835 0.792896 0.0910608 0.0711536 0.019406
 0.164287 0.197146 0.584569 0.0280079 0.0259895
 0.480247 0.34828 0.0619561 0.100637 0.00888104
 0.110267 0.777454 0.0864462 0.00953369 0.0162988
 0.469223 0.304265 0.212964 0.0105822 0.00296527
 0.265478 0.672903 0.0455062 0.0151999 0.000913467
 0.310616 0.56037 0.124293 0.00354657 0.001174
 0.362115 0.542831 0.0869304 0.00784652 0.000277432
 0.133015 0.735034 0.121504 0.00959627 0.000850166
 0.173396 0.527145 0.277663 0.0201688 0.00162669
 0.297893 0.52125 0.144149 0.0341838 0.00252328
 0.263587 0.665566 0.0638151 0.00570536 0.00132644
 0.266668 0.691699 0.0409182 0.000652688 6.18373e-05
 0.3312 0.627553 0.0408489 0.000392282 5.88065e-06
 0.206733 0.694561 0.0963906 0.00229483 2.06476e-05
 0.262198 0.558988 0.168776 0.00981687 0.00022034
 0.237221 0.608797 0.134326 0.018614 0.00104264
 0.289531 0.539863 0.152034 0.0163126 0.00225992
 0.279762 0.582126 0.120581 0.0157227 0.00180955
 0.234188 0.572445 0.170729 0.0198688 0.00276931
 0.284718 0.513348 0.170536 0.0278637 0.00353385
 0.211319 0.616257 0.14301 0.025023 0.00439124
 0.0206579 0.688629 0.253643 0.0309938 0.00607588
pobs_RECLAS
 0 0 0 0 0
 0 0 0 0 0
 0 0 0 0 0
 0 0 0 0 0
 0.835266 0.146461 0.0176864 0.000547809 3.91292e-05
 0.385257 0.428462 0.181853 0.0044286 0
 0.867414 0.0963971 0.0333333 0.00285562 0
 0.441836 0.489002 0.0689373 0.000224442 0
 0.779404 0.147425 0.0564933 0.0165055 0.000172143
 0.814271 0.122319 0.05973 0.00367925 0
 0.40263 0.566651 0.0304383 0.000280538 0
 0.475488 0.404961 0.113038 0.00651328 0
 0.955842 0.0263864 0.0167828 0.000988607 0
 0.975058 0.0227948 0.00214734 0 0
 0.738997 0.206755 0.0527124 0.00153531 0
 0.850938 0.134255 0.0134407 0.00136685 0
 0.542534 0.407297 0.0501686 0 0
 0.764087 0.199537 0.0359546 0.000420521 0
 0.470689 0.182191 0.310203 0.0369168 0
 0.84361 0.089868 0.0606195 0.00523954 0.000663233
 0.607945 0.314616 0.071237 0.00620181 0
 0.523733 0.453247 0.0230204 0 0
 0.530135 0.295979 0.169645 0.0042399 0
 0.562478 0.366248 0.0663022 0.0049721 0
 0.250443 0.683176 0.0655157 0.000865301 0
ppred_RECLAS
 0.192873 0.563301 0.214069 0.0297526 5.445e-06
 0.580955 0.160246 0.199143 0.0528245 0.00683098
 0.0906689 0.767676 0.0695543 0.0564748 0.0156259
 0.428982 0.150979 0.382746 0.0192059 0.0180881
 0.759392 0.166321 0.0259892 0.0443269 0.00397077
 0.31307 0.614335 0.0552415 0.00634595 0.0110078
 0.770593 0.141874 0.0820662 0.00425669 0.00121038
 0.573054 0.397709 0.0213638 0.00741997 0.000452399
 0.634683 0.30945 0.0537398 0.00159221 0.00053468
 0.670071 0.287731 0.0384423 0.0036254 0.000130082
 0.363277 0.556126 0.0739685 0.00608216 0.000546711
 0.445744 0.378825 0.162151 0.0122745 0.0010045
 0.645387 0.283301 0.0564817 0.0137974 0.00103273
 0.662897 0.318815 0.0164646 0.0014758 0.000347402
 0.665499 0.324142 0.0101808 0.000162601 1.55969e-05
 0.658104 0.325747 0.0159872 0.000158835 2.41502e-06
 0.494936 0.453943 0.049876 0.0012343 1.12669e-05
 0.570021 0.340844 0.0839302 0.00508925 0.000115905
 0.53001 0.388007 0.0711069 0.0102907 0.000584941
 0.602676 0.315518 0.0725497 0.00811601 0.00114089
 0.574286 0.353102 0.0629978 0.00860926 0.0010057
 0.518851 0.372686 0.0952143 0.0116073 0.001642
 0.587852 0.308454 0.0869192 0.0148622 0.001913
 0.487279 0.413687 0.0814603 0.014917 0.00265675
 0.0713972 0.684796 0.211429 0.0270058 0.00537261
pobs_PELACES
 0 0 0 0 0
 0 0 0 0 0
 0 0 0 0 0
 0 0 0 0 0
 0 0 0 0 0
 0 0 0 0 0
 0 0 0 0 0
 0 0 0 0 0
 0 0 0 0 0
 0 0 0 0 0
 0.450072 0.473896 0.0757376 0.000293798 0
 0 0 0 0 0
 0.463077 0.371075 0.160297 0.00555027 0
 0.529543 0.364841 0.0842815 0.0213345 0
 0.631943 0.363953 0.00410389 0 0
 0.735681 0.248677 0.0153453 0.000297389 0
 0.695825 0.281241 0.0229344 0 0
 0.275771 0.60734 0.115278 0.00161068 0
 0 0 0 0 0
 0.896147 0.0623911 0.0374545 0.00400742 0
 0.803859 0.145111 0.0509908 3.86294e-05 0
 0.739449 0.233085 0.0266225 0.000797448 4.60066e-05
 0.878498 0.100942 0.0204185 0.000141795 0
 0.694673 0.275183 0.0284847 0.00165964 0
 0.469039 0.446079 0.0841089 0.000773354 0
ppred_PELACES
 0.355522 0.499795 0.128306 0.0163743 2.94634e-06
 0.795826 0.100374 0.0814918 0.019792 0.00251605
 0.219755 0.708228 0.0372 0.0273755 0.00744206
 0.687862 0.111169 0.184628 0.00848461 0.00785554
 0.872669 0.0980793 0.0107937 0.016964 0.00149441
 0.54391 0.426645 0.0229616 0.00239718 0.00408611
 0.903806 0.0697692 0.0249179 0.0011777 0.000329119
 0.781958 0.209275 0.00657255 0.00207043 0.000124033
 0.832022 0.152249 0.0151875 0.000407512 0.000134449
 0.83264 0.153375 0.0128418 0.00110495 3.89673e-05
 0.603364 0.365397 0.0288912 0.00215771 0.000190583
 0.695262 0.238621 0.0615396 0.00423597 0.000340656
 0.860302 0.123682 0.0129615 0.00284585 0.000209193
 0.9005 0.0972357 0.00206389 0.000162831 3.76004e-05
 0.901767 0.0969755 0.00123829 1.73914e-05 1.63636e-06
 0.84837 0.147606 0.0039874 3.57465e-05 5.33882e-07
 0.727561 0.25571 0.016359 0.000367061 3.29207e-06
 0.780227 0.189865 0.0283112 0.00156169 3.4952e-05
 0.740198 0.229929 0.0262196 0.00345991 0.000193293
 0.80203 0.17131 0.0238921 0.00243176 0.000335935
 0.752701 0.217815 0.0258699 0.00324217 0.000372355
 0.716972 0.237954 0.039987 0.00446584 0.000621072
 0.777849 0.183022 0.0332679 0.0052027 0.000658289
 0.694904 0.264813 0.0336582 0.00563749 0.000986992
 0.164224 0.683835 0.13335 0.0155505 0.00304078
pobs_pel_tallas
 0 0 0 0 0 0 0 0 0 0 0 0 0 0 0 0 0 0 0 0 0 0 0 0 0 0 0 0 0 0 0 0 0 0 0 0
 0 0 0 0 0 0 0 0 0 0 0 0 0 0 0 0 0 0 0 0 0 0 0 0 0 0 0 0 0 0 0 0 0 0 0 0
 0 0 0 0 0 0 0 0 0 0 0 0 0 0 0 0 0 0 0 0 0 0 0 0 0 0 0 0 0 0 0 0 0 0 0 0
 0 0 0 0 0 0 0 0 0 0 0 0 0 0 0 0 0 0 0 0 0 0 0 0 0 0 0 0 0 0 0 0 0 0 0 0
 0 0 0 0 0 0 0 0 0 0 0 0 0 0 0 0 0 0 0 0 0 0 0 0 0 0 0 0 0 0 0 0 0 0 0 0
 0 0 0 0 0 0 0 0 0 0 0 0 0 0 0 0 0 0 0 0 0 0 0 0 0 0 0 0 0 0 0 0 0 0 0 0
 0 0 0 0 0 0 0 0 0 0 0 0 0 0 0 0 0 0 0 0 0 0 0 0 0 0 0 0 0 0 0 0 0 0 0 0
 0 0 0 0 0 0 0 0 0 0 0 0 0 0 0 0 0 0 0 0 0 0 0 0 0 0 0 0 0 0 0 0 0 0 0 0
 0 0 0 0 0 0 0 0 0 0 0 0 0 0 0 0 0 0 0 0 0 0 0 0 0 0 0 0 0 0 0 0 0 0 0 0
 0 0 0 0 0 0 0 0 0 0 0 0 0 0 0 0 0 0 0 0 0 0 0 0 0 0 0 0 0 0 0 0 0 0 0 0
 0 0 0 0 0 0 0 0 1.78061e-05 0.00172719 0.00360574 0.0105946 0.0120993 0.0124554 0.0147524 0.0171206 0.0266825 0.0428682 0.0675386 0.121331 0.153587 0.119568 0.100827 0.0573624 0.0630603 0.0341343 0.0324427 0.0444173 0.0211091 0.0280891 0.0125444 0.00206551 0 0 0 0
 0 0 0 0 0 0 0 0 0 0 0 0 0 0 0 0 0 0 0 0 0 0 0 0 0 0 0 0 0 0 0 0 0 0 0 0
 0 0 0 0 0 0 0.0133647 0.0140871 0.0187388 0.0205184 0.03894 0.0496705 0.03968 0.0493445 0.0407372 0.0367815 0.0215668 0.0243155 0.0234873 0.0199281 0.019796 0.0243948 0.0301388 0.0376714 0.0412746 0.0863199 0.0771752 0.113111 0.0741005 0.0525337 0.0229764 0.00759418 0.00175318 0 0 0
 0 0 0 0 0 0 0 0 0 0 0.00219441 0.00772107 0.0458388 0.0604681 0.0671733 0.0775358 0.0609151 0.0617685 0.073594 0.0568108 0.0755445 0.0548602 0.0670107 0.0636378 0.0643287 0.046367 0.0373049 0.0286899 0.0247887 0.0153202 0.00654259 0.00121912 0.000365735 0 0 0
 0 0 0 0 0 0 0 0 0 0 0 0 0.000112435 0.00938835 0.0111873 0.0202946 0.0414886 0.0713402 0.111592 0.104902 0.108894 0.110636 0.117776 0.105296 0.107544 0.0401394 0.0192827 0.0124803 0.00416011 0.0028671 0.000618394 0 0 0 0 0
 0 0 0 0 0 0 0 0 0 0 0.00291406 0.0102884 0.027416 0.0768956 0.0749926 0.110853 0.0956884 0.0897413 0.0766577 0.0534642 0.0500743 0.0551293 0.0594112 0.0620874 0.0668451 0.0424026 0.0208742 0.0120726 0.0048766 0.00582813 0.00118941 0.000297354 0 0 0 0
 0 0.00264628 0.0354308 0.0461629 0.0458689 0.0383711 0.0214643 0.0164657 0.0346957 0.0420465 0.0363128 0.0245516 0.0311673 0.0291091 0.0169068 0.0133784 0.00837989 0.0085269 0.0148486 0.0160247 0.0276389 0.0546898 0.0760071 0.122758 0.109233 0.0665981 0.0333725 0.0166128 0.00676272 0.00308733 0.000882094 0 0 0 0 0
 0 0 0 0 0 0 0 0.000805153 0.000690131 0.00759144 0.0133425 0.0154129 0.00931677 0.000345066 0.00356568 0.00563607 0.00851162 0.0253048 0.0502646 0.0516448 0.0657925 0.0565908 0.0611916 0.0827007 0.0866115 0.110766 0.145733 0.0935128 0.0569358 0.0249597 0.0138026 0.00621118 0.00161031 0.00115022 0 0
 0 0 0 0 0 0 0 0 0 0 0 0 0 0 0 0 0 0 0 0 0 0 0 0 0 0 0 0 0 0 0 0 0 0 0 0
 0.00147267 0.00158595 0.00478618 0.00569244 0.00954404 0.0108468 0.00647125 0.017049 0.0510054 0.094081 0.124002 0.0959785 0.0687766 0.0820023 0.061753 0.0591476 0.0492212 0.0479892 0.0443925 0.0268479 0.0217502 0.0140895 0.0121071 0.0120363 0.00920419 0.00665534 0.0049561 0.00860946 0.00930331 0.0156896 0.0114698 0.00855282 0.00243557 0.00046729 0 2.83206e-05
 0 0 0 0 0.000772559 0.00158375 0.000888443 0.00281984 0.00712685 0.0440552 0.0773331 0.111326 0.0921469 0.0852325 0.0710754 0.0886704 0.0786465 0.0553345 0.0373146 0.0185414 0.00753245 0.00457741 0.012979 0.0271748 0.0457355 0.0583668 0.034881 0.0177882 0.00938659 0.00492506 0.0015258 0.00185414 0.000309023 5.79419e-05 3.86279e-05 0
 0 0.00173294 0.00326652 0 0.00397197 0.00683976 0.00946217 0.0152591 0.00757587 0.0136028 0.0228656 0.0392903 0.0559909 0.0764795 0.0681675 0.0726916 0.0566044 0.0477403 0.0527397 0.0444891 0.0609904 0.0582453 0.0661739 0.0445044 0.0529084 0.0360697 0.0280645 0.0235558 0.0158879 0.00826598 0.00280645 0.00217768 0.000904811 0.00058276 9.20147e-05 0
 0 0 0 0 0 0 0 0 0 0 0 0 0 0 0 0 0 0 0 0 0 0 0 0 0 0 0 0 0 0 0 0 0 0 0 0
 0 0 0 0 0 0 0 0 0 0 0 0 0 0 0 0 0 0 0 0 0 0 0 0 0 0 0 0 0 0 0 0 0 0 0 0
 0 0 0 0 0 0 0 0 0 0 0 0 0 0 0 0 0 0 0 0 0 0 0 0 0 0 0 0 0 0 0 0 0 0 0 0
ppred_pel_tallas
 1.02547e-16 1.55356e-05 9.11223e-05 0.00043303 0.00166698 0.00519814 0.0131306 0.0268703 0.0445532 0.0598725 0.0652551 0.0578024 0.0419065 0.0255259 0.0143871 0.00974557 0.010099 0.0135906 0.0190155 0.0256718 0.0329603 0.0401757 0.0465143 0.0512045 0.0536732 0.0536748 0.0513407 0.047127 0.0416878 0.0357151 0.029801 0.0243568 0.0195974 0.0155766 0.012247 0.00951692
 1.01988e-16 3.47186e-05 0.00020378 0.000968702 0.00372959 0.0116304 0.0293774 0.0601095 0.0996358 0.133801 0.145583 0.12837 0.0917946 0.0533764 0.0255404 0.0106339 0.00483733 0.00367092 0.00440471 0.0058723 0.00764868 0.00952934 0.0113442 0.0129298 0.0141497 0.0149175 0.0152085 0.0150541 0.0145245 0.0137049 0.012677 0.0115085 0.0102523 0.0089517 0.00764674 0.0063772
 1.02048e-16 9.62372e-06 5.63959e-05 0.000267896 0.0010311 0.00321513 0.0081219 0.0166237 0.0275753 0.0370923 0.0405204 0.0361144 0.0266644 0.0172003 0.0114082 0.010234 0.0129119 0.0184002 0.0259421 0.0349186 0.0445764 0.0539256 0.0618305 0.067223 0.0693463 0.0679391 0.0632993 0.0561966 0.0476745 0.0388046 0.0304747 0.0232643 0.0174235 0.0129325 0.00960291 0.00717872
 1.03316e-16 3.00116e-05 0.000176144 0.000837314 0.00322371 0.0100528 0.0253926 0.0519564 0.0861225 0.115657 0.125851 0.110993 0.0794158 0.0462754 0.0223275 0.00962317 0.00488744 0.00427596 0.00545391 0.00742927 0.00983657 0.0124826 0.0151841 0.0177454 0.01998 0.021737 0.022918 0.0234794 0.0234243 0.0227891 0.0216331 0.0200327 0.0180804 0.0158846 0.0135653 0.0112458
 1.00839e-16 3.8069e-05 0.000223451 0.00106222 0.00408966 0.0127533 0.0322137 0.0659126 0.109254 0.146716 0.15963 0.140744 0.100615 0.0584491 0.0278599 0.0114077 0.00488754 0.0033681 0.00383744 0.00500169 0.00638715 0.00777245 0.00898687 0.00988075 0.0103467 0.0103428 0.00990053 0.00911391 0.00811273 0.00703055 0.00597728 0.00502393 0.00420105 0.00350757 0.00292454 0.00242792
 1.00739e-16 2.3747e-05 0.000139338 0.000662268 0.00254963 0.00795068 0.0200831 0.0410951 0.0681286 0.0915217 0.0996646 0.0880796 0.0634172 0.0377505 0.0197016 0.0110258 0.00925699 0.0114255 0.0156512 0.0209664 0.0267317 0.0323045 0.0369902 0.0401425 0.0413052 0.0403233 0.0373812 0.0329501 0.0276687 0.0221939 0.0170717 0.0126607 0.00911811 0.00643441 0.00449395 0.00313622
 1.00433e-16 3.94257e-05 0.000231418 0.0011001 0.00423553 0.0132082 0.0333626 0.0682633 0.11315 0.151944 0.165311 0.145735 0.104145 0.0604223 0.0286554 0.0114825 0.00453577 0.00269958 0.00285538 0.0036774 0.00470454 0.00574989 0.00668488 0.00739829 0.0078072 0.00787324 0.00760951 0.00707396 0.00635244 0.00553738 0.00470928 0.00392572 0.00321932 0.00260211 0.00207307 0.00162522
 1.00239e-16 3.41182e-05 0.000200246 0.000951876 0.00366477 0.0114283 0.0288669 0.0590657 0.0979086 0.131491 0.143093 0.126231 0.0903876 0.0528052 0.0257272 0.0114993 0.00640245 0.00604948 0.0077367 0.0102467 0.0130361 0.0157349 0.0179921 0.0194897 0.0200055 0.0194662 0.0179659 0.0157405 0.0131076 0.0103933 0.00786816 0.00570917 0.00399259 0.00271141 0.00180534 0.00119152
 1.00286e-16 3.62989e-05 0.000213054 0.00101278 0.00389928 0.0121596 0.0307141 0.0628447 0.104171 0.139894 0.152222 0.134245 0.0960408 0.0559361 0.0269325 0.011496 0.00564132 0.00468195 0.00574379 0.00756482 0.00963512 0.0116594 0.0133773 0.014555 0.0150269 0.0147335 0.0137355 0.0121957 0.010337 0.00839045 0.00654944 0.00494304 0.00363065 0.00261396 0.00185761 0.00131012
 1.00273e-16 3.63259e-05 0.000213212 0.00101353 0.00390218 0.0121686 0.0307369 0.0628914 0.104248 0.139998 0.152335 0.134346 0.0961135 0.0559803 0.0269572 0.0115123 0.00565733 0.0047024 0.00577079 0.00759861 0.00967419 0.0117004 0.0134151 0.0145832 0.0150387 0.0147232 0.0136994 0.0121333 0.010251 0.00828651 0.00643513 0.00482661 0.00351975 0.0025146 0.00177364 0.0012431
 1.00613e-16 2.6337e-05 0.000154549 0.000734597 0.00282814 0.0088192 0.0222768 0.0455832 0.0755658 0.101503 0.110508 0.0976024 0.070142 0.0414895 0.0211698 0.0110832 0.00844921 0.00994369 0.0134828 0.0180414 0.0230124 0.0278319 0.0319019 0.0346665 0.0357313 0.034958 0.0324979 0.0287478 0.0242486 0.0195589 0.0151452 0.0113167 0.00821326 0.00583382 0.00408751 0.00284449
 1.01113e-16 3.03392e-05 0.000178057 0.00084638 0.00325857 0.0101615 0.0256673 0.0525193 0.087059 0.116925 0.127256 0.112294 0.0804814 0.0471663 0.0232585 0.0108719 0.00673033 0.00695828 0.00916396 0.0122554 0.0157127 0.0191436 0.0221536 0.0243724 0.0255264 0.0254985 0.0243527 0.0223083 0.0196798 0.0168 0.013954 0.0113404 0.00906298 0.00714817 0.00557278 0.00429164
 1.00332e-16 3.75309e-05 0.000220289 0.00104718 0.00403175 0.0125727 0.0317575 0.0649795 0.107708 0.144642 0.15738 0.138775 0.0992398 0.0577152 0.027632 0.011525 0.00525927 0.00397945 0.00471406 0.00617313 0.00786133 0.00952012 0.010935 0.0119158 0.0123274 0.0121209 0.0113439 0.0101268 0.00864824 0.0070933 0.00561682 0.0043219 0.00325584 0.00242005 0.00178678 0.00131599
 1.00069e-16 3.92826e-05 0.000230576 0.00109609 0.00422008 0.01316 0.0332409 0.0680145 0.112738 0.151393 0.164718 0.145226 0.103812 0.06029 0.0287068 0.0117 0.0049261 0.00329139 0.00368296 0.0047617 0.00603644 0.00727873 0.00831496 0.00899594 0.00921864 0.00894974 0.0082341 0.00718259 0.00594427 0.00467201 0.00349253 0.00248865 0.00169584 0.00111031 0.000703082 0.000434382
 1.0005e-16 3.93378e-05 0.0002309 0.00109763 0.00422601 0.0131785 0.0332877 0.0681102 0.112897 0.151606 0.16495 0.14543 0.103957 0.060373 0.0287438 0.0117108 0.0049239 0.00328195 0.00366749 0.00473943 0.0060061 0.00723909 0.00826511 0.00893549 0.00914778 0.00886925 0.0081454 0.00708759 0.00584533 0.00457179 0.00339383 0.00239419 0.00160805 0.00103116 0.0006339 0.000375789
 1.00107e-16 3.70115e-05 0.000217238 0.00103267 0.00397588 0.0123984 0.0313174 0.0640792 0.106217 0.142641 0.155209 0.136874 0.0979103 0.0570022 0.027403 0.0116225 0.00559231 0.00452949 0.00550091 0.00722028 0.0091722 0.0110642 0.0126427 0.0136825 0.014027 0.0136252 0.0125446 0.0109529 0.00907582 0.00714505 0.00535282 0.003825 0.00261585 0.00172021 0.00109478 0.000679832
 1.00329e-16 3.17481e-05 0.000186327 0.000885696 0.00340994 0.0106336 0.0268597 0.0549591 0.0911033 0.122357 0.133168 0.11751 0.0842194 0.0493555 0.0243337 0.0113637 0.00701219 0.00721578 0.00945996 0.0125868 0.0160348 0.0193766 0.0221874 0.0240778 0.0247731 0.0241792 0.0224054 0.0197336 0.0165466 0.0132388 0.0101394 0.0074657 0.00531484 0.00368388 0.00250575 0.00168559
 1.0052e-16 3.40419e-05 0.0001998 0.00094976 0.00365663 0.0114029 0.0288028 0.0589343 0.0976904 0.131196 0.142769 0.125936 0.0901562 0.0526301 0.0255682 0.0113048 0.00612439 0.00564826 0.00718378 0.00952996 0.0121674 0.0147563 0.0169777 0.0185391 0.0192306 0.018972 0.0178313 0.0160026 0.0137552 0.0113699 0.0090834 0.00705581 0.00536391 0.00401572 0.00297522 0.00218705
 1.00576e-16 3.22981e-05 0.000189558 0.000901063 0.00346912 0.0108181 0.0273258 0.0559126 0.092683 0.124476 0.135468 0.119523 0.0856268 0.0501094 0.0245738 0.0112564 0.00665306 0.00662378 0.00861347 0.0114606 0.0146255 0.0177174 0.0203536 0.0221823 0.0229522 0.022571 0.0211266 0.0188605 0.0161044 0.0132025 0.0104435 0.00802026 0.0060224 0.00445417 0.00326548 0.00238285
 1.00495e-16 3.49919e-05 0.000205379 0.000976287 0.00375877 0.0117214 0.0296073 0.0605803 0.100418 0.134857 0.146747 0.129431 0.0926286 0.0540129 0.0261269 0.0113593 0.0058802 0.005181 0.00649321 0.00859192 0.0109649 0.0132954 0.0152938 0.0166965 0.0173146 0.0170767 0.0160448 0.0143948 0.0123704 0.0102248 0.00817137 0.00635361 0.00483965 0.00363541 0.00270716 0.00200402
 1.00568e-16 3.28428e-05 0.000192757 0.000916273 0.00352769 0.0110008 0.0277871 0.0568564 0.0942471 0.126575 0.137748 0.121527 0.0870422 0.0508978 0.0248863 0.0112747 0.00649285 0.00632621 0.00817659 0.0108698 0.0138721 0.016808 0.0193141 0.0210569 0.0217979 0.021449 0.0200926 0.0179566 0.0153541 0.0126106 0.00999879 0.00770134 0.00580334 0.00430942 0.00317297 0.00232532
 1.00828e-16 3.12857e-05 0.000183614 0.0008728 0.0033603 0.0104788 0.0264686 0.0541588 0.0897764 0.120574 0.131225 0.11579 0.0829731 0.048599 0.023913 0.0110891 0.00674217 0.00686897 0.00899794 0.012001 0.0153446 0.0186317 0.0214679 0.0234874 0.0244254 0.0241781 0.0228261 0.020607 0.0178524 0.0149084 0.0120676 0.00952827 0.00738678 0.00565546 0.00429337 0.00323645
 1.00742e-16 3.3938e-05 0.00019919 0.000946863 0.00364548 0.0113681 0.0287149 0.0587545 0.0973922 0.130795 0.142331 0.125547 0.0898711 0.0524506 0.0254567 0.0112147 0.00601901 0.00550385 0.00698674 0.00927519 0.0118593 0.0144109 0.0166228 0.0182128 0.018976 0.0188309 0.0178368 0.016173 0.014091 0.0118538 0.00968399 0.00773253 0.00607353 0.0047178 0.00363623 0.00278272
 1.00804e-16 3.03245e-05 0.000177968 0.000845956 0.00325693 0.0101564 0.0256544 0.0524931 0.0870162 0.11687 0.127202 0.112259 0.080484 0.0472241 0.0233908 0.0111056 0.00710117 0.00750626 0.00992396 0.0132446 0.0169179 0.0205112 0.0235876 0.0257419 0.0266836 0.0263038 0.0247004 0.0221469 0.019021 0.0157147 0.0125571 0.00976873 0.00745259 0.00561534 0.00420239 0.00313316
 1.02793e-16 7.20159e-06 4.21774e-05 0.000200303 0.000770859 0.00240357 0.00607196 0.0124292 0.0206225 0.0277548 0.0303593 0.0271516 0.0202487 0.0134574 0.00959684 0.0094514 0.012528 0.0181102 0.0256526 0.0346475 0.0444077 0.0539943 0.0623119 0.0683122 0.0712273 0.070748 0.0670895 0.0609161 0.053162 0.0448065 0.0366799 0.0293483 0.0230928 0.0179599 0.0138477 0.0105902
pSPR Fmed_Fpbrs
0.372833   0.435341 0.435341
Fs Fmed_Fpbrs
1.3563   1.005 1.005
SSBpbr Bo_Bmed_Bpbrs
745511  240675  287276 287276
Ro
21590.3
SPR SPRFo_SPRFmed_SPRFpbrs
443417 165320 193038
log_Ro
9.8
likeval ReclasPelacesDesembMPH_pf_preclas_ppelaces_ptallas_desvR_qrecl_qpela
 74.5367 17.9283 0.217069 0.000160725 329.286 191.148 84.9884 0 32.1374 3.40969e-05 0.000139844 0 0 0 0
q_reclas_q_pelaces
2.28747 5.37857
M
0.7
N
 14159.7 20096.9 6093.96 788.808 0.142045
 46409.1 6724.16 7014.32 1740.32 221.494
 3669.43 21546.7 1963.9 1514.66 412.815
 8556.23 1571.63 3330.35 156.254 144.832
 41199.6 3979.91 465.848 736.006 64.8554
 15925.2 20123.3 1734.47 188.484 321.981
 63194 6969.26 3686.25 180.147 50.4352
 59844.3 28242 1506.69 496.523 29.8182
 74622.9 25778.5 4566.76 128.675 42.566
 127838 31763.3 3793.96 336.466 11.8854
 57623.6 57709 7433.45 578.709 51.2309
 46582.7 25102.2 10195.8 729.48 58.788
 53563.2 20477.4 4764.05 1119.49 82.5953
 28931.9 21473.5 1878.59 167.202 38.8635
 12742.7 9824.15 531.419 8.43957 0.799402
 11090.1 4295.19 229.406 2.17946 0.0326536
 7284.05 4586.47 503.604 11.8315 0.106379
 8350 3128.99 725.582 41.5572 0.931991
 8552.1 3683.09 609.967 83.0883 4.64987
 11755.2 3842.12 829.9 87.6729 12.1361
 16790.6 5190.82 755.542 96.3424 11.0751
 21258.5 7895.09 1675.77 190.912 26.5792
 34926.7 9915.25 2390.91 383.013 48.5254
 35054.8 16077.2 2706.38 464.271 81.3887
 2962.06 16143.2 4403.51 528.392 103.484
pred_Ctot
 446.22 4382.47 1921.89 254.715 0.0459258
 2179.83 2052.87 2988.01 756.885 96.4365
 365.976 11387 1307.75 1021.86 278.694
 391.023 469.232 1391.34 66.6622 61.8582
 486.721 352.975 62.7913 101.994 9.00077
 1369.8 9658 1073.89 118.433 202.473
 4573.95 2965.95 2075.96 103.154 28.9052
 5751.97 14579.4 985.959 329.329 19.7916
 7734.31 13953.2 3094.89 88.3092 29.2324
 8407.42 12603.2 2018.31 182.177 6.4413
 5126.04 28326.2 4682.45 369.814 32.7631
 3871.99 11771.4 6200.33 450.378 36.3246
 7514.45 13148.7 3636.22 862.297 63.6505
 6724.27 16979 1627.97 145.548 33.8384
 3009.84 7807.12 461.838 7.3668 0.697949
 1347.56 2553.35 166.203 1.59609 0.0239268
 712.914 2395.17 332.4 7.91364 0.0712028
 675.717 1440.58 434.957 25.2992 0.567842
 589.526 1512.94 333.817 46.2583 2.5911
 942.865 1758.08 495.102 53.1224 7.35949
 643.397 1338.78 277.312 36.1591 4.16162
 932.265 2278.81 679.643 79.0945 11.0242
 1842.79 3322.56 1103.77 180.343 22.8723
 1839.21 5363.57 1244.68 217.787 38.2191
 184.458 6148.9 2264.83 276.749 54.2526
F
 0.0446904 0.35261 0.55323 0.570308 0.571236
 0.0672711 0.530773 0.832761 0.858468 0.859865
 0.147926 1.16715 1.83121 1.88773 1.89081
 0.0653996 0.516007 0.809593 0.834585 0.835943
 0.0165475 0.130561 0.204844 0.211168 0.211511
 0.126396 0.997272 1.56468 1.61298 1.6156
 0.105397 0.831592 1.30473 1.34501 1.3472
 0.142205 1.12201 1.76038 1.81473 1.81768
 0.154135 1.21613 1.90806 1.96696 1.97016
 0.0953508 0.752323 1.18036 1.2168 1.21878
 0.130979 1.03343 1.62141 1.67147 1.67419
 0.121907 0.961855 1.50911 1.5557 1.55823
 0.214041 1.6888 2.64965 2.73145 2.73589
 0.380102 2.99903 4.70535 4.8506 4.85849
 0.387463 3.05711 4.79647 4.94454 4.95258
 0.182946 1.44346 2.26473 2.33464 2.33844
 0.144979 1.14389 1.79472 1.85012 1.85313
 0.118511 0.935059 1.46707 1.51236 1.51482
 0.100151 0.790201 1.23979 1.27806 1.28014
 0.117407 0.926345 1.4534 1.49826 1.5007
 0.0545774 0.430619 0.675623 0.696479 0.697613
 0.0626825 0.494568 0.775958 0.799911 0.801213
 0.0758499 0.59846 0.938959 0.967944 0.969519
 0.0754113 0.594999 0.93353 0.962347 0.963913
 0.0900805 0.71074 1.11512 1.14955 1.15142
nmprior
 10.6 11 7 0
nm_flota  nm_reclas  nm_pelaces    nm_pelaL
inf 20.9483 15.2975 34.6743
cv_recla  cv_pelaces  cv_mph
0.780926 0.480111 0.41132
 ------------------------------------------------
Talla a la edad & desviación 
 7.2 14.2025 17.0495 18.207 18.6776
 1.08 2.13037 2.55742 2.73105 2.80164
