years
 1997 1998 1999 2000 2001 2002 2003 2004 2005 2006 2007 2008 2009 2010 2011 2012 2013 2014 2015 2016 2017 2018 2019 2020 2021
reclasobs
 0 0 0 370054 412103 1.49427e+06 250295 1.28982e+06 931140 785840 897777 1.04006e+06 184774 17550 25797 100020 73551 82996 120727 218422 84188 347160 605670 569463 516374
reclaspred
 4.34473e+06 905653 2.8277e+06 1.74825e+06 1.70482e+06 2.06893e+06 3.99091e+06 2.22834e+06 1.96945e+06 1.60106e+06 1.26075e+06 837397 486633 231900 166349 177215 229223 353724 422979 581571 896995 901966 1.63889e+06 2.33258e+06 3.56735e+06
pelacesobs
 0 0 0 0 0 0 0 0 0 2.06254e+06 1.5e+06 0 1.87456e+06 323000 250000 174000 83755 137374 0 501740 490994 745055 786931 1.00524e+06 1.33801e+06
pelacespred
 2.65643e+06 1.07051e+06 1.12637e+06 1.31334e+06 1.08045e+06 1.09578e+06 2.0044e+06 1.683e+06 1.19855e+06 1.01353e+06 684489 461466 262370 102682 73828.3 88716.7 119968 186021 234786 312363 521781 550735 757687 1.26486e+06 1.98971e+06
mphobs
 0 0 0 0 0 112323 0 153150 637223 0 255016 313432 73983 77613 109348 50772 0 0 0 0 0 0 0 0 0
mphpred
 3.11359e+06 1.74028e+06 1.54838e+06 1.97738e+06 1.49282e+06 1.75659e+06 2.56798e+06 2.78603e+06 1.82542e+06 1.59307e+06 1.32357e+06 888429 544979 290035 149825 143045 174548 260467 357381 432925 665263 838705 1.07334e+06 1.7217e+06 2.69683e+06
desembarqueobs
 350755 77701 442110 56441 14545 235359 269955 359681 431902 328805 639364 411747 362871 311530 167758 66681 60226 58785 57116 73181 50977 67692 138656 160484 209506
desembarquepred
 350758 77716.6 442171 56450.5 14549 235572 270153 359512 431648 328725 640242 412479 363747 312468 168114 66806.7 60309 58828.9 57180 73257.6 50975.6 67706.4 138866 160432 209533
Reclutas
 127402 113184 85913.4 84445.5 138661 125674 169377 72838.3 124503 114996 68705.5 43836.5 45449.1 30118.1 21972.1 21667.9 20199.1 25545.9 28503.8 49252.5 72358.1 84212.6 173154 231820 216837
log_desv_Rt
 0.575106 0.456772 0.181095 0.163862 0.659785 0.561446 0.859883 0.0159968 0.552085 0.472653 -0.0424158 -0.491778 -0.455651 -0.86712 -1.18247 -1.19641 -1.26661 -1.03177 -0.922207 -0.375284 0.00938281 0.1611 0.881935 1.17372 1.1069
SSB
 3.11359e+06 1.74028e+06 1.54838e+06 1.97738e+06 1.49282e+06 1.75659e+06 2.56798e+06 2.78603e+06 1.82542e+06 1.59307e+06 1.32357e+06 888429 544979 290035 149825 143045 174548 260467 357381 432925 665263 838705 1.07334e+06 1.7217e+06 2.69683e+06
BT
 7.00385e+06 2.14983e+06 2.87868e+06 2.65622e+06 2.31127e+06 2.3275e+06 4.90534e+06 3.69495e+06 3.04138e+06 2.46826e+06 2.00889e+06 1.33626e+06 932203 518789 324685 255855 329475 474199 539457 767661 1.26661e+06 1.16877e+06 1.74325e+06 2.95416e+06 4.60896e+06
Ftot
 0.0787664 0.0836973 0.151868 0.0315847 0.00835865 0.110855 0.0660943 0.156603 0.212106 0.19885 0.481009 0.467017 0.695398 1.18779 0.924597 0.361336 0.254121 0.16153 0.131483 0.122624 0.0555276 0.0732597 0.0826584 0.067159 0.0573796
BD_Bspro_t
 0.988398 0.926893 0.886326 0.819182 0.854117 0.901657 0.873638 0.866335 0.787008 0.728011 0.669587 0.500791 0.385083 0.277501 0.17888 0.198739 0.298134 0.469464 0.605651 0.702561 0.799103 0.86791 0.877761 0.892407 0.90774
BD_Bspro
 2.11493 1.18209 1.05175 1.34315 1.01401 1.19318 1.74432 1.89243 1.23993 1.0821 0.899045 0.603471 0.370181 0.197008 0.10177 0.0971643 0.118563 0.176924 0.242753 0.294067 0.451885 0.569696 0.72907 1.16948 1.83184
BD_Bo
 1.71856 0.960554 0.854637 1.09142 0.823969 0.96956 1.41741 1.53776 1.00755 0.879303 0.730552 0.490373 0.300804 0.160086 0.0826966 0.0789544 0.0963427 0.143766 0.197258 0.238955 0.367195 0.462927 0.592433 0.950302 1.48853
BD_Brms
 8.35868 4.67191 4.15675 5.30843 4.00759 4.71572 6.89395 7.47931 4.90047 4.27672 3.55323 2.38506 1.46304 0.778621 0.402217 0.384016 0.468588 0.699245 0.959417 1.16222 1.78595 2.25157 2.88145 4.62205 7.23985
S_f
 0.5 1 1 1 1
 0.5 1 1 1 1
 0.5 1 1 1 1
 0.5 1 1 1 1
 0.5 1 1 1 1
 0.5 1 1 1 1
 0.5 1 1 1 1
 0.5 1 1 1 1
 0.5 1 1 1 1
 0.5 1 1 1 1
 0.5 1 1 1 1
 0.5 1 1 1 1
 0.5 1 1 1 1
 0.5 1 1 1 1
 0.5 1 1 1 1
 0.5 1 1 1 1
 0.5 1 1 1 1
 0.5 1 1 1 1
 0.5 1 1 1 1
 0.5 1 1 1 1
 0.5 1 1 1 1
 0.5 1 1 1 1
 0.5 1 1 1 1
 0.5 1 1 1 1
 0.5 1 1 1 1
Scru_reclas
 0.5 1 1 1 1
 0.5 1 1 1 1
 0.5 1 1 1 1
 0.5 1 1 1 1
 0.5 1 1 1 1
 0.5 1 1 1 1
 0.5 1 1 1 1
 0.5 1 1 1 1
 0.5 1 1 1 1
 0.5 1 1 1 1
 0.5 1 1 1 1
 0.5 1 1 1 1
 0.5 1 1 1 1
 0.5 1 1 1 1
 0.5 1 1 1 1
 0.5 1 1 1 1
 0.5 1 1 1 1
 0.5 1 1 1 1
 0.5 1 1 1 1
 0.5 1 1 1 1
 0.5 1 1 1 1
 0.5 1 1 1 1
 0.5 1 1 1 1
 0.5 1 1 1 1
 0.5 1 1 1 1
Scru_pelaces
 0.5 1 1 1 1
 0.5 1 1 1 1
 0.5 1 1 1 1
 0.5 1 1 1 1
 0.5 1 1 1 1
 0.5 1 1 1 1
 0.5 1 1 1 1
 0.5 1 1 1 1
 0.5 1 1 1 1
 0.5 1 1 1 1
 0.5 1 1 1 1
 0.5 1 1 1 1
 0.5 1 1 1 1
 0.5 1 1 1 1
 0.5 1 1 1 1
 0.5 1 1 1 1
 0.5 1 1 1 1
 0.5 1 1 1 1
 0.5 1 1 1 1
 0.5 1 1 1 1
 0.5 1 1 1 1
 0.5 1 1 1 1
 0.5 1 1 1 1
 0.5 1 1 1 1
 0.5 1 1 1 1
pf_obs 
 0.256992 0.487395 0.22802 0.0275931 0
 0.321318 0.546541 0.124235 0.00734118 0.000564706
 0.182869 0.594174 0.210203 0.0122559 0.00049798
 0.330522 0.361315 0.267642 0.0388342 0.00168674
 0.649043 0.306663 0.0425973 0.00169635 0
 0.582887 0.30429 0.105238 0.00758474 0
 0.465427 0.430635 0.0974691 0.00646863 0
 0.296916 0.608066 0.0921331 0.00288517 0
 0.311714 0.524322 0.152257 0.0117073 0
 0.15457 0.633149 0.183074 0.0267441 0.00246327
 0.131901 0.49318 0.331252 0.0422183 0.00144891
 0.196976 0.569456 0.194076 0.0375587 0.00193317
 0.518974 0.381816 0.0799577 0.0180837 0.00116848
 0.0928022 0.601141 0.25162 0.0475244 0.00691264
 0.122501 0.610282 0.24278 0.0234846 0.000952079
 0.383417 0.481906 0.127806 0.00687128 0
 0.0376549 0.599619 0.316969 0.0457579 0
 0.0361596 0.667082 0.258105 0.0386534 0
 0.158088 0.579412 0.248529 0.0139706 0
 0.0477256 0.309471 0.559284 0.082774 0.000745712
 0.0406174 0.521527 0.379366 0.0568643 0.0016247
 0.151134 0.462217 0.34131 0.0453401 0
 0.294876 0.26143 0.354403 0.0886775 0.000613685
 0.281977 0.475581 0.204845 0.0348837 0.00271318
 0.0354234 0.537034 0.353287 0.0723622 0.0018943
pf_pred 
 0.433605 0.285132 0.141592 0.0703126 0.0693587
 0.36638 0.386634 0.124336 0.0617436 0.060906
 0.308669 0.374792 0.193151 0.0621149 0.0612722
 0.341565 0.317676 0.184736 0.0952047 0.0608177
 0.46253 0.274869 0.126698 0.0736775 0.0622258
 0.372763 0.397072 0.11771 0.0542568 0.0581991
 0.444945 0.305746 0.157825 0.0467864 0.0446981
 0.22309 0.481876 0.162516 0.0838901 0.0486276
 0.422223 0.216754 0.223923 0.0755195 0.0615797
 0.396298 0.36721 0.0887204 0.0916547 0.0561165
 0.299105 0.407565 0.178422 0.0431081 0.0718
 0.308498 0.342761 0.20279 0.0887769 0.0571744
 0.433891 0.286284 0.138703 0.0820618 0.0590611
 0.435237 0.36921 0.0988922 0.0479126 0.0487487
 0.523742 0.329123 0.0961881 0.0257638 0.0251826
 0.558869 0.328575 0.0777829 0.0227325 0.0120404
 0.466908 0.393303 0.104121 0.0246485 0.0110191
 0.494474 0.330242 0.12932 0.0342357 0.0117277
 0.457133 0.364765 0.116348 0.045561 0.0161934
 0.548289 0.287331 0.11045 0.0352301 0.0186992
 0.532466 0.334456 0.0846503 0.0325397 0.0158881
 0.460862 0.37643 0.116395 0.0294594 0.0168535
 0.581613 0.26598 0.106411 0.0329032 0.013092
 0.513379 0.360085 0.0804428 0.0321829 0.0139107
 0.402343 0.407934 0.140389 0.0313628 0.0179708
pobs_RECLAS
 0 0 0 0 0
 0 0 0 0 0
 0 0 0 0 0
 0 0 0 0 0
 0.835266 0.146461 0.0176864 0.000547809 3.91292e-05
 0.385257 0.428462 0.181853 0.0044286 0
 0.867414 0.0963971 0.0333333 0.00285562 0
 0.441836 0.489002 0.0689373 0.000224442 0
 0.779404 0.147425 0.0564933 0.0165055 0.000172143
 0.814271 0.122319 0.05973 0.00367925 0
 0.40263 0.566651 0.0304383 0.000280538 0
 0.475488 0.404961 0.113038 0.00651328 0
 0.955842 0.0263864 0.0167828 0.000988607 0
 0.975058 0.0227948 0.00214734 0 0
 0.738997 0.206755 0.0527124 0.00153531 0
 0.850938 0.134255 0.0134407 0.00136685 0
 0.542534 0.407297 0.0501686 0 0
 0.764087 0.199537 0.0359546 0.000420521 0
 0.470689 0.182191 0.310203 0.0369168 0
 0.84361 0.089868 0.0606195 0.00523954 0.000663233
 0.607945 0.314616 0.071237 0.00620181 0
 0.523733 0.453247 0.0230204 0 0
 0.530135 0.295979 0.169645 0.0042399 0
 0.562478 0.366248 0.0663022 0.0049721 0
 0.250443 0.683176 0.0655157 0.000865301 0
ppred_RECLAS
 0.434211 0.284827 0.141441 0.0702374 0.0692845
 0.366992 0.386261 0.124216 0.061684 0.0608472
 0.309757 0.374202 0.192847 0.0620171 0.0611758
 0.341778 0.317574 0.184676 0.095174 0.0607981
 0.46259 0.274838 0.126683 0.0736692 0.0622188
 0.3736 0.396541 0.117553 0.0541844 0.0581213
 0.44545 0.305468 0.157681 0.0467438 0.0446574
 0.224006 0.481308 0.162324 0.0837913 0.0485703
 0.424054 0.216068 0.223214 0.0752802 0.0613845
 0.397963 0.366197 0.0884758 0.091402 0.0559618
 0.303497 0.40501 0.177304 0.0428379 0.0713501
 0.312795 0.340631 0.20153 0.0882252 0.0568191
 0.44239 0.281985 0.13662 0.0808297 0.0581744
 0.453879 0.357022 0.0956279 0.0463311 0.0471396
 0.536689 0.320176 0.0935732 0.0250634 0.024498
 0.562414 0.325935 0.0771578 0.0225498 0.0119436
 0.469225 0.391594 0.103669 0.0245413 0.0109712
 0.495841 0.32935 0.128971 0.0341431 0.011696
 0.458207 0.364043 0.116118 0.0454708 0.0161614
 0.549281 0.2867 0.110208 0.0351528 0.0186581
 0.532889 0.334153 0.0845737 0.0325102 0.0158737
 0.461429 0.376034 0.116273 0.0294284 0.0168358
 0.582246 0.265578 0.10625 0.0328534 0.0130722
 0.513898 0.3597 0.0803569 0.0321485 0.0138959
 0.402767 0.407645 0.140289 0.0313406 0.0179581
pobs_PELACES
 0 0 0 0 0
 0 0 0 0 0
 0 0 0 0 0
 0 0 0 0 0
 0 0 0 0 0
 0 0 0 0 0
 0 0 0 0 0
 0 0 0 0 0
 0 0 0 0 0
 0 0 0 0 0
 0.450072 0.473896 0.0757376 0.000293798 0
 0 0 0 0 0
 0.463077 0.371075 0.160297 0.00555027 0
 0.529543 0.364841 0.0842815 0.0213345 0
 0.631943 0.363953 0.00410389 0 0
 0.735681 0.248677 0.0153453 0.000297389 0
 0.695825 0.281241 0.0229344 0 0
 0.275771 0.60734 0.115278 0.00161068 0
 0 0 0 0 0
 0.896147 0.0623911 0.0374545 0.00400742 0
 0.803859 0.145111 0.0509908 3.86294e-05 0
 0.739449 0.233085 0.0266225 0.000797448 4.60066e-05
 0.878498 0.100942 0.0204185 0.000141795 0
 0.694673 0.275183 0.0284847 0.00165964 0
 0.469039 0.446079 0.0841089 0.000773354 0
ppred_PELACES
 0.437406 0.283218 0.140642 0.0698407 0.0688932
 0.370206 0.3843 0.123586 0.0613708 0.0605382
 0.31514 0.371284 0.191343 0.0615335 0.0606987
 0.342951 0.317008 0.184347 0.0950043 0.0606898
 0.462933 0.274663 0.126603 0.0736222 0.0621791
 0.377891 0.393825 0.116747 0.0538133 0.0577233
 0.448145 0.303983 0.156915 0.0465166 0.0444404
 0.22853 0.478502 0.161378 0.0833028 0.0482871
 0.432624 0.212853 0.219892 0.0741601 0.0604712
 0.40585 0.3614 0.0873168 0.0902046 0.0552287
 0.320531 0.395105 0.172968 0.0417903 0.0696051
 0.329593 0.332304 0.196604 0.0860687 0.0554302
 0.470852 0.267592 0.129647 0.076704 0.0552051
 0.502744 0.325077 0.0870715 0.0421856 0.0429217
 0.57434 0.294157 0.0859691 0.0230267 0.0225072
 0.577028 0.315049 0.074581 0.0217967 0.0115447
 0.47968 0.38388 0.101627 0.0240579 0.0107551
 0.502504 0.324997 0.127266 0.0336919 0.0115414
 0.463598 0.360421 0.114963 0.0450184 0.0160006
 0.554285 0.283517 0.108984 0.0347625 0.018451
 0.535169 0.332522 0.0841609 0.0323516 0.0157962
 0.464435 0.373936 0.115624 0.0292642 0.0167418
 0.585559 0.263472 0.105408 0.0325928 0.0129685
 0.516666 0.357652 0.0798993 0.0319655 0.0138167
 0.405046 0.40609 0.139754 0.0312209 0.0178896
pobs_pel_tallas
 0 0 0 0 0 0 0 0 0 0 0 0 0 0 0 0 0 0 0 0 0 0 0 0 0 0 0 0 0 0 0 0 0 0 0 0
 0 0 0 0 0 0 0 0 0 0 0 0 0 0 0 0 0 0 0 0 0 0 0 0 0 0 0 0 0 0 0 0 0 0 0 0
 0 0 0 0 0 0 0 0 0 0 0 0 0 0 0 0 0 0 0 0 0 0 0 0 0 0 0 0 0 0 0 0 0 0 0 0
 0 0 0 0 0 0 0 0 0 0 0 0 0 0 0 0 0 0 0 0 0 0 0 0 0 0 0 0 0 0 0 0 0 0 0 0
 0 0 0 0 0 0 0 0 0 0 0 0 0 0 0 0 0 0 0 0 0 0 0 0 0 0 0 0 0 0 0 0 0 0 0 0
 0 0 0 0 0 0 0 0 0 0 0 0 0 0 0 0 0 0 0 0 0 0 0 0 0 0 0 0 0 0 0 0 0 0 0 0
 0 0 0 0 0 0 0 0 0 0 0 0 0 0 0 0 0 0 0 0 0 0 0 0 0 0 0 0 0 0 0 0 0 0 0 0
 0 0 0 0 0 0 0 0 0 0 0 0 0 0 0 0 0 0 0 0 0 0 0 0 0 0 0 0 0 0 0 0 0 0 0 0
 0 0 0 0 0 0 0 0 0 0 0 0 0 0 0 0 0 0 0 0 0 0 0 0 0 0 0 0 0 0 0 0 0 0 0 0
 0 0 0 0 0 0 0 0 0 0 0 0 0 0 0 0 0 0 0 0 0 0 0 0 0 0 0 0 0 0 0 0 0 0 0 0
 0 0 0 0 0 0 0 0 1.78061e-05 0.00172719 0.00360574 0.0105946 0.0120993 0.0124554 0.0147524 0.0171206 0.0266825 0.0428682 0.0675386 0.121331 0.153587 0.119568 0.100827 0.0573624 0.0630603 0.0341343 0.0324427 0.0444173 0.0211091 0.0280891 0.0125444 0.00206551 0 0 0 0
 0 0 0 0 0 0 0 0 0 0 0 0 0 0 0 0 0 0 0 0 0 0 0 0 0 0 0 0 0 0 0 0 0 0 0 0
 0 0 0 0 0 0 0.0133647 0.0140871 0.0187388 0.0205184 0.03894 0.0496705 0.03968 0.0493445 0.0407372 0.0367815 0.0215668 0.0243155 0.0234873 0.0199281 0.019796 0.0243948 0.0301388 0.0376714 0.0412746 0.0863199 0.0771752 0.113111 0.0741005 0.0525337 0.0229764 0.00759418 0.00175318 0 0 0
 0 0 0 0 0 0 0 0 0 0 0.00219441 0.00772107 0.0458388 0.0604681 0.0671733 0.0775358 0.0609151 0.0617685 0.073594 0.0568108 0.0755445 0.0548602 0.0670107 0.0636378 0.0643287 0.046367 0.0373049 0.0286899 0.0247887 0.0153202 0.00654259 0.00121912 0.000365735 0 0 0
 0 0 0 0 0 0 0 0 0 0 0 0 0.000112435 0.00938835 0.0111873 0.0202946 0.0414886 0.0713402 0.111592 0.104902 0.108894 0.110636 0.117776 0.105296 0.107544 0.0401394 0.0192827 0.0124803 0.00416011 0.0028671 0.000618394 0 0 0 0 0
 0 0 0 0 0 0 0 0 0 0 0.00291406 0.0102884 0.027416 0.0768956 0.0749926 0.110853 0.0956884 0.0897413 0.0766577 0.0534642 0.0500743 0.0551293 0.0594112 0.0620874 0.0668451 0.0424026 0.0208742 0.0120726 0.0048766 0.00582813 0.00118941 0.000297354 0 0 0 0
 0 0.00264628 0.0354308 0.0461629 0.0458689 0.0383711 0.0214643 0.0164657 0.0346957 0.0420465 0.0363128 0.0245516 0.0311673 0.0291091 0.0169068 0.0133784 0.00837989 0.0085269 0.0148486 0.0160247 0.0276389 0.0546898 0.0760071 0.122758 0.109233 0.0665981 0.0333725 0.0166128 0.00676272 0.00308733 0.000882094 0 0 0 0 0
 0 0 0 0 0 0 0 0.000805153 0.000690131 0.00759144 0.0133425 0.0154129 0.00931677 0.000345066 0.00356568 0.00563607 0.00851162 0.0253048 0.0502646 0.0516448 0.0657925 0.0565908 0.0611916 0.0827007 0.0866115 0.110766 0.145733 0.0935128 0.0569358 0.0249597 0.0138026 0.00621118 0.00161031 0.00115022 0 0
 0 0 0 0 0 0 0 0 0 0 0 0 0 0 0 0 0 0 0 0 0 0 0 0 0 0 0 0 0 0 0 0 0 0 0 0
 0.00147267 0.00158595 0.00478618 0.00569244 0.00954404 0.0108468 0.00647125 0.017049 0.0510054 0.094081 0.124002 0.0959785 0.0687766 0.0820023 0.061753 0.0591476 0.0492212 0.0479892 0.0443925 0.0268479 0.0217502 0.0140895 0.0121071 0.0120363 0.00920419 0.00665534 0.0049561 0.00860946 0.00930331 0.0156896 0.0114698 0.00855282 0.00243557 0.00046729 0 2.83206e-05
 0 0 0 0 0.000772559 0.00158375 0.000888443 0.00281984 0.00712685 0.0440552 0.0773331 0.111326 0.0921469 0.0852325 0.0710754 0.0886704 0.0786465 0.0553345 0.0373146 0.0185414 0.00753245 0.00457741 0.012979 0.0271748 0.0457355 0.0583668 0.034881 0.0177882 0.00938659 0.00492506 0.0015258 0.00185414 0.000309023 5.79419e-05 3.86279e-05 0
 0 0.00173294 0.00326652 0 0.00397197 0.00683976 0.00946217 0.0152591 0.00757587 0.0136028 0.0228656 0.0392903 0.0559909 0.0764795 0.0681675 0.0726916 0.0566044 0.0477403 0.0527397 0.0444891 0.0609904 0.0582453 0.0661739 0.0445044 0.0529084 0.0360697 0.0280645 0.0235558 0.0158879 0.00826598 0.00280645 0.00217768 0.000904811 0.00058276 9.20147e-05 0
 0 0 0 0 0 0 0 0 0 0 0 0 0 0 0 0 0 0 0 0 0 0 0 0 0 0 0 0 0 0 0 0 0 0 0 0
 0 0 0 0 0 0 0 0 0 0 0 0 0 0 0 0 0 0 0 0 0 0 0 0 0 0 0 0 0 0 0 0 0 0 0 0
 0 0 0 0 0 0 0 0 0 0 0 0 0 0 0 0 0 0 0 0 0 0 0 0 0 0 0 0 0 0 0 0 0 0 0 0
ppred_pel_tallas
 1.07708e-16 1.90972e-05 0.000112052 0.00053258 0.00205035 0.00639371 0.0161502 0.033047 0.0547852 0.0735932 0.0801323 0.0707971 0.0509296 0.0302301 0.0156235 0.00851505 0.00692476 0.00848562 0.0117336 0.0159714 0.020797 0.0258251 0.0306232 0.034761 0.0378919 0.0398205 0.0405287 0.0401509 0.0389143 0.0370646 0.0348071 0.0322794 0.0295566 0.0266772 0.0236749 0.020601
 1.06817e-16 1.6171e-05 9.48639e-05 0.000450843 0.00173561 0.00541218 0.0136711 0.0279753 0.0463816 0.0623177 0.0678892 0.060062 0.043385 0.0261089 0.014149 0.00875817 0.0083218 0.0108782 0.0151877 0.0205969 0.0266307 0.0327642 0.0384001 0.0429562 0.0459862 0.0472735 0.0468672 0.0450427 0.0422097 0.0387992 0.0351697 0.0315576 0.0280775 0.0247561 0.0215803 0.018537
 1.07788e-16 1.37696e-05 8.0766e-05 0.000383821 0.00147756 0.00460747 0.0116384 0.0238163 0.0394878 0.0530603 0.0578174 0.0511829 0.0370398 0.0224286 0.0124073 0.00807171 0.00807966 0.0107918 0.0151741 0.0206752 0.0268716 0.0332733 0.039307 0.0443997 0.0480931 0.0501338 0.0505104 0.049423 0.0472024 0.0442121 0.0407659 0.0370867 0.0333064 0.029496 0.025703 0.0219809
 1.08821e-16 1.498e-05 8.78773e-05 0.000417641 0.00160779 0.00501361 0.0126642 0.0259148 0.0429645 0.0577241 0.0628784 0.0556135 0.0401383 0.0240895 0.0129387 0.00783926 0.00729302 0.00948996 0.0133047 0.0181746 0.0237212 0.029533 0.0351292 0.0400235 0.0438164 0.0462707 0.047342 0.0471543 0.0459363 0.0439429 0.0413931 0.0384415 0.035184 0.0316853 0.0280108 0.0242465
 1.07322e-16 2.02099e-05 0.000118586 0.000563642 0.00216995 0.00676669 0.0170923 0.0349746 0.0579798 0.077882 0.0847954 0.074901 0.0538469 0.0318915 0.0163523 0.00870323 0.00683397 0.00822721 0.0113274 0.0154003 0.0200373 0.0248592 0.0294457 0.0333808 0.0363318 0.0381141 0.0387168 0.0382778 0.0370241 0.0351995 0.033006 0.0305773 0.0279832 0.0252558 0.0224212 0.0195224
 1.06332e-16 1.65065e-05 9.68327e-05 0.0004602 0.00177163 0.00552452 0.0139548 0.028556 0.0473443 0.0636112 0.0692982 0.0613084 0.0442847 0.0266491 0.014439 0.00893212 0.00847881 0.0110738 0.0154475 0.0209277 0.027023 0.0331913 0.0388174 0.0433048 0.0461995 0.0472876 0.0466316 0.0445295 0.0414189 0.0377589 0.0339312 0.030188 0.0266499 0.0233409 0.0202381 0.0173141
 1.06002e-16 1.95664e-05 0.000114805 0.000545661 0.00210071 0.00655075 0.0165469 0.0338588 0.0561313 0.0754026 0.0821053 0.0725473 0.0522037 0.0310166 0.0160849 0.00885314 0.00729624 0.00898968 0.0124287 0.0168865 0.0219303 0.0271371 0.0320319 0.0361439 0.0390973 0.0406853 0.0409014 0.0399133 0.0379977 0.035459 0.0325613 0.0294935 0.0263689 0.0232483 0.0201706 0.017177
 1.07566e-16 9.99719e-06 5.86092e-05 0.000278464 0.00107187 0.00334232 0.00844291 0.0172788 0.0286549 0.0385233 0.0420278 0.0373257 0.0272738 0.0170381 0.0103678 0.00815283 0.00951426 0.0133308 0.0188611 0.0256249 0.0331312 0.0407476 0.0477307 0.0533515 0.0570492 0.0585502 0.0579131 0.0554815 0.0517705 0.047326 0.0426074 0.0379253 0.0334388 0.0291959 0.0251908 0.021412
 1.08565e-16 1.8886e-05 0.000110818 0.000526726 0.00202783 0.00632352 0.0159728 0.0326836 0.054181 0.0727764 0.0792293 0.0699672 0.0502628 0.0296951 0.0150938 0.00782802 0.00592282 0.00703342 0.00973081 0.0133748 0.0176494 0.0222789 0.0269453 0.0313112 0.035073 0.03801 0.0400074 0.041049 0.0411861 0.0405008 0.0390777 0.0369949 0.0343321 0.0311849 0.0276774 0.0239624
 1.07038e-16 1.77242e-05 0.000103985 0.00049421 0.00190259 0.00593292 0.0149864 0.0306663 0.0508413 0.0683038 0.0743952 0.0657815 0.0474369 0.0283883 0.015095 0.00890067 0.00800437 0.0102315 0.0142151 0.0192567 0.0248839 0.0305995 0.0358451 0.0400812 0.0428982 0.0441043 0.0437567 0.0421224 0.0395891 0.0365569 0.0333504 0.0301728 0.0271095 0.0241632 0.0213039 0.0185084
 1.07273e-16 1.40056e-05 8.21494e-05 0.000390393 0.00150286 0.00468635 0.0118377 0.0242242 0.0401645 0.0539709 0.0588129 0.0520719 0.0376999 0.0228614 0.0127054 0.00835088 0.00843569 0.0112915 0.0158593 0.0215623 0.0279458 0.0344807 0.0405529 0.0455558 0.049014 0.0506804 0.0505752 0.0489498 0.0461969 0.0427398 0.0389396 0.0350459 0.0311965 0.0274481 0.0238207 0.0203335
 1.08447e-16 1.43982e-05 8.44601e-05 0.000401392 0.00154522 0.00481849 0.0121714 0.0249065 0.0412937 0.055482 0.060443 0.0534761 0.0386319 0.0232579 0.0126239 0.00785213 0.00751629 0.00988735 0.0138864 0.0189637 0.0247319 0.0307585 0.036536 0.0415513 0.0453842 0.0477866 0.0487165 0.0483119 0.0468245 0.0445359 0.0416917 0.038469 0.0349804 0.031301 0.0275004 0.0236639
 1.07143e-16 2.05549e-05 0.000120612 0.000573276 0.00220705 0.00688237 0.0173845 0.0355724 0.0589704 0.0792117 0.0862402 0.0761706 0.054745 0.032394 0.0165558 0.00872421 0.0067477 0.00806214 0.0110849 0.0150739 0.0196233 0.0243628 0.0288824 0.0327754 0.0357149 0.0375166 0.0381642 0.0377858 0.036597 0.0348305 0.0326815 0.0302804 0.0276986 0.0249731 0.0221361 0.0192362
 1.04798e-16 2.19479e-05 0.000128785 0.000612118 0.00235658 0.00734867 0.0185624 0.0379828 0.0629673 0.084583 0.0920952 0.0813585 0.0585094 0.0346926 0.0178592 0.00961266 0.00766023 0.00925902 0.0126986 0.0171461 0.0221075 0.0271125 0.0316479 0.0352213 0.037461 0.0381969 0.0374898 0.0355972 0.0328928 0.0297672 0.0265449 0.0234393 0.0205509 0.0178958 0.0154473 0.0131725
 1.0316e-16 2.50686e-05 0.000147109 0.000699239 0.00269202 0.00839475 0.0212047 0.0433889 0.0719269 0.0966111 0.105172 0.0928648 0.0666839 0.0393377 0.0198782 0.0100998 0.00734483 0.00845009 0.0114522 0.0154217 0.0198536 0.0243042 0.0283009 0.031392 0.0332377 0.0336833 0.0327877 0.0307928 0.0280515 0.0249364 0.0217634 0.0187479 0.0159999 0.0135472 0.0113705 0.0094361
 1.0245e-16 2.51867e-05 0.0001478 0.000702521 0.00270465 0.00843413 0.0213042 0.0435926 0.0722652 0.097067 0.105673 0.0933164 0.0670294 0.039584 0.0200806 0.0103286 0.00766345 0.0089091 0.0120883 0.0162534 0.0208735 0.0254711 0.0295371 0.0325883 0.0342665 0.0344178 0.0331231 0.0306642 0.0274435 0.0238838 0.0203427 0.0170632 0.0141663 0.011676 0.00955787 0.00775626
 1.02897e-16 2.09447e-05 0.000122889 0.000584078 0.0022486 0.00701191 0.0177118 0.036243 0.0600852 0.0807182 0.0879045 0.0776975 0.0559664 0.0333648 0.0175064 0.00995252 0.00854547 0.0106872 0.0147422 0.0198787 0.0255504 0.031199 0.0362079 0.0399864 0.0420936 0.0423364 0.0408063 0.0378401 0.0339226 0.029566 0.0252062 0.0211433 0.0175314 0.0144082 0.0117408 0.0094691
 1.0361e-16 2.19376e-05 0.000128724 0.000611828 0.00235546 0.00734517 0.0185536 0.0379648 0.0629374 0.0845432 0.0920525 0.0813224 0.0584871 0.0346868 0.0178704 0.00964291 0.00771545 0.00934986 0.01284 0.0173562 0.0224055 0.0275154 0.032166 0.0358526 0.0381861 0.0389755 0.0382599 0.036279 0.0333968 0.0300059 0.0264464 0.0229601 0.019684 0.0166736 0.0139379 0.0114696
 1.04044e-16 2.02425e-05 0.000118769 0.000564494 0.0021732 0.0067768 0.0171179 0.0350277 0.0580702 0.0780106 0.0849542 0.075086 0.0540771 0.0322225 0.0168786 0.00955324 0.00816135 0.0101953 0.0140826 0.0190334 0.0245391 0.0300837 0.0350938 0.0390152 0.0414268 0.0421308 0.0411879 0.0388815 0.0356303 0.0318792 0.0280074 0.0242763 0.020824 0.017693 0.0148723 0.0123347
 1.03697e-16 2.41937e-05 0.000141973 0.000674827 0.00259803 0.00810165 0.0204643 0.041874 0.0694157 0.0932384 0.101501 0.0896256 0.0643623 0.0379774 0.0192088 0.00979125 0.00716449 0.00828169 0.0112554 0.015197 0.0196274 0.024125 0.0282367 0.0315241 0.0336491 0.0344448 0.0339431 0.0323482 0.0299705 0.0271435 0.0241537 0.0212021 0.0184 0.0157904 0.0133796 0.0111636
 1.03153e-16 2.33621e-05 0.000137087 0.000651585 0.00250853 0.00782253 0.0197593 0.0404319 0.0670268 0.0900347 0.098027 0.0865892 0.0622503 0.0368685 0.0189009 0.0100454 0.00785136 0.009389 0.0128299 0.0172839 0.0222273 0.0271676 0.0315715 0.0349302 0.0368633 0.0372035 0.0360274 0.0336208 0.0303947 0.0267815 0.0231461 0.0197357 0.0166739 0.0139865 0.0116433 0.00959545
 1.03551e-16 2.02795e-05 0.000118985 0.000565519 0.00217714 0.00678909 0.017149 0.0350913 0.0581761 0.0781539 0.0851131 0.0752331 0.0541976 0.0323233 0.0169843 0.00969575 0.00837293 0.0105056 0.0145158 0.0196038 0.0252447 0.0309005 0.0359732 0.0398868 0.0422057 0.0427303 0.041533 0.0389209 0.0353441 0.0312807 0.0271392 0.0232023 0.0196195 0.0164349 0.0136306 0.0111669
 1.03309e-16 2.55566e-05 0.000149977 0.000712879 0.00274455 0.00855857 0.0216184 0.0442352 0.0733289 0.0984911 0.107211 0.0946456 0.0679209 0.0399837 0.0200505 0.00993696 0.00692086 0.0077705 0.0104888 0.0141489 0.0182745 0.0224662 0.0263009 0.0293697 0.0313566 0.032104 0.0316392 0.0301499 0.0279233 0.0252693 0.0224556 0.0196719 0.0170254 0.0145605 0.0122868 0.0102038
 1.02995e-16 2.25563e-05 0.000132354 0.000629078 0.00242187 0.00755226 0.0190767 0.0390354 0.0647127 0.0869295 0.0946548 0.0836309 0.0601681 0.0357248 0.0184791 0.0100861 0.00819465 0.00998639 0.0136951 0.0184444 0.0236937 0.0289164 0.0335385 0.0370136 0.0389367 0.0391348 0.0377006 0.0349538 0.0313496 0.0273651 0.0234018 0.0197303 0.016483 0.0136828 0.0112879 0.00923442
 1.04025e-16 1.76913e-05 0.000103787 0.000493257 0.0018989 0.00592141 0.0149574 0.0306073 0.0507448 0.0681783 0.0742694 0.0656961 0.0474317 0.0284979 0.0153588 0.00937473 0.0087675 0.0113784 0.01584 0.0214301 0.0276258 0.0338552 0.0394711 0.0438459 0.0465012 0.0472117 0.0460451 0.0433227 0.0395215 0.0351519 0.0306523 0.0263299 0.0223521 0.018776 0.0155942 0.0127758
pSPR Fmed_Fpbrs
0.755676   0.255602 0.255602
Fs Fmed_Fpbrs
0.142331   1.005 1.005
SSBpbr Bo_Bmed_Bpbrs
1.81174e+06  1.2785e+06  372498 372498
Ro
71682.4
SPR SPRFo_SPRFmed_SPRFpbrs
1.4722e+06 1.1125e+06 376297
log_Ro
11
likeval ReclasPelacesDesembMPH_pf_preclas_ppelaces_ptallas_desvR_qrecl_qpela
 246.004 49.9671 0.186647 0.00138896 351.433 221.757 81.2988 0 19.0515 0 0 0 0 0 0
q_reclas_q_pelaces
1 1
M
0.7
N
 127402 42616.6 21162.8 10509.1 10366.6
 113184 60822.9 19559.8 9713.13 9581.36
 85913.4 53902 27778.7 8933.26 8812.07
 84445.5 39543.7 22995.5 11850.9 7570.46
 138661 41277.4 19026.3 11064.2 9344.5
 125674 68569.7 20327.1 9369.53 10050.3
 169377 59042.8 30477.7 9034.95 8631.69
 72838.3 81376 27444.6 14166.8 8211.9
 124503 33446.3 34552.4 11653 9502.04
 114996 55605.2 13434.6 13878.9 8497.51
 68705.5 51700.8 22633.4 5468.39 9108.05
 43836.5 26824.7 15870.5 6947.76 4474.51
 45449.1 17235.3 8350.38 4940.41 3555.69
 30118.1 15941 4269.77 2068.68 2104.78
 21972.1 8258.38 2413.56 646.467 631.884
 21667.9 6872.14 1626.83 475.449 251.824
 20199.1 8981.46 2377.71 562.871 251.631
 25545.9 8833.72 3459.21 915.778 313.706
 28503.8 11701.4 3732.38 1461.57 519.475
 49252.5 13254 5094.84 1625.09 862.553
 72358.1 23003.5 5822.16 2238.05 1092.77
 84212.6 34948.1 10806.2 2735.04 1564.69
 173154 40314.7 16128.8 4987.13 1984.35
 231820 82504.3 18431.4 7373.89 3187.29
 216837 111317 38309.3 8558.27 4903.88
pred_Ctot
 3546.35 2332.02 1158.05 575.07 567.268
 3344.18 3529.06 1134.9 563.573 555.928
 4537.8 5509.89 2839.55 913.162 900.774
 952.41 885.799 515.112 265.466 169.582
 415.992 247.214 113.95 66.2645 55.965
 4888.87 5207.68 1543.79 711.59 763.293
 3967.25 2726.12 1407.21 417.161 398.541
 3963.06 8560.23 2886.99 1490.26 863.839
 9064.94 4653.62 4807.52 1621.37 1322.09
 7872.06 7294.25 1762.34 1820.63 1114.7
 10709.7 14593.2 6388.55 1543.52 2570.86
 6654.05 7393.07 4374.02 1914.85 1233.2
 9792.83 6461.37 3130.49 1852.12 1333
 10033.6 8511.43 2279.77 1104.54 1123.81
 6005.94 3774.18 1103.02 295.443 288.778
 2602.6 1530.14 362.228 105.863 56.0708
 1746.05 1470.8 389.373 92.1754 41.207
 1432.12 956.462 374.543 99.1549 33.9662
 1309.25 1044.7 333.227 130.489 46.3788
 2113.95 1107.82 425.846 135.831 72.0955
 1427.17 896.444 226.889 87.2164 42.5849
 2182.88 1782.97 551.307 139.535 79.8269
 5053.72 2311.14 924.622 285.9 113.758
 5516.01 3868.94 864.32 345.79 149.464
 4417.68 4479.07 1541.45 344.359 197.317
F
 0.0393832 0.0787664 0.0787664 0.0787664 0.0787664
 0.0418486 0.0836973 0.0836973 0.0836973 0.0836973
 0.0759339 0.151868 0.151868 0.151868 0.151868
 0.0157924 0.0315847 0.0315847 0.0315847 0.0315847
 0.00417933 0.00835865 0.00835865 0.00835865 0.00835865
 0.0554273 0.110855 0.110855 0.110855 0.110855
 0.0330471 0.0660943 0.0660943 0.0660943 0.0660943
 0.0783016 0.156603 0.156603 0.156603 0.156603
 0.106053 0.212106 0.212106 0.212106 0.212106
 0.0994248 0.19885 0.19885 0.19885 0.19885
 0.240504 0.481009 0.481009 0.481009 0.481009
 0.233509 0.467017 0.467017 0.467017 0.467017
 0.347699 0.695398 0.695398 0.695398 0.695398
 0.593897 1.18779 1.18779 1.18779 1.18779
 0.462298 0.924597 0.924597 0.924597 0.924597
 0.180668 0.361336 0.361336 0.361336 0.361336
 0.127061 0.254121 0.254121 0.254121 0.254121
 0.0807651 0.16153 0.16153 0.16153 0.16153
 0.0657415 0.131483 0.131483 0.131483 0.131483
 0.061312 0.122624 0.122624 0.122624 0.122624
 0.0277638 0.0555276 0.0555276 0.0555276 0.0555276
 0.0366298 0.0732597 0.0732597 0.0732597 0.0732597
 0.0413292 0.0826584 0.0826584 0.0826584 0.0826584
 0.0335795 0.067159 0.067159 0.067159 0.067159
 0.0286898 0.0573796 0.0573796 0.0573796 0.0573796
nmprior
 10.6 11 7 0
nm_flota  nm_reclas  nm_pelaces    nm_pelaL
inf 10.9974 14.4026 32.0607
cv_recla  cv_pelaces  cv_mph
1.41872 0.80152 1.20916
 ------------------------------------------------
Talla a la edad & desviación 
 7.2 14.2025 17.0495 18.207 18.6776
 1.08 2.13037 2.55742 2.73105 2.80164
