    unsorted:	 4.207130273e-07 0.0008999977428 0.007594055462 0.4827555901 30.25626230 24.69038219 48.80674505 66.90944623 91.97577432 151.3016572 180.2501448 236.1775896 333.7984795 401.1262812 448.9087980 501.9042846 608.9567344 704.6945908 749.5618361 785.7144999 854.1684004 952.9910774 1013.551755 1148.802741 1315.188800 1487.242748 1639.387319 1922.791683 1996.738032 2655.726811 2594.759087 2843.057711 3176.422086 3829.317904 3933.018121 4229.051901 4305.517608 4844.362114 22838.57360 196448.7420 218086.3805 276883.1394 341555.8817 378603.3848 412852.0681 426750.9036 453026.6355 462072.4851 524346.6011 550245.1825 598831.2000 667862.5433 752772.8309 859809.5738 927188.8747 1103527.860 1239146.828 1399171.034 1557702.052 1683956.268 1940257.710 2016514.903 2400104.298 2421841.020 2647551.553
      sorted:	 4.207130273e-07 0.0008999977428 0.007594055462 0.4827555901 24.69038219 30.25626230 48.80674505 66.90944623 91.97577432 151.3016572 180.2501448 236.1775896 333.7984795 401.1262812 448.9087980 501.9042846 608.9567344 704.6945908 749.5618361 785.7144999 854.1684004 952.9910774 1013.551755 1148.802741 1315.188800 1487.242748 1639.387319 1922.791683 1996.738032 2594.759087 2655.726811 2843.057711 3176.422086 3829.317904 3933.018121 4229.051901 4305.517608 4844.362114 22838.57360 196448.7420 218086.3805 276883.1394 341555.8817 378603.3848 412852.0681 426750.9036 453026.6355 462072.4851 524346.6011 550245.1825 598831.2000 667862.5433 752772.8309 859809.5738 927188.8747 1103527.860 1239146.828 1399171.034 1557702.052 1683956.268 1940257.710 2016514.903 2400104.298 2421841.020 2647551.553
