years
 1997 1998 1999 2000 2001 2002 2003 2004 2005 2006 2007 2008 2009 2010 2011 2012 2013 2014 2015 2016 2017 2018 2019 2020 2021
reclasobs
 0 0 0 370054 412103 1.49427e+06 250295 1.28982e+06 931140 785840 897777 1.04006e+06 184774 17550 25797 100020 73551 82996 120727 218422 84188 347160 605670 569463 516374
reclaspred
 552870 136399 309298 196089 330832 409650 903853 638398 731242 803719 710632 504285 308648 125335 72375.6 68188.4 79580.8 105865 114472 148891 228157 218799 368921 450329 479914
pelacesobs
 0 0 0 0 0 0 0 0 0 2.06254e+06 1.5e+06 0 1.87456e+06 323000 250000 174000 83755 137374 0 501740 490994 745055 786931 1.00524e+06 1.33801e+06
pelacespred
 2.10663e+06 489305 605332 656068 992418 941274 2.49434e+06 2.03434e+06 2.13353e+06 2.3988e+06 1.82152e+06 1.34651e+06 803756 255468 150792 155929 189477 266181 289569 366004 664714 616631 790700 1.15487e+06 1.24963e+06
mphobs
 0 0 0 0 0 112323 0 153150 637223 0 255016 313432 73983 77613 109348 50772 0 0 0 0 0 0 0 0 0
mphpred
 200681 104860 109275 91487.1 107035 188490 259421 336994 296011 329981 366314 259426 164548 86266.4 37570.3 29310.5 31199.9 39848.6 49666.8 54683.3 81414.8 101864 124886 173188 221142
desembarqueobs
 350755 77701 442110 56441 14545 235359 269955 359681 431902 328805 639364 411747 362871 311530 167758 66681 60226 58785 57116 73181 50977 67692 138656 160484 209506
desembarquepred
 350753 77692.5 442004 56442.9 14545.3 235437 270022 359606 431880 328768 639105 411649 362780 311474 167504 66663.8 60246.1 58767.8 57090.4 73168.8 50978.7 67676.6 138651 160489 209502
Reclutas
 33059.6 41345.2 17767.6 26770.1 50580.8 34420 69860.6 68676 91784.4 115435 66864.7 47369.4 47359.5 25871.8 13846.8 12074.4 9064.6 10490.1 10781.9 16723.2 22499.7 28271.7 44421.5 51990.7 19581.5
log_desv_Rt
 0.0660683 0.28971 -0.554866 -0.14496 0.491327 0.106393 0.814257 0.797154 1.0872 1.31646 0.770426 0.425731 0.425522 -0.17909 -0.80419 -0.941154 -1.22787 -1.08181 -1.05438 -0.615445 -0.318743 -0.0903831 0.361479 0.518821 -0.457661
SSB
 433295 226406 235938 197532 231101 406972 560121 727610 639123 712469 790916 560132 355279 186259 81118.7 63284.9 67364.3 86037.8 107237 118068 175784 219936 269644 373933 477472
BT
 1.43881e+06 350624 553626 370730 494021 587861 1.48832e+06 1.37656e+06 1.48733e+06 1.49467e+06 1.42491e+06 1.00425e+06 753766 417806 218438 132460 143346 178648 180330 238073 365273 333419 457354 672486 712796
Ftot
 1.05515 1.0408 1.95094 0.474817 0.0808757 0.751061 0.492354 0.931588 1.04392 0.729748 1.27132 1.10158 1.76176 3.48426 3.96171 1.72333 1.32029 0.93301 0.744406 0.809266 0.374648 0.447168 0.544026 0.552335 0.553131
BD_Bspro_t
 0.904714 0.618264 0.520353 0.314166 0.472399 0.665811 0.60033 0.628568 0.561293 0.541919 0.534464 0.379629 0.281699 0.188951 0.103191 0.0998295 0.143467 0.233986 0.327787 0.406044 0.533696 0.651863 0.658865 0.662539 0.657293
BD_Bspro
 0.681749 0.356228 0.371227 0.310798 0.363615 0.640332 0.881299 1.14483 1.0056 1.121 1.24443 0.881317 0.558999 0.293062 0.127633 0.099573 0.105992 0.135373 0.168727 0.185769 0.27658 0.34605 0.424259 0.588349 0.751258
BD_Bo
 0.533196 0.278606 0.290337 0.243075 0.284384 0.500804 0.689264 0.895369 0.786481 0.876737 0.973271 0.689278 0.437193 0.229204 0.0998216 0.0778761 0.082896 0.105875 0.131961 0.14529 0.216313 0.270645 0.331813 0.460147 0.587559
BD_Brms
 1.42082 0.742407 0.773665 0.647726 0.757802 1.3345 1.83669 2.38591 2.09575 2.33626 2.59349 1.83673 1.165 0.610763 0.265996 0.207518 0.220895 0.282127 0.35164 0.387156 0.576414 0.721194 0.884189 1.22616 1.56568
S_f
 0.0885196 0.648532 0.972268 0.998501 0.999921
 0.0885196 0.648532 0.972268 0.998501 0.999921
 0.0885196 0.648532 0.972268 0.998501 0.999921
 0.0885196 0.648532 0.972268 0.998501 0.999921
 0.0885196 0.648532 0.972268 0.998501 0.999921
 0.0885196 0.648532 0.972268 0.998501 0.999921
 0.0885196 0.648532 0.972268 0.998501 0.999921
 0.0885196 0.648532 0.972268 0.998501 0.999921
 0.0885196 0.648532 0.972268 0.998501 0.999921
 0.0885196 0.648532 0.972268 0.998501 0.999921
 0.0885196 0.648532 0.972268 0.998501 0.999921
 0.0885196 0.648532 0.972268 0.998501 0.999921
 0.0885196 0.648532 0.972268 0.998501 0.999921
 0.0885196 0.648532 0.972268 0.998501 0.999921
 0.0885196 0.648532 0.972268 0.998501 0.999921
 0.0885196 0.648532 0.972268 0.998501 0.999921
 0.0885196 0.648532 0.972268 0.998501 0.999921
 0.0885196 0.648532 0.972268 0.998501 0.999921
 0.0885196 0.648532 0.972268 0.998501 0.999921
 0.0885196 0.648532 0.972268 0.998501 0.999921
 0.0885196 0.648532 0.972268 0.998501 0.999921
 0.0885196 0.648532 0.972268 0.998501 0.999921
 0.0885196 0.648532 0.972268 0.998501 0.999921
 0.0885196 0.648532 0.972268 0.998501 0.999921
 0.0885196 0.648532 0.972268 0.998501 0.999921
Scru_reclas
 0.573375 0.871196 0.971461 0.994196 0.998841
 0.573375 0.871196 0.971461 0.994196 0.998841
 0.573375 0.871196 0.971461 0.994196 0.998841
 0.573375 0.871196 0.971461 0.994196 0.998841
 0.573375 0.871196 0.971461 0.994196 0.998841
 0.573375 0.871196 0.971461 0.994196 0.998841
 0.573375 0.871196 0.971461 0.994196 0.998841
 0.573375 0.871196 0.971461 0.994196 0.998841
 0.573375 0.871196 0.971461 0.994196 0.998841
 0.573375 0.871196 0.971461 0.994196 0.998841
 0.573375 0.871196 0.971461 0.994196 0.998841
 0.573375 0.871196 0.971461 0.994196 0.998841
 0.573375 0.871196 0.971461 0.994196 0.998841
 0.573375 0.871196 0.971461 0.994196 0.998841
 0.573375 0.871196 0.971461 0.994196 0.998841
 0.573375 0.871196 0.971461 0.994196 0.998841
 0.573375 0.871196 0.971461 0.994196 0.998841
 0.573375 0.871196 0.971461 0.994196 0.998841
 0.573375 0.871196 0.971461 0.994196 0.998841
 0.573375 0.871196 0.971461 0.994196 0.998841
 0.573375 0.871196 0.971461 0.994196 0.998841
 0.573375 0.871196 0.971461 0.994196 0.998841
 0.573375 0.871196 0.971461 0.994196 0.998841
 0.573375 0.871196 0.971461 0.994196 0.998841
 0.573375 0.871196 0.971461 0.994196 0.998841
Scru_pelaces
 0.633139 1 1 1 1
 0.633139 1 1 1 1
 0.633139 1 1 1 1
 0.633139 1 1 1 1
 0.633139 1 1 1 1
 0.633139 1 1 1 1
 0.633139 1 1 1 1
 0.633139 1 1 1 1
 0.633139 1 1 1 1
 0.633139 1 1 1 1
 0.633139 1 1 1 1
 0.633139 1 1 1 1
 0.633139 1 1 1 1
 0.633139 1 1 1 1
 0.633139 1 1 1 1
 0.633139 1 1 1 1
 0.633139 1 1 1 1
 0.633139 1 1 1 1
 0.633139 1 1 1 1
 0.633139 1 1 1 1
 0.633139 1 1 1 1
 0.633139 1 1 1 1
 0.633139 1 1 1 1
 0.633139 1 1 1 1
 0.633139 1 1 1 1
pf_obs 
 0.256992 0.487395 0.22802 0.0275931 0
 0.321318 0.546541 0.124235 0.00734118 0.000564706
 0.182869 0.594174 0.210203 0.0122559 0.00049798
 0.330522 0.361315 0.267642 0.0388342 0.00168674
 0.649043 0.306663 0.0425973 0.00169635 0
 0.582887 0.30429 0.105238 0.00758474 0
 0.465427 0.430635 0.0974691 0.00646863 0
 0.296916 0.608066 0.0921331 0.00288517 0
 0.311714 0.524322 0.152257 0.0117073 0
 0.15457 0.633149 0.183074 0.0267441 0.00246327
 0.131901 0.49318 0.331252 0.0422183 0.00144891
 0.196976 0.569456 0.194076 0.0375587 0.00193317
 0.518974 0.381816 0.0799577 0.0180837 0.00116848
 0.0928022 0.601141 0.25162 0.0475244 0.00691264
 0.122501 0.610282 0.24278 0.0234846 0.000952079
 0.383417 0.481906 0.127806 0.00687128 0
 0.0376549 0.599619 0.316969 0.0457579 0
 0.0361596 0.667082 0.258105 0.0386534 0
 0.158088 0.579412 0.248529 0.0139706 0
 0.0477256 0.309471 0.559284 0.082774 0.000745712
 0.0406174 0.521527 0.379366 0.0568643 0.0016247
 0.151134 0.462217 0.34131 0.0453401 0
 0.294876 0.26143 0.354403 0.0886775 0.000613685
 0.281977 0.475581 0.204845 0.0348837 0.00271318
 0.0354234 0.537034 0.353287 0.0723622 0.0018943
pf_pred 
 0.263718 0.500257 0.210496 0.0255162 1.25032e-05
 0.269001 0.560757 0.135398 0.0312183 0.00362531
 0.133013 0.673584 0.166082 0.021921 0.00540009
 0.26115 0.473507 0.23551 0.0258379 0.00399566
 0.279399 0.505676 0.159313 0.0495387 0.00607221
 0.13659 0.607667 0.199367 0.0420778 0.0142971
 0.268011 0.399533 0.266934 0.051504 0.0140186
 0.205993 0.58787 0.13644 0.0563301 0.0133676
 0.258862 0.510167 0.193326 0.0252648 0.0123808
 0.253646 0.563346 0.146689 0.0306129 0.00570545
 0.142152 0.627357 0.193806 0.0296231 0.00706146
 0.14794 0.527238 0.272918 0.0439708 0.00793256
 0.222554 0.49938 0.209037 0.0584085 0.0106204
 0.218142 0.632188 0.119535 0.0229777 0.00715685
 0.271438 0.644391 0.0788756 0.00431063 0.000984878
 0.312162 0.628097 0.0578379 0.00179467 0.000107995
 0.211846 0.654011 0.12844 0.00553094 0.000171885
 0.240741 0.542196 0.196314 0.0199063 0.000841996
 0.20965 0.573505 0.177012 0.0361644 0.00366826
 0.270499 0.491464 0.195028 0.0353496 0.00765918
 0.243987 0.561069 0.152333 0.0351545 0.00745619
 0.211761 0.532739 0.209559 0.0361451 0.00979663
 0.249451 0.487615 0.202519 0.0498413 0.0105736
 0.213949 0.555596 0.173501 0.0442106 0.0127426
 0.0755412 0.609041 0.251949 0.0481897 0.01528
pobs_RECLAS
 0 0 0 0 0
 0 0 0 0 0
 0 0 0 0 0
 0 0 0 0 0
 0.835266 0.146461 0.0176864 0.000547809 3.91292e-05
 0.385257 0.428462 0.181853 0.0044286 0
 0.867414 0.0963971 0.0333333 0.00285562 0
 0.441836 0.489002 0.0689373 0.000224442 0
 0.779404 0.147425 0.0564933 0.0165055 0.000172143
 0.814271 0.122319 0.05973 0.00367925 0
 0.40263 0.566651 0.0304383 0.000280538 0
 0.475488 0.404961 0.113038 0.00651328 0
 0.955842 0.0263864 0.0167828 0.000988607 0
 0.975058 0.0227948 0.00214734 0 0
 0.738997 0.206755 0.0527124 0.00153531 0
 0.850938 0.134255 0.0134407 0.00136685 0
 0.542534 0.407297 0.0501686 0 0
 0.764087 0.199537 0.0359546 0.000420521 0
 0.470689 0.182191 0.310203 0.0369168 0
 0.84361 0.089868 0.0606195 0.00523954 0.000663233
 0.607945 0.314616 0.071237 0.00620181 0
 0.523733 0.453247 0.0230204 0 0
 0.530135 0.295979 0.169645 0.0042399 0
 0.562478 0.366248 0.0663022 0.0049721 0
 0.250443 0.683176 0.0655157 0.000865301 0
ppred_RECLAS
 0.667238 0.249065 0.0747023 0.0089894 4.41827e-06
 0.666933 0.27384 0.0471718 0.0107978 0.00125774
 0.47523 0.440671 0.0723512 0.00942083 0.00232701
 0.657675 0.242617 0.0885401 0.00966845 0.00149992
 0.670078 0.250826 0.0586798 0.0181805 0.00223569
 0.462123 0.412251 0.0980409 0.020573 0.00701205
 0.672138 0.203686 0.0997822 0.0191617 0.00523208
 0.585371 0.331372 0.0552192 0.0226465 0.00539071
 0.660804 0.25646 0.069321 0.00899374 0.00442069
 0.64479 0.287507 0.0543227 0.0112725 0.00210747
 0.481696 0.412033 0.0894708 0.0135584 0.0032416
 0.498783 0.348698 0.128293 0.0205137 0.00371196
 0.634875 0.265377 0.0752015 0.0207607 0.0037854
 0.664638 0.296076 0.0315525 0.00589438 0.00183936
 0.732525 0.250184 0.0162369 0.00085776 0.000196288
 0.714097 0.268561 0.0167958 0.000515067 3.10811e-05
 0.594594 0.354491 0.048769 0.00208147 6.48767e-05
 0.634914 0.283621 0.0737244 0.00742607 0.000315072
 0.58857 0.322971 0.0722819 0.0146829 0.00149398
 0.671111 0.243675 0.0698868 0.0125909 0.00273654
 0.628843 0.295588 0.0591 0.0135795 0.0028894
 0.590687 0.302742 0.0874692 0.0150179 0.00408336
 0.644089 0.255287 0.0775807 0.0189994 0.00404341
 0.593173 0.312204 0.0713131 0.0180818 0.00522813
 0.30746 0.502393 0.152013 0.0289315 0.00920261
pobs_PELACES
 0 0 0 0 0
 0 0 0 0 0
 0 0 0 0 0
 0 0 0 0 0
 0 0 0 0 0
 0 0 0 0 0
 0 0 0 0 0
 0 0 0 0 0
 0 0 0 0 0
 0 0 0 0 0
 0.450072 0.473896 0.0757376 0.000293798 0
 0 0 0 0 0
 0.463077 0.371075 0.160297 0.00555027 0
 0.529543 0.364841 0.0842815 0.0213345 0
 0.631943 0.363953 0.00410389 0 0
 0.735681 0.248677 0.0153453 0.000297389 0
 0.695825 0.281241 0.0229344 0 0
 0.275771 0.60734 0.115278 0.00161068 0
 0 0 0 0 0
 0.896147 0.0623911 0.0374545 0.00400742 0
 0.803859 0.145111 0.0509908 3.86294e-05 0
 0.739449 0.233085 0.0266225 0.000797448 4.60066e-05
 0.878498 0.100942 0.0204185 0.000141795 0
 0.694673 0.275183 0.0284847 0.00165964 0
 0.469039 0.446079 0.0841089 0.000773354 0
ppred_PELACES
 0.711771 0.227254 0.0546093 0.00636281 3.11123e-06
 0.707793 0.249235 0.0344506 0.00763644 0.00088493
 0.566574 0.380811 0.0455213 0.00569477 0.00139882
 0.678457 0.238313 0.0741357 0.00787793 0.00121619
 0.671077 0.257248 0.0535065 0.0161872 0.00198125
 0.497674 0.401692 0.0790648 0.0161065 0.00546226
 0.696388 0.200291 0.0834835 0.0155985 0.00423838
 0.626823 0.310516 0.0420074 0.0166989 0.00395474
 0.705086 0.234546 0.0508545 0.006389 0.00312425
 0.674 0.272989 0.0427868 0.00862103 0.00160372
 0.542251 0.381196 0.0648043 0.00949086 0.00225721
 0.556017 0.329638 0.0966877 0.0149632 0.00269361
 0.714005 0.224028 0.0471646 0.0125303 0.00227221
 0.791793 0.192579 0.0126844 0.00224662 0.000696664
 0.849163 0.144973 0.00552599 0.000275633 6.26655e-05
 0.77042 0.219041 0.0102192 0.000301684 1.81055e-05
 0.649436 0.31534 0.0337872 0.00139305 4.31909e-05
 0.674919 0.263764 0.0556534 0.00543356 0.000229362
 0.621406 0.308901 0.0572582 0.0112921 0.00114322
 0.705232 0.229203 0.054069 0.00945197 0.00204398
 0.642767 0.293058 0.0504849 0.0112981 0.00239236
 0.610723 0.299567 0.0739979 0.0123664 0.0033461
 0.66842 0.249054 0.0640424 0.0152532 0.00323023
 0.617391 0.305008 0.0588988 0.0145229 0.00417853
 0.330982 0.507561 0.129824 0.0240279 0.00760536
pobs_pel_tallas
 0 0 0 0 0 0 0 0 0 0 0 0 0 0 0 0 0 0 0 0 0 0 0 0 0 0 0 0 0 0 0 0 0 0 0 0
 0 0 0 0 0 0 0 0 0 0 0 0 0 0 0 0 0 0 0 0 0 0 0 0 0 0 0 0 0 0 0 0 0 0 0 0
 0 0 0 0 0 0 0 0 0 0 0 0 0 0 0 0 0 0 0 0 0 0 0 0 0 0 0 0 0 0 0 0 0 0 0 0
 0 0 0 0 0 0 0 0 0 0 0 0 0 0 0 0 0 0 0 0 0 0 0 0 0 0 0 0 0 0 0 0 0 0 0 0
 0 0 0 0 0 0 0 0 0 0 0 0 0 0 0 0 0 0 0 0 0 0 0 0 0 0 0 0 0 0 0 0 0 0 0 0
 0 0 0 0 0 0 0 0 0 0 0 0 0 0 0 0 0 0 0 0 0 0 0 0 0 0 0 0 0 0 0 0 0 0 0 0
 0 0 0 0 0 0 0 0 0 0 0 0 0 0 0 0 0 0 0 0 0 0 0 0 0 0 0 0 0 0 0 0 0 0 0 0
 0 0 0 0 0 0 0 0 0 0 0 0 0 0 0 0 0 0 0 0 0 0 0 0 0 0 0 0 0 0 0 0 0 0 0 0
 0 0 0 0 0 0 0 0 0 0 0 0 0 0 0 0 0 0 0 0 0 0 0 0 0 0 0 0 0 0 0 0 0 0 0 0
 0 0 0 0 0 0 0 0 0 0 0 0 0 0 0 0 0 0 0 0 0 0 0 0 0 0 0 0 0 0 0 0 0 0 0 0
 0 0 0 0 0 0 0 0 1.78061e-05 0.00172719 0.00360574 0.0105946 0.0120993 0.0124554 0.0147524 0.0171206 0.0266825 0.0428682 0.0675386 0.121331 0.153587 0.119568 0.100827 0.0573624 0.0630603 0.0341343 0.0324427 0.0444173 0.0211091 0.0280891 0.0125444 0.00206551 0 0 0 0
 0 0 0 0 0 0 0 0 0 0 0 0 0 0 0 0 0 0 0 0 0 0 0 0 0 0 0 0 0 0 0 0 0 0 0 0
 0 0 0 0 0 0 0.0133647 0.0140871 0.0187388 0.0205184 0.03894 0.0496705 0.03968 0.0493445 0.0407372 0.0367815 0.0215668 0.0243155 0.0234873 0.0199281 0.019796 0.0243948 0.0301388 0.0376714 0.0412746 0.0863199 0.0771752 0.113111 0.0741005 0.0525337 0.0229764 0.00759418 0.00175318 0 0 0
 0 0 0 0 0 0 0 0 0 0 0.00219441 0.00772107 0.0458388 0.0604681 0.0671733 0.0775358 0.0609151 0.0617685 0.073594 0.0568108 0.0755445 0.0548602 0.0670107 0.0636378 0.0643287 0.046367 0.0373049 0.0286899 0.0247887 0.0153202 0.00654259 0.00121912 0.000365735 0 0 0
 0 0 0 0 0 0 0 0 0 0 0 0 0.000112435 0.00938835 0.0111873 0.0202946 0.0414886 0.0713402 0.111592 0.104902 0.108894 0.110636 0.117776 0.105296 0.107544 0.0401394 0.0192827 0.0124803 0.00416011 0.0028671 0.000618394 0 0 0 0 0
 0 0 0 0 0 0 0 0 0 0 0.00291406 0.0102884 0.027416 0.0768956 0.0749926 0.110853 0.0956884 0.0897413 0.0766577 0.0534642 0.0500743 0.0551293 0.0594112 0.0620874 0.0668451 0.0424026 0.0208742 0.0120726 0.0048766 0.00582813 0.00118941 0.000297354 0 0 0 0
 0 0.00264628 0.0354308 0.0461629 0.0458689 0.0383711 0.0214643 0.0164657 0.0346957 0.0420465 0.0363128 0.0245516 0.0311673 0.0291091 0.0169068 0.0133784 0.00837989 0.0085269 0.0148486 0.0160247 0.0276389 0.0546898 0.0760071 0.122758 0.109233 0.0665981 0.0333725 0.0166128 0.00676272 0.00308733 0.000882094 0 0 0 0 0
 0 0 0 0 0 0 0 0.000805153 0.000690131 0.00759144 0.0133425 0.0154129 0.00931677 0.000345066 0.00356568 0.00563607 0.00851162 0.0253048 0.0502646 0.0516448 0.0657925 0.0565908 0.0611916 0.0827007 0.0866115 0.110766 0.145733 0.0935128 0.0569358 0.0249597 0.0138026 0.00621118 0.00161031 0.00115022 0 0
 0 0 0 0 0 0 0 0 0 0 0 0 0 0 0 0 0 0 0 0 0 0 0 0 0 0 0 0 0 0 0 0 0 0 0 0
 0.00147267 0.00158595 0.00478618 0.00569244 0.00954404 0.0108468 0.00647125 0.017049 0.0510054 0.094081 0.124002 0.0959785 0.0687766 0.0820023 0.061753 0.0591476 0.0492212 0.0479892 0.0443925 0.0268479 0.0217502 0.0140895 0.0121071 0.0120363 0.00920419 0.00665534 0.0049561 0.00860946 0.00930331 0.0156896 0.0114698 0.00855282 0.00243557 0.00046729 0 2.83206e-05
 0 0 0 0 0.000772559 0.00158375 0.000888443 0.00281984 0.00712685 0.0440552 0.0773331 0.111326 0.0921469 0.0852325 0.0710754 0.0886704 0.0786465 0.0553345 0.0373146 0.0185414 0.00753245 0.00457741 0.012979 0.0271748 0.0457355 0.0583668 0.034881 0.0177882 0.00938659 0.00492506 0.0015258 0.00185414 0.000309023 5.79419e-05 3.86279e-05 0
 0 0.00173294 0.00326652 0 0.00397197 0.00683976 0.00946217 0.0152591 0.00757587 0.0136028 0.0228656 0.0392903 0.0559909 0.0764795 0.0681675 0.0726916 0.0566044 0.0477403 0.0527397 0.0444891 0.0609904 0.0582453 0.0661739 0.0445044 0.0529084 0.0360697 0.0280645 0.0235558 0.0158879 0.00826598 0.00280645 0.00217768 0.000904811 0.00058276 9.20147e-05 0
 0 0 0 0 0 0 0 0 0 0 0 0 0 0 0 0 0 0 0 0 0 0 0 0 0 0 0 0 0 0 0 0 0 0 0 0
 0 0 0 0 0 0 0 0 0 0 0 0 0 0 0 0 0 0 0 0 0 0 0 0 0 0 0 0 0 0 0 0 0 0 0 0
 0 0 0 0 0 0 0 0 0 0 0 0 0 0 0 0 0 0 0 0 0 0 0 0 0 0 0 0 0 0 0 0 0 0 0 0
ppred_pel_tallas
 1.01069e-16 3.10585e-05 0.000182281 0.000866466 0.00333591 0.0104027 0.0262765 0.0537657 0.0891245 0.119697 0.13027 0.114943 0.0823577 0.0482215 0.0236959 0.0109371 0.00658279 0.00665942 0.00871704 0.0116437 0.0149218 0.0181723 0.0210188 0.0231096 0.0241851 0.0241362 0.023026 0.0210659 0.0185572 0.015818 0.01312 0.0106509 0.00850766 0.00671261 0.0052408 0.00404667
 1.00875e-16 3.08859e-05 0.000181266 0.000861634 0.0033173 0.0103447 0.0261299 0.0534659 0.0886283 0.119033 0.129551 0.114321 0.0819376 0.0480269 0.0236952 0.011095 0.00688967 0.00713088 0.00937785 0.01251 0.0159865 0.0193956 0.0223256 0.0243947 0.0253285 0.0250223 0.0235652 0.0212108 0.0183105 0.0152297 0.012275 0.00965244 0.00745891 0.00570213 0.00433352 0.00328079
 1.01032e-16 2.47335e-05 0.000145133 0.00068983 0.00265577 0.00828167 0.0209191 0.0428053 0.0709619 0.0953224 0.103789 0.0916905 0.0659427 0.0391051 0.0201368 0.0108412 0.00862582 0.0103839 0.0141628 0.0189886 0.0242604 0.0294006 0.0337884 0.036843 0.0381474 0.0375475 0.0351872 0.0314637 0.0269244 0.0221371 0.017578 0.0135659 0.0102491 0.00763565 0.00564417 0.00415506
 1.01458e-16 2.96064e-05 0.000173755 0.000825927 0.00317983 0.00991596 0.025047 0.0512502 0.0849554 0.1141 0.124184 0.109587 0.0785505 0.0460536 0.0227452 0.0106926 0.00670319 0.00700003 0.00925289 0.012398 0.0159272 0.0194531 0.0225833 0.0249469 0.0262655 0.026414 0.0254445 0.0235624 0.0210675 0.0182801 0.0154763 0.0128506 0.010509 0.00848503 0.00676683 0.0053225
 1.01493e-16 2.92853e-05 0.000171868 0.000816954 0.00314527 0.00980819 0.0247748 0.0506934 0.084033 0.112863 0.122842 0.108414 0.0777338 0.045623 0.0226218 0.0107827 0.00695485 0.00740564 0.00982685 0.0131535 0.0168601 0.0205325 0.0237492 0.0261148 0.027339 0.0273014 0.0260763 0.0239043 0.0211261 0.0180987 0.0151243 0.0124084 0.0100527 0.00807527 0.00644234 0.00509956
 1.02062e-16 2.173e-05 0.000127498 0.000605987 0.00233294 0.00727494 0.0183763 0.0376026 0.0623391 0.083746 0.0912017 0.0806114 0.0580643 0.0346131 0.0181559 0.0103108 0.00883536 0.0110286 0.0151854 0.0204322 0.0261899 0.0318674 0.0368156 0.0404188 0.0422258 0.042053 0.0400227 0.036519 0.0320827 0.0272803 0.0225908 0.0183392 0.0146856 0.0116555 0.00919032 0.00719742
 1.01985e-16 3.03867e-05 0.000178339 0.000847731 0.00326379 0.0101778 0.0257084 0.0526031 0.0871968 0.117107 0.127446 0.112442 0.0805443 0.0471172 0.0230753 0.0105223 0.00616497 0.00611666 0.00798952 0.0107154 0.0138184 0.016966 0.0198289 0.0220931 0.0235168 0.0239801 0.0235057 0.0222412 0.0204117 0.0182623 0.0160068 0.0137996 0.0117309 0.00984 0.00813593 0.00661578
 1.01457e-16 2.73577e-05 0.000160546 0.00076312 0.00293798 0.00916175 0.023142 0.047353 0.0784978 0.105435 0.114774 0.101332 0.0727413 0.0428641 0.0215716 0.0108106 0.00766668 0.00867174 0.0116674 0.0156262 0.0199894 0.0242727 0.0279698 0.0306076 0.0318443 0.0315488 0.0298293 0.0269975 0.023485 0.0197395 0.0161359 0.0129236 0.0102182 0.00802679 0.00628899 0.00491794
 1.01164e-16 3.07673e-05 0.000180571 0.000858333 0.0033046 0.0103051 0.0260298 0.0532611 0.0882883 0.118575 0.12905 0.113872 0.0816019 0.0478017 0.0235317 0.010932 0.00667544 0.00682814 0.00896273 0.0119732 0.0153378 0.0186683 0.0215771 0.0237025 0.0247793 0.0246978 0.0235269 0.0214886 0.0188967 0.0160812 0.0133224 0.010812 0.00864628 0.00684354 0.00537305 0.00418339
 1.01068e-16 2.94133e-05 0.000172618 0.000820519 0.00315899 0.00985097 0.0248829 0.0509147 0.0844002 0.113358 0.123383 0.108899 0.0780969 0.0458672 0.0228003 0.0109622 0.00719213 0.00774239 0.0102907 0.0137567 0.0175945 0.0213645 0.0246179 0.0269365 0.0280176 0.0277435 0.0262075 0.0236826 0.0205486 0.0172015 0.0139747 0.0110927 0.00866297 0.00669689 0.00514543 0.00393422
 1.01476e-16 2.36729e-05 0.000138907 0.000660229 0.0025418 0.00792625 0.0200214 0.0409684 0.0679174 0.0912345 0.0993427 0.0877735 0.0631498 0.0374976 0.0193993 0.0105906 0.00860078 0.0104656 0.0143217 0.0192354 0.0246216 0.0299088 0.0344776 0.0377441 0.0392836 0.0389295 0.0368088 0.0332997 0.0289301 0.0242514 0.0197292 0.0156785 0.012252 0.00946931 0.00726565 0.00554048
 1.0212e-16 2.42712e-05 0.000142424 0.000676958 0.00260622 0.00812718 0.0205288 0.0420064 0.0696364 0.0935385 0.101838 0.0899461 0.0646432 0.0382448 0.0195308 0.0102578 0.00787164 0.00932228 0.0127076 0.017106 0.021984 0.026846 0.0311576 0.0344079 0.0362145 0.036407 0.0350603 0.0324612 0.0290258 0.0251971 0.0213552 0.0177661 0.0145721 0.0118149 0.00947368 0.00750127
 1.0128e-16 3.11558e-05 0.000182852 0.000869182 0.00334638 0.0104353 0.0263589 0.0539343 0.0894038 0.120072 0.130676 0.115299 0.0826078 0.0483571 0.0237423 0.0109243 0.00652825 0.00656652 0.00858109 0.011458 0.0146819 0.0178785 0.0206782 0.022736 0.0237988 0.0237619 0.0226898 0.0207924 0.0183664 0.0157235 0.0131273 0.0107573 0.00870267 0.00697946 0.00555842 0.00439207
 1.00353e-16 3.45464e-05 0.000202761 0.000963838 0.00371083 0.0115719 0.0292297 0.0598079 0.0991384 0.133141 0.144884 0.127801 0.0914888 0.0534028 0.0259333 0.0114477 0.00617307 0.00566292 0.00718129 0.00950574 0.0121059 0.014635 0.016769 0.0182141 0.0187635 0.0183454 0.0170412 0.0150612 0.0126916 0.0102273 0.00791364 0.0059127 0.00429635 0.00306207 0.00215998 0.00152001
 1.00139e-16 3.7046e-05 0.000217441 0.00103364 0.00397959 0.01241 0.0313467 0.064139 0.106316 0.142774 0.155353 0.136999 0.0979969 0.0570463 0.0274124 0.0116065 0.00555515 0.00447076 0.00541783 0.00711053 0.00903603 0.0109057 0.0124703 0.0135084 0.0138656 0.0134908 0.0124488 0.0109028 0.00907294 0.00718532 0.0054279 0.00392404 0.00272741 0.00183395 0.00120249 0.000775948
 1.00228e-16 3.36155e-05 0.000197294 0.000937839 0.00361072 0.0112597 0.0284412 0.0581947 0.0964652 0.129553 0.140988 0.124381 0.0890793 0.0520736 0.0254318 0.0114708 0.0065324 0.00629803 0.0081043 0.0107466 0.0136777 0.0165156 0.0188934 0.0204778 0.021035 0.0204864 0.0189289 0.0166073 0.0138526 0.0110055 0.00834924 0.00607039 0.00425072 0.00288532 0.00191355 0.00125076
 1.00633e-16 2.8344e-05 0.000166336 0.000790644 0.00304395 0.00949222 0.0239768 0.049061 0.0813289 0.109237 0.11891 0.10498 0.0753485 0.0443783 0.022292 0.011102 0.00778267 0.00873506 0.0117177 0.0156629 0.0199913 0.024204 0.0277828 0.030246 0.0312499 0.0306698 0.0286295 0.0254638 0.0216324 0.0176116 0.013801 0.0104676 0.0077351 0.00560855 0.0040168 0.00285551
 1.01074e-16 2.94531e-05 0.000172852 0.000821633 0.00316329 0.00986437 0.0249167 0.0509838 0.0845146 0.113511 0.123548 0.109039 0.0781875 0.0459002 0.0227794 0.0108909 0.00706727 0.00755467 0.0100301 0.0134183 0.0171836 0.0209002 0.0241336 0.0264769 0.027632 0.0274773 0.0260929 0.0237319 0.0207521 0.0175293 0.0143834 0.0115336 0.0090907 0.00707567 0.00545277 0.0041613
 1.01355e-16 2.71215e-05 0.00015916 0.000756527 0.00291259 0.00908258 0.0229421 0.0469438 0.0778196 0.104525 0.113783 0.100459 0.0721175 0.0425029 0.021402 0.0107464 0.00764877 0.00867349 0.0116831 0.0156607 0.0200534 0.0243803 0.0281365 0.030848 0.0321688 0.0319603 0.0303203 0.0275494 0.0240692 0.0203208 0.0166772 0.0133917 0.0105885 0.00828636 0.00643747 0.0049662
 1.01263e-16 3.07734e-05 0.000180607 0.000858508 0.00330527 0.0103072 0.0260351 0.0532719 0.0883061 0.118599 0.129075 0.113891 0.0816095 0.0477942 0.0235061 0.0108835 0.00659725 0.00671189 0.0088007 0.0117611 0.0150774 0.0183697 0.0212596 0.023393 0.0245089 0.024497 0.0234202 0.0214899 0.0190076 0.0162908 0.0136099 0.0111507 0.00900808 0.00720266 0.0057088 0.00448147
 1.01313e-16 2.80523e-05 0.000164626 0.000782517 0.00301267 0.00939466 0.0237303 0.0485566 0.0804922 0.108112 0.117682 0.103886 0.0745437 0.0438649 0.021962 0.0108208 0.00744248 0.00826421 0.0110737 0.014829 0.0189814 0.0230689 0.026612 0.0291614 0.0303906 0.03017 0.0285953 0.0259539 0.022648 0.0190972 0.0156555 0.0125619 0.00993196 0.00778028 0.00605835 0.0046915
 1.0173e-16 2.66553e-05 0.000156424 0.000743521 0.00286252 0.00892644 0.0225477 0.0461368 0.0764817 0.102727 0.111826 0.0987306 0.0708747 0.0417668 0.0210251 0.0105484 0.00750014 0.00850624 0.0114706 0.0154006 0.0197612 0.0240891 0.0278958 0.030719 0.0322166 0.0322423 0.0308754 0.0283892 0.0251742 0.0216427 0.0181463 0.014927 0.0121096 0.00972297 0.0077362 0.00609361
 1.01666e-16 2.91691e-05 0.000171187 0.000813717 0.00313281 0.00976933 0.0246767 0.0504925 0.0836998 0.112415 0.122353 0.107979 0.0774149 0.0454217 0.022496 0.0106801 0.00683447 0.00724114 0.00960363 0.0128671 0.0165173 0.0201536 0.0233681 0.0257762 0.0270922 0.0271922 0.0261382 0.024152 0.0215523 0.0186758 0.0158094 0.0131508 0.0108021 0.0087879 0.00708568 0.0056538
 1.0163e-16 2.69463e-05 0.000158131 0.000751639 0.00289378 0.00902391 0.0227939 0.0466406 0.0773168 0.103849 0.113048 0.099809 0.0716493 0.0422239 0.021256 0.0106645 0.00758077 0.00859176 0.0115753 0.0155236 0.0198909 0.0242037 0.0279648 0.0307066 0.0320867 0.031966 0.0304374 0.0277923 0.0244407 0.0208114 0.0172669 0.0140525 0.0112883 0.00899263 0.00712058 0.00560179
 1.0319e-16 1.44659e-05 8.48413e-05 0.000403168 0.001552 0.00483958 0.0122249 0.0250172 0.0414821 0.0557493 0.0607718 0.0538561 0.0390997 0.0239246 0.0136788 0.00955145 0.0101645 0.0138047 0.0193546 0.0261471 0.0335901 0.0409738 0.0474853 0.0523434 0.0549667 0.0551043 0.0528855 0.0487666 0.043402 0.0374835 0.0316008 0.0261605 0.021373 0.0172885 0.0138591 0.0109962
pSPR Fmed_Fpbrs
0.458696   0.425274 0.425274
Fs Fmed_Fpbrs
0.864416   1.005 1.005
SSBpbr Bo_Bmed_Bpbrs
812636  332121  304962 304962
Ro
30946
SPR SPRFo_SPRFmed_SPRFpbrs
635563 291530 270289
log_Ro
10.16
likeval ReclasPelacesDesembMPH_pf_preclas_ppelaces_ptallas_desvR_qrecl_qpela
 66.5262 13.6405 0.0172878 0.000186902 309.404 188.34 77.3776 0 17.0714 6.75005e-08 0.000116054 0 0 0 0
q_reclas_q_pelaces
0.963853 4.63042
M
0.7
N
 33059.6 10913.5 3482.18 415.156 0.203252
 41345.2 14953 2733.83 619.88 71.9215
 17767.6 18724.3 3780.73 493.499 121.499
 26770.1 7423.73 2623.68 281.699 43.5129
 50580.8 12746.5 2709.46 821.133 100.513
 34420 24938.5 6006.27 1243.73 422.164
 69860.6 15993 7608.95 1437.02 390.689
 68676 33212.2 5771.01 2341.11 555.047
 91784.4 31404 9013.77 1158.46 567.19
 115435 41555.7 7924.18 1622.2 302.027
 66864.7 53737.4 12855.5 1935.58 461.03
 47369.4 29669.9 11700.4 1854.68 334.306
 47359.5 21337.5 7211.82 1990.9 361.775
 25871.8 20122.1 3380.11 645.857 201.101
 13846.8 9437.86 1043.06 56.7144 12.9545
 12074.4 4842.18 358.951 11.0019 0.661619
 9064.6 5147.66 786.419 33.3698 1.03623
 10490.1 4004.84 1085.77 108.182 4.57161
 10781.9 4796.3 1085.91 217.655 22.055
 16723.2 5012.69 1469.72 261.494 56.6019
 22499.7 7730.42 1472.76 332.289 70.3931
 28271.7 10808.6 3010.76 508.078 137.547
 44421.5 13494.4 4016.2 967.949 205.118
 51990.7 21021.9 4708.93 1175.15 338.333
 19581.5 24585.9 7296.24 1366.76 432.891
pred_Ctot
 2131.56 4043.45 1701.38 206.241 0.10106
 2630.99 5484.54 1324.28 305.333 35.4577
 2046.93 10365.8 2555.84 337.342 83.1019
 794.335 1440.26 716.348 78.5907 12.1535
 259.595 469.834 148.021 46.0274 5.64182
 1598.32 7110.68 2332.92 492.377 167.299
 2148.04 3202.15 2139.4 412.791 112.355
 3928.09 11210.1 2601.79 1074.16 254.908
 5857.48 11544 4374.56 571.687 280.15
 5212.51 11576.9 3014.5 629.104 117.249
 5151.47 22734.9 7023.36 1073.52 255.901
 3182.92 11343.5 5871.82 946.028 170.668
 4962.52 11135.2 4661.13 1302.4 236.815
 5026.31 14566.5 2754.27 529.441 164.904
 3005.48 7135 873.347 47.7293 10.905
 1239.42 2493.82 229.642 7.12563 0.42879
 723.91 2234.85 438.9 18.9001 0.587358
 600.892 1353.33 490.002 49.6863 2.10163
 496.358 1357.81 419.087 85.6213 8.68482
 834.86 1516.84 601.927 109.102 23.639
 528.834 1216.1 330.177 76.1962 16.161
 790.892 1989.7 782.668 134.996 36.5889
 1506.17 2944.19 1222.79 300.938 63.8428
 1789.16 4646.2 1450.91 369.713 106.561
 674.81 5440.56 2250.66 430.479 136.496
F
 0.0934014 0.684298 1.02589 1.05357 1.05507
 0.0921314 0.674994 1.01194 1.03924 1.04072
 0.172696 1.26525 1.89683 1.94801 1.95078
 0.0420306 0.307934 0.461649 0.474105 0.474779
 0.00715909 0.0524505 0.0786329 0.0807545 0.0808693
 0.0664836 0.487087 0.730232 0.749935 0.751001
 0.043583 0.319308 0.4787 0.491616 0.492315
 0.0824638 0.604165 0.905753 0.930192 0.931515
 0.0924075 0.677017 1.01497 1.04236 1.04384
 0.0645969 0.473265 0.70951 0.728654 0.72969
 0.112536 0.824488 1.23606 1.26941 1.27121
 0.0975118 0.714413 1.07103 1.09993 1.1015
 0.15595 1.14256 1.7129 1.75912 1.76162
 0.308425 2.25966 3.38764 3.47904 3.48399
 0.350689 2.5693 3.85185 3.95578 3.9614
 0.152548 1.11763 1.67553 1.72074 1.72319
 0.116872 0.856251 1.28368 1.31831 1.32019
 0.0825897 0.605087 0.907136 0.931612 0.932936
 0.0658945 0.482771 0.723762 0.74329 0.744347
 0.0716359 0.524835 0.786823 0.808053 0.809202
 0.0331637 0.242971 0.364259 0.374087 0.374619
 0.0395832 0.290003 0.434767 0.446498 0.447133
 0.048157 0.352818 0.528939 0.543211 0.543983
 0.0488925 0.358207 0.537017 0.551507 0.552291
 0.048963 0.358723 0.537792 0.552302 0.553088
nmprior
 10.6 11 7 0
nm_flota  nm_reclas  nm_pelaces    nm_pelaL
inf 21.7005 14.1647 31.3738
cv_recla  cv_pelaces  cv_mph
0.73777 0.418781 0.443553
 ------------------------------------------------
Talla a la edad & desviación 
 7.2 14.2025 17.0495 18.207 18.6776
 1.08 2.13037 2.55742 2.73105 2.80164
