    unsorted:	 2.302298607e-06 2.644624566e-06 1.228124279e-06 5.746265659e-05 0.0008999963736 0.007358463473 24.89450214 62.02732255 94.81760636 135.4236940 213.5291871 188.4917974 461.1008503 603.6032201 616.1618785 828.0661810 851.5125869 1044.196227 1418.301964 1154.020593 1339.976077 1607.337057 1780.188560 2037.989423 2335.959546 2478.992115 2758.541472 3030.403986 3623.620461 3835.903313 4273.100985 4363.291685 4657.091972 5059.318132 5305.316655 5906.911123 6176.433563 6415.067393 21247.65906 196453.8127 403064.3349 374283.7625 366590.8304 430603.4627 470200.3259 478109.3636 497995.1712 507576.0455 525474.3034 315870.8041 569910.1507 584021.2590 650130.5394 703164.4977 807461.0861 879977.8760 1042785.340 1089321.223 1326002.137 1631901.205 1851361.743 2106101.687 2273795.581 2653962.601 6107773.005
      sorted:	 1.228124279e-06 2.302298607e-06 2.644624566e-06 5.746265659e-05 0.0008999963736 0.007358463473 24.89450214 62.02732255 94.81760636 135.4236940 188.4917974 213.5291871 461.1008503 603.6032201 616.1618785 828.0661810 851.5125869 1044.196227 1154.020593 1339.976077 1418.301964 1607.337057 1780.188560 2037.989423 2335.959546 2478.992115 2758.541472 3030.403986 3623.620461 3835.903313 4273.100985 4363.291685 4657.091972 5059.318132 5305.316655 5906.911123 6176.433563 6415.067393 21247.65906 196453.8127 315870.8041 366590.8304 374283.7625 403064.3349 430603.4627 470200.3259 478109.3636 497995.1712 507576.0455 525474.3034 569910.1507 584021.2590 650130.5394 703164.4977 807461.0861 879977.8760 1042785.340 1089321.223 1326002.137 1631901.205 1851361.743 2106101.687 2273795.581 2653962.601 6107773.005
