years
 1997 1998 1999 2000 2001 2002 2003 2004 2005 2006 2007 2008 2009 2010 2011 2012 2013 2014 2015 2016 2017 2018 2019 2020 2021
reclasobs
 0 0 0 370054 412103 1.49427e+06 250295 1.28982e+06 931140 785840 897777 1.04006e+06 184774 17550 25797 100020 73551 82996 120727 218422 84188 347160 605670 569463 516374
reclaspred
 2.79773e+06 504453 1.31396e+06 718088 742974 909339 1.81373e+06 1.20107e+06 1.3151e+06 1.25699e+06 1.04364e+06 704901 449489 241029 169347 161477 187241 271669 306475 400131 612916 602677 1.00032e+06 1.23629e+06 1.64163e+06
pelacesobs
 0 0 0 0 0 0 0 0 0 2.06254e+06 1.5e+06 0 1.87456e+06 323000 250000 174000 83755 137374 0 501740 490994 745055 786931 1.00524e+06 1.33801e+06
pelacespred
 1.5862e+06 600948 487292 532348 462311 454158 930462 828965 768159 761589 540135 377371 238128 106799 74803.2 80593 97400.9 141119 168003 212095 353071 363755 457731 671315 898702
mphobs
 0 0 0 0 0 112323 0 153150 637223 0 255016 313432 73983 77613 109348 50772 0 0 0 0 0 0 0 0 0
mphpred
 2.06534e+06 1.02467e+06 777978 819249 615434 795274 1.12208e+06 1.3743e+06 1.10659e+06 1.17983e+06 1.09119e+06 729907 478344 289950 159076 136507 148440 203734 265851 301445 453693 568009 689452 960706 1.33173e+06
desembarqueobs
 350755 77701 442110 56441 14545 235359 269955 359681 431902 328805 639364 411747 362871 311530 167758 66681 60226 58785 57116 73181 50977 67692 138656 160484 209506
desembarquepred
 350846 77746.3 442757 56473.9 14539.9 235460 270104 359513 432341 329081 639681 412146 363282 311937 167919 66655.1 60239.1 58737.3 57029.3 73225.2 51022.7 67740.2 138785 160671 209767
Reclutas
 63133 59171.9 34358.7 38117.9 75359.7 57824.2 108874 80225.5 128748 114655 63642.9 50498.1 54512.3 32422.9 19231 17817.3 16173.5 19771.3 19848.9 35573.9 50875.3 55796.8 91542.2 119561 79845.9
log_desv_Rt
 0.232999 0.168202 -0.375391 -0.271561 0.410028 0.145163 0.777944 0.472597 0.945615 0.829681 0.241043 0.00969092 0.0861816 -0.43338 -0.955721 -1.03208 -1.12887 -0.928012 -0.924094 -0.340634 0.0171333 0.109472 0.604556 0.871582 0.467854
SSB
 2.06534e+06 1.02467e+06 777978 819249 615434 795274 1.12208e+06 1.3743e+06 1.10659e+06 1.17983e+06 1.09119e+06 729907 478344 289950 159076 136507 148440 203734 265851 301445 453693 568009 689452 960706 1.33173e+06
BT
 4.07779e+06 1.26638e+06 1.35704e+06 1.12314e+06 1.03789e+06 1.07626e+06 2.57042e+06 2.15919e+06 2.26159e+06 2.00063e+06 1.71765e+06 1.19709e+06 903938 525909 319849 233596 275394 371188 397392 544539 876691 791988 1.06628e+06 1.61583e+06 2.09519e+06
Ftot
 0.122016 0.149711 0.323243 0.076729 0.0191575 0.249763 0.144796 0.288202 0.3163 0.252759 0.575813 0.550845 0.749655 1.14755 0.906544 0.394498 0.309562 0.209374 0.180421 0.177583 0.0812282 0.109461 0.134915 0.126473 0.124327
BD_Bspro_t
 0.98172 0.882031 0.79715 0.658002 0.714961 0.809986 0.754203 0.762526 0.68887 0.655758 0.610816 0.43966 0.345528 0.269374 0.180732 0.183929 0.256673 0.40343 0.530853 0.621401 0.730914 0.816389 0.821099 0.823145 0.830849
BD_Bspro
 2.01081 0.997615 0.757438 0.79762 0.599185 0.774278 1.09245 1.33802 1.07737 1.14869 1.06238 0.710636 0.465716 0.282295 0.154876 0.132903 0.144521 0.198355 0.258833 0.293486 0.441715 0.553012 0.671249 0.935342 1.29657
BD_Bo
 1.69378 0.840329 0.638019 0.671866 0.504717 0.652205 0.920215 1.12707 0.907512 0.967582 0.894883 0.598596 0.39229 0.237788 0.130458 0.111949 0.121736 0.167082 0.218025 0.247215 0.372074 0.465824 0.565419 0.787875 1.09215
BD_Brms
 8.23816 4.08717 3.10318 3.2678 2.45483 3.17217 4.47571 5.48178 4.41393 4.70609 4.3525 2.91143 1.90801 1.15654 0.634519 0.544495 0.592095 0.812648 1.06042 1.20239 1.80968 2.26566 2.75007 3.83204 5.31198
S_f
 0.5 1 1 1 1
 0.5 1 1 1 1
 0.5 1 1 1 1
 0.5 1 1 1 1
 0.5 1 1 1 1
 0.5 1 1 1 1
 0.5 1 1 1 1
 0.5 1 1 1 1
 0.5 1 1 1 1
 0.5 1 1 1 1
 0.5 1 1 1 1
 0.5 1 1 1 1
 0.5 1 1 1 1
 0.5 1 1 1 1
 0.5 1 1 1 1
 0.5 1 1 1 1
 0.5 1 1 1 1
 0.5 1 1 1 1
 0.5 1 1 1 1
 0.5 1 1 1 1
 0.5 1 1 1 1
 0.5 1 1 1 1
 0.5 1 1 1 1
 0.5 1 1 1 1
 0.5 1 1 1 1
Scru_reclas
 0.5 1 1 1 1
 0.5 1 1 1 1
 0.5 1 1 1 1
 0.5 1 1 1 1
 0.5 1 1 1 1
 0.5 1 1 1 1
 0.5 1 1 1 1
 0.5 1 1 1 1
 0.5 1 1 1 1
 0.5 1 1 1 1
 0.5 1 1 1 1
 0.5 1 1 1 1
 0.5 1 1 1 1
 0.5 1 1 1 1
 0.5 1 1 1 1
 0.5 1 1 1 1
 0.5 1 1 1 1
 0.5 1 1 1 1
 0.5 1 1 1 1
 0.5 1 1 1 1
 0.5 1 1 1 1
 0.5 1 1 1 1
 0.5 1 1 1 1
 0.5 1 1 1 1
 0.5 1 1 1 1
Scru_pelaces
 0.5 1 1 1 1
 0.5 1 1 1 1
 0.5 1 1 1 1
 0.5 1 1 1 1
 0.5 1 1 1 1
 0.5 1 1 1 1
 0.5 1 1 1 1
 0.5 1 1 1 1
 0.5 1 1 1 1
 0.5 1 1 1 1
 0.5 1 1 1 1
 0.5 1 1 1 1
 0.5 1 1 1 1
 0.5 1 1 1 1
 0.5 1 1 1 1
 0.5 1 1 1 1
 0.5 1 1 1 1
 0.5 1 1 1 1
 0.5 1 1 1 1
 0.5 1 1 1 1
 0.5 1 1 1 1
 0.5 1 1 1 1
 0.5 1 1 1 1
 0.5 1 1 1 1
 0.5 1 1 1 1
pf_obs 
 0.256992 0.487395 0.22802 0.0275931 0
 0.321318 0.546541 0.124235 0.00734118 0.000564706
 0.182869 0.594174 0.210203 0.0122559 0.00049798
 0.330522 0.361315 0.267642 0.0388342 0.00168674
 0.649043 0.306663 0.0425973 0.00169635 0
 0.582887 0.30429 0.105238 0.00758474 0
 0.465427 0.430635 0.0974691 0.00646863 0
 0.296916 0.608066 0.0921331 0.00288517 0
 0.311714 0.524322 0.152257 0.0117073 0
 0.15457 0.633149 0.183074 0.0267441 0.00246327
 0.131901 0.49318 0.331252 0.0422183 0.00144891
 0.196976 0.569456 0.194076 0.0375587 0.00193317
 0.518974 0.381816 0.0799577 0.0180837 0.00116848
 0.0928022 0.601141 0.25162 0.0475244 0.00691264
 0.122501 0.610282 0.24278 0.0234846 0.000952079
 0.383417 0.481906 0.127806 0.00687128 0
 0.0376549 0.599619 0.316969 0.0457579 0
 0.0361596 0.667082 0.258105 0.0386534 0
 0.158088 0.579412 0.248529 0.0139706 0
 0.0477256 0.309471 0.559284 0.082774 0.000745712
 0.0406174 0.521527 0.379366 0.0568643 0.0016247
 0.151134 0.462217 0.34131 0.0453401 0
 0.294876 0.26143 0.354403 0.0886775 0.000613685
 0.281977 0.475581 0.204845 0.0348837 0.00271318
 0.0354234 0.537034 0.353287 0.0723622 0.0018943
pf_pred 
 0.354351 0.325029 0.161405 0.0801512 0.0790639
 0.355289 0.342905 0.151934 0.0754481 0.0744246
 0.265162 0.393044 0.181791 0.0805477 0.079455
 0.37116 0.277979 0.187666 0.0867991 0.076396
 0.531767 0.255999 0.0938182 0.0633373 0.0550785
 0.363941 0.442349 0.105908 0.0388129 0.0489889
 0.549989 0.248144 0.140389 0.033612 0.0278657
 0.378454 0.4463 0.096634 0.0546711 0.0239411
 0.531939 0.266575 0.144677 0.0313258 0.0254837
 0.441619 0.398392 0.091119 0.0494526 0.0194183
 0.309913 0.434557 0.182314 0.0416984 0.0315171
 0.380842 0.319352 0.188792 0.0792059 0.0318083
 0.495646 0.298294 0.106283 0.0628314 0.0369463
 0.434534 0.402197 0.0965636 0.0344058 0.0323
 0.464979 0.367812 0.11893 0.0285539 0.0197249
 0.526073 0.330018 0.0989332 0.0319895 0.0129859
 0.458898 0.386056 0.107966 0.0323662 0.0147138
 0.494042 0.328708 0.126461 0.0353667 0.0154221
 0.440462 0.377462 0.11829 0.0455088 0.018277
 0.561364 0.273566 0.111356 0.0348969 0.0188176
 0.538747 0.336325 0.0779148 0.0317153 0.0152985
 0.45366 0.385179 0.117511 0.0272233 0.0164266
 0.531482 0.295814 0.121759 0.0371466 0.0137982
 0.503791 0.3484 0.0933241 0.038413 0.0160722
 0.332833 0.452263 0.150889 0.0404179 0.0235971
pobs_RECLAS
 0 0 0 0 0
 0 0 0 0 0
 0 0 0 0 0
 0 0 0 0 0
 0.835266 0.146461 0.0176864 0.000547809 3.91292e-05
 0.385257 0.428462 0.181853 0.0044286 0
 0.867414 0.0963971 0.0333333 0.00285562 0
 0.441836 0.489002 0.0689373 0.000224442 0
 0.779404 0.147425 0.0564933 0.0165055 0.000172143
 0.814271 0.122319 0.05973 0.00367925 0
 0.40263 0.566651 0.0304383 0.000280538 0
 0.475488 0.404961 0.113038 0.00651328 0
 0.955842 0.0263864 0.0167828 0.000988607 0
 0.975058 0.0227948 0.00214734 0 0
 0.738997 0.206755 0.0527124 0.00153531 0
 0.850938 0.134255 0.0134407 0.00136685 0
 0.542534 0.407297 0.0501686 0 0
 0.764087 0.199537 0.0359546 0.000420521 0
 0.470689 0.182191 0.310203 0.0369168 0
 0.84361 0.089868 0.0606195 0.00523954 0.000663233
 0.607945 0.314616 0.071237 0.00620181 0
 0.523733 0.453247 0.0230204 0 0
 0.530135 0.295979 0.169645 0.0042399 0
 0.562478 0.366248 0.0663022 0.0049721 0
 0.250443 0.683176 0.0655157 0.000865301 0
ppred_RECLAS
 0.355263 0.32457 0.161177 0.080038 0.0789522
 0.356438 0.342294 0.151663 0.0753137 0.0742919
 0.267606 0.391737 0.181186 0.0802798 0.0791907
 0.37172 0.277732 0.187498 0.0867218 0.0763279
 0.531907 0.255922 0.09379 0.0633183 0.0550619
 0.366054 0.44088 0.105556 0.038684 0.0488262
 0.551183 0.247486 0.140016 0.0335228 0.0277918
 0.38101 0.444465 0.0962367 0.0544463 0.0238426
 0.534969 0.264849 0.14374 0.0311231 0.0253187
 0.4439 0.396764 0.0907467 0.0492505 0.019339
 0.315627 0.430959 0.180805 0.0413532 0.0312562
 0.386761 0.316299 0.186987 0.0784487 0.0315042
 0.505245 0.292617 0.10426 0.0616355 0.0362432
 0.45222 0.389617 0.0935433 0.0333297 0.0312897
 0.477562 0.359162 0.116133 0.0278824 0.019261
 0.530086 0.327224 0.0980955 0.0317186 0.012876
 0.461842 0.383956 0.107379 0.0321901 0.0146337
 0.495889 0.327508 0.126 0.0352376 0.0153658
 0.441993 0.376429 0.117967 0.0453844 0.018227
 0.562864 0.272631 0.110975 0.0347776 0.0187532
 0.53938 0.335863 0.0778077 0.0316717 0.0152775
 0.454535 0.384562 0.117323 0.0271797 0.0164002
 0.532592 0.295113 0.121471 0.0370587 0.0137655
 0.504827 0.347672 0.0931293 0.0383328 0.0160387
 0.333737 0.451651 0.150685 0.0403631 0.0235651
pobs_PELACES
 0 0 0 0 0
 0 0 0 0 0
 0 0 0 0 0
 0 0 0 0 0
 0 0 0 0 0
 0 0 0 0 0
 0 0 0 0 0
 0 0 0 0 0
 0 0 0 0 0
 0 0 0 0 0
 0.450072 0.473896 0.0757376 0.000293798 0
 0 0 0 0 0
 0.463077 0.371075 0.160297 0.00555027 0
 0.529543 0.364841 0.0842815 0.0213345 0
 0.631943 0.363953 0.00410389 0 0
 0.735681 0.248677 0.0153453 0.000297389 0
 0.695825 0.281241 0.0229344 0 0
 0.275771 0.60734 0.115278 0.00161068 0
 0 0 0 0 0
 0.896147 0.0623911 0.0374545 0.00400742 0
 0.803859 0.145111 0.0509908 3.86294e-05 0
 0.739449 0.233085 0.0266225 0.000797448 4.60066e-05
 0.878498 0.100942 0.0204185 0.000141795 0
 0.694673 0.275183 0.0284847 0.00165964 0
 0.469039 0.446079 0.0841089 0.000773354 0
ppred_PELACES
 0.359888 0.322242 0.160021 0.0794639 0.0783859
 0.362124 0.339269 0.150323 0.0746482 0.0736355
 0.278188 0.386077 0.178568 0.0791199 0.0780465
 0.374682 0.276422 0.186615 0.086313 0.0759681
 0.532694 0.255492 0.0936323 0.0632118 0.0549693
 0.375669 0.434193 0.103955 0.0380972 0.0480857
 0.557086 0.244231 0.138175 0.0330819 0.0274263
 0.392286 0.436367 0.0944835 0.0534544 0.0234083
 0.547926 0.25747 0.139735 0.0302559 0.0246133
 0.454218 0.389402 0.089063 0.0483368 0.0189801
 0.336499 0.417815 0.175291 0.0400919 0.0303029
 0.408527 0.305073 0.18035 0.0756643 0.030386
 0.536105 0.274365 0.0977566 0.057791 0.0339825
 0.49941 0.356053 0.0854847 0.0304584 0.0285942
 0.514937 0.333467 0.107825 0.0258877 0.0178831
 0.546263 0.315959 0.0947185 0.0306267 0.0124327
 0.474559 0.374882 0.104841 0.0314294 0.0142879
 0.504525 0.321897 0.123841 0.0346339 0.0151025
 0.449347 0.371468 0.116412 0.0447862 0.0179868
 0.570059 0.268143 0.109148 0.0342051 0.0184445
 0.542708 0.333436 0.0772455 0.0314429 0.0151671
 0.459017 0.381402 0.116359 0.0269564 0.0162655
 0.538129 0.291617 0.120032 0.0366196 0.0136024
 0.510043 0.34401 0.0921483 0.037929 0.0158697
 0.338313 0.448548 0.149649 0.0400858 0.0234032
pobs_pel_tallas
 0 0 0 0 0 0 0 0 0 0 0 0 0 0 0 0 0 0 0 0 0 0 0 0 0 0 0 0 0 0 0 0 0 0 0 0
 0 0 0 0 0 0 0 0 0 0 0 0 0 0 0 0 0 0 0 0 0 0 0 0 0 0 0 0 0 0 0 0 0 0 0 0
 0 0 0 0 0 0 0 0 0 0 0 0 0 0 0 0 0 0 0 0 0 0 0 0 0 0 0 0 0 0 0 0 0 0 0 0
 0 0 0 0 0 0 0 0 0 0 0 0 0 0 0 0 0 0 0 0 0 0 0 0 0 0 0 0 0 0 0 0 0 0 0 0
 0 0 0 0 0 0 0 0 0 0 0 0 0 0 0 0 0 0 0 0 0 0 0 0 0 0 0 0 0 0 0 0 0 0 0 0
 0 0 0 0 0 0 0 0 0 0 0 0 0 0 0 0 0 0 0 0 0 0 0 0 0 0 0 0 0 0 0 0 0 0 0 0
 0 0 0 0 0 0 0 0 0 0 0 0 0 0 0 0 0 0 0 0 0 0 0 0 0 0 0 0 0 0 0 0 0 0 0 0
 0 0 0 0 0 0 0 0 0 0 0 0 0 0 0 0 0 0 0 0 0 0 0 0 0 0 0 0 0 0 0 0 0 0 0 0
 0 0 0 0 0 0 0 0 0 0 0 0 0 0 0 0 0 0 0 0 0 0 0 0 0 0 0 0 0 0 0 0 0 0 0 0
 0 0 0 0 0 0 0 0 0 0 0 0 0 0 0 0 0 0 0 0 0 0 0 0 0 0 0 0 0 0 0 0 0 0 0 0
 0 0 0 0 0 0 0 0 1.78061e-05 0.00172719 0.00360574 0.0105946 0.0120993 0.0124554 0.0147524 0.0171206 0.0266825 0.0428682 0.0675386 0.121331 0.153587 0.119568 0.100827 0.0573624 0.0630603 0.0341343 0.0324427 0.0444173 0.0211091 0.0280891 0.0125444 0.00206551 0 0 0 0
 0 0 0 0 0 0 0 0 0 0 0 0 0 0 0 0 0 0 0 0 0 0 0 0 0 0 0 0 0 0 0 0 0 0 0 0
 0 0 0 0 0 0 0.0133647 0.0140871 0.0187388 0.0205184 0.03894 0.0496705 0.03968 0.0493445 0.0407372 0.0367815 0.0215668 0.0243155 0.0234873 0.0199281 0.019796 0.0243948 0.0301388 0.0376714 0.0412746 0.0863199 0.0771752 0.113111 0.0741005 0.0525337 0.0229764 0.00759418 0.00175318 0 0 0
 0 0 0 0 0 0 0 0 0 0 0.00219441 0.00772107 0.0458388 0.0604681 0.0671733 0.0775358 0.0609151 0.0617685 0.073594 0.0568108 0.0755445 0.0548602 0.0670107 0.0636378 0.0643287 0.046367 0.0373049 0.0286899 0.0247887 0.0153202 0.00654259 0.00121912 0.000365735 0 0 0
 0 0 0 0 0 0 0 0 0 0 0 0 0.000112435 0.00938835 0.0111873 0.0202946 0.0414886 0.0713402 0.111592 0.104902 0.108894 0.110636 0.117776 0.105296 0.107544 0.0401394 0.0192827 0.0124803 0.00416011 0.0028671 0.000618394 0 0 0 0 0
 0 0 0 0 0 0 0 0 0 0 0.00291406 0.0102884 0.027416 0.0768956 0.0749926 0.110853 0.0956884 0.0897413 0.0766577 0.0534642 0.0500743 0.0551293 0.0594112 0.0620874 0.0668451 0.0424026 0.0208742 0.0120726 0.0048766 0.00582813 0.00118941 0.000297354 0 0 0 0
 0 0.00264628 0.0354308 0.0461629 0.0458689 0.0383711 0.0214643 0.0164657 0.0346957 0.0420465 0.0363128 0.0245516 0.0311673 0.0291091 0.0169068 0.0133784 0.00837989 0.0085269 0.0148486 0.0160247 0.0276389 0.0546898 0.0760071 0.122758 0.109233 0.0665981 0.0333725 0.0166128 0.00676272 0.00308733 0.000882094 0 0 0 0 0
 0 0 0 0 0 0 0 0.000805153 0.000690131 0.00759144 0.0133425 0.0154129 0.00931677 0.000345066 0.00356568 0.00563607 0.00851162 0.0253048 0.0502646 0.0516448 0.0657925 0.0565908 0.0611916 0.0827007 0.0866115 0.110766 0.145733 0.0935128 0.0569358 0.0249597 0.0138026 0.00621118 0.00161031 0.00115022 0 0
 0 0 0 0 0 0 0 0 0 0 0 0 0 0 0 0 0 0 0 0 0 0 0 0 0 0 0 0 0 0 0 0 0 0 0 0
 0.00147267 0.00158595 0.00478618 0.00569244 0.00954404 0.0108468 0.00647125 0.017049 0.0510054 0.094081 0.124002 0.0959785 0.0687766 0.0820023 0.061753 0.0591476 0.0492212 0.0479892 0.0443925 0.0268479 0.0217502 0.0140895 0.0121071 0.0120363 0.00920419 0.00665534 0.0049561 0.00860946 0.00930331 0.0156896 0.0114698 0.00855282 0.00243557 0.00046729 0 2.83206e-05
 0 0 0 0 0.000772559 0.00158375 0.000888443 0.00281984 0.00712685 0.0440552 0.0773331 0.111326 0.0921469 0.0852325 0.0710754 0.0886704 0.0786465 0.0553345 0.0373146 0.0185414 0.00753245 0.00457741 0.012979 0.0271748 0.0457355 0.0583668 0.034881 0.0177882 0.00938659 0.00492506 0.0015258 0.00185414 0.000309023 5.79419e-05 3.86279e-05 0
 0 0.00173294 0.00326652 0 0.00397197 0.00683976 0.00946217 0.0152591 0.00757587 0.0136028 0.0228656 0.0392903 0.0559909 0.0764795 0.0681675 0.0726916 0.0566044 0.0477403 0.0527397 0.0444891 0.0609904 0.0582453 0.0661739 0.0445044 0.0529084 0.0360697 0.0280645 0.0235558 0.0158879 0.00826598 0.00280645 0.00217768 0.000904811 0.00058276 9.20147e-05 0
 0 0 0 0 0 0 0 0 0 0 0 0 0 0 0 0 0 0 0 0 0 0 0 0 0 0 0 0 0 0 0 0 0 0 0 0
 0 0 0 0 0 0 0 0 0 0 0 0 0 0 0 0 0 0 0 0 0 0 0 0 0 0 0 0 0 0 0 0 0 0 0 0
 0 0 0 0 0 0 0 0 0 0 0 0 0 0 0 0 0 0 0 0 0 0 0 0 0 0 0 0 0 0 0 0 0 0 0 0
ppred_pel_tallas
 1.0877e-16 1.57186e-05 9.22135e-05 0.000438255 0.00168716 0.00526112 0.0132894 0.027194 0.0450849 0.0605715 0.0659765 0.0583451 0.0420912 0.025224 0.0134786 0.00805715 0.00737742 0.00952996 0.0133252 0.0181679 0.0236621 0.0293834 0.0348427 0.0395506 0.043113 0.0453074 0.046113 0.0456833 0.0442763 0.0421716 0.0396031 0.0367271 0.0336292 0.0303531 0.0269371 0.0234396
 1.08251e-16 1.58168e-05 9.27885e-05 0.000440985 0.00169767 0.00529388 0.0133722 0.0273635 0.0453662 0.0609507 0.0663926 0.0587205 0.0423779 0.0254274 0.0136444 0.00824313 0.00763554 0.00990128 0.0138392 0.0188391 0.0244837 0.0303212 0.0358328 0.0405038 0.0439255 0.0458769 0.0463561 0.0455495 0.0437564 0.0412975 0.0384403 0.0353632 0.0321595 0.0288683 0.0255142 0.0221363
 1.09026e-16 1.21588e-05 7.13082e-05 0.000338855 0.00130443 0.00406756 0.0102747 0.0210261 0.0348634 0.046852 0.0510672 0.0452424 0.0328171 0.020024 0.0113524 0.00779823 0.00820649 0.0111535 0.015735 0.0214492 0.0278797 0.0345252 0.0407959 0.0461035 0.04998 0.0521705 0.0526706 0.0516914 0.0495746 0.0466889 0.0433452 0.0397542 0.0360307 0.0322272 0.0283775 0.0245288
 1.09255e-16 1.63619e-05 9.59944e-05 0.000456239 0.00175642 0.0054771 0.0138349 0.0283098 0.0469331 0.0630495 0.0686622 0.0606884 0.0437126 0.0260576 0.0136737 0.00778877 0.0067338 0.00850798 0.0118781 0.0162555 0.0212882 0.0266188 0.0318333 0.0365072 0.0402843 0.0429398 0.0444079 0.0447622 0.0441633 0.042796 0.0408197 0.0383481 0.0354577 0.0322116 0.0286866 0.0249873
 1.06153e-16 2.3251e-05 0.000136442 0.000648535 0.00249681 0.00778601 0.019667 0.0402424 0.0667106 0.0896036 0.0975411 0.0861205 0.0618276 0.0364466 0.0183703 0.0092609 0.00665436 0.00762308 0.0103607 0.01403 0.0181983 0.0224967 0.0265301 0.0299138 0.0323472 0.0336747 0.0339077 0.0332003 0.03179 0.0299264 0.0278137 0.0255828 0.0232946 0.0209655 0.0185988 0.0162097
 1.05173e-16 1.64113e-05 9.62698e-05 0.000457516 0.00176128 0.00549224 0.0138733 0.0283895 0.0470695 0.0632455 0.0689093 0.0609866 0.0441005 0.0266346 0.0146047 0.00929715 0.00908587 0.0119842 0.0167231 0.0226075 0.0291005 0.0355969 0.0414112 0.0458848 0.0485258 0.0491182 0.0477621 0.0448268 0.0408407 0.0363555 0.0318313 0.027573 0.0237243 0.0203048 0.0172661 0.0145428
 1.0446e-16 2.43143e-05 0.000142685 0.000678217 0.0026111 0.00814241 0.0205672 0.0420842 0.0697632 0.0937018 0.101997 0.0900427 0.0646169 0.0380375 0.0190738 0.00945501 0.00659534 0.00742736 0.0100622 0.0136329 0.0177046 0.0219161 0.0258796 0.0292127 0.0316083 0.0328942 0.0330588 0.0322322 0.0306344 0.0285111 0.0260796 0.0235006 0.020876 0.0182662 0.0157131 0.0132566
 1.04414e-16 1.7136e-05 0.000100524 0.000477741 0.00183916 0.00573508 0.0144867 0.0296446 0.0491498 0.066039 0.0719484 0.0636654 0.0460141 0.027743 0.0151267 0.00949887 0.00915184 0.0120026 0.0167214 0.022585 0.029043 0.035482 0.0412103 0.045565 0.0480534 0.0484632 0.046903 0.0437546 0.0395617 0.0348916 0.030219 0.0258595 0.0219634 0.0185521 0.0155742 0.012957
 1.04258e-16 2.39155e-05 0.000140342 0.000667075 0.0025682 0.00800861 0.0202293 0.0413929 0.0686176 0.0921647 0.100328 0.088579 0.0635879 0.0374749 0.0188714 0.00948587 0.00678255 0.0077494 0.0105285 0.0142595 0.0184983 0.0228652 0.0269503 0.0303504 0.0327434 0.0339528 0.0339739 0.0329532 0.0311339 0.0287858 0.0261477 0.0233954 0.0206391 0.0179411 0.01534 0.0128696
 1.03939e-16 1.98346e-05 0.000116372 0.000553092 0.00212929 0.00663986 0.0167721 0.0343202 0.0568983 0.0764394 0.0832511 0.0735997 0.0530479 0.0316917 0.0167507 0.00971606 0.00855709 0.0108235 0.0149698 0.0202014 0.025982 0.0317536 0.0368969 0.0408191 0.0430785 0.0434827 0.0421252 0.0393428 0.0356172 0.0314525 0.0272712 0.0233559 0.0198434 0.0167562 0.0140528 0.0116727
 1.05418e-16 1.47029e-05 8.62408e-05 0.00040984 0.00157772 0.0049198 0.0124274 0.025431 0.0421654 0.0566595 0.0617426 0.0546656 0.0395774 0.0239988 0.0133347 0.00875819 0.00883622 0.0118122 0.0165666 0.022483 0.0290701 0.0357574 0.0418853 0.0468063 0.050017 0.0512643 0.0505871 0.0482784 0.044789 0.040607 0.0361552 0.031734 0.0275152 0.023572 0.0199231 0.0165715
 1.0668e-16 1.7839e-05 0.000104663 0.000497444 0.00191506 0.00597181 0.0150846 0.0308668 0.0511722 0.0687439 0.0748628 0.0661672 0.0476548 0.0283988 0.0148845 0.00844636 0.00725732 0.00912506 0.0126897 0.0172897 0.0225178 0.0279605 0.033145 0.0375964 0.0409272 0.0429117 0.0435173 0.0428816 0.0412501 0.0388995 0.0360745 0.0329554 0.0296599 0.0262656 0.0228379 0.0194492
 1.05051e-16 2.34006e-05 0.000137318 0.000652696 0.00251283 0.00783594 0.0197931 0.0405007 0.0671392 0.0901807 0.0981731 0.0866877 0.0622546 0.0367379 0.0185901 0.00949044 0.00696475 0.00806931 0.0109829 0.0148513 0.019218 0.0236824 0.0278138 0.0311943 0.0335007 0.0345707 0.0344284 0.033258 0.0313392 0.0289687 0.0263948 0.0237841 0.0212212 0.0187332 0.0163222 0.0139923
 1.03713e-16 2.18038e-05 0.000127936 0.000608076 0.00234101 0.0073001 0.0184397 0.0377321 0.0625526 0.0840288 0.0914992 0.0808497 0.058182 0.0345757 0.0179403 0.00988179 0.00813424 0.00997917 0.0137131 0.0184888 0.0237787 0.0290641 0.0337768 0.0373742 0.039452 0.0398338 0.0386043 0.0360709 0.0326739 0.0288742 0.0250584 0.0214851 0.0182794 0.0154621 0.0129948 0.0108213
 1.03365e-16 2.248e-05 0.000131908 0.000626963 0.00241373 0.0075269 0.0190126 0.038904 0.0644945 0.0866345 0.094329 0.083332 0.0599291 0.0355351 0.0182941 0.00984834 0.00784898 0.00948553 0.0130041 0.0175479 0.0226059 0.0276891 0.0322631 0.0358134 0.0379502 0.0384925 0.0375003 0.0352424 0.0321143 0.0285373 0.0248714 0.0213666 0.0181559 0.0152804 0.0127279 0.0104678
 1.03081e-16 2.38452e-05 0.000139924 0.000665079 0.00256049 0.00798457 0.0201686 0.0412692 0.0684142 0.0918962 0.100048 0.0883619 0.063497 0.0375512 0.0191486 0.0100128 0.00763327 0.00901407 0.0122903 0.0165649 0.0213265 0.0261047 0.030392 0.033702 0.0356677 0.0361212 0.0351241 0.0329361 0.0299366 0.0265283 0.0230542 0.0197507 0.0167417 0.0140625 0.0116966 0.00961056
 1.03358e-16 2.0721e-05 0.000121577 0.000577841 0.00222459 0.00693704 0.0175227 0.035856 0.0594435 0.0798557 0.0869643 0.0768645 0.0553619 0.0329957 0.0172969 0.00980932 0.00839776 0.0104926 0.0144786 0.0195381 0.0251387 0.030738 0.0357361 0.0395567 0.0417675 0.0421747 0.0408594 0.0381393 0.034475 0.0303539 0.02619 0.0222678 0.0187342 0.015627 0.0129196 0.0105629
 1.03759e-16 2.20256e-05 0.000129241 0.000614286 0.00236493 0.0073747 0.0186281 0.0381173 0.0631902 0.0848824 0.0924207 0.081645 0.0587134 0.0348095 0.0179125 0.00963168 0.00766687 0.00926738 0.01272 0.0171935 0.0221971 0.0272629 0.0318767 0.0355395 0.0378674 0.0386718 0.0379919 0.036065 0.0332502 0.0299343 0.0264511 0.0230364 0.0198224 0.0168611 0.0141593 0.011709
 1.04153e-16 1.96215e-05 0.000115122 0.000547156 0.00210644 0.00656861 0.0165921 0.0339518 0.0562872 0.0756175 0.0823535 0.0728003 0.052459 0.0313147 0.0165063 0.00950562 0.0083019 0.0104721 0.0144933 0.0195919 0.0252558 0.0309558 0.0361015 0.0401221 0.0425845 0.0432863 0.0422921 0.039896 0.0365317 0.0326593 0.0286705 0.0248347 0.0212933 0.0180884 0.0152065 0.0126173
 1.03674e-16 2.4881e-05 0.000146009 0.000694017 0.00267193 0.00833209 0.0210464 0.0430648 0.071389 0.0958868 0.104379 0.0921529 0.0661479 0.038972 0.0196028 0.00981393 0.00696175 0.00790546 0.0107033 0.0144507 0.0186763 0.0229777 0.0269264 0.0301069 0.0321972 0.0330354 0.0326461 0.031216 0.0290318 0.0264028 0.0235959 0.0207991 0.0181187 0.0155987 0.01325 0.0110754
 1.02995e-16 2.36909e-05 0.000139017 0.000660761 0.00254386 0.00793271 0.0200376 0.0410013 0.0679706 0.091302 0.0994057 0.0878042 0.0631177 0.0373701 0.0191352 0.0101327 0.00787409 0.00938574 0.0128113 0.0172474 0.0221643 0.027066 0.0314171 0.034708 0.0365603 0.0368107 0.0355421 0.0330484 0.029749 0.0260836 0.0224225 0.0190149 0.0159832 0.0133491 0.0110763 0.00910866
 1.03463e-16 2.00436e-05 0.000117599 0.000558929 0.00215177 0.00670996 0.0169491 0.0346824 0.0574985 0.0772448 0.0841258 0.0743671 0.0535884 0.0319892 0.0168622 0.0097101 0.00847748 0.0106868 0.0147785 0.0199569 0.025692 0.0314355 0.0365771 0.040529 0.0428476 0.0433308 0.0420549 0.0393367 0.035639 0.0314536 0.0272007 0.0231713 0.019519 0.0162884 0.0134596 0.0109893
 1.03693e-16 2.34896e-05 0.000137839 0.000655168 0.00252234 0.00786561 0.0198681 0.0406541 0.0673941 0.0905246 0.0985514 0.0870309 0.0625212 0.0369358 0.018765 0.00970158 0.00726863 0.0085153 0.011612 0.0156918 0.0202772 0.0249381 0.0292083 0.032635 0.034867 0.035728 0.0352454 0.0336239 0.0311786 0.0282502 0.0251341 0.0220399 0.0190881 0.0163299 0.0137791 0.0114381
 1.03465e-16 2.2267e-05 0.000130656 0.000621011 0.00239081 0.00745542 0.018832 0.0385347 0.0638826 0.0858137 0.0934383 0.0825522 0.0593837 0.0352425 0.0181998 0.00988729 0.007983 0.00970551 0.0133157 0.0179574 0.0231103 0.028271 0.0328896 0.0364393 0.0385247 0.0389689 0.0378453 0.0354429 0.0321795 0.0284957 0.0247639 0.021237 0.018043 0.0152114 0.012716 0.010513
 1.04742e-16 1.47831e-05 8.67095e-05 0.000412062 0.00158627 0.00494645 0.0124947 0.0255689 0.0423949 0.0569701 0.062087 0.0549845 0.0398383 0.0242167 0.0135622 0.00906333 0.00928694 0.0124691 0.0174769 0.02367 0.03052 0.0374081 0.0436231 0.0484739 0.0514344 0.0522571 0.0510177 0.0480706 0.0439405 0.0391871 0.0342892 0.0295799 0.0252378 0.0213208 0.0178172 0.0146924
pSPR Fmed_Fpbrs
0.663067   0.255602 0.255602
Fs Fmed_Fpbrs
0.217603   1.005 1.005
SSBpbr Bo_Bmed_Bpbrs
1.21936e+06  747551  250704 250704
Ro
50011.1
SPR SPRFo_SPRFmed_SPRFpbrs
1.02712e+06 681047 262533
log_Ro
10.64
likeval ReclasPelacesDesembMPH_pf_preclas_ppelaces_ptallas_desvR_qrecl_qpela
 149.156 64.2715 0.0957404 0.000905896 344.769 212.233 81.8039 0 13.3214 0 0 0 0 0 0
q_reclas_q_pelaces
1 1
M
0.7
N
 63133 29732.6 14764.8 7331.97 7232.51
 59171.9 29495.4 13068.8 6489.78 6401.74
 34358.7 27264.7 12610.4 5587.42 5511.62
 38117.9 14515.7 9799.67 4532.54 3989.3
 75359.7 18216.4 6675.9 4506.94 3919.26
 57824.2 37065.8 8874.32 3252.25 4104.93
 108874 25343.6 14338.3 3432.88 2846
 80225.5 50289.2 10888.8 6160.36 2697.69
 128748 34492.5 18719.9 4053.29 3297.37
 114655 54582.3 12483.9 6775.34 2660.44
 63642.9 50176.5 21051.1 4814.74 3639.15
 50498.1 23697.8 14009.5 5877.54 2360.36
 54512.3 19039.4 6783.79 4010.39 2358.2
 32422.9 18608.1 4467.63 1591.83 1494.4
 19231 9071.08 2933.08 704.204 486.462
 17817.3 6069.35 1819.47 588.316 238.823
 16173.5 7263.92 2031.46 608.992 276.85
 19771.3 6879.8 2646.81 740.219 322.782
 19848.9 8842.29 2771.02 1066.07 428.152
 35573.9 9006.44 3666.09 1148.89 619.518
 50875.3 16164.5 3744.76 1524.31 735.28
 55796.8 24258.4 7400.82 1714.51 1034.54
 91542.2 26232.2 10797.4 3294.09 1223.6
 119561 42493.1 11382.4 4685.1 1960.27
 79845.9 55734 18594.6 4980.84 2907.95
pred_Ctot
 2696.64 2473.5 1228.3 609.956 601.682
 3082.41 2974.97 1318.15 654.572 645.692
 3722.1 5517.2 2551.81 1130.65 1115.32
 1034.06 774.456 522.841 241.824 212.841
 516.939 248.861 91.2022 61.5712 53.5426
 4917.35 5976.75 1430.96 524.416 661.909
 5491.2 2477.52 1401.67 335.589 278.217
 7807.32 9206.94 1993.51 1127.84 493.892
 13668.2 6849.65 3717.48 804.919 654.804
 9860.76 8895.56 2034.57 1104.21 433.585
 11641.2 16323.3 6848.27 1566.32 1183.88
 8882.74 7448.56 4403.38 1847.4 741.895
 12521 7535.47 2684.9 1587.24 933.335
 10518.8 9736.07 2337.54 832.869 781.893
 5172.94 4091.95 1323.11 317.666 219.442
 2320.02 1455.41 436.303 141.076 57.2689
 1682.87 1415.74 395.933 118.693 53.9583
 1421.83 946.004 363.949 101.784 44.3839
 1237.78 1060.74 332.417 127.888 51.3619
 2184.84 1064.73 433.399 135.82 73.2385
 1459.63 911.207 211.095 85.9265 41.4483
 2143.94 1820.3 555.343 128.654 77.6297
 4311.29 2399.59 987.69 301.327 111.929
 5288.28 3657.15 979.622 403.22 168.71
 3473.34 4719.68 1574.63 421.788 246.251
F
 0.0610081 0.122016 0.122016 0.122016 0.122016
 0.0748553 0.149711 0.149711 0.149711 0.149711
 0.161621 0.323243 0.323243 0.323243 0.323243
 0.0383645 0.076729 0.076729 0.076729 0.076729
 0.00957877 0.0191575 0.0191575 0.0191575 0.0191575
 0.124882 0.249763 0.249763 0.249763 0.249763
 0.0723979 0.144796 0.144796 0.144796 0.144796
 0.144101 0.288202 0.288202 0.288202 0.288202
 0.15815 0.3163 0.3163 0.3163 0.3163
 0.126379 0.252759 0.252759 0.252759 0.252759
 0.287907 0.575813 0.575813 0.575813 0.575813
 0.275423 0.550845 0.550845 0.550845 0.550845
 0.374827 0.749655 0.749655 0.749655 0.749655
 0.573773 1.14755 1.14755 1.14755 1.14755
 0.453272 0.906544 0.906544 0.906544 0.906544
 0.197249 0.394498 0.394498 0.394498 0.394498
 0.154781 0.309562 0.309562 0.309562 0.309562
 0.104687 0.209374 0.209374 0.209374 0.209374
 0.0902105 0.180421 0.180421 0.180421 0.180421
 0.0887916 0.177583 0.177583 0.177583 0.177583
 0.0406141 0.0812282 0.0812282 0.0812282 0.0812282
 0.0547307 0.109461 0.109461 0.109461 0.109461
 0.0674576 0.134915 0.134915 0.134915 0.134915
 0.0632367 0.126473 0.126473 0.126473 0.126473
 0.0621634 0.124327 0.124327 0.124327 0.124327
nmprior
 10.6 11 7 0
nm_flota  nm_reclas  nm_pelaces    nm_pelaL
inf 13.5533 13.4542 29.3439
cv_recla  cv_pelaces  cv_mph
1.1047 0.909037 0.976512
 ------------------------------------------------
Talla a la edad & desviación 
 7.2 14.2025 17.0495 18.207 18.6776
 1.08 2.13037 2.55742 2.73105 2.80164
