years
 1997 1998 1999 2000 2001 2002 2003 2004 2005 2006 2007 2008 2009 2010 2011 2012 2013 2014 2015 2016 2017 2018 2019 2020 2021
reclasobs
 0 0 0 370054 412103 1.49427e+06 250295 1.28982e+06 931140 785840 897777 1.04006e+06 184774 17550 25797 100020 73551 82996 120727 218422 84188 347160 605670 569463 516374
reclaspred
 1.20364e+06 252231 492644 133168 197659 267524 515916 323832 687221 1.31592e+06 1.37814e+06 814795 429732 206240 132011 113115 112679 135759 117824 178773 372191 333694 463889 562340 418673
pelacesobs
 0 0 0 0 0 0 0 0 0 2.06254e+06 1.5e+06 0 1.87456e+06 323000 250000 174000 83755 137374 0 501740 490994 745055 786931 1.00524e+06 1.33801e+06
pelacespred
 753171 254674 130466 92800.9 113371 106825 268607 172829 389176 764742 710704 433519 233774 88917.3 54916.3 53594.4 55318.2 66482.7 59628.4 88243.7 203627 200709 210492 279318 208308
mphobs
 0 0 0 0 0 112323 0 153150 637223 0 255016 313432 73983 77613 109348 50772 0 0 0 0 0 0 0 0 0
mphpred
 899735 465531 356642 191056 104092 267364 299368 395511 373488 904942 1.45366e+06 897753 475471 263940 127567 99958.5 95052.1 109743 115284 109398 251745 348392 321155 470548 454978
desembarqueobs
 350755 77701 442110 56441 14545 235359 269955 359681 431902 328805 639364 411747 362871 311530 167758 66681 60226 58785 57116 73181 50977 67692 138656 160484 209506
desembarquepred
 350588 77578.4 440636 56335.8 14529 235086 269916 358788 431392 328632 638363 410837 361541 310944 166897 66537.5 60261.4 58660.5 57068.2 73067.4 50954.8 67601.4 138575 160181 209519
Reclutas
 48065.7 46516.2 498.795 1414.71 47792.4 19353.2 55756.2 39282.2 157465 233799 26645.3 20381.4 55225.7 30687.3 17633.4 13074.1 10191.9 10001 6958.56 30341.9 36542 16372.8 67540.2 36097.6 646.925
log_desv_Rt
 0.860325 0.827557 -3.70781 -2.66532 0.854622 -0.0493856 1.00874 0.658527 2.04696 2.44222 0.270368 0.00237677 0.999184 0.411604 -0.142449 -0.441609 -0.690655 -0.709558 -1.07227 0.400285 0.586217 -0.216621 1.20048 0.573982 -3.44777
SSB
 899735 465531 356642 191056 104092 267364 299368 395511 373488 904942 1.45366e+06 897753 475471 263940 127567 99958.5 95052.1 109743 115284 109398 251745 348392 321155 470548 454978
BT
 2.3612e+06 618547 460792 235141 337955 390194 1.01835e+06 786119 1.62921e+06 2.32983e+06 1.90349e+06 1.20717e+06 906923 492781 275331 174153 178749 199517 170695 298431 547920 444734 581094 706436 553544
Ftot
 0.280685 0.296088 0.8145 0.40253 0.0718212 0.805481 0.498534 1.00439 0.597796 0.241809 0.439511 0.476918 0.778632 1.31107 1.13048 0.554917 0.507071 0.412502 0.459714 0.392453 0.133229 0.196094 0.287893 0.274354 0.472913
BD_Bspro_t
 0.960148 0.77291 0.623299 0.304801 0.29436 0.583056 0.456187 0.471723 0.431835 0.586298 0.656284 0.466132 0.328683 0.250095 0.155981 0.147102 0.184894 0.269668 0.330817 0.379455 0.599507 0.720617 0.677823 0.687585 0.614454
BD_Bspro
 2.15457 1.11479 0.85404 0.457515 0.249266 0.640248 0.716887 0.947117 0.894379 2.16703 3.48104 2.14982 1.13859 0.632048 0.305479 0.239367 0.227618 0.262799 0.276067 0.261972 0.602846 0.834284 0.76906 1.12681 1.08952
BD_Bo
 0.99039 0.512437 0.392577 0.210306 0.11458 0.294303 0.329532 0.435362 0.41112 0.996122 1.60013 0.988208 0.523379 0.290534 0.14042 0.11003 0.104629 0.120801 0.1269 0.120421 0.277111 0.383496 0.353514 0.517959 0.500821
BD_Brms
 4.81703 2.49237 1.9094 1.02288 0.557291 1.43142 1.60277 2.1175 1.99959 4.8449 7.78266 4.80641 2.54559 1.41309 0.682969 0.535161 0.508892 0.587547 0.617211 0.585698 1.3478 1.86523 1.71941 2.51923 2.43587
S_f
 0.5 1 1 1 1
 0.5 1 1 1 1
 0.5 1 1 1 1
 0.5 1 1 1 1
 0.5 1 1 1 1
 0.5 1 1 1 1
 0.5 1 1 1 1
 0.5 1 1 1 1
 0.5 1 1 1 1
 0.5 1 1 1 1
 0.5 1 1 1 1
 0.5 1 1 1 1
 0.5 1 1 1 1
 0.5 1 1 1 1
 0.5 1 1 1 1
 0.5 1 1 1 1
 0.5 1 1 1 1
 0.5 1 1 1 1
 0.5 1 1 1 1
 0.5 1 1 1 1
 0.5 1 1 1 1
 0.5 1 1 1 1
 0.5 1 1 1 1
 0.5 1 1 1 1
 0.5 1 1 1 1
Scru_reclas
 0.5 1 1 1 1
 0.5 1 1 1 1
 0.5 1 1 1 1
 0.5 1 1 1 1
 0.5 1 1 1 1
 0.5 1 1 1 1
 0.5 1 1 1 1
 0.5 1 1 1 1
 0.5 1 1 1 1
 0.5 1 1 1 1
 0.5 1 1 1 1
 0.5 1 1 1 1
 0.5 1 1 1 1
 0.5 1 1 1 1
 0.5 1 1 1 1
 0.5 1 1 1 1
 0.5 1 1 1 1
 0.5 1 1 1 1
 0.5 1 1 1 1
 0.5 1 1 1 1
 0.5 1 1 1 1
 0.5 1 1 1 1
 0.5 1 1 1 1
 0.5 1 1 1 1
 0.5 1 1 1 1
Scru_pelaces
 0.5 1 1 1 1
 0.5 1 1 1 1
 0.5 1 1 1 1
 0.5 1 1 1 1
 0.5 1 1 1 1
 0.5 1 1 1 1
 0.5 1 1 1 1
 0.5 1 1 1 1
 0.5 1 1 1 1
 0.5 1 1 1 1
 0.5 1 1 1 1
 0.5 1 1 1 1
 0.5 1 1 1 1
 0.5 1 1 1 1
 0.5 1 1 1 1
 0.5 1 1 1 1
 0.5 1 1 1 1
 0.5 1 1 1 1
 0.5 1 1 1 1
 0.5 1 1 1 1
 0.5 1 1 1 1
 0.5 1 1 1 1
 0.5 1 1 1 1
 0.5 1 1 1 1
 0.5 1 1 1 1
pf_obs 
 0.256992 0.487395 0.22802 0.0275931 0
 0.321318 0.546541 0.124235 0.00734118 0.000564706
 0.182869 0.594174 0.210203 0.0122559 0.00049798
 0.330522 0.361315 0.267642 0.0388342 0.00168674
 0.649043 0.306663 0.0425973 0.00169635 0
 0.582887 0.30429 0.105238 0.00758474 0
 0.465427 0.430635 0.0974691 0.00646863 0
 0.296916 0.608066 0.0921331 0.00288517 0
 0.311714 0.524322 0.152257 0.0117073 0
 0.15457 0.633149 0.183074 0.0267441 0.00246327
 0.131901 0.49318 0.331252 0.0422183 0.00144891
 0.196976 0.569456 0.194076 0.0375587 0.00193317
 0.518974 0.381816 0.0799577 0.0180837 0.00116848
 0.0928022 0.601141 0.25162 0.0475244 0.00691264
 0.122501 0.610282 0.24278 0.0234846 0.000952079
 0.383417 0.481906 0.127806 0.00687128 0
 0.0376549 0.599619 0.316969 0.0457579 0
 0.0361596 0.667082 0.258105 0.0386534 0
 0.158088 0.579412 0.248529 0.0139706 0
 0.0477256 0.309471 0.559284 0.082774 0.000745712
 0.0406174 0.521527 0.379366 0.0568643 0.0016247
 0.151134 0.462217 0.34131 0.0453401 0
 0.294876 0.26143 0.354403 0.0886775 0.000613685
 0.281977 0.475581 0.204845 0.0348837 0.00271318
 0.0354234 0.537034 0.353287 0.0723622 0.0018943
pf_pred 
 0.515121 0.244095 0.121214 0.0601931 0.0593765
 0.45429 0.380507 0.0831658 0.0412989 0.0407386
 0.00938394 0.638471 0.24554 0.0536666 0.0529386
 0.0995185 0.0213201 0.566637 0.217914 0.094611
 0.893742 0.0211499 0.00201504 0.0535548 0.0295378
 0.318853 0.64365 0.00746359 0.000711085 0.0293225
 0.723598 0.15047 0.119 0.00137989 0.00555269
 0.4864 0.440873 0.0395918 0.0313112 0.0018241
 0.844433 0.112137 0.0372806 0.00334791 0.00280195
 0.663379 0.312514 0.0173766 0.00577696 0.000952976
 0.102917 0.725356 0.159429 0.00886468 0.00343328
 0.179716 0.169722 0.526026 0.115618 0.00891844
 0.575147 0.142363 0.058449 0.181154 0.0428879
 0.4483 0.427033 0.0417742 0.017151 0.0657416
 0.495013 0.359137 0.112893 0.0110436 0.0219139
 0.519994 0.353342 0.0900816 0.0283166 0.00826666
 0.452419 0.393453 0.113457 0.0289249 0.0117468
 0.47701 0.343775 0.128771 0.0371327 0.0133112
 0.389241 0.410976 0.131322 0.0491906 0.0192696
 0.7806 0.130149 0.0600565 0.0191902 0.0100042
 0.574395 0.378188 0.0281276 0.0129793 0.00630946
 0.270459 0.537703 0.170465 0.0126783 0.00869428
 0.681563 0.139945 0.131556 0.0417064 0.00522906
 0.35158 0.533661 0.0504341 0.0474105 0.0169148
 0.0121727 0.533306 0.374079 0.0353527 0.04509
pobs_RECLAS
 0 0 0 0 0
 0 0 0 0 0
 0 0 0 0 0
 0 0 0 0 0
 0.835266 0.146461 0.0176864 0.000547809 3.91292e-05
 0.385257 0.428462 0.181853 0.0044286 0
 0.867414 0.0963971 0.0333333 0.00285562 0
 0.441836 0.489002 0.0689373 0.000224442 0
 0.779404 0.147425 0.0564933 0.0165055 0.000172143
 0.814271 0.122319 0.05973 0.00367925 0
 0.40263 0.566651 0.0304383 0.000280538 0
 0.475488 0.404961 0.113038 0.00651328 0
 0.955842 0.0263864 0.0167828 0.000988607 0
 0.975058 0.0227948 0.00214734 0 0
 0.738997 0.206755 0.0527124 0.00153531 0
 0.850938 0.134255 0.0134407 0.00136685 0
 0.542534 0.407297 0.0501686 0 0
 0.764087 0.199537 0.0359546 0.000420521 0
 0.470689 0.182191 0.310203 0.0369168 0
 0.84361 0.089868 0.0606195 0.00523954 0.000663233
 0.607945 0.314616 0.071237 0.00620181 0
 0.523733 0.453247 0.0230204 0 0
 0.530135 0.295979 0.169645 0.0042399 0
 0.562478 0.366248 0.0663022 0.0049721 0
 0.250443 0.683176 0.0655157 0.000865301 0
ppred_RECLAS
 0.517745 0.242774 0.120558 0.0598675 0.0590553
 0.457072 0.378567 0.0827418 0.0410884 0.040531
 0.00979451 0.638207 0.245438 0.0536444 0.0529166
 0.101009 0.0212848 0.565698 0.217553 0.0944543
 0.893955 0.0211077 0.00201101 0.0534479 0.0294788
 0.328165 0.634851 0.00736156 0.000701364 0.0289216
 0.727953 0.148099 0.117125 0.00135814 0.00546519
 0.501078 0.428273 0.0384602 0.0304164 0.00177197
 0.848074 0.109512 0.0364081 0.00326956 0.00273638
 0.665334 0.310699 0.0172757 0.00574341 0.000947442
 0.10464 0.723963 0.159123 0.00884765 0.00342668
 0.182777 0.169088 0.524063 0.115186 0.00888516
 0.585019 0.139055 0.0570908 0.176944 0.0418913
 0.470089 0.410168 0.0401244 0.0164736 0.0631452
 0.512528 0.346681 0.108977 0.0106606 0.0211538
 0.5263 0.348699 0.0888981 0.0279446 0.00815805
 0.45797 0.389464 0.112307 0.0286317 0.0116277
 0.481267 0.340976 0.127723 0.0368305 0.0132029
 0.393924 0.407826 0.130315 0.0488135 0.0191219
 0.783327 0.128531 0.05931 0.0189517 0.00987983
 0.575469 0.377234 0.0280566 0.0129466 0.00629355
 0.27181 0.536707 0.17015 0.0126548 0.00867817
 0.68391 0.138914 0.130586 0.0413991 0.00519052
 0.353912 0.531741 0.0502527 0.04724 0.016854
 0.0124205 0.533172 0.373985 0.0353438 0.0450787
pobs_PELACES
 0 0 0 0 0
 0 0 0 0 0
 0 0 0 0 0
 0 0 0 0 0
 0 0 0 0 0
 0 0 0 0 0
 0 0 0 0 0
 0 0 0 0 0
 0 0 0 0 0
 0 0 0 0 0
 0.450072 0.473896 0.0757376 0.000293798 0
 0 0 0 0 0
 0.463077 0.371075 0.160297 0.00555027 0
 0.529543 0.364841 0.0842815 0.0213345 0
 0.631943 0.363953 0.00410389 0 0
 0.735681 0.248677 0.0153453 0.000297389 0
 0.695825 0.281241 0.0229344 0 0
 0.275771 0.60734 0.115278 0.00161068 0
 0 0 0 0 0
 0.896147 0.0623911 0.0374545 0.00400742 0
 0.803859 0.145111 0.0509908 3.86294e-05 0
 0.739449 0.233085 0.0266225 0.000797448 4.60066e-05
 0.878498 0.100942 0.0204185 0.000141795 0
 0.694673 0.275183 0.0284847 0.00165964 0
 0.469039 0.446079 0.0841089 0.000773354 0
ppred_PELACES
 0.529297 0.236959 0.11767 0.0584334 0.0576407
 0.469219 0.370097 0.0808907 0.0401691 0.0396242
 0.0111876 0.637309 0.245093 0.0535689 0.0528422
 0.107202 0.0211382 0.561801 0.216054 0.0938037
 0.895073 0.0208852 0.00198981 0.0528843 0.029168
 0.358106 0.606557 0.00703348 0.000670106 0.0276327
 0.743935 0.139399 0.110244 0.00127836 0.00514414
 0.542407 0.392796 0.0352743 0.0278968 0.00162519
 0.860351 0.100663 0.0334659 0.00300534 0.00251525
 0.674159 0.302507 0.0168202 0.00559197 0.00092246
 0.111632 0.71831 0.15788 0.00877856 0.00339992
 0.194826 0.166595 0.516337 0.113488 0.00875416
 0.61583 0.12873 0.052852 0.163807 0.038781
 0.524116 0.368349 0.0360335 0.0147941 0.0567072
 0.558889 0.31371 0.0986127 0.00964672 0.019142
 0.549056 0.331948 0.0846275 0.0266021 0.00776614
 0.4788 0.374497 0.107991 0.0275314 0.0111808
 0.498274 0.329797 0.123535 0.035623 0.01277
 0.412172 0.395547 0.126392 0.0473438 0.0185462
 0.794116 0.122131 0.0563567 0.018008 0.00938788
 0.58083 0.37247 0.0277023 0.0127831 0.00621407
 0.278262 0.531952 0.168642 0.0125427 0.00860129
 0.694089 0.134441 0.126381 0.040066 0.00502339
 0.36433 0.523167 0.0494424 0.0464783 0.0165822
 0.013415 0.532635 0.373609 0.0353082 0.0450333
pobs_pel_tallas
 0 0 0 0 0 0 0 0 0 0 0 0 0 0 0 0 0 0 0 0 0 0 0 0 0 0 0 0 0 0 0 0 0 0 0 0
 0 0 0 0 0 0 0 0 0 0 0 0 0 0 0 0 0 0 0 0 0 0 0 0 0 0 0 0 0 0 0 0 0 0 0 0
 0 0 0 0 0 0 0 0 0 0 0 0 0 0 0 0 0 0 0 0 0 0 0 0 0 0 0 0 0 0 0 0 0 0 0 0
 0 0 0 0 0 0 0 0 0 0 0 0 0 0 0 0 0 0 0 0 0 0 0 0 0 0 0 0 0 0 0 0 0 0 0 0
 0 0 0 0 0 0 0 0 0 0 0 0 0 0 0 0 0 0 0 0 0 0 0 0 0 0 0 0 0 0 0 0 0 0 0 0
 0 0 0 0 0 0 0 0 0 0 0 0 0 0 0 0 0 0 0 0 0 0 0 0 0 0 0 0 0 0 0 0 0 0 0 0
 0 0 0 0 0 0 0 0 0 0 0 0 0 0 0 0 0 0 0 0 0 0 0 0 0 0 0 0 0 0 0 0 0 0 0 0
 0 0 0 0 0 0 0 0 0 0 0 0 0 0 0 0 0 0 0 0 0 0 0 0 0 0 0 0 0 0 0 0 0 0 0 0
 0 0 0 0 0 0 0 0 0 0 0 0 0 0 0 0 0 0 0 0 0 0 0 0 0 0 0 0 0 0 0 0 0 0 0 0
 0 0 0 0 0 0 0 0 0 0 0 0 0 0 0 0 0 0 0 0 0 0 0 0 0 0 0 0 0 0 0 0 0 0 0 0
 0 0 0 0 0 0 0 0 1.78061e-05 0.00172719 0.00360574 0.0105946 0.0120993 0.0124554 0.0147524 0.0171206 0.0266825 0.0428682 0.0675386 0.121331 0.153587 0.119568 0.100827 0.0573624 0.0630603 0.0341343 0.0324427 0.0444173 0.0211091 0.0280891 0.0125444 0.00206551 0 0 0 0
 0 0 0 0 0 0 0 0 0 0 0 0 0 0 0 0 0 0 0 0 0 0 0 0 0 0 0 0 0 0 0 0 0 0 0 0
 0 0 0 0 0 0 0.0133647 0.0140871 0.0187388 0.0205184 0.03894 0.0496705 0.03968 0.0493445 0.0407372 0.0367815 0.0215668 0.0243155 0.0234873 0.0199281 0.019796 0.0243948 0.0301388 0.0376714 0.0412746 0.0863199 0.0771752 0.113111 0.0741005 0.0525337 0.0229764 0.00759418 0.00175318 0 0 0
 0 0 0 0 0 0 0 0 0 0 0.00219441 0.00772107 0.0458388 0.0604681 0.0671733 0.0775358 0.0609151 0.0617685 0.073594 0.0568108 0.0755445 0.0548602 0.0670107 0.0636378 0.0643287 0.046367 0.0373049 0.0286899 0.0247887 0.0153202 0.00654259 0.00121912 0.000365735 0 0 0
 0 0 0 0 0 0 0 0 0 0 0 0 0.000112435 0.00938835 0.0111873 0.0202946 0.0414886 0.0713402 0.111592 0.104902 0.108894 0.110636 0.117776 0.105296 0.107544 0.0401394 0.0192827 0.0124803 0.00416011 0.0028671 0.000618394 0 0 0 0 0
 0 0 0 0 0 0 0 0 0 0 0.00291406 0.0102884 0.027416 0.0768956 0.0749926 0.110853 0.0956884 0.0897413 0.0766577 0.0534642 0.0500743 0.0551293 0.0594112 0.0620874 0.0668451 0.0424026 0.0208742 0.0120726 0.0048766 0.00582813 0.00118941 0.000297354 0 0 0 0
 0 0.00264628 0.0354308 0.0461629 0.0458689 0.0383711 0.0214643 0.0164657 0.0346957 0.0420465 0.0363128 0.0245516 0.0311673 0.0291091 0.0169068 0.0133784 0.00837989 0.0085269 0.0148486 0.0160247 0.0276389 0.0546898 0.0760071 0.122758 0.109233 0.0665981 0.0333725 0.0166128 0.00676272 0.00308733 0.000882094 0 0 0 0 0
 0 0 0 0 0 0 0 0.000805153 0.000690131 0.00759144 0.0133425 0.0154129 0.00931677 0.000345066 0.00356568 0.00563607 0.00851162 0.0253048 0.0502646 0.0516448 0.0657925 0.0565908 0.0611916 0.0827007 0.0866115 0.110766 0.145733 0.0935128 0.0569358 0.0249597 0.0138026 0.00621118 0.00161031 0.00115022 0 0
 0 0 0 0 0 0 0 0 0 0 0 0 0 0 0 0 0 0 0 0 0 0 0 0 0 0 0 0 0 0 0 0 0 0 0 0
 0.00147267 0.00158595 0.00478618 0.00569244 0.00954404 0.0108468 0.00647125 0.017049 0.0510054 0.094081 0.124002 0.0959785 0.0687766 0.0820023 0.061753 0.0591476 0.0492212 0.0479892 0.0443925 0.0268479 0.0217502 0.0140895 0.0121071 0.0120363 0.00920419 0.00665534 0.0049561 0.00860946 0.00930331 0.0156896 0.0114698 0.00855282 0.00243557 0.00046729 0 2.83206e-05
 0 0 0 0 0.000772559 0.00158375 0.000888443 0.00281984 0.00712685 0.0440552 0.0773331 0.111326 0.0921469 0.0852325 0.0710754 0.0886704 0.0786465 0.0553345 0.0373146 0.0185414 0.00753245 0.00457741 0.012979 0.0271748 0.0457355 0.0583668 0.034881 0.0177882 0.00938659 0.00492506 0.0015258 0.00185414 0.000309023 5.79419e-05 3.86279e-05 0
 0 0.00173294 0.00326652 0 0.00397197 0.00683976 0.00946217 0.0152591 0.00757587 0.0136028 0.0228656 0.0392903 0.0559909 0.0764795 0.0681675 0.0726916 0.0566044 0.0477403 0.0527397 0.0444891 0.0609904 0.0582453 0.0661739 0.0445044 0.0529084 0.0360697 0.0280645 0.0235558 0.0158879 0.00826598 0.00280645 0.00217768 0.000904811 0.00058276 9.20147e-05 0
 0 0 0 0 0 0 0 0 0 0 0 0 0 0 0 0 0 0 0 0 0 0 0 0 0 0 0 0 0 0 0 0 0 0 0 0
 0 0 0 0 0 0 0 0 0 0 0 0 0 0 0 0 0 0 0 0 0 0 0 0 0 0 0 0 0 0 0 0 0 0 0 0
 0 0 0 0 0 0 0 0 0 0 0 0 0 0 0 0 0 0 0 0 0 0 0 0 0 0 0 0 0 0 0 0 0 0 0 0
ppred_pel_tallas
 1.06449e-16 2.31022e-05 0.000135569 0.000644391 0.00248087 0.00773628 0.0195414 0.0399852 0.0662838 0.0890291 0.0969124 0.0855576 0.0614065 0.0361644 0.0181659 0.00905785 0.00638817 0.00724766 0.00984698 0.0133676 0.0174008 0.0216071 0.0256214 0.0290833 0.0317029 0.0333165 0.033909 0.033593 0.0325583 0.0310107 0.0291219 0.0270071 0.0247291 0.02232 0.019808 0.0172362
 1.04501e-16 2.04878e-05 0.000120209 0.000571339 0.00219955 0.00685898 0.0173255 0.0354524 0.0587744 0.0789568 0.0859851 0.0759981 0.0547361 0.032619 0.0170926 0.00968227 0.00827606 0.0103325 0.0142541 0.0192336 0.0247467 0.0302621 0.0351936 0.0389813 0.0412085 0.0416944 0.0405281 0.0380272 0.034644 0.030849 0.0270325 0.0234506 0.0202206 0.0173541 0.0148047 0.0125133
 1.07997e-16 5.26749e-07 2.99418e-06 1.403e-05 5.36764e-05 0.000167077 0.000422729 0.000870182 0.00146231 0.00202402 0.00236128 0.00246055 0.002586 0.00317517 0.00465983 0.00737928 0.0115892 0.0174609 0.0250167 0.034033 0.0439779 0.0540299 0.0631921 0.0704815 0.07514 0.0767957 0.0755271 0.0718025 0.0663304 0.0598717 0.0530808 0.046417 0.0401339 0.0343271 0.0290046 0.0241484
 1.19789e-16 4.689e-06 2.74856e-05 0.000130588 0.000502661 0.00156737 0.00395901 0.00810119 0.013431 0.0180449 0.0196563 0.0173859 0.0125515 0.00754635 0.00409642 0.00259522 0.00263613 0.00375639 0.00575844 0.00867263 0.0126238 0.0177275 0.0240245 0.0314344 0.0397256 0.0485046 0.0572322 0.0652704 0.0719561 0.0766921 0.0790357 0.0787693 0.0759354 0.0708267 0.0639368 0.055881
 1.03216e-16 3.90427e-05 0.000229175 0.00108945 0.00419452 0.0130803 0.0330396 0.067602 0.112052 0.150466 0.163692 0.144282 0.10305 0.059673 0.0280865 0.0108845 0.0037244 0.0015315 0.00122505 0.00152312 0.00202661 0.00263116 0.00330194 0.00401529 0.00474969 0.00548566 0.00620501 0.00688788 0.0075092 0.00803659 0.0084316 0.00865473 0.00867305 0.00846805 0.00804149 0.00741711
 1.01612e-16 1.56523e-05 9.17984e-05 0.000436225 0.00167925 0.00523637 0.0132272 0.0270688 0.0448851 0.0603264 0.0657708 0.0583087 0.0423807 0.0260269 0.0150455 0.0107334 0.0116035 0.0157921 0.0220577 0.0296188 0.0377488 0.0455776 0.052129 0.0564924 0.0580309 0.0565389 0.0522948 0.0459839 0.0385252 0.0308561 0.023748 0.0176968 0.0129047 0.00933363 0.00679468 0.0050398
 1.01895e-16 3.24576e-05 0.000190502 0.000905568 0.0034865 0.0108723 0.0274626 0.0561919 0.0931436 0.125087 0.136114 0.120048 0.0859033 0.0500722 0.0241876 0.0104661 0.00535999 0.00469881 0.00593523 0.00796391 0.0103488 0.012838 0.0151975 0.0171992 0.0186554 0.0194524 0.0195677 0.0190622 0.0180533 0.0166817 0.0150812 0.013362 0.0116067 0.00987673 0.00821983 0.00667658
 1.01664e-16 2.36801e-05 0.000138948 0.000660423 0.00254254 0.00792857 0.0200272 0.0409805 0.0679377 0.0912627 0.0993755 0.0878075 0.0631852 0.0375403 0.0194608 0.0106855 0.00874534 0.0106749 0.0146063 0.0195966 0.0250469 0.0303688 0.0349267 0.0381255 0.0395396 0.0390131 0.0366951 0.0329934 0.0284664 0.0236899 0.0191425 0.0151386 0.0118178 0.00917784 0.00712913 0.00554835
 1.00729e-16 3.75321e-05 0.000220298 0.00104723 0.00403195 0.0125733 0.0317591 0.0649825 0.107713 0.144646 0.15738 0.138763 0.0992065 0.0576458 0.0275056 0.0113134 0.00492716 0.00348917 0.00403303 0.00528447 0.0067751 0.00828201 0.00962885 0.0106572 0.0112488 0.0113492 0.0109785 0.0102209 0.00920023 0.00804897 0.0068816 0.00577888 0.00478518 0.0039153 0.00316571 0.00252512
 1.00573e-16 2.94214e-05 0.000172663 0.000820726 0.00315978 0.00985342 0.0248891 0.0509276 0.0844224 0.11339 0.123425 0.10895 0.0781652 0.045971 0.0229691 0.0112359 0.00761826 0.00837036 0.0111625 0.0148939 0.0189838 0.0229469 0.0262855 0.0285404 0.0293879 0.028717 0.026657 0.0235402 0.0198174 0.0159522 0.01233 0.0092042 0.00668581 0.00476876 0.00337245 0.00238503
 1.02936e-16 4.9098e-06 2.87192e-05 0.000136314 0.000524472 0.00163522 0.0041312 0.00845856 0.0140421 0.018922 0.0207593 0.0187116 0.0142682 0.0100906 0.00819408 0.0092285 0.0129743 0.0190274 0.0270283 0.0365341 0.0468524 0.0570046 0.0658404 0.0722552 0.0754358 0.075048 0.0713064 0.0648973 0.0567919 0.0480126 0.0394301 0.0316434 0.0249567 0.0194312 0.0149732 0.011421
 1.11693e-16 8.51589e-06 4.99389e-05 0.000237303 0.000913489 0.00284848 0.00719515 0.0147236 0.0244117 0.0328013 0.0357396 0.031633 0.0228813 0.0138383 0.00763733 0.00497265 0.00505029 0.00692018 0.0100418 0.0142088 0.0193195 0.0252311 0.0317103 0.0384396 0.045047 0.0511427 0.0563513 0.0603381 0.0628304 0.0636386 0.0626783 0.0599908 0.0557534 0.0502694 0.0439388 0.037208
 1.08233e-16 2.68708e-05 0.000157705 0.00074965 0.00288618 0.00900027 0.0227339 0.0465166 0.0771065 0.103552 0.112685 0.0993965 0.0711519 0.0415271 0.0201617 0.00890359 0.0048326 0.00451587 0.00586612 0.00799015 0.0105479 0.0133491 0.0162152 0.0189667 0.021449 0.0235553 0.0252348 0.0264802 0.0273041 0.0277138 0.0276968 0.0272233 0.0262623 0.0248036 0.0228771 0.0205606
 1.0379e-16 2.28814e-05 0.000134262 0.000638148 0.00245679 0.00766116 0.0193518 0.0395982 0.0656459 0.0881832 0.0960202 0.0848378 0.0610375 0.036243 0.0187496 0.0102352 0.00831209 0.0101165 0.0138495 0.0186126 0.0238468 0.0290084 0.0335107 0.036803 0.0384893 0.0384201 0.036725 0.0337667 0.0300418 0.0260565 0.0222233 0.018802 0.0158946 0.0134805 0.0114698 0.00975523
 1.02728e-16 2.43957e-05 0.000143156 0.000680444 0.00261965 0.00816906 0.0206346 0.0422227 0.0699945 0.094018 0.102356 0.0903941 0.0649445 0.0383815 0.0195242 0.0101314 0.00762927 0.00894825 0.0121784 0.0164036 0.0211065 0.0258163 0.0300264 0.0332517 0.0351272 0.0354865 0.0343936 0.0321112 0.029023 0.0255375 0.0220043 0.0186665 0.0156532 0.0130023 0.0106969 0.00869916
 1.02587e-16 2.39677e-05 0.000140642 0.000668486 0.00257361 0.00802546 0.0202719 0.0414807 0.0687652 0.0923688 0.100566 0.088826 0.0638457 0.037788 0.0193252 0.0101944 0.00787606 0.0093599 0.0127676 0.0171869 0.0220858 0.0269682 0.0312987 0.0345672 0.0363934 0.0366113 0.0353009 0.0327536 0.0293879 0.0256458 0.021902 0.0184133 0.0153107 0.0126243 0.0103243 0.00835815
 1.03124e-16 2.0906e-05 0.000122663 0.000583003 0.00224446 0.00699902 0.0176793 0.0361763 0.0599744 0.0805686 0.0877398 0.0775476 0.0558492 0.0332765 0.0174265 0.00985499 0.00840584 0.010485 0.0144622 0.0195136 0.0251042 0.0306908 0.0356728 0.039473 0.0416581 0.0420334 0.0406795 0.0379145 0.0342003 0.0300268 0.025812 0.0218449 0.0182768 0.0151493 0.0124383 0.0100952
 1.03682e-16 2.17533e-05 0.000127642 0.000606683 0.00233565 0.00728339 0.0183975 0.0376455 0.0624084 0.0838333 0.0912813 0.0806452 0.0580091 0.0344215 0.0177672 0.00964068 0.00777554 0.0094586 0.012998 0.0175674 0.0226712 0.0278308 0.0325192 0.0362253 0.0385567 0.0393223 0.0385658 0.0365341 0.0335995 0.0301626 0.0265688 0.0230616 0.0197773 0.0167678 0.0140376 0.0115753
 1.04417e-16 1.80015e-05 0.000105609 0.000501924 0.00193228 0.00602548 0.0152202 0.0311451 0.0516358 0.0693738 0.0755672 0.0668337 0.0482303 0.0289322 0.01551 0.00933992 0.00860392 0.0110994 0.0154341 0.0208802 0.0269223 0.0330039 0.0384973 0.0427947 0.0454339 0.0461978 0.0451537 0.0426131 0.0390361 0.0349119 0.0306572 0.0265597 0.0227711 0.0193381 0.0162484 0.0134716
 1.01898e-16 3.46449e-05 0.000203346 0.000966631 0.00372161 0.0116055 0.0293146 0.0599811 0.0994235 0.133518 0.14528 0.128113 0.0916341 0.0533301 0.0256056 0.01081 0.00513812 0.00412147 0.00503072 0.00668687 0.00864036 0.0106539 0.0125227 0.0140556 0.0151032 0.0155872 0.0155124 0.0149561 0.0140408 0.0129002 0.0116505 0.0103746 0.0091216 0.00791495 0.00676561 0.00568208
 1.01245e-16 2.53547e-05 0.000148781 0.000707175 0.00272256 0.00848995 0.0214452 0.0438816 0.0727457 0.0977168 0.106391 0.0939785 0.0675643 0.0400184 0.020518 0.0109028 0.00850561 0.0101344 0.0137852 0.018465 0.0235731 0.0285417 0.032765 0.0356789 0.0368823 0.036233 0.0338813 0.0302247 0.0258048 0.0211791 0.0168107 0.0130035 0.0098908 0.0074668 0.00563867 0.00427872
 1.03401e-16 1.21681e-05 7.1349e-05 0.000339018 0.001305 0.00406931 0.0102793 0.0210366 0.0348849 0.0468931 0.0511443 0.0453871 0.0330879 0.0205186 0.0122182 0.00923802 0.0104714 0.0145179 0.0204487 0.0276692 0.035594 0.0434889 0.050502 0.0558084 0.0587867 0.0591563 0.0570314 0.0528682 0.0473335 0.0411394 0.0349004 0.0290493 0.0238224 0.0192948 0.0154409 0.0121913
 1.0345e-16 3.02839e-05 0.000177741 0.000844901 0.00325292 0.0101439 0.0256227 0.0524273 0.0869036 0.116708 0.126998 0.112014 0.0801667 0.0467536 0.022633 0.00987967 0.00519218 0.00468978 0.00600723 0.00812451 0.0106444 0.013338 0.0159879 0.0183756 0.0203115 0.0216669 0.0223897 0.0224982 0.0220606 0.0211672 0.0199084 0.0183639 0.0166037 0.0146942 0.0127058 0.010714
 1.03245e-16 1.59204e-05 9.33798e-05 0.000443759 0.00170829 0.00532695 0.0134559 0.0275361 0.0456574 0.0613566 0.0668736 0.0592381 0.0429515 0.0261702 0.0147625 0.0100137 0.0103808 0.013954 0.0194868 0.0262434 0.0335907 0.0407878 0.047 0.0514387 0.0535371 0.0530833 0.0502676 0.0456192 0.0398645 0.0337506 0.027895 0.022699 0.0183365 0.0147989 0.0119693 0.0096927
 1.08795e-16 6.20005e-07 3.55037e-06 1.66935e-05 6.39641e-05 0.000199181 0.000503702 0.00103513 0.00173301 0.00237939 0.00272647 0.0027316 0.00266898 0.00300089 0.00416281 0.00646698 0.0101309 0.0153054 0.0220315 0.0301561 0.039269 0.048708 0.0576432 0.065226 0.070759 0.0738303 0.0743749 0.0726389 0.0690755 0.0642113 0.0585326 0.0524222 0.046152 0.0399107 0.0338445 0.0280851
pSPR Fmed_Fpbrs
0.483803   0.255602 0.255602
Fs Fmed_Fpbrs
0.42663   1.005 1.005
SSBpbr Bo_Bmed_Bpbrs
908465  394095  186782 186782
Ro
20333
SPR SPRFo_SPRFmed_SPRFpbrs
417595 202034 106738
log_Ro
9.74
likeval ReclasPelacesDesembMPH_pf_preclas_ppelaces_ptallas_desvR_qrecl_qpela
 110.183 134.87 0.485581 0.000575826 394.033 224.264 95.3894 0 72.792 0 0 0 0 0 0
q_reclas_q_pelaces
1 1
M
0.7
N
 48065.7 12088.4 6002.91 2980.96 2940.52
 46516.2 20743.4 4533.8 2251.42 2220.87
 498.795 19920.7 7660.97 1674.43 1651.71
 1414.71 164.835 4380.91 1684.79 731.478
 47792.4 574.451 54.7301 1454.59 802.272
 19353.2 22895.9 265.494 25.2946 1043.06
 55756.2 6424.5 5080.83 58.916 237.079
 39282.2 21579 1937.86 1532.56 89.2827
 157465 11805.6 3924.85 352.464 294.986
 233799 57992 3224.5 1072.01 176.84
 26645.3 102879 22612.3 1257.3 486.952
 20381.4 10621.3 32918.9 7235.39 558.119
 55225.7 7973.81 3273.76 10146.5 2402.17
 30687.3 18580.5 1817.62 746.251 2860.46
 17633.4 7911.49 2486.93 243.282 482.744
 13074.1 4975.65 1268.5 398.746 116.409
 10191.9 4919.35 1418.56 361.649 146.87
 10001 3927.7 1471.24 424.25 152.084
 6958.56 4040.77 1291.17 483.649 189.461
 30341.9 2745.92 1267.09 404.881 211.071
 36542 12382.7 920.961 424.972 206.586
 16372.8 16976.8 5382.08 400.29 274.503
 67540.2 7371.17 6929.27 2196.75 275.424
 36097.6 29043 2744.73 2580.19 920.541
 646.925 15627.8 10961.9 1035.96 1321.3
pred_Ctot
 4563 2162.22 1073.73 533.197 525.963
 4642.82 3888.76 849.951 422.073 416.347
 122.831 8357.3 3214 702.471 692.942
 187.641 40.1989 1068.39 410.875 178.388
 1214.89 28.7497 2.73909 72.7984 40.1515
 4721.8 9531.61 110.526 10.5302 434.228
 8974.54 1866.23 1475.91 17.1143 68.8681
 11477.9 10403.5 934.27 738.87 43.0444
 29765 3952.66 1314.09 118.009 98.7648
 19282.2 9083.72 505.078 167.916 27.6998
 3828.59 26983.9 5930.9 329.774 127.721
 3152.72 2977.4 9227.98 2028.26 156.455
 13096.8 3241.78 1330.96 4125.1 976.612
 11014.3 10491.8 1026.35 421.384 1615.21
 5654.79 4102.62 1289.63 126.157 250.334
 2314.79 1572.93 401.006 126.054 36.7997
 1665.58 1448.5 417.691 106.487 43.2457
 1356.48 977.592 366.187 105.594 37.8532
 1041.35 1099.5 351.329 131.601 51.5525
 3932.12 655.599 302.522 96.667 50.3941
 1700.1 1119.36 83.2523 38.4163 18.6748
 1105.93 2198.72 697.051 51.8429 35.5518
 6566.21 1348.24 1267.41 401.802 50.377
 3354.12 5091.2 481.149 452.304 161.37
 99.314 4351.09 3052.01 288.433 367.877
F
 0.140342 0.280685 0.280685 0.280685 0.280685
 0.148044 0.296088 0.296088 0.296088 0.296088
 0.40725 0.8145 0.8145 0.8145 0.8145
 0.201265 0.40253 0.40253 0.40253 0.40253
 0.0359106 0.0718212 0.0718212 0.0718212 0.0718212
 0.40274 0.805481 0.805481 0.805481 0.805481
 0.249267 0.498534 0.498534 0.498534 0.498534
 0.502197 1.00439 1.00439 1.00439 1.00439
 0.298898 0.597796 0.597796 0.597796 0.597796
 0.120905 0.241809 0.241809 0.241809 0.241809
 0.219755 0.439511 0.439511 0.439511 0.439511
 0.238459 0.476918 0.476918 0.476918 0.476918
 0.389316 0.778632 0.778632 0.778632 0.778632
 0.655533 1.31107 1.31107 1.31107 1.31107
 0.565239 1.13048 1.13048 1.13048 1.13048
 0.277459 0.554917 0.554917 0.554917 0.554917
 0.253535 0.507071 0.507071 0.507071 0.507071
 0.206251 0.412502 0.412502 0.412502 0.412502
 0.229857 0.459714 0.459714 0.459714 0.459714
 0.196227 0.392453 0.392453 0.392453 0.392453
 0.0666143 0.133229 0.133229 0.133229 0.133229
 0.0980471 0.196094 0.196094 0.196094 0.196094
 0.143946 0.287893 0.287893 0.287893 0.287893
 0.137177 0.274354 0.274354 0.274354 0.274354
 0.236456 0.472913 0.472913 0.472913 0.472913
nmprior
 10.6 11 7 0
nm_flota  nm_reclas  nm_pelaces    nm_pelaL
inf 9.41062 7.74242 14.3067
cv_recla  cv_pelaces  cv_mph
0.949474 1.31683 0.778545
 ------------------------------------------------
Talla a la edad & desviación 
 7.2 14.2025 17.0495 18.207 18.6776
 1.08 2.13037 2.55742 2.73105 2.80164
