years
 1997 1998 1999 2000 2001 2002 2003 2004 2005 2006 2007 2008 2009 2010 2011 2012 2013 2014 2015 2016 2017 2018 2019 2020 2021
reclasobs
 0 0 0 370054 412103 1.49427e+06 250295 1.28982e+06 931140 785840 897777 1.04006e+06 184774 17550 25797 100020 73551 82996 120727 218422 84188 347160 605670 569463 516374
reclaspred
 442224 119449 336549 241045 375100 457205 998376 669319 743387 720994 590327 403489 248813 105065 65092.3 63891 78986.2 107314 115928 162497 241208 225039 389861 496870 547434
pelacesobs
 0 0 0 0 0 0 0 0 0 2.06254e+06 1.5e+06 0 1.87456e+06 323000 250000 174000 83755 137374 0 501740 490994 745055 786931 1.00524e+06 1.33801e+06
pelacespred
 1.84807e+06 414128 739010 820042 1.1122e+06 1.10219e+06 2.77156e+06 2.25497e+06 2.23297e+06 2.18623e+06 1.56484e+06 1.11339e+06 669391 220215 138308 149268 194584 276861 303336 416678 708711 642585 866811 1.31628e+06 1.49986e+06
mphobs
 0 0 0 0 0 112323 0 153150 637223 0 255016 313432 73983 77613 109348 50772 0 0 0 0 0 0 0 0 0
mphpred
 162208 94239.3 112187 122994 140094 229246 334943 401887 339592 349796 346473 241475 150279 77866 33302.8 27380.5 32292 43863.2 55268.1 63894.3 96677.7 117252 146949 209807 279455
desembarqueobs
 350755 77701 442110 56441 14545 235359 269955 359681 431902 328805 639364 411747 362871 311530 167758 66681 60226 58785 57116 73181 50977 67692 138656 160484 209506
desembarquepred
 350767 77704 442144 56444.4 14545.3 235431 270013 359710 431983 328845 639492 411896 363074 311770 167662 66686.3 60255.5 58784.9 57107.4 73182.6 50979.9 67686.3 138663 160498 209512
Reclutas
 40555.6 49135.1 28393.1 43004.9 73542.3 53480.9 89271.9 84876.8 107252 118510 65801.2 44490.5 44696.9 23969.6 15117 14946.9 11523.1 13190.1 14660.5 24169.3 30884.2 40251.6 64616.5 78336.4 33558.8
log_desv_Rt
 0.0304303 0.22233 -0.3261 0.0890686 0.625616 0.30708 0.819443 0.768956 1.00293 1.10276 0.514393 0.123031 0.12766 -0.495459 -0.956427 -0.96774 -1.22789 -1.09278 -0.987089 -0.487162 -0.242 0.0229041 0.496225 0.688768 -0.158946
SSB
 475929 276505 329164 360874 411047 672624 982748 1.17917e+06 996388 1.02633e+06 1.01658e+06 708507 440928 228465 97713 80336.4 94747.2 128698 162161 187471 283660 344026 431161 615588 819941
BT
 1.68802e+06 416040 786058 636005 801170 931496 2.18945e+06 1.98794e+06 1.99706e+06 1.86116e+06 1.66429e+06 1.14861e+06 828672 447987 240296 161802 188453 244167 259099 356220 545534 502904 698467 1.05589e+06 1.1945e+06
Ftot
 0.87655 0.743438 1.16982 0.227425 0.0410717 0.395479 0.244515 0.493008 0.561892 0.436267 0.855382 0.763948 1.22416 2.3953 2.72146 1.12636 0.796561 0.529661 0.429605 0.443615 0.205667 0.255883 0.305016 0.298358 0.286652
BD_Bspro_t
 0.917621 0.665395 0.606801 0.449584 0.608197 0.766611 0.723188 0.734654 0.669425 0.63346 0.603287 0.442507 0.33429 0.229764 0.125921 0.127708 0.196669 0.320151 0.429583 0.524821 0.650289 0.747601 0.756931 0.764571 0.768075
BD_Bspro
 0.589051 0.342227 0.407402 0.446649 0.508747 0.832497 1.21633 1.45944 1.23322 1.27027 1.2582 0.87691 0.545731 0.282768 0.120938 0.0994313 0.117267 0.159288 0.200704 0.23203 0.351082 0.425796 0.533642 0.761905 1.01483
BD_Bo
 0.491042 0.285286 0.339617 0.372334 0.424099 0.693982 1.01395 1.21661 1.02803 1.05892 1.04886 0.731006 0.45493 0.23572 0.100816 0.0828874 0.0977559 0.132785 0.16731 0.193424 0.292667 0.35495 0.444852 0.635136 0.845978
BD_Brms
 0.892804 0.518701 0.617485 0.67697 0.77109 1.26179 1.84355 2.21202 1.86914 1.92531 1.90701 1.3291 0.827145 0.428581 0.183301 0.150704 0.177738 0.241426 0.3042 0.35168 0.532122 0.645363 0.808822 1.15479 1.53814
S_f
 0.118204 0.718066 0.979754 0.998914 0.999943
 0.118204 0.718066 0.979754 0.998914 0.999943
 0.118204 0.718066 0.979754 0.998914 0.999943
 0.118204 0.718066 0.979754 0.998914 0.999943
 0.118204 0.718066 0.979754 0.998914 0.999943
 0.118204 0.718066 0.979754 0.998914 0.999943
 0.118204 0.718066 0.979754 0.998914 0.999943
 0.118204 0.718066 0.979754 0.998914 0.999943
 0.118204 0.718066 0.979754 0.998914 0.999943
 0.118204 0.718066 0.979754 0.998914 0.999943
 0.118204 0.718066 0.979754 0.998914 0.999943
 0.118204 0.718066 0.979754 0.998914 0.999943
 0.118204 0.718066 0.979754 0.998914 0.999943
 0.118204 0.718066 0.979754 0.998914 0.999943
 0.118204 0.718066 0.979754 0.998914 0.999943
 0.118204 0.718066 0.979754 0.998914 0.999943
 0.118204 0.718066 0.979754 0.998914 0.999943
 0.118204 0.718066 0.979754 0.998914 0.999943
 0.118204 0.718066 0.979754 0.998914 0.999943
 0.118204 0.718066 0.979754 0.998914 0.999943
 0.118204 0.718066 0.979754 0.998914 0.999943
 0.118204 0.718066 0.979754 0.998914 0.999943
 0.118204 0.718066 0.979754 0.998914 0.999943
 0.118204 0.718066 0.979754 0.998914 0.999943
 0.118204 0.718066 0.979754 0.998914 0.999943
Scru_reclas
 0.839315 1 1 1 1
 0.839315 1 1 1 1
 0.839315 1 1 1 1
 0.839315 1 1 1 1
 0.839315 1 1 1 1
 0.839315 1 1 1 1
 0.839315 1 1 1 1
 0.839315 1 1 1 1
 0.839315 1 1 1 1
 0.839315 1 1 1 1
 0.839315 1 1 1 1
 0.839315 1 1 1 1
 0.839315 1 1 1 1
 0.839315 1 1 1 1
 0.839315 1 1 1 1
 0.839315 1 1 1 1
 0.839315 1 1 1 1
 0.839315 1 1 1 1
 0.839315 1 1 1 1
 0.839315 1 1 1 1
 0.839315 1 1 1 1
 0.839315 1 1 1 1
 0.839315 1 1 1 1
 0.839315 1 1 1 1
 0.839315 1 1 1 1
Scru_pelaces
 0.831559 1 1 1 1
 0.831559 1 1 1 1
 0.831559 1 1 1 1
 0.831559 1 1 1 1
 0.831559 1 1 1 1
 0.831559 1 1 1 1
 0.831559 1 1 1 1
 0.831559 1 1 1 1
 0.831559 1 1 1 1
 0.831559 1 1 1 1
 0.831559 1 1 1 1
 0.831559 1 1 1 1
 0.831559 1 1 1 1
 0.831559 1 1 1 1
 0.831559 1 1 1 1
 0.831559 1 1 1 1
 0.831559 1 1 1 1
 0.831559 1 1 1 1
 0.831559 1 1 1 1
 0.831559 1 1 1 1
 0.831559 1 1 1 1
 0.831559 1 1 1 1
 0.831559 1 1 1 1
 0.831559 1 1 1 1
 0.831559 1 1 1 1
pf_obs 
 0.256992 0.487395 0.22802 0.0275931 0
 0.321318 0.546541 0.124235 0.00734118 0.000564706
 0.182869 0.594174 0.210203 0.0122559 0.00049798
 0.330522 0.361315 0.267642 0.0388342 0.00168674
 0.649043 0.306663 0.0425973 0.00169635 0
 0.582887 0.30429 0.105238 0.00758474 0
 0.465427 0.430635 0.0974691 0.00646863 0
 0.296916 0.608066 0.0921331 0.00288517 0
 0.311714 0.524322 0.152257 0.0117073 0
 0.15457 0.633149 0.183074 0.0267441 0.00246327
 0.131901 0.49318 0.331252 0.0422183 0.00144891
 0.196976 0.569456 0.194076 0.0375587 0.00193317
 0.518974 0.381816 0.0799577 0.0180837 0.00116848
 0.0928022 0.601141 0.25162 0.0475244 0.00691264
 0.122501 0.610282 0.24278 0.0234846 0.000952079
 0.383417 0.481906 0.127806 0.00687128 0
 0.0376549 0.599619 0.316969 0.0457579 0
 0.0361596 0.667082 0.258105 0.0386534 0
 0.158088 0.579412 0.248529 0.0139706 0
 0.0477256 0.309471 0.559284 0.082774 0.000745712
 0.0406174 0.521527 0.379366 0.0568643 0.0016247
 0.151134 0.462217 0.34131 0.0453401 0
 0.294876 0.26143 0.354403 0.0886775 0.000613685
 0.281977 0.475581 0.204845 0.0348837 0.00271318
 0.0354234 0.537034 0.353287 0.0723622 0.0018943
pf_pred 
 0.337076 0.455173 0.185749 0.0219883 1.33009e-05
 0.297508 0.554471 0.114427 0.0301274 0.00346606
 0.171697 0.618558 0.178545 0.0242697 0.00693053
 0.273307 0.446765 0.231876 0.0411047 0.00694748
 0.283098 0.480897 0.162682 0.0609544 0.0123688
 0.152469 0.568541 0.204952 0.051337 0.0227
 0.240122 0.388601 0.276586 0.0699898 0.0247009
 0.193476 0.525865 0.166879 0.0852248 0.028555
 0.235522 0.459918 0.223232 0.0488374 0.0324906
 0.226022 0.5163 0.177865 0.0588971 0.0209161
 0.134294 0.56047 0.2271 0.0543324 0.0238033
 0.138544 0.461602 0.296183 0.0777081 0.0259629
 0.214009 0.437174 0.222987 0.0938827 0.0319477
 0.203241 0.585045 0.143637 0.0440615 0.0240147
 0.284408 0.573079 0.121933 0.0141995 0.00638091
 0.339268 0.570833 0.0810213 0.00765826 0.0012194
 0.220924 0.620456 0.144621 0.0126575 0.00134219
 0.238138 0.499154 0.225097 0.0343757 0.00323528
 0.224947 0.513635 0.192257 0.0594671 0.00969363
 0.290856 0.451509 0.190473 0.0496997 0.0174619
 0.250652 0.532151 0.155682 0.0457602 0.0157557
 0.232809 0.492068 0.212715 0.0449978 0.0174108
 0.271998 0.458229 0.192823 0.0597855 0.0171652
 0.234743 0.521506 0.172086 0.0515444 0.0201197
 0.0910877 0.574822 0.25102 0.0590265 0.0240433
pobs_RECLAS
 0 0 0 0 0
 0 0 0 0 0
 0 0 0 0 0
 0 0 0 0 0
 0.835266 0.146461 0.0176864 0.000547809 3.91292e-05
 0.385257 0.428462 0.181853 0.0044286 0
 0.867414 0.0963971 0.0333333 0.00285562 0
 0.441836 0.489002 0.0689373 0.000224442 0
 0.779404 0.147425 0.0564933 0.0165055 0.000172143
 0.814271 0.122319 0.05973 0.00367925 0
 0.40263 0.566651 0.0304383 0.000280538 0
 0.475488 0.404961 0.113038 0.00651328 0
 0.955842 0.0263864 0.0167828 0.000988607 0
 0.975058 0.0227948 0.00214734 0 0
 0.738997 0.206755 0.0527124 0.00153531 0
 0.850938 0.134255 0.0134407 0.00136685 0
 0.542534 0.407297 0.0501686 0 0
 0.764087 0.199537 0.0359546 0.000420521 0
 0.470689 0.182191 0.310203 0.0369168 0
 0.84361 0.089868 0.0606195 0.00523954 0.000663233
 0.607945 0.314616 0.071237 0.00620181 0
 0.523733 0.453247 0.0230204 0 0
 0.530135 0.295979 0.169645 0.0042399 0
 0.562478 0.366248 0.0663022 0.0049721 0
 0.250443 0.683176 0.0655157 0.000865301 0
ppred_RECLAS
 0.748954 0.189472 0.0551767 0.00639284 3.86264e-06
 0.704494 0.248181 0.0367587 0.00947692 0.00108907
 0.550307 0.363337 0.0737585 0.00980147 0.00279556
 0.683742 0.217259 0.0822821 0.0143016 0.00241472
 0.688925 0.22919 0.056787 0.020868 0.00423015
 0.506566 0.364267 0.0953996 0.0234218 0.0103455
 0.652615 0.205143 0.106502 0.0264237 0.00931573
 0.580927 0.302932 0.0696315 0.0348466 0.011663
 0.64482 0.240654 0.08441 0.0180926 0.0120236
 0.625867 0.275123 0.0687738 0.0223193 0.00791773
 0.479399 0.375381 0.108644 0.0254422 0.0111337
 0.495666 0.311747 0.14344 0.0368486 0.0122976
 0.633101 0.23597 0.0843962 0.0347285 0.0118035
 0.635716 0.295869 0.0468641 0.0139565 0.00759466
 0.734776 0.229595 0.0306246 0.00345443 0.00154969
 0.744213 0.230279 0.0230403 0.00212943 0.000338655
 0.615124 0.325412 0.0543168 0.00465424 0.000492972
 0.643626 0.258308 0.0842708 0.0126098 0.00118549
 0.624584 0.274543 0.074582 0.0226094 0.00368157
 0.703444 0.21006 0.0642866 0.0164394 0.00576977
 0.651262 0.269023 0.0574589 0.0165603 0.00569593
 0.634166 0.260217 0.0820284 0.017013 0.00657584
 0.682387 0.222675 0.0682444 0.0207437 0.00594948
 0.634456 0.273104 0.0656462 0.0192766 0.00751646
 0.365103 0.446669 0.14213 0.0327658 0.0133324
pobs_PELACES
 0 0 0 0 0
 0 0 0 0 0
 0 0 0 0 0
 0 0 0 0 0
 0 0 0 0 0
 0 0 0 0 0
 0 0 0 0 0
 0 0 0 0 0
 0 0 0 0 0
 0 0 0 0 0
 0.450072 0.473896 0.0757376 0.000293798 0
 0 0 0 0 0
 0.463077 0.371075 0.160297 0.00555027 0
 0.529543 0.364841 0.0842815 0.0213345 0
 0.631943 0.363953 0.00410389 0 0
 0.735681 0.248677 0.0153453 0.000297389 0
 0.695825 0.281241 0.0229344 0 0
 0.275771 0.60734 0.115278 0.00161068 0
 0 0 0 0 0
 0.896147 0.0623911 0.0374545 0.00400742 0
 0.803859 0.145111 0.0509908 3.86294e-05 0
 0.739449 0.233085 0.0266225 0.000797448 4.60066e-05
 0.878498 0.100942 0.0204185 0.000141795 0
 0.694673 0.275183 0.0284847 0.00165964 0
 0.469039 0.446079 0.0841089 0.000773354 0
ppred_PELACES
 0.781674 0.1678 0.0453029 0.00521985 3.15296e-06
 0.734357 0.225381 0.0313059 0.00803326 0.000922932
 0.608978 0.321935 0.059074 0.00779226 0.00222161
 0.692736 0.21239 0.0788735 0.0136895 0.00231118
 0.688882 0.22944 0.0566477 0.0208115 0.00421862
 0.526042 0.353051 0.0893577 0.0218836 0.00966482
 0.663387 0.200529 0.101931 0.0252507 0.00890143
 0.60512 0.288878 0.0636332 0.0317457 0.0106233
 0.67128 0.226247 0.0755982 0.0161464 0.0107282
 0.646035 0.262922 0.0632938 0.0204843 0.00726569
 0.524485 0.349947 0.0940713 0.0219107 0.00958547
 0.537367 0.293251 0.126315 0.032293 0.0107744
 0.69338 0.204713 0.0658719 0.0268969 0.0091379
 0.742343 0.217044 0.0279547 0.00820001 0.00445854
 0.828813 0.152521 0.0160832 0.00178322 0.00079923
 0.784319 0.195996 0.0177926 0.00163275 0.000259567
 0.651965 0.297336 0.0463311 0.00395003 0.000418269
 0.668012 0.24366 0.0759381 0.011325 0.00106451
 0.644473 0.262617 0.0687439 0.020783 0.00338369
 0.721821 0.199268 0.0586918 0.0149667 0.00525209
 0.659291 0.263913 0.0553752 0.0159391 0.00548186
 0.645183 0.25401 0.0783216 0.0162179 0.00626799
 0.695047 0.215509 0.0643311 0.0195165 0.00559693
 0.647427 0.265155 0.0621143 0.0182051 0.00709793
 0.377912 0.440911 0.136867 0.0314954 0.0128143
pobs_pel_tallas
 0 0 0 0 0 0 0 0 0 0 0 0 0 0 0 0 0 0 0 0 0 0 0 0 0 0 0 0 0 0 0 0 0 0 0 0
 0 0 0 0 0 0 0 0 0 0 0 0 0 0 0 0 0 0 0 0 0 0 0 0 0 0 0 0 0 0 0 0 0 0 0 0
 0 0 0 0 0 0 0 0 0 0 0 0 0 0 0 0 0 0 0 0 0 0 0 0 0 0 0 0 0 0 0 0 0 0 0 0
 0 0 0 0 0 0 0 0 0 0 0 0 0 0 0 0 0 0 0 0 0 0 0 0 0 0 0 0 0 0 0 0 0 0 0 0
 0 0 0 0 0 0 0 0 0 0 0 0 0 0 0 0 0 0 0 0 0 0 0 0 0 0 0 0 0 0 0 0 0 0 0 0
 0 0 0 0 0 0 0 0 0 0 0 0 0 0 0 0 0 0 0 0 0 0 0 0 0 0 0 0 0 0 0 0 0 0 0 0
 0 0 0 0 0 0 0 0 0 0 0 0 0 0 0 0 0 0 0 0 0 0 0 0 0 0 0 0 0 0 0 0 0 0 0 0
 0 0 0 0 0 0 0 0 0 0 0 0 0 0 0 0 0 0 0 0 0 0 0 0 0 0 0 0 0 0 0 0 0 0 0 0
 0 0 0 0 0 0 0 0 0 0 0 0 0 0 0 0 0 0 0 0 0 0 0 0 0 0 0 0 0 0 0 0 0 0 0 0
 0 0 0 0 0 0 0 0 0 0 0 0 0 0 0 0 0 0 0 0 0 0 0 0 0 0 0 0 0 0 0 0 0 0 0 0
 0 0 0 0 0 0 0 0 1.78061e-05 0.00172719 0.00360574 0.0105946 0.0120993 0.0124554 0.0147524 0.0171206 0.0266825 0.0428682 0.0675386 0.121331 0.153587 0.119568 0.100827 0.0573624 0.0630603 0.0341343 0.0324427 0.0444173 0.0211091 0.0280891 0.0125444 0.00206551 0 0 0 0
 0 0 0 0 0 0 0 0 0 0 0 0 0 0 0 0 0 0 0 0 0 0 0 0 0 0 0 0 0 0 0 0 0 0 0 0
 0 0 0 0 0 0 0.0133647 0.0140871 0.0187388 0.0205184 0.03894 0.0496705 0.03968 0.0493445 0.0407372 0.0367815 0.0215668 0.0243155 0.0234873 0.0199281 0.019796 0.0243948 0.0301388 0.0376714 0.0412746 0.0863199 0.0771752 0.113111 0.0741005 0.0525337 0.0229764 0.00759418 0.00175318 0 0 0
 0 0 0 0 0 0 0 0 0 0 0.00219441 0.00772107 0.0458388 0.0604681 0.0671733 0.0775358 0.0609151 0.0617685 0.073594 0.0568108 0.0755445 0.0548602 0.0670107 0.0636378 0.0643287 0.046367 0.0373049 0.0286899 0.0247887 0.0153202 0.00654259 0.00121912 0.000365735 0 0 0
 0 0 0 0 0 0 0 0 0 0 0 0 0.000112435 0.00938835 0.0111873 0.0202946 0.0414886 0.0713402 0.111592 0.104902 0.108894 0.110636 0.117776 0.105296 0.107544 0.0401394 0.0192827 0.0124803 0.00416011 0.0028671 0.000618394 0 0 0 0 0
 0 0 0 0 0 0 0 0 0 0 0.00291406 0.0102884 0.027416 0.0768956 0.0749926 0.110853 0.0956884 0.0897413 0.0766577 0.0534642 0.0500743 0.0551293 0.0594112 0.0620874 0.0668451 0.0424026 0.0208742 0.0120726 0.0048766 0.00582813 0.00118941 0.000297354 0 0 0 0
 0 0.00264628 0.0354308 0.0461629 0.0458689 0.0383711 0.0214643 0.0164657 0.0346957 0.0420465 0.0363128 0.0245516 0.0311673 0.0291091 0.0169068 0.0133784 0.00837989 0.0085269 0.0148486 0.0160247 0.0276389 0.0546898 0.0760071 0.122758 0.109233 0.0665981 0.0333725 0.0166128 0.00676272 0.00308733 0.000882094 0 0 0 0 0
 0 0 0 0 0 0 0 0.000805153 0.000690131 0.00759144 0.0133425 0.0154129 0.00931677 0.000345066 0.00356568 0.00563607 0.00851162 0.0253048 0.0502646 0.0516448 0.0657925 0.0565908 0.0611916 0.0827007 0.0866115 0.110766 0.145733 0.0935128 0.0569358 0.0249597 0.0138026 0.00621118 0.00161031 0.00115022 0 0
 0 0 0 0 0 0 0 0 0 0 0 0 0 0 0 0 0 0 0 0 0 0 0 0 0 0 0 0 0 0 0 0 0 0 0 0
 0.00147267 0.00158595 0.00478618 0.00569244 0.00954404 0.0108468 0.00647125 0.017049 0.0510054 0.094081 0.124002 0.0959785 0.0687766 0.0820023 0.061753 0.0591476 0.0492212 0.0479892 0.0443925 0.0268479 0.0217502 0.0140895 0.0121071 0.0120363 0.00920419 0.00665534 0.0049561 0.00860946 0.00930331 0.0156896 0.0114698 0.00855282 0.00243557 0.00046729 0 2.83206e-05
 0 0 0 0 0.000772559 0.00158375 0.000888443 0.00281984 0.00712685 0.0440552 0.0773331 0.111326 0.0921469 0.0852325 0.0710754 0.0886704 0.0786465 0.0553345 0.0373146 0.0185414 0.00753245 0.00457741 0.012979 0.0271748 0.0457355 0.0583668 0.034881 0.0177882 0.00938659 0.00492506 0.0015258 0.00185414 0.000309023 5.79419e-05 3.86279e-05 0
 0 0.00173294 0.00326652 0 0.00397197 0.00683976 0.00946217 0.0152591 0.00757587 0.0136028 0.0228656 0.0392903 0.0559909 0.0764795 0.0681675 0.0726916 0.0566044 0.0477403 0.0527397 0.0444891 0.0609904 0.0582453 0.0661739 0.0445044 0.0529084 0.0360697 0.0280645 0.0235558 0.0158879 0.00826598 0.00280645 0.00217768 0.000904811 0.00058276 9.20147e-05 0
 0 0 0 0 0 0 0 0 0 0 0 0 0 0 0 0 0 0 0 0 0 0 0 0 0 0 0 0 0 0 0 0 0 0 0 0
 0 0 0 0 0 0 0 0 0 0 0 0 0 0 0 0 0 0 0 0 0 0 0 0 0 0 0 0 0 0 0 0 0 0 0 0
 0 0 0 0 0 0 0 0 0 0 0 0 0 0 0 0 0 0 0 0 0 0 0 0 0 0 0 0 0 0 0 0 0 0 0 0
ppred_pel_tallas
 1.00878e-16 3.41042e-05 0.000200167 0.000951511 0.00366338 0.0114239 0.0288559 0.0590429 0.0978698 0.131435 0.143024 0.12615 0.0902849 0.052656 0.0254893 0.0111158 0.00580656 0.00517207 0.00651945 0.00866037 0.0111003 0.0135335 0.0156772 0.0172704 0.0181195 0.0181408 0.0173766 0.0159783 0.0141638 0.012164 0.0101773 0.00834155 0.00672993 0.00536198 0.00422356 0.00328573
 1.00838e-16 3.20433e-05 0.000188063 0.000893952 0.00344175 0.0107327 0.0271101 0.0554714 0.0919515 0.123493 0.134398 0.118579 0.0849479 0.0497079 0.0243695 0.0111508 0.00657563 0.00653742 0.0085033 0.0113244 0.0144704 0.0175591 0.0202166 0.0220978 0.0229542 0.022691 0.021388 0.0192738 0.0166653 0.0138915 0.0112289 0.00886277 0.00688032 0.00528842 0.00404343 0.00308072
 1.01316e-16 2.65801e-05 0.00015598 0.000741408 0.00285438 0.00890104 0.0224835 0.0460057 0.076265 0.102438 0.111517 0.098469 0.0707126 0.0417228 0.0210976 0.0107388 0.00782479 0.00899435 0.0121528 0.0162952 0.0208616 0.0253542 0.0292471 0.0320461 0.0333909 0.0331382 0.0313917 0.028467 0.0248062 0.0208719 0.0170555 0.0136228 0.0107041 0.00831855 0.00641511 0.00491269
 1.01768e-16 3.0228e-05 0.000177406 0.000843292 0.00324669 0.0101245 0.0255737 0.0523277 0.0867406 0.116495 0.126784 0.111864 0.0801458 0.0469147 0.0230328 0.0105981 0.00633909 0.00639198 0.00837978 0.0112323 0.014462 0.0177184 0.0206519 0.0229305 0.0243012 0.0246437 0.0239912 0.0225111 0.0204542 0.0180905 0.015655 0.013315 0.0111659 0.00924409 0.00755097 0.00607297
 1.01792e-16 3.00605e-05 0.000176422 0.000838609 0.00322866 0.0100682 0.0254317 0.0520371 0.0862595 0.115851 0.126086 0.111257 0.0797308 0.0467112 0.0230059 0.0107072 0.00656716 0.00674546 0.00887454 0.0118784 0.0152519 0.0186198 0.0216063 0.0238583 0.0251135 0.0252577 0.0243471 0.0225838 0.0202578 0.0176746 0.015093 0.0126898 0.0105546 0.00870721 0.00712604 0.00577408
 1.02588e-16 2.2965e-05 0.000134753 0.000640488 0.0024658 0.00768926 0.0194227 0.0397434 0.0658861 0.0885048 0.0963675 0.0851379 0.0612388 0.0363335 0.0187443 0.0101515 0.00815675 0.00988708 0.013544 0.0182393 0.0234317 0.0285984 0.0331703 0.0366044 0.0384969 0.0386727 0.0372194 0.0344505 0.0308157 0.0267895 0.0227747 0.0190476 0.0157491 0.0129112 0.0105002 0.00845689
 1.02796e-16 2.89478e-05 0.000169891 0.000807568 0.00310915 0.00969557 0.0244903 0.0501108 0.0830659 0.11156 0.121413 0.107126 0.0767535 0.0449334 0.0220695 0.0101735 0.00611635 0.00620447 0.00817033 0.0110002 0.01424 0.0175662 0.020653 0.0231853 0.0249141 0.0257062 0.0255652 0.0246148 0.0230552 0.0211075 0.0189675 0.0167789 0.0146311 0.0125721 0.0106276 0.00881654
 1.02585e-16 2.64105e-05 0.000154988 0.000736697 0.00283625 0.00884451 0.0223407 0.0457133 0.0757794 0.101783 0.110797 0.0978176 0.0702102 0.0413569 0.020785 0.010373 0.00730784 0.00824544 0.0111109 0.0149269 0.0191745 0.0234097 0.0271663 0.0300031 0.0315931 0.031796 0.0306855 0.0285173 0.025656 0.0224831 0.019319 0.0163788 0.013767 0.0115009 0.00954714 0.00785603
 1.02203e-16 2.92929e-05 0.000171915 0.000817186 0.00314617 0.00981102 0.0247819 0.0507077 0.0840559 0.112892 0.122867 0.10842 0.0777038 0.0455371 0.0224532 0.0104943 0.00649968 0.00673185 0.00888856 0.0119254 0.0153526 0.0188047 0.0219124 0.0243249 0.0257766 0.0261436 0.0254656 0.023924 0.0217871 0.0193411 0.0168316 0.01443 0.012229 0.0102588 0.00851295 0.00697192
 1.02028e-16 2.81935e-05 0.000165458 0.000786479 0.00302793 0.00944228 0.0238506 0.0488023 0.0808988 0.108655 0.118266 0.104385 0.0748665 0.0439833 0.0218892 0.0105687 0.00699742 0.00758953 0.0101269 0.0135822 0.0174397 0.0212838 0.0246866 0.0272439 0.0286561 0.028794 0.0277239 0.0256796 0.022996 0.0200249 0.0170645 0.0143178 0.0118867 0.00979256 0.00800817 0.00648864
 1.02651e-16 2.2897e-05 0.000134354 0.000638592 0.0024585 0.0076665 0.0193652 0.0396257 0.065691 0.0882425 0.0960816 0.0848845 0.0610548 0.0362209 0.01868 0.0101072 0.00811095 0.00982723 0.013464 0.0181379 0.0233123 0.0284695 0.0330456 0.0365017 0.0384353 0.0386694 0.0372865 0.0345923 0.0310276 0.0270588 0.0230827 0.019373 0.0160709 0.0132116 0.0107665 0.00868195
 1.03502e-16 2.34565e-05 0.000137644 0.000654242 0.00251877 0.00785448 0.01984 0.0405966 0.0672989 0.0903969 0.0984129 0.08691 0.0624373 0.0368922 0.018754 0.00971418 0.00730056 0.00856745 0.0116883 0.0157966 0.0204137 0.0251066 0.0294054 0.032853 0.0350938 0.0359482 0.0354415 0.0337786 0.0312763 0.0282794 0.0250884 0.0219192 0.0188985 0.0160834 0.0134916 0.011128
 1.02354e-16 3.02557e-05 0.00017757 0.000844072 0.0032497 0.0101339 0.0255974 0.052376 0.0868205 0.116602 0.126898 0.11196 0.0802044 0.0469285 0.0230014 0.0105193 0.00620421 0.00618628 0.00808652 0.0108378 0.0139609 0.0171181 0.0199757 0.0222179 0.0236051 0.0240242 0.023509 0.0222189 0.0203904 0.0182746 0.0160856 0.013971 0.0120087 0.0102231 0.0086086 0.007151
 1.00958e-16 3.23911e-05 0.000190106 0.000903667 0.00347915 0.0108494 0.0274048 0.0560741 0.0929504 0.124834 0.135854 0.119857 0.0858503 0.0502086 0.024564 0.0111538 0.00645932 0.00632596 0.00819314 0.0109041 0.0139328 0.0169081 0.01947 0.0212871 0.022121 0.0218815 0.0206464 0.0186358 0.0161544 0.0135175 0.0109891 0.00874451 0.00686465 0.00535321 0.00416604 0.00323984
 1.00377e-16 3.6159e-05 0.000212232 0.00100887 0.00388424 0.0121127 0.0305956 0.0626024 0.103769 0.139355 0.151636 0.133728 0.0956725 0.0557243 0.0268358 0.0114639 0.00563932 0.00469439 0.00576656 0.00759891 0.0096833 0.011725 0.0134637 0.0146653 0.0151636 0.0148981 0.0139284 0.0124156 0.0105811 0.00865386 0.00682582 0.00522481 0.00390961 0.00288202 0.00210753 0.00153614
 1.00385e-16 3.42206e-05 0.000200848 0.000954743 0.00367581 0.0114627 0.0289539 0.0592435 0.0982031 0.131885 0.143519 0.1266 0.0906364 0.0529197 0.0257259 0.0114026 0.00621564 0.00576258 0.00733432 0.00971869 0.0123863 0.0149871 0.0171915 0.0186998 0.0192994 0.0189148 0.0176249 0.0156403 0.0132486 0.0107474 0.00838552 0.00632835 0.00465125 0.00335507 0.00239305 0.00169785
 1.0091e-16 2.84535e-05 0.000166981 0.000793713 0.00305577 0.00952909 0.0240699 0.0492514 0.081644 0.109659 0.119365 0.105371 0.0756082 0.0444884 0.0222685 0.0109616 0.00752463 0.00834178 0.0111665 0.014939 0.0190994 0.0231763 0.026681 0.0291574 0.030276 0.0299099 0.0281631 0.025337 0.0218502 0.0181396 0.0145738 0.0114018 0.00874391 0.00661353 0.00495618 0.00368774
 1.01597e-16 2.91511e-05 0.000171081 0.000813217 0.00313089 0.00976334 0.0246615 0.0504615 0.0836483 0.112346 0.122277 0.107909 0.0773597 0.0453792 0.0224566 0.0106314 0.00676499 0.00714188 0.00946882 0.0126958 0.0163151 0.0199344 0.0231533 0.025593 0.0269688 0.0271521 0.0261949 0.0243052 0.0217873 0.0189659 0.0161209 0.0134492 0.0110578 0.00898089 0.00720693 0.00570499
 1.01934e-16 2.81254e-05 0.000165058 0.000784578 0.00302061 0.00941945 0.0237929 0.0486844 0.0807033 0.108393 0.117981 0.104134 0.0746872 0.04388 0.021842 0.010553 0.00699686 0.00759718 0.010142 0.013607 0.017478 0.0213402 0.0247653 0.0273485 0.028788 0.0289515 0.0279015 0.0258684 0.0231837 0.0201978 0.0172091 0.0144229 0.0119452 0.00980226 0.0079721 0.00641419
 1.01658e-16 3.14956e-05 0.00018485 0.000878683 0.00338296 0.0105494 0.0266471 0.0545238 0.0903802 0.121381 0.132095 0.116537 0.083463 0.0487949 0.0238407 0.0107746 0.00617546 0.00600705 0.00778814 0.0104084 0.0133762 0.0163539 0.0190126 0.0210439 0.0222163 0.0224256 0.0217138 0.0202489 0.0182761 0.0160554 0.0138089 0.0116908 0.00978226 0.00810644 0.00665172 0.00539331
 1.01676e-16 2.87716e-05 0.000168851 0.000802612 0.00309005 0.00963599 0.0243399 0.0498035 0.0825582 0.110884 0.12069 0.106522 0.0763912 0.044864 0.0222994 0.0107192 0.00703313 0.00757821 0.0100877 0.0135116 0.0173242 0.0211046 0.0244215 0.0268697 0.0281515 0.0281431 0.0269196 0.0247265 0.0219111 0.0188377 0.0158136 0.0130474 0.0106419 0.0086145 0.00693053 0.005535
 1.02045e-16 2.81561e-05 0.000165239 0.000785439 0.00302393 0.00942979 0.023819 0.0487378 0.0807915 0.108511 0.118107 0.104241 0.0747544 0.0439003 0.0218166 0.0104826 0.00687595 0.00741562 0.00988905 0.0132768 0.0170743 0.0208795 0.0242783 0.0268771 0.0283798 0.0286518 0.0277451 0.0258727 0.0233462 0.0204973 0.0176105 0.0148842 0.0124247 0.0102642 0.00839036 0.00677333
 1.01916e-16 3.03288e-05 0.000177998 0.000846106 0.00325753 0.0101583 0.025659 0.0525023 0.0870301 0.116884 0.127207 0.112238 0.0804153 0.047075 0.023116 0.0106433 0.00637409 0.00643052 0.00842568 0.0112828 0.014509 0.0177489 0.0206493 0.0228768 0.0241809 0.0244477 0.0237207 0.0221791 0.0200848 0.0177158 0.0153096 0.0130305 0.0109654 0.00913947 0.00754141 0.00614678
 1.01926e-16 2.82544e-05 0.000165815 0.000788175 0.00303446 0.00946264 0.023902 0.0489076 0.0810733 0.10889 0.118522 0.104612 0.0750305 0.0440828 0.0219448 0.0106052 0.0070337 0.00763659 0.0101902 0.0136636 0.0175373 0.0213919 0.0247952 0.0273399 0.0287242 0.0288194 0.0276947 0.0255891 0.0228433 0.0198159 0.0168101 0.0140326 0.0115869 0.0094936 0.00772363 0.00622888
 1.03768e-16 1.65095e-05 9.68456e-05 0.000460252 0.00177181 0.00552507 0.0139563 0.0285593 0.0473511 0.0636244 0.0693235 0.0613564 0.0443751 0.0268148 0.0147298 0.00941707 0.00924413 0.0122153 0.0170551 0.0230631 0.0296939 0.0363288 0.0422639 0.0468189 0.0494797 0.0500115 0.048502 0.0453175 0.0409945 0.0361039 0.0311351 0.0264287 0.0221669 0.018405 0.0151228 0.012271
pSPR Fmed_Fpbrs
0.559718   0.6 0.325
Fs Fmed_Fpbrs
0.512013   0.431768 1.4456
SSBpbr Bo_Bmed_Bpbrs
969223  494030  533073 266536
Ro
39340.1
SPR SPRFo_SPRFmed_SPRFpbrs
807959 452229 262587
log_Ro
10.4
likeval ReclasPelacesDesembMPH_pf_preclas_ppelaces_ptallas_desvR_qrecl_qpela
 61.6147 17.0786 0.00951843 0.000214739 310.314 191.287 76.5377 0 15.62 2.02119e-05 5.06225e-05 8.93179e-15 0 0 0
q_reclas_q_pelaces
0.52884 2.75177
M
0.7
N
 40555.6 11200.7 3658.17 427.415 0.258367
 49135.1 18157.1 2964.05 769.635 88.4787
 28393.1 22347.1 5286.86 710.468 202.761
 43004.9 12278.7 4790.74 834.507 140.916
 73542.3 20789.1 5178.73 1903.82 385.931
 53480.9 36343.2 10023.6 2470.25 1091.34
 89271.9 25344.9 13585.8 3378.62 1191.29
 84876.8 43068.2 10559.2 5309.31 1777.45
 107252 39762.5 15010.8 3234.82 2150.34
 118510 49837.1 13189.9 4298.46 1525.21
 65801.2 55892.6 18092.4 4271.72 1870.15
 44490.5 29533.6 15017.4 3886.19 1297.46
 44696.9 20185.7 8473.66 3527.99 1199.85
 23969.6 19205.7 4161.81 1268.19 690.957
 15117 8967.9 1707.83 197.73 88.8281
 14946.9 5441.91 630.943 58.9456 9.37989
 11523.1 6497.16 1203.62 103.924 11.0121
 13190.1 5207.99 1820.99 273.87 25.7544
 14660.5 6152.51 1768.02 538.183 87.6538
 24169.3 6919.71 2244.26 576.348 202.328
 30884.2 11389 2498.85 721.618 248.227
 40251.6 14968.3 4879.11 1014.43 392.148
 64616.5 19392.8 6185.41 1885.63 540.901
 78336.4 30951.3 7735.97 2278.13 888.436
 33558.8 37552.7 12405.9 2867.85 1167.11
pred_Ctot
 2887.9 3899.69 1591.41 188.385 0.113955
 2987.85 5568.51 1149.18 302.567 34.8093
 2658.14 9576.26 2764.16 375.734 107.296
 821.613 1343.06 697.064 123.569 20.8855
 256.217 435.235 147.236 55.1668 11.1944
 1761.35 6567.86 2367.63 593.051 262.233
 1832.08 2964.94 2110.29 534.007 188.463
 3467.15 9423.66 2990.53 1527.25 511.715
 4975.55 9716.05 4715.92 1031.72 686.384
 4296.48 9814.4 3381.06 1119.58 397.596
 4577.4 19103.6 7740.72 1851.92 811.336
 2777.12 9252.82 5936.99 1557.66 520.427
 4366.75 8920.31 4549.95 1915.63 651.878
 4320.34 12436.4 3053.33 936.625 510.486
 3046.28 6138.22 1306.02 152.09 68.3456
 1350.31 2271.96 322.471 30.4804 4.85329
 748.728 2102.77 490.13 42.8974 4.54877
 577.769 1211.05 546.129 83.4022 7.84941
 523.566 1195.49 447.481 138.41 22.562
 890.656 1382.61 583.264 152.19 53.4716
 534.2 1134.14 331.796 97.5262 33.5792
 863.957 1826.07 789.388 166.988 64.6117
 1649.02 2778.06 1169.01 362.457 104.066
 1956.19 4345.88 1434.05 429.536 167.664
 805.629 5084.04 2220.16 522.062 212.652
F
 0.103612 0.629421 0.858804 0.875598 0.8765
 0.0878773 0.533838 0.728386 0.74263 0.743396
 0.138278 0.840012 1.14614 1.16855 1.16976
 0.0268826 0.163306 0.222821 0.227178 0.227412
 0.00485484 0.0294922 0.0402402 0.0410271 0.0410694
 0.0467472 0.28398 0.387472 0.39505 0.395457
 0.0289026 0.175578 0.239564 0.244249 0.244501
 0.0582755 0.354012 0.483026 0.492472 0.49298
 0.0664179 0.403476 0.550516 0.561281 0.56186
 0.0515684 0.313268 0.427434 0.435793 0.436242
 0.10111 0.614221 0.838063 0.854452 0.855333
 0.0903017 0.548566 0.748481 0.763118 0.763905
 0.1447 0.879025 1.19937 1.22283 1.22409
 0.283133 1.71998 2.3468 2.39269 2.39516
 0.321688 1.95419 2.66636 2.71851 2.72131
 0.13314 0.808799 1.10355 1.12513 1.12629
 0.0941567 0.571984 0.780434 0.795696 0.796516
 0.0626081 0.380332 0.518938 0.529086 0.529631
 0.050781 0.308485 0.420907 0.429138 0.42958
 0.0524371 0.318545 0.434634 0.443133 0.44359
 0.0243107 0.147683 0.201503 0.205444 0.205656
 0.0302464 0.183741 0.250702 0.255605 0.255868
 0.0360541 0.219022 0.29884 0.304684 0.304998
 0.0352671 0.214241 0.292317 0.298034 0.298341
 0.0338834 0.205835 0.280848 0.28634 0.286635
nmprior
 10.6 11 7 0
nm_flota  nm_reclas  nm_pelaces    nm_pelaL
inf 17.1948 17.8897 42.4995
cv_recla  cv_pelaces  cv_mph
0.710014 0.468595 0.475437
 ------------------------------------------------
Talla a la edad & desviación 
 7.2 14.2025 17.0495 18.207 18.6776
 1.08 2.13037 2.55742 2.73105 2.80164
