years
 1997 1998 1999 2000 2001 2002 2003 2004 2005 2006 2007 2008 2009 2010 2011 2012 2013 2014 2015 2016 2017 2018 2019 2020 2021
reclasobs
 0 0 0 370054 412103 1.49427e+06 250295 1.28982e+06 931140 785840 897777 1.04006e+06 184774 17550 25797 100020 73551 82996 120727 218422 84188 347160 605670 569463 516374
reclaspred
 474423 129590 386915 271445 396133 473280 1.02912e+06 679339 742875 692747 553328 372523 229723 98902.6 63211.1 63089.1 80070.7 109950 118070 167478 244489 225991 393301 500160 544623
pelacesobs
 0 0 0 0 0 0 0 0 0 2.06254e+06 1.5e+06 0 1.87456e+06 323000 250000 174000 83755 137374 0 501740 490994 745055 786931 1.00524e+06 1.33801e+06
pelacespred
 1.95127e+06 476726 851369 939108 1.17277e+06 1.16593e+06 2.84661e+06 2.33662e+06 2.24852e+06 2.12073e+06 1.50111e+06 1.04672e+06 628393 212878 135852 149593 201011 286259 315228 435626 719546 649983 885493 1.33869e+06 1.51442e+06
mphobs
 0 0 0 0 0 112323 0 153150 637223 0 255016 313432 73983 77613 109348 50772 0 0 0 0 0 0 0 0 0
mphpred
 173746 105584 127902 149964 156985 244162 359713 423691 354584 355109 340133 235133 144839 74907.8 32543.2 26963.7 33135.3 46149.8 58264.1 67538.3 101471 121333 152520 218412 288711
desembarqueobs
 350755 77701 442110 56441 14545 235359 269955 359681 431902 328805 639364 411747 362871 311530 167758 66681 60226 58785 57116 73181 50977 67692 138656 160484 209506
desembarquepred
 350765 77703.8 442145 56443.6 14545.2 235414 269997 359701 431971 328847 639541 411944 363148 311852 167710 66690.3 60252.8 58785 57109.6 73183 50979 67686.3 138661 160493 209509
Reclutas
 48102 58965.4 34234.3 51095.7 87581.2 64282.3 103200 96213.5 117221 124796 65915.9 43429.8 44498.9 23934.8 15889.7 16914 13320 15144.9 17014 28598.1 36032.4 47211.1 76346.3 90748.4 38792.7
log_desv_Rt
 0.0810797 0.284707 -0.259017 0.141456 0.680322 0.37104 0.844422 0.774325 0.971813 1.03443 0.396136 -0.021099 0.0032192 -0.616912 -1.02658 -0.964105 -1.20298 -1.07458 -0.95821 -0.438904 -0.207826 0.0623848 0.543035 0.715846 -0.134012
SSB
 599870 364537 441589 517760 542002 842987 1.24194e+06 1.46282e+06 1.22423e+06 1.22604e+06 1.17433e+06 811813 500067 258625 112358 93094.2 114402 159335 201161 233181 350336 418909 526584 754084 996796
BT
 2.02954e+06 528180 982632 852809 1.01235e+06 1.14879e+06 2.64265e+06 2.37913e+06 2.32318e+06 2.11726e+06 1.83633e+06 1.25521e+06 889490 475929 258347 183363 221070 291444 313157 431324 656555 604347 839898 1.26332e+06 1.42889e+06
Ftot
 0.523574 0.428077 0.646112 0.129137 0.0254786 0.253155 0.161745 0.319976 0.369493 0.293656 0.598516 0.564071 0.904544 1.66636 1.76635 0.710954 0.493631 0.335978 0.275518 0.285528 0.131275 0.170939 0.202287 0.194414 0.19278
BD_Bspro_t
 0.937764 0.724306 0.676682 0.536907 0.67018 0.804813 0.767186 0.774402 0.712256 0.671769 0.63681 0.474924 0.362304 0.253136 0.142304 0.145235 0.228754 0.369026 0.483283 0.578701 0.69543 0.781736 0.790825 0.797812 0.799027
BD_Bspro
 0.658495 0.400163 0.484745 0.56836 0.594971 0.925372 1.36331 1.60578 1.34387 1.34586 1.2891 0.891151 0.548939 0.2839 0.123338 0.102192 0.125582 0.174907 0.22082 0.255969 0.384575 0.459849 0.578047 0.82778 1.09421
BD_Bo
 0.557907 0.339036 0.410698 0.481541 0.504087 0.784018 1.15506 1.36049 1.13859 1.14027 1.09218 0.755024 0.465086 0.240533 0.104498 0.086582 0.106399 0.148189 0.187089 0.216869 0.325829 0.389605 0.489748 0.701333 0.927066
BD_Brms
 1.01438 0.61643 0.746724 0.875528 0.916522 1.42549 2.10011 2.47362 2.07016 2.07322 1.98579 1.37277 0.845611 0.437332 0.189996 0.157422 0.193453 0.269435 0.340162 0.394307 0.592417 0.708373 0.890451 1.27515 1.68558
S_f
 0.172179 1 1 1 1
 0.172179 1 1 1 1
 0.172179 1 1 1 1
 0.172179 1 1 1 1
 0.172179 1 1 1 1
 0.172179 1 1 1 1
 0.172179 1 1 1 1
 0.172179 1 1 1 1
 0.172179 1 1 1 1
 0.172179 1 1 1 1
 0.172179 1 1 1 1
 0.172179 1 1 1 1
 0.172179 1 1 1 1
 0.172179 1 1 1 1
 0.172179 1 1 1 1
 0.172179 1 1 1 1
 0.172179 1 1 1 1
 0.172179 1 1 1 1
 0.172179 1 1 1 1
 0.172179 1 1 1 1
 0.172179 1 1 1 1
 0.172179 1 1 1 1
 0.172179 1 1 1 1
 0.172179 1 1 1 1
 0.172179 1 1 1 1
Scru_reclas
 0.915681 1 1 1 1
 0.915681 1 1 1 1
 0.915681 1 1 1 1
 0.915681 1 1 1 1
 0.915681 1 1 1 1
 0.915681 1 1 1 1
 0.915681 1 1 1 1
 0.915681 1 1 1 1
 0.915681 1 1 1 1
 0.915681 1 1 1 1
 0.915681 1 1 1 1
 0.915681 1 1 1 1
 0.915681 1 1 1 1
 0.915681 1 1 1 1
 0.915681 1 1 1 1
 0.915681 1 1 1 1
 0.915681 1 1 1 1
 0.915681 1 1 1 1
 0.915681 1 1 1 1
 0.915681 1 1 1 1
 0.915681 1 1 1 1
 0.915681 1 1 1 1
 0.915681 1 1 1 1
 0.915681 1 1 1 1
 0.915681 1 1 1 1
Scru_pelaces
 0.880989 1 1 1 1
 0.880989 1 1 1 1
 0.880989 1 1 1 1
 0.880989 1 1 1 1
 0.880989 1 1 1 1
 0.880989 1 1 1 1
 0.880989 1 1 1 1
 0.880989 1 1 1 1
 0.880989 1 1 1 1
 0.880989 1 1 1 1
 0.880989 1 1 1 1
 0.880989 1 1 1 1
 0.880989 1 1 1 1
 0.880989 1 1 1 1
 0.880989 1 1 1 1
 0.880989 1 1 1 1
 0.880989 1 1 1 1
 0.880989 1 1 1 1
 0.880989 1 1 1 1
 0.880989 1 1 1 1
 0.880989 1 1 1 1
 0.880989 1 1 1 1
 0.880989 1 1 1 1
 0.880989 1 1 1 1
 0.880989 1 1 1 1
pf_obs 
 0.256992 0.487395 0.22802 0.0275931 0
 0.321318 0.546541 0.124235 0.00734118 0.000564706
 0.182869 0.594174 0.210203 0.0122559 0.00049798
 0.330522 0.361315 0.267642 0.0388342 0.00168674
 0.649043 0.306663 0.0425973 0.00169635 0
 0.582887 0.30429 0.105238 0.00758474 0
 0.465427 0.430635 0.0974691 0.00646863 0
 0.296916 0.608066 0.0921331 0.00288517 0
 0.311714 0.524322 0.152257 0.0117073 0
 0.15457 0.633149 0.183074 0.0267441 0.00246327
 0.131901 0.49318 0.331252 0.0422183 0.00144891
 0.196976 0.569456 0.194076 0.0375587 0.00193317
 0.518974 0.381816 0.0799577 0.0180837 0.00116848
 0.0928022 0.601141 0.25162 0.0475244 0.00691264
 0.122501 0.610282 0.24278 0.0234846 0.000952079
 0.383417 0.481906 0.127806 0.00687128 0
 0.0376549 0.599619 0.316969 0.0457579 0
 0.0361596 0.667082 0.258105 0.0386534 0
 0.158088 0.579412 0.248529 0.0139706 0
 0.0477256 0.309471 0.559284 0.082774 0.000745712
 0.0406174 0.521527 0.379366 0.0568643 0.0016247
 0.151134 0.462217 0.34131 0.0453401 0
 0.294876 0.26143 0.354403 0.0886775 0.000613685
 0.281977 0.475581 0.204845 0.0348837 0.00271318
 0.0354234 0.537034 0.353287 0.0723622 0.0018943
pf_pred 
 0.34534 0.462005 0.172298 0.0203468 1.01364e-05
 0.301132 0.557499 0.0997665 0.0372063 0.00439593
 0.169275 0.626688 0.162764 0.0291272 0.012146
 0.27261 0.449858 0.209366 0.0543769 0.0137887
 0.299797 0.488786 0.130752 0.0608527 0.0198124
 0.166783 0.596252 0.165417 0.0442497 0.027299
 0.258977 0.420236 0.229556 0.0636853 0.0275461
 0.2035 0.54677 0.141622 0.0773616 0.0307455
 0.243509 0.479092 0.190425 0.049323 0.0376507
 0.231571 0.530469 0.150702 0.0598997 0.0273583
 0.136415 0.576797 0.197978 0.0562441 0.0325658
 0.144849 0.471064 0.256536 0.0880524 0.039499
 0.229485 0.434394 0.185154 0.100832 0.0501346
 0.208999 0.577822 0.120184 0.0512266 0.0417681
 0.290758 0.55747 0.110869 0.0230602 0.0178433
 0.353177 0.554967 0.0721997 0.014359 0.00529754
 0.23049 0.629358 0.120248 0.015644 0.0042591
 0.249527 0.51638 0.191457 0.0365808 0.00605472
 0.239979 0.527256 0.160159 0.059382 0.0132237
 0.313816 0.464039 0.154111 0.0468127 0.0212218
 0.265811 0.552469 0.12289 0.0408125 0.0180173
 0.254513 0.515091 0.173371 0.0385641 0.0184614
 0.297567 0.47931 0.154166 0.0518895 0.0170676
 0.25041 0.547306 0.13803 0.0443959 0.019858
 0.100464 0.611741 0.21013 0.0529945 0.0246694
pobs_RECLAS
 0 0 0 0 0
 0 0 0 0 0
 0 0 0 0 0
 0 0 0 0 0
 0.835266 0.146461 0.0176864 0.000547809 3.91292e-05
 0.385257 0.428462 0.181853 0.0044286 0
 0.867414 0.0963971 0.0333333 0.00285562 0
 0.441836 0.489002 0.0689373 0.000224442 0
 0.779404 0.147425 0.0564933 0.0165055 0.000172143
 0.814271 0.122319 0.05973 0.00367925 0
 0.40263 0.566651 0.0304383 0.000280538 0
 0.475488 0.404961 0.113038 0.00651328 0
 0.955842 0.0263864 0.0167828 0.000988607 0
 0.975058 0.0227948 0.00214734 0 0
 0.738997 0.206755 0.0527124 0.00153531 0
 0.850938 0.134255 0.0134407 0.00136685 0
 0.542534 0.407297 0.0501686 0 0
 0.764087 0.199537 0.0359546 0.000420521 0
 0.470689 0.182191 0.310203 0.0369168 0
 0.84361 0.089868 0.0606195 0.00523954 0.000663233
 0.607945 0.314616 0.071237 0.00620181 0
 0.523733 0.453247 0.0230204 0 0
 0.530135 0.295979 0.169645 0.0042399 0
 0.562478 0.366248 0.0663022 0.0049721 0
 0.250443 0.683176 0.0655157 0.000865301 0
ppred_RECLAS
 0.744081 0.180607 0.0673544 0.00795397 3.96253e-06
 0.702007 0.237714 0.0425398 0.0158646 0.0018744
 0.531826 0.353184 0.0917294 0.0164153 0.00684512
 0.667423 0.205684 0.0957264 0.0248622 0.00630446
 0.695109 0.212833 0.0569337 0.0264972 0.00862698
 0.519283 0.344002 0.095436 0.0255295 0.0157499
 0.652176 0.197252 0.10775 0.0298928 0.0129297
 0.580764 0.287792 0.0745426 0.0407192 0.0161829
 0.636599 0.230145 0.0914758 0.0236937 0.0180865
 0.619897 0.262396 0.0745447 0.0296293 0.0135327
 0.467124 0.355913 0.122162 0.0347055 0.0200948
 0.483736 0.284387 0.154873 0.0531582 0.023846
 0.630566 0.208276 0.0887744 0.0483454 0.0240377
 0.627899 0.271818 0.0565368 0.0240979 0.0196485
 0.727006 0.214575 0.0426745 0.0088761 0.00686804
 0.753918 0.211135 0.0274681 0.00546283 0.00201543
 0.622158 0.309025 0.0590438 0.00768144 0.00209129
 0.643481 0.245311 0.0909536 0.017378 0.00287635
 0.630535 0.256312 0.0778575 0.0288671 0.00642838
 0.712112 0.194687 0.064657 0.0196402 0.00890358
 0.659736 0.256045 0.0569539 0.0189148 0.00835021
 0.646979 0.243918 0.0820988 0.0182618 0.0087423
 0.694983 0.20813 0.0669432 0.0225319 0.00741125
 0.642333 0.261147 0.0658609 0.0211835 0.00947523
 0.375136 0.424947 0.145968 0.0368128 0.0171366
pobs_PELACES
 0 0 0 0 0
 0 0 0 0 0
 0 0 0 0 0
 0 0 0 0 0
 0 0 0 0 0
 0 0 0 0 0
 0 0 0 0 0
 0 0 0 0 0
 0 0 0 0 0
 0 0 0 0 0
 0.450072 0.473896 0.0757376 0.000293798 0
 0 0 0 0 0
 0.463077 0.371075 0.160297 0.00555027 0
 0.529543 0.364841 0.0842815 0.0213345 0
 0.631943 0.363953 0.00410389 0 0
 0.735681 0.248677 0.0153453 0.000297389 0
 0.695825 0.281241 0.0229344 0 0
 0.275771 0.60734 0.115278 0.00161068 0
 0 0 0 0 0
 0.896147 0.0623911 0.0374545 0.00400742 0
 0.803859 0.145111 0.0509908 3.86294e-05 0
 0.739449 0.233085 0.0266225 0.000797448 4.60066e-05
 0.878498 0.100942 0.0204185 0.000141795 0
 0.694673 0.275183 0.0284847 0.00165964 0
 0.469039 0.446079 0.0841089 0.000773354 0
ppred_PELACES
 0.763452 0.166936 0.0622563 0.00735193 3.66261e-06
 0.718127 0.224855 0.0402385 0.0150063 0.001773
 0.565953 0.327439 0.0850429 0.0152187 0.00634615
 0.66668 0.206143 0.0959402 0.0249177 0.00631855
 0.688357 0.217546 0.0581944 0.027084 0.00881802
 0.5269 0.338551 0.0939237 0.0251249 0.0155004
 0.653436 0.196537 0.107359 0.0297845 0.0128828
 0.592594 0.279671 0.0724392 0.0395702 0.0157262
 0.650889 0.221095 0.0878787 0.022762 0.0173753
 0.629649 0.255664 0.0726323 0.0288692 0.0131856
 0.498297 0.335093 0.115016 0.0326752 0.0189193
 0.512595 0.268489 0.146216 0.0501866 0.022513
 0.677679 0.181715 0.0774532 0.04218 0.0209722
 0.719061 0.205224 0.0426857 0.0181941 0.0148347
 0.80587 0.152587 0.0303464 0.00631191 0.00488395
 0.781634 0.187355 0.0243744 0.00484755 0.00178843
 0.644499 0.290753 0.0555527 0.00722725 0.00196763
 0.655581 0.236985 0.0878665 0.0167882 0.00277872
 0.63903 0.250419 0.0760673 0.0282033 0.00628058
 0.720117 0.189274 0.0628592 0.0190941 0.00865601
 0.659116 0.256511 0.0570577 0.0189492 0.00836543
 0.648821 0.242646 0.0816704 0.0181665 0.00869669
 0.698499 0.205732 0.0661716 0.0222722 0.00732583
 0.645655 0.258722 0.0652493 0.0209868 0.00938724
 0.378433 0.422705 0.145197 0.0366185 0.0170462
pobs_pel_tallas
 0 0 0 0 0 0 0 0 0 0 0 0 0 0 0 0 0 0 0 0 0 0 0 0 0 0 0 0 0 0 0 0 0 0 0 0
 0 0 0 0 0 0 0 0 0 0 0 0 0 0 0 0 0 0 0 0 0 0 0 0 0 0 0 0 0 0 0 0 0 0 0 0
 0 0 0 0 0 0 0 0 0 0 0 0 0 0 0 0 0 0 0 0 0 0 0 0 0 0 0 0 0 0 0 0 0 0 0 0
 0 0 0 0 0 0 0 0 0 0 0 0 0 0 0 0 0 0 0 0 0 0 0 0 0 0 0 0 0 0 0 0 0 0 0 0
 0 0 0 0 0 0 0 0 0 0 0 0 0 0 0 0 0 0 0 0 0 0 0 0 0 0 0 0 0 0 0 0 0 0 0 0
 0 0 0 0 0 0 0 0 0 0 0 0 0 0 0 0 0 0 0 0 0 0 0 0 0 0 0 0 0 0 0 0 0 0 0 0
 0 0 0 0 0 0 0 0 0 0 0 0 0 0 0 0 0 0 0 0 0 0 0 0 0 0 0 0 0 0 0 0 0 0 0 0
 0 0 0 0 0 0 0 0 0 0 0 0 0 0 0 0 0 0 0 0 0 0 0 0 0 0 0 0 0 0 0 0 0 0 0 0
 0 0 0 0 0 0 0 0 0 0 0 0 0 0 0 0 0 0 0 0 0 0 0 0 0 0 0 0 0 0 0 0 0 0 0 0
 0 0 0 0 0 0 0 0 0 0 0 0 0 0 0 0 0 0 0 0 0 0 0 0 0 0 0 0 0 0 0 0 0 0 0 0
 0 0 0 0 0 0 0 0 1.78061e-05 0.00172719 0.00360574 0.0105946 0.0120993 0.0124554 0.0147524 0.0171206 0.0266825 0.0428682 0.0675386 0.121331 0.153587 0.119568 0.100827 0.0573624 0.0630603 0.0341343 0.0324427 0.0444173 0.0211091 0.0280891 0.0125444 0.00206551 0 0 0 0
 0 0 0 0 0 0 0 0 0 0 0 0 0 0 0 0 0 0 0 0 0 0 0 0 0 0 0 0 0 0 0 0 0 0 0 0
 0 0 0 0 0 0 0.0133647 0.0140871 0.0187388 0.0205184 0.03894 0.0496705 0.03968 0.0493445 0.0407372 0.0367815 0.0215668 0.0243155 0.0234873 0.0199281 0.019796 0.0243948 0.0301388 0.0376714 0.0412746 0.0863199 0.0771752 0.113111 0.0741005 0.0525337 0.0229764 0.00759418 0.00175318 0 0 0
 0 0 0 0 0 0 0 0 0 0 0.00219441 0.00772107 0.0458388 0.0604681 0.0671733 0.0775358 0.0609151 0.0617685 0.073594 0.0568108 0.0755445 0.0548602 0.0670107 0.0636378 0.0643287 0.046367 0.0373049 0.0286899 0.0247887 0.0153202 0.00654259 0.00121912 0.000365735 0 0 0
 0 0 0 0 0 0 0 0 0 0 0 0 0.000112435 0.00938835 0.0111873 0.0202946 0.0414886 0.0713402 0.111592 0.104902 0.108894 0.110636 0.117776 0.105296 0.107544 0.0401394 0.0192827 0.0124803 0.00416011 0.0028671 0.000618394 0 0 0 0 0
 0 0 0 0 0 0 0 0 0 0 0.00291406 0.0102884 0.027416 0.0768956 0.0749926 0.110853 0.0956884 0.0897413 0.0766577 0.0534642 0.0500743 0.0551293 0.0594112 0.0620874 0.0668451 0.0424026 0.0208742 0.0120726 0.0048766 0.00582813 0.00118941 0.000297354 0 0 0 0
 0 0.00264628 0.0354308 0.0461629 0.0458689 0.0383711 0.0214643 0.0164657 0.0346957 0.0420465 0.0363128 0.0245516 0.0311673 0.0291091 0.0169068 0.0133784 0.00837989 0.0085269 0.0148486 0.0160247 0.0276389 0.0546898 0.0760071 0.122758 0.109233 0.0665981 0.0333725 0.0166128 0.00676272 0.00308733 0.000882094 0 0 0 0 0
 0 0 0 0 0 0 0 0.000805153 0.000690131 0.00759144 0.0133425 0.0154129 0.00931677 0.000345066 0.00356568 0.00563607 0.00851162 0.0253048 0.0502646 0.0516448 0.0657925 0.0565908 0.0611916 0.0827007 0.0866115 0.110766 0.145733 0.0935128 0.0569358 0.0249597 0.0138026 0.00621118 0.00161031 0.00115022 0 0
 0 0 0 0 0 0 0 0 0 0 0 0 0 0 0 0 0 0 0 0 0 0 0 0 0 0 0 0 0 0 0 0 0 0 0 0
 0.00147267 0.00158595 0.00478618 0.00569244 0.00954404 0.0108468 0.00647125 0.017049 0.0510054 0.094081 0.124002 0.0959785 0.0687766 0.0820023 0.061753 0.0591476 0.0492212 0.0479892 0.0443925 0.0268479 0.0217502 0.0140895 0.0121071 0.0120363 0.00920419 0.00665534 0.0049561 0.00860946 0.00930331 0.0156896 0.0114698 0.00855282 0.00243557 0.00046729 0 2.83206e-05
 0 0 0 0 0.000772559 0.00158375 0.000888443 0.00281984 0.00712685 0.0440552 0.0773331 0.111326 0.0921469 0.0852325 0.0710754 0.0886704 0.0786465 0.0553345 0.0373146 0.0185414 0.00753245 0.00457741 0.012979 0.0271748 0.0457355 0.0583668 0.034881 0.0177882 0.00938659 0.00492506 0.0015258 0.00185414 0.000309023 5.79419e-05 3.86279e-05 0
 0 0.00173294 0.00326652 0 0.00397197 0.00683976 0.00946217 0.0152591 0.00757587 0.0136028 0.0228656 0.0392903 0.0559909 0.0764795 0.0681675 0.0726916 0.0566044 0.0477403 0.0527397 0.0444891 0.0609904 0.0582453 0.0661739 0.0445044 0.0529084 0.0360697 0.0280645 0.0235558 0.0158879 0.00826598 0.00280645 0.00217768 0.000904811 0.00058276 9.20147e-05 0
 0 0 0 0 0 0 0 0 0 0 0 0 0 0 0 0 0 0 0 0 0 0 0 0 0 0 0 0 0 0 0 0 0 0 0 0
 0 0 0 0 0 0 0 0 0 0 0 0 0 0 0 0 0 0 0 0 0 0 0 0 0 0 0 0 0 0 0 0 0 0 0 0
 0 0 0 0 0 0 0 0 0 0 0 0 0 0 0 0 0 0 0 0 0 0 0 0 0 0 0 0 0 0 0 0 0 0 0 0
ppred_pel_tallas
 1.01192e-16 3.33096e-05 0.000195502 0.000929334 0.00357799 0.0111576 0.0281833 0.0576667 0.0955888 0.128372 0.139693 0.123214 0.0881907 0.0514484 0.024931 0.0109186 0.00577317 0.00521201 0.00660942 0.00880821 0.011327 0.0138664 0.0161462 0.0179044 0.0189417 0.0191641 0.0185993 0.0173812 0.0157104 0.013803 0.0118476 0.00997957 0.00827629 0.00676797 0.00545535 0.00432605
 1.01244e-16 3.13355e-05 0.000183908 0.0008742 0.00336569 0.0104956 0.0265111 0.0542456 0.0899199 0.120765 0.13143 0.115964 0.0830824 0.0486318 0.0238711 0.010973 0.00654201 0.00656622 0.00857215 0.0114382 0.0146453 0.017817 0.0205822 0.0225962 0.0236075 0.0235148 0.0223878 0.0204423 0.0179807 0.0153192 0.0127237 0.0103734 0.00835481 0.00667923 0.00531193 0.00419994
 1.02134e-16 2.47043e-05 0.000144967 0.000689049 0.00265278 0.00827236 0.0208955 0.0427566 0.0708799 0.095208 0.103653 0.0915441 0.0657799 0.0388936 0.0198181 0.0103367 0.00784463 0.00923281 0.0125628 0.0168975 0.0216993 0.0264736 0.0306898 0.0338428 0.035557 0.0356697 0.0342631 0.03163 0.0281908 0.0243901 0.0206067 0.0171022 0.0140118 0.0113683 0.00914157 0.00727576
 1.02581e-16 2.90916e-05 0.000170735 0.000811578 0.00312459 0.00974371 0.0246119 0.0503597 0.0834786 0.112115 0.122017 0.107662 0.0771415 0.0451694 0.0222017 0.0102611 0.00620405 0.00631817 0.00832276 0.0111949 0.0144717 0.01782 0.0209042 0.0234011 0.0250579 0.0257434 0.0254694 0.0243728 0.0226694 0.0205955 0.0183589 0.0161107 0.0139421 0.0118978 0.00999715 0.00825061
 1.0224e-16 3.00371e-05 0.000176286 0.000837965 0.00322618 0.0100605 0.0254121 0.0519971 0.0861928 0.11576 0.125985 0.111162 0.0796492 0.0466367 0.0229197 0.0105848 0.00638252 0.00647382 0.00849508 0.0113787 0.0146339 0.0179044 0.0208357 0.0230938 0.0244286 0.0247275 0.0240363 0.0225364 0.0204908 0.0181764 0.0158273 0.0136023 0.0115818 0.00978452 0.00819448 0.00678512
 1.03032e-16 2.30018e-05 0.000134971 0.000641524 0.00246979 0.00770172 0.0194542 0.0398076 0.0659922 0.0886461 0.096518 0.085263 0.0613117 0.0363425 0.0186863 0.0100206 0.00793814 0.00955882 0.0130837 0.0176328 0.022681 0.0277281 0.0322303 0.0356671 0.0376485 0.0380004 0.0367974 0.0343278 0.0310089 0.0272822 0.0235224 0.0199866 0.0168069 0.0140163 0.0115894 0.00948013
 1.03214e-16 2.85137e-05 0.000167343 0.000795456 0.00306252 0.00955014 0.024123 0.0493592 0.08182 0.109887 0.119592 0.10552 0.0756031 0.0442612 0.021742 0.0100278 0.00603793 0.00613613 0.00809182 0.0109103 0.0141486 0.0174925 0.0206248 0.0232365 0.0250812 0.0260224 0.0260551 0.0252892 0.0239082 0.0221168 0.0200964 0.0179811 0.0158564 0.0137715 0.0117584 0.00984565
 1.03214e-16 2.58639e-05 0.000151779 0.000721447 0.00277754 0.00866142 0.0218782 0.0447669 0.0742106 0.0996762 0.108503 0.0957916 0.0687547 0.040497 0.0203488 0.0101499 0.00714676 0.00806712 0.0108834 0.014645 0.0188519 0.0230784 0.0268761 0.029818 0.0315838 0.0320292 0.0312121 0.0293633 0.0268167 0.0239231 0.020977 0.0181763 0.0156184 0.0133238 0.0112702 0.00942453
 1.02914e-16 2.84036e-05 0.000166694 0.000792367 0.00305062 0.00951302 0.0240292 0.0491676 0.081503 0.109463 0.119136 0.105131 0.075352 0.04417 0.0218005 0.0102267 0.00638765 0.00666434 0.0088297 0.0118764 0.0153342 0.0188515 0.0220709 0.0246492 0.0263221 0.0269581 0.0265809 0.0253482 0.0235011 0.0212989 0.018965 0.0166565 0.0144611 0.0124138 0.0105205 0.0087794
 1.02723e-16 2.74788e-05 0.000161262 0.000766533 0.00295114 0.0092028 0.0232457 0.0475646 0.0788471 0.1059 0.115268 0.10174 0.072971 0.0428741 0.0213461 0.0103225 0.00685835 0.00746235 0.00997729 0.0134076 0.0172568 0.0211256 0.0246012 0.0272909 0.0288993 0.0292922 0.0285204 0.0267939 0.0244183 0.0217166 0.0189623 0.0163417 0.0139501 0.0118114 0.0099097 0.00821663
 1.03749e-16 2.17545e-05 0.000127648 0.000606712 0.00233576 0.00728374 0.0183984 0.0376474 0.0624116 0.0838379 0.0912874 0.080653 0.05802 0.0344386 0.0177951 0.00968595 0.00784559 0.00956091 0.0131383 0.0177475 0.0228866 0.0280688 0.0327592 0.0364407 0.0387191 0.0394071 0.0385571 0.0364288 0.0334089 0.0299097 0.0262846 0.0227792 0.0195261 0.0165695 0.0139038 0.0115076
 1.0494e-16 2.23753e-05 0.000131299 0.000624082 0.00240266 0.00749238 0.0189253 0.038725 0.064196 0.0862285 0.0938735 0.0828977 0.0595475 0.0351704 0.0178535 0.00920999 0.00688311 0.00806826 0.0110337 0.0149702 0.019444 0.0240688 0.0284213 0.0320824 0.0347158 0.0361337 0.0363246 0.0354316 0.0336962 0.0313868 0.0287399 0.025929 0.0230631 0.0202064 0.0174032 0.0146977
 1.03589e-16 2.95701e-05 0.000173547 0.000824952 0.00317609 0.00990433 0.0250176 0.0511895 0.0848533 0.113958 0.124017 0.10941 0.0783594 0.0458123 0.0223867 0.0101265 0.00582414 0.00569805 0.00743039 0.00999474 0.012949 0.0159966 0.0188469 0.0212205 0.0228981 0.0237639 0.0238227 0.0231835 0.0220188 0.0205142 0.0188275 0.0170668 0.0152919 0.0135289 0.0117907 0.010093
 1.01992e-16 3.13754e-05 0.000184144 0.000875326 0.00337004 0.0105091 0.0265453 0.0543155 0.0900352 0.120918 0.131593 0.116096 0.0831544 0.0486279 0.0237837 0.0107899 0.00623962 0.00611254 0.00793502 0.0105964 0.0135996 0.0165993 0.0192592 0.0212663 0.0223898 0.0225319 0.0217468 0.0202179 0.0182052 0.0159796 0.0137673 0.0117185 0.00990395 0.00833187 0.00697495 0.00579493
 1.00926e-16 3.51586e-05 0.000206359 0.000980951 0.00377674 0.0117774 0.0297488 0.0608697 0.100897 0.135499 0.147441 0.130033 0.093037 0.0542061 0.0261365 0.0112213 0.00560548 0.00475556 0.00589277 0.00779817 0.0099788 0.0121463 0.0140429 0.0154334 0.0161463 0.0161114 0.0153743 0.0140793 0.0124297 0.0106383 0.00888442 0.00728934 0.00591208 0.00476135 0.00381495 0.00303858
 1.00658e-16 3.41032e-05 0.00020016 0.000951472 0.00366322 0.0114234 0.0288547 0.0590405 0.0978663 0.131432 0.143025 0.12616 0.090313 0.0527141 0.0255949 0.0112925 0.00608345 0.00558006 0.00708478 0.00939568 0.0119953 0.0145477 0.0167386 0.0182808 0.0189684 0.0187239 0.0176154 0.015835 0.0136483 0.0113306 0.00911303 0.00715015 0.00551401 0.00420912 0.00319736 0.00242285
 1.01224e-16 2.81277e-05 0.000165069 0.000784624 0.00302078 0.00941997 0.0237943 0.0486873 0.0807089 0.108403 0.117998 0.104163 0.0747393 0.0439732 0.0220037 0.0108209 0.00741686 0.00821872 0.0110086 0.0147437 0.0188767 0.0229484 0.0264824 0.0290316 0.0302698 0.0300661 0.0285125 0.0258919 0.0226015 0.0190576 0.0156126 0.0125063 0.00985724 0.00768401 0.00594239 0.00456121
 1.02032e-16 2.86089e-05 0.000167898 0.000798086 0.00307263 0.00958167 0.0242026 0.0495225 0.0820918 0.110255 0.120001 0.105901 0.0759202 0.0445351 0.0220398 0.010437 0.00664799 0.0070292 0.00933422 0.0125381 0.0161495 0.0197896 0.0230711 0.0256242 0.0271666 0.0275637 0.0268522 0.0252181 0.02294 0.0203182 0.0176132 0.0150109 0.0126166 0.0104708 0.00857508 0.00691493
 1.02425e-16 2.78876e-05 0.000163663 0.000777948 0.00299509 0.00933986 0.0235918 0.0482729 0.0800209 0.107476 0.116981 0.103246 0.0740404 0.0434797 0.0216054 0.0103778 0.00680403 0.00733781 0.00978936 0.0131515 0.0169277 0.0207241 0.0241344 0.0267722 0.0283458 0.028721 0.0279454 0.0262229 0.0238529 0.0211532 0.018395 0.0157659 0.0133649 0.0112215 0.00932463 0.00764977
 1.02015e-16 3.14209e-05 0.000184412 0.000876604 0.00337496 0.0105245 0.0265841 0.0543947 0.0901661 0.121093 0.131779 0.116253 0.0832496 0.0486492 0.0237307 0.01066 0.00602108 0.00578644 0.00748286 0.0100094 0.0128871 0.0157946 0.0184209 0.0204727 0.021728 0.0220821 0.0215666 0.0203306 0.018595 0.0165951 0.0145326 0.0125473 0.0107144 0.00905836 0.00757457 0.00624891
 1.01936e-16 2.87637e-05 0.000168806 0.000802396 0.00308922 0.0096334 0.0243333 0.0497901 0.0825358 0.110853 0.120655 0.106487 0.0763579 0.0448279 0.0222508 0.0106452 0.00691943 0.00741033 0.00985312 0.0132029 0.0169427 0.0206633 0.0239466 0.0263992 0.0277305 0.0278174 0.0267285 0.0246961 0.0220509 0.0191394 0.016254 0.0135928 0.0112532 0.00925268 0.00756047 0.00612831
 1.0227e-16 2.83143e-05 0.000166168 0.00078986 0.00304096 0.0094829 0.0239532 0.0490121 0.0812459 0.10912 0.118767 0.104817 0.0751524 0.0441041 0.0218624 0.0104128 0.00671151 0.00715451 0.00951834 0.012785 0.0164608 0.0201605 0.0234892 0.0260704 0.0276188 0.0280012 0.02726 0.02559 0.0232794 0.0206361 0.0179249 0.0153313 0.0129562 0.0108333 0.00895684 0.0073061
 1.02115e-16 3.04789e-05 0.00017888 0.000850302 0.00327369 0.0102087 0.0257863 0.0527626 0.0874614 0.117463 0.127834 0.112786 0.0807947 0.0472715 0.023165 0.0105862 0.00623218 0.00620354 0.00810268 0.0108535 0.0139723 0.0171181 0.0199542 0.0221623 0.0235016 0.0238596 0.0232722 0.0219033 0.0199952 0.0178054 0.0155543 0.0133948 0.0114084 0.009621 0.00802629 0.0066073
 1.02171e-16 2.81768e-05 0.00016536 0.000786014 0.00302615 0.0094367 0.0238365 0.0487735 0.0808509 0.108591 0.118195 0.104321 0.0748155 0.0439443 0.0218534 0.0105243 0.00693335 0.00749641 0.0099975 0.0134127 0.0172313 0.0210445 0.0244317 0.0269953 0.0284393 0.0286346 0.0276431 0.0256911 0.0231034 0.020222 0.0173365 0.0146444 0.0122453 0.0101609 0.0083669 0.00682266
 1.04254e-16 1.65315e-05 9.69762e-05 0.000460876 0.00177422 0.00553259 0.0139753 0.028598 0.0474148 0.0637084 0.0694109 0.0614241 0.0444031 0.02679 0.0146413 0.00924898 0.00897239 0.0118104 0.0164893 0.0223199 0.0287775 0.0352719 0.0411308 0.0457011 0.0484849 0.0492471 0.0480571 0.0452481 0.0413149 0.0367865 0.0321176 0.0276263 0.0234861 0.0197563 0.0164298 0.0134761
pSPR Fmed_Fpbrs
0.614309   0.6 0.325
Fs Fmed_Fpbrs
0.330602   0.350602 1.08683
SSBpbr Bo_Bmed_Bpbrs
1.07521e+06  606754  591368 295684
Ro
44355.9
SPR SPRFo_SPRFmed_SPRFpbrs
910971 559618 296066
log_Ro
10.52
likeval ReclasPelacesDesembMPH_pf_preclas_ppelaces_ptallas_desvR_qrecl_qpela
 60.6762 18.697 0.0120619 0.000223473 314.23 193.749 77.2887 0 15.5676 3.62288e-05 3.14489e-05 6.64949e-16 0 0 0
q_reclas_q_pelaces
0.426168 2.22074
M
0.7
N
 48102 13278.2 4951.88 584.774 0.291325
 58965.4 21827.6 3906.13 1456.73 172.113
 34234.3 27200.8 7064.62 1264.24 527.183
 51095.7 15210.4 7079.01 1838.57 466.218
 87581.2 24815.4 6638.22 3089.46 1005.87
 64282.3 43301.2 12013 3213.52 1982.52
 103200 30560.1 16693.6 4631.28 2003.19
 96213.5 49840 12909.3 7051.77 2802.56
 117221 45217.2 17972.5 4655.15 3553.51
 124796 54622.1 15517.7 6167.84 2817.07
 65915.9 58916.3 20222.2 5744.99 3326.4
 43429.8 29527.7 16080.4 5519.38 2475.91
 44498.9 19570.5 8341.62 4542.74 2258.68
 23934.8 18910.6 3933.31 1676.51 1366.96
 15889.7 8921.11 1774.22 369.03 285.543
 16914 5821.39 757.347 150.62 55.5691
 13320 7431.5 1419.9 184.725 50.2918
 15144.9 6075.57 2252.63 430.398 71.238
 17014 7098.02 2156.09 799.411 178.02
 28598.1 8057.44 2675.93 812.841 368.489
 36032.4 13520.1 3007.38 998.771 440.922
 47211.1 17493.3 5887.93 1309.69 626.977
 76346.3 22764.4 7321.95 2464.44 810.61
 90748.4 36614.7 9234.17 2970.08 1328.5
 38792.7 43580.8 14969.8 3775.36 1757.46
pred_Ctot
 2997.66 4010.35 1495.59 176.617 0.0879875
 3026 5602.18 1002.53 373.878 44.1737
 2608.76 9658.12 2508.42 448.891 187.186
 809.062 1335.11 621.366 161.382 40.9227
 275.774 449.62 120.275 55.9765 18.2249
 1976.74 7066.9 1960.56 524.456 323.554
 2041.67 3312.97 1809.72 502.068 217.162
 3720.8 9997.14 2589.42 1414.48 562.15
 5215.23 10260.7 4078.31 1056.35 806.362
 4437.96 10166.2 2888.15 1147.95 524.311
 4669.53 19744 6776.88 1925.26 1114.74
 2907.01 9453.94 5148.5 1767.15 792.718
 4657.02 8815.31 3757.38 2046.22 1017.4
 4364.73 12067.2 2509.92 1069.81 872.281
 3049.46 5846.73 1162.79 241.855 187.14
 1411.41 2217.83 288.534 57.3833 21.1707
 784.372 2141.74 409.212 53.2373 14.494
 614.237 1271.13 471.293 90.0474 14.9043
 568.451 1248.94 379.378 140.661 31.3237
 989.456 1463.11 485.909 147.6 66.912
 579.896 1205.27 268.097 89.037 39.3067
 986.407 1996.32 671.926 149.461 71.5502
 1883.2 3033.39 975.661 328.391 108.015
 2152.62 4704.83 1186.55 381.643 170.706
 912.572 5556.77 1908.73 481.377 224.085
F
 0.0901484 0.523574 0.523574 0.523574 0.523574
 0.0737057 0.428077 0.428077 0.428077 0.428077
 0.111247 0.646112 0.646112 0.646112 0.646112
 0.0222346 0.129137 0.129137 0.129137 0.129137
 0.00438688 0.0254786 0.0254786 0.0254786 0.0254786
 0.043588 0.253155 0.253155 0.253155 0.253155
 0.0278492 0.161745 0.161745 0.161745 0.161745
 0.0550931 0.319976 0.319976 0.319976 0.319976
 0.0636189 0.369493 0.369493 0.369493 0.369493
 0.0505614 0.293656 0.293656 0.293656 0.293656
 0.103052 0.598516 0.598516 0.598516 0.598516
 0.0971212 0.564071 0.564071 0.564071 0.564071
 0.155743 0.904544 0.904544 0.904544 0.904544
 0.286912 1.66636 1.66636 1.66636 1.66636
 0.304129 1.76635 1.76635 1.76635 1.76635
 0.122411 0.710954 0.710954 0.710954 0.710954
 0.0849928 0.493631 0.493631 0.493631 0.493631
 0.0578483 0.335978 0.335978 0.335978 0.335978
 0.0474383 0.275518 0.275518 0.275518 0.275518
 0.0491619 0.285528 0.285528 0.285528 0.285528
 0.0226027 0.131275 0.131275 0.131275 0.131275
 0.029432 0.170939 0.170939 0.170939 0.170939
 0.0348295 0.202287 0.202287 0.202287 0.202287
 0.033474 0.194414 0.194414 0.194414 0.194414
 0.0331927 0.19278 0.19278 0.19278 0.19278
nmprior
 10.6 11 7 0
nm_flota  nm_reclas  nm_pelaces    nm_pelaL
inf 16.6856 17.8119 42.2595
cv_recla  cv_pelaces  cv_mph
0.704586 0.490296 0.48501
 ------------------------------------------------
Talla a la edad & desviación 
 7.2 14.2025 17.0495 18.207 18.6776
 1.08 2.13037 2.55742 2.73105 2.80164
