years
 1997 1998 1999 2000 2001 2002 2003 2004 2005 2006 2007 2008 2009 2010 2011 2012 2013 2014 2015 2016 2017 2018 2019 2020 2021
reclasobs
 0 0 0 370054 412103 1.49427e+06 250295 1.28982e+06 931140 785840 897777 1.04006e+06 184774 17550 25797 100020 73551 82996 120727 218422 84188 347160 605670 569463 516374
reclaspred
 384335 109153 353255 260975 374835 447516 981040 643262 698609 612104 476166 318863 195372 92560.3 67147.5 70044.4 88897.8 122365 128939 185876 268056 244580 426739 543308 582885
pelacesobs
 0 0 0 0 0 0 0 0 0 2.06254e+06 1.5e+06 0 1.87456e+06 323000 250000 174000 83755 137374 0 501740 490994 745055 786931 1.00524e+06 1.33801e+06
pelacespred
 1.23045e+06 309534 615266 688650 841792 847475 2.08096e+06 1.73034e+06 1.64697e+06 1.46371e+06 1.02686e+06 707974 431954 172498 122927 136450 180357 250279 272749 381068 607883 543575 747602 1.13015e+06 1.25223e+06
mphobs
 0 0 0 0 0 112323 0 153150 637223 0 255016 313432 73983 77613 109348 50772 0 0 0 0 0 0 0 0 0
mphpred
 755522 482936 617332 802194 831269 1.27304e+06 1.93237e+06 2.25911e+06 1.90258e+06 1.86645e+06 1.68823e+06 1.18203e+06 729058 386547 193157 170958 210247 293764 365787 418671 628512 739996 928738 1.33363e+06 1.76097e+06
desembarqueobs
 350755 77701 442110 56441 14545 235359 269955 359681 431902 328805 639364 411747 362871 311530 167758 66681 60226 58785 57116 73181 50977 67692 138656 160484 209506
desembarquepred
 350763 77702.6 442127 56442.4 14545.1 235393 269981 359696 431950 328842 639650 412036 363265 312038 167825 66694.6 60244.7 58787.4 57113.6 73181.4 50977.6 67688 138657 160487 209506
Reclutas
 58809.5 75515.8 47264.7 74871.6 127115 92837.2 145008 131197 152685 144312 68401.9 40566.9 42710.1 24061.8 19128.4 24375.8 20420.5 22947.9 25801.4 47206.3 58788.3 75405.8 123830 146857 56715.8
log_desv_Rt
 -0.0179407 0.232097 -0.236481 0.223529 0.752849 0.438603 0.884541 0.784455 0.936132 0.879733 0.133156 -0.389292 -0.337808 -0.911618 -1.14107 -0.898652 -1.07571 -0.959019 -0.841816 -0.237717 -0.0183023 0.23064 0.726662 0.897217 -0.0541926
SSB
 755522 482936 617332 802194 831269 1.27304e+06 1.93237e+06 2.25911e+06 1.90258e+06 1.86645e+06 1.68823e+06 1.18203e+06 729058 386547 193157 170958 210247 293764 365787 418671 628512 739996 928738 1.33363e+06 1.76097e+06
BT
 2.49421e+06 685345 1.34394e+06 1.29279e+06 1.51817e+06 1.7032e+06 3.90921e+06 3.50799e+06 3.34506e+06 2.94005e+06 2.42199e+06 1.64961e+06 1.13194e+06 610702 363713 299639 372471 495140 537670 742167 1.12997e+06 1.03685e+06 1.434e+06 2.15523e+06 2.41253e+06
Ftot
 0.395153 0.311938 0.438263 0.0817818 0.0164112 0.16356 0.101778 0.201958 0.229953 0.189771 0.404826 0.377348 0.595433 1.03617 0.939653 0.367367 0.261526 0.175953 0.149563 0.155953 0.0721078 0.0952281 0.113079 0.108245 0.107483
BD_Bspro_t
 0.952021 0.777061 0.746766 0.640725 0.756337 0.862048 0.836641 0.841886 0.794459 0.757907 0.719196 0.572294 0.459367 0.347453 0.231024 0.249396 0.369104 0.53655 0.643709 0.720894 0.80849 0.866435 0.871127 0.875386 0.875975
BD_Bspro
 0.614404 0.392732 0.502026 0.652359 0.676003 1.03526 1.57144 1.83715 1.54721 1.51783 1.3729 0.96125 0.592883 0.314347 0.157079 0.139026 0.170977 0.238894 0.297465 0.340471 0.511117 0.601778 0.755267 1.08453 1.43206
BD_Bo
 0.535946 0.342581 0.437918 0.569054 0.589678 0.903057 1.37077 1.60255 1.34963 1.324 1.19758 0.8385 0.517173 0.274205 0.13702 0.121273 0.149143 0.208388 0.259479 0.296993 0.445848 0.524932 0.65882 0.946037 1.24919
BD_Brms
 1.87641 1.19941 1.5332 1.99232 2.06453 3.1617 4.79922 5.6107 4.72522 4.63548 4.19287 2.93568 1.81068 0.960023 0.479721 0.424588 0.522167 0.729588 0.908464 1.03981 1.56096 1.83784 2.3066 3.31218 4.37353
S_f
 0.19306 1 1 1 1
 0.19306 1 1 1 1
 0.19306 1 1 1 1
 0.19306 1 1 1 1
 0.19306 1 1 1 1
 0.19306 1 1 1 1
 0.19306 1 1 1 1
 0.19306 1 1 1 1
 0.19306 1 1 1 1
 0.19306 1 1 1 1
 0.19306 1 1 1 1
 0.19306 1 1 1 1
 0.19306 1 1 1 1
 0.19306 1 1 1 1
 0.19306 1 1 1 1
 0.19306 1 1 1 1
 0.19306 1 1 1 1
 0.19306 1 1 1 1
 0.19306 1 1 1 1
 0.19306 1 1 1 1
 0.19306 1 1 1 1
 0.19306 1 1 1 1
 0.19306 1 1 1 1
 0.19306 1 1 1 1
 0.19306 1 1 1 1
Scru_reclas
 1 1 1 1 1
 1 1 1 1 1
 1 1 1 1 1
 1 1 1 1 1
 1 1 1 1 1
 1 1 1 1 1
 1 1 1 1 1
 1 1 1 1 1
 1 1 1 1 1
 1 1 1 1 1
 1 1 1 1 1
 1 1 1 1 1
 1 1 1 1 1
 1 1 1 1 1
 1 1 1 1 1
 1 1 1 1 1
 1 1 1 1 1
 1 1 1 1 1
 1 1 1 1 1
 1 1 1 1 1
 1 1 1 1 1
 1 1 1 1 1
 1 1 1 1 1
 1 1 1 1 1
 1 1 1 1 1
Scru_pelaces
 1 1 1 1 1
 1 1 1 1 1
 1 1 1 1 1
 1 1 1 1 1
 1 1 1 1 1
 1 1 1 1 1
 1 1 1 1 1
 1 1 1 1 1
 1 1 1 1 1
 1 1 1 1 1
 1 1 1 1 1
 1 1 1 1 1
 1 1 1 1 1
 1 1 1 1 1
 1 1 1 1 1
 1 1 1 1 1
 1 1 1 1 1
 1 1 1 1 1
 1 1 1 1 1
 1 1 1 1 1
 1 1 1 1 1
 1 1 1 1 1
 1 1 1 1 1
 1 1 1 1 1
 1 1 1 1 1
pf_obs 
 0.256992 0.487395 0.22802 0.0275931 0
 0.321318 0.546541 0.124235 0.00734118 0.000564706
 0.182869 0.594174 0.210203 0.0122559 0.00049798
 0.330522 0.361315 0.267642 0.0388342 0.00168674
 0.649043 0.306663 0.0425973 0.00169635 0
 0.582887 0.30429 0.105238 0.00758474 0
 0.465427 0.430635 0.0974691 0.00646863 0
 0.296916 0.608066 0.0921331 0.00288517 0
 0.311714 0.524322 0.152257 0.0117073 0
 0.15457 0.633149 0.183074 0.0267441 0.00246327
 0.131901 0.49318 0.331252 0.0422183 0.00144891
 0.196976 0.569456 0.194076 0.0375587 0.00193317
 0.518974 0.381816 0.0799577 0.0180837 0.00116848
 0.0928022 0.601141 0.25162 0.0475244 0.00691264
 0.122501 0.610282 0.24278 0.0234846 0.000952079
 0.383417 0.481906 0.127806 0.00687128 0
 0.0376549 0.599619 0.316969 0.0457579 0
 0.0361596 0.667082 0.258105 0.0386534 0
 0.158088 0.579412 0.248529 0.0139706 0
 0.0477256 0.309471 0.559284 0.082774 0.000745712
 0.0406174 0.521527 0.379366 0.0568643 0.0016247
 0.151134 0.462217 0.34131 0.0453401 0
 0.294876 0.26143 0.354403 0.0886775 0.000613685
 0.281977 0.475581 0.204845 0.0348837 0.00271318
 0.0354234 0.537034 0.353287 0.0723622 0.0018943
pf_pred 
 0.356469 0.45365 0.169763 0.0201078 1.07879e-05
 0.317445 0.529123 0.10816 0.0404752 0.00479673
 0.180762 0.602663 0.167891 0.0343194 0.0143648
 0.28711 0.416166 0.218282 0.0608094 0.0176332
 0.315711 0.468076 0.126219 0.0662026 0.0237909
 0.175678 0.58241 0.165476 0.0446212 0.0318147
 0.260865 0.401551 0.238514 0.0677672 0.0313028
 0.201821 0.524322 0.148779 0.0883721 0.0367065
 0.231045 0.453374 0.207304 0.0588236 0.049453
 0.206408 0.50286 0.171415 0.0783789 0.040938
 0.115503 0.526318 0.22696 0.0773663 0.0538524
 0.113107 0.398726 0.290483 0.125263 0.0724215
 0.191307 0.356207 0.203427 0.148202 0.100857
 0.174451 0.510937 0.138578 0.0791408 0.0968934
 0.247707 0.485286 0.165252 0.0448202 0.0569346
 0.329393 0.488991 0.117156 0.0398946 0.0245653
 0.223312 0.583362 0.140969 0.0337745 0.0185828
 0.2345 0.479845 0.214553 0.0518464 0.0192563
 0.231566 0.48588 0.177115 0.0791935 0.0262447
 0.32605 0.421636 0.159538 0.0581555 0.0346204
 0.271758 0.530925 0.123446 0.0467092 0.0271628
 0.258416 0.49415 0.180392 0.041943 0.0250994
 0.306579 0.45304 0.160176 0.058473 0.0217314
 0.257083 0.52511 0.142302 0.0503121 0.0251926
 0.0942021 0.59159 0.222089 0.0601852 0.0319339
pobs_RECLAS
 0 0 0 0 0
 0 0 0 0 0
 0 0 0 0 0
 0 0 0 0 0
 0.835266 0.146461 0.0176864 0.000547809 3.91292e-05
 0.385257 0.428462 0.181853 0.0044286 0
 0.867414 0.0963971 0.0333333 0.00285562 0
 0.441836 0.489002 0.0689373 0.000224442 0
 0.779404 0.147425 0.0564933 0.0165055 0.000172143
 0.814271 0.122319 0.05973 0.00367925 0
 0.40263 0.566651 0.0304383 0.000280538 0
 0.475488 0.404961 0.113038 0.00651328 0
 0.955842 0.0263864 0.0167828 0.000988607 0
 0.975058 0.0227948 0.00214734 0 0
 0.738997 0.206755 0.0527124 0.00153531 0
 0.850938 0.134255 0.0134407 0.00136685 0
 0.542534 0.407297 0.0501686 0 0
 0.764087 0.199537 0.0359546 0.000420521 0
 0.470689 0.182191 0.310203 0.0369168 0
 0.84361 0.089868 0.0606195 0.00523954 0.000663233
 0.607945 0.314616 0.071237 0.00620181 0
 0.523733 0.453247 0.0230204 0 0
 0.530135 0.295979 0.169645 0.0042399 0
 0.562478 0.366248 0.0663022 0.0049721 0
 0.250443 0.683176 0.0655157 0.000865301 0
ppred_RECLAS
 0.746216 0.178902 0.0669479 0.00792977 4.25433e-06
 0.710448 0.224463 0.0458835 0.0171703 0.00203486
 0.540276 0.33819 0.0942139 0.0192587 0.00806097
 0.676859 0.188641 0.0989434 0.0275639 0.00799283
 0.705158 0.201682 0.0543844 0.028525 0.0102509
 0.526856 0.334292 0.0949796 0.0256117 0.018261
 0.647583 0.191458 0.113723 0.0323111 0.0149251
 0.569747 0.282632 0.0801983 0.0476364 0.0197864
 0.611859 0.228847 0.10464 0.0296921 0.0249622
 0.576472 0.268369 0.0914817 0.0418297 0.021848
 0.409576 0.35133 0.151502 0.0516439 0.0359478
 0.403358 0.268236 0.195417 0.0842684 0.0487204
 0.560863 0.193428 0.110465 0.0804767 0.0547674
 0.544731 0.281768 0.0764222 0.0436441 0.0534342
 0.648243 0.22691 0.0772685 0.020957 0.0266215
 0.722362 0.202447 0.0485039 0.0165168 0.0101703
 0.601845 0.29905 0.072265 0.0173139 0.00952616
 0.615644 0.240929 0.107726 0.0260319 0.00966854
 0.611382 0.245723 0.0895722 0.0400504 0.0132727
 0.716442 0.177399 0.067124 0.0244684 0.0145662
 0.659845 0.24799 0.0576604 0.0218174 0.0126875
 0.644589 0.236826 0.0864544 0.0201016 0.0120291
 0.697279 0.19778 0.0699268 0.0255271 0.00948711
 0.643155 0.252226 0.068352 0.0241664 0.0121008
 0.351341 0.423648 0.159042 0.0430997 0.0228685
pobs_PELACES
 0 0 0 0 0
 0 0 0 0 0
 0 0 0 0 0
 0 0 0 0 0
 0 0 0 0 0
 0 0 0 0 0
 0 0 0 0 0
 0 0 0 0 0
 0 0 0 0 0
 0 0 0 0 0
 0.450072 0.473896 0.0757376 0.000293798 0
 0 0 0 0 0
 0.463077 0.371075 0.160297 0.00555027 0
 0.529543 0.364841 0.0842815 0.0213345 0
 0.631943 0.363953 0.00410389 0 0
 0.735681 0.248677 0.0153453 0.000297389 0
 0.695825 0.281241 0.0229344 0 0
 0.275771 0.60734 0.115278 0.00161068 0
 0 0 0 0 0
 0.896147 0.0623911 0.0374545 0.00400742 0
 0.803859 0.145111 0.0509908 3.86294e-05 0
 0.739449 0.233085 0.0266225 0.000797448 4.60066e-05
 0.878498 0.100942 0.0204185 0.000141795 0
 0.694673 0.275183 0.0284847 0.00165964 0
 0.469039 0.446079 0.0841089 0.000773354 0
ppred_PELACES
 0.765622 0.165222 0.0618285 0.00732339 3.929e-06
 0.727233 0.211452 0.0432238 0.016175 0.0019169
 0.569095 0.31699 0.0883079 0.0180514 0.00755565
 0.681604 0.185871 0.0974906 0.0271592 0.00787547
 0.706066 0.201061 0.054217 0.0284372 0.0102193
 0.537699 0.326631 0.092803 0.0250248 0.0178425
 0.653743 0.188111 0.111735 0.0317463 0.0146642
 0.582878 0.274006 0.0777507 0.0461826 0.0191825
 0.626298 0.220334 0.100747 0.0285875 0.0240336
 0.588759 0.260583 0.0888275 0.0406161 0.0212141
 0.435876 0.335681 0.144753 0.0493435 0.0343466
 0.427757 0.257267 0.187426 0.0808224 0.046728
 0.599462 0.176426 0.100755 0.0734031 0.0499535
 0.611905 0.240194 0.0651463 0.0372045 0.0455502
 0.702983 0.191598 0.0652439 0.0176957 0.0224786
 0.741549 0.188456 0.0451519 0.0153753 0.00946745
 0.618409 0.286609 0.0692587 0.0165936 0.00912986
 0.62667 0.234018 0.104636 0.0252852 0.0093912
 0.620801 0.239767 0.087401 0.0390796 0.012951
 0.724803 0.172169 0.0651449 0.0237469 0.0141367
 0.664141 0.244858 0.0569321 0.0215419 0.0125272
 0.650376 0.23297 0.0850465 0.0197742 0.0118332
 0.703597 0.193652 0.0684673 0.0249943 0.00928911
 0.649742 0.24757 0.0670902 0.0237203 0.0118774
 0.357892 0.41937 0.157436 0.0426645 0.0226375
pobs_pel_tallas
 0 0 0 0 0 0 0 0 0 0 0 0 0 0 0 0 0 0 0 0 0 0 0 0 0 0 0 0 0 0 0 0 0 0 0 0
 0 0 0 0 0 0 0 0 0 0 0 0 0 0 0 0 0 0 0 0 0 0 0 0 0 0 0 0 0 0 0 0 0 0 0 0
 0 0 0 0 0 0 0 0 0 0 0 0 0 0 0 0 0 0 0 0 0 0 0 0 0 0 0 0 0 0 0 0 0 0 0 0
 0 0 0 0 0 0 0 0 0 0 0 0 0 0 0 0 0 0 0 0 0 0 0 0 0 0 0 0 0 0 0 0 0 0 0 0
 0 0 0 0 0 0 0 0 0 0 0 0 0 0 0 0 0 0 0 0 0 0 0 0 0 0 0 0 0 0 0 0 0 0 0 0
 0 0 0 0 0 0 0 0 0 0 0 0 0 0 0 0 0 0 0 0 0 0 0 0 0 0 0 0 0 0 0 0 0 0 0 0
 0 0 0 0 0 0 0 0 0 0 0 0 0 0 0 0 0 0 0 0 0 0 0 0 0 0 0 0 0 0 0 0 0 0 0 0
 0 0 0 0 0 0 0 0 0 0 0 0 0 0 0 0 0 0 0 0 0 0 0 0 0 0 0 0 0 0 0 0 0 0 0 0
 0 0 0 0 0 0 0 0 0 0 0 0 0 0 0 0 0 0 0 0 0 0 0 0 0 0 0 0 0 0 0 0 0 0 0 0
 0 0 0 0 0 0 0 0 0 0 0 0 0 0 0 0 0 0 0 0 0 0 0 0 0 0 0 0 0 0 0 0 0 0 0 0
 0 0 0 0 0 0 0 0 1.78061e-05 0.00172719 0.00360574 0.0105946 0.0120993 0.0124554 0.0147524 0.0171206 0.0266825 0.0428682 0.0675386 0.121331 0.153587 0.119568 0.100827 0.0573624 0.0630603 0.0341343 0.0324427 0.0444173 0.0211091 0.0280891 0.0125444 0.00206551 0 0 0 0
 0 0 0 0 0 0 0 0 0 0 0 0 0 0 0 0 0 0 0 0 0 0 0 0 0 0 0 0 0 0 0 0 0 0 0 0
 0 0 0 0 0 0 0.0133647 0.0140871 0.0187388 0.0205184 0.03894 0.0496705 0.03968 0.0493445 0.0407372 0.0367815 0.0215668 0.0243155 0.0234873 0.0199281 0.019796 0.0243948 0.0301388 0.0376714 0.0412746 0.0863199 0.0771752 0.113111 0.0741005 0.0525337 0.0229764 0.00759418 0.00175318 0 0 0
 0 0 0 0 0 0 0 0 0 0 0.00219441 0.00772107 0.0458388 0.0604681 0.0671733 0.0775358 0.0609151 0.0617685 0.073594 0.0568108 0.0755445 0.0548602 0.0670107 0.0636378 0.0643287 0.046367 0.0373049 0.0286899 0.0247887 0.0153202 0.00654259 0.00121912 0.000365735 0 0 0
 0 0 0 0 0 0 0 0 0 0 0 0 0.000112435 0.00938835 0.0111873 0.0202946 0.0414886 0.0713402 0.111592 0.104902 0.108894 0.110636 0.117776 0.105296 0.107544 0.0401394 0.0192827 0.0124803 0.00416011 0.0028671 0.000618394 0 0 0 0 0
 0 0 0 0 0 0 0 0 0 0 0.00291406 0.0102884 0.027416 0.0768956 0.0749926 0.110853 0.0956884 0.0897413 0.0766577 0.0534642 0.0500743 0.0551293 0.0594112 0.0620874 0.0668451 0.0424026 0.0208742 0.0120726 0.0048766 0.00582813 0.00118941 0.000297354 0 0 0 0
 0 0.00264628 0.0354308 0.0461629 0.0458689 0.0383711 0.0214643 0.0164657 0.0346957 0.0420465 0.0363128 0.0245516 0.0311673 0.0291091 0.0169068 0.0133784 0.00837989 0.0085269 0.0148486 0.0160247 0.0276389 0.0546898 0.0760071 0.122758 0.109233 0.0665981 0.0333725 0.0166128 0.00676272 0.00308733 0.000882094 0 0 0 0 0
 0 0 0 0 0 0 0 0.000805153 0.000690131 0.00759144 0.0133425 0.0154129 0.00931677 0.000345066 0.00356568 0.00563607 0.00851162 0.0253048 0.0502646 0.0516448 0.0657925 0.0565908 0.0611916 0.0827007 0.0866115 0.110766 0.145733 0.0935128 0.0569358 0.0249597 0.0138026 0.00621118 0.00161031 0.00115022 0 0
 0 0 0 0 0 0 0 0 0 0 0 0 0 0 0 0 0 0 0 0 0 0 0 0 0 0 0 0 0 0 0 0 0 0 0 0
 0.00147267 0.00158595 0.00478618 0.00569244 0.00954404 0.0108468 0.00647125 0.017049 0.0510054 0.094081 0.124002 0.0959785 0.0687766 0.0820023 0.061753 0.0591476 0.0492212 0.0479892 0.0443925 0.0268479 0.0217502 0.0140895 0.0121071 0.0120363 0.00920419 0.00665534 0.0049561 0.00860946 0.00930331 0.0156896 0.0114698 0.00855282 0.00243557 0.00046729 0 2.83206e-05
 0 0 0 0 0.000772559 0.00158375 0.000888443 0.00281984 0.00712685 0.0440552 0.0773331 0.111326 0.0921469 0.0852325 0.0710754 0.0886704 0.0786465 0.0553345 0.0373146 0.0185414 0.00753245 0.00457741 0.012979 0.0271748 0.0457355 0.0583668 0.034881 0.0177882 0.00938659 0.00492506 0.0015258 0.00185414 0.000309023 5.79419e-05 3.86279e-05 0
 0 0.00173294 0.00326652 0 0.00397197 0.00683976 0.00946217 0.0152591 0.00757587 0.0136028 0.0228656 0.0392903 0.0559909 0.0764795 0.0681675 0.0726916 0.0566044 0.0477403 0.0527397 0.0444891 0.0609904 0.0582453 0.0661739 0.0445044 0.0529084 0.0360697 0.0280645 0.0235558 0.0158879 0.00826598 0.00280645 0.00217768 0.000904811 0.00058276 9.20147e-05 0
 0 0 0 0 0 0 0 0 0 0 0 0 0 0 0 0 0 0 0 0 0 0 0 0 0 0 0 0 0 0 0 0 0 0 0 0
 0 0 0 0 0 0 0 0 0 0 0 0 0 0 0 0 0 0 0 0 0 0 0 0 0 0 0 0 0 0 0 0 0 0 0 0
 0 0 0 0 0 0 0 0 0 0 0 0 0 0 0 0 0 0 0 0 0 0 0 0 0 0 0 0 0 0 0 0 0 0 0 0
ppred_pel_tallas
 1.01184e-16 3.34042e-05 0.000196058 0.000931975 0.00358816 0.0111894 0.0282634 0.0578306 0.0958603 0.128737 0.140089 0.123562 0.0884371 0.0515865 0.0249874 0.0109254 0.00575094 0.00516858 0.006545 0.00872054 0.0112144 0.0137292 0.0159875 0.0177299 0.0187591 0.0189819 0.0184255 0.0172224 0.0155706 0.013684 0.0117491 0.00989977 0.00821278 0.0067181 0.00541664 0.00429636
 1.01328e-16 3.1732e-05 0.000186237 0.000885275 0.00340834 0.0106286 0.026847 0.0549328 0.0910586 0.122293 0.133089 0.117419 0.0841052 0.0491913 0.024073 0.0109436 0.00635833 0.00625054 0.00811631 0.010828 0.013876 0.0169025 0.0195579 0.0215173 0.0225423 0.0225339 0.0215525 0.0197949 0.0175394 0.0150776 0.0126556 0.0104403 0.00851366 0.00688944 0.00553983 0.00442087
 1.02331e-16 2.48409e-05 0.00014577 0.000692867 0.00266748 0.00831822 0.0210114 0.0429936 0.0712723 0.0957341 0.104223 0.0920409 0.0661226 0.0390676 0.0198542 0.0102707 0.00769349 0.00899386 0.0122239 0.0164485 0.0211398 0.0258191 0.029973 0.0331124 0.0348715 0.0350884 0.0338362 0.0313908 0.0281507 0.0245383 0.0209145 0.0175288 0.0145118 0.0118982 0.00966413 0.00776285
 1.02746e-16 2.97415e-05 0.000174552 0.000829731 0.00319449 0.0099617 0.0251625 0.0514861 0.085345 0.114619 0.124737 0.110048 0.0788206 0.0460914 0.0225411 0.010227 0.00592486 0.00583262 0.00761921 0.0102504 0.0132771 0.0163936 0.0192976 0.0216964 0.0233581 0.0241568 0.024092 0.0232739 0.0218827 0.0201188 0.0181595 0.016136 0.0141306 0.0121895 0.0103396 0.00860301
 1.0229e-16 3.08086e-05 0.000180816 0.000859508 0.00330914 0.0103192 0.0260656 0.0533339 0.0884081 0.118733 0.129215 0.114 0.0816546 0.0477549 0.0233648 0.0106147 0.00616151 0.00606053 0.00788669 0.0105539 0.0135787 0.0166258 0.0193674 0.0214952 0.0227779 0.0231105 0.0225333 0.0212106 0.0193815 0.0172973 0.0151699 0.0131422 0.0112857 0.00961698 0.0081219 0.00677834
 1.03118e-16 2.34722e-05 0.000137734 0.000654661 0.00252038 0.00785947 0.0198526 0.0406228 0.0673431 0.0904588 0.0984872 0.0869918 0.0625314 0.0370183 0.0189471 0.0100212 0.00777562 0.00926573 0.0126555 0.0170547 0.0219451 0.0268422 0.0312214 0.0345809 0.0365436 0.03694 0.0358394 0.0335162 0.030369 0.0268193 0.023225 0.0198312 0.016764 0.0140553 0.0116823 0.00960349
 1.03424e-16 2.85268e-05 0.000167421 0.000795825 0.00306394 0.00955459 0.0241342 0.0493821 0.0818577 0.109937 0.119645 0.105562 0.0756237 0.0442542 0.0217033 0.00995111 0.00591298 0.00594974 0.00783142 0.0105684 0.0137274 0.0170073 0.0201052 0.0227248 0.0246268 0.0256746 0.0258542 0.0252602 0.0240568 0.0224293 0.0205433 0.0185229 0.01645 0.0143762 0.0123399 0.0103786
 1.03677e-16 2.54401e-05 0.000149291 0.00070962 0.002732 0.00851943 0.0215195 0.044033 0.072994 0.0980421 0.106724 0.0942216 0.0676283 0.0398348 0.0200186 0.00999035 0.00704298 0.00796001 0.0107503 0.0144828 0.0186706 0.0228998 0.0267335 0.0297538 0.0316443 0.0322579 0.0316425 0.0300123 0.027681 0.0249787 0.0221825 0.0194782 0.0169579 0.0146435 0.01252 0.0105652
 1.03608e-16 2.73312e-05 0.000160399 0.000762438 0.00293538 0.00915367 0.0231215 0.0473104 0.0784247 0.10533 0.11464 0.101169 0.0725253 0.0425392 0.0210449 0.00995636 0.00633497 0.00670506 0.00892931 0.0120415 0.0155885 0.0192272 0.0226045 0.0253785 0.027281 0.0281715 0.0280593 0.0270839 0.0254657 0.0234444 0.0212274 0.0189615 0.0167321 0.0145786 0.0125186 0.010566
 1.03733e-16 2.5696e-05 0.000150795 0.000716772 0.00275954 0.00860531 0.0217365 0.0444768 0.0737291 0.0990282 0.107794 0.0951575 0.0682814 0.0401822 0.0201244 0.00993067 0.00686104 0.00766346 0.0103285 0.0139248 0.0179771 0.0220906 0.0258495 0.0288541 0.0307981 0.0315331 0.0310932 0.0296695 0.0275483 0.0250336 0.0223833 0.0197733 0.0172959 0.0149805 0.0128245 0.0108189
 1.05465e-16 1.90327e-05 0.000111669 0.000530744 0.00204326 0.00637159 0.0160944 0.0329333 0.054598 0.0733464 0.0798756 0.0705989 0.0508492 0.0303069 0.015891 0.00902273 0.00774774 0.00971717 0.0134645 0.0182621 0.0236486 0.0291548 0.034253 0.0384252 0.0412663 0.0425666 0.0423456 0.0408211 0.0383338 0.0352517 0.0318914 0.0284752 0.0251288 0.0219072 0.0188308 0.0159157
 1.07705e-16 1.86755e-05 0.000109579 0.000520824 0.0020051 0.0062526 0.0157937 0.0323175 0.0535753 0.0719668 0.0783581 0.0692219 0.0497797 0.0295147 0.0151946 0.00819038 0.00656414 0.00800445 0.0110903 0.0151596 0.0198477 0.0248112 0.0296585 0.0339884 0.0374623 0.0398639 0.0411264 0.0413159 0.040584 0.0391105 0.037057 0.0345471 0.0316712 0.0285065 0.0251386 0.0216727
 1.06345e-16 2.61592e-05 0.000153522 0.000729755 0.00280956 0.00876132 0.0221304 0.0452822 0.0750618 0.100811 0.109714 0.0968055 0.0693612 0.0406113 0.0199586 0.00922465 0.00558882 0.00572387 0.00759644 0.0103117 0.013485 0.0168522 0.0201452 0.0230972 0.0254874 0.0271803 0.0281411 0.0284221 0.0281274 0.0273718 0.0262488 0.0248184 0.0231144 0.0211626 0.0189996 0.0166849
 1.0441e-16 2.67043e-05 0.000156717 0.000744929 0.00286796 0.00894343 0.0225905 0.046224 0.0766245 0.102914 0.112016 0.098866 0.0709019 0.0416424 0.0207035 0.00996432 0.00656165 0.00710374 0.00949894 0.0127895 0.016508 0.0202863 0.0237447 0.0265213 0.0283421 0.029079 0.0287708 0.027598 0.0258231 0.0237192 0.0215098 0.0193382 0.0172674 0.0153036 0.0134272 0.0116204
 1.02648e-16 3.06739e-05 0.000180026 0.000855753 0.00329468 0.0102741 0.0259517 0.0531008 0.0880215 0.118213 0.128648 0.113495 0.0812843 0.0475206 0.0232176 0.0104935 0.00601809 0.00586344 0.00761777 0.0102064 0.0131588 0.0161553 0.0188841 0.0210503 0.0224295 0.0229142 0.0225328 0.0214297 0.0198202 0.0179326 0.0159607 0.0140366 0.0122289 0.0105583 0.00901947 0.00760161
 1.01674e-16 3.23554e-05 0.000189898 0.000902687 0.00347539 0.0108377 0.0273751 0.0560133 0.0928487 0.124695 0.135697 0.119704 0.0857096 0.0500638 0.0243773 0.0108753 0.00603445 0.0057013 0.00732418 0.00976672 0.0125367 0.0153082 0.0177699 0.0196324 0.0206812 0.0208234 0.0201054 0.0186929 0.0168229 0.0147442 0.0126666 0.0107319 0.0090101 0.0075145 0.00622518 0.00511088
 1.02074e-16 2.69899e-05 0.000158389 0.000752869 0.00289852 0.00903869 0.0228312 0.0467168 0.0774427 0.104017 0.113226 0.0999567 0.0717343 0.0422318 0.0211824 0.0105013 0.00730937 0.00818531 0.011007 0.0147774 0.0189713 0.0231438 0.0268291 0.0295865 0.0310896 0.0311982 0.0299863 0.0277115 0.0247416 0.0214641 0.0182073 0.0151954 0.0125412 0.0102685 0.00834668 0.00672449
 1.0287e-16 2.73481e-05 0.000160497 0.000762898 0.00293715 0.00915918 0.0231355 0.047339 0.0784725 0.105395 0.114714 0.101242 0.0725934 0.0426113 0.02114 0.0101002 0.00655628 0.00703318 0.00939043 0.0126529 0.0163517 0.0201212 0.023583 0.0263709 0.0282001 0.0289247 0.0285619 0.0272718 0.0253038 0.0229302 0.0203888 0.0178518 0.0154211 0.0131444 0.0110391 0.0091123
 1.03267e-16 2.70923e-05 0.000158995 0.000755758 0.00290966 0.00907344 0.0229189 0.0468959 0.0777383 0.10441 0.113643 0.100301 0.0719272 0.0422374 0.0209863 0.0100792 0.00661055 0.00713887 0.00954273 0.0128519 0.0165945 0.0203986 0.0238793 0.0266669 0.0284769 0.0291692 0.0287717 0.027457 0.0254862 0.0231387 0.0206533 0.0181956 0.015856 0.0136674 0.0116331 0.00974966
 1.02458e-16 3.16245e-05 0.000185609 0.000882298 0.00339689 0.0105929 0.0267568 0.054748 0.0907512 0.121877 0.132629 0.116993 0.0837576 0.0489029 0.0237741 0.0105441 0.005768 0.0053884 0.00691819 0.00925969 0.0119508 0.0146959 0.0172134 0.019237 0.0205618 0.0210864 0.0208293 0.0199128 0.0185225 0.0168574 0.0150875 0.0133308 0.0116517 0.0100741 0.00860104 0.00723104
 1.02214e-16 2.89823e-05 0.00017009 0.000808506 0.00311275 0.00970678 0.0245187 0.0501692 0.0831638 0.111695 0.121569 0.107286 0.0769145 0.0451218 0.022336 0.0105852 0.00674892 0.00713298 0.00945632 0.0126732 0.0162769 0.0198753 0.0230701 0.0254865 0.0268466 0.0270303 0.0260988 0.0242679 0.0218458 0.0191555 0.0164689 0.0139689 0.0117453 0.0098138 0.00814743 0.00670481
 1.02516e-16 2.83817e-05 0.000166565 0.000791749 0.00304823 0.00950559 0.0240105 0.0491293 0.0814399 0.10938 0.119048 0.105059 0.0753142 0.0441754 0.0218542 0.0103367 0.00656841 0.00693499 0.00920915 0.0123767 0.0159541 0.019571 0.0228489 0.0254263 0.0270269 0.027518 0.0269335 0.0254516 0.0233397 0.0208843 0.0183324 0.0158576 0.0135558 0.0114619 0.00957593 0.00788584
 1.02328e-16 3.07007e-05 0.000180184 0.000856501 0.00329756 0.0102831 0.0259744 0.0531473 0.0880985 0.118317 0.128761 0.113596 0.0813592 0.0475695 0.0232511 0.0105249 0.00605877 0.00592201 0.00770077 0.0103185 0.0133021 0.0163282 0.0190804 0.0212589 0.0226347 0.0230974 0.0226737 0.0215092 0.0198221 0.0178457 0.0157798 0.0137636 0.0118727 0.0101339 0.00854684 0.00710357
 1.02404e-16 2.83546e-05 0.000166405 0.000790984 0.00304528 0.00949639 0.0239872 0.0490819 0.0813617 0.109276 0.118938 0.104969 0.0752655 0.0441783 0.0219137 0.0104605 0.00677135 0.00723655 0.00962738 0.0129204 0.0166153 0.0203197 0.0236317 0.0261712 0.0276533 0.0279506 0.0271168 0.0253609 0.0229854 0.0203092 0.0176025 0.0150493 0.0127432 0.0107063 0.00891967 0.00735075
 1.04896e-16 1.56357e-05 9.17173e-05 0.000435875 0.00167796 0.00523241 0.013217 0.0270466 0.0448433 0.0602553 0.0656541 0.0581125 0.0420373 0.025419 0.0139948 0.00899769 0.00888839 0.0117852 0.0164901 0.0223498 0.0288573 0.0354335 0.0414145 0.046152 0.0491473 0.0501575 0.0492372 0.0466989 0.043014 0.0386888 0.0341595 0.0297326 0.0255784 0.0217611 0.0182855 0.0151373
pSPR Fmed_Fpbrs
0.723991   0.335624 0.335624
Fs Fmed_Fpbrs
0.2   1.005 1.005
SSBpbr Bo_Bmed_Bpbrs
1.4097e+06  950124  402644 402644
Ro
59874.1
SPR SPRFo_SPRFmed_SPRFpbrs
1.22968e+06 890279 412711
log_Ro
10.82
likeval ReclasPelacesDesembMPH_pf_preclas_ppelaces_ptallas_desvR_qrecl_qpela
 63.9441 25.3433 0.0244755 0.00146391 317.604 200.451 78.1993 0 15.8651 9.13556e-05 0 0 0 0 0
q_reclas_q_pelaces
0.258099 1
M
0.7
N
 58809.5 16536.4 6188.16 732.968 0.393238
 75515.8 27058.9 5531.22 2069.87 245.301
 47264.7 35308.3 9836.28 2010.68 841.595
 74871.6 21566.8 11311.9 3151.3 913.797
 127115 36597.7 9868.73 5176.22 1860.15
 92837.2 62923.9 17878.1 4820.9 3437.28
 145008 44668.6 26532.4 7538.43 3482.13
 131197 70607.5 20035.3 11900.6 4943.06
 152685 62659.2 28650.7 8129.79 6834.72
 144312 72528.7 24723.6 11304.8 5904.58
 68401.9 69085.2 29791.1 10155.2 7068.74
 40566.9 31413.7 22885.7 9868.86 5705.75
 42710.1 18729.5 10696.3 7792.54 5303.12
 24061.8 18906.1 5127.76 2928.42 3585.32
 19128.4 9782.4 3331.15 903.485 1147.69
 24375.8 7922.96 1898.25 646.4 398.025
 20420.5 11275.9 2724.81 652.833 359.191
 22947.9 9641.24 4310.88 1041.72 386.906
 25801.4 11015 4015.24 1795.33 594.972
 47206.3 12447.9 4710.02 1716.92 1022.1
 58788.3 22746.7 5288.85 2001.19 1163.75
 75405.8 28789.8 10509.8 2443.65 1462.32
 123830 36763.3 12998 4744.96 1763.46
 146857 60164.1 16304.2 5764.48 2886.43
 56715.8 71419 26811.5 7265.79 3855.19
pred_Ctot
 3120.23 3970.88 1485.96 176.008 0.0944282
 3185.12 5309.01 1085.24 406.112 48.1285
 2771.22 9239.29 2573.9 526.143 220.224
 844.239 1223.72 641.851 178.809 51.8499
 289.234 428.821 115.634 60.6506 21.7956
 2079.09 6892.61 1958.34 528.076 376.516
 2031.4 3126.95 1857.36 527.716 243.761
 3616.14 9394.58 2665.76 1583.42 657.692
 4780.41 9380.49 4289.2 1217.08 1023.2
 3741.45 9115.09 3107.15 1420.74 742.062
 3714.98 16928.2 7299.84 2488.37 1732.08
 2058.44 7256.41 5286.49 2279.66 1318
 3357.71 6251.92 3570.42 2601.15 1770.18
 3173.72 9295.3 2521.1 1439.78 1762.75
 2306.27 4518.25 1538.58 417.298 530.089
 1205.17 1789.1 428.649 145.965 89.8789
 725.19 1894.42 457.785 109.68 60.3464
 552.277 1130.1 505.3 122.105 45.3511
 529.004 1109.97 404.613 180.914 59.9549
 1008.67 1304.37 493.544 179.909 107.101
 584.956 1142.81 265.716 100.541 58.4676
 988.93 1891.06 690.34 160.512 96.0528
 1925.49 2845.35 1006 367.243 136.486
 2186.84 4466.77 1210.47 427.972 214.297
 838.663 5266.81 1977.22 535.817 284.301
F
 0.0762882 0.395153 0.395153 0.395153 0.395153
 0.0602227 0.311938 0.311938 0.311938 0.311938
 0.0846109 0.438263 0.438263 0.438263 0.438263
 0.0157888 0.0817818 0.0817818 0.0817818 0.0817818
 0.00316835 0.0164112 0.0164112 0.0164112 0.0164112
 0.0315768 0.16356 0.16356 0.16356 0.16356
 0.0196491 0.101778 0.101778 0.101778 0.101778
 0.03899 0.201958 0.201958 0.201958 0.201958
 0.0443947 0.229953 0.229953 0.229953 0.229953
 0.0366371 0.189771 0.189771 0.189771 0.189771
 0.0781556 0.404826 0.404826 0.404826 0.404826
 0.0728507 0.377348 0.377348 0.377348 0.377348
 0.114954 0.595433 0.595433 0.595433 0.595433
 0.200042 1.03617 1.03617 1.03617 1.03617
 0.181409 0.939653 0.939653 0.939653 0.939653
 0.0709238 0.367367 0.367367 0.367367 0.367367
 0.0504902 0.261526 0.261526 0.261526 0.261526
 0.0339695 0.175953 0.175953 0.175953 0.175953
 0.0288747 0.149563 0.149563 0.149563 0.149563
 0.0301082 0.155953 0.155953 0.155953 0.155953
 0.0139211 0.0721078 0.0721078 0.0721078 0.0721078
 0.0183847 0.0952281 0.0952281 0.0952281 0.0952281
 0.0218309 0.113079 0.113079 0.113079 0.113079
 0.0208977 0.108245 0.108245 0.108245 0.108245
 0.0207507 0.107483 0.107483 0.107483 0.107483
nmprior
 10.6 11 7 0
nm_flota  nm_reclas  nm_pelaces    nm_pelaL
inf 13.1576 21.1204 52.7365
cv_recla  cv_pelaces  cv_mph
0.723311 0.570827 1.24135
 ------------------------------------------------
Talla a la edad & desviación 
 7.2 14.2025 17.0495 18.207 18.6776
 1.08 2.13037 2.55742 2.73105 2.80164
