years
 1997 1998 1999 2000 2001 2002 2003 2004 2005 2006 2007 2008 2009 2010 2011 2012 2013 2014 2015 2016 2017 2018 2019 2020 2021
reclasobs
 0 0 0 370054 412103 1.49427e+06 250295 1.28982e+06 931140 785840 897777 1.04006e+06 184774 17550 25797 100020 73551 82996 120727 218422 84188 347160 605670 569463 516374
reclaspred
 2.3883e+06 289207 378102 106829 230951 238698 511824 441245 560197 1.05928e+06 971529 600466 367472 161714 97521.4 92120.7 102563 120654 101859 166730 295986 260506 437895 511774 394781
pelacesobs
 0 0 0 0 0 0 0 0 0 2.06254e+06 1.5e+06 0 1.87456e+06 323000 250000 174000 83755 137374 0 501740 490994 745055 786931 1.00524e+06 1.33801e+06
pelacespred
 1.43275e+06 551576 159549 106098 206689 137722 480810 390889 498560 972295 718489 450146 307712 104554 65223.8 65147.7 75116.5 89782.6 74035.9 129567 251794 209798 282505 379016 274483
mphobs
 0 0 0 0 0 112323 0 153150 637223 0 255016 313432 73983 77613 109348 50772 0 0 0 0 0 0 0 0 0
mphpred
 2.33661e+06 994319 414499 194290 111553 310637 326865 450945 486495 676326 1.27137e+06 866717 457984 265969 113968 89505.9 99232.5 117811 123378 114428 239766 313823 352875 511160 555213
desembarqueobs
 350755 77701 442110 56441 14545 235359 269955 359681 431902 328805 639364 411747 362871 311530 167758 66681 60226 58785 57116 73181 50977 67692 138656 160484 209506
desembarquepred
 350745 77682.3 441601 56419.7 14543.4 235185 269823 359091 431425 328543 638629 411331 362205 311017 167396 66627.8 60201 58738.9 57065.3 73102.8 50963.4 67650.5 138572 160397 209391
Reclutas
 4630.21 6872.51 919.602 5001.14 55528.8 14482.3 55769.8 71328.2 87580 225243 48790.7 20078.8 56223.4 23182.6 14707.2 14733.9 9858.21 9671.75 7223.86 27360.6 30160.1 28986.5 61929.6 48184.7 900.532
log_desv_Rt
 -1.41964 -1.02472 -3.03606 -1.34258 1.06466 -0.279318 1.06899 1.31505 1.52031 2.46493 0.935296 0.0474212 1.07709 0.191156 -0.263909 -0.262096 -0.66394 -0.683035 -0.974855 0.35686 0.454275 0.414585 1.17375 0.922796 -3.05701
SSB
 2.33661e+06 994319 414499 194290 111553 310637 326865 450945 486495 676326 1.27137e+06 866717 457984 265969 113968 89505.9 99232.5 117811 123378 114428 239766 313823 352875 511160 555213
BT
 2.78416e+06 1.15827e+06 537378 257724 382713 429141 1.06097e+06 1.08176e+06 1.28293e+06 2.04381e+06 1.83706e+06 1.17414e+06 911534 483050 254768 171272 183168 208147 182100 291962 490705 439699 602674 807371 665450
Ftot
 0.105336 0.195788 0.785851 0.416171 0.127687 0.753351 0.742444 1.1243 1.04082 0.528083 0.528315 0.518036 1.04768 1.66046 1.80702 0.77323 0.60192 0.482795 0.484964 0.636202 0.188377 0.234139 0.319027 0.291669 0.371062
BD_Bspro_t
 0.98339 0.874307 0.66632 0.33396 0.376632 0.680942 0.499865 0.522454 0.491883 0.526155 0.641908 0.471578 0.326337 0.251442 0.144065 0.141382 0.203637 0.303171 0.367126 0.40774 0.613947 0.727111 0.715706 0.726391 0.687152
BD_Bspro
 5.94141 2.5283 1.05396 0.49403 0.283651 0.78987 0.831134 1.14664 1.23703 1.71972 3.23277 2.20384 1.16454 0.676291 0.28979 0.227591 0.252323 0.299564 0.313719 0.290961 0.609665 0.797973 0.89727 1.29975 1.41176
BD_Bo
 2.32704 0.990248 0.412802 0.193494 0.111096 0.309365 0.325526 0.449099 0.484503 0.673557 1.26616 0.863168 0.456109 0.26488 0.113501 0.0891394 0.0988262 0.117329 0.122873 0.11396 0.238785 0.312538 0.35143 0.509067 0.552939
BD_Brms
 7.69424 3.2742 1.36491 0.639778 0.367333 1.0229 1.07633 1.48492 1.60198 2.22708 4.1865 2.85402 1.5081 0.87581 0.375284 0.294734 0.326763 0.387942 0.406272 0.376801 0.789528 1.03339 1.16198 1.6832 1.82826
S_f
 0.138868 1 1 1 1
 0.138868 1 1 1 1
 0.138868 1 1 1 1
 0.138868 1 1 1 1
 0.138868 1 1 1 1
 0.138868 1 1 1 1
 0.138868 1 1 1 1
 0.138868 1 1 1 1
 0.138868 1 1 1 1
 0.138868 1 1 1 1
 0.138868 1 1 1 1
 0.138868 1 1 1 1
 0.138868 1 1 1 1
 0.138868 1 1 1 1
 0.138868 1 1 1 1
 0.138868 1 1 1 1
 0.138868 1 1 1 1
 0.138868 1 1 1 1
 0.138868 1 1 1 1
 0.138868 1 1 1 1
 0.138868 1 1 1 1
 0.138868 1 1 1 1
 0.138868 1 1 1 1
 0.138868 1 1 1 1
 0.138868 1 1 1 1
Scru_reclas
 0.796308 1 1 1 1
 0.796308 1 1 1 1
 0.796308 1 1 1 1
 0.796308 1 1 1 1
 0.796308 1 1 1 1
 0.796308 1 1 1 1
 0.796308 1 1 1 1
 0.796308 1 1 1 1
 0.796308 1 1 1 1
 0.796308 1 1 1 1
 0.796308 1 1 1 1
 0.796308 1 1 1 1
 0.796308 1 1 1 1
 0.796308 1 1 1 1
 0.796308 1 1 1 1
 0.796308 1 1 1 1
 0.796308 1 1 1 1
 0.796308 1 1 1 1
 0.796308 1 1 1 1
 0.796308 1 1 1 1
 0.796308 1 1 1 1
 0.796308 1 1 1 1
 0.796308 1 1 1 1
 0.796308 1 1 1 1
 0.796308 1 1 1 1
Scru_pelaces
 1 1 1 1 1
 1 1 1 1 1
 1 1 1 1 1
 1 1 1 1 1
 1 1 1 1 1
 1 1 1 1 1
 1 1 1 1 1
 1 1 1 1 1
 1 1 1 1 1
 1 1 1 1 1
 1 1 1 1 1
 1 1 1 1 1
 1 1 1 1 1
 1 1 1 1 1
 1 1 1 1 1
 1 1 1 1 1
 1 1 1 1 1
 1 1 1 1 1
 1 1 1 1 1
 1 1 1 1 1
 1 1 1 1 1
 1 1 1 1 1
 1 1 1 1 1
 1 1 1 1 1
 1 1 1 1 1
pf_obs 
 0.256992 0.487395 0.22802 0.0275931 0
 0.321318 0.546541 0.124235 0.00734118 0.000564706
 0.182869 0.594174 0.210203 0.0122559 0.00049798
 0.330522 0.361315 0.267642 0.0388342 0.00168674
 0.649043 0.306663 0.0425973 0.00169635 0
 0.582887 0.30429 0.105238 0.00758474 0
 0.465427 0.430635 0.0974691 0.00646863 0
 0.296916 0.608066 0.0921331 0.00288517 0
 0.311714 0.524322 0.152257 0.0117073 0
 0.15457 0.633149 0.183074 0.0267441 0.00246327
 0.131901 0.49318 0.331252 0.0422183 0.00144891
 0.196976 0.569456 0.194076 0.0375587 0.00193317
 0.518974 0.381816 0.0799577 0.0180837 0.00116848
 0.0928022 0.601141 0.25162 0.0475244 0.00691264
 0.122501 0.610282 0.24278 0.0234846 0.000952079
 0.383417 0.481906 0.127806 0.00687128 0
 0.0376549 0.599619 0.316969 0.0457579 0
 0.0361596 0.667082 0.258105 0.0386534 0
 0.158088 0.579412 0.248529 0.0139706 0
 0.0477256 0.309471 0.559284 0.082774 0.000745712
 0.0406174 0.521527 0.379366 0.0568643 0.0016247
 0.151134 0.462217 0.34131 0.0453401 0
 0.294876 0.26143 0.354403 0.0886775 0.000613685
 0.281977 0.475581 0.204845 0.0348837 0.00271318
 0.0354234 0.537034 0.353287 0.0723622 0.0018943
pf_pred 
 0.00723322 0.638278 0.313318 0.0411694 1.36637e-06
 0.0231592 0.0511131 0.595177 0.29216 0.0383906
 0.00794279 0.156884 0.0437003 0.50886 0.282612
 0.135364 0.0685777 0.125889 0.0350665 0.635102
 0.667226 0.193323 0.0110604 0.0203038 0.108087
 0.0832605 0.86071 0.0325499 0.00186225 0.0216172
 0.431979 0.27825 0.272061 0.0102887 0.0074216
 0.33995 0.586657 0.0359517 0.0351522 0.00228829
 0.332292 0.580792 0.0772511 0.00473413 0.00493016
 0.463719 0.46139 0.0651421 0.00866455 0.00108395
 0.0655844 0.831882 0.0882151 0.0124548 0.00186386
 0.0559547 0.374875 0.506715 0.0537335 0.00872176
 0.299765 0.249408 0.179021 0.24198 0.0298254
 0.159978 0.707107 0.0473416 0.033981 0.051593
 0.232903 0.591868 0.147503 0.00987549 0.0178508
 0.287543 0.608965 0.079851 0.0199001 0.00374065
 0.173324 0.671082 0.132992 0.0174387 0.00516291
 0.192599 0.542235 0.215258 0.0426587 0.00724972
 0.154427 0.580179 0.178234 0.0707554 0.016405
 0.470833 0.331391 0.135701 0.041688 0.0203864
 0.245019 0.678229 0.0480658 0.0196825 0.00900344
 0.177946 0.591267 0.207325 0.014693 0.00876886
 0.3063 0.441275 0.181558 0.0636624 0.00720434
 0.166419 0.657018 0.112315 0.0462106 0.0180372
 0.003875 0.621566 0.295223 0.0504672 0.028869
pobs_RECLAS
 0 0 0 0 0
 0 0 0 0 0
 0 0 0 0 0
 0 0 0 0 0
 0.835266 0.146461 0.0176864 0.000547809 3.91292e-05
 0.385257 0.428462 0.181853 0.0044286 0
 0.867414 0.0963971 0.0333333 0.00285562 0
 0.441836 0.489002 0.0689373 0.000224442 0
 0.779404 0.147425 0.0564933 0.0165055 0.000172143
 0.814271 0.122319 0.05973 0.00367925 0
 0.40263 0.566651 0.0304383 0.000280538 0
 0.475488 0.404961 0.113038 0.00651328 0
 0.955842 0.0263864 0.0167828 0.000988607 0
 0.975058 0.0227948 0.00214734 0 0
 0.738997 0.206755 0.0527124 0.00153531 0
 0.850938 0.134255 0.0134407 0.00136685 0
 0.542534 0.407297 0.0501686 0 0
 0.764087 0.199537 0.0359546 0.000420521 0
 0.470689 0.182191 0.310203 0.0369168 0
 0.84361 0.089868 0.0606195 0.00523954 0.000663233
 0.607945 0.314616 0.071237 0.00620181 0
 0.523733 0.453247 0.0230204 0 0
 0.530135 0.295979 0.169645 0.0042399 0
 0.562478 0.366248 0.0663022 0.0049721 0
 0.250443 0.683176 0.0655157 0.000865301 0
ppred_RECLAS
 0.0403234 0.617004 0.302874 0.0397972 1.32083e-06
 0.120872 0.0460003 0.535642 0.262935 0.0345504
 0.0466266 0.150767 0.0419963 0.489018 0.271592
 0.479933 0.0412486 0.0757206 0.021092 0.382006
 0.920498 0.0461861 0.0026424 0.0048507 0.0258226
 0.356013 0.604628 0.0228655 0.00130818 0.0151856
 0.822179 0.0871068 0.0851696 0.0032209 0.00232335
 0.766312 0.207704 0.0127286 0.0124455 0.000810159
 0.758103 0.21041 0.0279866 0.00171508 0.0017861
 0.837311 0.13997 0.0197619 0.00262853 0.000328835
 0.294666 0.627937 0.0665883 0.00940138 0.00140691
 0.260608 0.293609 0.396867 0.0420849 0.00683102
 0.729602 0.0963098 0.0691295 0.0934415 0.0115172
 0.568192 0.363483 0.0243356 0.0174677 0.026521
 0.682755 0.244777 0.0610022 0.00408417 0.00738248
 0.711145 0.246896 0.0323744 0.00806823 0.00151659
 0.556855 0.359738 0.0712911 0.0093481 0.00276761
 0.585763 0.278194 0.110438 0.021886 0.00371946
 0.519886 0.329424 0.1012 0.0401747 0.00931469
 0.842535 0.0986124 0.0403808 0.0124052 0.00606642
 0.652919 0.311796 0.0220969 0.00904845 0.00413907
 0.557241 0.318457 0.111665 0.00791366 0.00472291
 0.720895 0.177544 0.0730485 0.0256141 0.00289861
 0.53821 0.363977 0.0622204 0.0255999 0.0099923
 0.0223365 0.610046 0.289752 0.0495318 0.0283339
pobs_PELACES
 0 0 0 0 0
 0 0 0 0 0
 0 0 0 0 0
 0 0 0 0 0
 0 0 0 0 0
 0 0 0 0 0
 0 0 0 0 0
 0 0 0 0 0
 0 0 0 0 0
 0 0 0 0 0
 0.450072 0.473896 0.0757376 0.000293798 0
 0 0 0 0 0
 0.463077 0.371075 0.160297 0.00555027 0
 0.529543 0.364841 0.0842815 0.0213345 0
 0.631943 0.363953 0.00410389 0 0
 0.735681 0.248677 0.0153453 0.000297389 0
 0.695825 0.281241 0.0229344 0 0
 0.275771 0.60734 0.115278 0.00161068 0
 0 0 0 0 0
 0.896147 0.0623911 0.0374545 0.00400742 0
 0.803859 0.145111 0.0509908 3.86294e-05 0
 0.739449 0.233085 0.0266225 0.000797448 4.60066e-05
 0.878498 0.100942 0.0204185 0.000141795 0
 0.694673 0.275183 0.0284847 0.00165964 0
 0.469039 0.446079 0.0841089 0.000773354 0
ppred_PELACES
 0.0515655 0.609776 0.299326 0.039331 1.30536e-06
 0.154362 0.0442479 0.515237 0.252919 0.0332342
 0.0713094 0.146864 0.040909 0.476357 0.26456
 0.566043 0.0344189 0.0631832 0.0175997 0.318755
 0.937801 0.0361344 0.00206733 0.00379502 0.0202028
 0.462356 0.504784 0.0190896 0.00109216 0.0126779
 0.877604 0.0599565 0.0586231 0.00221698 0.00159919
 0.850034 0.133291 0.00816837 0.00798671 0.000519908
 0.841021 0.138284 0.0183932 0.00112718 0.00117385
 0.882487 0.101103 0.0142744 0.00189863 0.000237523
 0.378734 0.553094 0.0586517 0.00828084 0.00123923
 0.338983 0.262486 0.354799 0.037624 0.00610694
 0.820258 0.0640202 0.0459526 0.0621135 0.00765582
 0.725938 0.230698 0.0154455 0.0110865 0.0168325
 0.818725 0.139866 0.0348568 0.0023337 0.00421836
 0.793876 0.176182 0.023102 0.00575739 0.00108222
 0.651861 0.282614 0.0560071 0.00734397 0.00217427
 0.67072 0.221138 0.0877877 0.0173973 0.00295663
 0.60949 0.267943 0.0823133 0.0326769 0.00757628
 0.889513 0.0691926 0.0283337 0.00870424 0.00425658
 0.713654 0.257236 0.0182302 0.00746509 0.00341479
 0.628148 0.267457 0.0937823 0.00664631 0.00396655
 0.780286 0.139764 0.0575044 0.0201636 0.00228181
 0.613914 0.304308 0.0520203 0.0214032 0.00835421
 0.0308966 0.604705 0.287215 0.0490982 0.0280858
pobs_pel_tallas
 0 0 0 0 0 0 0 0 0 0 0 0 0 0 0 0 0 0 0 0 0 0 0 0 0 0 0 0 0 0 0 0 0 0 0 0
 0 0 0 0 0 0 0 0 0 0 0 0 0 0 0 0 0 0 0 0 0 0 0 0 0 0 0 0 0 0 0 0 0 0 0 0
 0 0 0 0 0 0 0 0 0 0 0 0 0 0 0 0 0 0 0 0 0 0 0 0 0 0 0 0 0 0 0 0 0 0 0 0
 0 0 0 0 0 0 0 0 0 0 0 0 0 0 0 0 0 0 0 0 0 0 0 0 0 0 0 0 0 0 0 0 0 0 0 0
 0 0 0 0 0 0 0 0 0 0 0 0 0 0 0 0 0 0 0 0 0 0 0 0 0 0 0 0 0 0 0 0 0 0 0 0
 0 0 0 0 0 0 0 0 0 0 0 0 0 0 0 0 0 0 0 0 0 0 0 0 0 0 0 0 0 0 0 0 0 0 0 0
 0 0 0 0 0 0 0 0 0 0 0 0 0 0 0 0 0 0 0 0 0 0 0 0 0 0 0 0 0 0 0 0 0 0 0 0
 0 0 0 0 0 0 0 0 0 0 0 0 0 0 0 0 0 0 0 0 0 0 0 0 0 0 0 0 0 0 0 0 0 0 0 0
 0 0 0 0 0 0 0 0 0 0 0 0 0 0 0 0 0 0 0 0 0 0 0 0 0 0 0 0 0 0 0 0 0 0 0 0
 0 0 0 0 0 0 0 0 0 0 0 0 0 0 0 0 0 0 0 0 0 0 0 0 0 0 0 0 0 0 0 0 0 0 0 0
 0 0 0 0 0 0 0 0 1.78061e-05 0.00172719 0.00360574 0.0105946 0.0120993 0.0124554 0.0147524 0.0171206 0.0266825 0.0428682 0.0675386 0.121331 0.153587 0.119568 0.100827 0.0573624 0.0630603 0.0341343 0.0324427 0.0444173 0.0211091 0.0280891 0.0125444 0.00206551 0 0 0 0
 0 0 0 0 0 0 0 0 0 0 0 0 0 0 0 0 0 0 0 0 0 0 0 0 0 0 0 0 0 0 0 0 0 0 0 0
 0 0 0 0 0 0 0.0133647 0.0140871 0.0187388 0.0205184 0.03894 0.0496705 0.03968 0.0493445 0.0407372 0.0367815 0.0215668 0.0243155 0.0234873 0.0199281 0.019796 0.0243948 0.0301388 0.0376714 0.0412746 0.0863199 0.0771752 0.113111 0.0741005 0.0525337 0.0229764 0.00759418 0.00175318 0 0 0
 0 0 0 0 0 0 0 0 0 0 0.00219441 0.00772107 0.0458388 0.0604681 0.0671733 0.0775358 0.0609151 0.0617685 0.073594 0.0568108 0.0755445 0.0548602 0.0670107 0.0636378 0.0643287 0.046367 0.0373049 0.0286899 0.0247887 0.0153202 0.00654259 0.00121912 0.000365735 0 0 0
 0 0 0 0 0 0 0 0 0 0 0 0 0.000112435 0.00938835 0.0111873 0.0202946 0.0414886 0.0713402 0.111592 0.104902 0.108894 0.110636 0.117776 0.105296 0.107544 0.0401394 0.0192827 0.0124803 0.00416011 0.0028671 0.000618394 0 0 0 0 0
 0 0 0 0 0 0 0 0 0 0 0.00291406 0.0102884 0.027416 0.0768956 0.0749926 0.110853 0.0956884 0.0897413 0.0766577 0.0534642 0.0500743 0.0551293 0.0594112 0.0620874 0.0668451 0.0424026 0.0208742 0.0120726 0.0048766 0.00582813 0.00118941 0.000297354 0 0 0 0
 0 0.00264628 0.0354308 0.0461629 0.0458689 0.0383711 0.0214643 0.0164657 0.0346957 0.0420465 0.0363128 0.0245516 0.0311673 0.0291091 0.0169068 0.0133784 0.00837989 0.0085269 0.0148486 0.0160247 0.0276389 0.0546898 0.0760071 0.122758 0.109233 0.0665981 0.0333725 0.0166128 0.00676272 0.00308733 0.000882094 0 0 0 0 0
 0 0 0 0 0 0 0 0.000805153 0.000690131 0.00759144 0.0133425 0.0154129 0.00931677 0.000345066 0.00356568 0.00563607 0.00851162 0.0253048 0.0502646 0.0516448 0.0657925 0.0565908 0.0611916 0.0827007 0.0866115 0.110766 0.145733 0.0935128 0.0569358 0.0249597 0.0138026 0.00621118 0.00161031 0.00115022 0 0
 0 0 0 0 0 0 0 0 0 0 0 0 0 0 0 0 0 0 0 0 0 0 0 0 0 0 0 0 0 0 0 0 0 0 0 0
 0.00147267 0.00158595 0.00478618 0.00569244 0.00954404 0.0108468 0.00647125 0.017049 0.0510054 0.094081 0.124002 0.0959785 0.0687766 0.0820023 0.061753 0.0591476 0.0492212 0.0479892 0.0443925 0.0268479 0.0217502 0.0140895 0.0121071 0.0120363 0.00920419 0.00665534 0.0049561 0.00860946 0.00930331 0.0156896 0.0114698 0.00855282 0.00243557 0.00046729 0 2.83206e-05
 0 0 0 0 0.000772559 0.00158375 0.000888443 0.00281984 0.00712685 0.0440552 0.0773331 0.111326 0.0921469 0.0852325 0.0710754 0.0886704 0.0786465 0.0553345 0.0373146 0.0185414 0.00753245 0.00457741 0.012979 0.0271748 0.0457355 0.0583668 0.034881 0.0177882 0.00938659 0.00492506 0.0015258 0.00185414 0.000309023 5.79419e-05 3.86279e-05 0
 0 0.00173294 0.00326652 0 0.00397197 0.00683976 0.00946217 0.0152591 0.00757587 0.0136028 0.0228656 0.0392903 0.0559909 0.0764795 0.0681675 0.0726916 0.0566044 0.0477403 0.0527397 0.0444891 0.0609904 0.0582453 0.0661739 0.0445044 0.0529084 0.0360697 0.0280645 0.0235558 0.0158879 0.00826598 0.00280645 0.00217768 0.000904811 0.00058276 9.20147e-05 0
 0 0 0 0 0 0 0 0 0 0 0 0 0 0 0 0 0 0 0 0 0 0 0 0 0 0 0 0 0 0 0 0 0 0 0 0
 0 0 0 0 0 0 0 0 0 0 0 0 0 0 0 0 0 0 0 0 0 0 0 0 0 0 0 0 0 0 0 0 0 0 0 0
 0 0 0 0 0 0 0 0 0 0 0 0 0 0 0 0 0 0 0 0 0 0 0 0 0 0 0 0 0 0 0 0 0 0 0 0
ppred_pel_tallas
 1.058e-16 2.28657e-06 1.33277e-05 6.3161e-05 0.00024285 0.000757011 0.00191282 0.00391883 0.00651477 0.00880626 0.0097336 0.00894421 0.0071853 0.00577506 0.00576478 0.00760045 0.0113325 0.0168981 0.0241832 0.03292 0.0425834 0.0523795 0.061343 0.0685137 0.0731379 0.0748256 0.0736163 0.0699286 0.0644233 0.0578309 0.0508014 0.0438182 0.0371829 0.0310499 0.0254847 0.0205123
 1.17572e-16 6.74628e-06 3.95616e-05 0.000187994 0.000723682 0.00225661 0.00569999 0.0116635 0.0193361 0.0259758 0.0282879 0.0250025 0.0180099 0.0107439 0.00566883 0.00331875 0.00305918 0.00415515 0.00623286 0.0092298 0.0132132 0.0182494 0.0243336 0.0313522 0.0390618 0.0470864 0.054935 0.0620423 0.0678308 0.0717868 0.0735362 0.0729049 0.0699507 0.0649542 0.0583766 0.050787
 1.29359e-16 3.12694e-06 1.83085e-05 8.69445e-05 0.000334599 0.00104326 0.0026353 0.00539349 0.00894558 0.0120298 0.0131334 0.0116861 0.00858782 0.00546473 0.0035101 0.00303813 0.00382894 0.00560945 0.00825081 0.011731 0.0160446 0.0211488 0.026951 0.0333192 0.0400968 0.0471081 0.0541508 0.0609769 0.0672757 0.0726727 0.0767568 0.0791347 0.0795015 0.0777064 0.0737976 0.0680275
 1.16407e-16 2.46956e-05 0.000144944 0.000689006 0.00265272 0.00827227 0.020895 0.0427532 0.0708659 0.0951642 0.10354 0.0912869 0.0652539 0.0378982 0.0180536 0.00738941 0.00319743 0.00231433 0.00284364 0.0040285 0.00566743 0.00773666 0.0102415 0.0131728 0.0164939 0.0201331 0.0239768 0.027865 0.0315931 0.0349229 0.0376052 0.0394107 0.0401648 0.0397765 0.0382558 0.0357163
 1.01116e-16 4.09065e-05 0.000240116 0.00114146 0.00439477 0.0137048 0.0346169 0.0708294 0.117402 0.157651 0.171511 0.15118 0.107989 0.062558 0.0294904 0.0115067 0.00405768 0.00182313 0.00156548 0.00192352 0.00245236 0.00300938 0.00352341 0.00394083 0.00422413 0.00435825 0.00435278 0.00423717 0.0040509 0.00383198 0.00360786 0.00339132 0.00318166 0.00296976 0.00274439 0.00249772
 1.01066e-16 2.0194e-05 0.000118472 0.000563052 0.0021676 0.00675931 0.0170739 0.0349386 0.0579264 0.0778292 0.0847875 0.0750119 0.0541827 0.0326028 0.0176544 0.0108918 0.0102783 0.0133299 0.0184471 0.0247447 0.031546 0.0381097 0.0436186 0.0473108 0.0486503 0.0474586 0.0439588 0.0387138 0.0324824 0.0260432 0.0200403 0.0148938 0.0107824 0.00768705 0.00546286 0.00391343
 1.01003e-16 3.82829e-05 0.00022471 0.00106821 0.00411274 0.0128252 0.0323954 0.0662842 0.109869 0.147538 0.160517 0.141507 0.101119 0.0586592 0.0278057 0.0111211 0.00436597 0.00257758 0.00273601 0.00356624 0.00463617 0.00578103 0.00689003 0.00786186 0.0086112 0.00908213 0.00925559 0.00914701 0.00879652 0.00825593 0.00757752 0.00680757 0.00598515 0.00514373 0.00431369 0.00352317
 1.00459e-16 3.70835e-05 0.000217662 0.00103469 0.00398365 0.0124227 0.0313787 0.0642044 0.106424 0.142918 0.155507 0.137129 0.0980763 0.0570655 0.0273712 0.011503 0.00537936 0.00420596 0.00504635 0.0066209 0.00842982 0.0102028 0.0117109 0.0127509 0.0131794 0.0129462 0.0121055 0.0107999 0.00922322 0.00757471 0.00601948 0.00466535 0.00355909 0.00269772 0.00204738 0.0015621
 1.004e-16 3.66908e-05 0.000215356 0.00102372 0.00394143 0.012291 0.0310461 0.0635239 0.105296 0.141404 0.153862 0.135682 0.0970505 0.0564867 0.0271278 0.01146 0.00544875 0.00435354 0.0052703 0.00693141 0.00883728 0.0107119 0.0123177 0.0134415 0.0139313 0.01373 0.0128886 0.0115499 0.0099113 0.00817807 0.00652261 0.00506065 0.0038467 0.0028847 0.00214644 0.00158982
 1.00313e-16 3.84973e-05 0.000225965 0.00107417 0.00413567 0.0128968 0.0325761 0.0666542 0.110484 0.148367 0.161427 0.142328 0.101749 0.0591111 0.0281809 0.0115483 0.00496062 0.00343043 0.00391001 0.00508776 0.00648004 0.00785724 0.00904062 0.00987355 0.0102443 0.0101105 0.00950856 0.00854178 0.00735339 0.00609242 0.00488428 0.00381331 0.00291956 0.00220656 0.00165463 0.00123414
 1.01356e-16 1.65498e-05 9.70718e-05 0.000461305 0.00177583 0.00553757 0.013988 0.028625 0.047463 0.0637837 0.0695205 0.0615864 0.0446623 0.0272284 0.0153869 0.0104758 0.0108912 0.0146454 0.0204355 0.027484 0.0351137 0.0425305 0.0488413 0.0532043 0.055017 0.0540603 0.050549 0.0450674 0.038417 0.0314285 0.0247971 0.0189866 0.0142105 0.0104759 0.00765865 0.00557807
 1.06701e-16 1.48054e-05 8.68558e-05 0.000412792 0.00158914 0.00495544 0.0125172 0.0256137 0.0424642 0.0570487 0.0621341 0.0549351 0.0396052 0.0236838 0.0125686 0.00738942 0.00666044 0.00859871 0.0121153 0.0166991 0.0220401 0.027805 0.0335842 0.0389314 0.0434366 0.0467903 0.0488209 0.0494928 0.0488778 0.0471131 0.0443671 0.0408208 0.0366665 0.0321103 0.0273727 0.0226778
 1.03166e-16 3.57823e-05 0.000210029 0.000998418 0.00384402 0.0119873 0.0302787 0.0619533 0.102691 0.1379 0.150034 0.132271 0.0945335 0.0548669 0.0260618 0.0105193 0.00428482 0.00272819 0.00303501 0.00402042 0.0052852 0.00667736 0.00809268 0.00943347 0.0106146 0.0115751 0.0122841 0.0127364 0.0129423 0.012916 0.0126681 0.0122046 0.0115324 0.0106661 0.00963484 0.00848329
 1.01462e-16 3.16763e-05 0.000185908 0.000883707 0.0034023 0.0106097 0.0267994 0.0548356 0.0908979 0.122079 0.13286 0.117226 0.0839874 0.0491631 0.0241343 0.0110965 0.00661577 0.00663397 0.00864628 0.0115131 0.0147028 0.0178286 0.0205116 0.022404 0.023259 0.022988 0.0216814 0.0195797 0.0170096 0.0143057 0.0117424 0.00949605 0.00763907 0.00616116 0.00500256 0.00408673
 1.00818e-16 3.57186e-05 0.000209648 0.00099659 0.00383696 0.0119652 0.0302231 0.0618402 0.102505 0.137657 0.149786 0.132093 0.0944923 0.0550169 0.0264583 0.0112411 0.00544272 0.00445333 0.00545023 0.00720194 0.00922186 0.0112376 0.0130109 0.0143244 0.0150182 0.0150243 0.0143804 0.0132144 0.0117093 0.0100583 0.00842599 0.00692559 0.00561525 0.00450801 0.00358881 0.00283082
 1.00634e-16 3.46365e-05 0.000203292 0.000966365 0.00372057 0.0116023 0.0293064 0.0599647 0.0993978 0.133488 0.145258 0.128122 0.0917 0.0534883 0.0259047 0.0113167 0.00593636 0.00530311 0.00667701 0.00884328 0.0112894 0.0136934 0.0157589 0.0172154 0.0178693 0.0176474 0.0166133 0.0149471 0.0128976 0.0107234 0.00864119 0.00679591 0.00525527 0.0040237 0.00306582 0.00232967
 1.01242e-16 2.84484e-05 0.000166952 0.000793579 0.00305526 0.0095275 0.0240659 0.049243 0.0816297 0.109638 0.11934 0.105342 0.0755708 0.0444342 0.0221821 0.0108223 0.00730772 0.00802163 0.0107209 0.0143559 0.0183841 0.0223569 0.0258108 0.028311 0.0295397 0.0293682 0.0278844 0.0253609 0.022182 0.0187503 0.0154071 0.0123851 0.00979966 0.00767021 0.00595541 0.00458808
 1.02055e-16 2.92683e-05 0.000171771 0.000816503 0.00314354 0.00980282 0.0247612 0.0506653 0.0839855 0.112797 0.122762 0.108326 0.0776319 0.0454859 0.0224114 0.0104478 0.00643618 0.00664248 0.00876837 0.0117744 0.0151775 0.0186196 0.0217386 0.0241886 0.0257042 0.0261556 0.0255719 0.0241204 0.0220545 0.0196487 0.0171423 0.014707 0.012442 0.0103885 0.00855306 0.00692825
 1.02733e-16 2.66003e-05 0.000156103 0.000742006 0.0028567 0.00890828 0.0225018 0.0460426 0.0763248 0.102514 0.111587 0.0985037 0.0706771 0.0415808 0.0208035 0.010229 0.00701687 0.0077956 0.0104795 0.0140986 0.0181555 0.0222374 0.0259117 0.0287655 0.0304863 0.0309295 0.030144 0.0283456 0.0258514 0.0229981 0.020073 0.0172744 0.014707 0.0124021 0.0103492 0.00852414
 1.00923e-16 3.88024e-05 0.000227759 0.00108271 0.00416855 0.0129993 0.0328351 0.0671838 0.11136 0.149541 0.162698 0.143432 0.102501 0.0594731 0.0282138 0.0113212 0.00449817 0.00271225 0.00289673 0.00374963 0.0048199 0.00592598 0.00694282 0.00776105 0.00829724 0.00850953 0.00840431 0.00802986 0.00746041 0.00677616 0.00604637 0.00532005 0.00462504 0.003973 0.00336695 0.00280756
 1.00759e-16 3.11417e-05 0.000182767 0.000868771 0.00334478 0.0104304 0.0263464 0.0539089 0.0893626 0.120019 0.130626 0.115271 0.0826238 0.0484387 0.0239158 0.0112263 0.00700628 0.00727344 0.0095633 0.0127396 0.0162484 0.019664 0.0225616 0.0245507 0.0253544 0.0248753 0.0232187 0.0206611 0.0175786 0.0143589 0.0113239 0.00868491 0.00653497 0.00486999 0.00362494 0.00271002
 1.01833e-16 2.74139e-05 0.00016088 0.000764713 0.00294413 0.00918093 0.0231904 0.0474517 0.0786603 0.10565 0.114999 0.10151 0.0728223 0.0428191 0.021379 0.0104385 0.00706548 0.0077808 0.0104323 0.0140205 0.0180366 0.0220617 0.0256584 0.0284092 0.029998 0.0302782 0.0293001 0.0272849 0.0245602 0.0214778 0.018343 0.0153733 0.0126904 0.0103379 0.00831072 0.00658198
 1.01662e-16 3.40425e-05 0.000199808 0.000949808 0.00365683 0.0114035 0.0288043 0.0589372 0.0976937 0.131197 0.142759 0.125901 0.0900764 0.0524726 0.0252858 0.0108331 0.00538367 0.00455253 0.00565742 0.00753083 0.00971188 0.0119394 0.0139796 0.0156135 0.0166723 0.0170713 0.0168236 0.0160277 0.0148352 0.0134105 0.0118964 0.0103951 0.00896557 0.00763393 0.00640762 0.00528821
 1.01964e-16 2.67946e-05 0.000157241 0.000747406 0.00287748 0.00897308 0.0226655 0.0463779 0.0768814 0.103264 0.112411 0.0992477 0.0712474 0.0419893 0.0211419 0.0106138 0.0075528 0.00856555 0.0115419 0.0154799 0.0198365 0.0241409 0.0278993 0.0306474 0.0320466 0.0319605 0.0304837 0.0279072 0.0246382 0.0211008 0.0176503 0.0145241 0.0118342 0.00959172 0.00774726 0.00622864
 1.07274e-16 1.385e-06 8.03544e-06 3.80025e-05 0.000145986 0.000454947 0.00114983 0.00235765 0.00392695 0.00533094 0.00595188 0.00560876 0.00479834 0.00438341 0.00509224 0.00730971 0.0111858 0.0167757 0.0240394 0.0327448 0.0423858 0.0521842 0.0611903 0.0684593 0.0732493 0.075176 0.0742759 0.0709551 0.0658533 0.0596723 0.0530304 0.0463792 0.0399922 0.0340042 0.0284706 0.0234181
pSPR Fmed_Fpbrs
0.519898   0.35244 0.35244
Fs Fmed_Fpbrs
0.498058   1.005 1.005
SSBpbr Bo_Bmed_Bpbrs
1.00411e+06  471830  303683 303683
Ro
19148.9
SPR SPRFo_SPRFmed_SPRFpbrs
393276 204463 138606
log_Ro
9.68
likeval ReclasPelacesDesembMPH_pf_preclas_ppelaces_ptallas_desvR_qrecl_qpela
 94.1375 94.4618 0.123758 0.000552639 383.858 199.78 85.8677 0 59.3144 5.05037e-06 0 0 0 0 0
q_reclas_q_pelaces
0.727274 1
M
0.7
N
 4630.21 59034.8 28979 3807.79 0.126377
 6872.51 2265.9 26384.9 12951.8 1701.9
 919.602 3321.25 925.136 10772.6 5982.9
 5001.14 409.448 751.63 209.367 3791.93
 55528.8 2344.03 134.107 246.182 1310.55
 14482.3 27090.2 1024.48 58.6128 680.384
 55769.8 6477.34 6333.29 239.509 172.767
 71328.2 24981.4 1530.92 1496.87 97.4411
 87580 30300.4 4030.26 246.983 257.211
 225243 37638 5313.99 706.813 88.4239
 48790.7 103943 11022.4 1556.22 232.888
 20078.8 22514.8 30433 3227.21 523.824
 56223.4 9278.75 6660.12 9002.41 1109.59
 23182.6 24139.4 1616.16 1160.05 1761.29
 14707.2 9141.42 2278.19 152.527 275.706
 14733.9 5682.54 745.127 185.698 34.9058
 9858.21 6571.69 1302.35 170.771 50.5587
 9671.75 4502.88 1787.56 354.25 60.2037
 7223.86 4491.4 1379.78 547.746 126.997
 27360.6 3353.63 1373.28 421.877 206.308
 30160.1 12438 881.475 360.955 165.113
 28986.5 14590.4 5116.03 362.571 216.384
 61929.6 13933.8 5732.9 2010.21 227.485
 48184.7 29420.6 5029.34 2069.27 807.687
 900.532 22978 10913.8 1865.67 1067.23
pred_Ctot
 48.3952 4270.52 2096.31 275.452 0.00914198
 132.778 293.045 3412.31 1675.03 220.103
 68.806 1359.04 378.563 4408.11 2448.18
 202.644 102.663 188.459 52.4955 950.765
 702.582 203.567 11.6465 21.3796 113.814
 1040.81 10759.4 406.894 23.2793 270.228
 3952.61 2545.99 2489.36 94.1415 67.9078
 7482.11 12912 791.277 773.679 50.3639
 8547.23 14939.2 1987.06 121.771 126.814
 11502.6 11444.9 1615.86 214.926 26.8877
 2492.7 31617.7 3352.83 473.375 70.8405
 1006.49 6743.08 9114.54 966.532 156.883
 5520.91 4593.48 3297.12 4456.67 549.308
 3479.2 15378.2 1029.59 739.02 1122.05
 2381.46 6051.91 1508.23 100.978 182.526
 1085.53 2298.96 301.453 75.1269 14.1217
 571.269 2211.86 438.336 57.4771 17.0168
 452.798 1274.79 506.069 100.29 17.044
 339.671 1276.14 392.035 155.631 36.0836
 1672.34 1177.06 481.994 148.071 72.4101
 560.895 1552.6 110.032 45.057 20.6106
 668.154 2220.09 778.465 55.1694 32.9254
 1935.02 2787.71 1146.97 402.181 45.5127
 1378.74 5443.22 930.497 382.843 149.433
 32.6234 5232.92 2485.46 424.88 243.046
F
 0.0146278 0.105336 0.105336 0.105336 0.105336
 0.0271887 0.195788 0.195788 0.195788 0.195788
 0.10913 0.785851 0.785851 0.785851 0.785851
 0.0577931 0.416171 0.416171 0.416171 0.416171
 0.0177317 0.127687 0.127687 0.127687 0.127687
 0.104617 0.753351 0.753351 0.753351 0.753351
 0.103102 0.742444 0.742444 0.742444 0.742444
 0.15613 1.1243 1.1243 1.1243 1.1243
 0.144537 1.04082 1.04082 1.04082 1.04082
 0.0733341 0.528083 0.528083 0.528083 0.528083
 0.0733663 0.528315 0.528315 0.528315 0.528315
 0.0719389 0.518036 0.518036 0.518036 0.518036
 0.145489 1.04768 1.04768 1.04768 1.04768
 0.230586 1.66046 1.66046 1.66046 1.66046
 0.250938 1.80702 1.80702 1.80702 1.80702
 0.107377 0.77323 0.77323 0.77323 0.77323
 0.0835877 0.60192 0.60192 0.60192 0.60192
 0.0670449 0.482795 0.482795 0.482795 0.482795
 0.0673462 0.484964 0.484964 0.484964 0.484964
 0.0883483 0.636202 0.636202 0.636202 0.636202
 0.0261597 0.188377 0.188377 0.188377 0.188377
 0.0325146 0.234139 0.234139 0.234139 0.234139
 0.0443028 0.319027 0.319027 0.319027 0.319027
 0.0405037 0.291669 0.291669 0.291669 0.291669
 0.0515287 0.371062 0.371062 0.371062 0.371062
nmprior
 10.6 11 7 0
nm_flota  nm_reclas  nm_pelaces    nm_pelaL
inf 23.7465 18.5204 44.4574
cv_recla  cv_pelaces  cv_mph
0.877619 1.10205 0.762709
 ------------------------------------------------
Talla a la edad & desviación 
 7.2 14.2025 17.0495 18.207 18.6776
 1.08 2.13037 2.55742 2.73105 2.80164
