years
 1997 1998 1999 2000 2001 2002 2003 2004 2005 2006 2007 2008 2009 2010 2011 2012 2013 2014 2015 2016 2017 2018 2019 2020 2021
reclasobs
 0 0 0 370054 412103 1.49427e+06 250295 1.28982e+06 931140 785840 897777 1.04006e+06 184774 17550 25797 100020 73551 82996 120727 218422 84188 347160 605670 569463 516374
reclaspred
 864042 187063 401243 198121 315229 390812 847130 631663 711305 837463 785500 554957 336139 133903 74730.4 69551.6 79808.2 106708 117390 142693 219869 217553 362429 425748 421827
pelacesobs
 0 0 0 0 0 0 0 0 0 2.06254e+06 1.5e+06 0 1.87456e+06 323000 250000 174000 83755 137374 0 501740 490994 745055 786931 1.00524e+06 1.33801e+06
pelacespred
 2.8062e+06 787343 681009 670521 971164 880334 2.38468e+06 1.99849e+06 2.05903e+06 2.52848e+06 2.00367e+06 1.45895e+06 864313 268052 155014 158614 189847 267999 297791 347790 648407 618521 772898 1.08869e+06 1.05689e+06
mphobs
 0 0 0 0 0 112323 0 153150 637223 0 255016 313432 73983 77613 109348 50772 0 0 0 0 0 0 0 0 0
mphpred
 295287 143818 135828 93871 94131.9 172365 224002 314729 281299 316701 381407 265309 166509 89941.3 40025.1 30177.1 30605.5 38515.3 48238.2 51316.5 73492.4 94230.3 114395 156284 186579
desembarqueobs
 350755 77701 442110 56441 14545 235359 269955 359681 431902 328805 639364 411747 362871 311530 167758 66681 60226 58785 57116 73181 50977 67692 138656 160484 209506
desembarquepred
 350742 77682.8 441876 56438.3 14544.9 235393 269985 359466 431755 328701 638818 411470 362603 311313 167415 66649.8 60235.8 58748.4 57076.3 73153.5 50974.8 67662.6 138628 160460 209472
Reclutas
 30112 42232.4 12671.9 18374.7 43391.9 26802.2 65298.7 63989.5 82349.4 116503 66397.7 47947.6 51774.3 28100.4 13537.9 10961.2 8361.12 9703.93 9508.79 13700 19537.5 24011.2 37825.1 41186.5 12507.5
log_desv_Rt
 0.0926804 0.430942 -0.772859 -0.401269 0.458028 -0.0237593 0.866727 0.846474 1.09873 1.44567 0.883418 0.557865 0.634649 0.023538 -0.706753 -0.917879 -1.18865 -1.03971 -1.06003 -0.694851 -0.339909 -0.133724 0.320729 0.405865 -0.785918
SSB
 541414 263693 249042 172114 172592 316033 410712 577062 515765 580677 699316 486449 305296 164909 73386.7 55330.2 56115.7 70618.5 88445.5 94089.6 134750 172773 209746 286550 342096
BT
 1.47634e+06 392976 501248 299596 395341 467431 1.26529e+06 1.17406e+06 1.279e+06 1.35143e+06 1.31897e+06 925801 721550 405432 208917 119629 126300 155986 153303 194168 297974 269315 369547 526657 511178
Ftot
 0.57549 0.659931 1.29913 0.427576 0.0822863 0.751146 0.553449 0.87798 0.99594 0.662164 1.0822 1.01897 1.64591 2.92726 3.06853 1.37749 1.13496 0.853644 0.668595 0.777919 0.360357 0.436635 0.538376 0.542914 0.612898
BD_Bspro_t
 0.92633 0.653891 0.536497 0.286521 0.405173 0.609841 0.527213 0.571195 0.50276 0.485313 0.496959 0.340827 0.24651 0.165538 0.0908134 0.084714 0.117467 0.194178 0.280386 0.346743 0.461977 0.589534 0.595965 0.596458 0.572124
BD_Bspro
 0.960476 0.467795 0.441804 0.305332 0.306181 0.560647 0.728609 1.02371 0.914974 1.03013 1.2406 0.862966 0.5416 0.29255 0.130189 0.0981564 0.0995499 0.125278 0.156903 0.166916 0.239047 0.306501 0.372091 0.508343 0.606882
BD_Bo
 0.704372 0.343061 0.324 0.223918 0.22454 0.411155 0.534331 0.750749 0.671003 0.755453 0.9098 0.632862 0.397186 0.214544 0.0954751 0.0719837 0.0730057 0.0918737 0.115066 0.122409 0.175307 0.224775 0.272876 0.372797 0.445061
BD_Brms
 2.30816 1.12418 1.06172 0.733757 0.735796 1.34731 1.75095 2.46013 2.19881 2.47554 2.98133 2.07383 1.30154 0.70304 0.312862 0.235884 0.239232 0.301061 0.377061 0.401123 0.574464 0.736565 0.894188 1.22162 1.45842
S_f
 0.130348 1 1 1 1
 0.130348 1 1 1 1
 0.130348 1 1 1 1
 0.130348 1 1 1 1
 0.130348 1 1 1 1
 0.130348 1 1 1 1
 0.130348 1 1 1 1
 0.130348 1 1 1 1
 0.130348 1 1 1 1
 0.130348 1 1 1 1
 0.130348 1 1 1 1
 0.130348 1 1 1 1
 0.130348 1 1 1 1
 0.130348 1 1 1 1
 0.130348 1 1 1 1
 0.130348 1 1 1 1
 0.130348 1 1 1 1
 0.130348 1 1 1 1
 0.130348 1 1 1 1
 0.130348 1 1 1 1
 0.130348 1 1 1 1
 0.130348 1 1 1 1
 0.130348 1 1 1 1
 0.130348 1 1 1 1
 0.130348 1 1 1 1
Scru_reclas
 0.418552 0.783677 0.948003 0.989219 0.997839
 0.418552 0.783677 0.948003 0.989219 0.997839
 0.418552 0.783677 0.948003 0.989219 0.997839
 0.418552 0.783677 0.948003 0.989219 0.997839
 0.418552 0.783677 0.948003 0.989219 0.997839
 0.418552 0.783677 0.948003 0.989219 0.997839
 0.418552 0.783677 0.948003 0.989219 0.997839
 0.418552 0.783677 0.948003 0.989219 0.997839
 0.418552 0.783677 0.948003 0.989219 0.997839
 0.418552 0.783677 0.948003 0.989219 0.997839
 0.418552 0.783677 0.948003 0.989219 0.997839
 0.418552 0.783677 0.948003 0.989219 0.997839
 0.418552 0.783677 0.948003 0.989219 0.997839
 0.418552 0.783677 0.948003 0.989219 0.997839
 0.418552 0.783677 0.948003 0.989219 0.997839
 0.418552 0.783677 0.948003 0.989219 0.997839
 0.418552 0.783677 0.948003 0.989219 0.997839
 0.418552 0.783677 0.948003 0.989219 0.997839
 0.418552 0.783677 0.948003 0.989219 0.997839
 0.418552 0.783677 0.948003 0.989219 0.997839
 0.418552 0.783677 0.948003 0.989219 0.997839
 0.418552 0.783677 0.948003 0.989219 0.997839
 0.418552 0.783677 0.948003 0.989219 0.997839
 0.418552 0.783677 0.948003 0.989219 0.997839
 0.418552 0.783677 0.948003 0.989219 0.997839
Scru_pelaces
 0.50931 1 1 1 1
 0.50931 1 1 1 1
 0.50931 1 1 1 1
 0.50931 1 1 1 1
 0.50931 1 1 1 1
 0.50931 1 1 1 1
 0.50931 1 1 1 1
 0.50931 1 1 1 1
 0.50931 1 1 1 1
 0.50931 1 1 1 1
 0.50931 1 1 1 1
 0.50931 1 1 1 1
 0.50931 1 1 1 1
 0.50931 1 1 1 1
 0.50931 1 1 1 1
 0.50931 1 1 1 1
 0.50931 1 1 1 1
 0.50931 1 1 1 1
 0.50931 1 1 1 1
 0.50931 1 1 1 1
 0.50931 1 1 1 1
 0.50931 1 1 1 1
 0.50931 1 1 1 1
 0.50931 1 1 1 1
 0.50931 1 1 1 1
pf_obs 
 0.256992 0.487395 0.22802 0.0275931 0
 0.321318 0.546541 0.124235 0.00734118 0.000564706
 0.182869 0.594174 0.210203 0.0122559 0.00049798
 0.330522 0.361315 0.267642 0.0388342 0.00168674
 0.649043 0.306663 0.0425973 0.00169635 0
 0.582887 0.30429 0.105238 0.00758474 0
 0.465427 0.430635 0.0974691 0.00646863 0
 0.296916 0.608066 0.0921331 0.00288517 0
 0.311714 0.524322 0.152257 0.0117073 0
 0.15457 0.633149 0.183074 0.0267441 0.00246327
 0.131901 0.49318 0.331252 0.0422183 0.00144891
 0.196976 0.569456 0.194076 0.0375587 0.00193317
 0.518974 0.381816 0.0799577 0.0180837 0.00116848
 0.0928022 0.601141 0.25162 0.0475244 0.00691264
 0.122501 0.610282 0.24278 0.0234846 0.000952079
 0.383417 0.481906 0.127806 0.00687128 0
 0.0376549 0.599619 0.316969 0.0457579 0
 0.0361596 0.667082 0.258105 0.0386534 0
 0.158088 0.579412 0.248529 0.0139706 0
 0.0477256 0.309471 0.559284 0.082774 0.000745712
 0.0406174 0.521527 0.379366 0.0568643 0.0016247
 0.151134 0.462217 0.34131 0.0453401 0
 0.294876 0.26143 0.354403 0.0886775 0.000613685
 0.281977 0.475581 0.204845 0.0348837 0.00271318
 0.0354234 0.537034 0.353287 0.0723622 0.0018943
pf_pred 
 0.202382 0.551502 0.218869 0.0272395 7.54954e-06
 0.266539 0.530132 0.140589 0.0557944 0.00694584
 0.0954894 0.720146 0.133255 0.035339 0.0157706
 0.246094 0.466448 0.228866 0.0423492 0.0162429
 0.338402 0.500385 0.0997439 0.04894 0.0125292
 0.146687 0.685502 0.12692 0.0252996 0.0155914
 0.362634 0.420648 0.174099 0.0322343 0.0103852
 0.242745 0.645542 0.0737283 0.0305148 0.00747005
 0.298245 0.55795 0.12259 0.0140012 0.00721341
 0.312036 0.582012 0.0842403 0.0185088 0.00320301
 0.163968 0.693877 0.120262 0.0174068 0.00448637
 0.184004 0.593126 0.184974 0.0320596 0.00583629
 0.291324 0.529378 0.130327 0.0406443 0.00832684
 0.262624 0.653223 0.0628621 0.015476 0.00581518
 0.289131 0.667262 0.038631 0.0037176 0.00125914
 0.322531 0.643982 0.0314327 0.00181979 0.000234439
 0.23781 0.674183 0.0836564 0.00408326 0.000266854
 0.279447 0.586191 0.118848 0.0147473 0.000766857
 0.231024 0.632426 0.111087 0.0225225 0.00294004
 0.293505 0.540039 0.136898 0.0240465 0.00551175
 0.281206 0.593996 0.095395 0.0241824 0.0052213
 0.236933 0.596935 0.137288 0.0220483 0.00679597
 0.284735 0.534933 0.141071 0.0324447 0.00681664
 0.230112 0.61625 0.114903 0.0303018 0.00843327
 0.0742079 0.695428 0.184393 0.0343809 0.0115902
pobs_RECLAS
 0 0 0 0 0
 0 0 0 0 0
 0 0 0 0 0
 0 0 0 0 0
 0.835266 0.146461 0.0176864 0.000547809 3.91292e-05
 0.385257 0.428462 0.181853 0.0044286 0
 0.867414 0.0963971 0.0333333 0.00285562 0
 0.441836 0.489002 0.0689373 0.000224442 0
 0.779404 0.147425 0.0564933 0.0165055 0.000172143
 0.814271 0.122319 0.05973 0.00367925 0
 0.40263 0.566651 0.0304383 0.000280538 0
 0.475488 0.404961 0.113038 0.00651328 0
 0.955842 0.0263864 0.0167828 0.000988607 0
 0.975058 0.0227948 0.00214734 0 0
 0.738997 0.206755 0.0527124 0.00153531 0
 0.850938 0.134255 0.0134407 0.00136685 0
 0.542534 0.407297 0.0501686 0 0
 0.764087 0.199537 0.0359546 0.000420521 0
 0.470689 0.182191 0.310203 0.0369168 0
 0.84361 0.089868 0.0606195 0.00523954 0.000663233
 0.607945 0.314616 0.071237 0.00620181 0
 0.523733 0.453247 0.0230204 0 0
 0.530135 0.295979 0.169645 0.0042399 0
 0.562478 0.366248 0.0663022 0.0049721 0
 0.250443 0.683176 0.0655157 0.000865301 0
ppred_RECLAS
 0.504121 0.32149 0.15434 0.0200435 5.60357e-06
 0.595691 0.274977 0.088214 0.0365307 0.00458733
 0.32019 0.517491 0.115835 0.0320547 0.0144296
 0.559374 0.25143 0.149233 0.0288147 0.011148
 0.665893 0.239251 0.057691 0.0295372 0.00762772
 0.417357 0.448353 0.100419 0.0208872 0.0129843
 0.69296 0.188503 0.0943775 0.0182337 0.00592568
 0.577795 0.348193 0.0481063 0.020776 0.00513029
 0.645552 0.269763 0.0716992 0.00854489 0.0044407
 0.654033 0.28306 0.0495609 0.0113627 0.00198349
 0.461237 0.431162 0.0903983 0.0136531 0.00354957
 0.48858 0.350765 0.132328 0.0239322 0.0043947
 0.657267 0.242256 0.0721467 0.0234781 0.00485191
 0.69055 0.267308 0.0311181 0.00799401 0.00302997
 0.727482 0.252456 0.0176806 0.00177545 0.000606577
 0.689858 0.29174 0.0172257 0.00104064 0.000135231
 0.581317 0.361478 0.0542595 0.00276354 0.00018218
 0.621293 0.29617 0.0726384 0.00940525 0.000493333
 0.554955 0.352272 0.074852 0.0158358 0.00208518
 0.632816 0.266877 0.0818385 0.0150001 0.00346816
 0.612356 0.308424 0.0599187 0.0158496 0.00345197
 0.555681 0.331747 0.0922964 0.0154671 0.00480899
 0.61619 0.271859 0.086727 0.0208134 0.00441101
 0.549327 0.345331 0.07789 0.021434 0.00601725
 0.245771 0.537057 0.17226 0.0335152 0.0113968
pobs_PELACES
 0 0 0 0 0
 0 0 0 0 0
 0 0 0 0 0
 0 0 0 0 0
 0 0 0 0 0
 0 0 0 0 0
 0 0 0 0 0
 0 0 0 0 0
 0 0 0 0 0
 0 0 0 0 0
 0.450072 0.473896 0.0757376 0.000293798 0
 0 0 0 0 0
 0.463077 0.371075 0.160297 0.00555027 0
 0.529543 0.364841 0.0842815 0.0213345 0
 0.631943 0.363953 0.00410389 0 0
 0.735681 0.248677 0.0153453 0.000297389 0
 0.695825 0.281241 0.0229344 0 0
 0.275771 0.60734 0.115278 0.00161068 0
 0 0 0 0 0
 0.896147 0.0623911 0.0374545 0.00400742 0
 0.803859 0.145111 0.0509908 3.86294e-05 0
 0.739449 0.233085 0.0266225 0.000797448 4.60066e-05
 0.878498 0.100942 0.0204185 0.000141795 0
 0.694673 0.275183 0.0284847 0.00165964 0
 0.469039 0.446079 0.0841089 0.000773354 0
ppred_PELACES
 0.549467 0.311515 0.123628 0.0153862 4.26434e-06
 0.643428 0.257723 0.0683476 0.0271244 0.00337672
 0.405478 0.473342 0.087587 0.0232278 0.0103658
 0.597423 0.249078 0.122212 0.022614 0.00867349
 0.672705 0.247542 0.0493436 0.0242108 0.00619821
 0.469401 0.426252 0.0789205 0.0157316 0.00969488
 0.730593 0.177803 0.0735893 0.013625 0.00438969
 0.634441 0.311631 0.0355918 0.0147308 0.00360611
 0.707146 0.232842 0.0511588 0.00584292 0.00301027
 0.692702 0.259972 0.0376283 0.00826749 0.00143072
 0.535969 0.385129 0.0667503 0.00966143 0.00249011
 0.563975 0.316935 0.0988406 0.017131 0.00311861
 0.756069 0.182215 0.0448595 0.01399 0.00286616
 0.834862 0.146292 0.0140782 0.00346591 0.00130233
 0.861543 0.129964 0.00752421 0.000724084 0.000245244
 0.760923 0.22726 0.0110925 0.0006422 8.27332e-05
 0.652629 0.307262 0.0381268 0.00186096 0.00012162
 0.675239 0.264203 0.0535662 0.00664678 0.000345631
 0.599495 0.329386 0.0578573 0.0117304 0.00153126
 0.683621 0.241837 0.0613051 0.0107684 0.00246824
 0.634379 0.302141 0.0485235 0.0123006 0.00265586
 0.586154 0.323745 0.0744576 0.0119578 0.00368576
 0.653569 0.259089 0.0683263 0.0157143 0.00330157
 0.586594 0.330907 0.0616992 0.0162711 0.00452841
 0.281014 0.540082 0.143203 0.0267008 0.00900118
pobs_pel_tallas
 0 0 0 0 0 0 0 0 0 0 0 0 0 0 0 0 0 0 0 0 0 0 0 0 0 0 0 0 0 0 0 0 0 0 0 0
 0 0 0 0 0 0 0 0 0 0 0 0 0 0 0 0 0 0 0 0 0 0 0 0 0 0 0 0 0 0 0 0 0 0 0 0
 0 0 0 0 0 0 0 0 0 0 0 0 0 0 0 0 0 0 0 0 0 0 0 0 0 0 0 0 0 0 0 0 0 0 0 0
 0 0 0 0 0 0 0 0 0 0 0 0 0 0 0 0 0 0 0 0 0 0 0 0 0 0 0 0 0 0 0 0 0 0 0 0
 0 0 0 0 0 0 0 0 0 0 0 0 0 0 0 0 0 0 0 0 0 0 0 0 0 0 0 0 0 0 0 0 0 0 0 0
 0 0 0 0 0 0 0 0 0 0 0 0 0 0 0 0 0 0 0 0 0 0 0 0 0 0 0 0 0 0 0 0 0 0 0 0
 0 0 0 0 0 0 0 0 0 0 0 0 0 0 0 0 0 0 0 0 0 0 0 0 0 0 0 0 0 0 0 0 0 0 0 0
 0 0 0 0 0 0 0 0 0 0 0 0 0 0 0 0 0 0 0 0 0 0 0 0 0 0 0 0 0 0 0 0 0 0 0 0
 0 0 0 0 0 0 0 0 0 0 0 0 0 0 0 0 0 0 0 0 0 0 0 0 0 0 0 0 0 0 0 0 0 0 0 0
 0 0 0 0 0 0 0 0 0 0 0 0 0 0 0 0 0 0 0 0 0 0 0 0 0 0 0 0 0 0 0 0 0 0 0 0
 0 0 0 0 0 0 0 0 1.78061e-05 0.00172719 0.00360574 0.0105946 0.0120993 0.0124554 0.0147524 0.0171206 0.0266825 0.0428682 0.0675386 0.121331 0.153587 0.119568 0.100827 0.0573624 0.0630603 0.0341343 0.0324427 0.0444173 0.0211091 0.0280891 0.0125444 0.00206551 0 0 0 0
 0 0 0 0 0 0 0 0 0 0 0 0 0 0 0 0 0 0 0 0 0 0 0 0 0 0 0 0 0 0 0 0 0 0 0 0
 0 0 0 0 0 0 0.0133647 0.0140871 0.0187388 0.0205184 0.03894 0.0496705 0.03968 0.0493445 0.0407372 0.0367815 0.0215668 0.0243155 0.0234873 0.0199281 0.019796 0.0243948 0.0301388 0.0376714 0.0412746 0.0863199 0.0771752 0.113111 0.0741005 0.0525337 0.0229764 0.00759418 0.00175318 0 0 0
 0 0 0 0 0 0 0 0 0 0 0.00219441 0.00772107 0.0458388 0.0604681 0.0671733 0.0775358 0.0609151 0.0617685 0.073594 0.0568108 0.0755445 0.0548602 0.0670107 0.0636378 0.0643287 0.046367 0.0373049 0.0286899 0.0247887 0.0153202 0.00654259 0.00121912 0.000365735 0 0 0
 0 0 0 0 0 0 0 0 0 0 0 0 0.000112435 0.00938835 0.0111873 0.0202946 0.0414886 0.0713402 0.111592 0.104902 0.108894 0.110636 0.117776 0.105296 0.107544 0.0401394 0.0192827 0.0124803 0.00416011 0.0028671 0.000618394 0 0 0 0 0
 0 0 0 0 0 0 0 0 0 0 0.00291406 0.0102884 0.027416 0.0768956 0.0749926 0.110853 0.0956884 0.0897413 0.0766577 0.0534642 0.0500743 0.0551293 0.0594112 0.0620874 0.0668451 0.0424026 0.0208742 0.0120726 0.0048766 0.00582813 0.00118941 0.000297354 0 0 0 0
 0 0.00264628 0.0354308 0.0461629 0.0458689 0.0383711 0.0214643 0.0164657 0.0346957 0.0420465 0.0363128 0.0245516 0.0311673 0.0291091 0.0169068 0.0133784 0.00837989 0.0085269 0.0148486 0.0160247 0.0276389 0.0546898 0.0760071 0.122758 0.109233 0.0665981 0.0333725 0.0166128 0.00676272 0.00308733 0.000882094 0 0 0 0 0
 0 0 0 0 0 0 0 0.000805153 0.000690131 0.00759144 0.0133425 0.0154129 0.00931677 0.000345066 0.00356568 0.00563607 0.00851162 0.0253048 0.0502646 0.0516448 0.0657925 0.0565908 0.0611916 0.0827007 0.0866115 0.110766 0.145733 0.0935128 0.0569358 0.0249597 0.0138026 0.00621118 0.00161031 0.00115022 0 0
 0 0 0 0 0 0 0 0 0 0 0 0 0 0 0 0 0 0 0 0 0 0 0 0 0 0 0 0 0 0 0 0 0 0 0 0
 0.00147267 0.00158595 0.00478618 0.00569244 0.00954404 0.0108468 0.00647125 0.017049 0.0510054 0.094081 0.124002 0.0959785 0.0687766 0.0820023 0.061753 0.0591476 0.0492212 0.0479892 0.0443925 0.0268479 0.0217502 0.0140895 0.0121071 0.0120363 0.00920419 0.00665534 0.0049561 0.00860946 0.00930331 0.0156896 0.0114698 0.00855282 0.00243557 0.00046729 0 2.83206e-05
 0 0 0 0 0.000772559 0.00158375 0.000888443 0.00281984 0.00712685 0.0440552 0.0773331 0.111326 0.0921469 0.0852325 0.0710754 0.0886704 0.0786465 0.0553345 0.0373146 0.0185414 0.00753245 0.00457741 0.012979 0.0271748 0.0457355 0.0583668 0.034881 0.0177882 0.00938659 0.00492506 0.0015258 0.00185414 0.000309023 5.79419e-05 3.86279e-05 0
 0 0.00173294 0.00326652 0 0.00397197 0.00683976 0.00946217 0.0152591 0.00757587 0.0136028 0.0228656 0.0392903 0.0559909 0.0764795 0.0681675 0.0726916 0.0566044 0.0477403 0.0527397 0.0444891 0.0609904 0.0582453 0.0661739 0.0445044 0.0529084 0.0360697 0.0280645 0.0235558 0.0158879 0.00826598 0.00280645 0.00217768 0.000904811 0.00058276 9.20147e-05 0
 0 0 0 0 0 0 0 0 0 0 0 0 0 0 0 0 0 0 0 0 0 0 0 0 0 0 0 0 0 0 0 0 0 0 0 0
 0 0 0 0 0 0 0 0 0 0 0 0 0 0 0 0 0 0 0 0 0 0 0 0 0 0 0 0 0 0 0 0 0 0 0 0
 0 0 0 0 0 0 0 0 0 0 0 0 0 0 0 0 0 0 0 0 0 0 0 0 0 0 0 0 0 0 0 0 0 0 0 0
ppred_pel_tallas
 1.02386e-16 2.39849e-05 0.000140744 0.000668978 0.0025755 0.00803138 0.0202868 0.0415111 0.0688151 0.0924343 0.100633 0.0888759 0.0638609 0.0377557 0.0192336 0.010027 0.00760978 0.00896899 0.0122312 0.0164986 0.0212633 0.0260595 0.0303821 0.0337431 0.0357685 0.0362779 0.0353163 0.0331263 0.0300743 0.0265572 0.0229227 0.0194219 0.0162011 0.0133211 0.01079 0.00859198
 1.02145e-16 2.80797e-05 0.00016479 0.000783304 0.00301571 0.00940416 0.0237543 0.0486053 0.0805721 0.108216 0.117788 0.103961 0.0745582 0.0437943 0.0217808 0.0104931 0.00691835 0.00748551 0.00998717 0.0134039 0.0172279 0.0210525 0.0244586 0.0270493 0.0285281 0.0287634 0.0278134 0.0258994 0.0233411 0.0204764 0.0175923 0.0148857 0.0124582 0.0103351 0.00849682 0.00690761
 1.0268e-16 1.77127e-05 0.000103907 0.000493815 0.00190103 0.00592801 0.0149741 0.0306421 0.0508042 0.0682635 0.0743762 0.0658239 0.0475962 0.0287407 0.0157487 0.0100051 0.00974858 0.0128253 0.0178513 0.024058 0.0308435 0.0375311 0.0433609 0.0476098 0.0497487 0.0495634 0.0472002 0.0431124 0.0379368 0.0323384 0.0268773 0.021931 0.0176819 0.0141543 0.0112751 0.00893266
 1.02999e-16 2.60734e-05 0.000153012 0.000727311 0.00280013 0.00873187 0.0220561 0.0451307 0.0748129 0.100483 0.109374 0.0965448 0.0692607 0.0407261 0.0203373 0.00993874 0.0067458 0.00745682 0.0100356 0.013546 0.017521 0.0215794 0.0253188 0.0283475 0.0303579 0.0311893 0.0308532 0.0295132 0.0274296 0.0248889 0.0221447 0.0193834 0.0167198 0.0142129 0.0118893 0.0097643
 1.01903e-16 2.93559e-05 0.000172283 0.00081893 0.00315288 0.00983194 0.0248348 0.050816 0.084236 0.113135 0.123136 0.108667 0.077903 0.0456974 0.0226125 0.0107015 0.00680209 0.0071702 0.00949305 0.012709 0.0163025 0.0198748 0.0230223 0.0253663 0.0266285 0.0266926 0.0256274 0.0236597 0.0211103 0.0183143 0.0155529 0.0130149 0.0107912 0.00889486 0.00729276 0.00593562
 1.02253e-16 2.04981e-05 0.000120264 0.000571588 0.00220049 0.0068619 0.017333 0.0354681 0.058802 0.0789985 0.0860429 0.0760788 0.0548584 0.0328202 0.0174316 0.0102401 0.00915139 0.0116324 0.016076 0.0216387 0.0277315 0.033733 0.0389561 0.0427487 0.0446342 0.044421 0.0422424 0.0385095 0.0337992 0.0287142 0.0237627 0.0192877 0.0154557 0.0122889 0.00972058 0.00764796
 1.01776e-16 3.18773e-05 0.000187092 0.000889349 0.00342404 0.0106775 0.0269706 0.0551856 0.0914766 0.122852 0.13369 0.117931 0.0844346 0.0493081 0.0239896 0.0106709 0.00588087 0.00553016 0.00711054 0.00951191 0.012262 0.0150538 0.017593 0.0196005 0.020862 0.0212714 0.0208492 0.0197266 0.0181039 0.0161986 0.0142004 0.012246 0.0104152 0.00874209 0.00723426 0.00588866
 1.01282e-16 2.76899e-05 0.000162497 0.000772392 0.00297368 0.00927307 0.0234232 0.0479283 0.0794515 0.106716 0.116167 0.10256 0.0736182 0.0433716 0.0218097 0.010901 0.0076932 0.00867381 0.0116563 0.0155997 0.0199389 0.0241858 0.0278316 0.030402 0.0315565 0.0311681 0.0293514 0.0264262 0.0228332 0.0190281 0.0153914 0.0121756 0.00949556 0.00735445 0.00568594 0.00439594
 1.01144e-16 3.08571e-05 0.000181098 0.00086084 0.00331425 0.0103352 0.0261059 0.0534166 0.088546 0.118921 0.129426 0.114203 0.0818357 0.0479326 0.0235851 0.0109382 0.00665403 0.00678658 0.00890131 0.01189 0.0152315 0.0185395 0.0214293 0.0235414 0.0246122 0.0245327 0.023371 0.0213469 0.018772 0.0159739 0.0132309 0.0107338 0.00857877 0.00678435 0.00532058 0.00413675
 1.0097e-16 3.02283e-05 0.000177404 0.000843273 0.0032466 0.0101242 0.025573 0.0523266 0.0867401 0.116498 0.126797 0.1119 0.0802226 0.0470627 0.0232961 0.0110365 0.00702602 0.00740577 0.00978786 0.0130696 0.0167076 0.0202777 0.0233513 0.0255305 0.0265281 0.026234 0.0247396 0.0223074 0.0193021 0.0161028 0.0130283 0.0102927 0.00799712 0.00615057 0.00470373 0.003583
 1.01522e-16 2.33992e-05 0.000137299 0.000652585 0.00251236 0.00783446 0.0197895 0.0404941 0.0671313 0.0901793 0.0981958 0.0867651 0.062435 0.0370946 0.0192303 0.0105614 0.00864999 0.010569 0.014477 0.0194483 0.0248975 0.0302485 0.0348759 0.0381896 0.0397602 0.0394185 0.0372917 0.0337606 0.0293573 0.0246379 0.0200719 0.0159774 0.0125089 0.00968698 0.00744719 0.00568921
 1.02241e-16 2.46176e-05 0.000144459 0.000686636 0.00264349 0.0082434 0.0208224 0.0426069 0.0706314 0.0948736 0.103287 0.0912166 0.0655353 0.0387304 0.0197011 0.010222 0.00769518 0.00902262 0.0122757 0.0165284 0.0212564 0.025982 0.0301914 0.0333931 0.0352169 0.0354951 0.0342938 0.0318816 0.0286514 0.0250222 0.0213549 0.0179026 0.0148025 0.0120979 0.00977419 0.00779276
 1.01311e-16 3.29883e-05 0.000193614 0.000920356 0.00354342 0.0110498 0.027911 0.0571096 0.0946658 0.127134 0.138349 0.122038 0.0873675 0.051006 0.0247871 0.0109747 0.00597155 0.00553892 0.00707393 0.00942065 0.0120846 0.0147453 0.0170995 0.0188659 0.0198363 0.0199205 0.0191643 0.01773 0.0158501 0.0137696 0.0116967 0.00977377 0.0080733 0.0066115 0.00537067 0.00431999
 1.00428e-16 3.64225e-05 0.00021378 0.00101623 0.00391258 0.012201 0.0308188 0.063059 0.104526 0.14037 0.152739 0.134697 0.0963563 0.0561041 0.026984 0.0114678 0.00555379 0.0045382 0.00553755 0.00728889 0.00928735 0.0112463 0.0129158 0.0140716 0.0145548 0.0143079 0.0133883 0.0119505 0.0102064 0.00837477 0.00663846 0.00511851 0.00386979 0.00289269 0.00215328 0.00160331
 1.00186e-16 3.75852e-05 0.000220608 0.0010487 0.00403758 0.0125909 0.0318034 0.0650734 0.107864 0.144852 0.15761 0.13898 0.0993932 0.0578174 0.027705 0.0115966 0.00535269 0.0041114 0.00489529 0.00640806 0.00814621 0.00984105 0.0112674 0.0122262 0.012578 0.0122753 0.011374 0.0100177 0.00840107 0.00672457 0.00515511 0.00380273 0.00271607 0.001893 0.00129882 0.000884933
 1.00258e-16 3.32017e-05 0.000194863 0.000926284 0.00356623 0.0111209 0.0280907 0.0574777 0.095277 0.127959 0.139255 0.122859 0.0880025 0.0514715 0.0251888 0.0114477 0.00663956 0.00650257 0.00840621 0.0111561 0.0142018 0.0171511 0.0196242 0.0212752 0.0218615 0.0213013 0.0196944 0.0172942 0.0144434 0.0114949 0.00874218 0.00637827 0.00448811 0.00306683 0.00205201 0.0013564
 1.00712e-16 2.84828e-05 0.000167152 0.000794526 0.0030589 0.00953883 0.0240945 0.0493018 0.0817278 0.109772 0.119491 0.105487 0.0757014 0.0445639 0.0223442 0.0110608 0.00766993 0.00855311 0.0114591 0.0153201 0.0195644 0.0237048 0.027236 0.029688 0.0307238 0.0302188 0.0282892 0.0252563 0.021563 0.0176695 0.0139626 0.0107018 0.00800922 0.00589289 0.00428796 0.00309769
 1.01092e-16 2.9467e-05 0.000172934 0.000822022 0.00316478 0.00986904 0.0249285 0.0510079 0.0845546 0.113564 0.123606 0.109091 0.0782247 0.0459224 0.022791 0.0108973 0.00707222 0.00756017 0.0100367 0.0134256 0.0171905 0.0209049 0.0241339 0.0264702 0.0276162 0.0274511 0.0260563 0.0236868 0.0207016 0.0174779 0.0143357 0.0114939 0.00906208 0.00705973 0.00544939 0.00416891
 1.01404e-16 2.61669e-05 0.000153554 0.000729871 0.00280995 0.0087625 0.0221336 0.0452898 0.0750787 0.100846 0.109786 0.096948 0.0696359 0.0411187 0.0208498 0.0107068 0.00791781 0.00917752 0.0124242 0.0166636 0.0213334 0.0259268 0.0299069 0.0327686 0.0341443 0.0338882 0.0321073 0.0291249 0.0253933 0.0213852 0.0174996 0.0140066 0.0110377 0.00861045 0.00667134 0.00513671
 1.01435e-16 2.98317e-05 0.000175077 0.000832213 0.00320403 0.00999143 0.0252376 0.0516403 0.085602 0.114969 0.125129 0.110421 0.0791489 0.046405 0.0229194 0.0107748 0.00675342 0.00704792 0.00930795 0.0124584 0.0159833 0.0194889 0.0225775 0.0248752 0.0261048 0.0261475 0.0250657 0.0230781 0.0204985 0.017658 0.0148393 0.0122375 0.00995377 0.0080122 0.00638945 0.00504228
 1.01335e-16 2.76869e-05 0.00016248 0.000772313 0.00297337 0.00927213 0.0234208 0.0479234 0.079443 0.106704 0.116152 0.102543 0.0735956 0.0433386 0.0217571 0.0108163 0.00756202 0.00848138 0.0113907 0.0152557 0.0195228 0.0237181 0.0273478 0.0299496 0.0311881 0.0309317 0.0292816 0.0265368 0.0231143 0.0194487 0.0159056 0.0127309 0.0100423 0.0078523 0.00610811 0.00472992
 1.01746e-16 2.5585e-05 0.000150138 0.000713632 0.00274743 0.00856753 0.0216411 0.0442821 0.0734082 0.0986026 0.107345 0.0947945 0.0680941 0.0402186 0.020413 0.0105158 0.00782028 0.0090988 0.0123399 0.0165755 0.0212588 0.0258954 0.0299585 0.0329496 0.0345007 0.0344576 0.032911 0.0301616 0.0266374 0.0227888 0.0189988 0.0155305 0.0125171 0.00998653 0.00790056 0.00619339
 1.01749e-16 2.85219e-05 0.000167386 0.000795647 0.00306323 0.00955235 0.0241286 0.0493712 0.0818416 0.109921 0.119642 0.105596 0.0757263 0.0444713 0.0221005 0.0106183 0.00696196 0.00750193 0.00999386 0.013401 0.0172071 0.021 0.0243563 0.0268756 0.0282602 0.0283801 0.0272985 0.0252448 0.0225491 0.0195609 0.0165779 0.013806 0.011352 0.00924263 0.00745592 0.00594997
 1.01755e-16 2.56044e-05 0.000150251 0.00071417 0.0027495 0.00857399 0.0216574 0.0443155 0.0734638 0.0986778 0.107428 0.0948712 0.0681561 0.0402689 0.0204636 0.0105819 0.00791653 0.00923759 0.0125299 0.0168194 0.0215504 0.0262178 0.0302839 0.0332418 0.0347211 0.034572 0.0328969 0.0300136 0.0263683 0.0224276 0.018585 0.0151065 0.0121214 0.00964818 0.00763631 0.00600775
 1.03547e-16 1.22883e-05 7.20544e-05 0.000342371 0.00131791 0.00410955 0.0103809 0.0212446 0.0352299 0.047357 0.0516503 0.0458364 0.033416 0.0207227 0.0123405 0.00933013 0.0105726 0.014651 0.0206236 0.0278845 0.0358371 0.0437344 0.0507136 0.0559432 0.0588025 0.0590213 0.0567325 0.052416 0.0467627 0.0405034 0.0342619 0.0284695 0.0233504 0.0189609 0.0152544 0.0121417
pSPR Fmed_Fpbrs
0.416304   0.355166 0.355166
Fs Fmed_Fpbrs
0.767346   1.005 1.005
SSBpbr Bo_Bmed_Bpbrs
768648  281559  234566 234566
Ro
27446.7
SPR SPRFo_SPRFmed_SPRFpbrs
563694 234668 200205
log_Ro
10.04
likeval ReclasPelacesDesembMPH_pf_preclas_ppelaces_ptallas_desvR_qrecl_qpela
 68.2091 13.4517 0.0444133 0.000176061 321.03 187.769 79.1148 0 19.2832 5.90737e-06 0.000170754 0 0 0 0
q_reclas_q_pelaces
1.41116 6.41784
M
0.7
N
 30112 13172.3 5227.58 650.601 0.180317
 42232.4 13872.5 3678.96 1460.03 181.759
 12671.9 19243.4 3560.78 944.309 421.413
 18374.7 5312.41 2606.57 482.318 184.991
 43391.9 8629.98 1720.25 844.052 216.086
 26802.2 21317.9 3947 786.772 484.864
 65298.7 12068.2 4994.82 924.789 297.946
 63989.5 30169.5 3445.7 1426.11 349.113
 82349.4 28340 6226.72 711.162 366.391
 116503 35914.9 5198.32 1142.15 197.652
 66397.7 53069.8 9198.02 1331.32 343.131
 47947.6 28634.1 8929.95 1547.73 281.757
 51774.3 20848.6 5132.71 1600.71 327.938
 28100.4 20746 1996.46 491.508 184.687
 13537.9 9527.85 551.613 53.0838 17.9793
 10961.2 4506.47 219.96 12.7346 1.64056
 8361.12 4548.57 564.412 27.5489 1.80041
 9703.93 3581.04 726.042 90.0913 4.68473
 9508.79 4311.39 757.303 153.54 20.0429
 13700 4327.83 1097.09 192.706 44.1707
 19537.5 6147.18 987.23 250.26 54.0345
 24011.2 9256.85 2128.97 341.91 105.387
 37825.1 11263.9 2970.49 683.179 143.536
 41186.5 17510.4 3264.9 861.011 239.627
 12507.5 19055.2 5052.5 942.062 317.581
pred_Ctot
 1571.83 4283.33 1699.88 211.56 0.0586347
 2515.88 5003.96 1327.04 526.648 65.5624
 1433.56 10811.4 2000.53 530.536 236.76
 718.656 1362.15 668.345 123.67 47.4332
 333.129 492.588 98.1898 48.1774 12.3339
 1808 8449.19 1564.36 311.831 192.172
 3282.12 3807.19 1575.73 291.746 93.994
 5009.36 13321.6 1521.48 629.714 154.154
 7264.34 13590 2985.91 341.025 175.696
 6962.99 12987.4 1879.79 413.019 71.4742
 6333.69 26802.9 4645.46 672.383 173.298
 4321.82 13931.1 4344.62 753.006 137.081
 7278.92 13226.8 3256.31 1015.52 208.052
 6552.18 16297.2 1568.34 386.108 145.082
 3284.03 7578.96 438.782 42.2257 14.3017
 1309.09 2613.8 127.579 7.38617 0.951544
 833.982 2364.31 293.377 14.3197 0.935837
 739.622 1551.49 314.559 39.0322 2.02967
 573.617 1570.27 275.821 55.9216 7.29989
 955.648 1758.36 445.74 78.2951 17.9462
 646.479 1365.57 219.309 55.5942 12.0035
 958.506 2414.89 555.395 89.1959 27.4929
 1851.02 3477.52 917.083 210.918 44.314
 2031.98 5441.72 1014.63 267.576 74.4689
 693.847 6502.28 1724.08 321.463 108.369
F
 0.0750142 0.57549 0.57549 0.57549 0.57549
 0.0860209 0.659931 0.659931 0.659931 0.659931
 0.16934 1.29913 1.29913 1.29913 1.29913
 0.0557339 0.427576 0.427576 0.427576 0.427576
 0.0107259 0.0822863 0.0822863 0.0822863 0.0822863
 0.0979107 0.751146 0.751146 0.751146 0.751146
 0.0721412 0.553449 0.553449 0.553449 0.553449
 0.114443 0.87798 0.87798 0.87798 0.87798
 0.129819 0.99594 0.99594 0.99594 0.99594
 0.0863121 0.662164 0.662164 0.662164 0.662164
 0.141063 1.0822 1.0822 1.0822 1.0822
 0.132821 1.01897 1.01897 1.01897 1.01897
 0.214542 1.64591 1.64591 1.64591 1.64591
 0.381564 2.92726 2.92726 2.92726 2.92726
 0.399978 3.06853 3.06853 3.06853 3.06853
 0.179553 1.37749 1.37749 1.37749 1.37749
 0.14794 1.13496 1.13496 1.13496 1.13496
 0.111271 0.853644 0.853644 0.853644 0.853644
 0.0871504 0.668595 0.668595 0.668595 0.668595
 0.1014 0.777919 0.777919 0.777919 0.777919
 0.0469719 0.360357 0.360357 0.360357 0.360357
 0.0569147 0.436635 0.436635 0.436635 0.436635
 0.0701764 0.538376 0.538376 0.538376 0.538376
 0.070768 0.542914 0.542914 0.542914 0.542914
 0.0798903 0.612898 0.612898 0.612898 0.612898
nmprior
 10.6 11 7 0
nm_flota  nm_reclas  nm_pelaces    nm_pelaL
inf 27.4082 11.9997 25.2883
cv_recla  cv_pelaces  cv_mph
0.747044 0.415873 0.430497
 ------------------------------------------------
Talla a la edad & desviación 
 7.2 14.2025 17.0495 18.207 18.6776
 1.08 2.13037 2.55742 2.73105 2.80164
