years
 1997 1998 1999 2000 2001 2002 2003 2004 2005 2006 2007 2008 2009 2010 2011 2012 2013 2014 2015 2016 2017 2018 2019 2020 2021
reclasobs
 0 0 0 370054 412103 1.49427e+06 250295 1.28982e+06 931140 785840 897777 1.04006e+06 184774 17550 25797 100020 73551 82996 120727 218422 84188 347160 605670 569463 516374
reclaspred
 384333 109153 353253 260975 374835 447516 981043 643264 698612 612106 476167 318864 195373 92560.7 67147.7 70044.5 88897.7 122365 128938 185875 268055 244580 426737 543306 582882
pelacesobs
 0 0 0 0 0 0 0 0 0 2.06254e+06 1.5e+06 0 1.87456e+06 323000 250000 174000 83755 137374 0 501740 490994 745055 786931 1.00524e+06 1.33801e+06
pelacespred
 1.23044e+06 309533 615264 688649 841794 847478 2.08097e+06 1.73035e+06 1.64698e+06 1.46371e+06 1.02687e+06 707978 431957 172499 122927 136450 180357 250279 272748 381067 607882 543574 747601 1.13014e+06 1.25222e+06
mphobs
 0 0 0 0 0 112323 0 153150 637223 0 255016 313432 73983 77613 109348 50772 0 0 0 0 0 0 0 0 0
mphpred
 141013 90136.7 115221 149724 155151 237605 360667 421652 355107 348363 315100 220620 136075 72147 36051.8 31908.4 39241.4 54829.3 68271.8 78142.2 117308 138116 173343 248913 328674
desembarqueobs
 350755 77701 442110 56441 14545 235359 269955 359681 431902 328805 639364 411747 362871 311530 167758 66681 60226 58785 57116 73181 50977 67692 138656 160484 209506
desembarquepred
 350763 77702.6 442127 56442.4 14545.1 235393 269981 359696 431950 328842 639650 412036 363265 312038 167825 66694.6 60244.7 58787.4 57113.6 73181.4 50977.6 67688 138657 160487 209506
Reclutas
 58809.3 75515.6 47264.6 74871.8 127116 92837.6 145008 131198 152685 144313 68402 40566.9 42710.1 24061.8 19128.4 24375.8 20420.5 22947.9 25801.3 47206.3 58788.2 75405.7 123829 146857 56715.4
log_desv_Rt
 -0.017945 0.232094 -0.236483 0.223532 0.752855 0.438607 0.884547 0.78446 0.936135 0.879736 0.133157 -0.389293 -0.337809 -0.911618 -1.14107 -0.898654 -1.07571 -0.95902 -0.841818 -0.237718 -0.0183034 0.230639 0.72666 0.897215 -0.0541997
SSB
 755521 482934 617330 802191 831268 1.27304e+06 1.93238e+06 2.25912e+06 1.90259e+06 1.86646e+06 1.68824e+06 1.18204e+06 729062 386549 193158 170959 210248 293764 365787 418670 628511 739995 928737 1.33363e+06 1.76097e+06
BT
 2.4942e+06 685344 1.34393e+06 1.29279e+06 1.51818e+06 1.7032e+06 3.90923e+06 3.508e+06 3.34507e+06 2.94006e+06 2.422e+06 1.64962e+06 1.13195e+06 610705 363715 299640 372471 495140 537669 742166 1.12996e+06 1.03685e+06 1.434e+06 2.15522e+06 2.41252e+06
Ftot
 0.395154 0.311939 0.438265 0.081782 0.0164112 0.163559 0.101777 0.201957 0.229952 0.18977 0.404824 0.377345 0.595429 1.03616 0.939645 0.367365 0.261526 0.175953 0.149564 0.155953 0.0721079 0.0952282 0.113079 0.108245 0.107484
BD_Bspro_t
 0.952021 0.77706 0.746765 0.640724 0.756337 0.862049 0.836642 0.841887 0.79446 0.757908 0.719197 0.572295 0.459369 0.347455 0.231026 0.249397 0.369105 0.536551 0.643709 0.720894 0.80849 0.866435 0.871127 0.875386 0.875975
BD_Bspro
 0.614404 0.392731 0.502024 0.652356 0.676003 1.03526 1.57145 1.83716 1.54722 1.51784 1.37291 0.961256 0.592887 0.314349 0.15708 0.139027 0.170977 0.238894 0.297464 0.34047 0.511116 0.601777 0.755266 1.08453 1.43205
BD_Bo
 0.535944 0.342579 0.437915 0.569051 0.589677 0.903058 1.37078 1.60256 1.34964 1.32401 1.19759 0.838503 0.517175 0.274207 0.137021 0.121273 0.149143 0.208388 0.259478 0.296992 0.445847 0.52493 0.658818 0.946034 1.24918
BD_Brms
 1.8764 1.19941 1.53319 1.99231 2.06452 3.1617 4.79923 5.61072 4.72524 4.6355 4.19288 2.93569 1.81069 0.960027 0.479724 0.42459 0.522167 0.729587 0.908461 1.0398 1.56096 1.83784 2.30659 3.31217 4.37351
S_f
 0.19306 1 1 1 1
 0.19306 1 1 1 1
 0.19306 1 1 1 1
 0.19306 1 1 1 1
 0.19306 1 1 1 1
 0.19306 1 1 1 1
 0.19306 1 1 1 1
 0.19306 1 1 1 1
 0.19306 1 1 1 1
 0.19306 1 1 1 1
 0.19306 1 1 1 1
 0.19306 1 1 1 1
 0.19306 1 1 1 1
 0.19306 1 1 1 1
 0.19306 1 1 1 1
 0.19306 1 1 1 1
 0.19306 1 1 1 1
 0.19306 1 1 1 1
 0.19306 1 1 1 1
 0.19306 1 1 1 1
 0.19306 1 1 1 1
 0.19306 1 1 1 1
 0.19306 1 1 1 1
 0.19306 1 1 1 1
 0.19306 1 1 1 1
Scru_reclas
 1 1 1 1 1
 1 1 1 1 1
 1 1 1 1 1
 1 1 1 1 1
 1 1 1 1 1
 1 1 1 1 1
 1 1 1 1 1
 1 1 1 1 1
 1 1 1 1 1
 1 1 1 1 1
 1 1 1 1 1
 1 1 1 1 1
 1 1 1 1 1
 1 1 1 1 1
 1 1 1 1 1
 1 1 1 1 1
 1 1 1 1 1
 1 1 1 1 1
 1 1 1 1 1
 1 1 1 1 1
 1 1 1 1 1
 1 1 1 1 1
 1 1 1 1 1
 1 1 1 1 1
 1 1 1 1 1
Scru_pelaces
 1 1 1 1 1
 1 1 1 1 1
 1 1 1 1 1
 1 1 1 1 1
 1 1 1 1 1
 1 1 1 1 1
 1 1 1 1 1
 1 1 1 1 1
 1 1 1 1 1
 1 1 1 1 1
 1 1 1 1 1
 1 1 1 1 1
 1 1 1 1 1
 1 1 1 1 1
 1 1 1 1 1
 1 1 1 1 1
 1 1 1 1 1
 1 1 1 1 1
 1 1 1 1 1
 1 1 1 1 1
 1 1 1 1 1
 1 1 1 1 1
 1 1 1 1 1
 1 1 1 1 1
 1 1 1 1 1
pf_obs 
 0.256992 0.487395 0.22802 0.0275931 0
 0.321318 0.546541 0.124235 0.00734118 0.000564706
 0.182869 0.594174 0.210203 0.0122559 0.00049798
 0.330522 0.361315 0.267642 0.0388342 0.00168674
 0.649043 0.306663 0.0425973 0.00169635 0
 0.582887 0.30429 0.105238 0.00758474 0
 0.465427 0.430635 0.0974691 0.00646863 0
 0.296916 0.608066 0.0921331 0.00288517 0
 0.311714 0.524322 0.152257 0.0117073 0
 0.15457 0.633149 0.183074 0.0267441 0.00246327
 0.131901 0.49318 0.331252 0.0422183 0.00144891
 0.196976 0.569456 0.194076 0.0375587 0.00193317
 0.518974 0.381816 0.0799577 0.0180837 0.00116848
 0.0928022 0.601141 0.25162 0.0475244 0.00691264
 0.122501 0.610282 0.24278 0.0234846 0.000952079
 0.383417 0.481906 0.127806 0.00687128 0
 0.0376549 0.599619 0.316969 0.0457579 0
 0.0361596 0.667082 0.258105 0.0386534 0
 0.158088 0.579412 0.248529 0.0139706 0
 0.0477256 0.309471 0.559284 0.082774 0.000745712
 0.0406174 0.521527 0.379366 0.0568643 0.0016247
 0.151134 0.462217 0.34131 0.0453401 0
 0.294876 0.26143 0.354403 0.0886775 0.000613685
 0.281977 0.475581 0.204845 0.0348837 0.00271318
 0.0354234 0.537034 0.353287 0.0723622 0.0018943
pf_pred 
 0.356468 0.453651 0.169763 0.0201079 1.07879e-05
 0.317446 0.529122 0.10816 0.0404753 0.00479674
 0.180762 0.602663 0.167891 0.0343194 0.0143648
 0.287112 0.416165 0.218281 0.0608091 0.0176332
 0.315713 0.468076 0.126218 0.0662021 0.0237906
 0.175678 0.582411 0.165475 0.0446209 0.0318144
 0.260865 0.401551 0.238515 0.0677671 0.0313025
 0.20182 0.524322 0.148779 0.0883723 0.0367064
 0.231045 0.453374 0.207304 0.0588236 0.0494531
 0.206408 0.502859 0.171415 0.0783793 0.0409381
 0.115503 0.526318 0.22696 0.0773665 0.0538527
 0.113107 0.398725 0.290483 0.125263 0.072422
 0.191306 0.356206 0.203427 0.148203 0.100858
 0.17445 0.510936 0.138578 0.0791413 0.0968945
 0.247706 0.485286 0.165253 0.0448205 0.0569355
 0.329392 0.48899 0.117157 0.0398951 0.0245658
 0.223312 0.583361 0.140969 0.0337748 0.0185832
 0.234499 0.479845 0.214553 0.0518466 0.0192566
 0.231566 0.48588 0.177115 0.0791935 0.0262449
 0.326051 0.421635 0.159538 0.0581555 0.0346205
 0.271758 0.530925 0.123446 0.0467092 0.0271628
 0.258416 0.49415 0.180392 0.041943 0.0250994
 0.306579 0.45304 0.160176 0.058473 0.0217314
 0.257083 0.52511 0.142302 0.0503121 0.0251926
 0.0942017 0.59159 0.22209 0.0601852 0.0319339
pobs_RECLAS
 0 0 0 0 0
 0 0 0 0 0
 0 0 0 0 0
 0 0 0 0 0
 0.835266 0.146461 0.0176864 0.000547809 3.91292e-05
 0.385257 0.428462 0.181853 0.0044286 0
 0.867414 0.0963971 0.0333333 0.00285562 0
 0.441836 0.489002 0.0689373 0.000224442 0
 0.779404 0.147425 0.0564933 0.0165055 0.000172143
 0.814271 0.122319 0.05973 0.00367925 0
 0.40263 0.566651 0.0304383 0.000280538 0
 0.475488 0.404961 0.113038 0.00651328 0
 0.955842 0.0263864 0.0167828 0.000988607 0
 0.975058 0.0227948 0.00214734 0 0
 0.738997 0.206755 0.0527124 0.00153531 0
 0.850938 0.134255 0.0134407 0.00136685 0
 0.542534 0.407297 0.0501686 0 0
 0.764087 0.199537 0.0359546 0.000420521 0
 0.470689 0.182191 0.310203 0.0369168 0
 0.84361 0.089868 0.0606195 0.00523954 0.000663233
 0.607945 0.314616 0.071237 0.00620181 0
 0.523733 0.453247 0.0230204 0 0
 0.530135 0.295979 0.169645 0.0042399 0
 0.562478 0.366248 0.0663022 0.0049721 0
 0.250443 0.683176 0.0655157 0.000865301 0
ppred_RECLAS
 0.746215 0.178903 0.0669481 0.0079298 4.25434e-06
 0.710448 0.224463 0.0458836 0.0171703 0.00203486
 0.540276 0.33819 0.0942136 0.0192587 0.00806098
 0.67686 0.18864 0.0989429 0.0275637 0.0079928
 0.705159 0.201682 0.054384 0.0285247 0.0102508
 0.526856 0.334292 0.0949795 0.0256115 0.0182608
 0.647584 0.191458 0.113723 0.0323111 0.0149249
 0.569747 0.282632 0.0801982 0.0476365 0.0197863
 0.611858 0.228848 0.10464 0.0296921 0.0249622
 0.576471 0.268369 0.0914819 0.0418299 0.0218481
 0.409575 0.351331 0.151502 0.0516442 0.0359481
 0.403356 0.268236 0.195418 0.0842688 0.0487208
 0.560862 0.193428 0.110465 0.0804774 0.054768
 0.54473 0.281769 0.0764225 0.0436445 0.0534349
 0.648241 0.226911 0.0772691 0.0209573 0.026622
 0.722361 0.202447 0.0485044 0.016517 0.0101705
 0.601844 0.29905 0.0722653 0.0173141 0.00952635
 0.615644 0.240929 0.107726 0.026032 0.00966869
 0.611382 0.245723 0.0895722 0.0400504 0.0132728
 0.716443 0.177399 0.0671239 0.0244684 0.0145662
 0.659845 0.24799 0.0576603 0.0218174 0.0126875
 0.644588 0.236826 0.0864545 0.0201016 0.0120291
 0.697279 0.19778 0.0699268 0.0255271 0.0094871
 0.643155 0.252226 0.0683521 0.0241664 0.0121008
 0.35134 0.423649 0.159043 0.0430998 0.0228685
pobs_PELACES
 0 0 0 0 0
 0 0 0 0 0
 0 0 0 0 0
 0 0 0 0 0
 0 0 0 0 0
 0 0 0 0 0
 0 0 0 0 0
 0 0 0 0 0
 0 0 0 0 0
 0 0 0 0 0
 0.450072 0.473896 0.0757376 0.000293798 0
 0 0 0 0 0
 0.463077 0.371075 0.160297 0.00555027 0
 0.529543 0.364841 0.0842815 0.0213345 0
 0.631943 0.363953 0.00410389 0 0
 0.735681 0.248677 0.0153453 0.000297389 0
 0.695825 0.281241 0.0229344 0 0
 0.275771 0.60734 0.115278 0.00161068 0
 0 0 0 0 0
 0.896147 0.0623911 0.0374545 0.00400742 0
 0.803859 0.145111 0.0509908 3.86294e-05 0
 0.739449 0.233085 0.0266225 0.000797448 4.60066e-05
 0.878498 0.100942 0.0204185 0.000141795 0
 0.694673 0.275183 0.0284847 0.00165964 0
 0.469039 0.446079 0.0841089 0.000773354 0
ppred_PELACES
 0.765622 0.165222 0.0618287 0.00732341 3.92902e-06
 0.727233 0.211451 0.0432238 0.016175 0.00191691
 0.569095 0.31699 0.0883076 0.0180514 0.00755566
 0.681605 0.18587 0.0974901 0.027159 0.00787544
 0.706067 0.201061 0.0542166 0.0284369 0.0102192
 0.537699 0.326632 0.0928029 0.0250246 0.0178424
 0.653744 0.188111 0.111735 0.0317463 0.014664
 0.582877 0.274007 0.0777507 0.0461827 0.0191825
 0.626297 0.220335 0.100748 0.0285876 0.0240336
 0.588759 0.260583 0.0888277 0.0406163 0.0212142
 0.435875 0.335681 0.144754 0.0493437 0.0343468
 0.427755 0.257267 0.187427 0.0808228 0.0467284
 0.59946 0.176426 0.100756 0.0734037 0.0499541
 0.611903 0.240195 0.0651467 0.0372049 0.0455509
 0.702981 0.191599 0.0652446 0.0176959 0.0224791
 0.741548 0.188457 0.0451524 0.0153756 0.00946767
 0.618408 0.286609 0.0692589 0.0165938 0.00913004
 0.62667 0.234018 0.104636 0.0252853 0.00939134
 0.620801 0.239767 0.0874011 0.0390796 0.0129511
 0.724803 0.172169 0.0651449 0.0237469 0.0141368
 0.664141 0.244858 0.056932 0.0215418 0.0125272
 0.650376 0.23297 0.0850465 0.0197742 0.0118332
 0.703597 0.193652 0.0684674 0.0249943 0.0092891
 0.649742 0.24757 0.0670902 0.0237203 0.0118774
 0.35789 0.419371 0.157437 0.0426646 0.0226376
pobs_pel_tallas
 0 0 0 0 0 0 0 0 0 0 0 0 0 0 0 0 0 0 0 0 0 0 0 0 0 0 0 0 0 0 0 0 0 0 0 0
 0 0 0 0 0 0 0 0 0 0 0 0 0 0 0 0 0 0 0 0 0 0 0 0 0 0 0 0 0 0 0 0 0 0 0 0
 0 0 0 0 0 0 0 0 0 0 0 0 0 0 0 0 0 0 0 0 0 0 0 0 0 0 0 0 0 0 0 0 0 0 0 0
 0 0 0 0 0 0 0 0 0 0 0 0 0 0 0 0 0 0 0 0 0 0 0 0 0 0 0 0 0 0 0 0 0 0 0 0
 0 0 0 0 0 0 0 0 0 0 0 0 0 0 0 0 0 0 0 0 0 0 0 0 0 0 0 0 0 0 0 0 0 0 0 0
 0 0 0 0 0 0 0 0 0 0 0 0 0 0 0 0 0 0 0 0 0 0 0 0 0 0 0 0 0 0 0 0 0 0 0 0
 0 0 0 0 0 0 0 0 0 0 0 0 0 0 0 0 0 0 0 0 0 0 0 0 0 0 0 0 0 0 0 0 0 0 0 0
 0 0 0 0 0 0 0 0 0 0 0 0 0 0 0 0 0 0 0 0 0 0 0 0 0 0 0 0 0 0 0 0 0 0 0 0
 0 0 0 0 0 0 0 0 0 0 0 0 0 0 0 0 0 0 0 0 0 0 0 0 0 0 0 0 0 0 0 0 0 0 0 0
 0 0 0 0 0 0 0 0 0 0 0 0 0 0 0 0 0 0 0 0 0 0 0 0 0 0 0 0 0 0 0 0 0 0 0 0
 0 0 0 0 0 0 0 0 1.78061e-05 0.00172719 0.00360574 0.0105946 0.0120993 0.0124554 0.0147524 0.0171206 0.0266825 0.0428682 0.0675386 0.121331 0.153587 0.119568 0.100827 0.0573624 0.0630603 0.0341343 0.0324427 0.0444173 0.0211091 0.0280891 0.0125444 0.00206551 0 0 0 0
 0 0 0 0 0 0 0 0 0 0 0 0 0 0 0 0 0 0 0 0 0 0 0 0 0 0 0 0 0 0 0 0 0 0 0 0
 0 0 0 0 0 0 0.0133647 0.0140871 0.0187388 0.0205184 0.03894 0.0496705 0.03968 0.0493445 0.0407372 0.0367815 0.0215668 0.0243155 0.0234873 0.0199281 0.019796 0.0243948 0.0301388 0.0376714 0.0412746 0.0863199 0.0771752 0.113111 0.0741005 0.0525337 0.0229764 0.00759418 0.00175318 0 0 0
 0 0 0 0 0 0 0 0 0 0 0.00219441 0.00772107 0.0458388 0.0604681 0.0671733 0.0775358 0.0609151 0.0617685 0.073594 0.0568108 0.0755445 0.0548602 0.0670107 0.0636378 0.0643287 0.046367 0.0373049 0.0286899 0.0247887 0.0153202 0.00654259 0.00121912 0.000365735 0 0 0
 0 0 0 0 0 0 0 0 0 0 0 0 0.000112435 0.00938835 0.0111873 0.0202946 0.0414886 0.0713402 0.111592 0.104902 0.108894 0.110636 0.117776 0.105296 0.107544 0.0401394 0.0192827 0.0124803 0.00416011 0.0028671 0.000618394 0 0 0 0 0
 0 0 0 0 0 0 0 0 0 0 0.00291406 0.0102884 0.027416 0.0768956 0.0749926 0.110853 0.0956884 0.0897413 0.0766577 0.0534642 0.0500743 0.0551293 0.0594112 0.0620874 0.0668451 0.0424026 0.0208742 0.0120726 0.0048766 0.00582813 0.00118941 0.000297354 0 0 0 0
 0 0.00264628 0.0354308 0.0461629 0.0458689 0.0383711 0.0214643 0.0164657 0.0346957 0.0420465 0.0363128 0.0245516 0.0311673 0.0291091 0.0169068 0.0133784 0.00837989 0.0085269 0.0148486 0.0160247 0.0276389 0.0546898 0.0760071 0.122758 0.109233 0.0665981 0.0333725 0.0166128 0.00676272 0.00308733 0.000882094 0 0 0 0 0
 0 0 0 0 0 0 0 0.000805153 0.000690131 0.00759144 0.0133425 0.0154129 0.00931677 0.000345066 0.00356568 0.00563607 0.00851162 0.0253048 0.0502646 0.0516448 0.0657925 0.0565908 0.0611916 0.0827007 0.0866115 0.110766 0.145733 0.0935128 0.0569358 0.0249597 0.0138026 0.00621118 0.00161031 0.00115022 0 0
 0 0 0 0 0 0 0 0 0 0 0 0 0 0 0 0 0 0 0 0 0 0 0 0 0 0 0 0 0 0 0 0 0 0 0 0
 0.00147267 0.00158595 0.00478618 0.00569244 0.00954404 0.0108468 0.00647125 0.017049 0.0510054 0.094081 0.124002 0.0959785 0.0687766 0.0820023 0.061753 0.0591476 0.0492212 0.0479892 0.0443925 0.0268479 0.0217502 0.0140895 0.0121071 0.0120363 0.00920419 0.00665534 0.0049561 0.00860946 0.00930331 0.0156896 0.0114698 0.00855282 0.00243557 0.00046729 0 2.83206e-05
 0 0 0 0 0.000772559 0.00158375 0.000888443 0.00281984 0.00712685 0.0440552 0.0773331 0.111326 0.0921469 0.0852325 0.0710754 0.0886704 0.0786465 0.0553345 0.0373146 0.0185414 0.00753245 0.00457741 0.012979 0.0271748 0.0457355 0.0583668 0.034881 0.0177882 0.00938659 0.00492506 0.0015258 0.00185414 0.000309023 5.79419e-05 3.86279e-05 0
 0 0.00173294 0.00326652 0 0.00397197 0.00683976 0.00946217 0.0152591 0.00757587 0.0136028 0.0228656 0.0392903 0.0559909 0.0764795 0.0681675 0.0726916 0.0566044 0.0477403 0.0527397 0.0444891 0.0609904 0.0582453 0.0661739 0.0445044 0.0529084 0.0360697 0.0280645 0.0235558 0.0158879 0.00826598 0.00280645 0.00217768 0.000904811 0.00058276 9.20147e-05 0
 0 0 0 0 0 0 0 0 0 0 0 0 0 0 0 0 0 0 0 0 0 0 0 0 0 0 0 0 0 0 0 0 0 0 0 0
 0 0 0 0 0 0 0 0 0 0 0 0 0 0 0 0 0 0 0 0 0 0 0 0 0 0 0 0 0 0 0 0 0 0 0 0
 0 0 0 0 0 0 0 0 0 0 0 0 0 0 0 0 0 0 0 0 0 0 0 0 0 0 0 0 0 0 0 0 0 0 0 0
ppred_pel_tallas
 1.01184e-16 3.34042e-05 0.000196058 0.000931974 0.00358816 0.0111893 0.0282634 0.0578305 0.0958602 0.128737 0.140089 0.123562 0.088437 0.0515864 0.0249874 0.0109254 0.00575094 0.00516859 0.00654502 0.00872056 0.0112145 0.0137292 0.0159876 0.01773 0.0187592 0.018982 0.0184256 0.0172224 0.0155706 0.013684 0.0117491 0.0098998 0.0082128 0.00671812 0.00541666 0.00429638
 1.01328e-16 3.17321e-05 0.000186237 0.000885275 0.00340834 0.0106286 0.026847 0.0549329 0.0910586 0.122293 0.133089 0.117419 0.0841053 0.0491914 0.024073 0.0109436 0.00635833 0.00625053 0.00811629 0.010828 0.013876 0.0169024 0.0195578 0.0215173 0.0225423 0.0225339 0.0215525 0.0197948 0.0175394 0.0150776 0.0126556 0.0104403 0.00851366 0.00688945 0.00553983 0.00442088
 1.02331e-16 2.48409e-05 0.00014577 0.000692868 0.00266749 0.00831823 0.0210114 0.0429936 0.0712724 0.0957341 0.104223 0.092041 0.0661227 0.0390676 0.0198542 0.0102707 0.00769349 0.00899386 0.0122239 0.0164485 0.0211398 0.025819 0.029973 0.0331124 0.0348714 0.0350883 0.0338362 0.0313907 0.0281506 0.0245383 0.0209145 0.0175288 0.0145118 0.0118982 0.00966411 0.00776284
 1.02746e-16 2.97415e-05 0.000174553 0.000829733 0.0031945 0.00996172 0.0251625 0.0514862 0.0853451 0.114619 0.124737 0.110048 0.0788207 0.0460915 0.0225411 0.010227 0.00592485 0.0058326 0.00761918 0.0102504 0.013277 0.0163936 0.0192975 0.0216963 0.023358 0.0241567 0.0240919 0.0232738 0.0218826 0.0201187 0.0181594 0.0161359 0.0141306 0.0121894 0.0103395 0.00860296
 1.0229e-16 3.08087e-05 0.000180817 0.00085951 0.00330914 0.0103192 0.0260656 0.053334 0.0884082 0.118733 0.129215 0.114 0.0816547 0.047755 0.0233649 0.0106147 0.00616151 0.00606052 0.00788667 0.0105539 0.0135786 0.0166258 0.0193674 0.0214952 0.0227778 0.0231105 0.0225332 0.0212106 0.0193814 0.0172972 0.0151698 0.0131421 0.0112857 0.0096169 0.00812183 0.00677828
 1.03118e-16 2.34722e-05 0.000137733 0.000654661 0.00252038 0.00785947 0.0198526 0.0406228 0.067343 0.0904588 0.0984872 0.0869918 0.0625314 0.0370183 0.0189471 0.0100212 0.00777563 0.00926575 0.0126555 0.0170548 0.0219452 0.0268422 0.0312215 0.0345809 0.0365437 0.0369401 0.0358394 0.0335162 0.030369 0.0268193 0.023225 0.0198312 0.0167639 0.0140553 0.0116823 0.00960346
 1.03424e-16 2.85268e-05 0.000167421 0.000795826 0.00306394 0.0095546 0.0241342 0.0493821 0.0818578 0.109937 0.119645 0.105562 0.0756237 0.0442542 0.0217033 0.00995111 0.00591298 0.00594973 0.00783141 0.0105684 0.0137274 0.0170072 0.0201052 0.0227248 0.0246268 0.0256746 0.0258542 0.0252602 0.0240568 0.0224293 0.0205432 0.0185229 0.0164499 0.0143761 0.0123399 0.0103785
 1.03677e-16 2.544e-05 0.000149291 0.000709619 0.002732 0.00851942 0.0215195 0.044033 0.0729939 0.0980421 0.106724 0.0942215 0.0676282 0.0398347 0.0200186 0.00999035 0.00704299 0.00796003 0.0107503 0.0144828 0.0186706 0.0228998 0.0267336 0.0297538 0.0316443 0.032258 0.0316426 0.0300124 0.027681 0.0249788 0.0221825 0.0194782 0.016958 0.0146436 0.01252 0.0105652
 1.03608e-16 2.73312e-05 0.000160399 0.000762437 0.00293538 0.00915366 0.0231215 0.0473103 0.0784246 0.10533 0.11464 0.101169 0.0725252 0.0425391 0.0210448 0.00995635 0.00633497 0.00670507 0.00892933 0.0120415 0.0155885 0.0192272 0.0226046 0.0253786 0.027281 0.0281715 0.0280593 0.0270839 0.0254658 0.0234445 0.0212274 0.0189616 0.0167321 0.0145787 0.0125186 0.010566
 1.03733e-16 2.5696e-05 0.000150795 0.000716771 0.00275954 0.00860531 0.0217365 0.0444767 0.0737291 0.0990281 0.107794 0.0951574 0.0682814 0.0401821 0.0201244 0.00993066 0.00686104 0.00766345 0.0103285 0.0139248 0.0179771 0.0220906 0.0258495 0.0288541 0.0307981 0.0315331 0.0310932 0.0296696 0.0275483 0.0250337 0.0223833 0.0197733 0.017296 0.0149806 0.0128245 0.010819
 1.05465e-16 1.90327e-05 0.000111668 0.000530742 0.00204325 0.00637158 0.0160944 0.0329332 0.0545979 0.0733462 0.0798753 0.0705987 0.050849 0.0303068 0.0158909 0.00902272 0.00774775 0.00971718 0.0134645 0.0182622 0.0236487 0.0291548 0.034253 0.0384253 0.0412664 0.0425667 0.0423457 0.0408212 0.0383339 0.0352518 0.0318915 0.0284753 0.0251289 0.0219072 0.0188309 0.0159157
 1.07705e-16 1.86755e-05 0.000109578 0.000520822 0.00200509 0.00625257 0.0157937 0.0323174 0.0535751 0.0719665 0.0783577 0.0692216 0.0497795 0.0295146 0.0151945 0.00819037 0.00656414 0.00800445 0.0110903 0.0151596 0.0198478 0.0248113 0.0296585 0.0339885 0.0374623 0.039864 0.0411265 0.041316 0.0405842 0.0391106 0.0370572 0.0345473 0.0316714 0.0285067 0.0251388 0.0216728
 1.06345e-16 2.61591e-05 0.000153522 0.000729753 0.00280955 0.00876129 0.0221304 0.0452821 0.0750616 0.10081 0.109714 0.0968052 0.069361 0.0406112 0.0199585 0.00922464 0.00558882 0.00572387 0.00759644 0.0103117 0.013485 0.0168522 0.0201452 0.0230972 0.0254875 0.0271804 0.0281412 0.0284222 0.0281276 0.027372 0.0262489 0.0248185 0.0231146 0.0211627 0.0189997 0.016685
 1.0441e-16 2.67042e-05 0.000156716 0.000744927 0.00286795 0.0089434 0.0225904 0.0462238 0.0766243 0.102914 0.112016 0.0988657 0.0709017 0.0416422 0.0207034 0.0099643 0.00656165 0.00710375 0.00949897 0.0127895 0.0165081 0.0202864 0.0237448 0.0265213 0.0283422 0.0290791 0.028771 0.0275981 0.0258232 0.0237193 0.02151 0.0193383 0.0172676 0.0153037 0.0134274 0.0116205
 1.02648e-16 3.06738e-05 0.000180026 0.00085575 0.00329467 0.0102741 0.0259516 0.0531007 0.0880213 0.118213 0.128647 0.113495 0.081284 0.0475205 0.0232175 0.0104935 0.0060181 0.00586346 0.0076178 0.0102064 0.0131589 0.0161554 0.0188842 0.0210504 0.0224296 0.0229144 0.0225329 0.0214298 0.0198203 0.0179328 0.0159608 0.0140367 0.0122291 0.0105584 0.00901958 0.00760171
 1.01674e-16 3.23553e-05 0.000189898 0.000902685 0.00347538 0.0108377 0.0273751 0.0560132 0.0928486 0.124695 0.135697 0.119704 0.0857094 0.0500637 0.0243772 0.0108753 0.00603445 0.00570132 0.0073242 0.00976675 0.0125367 0.0153082 0.01777 0.0196325 0.0206813 0.0208235 0.0201055 0.018693 0.016823 0.0147443 0.0126667 0.010732 0.00901019 0.00751459 0.00622525 0.00511095
 1.02074e-16 2.69899e-05 0.000158389 0.000752868 0.00289851 0.00903869 0.0228312 0.0467168 0.0774426 0.104017 0.113226 0.0999567 0.0717342 0.0422318 0.0211824 0.0105013 0.00730937 0.00818531 0.011007 0.0147774 0.0189713 0.0231438 0.0268291 0.0295865 0.0310896 0.0311982 0.0299864 0.0277115 0.0247416 0.0214641 0.0182074 0.0151954 0.0125413 0.0102686 0.00834673 0.00672453
 1.0287e-16 2.73481e-05 0.000160496 0.000762898 0.00293715 0.00915917 0.0231354 0.047339 0.0784725 0.105395 0.114714 0.101242 0.0725934 0.0426112 0.02114 0.0101002 0.00655628 0.00703318 0.00939043 0.0126529 0.0163517 0.0201212 0.023583 0.0263709 0.0282001 0.0289247 0.028562 0.0272719 0.0253039 0.0229302 0.0203888 0.0178518 0.0154211 0.0131445 0.0110391 0.00911232
 1.03267e-16 2.70923e-05 0.000158995 0.000755758 0.00290966 0.00907344 0.0229189 0.0468959 0.0777383 0.10441 0.113643 0.100301 0.0719271 0.0422374 0.0209863 0.0100792 0.00661055 0.00713887 0.00954273 0.0128519 0.0165945 0.0203986 0.0238793 0.0266669 0.0284769 0.0291692 0.0287717 0.027457 0.0254862 0.0231387 0.0206533 0.0181957 0.015856 0.0136674 0.0116331 0.00974968
 1.02458e-16 3.16245e-05 0.000185609 0.000882299 0.00339689 0.0105929 0.0267568 0.054748 0.0907512 0.121877 0.132629 0.116993 0.0837576 0.0489029 0.0237741 0.0105441 0.005768 0.0053884 0.00691818 0.00925968 0.0119508 0.0146959 0.0172134 0.019237 0.0205618 0.0210864 0.0208293 0.0199128 0.0185225 0.0168574 0.0150875 0.0133308 0.0116517 0.0100741 0.00860104 0.00723104
 1.02214e-16 2.89823e-05 0.00017009 0.000808506 0.00311275 0.00970678 0.0245187 0.0501692 0.0831638 0.111695 0.121569 0.107286 0.0769145 0.0451218 0.022336 0.0105852 0.00674892 0.00713298 0.00945632 0.0126732 0.0162769 0.0198753 0.0230701 0.0254865 0.0268466 0.0270303 0.0260988 0.0242679 0.0218458 0.0191555 0.0164689 0.0139689 0.0117453 0.00981379 0.00814743 0.00670481
 1.02516e-16 2.83817e-05 0.000166565 0.000791749 0.00304823 0.00950559 0.0240105 0.0491293 0.0814399 0.10938 0.119048 0.105059 0.0753142 0.0441754 0.0218542 0.0103367 0.00656841 0.00693499 0.00920915 0.0123767 0.0159541 0.019571 0.0228489 0.0254263 0.0270269 0.027518 0.0269335 0.0254516 0.0233397 0.0208843 0.0183324 0.0158576 0.0135558 0.0114619 0.00957593 0.00788584
 1.02328e-16 3.07007e-05 0.000180184 0.000856501 0.00329756 0.0102831 0.0259744 0.0531473 0.0880985 0.118317 0.128761 0.113596 0.0813592 0.0475695 0.0232511 0.0105249 0.00605877 0.00592201 0.00770077 0.0103185 0.0133021 0.0163282 0.0190804 0.0212589 0.0226347 0.0230974 0.0226737 0.0215092 0.0198221 0.0178457 0.0157798 0.0137636 0.0118727 0.0101339 0.00854684 0.00710357
 1.02404e-16 2.83546e-05 0.000166405 0.000790984 0.00304528 0.00949639 0.0239872 0.0490818 0.0813616 0.109276 0.118938 0.104969 0.0752655 0.0441783 0.0219137 0.0104605 0.00677135 0.00723656 0.00962739 0.0129204 0.0166153 0.0203197 0.0236318 0.0261712 0.0276533 0.0279506 0.0271168 0.0253609 0.0229854 0.0203092 0.0176025 0.0150493 0.0127432 0.0107063 0.00891968 0.00735076
 1.04896e-16 1.56356e-05 9.1717e-05 0.000435874 0.00167796 0.00523239 0.013217 0.0270465 0.0448431 0.0602551 0.0656539 0.0581123 0.0420371 0.025419 0.0139948 0.00899768 0.0088884 0.0117853 0.0164901 0.0223499 0.0288573 0.0354336 0.0414146 0.046152 0.0491473 0.0501575 0.0492373 0.046699 0.0430141 0.0386889 0.0341596 0.0297327 0.0255785 0.0217611 0.0182855 0.0151374
pSPR Fmed_Fpbrs
0.723991   0.335624 0.335624
Fs Fmed_Fpbrs
0.2   1.005 1.005
SSBpbr Bo_Bmed_Bpbrs
1.4097e+06  950126  402644 402644
Ro
59874.1
SPR SPRFo_SPRFmed_SPRFpbrs
1.22968e+06 890279 412711
log_Ro
10.82
likeval ReclasPelacesDesembMPH_pf_preclas_ppelaces_ptallas_desvR_qrecl_qpela
 63.9441 25.3431 0.0244754 0.000196027 317.604 200.451 78.1993 0 15.8652 9.13559e-05 0 0 0 0 0
q_reclas_q_pelaces
0.258099 1
M
0.7
N
 58809.3 16536.4 6188.16 732.968 0.393238
 75515.6 27058.8 5531.22 2069.86 245.301
 47264.6 35308.2 9836.23 2010.67 841.594
 74871.8 21566.7 11311.9 3151.28 913.794
 127116 36597.8 9868.7 5176.19 1860.14
 92837.6 62924.3 17878.1 4820.88 3437.26
 145008 44668.8 26532.6 7538.46 3482.12
 131198 70608 20035.3 11900.7 4943.07
 152685 62659.5 28650.9 8129.84 6834.77
 144313 72528.9 24723.7 11304.9 5904.62
 68402 69085.5 29791.3 10155.3 7068.81
 40566.9 31413.8 22885.9 9868.93 5705.81
 42710.1 18729.5 10696.3 7792.6 5303.17
 24061.8 18906.1 5127.78 2928.45 3585.37
 19128.4 9782.42 3331.17 903.495 1147.71
 24375.8 7922.97 1898.27 646.41 398.034
 20420.5 11275.9 2724.82 652.839 359.198
 22947.9 9641.22 4310.88 1041.72 386.911
 25801.3 11015 4015.23 1795.33 594.976
 47206.3 12447.9 4710.02 1716.92 1022.1
 58788.2 22746.7 5288.84 2001.18 1163.75
 75405.7 28789.8 10509.8 2443.65 1462.32
 123829 36763.2 12998 4744.96 1763.46
 146857 60164 16304.2 5764.47 2886.42
 56715.4 71418.8 26811.5 7265.78 3855.18
pred_Ctot
 3120.22 3970.88 1485.96 176.008 0.0944282
 3185.12 5309 1085.24 406.113 48.1286
 2771.22 9239.29 2573.9 526.143 220.224
 844.245 1223.72 641.85 178.808 51.8499
 289.236 428.822 115.633 60.6502 21.7955
 2079.09 6892.63 1958.34 528.073 376.513
 2031.41 3126.95 1857.36 527.715 243.759
 3616.14 9394.59 2665.76 1583.42 657.69
 4780.4 9380.48 4289.21 1217.08 1023.2
 3741.45 9115.07 3107.15 1420.74 742.064
 3714.97 16928.2 7299.84 2488.38 1732.09
 2058.43 7256.38 5286.5 2279.66 1318.01
 3357.68 6251.89 3570.42 2601.16 1770.19
 3173.7 9295.26 2521.1 1439.79 1762.76
 2306.26 4518.24 1538.58 417.3 530.096
 1205.17 1789.1 428.65 145.967 89.8806
 725.188 1894.42 457.786 109.681 60.3475
 552.276 1130.1 505.299 122.105 45.3518
 529.003 1109.97 404.612 180.914 59.9553
 1008.67 1304.37 493.544 179.909 107.102
 584.956 1142.81 265.715 100.541 58.4676
 988.93 1891.06 690.34 160.511 96.0527
 1925.49 2845.35 1006 367.243 136.485
 2186.84 4466.77 1210.47 427.972 214.297
 838.659 5266.81 1977.22 535.817 284.301
F
 0.0762883 0.395154 0.395154 0.395154 0.395154
 0.0602229 0.311939 0.311939 0.311939 0.311939
 0.0846113 0.438265 0.438265 0.438265 0.438265
 0.0157888 0.081782 0.081782 0.081782 0.081782
 0.00316835 0.0164112 0.0164112 0.0164112 0.0164112
 0.0315767 0.163559 0.163559 0.163559 0.163559
 0.0196491 0.101777 0.101777 0.101777 0.101777
 0.0389898 0.201957 0.201957 0.201957 0.201957
 0.0443945 0.229952 0.229952 0.229952 0.229952
 0.036637 0.18977 0.18977 0.18977 0.18977
 0.0781552 0.404824 0.404824 0.404824 0.404824
 0.0728503 0.377345 0.377345 0.377345 0.377345
 0.114953 0.595429 0.595429 0.595429 0.595429
 0.200041 1.03616 1.03616 1.03616 1.03616
 0.181408 0.939645 0.939645 0.939645 0.939645
 0.0709235 0.367365 0.367365 0.367365 0.367365
 0.0504902 0.261526 0.261526 0.261526 0.261526
 0.0339695 0.175953 0.175953 0.175953 0.175953
 0.0288747 0.149564 0.149564 0.149564 0.149564
 0.0301082 0.155953 0.155953 0.155953 0.155953
 0.0139211 0.0721079 0.0721079 0.0721079 0.0721079
 0.0183847 0.0952282 0.0952282 0.0952282 0.0952282
 0.021831 0.113079 0.113079 0.113079 0.113079
 0.0208977 0.108245 0.108245 0.108245 0.108245
 0.0207508 0.107484 0.107484 0.107484 0.107484
nmprior
 10.6 11 7 0
nm_flota  nm_reclas  nm_pelaces    nm_pelaL
inf 13.1576 21.1204 52.7367
cv_recla  cv_pelaces  cv_mph
0.723311 0.570824 0.454251
 ------------------------------------------------
Talla a la edad & desviación 
 7.2 14.2025 17.0495 18.207 18.6776
 1.08 2.13037 2.55742 2.73105 2.80164
