years
 1997 1998 1999 2000 2001 2002 2003 2004 2005 2006 2007 2008 2009 2010 2011 2012 2013 2014 2015 2016 2017 2018 2019 2020 2021
reclasobs
 0 0 0 370054 412103 1.49427e+06 250295 1.28982e+06 931140 785840 897777 1.04006e+06 184774 17550 25797 100020 73551 82996 120727 218422 84188 347160 605670 569463 516374
reclaspred
 1.78002e+06 534948 1.90104e+06 1.21386e+06 1.25013e+06 1.50161e+06 2.85947e+06 1.80615e+06 1.81705e+06 1.53085e+06 1.22474e+06 817748 474996 222416 159651 175458 236719 364390 429676 580398 864660 866675 1.55036e+06 2.0889e+06 3.23577e+06
pelacesobs
 0 0 0 0 0 0 0 0 0 2.06254e+06 1.5e+06 0 1.87456e+06 323000 250000 174000 83755 137374 0 501740 490994 745055 786931 1.00524e+06 1.33801e+06
pelacespred
 1.32266e+06 535950 735821 896129 785172 783805 1.44253e+06 1.30732e+06 1.0854e+06 955835 659096 449260 254539 97103.7 70266.9 87500.4 123539 191786 239361 312229 503911 527454 714438 1.14403e+06 1.80123e+06
mphobs
 0 0 0 0 0 112323 0 153150 637223 0 255016 313432 73983 77613 109348 50772 0 0 0 0 0 0 0 0 0
mphpred
 1.15265e+06 877857 1.02686e+06 1.33713e+06 1.08326e+06 1.2935e+06 1.83597e+06 2.06334e+06 1.64297e+06 1.50461e+06 1.278e+06 865463 533387 280541 142588 139090 177449 270731 364135 437534 650331 799961 1.03603e+06 1.5613e+06 2.4278e+06
desembarqueobs
 350755 77701 442110 56441 14545 235359 269955 359681 431902 328805 639364 411747 362871 311530 167758 66681 60226 58785 57116 73181 50977 67692 138656 160484 209506
desembarquepred
 350803 77720.5 442382 56449.2 14545.5 235486 270035 359859 432171 328998 640431 412497 363693 312480 167966 66726.2 60267.1 58804.3 57128.3 73197.8 50982.8 67699.1 138679 160505 209520
Reclutas
 112212 101789 64053.8 70293.9 103012 89448.1 132440 112213 123055 111881 69480.9 44925.5 44677.6 29714.2 22234.4 22713.3 21256.2 25199 28869.3 47087.7 67413.2 85512.3 146055 212598 204882
log_desv_Rt
 0.508146 0.41066 -0.0525211 0.0404406 0.422601 0.281414 0.673886 0.508157 0.600383 0.505195 0.0288077 -0.407239 -0.412773 -0.82062 -1.1106 -1.0893 -1.1556 -0.985442 -0.849466 -0.360233 -0.00140435 0.236415 0.771736 1.14716 1.11019
SSB
 1.15265e+06 877857 1.02686e+06 1.33713e+06 1.08326e+06 1.2935e+06 1.83597e+06 2.06334e+06 1.64297e+06 1.50461e+06 1.278e+06 865463 533387 280541 142588 139090 177449 270731 364135 437534 650331 799961 1.03603e+06 1.5613e+06 2.4278e+06
BT
 4.38766e+06 1.16347e+06 2.01316e+06 1.86714e+06 1.68878e+06 1.71552e+06 3.64933e+06 3.14972e+06 2.82469e+06 2.35157e+06 1.96179e+06 1.31695e+06 915095 506869 317845 255414 339202 483373 548715 760893 1.21473e+06 1.12873e+06 1.61937e+06 2.69138e+06 4.22147e+06
Ftot
 0.191238 0.141277 0.224934 0.0454544 0.0113943 0.152276 0.0920751 0.193054 0.229931 0.208021 0.494763 0.477871 0.711239 1.23196 0.959947 0.364517 0.246046 0.156772 0.129333 0.122764 0.0576049 0.0762236 0.0872322 0.074997 0.0632364
BD_Bspro_t
 0.975045 0.861154 0.825021 0.739118 0.793124 0.860098 0.827011 0.827672 0.766912 0.711385 0.654237 0.488786 0.376786 0.268841 0.170687 0.193313 0.300307 0.477007 0.608268 0.703626 0.795229 0.862915 0.873841 0.883337 0.899538
BD_Bspro
 0.831362 0.633163 0.740633 0.96442 0.781313 0.932952 1.32421 1.4882 1.18501 1.08522 0.921767 0.624223 0.384711 0.202343 0.102843 0.10032 0.127987 0.195267 0.262636 0.315576 0.469058 0.57698 0.747249 1.1261 1.75107
BD_Bo
 0.783859 0.596985 0.698315 0.909315 0.73667 0.879644 1.24855 1.40317 1.1173 1.02321 0.869098 0.588556 0.362729 0.190782 0.0969667 0.0945878 0.120674 0.18411 0.247629 0.297544 0.442257 0.544012 0.704552 1.06176 1.65102
BD_Brms
 3.81251 2.9036 3.39644 4.42269 3.58299 4.27838 6.07263 6.82468 5.43429 4.97664 4.22709 2.8626 1.76423 0.927917 0.471623 0.460053 0.586931 0.895467 1.20441 1.44719 2.15103 2.64595 3.42678 5.16414 8.03017
S_f
 0.5 1 1 1 1
 0.5 1 1 1 1
 0.5 1 1 1 1
 0.5 1 1 1 1
 0.5 1 1 1 1
 0.5 1 1 1 1
 0.5 1 1 1 1
 0.5 1 1 1 1
 0.5 1 1 1 1
 0.5 1 1 1 1
 0.5 1 1 1 1
 0.5 1 1 1 1
 0.5 1 1 1 1
 0.5 1 1 1 1
 0.5 1 1 1 1
 0.5 1 1 1 1
 0.5 1 1 1 1
 0.5 1 1 1 1
 0.5 1 1 1 1
 0.5 1 1 1 1
 0.5 1 1 1 1
 0.5 1 1 1 1
 0.5 1 1 1 1
 0.5 1 1 1 1
 0.5 1 1 1 1
Scru_reclas
 0.5 1 1 1 1
 0.5 1 1 1 1
 0.5 1 1 1 1
 0.5 1 1 1 1
 0.5 1 1 1 1
 0.5 1 1 1 1
 0.5 1 1 1 1
 0.5 1 1 1 1
 0.5 1 1 1 1
 0.5 1 1 1 1
 0.5 1 1 1 1
 0.5 1 1 1 1
 0.5 1 1 1 1
 0.5 1 1 1 1
 0.5 1 1 1 1
 0.5 1 1 1 1
 0.5 1 1 1 1
 0.5 1 1 1 1
 0.5 1 1 1 1
 0.5 1 1 1 1
 0.5 1 1 1 1
 0.5 1 1 1 1
 0.5 1 1 1 1
 0.5 1 1 1 1
 0.5 1 1 1 1
Scru_pelaces
 0.5 1 1 1 1
 0.5 1 1 1 1
 0.5 1 1 1 1
 0.5 1 1 1 1
 0.5 1 1 1 1
 0.5 1 1 1 1
 0.5 1 1 1 1
 0.5 1 1 1 1
 0.5 1 1 1 1
 0.5 1 1 1 1
 0.5 1 1 1 1
 0.5 1 1 1 1
 0.5 1 1 1 1
 0.5 1 1 1 1
 0.5 1 1 1 1
 0.5 1 1 1 1
 0.5 1 1 1 1
 0.5 1 1 1 1
 0.5 1 1 1 1
 0.5 1 1 1 1
 0.5 1 1 1 1
 0.5 1 1 1 1
 0.5 1 1 1 1
 0.5 1 1 1 1
 0.5 1 1 1 1
pf_obs 
 0.256992 0.487395 0.22802 0.0275931 0
 0.321318 0.546541 0.124235 0.00734118 0.000564706
 0.182869 0.594174 0.210203 0.0122559 0.00049798
 0.330522 0.361315 0.267642 0.0388342 0.00168674
 0.649043 0.306663 0.0425973 0.00169635 0
 0.582887 0.30429 0.105238 0.00758474 0
 0.465427 0.430635 0.0974691 0.00646863 0
 0.296916 0.608066 0.0921331 0.00288517 0
 0.311714 0.524322 0.152257 0.0117073 0
 0.15457 0.633149 0.183074 0.0267441 0.00246327
 0.131901 0.49318 0.331252 0.0422183 0.00144891
 0.196976 0.569456 0.194076 0.0375587 0.00193317
 0.518974 0.381816 0.0799577 0.0180837 0.00116848
 0.0928022 0.601141 0.25162 0.0475244 0.00691264
 0.122501 0.610282 0.24278 0.0234846 0.000952079
 0.383417 0.481906 0.127806 0.00687128 0
 0.0376549 0.599619 0.316969 0.0457579 0
 0.0361596 0.667082 0.258105 0.0386534 0
 0.158088 0.579412 0.248529 0.0139706 0
 0.0477256 0.309471 0.559284 0.082774 0.000745712
 0.0406174 0.521527 0.379366 0.0568643 0.0016247
 0.151134 0.462217 0.34131 0.0453401 0
 0.294876 0.26143 0.354403 0.0886775 0.000613685
 0.281977 0.475581 0.204845 0.0348837 0.00271318
 0.0354234 0.537034 0.353287 0.0723622 0.0018943
pf_pred 
 0.649551 0.250939 0.0893234 0.010182 4.92617e-06
 0.452173 0.436354 0.0798208 0.0284127 0.00324034
 0.31084 0.435622 0.201947 0.0369415 0.0146492
 0.379787 0.304096 0.19982 0.0926331 0.0236647
 0.455874 0.301256 0.119081 0.0782477 0.0455412
 0.362972 0.399416 0.131554 0.052001 0.0540568
 0.471421 0.287204 0.151342 0.049847 0.0401862
 0.375865 0.40364 0.119806 0.0631319 0.0375571
 0.41701 0.32645 0.165909 0.0492443 0.0413865
 0.393597 0.366509 0.134331 0.0682699 0.0372936
 0.308044 0.400911 0.175907 0.0644722 0.0506654
 0.318283 0.345839 0.194604 0.0853858 0.0558883
 0.431545 0.294403 0.139028 0.0782315 0.0567927
 0.439353 0.365949 0.100834 0.0476176 0.0462462
 0.539463 0.321393 0.0908232 0.0250255 0.0232956
 0.576573 0.321306 0.0712664 0.0201393 0.0107148
 0.472507 0.396502 0.099399 0.0220469 0.00954501
 0.478786 0.342857 0.134066 0.033609 0.0106819
 0.457645 0.356665 0.122148 0.047763 0.0157793
 0.533837 0.296681 0.111456 0.0381706 0.0198566
 0.521942 0.336252 0.0902495 0.0339046 0.0176517
 0.479552 0.358778 0.113714 0.0305208 0.0174354
 0.543225 0.298325 0.109229 0.0346202 0.0146002
 0.524617 0.337096 0.0903165 0.0330687 0.0149012
 0.414374 0.405665 0.127611 0.0341903 0.0181595
pobs_RECLAS
 0 0 0 0 0
 0 0 0 0 0
 0 0 0 0 0
 0 0 0 0 0
 0.835266 0.146461 0.0176864 0.000547809 3.91292e-05
 0.385257 0.428462 0.181853 0.0044286 0
 0.867414 0.0963971 0.0333333 0.00285562 0
 0.441836 0.489002 0.0689373 0.000224442 0
 0.779404 0.147425 0.0564933 0.0165055 0.000172143
 0.814271 0.122319 0.05973 0.00367925 0
 0.40263 0.566651 0.0304383 0.000280538 0
 0.475488 0.404961 0.113038 0.00651328 0
 0.955842 0.0263864 0.0167828 0.000988607 0
 0.975058 0.0227948 0.00214734 0 0
 0.738997 0.206755 0.0527124 0.00153531 0
 0.850938 0.134255 0.0134407 0.00136685 0
 0.542534 0.407297 0.0501686 0 0
 0.764087 0.199537 0.0359546 0.000420521 0
 0.470689 0.182191 0.310203 0.0369168 0
 0.84361 0.089868 0.0606195 0.00523954 0.000663233
 0.607945 0.314616 0.071237 0.00620181 0
 0.523733 0.453247 0.0230204 0 0
 0.530135 0.295979 0.169645 0.0042399 0
 0.562478 0.366248 0.0663022 0.0049721 0
 0.250443 0.683176 0.0655157 0.000865301 0
ppred_RECLAS
 0.651061 0.249858 0.0889384 0.0101381 4.90494e-06
 0.453336 0.435427 0.0796514 0.0283524 0.00323346
 0.312565 0.434532 0.201441 0.036849 0.0146125
 0.380111 0.303936 0.199715 0.0925846 0.0236523
 0.455957 0.30121 0.119063 0.0782358 0.0455342
 0.364154 0.398675 0.13131 0.0519045 0.0539565
 0.472149 0.286808 0.151134 0.0497783 0.0401308
 0.377442 0.40262 0.119503 0.0629724 0.0374622
 0.419018 0.325325 0.165338 0.0490747 0.0412439
 0.395348 0.365451 0.133943 0.0680728 0.0371859
 0.312681 0.398225 0.174728 0.0640402 0.0503259
 0.322788 0.343553 0.193318 0.0848215 0.0555189
 0.440309 0.289864 0.136885 0.0770255 0.0559171
 0.459096 0.353062 0.097283 0.0459408 0.0446177
 0.553076 0.311893 0.0881385 0.0242857 0.022607
 0.580123 0.318613 0.070669 0.0199705 0.010625
 0.474739 0.394825 0.0989785 0.0219536 0.00950463
 0.480104 0.34199 0.133727 0.033524 0.0106549
 0.4587 0.355971 0.12191 0.0476701 0.0157486
 0.534834 0.296046 0.111217 0.0380889 0.0198141
 0.522384 0.335941 0.0901662 0.0338733 0.0176355
 0.480146 0.358368 0.113584 0.0304859 0.0174155
 0.543908 0.297879 0.109066 0.0345684 0.0145784
 0.525201 0.336682 0.0902056 0.0330281 0.0148829
 0.414848 0.405337 0.127508 0.0341626 0.0181448
pobs_PELACES
 0 0 0 0 0
 0 0 0 0 0
 0 0 0 0 0
 0 0 0 0 0
 0 0 0 0 0
 0 0 0 0 0
 0 0 0 0 0
 0 0 0 0 0
 0 0 0 0 0
 0 0 0 0 0
 0.450072 0.473896 0.0757376 0.000293798 0
 0 0 0 0 0
 0.463077 0.371075 0.160297 0.00555027 0
 0.529543 0.364841 0.0842815 0.0213345 0
 0.631943 0.363953 0.00410389 0 0
 0.735681 0.248677 0.0153453 0.000297389 0
 0.695825 0.281241 0.0229344 0 0
 0.275771 0.60734 0.115278 0.00161068 0
 0 0 0 0 0
 0.896147 0.0623911 0.0374545 0.00400742 0
 0.803859 0.145111 0.0509908 3.86294e-05 0
 0.739449 0.233085 0.0266225 0.000797448 4.60066e-05
 0.878498 0.100942 0.0204185 0.000141795 0
 0.694673 0.275183 0.0284847 0.00165964 0
 0.469039 0.446079 0.0841089 0.000773354 0
ppred_PELACES
 0.658195 0.244749 0.0871201 0.00993083 4.80466e-06
 0.459118 0.430821 0.0788088 0.0280525 0.00319925
 0.320595 0.429456 0.199088 0.0364186 0.0144419
 0.38188 0.303069 0.199146 0.0923204 0.0235848
 0.456423 0.300952 0.118961 0.0781688 0.0454952
 0.369992 0.395015 0.130105 0.051428 0.0534611
 0.475937 0.28475 0.150049 0.0494211 0.0398429
 0.384956 0.397761 0.118061 0.0622124 0.03701
 0.428282 0.320138 0.162702 0.0482922 0.0405863
 0.403582 0.360474 0.132119 0.0671458 0.0366796
 0.330488 0.387908 0.170201 0.0623811 0.049022
 0.340259 0.33469 0.188331 0.0826333 0.0540866
 0.469399 0.274798 0.12977 0.0730219 0.0530108
 0.509821 0.319953 0.0881599 0.0416325 0.0404335
 0.591821 0.284854 0.0804975 0.0221803 0.0206471
 0.594698 0.307553 0.0682158 0.0192773 0.0102562
 0.484871 0.387208 0.0970691 0.0215301 0.00932128
 0.486564 0.337741 0.132065 0.0331074 0.0105225
 0.464003 0.352483 0.120716 0.0472031 0.0155943
 0.53987 0.292841 0.110013 0.0376765 0.0195996
 0.524754 0.334274 0.0897187 0.0337052 0.0175479
 0.483286 0.356203 0.112898 0.0303018 0.0173103
 0.547477 0.295548 0.108213 0.0342979 0.0144643
 0.528286 0.334495 0.0896195 0.0328135 0.0147862
 0.417383 0.403581 0.126956 0.0340146 0.0180662
pobs_pel_tallas
 0 0 0 0 0 0 0 0 0 0 0 0 0 0 0 0 0 0 0 0 0 0 0 0 0 0 0 0 0 0 0 0 0 0 0 0
 0 0 0 0 0 0 0 0 0 0 0 0 0 0 0 0 0 0 0 0 0 0 0 0 0 0 0 0 0 0 0 0 0 0 0 0
 0 0 0 0 0 0 0 0 0 0 0 0 0 0 0 0 0 0 0 0 0 0 0 0 0 0 0 0 0 0 0 0 0 0 0 0
 0 0 0 0 0 0 0 0 0 0 0 0 0 0 0 0 0 0 0 0 0 0 0 0 0 0 0 0 0 0 0 0 0 0 0 0
 0 0 0 0 0 0 0 0 0 0 0 0 0 0 0 0 0 0 0 0 0 0 0 0 0 0 0 0 0 0 0 0 0 0 0 0
 0 0 0 0 0 0 0 0 0 0 0 0 0 0 0 0 0 0 0 0 0 0 0 0 0 0 0 0 0 0 0 0 0 0 0 0
 0 0 0 0 0 0 0 0 0 0 0 0 0 0 0 0 0 0 0 0 0 0 0 0 0 0 0 0 0 0 0 0 0 0 0 0
 0 0 0 0 0 0 0 0 0 0 0 0 0 0 0 0 0 0 0 0 0 0 0 0 0 0 0 0 0 0 0 0 0 0 0 0
 0 0 0 0 0 0 0 0 0 0 0 0 0 0 0 0 0 0 0 0 0 0 0 0 0 0 0 0 0 0 0 0 0 0 0 0
 0 0 0 0 0 0 0 0 0 0 0 0 0 0 0 0 0 0 0 0 0 0 0 0 0 0 0 0 0 0 0 0 0 0 0 0
 0 0 0 0 0 0 0 0 1.78061e-05 0.00172719 0.00360574 0.0105946 0.0120993 0.0124554 0.0147524 0.0171206 0.0266825 0.0428682 0.0675386 0.121331 0.153587 0.119568 0.100827 0.0573624 0.0630603 0.0341343 0.0324427 0.0444173 0.0211091 0.0280891 0.0125444 0.00206551 0 0 0 0
 0 0 0 0 0 0 0 0 0 0 0 0 0 0 0 0 0 0 0 0 0 0 0 0 0 0 0 0 0 0 0 0 0 0 0 0
 0 0 0 0 0 0 0.0133647 0.0140871 0.0187388 0.0205184 0.03894 0.0496705 0.03968 0.0493445 0.0407372 0.0367815 0.0215668 0.0243155 0.0234873 0.0199281 0.019796 0.0243948 0.0301388 0.0376714 0.0412746 0.0863199 0.0771752 0.113111 0.0741005 0.0525337 0.0229764 0.00759418 0.00175318 0 0 0
 0 0 0 0 0 0 0 0 0 0 0.00219441 0.00772107 0.0458388 0.0604681 0.0671733 0.0775358 0.0609151 0.0617685 0.073594 0.0568108 0.0755445 0.0548602 0.0670107 0.0636378 0.0643287 0.046367 0.0373049 0.0286899 0.0247887 0.0153202 0.00654259 0.00121912 0.000365735 0 0 0
 0 0 0 0 0 0 0 0 0 0 0 0 0.000112435 0.00938835 0.0111873 0.0202946 0.0414886 0.0713402 0.111592 0.104902 0.108894 0.110636 0.117776 0.105296 0.107544 0.0401394 0.0192827 0.0124803 0.00416011 0.0028671 0.000618394 0 0 0 0 0
 0 0 0 0 0 0 0 0 0 0 0.00291406 0.0102884 0.027416 0.0768956 0.0749926 0.110853 0.0956884 0.0897413 0.0766577 0.0534642 0.0500743 0.0551293 0.0594112 0.0620874 0.0668451 0.0424026 0.0208742 0.0120726 0.0048766 0.00582813 0.00118941 0.000297354 0 0 0 0
 0 0.00264628 0.0354308 0.0461629 0.0458689 0.0383711 0.0214643 0.0164657 0.0346957 0.0420465 0.0363128 0.0245516 0.0311673 0.0291091 0.0169068 0.0133784 0.00837989 0.0085269 0.0148486 0.0160247 0.0276389 0.0546898 0.0760071 0.122758 0.109233 0.0665981 0.0333725 0.0166128 0.00676272 0.00308733 0.000882094 0 0 0 0 0
 0 0 0 0 0 0 0 0.000805153 0.000690131 0.00759144 0.0133425 0.0154129 0.00931677 0.000345066 0.00356568 0.00563607 0.00851162 0.0253048 0.0502646 0.0516448 0.0657925 0.0565908 0.0611916 0.0827007 0.0866115 0.110766 0.145733 0.0935128 0.0569358 0.0249597 0.0138026 0.00621118 0.00161031 0.00115022 0 0
 0 0 0 0 0 0 0 0 0 0 0 0 0 0 0 0 0 0 0 0 0 0 0 0 0 0 0 0 0 0 0 0 0 0 0 0
 0.00147267 0.00158595 0.00478618 0.00569244 0.00954404 0.0108468 0.00647125 0.017049 0.0510054 0.094081 0.124002 0.0959785 0.0687766 0.0820023 0.061753 0.0591476 0.0492212 0.0479892 0.0443925 0.0268479 0.0217502 0.0140895 0.0121071 0.0120363 0.00920419 0.00665534 0.0049561 0.00860946 0.00930331 0.0156896 0.0114698 0.00855282 0.00243557 0.00046729 0 2.83206e-05
 0 0 0 0 0.000772559 0.00158375 0.000888443 0.00281984 0.00712685 0.0440552 0.0773331 0.111326 0.0921469 0.0852325 0.0710754 0.0886704 0.0786465 0.0553345 0.0373146 0.0185414 0.00753245 0.00457741 0.012979 0.0271748 0.0457355 0.0583668 0.034881 0.0177882 0.00938659 0.00492506 0.0015258 0.00185414 0.000309023 5.79419e-05 3.86279e-05 0
 0 0.00173294 0.00326652 0 0.00397197 0.00683976 0.00946217 0.0152591 0.00757587 0.0136028 0.0228656 0.0392903 0.0559909 0.0764795 0.0681675 0.0726916 0.0566044 0.0477403 0.0527397 0.0444891 0.0609904 0.0582453 0.0661739 0.0445044 0.0529084 0.0360697 0.0280645 0.0235558 0.0158879 0.00826598 0.00280645 0.00217768 0.000904811 0.00058276 9.20147e-05 0
 0 0 0 0 0 0 0 0 0 0 0 0 0 0 0 0 0 0 0 0 0 0 0 0 0 0 0 0 0 0 0 0 0 0 0 0
 0 0 0 0 0 0 0 0 0 0 0 0 0 0 0 0 0 0 0 0 0 0 0 0 0 0 0 0 0 0 0 0 0 0 0 0
 0 0 0 0 0 0 0 0 0 0 0 0 0 0 0 0 0 0 0 0 0 0 0 0 0 0 0 0 0 0 0 0 0 0 0 0
ppred_pel_tallas
 1.01658e-16 2.87231e-05 0.000168568 0.000801271 0.00308489 0.0096199 0.0242992 0.0497202 0.0824196 0.110696 0.120483 0.106329 0.0762346 0.0447344 0.0221659 0.0105421 0.00677381 0.00720357 0.0095742 0.0128516 0.0165334 0.0202279 0.0235333 0.0260668 0.0275383 0.0278125 0.0269337 0.0251026 0.0226171 0.0197978 0.0169235 0.0141933 0.0117198 0.0095447 0.00766539 0.00605962
 1.02373e-16 2.005e-05 0.000117632 0.000559077 0.00215232 0.00671166 0.0169535 0.0346917 0.0575152 0.0772712 0.084165 0.0744265 0.0536848 0.0321539 0.0171432 0.0101727 0.00920096 0.0117553 0.0162651 0.0219009 0.0280752 0.0341626 0.0394697 0.0433381 0.0452857 0.0451175 0.042966 0.0392434 0.0345288 0.029427 0.0244478 0.0199349 0.0160552 0.0128317 0.0101989 0.00805675
 1.04893e-16 1.40099e-05 8.21713e-05 0.00039049 0.00150321 0.00468745 0.0118405 0.0242303 0.0401756 0.0539888 0.0588405 0.0521155 0.0377733 0.022989 0.0129257 0.00871698 0.0090141 0.0121566 0.0170824 0.023195 0.0300006 0.0369137 0.0432532 0.048347 0.0516698 0.0529515 0.0522228 0.0497778 0.046077 0.0416252 0.0368667 0.0321253 0.0275968 0.0233755 0.0194978 0.0159776
 1.072e-16 1.6677e-05 9.78414e-05 0.000465014 0.00179019 0.00558242 0.014101 0.0288544 0.0478365 0.0642649 0.0699905 0.0618736 0.0445906 0.0266295 0.014062 0.00814757 0.00719171 0.00915791 0.0127843 0.0174553 0.0227838 0.028367 0.033738 0.0384228 0.0420282 0.044315 0.0452302 0.0448854 0.0434991 0.0413234 0.0385849 0.035456 0.0320571 0.0284781 0.0248049 0.0211341
 1.06599e-16 1.99271e-05 0.000116923 0.000555732 0.00213949 0.00667168 0.0168523 0.0344838 0.057167 0.0767929 0.0836165 0.0738759 0.0531454 0.031547 0.0163059 0.00888735 0.0072218 0.00883369 0.0121862 0.0165391 0.0214573 0.0265221 0.0312684 0.0352394 0.0380765 0.0395913 0.0397935 0.0388629 0.0370806 0.0347458 0.0321082 0.0293339 0.026508 0.0236626 0.0208117 0.0179789
 1.06241e-16 1.61622e-05 9.48109e-05 0.000450588 0.00173462 0.0054091 0.0136633 0.0279595 0.0463557 0.0622839 0.0678549 0.0600377 0.0433805 0.0261324 0.014209 0.00886699 0.00849693 0.0111406 0.0155579 0.0210894 0.0272476 0.0334905 0.0392001 0.0437749 0.0467546 0.0479173 0.0473174 0.0452455 0.0421339 0.0384393 0.0345451 0.0307087 0.0270594 0.0236317 0.0204134 0.0173866
 1.05783e-16 2.07775e-05 0.000121917 0.000579475 0.00223091 0.00695677 0.0175724 0.0359571 0.0596086 0.0800701 0.0871781 0.0770068 0.055363 0.0327939 0.016823 0.008966 0.00705326 0.00849551 0.0116905 0.0158783 0.02063 0.025545 0.0301781 0.0340879 0.036921 0.038481 0.0387574 0.0379021 0.0361685 0.0338361 0.031148 0.0282785 0.0253334 0.0223715 0.0194331 0.016562
 1.05673e-16 1.68148e-05 9.8642e-05 0.000468801 0.00180475 0.00562778 0.0142157 0.0290897 0.0482291 0.0647996 0.0705919 0.0624505 0.0451045 0.0271321 0.0146817 0.00905295 0.0085627 0.0111658 0.015567 0.0210806 0.0272062 0.0333931 0.0390169 0.0434725 0.0462996 0.0472819 0.0464842 0.044212 0.0409142 0.0370635 0.0330565 0.029159 0.0255027 0.0221196 0.0189904 0.016087
 1.0597e-16 1.8701e-05 0.000109722 0.000521494 0.00200765 0.00626055 0.0158139 0.0323592 0.0536462 0.0720671 0.0784807 0.0693623 0.0499502 0.0297549 0.0155725 0.00879796 0.00751022 0.0094032 0.0130416 0.017721 0.0230031 0.0284449 0.0335457 0.037809 0.0408396 0.0424218 0.0425523 0.0414131 0.0393021 0.0365467 0.0334316 0.030161 0.0268577 0.0235865 0.0203871 0.0172987
 1.06014e-16 1.76255e-05 0.000103405 0.000491452 0.00189197 0.00589979 0.0149027 0.0304951 0.0505575 0.067923 0.0739815 0.065418 0.0471801 0.0282455 0.0150396 0.00890146 0.00804399 0.0103089 0.0143413 0.0194495 0.0251644 0.0309883 0.0363576 0.0407216 0.0436537 0.0449404 0.0446158 0.0429267 0.0402488 0.0369823 0.0334653 0.0299283 0.0264925 0.0232003 0.0200568 0.0170648
 1.06977e-16 1.44394e-05 8.46973e-05 0.000402508 0.0015495 0.00483182 0.0122051 0.0249759 0.0414103 0.0556431 0.0606303 0.0536695 0.0388317 0.023498 0.0129697 0.00839115 0.00834878 0.0111154 0.0155977 0.0212074 0.0274918 0.0339306 0.0399203 0.0448645 0.0482946 0.049965 0.0498916 0.0483168 0.045622 0.0422194 0.0384621 0.034596 0.0307592 0.0270126 0.0233825 0.0198942
 1.0815e-16 1.48634e-05 8.7191e-05 0.000414374 0.00159521 0.00497436 0.0125651 0.0257121 0.0426291 0.0572752 0.0623941 0.0551963 0.0398613 0.0239715 0.0129626 0.00798743 0.00756729 0.00991099 0.0139002 0.0189657 0.0247104 0.030695 0.0364068 0.0413298 0.0450443 0.0473072 0.0480857 0.0475308 0.0459079 0.0435121 0.0405992 0.0373518 0.0338831 0.0302638 0.0265551 0.0228321
 1.06918e-16 2.04919e-05 0.000120241 0.000571512 0.00220025 0.00686118 0.017331 0.0354629 0.0587892 0.078969 0.0859779 0.0759432 0.0545911 0.0323219 0.016554 0.00877953 0.00685674 0.0082311 0.011324 0.0153912 0.0200195 0.0248274 0.0293923 0.0332959 0.0362035 0.0379291 0.0384618 0.037941 0.0365971 0.034679 0.0323957 0.0298882 0.0272334 0.0244692 0.0216253 0.0187451
 1.04676e-16 2.22563e-05 0.000130596 0.000620729 0.00238973 0.00745207 0.0188236 0.0385172 0.0638528 0.0857717 0.093387 0.0824941 0.059314 0.0351452 0.0180471 0.0096414 0.00759862 0.00913407 0.0125128 0.0168937 0.0217842 0.0267198 0.0311949 0.034724 0.0369404 0.037675 0.0369863 0.0351262 0.0324613 0.0293756 0.0261889 0.0231125 0.0202472 0.0176111 0.0151802 0.0129241
 1.02963e-16 2.58305e-05 0.000151582 0.000720509 0.00277392 0.00865016 0.0218498 0.0447088 0.0741143 0.0995475 0.108364 0.0956723 0.068676 0.0404647 0.0203585 0.0101973 0.00723357 0.00820076 0.0110736 0.0148998 0.0191738 0.0234613 0.0273036 0.0302637 0.0320133 0.0324043 0.0314962 0.0295265 0.0268398 0.0238 0.0207149 0.0177943 0.0151446 0.0127912 0.0107136 0.00887602
 1.02211e-16 2.59569e-05 0.000152322 0.000724022 0.00278744 0.00869231 0.0219563 0.0449268 0.0744764 0.100035 0.1089 0.0961559 0.0690463 0.0407293 0.0205769 0.0104452 0.00757933 0.00869901 0.0117641 0.0158025 0.0202804 0.0247271 0.0286442 0.0315602 0.0331271 0.0331981 0.0318565 0.0293833 0.0261771 0.0226564 0.0191743 0.0159704 0.0131628 0.0107727 0.00876227 0.00707198
 1.0268e-16 2.11712e-05 0.000124219 0.000590398 0.00227293 0.00708779 0.0179035 0.0366352 0.0607353 0.0815914 0.088855 0.0785366 0.0565686 0.0337193 0.0176839 0.0100394 0.0086034 0.0107478 0.0148176 0.0199701 0.0256517 0.0312975 0.0362844 0.0400169 0.0420523 0.0421997 0.0405572 0.0374714 0.0334388 0.0289834 0.0245504 0.0204454 0.0168244 0.0137229 0.0111028 0.00889695
 1.03615e-16 2.12431e-05 0.000124645 0.000592435 0.00228079 0.00711231 0.0179654 0.0367614 0.0609432 0.0818666 0.0891439 0.0787663 0.0566783 0.0336735 0.0174579 0.00959624 0.00788337 0.00967599 0.0133237 0.0180149 0.0232524 0.0285482 0.0333619 0.0371687 0.0395644 0.0403508 0.03957 0.0374729 0.03444 0.0308823 0.027156 0.0235145 0.0201022 0.0169773 0.0141487 0.0116077
 1.0418e-16 2.02598e-05 0.000118872 0.000564984 0.00217509 0.00678269 0.0171328 0.035058 0.0581203 0.0780772 0.085025 0.0751444 0.0541101 0.0322241 0.0168466 0.0094838 0.00804645 0.0100237 0.0138433 0.0187201 0.0241547 0.0296432 0.0346255 0.0385587 0.0410276 0.0418333 0.0410273 0.0388777 0.0357844 0.0321745 0.028413 0.024753 0.0213312 0.018194 0.0153381 0.0127459
 1.03868e-16 2.35656e-05 0.000138285 0.000657287 0.0025305 0.00789105 0.0199323 0.0407856 0.0676121 0.0908173 0.0988699 0.0873118 0.0627222 0.0370529 0.0188211 0.00972469 0.00727773 0.00851867 0.0116106 0.0156824 0.0202537 0.0248926 0.0291319 0.0325197 0.0347078 0.0355249 0.0350053 0.0333609 0.0309129 0.0280056 0.0249344 0.0219051 0.0190309 0.0163541 0.0138792 0.0116009
 1.03361e-16 2.29081e-05 0.000134421 0.000638911 0.00245973 0.00767035 0.0193749 0.0396454 0.0657233 0.0882846 0.0961238 0.0849132 0.0610569 0.0361849 0.0185933 0.00995159 0.00786157 0.0094546 0.0129399 0.0174434 0.0224463 0.0274564 0.0319384 0.0353805 0.0373986 0.037821 0.0367197 0.0343762 0.0311975 0.0276124 0.0239834 0.0205569 0.0174572 0.0147128 0.0122974 0.0101676
 1.03569e-16 2.11008e-05 0.000123809 0.000588454 0.00226545 0.00706449 0.0178446 0.0365145 0.0605344 0.0813191 0.0885521 0.0782539 0.0563324 0.0335135 0.0174578 0.00972698 0.00813689 0.0100648 0.0138675 0.0187256 0.0241226 0.0295428 0.0344168 0.0381956 0.0404636 0.0410281 0.0399549 0.0375321 0.0341833 0.0303594 0.0264451 0.0227072 0.019287 0.0162274 0.013514 0.0111129
 1.03487e-16 2.38974e-05 0.000140232 0.000666546 0.00256615 0.00800222 0.0202132 0.0413602 0.0685645 0.0920964 0.100262 0.0885397 0.0636013 0.0375662 0.0190706 0.00983468 0.00733576 0.00856852 0.0116681 0.0157492 0.0203235 0.0249521 0.0291618 0.0324957 0.034603 0.0353135 0.0346666 0.0328833 0.0302959 0.0272608 0.0240843 0.0209809 0.0180689 0.0153917 0.0129514 0.0107373
 1.032e-16 2.30621e-05 0.000135325 0.000643209 0.00247628 0.00772196 0.0195053 0.0399121 0.0661654 0.0888782 0.0967695 0.0854824 0.0614632 0.0364199 0.0187033 0.00999305 0.00787347 0.00945554 0.0129358 0.0174342 0.0224295 0.0274278 0.031893 0.0353122 0.0373009 0.0376877 0.0365459 0.0341589 0.0309364 0.0273104 0.0236468 0.0201947 0.0170806 0.0143341 0.0119291 0.0098209
 1.03947e-16 1.82291e-05 0.000106944 0.00050827 0.00195671 0.00610167 0.0154127 0.0315389 0.0522887 0.0702513 0.0765235 0.0676805 0.0488437 0.0293048 0.0157179 0.00947683 0.00874061 0.0112776 0.0156755 0.0211928 0.0273012 0.0334298 0.0389353 0.043196 0.0457412 0.0463536 0.0451087 0.0423347 0.0385137 0.0341583 0.0297065 0.0254619 0.0215854 0.0181255 0.0150655 0.0123655
pSPR Fmed_Fpbrs
0.724131   0.255602 0.255602
Fs Fmed_Fpbrs
0.166214   1.005 1.005
SSBpbr Bo_Bmed_Bpbrs
1.47048e+06  991300  302335 302335
Ro
67507.9
SPR SPRFo_SPRFmed_SPRFpbrs
1.38646e+06 1.00398e+06 354383
log_Ro
10.94
likeval ReclasPelacesDesembMPH_pf_preclas_ppelaces_ptallas_desvR_qrecl_qpela
 216.88 52.8006 0.125252 0.00119506 347.653 218.942 81.2604 0 16.3963 0 0 0 0 0 0
q_reclas_q_pelaces
1 1
M
0.7
N
 112212 22586.2 8039.72 916.448 0.443389
 101789 50641.5 9263.7 3297.47 376.061
 64053.8 47099.7 21834.6 3994.13 1583.88
 70293.9 28424.6 18677.7 8658.67 2212
 103012 34122.5 13488 8862.93 5158.34
 89448.1 50863.7 16752.8 6622.07 6883.87
 132440 41162.2 21690.5 7144.11 5759.51
 112213 62808.7 18642.5 9823.7 5844.1
 123055 50596.1 25714.1 7632.32 6414.45
 111881 54470.7 19964.3 10146.3 5542.59
 69480.9 50070.3 21969.2 8052.02 6327.67
 44925.5 26941.6 15160.1 6651.74 4353.82
 44677.6 17567.8 8296.22 4668.3 3388.98
 29714.2 15546.8 4283.76 2022.96 1964.69
 22234.4 7969.7 2252.17 620.565 577.669
 22713.3 6832.35 1515.43 428.249 227.843
 21256.2 9399.82 2356.44 522.663 226.282
 25199 9333.65 3649.7 914.942 290.795
 28869.3 11570 3962.42 1549.41 511.872
 47087.7 13438.3 5048.46 1728.96 899.419
 67413.2 21990.9 5902.33 2217.36 1154.43
 85512.3 32525.9 10309.1 2766.94 1580.65
 146055 40876.2 14966.5 4743.62 2000.5
 212598 69433.2 18602.9 6811.29 3069.27
 204882 101688 31988.2 8570.44 4552.03
pred_Ctot
 7399.65 2858.69 1017.57 115.993 0.0561187
 5012.96 4837.59 884.925 314.995 35.9237
 4932.03 6911.92 3204.24 586.142 232.436
 1137.46 910.766 598.461 277.436 70.8757
 420.997 278.209 109.971 72.2614 42.0571
 4736.78 5212.38 1716.78 678.612 705.441
 4296.92 2617.81 1379.46 454.346 366.29
 7467.08 8018.85 2380.11 1254.2 746.123
 9674.98 7573.9 3849.23 1142.51 960.2
 7996.17 7445.86 2729.01 1386.95 757.643
 11107.9 14456.7 6343.11 2324.84 1826.97
 6961.83 7564.56 4256.59 1867.65 1222.45
 9813.66 6694.94 3161.61 1779.04 1291.51
 10178.1 8477.59 2335.92 1103.11 1071.34
 6265.05 3732.5 1054.78 290.633 270.544
 2750.32 1532.66 339.948 96.0667 51.1108
 1782.15 1495.48 374.902 83.1541 36.0008
 1372.48 982.825 384.31 96.3426 30.6205
 1304.97 1017.03 348.304 136.196 44.9946
 2023.29 1124.45 422.427 144.67 75.2584
 1378.75 888.236 238.401 89.5616 46.6285
 2304.75 1724.3 546.516 146.684 83.7954
 4494.16 2468.08 903.668 286.417 120.789
 5639.31 3623.58 970.846 355.468 160.179
 4594.26 4497.71 1414.86 379.076 201.339
F
 0.0956188 0.191238 0.191238 0.191238 0.191238
 0.0706384 0.141277 0.141277 0.141277 0.141277
 0.112467 0.224934 0.224934 0.224934 0.224934
 0.0227272 0.0454544 0.0454544 0.0454544 0.0454544
 0.00569714 0.0113943 0.0113943 0.0113943 0.0113943
 0.0761381 0.152276 0.152276 0.152276 0.152276
 0.0460375 0.0920751 0.0920751 0.0920751 0.0920751
 0.0965271 0.193054 0.193054 0.193054 0.193054
 0.114965 0.229931 0.229931 0.229931 0.229931
 0.104011 0.208021 0.208021 0.208021 0.208021
 0.247382 0.494763 0.494763 0.494763 0.494763
 0.238935 0.477871 0.477871 0.477871 0.477871
 0.35562 0.711239 0.711239 0.711239 0.711239
 0.615978 1.23196 1.23196 1.23196 1.23196
 0.479974 0.959947 0.959947 0.959947 0.959947
 0.182259 0.364517 0.364517 0.364517 0.364517
 0.123023 0.246046 0.246046 0.246046 0.246046
 0.0783858 0.156772 0.156772 0.156772 0.156772
 0.0646667 0.129333 0.129333 0.129333 0.129333
 0.0613822 0.122764 0.122764 0.122764 0.122764
 0.0288025 0.0576049 0.0576049 0.0576049 0.0576049
 0.0381118 0.0762236 0.0762236 0.0762236 0.0762236
 0.0436161 0.0872322 0.0872322 0.0872322 0.0872322
 0.0374985 0.074997 0.074997 0.074997 0.074997
 0.0316182 0.0632364 0.0632364 0.0632364 0.0632364
nmprior
 10.6 11 7 0
nm_flota  nm_reclas  nm_pelaces    nm_pelaL
inf 12.0811 15.3655 34.8746
cv_recla  cv_pelaces  cv_mph
1.33209 0.823932 1.12158
 ------------------------------------------------
Talla a la edad & desviación 
 7.2 14.2025 17.0495 18.207 18.6776
 1.08 2.13037 2.55742 2.73105 2.80164
