years
 1997 1998 1999 2000 2001 2002 2003 2004 2005 2006 2007 2008 2009 2010 2011 2012 2013 2014 2015 2016 2017 2018 2019 2020 2021
reclasobs
 0 0 0 370054 412103 1.49427e+06 250295 1.28982e+06 931140 785840 897777 1.04006e+06 184774 17550 25797 100020 73551 82996 120727 218422 84188 347160 605670 569463 516374
reclaspred
 1.53633e+06 235533 471468 185970 252668 329901 1.08732e+06 769044 901604 1.16049e+06 1.02762e+06 557061 400629 264184 156680 129066 181422 244142 199002 194226 339298 377222 735812 990607 1.08896e+06
pelacesobs
 0 0 0 0 0 0 0 0 0 2.06254e+06 1.5e+06 0 1.87456e+06 323000 250000 174000 83755 137374 0 501740 490994 745055 786931 1.00524e+06 1.33801e+06
pelacespred
 774608 258300 149108 128315 147197 138890 639593 495822 517598 684572 517986 281009 212889 119964 66653.1 63161.1 91736.4 125439 111196 102734 190614 213779 319277 518587 578824
mphobs
 0 0 0 0 0 112323 0 153150 637223 0 255016 313432 73983 77613 109348 50772 0 0 0 0 0 0 0 0 0
mphpred
 1.19542e+06 484857 329144 226922 162203 312460 519219 1.02431e+06 627765 966108 1.10755e+06 645438 347445 313124 169343 105923 131420 199606 203405 154507 232456 333890 470252 754497 1.00259e+06
desembarqueobs
 350755 77701 442110 56441 14545 235359 269955 359681 431902 328805 639364 411747 362871 311530 167758 66681 60226 58785 57116 73181 50977 67692 138656 160484 209506
desembarquepred
 351002 77648 440757 56264.7 14543.4 235176 270834 357729 434046 329979 637256 410249 364028 312076 167078 66477 60053.3 58740.4 56918.8 73085.3 51040.6 67576.2 137890 160692 210178
Reclutas
 21313.8 38346.5 14020.6 10285.3 45867.9 26943.2 138879 13330.2 148353 151464 40794.3 21813.7 88114 32564.8 10521.4 18840.1 18726.1 12189 5321.89 22638.1 36185.7 47278.1 85765.3 95101.8 15646.5
log_desv_Rt
 -0.372892 0.21442 -0.791714 -1.10153 0.393521 -0.138515 1.50136 -0.842209 1.56735 1.58811 0.276297 -0.349709 1.04639 0.0509876 -1.07883 -0.49626 -0.502327 -0.931709 -1.76042 -0.312611 0.156418 0.423802 1.01937 1.1227 -0.681996
SSB
 1.19542e+06 484857 329144 226922 162203 312460 519219 1.02431e+06 627765 966108 1.10755e+06 645438 347445 313124 169343 105923 131420 199606 203405 154507 232456 333890 470252 754497 1.00259e+06
BT
 1.96586e+06 630336 600571 318519 394421 458402 2.24206e+06 1.32065e+06 1.85958e+06 1.95653e+06 1.60271e+06 937045 930270 551806 283346 203074 271529 315263 262211 308594 523858 507131 802087 1.27837e+06 1.26817e+06
Ftot
 0.220752 0.316781 0.852373 0.290975 0.0562597 0.663826 0.241446 0.441309 0.460302 0.274428 0.58135 0.683155 0.843408 1.0577 0.962315 0.489345 0.318537 0.232475 0.275213 0.361133 0.146304 0.173828 0.181756 0.157566 0.186891
BD_Bspro_t
 0.966378 0.782146 0.621661 0.353842 0.404561 0.62278 0.589565 0.688146 0.548775 0.601096 0.603336 0.398165 0.274591 0.284513 0.18885 0.146626 0.225575 0.391583 0.458838 0.457449 0.586856 0.728397 0.758192 0.77939 0.777995
BD_Bspro
 1.88088 0.762878 0.517878 0.35704 0.255212 0.491627 0.816943 1.61165 0.98773 1.52008 1.74263 1.01554 0.546673 0.492671 0.266446 0.166661 0.206778 0.314061 0.32004 0.243102 0.365749 0.525346 0.739898 1.18713 1.57748
BD_Bo
 1.2439 0.504523 0.342494 0.236126 0.168782 0.325133 0.540278 1.06585 0.653227 1.00529 1.15247 0.671617 0.361538 0.325824 0.176212 0.11022 0.136751 0.207702 0.211655 0.160773 0.241885 0.347433 0.489326 0.7851 1.04325
BD_Brms
 6.05005 2.45388 1.66581 1.14846 0.820916 1.58137 2.62779 5.18406 3.17714 4.88951 5.60535 3.26659 1.75844 1.58473 0.857053 0.536083 0.665124 1.01021 1.02944 0.781964 1.17647 1.68983 2.37996 3.81854 5.07414
S_f
 0.5 1 1 1 1
 0.5 1 1 1 1
 0.5 1 1 1 1
 0.5 1 1 1 1
 0.5 1 1 1 1
 0.5 1 1 1 1
 0.5 1 1 1 1
 0.5 1 1 1 1
 0.5 1 1 1 1
 0.5 1 1 1 1
 0.5 1 1 1 1
 0.5 1 1 1 1
 0.5 1 1 1 1
 0.5 1 1 1 1
 0.5 1 1 1 1
 0.5 1 1 1 1
 0.5 1 1 1 1
 0.5 1 1 1 1
 0.5 1 1 1 1
 0.5 1 1 1 1
 0.5 1 1 1 1
 0.5 1 1 1 1
 0.5 1 1 1 1
 0.5 1 1 1 1
 0.5 1 1 1 1
Scru_reclas
 0.5 1 1 1 1
 0.5 1 1 1 1
 0.5 1 1 1 1
 0.5 1 1 1 1
 0.5 1 1 1 1
 0.5 1 1 1 1
 0.5 1 1 1 1
 0.5 1 1 1 1
 0.5 1 1 1 1
 0.5 1 1 1 1
 0.5 1 1 1 1
 0.5 1 1 1 1
 0.5 1 1 1 1
 0.5 1 1 1 1
 0.5 1 1 1 1
 0.5 1 1 1 1
 0.5 1 1 1 1
 0.5 1 1 1 1
 0.5 1 1 1 1
 0.5 1 1 1 1
 0.5 1 1 1 1
 0.5 1 1 1 1
 0.5 1 1 1 1
 0.5 1 1 1 1
 0.5 1 1 1 1
Scru_pelaces
 0.5 1 1 1 1
 0.5 1 1 1 1
 0.5 1 1 1 1
 0.5 1 1 1 1
 0.5 1 1 1 1
 0.5 1 1 1 1
 0.5 1 1 1 1
 0.5 1 1 1 1
 0.5 1 1 1 1
 0.5 1 1 1 1
 0.5 1 1 1 1
 0.5 1 1 1 1
 0.5 1 1 1 1
 0.5 1 1 1 1
 0.5 1 1 1 1
 0.5 1 1 1 1
 0.5 1 1 1 1
 0.5 1 1 1 1
 0.5 1 1 1 1
 0.5 1 1 1 1
 0.5 1 1 1 1
 0.5 1 1 1 1
 0.5 1 1 1 1
 0.5 1 1 1 1
 0.5 1 1 1 1
pf_obs 
 0.256992 0.487395 0.22802 0.0275931 0
 0.321318 0.546541 0.124235 0.00734118 0.000564706
 0.182869 0.594174 0.210203 0.0122559 0.00049798
 0.330522 0.361315 0.267642 0.0388342 0.00168674
 0.649043 0.306663 0.0425973 0.00169635 0
 0.582887 0.30429 0.105238 0.00758474 0
 0.465427 0.430635 0.0974691 0.00646863 0
 0.296916 0.608066 0.0921331 0.00288517 0
 0.311714 0.524322 0.152257 0.0117073 0
 0.15457 0.633149 0.183074 0.0267441 0.00246327
 0.131901 0.49318 0.331252 0.0422183 0.00144891
 0.196976 0.569456 0.194076 0.0375587 0.00193317
 0.518974 0.381816 0.0799577 0.0180837 0.00116848
 0.0928022 0.601141 0.25162 0.0475244 0.00691264
 0.122501 0.610282 0.24278 0.0234846 0.000952079
 0.383417 0.481906 0.127806 0.00687128 0
 0.0376549 0.599619 0.316969 0.0457579 0
 0.0361596 0.667082 0.258105 0.0386534 0
 0.158088 0.579412 0.248529 0.0139706 0
 0.0477256 0.309471 0.559284 0.082774 0.000745712
 0.0406174 0.521527 0.379366 0.0568643 0.0016247
 0.151134 0.462217 0.34131 0.0453401 0
 0.294876 0.26143 0.354403 0.0886775 0.000613685
 0.281977 0.475581 0.204845 0.0348837 0.00271318
 0.0354234 0.537034 0.353287 0.0723622 0.0018943
pf_pred 
 0.234144 0.385543 0.191455 0.0950737 0.0937839
 0.46037 0.21283 0.164516 0.0816962 0.0805879
 0.249285 0.489099 0.103181 0.0797584 0.0786764
 0.357558 0.297171 0.224947 0.0474553 0.0728677
 0.742209 0.141161 0.0539491 0.0408374 0.0218437
 0.372558 0.535843 0.0501578 0.0191694 0.0222721
 0.818344 0.107451 0.0633722 0.00593198 0.00490113
 0.0977172 0.817597 0.0500919 0.0295432 0.00505024
 0.752396 0.0489505 0.180008 0.0110286 0.00761634
 0.545324 0.397514 0.0113007 0.0415567 0.00430437
 0.201774 0.576218 0.194098 0.00551791 0.022393
 0.236571 0.286465 0.344307 0.115979 0.0166776
 0.744679 0.110282 0.0544236 0.0654128 0.0252026
 0.379796 0.54756 0.0313776 0.0154846 0.025782
 0.294983 0.443892 0.23054 0.013211 0.0173745
 0.630758 0.195459 0.109417 0.0568267 0.00753914
 0.5217 0.381565 0.0512071 0.0286653 0.0168628
 0.362886 0.449257 0.149863 0.020112 0.0178816
 0.223279 0.426447 0.246994 0.0823921 0.0208882
 0.670382 0.126429 0.111558 0.0646133 0.027018
 0.619666 0.311388 0.0264449 0.0233343 0.0191663
 0.531666 0.361809 0.0872144 0.00740674 0.0119037
 0.59349 0.286434 0.0927639 0.0223608 0.00495098
 0.488394 0.386055 0.088466 0.0286504 0.00843534
 0.110578 0.592606 0.223975 0.0513249 0.0215159
pobs_RECLAS
 0 0 0 0 0
 0 0 0 0 0
 0 0 0 0 0
 0 0 0 0 0
 0.835266 0.146461 0.0176864 0.000547809 3.91292e-05
 0.385257 0.428462 0.181853 0.0044286 0
 0.867414 0.0963971 0.0333333 0.00285562 0
 0.441836 0.489002 0.0689373 0.000224442 0
 0.779404 0.147425 0.0564933 0.0165055 0.000172143
 0.814271 0.122319 0.05973 0.00367925 0
 0.40263 0.566651 0.0304383 0.000280538 0
 0.475488 0.404961 0.113038 0.00651328 0
 0.955842 0.0263864 0.0167828 0.000988607 0
 0.975058 0.0227948 0.00214734 0 0
 0.738997 0.206755 0.0527124 0.00153531 0
 0.850938 0.134255 0.0134407 0.00136685 0
 0.542534 0.407297 0.0501686 0 0
 0.764087 0.199537 0.0359546 0.000420521 0
 0.470689 0.182191 0.310203 0.0369168 0
 0.84361 0.089868 0.0606195 0.00523954 0.000663233
 0.607945 0.314616 0.071237 0.00620181 0
 0.523733 0.453247 0.0230204 0 0
 0.530135 0.295979 0.169645 0.0042399 0
 0.562478 0.366248 0.0663022 0.0049721 0
 0.250443 0.683176 0.0655157 0.000865301 0
ppred_RECLAS
 0.235557 0.384832 0.191102 0.0948983 0.0936109
 0.463402 0.211634 0.163592 0.0812373 0.0801352
 0.258025 0.483405 0.10198 0.0788299 0.0777605
 0.360084 0.296003 0.224063 0.0472687 0.0725812
 0.742539 0.14098 0.0538801 0.0407851 0.0218157
 0.380151 0.529358 0.0495508 0.0189374 0.0220025
 0.819641 0.106683 0.0629196 0.00588962 0.00486613
 0.0993718 0.816098 0.0500001 0.029489 0.00504098
 0.756046 0.0482291 0.177355 0.0108661 0.00750408
 0.547857 0.3953 0.0112378 0.0413253 0.0042804
 0.206147 0.573061 0.193035 0.00548768 0.0222704
 0.242707 0.284162 0.34154 0.115047 0.0165436
 0.753227 0.10659 0.0526014 0.0632227 0.0243588
 0.394845 0.534274 0.0306163 0.0151089 0.0251564
 0.306576 0.436593 0.226749 0.0129937 0.0170888
 0.635716 0.192835 0.107947 0.0560636 0.0074379
 0.524764 0.379121 0.0508791 0.0284817 0.0167548
 0.364822 0.447892 0.149408 0.0200509 0.0178272
 0.225062 0.425468 0.246427 0.082203 0.0208403
 0.673552 0.125213 0.110485 0.0639919 0.0267582
 0.620817 0.310446 0.0263649 0.0232637 0.0191083
 0.533146 0.360665 0.0869387 0.00738333 0.0118661
 0.595 0.28537 0.0924195 0.0222778 0.0049326
 0.489721 0.385053 0.0882365 0.0285761 0.00841345
 0.111216 0.592181 0.223815 0.0512881 0.0215004
pobs_PELACES
 0 0 0 0 0
 0 0 0 0 0
 0 0 0 0 0
 0 0 0 0 0
 0 0 0 0 0
 0 0 0 0 0
 0 0 0 0 0
 0 0 0 0 0
 0 0 0 0 0
 0 0 0 0 0
 0.450072 0.473896 0.0757376 0.000293798 0
 0 0 0 0 0
 0.463077 0.371075 0.160297 0.00555027 0
 0.529543 0.364841 0.0842815 0.0213345 0
 0.631943 0.363953 0.00410389 0 0
 0.735681 0.248677 0.0153453 0.000297389 0
 0.695825 0.281241 0.0229344 0 0
 0.275771 0.60734 0.115278 0.00161068 0
 0 0 0 0 0
 0.896147 0.0623911 0.0374545 0.00400742 0
 0.803859 0.145111 0.0509908 3.86294e-05 0
 0.739449 0.233085 0.0266225 0.000797448 4.60066e-05
 0.878498 0.100942 0.0204185 0.000141795 0
 0.694673 0.275183 0.0284847 0.00165964 0
 0.469039 0.446079 0.0841089 0.000773354 0
ppred_PELACES
 0.242179 0.381498 0.189446 0.0940763 0.0928
 0.476421 0.206499 0.159623 0.0792663 0.078191
 0.285852 0.465275 0.0981554 0.0758735 0.0748442
 0.37122 0.290852 0.220164 0.0464462 0.0713182
 0.744309 0.140011 0.0535096 0.0405047 0.0216657
 0.406277 0.507046 0.0474623 0.0181392 0.0210751
 0.825456 0.103244 0.0608912 0.00569975 0.00470926
 0.106081 0.810018 0.0496276 0.0292693 0.00500342
 0.76978 0.0455138 0.16737 0.0102543 0.00708161
 0.559047 0.385517 0.0109597 0.0403025 0.00417446
 0.222287 0.56141 0.18911 0.00537611 0.0218176
 0.264021 0.276164 0.331928 0.111809 0.016078
 0.778175 0.0958142 0.0472836 0.0568311 0.0218963
 0.437215 0.496866 0.0284727 0.0140511 0.023395
 0.341325 0.414714 0.215386 0.0123426 0.0162325
 0.654202 0.183049 0.10247 0.0532186 0.00706046
 0.537851 0.36868 0.049478 0.0276974 0.0162934
 0.373756 0.441592 0.147306 0.0197689 0.0175765
 0.233081 0.421065 0.243877 0.0813524 0.0206246
 0.686516 0.120241 0.106097 0.0614506 0.0256955
 0.626482 0.305808 0.0259709 0.0229161 0.0188228
 0.540278 0.355156 0.0856107 0.00727055 0.0116848
 0.602206 0.280293 0.0907752 0.0218814 0.00484484
 0.496219 0.380149 0.0871128 0.0282122 0.00830631
 0.114301 0.590126 0.223038 0.0511101 0.0214258
pobs_pel_tallas
 0 0 0 0 0 0 0 0 0 0 0 0 0 0 0 0 0 0 0 0 0 0 0 0 0 0 0 0 0 0 0 0 0 0 0 0
 0 0 0 0 0 0 0 0 0 0 0 0 0 0 0 0 0 0 0 0 0 0 0 0 0 0 0 0 0 0 0 0 0 0 0 0
 0 0 0 0 0 0 0 0 0 0 0 0 0 0 0 0 0 0 0 0 0 0 0 0 0 0 0 0 0 0 0 0 0 0 0 0
 0 0 0 0 0 0 0 0 0 0 0 0 0 0 0 0 0 0 0 0 0 0 0 0 0 0 0 0 0 0 0 0 0 0 0 0
 0 0 0 0 0 0 0 0 0 0 0 0 0 0 0 0 0 0 0 0 0 0 0 0 0 0 0 0 0 0 0 0 0 0 0 0
 0 0 0 0 0 0 0 0 0 0 0 0 0 0 0 0 0 0 0 0 0 0 0 0 0 0 0 0 0 0 0 0 0 0 0 0
 0 0 0 0 0 0 0 0 0 0 0 0 0 0 0 0 0 0 0 0 0 0 0 0 0 0 0 0 0 0 0 0 0 0 0 0
 0 0 0 0 0 0 0 0 0 0 0 0 0 0 0 0 0 0 0 0 0 0 0 0 0 0 0 0 0 0 0 0 0 0 0 0
 0 0 0 0 0 0 0 0 0 0 0 0 0 0 0 0 0 0 0 0 0 0 0 0 0 0 0 0 0 0 0 0 0 0 0 0
 0 0 0 0 0 0 0 0 0 0 0 0 0 0 0 0 0 0 0 0 0 0 0 0 0 0 0 0 0 0 0 0 0 0 0 0
 0 0 0 0 0 0 0 0 1.78061e-05 0.00172719 0.00360574 0.0105946 0.0120993 0.0124554 0.0147524 0.0171206 0.0266825 0.0428682 0.0675386 0.121331 0.153587 0.119568 0.100827 0.0573624 0.0630603 0.0341343 0.0324427 0.0444173 0.0211091 0.0280891 0.0125444 0.00206551 0 0 0 0
 0 0 0 0 0 0 0 0 0 0 0 0 0 0 0 0 0 0 0 0 0 0 0 0 0 0 0 0 0 0 0 0 0 0 0 0
 0 0 0 0 0 0 0.0133647 0.0140871 0.0187388 0.0205184 0.03894 0.0496705 0.03968 0.0493445 0.0407372 0.0367815 0.0215668 0.0243155 0.0234873 0.0199281 0.019796 0.0243948 0.0301388 0.0376714 0.0412746 0.0863199 0.0771752 0.113111 0.0741005 0.0525337 0.0229764 0.00759418 0.00175318 0 0 0
 0 0 0 0 0 0 0 0 0 0 0.00219441 0.00772107 0.0458388 0.0604681 0.0671733 0.0775358 0.0609151 0.0617685 0.073594 0.0568108 0.0755445 0.0548602 0.0670107 0.0636378 0.0643287 0.046367 0.0373049 0.0286899 0.0247887 0.0153202 0.00654259 0.00121912 0.000365735 0 0 0
 0 0 0 0 0 0 0 0 0 0 0 0 0.000112435 0.00938835 0.0111873 0.0202946 0.0414886 0.0713402 0.111592 0.104902 0.108894 0.110636 0.117776 0.105296 0.107544 0.0401394 0.0192827 0.0124803 0.00416011 0.0028671 0.000618394 0 0 0 0 0
 0 0 0 0 0 0 0 0 0 0 0.00291406 0.0102884 0.027416 0.0768956 0.0749926 0.110853 0.0956884 0.0897413 0.0766577 0.0534642 0.0500743 0.0551293 0.0594112 0.0620874 0.0668451 0.0424026 0.0208742 0.0120726 0.0048766 0.00582813 0.00118941 0.000297354 0 0 0 0
 0 0.00264628 0.0354308 0.0461629 0.0458689 0.0383711 0.0214643 0.0164657 0.0346957 0.0420465 0.0363128 0.0245516 0.0311673 0.0291091 0.0169068 0.0133784 0.00837989 0.0085269 0.0148486 0.0160247 0.0276389 0.0546898 0.0760071 0.122758 0.109233 0.0665981 0.0333725 0.0166128 0.00676272 0.00308733 0.000882094 0 0 0 0 0
 0 0 0 0 0 0 0 0.000805153 0.000690131 0.00759144 0.0133425 0.0154129 0.00931677 0.000345066 0.00356568 0.00563607 0.00851162 0.0253048 0.0502646 0.0516448 0.0657925 0.0565908 0.0611916 0.0827007 0.0866115 0.110766 0.145733 0.0935128 0.0569358 0.0249597 0.0138026 0.00621118 0.00161031 0.00115022 0 0
 0 0 0 0 0 0 0 0 0 0 0 0 0 0 0 0 0 0 0 0 0 0 0 0 0 0 0 0 0 0 0 0 0 0 0 0
 0.00147267 0.00158595 0.00478618 0.00569244 0.00954404 0.0108468 0.00647125 0.017049 0.0510054 0.094081 0.124002 0.0959785 0.0687766 0.0820023 0.061753 0.0591476 0.0492212 0.0479892 0.0443925 0.0268479 0.0217502 0.0140895 0.0121071 0.0120363 0.00920419 0.00665534 0.0049561 0.00860946 0.00930331 0.0156896 0.0114698 0.00855282 0.00243557 0.00046729 0 2.83206e-05
 0 0 0 0 0.000772559 0.00158375 0.000888443 0.00281984 0.00712685 0.0440552 0.0773331 0.111326 0.0921469 0.0852325 0.0710754 0.0886704 0.0786465 0.0553345 0.0373146 0.0185414 0.00753245 0.00457741 0.012979 0.0271748 0.0457355 0.0583668 0.034881 0.0177882 0.00938659 0.00492506 0.0015258 0.00185414 0.000309023 5.79419e-05 3.86279e-05 0
 0 0.00173294 0.00326652 0 0.00397197 0.00683976 0.00946217 0.0152591 0.00757587 0.0136028 0.0228656 0.0392903 0.0559909 0.0764795 0.0681675 0.0726916 0.0566044 0.0477403 0.0527397 0.0444891 0.0609904 0.0582453 0.0661739 0.0445044 0.0529084 0.0360697 0.0280645 0.0235558 0.0158879 0.00826598 0.00280645 0.00217768 0.000904811 0.00058276 9.20147e-05 0
 0 0 0 0 0 0 0 0 0 0 0 0 0 0 0 0 0 0 0 0 0 0 0 0 0 0 0 0 0 0 0 0 0 0 0 0
 0 0 0 0 0 0 0 0 0 0 0 0 0 0 0 0 0 0 0 0 0 0 0 0 0 0 0 0 0 0 0 0 0 0 0 0
 0 0 0 0 0 0 0 0 0 0 0 0 0 0 0 0 0 0 0 0 0 0 0 0 0 0 0 0 0 0 0 0 0 0 0 0
ppred_pel_tallas
 1.10383e-16 1.05884e-05 6.20893e-05 0.000295029 0.00113568 0.00354134 0.00894549 0.0183064 0.0303555 0.0407987 0.0444817 0.0394375 0.0286707 0.0176224 0.0102218 0.00736184 0.00806477 0.0111157 0.0157419 0.0215033 0.0280125 0.0347866 0.0412498 0.0468234 0.0510409 0.0536388 0.0545926 0.0540838 0.0524181 0.0499264 0.0468856 0.0434808 0.0398132 0.0359346 0.0318904 0.0277498
 1.08711e-16 2.07953e-05 0.000122029 0.000580024 0.00223305 0.00696348 0.0175893 0.0359909 0.0596625 0.080136 0.0872325 0.0770136 0.0552783 0.0325641 0.0163762 0.00820227 0.00584428 0.00669776 0.00917208 0.0125562 0.0165119 0.0207628 0.0250037 0.0289189 0.0322359 0.0347705 0.0364471 0.0372852 0.037364 0.0367795 0.0356142 0.033926 0.0317588 0.0291623 0.0262111 0.0230127
 1.0765e-16 1.2496e-05 7.32809e-05 0.000348219 0.00134045 0.00417989 0.0105585 0.0216073 0.035829 0.0481548 0.0525007 0.0465445 0.033831 0.02078 0.0120234 0.00860493 0.00935333 0.0128075 0.0180163 0.0244108 0.0314764 0.0385873 0.0450226 0.0500862 0.0532575 0.0543053 0.0533288 0.0507058 0.0469745 0.0426899 0.038304 0.0341028 0.0302064 0.0266131 0.0232642 0.0200989
 1.08149e-16 1.62117e-05 9.51107e-05 0.000452034 0.00174022 0.00542659 0.0137074 0.0280489 0.0465011 0.0624708 0.0680364 0.0601457 0.0433445 0.0258839 0.0136664 0.00791718 0.00699101 0.0089119 0.012459 0.017042 0.0222946 0.0278355 0.0332201 0.0379919 0.041767 0.044303 0.0455304 0.0455344 0.0445008 0.0426497 0.0401813 0.0372502 0.0339692 0.0304294 0.0267242 0.022962
 1.0321e-16 3.24737e-05 0.000190598 0.000906022 0.00348825 0.0108778 0.0274764 0.0562201 0.0931902 0.125149 0.136181 0.120105 0.0859406 0.0500858 0.0241783 0.0104332 0.00529754 0.00459466 0.00577154 0.00771857 0.00999801 0.0123601 0.0145791 0.0164418 0.0177818 0.0185119 0.0186363 0.0182378 0.0174453 0.0163958 0.0152023 0.0139391 0.0126432 0.0113274 0.00999759 0.00866508
 1.02447e-16 1.77488e-05 0.000104116 0.000494803 0.00190482 0.00593984 0.015004 0.0307035 0.0509069 0.0684041 0.074536 0.065981 0.0477438 0.0288973 0.0159551 0.0103151 0.0102207 0.0135158 0.0188048 0.0252939 0.0323407 0.0392169 0.0451084 0.0492488 0.0510895 0.0504303 0.0474647 0.0427194 0.0369152 0.0307946 0.0249733 0.0198545 0.0156146 0.0122468 0.00963177 0.00760715
 1.01315e-16 3.60107e-05 0.000211366 0.00100476 0.00386844 0.0120634 0.0304711 0.0623473 0.103345 0.138782 0.151001 0.133145 0.0952032 0.0553463 0.0264594 0.0109735 0.00492207 0.00365218 0.00432489 0.00572253 0.00739698 0.0091308 0.0107459 0.0120766 0.0129914 0.013418 0.0133543 0.0128605 0.0120377 0.0109998 0.00984983 0.00866618 0.00750077 0.00638457 0.00533649 0.00437039
 1.02208e-16 4.67119e-06 2.73107e-05 0.0001296 0.000498596 0.0015545 0.00392743 0.00804227 0.0133545 0.0180058 0.0197815 0.0178947 0.0137824 0.0100058 0.00852117 0.0099921 0.0142506 0.0209321 0.0296737 0.0399773 0.0510463 0.0617633 0.0708317 0.0770281 0.0794841 0.0778973 0.0726041 0.0644813 0.0547198 0.0445446 0.0349728 0.0266708 0.0199302 0.0147344 0.0108741 0.00806093
 1.03075e-16 3.35809e-05 0.000197106 0.000936979 0.00360747 0.0112496 0.0284154 0.0581408 0.0963713 0.129413 0.1408 0.124129 0.088712 0.0514841 0.0244504 0.00986769 0.00403254 0.0026133 0.00298937 0.00407635 0.00553103 0.00724004 0.00912378 0.0110879 0.0130212 0.0148046 0.0163215 0.0174669 0.0181557 0.0183314 0.0179731 0.017101 0.0157783 0.0141056 0.0122099 0.0102277
 1.01862e-16 2.44053e-05 0.000143207 0.00068067 0.0026205 0.00817168 0.0206413 0.0422369 0.0700199 0.0940577 0.102414 0.0904801 0.0650819 0.038614 0.0199191 0.0107795 0.00863966 0.0104348 0.0142363 0.0190775 0.0243568 0.0294935 0.0338655 0.0368942 0.038171 0.0375544 0.0352044 0.0315338 0.0271001 0.0224725 0.0181177 0.0143348 0.0112458 0.00883048 0.00698332 0.00556873
 1.04072e-16 9.72857e-06 5.7024e-05 0.000270909 0.00104275 0.00325149 0.00821359 0.0168103 0.0278807 0.0374907 0.0409234 0.0363972 0.0267088 0.0169091 0.0106791 0.00892353 0.010824 0.015311 0.0216539 0.0293312 0.0377603 0.0461764 0.0536835 0.0594106 0.0626988 0.0632458 0.0611636 0.0569225 0.051215 0.0447817 0.0382627 0.03211 0.0265718 0.0217305 0.0175657 0.0140126
 1.09395e-16 1.15371e-05 6.7667e-05 0.000321564 0.00123788 0.00386007 0.00975046 0.0199527 0.0330816 0.0444511 0.0484336 0.0428695 0.0310104 0.0187531 0.0103356 0.00668024 0.00667567 0.00897465 0.012755 0.0176176 0.0232857 0.0294297 0.0356344 0.0414468 0.0464507 0.050332 0.0529136 0.0541498 0.0540934 0.052852 0.0505545 0.0473381 0.0433541 0.0387794 0.0338237 0.0287222
 1.03679e-16 3.39486e-05 0.000199261 0.000947216 0.00364687 0.0113724 0.0287258 0.0587762 0.0974257 0.130833 0.142353 0.12552 0.0897532 0.0521822 0.0249555 0.0103671 0.00468116 0.00351694 0.00420629 0.00561238 0.00732653 0.0091593 0.0109582 0.0125792 0.0139046 0.0148624 0.0154344 0.0156482 0.0155576 0.0152202 0.0146805 0.0139644 0.0130836 0.0120472 0.0108727 0.00959265
 1.02142e-16 1.90974e-05 0.000112034 0.00053245 0.00204978 0.00639188 0.0161458 0.0330396 0.0547787 0.0736019 0.0801876 0.0709548 0.0512795 0.0309105 0.0168379 0.0105419 0.0101083 0.0131984 0.0183051 0.0245896 0.031401 0.0380183 0.0436423 0.0475248 0.0491353 0.048289 0.0451907 0.0403736 0.0345606 0.0284926 0.022781 0.0178218 0.0137819 0.0106425 0.00827032 0.00648909
 1.04376e-16 1.49133e-05 8.74763e-05 0.000415713 0.00160033 0.00499032 0.0126055 0.0257954 0.0427694 0.0574705 0.0626247 0.0554427 0.0401314 0.0243179 0.0134822 0.00881165 0.008851 0.0118181 0.0165795 0.0225152 0.0291351 0.0358695 0.042057 0.0470429 0.0503115 0.051592 0.0509037 0.0485219 0.0448869 0.0404868 0.0357574 0.031024 0.0264917 0.0222685 0.0184043 0.0149231
 1.03673e-16 2.85465e-05 0.000167537 0.000796381 0.00306608 0.00956127 0.024151 0.0494165 0.0819147 0.110013 0.119726 0.105631 0.0756664 0.044266 0.0216845 0.00990102 0.00582665 0.00581824 0.00764456 0.0103182 0.0134115 0.0166317 0.0196865 0.0222896 0.0242095 0.0253137 0.0255866 0.0251163 0.0240559 0.0225775 0.0208329 0.0189339 0.0169529 0.0149362 0.0129209 0.0109469
 1.02536e-16 2.34805e-05 0.000137778 0.000654866 0.00252115 0.00786188 0.0198588 0.0406356 0.0673654 0.0904922 0.0985322 0.0870521 0.0626195 0.0371598 0.0191828 0.0104059 0.00837504 0.0101484 0.0138791 0.0186477 0.0238863 0.0290457 0.0335326 0.0367885 0.0384087 0.0382357 0.0363926 0.0332405 0.0292795 0.0250267 0.0209116 0.0172164 0.0140677 0.0114677 0.00934478 0.00760137
 1.03736e-16 1.63284e-05 9.57819e-05 0.000455194 0.00175234 0.00546434 0.0138029 0.0282454 0.046831 0.0629261 0.0685641 0.060688 0.0438997 0.0265435 0.0146099 0.00938465 0.00925668 0.0122551 0.0171201 0.023158 0.0298252 0.0365027 0.0424848 0.0470879 0.049794 0.0503633 0.048879 0.0457035 0.041371 0.0364525 0.0314392 0.0266762 0.0223513 0.0185263 0.0151865 0.0122874
 1.07359e-16 1.01936e-05 5.97669e-05 0.000283978 0.00109312 0.00340859 0.00861023 0.0176208 0.0292203 0.039278 0.0428373 0.0380117 0.0277039 0.017167 0.0102044 0.00770121 0.00874232 0.012177 0.0172636 0.0235561 0.0306284 0.0379341 0.0448181 0.0506204 0.0548072 0.0570754 0.0573977 0.0559904 0.0532264 0.0495253 0.045262 0.0407173 0.0360755 0.0314516 0.0269298 0.0225906
 1.04858e-16 2.9953e-05 0.0001758 0.000835677 0.0032174 0.0100332 0.025343 0.0518548 0.0859544 0.115432 0.125607 0.11078 0.0792679 0.0461984 0.0223064 0.00963879 0.00492553 0.00432583 0.00550243 0.00745527 0.0098082 0.0123587 0.0149201 0.0173039 0.0193447 0.0209256 0.0219908 0.0225397 0.0226077 0.0222441 0.0214955 0.0204001 0.0189939 0.0173201 0.0154381 0.0134257
 1.02136e-16 2.73426e-05 0.000160458 0.000762703 0.00293637 0.00915675 0.0231294 0.0473271 0.0784547 0.105377 0.114709 0.101272 0.0726916 0.0428215 0.0215255 0.0107467 0.00756967 0.00852613 0.0114584 0.0153413 0.0196216 0.0238235 0.0274522 0.0300471 0.0312786 0.0310248 0.0293987 0.026711 0.0233864 0.0198602 0.0164907 0.0135083 0.0110097 0.00898509 0.00736171 0.00604627
 1.02127e-16 2.35859e-05 0.000138398 0.000657815 0.00253251 0.0078973 0.0199482 0.0408185 0.0676683 0.0908979 0.0989711 0.0874329 0.0628784 0.0372836 0.0191925 0.010326 0.00821582 0.00990625 0.0135467 0.0182243 0.0233857 0.0285005 0.0329933 0.0363175 0.0380686 0.0380758 0.0364356 0.0334749 0.0296592 0.0254792 0.0213519 0.0175636 0.0142597 0.0114708 0.00915662 0.00724704
 1.02359e-16 2.62832e-05 0.00015424 0.000733146 0.00282258 0.00880189 0.022233 0.0454929 0.075414 0.101292 0.110261 0.0973419 0.069863 0.0411411 0.0206562 0.0102767 0.00720274 0.00810779 0.0109309 0.0147066 0.0189282 0.0231647 0.0269615 0.0298841 0.0316041 0.0319696 0.0310334 0.0290254 0.026284 0.0231705 0.0199958 0.0169774 0.0142337 0.0118034 0.00967745 0.00782825
 1.02718e-16 2.16657e-05 0.000127123 0.000604205 0.00232609 0.00725358 0.0183223 0.037492 0.0621552 0.0834973 0.0909265 0.0803579 0.0578592 0.0344461 0.017987 0.0100881 0.00850765 0.01055 0.0145196 0.0195596 0.0251166 0.0306343 0.0355012 0.0391347 0.0411031 0.0412226 0.0395936 0.0365601 0.0326119 0.0282639 0.0239517 0.0199716 0.0164715 0.0134804 0.0109554 0.00882647
 1.06116e-16 5.02106e-06 2.9384e-05 0.0001395 0.000536784 0.00167364 0.00422811 0.00865591 0.0143657 0.0193461 0.0211931 0.0190285 0.0143519 0.00985173 0.00754391 0.00804055 0.0110699 0.0161962 0.0230764 0.0313487 0.0404682 0.0496572 0.057985 0.0645374 0.0686117 0.0698674 0.0683858 0.064615 0.0592295 0.0529558 0.0464224 0.0400744 0.0341624 0.0287831 0.0239439 0.0196198
pSPR Fmed_Fpbrs
0.550295   0.255602 0.255602
Fs Fmed_Fpbrs
0.336156   1.005 1.005
SSBpbr Bo_Bmed_Bpbrs
961021  480794  197588 197588
Ro
30946
SPR SPRFo_SPRFmed_SPRFpbrs
635563 349747 162451
log_Ro
10.16
likeval ReclasPelacesDesembMPH_pf_preclas_ppelaces_ptallas_desvR_qrecl_qpela
 124.14 98.7466 1.15531 0.000620351 370.741 214.344 84.7254 0 27.9633 0 0 0 0 0 0
q_reclas_q_pelaces
1 1
M
0.7
N
 21313.8 18398.1 9136.2 4536.9 4475.36
 38346.5 9478.04 7326.46 3638.21 3588.86
 14020.6 16252.9 3428.75 2650.4 2614.45
 10285.3 4546.44 3441.48 726.021 1114.81
 45867.9 4415.98 1687.71 1277.53 683.342
 26943.2 22145.5 2072.94 792.241 920.469
 138879 9600.52 5662.19 530.012 437.907
 13330.2 61122.6 3744.81 2208.61 377.55
 148353 5308.88 19522.6 1196.1 826.022
 151464 58524.3 1663.76 6118.22 633.715
 40794.3 65571.2 22087.5 627.916 2548.23
 21813.7 15148 18206.6 6132.88 881.897
 88114 7697.98 3798.9 4565.97 1759.21
 32564.8 28700.9 1644.69 811.642 1351.39
 10521.4 9529.38 4949.18 283.61 372.993
 18840.1 3229.27 1807.72 938.857 124.557
 18726.1 7325.14 983.056 550.307 323.725
 12189 7929.97 2645.28 355.004 315.633
 5321.89 5388.67 3121.07 1041.12 263.948
 22638.1 2303.02 2032.13 1176.99 492.158
 36185.7 9384.57 796.992 703.246 577.631
 47278.1 16701.7 4025.96 341.908 549.493
 85765.3 21523.2 6970.47 1680.24 372.027
 95101.8 38890 8911.8 2886.16 849.751
 15646.5 43648.3 16496.9 3780.32 1584.75
pred_Ctot
 1612.06 2654.43 1318.15 654.574 645.694
 4076.72 1884.67 1456.84 723.445 713.631
 3585.35 7034.48 1484.01 1147.13 1131.57
 1009.96 839.395 635.389 134.043 205.823
 916.467 174.303 66.6154 50.4253 26.9722
 5578.23 8023.07 751.003 287.02 333.475
 11437.5 1501.77 885.713 82.9075 68.5
 1922.49 16085.4 985.51 581.233 99.3585
 22226.6 1446.05 5317.64 325.797 224.995
 14077.3 10261.7 291.724 1072.77 111.116
 7524.9 21489.3 7238.65 205.784 835.121
 4629.13 5605.42 6737.27 2269.44 326.341
 22336.3 3307.87 1632.41 1962.03 755.943
 9913.59 14292.7 819.033 404.187 672.973
 2970.54 4470.08 2321.58 133.037 174.965
 2982.39 924.184 517.351 268.691 35.647
 2001.1 1463.58 196.417 109.953 64.6811
 968.414 1198.91 399.931 53.6719 47.7195
 495.957 947.243 548.634 183.013 46.3979
 2717.73 512.544 452.256 261.943 109.531
 1843.48 926.364 78.6722 69.4184 57.0188
 2844.61 1935.81 466.628 39.6287 63.689
 5386.33 2599.58 841.896 202.94 44.9336
 5205.13 4114.44 942.841 305.347 89.901
 1009.29 5408.92 2044.3 468.46 196.383
F
 0.110376 0.220752 0.220752 0.220752 0.220752
 0.158391 0.316781 0.316781 0.316781 0.316781
 0.426186 0.852373 0.852373 0.852373 0.852373
 0.145487 0.290975 0.290975 0.290975 0.290975
 0.0281298 0.0562597 0.0562597 0.0562597 0.0562597
 0.331913 0.663826 0.663826 0.663826 0.663826
 0.120723 0.241446 0.241446 0.241446 0.241446
 0.220654 0.441309 0.441309 0.441309 0.441309
 0.230151 0.460302 0.460302 0.460302 0.460302
 0.137214 0.274428 0.274428 0.274428 0.274428
 0.290675 0.58135 0.58135 0.58135 0.58135
 0.341577 0.683155 0.683155 0.683155 0.683155
 0.421704 0.843408 0.843408 0.843408 0.843408
 0.528852 1.0577 1.0577 1.0577 1.0577
 0.481157 0.962315 0.962315 0.962315 0.962315
 0.244673 0.489345 0.489345 0.489345 0.489345
 0.159269 0.318537 0.318537 0.318537 0.318537
 0.116237 0.232475 0.232475 0.232475 0.232475
 0.137607 0.275213 0.275213 0.275213 0.275213
 0.180567 0.361133 0.361133 0.361133 0.361133
 0.0731519 0.146304 0.146304 0.146304 0.146304
 0.0869142 0.173828 0.173828 0.173828 0.173828
 0.0908779 0.181756 0.181756 0.181756 0.181756
 0.0787832 0.157566 0.157566 0.157566 0.157566
 0.0934454 0.186891 0.186891 0.186891 0.186891
nmprior
 10.6 11 7 0
nm_flota  nm_reclas  nm_pelaces    nm_pelaL
inf 13.8455 8.63541 16.488
cv_recla  cv_pelaces  cv_mph
1.00781 1.12676 0.808085
 ------------------------------------------------
Talla a la edad & desviación 
 7.2 14.2025 17.0495 18.207 18.6776
 1.08 2.13037 2.55742 2.73105 2.80164
