years
 1997 1998 1999 2000 2001 2002 2003 2004 2005 2006 2007 2008 2009 2010 2011 2012 2013 2014 2015 2016 2017 2018 2019 2020 2021
reclasobs
 0 0 0 370054 412103 1.49427e+06 250295 1.28982e+06 931140 785840 897777 1.04006e+06 184774 17550 25797 100020 73551 82996 120727 218422 84188 347160 605670 569463 516374
reclaspred
 1.50847e+06 265785 522914 175243 270773 353427 721403 630621 672884 857189 909077 688871 387496 151755 85188.5 76752.4 80765.9 109697 131024 133506 201505 212373 351525 409469 348377
pelacesobs
 0 0 0 0 0 0 0 0 0 2.06254e+06 1.5e+06 0 1.87456e+06 323000 250000 174000 83755 137374 0 501740 490994 745055 786931 1.00524e+06 1.33801e+06
pelacespred
 4.09864e+06 1.41055e+06 744141 644354 903976 768595 2.12783e+06 1.93028e+06 1.8724e+06 2.5759e+06 2.30163e+06 1.86111e+06 987650 297407 165610 167863 182101 270906 336507 316315 599249 627232 752000 1.03815e+06 821615
mphobs
 0 0 0 0 0 112323 0 153150 637223 0 255016 313432 73983 77613 109348 50772 0 0 0 0 0 0 0 0 0
mphpred
 397728 161789 150794 69789.2 60035.7 144280 166428 284519 255369 285091 382288 281550 173918 96324.1 46299.9 31912.1 29053.9 35642.6 46991.8 44647.8 58040.2 77583.6 93110.9 129113 140672
desembarqueobs
 350755 77701 442110 56441 14545 235359 269955 359681 431902 328805 639364 411747 362871 311530 167758 66681 60226 58785 57116 73181 50977 67692 138656 160484 209506
desembarquepred
 350731 77663.6 441564 56422.1 14543.9 235239 269921 359168 431472 328549 638314 411123 362206 310966 167242 66613.4 60200.5 58710.2 57039.3 73102.5 50963.6 67629.6 138558 160383 209366
Reclutas
 17193.8 45118 4561.04 8845.55 39062.1 16353.6 63366.8 58638.9 69147.8 113733 71563.1 47308.3 52378.6 29424.4 12329.6 9614.46 7452.3 9270.73 7825.41 9877.33 15950.1 19290.7 31579.4 32113.4 3773.69
log_desv_Rt
 -0.227697 0.737037 -1.55469 -0.89233 0.592909 -0.277797 1.0767 0.999154 1.164 1.66161 1.19834 0.78444 0.886254 0.309578 -0.560243 -0.808976 -1.06372 -0.845383 -1.01487 -0.782002 -0.302777 -0.112621 0.38026 0.397028 -1.74419
SSB
 607313 247045 230256 106565 91672 220309 254129 434448 389938 435322 583738 429916 265565 147083 70698 48728.3 44364.1 54424.8 71754.5 68175.2 88624.9 118467 142176 197150 214801
BT
 1.19811e+06 382941 380115 179739 284809 338937 1.07086e+06 983491 1.0508e+06 1.17702e+06 1.22995e+06 864306 689475 398306 201458 108068 108809 135802 127573 146072 221369 197340 276990 389774 312508
Ftot
 0.619337 0.912218 1.93901 0.88234 0.213965 1.6643 1.40586 1.80461 2.03964 1.3554 1.95752 1.63207 2.69342 4.95303 4.95303 2.48841 2.25516 1.70747 1.22499 1.58977 0.823244 0.92249 1.13844 1.14785 1.43728
BD_Bspro_t
 0.932567 0.634902 0.518895 0.20319 0.276176 0.525218 0.414818 0.500973 0.427939 0.412533 0.447965 0.311998 0.219182 0.148385 0.0870226 0.0748626 0.0946236 0.156411 0.240482 0.27644 0.362697 0.496899 0.499173 0.503235 0.451753
BD_Bspro
 1.36962 0.557139 0.519276 0.240327 0.20674 0.496843 0.573115 0.979772 0.879393 0.981743 1.31645 0.969551 0.598906 0.331703 0.159439 0.109893 0.100051 0.122739 0.161822 0.15375 0.199868 0.267168 0.320638 0.444615 0.484421
BD_Bo
 0.826634 0.336261 0.313409 0.145049 0.124778 0.29987 0.345904 0.591341 0.530758 0.592531 0.794545 0.585172 0.36147 0.200199 0.0962294 0.0663257 0.0603855 0.0740794 0.0976674 0.0927955 0.12063 0.161249 0.193521 0.268347 0.292372
BD_Brms
 1.50297 0.611383 0.569835 0.263726 0.226869 0.545218 0.628916 1.07517 0.965014 1.07733 1.44463 1.06395 0.657218 0.363999 0.174963 0.120592 0.109792 0.13469 0.177577 0.168719 0.219328 0.29318 0.351856 0.487904 0.531585
S_f
 0.0769075 0.646706 0.975739 0.99887 0.999948
 0.0769075 0.646706 0.975739 0.99887 0.999948
 0.0769075 0.646706 0.975739 0.99887 0.999948
 0.0769075 0.646706 0.975739 0.99887 0.999948
 0.0769075 0.646706 0.975739 0.99887 0.999948
 0.0769075 0.646706 0.975739 0.99887 0.999948
 0.0769075 0.646706 0.975739 0.99887 0.999948
 0.0769075 0.646706 0.975739 0.99887 0.999948
 0.0769075 0.646706 0.975739 0.99887 0.999948
 0.0769075 0.646706 0.975739 0.99887 0.999948
 0.0769075 0.646706 0.975739 0.99887 0.999948
 0.0769075 0.646706 0.975739 0.99887 0.999948
 0.0769075 0.646706 0.975739 0.99887 0.999948
 0.0769075 0.646706 0.975739 0.99887 0.999948
 0.0769075 0.646706 0.975739 0.99887 0.999948
 0.0769075 0.646706 0.975739 0.99887 0.999948
 0.0769075 0.646706 0.975739 0.99887 0.999948
 0.0769075 0.646706 0.975739 0.99887 0.999948
 0.0769075 0.646706 0.975739 0.99887 0.999948
 0.0769075 0.646706 0.975739 0.99887 0.999948
 0.0769075 0.646706 0.975739 0.99887 0.999948
 0.0769075 0.646706 0.975739 0.99887 0.999948
 0.0769075 0.646706 0.975739 0.99887 0.999948
 0.0769075 0.646706 0.975739 0.99887 0.999948
 0.0769075 0.646706 0.975739 0.99887 0.999948
Scru_reclas
 0.214737 0.579163 0.873833 0.972111 0.994332
 0.214737 0.579163 0.873833 0.972111 0.994332
 0.214737 0.579163 0.873833 0.972111 0.994332
 0.214737 0.579163 0.873833 0.972111 0.994332
 0.214737 0.579163 0.873833 0.972111 0.994332
 0.214737 0.579163 0.873833 0.972111 0.994332
 0.214737 0.579163 0.873833 0.972111 0.994332
 0.214737 0.579163 0.873833 0.972111 0.994332
 0.214737 0.579163 0.873833 0.972111 0.994332
 0.214737 0.579163 0.873833 0.972111 0.994332
 0.214737 0.579163 0.873833 0.972111 0.994332
 0.214737 0.579163 0.873833 0.972111 0.994332
 0.214737 0.579163 0.873833 0.972111 0.994332
 0.214737 0.579163 0.873833 0.972111 0.994332
 0.214737 0.579163 0.873833 0.972111 0.994332
 0.214737 0.579163 0.873833 0.972111 0.994332
 0.214737 0.579163 0.873833 0.972111 0.994332
 0.214737 0.579163 0.873833 0.972111 0.994332
 0.214737 0.579163 0.873833 0.972111 0.994332
 0.214737 0.579163 0.873833 0.972111 0.994332
 0.214737 0.579163 0.873833 0.972111 0.994332
 0.214737 0.579163 0.873833 0.972111 0.994332
 0.214737 0.579163 0.873833 0.972111 0.994332
 0.214737 0.579163 0.873833 0.972111 0.994332
 0.214737 0.579163 0.873833 0.972111 0.994332
Scru_pelaces
 0.180488 0.525702 0.84798 0.965603 0.992971
 0.180488 0.525702 0.84798 0.965603 0.992971
 0.180488 0.525702 0.84798 0.965603 0.992971
 0.180488 0.525702 0.84798 0.965603 0.992971
 0.180488 0.525702 0.84798 0.965603 0.992971
 0.180488 0.525702 0.84798 0.965603 0.992971
 0.180488 0.525702 0.84798 0.965603 0.992971
 0.180488 0.525702 0.84798 0.965603 0.992971
 0.180488 0.525702 0.84798 0.965603 0.992971
 0.180488 0.525702 0.84798 0.965603 0.992971
 0.180488 0.525702 0.84798 0.965603 0.992971
 0.180488 0.525702 0.84798 0.965603 0.992971
 0.180488 0.525702 0.84798 0.965603 0.992971
 0.180488 0.525702 0.84798 0.965603 0.992971
 0.180488 0.525702 0.84798 0.965603 0.992971
 0.180488 0.525702 0.84798 0.965603 0.992971
 0.180488 0.525702 0.84798 0.965603 0.992971
 0.180488 0.525702 0.84798 0.965603 0.992971
 0.180488 0.525702 0.84798 0.965603 0.992971
 0.180488 0.525702 0.84798 0.965603 0.992971
 0.180488 0.525702 0.84798 0.965603 0.992971
 0.180488 0.525702 0.84798 0.965603 0.992971
 0.180488 0.525702 0.84798 0.965603 0.992971
 0.180488 0.525702 0.84798 0.965603 0.992971
 0.180488 0.525702 0.84798 0.965603 0.992971
pf_obs 
 0.256992 0.487395 0.22802 0.0275931 0
 0.321318 0.546541 0.124235 0.00734118 0.000564706
 0.182869 0.594174 0.210203 0.0122559 0.00049798
 0.330522 0.361315 0.267642 0.0388342 0.00168674
 0.649043 0.306663 0.0425973 0.00169635 0
 0.582887 0.30429 0.105238 0.00758474 0
 0.465427 0.430635 0.0974691 0.00646863 0
 0.296916 0.608066 0.0921331 0.00288517 0
 0.311714 0.524322 0.152257 0.0117073 0
 0.15457 0.633149 0.183074 0.0267441 0.00246327
 0.131901 0.49318 0.331252 0.0422183 0.00144891
 0.196976 0.569456 0.194076 0.0375587 0.00193317
 0.518974 0.381816 0.0799577 0.0180837 0.00116848
 0.0928022 0.601141 0.25162 0.0475244 0.00691264
 0.122501 0.610282 0.24278 0.0234846 0.000952079
 0.383417 0.481906 0.127806 0.00687128 0
 0.0376549 0.599619 0.316969 0.0457579 0
 0.0361596 0.667082 0.258105 0.0386534 0
 0.158088 0.579412 0.248529 0.0139706 0
 0.0477256 0.309471 0.559284 0.082774 0.000745712
 0.0406174 0.521527 0.379366 0.0568643 0.0016247
 0.151134 0.462217 0.34131 0.0453401 0
 0.294876 0.26143 0.354403 0.0886775 0.000613685
 0.281977 0.475581 0.204845 0.0348837 0.00271318
 0.0354234 0.537034 0.353287 0.0723622 0.0018943
pf_pred 
 0.0813388 0.615175 0.268175 0.0353048 6.88181e-06
 0.264393 0.323199 0.318965 0.0828688 0.0105744
 0.0315187 0.791132 0.104069 0.057139 0.0161406
 0.170121 0.255922 0.523686 0.0301607 0.0201109
 0.452746 0.379321 0.0740915 0.0858872 0.00795414
 0.114232 0.770765 0.0897814 0.0112889 0.0139329
 0.473402 0.32532 0.188283 0.0102552 0.00273964
 0.254379 0.689179 0.0431986 0.0124235 0.000819754
 0.294171 0.579839 0.121561 0.00342975 0.000998284
 0.35144 0.558578 0.0823828 0.00734609 0.000252871
 0.181936 0.706604 0.103139 0.00764484 0.000674993
 0.168442 0.63351 0.185412 0.0117396 0.000896565
 0.282606 0.534723 0.159383 0.0218691 0.00141938
 0.267527 0.663889 0.0612449 0.00645862 0.000880376
 0.254589 0.711882 0.0329179 0.000551911 5.87489e-05
 0.304875 0.65737 0.0374336 0.000315977 5.20871e-06
 0.244689 0.668916 0.0845688 0.00181126 1.45632e-05
 0.303584 0.584183 0.106709 0.00541344 0.000110041
 0.206062 0.672908 0.111163 0.00940354 0.000463099
 0.260091 0.546634 0.176821 0.0151628 0.00129122
 0.3019 0.567757 0.111561 0.0172512 0.00153058
 0.233739 0.608901 0.139215 0.0156071 0.00253794
 0.290242 0.528817 0.158239 0.0201674 0.00253451
 0.220375 0.634437 0.122961 0.0195344 0.00269273
 0.0310369 0.727044 0.215942 0.0221337 0.00384331
pobs_RECLAS
 0 0 0 0 0
 0 0 0 0 0
 0 0 0 0 0
 0 0 0 0 0
 0.835266 0.146461 0.0176864 0.000547809 3.91292e-05
 0.385257 0.428462 0.181853 0.0044286 0
 0.867414 0.0963971 0.0333333 0.00285562 0
 0.441836 0.489002 0.0689373 0.000224442 0
 0.779404 0.147425 0.0564933 0.0165055 0.000172143
 0.814271 0.122319 0.05973 0.00367925 0
 0.40263 0.566651 0.0304383 0.000280538 0
 0.475488 0.404961 0.113038 0.00651328 0
 0.955842 0.0263864 0.0167828 0.000988607 0
 0.975058 0.0227948 0.00214734 0 0
 0.738997 0.206755 0.0527124 0.00153531 0
 0.850938 0.134255 0.0134407 0.00136685 0
 0.542534 0.407297 0.0501686 0 0
 0.764087 0.199537 0.0359546 0.000420521 0
 0.470689 0.182191 0.310203 0.0369168 0
 0.84361 0.089868 0.0606195 0.00523954 0.000663233
 0.607945 0.314616 0.071237 0.00620181 0
 0.523733 0.453247 0.0230204 0 0
 0.530135 0.295979 0.169645 0.0042399 0
 0.562478 0.366248 0.0663022 0.0049721 0
 0.250443 0.683176 0.0655157 0.000865301 0
ppred_RECLAS
 0.221479 0.523066 0.22352 0.0319289 6.3587e-06
 0.541474 0.203204 0.193679 0.0545343 0.00710927
 0.104355 0.741829 0.0872938 0.0516271 0.0148947
 0.404083 0.186965 0.370108 0.0231045 0.0157391
 0.719489 0.191839 0.0372822 0.0469475 0.00444238
 0.309423 0.606055 0.0646804 0.00877708 0.0110649
 0.756271 0.154092 0.0833879 0.00490965 0.0013398
 0.544811 0.423222 0.0240171 0.00744719 0.000501903
 0.602522 0.333142 0.0618973 0.00187976 0.000558786
 0.6472 0.306188 0.0423811 0.00408637 0.00014369
 0.443733 0.487228 0.0635113 0.00507016 0.000457211
 0.414801 0.45411 0.122094 0.00834472 0.000650956
 0.610931 0.302617 0.0747431 0.0109806 0.000727672
 0.66536 0.314478 0.0179094 0.00197742 0.000274927
 0.645968 0.34402 0.00982031 0.000172389 1.87167e-05
 0.622794 0.359692 0.0173542 0.000157116 2.64468e-06
 0.545016 0.409059 0.0448836 0.001033 8.48198e-06
 0.604412 0.336363 0.0560909 0.00307008 6.3743e-05
 0.465148 0.456549 0.0714343 0.00653885 0.00032896
 0.550828 0.338184 0.100839 0.00933681 0.000812145
 0.584302 0.339188 0.0646828 0.0108443 0.000982965
 0.499854 0.399494 0.0881611 0.010711 0.00177943
 0.57719 0.318039 0.0906571 0.0125083 0.00160588
 0.48494 0.421934 0.0778518 0.0133889 0.00188541
 0.0990259 0.686092 0.190089 0.0210576 0.00373505
pobs_PELACES
 0 0 0 0 0
 0 0 0 0 0
 0 0 0 0 0
 0 0 0 0 0
 0 0 0 0 0
 0 0 0 0 0
 0 0 0 0 0
 0 0 0 0 0
 0 0 0 0 0
 0 0 0 0 0
 0.450072 0.473896 0.0757376 0.000293798 0
 0 0 0 0 0
 0.463077 0.371075 0.160297 0.00555027 0
 0.529543 0.364841 0.0842815 0.0213345 0
 0.631943 0.363953 0.00410389 0 0
 0.735681 0.248677 0.0153453 0.000297389 0
 0.695825 0.281241 0.0229344 0 0
 0.275771 0.60734 0.115278 0.00161068 0
 0 0 0 0 0
 0.896147 0.0623911 0.0374545 0.00400742 0
 0.803859 0.145111 0.0509908 3.86294e-05 0
 0.739449 0.233085 0.0266225 0.000797448 4.60066e-05
 0.878498 0.100942 0.0204185 0.000141795 0
 0.694673 0.275183 0.0284847 0.00165964 0
 0.469039 0.446079 0.0841089 0.000773354 0
ppred_PELACES
 0.228264 0.518182 0.221338 0.0322103 6.44772e-06
 0.568679 0.194144 0.179175 0.0512822 0.00671898
 0.13712 0.731047 0.0745086 0.0444425 0.0128817
 0.430237 0.182114 0.350204 0.0222274 0.0152181
 0.708284 0.195904 0.0397683 0.0511758 0.00486808
 0.36497 0.564552 0.0537651 0.00737372 0.00934001
 0.794158 0.134153 0.0666266 0.00397246 0.00108932
 0.610769 0.364946 0.0182012 0.00569791 0.000385821
 0.678312 0.276008 0.043934 0.00134461 0.000401556
 0.688866 0.27277 0.0348405 0.00340315 0.000120249
 0.520501 0.427145 0.0481286 0.00387445 0.000351014
 0.477357 0.415225 0.0999702 0.00690725 0.000541396
 0.716391 0.230939 0.0455179 0.00670553 0.000446324
 0.827021 0.166331 0.00591448 0.000643637 8.9808e-05
 0.812522 0.184133 0.0032819 5.67828e-05 6.18717e-06
 0.711157 0.277805 0.0109368 9.94446e-05 1.68141e-06
 0.632809 0.33565 0.0308221 0.000713716 5.88701e-06
 0.664822 0.289829 0.0429265 0.00237382 4.95211e-05
 0.505763 0.4258 0.0623559 0.00578811 0.000292625
 0.61086 0.300366 0.0805707 0.00754402 0.000659348
 0.603957 0.324324 0.0604678 0.0103118 0.000939432
 0.525523 0.38135 0.0813968 0.0100515 0.00167826
 0.613417 0.294678 0.0793602 0.011111 0.00143355
 0.522099 0.39534 0.068847 0.0120138 0.00170015
 0.119781 0.683988 0.173327 0.0194392 0.0034647
pobs_pel_tallas
 0 0 0 0 0 0 0 0 0 0 0 0 0 0 0 0 0 0 0 0 0 0 0 0 0 0 0 0 0 0 0 0 0 0 0 0
 0 0 0 0 0 0 0 0 0 0 0 0 0 0 0 0 0 0 0 0 0 0 0 0 0 0 0 0 0 0 0 0 0 0 0 0
 0 0 0 0 0 0 0 0 0 0 0 0 0 0 0 0 0 0 0 0 0 0 0 0 0 0 0 0 0 0 0 0 0 0 0 0
 0 0 0 0 0 0 0 0 0 0 0 0 0 0 0 0 0 0 0 0 0 0 0 0 0 0 0 0 0 0 0 0 0 0 0 0
 0 0 0 0 0 0 0 0 0 0 0 0 0 0 0 0 0 0 0 0 0 0 0 0 0 0 0 0 0 0 0 0 0 0 0 0
 0 0 0 0 0 0 0 0 0 0 0 0 0 0 0 0 0 0 0 0 0 0 0 0 0 0 0 0 0 0 0 0 0 0 0 0
 0 0 0 0 0 0 0 0 0 0 0 0 0 0 0 0 0 0 0 0 0 0 0 0 0 0 0 0 0 0 0 0 0 0 0 0
 0 0 0 0 0 0 0 0 0 0 0 0 0 0 0 0 0 0 0 0 0 0 0 0 0 0 0 0 0 0 0 0 0 0 0 0
 0 0 0 0 0 0 0 0 0 0 0 0 0 0 0 0 0 0 0 0 0 0 0 0 0 0 0 0 0 0 0 0 0 0 0 0
 0 0 0 0 0 0 0 0 0 0 0 0 0 0 0 0 0 0 0 0 0 0 0 0 0 0 0 0 0 0 0 0 0 0 0 0
 0 0 0 0 0 0 0 0 1.78061e-05 0.00172719 0.00360574 0.0105946 0.0120993 0.0124554 0.0147524 0.0171206 0.0266825 0.0428682 0.0675386 0.121331 0.153587 0.119568 0.100827 0.0573624 0.0630603 0.0341343 0.0324427 0.0444173 0.0211091 0.0280891 0.0125444 0.00206551 0 0 0 0
 0 0 0 0 0 0 0 0 0 0 0 0 0 0 0 0 0 0 0 0 0 0 0 0 0 0 0 0 0 0 0 0 0 0 0 0
 0 0 0 0 0 0 0.0133647 0.0140871 0.0187388 0.0205184 0.03894 0.0496705 0.03968 0.0493445 0.0407372 0.0367815 0.0215668 0.0243155 0.0234873 0.0199281 0.019796 0.0243948 0.0301388 0.0376714 0.0412746 0.0863199 0.0771752 0.113111 0.0741005 0.0525337 0.0229764 0.00759418 0.00175318 0 0 0
 0 0 0 0 0 0 0 0 0 0 0.00219441 0.00772107 0.0458388 0.0604681 0.0671733 0.0775358 0.0609151 0.0617685 0.073594 0.0568108 0.0755445 0.0548602 0.0670107 0.0636378 0.0643287 0.046367 0.0373049 0.0286899 0.0247887 0.0153202 0.00654259 0.00121912 0.000365735 0 0 0
 0 0 0 0 0 0 0 0 0 0 0 0 0.000112435 0.00938835 0.0111873 0.0202946 0.0414886 0.0713402 0.111592 0.104902 0.108894 0.110636 0.117776 0.105296 0.107544 0.0401394 0.0192827 0.0124803 0.00416011 0.0028671 0.000618394 0 0 0 0 0
 0 0 0 0 0 0 0 0 0 0 0.00291406 0.0102884 0.027416 0.0768956 0.0749926 0.110853 0.0956884 0.0897413 0.0766577 0.0534642 0.0500743 0.0551293 0.0594112 0.0620874 0.0668451 0.0424026 0.0208742 0.0120726 0.0048766 0.00582813 0.00118941 0.000297354 0 0 0 0
 0 0.00264628 0.0354308 0.0461629 0.0458689 0.0383711 0.0214643 0.0164657 0.0346957 0.0420465 0.0363128 0.0245516 0.0311673 0.0291091 0.0169068 0.0133784 0.00837989 0.0085269 0.0148486 0.0160247 0.0276389 0.0546898 0.0760071 0.122758 0.109233 0.0665981 0.0333725 0.0166128 0.00676272 0.00308733 0.000882094 0 0 0 0 0
 0 0 0 0 0 0 0 0.000805153 0.000690131 0.00759144 0.0133425 0.0154129 0.00931677 0.000345066 0.00356568 0.00563607 0.00851162 0.0253048 0.0502646 0.0516448 0.0657925 0.0565908 0.0611916 0.0827007 0.0866115 0.110766 0.145733 0.0935128 0.0569358 0.0249597 0.0138026 0.00621118 0.00161031 0.00115022 0 0
 0 0 0 0 0 0 0 0 0 0 0 0 0 0 0 0 0 0 0 0 0 0 0 0 0 0 0 0 0 0 0 0 0 0 0 0
 0.00147267 0.00158595 0.00478618 0.00569244 0.00954404 0.0108468 0.00647125 0.017049 0.0510054 0.094081 0.124002 0.0959785 0.0687766 0.0820023 0.061753 0.0591476 0.0492212 0.0479892 0.0443925 0.0268479 0.0217502 0.0140895 0.0121071 0.0120363 0.00920419 0.00665534 0.0049561 0.00860946 0.00930331 0.0156896 0.0114698 0.00855282 0.00243557 0.00046729 0 2.83206e-05
 0 0 0 0 0.000772559 0.00158375 0.000888443 0.00281984 0.00712685 0.0440552 0.0773331 0.111326 0.0921469 0.0852325 0.0710754 0.0886704 0.0786465 0.0553345 0.0373146 0.0185414 0.00753245 0.00457741 0.012979 0.0271748 0.0457355 0.0583668 0.034881 0.0177882 0.00938659 0.00492506 0.0015258 0.00185414 0.000309023 5.79419e-05 3.86279e-05 0
 0 0.00173294 0.00326652 0 0.00397197 0.00683976 0.00946217 0.0152591 0.00757587 0.0136028 0.0228656 0.0392903 0.0559909 0.0764795 0.0681675 0.0726916 0.0566044 0.0477403 0.0527397 0.0444891 0.0609904 0.0582453 0.0661739 0.0445044 0.0529084 0.0360697 0.0280645 0.0235558 0.0158879 0.00826598 0.00280645 0.00217768 0.000904811 0.00058276 9.20147e-05 0
 0 0 0 0 0 0 0 0 0 0 0 0 0 0 0 0 0 0 0 0 0 0 0 0 0 0 0 0 0 0 0 0 0 0 0 0
 0 0 0 0 0 0 0 0 0 0 0 0 0 0 0 0 0 0 0 0 0 0 0 0 0 0 0 0 0 0 0 0 0 0 0 0
 0 0 0 0 0 0 0 0 0 0 0 0 0 0 0 0 0 0 0 0 0 0 0 0 0 0 0 0 0 0 0 0 0 0 0 0
ppred_pel_tallas
 1.04418e-16 9.98754e-06 5.85481e-05 0.000278163 0.0010707 0.00333865 0.00843368 0.0172603 0.0286254 0.0384873 0.0419984 0.0373229 0.0273225 0.0171689 0.0106225 0.00859067 0.0102131 0.0143814 0.0203534 0.0276278 0.035669 0.0437775 0.0511282 0.0569097 0.060494 0.0615698 0.0601977 0.0567632 0.0518573 0.0461244 0.0401312 0.0342904 0.0288478 0.0239138 0.019516 0.0156455
 1.04683e-16 2.4818e-05 0.000145646 0.000692303 0.00266535 0.00831161 0.0209945 0.0429582 0.0712105 0.0956412 0.104096 0.0918674 0.0658648 0.0386486 0.0191528 0.00912262 0.00590098 0.00634836 0.00854585 0.0116424 0.0152544 0.0190946 0.0228561 0.026224 0.0289262 0.0307801 0.0317155 0.0317661 0.0310381 0.0296699 0.027799 0.0255454 0.0230121 0.0202943 0.0174895 0.0147005
 1.03425e-16 6.02145e-06 3.52451e-05 0.000167338 0.00064392 0.00200771 0.0050721 0.0103838 0.0172333 0.0232077 0.0254227 0.0228246 0.0172111 0.0118048 0.00901806 0.00957372 0.0131251 0.0191164 0.0270877 0.0365421 0.0467546 0.0567229 0.0652819 0.0713261 0.0740609 0.0731914 0.0689891 0.0622049 0.05387 0.0450489 0.0366264 0.0291849 0.0229842 0.0180227 0.0141388 0.0111091
 1.06506e-16 1.87812e-05 0.000110205 0.000523813 0.00201662 0.00628856 0.0158845 0.0325027 0.0538804 0.0723711 0.0787835 0.0695628 0.0499493 0.0294647 0.0148956 0.00759944 0.00561097 0.00660415 0.00917382 0.012711 0.016939 0.0216242 0.0264831 0.031191 0.0354246 0.0389061 0.0414325 0.0428842 0.0432178 0.0424516 0.0406551 0.0379443 0.0344818 0.0304734 0.0261572 0.0217823
 1.02615e-16 3.09051e-05 0.000181383 0.000862205 0.00331952 0.0103516 0.0261474 0.0535012 0.0886852 0.119105 0.129618 0.114352 0.0818988 0.0478818 0.0233972 0.010579 0.00607076 0.00591317 0.00767316 0.0102637 0.0132058 0.0161727 0.0188474 0.0209333 0.0222093 0.0225769 0.0220782 0.0208738 0.0191936 0.0172766 0.0153199 0.0134517 0.0117306 0.0101629 0.00872921 0.00740626
 1.01637e-16 1.595e-05 9.35497e-05 0.000444558 0.00171135 0.00533648 0.0134801 0.0275858 0.045741 0.0614723 0.0670087 0.059379 0.0430999 0.0263525 0.0150289 0.010432 0.0110299 0.0149158 0.0208342 0.0280223 0.0357984 0.0433548 0.0497816 0.0542218 0.0560634 0.0550861 0.0515127 0.045942 0.0391936 0.0321142 0.0254105 0.0195506 0.0147457 0.0109962 0.00816894 0.0060753
 1.01177e-16 3.46473e-05 0.000203358 0.000966689 0.00372183 0.0116062 0.0293163 0.0599847 0.0994298 0.133527 0.145293 0.128132 0.0916619 0.0533758 0.0256828 0.0109374 0.00533889 0.00442139 0.00545416 0.00725114 0.00934895 0.0114904 0.0134474 0.015006 0.0160002 0.0163442 0.0160479 0.0152046 0.013962 0.0124831 0.0109135 0.0093617 0.00789569 0.00655015 0.00533907 0.00426668
 1.00592e-16 2.66599e-05 0.000156445 0.000743608 0.00286284 0.0089274 0.0225502 0.0461424 0.0764927 0.102747 0.111862 0.0987944 0.0709911 0.0419768 0.0213903 0.0111528 0.00844576 0.00990157 0.0134089 0.0179303 0.0228541 0.0276156 0.0316175 0.0343068 0.0352935 0.0344454 0.0319207 0.028123 0.0235991 0.0189111 0.0145264 0.0107518 0.00772153 0.00542736 0.00377019 0.00261254
 1.00779e-16 2.96015e-05 0.000173723 0.000825768 0.0031792 0.009914 0.0250421 0.0512404 0.0849402 0.114083 0.124173 0.109596 0.0785981 0.0461636 0.0229512 0.0110404 0.00725013 0.00780819 0.0103763 0.0138653 0.0177228 0.0215031 0.0247508 0.0270419 0.0280702 0.0277177 0.0260812 0.0234408 0.0201862 0.0167239 0.0133977 0.0104402 0.00796435 0.00598349 0.00444738 0.00327768
 1.00707e-16 3.00615e-05 0.000176424 0.000838611 0.00322865 0.0100682 0.0254316 0.0520373 0.086261 0.115856 0.126101 0.111293 0.0798043 0.0468507 0.0232528 0.0111184 0.00721258 0.00770071 0.0102063 0.0136247 0.0174 0.021089 0.0242414 0.0264396 0.0273842 0.0269633 0.0252789 0.0226142 0.0193603 0.0159237 0.0126459 0.00975606 0.00736217 0.0054718 0.00402854 0.00294819
 1.00972e-16 2.27264e-05 0.000133345 0.00063378 0.00243995 0.00760862 0.0192191 0.0393273 0.0651985 0.0875875 0.0953855 0.0843103 0.0607304 0.0362055 0.0189957 0.0107914 0.00924409 0.0115221 0.0158314 0.0212436 0.0271345 0.0328667 0.0377456 0.0411196 0.0425224 0.0417833 0.0390673 0.0348245 0.029674 0.0242576 0.0191136 0.0146022 0.0108907 0.00798706 0.0057972 0.00418291
 1.01818e-16 2.08447e-05 0.000122299 0.000581267 0.00223776 0.00697811 0.0176265 0.0360686 0.059797 0.0803339 0.0874934 0.0773518 0.0557557 0.0333159 0.0176203 0.0102357 0.0090262 0.0114123 0.0157616 0.0212262 0.0272248 0.03315 0.0383292 0.0421212 0.0440527 0.0439246 0.0418539 0.0382289 0.0336033 0.0285615 0.0236032 0.019074 0.0151528 0.011881 0.00921222 0.00706119
 1.00973e-16 3.12601e-05 0.000183464 0.000872089 0.00335757 0.0104702 0.0264471 0.0541147 0.0897031 0.120475 0.131116 0.11569 0.0828943 0.0485382 0.0238559 0.0110177 0.00663903 0.00671945 0.00879109 0.0117316 0.015016 0.0182583 0.0210761 0.0231134 0.0241106 0.0239626 0.0227413 0.02067 0.0180631 0.0152503 0.012511 0.0100359 0.00791987 0.00617895 0.00477946 0.00366635
 1.00165e-16 3.60814e-05 0.000211775 0.0010067 0.00387587 0.0120866 0.0305297 0.0624675 0.103546 0.139057 0.151314 0.133452 0.0954902 0.0556496 0.0268582 0.0115729 0.00583703 0.00499494 0.0061875 0.00815131 0.0103633 0.0125077 0.0143014 0.0154909 0.0158994 0.0154682 0.0142721 0.0124983 0.0103997 0.00823562 0.00622165 0.00449909 0.00312924 0.0021071 0.00138515 0.000897652
 1.00109e-16 3.54499e-05 0.000208066 0.000989062 0.00380796 0.0118748 0.0299947 0.0613731 0.101732 0.136623 0.14867 0.131132 0.0938553 0.0547471 0.0265167 0.0115864 0.00607722 0.00542033 0.0068057 0.00898206 0.0114151 0.0137655 0.0157214 0.0170031 0.0174158 0.016897 0.0155322 0.0135321 0.0111797 0.00876519 0.00652903 0.0046283 0.00313009 0.00202692 0.00126332 0.000763292
 1.0025e-16 3.10337e-05 0.000182131 0.000865742 0.00333311 0.010394 0.0262544 0.0537209 0.0890516 0.119604 0.130178 0.114887 0.0823729 0.0483405 0.0239579 0.0113965 0.00731124 0.00773719 0.0102149 0.0135987 0.0173123 0.0208983 0.0238966 0.0258853 0.0265689 0.025849 0.0238501 0.0208846 0.0173745 0.0137534 0.0103817 0.00749611 0.0051999 0.00348557 0.00227449 0.00145733
 1.00572e-16 2.76197e-05 0.000162082 0.000770417 0.00296607 0.00924933 0.0233633 0.0478059 0.0792491 0.106446 0.115879 0.102319 0.0734733 0.043343 0.0218998 0.0111164 0.00805654 0.00922054 0.0124234 0.0166113 0.0211922 0.0256404 0.0294048 0.0319737 0.0329833 0.0323041 0.0300722 0.0266491 0.0225289 0.0182231 0.0141595 0.0106231 0.00774415 0.00552492 0.00388522 0.00270899
 1.00788e-16 2.90138e-05 0.000170271 0.000809356 0.00311601 0.00971693 0.0245443 0.0502221 0.0832527 0.111818 0.121713 0.107435 0.0770721 0.0453151 0.0226179 0.011027 0.00743298 0.00814388 0.0108678 0.0145286 0.0185668 0.0225188 0.0259075 0.0282882 0.0293407 0.0289428 0.0271985 0.0244042 0.0209716 0.0173292 0.0138387 0.0107444 0.00816347 0.0061079 0.00452249 0.00332249
 1.01237e-16 2.20837e-05 0.000129573 0.000615843 0.00237088 0.00739325 0.0186751 0.0382142 0.0633536 0.0851102 0.0926907 0.0819356 0.0590355 0.0352268 0.0185406 0.0106259 0.00920772 0.0115406 0.015885 0.0213381 0.0272872 0.033101 0.0380879 0.0415967 0.0431568 0.042589 0.0400457 0.0359618 0.0309405 0.0256102 0.0205004 0.0159684 0.0121849 0.00916677 0.00683269 0.00505864
 1.01532e-16 2.66613e-05 0.000156459 0.000743689 0.00286317 0.00892845 0.0225527 0.0461472 0.0764989 0.102751 0.111852 0.0987538 0.0708927 0.0417802 0.021037 0.0105629 0.00752146 0.00853839 0.0115174 0.0154657 0.0198472 0.0241968 0.0280236 0.0308621 0.0323666 0.0323876 0.0310022 0.0284825 0.0252196 0.0216286 0.0180652 0.0147775 0.0118962 0.00945605 0.00743095 0.00576787
 1.01363e-16 2.63613e-05 0.000154695 0.000735299 0.00283086 0.00882768 0.0222982 0.0456266 0.0756368 0.101595 0.1106 0.0976624 0.07014 0.0413982 0.0209582 0.0107081 0.00785267 0.00905995 0.0122532 0.0164343 0.0210438 0.0255815 0.0295183 0.0323559 0.0337312 0.0334986 0.0317613 0.0288355 0.0251648 0.0212136 0.0173747 0.0139154 0.0109669 0.00854954 0.00661309 0.00507769
 1.01704e-16 2.29436e-05 0.000134625 0.00063987 0.00246341 0.00768181 0.0194039 0.0397051 0.0658235 0.088423 0.0962847 0.0850796 0.0612292 0.0363925 0.0188929 0.0104197 0.00858617 0.0105263 0.0144383 0.0194164 0.0248868 0.030282 0.0349832 0.0384035 0.040112 0.0399317 0.0379765 0.0346098 0.0303455 0.025724 0.021204 0.0171005 0.0135717 0.010648 0.00827867 0.00637812
 1.01672e-16 2.67726e-05 0.000157113 0.000746799 0.00287514 0.00896579 0.0226471 0.0463401 0.0768186 0.103179 0.112317 0.0991606 0.0711763 0.0419304 0.0210814 0.0105341 0.00743744 0.00840121 0.0113208 0.0152028 0.0195161 0.0238039 0.0275852 0.0304038 0.0319203 0.0319874 0.0306786 0.0282582 0.0251066 0.0216271 0.0181652 0.0149609 0.0121407 0.00973798 0.00772805 0.00606108
 1.01599e-16 2.27948e-05 0.00013375 0.000635709 0.00244738 0.00763183 0.0192777 0.0394469 0.0653959 0.08785 0.0956643 0.0845399 0.0608593 0.0362095 0.0188652 0.0105107 0.00877999 0.0108285 0.0148634 0.019975 0.0255752 0.0310761 0.0358363 0.0392502 0.0408768 0.0405419 0.0383753 0.0347666 0.0302609 0.0254277 0.0207478 0.016547 0.0129838 0.0100793 0.0077683 0.00594892
 1.03513e-16 5.2638e-06 3.08006e-05 0.000146216 0.000562609 0.00175415 0.00443158 0.00907291 0.0150595 0.0202853 0.0222348 0.0199942 0.0151451 0.0105195 0.0082481 0.00899168 0.0124798 0.0182567 0.0259403 0.0350974 0.0450702 0.0549315 0.0635887 0.0699874 0.0733446 0.0733259 0.0701132 0.0643331 0.0568825 0.04871 0.0406265 0.0331941 0.0267052 0.0212312 0.0167043 0.0129961
pSPR Fmed_Fpbrs
0.352861   0.6 0.325
Fs Fmed_Fpbrs
1.46317   0.474142 1.69626
SSBpbr Bo_Bmed_Bpbrs
734682  222506  404075 202038
Ro
21590.3
SPR SPRFo_SPRFmed_SPRFpbrs
443417 156465 144111
log_Ro
9.8
likeval ReclasPelacesDesembMPH_pf_preclas_ppelaces_ptallas_desvR_qrecl_qpela
 74.0382 13.3804 0.17494 0.000159465 330.43 191.961 81.7101 0 29.6499 5.73551e-05 0.000433379 1.06454e-13 0 0 0
q_reclas_q_pelaces
2.92464 19.3316
M
0.7
N
 17193.8 17961.1 5632.69 728.46 0.14188
 45118 8141.02 5975.56 1528.48 194.901
 4561.04 20887 2241.13 1218.47 344.036
 8845.55 1951.16 2959.89 167.798 111.805
 39062.1 4104.39 547.612 621.4 57.4923
 16353.6 19081.1 1774.79 220.698 272.25
 63366.8 7145.27 3229.69 173.733 46.3858
 58638.9 28242.2 1429.42 406.826 26.8314
 69147.8 25345.7 4365.65 122.022 35.5011
 113733 29352.6 3365.46 296.299 10.1934
 71563.1 50887.4 6066.84 445.325 39.3021
 47308.3 30570.4 7125.48 446.112 34.0526
 52378.6 20721.4 5283.35 719.787 46.7014
 29424.4 21144 1802.75 189.472 25.823
 12329.6 9983.14 426.645 7.12924 0.758765
 9614.46 4183.2 201.441 1.68723 0.0278032
 7452.3 3942.8 415.534 8.82389 0.0709199
 9270.73 3111.44 455.422 22.8539 0.464331
 7825.41 4037.17 512.144 42.7417 2.10361
 9877.33 3536.6 907.863 76.9641 6.55059
 15950.1 4340.45 628.165 95.5728 8.47322
 19290.7 7434.67 1265.64 139.705 22.7019
 31579.4 8923.41 2033.13 255.501 32.0891
 32113.4 14367.2 2122.18 332.457 45.7983
 3773.69 14599.6 3396.1 343.846 59.6722
pred_Ctot
 576.751 4362.04 1901.55 250.337 0.0487971
 2207.3 2698.24 2662.89 691.834 88.2806
 458.351 11504.8 1513.4 830.926 234.719
 418.995 630.315 1289.8 74.2834 49.5315
 458.922 384.496 75.1023 87.059 8.06265
 1423.48 9604.77 1118.8 140.675 173.623
 4699.44 3229.43 1869.08 101.802 27.1962
 5508.77 14924.7 935.5 269.04 17.7524
 7285.17 14359.8 3010.47 84.938 24.7226
 8145.65 12946.7 1909.46 170.267 5.86103
 7255.75 28179.9 4113.27 304.881 26.9192
 4042.49 15203.8 4449.74 281.741 21.5169
 7132.36 13495.3 4022.47 551.929 35.822
 6851.22 17001.8 1568.45 165.402 22.5459
 2870.84 8027.43 371.194 6.22355 0.662473
 1217.7 2625.59 149.513 1.26204 0.020804
 861.964 2356.38 297.91 6.3805 0.0513018
 826.709 1590.83 290.588 14.7417 0.299661
 508.746 1661.34 274.45 23.2163 1.14334
 823.299 1730.33 559.713 47.9968 4.08726
 706.322 1328.32 261.008 40.3608 3.58094
 954.053 2485.35 568.235 63.7035 10.3591
 1913.52 3486.41 1043.25 132.96 16.7097
 1961.35 5646.53 1094.36 173.857 23.9654
 285.821 6695.41 1988.62 203.831 35.3933
F
 0.0476316 0.400529 0.604311 0.618637 0.619305
 0.0701564 0.589937 0.890086 0.911186 0.912171
 0.149125 1.25397 1.89197 1.93682 1.93891
 0.0678586 0.570615 0.860933 0.881343 0.882295
 0.0164555 0.138372 0.208773 0.213723 0.213954
 0.127997 1.07631 1.62392 1.66242 1.66421
 0.108121 0.909181 1.37176 1.40427 1.40579
 0.138788 1.16705 1.76083 1.80257 1.80452
 0.156863 1.31905 1.99015 2.03733 2.03953
 0.10424 0.876544 1.32251 1.35387 1.35533
 0.150548 1.26594 1.91002 1.9553 1.95741
 0.125519 1.05547 1.59248 1.63023 1.63199
 0.207144 1.74185 2.62807 2.69038 2.69328
 0.380925 3.20316 4.83286 4.94743 4.95278
 0.380925 3.20316 4.83287 4.94743 4.95278
 0.191377 1.60927 2.42803 2.48559 2.48828
 0.173438 1.45842 2.20044 2.25261 2.25504
 0.131318 1.10423 1.66605 1.70554 1.70739
 0.0942106 0.792206 1.19527 1.2236 1.22492
 0.122266 1.02812 1.5512 1.58798 1.58969
 0.0633136 0.532397 0.803271 0.822313 0.823202
 0.0709464 0.59658 0.900109 0.921447 0.922443
 0.0875545 0.736236 1.11082 1.13715 1.13838
 0.0882783 0.742322 1.12 1.14655 1.14779
 0.110538 0.9295 1.40241 1.43566 1.43721
nmprior
 10.6 11 7 0
nm_flota  nm_reclas  nm_pelaces    nm_pelaL
inf 24.3758 9.28322 18.1137
cv_recla  cv_pelaces  cv_mph
0.778311 0.414769 0.409705
 ------------------------------------------------
Talla a la edad & desviación 
 7.2 14.2025 17.0495 18.207 18.6776
 1.08 2.13037 2.55742 2.73105 2.80164
