years
 1997 1998 1999 2000 2001 2002 2003 2004 2005 2006 2007 2008 2009 2010 2011 2012 2013 2014 2015 2016 2017 2018 2019 2020 2021
reclasobs
 0 0 0 370054 412103 1.49427e+06 250295 1.28982e+06 931140 785840 897777 1.04006e+06 184774 17550 25797 100020 73551 82996 120727 218422 84188 347160 605670 569463 516374
reclaspred
 399852 115757 385808 282438 392426 466888 1.01311e+06 653628 694619 594047 458185 306520 187632 89898.5 66103.8 69355.9 88340.5 122273 129529 185642 265942 242812 424621 543520 592796
pelacesobs
 0 0 0 0 0 0 0 0 0 2.06254e+06 1.5e+06 0 1.87456e+06 323000 250000 174000 83755 137374 0 501740 490994 745055 786931 1.00524e+06 1.33801e+06
pelacespred
 1.38957e+06 358632 724702 806988 951392 957511 2.30179e+06 1.90616e+06 1.76421e+06 1.53476e+06 1.06785e+06 734374 447668 181929 131245 145996 193351 269220 295178 409998 648631 580760 800300 1.21603e+06 1.37039e+06
mphobs
 0 0 0 0 0 112323 0 153150 637223 0 255016 313432 73983 77613 109348 50772 0 0 0 0 0 0 0 0 0
mphpred
 829104 548737 715066 955690 959035 1.42735e+06 2.16327e+06 2.50218e+06 2.0741e+06 1.98757e+06 1.7546e+06 1.22334e+06 755302 401442 204204 182369 224424 314795 393881 452498 673264 788409 991689 1.42796e+06 1.90053e+06
desembarqueobs
 350755 77701 442110 56441 14545 235359 269955 359681 431902 328805 639364 411747 362871 311530 167758 66681 60226 58785 57116 73181 50977 67692 138656 160484 209506
desembarquepred
 350764 77703.6 442140 56442.5 14545.1 235393 269981 359704 431962 328854 639706 412068 363311 312087 167844 66696.4 60245.1 58788.2 57114.5 73182.7 50978 67688.9 138659 160489 209507
Reclutas
 66362.2 84678.4 54038.2 82663.6 138626 102327 156562 137567 155136 142929 68653.7 40925.2 42623.3 24426.1 19679.3 25491.6 21621.3 24461 27696.8 49713.6 61997.6 80147.6 131678 157937 64380.6
log_desv_Rt
 0.042883 0.286616 -0.162553 0.262535 0.779539 0.475928 0.901209 0.771867 0.892056 0.810105 0.0768303 -0.440499 -0.399844 -0.956591 -1.17268 -0.913896 -1.07856 -0.955163 -0.830929 -0.245967 -0.0251488 0.231626 0.728117 0.90995 0.0125672
SSB
 829104 548737 715066 955690 959035 1.42735e+06 2.16327e+06 2.50218e+06 2.0741e+06 1.98757e+06 1.7546e+06 1.22334e+06 755302 401442 204204 182369 224424 314795 393881 452498 673264 788409 991689 1.42796e+06 1.90053e+06
BT
 2.78206e+06 772897 1.53957e+06 1.5045e+06 1.71418e+06 1.90045e+06 4.30418e+06 3.82358e+06 3.55532e+06 3.06817e+06 2.49776e+06 1.69791e+06 1.16044e+06 628112 378967 316805 395804 529016 577792 793935 1.20292e+06 1.10334e+06 1.52825e+06 2.30882e+06 2.62377e+06
Ftot
 0.357011 0.271249 0.372009 0.0686084 0.0142724 0.145557 0.0905869 0.181986 0.210398 0.178365 0.389633 0.364348 0.572253 0.990071 0.880111 0.342501 0.243933 0.163381 0.138382 0.14374 0.0672332 0.089157 0.105555 0.100701 0.0991861
BD_Bspro_t
 0.956856 0.798316 0.773632 0.679167 0.781279 0.875171 0.851701 0.855392 0.808528 0.769746 0.72791 0.582095 0.46983 0.357795 0.242087 0.262727 0.38582 0.555039 0.661467 0.736771 0.819092 0.873731 0.878373 0.882664 0.883988
BD_Bspro
 0.634977 0.420255 0.54764 0.731925 0.734486 1.09315 1.65676 1.91632 1.58847 1.5222 1.34378 0.936904 0.578456 0.307448 0.156392 0.139669 0.171877 0.241089 0.301657 0.34655 0.515626 0.603811 0.759495 1.09361 1.45554
BD_Bo
 0.553813 0.366538 0.47764 0.638369 0.640603 0.953424 1.44499 1.67137 1.38543 1.32763 1.17202 0.817147 0.504517 0.26815 0.136401 0.121816 0.149907 0.210272 0.263099 0.302254 0.449718 0.526631 0.662415 0.953826 1.26949
BD_Brms
 1.9489 1.28987 1.68084 2.24645 2.25432 3.35515 5.085 5.88166 4.87541 4.67201 4.12439 2.87558 1.77542 0.943633 0.480004 0.428678 0.527532 0.739959 0.92586 1.06365 1.58258 1.85324 2.33107 3.35657 4.4674
S_f
 0.197893 1 1 1 1
 0.197893 1 1 1 1
 0.197893 1 1 1 1
 0.197893 1 1 1 1
 0.197893 1 1 1 1
 0.197893 1 1 1 1
 0.197893 1 1 1 1
 0.197893 1 1 1 1
 0.197893 1 1 1 1
 0.197893 1 1 1 1
 0.197893 1 1 1 1
 0.197893 1 1 1 1
 0.197893 1 1 1 1
 0.197893 1 1 1 1
 0.197893 1 1 1 1
 0.197893 1 1 1 1
 0.197893 1 1 1 1
 0.197893 1 1 1 1
 0.197893 1 1 1 1
 0.197893 1 1 1 1
 0.197893 1 1 1 1
 0.197893 1 1 1 1
 0.197893 1 1 1 1
 0.197893 1 1 1 1
 0.197893 1 1 1 1
Scru_reclas
 1 1 1 1 1
 1 1 1 1 1
 1 1 1 1 1
 1 1 1 1 1
 1 1 1 1 1
 1 1 1 1 1
 1 1 1 1 1
 1 1 1 1 1
 1 1 1 1 1
 1 1 1 1 1
 1 1 1 1 1
 1 1 1 1 1
 1 1 1 1 1
 1 1 1 1 1
 1 1 1 1 1
 1 1 1 1 1
 1 1 1 1 1
 1 1 1 1 1
 1 1 1 1 1
 1 1 1 1 1
 1 1 1 1 1
 1 1 1 1 1
 1 1 1 1 1
 1 1 1 1 1
 1 1 1 1 1
Scru_pelaces
 1 1 1 1 1
 1 1 1 1 1
 1 1 1 1 1
 1 1 1 1 1
 1 1 1 1 1
 1 1 1 1 1
 1 1 1 1 1
 1 1 1 1 1
 1 1 1 1 1
 1 1 1 1 1
 1 1 1 1 1
 1 1 1 1 1
 1 1 1 1 1
 1 1 1 1 1
 1 1 1 1 1
 1 1 1 1 1
 1 1 1 1 1
 1 1 1 1 1
 1 1 1 1 1
 1 1 1 1 1
 1 1 1 1 1
 1 1 1 1 1
 1 1 1 1 1
 1 1 1 1 1
 1 1 1 1 1
pf_obs 
 0.256992 0.487395 0.22802 0.0275931 0
 0.321318 0.546541 0.124235 0.00734118 0.000564706
 0.182869 0.594174 0.210203 0.0122559 0.00049798
 0.330522 0.361315 0.267642 0.0388342 0.00168674
 0.649043 0.306663 0.0425973 0.00169635 0
 0.582887 0.30429 0.105238 0.00758474 0
 0.465427 0.430635 0.0974691 0.00646863 0
 0.296916 0.608066 0.0921331 0.00288517 0
 0.311714 0.524322 0.152257 0.0117073 0
 0.15457 0.633149 0.183074 0.0267441 0.00246327
 0.131901 0.49318 0.331252 0.0422183 0.00144891
 0.196976 0.569456 0.194076 0.0375587 0.00193317
 0.518974 0.381816 0.0799577 0.0180837 0.00116848
 0.0928022 0.601141 0.25162 0.0475244 0.00691264
 0.122501 0.610282 0.24278 0.0234846 0.000952079
 0.383417 0.481906 0.127806 0.00687128 0
 0.0376549 0.599619 0.316969 0.0457579 0
 0.0361596 0.667082 0.258105 0.0386534 0
 0.158088 0.579412 0.248529 0.0139706 0
 0.0477256 0.309471 0.559284 0.082774 0.000745712
 0.0406174 0.521527 0.379366 0.0568643 0.0016247
 0.151134 0.462217 0.34131 0.0453401 0
 0.294876 0.26143 0.354403 0.0886775 0.000613685
 0.281977 0.475581 0.204845 0.0348837 0.00271318
 0.0354234 0.537034 0.353287 0.0723622 0.0018943
pf_pred 
 0.369536 0.44481 0.16602 0.0196239 1.04034e-05
 0.317752 0.530371 0.107154 0.0399937 0.00472984
 0.181297 0.595308 0.173665 0.0350863 0.0146442
 0.277226 0.412407 0.225678 0.0658353 0.0188526
 0.312163 0.458482 0.130867 0.0716135 0.0268737
 0.177997 0.573517 0.16563 0.0472769 0.0355793
 0.25878 0.399461 0.238448 0.0688632 0.0344486
 0.197395 0.519778 0.152422 0.0909845 0.0394207
 0.223524 0.446059 0.213983 0.0627494 0.0536853
 0.200434 0.492163 0.176593 0.0847147 0.0460959
 0.115818 0.511688 0.229284 0.0822692 0.0609408
 0.113824 0.391832 0.286083 0.128192 0.0800683
 0.189881 0.351888 0.202612 0.14793 0.107689
 0.175445 0.50113 0.140485 0.080889 0.102051
 0.24749 0.477658 0.167044 0.0468284 0.0609802
 0.331286 0.479691 0.119983 0.0419599 0.0270806
 0.22684 0.576494 0.141075 0.0352867 0.0203046
 0.238022 0.475239 0.213801 0.05232 0.0206169
 0.235455 0.481379 0.176608 0.0794527 0.0271047
 0.325255 0.420784 0.159901 0.0586645 0.0353956
 0.274373 0.524051 0.125706 0.0477694 0.0280998
 0.263226 0.488654 0.179193 0.0429838 0.0259426
 0.310985 0.449726 0.158705 0.0581983 0.0223859
 0.262838 0.519845 0.141844 0.0500557 0.0254163
 0.100816 0.587568 0.219751 0.0599611 0.0319039
pobs_RECLAS
 0 0 0 0 0
 0 0 0 0 0
 0 0 0 0 0
 0 0 0 0 0
 0.835266 0.146461 0.0176864 0.000547809 3.91292e-05
 0.385257 0.428462 0.181853 0.0044286 0
 0.867414 0.0963971 0.0333333 0.00285562 0
 0.441836 0.489002 0.0689373 0.000224442 0
 0.779404 0.147425 0.0564933 0.0165055 0.000172143
 0.814271 0.122319 0.05973 0.00367925 0
 0.40263 0.566651 0.0304383 0.000280538 0
 0.475488 0.404961 0.113038 0.00651328 0
 0.955842 0.0263864 0.0167828 0.000988607 0
 0.975058 0.0227948 0.00214734 0 0
 0.738997 0.206755 0.0527124 0.00153531 0
 0.850938 0.134255 0.0134407 0.00136685 0
 0.542534 0.407297 0.0501686 0 0
 0.764087 0.199537 0.0359546 0.000420521 0
 0.470689 0.182191 0.310203 0.0369168 0
 0.84361 0.089868 0.0606195 0.00523954 0.000663233
 0.607945 0.314616 0.071237 0.00620181 0
 0.523733 0.453247 0.0230204 0 0
 0.530135 0.295979 0.169645 0.0042399 0
 0.562478 0.366248 0.0663022 0.0049721 0
 0.250443 0.683176 0.0655157 0.000865301 0
ppred_RECLAS
 0.75163 0.175232 0.0654031 0.00773078 4.09841e-06
 0.705027 0.229308 0.0463283 0.0172914 0.00204497
 0.533714 0.339053 0.0989092 0.0199831 0.00834051
 0.660413 0.193765 0.106032 0.030932 0.00885767
 0.696498 0.202302 0.0577442 0.0315989 0.0118578
 0.524389 0.331837 0.0958337 0.0273544 0.0205862
 0.639278 0.194401 0.116043 0.0335129 0.0167647
 0.556534 0.287194 0.0842183 0.0502719 0.0217812
 0.595384 0.232438 0.111505 0.0326982 0.027975
 0.561182 0.270109 0.0969176 0.0464931 0.0252984
 0.404039 0.34489 0.154543 0.0554515 0.0410756
 0.398868 0.265797 0.194063 0.0869583 0.0543138
 0.551911 0.194635 0.112068 0.0818226 0.0595644
 0.538819 0.280286 0.0785744 0.0452419 0.0570782
 0.640675 0.228082 0.0797636 0.0223606 0.0291182
 0.718714 0.201775 0.0504694 0.0176499 0.0113911
 0.600469 0.297904 0.0729008 0.0182345 0.0104924
 0.614223 0.240606 0.108244 0.0264887 0.010438
 0.610506 0.245237 0.0899723 0.0404769 0.0138084
 0.710493 0.180542 0.0686075 0.0251707 0.0151869
 0.657186 0.247582 0.0593884 0.0225681 0.0132754
 0.64456 0.23574 0.0864478 0.0207366 0.0125154
 0.696322 0.198213 0.0699479 0.0256504 0.00986639
 0.644244 0.250879 0.0684544 0.024157 0.012266
 0.362814 0.416366 0.155722 0.04249 0.022608
pobs_PELACES
 0 0 0 0 0
 0 0 0 0 0
 0 0 0 0 0
 0 0 0 0 0
 0 0 0 0 0
 0 0 0 0 0
 0 0 0 0 0
 0 0 0 0 0
 0 0 0 0 0
 0 0 0 0 0
 0.450072 0.473896 0.0757376 0.000293798 0
 0 0 0 0 0
 0.463077 0.371075 0.160297 0.00555027 0
 0.529543 0.364841 0.0842815 0.0213345 0
 0.631943 0.363953 0.00410389 0 0
 0.735681 0.248677 0.0153453 0.000297389 0
 0.695825 0.281241 0.0229344 0 0
 0.275771 0.60734 0.115278 0.00161068 0
 0 0 0 0 0
 0.896147 0.0623911 0.0374545 0.00400742 0
 0.803859 0.145111 0.0509908 3.86294e-05 0
 0.739449 0.233085 0.0266225 0.000797448 4.60066e-05
 0.878498 0.100942 0.0204185 0.000141795 0
 0.694673 0.275183 0.0284847 0.00165964 0
 0.469039 0.446079 0.0841089 0.000773354 0
ppred_PELACES
 0.768849 0.163083 0.0608688 0.00719482 3.81427e-06
 0.719736 0.217874 0.0440182 0.0164292 0.001943
 0.558119 0.321307 0.0937324 0.0189372 0.00790398
 0.664474 0.191448 0.104764 0.0305621 0.00875175
 0.697296 0.20177 0.0575924 0.0315158 0.0118266
 0.533988 0.32514 0.0938996 0.0268023 0.0201707
 0.644789 0.191431 0.11427 0.0330009 0.0165086
 0.568389 0.279517 0.0819671 0.0489281 0.021199
 0.608726 0.224773 0.107828 0.03162 0.0270525
 0.572773 0.262974 0.0943576 0.0452651 0.0246301
 0.429099 0.330388 0.148045 0.0531198 0.0393484
 0.422202 0.25548 0.18653 0.083583 0.0522056
 0.589008 0.178521 0.10279 0.0750485 0.0546331
 0.602923 0.241327 0.0676527 0.0389534 0.0491444
 0.692377 0.195264 0.0682866 0.0191432 0.0249284
 0.736674 0.188892 0.0472471 0.016523 0.0106638
 0.615854 0.286432 0.0700936 0.0175323 0.0100884
 0.624418 0.234247 0.105383 0.0257887 0.0101621
 0.61918 0.239775 0.0879686 0.0395755 0.0135009
 0.718256 0.175701 0.0667678 0.0244957 0.0147796
 0.661184 0.244694 0.0586958 0.0223049 0.0131206
 0.649948 0.232167 0.0851373 0.0204222 0.0123257
 0.702197 0.194378 0.0685946 0.0251541 0.00967549
 0.650329 0.246587 0.0672835 0.0237438 0.0120562
 0.368905 0.412386 0.154233 0.0420839 0.0223919
pobs_pel_tallas
 0 0 0 0 0 0 0 0 0 0 0 0 0 0 0 0 0 0 0 0 0 0 0 0 0 0 0 0 0 0 0 0 0 0 0 0
 0 0 0 0 0 0 0 0 0 0 0 0 0 0 0 0 0 0 0 0 0 0 0 0 0 0 0 0 0 0 0 0 0 0 0 0
 0 0 0 0 0 0 0 0 0 0 0 0 0 0 0 0 0 0 0 0 0 0 0 0 0 0 0 0 0 0 0 0 0 0 0 0
 0 0 0 0 0 0 0 0 0 0 0 0 0 0 0 0 0 0 0 0 0 0 0 0 0 0 0 0 0 0 0 0 0 0 0 0
 0 0 0 0 0 0 0 0 0 0 0 0 0 0 0 0 0 0 0 0 0 0 0 0 0 0 0 0 0 0 0 0 0 0 0 0
 0 0 0 0 0 0 0 0 0 0 0 0 0 0 0 0 0 0 0 0 0 0 0 0 0 0 0 0 0 0 0 0 0 0 0 0
 0 0 0 0 0 0 0 0 0 0 0 0 0 0 0 0 0 0 0 0 0 0 0 0 0 0 0 0 0 0 0 0 0 0 0 0
 0 0 0 0 0 0 0 0 0 0 0 0 0 0 0 0 0 0 0 0 0 0 0 0 0 0 0 0 0 0 0 0 0 0 0 0
 0 0 0 0 0 0 0 0 0 0 0 0 0 0 0 0 0 0 0 0 0 0 0 0 0 0 0 0 0 0 0 0 0 0 0 0
 0 0 0 0 0 0 0 0 0 0 0 0 0 0 0 0 0 0 0 0 0 0 0 0 0 0 0 0 0 0 0 0 0 0 0 0
 0 0 0 0 0 0 0 0 1.78061e-05 0.00172719 0.00360574 0.0105946 0.0120993 0.0124554 0.0147524 0.0171206 0.0266825 0.0428682 0.0675386 0.121331 0.153587 0.119568 0.100827 0.0573624 0.0630603 0.0341343 0.0324427 0.0444173 0.0211091 0.0280891 0.0125444 0.00206551 0 0 0 0
 0 0 0 0 0 0 0 0 0 0 0 0 0 0 0 0 0 0 0 0 0 0 0 0 0 0 0 0 0 0 0 0 0 0 0 0
 0 0 0 0 0 0 0.0133647 0.0140871 0.0187388 0.0205184 0.03894 0.0496705 0.03968 0.0493445 0.0407372 0.0367815 0.0215668 0.0243155 0.0234873 0.0199281 0.019796 0.0243948 0.0301388 0.0376714 0.0412746 0.0863199 0.0771752 0.113111 0.0741005 0.0525337 0.0229764 0.00759418 0.00175318 0 0 0
 0 0 0 0 0 0 0 0 0 0 0.00219441 0.00772107 0.0458388 0.0604681 0.0671733 0.0775358 0.0609151 0.0617685 0.073594 0.0568108 0.0755445 0.0548602 0.0670107 0.0636378 0.0643287 0.046367 0.0373049 0.0286899 0.0247887 0.0153202 0.00654259 0.00121912 0.000365735 0 0 0
 0 0 0 0 0 0 0 0 0 0 0 0 0.000112435 0.00938835 0.0111873 0.0202946 0.0414886 0.0713402 0.111592 0.104902 0.108894 0.110636 0.117776 0.105296 0.107544 0.0401394 0.0192827 0.0124803 0.00416011 0.0028671 0.000618394 0 0 0 0 0
 0 0 0 0 0 0 0 0 0 0 0.00291406 0.0102884 0.027416 0.0768956 0.0749926 0.110853 0.0956884 0.0897413 0.0766577 0.0534642 0.0500743 0.0551293 0.0594112 0.0620874 0.0668451 0.0424026 0.0208742 0.0120726 0.0048766 0.00582813 0.00118941 0.000297354 0 0 0 0
 0 0.00264628 0.0354308 0.0461629 0.0458689 0.0383711 0.0214643 0.0164657 0.0346957 0.0420465 0.0363128 0.0245516 0.0311673 0.0291091 0.0169068 0.0133784 0.00837989 0.0085269 0.0148486 0.0160247 0.0276389 0.0546898 0.0760071 0.122758 0.109233 0.0665981 0.0333725 0.0166128 0.00676272 0.00308733 0.000882094 0 0 0 0 0
 0 0 0 0 0 0 0 0.000805153 0.000690131 0.00759144 0.0133425 0.0154129 0.00931677 0.000345066 0.00356568 0.00563607 0.00851162 0.0253048 0.0502646 0.0516448 0.0657925 0.0565908 0.0611916 0.0827007 0.0866115 0.110766 0.145733 0.0935128 0.0569358 0.0249597 0.0138026 0.00621118 0.00161031 0.00115022 0 0
 0 0 0 0 0 0 0 0 0 0 0 0 0 0 0 0 0 0 0 0 0 0 0 0 0 0 0 0 0 0 0 0 0 0 0 0
 0.00147267 0.00158595 0.00478618 0.00569244 0.00954404 0.0108468 0.00647125 0.017049 0.0510054 0.094081 0.124002 0.0959785 0.0687766 0.0820023 0.061753 0.0591476 0.0492212 0.0479892 0.0443925 0.0268479 0.0217502 0.0140895 0.0121071 0.0120363 0.00920419 0.00665534 0.0049561 0.00860946 0.00930331 0.0156896 0.0114698 0.00855282 0.00243557 0.00046729 0 2.83206e-05
 0 0 0 0 0.000772559 0.00158375 0.000888443 0.00281984 0.00712685 0.0440552 0.0773331 0.111326 0.0921469 0.0852325 0.0710754 0.0886704 0.0786465 0.0553345 0.0373146 0.0185414 0.00753245 0.00457741 0.012979 0.0271748 0.0457355 0.0583668 0.034881 0.0177882 0.00938659 0.00492506 0.0015258 0.00185414 0.000309023 5.79419e-05 3.86279e-05 0
 0 0.00173294 0.00326652 0 0.00397197 0.00683976 0.00946217 0.0152591 0.00757587 0.0136028 0.0228656 0.0392903 0.0559909 0.0764795 0.0681675 0.0726916 0.0566044 0.0477403 0.0527397 0.0444891 0.0609904 0.0582453 0.0661739 0.0445044 0.0529084 0.0360697 0.0280645 0.0235558 0.0158879 0.00826598 0.00280645 0.00217768 0.000904811 0.00058276 9.20147e-05 0
 0 0 0 0 0 0 0 0 0 0 0 0 0 0 0 0 0 0 0 0 0 0 0 0 0 0 0 0 0 0 0 0 0 0 0 0
 0 0 0 0 0 0 0 0 0 0 0 0 0 0 0 0 0 0 0 0 0 0 0 0 0 0 0 0 0 0 0 0 0 0 0 0
 0 0 0 0 0 0 0 0 0 0 0 0 0 0 0 0 0 0 0 0 0 0 0 0 0 0 0 0 0 0 0 0 0 0 0 0
ppred_pel_tallas
 1.01165e-16 3.35448e-05 0.000196884 0.000935901 0.00360328 0.0112365 0.0283825 0.0580742 0.0962641 0.129279 0.140678 0.12408 0.0888041 0.0517931 0.0250736 0.0109392 0.00572385 0.00511282 0.00646147 0.00860619 0.0110666 0.0135476 0.0157753 0.0174934 0.0185074 0.0187253 0.0181741 0.0169848 0.015353 0.0134899 0.0115797 0.00975471 0.00809046 0.00661652 0.00533364 0.00422979
 1.01352e-16 3.14054e-05 0.000184318 0.000876154 0.00337322 0.010519 0.0265703 0.0543669 0.0901207 0.121034 0.131721 0.116217 0.0832551 0.0487159 0.0238808 0.0109247 0.00644204 0.0064107 0.00835284 0.0111489 0.014287 0.017401 0.0201315 0.0221439 0.0231925 0.0231758 0.0221565 0.0203381 0.0180079 0.0154669 0.0129693 0.0106869 0.0087044 0.00703559 0.00565133 0.00450578
 1.02456e-16 2.43625e-05 0.00014296 0.000679511 0.00261606 0.00815785 0.0206063 0.0421648 0.0698988 0.0938901 0.102219 0.0902769 0.0648694 0.0383554 0.0195445 0.010196 0.00774239 0.00911962 0.0124192 0.0167212 0.0215003 0.0262738 0.0305222 0.0337493 0.0355824 0.035855 0.0346375 0.0322052 0.0289578 0.0253201 0.0216551 0.0182153 0.0151339 0.0124485 0.0101387 0.00816123
 1.03009e-16 2.89948e-05 0.000170168 0.000808887 0.00311423 0.00971141 0.0245303 0.0501926 0.0832012 0.111741 0.121608 0.107293 0.0768625 0.0449757 0.0220505 0.0100981 0.00598167 0.00599975 0.00788272 0.0106211 0.0137706 0.0170218 0.0200646 0.0225975 0.02438 0.0252792 0.02529 0.0245203 0.0231498 0.0213793 0.0193871 0.017306 0.0152207 0.0131808 0.0112184 0.00936133
 1.02519e-16 3.04262e-05 0.000178571 0.000848835 0.00326804 0.0101911 0.0257419 0.0526716 0.0873104 0.117259 0.127612 0.112588 0.0806482 0.0471763 0.0231007 0.0105272 0.00615665 0.00609557 0.00795066 0.0106498 0.0137145 0.0168111 0.0196116 0.0218069 0.0231637 0.0235741 0.0230744 0.0218244 0.0200582 0.0180222 0.0159242 0.0139043 0.0120331 0.0103281 0.00877827 0.00736598
 1.03303e-16 2.33103e-05 0.000136783 0.000650144 0.00250299 0.00780524 0.0197156 0.0403425 0.0668784 0.0898348 0.0978081 0.0863926 0.0621022 0.0367674 0.0188245 0.00996602 0.00774498 0.009238 0.0126228 0.0170161 0.0219038 0.026805 0.0311984 0.0345848 0.0365886 0.0370395 0.0360039 0.0337517 0.0306755 0.0271906 0.023649 0.0202917 0.0172424 0.0145327 0.0121411 0.010029
 1.0359e-16 2.81364e-05 0.000165129 0.000784929 0.00302199 0.00942376 0.0238037 0.048706 0.0807371 0.108433 0.118009 0.104123 0.0746006 0.043672 0.0214486 0.00988663 0.00594704 0.00604332 0.0079774 0.0107723 0.0139966 0.0173467 0.0205154 0.0232012 0.0251605 0.0262539 0.026466 0.0258915 0.0246955 0.0230646 0.0211651 0.0191217 0.0170167 0.0149021 0.0128176 0.0108023
 1.03927e-16 2.48085e-05 0.000145583 0.000691988 0.00266411 0.00830772 0.0209848 0.0429389 0.0711807 0.0956078 0.104078 0.0918925 0.0659731 0.0388932 0.0196074 0.00988761 0.00710065 0.00811529 0.010992 0.0148201 0.0191157 0.0234606 0.0274103 0.0305386 0.032522 0.0332083 0.0326431 0.031041 0.0287172 0.0260042 0.0231807 0.0204338 0.0178565 0.0154719 0.0132671 0.0112229
 1.03955e-16 2.65652e-05 0.000155902 0.000741055 0.00285305 0.00889692 0.022473 0.0459835 0.0762256 0.102377 0.11143 0.0983426 0.0705142 0.0413902 0.0205337 0.00981099 0.00637238 0.00684535 0.00915573 0.0123634 0.0160217 0.0197856 0.0232967 0.0262061 0.0282384 0.0292468 0.0292351 0.0283387 0.0267748 0.0247806 0.0225616 0.020264 0.0179737 0.0157331 0.0135642 0.0114877
 1.04132e-16 2.4999e-05 0.000146703 0.000697316 0.00268463 0.00837171 0.0211464 0.0432695 0.0717282 0.0963416 0.104872 0.0925844 0.0664487 0.0391311 0.0196491 0.00978146 0.0068683 0.00775117 0.0104783 0.014143 0.0182779 0.0224891 0.0263591 0.0294847 0.0315553 0.0324173 0.032099 0.0307854 0.028756 0.0263088 0.0236961 0.0210901 0.0185815 0.0162012 0.0139509 0.0118285
 1.05873e-16 1.8737e-05 0.000109933 0.000522493 0.0020115 0.00627254 0.0158442 0.0324213 0.0537493 0.0722064 0.0786343 0.0695025 0.050061 0.0298403 0.0156523 0.00889755 0.00765338 0.00960965 0.0133253 0.0180874 0.023445 0.0289393 0.0340532 0.0382775 0.0412116 0.0426446 0.0425881 0.0412469 0.0389447 0.0360321 0.0328106 0.0294914 0.0261946 0.0229751 0.0198581 0.0168673
 1.08043e-16 1.84332e-05 0.000108156 0.000514063 0.00197906 0.00617141 0.0155887 0.0318979 0.0528798 0.0710327 0.0773415 0.0683252 0.0491378 0.0291398 0.0150125 0.00811008 0.00652157 0.00796733 0.0110466 0.0151072 0.0197903 0.0247571 0.0296206 0.0339837 0.0375104 0.0399847 0.0413374 0.0416293 0.0410048 0.0396352 0.0376737 0.0352361 0.0324074 0.0292618 0.0258846 0.0223832
 1.06649e-16 2.57034e-05 0.000150847 0.000717033 0.00276058 0.00860856 0.0217446 0.0444927 0.0737534 0.0990539 0.107804 0.0951233 0.0681635 0.0399253 0.0196501 0.00913078 0.00559921 0.00578924 0.00770496 0.0104672 0.0136959 0.0171266 0.0204894 0.0235152 0.0259804 0.0277469 0.0287778 0.029123 0.0288843 0.0281733 0.0270806 0.0256633 0.0239529 0.0219741 0.0197648 0.0173867
 1.04674e-16 2.63127e-05 0.000154418 0.000733998 0.00282588 0.00881218 0.022259 0.0455457 0.0755003 0.101405 0.110374 0.0974201 0.0698717 0.0410509 0.0204348 0.00987771 0.00656127 0.00714624 0.0095733 0.0128986 0.0166595 0.0204887 0.0240058 0.0268479 0.028739 0.0295485 0.0293124 0.0282076 0.026493 0.0244375 0.022261 0.0201036 0.0180267 0.0160363 0.0141145 0.0122466
 1.02856e-16 3.02115e-05 0.000177311 0.000842847 0.00324499 0.0101192 0.0255602 0.0523 0.0866942 0.116432 0.12671 0.11179 0.080072 0.0468301 0.0229143 0.0104145 0.00605428 0.00596811 0.00778203 0.0104364 0.0134635 0.0165408 0.019352 0.0215965 0.0230452 0.0235873 0.023249 0.0221748 0.0205804 0.0186949 0.0167125 0.0147655 0.0129228 0.0112055 0.00960979 0.00812714
 1.01799e-16 3.21428e-05 0.00018865 0.000896754 0.00345254 0.0107664 0.0271952 0.0556451 0.0922385 0.123876 0.134806 0.118919 0.0851502 0.0497423 0.0242307 0.0108272 0.00603257 0.00572204 0.00736153 0.00982247 0.0126153 0.0154149 0.0179099 0.0198102 0.0209 0.0210849 0.020409 0.0190356 0.017199 0.0151455 0.0130826 0.0111507 0.00941964 0.00790324 0.00658331 0.00543109
 1.02163e-16 2.68785e-05 0.000157735 0.000749759 0.00288654 0.00900136 0.0227369 0.0465238 0.0771228 0.103587 0.112759 0.099545 0.0714403 0.0420619 0.0211031 0.0104719 0.0073017 0.00818619 0.0110125 0.0147879 0.018989 0.0231721 0.0268719 0.0296485 0.031175 0.0313107 0.0301283 0.0278834 0.0249418 0.0216885 0.0184497 0.0154481 0.0127958 0.0105165 0.00858048 0.00693792
 1.02934e-16 2.72499e-05 0.00015992 0.000760158 0.0029266 0.00912628 0.0230524 0.047169 0.0781907 0.105017 0.114303 0.100879 0.0723351 0.0424629 0.0210724 0.010078 0.00655552 0.00704287 0.00940777 0.0126786 0.0163877 0.0201699 0.0236465 0.0264512 0.0282987 0.0290423 0.0286986 0.0274264 0.0254742 0.023113 0.0205799 0.018046 0.0156131 0.0133288 0.011211 0.009268
 1.03318e-16 2.70216e-05 0.00015858 0.000753784 0.00290206 0.00904975 0.022859 0.0467735 0.0775353 0.104137 0.113347 0.100039 0.0717408 0.04213 0.0209367 0.0100618 0.00660761 0.00714231 0.00955026 0.0128639 0.0166124 0.0204243 0.0239151 0.0267148 0.028539 0.0292471 0.0288661 0.0275677 0.0256118 0.0232767 0.0208 0.0183467 0.0160066 0.0138129 0.0117694 0.00987342
 1.02538e-16 3.13392e-05 0.000183933 0.000874332 0.00336622 0.0104972 0.0265152 0.0542537 0.089932 0.120777 0.131433 0.115941 0.0830116 0.0484809 0.0235944 0.0105077 0.00580991 0.00548209 0.00706029 0.00945535 0.0122054 0.0150111 0.0175857 0.0196574 0.0210173 0.0215614 0.0213083 0.0203822 0.0189719 0.0172799 0.0154789 0.013689 0.0119756 0.0103632 0.008855 0.00745008
 1.02293e-16 2.88534e-05 0.000169333 0.000804908 0.00309889 0.00966357 0.0244095 0.0499459 0.0827937 0.111198 0.121028 0.106809 0.0765745 0.0449256 0.0222448 0.0105521 0.00674179 0.00713674 0.00946678 0.0126912 0.0163054 0.0199183 0.0231324 0.025573 0.0269616 0.0271772 0.0262788 0.0244799 0.022086 0.0194176 0.0167444 0.0142485 0.0120192 0.0100732 0.00838509 0.00691557
 1.02562e-16 2.8363e-05 0.000166455 0.000791227 0.00304622 0.00949932 0.0239946 0.0490969 0.0813862 0.109307 0.118969 0.104989 0.0752635 0.0441443 0.0218363 0.0103241 0.00655501 0.00691713 0.00918482 0.0123451 0.0159156 0.0195274 0.0228037 0.0253841 0.0269932 0.0274985 0.0269329 0.0254731 0.0233844 0.0209511 0.0184182 0.0159577 0.0136648 0.0115742 0.00968628 0.00798981
 1.02354e-16 3.06397e-05 0.000179825 0.000854798 0.003291 0.0102627 0.0259227 0.0530416 0.0879234 0.118082 0.128505 0.113371 0.0811996 0.0474792 0.0232124 0.0105167 0.00606695 0.00594083 0.00772937 0.0103578 0.0133532 0.0163914 0.019155 0.0213431 0.0227261 0.023193 0.0227707 0.0216054 0.0199157 0.0179358 0.0158658 0.0138453 0.0119497 0.0102057 0.00861287 0.00716322
 1.02415e-16 2.83801e-05 0.000166555 0.000791698 0.00304803 0.00950496 0.0240089 0.0491261 0.081435 0.109374 0.119045 0.105063 0.0753312 0.044214 0.021926 0.0104575 0.00675763 0.00721341 0.00959407 0.0128759 0.0165592 0.0202531 0.0235574 0.0260933 0.0275768 0.027881 0.0270587 0.0253176 0.0229582 0.0202978 0.0176049 0.0150627 0.0127641 0.0107315 0.00894634 0.00737677
 1.04817e-16 1.61156e-05 9.45356e-05 0.000449275 0.00172956 0.00539331 0.0136234 0.0278781 0.0462213 0.062105 0.0676646 0.0598802 0.0432903 0.0261253 0.0142907 0.00904809 0.00880096 0.0116024 0.0162155 0.0219735 0.02837 0.034834 0.0407122 0.0453671 0.0483088 0.0492985 0.0483904 0.0458922 0.0422677 0.0380151 0.0335631 0.0292132 0.0251324 0.0213834 0.0179705 0.0148792
pSPR Fmed_Fpbrs
0.740699   0.334167 0.334167
Fs Fmed_Fpbrs
0.183424   1.005 1.005
SSBpbr Bo_Bmed_Bpbrs
1.49708e+06  1.03403e+06  425422 425422
Ro
63576.6
SPR SPRFo_SPRFmed_SPRFpbrs
1.30572e+06 967147 436330
log_Ro
10.88
likeval ReclasPelacesDesembMPH_pf_preclas_ppelaces_ptallas_desvR_qrecl_qpela
 63.647 24.4405 0.0302929 0.00156783 318.864 201.857 78.4063 0 16.1083 0.000101127 0 0 0 0 0
q_reclas_q_pelaces
0.240507 1
M
0.7
N
 66362.2 17853.1 6663.42 787.631 0.417556
 84678.4 30706.6 6203.81 2315.49 273.841
 54038.2 39852.4 11625.8 2348.82 980.346
 82663.6 24930.1 13642.3 3979.75 1139.64
 138626 40496 11559 6325.35 2373.65
 102327 68645.7 19824.7 5658.69 4258.58
 156562 49371.3 29470.9 8511.12 4257.66
 137567 76365.2 22393.7 13367.3 5791.65
 155136 65897.3 31612.1 9270.11 7931.05
 142929 73896.4 26514.7 12719.6 6921.13
 68653.7 68515 30701.1 11015.8 8159.96
 40925.2 31562.5 23044.3 10326 6449.59
 42623.3 18909.1 10887.6 7949.21 5786.79
 24426.1 18899.9 5298.33 3050.69 3848.82
 19679.3 9971.45 3487.15 977.576 1273.01
 25491.6 8210.4 2053.64 718.187 463.512
 21621.3 11829.2 2894.76 724.056 416.634
 24461 10230.9 4602.68 1126.33 443.836
 27696.8 11760.5 4314.7 1941.1 662.194
 49713.6 13382.3 5085.37 1865.72 1125.69
 61997.6 23994.7 5755.7 2187.21 1286.6
 80147.6 30380.2 11140.6 2672.35 1612.88
 131678 39104.1 13799.5 5060.39 1946.47
 157937 64037.8 17473.3 6166.18 3130.94
 64380.6 76881.6 28753.9 7845.74 4174.54
pred_Ctot
 3268.75 3934.6 1468.54 173.584 0.0920242
 3192.58 5328.86 1076.62 401.833 47.5227
 2769.95 9095.45 2653.34 536.069 223.743
 802.316 1193.54 653.132 190.533 54.561
 281.227 413.046 117.898 64.5165 24.2104
 2092.97 6743.69 1947.56 555.905 418.358
 2002.5 3091.13 1845.17 532.881 266.572
 3506.86 9234.21 2707.89 1616.4 700.335
 4560.87 9101.55 4366.18 1280.36 1095.41
 3572.17 8771.44 3147.27 1509.8 821.532
 3680.24 16259.5 7285.77 2614.2 1936.46
 2055.94 7077.45 5167.37 2315.46 1446.23
 3303.49 6122.06 3524.99 2573.66 1873.55
 3161.05 9029.03 2531.17 1457.41 1838.69
 2285.05 4410.17 1542.3 432.362 563.024
 1206.1 1746.39 436.819 152.762 98.5912
 734.822 1867.49 456.999 114.308 65.7745
 560.716 1119.54 503.659 123.252 48.5678
 538.916 1101.79 404.225 181.854 62.038
 1004.29 1299.26 493.73 181.139 109.291
 589.746 1126.41 270.197 102.677 60.3985
 1009.07 1873.24 686.932 164.777 99.4501
 1959.96 2834.37 1000.23 366.79 141.085
 2243.66 4437.53 1210.82 427.289 216.96
 900.951 5250.84 1963.82 535.847 285.112
F
 0.0706499 0.357011 0.357011 0.357011 0.357011
 0.0536782 0.271249 0.271249 0.271249 0.271249
 0.0736179 0.372009 0.372009 0.372009 0.372009
 0.0135771 0.0686084 0.0686084 0.0686084 0.0686084
 0.00282439 0.0142724 0.0142724 0.0142724 0.0142724
 0.0288046 0.145557 0.145557 0.145557 0.145557
 0.0179265 0.0905869 0.0905869 0.0905869 0.0905869
 0.0360137 0.181986 0.181986 0.181986 0.181986
 0.0416363 0.210398 0.210398 0.210398 0.210398
 0.0352971 0.178365 0.178365 0.178365 0.178365
 0.0771055 0.389633 0.389633 0.389633 0.389633
 0.0721017 0.364348 0.364348 0.364348 0.364348
 0.113245 0.572253 0.572253 0.572253 0.572253
 0.195928 0.990071 0.990071 0.990071 0.990071
 0.174168 0.880111 0.880111 0.880111 0.880111
 0.0677785 0.342501 0.342501 0.342501 0.342501
 0.0482725 0.243933 0.243933 0.243933 0.243933
 0.0323318 0.163381 0.163381 0.163381 0.163381
 0.0273848 0.138382 0.138382 0.138382 0.138382
 0.028445 0.14374 0.14374 0.14374 0.14374
 0.013305 0.0672332 0.0672332 0.0672332 0.0672332
 0.0176435 0.089157 0.089157 0.089157 0.089157
 0.0208885 0.105555 0.105555 0.105555 0.105555
 0.0199281 0.100701 0.100701 0.100701 0.100701
 0.0196282 0.0991861 0.0991861 0.0991861 0.0991861
nmprior
 10.6 11 7 0
nm_flota  nm_reclas  nm_pelaces    nm_pelaL
inf 12.7153 21.2886 53.2832
cv_recla  cv_pelaces  cv_mph
0.721629 0.560567 1.28466
 ------------------------------------------------
Talla a la edad & desviación 
 7.2 14.2025 17.0495 18.207 18.6776
 1.08 2.13037 2.55742 2.73105 2.80164
