years
 1997 1998 1999 2000 2001 2002 2003 2004 2005 2006 2007 2008 2009 2010 2011 2012 2013 2014 2015 2016 2017 2018 2019 2020 2021
reclasobs
 0 0 0 370054 412103 1.49427e+06 250295 1.28982e+06 931140 785840 897777 1.04006e+06 184774 17550 25797 100020 73551 82996 120727 218422 84188 347160 605670 569463 516374
reclaspred
 1.3849e+06 268529 584423 197152 240131 331086 781897 431913 935087 1.44983e+06 1.25077e+06 682666 387234 210254 148577 127626 118633 147764 131015 211054 417952 394711 661828 656967 504322
pelacesobs
 0 0 0 0 0 0 0 0 0 2.06254e+06 1.5e+06 0 1.87456e+06 323000 250000 174000 83755 137374 0 501740 490994 745055 786931 1.00524e+06 1.33801e+06
pelacespred
 775359 271773 165366 140428 142421 137959 406602 252996 550620 859324 642842 360988 205812 89933.5 63111.3 61729.6 59527.7 73271.4 67308.4 106663 224847 231955 291822 349984 261470
mphobs
 0 0 0 0 0 112323 0 153150 637223 0 255016 313432 73983 77613 109348 50772 0 0 0 0 0 0 0 0 0
mphpred
 1.05777e+06 487112 402697 255898 157131 299670 436657 597552 472954 1.19273e+06 1.38959e+06 755513 411638 252349 140382 114564 103461 115451 130518 121054 302795 368997 457034 589339 530904
desembarqueobs
 350755 77701 442110 56441 14545 235359 269955 359681 431902 328805 639364 411747 362871 311530 167758 66681 60226 58785 57116 73181 50977 67692 138656 160484 209506
desembarquepred
 350407 77631.7 441203 56355.9 14532.6 235047 269767 359366 431428 328720 638207 411193 362628 310763 167463 66678.8 60069.3 58658.6 57056 73048.2 50944.3 67669.6 138514 160373 209302
Reclutas
 35378.3 55334 3036.93 6480.89 44480.9 34984.1 73898 22842.1 213059 176392 10881.6 30800.2 60779.7 35297.4 18183.5 12592.6 9832.16 11875.6 5652.07 38545.2 30464.4 43108.9 61929.6 36479 4328.01
log_desv_Rt
 0.313855 0.761143 -2.1414 -1.38339 0.542816 0.302648 1.05044 -0.123638 2.10933 1.92046 -0.865171 0.175276 0.85501 0.311565 -0.35173 -0.719137 -0.966586 -0.777763 -1.52022 0.399586 0.164313 0.511485 0.873753 0.344491 -1.78714
SSB
 1.05777e+06 487112 402697 255898 157131 299670 436657 597552 472954 1.19273e+06 1.38959e+06 755513 411638 252349 140382 114564 103461 115451 130518 121054 302795 368997 457034 589339 530904
BT
 2.1939e+06 656051 542363 332260 382380 463213 1.38591e+06 911110 2.1534e+06 2.34602e+06 1.74382e+06 1.11138e+06 863314 495119 292596 188794 186205 218474 181929 356579 562195 536153 716160 842751 663684
Ftot
 0.244222 0.278736 0.69742 0.275076 0.0591464 0.662181 0.332114 0.766697 0.443383 0.219531 0.481963 0.565672 0.861899 1.29241 1.01906 0.494995 0.480857 0.38006 0.414602 0.333724 0.118672 0.166402 0.202647 0.235722 0.395175
BD_Bspro_t
 0.96391 0.784421 0.65921 0.373282 0.388473 0.612472 0.545174 0.562844 0.490587 0.650114 0.648515 0.430413 0.304776 0.248263 0.168745 0.161047 0.192911 0.275662 0.356059 0.403447 0.641672 0.733601 0.746475 0.732248 0.65688
BD_Bspro
 1.99254 0.917579 0.758565 0.482038 0.295989 0.564491 0.822537 1.12561 0.890909 2.24675 2.61759 1.42317 0.775406 0.475353 0.264439 0.215805 0.194891 0.217477 0.245858 0.228032 0.570378 0.695084 0.860921 1.11014 1.00007
BD_Bo
 1.12074 0.516108 0.426668 0.27113 0.166484 0.317508 0.462649 0.633121 0.501106 1.26372 1.47231 0.800485 0.43614 0.26737 0.148738 0.121383 0.109619 0.122324 0.138287 0.12826 0.320819 0.390961 0.484239 0.624419 0.562506
BD_Brms
 5.451 2.51023 2.07521 1.31871 0.809739 1.54428 2.25022 3.07935 2.43726 6.14645 7.16096 3.89337 2.12128 1.30043 0.723427 0.590379 0.533163 0.594954 0.672596 0.623828 1.56039 1.90154 2.35523 3.03703 2.7359
S_f
 0.5 1 1 1 1
 0.5 1 1 1 1
 0.5 1 1 1 1
 0.5 1 1 1 1
 0.5 1 1 1 1
 0.5 1 1 1 1
 0.5 1 1 1 1
 0.5 1 1 1 1
 0.5 1 1 1 1
 0.5 1 1 1 1
 0.5 1 1 1 1
 0.5 1 1 1 1
 0.5 1 1 1 1
 0.5 1 1 1 1
 0.5 1 1 1 1
 0.5 1 1 1 1
 0.5 1 1 1 1
 0.5 1 1 1 1
 0.5 1 1 1 1
 0.5 1 1 1 1
 0.5 1 1 1 1
 0.5 1 1 1 1
 0.5 1 1 1 1
 0.5 1 1 1 1
 0.5 1 1 1 1
Scru_reclas
 0.5 1 1 1 1
 0.5 1 1 1 1
 0.5 1 1 1 1
 0.5 1 1 1 1
 0.5 1 1 1 1
 0.5 1 1 1 1
 0.5 1 1 1 1
 0.5 1 1 1 1
 0.5 1 1 1 1
 0.5 1 1 1 1
 0.5 1 1 1 1
 0.5 1 1 1 1
 0.5 1 1 1 1
 0.5 1 1 1 1
 0.5 1 1 1 1
 0.5 1 1 1 1
 0.5 1 1 1 1
 0.5 1 1 1 1
 0.5 1 1 1 1
 0.5 1 1 1 1
 0.5 1 1 1 1
 0.5 1 1 1 1
 0.5 1 1 1 1
 0.5 1 1 1 1
 0.5 1 1 1 1
Scru_pelaces
 0.5 1 1 1 1
 0.5 1 1 1 1
 0.5 1 1 1 1
 0.5 1 1 1 1
 0.5 1 1 1 1
 0.5 1 1 1 1
 0.5 1 1 1 1
 0.5 1 1 1 1
 0.5 1 1 1 1
 0.5 1 1 1 1
 0.5 1 1 1 1
 0.5 1 1 1 1
 0.5 1 1 1 1
 0.5 1 1 1 1
 0.5 1 1 1 1
 0.5 1 1 1 1
 0.5 1 1 1 1
 0.5 1 1 1 1
 0.5 1 1 1 1
 0.5 1 1 1 1
 0.5 1 1 1 1
 0.5 1 1 1 1
 0.5 1 1 1 1
 0.5 1 1 1 1
 0.5 1 1 1 1
pf_obs 
 0.256992 0.487395 0.22802 0.0275931 0
 0.321318 0.546541 0.124235 0.00734118 0.000564706
 0.182869 0.594174 0.210203 0.0122559 0.00049798
 0.330522 0.361315 0.267642 0.0388342 0.00168674
 0.649043 0.306663 0.0425973 0.00169635 0
 0.582887 0.30429 0.105238 0.00758474 0
 0.465427 0.430635 0.0974691 0.00646863 0
 0.296916 0.608066 0.0921331 0.00288517 0
 0.311714 0.524322 0.152257 0.0117073 0
 0.15457 0.633149 0.183074 0.0267441 0.00246327
 0.131901 0.49318 0.331252 0.0422183 0.00144891
 0.196976 0.569456 0.194076 0.0375587 0.00193317
 0.518974 0.381816 0.0799577 0.0180837 0.00116848
 0.0928022 0.601141 0.25162 0.0475244 0.00691264
 0.122501 0.610282 0.24278 0.0234846 0.000952079
 0.383417 0.481906 0.127806 0.00687128 0
 0.0376549 0.599619 0.316969 0.0457579 0
 0.0361596 0.667082 0.258105 0.0386534 0
 0.158088 0.579412 0.248529 0.0139706 0
 0.0477256 0.309471 0.559284 0.082774 0.000745712
 0.0406174 0.521527 0.379366 0.0568643 0.0016247
 0.151134 0.462217 0.34131 0.0453401 0
 0.294876 0.26143 0.354403 0.0886775 0.000613685
 0.281977 0.475581 0.204845 0.0348837 0.00271318
 0.0354234 0.537034 0.353287 0.0723622 0.0018943
pf_pred 
 0.379081 0.31258 0.155222 0.0770812 0.0760355
 0.517025 0.273847 0.105278 0.0522795 0.0515703
 0.048564 0.66482 0.162512 0.062476 0.0616285
 0.265157 0.0821239 0.45609 0.111489 0.0851401
 0.778891 0.0969609 0.0138745 0.0770545 0.0332196
 0.44989 0.482722 0.0295513 0.00422859 0.0336088
 0.679015 0.213752 0.0940966 0.00576041 0.00737561
 0.260444 0.608823 0.087059 0.0383246 0.00535016
 0.876614 0.0580206 0.0538106 0.00769468 0.00386018
 0.506691 0.464587 0.0135062 0.0125262 0.00268977
 0.0499272 0.65198 0.280737 0.0081614 0.00919456
 0.305352 0.0750169 0.425217 0.183095 0.0113195
 0.613946 0.196749 0.0204435 0.11588 0.0529816
 0.478766 0.419726 0.0517323 0.00537532 0.0443996
 0.468999 0.389973 0.113564 0.013997 0.0134674
 0.47631 0.370563 0.112458 0.0327489 0.00792004
 0.42981 0.386483 0.129991 0.0394496 0.0142664
 0.51521 0.307602 0.1201 0.0403951 0.0166924
 0.307745 0.487052 0.130202 0.0508364 0.0241641
 0.819486 0.0904052 0.063398 0.016948 0.00976257
 0.467279 0.484287 0.024257 0.0170106 0.00716683
 0.502564 0.320672 0.160693 0.00804878 0.00802237
 0.527277 0.321131 0.0977235 0.0489704 0.00489762
 0.326623 0.473175 0.136002 0.0413868 0.0228136
 0.0692004 0.474027 0.320969 0.0922544 0.0435491
pobs_RECLAS
 0 0 0 0 0
 0 0 0 0 0
 0 0 0 0 0
 0 0 0 0 0
 0.835266 0.146461 0.0176864 0.000547809 3.91292e-05
 0.385257 0.428462 0.181853 0.0044286 0
 0.867414 0.0963971 0.0333333 0.00285562 0
 0.441836 0.489002 0.0689373 0.000224442 0
 0.779404 0.147425 0.0564933 0.0165055 0.000172143
 0.814271 0.122319 0.05973 0.00367925 0
 0.40263 0.566651 0.0304383 0.000280538 0
 0.475488 0.404961 0.113038 0.00651328 0
 0.955842 0.0263864 0.0167828 0.000988607 0
 0.975058 0.0227948 0.00214734 0 0
 0.738997 0.206755 0.0527124 0.00153531 0
 0.850938 0.134255 0.0134407 0.00136685 0
 0.542534 0.407297 0.0501686 0 0
 0.764087 0.199537 0.0359546 0.000420521 0
 0.470689 0.182191 0.310203 0.0369168 0
 0.84361 0.089868 0.0606195 0.00523954 0.000663233
 0.607945 0.314616 0.071237 0.00620181 0
 0.523733 0.453247 0.0230204 0 0
 0.530135 0.295979 0.169645 0.0042399 0
 0.562478 0.366248 0.0663022 0.0049721 0
 0.250443 0.683176 0.0655157 0.000865301 0
ppred_RECLAS
 0.381172 0.311527 0.1547 0.0768217 0.0757795
 0.519625 0.272373 0.104711 0.051998 0.0512926
 0.0501913 0.663683 0.162234 0.0623692 0.0615231
 0.267159 0.0819002 0.454848 0.111185 0.0849082
 0.779203 0.0968237 0.0138548 0.0769454 0.0331726
 0.457881 0.475709 0.029122 0.00416716 0.0331205
 0.681829 0.211879 0.0932718 0.00570991 0.00731096
 0.268152 0.602477 0.0861516 0.0379251 0.00529439
 0.878627 0.0570741 0.0529328 0.00756916 0.0037972
 0.508643 0.462748 0.0134527 0.0124766 0.00267912
 0.0509291 0.651292 0.280441 0.0081528 0.00918487
 0.310883 0.0744195 0.421831 0.181637 0.0112293
 0.625006 0.191113 0.0198578 0.11256 0.0514638
 0.500216 0.402454 0.0496034 0.00515412 0.0425725
 0.483966 0.378981 0.110363 0.0136025 0.0130878
 0.48172 0.366735 0.111296 0.0324106 0.00783823
 0.434929 0.383013 0.128824 0.0390954 0.0141383
 0.519043 0.30517 0.119151 0.0400757 0.0165604
 0.311415 0.48447 0.129512 0.0505669 0.024036
 0.821404 0.0894448 0.0627245 0.016768 0.00965885
 0.46824 0.483413 0.0242132 0.0169799 0.00715389
 0.503978 0.31976 0.160236 0.00802591 0.00799958
 0.529049 0.319928 0.0973573 0.0487869 0.00487927
 0.328496 0.471858 0.135624 0.0412717 0.0227502
 0.0702472 0.473494 0.320608 0.0921507 0.0435002
pobs_PELACES
 0 0 0 0 0
 0 0 0 0 0
 0 0 0 0 0
 0 0 0 0 0
 0 0 0 0 0
 0 0 0 0 0
 0 0 0 0 0
 0 0 0 0 0
 0 0 0 0 0
 0 0 0 0 0
 0.450072 0.473896 0.0757376 0.000293798 0
 0 0 0 0 0
 0.463077 0.371075 0.160297 0.00555027 0
 0.529543 0.364841 0.0842815 0.0213345 0
 0.631943 0.363953 0.00410389 0 0
 0.735681 0.248677 0.0153453 0.000297389 0
 0.695825 0.281241 0.0229344 0 0
 0.275771 0.60734 0.115278 0.00161068 0
 0 0 0 0 0
 0.896147 0.0623911 0.0374545 0.00400742 0
 0.803859 0.145111 0.0509908 3.86294e-05 0
 0.739449 0.233085 0.0266225 0.000797448 4.60066e-05
 0.878498 0.100942 0.0204185 0.000141795 0
 0.694673 0.275183 0.0284847 0.00165964 0
 0.469039 0.446079 0.0841089 0.000773354 0
ppred_PELACES
 0.390721 0.30672 0.152313 0.0756362 0.0746101
 0.531093 0.265871 0.102211 0.0507567 0.0500681
 0.0559698 0.659645 0.161247 0.0619897 0.0611488
 0.276138 0.0808967 0.449275 0.109823 0.0838678
 0.780878 0.0960894 0.0137498 0.0763619 0.032921
 0.4851 0.451824 0.0276598 0.00395793 0.0314576
 0.693597 0.204042 0.0898221 0.00549873 0.00704056
 0.293693 0.58145 0.0831449 0.0366015 0.00510962
 0.886215 0.0535059 0.0496235 0.00709594 0.00355981
 0.517693 0.454226 0.0132049 0.0122468 0.00262978
 0.054913 0.648558 0.279264 0.00811857 0.00914631
 0.331223 0.0722229 0.40938 0.176276 0.0108979
 0.657701 0.17445 0.0181265 0.102746 0.0469768
 0.553325 0.359688 0.0443324 0.00460642 0.0380486
 0.525973 0.34813 0.101379 0.0124952 0.0120224
 0.502131 0.352292 0.106913 0.0311342 0.00752955
 0.45452 0.369734 0.124358 0.0377401 0.0136482
 0.534674 0.295252 0.115279 0.0387732 0.0160222
 0.326271 0.474018 0.126718 0.049476 0.0235174
 0.829339 0.0854705 0.0599374 0.0160229 0.00922969
 0.473118 0.478978 0.0239911 0.0168241 0.00708827
 0.510841 0.315337 0.158019 0.00791487 0.0078889
 0.537371 0.314275 0.0956369 0.0479248 0.00479305
 0.337132 0.46579 0.13388 0.040741 0.0224576
 0.074627 0.471264 0.319097 0.0917166 0.0432952
pobs_pel_tallas
 0 0 0 0 0 0 0 0 0 0 0 0 0 0 0 0 0 0 0 0 0 0 0 0 0 0 0 0 0 0 0 0 0 0 0 0
 0 0 0 0 0 0 0 0 0 0 0 0 0 0 0 0 0 0 0 0 0 0 0 0 0 0 0 0 0 0 0 0 0 0 0 0
 0 0 0 0 0 0 0 0 0 0 0 0 0 0 0 0 0 0 0 0 0 0 0 0 0 0 0 0 0 0 0 0 0 0 0 0
 0 0 0 0 0 0 0 0 0 0 0 0 0 0 0 0 0 0 0 0 0 0 0 0 0 0 0 0 0 0 0 0 0 0 0 0
 0 0 0 0 0 0 0 0 0 0 0 0 0 0 0 0 0 0 0 0 0 0 0 0 0 0 0 0 0 0 0 0 0 0 0 0
 0 0 0 0 0 0 0 0 0 0 0 0 0 0 0 0 0 0 0 0 0 0 0 0 0 0 0 0 0 0 0 0 0 0 0 0
 0 0 0 0 0 0 0 0 0 0 0 0 0 0 0 0 0 0 0 0 0 0 0 0 0 0 0 0 0 0 0 0 0 0 0 0
 0 0 0 0 0 0 0 0 0 0 0 0 0 0 0 0 0 0 0 0 0 0 0 0 0 0 0 0 0 0 0 0 0 0 0 0
 0 0 0 0 0 0 0 0 0 0 0 0 0 0 0 0 0 0 0 0 0 0 0 0 0 0 0 0 0 0 0 0 0 0 0 0
 0 0 0 0 0 0 0 0 0 0 0 0 0 0 0 0 0 0 0 0 0 0 0 0 0 0 0 0 0 0 0 0 0 0 0 0
 0 0 0 0 0 0 0 0 1.78061e-05 0.00172719 0.00360574 0.0105946 0.0120993 0.0124554 0.0147524 0.0171206 0.0266825 0.0428682 0.0675386 0.121331 0.153587 0.119568 0.100827 0.0573624 0.0630603 0.0341343 0.0324427 0.0444173 0.0211091 0.0280891 0.0125444 0.00206551 0 0 0 0
 0 0 0 0 0 0 0 0 0 0 0 0 0 0 0 0 0 0 0 0 0 0 0 0 0 0 0 0 0 0 0 0 0 0 0 0
 0 0 0 0 0 0 0.0133647 0.0140871 0.0187388 0.0205184 0.03894 0.0496705 0.03968 0.0493445 0.0407372 0.0367815 0.0215668 0.0243155 0.0234873 0.0199281 0.019796 0.0243948 0.0301388 0.0376714 0.0412746 0.0863199 0.0771752 0.113111 0.0741005 0.0525337 0.0229764 0.00759418 0.00175318 0 0 0
 0 0 0 0 0 0 0 0 0 0 0.00219441 0.00772107 0.0458388 0.0604681 0.0671733 0.0775358 0.0609151 0.0617685 0.073594 0.0568108 0.0755445 0.0548602 0.0670107 0.0636378 0.0643287 0.046367 0.0373049 0.0286899 0.0247887 0.0153202 0.00654259 0.00121912 0.000365735 0 0 0
 0 0 0 0 0 0 0 0 0 0 0 0 0.000112435 0.00938835 0.0111873 0.0202946 0.0414886 0.0713402 0.111592 0.104902 0.108894 0.110636 0.117776 0.105296 0.107544 0.0401394 0.0192827 0.0124803 0.00416011 0.0028671 0.000618394 0 0 0 0 0
 0 0 0 0 0 0 0 0 0 0 0.00291406 0.0102884 0.027416 0.0768956 0.0749926 0.110853 0.0956884 0.0897413 0.0766577 0.0534642 0.0500743 0.0551293 0.0594112 0.0620874 0.0668451 0.0424026 0.0208742 0.0120726 0.0048766 0.00582813 0.00118941 0.000297354 0 0 0 0
 0 0.00264628 0.0354308 0.0461629 0.0458689 0.0383711 0.0214643 0.0164657 0.0346957 0.0420465 0.0363128 0.0245516 0.0311673 0.0291091 0.0169068 0.0133784 0.00837989 0.0085269 0.0148486 0.0160247 0.0276389 0.0546898 0.0760071 0.122758 0.109233 0.0665981 0.0333725 0.0166128 0.00676272 0.00308733 0.000882094 0 0 0 0 0
 0 0 0 0 0 0 0 0.000805153 0.000690131 0.00759144 0.0133425 0.0154129 0.00931677 0.000345066 0.00356568 0.00563607 0.00851162 0.0253048 0.0502646 0.0516448 0.0657925 0.0565908 0.0611916 0.0827007 0.0866115 0.110766 0.145733 0.0935128 0.0569358 0.0249597 0.0138026 0.00621118 0.00161031 0.00115022 0 0
 0 0 0 0 0 0 0 0 0 0 0 0 0 0 0 0 0 0 0 0 0 0 0 0 0 0 0 0 0 0 0 0 0 0 0 0
 0.00147267 0.00158595 0.00478618 0.00569244 0.00954404 0.0108468 0.00647125 0.017049 0.0510054 0.094081 0.124002 0.0959785 0.0687766 0.0820023 0.061753 0.0591476 0.0492212 0.0479892 0.0443925 0.0268479 0.0217502 0.0140895 0.0121071 0.0120363 0.00920419 0.00665534 0.0049561 0.00860946 0.00930331 0.0156896 0.0114698 0.00855282 0.00243557 0.00046729 0 2.83206e-05
 0 0 0 0 0.000772559 0.00158375 0.000888443 0.00281984 0.00712685 0.0440552 0.0773331 0.111326 0.0921469 0.0852325 0.0710754 0.0886704 0.0786465 0.0553345 0.0373146 0.0185414 0.00753245 0.00457741 0.012979 0.0271748 0.0457355 0.0583668 0.034881 0.0177882 0.00938659 0.00492506 0.0015258 0.00185414 0.000309023 5.79419e-05 3.86279e-05 0
 0 0.00173294 0.00326652 0 0.00397197 0.00683976 0.00946217 0.0152591 0.00757587 0.0136028 0.0228656 0.0392903 0.0559909 0.0764795 0.0681675 0.0726916 0.0566044 0.0477403 0.0527397 0.0444891 0.0609904 0.0582453 0.0661739 0.0445044 0.0529084 0.0360697 0.0280645 0.0235558 0.0158879 0.00826598 0.00280645 0.00217768 0.000904811 0.00058276 9.20147e-05 0
 0 0 0 0 0 0 0 0 0 0 0 0 0 0 0 0 0 0 0 0 0 0 0 0 0 0 0 0 0 0 0 0 0 0 0 0
 0 0 0 0 0 0 0 0 0 0 0 0 0 0 0 0 0 0 0 0 0 0 0 0 0 0 0 0 0 0 0 0 0 0 0 0
 0 0 0 0 0 0 0 0 0 0 0 0 0 0 0 0 0 0 0 0 0 0 0 0 0 0 0 0 0 0 0 0 0 0 0 0
ppred_pel_tallas
 1.08348e-16 1.70625e-05 0.000100105 0.000475773 0.00183162 0.00571162 0.0144273 0.0295221 0.0489432 0.065751 0.0716071 0.063298 0.0456068 0.0272152 0.0143318 0.00823928 0.00719737 0.00911457 0.0126921 0.0172942 0.0225225 0.0279681 0.0331644 0.0376455 0.0410363 0.0431249 0.0438918 0.0434827 0.0421435 0.0401403 0.0376954 0.034958 0.0320093 0.028891 0.0256395 0.0223105
 1.05622e-16 2.31816e-05 0.000136033 0.000646591 0.00248933 0.00776266 0.019608 0.0401218 0.066511 0.0893366 0.0972531 0.0858725 0.0616633 0.0363773 0.0183863 0.00935224 0.00682308 0.00788282 0.0107297 0.0145232 0.0188196 0.0232335 0.0273498 0.0307649 0.0331638 0.0343849 0.0344435 0.0335072 0.0318343 0.0296986 0.0273283 0.0248746 0.0224137 0.0199703 0.01755 0.0151644
 1.07491e-16 2.48012e-06 1.44608e-05 6.85402e-05 0.000263549 0.000821554 0.0020759 0.00425282 0.00706948 0.00955452 0.0105565 0.00969051 0.0077638 0.00620089 0.00613331 0.00803132 0.0119311 0.0177416 0.0253136 0.0343316 0.0442073 0.0540739 0.0628986 0.0696799 0.0736686 0.0745345 0.0724282 0.0679104 0.0617853 0.0548942 0.047941 0.0413953 0.0354821 0.0302377 0.0255934 0.0214522
 1.14097e-16 1.20577e-05 7.0741e-05 0.000336218 0.00129437 0.00403626 0.0101953 0.0208614 0.0345825 0.0464506 0.0505668 0.0446498 0.0320644 0.0189251 0.00959621 0.00496562 0.00380298 0.00466654 0.00673058 0.00970605 0.0135358 0.0181919 0.0235905 0.0295649 0.0358644 0.0421642 0.0480853 0.053224 0.0571897 0.0596505 0.0603792 0.059291 0.0564646 0.0521353 0.046665 0.0404901
 1.04389e-16 3.40663e-05 0.000199952 0.000950505 0.00365953 0.0114119 0.0288256 0.0589803 0.0977639 0.131287 0.142846 0.125954 0.0900603 0.0523545 0.0250257 0.0103739 0.00464807 0.00344916 0.00409673 0.00544742 0.00708995 0.00883559 0.0105363 0.0120568 0.0132923 0.0141869 0.0147393 0.0149917 0.0150062 0.0148402 0.0145277 0.0140747 0.0134666 0.012684 0.0117186 0.0105844
 1.02146e-16 2.11836e-05 0.000124286 0.000590706 0.00227409 0.00709142 0.0179127 0.0366545 0.0607691 0.0816417 0.088923 0.0786281 0.0567024 0.0339346 0.0180424 0.0106245 0.00951429 0.0120875 0.0166717 0.0223788 0.0285784 0.0346063 0.0397347 0.0432833 0.04477 0.0440266 0.0412389 0.036891 0.0316389 0.026155 0.0209931 0.0165113 0.0128594 0.0100185 0.00786617 0.00624148
 1.0186e-16 3.02652e-05 0.000177625 0.000844336 0.00325072 0.010137 0.0256054 0.0523924 0.0868477 0.116638 0.126937 0.111996 0.0802308 0.0469459 0.0230139 0.0105325 0.00622365 0.00621798 0.00813744 0.0109162 0.0140761 0.0172789 0.0201883 0.0224829 0.0239151 0.0243614 0.0238447 0.0225156 0.0206054 0.0183667 0.0160215 0.0137317 0.0115936 0.00965038 0.00791315 0.00637877
 1.02867e-16 1.28428e-05 7.53059e-05 0.000357821 0.00137738 0.00429502 0.0108494 0.0222035 0.0368203 0.0494957 0.0539851 0.0479134 0.034941 0.0216891 0.0129506 0.00983462 0.0111698 0.0154682 0.0217308 0.0293019 0.0375275 0.0455941 0.0525713 0.0575748 0.0599633 0.0594877 0.0563455 0.0511143 0.0445959 0.0376232 0.0308936 0.0248725 0.019777 0.0156233 0.0123034 0.00966081
 1.01133e-16 3.8658e-05 0.000226913 0.00107869 0.00415307 0.012951 0.0327131 0.0669342 0.110946 0.148984 0.162088 0.142888 0.102097 0.0592065 0.0280284 0.0111458 0.00427388 0.00239829 0.00246844 0.0031989 0.00415929 0.00519294 0.00620032 0.00709205 0.00779307 0.00825406 0.00845773 0.00841643 0.0081633 0.00774075 0.00719076 0.00654973 0.00584806 0.00511239 0.00436828 0.0036413
 1.0088e-16 2.26049e-05 0.00013263 0.000630374 0.00242682 0.00756769 0.0191158 0.039116 0.064849 0.0871203 0.0948828 0.0838805 0.0604521 0.0361022 0.019055 0.0110016 0.00961435 0.0120797 0.0166067 0.0222524 0.0283623 0.0342589 0.0392049 0.0425148 0.0437072 0.0426219 0.0394611 0.0347317 0.0291173 0.0233184 0.0179146 0.0132832 0.00958443 0.00680051 0.00480092 0.00340896
 1.04882e-16 2.43408e-06 1.41902e-05 6.72538e-05 0.000258595 0.000806103 0.00203686 0.00417292 0.00693696 0.0093763 0.0103619 0.00951752 0.00763718 0.00612207 0.0060877 0.00800303 0.0119134 0.0177412 0.025352 0.0344465 0.0444517 0.0545119 0.0635947 0.0706828 0.0749906 0.0761325 0.0741924 0.0696655 0.0633074 0.0559422 0.0482965 0.0409009 0.0340719 0.0279497 0.0225637 0.0178914
 1.12402e-16 1.44593e-05 8.48413e-05 0.000403254 0.00155248 0.00484117 0.0122284 0.0250213 0.0414771 0.0557075 0.0606339 0.0535149 0.0383778 0.0225438 0.0112283 0.00547061 0.00376323 0.00434187 0.00618218 0.00891028 0.0124435 0.0167525 0.0217622 0.0273206 0.0331946 0.0390788 0.0446134 0.049413 0.0531034 0.0553666 0.0559861 0.0548833 0.0521377 0.04798 0.0427619 0.0369049
 1.0604e-16 2.86983e-05 0.00016843 0.00080063 0.00308245 0.00961232 0.02428 0.0496803 0.0823514 0.110598 0.120359 0.106181 0.0760425 0.0444488 0.0217036 0.0097885 0.00558893 0.00543356 0.00707339 0.00951568 0.012339 0.0152685 0.0180404 0.0204064 0.0221786 0.023267 0.0236913 0.0235595 0.0230243 0.0222329 0.0212884 0.0202352 0.0190683 0.0177576 0.0162774 0.0146272
 1.02683e-16 2.41548e-05 0.000141738 0.000673694 0.00259365 0.00808795 0.0204298 0.0418039 0.0693016 0.0930912 0.101357 0.0895363 0.0643808 0.0381537 0.0196011 0.0104807 0.00825796 0.00989899 0.0135019 0.0181268 0.0232059 0.0281995 0.0325288 0.0356504 0.037173 0.0369482 0.0351025 0.0319952 0.0281205 0.0239875 0.0200166 0.0164811 0.0134988 0.0110636 0.00909559 0.00748987
 1.02544e-16 2.29619e-05 0.000134735 0.000640402 0.00246547 0.00768823 0.0194201 0.039738 0.0658771 0.0884923 0.096353 0.0851229 0.0612233 0.0363149 0.0187177 0.0101105 0.00809423 0.00979636 0.0134202 0.0180815 0.0232449 0.0283945 0.0329684 0.0364285 0.0383719 0.0386193 0.0372495 0.0345639 0.0309996 0.0270208 0.0230246 0.0192869 0.0159536 0.0130648 0.0105965 0.00849829
 1.03055e-16 2.19224e-05 0.000128632 0.000611386 0.00235375 0.00733984 0.0185401 0.0379375 0.0628929 0.0844857 0.0919957 0.081286 0.058491 0.0347492 0.0180123 0.00989344 0.00811368 0.00993996 0.0136615 0.0184307 0.023723 0.0290236 0.0337666 0.0374085 0.0395392 0.0399714 0.0387758 0.0362447 0.0328064 0.0289158 0.0249624 0.0212167 0.0178223 0.0148224 0.0122 0.0099161
 1.03821e-16 1.98471e-05 0.000116446 0.000553451 0.00213068 0.00664419 0.016783 0.0343424 0.0569346 0.0764867 0.0832987 0.0736325 0.0530515 0.0316538 0.0166586 0.00955191 0.00829729 0.010442 0.0144455 0.0195272 0.0251738 0.0308568 0.0359863 0.0399917 0.0424382 0.0431209 0.0421007 0.0396686 0.0362563 0.0323247 0.0282691 0.024365 0.0207616 0.017509 0.0145998 0.0120074
 1.03814e-16 2.33391e-05 0.000136955 0.000650965 0.00250616 0.00781514 0.0197406 0.0403933 0.0669619 0.0899446 0.0979212 0.0864773 0.06213 0.0367177 0.0186782 0.0096955 0.00731084 0.00859359 0.0117257 0.0158431 0.0204664 0.025161 0.0294557 0.0328936 0.0351217 0.0359648 0.0354544 0.0338016 0.0313281 0.0283801 0.025256 0.0221656 0.0192264 0.0164854 0.0139512 0.0116219
 1.04753e-16 1.4259e-05 8.36301e-05 0.000397417 0.00152987 0.00477058 0.0120505 0.0246603 0.0408894 0.0549507 0.0598956 0.0530662 0.0384972 0.0234983 0.0133333 0.00916484 0.0096268 0.0130276 0.0182718 0.0247213 0.0318257 0.0389306 0.0452853 0.0501649 0.0530251 0.0536225 0.0520594 0.0487349 0.0442261 0.0391412 0.0339943 0.0291347 0.0247385 0.0208462 0.0174206 0.0144002
 1.01861e-16 3.61793e-05 0.000212357 0.00100948 0.00388661 0.0121201 0.0306142 0.06264 0.10383 0.139431 0.151704 0.133755 0.0956174 0.0555439 0.026473 0.01084 0.00465325 0.00323412 0.00373263 0.00493604 0.00641425 0.00797714 0.00947798 0.0107798 0.0117703 0.0123815 0.0125985 0.0124542 0.0120126 0.0113483 0.0105296 0.0096096 0.00862617 0.00760743 0.00657852 0.00556591
 1.01406e-16 2.06623e-05 0.000121223 0.000576137 0.00221799 0.00691645 0.0174708 0.0357505 0.0592715 0.0796331 0.0867441 0.0767226 0.0553741 0.0332314 0.0178353 0.010761 0.00991028 0.0127331 0.017596 0.0236131 0.0301307 0.0364453 0.0417827 0.0454199 0.0468457 0.0458842 0.0427379 0.0379285 0.0321628 0.0261662 0.0205393 0.0156734 0.0117369 0.00871497 0.0064787 0.0048535
 1.02987e-16 2.23008e-05 0.000130857 0.00062197 0.00239451 0.00746697 0.0188612 0.0385941 0.0639804 0.085943 0.0935735 0.0826585 0.0594316 0.0352142 0.0180823 0.00966221 0.00762241 0.00917693 0.0125934 0.0170363 0.0220189 0.0270796 0.0317092 0.0354093 0.0377895 0.0386479 0.0380053 0.036079 0.0332123 0.0297848 0.026135 0.0225148 0.0190817 0.0159161 0.0130513 0.0104988
 1.03331e-16 2.34574e-05 0.000137648 0.000654256 0.00251882 0.00785462 0.0198404 0.0405976 0.0673009 0.0904013 0.098422 0.086928 0.0624721 0.0369565 0.0188664 0.00990015 0.00759071 0.00899374 0.012277 0.0165593 0.021337 0.0261454 0.0304816 0.0338621 0.0359206 0.0364864 0.0356149 0.0335564 0.0306788 0.0273734 0.0239729 0.0207067 0.0176959 0.014977 0.0125391 0.0103569
 1.04502e-16 1.47323e-05 8.64094e-05 0.000410632 0.00158075 0.00492925 0.0124513 0.0254803 0.0422484 0.0567747 0.061878 0.0548089 0.0397317 0.0241927 0.0136214 0.00920883 0.00953245 0.0128369 0.0179894 0.0243398 0.0313403 0.0383456 0.0446165 0.0494382 0.0522723 0.0528754 0.0513438 0.0480659 0.043607 0.0385652 0.0334485 0.0286054 0.024216 0.0203274 0.0169095 0.0139063
 1.09858e-16 3.28644e-06 1.92108e-05 9.11589e-05 0.000350698 0.00109337 0.00276226 0.00565581 0.00938995 0.0126554 0.01389 0.0125341 0.00958865 0.00684276 0.0056597 0.00649919 0.00925189 0.0136998 0.0196699 0.0269456 0.0351473 0.0436948 0.0518642 0.0589135 0.0642294 0.0674432 0.0684829 0.0675405 0.0649811 0.0612272 0.0566631 0.0515854 0.0462026 0.0406651 0.0351035 0.0296535
pSPR Fmed_Fpbrs
0.522284   0.255602 0.255602
Fs Fmed_Fpbrs
0.371966   1.005 1.005
SSBpbr Bo_Bmed_Bpbrs
943819  445751  194051 194051
Ro
25848.3
SPR SPRFo_SPRFmed_SPRFpbrs
530867 277263 135691
log_Ro
9.98
likeval ReclasPelacesDesembMPH_pf_preclas_ppelaces_ptallas_desvR_qrecl_qpela
 106.316 114.512 0.234121 0.000580725 377.148 223.674 93.5648 0 38.1144 0 0 0 0 0 0
q_reclas_q_pelaces
1 1
M
0.7
N
 35378.3 15367.3 7631.2 3789.54 3738.13
 55334 15548.9 5977.62 2968.4 2928.13
 3036.93 23903.4 5843.05 2246.3 2215.83
 6480.89 1064.11 5909.73 1444.6 1103.19
 44480.9 2804.77 401.344 2228.94 960.935
 34984.1 21444.9 1312.81 187.855 1493.07
 73898 12475.9 5492.08 336.214 430.488
 22842.1 31082 4444.59 1956.57 273.14
 213059 7731.16 7170.18 1025.31 514.363
 176392 84764.6 2464.22 2285.42 490.752
 10881.6 78487.7 33796.2 982.499 1106.87
 30800.2 4246.49 24070.3 10364.5 640.761
 60779.7 11526.9 1197.72 6789.02 3104.03
 35297.4 19615.2 2417.62 251.207 2074.94
 18183.5 9185.29 2674.85 329.681 317.207
 12592.6 5424.82 1646.32 479.424 115.945
 9832.16 4882.27 1642.12 498.35 180.222
 11875.6 3839.07 1498.93 504.157 208.332
 5652.07 4876.62 1303.65 509 241.944
 38545.2 2281.24 1599.75 427.658 246.344
 30464.4 16199.3 811.393 569.001 239.729
 43108.9 14256.6 7144.17 357.838 356.664
 61929.6 19698.2 5994.37 3003.85 300.421
 36479 27790 7987.53 2430.69 1339.87
 4328.01 16100.9 10902.1 3133.53 1479.2
pred_Ctot
 2945.34 2428.64 1206.03 598.896 590.772
 5218.71 2764.14 1062.65 527.695 520.536
 655.99 8980.21 2195.16 843.91 832.461
 603.681 186.971 1038.38 253.826 193.838
 933.764 116.24 16.6333 92.3759 39.8249
 7227.52 7754.97 474.743 67.9327 539.928
 8209.51 2584.33 1137.66 69.6451 89.1735
 5347.1 12499.6 1787.39 786.832 109.843
 30858.3 2042.42 1894.23 270.866 135.885
 13271.1 12168.3 353.749 328.081 70.4495
 1699.22 22189.5 9554.61 277.765 312.928
 5546.37 1362.6 7723.59 3325.72 205.605
 15685.8 5026.76 522.313 2960.62 1353.63
 12534.4 10988.7 1354.38 140.729 1162.41
 5374.76 4469.11 1301.45 160.407 154.337
 2014.02 1566.88 475.516 138.475 33.489
 1532.18 1377.73 463.391 140.63 50.8568
 1494.34 892.182 348.345 117.164 48.4154
 770.168 1218.9 325.846 127.224 60.4735
 4301.34 474.521 332.765 88.9571 51.242
 1266.5 1312.6 65.7456 46.1051 19.4248
 2486.96 1586.86 795.193 39.8297 39.699
 4316.8 2629.09 800.058 400.919 40.0966
 2936.66 4254.31 1222.8 372.109 205.117
 564.445 3866.48 2618.03 752.488 355.216
F
 0.122111 0.244222 0.244222 0.244222 0.244222
 0.139368 0.278736 0.278736 0.278736 0.278736
 0.34871 0.69742 0.69742 0.69742 0.69742
 0.137538 0.275076 0.275076 0.275076 0.275076
 0.0295732 0.0591464 0.0591464 0.0591464 0.0591464
 0.33109 0.662181 0.662181 0.662181 0.662181
 0.166057 0.332114 0.332114 0.332114 0.332114
 0.383349 0.766697 0.766697 0.766697 0.766697
 0.221692 0.443383 0.443383 0.443383 0.443383
 0.109765 0.219531 0.219531 0.219531 0.219531
 0.240981 0.481963 0.481963 0.481963 0.481963
 0.282836 0.565672 0.565672 0.565672 0.565672
 0.43095 0.861899 0.861899 0.861899 0.861899
 0.646207 1.29241 1.29241 1.29241 1.29241
 0.50953 1.01906 1.01906 1.01906 1.01906
 0.247497 0.494995 0.494995 0.494995 0.494995
 0.240429 0.480857 0.480857 0.480857 0.480857
 0.19003 0.38006 0.38006 0.38006 0.38006
 0.207301 0.414602 0.414602 0.414602 0.414602
 0.166862 0.333724 0.333724 0.333724 0.333724
 0.0593358 0.118672 0.118672 0.118672 0.118672
 0.0832008 0.166402 0.166402 0.166402 0.166402
 0.101324 0.202647 0.202647 0.202647 0.202647
 0.117861 0.235722 0.235722 0.235722 0.235722
 0.197588 0.395175 0.395175 0.395175 0.395175
nmprior
 10.6 11 7 0
nm_flota  nm_reclas  nm_pelaces    nm_pelaL
inf 9.516 7.83304 14.5248
cv_recla  cv_pelaces  cv_mph
0.93266 1.21338 0.78185
 ------------------------------------------------
Talla a la edad & desviación 
 7.2 14.2025 17.0495 18.207 18.6776
 1.08 2.13037 2.55742 2.73105 2.80164
