years
 1997 1998 1999 2000 2001 2002 2003 2004 2005 2006 2007 2008 2009 2010 2011 2012 2013 2014 2015 2016 2017 2018 2019 2020 2021
reclasobs
 0 0 0 370054 412103 1.49427e+06 250295 1.28982e+06 931140 785840 897777 1.04006e+06 184774 17550 25797 100020 73551 82996 120727 218422 84188 347160 605670 569463 516374
reclaspred
 2.49702e+06 310191 392246 100865 227429 235446 500472 447484 541221 1.05926e+06 987907 612410 372122 164952 98357 93616.3 102692 120911 99630.9 164403 299412 262698 434697 518802 411935
pelacesobs
 0 0 0 0 0 0 0 0 0 2.06254e+06 1.5e+06 0 1.87456e+06 323000 250000 174000 83755 137374 0 501740 490994 745055 786931 1.00524e+06 1.33801e+06
pelacespred
 1.3307e+06 522959 140034 86755.6 195300 125117 457446 378827 455524 937701 677920 407148 293281 99397.1 62661.6 62473.5 70269.5 83909.2 65851 121656 240301 196196 260539 355239 255691
mphobs
 0 0 0 0 0 112323 0 153150 637223 0 255016 313432 73983 77613 109348 50772 0 0 0 0 0 0 0 0 0
mphpred
 2.21073e+06 951650 385741 169389 94985.2 296044 295952 425687 467348 627020 1.22565e+06 814293 410017 257433 108595 86782.9 94568.2 110519 114781 102203 229585 300093 325439 477381 528482
desembarqueobs
 350755 77701 442110 56441 14545 235359 269955 359681 431902 328805 639364 411747 362871 311530 167758 66681 60226 58785 57116 73181 50977 67692 138656 160484 209506
desembarquepred
 350745 77683.6 441589 56417.8 14543.3 235153 269817 359025 431367 328517 638567 411322 362154 310968 167384 66623 60196.8 58736.8 57060.2 73092.3 50962 67648.4 138563 160390 209383
Reclutas
 3063.22 4771.42 598.363 3671.08 55156.4 11836.3 55222.8 71931.1 79732.4 224010 45112.7 16694.4 60344.1 22310.4 14620.9 14253.3 9386.46 9331.52 6190.49 27371 28891.1 25848 59862.3 47601.3 567.59
log_desv_Rt
 -1.71278 -1.2696 -3.3458 -1.53176 1.17793 -0.361071 1.17913 1.44346 1.54643 2.57944 0.976919 -0.0171696 1.26782 0.27281 -0.14979 -0.175257 -0.592977 -0.598846 -1.00923 0.477241 0.53129 0.419987 1.2598 1.03062 -3.3986
SSB
 2.21073e+06 951650 385741 169389 94985.2 296044 295952 425687 467348 627020 1.22565e+06 814293 410017 257433 108595 86782.9 94568.2 110519 114781 102203 229585 300093 325439 477381 528482
BT
 2.60056e+06 1.10746e+06 502645 223595 362497 406796 1.02274e+06 1.05823e+06 1.20545e+06 1.98183e+06 1.76553e+06 1.09642e+06 885822 471502 249749 166487 175473 197944 168176 279089 470328 416560 566873 768097 634134
Ftot
 0.13791 0.209802 0.87522 0.495809 0.178966 1.1115 1.01012 1.61972 1.4796 0.763822 0.749805 0.616951 1.32276 2.26444 2.47308 1.07606 0.840986 0.64668 0.657235 0.891724 0.267976 0.30744 0.426221 0.402079 0.470012
BD_Bspro_t
 0.982457 0.869243 0.647732 0.302152 0.341479 0.672403 0.475175 0.509733 0.481728 0.50816 0.633612 0.456651 0.303057 0.247262 0.139339 0.138427 0.195771 0.29008 0.35092 0.381357 0.605467 0.719131 0.699399 0.713808 0.678658
BD_Bspro
 6.33801 2.72832 1.1059 0.485628 0.272317 0.848739 0.848476 1.22042 1.33986 1.79763 3.51387 2.33453 1.17549 0.738045 0.311335 0.248801 0.271121 0.31685 0.329071 0.29301 0.658206 0.860348 0.933012 1.36862 1.51512
BD_Bo
 2.27323 0.978558 0.396648 0.174179 0.0976709 0.304414 0.30432 0.437723 0.480562 0.644748 1.26031 0.837317 0.421611 0.264712 0.111666 0.0892366 0.0972421 0.113643 0.118027 0.105093 0.236077 0.308578 0.33464 0.490879 0.543424
BD_Brms
 6.27808 2.70252 1.09544 0.481036 0.269741 0.840713 0.840453 1.20888 1.32719 1.78063 3.48064 2.31245 1.16438 0.731066 0.308391 0.246448 0.268557 0.313854 0.325959 0.290239 0.651982 0.852213 0.924189 1.35568 1.5008
S_f
 0.102389 0.691373 0.977775 0.998844 0.999941
 0.102389 0.691373 0.977775 0.998844 0.999941
 0.102389 0.691373 0.977775 0.998844 0.999941
 0.102389 0.691373 0.977775 0.998844 0.999941
 0.102389 0.691373 0.977775 0.998844 0.999941
 0.102389 0.691373 0.977775 0.998844 0.999941
 0.102389 0.691373 0.977775 0.998844 0.999941
 0.102389 0.691373 0.977775 0.998844 0.999941
 0.102389 0.691373 0.977775 0.998844 0.999941
 0.102389 0.691373 0.977775 0.998844 0.999941
 0.102389 0.691373 0.977775 0.998844 0.999941
 0.102389 0.691373 0.977775 0.998844 0.999941
 0.102389 0.691373 0.977775 0.998844 0.999941
 0.102389 0.691373 0.977775 0.998844 0.999941
 0.102389 0.691373 0.977775 0.998844 0.999941
 0.102389 0.691373 0.977775 0.998844 0.999941
 0.102389 0.691373 0.977775 0.998844 0.999941
 0.102389 0.691373 0.977775 0.998844 0.999941
 0.102389 0.691373 0.977775 0.998844 0.999941
 0.102389 0.691373 0.977775 0.998844 0.999941
 0.102389 0.691373 0.977775 0.998844 0.999941
 0.102389 0.691373 0.977775 0.998844 0.999941
 0.102389 0.691373 0.977775 0.998844 0.999941
 0.102389 0.691373 0.977775 0.998844 0.999941
 0.102389 0.691373 0.977775 0.998844 0.999941
Scru_reclas
 0.705695 0.923474 0.983801 0.996739 0.99935
 0.705695 0.923474 0.983801 0.996739 0.99935
 0.705695 0.923474 0.983801 0.996739 0.99935
 0.705695 0.923474 0.983801 0.996739 0.99935
 0.705695 0.923474 0.983801 0.996739 0.99935
 0.705695 0.923474 0.983801 0.996739 0.99935
 0.705695 0.923474 0.983801 0.996739 0.99935
 0.705695 0.923474 0.983801 0.996739 0.99935
 0.705695 0.923474 0.983801 0.996739 0.99935
 0.705695 0.923474 0.983801 0.996739 0.99935
 0.705695 0.923474 0.983801 0.996739 0.99935
 0.705695 0.923474 0.983801 0.996739 0.99935
 0.705695 0.923474 0.983801 0.996739 0.99935
 0.705695 0.923474 0.983801 0.996739 0.99935
 0.705695 0.923474 0.983801 0.996739 0.99935
 0.705695 0.923474 0.983801 0.996739 0.99935
 0.705695 0.923474 0.983801 0.996739 0.99935
 0.705695 0.923474 0.983801 0.996739 0.99935
 0.705695 0.923474 0.983801 0.996739 0.99935
 0.705695 0.923474 0.983801 0.996739 0.99935
 0.705695 0.923474 0.983801 0.996739 0.99935
 0.705695 0.923474 0.983801 0.996739 0.99935
 0.705695 0.923474 0.983801 0.996739 0.99935
 0.705695 0.923474 0.983801 0.996739 0.99935
 0.705695 0.923474 0.983801 0.996739 0.99935
Scru_pelaces
 1 1 1 1 1
 1 1 1 1 1
 1 1 1 1 1
 1 1 1 1 1
 1 1 1 1 1
 1 1 1 1 1
 1 1 1 1 1
 1 1 1 1 1
 1 1 1 1 1
 1 1 1 1 1
 1 1 1 1 1
 1 1 1 1 1
 1 1 1 1 1
 1 1 1 1 1
 1 1 1 1 1
 1 1 1 1 1
 1 1 1 1 1
 1 1 1 1 1
 1 1 1 1 1
 1 1 1 1 1
 1 1 1 1 1
 1 1 1 1 1
 1 1 1 1 1
 1 1 1 1 1
 1 1 1 1 1
pf_obs 
 0.256992 0.487395 0.22802 0.0275931 0
 0.321318 0.546541 0.124235 0.00734118 0.000564706
 0.182869 0.594174 0.210203 0.0122559 0.00049798
 0.330522 0.361315 0.267642 0.0388342 0.00168674
 0.649043 0.306663 0.0425973 0.00169635 0
 0.582887 0.30429 0.105238 0.00758474 0
 0.465427 0.430635 0.0974691 0.00646863 0
 0.296916 0.608066 0.0921331 0.00288517 0
 0.311714 0.524322 0.152257 0.0117073 0
 0.15457 0.633149 0.183074 0.0267441 0.00246327
 0.131901 0.49318 0.331252 0.0422183 0.00144891
 0.196976 0.569456 0.194076 0.0375587 0.00193317
 0.518974 0.381816 0.0799577 0.0180837 0.00116848
 0.0928022 0.601141 0.25162 0.0475244 0.00691264
 0.122501 0.610282 0.24278 0.0234846 0.000952079
 0.383417 0.481906 0.127806 0.00687128 0
 0.0376549 0.599619 0.316969 0.0457579 0
 0.0361596 0.667082 0.258105 0.0386534 0
 0.158088 0.579412 0.248529 0.0139706 0
 0.0477256 0.309471 0.559284 0.082774 0.000745712
 0.0406174 0.521527 0.379366 0.0568643 0.0016247
 0.151134 0.462217 0.34131 0.0453401 0
 0.294876 0.26143 0.354403 0.0886775 0.000613685
 0.281977 0.475581 0.204845 0.0348837 0.00271318
 0.0354234 0.537034 0.353287 0.0723622 0.0018943
pf_pred 
 0.00459229 0.65757 0.299633 0.0382032 1.55337e-06
 0.0125836 0.0253099 0.706749 0.227038 0.0283194
 0.00440248 0.093055 0.0331981 0.642528 0.226816
 0.0934412 0.0412272 0.127338 0.0280059 0.709988
 0.699989 0.141814 0.0108416 0.0222053 0.12515
 0.0741422 0.871381 0.03097 0.00164712 0.0218596
 0.438184 0.220192 0.329726 0.00687312 0.00502521
 0.358152 0.57217 0.0362103 0.0323414 0.00112683
 0.319821 0.580486 0.0938042 0.00312465 0.00276391
 0.489843 0.416341 0.0858099 0.00755179 0.000454394
 0.0639375 0.818445 0.103059 0.0133501 0.0012081
 0.0428152 0.308156 0.59527 0.0472798 0.00647911
 0.308853 0.196862 0.210121 0.261241 0.0229234
 0.151493 0.729699 0.0501006 0.0298709 0.0388362
 0.233585 0.555323 0.197 0.00613811 0.0079535
 0.286898 0.591466 0.104442 0.0161085 0.00108487
 0.17131 0.635966 0.171921 0.0179507 0.00285287
 0.18772 0.494759 0.267452 0.0448146 0.00525329
 0.136087 0.546934 0.224703 0.0780768 0.0141991
 0.488611 0.278759 0.17004 0.0447451 0.017845
 0.246595 0.667724 0.0567668 0.0213184 0.00759539
 0.161164 0.54344 0.271571 0.0159126 0.00791306
 0.302437 0.381045 0.230861 0.0789038 0.00675414
 0.170049 0.620102 0.135144 0.0548663 0.0198385
 0.00234579 0.562472 0.355093 0.0520497 0.0280396
pobs_RECLAS
 0 0 0 0 0
 0 0 0 0 0
 0 0 0 0 0
 0 0 0 0 0
 0.835266 0.146461 0.0176864 0.000547809 3.91292e-05
 0.385257 0.428462 0.181853 0.0044286 0
 0.867414 0.0963971 0.0333333 0.00285562 0
 0.441836 0.489002 0.0689373 0.000224442 0
 0.779404 0.147425 0.0564933 0.0165055 0.000172143
 0.814271 0.122319 0.05973 0.00367925 0
 0.40263 0.566651 0.0304383 0.000280538 0
 0.475488 0.404961 0.113038 0.00651328 0
 0.955842 0.0263864 0.0167828 0.000988607 0
 0.975058 0.0227948 0.00214734 0 0
 0.738997 0.206755 0.0527124 0.00153531 0
 0.850938 0.134255 0.0134407 0.00136685 0
 0.542534 0.407297 0.0501686 0 0
 0.764087 0.199537 0.0359546 0.000420521 0
 0.470689 0.182191 0.310203 0.0369168 0
 0.84361 0.089868 0.0606195 0.00523954 0.000663233
 0.607945 0.314616 0.071237 0.00620181 0
 0.523733 0.453247 0.0230204 0 0
 0.530135 0.295979 0.169645 0.0042399 0
 0.562478 0.366248 0.0663022 0.0049721 0
 0.250443 0.683176 0.0655157 0.000865301 0
ppred_RECLAS
 0.0254735 0.703316 0.240769 0.0304397 1.23957e-06
 0.0807293 0.0312175 0.653805 0.208235 0.0260131
 0.0308006 0.120719 0.0315176 0.603593 0.21337
 0.419973 0.035145 0.0807205 0.0175895 0.446572
 0.933328 0.0363996 0.00208868 0.0042416 0.0239419
 0.308678 0.661562 0.0169939 0.000893398 0.0118726
 0.835857 0.0771642 0.0839806 0.0017312 0.00126748
 0.76756 0.21431 0.0094859 0.00835222 0.000291357
 0.7352 0.236173 0.0269563 0.000885901 0.000784601
 0.84386 0.133954 0.0203103 0.0017694 0.000106616
 0.274302 0.656351 0.0608381 0.00780179 0.000707014
 0.223782 0.303464 0.433934 0.0341351 0.00468456
 0.758898 0.0867585 0.0660843 0.0811307 0.00712825
 0.53412 0.420857 0.0191837 0.0112276 0.0146117
 0.678662 0.25763 0.059532 0.00181801 0.00235782
 0.697845 0.263043 0.0336376 0.00512911 0.000345902
 0.542586 0.374348 0.0741808 0.00766501 0.0012199
 0.577835 0.286451 0.114487 0.0189977 0.00223018
 0.481198 0.363529 0.110377 0.0379795 0.00691693
 0.854716 0.0903199 0.0402863 0.010489 0.00418902
 0.637331 0.330954 0.0210713 0.00784464 0.00279909
 0.524157 0.338349 0.126488 0.00734669 0.00365883
 0.720486 0.172789 0.078031 0.0264285 0.00226562
 0.5348 0.371664 0.0604225 0.0243105 0.00880317
 0.0137509 0.626217 0.294241 0.0427353 0.0230558
pobs_PELACES
 0 0 0 0 0
 0 0 0 0 0
 0 0 0 0 0
 0 0 0 0 0
 0 0 0 0 0
 0 0 0 0 0
 0 0 0 0 0
 0 0 0 0 0
 0 0 0 0 0
 0 0 0 0 0
 0.450072 0.473896 0.0757376 0.000293798 0
 0 0 0 0 0
 0.463077 0.371075 0.160297 0.00555027 0
 0.529543 0.364841 0.0842815 0.0213345 0
 0.631943 0.363953 0.00410389 0 0
 0.735681 0.248677 0.0153453 0.000297389 0
 0.695825 0.281241 0.0229344 0 0
 0.275771 0.60734 0.115278 0.00161068 0
 0 0 0 0 0
 0.896147 0.0623911 0.0374545 0.00400742 0
 0.803859 0.145111 0.0509908 3.86294e-05 0
 0.739449 0.233085 0.0266225 0.000797448 4.60066e-05
 0.878498 0.100942 0.0204185 0.000141795 0
 0.694673 0.275183 0.0284847 0.00165964 0
 0.469039 0.446079 0.0841089 0.000773354 0
ppred_PELACES
 0.0346405 0.711537 0.225686 0.0281354 1.14268e-06
 0.115186 0.0326776 0.629806 0.197699 0.0246305
 0.0538184 0.135976 0.0306783 0.576375 0.203152
 0.54011 0.0313664 0.0645284 0.0138309 0.350165
 0.951892 0.0273991 0.00145105 0.00290487 0.0163527
 0.422076 0.556962 0.0120905 0.000622535 0.00824809
 0.897921 0.0520534 0.0483357 0.000976588 0.000712869
 0.857464 0.133541 0.00476086 0.00409114 0.000142258
 0.831727 0.153145 0.0142665 0.000458037 0.000404385
 0.89312 0.0933927 0.0123663 0.00105771 6.35491e-05
 0.366805 0.579752 0.0469919 0.00591701 0.000534665
 0.313938 0.288563 0.365385 0.0282482 0.00386568
 0.857748 0.0579461 0.0365623 0.0438987 0.00384508
 0.704905 0.273322 0.00944154 0.00536889 0.00696316
 0.824896 0.147972 0.0254061 0.000752737 0.000972819
 0.791727 0.185014 0.020061 0.00299671 0.000201488
 0.652028 0.291928 0.0501522 0.00508508 0.000806938
 0.678675 0.226732 0.0800187 0.013047 0.00152726
 0.588747 0.299128 0.0801194 0.0270863 0.00491897
 0.906318 0.0615408 0.0236839 0.00604872 0.0024086
 0.709448 0.267236 0.0155717 0.00571131 0.00203236
 0.611015 0.28392 0.0967786 0.00553629 0.0027497
 0.792245 0.133649 0.0544175 0.0181378 0.00155058
 0.624143 0.306546 0.0450358 0.0178347 0.00644036
 0.0203635 0.646791 0.272878 0.0389905 0.0209769
pobs_pel_tallas
 0 0 0 0 0 0 0 0 0 0 0 0 0 0 0 0 0 0 0 0 0 0 0 0 0 0 0 0 0 0 0 0 0 0 0 0
 0 0 0 0 0 0 0 0 0 0 0 0 0 0 0 0 0 0 0 0 0 0 0 0 0 0 0 0 0 0 0 0 0 0 0 0
 0 0 0 0 0 0 0 0 0 0 0 0 0 0 0 0 0 0 0 0 0 0 0 0 0 0 0 0 0 0 0 0 0 0 0 0
 0 0 0 0 0 0 0 0 0 0 0 0 0 0 0 0 0 0 0 0 0 0 0 0 0 0 0 0 0 0 0 0 0 0 0 0
 0 0 0 0 0 0 0 0 0 0 0 0 0 0 0 0 0 0 0 0 0 0 0 0 0 0 0 0 0 0 0 0 0 0 0 0
 0 0 0 0 0 0 0 0 0 0 0 0 0 0 0 0 0 0 0 0 0 0 0 0 0 0 0 0 0 0 0 0 0 0 0 0
 0 0 0 0 0 0 0 0 0 0 0 0 0 0 0 0 0 0 0 0 0 0 0 0 0 0 0 0 0 0 0 0 0 0 0 0
 0 0 0 0 0 0 0 0 0 0 0 0 0 0 0 0 0 0 0 0 0 0 0 0 0 0 0 0 0 0 0 0 0 0 0 0
 0 0 0 0 0 0 0 0 0 0 0 0 0 0 0 0 0 0 0 0 0 0 0 0 0 0 0 0 0 0 0 0 0 0 0 0
 0 0 0 0 0 0 0 0 0 0 0 0 0 0 0 0 0 0 0 0 0 0 0 0 0 0 0 0 0 0 0 0 0 0 0 0
 0 0 0 0 0 0 0 0 1.78061e-05 0.00172719 0.00360574 0.0105946 0.0120993 0.0124554 0.0147524 0.0171206 0.0266825 0.0428682 0.0675386 0.121331 0.153587 0.119568 0.100827 0.0573624 0.0630603 0.0341343 0.0324427 0.0444173 0.0211091 0.0280891 0.0125444 0.00206551 0 0 0 0
 0 0 0 0 0 0 0 0 0 0 0 0 0 0 0 0 0 0 0 0 0 0 0 0 0 0 0 0 0 0 0 0 0 0 0 0
 0 0 0 0 0 0 0.0133647 0.0140871 0.0187388 0.0205184 0.03894 0.0496705 0.03968 0.0493445 0.0407372 0.0367815 0.0215668 0.0243155 0.0234873 0.0199281 0.019796 0.0243948 0.0301388 0.0376714 0.0412746 0.0863199 0.0771752 0.113111 0.0741005 0.0525337 0.0229764 0.00759418 0.00175318 0 0 0
 0 0 0 0 0 0 0 0 0 0 0.00219441 0.00772107 0.0458388 0.0604681 0.0671733 0.0775358 0.0609151 0.0617685 0.073594 0.0568108 0.0755445 0.0548602 0.0670107 0.0636378 0.0643287 0.046367 0.0373049 0.0286899 0.0247887 0.0153202 0.00654259 0.00121912 0.000365735 0 0 0
 0 0 0 0 0 0 0 0 0 0 0 0 0.000112435 0.00938835 0.0111873 0.0202946 0.0414886 0.0713402 0.111592 0.104902 0.108894 0.110636 0.117776 0.105296 0.107544 0.0401394 0.0192827 0.0124803 0.00416011 0.0028671 0.000618394 0 0 0 0 0
 0 0 0 0 0 0 0 0 0 0 0.00291406 0.0102884 0.027416 0.0768956 0.0749926 0.110853 0.0956884 0.0897413 0.0766577 0.0534642 0.0500743 0.0551293 0.0594112 0.0620874 0.0668451 0.0424026 0.0208742 0.0120726 0.0048766 0.00582813 0.00118941 0.000297354 0 0 0 0
 0 0.00264628 0.0354308 0.0461629 0.0458689 0.0383711 0.0214643 0.0164657 0.0346957 0.0420465 0.0363128 0.0245516 0.0311673 0.0291091 0.0169068 0.0133784 0.00837989 0.0085269 0.0148486 0.0160247 0.0276389 0.0546898 0.0760071 0.122758 0.109233 0.0665981 0.0333725 0.0166128 0.00676272 0.00308733 0.000882094 0 0 0 0 0
 0 0 0 0 0 0 0 0.000805153 0.000690131 0.00759144 0.0133425 0.0154129 0.00931677 0.000345066 0.00356568 0.00563607 0.00851162 0.0253048 0.0502646 0.0516448 0.0657925 0.0565908 0.0611916 0.0827007 0.0866115 0.110766 0.145733 0.0935128 0.0569358 0.0249597 0.0138026 0.00621118 0.00161031 0.00115022 0 0
 0 0 0 0 0 0 0 0 0 0 0 0 0 0 0 0 0 0 0 0 0 0 0 0 0 0 0 0 0 0 0 0 0 0 0 0
 0.00147267 0.00158595 0.00478618 0.00569244 0.00954404 0.0108468 0.00647125 0.017049 0.0510054 0.094081 0.124002 0.0959785 0.0687766 0.0820023 0.061753 0.0591476 0.0492212 0.0479892 0.0443925 0.0268479 0.0217502 0.0140895 0.0121071 0.0120363 0.00920419 0.00665534 0.0049561 0.00860946 0.00930331 0.0156896 0.0114698 0.00855282 0.00243557 0.00046729 0 2.83206e-05
 0 0 0 0 0.000772559 0.00158375 0.000888443 0.00281984 0.00712685 0.0440552 0.0773331 0.111326 0.0921469 0.0852325 0.0710754 0.0886704 0.0786465 0.0553345 0.0373146 0.0185414 0.00753245 0.00457741 0.012979 0.0271748 0.0457355 0.0583668 0.034881 0.0177882 0.00938659 0.00492506 0.0015258 0.00185414 0.000309023 5.79419e-05 3.86279e-05 0
 0 0.00173294 0.00326652 0 0.00397197 0.00683976 0.00946217 0.0152591 0.00757587 0.0136028 0.0228656 0.0392903 0.0559909 0.0764795 0.0681675 0.0726916 0.0566044 0.0477403 0.0527397 0.0444891 0.0609904 0.0582453 0.0661739 0.0445044 0.0529084 0.0360697 0.0280645 0.0235558 0.0158879 0.00826598 0.00280645 0.00217768 0.000904811 0.00058276 9.20147e-05 0
 0 0 0 0 0 0 0 0 0 0 0 0 0 0 0 0 0 0 0 0 0 0 0 0 0 0 0 0 0 0 0 0 0 0 0 0
 0 0 0 0 0 0 0 0 0 0 0 0 0 0 0 0 0 0 0 0 0 0 0 0 0 0 0 0 0 0 0 0 0 0 0 0
 0 0 0 0 0 0 0 0 0 0 0 0 0 0 0 0 0 0 0 0 0 0 0 0 0 0 0 0 0 0 0 0 0 0 0 0
ppred_pel_tallas
 1.04403e-16 1.55251e-06 9.00922e-06 4.26105e-05 0.000163692 0.000510137 0.00128936 0.00264391 0.00440431 0.0059806 0.00668142 0.00630592 0.00541413 0.00497733 0.00581579 0.0083625 0.0127812 0.0191185 0.0272988 0.0370129 0.0476277 0.0581961 0.0675852 0.0746918 0.0786836 0.0791841 0.0763441 0.0707722 0.0633589 0.0550557 0.046685 0.0388271 0.0318002 0.0257081 0.0205201 0.0161464
 1.16895e-16 5.03796e-06 2.95324e-05 0.000140314 0.000540102 0.00168412 0.00425393 0.00870474 0.0144318 0.0193902 0.0211233 0.0186874 0.0134994 0.00813272 0.00444363 0.00285628 0.0029333 0.00417335 0.00635414 0.00949055 0.0136904 0.0190441 0.0255579 0.0331102 0.0414264 0.0500754 0.0584923 0.0660313 0.0720437 0.0759691 0.0774231 0.0762602 0.0726014 0.0668121 0.0594437 0.0511448
 1.29778e-16 2.36379e-06 1.38292e-05 6.56516e-05 0.00025262 0.000787617 0.00198955 0.00407216 0.00675518 0.00908773 0.00993077 0.00885859 0.00655818 0.00426914 0.00290978 0.00274103 0.00362645 0.00539325 0.0079783 0.0113959 0.0156656 0.0207683 0.0266349 0.0331524 0.0401733 0.0475172 0.0549612 0.0622226 0.0689467 0.0747137 0.0790723 0.0816015 0.0819849 0.0800767 0.0759456 0.0698749
 1.17764e-16 2.35646e-05 0.000138305 0.000657442 0.0025312 0.00789329 0.0199377 0.0407946 0.0676194 0.0908046 0.0987967 0.0871059 0.0622669 0.036167 0.0172363 0.00706956 0.00308559 0.00227071 0.00282206 0.00402647 0.00570265 0.00783999 0.0104551 0.0135481 0.0170872 0.0209999 0.0251642 0.0294044 0.0334939 0.0371687 0.0401526 0.0421923 0.0430942 0.0427565 0.0411869 0.0385061
 1.00894e-16 4.15207e-05 0.000243722 0.0011586 0.00446079 0.0139106 0.035137 0.0718934 0.119165 0.160018 0.174084 0.153442 0.109593 0.0634633 0.029872 0.0115762 0.00395408 0.00160218 0.00123359 0.00146977 0.00186674 0.00229138 0.00268532 0.00300741 0.00322925 0.00333942 0.00334505 0.00326811 0.003138 0.00298283 0.00282263 0.00266627 0.00251252 0.00235397 0.00218191 0.00199051
 1.0076e-16 1.84397e-05 0.000108168 0.000514055 0.00197893 0.00617093 0.0155878 0.0318983 0.0528886 0.071069 0.0774455 0.0685698 0.0496457 0.030105 0.0167223 0.010957 0.0109893 0.0145768 0.0202561 0.0271741 0.0346198 0.0417819 0.0477586 0.05171 0.0530477 0.0515806 0.0475636 0.0416285 0.0346241 0.0274203 0.0207366 0.0150414 0.0105331 0.00718691 0.00483625 0.00325489
 1.00771e-16 3.91684e-05 0.000229909 0.00109293 0.00420793 0.0131221 0.0331452 0.0678183 0.112412 0.150952 0.164228 0.144772 0.103439 0.0599778 0.0283794 0.01126 0.00427661 0.00234645 0.0023769 0.00306438 0.00397247 0.00494316 0.00587724 0.00668655 0.00729793 0.00766457 0.0077725 0.00763819 0.00729978 0.00680529 0.00620242 0.00553258 0.00482968 0.00412153 0.00343226 0.00278342
 1.00259e-16 3.74075e-05 0.000219564 0.00104373 0.00401847 0.0125313 0.0316529 0.0647655 0.107354 0.144167 0.156865 0.138326 0.0989305 0.0575583 0.0275997 0.0115849 0.00539572 0.00419431 0.00501718 0.00657223 0.00835446 0.010091 0.0115514 0.012532 0.0128907 0.0125799 0.0116581 0.0102737 0.00862679 0.00692291 0.00533215 0.00396558 0.00287082 0.00204336 0.00144573 0.00102687
 1.00288e-16 3.6286e-05 0.000212978 0.00101242 0.0038979 0.0121553 0.0307032 0.0628224 0.104134 0.139845 0.152168 0.134198 0.0960083 0.0559193 0.0269283 0.0115009 0.00565335 0.00470106 0.00577076 0.00760024 0.00967875 0.0117097 0.0134313 0.0146087 0.0150756 0.0147728 0.0137621 0.0122079 0.0103352 0.00837686 0.00652751 0.00491681 0.00360398 0.00258995 0.00183831 0.00129641
 1.00246e-16 3.89607e-05 0.000228686 0.00108711 0.00418549 0.0130521 0.0329685 0.067457 0.111814 0.150152 0.163367 0.144034 0.102958 0.05979 0.0284614 0.0115882 0.00486264 0.00323395 0.00361728 0.00468854 0.00596603 0.00722919 0.00831121 0.00906723 0.00939433 0.00925399 0.00868075 0.00777129 0.0066592 0.00548339 0.00436069 0.00336963 0.00254733 0.00189668 0.0013987 0.00102492
 1.01085e-16 1.60306e-05 9.40217e-05 0.000446799 0.00171997 0.00536337 0.013548 0.0277249 0.0459719 0.0617837 0.0673507 0.0596882 0.0433376 0.026524 0.0151731 0.0105984 0.0112635 0.0152532 0.0213026 0.0286358 0.0365523 0.0442199 0.0507018 0.0551178 0.0568417 0.0556531 0.0517901 0.0458797 0.0387772 0.0313658 0.0243832 0.0183182 0.0133915 0.00960217 0.00680718 0.00480287
 1.06432e-16 1.37144e-05 8.04483e-05 0.000382324 0.00147182 0.00458958 0.0115932 0.0237231 0.0393314 0.0528443 0.0575666 0.0509246 0.0367745 0.0221127 0.0119574 0.00737789 0.00702178 0.00925643 0.0130797 0.0180051 0.023709 0.0298237 0.0358962 0.0414382 0.0460081 0.0492833 0.0511003 0.0514506 0.0504456 0.0482657 0.0451184 0.0412149 0.0367654 0.0319839 0.0270897 0.0223005
 1.02227e-16 3.74168e-05 0.000219626 0.00104404 0.00401968 0.0125351 0.0316624 0.0647844 0.107383 0.1442 0.156885 0.138305 0.0988309 0.0573308 0.0271746 0.0108665 0.00426371 0.00251683 0.00267649 0.00350016 0.00457094 0.00573504 0.00689284 0.00795449 0.00884472 0.00951397 0.00994354 0.0101415 0.0101323 0.0099444 0.0096017 0.00912034 0.008512 0.00778966 0.00697345 0.00609286
 1.00733e-16 3.07609e-05 0.00018053 0.00085813 0.0033038 0.0103026 0.0260236 0.0532486 0.0882686 0.118552 0.129033 0.113876 0.0816459 0.0479102 0.0237381 0.0112813 0.00722426 0.0076373 0.0100841 0.0134319 0.0171134 0.0206808 0.0236836 0.0257086 0.0264659 0.0258583 0.0240057 0.0212108 0.0178818 0.0144368 0.0112212 0.0084592 0.00624528 0.00456775 0.00334834 0.00248219
 1.00481e-16 3.5988e-05 0.000211229 0.0010041 0.00386589 0.0120554 0.030451 0.0623065 0.103279 0.138696 0.150918 0.133094 0.0952152 0.0554514 0.0266923 0.0113826 0.00557139 0.00461363 0.00566239 0.00747049 0.00953778 0.0115775 0.0133369 0.0145871 0.0151633 0.015001 0.0141504 0.0127597 0.0110358 0.00919468 0.00741929 0.00583375 0.00449865 0.00342206 0.00257852 0.00192784
 1.00458e-16 3.45432e-05 0.000202743 0.000963754 0.00371051 0.0115709 0.0292272 0.0598027 0.0991295 0.133128 0.144869 0.127784 0.0914685 0.0533747 0.0258896 0.0113779 0.00606485 0.00550371 0.00696058 0.00921836 0.0117556 0.0142373 0.0163517 0.0178154 0.0184266 0.0181114 0.0169415 0.0151118 0.0128901 0.0105537 0.0083353 0.00638982 0.00478892 0.00353533 0.00258791 0.00188671
 1.0102e-16 2.8456e-05 0.000166996 0.000793787 0.00305606 0.00952998 0.0240721 0.0492559 0.0816514 0.109668 0.119374 0.105377 0.0756061 0.0444752 0.02224 0.0109118 0.00744557 0.00822467 0.0110034 0.0147257 0.0188378 0.0228768 0.026363 0.0288483 0.0300071 0.0297119 0.0280605 0.0253439 0.0219679 0.0183569 0.0148697 0.0117497 0.00911561 0.00698326 0.00530327 0.00399788
 1.0173e-16 2.96154e-05 0.000173808 0.000826186 0.00318083 0.00991908 0.0250549 0.0512662 0.0849817 0.114135 0.124219 0.109612 0.0785554 0.0460305 0.0226859 0.0105852 0.00653145 0.00674488 0.0088969 0.0119311 0.0153527 0.0187925 0.0218779 0.0242551 0.0256555 0.0259535 0.0251887 0.0235449 0.021295 0.0187322 0.0161109 0.0136118 0.0113363 0.00932147 0.00756498 0.00604767
 1.02396e-16 2.5697e-05 0.000150798 0.000716775 0.00275954 0.00860531 0.0217365 0.0444771 0.0737308 0.0990336 0.107808 0.0951902 0.0683486 0.0403093 0.0203495 0.0103061 0.00745156 0.00853975 0.0115544 0.0155393 0.0199746 0.0244042 0.0283441 0.0313337 0.0330288 0.0332768 0.0321461 0.029895 0.0268963 0.0235445 0.0201752 0.017019 0.0141951 0.0117338 0.00961213 0.00778728
 1.00677e-16 3.95349e-05 0.00023206 0.00110316 0.00424729 0.0132448 0.0334552 0.0684527 0.113463 0.152365 0.165767 0.146132 0.104419 0.0605609 0.0286833 0.011428 0.00441195 0.00250345 0.0025762 0.00330551 0.00423814 0.00519965 0.00607595 0.00676926 0.00720586 0.00734981 0.00720894 0.00682911 0.00627969 0.00563543 0.00496099 0.00430217 0.00368483 0.00311914 0.00260637 0.00214466
 1.006e-16 3.09588e-05 0.000181692 0.000863657 0.00332509 0.0103689 0.0261912 0.0535915 0.0888369 0.119314 0.129861 0.114603 0.082158 0.0481927 0.0238447 0.0112767 0.0071489 0.00750491 0.00989354 0.0131789 0.0167981 0.0203109 0.023276 0.0252876 0.0260594 0.0254928 0.0237008 0.0209755 0.0177131 0.0143211 0.0111383 0.00838691 0.0061642 0.00446468 0.00321775 0.00232584
 1.01786e-16 2.66675e-05 0.000156496 0.00074387 0.00286387 0.00893065 0.0225583 0.0461584 0.0765171 0.102774 0.111874 0.0987648 0.0708829 0.0417388 0.020951 0.010414 0.0072862 0.00819076 0.0110348 0.0148365 0.0190791 0.0233227 0.0271034 0.0299782 0.0316125 0.0318528 0.0307555 0.0285595 0.0256168 0.0223051 0.018952 0.0157906 0.0129508 0.0104778 0.00836385 0.00657684
 1.01512e-16 3.45638e-05 0.000202869 0.00096436 0.00371286 0.0115782 0.0292457 0.0598401 0.0991902 0.133205 0.144942 0.127822 0.0914397 0.0532445 0.025616 0.0109026 0.00531205 0.00438871 0.00540801 0.0071867 0.00926313 0.0113822 0.0133192 0.0148644 0.0158566 0.0162153 0.0159542 0.0151688 0.0140057 0.0126241 0.011162 0.00971844 0.00835064 0.00708345 0.00592343 0.0048709
 1.01653e-16 2.72407e-05 0.00015986 0.000759857 0.00292542 0.00912257 0.0230431 0.0471505 0.0781621 0.104984 0.114282 0.100897 0.0724265 0.0426737 0.0214668 0.0107438 0.00760225 0.0085892 0.0115568 0.0154845 0.0198201 0.0240863 0.027784 0.0304462 0.0317342 0.0315161 0.0298948 0.0271729 0.023771 0.0201257 0.0166025 0.0134447 0.0107654 0.00857267 0.0068099 0.00539567
 1.06405e-16 9.27405e-07 5.34511e-06 2.52038e-05 9.66935e-05 0.00030122 0.000761575 0.00156357 0.00261191 0.00356864 0.00404403 0.00394941 0.00366171 0.00382306 0.0050119 0.00759857 0.0117985 0.0177338 0.0253944 0.0345379 0.044616 0.0547873 0.0640311 0.0713389 0.0759299 0.0774168 0.0758733 0.0717757 0.0658528 0.0588968 0.0516006 0.0444642 0.0377806 0.0316772 0.026183 0.0212875
pSPR Fmed_Fpbrs
0.50698   0.412091 0.412091
Fs Fmed_Fpbrs
0.664142   1.005 1.005
SSBpbr Bo_Bmed_Bpbrs
972503  444415  352134 352134
Ro
16983.5
SPR SPRFo_SPRFmed_SPRFpbrs
348804 176837 143739
log_Ro
9.56
likeval ReclasPelacesDesembMPH_pf_preclas_ppelaces_ptallas_desvR_qrecl_qpela
 95.9197 103.673 0.143898 0.00050569 399.314 203.042 87.224 0 71.4272 1.53902e-06 0 0 0 0 0
q_reclas_q_pelaces
0.838791 1
M
0.7
N
 3063.22 67308.6 22060.5 2756.83 0.111979
 4771.42 1499.82 30384.7 9572.96 1192.88
 598.363 2319.06 644.226 12290.2 4335.31
 3671.08 271.669 628.801 135.949 3443.47
 55156.4 1732.77 95.7553 192.294 1082.68
 11836.3 26892.5 760.323 39.9172 529.406
 55222.8 5245.49 6192.81 127.351 93.0466
 71931.1 24728.4 1295.63 1145.36 39.8855
 79732.4 30261.2 4007.31 132.03 116.722
 224010 34027.9 5402.77 468.323 28.1573
 45112.7 102872 9965.16 1271.33 114.957
 16694.4 20746.8 30419.6 2377.28 325.506
 60344.1 7782.72 6725.12 8263.51 724.671
 22310.4 26170.3 1548.65 916.206 1190.72
 14620.9 8786.37 2715.72 84.018 108.827
 14253.3 5636.37 789.292 120.144 8.08601
 9386.46 6339.57 1330.13 136.864 21.7353
 9331.52 4276.61 1760.11 290.249 33.996
 6190.49 4337.01 1358.07 464.436 84.3937
 27371 2874.05 1367.24 354.671 141.345
 28891.1 12406 770.441 283.906 101.052
 25848 13958.6 5118.76 294.401 146.261
 59862.3 12438 5604.34 1881.94 160.948
 47601.3 28457.4 4600.09 1834.54 662.723
 567.59 22684.7 10701.9 1541.77 829.829
pred_Ctot
 30.9133 4426.48 2017 257.167 0.0104566
 73.0162 146.861 4100.91 1317.39 164.323
 37.0763 783.679 279.583 5411.16 1910.18
 131.064 57.8269 178.609 39.2823 995.859
 720.997 146.07 11.167 22.8717 128.906
 921.682 10832.4 384.997 20.4758 271.743
 3925.55 1972.63 2953.9 61.5741 45.0192
 7981.34 12750.7 806.938 720.721 25.1113
 8131.55 14759 2385 79.445 70.2731
 12173.9 10347.2 2132.6 187.682 11.2929
 2408.18 30826.4 3881.68 502.827 45.5024
 737.636 5309.03 10255.5 814.554 111.625
 5540.04 3531.2 3769.03 4685.99 411.186
 3364.9 16207.8 1112.81 663.479 862.612
 2386.69 5674.11 2012.88 62.7172 81.2662
 1076.19 2218.66 391.776 60.425 4.06949
 559.715 2077.87 561.713 58.6497 9.32108
 431.603 1137.54 614.921 103.037 12.0783
 290.86 1168.97 480.261 166.874 30.3479
 1726.7 985.103 600.902 158.124 63.0624
 563.23 1525.1 129.657 48.6918 17.3481
 577.084 1945.91 972.419 56.9786 28.3345
 1842.98 2322 1406.81 480.822 41.1583
 1384 5046.88 1099.91 446.546 161.461
 19.2319 4611.42 2911.23 426.729 229.883
F
 0.0141204 0.0953473 0.134845 0.137751 0.137902
 0.0214813 0.145051 0.205139 0.209559 0.209789
 0.0896126 0.605103 0.855768 0.874209 0.875169
 0.0507652 0.342789 0.484789 0.495236 0.49578
 0.0183241 0.123732 0.174988 0.178759 0.178955
 0.113805 0.76846 1.0868 1.11021 1.11143
 0.103425 0.69837 0.987671 1.00895 1.01006
 0.165841 1.11983 1.58372 1.61785 1.61963
 0.151494 1.02296 1.44672 1.47789 1.47952
 0.0782067 0.528086 0.746846 0.762939 0.763777
 0.0767715 0.518394 0.73314 0.748938 0.749761
 0.0631687 0.426543 0.603239 0.616237 0.616914
 0.135436 0.914522 1.29336 1.32123 1.32268
 0.231853 1.56557 2.21411 2.26182 2.2643
 0.253215 1.70982 2.41812 2.47022 2.47294
 0.110176 0.74396 1.05215 1.07482 1.076
 0.0861074 0.581435 0.822295 0.840014 0.840937
 0.0662127 0.447097 0.632308 0.645933 0.646642
 0.0672934 0.454394 0.642628 0.656475 0.657197
 0.0913023 0.616513 0.871905 0.890693 0.891671
 0.0274377 0.185272 0.262021 0.267667 0.267961
 0.0314783 0.212556 0.300607 0.307084 0.307422
 0.0436401 0.294677 0.416748 0.425728 0.426196
 0.0411683 0.277986 0.393143 0.401614 0.402055
 0.0481238 0.324953 0.459565 0.469468 0.469984
nmprior
 10.6 11 7 0
nm_flota  nm_reclas  nm_pelaces    nm_pelaL
inf 21.3822 17.274 40.6079
cv_recla  cv_pelaces  cv_mph
0.885888 1.15453 0.729592
 ------------------------------------------------
Talla a la edad & desviación 
 7.2 14.2025 17.0495 18.207 18.6776
 1.08 2.13037 2.55742 2.73105 2.80164
