years
 1997 1998 1999 2000 2001 2002 2003 2004 2005 2006 2007 2008 2009 2010 2011 2012 2013 2014 2015 2016 2017 2018 2019 2020 2021
reclasobs
 0 0 0 370054 412103 1.49427e+06 250295 1.28982e+06 931140 785840 897777 1.04006e+06 184774 17550 25797 100020 73551 82996 120727 218422 84188 347160 605670 569463 516374
reclaspred
 784719 133718 180878 114506 256509 265884 590042 464382 648324 956832 802725 525598 337944 147246 91412 86717.4 99393.3 120601 108808 179719 288576 255345 439485 515093 407958
pelacesobs
 0 0 0 0 0 0 0 0 0 2.06254e+06 1.5e+06 0 1.87456e+06 323000 250000 174000 83755 137374 0 501740 490994 745055 786931 1.00524e+06 1.33801e+06
pelacespred
 751580 213792 98255.2 123909 253225 205235 604534 489748 676686 993559 759945 517416 336985 117925 72065.9 73847.6 88627.4 110170 101002 162151 295552 255328 346101 479241 385258
mphobs
 0 0 0 0 0 112323 0 153150 637223 0 255016 313432 73983 77613 109348 50772 0 0 0 0 0 0 0 0 0
mphpred
 967279 405050 249719 125621 180484 396624 484151 598818 614991 855689 1.27572e+06 918333 536755 295935 127216 98781.7 113428 140801 154674 156495 289465 367137 437449 621354 710723
desembarqueobs
 350755 77701 442110 56441 14545 235359 269955 359681 431902 328805 639364 411747 362871 311530 167758 66681 60226 58785 57116 73181 50977 67692 138656 160484 209506
desembarquepred
 350736 77670.4 441571 56423.4 14544.5 235301 269915 359332 431607 328624 638851 411521 362510 311247 167499 66647.6 60218.2 58757.7 57084.6 73135.5 50967.9 67663.2 138606 160433 209441
Reclutas
 16409.2 32494.3 5105.43 25401.2 56685.5 25118.5 58893.6 74834.8 111937 195577 61229 30918.4 49777.4 22103.2 14770.7 16153.2 11242.2 11273.7 10197.1 29400.9 33419.4 37439.1 68122.1 61589.2 4362.95
log_desv_Rt
 -0.574405 0.108821 -1.74194 -0.137448 0.665273 -0.148641 0.703487 0.943039 1.34569 1.90371 0.742376 0.059108 0.535316 -0.276525 -0.679597 -0.590127 -0.952571 -0.949768 -1.05014 0.00877912 0.136893 0.25047 0.849056 0.748242 -1.8991
SSB
 967279 405050 249719 125621 180484 396624 484151 598818 614991 855689 1.27572e+06 918333 536755 295935 127216 98781.7 113428 140801 154674 156495 289465 367137 437449 621354 710723
BT
 1.57612e+06 538219 408983 283113 465271 550636 1.27284e+06 1.27027e+06 1.60346e+06 2.08564e+06 1.91672e+06 1.29685e+06 960762 508859 269027 187076 207468 244620 230430 350259 569657 521210 715726 988858 863100
Ftot
 0.274075 0.46224 1.32364 0.587723 0.0745387 0.568462 0.458617 0.832477 0.787122 0.416726 0.530459 0.487564 0.858551 1.45447 1.59258 0.690154 0.51739 0.395703 0.377769 0.45005 0.157236 0.198463 0.251466 0.24077 0.283038
BD_Bspro_t
 0.95927 0.740959 0.539751 0.236306 0.441781 0.683892 0.572942 0.583346 0.552286 0.58444 0.645815 0.490715 0.365873 0.273734 0.158081 0.154982 0.230197 0.346916 0.425136 0.487188 0.65908 0.759763 0.759085 0.764618 0.739243
BD_Bspro
 1.61603 0.676717 0.417206 0.209875 0.301534 0.66264 0.808873 1.00045 1.02747 1.4296 2.13135 1.53426 0.896757 0.494419 0.21254 0.165035 0.189504 0.235237 0.258414 0.261456 0.483609 0.613377 0.730848 1.0381 1.18741
BD_Bo
 1.06385 0.445491 0.274652 0.138163 0.198503 0.436224 0.53249 0.658606 0.676393 0.941122 1.40309 1.01002 0.590345 0.325481 0.139918 0.108644 0.124752 0.154859 0.170117 0.172119 0.318365 0.403793 0.481125 0.683391 0.781683
BD_Brms
 3.53566 1.48056 0.912789 0.459177 0.659715 1.44976 1.7697 2.18884 2.24795 3.12777 4.6631 3.35675 1.96198 1.08172 0.465008 0.361073 0.414607 0.514664 0.565374 0.572029 1.05807 1.34198 1.59899 2.27121 2.59788
S_f
 0.143734 1 1 1 1
 0.143734 1 1 1 1
 0.143734 1 1 1 1
 0.143734 1 1 1 1
 0.143734 1 1 1 1
 0.143734 1 1 1 1
 0.143734 1 1 1 1
 0.143734 1 1 1 1
 0.143734 1 1 1 1
 0.143734 1 1 1 1
 0.143734 1 1 1 1
 0.143734 1 1 1 1
 0.143734 1 1 1 1
 0.143734 1 1 1 1
 0.143734 1 1 1 1
 0.143734 1 1 1 1
 0.143734 1 1 1 1
 0.143734 1 1 1 1
 0.143734 1 1 1 1
 0.143734 1 1 1 1
 0.143734 1 1 1 1
 0.143734 1 1 1 1
 0.143734 1 1 1 1
 0.143734 1 1 1 1
 0.143734 1 1 1 1
Scru_reclas
 0.997818 1 1 1 1
 0.997818 1 1 1 1
 0.997818 1 1 1 1
 0.997818 1 1 1 1
 0.997818 1 1 1 1
 0.997818 1 1 1 1
 0.997818 1 1 1 1
 0.997818 1 1 1 1
 0.997818 1 1 1 1
 0.997818 1 1 1 1
 0.997818 1 1 1 1
 0.997818 1 1 1 1
 0.997818 1 1 1 1
 0.997818 1 1 1 1
 0.997818 1 1 1 1
 0.997818 1 1 1 1
 0.997818 1 1 1 1
 0.997818 1 1 1 1
 0.997818 1 1 1 1
 0.997818 1 1 1 1
 0.997818 1 1 1 1
 0.997818 1 1 1 1
 0.997818 1 1 1 1
 0.997818 1 1 1 1
 0.997818 1 1 1 1
Scru_pelaces
 1 1 1 1 1
 1 1 1 1 1
 1 1 1 1 1
 1 1 1 1 1
 1 1 1 1 1
 1 1 1 1 1
 1 1 1 1 1
 1 1 1 1 1
 1 1 1 1 1
 1 1 1 1 1
 1 1 1 1 1
 1 1 1 1 1
 1 1 1 1 1
 1 1 1 1 1
 1 1 1 1 1
 1 1 1 1 1
 1 1 1 1 1
 1 1 1 1 1
 1 1 1 1 1
 1 1 1 1 1
 1 1 1 1 1
 1 1 1 1 1
 1 1 1 1 1
 1 1 1 1 1
 1 1 1 1 1
pf_obs 
 0.256992 0.487395 0.22802 0.0275931 0
 0.321318 0.546541 0.124235 0.00734118 0.000564706
 0.182869 0.594174 0.210203 0.0122559 0.00049798
 0.330522 0.361315 0.267642 0.0388342 0.00168674
 0.649043 0.306663 0.0425973 0.00169635 0
 0.582887 0.30429 0.105238 0.00758474 0
 0.465427 0.430635 0.0974691 0.00646863 0
 0.296916 0.608066 0.0921331 0.00288517 0
 0.311714 0.524322 0.152257 0.0117073 0
 0.15457 0.633149 0.183074 0.0267441 0.00246327
 0.131901 0.49318 0.331252 0.0422183 0.00144891
 0.196976 0.569456 0.194076 0.0375587 0.00193317
 0.518974 0.381816 0.0799577 0.0180837 0.00116848
 0.0928022 0.601141 0.25162 0.0475244 0.00691264
 0.122501 0.610282 0.24278 0.0234846 0.000952079
 0.383417 0.481906 0.127806 0.00687128 0
 0.0376549 0.599619 0.316969 0.0457579 0
 0.0361596 0.667082 0.258105 0.0386534 0
 0.158088 0.579412 0.248529 0.0139706 0
 0.0477256 0.309471 0.559284 0.082774 0.000745712
 0.0406174 0.521527 0.379366 0.0568643 0.0016247
 0.151134 0.462217 0.34131 0.0453401 0
 0.294876 0.26143 0.354403 0.0886775 0.000613685
 0.281977 0.475581 0.204845 0.0348837 0.00271318
 0.0354234 0.537034 0.353287 0.0723622 0.0018943
pf_pred 
 0.0653494 0.617906 0.279182 0.0375582 4.7999e-06
 0.201085 0.285518 0.339411 0.153353 0.0206331
 0.0490721 0.65397 0.106128 0.12616 0.0646707
 0.473762 0.220694 0.210128 0.0340999 0.0613158
 0.392458 0.542955 0.0270865 0.0257896 0.0117107
 0.115585 0.728108 0.13969 0.00696876 0.00964799
 0.322202 0.370843 0.252705 0.0484825 0.0057672
 0.296943 0.56658 0.0746705 0.0508831 0.0109234
 0.344216 0.536394 0.0962141 0.0126802 0.0104957
 0.357504 0.542861 0.0814965 0.0146182 0.00352121
 0.0876823 0.753828 0.133912 0.0201034 0.00447459
 0.0804595 0.428086 0.406078 0.0721366 0.0132399
 0.227002 0.337659 0.202669 0.19225 0.0404198
 0.150323 0.645834 0.0890419 0.0534446 0.0613559
 0.223678 0.56488 0.160716 0.0221581 0.0285681
 0.295066 0.581683 0.0896819 0.0255156 0.00805341
 0.177305 0.662181 0.13245 0.0204207 0.00764372
 0.192369 0.532934 0.221101 0.0442249 0.00937066
 0.175233 0.551152 0.180551 0.0749062 0.0181575
 0.398936 0.384892 0.144457 0.0473226 0.0243921
 0.240809 0.647066 0.071799 0.0269476 0.0133779
 0.200904 0.562766 0.201427 0.0223505 0.012553
 0.281274 0.4731 0.172983 0.0619146 0.0107286
 0.182883 0.616742 0.131896 0.0482262 0.0202523
 0.0147693 0.627089 0.270317 0.05781 0.0300141
pobs_RECLAS
 0 0 0 0 0
 0 0 0 0 0
 0 0 0 0 0
 0 0 0 0 0
 0.835266 0.146461 0.0176864 0.000547809 3.91292e-05
 0.385257 0.428462 0.181853 0.0044286 0
 0.867414 0.0963971 0.0333333 0.00285562 0
 0.441836 0.489002 0.0689373 0.000224442 0
 0.779404 0.147425 0.0564933 0.0165055 0.000172143
 0.814271 0.122319 0.05973 0.00367925 0
 0.40263 0.566651 0.0304383 0.000280538 0
 0.475488 0.404961 0.113038 0.00651328 0
 0.955842 0.0263864 0.0167828 0.000988607 0
 0.975058 0.0227948 0.00214734 0 0
 0.738997 0.206755 0.0527124 0.00153531 0
 0.850938 0.134255 0.0134407 0.00136685 0
 0.542534 0.407297 0.0501686 0 0
 0.764087 0.199537 0.0359546 0.000420521 0
 0.470689 0.182191 0.310203 0.0369168 0
 0.84361 0.089868 0.0606195 0.00523954 0.000663233
 0.607945 0.314616 0.071237 0.00620181 0
 0.523733 0.453247 0.0230204 0 0
 0.530135 0.295979 0.169645 0.0042399 0
 0.562478 0.366248 0.0663022 0.0049721 0
 0.250443 0.683176 0.0655157 0.000865301 0
ppred_RECLAS
 0.330424 0.442663 0.200004 0.0269064 3.43861e-06
 0.643224 0.127505 0.151573 0.0684834 0.00921422
 0.290246 0.488111 0.0792115 0.0941631 0.048269
 0.86706 0.0557526 0.0530832 0.00861444 0.0154898
 0.818249 0.162429 0.00810313 0.00771516 0.00350334
 0.485883 0.423255 0.0812031 0.00405099 0.00560845
 0.77293 0.124237 0.0846592 0.0162422 0.00193208
 0.758391 0.194708 0.0256609 0.0174862 0.00375387
 0.795134 0.167569 0.0300572 0.00396129 0.00327885
 0.798811 0.16999 0.0255196 0.0045775 0.00110262
 0.409185 0.488178 0.0867209 0.0130189 0.00289774
 0.385797 0.285938 0.271238 0.0481833 0.00884351
 0.686421 0.136977 0.0822161 0.0779894 0.016397
 0.588501 0.312778 0.0431231 0.0258833 0.0297147
 0.704263 0.215189 0.061224 0.00844103 0.0108829
 0.753895 0.203076 0.0313096 0.00890798 0.00281159
 0.608029 0.315494 0.0631055 0.00972938 0.00364183
 0.629178 0.244696 0.101518 0.0203057 0.00430252
 0.601799 0.266099 0.0871708 0.036165 0.0087665
 0.826062 0.111381 0.0418035 0.0136944 0.00705865
 0.689574 0.264579 0.0293579 0.0110186 0.00547009
 0.638381 0.254671 0.0911528 0.0101144 0.00568069
 0.733883 0.175171 0.0640489 0.0229246 0.0039724
 0.611803 0.293003 0.0626616 0.0229114 0.00962152
 0.0957361 0.575555 0.248102 0.0530592 0.0275475
pobs_PELACES
 0 0 0 0 0
 0 0 0 0 0
 0 0 0 0 0
 0 0 0 0 0
 0 0 0 0 0
 0 0 0 0 0
 0 0 0 0 0
 0 0 0 0 0
 0 0 0 0 0
 0 0 0 0 0
 0.450072 0.473896 0.0757376 0.000293798 0
 0 0 0 0 0
 0.463077 0.371075 0.160297 0.00555027 0
 0.529543 0.364841 0.0842815 0.0213345 0
 0.631943 0.363953 0.00410389 0 0
 0.735681 0.248677 0.0153453 0.000297389 0
 0.695825 0.281241 0.0229344 0 0
 0.275771 0.60734 0.115278 0.00161068 0
 0 0 0 0 0
 0.896147 0.0623911 0.0374545 0.00400742 0
 0.803859 0.145111 0.0509908 3.86294e-05 0
 0.739449 0.233085 0.0266225 0.000797448 4.60066e-05
 0.878498 0.100942 0.0204185 0.000141795 0
 0.694673 0.275183 0.0284847 0.00165964 0
 0.469039 0.446079 0.0841089 0.000773354 0
ppred_PELACES
 0.348273 0.430862 0.194672 0.0261891 3.34694e-06
 0.673088 0.116833 0.138885 0.0627511 0.00844295
 0.373323 0.430977 0.0699398 0.0831413 0.0426191
 0.885286 0.0481091 0.0458056 0.00743343 0.0133662
 0.821681 0.159362 0.00795014 0.00756949 0.00343719
 0.526557 0.389769 0.0747786 0.00373049 0.00516473
 0.795224 0.112039 0.0763474 0.0146475 0.00174239
 0.799199 0.161822 0.0213268 0.0145328 0.00311984
 0.829311 0.139614 0.0250429 0.00330044 0.00273185
 0.817398 0.154285 0.0231619 0.00415461 0.00100076
 0.446392 0.457434 0.0812597 0.012199 0.00271525
 0.419443 0.270275 0.25638 0.0455438 0.00835906
 0.736571 0.11507 0.0690674 0.0655166 0.0137746
 0.683725 0.240399 0.0331441 0.0198937 0.0228385
 0.789162 0.153414 0.0436482 0.00601783 0.0077587
 0.788631 0.174413 0.0268904 0.00765067 0.00241476
 0.642772 0.28753 0.057512 0.008867 0.00331903
 0.655361 0.227418 0.0943501 0.018872 0.00399873
 0.627591 0.248863 0.0815247 0.0338226 0.00819868
 0.843872 0.0999765 0.0375232 0.0122922 0.00633589
 0.699464 0.25615 0.0284227 0.0106676 0.00529583
 0.65172 0.245277 0.0877905 0.0097413 0.00547115
 0.74794 0.165918 0.0606658 0.0217137 0.00376258
 0.628343 0.280519 0.0599917 0.0219352 0.00921157
 0.103089 0.570875 0.246085 0.0526277 0.0273235
pobs_pel_tallas
 0 0 0 0 0 0 0 0 0 0 0 0 0 0 0 0 0 0 0 0 0 0 0 0 0 0 0 0 0 0 0 0 0 0 0 0
 0 0 0 0 0 0 0 0 0 0 0 0 0 0 0 0 0 0 0 0 0 0 0 0 0 0 0 0 0 0 0 0 0 0 0 0
 0 0 0 0 0 0 0 0 0 0 0 0 0 0 0 0 0 0 0 0 0 0 0 0 0 0 0 0 0 0 0 0 0 0 0 0
 0 0 0 0 0 0 0 0 0 0 0 0 0 0 0 0 0 0 0 0 0 0 0 0 0 0 0 0 0 0 0 0 0 0 0 0
 0 0 0 0 0 0 0 0 0 0 0 0 0 0 0 0 0 0 0 0 0 0 0 0 0 0 0 0 0 0 0 0 0 0 0 0
 0 0 0 0 0 0 0 0 0 0 0 0 0 0 0 0 0 0 0 0 0 0 0 0 0 0 0 0 0 0 0 0 0 0 0 0
 0 0 0 0 0 0 0 0 0 0 0 0 0 0 0 0 0 0 0 0 0 0 0 0 0 0 0 0 0 0 0 0 0 0 0 0
 0 0 0 0 0 0 0 0 0 0 0 0 0 0 0 0 0 0 0 0 0 0 0 0 0 0 0 0 0 0 0 0 0 0 0 0
 0 0 0 0 0 0 0 0 0 0 0 0 0 0 0 0 0 0 0 0 0 0 0 0 0 0 0 0 0 0 0 0 0 0 0 0
 0 0 0 0 0 0 0 0 0 0 0 0 0 0 0 0 0 0 0 0 0 0 0 0 0 0 0 0 0 0 0 0 0 0 0 0
 0 0 0 0 0 0 0 0 1.78061e-05 0.00172719 0.00360574 0.0105946 0.0120993 0.0124554 0.0147524 0.0171206 0.0266825 0.0428682 0.0675386 0.121331 0.153587 0.119568 0.100827 0.0573624 0.0630603 0.0341343 0.0324427 0.0444173 0.0211091 0.0280891 0.0125444 0.00206551 0 0 0 0
 0 0 0 0 0 0 0 0 0 0 0 0 0 0 0 0 0 0 0 0 0 0 0 0 0 0 0 0 0 0 0 0 0 0 0 0
 0 0 0 0 0 0 0.0133647 0.0140871 0.0187388 0.0205184 0.03894 0.0496705 0.03968 0.0493445 0.0407372 0.0367815 0.0215668 0.0243155 0.0234873 0.0199281 0.019796 0.0243948 0.0301388 0.0376714 0.0412746 0.0863199 0.0771752 0.113111 0.0741005 0.0525337 0.0229764 0.00759418 0.00175318 0 0 0
 0 0 0 0 0 0 0 0 0 0 0.00219441 0.00772107 0.0458388 0.0604681 0.0671733 0.0775358 0.0609151 0.0617685 0.073594 0.0568108 0.0755445 0.0548602 0.0670107 0.0636378 0.0643287 0.046367 0.0373049 0.0286899 0.0247887 0.0153202 0.00654259 0.00121912 0.000365735 0 0 0
 0 0 0 0 0 0 0 0 0 0 0 0 0.000112435 0.00938835 0.0111873 0.0202946 0.0414886 0.0713402 0.111592 0.104902 0.108894 0.110636 0.117776 0.105296 0.107544 0.0401394 0.0192827 0.0124803 0.00416011 0.0028671 0.000618394 0 0 0 0 0
 0 0 0 0 0 0 0 0 0 0 0.00291406 0.0102884 0.027416 0.0768956 0.0749926 0.110853 0.0956884 0.0897413 0.0766577 0.0534642 0.0500743 0.0551293 0.0594112 0.0620874 0.0668451 0.0424026 0.0208742 0.0120726 0.0048766 0.00582813 0.00118941 0.000297354 0 0 0 0
 0 0.00264628 0.0354308 0.0461629 0.0458689 0.0383711 0.0214643 0.0164657 0.0346957 0.0420465 0.0363128 0.0245516 0.0311673 0.0291091 0.0169068 0.0133784 0.00837989 0.0085269 0.0148486 0.0160247 0.0276389 0.0546898 0.0760071 0.122758 0.109233 0.0665981 0.0333725 0.0166128 0.00676272 0.00308733 0.000882094 0 0 0 0 0
 0 0 0 0 0 0 0 0.000805153 0.000690131 0.00759144 0.0133425 0.0154129 0.00931677 0.000345066 0.00356568 0.00563607 0.00851162 0.0253048 0.0502646 0.0516448 0.0657925 0.0565908 0.0611916 0.0827007 0.0866115 0.110766 0.145733 0.0935128 0.0569358 0.0249597 0.0138026 0.00621118 0.00161031 0.00115022 0 0
 0 0 0 0 0 0 0 0 0 0 0 0 0 0 0 0 0 0 0 0 0 0 0 0 0 0 0 0 0 0 0 0 0 0 0 0
 0.00147267 0.00158595 0.00478618 0.00569244 0.00954404 0.0108468 0.00647125 0.017049 0.0510054 0.094081 0.124002 0.0959785 0.0687766 0.0820023 0.061753 0.0591476 0.0492212 0.0479892 0.0443925 0.0268479 0.0217502 0.0140895 0.0121071 0.0120363 0.00920419 0.00665534 0.0049561 0.00860946 0.00930331 0.0156896 0.0114698 0.00855282 0.00243557 0.00046729 0 2.83206e-05
 0 0 0 0 0.000772559 0.00158375 0.000888443 0.00281984 0.00712685 0.0440552 0.0773331 0.111326 0.0921469 0.0852325 0.0710754 0.0886704 0.0786465 0.0553345 0.0373146 0.0185414 0.00753245 0.00457741 0.012979 0.0271748 0.0457355 0.0583668 0.034881 0.0177882 0.00938659 0.00492506 0.0015258 0.00185414 0.000309023 5.79419e-05 3.86279e-05 0
 0 0.00173294 0.00326652 0 0.00397197 0.00683976 0.00946217 0.0152591 0.00757587 0.0136028 0.0228656 0.0392903 0.0559909 0.0764795 0.0681675 0.0726916 0.0566044 0.0477403 0.0527397 0.0444891 0.0609904 0.0582453 0.0661739 0.0445044 0.0529084 0.0360697 0.0280645 0.0235558 0.0158879 0.00826598 0.00280645 0.00217768 0.000904811 0.00058276 9.20147e-05 0
 0 0 0 0 0 0 0 0 0 0 0 0 0 0 0 0 0 0 0 0 0 0 0 0 0 0 0 0 0 0 0 0 0 0 0 0
 0 0 0 0 0 0 0 0 0 0 0 0 0 0 0 0 0 0 0 0 0 0 0 0 0 0 0 0 0 0 0 0 0 0 0 0
 0 0 0 0 0 0 0 0 0 0 0 0 0 0 0 0 0 0 0 0 0 0 0 0 0 0 0 0 0 0 0 0 0 0 0 0
ppred_pel_tallas
 1.03804e-16 1.52169e-05 8.92572e-05 0.000424176 0.00163291 0.00509192 0.0128622 0.0263206 0.0436404 0.0586413 0.0639016 0.0565757 0.0409571 0.0248289 0.0137841 0.00903492 0.00909593 0.0121461 0.0170232 0.0230846 0.029817 0.0366238 0.042816 0.0477168 0.0507999 0.0518003 0.05076 0.0479903 0.0439742 0.0392404 0.0342564 0.0293654 0.0247755 0.0205854 0.0168268 0.0135017
 1.04561e-16 2.93674e-05 0.000172363 0.000819334 0.00315448 0.00983695 0.0248473 0.0508407 0.0842734 0.113175 0.123151 0.108615 0.0777225 0.0453046 0.0218884 0.00948347 0.00488721 0.00433884 0.00555282 0.00755523 0.00998331 0.0126423 0.0153491 0.0179124 0.0201568 0.0219471 0.0232035 0.0238987 0.024044 0.0236724 0.0228255 0.02155 0.0199017 0.0179517 0.0157902 0.013523
 1.05982e-16 1.63087e-05 9.56682e-05 0.000454658 0.00175028 0.00545793 0.0137867 0.0282122 0.0467754 0.0628502 0.068478 0.0606038 0.0438214 0.0264611 0.0145004 0.00921636 0.00899156 0.0118503 0.0165302 0.0223406 0.0287497 0.03516 0.0408978 0.0453185 0.0479454 0.0485764 0.0473215 0.044553 0.0407943 0.0365831 0.0323579 0.0283964 0.024814 0.0216049 0.0187023 0.0160319
 1.01546e-16 3.86173e-05 0.000226674 0.00107755 0.00414871 0.0129374 0.0326788 0.0668639 0.11083 0.148827 0.161916 0.142733 0.101979 0.0591255 0.0279656 0.0110782 0.004181 0.00226376 0.00227969 0.00294794 0.00384484 0.00482289 0.00579325 0.0066769 0.00740662 0.00793654 0.00824745 0.00834454 0.00824972 0.00799197 0.00759957 0.00709671 0.0065043 0.00584282 0.00513535 0.00440843
 1.00586e-16 3.58482e-05 0.000210407 0.0010002 0.00385083 0.0120085 0.0303325 0.062064 0.102877 0.138158 0.150334 0.132585 0.094864 0.0552724 0.0266535 0.0114464 0.00571887 0.00484512 0.00598659 0.00789311 0.0100532 0.0121639 0.0139554 0.0151859 0.0156849 0.0153935 0.0143783 0.0128112 0.0109253 0.00895959 0.00711149 0.00550915 0.00420695 0.00319929 0.0024435 0.00188262
 1.01559e-16 2.2989e-05 0.000134891 0.000641133 0.00246827 0.00769695 0.0194422 0.0397835 0.0659536 0.0885984 0.0964772 0.0852534 0.0613623 0.0364876 0.0189714 0.0105087 0.00870982 0.0107038 0.014683 0.0197343 0.0252731 0.0307186 0.0354377 0.0388319 0.0404641 0.0401597 0.0380434 0.0344964 0.0300538 0.0252764 0.0206392 0.0164655 0.0129154 0.0100138 0.00770026 0.00587731
 1.01706e-16 3.46928e-05 0.000203628 0.000967975 0.00372679 0.0116217 0.0293553 0.0600644 0.0995613 0.133702 0.145478 0.128284 0.0917458 0.0533745 0.0255888 0.0107384 0.00501054 0.00393023 0.00476738 0.00634887 0.00823645 0.0102074 0.0120717 0.0136484 0.0147907 0.0154126 0.0155011 0.0151091 0.0143333 0.013286 0.0120707 0.0107692 0.00943982 0.00812288 0.00684947 0.00564718
 1.01001e-16 3.4868e-05 0.000204652 0.000972835 0.00374549 0.01168 0.0295027 0.0603662 0.100063 0.134379 0.146225 0.128966 0.0922857 0.0537927 0.0259826 0.0112325 0.00572325 0.0049609 0.00618863 0.00819203 0.0104717 0.0127273 0.014687 0.0161039 0.0168 0.0167062 0.0158768 0.014471 0.0127093 0.0108202 0.00899344 0.00735461 0.00596059 0.00481342 0.00388219 0.0031241
 1.00643e-16 3.61802e-05 0.000212358 0.00100947 0.00388656 0.0121199 0.0306138 0.0626396 0.10383 0.139436 0.151721 0.133797 0.0957075 0.055716 0.0267783 0.0113485 0.00545092 0.00441356 0.0053749 0.00708587 0.00905311 0.0110018 0.0126935 0.0139125 0.0145029 0.0144026 0.0136568 0.0124022 0.0108299 0.0091397 0.00750027 0.00602555 0.00477081 0.0037433 0.00292015 0.00226602
 1.00569e-16 3.56613e-05 0.00020931 0.000994981 0.00383076 0.0119459 0.0301743 0.0617403 0.10234 0.137437 0.149549 0.131891 0.0943643 0.0549748 0.0264983 0.0113605 0.00564976 0.0047654 0.00588632 0.0077734 0.00992409 0.012044 0.013871 0.0151676 0.0157629 0.0155913 0.0147063 0.0132637 0.0114794 0.00957845 0.00775016 0.00612186 0.0047542 0.003653 0.00278958 0.00212064
 1.01849e-16 1.94961e-05 0.000114378 0.000543601 0.00209272 0.00652581 0.0164841 0.0337314 0.0559243 0.0751373 0.0818497 0.0724005 0.05227 0.0313996 0.0169103 0.0102961 0.00958765 0.0123906 0.0171758 0.0231178 0.0296063 0.0359773 0.041492 0.0454495 0.0473394 0.046959 0.0444579 0.0402862 0.0350739 0.0294797 0.0240601 0.0191924 0.0150609 0.011691 0.00900812 0.00689518
 1.05683e-16 1.83139e-05 0.000107453 0.000510716 0.00196617 0.0061312 0.0154871 0.0316902 0.0525361 0.0705729 0.0768457 0.0678987 0.0488563 0.0290239 0.0150472 0.00828201 0.00684049 0.00846696 0.0117737 0.0161083 0.0210976 0.0263759 0.0315182 0.0360831 0.0396898 0.0420844 0.0431737 0.0430135 0.041765 0.0396378 0.0368417 0.0335613 0.029954 0.0261605 0.0223177 0.0185625
 1.03913e-16 3.21353e-05 0.000188613 0.000896592 0.00345195 0.0107646 0.0271904 0.0556349 0.0922195 0.123844 0.134755 0.118837 0.0850083 0.0494929 0.0238002 0.010115 0.00491533 0.00406677 0.00504982 0.00678444 0.00886729 0.0110902 0.0132711 0.0152333 0.01683 0.0179683 0.0186208 0.0188163 0.0186185 0.0180994 0.0173198 0.0163216 0.0151322 0.0137756 0.0122841 0.010704
 1.023e-16 2.9836e-05 0.000175103 0.000832337 0.00320451 0.00999293 0.0252414 0.051648 0.0856147 0.114986 0.125147 0.110435 0.0791546 0.0463999 0.0229009 0.0107384 0.0066919 0.00695076 0.00916218 0.0122499 0.0156991 0.0191199 0.022122 0.0243423 0.0255175 0.0255431 0.0244954 0.0226028 0.0201819 0.0175589 0.0150022 0.0126853 0.0106824 0.00899053 0.00756263 0.00633923
 1.01239e-16 3.44301e-05 0.000202082 0.000960616 0.00369844 0.0115333 0.0291321 0.0596079 0.0988058 0.132691 0.144387 0.127343 0.0911194 0.0531036 0.0256331 0.0110543 0.0055964 0.0048237 0.00601853 0.00798931 0.0102532 0.0125252 0.0145473 0.0160816 0.0169509 0.0170766 0.0164933 0.0153337 0.0137892 0.012063 0.010328 0.00870383 0.00725242 0.00598987 0.0049045 0.00397399
 1.00815e-16 3.44078e-05 0.000201949 0.000959981 0.00369599 0.0115256 0.0291128 0.0595685 0.0987411 0.132606 0.144299 0.127276 0.0910943 0.0531353 0.0257345 0.011244 0.00590154 0.00527694 0.00664975 0.00881505 0.0112658 0.0136845 0.0157782 0.0172792 0.0179941 0.0178478 0.0168988 0.0153204 0.013353 0.0112474 0.00921384 0.00739332 0.00585255 0.00459769 0.00359729 0.00280471
 1.0137e-16 2.80523e-05 0.000164626 0.00078252 0.00301268 0.00939471 0.0237305 0.0485568 0.0804925 0.108112 0.11768 0.103882 0.0745351 0.0438482 0.0219323 0.0107714 0.00736514 0.00815039 0.0109162 0.0146245 0.0187331 0.0227884 0.0263197 0.028885 0.0301607 0.0300155 0.0285372 0.0260019 0.0227981 0.0193332 0.0159522 0.0128901 0.0102633 0.008091 0.00633188 0.00491892
 1.02249e-16 2.85989e-05 0.00016784 0.000797813 0.00307158 0.00957841 0.0241944 0.0495056 0.0820634 0.110216 0.119957 0.105857 0.0758784 0.0444898 0.0219791 0.0103449 0.0065069 0.00682171 0.00904576 0.012161 0.0156871 0.0192606 0.0225104 0.0250803 0.0266958 0.027221 0.0266818 0.0252457 0.0231686 0.0207285 0.0181681 0.0156627 0.0133145 0.011168 0.00923342 0.00750746
 1.02784e-16 2.73888e-05 0.000160734 0.000764026 0.00294149 0.0091727 0.0231696 0.047409 0.078589 0.105553 0.114889 0.101402 0.0727234 0.0427171 0.0212467 0.0102401 0.00676062 0.00732864 0.00979627 0.0131762 0.0169814 0.0208237 0.0243012 0.02703 0.028718 0.0292271 0.0285971 0.0270214 0.024787 0.0221995 0.01952 0.0169292 0.014524 0.0123357 0.0103593 0.00857883
 1.01284e-16 3.68135e-05 0.00021608 0.00102718 0.00395473 0.0123325 0.0311508 0.063738 0.10565 0.141876 0.154367 0.136108 0.0973115 0.0565515 0.0269965 0.0111273 0.00488382 0.00350383 0.00408088 0.00536813 0.00690883 0.00848626 0.00992814 0.0110782 0.0118173 0.0120871 0.0118997 0.0113278 0.0104819 0.00948023 0.00842431 0.00738513 0.00640177 0.00548888 0.00464788 0.00387658
 1.01101e-16 3.0523e-05 0.000179134 0.0008515 0.00327828 0.010223 0.0258226 0.0528371 0.0875862 0.117634 0.128031 0.112985 0.0809918 0.0474961 0.0234773 0.0110662 0.00696974 0.00728835 0.00960968 0.0128219 0.0163815 0.0198688 0.0228621 0.0249717 0.0259181 0.0255975 0.0241047 0.0217032 0.0187556 0.0156365 0.0126584 0.0100277 0.00783799 0.00609048 0.00472944 0.00367656
 1.01917e-16 2.84408e-05 0.000166911 0.00079339 0.00305455 0.00952528 0.0240602 0.0492312 0.0816091 0.109608 0.119299 0.105287 0.0754912 0.0443066 0.0219698 0.0104755 0.00676691 0.00722406 0.00961304 0.0129099 0.0166158 0.0203404 0.0236821 0.0262582 0.0277782 0.0281059 0.0272842 0.0255115 0.0230829 0.0203155 0.0174843 0.0147848 0.0123266 0.0101495 0.0082509 0.00660977
 1.01838e-16 3.26332e-05 0.000191531 0.000910455 0.0035053 0.010931 0.0276107 0.0564952 0.0936469 0.125765 0.136856 0.120714 0.0864057 0.0504158 0.0244474 0.010736 0.00572007 0.00520669 0.00662614 0.00884704 0.0113994 0.0139904 0.0163454 0.0182062 0.0193754 0.0197575 0.0193745 0.0183511 0.0168746 0.0151466 0.0133405 0.0115785 0.00992862 0.00841661 0.0070445 0.00580651
 1.02128e-16 2.74228e-05 0.000160931 0.000764956 0.00294506 0.00918383 0.0231978 0.0474668 0.0786856 0.105685 0.115039 0.101551 0.0728641 0.0428681 0.021448 0.0105443 0.00722599 0.00801269 0.0107468 0.0144183 0.0185026 0.0225618 0.0261406 0.0288095 0.0302517 0.0303338 0.0291322 0.0269025 0.0240074 0.0208264 0.0176795 0.0147822 0.01224 0.0100701 0.00823708 0.0066866
 1.06765e-16 4.53145e-06 2.65112e-05 0.000125846 0.000484219 0.00150972 0.00381405 0.00780857 0.0129608 0.0174581 0.0191354 0.017206 0.0130311 0.00904854 0.00709447 0.00774313 0.0107732 0.0158124 0.022563 0.0306948 0.0396931 0.048813 0.0571572 0.0638382 0.0681651 0.0697891 0.0687621 0.0654858 0.0605806 0.0547209 0.0484945 0.0423241 0.0364564 0.0310014 0.0259915 0.0214325
pSPR Fmed_Fpbrs
0.539328   0.350893 0.350893
Fs Fmed_Fpbrs
0.458712   1.005 1.005
SSBpbr Bo_Bmed_Bpbrs
909221  444908  273578 273578
Ro
29143.9
SPR SPRFo_SPRFmed_SPRFpbrs
598551 322815 210027
log_Ro
10.1
likeval ReclasPelacesDesembMPH_pf_preclas_ppelaces_ptallas_desvR_qrecl_qpela
 86.5412 70.7982 0.0519629 0.000669201 325.76 191.896 80.0704 0 28.1775 1.76721e-05 0 0 0 0 0
q_reclas_q_pelaces
0.551178 1
M
0.7
N
 16409.2 24666 11144.6 1499.28 0.191606
 32494.3 7833.78 9312.45 4207.55 566.111
 5105.43 15099 2450.29 2912.79 1493.13
 25401.2 2096.05 1995.69 323.864 582.347
 56685.5 11592.1 578.295 550.607 250.022
 25118.5 27849.2 5342.97 266.546 369.023
 58893.6 11494.8 7832.97 1502.79 178.763
 74834.8 27380 3608.46 2458.93 527.872
 111937 32971 5914.08 779.426 645.148
 195577 49640 7452.17 1336.71 321.985
 61229 91474.1 16249.7 2439.47 542.975
 30918.4 28173.3 26724.9 4747.47 871.345
 49777.4 14314.5 8591.83 8150.12 1713.53
 22103.2 21849.1 3012.36 1808.07 2075.72
 14770.7 8905.45 2533.71 349.326 450.381
 16153.2 5834.21 899.499 255.919 80.7749
 11242.2 7263.92 1452.94 224.009 83.8493
 11273.7 5182.6 2150.13 430.071 91.1264
 10197.1 5288.85 1732.57 718.799 174.239
 29400.9 4796.12 1800.08 589.686 303.949
 33419.4 13685.5 1518.55 569.943 282.944
 37439.1 16224.7 5807.21 644.373 361.908
 68122.1 18068.8 6606.64 2364.67 409.753
 61589.2 32627.5 6977.73 2551.32 1071.41
 4362.95 29544 12735.4 2723.6 1414.05
pred_Ctot
 456.885 4320.03 1951.87 262.585 0.0335581
 1507.94 2141.1 2545.24 1149.99 154.727
 643.122 8570.69 1390.87 1653.4 847.551
 1487.03 692.708 659.541 107.032 192.456
 434.696 601.389 30.0016 28.5651 12.971
 1424 8970.28 1720.98 85.8549 118.863
 2712.22 3121.67 2127.22 408.114 48.5469
 6111.39 11660.8 1536.79 1047.23 224.814
 8667.7 13506.9 2422.76 319.3 264.292
 8205.73 12460.2 1870.58 335.53 80.8219
 3246.83 27913.8 4958.67 744.417 165.692
 1511.01 8039.35 7626.04 1354.71 248.641
 4185.6 6225.95 3736.93 3544.81 745.285
 3035.09 13039.7 1797.8 1079.07 1238.8
 2202.2 5561.47 1582.31 218.155 281.264
 1103.36 2175.12 335.353 95.4123 30.1146
 581.935 2173.36 434.717 67.0231 25.0876
 449.739 1245.95 516.913 103.393 21.9077
 388.792 1222.85 400.591 166.195 40.2862
 1329.42 1282.61 481.39 157.698 81.2842
 537.784 1445.05 160.344 60.1803 29.876
 758.452 2124.56 760.428 84.3777 47.3903
 1742.76 2931.3 1071.79 383.619 66.4741
 1509.63 5090.97 1088.75 398.089 167.175
 125.38 5323.51 2294.79 490.763 254.796
F
 0.0393939 0.274075 0.274075 0.274075 0.274075
 0.0664397 0.46224 0.46224 0.46224 0.46224
 0.190252 1.32364 1.32364 1.32364 1.32364
 0.0844758 0.587723 0.587723 0.587723 0.587723
 0.0107138 0.0745387 0.0745387 0.0745387 0.0745387
 0.0817073 0.568462 0.568462 0.568462 0.568462
 0.0659189 0.458617 0.458617 0.458617 0.458617
 0.119655 0.832477 0.832477 0.832477 0.832477
 0.113136 0.787122 0.787122 0.787122 0.787122
 0.0598977 0.416726 0.416726 0.416726 0.416726
 0.0762451 0.530459 0.530459 0.530459 0.530459
 0.0700796 0.487564 0.487564 0.487564 0.487564
 0.123403 0.858551 0.858551 0.858551 0.858551
 0.209057 1.45447 1.45447 1.45447 1.45447
 0.228908 1.59258 1.59258 1.59258 1.59258
 0.0991986 0.690154 0.690154 0.690154 0.690154
 0.0743666 0.51739 0.51739 0.51739 0.51739
 0.056876 0.395703 0.395703 0.395703 0.395703
 0.0542983 0.377769 0.377769 0.377769 0.377769
 0.0646875 0.45005 0.45005 0.45005 0.45005
 0.0226002 0.157236 0.157236 0.157236 0.157236
 0.0285258 0.198463 0.198463 0.198463 0.198463
 0.0361442 0.251466 0.251466 0.251466 0.251466
 0.0346069 0.24077 0.24077 0.24077 0.24077
 0.0406822 0.283038 0.283038 0.283038 0.283038
nmprior
 10.6 11 7 0
nm_flota  nm_reclas  nm_pelaces    nm_pelaL
inf 28.0935 22.8725 58.4935
cv_recla  cv_pelaces  cv_mph
0.841466 0.954077 0.839299
 ------------------------------------------------
Talla a la edad & desviación 
 7.2 14.2025 17.0495 18.207 18.6776
 1.08 2.13037 2.55742 2.73105 2.80164
