    unsorted:	 0.0007190150158 0.0008999966593 0.3901970873 4.746946568 3.899603517 23.47498209 50.21859178 39.63164181 77.19779127 94.84327240 203.9951788 138.2283340 247.6021374 357.1943663 417.7848405 464.2140797 516.6572438 538.8621692 558.8997582 597.6323757 767.5972173 791.1218332 815.5408652 822.9569123 737.7383039 861.0416978 874.0560174 880.4317919 937.5699443 927.1084335 961.5679340 985.4385266 1061.840281 1172.290094 1211.260780 1241.798498 1347.624635 1643.958643 5527.426782 194758.8066 210904.4155 292801.0930 347474.4945 413486.9327 474828.4571 511429.8914 646222.4013 678828.1848 706724.7056 812046.6731 886998.5412 984426.9465 1014828.573 1179310.690 1308002.221 1392364.368 1599976.826 1893424.374 2028761.724 2173157.072 2331102.886 2449370.000 2501420.098 2862805.235 3456520.783
      sorted:	 0.0007190150158 0.0008999966593 0.3901970873 3.899603517 4.746946568 23.47498209 39.63164181 50.21859178 77.19779127 94.84327240 138.2283340 203.9951788 247.6021374 357.1943663 417.7848405 464.2140797 516.6572438 538.8621692 558.8997582 597.6323757 737.7383039 767.5972173 791.1218332 815.5408652 822.9569123 861.0416978 874.0560174 880.4317919 927.1084335 937.5699443 961.5679340 985.4385266 1061.840281 1172.290094 1211.260780 1241.798498 1347.624635 1643.958643 5527.426782 194758.8066 210904.4155 292801.0930 347474.4945 413486.9327 474828.4571 511429.8914 646222.4013 678828.1848 706724.7056 812046.6731 886998.5412 984426.9465 1014828.573 1179310.690 1308002.221 1392364.368 1599976.826 1893424.374 2028761.724 2173157.072 2331102.886 2449370.000 2501420.098 2862805.235 3456520.783
