    unsorted:	 2.324993724e-06 4.074565599e-06 2.301358021e-05 5.537970572e-05 0.0008999976945 0.007454010135 40.73918657 63.13358173 104.1887406 164.6080564 185.2376842 239.5482571 454.7101990 584.3567463 620.0590120 806.5260255 831.9516225 983.7538675 1105.851461 1309.689597 1323.956283 1525.289452 1655.375720 1892.592824 2176.004147 2291.439809 2607.673510 2760.591496 3351.445595 3596.834806 3909.439555 4206.919821 4293.762444 4721.199641 5133.704803 5393.647471 5847.744333 5961.061441 22974.82320 196477.6585 375089.6042 388566.8568 411481.6511 315395.0953 449588.8260 478573.5476 487890.2656 508296.1101 520858.0310 526944.6271 585842.6537 612594.9292 666494.3910 749328.6396 832235.6345 904670.9102 1084159.872 1131115.274 1375583.712 1650333.853 1877858.645 2087992.848 2312084.497 2632969.265 4926529.584
      sorted:	 2.324993724e-06 4.074565599e-06 2.301358021e-05 5.537970572e-05 0.0008999976945 0.007454010135 40.73918657 63.13358173 104.1887406 164.6080564 185.2376842 239.5482571 454.7101990 584.3567463 620.0590120 806.5260255 831.9516225 983.7538675 1105.851461 1309.689597 1323.956283 1525.289452 1655.375720 1892.592824 2176.004147 2291.439809 2607.673510 2760.591496 3351.445595 3596.834806 3909.439555 4206.919821 4293.762444 4721.199641 5133.704803 5393.647471 5847.744333 5961.061441 22974.82320 196477.6585 315395.0953 375089.6042 388566.8568 411481.6511 449588.8260 478573.5476 487890.2656 508296.1101 520858.0310 526944.6271 585842.6537 612594.9292 666494.3910 749328.6396 832235.6345 904670.9102 1084159.872 1131115.274 1375583.712 1650333.853 1877858.645 2087992.848 2312084.497 2632969.265 4926529.584
