years
 1997 1998 1999 2000 2001 2002 2003 2004 2005 2006 2007 2008 2009 2010 2011 2012 2013 2014 2015 2016 2017 2018 2019 2020 2021
reclasobs
 0 0 0 370054 412103 1.49427e+06 250295 1.28982e+06 931140 785840 897777 1.04006e+06 184774 17550 25797 100020 73551 82996 120727 218422 84188 347160 605670 569463 516374
reclaspred
 1.07681e+06 212130 426800 183316 292485 362469 782866 606627 696896 874105 831405 564522 335894 134650 74531.4 73198.5 85362.4 107241 114355 142622 224769 225609 381384 446415 419860
pelacesobs
 0 0 0 0 0 0 0 0 0 2.06254e+06 1.5e+06 0 1.87456e+06 323000 250000 174000 83755 137374 0 501740 490994 745055 786931 1.00524e+06 1.33801e+06
pelacespred
 2.78705e+06 684457 551097 475726 791997 587143 2.19812e+06 1.65531e+06 1.89183e+06 2.40453e+06 1.72963e+06 1.22658e+06 827668 267052 161799 152386 180632 233253 231305 300578 572558 487079 651138 923880 741498
mphobs
 0 0 0 0 0 112323 0 153150 637223 0 255016 313432 73983 77613 109348 50772 0 0 0 0 0 0 0 0 0
mphpred
 362832 166449 146382 88813.1 83922.6 164515 206120 303107 277902 324948 413791 269895 165915 93101.9 41032.3 31574 33612.8 40186.1 47007.6 50910.6 75618.1 97039.2 119368 165077 190503
desembarqueobs
 350755 77701 442110 56441 14545 235359 269955 359681 431902 328805 639364 411747 362871 311530 167758 66681 60226 58785 57116 73181 50977 67692 138656 160484 209506
desembarquepred
 350736 77675.4 441761 56432.9 14544.6 235345 269956 359368 431662 328646 638587 411350 362476 311183 167337 66626.2 60213.8 58729.4 57061.7 73137.1 50968.9 67649.9 138604 160430 209429
Reclutas
 26104.3 42118.4 9393.21 14844.4 41854.1 23208.4 63631.7 62857.2 81639.9 123484 59136.6 46930.7 54276.7 28046.1 13548.8 11563 7960.56 8771.72 9428.82 13754.5 18909.2 23960 38089.9 39421.6 8354.23
log_desv_Rt
 0.00985509 0.488239 -1.01226 -0.55462 0.481946 -0.107731 0.900867 0.888621 1.15007 1.56387 0.827606 0.596427 0.741851 0.0816058 -0.645948 -0.804435 -1.17774 -1.08071 -1.00847 -0.630877 -0.312597 -0.0758576 0.387704 0.422068 -1.12948
SSB
 622370 285512 251091 152342 143954 282195 353561 519924 476688 557388 709781 462955 284596 159699 70383.3 54159.3 57656.5 68931.8 80632.8 87327.6 129709 166453 204754 283159 326773
BT
 1.45686e+06 417873 462033 259836 356177 421433 1.18179e+06 1.10325e+06 1.23099e+06 1.36296e+06 1.28753e+06 894767 713876 401061 206447 120705 125488 147934 144398 186886 287846 262154 364730 515258 464939
Ftot
 0.474538 0.622793 1.27887 0.495454 0.0991614 0.856694 0.664679 0.984291 1.09442 0.691496 1.06246 1.08446 1.79979 3.04967 3.23209 1.41224 1.09633 0.885025 0.746764 0.839724 0.373985 0.454722 0.551124 0.549356 0.648586
BD_Bspro_t
 0.935974 0.671011 0.540046 0.264442 0.367862 0.586298 0.492861 0.545606 0.481973 0.474229 0.498843 0.327965 0.232989 0.161076 0.0873865 0.0827904 0.119524 0.189283 0.261103 0.32976 0.452319 0.579577 0.589612 0.592996 0.559849
BD_Bspro
 1.17237 0.537822 0.472982 0.286969 0.271167 0.531573 0.666006 0.979386 0.897944 1.04996 1.33702 0.872073 0.536097 0.300827 0.132582 0.10202 0.108608 0.129848 0.151889 0.1645 0.244334 0.313549 0.385697 0.533389 0.615546
BD_Bo
 0.814069 0.373454 0.32843 0.199266 0.188293 0.369115 0.462462 0.680068 0.623516 0.729071 0.928404 0.605551 0.372256 0.208889 0.0920624 0.0708411 0.0754155 0.0901638 0.105469 0.114226 0.169661 0.217723 0.267821 0.370376 0.427424
BD_Brms
 2.66102 1.22074 1.07357 0.651359 0.615491 1.20656 1.51169 2.223 2.03814 2.38318 3.03476 1.97942 1.21683 0.682813 0.300933 0.231565 0.246517 0.294726 0.344755 0.37338 0.554586 0.711689 0.875449 1.21068 1.39716
S_f
 0.127994 1 1 1 1
 0.127994 1 1 1 1
 0.127994 1 1 1 1
 0.127994 1 1 1 1
 0.127994 1 1 1 1
 0.127994 1 1 1 1
 0.127994 1 1 1 1
 0.127994 1 1 1 1
 0.127994 1 1 1 1
 0.127994 1 1 1 1
 0.127994 1 1 1 1
 0.127994 1 1 1 1
 0.127994 1 1 1 1
 0.127994 1 1 1 1
 0.127994 1 1 1 1
 0.127994 1 1 1 1
 0.127994 1 1 1 1
 0.127994 1 1 1 1
 0.127994 1 1 1 1
 0.127994 1 1 1 1
 0.127994 1 1 1 1
 0.127994 1 1 1 1
 0.127994 1 1 1 1
 0.127994 1 1 1 1
 0.127994 1 1 1 1
Scru_reclas
 0.378663 0.754121 0.939155 0.98729 0.997449
 0.378663 0.754121 0.939155 0.98729 0.997449
 0.378663 0.754121 0.939155 0.98729 0.997449
 0.378663 0.754121 0.939155 0.98729 0.997449
 0.378663 0.754121 0.939155 0.98729 0.997449
 0.378663 0.754121 0.939155 0.98729 0.997449
 0.378663 0.754121 0.939155 0.98729 0.997449
 0.378663 0.754121 0.939155 0.98729 0.997449
 0.378663 0.754121 0.939155 0.98729 0.997449
 0.378663 0.754121 0.939155 0.98729 0.997449
 0.378663 0.754121 0.939155 0.98729 0.997449
 0.378663 0.754121 0.939155 0.98729 0.997449
 0.378663 0.754121 0.939155 0.98729 0.997449
 0.378663 0.754121 0.939155 0.98729 0.997449
 0.378663 0.754121 0.939155 0.98729 0.997449
 0.378663 0.754121 0.939155 0.98729 0.997449
 0.378663 0.754121 0.939155 0.98729 0.997449
 0.378663 0.754121 0.939155 0.98729 0.997449
 0.378663 0.754121 0.939155 0.98729 0.997449
 0.378663 0.754121 0.939155 0.98729 0.997449
 0.378663 0.754121 0.939155 0.98729 0.997449
 0.378663 0.754121 0.939155 0.98729 0.997449
 0.378663 0.754121 0.939155 0.98729 0.997449
 0.378663 0.754121 0.939155 0.98729 0.997449
 0.378663 0.754121 0.939155 0.98729 0.997449
Scru_pelaces
 0.817394 1 1 1 1
 0.817394 1 1 1 1
 0.817394 1 1 1 1
 0.817394 1 1 1 1
 0.817394 1 1 1 1
 0.817394 1 1 1 1
 0.817394 1 1 1 1
 0.817394 1 1 1 1
 0.817394 1 1 1 1
 0.817394 1 1 1 1
 0.817394 1 1 1 1
 0.817394 1 1 1 1
 0.817394 1 1 1 1
 0.817394 1 1 1 1
 0.817394 1 1 1 1
 0.817394 1 1 1 1
 0.817394 1 1 1 1
 0.817394 1 1 1 1
 0.817394 1 1 1 1
 0.817394 1 1 1 1
 0.817394 1 1 1 1
 0.817394 1 1 1 1
 0.817394 1 1 1 1
 0.817394 1 1 1 1
 0.817394 1 1 1 1
pf_obs 
 0.256992 0.487395 0.22802 0.0275931 0
 0.321318 0.546541 0.124235 0.00734118 0.000564706
 0.182869 0.594174 0.210203 0.0122559 0.00049798
 0.330522 0.361315 0.267642 0.0388342 0.00168674
 0.649043 0.306663 0.0425973 0.00169635 0
 0.582887 0.30429 0.105238 0.00758474 0
 0.465427 0.430635 0.0974691 0.00646863 0
 0.296916 0.608066 0.0921331 0.00288517 0
 0.311714 0.524322 0.152257 0.0117073 0
 0.15457 0.633149 0.183074 0.0267441 0.00246327
 0.131901 0.49318 0.331252 0.0422183 0.00144891
 0.196976 0.569456 0.194076 0.0375587 0.00193317
 0.518974 0.381816 0.0799577 0.0180837 0.00116848
 0.0928022 0.601141 0.25162 0.0475244 0.00691264
 0.122501 0.610282 0.24278 0.0234846 0.000952079
 0.383417 0.481906 0.127806 0.00687128 0
 0.0376549 0.599619 0.316969 0.0457579 0
 0.0361596 0.667082 0.258105 0.0386534 0
 0.158088 0.579412 0.248529 0.0139706 0
 0.0477256 0.309471 0.559284 0.082774 0.000745712
 0.0406174 0.521527 0.379366 0.0568643 0.0016247
 0.151134 0.462217 0.34131 0.0453401 0
 0.294876 0.26143 0.354403 0.0886775 0.000613685
 0.281977 0.475581 0.204845 0.0348837 0.00271318
 0.0354234 0.537034 0.353287 0.0723622 0.0018943
pf_pred 
 0.148855 0.581365 0.239152 0.0306212 6.35991e-06
 0.259883 0.46966 0.184733 0.0759924 0.00973212
 0.0703437 0.73481 0.123645 0.0486335 0.0225682
 0.236887 0.411864 0.277631 0.0467163 0.026902
 0.378421 0.470575 0.0814991 0.0549374 0.0145675
 0.140202 0.716343 0.108604 0.0188092 0.016041
 0.399886 0.399325 0.167288 0.0253624 0.0081386
 0.255572 0.654945 0.059543 0.0249442 0.0049953
 0.311414 0.563286 0.110239 0.0100222 0.00503936
 0.33152 0.576937 0.074885 0.0146555 0.00200232
 0.14138 0.727065 0.11354 0.0147372 0.00327823
 0.190682 0.560552 0.210651 0.0328957 0.00521957
 0.317294 0.522626 0.110875 0.0416659 0.00753903
 0.262487 0.669477 0.052083 0.0110494 0.00490358
 0.295901 0.664962 0.0355266 0.00276385 0.000846562
 0.337335 0.634748 0.0263652 0.0014086 0.00014315
 0.217053 0.700795 0.0786913 0.00326856 0.000192374
 0.261599 0.586701 0.135783 0.0152469 0.000670575
 0.247979 0.612477 0.110875 0.0256605 0.00300811
 0.305614 0.549315 0.118152 0.0213888 0.00553041
 0.276144 0.609283 0.0906368 0.0194951 0.00444167
 0.240592 0.594143 0.139107 0.0206935 0.00546505
 0.286586 0.539977 0.135694 0.03177 0.00597423
 0.219822 0.628773 0.114597 0.0287977 0.00801032
 0.0522113 0.705395 0.195354 0.0356043 0.0114359
pobs_RECLAS
 0 0 0 0 0
 0 0 0 0 0
 0 0 0 0 0
 0 0 0 0 0
 0.835266 0.146461 0.0176864 0.000547809 3.91292e-05
 0.385257 0.428462 0.181853 0.0044286 0
 0.867414 0.0963971 0.0333333 0.00285562 0
 0.441836 0.489002 0.0689373 0.000224442 0
 0.779404 0.147425 0.0564933 0.0165055 0.000172143
 0.814271 0.122319 0.05973 0.00367925 0
 0.40263 0.566651 0.0304383 0.000280538 0
 0.475488 0.404961 0.113038 0.00651328 0
 0.955842 0.0263864 0.0167828 0.000988607 0
 0.975058 0.0227948 0.00214734 0 0
 0.738997 0.206755 0.0527124 0.00153531 0
 0.850938 0.134255 0.0134407 0.00136685 0
 0.542534 0.407297 0.0501686 0 0
 0.764087 0.199537 0.0359546 0.000420521 0
 0.470689 0.182191 0.310203 0.0369168 0
 0.84361 0.089868 0.0606195 0.00523954 0.000663233
 0.607945 0.314616 0.071237 0.00620181 0
 0.523733 0.453247 0.0230204 0 0
 0.530135 0.295979 0.169645 0.0042399 0
 0.562478 0.366248 0.0663022 0.0049721 0
 0.250443 0.683176 0.0655157 0.000865301 0
ppred_RECLAS
 0.396293 0.381787 0.195588 0.0263268 5.52423e-06
 0.568115 0.249777 0.122352 0.0529106 0.00684583
 0.241881 0.567104 0.118839 0.0491391 0.0230374
 0.52966 0.226739 0.190343 0.03367 0.0195887
 0.692342 0.218279 0.0470794 0.0333621 0.0089375
 0.397054 0.481277 0.0908692 0.0165443 0.0142546
 0.716963 0.173448 0.0904909 0.0144224 0.00467566
 0.587434 0.351668 0.0398157 0.0175348 0.00354764
 0.65243 0.271783 0.0662407 0.00633079 0.00321601
 0.664756 0.279488 0.0451779 0.0092948 0.00128298
 0.406615 0.483615 0.0940527 0.0128335 0.00288413
 0.486473 0.329788 0.15434 0.0253374 0.00406166
 0.679706 0.230817 0.0609825 0.0240913 0.00440393
 0.687889 0.27665 0.0268032 0.00597772 0.00268014
 0.733412 0.248298 0.0165206 0.00135112 0.000418104
 0.69605 0.288123 0.014904 0.00083708 8.5944e-05
 0.539914 0.401363 0.0561266 0.00245079 0.000145728
 0.587551 0.311575 0.0898023 0.0106006 0.000471024
 0.567105 0.336414 0.0758431 0.0184524 0.00218538
 0.637284 0.272277 0.0729336 0.0138797 0.00362574
 0.595654 0.326931 0.0605672 0.0136951 0.00315234
 0.548433 0.334657 0.0975784 0.0152597 0.00407148
 0.606681 0.280019 0.087633 0.0215691 0.00409773
 0.522546 0.366206 0.0831193 0.021958 0.00617064
 0.175561 0.575558 0.198506 0.0380331 0.0123417
pobs_PELACES
 0 0 0 0 0
 0 0 0 0 0
 0 0 0 0 0
 0 0 0 0 0
 0 0 0 0 0
 0 0 0 0 0
 0 0 0 0 0
 0 0 0 0 0
 0 0 0 0 0
 0 0 0 0 0
 0.450072 0.473896 0.0757376 0.000293798 0
 0 0 0 0 0
 0.463077 0.371075 0.160297 0.00555027 0
 0.529543 0.364841 0.0842815 0.0213345 0
 0.631943 0.363953 0.00410389 0 0
 0.735681 0.248677 0.0153453 0.000297389 0
 0.695825 0.281241 0.0229344 0 0
 0.275771 0.60734 0.115278 0.00161068 0
 0 0 0 0 0
 0.896147 0.0623911 0.0374545 0.00400742 0
 0.803859 0.145111 0.0509908 3.86294e-05 0
 0.739449 0.233085 0.0266225 0.000797448 4.60066e-05
 0.878498 0.100942 0.0204185 0.000141795 0
 0.694673 0.275183 0.0284847 0.00165964 0
 0.469039 0.446079 0.0841089 0.000773354 0
ppred_PELACES
 0.569525 0.294031 0.120954 0.015487 3.21658e-06
 0.737583 0.166523 0.0654992 0.026944 0.00345064
 0.442254 0.440848 0.0741803 0.0291776 0.0135397
 0.702988 0.160302 0.108057 0.0181825 0.0104705
 0.800881 0.150746 0.0261077 0.0175988 0.00466661
 0.588771 0.342616 0.0519437 0.00899616 0.00767219
 0.844269 0.103626 0.0434116 0.00658159 0.00211198
 0.760519 0.210695 0.0191549 0.00802451 0.00160698
 0.814127 0.15205 0.0297573 0.00270532 0.00136029
 0.803047 0.169982 0.0220633 0.00431794 0.000589942
 0.611417 0.329045 0.0513843 0.00666956 0.00148362
 0.694406 0.211661 0.0795406 0.0124212 0.00197088
 0.860329 0.106921 0.0226833 0.0085242 0.00154237
 0.898342 0.0922796 0.00717903 0.00152303 0.000675901
 0.920065 0.0754916 0.00403325 0.000313773 9.61083e-05
 0.849752 0.143919 0.00597786 0.000319376 3.24568e-05
 0.728782 0.24276 0.0272592 0.00113225 6.66397e-05
 0.758835 0.191619 0.0443474 0.00497971 0.000219013
 0.734799 0.21599 0.0391003 0.00904917 0.00106081
 0.793303 0.163514 0.0351702 0.00636679 0.00164623
 0.735458 0.22267 0.0331243 0.0071247 0.00162326
 0.704051 0.231543 0.0542113 0.00806446 0.00212978
 0.757767 0.183344 0.0460734 0.0107872 0.00202849
 0.686783 0.252432 0.0460072 0.0115614 0.00321589
 0.308143 0.514917 0.142602 0.02599 0.00834786
pobs_pel_tallas
 0 0 0 0 0 0 0 0 0 0 0 0 0 0 0 0 0 0 0 0 0 0 0 0 0 0 0 0 0 0 0 0 0 0 0 0
 0 0 0 0 0 0 0 0 0 0 0 0 0 0 0 0 0 0 0 0 0 0 0 0 0 0 0 0 0 0 0 0 0 0 0 0
 0 0 0 0 0 0 0 0 0 0 0 0 0 0 0 0 0 0 0 0 0 0 0 0 0 0 0 0 0 0 0 0 0 0 0 0
 0 0 0 0 0 0 0 0 0 0 0 0 0 0 0 0 0 0 0 0 0 0 0 0 0 0 0 0 0 0 0 0 0 0 0 0
 0 0 0 0 0 0 0 0 0 0 0 0 0 0 0 0 0 0 0 0 0 0 0 0 0 0 0 0 0 0 0 0 0 0 0 0
 0 0 0 0 0 0 0 0 0 0 0 0 0 0 0 0 0 0 0 0 0 0 0 0 0 0 0 0 0 0 0 0 0 0 0 0
 0 0 0 0 0 0 0 0 0 0 0 0 0 0 0 0 0 0 0 0 0 0 0 0 0 0 0 0 0 0 0 0 0 0 0 0
 0 0 0 0 0 0 0 0 0 0 0 0 0 0 0 0 0 0 0 0 0 0 0 0 0 0 0 0 0 0 0 0 0 0 0 0
 0 0 0 0 0 0 0 0 0 0 0 0 0 0 0 0 0 0 0 0 0 0 0 0 0 0 0 0 0 0 0 0 0 0 0 0
 0 0 0 0 0 0 0 0 0 0 0 0 0 0 0 0 0 0 0 0 0 0 0 0 0 0 0 0 0 0 0 0 0 0 0 0
 0 0 0 0 0 0 0 0 1.78061e-05 0.00172719 0.00360574 0.0105946 0.0120993 0.0124554 0.0147524 0.0171206 0.0266825 0.0428682 0.0675386 0.121331 0.153587 0.119568 0.100827 0.0573624 0.0630603 0.0341343 0.0324427 0.0444173 0.0211091 0.0280891 0.0125444 0.00206551 0 0 0 0
 0 0 0 0 0 0 0 0 0 0 0 0 0 0 0 0 0 0 0 0 0 0 0 0 0 0 0 0 0 0 0 0 0 0 0 0
 0 0 0 0 0 0 0.0133647 0.0140871 0.0187388 0.0205184 0.03894 0.0496705 0.03968 0.0493445 0.0407372 0.0367815 0.0215668 0.0243155 0.0234873 0.0199281 0.019796 0.0243948 0.0301388 0.0376714 0.0412746 0.0863199 0.0771752 0.113111 0.0741005 0.0525337 0.0229764 0.00759418 0.00175318 0 0 0
 0 0 0 0 0 0 0 0 0 0 0.00219441 0.00772107 0.0458388 0.0604681 0.0671733 0.0775358 0.0609151 0.0617685 0.073594 0.0568108 0.0755445 0.0548602 0.0670107 0.0636378 0.0643287 0.046367 0.0373049 0.0286899 0.0247887 0.0153202 0.00654259 0.00121912 0.000365735 0 0 0
 0 0 0 0 0 0 0 0 0 0 0 0 0.000112435 0.00938835 0.0111873 0.0202946 0.0414886 0.0713402 0.111592 0.104902 0.108894 0.110636 0.117776 0.105296 0.107544 0.0401394 0.0192827 0.0124803 0.00416011 0.0028671 0.000618394 0 0 0 0 0
 0 0 0 0 0 0 0 0 0 0 0.00291406 0.0102884 0.027416 0.0768956 0.0749926 0.110853 0.0956884 0.0897413 0.0766577 0.0534642 0.0500743 0.0551293 0.0594112 0.0620874 0.0668451 0.0424026 0.0208742 0.0120726 0.0048766 0.00582813 0.00118941 0.000297354 0 0 0 0
 0 0.00264628 0.0354308 0.0461629 0.0458689 0.0383711 0.0214643 0.0164657 0.0346957 0.0420465 0.0363128 0.0245516 0.0311673 0.0291091 0.0169068 0.0133784 0.00837989 0.0085269 0.0148486 0.0160247 0.0276389 0.0546898 0.0760071 0.122758 0.109233 0.0665981 0.0333725 0.0166128 0.00676272 0.00308733 0.000882094 0 0 0 0 0
 0 0 0 0 0 0 0 0.000805153 0.000690131 0.00759144 0.0133425 0.0154129 0.00931677 0.000345066 0.00356568 0.00563607 0.00851162 0.0253048 0.0502646 0.0516448 0.0657925 0.0565908 0.0611916 0.0827007 0.0866115 0.110766 0.145733 0.0935128 0.0569358 0.0249597 0.0138026 0.00621118 0.00161031 0.00115022 0 0
 0 0 0 0 0 0 0 0 0 0 0 0 0 0 0 0 0 0 0 0 0 0 0 0 0 0 0 0 0 0 0 0 0 0 0 0
 0.00147267 0.00158595 0.00478618 0.00569244 0.00954404 0.0108468 0.00647125 0.017049 0.0510054 0.094081 0.124002 0.0959785 0.0687766 0.0820023 0.061753 0.0591476 0.0492212 0.0479892 0.0443925 0.0268479 0.0217502 0.0140895 0.0121071 0.0120363 0.00920419 0.00665534 0.0049561 0.00860946 0.00930331 0.0156896 0.0114698 0.00855282 0.00243557 0.00046729 0 2.83206e-05
 0 0 0 0 0.000772559 0.00158375 0.000888443 0.00281984 0.00712685 0.0440552 0.0773331 0.111326 0.0921469 0.0852325 0.0710754 0.0886704 0.0786465 0.0553345 0.0373146 0.0185414 0.00753245 0.00457741 0.012979 0.0271748 0.0457355 0.0583668 0.034881 0.0177882 0.00938659 0.00492506 0.0015258 0.00185414 0.000309023 5.79419e-05 3.86279e-05 0
 0 0.00173294 0.00326652 0 0.00397197 0.00683976 0.00946217 0.0152591 0.00757587 0.0136028 0.0228656 0.0392903 0.0559909 0.0764795 0.0681675 0.0726916 0.0566044 0.0477403 0.0527397 0.0444891 0.0609904 0.0582453 0.0661739 0.0445044 0.0529084 0.0360697 0.0280645 0.0235558 0.0158879 0.00826598 0.00280645 0.00217768 0.000904811 0.00058276 9.20147e-05 0
 0 0 0 0 0 0 0 0 0 0 0 0 0 0 0 0 0 0 0 0 0 0 0 0 0 0 0 0 0 0 0 0 0 0 0 0
 0 0 0 0 0 0 0 0 0 0 0 0 0 0 0 0 0 0 0 0 0 0 0 0 0 0 0 0 0 0 0 0 0 0 0 0
 0 0 0 0 0 0 0 0 0 0 0 0 0 0 0 0 0 0 0 0 0 0 0 0 0 0 0 0 0 0 0 0 0 0 0 0
ppred_pel_tallas
 1.02346e-16 2.48588e-05 0.000145877 0.000693381 0.00266947 0.00832441 0.021027 0.0430253 0.0713244 0.0958023 0.104293 0.0920913 0.0661348 0.0390267 0.0197457 0.0100741 0.00738048 0.00853246 0.0115869 0.0156246 0.0201445 0.0247026 0.0288214 0.0320397 0.0340029 0.0345377 0.0336831 0.0316636 0.0288206 0.0255252 0.022103 0.0187902 0.015726 0.0129703 0.0105344 0.00840782
 1.02072e-16 3.21816e-05 0.00018888 0.00089785 0.00345677 0.0107796 0.0272285 0.0557131 0.0923506 0.124024 0.134963 0.119047 0.0852168 0.0497321 0.0241346 0.0106313 0.00571236 0.00524539 0.00669837 0.00895664 0.0115564 0.014207 0.016634 0.018578 0.0198393 0.020318 0.0200309 0.0190961 0.0176942 0.0160204 0.014243 0.0124815 0.0108035 0.00923731 0.00778989 0.0064619
 1.02832e-16 1.9315e-05 0.000113316 0.000538557 0.00207331 0.00646527 0.0163311 0.0334184 0.055405 0.0744384 0.0810857 0.0717183 0.0517636 0.0310676 0.0166813 0.0100806 0.00931031 0.0119969 0.0166283 0.0223959 0.0287111 0.0349384 0.0403708 0.0443374 0.046348 0.0462063 0.0440505 0.0403037 0.0355574 0.0304271 0.0254283 0.020905 0.0170189 0.0137853 0.0111309 0.00894963
 1.02701e-16 3.0673e-05 0.000180023 0.000855745 0.00329466 0.0102741 0.0259515 0.0531003 0.0880198 0.118209 0.128636 0.11347 0.0812339 0.0474261 0.0230513 0.0102182 0.00558856 0.00523284 0.00674777 0.00908114 0.0117995 0.0146308 0.0173123 0.0195878 0.0212484 0.0221718 0.0223395 0.0218266 0.0207697 0.0193263 0.0176412 0.0158271 0.0139631 0.0121033 0.0102898 0.00856142
 1.01243e-16 3.49409e-05 0.000205081 0.000974878 0.00375335 0.0117045 0.0295646 0.0604928 0.100273 0.13466 0.146528 0.129227 0.0924597 0.0538681 0.0259706 0.0111452 0.00556089 0.00471248 0.00583928 0.0077315 0.00990153 0.0120659 0.0139717 0.0153885 0.0161481 0.0161815 0.0155326 0.0143408 0.0128024 0.0111211 0.00946681 0.00795212 0.00662928 0.00550293 0.00455008 0.00373872
 1.01517e-16 2.56998e-05 0.00015081 0.000716826 0.00275972 0.00860586 0.0217379 0.0444804 0.0737374 0.099046 0.107831 0.0952321 0.0684262 0.0404503 0.0205954 0.0107136 0.00808996 0.00948307 0.0128671 0.0172564 0.0220802 0.0268143 0.0309012 0.0338176 0.0351849 0.0348565 0.0329502 0.0298088 0.0259086 0.021745 0.017734 0.0141543 0.0111375 0.0086947 0.00676192 0.00524449
 1.00975e-16 3.6831e-05 0.000216182 0.00102766 0.0039566 0.0123383 0.0311655 0.0637681 0.1057 0.141944 0.154441 0.136176 0.0973644 0.0565915 0.027033 0.0111725 0.00494941 0.00360046 0.00421754 0.00555121 0.00714036 0.00876192 0.010236 0.0113985 0.0121241 0.0123509 0.0120912 0.0114218 0.0104603 0.00933456 0.00815632 0.00700649 0.00593253 0.00495514 0.0040789 0.00330176
 1.00692e-16 3.31834e-05 0.000194758 0.000925785 0.00356431 0.011115 0.0280756 0.0574466 0.0952251 0.127887 0.139174 0.122779 0.0879272 0.0513909 0.0250817 0.0112858 0.00639159 0.00613747 0.00789777 0.0104898 0.0133827 0.0162104 0.0186217 0.0202957 0.0210037 0.0206633 0.0193567 0.0173061 0.0148154 0.0121984 0.00971647 0.00754237 0.00575354 0.00434956 0.00328121 0.00247937
 1.00629e-16 3.55186e-05 0.000208473 0.000991 0.00381543 0.0118981 0.0300536 0.0614933 0.101931 0.136887 0.148951 0.131363 0.0939851 0.0547518 0.0263872 0.0113071 0.00561574 0.0047315 0.00584592 0.00772701 0.00987701 0.0120058 0.0138549 0.015189 0.0158372 0.0157307 0.0149174 0.0135452 0.0118216 0.00996453 0.00815857 0.0065296 0.00514002 0.00400006 0.00308695 0.00236365
 1.00545e-16 3.50362e-05 0.000205639 0.000977523 0.00376353 0.0117362 0.0296448 0.0606571 0.100545 0.135028 0.146932 0.129594 0.0927429 0.0540755 0.0261495 0.0113561 0.00585964 0.00514532 0.00644108 0.00852111 0.010874 0.013185 0.0151669 0.0165586 0.0171732 0.0169406 0.0159229 0.014295 0.0122982 0.0101835 0.00816144 0.00637301 0.00488431 0.00369978 0.00278493 0.00208875
 1.01136e-16 2.66868e-05 0.000156606 0.000744381 0.00286582 0.00893672 0.0225737 0.0461902 0.076571 0.10285 0.111966 0.0988681 0.071005 0.0419067 0.0212116 0.0108302 0.0079312 0.00913956 0.0123501 0.0165489 0.0211663 0.0256925 0.0295897 0.0323538 0.03362 0.0332476 0.0313504 0.0282601 0.0244375 0.0203636 0.0164433 0.0129503 0.0100158 0.00765413 0.00580536 0.00437782
 1.01718e-16 3.03008e-05 0.000177833 0.000845325 0.00325452 0.0101489 0.0256354 0.0524538 0.0869496 0.116776 0.127089 0.112133 0.0803365 0.0470231 0.0230801 0.0106099 0.00633241 0.00637423 0.00835244 0.0111947 0.0144131 0.0176579 0.0205803 0.022849 0.0242118 0.024548 0.0238909 0.0224071 0.0203469 0.01798 0.0155413 0.0131988 0.0110483 0.00912726 0.00743747 0.00596566
 1.00722e-16 3.75314e-05 0.000220294 0.00104721 0.00403185 0.012573 0.0317583 0.064981 0.10771 0.144643 0.157378 0.138765 0.099214 0.057663 0.0275377 0.0113672 0.00501127 0.00361253 0.00420286 0.00550347 0.00703861 0.00857601 0.00992975 0.0109341 0.0114682 0.0114812 0.0110028 0.0101313 0.00900621 0.00777366 0.00655704 0.00544 0.00446379 0.00363562 0.0029421 0.00236205
 1.00217e-16 3.91883e-05 0.000230023 0.00109346 0.00420996 0.0131284 0.0331612 0.0678514 0.112468 0.15103 0.164322 0.144874 0.103555 0.0601315 0.0286132 0.011631 0.00485059 0.00319032 0.00354629 0.00458633 0.00582652 0.00704672 0.00808188 0.00878975 0.00907056 0.00888923 0.00828354 0.00735299 0.0062332 0.00506406 0.00396215 0.00300448 0.00222546 0.00162439 0.00117834 0.000855007
 1.00098e-16 4.01349e-05 0.000235581 0.00111989 0.00431173 0.0134458 0.0339628 0.0694913 0.115185 0.154678 0.168286 0.148359 0.106022 0.0615151 0.0291804 0.0117031 0.00463535 0.00276667 0.00291734 0.00373036 0.00472701 0.00570724 0.00653213 0.00708491 0.00728457 0.00710373 0.00657522 0.00578278 0.00483991 0.00386339 0.00295044 0.00216509 0.00153556 0.00106042 0.000719234 0.000483399
 1.00145e-16 3.70716e-05 0.000217591 0.00103435 0.00398235 0.0124186 0.0313684 0.0641834 0.106389 0.142873 0.15546 0.137093 0.0980627 0.0570819 0.0274245 0.0116029 0.00554069 0.00444656 0.00538312 0.0070643 0.0089781 0.0108374 0.0123946 0.0134298 0.0137896 0.0134228 0.0123935 0.0108632 0.00904998 0.00717796 0.00543354 0.00393913 0.0027482 0.00185701 0.00122513 0.000796344
 1.00509e-16 3.18008e-05 0.000186638 0.000887176 0.00341565 0.0106514 0.0269046 0.0550509 0.0912551 0.122559 0.133386 0.117696 0.0843378 0.0493955 0.0242992 0.0112575 0.00682759 0.00693754 0.00907145 0.0120783 0.0154109 0.0186615 0.0214268 0.0233352 0.0241214 0.0236888 0.0221317 0.0197065 0.0167661 0.0136761 0.0107438 0.00817435 0.00606354 0.00441597 0.00317791 0.0022702
 1.00874e-16 3.31092e-05 0.000194324 0.000923726 0.00355639 0.0110903 0.0280132 0.0573188 0.0950128 0.127601 0.138859 0.122492 0.0877023 0.0512209 0.0249276 0.0110978 0.00612332 0.00575115 0.00736672 0.00980361 0.0125546 0.0152832 0.0176689 0.0194148 0.0203029 0.0202421 0.0192871 0.0176177 0.0154897 0.0131727 0.0108964 0.00881937 0.00702281 0.00552438 0.00430156 0.00331425
 1.00986e-16 3.20622e-05 0.000188174 0.000894486 0.0034438 0.0107392 0.0271263 0.0555045 0.0920061 0.123566 0.134475 0.118642 0.0849827 0.0497075 0.0243307 0.0110688 0.00644063 0.00633605 0.0082228 0.0109577 0.0140211 0.0170454 0.019672 0.0215691 0.0224949 0.0223528 0.0212115 0.0192813 0.0168567 0.0142457 0.0117084 0.00942087 0.00746915 0.00586534 0.0045755 0.00354649
 1.00849e-16 3.46111e-05 0.000203143 0.000965662 0.00371787 0.0115938 0.0292851 0.059921 0.0993251 0.133389 0.145148 0.128019 0.0916127 0.0534105 0.0258171 0.0111943 0.00575339 0.00503602 0.00630728 0.00836207 0.0107031 0.0130282 0.0150618 0.016551 0.0173108 0.0172647 0.0164603 0.0150516 0.0132568 0.0113048 0.00939019 0.00764564 0.00613778 0.00487909 0.00384837 0.00301029
 1.00864e-16 3.20911e-05 0.000188344 0.000895291 0.0034469 0.0107488 0.0271507 0.0555544 0.0920891 0.123678 0.134598 0.118753 0.0850697 0.0497722 0.0243879 0.0111374 0.00653811 0.00647671 0.00841698 0.0112101 0.014328 0.0173927 0.0200344 0.021912 0.022779 0.0225405 0.0212741 0.0192036 0.0166402 0.0139078 0.0112788 0.00893601 0.00696626 0.00537758 0.00412846 0.00315677
 1.01222e-16 3.07221e-05 0.000180305 0.000857072 0.00329975 0.0102899 0.0259916 0.0531828 0.0881585 0.118401 0.12886 0.113703 0.081478 0.0477238 0.0234837 0.0108936 0.00663099 0.00676763 0.00888068 0.0118679 0.0152119 0.0185292 0.0214374 0.0235789 0.0246899 0.0246598 0.0235529 0.0215841 0.019059 0.0163001 0.0135817 0.0110924 0.00892868 0.00711114 0.00561329 0.00438859
 1.0118e-16 3.30624e-05 0.000194049 0.000922423 0.00355138 0.0110746 0.0279737 0.0572379 0.0948785 0.12742 0.13866 0.122312 0.0875649 0.0511227 0.0248465 0.0110055 0.00599446 0.00556509 0.00710824 0.0094646 0.0121373 0.0148033 0.017157 0.0189146 0.0198661 0.019921 0.019126 0.0176459 0.0157166 0.0135874 0.0114705 0.0095121 0.00778734 0.00631395 0.00507433 0.00403661
 1.01283e-16 2.99699e-05 0.000175888 0.000836066 0.00321886 0.0100377 0.0253545 0.0518794 0.0859987 0.115502 0.125712 0.11094 0.0795297 0.0466468 0.0230729 0.0109028 0.0069058 0.00725669 0.00959084 0.0128204 0.0164148 0.0199632 0.0230507 0.02529 0.0263986 0.0262634 0.0249635 0.0227428 0.0199436 0.0169232 0.0139832 0.0113273 0.00905438 0.00717783 0.00565825 0.00443466
 1.03476e-16 1.34703e-05 7.89959e-05 0.000375377 0.001445 0.00450588 0.011382 0.0232927 0.0386239 0.0519121 0.0565996 0.0501842 0.0364892 0.0224374 0.0130255 0.00938117 0.0102428 0.0140319 0.0197129 0.026652 0.0342638 0.0418331 0.0485367 0.0535807 0.0563711 0.0566465 0.0545285 0.0504692 0.0451218 0.0391785 0.0332315 0.0276915 0.0227743 0.0185375 0.0149416 0.0119076
pSPR Fmed_Fpbrs
0.405361   0.355924 0.355924
Fs Fmed_Fpbrs
0.806462   1.005 1.005
SSBpbr Bo_Bmed_Bpbrs
764517  271680  233884 233884
Ro
25848.3
SPR SPRFo_SPRFmed_SPRFpbrs
530867 215193 188948
log_Ro
9.98
likeval ReclasPelacesDesembMPH_pf_preclas_ppelaces_ptallas_desvR_qrecl_qpela
 69.0671 14.9135 0.0844345 0.000171438 324.059 187.459 82.9486 0 21.561 1.05825e-05 0.00011737 0 0 0 0
q_reclas_q_pelaces
1.58562 4.67072
M
0.7
N
 26104.3 15530.5 6388.66 818.008 0.169897
 42118.4 12199.1 4798.31 1973.85 252.785
 9393.21 19312.8 3249.72 1278.22 593.154
 14844.4 3960.22 2669.53 449.194 258.672
 41854.1 6918.57 1198.23 807.71 214.177
 23208.4 20522 3111.32 538.851 459.548
 63631.7 10328 4326.7 655.967 210.495
 62857.2 29021.5 2638.43 1105.31 221.348
 81639.9 27519.1 5385.69 489.629 246.196
 123484 35242 4574.32 895.228 122.311
 59136.6 56126.2 8764.78 1137.65 253.065
 46930.7 25632.5 9632.5 1504.23 238.677
 54276.7 20284.7 4303.39 1617.18 292.613
 28046.1 21407.3 1665.41 353.317 156.798
 13548.8 9426.36 503.617 39.1797 12.0007
 11563 4448.68 184.782 9.87228 1.00328
 7960.56 4792.5 538.143 22.3526 1.31558
 8771.72 3435.55 795.105 89.2813 3.92669
 9428.82 3889.4 704.09 162.951 19.1023
 13754.5 4255.4 915.295 165.694 42.8427
 18909.2 6134.25 912.53 196.276 44.7187
 23960 8951.13 2095.73 311.761 82.3345
 38089.9 11225.5 2820.91 660.46 124.197
 39421.6 17626.6 3212.54 807.296 224.556
 8354.23 18247 5053.35 921.001 295.821
pred_Ctot
 1110.21 4336.01 1783.68 228.383 0.0474343
 2331.52 4213.52 1657.32 681.76 87.311
 1029.67 10755.9 1809.87 711.884 330.347
 658.384 1144.7 771.627 129.84 74.7692
 379.896 472.41 81.8169 55.1516 14.6243
 1744.4 8912.75 1351.25 234.024 199.583
 3750.55 3745.29 1569.01 237.875 76.3324
 5389.96 13812.6 1255.75 526.067 105.35
 7736.66 13994.1 2738.75 248.987 125.196
 7560.7 13157.7 1707.84 334.236 45.6653
 5450.06 28027.7 4376.86 568.106 126.373
 4409.35 12962.2 4871.11 760.682 120.698
 8138.65 13405.5 2843.96 1068.74 193.378
 6665.85 17001.3 1322.64 280.598 124.526
 3380.3 7596.37 405.847 31.5735 9.67093
 1389.51 2614.58 108.6 5.80213 0.589645
 755.625 2439.68 273.948 11.3788 0.669712
 680.038 1525.15 352.974 39.6349 1.74319
 621.537 1535.12 277.899 64.3156 7.53954
 1014.3 1823.11 392.133 70.9871 18.3548
 637.374 1406.3 209.201 44.997 10.2519
 977.542 2414.04 565.201 84.0791 22.2049
 1873.35 3529.72 887.002 207.674 39.0524
 1932.82 5528.59 1007.62 253.209 70.432
 480.921 6497.43 1799.41 327.953 105.337
F
 0.0607382 0.474538 0.474538 0.474538 0.474538
 0.079714 0.622793 0.622793 0.622793 0.622793
 0.163688 1.27887 1.27887 1.27887 1.27887
 0.0634152 0.495454 0.495454 0.495454 0.495454
 0.0126921 0.0991614 0.0991614 0.0991614 0.0991614
 0.109652 0.856694 0.856694 0.856694 0.856694
 0.0850751 0.664679 0.664679 0.664679 0.664679
 0.125984 0.984291 0.984291 0.984291 0.984291
 0.14008 1.09442 1.09442 1.09442 1.09442
 0.0885076 0.691496 0.691496 0.691496 0.691496
 0.135989 1.06246 1.06246 1.06246 1.06246
 0.138805 1.08446 1.08446 1.08446 1.08446
 0.230363 1.79979 1.79979 1.79979 1.79979
 0.39034 3.04967 3.04967 3.04967 3.04967
 0.413689 3.23209 3.23209 3.23209 3.23209
 0.180758 1.41224 1.41224 1.41224 1.41224
 0.140324 1.09633 1.09633 1.09633 1.09633
 0.113278 0.885025 0.885025 0.885025 0.885025
 0.0955815 0.746764 0.746764 0.746764 0.746764
 0.10748 0.839724 0.839724 0.839724 0.839724
 0.0478679 0.373985 0.373985 0.373985 0.373985
 0.0582018 0.454722 0.454722 0.454722 0.454722
 0.0705407 0.551124 0.551124 0.551124 0.551124
 0.0703144 0.549356 0.549356 0.549356 0.549356
 0.0830154 0.648586 0.648586 0.648586 0.648586
nmprior
 10.6 11 7 0
nm_flota  nm_reclas  nm_pelaces    nm_pelaL
inf 31.4612 12.805 27.5167
cv_recla  cv_pelaces  cv_mph
0.751728 0.437888 0.424807
 ------------------------------------------------
Talla a la edad & desviación 
 7.2 14.2025 17.0495 18.207 18.6776
 1.08 2.13037 2.55742 2.73105 2.80164
