years
 1997 1998 1999 2000 2001 2002 2003 2004 2005 2006 2007 2008 2009 2010 2011 2012 2013 2014 2015 2016 2017 2018 2019 2020 2021
reclasobs
 0 0 0 370054 412103 1.49427e+06 250295 1.28982e+06 931140 785840 897777 1.04006e+06 184774 17550 25797 100020 73551 82996 120727 218422 84188 347160 605670 569463 516374
reclaspred
 1.00645e+06 152151 197274 109745 253106 259587 574273 458856 636808 982452 829880 539280 346524 150777 92956.3 87872.7 100092 120527 107236 178398 289870 255821 439884 513441 401542
pelacesobs
 0 0 0 0 0 0 0 0 0 2.06254e+06 1.5e+06 0 1.87456e+06 323000 250000 174000 83755 137374 0 501740 490994 745055 786931 1.00524e+06 1.33801e+06
pelacespred
 868103 268939 99932.1 115978 241964 190579 572313 463762 641593 986527 752939 507521 332925 115874 70650.6 72058.2 85837.8 105812 95286.3 155264 285866 245786 333006 458184 360594
mphobs
 0 0 0 0 0 112323 0 153150 637223 0 255016 313432 73983 77613 109348 50772 0 0 0 0 0 0 0 0 0
mphpred
 1.2061e+06 506097 269521 127226 166023 377587 449357 561383 584137 819890 1.27196e+06 910446 525576 291786 124977 96781.3 110544 136031 147965 147621 278897 355431 420360 598518 677525
desembarqueobs
 350755 77701 442110 56441 14545 235359 269955 359681 431902 328805 639364 411747 362871 311530 167758 66681 60226 58785 57116 73181 50977 67692 138656 160484 209506
desembarquepred
 350738 77672.9 441549 56421.2 14544.3 235284 269902 359287 431575 328609 638806 411486 362457 311198 167478 66643.8 60215.1 58754.5 57081.4 73130.3 50967.1 67660.9 138601 160427 209433
Reclutas
 14151.2 26540.8 3901.62 22394.9 55836.7 23009.8 57396.6 73819.6 108034 200569 59671.8 29364.7 50724.7 22186.5 14692.4 15892.6 10948.5 10909.9 9591.01 28967 32633 35896.6 66707.2 58719 3377.76
log_desv_Rt
 -0.662443 -0.0335605 -1.95085 -0.203413 0.710186 -0.176325 0.73774 0.989379 1.3702 1.98891 0.776615 0.0675487 0.614168 -0.212761 -0.624911 -0.546394 -0.919043 -0.922575 -1.05142 0.053911 0.173078 0.268398 0.888069 0.760519 -2.09503
SSB
 1.2061e+06 506097 269521 127226 166023 377587 449357 561383 584137 819890 1.27196e+06 910446 525576 291786 124977 96781.3 110544 136031 147965 147621 278897 355431 420360 598518 677525
BT
 1.78095e+06 642441 416043 269975 445158 524238 1.21641e+06 1.22168e+06 1.54036e+06 2.07232e+06 1.90308e+06 1.27867e+06 953856 504967 266218 183837 202440 236828 220196 337927 552204 504117 692352 950853 819090
Ftot
 0.214237 0.376317 1.23266 0.593425 0.0811665 0.600839 0.500203 0.891427 0.834347 0.434524 0.531192 0.491746 0.880827 1.47994 1.62542 0.706211 0.532178 0.410974 0.396524 0.47922 0.162864 0.20525 0.262426 0.249849 0.298184
BD_Bspro_t
 0.967496 0.780666 0.559687 0.241356 0.433015 0.683963 0.559556 0.569345 0.539541 0.573955 0.644446 0.487558 0.360178 0.270438 0.15561 0.152083 0.225027 0.338407 0.41369 0.47227 0.6504 0.753313 0.751396 0.757541 0.729579
BD_Bspro
 2.13964 0.897823 0.478134 0.2257 0.294526 0.669844 0.797164 0.995901 1.03627 1.4545 2.25647 1.61514 0.932379 0.517631 0.221711 0.171691 0.196106 0.24132 0.262491 0.261882 0.494766 0.630539 0.745724 1.06178 1.20194
BD_Bo
 1.31242 0.550709 0.293279 0.138441 0.180657 0.410871 0.488967 0.610868 0.635628 0.892163 1.38408 0.990701 0.571905 0.317506 0.135993 0.105312 0.120288 0.148022 0.161008 0.160634 0.303481 0.386762 0.457414 0.651277 0.737248
BD_Brms
 4.36047 1.82971 0.974411 0.459965 0.600228 1.36511 1.62458 2.02959 2.11185 2.96418 4.59857 3.29157 1.90014 1.0549 0.451834 0.349897 0.399653 0.491797 0.534943 0.533701 1.00831 1.285 1.51975 2.16385 2.44948
S_f
 0.143457 1 1 1 1
 0.143457 1 1 1 1
 0.143457 1 1 1 1
 0.143457 1 1 1 1
 0.143457 1 1 1 1
 0.143457 1 1 1 1
 0.143457 1 1 1 1
 0.143457 1 1 1 1
 0.143457 1 1 1 1
 0.143457 1 1 1 1
 0.143457 1 1 1 1
 0.143457 1 1 1 1
 0.143457 1 1 1 1
 0.143457 1 1 1 1
 0.143457 1 1 1 1
 0.143457 1 1 1 1
 0.143457 1 1 1 1
 0.143457 1 1 1 1
 0.143457 1 1 1 1
 0.143457 1 1 1 1
 0.143457 1 1 1 1
 0.143457 1 1 1 1
 0.143457 1 1 1 1
 0.143457 1 1 1 1
 0.143457 1 1 1 1
Scru_reclas
 0.976038 1 1 1 1
 0.976038 1 1 1 1
 0.976038 1 1 1 1
 0.976038 1 1 1 1
 0.976038 1 1 1 1
 0.976038 1 1 1 1
 0.976038 1 1 1 1
 0.976038 1 1 1 1
 0.976038 1 1 1 1
 0.976038 1 1 1 1
 0.976038 1 1 1 1
 0.976038 1 1 1 1
 0.976038 1 1 1 1
 0.976038 1 1 1 1
 0.976038 1 1 1 1
 0.976038 1 1 1 1
 0.976038 1 1 1 1
 0.976038 1 1 1 1
 0.976038 1 1 1 1
 0.976038 1 1 1 1
 0.976038 1 1 1 1
 0.976038 1 1 1 1
 0.976038 1 1 1 1
 0.976038 1 1 1 1
 0.976038 1 1 1 1
Scru_pelaces
 1 1 1 1 1
 1 1 1 1 1
 1 1 1 1 1
 1 1 1 1 1
 1 1 1 1 1
 1 1 1 1 1
 1 1 1 1 1
 1 1 1 1 1
 1 1 1 1 1
 1 1 1 1 1
 1 1 1 1 1
 1 1 1 1 1
 1 1 1 1 1
 1 1 1 1 1
 1 1 1 1 1
 1 1 1 1 1
 1 1 1 1 1
 1 1 1 1 1
 1 1 1 1 1
 1 1 1 1 1
 1 1 1 1 1
 1 1 1 1 1
 1 1 1 1 1
 1 1 1 1 1
 1 1 1 1 1
pf_obs 
 0.256992 0.487395 0.22802 0.0275931 0
 0.321318 0.546541 0.124235 0.00734118 0.000564706
 0.182869 0.594174 0.210203 0.0122559 0.00049798
 0.330522 0.361315 0.267642 0.0388342 0.00168674
 0.649043 0.306663 0.0425973 0.00169635 0
 0.582887 0.30429 0.105238 0.00758474 0
 0.465427 0.430635 0.0974691 0.00646863 0
 0.296916 0.608066 0.0921331 0.00288517 0
 0.311714 0.524322 0.152257 0.0117073 0
 0.15457 0.633149 0.183074 0.0267441 0.00246327
 0.131901 0.49318 0.331252 0.0422183 0.00144891
 0.196976 0.569456 0.194076 0.0375587 0.00193317
 0.518974 0.381816 0.0799577 0.0180837 0.00116848
 0.0928022 0.601141 0.25162 0.0475244 0.00691264
 0.122501 0.610282 0.24278 0.0234846 0.000952079
 0.383417 0.481906 0.127806 0.00687128 0
 0.0376549 0.599619 0.316969 0.0457579 0
 0.0361596 0.667082 0.258105 0.0386534 0
 0.158088 0.579412 0.248529 0.0139706 0
 0.0477256 0.309471 0.559284 0.082774 0.000745712
 0.0406174 0.521527 0.379366 0.0568643 0.0016247
 0.151134 0.462217 0.34131 0.0453401 0
 0.294876 0.26143 0.354403 0.0886775 0.000613685
 0.281977 0.475581 0.204845 0.0348837 0.00271318
 0.0354234 0.537034 0.353287 0.0723622 0.0018943
pf_pred 
 0.044848 0.624801 0.291118 0.0392288 3.68441e-06
 0.145825 0.227599 0.409866 0.190972 0.0257363
 0.0382045 0.566397 0.105356 0.189728 0.100315
 0.458091 0.187462 0.208732 0.0388266 0.106889
 0.41794 0.516903 0.0225399 0.0250974 0.0175204
 0.111161 0.745583 0.12722 0.00554749 0.010489
 0.337075 0.358586 0.255288 0.04356 0.00549091
 0.30781 0.567377 0.067513 0.0480644 0.00923508
 0.347511 0.541794 0.0907349 0.0107967 0.00916333
 0.375595 0.530971 0.077583 0.0129929 0.0028582
 0.0849039 0.76748 0.125527 0.0183415 0.00374738
 0.0772652 0.422042 0.419925 0.0686819 0.0120859
 0.236507 0.32605 0.200079 0.199075 0.0382898
 0.151453 0.655248 0.0825483 0.0506553 0.0600955
 0.225073 0.567818 0.159929 0.0201479 0.0270314
 0.295445 0.584364 0.088069 0.0248052 0.00731756
 0.176931 0.664078 0.131868 0.0198738 0.00724886
 0.192598 0.534072 0.220531 0.0437916 0.00900703
 0.172643 0.554942 0.180194 0.0744063 0.0178141
 0.412137 0.375557 0.142402 0.0462392 0.0236644
 0.241824 0.652879 0.0672694 0.025507 0.0125211
 0.198679 0.566041 0.202604 0.0208753 0.011801
 0.285555 0.468898 0.173451 0.0620835 0.0100129
 0.180363 0.622938 0.129096 0.0477541 0.0198494
 0.0120374 0.626431 0.27477 0.0569425 0.029819
pobs_RECLAS
 0 0 0 0 0
 0 0 0 0 0
 0 0 0 0 0
 0 0 0 0 0
 0.835266 0.146461 0.0176864 0.000547809 3.91292e-05
 0.385257 0.428462 0.181853 0.0044286 0
 0.867414 0.0963971 0.0333333 0.00285562 0
 0.441836 0.489002 0.0689373 0.000224442 0
 0.779404 0.147425 0.0564933 0.0165055 0.000172143
 0.814271 0.122319 0.05973 0.00367925 0
 0.40263 0.566651 0.0304383 0.000280538 0
 0.475488 0.404961 0.113038 0.00651328 0
 0.955842 0.0263864 0.0167828 0.000988607 0
 0.975058 0.0227948 0.00214734 0 0
 0.738997 0.206755 0.0527124 0.00153531 0
 0.850938 0.134255 0.0134407 0.00136685 0
 0.542534 0.407297 0.0501686 0 0
 0.764087 0.199537 0.0359546 0.000420521 0
 0.470689 0.182191 0.310203 0.0369168 0
 0.84361 0.089868 0.0606195 0.00523954 0.000663233
 0.607945 0.314616 0.071237 0.00620181 0
 0.523733 0.453247 0.0230204 0 0
 0.530135 0.295979 0.169645 0.0042399 0
 0.562478 0.366248 0.0663022 0.0049721 0
 0.250443 0.683176 0.0655157 0.000865301 0
ppred_RECLAS
 0.244404 0.494264 0.230296 0.0310329 2.91465e-06
 0.543386 0.121667 0.219102 0.102088 0.0137578
 0.23341 0.451441 0.0839731 0.151221 0.0799549
 0.857251 0.0493809 0.054984 0.0102276 0.0281564
 0.830689 0.150358 0.00655646 0.00730039 0.00509637
 0.470647 0.444036 0.0757664 0.00330384 0.00624681
 0.781723 0.118069 0.0840569 0.0143427 0.00180796
 0.765322 0.192362 0.0228894 0.0162956 0.00313104
 0.795087 0.170149 0.0284951 0.00339067 0.00287772
 0.808168 0.163127 0.0238353 0.00399174 0.000878107
 0.395886 0.506663 0.0828686 0.0121084 0.00247389
 0.370808 0.287781 0.286338 0.0468327 0.00824108
 0.694085 0.130641 0.080167 0.0797651 0.0153419
 0.586735 0.319123 0.0402032 0.0246705 0.0292681
 0.702882 0.21771 0.0613193 0.00772502 0.0103643
 0.750793 0.206694 0.0311507 0.00877378 0.00258828
 0.602929 0.32037 0.0636169 0.00958765 0.00349705
 0.625106 0.247982 0.102397 0.0203334 0.00418216
 0.592982 0.273004 0.0886464 0.0366041 0.00876362
 0.831334 0.107752 0.0408572 0.0132667 0.00678965
 0.686517 0.269946 0.0278138 0.0105464 0.00517708
 0.630587 0.260947 0.0934012 0.00962359 0.00544031
 0.734218 0.174436 0.0645259 0.0230958 0.00372493
 0.603108 0.301645 0.0625118 0.0231239 0.00961165
 0.0778543 0.584699 0.256465 0.053149 0.0278325
pobs_PELACES
 0 0 0 0 0
 0 0 0 0 0
 0 0 0 0 0
 0 0 0 0 0
 0 0 0 0 0
 0 0 0 0 0
 0 0 0 0 0
 0 0 0 0 0
 0 0 0 0 0
 0 0 0 0 0
 0.450072 0.473896 0.0757376 0.000293798 0
 0 0 0 0 0
 0.463077 0.371075 0.160297 0.00555027 0
 0.529543 0.364841 0.0842815 0.0213345 0
 0.631943 0.363953 0.00410389 0 0
 0.735681 0.248677 0.0153453 0.000297389 0
 0.695825 0.281241 0.0229344 0 0
 0.275771 0.60734 0.115278 0.00161068 0
 0 0 0 0 0
 0.896147 0.0623911 0.0374545 0.00400742 0
 0.803859 0.145111 0.0509908 3.86294e-05 0
 0.739449 0.233085 0.0266225 0.000797448 4.60066e-05
 0.878498 0.100942 0.0204185 0.000141795 0
 0.694673 0.275183 0.0284847 0.00165964 0
 0.469039 0.446079 0.0841089 0.000773354 0
ppred_PELACES
 0.260403 0.483799 0.22542 0.0303758 2.85293e-06
 0.575567 0.113092 0.203659 0.0948926 0.0127882
 0.306512 0.408392 0.0759655 0.1368 0.0723305
 0.879174 0.041797 0.0465396 0.00865689 0.0238322
 0.837224 0.144555 0.0063034 0.00701863 0.00489967
 0.519125 0.403371 0.0688276 0.00300127 0.00567473
 0.808668 0.103495 0.0736807 0.0125722 0.00158478
 0.811273 0.154696 0.0184075 0.0131048 0.00251796
 0.834237 0.137641 0.023051 0.00274286 0.00232792
 0.829943 0.14461 0.0211297 0.00353862 0.000778431
 0.438257 0.471127 0.0770563 0.0112591 0.00230037
 0.409628 0.270025 0.268671 0.0439432 0.00773262
 0.748855 0.107251 0.0658142 0.0654842 0.0125951
 0.688488 0.24055 0.0303045 0.0185962 0.0220618
 0.793271 0.151478 0.0426648 0.00537492 0.00721126
 0.790297 0.173929 0.0262127 0.00738297 0.00217799
 0.643907 0.287307 0.0570516 0.0085982 0.00313615
 0.657393 0.226625 0.0935785 0.0185822 0.00382198
 0.625426 0.251242 0.0815804 0.0336864 0.00806507
 0.85256 0.0941922 0.0357155 0.0115971 0.0059352
 0.701442 0.257093 0.0264896 0.0100442 0.0049306
 0.649538 0.247561 0.0886099 0.00912992 0.00516123
 0.752978 0.162123 0.0599713 0.0214656 0.00346201
 0.625582 0.284564 0.0589722 0.0218145 0.0090674
 0.0860124 0.579526 0.254196 0.0526788 0.0275863
pobs_pel_tallas
 0 0 0 0 0 0 0 0 0 0 0 0 0 0 0 0 0 0 0 0 0 0 0 0 0 0 0 0 0 0 0 0 0 0 0 0
 0 0 0 0 0 0 0 0 0 0 0 0 0 0 0 0 0 0 0 0 0 0 0 0 0 0 0 0 0 0 0 0 0 0 0 0
 0 0 0 0 0 0 0 0 0 0 0 0 0 0 0 0 0 0 0 0 0 0 0 0 0 0 0 0 0 0 0 0 0 0 0 0
 0 0 0 0 0 0 0 0 0 0 0 0 0 0 0 0 0 0 0 0 0 0 0 0 0 0 0 0 0 0 0 0 0 0 0 0
 0 0 0 0 0 0 0 0 0 0 0 0 0 0 0 0 0 0 0 0 0 0 0 0 0 0 0 0 0 0 0 0 0 0 0 0
 0 0 0 0 0 0 0 0 0 0 0 0 0 0 0 0 0 0 0 0 0 0 0 0 0 0 0 0 0 0 0 0 0 0 0 0
 0 0 0 0 0 0 0 0 0 0 0 0 0 0 0 0 0 0 0 0 0 0 0 0 0 0 0 0 0 0 0 0 0 0 0 0
 0 0 0 0 0 0 0 0 0 0 0 0 0 0 0 0 0 0 0 0 0 0 0 0 0 0 0 0 0 0 0 0 0 0 0 0
 0 0 0 0 0 0 0 0 0 0 0 0 0 0 0 0 0 0 0 0 0 0 0 0 0 0 0 0 0 0 0 0 0 0 0 0
 0 0 0 0 0 0 0 0 0 0 0 0 0 0 0 0 0 0 0 0 0 0 0 0 0 0 0 0 0 0 0 0 0 0 0 0
 0 0 0 0 0 0 0 0 1.78061e-05 0.00172719 0.00360574 0.0105946 0.0120993 0.0124554 0.0147524 0.0171206 0.0266825 0.0428682 0.0675386 0.121331 0.153587 0.119568 0.100827 0.0573624 0.0630603 0.0341343 0.0324427 0.0444173 0.0211091 0.0280891 0.0125444 0.00206551 0 0 0 0
 0 0 0 0 0 0 0 0 0 0 0 0 0 0 0 0 0 0 0 0 0 0 0 0 0 0 0 0 0 0 0 0 0 0 0 0
 0 0 0 0 0 0 0.0133647 0.0140871 0.0187388 0.0205184 0.03894 0.0496705 0.03968 0.0493445 0.0407372 0.0367815 0.0215668 0.0243155 0.0234873 0.0199281 0.019796 0.0243948 0.0301388 0.0376714 0.0412746 0.0863199 0.0771752 0.113111 0.0741005 0.0525337 0.0229764 0.00759418 0.00175318 0 0 0
 0 0 0 0 0 0 0 0 0 0 0.00219441 0.00772107 0.0458388 0.0604681 0.0671733 0.0775358 0.0609151 0.0617685 0.073594 0.0568108 0.0755445 0.0548602 0.0670107 0.0636378 0.0643287 0.046367 0.0373049 0.0286899 0.0247887 0.0153202 0.00654259 0.00121912 0.000365735 0 0 0
 0 0 0 0 0 0 0 0 0 0 0 0 0.000112435 0.00938835 0.0111873 0.0202946 0.0414886 0.0713402 0.111592 0.104902 0.108894 0.110636 0.117776 0.105296 0.107544 0.0401394 0.0192827 0.0124803 0.00416011 0.0028671 0.000618394 0 0 0 0 0
 0 0 0 0 0 0 0 0 0 0 0.00291406 0.0102884 0.027416 0.0768956 0.0749926 0.110853 0.0956884 0.0897413 0.0766577 0.0534642 0.0500743 0.0551293 0.0594112 0.0620874 0.0668451 0.0424026 0.0208742 0.0120726 0.0048766 0.00582813 0.00118941 0.000297354 0 0 0 0
 0 0.00264628 0.0354308 0.0461629 0.0458689 0.0383711 0.0214643 0.0164657 0.0346957 0.0420465 0.0363128 0.0245516 0.0311673 0.0291091 0.0169068 0.0133784 0.00837989 0.0085269 0.0148486 0.0160247 0.0276389 0.0546898 0.0760071 0.122758 0.109233 0.0665981 0.0333725 0.0166128 0.00676272 0.00308733 0.000882094 0 0 0 0 0
 0 0 0 0 0 0 0 0.000805153 0.000690131 0.00759144 0.0133425 0.0154129 0.00931677 0.000345066 0.00356568 0.00563607 0.00851162 0.0253048 0.0502646 0.0516448 0.0657925 0.0565908 0.0611916 0.0827007 0.0866115 0.110766 0.145733 0.0935128 0.0569358 0.0249597 0.0138026 0.00621118 0.00161031 0.00115022 0 0
 0 0 0 0 0 0 0 0 0 0 0 0 0 0 0 0 0 0 0 0 0 0 0 0 0 0 0 0 0 0 0 0 0 0 0 0
 0.00147267 0.00158595 0.00478618 0.00569244 0.00954404 0.0108468 0.00647125 0.017049 0.0510054 0.094081 0.124002 0.0959785 0.0687766 0.0820023 0.061753 0.0591476 0.0492212 0.0479892 0.0443925 0.0268479 0.0217502 0.0140895 0.0121071 0.0120363 0.00920419 0.00665534 0.0049561 0.00860946 0.00930331 0.0156896 0.0114698 0.00855282 0.00243557 0.00046729 0 2.83206e-05
 0 0 0 0 0.000772559 0.00158375 0.000888443 0.00281984 0.00712685 0.0440552 0.0773331 0.111326 0.0921469 0.0852325 0.0710754 0.0886704 0.0786465 0.0553345 0.0373146 0.0185414 0.00753245 0.00457741 0.012979 0.0271748 0.0457355 0.0583668 0.034881 0.0177882 0.00938659 0.00492506 0.0015258 0.00185414 0.000309023 5.79419e-05 3.86279e-05 0
 0 0.00173294 0.00326652 0 0.00397197 0.00683976 0.00946217 0.0152591 0.00757587 0.0136028 0.0228656 0.0392903 0.0559909 0.0764795 0.0681675 0.0726916 0.0566044 0.0477403 0.0527397 0.0444891 0.0609904 0.0582453 0.0661739 0.0445044 0.0529084 0.0360697 0.0280645 0.0235558 0.0158879 0.00826598 0.00280645 0.00217768 0.000904811 0.00058276 9.20147e-05 0
 0 0 0 0 0 0 0 0 0 0 0 0 0 0 0 0 0 0 0 0 0 0 0 0 0 0 0 0 0 0 0 0 0 0 0 0
 0 0 0 0 0 0 0 0 0 0 0 0 0 0 0 0 0 0 0 0 0 0 0 0 0 0 0 0 0 0 0 0 0 0 0 0
 0 0 0 0 0 0 0 0 0 0 0 0 0 0 0 0 0 0 0 0 0 0 0 0 0 0 0 0 0 0 0 0 0 0 0 0
ppred_pel_tallas
 1.04402e-16 1.13876e-05 6.67706e-05 0.000317261 0.00122124 0.00380813 0.00961951 0.0196863 0.0326456 0.0438826 0.0478597 0.0424695 0.0309554 0.0191859 0.0114088 0.00860944 0.00975722 0.0135518 0.0191413 0.0259942 0.0335936 0.0412848 0.0482969 0.0538694 0.0574088 0.0586132 0.0575239 0.0544839 0.0500289 0.0447471 0.0391599 0.0336519 0.0284585 0.0236948 0.0194024 0.0155899
 1.06787e-16 2.5115e-05 0.000147397 0.000700647 0.00269751 0.00841189 0.0212477 0.0434757 0.072066 0.0967832 0.105321 0.0929047 0.0665136 0.038839 0.0188953 0.00841773 0.00468973 0.00452047 0.00598169 0.00826417 0.0110744 0.0142512 0.0176281 0.0210141 0.0242127 0.0270447 0.0293639 0.0310607 0.0320591 0.0323124 0.0318026 0.030546 0.0286022 0.0260779 0.0231244 0.019923
 1.09292e-16 1.33944e-05 7.85612e-05 0.000373334 0.00143717 0.00448152 0.0113203 0.0231657 0.0384103 0.0516159 0.0562528 0.0498199 0.0361013 0.0219548 0.0123137 0.00825766 0.00849293 0.0114279 0.0160455 0.021778 0.0281636 0.0346623 0.0406542 0.0455388 0.0488624 0.050415 0.0502638 0.0487068 0.0461705 0.0430872 0.0397972 0.0365006 0.0332649 0.0300702 0.0268688 0.0236329
 1.02086e-16 3.83505e-05 0.000225109 0.00107011 0.00412006 0.0128481 0.0324531 0.0664021 0.110064 0.147798 0.160796 0.141742 0.101265 0.0586988 0.0277399 0.0109476 0.00406775 0.00212438 0.0020937 0.0027087 0.00355694 0.00450297 0.00547063 0.00639217 0.00720746 0.00787143 0.0083584 0.0086605 0.00878205 0.00873278 0.00852306 0.00816282 0.00766381 0.00704302 0.00632517 0.00554284
 1.00607e-16 3.65254e-05 0.000214384 0.0010191 0.00392364 0.0122355 0.030906 0.0632373 0.104821 0.140767 0.15317 0.135076 0.0966237 0.0562531 0.0270429 0.0114706 0.0055218 0.00447806 0.00544707 0.00716267 0.00912034 0.0110359 0.0126634 0.0137833 0.0142418 0.0139857 0.0130757 0.0116676 0.00997264 0.00820666 0.00654758 0.00511021 0.00394239 0.00303773 0.00235659 0.00184691
 1.01477e-16 2.26654e-05 0.00013299 0.000632094 0.00243346 0.00758841 0.019168 0.0392226 0.0650244 0.0873518 0.0951241 0.0840682 0.0605318 0.036039 0.0188209 0.0105563 0.00889654 0.0110156 0.0151298 0.0203291 0.0260181 0.0315967 0.03641 0.03984 0.0414376 0.0410274 0.0387456 0.0349946 0.030336 0.0253565 0.0205515 0.0162563 0.0126338 0.00970437 0.007398 0.00560587
 1.01586e-16 3.52787e-05 0.000207068 0.000984333 0.00378977 0.0118181 0.0298515 0.0610794 0.101244 0.13596 0.147932 0.130442 0.0932755 0.0542368 0.0259504 0.0108006 0.00490496 0.00370895 0.0044352 0.00589399 0.00764815 0.00948449 0.0112259 0.0127045 0.0137835 0.0143815 0.0144846 0.0141393 0.013433 0.0124679 0.0113393 0.0101232 0.00887491 0.00763388 0.0064313 0.00529501
 1.0088e-16 3.53942e-05 0.000207742 0.000987527 0.00380206 0.0118564 0.0299482 0.0612778 0.101574 0.136407 0.14843 0.130905 0.0936605 0.0545689 0.0263104 0.0112934 0.00563641 0.00477396 0.00590669 0.00780495 0.00996965 0.0121081 0.0139593 0.0152872 0.0159223 0.0157999 0.0149741 0.0135993 0.0118889 0.0100635 0.00830666 0.0067391 0.00541523 0.00433604 0.00347022 0.00277461
 1.00576e-16 3.63949e-05 0.000213619 0.00101547 0.00390964 0.0121919 0.0307956 0.0630115 0.104447 0.140264 0.152621 0.134589 0.09627 0.0560356 0.0269173 0.011382 0.00542903 0.00435728 0.00528766 0.00696422 0.00889266 0.0107999 0.0124501 0.013631 0.0141893 0.0140649 0.0133041 0.0120433 0.0104731 0.00879234 0.00716849 0.00571463 0.00448515 0.00348635 0.00269429 0.00207231
 1.00506e-16 3.6208e-05 0.000212521 0.00101025 0.00388953 0.0121292 0.0306373 0.0626875 0.10391 0.139544 0.151839 0.133904 0.0957888 0.0557739 0.0268259 0.0114021 0.00552547 0.00452072 0.005523 0.00727883 0.00928863 0.0112696 0.0129747 0.0141812 0.014729 0.0145571 0.0137165 0.0123536 0.010672 0.00888321 0.00716535 0.00563818 0.00435858 0.00333177 0.0025303 0.0019129
 1.01742e-16 1.9142e-05 0.000112298 0.000533708 0.00205463 0.00640701 0.016184 0.0331176 0.0549072 0.0737727 0.0803683 0.0711023 0.0513591 0.0309051 0.0167395 0.0103382 0.00977657 0.0127093 0.0176339 0.0237294 0.0303747 0.0368869 0.0425048 0.0465076 0.0483718 0.0478933 0.0452318 0.0408578 0.0354271 0.0296242 0.0240262 0.0190233 0.0148039 0.0113904 0.00870014 0.00660588
 1.05774e-16 1.78859e-05 0.000104941 0.000498771 0.00192018 0.00598777 0.0151248 0.030949 0.0513076 0.0689233 0.0750514 0.066318 0.0477291 0.0283749 0.0147491 0.00818028 0.00682981 0.00849984 0.0118391 0.0162117 0.0212517 0.0265961 0.0318204 0.0364815 0.0401941 0.0426972 0.0438886 0.0438139 0.042625 0.0405242 0.037718 0.0343917 0.030708 0.0268158 0.0228622 0.0189942
 1.03808e-16 3.26706e-05 0.000191757 0.000911539 0.0035095 0.0109441 0.0276438 0.0565623 0.0937566 0.125907 0.136998 0.120809 0.0864059 0.0502807 0.0241304 0.0101713 0.00481798 0.0038632 0.00474422 0.00636582 0.00832568 0.0104244 0.0124918 0.0143634 0.0159016 0.0170182 0.0176849 0.0179249 0.0177931 0.0173524 0.0166556 0.0157389 0.0146266 0.0133415 0.0119158 0.0103958
 1.02179e-16 3.00437e-05 0.000176322 0.000838134 0.00322683 0.0100625 0.0254172 0.0520077 0.0862109 0.115786 0.126018 0.111202 0.079702 0.0467156 0.0230471 0.0107905 0.0067016 0.00694205 0.0091416 0.012216 0.0156471 0.0190433 0.0220137 0.024195 0.0253247 0.0253005 0.0242014 0.0222597 0.0197961 0.0171407 0.0145648 0.0122435 0.0102513 0.00858375 0.00719131 0.0060111
 1.01177e-16 3.46092e-05 0.000203133 0.000965616 0.0037177 0.0115933 0.0292837 0.0599182 0.09932 0.133381 0.145137 0.128003 0.0915881 0.0533694 0.0257476 0.01108 0.00557454 0.00477151 0.00593861 0.00787877 0.0101087 0.0123451 0.014333 0.0158372 0.0166829 0.0167928 0.016202 0.0150421 0.0135033 0.0117873 0.0100659 0.00845776 0.00702453 0.00578207 0.00471842 0.00381079
 1.00785e-16 3.44804e-05 0.000202376 0.000962009 0.0037038 0.01155 0.0291743 0.0596943 0.0989497 0.132886 0.144603 0.127543 0.0912849 0.053244 0.0257826 0.0112571 0.00589699 0.00526215 0.00662619 0.00878176 0.0112213 0.0136275 0.0157082 0.0171963 0.0178993 0.0177425 0.0167852 0.0152006 0.0132297 0.011123 0.00909099 0.00727459 0.00574038 0.00449423 0.00350425 0.00272325
 1.01346e-16 2.81018e-05 0.000164917 0.000783902 0.003018 0.0094113 0.0237723 0.0486425 0.0806345 0.108303 0.117888 0.104065 0.0746651 0.0439227 0.0219657 0.0107814 0.0073637 0.00814279 0.0109036 0.0146064 0.0187084 0.0227562 0.0262792 0.0288356 0.0301025 0.0299489 0.028463 0.0259212 0.0227124 0.0192444 0.0158623 0.0128014 0.0101779 0.0080111 0.00625911 0.00485452
 1.0222e-16 2.86874e-05 0.00016836 0.000800285 0.0030811 0.00960809 0.0242694 0.049659 0.0823177 0.110558 0.120328 0.106184 0.0761105 0.0446217 0.0220365 0.010359 0.00649825 0.00679906 0.00901059 0.0121119 0.0156223 0.019179 0.0224119 0.0249662 0.0265684 0.0270835 0.0265377 0.0250986 0.0230217 0.0205846 0.0180299 0.0155324 0.013194 0.0110589 0.00913696 0.0074242
 1.02775e-16 2.72945e-05 0.00016018 0.000761392 0.00293134 0.00914107 0.0230897 0.0472456 0.0783181 0.105189 0.114494 0.101056 0.0724788 0.0425815 0.0211943 0.0102397 0.00679274 0.00738668 0.00988105 0.0132905 0.0171268 0.0209985 0.0245 0.0272437 0.028935 0.0294349 0.0287846 0.0271802 0.0249126 0.0222913 0.0195807 0.0169638 0.0145383 0.0123357 0.0103503 0.00856497
 1.01214e-16 3.71921e-05 0.000218303 0.00103775 0.00399543 0.0124594 0.0314714 0.0643939 0.106737 0.143335 0.155952 0.137502 0.0982995 0.0571078 0.0272286 0.0111649 0.00481151 0.00335478 0.00385774 0.00506299 0.00651481 0.00800304 0.00936425 0.010451 0.0111509 0.0114088 0.0112356 0.0106998 0.00990502 0.00896239 0.00796748 0.00698716 0.00605839 0.00519522 0.00439929 0.00366887
 1.01036e-16 3.06093e-05 0.000179641 0.000853909 0.00328756 0.0102519 0.0258956 0.0529866 0.0878339 0.117967 0.128393 0.113304 0.0812207 0.0476301 0.0235429 0.011096 0.0069865 0.00730351 0.00962722 0.0128418 0.0164015 0.0198844 0.0228672 0.0249588 0.0258795 0.0255263 0.0239966 0.0215571 0.0185742 0.0154261 0.012428 0.00978805 0.00759988 0.00586374 0.00452187 0.00349346
 1.01894e-16 2.83458e-05 0.000166353 0.000790736 0.00304433 0.0094934 0.0239797 0.0490664 0.0813361 0.109241 0.118901 0.104937 0.0752446 0.0441698 0.0219166 0.0104746 0.00679848 0.00728149 0.00969722 0.0130238 0.0167614 0.0205164 0.0238835 0.0264765 0.028002 0.0283227 0.0274822 0.0256814 0.0232188 0.0204154 0.0175495 0.0148192 0.0123355 0.0101391 0.008227 0.00657774
 1.01804e-16 3.28527e-05 0.00019282 0.000916584 0.00352891 0.0110046 0.0277967 0.0568756 0.0942773 0.126611 0.137776 0.121522 0.0869779 0.050737 0.0245795 0.0107537 0.00567176 0.00511084 0.00648367 0.00865303 0.01115 0.0136864 0.0159933 0.0178183 0.0189683 0.0193493 0.0189825 0.0179888 0.0165508 0.0148649 0.0131001 0.0113759 0.00975898 0.00827505 0.00692672 0.00570903
 1.02104e-16 2.73026e-05 0.000160225 0.000761597 0.00293212 0.0091435 0.0230959 0.0472584 0.0783403 0.105222 0.114536 0.10111 0.0725539 0.0426984 0.0213866 0.0105529 0.00728129 0.00810781 0.0108841 0.0146021 0.0187343 0.0228373 0.0264491 0.0291343 0.0305724 0.0306291 0.0293838 0.0270977 0.0241409 0.0209003 0.0177017 0.0147644 0.012195 0.01001 0.00817186 0.0066235
 1.06897e-16 3.7872e-06 2.2141e-05 0.000105068 0.000404213 0.00126023 0.00318385 0.00651921 0.0108239 0.0145896 0.0160172 0.0144633 0.0110847 0.00794685 0.00662403 0.00764583 0.0108788 0.016052 0.0229282 0.0312 0.040354 0.0496363 0.0581365 0.0649529 0.0693824 0.0710683 0.0700604 0.0667628 0.0618024 0.0558612 0.0495353 0.0432538 0.0372693 0.0316963 0.0265713 0.0219038
pSPR Fmed_Fpbrs
0.535825   0.350981 0.350981
Fs Fmed_Fpbrs
0.465302   1.005 1.005
SSBpbr Bo_Bmed_Bpbrs
918992  446470  276599 276599
Ro
27446.7
SPR SPRFo_SPRFmed_SPRFpbrs
563694 302041 197846
log_Ro
10.04
likeval ReclasPelacesDesembMPH_pf_preclas_ppelaces_ptallas_desvR_qrecl_qpela
 88.5365 74.8549 0.0632832 0.000645817 331.879 192.356 80.7798 0 31.3341 1.50682e-05 0 0 0 0 0
q_reclas_q_pelaces
0.576913 1
M
0.7
N
 14151.2 30616.8 14265.5 1922.31 0.180546
 26540.8 6814.61 12271.9 5717.94 770.578
 3901.62 12487.1 2322.75 4182.86 2211.6
 22394.9 1623.46 1807.67 336.246 925.677
 55836.7 10213.4 445.362 495.896 346.183
 23009.8 27406.7 4676.43 203.919 385.564
 57396.6 10482.7 7462.93 1273.41 160.518
 73819.6 26528.7 3156.68 2247.33 431.802
 108034 32257.3 5402.17 642.811 545.565
 200569 47596.3 6954.55 1164.69 256.21
 59671.8 93580.5 15305.8 2236.41 456.925
 29364.7 27458 27320.3 4468.44 786.305
 50724.7 13588.8 8338.72 8296.91 1595.81
 22186.5 22199.1 2796.65 1716.15 2035.97
 14692.4 8910.02 2509.56 316.155 424.169
 15892.6 5778.57 870.883 245.29 72.3608
 10948.5 7131.63 1416.15 213.427 77.8466
 10909.9 5037.24 2079.99 413.031 84.952
 9591.01 5107.51 1658.45 684.812 163.955
 28967 4499.39 1706.06 553.973 283.514
 32633 13428.9 1383.65 524.646 257.543
 35896.6 15830.8 5666.34 583.832 330.046
 66707.2 17308.5 6402.63 2291.7 369.61
 58719 31901.9 6611.25 2445.58 1016.53
 3377.76 28132.4 12339.6 2557.23 1339.14
pred_Ctot
 308.57 4298.85 2003 269.908 0.0253501
 1006.24 1570.5 2828.2 1317.77 177.588
 459.443 6811.43 1267 2281.65 1206.38
 1320.82 540.511 601.841 111.949 308.193
 465.169 575.315 25.087 27.9335 19.5003
 1373.41 9211.73 1571.81 68.5397 129.593
 2870.07 3053.23 2173.68 370.897 46.7531
 6420.05 11833.9 1408.13 1002.49 192.618
 8825.2 13759.1 2304.25 274.186 232.707
 8748.31 12367.3 1807.05 302.63 66.5729
 3162.56 28587.6 4675.72 683.195 139.585
 1444.3 7889.11 7849.55 1283.85 225.918
 4361.9 6013.34 3690.06 3671.55 706.181
 3089.64 13367.1 1683.98 1033.37 1225.95
 2227.35 5619.19 1582.68 199.386 267.506
 1107.65 2190.84 330.18 92.9972 27.4343
 581.303 2181.81 433.249 65.2946 23.8159
 450.737 1249.89 516.107 102.485 21.0791
 382.662 1230.03 399.4 164.921 39.4848
 1389.53 1266.2 480.113 155.897 79.7852
 542.693 1465.17 150.964 57.242 28.0994
 750.318 2137.68 765.142 78.8364 44.567
 1776.33 2916.84 1078.97 386.198 62.2867
 1489.86 5145.68 1066.37 394.465 163.963
 101.972 5306.65 2327.64 482.373 252.604
F
 0.0307338 0.214237 0.214237 0.214237 0.214237
 0.0539851 0.376317 0.376317 0.376317 0.376317
 0.176834 1.23266 1.23266 1.23266 1.23266
 0.0851307 0.593425 0.593425 0.593425 0.593425
 0.0116439 0.0811665 0.0811665 0.0811665 0.0811665
 0.0861943 0.600839 0.600839 0.600839 0.600839
 0.0717574 0.500203 0.500203 0.500203 0.500203
 0.127881 0.891427 0.891427 0.891427 0.891427
 0.119692 0.834347 0.834347 0.834347 0.834347
 0.0623353 0.434524 0.434524 0.434524 0.434524
 0.0762029 0.531192 0.531192 0.531192 0.531192
 0.0705442 0.491746 0.491746 0.491746 0.491746
 0.12636 0.880827 0.880827 0.880827 0.880827
 0.212308 1.47994 1.47994 1.47994 1.47994
 0.233178 1.62542 1.62542 1.62542 1.62542
 0.101311 0.706211 0.706211 0.706211 0.706211
 0.0763444 0.532178 0.532178 0.532178 0.532178
 0.0589569 0.410974 0.410974 0.410974 0.410974
 0.0568839 0.396524 0.396524 0.396524 0.396524
 0.0687472 0.47922 0.47922 0.47922 0.47922
 0.023364 0.162864 0.162864 0.162864 0.162864
 0.0294444 0.20525 0.20525 0.20525 0.20525
 0.0376467 0.262426 0.262426 0.262426 0.262426
 0.0358425 0.249849 0.249849 0.249849 0.249849
 0.0427764 0.298184 0.298184 0.298184 0.298184
nmprior
 10.6 11 7 0
nm_flota  nm_reclas  nm_pelaces    nm_pelaL
inf 30.9259 23.6777 61.1846
cv_recla  cv_pelaces  cv_mph
0.851111 0.98103 0.824505
 ------------------------------------------------
Talla a la edad & desviación 
 7.2 14.2025 17.0495 18.207 18.6776
 1.08 2.13037 2.55742 2.73105 2.80164
