years
 1997 1998 1999 2000 2001 2002 2003 2004 2005 2006 2007 2008 2009 2010 2011 2012 2013 2014 2015 2016 2017 2018 2019 2020 2021
reclasobs
 0 0 0 370054 412103 1.49427e+06 250295 1.28982e+06 931140 785840 897777 1.04006e+06 184774 17550 25797 100020 73551 82996 120727 218422 84188 347160 605670 569463 516374
reclaspred
 1.1836e+06 232107 561299 287085 372369 478488 991444 779089 1.03545e+06 1.19128e+06 1.13529e+06 775224 448315 205894 135399 131535 153869 211868 226011 298975 479748 477339 783487 911931 1.012e+06
pelacesobs
 0 0 0 0 0 0 0 0 0 2.06254e+06 1.5e+06 0 1.87456e+06 323000 250000 174000 83755 137374 0 501740 490994 745055 786931 1.00524e+06 1.33801e+06
pelacespred
 665295 234914 188909 199789 221259 216981 509257 493556 590551 705666 587165 415359 237862 87834.9 57197.6 63440 77707.8 108048 121522 154713 272753 283396 352810 489562 541898
mphobs
 0 0 0 0 0 112323 0 153150 637223 0 255016 313432 73983 77613 109348 50772 0 0 0 0 0 0 0 0 0
mphpred
 839765 437604 362836 313201 272681 430386 591556 802324 804482 1.01946e+06 1.14041e+06 819259 498123 265994 125901 109863 121749 163283 199001 220453 347919 448766 542927 733113 904818
desembarqueobs
 350755 77701 442110 56441 14545 235359 269955 359681 431902 328805 639364 411747 362871 311530 167758 66681 60226 58785 57116 73181 50977 67692 138656 160484 209506
desembarquepred
 350752 77696.7 442058 56441.2 14545 235398 269964 359574 431797 328720 639239 411798 362863 311622 167682 66683.2 60240 58781.9 57106.9 73166.8 50973.9 67680.1 138640 160471 209488
Reclutas
 38830.8 42090.2 20366.4 23704.1 50693.2 37221.7 76571.5 83952.4 130491 143143 72137.6 39680.2 47099.7 28436.5 19846.6 16650.5 13900 15036.8 15507.4 30027 42352.8 46007.7 72766.5 81900.4 29020.6
log_desv_Rt
 -0.0130321 0.0675695 -0.658358 -0.506595 0.253547 -0.0553535 0.66598 0.758005 1.19906 1.2916 0.60633 0.00860695 0.180023 -0.324571 -0.684214 -0.859805 -1.04036 -0.961744 -0.930927 -0.270147 0.0737894 0.156563 0.615011 0.733259 -0.30424
SSB
 839765 437604 362836 313201 272681 430386 591556 802324 804482 1.01946e+06 1.14041e+06 819259 498123 265994 125901 109863 121749 163283 199001 220453 347919 448766 542927 733113 904818
BT
 2.04028e+06 580972 715918 482558 540507 615304 1.59322e+06 1.53683e+06 1.93081e+06 1.97197e+06 1.81896e+06 1.23317e+06 887988 486315 285736 198968 231272 293638 302740 422809 697423 633026 845300 1.19824e+06 1.25407e+06
Ftot
 0.285338 0.321649 0.728826 0.19053 0.0382045 0.466601 0.263014 0.440335 0.399463 0.266376 0.531243 0.502035 0.749656 1.31345 1.11235 0.481506 0.375025 0.267632 0.243966 0.236675 0.103555 0.137846 0.171679 0.17077 0.200326
BD_Bspro_t
 0.958942 0.759302 0.630157 0.413323 0.510231 0.680831 0.608619 0.646371 0.61138 0.614931 0.611777 0.457193 0.345797 0.248637 0.149805 0.156496 0.224313 0.352667 0.457909 0.545195 0.674676 0.776646 0.781719 0.778566 0.767571
BD_Bspro
 1.03937 0.541617 0.449078 0.387645 0.337493 0.532684 0.732161 0.993025 0.995697 1.26178 1.41147 1.01399 0.616521 0.329217 0.155826 0.135976 0.150687 0.202093 0.246301 0.272852 0.430615 0.555432 0.671974 0.907365 1.11988
BD_Bo
 0.876273 0.456629 0.37861 0.326817 0.284535 0.449097 0.617274 0.837204 0.839456 1.06378 1.18999 0.854876 0.519779 0.277558 0.131375 0.114639 0.127042 0.170382 0.207653 0.230037 0.363045 0.468276 0.566531 0.764985 0.944154
BD_Brms
 4.26199 2.22093 1.84147 1.58956 1.38391 2.1843 3.00227 4.07196 4.08292 5.17399 5.78783 4.15792 2.52808 1.34998 0.638976 0.557577 0.6179 0.828696 1.00997 1.11885 1.76577 2.27759 2.75547 3.72071 4.59215
S_f
 0.5 1 1 1 1
 0.5 1 1 1 1
 0.5 1 1 1 1
 0.5 1 1 1 1
 0.5 1 1 1 1
 0.5 1 1 1 1
 0.5 1 1 1 1
 0.5 1 1 1 1
 0.5 1 1 1 1
 0.5 1 1 1 1
 0.5 1 1 1 1
 0.5 1 1 1 1
 0.5 1 1 1 1
 0.5 1 1 1 1
 0.5 1 1 1 1
 0.5 1 1 1 1
 0.5 1 1 1 1
 0.5 1 1 1 1
 0.5 1 1 1 1
 0.5 1 1 1 1
 0.5 1 1 1 1
 0.5 1 1 1 1
 0.5 1 1 1 1
 0.5 1 1 1 1
 0.5 1 1 1 1
Scru_reclas
 0.5 1 1 1 1
 0.5 1 1 1 1
 0.5 1 1 1 1
 0.5 1 1 1 1
 0.5 1 1 1 1
 0.5 1 1 1 1
 0.5 1 1 1 1
 0.5 1 1 1 1
 0.5 1 1 1 1
 0.5 1 1 1 1
 0.5 1 1 1 1
 0.5 1 1 1 1
 0.5 1 1 1 1
 0.5 1 1 1 1
 0.5 1 1 1 1
 0.5 1 1 1 1
 0.5 1 1 1 1
 0.5 1 1 1 1
 0.5 1 1 1 1
 0.5 1 1 1 1
 0.5 1 1 1 1
 0.5 1 1 1 1
 0.5 1 1 1 1
 0.5 1 1 1 1
 0.5 1 1 1 1
Scru_pelaces
 0.5 1 1 1 1
 0.5 1 1 1 1
 0.5 1 1 1 1
 0.5 1 1 1 1
 0.5 1 1 1 1
 0.5 1 1 1 1
 0.5 1 1 1 1
 0.5 1 1 1 1
 0.5 1 1 1 1
 0.5 1 1 1 1
 0.5 1 1 1 1
 0.5 1 1 1 1
 0.5 1 1 1 1
 0.5 1 1 1 1
 0.5 1 1 1 1
 0.5 1 1 1 1
 0.5 1 1 1 1
 0.5 1 1 1 1
 0.5 1 1 1 1
 0.5 1 1 1 1
 0.5 1 1 1 1
 0.5 1 1 1 1
 0.5 1 1 1 1
 0.5 1 1 1 1
 0.5 1 1 1 1
pf_obs 
 0.256992 0.487395 0.22802 0.0275931 0
 0.321318 0.546541 0.124235 0.00734118 0.000564706
 0.182869 0.594174 0.210203 0.0122559 0.00049798
 0.330522 0.361315 0.267642 0.0388342 0.00168674
 0.649043 0.306663 0.0425973 0.00169635 0
 0.582887 0.30429 0.105238 0.00758474 0
 0.465427 0.430635 0.0974691 0.00646863 0
 0.296916 0.608066 0.0921331 0.00288517 0
 0.311714 0.524322 0.152257 0.0117073 0
 0.15457 0.633149 0.183074 0.0267441 0.00246327
 0.131901 0.49318 0.331252 0.0422183 0.00144891
 0.196976 0.569456 0.194076 0.0375587 0.00193317
 0.518974 0.381816 0.0799577 0.0180837 0.00116848
 0.0928022 0.601141 0.25162 0.0475244 0.00691264
 0.122501 0.610282 0.24278 0.0234846 0.000952079
 0.383417 0.481906 0.127806 0.00687128 0
 0.0376549 0.599619 0.316969 0.0457579 0
 0.0361596 0.667082 0.258105 0.0386534 0
 0.158088 0.579412 0.248529 0.0139706 0
 0.0477256 0.309471 0.559284 0.082774 0.000745712
 0.0406174 0.521527 0.379366 0.0568643 0.0016247
 0.151134 0.462217 0.34131 0.0453401 0
 0.294876 0.26143 0.354403 0.0886775 0.000613685
 0.281977 0.475581 0.204845 0.0348837 0.00271318
 0.0354234 0.537034 0.353287 0.0723622 0.0018943
pf_pred 
 0.410443 0.41245 0.158024 0.0190771 5.14246e-06
 0.447769 0.332345 0.153831 0.0589379 0.00711706
 0.297572 0.449706 0.152094 0.0703989 0.0302293
 0.474329 0.269846 0.163783 0.0553927 0.0366489
 0.610344 0.255535 0.0688493 0.041788 0.0234837
 0.386798 0.466026 0.0965181 0.026005 0.0246537
 0.620574 0.224328 0.117873 0.0244125 0.0128132
 0.518071 0.375484 0.0629333 0.0330682 0.0104434
 0.60078 0.283342 0.0902836 0.015132 0.0104622
 0.524167 0.367214 0.0770915 0.0245643 0.00696365
 0.312759 0.483806 0.156996 0.0329592 0.0134793
 0.292309 0.364907 0.241315 0.0783072 0.0231628
 0.465852 0.261273 0.140703 0.0930474 0.0391254
 0.435556 0.387289 0.0866529 0.046665 0.043836
 0.539382 0.322722 0.0946163 0.0211696 0.0221098
 0.555533 0.341385 0.0722225 0.0211744 0.00968558
 0.461972 0.399328 0.106532 0.0225377 0.00963011
 0.47746 0.343266 0.133059 0.0354972 0.0107185
 0.45355 0.362669 0.120729 0.0467977 0.0162544
 0.597347 0.257819 0.0961241 0.0319989 0.0167118
 0.554256 0.338977 0.068363 0.0254882 0.0129161
 0.460486 0.387991 0.11523 0.0232389 0.0130549
 0.531066 0.299947 0.121526 0.0360923 0.011368
 0.474226 0.370138 0.0995506 0.0403339 0.0157518
 0.209786 0.517123 0.192252 0.0517073 0.0291313
pobs_RECLAS
 0 0 0 0 0
 0 0 0 0 0
 0 0 0 0 0
 0 0 0 0 0
 0.835266 0.146461 0.0176864 0.000547809 3.91292e-05
 0.385257 0.428462 0.181853 0.0044286 0
 0.867414 0.0963971 0.0333333 0.00285562 0
 0.441836 0.489002 0.0689373 0.000224442 0
 0.779404 0.147425 0.0564933 0.0165055 0.000172143
 0.814271 0.122319 0.05973 0.00367925 0
 0.40263 0.566651 0.0304383 0.000280538 0
 0.475488 0.404961 0.113038 0.00651328 0
 0.955842 0.0263864 0.0167828 0.000988607 0
 0.975058 0.0227948 0.00214734 0 0
 0.738997 0.206755 0.0527124 0.00153531 0
 0.850938 0.134255 0.0134407 0.00136685 0
 0.542534 0.407297 0.0501686 0 0
 0.764087 0.199537 0.0359546 0.000420521 0
 0.470689 0.182191 0.310203 0.0369168 0
 0.84361 0.089868 0.0606195 0.00523954 0.000663233
 0.607945 0.314616 0.071237 0.00620181 0
 0.523733 0.453247 0.0230204 0 0
 0.530135 0.295979 0.169645 0.0042399 0
 0.562478 0.366248 0.0663022 0.0049721 0
 0.250443 0.683176 0.0655157 0.000865301 0
ppred_RECLAS
 0.413039 0.410634 0.157328 0.0189931 5.11981e-06
 0.450845 0.330494 0.152974 0.0586097 0.00707742
 0.305341 0.444732 0.150412 0.0696203 0.029895
 0.475978 0.269 0.163269 0.0552189 0.0365339
 0.610617 0.255356 0.068801 0.0417587 0.0234672
 0.391562 0.462404 0.0957682 0.025803 0.0244622
 0.622856 0.222978 0.117164 0.0242657 0.0127362
 0.522706 0.371873 0.062328 0.0327502 0.0103429
 0.604698 0.280561 0.0893974 0.0149835 0.0103595
 0.526624 0.365317 0.0766934 0.0244374 0.00692769
 0.317905 0.480184 0.155821 0.0327125 0.0133783
 0.296899 0.36254 0.239749 0.0777993 0.0230125
 0.475418 0.256594 0.138183 0.091381 0.0384247
 0.4573 0.37237 0.0833149 0.0448674 0.0421474
 0.556322 0.310854 0.0911367 0.0203911 0.0212967
 0.560686 0.337427 0.0713852 0.0209289 0.00957328
 0.465725 0.396542 0.105789 0.0223805 0.00956294
 0.479933 0.341641 0.132429 0.0353292 0.0106678
 0.455747 0.36121 0.120244 0.0466095 0.0161891
 0.5994 0.256504 0.0956339 0.0318357 0.0166265
 0.555076 0.338353 0.0682372 0.0254413 0.0128923
 0.46162 0.387175 0.114988 0.0231901 0.0130275
 0.532526 0.299013 0.121148 0.03598 0.0113326
 0.475678 0.369115 0.0992755 0.0402224 0.0157083
 0.210951 0.516361 0.191969 0.051631 0.0290883
pobs_PELACES
 0 0 0 0 0
 0 0 0 0 0
 0 0 0 0 0
 0 0 0 0 0
 0 0 0 0 0
 0 0 0 0 0
 0 0 0 0 0
 0 0 0 0 0
 0 0 0 0 0
 0 0 0 0 0
 0.450072 0.473896 0.0757376 0.000293798 0
 0 0 0 0 0
 0.463077 0.371075 0.160297 0.00555027 0
 0.529543 0.364841 0.0842815 0.0213345 0
 0.631943 0.363953 0.00410389 0 0
 0.735681 0.248677 0.0153453 0.000297389 0
 0.695825 0.281241 0.0229344 0 0
 0.275771 0.60734 0.115278 0.00161068 0
 0 0 0 0 0
 0.896147 0.0623911 0.0374545 0.00400742 0
 0.803859 0.145111 0.0509908 3.86294e-05 0
 0.739449 0.233085 0.0266225 0.000797448 4.60066e-05
 0.878498 0.100942 0.0204185 0.000141795 0
 0.694673 0.275183 0.0284847 0.00165964 0
 0.469039 0.446079 0.0841089 0.000773354 0
ppred_PELACES
 0.424498 0.402618 0.154257 0.0186223 5.01986e-06
 0.464016 0.322567 0.149305 0.057204 0.00690767
 0.331427 0.428031 0.144763 0.0670058 0.0287724
 0.483825 0.264972 0.160825 0.0543921 0.0359868
 0.612115 0.254374 0.0685363 0.0415981 0.023377
 0.410049 0.448354 0.0928583 0.0250189 0.0237189
 0.632995 0.216984 0.114014 0.0236134 0.0123938
 0.540795 0.357779 0.0599658 0.031509 0.00995095
 0.62034 0.26946 0.0858601 0.0143906 0.00994958
 0.537566 0.356873 0.0749206 0.0238725 0.00676756
 0.337208 0.466595 0.151411 0.0317867 0.0129997
 0.314477 0.353476 0.233755 0.0758543 0.0224372
 0.506321 0.241478 0.130043 0.0859978 0.0361611
 0.511374 0.335268 0.0750135 0.0403969 0.0379479
 0.601036 0.279525 0.0819519 0.0183361 0.0191504
 0.580151 0.322476 0.0682222 0.0200015 0.0091491
 0.48115 0.385094 0.102735 0.0217343 0.00928685
 0.490963 0.334396 0.12962 0.0345799 0.0104415
 0.465748 0.354573 0.118034 0.045753 0.0158916
 0.608739 0.250524 0.0934043 0.0310935 0.0162389
 0.559292 0.335147 0.0675906 0.0252002 0.0127701
 0.467277 0.383106 0.113779 0.0229464 0.0128906
 0.539571 0.294507 0.119322 0.0354378 0.0111618
 0.48271 0.364165 0.0979441 0.039683 0.0154976
 0.216505 0.512726 0.190618 0.0512676 0.0288836
pobs_pel_tallas
 0 0 0 0 0 0 0 0 0 0 0 0 0 0 0 0 0 0 0 0 0 0 0 0 0 0 0 0 0 0 0 0 0 0 0 0
 0 0 0 0 0 0 0 0 0 0 0 0 0 0 0 0 0 0 0 0 0 0 0 0 0 0 0 0 0 0 0 0 0 0 0 0
 0 0 0 0 0 0 0 0 0 0 0 0 0 0 0 0 0 0 0 0 0 0 0 0 0 0 0 0 0 0 0 0 0 0 0 0
 0 0 0 0 0 0 0 0 0 0 0 0 0 0 0 0 0 0 0 0 0 0 0 0 0 0 0 0 0 0 0 0 0 0 0 0
 0 0 0 0 0 0 0 0 0 0 0 0 0 0 0 0 0 0 0 0 0 0 0 0 0 0 0 0 0 0 0 0 0 0 0 0
 0 0 0 0 0 0 0 0 0 0 0 0 0 0 0 0 0 0 0 0 0 0 0 0 0 0 0 0 0 0 0 0 0 0 0 0
 0 0 0 0 0 0 0 0 0 0 0 0 0 0 0 0 0 0 0 0 0 0 0 0 0 0 0 0 0 0 0 0 0 0 0 0
 0 0 0 0 0 0 0 0 0 0 0 0 0 0 0 0 0 0 0 0 0 0 0 0 0 0 0 0 0 0 0 0 0 0 0 0
 0 0 0 0 0 0 0 0 0 0 0 0 0 0 0 0 0 0 0 0 0 0 0 0 0 0 0 0 0 0 0 0 0 0 0 0
 0 0 0 0 0 0 0 0 0 0 0 0 0 0 0 0 0 0 0 0 0 0 0 0 0 0 0 0 0 0 0 0 0 0 0 0
 0 0 0 0 0 0 0 0 1.78061e-05 0.00172719 0.00360574 0.0105946 0.0120993 0.0124554 0.0147524 0.0171206 0.0266825 0.0428682 0.0675386 0.121331 0.153587 0.119568 0.100827 0.0573624 0.0630603 0.0341343 0.0324427 0.0444173 0.0211091 0.0280891 0.0125444 0.00206551 0 0 0 0
 0 0 0 0 0 0 0 0 0 0 0 0 0 0 0 0 0 0 0 0 0 0 0 0 0 0 0 0 0 0 0 0 0 0 0 0
 0 0 0 0 0 0 0.0133647 0.0140871 0.0187388 0.0205184 0.03894 0.0496705 0.03968 0.0493445 0.0407372 0.0367815 0.0215668 0.0243155 0.0234873 0.0199281 0.019796 0.0243948 0.0301388 0.0376714 0.0412746 0.0863199 0.0771752 0.113111 0.0741005 0.0525337 0.0229764 0.00759418 0.00175318 0 0 0
 0 0 0 0 0 0 0 0 0 0 0.00219441 0.00772107 0.0458388 0.0604681 0.0671733 0.0775358 0.0609151 0.0617685 0.073594 0.0568108 0.0755445 0.0548602 0.0670107 0.0636378 0.0643287 0.046367 0.0373049 0.0286899 0.0247887 0.0153202 0.00654259 0.00121912 0.000365735 0 0 0
 0 0 0 0 0 0 0 0 0 0 0 0 0.000112435 0.00938835 0.0111873 0.0202946 0.0414886 0.0713402 0.111592 0.104902 0.108894 0.110636 0.117776 0.105296 0.107544 0.0401394 0.0192827 0.0124803 0.00416011 0.0028671 0.000618394 0 0 0 0 0
 0 0 0 0 0 0 0 0 0 0 0.00291406 0.0102884 0.027416 0.0768956 0.0749926 0.110853 0.0956884 0.0897413 0.0766577 0.0534642 0.0500743 0.0551293 0.0594112 0.0620874 0.0668451 0.0424026 0.0208742 0.0120726 0.0048766 0.00582813 0.00118941 0.000297354 0 0 0 0
 0 0.00264628 0.0354308 0.0461629 0.0458689 0.0383711 0.0214643 0.0164657 0.0346957 0.0420465 0.0363128 0.0245516 0.0311673 0.0291091 0.0169068 0.0133784 0.00837989 0.0085269 0.0148486 0.0160247 0.0276389 0.0546898 0.0760071 0.122758 0.109233 0.0665981 0.0333725 0.0166128 0.00676272 0.00308733 0.000882094 0 0 0 0 0
 0 0 0 0 0 0 0 0.000805153 0.000690131 0.00759144 0.0133425 0.0154129 0.00931677 0.000345066 0.00356568 0.00563607 0.00851162 0.0253048 0.0502646 0.0516448 0.0657925 0.0565908 0.0611916 0.0827007 0.0866115 0.110766 0.145733 0.0935128 0.0569358 0.0249597 0.0138026 0.00621118 0.00161031 0.00115022 0 0
 0 0 0 0 0 0 0 0 0 0 0 0 0 0 0 0 0 0 0 0 0 0 0 0 0 0 0 0 0 0 0 0 0 0 0 0
 0.00147267 0.00158595 0.00478618 0.00569244 0.00954404 0.0108468 0.00647125 0.017049 0.0510054 0.094081 0.124002 0.0959785 0.0687766 0.0820023 0.061753 0.0591476 0.0492212 0.0479892 0.0443925 0.0268479 0.0217502 0.0140895 0.0121071 0.0120363 0.00920419 0.00665534 0.0049561 0.00860946 0.00930331 0.0156896 0.0114698 0.00855282 0.00243557 0.00046729 0 2.83206e-05
 0 0 0 0 0.000772559 0.00158375 0.000888443 0.00281984 0.00712685 0.0440552 0.0773331 0.111326 0.0921469 0.0852325 0.0710754 0.0886704 0.0786465 0.0553345 0.0373146 0.0185414 0.00753245 0.00457741 0.012979 0.0271748 0.0457355 0.0583668 0.034881 0.0177882 0.00938659 0.00492506 0.0015258 0.00185414 0.000309023 5.79419e-05 3.86279e-05 0
 0 0.00173294 0.00326652 0 0.00397197 0.00683976 0.00946217 0.0152591 0.00757587 0.0136028 0.0228656 0.0392903 0.0559909 0.0764795 0.0681675 0.0726916 0.0566044 0.0477403 0.0527397 0.0444891 0.0609904 0.0582453 0.0661739 0.0445044 0.0529084 0.0360697 0.0280645 0.0235558 0.0158879 0.00826598 0.00280645 0.00217768 0.000904811 0.00058276 9.20147e-05 0
 0 0 0 0 0 0 0 0 0 0 0 0 0 0 0 0 0 0 0 0 0 0 0 0 0 0 0 0 0 0 0 0 0 0 0 0
 0 0 0 0 0 0 0 0 0 0 0 0 0 0 0 0 0 0 0 0 0 0 0 0 0 0 0 0 0 0 0 0 0 0 0 0
 0 0 0 0 0 0 0 0 0 0 0 0 0 0 0 0 0 0 0 0 0 0 0 0 0 0 0 0 0 0 0 0 0 0 0 0
ppred_pel_tallas
 1.02961e-16 1.85394e-05 0.000108766 0.000516931 0.00199005 0.00620565 0.0156753 0.0320763 0.0531795 0.0714475 0.0778249 0.0688278 0.0496635 0.0297803 0.0159435 0.00956809 0.00877929 0.0113062 0.0157132 0.0212497 0.0273842 0.0335435 0.0390798 0.0433641 0.0459152 0.0465032 0.0451916 0.0422993 0.0383056 0.0337283 0.02902 0.0245063 0.0203749 0.0167012 0.0134905 0.0107172
 1.04513e-16 2.02593e-05 0.000118871 0.000564986 0.00217511 0.00678275 0.0171329 0.0350581 0.0581196 0.0780739 0.0850152 0.0751211 0.0540614 0.0321314 0.0166826 0.00921145 0.00762029 0.00939569 0.0129726 0.0175868 0.022774 0.0280767 0.0329836 0.0369921 0.0397069 0.0409201 0.0406444 0.0390857 0.0365709 0.0334581 0.0300607 0.0266052 0.0232283 0.0199982 0.0169481 0.0141018
 1.05842e-16 1.4482e-05 8.49435e-05 0.00040367 0.00155396 0.00484572 0.0122403 0.0250482 0.0415312 0.0558086 0.0608189 0.0538561 0.0390093 0.02369 0.013227 0.00878132 0.00894682 0.0119959 0.0168236 0.0228135 0.0294657 0.0361966 0.0423343 0.0472231 0.0503603 0.0515029 0.0507093 0.0482969 0.0447399 0.0405432 0.0361352 0.0318095 0.0277211 0.0239197 0.0204009 0.017148
 1.0592e-16 2.11207e-05 0.000123933 0.000589065 0.00226784 0.00707195 0.0178633 0.0365521 0.0605943 0.0813921 0.088612 0.0782602 0.0562355 0.0332533 0.0169533 0.00886665 0.0067787 0.00805207 0.0110603 0.0150437 0.0195917 0.0243319 0.0288513 0.0327365 0.0356504 0.0373959 0.0379435 0.0374111 0.0360111 0.033983 0.0315386 0.0288348 0.025974 0.0230237 0.0200412 0.0170898
 1.03578e-16 2.67141e-05 0.000156773 0.000745192 0.00286897 0.00894657 0.0225984 0.0462404 0.0766521 0.102952 0.112061 0.0989132 0.0709525 0.0417056 0.0207971 0.0101121 0.00679176 0.00744596 0.00998054 0.0134289 0.0173075 0.0212251 0.0247754 0.0275717 0.029322 0.0298919 0.029328 0.0278306 0.0256918 0.0232176 0.020663 0.0181972 0.0159019 0.0137926 0.0118517 0.0100557
 1.03433e-16 1.7911e-05 0.000105073 0.000499366 0.00192241 0.0059947 0.0151425 0.0309865 0.0513744 0.0690271 0.0752013 0.0665379 0.0480772 0.0289607 0.0157426 0.00981125 0.00937467 0.0122485 0.0170368 0.0229793 0.0295001 0.0359609 0.0416451 0.0458689 0.048128 0.0482124 0.0462483 0.042649 0.0379985 0.0329071 0.0278879 0.0232855 0.019266 0.0158527 0.0129835 0.0105661
 1.0308e-16 2.76232e-05 0.000162113 0.000770587 0.00296676 0.00925153 0.0233687 0.0478161 0.0792629 0.106455 0.115864 0.102246 0.0732909 0.0429755 0.0212373 0.0100085 0.00631715 0.00664927 0.00884509 0.0119305 0.0154523 0.0190696 0.0224318 0.0251973 0.0270957 0.0279811 0.0278553 0.0268497 0.0251787 0.0230801 0.0207648 0.0183886 0.0160493 0.0138007 0.0116725 0.00968751
 1.02516e-16 2.36084e-05 0.00013853 0.000658444 0.00253493 0.00790485 0.0199673 0.0408576 0.0677331 0.090985 0.099066 0.0875172 0.0629396 0.0373212 0.0192137 0.0103396 0.00822724 0.00991679 0.0135536 0.0182209 0.0233619 0.0284431 0.0328886 0.0361539 0.0378413 0.0377901 0.03611 0.0331405 0.0293568 0.0252531 0.0212425 0.0175997 0.0144534 0.0118149 0.00962642 0.00780493
 1.02267e-16 2.70735e-05 0.000158881 0.000755211 0.00290754 0.00906684 0.0229023 0.0468621 0.0776831 0.104338 0.113572 0.100253 0.0719273 0.0423061 0.0211471 0.0103656 0.00706799 0.00782023 0.0104973 0.0141108 0.0181544 0.0222091 0.0258368 0.02862 0.030244 0.0305646 0.029635 0.0276789 0.0250245 0.0220217 0.0189707 0.0160813 0.0134661 0.0111603 0.00915212 0.00741174
 1.02317e-16 2.34677e-05 0.000137704 0.000654515 0.0025198 0.00785767 0.0198481 0.0406138 0.0673289 0.0904423 0.0984757 0.0869971 0.0625687 0.0371074 0.0191154 0.0103062 0.0082249 0.00993121 0.0135834 0.0182715 0.0234419 0.028563 0.0330584 0.0363816 0.0381299 0.0381354 0.0364992 0.0335519 0.0297621 0.0256206 0.0215419 0.017807 0.0145543 0.0118073 0.00951959 0.00761794
 1.04001e-16 1.47357e-05 8.64292e-05 0.000410725 0.00158111 0.00493037 0.0124542 0.0254861 0.042258 0.0567879 0.0618928 0.0548229 0.0397441 0.0242047 0.0136364 0.00923159 0.00956876 0.0128936 0.0180744 0.0244614 0.0315061 0.0385609 0.0448821 0.0497485 0.0526136 0.0532253 0.0516719 0.0483362 0.0437817 0.03861 0.0333377 0.0283266 0.0237727 0.0197392 0.0162098 0.0131376
 1.07089e-16 1.37401e-05 8.05942e-05 0.000383007 0.00147443 0.00459771 0.0116138 0.0237657 0.0394036 0.052946 0.0576897 0.0510627 0.0369374 0.0223361 0.0123024 0.00792563 0.0078642 0.0104833 0.0147583 0.020153 0.0262664 0.0326345 0.0387086 0.0439315 0.047844 0.0501727 0.0508674 0.0500773 0.0480821 0.0452041 0.0417364 0.0379045 0.0338665 0.0297345 0.0256042 0.0215738
 1.0657e-16 2.21005e-05 0.000129688 0.000616431 0.00237321 0.00740056 0.0186934 0.0382502 0.0634082 0.0851684 0.092714 0.0818612 0.0587756 0.0346597 0.0174935 0.00886147 0.00642799 0.0074192 0.0101293 0.0137755 0.0179593 0.0223406 0.0265488 0.0302141 0.0330352 0.0348358 0.0355874 0.0353903 0.0344237 0.0328855 0.0309438 0.0287156 0.026271 0.0236548 0.0209117 0.0181026
 1.04336e-16 2.23246e-05 0.000130995 0.000622626 0.00239703 0.00747482 0.018881 0.0386349 0.0640483 0.0860354 0.0936772 0.0827574 0.0595184 0.0352967 0.0181802 0.00980019 0.00782396 0.00945933 0.0129623 0.0174786 0.022497 0.0275285 0.0320419 0.03553 0.0376149 0.0381308 0.0371551 0.0349708 0.031982 0.0286091 0.0252 0.0219824 0.0190604 0.0164439 0.0140932 0.0119582
 1.0278e-16 2.62321e-05 0.000153941 0.000731722 0.0028171 0.0087848 0.0221899 0.0454046 0.0752675 0.101095 0.110047 0.0971521 0.0697258 0.0410583 0.0206109 0.0102477 0.0071737 0.00806822 0.0108738 0.0146265 0.018821 0.0230284 0.0267977 0.0296986 0.0314079 0.0317794 0.0308704 0.0289139 0.0262486 0.0232331 0.0201719 0.0172739 0.0146466 0.0123178 0.0102692 0.00846667
 1.02189e-16 2.53231e-05 0.000148601 0.000706325 0.0027193 0.0084798 0.0214195 0.0438287 0.0726567 0.0975933 0.106247 0.0938259 0.067401 0.0398147 0.0202181 0.0104319 0.00777833 0.0090639 0.0122985 0.0165242 0.0211995 0.0258343 0.0299065 0.0329222 0.0345174 0.0345404 0.0330818 0.0304398 0.0270363 0.0233138 0.0196453 0.0162834 0.0133521 0.0108721 0.00880111 0.00707334
 1.02765e-16 2.10089e-05 0.000123266 0.000585868 0.00225549 0.0070334 0.0177661 0.0363541 0.0602694 0.0809656 0.0881738 0.0779355 0.0561377 0.0334667 0.0175593 0.00998168 0.00856925 0.0107157 0.0147802 0.0199279 0.0256099 0.0312658 0.036276 0.0400475 0.0421375 0.0423524 0.0407846 0.0377733 0.0338066 0.0294011 0.0249968 0.0208972 0.0172594 0.0141227 0.0114542 0.00919292
 1.03626e-16 2.14347e-05 0.000125771 0.000597786 0.00230139 0.00717657 0.0181277 0.0370935 0.0614936 0.0826053 0.0899466 0.0794718 0.0571777 0.0339535 0.0175723 0.00961007 0.00783844 0.00958793 0.0131927 0.0178358 0.0230213 0.028265 0.0330323 0.0368037 0.0391795 0.0399639 0.0391986 0.0371321 0.0341408 0.030631 0.0269543 0.0233605 0.0199913 0.0169034 0.0141051 0.0115874
 1.04106e-16 2.0336e-05 0.000119319 0.000567109 0.00218327 0.0068082 0.0171973 0.0351899 0.0583389 0.078371 0.085345 0.0754273 0.0543142 0.0323462 0.0169114 0.00952162 0.00807934 0.0100638 0.0138958 0.0187861 0.0242314 0.0297242 0.0347007 0.0386151 0.0410512 0.0418111 0.0409501 0.0387416 0.0355922 0.031935 0.0281395 0.0244618 0.0210386 0.0179146 0.0150834 0.0125235
 1.03235e-16 2.65668e-05 0.000155909 0.000741084 0.00285315 0.00889723 0.0224738 0.0459854 0.0762294 0.102385 0.111443 0.0983675 0.0705606 0.0414747 0.0206813 0.0100559 0.00675656 0.00741399 0.00994877 0.0134037 0.0173022 0.0212589 0.0248711 0.0277515 0.0296025 0.0302783 0.0298091 0.0283779 0.0262613 0.0237555 0.0211148 0.0185165 0.0160581 0.0137756 0.0116721 0.00974179
 1.02532e-16 2.44141e-05 0.000143262 0.000680945 0.00262157 0.00817505 0.0206497 0.0422538 0.0700466 0.0940897 0.102438 0.0904769 0.0650259 0.0384735 0.0196513 0.0103257 0.0079264 0.00938296 0.0127783 0.0171803 0.0220464 0.026873 0.0311196 0.0342747 0.0359614 0.036023 0.0345539 0.0318631 0.0283869 0.0245813 0.0208293 0.0173881 0.0143816 0.0118271 0.00967865 0.00786742
 1.03131e-16 2.04039e-05 0.000119714 0.000568984 0.00219048 0.00683068 0.0172541 0.0353063 0.0585327 0.0786335 0.0856368 0.0756994 0.0545407 0.0325423 0.0171254 0.00981657 0.00852 0.0107103 0.0147977 0.0199718 0.0256953 0.0314147 0.0365151 0.0404056 0.0426417 0.0430231 0.0416313 0.038791 0.034975 0.0306851 0.0263507 0.0222696 0.0185989 0.0153836 0.0126005 0.0102007
 1.0353e-16 2.35526e-05 0.000138208 0.000656925 0.0025291 0.00788669 0.0199213 0.0407631 0.0675748 0.0907675 0.0988162 0.0872658 0.0626921 0.037041 0.0188263 0.00974578 0.00731638 0.00857933 0.0116993 0.0158053 0.0204154 0.0250945 0.0293709 0.0327872 0.0349892 0.0358003 0.035251 0.0335517 0.0310248 0.0280189 0.0248363 0.021692 0.018709 0.0159393 0.013395 0.0110757
 1.03597e-16 2.1076e-05 0.000123662 0.000587756 0.00226276 0.00705611 0.0178234 0.0364712 0.0604629 0.0812236 0.0884498 0.0781675 0.0562788 0.0334988 0.0174812 0.0097886 0.00824136 0.0102204 0.0140822 0.0190027 0.024456 0.0299151 0.0347985 0.0385484 0.0407461 0.0412039 0.0400002 0.037441 0.0339695 0.0300532 0.0260874 0.0223414 0.0189516 0.0159501 0.0133098 0.0109838
 1.05985e-16 9.47443e-06 5.55366e-05 0.000263849 0.00101558 0.00316678 0.00799956 0.016372 0.0271528 0.0365094 0.0398452 0.0354216 0.0259569 0.0163627 0.010214 0.00838093 0.0100577 0.0142005 0.0201081 0.0272996 0.0352526 0.0432822 0.050581 0.0563572 0.0600021 0.0612199 0.060079 0.0569631 0.05245 0.0471599 0.0416265 0.0362243 0.0311606 0.0265121 0.0222831 0.0184541
pSPR Fmed_Fpbrs
0.5724   0.255602 0.255602
Fs Fmed_Fpbrs
0.309935   1.005 1.005
SSBpbr Bo_Bmed_Bpbrs
958337  500635  197036 197036
Ro
39340.1
SPR SPRFo_SPRFmed_SPRFpbrs
807959 462476 206516
log_Ro
10.4
likeval ReclasPelacesDesembMPH_pf_preclas_ppelaces_ptallas_desvR_qrecl_qpela
 107.245 88.2592 0.0039519 0.000676881 343.709 205.868 81.4595 0 14.7006 0 0 0 0 0 0
q_reclas_q_pelaces
1 1
M
0.7
N
 38830.8 20729.6 7942.22 958.805 0.258457
 42090.2 16719 7738.61 2964.93 358.031
 20366.4 17796.3 6018.84 2785.91 1196.27
 23704.1 7024.99 4263.81 1442.05 954.09
 50693.2 10701.5 2883.32 1750.03 983.469
 37221.7 24697.2 5115.01 1378.15 1306.53
 76571.5 14637.6 7691.29 1592.94 836.073
 83952.4 33338.7 5587.75 2936.08 927.252
 130491 33451 10658.8 1786.47 1235.15
 143143 53067.8 11140.9 3549.9 1006.35
 72137.6 62218.8 20190.2 4238.65 1733.47
 39680.2 27466.1 18163.5 5894.1 1743.44
 47099.7 15330.3 8255.82 5459.62 2295.71
 28436.5 16077.8 3597.28 1937.24 1819.79
 19846.6 7322.46 2146.81 480.332 501.663
 16650.5 5651.14 1195.54 350.511 160.331
 13900 6499.25 1733.86 366.811 156.735
 15036.8 5722.34 2218.12 591.748 178.681
 15507.4 6531.81 2174.38 842.846 292.749
 30027 6816.42 2541.41 846.012 441.839
 42352.8 13246.9 2671.55 996.051 504.746
 46007.7 19970.5 5931.07 1196.15 671.959
 72766.5 21325.1 8640.07 2566.03 808.219
 81900.4 33162.4 8919.2 3613.7 1411.27
 29020.6 37342 13882.7 3733.84 2103.6
pred_Ctot
 3743.66 3761.97 1441.34 174.003 0.0469044
 4538.73 3368.75 1559.27 597.413 72.1407
 4567.57 6902.74 2334.56 1080.59 464.004
 1557.59 886.116 537.828 181.897 120.347
 690.56 289.12 77.8979 47.2801 26.5701
 5645.44 6801.79 1408.71 379.552 359.829
 6837.48 2471.64 1298.72 268.977 141.176
 12083.4 8757.74 1467.85 771.279 243.58
 17187.1 8105.85 2582.83 432.897 299.302
 12936 9062.54 1902.56 606.227 171.857
 12288.1 19008.5 6168.3 1294.95 529.593
 6427.05 8023.27 5305.83 1721.76 509.284
 10818.4 6067.48 3267.51 2160.82 908.6
 10220.3 9087.72 2033.31 1094.99 1028.61
 6285.06 3760.46 1102.5 246.676 257.63
 2597.86 1596.43 337.737 99.0185 45.293
 1727.77 1493.48 398.429 84.2906 36.0165
 1364.93 981.309 380.38 101.477 30.6415
 1289.75 1031.31 343.315 133.078 46.2223
 2426.53 1047.31 390.474 129.985 67.8862
 1541.54 942.793 190.137 70.89 35.9233
 2212.44 1864.13 553.632 111.653 62.7235
 4326.07 2443.37 989.955 294.008 92.6035
 4844.26 3781 1016.92 412.015 160.906
 2000.71 4931.76 1833.49 493.127 277.822
F
 0.142669 0.285338 0.285338 0.285338 0.285338
 0.160824 0.321649 0.321649 0.321649 0.321649
 0.364413 0.728826 0.728826 0.728826 0.728826
 0.0952652 0.19053 0.19053 0.19053 0.19053
 0.0191023 0.0382045 0.0382045 0.0382045 0.0382045
 0.233301 0.466601 0.466601 0.466601 0.466601
 0.131507 0.263014 0.263014 0.263014 0.263014
 0.220168 0.440335 0.440335 0.440335 0.440335
 0.199731 0.399463 0.399463 0.399463 0.399463
 0.133188 0.266376 0.266376 0.266376 0.266376
 0.265621 0.531243 0.531243 0.531243 0.531243
 0.251018 0.502035 0.502035 0.502035 0.502035
 0.374828 0.749656 0.749656 0.749656 0.749656
 0.656727 1.31345 1.31345 1.31345 1.31345
 0.556174 1.11235 1.11235 1.11235 1.11235
 0.240753 0.481506 0.481506 0.481506 0.481506
 0.187512 0.375025 0.375025 0.375025 0.375025
 0.133816 0.267632 0.267632 0.267632 0.267632
 0.121983 0.243966 0.243966 0.243966 0.243966
 0.118337 0.236675 0.236675 0.236675 0.236675
 0.0517775 0.103555 0.103555 0.103555 0.103555
 0.068923 0.137846 0.137846 0.137846 0.137846
 0.0858396 0.171679 0.171679 0.171679 0.171679
 0.0853849 0.17077 0.17077 0.17077 0.17077
 0.100163 0.200326 0.200326 0.200326 0.200326
nmprior
 10.6 11 7 0
nm_flota  nm_reclas  nm_pelaces    nm_pelaL
inf 14.752 12.7503 27.3638
cv_recla  cv_pelaces  cv_mph
0.936727 1.06525 0.844101
 ------------------------------------------------
Talla a la edad & desviación 
 7.2 14.2025 17.0495 18.207 18.6776
 1.08 2.13037 2.55742 2.73105 2.80164
