years
 1997 1998 1999 2000 2001 2002 2003 2004 2005 2006 2007 2008 2009 2010 2011 2012 2013 2014 2015 2016 2017 2018 2019 2020 2021
reclasobs
 0 0 0 370054 412103 1.49427e+06 250295 1.28982e+06 931140 785840 897777 1.04006e+06 184774 17550 25797 100020 73551 82996 120727 218422 84188 347160 605670 569463 516374
reclaspred
 458421 130989 421834 301927 419113 493565 1.06509e+06 685159 727946 637750 493250 328854 201597 89994 61552.6 63755.8 82241.3 113945 122455 176052 252340 231785 406699 522927 573214
pelacesobs
 0 0 0 0 0 0 0 0 0 2.06254e+06 1.5e+06 0 1.87456e+06 323000 250000 174000 83755 137374 0 501740 490994 745055 786931 1.00524e+06 1.33801e+06
pelacespred
 1.91095e+06 476053 939441 1.02987e+06 1.21518e+06 1.20515e+06 2.88607e+06 2.35767e+06 2.18705e+06 1.94157e+06 1.34185e+06 922002 554273 200271 135816 152970 207693 294853 325821 455587 731013 654480 904594 1.38157e+06 1.57478e+06
mphobs
 0 0 0 0 0 112323 0 153150 637223 0 255016 313432 73983 77613 109348 50772 0 0 0 0 0 0 0 0 0
mphpred
 165378 107803 138094 177595 178054 264099 394171 453678 372761 358557 323606 222541 136375 70627.9 32336.1 27850.7 35227.5 49931 63154.2 73719.7 110067 129462 163680 236373 315835
desembarqueobs
 350755 77701 442110 56441 14545 235359 269955 359681 431902 328805 639364 411747 362871 311530 167758 66681 60226 58785 57116 73181 50977 67692 138656 160484 209506
desembarquepred
 350767 77705.2 442160 56443.3 14545.1 235405 269990 359715 431985 328866 639690 412047 363283 312021 167794 66695.7 60250.4 58787.9 57113.2 73184.6 50978.9 67688.6 138662 160493 209510
Reclutas
 59781.5 73942.6 46033.4 67790.8 112503 84293.5 127542 114281 131580 129056 65878.1 41976.4 42869.2 23469.9 17216.8 20400 16514.6 18771 21645.5 36953.4 45814.2 60864.4 99268.2 119260 51857.5
log_desv_Rt
 0.118452 0.331045 -0.142878 0.244182 0.750735 0.46206 0.876197 0.766415 0.907368 0.887999 0.215562 -0.235136 -0.214091 -0.816526 -1.12636 -0.956712 -1.168 -1.03993 -0.897447 -0.362586 -0.147651 0.136404 0.62558 0.809061 -0.0237453
SSB
 720001 469341 601215 773191 775188 1.1498e+06 1.7161e+06 1.97517e+06 1.62288e+06 1.56104e+06 1.40888e+06 968873 593734 307491 140781 121253 153369 217384 274953 320952 479195 563637 712609 1.02909e+06 1.37504e+06
BT
 2.48113e+06 667790 1.31033e+06 1.22414e+06 1.3881e+06 1.54347e+06 3.46088e+06 3.07527e+06 2.87553e+06 2.51538e+06 2.0967e+06 1.42096e+06 983295 524248 295699 228327 284421 381087 416914 575841 870442 801712 1.11753e+06 1.69462e+06 1.94579e+06
Ftot
 0.424193 0.322215 0.452783 0.0855903 0.0178162 0.182901 0.115328 0.233774 0.273425 0.229077 0.492885 0.466727 0.745564 1.35326 1.34605 0.526932 0.359958 0.24056 0.199212 0.204232 0.0952058 0.125749 0.1478 0.14076 0.138008
BD_Bspro_t
 0.949662 0.771838 0.741155 0.631843 0.74279 0.849262 0.820116 0.823447 0.767477 0.723991 0.680868 0.522737 0.407495 0.293373 0.176263 0.185982 0.291501 0.45163 0.567407 0.658382 0.759649 0.829704 0.837375 0.843808 0.846103
BD_Bspro
 0.660169 0.430339 0.551255 0.708939 0.710771 1.05425 1.57349 1.81103 1.48802 1.43132 1.2918 0.888361 0.544395 0.281939 0.129082 0.111177 0.140624 0.199319 0.252105 0.294281 0.439374 0.516799 0.653392 0.943575 1.26078
BD_Bo
 0.567048 0.369637 0.473497 0.608939 0.610512 0.905545 1.35154 1.55557 1.27813 1.22942 1.10958 0.763051 0.467604 0.24217 0.110874 0.0954947 0.120788 0.171204 0.216544 0.252771 0.377398 0.443901 0.561226 0.810477 1.08294
BD_Brms
 1.96963 1.28393 1.64468 2.11514 2.1206 3.1454 4.69455 5.40326 4.43955 4.27039 3.85412 2.65045 1.62422 0.841172 0.38512 0.3317 0.419556 0.594674 0.752161 0.877996 1.31088 1.54188 1.94941 2.81518 3.76156
S_f
 0.185568 1 1 1 1
 0.185568 1 1 1 1
 0.185568 1 1 1 1
 0.185568 1 1 1 1
 0.185568 1 1 1 1
 0.185568 1 1 1 1
 0.185568 1 1 1 1
 0.185568 1 1 1 1
 0.185568 1 1 1 1
 0.185568 1 1 1 1
 0.185568 1 1 1 1
 0.185568 1 1 1 1
 0.185568 1 1 1 1
 0.185568 1 1 1 1
 0.185568 1 1 1 1
 0.185568 1 1 1 1
 0.185568 1 1 1 1
 0.185568 1 1 1 1
 0.185568 1 1 1 1
 0.185568 1 1 1 1
 0.185568 1 1 1 1
 0.185568 1 1 1 1
 0.185568 1 1 1 1
 0.185568 1 1 1 1
 0.185568 1 1 1 1
Scru_reclas
 0.999873 1 1 1 1
 0.999873 1 1 1 1
 0.999873 1 1 1 1
 0.999873 1 1 1 1
 0.999873 1 1 1 1
 0.999873 1 1 1 1
 0.999873 1 1 1 1
 0.999873 1 1 1 1
 0.999873 1 1 1 1
 0.999873 1 1 1 1
 0.999873 1 1 1 1
 0.999873 1 1 1 1
 0.999873 1 1 1 1
 0.999873 1 1 1 1
 0.999873 1 1 1 1
 0.999873 1 1 1 1
 0.999873 1 1 1 1
 0.999873 1 1 1 1
 0.999873 1 1 1 1
 0.999873 1 1 1 1
 0.999873 1 1 1 1
 0.999873 1 1 1 1
 0.999873 1 1 1 1
 0.999873 1 1 1 1
 0.999873 1 1 1 1
Scru_pelaces
 0.974335 1 1 1 1
 0.974335 1 1 1 1
 0.974335 1 1 1 1
 0.974335 1 1 1 1
 0.974335 1 1 1 1
 0.974335 1 1 1 1
 0.974335 1 1 1 1
 0.974335 1 1 1 1
 0.974335 1 1 1 1
 0.974335 1 1 1 1
 0.974335 1 1 1 1
 0.974335 1 1 1 1
 0.974335 1 1 1 1
 0.974335 1 1 1 1
 0.974335 1 1 1 1
 0.974335 1 1 1 1
 0.974335 1 1 1 1
 0.974335 1 1 1 1
 0.974335 1 1 1 1
 0.974335 1 1 1 1
 0.974335 1 1 1 1
 0.974335 1 1 1 1
 0.974335 1 1 1 1
 0.974335 1 1 1 1
 0.974335 1 1 1 1
pf_obs 
 0.256992 0.487395 0.22802 0.0275931 0
 0.321318 0.546541 0.124235 0.00734118 0.000564706
 0.182869 0.594174 0.210203 0.0122559 0.00049798
 0.330522 0.361315 0.267642 0.0388342 0.00168674
 0.649043 0.306663 0.0425973 0.00169635 0
 0.582887 0.30429 0.105238 0.00758474 0
 0.465427 0.430635 0.0974691 0.00646863 0
 0.296916 0.608066 0.0921331 0.00288517 0
 0.311714 0.524322 0.152257 0.0117073 0
 0.15457 0.633149 0.183074 0.0267441 0.00246327
 0.131901 0.49318 0.331252 0.0422183 0.00144891
 0.196976 0.569456 0.194076 0.0375587 0.00193317
 0.518974 0.381816 0.0799577 0.0180837 0.00116848
 0.0928022 0.601141 0.25162 0.0475244 0.00691264
 0.122501 0.610282 0.24278 0.0234846 0.000952079
 0.383417 0.481906 0.127806 0.00687128 0
 0.0376549 0.599619 0.316969 0.0457579 0
 0.0361596 0.667082 0.258105 0.0386534 0
 0.158088 0.579412 0.248529 0.0139706 0
 0.0477256 0.309471 0.559284 0.082774 0.000745712
 0.0406174 0.521527 0.379366 0.0568643 0.0016247
 0.151134 0.462217 0.34131 0.0453401 0
 0.294876 0.26143 0.354403 0.0886775 0.000613685
 0.281977 0.475581 0.204845 0.0348837 0.00271318
 0.0354234 0.537034 0.353287 0.0723622 0.0018943
pf_pred 
 0.369473 0.445489 0.16554 0.0194882 1.00416e-05
 0.307542 0.549852 0.100756 0.03744 0.0044099
 0.175019 0.606841 0.173215 0.0317403 0.0131836
 0.265589 0.43038 0.22364 0.0638353 0.0165559
 0.298058 0.470023 0.13591 0.0706233 0.0253867
 0.172893 0.576987 0.167482 0.0484283 0.0342109
 0.251275 0.412318 0.234676 0.0681192 0.0336115
 0.195873 0.527491 0.152342 0.0867071 0.0375871
 0.22699 0.459142 0.205891 0.0594623 0.0485147
 0.211658 0.506484 0.167414 0.075073 0.0393711
 0.126796 0.538491 0.215042 0.0710804 0.0485904
 0.132037 0.431398 0.269222 0.107512 0.0598303
 0.212172 0.398201 0.193654 0.120854 0.0751196
 0.1943 0.54414 0.132203 0.0642934 0.0650634
 0.277977 0.520016 0.136428 0.0331464 0.0324327
 0.35332 0.519714 0.0914434 0.0239906 0.0115319
 0.23007 0.608893 0.12942 0.0227714 0.00884585
 0.244738 0.495363 0.205539 0.0436872 0.0106728
 0.24221 0.501113 0.16835 0.0698528 0.0184743
 0.317444 0.446256 0.156261 0.0524962 0.0275428
 0.267509 0.53739 0.127557 0.0446653 0.0228782
 0.262245 0.496324 0.177125 0.0420431 0.0222625
 0.305748 0.465083 0.154174 0.0550205 0.0199753
 0.25818 0.532281 0.140371 0.0465325 0.0226352
 0.104576 0.597042 0.214099 0.0564613 0.0278213
pobs_RECLAS
 0 0 0 0 0
 0 0 0 0 0
 0 0 0 0 0
 0 0 0 0 0
 0.835266 0.146461 0.0176864 0.000547809 3.91292e-05
 0.385257 0.428462 0.181853 0.0044286 0
 0.867414 0.0963971 0.0333333 0.00285562 0
 0.441836 0.489002 0.0689373 0.000224442 0
 0.779404 0.147425 0.0564933 0.0165055 0.000172143
 0.814271 0.122319 0.05973 0.00367925 0
 0.40263 0.566651 0.0304383 0.000280538 0
 0.475488 0.404961 0.113038 0.00651328 0
 0.955842 0.0263864 0.0167828 0.000988607 0
 0.975058 0.0227948 0.00214734 0 0
 0.738997 0.206755 0.0527124 0.00153531 0
 0.850938 0.134255 0.0134407 0.00136685 0
 0.542534 0.407297 0.0501686 0 0
 0.764087 0.199537 0.0359546 0.000420521 0
 0.470689 0.182191 0.310203 0.0369168 0
 0.84361 0.089868 0.0606195 0.00523954 0.000663233
 0.607945 0.314616 0.071237 0.00620181 0
 0.523733 0.453247 0.0230204 0 0
 0.530135 0.295979 0.169645 0.0042399 0
 0.562478 0.366248 0.0663022 0.0049721 0
 0.250443 0.683176 0.0655157 0.000865301 0
ppred_RECLAS
 0.764354 0.166492 0.0618669 0.00728329 3.75283e-06
 0.709261 0.230864 0.042304 0.0157198 0.00185157
 0.540668 0.337877 0.0964428 0.0176724 0.00734037
 0.661818 0.198181 0.102982 0.0293949 0.00762364
 0.696036 0.203535 0.0588533 0.0305822 0.0109933
 0.532173 0.326354 0.0947307 0.0273919 0.0193503
 0.645276 0.195344 0.111182 0.0322729 0.0159242
 0.570787 0.281555 0.0813144 0.046281 0.0200626
 0.616476 0.2278 0.102152 0.0295018 0.0240703
 0.594376 0.2606 0.0861392 0.0386271 0.0202575
 0.447014 0.341018 0.136183 0.0450141 0.0307715
 0.457994 0.26939 0.168118 0.0671365 0.0373615
 0.605589 0.199351 0.0969491 0.060503 0.0376071
 0.597331 0.271948 0.0660719 0.0321323 0.0325171
 0.70289 0.213984 0.0561397 0.0136396 0.0133459
 0.753117 0.198411 0.0349104 0.00915888 0.00440254
 0.622058 0.298892 0.0635295 0.011178 0.00434224
 0.638976 0.236789 0.0982498 0.0208829 0.00510169
 0.635189 0.241243 0.0810462 0.0336281 0.00889381
 0.717058 0.184988 0.0647751 0.0217614 0.0114174
 0.664129 0.246411 0.058489 0.0204805 0.0104904
 0.658456 0.229774 0.0820002 0.0194639 0.0103064
 0.705151 0.19752 0.0654774 0.0233672 0.0084835
 0.653886 0.248348 0.0654934 0.0217109 0.010561
 0.387953 0.408095 0.146343 0.0385929 0.0190166
pobs_PELACES
 0 0 0 0 0
 0 0 0 0 0
 0 0 0 0 0
 0 0 0 0 0
 0 0 0 0 0
 0 0 0 0 0
 0 0 0 0 0
 0 0 0 0 0
 0 0 0 0 0
 0 0 0 0 0
 0.450072 0.473896 0.0757376 0.000293798 0
 0 0 0 0 0
 0.463077 0.371075 0.160297 0.00555027 0
 0.529543 0.364841 0.0842815 0.0213345 0
 0.631943 0.363953 0.00410389 0 0
 0.735681 0.248677 0.0153453 0.000297389 0
 0.695825 0.281241 0.0229344 0 0
 0.275771 0.60734 0.115278 0.00161068 0
 0 0 0 0 0
 0.896147 0.0623911 0.0374545 0.00400742 0
 0.803859 0.145111 0.0509908 3.86294e-05 0
 0.739449 0.233085 0.0266225 0.000797448 4.60066e-05
 0.878498 0.100942 0.0204185 0.000141795 0
 0.694673 0.275183 0.0284847 0.00165964 0
 0.469039 0.446079 0.0841089 0.000773354 0
ppred_PELACES
 0.779857 0.155538 0.0577967 0.00680412 3.50593e-06
 0.721622 0.221048 0.0405053 0.0150514 0.00177284
 0.564353 0.320454 0.0914697 0.0167611 0.00696186
 0.661176 0.198558 0.103177 0.0294507 0.00763813
 0.691557 0.206534 0.0597206 0.0310328 0.0111553
 0.537965 0.322314 0.0935578 0.0270528 0.0191108
 0.646448 0.194699 0.110815 0.0321663 0.0158716
 0.579816 0.275632 0.0796038 0.0453074 0.0196405
 0.627669 0.221152 0.0991702 0.0286408 0.0233678
 0.602952 0.25509 0.084318 0.0378104 0.0198292
 0.473488 0.324691 0.129663 0.042859 0.0292983
 0.482793 0.257064 0.160426 0.0640647 0.035652
 0.646415 0.178717 0.0869139 0.0542403 0.0337144
 0.675286 0.2193 0.0532807 0.0259116 0.0262219
 0.76799 0.167098 0.043839 0.010651 0.0104217
 0.774003 0.181626 0.031957 0.00838406 0.00403009
 0.63857 0.285834 0.0607539 0.0106896 0.00415253
 0.647873 0.230954 0.0958285 0.0203683 0.00497597
 0.641576 0.237019 0.0796273 0.0330394 0.0087381
 0.722908 0.181163 0.0634359 0.0213115 0.0111813
 0.664066 0.246458 0.0585001 0.0204843 0.0104924
 0.660235 0.228576 0.0815729 0.0193625 0.0102527
 0.708023 0.195597 0.0648398 0.0231396 0.00840088
 0.656588 0.24641 0.0649822 0.0215414 0.0104786
 0.39062 0.406316 0.145705 0.0384247 0.0189338
pobs_pel_tallas
 0 0 0 0 0 0 0 0 0 0 0 0 0 0 0 0 0 0 0 0 0 0 0 0 0 0 0 0 0 0 0 0 0 0 0 0
 0 0 0 0 0 0 0 0 0 0 0 0 0 0 0 0 0 0 0 0 0 0 0 0 0 0 0 0 0 0 0 0 0 0 0 0
 0 0 0 0 0 0 0 0 0 0 0 0 0 0 0 0 0 0 0 0 0 0 0 0 0 0 0 0 0 0 0 0 0 0 0 0
 0 0 0 0 0 0 0 0 0 0 0 0 0 0 0 0 0 0 0 0 0 0 0 0 0 0 0 0 0 0 0 0 0 0 0 0
 0 0 0 0 0 0 0 0 0 0 0 0 0 0 0 0 0 0 0 0 0 0 0 0 0 0 0 0 0 0 0 0 0 0 0 0
 0 0 0 0 0 0 0 0 0 0 0 0 0 0 0 0 0 0 0 0 0 0 0 0 0 0 0 0 0 0 0 0 0 0 0 0
 0 0 0 0 0 0 0 0 0 0 0 0 0 0 0 0 0 0 0 0 0 0 0 0 0 0 0 0 0 0 0 0 0 0 0 0
 0 0 0 0 0 0 0 0 0 0 0 0 0 0 0 0 0 0 0 0 0 0 0 0 0 0 0 0 0 0 0 0 0 0 0 0
 0 0 0 0 0 0 0 0 0 0 0 0 0 0 0 0 0 0 0 0 0 0 0 0 0 0 0 0 0 0 0 0 0 0 0 0
 0 0 0 0 0 0 0 0 0 0 0 0 0 0 0 0 0 0 0 0 0 0 0 0 0 0 0 0 0 0 0 0 0 0 0 0
 0 0 0 0 0 0 0 0 1.78061e-05 0.00172719 0.00360574 0.0105946 0.0120993 0.0124554 0.0147524 0.0171206 0.0266825 0.0428682 0.0675386 0.121331 0.153587 0.119568 0.100827 0.0573624 0.0630603 0.0341343 0.0324427 0.0444173 0.0211091 0.0280891 0.0125444 0.00206551 0 0 0 0
 0 0 0 0 0 0 0 0 0 0 0 0 0 0 0 0 0 0 0 0 0 0 0 0 0 0 0 0 0 0 0 0 0 0 0 0
 0 0 0 0 0 0 0.0133647 0.0140871 0.0187388 0.0205184 0.03894 0.0496705 0.03968 0.0493445 0.0407372 0.0367815 0.0215668 0.0243155 0.0234873 0.0199281 0.019796 0.0243948 0.0301388 0.0376714 0.0412746 0.0863199 0.0771752 0.113111 0.0741005 0.0525337 0.0229764 0.00759418 0.00175318 0 0 0
 0 0 0 0 0 0 0 0 0 0 0.00219441 0.00772107 0.0458388 0.0604681 0.0671733 0.0775358 0.0609151 0.0617685 0.073594 0.0568108 0.0755445 0.0548602 0.0670107 0.0636378 0.0643287 0.046367 0.0373049 0.0286899 0.0247887 0.0153202 0.00654259 0.00121912 0.000365735 0 0 0
 0 0 0 0 0 0 0 0 0 0 0 0 0.000112435 0.00938835 0.0111873 0.0202946 0.0414886 0.0713402 0.111592 0.104902 0.108894 0.110636 0.117776 0.105296 0.107544 0.0401394 0.0192827 0.0124803 0.00416011 0.0028671 0.000618394 0 0 0 0 0
 0 0 0 0 0 0 0 0 0 0 0.00291406 0.0102884 0.027416 0.0768956 0.0749926 0.110853 0.0956884 0.0897413 0.0766577 0.0534642 0.0500743 0.0551293 0.0594112 0.0620874 0.0668451 0.0424026 0.0208742 0.0120726 0.0048766 0.00582813 0.00118941 0.000297354 0 0 0 0
 0 0.00264628 0.0354308 0.0461629 0.0458689 0.0383711 0.0214643 0.0164657 0.0346957 0.0420465 0.0363128 0.0245516 0.0311673 0.0291091 0.0169068 0.0133784 0.00837989 0.0085269 0.0148486 0.0160247 0.0276389 0.0546898 0.0760071 0.122758 0.109233 0.0665981 0.0333725 0.0166128 0.00676272 0.00308733 0.000882094 0 0 0 0 0
 0 0 0 0 0 0 0 0.000805153 0.000690131 0.00759144 0.0133425 0.0154129 0.00931677 0.000345066 0.00356568 0.00563607 0.00851162 0.0253048 0.0502646 0.0516448 0.0657925 0.0565908 0.0611916 0.0827007 0.0866115 0.110766 0.145733 0.0935128 0.0569358 0.0249597 0.0138026 0.00621118 0.00161031 0.00115022 0 0
 0 0 0 0 0 0 0 0 0 0 0 0 0 0 0 0 0 0 0 0 0 0 0 0 0 0 0 0 0 0 0 0 0 0 0 0
 0.00147267 0.00158595 0.00478618 0.00569244 0.00954404 0.0108468 0.00647125 0.017049 0.0510054 0.094081 0.124002 0.0959785 0.0687766 0.0820023 0.061753 0.0591476 0.0492212 0.0479892 0.0443925 0.0268479 0.0217502 0.0140895 0.0121071 0.0120363 0.00920419 0.00665534 0.0049561 0.00860946 0.00930331 0.0156896 0.0114698 0.00855282 0.00243557 0.00046729 0 2.83206e-05
 0 0 0 0 0.000772559 0.00158375 0.000888443 0.00281984 0.00712685 0.0440552 0.0773331 0.111326 0.0921469 0.0852325 0.0710754 0.0886704 0.0786465 0.0553345 0.0373146 0.0185414 0.00753245 0.00457741 0.012979 0.0271748 0.0457355 0.0583668 0.034881 0.0177882 0.00938659 0.00492506 0.0015258 0.00185414 0.000309023 5.79419e-05 3.86279e-05 0
 0 0.00173294 0.00326652 0 0.00397197 0.00683976 0.00946217 0.0152591 0.00757587 0.0136028 0.0228656 0.0392903 0.0559909 0.0764795 0.0681675 0.0726916 0.0566044 0.0477403 0.0527397 0.0444891 0.0609904 0.0582453 0.0661739 0.0445044 0.0529084 0.0360697 0.0280645 0.0235558 0.0158879 0.00826598 0.00280645 0.00217768 0.000904811 0.00058276 9.20147e-05 0
 0 0 0 0 0 0 0 0 0 0 0 0 0 0 0 0 0 0 0 0 0 0 0 0 0 0 0 0 0 0 0 0 0 0 0 0
 0 0 0 0 0 0 0 0 0 0 0 0 0 0 0 0 0 0 0 0 0 0 0 0 0 0 0 0 0 0 0 0 0 0 0 0
 0 0 0 0 0 0 0 0 0 0 0 0 0 0 0 0 0 0 0 0 0 0 0 0 0 0 0 0 0 0 0 0 0 0 0 0
ppred_pel_tallas
 1.01106e-16 3.40245e-05 0.0001997 0.000949294 0.00365485 0.0113973 0.0287887 0.0589053 0.0976414 0.131128 0.142687 0.125847 0.0900555 0.0524972 0.0253661 0.0109841 0.00562781 0.00491725 0.00616907 0.00820639 0.0105503 0.0129145 0.0150368 0.0166726 0.0176366 0.0178412 0.0173123 0.0161752 0.0146166 0.0128382 0.011016 0.00927587 0.00769008 0.00628657 0.00506586 0.0040162
 1.01248e-16 3.14878e-05 0.000184802 0.000878451 0.00338206 0.0105466 0.02664 0.0545094 0.090357 0.121352 0.132068 0.116523 0.0834773 0.0488508 0.0239561 0.0109743 0.00649117 0.00647412 0.00843764 0.0112569 0.014415 0.0175404 0.020268 0.0222589 0.0232655 0.0231875 0.0220925 0.0201917 0.0177815 0.0151715 0.0126227 0.0103109 0.00832129 0.00666564 0.0053106 0.0042051
 1.02305e-16 2.46343e-05 0.000144556 0.000687098 0.00264527 0.00824895 0.0208364 0.0426356 0.0706791 0.0949378 0.103358 0.0912804 0.0655842 0.0387655 0.0197302 0.0102549 0.00774055 0.00908686 0.0123627 0.0166386 0.0213858 0.0261215 0.0303265 0.0335057 0.0352885 0.0355103 0.0342439 0.0317673 0.028483 0.0248183 0.0211387 0.017698 0.0146299 0.0119714 0.00970014 0.00776982
 1.02899e-16 2.88513e-05 0.000169325 0.000804876 0.00309879 0.00966325 0.0244086 0.0499438 0.082789 0.111188 0.121008 0.106768 0.076496 0.0447805 0.0219906 0.0101308 0.00608279 0.00616543 0.00811965 0.0109368 0.0141663 0.0174887 0.020582 0.0231338 0.0248969 0.0257371 0.0256548 0.0247686 0.023272 0.0213799 0.0192826 0.0171202 0.014981 0.0129137 0.0109465 0.0091023
 1.02503e-16 3.01762e-05 0.000177103 0.000841854 0.00324116 0.0101072 0.0255301 0.0522384 0.0865924 0.116296 0.126565 0.111668 0.0799974 0.0468122 0.0229534 0.0105125 0.0062204 0.00621796 0.0081319 0.0108966 0.0140317 0.0171977 0.0200589 0.0222986 0.0236775 0.0240851 0.0235586 0.022262 0.0204356 0.018333 0.0161681 0.014086 0.0121602 0.0104097 0.00882384 0.00738435
 1.03256e-16 2.34837e-05 0.000137801 0.000654983 0.00252162 0.00786334 0.0198624 0.0406427 0.067376 0.0905027 0.098534 0.0870308 0.0625543 0.0370216 0.01893 0.00998197 0.00770996 0.00916702 0.012517 0.0168719 0.0217185 0.0265789 0.0309363 0.0342955 0.0362839 0.0367324 0.0357066 0.0334735 0.0304223 0.0269644 0.023449 0.0201153 0.0170865 0.0143944 0.0120184 0.00992064
 1.03484e-16 2.82089e-05 0.000165554 0.00078695 0.00302977 0.00944801 0.023865 0.0488313 0.080945 0.108712 0.118314 0.104393 0.0747968 0.0437922 0.0215175 0.00993469 0.00599731 0.00610954 0.00806655 0.0108863 0.0141327 0.0174963 0.0206643 0.0233307 0.0252498 0.0262832 0.0264204 0.0257637 0.0244873 0.0227863 0.0208341 0.0187593 0.0166447 0.0145407 0.0124828 0.010505
 1.03695e-16 2.53066e-05 0.000148508 0.000705894 0.00271766 0.00847469 0.0214066 0.0438018 0.0726109 0.0975279 0.106165 0.0937299 0.0672795 0.0396376 0.0199348 0.00997386 0.00706345 0.00800528 0.010819 0.0145778 0.0187948 0.0230544 0.0269171 0.0299621 0.0318709 0.0324949 0.0318812 0.0302448 0.0279006 0.0251805 0.0223631 0.0196359 0.0170923 0.0147552 0.0126103 0.0106362
 1.03556e-16 2.73911e-05 0.00016075 0.000764108 0.00294181 0.00917372 0.0231722 0.047414 0.0785965 0.105561 0.114891 0.101391 0.0726843 0.0426326 0.0210913 0.0099785 0.00634895 0.00671907 0.00894633 0.0120617 0.0156102 0.019247 0.0226176 0.0253788 0.0272622 0.0281282 0.0279876 0.0269827 0.0253368 0.0232925 0.0210591 0.0187851 0.0165557 0.0144097 0.0123631 0.0104281
 1.03506e-16 2.63146e-05 0.000154428 0.000734042 0.00282604 0.00881269 0.0222603 0.0455484 0.0755053 0.101413 0.110386 0.0974387 0.0699025 0.0411041 0.0205264 0.01003 0.00680248 0.00750818 0.0100871 0.013588 0.0175328 0.021531 0.0251746 0.028072 0.0299246 0.030589 0.0301017 0.0286536 0.026529 0.02403 0.021412 0.0188496 0.0164335 0.0141915 0.0121185 0.0102025
 1.04789e-16 2.06723e-05 0.000121296 0.000576514 0.00221949 0.00692117 0.0174826 0.0357734 0.0593053 0.0796662 0.0867473 0.0766476 0.0551512 0.0327613 0.0169763 0.00931908 0.00764435 0.00938218 0.0129312 0.0175087 0.0226414 0.0278662 0.0326699 0.0365517 0.0391234 0.0401896 0.03978 0.0381192 0.0355511 0.032446 0.0291211 0.0257981 0.0225996 0.0195744 0.0167333 0.0140791
 1.06229e-16 2.10754e-05 0.000123668 0.000587806 0.00226299 0.00705684 0.0178252 0.036474 0.0604646 0.0812172 0.08842 0.0780868 0.0561027 0.0331583 0.0168748 0.00877728 0.00665366 0.00787126 0.0108087 0.014713 0.0191835 0.0238609 0.0283465 0.0322401 0.0352127 0.0370683 0.0377704 0.0374229 0.0362192 0.0343789 0.0320966 0.0295159 0.0267325 0.023813 0.0208186 0.01782
 1.04732e-16 2.82067e-05 0.000165543 0.0007869 0.00302958 0.00944744 0.0238635 0.0488282 0.0809394 0.108703 0.1183 0.104371 0.0747611 0.0437304 0.0214109 0.00975722 0.00571625 0.0056878 0.00746791 0.0100833 0.0131158 0.0162834 0.0193058 0.0219102 0.0238777 0.0250848 0.0255198 0.0252677 0.0244718 0.0232873 0.0218443 0.0202307 0.0184949 0.0166624 0.0147562 0.0128097
 1.02944e-16 2.94672e-05 0.000172939 0.000822057 0.00316493 0.00986952 0.0249297 0.05101 0.0845567 0.113563 0.123595 0.109057 0.0781489 0.0457738 0.0225248 0.0104517 0.00636994 0.00651592 0.00857224 0.0114909 0.0147874 0.0181071 0.0210962 0.0234217 0.0248347 0.0252242 0.0246373 0.0232552 0.0213381 0.0191573 0.0169381 0.0148286 0.0128974 0.0111534 0.00957388 0.00812987
 1.0153e-16 3.35074e-05 0.000196664 0.000934856 0.00359926 0.0112239 0.0283508 0.0580094 0.0961567 0.129135 0.140522 0.123944 0.0887103 0.0517453 0.0250631 0.0109554 0.00576072 0.00516854 0.00653525 0.00869497 0.0111629 0.0136388 0.0158446 0.0175228 0.0184819 0.0186375 0.0180285 0.0167994 0.0151578 0.0133227 0.0114793 0.0097536 0.00820896 0.00685918 0.00568899 0.0046731
 1.0099e-16 3.37702e-05 0.000198205 0.000942181 0.00362745 0.0113119 0.0285729 0.058464 0.0969106 0.130148 0.141627 0.124926 0.0894263 0.0521904 0.0253294 0.0111571 0.00598636 0.00547336 0.00694958 0.00922957 0.0118076 0.0143589 0.01658 0.0181918 0.0189917 0.0188986 0.0179702 0.0163822 0.0143806 0.0122222 0.0101228 0.00822783 0.00660682 0.00526807 0.00418205 0.00330425
 1.01517e-16 2.7869e-05 0.00016355 0.000777405 0.00299299 0.0093333 0.0235753 0.0482394 0.0799663 0.107405 0.116911 0.103204 0.0740494 0.0435646 0.0217944 0.0107106 0.00733324 0.00812353 0.0108862 0.0145912 0.0187012 0.0227665 0.0263197 0.0289212 0.0302482 0.0301673 0.0287624 0.0263029 0.0231704 0.0197652 0.0164267 0.0133863 0.0107598 0.00856788 0.00677274 0.00531202
 1.02368e-16 2.82725e-05 0.000165924 0.000788702 0.0030365 0.00946901 0.0239181 0.0489402 0.0811265 0.108959 0.11859 0.104654 0.0750243 0.0440054 0.0217703 0.0102981 0.00654652 0.00691642 0.00919075 0.0123614 0.015949 0.0195867 0.0228982 0.0255223 0.0271803 0.0277337 0.0272084 0.0257733 0.0236867 0.0212294 0.0186463 0.0161138 0.0137346 0.0115534 0.00958079 0.00781405
 1.02752e-16 2.79981e-05 0.000164313 0.00078104 0.003007 0.00937701 0.0236857 0.0484648 0.0803386 0.107901 0.11744 0.103645 0.0743094 0.0436044 0.0216057 0.0102762 0.00660591 0.00703193 0.00935776 0.0125808 0.0162185 0.0198973 0.023234 0.0258627 0.0275046 0.0280268 0.027465 0.0260008 0.0239046 0.021465 0.0189281 0.0164651 0.0141676 0.0120664 0.0101585 0.00843091
 1.02215e-16 3.15423e-05 0.000185125 0.000879997 0.00338803 0.0105652 0.026687 0.0546053 0.0905148 0.12156 0.132286 0.116696 0.0835559 0.0488071 0.0237686 0.0106109 0.00590175 0.00559591 0.00721155 0.00964831 0.0124349 0.0152619 0.0178323 0.0198658 0.0211484 0.0215774 0.0211787 0.0200891 0.0185132 0.0166696 0.014745 0.0128692 0.011112 0.00949723 0.00802362 0.00668254
 1.02105e-16 2.89791e-05 0.000170071 0.000808415 0.0031124 0.00970568 0.0245159 0.0501635 0.0831545 0.111683 0.121556 0.107275 0.0769089 0.0451226 0.0223439 0.0106015 0.00677596 0.00717383 0.00951424 0.0127507 0.0163746 0.0199914 0.0231995 0.0256211 0.0269757 0.0271423 0.0261823 0.0243135 0.0218471 0.0191101 0.016378 0.0138377 0.0115816 0.00962735 0.00794873 0.00650422
 1.02377e-16 2.88114e-05 0.000169088 0.000803746 0.00309442 0.00964964 0.0243743 0.0498737 0.0826736 0.111036 0.120848 0.106643 0.0764392 0.0448138 0.02213 0.0103999 0.00651855 0.00681348 0.00902232 0.0121175 0.015614 0.0191456 0.0223402 0.024843 0.0263837 0.0268331 0.0262264 0.0247408 0.0226409 0.0202102 0.017693 0.0152606 0.0130074 0.0109671 0.00913816 0.00750687
 1.02172e-16 3.08938e-05 0.000181317 0.000861888 0.0033183 0.0103478 0.0261377 0.0534816 0.0886527 0.119061 0.129571 0.114311 0.081871 0.0478688 0.0233972 0.0105904 0.00609456 0.00595353 0.00773685 0.0103593 0.0133427 0.0163591 0.0190886 0.0212284 0.0225489 0.0229416 0.022438 0.0211906 0.0194255 0.0173839 0.0152717 0.0132317 0.0113406 0.00962311 0.00807518 0.0066836
 1.02233e-16 2.8653e-05 0.000168157 0.000799314 0.00307736 0.00959641 0.0242399 0.0495988 0.0822184 0.110426 0.120189 0.106071 0.07605 0.044628 0.0221164 0.0105233 0.00676644 0.00719636 0.00955962 0.0128223 0.0164809 0.0201428 0.0234072 0.0258954 0.0273245 0.0275693 0.0266858 0.0248852 0.0224725 0.0197691 0.0170473 0.0144927 0.0121995 0.0101895 0.00844193 0.00692174
 1.04406e-16 1.70623e-05 0.000100094 0.000475701 0.00183131 0.00571061 0.0144249 0.0295179 0.048939 0.0657537 0.0716321 0.0633726 0.0457746 0.0275433 0.0149191 0.0092221 0.00874589 0.0114159 0.0159174 0.0215516 0.0278049 0.0341095 0.0398199 0.0443079 0.0470929 0.0479444 0.0469226 0.0443391 0.0406604 0.0363866 0.0319474 0.0276444 0.0236434 0.0200039 0.0167245 0.0137835
pSPR Fmed_Fpbrs
0.681035   0.337895 0.337895
Fs Fmed_Fpbrs
0.245793   1.005 1.005
SSBpbr Bo_Bmed_Bpbrs
1.26974e+06  801247  365551 365551
Ro
53103.6
SPR SPRFo_SPRFmed_SPRFpbrs
1.09063e+06 742757 368519
log_Ro
10.7
likeval ReclasPelacesDesembMPH_pf_preclas_ppelaces_ptallas_desvR_qrecl_qpela
 60.546 21.4322 0.0249506 0.000229983 316.324 197.375 77.5681 0 15.8548 6.56576e-05 1.08541e-05 0 0 0 0
q_reclas_q_pelaces
0.317201 1.59794
M
0.7
N
 59781.5 15475 5750.36 676.962 0.348815
 73942.6 27439.4 5028.05 1868.38 220.068
 46033.4 34587.6 9872.62 1809.08 751.416
 67790.8 21017.3 10921.3 3117.35 808.493
 112503 33133.5 9580.73 4978.47 1789.6
 84293.5 55682.9 16163 4673.64 3301.57
 127542 40462 23029.4 6684.74 3298.4
 114281 61994.2 17904.2 10190.4 4417.48
 131580 54341 24367.9 7037.56 5741.88
 129056 62107.9 20529.3 9205.87 4827.9
 65878.1 61420 24527.5 8107.39 5542.19
 41976.4 29854.7 18631.4 7440.3 4140.53
 42869.2 19115.5 9296.29 5801.53 3606.09
 23469.9 18537.6 4503.86 2190.33 2216.56
 17216.8 9066.59 2378.66 577.914 565.471
 20400 6659.89 1171.8 307.428 147.776
 16514.6 9186.64 1952.62 343.562 133.461
 18771 7671.02 3182.9 676.524 165.274
 21645.5 8914.45 2994.84 1242.63 328.646
 36953.4 10358.7 3627.21 1218.57 639.338
 45814.2 17668.1 4193.76 1468.48 752.179
 60864.4 22352.2 7976.93 1893.43 1002.6
 99268.2 29527.3 9788.2 3493.15 1268.2
 119260 47961.5 12648.2 4192.84 2039.55
 51857.5 57695.9 20689.7 5456.21 2688.55
pred_Ctot
 3269.31 3941.95 1464.79 172.443 0.0888539
 3097.09 5537.27 1014.66 377.038 44.4098
 2680.93 9295.53 2653.3 486.195 201.945
 768.92 1246.01 647.471 184.813 47.9317
 267.101 421.206 121.794 63.2884 22.7501
 2026.95 6764.46 1963.51 567.762 401.081
 1944.54 3190.8 1816.08 527.153 260.109
 3497.87 9419.88 2720.51 1548.41 671.226
 4695.28 9497.35 4258.86 1229.98 1003.53
 3872.21 9265.97 3062.79 1373.44 720.282
 4162.97 17679.7 7060.24 2333.71 1595.32
 2517.11 8224.01 5132.35 2049.56 1140.58
 4015.43 7536.09 3664.97 2287.2 1421.67
 3802.87 10650 2587.51 1258.36 1273.43
 2776.37 5193.8 1362.61 331.058 323.93
 1374.38 2021.64 355.706 93.321 44.858
 770.379 2038.85 433.356 76.2488 29.6199
 590.889 1195.99 496.247 105.477 25.768
 566.16 1171.34 393.515 163.279 43.1833
 990.507 1392.43 487.574 163.802 85.9407
 577.574 1160.27 275.406 96.4359 49.3959
 1010.95 1913.31 682.812 162.075 85.8212
 1934.47 2942.58 975.457 348.115 126.384
 2214.63 4565.83 1204.08 399.149 194.161
 944.365 5391.51 1933.4 509.867 251.237
F
 0.0787166 0.424193 0.424193 0.424193 0.424193
 0.0597928 0.322215 0.322215 0.322215 0.322215
 0.0840222 0.452783 0.452783 0.452783 0.452783
 0.0158828 0.0855903 0.0855903 0.0855903 0.0855903
 0.00330612 0.0178162 0.0178162 0.0178162 0.0178162
 0.0339405 0.182901 0.182901 0.182901 0.182901
 0.0214012 0.115328 0.115328 0.115328 0.115328
 0.043381 0.233774 0.233774 0.233774 0.233774
 0.050739 0.273425 0.273425 0.273425 0.273425
 0.0425094 0.229077 0.229077 0.229077 0.229077
 0.0914639 0.492885 0.492885 0.492885 0.492885
 0.0866097 0.466727 0.466727 0.466727 0.466727
 0.138353 0.745564 0.745564 0.745564 0.745564
 0.251123 1.35326 1.35326 1.35326 1.35326
 0.249784 1.34605 1.34605 1.34605 1.34605
 0.0977819 0.526932 0.526932 0.526932 0.526932
 0.0667967 0.359958 0.359958 0.359958 0.359958
 0.0446403 0.24056 0.24056 0.24056 0.24056
 0.0369673 0.199212 0.199212 0.199212 0.199212
 0.0378989 0.204232 0.204232 0.204232 0.204232
 0.0176672 0.0952058 0.0952058 0.0952058 0.0952058
 0.023335 0.125749 0.125749 0.125749 0.125749
 0.0274269 0.1478 0.1478 0.1478 0.1478
 0.0261206 0.14076 0.14076 0.14076 0.14076
 0.0256098 0.138008 0.138008 0.138008 0.138008
nmprior
 10.6 11 7 0
nm_flota  nm_reclas  nm_pelaces    nm_pelaL
inf 14.3335 19.7401 48.3007
cv_recla  cv_pelaces  cv_mph
0.70383 0.524935 0.492024
 ------------------------------------------------
Talla a la edad & desviación 
 7.2 14.2025 17.0495 18.207 18.6776
 1.08 2.13037 2.55742 2.73105 2.80164
