years
 1997 1998 1999 2000 2001 2002 2003 2004 2005 2006 2007 2008 2009 2010 2011 2012 2013 2014 2015 2016 2017 2018 2019 2020 2021
reclasobs
 0 0 0 370054 412103 1.49427e+06 250295 1.28982e+06 931140 785840 897777 1.04006e+06 184774 17550 25797 100020 73551 82996 120727 218422 84188 347160 605670 569463 516374
reclaspred
 6.92192e+06 1.22119e+06 1.44271e+06 242801 235598 350690 669688 653240 652091 820729 934369 731888 391674 144163 77947.4 76007.9 77714.7 108282 141757 132889 188856 215094 353447 416560 345908
pelacesobs
 0 0 0 0 0 0 0 0 0 2.06254e+06 1.5e+06 0 1.87456e+06 323000 250000 174000 83755 137374 0 501740 490994 745055 786931 1.00524e+06 1.33801e+06
pelacespred
 1.97415e+07 1.13931e+07 2.47793e+06 950407 849663 750496 2.11892e+06 2.07759e+06 1.81126e+06 2.55493e+06 2.38379e+06 1.98212e+06 1.01222e+06 292218 159258 167989 177883 273419 377306 315180 582622 654943 770065 1.08411e+06 773880
mphobs
 0 0 0 0 0 112323 0 153150 637223 0 255016 313432 73983 77613 109348 50772 0 0 0 0 0 0 0 0 0
mphpred
 1.17406e+06 492934 200100 62893.3 41968.6 139667 153083 295029 251987 267468 382528 275568 171756 98187.7 46436.2 32586.3 28280 34946.3 47069.4 42232.4 51070.7 71643.6 84690.7 120387 127316
desembarqueobs
 350755 77701 442110 56441 14545 235359 269955 359681 431902 328805 639364 411747 362871 311530 167758 66681 60226 58785 57116 73181 50977 67692 138656 160484 209506
desembarquepred
 350743 77677.5 441495 56405.1 14542 235144 269853 359032 431308 328461 638099 410951 362044 310891 167214 66592.4 60185.8 58687.6 57022.6 73074.2 50955.3 67606.7 138514 160331 209286
Reclutas
 8547.28 11938.4 1455.4 4239.75 39138.6 12544.5 64740.1 55518.2 60268.8 111732 69355.7 49361.8 55745.8 29324.9 11993.5 8924.2 7122.21 8866.73 7242.48 8119.83 14660.8 17146.4 29170.2 29847.8 1546.11
log_desv_Rt
 -0.686632 -0.352488 -2.45697 -1.38774 0.834864 -0.302959 1.33814 1.18447 1.26657 1.88385 1.407 1.06693 1.18856 0.546194 -0.347877 -0.643477 -0.869026 -0.649938 -0.852281 -0.737936 -0.147065 0.00954322 0.540902 0.563866 -2.3965
SSB
 1.57018e+06 659251 267614 84113.6 56129 186791 204734 394572 337008 357713 511594 368546 229707 131316 62103.8 43581 37821.7 46737.3 62950.7 56481.8 68302 95816.3 113266 161006 170273
BT
 2.0347e+06 792241 388250 133553 245113 294019 1.03176e+06 921250 933791 1.08232e+06 1.14397e+06 813144 673512 389189 194548 100716 100182 125044 115305 124072 189655 166826 237854 339623 249779
Ftot
 0.182438 0.305658 1.37793 1.1362 0.336288 1.75967 1.80204 1.74684 2.17 1.5124 2.01104 1.77474 2.95885 4.95303 4.95303 2.45737 2.37512 1.81187 1.22469 1.76829 0.976292 1.02914 1.30288 1.25016 1.67337
BD_Bspro_t
 0.975054 0.821339 0.553964 0.176861 0.225478 0.536444 0.382803 0.48037 0.389076 0.364977 0.413124 0.278871 0.193866 0.132166 0.0758269 0.0663919 0.0805459 0.136197 0.216522 0.239254 0.305203 0.443658 0.441502 0.45215 0.391407
BD_Bspro
 4.50162 1.89003 0.767232 0.241148 0.160918 0.535519 0.586959 1.13121 0.966179 1.02554 1.46671 1.0566 0.658555 0.376476 0.178048 0.124944 0.108432 0.133993 0.180476 0.16193 0.195818 0.274699 0.324725 0.461595 0.488162
BD_Bo
 1.75879 0.738438 0.299759 0.094217 0.0628709 0.209228 0.229326 0.441967 0.377488 0.40068 0.573045 0.412814 0.257298 0.14709 0.0695635 0.0488157 0.0423647 0.0523512 0.0705121 0.0632661 0.0765062 0.107325 0.126871 0.180346 0.190726
BD_Brms
 4.9738 2.08828 0.847708 0.266443 0.177797 0.59169 0.648526 1.24987 1.06752 1.13311 1.62055 1.16743 0.727631 0.415965 0.196723 0.138049 0.119806 0.148047 0.199406 0.178915 0.216357 0.303513 0.358786 0.510012 0.539367
S_f
 0.0777993 0.792627 0.994259 0.999873 0.999997
 0.0777993 0.792627 0.994259 0.999873 0.999997
 0.0777993 0.792627 0.994259 0.999873 0.999997
 0.0777993 0.792627 0.994259 0.999873 0.999997
 0.0777993 0.792627 0.994259 0.999873 0.999997
 0.0777993 0.792627 0.994259 0.999873 0.999997
 0.0777993 0.792627 0.994259 0.999873 0.999997
 0.0777993 0.792627 0.994259 0.999873 0.999997
 0.0777993 0.792627 0.994259 0.999873 0.999997
 0.0777993 0.792627 0.994259 0.999873 0.999997
 0.0777993 0.792627 0.994259 0.999873 0.999997
 0.0777993 0.792627 0.994259 0.999873 0.999997
 0.0777993 0.792627 0.994259 0.999873 0.999997
 0.0777993 0.792627 0.994259 0.999873 0.999997
 0.0777993 0.792627 0.994259 0.999873 0.999997
 0.0777993 0.792627 0.994259 0.999873 0.999997
 0.0777993 0.792627 0.994259 0.999873 0.999997
 0.0777993 0.792627 0.994259 0.999873 0.999997
 0.0777993 0.792627 0.994259 0.999873 0.999997
 0.0777993 0.792627 0.994259 0.999873 0.999997
 0.0777993 0.792627 0.994259 0.999873 0.999997
 0.0777993 0.792627 0.994259 0.999873 0.999997
 0.0777993 0.792627 0.994259 0.999873 0.999997
 0.0777993 0.792627 0.994259 0.999873 0.999997
 0.0777993 0.792627 0.994259 0.999873 0.999997
Scru_reclas
 0.0947962 0.345136 0.726205 0.930306 0.985332
 0.0947962 0.345136 0.726205 0.930306 0.985332
 0.0947962 0.345136 0.726205 0.930306 0.985332
 0.0947962 0.345136 0.726205 0.930306 0.985332
 0.0947962 0.345136 0.726205 0.930306 0.985332
 0.0947962 0.345136 0.726205 0.930306 0.985332
 0.0947962 0.345136 0.726205 0.930306 0.985332
 0.0947962 0.345136 0.726205 0.930306 0.985332
 0.0947962 0.345136 0.726205 0.930306 0.985332
 0.0947962 0.345136 0.726205 0.930306 0.985332
 0.0947962 0.345136 0.726205 0.930306 0.985332
 0.0947962 0.345136 0.726205 0.930306 0.985332
 0.0947962 0.345136 0.726205 0.930306 0.985332
 0.0947962 0.345136 0.726205 0.930306 0.985332
 0.0947962 0.345136 0.726205 0.930306 0.985332
 0.0947962 0.345136 0.726205 0.930306 0.985332
 0.0947962 0.345136 0.726205 0.930306 0.985332
 0.0947962 0.345136 0.726205 0.930306 0.985332
 0.0947962 0.345136 0.726205 0.930306 0.985332
 0.0947962 0.345136 0.726205 0.930306 0.985332
 0.0947962 0.345136 0.726205 0.930306 0.985332
 0.0947962 0.345136 0.726205 0.930306 0.985332
 0.0947962 0.345136 0.726205 0.930306 0.985332
 0.0947962 0.345136 0.726205 0.930306 0.985332
 0.0947962 0.345136 0.726205 0.930306 0.985332
Scru_pelaces
 0.0828479 0.312528 0.695851 0.920089 0.983035
 0.0828479 0.312528 0.695851 0.920089 0.983035
 0.0828479 0.312528 0.695851 0.920089 0.983035
 0.0828479 0.312528 0.695851 0.920089 0.983035
 0.0828479 0.312528 0.695851 0.920089 0.983035
 0.0828479 0.312528 0.695851 0.920089 0.983035
 0.0828479 0.312528 0.695851 0.920089 0.983035
 0.0828479 0.312528 0.695851 0.920089 0.983035
 0.0828479 0.312528 0.695851 0.920089 0.983035
 0.0828479 0.312528 0.695851 0.920089 0.983035
 0.0828479 0.312528 0.695851 0.920089 0.983035
 0.0828479 0.312528 0.695851 0.920089 0.983035
 0.0828479 0.312528 0.695851 0.920089 0.983035
 0.0828479 0.312528 0.695851 0.920089 0.983035
 0.0828479 0.312528 0.695851 0.920089 0.983035
 0.0828479 0.312528 0.695851 0.920089 0.983035
 0.0828479 0.312528 0.695851 0.920089 0.983035
 0.0828479 0.312528 0.695851 0.920089 0.983035
 0.0828479 0.312528 0.695851 0.920089 0.983035
 0.0828479 0.312528 0.695851 0.920089 0.983035
 0.0828479 0.312528 0.695851 0.920089 0.983035
 0.0828479 0.312528 0.695851 0.920089 0.983035
 0.0828479 0.312528 0.695851 0.920089 0.983035
 0.0828479 0.312528 0.695851 0.920089 0.983035
 0.0828479 0.312528 0.695851 0.920089 0.983035
pf_obs 
 0.256992 0.487395 0.22802 0.0275931 0
 0.321318 0.546541 0.124235 0.00734118 0.000564706
 0.182869 0.594174 0.210203 0.0122559 0.00049798
 0.330522 0.361315 0.267642 0.0388342 0.00168674
 0.649043 0.306663 0.0425973 0.00169635 0
 0.582887 0.30429 0.105238 0.00758474 0
 0.465427 0.430635 0.0974691 0.00646863 0
 0.296916 0.608066 0.0921331 0.00288517 0
 0.311714 0.524322 0.152257 0.0117073 0
 0.15457 0.633149 0.183074 0.0267441 0.00246327
 0.131901 0.49318 0.331252 0.0422183 0.00144891
 0.196976 0.569456 0.194076 0.0375587 0.00193317
 0.518974 0.381816 0.0799577 0.0180837 0.00116848
 0.0928022 0.601141 0.25162 0.0475244 0.00691264
 0.122501 0.610282 0.24278 0.0234846 0.000952079
 0.383417 0.481906 0.127806 0.00687128 0
 0.0376549 0.599619 0.316969 0.0457579 0
 0.0361596 0.667082 0.258105 0.0386534 0
 0.158088 0.579412 0.248529 0.0139706 0
 0.0477256 0.309471 0.559284 0.082774 0.000745712
 0.0406174 0.521527 0.379366 0.0568643 0.0016247
 0.151134 0.462217 0.34131 0.0453401 0
 0.294876 0.26143 0.354403 0.0886775 0.000613685
 0.281977 0.475581 0.204845 0.0348837 0.00271318
 0.0354234 0.537034 0.353287 0.0723622 0.0018943
pf_pred 
 0.0128842 0.640049 0.306665 0.0403997 2.01526e-06
 0.0334508 0.108712 0.601957 0.226254 0.0296265
 0.0110126 0.302442 0.0970215 0.414488 0.175036
 0.143945 0.16189 0.27754 0.0594221 0.357203
 0.624785 0.282644 0.0234266 0.0278084 0.0413362
 0.0907747 0.862551 0.0373284 0.00237706 0.00696868
 0.561181 0.293549 0.1405 0.00382477 0.000945635
 0.233322 0.741555 0.0191908 0.00573981 0.000192444
 0.272955 0.625644 0.0992872 0.00161893 0.000494319
 0.3746 0.566041 0.054187 0.00506581 0.00010629
 0.178222 0.753455 0.0639465 0.00399955 0.000377472
 0.182211 0.682062 0.128681 0.00660054 0.000445724
 0.307296 0.576108 0.10367 0.0122623 0.000663139
 0.261629 0.701248 0.0336325 0.00311016 0.000380802
 0.248761 0.734352 0.0165765 0.000282333 2.84776e-05
 0.284354 0.697326 0.0181716 0.000145824 2.65706e-06
 0.245752 0.69403 0.0593438 0.00086759 6.97919e-06
 0.304004 0.626964 0.0657847 0.00320151 4.64692e-05
 0.191851 0.727125 0.0758155 0.00496676 0.000242158
 0.238145 0.602505 0.148101 0.0105322 0.000716376
 0.320483 0.58853 0.0780212 0.0120612 0.000904797
 0.225743 0.671125 0.0929787 0.00871811 0.00143579
 0.298639 0.566146 0.122063 0.0118678 0.00128408
 0.218858 0.684414 0.0833144 0.0121204 0.00129244
 0.0144478 0.807403 0.162558 0.0134481 0.0021431
pobs_RECLAS
 0 0 0 0 0
 0 0 0 0 0
 0 0 0 0 0
 0 0 0 0 0
 0.835266 0.146461 0.0176864 0.000547809 3.91292e-05
 0.385257 0.428462 0.181853 0.0044286 0
 0.867414 0.0963971 0.0333333 0.00285562 0
 0.441836 0.489002 0.0689373 0.000224442 0
 0.779404 0.147425 0.0564933 0.0165055 0.000172143
 0.814271 0.122319 0.05973 0.00367925 0
 0.40263 0.566651 0.0304383 0.000280538 0
 0.475488 0.404961 0.113038 0.00651328 0
 0.955842 0.0263864 0.0167828 0.000988607 0
 0.975058 0.0227948 0.00214734 0 0
 0.738997 0.206755 0.0527124 0.00153531 0
 0.850938 0.134255 0.0134407 0.00136685 0
 0.542534 0.407297 0.0501686 0 0
 0.764087 0.199537 0.0359546 0.000420521 0
 0.470689 0.182191 0.310203 0.0369168 0
 0.84361 0.089868 0.0606195 0.00523954 0.000663233
 0.607945 0.314616 0.071237 0.00620181 0
 0.523733 0.453247 0.0230204 0 0
 0.530135 0.295979 0.169645 0.0042399 0
 0.562478 0.366248 0.0663022 0.0049721 0
 0.250443 0.683176 0.0655157 0.000865301 0
ppred_RECLAS
 0.0285031 0.501778 0.402221 0.0674946 3.56552e-06
 0.0541045 0.0619014 0.572122 0.273892 0.0379808
 0.0198693 0.175843 0.0907163 0.493069 0.220502
 0.222971 0.0828249 0.230855 0.0629044 0.400445
 0.789575 0.125526 0.0173551 0.0262388 0.0413048
 0.238314 0.698216 0.047638 0.00385723 0.0119749
 0.777313 0.124709 0.0938782 0.00324926 0.00085072
 0.49083 0.481754 0.0196696 0.00748051 0.000265597
 0.544282 0.364338 0.0889421 0.00184267 0.000595803
 0.64018 0.307139 0.0469712 0.00558571 0.000124111
 0.409359 0.516573 0.068112 0.00541437 0.000541132
 0.397094 0.457455 0.135951 0.00886658 0.000634057
 0.612997 0.296882 0.0777821 0.0116707 0.000668331
 0.668467 0.310779 0.018336 0.00214047 0.000277486
 0.65505 0.335415 0.00931402 0.000200257 2.13867e-05
 0.583427 0.40065 0.0157589 0.000160591 3.0986e-06
 0.524518 0.419958 0.0545032 0.00101203 8.62097e-06
 0.573887 0.362558 0.0597983 0.0037 5.68717e-05
 0.405043 0.502635 0.0848806 0.00707609 0.000365352
 0.473857 0.369251 0.143028 0.0129329 0.000931539
 0.562589 0.346325 0.075128 0.0147838 0.00117447
 0.4449 0.441275 0.0998317 0.0119147 0.00207802
 0.537758 0.331134 0.11522 0.014254 0.00163325
 0.441728 0.451128 0.0888409 0.0164462 0.00185717
 0.0405684 0.706428 0.225301 0.0237026 0.00400005
pobs_PELACES
 0 0 0 0 0
 0 0 0 0 0
 0 0 0 0 0
 0 0 0 0 0
 0 0 0 0 0
 0 0 0 0 0
 0 0 0 0 0
 0 0 0 0 0
 0 0 0 0 0
 0 0 0 0 0
 0.450072 0.473896 0.0757376 0.000293798 0
 0 0 0 0 0
 0.463077 0.371075 0.160297 0.00555027 0
 0.529543 0.364841 0.0842815 0.0213345 0
 0.631943 0.363953 0.00410389 0 0
 0.735681 0.248677 0.0153453 0.000297389 0
 0.695825 0.281241 0.0229344 0 0
 0.275771 0.60734 0.115278 0.00161068 0
 0 0 0 0 0
 0.896147 0.0623911 0.0374545 0.00400742 0
 0.803859 0.145111 0.0509908 3.86294e-05 0
 0.739449 0.233085 0.0266225 0.000797448 4.60066e-05
 0.878498 0.100942 0.0204185 0.000141795 0
 0.694673 0.275183 0.0284847 0.00165964 0
 0.469039 0.446079 0.0841089 0.000773354 0
ppred_PELACES
 0.0280519 0.490118 0.410714 0.0711122 3.78946e-06
 0.0536967 0.0592257 0.567575 0.280295 0.0392082
 0.0265118 0.175641 0.0874834 0.489539 0.220826
 0.264815 0.0779583 0.213189 0.0598329 0.384205
 0.792528 0.12059 0.0172522 0.0269054 0.042724
 0.314725 0.630821 0.0405115 0.00337467 0.0105676
 0.841112 0.0914009 0.0645805 0.00229942 0.000607255
 0.584824 0.393885 0.0151502 0.00592783 0.000212295
 0.661695 0.275066 0.0615022 0.00130988 0.000427199
 0.71163 0.247602 0.0362331 0.00443488 9.93964e-05
 0.520336 0.423345 0.0516691 0.00422362 0.00042578
 0.494911 0.388664 0.108612 0.00728742 0.000525649
 0.759987 0.189765 0.0432082 0.00665505 0.000384392
 0.864022 0.129384 0.00580982 0.000693633 9.06892e-05
 0.8558 0.141145 0.00298297 6.55935e-05 7.06498e-06
 0.707843 0.282081 0.00996967 0.000104387 2.03155e-06
 0.653447 0.309557 0.0362977 0.000692605 5.951e-06
 0.667901 0.285135 0.0441125 0.00280779 4.3532e-05
 0.468138 0.450887 0.0742663 0.00637586 0.000332061
 0.572994 0.304843 0.111079 0.0103332 0.00075074
 0.609955 0.309015 0.0664728 0.0134769 0.00107996
 0.496909 0.40059 0.0895525 0.0110106 0.00193705
 0.606019 0.284339 0.0959996 0.0122286 0.00141335
 0.507336 0.399736 0.0766511 0.0146121 0.0016644
 0.0578248 0.703027 0.21226 0.0229775 0.00391133
pobs_pel_tallas
 0 0 0 0 0 0 0 0 0 0 0 0 0 0 0 0 0 0 0 0 0 0 0 0 0 0 0 0 0 0 0 0 0 0 0 0
 0 0 0 0 0 0 0 0 0 0 0 0 0 0 0 0 0 0 0 0 0 0 0 0 0 0 0 0 0 0 0 0 0 0 0 0
 0 0 0 0 0 0 0 0 0 0 0 0 0 0 0 0 0 0 0 0 0 0 0 0 0 0 0 0 0 0 0 0 0 0 0 0
 0 0 0 0 0 0 0 0 0 0 0 0 0 0 0 0 0 0 0 0 0 0 0 0 0 0 0 0 0 0 0 0 0 0 0 0
 0 0 0 0 0 0 0 0 0 0 0 0 0 0 0 0 0 0 0 0 0 0 0 0 0 0 0 0 0 0 0 0 0 0 0 0
 0 0 0 0 0 0 0 0 0 0 0 0 0 0 0 0 0 0 0 0 0 0 0 0 0 0 0 0 0 0 0 0 0 0 0 0
 0 0 0 0 0 0 0 0 0 0 0 0 0 0 0 0 0 0 0 0 0 0 0 0 0 0 0 0 0 0 0 0 0 0 0 0
 0 0 0 0 0 0 0 0 0 0 0 0 0 0 0 0 0 0 0 0 0 0 0 0 0 0 0 0 0 0 0 0 0 0 0 0
 0 0 0 0 0 0 0 0 0 0 0 0 0 0 0 0 0 0 0 0 0 0 0 0 0 0 0 0 0 0 0 0 0 0 0 0
 0 0 0 0 0 0 0 0 0 0 0 0 0 0 0 0 0 0 0 0 0 0 0 0 0 0 0 0 0 0 0 0 0 0 0 0
 0 0 0 0 0 0 0 0 1.78061e-05 0.00172719 0.00360574 0.0105946 0.0120993 0.0124554 0.0147524 0.0171206 0.0266825 0.0428682 0.0675386 0.121331 0.153587 0.119568 0.100827 0.0573624 0.0630603 0.0341343 0.0324427 0.0444173 0.0211091 0.0280891 0.0125444 0.00206551 0 0 0 0
 0 0 0 0 0 0 0 0 0 0 0 0 0 0 0 0 0 0 0 0 0 0 0 0 0 0 0 0 0 0 0 0 0 0 0 0
 0 0 0 0 0 0 0.0133647 0.0140871 0.0187388 0.0205184 0.03894 0.0496705 0.03968 0.0493445 0.0407372 0.0367815 0.0215668 0.0243155 0.0234873 0.0199281 0.019796 0.0243948 0.0301388 0.0376714 0.0412746 0.0863199 0.0771752 0.113111 0.0741005 0.0525337 0.0229764 0.00759418 0.00175318 0 0 0
 0 0 0 0 0 0 0 0 0 0 0.00219441 0.00772107 0.0458388 0.0604681 0.0671733 0.0775358 0.0609151 0.0617685 0.073594 0.0568108 0.0755445 0.0548602 0.0670107 0.0636378 0.0643287 0.046367 0.0373049 0.0286899 0.0247887 0.0153202 0.00654259 0.00121912 0.000365735 0 0 0
 0 0 0 0 0 0 0 0 0 0 0 0 0.000112435 0.00938835 0.0111873 0.0202946 0.0414886 0.0713402 0.111592 0.104902 0.108894 0.110636 0.117776 0.105296 0.107544 0.0401394 0.0192827 0.0124803 0.00416011 0.0028671 0.000618394 0 0 0 0 0
 0 0 0 0 0 0 0 0 0 0 0.00291406 0.0102884 0.027416 0.0768956 0.0749926 0.110853 0.0956884 0.0897413 0.0766577 0.0534642 0.0500743 0.0551293 0.0594112 0.0620874 0.0668451 0.0424026 0.0208742 0.0120726 0.0048766 0.00582813 0.00118941 0.000297354 0 0 0 0
 0 0.00264628 0.0354308 0.0461629 0.0458689 0.0383711 0.0214643 0.0164657 0.0346957 0.0420465 0.0363128 0.0245516 0.0311673 0.0291091 0.0169068 0.0133784 0.00837989 0.0085269 0.0148486 0.0160247 0.0276389 0.0546898 0.0760071 0.122758 0.109233 0.0665981 0.0333725 0.0166128 0.00676272 0.00308733 0.000882094 0 0 0 0 0
 0 0 0 0 0 0 0 0.000805153 0.000690131 0.00759144 0.0133425 0.0154129 0.00931677 0.000345066 0.00356568 0.00563607 0.00851162 0.0253048 0.0502646 0.0516448 0.0657925 0.0565908 0.0611916 0.0827007 0.0866115 0.110766 0.145733 0.0935128 0.0569358 0.0249597 0.0138026 0.00621118 0.00161031 0.00115022 0 0
 0 0 0 0 0 0 0 0 0 0 0 0 0 0 0 0 0 0 0 0 0 0 0 0 0 0 0 0 0 0 0 0 0 0 0 0
 0.00147267 0.00158595 0.00478618 0.00569244 0.00954404 0.0108468 0.00647125 0.017049 0.0510054 0.094081 0.124002 0.0959785 0.0687766 0.0820023 0.061753 0.0591476 0.0492212 0.0479892 0.0443925 0.0268479 0.0217502 0.0140895 0.0121071 0.0120363 0.00920419 0.00665534 0.0049561 0.00860946 0.00930331 0.0156896 0.0114698 0.00855282 0.00243557 0.00046729 0 2.83206e-05
 0 0 0 0 0.000772559 0.00158375 0.000888443 0.00281984 0.00712685 0.0440552 0.0773331 0.111326 0.0921469 0.0852325 0.0710754 0.0886704 0.0786465 0.0553345 0.0373146 0.0185414 0.00753245 0.00457741 0.012979 0.0271748 0.0457355 0.0583668 0.034881 0.0177882 0.00938659 0.00492506 0.0015258 0.00185414 0.000309023 5.79419e-05 3.86279e-05 0
 0 0.00173294 0.00326652 0 0.00397197 0.00683976 0.00946217 0.0152591 0.00757587 0.0136028 0.0228656 0.0392903 0.0559909 0.0764795 0.0681675 0.0726916 0.0566044 0.0477403 0.0527397 0.0444891 0.0609904 0.0582453 0.0661739 0.0445044 0.0529084 0.0360697 0.0280645 0.0235558 0.0158879 0.00826598 0.00280645 0.00217768 0.000904811 0.00058276 9.20147e-05 0
 0 0 0 0 0 0 0 0 0 0 0 0 0 0 0 0 0 0 0 0 0 0 0 0 0 0 0 0 0 0 0 0 0 0 0 0
 0 0 0 0 0 0 0 0 0 0 0 0 0 0 0 0 0 0 0 0 0 0 0 0 0 0 0 0 0 0 0 0 0 0 0 0
 0 0 0 0 0 0 0 0 0 0 0 0 0 0 0 0 0 0 0 0 0 0 0 0 0 0 0 0 0 0 0 0 0 0 0 0
ppred_pel_tallas
 1.08434e-16 1.25667e-06 7.29168e-06 3.4488e-05 0.000132491 0.000412887 0.00104346 0.00213921 0.0035619 0.00483181 0.00538538 0.00505364 0.00428047 0.00383948 0.00438064 0.00624374 0.00956247 0.0143994 0.0207535 0.0284777 0.037203 0.0463282 0.0550899 0.0626945 0.0684709 0.071995 0.0731487 0.0720941 0.0691877 0.0648673 0.0595563 0.0536106 0.0473123 0.0408892 0.0345438 0.0284672
 1.1954e-16 2.3575e-06 1.3794e-05 6.54884e-05 0.000251998 0.000785674 0.00198457 0.00406164 0.00673656 0.00905921 0.00989058 0.00880168 0.0064717 0.00412965 0.00268435 0.00239336 0.00312899 0.00474666 0.00723708 0.0106949 0.0152368 0.0209343 0.0277685 0.0355993 0.0441479 0.0529961 0.0616069 0.0693677 0.0756557 0.0799184 0.0817542 0.0809771 0.0776522 0.0720867 0.0647856 0.0563723
 1.28439e-16 1.17492e-06 6.84531e-06 3.24401e-05 0.000124732 0.00038879 0.000982199 0.00201136 0.00334062 0.00450641 0.00495685 0.00449852 0.00349665 0.00260272 0.00232613 0.00286789 0.00424303 0.00644716 0.0095124 0.0134747 0.0183257 0.0239882 0.030319 0.0371298 0.0442128 0.0513547 0.058335 0.0649085 0.0707857 0.0756274 0.0790663 0.0807566 0.0804413 0.0780135 0.0735586 0.067356
 1.2306e-16 1.15626e-05 6.78377e-05 0.000322422 0.00124126 0.00387067 0.009777 0.0200055 0.0331632 0.044543 0.048487 0.0428058 0.030723 0.018098 0.00910833 0.00459528 0.00336538 0.00402037 0.00575338 0.00827726 0.011539 0.0155333 0.0202272 0.0255388 0.0313332 0.0374216 0.0435613 0.0494577 0.0547749 0.0591582 0.0622697 0.0638336 0.0636814 0.0617843 0.0582648 0.053385
 1.03206e-16 3.45754e-05 0.000202938 0.000964696 0.00371416 0.0115823 0.0292559 0.059861 0.0992243 0.13325 0.144987 0.127853 0.0914436 0.0532094 0.0255289 0.0107441 0.00505452 0.00399729 0.0048457 0.00642165 0.00827754 0.0101814 0.0119384 0.0133721 0.0143521 0.0148207 0.014802 0.0143874 0.0137042 0.0128788 0.0120072 0.0111412 0.0102914 0.00944192 0.00856938 0.00765877
 1.01391e-16 1.37618e-05 8.06969e-05 0.000383441 0.00147601 0.00460257 0.0116264 0.0237935 0.039457 0.05304 0.0578507 0.0513441 0.0374421 0.0232396 0.0138707 0.0105207 0.0119277 0.0164864 0.0231103 0.0310755 0.039656 0.047955 0.0549559 0.0597042 0.0615235 0.0601802 0.0559408 0.0494946 0.0417775 0.033753 0.0262224 0.0197124 0.0144546 0.0104375 0.00749501 0.00539655
 1.01055e-16 3.66929e-05 0.000215372 0.00102381 0.00394179 0.0122921 0.0310488 0.0635293 0.105304 0.141411 0.153859 0.135657 0.096982 0.0563459 0.0268725 0.0110328 0.00477909 0.00336598 0.00390035 0.00514686 0.00666095 0.00823888 0.00971996 0.0109546 0.0118221 0.0122527 0.0122379 0.0118245 0.0110971 0.0101538 0.00908664 0.00796922 0.00685442 0.00577832 0.00476644 0.00383861
 1.00558e-16 2.55297e-05 0.000149807 0.000712047 0.0027413 0.00854841 0.0215929 0.0441839 0.0732474 0.0983922 0.107131 0.0946408 0.0680605 0.0403525 0.0207627 0.0111494 0.00883245 0.010599 0.0144263 0.0193005 0.0245935 0.0297024 0.0339842 0.0368426 0.0378585 0.036892 0.0341174 0.0299748 0.0250583 0.0199781 0.0152407 0.0111778 0.00793294 0.0054945 0.00375174 0.0025521
 1.01028e-16 2.88769e-05 0.000169469 0.000805545 0.00310134 0.00967118 0.0244288 0.0499855 0.0828602 0.11129 0.121135 0.106919 0.0766884 0.0450624 0.0224421 0.0108605 0.00721981 0.00784513 0.0104597 0.0140029 0.0179345 0.0218148 0.0251906 0.0276367 0.0288413 0.0286759 0.0272229 0.0247458 0.0216176 0.0182314 0.0149224 0.0119221 0.00934874 0.00722699 0.00552164 0.00417044
 1.00753e-16 3.10532e-05 0.000182248 0.000866304 0.00333528 0.0104007 0.0262716 0.0537557 0.0891085 0.119678 0.130252 0.114938 0.082376 0.0482763 0.0238043 0.0111226 0.00687526 0.0070915 0.00931712 0.0124264 0.0158779 0.0192613 0.0221664 0.0242135 0.0251289 0.0248082 0.0233396 0.0209753 0.0180656 0.014975 0.0120107 0.00937964 0.00718083 0.0054239 0.00406175 0.00302272
 1.01037e-16 2.2719e-05 0.000133303 0.000633577 0.00243917 0.00760619 0.019213 0.0393147 0.0651776 0.0875591 0.0953538 0.0842805 0.060705 0.0361827 0.0189696 0.0107547 0.00918917 0.0114418 0.0157203 0.021099 0.0269582 0.0326667 0.0375358 0.0409195 0.0423539 0.0416675 0.0390203 0.0348549 0.0297809 0.0244313 0.0193379 0.014857 0.0111557 0.00824412 0.00603257 0.00438776
 1.01944e-16 2.16091e-05 0.000126789 0.000602618 0.00231998 0.00723451 0.0182741 0.0373935 0.0619922 0.0832793 0.0906915 0.0801561 0.0577267 0.0343929 0.0180065 0.010174 0.00866449 0.0107929 0.0148685 0.0200323 0.0257223 0.0313676 0.0363383 0.040032 0.0419995 0.0420456 0.0402672 0.0370142 0.0327911 0.0281341 0.023504 0.0192233 0.0154642 0.0122747 0.00962434 0.00744711
 1.00922e-16 3.31594e-05 0.000194619 0.000925128 0.00356179 0.0111071 0.0280557 0.0574058 0.0951569 0.127794 0.139069 0.122676 0.0878313 0.0512909 0.0249516 0.0110914 0.00609576 0.00570455 0.00729928 0.00971279 0.0124393 0.0151448 0.0175122 0.0192479 0.020136 0.0200865 0.0191535 0.0175147 0.0154225 0.0131429 0.0109022 0.00885631 0.00708443 0.00560334 0.00439044 0.00340625
 1.00153e-16 3.76933e-05 0.000221242 0.00105171 0.00404919 0.0126271 0.0318949 0.0652606 0.108174 0.145268 0.158063 0.139379 0.0996769 0.0579795 0.0277771 0.011617 0.0053472 0.00409117 0.00486252 0.00636118 0.00808267 0.00975856 0.0111644 0.0121024 0.0124341 0.0121134 0.0111974 0.00983055 0.00820817 0.00653118 0.00496654 0.003624 0.00255155 0.00174602 0.00117152 0.000778086
 1.00092e-16 3.73352e-05 0.000219139 0.00104171 0.00401068 0.012507 0.0315916 0.0646401 0.107146 0.143889 0.156564 0.138065 0.0987526 0.057473 0.0275927 0.0116401 0.00550759 0.0043681 0.00526271 0.00689708 0.00875844 0.0105623 0.0120654 0.0130523 0.0133736 0.0129811 0.0119398 0.010411 0.00861109 0.00676219 0.00504843 0.00359016 0.00243897 0.00158941 0.000999366 0.000610999
 1.00238e-16 3.08894e-05 0.000181283 0.000861711 0.00331759 0.0103456 0.0261322 0.0534708 0.0886372 0.119048 0.129574 0.114357 0.0819996 0.0481349 0.0238809 0.0114013 0.00736889 0.00783844 0.0103617 0.0137957 0.0175612 0.0211952 0.0242308 0.0262398 0.0269223 0.0261795 0.0241384 0.0211175 0.017546 0.0138651 0.0104412 0.00751458 0.00518983 0.00345858 0.00224003 0.00142215
 1.00641e-16 2.85186e-05 0.000167362 0.000795523 0.00306274 0.0095508 0.0241247 0.0493637 0.0818305 0.10991 0.119641 0.105621 0.0757994 0.0446254 0.0223821 0.0110911 0.00770509 0.00860114 0.0115245 0.0154046 0.0196664 0.0238187 0.0273525 0.0297944 0.0308056 0.0302622 0.0282832 0.0251952 0.0214469 0.0175047 0.0137598 0.0104749 0.00777275 0.00566034 0.00407037 0.00290287
 1.00818e-16 2.91479e-05 0.000171059 0.000813102 0.00313043 0.0097619 0.0246579 0.0504544 0.0836377 0.112335 0.122273 0.107927 0.0774178 0.0455038 0.0226853 0.0110156 0.00736861 0.0080338 0.010709 0.0143163 0.0182994 0.0222013 0.0255525 0.0279153 0.0289737 0.0286066 0.0269143 0.0241868 0.0208268 0.0172545 0.0138245 0.0107767 0.00822692 0.00618805 0.00460744 0.00340363
 1.01436e-16 2.04441e-05 0.000119944 0.000570064 0.00219462 0.00684356 0.0172867 0.0353736 0.058646 0.0787912 0.0858228 0.0758976 0.0547572 0.0328184 0.0175373 0.0104667 0.00952682 0.0121956 0.016866 0.0226811 0.0290237 0.0352338 0.0405808 0.0443739 0.0461117 0.0455996 0.042992 0.0387421 0.0334814 0.0278694 0.0224633 0.0176408 0.0135855 0.0103205 0.00776644 0.00579963
 1.02067e-16 2.50105e-05 0.000146766 0.000697607 0.00268574 0.00837514 0.0211551 0.0432876 0.0717595 0.0963873 0.104931 0.0926593 0.0665517 0.0392908 0.019912 0.0102115 0.00754341 0.00875629 0.011892 0.0160179 0.0206184 0.0252313 0.0293608 0.0325303 0.0343779 0.0347335 0.0336509 0.0313787 0.0282868 0.0247738 0.021187 0.0177751 0.0146794 0.0119535 0.00959598 0.00758053
 1.01558e-16 2.66222e-05 0.000156228 0.000742591 0.00285894 0.00891526 0.0225194 0.0460791 0.0763863 0.1026 0.11169 0.0986151 0.0708026 0.041746 0.0210545 0.0106279 0.00763624 0.00871092 0.0117565 0.0157752 0.0202216 0.0246176 0.0284594 0.0312713 0.0327038 0.0326121 0.0310863 0.0284174 0.0250177 0.0213205 0.0176936 0.0143886 0.0115321 0.00914817 0.00719733 0.00561309
 1.01871e-16 2.16967e-05 0.000127302 0.000605056 0.00232936 0.00726376 0.018348 0.0375448 0.0622433 0.0836174 0.0910617 0.0804878 0.0579757 0.0345612 0.0181305 0.0102995 0.00883019 0.0110264 0.0151867 0.0204403 0.0262099 0.0319058 0.0368794 0.0405137 0.0423547 0.0422138 0.0402071 0.0367127 0.0322663 0.0274322 0.0226904 0.018371 0.0146413 0.0115357 0.00900429 0.00696112
 1.01942e-16 2.64497e-05 0.000155217 0.00073779 0.00284046 0.00885765 0.0223739 0.0457811 0.0758918 0.101934 0.11096 0.0979603 0.0703093 0.0414088 0.0207997 0.0103628 0.00728104 0.00820685 0.0110652 0.0148822 0.019144 0.0234115 0.0272213 0.0301304 0.0318037 0.0320872 0.0310356 0.028886 0.0259874 0.0227145 0.0193916 0.0162485 0.0134132 0.01093 0.00879165 0.00696819
 1.01799e-16 2.21512e-05 0.000129971 0.000617744 0.00237821 0.00741612 0.0187328 0.0383322 0.0635484 0.0853696 0.0929673 0.0821661 0.0591711 0.0352469 0.0184407 0.0103969 0.00882467 0.0109664 0.0150825 0.0202847 0.0259898 0.031607 0.036489 0.0400225 0.041759 0.0415176 0.039423 0.0358616 0.0313767 0.0265372 0.0218247 0.0175668 0.0139248 0.0109246 0.00850646 0.00657482
 1.04215e-16 2.56307e-06 1.4943e-05 7.08223e-05 0.000272318 0.000848884 0.00214499 0.00439453 0.00730568 0.00987564 0.0109163 0.0100324 0.00806213 0.00648314 0.00647223 0.00852402 0.0126837 0.0188609 0.0268968 0.036449 0.0468787 0.0572461 0.0664307 0.0733443 0.0771691 0.07754 0.0746157 0.0690081 0.0616073 0.053362 0.0450896 0.0373641 0.030496 0.0245799 0.0195753 0.0153823
pSPR Fmed_Fpbrs
0.331266   0.403611 0.403611
Fs Fmed_Fpbrs
1.43723   1.005 1.005
SSBpbr Bo_Bmed_Bpbrs
892765  251104  315691 315691
Ro
16983.5
SPR SPRFo_SPRFmed_SPRFpbrs
348804 115547 140781
log_Ro
9.56
likeval ReclasPelacesDesembMPH_pf_preclas_ppelaces_ptallas_desvR_qrecl_qpela
 68.6146 13.6883 0.259779 0.000160694 378.403 197.362 85.835 0 44.2803 0.000170583 0.000716244 0 0 0 0
q_reclas_q_pelaces
6.36467 45.0391
M
0.7
N
 8547.28 44113 17117.4 2243.36 0.111893
 11938.4 4184.63 18956.5 7090.16 928.31
 1455.4 5789.1 1630.92 6946.56 2933.29
 4239.75 649.259 964.439 205.795 1237
 39138.6 1927.28 131.006 154.759 230.019
 12544.5 18933.7 733.123 46.5669 136.509
 64740.1 5432.42 2330.73 63.2909 15.6472
 55518.2 27943.5 646.644 192.914 6.46764
 60268.8 24066.2 3474.98 56.5419 17.2635
 111732 25279.4 2140 199.498 4.18558
 69355.7 49325.2 3785.67 236.239 22.2949
 49361.8 29452.9 4975.03 254.547 17.1882
 55745.8 21351.1 3582.58 423.111 22.8808
 29324.9 21990.4 1015.97 93.8763 11.4938
 11993.5 9905.56 215.391 3.66563 0.369728
 8924.2 4051.25 97.0228 0.777137 0.0141596
 7122.21 3660.45 286.862 4.18573 0.03367
 8866.73 2940.08 276.651 13.4303 0.194928
 7242.48 3824.18 347.254 22.6756 1.10549
 8119.83 3269.65 719.372 51.0292 3.47068
 14660.8 3513.94 399.751 61.5738 4.61871
 17146.4 6747.86 804.851 75.2003 12.3838
 29170.2 7859.49 1482.16 143.657 15.5424
 29847.8 13089.1 1389.61 201.513 21.4865
 1546.11 13448.3 2413 199.097 31.7265
pred_Ctot
 86.7009 4307.04 2063.62 271.859 0.0135611
 202.035 656.597 3635.68 1366.52 178.937
 107.061 2940.22 943.206 4029.5 1701.63
 259.277 291.6 499.912 107.033 643.403
 727.961 329.319 27.2952 32.4006 48.1624
 1163.41 11054.8 478.418 30.4655 89.3138
 6139.97 3211.76 1537.23 41.8474 10.3463
 5113.54 16252.1 420.589 125.795 4.21765
 6798.92 15583.9 2473.1 40.3253 12.3128
 8980.4 13569.9 1299.04 121.444 2.54813
 7289.44 30817 2615.47 163.585 15.439
 4614.79 17274.3 3259.05 167.169 11.2887
 8353.47 15660.8 2818.14 333.337 18.0266
 6894.7 18480 886.316 81.962 10.0353
 2819.84 8324.29 187.904 3.2004 0.322809
 1129.21 2769.19 72.1624 0.57909 0.0105516
 873.419 2466.63 210.912 3.08348 0.0248045
 845.232 1743.17 182.904 8.90128 0.1292
 475.971 1803.95 188.094 12.3223 0.60078
 756.522 1914 470.478 33.4581 2.27573
 774.567 1422.4 188.567 29.1505 2.18678
 953.21 2833.86 392.608 36.8127 6.06272
 2034.07 3856.09 831.389 80.833 8.74604
 2000.66 6256.46 761.605 110.797 11.8146
 136.752 7642.28 1538.66 127.29 20.285
F
 0.0141935 0.144605 0.18139 0.182414 0.182437
 0.0237799 0.242273 0.303903 0.305619 0.305657
 0.107202 1.09219 1.37002 1.37776 1.37793
 0.0883958 0.900585 1.12968 1.13606 1.1362
 0.026163 0.266551 0.334357 0.336245 0.336287
 0.136901 1.39477 1.74957 1.75945 1.75967
 0.140197 1.42834 1.79169 1.80181 1.80203
 0.135903 1.38459 1.73681 1.74662 1.74684
 0.168824 1.72 2.15754 2.16972 2.16999
 0.117663 1.19877 1.50372 1.51221 1.51239
 0.156457 1.594 1.99949 2.01078 2.01103
 0.138074 1.40671 1.76455 1.77451 1.77474
 0.230196 2.34526 2.94186 2.95847 2.95884
 0.385342 3.92591 4.9246 4.9524 4.95302
 0.385342 3.92591 4.92459 4.9524 4.95302
 0.191182 1.94778 2.44326 2.45706 2.45737
 0.184783 1.88259 2.36148 2.37482 2.37511
 0.140962 1.43614 1.80147 1.81164 1.81186
 0.0952799 0.970721 1.21766 1.22453 1.22469
 0.137572 1.4016 1.75814 1.76807 1.76829
 0.0759548 0.773835 0.970687 0.976167 0.976289
 0.0800662 0.815723 1.02323 1.02901 1.02914
 0.101363 1.0327 1.2954 1.30272 1.30288
 0.0972617 0.990912 1.24298 1.25 1.25016
 0.130187 1.32636 1.66376 1.67316 1.67336
nmprior
 10.6 11 7 0
nm_flota  nm_reclas  nm_pelaces    nm_pelaL
inf 20.2687 8.16902 15.3398
cv_recla  cv_pelaces  cv_mph
0.749261 0.419514 0.41128
 ------------------------------------------------
Talla a la edad & desviación 
 7.2 14.2025 17.0495 18.207 18.6776
 1.08 2.13037 2.55742 2.73105 2.80164
