years
 1997 1998 1999 2000 2001 2002 2003 2004 2005 2006 2007 2008 2009 2010 2011 2012 2013 2014 2015 2016 2017 2018 2019 2020 2021
reclasobs
 0 0 0 370054 412103 1.49427e+06 250295 1.28982e+06 931140 785840 897777 1.04006e+06 184774 17550 25797 100020 73551 82996 120727 218422 84188 347160 605670 569463 516374
reclaspred
 1.34446e+06 268237 569120 180089 204667 272801 618785 419928 894152 1.36781e+06 1.19885e+06 604729 385287 215851 158992 145615 128780 146973 110513 204270 414550 380440 626272 640181 520747
pelacesobs
 0 0 0 0 0 0 0 0 0 2.06254e+06 1.5e+06 0 1.87456e+06 323000 250000 174000 83755 137374 0 501740 490994 745055 786931 1.00524e+06 1.33801e+06
pelacespred
 780189 271602 158076 128203 121972 108463 311314 238670 518376 806366 611514 310582 206194 93008.2 69711.7 71747.8 66817.6 72523.6 56935.4 101814 220826 224073 275699 339481 266504
mphobs
 0 0 0 0 0 112323 0 153150 637223 0 255016 313432 73983 77613 109348 50772 0 0 0 0 0 0 0 0 0
mphpred
 1.01933e+06 488228 396339 241297 135938 249741 352114 481263 499144 1.09903e+06 1.33234e+06 707835 355225 278859 137078 134388 112367 124750 114479 107740 302854 358403 436231 557592 542206
desembarqueobs
 350755 77701 442110 56441 14545 235359 269955 359681 431902 328805 639364 411747 362871 311530 167758 66681 60226 58785 57116 73181 50977 67692 138656 160484 209506
desembarquepred
 350772 77708.3 441826 56478.2 14546.5 235058 269660 358863 431066 328465 638195 411449 361790 310113 167240 66457.4 60070.8 58666.4 57051.5 73051.3 50892.7 67608.4 138546 160557 209484
Reclutas
 40108.3 53419.9 1859.16 4328.12 37969.5 34534.4 58462.3 48285.8 187450 179340 13102 17654.1 81573.1 26202.9 23463.3 10675.9 11252.7 8308.81 5626.38 40535.2 28055.3 41243.7 57802.4 44599.2 2700.74
log_desv_Rt
 0.499339 0.785939 -2.57212 -1.72711 0.444538 0.34971 0.876137 0.684894 2.04126 1.99704 -0.619481 -0.321278 1.20925 0.0736261 -0.0368051 -0.824258 -0.771634 -1.07493 -1.46478 0.509927 0.141933 0.527253 0.864785 0.605471 -2.19872
SSB
 1.01933e+06 488228 396339 241297 135938 249741 352114 481263 499144 1.09903e+06 1.33234e+06 707835 355225 278859 137078 134388 112367 124750 114479 107740 302854 358403 436231 557592 542206
BT
 2.27935e+06 654418 520807 305350 328678 406436 1.10925e+06 939596 1.99576e+06 2.25606e+06 1.69303e+06 982912 905892 491139 317972 203626 205052 205161 164246 352101 545145 519514 680483 841751 664240
Ftot
 0.251761 0.279275 0.715504 0.301106 0.0694281 0.794135 0.417127 0.791456 0.462254 0.232382 0.501936 0.633891 0.868796 1.25382 0.960864 0.434144 0.444407 0.38159 0.488519 0.344839 0.11951 0.17242 0.214035 0.24215 0.383366
BD_Bspro_t
 0.963222 0.783575 0.653035 0.358163 0.353585 0.569092 0.491345 0.51555 0.498797 0.628025 0.6358 0.411604 0.276048 0.265518 0.165336 0.182798 0.202829 0.2903 0.326901 0.379011 0.64178 0.726742 0.736991 0.721965 0.661204
BD_Bspro
 2.03886 0.976551 0.792754 0.48264 0.271901 0.49953 0.704297 0.962619 0.998384 2.19828 2.66494 1.41581 0.710519 0.557773 0.274182 0.268802 0.224755 0.249525 0.228981 0.215501 0.605766 0.716876 0.872547 1.11529 1.08452
BD_Bo
 1.11206 0.532642 0.432393 0.263247 0.148304 0.272459 0.384146 0.525043 0.54455 1.19901 1.45354 0.772227 0.38754 0.304227 0.149548 0.146613 0.122589 0.136099 0.124894 0.117541 0.330404 0.391007 0.475915 0.608316 0.59153
BD_Brms
 5.40879 2.59065 2.10306 1.28037 0.721314 1.32518 1.8684 2.55368 2.64856 5.83171 7.06968 3.75593 1.8849 1.47969 0.727365 0.713091 0.596242 0.661952 0.607453 0.571693 1.60701 1.90176 2.31474 2.95871 2.87706
S_f
 0.5 1 1 1 1
 0.5 1 1 1 1
 0.5 1 1 1 1
 0.5 1 1 1 1
 0.5 1 1 1 1
 0.5 1 1 1 1
 0.5 1 1 1 1
 0.5 1 1 1 1
 0.5 1 1 1 1
 0.5 1 1 1 1
 0.5 1 1 1 1
 0.5 1 1 1 1
 0.5 1 1 1 1
 0.5 1 1 1 1
 0.5 1 1 1 1
 0.5 1 1 1 1
 0.5 1 1 1 1
 0.5 1 1 1 1
 0.5 1 1 1 1
 0.5 1 1 1 1
 0.5 1 1 1 1
 0.5 1 1 1 1
 0.5 1 1 1 1
 0.5 1 1 1 1
 0.5 1 1 1 1
Scru_reclas
 0.5 1 1 1 1
 0.5 1 1 1 1
 0.5 1 1 1 1
 0.5 1 1 1 1
 0.5 1 1 1 1
 0.5 1 1 1 1
 0.5 1 1 1 1
 0.5 1 1 1 1
 0.5 1 1 1 1
 0.5 1 1 1 1
 0.5 1 1 1 1
 0.5 1 1 1 1
 0.5 1 1 1 1
 0.5 1 1 1 1
 0.5 1 1 1 1
 0.5 1 1 1 1
 0.5 1 1 1 1
 0.5 1 1 1 1
 0.5 1 1 1 1
 0.5 1 1 1 1
 0.5 1 1 1 1
 0.5 1 1 1 1
 0.5 1 1 1 1
 0.5 1 1 1 1
 0.5 1 1 1 1
Scru_pelaces
 0.5 1 1 1 1
 0.5 1 1 1 1
 0.5 1 1 1 1
 0.5 1 1 1 1
 0.5 1 1 1 1
 0.5 1 1 1 1
 0.5 1 1 1 1
 0.5 1 1 1 1
 0.5 1 1 1 1
 0.5 1 1 1 1
 0.5 1 1 1 1
 0.5 1 1 1 1
 0.5 1 1 1 1
 0.5 1 1 1 1
 0.5 1 1 1 1
 0.5 1 1 1 1
 0.5 1 1 1 1
 0.5 1 1 1 1
 0.5 1 1 1 1
 0.5 1 1 1 1
 0.5 1 1 1 1
 0.5 1 1 1 1
 0.5 1 1 1 1
 0.5 1 1 1 1
 0.5 1 1 1 1
pf_obs 
 0.256992 0.487395 0.22802 0.0275931 0
 0.321318 0.546541 0.124235 0.00734118 0.000564706
 0.182869 0.594174 0.210203 0.0122559 0.00049798
 0.330522 0.361315 0.267642 0.0388342 0.00168674
 0.649043 0.306663 0.0425973 0.00169635 0
 0.582887 0.30429 0.105238 0.00758474 0
 0.465427 0.430635 0.0974691 0.00646863 0
 0.296916 0.608066 0.0921331 0.00288517 0
 0.311714 0.524322 0.152257 0.0117073 0
 0.15457 0.633149 0.183074 0.0267441 0.00246327
 0.131901 0.49318 0.331252 0.0422183 0.00144891
 0.196976 0.569456 0.194076 0.0375587 0.00193317
 0.518974 0.381816 0.0799577 0.0180837 0.00116848
 0.0928022 0.601141 0.25162 0.0475244 0.00691264
 0.122501 0.610282 0.24278 0.0234846 0.000952079
 0.383417 0.481906 0.127806 0.00687128 0
 0.0376549 0.599619 0.316969 0.0457579 0
 0.0361596 0.667082 0.258105 0.0386534 0
 0.158088 0.579412 0.248529 0.0139706 0
 0.0477256 0.309471 0.559284 0.082774 0.000745712
 0.0406174 0.521527 0.379366 0.0568643 0.0016247
 0.151134 0.462217 0.34131 0.0453401 0
 0.294876 0.26143 0.354403 0.0886775 0.000613685
 0.281977 0.475581 0.204845 0.0348837 0.00271318
 0.0354234 0.537034 0.353287 0.0723622 0.0018943
pf_pred 
 0.423991 0.289971 0.143996 0.0715061 0.070536
 0.497228 0.308073 0.0980146 0.0486726 0.0480123
 0.0307221 0.660908 0.188953 0.0601161 0.0593006
 0.206555 0.0578083 0.501598 0.143406 0.0906317
 0.790613 0.0758344 0.00973027 0.0844287 0.0393931
 0.495372 0.446629 0.0210061 0.00269527 0.0342985
 0.663837 0.240018 0.0850944 0.0040022 0.00704828
 0.494563 0.412868 0.0660935 0.0234323 0.00304296
 0.820046 0.128335 0.0421652 0.00674996 0.00270385
 0.537922 0.421669 0.0288179 0.00946829 0.00212288
 0.061347 0.669563 0.245558 0.016782 0.00675008
 0.206838 0.104353 0.491343 0.180197 0.0172685
 0.745241 0.0984594 0.0205637 0.0968236 0.0389123
 0.357518 0.567976 0.028795 0.00601398 0.0396968
 0.558574 0.275021 0.147108 0.00745804 0.0118393
 0.385161 0.4751 0.0870616 0.0465692 0.00610884
 0.459187 0.317541 0.172527 0.0316154 0.0191294
 0.398648 0.396371 0.120356 0.0653919 0.0192335
 0.352686 0.38643 0.171957 0.0522138 0.036713
 0.847279 0.085078 0.0403812 0.0179692 0.00929269
 0.440004 0.517764 0.0235267 0.0111666 0.00753876
 0.502417 0.308058 0.175232 0.00796235 0.00633064
 0.522543 0.324467 0.0947175 0.0538778 0.00439461
 0.389073 0.427286 0.124798 0.0364306 0.022413
 0.041268 0.553372 0.283511 0.0828053 0.0390436
pobs_RECLAS
 0 0 0 0 0
 0 0 0 0 0
 0 0 0 0 0
 0 0 0 0 0
 0.835266 0.146461 0.0176864 0.000547809 3.91292e-05
 0.385257 0.428462 0.181853 0.0044286 0
 0.867414 0.0963971 0.0333333 0.00285562 0
 0.441836 0.489002 0.0689373 0.000224442 0
 0.779404 0.147425 0.0564933 0.0165055 0.000172143
 0.814271 0.122319 0.05973 0.00367925 0
 0.40263 0.566651 0.0304383 0.000280538 0
 0.475488 0.404961 0.113038 0.00651328 0
 0.955842 0.0263864 0.0167828 0.000988607 0
 0.975058 0.0227948 0.00214734 0 0
 0.738997 0.206755 0.0527124 0.00153531 0
 0.850938 0.134255 0.0134407 0.00136685 0
 0.542534 0.407297 0.0501686 0 0
 0.764087 0.199537 0.0359546 0.000420521 0
 0.470689 0.182191 0.310203 0.0369168 0
 0.84361 0.089868 0.0606195 0.00523954 0.000663233
 0.607945 0.314616 0.071237 0.00620181 0
 0.523733 0.453247 0.0230204 0 0
 0.530135 0.295979 0.169645 0.0042399 0
 0.562478 0.366248 0.0663022 0.0049721 0
 0.250443 0.683176 0.0655157 0.000865301 0
ppred_RECLAS
 0.42624 0.288839 0.143433 0.0712269 0.0702606
 0.499838 0.306474 0.0975058 0.04842 0.0477631
 0.0318107 0.660166 0.188741 0.0600486 0.059234
 0.208438 0.0576711 0.500408 0.143066 0.0904165
 0.79097 0.0757053 0.0097137 0.084285 0.0393261
 0.505794 0.437404 0.0205722 0.00263961 0.0335901
 0.667688 0.237268 0.0841195 0.00395635 0.00696754
 0.504935 0.404396 0.0647372 0.0229515 0.00298051
 0.822949 0.126265 0.041485 0.00664107 0.00266024
 0.539999 0.419774 0.0286883 0.00942573 0.00211333
 0.0626311 0.668647 0.245222 0.016759 0.00674084
 0.21186 0.103692 0.488232 0.179056 0.0171591
 0.754147 0.0950172 0.0198448 0.0934386 0.0375519
 0.376558 0.551144 0.0279417 0.00583575 0.0385204
 0.572089 0.2666 0.142604 0.00722969 0.0114768
 0.389487 0.471756 0.086449 0.0462415 0.00606585
 0.463859 0.314798 0.171037 0.0313423 0.0189642
 0.402353 0.393929 0.119614 0.0649891 0.019115
 0.357564 0.383518 0.170662 0.0518204 0.0364364
 0.849026 0.0841047 0.0399192 0.0177637 0.00918638
 0.440963 0.516877 0.0234864 0.0111475 0.00752585
 0.50389 0.307146 0.174713 0.00793879 0.0063119
 0.524434 0.323182 0.0943424 0.0536644 0.00437721
 0.391162 0.425825 0.124371 0.036306 0.0223363
 0.0418865 0.553015 0.283328 0.0827519 0.0390185
pobs_PELACES
 0 0 0 0 0
 0 0 0 0 0
 0 0 0 0 0
 0 0 0 0 0
 0 0 0 0 0
 0 0 0 0 0
 0 0 0 0 0
 0 0 0 0 0
 0 0 0 0 0
 0 0 0 0 0
 0.450072 0.473896 0.0757376 0.000293798 0
 0 0 0 0 0
 0.463077 0.371075 0.160297 0.00555027 0
 0.529543 0.364841 0.0842815 0.0213345 0
 0.631943 0.363953 0.00410389 0 0
 0.735681 0.248677 0.0153453 0.000297389 0
 0.695825 0.281241 0.0229344 0 0
 0.275771 0.60734 0.115278 0.00161068 0
 0 0 0 0 0
 0.896147 0.0623911 0.0374545 0.00400742 0
 0.803859 0.145111 0.0509908 3.86294e-05 0
 0.739449 0.233085 0.0266225 0.000797448 4.60066e-05
 0.878498 0.100942 0.0204185 0.000141795 0
 0.694673 0.275183 0.0284847 0.00165964 0
 0.469039 0.446079 0.0841089 0.000773354 0
ppred_PELACES
 0.436429 0.28371 0.140886 0.069962 0.0690129
 0.511356 0.299416 0.0952604 0.0473049 0.0466632
 0.0356547 0.657545 0.187991 0.0598102 0.0589988
 0.216754 0.0570653 0.495151 0.141563 0.0894667
 0.792858 0.0750216 0.00962597 0.0835238 0.0389709
 0.538476 0.408478 0.0192117 0.00246505 0.0313688
 0.682779 0.226494 0.0802995 0.00377668 0.00665113
 0.537512 0.377785 0.0604773 0.0214412 0.00278438
 0.83379 0.118533 0.0389449 0.00623444 0.00249735
 0.549507 0.411097 0.0280953 0.00923089 0.00206965
 0.0676731 0.66505 0.243903 0.0166689 0.00670459
 0.22985 0.101326 0.477088 0.174969 0.0167675
 0.77975 0.0851225 0.0177782 0.0837083 0.0336414
 0.426217 0.507244 0.0257161 0.00537092 0.0354521
 0.610383 0.242742 0.129842 0.0065827 0.0104497
 0.406649 0.458495 0.0840188 0.0449416 0.00589533
 0.482135 0.304067 0.165206 0.0302739 0.0183177
 0.417582 0.383891 0.116566 0.0633331 0.018628
 0.376285 0.372342 0.165688 0.0503103 0.0353746
 0.856175 0.0801219 0.0380288 0.0169225 0.00875136
 0.44583 0.512378 0.0232819 0.0110505 0.00746033
 0.511 0.302744 0.172209 0.007825 0.00622144
 0.533233 0.317202 0.0925968 0.0526715 0.00429622
 0.400718 0.419141 0.122419 0.0357362 0.0219857
 0.0445 0.551506 0.282555 0.0825261 0.038912
pobs_pel_tallas
 0 0 0 0 0 0 0 0 0 0 0 0 0 0 0 0 0 0 0 0 0 0 0 0 0 0 0 0 0 0 0 0 0 0 0 0
 0 0 0 0 0 0 0 0 0 0 0 0 0 0 0 0 0 0 0 0 0 0 0 0 0 0 0 0 0 0 0 0 0 0 0 0
 0 0 0 0 0 0 0 0 0 0 0 0 0 0 0 0 0 0 0 0 0 0 0 0 0 0 0 0 0 0 0 0 0 0 0 0
 0 0 0 0 0 0 0 0 0 0 0 0 0 0 0 0 0 0 0 0 0 0 0 0 0 0 0 0 0 0 0 0 0 0 0 0
 0 0 0 0 0 0 0 0 0 0 0 0 0 0 0 0 0 0 0 0 0 0 0 0 0 0 0 0 0 0 0 0 0 0 0 0
 0 0 0 0 0 0 0 0 0 0 0 0 0 0 0 0 0 0 0 0 0 0 0 0 0 0 0 0 0 0 0 0 0 0 0 0
 0 0 0 0 0 0 0 0 0 0 0 0 0 0 0 0 0 0 0 0 0 0 0 0 0 0 0 0 0 0 0 0 0 0 0 0
 0 0 0 0 0 0 0 0 0 0 0 0 0 0 0 0 0 0 0 0 0 0 0 0 0 0 0 0 0 0 0 0 0 0 0 0
 0 0 0 0 0 0 0 0 0 0 0 0 0 0 0 0 0 0 0 0 0 0 0 0 0 0 0 0 0 0 0 0 0 0 0 0
 0 0 0 0 0 0 0 0 0 0 0 0 0 0 0 0 0 0 0 0 0 0 0 0 0 0 0 0 0 0 0 0 0 0 0 0
 0 0 0 0 0 0 0 0 1.78061e-05 0.00172719 0.00360574 0.0105946 0.0120993 0.0124554 0.0147524 0.0171206 0.0266825 0.0428682 0.0675386 0.121331 0.153587 0.119568 0.100827 0.0573624 0.0630603 0.0341343 0.0324427 0.0444173 0.0211091 0.0280891 0.0125444 0.00206551 0 0 0 0
 0 0 0 0 0 0 0 0 0 0 0 0 0 0 0 0 0 0 0 0 0 0 0 0 0 0 0 0 0 0 0 0 0 0 0 0
 0 0 0 0 0 0 0.0133647 0.0140871 0.0187388 0.0205184 0.03894 0.0496705 0.03968 0.0493445 0.0407372 0.0367815 0.0215668 0.0243155 0.0234873 0.0199281 0.019796 0.0243948 0.0301388 0.0376714 0.0412746 0.0863199 0.0771752 0.113111 0.0741005 0.0525337 0.0229764 0.00759418 0.00175318 0 0 0
 0 0 0 0 0 0 0 0 0 0 0.00219441 0.00772107 0.0458388 0.0604681 0.0671733 0.0775358 0.0609151 0.0617685 0.073594 0.0568108 0.0755445 0.0548602 0.0670107 0.0636378 0.0643287 0.046367 0.0373049 0.0286899 0.0247887 0.0153202 0.00654259 0.00121912 0.000365735 0 0 0
 0 0 0 0 0 0 0 0 0 0 0 0 0.000112435 0.00938835 0.0111873 0.0202946 0.0414886 0.0713402 0.111592 0.104902 0.108894 0.110636 0.117776 0.105296 0.107544 0.0401394 0.0192827 0.0124803 0.00416011 0.0028671 0.000618394 0 0 0 0 0
 0 0 0 0 0 0 0 0 0 0 0.00291406 0.0102884 0.027416 0.0768956 0.0749926 0.110853 0.0956884 0.0897413 0.0766577 0.0534642 0.0500743 0.0551293 0.0594112 0.0620874 0.0668451 0.0424026 0.0208742 0.0120726 0.0048766 0.00582813 0.00118941 0.000297354 0 0 0 0
 0 0.00264628 0.0354308 0.0461629 0.0458689 0.0383711 0.0214643 0.0164657 0.0346957 0.0420465 0.0363128 0.0245516 0.0311673 0.0291091 0.0169068 0.0133784 0.00837989 0.0085269 0.0148486 0.0160247 0.0276389 0.0546898 0.0760071 0.122758 0.109233 0.0665981 0.0333725 0.0166128 0.00676272 0.00308733 0.000882094 0 0 0 0 0
 0 0 0 0 0 0 0 0.000805153 0.000690131 0.00759144 0.0133425 0.0154129 0.00931677 0.000345066 0.00356568 0.00563607 0.00851162 0.0253048 0.0502646 0.0516448 0.0657925 0.0565908 0.0611916 0.0827007 0.0866115 0.110766 0.145733 0.0935128 0.0569358 0.0249597 0.0138026 0.00621118 0.00161031 0.00115022 0 0
 0 0 0 0 0 0 0 0 0 0 0 0 0 0 0 0 0 0 0 0 0 0 0 0 0 0 0 0 0 0 0 0 0 0 0 0
 0.00147267 0.00158595 0.00478618 0.00569244 0.00954404 0.0108468 0.00647125 0.017049 0.0510054 0.094081 0.124002 0.0959785 0.0687766 0.0820023 0.061753 0.0591476 0.0492212 0.0479892 0.0443925 0.0268479 0.0217502 0.0140895 0.0121071 0.0120363 0.00920419 0.00665534 0.0049561 0.00860946 0.00930331 0.0156896 0.0114698 0.00855282 0.00243557 0.00046729 0 2.83206e-05
 0 0 0 0 0.000772559 0.00158375 0.000888443 0.00281984 0.00712685 0.0440552 0.0773331 0.111326 0.0921469 0.0852325 0.0710754 0.0886704 0.0786465 0.0553345 0.0373146 0.0185414 0.00753245 0.00457741 0.012979 0.0271748 0.0457355 0.0583668 0.034881 0.0177882 0.00938659 0.00492506 0.0015258 0.00185414 0.000309023 5.79419e-05 3.86279e-05 0
 0 0.00173294 0.00326652 0 0.00397197 0.00683976 0.00946217 0.0152591 0.00757587 0.0136028 0.0228656 0.0392903 0.0559909 0.0764795 0.0681675 0.0726916 0.0566044 0.0477403 0.0527397 0.0444891 0.0609904 0.0582453 0.0661739 0.0445044 0.0529084 0.0360697 0.0280645 0.0235558 0.0158879 0.00826598 0.00280645 0.00217768 0.000904811 0.00058276 9.20147e-05 0
 0 0 0 0 0 0 0 0 0 0 0 0 0 0 0 0 0 0 0 0 0 0 0 0 0 0 0 0 0 0 0 0 0 0 0 0
 0 0 0 0 0 0 0 0 0 0 0 0 0 0 0 0 0 0 0 0 0 0 0 0 0 0 0 0 0 0 0 0 0 0 0 0
 0 0 0 0 0 0 0 0 0 0 0 0 0 0 0 0 0 0 0 0 0 0 0 0 0 0 0 0 0 0 0 0 0 0 0 0
ppred_pel_tallas
 1.07721e-16 1.90546e-05 0.000111802 0.00053139 0.00204577 0.00637943 0.0161141 0.0329732 0.0546628 0.073429 0.0799537 0.0706401 0.0508181 0.030167 0.0155964 0.00850928 0.00693047 0.00849879 0.0117537 0.0159991 0.0208332 0.0258699 0.0306764 0.0348214 0.0379578 0.0398897 0.0405991 0.0402207 0.038982 0.037129 0.0348675 0.0323355 0.029608 0.0267236 0.0237161 0.0206368
 1.05256e-16 2.23224e-05 0.000130986 0.000622586 0.00239689 0.00747439 0.0188799 0.0386323 0.0640431 0.0860256 0.0936588 0.0827229 0.0594541 0.0351794 0.0179753 0.00946035 0.00729102 0.00867083 0.0118632 0.0160378 0.0207252 0.0254926 0.0298702 0.0334037 0.0357458 0.0367285 0.0363911 0.0349495 0.0327246 0.0300536 0.0272171 0.0244001 0.0216919 0.0191131 0.0166525 0.0142986
 1.07695e-16 1.59428e-06 9.26009e-06 4.38156e-05 0.000168353 0.000524689 0.00132605 0.00271856 0.00452644 0.00613981 0.00684198 0.00641734 0.00542802 0.00485264 0.0055076 0.00780624 0.0118863 0.0177762 0.0254023 0.0344852 0.0444525 0.0544459 0.0634361 0.0704203 0.0746411 0.0757533 0.0738866 0.0695775 0.0636067 0.0567972 0.0498431 0.0432139 0.0371452 0.0316916 0.0268075 0.0224191
 1.16092e-16 9.46737e-06 5.55357e-05 0.000263934 0.00101607 0.00316839 0.0080031 0.0163759 0.0271472 0.0364651 0.0397002 0.0350639 0.0252008 0.0149171 0.00764862 0.00410875 0.0033561 0.00429299 0.00631539 0.00924859 0.0131027 0.0179046 0.023618 0.0301098 0.0371368 0.0443479 0.0513032 0.0575099 0.0624747 0.0657664 0.0670787 0.0662795 0.0634369 0.0588105 0.0528135 0.0459497
 1.04853e-16 3.45878e-05 0.000203016 0.000965074 0.00371563 0.0115869 0.0292675 0.0598843 0.0992617 0.133296 0.145027 0.127865 0.0913989 0.0530772 0.0252672 0.0102948 0.00434197 0.0029366 0.00335814 0.00445684 0.00583794 0.00734283 0.00885958 0.0102871 0.0115445 0.0125837 0.0133926 0.0139857 0.0143875 0.0146143 0.0146638 0.0145145 0.0141362 0.0135045 0.0126151 0.0114917
 1.01957e-16 2.35093e-05 0.000137944 0.000655646 0.00252414 0.00787119 0.0198823 0.0406841 0.0674468 0.0906047 0.0986629 0.0871871 0.0627589 0.0373272 0.0194234 0.0107802 0.00895173 0.0109963 0.0150557 0.020182 0.02576 0.0311782 0.0357771 0.0389425 0.040241 0.0395241 0.0369641 0.0330032 0.0282386 0.0232807 0.0186312 0.0146127 0.011357 0.00884253 0.0069531 0.00553812
 1.01655e-16 2.97944e-05 0.000174859 0.000831181 0.00320006 0.00997906 0.0252064 0.0515762 0.0854954 0.114825 0.124969 0.110273 0.0790267 0.0463017 0.0228102 0.0106274 0.00653577 0.00673154 0.00887129 0.011892 0.0152963 0.0187141 0.0217724 0.0241176 0.0254818 0.0257405 0.0249354 0.0232529 0.0209689 0.0183799 0.0157428 0.0132404 0.0109749 0.00898282 0.00725966 0.00578331
 1.01849e-16 2.34661e-05 0.000137693 0.000654459 0.00251958 0.00785698 0.0198464 0.0406104 0.0673238 0.0904372 0.0984746 0.0870066 0.0625985 0.0371709 0.0192318 0.0105017 0.00853214 0.0103856 0.014216 0.0190994 0.0244578 0.029727 0.0342952 0.0375857 0.0391792 0.0389104 0.0369035 0.0335296 0.0293061 0.0247719 0.02038 0.0164343 0.0130796 0.0103308 0.00812287 0.00635873
 1.00923e-16 3.63747e-05 0.000213502 0.00101491 0.00390752 0.0121853 0.0307789 0.0629772 0.104389 0.140185 0.152531 0.134501 0.0961861 0.0559455 0.0267971 0.0112004 0.0051514 0.00394963 0.00472202 0.00622641 0.0079912 0.00977308 0.0113682 0.0125909 0.0133019 0.0134372 0.0130197 0.0121476 0.0109656 0.00962803 0.00826821 0.00697983 0.0058141 0.00478797 0.00389747 0.00313007
 1.00947e-16 2.39904e-05 0.000140768 0.000669073 0.00257584 0.0080324 0.0202895 0.0415173 0.068828 0.0924595 0.100681 0.0889675 0.0640333 0.0380709 0.0197841 0.0109386 0.00903552 0.0110709 0.0151472 0.0202981 0.0258985 0.0313288 0.0359201 0.0390493 0.0402742 0.0394406 0.0367194 0.0325561 0.0275572 0.0223471 0.0174456 0.0131951 0.00974713 0.00709609 0.00513714 0.00372385
 1.04565e-16 2.99105e-06 1.74589e-05 8.27903e-05 0.00031841 0.00099263 0.00250803 0.00513708 0.00853544 0.0115239 0.0127012 0.0115862 0.00912951 0.00701585 0.00656316 0.00828105 0.0121551 0.0180339 0.0257316 0.0349157 0.0449855 0.0550567 0.0640704 0.0709901 0.0750262 0.0758079 0.0734522 0.0685012 0.0617618 0.0541036 0.0462841 0.0388457 0.0320968 0.026154 0.0210137 0.0166183
 1.13601e-16 1.00403e-05 5.88948e-05 0.000279894 0.0010775 0.00335997 0.00848704 0.0173664 0.0287902 0.0386749 0.0421137 0.0372137 0.0267853 0.0159334 0.0083117 0.00468729 0.00406854 0.00528887 0.00768963 0.011047 0.0153118 0.0204368 0.026305 0.0327111 0.0393664 0.0459145 0.0519551 0.0570744 0.0608825 0.0630579 0.0633913 0.061823 0.0584622 0.0535792 0.0475725 0.0409122
 1.04729e-16 3.40167e-05 0.000199662 0.000949126 0.00365423 0.0113954 0.0287838 0.0588947 0.0976217 0.131095 0.142635 0.125763 0.0899113 0.0522438 0.0249278 0.0102564 0.00448049 0.0032063 0.00375956 0.00500598 0.00654781 0.00821403 0.00987584 0.0114149 0.0127362 0.0137837 0.0145448 0.0150407 0.0153074 0.0153756 0.0152569 0.0149424 0.0144113 0.013646 0.0126465 0.0114386
 1.02372e-16 1.86182e-05 0.00010922 0.00051907 0.00199826 0.00623121 0.01574 0.0322094 0.0534028 0.0717553 0.078181 0.0691921 0.0500333 0.0302148 0.016559 0.0105189 0.0102379 0.0134422 0.0186624 0.0250706 0.0320107 0.0387489 0.0444702 0.0484124 0.0500362 0.0491558 0.0459838 0.0410676 0.0351478 0.0289818 0.0231929 0.0181825 0.0141164 0.01097 0.00860132 0.00682553
 1.02637e-16 2.66383e-05 0.000156329 0.000743082 0.00286085 0.00892123 0.0225344 0.0461093 0.0764347 0.10266 0.111741 0.0986273 0.0707399 0.0415659 0.0207011 0.0100243 0.00668516 0.00730611 0.00980576 0.0132312 0.0171144 0.0210795 0.0247317 0.0276861 0.0296395 0.030431 0.0300691 0.0287114 0.0266122 0.0240546 0.0212918 0.0185139 0.0158417 0.0133406 0.0110429 0.00896563
 1.03162e-16 1.77632e-05 0.000104204 0.000495233 0.00190649 0.00594507 0.0150172 0.0307301 0.0509496 0.0684575 0.0745839 0.0659991 0.047704 0.0287681 0.015696 0.00987013 0.00951839 0.0124775 0.0173619 0.0234102 0.0300373 0.0365901 0.0423355 0.0465751 0.0487958 0.048787 0.0466835 0.0429141 0.0380825 0.0328184 0.0276503 0.0229321 0.0188335 0.0153759 0.0124924 0.0100843
 1.04341e-16 2.10487e-05 0.000123507 0.000587029 0.00225998 0.00704745 0.0178015 0.0364259 0.0603862 0.081116 0.0883203 0.078024 0.0561124 0.033274 0.0171356 0.00923855 0.0073901 0.00896949 0.0123503 0.0167511 0.0217171 0.0268138 0.0315571 0.0354687 0.0381677 0.0394469 0.0393053 0.0379234 0.0355985 0.0326617 0.0294076 0.0260558 0.0227455 0.0195555 0.0165316 0.0137094
 1.04827e-16 1.82369e-05 0.000106992 0.000508502 0.00195761 0.00610448 0.0154197 0.0315532 0.0523119 0.0702807 0.0765511 0.0676941 0.0488301 0.0292498 0.0156035 0.00927787 0.00842372 0.0108044 0.0150097 0.0203097 0.0261989 0.0321385 0.0375221 0.0417626 0.0444135 0.0452648 0.0443799 0.0420563 0.038733 0.0348743 0.030873 0.0269965 0.0233822 0.020069 0.0170428 0.0142773
 1.05855e-16 1.64358e-05 9.6419e-05 0.000458237 0.00176408 0.00550097 0.0138953 0.0284341 0.0471417 0.0633376 0.0689967 0.0610332 0.0440677 0.0264825 0.0142845 0.00874156 0.00820781 0.0106877 0.014925 0.0202669 0.0262488 0.0323606 0.038018 0.0426451 0.0457901 0.0472186 0.0469503 0.0452259 0.0424237 0.038954 0.0351716 0.0313278 0.0275675 0.0239565 0.0205214 0.0172817
 1.01557e-16 3.73492e-05 0.000219226 0.00104214 0.00401235 0.0125122 0.0316047 0.0646665 0.107188 0.14394 0.156607 0.138072 0.09869 0.0573008 0.0272573 0.0110676 0.00460379 0.00302933 0.00339664 0.00445152 0.00575222 0.00710981 0.00838508 0.00945242 0.0102135 0.0106152 0.0106573 0.0103856 0.00987432 0.00920434 0.00844534 0.00764643 0.00683621 0.00602912 0.00523388 0.00445994
 1.01226e-16 1.94737e-05 0.000114242 0.000542942 0.00209017 0.00651783 0.016464 0.0336907 0.0558583 0.0750529 0.0817693 0.0723566 0.0522973 0.0315334 0.0171936 0.0107883 0.0103657 0.0135393 0.0187685 0.0251904 0.0321305 0.0388405 0.0444921 0.0483115 0.049753 0.0486311 0.045167 0.039925 0.0336681 0.0271797 0.0211087 0.0158789 0.0116722 0.00847251 0.00613849 0.00447797
 1.03103e-16 2.23073e-05 0.000130896 0.000622159 0.00239524 0.00746925 0.0188669 0.0386058 0.0639994 0.0859676 0.0935976 0.0826736 0.059429 0.0351858 0.0180187 0.00955048 0.00744541 0.00891564 0.0122314 0.0165657 0.0214467 0.0264318 0.0310323 0.0347662 0.0372509 0.03828 0.0378575 0.0361741 0.0335425 0.0303138 0.0268057 0.0232601 0.0198358 0.0166237 0.013673 0.0110131
 1.03429e-16 2.32771e-05 0.000136589 0.000649222 0.00249944 0.00779418 0.0196877 0.0402852 0.0667833 0.0897064 0.0976667 0.086264 0.0620015 0.0366913 0.0187554 0.00988129 0.00762333 0.00906144 0.0123777 0.0166954 0.0215105 0.026355 0.030722 0.0341247 0.0361945 0.036761 0.0358817 0.0338103 0.030919 0.0276022 0.0241944 0.0209249 0.0179131 0.0151928 0.0127508 0.0105597
 1.0413e-16 1.7503e-05 0.00010268 0.000487995 0.00187864 0.00585821 0.0147977 0.0302808 0.050204 0.0674532 0.0734832 0.0650097 0.0469555 0.0282506 0.0152954 0.00944243 0.00893792 0.0116492 0.016221 0.0219287 0.0282369 0.0345552 0.0402168 0.0445781 0.0471541 0.0477245 0.0463744 0.0434514 0.0394621 0.0349427 0.0303489 0.0259936 0.0220386 0.0185271 0.0154331 0.012708
 1.08845e-16 1.97594e-06 1.15098e-05 5.45315e-05 0.000209646 0.000653483 0.00165124 0.00338319 0.00562527 0.00760687 0.00841571 0.00775152 0.00626569 0.00510582 0.00519332 0.00693125 0.0103841 0.0155192 0.022256 0.0303738 0.0394193 0.0486955 0.0573463 0.0645131 0.0695118 0.0719719 0.071893 0.0695999 0.0656231 0.0605482 0.0548905 0.0490257 0.0431859 0.0374967 0.0320314 0.0268536
pSPR Fmed_Fpbrs
0.511034   0.255602 0.255602
Fs Fmed_Fpbrs
0.387248   1.005 1.005
SSBpbr Bo_Bmed_Bpbrs
916616  422591  188458 188458
Ro
24343
SPR SPRFo_SPRFmed_SPRFpbrs
499952 255492 127789
log_Ro
9.92
likeval ReclasPelacesDesembMPH_pf_preclas_ppelaces_ptallas_desvR_qrecl_qpela
 112.05 113.845 0.441961 0.00052511 379.327 225.134 95.906 0 46.1336 0 0 0 0 0 0
q_reclas_q_pelaces
1 1
M
0.7
N
 40108.3 14472.4 7186.79 3568.85 3520.44
 53419.9 17561.4 5587.23 2774.54 2736.9
 1859.16 23070.3 6595.77 2098.47 2070
 4328.12 645.568 5601.54 1601.47 1012.12
 37969.5 1848.88 237.229 2058.41 960.424
 34534.4 18211.8 856.546 109.903 1398.56
 58462.3 11529.3 4087.5 192.245 338.564
 48285.8 23566.3 3772.59 1337.51 173.691
 187450 16141.8 5303.48 849.001 340.087
 179340 73875.6 5048.83 1658.82 371.924
 13102 79288.6 29078.6 1987.3 799.333
 17654.1 5062.17 23835.1 8741.36 837.694
 81573.1 6385.45 1333.63 6279.36 2523.6
 26202.9 26235.2 1330.06 277.789 1833.62
 23463.3 6951.54 3718.37 188.513 299.255
 10675.9 7206.67 1320.62 706.397 92.6635
 11252.7 4267.02 2318.37 424.839 257.056
 8308.81 4474.56 1358.67 738.198 217.124
 5626.38 3409.35 1517.13 460.666 323.907
 40535.2 2188.48 1038.73 462.226 239.038
 28055.3 16941.3 769.794 365.373 246.669
 41243.7 13123.7 7465.13 339.208 269.695
 57802.4 18789.3 5484.92 3119.97 254.484
 44599.2 25790.7 7532.69 2198.92 1352.83
 2700.74 19621.8 10052.9 2936.16 1384.43
pred_Ctot
 3436.59 2350.32 1167.13 579.582 571.719
 5047.35 3127.24 994.944 494.075 487.372
 410.462 8830.05 2524.5 803.18 792.283
 438.84 122.817 1065.68 304.676 192.553
 933.519 89.5417 11.489 99.6895 46.5136
 8326.37 7507.08 353.077 45.3031 576.501
 8010.47 2896.28 1026.83 48.2942 85.0511
 11609 9691.36 1551.43 550.033 71.4281
 28191.6 4411.91 1449.56 232.051 92.9534
 14243.1 11165 763.04 250.701 56.2096
 2121.77 23157.7 8492.94 580.427 233.46
 3512.03 1771.88 8342.82 3059.67 293.212
 21190.7 2799.66 584.723 2753.15 1106.46
 9095.46 14449.6 732.562 152.999 1009.91
 6616.41 3257.67 1742.53 88.3419 140.239
 1516.99 1871.22 342.899 183.416 24.0601
 1633.19 1129.4 613.627 112.447 68.0376
 1049.39 1043.4 316.821 172.136 50.6299
 889.309 974.397 433.597 131.659 92.5732
 4662.96 468.223 222.236 98.8928 51.1419
 1174.37 1381.91 62.7926 29.8037 20.1209
 2462.18 1509.69 858.752 39.0209 31.0244
 4245.04 2635.91 769.467 437.693 35.701
 3683.15 4044.89 1181.39 344.869 212.172
 342.558 4593.43 2353.37 687.35 324.094
F
 0.12588 0.251761 0.251761 0.251761 0.251761
 0.139638 0.279275 0.279275 0.279275 0.279275
 0.357752 0.715504 0.715504 0.715504 0.715504
 0.150553 0.301106 0.301106 0.301106 0.301106
 0.034714 0.0694281 0.0694281 0.0694281 0.0694281
 0.397068 0.794135 0.794135 0.794135 0.794135
 0.208563 0.417127 0.417127 0.417127 0.417127
 0.395728 0.791456 0.791456 0.791456 0.791456
 0.231127 0.462254 0.462254 0.462254 0.462254
 0.116191 0.232382 0.232382 0.232382 0.232382
 0.250968 0.501936 0.501936 0.501936 0.501936
 0.316945 0.633891 0.633891 0.633891 0.633891
 0.434398 0.868796 0.868796 0.868796 0.868796
 0.626908 1.25382 1.25382 1.25382 1.25382
 0.480432 0.960864 0.960864 0.960864 0.960864
 0.217072 0.434144 0.434144 0.434144 0.434144
 0.222204 0.444407 0.444407 0.444407 0.444407
 0.190795 0.38159 0.38159 0.38159 0.38159
 0.244259 0.488519 0.488519 0.488519 0.488519
 0.172419 0.344839 0.344839 0.344839 0.344839
 0.0597548 0.11951 0.11951 0.11951 0.11951
 0.08621 0.17242 0.17242 0.17242 0.17242
 0.107018 0.214035 0.214035 0.214035 0.214035
 0.121075 0.24215 0.24215 0.24215 0.24215
 0.191683 0.383366 0.383366 0.383366 0.383366
nmprior
 10.6 11 7 0
nm_flota  nm_reclas  nm_pelaces    nm_pelaL
inf 11.0163 6.47971 11.3507
cv_recla  cv_pelaces  cv_mph
0.957483 1.20984 0.74347
 ------------------------------------------------
Talla a la edad & desviación 
 7.2 14.2025 17.0495 18.207 18.6776
 1.08 2.13037 2.55742 2.73105 2.80164
