years
 1997 1998 1999 2000 2001 2002 2003 2004 2005 2006 2007 2008 2009 2010 2011 2012 2013 2014 2015 2016 2017 2018 2019 2020 2021
reclasobs
 0 0 0 370054 412103 1.49427e+06 250295 1.28982e+06 931140 785840 897777 1.04006e+06 184774 17550 25797 100020 73551 82996 120727 218422 84188 347160 605670 569463 516374
reclaspred
 1.58757e+06 464298 1.61803e+06 1.027e+06 1.084e+06 1.32119e+06 2.56221e+06 1.66022e+06 1.71049e+06 1.47888e+06 1.20345e+06 807103 469501 219246 155647 168768 224686 342447 400666 539960 807880 808541 1.43426e+06 1.90719e+06 2.87806e+06
pelacesobs
 0 0 0 0 0 0 0 0 0 2.06254e+06 1.5e+06 0 1.87456e+06 323000 250000 174000 83755 137374 0 501740 490994 745055 786931 1.00524e+06 1.33801e+06
pelacespred
 1.15825e+06 461437 622033 754275 677003 681501 1.29467e+06 1.18752e+06 1.01633e+06 917738 643888 441758 250947 95258.8 68087.6 83812.9 116846 179721 222532 289528 469844 491081 659790 1.04338e+06 1.59884e+06
mphobs
 0 0 0 0 0 112323 0 153150 637223 0 255016 313432 73983 77613 109348 50772 0 0 0 0 0 0 0 0 0
mphpred
 1.0383e+06 765640 882958 1.12557e+06 925792 1.13634e+06 1.62966e+06 1.87602e+06 1.52856e+06 1.43728e+06 1.25015e+06 852978 526503 277363 139686 134467 169236 255222 340467 406621 606159 747718 961953 1.43439e+06 2.18856e+06
desembarqueobs
 350755 77701 442110 56441 14545 235359 269955 359681 431902 328805 639364 411747 362871 311530 167758 66681 60226 58785 57116 73181 50977 67692 138656 160484 209506
desembarquepred
 350804 77720.8 442387 56449.4 14545.5 235487 270033 359841 432138 328968 640299 412424 363607 312395 167940 66723.2 60265.8 58803.3 57127.3 73196.3 50982.4 67698.1 138677 160505 209519
Reclutas
 97771.9 89836.4 56260.9 62393.7 94161 81983.4 125644 109327 123592 114024 70010.6 44784.5 44917.2 29567.9 21884.5 21864.6 20209.8 23747.7 27011.8 44500.5 63597.8 79554.7 134622 192166 174403
log_desv_Rt
 0.430392 0.345746 -0.122244 -0.0187812 0.392762 0.254272 0.681207 0.542099 0.664739 0.584168 0.0964015 -0.350384 -0.347423 -0.765555 -1.06647 -1.06738 -1.14608 -0.98476 -0.855972 -0.356745 0.000334497 0.2242 0.750229 1.10611 1.00912
SSB
 1.0383e+06 765640 882958 1.12557e+06 925792 1.13634e+06 1.62966e+06 1.87602e+06 1.52856e+06 1.43728e+06 1.25015e+06 852978 526503 277363 139686 134467 169236 255222 340467 406621 606159 747718 961953 1.43439e+06 2.18856e+06
BT
 3.86586e+06 1.01935e+06 1.75225e+06 1.58989e+06 1.4718e+06 1.52019e+06 3.33778e+06 2.91949e+06 2.69978e+06 2.28729e+06 1.93321e+06 1.30199e+06 908578 502818 312600 246894 323500 456077 513701 711896 1.13809e+06 1.05477e+06 1.50177e+06 2.4607e+06 3.73422e+06
Ftot
 0.214121 0.162572 0.263579 0.0537003 0.0131394 0.172843 0.102698 0.209802 0.244038 0.215229 0.503081 0.483847 0.718936 1.24713 0.982331 0.378562 0.259001 0.166714 0.138617 0.131888 0.06164 0.0816771 0.0942534 0.0821094 0.0710633
BD_Bspro_t
 0.971897 0.844284 0.802395 0.70515 0.766555 0.843718 0.808861 0.812907 0.752916 0.700655 0.647503 0.483269 0.372026 0.265306 0.167126 0.18752 0.28974 0.461729 0.591767 0.687962 0.783427 0.854547 0.865297 0.874239 0.889733
BD_Bspro
 0.795191 0.586373 0.676222 0.862029 0.709027 0.87028 1.24809 1.43677 1.17066 1.10076 0.957436 0.653262 0.403227 0.212421 0.10698 0.102983 0.129611 0.195464 0.26075 0.311414 0.464233 0.572648 0.736721 1.09854 1.67613
BD_Bo
 0.753921 0.555941 0.641127 0.817291 0.672229 0.825113 1.18331 1.3622 1.10991 1.04363 0.907746 0.619358 0.3823 0.201396 0.101428 0.0976381 0.122884 0.18532 0.247217 0.295252 0.44014 0.542928 0.698486 1.04153 1.58914
BD_Brms
 3.6669 2.70397 3.11829 3.97511 3.26957 4.01316 5.75536 6.62542 5.39833 5.07596 4.41506 3.01241 1.85942 0.979545 0.49332 0.474889 0.59768 0.901352 1.20241 1.43604 2.14074 2.64067 3.39727 5.06576 7.72922
S_f
 0.5 1 1 1 1
 0.5 1 1 1 1
 0.5 1 1 1 1
 0.5 1 1 1 1
 0.5 1 1 1 1
 0.5 1 1 1 1
 0.5 1 1 1 1
 0.5 1 1 1 1
 0.5 1 1 1 1
 0.5 1 1 1 1
 0.5 1 1 1 1
 0.5 1 1 1 1
 0.5 1 1 1 1
 0.5 1 1 1 1
 0.5 1 1 1 1
 0.5 1 1 1 1
 0.5 1 1 1 1
 0.5 1 1 1 1
 0.5 1 1 1 1
 0.5 1 1 1 1
 0.5 1 1 1 1
 0.5 1 1 1 1
 0.5 1 1 1 1
 0.5 1 1 1 1
 0.5 1 1 1 1
Scru_reclas
 0.5 1 1 1 1
 0.5 1 1 1 1
 0.5 1 1 1 1
 0.5 1 1 1 1
 0.5 1 1 1 1
 0.5 1 1 1 1
 0.5 1 1 1 1
 0.5 1 1 1 1
 0.5 1 1 1 1
 0.5 1 1 1 1
 0.5 1 1 1 1
 0.5 1 1 1 1
 0.5 1 1 1 1
 0.5 1 1 1 1
 0.5 1 1 1 1
 0.5 1 1 1 1
 0.5 1 1 1 1
 0.5 1 1 1 1
 0.5 1 1 1 1
 0.5 1 1 1 1
 0.5 1 1 1 1
 0.5 1 1 1 1
 0.5 1 1 1 1
 0.5 1 1 1 1
 0.5 1 1 1 1
Scru_pelaces
 0.5 1 1 1 1
 0.5 1 1 1 1
 0.5 1 1 1 1
 0.5 1 1 1 1
 0.5 1 1 1 1
 0.5 1 1 1 1
 0.5 1 1 1 1
 0.5 1 1 1 1
 0.5 1 1 1 1
 0.5 1 1 1 1
 0.5 1 1 1 1
 0.5 1 1 1 1
 0.5 1 1 1 1
 0.5 1 1 1 1
 0.5 1 1 1 1
 0.5 1 1 1 1
 0.5 1 1 1 1
 0.5 1 1 1 1
 0.5 1 1 1 1
 0.5 1 1 1 1
 0.5 1 1 1 1
 0.5 1 1 1 1
 0.5 1 1 1 1
 0.5 1 1 1 1
 0.5 1 1 1 1
pf_obs 
 0.256992 0.487395 0.22802 0.0275931 0
 0.321318 0.546541 0.124235 0.00734118 0.000564706
 0.182869 0.594174 0.210203 0.0122559 0.00049798
 0.330522 0.361315 0.267642 0.0388342 0.00168674
 0.649043 0.306663 0.0425973 0.00169635 0
 0.582887 0.30429 0.105238 0.00758474 0
 0.465427 0.430635 0.0974691 0.00646863 0
 0.296916 0.608066 0.0921331 0.00288517 0
 0.311714 0.524322 0.152257 0.0117073 0
 0.15457 0.633149 0.183074 0.0267441 0.00246327
 0.131901 0.49318 0.331252 0.0422183 0.00144891
 0.196976 0.569456 0.194076 0.0375587 0.00193317
 0.518974 0.381816 0.0799577 0.0180837 0.00116848
 0.0928022 0.601141 0.25162 0.0475244 0.00691264
 0.122501 0.610282 0.24278 0.0234846 0.000952079
 0.383417 0.481906 0.127806 0.00687128 0
 0.0376549 0.599619 0.316969 0.0457579 0
 0.0361596 0.667082 0.258105 0.0386534 0
 0.158088 0.579412 0.248529 0.0139706 0
 0.0477256 0.309471 0.559284 0.082774 0.000745712
 0.0406174 0.521527 0.379366 0.0568643 0.0016247
 0.151134 0.462217 0.34131 0.0453401 0
 0.294876 0.26143 0.354403 0.0886775 0.000613685
 0.281977 0.475581 0.204845 0.0348837 0.00271318
 0.0354234 0.537034 0.353287 0.0723622 0.0018943
pf_pred 
 0.637892 0.259442 0.0921698 0.0104914 5.20394e-06
 0.457043 0.428536 0.0819799 0.0291244 0.00331679
 0.315836 0.436552 0.195431 0.0373864 0.0147946
 0.391416 0.303652 0.194571 0.0871035 0.0232571
 0.469924 0.300193 0.1147 0.0734964 0.0416871
 0.369657 0.403565 0.128429 0.0490712 0.049278
 0.487079 0.28311 0.147132 0.0468228 0.0358563
 0.389608 0.403833 0.114011 0.0592517 0.0332957
 0.433866 0.325771 0.159024 0.0448959 0.0364438
 0.405943 0.369347 0.129305 0.0631198 0.0322854
 0.311464 0.407876 0.174496 0.0610896 0.0450737
 0.319081 0.348593 0.196864 0.0842218 0.0512405
 0.435355 0.293206 0.138962 0.0784773 0.0540002
 0.439862 0.367894 0.0998275 0.047312 0.0451044
 0.540101 0.32166 0.0907941 0.0246368 0.0228078
 0.575153 0.323165 0.0711181 0.0200743 0.0104899
 0.471733 0.396927 0.0999048 0.0219858 0.00944877
 0.478782 0.342942 0.133952 0.0337151 0.0106083
 0.457828 0.356893 0.121907 0.0476164 0.0157558
 0.538268 0.294224 0.110265 0.0376642 0.0195794
 0.524364 0.336568 0.0886166 0.0332105 0.0172411
 0.477705 0.361261 0.11395 0.0300024 0.0170811
 0.541466 0.298865 0.11044 0.0348351 0.0143937
 0.520632 0.339418 0.0912168 0.0337073 0.0150251
 0.400114 0.413756 0.13179 0.0354179 0.018922
pobs_RECLAS
 0 0 0 0 0
 0 0 0 0 0
 0 0 0 0 0
 0 0 0 0 0
 0.835266 0.146461 0.0176864 0.000547809 3.91292e-05
 0.385257 0.428462 0.181853 0.0044286 0
 0.867414 0.0963971 0.0333333 0.00285562 0
 0.441836 0.489002 0.0689373 0.000224442 0
 0.779404 0.147425 0.0564933 0.0165055 0.000172143
 0.814271 0.122319 0.05973 0.00367925 0
 0.40263 0.566651 0.0304383 0.000280538 0
 0.475488 0.404961 0.113038 0.00651328 0
 0.955842 0.0263864 0.0167828 0.000988607 0
 0.975058 0.0227948 0.00214734 0 0
 0.738997 0.206755 0.0527124 0.00153531 0
 0.850938 0.134255 0.0134407 0.00136685 0
 0.542534 0.407297 0.0501686 0 0
 0.764087 0.199537 0.0359546 0.000420521 0
 0.470689 0.182191 0.310203 0.0369168 0
 0.84361 0.089868 0.0606195 0.00523954 0.000663233
 0.607945 0.314616 0.071237 0.00620181 0
 0.523733 0.453247 0.0230204 0 0
 0.530135 0.295979 0.169645 0.0042399 0
 0.562478 0.366248 0.0663022 0.0049721 0
 0.250443 0.683176 0.0655157 0.000865301 0
ppred_RECLAS
 0.639642 0.258188 0.0917243 0.0104407 5.17879e-06
 0.45841 0.427457 0.0817736 0.0290511 0.00330845
 0.317942 0.435208 0.194829 0.0372714 0.014749
 0.391807 0.303457 0.194446 0.0870475 0.0232421
 0.47002 0.300138 0.114679 0.0734831 0.0416796
 0.371034 0.402683 0.128148 0.048964 0.0491703
 0.487901 0.282656 0.146896 0.0467477 0.0357988
 0.391371 0.402667 0.113682 0.0590807 0.0331996
 0.436044 0.324517 0.158412 0.0447232 0.0363036
 0.407784 0.368202 0.128904 0.0629241 0.0321853
 0.316234 0.405051 0.173287 0.0606664 0.0447615
 0.323667 0.346245 0.195538 0.0836545 0.0508954
 0.44427 0.288577 0.136768 0.0772382 0.0531475
 0.459982 0.35468 0.0962418 0.0456126 0.0434843
 0.554181 0.311812 0.0880144 0.0238826 0.0221095
 0.578881 0.320329 0.0704941 0.0198982 0.0103978
 0.474107 0.395144 0.0994559 0.021887 0.00940631
 0.480197 0.342012 0.133588 0.0336236 0.0105795
 0.458968 0.356142 0.121651 0.0475163 0.0157227
 0.539347 0.293536 0.110007 0.0375762 0.0195336
 0.524838 0.336232 0.0885284 0.0331774 0.0172239
 0.478345 0.360819 0.11381 0.0299657 0.0170602
 0.54221 0.29838 0.11026 0.0347786 0.0143704
 0.521276 0.338962 0.0910942 0.033662 0.015005
 0.400644 0.41339 0.131674 0.0353866 0.0189052
pobs_PELACES
 0 0 0 0 0
 0 0 0 0 0
 0 0 0 0 0
 0 0 0 0 0
 0 0 0 0 0
 0 0 0 0 0
 0 0 0 0 0
 0 0 0 0 0
 0 0 0 0 0
 0 0 0 0 0
 0.450072 0.473896 0.0757376 0.000293798 0
 0 0 0 0 0
 0.463077 0.371075 0.160297 0.00555027 0
 0.529543 0.364841 0.0842815 0.0213345 0
 0.631943 0.363953 0.00410389 0 0
 0.735681 0.248677 0.0153453 0.000297389 0
 0.695825 0.281241 0.0229344 0 0
 0.275771 0.60734 0.115278 0.00161068 0
 0 0 0 0 0
 0.896147 0.0623911 0.0374545 0.00400742 0
 0.803859 0.145111 0.0509908 3.86294e-05 0
 0.739449 0.233085 0.0266225 0.000797448 4.60066e-05
 0.878498 0.100942 0.0204185 0.000141795 0
 0.694673 0.275183 0.0284847 0.00165964 0
 0.469039 0.446079 0.0841089 0.000773354 0
ppred_PELACES
 0.647745 0.252382 0.0896619 0.010206 5.06234e-06
 0.465077 0.422195 0.080767 0.0286935 0.00326772
 0.327447 0.429143 0.192114 0.036752 0.0145435
 0.393921 0.302402 0.19377 0.086745 0.0231613
 0.47056 0.299832 0.114563 0.0734082 0.0416371
 0.377714 0.398407 0.126787 0.048444 0.0486481
 0.492136 0.280318 0.145682 0.0463611 0.0355028
 0.399647 0.397192 0.112136 0.0582773 0.0327481
 0.44597 0.318806 0.155624 0.043936 0.0356646
 0.416388 0.362853 0.127032 0.06201 0.0317178
 0.334451 0.39426 0.168671 0.0590502 0.043569
 0.341383 0.337175 0.190416 0.0814632 0.0495622
 0.473718 0.273285 0.12952 0.0731454 0.0503313
 0.511338 0.320949 0.0870891 0.0412748 0.0393489
 0.593792 0.284108 0.0801944 0.0217606 0.0201451
 0.594028 0.308807 0.0679585 0.0191824 0.0100238
 0.484773 0.38713 0.0974389 0.0214431 0.00921555
 0.487066 0.337492 0.131823 0.0331793 0.0104397
 0.464653 0.3524 0.120373 0.047017 0.0155575
 0.544749 0.290094 0.108717 0.0371356 0.0193046
 0.527373 0.334438 0.088056 0.0330004 0.017132
 0.481709 0.358492 0.113076 0.0297724 0.0169502
 0.546068 0.295866 0.109331 0.0344855 0.0142493
 0.524656 0.336569 0.0904511 0.0334244 0.014899
 0.403463 0.411446 0.131054 0.0352201 0.0188163
pobs_pel_tallas
 0 0 0 0 0 0 0 0 0 0 0 0 0 0 0 0 0 0 0 0 0 0 0 0 0 0 0 0 0 0 0 0 0 0 0 0
 0 0 0 0 0 0 0 0 0 0 0 0 0 0 0 0 0 0 0 0 0 0 0 0 0 0 0 0 0 0 0 0 0 0 0 0
 0 0 0 0 0 0 0 0 0 0 0 0 0 0 0 0 0 0 0 0 0 0 0 0 0 0 0 0 0 0 0 0 0 0 0 0
 0 0 0 0 0 0 0 0 0 0 0 0 0 0 0 0 0 0 0 0 0 0 0 0 0 0 0 0 0 0 0 0 0 0 0 0
 0 0 0 0 0 0 0 0 0 0 0 0 0 0 0 0 0 0 0 0 0 0 0 0 0 0 0 0 0 0 0 0 0 0 0 0
 0 0 0 0 0 0 0 0 0 0 0 0 0 0 0 0 0 0 0 0 0 0 0 0 0 0 0 0 0 0 0 0 0 0 0 0
 0 0 0 0 0 0 0 0 0 0 0 0 0 0 0 0 0 0 0 0 0 0 0 0 0 0 0 0 0 0 0 0 0 0 0 0
 0 0 0 0 0 0 0 0 0 0 0 0 0 0 0 0 0 0 0 0 0 0 0 0 0 0 0 0 0 0 0 0 0 0 0 0
 0 0 0 0 0 0 0 0 0 0 0 0 0 0 0 0 0 0 0 0 0 0 0 0 0 0 0 0 0 0 0 0 0 0 0 0
 0 0 0 0 0 0 0 0 0 0 0 0 0 0 0 0 0 0 0 0 0 0 0 0 0 0 0 0 0 0 0 0 0 0 0 0
 0 0 0 0 0 0 0 0 1.78061e-05 0.00172719 0.00360574 0.0105946 0.0120993 0.0124554 0.0147524 0.0171206 0.0266825 0.0428682 0.0675386 0.121331 0.153587 0.119568 0.100827 0.0573624 0.0630603 0.0341343 0.0324427 0.0444173 0.0211091 0.0280891 0.0125444 0.00206551 0 0 0 0
 0 0 0 0 0 0 0 0 0 0 0 0 0 0 0 0 0 0 0 0 0 0 0 0 0 0 0 0 0 0 0 0 0 0 0 0
 0 0 0 0 0 0 0.0133647 0.0140871 0.0187388 0.0205184 0.03894 0.0496705 0.03968 0.0493445 0.0407372 0.0367815 0.0215668 0.0243155 0.0234873 0.0199281 0.019796 0.0243948 0.0301388 0.0376714 0.0412746 0.0863199 0.0771752 0.113111 0.0741005 0.0525337 0.0229764 0.00759418 0.00175318 0 0 0
 0 0 0 0 0 0 0 0 0 0 0.00219441 0.00772107 0.0458388 0.0604681 0.0671733 0.0775358 0.0609151 0.0617685 0.073594 0.0568108 0.0755445 0.0548602 0.0670107 0.0636378 0.0643287 0.046367 0.0373049 0.0286899 0.0247887 0.0153202 0.00654259 0.00121912 0.000365735 0 0 0
 0 0 0 0 0 0 0 0 0 0 0 0 0.000112435 0.00938835 0.0111873 0.0202946 0.0414886 0.0713402 0.111592 0.104902 0.108894 0.110636 0.117776 0.105296 0.107544 0.0401394 0.0192827 0.0124803 0.00416011 0.0028671 0.000618394 0 0 0 0 0
 0 0 0 0 0 0 0 0 0 0 0.00291406 0.0102884 0.027416 0.0768956 0.0749926 0.110853 0.0956884 0.0897413 0.0766577 0.0534642 0.0500743 0.0551293 0.0594112 0.0620874 0.0668451 0.0424026 0.0208742 0.0120726 0.0048766 0.00582813 0.00118941 0.000297354 0 0 0 0
 0 0.00264628 0.0354308 0.0461629 0.0458689 0.0383711 0.0214643 0.0164657 0.0346957 0.0420465 0.0363128 0.0245516 0.0311673 0.0291091 0.0169068 0.0133784 0.00837989 0.0085269 0.0148486 0.0160247 0.0276389 0.0546898 0.0760071 0.122758 0.109233 0.0665981 0.0333725 0.0166128 0.00676272 0.00308733 0.000882094 0 0 0 0 0
 0 0 0 0 0 0 0 0.000805153 0.000690131 0.00759144 0.0133425 0.0154129 0.00931677 0.000345066 0.00356568 0.00563607 0.00851162 0.0253048 0.0502646 0.0516448 0.0657925 0.0565908 0.0611916 0.0827007 0.0866115 0.110766 0.145733 0.0935128 0.0569358 0.0249597 0.0138026 0.00621118 0.00161031 0.00115022 0 0
 0 0 0 0 0 0 0 0 0 0 0 0 0 0 0 0 0 0 0 0 0 0 0 0 0 0 0 0 0 0 0 0 0 0 0 0
 0.00147267 0.00158595 0.00478618 0.00569244 0.00954404 0.0108468 0.00647125 0.017049 0.0510054 0.094081 0.124002 0.0959785 0.0687766 0.0820023 0.061753 0.0591476 0.0492212 0.0479892 0.0443925 0.0268479 0.0217502 0.0140895 0.0121071 0.0120363 0.00920419 0.00665534 0.0049561 0.00860946 0.00930331 0.0156896 0.0114698 0.00855282 0.00243557 0.00046729 0 2.83206e-05
 0 0 0 0 0.000772559 0.00158375 0.000888443 0.00281984 0.00712685 0.0440552 0.0773331 0.111326 0.0921469 0.0852325 0.0710754 0.0886704 0.0786465 0.0553345 0.0373146 0.0185414 0.00753245 0.00457741 0.012979 0.0271748 0.0457355 0.0583668 0.034881 0.0177882 0.00938659 0.00492506 0.0015258 0.00185414 0.000309023 5.79419e-05 3.86279e-05 0
 0 0.00173294 0.00326652 0 0.00397197 0.00683976 0.00946217 0.0152591 0.00757587 0.0136028 0.0228656 0.0392903 0.0559909 0.0764795 0.0681675 0.0726916 0.0566044 0.0477403 0.0527397 0.0444891 0.0609904 0.0582453 0.0661739 0.0445044 0.0529084 0.0360697 0.0280645 0.0235558 0.0158879 0.00826598 0.00280645 0.00217768 0.000904811 0.00058276 9.20147e-05 0
 0 0 0 0 0 0 0 0 0 0 0 0 0 0 0 0 0 0 0 0 0 0 0 0 0 0 0 0 0 0 0 0 0 0 0 0
 0 0 0 0 0 0 0 0 0 0 0 0 0 0 0 0 0 0 0 0 0 0 0 0 0 0 0 0 0 0 0 0 0 0 0 0
 0 0 0 0 0 0 0 0 0 0 0 0 0 0 0 0 0 0 0 0 0 0 0 0 0 0 0 0 0 0 0 0 0 0 0 0
ppred_pel_tallas
 1.01706e-16 2.82678e-05 0.000165894 0.000788556 0.00303593 0.00946723 0.0239136 0.0489312 0.0811121 0.108941 0.118575 0.104653 0.0750474 0.0440675 0.0218909 0.0105039 0.00687181 0.00739931 0.00986579 0.0132494 0.0170459 0.0208545 0.0242613 0.026872 0.0283874 0.028668 0.0277597 0.0258695 0.023305 0.0203968 0.0174325 0.0146176 0.012068 0.00982656 0.00789053 0.00623678
 1.02423e-16 2.03094e-05 0.000119156 0.000566324 0.00218022 0.00679869 0.0171733 0.0351414 0.0582603 0.078271 0.0852506 0.0753786 0.0543544 0.0325205 0.0172761 0.0101549 0.00908302 0.0115521 0.0159715 0.0215078 0.0275795 0.0335731 0.0388091 0.0426418 0.0445975 0.0444826 0.0424237 0.0388209 0.0342377 0.0292633 0.0243948 0.019968 0.016147 0.0129564 0.0103353 0.0081892
 1.0481e-16 1.43087e-05 8.39253e-05 0.000398828 0.00153532 0.00478758 0.0120934 0.0247477 0.0410333 0.0551404 0.0600929 0.0532187 0.0385595 0.0234408 0.0131316 0.00878441 0.00901604 0.0121257 0.0170262 0.0231096 0.029878 0.0367444 0.0430281 0.0480587 0.0513137 0.0525273 0.0517355 0.0492379 0.0455003 0.0410316 0.0362778 0.0315628 0.0270794 0.0229176 0.0191079 0.0156586
 1.06913e-16 1.7202e-05 0.000100924 0.000479667 0.00184661 0.00575837 0.0145454 0.0297637 0.0493437 0.0662886 0.0721916 0.0638125 0.0459728 0.0274245 0.014426 0.00826991 0.00720175 0.00911459 0.0127028 0.0173314 0.022606 0.0281211 0.0334098 0.0379989 0.0414981 0.0436727 0.0444758 0.0440265 0.042551 0.040309 0.0375331 0.0343992 0.0310284 0.0275083 0.0239192 0.0203507
 1.06192e-16 2.05435e-05 0.000120542 0.000572936 0.00220573 0.00687825 0.0173741 0.0355514 0.0589365 0.0791688 0.0862005 0.0761521 0.0547679 0.0324799 0.0167323 0.00902957 0.00723161 0.00878033 0.0120879 0.0163914 0.021248 0.0262364 0.0308911 0.0347565 0.0374767 0.0388674 0.0389441 0.0378932 0.0360038 0.0335832 0.030888 0.0280895 0.0252758 0.0224781 0.0197068 0.0169789
 1.05868e-16 1.6499e-05 9.67882e-05 0.000459988 0.00177081 0.00552196 0.0139484 0.0285428 0.0473226 0.0635825 0.0692682 0.0612847 0.0442739 0.0266553 0.0144654 0.00898385 0.0085639 0.0112029 0.0156322 0.0211775 0.0273423 0.0335768 0.0392559 0.0437723 0.0466629 0.0477078 0.0469678 0.0447441 0.041482 0.0376521 0.0336496 0.0297407 0.0260591 0.0226392 0.0194652 0.0165121
 1.05412e-16 2.14837e-05 0.000126063 0.000599187 0.00230681 0.00719347 0.0181703 0.0371803 0.0616359 0.0827919 0.0901378 0.0796122 0.0572167 0.0338525 0.0172933 0.00909846 0.00701655 0.00836329 0.0114785 0.0155784 0.0202288 0.025031 0.0295451 0.0333361 0.0360564 0.0375147 0.0377039 0.0367782 0.0349928 0.0326287 0.0299309 0.0270755 0.0241692 0.0212702 0.0184169 0.0156483
 1.05254e-16 1.74553e-05 0.000102403 0.00048668 0.00187359 0.00584246 0.0147579 0.0301992 0.050068 0.0672687 0.0732775 0.0648164 0.0467916 0.0281033 0.0151278 0.00920567 0.00858054 0.0111215 0.0154801 0.0209467 0.0270119 0.0331216 0.0386503 0.0429933 0.0456929 0.0465378 0.0455996 0.0431923 0.0397744 0.0358283 0.0317586 0.0278367 0.0241967 0.0208688 0.0178288 0.0150407
 1.0549e-16 1.94722e-05 0.00011425 0.000543021 0.00209054 0.00651903 0.0164668 0.0336951 0.0558603 0.0750399 0.0817141 0.0722104 0.0519804 0.0309221 0.0161058 0.00897548 0.00752168 0.009335 0.0129161 0.0175322 0.0227351 0.0280786 0.0330615 0.0371894 0.0400707 0.0414955 0.0414684 0.0401806 0.0379401 0.0350843 0.0319063 0.0286161 0.0253386 0.0221368 0.0190444 0.0160919
 1.05535e-16 1.8184e-05 0.000106684 0.000507039 0.00195198 0.00608694 0.0153754 0.0314624 0.0521608 0.070076 0.0763238 0.0674831 0.0486559 0.0291018 0.0154456 0.00906312 0.00810445 0.0103371 0.0143591 0.0194564 0.0251486 0.0309303 0.0362318 0.0404982 0.0433019 0.0444331 0.043934 0.0420639 0.0392131 0.0357968 0.0321666 0.0285621 0.0251092 0.0218495 0.0187826 0.0159025
 1.06588e-16 1.46125e-05 8.57127e-05 0.000407334 0.00156808 0.00488975 0.0123515 0.0252754 0.0419069 0.0563104 0.0613575 0.0543136 0.0392985 0.0237819 0.0131288 0.00849707 0.00845553 0.0112551 0.0157868 0.0214522 0.0277886 0.034264 0.0402632 0.0451791 0.0485365 0.0500897 0.0498614 0.0481068 0.0452243 0.0416439 0.0377345 0.0337541 0.0298473 0.0260763 0.0224641 0.0190292
 1.07928e-16 1.49125e-05 8.74792e-05 0.000415744 0.00160048 0.0049908 0.0126067 0.0257971 0.04277 0.0574647 0.0626008 0.0553798 0.0399953 0.024055 0.0130131 0.00802647 0.007612 0.00997255 0.0139855 0.0190785 0.0248509 0.0308588 0.0365846 0.0415071 0.0452031 0.0474278 0.0481495 0.0475226 0.0458182 0.0433383 0.0403456 0.0370291 0.0335067 0.0298524 0.0261286 0.0224099
 1.06793e-16 2.06802e-05 0.000121347 0.000576767 0.00222049 0.00692428 0.0174904 0.035789 0.0593297 0.0796945 0.0867668 0.0766375 0.0550847 0.0326033 0.0166779 0.00881248 0.00684335 0.00819071 0.0112607 0.0153029 0.0199033 0.0246812 0.0292159 0.0330911 0.0359733 0.0376776 0.038193 0.0376583 0.0363035 0.0343771 0.0320882 0.0295784 0.0269258 0.0241691 0.0213387 0.018478
 1.04598e-16 2.23225e-05 0.000130984 0.000622575 0.00239684 0.00747423 0.0188795 0.0386317 0.0640427 0.0860268 0.0936647 0.0827393 0.05949 0.0352489 0.0180993 0.00966733 0.00761642 0.00915315 0.0125369 0.0169233 0.0218177 0.0267537 0.0312236 0.0347403 0.0369365 0.0376435 0.0369215 0.0350252 0.0323246 0.0292071 0.0259953 0.0229025 0.0200305 0.0173969 0.0149767 0.0127376
 1.0292e-16 2.59164e-05 0.000152087 0.000722908 0.00278316 0.00867896 0.0219225 0.0448576 0.074361 0.0998786 0.108724 0.0959891 0.0689012 0.0405928 0.0204145 0.0102115 0.00722617 0.00818034 0.0110418 0.0148555 0.0191155 0.023388 0.0272153 0.0301615 0.031899 0.0322804 0.0313654 0.0293911 0.0267021 0.0236618 0.0205781 0.0176606 0.0150159 0.0126697 0.0106011 0.0087744
 1.02193e-16 2.59277e-05 0.000152151 0.000723207 0.00278431 0.00868252 0.0219316 0.0448763 0.0743926 0.0999231 0.108778 0.0960491 0.0689715 0.040689 0.0205636 0.01045 0.00759701 0.00872843 0.0118063 0.0158588 0.0203512 0.0248109 0.0287374 0.0316575 0.0332218 0.0332832 0.0319262 0.0294333 0.0262057 0.0226642 0.0191639 0.0159458 0.0131286 0.0107331 0.00872126 0.00703242
 1.02677e-16 2.11669e-05 0.000124193 0.000590278 0.00227246 0.00708635 0.0178999 0.0366277 0.060723 0.0815748 0.0888369 0.0785207 0.0565571 0.0337126 0.0176806 0.0100379 0.00860244 0.0107469 0.0148166 0.0199692 0.025651 0.0312974 0.0362854 0.0400194 0.0420569 0.0422066 0.0405664 0.0374825 0.0334513 0.0289964 0.0245628 0.0204563 0.0168332 0.0137292 0.0111064 0.00889804
 1.0361e-16 2.12649e-05 0.000124774 0.000593046 0.00228314 0.00711964 0.0179839 0.0367993 0.0610061 0.0819509 0.0892355 0.078847 0.0567356 0.0337059 0.0174717 0.00959916 0.00788037 0.0096691 0.0133132 0.0180004 0.0232334 0.0285244 0.0333336 0.0371365 0.0395292 0.0403138 0.0395323 0.0374357 0.0344043 0.0308487 0.0271251 0.0234866 0.0200775 0.0169558 0.0141305 0.0115925
 1.04167e-16 2.02882e-05 0.000119038 0.000565774 0.00217813 0.00679218 0.0171568 0.0351071 0.0582016 0.0781864 0.0851438 0.075249 0.0541846 0.0322668 0.0168659 0.0094899 0.0080462 0.0100202 0.0138372 0.0187112 0.0241423 0.0296266 0.0346042 0.0385321 0.0409955 0.0417956 0.0409845 0.0388304 0.0357336 0.0321215 0.0283592 0.0247 0.0212806 0.018147 0.0152958 0.012709
 1.03816e-16 2.37782e-05 0.000139533 0.000663224 0.00255336 0.00796233 0.0201124 0.041154 0.0682226 0.0916369 0.0997608 0.0880953 0.063278 0.0373669 0.0189544 0.00975055 0.00724456 0.00844597 0.0115007 0.0155312 0.0200572 0.0246496 0.0288455 0.032197 0.0343595 0.0351634 0.0346428 0.0330083 0.0305783 0.0276945 0.0246496 0.0216479 0.0188015 0.0161522 0.0137043 0.0114521
 1.03294e-16 2.30223e-05 0.000135091 0.000642099 0.00247201 0.00770863 0.0194716 0.0398432 0.0660512 0.0887248 0.0966026 0.0853352 0.061358 0.0363588 0.0186741 0.00998095 0.00786804 0.00945147 0.0129309 0.0174277 0.0224214 0.0274184 0.0318831 0.0353035 0.0372959 0.0376897 0.0365588 0.0341868 0.0309831 0.0273789 0.0237385 0.0203092 0.0172153 0.0144846 0.0120894 0.00998406
 1.03537e-16 2.10322e-05 0.000123405 0.000586536 0.00225807 0.00704145 0.0177864 0.0363954 0.0603372 0.0810544 0.0882647 0.0780019 0.0561552 0.0334166 0.0174229 0.0097323 0.00816913 0.0101202 0.0139477 0.0188334 0.024259 0.0297058 0.0346005 0.0383905 0.0406577 0.0412088 0.0401107 0.0376545 0.0342678 0.0304057 0.0264566 0.0226897 0.0192478 0.0161739 0.013453 0.0110501
 1.035e-16 2.38359e-05 0.000139872 0.000664832 0.00255955 0.00798163 0.0201612 0.0412538 0.0683881 0.0918597 0.100004 0.0883131 0.0634401 0.0374741 0.0190297 0.00982311 0.00733895 0.00858017 0.011687 0.0157764 0.0203603 0.0250001 0.029222 0.0325683 0.0346875 0.0354086 0.0347704 0.0329929 0.0304082 0.0273724 0.0241918 0.0210811 0.0181591 0.0154702 0.0130172 0.0107902
 1.03239e-16 2.29039e-05 0.000134396 0.000638793 0.00245928 0.00766893 0.0193713 0.0396381 0.0657112 0.0882685 0.0961068 0.0848996 0.0610499 0.0361863 0.0186043 0.00997404 0.00789849 0.00951012 0.0130182 0.0175475 0.0225766 0.0276096 0.032107 0.0355529 0.0375603 0.0379566 0.036815 0.0344202 0.031184 0.0275405 0.0238573 0.020385 0.0172506 0.014484 0.0120594 0.00993196
 1.04084e-16 1.76224e-05 0.000103382 0.000491333 0.00189149 0.0058983 0.014899 0.0304879 0.050547 0.0679132 0.073982 0.0654454 0.0472583 0.0284089 0.0153381 0.00940364 0.00883618 0.0114865 0.0159914 0.0216274 0.0278661 0.0341283 0.0397588 0.0441238 0.0467428 0.047393 0.04615 0.0433464 0.0394716 0.0350464 0.030516 0.026189 0.0222297 0.0186883 0.0155491 0.0127733
pSPR Fmed_Fpbrs
0.707498   0.255602 0.255602
Fs Fmed_Fpbrs
0.179498   1.005 1.005
SSBpbr Bo_Bmed_Bpbrs
1.3772e+06  905504  283154 283154
Ro
63576.6
SPR SPRFo_SPRFmed_SPRFpbrs
1.30572e+06 923795 333745
log_Ro
10.88
likeval ReclasPelacesDesembMPH_pf_preclas_ppelaces_ptallas_desvR_qrecl_qpela
 197.97 54.7563 0.102513 0.00112048 346.666 217.133 81.1458 0 15.5467 0 0 0 0 0 0
q_reclas_q_pelaces
1 1
M
0.7
N
 97771.9 20817.6 7395.7 841.833 0.417564
 89836.4 43622.7 8345.12 2964.71 337.632
 56260.9 41128.6 18412 3522.27 1393.83
 62393.7 24488.7 15691.6 7024.65 1875.62
 94161 30162.9 11524.9 7384.81 4188.66
 81983.4 46452.8 14782.9 5648.39 5672.19
 125644 37341.1 19406.2 6175.76 4729.32
 109327 59270 16733.2 8696.28 4886.76
 123592 48883.6 23862.3 6736.87 5468.59
 114024 54323.9 19018.4 9283.72 4748.58
 70010.6 50845.8 21752.7 7615.43 5618.89
 44784.5 27034.3 15267.4 6531.62 3973.84
 44917.2 17460.4 8275.16 4673.32 3215.71
 29567.9 15570.1 4224.93 2002.35 1908.92
 21884.5 7870.52 2221.59 602.825 558.072
 21864.6 6649.97 1463.44 413.082 215.857
 20209.8 8985.26 2261.55 497.694 213.892
 23747.7 8816.86 3443.83 866.797 272.734
 27011.8 10849.6 3706 1447.55 478.979
 44500.5 12515.5 4690.37 1602.13 832.853
 63597.8 20688 5447.06 2041.37 1059.77
 79554.7 30623.2 9659.25 2543.23 1447.92
 134622 37924.8 14014.4 4420.44 1826.51
 192166 63774.1 17138.9 6333.35 2823.11
 174403 91588.3 29172.8 7840.04 4188.53
pred_Ctot
 7183.15 2921.51 1037.9 118.142 0.0586003
 5067.63 4751.55 908.982 322.927 36.7762
 5034.03 6958.09 3114.92 595.892 235.807
 1190.62 923.655 591.85 264.953 70.7438
 443.594 283.373 108.274 69.3784 39.3514
 4905.82 5355.83 1704.42 651.239 653.983
 4536.18 2636.61 1370.25 436.062 333.93
 7877.45 8165.06 2305.18 1198 673.203
 10282 7720.31 3768.63 1063.97 863.667
 8418.52 7659.58 2681.55 1308.99 669.541
 11360.8 14877.5 6364.84 2228.28 1644.09
 7017.9 7666.99 4329.86 1852.38 1126.99
 9957.21 6706.07 3178.26 1794.89 1235.07
 10222.2 8549.69 2319.94 1099.51 1048.2
 6281.81 3741.16 1056.01 286.546 265.273
 2741.32 1540.28 338.966 95.6791 49.9973
 1778.65 1496.6 376.687 82.8965 35.6262
 1372.49 983.085 383.989 96.6483 30.4099
 1306 1018.07 347.752 135.831 44.945
 2050.13 1120.63 419.973 143.454 74.5732
 1390.6 892.567 235.009 88.0733 45.7229
 2294.84 1735.46 547.401 144.128 82.0556
 4468.92 2466.65 911.499 287.507 118.797
 5572.03 3632.6 976.241 360.75 160.805
 4387.28 4536.88 1445.09 388.361 207.481
F
 0.10706 0.214121 0.214121 0.214121 0.214121
 0.0812862 0.162572 0.162572 0.162572 0.162572
 0.131789 0.263579 0.263579 0.263579 0.263579
 0.0268502 0.0537003 0.0537003 0.0537003 0.0537003
 0.00656972 0.0131394 0.0131394 0.0131394 0.0131394
 0.0864213 0.172843 0.172843 0.172843 0.172843
 0.0513492 0.102698 0.102698 0.102698 0.102698
 0.104901 0.209802 0.209802 0.209802 0.209802
 0.122019 0.244038 0.244038 0.244038 0.244038
 0.107614 0.215229 0.215229 0.215229 0.215229
 0.251541 0.503081 0.503081 0.503081 0.503081
 0.241923 0.483847 0.483847 0.483847 0.483847
 0.359468 0.718936 0.718936 0.718936 0.718936
 0.623565 1.24713 1.24713 1.24713 1.24713
 0.491166 0.982331 0.982331 0.982331 0.982331
 0.189281 0.378562 0.378562 0.378562 0.378562
 0.129501 0.259001 0.259001 0.259001 0.259001
 0.083357 0.166714 0.166714 0.166714 0.166714
 0.0693084 0.138617 0.138617 0.138617 0.138617
 0.065944 0.131888 0.131888 0.131888 0.131888
 0.03082 0.06164 0.06164 0.06164 0.06164
 0.0408386 0.0816771 0.0816771 0.0816771 0.0816771
 0.0471267 0.0942534 0.0942534 0.0942534 0.0942534
 0.0410547 0.0821094 0.0821094 0.0821094 0.0821094
 0.0355317 0.0710633 0.0710633 0.0710633 0.0710633
nmprior
 10.6 11 7 0
nm_flota  nm_reclas  nm_pelaces    nm_pelaL
inf 12.4773 15.2629 34.5724
cv_recla  cv_pelaces  cv_mph
1.2727 0.839053 1.08603
 ------------------------------------------------
Talla a la edad & desviación 
 7.2 14.2025 17.0495 18.207 18.6776
 1.08 2.13037 2.55742 2.73105 2.80164
