years
 1997 1998 1999 2000 2001 2002 2003 2004 2005 2006 2007 2008 2009 2010 2011 2012 2013 2014 2015 2016 2017 2018 2019 2020 2021
reclasobs
 0 0 0 370054 412103 1.49427e+06 250295 1.28982e+06 931140 785840 897777 1.04006e+06 184774 17550 25797 100020 73551 82996 120727 218422 84188 347160 605670 569463 516374
reclaspred
 373108 103608 323146 240848 358078 428276 947257 631216 701678 631474 495639 332282 203922 95597.7 68405.6 70879.8 89527.6 122436 128214 185990 270126 246276 428691 542671 571853
pelacesobs
 0 0 0 0 0 0 0 0 0 2.06254e+06 1.5e+06 0 1.87456e+06 323000 250000 174000 83755 137374 0 501740 490994 745055 786931 1.00524e+06 1.33801e+06
pelacespred
 1.09832e+06 268895 520681 586336 744726 748433 1.87562e+06 1.56483e+06 1.53507e+06 1.39717e+06 988952 683694 417875 164152 115508 127777 168335 232564 251665 353821 569425 508449 697881 1.04916e+06 1.14119e+06
mphobs
 0 0 0 0 0 112323 0 153150 637223 0 255016 313432 73983 77613 109348 50772 0 0 0 0 0 0 0 0 0
mphpred
 696416 428769 534611 670736 719633 1.13486e+06 1.72128e+06 2.03219e+06 1.73946e+06 1.75049e+06 1.62644e+06 1.14404e+06 705003 373230 183339 160702 197231 274167 339436 386799 586318 694265 869254 1.24467e+06 1.62948e+06
desembarqueobs
 350755 77701 442110 56441 14545 235359 269955 359681 431902 328805 639364 411747 362871 311530 167758 66681 60226 58785 57116 73181 50977 67692 138656 160484 209506
desembarquepred
 350761 77701.2 442110 56442.1 14545.1 235393 269981 359686 431935 328829 639592 412002 363215 311985 167805 66692.4 60244.2 58786.4 57112.6 73179.9 50977.3 67686.9 138655 160486 209504
Reclutas
 52416.8 67727.3 41226.8 67856.6 116550 83951.7 133923 124866 150252 146108 68203.8 40220.1 42883.5 23743.8 18614.8 23327.2 19289.5 21520.3 24004.5 44846.1 55750.5 70922.2 116453 136407 49565.2
log_desv_Rt
 -0.0730182 0.183245 -0.313155 0.185152 0.726076 0.397997 0.865021 0.795 0.98007 0.952104 0.190256 -0.337878 -0.273759 -0.864922 -1.10829 -0.882624 -1.07268 -0.963248 -0.854001 -0.229008 -0.0113582 0.229339 0.725242 0.883397 -0.128956
SSB
 696416 428769 534611 670736 719633 1.13486e+06 1.72128e+06 2.03219e+06 1.73946e+06 1.75049e+06 1.62644e+06 1.14404e+06 705003 373230 183339 160702 197231 274167 339436 386799 586318 694265 869254 1.24467e+06 1.62948e+06
BT
 2.25426e+06 613016 1.17475e+06 1.10971e+06 1.34457e+06 1.52561e+06 3.54197e+06 3.2108e+06 3.14435e+06 2.81996e+06 2.35165e+06 1.60508e+06 1.10637e+06 595244 350077 284042 350879 463459 499955 693406 1.0611e+06 974031 1.34507e+06 2.01038e+06 2.21403e+06
Ftot
 0.431881 0.356144 0.515798 0.0979162 0.0188947 0.184002 0.114755 0.225103 0.252319 0.202176 0.420045 0.390134 0.618444 1.08121 1 0.393149 0.280123 0.189532 0.16182 0.169507 0.0773881 0.101762 0.121225 0.116438 0.11665
BD_Bspro_t
 0.947243 0.755832 0.718411 0.599613 0.729448 0.847781 0.820004 0.826866 0.779093 0.745438 0.710553 0.562788 0.449329 0.337836 0.220899 0.23703 0.353029 0.518047 0.625427 0.70418 0.797328 0.858735 0.863442 0.867639 0.867329
BD_Bspro
 0.601359 0.370244 0.461639 0.579183 0.621407 0.97996 1.48633 1.75481 1.50203 1.51156 1.40444 0.987883 0.608774 0.322286 0.158314 0.138767 0.17031 0.236744 0.293104 0.334003 0.506288 0.599501 0.750605 1.07478 1.40707
BD_Bo
 0.523451 0.322277 0.401832 0.504148 0.540901 0.853003 1.29377 1.52747 1.30744 1.31573 1.22249 0.859899 0.529905 0.280533 0.137804 0.120789 0.148246 0.206073 0.255131 0.290731 0.440697 0.521834 0.653361 0.93554 1.22478
BD_Brms
 1.82331 1.12257 1.39968 1.75608 1.8841 2.97123 4.50653 5.32056 4.55413 4.58303 4.25823 2.99525 1.84579 0.977167 0.480005 0.420739 0.516379 0.717805 0.888688 1.01269 1.53506 1.81768 2.27582 3.25873 4.26621
S_f
 0.188225 1 1 1 1
 0.188225 1 1 1 1
 0.188225 1 1 1 1
 0.188225 1 1 1 1
 0.188225 1 1 1 1
 0.188225 1 1 1 1
 0.188225 1 1 1 1
 0.188225 1 1 1 1
 0.188225 1 1 1 1
 0.188225 1 1 1 1
 0.188225 1 1 1 1
 0.188225 1 1 1 1
 0.188225 1 1 1 1
 0.188225 1 1 1 1
 0.188225 1 1 1 1
 0.188225 1 1 1 1
 0.188225 1 1 1 1
 0.188225 1 1 1 1
 0.188225 1 1 1 1
 0.188225 1 1 1 1
 0.188225 1 1 1 1
 0.188225 1 1 1 1
 0.188225 1 1 1 1
 0.188225 1 1 1 1
 0.188225 1 1 1 1
Scru_reclas
 1 1 1 1 1
 1 1 1 1 1
 1 1 1 1 1
 1 1 1 1 1
 1 1 1 1 1
 1 1 1 1 1
 1 1 1 1 1
 1 1 1 1 1
 1 1 1 1 1
 1 1 1 1 1
 1 1 1 1 1
 1 1 1 1 1
 1 1 1 1 1
 1 1 1 1 1
 1 1 1 1 1
 1 1 1 1 1
 1 1 1 1 1
 1 1 1 1 1
 1 1 1 1 1
 1 1 1 1 1
 1 1 1 1 1
 1 1 1 1 1
 1 1 1 1 1
 1 1 1 1 1
 1 1 1 1 1
Scru_pelaces
 1 1 1 1 1
 1 1 1 1 1
 1 1 1 1 1
 1 1 1 1 1
 1 1 1 1 1
 1 1 1 1 1
 1 1 1 1 1
 1 1 1 1 1
 1 1 1 1 1
 1 1 1 1 1
 1 1 1 1 1
 1 1 1 1 1
 1 1 1 1 1
 1 1 1 1 1
 1 1 1 1 1
 1 1 1 1 1
 1 1 1 1 1
 1 1 1 1 1
 1 1 1 1 1
 1 1 1 1 1
 1 1 1 1 1
 1 1 1 1 1
 1 1 1 1 1
 1 1 1 1 1
 1 1 1 1 1
pf_obs 
 0.256992 0.487395 0.22802 0.0275931 0
 0.321318 0.546541 0.124235 0.00734118 0.000564706
 0.182869 0.594174 0.210203 0.0122559 0.00049798
 0.330522 0.361315 0.267642 0.0388342 0.00168674
 0.649043 0.306663 0.0425973 0.00169635 0
 0.582887 0.30429 0.105238 0.00758474 0
 0.465427 0.430635 0.0974691 0.00646863 0
 0.296916 0.608066 0.0921331 0.00288517 0
 0.311714 0.524322 0.152257 0.0117073 0
 0.15457 0.633149 0.183074 0.0267441 0.00246327
 0.131901 0.49318 0.331252 0.0422183 0.00144891
 0.196976 0.569456 0.194076 0.0375587 0.00193317
 0.518974 0.381816 0.0799577 0.0180837 0.00116848
 0.0928022 0.601141 0.25162 0.0475244 0.00691264
 0.122501 0.610282 0.24278 0.0234846 0.000952079
 0.383417 0.481906 0.127806 0.00687128 0
 0.0376549 0.599619 0.316969 0.0457579 0
 0.0361596 0.667082 0.258105 0.0386534 0
 0.158088 0.579412 0.248529 0.0139706 0
 0.0477256 0.309471 0.559284 0.082774 0.000745712
 0.0406174 0.521527 0.379366 0.0568643 0.0016247
 0.151134 0.462217 0.34131 0.0453401 0
 0.294876 0.26143 0.354403 0.0886775 0.000613685
 0.281977 0.475581 0.204845 0.0348837 0.00271318
 0.0354234 0.537034 0.353287 0.0723622 0.0018943
pf_pred 
 0.341806 0.46342 0.17408 0.0206829 1.10675e-05
 0.316721 0.527255 0.109853 0.0412655 0.0049055
 0.179431 0.610594 0.162028 0.0337584 0.0141886
 0.298287 0.419058 0.210327 0.0558126 0.016516
 0.319284 0.478222 0.120928 0.0606942 0.0208719
 0.172949 0.59165 0.165376 0.0418187 0.0282068
 0.26299 0.403389 0.238664 0.0667105 0.0282473
 0.206602 0.528749 0.14485 0.0857003 0.0340978
 0.239346 0.460588 0.199975 0.054783 0.0453081
 0.213094 0.513553 0.165519 0.071864 0.0359692
 0.11501 0.541859 0.223936 0.0721748 0.0470208
 0.11218 0.405523 0.295299 0.122039 0.0649585
 0.192744 0.360213 0.204193 0.148692 0.0941589
 0.173219 0.520954 0.136466 0.0773579 0.0920033
 0.247462 0.492908 0.163593 0.0428537 0.0531838
 0.327065 0.498337 0.11436 0.0379556 0.0222818
 0.219606 0.590236 0.14082 0.032316 0.0170219
 0.230867 0.484526 0.215257 0.0513567 0.0179934
 0.22755 0.490541 0.177592 0.0788976 0.0254187
 0.327241 0.422269 0.159073 0.0575897 0.0338277
 0.269136 0.538204 0.120927 0.0455541 0.0261795
 0.253543 0.499829 0.181615 0.0408063 0.0242063
 0.302225 0.456366 0.161648 0.0587356 0.0210255
 0.251191 0.530647 0.142684 0.0505398 0.0249376
 0.0874008 0.595691 0.224579 0.0603863 0.0319433
pobs_RECLAS
 0 0 0 0 0
 0 0 0 0 0
 0 0 0 0 0
 0 0 0 0 0
 0.835266 0.146461 0.0176864 0.000547809 3.91292e-05
 0.385257 0.428462 0.181853 0.0044286 0
 0.867414 0.0963971 0.0333333 0.00285562 0
 0.441836 0.489002 0.0689373 0.000224442 0
 0.779404 0.147425 0.0564933 0.0165055 0.000172143
 0.814271 0.122319 0.05973 0.00367925 0
 0.40263 0.566651 0.0304383 0.000280538 0
 0.475488 0.404961 0.113038 0.00651328 0
 0.955842 0.0263864 0.0167828 0.000988607 0
 0.975058 0.0227948 0.00214734 0 0
 0.738997 0.206755 0.0527124 0.00153531 0
 0.850938 0.134255 0.0134407 0.00136685 0
 0.542534 0.407297 0.0501686 0 0
 0.764087 0.199537 0.0359546 0.000420521 0
 0.470689 0.182191 0.310203 0.0369168 0
 0.84361 0.089868 0.0606195 0.00523954 0.000663233
 0.607945 0.314616 0.071237 0.00620181 0
 0.523733 0.453247 0.0230204 0 0
 0.530135 0.295979 0.169645 0.0042399 0
 0.562478 0.366248 0.0663022 0.0049721 0
 0.250443 0.683176 0.0655157 0.000865301 0
ppred_RECLAS
 0.739309 0.183547 0.0689479 0.00819191 4.38353e-06
 0.71563 0.219435 0.0457191 0.017174 0.00204159
 0.545976 0.337844 0.0896508 0.0186787 0.00785059
 0.694156 0.182648 0.0916717 0.0243261 0.00719854
 0.713808 0.201058 0.0508415 0.0255175 0.00877514
 0.528771 0.337104 0.0942264 0.023827 0.0160714
 0.656003 0.18828 0.111395 0.0311369 0.0131843
 0.583494 0.277575 0.0760413 0.0449896 0.0179001
 0.629058 0.224611 0.0975201 0.0267155 0.022095
 0.592626 0.265862 0.0856877 0.0372033 0.0186209
 0.414869 0.358262 0.14806 0.04772 0.0310888
 0.407499 0.270632 0.197073 0.0814447 0.0433511
 0.569945 0.191899 0.108781 0.0792137 0.0501619
 0.550382 0.283304 0.0742124 0.0420686 0.050033
 0.655409 0.225704 0.07491 0.0196229 0.0243531
 0.725735 0.203105 0.0466093 0.0154694 0.0090813
 0.603092 0.300194 0.0716212 0.0164359 0.00865733
 0.617038 0.241252 0.107179 0.0255711 0.00895912
 0.612194 0.246275 0.0891597 0.0396103 0.0127614
 0.722823 0.173975 0.065538 0.023727 0.013937
 0.662617 0.248447 0.0558225 0.0210288 0.012085
 0.644625 0.23796 0.0864637 0.0194271 0.0115242
 0.698393 0.19726 0.069871 0.0253879 0.00908809
 0.641952 0.253732 0.0682253 0.024166 0.0119241
 0.338572 0.431741 0.162769 0.0437664 0.0231517
pobs_PELACES
 0 0 0 0 0
 0 0 0 0 0
 0 0 0 0 0
 0 0 0 0 0
 0 0 0 0 0
 0 0 0 0 0
 0 0 0 0 0
 0 0 0 0 0
 0 0 0 0 0
 0 0 0 0 0
 0.450072 0.473896 0.0757376 0.000293798 0
 0 0 0 0 0
 0.463077 0.371075 0.160297 0.00555027 0
 0.529543 0.364841 0.0842815 0.0213345 0
 0.631943 0.363953 0.00410389 0 0
 0.735681 0.248677 0.0153453 0.000297389 0
 0.695825 0.281241 0.0229344 0 0
 0.275771 0.60734 0.115278 0.00161068 0
 0 0 0 0 0
 0.896147 0.0623911 0.0374545 0.00400742 0
 0.803859 0.145111 0.0509908 3.86294e-05 0
 0.739449 0.233085 0.0266225 0.000797448 4.60066e-05
 0.878498 0.100942 0.0204185 0.000141795 0
 0.694673 0.275183 0.0284847 0.00165964 0
 0.469039 0.446079 0.0841089 0.000773354 0
ppred_PELACES
 0.760982 0.168287 0.0632156 0.00751084 4.01908e-06
 0.73464 0.204766 0.0426628 0.0160259 0.00190511
 0.579958 0.312558 0.0829408 0.0172807 0.007263
 0.699696 0.179339 0.0900111 0.0238855 0.00706814
 0.714841 0.200332 0.050658 0.0254254 0.00874347
 0.541033 0.328332 0.0917745 0.023207 0.0156532
 0.662907 0.184502 0.10916 0.030512 0.0129197
 0.598072 0.26786 0.0733799 0.043415 0.0172737
 0.644688 0.215147 0.093411 0.0255899 0.021164
 0.605633 0.257373 0.0829518 0.0360155 0.0180264
 0.442419 0.341394 0.141089 0.0454731 0.0296251
 0.432956 0.259005 0.188605 0.0779455 0.0414885
 0.609996 0.174027 0.0986501 0.0718364 0.0454902
 0.620543 0.239096 0.0626318 0.035504 0.0422256
 0.713162 0.187877 0.0623553 0.0163342 0.0202716
 0.746193 0.187955 0.0431326 0.0143155 0.00840391
 0.620908 0.286719 0.0684062 0.0156981 0.00826872
 0.628963 0.23374 0.103842 0.0247749 0.00868016
 0.622434 0.239772 0.0868054 0.0385644 0.0124244
 0.731828 0.168323 0.0634088 0.0229561 0.0134842
 0.667235 0.245046 0.0550583 0.0207409 0.0119196
 0.650845 0.233795 0.0849504 0.0190871 0.0113225
 0.705189 0.192815 0.0682966 0.0248159 0.00888331
 0.64909 0.248675 0.0668653 0.0236842 0.0116864
 0.345605 0.42715 0.161038 0.0433011 0.0229055
pobs_pel_tallas
 0 0 0 0 0 0 0 0 0 0 0 0 0 0 0 0 0 0 0 0 0 0 0 0 0 0 0 0 0 0 0 0 0 0 0 0
 0 0 0 0 0 0 0 0 0 0 0 0 0 0 0 0 0 0 0 0 0 0 0 0 0 0 0 0 0 0 0 0 0 0 0 0
 0 0 0 0 0 0 0 0 0 0 0 0 0 0 0 0 0 0 0 0 0 0 0 0 0 0 0 0 0 0 0 0 0 0 0 0
 0 0 0 0 0 0 0 0 0 0 0 0 0 0 0 0 0 0 0 0 0 0 0 0 0 0 0 0 0 0 0 0 0 0 0 0
 0 0 0 0 0 0 0 0 0 0 0 0 0 0 0 0 0 0 0 0 0 0 0 0 0 0 0 0 0 0 0 0 0 0 0 0
 0 0 0 0 0 0 0 0 0 0 0 0 0 0 0 0 0 0 0 0 0 0 0 0 0 0 0 0 0 0 0 0 0 0 0 0
 0 0 0 0 0 0 0 0 0 0 0 0 0 0 0 0 0 0 0 0 0 0 0 0 0 0 0 0 0 0 0 0 0 0 0 0
 0 0 0 0 0 0 0 0 0 0 0 0 0 0 0 0 0 0 0 0 0 0 0 0 0 0 0 0 0 0 0 0 0 0 0 0
 0 0 0 0 0 0 0 0 0 0 0 0 0 0 0 0 0 0 0 0 0 0 0 0 0 0 0 0 0 0 0 0 0 0 0 0
 0 0 0 0 0 0 0 0 0 0 0 0 0 0 0 0 0 0 0 0 0 0 0 0 0 0 0 0 0 0 0 0 0 0 0 0
 0 0 0 0 0 0 0 0 1.78061e-05 0.00172719 0.00360574 0.0105946 0.0120993 0.0124554 0.0147524 0.0171206 0.0266825 0.0428682 0.0675386 0.121331 0.153587 0.119568 0.100827 0.0573624 0.0630603 0.0341343 0.0324427 0.0444173 0.0211091 0.0280891 0.0125444 0.00206551 0 0 0 0
 0 0 0 0 0 0 0 0 0 0 0 0 0 0 0 0 0 0 0 0 0 0 0 0 0 0 0 0 0 0 0 0 0 0 0 0
 0 0 0 0 0 0 0.0133647 0.0140871 0.0187388 0.0205184 0.03894 0.0496705 0.03968 0.0493445 0.0407372 0.0367815 0.0215668 0.0243155 0.0234873 0.0199281 0.019796 0.0243948 0.0301388 0.0376714 0.0412746 0.0863199 0.0771752 0.113111 0.0741005 0.0525337 0.0229764 0.00759418 0.00175318 0 0 0
 0 0 0 0 0 0 0 0 0 0 0.00219441 0.00772107 0.0458388 0.0604681 0.0671733 0.0775358 0.0609151 0.0617685 0.073594 0.0568108 0.0755445 0.0548602 0.0670107 0.0636378 0.0643287 0.046367 0.0373049 0.0286899 0.0247887 0.0153202 0.00654259 0.00121912 0.000365735 0 0 0
 0 0 0 0 0 0 0 0 0 0 0 0 0.000112435 0.00938835 0.0111873 0.0202946 0.0414886 0.0713402 0.111592 0.104902 0.108894 0.110636 0.117776 0.105296 0.107544 0.0401394 0.0192827 0.0124803 0.00416011 0.0028671 0.000618394 0 0 0 0 0
 0 0 0 0 0 0 0 0 0 0 0.00291406 0.0102884 0.027416 0.0768956 0.0749926 0.110853 0.0956884 0.0897413 0.0766577 0.0534642 0.0500743 0.0551293 0.0594112 0.0620874 0.0668451 0.0424026 0.0208742 0.0120726 0.0048766 0.00582813 0.00118941 0.000297354 0 0 0 0
 0 0.00264628 0.0354308 0.0461629 0.0458689 0.0383711 0.0214643 0.0164657 0.0346957 0.0420465 0.0363128 0.0245516 0.0311673 0.0291091 0.0169068 0.0133784 0.00837989 0.0085269 0.0148486 0.0160247 0.0276389 0.0546898 0.0760071 0.122758 0.109233 0.0665981 0.0333725 0.0166128 0.00676272 0.00308733 0.000882094 0 0 0 0 0
 0 0 0 0 0 0 0 0.000805153 0.000690131 0.00759144 0.0133425 0.0154129 0.00931677 0.000345066 0.00356568 0.00563607 0.00851162 0.0253048 0.0502646 0.0516448 0.0657925 0.0565908 0.0611916 0.0827007 0.0866115 0.110766 0.145733 0.0935128 0.0569358 0.0249597 0.0138026 0.00621118 0.00161031 0.00115022 0 0
 0 0 0 0 0 0 0 0 0 0 0 0 0 0 0 0 0 0 0 0 0 0 0 0 0 0 0 0 0 0 0 0 0 0 0 0
 0.00147267 0.00158595 0.00478618 0.00569244 0.00954404 0.0108468 0.00647125 0.017049 0.0510054 0.094081 0.124002 0.0959785 0.0687766 0.0820023 0.061753 0.0591476 0.0492212 0.0479892 0.0443925 0.0268479 0.0217502 0.0140895 0.0121071 0.0120363 0.00920419 0.00665534 0.0049561 0.00860946 0.00930331 0.0156896 0.0114698 0.00855282 0.00243557 0.00046729 0 2.83206e-05
 0 0 0 0 0.000772559 0.00158375 0.000888443 0.00281984 0.00712685 0.0440552 0.0773331 0.111326 0.0921469 0.0852325 0.0710754 0.0886704 0.0786465 0.0553345 0.0373146 0.0185414 0.00753245 0.00457741 0.012979 0.0271748 0.0457355 0.0583668 0.034881 0.0177882 0.00938659 0.00492506 0.0015258 0.00185414 0.000309023 5.79419e-05 3.86279e-05 0
 0 0.00173294 0.00326652 0 0.00397197 0.00683976 0.00946217 0.0152591 0.00757587 0.0136028 0.0228656 0.0392903 0.0559909 0.0764795 0.0681675 0.0726916 0.0566044 0.0477403 0.0527397 0.0444891 0.0609904 0.0582453 0.0661739 0.0445044 0.0529084 0.0360697 0.0280645 0.0235558 0.0158879 0.00826598 0.00280645 0.00217768 0.000904811 0.00058276 9.20147e-05 0
 0 0 0 0 0 0 0 0 0 0 0 0 0 0 0 0 0 0 0 0 0 0 0 0 0 0 0 0 0 0 0 0 0 0 0 0
 0 0 0 0 0 0 0 0 0 0 0 0 0 0 0 0 0 0 0 0 0 0 0 0 0 0 0 0 0 0 0 0 0 0 0 0
 0 0 0 0 0 0 0 0 0 0 0 0 0 0 0 0 0 0 0 0 0 0 0 0 0 0 0 0 0 0 0 0 0 0 0 0
ppred_pel_tallas
 1.01211e-16 3.3202e-05 0.00019487 0.000926329 0.00356642 0.0111216 0.0280922 0.0574803 0.0952798 0.127958 0.139242 0.122818 0.0879094 0.0512894 0.0248635 0.0109054 0.00578975 0.00524855 0.00666483 0.00888458 0.0114266 0.0139898 0.0162922 0.0180695 0.0191207 0.0193506 0.0187869 0.017564 0.0158837 0.0139634 0.0119931 0.010109 0.00838933 0.00686482 0.0055366 0.00439263
 1.01313e-16 3.20548e-05 0.000188132 0.000894287 0.00344304 0.0107368 0.0271203 0.0554921 0.0919853 0.123537 0.134441 0.118606 0.0849446 0.0496601 0.0242609 0.010959 0.00627063 0.00608489 0.00787231 0.0104974 0.0134535 0.016391 0.018971 0.0208787 0.0218829 0.0218872 0.0209492 0.0192587 0.017084 0.0147069 0.0123648 0.0102191 0.00834922 0.006769 0.00545222 0.00435722
 1.02213e-16 2.53144e-05 0.00014855 0.000706085 0.00271838 0.00847693 0.0214123 0.0438138 0.0726317 0.097559 0.106207 0.0937866 0.0673627 0.0397719 0.0201597 0.010343 0.00764262 0.00886571 0.0120255 0.0161718 0.0207746 0.0253592 0.0294188 0.0324715 0.0341582 0.0343219 0.0330384 0.0305835 0.0273543 0.0237708 0.0201908 0.0168612 0.0139096 0.0113677 0.00920858 0.00738205
 1.02488e-16 3.05301e-05 0.000179183 0.000851747 0.00327926 0.010226 0.0258302 0.0528522 0.0876091 0.117659 0.128042 0.112956 0.0808876 0.0472677 0.0230556 0.0103568 0.00585513 0.0056417 0.00732076 0.00983243 0.0127232 0.0156924 0.018447 0.0207046 0.0222432 0.022944 0.0228108 0.0219551 0.0205564 0.0188128 0.0168996 0.0149452 0.0130291 0.0111937 0.00946144 0.00784861
 1.02067e-16 3.11913e-05 0.000183063 0.000870188 0.00335026 0.0104474 0.0263895 0.0539966 0.0895065 0.120208 0.130819 0.115413 0.0826616 0.0483337 0.0236289 0.0107019 0.00616582 0.0060246 0.00782139 0.0104561 0.0134403 0.0164374 0.0191194 0.0211792 0.0223875 0.0226423 0.0219879 0.0205934 0.0187025 0.0165717 0.0144168 0.0123833 0.0105435 0.0089127 0.00747364 0.00619961
 1.02939e-16 2.36177e-05 0.000138587 0.00065872 0.002536 0.0079082 0.0199757 0.0408746 0.0677605 0.0910196 0.0990975 0.0875305 0.0629176 0.037245 0.0190594 0.0100743 0.00780871 0.00929892 0.0126965 0.0171047 0.0220011 0.0268975 0.0312657 0.0346008 0.0365244 0.0368673 0.0357017 0.0333069 0.0300876 0.0264718 0.0228232 0.0193913 0.0163046 0.0135954 0.0112395 0.00919224
 1.03262e-16 2.89262e-05 0.000169766 0.000806976 0.00310688 0.00968848 0.0244724 0.050074 0.0830045 0.111476 0.121318 0.107035 0.0766702 0.0448493 0.0219627 0.010015 0.00587483 0.00584908 0.00767516 0.0103508 0.0134407 0.0166468 0.0196713 0.0222232 0.0240677 0.0250715 0.0252217 0.0246123 0.0234063 0.0217871 0.0199191 0.0179256 0.0158878 0.0138569 0.0118702 0.00996329
 1.03428e-16 2.61023e-05 0.00015318 0.000728108 0.00280319 0.00874142 0.0220803 0.0451803 0.0748953 0.100595 0.109499 0.0966635 0.0693632 0.0408209 0.0204476 0.0100945 0.00697683 0.00778875 0.010485 0.0141135 0.0181845 0.0222893 0.0259995 0.0289065 0.0307019 0.031244 0.0305825 0.0289309 0.0266001 0.0239174 0.0211569 0.0185028 0.0160461 0.0138071 0.0117688 0.00990606
 1.03265e-16 2.81329e-05 0.000165106 0.000784817 0.00302155 0.00942239 0.0238003 0.0486991 0.0807264 0.10842 0.118 0.104127 0.0746291 0.0437399 0.0215767 0.0101032 0.00628745 0.00654581 0.00867494 0.0116816 0.0151067 0.0186097 0.0218444 0.0244767 0.0262466 0.0270205 0.0268128 0.0257665 0.0241041 0.0220666 0.0198621 0.0176377 0.0154773 0.0134176 0.0114714 0.0096463
 1.03342e-16 2.64316e-05 0.000155114 0.000737306 0.00283861 0.00885187 0.0223592 0.045751 0.075841 0.101864 0.110878 0.0978726 0.0702146 0.0412893 0.0206219 0.0100813 0.00684261 0.00755486 0.0101479 0.0136647 0.0176227 0.0216269 0.0252649 0.0281414 0.0299558 0.0305651 0.0300092 0.0284847 0.0262829 0.0237132 0.0210375 0.0184348 0.0159983 0.0137557 0.0116998 0.00981526
 1.05061e-16 1.93183e-05 0.000113345 0.00053871 0.00207393 0.00646724 0.016336 0.0334276 0.0554176 0.0744474 0.0810744 0.0716581 0.0516113 0.0307594 0.0161247 0.00914917 0.00784756 0.00983384 0.0136167 0.0184541 0.0238738 0.0293953 0.03448 0.0386008 0.0413473 0.0425115 0.0421208 0.0404073 0.0377291 0.0344727 0.0309703 0.0274555 0.0240595 0.0208369 0.0178031 0.0149657
 1.07379e-16 1.89023e-05 0.00011091 0.000527153 0.00202946 0.00632858 0.0159857 0.0327102 0.0542263 0.0728411 0.0793095 0.0700612 0.0503807 0.0298658 0.0153656 0.00826644 0.00660543 0.00804139 0.0111344 0.015213 0.0199072 0.0248689 0.0297022 0.0340018 0.0374265 0.0397596 0.0409365 0.0410279 0.0401926 0.0386183 0.036475 0.0338936 0.03097 0.0277847 0.0244236 0.0209899
 1.06052e-16 2.66185e-05 0.000156219 0.000742575 0.00285892 0.00891525 0.0225192 0.0460777 0.0763803 0.102581 0.111639 0.0985003 0.0705677 0.0413016 0.0202677 0.00931634 0.00557376 0.00565115 0.00747746 0.0101422 0.0132566 0.0165571 0.0197779 0.0226554 0.0249717 0.0265938 0.0274891 0.0277119 0.0273681 0.0265746 0.0254274 0.0239892 0.0222956 0.0203731 0.0182576 0.016006
 1.0416e-16 2.70809e-05 0.000158928 0.000755442 0.00290844 0.00906965 0.0229093 0.0468763 0.0777057 0.104366 0.113595 0.100257 0.0718927 0.0422112 0.0209618 0.0100474 0.0065617 0.00706239 0.00942673 0.0126835 0.0163609 0.02009 0.0234914 0.0262047 0.0279577 0.0286248 0.0282475 0.0270096 0.0251776 0.023028 0.0207883 0.0186041 0.0165405 0.0146034 0.0127717 0.0110241
 1.02455e-16 3.11175e-05 0.000182631 0.000868138 0.00334237 0.0104229 0.0263273 0.0538694 0.0892953 0.119924 0.130507 0.115131 0.0824473 0.0481826 0.0235074 0.0105673 0.00598021 0.00575832 0.00745358 0.00997699 0.0128557 0.0157728 0.0184216 0.0205126 0.0218263 0.0222586 0.0218393 0.0207129 0.0190936 0.0172087 0.0152509 0.0133518 0.0115799 0.0099551 0.00847094 0.0071145
 1.01559e-16 3.25578e-05 0.000191087 0.000908339 0.00349715 0.0109055 0.0275465 0.056364 0.09343 0.125475 0.136546 0.120452 0.0862423 0.0503697 0.0245163 0.0109203 0.00603485 0.0056795 0.0072857 0.00970978 0.012457 0.0152009 0.0176304 0.0194569 0.020467 0.0205695 0.0198129 0.0183651 0.0164655 0.0143651 0.0122754 0.0103396 0.00862789 0.00715282 0.00589289 0.00481454
 1.01991e-16 2.70989e-05 0.000159029 0.000755911 0.00291023 0.00907522 0.0229234 0.0469056 0.0777556 0.104437 0.113683 0.100359 0.0720217 0.0423978 0.0212596 0.0105295 0.00731582 0.00818288 0.0109995 0.0147642 0.0189503 0.0231118 0.0267823 0.029521 0.0310015 0.0310843 0.0298447 0.027542 0.0245462 0.0212468 0.017974 0.0149533 0.0122985 0.0100329 0.00812531 0.006523
 1.02808e-16 2.7448e-05 0.000161084 0.000765689 0.00294789 0.00919268 0.0232201 0.0475121 0.0787595 0.105781 0.115133 0.101611 0.0728564 0.0427622 0.0212086 0.0101223 0.00655631 0.0070222 0.00937121 0.0126246 0.0163123 0.0200685 0.0235148 0.0262856 0.0280964 0.028802 0.0284207 0.0271133 0.0251304 0.0227453 0.0201968 0.0176577 0.0152302 0.0129619 0.0108695 0.00895929
 1.03217e-16 2.71635e-05 0.000159413 0.000757745 0.00291731 0.0090973 0.0229792 0.0470192 0.0779427 0.104684 0.113942 0.100564 0.0721148 0.0423456 0.0210363 0.0100969 0.00661367 0.00713566 0.00953548 0.0128402 0.0165769 0.0203732 0.0238439 0.0266191 0.0284146 0.0290909 0.0286765 0.0273452 0.0253591 0.0229991 0.0205049 0.0180429 0.0157038 0.0135205 0.0114957 0.00962517
 1.02374e-16 3.19307e-05 0.000187407 0.000890847 0.00342981 0.0106955 0.0270161 0.0552785 0.0916303 0.123057 0.133911 0.118121 0.0845581 0.0493555 0.0239667 0.0105825 0.00572216 0.0052866 0.00676391 0.00904737 0.0116747 0.0143543 0.0168103 0.0187821 0.0200697 0.020574 0.0203136 0.0194086 0.018041 0.0164061 0.0146707 0.0129505 0.0113088 0.00976891 0.0083335 0.00700076
 1.02132e-16 2.91172e-05 0.000170882 0.000812272 0.00312725 0.009752 0.0246329 0.0504029 0.0835511 0.112215 0.122135 0.107784 0.0772703 0.0453273 0.0224315 0.0106199 0.00675661 0.00712938 0.00944583 0.012655 0.0162478 0.019831 0.0230057 0.0253967 0.0267267 0.0268769 0.0259104 0.0240458 0.0215939 0.0188805 0.0161796 0.0136754 0.0114577 0.00954162 0.00789823 0.00648396
 1.02468e-16 2.84022e-05 0.000166685 0.00079232 0.00305043 0.00951244 0.0240278 0.0491647 0.0814986 0.109458 0.119134 0.105135 0.0753696 0.0442093 0.0218735 0.01035 0.00658225 0.00695331 0.00923407 0.012409 0.0159934 0.0196153 0.0228949 0.025469 0.0270606 0.0275369 0.0269326 0.0254277 0.0232916 0.0208133 0.0182417 0.015752 0.013441 0.0113438 0.00945995 0.00777662
 1.02301e-16 3.07701e-05 0.000180591 0.000858438 0.00330502 0.0103064 0.0260331 0.0532675 0.0882978 0.118585 0.129052 0.113852 0.0815407 0.0476723 0.023295 0.0105342 0.00604925 0.00590028 0.00766776 0.0102731 0.0132431 0.0162553 0.0189944 0.0211619 0.0225296 0.0229876 0.0225625 0.0213993 0.0197155 0.0177435 0.0156827 0.0136719 0.0117868 0.0100541 0.00847382 0.00703791
 1.02391e-16 2.83262e-05 0.000166238 0.00079019 0.00304222 0.00948685 0.0239631 0.0490326 0.08128 0.109166 0.118819 0.104865 0.0751924 0.0441387 0.0219 0.0104641 0.00678678 0.00726255 0.00966479 0.0129704 0.0166782 0.0203943 0.0237151 0.0262585 0.0277388 0.0280283 0.0271816 0.025409 0.0230153 0.0203213 0.0175991 0.0150338 0.0127193 0.0106776 0.00888938 0.00732129
 1.04984e-16 1.51002e-05 8.8573e-05 0.000420925 0.0016204 0.0050529 0.0127636 0.0261189 0.0433059 0.0581916 0.0634111 0.0561403 0.0406393 0.0246311 0.0136646 0.00894138 0.0089858 0.011989 0.0167962 0.0227694 0.0294005 0.0361019 0.0421976 0.0470272 0.0500825 0.0511157 0.050182 0.0475992 0.043847 0.0394411 0.0348254 0.0303126 0.0260764 0.0221827 0.0186369 0.0154252
pSPR Fmed_Fpbrs
0.706713   0.337088 0.337088
Fs Fmed_Fpbrs
0.218005   1.005 1.005
SSBpbr Bo_Bmed_Bpbrs
1.33043e+06  873713  381951 381951
Ro
56387.3
SPR SPRFo_SPRFmed_SPRFpbrs
1.15807e+06 818424 390372
log_Ro
10.76
likeval ReclasPelacesDesembMPH_pf_preclas_ppelaces_ptallas_desvR_qrecl_qpela
 64.5098 26.7983 0.0189683 0.00136475 316.458 199.091 78.0187 0 15.7234 8.2067e-05 0 0 0 0 0
q_reclas_q_pelaces
0.277008 1
M
0.7
N
 52416.8 15506.8 5824.99 692.085 0.370338
 67727.3 23997.2 4999.79 1878.13 223.266
 41226.8 31451.7 8346.08 1738.9 730.854
 67856.6 18578.5 9324.6 2474.39 732.217
 116550 33081.2 8365.26 4198.55 1443.83
 83951.7 57671.6 16120.2 4076.31 2749.48
 133923 40270.1 23825.6 6659.67 2819.91
 124866 65083.1 17829.5 10548.7 4197.06
 150252 59434.5 25804.8 7069.22 5846.57
 146108 71152.2 22932.5 9956.68 4983.49
 68203.8 69846.1 28865.5 9303.39 6061.02
 40220.1 31294.4 22788.3 9417.8 5012.87
 42883.5 18558.6 10520.3 7660.79 4851.18
 23743.8 18955.2 4965.38 2814.71 3347.59
 18614.8 9619.7 3192.72 836.343 1037.95
 23327.2 7657.85 1757.35 583.256 342.401
 19289.5 10757.7 2566.6 588.994 310.242
 21520.3 9086.93 4036.98 963.155 337.452
 24004.5 10312.1 3733.34 1658.58 534.352
 44846.1 11562.7 4355.77 1576.94 926.28
 55750.5 21570.6 4846.6 1825.76 1049.24
 70922.2 27284.5 9913.95 2227.52 1321.36
 116453 34550.7 12238.2 4446.78 1591.81
 136407 56524.2 15198.6 5383.47 2656.33
 49565.2 66269.2 24983.9 6717.84 3553.62
pred_Ctot
 2956.97 4009.05 1505.97 178.928 0.0957454
 3170.31 5277.72 1099.61 413.059 49.1031
 2758.6 9387.35 2491.04 519.007 218.137
 892.112 1253.31 629.042 166.924 49.3957
 297.629 445.787 112.726 56.5778 19.4563
 2059.34 7044.91 1969.17 497.945 335.865
 2060.61 3160.68 1870 522.697 221.327
 3734.47 9557.5 2618.27 1549.09 616.341
 5025.7 9671.28 4199.01 1150.32 951.364
 3932.13 9476.38 3054.25 1326.08 663.724
 3745.75 17647.8 7293.36 2350.66 1531.42
 2056.63 7434.57 5413.8 2237.38 1190.9
 3411.79 6376.19 3614.46 2632.02 1666.72
 3181.38 9567.96 2506.35 1420.77 1689.75
 2321.91 4624.92 1534.98 402.093 499.02
 1201.75 1831.06 420.198 139.461 81.871
 714.664 1920.8 458.272 105.166 55.3944
 543.513 1140.69 506.764 120.905 42.3605
 518.799 1118.4 404.899 179.881 57.9529
 1014.64 1309.28 493.217 178.561 104.885
 580.277 1160.4 260.726 98.2179 56.4448
 968.726 1909.73 693.907 155.911 92.4863
 1891.8 2856.66 1011.85 367.661 131.611
 2129.3 4498.19 1209.51 428.417 211.391
 775.102 5282.8 1991.65 535.528 283.285
F
 0.0812909 0.431881 0.431881 0.431881 0.431881
 0.0670352 0.356144 0.356144 0.356144 0.356144
 0.0970862 0.515798 0.515798 0.515798 0.515798
 0.0184303 0.0979162 0.0979162 0.0979162 0.0979162
 0.00355646 0.0188947 0.0188947 0.0188947 0.0188947
 0.0346338 0.184002 0.184002 0.184002 0.184002
 0.0215999 0.114755 0.114755 0.114755 0.114755
 0.0423701 0.225103 0.225103 0.225103 0.225103
 0.0474928 0.252319 0.252319 0.252319 0.252319
 0.0380546 0.202176 0.202176 0.202176 0.202176
 0.079063 0.420045 0.420045 0.420045 0.420045
 0.0734331 0.390134 0.390134 0.390134 0.390134
 0.116407 0.618444 0.618444 0.618444 0.618444
 0.20351 1.08121 1.08121 1.08121 1.08121
 0.188226 1 1 1 1
 0.0740005 0.393149 0.393149 0.393149 0.393149
 0.0527263 0.280123 0.280123 0.280123 0.280123
 0.0356748 0.189532 0.189532 0.189532 0.189532
 0.0304586 0.16182 0.16182 0.16182 0.16182
 0.0319055 0.169507 0.169507 0.169507 0.169507
 0.0145664 0.0773881 0.0773881 0.0773881 0.0773881
 0.0191541 0.101762 0.101762 0.101762 0.101762
 0.0228176 0.121225 0.121225 0.121225 0.121225
 0.0219166 0.116438 0.116438 0.116438 0.116438
 0.0219564 0.11665 0.11665 0.11665 0.11665
nmprior
 10.6 11 7 0
nm_flota  nm_reclas  nm_pelaces    nm_pelaL
inf 13.6519 20.9111 52.0583
cv_recla  cv_pelaces  cv_mph
0.726504 0.586983 1.19857
 ------------------------------------------------
Talla a la edad & desviación 
 7.2 14.2025 17.0495 18.207 18.6776
 1.08 2.13037 2.55742 2.73105 2.80164
