years
 1997 1998 1999 2000 2001 2002 2003 2004 2005 2006 2007 2008 2009 2010 2011 2012 2013 2014 2015 2016 2017 2018 2019 2020 2021
reclasobs
 0 0 0 370054 412103 1.49427e+06 250295 1.28982e+06 931140 785840 897777 1.04006e+06 184774 17550 25797 100020 73551 82996 120727 218422 84188 347160 605670 569463 516374
reclaspred
 734425 180088 505588 147599 198068 258789 505566 348621 595987 1.09993e+06 1.2539e+06 795697 427486 195779 128939 118662 121051 143763 113829 177831 361966 321417 493711 559015 410947
pelacesobs
 0 0 0 0 0 0 0 0 0 2.06254e+06 1.5e+06 0 1.87456e+06 323000 250000 174000 83755 137374 0 501740 490994 745055 786931 1.00524e+06 1.33801e+06
pelacespred
 302370 119979 128932 102026 115089 102910 260610 188507 327267 631121 642256 418733 228708 83030.3 53751.7 56391.5 59987.2 70802.2 58205.2 88482.1 194406 190383 218345 282146 204117
mphobs
 0 0 0 0 0 112323 0 153150 637223 0 255016 313432 73983 77613 109348 50772 0 0 0 0 0 0 0 0 0
mphpred
 634178 194872 348325 203986 114007 258490 293185 395475 372698 736122 1.24963e+06 882700 465227 259355 118702 103213 101485 118211 117598 102100 256335 321543 337779 477686 449504
desembarqueobs
 350755 77701 442110 56441 14545 235359 269955 359681 431902 328805 639364 411747 362871 311530 167758 66681 60226 58785 57116 73181 50977 67692 138656 160484 209506
desembarquepred
 350388 77627.1 441362 56459.2 14555.1 235030 269635 359273 432123 328566 638537 411203 362395 311201 167565 66617.7 60135.5 58749.3 57110.5 73131.4 51002.7 67706.5 138615 160340 209351
Reclutas
 1634.92 84161.8 480.168 1928.75 43885 21416.5 54087.4 47018.9 125309 210655 61998.1 16496.5 54715.8 28094.1 20040.3 13798.2 10651.2 9568.36 4953.91 33640.8 29540.3 25527.6 63087.9 35511.2 251.689
log_desv_Rt
 -2.40065 1.5405 -3.62586 -2.23537 0.889328 0.171919 1.09836 0.958306 1.93854 2.45798 1.23486 -0.0890961 1.10991 0.443316 0.105499 -0.267707 -0.526571 -0.633783 -1.29207 0.623494 0.49351 0.347517 1.25228 0.677603 -4.2718
SSB
 634178 194872 348325 203986 114007 258490 293185 395475 372698 736122 1.24963e+06 882700 465227 259355 118702 103213 101485 118211 117598 102100 256335 321543 337779 477686 449504
BT
 806931 364033 448693 251746 331172 385551 991685 833725 1.39483e+06 2.01284e+06 1.87981e+06 1.16738e+06 891628 478870 278458 180539 188757 206199 164635 308067 503464 438039 586013 712399 544805
Ftot
 0.451824 0.414138 0.79666 0.365193 0.0717921 0.830793 0.507815 0.942558 0.685111 0.288574 0.482159 0.488169 0.784103 1.36982 1.16237 0.53075 0.472265 0.390616 0.475143 0.395206 0.137055 0.203878 0.270785 0.276218 0.481013
BD_Bspro_t
 0.930559 0.620915 0.628297 0.316689 0.30466 0.551093 0.442623 0.471117 0.425916 0.535162 0.623909 0.461735 0.32121 0.240604 0.143556 0.149472 0.193325 0.282299 0.332536 0.364013 0.60344 0.704831 0.687397 0.689378 0.612487
BD_Bspro
 1.71227 0.526151 0.940471 0.550757 0.307817 0.697918 0.791593 1.06777 1.00628 1.98751 3.37398 2.38327 1.2561 0.700254 0.320494 0.278672 0.274008 0.319167 0.317513 0.275668 0.6921 0.86816 0.911996 1.28974 1.21365
BD_Bo
 0.749915 0.230436 0.411895 0.241213 0.134814 0.305664 0.346691 0.467649 0.440715 0.870464 1.47769 1.04379 0.550131 0.306688 0.140366 0.122049 0.120006 0.139784 0.13906 0.120733 0.303116 0.380225 0.399424 0.564864 0.531538
BD_Brms
 3.64741 1.12079 2.00336 1.1732 0.655702 1.48668 1.68622 2.27454 2.14354 4.23373 7.18714 5.07676 2.67571 1.49166 0.682705 0.593617 0.583682 0.679878 0.676356 0.587218 1.47429 1.84933 1.9427 2.74736 2.58528
S_f
 0.5 1 1 1 1
 0.5 1 1 1 1
 0.5 1 1 1 1
 0.5 1 1 1 1
 0.5 1 1 1 1
 0.5 1 1 1 1
 0.5 1 1 1 1
 0.5 1 1 1 1
 0.5 1 1 1 1
 0.5 1 1 1 1
 0.5 1 1 1 1
 0.5 1 1 1 1
 0.5 1 1 1 1
 0.5 1 1 1 1
 0.5 1 1 1 1
 0.5 1 1 1 1
 0.5 1 1 1 1
 0.5 1 1 1 1
 0.5 1 1 1 1
 0.5 1 1 1 1
 0.5 1 1 1 1
 0.5 1 1 1 1
 0.5 1 1 1 1
 0.5 1 1 1 1
 0.5 1 1 1 1
Scru_reclas
 0.5 1 1 1 1
 0.5 1 1 1 1
 0.5 1 1 1 1
 0.5 1 1 1 1
 0.5 1 1 1 1
 0.5 1 1 1 1
 0.5 1 1 1 1
 0.5 1 1 1 1
 0.5 1 1 1 1
 0.5 1 1 1 1
 0.5 1 1 1 1
 0.5 1 1 1 1
 0.5 1 1 1 1
 0.5 1 1 1 1
 0.5 1 1 1 1
 0.5 1 1 1 1
 0.5 1 1 1 1
 0.5 1 1 1 1
 0.5 1 1 1 1
 0.5 1 1 1 1
 0.5 1 1 1 1
 0.5 1 1 1 1
 0.5 1 1 1 1
 0.5 1 1 1 1
 0.5 1 1 1 1
Scru_pelaces
 0.5 1 1 1 1
 0.5 1 1 1 1
 0.5 1 1 1 1
 0.5 1 1 1 1
 0.5 1 1 1 1
 0.5 1 1 1 1
 0.5 1 1 1 1
 0.5 1 1 1 1
 0.5 1 1 1 1
 0.5 1 1 1 1
 0.5 1 1 1 1
 0.5 1 1 1 1
 0.5 1 1 1 1
 0.5 1 1 1 1
 0.5 1 1 1 1
 0.5 1 1 1 1
 0.5 1 1 1 1
 0.5 1 1 1 1
 0.5 1 1 1 1
 0.5 1 1 1 1
 0.5 1 1 1 1
 0.5 1 1 1 1
 0.5 1 1 1 1
 0.5 1 1 1 1
 0.5 1 1 1 1
pf_obs 
 0.256992 0.487395 0.22802 0.0275931 0
 0.321318 0.546541 0.124235 0.00734118 0.000564706
 0.182869 0.594174 0.210203 0.0122559 0.00049798
 0.330522 0.361315 0.267642 0.0388342 0.00168674
 0.649043 0.306663 0.0425973 0.00169635 0
 0.582887 0.30429 0.105238 0.00758474 0
 0.465427 0.430635 0.0974691 0.00646863 0
 0.296916 0.608066 0.0921331 0.00288517 0
 0.311714 0.524322 0.152257 0.0117073 0
 0.15457 0.633149 0.183074 0.0267441 0.00246327
 0.131901 0.49318 0.331252 0.0422183 0.00144891
 0.196976 0.569456 0.194076 0.0375587 0.00193317
 0.518974 0.381816 0.0799577 0.0180837 0.00116848
 0.0928022 0.601141 0.25162 0.0475244 0.00691264
 0.122501 0.610282 0.24278 0.0234846 0.000952079
 0.383417 0.481906 0.127806 0.00687128 0
 0.0376549 0.599619 0.316969 0.0457579 0
 0.0361596 0.667082 0.258105 0.0386534 0
 0.158088 0.579412 0.248529 0.0139706 0
 0.0477256 0.309471 0.559284 0.082774 0.000745712
 0.0406174 0.521527 0.379366 0.0568643 0.0016247
 0.151134 0.462217 0.34131 0.0453401 0
 0.294876 0.26143 0.354403 0.0886775 0.000613685
 0.281977 0.475581 0.204845 0.0348837 0.00271318
 0.0354234 0.537034 0.353287 0.0723622 0.0018943
pf_pred 
 0.0404501 0.483052 0.239876 0.119119 0.117503
 0.861446 0.0121619 0.0636278 0.0315966 0.031168
 0.00766036 0.926314 0.00579551 0.0303205 0.0299092
 0.111364 0.0171229 0.813527 0.00508986 0.0528962
 0.858904 0.030747 0.00212628 0.101022 0.00720056
 0.356894 0.595195 0.0104405 0.000722007 0.0367483
 0.71555 0.167309 0.108414 0.00190173 0.00682517
 0.536153 0.39605 0.039877 0.0258398 0.00208
 0.788382 0.159836 0.0442129 0.00445165 0.00311681
 0.695587 0.274413 0.0226591 0.00626782 0.00107294
 0.239422 0.633083 0.11493 0.00949013 0.00307446
 0.136831 0.362856 0.416447 0.0756017 0.00826508
 0.571462 0.114797 0.131889 0.151368 0.0304835
 0.430882 0.439188 0.0348059 0.0399879 0.0551363
 0.553781 0.31272 0.103022 0.00816453 0.0223136
 0.519195 0.375613 0.0737206 0.0242864 0.00718492
 0.4446 0.397864 0.12307 0.0241547 0.0103116
 0.446022 0.358827 0.139798 0.0432433 0.0121104
 0.310254 0.443749 0.159339 0.0620778 0.02458
 0.82723 0.087833 0.0546441 0.0196212 0.0106712
 0.503798 0.453945 0.0214825 0.0133651 0.00740905
 0.397812 0.408618 0.177086 0.00838043 0.00810407
 0.630018 0.215842 0.104593 0.045328 0.00421948
 0.351146 0.51024 0.0808652 0.0391856 0.018563
 0.00485878 0.536919 0.360333 0.0571072 0.0407822
pobs_RECLAS
 0 0 0 0 0
 0 0 0 0 0
 0 0 0 0 0
 0 0 0 0 0
 0.835266 0.146461 0.0176864 0.000547809 3.91292e-05
 0.385257 0.428462 0.181853 0.0044286 0
 0.867414 0.0963971 0.0333333 0.00285562 0
 0.441836 0.489002 0.0689373 0.000224442 0
 0.779404 0.147425 0.0564933 0.0165055 0.000172143
 0.814271 0.122319 0.05973 0.00367925 0
 0.40263 0.566651 0.0304383 0.000280538 0
 0.475488 0.404961 0.113038 0.00651328 0
 0.955842 0.0263864 0.0167828 0.000988607 0
 0.975058 0.0227948 0.00214734 0 0
 0.738997 0.206755 0.0527124 0.00153531 0
 0.850938 0.134255 0.0134407 0.00136685 0
 0.542534 0.407297 0.0501686 0 0
 0.764087 0.199537 0.0359546 0.000420521 0
 0.470689 0.182191 0.310203 0.0369168 0
 0.84361 0.089868 0.0606195 0.00523954 0.000663233
 0.607945 0.314616 0.071237 0.00620181 0
 0.523733 0.453247 0.0230204 0 0
 0.530135 0.295979 0.169645 0.0042399 0
 0.562478 0.366248 0.0663022 0.0049721 0
 0.250443 0.683176 0.0655157 0.000865301 0
ppred_RECLAS
 0.0412024 0.482673 0.239688 0.119026 0.117411
 0.86348 0.0119834 0.0626938 0.0311328 0.0307105
 0.00798539 0.926011 0.00579362 0.0303106 0.0298994
 0.112816 0.017095 0.812198 0.00508154 0.0528097
 0.859175 0.0306881 0.00212221 0.100828 0.00718676
 0.367169 0.585686 0.0102737 0.000710471 0.0361612
 0.720094 0.164636 0.106683 0.00187136 0.00671615
 0.549422 0.384721 0.0387363 0.0251006 0.0020205
 0.793968 0.155617 0.0430457 0.00433413 0.00303454
 0.697883 0.272343 0.0224882 0.00622054 0.00106485
 0.243255 0.629893 0.114351 0.0094423 0.00305897
 0.139364 0.361791 0.415225 0.0753798 0.00824083
 0.581457 0.11212 0.128813 0.147838 0.0297725
 0.454032 0.421323 0.0333901 0.0383614 0.0528935
 0.57176 0.30012 0.0988708 0.00783557 0.0214145
 0.525133 0.370974 0.0728101 0.0239864 0.00709618
 0.449634 0.394257 0.121955 0.0239357 0.0102181
 0.449954 0.35628 0.138806 0.0429363 0.0120245
 0.314665 0.440912 0.15832 0.0616808 0.0244229
 0.829525 0.0866664 0.0539184 0.0193607 0.0105295
 0.504932 0.452908 0.0214335 0.0133345 0.00739212
 0.399528 0.407453 0.176581 0.00835654 0.00808098
 0.632358 0.214477 0.103931 0.0450413 0.00419279
 0.353496 0.508392 0.0805723 0.0390437 0.0184958
 0.00496073 0.536864 0.360296 0.0571013 0.040778
pobs_PELACES
 0 0 0 0 0
 0 0 0 0 0
 0 0 0 0 0
 0 0 0 0 0
 0 0 0 0 0
 0 0 0 0 0
 0 0 0 0 0
 0 0 0 0 0
 0 0 0 0 0
 0 0 0 0 0
 0.450072 0.473896 0.0757376 0.000293798 0
 0 0 0 0 0
 0.463077 0.371075 0.160297 0.00555027 0
 0.529543 0.364841 0.0842815 0.0213345 0
 0.631943 0.363953 0.00410389 0 0
 0.735681 0.248677 0.0153453 0.000297389 0
 0.695825 0.281241 0.0229344 0 0
 0.275771 0.60734 0.115278 0.00161068 0
 0 0 0 0 0
 0.896147 0.0623911 0.0374545 0.00400742 0
 0.803859 0.145111 0.0509908 3.86294e-05 0
 0.739449 0.233085 0.0266225 0.000797448 4.60066e-05
 0.878498 0.100942 0.0204185 0.000141795 0
 0.694673 0.275183 0.0284847 0.00165964 0
 0.469039 0.446079 0.0841089 0.000773354 0
ppred_PELACES
 0.0442503 0.481138 0.238926 0.118647 0.117038
 0.871337 0.0112937 0.0590856 0.0293411 0.028943
 0.00909697 0.924973 0.00578712 0.0302766 0.0298659
 0.118989 0.016976 0.806547 0.00504618 0.0524423
 0.860602 0.0303771 0.0021007 0.0998063 0.00711393
 0.399559 0.555708 0.00974789 0.000674107 0.0343103
 0.736667 0.154888 0.100366 0.00176056 0.00631849
 0.587553 0.352163 0.0354582 0.0229765 0.00184951
 0.811847 0.142113 0.0393104 0.00395803 0.00277121
 0.707827 0.263379 0.0217481 0.0060158 0.0010298
 0.258197 0.617456 0.112093 0.00925586 0.00299857
 0.149308 0.35761 0.410427 0.0745088 0.0081456
 0.612572 0.103785 0.119237 0.136847 0.0275592
 0.510405 0.37782 0.0299425 0.0344004 0.0474321
 0.617943 0.267753 0.0882082 0.00699055 0.0191051
 0.54691 0.353962 0.0694712 0.0228864 0.00677076
 0.468984 0.380396 0.117667 0.0230942 0.00985889
 0.465951 0.345918 0.134768 0.0416876 0.0116748
 0.331812 0.42988 0.154359 0.0601376 0.0238118
 0.838549 0.0820786 0.0510641 0.0183358 0.00997209
 0.510584 0.447737 0.0211888 0.0131823 0.00730773
 0.407625 0.401959 0.1742 0.00824386 0.00797201
 0.642682 0.208454 0.101012 0.0437765 0.00407505
 0.36398 0.500148 0.0792657 0.0384106 0.0181958
 0.00536829 0.536644 0.360148 0.0570779 0.0407613
pobs_pel_tallas
 0 0 0 0 0 0 0 0 0 0 0 0 0 0 0 0 0 0 0 0 0 0 0 0 0 0 0 0 0 0 0 0 0 0 0 0
 0 0 0 0 0 0 0 0 0 0 0 0 0 0 0 0 0 0 0 0 0 0 0 0 0 0 0 0 0 0 0 0 0 0 0 0
 0 0 0 0 0 0 0 0 0 0 0 0 0 0 0 0 0 0 0 0 0 0 0 0 0 0 0 0 0 0 0 0 0 0 0 0
 0 0 0 0 0 0 0 0 0 0 0 0 0 0 0 0 0 0 0 0 0 0 0 0 0 0 0 0 0 0 0 0 0 0 0 0
 0 0 0 0 0 0 0 0 0 0 0 0 0 0 0 0 0 0 0 0 0 0 0 0 0 0 0 0 0 0 0 0 0 0 0 0
 0 0 0 0 0 0 0 0 0 0 0 0 0 0 0 0 0 0 0 0 0 0 0 0 0 0 0 0 0 0 0 0 0 0 0 0
 0 0 0 0 0 0 0 0 0 0 0 0 0 0 0 0 0 0 0 0 0 0 0 0 0 0 0 0 0 0 0 0 0 0 0 0
 0 0 0 0 0 0 0 0 0 0 0 0 0 0 0 0 0 0 0 0 0 0 0 0 0 0 0 0 0 0 0 0 0 0 0 0
 0 0 0 0 0 0 0 0 0 0 0 0 0 0 0 0 0 0 0 0 0 0 0 0 0 0 0 0 0 0 0 0 0 0 0 0
 0 0 0 0 0 0 0 0 0 0 0 0 0 0 0 0 0 0 0 0 0 0 0 0 0 0 0 0 0 0 0 0 0 0 0 0
 0 0 0 0 0 0 0 0 1.78061e-05 0.00172719 0.00360574 0.0105946 0.0120993 0.0124554 0.0147524 0.0171206 0.0266825 0.0428682 0.0675386 0.121331 0.153587 0.119568 0.100827 0.0573624 0.0630603 0.0341343 0.0324427 0.0444173 0.0211091 0.0280891 0.0125444 0.00206551 0 0 0 0
 0 0 0 0 0 0 0 0 0 0 0 0 0 0 0 0 0 0 0 0 0 0 0 0 0 0 0 0 0 0 0 0 0 0 0 0
 0 0 0 0 0 0 0.0133647 0.0140871 0.0187388 0.0205184 0.03894 0.0496705 0.03968 0.0493445 0.0407372 0.0367815 0.0215668 0.0243155 0.0234873 0.0199281 0.019796 0.0243948 0.0301388 0.0376714 0.0412746 0.0863199 0.0771752 0.113111 0.0741005 0.0525337 0.0229764 0.00759418 0.00175318 0 0 0
 0 0 0 0 0 0 0 0 0 0 0.00219441 0.00772107 0.0458388 0.0604681 0.0671733 0.0775358 0.0609151 0.0617685 0.073594 0.0568108 0.0755445 0.0548602 0.0670107 0.0636378 0.0643287 0.046367 0.0373049 0.0286899 0.0247887 0.0153202 0.00654259 0.00121912 0.000365735 0 0 0
 0 0 0 0 0 0 0 0 0 0 0 0 0.000112435 0.00938835 0.0111873 0.0202946 0.0414886 0.0713402 0.111592 0.104902 0.108894 0.110636 0.117776 0.105296 0.107544 0.0401394 0.0192827 0.0124803 0.00416011 0.0028671 0.000618394 0 0 0 0 0
 0 0 0 0 0 0 0 0 0 0 0.00291406 0.0102884 0.027416 0.0768956 0.0749926 0.110853 0.0956884 0.0897413 0.0766577 0.0534642 0.0500743 0.0551293 0.0594112 0.0620874 0.0668451 0.0424026 0.0208742 0.0120726 0.0048766 0.00582813 0.00118941 0.000297354 0 0 0 0
 0 0.00264628 0.0354308 0.0461629 0.0458689 0.0383711 0.0214643 0.0164657 0.0346957 0.0420465 0.0363128 0.0245516 0.0311673 0.0291091 0.0169068 0.0133784 0.00837989 0.0085269 0.0148486 0.0160247 0.0276389 0.0546898 0.0760071 0.122758 0.109233 0.0665981 0.0333725 0.0166128 0.00676272 0.00308733 0.000882094 0 0 0 0 0
 0 0 0 0 0 0 0 0.000805153 0.000690131 0.00759144 0.0133425 0.0154129 0.00931677 0.000345066 0.00356568 0.00563607 0.00851162 0.0253048 0.0502646 0.0516448 0.0657925 0.0565908 0.0611916 0.0827007 0.0866115 0.110766 0.145733 0.0935128 0.0569358 0.0249597 0.0138026 0.00621118 0.00161031 0.00115022 0 0
 0 0 0 0 0 0 0 0 0 0 0 0 0 0 0 0 0 0 0 0 0 0 0 0 0 0 0 0 0 0 0 0 0 0 0 0
 0.00147267 0.00158595 0.00478618 0.00569244 0.00954404 0.0108468 0.00647125 0.017049 0.0510054 0.094081 0.124002 0.0959785 0.0687766 0.0820023 0.061753 0.0591476 0.0492212 0.0479892 0.0443925 0.0268479 0.0217502 0.0140895 0.0121071 0.0120363 0.00920419 0.00665534 0.0049561 0.00860946 0.00930331 0.0156896 0.0114698 0.00855282 0.00243557 0.00046729 0 2.83206e-05
 0 0 0 0 0.000772559 0.00158375 0.000888443 0.00281984 0.00712685 0.0440552 0.0773331 0.111326 0.0921469 0.0852325 0.0710754 0.0886704 0.0786465 0.0553345 0.0373146 0.0185414 0.00753245 0.00457741 0.012979 0.0271748 0.0457355 0.0583668 0.034881 0.0177882 0.00938659 0.00492506 0.0015258 0.00185414 0.000309023 5.79419e-05 3.86279e-05 0
 0 0.00173294 0.00326652 0 0.00397197 0.00683976 0.00946217 0.0152591 0.00757587 0.0136028 0.0228656 0.0392903 0.0559909 0.0764795 0.0681675 0.0726916 0.0566044 0.0477403 0.0527397 0.0444891 0.0609904 0.0582453 0.0661739 0.0445044 0.0529084 0.0360697 0.0280645 0.0235558 0.0158879 0.00826598 0.00280645 0.00217768 0.000904811 0.00058276 9.20147e-05 0
 0 0 0 0 0 0 0 0 0 0 0 0 0 0 0 0 0 0 0 0 0 0 0 0 0 0 0 0 0 0 0 0 0 0 0 0
 0 0 0 0 0 0 0 0 0 0 0 0 0 0 0 0 0 0 0 0 0 0 0 0 0 0 0 0 0 0 0 0 0 0 0 0
 0 0 0 0 0 0 0 0 0 0 0 0 0 0 0 0 0 0 0 0 0 0 0 0 0 0 0 0 0 0 0 0 0 0 0 0
ppred_pel_tallas
 1.13094e-16 1.96187e-06 1.14346e-05 5.41897e-05 0.000208358 0.000649486 0.00164106 0.0033618 0.00558777 0.0075503 0.00833779 0.00764387 0.00610375 0.00484025 0.00474547 0.00619267 0.00922056 0.0137823 0.0198057 0.0271118 0.0353278 0.0438721 0.0520235 0.0590529 0.0643719 0.0676483 0.0688512 0.0682095 0.0661088 0.0629663 0.0591312 0.0548372 0.0502117 0.0453201 0.0402197 0.0349976
 1.03204e-16 3.80075e-05 0.000223098 0.00106056 0.00408329 0.0127334 0.0321634 0.0658092 0.10908 0.146475 0.15935 0.140453 0.100311 0.0580794 0.0273235 0.0105693 0.003592 0.00145702 0.00117495 0.00151165 0.00209542 0.00284145 0.0037281 0.00473471 0.00582846 0.00696263 0.00807799 0.0091062 0.00997537 0.0106177 0.010978 0.0110222 0.0107431 0.0101625 0.00932874 0.00830941
 1.0282e-16 4.46705e-07 2.49913e-06 1.16208e-05 4.43062e-05 0.00013779 0.000349085 0.000721557 0.00122358 0.00172642 0.00209796 0.00237204 0.00283534 0.00394853 0.00619958 0.0100191 0.0157549 0.0236203 0.0335793 0.0452156 0.0576619 0.0696506 0.0797059 0.0864429 0.088891 0.0867349 0.0803951 0.0709095 0.0596697 0.0480945 0.0373486 0.0281787 0.0208866 0.0154121 0.0114698 0.00868846
 1.14079e-16 5.20377e-06 3.05057e-05 0.000144941 0.000557916 0.00173967 0.00439424 0.00899176 0.0149074 0.0200283 0.0218163 0.0192953 0.0139277 0.00836963 0.00453653 0.00286496 0.00290334 0.00413724 0.00634481 0.00955325 0.0138874 0.0194511 0.0262507 0.0341442 0.0428115 0.0517523 0.0603202 0.0677916 0.0734644 0.0767663 0.0773512 0.0751594 0.0704302 0.0636578 0.0555071 0.0467058
 1.03802e-16 3.754e-05 0.000220352 0.0010475 0.00403301 0.0125766 0.0317674 0.064999 0.107738 0.144674 0.157394 0.138738 0.0991055 0.05742 0.0270853 0.0106018 0.00380112 0.00181075 0.00167328 0.0021574 0.00287602 0.00372071 0.00464618 0.00561614 0.00659672 0.00755801 0.00847367 0.00931731 0.0100577 0.0106559 0.0110665 0.0112441 0.0111529 0.0107765 0.010125 0.00923617
 1.01946e-16 1.74578e-05 0.000102403 0.000486649 0.00187341 0.00584188 0.0147567 0.0301977 0.0500698 0.0672839 0.0733277 0.0649407 0.0470543 0.0286058 0.0160196 0.0106907 0.0109099 0.0145647 0.0202727 0.0272174 0.0347038 0.0419301 0.0480023 0.0520869 0.0535999 0.0523503 0.0485885 0.0429356 0.0362252 0.0293074 0.02288 0.0173905 0.0130196 0.00973069 0.00735271 0.0056631
 1.01831e-16 3.21413e-05 0.000188644 0.00089673 0.00345246 0.0107662 0.0271945 0.0556435 0.092235 0.123868 0.134791 0.11889 0.0850945 0.0496398 0.0240516 0.0105311 0.00557138 0.00504575 0.00642984 0.0086197 0.011166 0.0137947 0.0162473 0.0182743 0.0196751 0.0203372 0.0202529 0.0195089 0.0182542 0.0166595 0.0148819 0.0130435 0.0112288 0.00949113 0.00786521 0.00637654
 1.01495e-16 2.5647e-05 0.000150499 0.000715347 0.00275403 0.00858809 0.0216931 0.0443886 0.0735855 0.0988428 0.107612 0.0950435 0.0683015 0.0403981 0.0206082 0.0107833 0.0082168 0.00967491 0.0131335 0.0176022 0.0224996 0.0272878 0.0313948 0.0342862 0.0355788 0.0351308 0.0330737 0.0297706 0.0257201 0.0214372 0.0173506 0.0137431 0.0107418 0.0083473 0.00648202 0.00503793
 1.0087e-16 3.54188e-05 0.000207888 0.00098822 0.00380473 0.0118647 0.0299693 0.0613208 0.101645 0.136502 0.14853 0.130987 0.0937063 0.0545694 0.0262622 0.0111908 0.005468 0.00452442 0.0055622 0.00735988 0.00943286 0.0115071 0.013341 0.014713 0.0154591 0.0155078 0.0148937 0.0137433 0.0122389 0.010574 0.00891398 0.00737411 0.00601496 0.00485268 0.00387568 0.00306064
 1.0065e-16 3.08879e-05 0.000181276 0.000861682 0.00331748 0.0103452 0.0261314 0.053469 0.0886337 0.119041 0.129563 0.114338 0.0819655 0.0480737 0.0237747 0.0112254 0.00709332 0.00743112 0.00979463 0.0130534 0.0166502 0.0201512 0.0231212 0.0251593 0.0259807 0.0254843 0.0237765 0.0211397 0.0179591 0.0146325 0.0114915 0.00875545 0.00652281 0.00479257 0.0035007 0.00255676
 1.02251e-16 1.12965e-05 6.62245e-05 0.000314639 0.00121111 0.00377649 0.00953973 0.019524 0.0323802 0.0435368 0.0475115 0.0422293 0.0309288 0.0194622 0.0120842 0.00981865 0.0116836 0.016405 0.023108 0.031173 0.0399279 0.0485112 0.0559306 0.0612401 0.0637494 0.0631854 0.0597507 0.0540551 0.0469526 0.0393369 0.0319645 0.0253499 0.019746 0.0151901 0.0115822 0.00876274
 1.08884e-16 6.53861e-06 3.83136e-05 0.000181997 0.000700482 0.00218418 0.00551742 0.0112923 0.0187293 0.0251868 0.0274976 0.0244676 0.0179801 0.0114363 0.00732368 0.00627473 0.00777819 0.0111714 0.0160379 0.0221178 0.0291161 0.0366047 0.0440337 0.05081 0.0564024 0.0604292 0.062706 0.0632362 0.0621634 0.0597063 0.0561052 0.0515946 0.046402 0.0407585 0.0349078 0.0291011
 1.07717e-16 2.67279e-05 0.000156868 0.000745675 0.00287088 0.00895256 0.0226134 0.0462698 0.0766968 0.103 0.11208 0.0988527 0.0707404 0.0412426 0.0199421 0.00867138 0.00452222 0.00408142 0.00528257 0.00725741 0.00969784 0.0124507 0.0153722 0.0183054 0.021096 0.0236108 0.0257469 0.0274291 0.0286003 0.0292125 0.0292242 0.0286082 0.0273651 0.0255367 0.0232126 0.0205256
 1.03947e-16 2.22839e-05 0.000130753 0.000621466 0.00239255 0.00746084 0.0188458 0.0385631 0.0639304 0.0858804 0.0935173 0.0826373 0.0594781 0.0353646 0.0183826 0.0101744 0.00842351 0.0103468 0.014193 0.0190799 0.0244465 0.029739 0.0343569 0.037737 0.0394747 0.0394182 0.0377009 0.0346951 0.0309083 0.0268572 0.022961 0.019482 0.0165212 0.0140544 0.0119885 0.0102141
 1.02473e-16 2.69689e-05 0.000158267 0.000752293 0.0028963 0.0090318 0.0228137 0.046681 0.0773828 0.103935 0.113133 0.0998654 0.0716487 0.0421414 0.0210635 0.0103226 0.00703655 0.00778494 0.0104517 0.0140532 0.0180868 0.0221366 0.0257682 0.0285668 0.0302194 0.0305817 0.029705 0.0278092 0.0252179 0.0222757 0.0192782 0.0164314 0.0138457 0.011555 0.00954788 0.00779543
 1.02205e-16 2.38749e-05 0.000140095 0.000665884 0.00256358 0.00799419 0.020193 0.0413193 0.0684982 0.0920122 0.100183 0.0884994 0.0636368 0.0377161 0.0193832 0.0103767 0.00819402 0.00983996 0.0134391 0.0180677 0.0231696 0.0282149 0.0326315 0.0358779 0.0375566 0.0375042 0.0358249 0.0328517 0.0290537 0.0249218 0.0208697 0.0171766 0.0139785 0.0112958 0.0090783 0.00724851
 1.03049e-16 2.04782e-05 0.000120151 0.000571059 0.00219847 0.0068556 0.017317 0.0354351 0.0587461 0.0789199 0.0859477 0.0759721 0.0547325 0.0326474 0.0171637 0.00981197 0.00848736 0.0106545 0.0147181 0.0198671 0.0255663 0.0312657 0.0363544 0.0402443 0.0424921 0.0428962 0.0415344 0.0387259 0.0349376 0.0306666 0.0263394 0.0222535 0.0185684 0.0153326 0.0125277 0.0101087
 1.04004e-16 2.03446e-05 0.000119369 0.000567352 0.00218421 0.00681113 0.0172046 0.035205 0.0583637 0.0784036 0.0853787 0.0754531 0.054324 0.0323345 0.0168737 0.00945132 0.00796714 0.00989902 0.0136698 0.0184963 0.0238856 0.0293428 0.0343169 0.0382715 0.0407927 0.0416764 0.040963 0.038905 0.0358865 0.0323217 0.0285689 0.0248819 0.0214042 0.0181941 0.0152614 0.0126006
 1.05511e-16 1.44989e-05 8.50424e-05 0.00040414 0.00155577 0.00485135 0.0122545 0.0250773 0.0415795 0.0558737 0.0608903 0.0539203 0.039058 0.023724 0.0132541 0.00881138 0.00898919 0.0120587 0.016914 0.0229375 0.029627 0.0363952 0.0425653 0.0474757 0.0506179 0.0517439 0.0509092 0.0484306 0.0447851 0.040483 0.0359607 0.0315214 0.0273298 0.0234449 0.0198687 0.0165883
 1.01848e-16 3.65807e-05 0.000214715 0.00102069 0.00392976 0.0122546 0.0309541 0.0633354 0.104982 0.140978 0.153386 0.135235 0.096669 0.0561413 0.0267324 0.0109017 0.00461031 0.00312503 0.00356254 0.00469675 0.00609538 0.00757128 0.00898332 0.0102013 0.0111201 0.0116775 0.0118632 0.0117123 0.011289 0.0106664 0.00990939 0.00906637 0.00816962 0.00724115 0.00630011 0.00536768
 1.01242e-16 2.22947e-05 0.000130809 0.00062172 0.0023935 0.00746379 0.0188533 0.038579 0.0639587 0.0859243 0.0935806 0.0827298 0.0596242 0.0356106 0.018801 0.0108644 0.00950647 0.0119544 0.0164446 0.02205 0.0281286 0.0340148 0.0389835 0.0423585 0.0436625 0.0427324 0.0397591 0.0352326 0.0298161 0.0241901 0.0189178 0.0143666 0.0106938 0.00788488 0.00581784 0.00432726
 1.0326e-16 1.78037e-05 0.000104447 0.000496395 0.00191099 0.00595909 0.0150525 0.030802 0.0510674 0.0686114 0.0747401 0.0661099 0.0477249 0.0286632 0.0154284 0.00938863 0.00875344 0.011351 0.0158081 0.0214027 0.0276154 0.0338783 0.0395454 0.0439856 0.0467116 0.0474832 0.0463497 0.0436141 0.03974 0.0352333 0.0305393 0.0259831 0.0217583 0.0179512 0.0145813 0.0116376
 1.03197e-16 2.80452e-05 0.000164592 0.000782373 0.00301214 0.00939305 0.0237262 0.0485474 0.0804748 0.108082 0.117631 0.103798 0.0743878 0.043587 0.0214801 0.0100234 0.00619331 0.00641752 0.00850205 0.011462 0.0148476 0.0183294 0.0215719 0.0242493 0.0261041 0.0269979 0.026933 0.0260346 0.0245054 0.0225685 0.0204195 0.0182006 0.0159987 0.0138602 0.0118115 0.00987539
 1.03459e-16 1.59043e-05 9.32871e-05 0.000443323 0.00170661 0.00532173 0.0134427 0.027509 0.0456118 0.0612936 0.0668004 0.0591624 0.0428733 0.0260764 0.0146277 0.00980438 0.0100592 0.0134828 0.0188357 0.0253992 0.0325673 0.0396345 0.0458026 0.0503126 0.0526107 0.0524758 0.0500661 0.0458615 0.040532 0.0347727 0.0291641 0.0240908 0.0197308 0.0160963 0.0131007 0.0106224
 1.09153e-16 2.6924e-07 1.49084e-06 6.90172e-06 2.62624e-05 8.16092e-05 0.000206731 0.00042753 0.000726006 0.00102751 0.00125666 0.00143819 0.00174984 0.00247797 0.00393417 0.00640888 0.0101601 0.0153852 0.0221528 0.0303196 0.0394762 0.0489571 0.0579291 0.0655414 0.0710966 0.0741863 0.0747507 0.0730418 0.0695177 0.0647061 0.0590901 0.0530455 0.0468344 0.0406355 0.0345871 0.0288165
pSPR Fmed_Fpbrs
0.471557   0.255602 0.255602
Fs Fmed_Fpbrs
0.44555   1.005 1.005
SSBpbr Bo_Bmed_Bpbrs
845666  356496  173871 173871
Ro
18033.7
SPR SPRFo_SPRFmed_SPRFpbrs
370373 174652 94668.1
log_Ro
9.62
likeval ReclasPelacesDesembMPH_pf_preclas_ppelaces_ptallas_desvR_qrecl_qpela
 106.221 139.445 0.121123 0.00054133 416.556 220.23 95.0877 0 90.8972 0 0 0 0 0 0
q_reclas_q_pelaces
1 1
M
0.7
N
 1634.92 10721.4 5324.11 2643.87 2608.01
 84161.8 647.705 3388.61 1682.74 1659.91
 480.168 33976.6 212.576 1112.14 1097.05
 1928.75 160.101 7606.57 47.5907 494.585
 43885 797.939 55.1807 2621.69 186.867
 21416.5 21024.3 368.795 25.5037 1298.07
 54087.4 7020.03 4548.89 79.7939 286.374
 47018.9 20836.2 2097.93 1359.44 109.429
 125309 14574.5 4031.49 405.917 284.202
 210655 44178.2 3647.93 1009.07 172.734
 61998.1 90553.2 16439 1357.42 439.756
 16496.5 24192.1 27765.1 5040.46 551.043
 54715.8 6417.73 7373.23 8462.2 1704.17
 28094.1 18358.7 1454.93 1671.55 2304.77
 20040.3 7033.27 2317.03 183.626 501.847
 13798.2 5565.34 1092.29 359.843 106.457
 10651.2 5254.91 1625.49 319.03 136.194
 9568.36 4176.78 1627.26 503.356 140.967
 4953.91 3908.5 1403.44 546.775 216.499
 33640.8 1939.84 1206.85 433.347 235.68
 29540.3 13710.1 648.82 403.655 223.77
 25527.6 13697.7 5936.27 280.929 271.665
 63087.9 11448.1 5547.51 2404.16 223.798
 35511.2 27361.5 4336.37 2101.32 995.434
 251.689 15359.6 10308 1633.66 1166.65
pred_Ctot
 240.869 2876.43 1428.39 709.32 699.697
 11456.5 161.743 846.193 420.207 414.506
 116.078 14036.6 87.8201 459.45 453.217
 233.949 35.9711 1709.02 10.6926 111.122
 1115.12 39.919 2.76056 131.157 9.34852
 5361.56 8941.52 156.847 10.8466 552.063
 8850.67 2069.45 1340.98 23.5226 84.4208
 13054.4 9643.17 970.938 629.157 50.6446
 26657.5 5404.54 1494.97 150.523 105.389
 20525.2 8097.31 668.621 184.949 31.66
 9684.91 25609 4649.05 383.887 124.366
 2605.78 6910.16 7930.74 1439.74 157.399
 13052.4 2622.02 3012.39 3457.3 696.254
 10415.7 10616.4 841.36 966.625 1332.8
 6566.28 3707.97 1221.55 96.8083 264.576
 2348.49 1699.02 333.463 109.855 32.4998
 1633.13 1461.45 452.068 88.7261 37.8771
 1234.68 993.303 386.987 119.706 33.5241
 763.736 1092.35 392.235 152.813 60.5074
 4387.63 465.867 289.833 104.071 56.6001
 1412.64 1272.85 60.2365 37.4753 20.7748
 1789.74 1838.35 796.7 37.7031 36.4598
 5790.2 1983.7 961.261 416.589 38.7793
 3320.71 4825.23 764.725 370.57 175.546
 39.2331 4335.46 2909.57 461.122 329.303
F
 0.225912 0.451824 0.451824 0.451824 0.451824
 0.207069 0.414138 0.414138 0.414138 0.414138
 0.39833 0.79666 0.79666 0.79666 0.79666
 0.182596 0.365193 0.365193 0.365193 0.365193
 0.0358961 0.0717921 0.0717921 0.0717921 0.0717921
 0.415396 0.830793 0.830793 0.830793 0.830793
 0.253907 0.507815 0.507815 0.507815 0.507815
 0.471279 0.942558 0.942558 0.942558 0.942558
 0.342555 0.685111 0.685111 0.685111 0.685111
 0.144287 0.288574 0.288574 0.288574 0.288574
 0.24108 0.482159 0.482159 0.482159 0.482159
 0.244085 0.488169 0.488169 0.488169 0.488169
 0.392052 0.784103 0.784103 0.784103 0.784103
 0.684909 1.36982 1.36982 1.36982 1.36982
 0.581186 1.16237 1.16237 1.16237 1.16237
 0.265375 0.53075 0.53075 0.53075 0.53075
 0.236132 0.472265 0.472265 0.472265 0.472265
 0.195308 0.390616 0.390616 0.390616 0.390616
 0.237571 0.475143 0.475143 0.475143 0.475143
 0.197603 0.395206 0.395206 0.395206 0.395206
 0.0685273 0.137055 0.137055 0.137055 0.137055
 0.101939 0.203878 0.203878 0.203878 0.203878
 0.135392 0.270785 0.270785 0.270785 0.270785
 0.138109 0.276218 0.276218 0.276218 0.276218
 0.240506 0.481013 0.481013 0.481013 0.481013
nmprior
 10.6 11 7 0
nm_flota  nm_reclas  nm_pelaces    nm_pelaL
inf 13.0601 9.25504 18.0423
cv_recla  cv_pelaces  cv_mph
0.932246 1.33898 0.754865
 ------------------------------------------------
Talla a la edad & desviación 
 7.2 14.2025 17.0495 18.207 18.6776
 1.08 2.13037 2.55742 2.73105 2.80164
