    unsorted:	 0.002139017105 0.0008999969276 22.57295617 3.648652652 10.69131051 24.49012755 55.91088827 59.03094884 38.09795096 82.29077144 120.5148824 103.7308660 240.1477836 309.1272102 338.7415914 416.0626577 473.9623123 643.7578849 637.2501859 676.1030631 551.6581337 732.8998428 779.6772967 814.0995952 830.2851350 854.6325303 886.7128773 896.0507353 951.7077799 959.9576362 989.9657371 1002.850728 1168.673036 1251.446039 1385.859371 1486.468012 1616.441761 2106.929130 5172.472773 195442.1133 227275.3034 302389.2150 342970.9853 390955.3739 427545.0277 554321.9420 565552.5147 525865.0048 660393.9776 739597.1197 827877.3019 859776.2766 1050103.977 1184268.062 1284715.014 1487931.570 1723069.302 1781919.767 1934035.033 1992096.968 2258407.094 2369956.428 2448590.972 2567361.355 2918506.448
      sorted:	 0.0008999969276 0.002139017105 3.648652652 10.69131051 22.57295617 24.49012755 38.09795096 55.91088827 59.03094884 82.29077144 103.7308660 120.5148824 240.1477836 309.1272102 338.7415914 416.0626577 473.9623123 551.6581337 637.2501859 643.7578849 676.1030631 732.8998428 779.6772967 814.0995952 830.2851350 854.6325303 886.7128773 896.0507353 951.7077799 959.9576362 989.9657371 1002.850728 1168.673036 1251.446039 1385.859371 1486.468012 1616.441761 2106.929130 5172.472773 195442.1133 227275.3034 302389.2150 342970.9853 390955.3739 427545.0277 525865.0048 554321.9420 565552.5147 660393.9776 739597.1197 827877.3019 859776.2766 1050103.977 1184268.062 1284715.014 1487931.570 1723069.302 1781919.767 1934035.033 1992096.968 2258407.094 2369956.428 2448590.972 2567361.355 2918506.448
