years
 1997 1998 1999 2000 2001 2002 2003 2004 2005 2006 2007 2008 2009 2010 2011 2012 2013 2014 2015 2016 2017 2018 2019 2020 2021
reclasobs
 0 0 0 370054 412103 1.49427e+06 250295 1.28982e+06 931140 785840 897777 1.04006e+06 184774 17550 25797 100020 73551 82996 120727 218422 84188 347160 605670 569463 516374
reclaspred
 649397 122079 177209 120026 259051 274051 609697 471764 658483 922833 774053 510598 326673 142794 89467.4 85321.9 98578.4 120914 111100 180522 287497 255760 439578 518061 419993
pelacesobs
 0 0 0 0 0 0 0 0 0 2.06254e+06 1.5e+06 0 1.87456e+06 323000 250000 174000 83755 137374 0 501740 490994 745055 786931 1.00524e+06 1.33801e+06
pelacespred
 695481 183076 105849 135900 267430 222892 648483 525584 719702 1.00228e+06 766396 526094 339936 119621 73791.3 76025.8 92018.5 115590 108140 170584 307959 267293 362105 504933 416417
mphobs
 0 0 0 0 0 112323 0 153150 637223 0 255016 313432 73983 77613 109348 50772 0 0 0 0 0 0 0 0 0
mphpred
 278153 118006 82757.4 45689.8 67165.8 142882 179536 221176 223588 306366 435826 314903 186063 101814 44061.3 34507.3 39812.1 49936.4 55534 57070.1 103001 130139 156172 221046 255926
desembarqueobs
 350755 77701 442110 56441 14545 235359 269955 359681 431902 328805 639364 411747 362871 311530 167758 66681 60226 58785 57116 73181 50977 67692 138656 160484 209506
desembarquepred
 350734 77670.2 441618 56426.4 14544.6 235319 269929 359381 431644 328642 638907 411563 362572 311308 167526 66652.4 60221.7 58761.3 57088.2 73141.4 50969 67665.9 138612 160440 209450
Reclutas
 19052.5 36331 6706.42 27683.9 58138.9 27662 61418.7 76315.4 116173 189531 62654.6 32441.5 48809.4 22146.5 14965.7 16441.9 11610.5 11746.3 10952.8 29894.6 34521.3 39251.4 69796.6 65148.9 5803.1
log_desv_Rt
 -0.485045 0.160426 -1.52918 -0.111395 0.630591 -0.112185 0.68547 0.90263 1.32284 1.81231 0.705392 0.0471932 0.455678 -0.334566 -0.726483 -0.632411 -0.980331 -0.968705 -1.03865 -0.0345672 0.109332 0.237743 0.81334 0.744431 -1.67385
SSB
 816641 346460 242971 134143 197195 419495 527108 649360 656442 899474 1.27956e+06 924537 546271 298920 129362 101311 116886 146610 163045 167555 302407 382081 458512 648980 751384
BT
 1.48035e+06 478015 421047 304041 490688 582425 1.35046e+06 1.3364e+06 1.6808e+06 2.10209e+06 1.92971e+06 1.313e+06 965684 512007 272326 190996 213595 254307 243198 365354 592011 542617 744324 1.03521e+06 918703
Ftot
 0.333609 0.529146 1.3504 0.539434 0.0681965 0.53378 0.415446 0.761958 0.730212 0.396169 0.529796 0.484483 0.839535 1.43524 1.5587 0.669883 0.500409 0.378204 0.356463 0.417616 0.150741 0.190284 0.239073 0.230504 0.266414
BD_Bspro_t
 0.951607 0.710804 0.53231 0.24572 0.454964 0.688943 0.590328 0.601914 0.568406 0.596577 0.647287 0.493587 0.37099 0.276379 0.160494 0.158508 0.236076 0.356638 0.438483 0.50441 0.668946 0.767356 0.767819 0.772567 0.750102
BD_Bspro
 1.28491 0.545124 0.382293 0.211061 0.310268 0.660036 0.829356 1.02171 1.03285 1.41524 2.01327 1.45467 0.859508 0.470323 0.203539 0.159404 0.183909 0.230678 0.256536 0.263632 0.475809 0.60117 0.721426 1.02111 1.18223
BD_Bo
 0.896312 0.380261 0.266676 0.14723 0.216433 0.460421 0.578533 0.712712 0.720484 0.987228 1.4044 1.01474 0.599566 0.328083 0.141982 0.111195 0.12829 0.160914 0.178952 0.183901 0.331909 0.419357 0.503245 0.712295 0.824689
BD_Brms
 2.98395 1.26594 0.887802 0.490149 0.720538 1.53281 1.92602 2.37272 2.3986 3.28662 4.67543 3.3782 1.99604 1.09224 0.472679 0.370185 0.427094 0.535705 0.595756 0.612234 1.10497 1.3961 1.67537 2.37133 2.74551
S_f
 0.14536 1 1 1 1
 0.14536 1 1 1 1
 0.14536 1 1 1 1
 0.14536 1 1 1 1
 0.14536 1 1 1 1
 0.14536 1 1 1 1
 0.14536 1 1 1 1
 0.14536 1 1 1 1
 0.14536 1 1 1 1
 0.14536 1 1 1 1
 0.14536 1 1 1 1
 0.14536 1 1 1 1
 0.14536 1 1 1 1
 0.14536 1 1 1 1
 0.14536 1 1 1 1
 0.14536 1 1 1 1
 0.14536 1 1 1 1
 0.14536 1 1 1 1
 0.14536 1 1 1 1
 0.14536 1 1 1 1
 0.14536 1 1 1 1
 0.14536 1 1 1 1
 0.14536 1 1 1 1
 0.14536 1 1 1 1
 0.14536 1 1 1 1
Scru_reclas
 1 1 1 1 1
 1 1 1 1 1
 1 1 1 1 1
 1 1 1 1 1
 1 1 1 1 1
 1 1 1 1 1
 1 1 1 1 1
 1 1 1 1 1
 1 1 1 1 1
 1 1 1 1 1
 1 1 1 1 1
 1 1 1 1 1
 1 1 1 1 1
 1 1 1 1 1
 1 1 1 1 1
 1 1 1 1 1
 1 1 1 1 1
 1 1 1 1 1
 1 1 1 1 1
 1 1 1 1 1
 1 1 1 1 1
 1 1 1 1 1
 1 1 1 1 1
 1 1 1 1 1
 1 1 1 1 1
Scru_pelaces
 1 1 1 1 1
 1 1 1 1 1
 1 1 1 1 1
 1 1 1 1 1
 1 1 1 1 1
 1 1 1 1 1
 1 1 1 1 1
 1 1 1 1 1
 1 1 1 1 1
 1 1 1 1 1
 1 1 1 1 1
 1 1 1 1 1
 1 1 1 1 1
 1 1 1 1 1
 1 1 1 1 1
 1 1 1 1 1
 1 1 1 1 1
 1 1 1 1 1
 1 1 1 1 1
 1 1 1 1 1
 1 1 1 1 1
 1 1 1 1 1
 1 1 1 1 1
 1 1 1 1 1
 1 1 1 1 1
pf_obs 
 0.256992 0.487395 0.22802 0.0275931 0
 0.321318 0.546541 0.124235 0.00734118 0.000564706
 0.182869 0.594174 0.210203 0.0122559 0.00049798
 0.330522 0.361315 0.267642 0.0388342 0.00168674
 0.649043 0.306663 0.0425973 0.00169635 0
 0.582887 0.30429 0.105238 0.00758474 0
 0.465427 0.430635 0.0974691 0.00646863 0
 0.296916 0.608066 0.0921331 0.00288517 0
 0.311714 0.524322 0.152257 0.0117073 0
 0.15457 0.633149 0.183074 0.0267441 0.00246327
 0.131901 0.49318 0.331252 0.0422183 0.00144891
 0.196976 0.569456 0.194076 0.0375587 0.00193317
 0.518974 0.381816 0.0799577 0.0180837 0.00116848
 0.0928022 0.601141 0.25162 0.0475244 0.00691264
 0.122501 0.610282 0.24278 0.0234846 0.000952079
 0.383417 0.481906 0.127806 0.00687128 0
 0.0376549 0.599619 0.316969 0.0457579 0
 0.0361596 0.667082 0.258105 0.0386534 0
 0.158088 0.579412 0.248529 0.0139706 0
 0.0477256 0.309471 0.559284 0.082774 0.000745712
 0.0406174 0.521527 0.379366 0.0568643 0.0016247
 0.151134 0.462217 0.34131 0.0453401 0
 0.294876 0.26143 0.354403 0.0886775 0.000613685
 0.281977 0.475581 0.204845 0.0348837 0.00271318
 0.0354234 0.537034 0.353287 0.0723622 0.0018943
pf_pred 
 0.0912006 0.607356 0.26605 0.0353869 5.93046e-06
 0.240919 0.340383 0.279818 0.122573 0.016306
 0.0628606 0.693156 0.109406 0.089939 0.0446385
 0.463636 0.260118 0.204326 0.0322501 0.0396702
 0.376721 0.552283 0.034431 0.0270459 0.00951987
 0.121305 0.712787 0.14701 0.00916507 0.00973332
 0.31111 0.381173 0.249616 0.0514826 0.00661817
 0.285251 0.566252 0.0821656 0.0538073 0.0125242
 0.339916 0.529074 0.103791 0.0150605 0.0121582
 0.33901 0.553043 0.0865222 0.0169735 0.00445122
 0.0912645 0.736897 0.143775 0.0224933 0.0055698
 0.0844391 0.433506 0.3909 0.076268 0.0148865
 0.219936 0.348311 0.20443 0.184338 0.042986
 0.151573 0.634968 0.0953129 0.0559408 0.0622055
 0.225089 0.561686 0.159579 0.0239539 0.0296924
 0.295499 0.578798 0.0911145 0.0258863 0.00870229
 0.179327 0.65789 0.133738 0.0210531 0.0079921
 0.193897 0.530714 0.220765 0.0448779 0.00974656
 0.179392 0.546426 0.180513 0.0750895 0.0185796
 0.385745 0.394207 0.146526 0.0484051 0.0251176
 0.242234 0.637644 0.0770897 0.028654 0.0143778
 0.204179 0.559332 0.199001 0.0240588 0.0134297
 0.278134 0.475948 0.172839 0.0614934 0.0115843
 0.187357 0.608328 0.134711 0.0489201 0.0206838
 0.0186607 0.627582 0.264816 0.0586422 0.0302998
pobs_RECLAS
 0 0 0 0 0
 0 0 0 0 0
 0 0 0 0 0
 0 0 0 0 0
 0.835266 0.146461 0.0176864 0.000547809 3.91292e-05
 0.385257 0.428462 0.181853 0.0044286 0
 0.867414 0.0963971 0.0333333 0.00285562 0
 0.441836 0.489002 0.0689373 0.000224442 0
 0.779404 0.147425 0.0564933 0.0165055 0.000172143
 0.814271 0.122319 0.05973 0.00367925 0
 0.40263 0.566651 0.0304383 0.000280538 0
 0.475488 0.404961 0.113038 0.00651328 0
 0.955842 0.0263864 0.0167828 0.000988607 0
 0.975058 0.0227948 0.00214734 0 0
 0.738997 0.206755 0.0527124 0.00153531 0
 0.850938 0.134255 0.0134407 0.00136685 0
 0.542534 0.407297 0.0501686 0 0
 0.764087 0.199537 0.0359546 0.000420521 0
 0.470689 0.182191 0.310203 0.0369168 0
 0.84361 0.089868 0.0606195 0.00523954 0.000663233
 0.607945 0.314616 0.071237 0.00620181 0
 0.523733 0.453247 0.0230204 0 0
 0.530135 0.295979 0.169645 0.0042399 0
 0.562478 0.366248 0.0663022 0.0049721 0
 0.250443 0.683176 0.0655157 0.000865301 0
ppred_RECLAS
 0.413471 0.391981 0.171706 0.0228383 3.82745e-06
 0.693821 0.137295 0.112866 0.0494407 0.00657712
 0.345878 0.483822 0.076365 0.0627773 0.0311576
 0.860676 0.0675675 0.053075 0.00837719 0.0103046
 0.806684 0.171296 0.0106791 0.00838856 0.00295268
 0.496494 0.408438 0.084239 0.00525172 0.00557734
 0.761504 0.131963 0.0864179 0.0178234 0.00229123
 0.744646 0.202302 0.0293548 0.0192234 0.00447445
 0.789475 0.168741 0.0331028 0.00480336 0.00387771
 0.783572 0.181083 0.02833 0.00555763 0.00145747
 0.417622 0.472253 0.0921406 0.0144152 0.0035695
 0.396089 0.285944 0.257841 0.050307 0.00981928
 0.675108 0.145069 0.0851438 0.0767756 0.0179034
 0.587899 0.308419 0.0462957 0.0271717 0.0302147
 0.702863 0.215377 0.0611901 0.00918504 0.0113854
 0.752197 0.203588 0.0320488 0.00910532 0.00306096
 0.608783 0.313617 0.0637532 0.010036 0.00380985
 0.629015 0.244245 0.101601 0.0206537 0.00448557
 0.606042 0.262328 0.0866608 0.036049 0.00891969
 0.816201 0.117955 0.0438436 0.0144839 0.00751573
 0.689209 0.261524 0.0316176 0.0117522 0.00589694
 0.640838 0.252432 0.0898111 0.010858 0.00606096
 0.728868 0.178766 0.0649182 0.0230968 0.00435106
 0.61651 0.287072 0.0635709 0.0230856 0.00976075
 0.117328 0.564482 0.23819 0.0527461 0.0272533
pobs_PELACES
 0 0 0 0 0
 0 0 0 0 0
 0 0 0 0 0
 0 0 0 0 0
 0 0 0 0 0
 0 0 0 0 0
 0 0 0 0 0
 0 0 0 0 0
 0 0 0 0 0
 0 0 0 0 0
 0.450072 0.473896 0.0757376 0.000293798 0
 0 0 0 0 0
 0.463077 0.371075 0.160297 0.00555027 0
 0.529543 0.364841 0.0842815 0.0213345 0
 0.631943 0.363953 0.00410389 0 0
 0.735681 0.248677 0.0153453 0.000297389 0
 0.695825 0.281241 0.0229344 0 0
 0.275771 0.60734 0.115278 0.00161068 0
 0 0 0 0 0
 0.896147 0.0623911 0.0374545 0.00400742 0
 0.803859 0.145111 0.0509908 3.86294e-05 0
 0.739449 0.233085 0.0266225 0.000797448 4.60066e-05
 0.878498 0.100942 0.0204185 0.000141795 0
 0.694673 0.275183 0.0284847 0.00165964 0
 0.469039 0.446079 0.0841089 0.000773354 0
ppred_PELACES
 0.436459 0.376618 0.164976 0.0219432 3.67744e-06
 0.724577 0.123504 0.101529 0.0444743 0.00591644
 0.43626 0.416971 0.0658134 0.0541031 0.0268525
 0.877938 0.0591957 0.0464988 0.00733923 0.00902783
 0.809666 0.168654 0.0105144 0.00825918 0.00290714
 0.534077 0.377951 0.0779512 0.00485973 0.00516104
 0.782128 0.120551 0.0789448 0.0162821 0.00209309
 0.783326 0.171658 0.0249083 0.0163116 0.00379668
 0.82167 0.142936 0.0280404 0.00406879 0.00328469
 0.80192 0.165732 0.0259283 0.00508648 0.00133391
 0.454347 0.442473 0.0863303 0.0135062 0.00334441
 0.429192 0.27027 0.243707 0.0475494 0.00928104
 0.724751 0.122903 0.0721338 0.0650443 0.0151678
 0.681369 0.238466 0.0357953 0.0210089 0.0233616
 0.785931 0.155166 0.0440838 0.00661726 0.00820251
 0.785716 0.17605 0.0277138 0.0078737 0.00264693
 0.641834 0.287123 0.0583673 0.00918818 0.00348799
 0.653545 0.228096 0.0948827 0.0192881 0.00418897
 0.629772 0.246527 0.0814408 0.0338776 0.00838241
 0.833217 0.107035 0.0397847 0.013143 0.00681994
 0.698242 0.253923 0.0306987 0.0114106 0.00572556
 0.653094 0.243818 0.0867463 0.0104874 0.00585413
 0.741986 0.170117 0.0617775 0.0219794 0.00414055
 0.631759 0.275657 0.0610431 0.0221676 0.00937263
 0.125336 0.559361 0.236029 0.0522676 0.0270061
pobs_pel_tallas
 0 0 0 0 0 0 0 0 0 0 0 0 0 0 0 0 0 0 0 0 0 0 0 0 0 0 0 0 0 0 0 0 0 0 0 0
 0 0 0 0 0 0 0 0 0 0 0 0 0 0 0 0 0 0 0 0 0 0 0 0 0 0 0 0 0 0 0 0 0 0 0 0
 0 0 0 0 0 0 0 0 0 0 0 0 0 0 0 0 0 0 0 0 0 0 0 0 0 0 0 0 0 0 0 0 0 0 0 0
 0 0 0 0 0 0 0 0 0 0 0 0 0 0 0 0 0 0 0 0 0 0 0 0 0 0 0 0 0 0 0 0 0 0 0 0
 0 0 0 0 0 0 0 0 0 0 0 0 0 0 0 0 0 0 0 0 0 0 0 0 0 0 0 0 0 0 0 0 0 0 0 0
 0 0 0 0 0 0 0 0 0 0 0 0 0 0 0 0 0 0 0 0 0 0 0 0 0 0 0 0 0 0 0 0 0 0 0 0
 0 0 0 0 0 0 0 0 0 0 0 0 0 0 0 0 0 0 0 0 0 0 0 0 0 0 0 0 0 0 0 0 0 0 0 0
 0 0 0 0 0 0 0 0 0 0 0 0 0 0 0 0 0 0 0 0 0 0 0 0 0 0 0 0 0 0 0 0 0 0 0 0
 0 0 0 0 0 0 0 0 0 0 0 0 0 0 0 0 0 0 0 0 0 0 0 0 0 0 0 0 0 0 0 0 0 0 0 0
 0 0 0 0 0 0 0 0 0 0 0 0 0 0 0 0 0 0 0 0 0 0 0 0 0 0 0 0 0 0 0 0 0 0 0 0
 0 0 0 0 0 0 0 0 1.78061e-05 0.00172719 0.00360574 0.0105946 0.0120993 0.0124554 0.0147524 0.0171206 0.0266825 0.0428682 0.0675386 0.121331 0.153587 0.119568 0.100827 0.0573624 0.0630603 0.0341343 0.0324427 0.0444173 0.0211091 0.0280891 0.0125444 0.00206551 0 0 0 0
 0 0 0 0 0 0 0 0 0 0 0 0 0 0 0 0 0 0 0 0 0 0 0 0 0 0 0 0 0 0 0 0 0 0 0 0
 0 0 0 0 0 0 0.0133647 0.0140871 0.0187388 0.0205184 0.03894 0.0496705 0.03968 0.0493445 0.0407372 0.0367815 0.0215668 0.0243155 0.0234873 0.0199281 0.019796 0.0243948 0.0301388 0.0376714 0.0412746 0.0863199 0.0771752 0.113111 0.0741005 0.0525337 0.0229764 0.00759418 0.00175318 0 0 0
 0 0 0 0 0 0 0 0 0 0 0.00219441 0.00772107 0.0458388 0.0604681 0.0671733 0.0775358 0.0609151 0.0617685 0.073594 0.0568108 0.0755445 0.0548602 0.0670107 0.0636378 0.0643287 0.046367 0.0373049 0.0286899 0.0247887 0.0153202 0.00654259 0.00121912 0.000365735 0 0 0
 0 0 0 0 0 0 0 0 0 0 0 0 0.000112435 0.00938835 0.0111873 0.0202946 0.0414886 0.0713402 0.111592 0.104902 0.108894 0.110636 0.117776 0.105296 0.107544 0.0401394 0.0192827 0.0124803 0.00416011 0.0028671 0.000618394 0 0 0 0 0
 0 0 0 0 0 0 0 0 0 0 0.00291406 0.0102884 0.027416 0.0768956 0.0749926 0.110853 0.0956884 0.0897413 0.0766577 0.0534642 0.0500743 0.0551293 0.0594112 0.0620874 0.0668451 0.0424026 0.0208742 0.0120726 0.0048766 0.00582813 0.00118941 0.000297354 0 0 0 0
 0 0.00264628 0.0354308 0.0461629 0.0458689 0.0383711 0.0214643 0.0164657 0.0346957 0.0420465 0.0363128 0.0245516 0.0311673 0.0291091 0.0169068 0.0133784 0.00837989 0.0085269 0.0148486 0.0160247 0.0276389 0.0546898 0.0760071 0.122758 0.109233 0.0665981 0.0333725 0.0166128 0.00676272 0.00308733 0.000882094 0 0 0 0 0
 0 0 0 0 0 0 0 0.000805153 0.000690131 0.00759144 0.0133425 0.0154129 0.00931677 0.000345066 0.00356568 0.00563607 0.00851162 0.0253048 0.0502646 0.0516448 0.0657925 0.0565908 0.0611916 0.0827007 0.0866115 0.110766 0.145733 0.0935128 0.0569358 0.0249597 0.0138026 0.00621118 0.00161031 0.00115022 0 0
 0 0 0 0 0 0 0 0 0 0 0 0 0 0 0 0 0 0 0 0 0 0 0 0 0 0 0 0 0 0 0 0 0 0 0 0
 0.00147267 0.00158595 0.00478618 0.00569244 0.00954404 0.0108468 0.00647125 0.017049 0.0510054 0.094081 0.124002 0.0959785 0.0687766 0.0820023 0.061753 0.0591476 0.0492212 0.0479892 0.0443925 0.0268479 0.0217502 0.0140895 0.0121071 0.0120363 0.00920419 0.00665534 0.0049561 0.00860946 0.00930331 0.0156896 0.0114698 0.00855282 0.00243557 0.00046729 0 2.83206e-05
 0 0 0 0 0.000772559 0.00158375 0.000888443 0.00281984 0.00712685 0.0440552 0.0773331 0.111326 0.0921469 0.0852325 0.0710754 0.0886704 0.0786465 0.0553345 0.0373146 0.0185414 0.00753245 0.00457741 0.012979 0.0271748 0.0457355 0.0583668 0.034881 0.0177882 0.00938659 0.00492506 0.0015258 0.00185414 0.000309023 5.79419e-05 3.86279e-05 0
 0 0.00173294 0.00326652 0 0.00397197 0.00683976 0.00946217 0.0152591 0.00757587 0.0136028 0.0228656 0.0392903 0.0559909 0.0764795 0.0681675 0.0726916 0.0566044 0.0477403 0.0527397 0.0444891 0.0609904 0.0582453 0.0661739 0.0445044 0.0529084 0.0360697 0.0280645 0.0235558 0.0158879 0.00826598 0.00280645 0.00217768 0.000904811 0.00058276 9.20147e-05 0
 0 0 0 0 0 0 0 0 0 0 0 0 0 0 0 0 0 0 0 0 0 0 0 0 0 0 0 0 0 0 0 0 0 0 0 0
 0 0 0 0 0 0 0 0 0 0 0 0 0 0 0 0 0 0 0 0 0 0 0 0 0 0 0 0 0 0 0 0 0 0 0 0
 0 0 0 0 0 0 0 0 0 0 0 0 0 0 0 0 0 0 0 0 0 0 0 0 0 0 0 0 0 0 0 0 0 0 0 0
ppred_pel_tallas
 1.03219e-16 1.90599e-05 0.000111824 0.000531475 0.00204606 0.00638031 0.0161165 0.0329787 0.0546746 0.0734528 0.0800007 0.0707316 0.0509928 0.0304887 0.0161619 0.00945176 0.00841635 0.0107119 0.0148649 0.0201223 0.0259752 0.0318875 0.0372541 0.0414836 0.0441179 0.0449287 0.0439572 0.0414809 0.0379267 0.0337614 0.0293963 0.0251324 0.0211501 0.0175326 0.014303 0.011458
 1.03287e-16 3.16128e-05 0.000185544 0.000882 0.00339576 0.0105894 0.0267479 0.0547294 0.090719 0.12183 0.132567 0.116914 0.0836486 0.0487333 0.0234953 0.0100901 0.00506042 0.00434485 0.00546821 0.00736646 0.00963479 0.0120534 0.0144223 0.0165436 0.0182489 0.0194272 0.020039 0.0201093 0.0197069 0.0189176 0.0178232 0.0164914 0.0149775 0.0133318 0.011608 0.00986619
 1.04184e-16 1.90526e-05 0.000111778 0.000531249 0.00204518 0.00637757 0.0161096 0.0329649 0.0546526 0.0734261 0.0799792 0.0707304 0.0510305 0.0305877 0.0163516 0.00977157 0.00891378 0.0114348 0.0158474 0.0213673 0.0274377 0.0334636 0.0387836 0.042769 0.0449585 0.0451635 0.043505 0.0403658 0.0362817 0.0318061 0.0273962 0.0233491 0.0197963 0.0167401 0.0141112 0.0118205
 1.01354e-16 3.82973e-05 0.000224795 0.00106862 0.0041143 0.0128301 0.0324077 0.0663094 0.109911 0.147594 0.160578 0.141559 0.101155 0.0586758 0.0278059 0.0111075 0.00433831 0.00253268 0.0026686 0.00347021 0.00450585 0.00561259 0.00668299 0.00762056 0.00834584 0.00880918 0.00899716 0.00892907 0.00864614 0.00819772 0.00762994 0.00697983 0.00627526 0.00553834 0.00478967 0.00405076
 1.00624e-16 3.53247e-05 0.000207333 0.000985577 0.00379454 0.011833 0.0298891 0.0611569 0.101374 0.13614 0.148142 0.130658 0.0934999 0.0545073 0.0263402 0.0114073 0.00583924 0.00508156 0.00633774 0.00837138 0.0106681 0.0129139 0.0148243 0.0161429 0.0166888 0.0163982 0.01534 0.0136944 0.0117066 0.00962845 0.0076683 0.00596216 0.00456862 0.00348337 0.00266313 0.00204947
 1.01638e-16 2.33164e-05 0.000136814 0.000650279 0.00250349 0.00780678 0.0197196 0.040351 0.0668939 0.08986 0.097847 0.0864543 0.0622058 0.0369474 0.019134 0.0104775 0.00854743 0.0104273 0.0142847 0.0192018 0.0246031 0.0299238 0.0345502 0.0379012 0.0395508 0.0393261 0.0373433 0.0339663 0.0297086 0.0251088 0.0206242 0.0165675 0.0130947 0.0102336 0.00793009 0.00609527
 1.01818e-16 3.41222e-05 0.000200277 0.000952042 0.00366544 0.0114304 0.0288721 0.0590757 0.0979229 0.131503 0.143088 0.126182 0.0902561 0.0525351 0.0252377 0.0106797 0.00511626 0.00415003 0.0050969 0.00679976 0.00881912 0.0109227 0.0129074 0.0145795 0.0157822 0.0164247 0.0164955 0.0160539 0.0152062 0.0140748 0.0127719 0.011385 0.00997544 0.00858442 0.00724277 0.00597761
 1.01148e-16 3.41763e-05 0.00020059 0.000953522 0.00367112 0.0114481 0.0289169 0.0591677 0.0980767 0.131713 0.143327 0.126418 0.0904793 0.0527737 0.0255542 0.0111568 0.00584437 0.00521697 0.00657364 0.00871975 0.0111549 0.0135679 0.0156721 0.0172055 0.0179784 0.017916 0.0170736 0.0156173 0.0137783 0.0117959 0.00986987 0.00813206 0.00664295 0.00540586 0.00439004 0.00355265
 1.00739e-16 3.58472e-05 0.000210402 0.00100018 0.00385076 0.0120083 0.0303319 0.0620626 0.102874 0.138153 0.150326 0.13257 0.0948356 0.0552211 0.0265643 0.011299 0.00548883 0.00450673 0.00551844 0.00728536 0.00931533 0.0113305 0.0130875 0.0143655 0.0150039 0.0149376 0.0142105 0.0129597 0.0113783 0.00966815 0.00799996 0.00648951 0.00519359 0.00412086 0.00325001 0.00254742
 1.0066e-16 3.49869e-05 0.00020535 0.000976149 0.00375825 0.0117198 0.0296032 0.0605718 0.100404 0.134838 0.146724 0.129408 0.0926061 0.0539873 0.0260913 0.0113045 0.0057958 0.00505647 0.00631951 0.00836385 0.0106838 0.0129716 0.0149471 0.0163555 0.0170129 0.0168479 0.0159171 0.0143861 0.0124857 0.010456 0.00849927 0.00675166 0.00527822 0.00408571 0.00314426 0.00240866
 1.0199e-16 1.98424e-05 0.000116413 0.000553275 0.00212998 0.00664199 0.0167775 0.0343317 0.0569189 0.0764715 0.0832978 0.0736687 0.0531581 0.0318781 0.0170684 0.0102401 0.00937968 0.0120446 0.0166799 0.022457 0.0287778 0.0349995 0.0404075 0.0443231 0.0462495 0.0459857 0.0436694 0.0397279 0.0347623 0.0294023 0.0241814 0.0194625 0.0154253 0.0120987 0.00941751 0.00727612
 1.05616e-16 1.87389e-05 0.000109949 0.00052258 0.00201185 0.00627365 0.0158469 0.0324265 0.0537564 0.0722114 0.0786278 0.0694686 0.0499754 0.0296675 0.0153416 0.00838021 0.00684656 0.00842746 0.0116992 0.0159925 0.0209279 0.0261372 0.0311956 0.0356638 0.0391659 0.0414553 0.042448 0.0422094 0.0409097 0.0387649 0.0359875 0.0327605 0.0292358 0.0255453 0.0218155 0.0181731
 1.04008e-16 3.16202e-05 0.000185588 0.000882211 0.00339657 0.0105919 0.0267543 0.0547425 0.0907407 0.121859 0.132598 0.11694 0.0836641 0.048736 0.0234844 0.0100637 0.00501362 0.0042695 0.00535343 0.00719976 0.00940384 0.0117486 0.0140398 0.0160889 0.0177395 0.0188946 0.0195278 0.019674 0.0194058 0.0188051 0.0179409 0.0168608 0.0155956 0.0141703 0.0126168 0.0109811
 1.024e-16 2.97332e-05 0.000174499 0.000829469 0.00319346 0.00995849 0.0251544 0.05147 0.0853196 0.114589 0.124715 0.110054 0.0788805 0.0462377 0.0228181 0.0106953 0.0066598 0.00691472 0.00911621 0.0121932 0.0156347 0.0190546 0.022066 0.0243087 0.0255202 0.025595 0.0246058 0.0227754 0.0204142 0.017842 0.0153225 0.0130262 0.0110268 0.00932262 0.00786963 0.00661221
 1.01288e-16 3.42893e-05 0.000201255 0.000956685 0.00368331 0.0114861 0.0290129 0.059364 0.0984016 0.132148 0.143797 0.126824 0.0907512 0.0528953 0.0255442 0.0110362 0.00561675 0.00486936 0.00608775 0.00808448 0.0103768 0.0126779 0.0147273 0.0162845 0.0171703 0.0173051 0.0167239 0.0155601 0.0140071 0.0122696 0.0105219 0.00888421 0.00741886 0.00614182 0.0050413 0.00409496
 1.00846e-16 3.42807e-05 0.000201203 0.000956434 0.00368233 0.011483 0.0290052 0.0593484 0.0983763 0.132116 0.143766 0.126807 0.0907622 0.0529476 0.0256548 0.0112285 0.00592133 0.00532034 0.00671542 0.00890539 0.0113832 0.0138297 0.0159494 0.0174721 0.0182024 0.0180641 0.0171157 0.0155313 0.0135532 0.0114335 0.00938407 0.00754692 0.00598939 0.00471795 0.00370134 0.00289312
 1.01401e-16 2.80114e-05 0.000164386 0.000781378 0.00300828 0.009381 0.0236958 0.0484859 0.080375 0.107954 0.117509 0.10373 0.0744266 0.0437848 0.0219014 0.0107576 0.00735774 0.008144 0.010909 0.0146165 0.0187253 0.0227829 0.0263193 0.0288929 0.0301805 0.0300502 0.0285887 0.0260707 0.0228829 0.0194312 0.0160594 0.0130015 0.010374 0.00819656 0.00642867 0.00500448
 1.0228e-16 2.85197e-05 0.000167376 0.000795603 0.00306307 0.00955187 0.0241273 0.0493684 0.0818361 0.109911 0.119625 0.105565 0.0756709 0.0443717 0.0219274 0.0103319 0.00651395 0.0068409 0.00907569 0.0122028 0.0157423 0.0193303 0.0225946 0.0251781 0.0268054 0.0273399 0.0268073 0.025375 0.0232991 0.0208577 0.018294 0.0157833 0.0134278 0.0112724 0.0093274 0.00759003
 1.02793e-16 2.74838e-05 0.000161292 0.000766679 0.0029517 0.00920456 0.0232501 0.0475736 0.0788618 0.105919 0.115286 0.101752 0.0729699 0.0428538 0.0212999 0.0102411 0.00672915 0.0072715 0.00971272 0.0130634 0.0168379 0.020651 0.0241045 0.0268182 0.0285024 0.0290198 0.0284092 0.0268612 0.024659 0.0221045 0.0194554 0.0168905 0.0145053 0.0123315 0.0103645 0.00858948
 1.01371e-16 3.63492e-05 0.000213353 0.00101421 0.00390481 0.0121768 0.0307576 0.0629335 0.104317 0.140087 0.152422 0.134398 0.0960996 0.055869 0.0267116 0.0110809 0.00497201 0.00368592 0.00435357 0.00574107 0.00739051 0.00907716 0.0106179 0.0118457 0.0126332 0.0129181 0.0127138 0.0120984 0.0111905 0.0101169 0.00898652 0.00787531 0.00682498 0.00585094 0.00495439 0.00413263
 1.01179e-16 3.04696e-05 0.000178821 0.000850012 0.00327255 0.0102051 0.0257774 0.0527448 0.087433 0.117428 0.127807 0.112786 0.0808476 0.0474081 0.0234274 0.0110324 0.00693519 0.0072432 0.00954903 0.0127443 0.0162891 0.0197674 0.0227615 0.0248848 0.0258593 0.0255804 0.0241396 0.0217953 0.0189038 0.0158337 0.0128927 0.0102845 0.00810185 0.00634746 0.00496824 0.0038893
 1.01945e-16 2.85007e-05 0.000167263 0.000795062 0.00306099 0.00954536 0.0241109 0.0493349 0.081781 0.109839 0.119549 0.105507 0.0756464 0.0443926 0.022003 0.0104755 0.00674601 0.00718629 0.00955763 0.0128346 0.0165195 0.0202234 0.0235476 0.0261118 0.0276275 0.0279594 0.0271501 0.0253967 0.0229922 0.0202512 0.0174462 0.0147709 0.0123333 0.0101725 0.00828545 0.00665132
 1.01882e-16 3.23737e-05 0.000190007 0.00090321 0.00347741 0.010844 0.027391 0.0560457 0.0929019 0.124765 0.135769 0.119759 0.0857289 0.0500352 0.0242896 0.0107124 0.00577307 0.00531394 0.00678618 0.00906544 0.0116808 0.0143346 0.0167457 0.0186494 0.0198438 0.0202309 0.0198339 0.0187809 0.0172646 0.0154917 0.0136403 0.0118358 0.0101475 0.00860161 0.00719977 0.00593555
 1.02157e-16 2.75716e-05 0.000161805 0.000769111 0.00296106 0.00923373 0.0233238 0.0477247 0.0791129 0.106258 0.115662 0.102097 0.0732482 0.0430787 0.0215247 0.0105348 0.00715956 0.00789791 0.0105808 0.014196 0.0182221 0.0222281 0.0257663 0.0284144 0.0298605 0.0299719 0.0288219 0.0266593 0.0238379 0.0207287 0.0176443 0.014796 0.0122876 0.0101371 0.00831148 0.00675968
 1.06591e-16 5.50103e-06 3.22047e-05 0.000152916 0.000588448 0.00183476 0.00463505 0.00948831 0.0157446 0.0211951 0.0231977 0.020779 0.0155664 0.0104831 0.00770613 0.00786787 0.0106323 0.0154956 0.0220809 0.0300286 0.0388226 0.0477298 0.0558708 0.0623766 0.0665722 0.0681189 0.0670713 0.0638269 0.0589974 0.0532463 0.047151 0.0411251 0.0354082 0.0301046 0.0252419 0.0208218
pSPR Fmed_Fpbrs
0.546392   0.350377 0.350377
Fs Fmed_Fpbrs
0.445265   1.005 1.005
SSBpbr Bo_Bmed_Bpbrs
911111  452268  273677 273677
Ro
30946
SPR SPRFo_SPRFmed_SPRFpbrs
635563 347267 222687
log_Ro
10.16
likeval ReclasPelacesDesembMPH_pf_preclas_ppelaces_ptallas_desvR_qrecl_qpela
 84.2008 66.4341 0.0396087 0.000173832 321.251 191.547 79.3933 0 25.2132 2.02969e-05 0 0 0 0 0
q_reclas_q_pelaces
0.528133 1
M
0.7
N
 19052.5 20829.8 9124.41 1213.62 0.20339
 36331 9013.34 7409.59 3245.74 431.783
 6706.42 16705.8 2636.79 2167.62 1075.83
 27683.9 2736.75 2149.74 339.309 417.376
 58138.9 12710.6 792.42 622.454 219.097
 27662 28586.1 5895.8 367.563 390.352
 61418.7 12711 8323.99 1716.8 220.697
 76315.4 28712.3 4166.28 2728.35 635.051
 116173 33923.8 6654.99 965.668 779.575
 189531 51880.2 8116.54 1592.26 417.563
 62654.6 88851.5 17335.7 2712.13 671.58
 32441.5 28807.2 25975.9 5068.13 989.235
 48809.4 15014.5 8812.24 7946.15 1852.97
 22146.5 21453.5 3220.31 1890.06 2101.72
 14965.7 8926.75 2536.16 380.694 471.894
 16441.9 5925.04 932.721 264.993 89.0836
 11610.5 7407.25 1505.77 237.039 89.9839
 11746.3 5361.12 2230.11 453.344 98.457
 10952.8 5521.03 1823.89 758.696 187.726
 29894.6 5164.34 1919.57 634.135 329.055
 34521.3 13970.8 1689.04 627.812 315.02
 39251.4 16771.2 5966.92 721.387 402.682
 69796.6 18959.9 6885.25 2449.66 461.474
 65148.9 33476.2 7413.15 2692.06 1138.22
 5803.1 31286 13201.5 2923.41 1510.49
pred_Ctot
 650.42 4331.51 1897.4 252.37 0.0422945
 1942.95 2745.1 2256.66 988.523 131.504
 869.389 9586.65 1513.13 1243.89 617.37
 1508.31 846.222 664.716 104.917 129.056
 412.669 604.983 37.7166 29.6268 10.4283
 1491.86 8766.18 1808 112.716 119.705
 2597.52 3182.48 2084.09 429.837 55.2563
 5791.17 11496 1668.13 1092.4 254.266
 8465.37 13176.2 2584.84 375.071 302.792
 7653.08 12484.8 1953.22 383.173 100.485
 3354.69 27086.8 5284.87 826.805 204.734
 1593.01 8178.44 7374.63 1438.86 280.846
 4061.12 6431.55 3774.79 3403.79 793.735
 3035.34 12715.6 1908.7 1120.25 1245.7
 2210.7 5516.58 1567.3 235.262 291.622
 1103.3 2161.06 340.194 96.6517 32.4917
 588.271 2158.17 438.72 69.0634 26.2177
 453.314 1240.77 516.131 104.921 22.7866
 398.943 1215.17 401.436 166.989 41.3184
 1270.73 1298.6 482.687 159.457 82.7428
 538.759 1418.2 171.457 63.7301 31.9781
 771.318 2112.97 751.759 90.8859 50.7329
 1717.86 2939.63 1067.52 379.805 71.5489
 1546.84 5022.43 1112.19 403.89 170.768
 158.884 5343.47 2254.74 499.303 257.984
F
 0.0484935 0.333609 0.333609 0.333609 0.333609
 0.0769168 0.529146 0.529146 0.529146 0.529146
 0.196295 1.3504 1.3504 1.3504 1.3504
 0.0784124 0.539434 0.539434 0.539434 0.539434
 0.00991307 0.0681965 0.0681965 0.0681965 0.0681965
 0.0775905 0.53378 0.53378 0.53378 0.53378
 0.0603895 0.415446 0.415446 0.415446 0.415446
 0.110759 0.761958 0.761958 0.761958 0.761958
 0.106144 0.730212 0.730212 0.730212 0.730212
 0.0575874 0.396169 0.396169 0.396169 0.396169
 0.0770114 0.529796 0.529796 0.529796 0.529796
 0.0704247 0.484483 0.484483 0.484483 0.484483
 0.122035 0.839535 0.839535 0.839535 0.839535
 0.208627 1.43524 1.43524 1.43524 1.43524
 0.226573 1.5587 1.5587 1.5587 1.5587
 0.0973745 0.669883 0.669883 0.669883 0.669883
 0.0727397 0.500409 0.500409 0.500409 0.500409
 0.0549759 0.378204 0.378204 0.378204 0.378204
 0.0518157 0.356463 0.356463 0.356463 0.356463
 0.0607048 0.417616 0.417616 0.417616 0.417616
 0.0219118 0.150741 0.150741 0.150741 0.150741
 0.0276597 0.190284 0.190284 0.190284 0.190284
 0.0347518 0.239073 0.239073 0.239073 0.239073
 0.0335061 0.230504 0.230504 0.230504 0.230504
 0.0387261 0.266414 0.266414 0.266414 0.266414
nmprior
 10.6 11 7 0
nm_flota  nm_reclas  nm_pelaces    nm_pelaL
inf 25.7836 21.3078 53.3458
cv_recla  cv_pelaces  cv_mph
0.83001 0.924204 0.427762
 ------------------------------------------------
Talla a la edad & desviación 
 7.2 14.2025 17.0495 18.207 18.6776
 1.08 2.13037 2.55742 2.73105 2.80164
