years
 1997 1998 1999 2000 2001 2002 2003 2004 2005 2006 2007 2008 2009 2010 2011 2012 2013 2014 2015 2016 2017 2018 2019 2020 2021
reclasobs
 0 0 0 370054 412103 1.49427e+06 250295 1.28982e+06 931140 785840 897777 1.04006e+06 184774 17550 25797 100020 73551 82996 120727 218422 84188 347160 605670 569463 516374
reclaspred
 1.00645e+06 152150 197273 109745 253106 259587 574274 458857 636809 982454 829881 539280 346525 150777 92956.4 87872.7 100092 120527 107236 178398 289869 255820 439883 513439 401540
pelacesobs
 0 0 0 0 0 0 0 0 0 2.06254e+06 1.5e+06 0 1.87456e+06 323000 250000 174000 83755 137374 0 501740 490994 745055 786931 1.00524e+06 1.33801e+06
pelacespred
 868103 268940 99931.7 115978 241965 190580 572315 463764 641595 986531 752943 507524 332926 115875 70650.9 72058.4 85837.9 105812 95286.4 155265 285866 245786 333006 458184 360594
mphobs
 0 0 0 0 0 112323 0 153150 637223 0 255016 313432 73983 77613 109348 50772 0 0 0 0 0 0 0 0 0
mphpred
 435812 182873 97388.3 45971.5 59990.6 136437 162371 202850 211072 296259 459611 328981 189912 105434 45159.2 34970.9 39943.8 49153.2 53465.4 53341.3 100776 128431 151893 216268 244816
desembarqueobs
 350755 77701 442110 56441 14545 235359 269955 359681 431902 328805 639364 411747 362871 311530 167758 66681 60226 58785 57116 73181 50977 67692 138656 160484 209506
desembarquepred
 350738 77672.9 441549 56421.2 14544.3 235284 269902 359287 431575 328609 638806 411486 362457 311198 167478 66643.8 60215.1 58754.5 57081.4 73130.3 50967.1 67660.9 138601 160427 209433
Reclutas
 14151.2 26540.7 3901.6 22395 55836.9 23009.8 57396.7 73819.8 108034 200569 59671.9 29364.7 50724.6 22186.5 14692.4 15892.6 10948.5 10909.9 9591 28967 32633 35896.6 66707.3 58719 3377.75
log_desv_Rt
 -0.662446 -0.0335653 -1.95086 -0.203406 0.71019 -0.176323 0.737743 0.989382 1.3702 1.98892 0.776616 0.0675473 0.614166 -0.212762 -0.624912 -0.546394 -0.919043 -0.922575 -1.05142 0.0539125 0.173078 0.268399 0.88807 0.760519 -2.09504
SSB
 1.2061e+06 506098 269521 127225 166023 377589 449359 561386 584139 819893 1.27197e+06 910451 525580 291787 124977 96781.6 110544 136031 147965 147621 278897 355431 420360 598519 677525
BT
 1.78095e+06 642442 416043 269975 445160 524240 1.21641e+06 1.22169e+06 1.54036e+06 2.07233e+06 1.90308e+06 1.27868e+06 953858 504968 266219 183837 202440 236828 220196 337927 552204 504117 692353 950853 819091
Ftot
 0.214237 0.376316 1.23267 0.593427 0.0811662 0.600836 0.5002 0.891423 0.834342 0.434522 0.531189 0.491743 0.880821 1.47994 1.62542 0.706209 0.532177 0.410973 0.396523 0.47922 0.162864 0.20525 0.262426 0.249849 0.298184
BD_Bspro_t
 0.967496 0.780666 0.559686 0.241355 0.433016 0.683965 0.559557 0.569346 0.539542 0.573956 0.644447 0.487559 0.360179 0.270439 0.155611 0.152084 0.225028 0.338407 0.41369 0.47227 0.650401 0.753313 0.751396 0.757541 0.729579
BD_Bspro
 2.13964 0.897824 0.478133 0.225699 0.294527 0.669847 0.797169 0.995905 1.03627 1.4545 2.25648 1.61515 0.932385 0.517634 0.221712 0.171692 0.196106 0.24132 0.262491 0.261882 0.494767 0.630539 0.745725 1.06178 1.20194
BD_Bo
 1.31242 0.550709 0.293278 0.13844 0.180658 0.410872 0.488969 0.61087 0.635629 0.892164 1.38409 0.990705 0.571908 0.317507 0.135994 0.105313 0.120288 0.148022 0.161007 0.160634 0.303481 0.386761 0.457414 0.651277 0.737247
BD_Brms
 4.36047 1.82971 0.974408 0.459963 0.600229 1.36511 1.62458 2.0296 2.11186 2.96419 4.59859 3.29159 1.90015 1.05491 0.451836 0.349898 0.399653 0.491797 0.534943 0.533701 1.00831 1.285 1.51974 2.16385 2.44948
S_f
 0.143457 1 1 1 1
 0.143457 1 1 1 1
 0.143457 1 1 1 1
 0.143457 1 1 1 1
 0.143457 1 1 1 1
 0.143457 1 1 1 1
 0.143457 1 1 1 1
 0.143457 1 1 1 1
 0.143457 1 1 1 1
 0.143457 1 1 1 1
 0.143457 1 1 1 1
 0.143457 1 1 1 1
 0.143457 1 1 1 1
 0.143457 1 1 1 1
 0.143457 1 1 1 1
 0.143457 1 1 1 1
 0.143457 1 1 1 1
 0.143457 1 1 1 1
 0.143457 1 1 1 1
 0.143457 1 1 1 1
 0.143457 1 1 1 1
 0.143457 1 1 1 1
 0.143457 1 1 1 1
 0.143457 1 1 1 1
 0.143457 1 1 1 1
Scru_reclas
 0.976042 1 1 1 1
 0.976042 1 1 1 1
 0.976042 1 1 1 1
 0.976042 1 1 1 1
 0.976042 1 1 1 1
 0.976042 1 1 1 1
 0.976042 1 1 1 1
 0.976042 1 1 1 1
 0.976042 1 1 1 1
 0.976042 1 1 1 1
 0.976042 1 1 1 1
 0.976042 1 1 1 1
 0.976042 1 1 1 1
 0.976042 1 1 1 1
 0.976042 1 1 1 1
 0.976042 1 1 1 1
 0.976042 1 1 1 1
 0.976042 1 1 1 1
 0.976042 1 1 1 1
 0.976042 1 1 1 1
 0.976042 1 1 1 1
 0.976042 1 1 1 1
 0.976042 1 1 1 1
 0.976042 1 1 1 1
 0.976042 1 1 1 1
Scru_pelaces
 1 1 1 1 1
 1 1 1 1 1
 1 1 1 1 1
 1 1 1 1 1
 1 1 1 1 1
 1 1 1 1 1
 1 1 1 1 1
 1 1 1 1 1
 1 1 1 1 1
 1 1 1 1 1
 1 1 1 1 1
 1 1 1 1 1
 1 1 1 1 1
 1 1 1 1 1
 1 1 1 1 1
 1 1 1 1 1
 1 1 1 1 1
 1 1 1 1 1
 1 1 1 1 1
 1 1 1 1 1
 1 1 1 1 1
 1 1 1 1 1
 1 1 1 1 1
 1 1 1 1 1
 1 1 1 1 1
pf_obs 
 0.256992 0.487395 0.22802 0.0275931 0
 0.321318 0.546541 0.124235 0.00734118 0.000564706
 0.182869 0.594174 0.210203 0.0122559 0.00049798
 0.330522 0.361315 0.267642 0.0388342 0.00168674
 0.649043 0.306663 0.0425973 0.00169635 0
 0.582887 0.30429 0.105238 0.00758474 0
 0.465427 0.430635 0.0974691 0.00646863 0
 0.296916 0.608066 0.0921331 0.00288517 0
 0.311714 0.524322 0.152257 0.0117073 0
 0.15457 0.633149 0.183074 0.0267441 0.00246327
 0.131901 0.49318 0.331252 0.0422183 0.00144891
 0.196976 0.569456 0.194076 0.0375587 0.00193317
 0.518974 0.381816 0.0799577 0.0180837 0.00116848
 0.0928022 0.601141 0.25162 0.0475244 0.00691264
 0.122501 0.610282 0.24278 0.0234846 0.000952079
 0.383417 0.481906 0.127806 0.00687128 0
 0.0376549 0.599619 0.316969 0.0457579 0
 0.0361596 0.667082 0.258105 0.0386534 0
 0.158088 0.579412 0.248529 0.0139706 0
 0.0477256 0.309471 0.559284 0.082774 0.000745712
 0.0406174 0.521527 0.379366 0.0568643 0.0016247
 0.151134 0.462217 0.34131 0.0453401 0
 0.294876 0.26143 0.354403 0.0886775 0.000613685
 0.281977 0.475581 0.204845 0.0348837 0.00271318
 0.0354234 0.537034 0.353287 0.0723622 0.0018943
pf_pred 
 0.0448478 0.624801 0.291119 0.0392289 3.6842e-06
 0.145825 0.227599 0.409867 0.190973 0.0257364
 0.0382045 0.566395 0.105356 0.189729 0.100315
 0.458094 0.187461 0.208731 0.0388263 0.106888
 0.41794 0.516903 0.0225396 0.025097 0.0175202
 0.111161 0.745583 0.12722 0.00554743 0.0104889
 0.337075 0.358585 0.255289 0.0435602 0.00549087
 0.30781 0.567377 0.0675131 0.0480648 0.00923515
 0.34751 0.541794 0.0907354 0.0107967 0.00916344
 0.375595 0.53097 0.0775834 0.0129931 0.00285824
 0.0849037 0.76748 0.125527 0.0183415 0.00374742
 0.0772648 0.422041 0.419927 0.068682 0.012086
 0.236505 0.326049 0.200079 0.199077 0.0382901
 0.151452 0.655247 0.0825487 0.0506558 0.0600964
 0.225073 0.567817 0.15993 0.0201482 0.027032
 0.295444 0.584363 0.0880695 0.0248055 0.00731774
 0.176931 0.664077 0.131868 0.0198739 0.00724899
 0.192598 0.534072 0.220531 0.0437917 0.00900715
 0.172643 0.554942 0.180194 0.0744064 0.0178142
 0.412138 0.375556 0.142402 0.0462392 0.0236645
 0.241824 0.652879 0.0672693 0.025507 0.0125211
 0.198679 0.566041 0.202604 0.0208753 0.011801
 0.285555 0.468897 0.173451 0.0620836 0.0100129
 0.180363 0.622938 0.129096 0.047754 0.0198494
 0.0120374 0.626431 0.27477 0.0569425 0.029819
pobs_RECLAS
 0 0 0 0 0
 0 0 0 0 0
 0 0 0 0 0
 0 0 0 0 0
 0.835266 0.146461 0.0176864 0.000547809 3.91292e-05
 0.385257 0.428462 0.181853 0.0044286 0
 0.867414 0.0963971 0.0333333 0.00285562 0
 0.441836 0.489002 0.0689373 0.000224442 0
 0.779404 0.147425 0.0564933 0.0165055 0.000172143
 0.814271 0.122319 0.05973 0.00367925 0
 0.40263 0.566651 0.0304383 0.000280538 0
 0.475488 0.404961 0.113038 0.00651328 0
 0.955842 0.0263864 0.0167828 0.000988607 0
 0.975058 0.0227948 0.00214734 0 0
 0.738997 0.206755 0.0527124 0.00153531 0
 0.850938 0.134255 0.0134407 0.00136685 0
 0.542534 0.407297 0.0501686 0 0
 0.764087 0.199537 0.0359546 0.000420521 0
 0.470689 0.182191 0.310203 0.0369168 0
 0.84361 0.089868 0.0606195 0.00523954 0.000663233
 0.607945 0.314616 0.071237 0.00620181 0
 0.523733 0.453247 0.0230204 0 0
 0.530135 0.295979 0.169645 0.0042399 0
 0.562478 0.366248 0.0663022 0.0049721 0
 0.250443 0.683176 0.0655157 0.000865301 0
ppred_RECLAS
 0.244403 0.494264 0.230297 0.031033 2.91448e-06
 0.543385 0.121667 0.219102 0.102088 0.0137579
 0.233411 0.45144 0.083973 0.151221 0.0799553
 0.857253 0.0493802 0.0549831 0.0102275 0.0281562
 0.830689 0.150358 0.00655636 0.00730027 0.00509631
 0.470647 0.444036 0.0757665 0.0033038 0.00624674
 0.781723 0.118069 0.0840571 0.0143428 0.00180794
 0.765322 0.192362 0.0228894 0.0162957 0.00313106
 0.795087 0.170149 0.0284952 0.00339069 0.00287776
 0.808169 0.163126 0.0238354 0.00399176 0.000878116
 0.395886 0.506663 0.0828685 0.0121084 0.00247391
 0.370807 0.28778 0.286339 0.0468328 0.00824116
 0.694084 0.130641 0.0801674 0.0797658 0.015342
 0.586734 0.319123 0.0402034 0.0246708 0.0292685
 0.702881 0.217709 0.0613197 0.00772512 0.0103645
 0.750794 0.206693 0.0311508 0.00877388 0.00258834
 0.60293 0.320369 0.0636169 0.00958772 0.00349711
 0.625106 0.247981 0.102397 0.0203334 0.00418221
 0.592983 0.273003 0.0886463 0.0366041 0.00876365
 0.831335 0.107752 0.040857 0.0132666 0.00678964
 0.686518 0.269945 0.0278138 0.0105463 0.00517708
 0.630588 0.260947 0.0934011 0.00962357 0.0054403
 0.734219 0.174435 0.0645256 0.0230958 0.00372492
 0.603109 0.301644 0.0625117 0.0231238 0.00961164
 0.0778542 0.584699 0.256466 0.053149 0.0278325
pobs_PELACES
 0 0 0 0 0
 0 0 0 0 0
 0 0 0 0 0
 0 0 0 0 0
 0 0 0 0 0
 0 0 0 0 0
 0 0 0 0 0
 0 0 0 0 0
 0 0 0 0 0
 0 0 0 0 0
 0.450072 0.473896 0.0757376 0.000293798 0
 0 0 0 0 0
 0.463077 0.371075 0.160297 0.00555027 0
 0.529543 0.364841 0.0842815 0.0213345 0
 0.631943 0.363953 0.00410389 0 0
 0.735681 0.248677 0.0153453 0.000297389 0
 0.695825 0.281241 0.0229344 0 0
 0.275771 0.60734 0.115278 0.00161068 0
 0 0 0 0 0
 0.896147 0.0623911 0.0374545 0.00400742 0
 0.803859 0.145111 0.0509908 3.86294e-05 0
 0.739449 0.233085 0.0266225 0.000797448 4.60066e-05
 0.878498 0.100942 0.0204185 0.000141795 0
 0.694673 0.275183 0.0284847 0.00165964 0
 0.469039 0.446079 0.0841089 0.000773354 0
ppred_PELACES
 0.260402 0.483799 0.22542 0.0303759 2.85277e-06
 0.575566 0.113092 0.20366 0.0948931 0.0127883
 0.306512 0.408391 0.0759654 0.136801 0.0723308
 0.879176 0.0417965 0.0465389 0.00865678 0.023832
 0.837224 0.144555 0.00630333 0.00701853 0.00489963
 0.519124 0.403372 0.0688279 0.00300125 0.00567468
 0.808667 0.103495 0.0736812 0.0125723 0.00158477
 0.811273 0.154697 0.0184076 0.013105 0.00251799
 0.834236 0.137642 0.0230512 0.00274289 0.00232796
 0.829944 0.14461 0.0211298 0.00353866 0.000778442
 0.438256 0.471128 0.0770564 0.0112592 0.0023004
 0.409626 0.270025 0.268673 0.0439434 0.0077327
 0.748853 0.107252 0.0658148 0.0654851 0.0125953
 0.688486 0.240551 0.0303048 0.0185965 0.0220622
 0.793269 0.151479 0.0426653 0.00537502 0.00721145
 0.790297 0.173929 0.0262129 0.00738308 0.00217804
 0.643907 0.287307 0.0570517 0.00859828 0.00313621
 0.657392 0.226625 0.0935786 0.0185823 0.00382203
 0.625425 0.251243 0.0815805 0.0336865 0.00806511
 0.85256 0.0941921 0.0357155 0.0115971 0.00593521
 0.701442 0.257094 0.0264896 0.0100442 0.00493061
 0.649538 0.247561 0.08861 0.00912992 0.00516124
 0.752978 0.162123 0.0599712 0.0214656 0.003462
 0.625581 0.284565 0.0589722 0.0218145 0.00906741
 0.086012 0.579526 0.254197 0.0526789 0.0275863
pobs_pel_tallas
 0 0 0 0 0 0 0 0 0 0 0 0 0 0 0 0 0 0 0 0 0 0 0 0 0 0 0 0 0 0 0 0 0 0 0 0
 0 0 0 0 0 0 0 0 0 0 0 0 0 0 0 0 0 0 0 0 0 0 0 0 0 0 0 0 0 0 0 0 0 0 0 0
 0 0 0 0 0 0 0 0 0 0 0 0 0 0 0 0 0 0 0 0 0 0 0 0 0 0 0 0 0 0 0 0 0 0 0 0
 0 0 0 0 0 0 0 0 0 0 0 0 0 0 0 0 0 0 0 0 0 0 0 0 0 0 0 0 0 0 0 0 0 0 0 0
 0 0 0 0 0 0 0 0 0 0 0 0 0 0 0 0 0 0 0 0 0 0 0 0 0 0 0 0 0 0 0 0 0 0 0 0
 0 0 0 0 0 0 0 0 0 0 0 0 0 0 0 0 0 0 0 0 0 0 0 0 0 0 0 0 0 0 0 0 0 0 0 0
 0 0 0 0 0 0 0 0 0 0 0 0 0 0 0 0 0 0 0 0 0 0 0 0 0 0 0 0 0 0 0 0 0 0 0 0
 0 0 0 0 0 0 0 0 0 0 0 0 0 0 0 0 0 0 0 0 0 0 0 0 0 0 0 0 0 0 0 0 0 0 0 0
 0 0 0 0 0 0 0 0 0 0 0 0 0 0 0 0 0 0 0 0 0 0 0 0 0 0 0 0 0 0 0 0 0 0 0 0
 0 0 0 0 0 0 0 0 0 0 0 0 0 0 0 0 0 0 0 0 0 0 0 0 0 0 0 0 0 0 0 0 0 0 0 0
 0 0 0 0 0 0 0 0 1.78061e-05 0.00172719 0.00360574 0.0105946 0.0120993 0.0124554 0.0147524 0.0171206 0.0266825 0.0428682 0.0675386 0.121331 0.153587 0.119568 0.100827 0.0573624 0.0630603 0.0341343 0.0324427 0.0444173 0.0211091 0.0280891 0.0125444 0.00206551 0 0 0 0
 0 0 0 0 0 0 0 0 0 0 0 0 0 0 0 0 0 0 0 0 0 0 0 0 0 0 0 0 0 0 0 0 0 0 0 0
 0 0 0 0 0 0 0.0133647 0.0140871 0.0187388 0.0205184 0.03894 0.0496705 0.03968 0.0493445 0.0407372 0.0367815 0.0215668 0.0243155 0.0234873 0.0199281 0.019796 0.0243948 0.0301388 0.0376714 0.0412746 0.0863199 0.0771752 0.113111 0.0741005 0.0525337 0.0229764 0.00759418 0.00175318 0 0 0
 0 0 0 0 0 0 0 0 0 0 0.00219441 0.00772107 0.0458388 0.0604681 0.0671733 0.0775358 0.0609151 0.0617685 0.073594 0.0568108 0.0755445 0.0548602 0.0670107 0.0636378 0.0643287 0.046367 0.0373049 0.0286899 0.0247887 0.0153202 0.00654259 0.00121912 0.000365735 0 0 0
 0 0 0 0 0 0 0 0 0 0 0 0 0.000112435 0.00938835 0.0111873 0.0202946 0.0414886 0.0713402 0.111592 0.104902 0.108894 0.110636 0.117776 0.105296 0.107544 0.0401394 0.0192827 0.0124803 0.00416011 0.0028671 0.000618394 0 0 0 0 0
 0 0 0 0 0 0 0 0 0 0 0.00291406 0.0102884 0.027416 0.0768956 0.0749926 0.110853 0.0956884 0.0897413 0.0766577 0.0534642 0.0500743 0.0551293 0.0594112 0.0620874 0.0668451 0.0424026 0.0208742 0.0120726 0.0048766 0.00582813 0.00118941 0.000297354 0 0 0 0
 0 0.00264628 0.0354308 0.0461629 0.0458689 0.0383711 0.0214643 0.0164657 0.0346957 0.0420465 0.0363128 0.0245516 0.0311673 0.0291091 0.0169068 0.0133784 0.00837989 0.0085269 0.0148486 0.0160247 0.0276389 0.0546898 0.0760071 0.122758 0.109233 0.0665981 0.0333725 0.0166128 0.00676272 0.00308733 0.000882094 0 0 0 0 0
 0 0 0 0 0 0 0 0.000805153 0.000690131 0.00759144 0.0133425 0.0154129 0.00931677 0.000345066 0.00356568 0.00563607 0.00851162 0.0253048 0.0502646 0.0516448 0.0657925 0.0565908 0.0611916 0.0827007 0.0866115 0.110766 0.145733 0.0935128 0.0569358 0.0249597 0.0138026 0.00621118 0.00161031 0.00115022 0 0
 0 0 0 0 0 0 0 0 0 0 0 0 0 0 0 0 0 0 0 0 0 0 0 0 0 0 0 0 0 0 0 0 0 0 0 0
 0.00147267 0.00158595 0.00478618 0.00569244 0.00954404 0.0108468 0.00647125 0.017049 0.0510054 0.094081 0.124002 0.0959785 0.0687766 0.0820023 0.061753 0.0591476 0.0492212 0.0479892 0.0443925 0.0268479 0.0217502 0.0140895 0.0121071 0.0120363 0.00920419 0.00665534 0.0049561 0.00860946 0.00930331 0.0156896 0.0114698 0.00855282 0.00243557 0.00046729 0 2.83206e-05
 0 0 0 0 0.000772559 0.00158375 0.000888443 0.00281984 0.00712685 0.0440552 0.0773331 0.111326 0.0921469 0.0852325 0.0710754 0.0886704 0.0786465 0.0553345 0.0373146 0.0185414 0.00753245 0.00457741 0.012979 0.0271748 0.0457355 0.0583668 0.034881 0.0177882 0.00938659 0.00492506 0.0015258 0.00185414 0.000309023 5.79419e-05 3.86279e-05 0
 0 0.00173294 0.00326652 0 0.00397197 0.00683976 0.00946217 0.0152591 0.00757587 0.0136028 0.0228656 0.0392903 0.0559909 0.0764795 0.0681675 0.0726916 0.0566044 0.0477403 0.0527397 0.0444891 0.0609904 0.0582453 0.0661739 0.0445044 0.0529084 0.0360697 0.0280645 0.0235558 0.0158879 0.00826598 0.00280645 0.00217768 0.000904811 0.00058276 9.20147e-05 0
 0 0 0 0 0 0 0 0 0 0 0 0 0 0 0 0 0 0 0 0 0 0 0 0 0 0 0 0 0 0 0 0 0 0 0 0
 0 0 0 0 0 0 0 0 0 0 0 0 0 0 0 0 0 0 0 0 0 0 0 0 0 0 0 0 0 0 0 0 0 0 0 0
 0 0 0 0 0 0 0 0 0 0 0 0 0 0 0 0 0 0 0 0 0 0 0 0 0 0 0 0 0 0 0 0 0 0 0 0
ppred_pel_tallas
 1.04402e-16 1.13875e-05 6.67703e-05 0.00031726 0.00122124 0.00380812 0.00961947 0.0196862 0.0326455 0.0438824 0.0478595 0.0424694 0.0309553 0.0191858 0.0114088 0.00860944 0.00975723 0.0135518 0.0191413 0.0259942 0.0335937 0.0412848 0.048297 0.0538695 0.0574089 0.0586133 0.0575239 0.054484 0.0500289 0.0447472 0.03916 0.033652 0.0284585 0.0236948 0.0194024 0.0155899
 1.06787e-16 2.5115e-05 0.000147397 0.000700645 0.0026975 0.00841187 0.0212477 0.0434756 0.0720658 0.096783 0.105321 0.0929045 0.0665135 0.0388389 0.0188952 0.00841771 0.00468972 0.00452047 0.0059817 0.00826418 0.0110744 0.0142512 0.0176281 0.0210142 0.0242128 0.0270448 0.029364 0.0310608 0.0320592 0.0323126 0.0318027 0.0305461 0.0286023 0.026078 0.0231245 0.0199231
 1.09292e-16 1.33944e-05 7.85612e-05 0.000373334 0.00143717 0.00448152 0.0113203 0.0231657 0.0384102 0.0516159 0.0562528 0.0498199 0.0361013 0.0219548 0.0123137 0.00825765 0.00849291 0.0114279 0.0160455 0.021778 0.0281636 0.0346622 0.0406542 0.0455388 0.0488623 0.0504149 0.0502638 0.0487068 0.0461705 0.0430872 0.0397973 0.0365007 0.0332649 0.0300703 0.0268689 0.023633
 1.02086e-16 3.83506e-05 0.000225109 0.00107011 0.00412007 0.0128481 0.0324532 0.0664022 0.110064 0.147799 0.160796 0.141743 0.101266 0.0586989 0.0277399 0.0109476 0.00406775 0.00212436 0.00209368 0.00270867 0.0035569 0.00450292 0.00547057 0.00639209 0.00720737 0.00787134 0.0083583 0.00866039 0.00878194 0.00873268 0.00852296 0.00816272 0.00766373 0.00704294 0.0063251 0.00554278
 1.00607e-16 3.65254e-05 0.000214384 0.0010191 0.00392364 0.0122355 0.030906 0.0632373 0.104821 0.140767 0.15317 0.135076 0.0966237 0.0562531 0.0270429 0.0114706 0.00552181 0.00447807 0.00544708 0.00716268 0.00912035 0.0110359 0.0126634 0.0137833 0.0142418 0.0139857 0.0130757 0.0116676 0.00997263 0.00820666 0.00654757 0.0051102 0.00394237 0.00303771 0.00235657 0.0018469
 1.01477e-16 2.26654e-05 0.00013299 0.000632093 0.00243346 0.00758839 0.019168 0.0392225 0.0650242 0.0873516 0.0951239 0.084068 0.0605316 0.0360389 0.0188209 0.0105563 0.00889656 0.0110156 0.0151298 0.0203292 0.0260181 0.0315968 0.0364101 0.0398401 0.0414377 0.0410276 0.0387457 0.0349947 0.0303361 0.0253566 0.0205515 0.0162564 0.0126339 0.00970439 0.00739802 0.00560588
 1.01586e-16 3.52787e-05 0.000207068 0.000984332 0.00378977 0.0118181 0.0298514 0.0610794 0.101243 0.13596 0.147932 0.130442 0.0932754 0.0542368 0.0259504 0.0108006 0.00490496 0.00370895 0.0044352 0.005894 0.00764817 0.00948451 0.0112259 0.0127045 0.0137835 0.0143815 0.0144846 0.0141394 0.0134331 0.012468 0.0113393 0.0101233 0.00887495 0.00763393 0.00643134 0.00529504
 1.0088e-16 3.53942e-05 0.000207742 0.000987526 0.00380205 0.0118564 0.0299482 0.0612778 0.101574 0.136407 0.148429 0.130905 0.0936604 0.0545689 0.0263104 0.0112934 0.00563642 0.00477398 0.00590671 0.00780497 0.00996968 0.0121081 0.0139593 0.0152872 0.0159223 0.0158 0.0149741 0.0135993 0.0118889 0.0100636 0.0083067 0.00673913 0.00541526 0.00433607 0.00347024 0.00277463
 1.00576e-16 3.63949e-05 0.000213618 0.00101547 0.00390963 0.0121919 0.0307956 0.0630115 0.104447 0.140264 0.152621 0.134589 0.0962699 0.0560356 0.0269173 0.011382 0.00542904 0.0043573 0.00528768 0.00696425 0.0088927 0.0107999 0.0124502 0.0136311 0.0141893 0.014065 0.0133041 0.0120434 0.0104732 0.00879239 0.00716853 0.00571466 0.00448518 0.00348638 0.00269431 0.00207233
 1.00506e-16 3.6208e-05 0.000212521 0.00101025 0.00388953 0.0121292 0.0306373 0.0626875 0.10391 0.139544 0.151839 0.133904 0.0957888 0.0557739 0.0268259 0.0114021 0.00552547 0.00452072 0.00552299 0.00727882 0.00928862 0.0112696 0.0129747 0.0141812 0.014729 0.0145571 0.0137165 0.0123536 0.010672 0.00888321 0.00716536 0.00563819 0.00435859 0.00333178 0.00253031 0.00191291
 1.01742e-16 1.91419e-05 0.000112298 0.000533706 0.00205462 0.00640699 0.016184 0.0331175 0.0549071 0.0737725 0.0803681 0.0711021 0.051359 0.0309051 0.0167394 0.0103382 0.00977658 0.0127093 0.017634 0.0237294 0.0303748 0.036887 0.0425049 0.0465077 0.0483719 0.0478934 0.0452319 0.0408579 0.0354272 0.0296243 0.0240263 0.0190234 0.014804 0.0113904 0.00870016 0.0066059
 1.05774e-16 1.78858e-05 0.000104941 0.000498769 0.00192017 0.00598775 0.0151248 0.0309489 0.0513073 0.068923 0.0750511 0.0663177 0.0477289 0.0283748 0.0147491 0.00818026 0.00682981 0.00849985 0.0118391 0.0162118 0.0212518 0.0265961 0.0318205 0.0364816 0.0401941 0.0426973 0.0438887 0.043814 0.0426251 0.0405244 0.0377181 0.0343919 0.0307081 0.0268159 0.0228623 0.0189943
 1.03808e-16 3.26705e-05 0.000191756 0.000911537 0.00350949 0.010944 0.0276437 0.0565622 0.0937563 0.125907 0.136998 0.120808 0.0864057 0.0502806 0.0241303 0.0101712 0.00481799 0.00386322 0.00474423 0.00636585 0.00832572 0.0104244 0.0124919 0.0143635 0.0159017 0.0170183 0.017685 0.017925 0.0177932 0.0173526 0.0166558 0.015739 0.0146268 0.0133417 0.0119159 0.010396
 1.02179e-16 3.00436e-05 0.000176322 0.000838132 0.00322682 0.0100625 0.0254172 0.0520075 0.0862107 0.115786 0.126017 0.111202 0.0797018 0.0467155 0.023047 0.0107905 0.00670161 0.00694207 0.00914163 0.0122161 0.0156471 0.0190434 0.0220138 0.0241951 0.0253248 0.0253006 0.0242015 0.0222598 0.0197963 0.0171408 0.0145649 0.0122436 0.0102514 0.00858386 0.00719141 0.00601119
 1.01177e-16 3.46091e-05 0.000203133 0.000965615 0.00371769 0.0115933 0.0292837 0.059918 0.0993198 0.133381 0.145137 0.128003 0.0915879 0.0533693 0.0257475 0.01108 0.00557454 0.00477153 0.00593864 0.00787881 0.0101087 0.0123452 0.0143331 0.0158373 0.016683 0.0167929 0.0162021 0.0150422 0.0135034 0.0117874 0.010066 0.00845785 0.00702461 0.00578214 0.00471848 0.00381085
 1.00785e-16 3.44804e-05 0.000202375 0.000962008 0.00370379 0.0115499 0.0291742 0.0596943 0.0989496 0.132886 0.144603 0.127543 0.0912848 0.053244 0.0257825 0.0112571 0.00589699 0.00526215 0.0066262 0.00878177 0.0112213 0.0136276 0.0157082 0.0171963 0.0178993 0.0177425 0.0167852 0.0152007 0.0132297 0.0111231 0.00909103 0.00727463 0.00574042 0.00449426 0.00350429 0.00272328
 1.01346e-16 2.81018e-05 0.000164917 0.000783901 0.003018 0.00941129 0.0237723 0.0486425 0.0806345 0.108302 0.117888 0.104065 0.0746651 0.0439226 0.0219657 0.0107814 0.0073637 0.00814279 0.0109036 0.0146064 0.0187084 0.0227562 0.0262792 0.0288356 0.0301026 0.0299489 0.028463 0.0259212 0.0227124 0.0192444 0.0158624 0.0128014 0.010178 0.00801112 0.00625914 0.00485454
 1.0222e-16 2.86874e-05 0.00016836 0.000800285 0.0030811 0.00960809 0.0242693 0.049659 0.0823177 0.110558 0.120328 0.106184 0.0761104 0.0446217 0.0220365 0.010359 0.00649825 0.00679906 0.00901059 0.0121119 0.0156223 0.019179 0.0224119 0.0249662 0.0265684 0.0270835 0.0265377 0.0250986 0.0230217 0.0205846 0.0180299 0.0155324 0.013194 0.011059 0.00913697 0.00742421
 1.02775e-16 2.72944e-05 0.00016018 0.000761391 0.00293134 0.00914107 0.0230897 0.0472455 0.0783181 0.105189 0.114494 0.101056 0.0724787 0.0425814 0.0211943 0.0102397 0.00679274 0.00738668 0.00988105 0.0132906 0.0171268 0.0209985 0.0245 0.0272437 0.028935 0.029435 0.0287846 0.0271803 0.0249126 0.0222913 0.0195807 0.0169638 0.0145383 0.0123357 0.0103503 0.00856498
 1.01214e-16 3.71921e-05 0.000218303 0.00103775 0.00399543 0.0124594 0.0314714 0.0643939 0.106737 0.143335 0.155952 0.137502 0.0982995 0.0571078 0.0272286 0.0111649 0.00481151 0.00335478 0.00385773 0.00506299 0.0065148 0.00800303 0.00936424 0.010451 0.0111509 0.0114087 0.0112356 0.0106998 0.00990501 0.00896238 0.00796747 0.00698716 0.00605839 0.00519522 0.00439929 0.00366886
 1.01036e-16 3.06093e-05 0.000179641 0.000853908 0.00328755 0.0102519 0.0258956 0.0529866 0.0878339 0.117967 0.128393 0.113304 0.0812207 0.0476301 0.0235429 0.011096 0.0069865 0.00730352 0.00962723 0.0128419 0.0164015 0.0198845 0.0228673 0.0249588 0.0258795 0.0255263 0.0239966 0.0215572 0.0185742 0.0154261 0.012428 0.00978806 0.00759989 0.00586374 0.00452187 0.00349346
 1.01894e-16 2.83458e-05 0.000166353 0.000790736 0.00304433 0.0094934 0.0239797 0.0490664 0.0813361 0.109241 0.118901 0.104937 0.0752446 0.0441698 0.0219166 0.0104746 0.00679848 0.00728149 0.00969722 0.0130238 0.0167614 0.0205164 0.0238835 0.0264765 0.028002 0.0283227 0.0274822 0.0256814 0.0232189 0.0204154 0.0175495 0.0148192 0.0123355 0.0101391 0.00822701 0.00657775
 1.01804e-16 3.28527e-05 0.00019282 0.000916585 0.00352891 0.0110046 0.0277967 0.0568756 0.0942773 0.126611 0.137776 0.121522 0.0869779 0.0507371 0.0245795 0.0107537 0.00567176 0.00511084 0.00648366 0.00865302 0.01115 0.0136864 0.0159933 0.0178183 0.0189683 0.0193493 0.0189825 0.0179888 0.0165508 0.0148648 0.0131001 0.0113759 0.00975898 0.00827505 0.00692672 0.00570902
 1.02104e-16 2.73025e-05 0.000160225 0.000761597 0.00293212 0.00914349 0.0230959 0.0472584 0.0783403 0.105222 0.114536 0.10111 0.0725538 0.0426983 0.0213866 0.0105529 0.00728129 0.00810782 0.0108841 0.0146021 0.0187343 0.0228373 0.0264491 0.0291344 0.0305724 0.0306292 0.0293838 0.0270978 0.0241409 0.0209004 0.0177017 0.0147644 0.012195 0.01001 0.00817186 0.0066235
 1.06897e-16 3.78718e-06 2.21409e-05 0.000105067 0.000404211 0.00126022 0.00318384 0.00651918 0.0108239 0.0145896 0.0160171 0.0144632 0.0110846 0.00794682 0.00662402 0.00764582 0.0108788 0.016052 0.0229282 0.0312 0.040354 0.0496363 0.0581366 0.0649529 0.0693824 0.0710684 0.0700604 0.0667629 0.0618024 0.0558613 0.0495353 0.0432538 0.0372693 0.0316964 0.0265714 0.0219039
pSPR Fmed_Fpbrs
0.535826   0.350981 0.350981
Fs Fmed_Fpbrs
0.465301   1.005 1.005
SSBpbr Bo_Bmed_Bpbrs
918993  446471  276599 276599
Ro
27446.7
SPR SPRFo_SPRFmed_SPRFpbrs
563694 302042 197846
log_Ro
10.04
likeval ReclasPelacesDesembMPH_pf_preclas_ppelaces_ptallas_desvR_qrecl_qpela
 88.5365 74.8546 0.0632829 0.000179532 331.879 192.356 80.7798 0 31.3342 1.50684e-05 0 0 0 0 0
q_reclas_q_pelaces
0.57691 1
M
0.7
N
 14151.2 30616.9 14265.6 1922.32 0.180535
 26540.7 6814.58 12271.9 5717.96 770.579
 3901.6 12487.1 2322.74 4182.87 2211.61
 22395 1623.45 1807.65 336.244 925.676
 55836.9 10213.5 445.359 495.891 346.181
 23009.8 27406.8 4676.46 203.917 385.561
 57396.7 10482.7 7462.98 1273.42 160.517
 73819.8 26528.8 3156.7 2247.36 431.807
 108034 32257.4 5402.21 642.817 545.573
 200569 47596.3 6954.6 1164.7 256.214
 59671.9 93580.8 15305.8 2236.43 456.932
 29364.7 27458 27320.5 4468.46 786.314
 50724.6 13588.8 8338.76 8296.99 1595.83
 22186.5 22199.1 2796.66 1716.17 2036
 14692.4 8910.01 2509.58 316.159 424.178
 15892.6 5778.57 870.89 245.293 72.3627
 10948.5 7131.64 1416.16 213.43 77.8482
 10909.9 5037.24 2079.99 413.032 84.9532
 9591 5107.51 1658.45 684.813 163.956
 28967 4499.39 1706.06 553.973 283.515
 32633 13428.9 1383.65 524.647 257.543
 35896.6 15830.8 5666.35 583.832 330.046
 66707.3 17308.5 6402.63 2291.71 369.61
 58719 31902 6611.25 2445.58 1016.53
 3377.75 28132.4 12339.7 2557.23 1339.14
pred_Ctot
 308.568 4298.85 2003 269.908 0.0253486
 1006.23 1570.5 2828.2 1317.77 177.589
 459.443 6811.4 1267 2281.66 1206.38
 1320.83 540.51 601.838 111.949 308.194
 465.17 575.317 25.0867 27.9332 19.5001
 1373.4 9211.74 1571.81 68.539 129.592
 2870.07 3053.22 2173.69 370.899 46.7527
 6420.03 11833.9 1408.13 1002.49 192.619
 8825.17 13759.1 2304.26 274.188 232.71
 8748.31 12367.3 1807.06 302.632 66.5738
 3162.55 28587.6 4675.72 683.198 139.586
 1444.29 7889.09 7849.57 1283.85 225.92
 4361.87 6013.31 3690.06 3671.57 706.184
 3089.62 13367 1683.99 1033.38 1225.96
 2227.34 5619.17 1582.69 199.389 267.511
 1107.65 2190.84 330.182 92.9983 27.4349
 581.303 2181.8 433.25 65.2952 23.8163
 450.737 1249.89 516.107 102.485 21.0794
 382.662 1230.03 399.4 164.921 39.485
 1389.53 1266.2 480.113 155.897 79.7854
 542.693 1465.17 150.964 57.2419 28.0994
 750.319 2137.68 765.143 78.8363 44.567
 1776.33 2916.84 1078.97 386.199 62.2867
 1489.86 5145.68 1066.37 394.464 163.963
 101.971 5306.64 2327.65 482.373 252.604
F
 0.0307337 0.214237 0.214237 0.214237 0.214237
 0.0539851 0.376316 0.376316 0.376316 0.376316
 0.176834 1.23267 1.23267 1.23267 1.23267
 0.085131 0.593427 0.593427 0.593427 0.593427
 0.0116438 0.0811662 0.0811662 0.0811662 0.0811662
 0.0861939 0.600836 0.600836 0.600836 0.600836
 0.0717571 0.5002 0.5002 0.5002 0.5002
 0.12788 0.891423 0.891423 0.891423 0.891423
 0.119692 0.834342 0.834342 0.834342 0.834342
 0.0623351 0.434522 0.434522 0.434522 0.434522
 0.0762026 0.531189 0.531189 0.531189 0.531189
 0.0705439 0.491743 0.491743 0.491743 0.491743
 0.12636 0.880821 0.880821 0.880821 0.880821
 0.212307 1.47994 1.47994 1.47994 1.47994
 0.233177 1.62542 1.62542 1.62542 1.62542
 0.10131 0.706209 0.706209 0.706209 0.706209
 0.0763443 0.532177 0.532177 0.532177 0.532177
 0.0589569 0.410973 0.410973 0.410973 0.410973
 0.0568839 0.396523 0.396523 0.396523 0.396523
 0.0687473 0.47922 0.47922 0.47922 0.47922
 0.023364 0.162864 0.162864 0.162864 0.162864
 0.0294444 0.20525 0.20525 0.20525 0.20525
 0.0376467 0.262426 0.262426 0.262426 0.262426
 0.0358425 0.249849 0.249849 0.249849 0.249849
 0.0427764 0.298184 0.298184 0.298184 0.298184
nmprior
 10.6 11 7 0
nm_flota  nm_reclas  nm_pelaces    nm_pelaL
inf 30.9258 23.6776 61.1843
cv_recla  cv_pelaces  cv_mph
0.851111 0.981028 0.434719
 ------------------------------------------------
Talla a la edad & desviación 
 7.2 14.2025 17.0495 18.207 18.6776
 1.08 2.13037 2.55742 2.73105 2.80164
