years
 1997 1998 1999 2000 2001 2002 2003 2004 2005 2006 2007 2008 2009 2010 2011 2012 2013 2014 2015 2016 2017 2018 2019 2020 2021
reclasobs
 0 0 0 370054 412103 1.49427e+06 250295 1.28982e+06 931140 785840 897777 1.04006e+06 184774 17550 25797 100020 73551 82996 120727 218422 84188 347160 605670 569463 516374
reclaspred
 3.73121e+06 444973 602028 161279 216954 281522 474572 418209 620436 1.16112e+06 1.3405e+06 834868 439176 199343 128217 116913 121014 148943 128254 179645 357579 342209 524144 575399 452314
pelacesobs
 0 0 0 0 0 0 0 0 0 2.06254e+06 1.5e+06 0 1.87456e+06 323000 250000 174000 83755 137374 0 501740 490994 745055 786931 1.00524e+06 1.33801e+06
pelacespred
 1.58525e+06 637493 188680 119340 124322 114824 250740 232505 335480 667794 689827 441888 238006 85377.6 53377.9 55465.8 59824.6 73643.3 66056.5 89607.8 195386 200784 232067 295450 225947
mphobs
 0 0 0 0 0 112323 0 153150 637223 0 255016 313432 73983 77613 109348 50772 0 0 0 0 0 0 0 0 0
mphpred
 2.6654e+06 1.13881e+06 471868 233910 111812 292063 284563 401230 451815 731247 1.35985e+06 922716 484110 265194 119642 101456 100746 119785 127078 114196 246171 334026 365728 488589 482913
desembarqueobs
 350755 77701 442110 56441 14545 235359 269955 359681 431902 328805 639364 411747 362871 311530 167758 66681 60226 58785 57116 73181 50977 67692 138656 160484 209506
desembarquepred
 350736 77680.5 441615 56415.9 14543.4 235079 269740 359086 431386 328560 638473 411194 362085 310791 167385 66623.6 60186 58733.8 57054.7 73104.5 50959.5 67645.1 138544 160358 209338
Reclutas
 2682.38 3914.22 533.247 2183.64 53341.8 11315.6 53263.6 67359.2 105754 239203 49342.1 15519 54215.7 27656.8 19505.1 13924.1 10802 10607.1 6425.86 29466.1 33812.1 28963 58490.5 42071.1 515.861
log_desv_Rt
 -1.84554 -1.46763 -3.46101 -2.05125 1.14448 -0.40606 1.14301 1.37779 1.82887 2.64507 1.06653 -0.0901764 1.16073 0.487628 0.13843 -0.198627 -0.452512 -0.470726 -0.971914 0.550994 0.688574 0.533775 1.23662 0.907116 -3.49416
SSB
 2.6654e+06 1.13881e+06 471868 233910 111812 292063 284563 401230 451815 731247 1.35985e+06 922716 484110 265194 119642 101456 100746 119785 127078 114196 246171 334026 365728 488589 482913
BT
 3.0985e+06 1.31485e+06 595133 287192 372148 398577 973078 968395 1.34615e+06 2.16126e+06 1.92962e+06 1.20596e+06 910902 483851 276655 179047 188815 214889 181577 299257 522335 460656 603669 752906 583131
Ftot
 0.0915918 0.169209 0.678615 0.334821 0.0655165 0.766878 0.540227 0.799258 0.655755 0.273707 0.451856 0.466155 0.763806 1.34685 1.16638 0.538463 0.472828 0.377412 0.423346 0.390679 0.138635 0.191491 0.255117 0.2686 0.438756
BD_Bspro_t
 0.985478 0.888655 0.695771 0.376981 0.382055 0.672274 0.470465 0.498735 0.474406 0.536566 0.643725 0.473348 0.331524 0.246614 0.146403 0.149124 0.194164 0.287095 0.351617 0.389046 0.595254 0.715413 0.704032 0.695956 0.63163
BD_Bspro
 7.64154 3.26489 1.35282 0.670604 0.320559 0.837325 0.815824 1.1503 1.29533 2.09644 3.89861 2.64537 1.38791 0.760295 0.343006 0.290867 0.288832 0.343415 0.364325 0.327392 0.705756 0.957632 1.04852 1.40075 1.38448
BD_Bo
 2.48237 1.06061 0.439465 0.217847 0.104134 0.272007 0.265022 0.373677 0.420789 0.681031 1.26647 0.859353 0.450866 0.246983 0.111426 0.0944888 0.0938277 0.111559 0.118352 0.106354 0.229266 0.311088 0.340613 0.455037 0.449751
BD_Brms
 12.0737 5.15854 2.13745 1.05956 0.506484 1.32298 1.289 1.81748 2.04662 3.31238 6.15981 4.17969 2.19291 1.20127 0.541951 0.459571 0.456356 0.542597 0.575635 0.517281 1.1151 1.51306 1.65666 2.2132 2.18748
S_f
 0.5 1 1 1 1
 0.5 1 1 1 1
 0.5 1 1 1 1
 0.5 1 1 1 1
 0.5 1 1 1 1
 0.5 1 1 1 1
 0.5 1 1 1 1
 0.5 1 1 1 1
 0.5 1 1 1 1
 0.5 1 1 1 1
 0.5 1 1 1 1
 0.5 1 1 1 1
 0.5 1 1 1 1
 0.5 1 1 1 1
 0.5 1 1 1 1
 0.5 1 1 1 1
 0.5 1 1 1 1
 0.5 1 1 1 1
 0.5 1 1 1 1
 0.5 1 1 1 1
 0.5 1 1 1 1
 0.5 1 1 1 1
 0.5 1 1 1 1
 0.5 1 1 1 1
 0.5 1 1 1 1
Scru_reclas
 0.5 1 1 1 1
 0.5 1 1 1 1
 0.5 1 1 1 1
 0.5 1 1 1 1
 0.5 1 1 1 1
 0.5 1 1 1 1
 0.5 1 1 1 1
 0.5 1 1 1 1
 0.5 1 1 1 1
 0.5 1 1 1 1
 0.5 1 1 1 1
 0.5 1 1 1 1
 0.5 1 1 1 1
 0.5 1 1 1 1
 0.5 1 1 1 1
 0.5 1 1 1 1
 0.5 1 1 1 1
 0.5 1 1 1 1
 0.5 1 1 1 1
 0.5 1 1 1 1
 0.5 1 1 1 1
 0.5 1 1 1 1
 0.5 1 1 1 1
 0.5 1 1 1 1
 0.5 1 1 1 1
Scru_pelaces
 0.5 1 1 1 1
 0.5 1 1 1 1
 0.5 1 1 1 1
 0.5 1 1 1 1
 0.5 1 1 1 1
 0.5 1 1 1 1
 0.5 1 1 1 1
 0.5 1 1 1 1
 0.5 1 1 1 1
 0.5 1 1 1 1
 0.5 1 1 1 1
 0.5 1 1 1 1
 0.5 1 1 1 1
 0.5 1 1 1 1
 0.5 1 1 1 1
 0.5 1 1 1 1
 0.5 1 1 1 1
 0.5 1 1 1 1
 0.5 1 1 1 1
 0.5 1 1 1 1
 0.5 1 1 1 1
 0.5 1 1 1 1
 0.5 1 1 1 1
 0.5 1 1 1 1
 0.5 1 1 1 1
pf_obs 
 0.256992 0.487395 0.22802 0.0275931 0
 0.321318 0.546541 0.124235 0.00734118 0.000564706
 0.182869 0.594174 0.210203 0.0122559 0.00049798
 0.330522 0.361315 0.267642 0.0388342 0.00168674
 0.649043 0.306663 0.0425973 0.00169635 0
 0.582887 0.30429 0.105238 0.00758474 0
 0.465427 0.430635 0.0974691 0.00646863 0
 0.296916 0.608066 0.0921331 0.00288517 0
 0.311714 0.524322 0.152257 0.0117073 0
 0.15457 0.633149 0.183074 0.0267441 0.00246327
 0.131901 0.49318 0.331252 0.0422183 0.00144891
 0.196976 0.569456 0.194076 0.0375587 0.00193317
 0.518974 0.381816 0.0799577 0.0180837 0.00116848
 0.0928022 0.601141 0.25162 0.0475244 0.00691264
 0.122501 0.610282 0.24278 0.0234846 0.000952079
 0.383417 0.481906 0.127806 0.00687128 0
 0.0376549 0.599619 0.316969 0.0457579 0
 0.0361596 0.667082 0.258105 0.0386534 0
 0.158088 0.579412 0.248529 0.0139706 0
 0.0477256 0.309471 0.559284 0.082774 0.000745712
 0.0406174 0.521527 0.379366 0.0568643 0.0016247
 0.151134 0.462217 0.34131 0.0453401 0
 0.294876 0.26143 0.354403 0.0886775 0.000613685
 0.281977 0.475581 0.204845 0.0348837 0.00271318
 0.0354234 0.537034 0.353287 0.0723622 0.0018943
pf_pred 
 0.012934 0.628221 0.316217 0.0426262 1.06138e-06
 0.0401034 0.0251376 0.594931 0.29946 0.0403683
 0.0136022 0.0795089 0.0237494 0.562077 0.321062
 0.168775 0.0271671 0.0648113 0.0193592 0.719887
 0.901161 0.0305493 0.00223191 0.00532457 0.0607328
 0.196028 0.762898 0.0126953 0.000927509 0.0274512
 0.747282 0.0961976 0.148524 0.00247156 0.00552487
 0.630604 0.32285 0.0177178 0.0273552 0.00147279
 0.686264 0.255078 0.0512666 0.00281347 0.00457771
 0.738259 0.220331 0.0336679 0.00676671 0.000975566
 0.183498 0.701542 0.0967718 0.0147873 0.0034005
 0.129094 0.295286 0.494575 0.0682225 0.0128221
 0.567218 0.109771 0.109519 0.183433 0.0300587
 0.424642 0.441566 0.0339349 0.0338571 0.0659997
 0.545754 0.315119 0.106775 0.00820578 0.0241463
 0.527361 0.366704 0.0734892 0.024901 0.00754486
 0.449243 0.398439 0.118178 0.0236834 0.0104564
 0.469175 0.346119 0.133623 0.0396329 0.0114493
 0.348066 0.432606 0.143011 0.0552109 0.0211063
 0.772086 0.124698 0.0684911 0.0226418 0.0120827
 0.561209 0.38771 0.0279478 0.0153505 0.00778258
 0.411806 0.427502 0.141985 0.0102349 0.00847167
 0.584992 0.247579 0.121688 0.0404161 0.00532482
 0.395836 0.454362 0.0893666 0.043925 0.0165107
 0.00898317 0.580724 0.308561 0.0606896 0.0410424
pobs_RECLAS
 0 0 0 0 0
 0 0 0 0 0
 0 0 0 0 0
 0 0 0 0 0
 0.835266 0.146461 0.0176864 0.000547809 3.91292e-05
 0.385257 0.428462 0.181853 0.0044286 0
 0.867414 0.0963971 0.0333333 0.00285562 0
 0.441836 0.489002 0.0689373 0.000224442 0
 0.779404 0.147425 0.0564933 0.0165055 0.000172143
 0.814271 0.122319 0.05973 0.00367925 0
 0.40263 0.566651 0.0304383 0.000280538 0
 0.475488 0.404961 0.113038 0.00651328 0
 0.955842 0.0263864 0.0167828 0.000988607 0
 0.975058 0.0227948 0.00214734 0 0
 0.738997 0.206755 0.0527124 0.00153531 0
 0.850938 0.134255 0.0134407 0.00136685 0
 0.542534 0.407297 0.0501686 0 0
 0.764087 0.199537 0.0359546 0.000420521 0
 0.470689 0.182191 0.310203 0.0369168 0
 0.84361 0.089868 0.0606195 0.00523954 0.000663233
 0.607945 0.314616 0.071237 0.00620181 0
 0.523733 0.453247 0.0230204 0 0
 0.530135 0.295979 0.169645 0.0042399 0
 0.562478 0.366248 0.0663022 0.0049721 0
 0.250443 0.683176 0.0655157 0.000865301 0
ppred_RECLAS
 0.0129712 0.628198 0.316205 0.0426246 1.06134e-06
 0.0403259 0.0251317 0.594793 0.299391 0.040359
 0.0140572 0.0794722 0.0237385 0.561818 0.320914
 0.170617 0.0271069 0.0646677 0.0193163 0.718292
 0.901342 0.0304936 0.00222784 0.00531486 0.060622
 0.202354 0.756895 0.0125954 0.000920211 0.0272352
 0.751858 0.0944558 0.145834 0.0024268 0.00542483
 0.640351 0.314332 0.0172503 0.0266334 0.00143393
 0.693071 0.249544 0.0501543 0.00275243 0.00447839
 0.740223 0.218678 0.0334153 0.00671595 0.000968248
 0.186394 0.699054 0.0964286 0.0147349 0.00338844
 0.131361 0.294518 0.493288 0.0680449 0.0127887
 0.576872 0.107322 0.107076 0.179342 0.0293882
 0.447125 0.424311 0.0326089 0.0325341 0.0634207
 0.563895 0.302534 0.10251 0.00787807 0.023182
 0.533406 0.362014 0.0725493 0.0245826 0.00744836
 0.454295 0.394785 0.117094 0.0234662 0.0103604
 0.472966 0.343648 0.132669 0.0393499 0.0113676
 0.35208 0.429942 0.14213 0.054871 0.0209764
 0.774873 0.123174 0.0676538 0.022365 0.011935
 0.56234 0.38671 0.0278757 0.0153109 0.00776252
 0.413418 0.426331 0.141596 0.0102068 0.00844845
 0.58726 0.246225 0.121023 0.0401952 0.00529571
 0.398219 0.45257 0.0890141 0.0437517 0.0164456
 0.00914924 0.580627 0.308509 0.0606794 0.0410355
pobs_PELACES
 0 0 0 0 0
 0 0 0 0 0
 0 0 0 0 0
 0 0 0 0 0
 0 0 0 0 0
 0 0 0 0 0
 0 0 0 0 0
 0 0 0 0 0
 0 0 0 0 0
 0 0 0 0 0
 0.450072 0.473896 0.0757376 0.000293798 0
 0 0 0 0 0
 0.463077 0.371075 0.160297 0.00555027 0
 0.529543 0.364841 0.0842815 0.0213345 0
 0.631943 0.363953 0.00410389 0 0
 0.735681 0.248677 0.0153453 0.000297389 0
 0.695825 0.281241 0.0229344 0 0
 0.275771 0.60734 0.115278 0.00161068 0
 0 0 0 0 0
 0.896147 0.0623911 0.0374545 0.00400742 0
 0.803859 0.145111 0.0509908 3.86294e-05 0
 0.739449 0.233085 0.0266225 0.000797448 4.60066e-05
 0.878498 0.100942 0.0204185 0.000141795 0
 0.694673 0.275183 0.0284847 0.00165964 0
 0.469039 0.446079 0.0841089 0.000773354 0
ppred_PELACES
 0.0131661 0.628074 0.316143 0.0426162 1.06113e-06
 0.0414203 0.0251031 0.594114 0.299049 0.040313
 0.0156966 0.07934 0.023699 0.560884 0.320381
 0.178577 0.0268468 0.064047 0.0191309 0.711398
 0.902299 0.0301977 0.00220623 0.00526329 0.0600339
 0.223548 0.736784 0.0122607 0.000895761 0.0265116
 0.768113 0.0882685 0.136281 0.00226784 0.00506948
 0.670128 0.288306 0.015822 0.0244283 0.00131521
 0.715595 0.231231 0.0464737 0.00255044 0.00414974
 0.748812 0.211447 0.0323105 0.00649389 0.000936233
 0.197966 0.689111 0.0950571 0.0145253 0.00334025
 0.140389 0.291457 0.488161 0.0673377 0.0126558
 0.607299 0.0996047 0.0993762 0.166445 0.0272749
 0.502484 0.381825 0.0293438 0.0292765 0.0570704
 0.610506 0.2702 0.0915543 0.00703607 0.0207043
 0.555439 0.344919 0.0691235 0.0234218 0.00709665
 0.473695 0.380749 0.112931 0.0226319 0.00999212
 0.48851 0.333513 0.128756 0.0381893 0.0110323
 0.368174 0.419262 0.1386 0.053508 0.0204553
 0.785918 0.11713 0.0643345 0.0212677 0.0113494
 0.567962 0.381743 0.0275177 0.0151142 0.00766281
 0.4211 0.420747 0.139742 0.0100732 0.0083378
 0.597425 0.240162 0.118043 0.0392053 0.0051653
 0.408886 0.444548 0.0874363 0.0429762 0.0161541
 0.00982941 0.580228 0.308298 0.0606377 0.0410073
pobs_pel_tallas
 0 0 0 0 0 0 0 0 0 0 0 0 0 0 0 0 0 0 0 0 0 0 0 0 0 0 0 0 0 0 0 0 0 0 0 0
 0 0 0 0 0 0 0 0 0 0 0 0 0 0 0 0 0 0 0 0 0 0 0 0 0 0 0 0 0 0 0 0 0 0 0 0
 0 0 0 0 0 0 0 0 0 0 0 0 0 0 0 0 0 0 0 0 0 0 0 0 0 0 0 0 0 0 0 0 0 0 0 0
 0 0 0 0 0 0 0 0 0 0 0 0 0 0 0 0 0 0 0 0 0 0 0 0 0 0 0 0 0 0 0 0 0 0 0 0
 0 0 0 0 0 0 0 0 0 0 0 0 0 0 0 0 0 0 0 0 0 0 0 0 0 0 0 0 0 0 0 0 0 0 0 0
 0 0 0 0 0 0 0 0 0 0 0 0 0 0 0 0 0 0 0 0 0 0 0 0 0 0 0 0 0 0 0 0 0 0 0 0
 0 0 0 0 0 0 0 0 0 0 0 0 0 0 0 0 0 0 0 0 0 0 0 0 0 0 0 0 0 0 0 0 0 0 0 0
 0 0 0 0 0 0 0 0 0 0 0 0 0 0 0 0 0 0 0 0 0 0 0 0 0 0 0 0 0 0 0 0 0 0 0 0
 0 0 0 0 0 0 0 0 0 0 0 0 0 0 0 0 0 0 0 0 0 0 0 0 0 0 0 0 0 0 0 0 0 0 0 0
 0 0 0 0 0 0 0 0 0 0 0 0 0 0 0 0 0 0 0 0 0 0 0 0 0 0 0 0 0 0 0 0 0 0 0 0
 0 0 0 0 0 0 0 0 1.78061e-05 0.00172719 0.00360574 0.0105946 0.0120993 0.0124554 0.0147524 0.0171206 0.0266825 0.0428682 0.0675386 0.121331 0.153587 0.119568 0.100827 0.0573624 0.0630603 0.0341343 0.0324427 0.0444173 0.0211091 0.0280891 0.0125444 0.00206551 0 0 0 0
 0 0 0 0 0 0 0 0 0 0 0 0 0 0 0 0 0 0 0 0 0 0 0 0 0 0 0 0 0 0 0 0 0 0 0 0
 0 0 0 0 0 0 0.0133647 0.0140871 0.0187388 0.0205184 0.03894 0.0496705 0.03968 0.0493445 0.0407372 0.0367815 0.0215668 0.0243155 0.0234873 0.0199281 0.019796 0.0243948 0.0301388 0.0376714 0.0412746 0.0863199 0.0771752 0.113111 0.0741005 0.0525337 0.0229764 0.00759418 0.00175318 0 0 0
 0 0 0 0 0 0 0 0 0 0 0.00219441 0.00772107 0.0458388 0.0604681 0.0671733 0.0775358 0.0609151 0.0617685 0.073594 0.0568108 0.0755445 0.0548602 0.0670107 0.0636378 0.0643287 0.046367 0.0373049 0.0286899 0.0247887 0.0153202 0.00654259 0.00121912 0.000365735 0 0 0
 0 0 0 0 0 0 0 0 0 0 0 0 0.000112435 0.00938835 0.0111873 0.0202946 0.0414886 0.0713402 0.111592 0.104902 0.108894 0.110636 0.117776 0.105296 0.107544 0.0401394 0.0192827 0.0124803 0.00416011 0.0028671 0.000618394 0 0 0 0 0
 0 0 0 0 0 0 0 0 0 0 0.00291406 0.0102884 0.027416 0.0768956 0.0749926 0.110853 0.0956884 0.0897413 0.0766577 0.0534642 0.0500743 0.0551293 0.0594112 0.0620874 0.0668451 0.0424026 0.0208742 0.0120726 0.0048766 0.00582813 0.00118941 0.000297354 0 0 0 0
 0 0.00264628 0.0354308 0.0461629 0.0458689 0.0383711 0.0214643 0.0164657 0.0346957 0.0420465 0.0363128 0.0245516 0.0311673 0.0291091 0.0169068 0.0133784 0.00837989 0.0085269 0.0148486 0.0160247 0.0276389 0.0546898 0.0760071 0.122758 0.109233 0.0665981 0.0333725 0.0166128 0.00676272 0.00308733 0.000882094 0 0 0 0 0
 0 0 0 0 0 0 0 0.000805153 0.000690131 0.00759144 0.0133425 0.0154129 0.00931677 0.000345066 0.00356568 0.00563607 0.00851162 0.0253048 0.0502646 0.0516448 0.0657925 0.0565908 0.0611916 0.0827007 0.0866115 0.110766 0.145733 0.0935128 0.0569358 0.0249597 0.0138026 0.00621118 0.00161031 0.00115022 0 0
 0 0 0 0 0 0 0 0 0 0 0 0 0 0 0 0 0 0 0 0 0 0 0 0 0 0 0 0 0 0 0 0 0 0 0 0
 0.00147267 0.00158595 0.00478618 0.00569244 0.00954404 0.0108468 0.00647125 0.017049 0.0510054 0.094081 0.124002 0.0959785 0.0687766 0.0820023 0.061753 0.0591476 0.0492212 0.0479892 0.0443925 0.0268479 0.0217502 0.0140895 0.0121071 0.0120363 0.00920419 0.00665534 0.0049561 0.00860946 0.00930331 0.0156896 0.0114698 0.00855282 0.00243557 0.00046729 0 2.83206e-05
 0 0 0 0 0.000772559 0.00158375 0.000888443 0.00281984 0.00712685 0.0440552 0.0773331 0.111326 0.0921469 0.0852325 0.0710754 0.0886704 0.0786465 0.0553345 0.0373146 0.0185414 0.00753245 0.00457741 0.012979 0.0271748 0.0457355 0.0583668 0.034881 0.0177882 0.00938659 0.00492506 0.0015258 0.00185414 0.000309023 5.79419e-05 3.86279e-05 0
 0 0.00173294 0.00326652 0 0.00397197 0.00683976 0.00946217 0.0152591 0.00757587 0.0136028 0.0228656 0.0392903 0.0559909 0.0764795 0.0681675 0.0726916 0.0566044 0.0477403 0.0527397 0.0444891 0.0609904 0.0582453 0.0661739 0.0445044 0.0529084 0.0360697 0.0280645 0.0235558 0.0158879 0.00826598 0.00280645 0.00217768 0.000904811 0.00058276 9.20147e-05 0
 0 0 0 0 0 0 0 0 0 0 0 0 0 0 0 0 0 0 0 0 0 0 0 0 0 0 0 0 0 0 0 0 0 0 0 0
 0 0 0 0 0 0 0 0 0 0 0 0 0 0 0 0 0 0 0 0 0 0 0 0 0 0 0 0 0 0 0 0 0 0 0 0
 0 0 0 0 0 0 0 0 0 0 0 0 0 0 0 0 0 0 0 0 0 0 0 0 0 0 0 0 0 0 0 0 0 0 0 0
ppred_pel_tallas
 1.06157e-16 6.12958e-07 3.50037e-06 1.64367e-05 6.29429e-05 0.000195973 0.00049571 0.00101947 0.00170963 0.00235577 0.00272123 0.00277558 0.00280627 0.00329359 0.00469957 0.00736937 0.0115507 0.0174078 0.0249634 0.0340013 0.0440007 0.0541497 0.0634555 0.0709282 0.0757884 0.0776293 0.0764847 0.0727773 0.0671798 0.0604372 0.0532144 0.0460076 0.0391291 0.0327428 0.026923 0.0217034
 1.20602e-16 1.82085e-06 1.06465e-05 5.05312e-05 0.000194421 0.000606129 0.00153102 0.00313339 0.00519709 0.00698935 0.00763187 0.00679439 0.00500234 0.00320705 0.00211623 0.0019412 0.00260532 0.00403167 0.00626302 0.00943727 0.0137191 0.0192372 0.0260322 0.0340135 0.0429279 0.0523489 0.0616946 0.0702779 0.0773862 0.0823786 0.0847822 0.0843677 0.081188 0.0755662 0.0680436 0.0592914
 1.34605e-16 6.98949e-07 4.06099e-06 1.92253e-05 7.38895e-05 0.000230269 0.000581671 0.0011911 0.00197822 0.00266852 0.00293519 0.00266373 0.00207088 0.00154421 0.00139041 0.00174003 0.00262457 0.00408098 0.00619061 0.00906343 0.0128083 0.0175096 0.0232112 0.0299041 0.037512 0.0458731 0.0547218 0.0636758 0.0722393 0.0798333 0.0858535 0.0897509 0.0911193 0.0897669 0.0857583 0.0794109
 1.34816e-16 7.79911e-06 4.57501e-05 0.000217431 0.000837052 0.00261018 0.00659303 0.0134904 0.0223626 0.0300351 0.0326914 0.0288537 0.0206935 0.0121593 0.00606652 0.00298335 0.00211321 0.00253422 0.0037426 0.00561016 0.00819405 0.0116073 0.0159572 0.0213109 0.0276692 0.0349386 0.0429108 0.0512508 0.0595048 0.0671314 0.0735553 0.0782386 0.0807563 0.0808617 0.0785245 0.0739412
 1.03028e-16 3.93582e-05 0.000231026 0.00109825 0.0042284 0.0131859 0.0333065 0.068148 0.112957 0.151682 0.165017 0.145454 0.103897 0.0601819 0.0283608 0.0110508 0.00387621 0.00172116 0.00147656 0.00184208 0.00240258 0.00303637 0.0036911 0.00432883 0.00492119 0.00545236 0.00591931 0.00632694 0.00668044 0.00697775 0.00720541 0.00733958 0.0073518 0.00721725 0.00692255 0.00647117
 1.01684e-16 9.79019e-06 5.73708e-05 0.000272525 0.00104892 0.00327068 0.00826224 0.016911 0.0280523 0.037735 0.0412255 0.0367497 0.0271483 0.0175411 0.0116815 0.0105358 0.0133269 0.0189937 0.0267584 0.0359761 0.0458571 0.0553659 0.0633194 0.0686102 0.070463 0.0686261 0.0634362 0.0557257 0.0466114 0.037235 0.0285372 0.0211258 0.0152521 0.0108749 0.00776875 0.00563424
 1.02279e-16 3.35099e-05 0.000196685 0.00093497 0.00359972 0.0112254 0.0283544 0.0580162 0.096166 0.129141 0.140513 0.123898 0.0885936 0.05151 0.0246392 0.0102481 0.00465367 0.00353879 0.0042794 0.00576482 0.00760291 0.00961418 0.0116475 0.0135477 0.0151706 0.0164035 0.0171785 0.0174731 0.0173025 0.0167074 0.0157434 0.0144752 0.0129758 0.0113254 0.00961015 0.0079163
 1.0122e-16 2.92451e-05 0.000171629 0.000815813 0.00314087 0.00979446 0.0247402 0.0506227 0.0839167 0.11271 0.122681 0.108287 0.0776763 0.0456559 0.0227609 0.011051 0.00738827 0.00804789 0.0107171 0.0143108 0.0182674 0.0221257 0.0254145 0.0276983 0.0286684 0.0282156 0.026456 0.0236955 0.0203497 0.0168449 0.0135332 0.0106431 0.00827175 0.00641062 0.00498625 0.00390098
 1.01017e-16 3.12254e-05 0.00018326 0.000871121 0.00335384 0.0104586 0.0264177 0.0540546 0.0896035 0.120341 0.13097 0.115562 0.0828034 0.0484865 0.0238333 0.0110119 0.00664189 0.00672749 0.00880358 0.0117489 0.0150386 0.0182866 0.0211098 0.0231519 0.0241529 0.0240077 0.0227881 0.0207179 0.0181118 0.0152999 0.012562 0.0100889 0.00797531 0.00623696 0.00483967 0.0037279
 1.00795e-16 3.2673e-05 0.000191761 0.000911538 0.00350946 0.0109439 0.0276435 0.0565626 0.0937598 0.12592 0.137035 0.120895 0.0865845 0.05062 0.0247318 0.0111737 0.00639327 0.00619787 0.0080049 0.0106509 0.0136122 0.0165243 0.0190352 0.0208202 0.0216453 0.0214197 0.0202165 0.0182482 0.01581 0.0132095 0.0107057 0.00847288 0.0065943 0.00507836 0.0038864 0.00295991
 1.02229e-16 8.67303e-06 5.08158e-05 0.00024137 0.000928977 0.00289666 0.00731745 0.0149776 0.0248465 0.0334269 0.0365298 0.0325901 0.0241323 0.0157042 0.0106494 0.00984772 0.0126384 0.0181072 0.0255834 0.0344989 0.0441377 0.0535438 0.0616116 0.0672903 0.0698213 0.0689171 0.0648261 0.0582533 0.0501745 0.0416046 0.0333965 0.0261229 0.0200541 0.015212 0.0114606 0.00859707
 1.0993e-16 6.14722e-06 3.60214e-05 0.000171112 0.000658593 0.00205357 0.00518742 0.0106166 0.0176077 0.0236756 0.0258402 0.022975 0.0168449 0.0106401 0.00668995 0.00558037 0.00682684 0.00981318 0.0141719 0.0197039 0.0261977 0.0333296 0.040658 0.0476774 0.0538968 0.0589102 0.0624413 0.0643497 0.064612 0.0632907 0.06051 0.0564463 0.0513296 0.0454434 0.0391155 0.0326923
 1.08437e-16 2.64977e-05 0.000155517 0.000739255 0.00284616 0.00887548 0.0224187 0.0458715 0.0760364 0.102113 0.111114 0.0979984 0.0701246 0.0408746 0.0197474 0.0085581 0.00442207 0.00395473 0.00510809 0.00702417 0.00940303 0.0121011 0.0149863 0.0179142 0.0207421 0.0233449 0.0256222 0.0274951 0.0288957 0.0297595 0.0300242 0.0296405 0.0285885 0.0268935 0.0246355 0.0219452
 1.04214e-16 2.19387e-05 0.000128726 0.000611828 0.00235544 0.00734511 0.0185535 0.037965 0.0629392 0.0845498 0.0920708 0.0813647 0.0585745 0.0348521 0.0181617 0.0101246 0.00846453 0.0104449 0.0143422 0.0192843 0.0247105 0.0300631 0.0347366 0.0381627 0.0399337 0.0398973 0.038189 0.0351849 0.0313974 0.027347 0.0234546 0.019982 0.0170276 0.0145634 0.0124926 0.0107028
 1.02597e-16 2.66447e-05 0.000156364 0.000743243 0.00286146 0.00892313 0.0225393 0.0461194 0.0764521 0.102685 0.111774 0.0986697 0.0707986 0.0416571 0.0208506 0.0102668 0.00706149 0.00785789 0.0105666 0.0142148 0.0183016 0.0224098 0.0261013 0.0289576 0.0306619 0.0310671 0.0302223 0.0283469 0.0257643 0.0228194 0.0198084 0.0169381 0.0143197 0.0119886 0.0099352 0.00813286
 1.02231e-16 2.42465e-05 0.000142277 0.00067626 0.00260353 0.00811878 0.0205076 0.0419631 0.0695651 0.093444 0.101738 0.0898652 0.0646009 0.0382513 0.0195917 0.0103814 0.00807249 0.00961876 0.0131155 0.017631 0.0226137 0.0275457 0.0318693 0.0350569 0.0367205 0.0366998 0.0350947 0.0322275 0.0285531 0.0245475 0.020612 0.0170175 0.0138963 0.0112687 0.00908716 0.00727812
 1.02972e-16 2.06836e-05 0.000121357 0.000576794 0.00222055 0.00692445 0.0174909 0.035791 0.0593359 0.0797119 0.0868093 0.0767312 0.0552742 0.03296 0.0173087 0.00986396 0.00849754 0.0106464 0.0146979 0.0198327 0.0255121 0.0311843 0.0362376 0.0400839 0.0422815 0.0426315 0.041216 0.0383588 0.0345318 0.0302362 0.0259011 0.0218246 0.018165 0.0149677 0.01221 0.00984254
 1.03765e-16 2.13277e-05 0.000125143 0.0005948 0.0022899 0.00714072 0.0180371 0.0369082 0.0611864 0.0821928 0.0894977 0.0790757 0.056894 0.0337877 0.0174913 0.00957365 0.00781814 0.00956931 0.0131703 0.0178086 0.022991 0.0282355 0.0330097 0.0367962 0.0391964 0.0400147 0.0392915 0.0372729 0.0343316 0.0308697 0.0272347 0.0236728 0.0203233 0.0172416 0.0144362 0.0118995
 1.04899e-16 1.6084e-05 9.43494e-05 0.000448389 0.00172615 0.00538266 0.0135966 0.0278231 0.0461303 0.0619834 0.0675336 0.0597679 0.0432169 0.0260966 0.0143028 0.00909686 0.0088875 0.011732 0.016394 0.0222026 0.0286438 0.0351368 0.0410184 0.0456443 0.0485229 0.0494207 0.0484038 0.045796 0.0420782 0.0377625 0.0332855 0.0289489 0.0249134 0.0212306 0.0178918 0.0148708
 1.02213e-16 3.42872e-05 0.000201246 0.000956652 0.00368319 0.0114857 0.0290119 0.0593618 0.0983969 0.132139 0.143779 0.126788 0.0906837 0.0527713 0.0253272 0.0106759 0.00505159 0.00403324 0.00492243 0.00655712 0.00849902 0.010521 0.0124278 0.0140352 0.0151961 0.0158283 0.0159262 0.0155515 0.0148086 0.0138136 0.0126688 0.0114489 0.0102012 0.00895334 0.00772492 0.00653567
 1.01393e-16 2.47939e-05 0.000145488 0.000691518 0.00266227 0.00830194 0.0209703 0.0429101 0.0711356 0.0955556 0.104043 0.0919138 0.0661017 0.039196 0.0201771 0.0108518 0.00861996 0.0103655 0.0141292 0.0189333 0.0241746 0.0292747 0.0336138 0.0366144 0.0378659 0.0372226 0.0348381 0.0311189 0.0266187 0.0219069 0.0174559 0.0135747 0.0103981 0.00791869 0.00604094 0.00463437
 1.02857e-16 1.8392e-05 0.000107899 0.000512804 0.00197416 0.00615608 0.0155501 0.0318203 0.0527557 0.0708797 0.0772112 0.068296 0.0493036 0.0296121 0.0159395 0.0096973 0.00903255 0.0116958 0.0162595 0.0219659 0.0282645 0.0345549 0.0401601 0.0444263 0.0468596 0.0472341 0.0456347 0.0424158 0.0380983 0.0332398 0.0283225 0.0236872 0.0195218 0.0158892 0.0127744 0.0101284
 1.03343e-16 2.60731e-05 0.000153011 0.000727309 0.00280012 0.00873185 0.0220561 0.0451306 0.0748123 0.100481 0.10937 0.0965367 0.0692445 0.0406956 0.0202833 0.00984866 0.0066038 0.00724545 0.00973876 0.0131531 0.017032 0.0210086 0.0246972 0.0277213 0.029784 0.0307269 0.0305554 0.0294184 0.0275558 0.0252324 0.0226812 0.0200729 0.017513 0.0150573 0.0127353 0.0105695
 1.03618e-16 1.78601e-05 0.000104775 0.000497948 0.00191695 0.00597768 0.0150995 0.0308985 0.0512284 0.0688306 0.0749867 0.0663467 0.0479361 0.02887 0.0156829 0.00975835 0.00930878 0.0121557 0.0169077 0.022809 0.0292889 0.0357157 0.0413807 0.0456073 0.0478966 0.0480403 0.046162 0.0426683 0.0381335 0.0331568 0.0282403 0.0237195 0.0197543 0.0163654 0.0134917 0.0110445
 1.08565e-16 4.65393e-07 2.63877e-06 1.2351e-05 4.72297e-05 0.000146985 0.000371914 0.000765813 0.00128783 0.0017853 0.00208988 0.00219358 0.00233493 0.00290838 0.00430765 0.00684978 0.0107821 0.0162794 0.0233831 0.0319121 0.0414027 0.0511214 0.0601638 0.067622 0.0727727 0.0752238 0.0749763 0.0723768 0.0679929 0.0624544 0.0563192 0.0499997 0.0437548 0.0377272 0.0319984 0.0266326
pSPR Fmed_Fpbrs
0.512495   0.255602 0.255602
Fs Fmed_Fpbrs
0.385231   1.005 1.005
SSBpbr Bo_Bmed_Bpbrs
1.07373e+06  496597  220762 220762
Ro
16983.5
SPR SPRFo_SPRFmed_SPRFpbrs
348804 178761 89155.1
log_Ro
9.56
likeval ReclasPelacesDesembMPH_pf_preclas_ppelaces_ptallas_desvR_qrecl_qpela
 100.576 132.156 0.170388 0.000572611 438.668 219.542 93.3803 0 78.5431 0 0 0 0 0 0
q_reclas_q_pelaces
1 1
M
0.7
N
 2682.38 66458.8 33452.2 4509.37 0.112282
 3914.22 1272.4 30114 15158 2043.35
 533.247 1786.06 533.498 12626.3 7212.22
 2183.64 188.609 449.956 134.403 4997.86
 53341.8 917.212 67.011 159.865 1823.44
 11315.6 25635.1 426.59 31.1664 922.423
 53263.6 3829.54 5912.59 98.3905 219.94
 67359.2 20189 1107.96 1710.62 92.099
 105754 22430.2 4508.12 247.402 402.54
 239203 37835.2 5781.46 1161.98 167.524
 49342.1 103592 14289.6 2183.54 502.128
 15519 19547.5 32740.2 4516.23 848.805
 54215.7 6104.28 6090.28 10200.6 1671.54
 27656.8 18376.4 1412.25 1409.01 2746.67
 19505.1 7003.77 2373.15 182.38 536.67
 13924.1 5405.87 1083.36 367.086 111.225
 10802 5282.43 1566.78 313.99 138.628
 10607.1 4234.73 1634.86 484.903 140.081
 6425.86 4361.49 1441.82 556.63 212.792
 29466.1 2582.24 1418.31 468.865 250.208
 33812.1 12036 867.603 476.536 241.6
 28963 15666.1 5203.15 375.065 310.451
 58490.5 13069.4 6423.8 2133.52 281.091
 42071.1 25567.1 5028.68 2471.67 929.064
 515.861 18266.4 9705.62 1908.96 1290.97
pred_Ctot
 86.5801 4205.3 2116.75 285.339 0.00710487
 229.481 143.843 3404.34 1713.59 230.998
 112.516 657.687 196.452 4649.43 2655.79
 244.421 39.3437 93.8603 28.0362 1042.55
 1238.64 41.9898 3.06775 7.31859 83.4768
 2649.39 10310.8 171.581 12.5356 371.013
 9209.1 1185.49 1830.32 30.4581 68.0855
 16328.2 8359.53 458.764 708.306 38.1348
 21665.1 8052.73 1618.47 88.8204 144.517
 22176.9 6618.61 1011.37 203.268 29.3055
 7269.92 27794.1 3833.96 585.853 134.723
 2351.76 5379.36 9009.89 1242.84 233.586
 12651 2448.28 2442.66 4091.21 670.415
 10126.7 10530.3 809.268 807.412 1573.94
 6407.87 3699.91 1253.68 96.3466 283.509
 2400.45 1669.17 334.51 113.345 34.3429
 1658.03 1470.52 436.16 87.4087 38.5914
 1326.17 978.342 377.699 112.026 32.3627
 892.416 1109.17 366.67 141.557 54.1152
 3802.78 614.179 337.341 111.518 59.5114
 1635 1129.53 81.4216 44.7213 22.6734
 1912.35 1985.24 659.352 47.5289 39.3408
 5074.75 2147.72 1055.64 350.606 46.1923
 3831.92 4398.5 865.121 425.22 159.834
 74.0073 4784.26 2542.06 499.987 338.125
F
 0.0457959 0.0915918 0.0915918 0.0915918 0.0915918
 0.0846047 0.169209 0.169209 0.169209 0.169209
 0.339308 0.678615 0.678615 0.678615 0.678615
 0.16741 0.334821 0.334821 0.334821 0.334821
 0.0327583 0.0655165 0.0655165 0.0655165 0.0655165
 0.383439 0.766878 0.766878 0.766878 0.766878
 0.270113 0.540227 0.540227 0.540227 0.540227
 0.399629 0.799258 0.799258 0.799258 0.799258
 0.327877 0.655755 0.655755 0.655755 0.655755
 0.136853 0.273707 0.273707 0.273707 0.273707
 0.225928 0.451856 0.451856 0.451856 0.451856
 0.233078 0.466155 0.466155 0.466155 0.466155
 0.381903 0.763806 0.763806 0.763806 0.763806
 0.673424 1.34685 1.34685 1.34685 1.34685
 0.58319 1.16638 1.16638 1.16638 1.16638
 0.269231 0.538463 0.538463 0.538463 0.538463
 0.236414 0.472828 0.472828 0.472828 0.472828
 0.188706 0.377412 0.377412 0.377412 0.377412
 0.211673 0.423346 0.423346 0.423346 0.423346
 0.195339 0.390679 0.390679 0.390679 0.390679
 0.0693175 0.138635 0.138635 0.138635 0.138635
 0.0957455 0.191491 0.191491 0.191491 0.191491
 0.127558 0.255117 0.255117 0.255117 0.255117
 0.1343 0.2686 0.2686 0.2686 0.2686
 0.219378 0.438756 0.438756 0.438756 0.438756
nmprior
 10.6 11 7 0
nm_flota  nm_reclas  nm_pelaces    nm_pelaL
inf 10.4699 8.18799 15.3862
cv_recla  cv_pelaces  cv_mph
0.907135 1.30351 0.776369
 ------------------------------------------------
Talla a la edad & desviación 
 7.2 14.2025 17.0495 18.207 18.6776
 1.08 2.13037 2.55742 2.73105 2.80164
