years
 1997 1998 1999 2000 2001 2002 2003 2004 2005 2006 2007 2008 2009 2010 2011 2012 2013 2014 2015 2016 2017 2018 2019 2020 2021
reclasobs
 0 0 0 370054 412103 1.49427e+06 250295 1.28982e+06 931140 785840 897777 1.04006e+06 184774 17550 25797 100020 73551 82996 120727 218422 84188 347160 605670 569463 516374
reclaspred
 552837 137339 349241 222216 349861 430324 931478 646823 734823 771838 654090 443073 273896 113954 67360.8 65939.5 80171.4 105181 113003 155452 235065 222324 382029 468060 489810
pelacesobs
 0 0 0 0 0 0 0 0 0 2.06254e+06 1.5e+06 0 1.87456e+06 323000 250000 174000 83755 137374 0 501740 490994 745055 786931 1.00524e+06 1.33801e+06
pelacespred
 2.14097e+06 470787 693133 714575 1.00218e+06 916919 2.55052e+06 2.0098e+06 2.1233e+06 2.22435e+06 1.59267e+06 1.12738e+06 707535 228504 143531 147646 187991 256353 271056 376982 656888 577508 782624 1.15336e+06 1.19117e+06
mphobs
 0 0 0 0 0 112323 0 153150 637223 0 255016 313432 73983 77613 109348 50772 0 0 0 0 0 0 0 0 0
mphpred
 254756 138049 148101 140298 152458 256766 361316 449405 389488 420304 449616 308156 190547 100526 42562.6 34178.8 39792.4 51936.5 63370 72696.1 110440 135759 169689 238516 301410
desembarqueobs
 350755 77701 442110 56441 14545 235359 269955 359681 431902 328805 639364 411747 362871 311530 167758 66681 60226 58785 57116 73181 50977 67692 138656 160484 209506
desembarquepred
 350748 77697.6 442051 56443.3 14545.2 235420 269997 359635 431898 328785 639215 411745 362904 311575 167564 66670.7 60244.7 58771.5 57097 73173.1 50976.7 67677.8 138651 160484 209496
Reclutas
 37139.8 46398.1 21918.5 32576.6 61509.4 42016.4 78709.1 76900 100730 122654 63901 45205.7 48365.3 25537.4 14803.4 13972.2 10168.1 11320.1 12795.3 20570.9 26511.6 34455.2 54474.4 61412.6 22763
log_desv_Rt
 0.0624447 0.285013 -0.464913 -0.0686512 0.566946 0.185816 0.813514 0.790261 1.0602 1.25712 0.605091 0.258979 0.326537 -0.312101 -0.857389 -0.915172 -1.23299 -1.12567 -1.00317 -0.528368 -0.274662 -0.0125852 0.445487 0.56537 -0.42711
SSB
 523889 283889 304559 288514 313520 528021 743020 924171 800956 864325 924604 633702 391847 206725 87527.1 70286.3 81830.3 106804 130316 149494 227111 279178 348953 490492 619829
BT
 1.64746e+06 420143 676536 501666 636528 740221 1.79513e+06 1.6463e+06 1.72876e+06 1.70086e+06 1.54856e+06 1.06926e+06 793484 431689 227681 146921 165409 206884 214784 293363 450852 415029 575026 841569 892928
Ftot
 0.608466 0.579252 1.01157 0.238719 0.0441636 0.41865 0.280504 0.520892 0.589203 0.423404 0.778338 0.743244 1.20285 2.19366 2.40881 0.996888 0.71911 0.525399 0.437233 0.457786 0.205419 0.261061 0.310927 0.305562 0.319435
BD_Bspro_t
 0.92589 0.671296 0.588045 0.396977 0.544969 0.721371 0.664342 0.682494 0.615574 0.587675 0.573635 0.407935 0.301884 0.206352 0.110508 0.109317 0.168287 0.273289 0.369835 0.462472 0.593372 0.701333 0.712518 0.718171 0.710552
BD_Bspro
 0.73108 0.396163 0.425008 0.402617 0.437513 0.736846 1.03688 1.28967 1.11772 1.20616 1.29027 0.884323 0.546818 0.288482 0.122143 0.0980837 0.114193 0.149043 0.181854 0.208618 0.316931 0.38959 0.48696 0.684475 0.864964
BD_Bo
 0.59207 0.320836 0.344196 0.326062 0.354323 0.59674 0.839721 1.04445 0.905196 0.976813 1.04494 0.716175 0.442844 0.233629 0.0989183 0.0794337 0.0924801 0.120704 0.147276 0.16895 0.256669 0.315512 0.394368 0.554327 0.700497
BD_Brms
 1.9893 1.07798 1.15646 1.09554 1.19049 2.00499 2.82138 3.50924 3.04137 3.282 3.51088 2.40628 1.48791 0.784972 0.332356 0.266889 0.310724 0.405553 0.494833 0.567657 0.862382 1.06009 1.32504 1.86248 2.3536
S_f
 0.154082 1 1 1 1
 0.154082 1 1 1 1
 0.154082 1 1 1 1
 0.154082 1 1 1 1
 0.154082 1 1 1 1
 0.154082 1 1 1 1
 0.154082 1 1 1 1
 0.154082 1 1 1 1
 0.154082 1 1 1 1
 0.154082 1 1 1 1
 0.154082 1 1 1 1
 0.154082 1 1 1 1
 0.154082 1 1 1 1
 0.154082 1 1 1 1
 0.154082 1 1 1 1
 0.154082 1 1 1 1
 0.154082 1 1 1 1
 0.154082 1 1 1 1
 0.154082 1 1 1 1
 0.154082 1 1 1 1
 0.154082 1 1 1 1
 0.154082 1 1 1 1
 0.154082 1 1 1 1
 0.154082 1 1 1 1
 0.154082 1 1 1 1
Scru_reclas
 0.722787 1 1 1 1
 0.722787 1 1 1 1
 0.722787 1 1 1 1
 0.722787 1 1 1 1
 0.722787 1 1 1 1
 0.722787 1 1 1 1
 0.722787 1 1 1 1
 0.722787 1 1 1 1
 0.722787 1 1 1 1
 0.722787 1 1 1 1
 0.722787 1 1 1 1
 0.722787 1 1 1 1
 0.722787 1 1 1 1
 0.722787 1 1 1 1
 0.722787 1 1 1 1
 0.722787 1 1 1 1
 0.722787 1 1 1 1
 0.722787 1 1 1 1
 0.722787 1 1 1 1
 0.722787 1 1 1 1
 0.722787 1 1 1 1
 0.722787 1 1 1 1
 0.722787 1 1 1 1
 0.722787 1 1 1 1
 0.722787 1 1 1 1
Scru_pelaces
 0.90345 1 1 1 1
 0.90345 1 1 1 1
 0.90345 1 1 1 1
 0.90345 1 1 1 1
 0.90345 1 1 1 1
 0.90345 1 1 1 1
 0.90345 1 1 1 1
 0.90345 1 1 1 1
 0.90345 1 1 1 1
 0.90345 1 1 1 1
 0.90345 1 1 1 1
 0.90345 1 1 1 1
 0.90345 1 1 1 1
 0.90345 1 1 1 1
 0.90345 1 1 1 1
 0.90345 1 1 1 1
 0.90345 1 1 1 1
 0.90345 1 1 1 1
 0.90345 1 1 1 1
 0.90345 1 1 1 1
 0.90345 1 1 1 1
 0.90345 1 1 1 1
 0.90345 1 1 1 1
 0.90345 1 1 1 1
 0.90345 1 1 1 1
pf_obs 
 0.256992 0.487395 0.22802 0.0275931 0
 0.321318 0.546541 0.124235 0.00734118 0.000564706
 0.182869 0.594174 0.210203 0.0122559 0.00049798
 0.330522 0.361315 0.267642 0.0388342 0.00168674
 0.649043 0.306663 0.0425973 0.00169635 0
 0.582887 0.30429 0.105238 0.00758474 0
 0.465427 0.430635 0.0974691 0.00646863 0
 0.296916 0.608066 0.0921331 0.00288517 0
 0.311714 0.524322 0.152257 0.0117073 0
 0.15457 0.633149 0.183074 0.0267441 0.00246327
 0.131901 0.49318 0.331252 0.0422183 0.00144891
 0.196976 0.569456 0.194076 0.0375587 0.00193317
 0.518974 0.381816 0.0799577 0.0180837 0.00116848
 0.0928022 0.601141 0.25162 0.0475244 0.00691264
 0.122501 0.610282 0.24278 0.0234846 0.000952079
 0.383417 0.481906 0.127806 0.00687128 0
 0.0376549 0.599619 0.316969 0.0457579 0
 0.0361596 0.667082 0.258105 0.0386534 0
 0.158088 0.579412 0.248529 0.0139706 0
 0.0477256 0.309471 0.559284 0.082774 0.000745712
 0.0406174 0.521527 0.379366 0.0568643 0.0016247
 0.151134 0.462217 0.34131 0.0453401 0
 0.294876 0.26143 0.354403 0.0886775 0.000613685
 0.281977 0.475581 0.204845 0.0348837 0.00271318
 0.0354234 0.537034 0.353287 0.0723622 0.0018943
pf_pred 
 0.289422 0.498139 0.189674 0.0227547 9.3653e-06
 0.289644 0.555051 0.108874 0.0414557 0.00497536
 0.149089 0.662825 0.146964 0.0288274 0.0122938
 0.278322 0.473375 0.193418 0.0428855 0.0119995
 0.313005 0.506574 0.118345 0.0483552 0.0137214
 0.156968 0.633295 0.154655 0.0361304 0.0189518
 0.290742 0.423558 0.214621 0.052412 0.0186671
 0.222706 0.585199 0.114717 0.0581279 0.0192511
 0.276639 0.510798 0.160032 0.0313711 0.0211605
 0.270051 0.561072 0.119252 0.0373613 0.0122641
 0.144163 0.639322 0.166423 0.035372 0.0147197
 0.164981 0.515821 0.238446 0.0620703 0.0186825
 0.264307 0.478502 0.158876 0.0734425 0.0248723
 0.234038 0.622705 0.0931753 0.0309367 0.0191441
 0.304523 0.604619 0.0738653 0.0110525 0.00594058
 0.352072 0.59356 0.047265 0.00577429 0.0013284
 0.223902 0.663048 0.103564 0.00824678 0.00123927
 0.252881 0.544222 0.173342 0.027075 0.00247996
 0.247506 0.556807 0.142544 0.0454021 0.0077411
 0.313043 0.49842 0.139508 0.0357144 0.0133151
 0.266972 0.577096 0.113136 0.0316669 0.0111292
 0.2486 0.543178 0.163928 0.032137 0.0121565
 0.288326 0.504508 0.149758 0.045196 0.012212
 0.235967 0.575687 0.13352 0.0396339 0.0151932
 0.0864231 0.638722 0.207099 0.0480326 0.0197236
pobs_RECLAS
 0 0 0 0 0
 0 0 0 0 0
 0 0 0 0 0
 0 0 0 0 0
 0.835266 0.146461 0.0176864 0.000547809 3.91292e-05
 0.385257 0.428462 0.181853 0.0044286 0
 0.867414 0.0963971 0.0333333 0.00285562 0
 0.441836 0.489002 0.0689373 0.000224442 0
 0.779404 0.147425 0.0564933 0.0165055 0.000172143
 0.814271 0.122319 0.05973 0.00367925 0
 0.40263 0.566651 0.0304383 0.000280538 0
 0.475488 0.404961 0.113038 0.00651328 0
 0.955842 0.0263864 0.0167828 0.000988607 0
 0.975058 0.0227948 0.00214734 0 0
 0.738997 0.206755 0.0527124 0.00153531 0
 0.850938 0.134255 0.0134407 0.00136685 0
 0.542534 0.407297 0.0501686 0 0
 0.764087 0.199537 0.0359546 0.000420521 0
 0.470689 0.182191 0.310203 0.0369168 0
 0.84361 0.089868 0.0606195 0.00523954 0.000663233
 0.607945 0.314616 0.071237 0.00620181 0
 0.523733 0.453247 0.0230204 0 0
 0.530135 0.295979 0.169645 0.0042399 0
 0.562478 0.366248 0.0663022 0.0049721 0
 0.250443 0.683176 0.0655157 0.000865301 0
ppred_RECLAS
 0.666338 0.233908 0.0890643 0.0106848 4.39761e-06
 0.665961 0.261008 0.0511973 0.0194942 0.00233962
 0.473211 0.410347 0.0909838 0.0178467 0.00761096
 0.647202 0.231413 0.094554 0.0209649 0.00586606
 0.681736 0.23468 0.0548258 0.0224015 0.00635672
 0.473035 0.395861 0.0966722 0.0225845 0.0118464
 0.661655 0.202055 0.102383 0.0250027 0.00890497
 0.582191 0.314554 0.0616621 0.0312447 0.0103478
 0.65177 0.245901 0.0770402 0.0151022 0.0101868
 0.640843 0.276064 0.0586754 0.0183829 0.00603431
 0.456634 0.405902 0.105661 0.0224575 0.00934546
 0.495461 0.311672 0.144075 0.0375044 0.0112884
 0.653858 0.225134 0.0747506 0.0345545 0.0117024
 0.655393 0.280156 0.0419197 0.0139185 0.00861298
 0.740179 0.225877 0.027595 0.00412904 0.00221932
 0.735504 0.242302 0.0192944 0.00235717 0.000542277
 0.588523 0.351539 0.0549083 0.00437233 0.000657047
 0.622187 0.27521 0.087658 0.0136917 0.0012541
 0.613624 0.285898 0.0731905 0.0233122 0.00397474
 0.6879 0.226443 0.0633816 0.0162258 0.00604932
 0.633511 0.288528 0.0565641 0.0158324 0.0055642
 0.611829 0.280605 0.0846848 0.0166019 0.00628003
 0.659514 0.241372 0.0716486 0.0216231 0.0058426
 0.596125 0.304314 0.0705797 0.0209508 0.00803128
 0.311561 0.481318 0.156062 0.0361957 0.014863
pobs_PELACES
 0 0 0 0 0
 0 0 0 0 0
 0 0 0 0 0
 0 0 0 0 0
 0 0 0 0 0
 0 0 0 0 0
 0 0 0 0 0
 0 0 0 0 0
 0 0 0 0 0
 0 0 0 0 0
 0.450072 0.473896 0.0757376 0.000293798 0
 0 0 0 0 0
 0.463077 0.371075 0.160297 0.00555027 0
 0.529543 0.364841 0.0842815 0.0213345 0
 0.631943 0.363953 0.00410389 0 0
 0.735681 0.248677 0.0153453 0.000297389 0
 0.695825 0.281241 0.0229344 0 0
 0.275771 0.60734 0.115278 0.00161068 0
 0 0 0 0 0
 0.896147 0.0623911 0.0374545 0.00400742 0
 0.803859 0.145111 0.0509908 3.86294e-05 0
 0.739449 0.233085 0.0266225 0.000797448 4.60066e-05
 0.878498 0.100942 0.0204185 0.000141795 0
 0.694673 0.275183 0.0284847 0.00165964 0
 0.469039 0.446079 0.0841089 0.000773354 0
ppred_PELACES
 0.747369 0.177103 0.0674347 0.00808993 3.32963e-06
 0.745505 0.198855 0.0390058 0.0148521 0.00178249
 0.598263 0.312937 0.0693857 0.0136102 0.00580424
 0.710232 0.19007 0.0776614 0.0172194 0.00481806
 0.730507 0.198718 0.0464242 0.0189687 0.00538261
 0.557744 0.332227 0.0811324 0.0189541 0.00994213
 0.725535 0.163906 0.0830528 0.0202821 0.00722369
 0.668252 0.249762 0.0489608 0.0248089 0.00821631
 0.733883 0.187917 0.0588741 0.0115411 0.00778473
 0.715109 0.21898 0.0465427 0.0145817 0.00478655
 0.566229 0.324033 0.0843496 0.0179279 0.00746051
 0.60167 0.246063 0.113746 0.0296094 0.00891215
 0.767621 0.151142 0.050183 0.0231978 0.00785625
 0.814316 0.150956 0.0225875 0.00749966 0.00464091
 0.874619 0.109001 0.0133165 0.00199254 0.00107097
 0.821145 0.163847 0.0130471 0.00159395 0.000366694
 0.686049 0.268219 0.0418943 0.00333603 0.000501317
 0.704457 0.215282 0.0685701 0.0107102 0.000981015
 0.691626 0.228181 0.0584147 0.0186059 0.00317232
 0.757904 0.175652 0.0491652 0.0125864 0.00469247
 0.695881 0.239426 0.0469379 0.013138 0.00461727
 0.679394 0.231762 0.0699445 0.0137122 0.00518692
 0.725325 0.194718 0.0577999 0.0174437 0.0047133
 0.667688 0.250391 0.0580735 0.0172385 0.00660819
 0.382122 0.431986 0.140067 0.0324859 0.0133396
pobs_pel_tallas
 0 0 0 0 0 0 0 0 0 0 0 0 0 0 0 0 0 0 0 0 0 0 0 0 0 0 0 0 0 0 0 0 0 0 0 0
 0 0 0 0 0 0 0 0 0 0 0 0 0 0 0 0 0 0 0 0 0 0 0 0 0 0 0 0 0 0 0 0 0 0 0 0
 0 0 0 0 0 0 0 0 0 0 0 0 0 0 0 0 0 0 0 0 0 0 0 0 0 0 0 0 0 0 0 0 0 0 0 0
 0 0 0 0 0 0 0 0 0 0 0 0 0 0 0 0 0 0 0 0 0 0 0 0 0 0 0 0 0 0 0 0 0 0 0 0
 0 0 0 0 0 0 0 0 0 0 0 0 0 0 0 0 0 0 0 0 0 0 0 0 0 0 0 0 0 0 0 0 0 0 0 0
 0 0 0 0 0 0 0 0 0 0 0 0 0 0 0 0 0 0 0 0 0 0 0 0 0 0 0 0 0 0 0 0 0 0 0 0
 0 0 0 0 0 0 0 0 0 0 0 0 0 0 0 0 0 0 0 0 0 0 0 0 0 0 0 0 0 0 0 0 0 0 0 0
 0 0 0 0 0 0 0 0 0 0 0 0 0 0 0 0 0 0 0 0 0 0 0 0 0 0 0 0 0 0 0 0 0 0 0 0
 0 0 0 0 0 0 0 0 0 0 0 0 0 0 0 0 0 0 0 0 0 0 0 0 0 0 0 0 0 0 0 0 0 0 0 0
 0 0 0 0 0 0 0 0 0 0 0 0 0 0 0 0 0 0 0 0 0 0 0 0 0 0 0 0 0 0 0 0 0 0 0 0
 0 0 0 0 0 0 0 0 1.78061e-05 0.00172719 0.00360574 0.0105946 0.0120993 0.0124554 0.0147524 0.0171206 0.0266825 0.0428682 0.0675386 0.121331 0.153587 0.119568 0.100827 0.0573624 0.0630603 0.0341343 0.0324427 0.0444173 0.0211091 0.0280891 0.0125444 0.00206551 0 0 0 0
 0 0 0 0 0 0 0 0 0 0 0 0 0 0 0 0 0 0 0 0 0 0 0 0 0 0 0 0 0 0 0 0 0 0 0 0
 0 0 0 0 0 0 0.0133647 0.0140871 0.0187388 0.0205184 0.03894 0.0496705 0.03968 0.0493445 0.0407372 0.0367815 0.0215668 0.0243155 0.0234873 0.0199281 0.019796 0.0243948 0.0301388 0.0376714 0.0412746 0.0863199 0.0771752 0.113111 0.0741005 0.0525337 0.0229764 0.00759418 0.00175318 0 0 0
 0 0 0 0 0 0 0 0 0 0 0.00219441 0.00772107 0.0458388 0.0604681 0.0671733 0.0775358 0.0609151 0.0617685 0.073594 0.0568108 0.0755445 0.0548602 0.0670107 0.0636378 0.0643287 0.046367 0.0373049 0.0286899 0.0247887 0.0153202 0.00654259 0.00121912 0.000365735 0 0 0
 0 0 0 0 0 0 0 0 0 0 0 0 0.000112435 0.00938835 0.0111873 0.0202946 0.0414886 0.0713402 0.111592 0.104902 0.108894 0.110636 0.117776 0.105296 0.107544 0.0401394 0.0192827 0.0124803 0.00416011 0.0028671 0.000618394 0 0 0 0 0
 0 0 0 0 0 0 0 0 0 0 0.00291406 0.0102884 0.027416 0.0768956 0.0749926 0.110853 0.0956884 0.0897413 0.0766577 0.0534642 0.0500743 0.0551293 0.0594112 0.0620874 0.0668451 0.0424026 0.0208742 0.0120726 0.0048766 0.00582813 0.00118941 0.000297354 0 0 0 0
 0 0.00264628 0.0354308 0.0461629 0.0458689 0.0383711 0.0214643 0.0164657 0.0346957 0.0420465 0.0363128 0.0245516 0.0311673 0.0291091 0.0169068 0.0133784 0.00837989 0.0085269 0.0148486 0.0160247 0.0276389 0.0546898 0.0760071 0.122758 0.109233 0.0665981 0.0333725 0.0166128 0.00676272 0.00308733 0.000882094 0 0 0 0 0
 0 0 0 0 0 0 0 0.000805153 0.000690131 0.00759144 0.0133425 0.0154129 0.00931677 0.000345066 0.00356568 0.00563607 0.00851162 0.0253048 0.0502646 0.0516448 0.0657925 0.0565908 0.0611916 0.0827007 0.0866115 0.110766 0.145733 0.0935128 0.0569358 0.0249597 0.0138026 0.00621118 0.00161031 0.00115022 0 0
 0 0 0 0 0 0 0 0 0 0 0 0 0 0 0 0 0 0 0 0 0 0 0 0 0 0 0 0 0 0 0 0 0 0 0 0
 0.00147267 0.00158595 0.00478618 0.00569244 0.00954404 0.0108468 0.00647125 0.017049 0.0510054 0.094081 0.124002 0.0959785 0.0687766 0.0820023 0.061753 0.0591476 0.0492212 0.0479892 0.0443925 0.0268479 0.0217502 0.0140895 0.0121071 0.0120363 0.00920419 0.00665534 0.0049561 0.00860946 0.00930331 0.0156896 0.0114698 0.00855282 0.00243557 0.00046729 0 2.83206e-05
 0 0 0 0 0.000772559 0.00158375 0.000888443 0.00281984 0.00712685 0.0440552 0.0773331 0.111326 0.0921469 0.0852325 0.0710754 0.0886704 0.0786465 0.0553345 0.0373146 0.0185414 0.00753245 0.00457741 0.012979 0.0271748 0.0457355 0.0583668 0.034881 0.0177882 0.00938659 0.00492506 0.0015258 0.00185414 0.000309023 5.79419e-05 3.86279e-05 0
 0 0.00173294 0.00326652 0 0.00397197 0.00683976 0.00946217 0.0152591 0.00757587 0.0136028 0.0228656 0.0392903 0.0559909 0.0764795 0.0681675 0.0726916 0.0566044 0.0477403 0.0527397 0.0444891 0.0609904 0.0582453 0.0661739 0.0445044 0.0529084 0.0360697 0.0280645 0.0235558 0.0158879 0.00826598 0.00280645 0.00217768 0.000904811 0.00058276 9.20147e-05 0
 0 0 0 0 0 0 0 0 0 0 0 0 0 0 0 0 0 0 0 0 0 0 0 0 0 0 0 0 0 0 0 0 0 0 0 0
 0 0 0 0 0 0 0 0 0 0 0 0 0 0 0 0 0 0 0 0 0 0 0 0 0 0 0 0 0 0 0 0 0 0 0 0
 0 0 0 0 0 0 0 0 0 0 0 0 0 0 0 0 0 0 0 0 0 0 0 0 0 0 0 0 0 0 0 0 0 0 0 0
ppred_pel_tallas
 1.01294e-16 3.26088e-05 0.000191387 0.000909766 0.00350265 0.0109227 0.0275898 0.0564525 0.0935765 0.125671 0.136757 0.120633 0.086361 0.0504171 0.0244989 0.0108451 0.00590106 0.0054794 0.00701112 0.00935902 0.0120406 0.0147448 0.0171761 0.0190561 0.0201731 0.0204264 0.0198441 0.0185672 0.0168066 0.0147907 0.0127188 0.0107341 0.00891921 0.00730692 0.00589925 0.00468446
 1.01213e-16 3.25283e-05 0.000190912 0.000907507 0.00349394 0.0108955 0.0275213 0.0563124 0.0933448 0.125362 0.136425 0.120351 0.0861825 0.05036 0.0245584 0.011018 0.00619888 0.00592599 0.00763133 0.0101653 0.0130209 0.0158548 0.018337 0.0201619 0.021106 0.0210772 0.0201337 0.0184624 0.0163266 0.014002 0.0117211 0.00964087 0.00783827 0.00632517 0.00507397 0.0040417
 1.01826e-16 2.61125e-05 0.000153236 0.000728364 0.00280416 0.00874443 0.0220879 0.0451962 0.0749231 0.100636 0.109554 0.0967352 0.069466 0.0409842 0.0207191 0.010539 0.0076732 0.00882178 0.0119309 0.0160195 0.0205452 0.0250272 0.0289567 0.0318525 0.0333602 0.0333318 0.0318555 0.0292224 0.0258455 0.0221587 0.0185298 0.0152101 0.0123254 0.00989954 0.00789377 0.00624354
 1.01982e-16 3.09899e-05 0.000181882 0.000864574 0.00332864 0.01038 0.0262192 0.0536482 0.0889288 0.119432 0.129973 0.114662 0.0821165 0.0479997 0.0234379 0.01057 0.00603033 0.00584979 0.00759192 0.0101722 0.0131175 0.0161075 0.0188294 0.0209856 0.0223473 0.0228011 0.022369 0.0211904 0.0194782 0.0174635 0.0153472 0.0132737 0.0113267 0.00954166 0.00792628 0.00647768
 1.01628e-16 3.18743e-05 0.000187073 0.000889253 0.00342366 0.0106764 0.0269677 0.0551797 0.0914674 0.122841 0.133683 0.117935 0.084459 0.0493664 0.0240994 0.0108561 0.00617142 0.00595772 0.00770166 0.0102785 0.0131913 0.0161013 0.0186808 0.0206244 0.021706 0.0218281 0.0210407 0.0195199 0.0175175 0.0152976 0.0130836 0.0110266 0.00920185 0.00762409 0.0062723 0.00511289
 1.02376e-16 2.43465e-05 0.000142866 0.00067906 0.00261432 0.00815242 0.0205926 0.0421368 0.0698527 0.0938291 0.102154 0.0902257 0.0648444 0.0383642 0.0195922 0.01029 0.00789484 0.00934573 0.0127327 0.0171287 0.0219959 0.026835 0.0311089 0.0343071 0.0360507 0.036177 0.0347712 0.0321315 0.0286843 0.0248789 0.021096 0.0175963 0.0145115 0.0118698 0.0096364 0.00775255
 1.02267e-16 3.16562e-05 0.000185795 0.000883187 0.00340031 0.0106036 0.0267837 0.0548031 0.0908423 0.121999 0.132759 0.117104 0.0838292 0.048928 0.0237557 0.0104847 0.0056652 0.00523537 0.00670832 0.00899154 0.0116324 0.014347 0.0168657 0.0189303 0.0203372 0.020978 0.0208558 0.0200723 0.0187915 0.0171948 0.0154424 0.0136524 0.0118977 0.0102176 0.00863265 0.00715807
 1.02013e-16 2.91618e-05 0.000171143 0.000813512 0.00313202 0.00976688 0.0246705 0.0504798 0.0836788 0.112387 0.122322 0.107952 0.0773951 0.0454094 0.0224884 0.0106737 0.00682555 0.00722611 0.00957822 0.012826 0.0164542 0.0200621 0.023243 0.0256154 0.0268989 0.0269765 0.0259177 0.023951 0.0213994 0.0185997 0.0158342 0.0132916 0.0110619 0.00915703 0.00754265 0.0061689
 1.01658e-16 3.20211e-05 0.000187936 0.000893357 0.00343947 0.0107256 0.0270922 0.0554343 0.0918891 0.123406 0.134295 0.11847 0.0848291 0.0495567 0.0241442 0.0107956 0.00602606 0.00572762 0.00737734 0.00985244 0.0126665 0.0154962 0.0180306 0.0199782 0.0211198 0.0213552 0.0207213 0.0193741 0.0175416 0.0154667 0.0133572 0.0113579 0.00954584 0.00794429 0.00654447 0.00532551
 1.01457e-16 3.12037e-05 0.000183134 0.000870523 0.00335154 0.0104514 0.0263996 0.0540175 0.0895416 0.120257 0.130876 0.115473 0.0827255 0.0484131 0.0237459 0.010886 0.00645115 0.00644655 0.00841095 0.0112317 0.0143987 0.0175453 0.0203108 0.0223586 0.0234415 0.0234561 0.0224636 0.0206664 0.0183511 0.015818 0.0133209 0.0110316 0.00903495 0.00734546 0.00593509 0.00475945
 1.02268e-16 2.47162e-05 0.000145037 0.000689383 0.00265407 0.00827637 0.0209057 0.0427774 0.0709142 0.0952537 0.103702 0.0915854 0.0658054 0.0389003 0.0198061 0.0103056 0.00779139 0.00915228 0.0124493 0.0167471 0.0215116 0.026254 0.0304495 0.0335989 0.0353305 0.0354826 0.034135 0.031575 0.028216 0.0244944 0.0207819 0.0173344 0.014284 0.0116623 0.00944015 0.00756397
 1.03129e-16 2.62585e-05 0.000154098 0.000732478 0.00282002 0.00879391 0.0222128 0.0454513 0.0753442 0.101196 0.110149 0.0972257 0.0697425 0.0409958 0.0204466 0.0099498 0.00669832 0.00736473 0.00989745 0.0133549 0.0172707 0.0212675 0.0249489 0.0279298 0.029909 0.0307304 0.0304083 0.0291063 0.0270819 0.024617 0.0219588 0.0192867 0.0167085 0.0142767 0.0120134 0.0099306
 1.01926e-16 3.34907e-05 0.000196567 0.0009344 0.0035975 0.0112185 0.028337 0.0579811 0.0961093 0.12907 0.140448 0.123871 0.0886401 0.051669 0.0249603 0.0107993 0.00552131 0.0048159 0.00604405 0.0080511 0.0103712 0.0127293 0.0148752 0.0165753 0.0176519 0.01802 0.0177018 0.0168113 0.0155186 0.0140045 0.0124231 0.01088 0.00943125 0.00809494 0.00686876 0.0057454
 1.00845e-16 3.55268e-05 0.000208521 0.000991229 0.00381631 0.0119008 0.0300605 0.0615075 0.101954 0.136918 0.148984 0.131392 0.094004 0.054759 0.0263833 0.0112928 0.00558971 0.00469067 0.00578617 0.00764417 0.00976794 0.0118695 0.0136934 0.0150083 0.0156473 0.0155452 0.0147525 0.0134181 0.0117487 0.00995894 0.00822854 0.006677 0.00535983 0.00428078 0.00341193 0.00271325
 1.00344e-16 3.81546e-05 0.000223952 0.0010646 0.00409882 0.0127818 0.0322858 0.0660603 0.109499 0.147046 0.159992 0.141068 0.100859 0.0586156 0.0279853 0.0115385 0.00506402 0.00362128 0.00418955 0.00546493 0.00695974 0.00843432 0.00969754 0.0105812 0.0109657 0.0108066 0.0101446 0.00909271 0.00780657 0.00644777 0.00515172 0.00400885 0.00306116 0.0023108 0.00173473 0.00129927
 1.00311e-16 3.58251e-05 0.000210271 0.000999546 0.00384833 0.0120007 0.0303127 0.0620236 0.10281 0.138068 0.150238 0.132503 0.0948111 0.0552531 0.0266658 0.0114887 0.00579406 0.00496026 0.00615036 0.0081125 0.0103304 0.0124939 0.0143243 0.0155709 0.0160568 0.0157196 0.0146269 0.012956 0.0109488 0.00885497 0.00688292 0.00517074 0.00378062 0.00271203 0.00192435 0.00135982
 1.00821e-16 2.99386e-05 0.000175702 0.00083518 0.00321544 0.010027 0.0253276 0.0518245 0.0859081 0.115382 0.125584 0.110836 0.0794732 0.0466502 0.0231422 0.0110475 0.00714428 0.0076138 0.0100911 0.0134793 0.0172299 0.0209073 0.0240689 0.026303 0.0273121 0.0269818 0.025406 0.0228564 0.0197107 0.0163631 0.0131459 0.0102842 0.00788618 0.00596415 0.00446897 0.00332477
 1.01458e-16 3.07391e-05 0.000180407 0.000857559 0.00330162 0.0102958 0.0260064 0.053213 0.088208 0.118466 0.128928 0.113754 0.0814971 0.0476994 0.023406 0.0107485 0.00639781 0.00642175 0.00839984 0.0112404 0.0144448 0.0176546 0.0205144 0.0226887 0.0239255 0.0241101 0.023287 0.0216384 0.0194311 0.0169506 0.0144428 0.0120813 0.00996075 0.00811212 0.00652664 0.00517864
 1.01692e-16 3.01801e-05 0.000177124 0.000841949 0.00324152 0.0101083 0.0255329 0.0522444 0.0866029 0.116312 0.126587 0.111699 0.0800442 0.0468894 0.0230836 0.0107265 0.00655617 0.00671638 0.00882998 0.0118174 0.0151733 0.0185233 0.0214932 0.0237308 0.0249746 0.0251102 0.024193 0.0224235 0.0200906 0.017499 0.0149078 0.0124949 0.0103518 0.00849999 0.00691957 0.00557437
 1.01407e-16 3.3068e-05 0.000194083 0.000922585 0.00355201 0.0110766 0.0279786 0.057248 0.0948949 0.127441 0.138682 0.122328 0.0875671 0.0511066 0.0248063 0.0109331 0.00587871 0.00539292 0.0068676 0.00914825 0.0117468 0.0143524 0.0166728 0.0184358 0.0194386 0.0195908 0.0189317 0.0176123 0.0158509 0.0138791 0.0118943 0.0100326 0.00836514 0.00691059 0.00565648 0.00457839
 1.01412e-16 3.03661e-05 0.000178215 0.000847132 0.00326147 0.0101706 0.0256901 0.0525661 0.0871364 0.117029 0.127369 0.112394 0.0805521 0.0472067 0.023276 0.0108756 0.00672542 0.00694556 0.00914071 0.0122165 0.0156516 0.019053 0.0220271 0.0242063 0.0253218 0.0252635 0.0241027 0.0220661 0.0194728 0.0166567 0.0138993 0.0113912 0.00922534 0.00741566 0.00592776 0.0047081
 1.01782e-16 2.96469e-05 0.000173993 0.000827064 0.0031842 0.00992961 0.0250815 0.0513207 0.0850721 0.114256 0.124352 0.109732 0.0786459 0.0460927 0.0227333 0.0106348 0.00659777 0.00683818 0.00902326 0.0120916 0.0155419 0.0189974 0.0220779 0.0244242 0.0257666 0.0259835 0.025124 0.0233848 0.0210524 0.0184319 0.0157847 0.0132931 0.0110543 0.00909718 0.00740894 0.00596038
 1.01704e-16 3.16482e-05 0.000185746 0.000882945 0.00339938 0.0106006 0.0267764 0.0547882 0.0908185 0.121969 0.132734 0.117097 0.0838576 0.0490119 0.0239212 0.0107679 0.00611189 0.00589584 0.00762657 0.010191 0.0131003 0.0160232 0.0186384 0.0206446 0.0218153 0.022048 0.0213823 0.0199808 0.0180805 0.0159335 0.0137548 0.0116933 0.00982761 0.00818048 0.00674146 0.005488
 1.01808e-16 2.91372e-05 0.000170999 0.000812826 0.00312938 0.00975864 0.0246497 0.0504373 0.0836083 0.112293 0.12222 0.107862 0.0773324 0.0453761 0.0224786 0.0106804 0.00684543 0.00725983 0.00962903 0.0128982 0.0165518 0.0201877 0.0233968 0.0257941 0.0270951 0.0271785 0.0261101 0.0241161 0.0215189 0.0186573 0.0158182 0.0131966 0.0108902 0.00891812 0.0072524 0.00584711
 1.03869e-16 1.66927e-05 9.7922e-05 0.00046537 0.00179152 0.00558654 0.0141115 0.0288769 0.0478773 0.0643303 0.0700893 0.0620266 0.0448433 0.0270647 0.0148077 0.00937786 0.00911905 0.0120099 0.0167617 0.0226728 0.0292055 0.0357538 0.0416286 0.0461625 0.0488499 0.0494565 0.0480628 0.0450211 0.0408501 0.0361035 0.0312561 0.02664 0.0224344 0.0186967 0.0154123 0.0125393
pSPR Fmed_Fpbrs
0.516685   0.347628 0.347628
Fs Fmed_Fpbrs
0.497184   1.005 1.005
SSBpbr Bo_Bmed_Bpbrs
884842  412942  263354 263354
Ro
34891.6
SPR SPRFo_SPRFmed_SPRFpbrs
716595 370254 249108
log_Ro
10.28
likeval ReclasPelacesDesembMPH_pf_preclas_ppelaces_ptallas_desvR_qrecl_qpela
 63.1344 15.1109 0.00949254 0.000220775 314.358 189.65 78.6845 0 16.2661 7.89556e-06 6.05502e-05 0 0 0 0
q_reclas_q_pelaces
0.671544 3.02545
M
0.7
N
 37139.8 12189 4641.17 556.787 0.229161
 46398.1 16792.6 3293.9 1254.2 150.525
 21918.5 21073.3 4672.45 916.512 390.859
 32576.6 9313.51 3805.45 843.759 236.087
 61509.4 15592.8 3642.78 1488.42 422.359
 42016.4 30337.5 7408.65 1730.8 907.871
 78709.1 19561.3 9911.9 2420.56 862.108
 76900 37432.4 7337.88 3718.17 1231.4
 100730 35242.3 11041.3 2164.43 1459.96
 122654 45679.8 9708.9 3041.78 998.485
 63901 57061.3 14853.8 3157.05 1313.78
 45205.7 28146.1 13010.9 3386.9 1019.42
 48365.3 20019.4 6646.98 3072.66 1040.6
 25537.4 19954.3 2985.76 991.351 613.464
 14803.4 9044.36 1104.93 165.331 88.8638
 13972.2 5071.83 403.869 49.34 11.3509
 10168.1 5950.47 929.428 74.0101 11.1218
 11320.1 4519.72 1439.59 224.856 20.5959
 12795.3 5184.24 1327.17 422.723 72.0746
 20570.9 5940 1662.61 425.632 158.684
 26511.6 9519.48 1866.23 522.361 183.581
 34455.2 12755.1 3849.41 754.653 285.463
 54474.4 16435.4 4878.66 1472.35 397.831
 61412.6 25785.8 5980.52 1775.25 680.524
 22763 29094 9433.44 2187.91 898.419
pred_Ctot
 2403.3 4136.44 1575.01 188.95 0.0777674
 2863.84 5488.05 1076.49 409.892 49.1937
 2295.54 10205.6 2262.83 443.859 189.29
 847.878 1442.09 589.228 130.646 36.5553
 300.109 485.703 113.47 46.363 13.1561
 1894.68 7644.2 1866.77 436.113 228.758
 2400.36 3496.9 1771.91 432.713 154.116
 4285.05 11259.7 2207.25 1118.43 370.407
 6319.97 11669.5 3656.02 716.691 483.424
 5591.95 11618.1 2469.35 773.643 253.954
 5229.74 23192.3 6037.25 1283.17 533.979
 3541.16 11071.6 5118.02 1332.28 401.004
 5947.58 10767.5 3575.1 1652.64 559.689
 5370.6 14289.5 2138.14 709.92 439.31
 3371.97 6694.94 817.909 122.384 65.78
 1443.49 2433.58 193.785 23.6744 5.44641
 771.887 2285.81 357.03 28.4302 4.27231
 636.046 1368.83 435.991 68.0991 6.23761
 601.848 1353.96 346.617 110.402 18.8237
 1011.67 1610.76 450.853 115.419 43.0307
 595.11 1286.41 252.193 70.5891 24.8081
 979.22 2139.54 645.701 126.586 47.8836
 1837.69 3215.56 954.504 288.064 77.8352
 2036.74 4969.01 1152.47 342.098 131.14
 788.466 5827.27 1889.43 438.218 179.945
F
 0.0937536 0.608466 0.608466 0.608466 0.608466
 0.0892523 0.579252 0.579252 0.579252 0.579252
 0.155865 1.01157 1.01157 1.01157 1.01157
 0.0367823 0.238719 0.238719 0.238719 0.238719
 0.00680481 0.0441636 0.0441636 0.0441636 0.0441636
 0.0645063 0.41865 0.41865 0.41865 0.41865
 0.0432206 0.280504 0.280504 0.280504 0.280504
 0.08026 0.520892 0.520892 0.520892 0.520892
 0.0907855 0.589203 0.589203 0.589203 0.589203
 0.0652389 0.423404 0.423404 0.423404 0.423404
 0.119928 0.778338 0.778338 0.778338 0.778338
 0.11452 0.743244 0.743244 0.743244 0.743244
 0.185337 1.20285 1.20285 1.20285 1.20285
 0.338003 2.19366 2.19366 2.19366 2.19366
 0.371154 2.40881 2.40881 2.40881 2.40881
 0.153602 0.996888 0.996888 0.996888 0.996888
 0.110802 0.71911 0.71911 0.71911 0.71911
 0.0809544 0.525399 0.525399 0.525399 0.525399
 0.0673696 0.437233 0.437233 0.437233 0.437233
 0.0705366 0.457786 0.457786 0.457786 0.457786
 0.0316514 0.205419 0.205419 0.205419 0.205419
 0.0402247 0.261061 0.261061 0.261061 0.261061
 0.0479083 0.310927 0.310927 0.310927 0.310927
 0.0470816 0.305562 0.305562 0.305562 0.305562
 0.0492192 0.319435 0.319435 0.319435 0.319435
nmprior
 10.6 11 7 0
nm_flota  nm_reclas  nm_pelaces    nm_pelaL
inf 21.0857 17.0016 39.7774
cv_recla  cv_pelaces  cv_mph
0.718717 0.440775 0.482074
 ------------------------------------------------
Talla a la edad & desviación 
 7.2 14.2025 17.0495 18.207 18.6776
 1.08 2.13037 2.55742 2.73105 2.80164
