    unsorted:	 1.113064645e-06 -3.620944860e-06 0.0008999980939 0.008045046131 126.9795859 97.51738686 93.44394000 67.11186470 43.43604506 30.17348140 223.2867061 256.9160844 400.8256817 492.9989960 530.5778197 663.9673055 751.9906814 769.0734329 854.8664818 927.3778867 1022.950047 1094.938472 1281.786297 1448.915673 1656.734635 1821.863006 2095.814005 2288.553935 2732.141567 2885.600139 3000.200621 3486.867890 4029.509883 4093.548027 4593.513289 4695.193952 5044.263841 9523.119398 34655.93611 196471.9408 228276.8411 278426.9718 341895.3621 377134.6016 405390.4200 426618.9173 439482.8060 455245.9106 532583.2701 518102.5884 585387.8884 631396.5209 724538.9694 827866.1587 890334.4461 1057188.365 1204924.403 1349570.365 1516524.682 1649480.093 1910454.535 2008928.910 2390040.491 2411290.690 2664516.474
      sorted:	 -3.620944860e-06 1.113064645e-06 0.0008999980939 0.008045046131 30.17348140 43.43604506 67.11186470 93.44394000 97.51738686 126.9795859 223.2867061 256.9160844 400.8256817 492.9989960 530.5778197 663.9673055 751.9906814 769.0734329 854.8664818 927.3778867 1022.950047 1094.938472 1281.786297 1448.915673 1656.734635 1821.863006 2095.814005 2288.553935 2732.141567 2885.600139 3000.200621 3486.867890 4029.509883 4093.548027 4593.513289 4695.193952 5044.263841 9523.119398 34655.93611 196471.9408 228276.8411 278426.9718 341895.3621 377134.6016 405390.4200 426618.9173 439482.8060 455245.9106 518102.5884 532583.2701 585387.8884 631396.5209 724538.9694 827866.1587 890334.4461 1057188.365 1204924.403 1349570.365 1516524.682 1649480.093 1910454.535 2008928.910 2390040.491 2411290.690 2664516.474
