years
 1997 1998 1999 2000 2001 2002 2003 2004 2005 2006 2007 2008 2009 2010 2011 2012 2013 2014 2015 2016 2017 2018 2019 2020 2021
reclasobs
 0 0 0 370054 412103 1.49427e+06 250295 1.28982e+06 931140 785840 897777 1.04006e+06 184774 17550 25797 100020 73551 82996 120727 218422 84188 347160 605670 569463 516374
reclaspred
 758995 156216 205813 110871 279677 299177 662889 550943 654681 850568 773755 569455 374371 159028 82163.7 70531.3 78562.3 100705 101028 123536 184743 169078 297955 360329 255828
pelacesobs
 0 0 0 0 0 0 0 0 0 2.06254e+06 1.5e+06 0 1.87456e+06 323000 250000 174000 83755 137374 0 501740 490994 745055 786931 1.00524e+06 1.33801e+06
pelacespred
 2.52483e+06 646275 342277 327316 844508 820503 1.92313e+06 1.65056e+06 1.91097e+06 2.58075e+06 2.26161e+06 1.80064e+06 1.08077e+06 351150 166643 165132 194408 266181 291828 315340 589097 539055 699121 1.01726e+06 811306
mphobs
 0 0 0 0 0 112323 0 153150 637223 0 255016 313432 73983 77613 109348 50772 0 0 0 0 0 0 0 0 0
mphpred
 298862 115742 98822.5 39599 65703.4 150151 174054 231087 240679 281292 372748 278265 186191 101821 42897.4 28227.5 29410.1 34992.7 43666.7 43426.6 62584 75285.3 93584.3 135636 151361
desembarqueobs
 350755 77701 442110 56441 14545 235359 269955 359681 431902 328805 639364 411747 362871 311530 167758 66681 60226 58785 57116 73181 50977 67692 138656 160484 209506
desembarquepred
 350731 77659.1 441498 56418.9 14544.3 235253 269907 359129 431455 328526 638250 411138 362217 310859 167194 66587.9 60188.7 58709.4 57037.5 73098.7 50960.2 67630.1 138561 160391 209382
Reclutas
 15562.6 40433.9 4281.95 19466.3 43730.1 21065.2 51811.1 68398.1 77782.3 122918 70720.5 51170.8 48467.2 25155.7 11440.1 11216.3 7625.05 9356.72 8346.85 12866.5 15875.9 22161.6 37127.2 35704.7 3074.77
log_desv_Rt
 -0.387376 0.567425 -1.67784 -0.163559 0.645793 -0.0846207 0.81536 1.0931 1.22167 1.67927 1.12649 0.802924 0.748642 0.0928383 -0.695116 -0.714873 -1.10081 -0.89615 -1.01036 -0.577617 -0.367439 -0.033885 0.482105 0.443038 -2.00902
SSB
 559391 216639 184970 74118.8 122980 281043 325783 432534 450487 526505 697686 520838 348500 190582 80292.7 52834.5 55047.9 65497.1 81732.6 81283.1 117141 140914 175165 253875 283307
BT
 1.10105e+06 343763 333803 197834 341294 415699 1.01669e+06 1.05214e+06 1.17926e+06 1.32918e+06 1.34782e+06 985714 755036 421473 206919 118665 121331 148788 141210 176940 252791 230081 330480 468682 381884
Ftot
 0.740028 1.13673 2.89515 1.49876 0.187622 1.32177 1.03535 1.98123 1.92854 1.2021 1.71433 1.34827 2.02028 3.81299 4.64864 2.48623 1.93083 1.47725 1.154 1.40511 0.66052 0.810414 0.978276 0.944601 1.09575
BD_Bspro_t
 0.925689 0.601409 0.457333 0.152569 0.340005 0.586724 0.469868 0.498252 0.470534 0.463049 0.495937 0.356659 0.272569 0.188352 0.100189 0.0840237 0.12025 0.189737 0.272702 0.320353 0.434861 0.544704 0.556205 0.570081 0.526365
BD_Bspro
 1.18808 0.460115 0.392853 0.157419 0.261194 0.596902 0.691924 0.91865 0.95678 1.11823 1.4818 1.1062 0.740172 0.404773 0.170532 0.112214 0.116915 0.139108 0.17359 0.172635 0.248793 0.299285 0.372029 0.539199 0.60171
BD_Bo
 0.746167 0.288973 0.246729 0.0988664 0.164041 0.374881 0.43456 0.576953 0.600901 0.7023 0.930637 0.694741 0.464861 0.254215 0.107102 0.0704754 0.0734279 0.0873661 0.109022 0.108423 0.156253 0.187964 0.233651 0.338641 0.377901
BD_Brms
 1.8667 0.722927 0.617246 0.247336 0.410385 0.937846 1.08714 1.44337 1.50328 1.75695 2.32819 1.73804 1.16295 0.635974 0.267938 0.176309 0.183696 0.218565 0.272743 0.271243 0.390901 0.470233 0.584529 0.847184 0.9454
S_f
 0.0655634 0.571387 0.962019 0.997926 0.999891
 0.0655634 0.571387 0.962019 0.997926 0.999891
 0.0655634 0.571387 0.962019 0.997926 0.999891
 0.0655634 0.571387 0.962019 0.997926 0.999891
 0.0655634 0.571387 0.962019 0.997926 0.999891
 0.0655634 0.571387 0.962019 0.997926 0.999891
 0.0655634 0.571387 0.962019 0.997926 0.999891
 0.0655634 0.571387 0.962019 0.997926 0.999891
 0.0655634 0.571387 0.962019 0.997926 0.999891
 0.0655634 0.571387 0.962019 0.997926 0.999891
 0.0655634 0.571387 0.962019 0.997926 0.999891
 0.0655634 0.571387 0.962019 0.997926 0.999891
 0.0655634 0.571387 0.962019 0.997926 0.999891
 0.0655634 0.571387 0.962019 0.997926 0.999891
 0.0655634 0.571387 0.962019 0.997926 0.999891
 0.0655634 0.571387 0.962019 0.997926 0.999891
 0.0655634 0.571387 0.962019 0.997926 0.999891
 0.0655634 0.571387 0.962019 0.997926 0.999891
 0.0655634 0.571387 0.962019 0.997926 0.999891
 0.0655634 0.571387 0.962019 0.997926 0.999891
 0.0655634 0.571387 0.962019 0.997926 0.999891
 0.0655634 0.571387 0.962019 0.997926 0.999891
 0.0655634 0.571387 0.962019 0.997926 0.999891
 0.0655634 0.571387 0.962019 0.997926 0.999891
 0.0655634 0.571387 0.962019 0.997926 0.999891
Scru_reclas
 0.793896 1 1 1 1
 0.793896 1 1 1 1
 0.793896 1 1 1 1
 0.793896 1 1 1 1
 0.793896 1 1 1 1
 0.793896 1 1 1 1
 0.793896 1 1 1 1
 0.793896 1 1 1 1
 0.793896 1 1 1 1
 0.793896 1 1 1 1
 0.793896 1 1 1 1
 0.793896 1 1 1 1
 0.793896 1 1 1 1
 0.793896 1 1 1 1
 0.793896 1 1 1 1
 0.793896 1 1 1 1
 0.793896 1 1 1 1
 0.793896 1 1 1 1
 0.793896 1 1 1 1
 0.793896 1 1 1 1
 0.793896 1 1 1 1
 0.793896 1 1 1 1
 0.793896 1 1 1 1
 0.793896 1 1 1 1
 0.793896 1 1 1 1
Scru_pelaces
 0.460545 1 1 1 1
 0.460545 1 1 1 1
 0.460545 1 1 1 1
 0.460545 1 1 1 1
 0.460545 1 1 1 1
 0.460545 1 1 1 1
 0.460545 1 1 1 1
 0.460545 1 1 1 1
 0.460545 1 1 1 1
 0.460545 1 1 1 1
 0.460545 1 1 1 1
 0.460545 1 1 1 1
 0.460545 1 1 1 1
 0.460545 1 1 1 1
 0.460545 1 1 1 1
 0.460545 1 1 1 1
 0.460545 1 1 1 1
 0.460545 1 1 1 1
 0.460545 1 1 1 1
 0.460545 1 1 1 1
 0.460545 1 1 1 1
 0.460545 1 1 1 1
 0.460545 1 1 1 1
 0.460545 1 1 1 1
 0.460545 1 1 1 1
pf_obs 
 0.256992 0.487395 0.22802 0.0275931 0
 0.321318 0.546541 0.124235 0.00734118 0.000564706
 0.182869 0.594174 0.210203 0.0122559 0.00049798
 0.330522 0.361315 0.267642 0.0388342 0.00168674
 0.649043 0.306663 0.0425973 0.00169635 0
 0.582887 0.30429 0.105238 0.00758474 0
 0.465427 0.430635 0.0974691 0.00646863 0
 0.296916 0.608066 0.0921331 0.00288517 0
 0.311714 0.524322 0.152257 0.0117073 0
 0.15457 0.633149 0.183074 0.0267441 0.00246327
 0.131901 0.49318 0.331252 0.0422183 0.00144891
 0.196976 0.569456 0.194076 0.0375587 0.00193317
 0.518974 0.381816 0.0799577 0.0180837 0.00116848
 0.0928022 0.601141 0.25162 0.0475244 0.00691264
 0.122501 0.610282 0.24278 0.0234846 0.000952079
 0.383417 0.481906 0.127806 0.00687128 0
 0.0376549 0.599619 0.316969 0.0457579 0
 0.0361596 0.667082 0.258105 0.0386534 0
 0.158088 0.579412 0.248529 0.0139706 0
 0.0477256 0.309471 0.559284 0.082774 0.000745712
 0.0406174 0.521527 0.379366 0.0568643 0.0016247
 0.151134 0.462217 0.34131 0.0453401 0
 0.294876 0.26143 0.354403 0.0886775 0.000613685
 0.281977 0.475581 0.204845 0.0348837 0.00271318
 0.0354234 0.537034 0.353287 0.0723622 0.0018943
pf_pred 
 0.0752965 0.618131 0.270847 0.0357173 8.40301e-06
 0.253418 0.317085 0.343185 0.0767055 0.00960687
 0.036445 0.802487 0.100157 0.0492724 0.0116386
 0.413395 0.239574 0.329889 0.011115 0.00602821
 0.349505 0.585492 0.0404338 0.0234359 0.00113309
 0.104397 0.704965 0.179239 0.00719621 0.0042032
 0.294914 0.382741 0.28835 0.0320872 0.00190673
 0.287463 0.5941 0.0850341 0.0300635 0.00333888
 0.271163 0.617121 0.104418 0.00536368 0.00193337
 0.304073 0.571347 0.116863 0.00725236 0.000465587
 0.142701 0.701858 0.141612 0.0130215 0.000806727
 0.140929 0.570339 0.265905 0.0209357 0.00189133
 0.193095 0.541225 0.218306 0.0438576 0.00351745
 0.179221 0.664811 0.133291 0.018915 0.00376117
 0.205662 0.694801 0.095256 0.00373157 0.000548958
 0.310081 0.625176 0.0634225 0.00127225 4.80775e-05
 0.191926 0.706584 0.0983693 0.00306365 5.76584e-05
 0.245647 0.564085 0.180797 0.00920249 0.000268495
 0.184867 0.639754 0.153749 0.0206239 0.00100638
 0.262904 0.512578 0.199707 0.0219149 0.00289637
 0.2218 0.615518 0.137085 0.0229365 0.00265956
 0.217041 0.542143 0.211807 0.0246334 0.00437509
 0.26364 0.525354 0.172741 0.0338703 0.00439548
 0.182253 0.629947 0.157671 0.0249199 0.00520955
 0.0175386 0.658508 0.283411 0.0343449 0.00619716
pobs_RECLAS
 0 0 0 0 0
 0 0 0 0 0
 0 0 0 0 0
 0 0 0 0 0
 0.835266 0.146461 0.0176864 0.000547809 3.91292e-05
 0.385257 0.428462 0.181853 0.0044286 0
 0.867414 0.0963971 0.0333333 0.00285562 0
 0.441836 0.489002 0.0689373 0.000224442 0
 0.779404 0.147425 0.0564933 0.0165055 0.000172143
 0.814271 0.122319 0.05973 0.00367925 0
 0.40263 0.566651 0.0304383 0.000280538 0
 0.475488 0.404961 0.113038 0.00651328 0
 0.955842 0.0263864 0.0167828 0.000988607 0
 0.975058 0.0227948 0.00214734 0 0
 0.738997 0.206755 0.0527124 0.00153531 0
 0.850938 0.134255 0.0134407 0.00136685 0
 0.542534 0.407297 0.0501686 0 0
 0.764087 0.199537 0.0359546 0.000420521 0
 0.470689 0.182191 0.310203 0.0369168 0
 0.84361 0.089868 0.0606195 0.00523954 0.000663233
 0.607945 0.314616 0.071237 0.00620181 0
 0.523733 0.453247 0.0230204 0 0
 0.530135 0.295979 0.169645 0.0042399 0
 0.562478 0.366248 0.0663022 0.0049721 0
 0.250443 0.683176 0.0655157 0.000865301 0
ppred_RECLAS
 0.403055 0.464675 0.117389 0.0148778 3.49276e-06
 0.768147 0.132155 0.0803388 0.0172094 0.00215044
 0.257918 0.679909 0.0395746 0.0182921 0.00430614
 0.877734 0.0683745 0.0513449 0.00165271 0.000894142
 0.796015 0.191589 0.00781861 0.00436655 0.000210695
 0.486554 0.446738 0.0628839 0.00241589 0.00140774
 0.790741 0.141922 0.0604968 0.00645695 0.000382832
 0.771803 0.207024 0.0154178 0.00518123 0.000573853
 0.754952 0.223909 0.019822 0.000968401 0.00034812
 0.776008 0.199716 0.0228315 0.00135722 8.69285e-05
 0.57868 0.376886 0.0406505 0.0035633 0.000220188
 0.587388 0.322681 0.0831077 0.0062599 0.000564168
 0.687714 0.249412 0.0521276 0.00994987 0.000795788
 0.694129 0.279348 0.0229128 0.0030139 0.00059683
 0.742126 0.245326 0.0120526 0.000431849 6.32217e-05
 0.791411 0.198502 0.00989241 0.000187471 7.06255e-06
 0.659768 0.316489 0.0230474 0.000682669 1.28131e-05
 0.73209 0.226296 0.0396299 0.00192746 5.60982e-05
 0.645964 0.30706 0.0413956 0.005321 0.000259052
 0.753644 0.19873 0.0425699 0.00446672 0.000588917
 0.689321 0.269658 0.0347786 0.00559514 0.000647407
 0.69526 0.243049 0.0545201 0.00609127 0.00107952
 0.746797 0.206449 0.0385592 0.00725471 0.000939382
 0.640457 0.307665 0.0438405 0.00665032 0.00138719
 0.131553 0.680757 0.165061 0.0191766 0.00345236
pobs_PELACES
 0 0 0 0 0
 0 0 0 0 0
 0 0 0 0 0
 0 0 0 0 0
 0 0 0 0 0
 0 0 0 0 0
 0 0 0 0 0
 0 0 0 0 0
 0 0 0 0 0
 0 0 0 0 0
 0.450072 0.473896 0.0757376 0.000293798 0
 0 0 0 0 0
 0.463077 0.371075 0.160297 0.00555027 0
 0.529543 0.364841 0.0842815 0.0213345 0
 0.631943 0.363953 0.00410389 0 0
 0.735681 0.248677 0.0153453 0.000297389 0
 0.695825 0.281241 0.0229344 0 0
 0.275771 0.60734 0.115278 0.00161068 0
 0 0 0 0 0
 0.896147 0.0623911 0.0374545 0.00400742 0
 0.803859 0.145111 0.0509908 3.86294e-05 0
 0.739449 0.233085 0.0266225 0.000797448 4.60066e-05
 0.878498 0.100942 0.0204185 0.000141795 0
 0.694673 0.275183 0.0284847 0.00165964 0
 0.469039 0.446079 0.0841089 0.000773354 0
ppred_PELACES
 0.311482 0.547095 0.125635 0.0157839 3.7037e-06
 0.711875 0.174634 0.0916923 0.0193787 0.00241972
 0.251445 0.704734 0.0282428 0.0126141 0.00296392
 0.852923 0.0891831 0.055205 0.00174568 0.000943525
 0.700536 0.281689 0.0112208 0.00625271 0.000301669
 0.411676 0.522576 0.0620352 0.00234625 0.00136598
 0.730877 0.190238 0.0709602 0.00748139 0.000443273
 0.736196 0.244553 0.0141078 0.00463097 0.00051225
 0.715417 0.265093 0.0183023 0.000873953 0.000313776
 0.713905 0.25914 0.0253721 0.00148691 9.51613e-05
 0.520053 0.438564 0.037924 0.00325745 0.000201065
 0.517321 0.391164 0.0846731 0.00627672 0.00056519
 0.652504 0.291157 0.0469001 0.0087403 0.000698132
 0.720312 0.264424 0.0132668 0.00166799 0.000329491
 0.787631 0.206578 0.00557404 0.000189017 2.75883e-05
 0.771585 0.220295 0.00796804 0.000146618 5.51463e-06
 0.611958 0.366614 0.0208149 0.000602598 1.12961e-05
 0.675838 0.281421 0.0407379 0.00194697 5.66118e-05
 0.566634 0.382959 0.0444915 0.00564129 0.00027444
 0.698674 0.25119 0.0448928 0.00463268 0.000610241
 0.592339 0.357742 0.0423731 0.00676378 0.000782295
 0.607318 0.319673 0.0645948 0.00714789 0.00126612
 0.673227 0.272487 0.0448634 0.00834352 0.00107968
 0.551662 0.390189 0.0492254 0.00738408 0.0015393
 0.0979909 0.728006 0.153265 0.0175765 0.00316204
pobs_pel_tallas
 0 0 0 0 0 0 0 0 0 0 0 0 0 0 0 0 0 0 0 0 0 0 0 0 0 0 0 0 0 0 0 0 0 0 0 0
 0 0 0 0 0 0 0 0 0 0 0 0 0 0 0 0 0 0 0 0 0 0 0 0 0 0 0 0 0 0 0 0 0 0 0 0
 0 0 0 0 0 0 0 0 0 0 0 0 0 0 0 0 0 0 0 0 0 0 0 0 0 0 0 0 0 0 0 0 0 0 0 0
 0 0 0 0 0 0 0 0 0 0 0 0 0 0 0 0 0 0 0 0 0 0 0 0 0 0 0 0 0 0 0 0 0 0 0 0
 0 0 0 0 0 0 0 0 0 0 0 0 0 0 0 0 0 0 0 0 0 0 0 0 0 0 0 0 0 0 0 0 0 0 0 0
 0 0 0 0 0 0 0 0 0 0 0 0 0 0 0 0 0 0 0 0 0 0 0 0 0 0 0 0 0 0 0 0 0 0 0 0
 0 0 0 0 0 0 0 0 0 0 0 0 0 0 0 0 0 0 0 0 0 0 0 0 0 0 0 0 0 0 0 0 0 0 0 0
 0 0 0 0 0 0 0 0 0 0 0 0 0 0 0 0 0 0 0 0 0 0 0 0 0 0 0 0 0 0 0 0 0 0 0 0
 0 0 0 0 0 0 0 0 0 0 0 0 0 0 0 0 0 0 0 0 0 0 0 0 0 0 0 0 0 0 0 0 0 0 0 0
 0 0 0 0 0 0 0 0 0 0 0 0 0 0 0 0 0 0 0 0 0 0 0 0 0 0 0 0 0 0 0 0 0 0 0 0
 0 0 0 0 0 0 0 0 1.78061e-05 0.00172719 0.00360574 0.0105946 0.0120993 0.0124554 0.0147524 0.0171206 0.0266825 0.0428682 0.0675386 0.121331 0.153587 0.119568 0.100827 0.0573624 0.0630603 0.0341343 0.0324427 0.0444173 0.0211091 0.0280891 0.0125444 0.00206551 0 0 0 0
 0 0 0 0 0 0 0 0 0 0 0 0 0 0 0 0 0 0 0 0 0 0 0 0 0 0 0 0 0 0 0 0 0 0 0 0
 0 0 0 0 0 0 0.0133647 0.0140871 0.0187388 0.0205184 0.03894 0.0496705 0.03968 0.0493445 0.0407372 0.0367815 0.0215668 0.0243155 0.0234873 0.0199281 0.019796 0.0243948 0.0301388 0.0376714 0.0412746 0.0863199 0.0771752 0.113111 0.0741005 0.0525337 0.0229764 0.00759418 0.00175318 0 0 0
 0 0 0 0 0 0 0 0 0 0 0.00219441 0.00772107 0.0458388 0.0604681 0.0671733 0.0775358 0.0609151 0.0617685 0.073594 0.0568108 0.0755445 0.0548602 0.0670107 0.0636378 0.0643287 0.046367 0.0373049 0.0286899 0.0247887 0.0153202 0.00654259 0.00121912 0.000365735 0 0 0
 0 0 0 0 0 0 0 0 0 0 0 0 0.000112435 0.00938835 0.0111873 0.0202946 0.0414886 0.0713402 0.111592 0.104902 0.108894 0.110636 0.117776 0.105296 0.107544 0.0401394 0.0192827 0.0124803 0.00416011 0.0028671 0.000618394 0 0 0 0 0
 0 0 0 0 0 0 0 0 0 0 0.00291406 0.0102884 0.027416 0.0768956 0.0749926 0.110853 0.0956884 0.0897413 0.0766577 0.0534642 0.0500743 0.0551293 0.0594112 0.0620874 0.0668451 0.0424026 0.0208742 0.0120726 0.0048766 0.00582813 0.00118941 0.000297354 0 0 0 0
 0 0.00264628 0.0354308 0.0461629 0.0458689 0.0383711 0.0214643 0.0164657 0.0346957 0.0420465 0.0363128 0.0245516 0.0311673 0.0291091 0.0169068 0.0133784 0.00837989 0.0085269 0.0148486 0.0160247 0.0276389 0.0546898 0.0760071 0.122758 0.109233 0.0665981 0.0333725 0.0166128 0.00676272 0.00308733 0.000882094 0 0 0 0 0
 0 0 0 0 0 0 0 0.000805153 0.000690131 0.00759144 0.0133425 0.0154129 0.00931677 0.000345066 0.00356568 0.00563607 0.00851162 0.0253048 0.0502646 0.0516448 0.0657925 0.0565908 0.0611916 0.0827007 0.0866115 0.110766 0.145733 0.0935128 0.0569358 0.0249597 0.0138026 0.00621118 0.00161031 0.00115022 0 0
 0 0 0 0 0 0 0 0 0 0 0 0 0 0 0 0 0 0 0 0 0 0 0 0 0 0 0 0 0 0 0 0 0 0 0 0
 0.00147267 0.00158595 0.00478618 0.00569244 0.00954404 0.0108468 0.00647125 0.017049 0.0510054 0.094081 0.124002 0.0959785 0.0687766 0.0820023 0.061753 0.0591476 0.0492212 0.0479892 0.0443925 0.0268479 0.0217502 0.0140895 0.0121071 0.0120363 0.00920419 0.00665534 0.0049561 0.00860946 0.00930331 0.0156896 0.0114698 0.00855282 0.00243557 0.00046729 0 2.83206e-05
 0 0 0 0 0.000772559 0.00158375 0.000888443 0.00281984 0.00712685 0.0440552 0.0773331 0.111326 0.0921469 0.0852325 0.0710754 0.0886704 0.0786465 0.0553345 0.0373146 0.0185414 0.00753245 0.00457741 0.012979 0.0271748 0.0457355 0.0583668 0.034881 0.0177882 0.00938659 0.00492506 0.0015258 0.00185414 0.000309023 5.79419e-05 3.86279e-05 0
 0 0.00173294 0.00326652 0 0.00397197 0.00683976 0.00946217 0.0152591 0.00757587 0.0136028 0.0228656 0.0392903 0.0559909 0.0764795 0.0681675 0.0726916 0.0566044 0.0477403 0.0527397 0.0444891 0.0609904 0.0582453 0.0661739 0.0445044 0.0529084 0.0360697 0.0280645 0.0235558 0.0158879 0.00826598 0.00280645 0.00217768 0.000904811 0.00058276 9.20147e-05 0
 0 0 0 0 0 0 0 0 0 0 0 0 0 0 0 0 0 0 0 0 0 0 0 0 0 0 0 0 0 0 0 0 0 0 0 0
 0 0 0 0 0 0 0 0 0 0 0 0 0 0 0 0 0 0 0 0 0 0 0 0 0 0 0 0 0 0 0 0 0 0 0 0
 0 0 0 0 0 0 0 0 0 0 0 0 0 0 0 0 0 0 0 0 0 0 0 0 0 0 0 0 0 0 0 0 0 0 0 0
ppred_pel_tallas
 1.02505e-16 1.36172e-05 7.98553e-05 0.000379456 0.00146069 0.00455482 0.0115056 0.0235459 0.0390445 0.0524795 0.0572237 0.0507505 0.036929 0.0227633 0.013312 0.00972374 0.0107301 0.0147373 0.0206912 0.0279312 0.0358321 0.0436272 0.0504373 0.0554202 0.0579542 0.0577797 0.0550533 0.0502887 0.044216 0.0376048 0.0311108 0.0251862 0.020062 0.0157883 0.0123003 0.00948307
 1.02138e-16 3.1061e-05 0.0001823 0.000866568 0.00333632 0.010404 0.0262797 0.0537719 0.0891333 0.119705 0.130267 0.114914 0.0822794 0.0480602 0.0234032 0.0104467 0.00581263 0.00552099 0.00713302 0.00957216 0.0123824 0.0152667 0.0179374 0.0201179 0.0215899 0.0222365 0.0220606 0.0211711 0.0197449 0.0179787 0.0160479 0.0140835 0.012169 0.0103502 0.00865219 0.00709182
 1.01203e-16 1.10054e-05 6.4508e-05 0.000306462 0.00117959 0.0036782 0.00929156 0.0190169 0.0315419 0.0424181 0.0463127 0.0412161 0.0302998 0.0192884 0.0123582 0.0105431 0.0129186 0.0182578 0.0256896 0.0345453 0.0440545 0.0532233 0.0609172 0.0660721 0.0679382 0.0662639 0.0613589 0.0540072 0.0452679 0.0362286 0.0277912 0.0205458 0.0147473 0.0103742 0.00722945 0.00504258
 1.00917e-16 3.72078e-05 0.000218395 0.00103819 0.00399713 0.0124647 0.0314848 0.0644211 0.106782 0.143396 0.156017 0.137557 0.0983345 0.0571196 0.0272185 0.0111343 0.0047596 0.00327924 0.00375726 0.00493998 0.00637753 0.00786648 0.00924918 0.0103808 0.0111465 0.0114831 0.0113886 0.0109157 0.0101538 0.00920435 0.00816017 0.0070935 0.00605335 0.00506982 0.00416116 0.00333956
 1.00481e-16 3.05707e-05 0.000179412 0.000852817 0.00328335 0.0102388 0.0258625 0.0529189 0.0877224 0.117819 0.128238 0.11318 0.081159 0.0476492 0.0236545 0.0113178 0.00734805 0.00784251 0.0103795 0.0138282 0.0176147 0.021279 0.024356 0.0264188 0.0271674 0.0265011 0.0245435 0.0216077 0.0181168 0.0145051 0.011133 0.00823629 0.00591678 0.00416605 0.00290559 0.00202765
 1.01196e-16 1.7985e-05 0.000105501 0.000501382 0.00193015 0.00601881 0.0152035 0.0311118 0.0515841 0.0693148 0.0755303 0.066866 0.0483944 0.0293115 0.0162204 0.0105409 0.010496 0.013902 0.0193426 0.0260063 0.0332296 0.0402566 0.0462416 0.0503875 0.0521227 0.051237 0.0479303 0.0427515 0.0364564 0.0298293 0.0235287 0.0179959 0.0134372 0.00986417 0.00716388 0.00516908
 1.01348e-16 3.18902e-05 0.000187167 0.000889701 0.00342539 0.0106817 0.0269813 0.0552074 0.0915132 0.122902 0.133747 0.117988 0.0844893 0.0493681 0.0240711 0.0107951 0.00607187 0.00581219 0.00750457 0.0100304 0.0129029 0.015795 0.0183904 0.0203905 0.0215687 0.0218176 0.0211691 0.0197763 0.017868 0.0156908 0.0134602 0.0113305 0.00939004 0.00767329 0.00618083 0.00489824
 1.00464e-16 3.21242e-05 0.000188536 0.000896199 0.00345039 0.0107597 0.0271782 0.0556108 0.0921832 0.123806 0.134742 0.118891 0.0851917 0.0498903 0.0245323 0.0113474 0.00685585 0.00694208 0.00906217 0.0120511 0.0153548 0.0185608 0.0212632 0.0230901 0.0237796 0.0232415 0.02158 0.0190634 0.0160557 0.0129313 0.0100019 0.00747216 0.00543232 0.0038778 0.00274392 0.0019407
 1.00391e-16 3.1219e-05 0.00018322 0.000870921 0.00335306 0.0104562 0.0264115 0.0540423 0.089584 0.120317 0.130952 0.115563 0.0828406 0.0485821 0.0240167 0.0113236 0.00713272 0.00745293 0.00981206 0.0130661 0.0166506 0.0201269 0.0230556 0.0250331 0.0257742 0.0251802 0.0233632 0.0206138 0.0173272 0.0139107 0.0107044 0.00793303 0.00569722 0.00399464 0.00275695 0.00188729
 1.00501e-16 3.11528e-05 0.000182832 0.000869078 0.00334596 0.010434 0.0263557 0.0539279 0.0893942 0.120062 0.130673 0.115314 0.082657 0.0484634 0.023938 0.0112534 0.00704581 0.00733221 0.00964746 0.0128542 0.0163959 0.0198437 0.022768 0.024773 0.025577 0.025079 0.0233825 0.0207645 0.0176046 0.0142955 0.0111662 0.00843597 0.00620552 0.00447734 0.00319104 0.00225888
 1.00803e-16 2.27073e-05 0.000133232 0.00063324 0.00243786 0.00760213 0.0192027 0.0392939 0.0651434 0.0875144 0.0953084 0.084248 0.0606983 0.0362119 0.0190452 0.0108915 0.00940759 0.0117654 0.01617 0.0216858 0.0276754 0.0334841 0.0383983 0.0417508 0.0430672 0.0421794 0.039266 0.0348002 0.0294279 0.0238167 0.0185248 0.0139228 0.0101792 0.00729494 0.00516369 0.00363286
 1.01572e-16 2.25863e-05 0.000132526 0.000629893 0.00242499 0.00756199 0.0191013 0.039086 0.0647976 0.0870463 0.0947894 0.0837673 0.0603044 0.0358822 0.0187002 0.0104284 0.0087241 0.0107708 0.0147948 0.0198977 0.0254998 0.03102 0.0358234 0.0393071 0.0410286 0.0408065 0.0387584 0.0352589 0.0308376 0.0260521 0.0213767 0.0171377 0.0135006 0.0104982 0.00807868 0.00615329
 1.01094e-16 2.84768e-05 0.000167118 0.000794366 0.00305829 0.00953694 0.0240897 0.0492919 0.0817109 0.109748 0.119461 0.105453 0.0756591 0.0445035 0.0222487 0.0109071 0.00743083 0.0082 0.0109672 0.0146758 0.0187729 0.0227965 0.0262689 0.028744 0.0298982 0.0296055 0.0279648 0.0252667 0.0219163 0.0183361 0.0148823 0.0117955 0.00919145 0.00708364 0.00542085 0.00412446
 1.00348e-16 3.14323e-05 0.000184472 0.000876877 0.00337599 0.0105277 0.0265922 0.0544119 0.0901965 0.12114 0.131846 0.11635 0.0834014 0.0489033 0.0241611 0.0113673 0.00712717 0.00742057 0.00975747 0.012986 0.0165393 0.0199785 0.0228652 0.0247975 0.0254929 0.0248559 0.0230019 0.0202249 0.0169225 0.0135041 0.01031 0.0075642 0.00536504 0.00370686 0.00251747 0.00169616
 1.00155e-16 3.43654e-05 0.000201698 0.000958779 0.00369135 0.0115111 0.0290763 0.059494 0.0986185 0.132444 0.144129 0.127142 0.0910347 0.0531721 0.0258853 0.0115346 0.00637212 0.00597725 0.00762617 0.0100939 0.0128365 0.0154864 0.0176966 0.0191529 0.0196363 0.0190755 0.0175649 0.015339 0.0127137 0.0100131 0.0075061 0.00536871 0.00367681 0.00242317 0.00154719 0.000965332
 1.00191e-16 3.36663e-05 0.000197592 0.000939257 0.00361618 0.0112767 0.0284842 0.0582827 0.0966111 0.129749 0.141202 0.12457 0.0892152 0.0521545 0.0254741 0.0114944 0.00655168 0.00632076 0.00813363 0.0107828 0.013719 0.0165577 0.0189301 0.0205011 0.0210366 0.020459 0.0188676 0.0165107 0.0137234 0.0108501 0.00817666 0.00589089 0.00407436 0.00272068 0.00176691 0.00112576
 1.00437e-16 2.67118e-05 0.000156749 0.000745056 0.00286841 0.00894478 0.0225941 0.0462322 0.0766416 0.102948 0.11208 0.0989875 0.071131 0.0420617 0.0214378 0.0111842 0.00847744 0.00994338 0.0134663 0.0180059 0.0229478 0.027724 0.0317337 0.0344203 0.0353911 0.0345128 0.031944 0.0280914 0.0235057 0.0187546 0.0143106 0.0104856 0.00741781 0.00510135 0.00343788 0.00228904
 1.0074e-16 2.94938e-05 0.00017309 0.00082276 0.00316762 0.00987787 0.0249509 0.0510538 0.084631 0.113668 0.123723 0.109202 0.0783231 0.046017 0.0229059 0.0110641 0.00732466 0.00793017 0.0105502 0.014096 0.0180106 0.0218403 0.0251213 0.0274219 0.0284313 0.0280317 0.0263247 0.0235996 0.0202567 0.0167134 0.0133214 0.0103182 0.00781728 0.0058299 0.00430154 0.00314889
 1.00964e-16 2.47361e-05 0.000145149 0.000689903 0.00265605 0.00828255 0.0209213 0.0428098 0.0709696 0.0953329 0.103801 0.091702 0.0659533 0.039116 0.020151 0.0108624 0.00865827 0.0104317 0.0142294 0.019076 0.0243681 0.0295246 0.0339212 0.0369734 0.0382627 0.0376348 0.0352356 0.0314665 0.0268796 0.0220477 0.0174514 0.0134121 0.0100793 0.00746063 0.00547341 0.00399591
 1.00907e-16 3.04884e-05 0.000178932 0.000850537 0.00327458 0.0102114 0.0257934 0.0527774 0.087487 0.117501 0.127885 0.112854 0.0808941 0.047431 0.0234308 0.0110212 0.00691233 0.00720964 0.00950575 0.0126942 0.0162381 0.0197247 0.0227391 0.0248948 0.0259111 0.0256771 0.0242755 0.0219549 0.0190631 0.0159638 0.0129649 0.0102756 0.00799865 0.00614878 0.00468499 0.00354205
 1.00988e-16 2.5856e-05 0.000151725 0.000721175 0.00277646 0.00865805 0.0218698 0.0447503 0.0741851 0.0996484 0.10849 0.09582 0.0688624 0.0407357 0.0207911 0.010896 0.00832235 0.00980996 0.013317 0.0178419 0.0227939 0.0276241 0.0317483 0.0346208 0.0358501 0.0352913 0.0330794 0.0295876 0.0253294 0.020838 0.0165602 0.0127948 0.00968083 0.00722564 0.00535276 0.00395004
 1.01326e-16 2.65077e-05 0.000155555 0.000739388 0.0028466 0.00887678 0.0224222 0.0458803 0.0760572 0.102159 0.111212 0.0981999 0.0705185 0.0416064 0.0210356 0.0107023 0.00779301 0.00895598 0.0121033 0.0162347 0.0207938 0.0252867 0.029191 0.0320149 0.0333983 0.0331954 0.0315049 0.0286356 0.0250225 0.021122 0.0173215 0.0138858 0.0109471 0.0085289 0.00658525 0.00504055
 1.01063e-16 2.93796e-05 0.00017242 0.000819577 0.00315537 0.00983967 0.0248544 0.0508562 0.0843034 0.113228 0.123242 0.108774 0.0780073 0.0458148 0.0227745 0.0109503 0.0071853 0.00773627 0.010284 0.0137499 0.0175889 0.0213627 0.0246231 0.0269522 0.0280469 0.0277887 0.026269 0.0237589 0.0206361 0.0172951 0.0140682 0.0111802 0.0087394 0.00675885 0.0051914 0.00396452
 1.01152e-16 2.40836e-05 0.000141317 0.000671686 0.0025859 0.0080638 0.0203688 0.0416794 0.0690961 0.0928178 0.101067 0.0892968 0.0642459 0.0381484 0.0197354 0.0107718 0.00874229 0.0106285 0.0145303 0.0194922 0.0249124 0.0302027 0.0347281 0.0378931 0.0392698 0.0386982 0.0363231 0.0325484 0.0279314 0.0230508 0.0183924 0.0142814 0.0108701 0.00816788 0.00609399 0.00452891
 1.03165e-16 4.31537e-06 2.52286e-05 0.000119717 0.000460567 0.00143593 0.00362783 0.00742869 0.0123354 0.0166311 0.0182693 0.0165226 0.0127171 0.00921749 0.0078303 0.00917035 0.0130886 0.0192615 0.0273767 0.0370072 0.0474583 0.0577404 0.0666895 0.0731879 0.076414 0.0760316 0.0722603 0.0657968 0.0576252 0.0487795 0.0401383 0.0323033 0.0255772 0.0200165 0.0155224 0.0119288
pSPR Fmed_Fpbrs
0.387162   0.449726 0.449726
Fs Fmed_Fpbrs
1.361   1.005 1.005
SSBpbr Bo_Bmed_Bpbrs
749686  252766  299669 299669
Ro
22925.4
SPR SPRFo_SPRFmed_SPRFpbrs
470837 182290 211747
log_Ro
9.86
likeval ReclasPelacesDesembMPH_pf_preclas_ppelaces_ptallas_desvR_qrecl_qpela
 88.5392 13.6723 0.202494 0.000175272 318.35 190.525 79.2111 0 29.6632 1.04583e-07 0.000196961 0 0 0 0
q_reclas_q_pelaces
0.955208 7.36438
M
0.7
N
 15562.6 17175.7 5013.75 643.942 0.151283
 40433.9 7362.13 5588.16 1221.72 152.833
 4281.95 18636.9 1909.5 929.693 219.482
 19466.3 1758.73 1769.84 58.5223 31.7081
 43730.1 8761.98 370.916 207.849 10.031
 21065.2 21450.3 3908.75 153.773 89.72
 51811.1 9592.34 5005.29 544.248 32.3013
 68398.1 24040.1 2636.3 918.023 101.875
 77782.3 29828 3848.46 194.64 70.1018
 122918 34037.8 4920.97 298.908 19.1674
 70720.5 56413 8504.59 768.787 47.5859
 51170.8 31385.2 10518.7 811.707 73.2514
 48467.2 23260.8 7213.48 1427.73 114.416
 25155.7 21082.2 3641.55 512.939 101.956
 11440.1 9728.8 1184.99 46.1545 6.78783
 11216.3 4188.52 339.227 6.72215 0.253861
 7625.05 4732.09 502.455 15.4078 0.28974
 9356.72 3336.25 779.671 38.9396 1.13498
 8346.85 4217.49 712.315 93.478 4.55612
 12866.5 3842.89 1083.14 116.554 15.3883
 15875.9 5827.01 855.012 139.194 16.1165
 22161.6 7549.64 1983.95 224.906 39.8907
 37127.2 10435.6 2359.48 451.788 58.5564
 35704.7 17291.4 2963.15 457.179 95.4515
 3074.77 16665.7 5005.2 593.052 106.882
pred_Ctot
 531.55 4363.65 1912.02 252.144 0.0593204
 2097.39 2624.32 2840.33 634.845 79.5102
 538.254 11851.9 1479.21 727.701 171.889
 1317.67 763.627 1051.5 35.4283 19.2146
 384.765 644.559 44.513 25.8002 1.2474
 1263.87 8534.61 2169.94 87.1205 50.8857
 2454.97 3186.08 2400.33 267.105 15.8723
 6037.02 12476.7 1785.8 631.365 70.1198
 6692.7 15231.4 2577.19 132.383 47.7184
 6730.09 12645.7 2586.54 160.518 10.3049
 5442.14 26766.5 5400.63 496.599 30.7659
 3129.34 12664.4 5904.43 464.88 41.9971
 4357.36 12213.2 4926.27 989.687 79.3746
 4059.61 15058.9 3019.23 428.45 85.1957
 2199.64 7431.18 1018.8 39.9106 5.87133
 1224.75 2469.31 250.505 5.02513 0.189896
 656.825 2418.14 336.648 10.4847 0.197324
 624.648 1434.39 459.742 23.4007 0.682746
 439.328 1520.35 365.377 49.0117 2.39161
 818.695 1596.19 621.896 68.2441 9.01944
 485.101 1346.2 299.82 50.1647 5.81675
 827.263 2066.41 807.313 93.8913 16.6759
 1664.94 3317.72 1090.9 213.898 27.7584
 1547.53 5348.96 1338.8 211.598 44.2349
 153.925 5779.28 2487.3 301.421 54.3883
F
 0.0485188 0.422843 0.711922 0.738494 0.739948
 0.0745276 0.649511 1.09355 1.13437 1.1366
 0.189816 1.65425 2.78519 2.88914 2.89483
 0.0982638 0.856372 1.44184 1.49565 1.4986
 0.0123012 0.107205 0.180496 0.187233 0.187602
 0.0866596 0.755242 1.27157 1.31903 1.32162
 0.0678811 0.591586 0.996027 1.0332 1.03524
 0.129896 1.13205 1.90598 1.97712 1.98101
 0.126442 1.10194 1.85529 1.92454 1.92833
 0.078814 0.686866 1.15645 1.19961 1.20197
 0.112397 0.979548 1.64922 1.71078 1.71415
 0.0883973 0.770386 1.29706 1.34548 1.34813
 0.132457 1.15436 1.94355 2.01609 2.02006
 0.249993 2.17869 3.66817 3.80508 3.81257
 0.304781 2.65618 4.47208 4.639 4.64814
 0.163005 1.4206 2.3918 2.48107 2.48595
 0.126592 1.10325 1.85749 1.92682 1.93062
 0.0968537 0.844083 1.42115 1.47419 1.47709
 0.0756598 0.659378 1.11017 1.1516 1.15387
 0.0921241 0.802864 1.35175 1.4022 1.40496
 0.0433059 0.377413 0.635433 0.65915 0.660448
 0.0531335 0.46306 0.779633 0.808733 0.810325
 0.0641391 0.558974 0.94112 0.976248 0.978169
 0.0619313 0.539733 0.908725 0.942643 0.944498
 0.0718409 0.626096 1.05413 1.09348 1.09563
nmprior
 10.6 11 7 0
nm_flota  nm_reclas  nm_pelaces    nm_pelaL
inf 20.013 11.2361 23.2166
cv_recla  cv_pelaces  cv_mph
0.851124 0.419269 0.429532
 ------------------------------------------------
Talla a la edad & desviación 
 7.2 14.2025 17.0495 18.207 18.6776
 1.08 2.13037 2.55742 2.73105 2.80164
