years
 1997 1998 1999 2000 2001 2002 2003 2004 2005 2006 2007 2008 2009 2010 2011 2012 2013 2014 2015 2016 2017 2018 2019 2020 2021
reclasobs
 0 0 0 370054 412103 1.49427e+06 250295 1.28982e+06 931140 785840 897777 1.04006e+06 184774 17550 25797 100020 73551 82996 120727 218422 84188 347160 605670 569463 516374
reclaspred
 1.27245e+06 243925 489541 194797 296535 371875 790051 630555 687744 851651 852601 614644 360912 139703 76845.7 72053.1 80253.3 108140 122982 137632 210837 216418 357913 415201 385798
pelacesobs
 0 0 0 0 0 0 0 0 0 2.06254e+06 1.5e+06 0 1.87456e+06 323000 250000 174000 83755 137374 0 501740 490994 745055 786931 1.00524e+06 1.33801e+06
pelacespred
 3.7128e+06 1.20186e+06 749975 686005 957827 817300 2.30842e+06 1.96508e+06 1.95937e+06 2.57571e+06 2.15705e+06 1.6288e+06 929216 277948 157290 159531 186725 269574 311707 332641 626548 627015 769485 1.06335e+06 939824
mphobs
 0 0 0 0 0 112323 0 153150 637223 0 255016 313432 73983 77613 109348 50772 0 0 0 0 0 0 0 0 0
mphpred
 381573 173307 151550 85650.4 77830.6 156606 193557 299638 268523 300814 387876 271217 169945 92948.6 42627.4 31293 30026.1 37374.5 47388.3 47987.2 65495.7 86009.8 103479 141479 161432
desembarqueobs
 350755 77701 442110 56441 14545 235359 269955 359681 431902 328805 639364 411747 362871 311530 167758 66681 60226 58785 57116 73181 50977 67692 138656 160484 209506
desembarquepred
 350736 77674 441747 56432.1 14544.5 235336 269956 359331 431638 328640 638587 411305 362431 311183 167343 66634 60224.3 58730.5 57060.8 73134.5 50971 67648.6 138602 160429 209433
Reclutas
 25484 41829.1 8289.87 12709 39101.8 21246.9 63140.8 60222.2 73630.3 115238 67079.1 48595.8 53422.8 28979.2 12938.5 10063.3 7829.08 9187.43 8501.77 11328 17215.2 20872.3 33423.9 35216.4 7875.26
log_desv_Rt
 0.0458068 0.541348 -1.07721 -0.649933 0.473924 -0.136033 0.953122 0.905796 1.10681 1.55475 1.01363 0.691292 0.785993 0.174334 -0.632039 -0.883353 -1.1344 -0.974408 -1.05197 -0.764968 -0.34645 -0.15382 0.317026 0.369268 -1.12852
SSB
 610771 277406 242581 137098 124581 250674 309819 479620 429815 481502 620860 434128 272025 148780 68232.1 50089.7 48061.8 59824.1 75852.7 76811.5 104837 137673 165636 226460 258398
BT
 1.42732e+06 408854 439400 232258 321826 382797 1.12739e+06 1.04246e+06 1.12339e+06 1.23508e+06 1.24037e+06 874458 697791 397163 202348 111021 114570 140836 134904 162409 248124 222265 307414 434227 386791
Ftot
 0.487364 0.650026 1.33554 0.564137 0.116912 0.991569 0.795709 1.09183 1.26486 0.831782 1.25895 1.18057 1.92859 3.35892 3.41866 1.59065 1.38694 1.05399 0.798306 0.996059 0.478643 0.561363 0.699902 0.70231 0.84769
BD_Bspro_t
 0.934362 0.664253 0.530918 0.244919 0.33583 0.556267 0.46116 0.524657 0.453876 0.437217 0.46415 0.313956 0.223694 0.149529 0.0838058 0.0763105 0.101091 0.168274 0.249478 0.301006 0.400603 0.533127 0.537236 0.537947 0.499796
BD_Bspro
 1.22166 0.554866 0.48521 0.274222 0.249186 0.501397 0.619698 0.959332 0.859713 0.963098 1.24184 0.86834 0.544103 0.297588 0.136477 0.100189 0.0961329 0.11966 0.15172 0.153638 0.209694 0.275372 0.331303 0.452964 0.516846
BD_Bo
 0.81671 0.370942 0.324375 0.183324 0.166587 0.335196 0.414284 0.641338 0.57474 0.643855 0.830202 0.580507 0.363746 0.198945 0.0912386 0.0669789 0.0642672 0.0799955 0.101429 0.102711 0.140186 0.184093 0.221485 0.302818 0.345525
BD_Brms
 2.6397 1.19893 1.04842 0.592525 0.538428 1.08339 1.33901 2.07288 1.85762 2.08101 2.68331 1.87627 1.17567 0.643013 0.294894 0.216483 0.207719 0.258555 0.327829 0.331973 0.453096 0.595011 0.715864 0.978741 1.11677
S_f
 0.117274 1 1 1 1
 0.117274 1 1 1 1
 0.117274 1 1 1 1
 0.117274 1 1 1 1
 0.117274 1 1 1 1
 0.117274 1 1 1 1
 0.117274 1 1 1 1
 0.117274 1 1 1 1
 0.117274 1 1 1 1
 0.117274 1 1 1 1
 0.117274 1 1 1 1
 0.117274 1 1 1 1
 0.117274 1 1 1 1
 0.117274 1 1 1 1
 0.117274 1 1 1 1
 0.117274 1 1 1 1
 0.117274 1 1 1 1
 0.117274 1 1 1 1
 0.117274 1 1 1 1
 0.117274 1 1 1 1
 0.117274 1 1 1 1
 0.117274 1 1 1 1
 0.117274 1 1 1 1
 0.117274 1 1 1 1
 0.117274 1 1 1 1
Scru_reclas
 0.289343 0.672026 0.911598 0.981095 0.996186
 0.289343 0.672026 0.911598 0.981095 0.996186
 0.289343 0.672026 0.911598 0.981095 0.996186
 0.289343 0.672026 0.911598 0.981095 0.996186
 0.289343 0.672026 0.911598 0.981095 0.996186
 0.289343 0.672026 0.911598 0.981095 0.996186
 0.289343 0.672026 0.911598 0.981095 0.996186
 0.289343 0.672026 0.911598 0.981095 0.996186
 0.289343 0.672026 0.911598 0.981095 0.996186
 0.289343 0.672026 0.911598 0.981095 0.996186
 0.289343 0.672026 0.911598 0.981095 0.996186
 0.289343 0.672026 0.911598 0.981095 0.996186
 0.289343 0.672026 0.911598 0.981095 0.996186
 0.289343 0.672026 0.911598 0.981095 0.996186
 0.289343 0.672026 0.911598 0.981095 0.996186
 0.289343 0.672026 0.911598 0.981095 0.996186
 0.289343 0.672026 0.911598 0.981095 0.996186
 0.289343 0.672026 0.911598 0.981095 0.996186
 0.289343 0.672026 0.911598 0.981095 0.996186
 0.289343 0.672026 0.911598 0.981095 0.996186
 0.289343 0.672026 0.911598 0.981095 0.996186
 0.289343 0.672026 0.911598 0.981095 0.996186
 0.289343 0.672026 0.911598 0.981095 0.996186
 0.289343 0.672026 0.911598 0.981095 0.996186
 0.289343 0.672026 0.911598 0.981095 0.996186
Scru_pelaces
 0.307281 0.723605 0.939215 0.989153 0.998145
 0.307281 0.723605 0.939215 0.989153 0.998145
 0.307281 0.723605 0.939215 0.989153 0.998145
 0.307281 0.723605 0.939215 0.989153 0.998145
 0.307281 0.723605 0.939215 0.989153 0.998145
 0.307281 0.723605 0.939215 0.989153 0.998145
 0.307281 0.723605 0.939215 0.989153 0.998145
 0.307281 0.723605 0.939215 0.989153 0.998145
 0.307281 0.723605 0.939215 0.989153 0.998145
 0.307281 0.723605 0.939215 0.989153 0.998145
 0.307281 0.723605 0.939215 0.989153 0.998145
 0.307281 0.723605 0.939215 0.989153 0.998145
 0.307281 0.723605 0.939215 0.989153 0.998145
 0.307281 0.723605 0.939215 0.989153 0.998145
 0.307281 0.723605 0.939215 0.989153 0.998145
 0.307281 0.723605 0.939215 0.989153 0.998145
 0.307281 0.723605 0.939215 0.989153 0.998145
 0.307281 0.723605 0.939215 0.989153 0.998145
 0.307281 0.723605 0.939215 0.989153 0.998145
 0.307281 0.723605 0.939215 0.989153 0.998145
 0.307281 0.723605 0.939215 0.989153 0.998145
 0.307281 0.723605 0.939215 0.989153 0.998145
 0.307281 0.723605 0.939215 0.989153 0.998145
 0.307281 0.723605 0.939215 0.989153 0.998145
 0.307281 0.723605 0.939215 0.989153 0.998145
pf_obs 
 0.256992 0.487395 0.22802 0.0275931 0
 0.321318 0.546541 0.124235 0.00734118 0.000564706
 0.182869 0.594174 0.210203 0.0122559 0.00049798
 0.330522 0.361315 0.267642 0.0388342 0.00168674
 0.649043 0.306663 0.0425973 0.00169635 0
 0.582887 0.30429 0.105238 0.00758474 0
 0.465427 0.430635 0.0974691 0.00646863 0
 0.296916 0.608066 0.0921331 0.00288517 0
 0.311714 0.524322 0.152257 0.0117073 0
 0.15457 0.633149 0.183074 0.0267441 0.00246327
 0.131901 0.49318 0.331252 0.0422183 0.00144891
 0.196976 0.569456 0.194076 0.0375587 0.00193317
 0.518974 0.381816 0.0799577 0.0180837 0.00116848
 0.0928022 0.601141 0.25162 0.0475244 0.00691264
 0.122501 0.610282 0.24278 0.0234846 0.000952079
 0.383417 0.481906 0.127806 0.00687128 0
 0.0376549 0.599619 0.316969 0.0457579 0
 0.0361596 0.667082 0.258105 0.0386534 0
 0.158088 0.579412 0.248529 0.0139706 0
 0.0477256 0.309471 0.559284 0.082774 0.000745712
 0.0406174 0.521527 0.379366 0.0568643 0.0016247
 0.151134 0.462217 0.34131 0.0453401 0
 0.294876 0.26143 0.354403 0.0886775 0.000613685
 0.281977 0.475581 0.204845 0.0348837 0.00271318
 0.0354234 0.537034 0.353287 0.0723622 0.0018943
pf_pred 
 0.138021 0.587972 0.242809 0.0311906 6.16567e-06
 0.248798 0.478246 0.186188 0.0768885 0.00987882
 0.0596261 0.750585 0.120827 0.0470399 0.0219215
 0.215712 0.413919 0.295621 0.0475883 0.0271607
 0.381081 0.469257 0.078986 0.0564118 0.014264
 0.135169 0.733086 0.0998876 0.0168132 0.0150443
 0.420943 0.401235 0.150733 0.0205383 0.00655036
 0.24631 0.681237 0.0502032 0.0188599 0.00338938
 0.296393 0.586268 0.10606 0.00781597 0.00346393
 0.336084 0.58217 0.0681137 0.0123222 0.00131052
 0.168544 0.723193 0.0949323 0.0111071 0.00222304
 0.187275 0.628649 0.160108 0.0210171 0.00295115
 0.302575 0.549302 0.114574 0.0291804 0.00436833
 0.269911 0.669188 0.0479662 0.0100049 0.00292955
 0.275982 0.695454 0.0261812 0.00187662 0.000506043
 0.308676 0.66589 0.0244307 0.000919722 8.37009e-05
 0.241667 0.683787 0.0718032 0.00263437 0.000108199
 0.286664 0.608295 0.0947152 0.00994586 0.000379889
 0.220207 0.668583 0.0948343 0.0147663 0.0016098
 0.278054 0.566949 0.132892 0.01885 0.00325503
 0.290044 0.601968 0.0848032 0.0198778 0.00330643
 0.233161 0.626128 0.119309 0.0168078 0.00459507
 0.287724 0.55261 0.130368 0.0248416 0.00445636
 0.224787 0.645066 0.100973 0.0238208 0.00535332
 0.0571447 0.736206 0.171956 0.0269165 0.00777699
pobs_RECLAS
 0 0 0 0 0
 0 0 0 0 0
 0 0 0 0 0
 0 0 0 0 0
 0.835266 0.146461 0.0176864 0.000547809 3.91292e-05
 0.385257 0.428462 0.181853 0.0044286 0
 0.867414 0.0963971 0.0333333 0.00285562 0
 0.441836 0.489002 0.0689373 0.000224442 0
 0.779404 0.147425 0.0564933 0.0165055 0.000172143
 0.814271 0.122319 0.05973 0.00367925 0
 0.40263 0.566651 0.0304383 0.000280538 0
 0.475488 0.404961 0.113038 0.00651328 0
 0.955842 0.0263864 0.0167828 0.000988607 0
 0.975058 0.0227948 0.00214734 0 0
 0.738997 0.206755 0.0527124 0.00153531 0
 0.850938 0.134255 0.0134407 0.00136685 0
 0.542534 0.407297 0.0501686 0 0
 0.764087 0.199537 0.0359546 0.000420521 0
 0.470689 0.182191 0.310203 0.0369168 0
 0.84361 0.089868 0.0606195 0.00523954 0.000663233
 0.607945 0.314616 0.071237 0.00620181 0
 0.523733 0.453247 0.0230204 0 0
 0.530135 0.295979 0.169645 0.0042399 0
 0.562478 0.366248 0.0663022 0.0049721 0
 0.250443 0.683176 0.0655157 0.000865301 0
ppred_RECLAS
 0.352589 0.395332 0.221456 0.0306164 6.14525e-06
 0.528164 0.263091 0.138939 0.0617505 0.00805589
 0.198135 0.59259 0.129401 0.0542183 0.0256554
 0.471642 0.236516 0.229138 0.0396981 0.0230059
 0.674396 0.224727 0.0513111 0.0394402 0.010126
 0.372053 0.502867 0.0929452 0.0168374 0.0152976
 0.718823 0.174804 0.0890795 0.013063 0.0042303
 0.561533 0.38202 0.0381888 0.0154402 0.00281749
 0.623111 0.29592 0.0726182 0.00575952 0.0025918
 0.655721 0.288596 0.0458028 0.00891772 0.000963026
 0.44593 0.459793 0.0818727 0.0103094 0.00209512
 0.466629 0.38064 0.131503 0.0185782 0.00264882
 0.6514 0.254029 0.0718749 0.0197011 0.00299462
 0.697636 0.268637 0.0261199 0.00586346 0.0017433
 0.710777 0.273864 0.0139853 0.00107887 0.000295398
 0.658881 0.324267 0.0161381 0.000653854 6.04204e-05
 0.566275 0.37771 0.0538019 0.00212441 8.85964e-05
 0.606652 0.31824 0.0672167 0.00759639 0.000294612
 0.51253 0.39689 0.0763656 0.0127971 0.00141658
 0.588822 0.299036 0.0950817 0.0145149 0.00254501
 0.594548 0.325025 0.0621116 0.0156689 0.00264641
 0.521218 0.365888 0.0945745 0.0143391 0.00398044
 0.591012 0.292637 0.0936479 0.019205 0.00349819
 0.513968 0.380144 0.0807172 0.020494 0.00467651
 0.180894 0.59104 0.187263 0.0315472 0.00925515
pobs_PELACES
 0 0 0 0 0
 0 0 0 0 0
 0 0 0 0 0
 0 0 0 0 0
 0 0 0 0 0
 0 0 0 0 0
 0 0 0 0 0
 0 0 0 0 0
 0 0 0 0 0
 0 0 0 0 0
 0.450072 0.473896 0.0757376 0.000293798 0
 0 0 0 0 0
 0.463077 0.371075 0.160297 0.00555027 0
 0.529543 0.364841 0.0842815 0.0213345 0
 0.631943 0.363953 0.00410389 0 0
 0.735681 0.248677 0.0153453 0.000297389 0
 0.695825 0.281241 0.0229344 0 0
 0.275771 0.60734 0.115278 0.00161068 0
 0 0 0 0 0
 0.896147 0.0623911 0.0374545 0.00400742 0
 0.803859 0.145111 0.0509908 3.86294e-05 0
 0.739449 0.233085 0.0266225 0.000797448 4.60066e-05
 0.878498 0.100942 0.0204185 0.000141795 0
 0.694673 0.275183 0.0284847 0.00165964 0
 0.469039 0.446079 0.0841089 0.000773354 0
ppred_PELACES
 0.386612 0.381333 0.204398 0.0276524 5.51594e-06
 0.577081 0.241174 0.12187 0.0530033 0.0068719
 0.267144 0.548997 0.114709 0.0470325 0.0221173
 0.515959 0.22258 0.206333 0.034981 0.0201467
 0.682483 0.222861 0.0486895 0.036623 0.00934447
 0.440646 0.452363 0.0800031 0.0141822 0.0128055
 0.763949 0.14939 0.0728439 0.0104532 0.00336418
 0.636014 0.319185 0.0305308 0.0120794 0.00219057
 0.704171 0.234564 0.0550781 0.00427475 0.00191173
 0.706904 0.247568 0.0375961 0.00716301 0.000768743
 0.535853 0.388207 0.0661434 0.00815024 0.00164607
 0.552236 0.323821 0.107047 0.014799 0.00209692
 0.766092 0.172712 0.0467587 0.012542 0.00189461
 0.85889 0.126046 0.0117268 0.00257605 0.000761157
 0.868026 0.125266 0.0061209 0.000462063 0.000125731
 0.752138 0.23613 0.0112447 0.000445828 4.09422e-05
 0.659841 0.29792 0.0406055 0.00156898 6.50273e-05
 0.675942 0.26447 0.0534496 0.00591106 0.00022783
 0.568946 0.354014 0.0651768 0.010688 0.00117579
 0.656602 0.252943 0.0769558 0.0114961 0.0020032
 0.62668 0.302144 0.055248 0.0136387 0.00228924
 0.561122 0.339125 0.0838749 0.0124443 0.00343306
 0.639176 0.261698 0.0801337 0.0160814 0.00291107
 0.563959 0.344669 0.0700271 0.0173987 0.00394561
 0.22029 0.570082 0.17283 0.0284917 0.00830695
pobs_pel_tallas
 0 0 0 0 0 0 0 0 0 0 0 0 0 0 0 0 0 0 0 0 0 0 0 0 0 0 0 0 0 0 0 0 0 0 0 0
 0 0 0 0 0 0 0 0 0 0 0 0 0 0 0 0 0 0 0 0 0 0 0 0 0 0 0 0 0 0 0 0 0 0 0 0
 0 0 0 0 0 0 0 0 0 0 0 0 0 0 0 0 0 0 0 0 0 0 0 0 0 0 0 0 0 0 0 0 0 0 0 0
 0 0 0 0 0 0 0 0 0 0 0 0 0 0 0 0 0 0 0 0 0 0 0 0 0 0 0 0 0 0 0 0 0 0 0 0
 0 0 0 0 0 0 0 0 0 0 0 0 0 0 0 0 0 0 0 0 0 0 0 0 0 0 0 0 0 0 0 0 0 0 0 0
 0 0 0 0 0 0 0 0 0 0 0 0 0 0 0 0 0 0 0 0 0 0 0 0 0 0 0 0 0 0 0 0 0 0 0 0
 0 0 0 0 0 0 0 0 0 0 0 0 0 0 0 0 0 0 0 0 0 0 0 0 0 0 0 0 0 0 0 0 0 0 0 0
 0 0 0 0 0 0 0 0 0 0 0 0 0 0 0 0 0 0 0 0 0 0 0 0 0 0 0 0 0 0 0 0 0 0 0 0
 0 0 0 0 0 0 0 0 0 0 0 0 0 0 0 0 0 0 0 0 0 0 0 0 0 0 0 0 0 0 0 0 0 0 0 0
 0 0 0 0 0 0 0 0 0 0 0 0 0 0 0 0 0 0 0 0 0 0 0 0 0 0 0 0 0 0 0 0 0 0 0 0
 0 0 0 0 0 0 0 0 1.78061e-05 0.00172719 0.00360574 0.0105946 0.0120993 0.0124554 0.0147524 0.0171206 0.0266825 0.0428682 0.0675386 0.121331 0.153587 0.119568 0.100827 0.0573624 0.0630603 0.0341343 0.0324427 0.0444173 0.0211091 0.0280891 0.0125444 0.00206551 0 0 0 0
 0 0 0 0 0 0 0 0 0 0 0 0 0 0 0 0 0 0 0 0 0 0 0 0 0 0 0 0 0 0 0 0 0 0 0 0
 0 0 0 0 0 0 0.0133647 0.0140871 0.0187388 0.0205184 0.03894 0.0496705 0.03968 0.0493445 0.0407372 0.0367815 0.0215668 0.0243155 0.0234873 0.0199281 0.019796 0.0243948 0.0301388 0.0376714 0.0412746 0.0863199 0.0771752 0.113111 0.0741005 0.0525337 0.0229764 0.00759418 0.00175318 0 0 0
 0 0 0 0 0 0 0 0 0 0 0.00219441 0.00772107 0.0458388 0.0604681 0.0671733 0.0775358 0.0609151 0.0617685 0.073594 0.0568108 0.0755445 0.0548602 0.0670107 0.0636378 0.0643287 0.046367 0.0373049 0.0286899 0.0247887 0.0153202 0.00654259 0.00121912 0.000365735 0 0 0
 0 0 0 0 0 0 0 0 0 0 0 0 0.000112435 0.00938835 0.0111873 0.0202946 0.0414886 0.0713402 0.111592 0.104902 0.108894 0.110636 0.117776 0.105296 0.107544 0.0401394 0.0192827 0.0124803 0.00416011 0.0028671 0.000618394 0 0 0 0 0
 0 0 0 0 0 0 0 0 0 0 0.00291406 0.0102884 0.027416 0.0768956 0.0749926 0.110853 0.0956884 0.0897413 0.0766577 0.0534642 0.0500743 0.0551293 0.0594112 0.0620874 0.0668451 0.0424026 0.0208742 0.0120726 0.0048766 0.00582813 0.00118941 0.000297354 0 0 0 0
 0 0.00264628 0.0354308 0.0461629 0.0458689 0.0383711 0.0214643 0.0164657 0.0346957 0.0420465 0.0363128 0.0245516 0.0311673 0.0291091 0.0169068 0.0133784 0.00837989 0.0085269 0.0148486 0.0160247 0.0276389 0.0546898 0.0760071 0.122758 0.109233 0.0665981 0.0333725 0.0166128 0.00676272 0.00308733 0.000882094 0 0 0 0 0
 0 0 0 0 0 0 0 0.000805153 0.000690131 0.00759144 0.0133425 0.0154129 0.00931677 0.000345066 0.00356568 0.00563607 0.00851162 0.0253048 0.0502646 0.0516448 0.0657925 0.0565908 0.0611916 0.0827007 0.0866115 0.110766 0.145733 0.0935128 0.0569358 0.0249597 0.0138026 0.00621118 0.00161031 0.00115022 0 0
 0 0 0 0 0 0 0 0 0 0 0 0 0 0 0 0 0 0 0 0 0 0 0 0 0 0 0 0 0 0 0 0 0 0 0 0
 0.00147267 0.00158595 0.00478618 0.00569244 0.00954404 0.0108468 0.00647125 0.017049 0.0510054 0.094081 0.124002 0.0959785 0.0687766 0.0820023 0.061753 0.0591476 0.0492212 0.0479892 0.0443925 0.0268479 0.0217502 0.0140895 0.0121071 0.0120363 0.00920419 0.00665534 0.0049561 0.00860946 0.00930331 0.0156896 0.0114698 0.00855282 0.00243557 0.00046729 0 2.83206e-05
 0 0 0 0 0.000772559 0.00158375 0.000888443 0.00281984 0.00712685 0.0440552 0.0773331 0.111326 0.0921469 0.0852325 0.0710754 0.0886704 0.0786465 0.0553345 0.0373146 0.0185414 0.00753245 0.00457741 0.012979 0.0271748 0.0457355 0.0583668 0.034881 0.0177882 0.00938659 0.00492506 0.0015258 0.00185414 0.000309023 5.79419e-05 3.86279e-05 0
 0 0.00173294 0.00326652 0 0.00397197 0.00683976 0.00946217 0.0152591 0.00757587 0.0136028 0.0228656 0.0392903 0.0559909 0.0764795 0.0681675 0.0726916 0.0566044 0.0477403 0.0527397 0.0444891 0.0609904 0.0582453 0.0661739 0.0445044 0.0529084 0.0360697 0.0280645 0.0235558 0.0158879 0.00826598 0.00280645 0.00217768 0.000904811 0.00058276 9.20147e-05 0
 0 0 0 0 0 0 0 0 0 0 0 0 0 0 0 0 0 0 0 0 0 0 0 0 0 0 0 0 0 0 0 0 0 0 0 0
 0 0 0 0 0 0 0 0 0 0 0 0 0 0 0 0 0 0 0 0 0 0 0 0 0 0 0 0 0 0 0 0 0 0 0 0
 0 0 0 0 0 0 0 0 0 0 0 0 0 0 0 0 0 0 0 0 0 0 0 0 0 0 0 0 0 0 0 0 0 0 0 0
ppred_pel_tallas
 1.03977e-16 1.68867e-05 9.90646e-05 0.000470812 0.00181249 0.00565193 0.0142767 0.0292144 0.0484355 0.0650758 0.07089 0.0627077 0.0452761 0.0272076 0.0146738 0.00897704 0.00842616 0.0109703 0.0153179 0.0207961 0.026924 0.0331716 0.0389292 0.0435932 0.0466854 0.0479511 0.0474 0.0452768 0.0419779 0.0379456 0.0335773 0.0291724 0.024924 0.0209394 0.0172744 0.0139615
 1.03951e-16 2.51861e-05 0.000147803 0.00070255 0.00270479 0.00843458 0.0213052 0.0435942 0.0722658 0.0970619 0.105651 0.0932605 0.0669084 0.0393507 0.0196655 0.00963695 0.00657849 0.00730537 0.00985629 0.0133334 0.0172922 0.0213709 0.0251854 0.028359 0.0305921 0.0317212 0.0317434 0.030797 0.0291091 0.0269308 0.024483 0.0219266 0.0193617 0.0168439 0.0144081 0.0120867
 1.04457e-16 1.16838e-05 6.85046e-05 0.000325494 0.00125292 0.00390691 0.00986908 0.0201974 0.0334943 0.0450271 0.0491175 0.0436083 0.0318341 0.0198259 0.0119542 0.00924263 0.0106419 0.0148151 0.0208665 0.0282057 0.0362341 0.0441969 0.0512228 0.0564755 0.0593368 0.0595462 0.0572528 0.0529554 0.0473604 0.0412064 0.0351139 0.0294993 0.0245635 0.0203362 0.0167464 0.0136881
 1.05145e-16 2.25203e-05 0.000132154 0.000628155 0.00241836 0.00754135 0.019049 0.0389777 0.0646136 0.0867857 0.0944702 0.0834013 0.0598587 0.035253 0.0177103 0.00883865 0.00625302 0.00712611 0.00972615 0.0132709 0.0173786 0.0217317 0.0259791 0.0297595 0.032762 0.0347803 0.0357391 0.0356847 0.0347479 0.0330967 0.0308972 0.0282932 0.0254055 0.0223418 0.019209 0.0161168
 1.02459e-16 2.97812e-05 0.000174782 0.000830817 0.00319866 0.0099747 0.0251954 0.0515536 0.0854578 0.114774 0.124913 0.11022 0.0789824 0.0462628 0.0227667 0.0105655 0.00644017 0.00658592 0.00865877 0.0115968 0.0149068 0.0182265 0.0211946 0.0234716 0.0248054 0.0250856 0.0243645 0.0228325 0.0207617 0.0184359 0.016092 0.0138873 0.0118961 0.0101295 0.00856356 0.00716561
 1.02369e-16 1.92454e-05 0.000112907 0.000536606 0.00206579 0.00644183 0.0162719 0.0332974 0.0552047 0.0741705 0.0807969 0.0714701 0.0516001 0.0310008 0.0167023 0.0101804 0.00949213 0.0122755 0.0170227 0.0229206 0.0293684 0.0357124 0.0412241 0.0452126 0.0471739 0.0469069 0.0445565 0.0405629 0.0355418 0.0301354 0.0248847 0.0201536 0.0161168 0.012795 0.0101135 0.00795909
 1.016e-16 3.33306e-05 0.000195627 0.000929931 0.0035803 0.0111648 0.0282014 0.0577037 0.0956496 0.128453 0.139776 0.123279 0.0882176 0.0514248 0.0248467 0.0107585 0.00551453 0.00482709 0.00607234 0.008104 0.0104609 0.0128708 0.0150836 0.0168626 0.0180233 0.0184703 0.0182124 0.0173508 0.0160451 0.0144716 0.0127863 0.0111045 0.00949754 0.00800148 0.0066317 0.00539496
 1.01055e-16 2.77588e-05 0.000162901 0.00077431 0.00298106 0.0092961 0.0234814 0.0480474 0.079649 0.106982 0.116458 0.10282 0.0738121 0.0435002 0.0219007 0.0109893 0.00780791 0.00883591 0.0118794 0.0158899 0.0202923 0.0245863 0.0282498 0.0307975 0.031883 0.0313801 0.0294127 0.0263158 0.0225489 0.0185865 0.0148243 0.0115241 0.00880398 0.00666432 0.00503184 0.00380312
 1.01095e-16 3.07274e-05 0.000180336 0.00085722 0.00330031 0.0102917 0.0259961 0.053192 0.0881738 0.118421 0.128883 0.113725 0.0814973 0.047742 0.0235055 0.0109253 0.0066791 0.00683866 0.0089802 0.0119995 0.0153754 0.0187196 0.0216441 0.023786 0.0248785 0.0248098 0.0236464 0.0216083 0.0190081 0.0161754 0.0133915 0.0108501 0.00865089 0.00681542 0.00531629 0.00410461
 1.00897e-16 3.08471e-05 0.000181038 0.000860552 0.00331314 0.0103317 0.0260971 0.0533988 0.0885169 0.118883 0.129388 0.114176 0.0818328 0.047963 0.0236594 0.0110711 0.00686571 0.00710003 0.00933698 0.0124586 0.0159268 0.0193324 0.0222663 0.0243491 0.0253064 0.0250326 0.0236135 0.0212985 0.018434 0.0153809 0.0124432 0.00982536 0.00762524 0.00585274 0.00446235 0.00338506
 1.01423e-16 2.33942e-05 0.00013727 0.000652445 0.00251182 0.00783278 0.0197853 0.0404854 0.0671171 0.0901604 0.0981759 0.0867491 0.0624271 0.0370971 0.0192447 0.0105901 0.00869687 0.0106391 0.0145753 0.0195778 0.0250579 0.0304345 0.0350769 0.0383901 0.0399416 0.0395619 0.037381 0.033785 0.0293128 0.0245278 0.0199056 0.0157685 0.0122733 0.00944032 0.00720357 0.00545997
 1.02232e-16 2.41061e-05 0.000141455 0.000672353 0.0025885 0.0080719 0.0203892 0.0417206 0.0691626 0.0929019 0.101144 0.0893322 0.0641993 0.0379768 0.0193845 0.0101664 0.00778586 0.00921457 0.0125658 0.0169284 0.0217783 0.0266298 0.030958 0.0342591 0.0361528 0.0364645 0.0352583 0.0328051 0.0295037 0.0257813 0.0220069 0.0184416 0.0152295 0.0124195 0.0100013 0.00793947
 1.0124e-16 3.3425e-05 0.000196179 0.00093255 0.00359037 0.0111963 0.0282808 0.0578663 0.0959197 0.128817 0.140178 0.123644 0.0885028 0.0516394 0.0250399 0.0109932 0.00584926 0.0053099 0.00673774 0.00896675 0.011507 0.0140496 0.0163063 0.0180095 0.0189598 0.0190696 0.0183794 0.01704 0.015269 0.013297 0.0113209 0.00947651 0.00783481 0.00641432 0.00520173 0.00417115
 1.00332e-16 3.74694e-05 0.000219928 0.00104546 0.00402514 0.0125521 0.0317054 0.0648729 0.107532 0.144405 0.157123 0.138549 0.0990816 0.0576292 0.027602 0.0115318 0.00529109 0.00403322 0.00479122 0.00627585 0.00798993 0.00967167 0.0111028 0.0120898 0.0124958 0.0122716 0.0114672 0.0102164 0.00870272 0.00711555 0.00561311 0.00430032 0.00322471 0.00238655 0.00175624 0.00129157
 1.0015e-16 3.78677e-05 0.000222267 0.00105658 0.00406795 0.0126856 0.0320426 0.0655629 0.108675 0.145941 0.158793 0.14002 0.10013 0.0582313 0.0278759 0.0116208 0.00529271 0.00399121 0.0047162 0.00616374 0.0078315 0.00945633 0.0108204 0.0117318 0.0120565 0.0117496 0.0108659 0.00954498 0.00797573 0.00635239 0.00483658 0.00353463 0.00249323 0.00170966 0.00114951 0.00076479
 1.00254e-16 3.2819e-05 0.000192616 0.000915598 0.00352508 0.0109926 0.0277666 0.0568146 0.0941781 0.126484 0.137653 0.121452 0.0870087 0.0509187 0.0249713 0.0114383 0.00675754 0.00671967 0.00872436 0.0115859 0.0147493 0.0178109 0.0203769 0.022088 0.0226921 0.0221045 0.0204293 0.01793 0.0149634 0.0118963 0.00903396 0.00657732 0.00461457 0.00314053 0.00209006 0.00137214
 1.00731e-16 2.8797e-05 0.000168997 0.000803298 0.00309268 0.00964418 0.0243606 0.0498462 0.0826298 0.110983 0.120805 0.10664 0.0765139 0.0450114 0.0225116 0.0110501 0.00754435 0.00833264 0.0111395 0.0148915 0.0190231 0.0230594 0.0265103 0.0289191 0.029958 0.0295038 0.0276663 0.0247542 0.0211939 0.0174292 0.0138341 0.0106601 0.00802705 0.00594512 0.00435442 0.00316428
 1.01059e-16 2.94977e-05 0.000173114 0.000822878 0.00316808 0.00987932 0.0249545 0.0510611 0.0846426 0.113683 0.123735 0.109205 0.0783061 0.0459699 0.0228141 0.0109076 0.0070778 0.00756509 0.0100424 0.0134323 0.0171976 0.0209111 0.0241372 0.0264684 0.0276066 0.0274313 0.0260244 0.0236416 0.0206433 0.0174076 0.0142558 0.0114075 0.0089727 0.00697102 0.00536467 0.0040909
 1.01463e-16 2.48358e-05 0.000145737 0.000692703 0.00266684 0.0083162 0.0210063 0.0429835 0.0712567 0.095716 0.104212 0.0920493 0.0661695 0.0391769 0.0200594 0.0106178 0.00824007 0.00980286 0.013351 0.0179247 0.0229531 0.0278994 0.0321876 0.0352744 0.0367636 0.0364969 0.0345878 0.0313825 0.0273662 0.0230466 0.0188534 0.0150784 0.0118649 0.00923437 0.0071313 0.0054675
 1.01664e-16 2.8654e-05 0.000168162 0.000799336 0.00307744 0.00959666 0.0242405 0.0496001 0.0822209 0.11043 0.120195 0.10608 0.076065 0.0446539 0.0221611 0.0105976 0.0068843 0.00737355 0.00981176 0.0131616 0.0169121 0.0206595 0.0239893 0.0265085 0.0279224 0.0280987 0.0270927 0.0251218 0.0225031 0.0195747 0.0166271 0.0138644 0.0113968 0.0092579 0.00743423 0.00589201
 1.01459e-16 2.73512e-05 0.000160509 0.000762943 0.0029373 0.00915963 0.0231367 0.047342 0.0784793 0.10541 0.114745 0.101303 0.0727114 0.0428296 0.0215233 0.0107364 0.00755318 0.00850602 0.0114395 0.0153322 0.0196358 0.0238783 0.0275666 0.0302374 0.0315525 0.0313763 0.029804 0.0271282 0.0237593 0.0201264 0.0165916 0.0134001 0.0106714 0.00842239 0.00660606 0.00514924
 1.0189e-16 2.44941e-05 0.000143732 0.000683175 0.00263016 0.00820182 0.0207174 0.0423922 0.0702762 0.0943984 0.102775 0.0907765 0.0652456 0.0386122 0.0197384 0.0103981 0.00801417 0.00950754 0.0129551 0.0174203 0.022355 0.0272475 0.0315474 0.0347314 0.0364119 0.0364237 0.0348574 0.032023 0.028364 0.0243486 0.020376 0.0167218 0.0135282 0.010828 0.00858629 0.00673927
 1.01912e-16 2.78945e-05 0.000163702 0.000778131 0.00299579 0.00934205 0.0235974 0.0482844 0.0800402 0.107503 0.117012 0.10328 0.074078 0.0435282 0.0216784 0.0104938 0.00698471 0.0076062 0.0101663 0.0136507 0.0175498 0.0214512 0.0249278 0.0275735 0.0290834 0.0293193 0.0283364 0.0263564 0.0237034 0.0207228 0.0177111 0.0148759 0.012329 0.0101048 0.00819042 0.00655347
 1.01889e-16 2.4618e-05 0.000144459 0.00068663 0.00264346 0.00824329 0.0208221 0.0426066 0.0706317 0.0948761 0.103296 0.0912377 0.06558 0.0388159 0.0198527 0.0104739 0.00808947 0.00960364 0.0130812 0.0175766 0.0225334 0.0274308 0.0317101 0.0348423 0.0364395 0.036342 0.0346519 0.0316952 0.0279318 0.023844 0.0198396 0.0161957 0.0130493 0.0104234 0.00827047 0.00651443
 1.04007e-16 9.64179e-06 5.65138e-05 0.000268483 0.00103341 0.00322235 0.00813997 0.0166597 0.0276313 0.0371566 0.0405617 0.0360826 0.0264933 0.0168028 0.0106636 0.00897744 0.010938 0.0154878 0.0219012 0.0296539 0.0381543 0.0466256 0.0541588 0.0598728 0.0631042 0.0635547 0.0613474 0.05697 0.0511336 0.0445952 0.0380054 0.0318192 0.0262812 0.0214653 0.0173403 0.0138317
pSPR Fmed_Fpbrs
0.375819   0.359395 0.359395
Fs Fmed_Fpbrs
0.932082   1.005 1.005
SSBpbr Bo_Bmed_Bpbrs
747842  243661  231379 231379
Ro
24343
SPR SPRFo_SPRFmed_SPRFpbrs
499952 187891 179680
log_Ro
9.92
likeval ReclasPelacesDesembMPH_pf_preclas_ppelaces_ptallas_desvR_qrecl_qpela
 69.6393 13.347 0.0870496 0.000167515 329.399 188.277 80.6641 0 22.7886 2.86882e-05 0.000293701 0 0 0 0
q_reclas_q_pelaces
2.13611 11.4522
M
0.7
N
 25484 15254.8 6299.63 809.232 0.159967
 41829.1 11952 4653.08 1921.54 246.884
 8289.87 19247.1 3098.35 1206.24 562.128
 12709 3519.82 2513.85 404.674 230.965
 39101.8 5907.08 994.289 710.121 179.557
 21246.9 19153 2609.71 439.271 393.054
 63140.8 9392.64 3528.56 480.788 153.339
 60222.2 28561.2 2104.79 790.713 142.101
 73630.3 26311.3 4759.88 350.775 155.459
 115238 31523.1 3688.2 667.219 70.9616
 67079.1 51906.9 6813.73 797.205 159.558
 48595.8 28738.3 7319.23 960.783 134.91
 53422.8 21011.8 4382.68 1116.21 167.097
 28979.2 21158.9 1516.63 316.342 92.6288
 12938.5 9705.21 365.364 26.1886 7.06194
 10063.3 4302.87 157.867 5.94309 0.540861
 7829.08 4146.85 435.452 15.9762 0.656179
 9187.43 3304.19 514.483 54.0248 2.06352
 8501.77 4031.87 571.896 89.0477 9.70788
 11328 3844.54 901.157 127.824 22.0727
 17215.2 5005.14 705.107 165.277 27.4917
 20872.3 8082.19 1540.06 216.959 59.3141
 33423.9 9704.51 2289.42 436.249 78.2591
 35216.4 15289.9 2393.34 564.62 126.889
 7875.26 16105.3 3761.73 588.828 170.13
pred_Ctot
 1021.49 4351.57 1797.03 230.841 0.045632
 2217.71 4262.94 1659.63 685.362 88.0569
 872.156 10978.9 1767.35 688.057 320.648
 587.356 1127.05 804.939 129.577 73.9552
 383.229 471.902 79.4312 56.7298 14.3444
 1688.73 9158.76 1247.94 210.055 187.955
 4067.52 3877.09 1456.52 198.46 63.2954
 5243.77 14503 1068.79 401.515 72.1574
 7362.66 14563.4 2634.61 194.156 86.047
 7745.92 13417.6 1569.86 283.997 30.2043
 6678.2 28654.9 3761.48 440.093 88.0832
 4554.85 15289.8 3894.09 511.17 71.777
 7878.93 14303.6 2983.46 759.846 113.749
 6940.52 17207.5 1233.4 257.265 75.3305
 3144.82 7924.69 298.334 21.3841 5.76636
 1244.91 2685.58 98.5306 3.7093 0.337571
 853.166 2414 253.489 9.30022 0.381981
 773.743 1641.86 255.648 26.8451 1.02537
 549.399 1668.06 236.604 36.8407 4.01634
 904.231 1843.72 432.167 61.3002 10.5854
 678.006 1407.16 198.235 46.4663 7.72908
 960.023 2578.04 491.246 69.205 18.9199
 1903.19 3655.33 862.34 164.319 29.4773
 2011.92 5773.56 903.741 213.204 47.914
 539.036 6944.5 1622.03 253.899 73.3591
F
 0.0571553 0.487364 0.487364 0.487364 0.487364
 0.0762315 0.650026 0.650026 0.650026 0.650026
 0.156625 1.33554 1.33554 1.33554 1.33554
 0.0661589 0.564137 0.564137 0.564137 0.564137
 0.0137108 0.116912 0.116912 0.116912 0.116912
 0.116286 0.991569 0.991569 0.991569 0.991569
 0.0933163 0.795709 0.795709 0.795709 0.795709
 0.128043 1.09183 1.09183 1.09183 1.09183
 0.148336 1.26486 1.26486 1.26486 1.26486
 0.0975467 0.831782 0.831782 0.831782 0.831782
 0.147642 1.25895 1.25895 1.25895 1.25895
 0.138451 1.18057 1.18057 1.18057 1.18057
 0.226175 1.92859 1.92859 1.92859 1.92859
 0.393916 3.35892 3.35892 3.35892 3.35892
 0.400922 3.41866 3.41866 3.41866 3.41866
 0.186543 1.59065 1.59065 1.59065 1.59065
 0.162653 1.38694 1.38694 1.38694 1.38694
 0.123606 1.05399 1.05399 1.05399 1.05399
 0.0936209 0.798306 0.798306 0.798306 0.798306
 0.116812 0.996059 0.996059 0.996059 0.996059
 0.0561326 0.478643 0.478643 0.478643 0.478643
 0.0658336 0.561363 0.561363 0.561363 0.561363
 0.0820806 0.699902 0.699902 0.699902 0.699902
 0.082363 0.70231 0.70231 0.70231 0.70231
 0.0994123 0.84769 0.84769 0.84769 0.84769
nmprior
 10.6 11 7 0
nm_flota  nm_reclas  nm_pelaces    nm_pelaL
inf 27.8483 11.4463 23.7828
cv_recla  cv_pelaces  cv_mph
0.754835 0.414252 0.419918
 ------------------------------------------------
Talla a la edad & desviación 
 7.2 14.2025 17.0495 18.207 18.6776
 1.08 2.13037 2.55742 2.73105 2.80164
