years
 1997 1998 1999 2000 2001 2002 2003 2004 2005 2006 2007 2008 2009 2010 2011 2012 2013 2014 2015 2016 2017 2018 2019 2020 2021
reclasobs
 0 0 0 370054 412103 1.49427e+06 250295 1.28982e+06 931140 785840 897777 1.04006e+06 184774 17550 25797 100020 73551 82996 120727 218422 84188 347160 605670 569463 516374
reclaspred
 5.28186e+06 824375 980351 189437 227211 328932 647329 600923 635169 896392 1.00832e+06 672050 355289 141540 77662.8 79855.3 90664.5 109844 120671 132771 210222 225738 380405 457023 403948
pelacesobs
 0 0 0 0 0 0 0 0 0 2.06254e+06 1.5e+06 0 1.87456e+06 323000 250000 174000 83755 137374 0 501740 490994 745055 786931 1.00524e+06 1.33801e+06
pelacespred
 6.36081e+06 2.34433e+06 540580 266531 680224 423905 2.19278e+06 1.59086e+06 1.67337e+06 2.58807e+06 1.84583e+06 1.29562e+06 910242 300898 177829 160172 177929 225343 215328 247511 507304 413682 562254 821026 470121
mphobs
 0 0 0 0 0 112323 0 153150 637223 0 255016 313432 73983 77613 109348 50772 0 0 0 0 0 0 0 0 0
mphpred
 1.18357e+06 500984 200744 69946.3 43548.4 142457 152875 280277 249800 289059 439142 266272 163495 95701.1 43912.9 32945.5 33192.1 37146.6 43471.8 44059.6 61357.3 81587.1 99064.2 142310 156758
desembarqueobs
 350755 77701 442110 56441 14545 235359 269955 359681 431902 328805 639364 411747 362871 311530 167758 66681 60226 58785 57116 73181 50977 67692 138656 160484 209506
desembarquepred
 350743 77679.5 441516 56409.1 14542.5 235137 269834 359025 431299 328456 637942 410892 361993 310831 167137 66571.9 60162.2 58674.1 57012 73073.8 50951.7 67605.8 138515 160329 209276
Reclutas
 6513.28 9245.97 1168.37 4010.07 42396.3 12260.1 64699.3 57416.3 66962.8 132175 52597.9 47868.6 56011 28940.9 12910.7 10706.7 7026.44 8078.92 8210.32 10503.8 15915.9 19615.7 33408.4 33482.6 1211.07
log_desv_Rt
 -0.958401 -0.608057 -2.67664 -1.44344 0.914816 -0.325893 1.33751 1.21808 1.37189 2.05188 1.13043 1.03621 1.1933 0.533012 -0.27419 -0.461377 -0.882565 -0.742987 -0.726853 -0.480506 -0.0649281 0.144087 0.676563 0.67878 -2.64074
SSB
 1.74465e+06 738478 295909 103105 64192.8 209990 225346 413145 368219 426089 647321 392500 241001 141069 64730.1 48563.5 48927.1 54756.2 64079.9 64946.3 90444.1 120264 146026 209772 231071
BT
 2.17401e+06 876475 414403 152679 269161 316706 1.05405e+06 950979 1.01101e+06 1.26452e+06 1.18416e+06 828473 683155 391121 199339 111908 110788 128249 121006 145357 222986 200042 286339 408939 311213
Ftot
 0.172152 0.273148 1.22509 0.8881 0.288306 1.63979 1.56472 1.74015 2.00804 1.25963 1.57505 1.63284 2.86642 4.78917 4.95303 2.25045 1.80613 1.53429 1.27589 1.54482 0.734767 0.832504 1.01728 0.976814 1.21112
BD_Bspro_t
 0.977622 0.837434 0.580328 0.208666 0.25378 0.575378 0.407283 0.494848 0.413806 0.407829 0.472947 0.290046 0.202913 0.143743 0.08042 0.0742537 0.102314 0.155434 0.21864 0.266634 0.366582 0.498688 0.504987 0.518336 0.469501
BD_Bspro
 5.0018 2.11717 0.848351 0.295595 0.184037 0.602028 0.646054 1.18446 1.05566 1.22157 1.85583 1.12527 0.690936 0.404436 0.185577 0.139228 0.140271 0.156983 0.183713 0.186197 0.259298 0.344789 0.418648 0.601404 0.662466
BD_Bo
 1.93345 0.818392 0.32793 0.114262 0.0711394 0.232714 0.249732 0.457853 0.408065 0.472198 0.71737 0.434974 0.267081 0.156335 0.0717348 0.0538187 0.0542217 0.0606816 0.0710143 0.0719744 0.100231 0.133278 0.161828 0.232473 0.256076
BD_Brms
 5.32657 2.25464 0.903435 0.314788 0.195986 0.641118 0.688002 1.26137 1.1242 1.30089 1.97633 1.19834 0.735798 0.430696 0.197627 0.148269 0.149379 0.167175 0.195642 0.198287 0.276134 0.367177 0.445831 0.640453 0.70548
S_f
 0.0851173 0.721885 0.986379 0.999505 0.999982
 0.0851173 0.721885 0.986379 0.999505 0.999982
 0.0851173 0.721885 0.986379 0.999505 0.999982
 0.0851173 0.721885 0.986379 0.999505 0.999982
 0.0851173 0.721885 0.986379 0.999505 0.999982
 0.0851173 0.721885 0.986379 0.999505 0.999982
 0.0851173 0.721885 0.986379 0.999505 0.999982
 0.0851173 0.721885 0.986379 0.999505 0.999982
 0.0851173 0.721885 0.986379 0.999505 0.999982
 0.0851173 0.721885 0.986379 0.999505 0.999982
 0.0851173 0.721885 0.986379 0.999505 0.999982
 0.0851173 0.721885 0.986379 0.999505 0.999982
 0.0851173 0.721885 0.986379 0.999505 0.999982
 0.0851173 0.721885 0.986379 0.999505 0.999982
 0.0851173 0.721885 0.986379 0.999505 0.999982
 0.0851173 0.721885 0.986379 0.999505 0.999982
 0.0851173 0.721885 0.986379 0.999505 0.999982
 0.0851173 0.721885 0.986379 0.999505 0.999982
 0.0851173 0.721885 0.986379 0.999505 0.999982
 0.0851173 0.721885 0.986379 0.999505 0.999982
 0.0851173 0.721885 0.986379 0.999505 0.999982
 0.0851173 0.721885 0.986379 0.999505 0.999982
 0.0851173 0.721885 0.986379 0.999505 0.999982
 0.0851173 0.721885 0.986379 0.999505 0.999982
 0.0851173 0.721885 0.986379 0.999505 0.999982
Scru_reclas
 0.18102 0.526597 0.848442 0.965722 0.992996
 0.18102 0.526597 0.848442 0.965722 0.992996
 0.18102 0.526597 0.848442 0.965722 0.992996
 0.18102 0.526597 0.848442 0.965722 0.992996
 0.18102 0.526597 0.848442 0.965722 0.992996
 0.18102 0.526597 0.848442 0.965722 0.992996
 0.18102 0.526597 0.848442 0.965722 0.992996
 0.18102 0.526597 0.848442 0.965722 0.992996
 0.18102 0.526597 0.848442 0.965722 0.992996
 0.18102 0.526597 0.848442 0.965722 0.992996
 0.18102 0.526597 0.848442 0.965722 0.992996
 0.18102 0.526597 0.848442 0.965722 0.992996
 0.18102 0.526597 0.848442 0.965722 0.992996
 0.18102 0.526597 0.848442 0.965722 0.992996
 0.18102 0.526597 0.848442 0.965722 0.992996
 0.18102 0.526597 0.848442 0.965722 0.992996
 0.18102 0.526597 0.848442 0.965722 0.992996
 0.18102 0.526597 0.848442 0.965722 0.992996
 0.18102 0.526597 0.848442 0.965722 0.992996
 0.18102 0.526597 0.848442 0.965722 0.992996
 0.18102 0.526597 0.848442 0.965722 0.992996
 0.18102 0.526597 0.848442 0.965722 0.992996
 0.18102 0.526597 0.848442 0.965722 0.992996
 0.18102 0.526597 0.848442 0.965722 0.992996
 0.18102 0.526597 0.848442 0.965722 0.992996
Scru_pelaces
 0.760249 1 1 1 1
 0.760249 1 1 1 1
 0.760249 1 1 1 1
 0.760249 1 1 1 1
 0.760249 1 1 1 1
 0.760249 1 1 1 1
 0.760249 1 1 1 1
 0.760249 1 1 1 1
 0.760249 1 1 1 1
 0.760249 1 1 1 1
 0.760249 1 1 1 1
 0.760249 1 1 1 1
 0.760249 1 1 1 1
 0.760249 1 1 1 1
 0.760249 1 1 1 1
 0.760249 1 1 1 1
 0.760249 1 1 1 1
 0.760249 1 1 1 1
 0.760249 1 1 1 1
 0.760249 1 1 1 1
 0.760249 1 1 1 1
 0.760249 1 1 1 1
 0.760249 1 1 1 1
 0.760249 1 1 1 1
 0.760249 1 1 1 1
pf_obs 
 0.256992 0.487395 0.22802 0.0275931 0
 0.321318 0.546541 0.124235 0.00734118 0.000564706
 0.182869 0.594174 0.210203 0.0122559 0.00049798
 0.330522 0.361315 0.267642 0.0388342 0.00168674
 0.649043 0.306663 0.0425973 0.00169635 0
 0.582887 0.30429 0.105238 0.00758474 0
 0.465427 0.430635 0.0974691 0.00646863 0
 0.296916 0.608066 0.0921331 0.00288517 0
 0.311714 0.524322 0.152257 0.0117073 0
 0.15457 0.633149 0.183074 0.0267441 0.00246327
 0.131901 0.49318 0.331252 0.0422183 0.00144891
 0.196976 0.569456 0.194076 0.0375587 0.00193317
 0.518974 0.381816 0.0799577 0.0180837 0.00116848
 0.0928022 0.601141 0.25162 0.0475244 0.00691264
 0.122501 0.610282 0.24278 0.0234846 0.000952079
 0.383417 0.481906 0.127806 0.00687128 0
 0.0376549 0.599619 0.316969 0.0457579 0
 0.0361596 0.667082 0.258105 0.0386534 0
 0.158088 0.579412 0.248529 0.0139706 0
 0.0477256 0.309471 0.559284 0.082774 0.000745712
 0.0406174 0.521527 0.379366 0.0568643 0.0016247
 0.151134 0.462217 0.34131 0.0453401 0
 0.294876 0.26143 0.354403 0.0886775 0.000613685
 0.281977 0.475581 0.204845 0.0348837 0.00271318
 0.0354234 0.537034 0.353287 0.0723622 0.0018943
pf_pred 
 0.0101308 0.646193 0.304199 0.0394748 1.98032e-06
 0.0257394 0.0697913 0.653935 0.222113 0.028421
 0.00912561 0.216997 0.0764027 0.506378 0.191097
 0.127718 0.111758 0.245642 0.0519242 0.462957
 0.658667 0.2247 0.0220156 0.0309917 0.0636249
 0.0908702 0.859083 0.0367662 0.00253865 0.0107419
 0.552984 0.259569 0.181644 0.00429488 0.00150793
 0.260478 0.704444 0.0249762 0.00979713 0.000304613
 0.304433 0.583616 0.109039 0.00209061 0.000821633
 0.403199 0.525307 0.0650965 0.00623642 0.000161357
 0.122001 0.782633 0.0882353 0.00650615 0.00062439
 0.196261 0.529203 0.257045 0.0162157 0.0012755
 0.329721 0.540131 0.101226 0.0271261 0.00179544
 0.272129 0.680624 0.0429163 0.00339899 0.000931776
 0.285554 0.688032 0.0259376 0.000435854 4.12039e-05
 0.330574 0.645908 0.0232889 0.000225251 3.8747e-06
 0.209166 0.711522 0.0779328 0.00136628 1.29906e-05
 0.272387 0.582474 0.136986 0.00801536 0.000137758
 0.242129 0.635522 0.107276 0.0142473 0.0008258
 0.284813 0.571312 0.129166 0.0129346 0.00177434
 0.295778 0.592666 0.0976987 0.0124737 0.00138314
 0.23645 0.609034 0.137562 0.0148826 0.00207132
 0.300064 0.530204 0.145917 0.021248 0.00256735
 0.216666 0.64672 0.113932 0.019558 0.00312421
 0.00944487 0.741417 0.220056 0.0243386 0.00474397
pobs_RECLAS
 0 0 0 0 0
 0 0 0 0 0
 0 0 0 0 0
 0 0 0 0 0
 0.835266 0.146461 0.0176864 0.000547809 3.91292e-05
 0.385257 0.428462 0.181853 0.0044286 0
 0.867414 0.0963971 0.0333333 0.00285562 0
 0.441836 0.489002 0.0689373 0.000224442 0
 0.779404 0.147425 0.0564933 0.0165055 0.000172143
 0.814271 0.122319 0.05973 0.00367925 0
 0.40263 0.566651 0.0304383 0.000280538 0
 0.475488 0.404961 0.113038 0.00651328 0
 0.955842 0.0263864 0.0167828 0.000988607 0
 0.975058 0.0227948 0.00214734 0 0
 0.738997 0.206755 0.0527124 0.00153531 0
 0.850938 0.134255 0.0134407 0.00136685 0
 0.542534 0.407297 0.0501686 0 0
 0.764087 0.199537 0.0359546 0.000420521 0
 0.470689 0.182191 0.310203 0.0369168 0
 0.84361 0.089868 0.0606195 0.00523954 0.000663233
 0.607945 0.314616 0.071237 0.00620181 0
 0.523733 0.453247 0.0230204 0 0
 0.530135 0.295979 0.169645 0.0042399 0
 0.562478 0.366248 0.0663022 0.0049721 0
 0.250443 0.683176 0.0655157 0.000865301 0
ppred_RECLAS
 0.0273964 0.595237 0.329362 0.0480014 2.47489e-06
 0.0610521 0.0561257 0.616677 0.235213 0.0309322
 0.023529 0.177922 0.0706238 0.52451 0.203415
 0.267182 0.076365 0.192534 0.045648 0.418271
 0.837446 0.0967905 0.0111161 0.0175721 0.0370757
 0.244855 0.708098 0.0332902 0.00257212 0.0111839
 0.793358 0.114772 0.0886761 0.0023468 0.000846716
 0.536262 0.439067 0.016982 0.00745103 0.000238061
 0.595385 0.335554 0.0670446 0.00143628 0.000580028
 0.67704 0.279669 0.0389941 0.00418567 0.000111293
 0.308357 0.609018 0.0757561 0.00625206 0.000616576
 0.434851 0.358926 0.191605 0.0135258 0.0010933
 0.650554 0.280608 0.0522094 0.0155699 0.00105879
 0.664988 0.317067 0.0161417 0.00140736 0.000396218
 0.685587 0.305118 0.00910988 0.000168352 1.63444e-05
 0.633105 0.353385 0.0133637 0.000144268 2.54993e-06
 0.465832 0.476394 0.0566529 0.00111067 1.08515e-05
 0.542164 0.358379 0.0932421 0.00610727 0.000107863
 0.496638 0.412707 0.0783095 0.0116523 0.000694067
 0.557399 0.345266 0.086298 0.00967336 0.00136362
 0.553228 0.365985 0.0696686 0.00998046 0.00113734
 0.477435 0.403285 0.104749 0.0127127 0.00181833
 0.560607 0.320419 0.100524 0.0164127 0.00203801
 0.453084 0.438824 0.0883033 0.0169982 0.0027905
 0.0280838 0.701902 0.235047 0.0291321 0.00583538
pobs_PELACES
 0 0 0 0 0
 0 0 0 0 0
 0 0 0 0 0
 0 0 0 0 0
 0 0 0 0 0
 0 0 0 0 0
 0 0 0 0 0
 0 0 0 0 0
 0 0 0 0 0
 0 0 0 0 0
 0.450072 0.473896 0.0757376 0.000293798 0
 0 0 0 0 0
 0.463077 0.371075 0.160297 0.00555027 0
 0.529543 0.364841 0.0842815 0.0213345 0
 0.631943 0.363953 0.00410389 0 0
 0.735681 0.248677 0.0153453 0.000297389 0
 0.695825 0.281241 0.0229344 0 0
 0.275771 0.60734 0.115278 0.00161068 0
 0 0 0 0 0
 0.896147 0.0623911 0.0374545 0.00400742 0
 0.803859 0.145111 0.0509908 3.86294e-05 0
 0.739449 0.233085 0.0266225 0.000797448 4.60066e-05
 0.878498 0.100942 0.0204185 0.000141795 0
 0.694673 0.275183 0.0284847 0.00165964 0
 0.469039 0.446079 0.0841089 0.000773354 0
ppred_PELACES
 0.0709694 0.672432 0.22749 0.0291065 1.45943e-06
 0.200296 0.0786136 0.523474 0.175209 0.0224073
 0.10573 0.279456 0.0618661 0.401532 0.151416
 0.632175 0.0677904 0.0981688 0.0203698 0.181496
 0.937137 0.0460957 0.00320411 0.00444433 0.0091192
 0.510686 0.473133 0.0119648 0.000806424 0.00340926
 0.936862 0.0441102 0.0184524 0.000426136 0.000149488
 0.791006 0.203152 0.00418958 0.00160286 4.97911e-05
 0.843915 0.141027 0.0146771 0.000273848 0.000107519
 0.865409 0.124048 0.00961727 0.000902026 2.33205e-05
 0.592429 0.379985 0.0255685 0.00184127 0.000176554
 0.742966 0.196749 0.0565296 0.00348122 0.000273589
 0.893624 0.0954278 0.00858072 0.00222044 0.000146782
 0.925408 0.0729295 0.00151711 0.000113824 3.11415e-05
 0.932889 0.0663002 0.000797377 1.26713e-05 1.19547e-06
 0.86181 0.13555 0.00261413 2.45532e-05 4.21908e-07
 0.748131 0.23669 0.014922 0.000255013 2.42241e-06
 0.800722 0.173367 0.0244868 0.00139975 2.40369e-05
 0.756532 0.217412 0.0229059 0.00297794 0.000172473
 0.811071 0.164195 0.0222589 0.00217743 0.000298441
 0.775982 0.198906 0.0220407 0.0027652 0.000306422
 0.727525 0.233273 0.0349704 0.00371528 0.000516744
 0.798829 0.166713 0.0297039 0.0042421 0.000512203
 0.711461 0.253753 0.0291023 0.00490101 0.00078235
 0.0861175 0.754531 0.141092 0.0152831 0.00297666
pobs_pel_tallas
 0 0 0 0 0 0 0 0 0 0 0 0 0 0 0 0 0 0 0 0 0 0 0 0 0 0 0 0 0 0 0 0 0 0 0 0
 0 0 0 0 0 0 0 0 0 0 0 0 0 0 0 0 0 0 0 0 0 0 0 0 0 0 0 0 0 0 0 0 0 0 0 0
 0 0 0 0 0 0 0 0 0 0 0 0 0 0 0 0 0 0 0 0 0 0 0 0 0 0 0 0 0 0 0 0 0 0 0 0
 0 0 0 0 0 0 0 0 0 0 0 0 0 0 0 0 0 0 0 0 0 0 0 0 0 0 0 0 0 0 0 0 0 0 0 0
 0 0 0 0 0 0 0 0 0 0 0 0 0 0 0 0 0 0 0 0 0 0 0 0 0 0 0 0 0 0 0 0 0 0 0 0
 0 0 0 0 0 0 0 0 0 0 0 0 0 0 0 0 0 0 0 0 0 0 0 0 0 0 0 0 0 0 0 0 0 0 0 0
 0 0 0 0 0 0 0 0 0 0 0 0 0 0 0 0 0 0 0 0 0 0 0 0 0 0 0 0 0 0 0 0 0 0 0 0
 0 0 0 0 0 0 0 0 0 0 0 0 0 0 0 0 0 0 0 0 0 0 0 0 0 0 0 0 0 0 0 0 0 0 0 0
 0 0 0 0 0 0 0 0 0 0 0 0 0 0 0 0 0 0 0 0 0 0 0 0 0 0 0 0 0 0 0 0 0 0 0 0
 0 0 0 0 0 0 0 0 0 0 0 0 0 0 0 0 0 0 0 0 0 0 0 0 0 0 0 0 0 0 0 0 0 0 0 0
 0 0 0 0 0 0 0 0 1.78061e-05 0.00172719 0.00360574 0.0105946 0.0120993 0.0124554 0.0147524 0.0171206 0.0266825 0.0428682 0.0675386 0.121331 0.153587 0.119568 0.100827 0.0573624 0.0630603 0.0341343 0.0324427 0.0444173 0.0211091 0.0280891 0.0125444 0.00206551 0 0 0 0
 0 0 0 0 0 0 0 0 0 0 0 0 0 0 0 0 0 0 0 0 0 0 0 0 0 0 0 0 0 0 0 0 0 0 0 0
 0 0 0 0 0 0 0.0133647 0.0140871 0.0187388 0.0205184 0.03894 0.0496705 0.03968 0.0493445 0.0407372 0.0367815 0.0215668 0.0243155 0.0234873 0.0199281 0.019796 0.0243948 0.0301388 0.0376714 0.0412746 0.0863199 0.0771752 0.113111 0.0741005 0.0525337 0.0229764 0.00759418 0.00175318 0 0 0
 0 0 0 0 0 0 0 0 0 0 0.00219441 0.00772107 0.0458388 0.0604681 0.0671733 0.0775358 0.0609151 0.0617685 0.073594 0.0568108 0.0755445 0.0548602 0.0670107 0.0636378 0.0643287 0.046367 0.0373049 0.0286899 0.0247887 0.0153202 0.00654259 0.00121912 0.000365735 0 0 0
 0 0 0 0 0 0 0 0 0 0 0 0 0.000112435 0.00938835 0.0111873 0.0202946 0.0414886 0.0713402 0.111592 0.104902 0.108894 0.110636 0.117776 0.105296 0.107544 0.0401394 0.0192827 0.0124803 0.00416011 0.0028671 0.000618394 0 0 0 0 0
 0 0 0 0 0 0 0 0 0 0 0.00291406 0.0102884 0.027416 0.0768956 0.0749926 0.110853 0.0956884 0.0897413 0.0766577 0.0534642 0.0500743 0.0551293 0.0594112 0.0620874 0.0668451 0.0424026 0.0208742 0.0120726 0.0048766 0.00582813 0.00118941 0.000297354 0 0 0 0
 0 0.00264628 0.0354308 0.0461629 0.0458689 0.0383711 0.0214643 0.0164657 0.0346957 0.0420465 0.0363128 0.0245516 0.0311673 0.0291091 0.0169068 0.0133784 0.00837989 0.0085269 0.0148486 0.0160247 0.0276389 0.0546898 0.0760071 0.122758 0.109233 0.0665981 0.0333725 0.0166128 0.00676272 0.00308733 0.000882094 0 0 0 0 0
 0 0 0 0 0 0 0 0.000805153 0.000690131 0.00759144 0.0133425 0.0154129 0.00931677 0.000345066 0.00356568 0.00563607 0.00851162 0.0253048 0.0502646 0.0516448 0.0657925 0.0565908 0.0611916 0.0827007 0.0866115 0.110766 0.145733 0.0935128 0.0569358 0.0249597 0.0138026 0.00621118 0.00161031 0.00115022 0 0
 0 0 0 0 0 0 0 0 0 0 0 0 0 0 0 0 0 0 0 0 0 0 0 0 0 0 0 0 0 0 0 0 0 0 0 0
 0.00147267 0.00158595 0.00478618 0.00569244 0.00954404 0.0108468 0.00647125 0.017049 0.0510054 0.094081 0.124002 0.0959785 0.0687766 0.0820023 0.061753 0.0591476 0.0492212 0.0479892 0.0443925 0.0268479 0.0217502 0.0140895 0.0121071 0.0120363 0.00920419 0.00665534 0.0049561 0.00860946 0.00930331 0.0156896 0.0114698 0.00855282 0.00243557 0.00046729 0 2.83206e-05
 0 0 0 0 0.000772559 0.00158375 0.000888443 0.00281984 0.00712685 0.0440552 0.0773331 0.111326 0.0921469 0.0852325 0.0710754 0.0886704 0.0786465 0.0553345 0.0373146 0.0185414 0.00753245 0.00457741 0.012979 0.0271748 0.0457355 0.0583668 0.034881 0.0177882 0.00938659 0.00492506 0.0015258 0.00185414 0.000309023 5.79419e-05 3.86279e-05 0
 0 0.00173294 0.00326652 0 0.00397197 0.00683976 0.00946217 0.0152591 0.00757587 0.0136028 0.0228656 0.0392903 0.0559909 0.0764795 0.0681675 0.0726916 0.0566044 0.0477403 0.0527397 0.0444891 0.0609904 0.0582453 0.0661739 0.0445044 0.0529084 0.0360697 0.0280645 0.0235558 0.0158879 0.00826598 0.00280645 0.00217768 0.000904811 0.00058276 9.20147e-05 0
 0 0 0 0 0 0 0 0 0 0 0 0 0 0 0 0 0 0 0 0 0 0 0 0 0 0 0 0 0 0 0 0 0 0 0 0
 0 0 0 0 0 0 0 0 0 0 0 0 0 0 0 0 0 0 0 0 0 0 0 0 0 0 0 0 0 0 0 0 0 0 0 0
 0 0 0 0 0 0 0 0 0 0 0 0 0 0 0 0 0 0 0 0 0 0 0 0 0 0 0 0 0 0 0 0 0 0 0 0
ppred_pel_tallas
 1.04449e-16 3.13504e-06 1.83036e-05 8.68052e-05 0.000333866 0.00104083 0.00262979 0.00538624 0.00894861 0.0120792 0.0133067 0.0121231 0.00951995 0.00725589 0.00670203 0.00837938 0.0122588 0.0181698 0.0259126 0.0351437 0.0452517 0.0553403 0.0643391 0.0712034 0.0751413 0.0757877 0.0732731 0.0681584 0.0612712 0.0534989 0.045611 0.0381536 0.0314313 0.0255508 0.0204954 0.0161942
 1.14524e-16 8.75074e-06 5.13261e-05 0.000243916 0.000938982 0.002928 0.00739591 0.0151338 0.025089 0.0337034 0.0367015 0.0324344 0.0233526 0.0139073 0.0072876 0.00417041 0.00370571 0.00489801 0.0072024 0.0104601 0.0146682 0.0198226 0.025846 0.0325612 0.0396861 0.0468431 0.0535829 0.0594214 0.0638902 0.0665951 0.067274 0.0658414 0.0624102 0.0572793 0.0508926 0.0437726
 1.21842e-16 4.63361e-06 2.71408e-05 0.000128905 0.000496108 0.00154688 0.00390756 0.00799763 0.0132657 0.017842 0.0194857 0.0173545 0.0127875 0.00820143 0.00536946 0.00475473 0.00601367 0.00869785 0.012535 0.0173655 0.0230085 0.0291965 0.0355862 0.0418158 0.0475744 0.0526501 0.0569418 0.0604265 0.0631034 0.064938 0.0658347 0.0656486 0.0642328 0.0614982 0.057467 0.0522956
 1.10597e-16 2.7581e-05 0.00016188 0.000769513 0.00296268 0.00923884 0.0233365 0.047749 0.0791474 0.106287 0.115647 0.101975 0.0729228 0.0424099 0.0203095 0.00849335 0.00394061 0.00311421 0.00387833 0.00535152 0.00725219 0.00947972 0.0119575 0.0145983 0.0173069 0.0199868 0.0225433 0.0248798 0.0268936 0.0284745 0.0295108 0.029904 0.029588 0.0285471 0.0268258 0.0245286
 1.0064e-16 4.0878e-05 0.000239947 0.00114065 0.00439167 0.0136951 0.0345926 0.0707796 0.11732 0.157541 0.171394 0.151082 0.107931 0.0625481 0.0295303 0.0116 0.0042148 0.00206027 0.00189982 0.00236722 0.00300659 0.0036595 0.00423661 0.00466742 0.00490267 0.00492387 0.0047468 0.00441571 0.00399076 0.00353262 0.00308976 0.00269149 0.00234775 0.00205396 0.00179807 0.00156708
 1.00512e-16 2.23001e-05 0.000130839 0.000621856 0.00239402 0.0074654 0.0188574 0.0385875 0.0639736 0.0859464 0.09361 0.0827688 0.0596806 0.0357006 0.0189507 0.0111094 0.0098897 0.0125217 0.0172365 0.0230902 0.0294111 0.0354936 0.0405681 0.0439197 0.0450479 0.0437892 0.0403597 0.0352958 0.0293192 0.02317 0.0174615 0.0125941 0.00873891 0.00587754 0.00387022 0.00252575
 1.00299e-16 4.0866e-05 0.000239877 0.00114032 0.00439039 0.0136911 0.0345824 0.0707588 0.117285 0.157495 0.171344 0.151037 0.107898 0.062527 0.0295171 0.0115897 0.00420428 0.00204874 0.00188913 0.00236189 0.00301392 0.00368915 0.00429929 0.00477252 0.0050553 0.00512175 0.00497817 0.00465898 0.00421641 0.00370734 0.00318186 0.00267657 0.00221312 0.00180093 0.00144158 0.00113288
 1.00184e-16 3.45124e-05 0.000202561 0.000962885 0.00370716 0.0115604 0.0292008 0.0597488 0.0990407 0.13301 0.144745 0.127683 0.0914164 0.0533842 0.0259682 0.0115371 0.00632491 0.00589084 0.00749935 0.00992212 0.0126169 0.0152207 0.017392 0.0188224 0.0192968 0.0187457 0.0172623 0.0150777 0.0125025 0.00985527 0.00739974 0.00530815 0.00365406 0.00242932 0.00157352 0.00100404
 1.00269e-16 3.6817e-05 0.000216097 0.00102725 0.00395499 0.0123333 0.0311529 0.0637425 0.105659 0.141891 0.154392 0.136151 0.0973876 0.056687 0.0272315 0.0115163 0.00549344 0.00440557 0.00533755 0.0070151 0.00893353 0.0108117 0.0124071 0.0135028 0.0139451 0.0136785 0.0127589 0.0113366 0.00961762 0.0078156 0.00610959 0.00461919 0.00339967 0.00245301 0.00174696 0.00123432
 1.0021e-16 3.77536e-05 0.000221597 0.0010534 0.00405569 0.0126473 0.0319461 0.0653653 0.108348 0.145501 0.158314 0.139598 0.0998272 0.0580545 0.0277898 0.0115825 0.00527229 0.00397393 0.00469719 0.00614338 0.00781335 0.00944654 0.0108272 0.0117649 0.0121256 0.0118623 0.0110266 0.0097532 0.00822584 0.00663416 0.00513651 0.00383784 0.00278544 0.00197887 0.00138714 0.000966084
 1.00559e-16 2.58608e-05 0.000151752 0.000721295 0.00277692 0.00865947 0.0218734 0.0447578 0.0741982 0.0996678 0.108515 0.0958538 0.0689108 0.0408125 0.0209185 0.0111039 0.00864673 0.0102886 0.0139824 0.0187113 0.0238584 0.0288401 0.0330351 0.0358659 0.0369242 0.036069 0.0334613 0.0295179 0.0248055 0.0199084 0.0153139 0.0113441 0.00814284 0.00570647 0.00393658 0.00269397
 1.01e-16 3.24176e-05 0.000190263 0.000904417 0.00348205 0.0108584 0.0274276 0.0561206 0.0930269 0.124935 0.13596 0.119941 0.0858889 0.0501885 0.0244752 0.0109821 0.00618214 0.00591605 0.00762653 0.0101704 0.013045 0.0159101 0.0184372 0.0203198 0.0213298 0.0213674 0.0204806 0.0188452 0.0167154 0.0143617 0.0120169 0.00984446 0.007932 0.00630494 0.00494903 0.00383219
 1.00237e-16 3.89827e-05 0.000228815 0.00108772 0.00418786 0.0130595 0.0329871 0.0674951 0.111877 0.150237 0.16346 0.144117 0.103019 0.0598294 0.0284874 0.0116111 0.00489068 0.00327258 0.0036695 0.00475501 0.00604467 0.00731473 0.00839522 0.00913894 0.00944225 0.00926808 0.00865446 0.00770313 0.00655318 0.00534839 0.00420877 0.00321391 0.00239986 0.00176677 0.00129207 0.000943584
 1.00051e-16 4.03677e-05 0.000236949 0.00112639 0.00433676 0.0135239 0.03416 0.0698948 0.115854 0.155575 0.169262 0.149217 0.106631 0.0618603 0.0293285 0.011735 0.00460454 0.00269506 0.00280778 0.00357851 0.00452796 0.00545861 0.00623544 0.00674586 0.00691254 0.00671047 0.00617336 0.00538436 0.00445534 0.00350095 0.00261627 0.0018634 0.00126896 0.000830069 0.000524978 0.000323816
 1.00034e-16 4.06936e-05 0.000238863 0.00113549 0.0043718 0.0136331 0.034436 0.0704595 0.11679 0.156831 0.170626 0.150416 0.107479 0.062334 0.0295189 0.0117517 0.00451768 0.00253031 0.00256487 0.00324919 0.00410675 0.00494829 0.00564926 0.00610713 0.00625177 0.00606084 0.00556547 0.00484184 0.00399223 0.00312137 0.00231601 0.00163272 0.00109555 0.000701554 0.000430437 0.000254481
 1.00083e-16 3.75971e-05 0.000220677 0.00104902 0.00403884 0.0125948 0.0318134 0.0650938 0.107898 0.144898 0.157661 0.139028 0.0994334 0.0578528 0.0277443 0.011651 0.0054339 0.00422997 0.00505953 0.00662202 0.0084072 0.0101377 0.0115789 0.0125241 0.0128298 0.0124497 0.0114468 0.00997585 0.00824518 0.00646824 0.00482198 0.00342205 0.00231791 0.00150418 0.000940194 0.000570168
 1.00298e-16 3.26443e-05 0.00019159 0.000910721 0.0035063 0.0109341 0.0276187 0.0565119 0.0936766 0.12581 0.136921 0.120807 0.0865495 0.0506556 0.024853 0.0114022 0.00676175 0.00674559 0.00876813 0.01165 0.0148383 0.0179295 0.020529 0.0222761 0.0229168 0.0223639 0.0207189 0.018243 0.0152907 0.0122274 0.00935779 0.00688328 0.0048936 0.00338595 0.00229804 0.00154184
 1.00454e-16 3.4935e-05 0.000205044 0.000974696 0.00375265 0.0117023 0.0295591 0.0604816 0.100255 0.134638 0.146509 0.129222 0.092482 0.0539332 0.0260991 0.0113656 0.00590993 0.00523149 0.0065662 0.00869002 0.0110892 0.013444 0.0154614 0.0168744 0.0174916 0.0172409 0.0161852 0.0145032 0.0124418 0.0102585 0.00817001 0.00632252 0.00478573 0.00356611 0.00262961 0.00192446
 1.00507e-16 3.30098e-05 0.000193738 0.000920936 0.00354564 0.0110567 0.0279285 0.0571458 0.0947266 0.127219 0.138448 0.122143 0.0874815 0.0511499 0.0250005 0.0113108 0.0064916 0.00630563 0.00814081 0.0108168 0.0137978 0.0167078 0.019184 0.0208937 0.0216 0.0212168 0.0198289 0.0176664 0.0150448 0.0122913 0.0096797 0.00739265 0.00551441 0.00404783 0.00294392 0.00213136
 1.00459e-16 3.53858e-05 0.000207692 0.000987286 0.00380112 0.0118535 0.0299409 0.0612628 0.101549 0.136375 0.148397 0.130881 0.0936548 0.0545882 0.026362 0.0113877 0.00578819 0.00500101 0.0062262 0.00822858 0.0104982 0.012727 0.0146363 0.0159737 0.0165581 0.0163216 0.0153243 0.0137354 0.011789 0.00972853 0.00775887 0.00601768 0.00457013 0.00342151 0.00253894 0.00187299
 1.00488e-16 3.38572e-05 0.000198714 0.000944598 0.00363675 0.0113409 0.0286462 0.058614 0.0971597 0.130484 0.141996 0.12526 0.0896838 0.0523775 0.0254886 0.0113424 0.00624727 0.00584997 0.00747126 0.00991095 0.0126418 0.0153115 0.0175863 0.0191617 0.0198203 0.0194829 0.018226 0.0162591 0.0138699 0.0113566 0.0089693 0.00687492 0.00515076 0.00380006 0.00277891 0.00202308
 1.00725e-16 3.17457e-05 0.000186315 0.000885641 0.00340974 0.0106329 0.026858 0.0549556 0.091097 0.122346 0.133152 0.117485 0.0841771 0.0492821 0.0242076 0.0111558 0.00668712 0.00673614 0.0087936 0.0117169 0.014971 0.0181633 0.0209063 0.022842 0.0237123 0.0234182 0.0220424 0.019822 0.017086 0.0141775 0.0113856 0.00890533 0.00682999 0.00516916 0.00387902 0.00289268
 1.00646e-16 3.48522e-05 0.000204559 0.000972389 0.00374377 0.0116746 0.0294891 0.0603385 0.100017 0.134318 0.14616 0.128912 0.0922531 0.0537865 0.0260037 0.0112829 0.00580889 0.00509127 0.00637433 0.00844163 0.0107884 0.0131061 0.0151129 0.0165516 0.0172359 0.0170919 0.0161741 0.0146471 0.0127405 0.0106951 0.00871405 0.00693545 0.00542683 0.00419775 0.00322112 0.00245415
 1.00701e-16 3.1046e-05 0.000182205 0.000866101 0.0033345 0.0103983 0.0262654 0.0537431 0.0890878 0.11965 0.130224 0.114916 0.0823668 0.0482841 0.0238325 0.0111761 0.00696132 0.00721895 0.00949378 0.012656 0.0161573 0.0195776 0.0224971 0.024528 0.0253929 0.0249895 0.0234145 0.020933 0.01791 0.0147241 0.0116922 0.00902632 0.00682438 0.00509089 0.00377082 0.00278387
 1.02913e-16 3.79868e-06 2.21928e-05 0.000105279 0.000404969 0.00126254 0.00318991 0.00653286 0.0108513 0.0146404 0.0161097 0.0146332 0.0113986 0.00851628 0.00761714 0.00929181 0.0134582 0.019865 0.0282374 0.0381502 0.0488854 0.0594155 0.0685333 0.0750828 0.0782192 0.0776053 0.0734842 0.0665954 0.0579766 0.0487142 0.0397285 0.031646 0.0247758 0.0191658 0.0146981 0.0111833
pSPR Fmed_Fpbrs
0.367153   0.412981 0.412981
Fs Fmed_Fpbrs
1.24979   1.005 1.005
SSBpbr Bo_Bmed_Bpbrs
902353  286184  327537 327537
Ro
16983.5
SPR SPRFo_SPRFmed_SPRFpbrs
348804 128065 144050
log_Ro
9.56
likeval ReclasPelacesDesembMPH_pf_preclas_ppelaces_ptallas_desvR_qrecl_qpela
 70.6452 20.2867 0.308078 0.000165636 376.172 196.402 89.9303 0 48.8876 7.24769e-05 0.000157928 0 0 0 0
q_reclas_q_pelaces
3.34135 5.97688
M
0.7
N
 6513.28 51386.3 18054.1 2314.28 0.116049
 9245.97 3187.35 22535.7 7565.25 967.619
 1168.37 4485.9 1299.54 8547.78 3224.89
 4010.07 522.741 919.948 192.743 1717.95
 42396.3 1846.36 136.726 190.245 390.404
 12260.1 20543 744.6 51.0906 216.132
 64699.3 5295.08 3122.97 73.3612 25.751
 57416.3 28122.4 849.787 331.335 10.2997
 66962.8 24586.8 3976.4 75.8332 29.7976
 132175 28028.4 2865.2 272.447 7.04722
 52597.9 58962.9 5606.4 410.723 39.4076
 47868.6 22842.3 9392.43 588.79 46.3028
 56011 20686.4 3489.96 931.747 61.6629
 28940.9 21792.5 1297.25 102.542 28.108
 12910.7 9560.26 341.071 5.72055 0.540761
 10706.7 4205.81 132.934 1.27957 0.022007
 7026.44 4389.94 411.438 7.1711 0.0681683
 8078.92 2992.01 591.848 34.4024 0.591124
 8210.32 3520.71 490.84 64.706 3.74947
 10503.8 3657.54 696.014 69.2416 9.49615
 15915.9 4573.36 595.478 75.3084 8.34764
 19615.7 7424.43 1336.2 143.252 19.931
 33408.4 9074.53 2021.43 291.903 35.2594
 33482.6 15214.1 2162.17 368.02 58.7699
 1211.07 15300.4 3732.48 409.673 79.8297
pred_Ctot
 68.1941 4349.75 2047.67 265.718 0.0133302
 153.017 414.901 3887.57 1320.44 168.959
 83.7072 1990.46 700.825 4644.89 1752.89
 210.885 184.531 405.597 85.7356 764.42
 740.161 252.502 24.7394 34.8261 71.4969
 1157.9 10946.7 468.487 32.3483 136.876
 5846.83 2744.49 1920.57 45.4109 15.9437
 5733.41 15505.6 549.754 215.646 6.70488
 7640.92 14648.1 2736.75 52.4719 20.622
 9724.17 12669.1 1569.97 150.407 3.89154
 4782.8 30681.4 3459.07 255.059 24.4778
 4502.9 12141.8 5897.51 372.044 29.2644
 8844.13 14488 2715.19 727.607 48.1594
 7132.6 17839.4 1124.85 89.0889 24.4222
 3272.03 7883.86 297.207 4.99426 0.472137
 1357.16 2651.76 95.612 0.924762 0.0159075
 726.486 2471.29 270.68 4.74544 0.0451195
 716.69 1532.58 360.43 21.0896 0.362461
 611.47 1604.94 270.913 35.98 2.08547
 937.835 1881.22 425.32 42.5913 5.84257
 696.443 1395.5 230.042 29.3707 3.25675
 968.989 2495.87 563.74 60.9899 8.48844
 2002.84 3538.97 973.959 141.825 17.1364
 1930.34 5761.82 1015.05 174.248 27.8345
 85.8217 6736.96 1999.56 221.155 43.1066
F
 0.0146531 0.124274 0.169807 0.172067 0.172149
 0.0232496 0.197181 0.269427 0.273012 0.273143
 0.104277 0.884376 1.20841 1.22449 1.22507
 0.0755926 0.641106 0.876003 0.88766 0.888084
 0.0245399 0.208124 0.284379 0.288164 0.288301
 0.139574 1.18374 1.61745 1.63898 1.63976
 0.133185 1.12955 1.54341 1.56395 1.56469
 0.148117 1.25619 1.71645 1.73929 1.74012
 0.170919 1.44957 1.98069 2.00705 2.008
 0.107216 0.909309 1.24247 1.25901 1.25961
 0.134064 1.137 1.55359 1.57427 1.57502
 0.138983 1.17872 1.6106 1.63203 1.63281
 0.243982 2.06923 2.82738 2.865 2.86637
 0.407642 3.45723 4.72394 4.78681 4.78909
 0.421589 3.57552 4.88557 4.95058 4.95294
 0.191552 1.62456 2.21979 2.24933 2.25041
 0.153733 1.30382 1.78153 1.80524 1.8061
 0.130595 1.10758 1.5134 1.53353 1.53427
 0.108601 0.921049 1.25852 1.27526 1.27587
 0.131491 1.11518 1.52378 1.54406 1.54479
 0.0625413 0.530417 0.724758 0.734403 0.734754
 0.0708605 0.600972 0.821165 0.832093 0.83249
 0.086588 0.734358 1.00342 1.01677 1.01726
 0.0831438 0.705147 0.963509 0.976331 0.976797
 0.103088 0.874292 1.19463 1.21053 1.2111
nmprior
 10.6 11 7 0
nm_flota  nm_reclas  nm_pelaces    nm_pelaL
inf 16.8712 12.2968 26.1054
cv_recla  cv_pelaces  cv_mph
0.760267 0.510714 0.417557
 ------------------------------------------------
Talla a la edad & desviación 
 7.2 14.2025 17.0495 18.207 18.6776
 1.08 2.13037 2.55742 2.73105 2.80164
