years
 1997 1998 1999 2000 2001 2002 2003 2004 2005 2006 2007 2008 2009 2010 2011 2012 2013 2014 2015 2016 2017 2018 2019 2020 2021
reclasobs
 0 0 0 370054 412103 1.49427e+06 250295 1.28982e+06 931140 785840 897777 1.04006e+06 184774 17550 25797 100020 73551 82996 120727 218422 84188 347160 605670 569463 516374
reclaspred
 1.86668e+06 297141 598085 275849 308931 340490 626185 664923 1.06596e+06 1.32103e+06 1.39609e+06 974449 509657 181513 110389 113087 139223 201707 213174 296785 499829 469619 753772 880660 866686
pelacesobs
 0 0 0 0 0 0 0 0 0 2.06254e+06 1.5e+06 0 1.87456e+06 323000 250000 174000 83755 137374 0 501740 490994 745055 786931 1.00524e+06 1.33801e+06
pelacespred
 1.02298e+06 350773 201850 195041 186383 147428 314407 396754 606083 783247 740985 532844 278067 76138.7 45358.4 52933.9 69077.9 102092 113998 153697 280186 282504 341728 467937 462281
mphobs
 0 0 0 0 0 112323 0 153150 637223 0 255016 313432 73983 77613 109348 50772 0 0 0 0 0 0 0 0 0
mphpred
 1.41085e+06 643759 400495 316610 239899 329216 383710 541346 804846 1.08915e+06 1.33498e+06 1.06047e+06 589883 270114 96251.6 94056.8 105984 152973 191044 206813 365359 453488 519691 720583 822100
desembarqueobs
 350755 77701 442110 56441 14545 235359 269955 359681 431902 328805 639364 411747 362871 311530 167758 66681 60226 58785 57116 73181 50977 67692 138656 160484 209506
desembarquepred
 351078 77816.6 442692 56520.5 14575 235115 270660 359861 430310 328880 642088 412698 362521 311052 167759 66840.2 60325.7 58612.8 56979.7 73261 50902.2 67768.9 139309 161035 209892
Reclutas
 39313.1 31085.5 17714.5 18800.1 37770.4 26907.2 53435.3 112676 137669 167790 94574.5 20653.3 38440.9 19310.6 22666.2 15551.5 14360 15163.4 13246.6 35262.4 40258.5 40720.4 77804.4 68949.3 14062.7
log_desv_Rt
 0.119313 -0.115504 -0.67786 -0.618385 0.0792809 -0.259852 0.426227 1.17227 1.37261 1.57047 0.997143 -0.524371 0.0968765 -0.591592 -0.431369 -0.808087 -0.887796 -0.83336 -0.968503 0.0105736 0.143076 0.154484 0.801953 0.681126 -0.90872
SSB
 1.41085e+06 643759 400495 316610 239899 329216 383710 541346 804846 1.08915e+06 1.33498e+06 1.06047e+06 589883 270114 96251.6 94056.8 105984 152973 191044 206813 365359 453488 519691 720583 822100
BT
 2.69635e+06 798281 726189 461825 444381 477883 1.08761e+06 1.42713e+06 1.98295e+06 2.18306e+06 2.16619e+06 1.39035e+06 945919 461833 267247 176843 216165 282810 283573 436109 702063 624845 834597 1.12847e+06 1.05583e+06
Ftot
 0.182273 0.252593 0.68721 0.198415 0.046124 0.64418 0.413523 0.515696 0.387088 0.240765 0.43758 0.403171 0.662935 1.45012 1.34411 0.558115 0.41417 0.280114 0.257786 0.238821 0.0992695 0.140262 0.179247 0.177348 0.233719
BD_Bspro_t
 0.972669 0.823339 0.665772 0.431721 0.500622 0.638197 0.51377 0.5666 0.611867 0.626565 0.643565 0.514762 0.379831 0.249953 0.122964 0.145046 0.211499 0.346724 0.45174 0.532436 0.684881 0.776638 0.774284 0.774255 0.748056
BD_Bspro
 1.96882 0.898357 0.558886 0.441825 0.334776 0.459416 0.535462 0.755442 1.12315 1.5199 1.86294 1.47988 0.823175 0.376941 0.134318 0.131255 0.1479 0.213471 0.266599 0.288606 0.509854 0.632837 0.725223 1.00556 1.14723
BD_Bo
 1.38445 0.631715 0.393002 0.310686 0.235411 0.323056 0.376531 0.531218 0.789788 1.06877 1.31 1.04063 0.578847 0.265061 0.0944508 0.0922971 0.104001 0.150111 0.187469 0.202944 0.358523 0.445004 0.509969 0.707101 0.806719
BD_Brms
 6.73366 3.07251 1.91147 1.51111 1.14498 1.57127 1.83136 2.58372 3.84134 5.19827 6.37154 5.0614 2.81538 1.28919 0.459387 0.448912 0.505838 0.730103 0.911807 0.987073 1.74377 2.16439 2.48037 3.43918 3.92369
S_f
 0.5 1 1 1 1
 0.5 1 1 1 1
 0.5 1 1 1 1
 0.5 1 1 1 1
 0.5 1 1 1 1
 0.5 1 1 1 1
 0.5 1 1 1 1
 0.5 1 1 1 1
 0.5 1 1 1 1
 0.5 1 1 1 1
 0.5 1 1 1 1
 0.5 1 1 1 1
 0.5 1 1 1 1
 0.5 1 1 1 1
 0.5 1 1 1 1
 0.5 1 1 1 1
 0.5 1 1 1 1
 0.5 1 1 1 1
 0.5 1 1 1 1
 0.5 1 1 1 1
 0.5 1 1 1 1
 0.5 1 1 1 1
 0.5 1 1 1 1
 0.5 1 1 1 1
 0.5 1 1 1 1
Scru_reclas
 0.5 1 1 1 1
 0.5 1 1 1 1
 0.5 1 1 1 1
 0.5 1 1 1 1
 0.5 1 1 1 1
 0.5 1 1 1 1
 0.5 1 1 1 1
 0.5 1 1 1 1
 0.5 1 1 1 1
 0.5 1 1 1 1
 0.5 1 1 1 1
 0.5 1 1 1 1
 0.5 1 1 1 1
 0.5 1 1 1 1
 0.5 1 1 1 1
 0.5 1 1 1 1
 0.5 1 1 1 1
 0.5 1 1 1 1
 0.5 1 1 1 1
 0.5 1 1 1 1
 0.5 1 1 1 1
 0.5 1 1 1 1
 0.5 1 1 1 1
 0.5 1 1 1 1
 0.5 1 1 1 1
Scru_pelaces
 0.5 1 1 1 1
 0.5 1 1 1 1
 0.5 1 1 1 1
 0.5 1 1 1 1
 0.5 1 1 1 1
 0.5 1 1 1 1
 0.5 1 1 1 1
 0.5 1 1 1 1
 0.5 1 1 1 1
 0.5 1 1 1 1
 0.5 1 1 1 1
 0.5 1 1 1 1
 0.5 1 1 1 1
 0.5 1 1 1 1
 0.5 1 1 1 1
 0.5 1 1 1 1
 0.5 1 1 1 1
 0.5 1 1 1 1
 0.5 1 1 1 1
 0.5 1 1 1 1
 0.5 1 1 1 1
 0.5 1 1 1 1
 0.5 1 1 1 1
 0.5 1 1 1 1
 0.5 1 1 1 1
pf_obs 
 0.256992 0.487395 0.22802 0.0275931 0
 0.321318 0.546541 0.124235 0.00734118 0.000564706
 0.182869 0.594174 0.210203 0.0122559 0.00049798
 0.330522 0.361315 0.267642 0.0388342 0.00168674
 0.649043 0.306663 0.0425973 0.00169635 0
 0.582887 0.30429 0.105238 0.00758474 0
 0.465427 0.430635 0.0974691 0.00646863 0
 0.296916 0.608066 0.0921331 0.00288517 0
 0.311714 0.524322 0.152257 0.0117073 0
 0.15457 0.633149 0.183074 0.0267441 0.00246327
 0.131901 0.49318 0.331252 0.0422183 0.00144891
 0.196976 0.569456 0.194076 0.0375587 0.00193317
 0.518974 0.381816 0.0799577 0.0180837 0.00116848
 0.0928022 0.601141 0.25162 0.0475244 0.00691264
 0.122501 0.610282 0.24278 0.0234846 0.000952079
 0.383417 0.481906 0.127806 0.00687128 0
 0.0376549 0.599619 0.316969 0.0457579 0
 0.0361596 0.667082 0.258105 0.0386534 0
 0.158088 0.579412 0.248529 0.0139706 0
 0.0477256 0.309471 0.559284 0.082774 0.000745712
 0.0406174 0.521527 0.379366 0.0568643 0.0016247
 0.151134 0.462217 0.34131 0.0453401 0
 0.294876 0.26143 0.354403 0.0886775 0.000613685
 0.281977 0.475581 0.204845 0.0348837 0.00271318
 0.0354234 0.537034 0.353287 0.0723622 0.0018943
pf_pred 
 0.331615 0.336475 0.167088 0.0829736 0.081848
 0.319895 0.347551 0.167413 0.0831347 0.0820069
 0.273113 0.365493 0.184681 0.0889596 0.0877528
 0.430127 0.273548 0.148998 0.0752876 0.072039
 0.581203 0.257557 0.0773976 0.0421574 0.0416845
 0.381429 0.456289 0.0998023 0.0299912 0.0324883
 0.643129 0.213803 0.105534 0.0230831 0.0144508
 0.699681 0.241036 0.0355171 0.0175314 0.00623515
 0.59312 0.343538 0.0508382 0.0074911 0.00501274
 0.545466 0.3479 0.0900334 0.0133235 0.00327697
 0.335452 0.47847 0.142424 0.0368581 0.00679595
 0.137232 0.460959 0.2893 0.0861145 0.0263947
 0.408381 0.155878 0.232807 0.146111 0.0568228
 0.364363 0.398714 0.0624237 0.0932313 0.0812678
 0.66821 0.214349 0.0736665 0.0115334 0.0322404
 0.566144 0.373385 0.0390667 0.0134263 0.00797811
 0.502818 0.375265 0.104924 0.0109781 0.00601481
 0.491136 0.353823 0.117022 0.0327195 0.00529904
 0.419718 0.392619 0.130485 0.0431563 0.0140207
 0.661495 0.206152 0.0895506 0.0297618 0.0130412
 0.516528 0.390223 0.0567888 0.0246686 0.011791
 0.431249 0.390872 0.143571 0.0208938 0.0134143
 0.56764 0.264644 0.115262 0.042337 0.0101169
 0.426783 0.420891 0.0932376 0.0406085 0.0184803
 0.125856 0.533491 0.250128 0.0554094 0.0351154
pobs_RECLAS
 0 0 0 0 0
 0 0 0 0 0
 0 0 0 0 0
 0 0 0 0 0
 0.835266 0.146461 0.0176864 0.000547809 3.91292e-05
 0.385257 0.428462 0.181853 0.0044286 0
 0.867414 0.0963971 0.0333333 0.00285562 0
 0.441836 0.489002 0.0689373 0.000224442 0
 0.779404 0.147425 0.0564933 0.0165055 0.000172143
 0.814271 0.122319 0.05973 0.00367925 0
 0.40263 0.566651 0.0304383 0.000280538 0
 0.475488 0.404961 0.113038 0.00651328 0
 0.955842 0.0263864 0.0167828 0.000988607 0
 0.975058 0.0227948 0.00214734 0 0
 0.738997 0.206755 0.0527124 0.00153531 0
 0.850938 0.134255 0.0134407 0.00136685 0
 0.542534 0.407297 0.0501686 0 0
 0.764087 0.199537 0.0359546 0.000420521 0
 0.470689 0.182191 0.310203 0.0369168 0
 0.84361 0.089868 0.0606195 0.00523954 0.000663233
 0.607945 0.314616 0.071237 0.00620181 0
 0.523733 0.453247 0.0230204 0 0
 0.530135 0.295979 0.169645 0.0042399 0
 0.562478 0.366248 0.0663022 0.0049721 0
 0.250443 0.683176 0.0655157 0.000865301 0
ppred_RECLAS
 0.333009 0.335773 0.16674 0.0828006 0.0816773
 0.321908 0.346522 0.166917 0.0828886 0.0817641
 0.279906 0.362078 0.182955 0.0881282 0.0869327
 0.431828 0.272732 0.148553 0.075063 0.0718241
 0.581544 0.257348 0.0773346 0.0421231 0.0416506
 0.388776 0.450869 0.0986169 0.029635 0.0321024
 0.647047 0.211456 0.104376 0.0228297 0.0142921
 0.70447 0.237192 0.0349506 0.0172518 0.00613571
 0.596907 0.34034 0.050365 0.00742138 0.00496608
 0.547627 0.346246 0.0896053 0.0132602 0.00326139
 0.339571 0.475505 0.141541 0.0366296 0.00675382
 0.139204 0.459906 0.288638 0.0859176 0.0263344
 0.416206 0.153816 0.229728 0.144178 0.0560713
 0.38841 0.38363 0.0600621 0.0897042 0.0781933
 0.688104 0.201497 0.0692496 0.0108419 0.0303074
 0.572392 0.368008 0.0385042 0.0132329 0.00786323
 0.507104 0.37203 0.10402 0.0108834 0.00596295
 0.493755 0.352002 0.11642 0.0325511 0.00527177
 0.422026 0.391057 0.129966 0.0429847 0.013965
 0.663426 0.204975 0.0890397 0.029592 0.0129668
 0.51732 0.389584 0.0566958 0.0246282 0.0117717
 0.432391 0.390087 0.143283 0.0208518 0.0133873
 0.569151 0.263719 0.114859 0.0421891 0.0100816
 0.428272 0.419797 0.0929953 0.040503 0.0184322
 0.126785 0.532925 0.249862 0.0553505 0.0350781
pobs_PELACES
 0 0 0 0 0
 0 0 0 0 0
 0 0 0 0 0
 0 0 0 0 0
 0 0 0 0 0
 0 0 0 0 0
 0 0 0 0 0
 0 0 0 0 0
 0 0 0 0 0
 0 0 0 0 0
 0.450072 0.473896 0.0757376 0.000293798 0
 0 0 0 0 0
 0.463077 0.371075 0.160297 0.00555027 0
 0.529543 0.364841 0.0842815 0.0213345 0
 0.631943 0.363953 0.00410389 0 0
 0.735681 0.248677 0.0153453 0.000297389 0
 0.695825 0.281241 0.0229344 0 0
 0.275771 0.60734 0.115278 0.00161068 0
 0 0 0 0 0
 0.896147 0.0623911 0.0374545 0.00400742 0
 0.803859 0.145111 0.0509908 3.86294e-05 0
 0.739449 0.233085 0.0266225 0.000797448 4.60066e-05
 0.878498 0.100942 0.0204185 0.000141795 0
 0.694673 0.275183 0.0284847 0.00165964 0
 0.469039 0.446079 0.0841089 0.000773354 0
ppred_PELACES
 0.339722 0.332394 0.165062 0.0819672 0.0808553
 0.331073 0.341839 0.164661 0.0817683 0.080659
 0.30332 0.350305 0.177007 0.0852627 0.084106
 0.439877 0.268868 0.146449 0.0739995 0.0708065
 0.583395 0.25621 0.0769926 0.0419368 0.0414664
 0.414312 0.432033 0.0944969 0.0283969 0.0307613
 0.662469 0.202216 0.0998151 0.0218322 0.0136677
 0.721872 0.223225 0.0328926 0.016236 0.00577442
 0.612175 0.327449 0.0484573 0.00714028 0.00477799
 0.557449 0.338728 0.0876598 0.0129723 0.00319058
 0.355945 0.463715 0.138032 0.0357214 0.00658637
 0.147368 0.455544 0.285901 0.0851028 0.0260846
 0.443003 0.146756 0.219184 0.13756 0.0534975
 0.446523 0.347178 0.0543551 0.0811806 0.0707634
 0.733616 0.172095 0.0591446 0.00925982 0.0258849
 0.594766 0.348752 0.0364895 0.0125405 0.00745178
 0.52417 0.359148 0.100418 0.0105066 0.00575649
 0.505309 0.343968 0.113763 0.0318081 0.00515145
 0.432435 0.384015 0.127626 0.0422106 0.0137135
 0.672168 0.199652 0.0867272 0.0288234 0.0126301
 0.521409 0.386284 0.0562155 0.0244196 0.011672
 0.43808 0.386177 0.141847 0.0206428 0.0132531
 0.576389 0.259289 0.11293 0.0414804 0.00991222
 0.435452 0.414526 0.0918275 0.0399943 0.0182008
 0.131116 0.530281 0.248623 0.055076 0.0349041
pobs_pel_tallas
 0 0 0 0 0 0 0 0 0 0 0 0 0 0 0 0 0 0 0 0 0 0 0 0 0 0 0 0 0 0 0 0 0 0 0 0
 0 0 0 0 0 0 0 0 0 0 0 0 0 0 0 0 0 0 0 0 0 0 0 0 0 0 0 0 0 0 0 0 0 0 0 0
 0 0 0 0 0 0 0 0 0 0 0 0 0 0 0 0 0 0 0 0 0 0 0 0 0 0 0 0 0 0 0 0 0 0 0 0
 0 0 0 0 0 0 0 0 0 0 0 0 0 0 0 0 0 0 0 0 0 0 0 0 0 0 0 0 0 0 0 0 0 0 0 0
 0 0 0 0 0 0 0 0 0 0 0 0 0 0 0 0 0 0 0 0 0 0 0 0 0 0 0 0 0 0 0 0 0 0 0 0
 0 0 0 0 0 0 0 0 0 0 0 0 0 0 0 0 0 0 0 0 0 0 0 0 0 0 0 0 0 0 0 0 0 0 0 0
 0 0 0 0 0 0 0 0 0 0 0 0 0 0 0 0 0 0 0 0 0 0 0 0 0 0 0 0 0 0 0 0 0 0 0 0
 0 0 0 0 0 0 0 0 0 0 0 0 0 0 0 0 0 0 0 0 0 0 0 0 0 0 0 0 0 0 0 0 0 0 0 0
 0 0 0 0 0 0 0 0 0 0 0 0 0 0 0 0 0 0 0 0 0 0 0 0 0 0 0 0 0 0 0 0 0 0 0 0
 0 0 0 0 0 0 0 0 0 0 0 0 0 0 0 0 0 0 0 0 0 0 0 0 0 0 0 0 0 0 0 0 0 0 0 0
 0 0 0 0 0 0 0 0 1.78061e-05 0.00172719 0.00360574 0.0105946 0.0120993 0.0124554 0.0147524 0.0171206 0.0266825 0.0428682 0.0675386 0.121331 0.153587 0.119568 0.100827 0.0573624 0.0630603 0.0341343 0.0324427 0.0444173 0.0211091 0.0280891 0.0125444 0.00206551 0 0 0 0
 0 0 0 0 0 0 0 0 0 0 0 0 0 0 0 0 0 0 0 0 0 0 0 0 0 0 0 0 0 0 0 0 0 0 0 0
 0 0 0 0 0 0 0.0133647 0.0140871 0.0187388 0.0205184 0.03894 0.0496705 0.03968 0.0493445 0.0407372 0.0367815 0.0215668 0.0243155 0.0234873 0.0199281 0.019796 0.0243948 0.0301388 0.0376714 0.0412746 0.0863199 0.0771752 0.113111 0.0741005 0.0525337 0.0229764 0.00759418 0.00175318 0 0 0
 0 0 0 0 0 0 0 0 0 0 0.00219441 0.00772107 0.0458388 0.0604681 0.0671733 0.0775358 0.0609151 0.0617685 0.073594 0.0568108 0.0755445 0.0548602 0.0670107 0.0636378 0.0643287 0.046367 0.0373049 0.0286899 0.0247887 0.0153202 0.00654259 0.00121912 0.000365735 0 0 0
 0 0 0 0 0 0 0 0 0 0 0 0 0.000112435 0.00938835 0.0111873 0.0202946 0.0414886 0.0713402 0.111592 0.104902 0.108894 0.110636 0.117776 0.105296 0.107544 0.0401394 0.0192827 0.0124803 0.00416011 0.0028671 0.000618394 0 0 0 0 0
 0 0 0 0 0 0 0 0 0 0 0.00291406 0.0102884 0.027416 0.0768956 0.0749926 0.110853 0.0956884 0.0897413 0.0766577 0.0534642 0.0500743 0.0551293 0.0594112 0.0620874 0.0668451 0.0424026 0.0208742 0.0120726 0.0048766 0.00582813 0.00118941 0.000297354 0 0 0 0
 0 0.00264628 0.0354308 0.0461629 0.0458689 0.0383711 0.0214643 0.0164657 0.0346957 0.0420465 0.0363128 0.0245516 0.0311673 0.0291091 0.0169068 0.0133784 0.00837989 0.0085269 0.0148486 0.0160247 0.0276389 0.0546898 0.0760071 0.122758 0.109233 0.0665981 0.0333725 0.0166128 0.00676272 0.00308733 0.000882094 0 0 0 0 0
 0 0 0 0 0 0 0 0.000805153 0.000690131 0.00759144 0.0133425 0.0154129 0.00931677 0.000345066 0.00356568 0.00563607 0.00851162 0.0253048 0.0502646 0.0516448 0.0657925 0.0565908 0.0611916 0.0827007 0.0866115 0.110766 0.145733 0.0935128 0.0569358 0.0249597 0.0138026 0.00621118 0.00161031 0.00115022 0 0
 0 0 0 0 0 0 0 0 0 0 0 0 0 0 0 0 0 0 0 0 0 0 0 0 0 0 0 0 0 0 0 0 0 0 0 0
 0.00147267 0.00158595 0.00478618 0.00569244 0.00954404 0.0108468 0.00647125 0.017049 0.0510054 0.094081 0.124002 0.0959785 0.0687766 0.0820023 0.061753 0.0591476 0.0492212 0.0479892 0.0443925 0.0268479 0.0217502 0.0140895 0.0121071 0.0120363 0.00920419 0.00665534 0.0049561 0.00860946 0.00930331 0.0156896 0.0114698 0.00855282 0.00243557 0.00046729 0 2.83206e-05
 0 0 0 0 0.000772559 0.00158375 0.000888443 0.00281984 0.00712685 0.0440552 0.0773331 0.111326 0.0921469 0.0852325 0.0710754 0.0886704 0.0786465 0.0553345 0.0373146 0.0185414 0.00753245 0.00457741 0.012979 0.0271748 0.0457355 0.0583668 0.034881 0.0177882 0.00938659 0.00492506 0.0015258 0.00185414 0.000309023 5.79419e-05 3.86279e-05 0
 0 0.00173294 0.00326652 0 0.00397197 0.00683976 0.00946217 0.0152591 0.00757587 0.0136028 0.0228656 0.0392903 0.0559909 0.0764795 0.0681675 0.0726916 0.0566044 0.0477403 0.0527397 0.0444891 0.0609904 0.0582453 0.0661739 0.0445044 0.0529084 0.0360697 0.0280645 0.0235558 0.0158879 0.00826598 0.00280645 0.00217768 0.000904811 0.00058276 9.20147e-05 0
 0 0 0 0 0 0 0 0 0 0 0 0 0 0 0 0 0 0 0 0 0 0 0 0 0 0 0 0 0 0 0 0 0 0 0 0
 0 0 0 0 0 0 0 0 0 0 0 0 0 0 0 0 0 0 0 0 0 0 0 0 0 0 0 0 0 0 0 0 0 0 0 0
 0 0 0 0 0 0 0 0 0 0 0 0 0 0 0 0 0 0 0 0 0 0 0 0 0 0 0 0 0 0 0 0 0 0 0 0
ppred_pel_tallas
 1.09046e-16 1.48397e-05 8.70528e-05 0.000413718 0.00159268 0.00496649 0.0125452 0.0256714 0.0425615 0.0571841 0.0622941 0.055106 0.0397921 0.0239217 0.0129207 0.00793803 0.00749518 0.00980163 0.0137392 0.0187393 0.0244074 0.0303091 0.0359404 0.0407966 0.0444712 0.0467347 0.0475657 0.0471224 0.0456711 0.0435002 0.0408507 0.0378841 0.0346886 0.0313093 0.0277857 0.024178
 1.09028e-16 1.4463e-05 8.48399e-05 0.000403196 0.00155217 0.00484014 0.0122261 0.0250185 0.0414796 0.0557321 0.0607167 0.0537211 0.0388148 0.0233797 0.0127105 0.00793539 0.00762173 0.0100307 0.0140738 0.0191904 0.0249806 0.0309979 0.036723 0.0416371 0.0453238 0.047551 0.0483022 0.047747 0.046167 0.0438662 0.0410985 0.0380339 0.0347638 0.0313328 0.027777 0.0241522
 1.09487e-16 1.32532e-05 7.77366e-05 0.000369424 0.00142214 0.00443464 0.0112018 0.0229229 0.0380063 0.0510692 0.0556466 0.0492584 0.0356413 0.0215702 0.0119123 0.00772115 0.00770508 0.0102886 0.0144827 0.0197672 0.0257506 0.0319812 0.0379283 0.0430594 0.046945 0.0493415 0.0502248 0.0497598 0.048226 0.0459271 0.0431176 0.0399692 0.0365769 0.0329909 0.0292553 0.0254355
 1.08018e-16 1.92044e-05 0.000112683 0.00053558 0.0020619 0.00642976 0.0162412 0.0332332 0.0550933 0.0740058 0.0805779 0.0711824 0.0511885 0.0303471 0.0156168 0.00840495 0.00671462 0.00816263 0.0112789 0.0153714 0.0200534 0.0249613 0.0296871 0.0338219 0.0370321 0.0391225 0.0400615 0.0399587 0.0390097 0.0374286 0.0353949 0.0330294 0.0304011 0.0275514 0.0245242 0.0213844
 1.04555e-16 2.54618e-05 0.000149421 0.000710239 0.00273439 0.00852689 0.0215384 0.0440714 0.0730571 0.0981254 0.106811 0.0942883 0.0676551 0.0398082 0.0199271 0.00981685 0.00676163 0.00753866 0.0101574 0.013697 0.0176905 0.0217525 0.0254783 0.0284803 0.0304627 0.0312842 0.0309813 0.0297411 0.0278403 0.0255681 0.023164 0.0207845 0.0185028 0.0163329 0.0142614 0.0122756
 1.03896e-16 1.80962e-05 0.000106162 0.000504545 0.00194236 0.00605691 0.0152997 0.0313079 0.0519066 0.0697403 0.0759735 0.0672097 0.0485378 0.0291887 0.0157772 0.00969769 0.00913157 0.0118671 0.0164958 0.0222608 0.0286024 0.0349069 0.0404859 0.0446815 0.0470065 0.0472542 0.0455388 0.0422481 0.0379329 0.0331685 0.0284376 0.0240632 0.0202001 0.0168702 0.0140181 0.0115626
 1.02872e-16 2.89078e-05 0.000169656 0.000806451 0.00310485 0.00968215 0.0244564 0.0500415 0.0829511 0.111406 0.121246 0.10698 0.0766506 0.0448775 0.02205 0.0101776 0.00613656 0.00623831 0.0082182 0.0110628 0.0143163 0.0176532 0.0207452 0.0232753 0.024994 0.0257693 0.0256073 0.0246356 0.0230584 0.0211002 0.0189587 0.0167778 0.0146453 0.0126061 0.0106826 0.00889049
 1.01368e-16 3.14987e-05 0.000184866 0.000878756 0.00338324 0.0105503 0.0266493 0.0545284 0.0903885 0.121394 0.132114 0.116565 0.0835089 0.0488728 0.0239732 0.0109924 0.00651515 0.00650716 0.00848105 0.0113097 0.0144733 0.0175974 0.0203141 0.0222831 0.0232578 0.0231413 0.0220071 0.0200731 0.0176425 0.0150297 0.0124974 0.0102198 0.00827729 0.00667483 0.00537182 0.0043108
 1.01264e-16 2.67197e-05 0.000156799 0.000745302 0.00286937 0.00894778 0.0226016 0.0462474 0.0766657 0.102977 0.112103 0.0989885 0.0710888 0.0419508 0.021224 0.0108203 0.00790375 0.00909458 0.0122848 0.0164602 0.0210521 0.0255534 0.0294294 0.0321797 0.0334424 0.0330786 0.0312031 0.0281464 0.0243673 0.0203431 0.0164752 0.0130329 0.0101436 0.00781864 0.00599575 0.00458221
 1.0195e-16 2.4334e-05 0.000142791 0.000678704 0.00261295 0.00814814 0.0205818 0.0421148 0.0698163 0.0937809 0.102103 0.0901845 0.0648231 0.0383682 0.0196248 0.0103564 0.0080045 0.00951129 0.0129673 0.0174426 0.0223916 0.0273047 0.0316319 0.0348501 0.0365708 0.0366265 0.0351043 0.0323102 0.0286837 0.0246895 0.0207245 0.0170638 0.0138503 0.0111196 0.00884007 0.00695169
 1.03646e-16 1.55526e-05 9.12254e-05 0.000433528 0.00166891 0.00520417 0.0131457 0.026901 0.0446033 0.0599366 0.0653171 0.0578383 0.0418913 0.025435 0.0141904 0.00940121 0.00955145 0.0127768 0.0178775 0.0241745 0.0311103 0.0380368 0.0442134 0.0489247 0.0516319 0.0520913 0.0504007 0.0469519 0.0423165 0.037102 0.0318289 0.0268594 0.0223861 0.0184659 0.0150739 0.0121528
 1.0835e-16 6.45763e-06 3.78301e-05 0.00017968 0.000691533 0.00215625 0.00544699 0.0111488 0.0184941 0.0248785 0.0271821 0.0242369 0.0179183 0.0116075 0.00779043 0.0071251 0.00913479 0.0131747 0.0188098 0.0257136 0.0334769 0.0415229 0.0491461 0.0556294 0.0603874 0.0630791 0.0636575 0.0623372 0.0595025 0.0555917 0.0510008 0.0460318 0.0408903 0.0357139 0.030611 0.0256878
 1.10386e-16 1.93358e-05 0.000113466 0.000539325 0.00207637 0.00647488 0.0163551 0.0334652 0.0554746 0.074508 0.0810982 0.0715792 0.0513372 0.0301622 0.0150228 0.00729288 0.0049241 0.00550109 0.00756889 0.0105129 0.0140873 0.0181189 0.0224064 0.0267176 0.0308171 0.0344952 0.0375839 0.0399576 0.0415239 0.0422143 0.0419827 0.040814 0.0387413 0.0358575 0.0323196 0.0283369
 1.06981e-16 1.94971e-05 0.000114395 0.000543703 0.00209316 0.0065272 0.0164874 0.0337375 0.0559312 0.075137 0.0818245 0.072319 0.0520824 0.0310299 0.0162463 0.00918289 0.00783056 0.00977359 0.0134981 0.0182463 0.0235349 0.0288784 0.0337411 0.0376114 0.0401084 0.0410659 0.0405601 0.0388696 0.0363855 0.0335041 0.0305388 0.0276764 0.0249798 0.0224269 0.0199607 0.0175336
 1.02424e-16 3.20088e-05 0.000187865 0.000893024 0.00343819 0.0107217 0.0270821 0.0554136 0.0918544 0.123358 0.13424 0.118412 0.0847695 0.0494852 0.024041 0.0106343 0.00577592 0.00535669 0.00685698 0.00916425 0.0118104 0.0144975 0.0169435 0.0188832 0.0201155 0.0205444 0.020196 0.019201 0.0177537 0.0160601 0.0142944 0.0125755 0.0109644 0.00947859 0.00811195 0.00685319
 1.01411e-16 2.59614e-05 0.000152346 0.000724124 0.00278782 0.00869348 0.0219593 0.0449333 0.0744882 0.100055 0.108929 0.0962025 0.0691245 0.040865 0.0208097 0.010829 0.00817969 0.00958533 0.0129963 0.0174126 0.022252 0.0269796 0.031028 0.0338675 0.0351188 0.0346421 0.032569 0.0292613 0.0252158 0.0209455 0.0168781 0.0132959 0.0103261 0.00796931 0.00614733 0.00475066
 1.02173e-16 2.28837e-05 0.000134275 0.000638213 0.00245704 0.00766194 0.0193537 0.0396022 0.0656524 0.0881915 0.0960282 0.0848425 0.0610359 0.0362324 0.0187276 0.0101993 0.00826133 0.0100532 0.013783 0.0185624 0.0238444 0.0290962 0.0337365 0.0372095 0.0391007 0.0392285 0.0376798 0.0347735 0.0309699 0.0267574 0.0225547 0.0186533 0.0152073 0.0122586 0.0097791 0.00771076
 1.03061e-16 2.20607e-05 0.000129445 0.000615251 0.00236863 0.00738626 0.0186573 0.0381773 0.0632902 0.0850184 0.0925734 0.0817909 0.0588422 0.0349337 0.0180638 0.00985184 0.0080008 0.00975837 0.0134043 0.0180914 0.0233029 0.0285359 0.0332377 0.0368758 0.0390462 0.0395602 0.0384792 0.0360805 0.0327744 0.0289992 0.0251321 0.0214374 0.0180595 0.015047 0.0123919 0.0100645
 1.04028e-16 1.88846e-05 0.000110795 0.000526579 0.00202721 0.00632153 0.015968 0.032675 0.0541713 0.0727774 0.0792671 0.0700877 0.0505389 0.0302378 0.0160656 0.00945139 0.00847323 0.0108091 0.0149958 0.0202801 0.0261464 0.0320504 0.0373806 0.0415448 0.0440921 0.0448099 0.0437619 0.04125 0.0377221 0.0336558 0.0294602 0.0254201 0.0216888 0.0183171 0.0152966 0.0125999
 1.02877e-16 2.93305e-05 0.000172139 0.000818253 0.00315029 0.00982387 0.0248144 0.0507739 0.0841649 0.113036 0.123017 0.108539 0.0777593 0.0455092 0.0223277 0.0102501 0.00610294 0.00614014 0.00806157 0.0108389 0.014013 0.0172599 0.0202561 0.022691 0.0243226 0.0250264 0.0248154 0.0238222 0.022254 0.0203353 0.0182609 0.0161693 0.0141406 0.0122111 0.0103943 0.00869832
 1.02309e-16 2.27643e-05 0.000133572 0.000634864 0.00244414 0.0076217 0.0192521 0.0393945 0.0653088 0.0877321 0.0955339 0.0844198 0.060762 0.0361301 0.0187846 0.0104034 0.00862037 0.0105923 0.0145294 0.0195281 0.0250111 0.0304057 0.0350893 0.0384749 0.0401363 0.0399072 0.0379159 0.0345418 0.0303117 0.025772 0.021379 0.0174354 0.0140805 0.0113223 0.00908908 0.0072794
 1.03468e-16 1.91309e-05 0.00011224 0.000533451 0.00205367 0.00640404 0.0161764 0.0331014 0.0548782 0.0737269 0.0803006 0.071 0.0511933 0.0306226 0.0162576 0.00954503 0.00853641 0.0108783 0.0150876 0.0204013 0.0262978 0.0322264 0.0375686 0.0417241 0.0442347 0.0448824 0.0437288 0.0410781 0.0373853 0.0331393 0.0287639 0.0245595 0.0206947 0.0172322 0.014171 0.011485
 1.03577e-16 2.51566e-05 0.000147628 0.000701716 0.00270157 0.00842454 0.0212799 0.0435425 0.0721806 0.0969489 0.105532 0.0931648 0.0668602 0.0393633 0.0197473 0.00980064 0.00684568 0.0077039 0.0104127 0.0140631 0.0181901 0.0224034 0.0262881 0.0294408 0.0315468 0.0324438 0.0321485 0.0308334 0.0287679 0.0262452 0.0235201 0.0207746 0.0181154 0.0155918 0.013223 0.0110205
 1.03664e-16 1.90173e-05 0.000111571 0.000530265 0.00204139 0.00636575 0.0160797 0.0329038 0.0545513 0.0732901 0.079831 0.0705995 0.0509363 0.030532 0.0163236 0.00975852 0.0089078 0.0114342 0.0158559 0.021393 0.0274923 0.0335616 0.0389397 0.0429946 0.0452573 0.0455272 0.0439107 0.0407765 0.0366493 0.0320787 0.0275262 0.0233019 0.0195564 0.0163143 0.013527 0.0111215
 1.07226e-16 5.75189e-06 3.36801e-05 0.000159936 0.000615487 0.00191909 0.00484802 0.00992385 0.0164657 0.022161 0.0242421 0.0216843 0.0161798 0.0107714 0.00771641 0.0076532 0.0102081 0.0148397 0.0211561 0.0288073 0.0373073 0.0459671 0.0539562 0.0604493 0.0647976 0.0666632 0.0660739 0.0633775 0.0591228 0.0539105 0.0482661 0.0425699 0.0370492 0.0318144 0.0269124 0.0223716
pSPR Fmed_Fpbrs
0.565911   0.255602 0.255602
Fs Fmed_Fpbrs
0.317459   1.005 1.005
SSBpbr Bo_Bmed_Bpbrs
1.01907e+06  525747  209522 209522
Ro
34891.6
SPR SPRFo_SPRFmed_SPRFpbrs
716595 405529 183163
log_Ro
10.28
likeval ReclasPelacesDesembMPH_pf_preclas_ppelaces_ptallas_desvR_qrecl_qpela
 100.684 92.6897 0.62056 0.000664642 356.246 212.862 84.2384 0 19.049 0 0 0 0 0 0
q_reclas_q_pelaces
1 1
M
0.7
N
 39313.1 20743.7 10301 5115.34 5045.95
 31085.5 17821.8 8584.61 4262.99 4205.16
 17714.5 13605.1 6874.56 3311.43 3266.5
 18800.1 6238.75 3398.16 1717.07 1642.98
 37770.4 8454.11 2540.51 1383.78 1368.26
 26907.2 18328.6 4008.95 1204.71 1305.02
 53435.3 9682.33 4779.25 1045.35 654.421
 112676 21578.8 3179.68 1569.51 558.204
 137669 43235.6 6398.19 942.785 630.873
 167790 56334.7 14578.9 2157.45 530.633
 94574.5 73871.7 21989.1 5690.57 1049.24
 20653.3 37735.4 23682.8 7049.56 2160.74
 38440.9 8383.69 12521.2 7858.37 3056.14
 19310.6 13703.5 2145.46 3204.29 2793.12
 22666.2 4644.08 1596.06 249.882 698.52
 15551.5 5747.82 601.387 206.682 122.814
 14360 5842.16 1633.47 170.908 93.6391
 15163.4 5797.13 1917.32 536.085 86.821
 13246.6 6545.83 2175.48 719.511 233.757
 35262.4 5782.57 2511.91 834.822 365.808
 40258.5 15539.9 2261.5 982.377 469.553
 40720.4 19023.7 6987.61 1016.9 652.871
 77804.4 18851.6 8210.58 3015.83 720.669
 68949.3 35324.4 7825.22 3408.18 1551.01
 14062.7 31333.8 14690.9 3254.38 2062.45
pred_Ctot
 2475.74 2512.01 1247.43 619.455 611.052
 2671.81 2902.8 1398.26 694.353 684.934
 3778.38 5056.42 2554.97 1230.71 1214.02
 1284.27 816.757 444.876 224.793 215.093
 620.094 274.792 82.5766 44.9783 44.4738
 5428.04 6493.35 1420.27 426.798 462.334
 7263.99 2414.85 1191.98 260.718 163.218
 18692.9 6439.58 948.885 468.375 166.58
 17617.3 10204 1510.03 222.506 148.892
 13781.5 8789.9 2274.75 336.627 82.7946
 13535 19305.6 5746.61 1487.17 274.207
 2743.36 9214.9 5783.3 1721.49 527.648
 7949.48 3034.29 4531.79 2844.16 1106.1
 7462.2 8165.72 1278.44 1909.39 1664.37
 8286.92 2658.29 913.587 143.033 399.835
 2767.42 1825.18 190.966 65.6301 38.9985
 1954.88 1458.98 407.93 42.6812 23.3847
 1436.75 1035.06 342.332 95.7162 15.5016
 1160.66 1085.72 360.835 119.341 38.772
 2874.12 895.706 389.088 129.312 56.6628
 1405.99 1062.19 154.579 67.1481 32.0952
 1991.45 1805 662.994 96.4848 61.9453
 4821.54 2247.88 979.038 359.611 85.9332
 4229.28 4170.89 923.954 402.417 183.133
 1122.95 4760.09 2231.77 494.391 313.317
F
 0.0911366 0.182273 0.182273 0.182273 0.182273
 0.126296 0.252593 0.252593 0.252593 0.252593
 0.343605 0.68721 0.68721 0.68721 0.68721
 0.0992075 0.198415 0.198415 0.198415 0.198415
 0.023062 0.046124 0.046124 0.046124 0.046124
 0.32209 0.64418 0.64418 0.64418 0.64418
 0.206761 0.413523 0.413523 0.413523 0.413523
 0.257848 0.515696 0.515696 0.515696 0.515696
 0.193544 0.387088 0.387088 0.387088 0.387088
 0.120383 0.240765 0.240765 0.240765 0.240765
 0.21879 0.43758 0.43758 0.43758 0.43758
 0.201586 0.403171 0.403171 0.403171 0.403171
 0.331468 0.662935 0.662935 0.662935 0.662935
 0.725059 1.45012 1.45012 1.45012 1.45012
 0.672055 1.34411 1.34411 1.34411 1.34411
 0.279057 0.558115 0.558115 0.558115 0.558115
 0.207085 0.41417 0.41417 0.41417 0.41417
 0.140057 0.280114 0.280114 0.280114 0.280114
 0.128893 0.257786 0.257786 0.257786 0.257786
 0.119411 0.238821 0.238821 0.238821 0.238821
 0.0496347 0.0992695 0.0992695 0.0992695 0.0992695
 0.0701309 0.140262 0.140262 0.140262 0.140262
 0.0896234 0.179247 0.179247 0.179247 0.179247
 0.0886742 0.177348 0.177348 0.177348 0.177348
 0.116859 0.233719 0.233719 0.233719 0.233719
nmprior
 10.6 11 7 0
nm_flota  nm_reclas  nm_pelaces    nm_pelaL
inf 12.1733 9.17112 17.8299
cv_recla  cv_pelaces  cv_mph
0.907624 1.09166 0.836435
 ------------------------------------------------
Talla a la edad & desviación 
 7.2 14.2025 17.0495 18.207 18.6776
 1.08 2.13037 2.55742 2.73105 2.80164
