years
 1997 1998 1999 2000 2001 2002 2003 2004 2005 2006 2007 2008 2009 2010 2011 2012 2013 2014 2015 2016 2017 2018 2019 2020 2021
reclasobs
 0 0 0 370054 412103 1.49427e+06 250295 1.28982e+06 931140 785840 897777 1.04006e+06 184774 17550 25797 100020 73551 82996 120727 218422 84188 347160 605670 569463 516374
reclaspred
 462402 130323 409145 292509 413554 486735 1.05535e+06 684231 734752 655748 511238 342078 210680 92855.2 62085.8 63372 81502.9 112743 120788 173450 249489 229032 401207 515498 561711
pelacesobs
 0 0 0 0 0 0 0 0 0 2.06254e+06 1.5e+06 0 1.87456e+06 323000 250000 174000 83755 137374 0 501740 490994 745055 786931 1.00524e+06 1.33801e+06
pelacespred
 1.91172e+06 478429 913015 1.01062e+06 1.21228e+06 1.2117e+06 2.89086e+06 2.3778e+06 2.22696e+06 2.01704e+06 1.40853e+06 973770 583319 205985 135444 151829 206238 294212 325478 452151 730850 658656 905202 1.37885e+06 1.574e+06
mphobs
 0 0 0 0 0 112323 0 153150 637223 0 255016 313432 73983 77613 109348 50772 0 0 0 0 0 0 0 0 0
mphpred
 166789 106318 134064 168031 171300 258000 384029 444182 367189 357765 328956 227000 139489 72137.4 32314.6 27337.4 34339.7 48569.7 61527.9 71586.7 107072 126439 159566 230084 306837
desembarqueobs
 350755 77701 442110 56441 14545 235359 269955 359681 431902 328805 639364 411747 362871 311530 167758 66681 60226 58785 57116 73181 50977 67692 138656 160484 209506
desembarquepred
 350767 77704.9 442157 56443.4 14545.1 235407 269992 359711 431981 328860 639643 412013 363239 311965 167767 66694.4 60251.6 58787.3 57112.2 73184.2 50978.9 67688 138662 160493 209510
Reclutas
 55402.1 68325.3 41793.4 62179.6 103802 77579.6 118445 108112 126797 127611 66161.4 42535.3 43240 23450.1 16640 19113.6 15385.7 17516.3 19908.5 33947 42171.3 55854.1 91028.8 109137 47201
log_desv_Rt
 0.102373 0.312036 -0.179507 0.217783 0.730241 0.43906 0.862204 0.770919 0.930345 0.936739 0.279852 -0.161911 -0.14548 -0.757371 -1.10044 -0.961843 -1.17881 -1.04911 -0.921096 -0.387443 -0.170504 0.110499 0.598931 0.780359 -0.0578287
SSB
 673600 429379 541435 678615 691818 1.04197e+06 1.55095e+06 1.79389e+06 1.48294e+06 1.44488e+06 1.32853e+06 916769 563346 291336 130507 110406 138686 196155 248489 289113 432425 510642 644428 929226 1.2392e+06
BT
 2.31019e+06 614621 1.18967e+06 1.08956e+06 1.25473e+06 1.40552e+06 3.16858e+06 2.83044e+06 2.68349e+06 2.3775e+06 2.00898e+06 1.36635e+06 951901 507398 281536 211191 260989 348774 379343 523545 792151 729407 1.01625e+06 1.53897e+06 1.76037e+06
Ftot
 0.457845 0.355626 0.510079 0.097756 0.0199555 0.202618 0.12811 0.258483 0.300875 0.24792 0.524384 0.494828 0.79051 1.44373 1.47502 0.58509 0.400581 0.268369 0.221148 0.227866 0.105765 0.139262 0.163999 0.156414 0.153678
BD_Bspro_t
 0.945671 0.755805 0.720304 0.601623 0.720787 0.836107 0.804578 0.808679 0.750688 0.70789 0.667046 0.507793 0.393384 0.280347 0.164239 0.170812 0.269126 0.423977 0.540429 0.633097 0.739671 0.814793 0.822946 0.829755 0.831967
BD_Bspro
 0.655816 0.418043 0.527141 0.660699 0.673553 1.01446 1.51 1.74653 1.44379 1.40674 1.29346 0.892566 0.548473 0.283645 0.127061 0.107491 0.135024 0.190977 0.241928 0.28148 0.421009 0.49716 0.627414 0.904693 1.20649
BD_Bo
 0.561255 0.357766 0.451134 0.565434 0.576435 0.868185 1.29228 1.4947 1.23561 1.2039 1.10696 0.763869 0.46939 0.242747 0.108741 0.0919921 0.115555 0.16344 0.207045 0.240894 0.360305 0.425476 0.536949 0.774248 1.03253
BD_Brms
 1.94055 1.23699 1.55981 1.955 1.99304 3.00177 4.46809 5.16796 4.27216 4.16252 3.82733 2.6411 1.62293 0.839303 0.375974 0.318065 0.399535 0.565098 0.715864 0.832896 1.24576 1.47109 1.85651 2.67698 3.56998
S_f
 0.181211 1 1 1 1
 0.181211 1 1 1 1
 0.181211 1 1 1 1
 0.181211 1 1 1 1
 0.181211 1 1 1 1
 0.181211 1 1 1 1
 0.181211 1 1 1 1
 0.181211 1 1 1 1
 0.181211 1 1 1 1
 0.181211 1 1 1 1
 0.181211 1 1 1 1
 0.181211 1 1 1 1
 0.181211 1 1 1 1
 0.181211 1 1 1 1
 0.181211 1 1 1 1
 0.181211 1 1 1 1
 0.181211 1 1 1 1
 0.181211 1 1 1 1
 0.181211 1 1 1 1
 0.181211 1 1 1 1
 0.181211 1 1 1 1
 0.181211 1 1 1 1
 0.181211 1 1 1 1
 0.181211 1 1 1 1
 0.181211 1 1 1 1
Scru_reclas
 1 1 1 1 1
 1 1 1 1 1
 1 1 1 1 1
 1 1 1 1 1
 1 1 1 1 1
 1 1 1 1 1
 1 1 1 1 1
 1 1 1 1 1
 1 1 1 1 1
 1 1 1 1 1
 1 1 1 1 1
 1 1 1 1 1
 1 1 1 1 1
 1 1 1 1 1
 1 1 1 1 1
 1 1 1 1 1
 1 1 1 1 1
 1 1 1 1 1
 1 1 1 1 1
 1 1 1 1 1
 1 1 1 1 1
 1 1 1 1 1
 1 1 1 1 1
 1 1 1 1 1
 1 1 1 1 1
Scru_pelaces
 0.925877 1 1 1 1
 0.925877 1 1 1 1
 0.925877 1 1 1 1
 0.925877 1 1 1 1
 0.925877 1 1 1 1
 0.925877 1 1 1 1
 0.925877 1 1 1 1
 0.925877 1 1 1 1
 0.925877 1 1 1 1
 0.925877 1 1 1 1
 0.925877 1 1 1 1
 0.925877 1 1 1 1
 0.925877 1 1 1 1
 0.925877 1 1 1 1
 0.925877 1 1 1 1
 0.925877 1 1 1 1
 0.925877 1 1 1 1
 0.925877 1 1 1 1
 0.925877 1 1 1 1
 0.925877 1 1 1 1
 0.925877 1 1 1 1
 0.925877 1 1 1 1
 0.925877 1 1 1 1
 0.925877 1 1 1 1
 0.925877 1 1 1 1
pf_obs 
 0.256992 0.487395 0.22802 0.0275931 0
 0.321318 0.546541 0.124235 0.00734118 0.000564706
 0.182869 0.594174 0.210203 0.0122559 0.00049798
 0.330522 0.361315 0.267642 0.0388342 0.00168674
 0.649043 0.306663 0.0425973 0.00169635 0
 0.582887 0.30429 0.105238 0.00758474 0
 0.465427 0.430635 0.0974691 0.00646863 0
 0.296916 0.608066 0.0921331 0.00288517 0
 0.311714 0.524322 0.152257 0.0117073 0
 0.15457 0.633149 0.183074 0.0267441 0.00246327
 0.131901 0.49318 0.331252 0.0422183 0.00144891
 0.196976 0.569456 0.194076 0.0375587 0.00193317
 0.518974 0.381816 0.0799577 0.0180837 0.00116848
 0.0928022 0.601141 0.25162 0.0475244 0.00691264
 0.122501 0.610282 0.24278 0.0234846 0.000952079
 0.383417 0.481906 0.127806 0.00687128 0
 0.0376549 0.599619 0.316969 0.0457579 0
 0.0361596 0.667082 0.258105 0.0386534 0
 0.158088 0.579412 0.248529 0.0139706 0
 0.0477256 0.309471 0.559284 0.082774 0.000745712
 0.0406174 0.521527 0.379366 0.0568643 0.0016247
 0.151134 0.462217 0.34131 0.0453401 0
 0.294876 0.26143 0.354403 0.0886775 0.000613685
 0.281977 0.475581 0.204845 0.0348837 0.00271318
 0.0354234 0.537034 0.353287 0.0723622 0.0018943
pf_pred 
 0.36229 0.450467 0.1675 0.0197328 1.01248e-05
 0.305738 0.552458 0.100168 0.0372462 0.00439013
 0.173747 0.612914 0.169765 0.0307806 0.0127944
 0.269011 0.436205 0.21867 0.0605672 0.0155463
 0.298078 0.477262 0.134062 0.0672056 0.0233925
 0.171282 0.582439 0.167454 0.0470376 0.0317877
 0.251777 0.416148 0.233389 0.0671006 0.0315861
 0.198498 0.531647 0.150088 0.0841742 0.0355924
 0.232131 0.465793 0.200371 0.0565663 0.0451384
 0.21773 0.514443 0.162465 0.0698879 0.0354739
 0.130303 0.550454 0.209943 0.0663017 0.0429978
 0.136014 0.444948 0.26522 0.101155 0.0526627
 0.216415 0.410354 0.192212 0.114572 0.0664471
 0.19763 0.55473 0.129686 0.0607459 0.0572084
 0.281226 0.531673 0.129355 0.030241 0.0275053
 0.35421 0.530347 0.085392 0.0207757 0.00927464
 0.230931 0.615466 0.126145 0.0203108 0.00714758
 0.246649 0.502419 0.200815 0.0411586 0.00895913
 0.240325 0.510448 0.166213 0.0664345 0.0165802
 0.316371 0.450708 0.156506 0.0509618 0.0254528
 0.266255 0.542652 0.125985 0.0437479 0.02136
 0.259735 0.501664 0.176461 0.0409683 0.021172
 0.303427 0.469304 0.154016 0.0541753 0.0190777
 0.255899 0.537035 0.139507 0.0457833 0.0217755
 0.103207 0.601825 0.212885 0.0553017 0.0267808
pobs_RECLAS
 0 0 0 0 0
 0 0 0 0 0
 0 0 0 0 0
 0 0 0 0 0
 0.835266 0.146461 0.0176864 0.000547809 3.91292e-05
 0.385257 0.428462 0.181853 0.0044286 0
 0.867414 0.0963971 0.0333333 0.00285562 0
 0.441836 0.489002 0.0689373 0.000224442 0
 0.779404 0.147425 0.0564933 0.0165055 0.000172143
 0.814271 0.122319 0.05973 0.00367925 0
 0.40263 0.566651 0.0304383 0.000280538 0
 0.475488 0.404961 0.113038 0.00651328 0
 0.955842 0.0263864 0.0167828 0.000988607 0
 0.975058 0.0227948 0.00214734 0 0
 0.738997 0.206755 0.0527124 0.00153531 0
 0.850938 0.134255 0.0134407 0.00136685 0
 0.542534 0.407297 0.0501686 0 0
 0.764087 0.199537 0.0359546 0.000420521 0
 0.470689 0.182191 0.310203 0.0369168 0
 0.84361 0.089868 0.0606195 0.00523954 0.000663233
 0.607945 0.314616 0.071237 0.00620181 0
 0.523733 0.453247 0.0230204 0 0
 0.530135 0.295979 0.169645 0.0042399 0
 0.562478 0.366248 0.0663022 0.0049721 0
 0.250443 0.683176 0.0655157 0.000865301 0
ppred_RECLAS
 0.763595 0.166993 0.0620939 0.00731514 3.75338e-06
 0.712949 0.228421 0.0414158 0.0153999 0.00181516
 0.545634 0.337048 0.0933554 0.0169266 0.00703578
 0.671164 0.196227 0.0983689 0.0272462 0.00699352
 0.701109 0.203227 0.057086 0.0286173 0.00996094
 0.535622 0.326374 0.0938343 0.0263579 0.0178124
 0.651502 0.193828 0.108705 0.0312533 0.0147118
 0.581088 0.27787 0.0784449 0.0439943 0.0186027
 0.629382 0.224819 0.0967106 0.0273022 0.0217864
 0.609044 0.257103 0.0811954 0.0349279 0.0177288
 0.461406 0.34089 0.130015 0.0410599 0.0266281
 0.473087 0.271358 0.161748 0.0616905 0.0321171
 0.618426 0.199826 0.0935996 0.0557919 0.0323571
 0.611429 0.268644 0.0628044 0.0294179 0.0277048
 0.715225 0.210646 0.0512499 0.0119814 0.0108975
 0.759232 0.197728 0.0318364 0.00774576 0.00345784
 0.629543 0.296467 0.0607634 0.00978361 0.00344296
 0.647269 0.235241 0.0940247 0.0192711 0.00419481
 0.638667 0.24279 0.0790576 0.031599 0.00788623
 0.721199 0.18381 0.0638271 0.0207835 0.0103803
 0.668151 0.245423 0.056979 0.0197857 0.00966042
 0.661078 0.229681 0.0807906 0.0187569 0.00969334
 0.708041 0.196703 0.0645537 0.0227069 0.00799617
 0.6568 0.247695 0.0643444 0.0211165 0.0100434
 0.390363 0.409119 0.144718 0.0375939 0.0182055
pobs_PELACES
 0 0 0 0 0
 0 0 0 0 0
 0 0 0 0 0
 0 0 0 0 0
 0 0 0 0 0
 0 0 0 0 0
 0 0 0 0 0
 0 0 0 0 0
 0 0 0 0 0
 0 0 0 0 0
 0.450072 0.473896 0.0757376 0.000293798 0
 0 0 0 0 0
 0.463077 0.371075 0.160297 0.00555027 0
 0.529543 0.364841 0.0842815 0.0213345 0
 0.631943 0.363953 0.00410389 0 0
 0.735681 0.248677 0.0153453 0.000297389 0
 0.695825 0.281241 0.0229344 0 0
 0.275771 0.60734 0.115278 0.00161068 0
 0 0 0 0 0
 0.896147 0.0623911 0.0374545 0.00400742 0
 0.803859 0.145111 0.0509908 3.86294e-05 0
 0.739449 0.233085 0.0266225 0.000797448 4.60066e-05
 0.878498 0.100942 0.0204185 0.000141795 0
 0.694673 0.275183 0.0284847 0.00165964 0
 0.469039 0.446079 0.0841089 0.000773354 0
ppred_PELACES
 0.77192 0.161112 0.0599072 0.00705752 3.62119e-06
 0.716837 0.225327 0.0408548 0.0151913 0.00179057
 0.560664 0.325899 0.0902674 0.0163667 0.00680305
 0.659902 0.202948 0.101738 0.0281794 0.00723305
 0.685888 0.213576 0.0599931 0.0300747 0.0104682
 0.530079 0.330269 0.0949542 0.0266725 0.018025
 0.641815 0.199216 0.111727 0.032122 0.0151207
 0.579342 0.279028 0.078772 0.0441778 0.0186802
 0.63038 0.224213 0.0964501 0.0272287 0.0217278
 0.606655 0.258675 0.0816918 0.0351414 0.0178372
 0.477513 0.330696 0.126127 0.039832 0.0258318
 0.487236 0.264071 0.157405 0.0600339 0.0312546
 0.650094 0.183241 0.0858313 0.0511614 0.0296716
 0.682743 0.21934 0.051278 0.0240189 0.0226202
 0.775987 0.165701 0.0403147 0.00942491 0.00857228
 0.77374 0.185813 0.0299181 0.00727902 0.00324948
 0.636795 0.290664 0.0595739 0.00959209 0.00337556
 0.64624 0.235926 0.0942988 0.0193273 0.00420704
 0.634675 0.245473 0.0799312 0.0319481 0.00797336
 0.718083 0.185864 0.0645405 0.0210158 0.0104963
 0.657326 0.25343 0.0588378 0.0204312 0.00997556
 0.652199 0.235698 0.0829073 0.0192483 0.0099473
 0.701235 0.201288 0.0660585 0.0232362 0.00818256
 0.648925 0.253379 0.0658209 0.0216011 0.0102739
 0.381951 0.414764 0.146715 0.0381126 0.0184567
pobs_pel_tallas
 0 0 0 0 0 0 0 0 0 0 0 0 0 0 0 0 0 0 0 0 0 0 0 0 0 0 0 0 0 0 0 0 0 0 0 0
 0 0 0 0 0 0 0 0 0 0 0 0 0 0 0 0 0 0 0 0 0 0 0 0 0 0 0 0 0 0 0 0 0 0 0 0
 0 0 0 0 0 0 0 0 0 0 0 0 0 0 0 0 0 0 0 0 0 0 0 0 0 0 0 0 0 0 0 0 0 0 0 0
 0 0 0 0 0 0 0 0 0 0 0 0 0 0 0 0 0 0 0 0 0 0 0 0 0 0 0 0 0 0 0 0 0 0 0 0
 0 0 0 0 0 0 0 0 0 0 0 0 0 0 0 0 0 0 0 0 0 0 0 0 0 0 0 0 0 0 0 0 0 0 0 0
 0 0 0 0 0 0 0 0 0 0 0 0 0 0 0 0 0 0 0 0 0 0 0 0 0 0 0 0 0 0 0 0 0 0 0 0
 0 0 0 0 0 0 0 0 0 0 0 0 0 0 0 0 0 0 0 0 0 0 0 0 0 0 0 0 0 0 0 0 0 0 0 0
 0 0 0 0 0 0 0 0 0 0 0 0 0 0 0 0 0 0 0 0 0 0 0 0 0 0 0 0 0 0 0 0 0 0 0 0
 0 0 0 0 0 0 0 0 0 0 0 0 0 0 0 0 0 0 0 0 0 0 0 0 0 0 0 0 0 0 0 0 0 0 0 0
 0 0 0 0 0 0 0 0 0 0 0 0 0 0 0 0 0 0 0 0 0 0 0 0 0 0 0 0 0 0 0 0 0 0 0 0
 0 0 0 0 0 0 0 0 1.78061e-05 0.00172719 0.00360574 0.0105946 0.0120993 0.0124554 0.0147524 0.0171206 0.0266825 0.0428682 0.0675386 0.121331 0.153587 0.119568 0.100827 0.0573624 0.0630603 0.0341343 0.0324427 0.0444173 0.0211091 0.0280891 0.0125444 0.00206551 0 0 0 0
 0 0 0 0 0 0 0 0 0 0 0 0 0 0 0 0 0 0 0 0 0 0 0 0 0 0 0 0 0 0 0 0 0 0 0 0
 0 0 0 0 0 0 0.0133647 0.0140871 0.0187388 0.0205184 0.03894 0.0496705 0.03968 0.0493445 0.0407372 0.0367815 0.0215668 0.0243155 0.0234873 0.0199281 0.019796 0.0243948 0.0301388 0.0376714 0.0412746 0.0863199 0.0771752 0.113111 0.0741005 0.0525337 0.0229764 0.00759418 0.00175318 0 0 0
 0 0 0 0 0 0 0 0 0 0 0.00219441 0.00772107 0.0458388 0.0604681 0.0671733 0.0775358 0.0609151 0.0617685 0.073594 0.0568108 0.0755445 0.0548602 0.0670107 0.0636378 0.0643287 0.046367 0.0373049 0.0286899 0.0247887 0.0153202 0.00654259 0.00121912 0.000365735 0 0 0
 0 0 0 0 0 0 0 0 0 0 0 0 0.000112435 0.00938835 0.0111873 0.0202946 0.0414886 0.0713402 0.111592 0.104902 0.108894 0.110636 0.117776 0.105296 0.107544 0.0401394 0.0192827 0.0124803 0.00416011 0.0028671 0.000618394 0 0 0 0 0
 0 0 0 0 0 0 0 0 0 0 0.00291406 0.0102884 0.027416 0.0768956 0.0749926 0.110853 0.0956884 0.0897413 0.0766577 0.0534642 0.0500743 0.0551293 0.0594112 0.0620874 0.0668451 0.0424026 0.0208742 0.0120726 0.0048766 0.00582813 0.00118941 0.000297354 0 0 0 0
 0 0.00264628 0.0354308 0.0461629 0.0458689 0.0383711 0.0214643 0.0164657 0.0346957 0.0420465 0.0363128 0.0245516 0.0311673 0.0291091 0.0169068 0.0133784 0.00837989 0.0085269 0.0148486 0.0160247 0.0276389 0.0546898 0.0760071 0.122758 0.109233 0.0665981 0.0333725 0.0166128 0.00676272 0.00308733 0.000882094 0 0 0 0 0
 0 0 0 0 0 0 0 0.000805153 0.000690131 0.00759144 0.0133425 0.0154129 0.00931677 0.000345066 0.00356568 0.00563607 0.00851162 0.0253048 0.0502646 0.0516448 0.0657925 0.0565908 0.0611916 0.0827007 0.0866115 0.110766 0.145733 0.0935128 0.0569358 0.0249597 0.0138026 0.00621118 0.00161031 0.00115022 0 0
 0 0 0 0 0 0 0 0 0 0 0 0 0 0 0 0 0 0 0 0 0 0 0 0 0 0 0 0 0 0 0 0 0 0 0 0
 0.00147267 0.00158595 0.00478618 0.00569244 0.00954404 0.0108468 0.00647125 0.017049 0.0510054 0.094081 0.124002 0.0959785 0.0687766 0.0820023 0.061753 0.0591476 0.0492212 0.0479892 0.0443925 0.0268479 0.0217502 0.0140895 0.0121071 0.0120363 0.00920419 0.00665534 0.0049561 0.00860946 0.00930331 0.0156896 0.0114698 0.00855282 0.00243557 0.00046729 0 2.83206e-05
 0 0 0 0 0.000772559 0.00158375 0.000888443 0.00281984 0.00712685 0.0440552 0.0773331 0.111326 0.0921469 0.0852325 0.0710754 0.0886704 0.0786465 0.0553345 0.0373146 0.0185414 0.00753245 0.00457741 0.012979 0.0271748 0.0457355 0.0583668 0.034881 0.0177882 0.00938659 0.00492506 0.0015258 0.00185414 0.000309023 5.79419e-05 3.86279e-05 0
 0 0.00173294 0.00326652 0 0.00397197 0.00683976 0.00946217 0.0152591 0.00757587 0.0136028 0.0228656 0.0392903 0.0559909 0.0764795 0.0681675 0.0726916 0.0566044 0.0477403 0.0527397 0.0444891 0.0609904 0.0582453 0.0661739 0.0445044 0.0529084 0.0360697 0.0280645 0.0235558 0.0158879 0.00826598 0.00280645 0.00217768 0.000904811 0.00058276 9.20147e-05 0
 0 0 0 0 0 0 0 0 0 0 0 0 0 0 0 0 0 0 0 0 0 0 0 0 0 0 0 0 0 0 0 0 0 0 0 0
 0 0 0 0 0 0 0 0 0 0 0 0 0 0 0 0 0 0 0 0 0 0 0 0 0 0 0 0 0 0 0 0 0 0 0 0
 0 0 0 0 0 0 0 0 0 0 0 0 0 0 0 0 0 0 0 0 0 0 0 0 0 0 0 0 0 0 0 0 0 0 0 0
ppred_pel_tallas
 1.01146e-16 3.36786e-05 0.000197669 0.000939637 0.00361767 0.0112814 0.0284958 0.0583061 0.0966483 0.129795 0.141238 0.124573 0.0891534 0.0519899 0.0251559 0.0109529 0.00569899 0.00506111 0.00638386 0.00849984 0.0109289 0.0133782 0.0155769 0.0172718 0.0182708 0.0184832 0.0179359 0.0167585 0.0151444 0.0133026 0.0114151 0.00961256 0.00796971 0.00651557 0.00525068 0.00416292
 1.0126e-16 3.12793e-05 0.000183577 0.000872629 0.00335965 0.0104767 0.0264634 0.0541482 0.0897584 0.120548 0.131195 0.115756 0.0829349 0.0485479 0.0238345 0.0109639 0.00654718 0.00658016 0.00859391 0.0114687 0.0146857 0.0178682 0.0206443 0.0226686 0.0236888 0.0236031 0.0224809 0.0205376 0.0180762 0.0154125 0.012813 0.0104569 0.00843118 0.00674738 0.00537118 0.00425006
 1.02268e-16 2.44736e-05 0.000143612 0.000682611 0.00262799 0.00819506 0.0207003 0.0423571 0.0702177 0.0943187 0.102686 0.0906908 0.0651698 0.0385388 0.0196485 0.0102669 0.00781523 0.00921516 0.012548 0.0168866 0.0216985 0.0264932 0.0307429 0.0339443 0.0357216 0.035909 0.0345835 0.0320303 0.0286621 0.0249159 0.0211655 0.0176696 0.0145638 0.011884 0.00960527 0.00767759
 1.02817e-16 2.87959e-05 0.000168999 0.000803327 0.00309282 0.00964465 0.0243617 0.0498477 0.0826298 0.110975 0.120777 0.106567 0.0763572 0.0447104 0.0219768 0.010159 0.00614628 0.00626557 0.00826156 0.0111247 0.0144004 0.0177623 0.0208812 0.0234383 0.0251819 0.0259778 0.0258301 0.0248647 0.0232844 0.0213133 0.0191492 0.0169376 0.0147682 0.0126892 0.010726 0.00889742
 1.02444e-16 2.99293e-05 0.000175653 0.000834958 0.0032146 0.0100244 0.0253209 0.0518105 0.0858834 0.115344 0.125531 0.110761 0.0793584 0.04646 0.022821 0.0105196 0.00631732 0.00638898 0.00838061 0.0112313 0.0144564 0.0177068 0.0206353 0.0229143 0.0242971 0.0246708 0.0240763 0.0226866 0.0207535 0.0185429 0.0162793 0.0141149 0.0121267 0.0103338 0.00872346 0.00727413
 1.03215e-16 2.31401e-05 0.000135783 0.00064539 0.00248468 0.00774815 0.0195714 0.0400475 0.0663895 0.0891788 0.0970957 0.0857677 0.0616623 0.0365257 0.0187353 0.00997451 0.00781756 0.00936466 0.0128069 0.0172642 0.0222191 0.0271836 0.0316279 0.0350446 0.037052 0.0374776 0.0363902 0.0340655 0.0309046 0.0273318 0.0237075 0.0202785 0.0171722 0.0144214 0.0120043 0.00988031
 1.03462e-16 2.8007e-05 0.000164369 0.000781313 0.00300806 0.00938033 0.023694 0.0484816 0.0803654 0.107934 0.117468 0.10365 0.0742724 0.0435003 0.0214023 0.00992884 0.00605824 0.00622229 0.00823218 0.0111106 0.0144193 0.017843 0.0210616 0.0237621 0.0256935 0.0267156 0.0268195 0.0261122 0.0247746 0.023009 0.0209949 0.0188654 0.0167058 0.014567 0.012484 0.0104894
 1.036e-16 2.52861e-05 0.000148387 0.000705319 0.00271544 0.00846777 0.0213891 0.0437661 0.0725517 0.0974488 0.10608 0.0936565 0.0672309 0.0396173 0.0199401 0.0100016 0.00711422 0.00808284 0.0109283 0.0147221 0.018974 0.023263 0.0271438 0.0301903 0.0320807 0.0326661 0.0319965 0.0302925 0.0278766 0.0250881 0.0222122 0.0194407 0.0168691 0.0145201 0.0123776 0.0104171
 1.03394e-16 2.75094e-05 0.000161445 0.000767408 0.00295452 0.00921335 0.0232723 0.0476188 0.0789361 0.106017 0.115388 0.10183 0.0730011 0.0428221 0.0211917 0.0100368 0.00639953 0.00678089 0.00902791 0.012165 0.0157319 0.0193783 0.0227437 0.0254806 0.0273181 0.0281177 0.0278948 0.026799 0.0250628 0.0229378 0.0206411 0.0183258 0.0160791 0.0139387 0.0119172 0.010022
 1.03285e-16 2.64762e-05 0.000155376 0.00073855 0.00284339 0.0088668 0.022397 0.0458282 0.075969 0.102036 0.111065 0.0980383 0.0703342 0.0413611 0.0206605 0.0101045 0.00686356 0.00758091 0.0101824 0.0137085 0.0176742 0.0216825 0.0253184 0.0281849 0.0299803 0.0305624 0.0299728 0.0284113 0.0261734 0.0235719 0.0208719 0.0182544 0.015813 0.0135747 0.0115308 0.00966376
 1.04474e-16 2.08481e-05 0.000122327 0.000581416 0.00223836 0.00698002 0.0176312 0.0360776 0.0598097 0.0803439 0.0874858 0.0773013 0.0556243 0.0330477 0.0171343 0.00942053 0.0077429 0.00950894 0.0131015 0.0177274 0.0229036 0.0281565 0.0329617 0.0368089 0.0393047 0.0402548 0.0396965 0.0378675 0.0351286 0.0318669 0.0284141 0.0250018 0.0217571 0.018728 0.0159202 0.0133288
 1.05844e-16 2.12694e-05 0.000124806 0.000593216 0.00228382 0.00712178 0.0179892 0.0368097 0.0610212 0.0819652 0.0892351 0.0788087 0.0566257 0.0334759 0.0170519 0.00889371 0.00676953 0.00802187 0.0110119 0.014975 0.0194994 0.0242131 0.0287046 0.0325623 0.0354507 0.0371744 0.0377051 0.0371617 0.0357567 0.0337294 0.0312913 0.0285984 0.0257523 0.0228196 0.0198564 0.016925
 1.04423e-16 2.83673e-05 0.000166485 0.00079138 0.00304683 0.00950123 0.0239994 0.0491063 0.0814004 0.109322 0.118974 0.104968 0.0751922 0.0439895 0.0215506 0.00984215 0.00579425 0.00578609 0.00759965 0.0102528 0.0133197 0.0165099 0.0195344 0.0221127 0.0240214 0.0251368 0.0254525 0.025063 0.0241242 0.0228049 0.0212472 0.0195478 0.0177603 0.0159116 0.0140219 0.0121196
 1.02682e-16 2.97924e-05 0.000174848 0.000831132 0.00319987 0.00997848 0.0252049 0.0515731 0.0854901 0.114817 0.124959 0.110259 0.0790059 0.0462682 0.0227537 0.0105334 0.00638569 0.0065036 0.00854274 0.0114429 0.0147146 0.0180009 0.0209467 0.0232182 0.0245672 0.0248844 0.02422 0.0227597 0.0207689 0.0185246 0.0162574 0.0141193 0.0121816 0.0104535 0.00891049 0.00752037
 1.01351e-16 3.38561e-05 0.000198711 0.000944589 0.00363673 0.0113408 0.028646 0.0586133 0.0971577 0.130479 0.141983 0.125231 0.0896267 0.0522703 0.0252993 0.0110276 0.0057531 0.00511863 0.00645167 0.00857407 0.0109973 0.0134211 0.0155688 0.0171849 0.0180807 0.0181748 0.0175091 0.0162309 0.0145509 0.0126905 0.010837 0.00911758 0.00759557 0.00628351 0.00516359 0.004207
 1.00888e-16 3.37589e-05 0.000198139 0.000941864 0.00362623 0.0113081 0.0285633 0.0584443 0.0968781 0.130105 0.141581 0.124887 0.0894035 0.0521866 0.0253453 0.0111941 0.00604834 0.00556636 0.00707972 0.00940061 0.0120186 0.0146025 0.0168414 0.0184503 0.0192228 0.0190779 0.0180775 0.0164049 0.0143158 0.0120764 0.00991036 0.00796798 0.00632067 0.00497565 0.00390023 0.00304561
 1.01428e-16 2.77918e-05 0.000163096 0.000775247 0.00298468 0.00930738 0.0235099 0.0481055 0.0797445 0.107108 0.116589 0.102922 0.0738539 0.0434628 0.0217679 0.0107378 0.00740284 0.0082352 0.0110451 0.0148024 0.0189652 0.0230766 0.0266613 0.0292722 0.0305819 0.0304564 0.0289833 0.0264399 0.0232173 0.0197258 0.0163131 0.0132163 0.0105532 0.00834408 0.00654848 0.00510024
 1.02277e-16 2.82015e-05 0.000165507 0.000786717 0.00302886 0.00944517 0.0238578 0.048817 0.0809225 0.108685 0.118293 0.104396 0.0748453 0.0439134 0.021749 0.010328 0.00661823 0.00703048 0.00935272 0.0125762 0.016217 0.0199007 0.0232428 0.0258745 0.0275124 0.0280178 0.0274205 0.0258974 0.0237173 0.0211712 0.0185126 0.0159234 0.0135087 0.0113123 0.00934182 0.00759039
 1.02686e-16 2.76975e-05 0.000162547 0.000772645 0.00297467 0.0092762 0.023431 0.0479439 0.0794754 0.106743 0.116182 0.10254 0.0735313 0.0431751 0.0214438 0.0102837 0.00672201 0.0072373 0.00965656 0.012983 0.0167289 0.0205093 0.0239272 0.0266038 0.0282511 0.0287334 0.0280911 0.0265161 0.024293 0.0217248 0.0190705 0.0165094 0.0141374 0.0119855 0.010048 0.00830815
 1.0219e-16 3.13321e-05 0.000183891 0.000874128 0.00336543 0.0104948 0.026509 0.054241 0.0899112 0.12075 0.131406 0.115923 0.0830099 0.0485032 0.0236486 0.0106049 0.00596531 0.00571351 0.00738433 0.00988236 0.012734 0.0156239 0.0182473 0.0203164 0.0216122 0.0220296 0.0215961 0.0204535 0.0188134 0.0169018 0.014912 0.0129784 0.0111734 0.00952179 0.00802154 0.00666282
 1.02086e-16 2.86855e-05 0.000168347 0.000800216 0.00308083 0.00960723 0.0242672 0.0496548 0.0823114 0.110551 0.120327 0.106196 0.0761468 0.0446991 0.0221781 0.0105962 0.00686946 0.00734487 0.00976471 0.013089 0.0168056 0.0205107 0.0237918 0.0262602 0.0276282 0.0277721 0.0267566 0.0248076 0.0222472 0.0194135 0.0165917 0.0139748 0.0116584 0.00966008 0.00795182 0.00648924
 1.0238e-16 2.84613e-05 0.000167032 0.000793968 0.00305678 0.00953223 0.0240778 0.049267 0.0816682 0.109686 0.119382 0.105355 0.0755284 0.044305 0.0219256 0.0103824 0.00661263 0.00699172 0.00928521 0.0124741 0.0160705 0.0196992 0.0229769 0.0255377 0.0271032 0.0275413 0.0268896 0.0253325 0.0231448 0.0206208 0.0180138 0.0155016 0.0131817 0.0110885 0.00921942 0.00755861
 1.02185e-16 3.0598e-05 0.00017958 0.00085363 0.0032865 0.0102486 0.0258873 0.0529691 0.0878035 0.117922 0.128332 0.113222 0.0811012 0.047438 0.0232227 0.0105725 0.0061691 0.00609678 0.0079487 0.0106471 0.0137117 0.0168077 0.0196058 0.0217948 0.0231386 0.0235259 0.0229901 0.0216892 0.0198572 0.0177435 0.0155612 0.0134581 0.0115131 0.00975179 0.00816924 0.00675092
 1.0224e-16 2.83192e-05 0.000166196 0.000789992 0.00304146 0.00948447 0.0239571 0.0490203 0.0812598 0.109139 0.118791 0.104843 0.0751818 0.0441434 0.0219225 0.010508 0.00685836 0.00736952 0.00981466 0.0131679 0.0169227 0.0206778 0.0240212 0.0265635 0.0280144 0.0282458 0.0273163 0.0254446 0.0229458 0.020152 0.0173443 0.0147144 0.0123594 0.0103013 0.00851799 0.00697202
 1.0439e-16 1.66846e-05 9.78757e-05 0.000465154 0.00179069 0.00558396 0.014105 0.0288634 0.0478545 0.0642982 0.0700507 0.0619837 0.0447933 0.0269969 0.014703 0.00921049 0.00885875 0.011625 0.0162244 0.0219671 0.0283352 0.0347502 0.040553 0.0451025 0.0479089 0.0487382 0.0476541 0.0449777 0.0411881 0.0367986 0.0322504 0.0278528 0.0237754 0.0200782 0.0167579 0.0137898
pSPR Fmed_Fpbrs
0.659873   0.339224 0.339224
Fs Fmed_Fpbrs
0.270748   1.005 1.005
SSBpbr Bo_Bmed_Bpbrs
1.20017e+06  731949  347117 347117
Ro
50011.1
SPR SPRFo_SPRFmed_SPRFpbrs
1.02712e+06 677767 348423
log_Ro
10.64
likeval ReclasPelacesDesembMPH_pf_preclas_ppelaces_ptallas_desvR_qrecl_qpela
 60.5453 20.478 0.0198602 0.000228746 315.475 196.063 77.3868 0 15.7371 5.63148e-05 1.7226e-05 0 0 0 0
q_reclas_q_pelaces
0.345282 1.80485
M
0.7
N
 55402.1 14613.8 5433.96 640.162 0.328465
 68325.3 25321.4 4591.12 1707.15 201.218
 41793.4 31811.8 8811.22 1597.59 664.062
 62179.6 18921.6 9485.45 2627.27 674.367
 103802 30335.3 8521.14 4271.66 1486.86
 77579.6 51360.5 14766.4 4147.87 2803.1
 118445 37136 20827 5987.89 2818.66
 108112 57468.3 16223.8 9098.8 3847.36
 126797 51229.9 22037.6 6221.4 4964.52
 127611 59624.6 18830 8100.1 4111.47
 66161.4 60585.7 23107.3 7297.48 4732.55
 42535.3 29876.5 17808.5 6792.13 3536.09
 43240 19310.8 9045.3 5391.62 3126.93
 23450.1 18606.6 4349.91 2037.52 1918.87
 16640 8964.34 2181.01 509.884 463.757
 19113.6 6325.05 1018.41 247.777 110.612
 15385.7 8536.72 1749.67 281.717 99.1394
 17516.3 7105.35 2839.98 582.077 126.703
 19908.5 8285.44 2697.91 1078.34 269.125
 33947 9497.93 3298.12 1073.94 536.376
 42171.3 16175.7 3755.45 1304.06 636.712
 55854.1 20544.1 7226.43 1677.73 867.034
 91028.8 27045.2 8875.66 3122.03 1099.41
 109137 43880 11398.8 3740.85 1779.23
 47201 52681.3 18635 4840.87 2344.28
pred_Ctot
 3187.48 3963.27 1473.69 173.612 0.0890797
 3078.12 5562.06 1008.48 374.989 44.1992
 2667.83 9411.12 2606.69 472.628 196.454
 785.973 1274.46 638.891 176.96 45.4219
 269.518 431.534 121.217 60.7664 21.1512
 2015.63 6854.1 1970.59 553.536 374.075
 1957.33 3235.16 1814.38 521.645 245.552
 3567.47 9554.91 2697.43 1512.8 639.677
 4853.9 9739.8 4189.78 1182.81 943.851
 4042.22 9550.77 3016.21 1297.49 658.583
 4336.89 18320.8 6987.52 2206.72 1431.1
 2637.17 8627.07 5142.33 1961.28 1021.07
 4184.65 7934.7 3716.66 2215.39 1284.84
 3941.01 11062.1 2586.13 1211.36 1140.81
 2850.3 5388.64 1311.05 306.501 278.773
 1391.29 2083.13 335.408 81.6043 36.4295
 777.989 2073.46 424.972 68.4254 24.0796
 599.64 1221.46 488.211 100.063 21.781
 563.726 1197.35 389.883 155.834 38.8919
 989.909 1410.24 489.701 159.457 79.6406
 576.362 1174.68 272.721 94.7011 46.238
 1002.46 1936.2 681.06 158.119 81.7143
 1920.18 2969.89 974.657 342.837 120.729
 2197 4610.68 1197.73 393.07 186.952
 933.771 5445.04 1926.08 500.344 242.301
F
 0.0829665 0.457845 0.457845 0.457845 0.457845
 0.0644432 0.355626 0.355626 0.355626 0.355626
 0.0924317 0.510079 0.510079 0.510079 0.510079
 0.0177145 0.097756 0.097756 0.097756 0.097756
 0.00361616 0.0199555 0.0199555 0.0199555 0.0199555
 0.0367166 0.202618 0.202618 0.202618 0.202618
 0.0232149 0.12811 0.12811 0.12811 0.12811
 0.0468399 0.258483 0.258483 0.258483 0.258483
 0.0545217 0.300875 0.300875 0.300875 0.300875
 0.0449258 0.24792 0.24792 0.24792 0.24792
 0.095024 0.524384 0.524384 0.524384 0.524384
 0.0896682 0.494828 0.494828 0.494828 0.494828
 0.143249 0.79051 0.79051 0.79051 0.79051
 0.261619 1.44373 1.44373 1.44373 1.44373
 0.267289 1.47502 1.47502 1.47502 1.47502
 0.106025 0.58509 0.58509 0.58509 0.58509
 0.0725896 0.400581 0.400581 0.400581 0.400581
 0.0486314 0.268369 0.268369 0.268369 0.268369
 0.0400744 0.221148 0.221148 0.221148 0.221148
 0.0412918 0.227866 0.227866 0.227866 0.227866
 0.0191657 0.105765 0.105765 0.105765 0.105765
 0.0252358 0.139262 0.139262 0.139262 0.139262
 0.0297184 0.163999 0.163999 0.163999 0.163999
 0.0283439 0.156414 0.156414 0.156414 0.156414
 0.027848 0.153678 0.153678 0.153678 0.153678
nmprior
 10.6 11 7 0
nm_flota  nm_reclas  nm_pelaces    nm_pelaL
inf 15.0271 19.0709 46.183
cv_recla  cv_pelaces  cv_mph
0.703826 0.513116 0.490698
 ------------------------------------------------
Talla a la edad & desviación 
 7.2 14.2025 17.0495 18.207 18.6776
 1.08 2.13037 2.55742 2.73105 2.80164
