years
 1997 1998 1999 2000 2001 2002 2003 2004 2005 2006 2007 2008 2009 2010 2011 2012 2013 2014 2015 2016 2017 2018 2019 2020 2021
reclasobs
 0 0 0 370054 412103 1.49427e+06 250295 1.28982e+06 931140 785840 897777 1.04006e+06 184774 17550 25797 100020 73551 82996 120727 218422 84188 347160 605670 569463 516374
reclaspred
 1.46511e+06 278757 613279 215729 240576 264133 526899 417622 774251 1.30301e+06 1.27998e+06 768228 450716 226668 147609 135350 143048 210046 207700 226603 411809 390351 582759 609169 543315
pelacesobs
 0 0 0 0 0 0 0 0 0 2.06254e+06 1.5e+06 0 1.87456e+06 323000 250000 174000 83755 137374 0 501740 490994 745055 786931 1.00524e+06 1.33801e+06
pelacespred
 813469 286779 177514 154517 144579 107972 281342 233609 438015 760713 655533 409372 245816 99689.8 63579 65978.1 72465 107313 111863 121208 228100 231725 260692 321491 275689
mphobs
 0 0 0 0 0 112323 0 153150 637223 0 255016 313432 73983 77613 109348 50772 0 0 0 0 0 0 0 0 0
mphpred
 1.11768e+06 512534 417889 276574 168980 274033 297359 443617 477173 942792 1.38175e+06 817868 482824 289635 139356 116964 118454 151018 205720 163972 292066 378470 420679 514055 546362
desembarqueobs
 350755 77701 442110 56441 14545 235359 269955 359681 431902 328805 639364 411747 362871 311530 167758 66681 60226 58785 57116 73181 50977 67692 138656 160484 209506
desembarquepred
 350560 77700.4 441898 56450.6 14564.5 234664 270151 360065 431300 328229 637740 412086 361686 311125 166540 66505.1 60314.4 58814.4 57082.7 73258.6 50976 67665 138844 160609 209414
Reclutas
 35411.5 55315.6 4185.9 7419.37 39873.3 17818.6 60882.7 56063.5 151644 214536 20365.6 36313.3 59655.5 27529.9 19017.5 15116.7 12069.2 18911.8 4020.16 31510.5 36385.6 34189.5 52001.6 52506.5 5569.89
log_desv_Rt
 0.254793 0.700811 -1.88052 -1.30815 0.373463 -0.432003 0.796704 0.71424 1.70929 2.05623 -0.298399 0.27994 0.776342 0.00302971 -0.366884 -0.596445 -0.82159 -0.372461 -1.92092 0.138076 0.281929 0.219674 0.639029 0.648693 -1.59487
SSB
 1.11768e+06 512534 417889 276574 168980 274033 297359 443617 477173 942792 1.38175e+06 817868 482824 289635 139356 116964 118454 151018 205720 163972 292066 378470 420679 514055 546362
BT
 2.26191e+06 684821 573593 360060 374530 395148 1.07575e+06 945449 1.70832e+06 2.26888e+06 1.7881e+06 1.21182e+06 937562 508474 296241 201127 216546 305936 258529 367568 592240 523923 646098 826570 688208
Ftot
 0.231147 0.268894 0.667981 0.252253 0.0591606 0.813326 0.489252 0.79979 0.531301 0.243798 0.47129 0.50663 0.745385 1.20568 1.02093 0.466916 0.40292 0.270254 0.264606 0.311583 0.12053 0.168188 0.230246 0.254443 0.367915
BD_Bspro_t
 0.9657 0.792647 0.668669 0.392075 0.40643 0.585563 0.457609 0.509253 0.488757 0.594196 0.644566 0.44628 0.335053 0.267386 0.165941 0.165738 0.218773 0.337568 0.467226 0.47603 0.63911 0.746511 0.735715 0.711109 0.665434
BD_Bspro
 1.98277 0.909242 0.74134 0.490645 0.299773 0.486139 0.527519 0.786983 0.846511 1.67252 2.45124 1.45091 0.856536 0.513816 0.247219 0.207496 0.210139 0.267908 0.364949 0.290888 0.518129 0.67141 0.746291 0.911941 0.969253
BD_Bo
 1.22188 0.56032 0.456851 0.30236 0.184735 0.299583 0.325084 0.484978 0.521663 1.03069 1.51057 0.894123 0.527841 0.316639 0.152349 0.12787 0.129498 0.165098 0.2249 0.17926 0.319297 0.413756 0.459902 0.561984 0.597303
BD_Brms
 5.94295 2.72527 2.22202 1.47061 0.898508 1.4571 1.58113 2.35882 2.53725 5.01305 7.34708 4.3488 2.56729 1.54006 0.74099 0.621928 0.629849 0.802999 1.09386 0.871878 1.55299 2.01241 2.23685 2.73336 2.90514
S_f
 0.5 1 1 1 1
 0.5 1 1 1 1
 0.5 1 1 1 1
 0.5 1 1 1 1
 0.5 1 1 1 1
 0.5 1 1 1 1
 0.5 1 1 1 1
 0.5 1 1 1 1
 0.5 1 1 1 1
 0.5 1 1 1 1
 0.5 1 1 1 1
 0.5 1 1 1 1
 0.5 1 1 1 1
 0.5 1 1 1 1
 0.5 1 1 1 1
 0.5 1 1 1 1
 0.5 1 1 1 1
 0.5 1 1 1 1
 0.5 1 1 1 1
 0.5 1 1 1 1
 0.5 1 1 1 1
 0.5 1 1 1 1
 0.5 1 1 1 1
 0.5 1 1 1 1
 0.5 1 1 1 1
Scru_reclas
 0.5 1 1 1 1
 0.5 1 1 1 1
 0.5 1 1 1 1
 0.5 1 1 1 1
 0.5 1 1 1 1
 0.5 1 1 1 1
 0.5 1 1 1 1
 0.5 1 1 1 1
 0.5 1 1 1 1
 0.5 1 1 1 1
 0.5 1 1 1 1
 0.5 1 1 1 1
 0.5 1 1 1 1
 0.5 1 1 1 1
 0.5 1 1 1 1
 0.5 1 1 1 1
 0.5 1 1 1 1
 0.5 1 1 1 1
 0.5 1 1 1 1
 0.5 1 1 1 1
 0.5 1 1 1 1
 0.5 1 1 1 1
 0.5 1 1 1 1
 0.5 1 1 1 1
 0.5 1 1 1 1
Scru_pelaces
 0.5 1 1 1 1
 0.5 1 1 1 1
 0.5 1 1 1 1
 0.5 1 1 1 1
 0.5 1 1 1 1
 0.5 1 1 1 1
 0.5 1 1 1 1
 0.5 1 1 1 1
 0.5 1 1 1 1
 0.5 1 1 1 1
 0.5 1 1 1 1
 0.5 1 1 1 1
 0.5 1 1 1 1
 0.5 1 1 1 1
 0.5 1 1 1 1
 0.5 1 1 1 1
 0.5 1 1 1 1
 0.5 1 1 1 1
 0.5 1 1 1 1
 0.5 1 1 1 1
 0.5 1 1 1 1
 0.5 1 1 1 1
 0.5 1 1 1 1
 0.5 1 1 1 1
 0.5 1 1 1 1
pf_obs 
 0.256992 0.487395 0.22802 0.0275931 0
 0.321318 0.546541 0.124235 0.00734118 0.000564706
 0.182869 0.594174 0.210203 0.0122559 0.00049798
 0.330522 0.361315 0.267642 0.0388342 0.00168674
 0.649043 0.306663 0.0425973 0.00169635 0
 0.582887 0.30429 0.105238 0.00758474 0
 0.465427 0.430635 0.0974691 0.00646863 0
 0.296916 0.608066 0.0921331 0.00288517 0
 0.311714 0.524322 0.152257 0.0117073 0
 0.15457 0.633149 0.183074 0.0267441 0.00246327
 0.131901 0.49318 0.331252 0.0422183 0.00144891
 0.196976 0.569456 0.194076 0.0375587 0.00193317
 0.518974 0.381816 0.0799577 0.0180837 0.00116848
 0.0928022 0.601141 0.25162 0.0475244 0.00691264
 0.122501 0.610282 0.24278 0.0234846 0.000952079
 0.383417 0.481906 0.127806 0.00687128 0
 0.0376549 0.599619 0.316969 0.0457579 0
 0.0361596 0.667082 0.258105 0.0386534 0
 0.158088 0.579412 0.248529 0.0139706 0
 0.0477256 0.309471 0.559284 0.082774 0.000745712
 0.0406174 0.521527 0.379366 0.0568643 0.0016247
 0.151134 0.462217 0.34131 0.0453401 0
 0.294876 0.26143 0.354403 0.0886775 0.000613685
 0.281977 0.475581 0.204845 0.0348837 0.00271318
 0.0354234 0.537034 0.353287 0.0723622 0.0018943
pf_pred 
 0.364655 0.319842 0.158829 0.078872 0.077802
 0.507342 0.271371 0.111399 0.0553192 0.0545687
 0.0643524 0.645515 0.159814 0.0656044 0.0647144
 0.274426 0.104337 0.428599 0.106111 0.0865272
 0.736073 0.118364 0.0209319 0.0859848 0.0386467
 0.31621 0.581292 0.0459674 0.00812905 0.0484015
 0.755967 0.132265 0.0950144 0.00751355 0.00924012
 0.54884 0.395822 0.0299931 0.021546 0.00379916
 0.774021 0.170854 0.0483638 0.00366473 0.00309682
 0.635045 0.324459 0.0306171 0.00866682 0.00121168
 0.0858193 0.720979 0.171764 0.0162083 0.00522954
 0.309047 0.12253 0.448293 0.1068 0.0133297
 0.557321 0.225498 0.0385137 0.140907 0.0377592
 0.390509 0.462679 0.0747854 0.0127729 0.0592538
 0.501678 0.324769 0.131748 0.0212952 0.0205097
 0.518802 0.353222 0.0834047 0.0338346 0.010736
 0.44021 0.398578 0.118337 0.0279425 0.0149322
 0.566306 0.277039 0.11154 0.0331162 0.0119983
 0.160649 0.619755 0.140276 0.0564771 0.0228432
 0.737702 0.0766644 0.137067 0.0310238 0.0175427
 0.545406 0.391047 0.0185735 0.0332072 0.0117662
 0.426223 0.409025 0.141722 0.00673133 0.0162991
 0.515961 0.294841 0.134873 0.0467317 0.0075941
 0.455581 0.378284 0.101197 0.046292 0.0186461
 0.0776998 0.592938 0.228854 0.0612222 0.0392861
pobs_RECLAS
 0 0 0 0 0
 0 0 0 0 0
 0 0 0 0 0
 0 0 0 0 0
 0.835266 0.146461 0.0176864 0.000547809 3.91292e-05
 0.385257 0.428462 0.181853 0.0044286 0
 0.867414 0.0963971 0.0333333 0.00285562 0
 0.441836 0.489002 0.0689373 0.000224442 0
 0.779404 0.147425 0.0564933 0.0165055 0.000172143
 0.814271 0.122319 0.05973 0.00367925 0
 0.40263 0.566651 0.0304383 0.000280538 0
 0.475488 0.404961 0.113038 0.00651328 0
 0.955842 0.0263864 0.0167828 0.000988607 0
 0.975058 0.0227948 0.00214734 0 0
 0.738997 0.206755 0.0527124 0.00153531 0
 0.850938 0.134255 0.0134407 0.00136685 0
 0.542534 0.407297 0.0501686 0 0
 0.764087 0.199537 0.0359546 0.000420521 0
 0.470689 0.182191 0.310203 0.0369168 0
 0.84361 0.089868 0.0606195 0.00523954 0.000663233
 0.607945 0.314616 0.071237 0.00620181 0
 0.523733 0.453247 0.0230204 0 0
 0.530135 0.295979 0.169645 0.0042399 0
 0.562478 0.366248 0.0663022 0.0049721 0
 0.250443 0.683176 0.0655157 0.000865301 0
ppred_RECLAS
 0.366582 0.318872 0.158347 0.0786329 0.0775661
 0.509834 0.269998 0.110836 0.0550394 0.0542928
 0.0663456 0.64414 0.159473 0.0654647 0.0645766
 0.276266 0.104072 0.427512 0.105842 0.0863077
 0.736426 0.118206 0.0209039 0.0858697 0.038595
 0.325612 0.573299 0.0453353 0.00801727 0.0477359
 0.759883 0.130142 0.0934898 0.00739298 0.00909185
 0.559246 0.386692 0.0293013 0.021049 0.00371153
 0.778163 0.167722 0.0474773 0.00359756 0.00304006
 0.637095 0.322637 0.0304452 0.00861816 0.00120487
 0.0874261 0.719712 0.171462 0.0161798 0.00522035
 0.313842 0.12168 0.445182 0.106059 0.0132372
 0.566696 0.220723 0.0376981 0.137923 0.0369595
 0.40904 0.448612 0.0725117 0.0123846 0.0574523
 0.516714 0.31497 0.127773 0.0206527 0.0198908
 0.523808 0.349548 0.082537 0.0334826 0.0106243
 0.444292 0.395672 0.117475 0.0277387 0.0148233
 0.568768 0.275467 0.110907 0.0329283 0.0119302
 0.161971 0.618779 0.140055 0.0563882 0.0228072
 0.740007 0.0759906 0.135862 0.0307511 0.0173885
 0.54638 0.39021 0.0185337 0.0331361 0.011741
 0.427623 0.408027 0.141376 0.0067149 0.0162593
 0.518025 0.293583 0.134297 0.0465323 0.00756171
 0.457894 0.376677 0.100767 0.0460953 0.0185669
 0.0787618 0.592256 0.22859 0.0611517 0.0392409
pobs_PELACES
 0 0 0 0 0
 0 0 0 0 0
 0 0 0 0 0
 0 0 0 0 0
 0 0 0 0 0
 0 0 0 0 0
 0 0 0 0 0
 0 0 0 0 0
 0 0 0 0 0
 0 0 0 0 0
 0.450072 0.473896 0.0757376 0.000293798 0
 0 0 0 0 0
 0.463077 0.371075 0.160297 0.00555027 0
 0.529543 0.364841 0.0842815 0.0213345 0
 0.631943 0.363953 0.00410389 0 0
 0.735681 0.248677 0.0153453 0.000297389 0
 0.695825 0.281241 0.0229344 0 0
 0.275771 0.60734 0.115278 0.00161068 0
 0 0 0 0 0
 0.896147 0.0623911 0.0374545 0.00400742 0
 0.803859 0.145111 0.0509908 3.86294e-05 0
 0.739449 0.233085 0.0266225 0.000797448 4.60066e-05
 0.878498 0.100942 0.0204185 0.000141795 0
 0.694673 0.275183 0.0284847 0.00165964 0
 0.469039 0.446079 0.0841089 0.000773354 0
ppred_PELACES
 0.375482 0.314392 0.156122 0.077528 0.0764762
 0.520914 0.263895 0.10833 0.0537952 0.0530654
 0.073508 0.639198 0.15825 0.0649625 0.0640812
 0.284665 0.102865 0.422551 0.104613 0.0853061
 0.738316 0.117358 0.020754 0.0852539 0.0383182
 0.355741 0.547687 0.04331 0.0076591 0.0456033
 0.774302 0.122327 0.0878757 0.00694903 0.00854588
 0.591476 0.358416 0.0271587 0.0195099 0.00344013
 0.792927 0.15656 0.0443176 0.00335814 0.00283774
 0.646343 0.314415 0.0296693 0.00839853 0.00117417
 0.0938326 0.714659 0.170259 0.0160662 0.0051837
 0.332117 0.118439 0.433325 0.103234 0.0128846
 0.596613 0.205483 0.0350953 0.1284 0.0344077
 0.45785 0.411558 0.0665226 0.0113616 0.052707
 0.558563 0.287695 0.116709 0.0188643 0.0181684
 0.54298 0.335474 0.079214 0.0321345 0.0101966
 0.460761 0.383946 0.113993 0.0269167 0.014384
 0.57967 0.268503 0.108103 0.0320958 0.0116286
 0.167985 0.614338 0.13905 0.0559835 0.0226435
 0.749776 0.0731354 0.130758 0.0295957 0.0167352
 0.551304 0.385974 0.0183325 0.0327764 0.0116135
 0.434429 0.403175 0.139695 0.00663506 0.016066
 0.527503 0.28781 0.131657 0.0456173 0.00741301
 0.468332 0.369424 0.0988271 0.0452077 0.0182094
 0.0832807 0.58935 0.227469 0.0608518 0.0390484
pobs_pel_tallas
 0 0 0 0 0 0 0 0 0 0 0 0 0 0 0 0 0 0 0 0 0 0 0 0 0 0 0 0 0 0 0 0 0 0 0 0
 0 0 0 0 0 0 0 0 0 0 0 0 0 0 0 0 0 0 0 0 0 0 0 0 0 0 0 0 0 0 0 0 0 0 0 0
 0 0 0 0 0 0 0 0 0 0 0 0 0 0 0 0 0 0 0 0 0 0 0 0 0 0 0 0 0 0 0 0 0 0 0 0
 0 0 0 0 0 0 0 0 0 0 0 0 0 0 0 0 0 0 0 0 0 0 0 0 0 0 0 0 0 0 0 0 0 0 0 0
 0 0 0 0 0 0 0 0 0 0 0 0 0 0 0 0 0 0 0 0 0 0 0 0 0 0 0 0 0 0 0 0 0 0 0 0
 0 0 0 0 0 0 0 0 0 0 0 0 0 0 0 0 0 0 0 0 0 0 0 0 0 0 0 0 0 0 0 0 0 0 0 0
 0 0 0 0 0 0 0 0 0 0 0 0 0 0 0 0 0 0 0 0 0 0 0 0 0 0 0 0 0 0 0 0 0 0 0 0
 0 0 0 0 0 0 0 0 0 0 0 0 0 0 0 0 0 0 0 0 0 0 0 0 0 0 0 0 0 0 0 0 0 0 0 0
 0 0 0 0 0 0 0 0 0 0 0 0 0 0 0 0 0 0 0 0 0 0 0 0 0 0 0 0 0 0 0 0 0 0 0 0
 0 0 0 0 0 0 0 0 0 0 0 0 0 0 0 0 0 0 0 0 0 0 0 0 0 0 0 0 0 0 0 0 0 0 0 0
 0 0 0 0 0 0 0 0 1.78061e-05 0.00172719 0.00360574 0.0105946 0.0120993 0.0124554 0.0147524 0.0171206 0.0266825 0.0428682 0.0675386 0.121331 0.153587 0.119568 0.100827 0.0573624 0.0630603 0.0341343 0.0324427 0.0444173 0.0211091 0.0280891 0.0125444 0.00206551 0 0 0 0
 0 0 0 0 0 0 0 0 0 0 0 0 0 0 0 0 0 0 0 0 0 0 0 0 0 0 0 0 0 0 0 0 0 0 0 0
 0 0 0 0 0 0 0.0133647 0.0140871 0.0187388 0.0205184 0.03894 0.0496705 0.03968 0.0493445 0.0407372 0.0367815 0.0215668 0.0243155 0.0234873 0.0199281 0.019796 0.0243948 0.0301388 0.0376714 0.0412746 0.0863199 0.0771752 0.113111 0.0741005 0.0525337 0.0229764 0.00759418 0.00175318 0 0 0
 0 0 0 0 0 0 0 0 0 0 0.00219441 0.00772107 0.0458388 0.0604681 0.0671733 0.0775358 0.0609151 0.0617685 0.073594 0.0568108 0.0755445 0.0548602 0.0670107 0.0636378 0.0643287 0.046367 0.0373049 0.0286899 0.0247887 0.0153202 0.00654259 0.00121912 0.000365735 0 0 0
 0 0 0 0 0 0 0 0 0 0 0 0 0.000112435 0.00938835 0.0111873 0.0202946 0.0414886 0.0713402 0.111592 0.104902 0.108894 0.110636 0.117776 0.105296 0.107544 0.0401394 0.0192827 0.0124803 0.00416011 0.0028671 0.000618394 0 0 0 0 0
 0 0 0 0 0 0 0 0 0 0 0.00291406 0.0102884 0.027416 0.0768956 0.0749926 0.110853 0.0956884 0.0897413 0.0766577 0.0534642 0.0500743 0.0551293 0.0594112 0.0620874 0.0668451 0.0424026 0.0208742 0.0120726 0.0048766 0.00582813 0.00118941 0.000297354 0 0 0 0
 0 0.00264628 0.0354308 0.0461629 0.0458689 0.0383711 0.0214643 0.0164657 0.0346957 0.0420465 0.0363128 0.0245516 0.0311673 0.0291091 0.0169068 0.0133784 0.00837989 0.0085269 0.0148486 0.0160247 0.0276389 0.0546898 0.0760071 0.122758 0.109233 0.0665981 0.0333725 0.0166128 0.00676272 0.00308733 0.000882094 0 0 0 0 0
 0 0 0 0 0 0 0 0.000805153 0.000690131 0.00759144 0.0133425 0.0154129 0.00931677 0.000345066 0.00356568 0.00563607 0.00851162 0.0253048 0.0502646 0.0516448 0.0657925 0.0565908 0.0611916 0.0827007 0.0866115 0.110766 0.145733 0.0935128 0.0569358 0.0249597 0.0138026 0.00621118 0.00161031 0.00115022 0 0
 0 0 0 0 0 0 0 0 0 0 0 0 0 0 0 0 0 0 0 0 0 0 0 0 0 0 0 0 0 0 0 0 0 0 0 0
 0.00147267 0.00158595 0.00478618 0.00569244 0.00954404 0.0108468 0.00647125 0.017049 0.0510054 0.094081 0.124002 0.0959785 0.0687766 0.0820023 0.061753 0.0591476 0.0492212 0.0479892 0.0443925 0.0268479 0.0217502 0.0140895 0.0121071 0.0120363 0.00920419 0.00665534 0.0049561 0.00860946 0.00930331 0.0156896 0.0114698 0.00855282 0.00243557 0.00046729 0 2.83206e-05
 0 0 0 0 0.000772559 0.00158375 0.000888443 0.00281984 0.00712685 0.0440552 0.0773331 0.111326 0.0921469 0.0852325 0.0710754 0.0886704 0.0786465 0.0553345 0.0373146 0.0185414 0.00753245 0.00457741 0.012979 0.0271748 0.0457355 0.0583668 0.034881 0.0177882 0.00938659 0.00492506 0.0015258 0.00185414 0.000309023 5.79419e-05 3.86279e-05 0
 0 0.00173294 0.00326652 0 0.00397197 0.00683976 0.00946217 0.0152591 0.00757587 0.0136028 0.0228656 0.0392903 0.0559909 0.0764795 0.0681675 0.0726916 0.0566044 0.0477403 0.0527397 0.0444891 0.0609904 0.0582453 0.0661739 0.0445044 0.0529084 0.0360697 0.0280645 0.0235558 0.0158879 0.00826598 0.00280645 0.00217768 0.000904811 0.00058276 9.20147e-05 0
 0 0 0 0 0 0 0 0 0 0 0 0 0 0 0 0 0 0 0 0 0 0 0 0 0 0 0 0 0 0 0 0 0 0 0 0
 0 0 0 0 0 0 0 0 0 0 0 0 0 0 0 0 0 0 0 0 0 0 0 0 0 0 0 0 0 0 0 0 0 0 0 0
 0 0 0 0 0 0 0 0 0 0 0 0 0 0 0 0 0 0 0 0 0 0 0 0 0 0 0 0 0 0 0 0 0 0 0 0
ppred_pel_tallas
 1.08556e-16 1.63983e-05 9.62045e-05 0.00045723 0.00176022 0.00548896 0.0138649 0.0283714 0.0470363 0.0631911 0.0688242 0.0608501 0.0438693 0.0262311 0.0139101 0.00814926 0.00728636 0.00931987 0.013005 0.0177261 0.0230857 0.0286676 0.0339939 0.0385871 0.0420627 0.0442036 0.0449896 0.0445703 0.0431976 0.0411442 0.0386383 0.0358324 0.0328099 0.0296136 0.0262808 0.0228686
 1.05952e-16 2.27377e-05 0.000133427 0.000634203 0.00244163 0.00761391 0.0192323 0.0393531 0.0652368 0.0876254 0.0953913 0.0842312 0.0604904 0.0356969 0.018064 0.00922454 0.00677646 0.00786294 0.0107197 0.0145243 0.0188422 0.0232938 0.027469 0.0309669 0.0334727 0.0348206 0.0350186 0.0342235 0.0326812 0.0306534 0.0283586 0.0259419 0.0234773 0.0209922 0.018498 0.0160148
 1.07681e-16 3.24402e-06 1.89474e-05 8.98746e-05 0.000345699 0.00107774 0.00272298 0.00557664 0.00926313 0.0124983 0.0137541 0.0124971 0.00974259 0.00729465 0.00655006 0.00802081 0.0116491 0.0172388 0.0245802 0.0333423 0.0429491 0.0525609 0.0611785 0.0678325 0.0717964 0.0727479 0.0708284 0.0665745 0.0607574 0.0541833 0.0475261 0.0412335 0.0355192 0.030417 0.0258624 0.0217666
 1.13613e-16 1.24303e-05 7.29269e-05 0.000346606 0.00133436 0.00416096 0.0105103 0.0215061 0.0356516 0.0478879 0.0521347 0.046042 0.0330808 0.0195582 0.00997705 0.00525638 0.00412933 0.00510623 0.00732494 0.010467 0.0144437 0.0191909 0.0245877 0.0304382 0.0364789 0.0423948 0.0478405 0.0524639 0.0559342 0.0579762 0.0584051 0.0571583 0.0543147 0.0500914 0.0448201 0.0389014
 1.05053e-16 3.22113e-05 0.00018906 0.000898716 0.00346012 0.0107901 0.0272548 0.0557666 0.0924379 0.124137 0.135074 0.119117 0.0852069 0.0496046 0.0238457 0.0101183 0.00488974 0.00401178 0.00495447 0.00663045 0.00863177 0.0107489 0.0128034 0.0146289 0.0160959 0.0171353 0.017746 0.0179809 0.0179199 0.0176379 0.0171829 0.0165686 0.0157832 0.0148073 0.013633 0.0122765
 1.03188e-16 1.55468e-05 9.11843e-05 0.000433317 0.00166807 0.00520153 0.0131392 0.0268882 0.0445842 0.0599175 0.0653135 0.0578758 0.0420067 0.02568 0.0146382 0.0101512 0.0107258 0.014505 0.020268 0.0272765 0.0348738 0.0422831 0.0486288 0.0530871 0.0550703 0.0543677 0.051194 0.0461224 0.0399334 0.0334271 0.0272629 0.021867 0.017418 0.0138961 0.0111607 0.00902842
 1.01926e-16 3.3781e-05 0.000198274 0.000942518 0.00362877 0.011316 0.0285832 0.0584847 0.0969434 0.130188 0.141658 0.124923 0.0893606 0.0520237 0.0250106 0.0106162 0.00513532 0.00421676 0.0052049 0.00695458 0.00902939 0.0111962 0.0132491 0.0149902 0.0162583 0.0169578 0.017073 0.0166598 0.0158227 0.0146833 0.0133549 0.0119274 0.0104655 0.00901497 0.00761093 0.00628461
 1.01334e-16 2.58183e-05 0.000151505 0.000720124 0.00277242 0.00864544 0.021838 0.0446851 0.0740771 0.0995033 0.108332 0.0956807 0.0687627 0.0406773 0.0207622 0.0108819 0.00831184 0.00979596 0.0132943 0.0178054 0.0227382 0.0275437 0.0316395 0.0344827 0.035687 0.035114 0.0329059 0.0294417 0.0252383 0.020828 0.0166526 0.0130016 0.0100021 0.00764869 0.0058542 0.00449912
 1.00929e-16 3.45944e-05 0.000203046 0.0009652 0.00371609 0.0115883 0.0292711 0.0598924 0.0992774 0.133324 0.145077 0.127952 0.091558 0.0533642 0.025768 0.011128 0.00565561 0.00489399 0.00611148 0.00810849 0.0103961 0.012683 0.0147046 0.0162171 0.0170392 0.0170918 0.0164126 0.0151408 0.0134773 0.0116352 0.00979767 0.00809224 0.00658659 0.00529937 0.00421852 0.00331871
 1.00868e-16 2.8209e-05 0.000165544 0.000786879 0.00302946 0.00944702 0.0238626 0.0488273 0.0809416 0.108717 0.118344 0.10448 0.0749908 0.0441691 0.0221897 0.0110557 0.00775623 0.00870985 0.0116862 0.0156228 0.0199435 0.0241521 0.0277334 0.0302086 0.0312366 0.0306942 0.0287051 0.0256021 0.0218414 0.0178942 0.014154 0.0108817 0.00819568 0.00609688 0.00451224 0.00333766
 1.03444e-16 4.13355e-06 2.41622e-05 0.00011465 0.000441062 0.0013751 0.00347418 0.00711423 0.0118138 0.0159297 0.0175037 0.0158415 0.0122171 0.00890066 0.00763038 0.00900502 0.0128927 0.018993 0.027012 0.036539 0.0468974 0.0571198 0.0660639 0.0726299 0.0760039 0.0758437 0.0723494 0.066187 0.0583051 0.0497046 0.0412392 0.0334982 0.0267842 0.0211651 0.0165597 0.0128228
 1.10339e-16 1.45003e-05 8.50774e-05 0.000404366 0.00155674 0.00485446 0.012262 0.0250904 0.041593 0.0558672 0.0608181 0.0537023 0.0385662 0.022763 0.0115382 0.00595174 0.0045086 0.00544811 0.00773629 0.0109694 0.0150104 0.0197543 0.0250393 0.0306321 0.0362435 0.0415513 0.0462261 0.0499554 0.0524679 0.0535601 0.0531224 0.0511615 0.0478118 0.0433256 0.0380463 0.0323625
 1.06585e-16 2.6036e-05 0.000152797 0.0007263 0.00279625 0.00871981 0.0220256 0.0450679 0.0747073 0.100337 0.109204 0.0963694 0.0690789 0.0405061 0.0200175 0.00943488 0.0059576 0.00627544 0.00835618 0.0112879 0.0146538 0.0181478 0.0214603 0.0242945 0.0264221 0.0277288 0.0282287 0.0280415 0.0273426 0.026305 0.0250559 0.0236581 0.0221204 0.0204235 0.0185522 0.0165176
 1.03932e-16 1.99938e-05 0.000117304 0.000557523 0.00214634 0.00669304 0.0169064 0.0345952 0.0573547 0.0770539 0.0839241 0.0742034 0.0535018 0.0320002 0.016981 0.00995249 0.00887156 0.0112681 0.0155774 0.020983 0.0269195 0.0327937 0.03795 0.0417671 0.0437918 0.043843 0.0420486 0.0387982 0.0346339 0.0301155 0.0257058 0.0217056 0.0182467 0.0153278 0.0128707 0.0107743
 1.03248e-16 2.43805e-05 0.000143069 0.000680036 0.00261809 0.00816419 0.0206223 0.0421973 0.0699517 0.0939584 0.102286 0.0903191 0.0648625 0.0382768 0.019368 0.00988502 0.00724799 0.00838651 0.0113975 0.015383 0.0198565 0.0243876 0.0285138 0.0317874 0.0338631 0.0345709 0.0339446 0.0321955 0.0296456 0.0266427 0.0234885 0.0203979 0.0174934 0.014825 0.0124009 0.0102148
 1.02815e-16 2.37029e-05 0.000139087 0.000661093 0.00254514 0.00793669 0.0200477 0.0410219 0.0680049 0.0913482 0.0994564 0.0878501 0.063153 0.0373956 0.0191569 0.0101579 0.00790998 0.00943827 0.0128854 0.0173464 0.0222891 0.027214 0.0315816 0.0348782 0.0367222 0.0369484 0.0356402 0.0330937 0.0297322 0.0260005 0.0222742 0.0188075 0.0157269 0.0130574 0.0107641 0.00879139
 1.03341e-16 2.01197e-05 0.000118046 0.000561053 0.00215994 0.00673545 0.0170135 0.0348142 0.057717 0.0775384 0.0844457 0.0746503 0.0537932 0.032113 0.0169301 0.00975295 0.00851838 0.0107389 0.0148482 0.0200459 0.025798 0.0315516 0.0366919 0.0406273 0.0429122 0.0433454 0.0420066 0.0392185 0.0354511 0.0312033 0.0269009 0.0228389 0.0191721 0.0159442 0.0131329 0.010691
 1.03269e-16 2.53e-05 0.00014847 0.000705714 0.00271696 0.00847253 0.0214011 0.0437906 0.0725921 0.0975022 0.106136 0.0937015 0.0672533 0.0396106 0.0199005 0.0099237 0.00698926 0.00790064 0.0106814 0.0144111 0.0186116 0.0228773 0.0267766 0.0298925 0.0319026 0.0326461 0.0321511 0.0306097 0.0283155 0.0255861 0.0226963 0.019841 0.0171315 0.0146141 0.0122992 0.010186
 1.05156e-16 7.36271e-06 4.31299e-05 0.000204846 0.000788374 0.00245821 0.00620989 0.0127109 0.0210874 0.0283733 0.0310168 0.0276944 0.0205564 0.0134744 0.00930262 0.00881016 0.0114623 0.0165098 0.0234056 0.0316805 0.0407252 0.0497108 0.0576654 0.0636519 0.0669742 0.0673339 0.0648886 0.0601858 0.0540057 0.0471664 0.0403567 0.0340418 0.0284499 0.0236216 0.0194871 0.0159384
 1.03679e-16 3.27096e-05 0.000191988 0.000912645 0.00351377 0.0109574 0.0276774 0.0566309 0.0938693 0.126056 0.137153 0.12093 0.0864578 0.0502416 0.0239831 0.00989138 0.00436896 0.00320205 0.00383486 0.00519579 0.00692221 0.00886512 0.0109054 0.0129166 0.0147728 0.0163642 0.0176068 0.0184453 0.0188492 0.0188084 0.0183298 0.0174385 0.0161812 0.0146269 0.012866 0.0110013
 1.02055e-16 2.40677e-05 0.000141224 0.000671246 0.00258422 0.00805854 0.0203555 0.0416521 0.0690507 0.0927564 0.100999 0.0892334 0.0641934 0.0381033 0.0196861 0.0107028 0.00863636 0.0104676 0.0142961 0.0191679 0.0244857 0.0296703 0.0340992 0.0371926 0.038539 0.0379936 0.0357115 0.0321009 0.0277144 0.0231176 0.0187749 0.0149847 0.01187 0.00941358 0.00751357 0.00603869
 1.03094e-16 1.89724e-05 0.000111308 0.000529016 0.00203659 0.00635076 0.0160419 0.0328263 0.0544226 0.0731165 0.0796403 0.0704271 0.0508039 0.0304367 0.0162446 0.00967001 0.00878798 0.0112688 0.0156395 0.0211317 0.0272067 0.0332877 0.0387267 0.0428973 0.0453246 0.0457887 0.0443657 0.0413883 0.0373481 0.0327718 0.028115 0.0237 0.019705 0.016191 0.0131471 0.0105318
 1.03877e-16 2.30262e-05 0.000135118 0.000642235 0.00247255 0.00771032 0.0194758 0.0398515 0.0660637 0.088738 0.0966073 0.0853163 0.0612945 0.0362212 0.0184212 0.00955635 0.00720185 0.00846888 0.0115679 0.0156523 0.0202564 0.0249589 0.0293006 0.0328326 0.035203 0.036228 0.0359221 0.0344728 0.0321764 0.029357 0.0262979 0.0232041 0.0201985 0.0173413 0.0146595 0.0121707
 1.03928e-16 2.04492e-05 0.000119982 0.00057026 0.0021954 0.00684602 0.0172928 0.0353855 0.0586635 0.0788079 0.0858233 0.075856 0.0546356 0.0325629 0.0170705 0.00968212 0.00829117 0.0103629 0.0143049 0.0193131 0.024865 0.0304297 0.0354191 0.0392685 0.0415535 0.0420831 0.0409344 0.0384148 0.0349692 0.0310663 0.0271015 0.0233428 0.0199247 0.0168778 0.0141747 0.0117705
 1.07337e-16 3.66838e-06 2.14428e-05 0.000101747 0.000391424 0.00122034 0.00308312 0.00631317 0.0104827 0.014132 0.0155212 0.0140305 0.010785 0.00779218 0.00658627 0.00769149 0.0109895 0.0162247 0.023166 0.0315025 0.0407106 0.0500235 0.058518 0.0652843 0.0696202 0.0711798 0.070033 0.0666098 0.0615623 0.0555919 0.0493022 0.0431179 0.0372753 0.0318656 0.0269002 0.0223665
pSPR Fmed_Fpbrs
0.528742   0.255602 0.255602
Fs Fmed_Fpbrs
0.363435   1.005 1.005
SSBpbr Bo_Bmed_Bpbrs
914716  437913  188067 188067
Ro
27446.7
SPR SPRFo_SPRFmed_SPRFpbrs
563694 298048 144081
log_Ro
10.04
likeval ReclasPelacesDesembMPH_pf_preclas_ppelaces_ptallas_desvR_qrecl_qpela
 114.082 105.953 0.52044 0.00058968 368.292 216.158 89.6217 0 32.928 0 0 0 0 0 0
q_reclas_q_pelaces
1 1
M
0.7
N
 35411.5 16317.6 8103.08 4023.87 3969.28
 55315.6 15665.5 6430.79 3193.44 3150.11
 4185.9 24013.3 5945.11 2440.5 2407.39
 7419.37 1488.44 6114.28 1513.75 1234.37
 39873.3 3247.77 574.347 2359.32 1060.42
 17818.6 19223.4 1520.15 268.828 1600.64
 60882.7 5891.9 4232.54 334.7 411.613
 56063.5 23672.7 1793.78 1288.59 227.214
 151644 18663.9 5283.2 400.331 338.293
 214536 57736.4 5448.22 1542.23 215.614
 20365.6 94309.1 22468 2120.16 684.061
 36313.3 7990.08 29232.7 6964.32 869.215
 59655.5 13997.4 2390.66 8746.54 2343.83
 27529.9 20407.3 3298.56 563.373 2613.5
 19017.5 7481.5 3035 490.565 472.468
 15116.7 5668.33 1338.44 542.96 172.286
 12069.2 5943.76 1764.7 416.69 222.674
 18911.8 4899.8 1972.74 585.704 212.205
 4020.16 8204.29 1856.96 747.641 302.397
 31510.5 1748.96 3126.93 707.75 400.205
 36385.6 13390.3 635.995 1137.08 402.9
 34189.5 17011.8 5894.38 279.964 677.899
 52001.6 15608.6 7140.06 2473.94 402.026
 52506.5 23015.1 6156.93 2816.44 1134.44
 5569.89 22959.1 8861.43 2370.58 1521.2
pred_Ctot
 2798.17 2454.29 1218.77 605.221 597.011
 5043.46 2697.68 1107.41 549.925 542.464
 871.309 8740.05 2163.82 888.261 876.211
 636.888 242.146 994.695 246.262 200.813
 837.238 134.632 23.8088 97.8024 43.9582
 4382.67 8056.72 637.109 112.669 670.845
 9636.12 1685.95 1211.12 95.7733 117.781
 13597.6 9806.53 743.084 533.805 94.1247
 25834.1 5702.49 1614.21 122.316 103.361
 17831.3 9110.39 859.69 243.353 34.0223
 3116.8 26184.7 6238.17 588.656 189.928
 5929.8 2351.04 8601.56 2049.21 255.762
 13636.3 5517.38 942.334 3447.65 923.872
 9276.67 10991.1 1776.55 303.424 1407.59
 5629.48 3644.33 1478.39 238.96 230.145
 2294.15 1561.96 368.817 149.617 47.4749
 1602.22 1450.7 430.711 101.702 54.3483
 1732.51 847.551 341.237 101.313 36.7065
 361.031 1392.8 315.246 126.923 51.3363
 3298.68 342.809 612.903 138.725 78.4433
 1535.73 1101.09 52.2983 93.5034 33.1307
 1992.79 1912.39 662.617 31.4722 76.206
 4093.88 2339.41 1070.14 370.791 60.2552
 4544.2 3773.19 1009.39 461.74 185.985
 680.241 5191.02 2003.55 535.984 343.939
F
 0.115574 0.231147 0.231147 0.231147 0.231147
 0.134447 0.268894 0.268894 0.268894 0.268894
 0.333991 0.667981 0.667981 0.667981 0.667981
 0.126127 0.252253 0.252253 0.252253 0.252253
 0.0295803 0.0591606 0.0591606 0.0591606 0.0591606
 0.406663 0.813326 0.813326 0.813326 0.813326
 0.244626 0.489252 0.489252 0.489252 0.489252
 0.399895 0.79979 0.79979 0.79979 0.79979
 0.26565 0.531301 0.531301 0.531301 0.531301
 0.121899 0.243798 0.243798 0.243798 0.243798
 0.235645 0.47129 0.47129 0.47129 0.47129
 0.253315 0.50663 0.50663 0.50663 0.50663
 0.372693 0.745385 0.745385 0.745385 0.745385
 0.602841 1.20568 1.20568 1.20568 1.20568
 0.510465 1.02093 1.02093 1.02093 1.02093
 0.233458 0.466916 0.466916 0.466916 0.466916
 0.20146 0.40292 0.40292 0.40292 0.40292
 0.135127 0.270254 0.270254 0.270254 0.270254
 0.132303 0.264606 0.264606 0.264606 0.264606
 0.155792 0.311583 0.311583 0.311583 0.311583
 0.0602649 0.12053 0.12053 0.12053 0.12053
 0.0840939 0.168188 0.168188 0.168188 0.168188
 0.115123 0.230246 0.230246 0.230246 0.230246
 0.127221 0.254443 0.254443 0.254443 0.254443
 0.183957 0.367915 0.367915 0.367915 0.367915
nmprior
 10.6 11 7 0
nm_flota  nm_reclas  nm_pelaces    nm_pelaL
inf 13.8053 7.35957 13.3939
cv_recla  cv_pelaces  cv_mph
0.966127 1.16716 0.787855
 ------------------------------------------------
Talla a la edad & desviación 
 7.2 14.2025 17.0495 18.207 18.6776
 1.08 2.13037 2.55742 2.73105 2.80164
