years
 1997 1998 1999 2000 2001 2002 2003 2004 2005 2006 2007 2008 2009 2010 2011 2012 2013 2014 2015 2016 2017 2018 2019 2020 2021
reclasobs
 0 0 0 370054 412103 1.49427e+06 250295 1.28982e+06 931140 785840 897777 1.04006e+06 184774 17550 25797 100020 73551 82996 120727 218422 84188 347160 605670 569463 516374
reclaspred
 2.64801e+06 353342 561169 188182 247407 319135 615772 514761 791780 1.14374e+06 1.20337e+06 798252 445222 202500 130255 120920 131271 169421 165107 218642 385377 383460 607003 664440 589621
pelacesobs
 0 0 0 0 0 0 0 0 0 2.06254e+06 1.5e+06 0 1.87456e+06 323000 250000 174000 83755 137374 0 501740 490994 745055 786931 1.00524e+06 1.33801e+06
pelacespred
 1.18698e+06 461268 172269 134524 144127 133530 319990 300533 442438 665403 619052 424945 237877 86447.7 54475 57664 65355.4 84823.8 86694.9 110456 215173 224618 269558 349212 302711
mphobs
 0 0 0 0 0 112323 0 153150 637223 0 255016 313432 73983 77613 109348 50772 0 0 0 0 0 0 0 0 0
mphpred
 1.88862e+06 836937 418217 240201 153274 309606 362930 512093 562064 866861 1.2025e+06 859504 492851 265363 122108 103487 107083 133641 151958 154593 270220 364589 424720 555585 594332
desembarqueobs
 350755 77701 442110 56441 14545 235359 269955 359681 431902 328805 639364 411747 362871 311530 167758 66681 60226 58785 57116 73181 50977 67692 138656 160484 209506
desembarquepred
 350734 77680.8 441695 56424.4 14544 235215 269850 359302 431573 328606 638727 411435 362410 311133 167506 66649.2 60211 58756.7 57081.2 73132.5 50965.2 67660.8 138590 160412 209414
Reclutas
 16487 20476.6 4641.36 9523.62 48095.6 22095.5 60055 70678.2 128062 179486 66710.2 29710 49614.5 27911.8 19414.9 14838.9 11807.2 12145.3 10662.6 27077.2 36803 36019.5 59609.9 53855.4 4252.85
log_desv_Rt
 -0.509673 -0.29296 -1.77724 -1.05847 0.560946 -0.216872 0.783016 0.945893 1.54027 1.87785 0.888113 0.0792384 0.592039 0.0168041 -0.346205 -0.61499 -0.843538 -0.815305 -0.945507 -0.0135525 0.293334 0.271815 0.775577 0.674058 -1.86466
SSB
 1.88862e+06 836937 418217 240201 153274 309606 362930 512093 562064 866861 1.2025e+06 859504 492851 265363 122108 103487 107083 133641 151958 154593 270220 364589 424720 555585 594332
BT
 2.60611e+06 1.00049e+06 584564 330070 394638 443555 1.14107e+06 1.11804e+06 1.6352e+06 1.99407e+06 1.85548e+06 1.21919e+06 895632 484202 279051 184834 202020 240797 228197 332233 570681 512938 673168 878676 732491
Ftot
 0.128759 0.212535 0.725234 0.288388 0.0574587 0.684352 0.419499 0.65611 0.518956 0.27745 0.501852 0.487377 0.754022 1.33022 1.15046 0.521667 0.437305 0.333023 0.331648 0.321964 0.128723 0.171179 0.22082 0.233301 0.339777
BD_Bspro_t
 0.979926 0.855704 0.668124 0.372914 0.422445 0.654525 0.513958 0.548607 0.526897 0.575119 0.618141 0.461029 0.337837 0.246126 0.146479 0.149645 0.203121 0.309148 0.392922 0.45909 0.617395 0.736247 0.735252 0.724714 0.681202
BD_Bspro
 3.35044 1.48474 0.741922 0.42612 0.27191 0.549246 0.643842 0.908459 0.997108 1.53782 2.13326 1.52477 0.874324 0.470758 0.216621 0.183586 0.189966 0.23708 0.269576 0.274249 0.479374 0.646785 0.753459 0.985615 1.05435
BD_Bo
 1.90257 0.84312 0.421306 0.241976 0.154406 0.311894 0.365611 0.515876 0.566216 0.873265 1.21139 0.865853 0.496492 0.267324 0.12301 0.104251 0.107874 0.134628 0.153081 0.155735 0.272217 0.367282 0.427858 0.55969 0.598723
BD_Brms
 9.25367 4.10074 2.04914 1.17691 0.750995 1.51698 1.77825 2.5091 2.75394 4.24736 5.8919 4.21131 2.41482 1.3002 0.598292 0.507053 0.524672 0.654799 0.744549 0.757457 1.324 1.78637 2.081 2.7222 2.91205
S_f
 0.5 1 1 1 1
 0.5 1 1 1 1
 0.5 1 1 1 1
 0.5 1 1 1 1
 0.5 1 1 1 1
 0.5 1 1 1 1
 0.5 1 1 1 1
 0.5 1 1 1 1
 0.5 1 1 1 1
 0.5 1 1 1 1
 0.5 1 1 1 1
 0.5 1 1 1 1
 0.5 1 1 1 1
 0.5 1 1 1 1
 0.5 1 1 1 1
 0.5 1 1 1 1
 0.5 1 1 1 1
 0.5 1 1 1 1
 0.5 1 1 1 1
 0.5 1 1 1 1
 0.5 1 1 1 1
 0.5 1 1 1 1
 0.5 1 1 1 1
 0.5 1 1 1 1
 0.5 1 1 1 1
Scru_reclas
 0.5 1 1 1 1
 0.5 1 1 1 1
 0.5 1 1 1 1
 0.5 1 1 1 1
 0.5 1 1 1 1
 0.5 1 1 1 1
 0.5 1 1 1 1
 0.5 1 1 1 1
 0.5 1 1 1 1
 0.5 1 1 1 1
 0.5 1 1 1 1
 0.5 1 1 1 1
 0.5 1 1 1 1
 0.5 1 1 1 1
 0.5 1 1 1 1
 0.5 1 1 1 1
 0.5 1 1 1 1
 0.5 1 1 1 1
 0.5 1 1 1 1
 0.5 1 1 1 1
 0.5 1 1 1 1
 0.5 1 1 1 1
 0.5 1 1 1 1
 0.5 1 1 1 1
 0.5 1 1 1 1
Scru_pelaces
 0.5 1 1 1 1
 0.5 1 1 1 1
 0.5 1 1 1 1
 0.5 1 1 1 1
 0.5 1 1 1 1
 0.5 1 1 1 1
 0.5 1 1 1 1
 0.5 1 1 1 1
 0.5 1 1 1 1
 0.5 1 1 1 1
 0.5 1 1 1 1
 0.5 1 1 1 1
 0.5 1 1 1 1
 0.5 1 1 1 1
 0.5 1 1 1 1
 0.5 1 1 1 1
 0.5 1 1 1 1
 0.5 1 1 1 1
 0.5 1 1 1 1
 0.5 1 1 1 1
 0.5 1 1 1 1
 0.5 1 1 1 1
 0.5 1 1 1 1
 0.5 1 1 1 1
 0.5 1 1 1 1
pf_obs 
 0.256992 0.487395 0.22802 0.0275931 0
 0.321318 0.546541 0.124235 0.00734118 0.000564706
 0.182869 0.594174 0.210203 0.0122559 0.00049798
 0.330522 0.361315 0.267642 0.0388342 0.00168674
 0.649043 0.306663 0.0425973 0.00169635 0
 0.582887 0.30429 0.105238 0.00758474 0
 0.465427 0.430635 0.0974691 0.00646863 0
 0.296916 0.608066 0.0921331 0.00288517 0
 0.311714 0.524322 0.152257 0.0117073 0
 0.15457 0.633149 0.183074 0.0267441 0.00246327
 0.131901 0.49318 0.331252 0.0422183 0.00144891
 0.196976 0.569456 0.194076 0.0375587 0.00193317
 0.518974 0.381816 0.0799577 0.0180837 0.00116848
 0.0928022 0.601141 0.25162 0.0475244 0.00691264
 0.122501 0.610282 0.24278 0.0234846 0.000952079
 0.383417 0.481906 0.127806 0.00687128 0
 0.0376549 0.599619 0.316969 0.0457579 0
 0.0361596 0.667082 0.258105 0.0386534 0
 0.158088 0.579412 0.248529 0.0139706 0
 0.0477256 0.309471 0.559284 0.082774 0.000745712
 0.0406174 0.521527 0.379366 0.0568643 0.0016247
 0.151134 0.462217 0.34131 0.0453401 0
 0.294876 0.26143 0.354403 0.0886775 0.000613685
 0.281977 0.475581 0.204845 0.0348837 0.00271318
 0.0354234 0.537034 0.353287 0.0723622 0.0018943
pf_pred 
 0.103612 0.589907 0.270726 0.0357528 2.20869e-06
 0.21257 0.152279 0.417989 0.191828 0.0253348
 0.0965991 0.329328 0.111018 0.304733 0.158321
 0.398711 0.126313 0.173149 0.0583695 0.243458
 0.77833 0.130855 0.0190775 0.0261513 0.0455862
 0.32387 0.593033 0.0490535 0.00715157 0.0268922
 0.69443 0.16513 0.12318 0.010189 0.0070713
 0.582682 0.349312 0.0367505 0.0274143 0.00384136
 0.685224 0.243182 0.0599272 0.00630483 0.00536215
 0.618453 0.318717 0.04854 0.0119617 0.00232877
 0.270634 0.567674 0.135066 0.0205703 0.00605601
 0.227615 0.357144 0.323187 0.0768954 0.0151589
 0.502177 0.201507 0.137014 0.123987 0.0353155
 0.430116 0.408543 0.0653069 0.0444052 0.0516286
 0.540896 0.320092 0.0996559 0.0159303 0.0234255
 0.540165 0.354751 0.0732654 0.0228101 0.00900811
 0.454847 0.399376 0.112463 0.0232266 0.010087
 0.47513 0.343634 0.132773 0.0373885 0.0110751
 0.427168 0.381465 0.125289 0.0484089 0.0176698
 0.667505 0.206618 0.0838254 0.0275317 0.0145205
 0.573988 0.347211 0.0489683 0.0198666 0.00996637
 0.445409 0.408439 0.119118 0.0167996 0.0102348
 0.544362 0.286023 0.124916 0.0364306 0.00826811
 0.433954 0.406372 0.100234 0.0437756 0.0156642
 0.0562595 0.586138 0.256727 0.0633233 0.0375514
pobs_RECLAS
 0 0 0 0 0
 0 0 0 0 0
 0 0 0 0 0
 0 0 0 0 0
 0.835266 0.146461 0.0176864 0.000547809 3.91292e-05
 0.385257 0.428462 0.181853 0.0044286 0
 0.867414 0.0963971 0.0333333 0.00285562 0
 0.441836 0.489002 0.0689373 0.000224442 0
 0.779404 0.147425 0.0564933 0.0165055 0.000172143
 0.814271 0.122319 0.05973 0.00367925 0
 0.40263 0.566651 0.0304383 0.000280538 0
 0.475488 0.404961 0.113038 0.00651328 0
 0.955842 0.0263864 0.0167828 0.000988607 0
 0.975058 0.0227948 0.00214734 0 0
 0.738997 0.206755 0.0527124 0.00153531 0
 0.850938 0.134255 0.0134407 0.00136685 0
 0.542534 0.407297 0.0501686 0 0
 0.764087 0.199537 0.0359546 0.000420521 0
 0.470689 0.182191 0.310203 0.0369168 0
 0.84361 0.089868 0.0606195 0.00523954 0.000663233
 0.607945 0.314616 0.071237 0.00620181 0
 0.523733 0.453247 0.0230204 0 0
 0.530135 0.295979 0.169645 0.0042399 0
 0.562478 0.366248 0.0663022 0.0049721 0
 0.250443 0.683176 0.0655157 0.000865301 0
ppred_RECLAS
 0.104006 0.589648 0.270607 0.0357371 2.20772e-06
 0.213831 0.152035 0.41732 0.19152 0.0252942
 0.0998438 0.328145 0.110619 0.303639 0.157753
 0.401317 0.125765 0.172399 0.0581165 0.242403
 0.778634 0.130675 0.0190513 0.0261155 0.0455236
 0.331306 0.58651 0.048514 0.00707291 0.0265965
 0.698117 0.163138 0.121694 0.010066 0.00698598
 0.590401 0.342851 0.0360707 0.0269072 0.00377031
 0.690183 0.239351 0.058983 0.00620549 0.00527766
 0.620893 0.316678 0.0482296 0.0118852 0.00231387
 0.275014 0.564265 0.134255 0.0204468 0.00601965
 0.231369 0.355408 0.321616 0.0765216 0.0150852
 0.511854 0.19759 0.134351 0.121576 0.034629
 0.452233 0.392688 0.0627723 0.0426819 0.049625
 0.558703 0.307677 0.0957907 0.0153124 0.022517
 0.545936 0.350299 0.072346 0.0225239 0.00889506
 0.459415 0.39603 0.111521 0.023032 0.0100025
 0.478369 0.341514 0.131953 0.0371578 0.0110068
 0.430331 0.379358 0.124597 0.0481415 0.0175722
 0.670261 0.204905 0.0831305 0.0273035 0.0144002
 0.575021 0.346369 0.0488495 0.0198184 0.00994219
 0.446852 0.407376 0.118808 0.0167558 0.0102082
 0.546313 0.284799 0.124381 0.0362747 0.00823271
 0.436018 0.40489 0.0998685 0.0436159 0.0156071
 0.0569707 0.585697 0.256534 0.0632756 0.0375231
pobs_PELACES
 0 0 0 0 0
 0 0 0 0 0
 0 0 0 0 0
 0 0 0 0 0
 0 0 0 0 0
 0 0 0 0 0
 0 0 0 0 0
 0 0 0 0 0
 0 0 0 0 0
 0 0 0 0 0
 0.450072 0.473896 0.0757376 0.000293798 0
 0 0 0 0 0
 0.463077 0.371075 0.160297 0.00555027 0
 0.529543 0.364841 0.0842815 0.0213345 0
 0.631943 0.363953 0.00410389 0 0
 0.735681 0.248677 0.0153453 0.000297389 0
 0.695825 0.281241 0.0229344 0 0
 0.275771 0.60734 0.115278 0.00161068 0
 0 0 0 0 0
 0.896147 0.0623911 0.0374545 0.00400742 0
 0.803859 0.145111 0.0509908 3.86294e-05 0
 0.739449 0.233085 0.0266225 0.000797448 4.60066e-05
 0.878498 0.100942 0.0204185 0.000141795 0
 0.694673 0.275183 0.0284847 0.00165964 0
 0.469039 0.446079 0.0841089 0.000773354 0
ppred_PELACES
 0.106002 0.588334 0.270004 0.0356575 2.2028e-06
 0.219786 0.150883 0.414159 0.19007 0.0251027
 0.111125 0.324032 0.109233 0.299834 0.155776
 0.412801 0.123353 0.169091 0.0570017 0.237753
 0.780264 0.129713 0.018911 0.0259232 0.0451885
 0.356781 0.564167 0.0466658 0.00680347 0.0255833
 0.712501 0.155364 0.115895 0.00958641 0.0066531
 0.616302 0.321171 0.0337898 0.0252057 0.00353189
 0.708189 0.22544 0.0555551 0.00584485 0.00497094
 0.631608 0.307728 0.0468665 0.0115493 0.00224848
 0.291828 0.551178 0.131141 0.0199726 0.00588004
 0.245978 0.348653 0.315503 0.0750672 0.0147985
 0.542855 0.185041 0.125818 0.113856 0.0324298
 0.506958 0.353456 0.056501 0.0384177 0.0446672
 0.604852 0.275501 0.0857732 0.0137111 0.0201622
 0.567176 0.333913 0.0689618 0.0214702 0.00847897
 0.47738 0.382869 0.107815 0.0222666 0.00967009
 0.492093 0.332528 0.128482 0.0361801 0.0107172
 0.443794 0.370393 0.121652 0.0470038 0.0171569
 0.681894 0.197676 0.0801977 0.0263402 0.0138921
 0.580203 0.342145 0.0482539 0.0195767 0.00982096
 0.453843 0.402227 0.117306 0.0165441 0.0100791
 0.555327 0.27914 0.12191 0.0355539 0.00806913
 0.445507 0.398078 0.0981883 0.0428821 0.0153445
 0.0600586 0.583779 0.255694 0.0630684 0.0374002
pobs_pel_tallas
 0 0 0 0 0 0 0 0 0 0 0 0 0 0 0 0 0 0 0 0 0 0 0 0 0 0 0 0 0 0 0 0 0 0 0 0
 0 0 0 0 0 0 0 0 0 0 0 0 0 0 0 0 0 0 0 0 0 0 0 0 0 0 0 0 0 0 0 0 0 0 0 0
 0 0 0 0 0 0 0 0 0 0 0 0 0 0 0 0 0 0 0 0 0 0 0 0 0 0 0 0 0 0 0 0 0 0 0 0
 0 0 0 0 0 0 0 0 0 0 0 0 0 0 0 0 0 0 0 0 0 0 0 0 0 0 0 0 0 0 0 0 0 0 0 0
 0 0 0 0 0 0 0 0 0 0 0 0 0 0 0 0 0 0 0 0 0 0 0 0 0 0 0 0 0 0 0 0 0 0 0 0
 0 0 0 0 0 0 0 0 0 0 0 0 0 0 0 0 0 0 0 0 0 0 0 0 0 0 0 0 0 0 0 0 0 0 0 0
 0 0 0 0 0 0 0 0 0 0 0 0 0 0 0 0 0 0 0 0 0 0 0 0 0 0 0 0 0 0 0 0 0 0 0 0
 0 0 0 0 0 0 0 0 0 0 0 0 0 0 0 0 0 0 0 0 0 0 0 0 0 0 0 0 0 0 0 0 0 0 0 0
 0 0 0 0 0 0 0 0 0 0 0 0 0 0 0 0 0 0 0 0 0 0 0 0 0 0 0 0 0 0 0 0 0 0 0 0
 0 0 0 0 0 0 0 0 0 0 0 0 0 0 0 0 0 0 0 0 0 0 0 0 0 0 0 0 0 0 0 0 0 0 0 0
 0 0 0 0 0 0 0 0 1.78061e-05 0.00172719 0.00360574 0.0105946 0.0120993 0.0124554 0.0147524 0.0171206 0.0266825 0.0428682 0.0675386 0.121331 0.153587 0.119568 0.100827 0.0573624 0.0630603 0.0341343 0.0324427 0.0444173 0.0211091 0.0280891 0.0125444 0.00206551 0 0 0 0
 0 0 0 0 0 0 0 0 0 0 0 0 0 0 0 0 0 0 0 0 0 0 0 0 0 0 0 0 0 0 0 0 0 0 0 0
 0 0 0 0 0 0 0.0133647 0.0140871 0.0187388 0.0205184 0.03894 0.0496705 0.03968 0.0493445 0.0407372 0.0367815 0.0215668 0.0243155 0.0234873 0.0199281 0.019796 0.0243948 0.0301388 0.0376714 0.0412746 0.0863199 0.0771752 0.113111 0.0741005 0.0525337 0.0229764 0.00759418 0.00175318 0 0 0
 0 0 0 0 0 0 0 0 0 0 0.00219441 0.00772107 0.0458388 0.0604681 0.0671733 0.0775358 0.0609151 0.0617685 0.073594 0.0568108 0.0755445 0.0548602 0.0670107 0.0636378 0.0643287 0.046367 0.0373049 0.0286899 0.0247887 0.0153202 0.00654259 0.00121912 0.000365735 0 0 0
 0 0 0 0 0 0 0 0 0 0 0 0 0.000112435 0.00938835 0.0111873 0.0202946 0.0414886 0.0713402 0.111592 0.104902 0.108894 0.110636 0.117776 0.105296 0.107544 0.0401394 0.0192827 0.0124803 0.00416011 0.0028671 0.000618394 0 0 0 0 0
 0 0 0 0 0 0 0 0 0 0 0.00291406 0.0102884 0.027416 0.0768956 0.0749926 0.110853 0.0956884 0.0897413 0.0766577 0.0534642 0.0500743 0.0551293 0.0594112 0.0620874 0.0668451 0.0424026 0.0208742 0.0120726 0.0048766 0.00582813 0.00118941 0.000297354 0 0 0 0
 0 0.00264628 0.0354308 0.0461629 0.0458689 0.0383711 0.0214643 0.0164657 0.0346957 0.0420465 0.0363128 0.0245516 0.0311673 0.0291091 0.0169068 0.0133784 0.00837989 0.0085269 0.0148486 0.0160247 0.0276389 0.0546898 0.0760071 0.122758 0.109233 0.0665981 0.0333725 0.0166128 0.00676272 0.00308733 0.000882094 0 0 0 0 0
 0 0 0 0 0 0 0 0.000805153 0.000690131 0.00759144 0.0133425 0.0154129 0.00931677 0.000345066 0.00356568 0.00563607 0.00851162 0.0253048 0.0502646 0.0516448 0.0657925 0.0565908 0.0611916 0.0827007 0.0866115 0.110766 0.145733 0.0935128 0.0569358 0.0249597 0.0138026 0.00621118 0.00161031 0.00115022 0 0
 0 0 0 0 0 0 0 0 0 0 0 0 0 0 0 0 0 0 0 0 0 0 0 0 0 0 0 0 0 0 0 0 0 0 0 0
 0.00147267 0.00158595 0.00478618 0.00569244 0.00954404 0.0108468 0.00647125 0.017049 0.0510054 0.094081 0.124002 0.0959785 0.0687766 0.0820023 0.061753 0.0591476 0.0492212 0.0479892 0.0443925 0.0268479 0.0217502 0.0140895 0.0121071 0.0120363 0.00920419 0.00665534 0.0049561 0.00860946 0.00930331 0.0156896 0.0114698 0.00855282 0.00243557 0.00046729 0 2.83206e-05
 0 0 0 0 0.000772559 0.00158375 0.000888443 0.00281984 0.00712685 0.0440552 0.0773331 0.111326 0.0921469 0.0852325 0.0710754 0.0886704 0.0786465 0.0553345 0.0373146 0.0185414 0.00753245 0.00457741 0.012979 0.0271748 0.0457355 0.0583668 0.034881 0.0177882 0.00938659 0.00492506 0.0015258 0.00185414 0.000309023 5.79419e-05 3.86279e-05 0
 0 0.00173294 0.00326652 0 0.00397197 0.00683976 0.00946217 0.0152591 0.00757587 0.0136028 0.0228656 0.0392903 0.0559909 0.0764795 0.0681675 0.0726916 0.0566044 0.0477403 0.0527397 0.0444891 0.0609904 0.0582453 0.0661739 0.0445044 0.0529084 0.0360697 0.0280645 0.0235558 0.0158879 0.00826598 0.00280645 0.00217768 0.000904811 0.00058276 9.20147e-05 0
 0 0 0 0 0 0 0 0 0 0 0 0 0 0 0 0 0 0 0 0 0 0 0 0 0 0 0 0 0 0 0 0 0 0 0 0
 0 0 0 0 0 0 0 0 0 0 0 0 0 0 0 0 0 0 0 0 0 0 0 0 0 0 0 0 0 0 0 0 0 0 0 0
 0 0 0 0 0 0 0 0 0 0 0 0 0 0 0 0 0 0 0 0 0 0 0 0 0 0 0 0 0 0 0 0 0 0 0 0
ppred_pel_tallas
 1.0525e-16 4.65933e-06 2.726e-05 0.000129402 0.000497901 0.00155238 0.00392183 0.00802925 0.0133271 0.0179516 0.0196765 0.0176929 0.0134007 0.00930677 0.00729922 0.0079684 0.0110861 0.0162682 0.0232055 0.0315537 0.0407764 0.0500984 0.0585862 0.0653159 0.0695674 0.0709763 0.0695966 0.06585 0.0603922 0.0539425 0.0471375 0.040446 0.0341533 0.0283972 0.0232242 0.0186408
 1.13633e-16 9.60321e-06 5.63249e-05 0.000267668 0.00103041 0.0032131 0.00811614 0.0166079 0.0275342 0.0369922 0.0402934 0.0356337 0.0257101 0.0154177 0.00826888 0.00501773 0.0047352 0.00631655 0.00912647 0.0129223 0.0176032 0.0230495 0.0290673 0.0353896 0.0417 0.0476608 0.0529379 0.0572187 0.0602288 0.0617503 0.0616456 0.0598833 0.0565577 0.051891 0.0462151 0.0399313
 1.19238e-16 4.87092e-06 2.85293e-05 0.000135496 0.000521466 0.00162595 0.00410733 0.00840672 0.0139451 0.0187582 0.0204928 0.0182669 0.0134929 0.00871864 0.00581715 0.00528559 0.00677111 0.00980413 0.0140883 0.019429 0.0255903 0.0322286 0.0389121 0.0451943 0.0507011 0.0551956 0.0585977 0.0609499 0.062351 0.0628835 0.0625679 0.0613596 0.0591843 0.0559929 0.0518133 0.0467778
 1.15509e-16 1.80175e-05 0.000105729 0.000502553 0.0019348 0.00603341 0.0152399 0.0311833 0.0516916 0.0694259 0.0755637 0.0666873 0.0478134 0.0280611 0.0139196 0.00666445 0.00438363 0.00482649 0.00664382 0.0092788 0.0125297 0.0162734 0.0203687 0.0246476 0.0289336 0.0330586 0.0368715 0.0402325 0.0430042 0.0450444 0.0462122 0.0463864 0.0454935 0.0435329 0.0405914 0.036842
 1.03314e-16 3.4041e-05 0.0001998 0.000949775 0.00365671 0.0114031 0.0288033 0.0589351 0.0976899 0.13119 0.142749 0.125886 0.0900504 0.0524269 0.0252063 0.0106995 0.00516981 0.00422711 0.00518748 0.006887 0.00887553 0.0109103 0.0127825 0.014302 0.0153283 0.0157999 0.0157436 0.0152595 0.0144869 0.0135645 0.0125984 0.0116469 0.0107233 0.00981144 0.00888599 0.00792956
 1.02276e-16 1.55929e-05 9.14532e-05 0.000434591 0.00167297 0.00521681 0.0131778 0.0269673 0.0447158 0.0600957 0.065511 0.0580588 0.0421568 0.0258058 0.0147706 0.0103303 0.0109927 0.0148978 0.0208189 0.028006 0.0357831 0.0433461 0.0497888 0.0542587 0.0561481 0.0552401 0.0517596 0.0463049 0.0396916 0.0327593 0.0262044 0.0204827 0.0157932 0.0121252 0.00933797 0.00723947
 1.02337e-16 3.10876e-05 0.000182458 0.00086732 0.00333923 0.0104131 0.0263026 0.0538185 0.0892102 0.119807 0.130373 0.114999 0.0823194 0.0480423 0.023318 0.0102806 0.00554373 0.00512231 0.00658022 0.00885338 0.011508 0.0142762 0.0169011 0.019131 0.020759 0.0216615 0.0218155 0.0212899 0.0202153 0.018746 0.0170268 0.0151744 0.0132749 0.0113904 0.00957008 0.00785677
 1.01616e-16 2.68994e-05 0.000157855 0.000750321 0.00288869 0.00900806 0.0227538 0.0465588 0.0771817 0.103669 0.112855 0.0996468 0.0715502 0.0422003 0.0213079 0.0107937 0.00779847 0.00891632 0.0120245 0.0161055 0.0205949 0.0249955 0.0287851 0.0314767 0.0327204 0.032385 0.0305874 0.0276541 0.0240345 0.0201923 0.0165134 0.0132511 0.010519 0.00831721 0.00657679 0.0052029
 1.01296e-16 3.09022e-05 0.000181364 0.000862105 0.00331912 0.0103504 0.0261442 0.0534951 0.0886759 0.119095 0.129614 0.114364 0.0819427 0.0479779 0.023575 0.0108797 0.00654655 0.0066226 0.00867111 0.011587 0.0148573 0.0181067 0.0209629 0.0230774 0.0241928 0.0241996 0.0231585 0.0212759 0.0188471 0.0161834 0.01355 0.0111298 0.00901637 0.00723083 0.00574896 0.00452758
 1.01268e-16 2.75663e-05 0.000161771 0.000768943 0.0029604 0.00923166 0.0233186 0.0477143 0.0790966 0.106239 0.115648 0.102101 0.073287 0.0431733 0.0217043 0.0108396 0.00764045 0.00861081 0.0115759 0.0155025 0.0198321 0.0240829 0.027752 0.0303687 0.0315924 0.0312908 0.0295695 0.0267361 0.0232184 0.0194619 0.0158412 0.0126079 0.00988148 0.00767362 0.00592817 0.004561
 1.03003e-16 1.27603e-05 7.48243e-05 0.000355537 0.0013686 0.00426763 0.0107802 0.0220617 0.0365845 0.0491767 0.053632 0.047588 0.0346776 0.0214745 0.0127338 0.00955034 0.0107547 0.0148681 0.020907 0.0282404 0.0362513 0.0441724 0.0511205 0.0562479 0.0589268 0.058892 0.0562947 0.0516434 0.0456634 0.0391193 0.0326619 0.0267394 0.0215807 0.0172361 0.0136444 0.010697
 1.07864e-16 1.07533e-05 6.30587e-05 0.000299641 0.00115345 0.00359675 0.00908541 0.0185925 0.0308291 0.0414325 0.0451659 0.0400278 0.0290647 0.0177958 0.0102026 0.00718297 0.00773802 0.0106357 0.0151053 0.0207299 0.0271601 0.033957 0.0405815 0.0464698 0.0511364 0.0542602 0.0557258 0.0556077 0.0541129 0.0515061 0.0480478 0.043963 0.0394401 0.0346472 0.0297506 0.0249219
 1.07274e-16 2.36912e-05 0.000139033 0.000660866 0.00254432 0.00793416 0.0200411 0.0410074 0.0679767 0.0912979 0.099369 0.0876954 0.0628733 0.0368926 0.0182816 0.00870646 0.00563162 0.00606198 0.00816931 0.0111472 0.0146389 0.0183831 0.0221037 0.0255187 0.028387 0.0305484 0.0319414 0.0325901 0.0325718 0.0319778 0.0308851 0.0293468 0.0274021 0.0250935 0.0224857 0.0196726
 1.04325e-16 2.21327e-05 0.000129867 0.00061726 0.00237637 0.00741037 0.0187183 0.038302 0.063497 0.0852966 0.0928772 0.0820614 0.0590413 0.0350604 0.0181438 0.00991618 0.00807151 0.00984478 0.0135033 0.0181875 0.0233673 0.0285273 0.0331075 0.0365772 0.0385467 0.0388559 0.0376044 0.0351113 0.0318223 0.028196 0.0246078 0.0212978 0.0183671 0.0158103 0.0135654 0.0115584
 1.02721e-16 2.63984e-05 0.000154917 0.000736365 0.00283498 0.00884055 0.0223307 0.0456926 0.0757448 0.101736 0.110743 0.0977635 0.0701577 0.0412987 0.0207059 0.0102527 0.0071242 0.00797707 0.010741 0.0144486 0.0185968 0.0227616 0.0264979 0.0293805 0.0310891 0.0314773 0.030599 0.0286811 0.0260559 0.0230756 0.0200409 0.0171594 0.0145397 0.0122125 0.010163 0.00836028
 1.02222e-16 2.47578e-05 0.00014528 0.000690539 0.00265851 0.00829024 0.0209407 0.0428491 0.0710334 0.0954146 0.103879 0.091746 0.0659302 0.0389927 0.0198872 0.0104021 0.00792762 0.0093476 0.0127168 0.0170914 0.0219248 0.0267131 0.0309159 0.0340222 0.0356557 0.0356602 0.0341307 0.0313775 0.0278392 0.0239749 0.0201719 0.0166921 0.0136637 0.011107 0.00897753 0.00720552
 1.02873e-16 2.08444e-05 0.0001223 0.000581279 0.00223782 0.0069783 0.0176269 0.0360693 0.0597972 0.0803315 0.0874837 0.0773264 0.0557009 0.0332103 0.0174324 0.00992181 0.00853245 0.0106798 0.0147374 0.0198782 0.0255585 0.0312222 0.0362538 0.040063 0.0422074 0.0424909 0.0410007 0.0380681 0.0341731 0.0298242 0.025456 0.0213692 0.0177213 0.0145546 0.0118414 0.00952658
 1.03677e-16 2.14839e-05 0.00012606 0.000599161 0.00230668 0.00719308 0.0181694 0.0371788 0.0616349 0.0827949 0.0901524 0.0796521 0.0573041 0.0340219 0.0175955 0.00960329 0.00781061 0.00954101 0.0131248 0.0177445 0.0229053 0.0281259 0.0328749 0.0366361 0.0390122 0.0398082 0.0390653 0.0370299 0.0340751 0.0306033 0.0269629 0.0234008 0.0200567 0.0169866 0.0141984 0.0116838
 1.04265e-16 1.93794e-05 0.000113701 0.000540397 0.00208042 0.00648746 0.0163871 0.0335324 0.0555921 0.074684 0.0813379 0.071905 0.0518194 0.030944 0.0163315 0.00943773 0.00827947 0.0104661 0.0144954 0.0196037 0.025284 0.0310102 0.0361941 0.0402659 0.0427916 0.0435655 0.042647 0.0403232 0.0370206 0.0331929 0.029227 0.0253906 0.0218259 0.0185784 0.0156399 0.012986
 1.02758e-16 2.97546e-05 0.000174628 0.00083009 0.00319587 0.00996599 0.0251733 0.0515084 0.0853822 0.11467 0.124795 0.110104 0.078873 0.0461461 0.0226122 0.010333 0.00608573 0.00606714 0.00794178 0.0106664 0.0137776 0.0169519 0.0198684 0.0222203 0.0237704 0.024399 0.0241243 0.0230831 0.0214862 0.0195605 0.017502 0.0154481 0.0134765 0.0116191 0.00988414 0.00827374
 1.01929e-16 2.53261e-05 0.000148616 0.000706397 0.00271957 0.00848064 0.0214217 0.0438332 0.0726647 0.0976056 0.106264 0.093851 0.06744 0.0398796 0.0203277 0.0106116 0.00805864 0.00947675 0.0128708 0.0172693 0.0221074 0.0268647 0.0309871 0.0339541 0.0353888 0.035145 0.0333389 0.030309 0.026525 0.0224742 0.0185632 0.0150619 0.0120945 0.00966764 0.00771605 0.00614744
 1.02836e-16 1.98189e-05 0.000116278 0.000552644 0.00212756 0.00663446 0.0167584 0.0342924 0.0568527 0.0763793 0.0831891 0.0735528 0.0530314 0.0317164 0.0168272 0.00985961 0.00879112 0.0111776 0.0154749 0.0208824 0.0268495 0.0327961 0.0380753 0.0420657 0.0443012 0.0445745 0.0429765 0.0398557 0.0357178 0.0311001 0.0264627 0.022126 0.0182599 0.0149123 0.0120563 0.00963422
 1.03421e-16 2.42391e-05 0.00014224 0.000676093 0.00260291 0.00811687 0.0205027 0.0419526 0.0695459 0.0934129 0.10169 0.0897904 0.064476 0.0380352 0.0192211 0.00977056 0.00711748 0.0082094 0.011157 0.0150736 0.0194848 0.0239749 0.0280962 0.0314133 0.033587 0.0344444 0.0340072 0.0324668 0.0301214 0.0272956 0.0242728 0.0212571 0.0183687 0.0156634 0.0131605 0.0108682
 1.03714e-16 1.94551e-05 0.000114143 0.000542495 0.00208848 0.00651261 0.0164507 0.0336626 0.0558087 0.074977 0.0816625 0.0722048 0.0520634 0.0311453 0.0165383 0.00971251 0.00868401 0.0110551 0.0153109 0.0206661 0.0265801 0.0324835 0.0377414 0.0417454 0.0440411 0.0444291 0.0430024 0.0401045 0.0362289 0.0318942 0.0275378 0.0234559 0.0197959 0.0165881 0.0137951 0.0113576
 1.07735e-16 2.65563e-06 1.54974e-05 7.34823e-05 0.000282601 0.000880982 0.00222592 0.00455925 0.00757545 0.010228 0.0112737 0.0102859 0.00810896 0.00623983 0.00585128 0.00740121 0.0108862 0.0161864 0.0231578 0.0315323 0.0408084 0.050234 0.0588963 0.0658895 0.0705063 0.0723853 0.0715707 0.0684605 0.0636732 0.0578812 0.0516692 0.0454558 0.0394848 0.0338662 0.0286373 0.0238139
pSPR Fmed_Fpbrs
0.531666   0.255602 0.255602
Fs Fmed_Fpbrs
0.359628   1.005 1.005
SSBpbr Bo_Bmed_Bpbrs
992667  478134  204094 204094
Ro
27446.7
SPR SPRFo_SPRFmed_SPRFpbrs
563694 299697 144081
log_Ro
10.04
likeval ReclasPelacesDesembMPH_pf_preclas_ppelaces_ptallas_desvR_qrecl_qpela
 98.8823 115.449 0.0645316 0.00057752 366.083 206.269 85.2356 0 29.1665 0 0 0 0 0 0
q_reclas_q_pelaces
1 1
M
0.7
N
 16487 48264.4 22150 2925.18 0.180709
 20476.6 7676.72 21071.8 9670.48 1277.19
 4641.36 9143.26 3082.24 8460.44 4395.54
 9523.62 1603.82 2198.52 741.132 3091.25
 48095.6 4094.24 596.905 818.236 1426.32
 22095.5 23207.2 1919.61 279.863 1052.37
 60055 7792.78 5813.07 480.836 333.707
 70678.2 24179.7 2543.9 1897.64 265.902
 128062 25281.7 6230.15 655.464 557.46
 179486 49059.8 7471.73 1841.25 358.466
 66710.2 77585 18459.7 2811.38 827.687
 29710 25775.7 23324.9 5549.67 1094.04
 49614.5 11562.8 7862.11 7114.58 2026.47
 27911.8 16899.3 2701.41 1836.81 2135.61
 19414.9 7127.35 2219 354.713 521.607
 14838.9 5423.88 1120.17 348.749 137.727
 11807.2 5676.99 1598.63 330.158 143.383
 12145.3 4711.73 1820.51 512.651 151.856
 10662.6 5106.06 1677.04 647.972 236.518
 27077.2 4485.79 1819.9 597.73 315.249
 36803 11446.8 1614.38 654.958 328.57
 36019.5 17136.6 4997.75 704.848 429.415
 59609.9 16419.5 7170.95 2091.35 474.641
 53855.4 26507.1 6538.12 2855.42 1021.76
 4252.85 23799.2 10424 2571.14 1524.71
pred_Ctot
 742.039 4224.73 1938.86 256.05 0.015818
 1493.76 1070.08 2937.26 1348 178.031
 1036.56 3533.85 1191.28 3269.94 1698.87
 927.374 293.794 402.733 135.763 566.267
 981.2 164.961 24.0499 32.9676 57.468
 4695.99 8598.74 711.256 103.695 389.927
 8271.33 1966.86 1467.19 121.361 84.2261
 14486.1 8684.29 913.659 681.55 95.5005
 21365.2 7582.4 1868.52 196.584 167.191
 16854.5 8685.86 1322.84 325.987 63.4651
 10801.6 22657.1 5390.79 821.008 241.709
 4686.14 7352.9 6653.78 1583.13 312.091
 11452.1 4595.32 3124.58 2827.49 805.363
 10126.6 9618.68 1537.58 1045.47 1215.54
 6311.05 3734.75 1162.76 185.871 273.323
 2487.15 1633.43 337.346 105.028 41.4773
 1688.82 1482.86 417.568 86.2388 37.4524
 1352.68 978.314 377.999 106.444 31.5305
 1182.98 1056.42 346.971 134.062 48.9342
 2922.49 904.621 367.008 120.54 63.5744
 1655.97 1001.71 141.275 57.3157 28.7533
 2135.4 1958.16 571.082 80.5414 49.0683
 4509.92 2369.64 1034.9 301.82 68.4995
 4293.23 4020.35 991.643 433.084 154.971
 482.568 5027.62 2202.09 543.157 322.098
F
 0.0643793 0.128759 0.128759 0.128759 0.128759
 0.106267 0.212535 0.212535 0.212535 0.212535
 0.362617 0.725234 0.725234 0.725234 0.725234
 0.144194 0.288388 0.288388 0.288388 0.288388
 0.0287294 0.0574587 0.0574587 0.0574587 0.0574587
 0.342176 0.684352 0.684352 0.684352 0.684352
 0.209749 0.419499 0.419499 0.419499 0.419499
 0.328055 0.65611 0.65611 0.65611 0.65611
 0.259478 0.518956 0.518956 0.518956 0.518956
 0.138725 0.27745 0.27745 0.27745 0.27745
 0.250926 0.501852 0.501852 0.501852 0.501852
 0.243688 0.487377 0.487377 0.487377 0.487377
 0.377011 0.754022 0.754022 0.754022 0.754022
 0.665109 1.33022 1.33022 1.33022 1.33022
 0.575229 1.15046 1.15046 1.15046 1.15046
 0.260833 0.521667 0.521667 0.521667 0.521667
 0.218653 0.437305 0.437305 0.437305 0.437305
 0.166512 0.333023 0.333023 0.333023 0.333023
 0.165824 0.331648 0.331648 0.331648 0.331648
 0.160982 0.321964 0.321964 0.321964 0.321964
 0.0643617 0.128723 0.128723 0.128723 0.128723
 0.0855894 0.171179 0.171179 0.171179 0.171179
 0.11041 0.22082 0.22082 0.22082 0.22082
 0.116651 0.233301 0.233301 0.233301 0.233301
 0.169889 0.339777 0.339777 0.339777 0.339777
nmprior
 10.6 11 7 0
nm_flota  nm_reclas  nm_pelaces    nm_pelaL
inf 14.7526 10.2984 20.7301
cv_recla  cv_pelaces  cv_mph
0.899465 1.21834 0.779689
 ------------------------------------------------
Talla a la edad & desviación 
 7.2 14.2025 17.0495 18.207 18.6776
 1.08 2.13037 2.55742 2.73105 2.80164
