years
 1997 1998 1999 2000 2001 2002 2003 2004 2005 2006 2007 2008 2009 2010 2011 2012 2013 2014 2015 2016 2017 2018 2019 2020 2021
reclasobs
 0 0 0 370054 412103 1.49427e+06 250295 1.28982e+06 931140 785840 897777 1.04006e+06 184774 17550 25797 100020 73551 82996 120727 218422 84188 347160 605670 569463 516374
reclaspred
 454128 136384 479276 343201 440226 516338 1.08561e+06 671089 677382 547519 414157 277074 169832 84676.1 64730.7 68531.7 87756.6 123105 131331 184890 260667 237903 418123 543356 617917
pelacesobs
 0 0 0 0 0 0 0 0 0 2.06254e+06 1.5e+06 0 1.87456e+06 323000 250000 174000 83755 137374 0 501740 490994 745055 786931 1.00524e+06 1.33801e+06
pelacespred
 1.85269e+06 532331 1.06176e+06 1.1997e+06 1.28806e+06 1.31111e+06 2.89867e+06 2.41088e+06 2.07469e+06 1.73094e+06 1.19166e+06 819262 497793 214854 157718 175152 231244 325068 363656 490634 757710 691267 949762 1.45695e+06 1.73094e+06
mphobs
 0 0 0 0 0 112323 0 153150 637223 0 255016 313432 73983 77613 109348 50772 0 0 0 0 0 0 0 0 0
mphpred
 161367 115524 155194 218477 204002 283019 424095 475473 378618 343555 286693 198679 123387 66458.4 35882.7 32709.5 39876.4 56322.3 71270.2 82033.6 119191 137727 173826 252050 342746
desembarqueobs
 350755 77701 442110 56441 14545 235359 269955 359681 431902 328805 639364 411747 362871 311530 167758 66681 60226 58785 57116 73181 50977 67692 138656 160484 209506
desembarquepred
 350765 77704.7 442155 56442.6 14545.1 235390 269979 359718 431986 328880 639830 412137 363412 312193 167886 66700.4 60245.4 58789.8 57116.3 73185.2 50978.6 67691 138661 160491 209510
Reclutas
 94689.5 118682 77760.2 110150 178325 133558 193692 157786 164690 142532 70608.1 42188.8 42876 25932.3 21660.7 29388.8 26052.8 30008.9 33916.8 58607.2 73573.5 96291 159045 196920 91019
log_desv_Rt
 0.218358 0.444199 0.0213852 0.3696 0.851362 0.562292 0.934024 0.728993 0.771819 0.62732 -0.0751004 -0.59009 -0.573932 -1.07675 -1.25675 -0.95163 -1.07212 -0.93075 -0.808333 -0.261387 -0.0339594 0.23513 0.736942 0.950553 0.178823
SSB
 1.12454e+06 805076 1.08153e+06 1.52254e+06 1.42167e+06 1.97233e+06 2.95547e+06 3.31351e+06 2.63855e+06 2.39419e+06 1.99793e+06 1.38457e+06 859868 463141 250062 227949 277894 392503 496674 571683 830629 959803 1.21137e+06 1.75651e+06 2.38856e+06
BT
 3.88447e+06 1.11203e+06 2.25316e+06 2.27969e+06 2.41473e+06 2.59131e+06 5.62963e+06 4.86996e+06 4.2583e+06 3.52129e+06 2.78145e+06 1.88558e+06 1.27762e+06 700964 441035 383250 483265 653940 721356 976710 1.46151e+06 1.33709e+06 1.85715e+06 2.84558e+06 3.36147e+06
Ftot
 0.25611 0.180098 0.237024 0.0430335 0.00970289 0.1049 0.0658118 0.136967 0.164487 0.148393 0.34193 0.320835 0.495843 0.836895 0.699025 0.270623 0.194972 0.12928 0.108763 0.112839 0.054299 0.0727436 0.0856927 0.0809607 0.0780259
BD_Bspro_t
 0.969236 0.852833 0.837924 0.770013 0.840593 0.906684 0.887469 0.887609 0.843874 0.802301 0.755355 0.61545 0.506651 0.396343 0.284543 0.311938 0.442523 0.613406 0.714649 0.781348 0.848869 0.894342 0.898393 0.902521 0.905363
BD_Bspro
 0.719371 0.515007 0.691853 0.973968 0.909441 1.2617 1.89061 2.11965 1.68788 1.53157 1.27808 0.885708 0.550057 0.296271 0.159965 0.145819 0.177769 0.251084 0.317722 0.365705 0.531353 0.613986 0.774915 1.12364 1.52796
BD_Bo
 0.621972 0.445278 0.59818 0.842097 0.786307 1.09087 1.63463 1.83266 1.45935 1.3242 1.10503 0.765788 0.475582 0.256158 0.138306 0.126076 0.1537 0.217089 0.274704 0.316191 0.459411 0.530856 0.669995 0.971502 1.32108
BD_Brms
 2.22108 1.5901 2.13612 3.00716 2.80793 3.89553 5.83733 6.5445 5.21138 4.72876 3.9461 2.73465 1.69832 0.914747 0.493897 0.45022 0.548867 0.775231 0.980977 1.12913 1.64057 1.8957 2.39257 3.46926 4.71762
S_f
 0.211745 1 1 1 1
 0.211745 1 1 1 1
 0.211745 1 1 1 1
 0.211745 1 1 1 1
 0.211745 1 1 1 1
 0.211745 1 1 1 1
 0.211745 1 1 1 1
 0.211745 1 1 1 1
 0.211745 1 1 1 1
 0.211745 1 1 1 1
 0.211745 1 1 1 1
 0.211745 1 1 1 1
 0.211745 1 1 1 1
 0.211745 1 1 1 1
 0.211745 1 1 1 1
 0.211745 1 1 1 1
 0.211745 1 1 1 1
 0.211745 1 1 1 1
 0.211745 1 1 1 1
 0.211745 1 1 1 1
 0.211745 1 1 1 1
 0.211745 1 1 1 1
 0.211745 1 1 1 1
 0.211745 1 1 1 1
 0.211745 1 1 1 1
Scru_reclas
 1 1 1 1 1
 1 1 1 1 1
 1 1 1 1 1
 1 1 1 1 1
 1 1 1 1 1
 1 1 1 1 1
 1 1 1 1 1
 1 1 1 1 1
 1 1 1 1 1
 1 1 1 1 1
 1 1 1 1 1
 1 1 1 1 1
 1 1 1 1 1
 1 1 1 1 1
 1 1 1 1 1
 1 1 1 1 1
 1 1 1 1 1
 1 1 1 1 1
 1 1 1 1 1
 1 1 1 1 1
 1 1 1 1 1
 1 1 1 1 1
 1 1 1 1 1
 1 1 1 1 1
 1 1 1 1 1
Scru_pelaces
 0.909402 0.980589 0.996082 0.999219 0.999845
 0.909402 0.980589 0.996082 0.999219 0.999845
 0.909402 0.980589 0.996082 0.999219 0.999845
 0.909402 0.980589 0.996082 0.999219 0.999845
 0.909402 0.980589 0.996082 0.999219 0.999845
 0.909402 0.980589 0.996082 0.999219 0.999845
 0.909402 0.980589 0.996082 0.999219 0.999845
 0.909402 0.980589 0.996082 0.999219 0.999845
 0.909402 0.980589 0.996082 0.999219 0.999845
 0.909402 0.980589 0.996082 0.999219 0.999845
 0.909402 0.980589 0.996082 0.999219 0.999845
 0.909402 0.980589 0.996082 0.999219 0.999845
 0.909402 0.980589 0.996082 0.999219 0.999845
 0.909402 0.980589 0.996082 0.999219 0.999845
 0.909402 0.980589 0.996082 0.999219 0.999845
 0.909402 0.980589 0.996082 0.999219 0.999845
 0.909402 0.980589 0.996082 0.999219 0.999845
 0.909402 0.980589 0.996082 0.999219 0.999845
 0.909402 0.980589 0.996082 0.999219 0.999845
 0.909402 0.980589 0.996082 0.999219 0.999845
 0.909402 0.980589 0.996082 0.999219 0.999845
 0.909402 0.980589 0.996082 0.999219 0.999845
 0.909402 0.980589 0.996082 0.999219 0.999845
 0.909402 0.980589 0.996082 0.999219 0.999845
 0.909402 0.980589 0.996082 0.999219 0.999845
pf_obs 
 0.256992 0.487395 0.22802 0.0275931 0
 0.321318 0.546541 0.124235 0.00734118 0.000564706
 0.182869 0.594174 0.210203 0.0122559 0.00049798
 0.330522 0.361315 0.267642 0.0388342 0.00168674
 0.649043 0.306663 0.0425973 0.00169635 0
 0.582887 0.30429 0.105238 0.00758474 0
 0.465427 0.430635 0.0974691 0.00646863 0
 0.296916 0.608066 0.0921331 0.00288517 0
 0.311714 0.524322 0.152257 0.0117073 0
 0.15457 0.633149 0.183074 0.0267441 0.00246327
 0.131901 0.49318 0.331252 0.0422183 0.00144891
 0.196976 0.569456 0.194076 0.0375587 0.00193317
 0.518974 0.381816 0.0799577 0.0180837 0.00116848
 0.0928022 0.601141 0.25162 0.0475244 0.00691264
 0.122501 0.610282 0.24278 0.0234846 0.000952079
 0.383417 0.481906 0.127806 0.00687128 0
 0.0376549 0.599619 0.316969 0.0457579 0
 0.0361596 0.667082 0.258105 0.0386534 0
 0.158088 0.579412 0.248529 0.0139706 0
 0.0477256 0.309471 0.559284 0.082774 0.000745712
 0.0406174 0.521527 0.379366 0.0568643 0.0016247
 0.151134 0.462217 0.34131 0.0453401 0
 0.294876 0.26143 0.354403 0.0886775 0.000613685
 0.281977 0.475581 0.204845 0.0348837 0.00271318
 0.0354234 0.537034 0.353287 0.0723622 0.0018943
pf_pred 
 0.398298 0.424855 0.158173 0.0186644 9.10601e-06
 0.318295 0.530474 0.106782 0.0397549 0.00469336
 0.181506 0.577036 0.187893 0.037822 0.0157435
 0.257538 0.3995 0.241787 0.07873 0.0224448
 0.304179 0.435172 0.140249 0.0848818 0.0355184
 0.182895 0.551238 0.166275 0.0535877 0.0460039
 0.253681 0.392188 0.238905 0.0720633 0.0431627
 0.186999 0.50652 0.161055 0.0981082 0.0473184
 0.206174 0.425382 0.229549 0.0729882 0.0659058
 0.186165 0.46304 0.187978 0.101439 0.0613779
 0.115808 0.473731 0.233536 0.0948077 0.0821174
 0.113428 0.37177 0.27582 0.135972 0.103011
 0.183407 0.335829 0.201601 0.149569 0.129594
 0.175778 0.470726 0.145377 0.0872712 0.120847
 0.241868 0.454193 0.173585 0.0536092 0.0767456
 0.331996 0.451635 0.129625 0.0495405 0.0372029
 0.237015 0.55402 0.141281 0.0405494 0.0271351
 0.247751 0.463004 0.210027 0.053559 0.0256589
 0.242411 0.471431 0.176128 0.0798949 0.0301348
 0.324649 0.414185 0.162518 0.0607173 0.0379309
 0.282486 0.505665 0.129924 0.0509797 0.0309447
 0.275142 0.475292 0.175881 0.0451904 0.028495
 0.323558 0.439201 0.15556 0.0575646 0.0241167
 0.279355 0.505294 0.139823 0.0495237 0.0260039
 0.118856 0.577045 0.213225 0.0590027 0.0318712
pobs_RECLAS
 0 0 0 0 0
 0 0 0 0 0
 0 0 0 0 0
 0 0 0 0 0
 0.835266 0.146461 0.0176864 0.000547809 3.91292e-05
 0.385257 0.428462 0.181853 0.0044286 0
 0.867414 0.0963971 0.0333333 0.00285562 0
 0.441836 0.489002 0.0689373 0.000224442 0
 0.779404 0.147425 0.0564933 0.0165055 0.000172143
 0.814271 0.122319 0.05973 0.00367925 0
 0.40263 0.566651 0.0304383 0.000280538 0
 0.475488 0.404961 0.113038 0.00651328 0
 0.955842 0.0263864 0.0167828 0.000988607 0
 0.975058 0.0227948 0.00214734 0 0
 0.738997 0.206755 0.0527124 0.00153531 0
 0.850938 0.134255 0.0134407 0.00136685 0
 0.542534 0.407297 0.0501686 0 0
 0.764087 0.199537 0.0359546 0.000420521 0
 0.470689 0.182191 0.310203 0.0369168 0
 0.84361 0.089868 0.0606195 0.00523954 0.000663233
 0.607945 0.314616 0.071237 0.00620181 0
 0.523733 0.453247 0.0230204 0 0
 0.530135 0.295979 0.169645 0.0042399 0
 0.562478 0.366248 0.0663022 0.0049721 0
 0.250443 0.683176 0.0655157 0.000865301 0
ppred_RECLAS
 0.760245 0.169288 0.0630258 0.00743702 3.62839e-06
 0.690023 0.241211 0.0485548 0.0180769 0.00213411
 0.51479 0.342072 0.111384 0.0224212 0.00933286
 0.621426 0.203701 0.123285 0.0401436 0.0114444
 0.673783 0.204018 0.0657517 0.0397945 0.0166518
 0.515177 0.327073 0.0986581 0.0317958 0.027296
 0.616914 0.20131 0.12263 0.0369902 0.0221555
 0.522415 0.297548 0.0946091 0.0576322 0.0277965
 0.552996 0.239533 0.12926 0.0410998 0.0371116
 0.521205 0.272415 0.110591 0.0596785 0.0361098
 0.386922 0.328474 0.161929 0.0657375 0.0569383
 0.381019 0.25956 0.19257 0.0949317 0.0719194
 0.522729 0.196281 0.117829 0.0874183 0.0757431
 0.517955 0.275304 0.0850238 0.0510405 0.0706774
 0.613106 0.231786 0.0885847 0.0273582 0.0391652
 0.704407 0.19985 0.0573595 0.0219218 0.0164624
 0.597154 0.292515 0.0745944 0.0214096 0.014327
 0.610229 0.239902 0.108823 0.0277511 0.013295
 0.603074 0.246998 0.0922796 0.0418596 0.0157886
 0.695409 0.186802 0.0732975 0.0273843 0.0171073
 0.650856 0.246058 0.0632216 0.0248069 0.0150578
 0.642725 0.234267 0.0866899 0.0222739 0.0140449
 0.694045 0.198651 0.0703597 0.0260365 0.010908
 0.647635 0.247068 0.0683676 0.024215 0.0127148
 0.390042 0.39945 0.147601 0.0408437 0.0220623
pobs_PELACES
 0 0 0 0 0
 0 0 0 0 0
 0 0 0 0 0
 0 0 0 0 0
 0 0 0 0 0
 0 0 0 0 0
 0 0 0 0 0
 0 0 0 0 0
 0 0 0 0 0
 0 0 0 0 0
 0.450072 0.473896 0.0757376 0.000293798 0
 0 0 0 0 0
 0.463077 0.371075 0.160297 0.00555027 0
 0.529543 0.364841 0.0842815 0.0213345 0
 0.631943 0.363953 0.00410389 0 0
 0.735681 0.248677 0.0153453 0.000297389 0
 0.695825 0.281241 0.0229344 0 0
 0.275771 0.60734 0.115278 0.00161068 0
 0 0 0 0 0
 0.896147 0.0623911 0.0374545 0.00400742 0
 0.803859 0.145111 0.0509908 3.86294e-05 0
 0.739449 0.233085 0.0266225 0.000797448 4.60066e-05
 0.878498 0.100942 0.0204185 0.000141795 0
 0.694673 0.275183 0.0284847 0.00165964 0
 0.469039 0.446079 0.0841089 0.000773354 0
ppred_PELACES
 0.75778 0.170221 0.0643745 0.0076201 3.72003e-06
 0.683087 0.245695 0.0502387 0.0187627 0.00221646
 0.510148 0.343666 0.113672 0.0229537 0.0095605
 0.604371 0.21124 0.129868 0.0424203 0.012101
 0.656113 0.21368 0.0699534 0.0424708 0.0177829
 0.501774 0.334254 0.102417 0.0331113 0.0284431
 0.601142 0.207929 0.128663 0.0389322 0.0233333
 0.510857 0.30276 0.0977875 0.0597559 0.0288388
 0.542966 0.242977 0.13319 0.0424828 0.0383844
 0.510157 0.276627 0.114075 0.0617525 0.0373881
 0.388245 0.325152 0.162824 0.0663091 0.0574694
 0.380555 0.257155 0.1938 0.0958388 0.0726522
 0.533488 0.189863 0.115777 0.0861666 0.0747054
 0.55145 0.254222 0.0797535 0.0480275 0.0665468
 0.636436 0.216306 0.0839746 0.0260161 0.0372673
 0.702211 0.200219 0.0583735 0.0223796 0.0168167
 0.590093 0.29627 0.0767455 0.0220964 0.0147958
 0.598718 0.245408 0.11308 0.0289274 0.0138672
 0.590197 0.253375 0.0961577 0.0437561 0.0165143
 0.684153 0.192433 0.0766998 0.0287456 0.017969
 0.635646 0.255485 0.0666808 0.0262466 0.0159417
 0.628315 0.242312 0.0910839 0.0234766 0.0148125
 0.681374 0.205654 0.0739912 0.0274665 0.0115143
 0.63397 0.255352 0.0717764 0.0255024 0.0133992
 0.375664 0.406506 0.152582 0.0423549 0.022893
pobs_pel_tallas
 0 0 0 0 0 0 0 0 0 0 0 0 0 0 0 0 0 0 0 0 0 0 0 0 0 0 0 0 0 0 0 0 0 0 0 0
 0 0 0 0 0 0 0 0 0 0 0 0 0 0 0 0 0 0 0 0 0 0 0 0 0 0 0 0 0 0 0 0 0 0 0 0
 0 0 0 0 0 0 0 0 0 0 0 0 0 0 0 0 0 0 0 0 0 0 0 0 0 0 0 0 0 0 0 0 0 0 0 0
 0 0 0 0 0 0 0 0 0 0 0 0 0 0 0 0 0 0 0 0 0 0 0 0 0 0 0 0 0 0 0 0 0 0 0 0
 0 0 0 0 0 0 0 0 0 0 0 0 0 0 0 0 0 0 0 0 0 0 0 0 0 0 0 0 0 0 0 0 0 0 0 0
 0 0 0 0 0 0 0 0 0 0 0 0 0 0 0 0 0 0 0 0 0 0 0 0 0 0 0 0 0 0 0 0 0 0 0 0
 0 0 0 0 0 0 0 0 0 0 0 0 0 0 0 0 0 0 0 0 0 0 0 0 0 0 0 0 0 0 0 0 0 0 0 0
 0 0 0 0 0 0 0 0 0 0 0 0 0 0 0 0 0 0 0 0 0 0 0 0 0 0 0 0 0 0 0 0 0 0 0 0
 0 0 0 0 0 0 0 0 0 0 0 0 0 0 0 0 0 0 0 0 0 0 0 0 0 0 0 0 0 0 0 0 0 0 0 0
 0 0 0 0 0 0 0 0 0 0 0 0 0 0 0 0 0 0 0 0 0 0 0 0 0 0 0 0 0 0 0 0 0 0 0 0
 0 0 0 0 0 0 0 0 1.78061e-05 0.00172719 0.00360574 0.0105946 0.0120993 0.0124554 0.0147524 0.0171206 0.0266825 0.0428682 0.0675386 0.121331 0.153587 0.119568 0.100827 0.0573624 0.0630603 0.0341343 0.0324427 0.0444173 0.0211091 0.0280891 0.0125444 0.00206551 0 0 0 0
 0 0 0 0 0 0 0 0 0 0 0 0 0 0 0 0 0 0 0 0 0 0 0 0 0 0 0 0 0 0 0 0 0 0 0 0
 0 0 0 0 0 0 0.0133647 0.0140871 0.0187388 0.0205184 0.03894 0.0496705 0.03968 0.0493445 0.0407372 0.0367815 0.0215668 0.0243155 0.0234873 0.0199281 0.019796 0.0243948 0.0301388 0.0376714 0.0412746 0.0863199 0.0771752 0.113111 0.0741005 0.0525337 0.0229764 0.00759418 0.00175318 0 0 0
 0 0 0 0 0 0 0 0 0 0 0.00219441 0.00772107 0.0458388 0.0604681 0.0671733 0.0775358 0.0609151 0.0617685 0.073594 0.0568108 0.0755445 0.0548602 0.0670107 0.0636378 0.0643287 0.046367 0.0373049 0.0286899 0.0247887 0.0153202 0.00654259 0.00121912 0.000365735 0 0 0
 0 0 0 0 0 0 0 0 0 0 0 0 0.000112435 0.00938835 0.0111873 0.0202946 0.0414886 0.0713402 0.111592 0.104902 0.108894 0.110636 0.117776 0.105296 0.107544 0.0401394 0.0192827 0.0124803 0.00416011 0.0028671 0.000618394 0 0 0 0 0
 0 0 0 0 0 0 0 0 0 0 0.00291406 0.0102884 0.027416 0.0768956 0.0749926 0.110853 0.0956884 0.0897413 0.0766577 0.0534642 0.0500743 0.0551293 0.0594112 0.0620874 0.0668451 0.0424026 0.0208742 0.0120726 0.0048766 0.00582813 0.00118941 0.000297354 0 0 0 0
 0 0.00264628 0.0354308 0.0461629 0.0458689 0.0383711 0.0214643 0.0164657 0.0346957 0.0420465 0.0363128 0.0245516 0.0311673 0.0291091 0.0169068 0.0133784 0.00837989 0.0085269 0.0148486 0.0160247 0.0276389 0.0546898 0.0760071 0.122758 0.109233 0.0665981 0.0333725 0.0166128 0.00676272 0.00308733 0.000882094 0 0 0 0 0
 0 0 0 0 0 0 0 0.000805153 0.000690131 0.00759144 0.0133425 0.0154129 0.00931677 0.000345066 0.00356568 0.00563607 0.00851162 0.0253048 0.0502646 0.0516448 0.0657925 0.0565908 0.0611916 0.0827007 0.0866115 0.110766 0.145733 0.0935128 0.0569358 0.0249597 0.0138026 0.00621118 0.00161031 0.00115022 0 0
 0 0 0 0 0 0 0 0 0 0 0 0 0 0 0 0 0 0 0 0 0 0 0 0 0 0 0 0 0 0 0 0 0 0 0 0
 0.00147267 0.00158595 0.00478618 0.00569244 0.00954404 0.0108468 0.00647125 0.017049 0.0510054 0.094081 0.124002 0.0959785 0.0687766 0.0820023 0.061753 0.0591476 0.0492212 0.0479892 0.0443925 0.0268479 0.0217502 0.0140895 0.0121071 0.0120363 0.00920419 0.00665534 0.0049561 0.00860946 0.00930331 0.0156896 0.0114698 0.00855282 0.00243557 0.00046729 0 2.83206e-05
 0 0 0 0 0.000772559 0.00158375 0.000888443 0.00281984 0.00712685 0.0440552 0.0773331 0.111326 0.0921469 0.0852325 0.0710754 0.0886704 0.0786465 0.0553345 0.0373146 0.0185414 0.00753245 0.00457741 0.012979 0.0271748 0.0457355 0.0583668 0.034881 0.0177882 0.00938659 0.00492506 0.0015258 0.00185414 0.000309023 5.79419e-05 3.86279e-05 0
 0 0.00173294 0.00326652 0 0.00397197 0.00683976 0.00946217 0.0152591 0.00757587 0.0136028 0.0228656 0.0392903 0.0559909 0.0764795 0.0681675 0.0726916 0.0566044 0.0477403 0.0527397 0.0444891 0.0609904 0.0582453 0.0661739 0.0445044 0.0529084 0.0360697 0.0280645 0.0235558 0.0158879 0.00826598 0.00280645 0.00217768 0.000904811 0.00058276 9.20147e-05 0
 0 0 0 0 0 0 0 0 0 0 0 0 0 0 0 0 0 0 0 0 0 0 0 0 0 0 0 0 0 0 0 0 0 0 0 0
 0 0 0 0 0 0 0 0 0 0 0 0 0 0 0 0 0 0 0 0 0 0 0 0 0 0 0 0 0 0 0 0 0 0 0 0
 0 0 0 0 0 0 0 0 0 0 0 0 0 0 0 0 0 0 0 0 0 0 0 0 0 0 0 0 0 0 0 0 0 0 0 0
ppred_pel_tallas
 1.01232e-16 3.30625e-05 0.000194051 0.000922433 0.00355142 0.0110748 0.027974 0.0572385 0.0948791 0.12742 0.138657 0.122304 0.087545 0.0510837 0.024777 0.01089 0.00581398 0.00529997 0.0067423 0.00899101 0.0115647 0.0141603 0.0164927 0.0182945 0.0193624 0.0195997 0.0190341 0.0178012 0.0161046 0.014164 0.0121713 0.0102644 0.00852241 0.00697673 0.00562887 0.00446705
 1.01542e-16 2.98085e-05 0.000174941 0.000831565 0.00320153 0.00998364 0.025218 0.0516001 0.0855355 0.11488 0.125033 0.110338 0.0790933 0.0463801 0.0229214 0.010799 0.0067987 0.00711599 0.00940103 0.0125766 0.0161224 0.0196394 0.0227248 0.0250014 0.0261922 0.0261821 0.0250415 0.0229989 0.0203778 0.017517 0.0147026 0.0121282 0.00988937 0.00800204 0.0064339 0.00513388
 1.02962e-16 2.22716e-05 0.000130683 0.00062114 0.0023913 0.00745696 0.0188359 0.0385427 0.0638958 0.0858316 0.0934579 0.0825701 0.0593977 0.0352533 0.0182102 0.0099014 0.00800552 0.00974211 0.0133733 0.0180443 0.0232353 0.0284423 0.0331123 0.036713 0.0388412 0.0393097 0.0381822 0.0357389 0.0323934 0.0285876 0.0247017 0.0210023 0.0176346 0.0146466 0.0120282 0.00974643
 1.03936e-16 2.63749e-05 0.000154785 0.000735748 0.00283262 0.00883323 0.0223121 0.0456542 0.0756794 0.101643 0.110628 0.0976301 0.0699922 0.0410616 0.0203302 0.00964801 0.00618393 0.0065904 0.00881314 0.0119292 0.0155111 0.0192356 0.0227656 0.0257678 0.0279717 0.0292201 0.0294923 0.0288886 0.0275873 0.0257912 0.0236826 0.0213998 0.0190359 0.0166525 0.0142982 0.0120213
 1.03353e-16 2.8631e-05 0.000168031 0.000798721 0.00307508 0.00958933 0.0242219 0.0495619 0.0821563 0.11034 0.120088 0.105965 0.0759371 0.0444877 0.02191 0.0101985 0.00626284 0.00645126 0.00851788 0.0114506 0.0147844 0.0181788 0.0212913 0.0237952 0.0254404 0.026105 0.0258159 0.0247269 0.0230684 0.0210841 0.0189789 0.016891 0.0148908 0.0129993 0.0112135 0.00952797
 1.0403e-16 2.19061e-05 0.000128538 0.000610944 0.00235205 0.00733455 0.0185267 0.03791 0.0628468 0.0844221 0.0919225 0.0812117 0.0584166 0.0346632 0.0178911 0.00970551 0.00782254 0.00950771 0.0130539 0.0176249 0.0227171 0.027845 0.0324763 0.0360989 0.0383249 0.0389743 0.0381068 0.0359882 0.0330085 0.0295802 0.0260524 0.0226631 0.019534 0.0166977 0.0141372 0.0118223
 1.04323e-16 2.62339e-05 0.000153958 0.000731817 0.00281749 0.00878603 0.0221929 0.0454102 0.075275 0.1011 0.110036 0.0971067 0.0696147 0.0408356 0.0202099 0.00957719 0.00612096 0.00651161 0.00870675 0.0117906 0.0153413 0.0190422 0.0225632 0.0255776 0.0278197 0.0291342 0.0294985 0.0290073 0.0278306 0.0261614 0.0241718 0.021991 0.019705 0.0173707 0.015035 0.012747
 1.04888e-16 2.23008e-05 0.000130859 0.000621982 0.00239456 0.00746713 0.0188616 0.0385948 0.0639811 0.0859426 0.0935693 0.0826461 0.0594036 0.035159 0.0179824 0.00949245 0.00734966 0.00876146 0.011993 0.0162133 0.0209494 0.0257634 0.0301786 0.033734 0.0360761 0.037033 0.0366431 0.0351244 0.0328023 0.0300209 0.0270684 0.024138 0.0213272 0.0186633 0.0161404 0.0137504
 1.05224e-16 2.36985e-05 0.00013907 0.000661031 0.00254493 0.00793606 0.020046 0.0410178 0.0679955 0.0913281 0.0994147 0.0877663 0.0629907 0.0370953 0.0186295 0.0092818 0.0065356 0.0074047 0.0100508 0.0136305 0.0177194 0.0219629 0.0259798 0.0293931 0.0318993 0.0333276 0.0336637 0.0330307 0.0316374 0.0297153 0.0274662 0.0250349 0.0225105 0.0199446 0.0173757 0.0148466
 1.05579e-16 2.22692e-05 0.000130676 0.000621117 0.00239124 0.00745678 0.0188354 0.0385411 0.0638913 0.0858199 0.0934303 0.0825103 0.0592778 0.0350282 0.0178124 0.00923789 0.00696089 0.00818968 0.0111974 0.0151716 0.0196702 0.0242965 0.0286185 0.0322135 0.0347499 0.0360537 0.0361351 0.0351624 0.0334001 0.0311315 0.0285955 0.0259546 0.023296 0.0206551 0.0180475 0.0154934
 1.07381e-16 1.69553e-05 9.94737e-05 0.00047277 0.00182005 0.00567553 0.0143362 0.0293357 0.0486349 0.0653386 0.0711628 0.0629167 0.0453569 0.0271159 0.0143703 0.00840356 0.00749451 0.00957 0.0133382 0.0181563 0.0236065 0.0292506 0.0345874 0.0391178 0.0424422 0.0443391 0.0447966 0.0439852 0.0421873 0.0397112 0.0368203 0.0336985 0.0304518 0.0271359 0.0237902 0.0204641
 1.09523e-16 1.66173e-05 9.74951e-05 0.000463377 0.00178391 0.00556284 0.0140515 0.0287527 0.0476667 0.064033 0.0697278 0.0616175 0.044354 0.0263843 0.0137436 0.00766961 0.00645821 0.00807202 0.0112605 0.0154383 0.0202718 0.0254326 0.0305385 0.0351936 0.0390587 0.0419095 0.0436624 0.0443581 0.0441164 0.0430811 0.0413787 0.0391024 0.0363221 0.0331067 0.0295471 0.0257666
 1.08157e-16 2.32829e-05 0.000136635 0.000649468 0.00250043 0.0077973 0.0196954 0.0403001 0.0668044 0.0897242 0.097658 0.0861896 0.0618031 0.0362834 0.0180143 0.00863669 0.00566166 0.0061478 0.00829827 0.0113175 0.0148484 0.0186259 0.0223692 0.0257949 0.028664 0.0308235 0.0322228 0.0328986 0.0329391 0.0324414 0.0314806 0.0301004 0.0283233 0.0261724 0.0236924 0.0209614
 1.05975e-16 2.40688e-05 0.000141243 0.00067136 0.0025847 0.00806008 0.0203593 0.0416588 0.0690582 0.0927557 0.100969 0.08914 0.0639794 0.0376825 0.0189325 0.00944328 0.0066564 0.00753401 0.010201 0.0137894 0.0178554 0.0220269 0.0259095 0.0291229 0.0313742 0.0325185 0.032581 0.0317303 0.030218 0.0283048 0.0262018 0.0240401 0.0218751 0.0197115 0.0175374 0.0153513
 1.03898e-16 2.77731e-05 0.000162994 0.000774774 0.00298288 0.0093018 0.0234957 0.0480759 0.0796934 0.107033 0.116492 0.102797 0.0736812 0.0431937 0.0213247 0.0100143 0.00627129 0.00655895 0.00870265 0.011721 0.0151587 0.0186767 0.02193 0.0245871 0.0263916 0.0272141 0.0270732 0.0261147 0.0245611 0.0226495 0.02058 0.0184885 0.0164458 0.0144761 0.0125821 0.0107659
 1.02449e-16 3.06405e-05 0.00017983 0.000854817 0.00329107 0.0102629 0.0259233 0.0530428 0.0879255 0.118085 0.12851 0.113378 0.0812103 0.047497 0.0232425 0.0105658 0.0061431 0.00605193 0.00788147 0.0105525 0.0135851 0.0166463 0.0194101 0.0215692 0.0228921 0.0232725 0.0227476 0.0214778 0.0196975 0.0176542 0.0155562 0.0135447 0.0116906 0.0100113 0.00849475 0.00712118
 1.02637e-16 2.57556e-05 0.000151142 0.000718411 0.00276584 0.00862495 0.0217861 0.0445786 0.0738989 0.0992592 0.108053 0.0954041 0.0684975 0.0403877 0.0203718 0.0102888 0.00740351 0.00846101 0.0114402 0.0153843 0.0197755 0.024162 0.0280656 0.0310316 0.0327207 0.0329838 0.0318901 0.0296963 0.0267714 0.0235045 0.0202246 0.0171559 0.0144114 0.012016 0.00994279 0.00814678
 1.03328e-16 2.61297e-05 0.000153343 0.000728884 0.00280618 0.00875077 0.0221039 0.0452284 0.0749745 0.100699 0.109609 0.0967494 0.0694018 0.0407974 0.0203512 0.00990956 0.00667947 0.00735049 0.00988166 0.0133365 0.0172512 0.0212507 0.0249402 0.0279367 0.0299403 0.0307954 0.0305154 0.0292623 0.0272905 0.0248784 0.0222689 0.0196378 0.0170894 0.0146741 0.0124128 0.010318
 1.03723e-16 2.57584e-05 0.000151162 0.000718517 0.00276627 0.00862628 0.0217894 0.0445851 0.0739085 0.0992685 0.108054 0.0953829 0.0684346 0.0402552 0.0201294 0.00988159 0.00676281 0.00751209 0.0101167 0.0136479 0.0176382 0.0217034 0.025439 0.0284546 0.0304484 0.0312695 0.0309426 0.0296443 0.0276436 0.0252293 0.0226479 0.0200705 0.0175909 0.0152451 0.0130398 0.0109764
 1.02979e-16 2.98528e-05 0.000175206 0.000832836 0.00320644 0.00999897 0.0252566 0.0516788 0.0856645 0.115049 0.125205 0.110463 0.0791227 0.0462774 0.0226489 0.0103032 0.00600427 0.00593468 0.00775137 0.0104105 0.0134532 0.0165638 0.0194311 0.0217576 0.0233131 0.0239813 0.0237786 0.0228359 0.0213546 0.0195509 0.0176098 0.01566 0.0137724 0.011975 0.0102748 0.00867489
 1.02677e-16 2.77402e-05 0.000162797 0.000773832 0.00297924 0.00929044 0.023467 0.0480175 0.0795978 0.106908 0.116364 0.102705 0.0736593 0.0432698 0.0215267 0.0103822 0.00686096 0.00743657 0.00992966 0.0133346 0.0171511 0.0209787 0.0244043 0.0270369 0.0285838 0.0289145 0.0280851 0.0263107 0.0239023 0.0211868 0.0184395 0.0158465 0.0135003 0.0114205 0.00958537 0.00796054
 1.02871e-16 2.74201e-05 0.000160919 0.000764903 0.00294487 0.00918325 0.0231963 0.0474634 0.078679 0.105673 0.115018 0.101513 0.0727957 0.0427449 0.0212335 0.0101894 0.0066705 0.00719258 0.00960674 0.012929 0.0166796 0.0204799 0.0239384 0.0266793 0.0284147 0.029004 0.0284789 0.0270198 0.0248986 0.0224076 0.0197983 0.0172472 0.0148521 0.0126497 0.0106425 0.00882215
 1.026e-16 2.97322e-05 0.000174496 0.00082946 0.00319344 0.00995842 0.0251542 0.0514693 0.0853177 0.114584 0.124703 0.110027 0.0788269 0.0461371 0.022641 0.0104017 0.00620125 0.00624029 0.00818352 0.0109831 0.0141668 0.0173988 0.0203448 0.0226869 0.0241816 0.0247103 0.0243 0.0231027 0.0213475 0.0192793 0.0171076 0.0149785 0.0129712 0.011114 0.00940795 0.00784627
 1.02605e-16 2.76672e-05 0.000162368 0.000771792 0.00297139 0.00926594 0.0234052 0.047891 0.079388 0.106626 0.116057 0.102435 0.073467 0.0431594 0.0214767 0.0103664 0.00686202 0.00744705 0.00994866 0.0133644 0.0171952 0.0210411 0.024489 0.0271464 0.0287188 0.029073 0.0282617 0.026497 0.0240872 0.021358 0.0185851 0.0159568 0.0135692 0.0114461 0.00957033 0.0079113
 1.04824e-16 1.64101e-05 9.62651e-05 0.000457499 0.00176122 0.00549206 0.0138729 0.0283883 0.0470669 0.0632399 0.0688978 0.0609637 0.0440565 0.0265535 0.014463 0.00906346 0.00872283 0.0114539 0.0159962 0.0216756 0.0279882 0.0343701 0.0401776 0.0447824 0.0477014 0.0486986 0.0478267 0.0453873 0.0418364 0.0376631 0.0332886 0.0290088 0.0249876 0.0212869 0.0179111 0.0148473
pSPR Fmed_Fpbrs
0.786681   0.330031 0.330031
Fs Fmed_Fpbrs
0.141622   1.005 1.005
SSBpbr Bo_Bmed_Bpbrs
1.80803e+06  1.33194e+06  506305 506305
Ro
76115
SPR SPRFo_SPRFmed_SPRFpbrs
1.56323e+06 1.22977e+06 515916
log_Ro
11.06
likeval ReclasPelacesDesembMPH_pf_preclas_ppelaces_ptallas_desvR_qrecl_qpela
 64.3643 24.5961 0.045436 0.000217533 322.979 206.246 79.6129 0 17.2448 0.000133959 0 0 0 0 0
q_reclas_q_pelaces
0.193961 1
M
0.7
N
 94689.5 23324.5 8683.68 1024.67 0.499919
 118682 44539.4 8965.59 3337.88 394.061
 77760.2 56730.3 18472.4 3718.41 1547.79
 110150 36724.4 22226.5 7237.32 2063.26
 178325 54202.8 17468.7 10572.4 4424
 133558 88371.7 26656.4 8590.91 7375.1
 193692 64866.1 39513.9 11919 7138.93
 157786 94853.5 30159.9 18372.2 8861.08
 164690 76114.3 41073.6 13059.9 11792.6
 142532 78983.2 32064.5 17303 10469.6
 70608.1 68589.8 33812.9 13726.9 11889.5
 42188.8 32614 24196.6 11928.3 9036.77
 42876 19574.3 11750.6 8717.9 7553.58
 25932.3 19169.5 5920.24 3553.97 4921.29
 21660.7 10786.4 4122.36 1273.13 1822.59
 29388.8 9276.5 2662.48 1017.55 764.14
 26052.8 13781.3 3514.37 1008.67 674.988
 30008.9 12414.2 5631.3 1436.04 687.975
 33916.8 14499.6 5417.11 2457.29 926.842
 58607.2 16459.2 6458.24 2412.83 1507.32
 73573.5 28416.3 7301.23 2864.86 1738.97
 96291 36117.9 13365.3 3434.06 2165.36
 159045 47085.8 16677.2 6171.38 2585.5
 196920 77559.2 21461.9 7601.54 3991.42
 91019 96125.5 35519.5 9828.81 5309.18
pred_Ctot
 3605.85 3846.27 1431.96 168.971 0.082438
 3200.62 5334.19 1073.75 399.756 47.1941
 2745.35 8727.89 2841.95 572.073 238.126
 718.925 1115.21 674.955 219.777 62.6552
 263.244 376.608 121.374 73.4587 30.7385
 2112.66 6367.48 1920.68 619.004 531.401
 1929.23 2982.56 1816.86 548.036 328.25
 3249.16 8800.93 2798.37 1704.66 822.171
 4062.31 8381.42 4522.88 1438.11 1298.56
 3176.49 7900.75 3207.44 1730.83 1047.28
 3561.4 14568.5 7181.87 2915.59 2525.33
 2000.58 6557.09 4864.76 2398.19 1816.85
 3091.95 5661.52 3398.66 2521.49 2184.74
 3059.69 8193.71 2530.52 1519.09 2103.53
 2161.57 4059.11 1551.32 479.104 685.873
 1180.98 1606.56 461.104 176.226 132.338
 759.573 1775.5 452.77 129.951 86.9613
 583.686 1090.81 494.81 126.182 60.4509
 556.063 1081.41 404.018 183.269 69.1256
 996.485 1271.31 498.835 186.367 116.426
 605.268 1083.46 278.382 109.232 66.3035
 1059.42 1830.08 677.218 174.003 109.718
 2058.85 2794.71 989.853 366.293 153.459
 2409.45 4358.18 1205.98 427.143 224.284
 1073.6 5212.31 1926.01 532.958 287.885
F
 0.0542299 0.25611 0.25611 0.25611 0.25611
 0.0381347 0.180098 0.180098 0.180098 0.180098
 0.0501886 0.237024 0.237024 0.237024 0.237024
 0.0091121 0.0430335 0.0430335 0.0430335 0.0430335
 0.00205453 0.00970289 0.00970289 0.00970289 0.00970289
 0.022212 0.1049 0.1049 0.1049 0.1049
 0.0139353 0.0658118 0.0658118 0.0658118 0.0658118
 0.0290021 0.136967 0.136967 0.136967 0.136967
 0.0348293 0.164487 0.164487 0.164487 0.164487
 0.0314213 0.148393 0.148393 0.148393 0.148393
 0.0724018 0.34193 0.34193 0.34193 0.34193
 0.067935 0.320835 0.320835 0.320835 0.320835
 0.104992 0.495843 0.495843 0.495843 0.495843
 0.177208 0.836895 0.836895 0.836895 0.836895
 0.148015 0.699025 0.699025 0.699025 0.699025
 0.057303 0.270623 0.270623 0.270623 0.270623
 0.0412842 0.194972 0.194972 0.194972 0.194972
 0.0273744 0.12928 0.12928 0.12928 0.12928
 0.02303 0.108763 0.108763 0.108763 0.108763
 0.023893 0.112839 0.112839 0.112839 0.112839
 0.0114975 0.054299 0.054299 0.054299 0.054299
 0.0154031 0.0727436 0.0727436 0.0727436 0.0727436
 0.018145 0.0856927 0.0856927 0.0856927 0.0856927
 0.017143 0.0809607 0.0809607 0.0809607 0.0809607
 0.0165216 0.0780259 0.0780259 0.0780259 0.0780259
nmprior
 10.6 11 7 0
nm_flota  nm_reclas  nm_pelaces    nm_pelaL
inf 11.5959 19.8531 48.6605
cv_recla  cv_pelaces  cv_mph
0.725684 0.562348 0.478521
 ------------------------------------------------
Talla a la edad & desviación 
 7.2 14.2025 17.0495 18.207 18.6776
 1.08 2.13037 2.55742 2.73105 2.80164
