years
 1997 1998 1999 2000 2001 2002 2003 2004 2005 2006 2007 2008 2009 2010 2011 2012 2013 2014 2015 2016 2017 2018 2019 2020 2021
reclasobs
 0 0 0 370054 412103 1.49427e+06 250295 1.28982e+06 931140 785840 897777 1.04006e+06 184774 17550 25797 100020 73551 82996 120727 218422 84188 347160 605670 569463 516374
reclaspred
 1.19824e+06 314415 1.0019e+06 613447 704173 892197 1.81518e+06 1.27164e+06 1.42128e+06 1.34381e+06 1.15553e+06 784239 457448 212212 145984 151839 193401 285055 324487 434085 660522 658417 1.13638e+06 1.44561e+06 1.99024e+06
pelacesobs
 0 0 0 0 0 0 0 0 0 2.06254e+06 1.5e+06 0 1.87456e+06 323000 250000 174000 83755 137374 0 501740 490994 745055 786931 1.00524e+06 1.33801e+06
pelacespred
 814916 305489 373196 441776 431446 441306 922531 874167 831069 818721 608623 425069 243159 91223.1 62859.9 74518.9 99501 148189 178390 230162 381421 397070 519435 787228 1.09625e+06
mphobs
 0 0 0 0 0 112323 0 153150 637223 0 255016 313432 73983 77613 109348 50772 0 0 0 0 0 0 0 0 0
mphpred
 810791 531832 571879 662111 571271 768838 1.12243e+06 1.38773e+06 1.21794e+06 1.25606e+06 1.18398e+06 826297 510954 270625 132916 123013 148069 214736 278449 325453 491130 612557 771236 1.1106e+06 1.58706e+06
desembarqueobs
 350755 77701 442110 56441 14545 235359 269955 359681 431902 328805 639364 411747 362871 311530 167758 66681 60226 58785 57116 73181 50977 67692 138656 160484 209506
desembarquepred
 350796 77718.3 442359 56449.1 14545.5 235480 270021 359771 432027 328877 639901 412199 363342 312127 167856 66711.9 60259.9 58798.4 57122.8 73189.5 50980.4 67693.9 138670 160499 209516
Reclutas
 66257.9 63443.5 38379.8 43501.6 72322.9 62147.6 105824 100350 125827 122008 71467.4 43919.5 45657.5 29145.7 20968.4 19613.4 17454.8 19935.1 22098.8 37840.3 53809.2 64262.3 105643 140736 101628
log_desv_Rt
 0.221311 0.177905 -0.324714 -0.199447 0.308897 0.157268 0.689537 0.636415 0.862664 0.831845 0.296997 -0.189887 -0.151077 -0.599938 -0.929228 -0.996032 -1.11263 -0.979763 -0.876721 -0.338869 0.0131998 0.190729 0.687821 0.974641 0.649079
SSB
 810791 531832 571879 662111 571271 768838 1.12243e+06 1.38773e+06 1.21794e+06 1.25606e+06 1.18398e+06 826297 510954 270625 132916 123013 148069 214736 278449 325453 491130 612557 771236 1.1106e+06 1.58706e+06
BT
 2.75265e+06 717109 1.17584e+06 974341 974445 1.05741e+06 2.53478e+06 2.30888e+06 2.36572e+06 2.12593e+06 1.86612e+06 1.26658e+06 894880 493846 299843 225234 282702 384673 421766 583966 939525 863747 1.20041e+06 1.87531e+06 2.53747e+06
Ftot
 0.282384 0.238938 0.420647 0.0897209 0.0202198 0.254526 0.144631 0.272814 0.292817 0.236535 0.522815 0.497109 0.736312 1.28182 1.04067 0.419399 0.300049 0.199854 0.170802 0.163744 0.0753345 0.100185 0.11878 0.108161 0.102566
BD_Bspro_t
 0.96209 0.791449 0.725596 0.587507 0.672086 0.785326 0.743396 0.760231 0.70576 0.66784 0.629556 0.469449 0.359881 0.256871 0.158598 0.172992 0.261437 0.417944 0.541696 0.638103 0.745371 0.827324 0.836877 0.842975 0.853811
BD_Bspro
 0.743415 0.487637 0.524357 0.60709 0.523799 0.704948 1.02916 1.27241 1.11673 1.15169 1.0856 0.757633 0.468494 0.248137 0.121871 0.11279 0.135764 0.196892 0.25531 0.298408 0.450318 0.561654 0.707147 1.01831 1.45518
BD_Bo
 0.701163 0.459922 0.494555 0.572586 0.494029 0.664883 0.970666 1.2001 1.05326 1.08623 1.0239 0.714573 0.441868 0.234034 0.114944 0.10638 0.128048 0.185702 0.2408 0.281448 0.424724 0.529733 0.666957 0.960433 1.37247
BD_Brms
 3.4103 2.23696 2.4054 2.78493 2.40284 3.23384 4.72109 5.83698 5.1228 5.28317 4.97999 3.47552 2.14914 1.13829 0.559062 0.517408 0.622797 0.903209 1.17119 1.3689 2.06576 2.5765 3.24392 4.67132 6.67539
S_f
 0.5 1 1 1 1
 0.5 1 1 1 1
 0.5 1 1 1 1
 0.5 1 1 1 1
 0.5 1 1 1 1
 0.5 1 1 1 1
 0.5 1 1 1 1
 0.5 1 1 1 1
 0.5 1 1 1 1
 0.5 1 1 1 1
 0.5 1 1 1 1
 0.5 1 1 1 1
 0.5 1 1 1 1
 0.5 1 1 1 1
 0.5 1 1 1 1
 0.5 1 1 1 1
 0.5 1 1 1 1
 0.5 1 1 1 1
 0.5 1 1 1 1
 0.5 1 1 1 1
 0.5 1 1 1 1
 0.5 1 1 1 1
 0.5 1 1 1 1
 0.5 1 1 1 1
 0.5 1 1 1 1
Scru_reclas
 0.5 1 1 1 1
 0.5 1 1 1 1
 0.5 1 1 1 1
 0.5 1 1 1 1
 0.5 1 1 1 1
 0.5 1 1 1 1
 0.5 1 1 1 1
 0.5 1 1 1 1
 0.5 1 1 1 1
 0.5 1 1 1 1
 0.5 1 1 1 1
 0.5 1 1 1 1
 0.5 1 1 1 1
 0.5 1 1 1 1
 0.5 1 1 1 1
 0.5 1 1 1 1
 0.5 1 1 1 1
 0.5 1 1 1 1
 0.5 1 1 1 1
 0.5 1 1 1 1
 0.5 1 1 1 1
 0.5 1 1 1 1
 0.5 1 1 1 1
 0.5 1 1 1 1
 0.5 1 1 1 1
Scru_pelaces
 0.5 1 1 1 1
 0.5 1 1 1 1
 0.5 1 1 1 1
 0.5 1 1 1 1
 0.5 1 1 1 1
 0.5 1 1 1 1
 0.5 1 1 1 1
 0.5 1 1 1 1
 0.5 1 1 1 1
 0.5 1 1 1 1
 0.5 1 1 1 1
 0.5 1 1 1 1
 0.5 1 1 1 1
 0.5 1 1 1 1
 0.5 1 1 1 1
 0.5 1 1 1 1
 0.5 1 1 1 1
 0.5 1 1 1 1
 0.5 1 1 1 1
 0.5 1 1 1 1
 0.5 1 1 1 1
 0.5 1 1 1 1
 0.5 1 1 1 1
 0.5 1 1 1 1
 0.5 1 1 1 1
pf_obs 
 0.256992 0.487395 0.22802 0.0275931 0
 0.321318 0.546541 0.124235 0.00734118 0.000564706
 0.182869 0.594174 0.210203 0.0122559 0.00049798
 0.330522 0.361315 0.267642 0.0388342 0.00168674
 0.649043 0.306663 0.0425973 0.00169635 0
 0.582887 0.30429 0.105238 0.00758474 0
 0.465427 0.430635 0.0974691 0.00646863 0
 0.296916 0.608066 0.0921331 0.00288517 0
 0.311714 0.524322 0.152257 0.0117073 0
 0.15457 0.633149 0.183074 0.0267441 0.00246327
 0.131901 0.49318 0.331252 0.0422183 0.00144891
 0.196976 0.569456 0.194076 0.0375587 0.00193317
 0.518974 0.381816 0.0799577 0.0180837 0.00116848
 0.0928022 0.601141 0.25162 0.0475244 0.00691264
 0.122501 0.610282 0.24278 0.0234846 0.000952079
 0.383417 0.481906 0.127806 0.00687128 0
 0.0376549 0.599619 0.316969 0.0457579 0
 0.0361596 0.667082 0.258105 0.0386534 0
 0.158088 0.579412 0.248529 0.0139706 0
 0.0477256 0.309471 0.559284 0.082774 0.000745712
 0.0406174 0.521527 0.379366 0.0568643 0.0016247
 0.151134 0.462217 0.34131 0.0453401 0
 0.294876 0.26143 0.354403 0.0886775 0.000613685
 0.281977 0.475581 0.204845 0.0348837 0.00271318
 0.0354234 0.537034 0.353287 0.0723622 0.0018943
pf_pred 
 0.589185 0.294053 0.104793 0.0119631 5.8416e-06
 0.46929 0.401613 0.0924053 0.0329309 0.00376119
 0.329016 0.439106 0.175473 0.0403738 0.0160315
 0.430243 0.299561 0.176822 0.0706606 0.0227137
 0.516595 0.293754 0.0997127 0.0588576 0.0310809
 0.386422 0.418756 0.118389 0.0401862 0.036247
 0.536175 0.266863 0.134423 0.0380035 0.0245355
 0.434592 0.399535 0.0954358 0.0480725 0.0223652
 0.490181 0.318342 0.135304 0.0323197 0.023854
 0.4458 0.374965 0.111918 0.0475683 0.0197488
 0.318571 0.431037 0.169412 0.0505656 0.0304145
 0.317167 0.35623 0.206593 0.0811981 0.0388131
 0.446027 0.287009 0.139273 0.0807704 0.0469201
 0.439781 0.374073 0.0964409 0.0467986 0.0429066
 0.5406 0.32245 0.0914454 0.0235758 0.0219292
 0.569394 0.329235 0.071152 0.0201784 0.0100412
 0.468773 0.39804 0.101832 0.0220073 0.0093469
 0.478562 0.343118 0.133613 0.0341826 0.0105249
 0.45798 0.357856 0.121184 0.0471902 0.0157901
 0.55439 0.284968 0.10606 0.0359163 0.0186659
 0.533091 0.33745 0.0827888 0.0308126 0.0158572
 0.471804 0.369692 0.114556 0.0281047 0.0158432
 0.536281 0.300303 0.114377 0.0354419 0.0135968
 0.506829 0.347775 0.0941586 0.0358625 0.0153759
 0.347776 0.443117 0.147458 0.0399236 0.0217253
pobs_RECLAS
 0 0 0 0 0
 0 0 0 0 0
 0 0 0 0 0
 0 0 0 0 0
 0.835266 0.146461 0.0176864 0.000547809 3.91292e-05
 0.385257 0.428462 0.181853 0.0044286 0
 0.867414 0.0963971 0.0333333 0.00285562 0
 0.441836 0.489002 0.0689373 0.000224442 0
 0.779404 0.147425 0.0564933 0.0165055 0.000172143
 0.814271 0.122319 0.05973 0.00367925 0
 0.40263 0.566651 0.0304383 0.000280538 0
 0.475488 0.404961 0.113038 0.00651328 0
 0.955842 0.0263864 0.0167828 0.000988607 0
 0.975058 0.0227948 0.00214734 0 0
 0.738997 0.206755 0.0527124 0.00153531 0
 0.850938 0.134255 0.0134407 0.00136685 0
 0.542534 0.407297 0.0501686 0 0
 0.764087 0.199537 0.0359546 0.000420521 0
 0.470689 0.182191 0.310203 0.0369168 0
 0.84361 0.089868 0.0606195 0.00523954 0.000663233
 0.607945 0.314616 0.071237 0.00620181 0
 0.523733 0.453247 0.0230204 0 0
 0.530135 0.295979 0.169645 0.0042399 0
 0.562478 0.366248 0.0663022 0.0049721 0
 0.250443 0.683176 0.0655157 0.000865301 0
ppred_RECLAS
 0.591743 0.292222 0.10414 0.0118885 5.80522e-06
 0.471443 0.399984 0.0920305 0.0327973 0.00374593
 0.33289 0.43657 0.17446 0.0401407 0.015939
 0.430939 0.299194 0.176606 0.0705743 0.0226859
 0.516744 0.293664 0.0996819 0.0588394 0.0310713
 0.388635 0.417246 0.117962 0.0400413 0.0361162
 0.537373 0.266174 0.134076 0.0379053 0.0244721
 0.437086 0.397772 0.0950147 0.0478604 0.0222666
 0.492946 0.316615 0.13457 0.0321444 0.0237246
 0.44791 0.373537 0.111492 0.0473872 0.0196736
 0.323655 0.42782 0.168148 0.0501883 0.0301875
 0.321907 0.353757 0.205158 0.0806344 0.0385437
 0.455293 0.282209 0.136944 0.0794193 0.0461353
 0.460762 0.360063 0.092829 0.0450459 0.0412996
 0.555931 0.311689 0.0883937 0.022789 0.0211974
 0.573662 0.325971 0.0704467 0.0199784 0.00994164
 0.471614 0.395912 0.101288 0.0218896 0.00929692
 0.480308 0.341969 0.133166 0.0340682 0.0104896
 0.459427 0.3569 0.120861 0.0470642 0.0157479
 0.555761 0.284091 0.105734 0.0358058 0.0186085
 0.533677 0.337027 0.082685 0.0307739 0.0158373
 0.472602 0.369134 0.114383 0.0280623 0.0158193
 0.537242 0.29968 0.11414 0.0353684 0.0135687
 0.5077 0.34716 0.0939923 0.0357991 0.0153487
 0.348522 0.44261 0.147289 0.039878 0.0217004
pobs_PELACES
 0 0 0 0 0
 0 0 0 0 0
 0 0 0 0 0
 0 0 0 0 0
 0 0 0 0 0
 0 0 0 0 0
 0 0 0 0 0
 0 0 0 0 0
 0 0 0 0 0
 0 0 0 0 0
 0.450072 0.473896 0.0757376 0.000293798 0
 0 0 0 0 0
 0.463077 0.371075 0.160297 0.00555027 0
 0.529543 0.364841 0.0842815 0.0213345 0
 0.631943 0.363953 0.00410389 0 0
 0.735681 0.248677 0.0153453 0.000297389 0
 0.695825 0.281241 0.0229344 0 0
 0.275771 0.60734 0.115278 0.00161068 0
 0 0 0 0 0
 0.896147 0.0623911 0.0374545 0.00400742 0
 0.803859 0.145111 0.0509908 3.86294e-05 0
 0.739449 0.233085 0.0266225 0.000797448 4.60066e-05
 0.878498 0.100942 0.0204185 0.000141795 0
 0.694673 0.275183 0.0284847 0.00165964 0
 0.469039 0.446079 0.0841089 0.000773354 0
ppred_PELACES
 0.60295 0.284201 0.101282 0.0115622 5.64587e-06
 0.481277 0.392542 0.0903183 0.0321872 0.00367624
 0.348478 0.426369 0.170383 0.0392027 0.0155665
 0.434573 0.297284 0.175478 0.0701236 0.0225411
 0.517577 0.293157 0.0995101 0.058738 0.0310177
 0.398659 0.410405 0.116028 0.0393847 0.0355241
 0.5433 0.262764 0.132358 0.0374197 0.0241586
 0.448191 0.389925 0.0931403 0.0469162 0.0218273
 0.505024 0.309073 0.131365 0.0313787 0.0231595
 0.45758 0.366995 0.109539 0.0465572 0.019329
 0.342819 0.415699 0.163384 0.0487663 0.0293322
 0.340066 0.344283 0.199664 0.078475 0.0375115
 0.48555 0.266533 0.129337 0.0750078 0.0435726
 0.513553 0.324813 0.0837411 0.0406359 0.0372564
 0.597816 0.28229 0.0800563 0.0206396 0.019198
 0.590494 0.313102 0.0676654 0.0191896 0.00954914
 0.483966 0.386657 0.0989198 0.0213779 0.00907959
 0.488543 0.33655 0.131055 0.0335283 0.0103234
 0.466433 0.352274 0.119294 0.0464542 0.0155438
 0.562421 0.279832 0.104149 0.035269 0.0183295
 0.536769 0.334792 0.0821367 0.0305699 0.0157323
 0.476724 0.366248 0.113489 0.0278429 0.0156956
 0.542111 0.296527 0.112939 0.0349963 0.0134259
 0.512159 0.344015 0.0931408 0.0354748 0.0152097
 0.352375 0.439993 0.146418 0.0396422 0.0215721
pobs_pel_tallas
 0 0 0 0 0 0 0 0 0 0 0 0 0 0 0 0 0 0 0 0 0 0 0 0 0 0 0 0 0 0 0 0 0 0 0 0
 0 0 0 0 0 0 0 0 0 0 0 0 0 0 0 0 0 0 0 0 0 0 0 0 0 0 0 0 0 0 0 0 0 0 0 0
 0 0 0 0 0 0 0 0 0 0 0 0 0 0 0 0 0 0 0 0 0 0 0 0 0 0 0 0 0 0 0 0 0 0 0 0
 0 0 0 0 0 0 0 0 0 0 0 0 0 0 0 0 0 0 0 0 0 0 0 0 0 0 0 0 0 0 0 0 0 0 0 0
 0 0 0 0 0 0 0 0 0 0 0 0 0 0 0 0 0 0 0 0 0 0 0 0 0 0 0 0 0 0 0 0 0 0 0 0
 0 0 0 0 0 0 0 0 0 0 0 0 0 0 0 0 0 0 0 0 0 0 0 0 0 0 0 0 0 0 0 0 0 0 0 0
 0 0 0 0 0 0 0 0 0 0 0 0 0 0 0 0 0 0 0 0 0 0 0 0 0 0 0 0 0 0 0 0 0 0 0 0
 0 0 0 0 0 0 0 0 0 0 0 0 0 0 0 0 0 0 0 0 0 0 0 0 0 0 0 0 0 0 0 0 0 0 0 0
 0 0 0 0 0 0 0 0 0 0 0 0 0 0 0 0 0 0 0 0 0 0 0 0 0 0 0 0 0 0 0 0 0 0 0 0
 0 0 0 0 0 0 0 0 0 0 0 0 0 0 0 0 0 0 0 0 0 0 0 0 0 0 0 0 0 0 0 0 0 0 0 0
 0 0 0 0 0 0 0 0 1.78061e-05 0.00172719 0.00360574 0.0105946 0.0120993 0.0124554 0.0147524 0.0171206 0.0266825 0.0428682 0.0675386 0.121331 0.153587 0.119568 0.100827 0.0573624 0.0630603 0.0341343 0.0324427 0.0444173 0.0211091 0.0280891 0.0125444 0.00206551 0 0 0 0
 0 0 0 0 0 0 0 0 0 0 0 0 0 0 0 0 0 0 0 0 0 0 0 0 0 0 0 0 0 0 0 0 0 0 0 0
 0 0 0 0 0 0 0.0133647 0.0140871 0.0187388 0.0205184 0.03894 0.0496705 0.03968 0.0493445 0.0407372 0.0367815 0.0215668 0.0243155 0.0234873 0.0199281 0.019796 0.0243948 0.0301388 0.0376714 0.0412746 0.0863199 0.0771752 0.113111 0.0741005 0.0525337 0.0229764 0.00759418 0.00175318 0 0 0
 0 0 0 0 0 0 0 0 0 0 0.00219441 0.00772107 0.0458388 0.0604681 0.0671733 0.0775358 0.0609151 0.0617685 0.073594 0.0568108 0.0755445 0.0548602 0.0670107 0.0636378 0.0643287 0.046367 0.0373049 0.0286899 0.0247887 0.0153202 0.00654259 0.00121912 0.000365735 0 0 0
 0 0 0 0 0 0 0 0 0 0 0 0 0.000112435 0.00938835 0.0111873 0.0202946 0.0414886 0.0713402 0.111592 0.104902 0.108894 0.110636 0.117776 0.105296 0.107544 0.0401394 0.0192827 0.0124803 0.00416011 0.0028671 0.000618394 0 0 0 0 0
 0 0 0 0 0 0 0 0 0 0 0.00291406 0.0102884 0.027416 0.0768956 0.0749926 0.110853 0.0956884 0.0897413 0.0766577 0.0534642 0.0500743 0.0551293 0.0594112 0.0620874 0.0668451 0.0424026 0.0208742 0.0120726 0.0048766 0.00582813 0.00118941 0.000297354 0 0 0 0
 0 0.00264628 0.0354308 0.0461629 0.0458689 0.0383711 0.0214643 0.0164657 0.0346957 0.0420465 0.0363128 0.0245516 0.0311673 0.0291091 0.0169068 0.0133784 0.00837989 0.0085269 0.0148486 0.0160247 0.0276389 0.0546898 0.0760071 0.122758 0.109233 0.0665981 0.0333725 0.0166128 0.00676272 0.00308733 0.000882094 0 0 0 0 0
 0 0 0 0 0 0 0 0.000805153 0.000690131 0.00759144 0.0133425 0.0154129 0.00931677 0.000345066 0.00356568 0.00563607 0.00851162 0.0253048 0.0502646 0.0516448 0.0657925 0.0565908 0.0611916 0.0827007 0.0866115 0.110766 0.145733 0.0935128 0.0569358 0.0249597 0.0138026 0.00621118 0.00161031 0.00115022 0 0
 0 0 0 0 0 0 0 0 0 0 0 0 0 0 0 0 0 0 0 0 0 0 0 0 0 0 0 0 0 0 0 0 0 0 0 0
 0.00147267 0.00158595 0.00478618 0.00569244 0.00954404 0.0108468 0.00647125 0.017049 0.0510054 0.094081 0.124002 0.0959785 0.0687766 0.0820023 0.061753 0.0591476 0.0492212 0.0479892 0.0443925 0.0268479 0.0217502 0.0140895 0.0121071 0.0120363 0.00920419 0.00665534 0.0049561 0.00860946 0.00930331 0.0156896 0.0114698 0.00855282 0.00243557 0.00046729 0 2.83206e-05
 0 0 0 0 0.000772559 0.00158375 0.000888443 0.00281984 0.00712685 0.0440552 0.0773331 0.111326 0.0921469 0.0852325 0.0710754 0.0886704 0.0786465 0.0553345 0.0373146 0.0185414 0.00753245 0.00457741 0.012979 0.0271748 0.0457355 0.0583668 0.034881 0.0177882 0.00938659 0.00492506 0.0015258 0.00185414 0.000309023 5.79419e-05 3.86279e-05 0
 0 0.00173294 0.00326652 0 0.00397197 0.00683976 0.00946217 0.0152591 0.00757587 0.0136028 0.0228656 0.0392903 0.0559909 0.0764795 0.0681675 0.0726916 0.0566044 0.0477403 0.0527397 0.0444891 0.0609904 0.0582453 0.0661739 0.0445044 0.0529084 0.0360697 0.0280645 0.0235558 0.0158879 0.00826598 0.00280645 0.00217768 0.000904811 0.00058276 9.20147e-05 0
 0 0 0 0 0 0 0 0 0 0 0 0 0 0 0 0 0 0 0 0 0 0 0 0 0 0 0 0 0 0 0 0 0 0 0 0
 0 0 0 0 0 0 0 0 0 0 0 0 0 0 0 0 0 0 0 0 0 0 0 0 0 0 0 0 0 0 0 0 0 0 0 0
 0 0 0 0 0 0 0 0 0 0 0 0 0 0 0 0 0 0 0 0 0 0 0 0 0 0 0 0 0 0 0 0 0 0 0 0
ppred_pel_tallas
 1.01928e-16 2.63158e-05 0.000154432 0.000734054 0.00282608 0.00881279 0.0222606 0.0455493 0.0755075 0.101418 0.110399 0.097466 0.0699569 0.041206 0.0207068 0.0103316 0.00727883 0.00821909 0.0110889 0.0149197 0.0191999 0.0234914 0.0273307 0.0302739 0.0319841 0.0323041 0.0312851 0.0291602 0.0262751 0.0230021 0.0196647 0.0164943 0.0136214 0.0110946 0.00891108 0.007045
 1.02688e-16 2.10146e-05 0.000123299 0.000586025 0.00225609 0.00703528 0.0177709 0.0363639 0.0602858 0.0809882 0.0881999 0.077962 0.0561643 0.0334976 0.0176027 0.0100484 0.00867142 0.0108652 0.0149862 0.0201943 0.0259318 0.0316269 0.0366486 0.0403947 0.0424189 0.0425309 0.0408343 0.0376839 0.0335862 0.0290736 0.0245974 0.0204651 0.0168316 0.0137283 0.0111126 0.00891295
 1.04632e-16 1.52256e-05 8.93087e-05 0.000424423 0.00163387 0.00509489 0.0128697 0.0263359 0.0436656 0.0586746 0.0639365 0.0566032 0.0409695 0.0248214 0.0137527 0.00897319 0.00899335 0.0119883 0.0167938 0.0227683 0.029403 0.03611 0.0422124 0.047048 0.0501053 0.0511322 0.0501795 0.0475611 0.0437549 0.0392773 0.034577 0.0299737 0.0256504 0.0216826 0.0180837 0.0148452
 1.06051e-16 1.89744e-05 0.00011133 0.00052914 0.0020371 0.00635239 0.0160459 0.0328337 0.054432 0.0731204 0.0796216 0.0703561 0.0506343 0.0300993 0.0156377 0.0086545 0.00719086 0.00890179 0.0123344 0.0167898 0.0218525 0.0271134 0.032109 0.0363747 0.0395327 0.0413643 0.0418409 0.0411018 0.0393933 0.0369934 0.0341491 0.031044 0.0277988 0.0244919 0.0211872 0.0179518
 1.04976e-16 2.25934e-05 0.000132577 0.000630155 0.00242604 0.00756528 0.0191095 0.039102 0.0648214 0.0870701 0.0947937 0.0837199 0.0601588 0.0355727 0.0181327 0.00947289 0.00721742 0.00853323 0.011663 0.0157708 0.0203906 0.0250975 0.0294305 0.032943 0.035291 0.0363049 0.036017 0.0346322 0.032459 0.0298242 0.0270019 0.024176 0.0214401 0.0188224 0.0163211 0.0139337
 1.04794e-16 1.74128e-05 0.000102152 0.000485485 0.00186898 0.00582808 0.0147216 0.030125 0.0499454 0.0671052 0.0731027 0.0646695 0.0467021 0.0280828 0.0151768 0.00932707 0.00878672 0.0114328 0.0159185 0.0215274 0.0277353 0.0339669 0.0395729 0.0439263 0.0465548 0.0472432 0.0460732 0.0433802 0.0396519 0.035402 0.0310638 0.02693 0.0231472 0.0197489 0.0167059 0.0139718
 1.0438e-16 2.3714e-05 0.000139158 0.000661448 0.00254653 0.00794104 0.0200586 0.0410437 0.068039 0.0913882 0.0994845 0.0878383 0.0630649 0.0371843 0.0187576 0.00948181 0.00684548 0.00786376 0.010694 0.0144797 0.0187736 0.0231893 0.0273097 0.0307252 0.0331112 0.0342925 0.03427 0.0331993 0.0313331 0.0289494 0.0262915 0.0235356 0.0207887 0.0181071 0.0155231 0.0130649
 1.04082e-16 1.95718e-05 0.000114829 0.000545757 0.00210105 0.00655179 0.0165496 0.0338651 0.0561439 0.0754265 0.0821495 0.0726295 0.0523565 0.0312945 0.01657 0.00965725 0.00855593 0.010851 0.0150189 0.0202747 0.0260854 0.031894 0.0370808 0.0410518 0.0433636 0.0438213 0.0425152 0.0397786 0.03609 0.0319505 0.0277804 0.0238615 0.0203308 0.0172126 0.014468 0.0120398
 1.04126e-16 2.20468e-05 0.000129367 0.000614887 0.00236724 0.00738193 0.0186464 0.0381546 0.0632516 0.0849638 0.0925065 0.081714 0.0587484 0.0348009 0.0178544 0.00951509 0.00747632 0.00898288 0.0123223 0.0166709 0.0215527 0.0265194 0.0310789 0.0347514 0.0371639 0.0381279 0.0376697 0.0360035 0.0334596 0.0303959 0.0271225 0.0238598 0.0207344 0.0178009 0.0150749 0.012561
 1.04178e-16 1.99803e-05 0.000117229 0.000557173 0.00214501 0.00668889 0.0168959 0.0345734 0.0573174 0.0770003 0.0838566 0.0741221 0.0533965 0.0318441 0.01673 0.00954721 0.0082423 0.0103432 0.0142976 0.0193208 0.0249005 0.0305125 0.0355736 0.0395215 0.0419302 0.0426028 0.041606 0.0392334 0.0359155 0.0321077 0.028196 0.0244442 0.0209881 0.0178649 0.0150568 0.0125305
 1.05501e-16 1.49783e-05 8.78581e-05 0.000417529 0.00160733 0.00501213 0.0126606 0.0259081 0.0429562 0.0577211 0.0628967 0.0556811 0.0402986 0.0244082 0.0135117 0.00879867 0.00880345 0.0117316 0.0164403 0.0223036 0.0288285 0.0354464 0.0415022 0.0463541 0.0495053 0.0507091 0.0500098 0.0477039 0.0442437 0.0401157 0.0357386 0.0314065 0.0272835 0.0234343 0.0198702 0.0165882
 1.07396e-16 1.48554e-05 8.71432e-05 0.000414144 0.00159432 0.00497159 0.0125581 0.0256979 0.0426058 0.0572448 0.0623634 0.0551747 0.039858 0.0239941 0.0130194 0.00809041 0.00773353 0.0101613 0.0142555 0.0194421 0.0253132 0.0314136 0.0372113 0.0421709 0.045857 0.0480185 0.0486235 0.047833 0.0459309 0.0432351 0.0400261 0.0365097 0.0328186 0.0290372 0.0252344 0.0214861
 1.06537e-16 2.11959e-05 0.000124375 0.000591165 0.00227592 0.00709716 0.017927 0.0366824 0.0608103 0.0816821 0.0889273 0.0785377 0.0564329 0.0333657 0.0170022 0.00887738 0.00676675 0.00802082 0.0110043 0.014952 0.0194498 0.0241243 0.0285644 0.0323627 0.0351927 0.0368718 0.0373866 0.0368701 0.0355447 0.0336517 0.0313955 0.0289158 0.0262917 0.0235646 0.0207678 0.0179472
 1.04432e-16 2.24192e-05 0.000131552 0.000625273 0.00240723 0.00750662 0.0189614 0.0387992 0.0643203 0.0863998 0.0940714 0.0830995 0.0597512 0.0354081 0.018189 0.00972769 0.00767768 0.00923313 0.0126445 0.0170614 0.021983 0.0269363 0.0314066 0.0349013 0.0370499 0.0376849 0.0368716 0.0348735 0.0320711 0.0288624 0.0255785 0.0224384 0.0195454 0.0169159 0.014521 0.0123228
 1.02835e-16 2.60918e-05 0.000153117 0.000727805 0.00280201 0.00873776 0.022071 0.0451615 0.0748646 0.100555 0.109459 0.0966358 0.0693605 0.0408536 0.0205275 0.010238 0.00720705 0.0081328 0.0109688 0.0147547 0.0189838 0.0232242 0.0270205 0.0299393 0.0316549 0.0320208 0.0310966 0.0291186 0.0264298 0.0233927 0.0203142 0.017404 0.0147691 0.0124357 0.0103833 0.00857598
 1.02169e-16 2.57738e-05 0.000151247 0.000718909 0.00276775 0.0086309 0.0218012 0.0446095 0.0739506 0.0993299 0.108134 0.0954836 0.068573 0.040469 0.0204803 0.0104532 0.00765541 0.00883197 0.0119569 0.0160615 0.0206082 0.0251187 0.0290857 0.0320293 0.0335959 0.033637 0.0322396 0.0296916 0.0264015 0.0227973 0.0192405 0.0159758 0.0131237 0.0107051 0.00868002 0.00698581
 1.02689e-16 2.11317e-05 0.000123987 0.000589296 0.00226868 0.00707456 0.0178701 0.0365668 0.0606219 0.0814391 0.0886892 0.0783903 0.0564637 0.0336578 0.0176536 0.0100254 0.00859515 0.0107402 0.0148089 0.0199606 0.0256429 0.031292 0.0362857 0.0400288 0.0420788 0.0422435 0.0406197 0.0375518 0.0335341 0.0290887 0.0246596 0.0205523 0.0169235 0.0138098 0.0111749 0.00895343
 1.03605e-16 2.13293e-05 0.000125152 0.000594843 0.00229006 0.00714123 0.0180384 0.0369109 0.0611909 0.0821991 0.0895052 0.0790841 0.0569036 0.0338006 0.0175113 0.00960564 0.00786817 0.00964383 0.0132753 0.0179482 0.0231658 0.028441 0.0332357 0.0370268 0.0394119 0.0401935 0.039414 0.0373235 0.0343016 0.0307577 0.0270467 0.0234209 0.0200239 0.0169133 0.0140978 0.0115682
 1.04131e-16 2.03658e-05 0.000119494 0.000567941 0.00218648 0.0068182 0.0172225 0.0352416 0.0584245 0.0784857 0.0854692 0.0755357 0.0543889 0.0323842 0.0169194 0.00950752 0.00804691 0.0100126 0.0138234 0.0186904 0.0241127 0.0295862 0.0345507 0.0384638 0.0409112 0.0416948 0.0408677 0.0386994 0.0355912 0.0319715 0.0282062 0.024549 0.0211361 0.0180133 0.0151761 0.0126052
 1.03638e-16 2.45483e-05 0.000144055 0.000684726 0.00263615 0.00822052 0.0207645 0.0424883 0.0704338 0.0946051 0.102987 0.0909326 0.0652903 0.0385035 0.0194351 0.00984121 0.00711973 0.00817569 0.0110926 0.0149705 0.0193295 0.0237513 0.0277886 0.0310092 0.033081 0.0338408 0.0333225 0.0317303 0.0293725 0.0265799 0.0236358 0.0207379 0.0179945 0.0154457 0.0130949 0.0109356
 1.03061e-16 2.3432e-05 0.000137497 0.000653533 0.00251603 0.00784592 0.0198184 0.0405528 0.0672273 0.090304 0.0983205 0.0868489 0.062438 0.0369818 0.0189626 0.0100839 0.00788762 0.0094349 0.012891 0.0173617 0.0223195 0.0272678 0.0316694 0.035012 0.0369137 0.037208 0.0359749 0.0335056 0.0302178 0.0265503 0.0228733 0.0194373 0.0163667 0.0136863 0.011363 0.00934436
 1.03421e-16 2.08151e-05 0.00012213 0.000580473 0.00223472 0.00696865 0.0176025 0.0360192 0.0597138 0.0802181 0.0873567 0.0772059 0.0555962 0.0331122 0.0173158 0.00975417 0.00827895 0.0103072 0.0142177 0.0191956 0.0247167 0.0302517 0.0352141 0.0390392 0.0413006 0.0418026 0.0406165 0.0380436 0.0345254 0.0305315 0.0264628 0.0225975 0.0190828 0.0159623 0.0132188 0.0108131
 1.0353e-16 2.36634e-05 0.000138859 0.000660017 0.00254101 0.00792382 0.0200151 0.040955 0.0678929 0.0911948 0.0992814 0.0876765 0.0629869 0.0372148 0.0189135 0.00978873 0.00734498 0.00860858 0.0117343 0.015845 0.020455 0.0251254 0.0293814 0.0327637 0.0349189 0.0356733 0.0350632 0.0333063 0.0307326 0.0276971 0.0245057 0.0213738 0.0184221 0.0156972 0.0132052 0.0109393
 1.03364e-16 2.23593e-05 0.000131198 0.000623587 0.00240073 0.00748635 0.0189102 0.0386946 0.0641475 0.0861695 0.0938253 0.0828932 0.0596271 0.0353831 0.0182653 0.00991147 0.00798915 0.00970474 0.0133116 0.01795 0.0230984 0.0282527 0.0328623 0.0363998 0.0384695 0.0388943 0.037748 0.0353202 0.0320303 0.0283205 0.0245653 0.0210198 0.0178136 0.0149776 0.012486 0.0102945
 1.04592e-16 1.53959e-05 9.03079e-05 0.00042917 0.00165214 0.00515188 0.0130136 0.0266306 0.0441543 0.0593319 0.0646541 0.0572418 0.0414389 0.0251199 0.0139427 0.00913208 0.00918235 0.0122464 0.0171417 0.0232103 0.0299247 0.0366752 0.0427638 0.0475122 0.0504044 0.051198 0.0499675 0.0470615 0.0429955 0.0383196 0.0335045 0.0288777 0.0246151 0.0207737 0.017342 0.0142855
pSPR Fmed_Fpbrs
0.654936   0.255602 0.255602
Fs Fmed_Fpbrs
0.225027   1.005 1.005
SSBpbr Bo_Bmed_Bpbrs
1.15635e+06  699518  237748 237748
Ro
53103.6
SPR SPRFo_SPRFmed_SPRFpbrs
1.09063e+06 714293 278767
log_Ro
10.7
likeval ReclasPelacesDesembMPH_pf_preclas_ppelaces_ptallas_desvR_qrecl_qpela
 151.116 63.5388 0.0457962 0.000919479 344.271 212.095 80.9339 0 13.8714 0 0 0 0 0 0
q_reclas_q_pelaces
1 1
M
0.7
N
 66257.9 17556.8 6256.82 714.27 0.348781
 63443.5 28570.2 6573.59 2342.66 267.566
 38379.8 27957.4 11172.2 2570.56 1020.71
 43501.6 15443.8 9116.03 3642.9 1171
 72322.9 20654.6 7011.04 4138.42 2185.37
 62147.6 35553.2 10051.5 3411.89 3077.44
 105824 27173.7 13687.8 3869.75 2498.36
 100350 48884.8 11677 5881.87 2736.48
 125827 43477.9 18479.3 4414.1 3257.89
 122008 53973.9 16109.9 6847.16 2842.71
 71467.4 53829.5 21156.9 6314.83 3798.27
 43919.5 27325.9 15847.4 6228.59 2977.3
 45657.5 17010 8254.23 4786.97 2780.79
 29145.7 15689.8 4045.04 1962.88 1799.64
 20968.4 7624.73 2162.34 557.48 518.544
 19613.4 6188.44 1337.41 379.283 188.738
 17454.8 7897.24 2020.38 436.63 185.445
 19935.1 7460.27 2905.09 743.219 228.838
 22098.8 8958.07 3033.56 1181.29 395.267
 37840.3 10075.7 3749.99 1269.9 659.973
 53809.2 17313.8 4247.7 1580.92 813.596
 64262.3 25733.1 7973.86 1956.28 1102.79
 105643 30352.6 11560.5 3582.22 1374.28
 140736 49435.8 13384.5 5097.81 2185.66
 101628 66208.2 22032.4 5965.18 3246.08
pred_Ctot
 6325.8 3157.11 1125.11 128.442 0.0627185
 5173.46 4427.39 1018.68 363.031 41.4634
 5299.18 7072.3 2826.19 650.266 258.206
 1376 958.053 565.511 225.986 72.6428
 523.495 297.678 101.045 59.6437 31.496
 5380.26 5830.46 1648.36 559.524 504.677
 5331.53 2653.59 1336.66 377.893 243.972
 9275.02 8526.84 2036.78 1025.96 477.317
 12428.9 8071.8 3430.74 819.491 604.836
 9854.17 8288.4 2473.89 1051.47 436.536
 12002.1 16239.2 6382.59 1905.05 1145.86
 7051.21 7919.65 4592.94 1805.19 862.888
 10328.8 6646.38 3225.2 1870.43 1086.55
 10286.3 8749.42 2255.71 1094.6 1003.57
 6301.97 3758.91 1066.01 274.832 255.637
 2700.75 1561.63 337.488 95.7103 47.6273
 1763.98 1497.81 383.191 82.8127 35.1721
 1371.25 983.153 382.848 97.9453 30.1574
 1307.34 1021.53 345.931 134.708 45.0741
 2149.4 1104.84 411.201 139.249 72.3686
 1433.64 907.504 222.644 82.8642 42.6447
 2264.56 1774.44 549.843 134.897 76.044
 4395.84 2461.55 937.538 290.513 111.452
 5344.91 3667.56 992.976 378.198 162.151
 3664.49 4669.09 1553.75 420.672 228.918
F
 0.141192 0.282384 0.282384 0.282384 0.282384
 0.119469 0.238938 0.238938 0.238938 0.238938
 0.210323 0.420647 0.420647 0.420647 0.420647
 0.0448605 0.0897209 0.0897209 0.0897209 0.0897209
 0.0101099 0.0202198 0.0202198 0.0202198 0.0202198
 0.127263 0.254526 0.254526 0.254526 0.254526
 0.0723155 0.144631 0.144631 0.144631 0.144631
 0.136407 0.272814 0.272814 0.272814 0.272814
 0.146409 0.292817 0.292817 0.292817 0.292817
 0.118268 0.236535 0.236535 0.236535 0.236535
 0.261407 0.522815 0.522815 0.522815 0.522815
 0.248554 0.497109 0.497109 0.497109 0.497109
 0.368156 0.736312 0.736312 0.736312 0.736312
 0.640909 1.28182 1.28182 1.28182 1.28182
 0.520333 1.04067 1.04067 1.04067 1.04067
 0.2097 0.419399 0.419399 0.419399 0.419399
 0.150024 0.300049 0.300049 0.300049 0.300049
 0.0999269 0.199854 0.199854 0.199854 0.199854
 0.085401 0.170802 0.170802 0.170802 0.170802
 0.0818722 0.163744 0.163744 0.163744 0.163744
 0.0376673 0.0753345 0.0753345 0.0753345 0.0753345
 0.0500925 0.100185 0.100185 0.100185 0.100185
 0.0593902 0.11878 0.11878 0.11878 0.11878
 0.0540804 0.108161 0.108161 0.108161 0.108161
 0.0512828 0.102566 0.102566 0.102566 0.102566
nmprior
 10.6 11 7 0
nm_flota  nm_reclas  nm_pelaces    nm_pelaL
inf 13.6207 14.5907 32.606
cv_recla  cv_pelaces  cv_mph
1.11194 0.90384 0.983805
 ------------------------------------------------
Talla a la edad & desviación 
 7.2 14.2025 17.0495 18.207 18.6776
 1.08 2.13037 2.55742 2.73105 2.80164
