years
 1997 1998 1999 2000 2001 2002 2003 2004 2005 2006 2007 2008 2009 2010 2011 2012 2013 2014 2015 2016 2017 2018 2019 2020 2021
reclasobs
 0 0 0 370054 412103 1.49427e+06 250295 1.28982e+06 931140 785840 897777 1.04006e+06 184774 17550 25797 100020 73551 82996 120727 218422 84188 347160 605670 569463 516374
reclaspred
 1.29433e+06 260419 527232 158184 208465 262880 516258 434278 675041 1.15444e+06 1.19551e+06 669692 403494 213339 131824 115507 122421 159474 140575 179454 361965 367037 567667 569960 458849
pelacesobs
 0 0 0 0 0 0 0 0 0 2.06254e+06 1.5e+06 0 1.87456e+06 323000 250000 174000 83755 137374 0 501740 490994 745055 786931 1.00524e+06 1.33801e+06
pelacespred
 770432 264489 142895 111283 121701 105171 268958 244173 370901 666549 605375 344771 216286 92035.3 54930.7 54923.1 60515.3 79380.2 73179.2 90841.8 198758 213307 250521 300438 229027
mphobs
 0 0 0 0 0 112323 0 153150 637223 0 255016 313432 73983 77613 109348 50772 0 0 0 0 0 0 0 0 0
mphpred
 976889 479642 375118 214498 124626 264045 297483 433155 471833 783939 1.27223e+06 760300 393870 278397 127142 100791 100337 124303 140990 118305 245586 346532 405786 493761 486377
desembarqueobs
 350755 77701 442110 56441 14545 235359 269955 359681 431902 328805 639364 411747 362871 311530 167758 66681 60226 58785 57116 73181 50977 67692 138656 160484 209506
desembarquepred
 350661 77672.1 441525 56364.8 14536.5 235056 269590 358971 431858 328586 638673 411549 362212 310617 167469 66577.3 60254.7 58713.5 56992.2 73103.2 50967.8 67672.7 138591 160396 209219
Reclutas
 42887.6 49690.9 1048.56 4090.2 43926.9 20284.7 56204.4 64262.9 118233 215711 30742 17638.1 73726.8 26156.7 17938.7 13852.7 11356.5 12264.3 5244.14 28846 35976.1 35668 50059 44977.4 858.212
log_desv_Rt
 0.626337 0.773578 -3.08483 -1.72365 0.650283 -0.122378 0.896749 1.03074 1.64041 2.2417 0.293386 -0.262182 1.16812 0.13186 -0.245282 -0.503766 -0.702457 -0.625555 -1.47513 0.229726 0.450611 0.442009 0.780958 0.673916 -3.28515
SSB
 976889 479642 375118 214498 124626 264045 297483 433155 471833 783939 1.27223e+06 760300 393870 278397 127142 100791 100337 124303 140990 118305 245586 346532 405786 493761 486377
BT
 2.30722e+06 639271 487736 274281 343306 389081 1.02129e+06 985512 1.45953e+06 2.09469e+06 1.72594e+06 1.03914e+06 909490 491178 276706 178065 191690 231047 191834 300721 537010 491742 623326 771783 589166
Ftot
 0.261309 0.28733 0.767075 0.341032 0.0681309 0.818701 0.497672 0.770193 0.605937 0.275138 0.504072 0.575809 0.830985 1.26834 1.13576 0.544382 0.46821 0.353114 0.386777 0.391013 0.137001 0.178789 0.235841 0.271219 0.432529
BD_Bspro_t
 0.962176 0.779555 0.63834 0.331445 0.334245 0.579161 0.454849 0.502111 0.481048 0.550052 0.626376 0.426585 0.291857 0.257832 0.152294 0.144214 0.186824 0.290144 0.371744 0.394572 0.594514 0.724298 0.723983 0.69889 0.636457
BD_Bspro
 2.07479 1.0187 0.796704 0.455567 0.264691 0.5608 0.631819 0.919968 1.00212 1.66499 2.70207 1.61479 0.836533 0.591282 0.270035 0.214068 0.213103 0.264005 0.299446 0.251266 0.521595 0.735993 0.861839 1.04869 1.03301
BD_Bo
 1.10515 0.542619 0.424371 0.242661 0.14099 0.298714 0.336543 0.490028 0.533784 0.88687 1.43928 0.860128 0.445585 0.314951 0.143836 0.114025 0.113511 0.140624 0.159502 0.133839 0.277831 0.392032 0.459065 0.558592 0.550239
BD_Brms
 5.37521 2.63917 2.06404 1.18025 0.685741 1.45288 1.63687 2.38338 2.5962 4.31353 7.00031 4.18346 2.16722 1.53185 0.699584 0.554589 0.552091 0.683962 0.775782 0.650961 1.35131 1.90675 2.23278 2.71686 2.67623
S_f
 0.5 1 1 1 1
 0.5 1 1 1 1
 0.5 1 1 1 1
 0.5 1 1 1 1
 0.5 1 1 1 1
 0.5 1 1 1 1
 0.5 1 1 1 1
 0.5 1 1 1 1
 0.5 1 1 1 1
 0.5 1 1 1 1
 0.5 1 1 1 1
 0.5 1 1 1 1
 0.5 1 1 1 1
 0.5 1 1 1 1
 0.5 1 1 1 1
 0.5 1 1 1 1
 0.5 1 1 1 1
 0.5 1 1 1 1
 0.5 1 1 1 1
 0.5 1 1 1 1
 0.5 1 1 1 1
 0.5 1 1 1 1
 0.5 1 1 1 1
 0.5 1 1 1 1
 0.5 1 1 1 1
Scru_reclas
 0.5 1 1 1 1
 0.5 1 1 1 1
 0.5 1 1 1 1
 0.5 1 1 1 1
 0.5 1 1 1 1
 0.5 1 1 1 1
 0.5 1 1 1 1
 0.5 1 1 1 1
 0.5 1 1 1 1
 0.5 1 1 1 1
 0.5 1 1 1 1
 0.5 1 1 1 1
 0.5 1 1 1 1
 0.5 1 1 1 1
 0.5 1 1 1 1
 0.5 1 1 1 1
 0.5 1 1 1 1
 0.5 1 1 1 1
 0.5 1 1 1 1
 0.5 1 1 1 1
 0.5 1 1 1 1
 0.5 1 1 1 1
 0.5 1 1 1 1
 0.5 1 1 1 1
 0.5 1 1 1 1
Scru_pelaces
 0.5 1 1 1 1
 0.5 1 1 1 1
 0.5 1 1 1 1
 0.5 1 1 1 1
 0.5 1 1 1 1
 0.5 1 1 1 1
 0.5 1 1 1 1
 0.5 1 1 1 1
 0.5 1 1 1 1
 0.5 1 1 1 1
 0.5 1 1 1 1
 0.5 1 1 1 1
 0.5 1 1 1 1
 0.5 1 1 1 1
 0.5 1 1 1 1
 0.5 1 1 1 1
 0.5 1 1 1 1
 0.5 1 1 1 1
 0.5 1 1 1 1
 0.5 1 1 1 1
 0.5 1 1 1 1
 0.5 1 1 1 1
 0.5 1 1 1 1
 0.5 1 1 1 1
 0.5 1 1 1 1
pf_obs 
 0.256992 0.487395 0.22802 0.0275931 0
 0.321318 0.546541 0.124235 0.00734118 0.000564706
 0.182869 0.594174 0.210203 0.0122559 0.00049798
 0.330522 0.361315 0.267642 0.0388342 0.00168674
 0.649043 0.306663 0.0425973 0.00169635 0
 0.582887 0.30429 0.105238 0.00758474 0
 0.465427 0.430635 0.0974691 0.00646863 0
 0.296916 0.608066 0.0921331 0.00288517 0
 0.311714 0.524322 0.152257 0.0117073 0
 0.15457 0.633149 0.183074 0.0267441 0.00246327
 0.131901 0.49318 0.331252 0.0422183 0.00144891
 0.196976 0.569456 0.194076 0.0375587 0.00193317
 0.518974 0.381816 0.0799577 0.0180837 0.00116848
 0.0928022 0.601141 0.25162 0.0475244 0.00691264
 0.122501 0.610282 0.24278 0.0234846 0.000952079
 0.383417 0.481906 0.127806 0.00687128 0
 0.0376549 0.599619 0.316969 0.0457579 0
 0.0361596 0.667082 0.258105 0.0386534 0
 0.158088 0.579412 0.248529 0.0139706 0
 0.0477256 0.309471 0.559284 0.082774 0.000745712
 0.0406174 0.521527 0.379366 0.0568643 0.0016247
 0.151134 0.462217 0.34131 0.0453401 0
 0.294876 0.26143 0.354403 0.0886775 0.000613685
 0.281977 0.475581 0.204845 0.0348837 0.00271318
 0.0354234 0.537034 0.353287 0.0723622 0.0018943
pf_pred 
 0.455754 0.273982 0.136055 0.067563 0.0666465
 0.476258 0.337036 0.0939908 0.0466744 0.0460412
 0.0186075 0.651552 0.212257 0.0591931 0.0583901
 0.220276 0.0355676 0.49405 0.160947 0.0891594
 0.833316 0.0640196 0.00468311 0.0650504 0.032931
 0.339792 0.601219 0.0226564 0.00165734 0.0346754
 0.725871 0.155938 0.10763 0.00405596 0.00650431
 0.596572 0.346845 0.0321871 0.0222159 0.00217974
 0.708304 0.230046 0.0530035 0.0049187 0.00372805
 0.692309 0.262536 0.035611 0.00820491 0.00133851
 0.131606 0.72046 0.126225 0.0171214 0.00458838
 0.178578 0.21365 0.504235 0.0883422 0.0151942
 0.692138 0.10474 0.0528316 0.124688 0.0256026
 0.368267 0.538647 0.0316696 0.0159744 0.0454425
 0.505805 0.313844 0.153776 0.00904121 0.0175336
 0.533208 0.34765 0.0756626 0.0370728 0.00640675
 0.465174 0.389608 0.108153 0.0235385 0.0135264
 0.496478 0.335419 0.122459 0.033994 0.01165
 0.276457 0.496324 0.151361 0.0552606 0.0205973
 0.770731 0.105679 0.0847782 0.0258542 0.0129574
 0.581348 0.369588 0.0226155 0.0181427 0.00830577
 0.45212 0.40693 0.124431 0.00761404 0.00890452
 0.50771 0.312393 0.133616 0.040857 0.00542388
 0.425975 0.395012 0.113596 0.0485872 0.0168292
 0.0146137 0.607028 0.260366 0.0748751 0.0431181
pobs_RECLAS
 0 0 0 0 0
 0 0 0 0 0
 0 0 0 0 0
 0 0 0 0 0
 0.835266 0.146461 0.0176864 0.000547809 3.91292e-05
 0.385257 0.428462 0.181853 0.0044286 0
 0.867414 0.0963971 0.0333333 0.00285562 0
 0.441836 0.489002 0.0689373 0.000224442 0
 0.779404 0.147425 0.0564933 0.0165055 0.000172143
 0.814271 0.122319 0.05973 0.00367925 0
 0.40263 0.566651 0.0304383 0.000280538 0
 0.475488 0.404961 0.113038 0.00651328 0
 0.955842 0.0263864 0.0167828 0.000988607 0
 0.975058 0.0227948 0.00214734 0 0
 0.738997 0.206755 0.0527124 0.00153531 0
 0.850938 0.134255 0.0134407 0.00136685 0
 0.542534 0.407297 0.0501686 0 0
 0.764087 0.199537 0.0359546 0.000420521 0
 0.470689 0.182191 0.310203 0.0369168 0
 0.84361 0.089868 0.0606195 0.00523954 0.000663233
 0.607945 0.314616 0.071237 0.00620181 0
 0.523733 0.453247 0.0230204 0 0
 0.530135 0.295979 0.169645 0.0042399 0
 0.562478 0.366248 0.0663022 0.0049721 0
 0.250443 0.683176 0.0655157 0.000865301 0
ppred_RECLAS
 0.458142 0.272779 0.135458 0.0672665 0.066354
 0.478955 0.3353 0.0935068 0.0464341 0.0458042
 0.019346 0.651062 0.212097 0.0591486 0.0583462
 0.222582 0.0354624 0.492589 0.160471 0.0888957
 0.833609 0.063907 0.00467487 0.064936 0.032873
 0.349631 0.592259 0.0223188 0.00163264 0.0341587
 0.730194 0.153479 0.105933 0.00399199 0.00640173
 0.606138 0.338621 0.0314239 0.0216892 0.00212805
 0.714159 0.225428 0.0519395 0.00481996 0.00365321
 0.694488 0.260677 0.0353587 0.0081468 0.00132903
 0.134165 0.718337 0.125853 0.0170709 0.00457486
 0.182511 0.212627 0.501821 0.0879192 0.0151215
 0.701539 0.101542 0.0512183 0.12088 0.0248208
 0.387879 0.521925 0.0306865 0.0154785 0.0440318
 0.52343 0.302651 0.148291 0.00871877 0.0169083
 0.539333 0.343088 0.0746698 0.0365863 0.00632268
 0.470186 0.385956 0.10714 0.0233179 0.0133997
 0.499973 0.333091 0.121609 0.0337581 0.0115692
 0.279608 0.494163 0.150701 0.0550199 0.0205076
 0.773532 0.104388 0.0837425 0.0255384 0.0127991
 0.582451 0.368614 0.0225559 0.0180949 0.00828388
 0.453642 0.4058 0.124085 0.00759289 0.00887978
 0.509837 0.311044 0.133039 0.0406805 0.00540046
 0.42844 0.393316 0.113109 0.0483786 0.016757
 0.0148773 0.606865 0.260296 0.0748551 0.0431066
pobs_PELACES
 0 0 0 0 0
 0 0 0 0 0
 0 0 0 0 0
 0 0 0 0 0
 0 0 0 0 0
 0 0 0 0 0
 0 0 0 0 0
 0 0 0 0 0
 0 0 0 0 0
 0 0 0 0 0
 0.450072 0.473896 0.0757376 0.000293798 0
 0 0 0 0 0
 0.463077 0.371075 0.160297 0.00555027 0
 0.529543 0.364841 0.0842815 0.0213345 0
 0.631943 0.363953 0.00410389 0 0
 0.735681 0.248677 0.0153453 0.000297389 0
 0.695825 0.281241 0.0229344 0 0
 0.275771 0.60734 0.115278 0.00161068 0
 0 0 0 0 0
 0.896147 0.0623911 0.0374545 0.00400742 0
 0.803859 0.145111 0.0509908 3.86294e-05 0
 0.739449 0.233085 0.0266225 0.000797448 4.60066e-05
 0.878498 0.100942 0.0204185 0.000141795 0
 0.694673 0.275183 0.0284847 0.00165964 0
 0.469039 0.446079 0.0841089 0.000773354 0
ppred_PELACES
 0.468863 0.267382 0.132778 0.0659356 0.0650411
 0.490796 0.32768 0.0913818 0.0453789 0.0447632
 0.0218992 0.649367 0.211545 0.0589946 0.0581943
 0.232471 0.0350113 0.486323 0.15843 0.0877649
 0.835163 0.0633103 0.00463123 0.0643298 0.0325661
 0.380936 0.563751 0.0212445 0.00155406 0.0325145
 0.746063 0.144452 0.0997025 0.0037572 0.00602521
 0.636033 0.312919 0.0290387 0.0200429 0.00196653
 0.734125 0.209682 0.0483117 0.0044833 0.00339805
 0.704035 0.252532 0.0342539 0.00789223 0.0012875
 0.144124 0.710074 0.124405 0.0168746 0.00452224
 0.197116 0.208828 0.492856 0.0863485 0.0148513
 0.729433 0.0920514 0.0464314 0.109583 0.022501
 0.438571 0.478702 0.0281452 0.0141966 0.0403853
 0.569838 0.273179 0.133851 0.00786974 0.0152618
 0.561557 0.326537 0.0710676 0.0348213 0.00601766
 0.489466 0.371911 0.103241 0.0224694 0.012912
 0.514535 0.323391 0.118067 0.032775 0.0112322
 0.292642 0.485222 0.147975 0.0540245 0.0201365
 0.784635 0.0992702 0.0796371 0.0242864 0.0121717
 0.587938 0.36377 0.0222594 0.0178571 0.00817502
 0.460963 0.400362 0.122422 0.00749115 0.00876079
 0.519556 0.304876 0.130401 0.0398738 0.00529337
 0.439432 0.385752 0.110933 0.0474482 0.0164347
 0.0159603 0.606198 0.26001 0.0747728 0.0430592
pobs_pel_tallas
 0 0 0 0 0 0 0 0 0 0 0 0 0 0 0 0 0 0 0 0 0 0 0 0 0 0 0 0 0 0 0 0 0 0 0 0
 0 0 0 0 0 0 0 0 0 0 0 0 0 0 0 0 0 0 0 0 0 0 0 0 0 0 0 0 0 0 0 0 0 0 0 0
 0 0 0 0 0 0 0 0 0 0 0 0 0 0 0 0 0 0 0 0 0 0 0 0 0 0 0 0 0 0 0 0 0 0 0 0
 0 0 0 0 0 0 0 0 0 0 0 0 0 0 0 0 0 0 0 0 0 0 0 0 0 0 0 0 0 0 0 0 0 0 0 0
 0 0 0 0 0 0 0 0 0 0 0 0 0 0 0 0 0 0 0 0 0 0 0 0 0 0 0 0 0 0 0 0 0 0 0 0
 0 0 0 0 0 0 0 0 0 0 0 0 0 0 0 0 0 0 0 0 0 0 0 0 0 0 0 0 0 0 0 0 0 0 0 0
 0 0 0 0 0 0 0 0 0 0 0 0 0 0 0 0 0 0 0 0 0 0 0 0 0 0 0 0 0 0 0 0 0 0 0 0
 0 0 0 0 0 0 0 0 0 0 0 0 0 0 0 0 0 0 0 0 0 0 0 0 0 0 0 0 0 0 0 0 0 0 0 0
 0 0 0 0 0 0 0 0 0 0 0 0 0 0 0 0 0 0 0 0 0 0 0 0 0 0 0 0 0 0 0 0 0 0 0 0
 0 0 0 0 0 0 0 0 0 0 0 0 0 0 0 0 0 0 0 0 0 0 0 0 0 0 0 0 0 0 0 0 0 0 0 0
 0 0 0 0 0 0 0 0 1.78061e-05 0.00172719 0.00360574 0.0105946 0.0120993 0.0124554 0.0147524 0.0171206 0.0266825 0.0428682 0.0675386 0.121331 0.153587 0.119568 0.100827 0.0573624 0.0630603 0.0341343 0.0324427 0.0444173 0.0211091 0.0280891 0.0125444 0.00206551 0 0 0 0
 0 0 0 0 0 0 0 0 0 0 0 0 0 0 0 0 0 0 0 0 0 0 0 0 0 0 0 0 0 0 0 0 0 0 0 0
 0 0 0 0 0 0 0.0133647 0.0140871 0.0187388 0.0205184 0.03894 0.0496705 0.03968 0.0493445 0.0407372 0.0367815 0.0215668 0.0243155 0.0234873 0.0199281 0.019796 0.0243948 0.0301388 0.0376714 0.0412746 0.0863199 0.0771752 0.113111 0.0741005 0.0525337 0.0229764 0.00759418 0.00175318 0 0 0
 0 0 0 0 0 0 0 0 0 0 0.00219441 0.00772107 0.0458388 0.0604681 0.0671733 0.0775358 0.0609151 0.0617685 0.073594 0.0568108 0.0755445 0.0548602 0.0670107 0.0636378 0.0643287 0.046367 0.0373049 0.0286899 0.0247887 0.0153202 0.00654259 0.00121912 0.000365735 0 0 0
 0 0 0 0 0 0 0 0 0 0 0 0 0.000112435 0.00938835 0.0111873 0.0202946 0.0414886 0.0713402 0.111592 0.104902 0.108894 0.110636 0.117776 0.105296 0.107544 0.0401394 0.0192827 0.0124803 0.00416011 0.0028671 0.000618394 0 0 0 0 0
 0 0 0 0 0 0 0 0 0 0 0.00291406 0.0102884 0.027416 0.0768956 0.0749926 0.110853 0.0956884 0.0897413 0.0766577 0.0534642 0.0500743 0.0551293 0.0594112 0.0620874 0.0668451 0.0424026 0.0208742 0.0120726 0.0048766 0.00582813 0.00118941 0.000297354 0 0 0 0
 0 0.00264628 0.0354308 0.0461629 0.0458689 0.0383711 0.0214643 0.0164657 0.0346957 0.0420465 0.0363128 0.0245516 0.0311673 0.0291091 0.0169068 0.0133784 0.00837989 0.0085269 0.0148486 0.0160247 0.0276389 0.0546898 0.0760071 0.122758 0.109233 0.0665981 0.0333725 0.0166128 0.00676272 0.00308733 0.000882094 0 0 0 0 0
 0 0 0 0 0 0 0 0.000805153 0.000690131 0.00759144 0.0133425 0.0154129 0.00931677 0.000345066 0.00356568 0.00563607 0.00851162 0.0253048 0.0502646 0.0516448 0.0657925 0.0565908 0.0611916 0.0827007 0.0866115 0.110766 0.145733 0.0935128 0.0569358 0.0249597 0.0138026 0.00621118 0.00161031 0.00115022 0 0
 0 0 0 0 0 0 0 0 0 0 0 0 0 0 0 0 0 0 0 0 0 0 0 0 0 0 0 0 0 0 0 0 0 0 0 0
 0.00147267 0.00158595 0.00478618 0.00569244 0.00954404 0.0108468 0.00647125 0.017049 0.0510054 0.094081 0.124002 0.0959785 0.0687766 0.0820023 0.061753 0.0591476 0.0492212 0.0479892 0.0443925 0.0268479 0.0217502 0.0140895 0.0121071 0.0120363 0.00920419 0.00665534 0.0049561 0.00860946 0.00930331 0.0156896 0.0114698 0.00855282 0.00243557 0.00046729 0 2.83206e-05
 0 0 0 0 0.000772559 0.00158375 0.000888443 0.00281984 0.00712685 0.0440552 0.0773331 0.111326 0.0921469 0.0852325 0.0710754 0.0886704 0.0786465 0.0553345 0.0373146 0.0185414 0.00753245 0.00457741 0.012979 0.0271748 0.0457355 0.0583668 0.034881 0.0177882 0.00938659 0.00492506 0.0015258 0.00185414 0.000309023 5.79419e-05 3.86279e-05 0
 0 0.00173294 0.00326652 0 0.00397197 0.00683976 0.00946217 0.0152591 0.00757587 0.0136028 0.0228656 0.0392903 0.0559909 0.0764795 0.0681675 0.0726916 0.0566044 0.0477403 0.0527397 0.0444891 0.0609904 0.0582453 0.0661739 0.0445044 0.0529084 0.0360697 0.0280645 0.0235558 0.0158879 0.00826598 0.00280645 0.00217768 0.000904811 0.00058276 9.20147e-05 0
 0 0 0 0 0 0 0 0 0 0 0 0 0 0 0 0 0 0 0 0 0 0 0 0 0 0 0 0 0 0 0 0 0 0 0 0
 0 0 0 0 0 0 0 0 0 0 0 0 0 0 0 0 0 0 0 0 0 0 0 0 0 0 0 0 0 0 0 0 0 0 0 0
 0 0 0 0 0 0 0 0 0 0 0 0 0 0 0 0 0 0 0 0 0 0 0 0 0 0 0 0 0 0 0 0 0 0 0 0
ppred_pel_tallas
 1.07277e-16 2.04682e-05 0.000120103 0.000570856 0.00219773 0.00685332 0.0173111 0.0354222 0.0587215 0.0788774 0.0858766 0.0758501 0.0545162 0.0322616 0.0164938 0.00870087 0.00674107 0.00806182 0.0110878 0.01508 0.0196344 0.0243811 0.0289109 0.0328173 0.0357732 0.037594 0.0382625 0.0379059 0.0367385 0.0349921 0.0328608 0.0304745 0.027904 0.0251856 0.0223512 0.0194491
 1.05055e-16 2.1427e-05 0.000125726 0.000597578 0.00230059 0.00717408 0.0181214 0.0370806 0.0614719 0.0825753 0.0899119 0.0794362 0.0571412 0.0339099 0.017509 0.0095094 0.00767869 0.00934398 0.0128379 0.0173453 0.0223774 0.0274631 0.0320865 0.0357511 0.038081 0.038902 0.0382711 0.0364423 0.0337863 0.0306909 0.0274782 0.0243604 0.0214376 0.0187275 0.0162064 0.0138462
 1.07961e-16 9.94206e-07 5.73772e-06 2.70712e-05 0.000103885 0.000323649 0.000818229 0.00167948 0.00280399 0.00382641 0.00432405 0.0041952 0.00383492 0.00391827 0.00504618 0.00759115 0.0117577 0.0176547 0.0252609 0.0343259 0.0442964 0.0543299 0.063411 0.0705455 0.0749754 0.0763441 0.0747592 0.0707276 0.0649981 0.0583657 0.0515055 0.0448805 0.0387319 0.0331303 0.0280523 0.0234482
 1.1646e-16 1.01517e-05 5.95557e-05 0.00028305 0.00108968 0.00339795 0.00858291 0.0175621 0.0291126 0.0391022 0.0425638 0.0375753 0.0269668 0.0158836 0.00799797 0.00405897 0.00303954 0.00374668 0.00552283 0.00818138 0.0117477 0.0162794 0.021778 0.0281465 0.0351676 0.0425 0.0496944 0.0562312 0.0615793 0.0652663 0.0669484 0.0664653 0.063868 0.05941 0.0535074 0.0466734
 1.03819e-16 3.64321e-05 0.000213844 0.00101656 0.00391385 0.012205 0.0308288 0.0630788 0.104556 0.140405 0.152757 0.134669 0.0962401 0.0558426 0.0264967 0.0106431 0.00425032 0.00259832 0.0028156 0.00369079 0.00481489 0.00603474 0.00725133 0.00837872 0.00935 0.0101278 0.0107072 0.0111071 0.0113557 0.0114746 0.0114682 0.0113229 0.011015 0.0105223 0.00983732 0.00897406
 1.02058e-16 1.66461e-05 9.76366e-05 0.000463988 0.00178616 0.00556978 0.0140694 0.0287915 0.0477393 0.0641554 0.0699266 0.0619484 0.0449295 0.0274004 0.0154996 0.0105732 0.0110074 0.0148001 0.0206356 0.0277233 0.0353712 0.0427698 0.0490128 0.0532527 0.0548925 0.0537315 0.0500149 0.0443631 0.0376129 0.0306196 0.024088 0.0184726 0.0139616 0.0105261 0.00800239 0.00617476
 1.01874e-16 3.25506e-05 0.000191048 0.000908161 0.00349648 0.0109035 0.0275412 0.0563528 0.0934104 0.125446 0.136505 0.120395 0.0861558 0.0502279 0.0242785 0.0105316 0.00542999 0.00479091 0.00605775 0.00811788 0.0105279 0.0130276 0.0153753 0.0173374 0.0187247 0.0194278 0.0194342 0.0188177 0.0177108 0.0162665 0.014627 0.0129046 0.0111791 0.0095038 0.00791656 0.00644767
 1.01295e-16 2.77594e-05 0.000162905 0.00077433 0.00298114 0.00929635 0.023482 0.0480486 0.0796509 0.106984 0.116459 0.102818 0.0738029 0.0434802 0.0218638 0.0109268 0.00770925 0.00868909 0.0116734 0.0156176 0.0199538 0.0241919 0.0278213 0.0303672 0.03149 0.0310654 0.0292121 0.0262552 0.0226397 0.0188251 0.0151935 0.011996 0.00934488 0.00723887 0.00560694 0.00435076
 1.01068e-16 3.20325e-05 0.000188001 0.000893662 0.00344063 0.0107293 0.0271014 0.0554533 0.0919212 0.123451 0.134349 0.118528 0.0848948 0.0496435 0.0242762 0.0110055 0.00635193 0.00620891 0.00804825 0.0107324 0.0137494 0.0167416 0.0193604 0.0212819 0.0222677 0.0222184 0.0211936 0.0193895 0.0170849 0.0145734 0.0121049 0.00985086 0.00789866 0.00626632 0.00492846 0.00384121
 1.009e-16 3.07222e-05 0.000180304 0.000857062 0.0032997 0.0102898 0.0259913 0.0531823 0.0881581 0.118402 0.128866 0.113718 0.0815115 0.0477886 0.0235991 0.0110858 0.006932 0.0072116 0.00949683 0.0126711 0.0161922 0.0196444 0.0226107 0.0247048 0.0256486 0.0253366 0.0238593 0.0214741 0.0185372 0.0154188 0.0124296 0.00977779 0.00756106 0.00578665 0.00440476 0.00334175
 1.02789e-16 6.32617e-06 3.70356e-05 0.000175853 0.000676711 0.00210997 0.00533038 0.0109121 0.0181085 0.0243813 0.0266955 0.0239367 0.0179843 0.0122103 0.00913034 0.00948144 0.0128783 0.0187248 0.0265428 0.0358402 0.0459124 0.0557854 0.0643224 0.0704372 0.0733382 0.0727124 0.068794 0.0622842 0.0541639 0.0454581 0.0370328 0.0294749 0.0230705 0.0178581 0.0137202 0.0104724
 1.10726e-16 8.61742e-06 5.05312e-05 0.00024011 0.000924284 0.00288213 0.00728021 0.014898 0.0247018 0.0331943 0.036176 0.0320389 0.0232175 0.0141262 0.00794703 0.00539558 0.005679 0.00783891 0.0113175 0.0158761 0.0213623 0.0275662 0.0341819 0.0408301 0.0471044 0.0526196 0.0570484 0.0601387 0.0617195 0.061702 0.0600832 0.0569546 0.0525085 0.0470322 0.0408871 0.0344687
 1.05506e-16 3.1823e-05 0.000186782 0.000887893 0.00341846 0.0106602 0.0269267 0.055095 0.091324 0.122639 0.13344 0.117665 0.0841438 0.0489372 0.0234351 0.0097924 0.00451368 0.00350044 0.00426123 0.00574108 0.00756784 0.00957387 0.0116236 0.0135849 0.0153435 0.0168195 0.0179738 0.0187999 0.019308 0.0195073 0.0193957 0.0189603 0.0181885 0.0170816 0.0156675 0.0140047
 1.02931e-16 1.91558e-05 0.000112379 0.000534091 0.0020561 0.00641161 0.0161956 0.0331414 0.0549469 0.0738263 0.0804275 0.0711565 0.0514023 0.0309387 0.0167706 0.0103752 0.00982515 0.0127706 0.0177024 0.0237909 0.030405 0.0368525 0.0423669 0.0462303 0.0479325 0.0472939 0.0445069 0.0400766 0.0346879 0.0290404 0.0237079 0.0190579 0.0152398 0.0122288 0.00989533 0.00807395
 1.02973e-16 2.48716e-05 0.000145954 0.000693752 0.0026709 0.00832889 0.0210383 0.0430483 0.0713619 0.0958509 0.104341 0.0921233 0.0661344 0.0389798 0.019636 0.00987912 0.00706976 0.00807091 0.0109425 0.0147785 0.0191019 0.0235011 0.0275345 0.0307717 0.0328764 0.0336748 0.0331851 0.031594 0.0291959 0.0263146 0.0232371 0.0201746 0.0172566 0.0145475 0.0120728 0.00984195
 1.02593e-16 2.45125e-05 0.000143841 0.000683697 0.00263217 0.0082081 0.0207332 0.0424245 0.0703294 0.0944687 0.102849 0.0908342 0.0652714 0.038596 0.0196721 0.0102695 0.00780423 0.0091916 0.0125082 0.0168242 0.0216055 0.0263615 0.030566 0.0337197 0.0354531 0.0356085 0.0342716 0.0317355 0.0284173 0.0247541 0.0211141 0.0177458 0.0147712 0.0122118 0.0100298 0.00816646
 1.02963e-16 2.13709e-05 0.000125393 0.000595983 0.00229444 0.00715487 0.0180729 0.0369817 0.0613093 0.0823608 0.0896886 0.0792633 0.0570699 0.033974 0.0177369 0.00994341 0.00838329 0.0103999 0.0143244 0.019317 0.0248385 0.0303469 0.0352447 0.038959 0.0410612 0.0413612 0.0399438 0.0371302 0.0333852 0.0292006 0.0249955 0.0210589 0.0175407 0.0144796 0.0118471 0.00958946
 1.03433e-16 2.24621e-05 0.000131803 0.000626469 0.00241183 0.00752097 0.0189976 0.0388733 0.0644433 0.086565 0.0942513 0.0832586 0.0598661 0.0354772 0.018227 0.00975316 0.00770631 0.00927749 0.0127168 0.0171754 0.0221543 0.0271802 0.0317351 0.0353178 0.0375446 0.0382306 0.0374219 0.0353653 0.0324308 0.0290161 0.0254637 0.0220151 0.0188044 0.0158815 0.013248 0.0108886
 1.05056e-16 1.27931e-05 7.5023e-05 0.000356495 0.00137231 0.00427922 0.0108094 0.022121 0.0366809 0.0493007 0.0537526 0.04766 0.0346544 0.0213106 0.0123749 0.00892024 0.0097521 0.0133775 0.018822 0.0254963 0.0328596 0.0402489 0.0468971 0.052059 0.0551703 0.0559702 0.0545487 0.0512976 0.0467921 0.0416423 0.0363675 0.0313254 0.0267034 0.0225558 0.0188609 0.0155728
 1.02567e-16 3.42305e-05 0.000200915 0.000955081 0.00367715 0.0114669 0.0289643 0.0592642 0.0982348 0.13192 0.143537 0.126566 0.0905058 0.0526297 0.0251884 0.0104968 0.00479053 0.00365405 0.00439777 0.00587395 0.00766608 0.00957515 0.0114358 0.0130888 0.0144001 0.0152833 0.0157109 0.0157081 0.0153358 0.0146681 0.0137745 0.0127117 0.0115234 0.0102475 0.00892251 0.00759105
 1.01431e-16 2.56643e-05 0.0001506 0.000715822 0.00275585 0.00859377 0.0217074 0.0444181 0.0736347 0.0989097 0.107687 0.0951154 0.068365 0.0404593 0.0206827 0.0108913 0.00837966 0.00991255 0.0134614 0.018027 0.0230139 0.0278663 0.0319935 0.034846 0.0360342 0.035421 0.0331544 0.0296229 0.0253545 0.0208912 0.0166812 0.0130162 0.0100213 0.00768614 0.00591686 0.00458741
 1.02536e-16 2.01293e-05 0.000118101 0.000561308 0.00216092 0.00673849 0.0170212 0.0348301 0.0577438 0.0775758 0.0844902 0.0746984 0.053847 0.0321835 0.0170371 0.00992356 0.00878456 0.0111348 0.015405 0.0207846 0.0267203 0.0326327 0.0378757 0.0418287 0.0440258 0.0442587 0.0426173 0.039449 0.0352595 0.0305878 0.0258978 0.0215152 0.0176156 0.0142519 0.0114006 0.00900476
 1.03568e-16 2.26804e-05 0.000133086 0.000632572 0.00243533 0.00759427 0.0191827 0.039252 0.0650704 0.0874056 0.0951617 0.0840515 0.0604116 0.0357512 0.0182775 0.00963611 0.0074474 0.00887128 0.0121439 0.0164208 0.0212215 0.0261 0.0305685 0.0341514 0.0364793 0.0373649 0.0368344 0.0351004 0.0324922 0.029368 0.0260404 0.0227345 0.0195824 0.0166444 0.0139402 0.0114758
 1.04099e-16 1.91897e-05 0.000112586 0.000535095 0.00206 0.00642378 0.0162263 0.0332034 0.0550472 0.0739536 0.0805467 0.0712156 0.0513443 0.0307038 0.0162839 0.00953324 0.00849481 0.010805 0.014974 0.0202349 0.0260655 0.0319172 0.0371768 0.0412531 0.0436998 0.0443127 0.043167 0.0405775 0.0370036 0.0329309 0.0287714 0.0248061 0.0211796 0.0179301 0.0150356 0.0124556
 1.0847e-16 7.33632e-07 4.21155e-06 1.98236e-05 7.59939e-05 0.00023668 0.000598505 0.00122961 0.00205721 0.00282031 0.00322082 0.00320212 0.0030807 0.00339123 0.00462972 0.00713806 0.011139 0.0167724 0.02405 0.0327612 0.0424076 0.052215 0.061239 0.0685416 0.0733908 0.0754125 0.0746527 0.0715224 0.0666594 0.0607551 0.0544082 0.0480442 0.0419076 0.0361065 0.030676 0.025633
pSPR Fmed_Fpbrs
0.494191   0.255602 0.255602
Fs Fmed_Fpbrs
0.411187   1.005 1.005
SSBpbr Bo_Bmed_Bpbrs
883939  392638  181740 181740
Ro
22925.4
SPR SPRFo_SPRFmed_SPRFpbrs
470837 232683 120347
log_Ro
9.86
likeval ReclasPelacesDesembMPH_pf_preclas_ppelaces_ptallas_desvR_qrecl_qpela
 104.832 130.881 0.203877 0.00050954 377.803 215.166 93.4965 0 56.5518 0 0 0 0 0 0
q_reclas_q_pelaces
1 1
M
0.7
N
 42887.6 13629.6 6768.26 3361.02 3315.42
 49690.9 18688.9 5211.85 2588.13 2553.02
 1048.56 21373.6 6962.91 1941.78 1915.44
 4090.2 354.829 4928.74 1605.64 889.471
 43926.9 1712.71 125.287 1740.29 880.999
 20284.7 21082.9 794.49 58.1179 1215.96
 56204.4 6689.35 4617.08 173.99 279.018
 64262.9 21761.8 2019.49 1393.88 136.762
 118233 21712.5 5002.64 464.242 351.865
 215711 43366.4 5882.31 1355.31 221.099
 30742 93351.5 16355.2 2218.45 594.526
 17638.1 11865 28002.7 4906.08 843.81
 73726.8 6567.66 3312.77 7818.48 1605.4
 26156.7 24164.2 1420.73 716.627 2038.6
 17938.7 6889.05 3375.46 198.46 384.872
 13852.7 5048.45 1098.75 538.357 93.0365
 11356.5 5239.83 1454.55 316.569 181.917
 12264.3 4462.38 1629.18 452.254 154.991
 5244.14 5104.55 1556.7 568.339 211.837
 28846 2146.25 1721.78 525.078 263.155
 35976.1 11780.7 720.874 578.303 264.749
 35668 16682.4 5101.13 312.143 365.047
 50059 16197.5 6927.97 2118.43 281.228
 44977.4 22093.5 6353.58 2717.53 941.279
 858.212 19502.7 8365.06 2405.6 1385.3
pred_Ctot
 3806.24 2288.17 1136.27 564.256 556.601
 4822.06 3412.45 951.646 472.573 466.162
 245.559 8598.37 2801.1 781.157 770.56
 465.7 75.196 1044.51 340.27 188.498
 1060.11 81.4433 5.95767 82.7547 41.8935
 5016.68 8876.39 334.499 24.469 511.948
 9032.68 1940.48 1339.34 50.472 80.939
 15101 8779.68 814.75 562.351 55.1757
 22615 7344.98 1692.31 157.046 119.03
 20097.4 7621.29 1033.77 238.184 38.8563
 4997.39 27357.6 4793.06 650.141 174.232
 3226.26 3859.88 9109.7 1596.02 274.504
 18460.8 2793.64 1409.13 3325.69 682.876
 9158.47 13395.7 787.597 397.269 1130.12
 5773.54 3582.39 1755.28 103.201 200.138
 2411.4 1572.23 342.18 167.659 28.9742
 1727.8 1447.12 401.714 87.4292 50.2412
 1442.12 974.289 355.706 98.7424 33.8397
 670.587 1203.91 367.148 134.043 49.9617
 3725.68 510.847 409.815 124.978 62.6358
 1719.75 1093.32 66.9013 53.6699 24.5702
 2204.92 1984.53 606.829 37.1324 43.4259
 4031.83 2480.78 1061.07 324.453 43.0722
 4134.25 3833.74 1102.5 471.557 163.334
 121.535 5048.36 2165.34 622.701 358.593
F
 0.130655 0.261309 0.261309 0.261309 0.261309
 0.143665 0.28733 0.28733 0.28733 0.28733
 0.383537 0.767075 0.767075 0.767075 0.767075
 0.170516 0.341032 0.341032 0.341032 0.341032
 0.0340655 0.0681309 0.0681309 0.0681309 0.0681309
 0.40935 0.818701 0.818701 0.818701 0.818701
 0.248836 0.497672 0.497672 0.497672 0.497672
 0.385097 0.770193 0.770193 0.770193 0.770193
 0.302969 0.605937 0.605937 0.605937 0.605937
 0.137569 0.275138 0.275138 0.275138 0.275138
 0.252036 0.504072 0.504072 0.504072 0.504072
 0.287905 0.575809 0.575809 0.575809 0.575809
 0.415493 0.830985 0.830985 0.830985 0.830985
 0.634171 1.26834 1.26834 1.26834 1.26834
 0.567882 1.13576 1.13576 1.13576 1.13576
 0.272191 0.544382 0.544382 0.544382 0.544382
 0.234105 0.46821 0.46821 0.46821 0.46821
 0.176557 0.353114 0.353114 0.353114 0.353114
 0.193388 0.386777 0.386777 0.386777 0.386777
 0.195507 0.391013 0.391013 0.391013 0.391013
 0.0685006 0.137001 0.137001 0.137001 0.137001
 0.0893943 0.178789 0.178789 0.178789 0.178789
 0.117921 0.235841 0.235841 0.235841 0.235841
 0.135609 0.271219 0.271219 0.271219 0.271219
 0.216265 0.432529 0.432529 0.432529 0.432529
nmprior
 10.6 11 7 0
nm_flota  nm_reclas  nm_pelaces    nm_pelaL
inf 13.2133 6.87537 12.2598
cv_recla  cv_pelaces  cv_mph
0.926129 1.29721 0.732365
 ------------------------------------------------
Talla a la edad & desviación 
 7.2 14.2025 17.0495 18.207 18.6776
 1.08 2.13037 2.55742 2.73105 2.80164
