years
 1997 1998 1999 2000 2001 2002 2003 2004 2005 2006 2007 2008 2009 2010 2011 2012 2013 2014 2015 2016 2017 2018 2019 2020 2021
reclasobs
 0 0 0 370054 412103 1.49427e+06 250295 1.28982e+06 931140 785840 897777 1.04006e+06 184774 17550 25797 100020 73551 82996 120727 218422 84188 347160 605670 569463 516374
reclaspred
 423485 98002.3 202996 152670 281620 322443 725492 528999 692127 784322 648666 435620 272973 121776 80106.8 78782.3 94689.1 122104 120191 183953 281721 254542 437472 530768 483546
pelacesobs
 0 0 0 0 0 0 0 0 0 2.06254e+06 1.5e+06 0 1.87456e+06 323000 250000 174000 83755 137374 0 501740 490994 745055 786931 1.00524e+06 1.33801e+06
pelacespred
 711320 159160 189222 227404 372234 346076 956471 791808 969465 1.0936e+06 819982 572594 359374 130611 84714.4 89943.6 113314 149106 150548 223382 384185 338570 459392 661788 618018
mphobs
 0 0 0 0 0 112323 0 153150 637223 0 255016 313432 73983 77613 109348 50772 0 0 0 0 0 0 0 0 0
mphpred
 597845 289640 276020 231282 310450 583204 820284 1.00213e+06 948538 1.15946e+06 1.35139e+06 976782 594753 317899 143123 117170 138884 182768 214174 232865 384003 473427 581041 819618 1.00253e+06
desembarqueobs
 350755 77701 442110 56441 14545 235359 269955 359681 431902 328805 639364 411747 362871 311530 167758 66681 60226 58785 57116 73181 50977 67692 138656 160484 209506
desembarquepred
 350742 77682.7 441863 56436.8 14544.9 235372 269968 359562 431795 328724 639181 411750 362848 311594 167648 66672.2 60234.8 58775.1 57101.5 73162.8 50973.2 67676.5 138636 160466 209482
Reclutas
 29887.8 43364.2 16375.6 38436.8 71324.9 43066.3 80159.4 89764.1 132777 166702 66553.2 37136.6 45526 22523.5 16121 18357 13855.9 14623.9 15077.3 33787.5 40930.2 49037.9 82050.7 86132.2 16949.7
log_desv_Rt
 -0.274794 0.0973891 -0.876451 -0.0232282 0.595001 0.0904952 0.711772 0.82494 1.21642 1.44396 0.525757 -0.0576423 0.14604 -0.557686 -0.892119 -0.762231 -1.04354 -0.989591 -0.959056 -0.152154 0.0396231 0.220349 0.735093 0.783639 -0.841995
SSB
 597845 289640 276020 231282 310450 583204 820284 1.00213e+06 948538 1.15946e+06 1.35139e+06 976782 594753 317899 143123 117170 138884 182768 214174 232865 384003 473427 581041 819618 1.00253e+06
BT
 1.53203e+06 422771 575947 467245 678248 803774 1.89888e+06 1.82005e+06 2.12946e+06 2.26973e+06 2.03376e+06 1.39969e+06 1.00002e+06 532561 292956 216015 251983 314223 319060 459893 729047 670145 918384 1.31698e+06 1.27884e+06
Ftot
 0.496399 0.58389 1.13639 0.293637 0.0432772 0.371126 0.252524 0.473765 0.481691 0.305125 0.503766 0.45833 0.754301 1.32203 1.36277 0.563139 0.411978 0.295387 0.264554 0.291236 0.118787 0.151771 0.185519 0.180931 0.195316
BD_Bspro_t
 0.934513 0.675355 0.564549 0.349934 0.549165 0.744589 0.685939 0.699554 0.656149 0.65687 0.663817 0.513466 0.396953 0.293322 0.176403 0.180425 0.271391 0.411208 0.508238 0.5865 0.719663 0.804438 0.80797 0.811485 0.800767
BD_Bspro
 0.739945 0.358484 0.341626 0.286254 0.38424 0.721824 1.01525 1.24032 1.17399 1.43504 1.6726 1.20895 0.736118 0.393459 0.177141 0.14502 0.171895 0.226209 0.265081 0.288214 0.475275 0.585954 0.719147 1.01443 1.24081
BD_Bo
 0.597858 0.289647 0.276026 0.231287 0.310457 0.583218 0.820302 1.00215 0.94856 1.15948 1.35142 0.976804 0.594766 0.317906 0.143126 0.117173 0.138887 0.182772 0.214179 0.23287 0.384011 0.473438 0.581054 0.819636 1.00255
BD_Brms
 2.0214 0.979316 0.933263 0.781996 1.04968 1.9719 2.7735 3.38833 3.20714 3.92029 4.56924 3.30264 2.01095 1.07486 0.483919 0.39617 0.469588 0.617964 0.724155 0.78735 1.29837 1.60073 1.96458 2.77125 3.38969
S_f
 0.160035 1 1 1 1
 0.160035 1 1 1 1
 0.160035 1 1 1 1
 0.160035 1 1 1 1
 0.160035 1 1 1 1
 0.160035 1 1 1 1
 0.160035 1 1 1 1
 0.160035 1 1 1 1
 0.160035 1 1 1 1
 0.160035 1 1 1 1
 0.160035 1 1 1 1
 0.160035 1 1 1 1
 0.160035 1 1 1 1
 0.160035 1 1 1 1
 0.160035 1 1 1 1
 0.160035 1 1 1 1
 0.160035 1 1 1 1
 0.160035 1 1 1 1
 0.160035 1 1 1 1
 0.160035 1 1 1 1
 0.160035 1 1 1 1
 0.160035 1 1 1 1
 0.160035 1 1 1 1
 0.160035 1 1 1 1
 0.160035 1 1 1 1
Scru_reclas
 1 1 1 1 1
 1 1 1 1 1
 1 1 1 1 1
 1 1 1 1 1
 1 1 1 1 1
 1 1 1 1 1
 1 1 1 1 1
 1 1 1 1 1
 1 1 1 1 1
 1 1 1 1 1
 1 1 1 1 1
 1 1 1 1 1
 1 1 1 1 1
 1 1 1 1 1
 1 1 1 1 1
 1 1 1 1 1
 1 1 1 1 1
 1 1 1 1 1
 1 1 1 1 1
 1 1 1 1 1
 1 1 1 1 1
 1 1 1 1 1
 1 1 1 1 1
 1 1 1 1 1
 1 1 1 1 1
Scru_pelaces
 1 1 1 1 1
 1 1 1 1 1
 1 1 1 1 1
 1 1 1 1 1
 1 1 1 1 1
 1 1 1 1 1
 1 1 1 1 1
 1 1 1 1 1
 1 1 1 1 1
 1 1 1 1 1
 1 1 1 1 1
 1 1 1 1 1
 1 1 1 1 1
 1 1 1 1 1
 1 1 1 1 1
 1 1 1 1 1
 1 1 1 1 1
 1 1 1 1 1
 1 1 1 1 1
 1 1 1 1 1
 1 1 1 1 1
 1 1 1 1 1
 1 1 1 1 1
 1 1 1 1 1
 1 1 1 1 1
pf_obs 
 0.256992 0.487395 0.22802 0.0275931 0
 0.321318 0.546541 0.124235 0.00734118 0.000564706
 0.182869 0.594174 0.210203 0.0122559 0.00049798
 0.330522 0.361315 0.267642 0.0388342 0.00168674
 0.649043 0.306663 0.0425973 0.00169635 0
 0.582887 0.30429 0.105238 0.00758474 0
 0.465427 0.430635 0.0974691 0.00646863 0
 0.296916 0.608066 0.0921331 0.00288517 0
 0.311714 0.524322 0.152257 0.0117073 0
 0.15457 0.633149 0.183074 0.0267441 0.00246327
 0.131901 0.49318 0.331252 0.0422183 0.00144891
 0.196976 0.569456 0.194076 0.0375587 0.00193317
 0.518974 0.381816 0.0799577 0.0180837 0.00116848
 0.0928022 0.601141 0.25162 0.0475244 0.00691264
 0.122501 0.610282 0.24278 0.0234846 0.000952079
 0.383417 0.481906 0.127806 0.00687128 0
 0.0376549 0.599619 0.316969 0.0457579 0
 0.0361596 0.667082 0.258105 0.0386534 0
 0.158088 0.579412 0.248529 0.0139706 0
 0.0477256 0.309471 0.559284 0.082774 0.000745712
 0.0406174 0.521527 0.379366 0.0568643 0.0016247
 0.151134 0.462217 0.34131 0.0453401 0
 0.294876 0.26143 0.354403 0.0886775 0.000613685
 0.281977 0.475581 0.204845 0.0348837 0.00271318
 0.0354234 0.537034 0.353287 0.0723622 0.0018943
pf_pred 
 0.211128 0.544438 0.217294 0.0271301 9.57818e-06
 0.296925 0.478503 0.154988 0.0618584 0.007726
 0.131201 0.676409 0.130938 0.0424111 0.0190412
 0.387751 0.384516 0.177303 0.034322 0.0161081
 0.34309 0.538689 0.0742478 0.0342361 0.00973776
 0.146781 0.656199 0.161562 0.0222683 0.0131886
 0.281777 0.404051 0.241625 0.0594904 0.0130559
 0.245976 0.553826 0.112626 0.0673509 0.0202216
 0.304879 0.500276 0.143113 0.0291033 0.0226294
 0.274566 0.562997 0.116906 0.0334429 0.012089
 0.105662 0.655116 0.185656 0.0385512 0.0150148
 0.100159 0.436989 0.339046 0.0960835 0.0277223
 0.203768 0.370272 0.206859 0.160495 0.0586062
 0.161374 0.586627 0.117187 0.0654686 0.0693432
 0.23698 0.537746 0.157581 0.0314791 0.0362135
 0.307113 0.552709 0.0987917 0.02895 0.0124361
 0.194773 0.632092 0.138108 0.0246856 0.0103413
 0.207642 0.513902 0.218584 0.0477593 0.0121127
 0.200322 0.52269 0.179647 0.0764114 0.0209297
 0.348693 0.416752 0.153311 0.0526928 0.0285513
 0.253228 0.592714 0.0985775 0.0362638 0.0192173
 0.22338 0.537028 0.190164 0.0316273 0.0178004
 0.280294 0.474201 0.169765 0.0601145 0.015625
 0.212897 0.571942 0.141766 0.0507523 0.0226428
 0.0434528 0.61998 0.244564 0.0606193 0.0313839
pobs_RECLAS
 0 0 0 0 0
 0 0 0 0 0
 0 0 0 0 0
 0 0 0 0 0
 0.835266 0.146461 0.0176864 0.000547809 3.91292e-05
 0.385257 0.428462 0.181853 0.0044286 0
 0.867414 0.0963971 0.0333333 0.00285562 0
 0.441836 0.489002 0.0689373 0.000224442 0
 0.779404 0.147425 0.0564933 0.0165055 0.000172143
 0.814271 0.122319 0.05973 0.00367925 0
 0.40263 0.566651 0.0304383 0.000280538 0
 0.475488 0.404961 0.113038 0.00651328 0
 0.955842 0.0263864 0.0167828 0.000988607 0
 0.975058 0.0227948 0.00214734 0 0
 0.738997 0.206755 0.0527124 0.00153531 0
 0.850938 0.134255 0.0134407 0.00136685 0
 0.542534 0.407297 0.0501686 0 0
 0.764087 0.199537 0.0359546 0.000420521 0
 0.470689 0.182191 0.310203 0.0369168 0
 0.84361 0.089868 0.0606195 0.00523954 0.000663233
 0.607945 0.314616 0.071237 0.00620181 0
 0.523733 0.453247 0.0230204 0 0
 0.530135 0.295979 0.169645 0.0042399 0
 0.562478 0.366248 0.0663022 0.0049721 0
 0.250443 0.683176 0.0655157 0.000865301 0
ppred_RECLAS
 0.633668 0.252823 0.100906 0.0125985 4.44786e-06
 0.73342 0.18143 0.0587656 0.0234543 0.0029294
 0.511636 0.380219 0.0736022 0.0238399 0.0107033
 0.801111 0.12491 0.0575967 0.0111495 0.00523271
 0.765843 0.192016 0.0264658 0.0122035 0.00347104
 0.523915 0.36615 0.0901497 0.0124254 0.00735904
 0.713304 0.161287 0.0964505 0.023747 0.00521157
 0.677865 0.236606 0.0481159 0.0287737 0.0086391
 0.738981 0.187854 0.0537391 0.0109283 0.00849738
 0.706672 0.227647 0.0472706 0.0135226 0.00488817
 0.433135 0.415237 0.117676 0.0244352 0.00951693
 0.417609 0.282826 0.219436 0.0621867 0.0179423
 0.629057 0.1725 0.09637 0.0747704 0.0273031
 0.578066 0.295147 0.0589598 0.0329389 0.0348883
 0.689885 0.218557 0.064046 0.0127941 0.0147183
 0.742395 0.205489 0.0367293 0.0107632 0.00462356
 0.6082 0.307558 0.0671996 0.0120113 0.0050318
 0.62503 0.243196 0.103441 0.0226013 0.00573211
 0.61389 0.252371 0.0867395 0.0368939 0.0101055
 0.772954 0.14528 0.0534444 0.0183687 0.00995302
 0.680751 0.253388 0.0421424 0.015503 0.00821549
 0.644414 0.245885 0.0870692 0.014481 0.00815013
 0.710896 0.190486 0.0681942 0.0241479 0.00627654
 0.630626 0.268403 0.0665282 0.0238172 0.0106259
 0.222996 0.50361 0.198659 0.0492411 0.0254932
pobs_PELACES
 0 0 0 0 0
 0 0 0 0 0
 0 0 0 0 0
 0 0 0 0 0
 0 0 0 0 0
 0 0 0 0 0
 0 0 0 0 0
 0 0 0 0 0
 0 0 0 0 0
 0 0 0 0 0
 0.450072 0.473896 0.0757376 0.000293798 0
 0 0 0 0 0
 0.463077 0.371075 0.160297 0.00555027 0
 0.529543 0.364841 0.0842815 0.0213345 0
 0.631943 0.363953 0.00410389 0 0
 0.735681 0.248677 0.0153453 0.000297389 0
 0.695825 0.281241 0.0229344 0 0
 0.275771 0.60734 0.115278 0.00161068 0
 0 0 0 0 0
 0.896147 0.0623911 0.0374545 0.00400742 0
 0.803859 0.145111 0.0509908 3.86294e-05 0
 0.739449 0.233085 0.0266225 0.000797448 4.60066e-05
 0.878498 0.100942 0.0204185 0.000141795 0
 0.694673 0.275183 0.0284847 0.00165964 0
 0.469039 0.446079 0.0841089 0.000773354 0
ppred_PELACES
 0.664983 0.231211 0.0922802 0.0115216 4.06765e-06
 0.763848 0.160722 0.052058 0.0207772 0.00259504
 0.589414 0.319664 0.0618801 0.0200431 0.00899866
 0.813763 0.116964 0.053933 0.0104403 0.00489985
 0.767988 0.190258 0.0262234 0.0120918 0.00343925
 0.549489 0.346482 0.0853071 0.0117579 0.00696374
 0.727403 0.153355 0.0917076 0.0225793 0.00495529
 0.705848 0.216053 0.0439364 0.0262743 0.00788866
 0.763903 0.169918 0.0486081 0.0098849 0.00768605
 0.723892 0.214282 0.0444955 0.0127287 0.0046012
 0.467687 0.389928 0.110503 0.0229458 0.00893685
 0.448792 0.267683 0.207687 0.0588571 0.0169816
 0.676395 0.150486 0.0840715 0.0652284 0.0238188
 0.664027 0.235016 0.0469479 0.0262282 0.0277805
 0.764467 0.165995 0.0486431 0.00971716 0.0111786
 0.771103 0.182589 0.0326361 0.0095637 0.0041083
 0.635051 0.28648 0.0625942 0.0111881 0.00468696
 0.644015 0.230883 0.0982039 0.021457 0.0054419
 0.63112 0.241109 0.0828688 0.0352475 0.00965459
 0.786808 0.136415 0.0501832 0.0172479 0.00934568
 0.687864 0.247743 0.0412035 0.0151576 0.00803244
 0.653995 0.23926 0.0847233 0.0140908 0.00793055
 0.721349 0.183598 0.0657285 0.0232748 0.0060496
 0.64223 0.259971 0.0644383 0.023069 0.0102921
 0.232517 0.497439 0.196225 0.0486377 0.0251808
pobs_pel_tallas
 0 0 0 0 0 0 0 0 0 0 0 0 0 0 0 0 0 0 0 0 0 0 0 0 0 0 0 0 0 0 0 0 0 0 0 0
 0 0 0 0 0 0 0 0 0 0 0 0 0 0 0 0 0 0 0 0 0 0 0 0 0 0 0 0 0 0 0 0 0 0 0 0
 0 0 0 0 0 0 0 0 0 0 0 0 0 0 0 0 0 0 0 0 0 0 0 0 0 0 0 0 0 0 0 0 0 0 0 0
 0 0 0 0 0 0 0 0 0 0 0 0 0 0 0 0 0 0 0 0 0 0 0 0 0 0 0 0 0 0 0 0 0 0 0 0
 0 0 0 0 0 0 0 0 0 0 0 0 0 0 0 0 0 0 0 0 0 0 0 0 0 0 0 0 0 0 0 0 0 0 0 0
 0 0 0 0 0 0 0 0 0 0 0 0 0 0 0 0 0 0 0 0 0 0 0 0 0 0 0 0 0 0 0 0 0 0 0 0
 0 0 0 0 0 0 0 0 0 0 0 0 0 0 0 0 0 0 0 0 0 0 0 0 0 0 0 0 0 0 0 0 0 0 0 0
 0 0 0 0 0 0 0 0 0 0 0 0 0 0 0 0 0 0 0 0 0 0 0 0 0 0 0 0 0 0 0 0 0 0 0 0
 0 0 0 0 0 0 0 0 0 0 0 0 0 0 0 0 0 0 0 0 0 0 0 0 0 0 0 0 0 0 0 0 0 0 0 0
 0 0 0 0 0 0 0 0 0 0 0 0 0 0 0 0 0 0 0 0 0 0 0 0 0 0 0 0 0 0 0 0 0 0 0 0
 0 0 0 0 0 0 0 0 1.78061e-05 0.00172719 0.00360574 0.0105946 0.0120993 0.0124554 0.0147524 0.0171206 0.0266825 0.0428682 0.0675386 0.121331 0.153587 0.119568 0.100827 0.0573624 0.0630603 0.0341343 0.0324427 0.0444173 0.0211091 0.0280891 0.0125444 0.00206551 0 0 0 0
 0 0 0 0 0 0 0 0 0 0 0 0 0 0 0 0 0 0 0 0 0 0 0 0 0 0 0 0 0 0 0 0 0 0 0 0
 0 0 0 0 0 0 0.0133647 0.0140871 0.0187388 0.0205184 0.03894 0.0496705 0.03968 0.0493445 0.0407372 0.0367815 0.0215668 0.0243155 0.0234873 0.0199281 0.019796 0.0243948 0.0301388 0.0376714 0.0412746 0.0863199 0.0771752 0.113111 0.0741005 0.0525337 0.0229764 0.00759418 0.00175318 0 0 0
 0 0 0 0 0 0 0 0 0 0 0.00219441 0.00772107 0.0458388 0.0604681 0.0671733 0.0775358 0.0609151 0.0617685 0.073594 0.0568108 0.0755445 0.0548602 0.0670107 0.0636378 0.0643287 0.046367 0.0373049 0.0286899 0.0247887 0.0153202 0.00654259 0.00121912 0.000365735 0 0 0
 0 0 0 0 0 0 0 0 0 0 0 0 0.000112435 0.00938835 0.0111873 0.0202946 0.0414886 0.0713402 0.111592 0.104902 0.108894 0.110636 0.117776 0.105296 0.107544 0.0401394 0.0192827 0.0124803 0.00416011 0.0028671 0.000618394 0 0 0 0 0
 0 0 0 0 0 0 0 0 0 0 0.00291406 0.0102884 0.027416 0.0768956 0.0749926 0.110853 0.0956884 0.0897413 0.0766577 0.0534642 0.0500743 0.0551293 0.0594112 0.0620874 0.0668451 0.0424026 0.0208742 0.0120726 0.0048766 0.00582813 0.00118941 0.000297354 0 0 0 0
 0 0.00264628 0.0354308 0.0461629 0.0458689 0.0383711 0.0214643 0.0164657 0.0346957 0.0420465 0.0363128 0.0245516 0.0311673 0.0291091 0.0169068 0.0133784 0.00837989 0.0085269 0.0148486 0.0160247 0.0276389 0.0546898 0.0760071 0.122758 0.109233 0.0665981 0.0333725 0.0166128 0.00676272 0.00308733 0.000882094 0 0 0 0 0
 0 0 0 0 0 0 0 0.000805153 0.000690131 0.00759144 0.0133425 0.0154129 0.00931677 0.000345066 0.00356568 0.00563607 0.00851162 0.0253048 0.0502646 0.0516448 0.0657925 0.0565908 0.0611916 0.0827007 0.0866115 0.110766 0.145733 0.0935128 0.0569358 0.0249597 0.0138026 0.00621118 0.00161031 0.00115022 0 0
 0 0 0 0 0 0 0 0 0 0 0 0 0 0 0 0 0 0 0 0 0 0 0 0 0 0 0 0 0 0 0 0 0 0 0 0
 0.00147267 0.00158595 0.00478618 0.00569244 0.00954404 0.0108468 0.00647125 0.017049 0.0510054 0.094081 0.124002 0.0959785 0.0687766 0.0820023 0.061753 0.0591476 0.0492212 0.0479892 0.0443925 0.0268479 0.0217502 0.0140895 0.0121071 0.0120363 0.00920419 0.00665534 0.0049561 0.00860946 0.00930331 0.0156896 0.0114698 0.00855282 0.00243557 0.00046729 0 2.83206e-05
 0 0 0 0 0.000772559 0.00158375 0.000888443 0.00281984 0.00712685 0.0440552 0.0773331 0.111326 0.0921469 0.0852325 0.0710754 0.0886704 0.0786465 0.0553345 0.0373146 0.0185414 0.00753245 0.00457741 0.012979 0.0271748 0.0457355 0.0583668 0.034881 0.0177882 0.00938659 0.00492506 0.0015258 0.00185414 0.000309023 5.79419e-05 3.86279e-05 0
 0 0.00173294 0.00326652 0 0.00397197 0.00683976 0.00946217 0.0152591 0.00757587 0.0136028 0.0228656 0.0392903 0.0559909 0.0764795 0.0681675 0.0726916 0.0566044 0.0477403 0.0527397 0.0444891 0.0609904 0.0582453 0.0661739 0.0445044 0.0529084 0.0360697 0.0280645 0.0235558 0.0158879 0.00826598 0.00280645 0.00217768 0.000904811 0.00058276 9.20147e-05 0
 0 0 0 0 0 0 0 0 0 0 0 0 0 0 0 0 0 0 0 0 0 0 0 0 0 0 0 0 0 0 0 0 0 0 0 0
 0 0 0 0 0 0 0 0 0 0 0 0 0 0 0 0 0 0 0 0 0 0 0 0 0 0 0 0 0 0 0 0 0 0 0 0
 0 0 0 0 0 0 0 0 0 0 0 0 0 0 0 0 0 0 0 0 0 0 0 0 0 0 0 0 0 0 0 0 0 0 0 0
ppred_pel_tallas
 1.01782e-16 2.90186e-05 0.000170304 0.000809526 0.00311668 0.00971904 0.0245496 0.0502324 0.0832683 0.111834 0.121718 0.107411 0.0769912 0.0451403 0.0222967 0.0104874 0.00658555 0.00689247 0.00912913 0.0122593 0.0157919 0.0193546 0.0225674 0.0250675 0.026577 0.0269615 0.0262541 0.0246343 0.0223735 0.0197659 0.0170693 0.0144698 0.0120763 0.00993422 0.00804992 0.00641231
 1.01627e-16 3.33266e-05 0.000195603 0.000929813 0.00357984 0.0111634 0.0281979 0.0576964 0.0956378 0.128438 0.139762 0.123272 0.0882239 0.0514515 0.0249022 0.0108542 0.00566491 0.00504764 0.00637556 0.00849422 0.0109291 0.0133912 0.0156132 0.0173457 0.0184 0.0186876 0.0182357 0.0171715 0.0156832 0.0139715 0.0122082 0.0105128 0.00894983 0.00754036 0.00628082 0.00515925
 1.02092e-16 2.57269e-05 0.000150971 0.000717597 0.0027627 0.00861515 0.0217614 0.0445281 0.0738159 0.0991496 0.107939 0.0953153 0.06846 0.0404181 0.0204836 0.0105018 0.00774777 0.00897339 0.0121551 0.0163214 0.0209278 0.0254862 0.0294786 0.0324162 0.0339405 0.0339044 0.0324024 0.0297348 0.0263251 0.0226154 0.0189779 0.015663 0.0127917 0.0103806 0.00838345 0.00672968
 1.01392e-16 3.55013e-05 0.000208374 0.000990539 0.00381367 0.0118926 0.0300397 0.0614646 0.101882 0.136819 0.148869 0.131274 0.0938829 0.0546153 0.0261783 0.0109746 0.00510006 0.00397111 0.00478829 0.00634384 0.0081813 0.0100654 0.0117971 0.0131914 0.0141053 0.0144652 0.0142793 0.0136272 0.0126336 0.0114352 0.0101518 0.00887053 0.0076438 0.00649668 0.00543877 0.00447412
 1.01011e-16 3.35082e-05 0.000196667 0.000934865 0.00359928 0.011224 0.028351 0.05801 0.0961583 0.129139 0.140531 0.123964 0.0887498 0.0518192 0.0251933 0.0111718 0.00609988 0.00566972 0.00723264 0.00960717 0.0122814 0.0149192 0.0172035 0.0188435 0.0196297 0.019481 0.0184624 0.0167629 0.0146447 0.0123794 0.0101943 0.00824011 0.00658653 0.00523742 0.0041565 0.00329203
 1.02054e-16 2.39872e-05 0.000140755 0.000669021 0.00257566 0.00803186 0.0202881 0.0415139 0.0688206 0.0924444 0.100651 0.088909 0.0639217 0.0378656 0.0194246 0.0103427 0.00810296 0.00969492 0.0132363 0.0178048 0.0228513 0.0278561 0.0322577 0.035522 0.0372537 0.0372841 0.0357054 0.032834 0.0291219 0.025046 0.0210123 0.0173004 0.0140535 0.0113038 0.00901475 0.00712096
 1.0236e-16 3.17372e-05 0.000186272 0.000885454 0.00340905 0.0106308 0.0268525 0.0549438 0.0910752 0.122311 0.133096 0.117396 0.084026 0.0490185 0.0237545 0.0104081 0.00551709 0.005008 0.00638956 0.00857348 0.0111182 0.0137559 0.0162338 0.0183082 0.0197831 0.020548 0.0205937 0.0200016 0.0189116 0.0174823 0.0158565 0.014143 0.0124145 0.0107168 0.00908186 0.00753775
 1.01966e-16 3.07997e-05 0.000180763 0.00085925 0.00330814 0.0103161 0.0260577 0.053318 0.088382 0.1187 0.129181 0.113978 0.0816554 0.0477885 0.0234427 0.0107528 0.00638132 0.00638647 0.00834072 0.0111483 0.0143083 0.0174622 0.0202567 0.0223621 0.0235351 0.0236725 0.0228313 0.0212047 0.0190667 0.016703 0.0143529 0.0121757 0.0102474 0.00857813 0.0071405 0.00589519
 1.01445e-16 3.33294e-05 0.000195618 0.000929884 0.00358011 0.0111642 0.0282 0.0577009 0.0956454 0.128449 0.139776 0.123289 0.0882462 0.0514849 0.0249563 0.010942 0.00580178 0.00524986 0.00665725 0.00886322 0.0113825 0.0139113 0.0161666 0.0178853 0.018871 0.0190358 0.018417 0.0171598 0.0154742 0.0135831 0.0116762 0.00988435 0.00827561 0.00686784 0.00564906 0.00459609
 1.01354e-16 3.15865e-05 0.000185382 0.000881211 0.00339269 0.0105798 0.0267237 0.0546807 0.0906407 0.121732 0.13248 0.116883 0.0837265 0.0489795 0.0239873 0.0109351 0.00639551 0.00632175 0.00822153 0.0109708 0.014059 0.0171245 0.0198134 0.0217964 0.0228318 0.0228194 0.0218206 0.0200352 0.0177457 0.0152482 0.0127926 0.0105481 0.00859811 0.00695645 0.00559449 0.0044671
 1.02902e-16 2.0422e-05 0.00011982 0.000569485 0.00219241 0.00683669 0.0172693 0.0353375 0.0585845 0.0787037 0.0857146 0.0757714 0.0545998 0.0325918 0.0171773 0.00988649 0.00862363 0.0108619 0.0150087 0.0202486 0.0260359 0.0318065 0.0369334 0.0408154 0.0430018 0.0432921 0.0417749 0.0387872 0.0348174 0.0303837 0.0259287 0.0217591 0.0180361 0.0148036 0.0120341 0.00967201
 1.05852e-16 1.95933e-05 0.000114966 0.000546431 0.00210368 0.00656004 0.0165703 0.0339065 0.0562095 0.0755048 0.0822092 0.0726216 0.0522193 0.0309503 0.0159134 0.0085438 0.00680456 0.00826567 0.0114304 0.0155972 0.0203763 0.0253993 0.0302479 0.0344949 0.0377809 0.0398798 0.0407287 0.0404127 0.039116 0.0370605 0.0344546 0.0314673 0.0282276 0.0248401 0.0214031 0.0180191
 1.04597e-16 2.95128e-05 0.000173214 0.000823374 0.00317003 0.00988542 0.0249698 0.0510915 0.0846899 0.113737 0.123769 0.109175 0.0781565 0.0456238 0.0221653 0.00980942 0.00534519 0.00499387 0.00644808 0.00870377 0.0113561 0.0141586 0.0168758 0.0192775 0.0211744 0.0224525 0.0230872 0.0231311 0.022684 0.0218567 0.0207427 0.0194061 0.0178858 0.0162095 0.0144097 0.0125329
 1.02943e-16 2.89769e-05 0.000170059 0.000808362 0.0031122 0.00970506 0.0245143 0.0501602 0.0831486 0.111674 0.121543 0.107257 0.0768822 0.0450784 0.0222689 0.0104775 0.00658015 0.00688067 0.00909916 0.0121956 0.0156744 0.0191598 0.0222733 0.0246593 0.0260551 0.0263482 0.0255977 0.0240079 0.0218677 0.0194763 0.0170807 0.0148412 0.0128289 0.0110471 0.00946271 0.00803483
 1.01601e-16 3.33538e-05 0.000195762 0.000930568 0.00358274 0.0111725 0.0282207 0.0577433 0.0957156 0.128543 0.139877 0.123376 0.0883039 0.051509 0.0249501 0.010909 0.00574139 0.00515735 0.00652653 0.00868974 0.0111658 0.0136571 0.0158876 0.0176007 0.0186042 0.0188114 0.018257 0.0170801 0.0154828 0.0136792 0.0118512 0.0101236 0.00856113 0.0071804 0.00597029 0.00490997
 1.01044e-16 3.36438e-05 0.000197463 0.000938652 0.00361387 0.0112695 0.0284659 0.058245 0.0965477 0.129661 0.141098 0.124459 0.0890948 0.0520015 0.0252462 0.0111351 0.00599563 0.00550105 0.0069932 0.00929077 0.0118888 0.014462 0.0167054 0.0183388 0.0191581 0.0190814 0.0181657 0.0165866 0.0145902 0.0124332 0.0103315 0.00843043 0.00679955 0.00544736 0.00434481 0.00344816
 1.01586e-16 2.77156e-05 0.000162649 0.000773123 0.0029765 0.00928188 0.0234454 0.0479736 0.0795258 0.106814 0.116268 0.102637 0.0736463 0.0433337 0.0216907 0.0106794 0.0073375 0.0081469 0.010925 0.0146473 0.018778 0.0228672 0.026447 0.0290767 0.030432 0.0303782 0.0289976 0.0265583 0.0234406 0.0200439 0.0167066 0.0136602 0.0110204 0.00880908 0.00698963 0.00550147
 1.02461e-16 2.81043e-05 0.000164936 0.000784006 0.00301842 0.00941262 0.0237756 0.0486488 0.0806434 0.10831 0.117884 0.104033 0.0745809 0.0437497 0.0216522 0.0102565 0.00653959 0.00692488 0.00920942 0.0123916 0.0159946 0.0196528 0.0229906 0.0256466 0.0273413 0.0279347 0.0274501 0.0260533 0.0239997 0.0215669 0.0189976 0.0164668 0.0140775 0.0118754 0.00987325 0.00807117
 1.02918e-16 2.75423e-05 0.000161637 0.000768317 0.00295801 0.00922423 0.0232998 0.0476752 0.0790301 0.106144 0.11553 0.101964 0.0731152 0.0429253 0.0213098 0.0102034 0.00664966 0.00714721 0.00953681 0.0128304 0.0165477 0.0203117 0.0237335 0.026441 0.02815 0.0287236 0.028196 0.026749 0.0246545 0.0222027 0.0196415 0.0171431 0.0148003 0.0126451 0.0106761 0.00888281
 1.01787e-16 3.43268e-05 0.000201477 0.000957744 0.00368739 0.0114988 0.029045 0.0594296 0.0985098 0.132292 0.143949 0.126949 0.090819 0.0528919 0.0254629 0.0108656 0.00533555 0.00444852 0.00549868 0.00730948 0.00941949 0.0115712 0.0135368 0.0151044 0.016112 0.0164805 0.0162268 0.0154506 0.0143026 0.0129439 0.0115127 0.0101049 0.00877291 0.00753569 0.00639434 0.00534533
 1.01562e-16 3.00168e-05 0.000176164 0.000837379 0.00322391 0.0100534 0.0253943 0.0519608 0.0861335 0.115683 0.125907 0.111109 0.0796448 0.0467014 0.0230761 0.0108644 0.00682852 0.00713582 0.00941811 0.0125884 0.0161209 0.0196121 0.0226561 0.0248747 0.0259925 0.0258997 0.0246747 0.0225561 0.0198775 0.0169859 0.0141716 0.0116286 0.0094478 0.00763751 0.00615585 0.00494223
 1.02136e-16 2.85398e-05 0.000167492 0.000796156 0.0030652 0.00955849 0.0241441 0.0494028 0.0818934 0.109989 0.119712 0.105648 0.0757415 0.0444366 0.0220027 0.0104388 0.00667448 0.00707537 0.00940012 0.0126247 0.0162558 0.019912 0.0232027 0.0257556 0.0272878 0.027666 0.0269303 0.0252716 0.0229735 0.0203403 0.0176351 0.0150435 0.0126685 0.0105468 0.00867546 0.00703604
 1.02076e-16 3.14744e-05 0.000184726 0.0008781 0.00338073 0.0105425 0.0266295 0.0544876 0.0903198 0.121299 0.132002 0.116447 0.0833814 0.0487126 0.0237364 0.0106202 0.00594016 0.00566097 0.00730621 0.00977674 0.0125995 0.0154617 0.0180617 0.0201144 0.0214022 0.0218202 0.0213938 0.0202618 0.0186323 0.0167282 0.0147413 0.0128058 0.0109957 0.00933786 0.0078331 0.00647374
 1.02274e-16 2.80275e-05 0.000164483 0.000781846 0.0030101 0.00938666 0.0237101 0.0485149 0.0804222 0.108015 0.117569 0.10377 0.0744239 0.0437211 0.0217551 0.0104981 0.00694386 0.00752818 0.0100472 0.0134816 0.0173217 0.0211578 0.0245677 0.0271525 0.0286155 0.0288269 0.0278491 0.0259088 0.0233315 0.0204594 0.0175818 0.014895 0.0124974 0.0104096 0.00860639 0.00704708
 1.05796e-16 1.0172e-05 5.96334e-05 0.000283328 0.00109059 0.00340069 0.00859037 0.0175807 0.0291559 0.0391977 0.0427662 0.0379875 0.0277706 0.0173747 0.0106183 0.00841155 0.00986442 0.0138382 0.0195769 0.0265838 0.0343437 0.0421907 0.0493406 0.0550229 0.0586425 0.0599059 0.0588716 0.0559035 0.0515551 0.0464233 0.0410245 0.0357244 0.0307302 0.026125 0.0219222 0.0181123
pSPR Fmed_Fpbrs
0.599983   0.345765 0.345765
Fs Fmed_Fpbrs
0.354103   1.005 1.005
SSBpbr Bo_Bmed_Bpbrs
999977  549971  295758 295758
Ro
39340.1
SPR SPRFo_SPRFmed_SPRFpbrs
807959 484762 279364
log_Ro
10.4
likeval ReclasPelacesDesembMPH_pf_preclas_ppelaces_ptallas_desvR_qrecl_qpela
 73.9812 46.7676 0.00734324 0.000878854 313.784 192.585 77.8052 0 17.8909 3.7333e-05 0 0 0 0 0
q_reclas_q_pelaces
0.420705 1
M
0.7
N
 29887.8 14688.9 5862.6 731.969 0.258419
 43364.2 13708.4 4440.18 1772.15 221.338
 16375.6 19613 3796.65 1229.74 552.112
 38436.8 6779.7 3126.16 605.157 284.014
 71324.9 18211 2510.03 1157.39 329.196
 43066.3 35174.5 8660.28 1193.65 706.951
 80159.4 20152.9 12051.6 2967.21 651.19
 89764.1 38229.4 7774.29 4649.08 1395.86
 132777 41320.8 11820.5 2403.82 1869.1
 166702 61043.2 12675.5 3626.07 1310.76
 66553.2 78836.4 22341.7 4639.24 1806.87
 37136.6 30489.5 23655.8 6703.91 1934.23
 45526 17137.2 9574 7428.16 2712.46
 22523.5 20036.8 4002.64 2236.14 2368.48
 16121 9052.02 2652.61 529.896 609.591
 18357 6436.82 1150.52 337.149 144.83
 13855.9 8330.24 1820.11 325.327 136.287
 14623.9 6441.6 2739.88 598.647 151.828
 15077.3 6926.69 2380.69 1012.61 277.361
 33787.5 7176.78 2640.13 907.408 491.675
 40930.2 16014.3 2663.43 979.799 519.224
 49037.9 19942.6 7061.77 1174.48 661.019
 82050.7 23767.2 8508.68 3012.97 783.132
 86132.2 39553.3 9803.95 3509.83 1565.89
 16949.7 41551.3 16390.8 4062.73 2103.36
pred_Ctot
 1649.01 4252.31 1697.17 211.899 0.07481
 2797.15 4507.69 1460.05 582.731 72.782
 1978.91 10202.3 1974.95 639.689 287.199
 1272.38 1261.76 581.805 112.625 52.8575
 354.171 556.087 76.6459 35.3419 10.0523
 1792.08 8011.66 1972.55 271.878 161.022
 2288.59 3281.69 1962.48 483.18 106.04
 4734.24 10659.4 2167.68 1296.29 389.201
 7115.99 11676.6 3340.31 679.282 528.179
 5729.61 11748.6 2439.58 697.884 252.272
 3724.55 23092.6 6544.3 1358.92 529.266
 1896.85 8275.87 6420.99 1819.67 525.016
 3749.07 6812.51 3805.92 2952.89 1078.28
 3126.65 11366 2270.52 1268.46 1343.54
 2300.47 5220.13 1529.71 305.581 351.54
 1143.66 2058.25 367.893 107.807 46.3111
 638.214 2071.18 452.54 80.8874 33.8856
 486.919 1205.1 512.578 111.995 28.4042
 450.589 1175.7 404.086 171.874 47.0778
 1109.51 1326.07 487.823 167.664 90.848
 554.895 1298.81 216.012 79.4645 42.1106
 847.442 2037.33 721.429 119.985 67.5295
 1729.13 2925.34 1047.28 370.846 96.3906
 1770.82 4757.26 1179.17 422.144 188.337
 375.799 5361.86 2115.1 524.263 271.422
F
 0.0794409 0.496399 0.496399 0.496399 0.496399
 0.0934427 0.58389 0.58389 0.58389 0.58389
 0.181861 1.13639 1.13639 1.13639 1.13639
 0.0469921 0.293637 0.293637 0.293637 0.293637
 0.00692584 0.0432772 0.0432772 0.0432772 0.0432772
 0.0593929 0.371126 0.371126 0.371126 0.371126
 0.0404126 0.252524 0.252524 0.252524 0.252524
 0.0758188 0.473765 0.473765 0.473765 0.473765
 0.0770873 0.481691 0.481691 0.481691 0.481691
 0.0488305 0.305125 0.305125 0.305125 0.305125
 0.08062 0.503766 0.503766 0.503766 0.503766
 0.0733487 0.45833 0.45833 0.45833 0.45833
 0.120714 0.754301 0.754301 0.754301 0.754301
 0.21157 1.32203 1.32203 1.32203 1.32203
 0.218091 1.36277 1.36277 1.36277 1.36277
 0.0901218 0.563139 0.563139 0.563139 0.563139
 0.0659308 0.411978 0.411978 0.411978 0.411978
 0.0472721 0.295387 0.295387 0.295387 0.295387
 0.0423378 0.264554 0.264554 0.264554 0.264554
 0.0466078 0.291236 0.291236 0.291236 0.291236
 0.01901 0.118787 0.118787 0.118787 0.118787
 0.0242886 0.151771 0.151771 0.151771 0.151771
 0.0296895 0.185519 0.185519 0.185519 0.185519
 0.0289552 0.180931 0.180931 0.180931 0.180931
 0.0312573 0.195316 0.195316 0.195316 0.195316
nmprior
 10.6 11 7 0
nm_flota  nm_reclas  nm_pelaces    nm_pelaL
inf 18.8924 19.7105 48.2067
cv_recla  cv_pelaces  cv_mph
0.778011 0.775434 0.961826
 ------------------------------------------------
Talla a la edad & desviación 
 7.2 14.2025 17.0495 18.207 18.6776
 1.08 2.13037 2.55742 2.73105 2.80164
