    unsorted:	 -1.335222034e-06 0.0004590311211 0.0008999964399 0.007611662897 18.26586939 35.00770135 49.98065306 54.39211712 69.49314371 107.4198961 218.5943312 335.0348750 378.0250136 487.8138099 679.6324772 732.5432789 843.9592816 865.3070056 1024.689108 1135.585867 1254.903268 1434.910144 1478.133834 1685.572371 1969.916225 2203.442155 2533.711594 2618.784792 2886.295060 3118.273783 3661.587223 3957.573408 4226.405509 4734.813229 4875.468962 5316.404538 5749.520922 5929.713068 6259.713115 436838.6771 421448.5127 415320.5279 451433.8563 374927.2043 363529.6446 335384.0154 486795.9065 294666.6534 268252.1065 196500.1960 516441.9636 556336.7680 606976.6244 690989.1460 775680.0547 878661.7086 1051778.666 1151196.334 1346777.514 1499888.059 1775050.233 1947945.190 2327441.909 2396563.648 2714274.388
      sorted:	 -1.335222034e-06 0.0004590311211 0.0008999964399 0.007611662897 18.26586939 35.00770135 49.98065306 54.39211712 69.49314371 107.4198961 218.5943312 335.0348750 378.0250136 487.8138099 679.6324772 732.5432789 843.9592816 865.3070056 1024.689108 1135.585867 1254.903268 1434.910144 1478.133834 1685.572371 1969.916225 2203.442155 2533.711594 2618.784792 2886.295060 3118.273783 3661.587223 3957.573408 4226.405509 4734.813229 4875.468962 5316.404538 5749.520922 5929.713068 6259.713115 196500.1960 268252.1065 294666.6534 335384.0154 363529.6446 374927.2043 415320.5279 421448.5127 436838.6771 451433.8563 486795.9065 516441.9636 556336.7680 606976.6244 690989.1460 775680.0547 878661.7086 1051778.666 1151196.334 1346777.514 1499888.059 1775050.233 1947945.190 2327441.909 2396563.648 2714274.388
