years
 1997 1998 1999 2000 2001 2002 2003 2004 2005 2006 2007 2008 2009 2010 2011 2012 2013 2014 2015 2016 2017 2018 2019 2020 2021
reclasobs
 0 0 0 370054 412103 1.49427e+06 250295 1.28982e+06 931140 785840 897777 1.04006e+06 184774 17550 25797 100020 73551 82996 120727 218422 84188 347160 605670 569463 516374
reclaspred
 3.67994e+06 440890 601212 163218 218241 283981 489711 424183 639896 1.15703e+06 1.3211e+06 830329 440145 199685 128375 117208 121909 150931 132477 183011 358255 345894 532435 582365 463213
pelacesobs
 0 0 0 0 0 0 0 0 0 2.06254e+06 1.5e+06 0 1.87456e+06 323000 250000 174000 83755 137374 0 501740 490994 745055 786931 1.00524e+06 1.33801e+06
pelacespred
 1.56644e+06 629259 188171 120574 125249 115957 258595 236881 348072 666316 679811 439821 238020 85483.7 53464.7 55629.1 60303.3 74728.4 68396.9 91374.5 196381 202673 235655 299969 231962
mphobs
 0 0 0 0 0 112323 0 153150 637223 0 255016 313432 73983 77613 109348 50772 0 0 0 0 0 0 0 0 0
mphpred
 2.62834e+06 1.12467e+06 469965 234812 114204 292384 292078 412627 459346 749262 1.33614e+06 914935 485477 265147 119900 101578 101274 121057 129724 118694 246783 336011 371829 494064 492078
desembarqueobs
 350755 77701 442110 56441 14545 235359 269955 359681 431902 328805 639364 411747 362871 311530 167758 66681 60226 58785 57116 73181 50977 67692 138656 160484 209506
desembarquepred
 350736 77680.5 441620 56416.5 14543.4 235092 269753 359105 431409 328563 638493 411218 362118 310826 167397 66626.3 60188.7 58736.4 57057.9 73107.2 50959.9 67646.8 138549 160364 209346
Reclutas
 3364.68 4808.87 677.987 2616.09 52848.7 12480.8 54324.3 66406.4 110039 230411 52354.2 17288.4 53518.4 27694.3 19480.2 14008.1 10895.4 10780.9 6978.93 28828.3 34191.3 29880.7 58206.1 43197.4 656.061
log_desv_Rt
 -1.67891 -1.32178 -3.28087 -1.93056 1.07519 -0.368055 1.10273 1.30355 1.80859 2.54762 1.06579 -0.0422092 1.08778 0.428981 0.0771539 -0.252612 -0.503903 -0.514466 -0.949348 0.469113 0.639727 0.504968 1.17175 0.873535 -3.31375
SSB
 2.62834e+06 1.12467e+06 469965 234812 114204 292384 292078 412627 459346 749262 1.33614e+06 914935 485477 265147 119900 101578 101274 121057 129724 118694 246783 336011 371829 494064 492078
BT
 3.07565e+06 1.30032e+06 594691 290298 372573 401650 993923 975547 1.38578e+06 2.13439e+06 1.92073e+06 1.20774e+06 908631 483839 276825 179507 189972 217483 186965 300932 525725 465212 609652 763901 594200
Ftot
 0.0928607 0.170761 0.679502 0.330981 0.0651302 0.760995 0.52409 0.788364 0.636873 0.274611 0.458312 0.468678 0.762188 1.34503 1.16512 0.537197 0.469505 0.372597 0.410373 0.383556 0.138379 0.189485 0.251209 0.265463 0.428849
BD_Bspro_t
 0.985286 0.887464 0.694879 0.377404 0.385205 0.671147 0.475864 0.50424 0.478639 0.542108 0.640023 0.47181 0.332289 0.246403 0.146295 0.149008 0.194902 0.289175 0.356311 0.397673 0.595889 0.717176 0.707569 0.698602 0.636337
BD_Bspro
 7.09647 3.03659 1.2689 0.633987 0.30835 0.789431 0.788606 1.11408 1.24023 2.02299 3.60756 2.47031 1.31078 0.715893 0.323728 0.274259 0.273438 0.32685 0.350253 0.320473 0.666309 0.907222 1.00393 1.33396 1.3286
BD_Bo
 2.45961 1.05247 0.439795 0.219738 0.106873 0.273614 0.273328 0.386138 0.429858 0.701162 1.25037 0.8562 0.454311 0.248126 0.112203 0.0950573 0.0947727 0.113285 0.121397 0.111075 0.23094 0.31444 0.347959 0.462347 0.460489
BD_Brms
 11.963 5.11897 2.13906 1.06875 0.519805 1.3308 1.3294 1.87808 2.09073 3.41029 6.08149 4.16435 2.20966 1.20683 0.54573 0.462337 0.460952 0.550993 0.590444 0.540241 1.12324 1.52936 1.69239 2.24875 2.23971
S_f
 0.5 1 1 1 1
 0.5 1 1 1 1
 0.5 1 1 1 1
 0.5 1 1 1 1
 0.5 1 1 1 1
 0.5 1 1 1 1
 0.5 1 1 1 1
 0.5 1 1 1 1
 0.5 1 1 1 1
 0.5 1 1 1 1
 0.5 1 1 1 1
 0.5 1 1 1 1
 0.5 1 1 1 1
 0.5 1 1 1 1
 0.5 1 1 1 1
 0.5 1 1 1 1
 0.5 1 1 1 1
 0.5 1 1 1 1
 0.5 1 1 1 1
 0.5 1 1 1 1
 0.5 1 1 1 1
 0.5 1 1 1 1
 0.5 1 1 1 1
 0.5 1 1 1 1
 0.5 1 1 1 1
Scru_reclas
 0.5 1 1 1 1
 0.5 1 1 1 1
 0.5 1 1 1 1
 0.5 1 1 1 1
 0.5 1 1 1 1
 0.5 1 1 1 1
 0.5 1 1 1 1
 0.5 1 1 1 1
 0.5 1 1 1 1
 0.5 1 1 1 1
 0.5 1 1 1 1
 0.5 1 1 1 1
 0.5 1 1 1 1
 0.5 1 1 1 1
 0.5 1 1 1 1
 0.5 1 1 1 1
 0.5 1 1 1 1
 0.5 1 1 1 1
 0.5 1 1 1 1
 0.5 1 1 1 1
 0.5 1 1 1 1
 0.5 1 1 1 1
 0.5 1 1 1 1
 0.5 1 1 1 1
 0.5 1 1 1 1
Scru_pelaces
 0.5 1 1 1 1
 0.5 1 1 1 1
 0.5 1 1 1 1
 0.5 1 1 1 1
 0.5 1 1 1 1
 0.5 1 1 1 1
 0.5 1 1 1 1
 0.5 1 1 1 1
 0.5 1 1 1 1
 0.5 1 1 1 1
 0.5 1 1 1 1
 0.5 1 1 1 1
 0.5 1 1 1 1
 0.5 1 1 1 1
 0.5 1 1 1 1
 0.5 1 1 1 1
 0.5 1 1 1 1
 0.5 1 1 1 1
 0.5 1 1 1 1
 0.5 1 1 1 1
 0.5 1 1 1 1
 0.5 1 1 1 1
 0.5 1 1 1 1
 0.5 1 1 1 1
 0.5 1 1 1 1
pf_obs 
 0.256992 0.487395 0.22802 0.0275931 0
 0.321318 0.546541 0.124235 0.00734118 0.000564706
 0.182869 0.594174 0.210203 0.0122559 0.00049798
 0.330522 0.361315 0.267642 0.0388342 0.00168674
 0.649043 0.306663 0.0425973 0.00169635 0
 0.582887 0.30429 0.105238 0.00758474 0
 0.465427 0.430635 0.0974691 0.00646863 0
 0.296916 0.608066 0.0921331 0.00288517 0
 0.311714 0.524322 0.152257 0.0117073 0
 0.15457 0.633149 0.183074 0.0267441 0.00246327
 0.131901 0.49318 0.331252 0.0422183 0.00144891
 0.196976 0.569456 0.194076 0.0375587 0.00193317
 0.518974 0.381816 0.0799577 0.0180837 0.00116848
 0.0928022 0.601141 0.25162 0.0475244 0.00691264
 0.122501 0.610282 0.24278 0.0234846 0.000952079
 0.383417 0.481906 0.127806 0.00687128 0
 0.0376549 0.599619 0.316969 0.0457579 0
 0.0361596 0.667082 0.258105 0.0386534 0
 0.158088 0.579412 0.248529 0.0139706 0
 0.0477256 0.309471 0.559284 0.082774 0.000745712
 0.0406174 0.521527 0.379366 0.0568643 0.0016247
 0.151134 0.462217 0.34131 0.0453401 0
 0.294876 0.26143 0.354403 0.0886775 0.000613685
 0.281977 0.475581 0.204845 0.0348837 0.00271318
 0.0354234 0.537034 0.353287 0.0723622 0.0018943
pf_pred 
 0.0163997 0.627235 0.314073 0.0422913 1.13832e-06
 0.0492181 0.0314684 0.586239 0.293546 0.0395283
 0.0170747 0.0963516 0.0293432 0.546649 0.310581
 0.192879 0.0329599 0.0758874 0.023111 0.675162
 0.893514 0.0367007 0.00284979 0.00656141 0.0603744
 0.212543 0.743931 0.0150013 0.00116485 0.0273599
 0.742782 0.104027 0.144724 0.00291836 0.00554919
 0.619448 0.331384 0.0198848 0.0276641 0.00161858
 0.693814 0.246521 0.0519561 0.00311763 0.00459108
 0.722139 0.234974 0.0345295 0.00727734 0.00107974
 0.196816 0.681939 0.102532 0.015067 0.00364663
 0.141977 0.308167 0.466852 0.0701927 0.0128113
 0.557763 0.121695 0.115126 0.174407 0.0310088
 0.425627 0.436776 0.0378639 0.0358198 0.0639125
 0.545085 0.31591 0.105705 0.00916348 0.0241363
 0.528786 0.365341 0.073522 0.0246007 0.00774988
 0.449933 0.398525 0.117493 0.0236445 0.0104039
 0.470582 0.345415 0.133311 0.0393027 0.0113896
 0.36244 0.423664 0.139554 0.0538603 0.0204807
 0.756576 0.136721 0.0709051 0.023356 0.0124418
 0.565816 0.379561 0.0306793 0.0159106 0.00803279
 0.417766 0.425318 0.137175 0.0110876 0.00865324
 0.578113 0.254111 0.12256 0.0395283 0.00568853
 0.400945 0.447209 0.0914599 0.0441118 0.0162745
 0.0111568 0.584334 0.301976 0.0617579 0.0407756
pobs_RECLAS
 0 0 0 0 0
 0 0 0 0 0
 0 0 0 0 0
 0 0 0 0 0
 0.835266 0.146461 0.0176864 0.000547809 3.91292e-05
 0.385257 0.428462 0.181853 0.0044286 0
 0.867414 0.0963971 0.0333333 0.00285562 0
 0.441836 0.489002 0.0689373 0.000224442 0
 0.779404 0.147425 0.0564933 0.0165055 0.000172143
 0.814271 0.122319 0.05973 0.00367925 0
 0.40263 0.566651 0.0304383 0.000280538 0
 0.475488 0.404961 0.113038 0.00651328 0
 0.955842 0.0263864 0.0167828 0.000988607 0
 0.975058 0.0227948 0.00214734 0 0
 0.738997 0.206755 0.0527124 0.00153531 0
 0.850938 0.134255 0.0134407 0.00136685 0
 0.542534 0.407297 0.0501686 0 0
 0.764087 0.199537 0.0359546 0.000420521 0
 0.470689 0.182191 0.310203 0.0369168 0
 0.84361 0.089868 0.0606195 0.00523954 0.000663233
 0.607945 0.314616 0.071237 0.00620181 0
 0.523733 0.453247 0.0230204 0 0
 0.530135 0.295979 0.169645 0.0042399 0
 0.562478 0.366248 0.0663022 0.0049721 0
 0.250443 0.683176 0.0655157 0.000865301 0
ppred_RECLAS
 0.0164474 0.627204 0.314058 0.0422893 1.13827e-06
 0.0494914 0.0314593 0.586071 0.293461 0.0395169
 0.0176448 0.0962957 0.0293262 0.546332 0.310401
 0.194893 0.0328777 0.0756981 0.0230533 0.673478
 0.893705 0.0366347 0.00284467 0.00654961 0.0602659
 0.219182 0.737659 0.0148749 0.00115503 0.0271292
 0.747227 0.102229 0.142223 0.00286792 0.00545328
 0.629125 0.322958 0.0193791 0.0269606 0.00157742
 0.700264 0.241328 0.0508617 0.00305197 0.00449438
 0.724186 0.233243 0.0342751 0.00722372 0.00107178
 0.199929 0.679296 0.102134 0.0150086 0.0036325
 0.14445 0.307279 0.465506 0.0699904 0.0127744
 0.567437 0.119033 0.112607 0.170592 0.0303304
 0.448075 0.419706 0.0363841 0.0344199 0.0614147
 0.563202 0.303329 0.101495 0.00879855 0.0231751
 0.53481 0.360671 0.0725821 0.0242862 0.00765081
 0.45494 0.394898 0.116424 0.0234293 0.0103092
 0.474312 0.342981 0.132372 0.0390257 0.0113093
 0.366365 0.421057 0.138695 0.0535287 0.0203546
 0.759425 0.135121 0.0700752 0.0230826 0.0122962
 0.566942 0.378577 0.0305998 0.0158694 0.00801195
 0.419365 0.42415 0.136798 0.0110572 0.00862947
 0.58035 0.252764 0.12191 0.0393187 0.00565837
 0.403304 0.445448 0.0910997 0.043938 0.0162104
 0.0113565 0.584216 0.301915 0.0617454 0.0407673
pobs_PELACES
 0 0 0 0 0
 0 0 0 0 0
 0 0 0 0 0
 0 0 0 0 0
 0 0 0 0 0
 0 0 0 0 0
 0 0 0 0 0
 0 0 0 0 0
 0 0 0 0 0
 0 0 0 0 0
 0.450072 0.473896 0.0757376 0.000293798 0
 0 0 0 0 0
 0.463077 0.371075 0.160297 0.00555027 0
 0.529543 0.364841 0.0842815 0.0213345 0
 0.631943 0.363953 0.00410389 0 0
 0.735681 0.248677 0.0153453 0.000297389 0
 0.695825 0.281241 0.0229344 0 0
 0.275771 0.60734 0.115278 0.00161068 0
 0 0 0 0 0
 0.896147 0.0623911 0.0374545 0.00400742 0
 0.803859 0.145111 0.0509908 3.86294e-05 0
 0.739449 0.233085 0.0266225 0.000797448 4.60066e-05
 0.878498 0.100942 0.0204185 0.000141795 0
 0.694673 0.275183 0.0284847 0.00165964 0
 0.469039 0.446079 0.0841089 0.000773354 0
ppred_PELACES
 0.0166971 0.627045 0.313978 0.0422785 1.13798e-06
 0.0508338 0.0314149 0.585243 0.293047 0.0394611
 0.019697 0.0960945 0.029265 0.545191 0.309752
 0.203605 0.0325219 0.0748789 0.0228039 0.66619
 0.894722 0.0362844 0.00281746 0.00648697 0.0596895
 0.241427 0.716644 0.0144511 0.00112212 0.0263563
 0.763209 0.0957654 0.133231 0.00268659 0.0051085
 0.658934 0.297 0.0178216 0.0247937 0.00145063
 0.721846 0.223952 0.0471995 0.00283221 0.00417076
 0.733144 0.225668 0.0331619 0.00698911 0.00103697
 0.2123 0.668792 0.100555 0.0147766 0.00357633
 0.154273 0.303751 0.460162 0.0691868 0.0126277
 0.598006 0.110621 0.104649 0.158536 0.028187
 0.503369 0.377658 0.032739 0.0309716 0.0552619
 0.609786 0.270979 0.0906707 0.00786019 0.0207035
 0.55678 0.343637 0.0691542 0.0231392 0.00728948
 0.474207 0.380939 0.112308 0.0226011 0.00994477
 0.489661 0.332967 0.128507 0.0378863 0.0109791
 0.382221 0.41052 0.135225 0.0521892 0.0198452
 0.770797 0.128734 0.0667628 0.0219915 0.0117149
 0.572539 0.373684 0.0302043 0.0156643 0.0079084
 0.426997 0.418575 0.135 0.0109119 0.00851605
 0.590409 0.246704 0.118987 0.0383761 0.00552272
 0.413888 0.437546 0.0894838 0.0431587 0.0159228
 0.012179 0.58373 0.301664 0.0616941 0.0407334
pobs_pel_tallas
 0 0 0 0 0 0 0 0 0 0 0 0 0 0 0 0 0 0 0 0 0 0 0 0 0 0 0 0 0 0 0 0 0 0 0 0
 0 0 0 0 0 0 0 0 0 0 0 0 0 0 0 0 0 0 0 0 0 0 0 0 0 0 0 0 0 0 0 0 0 0 0 0
 0 0 0 0 0 0 0 0 0 0 0 0 0 0 0 0 0 0 0 0 0 0 0 0 0 0 0 0 0 0 0 0 0 0 0 0
 0 0 0 0 0 0 0 0 0 0 0 0 0 0 0 0 0 0 0 0 0 0 0 0 0 0 0 0 0 0 0 0 0 0 0 0
 0 0 0 0 0 0 0 0 0 0 0 0 0 0 0 0 0 0 0 0 0 0 0 0 0 0 0 0 0 0 0 0 0 0 0 0
 0 0 0 0 0 0 0 0 0 0 0 0 0 0 0 0 0 0 0 0 0 0 0 0 0 0 0 0 0 0 0 0 0 0 0 0
 0 0 0 0 0 0 0 0 0 0 0 0 0 0 0 0 0 0 0 0 0 0 0 0 0 0 0 0 0 0 0 0 0 0 0 0
 0 0 0 0 0 0 0 0 0 0 0 0 0 0 0 0 0 0 0 0 0 0 0 0 0 0 0 0 0 0 0 0 0 0 0 0
 0 0 0 0 0 0 0 0 0 0 0 0 0 0 0 0 0 0 0 0 0 0 0 0 0 0 0 0 0 0 0 0 0 0 0 0
 0 0 0 0 0 0 0 0 0 0 0 0 0 0 0 0 0 0 0 0 0 0 0 0 0 0 0 0 0 0 0 0 0 0 0 0
 0 0 0 0 0 0 0 0 1.78061e-05 0.00172719 0.00360574 0.0105946 0.0120993 0.0124554 0.0147524 0.0171206 0.0266825 0.0428682 0.0675386 0.121331 0.153587 0.119568 0.100827 0.0573624 0.0630603 0.0341343 0.0324427 0.0444173 0.0211091 0.0280891 0.0125444 0.00206551 0 0 0 0
 0 0 0 0 0 0 0 0 0 0 0 0 0 0 0 0 0 0 0 0 0 0 0 0 0 0 0 0 0 0 0 0 0 0 0 0
 0 0 0 0 0 0 0.0133647 0.0140871 0.0187388 0.0205184 0.03894 0.0496705 0.03968 0.0493445 0.0407372 0.0367815 0.0215668 0.0243155 0.0234873 0.0199281 0.019796 0.0243948 0.0301388 0.0376714 0.0412746 0.0863199 0.0771752 0.113111 0.0741005 0.0525337 0.0229764 0.00759418 0.00175318 0 0 0
 0 0 0 0 0 0 0 0 0 0 0.00219441 0.00772107 0.0458388 0.0604681 0.0671733 0.0775358 0.0609151 0.0617685 0.073594 0.0568108 0.0755445 0.0548602 0.0670107 0.0636378 0.0643287 0.046367 0.0373049 0.0286899 0.0247887 0.0153202 0.00654259 0.00121912 0.000365735 0 0 0
 0 0 0 0 0 0 0 0 0 0 0 0 0.000112435 0.00938835 0.0111873 0.0202946 0.0414886 0.0713402 0.111592 0.104902 0.108894 0.110636 0.117776 0.105296 0.107544 0.0401394 0.0192827 0.0124803 0.00416011 0.0028671 0.000618394 0 0 0 0 0
 0 0 0 0 0 0 0 0 0 0 0.00291406 0.0102884 0.027416 0.0768956 0.0749926 0.110853 0.0956884 0.0897413 0.0766577 0.0534642 0.0500743 0.0551293 0.0594112 0.0620874 0.0668451 0.0424026 0.0208742 0.0120726 0.0048766 0.00582813 0.00118941 0.000297354 0 0 0 0
 0 0.00264628 0.0354308 0.0461629 0.0458689 0.0383711 0.0214643 0.0164657 0.0346957 0.0420465 0.0363128 0.0245516 0.0311673 0.0291091 0.0169068 0.0133784 0.00837989 0.0085269 0.0148486 0.0160247 0.0276389 0.0546898 0.0760071 0.122758 0.109233 0.0665981 0.0333725 0.0166128 0.00676272 0.00308733 0.000882094 0 0 0 0 0
 0 0 0 0 0 0 0 0.000805153 0.000690131 0.00759144 0.0133425 0.0154129 0.00931677 0.000345066 0.00356568 0.00563607 0.00851162 0.0253048 0.0502646 0.0516448 0.0657925 0.0565908 0.0611916 0.0827007 0.0866115 0.110766 0.145733 0.0935128 0.0569358 0.0249597 0.0138026 0.00621118 0.00161031 0.00115022 0 0
 0 0 0 0 0 0 0 0 0 0 0 0 0 0 0 0 0 0 0 0 0 0 0 0 0 0 0 0 0 0 0 0 0 0 0 0
 0.00147267 0.00158595 0.00478618 0.00569244 0.00954404 0.0108468 0.00647125 0.017049 0.0510054 0.094081 0.124002 0.0959785 0.0687766 0.0820023 0.061753 0.0591476 0.0492212 0.0479892 0.0443925 0.0268479 0.0217502 0.0140895 0.0121071 0.0120363 0.00920419 0.00665534 0.0049561 0.00860946 0.00930331 0.0156896 0.0114698 0.00855282 0.00243557 0.00046729 0 2.83206e-05
 0 0 0 0 0.000772559 0.00158375 0.000888443 0.00281984 0.00712685 0.0440552 0.0773331 0.111326 0.0921469 0.0852325 0.0710754 0.0886704 0.0786465 0.0553345 0.0373146 0.0185414 0.00753245 0.00457741 0.012979 0.0271748 0.0457355 0.0583668 0.034881 0.0177882 0.00938659 0.00492506 0.0015258 0.00185414 0.000309023 5.79419e-05 3.86279e-05 0
 0 0.00173294 0.00326652 0 0.00397197 0.00683976 0.00946217 0.0152591 0.00757587 0.0136028 0.0228656 0.0392903 0.0559909 0.0764795 0.0681675 0.0726916 0.0566044 0.0477403 0.0527397 0.0444891 0.0609904 0.0582453 0.0661739 0.0445044 0.0529084 0.0360697 0.0280645 0.0235558 0.0158879 0.00826598 0.00280645 0.00217768 0.000904811 0.00058276 9.20147e-05 0
 0 0 0 0 0 0 0 0 0 0 0 0 0 0 0 0 0 0 0 0 0 0 0 0 0 0 0 0 0 0 0 0 0 0 0 0
 0 0 0 0 0 0 0 0 0 0 0 0 0 0 0 0 0 0 0 0 0 0 0 0 0 0 0 0 0 0 0 0 0 0 0 0
 0 0 0 0 0 0 0 0 0 0 0 0 0 0 0 0 0 0 0 0 0 0 0 0 0 0 0 0 0 0 0 0 0 0 0 0
ppred_pel_tallas
 1.06114e-16 7.66879e-07 4.40413e-06 2.07335e-05 7.9487e-05 0.000247565 0.000626027 0.0012861 0.00215154 0.00294904 0.00336631 0.00334337 0.00321004 0.00352383 0.00480113 0.00739661 0.01154 0.0173748 0.0249109 0.0339269 0.0439009 0.0540217 0.0632978 0.0707412 0.0755744 0.0773925 0.0762304 0.0725118 0.0669099 0.0601699 0.0529565 0.0457653 0.0389076 0.032546 0.0267532 0.0215615
 1.20232e-16 2.23156e-06 1.30572e-05 6.19908e-05 0.000238541 0.000743715 0.00187856 0.00384452 0.00637594 0.00857275 0.00935551 0.00831618 0.00609471 0.00385053 0.00243928 0.00210081 0.00271344 0.004146 0.00640556 0.00961017 0.0139109 0.0194238 0.0261777 0.0340729 0.0428531 0.0520961 0.0612327 0.0695947 0.0764919 0.0813049 0.083578 0.0830924 0.0799033 0.074329 0.0669004 0.0582748
 1.33654e-16 8.74126e-07 5.08774e-06 2.41029e-05 9.2663e-05 0.000288808 0.000729558 0.00149381 0.00248044 0.00334433 0.00367413 0.0033239 0.00256169 0.00186734 0.00161548 0.00195457 0.00290234 0.00447573 0.00673935 0.00978641 0.0137038 0.0185475 0.0243293 0.0310108 0.0384952 0.0466155 0.055118 0.0636481 0.0717492 0.0788855 0.0844934 0.0880563 0.0891896 0.0877102 0.0836806 0.0774063
 1.32986e-16 8.89081e-06 5.21585e-05 0.000247896 0.000954344 0.00297595 0.00751694 0.0153808 0.0254962 0.0342433 0.0372705 0.0328921 0.0235829 0.0138427 0.00687764 0.00332993 0.00228209 0.00266938 0.00389834 0.00579783 0.00840263 0.011808 0.0161031 0.0213381 0.0274999 0.034489 0.0420997 0.0500111 0.0577933 0.0649367 0.0709026 0.0751896 0.0774055 0.0773275 0.0749385 0.0704348
 1.03064e-16 3.9028e-05 0.000229087 0.00108903 0.0041929 0.0130753 0.0330269 0.067576 0.112009 0.15041 0.163635 0.144239 0.103037 0.0597 0.0281642 0.0110277 0.00395443 0.00187354 0.00170231 0.00214889 0.00279607 0.00351482 0.0042433 0.00493443 0.00555318 0.00608116 0.00651737 0.00687269 0.00716055 0.0073874 0.00754685 0.00761968 0.00757952 0.00740158 0.00707135 0.00659075
 1.01709e-16 1.0569e-05 6.19448e-05 0.000294275 0.00113267 0.00353185 0.00892192 0.0182606 0.0302887 0.0407363 0.0444857 0.0396119 0.0291675 0.0186597 0.0121129 0.0105362 0.0130576 0.0185088 0.0260514 0.0350242 0.0446491 0.0539171 0.0616771 0.0668519 0.0686862 0.0669336 0.0619195 0.0544507 0.0456111 0.0365084 0.0280563 0.0208452 0.0151198 0.0108413 0.00779272 0.00568525
 1.02254e-16 3.32963e-05 0.00019543 0.000929005 0.00357675 0.0111538 0.0281735 0.0576461 0.0955527 0.128318 0.139619 0.123114 0.088043 0.0512092 0.0245315 0.0102656 0.00475513 0.00371236 0.00452945 0.00609878 0.00802267 0.0101114 0.0122018 0.0141281 0.0157393 0.0169221 0.0176143 0.0178046 0.0175223 0.0168217 0.0157688 0.0144349 0.0128943 0.0112248 0.00950771 0.0078235
 1.0127e-16 2.87573e-05 0.000168765 0.000802193 0.00308843 0.00963091 0.0243271 0.0497776 0.0825161 0.11083 0.120638 0.106492 0.0764053 0.0449431 0.022469 0.0110146 0.00750036 0.008268 0.0110439 0.0147556 0.0188389 0.0228221 0.0262205 0.0285851 0.0295975 0.0291443 0.027344 0.0245105 0.021071 0.0174637 0.0140509 0.011068 0.00861599 0.00668686 0.00520618 0.00407453
 1.01036e-16 3.14977e-05 0.00018486 0.000878725 0.00338312 0.0105499 0.0266483 0.0545265 0.0903854 0.12139 0.13211 0.116562 0.0835089 0.0488768 0.0239827 0.0110097 0.00654397 0.0065524 0.00854857 0.0114057 0.0146034 0.017765 0.0205193 0.0225208 0.0235167 0.0234039 0.0222501 0.0202697 0.0177653 0.0150548 0.0124078 0.0100088 0.00794976 0.00624737 0.00487039 0.00376717
 1.00833e-16 3.19904e-05 0.000187752 0.000892476 0.00343606 0.010715 0.0270654 0.0553798 0.0917997 0.123289 0.134176 0.118383 0.0848091 0.0496288 0.0243346 0.0111415 0.00657959 0.00654936 0.00852247 0.011352 0.0145079 0.0176081 0.0202779 0.0221716 0.0230394 0.0227857 0.0214894 0.0193782 0.0167684 0.0139892 0.0113174 0.00893889 0.00694211 0.00533517 0.0040757 0.00310011
 1.02321e-16 9.29724e-06 5.44823e-05 0.000258805 0.000996114 0.00310603 0.00784628 0.0160595 0.0266391 0.0358322 0.0391419 0.0348812 0.025744 0.0165879 0.0109721 0.00980965 0.0123623 0.0176297 0.0248933 0.0335749 0.0429726 0.0521583 0.0600588 0.0656533 0.0682022 0.0674214 0.063545 0.0572494 0.0494737 0.0411964 0.033241 0.0261624 0.0202253 0.0154558 0.0117292 0.00885626
 1.09599e-16 6.75303e-06 3.9577e-05 0.000188014 0.000723667 0.00225649 0.00570001 0.0116655 0.0193465 0.0260113 0.0283832 0.0252212 0.0184596 0.0115958 0.00717789 0.00583433 0.00701425 0.0100209 0.0144326 0.0200182 0.0265427 0.0336597 0.0409071 0.0477654 0.0537413 0.0584415 0.0616171 0.063166 0.0631064 0.0615382 0.0586118 0.0545136 0.0494682 0.04374 0.03763 0.0314553
 1.08287e-16 2.6093e-05 0.00015314 0.00072795 0.00280264 0.00873974 0.0220758 0.04517 0.0748741 0.100553 0.10942 0.0965116 0.0690768 0.0402963 0.0195289 0.00856768 0.00457802 0.0042314 0.00551183 0.00756969 0.0100984 0.0129394 0.0159418 0.0189433 0.0217877 0.0243444 0.0265171 0.0282389 0.0294598 0.0301346 0.0302192 0.0296778 0.028499 0.0267118 0.0243954 0.021677
 1.04235e-16 2.19771e-05 0.000128952 0.000612903 0.00235958 0.00735803 0.0185861 0.0380317 0.0630497 0.0846978 0.0922309 0.0815038 0.0586692 0.0348977 0.0181658 0.0100961 0.00840659 0.0103553 0.0142164 0.0191191 0.0245074 0.0298294 0.0344866 0.0379162 0.0397135 0.0397251 0.0380818 0.0351515 0.0314372 0.0274503 0.023605 0.0201598 0.0172129 0.0147395 0.0126471 0.010829
 1.02613e-16 2.66133e-05 0.00015618 0.000742368 0.00285809 0.00891262 0.0225127 0.0460651 0.0763621 0.102565 0.111643 0.0985545 0.0707172 0.0416118 0.0208327 0.010266 0.0070709 0.00787515 0.0105917 0.0142482 0.0183437 0.0224596 0.0261569 0.0290162 0.0307201 0.0311216 0.0302707 0.028388 0.025798 0.0228472 0.0198324 0.0169603 0.0143421 0.0120123 0.00996035 0.00815909
 1.0223e-16 2.43049e-05 0.000142621 0.000677892 0.00260982 0.00813838 0.0205571 0.0420644 0.0697329 0.0936691 0.101983 0.0900801 0.0647527 0.038336 0.0196253 0.0103835 0.00805561 0.00958729 0.0130693 0.0175685 0.022534 0.0274494 0.0317592 0.0349376 0.036598 0.0365805 0.0349844 0.0321307 0.0284722 0.0244831 0.0205629 0.0169817 0.013871 0.0112514 0.00907565 0.00727066
 1.0296e-16 2.0706e-05 0.000121488 0.000577417 0.00222295 0.00693193 0.0175098 0.0358296 0.0594 0.0797979 0.0869029 0.0768138 0.0553333 0.0329945 0.0173253 0.00987103 0.00850087 0.0106488 0.0147002 0.019835 0.0255136 0.0311839 0.0362338 0.0400752 0.0422663 0.0426085 0.0411844 0.0383189 0.0344845 0.0301834 0.0258451 0.0217681 0.0181104 0.0149172 0.0121652 0.0098042
 1.03748e-16 2.13779e-05 0.000125437 0.000596201 0.00229529 0.00715754 0.0180796 0.0369951 0.0613305 0.0823862 0.0897079 0.0792607 0.0570253 0.0338621 0.0175234 0.00958079 0.00781196 0.00955461 0.0131478 0.0177775 0.0229503 0.0281849 0.0329494 0.0367275 0.0391211 0.0399349 0.0392097 0.037191 0.0342514 0.0307924 0.0271613 0.0236041 0.0202598 0.0171839 0.0143847 0.0118545
 1.04774e-16 1.66961e-05 9.7944e-05 0.00046548 0.00179195 0.00558788 0.0141149 0.0288836 0.0478879 0.0643426 0.0700979 0.0620227 0.0448154 0.0269981 0.0146815 0.00916332 0.00877948 0.0115042 0.0160514 0.021733 0.0280359 0.0343888 0.040142 0.0446644 0.0474748 0.0483452 0.0473406 0.0447787 0.0411312 0.0368998 0.0325128 0.0282659 0.0243164 0.0207146 0.0174516 0.0145011
 1.02293e-16 3.36283e-05 0.000197377 0.000938254 0.00361235 0.0112648 0.0284539 0.0582201 0.096505 0.129599 0.141019 0.124363 0.0889667 0.0518079 0.0249319 0.0106251 0.00520045 0.00432673 0.00535833 0.00715057 0.00926161 0.0114505 0.0135038 0.0152197 0.0164381 0.0170712 0.0171168 0.0166472 0.0157821 0.0146535 0.013377 0.0120365 0.0106837 0.00934683 0.00804407 0.0067927
 1.01459e-16 2.49932e-05 0.000146659 0.000697085 0.00268371 0.0083688 0.0211392 0.0432555 0.071708 0.0963235 0.104876 0.0926441 0.0666137 0.0394731 0.0202713 0.0108249 0.00850854 0.0101786 0.013861 0.0185755 0.0237256 0.0287439 0.0330239 0.0359998 0.0372685 0.0366852 0.0343972 0.030799 0.0264286 0.0218405 0.0174945 0.0136922 0.0105661 0.00811061 0.00623513 0.00481536
 1.02826e-16 1.8649e-05 0.000109408 0.000519979 0.00200178 0.00624223 0.0157677 0.0322655 0.0534936 0.0718703 0.0782882 0.0692436 0.0499769 0.0299948 0.016106 0.00973749 0.00900627 0.0116279 0.0161536 0.0218172 0.0280667 0.0343036 0.0398542 0.0440691 0.0464582 0.0467992 0.0451794 0.0419542 0.0376446 0.0328071 0.0279222 0.0233285 0.0192108 0.015629 0.012565 0.00996695
 1.03347e-16 2.57675e-05 0.000151216 0.000718774 0.00276726 0.00862937 0.0217972 0.044601 0.0739347 0.0993032 0.108091 0.0954126 0.06845 0.0402525 0.0201067 0.00983634 0.00669053 0.00740781 0.00997761 0.0134766 0.0174453 0.0215086 0.0252703 0.028344 0.0304255 0.0313538 0.031137 0.0299311 0.0279858 0.0255757 0.0229427 0.0202633 0.0176456 0.0151457 0.0127919 0.010604
 1.0364e-16 1.8078e-05 0.000106054 0.000504033 0.00194038 0.00605075 0.0152841 0.0312761 0.051854 0.0696702 0.0758984 0.0671464 0.0484988 0.0291787 0.0157961 0.0097461 0.00921405 0.0119915 0.0166704 0.0224913 0.0288883 0.0352394 0.040847 0.0450447 0.0473401 0.047526 0.045721 0.0423217 0.0378898 0.0330121 0.0281805 0.0237246 0.0198026 0.0164369 0.0135705 0.0111193
 1.08496e-16 5.6797e-07 3.24071e-06 1.5212e-05 5.82446e-05 0.000181334 0.00045868 0.000943365 0.00158221 0.00218083 0.00252082 0.00257491 0.00261054 0.00307448 0.00439788 0.00690543 0.0108336 0.0163436 0.0234675 0.0320175 0.0415244 0.0512486 0.0602802 0.0677069 0.0728042 0.0751829 0.0748505 0.0721631 0.0676988 0.0620968 0.0559218 0.049589 0.0433559 0.0373608 0.0316789 0.0263672
pSPR Fmed_Fpbrs
0.514622   0.255602 0.255602
Fs Fmed_Fpbrs
0.382314   1.005 1.005
SSBpbr Bo_Bmed_Bpbrs
1.0686e+06  496495  219706 219706
Ro
18033.7
SPR SPRFo_SPRFmed_SPRFpbrs
370373 190602 94668.1
log_Ro
9.62
likeval ReclasPelacesDesembMPH_pf_preclas_ppelaces_ptallas_desvR_qrecl_qpela
 100.303 130.609 0.157159 0.000571671 428.286 217.09 92.1554 0 70.8626 0 0 0 0 0 0
q_reclas_q_pelaces
1 1
M
0.7
N
 3364.68 65661.1 32878.3 4427.21 0.119164
 4808.87 1595.04 29714.8 14879 2003.58
 677.987 2192.59 667.738 12439.6 7067.61
 2616.09 239.697 551.883 168.072 4910.04
 52848.7 1100.97 85.4896 196.833 1811.14
 12480.8 25403 512.251 39.776 934.258
 54324.3 4236.31 5893.64 118.845 225.981
 66406.4 20757.9 1245.58 1732.88 101.388
 110039 22233.7 4685.92 281.18 414.07
 230411 39741.7 5840.04 1230.83 182.618
 52354.2 99739.2 14996.1 2203.68 533.351
 17288.4 20674 31319.7 4709.02 859.47
 53518.4 6791.67 6425.02 9733.45 1730.56
 27694.3 18154.7 1573.82 1488.86 2656.54
 19480.2 7019.63 2348.79 203.616 536.317
 14008.1 5402.38 1087.18 363.776 114.599
 10895.4 5317.66 1567.75 315.497 138.823
 10780.9 4278.44 1651.24 486.819 141.076
 6978.93 4443.67 1463.74 564.921 214.814
 28828.3 2822.74 1463.9 482.207 256.873
 34191.3 11817.5 955.189 495.371 250.098
 29880.7 15843.9 5110.01 413.034 322.349
 58206.1 13497 6509.72 2099.53 302.145
 43197.4 25492.6 5213.55 2514.53 927.705
 656.061 18784.8 9707.74 1985.36 1310.83
pred_Ctot
 110.077 4210.07 2108.09 283.864 0.00764055
 284.422 181.849 3387.76 1696.34 228.426
 143.216 808.163 246.121 4585.1 2605.04
 289.707 49.506 113.984 34.7129 1014.1
 1220.06 50.1134 3.89128 8.95935 82.4389
 2903.29 10161.9 204.915 15.9116 373.73
 9142.93 1280.47 1781.41 35.9222 68.3052
 15913.3 8513.09 510.829 710.676 41.5804
 21980.1 7809.79 1645.97 98.7667 145.446
 21428.1 6972.43 1024.6 215.942 32.0392
 7813.24 27071.7 4070.32 598.133 144.765
 2632.65 5714.3 8656.77 1301.57 237.558
 12466 2719.88 2573.05 3897.99 693.043
 10130.3 10395.7 901.196 852.544 1521.18
 6394.38 3705.93 1240.02 107.497 283.142
 2409.9 1665.01 335.071 112.116 35.3195
 1661.78 1471.91 433.947 87.3283 38.4255
 1332.08 977.769 377.365 111.255 32.2405
 942.12 1101.26 362.755 140.003 53.237
 3658.2 661.075 342.84 112.931 60.1586
 1650.37 1107.1 89.4855 46.4081 23.43
 1953.13 1988.43 641.315 51.8366 40.4554
 4976.93 2187.62 1055.11 340.296 48.9721
 3891.19 4340.18 887.623 428.107 157.945
 92.1894 4828.41 2495.26 510.312 336.932
F
 0.0464303 0.0928607 0.0928607 0.0928607 0.0928607
 0.0853803 0.170761 0.170761 0.170761 0.170761
 0.339751 0.679502 0.679502 0.679502 0.679502
 0.165491 0.330981 0.330981 0.330981 0.330981
 0.0325651 0.0651302 0.0651302 0.0651302 0.0651302
 0.380498 0.760995 0.760995 0.760995 0.760995
 0.262045 0.52409 0.52409 0.52409 0.52409
 0.394182 0.788364 0.788364 0.788364 0.788364
 0.318436 0.636873 0.636873 0.636873 0.636873
 0.137305 0.274611 0.274611 0.274611 0.274611
 0.229156 0.458312 0.458312 0.458312 0.458312
 0.234339 0.468678 0.468678 0.468678 0.468678
 0.381094 0.762188 0.762188 0.762188 0.762188
 0.672515 1.34503 1.34503 1.34503 1.34503
 0.58256 1.16512 1.16512 1.16512 1.16512
 0.268599 0.537197 0.537197 0.537197 0.537197
 0.234753 0.469505 0.469505 0.469505 0.469505
 0.186299 0.372597 0.372597 0.372597 0.372597
 0.205187 0.410373 0.410373 0.410373 0.410373
 0.191778 0.383556 0.383556 0.383556 0.383556
 0.0691894 0.138379 0.138379 0.138379 0.138379
 0.0947427 0.189485 0.189485 0.189485 0.189485
 0.125605 0.251209 0.251209 0.251209 0.251209
 0.132732 0.265463 0.265463 0.265463 0.265463
 0.214424 0.428849 0.428849 0.428849 0.428849
nmprior
 10.6 11 7 0
nm_flota  nm_reclas  nm_pelaces    nm_pelaL
inf 10.9822 8.39353 15.8902
cv_recla  cv_pelaces  cv_mph
0.905905 1.29586 0.775731
 ------------------------------------------------
Talla a la edad & desviación 
 7.2 14.2025 17.0495 18.207 18.6776
 1.08 2.13037 2.55742 2.73105 2.80164
