    unsorted:	 9.903835763e-06 9.398147322e-06 0.0008999970160 0.008441249842 104.6436790 44.24155376 96.60351504 98.89997624 67.15988881 35.22292250 244.4850411 280.0153456 420.6387115 537.8307098 568.8192434 717.7503841 786.0548348 809.4763820 910.8312296 1004.705171 1102.998572 1192.701128 1424.428128 1590.554382 1825.086881 2009.606566 2254.227993 2565.409591 2738.863581 3059.396184 3290.431581 3763.953891 4243.348564 4317.552662 4895.685056 5041.190757 5247.122713 5686.973754 9569.519203 430454.6014 426020.0946 374699.8457 396802.7469 342378.6482 452392.9619 280782.9170 196488.9492 237751.9750 510944.3016 516979.5774 571829.6189 603947.8410 697287.1873 798299.8403 860748.8867 1016401.343 1170500.711 1305793.111 1479287.327 1618609.318 1881355.381 1999405.907 2381062.888 2402638.223 2678597.145
      sorted:	 9.398147322e-06 9.903835763e-06 0.0008999970160 0.008441249842 35.22292250 44.24155376 67.15988881 96.60351504 98.89997624 104.6436790 244.4850411 280.0153456 420.6387115 537.8307098 568.8192434 717.7503841 786.0548348 809.4763820 910.8312296 1004.705171 1102.998572 1192.701128 1424.428128 1590.554382 1825.086881 2009.606566 2254.227993 2565.409591 2738.863581 3059.396184 3290.431581 3763.953891 4243.348564 4317.552662 4895.685056 5041.190757 5247.122713 5686.973754 9569.519203 196488.9492 237751.9750 280782.9170 342378.6482 374699.8457 396802.7469 426020.0946 430454.6014 452392.9619 510944.3016 516979.5774 571829.6189 603947.8410 697287.1873 798299.8403 860748.8867 1016401.343 1170500.711 1305793.111 1479287.327 1618609.318 1881355.381 1999405.907 2381062.888 2402638.223 2678597.145
