years
 1997 1998 1999 2000 2001 2002 2003 2004 2005 2006 2007 2008 2009 2010 2011 2012 2013 2014 2015 2016 2017 2018 2019 2020 2021
reclasobs
 0 0 0 370054 412103 1.49427e+06 250295 1.28982e+06 931140 785840 897777 1.04006e+06 184774 17550 25797 100020 73551 82996 120727 218422 84188 347160 605670 569463 516374
reclaspred
 1.36771e+06 248890 477612 181357 281136 351741 752741 602379 684846 884376 866973 586164 342541 136677 75140.7 74492.5 86518.3 107990 115477 140342 222152 226413 382770 447800 411566
pelacesobs
 0 0 0 0 0 0 0 0 0 2.06254e+06 1.5e+06 0 1.87456e+06 323000 250000 174000 83755 137374 0 501740 490994 745055 786931 1.00524e+06 1.33801e+06
pelacespred
 3.02901e+06 794935 533737 433791 761077 537096 2.17225e+06 1.62264e+06 1.84433e+06 2.43712e+06 1.74968e+06 1.23857e+06 847651 274498 165118 153315 179863 230468 226228 287429 557085 470219 630468 894067 667144
mphobs
 0 0 0 0 0 112323 0 153150 637223 0 255016 313432 73983 77613 109348 50772 0 0 0 0 0 0 0 0 0
mphpred
 426694 188426 154396 84578.3 74781.6 155906 190170 292411 269006 315311 415671 267262 164063 93166.7 41459.4 31701.8 33281.1 39272.5 45723.9 48886.5 71739.6 92885.5 114069 158421 179742
desembarqueobs
 350755 77701 442110 56441 14545 235359 269955 359681 431902 328805 639364 411747 362871 311530 167758 66681 60226 58785 57116 73181 50977 67692 138656 160484 209506
desembarquepred
 350735 77671.9 441691 56428.7 14544.3 235308 269935 359298 431598 328612 638454 411259 362385 311112 167294 66615.7 60204.6 58718.3 57052.5 73126.4 50966.2 67641.8 138589 160412 209403
Reclutas
 22997.3 41409.9 7109.43 12108.1 40671 20723.7 62983.6 61426.1 78175.1 124355 57974.1 47235.4 55158 28364.2 13341.3 11272 7720.81 8515.11 9073.17 12854.3 18036.1 22752.3 36568.3 37287.7 6353.63
log_desv_Rt
 -0.0568674 0.531276 -1.23082 -0.69837 0.513271 -0.160968 0.950629 0.925589 1.16671 1.63089 0.867752 0.6629 0.817956 0.152884 -0.601379 -0.769925 -1.14833 -1.0504 -0.986923 -0.638565 -0.299869 -0.0675775 0.406936 0.42642 -1.34322
SSB
 703244 310550 254464 139395 123249 256952 313423 481930 443355 519672 685078 440481 270396 153550 68330.2 52248.6 54851.3 64725.9 75358.6 80571.1 118236 153087 188000 261097 296237
BT
 1.46202e+06 445447 436933 231797 327534 387953 1.12942e+06 1.05218e+06 1.17e+06 1.32585e+06 1.25452e+06 872876 704626 397787 203965 117688 121039 141660 137008 174578 268840 244191 341547 481515 417301
Ftot
 0.405144 0.584847 1.25706 0.555145 0.117151 0.958247 0.77803 1.07564 1.20308 0.752221 1.11057 1.15597 1.92852 3.21253 3.37349 1.48728 1.16836 0.958313 0.807984 0.924476 0.414758 0.498642 0.605479 0.599479 0.725971
BD_Bspro_t
 0.943405 0.68851 0.544612 0.249361 0.337571 0.567074 0.465774 0.526826 0.462563 0.456201 0.48876 0.31621 0.223226 0.15506 0.0846467 0.0797004 0.113803 0.179218 0.247806 0.311723 0.429501 0.558732 0.568467 0.572968 0.534507
BD_Bspro
 1.40663 0.621161 0.508978 0.278818 0.246523 0.513955 0.626908 0.963952 0.886796 1.03944 1.37029 0.881048 0.540845 0.30713 0.136674 0.104507 0.109713 0.129464 0.150732 0.161158 0.236494 0.306203 0.376037 0.522245 0.59253
BD_Bo
 0.921359 0.406869 0.333388 0.18263 0.161476 0.336647 0.410633 0.631402 0.580863 0.680851 0.897558 0.577098 0.354261 0.201175 0.0895232 0.0684537 0.0718637 0.084801 0.0987314 0.105561 0.154907 0.200567 0.246309 0.342078 0.388116
BD_Brms
 2.9965 1.32324 1.08426 0.593959 0.525161 1.09487 1.33549 2.05348 1.88912 2.2143 2.91909 1.87687 1.15215 0.654272 0.291153 0.222629 0.233719 0.275795 0.3211 0.343311 0.503798 0.652297 0.801062 1.11253 1.26225
S_f
 0.123179 1 1 1 1
 0.123179 1 1 1 1
 0.123179 1 1 1 1
 0.123179 1 1 1 1
 0.123179 1 1 1 1
 0.123179 1 1 1 1
 0.123179 1 1 1 1
 0.123179 1 1 1 1
 0.123179 1 1 1 1
 0.123179 1 1 1 1
 0.123179 1 1 1 1
 0.123179 1 1 1 1
 0.123179 1 1 1 1
 0.123179 1 1 1 1
 0.123179 1 1 1 1
 0.123179 1 1 1 1
 0.123179 1 1 1 1
 0.123179 1 1 1 1
 0.123179 1 1 1 1
 0.123179 1 1 1 1
 0.123179 1 1 1 1
 0.123179 1 1 1 1
 0.123179 1 1 1 1
 0.123179 1 1 1 1
 0.123179 1 1 1 1
Scru_reclas
 0.326407 0.709191 0.924659 0.984068 0.996793
 0.326407 0.709191 0.924659 0.984068 0.996793
 0.326407 0.709191 0.924659 0.984068 0.996793
 0.326407 0.709191 0.924659 0.984068 0.996793
 0.326407 0.709191 0.924659 0.984068 0.996793
 0.326407 0.709191 0.924659 0.984068 0.996793
 0.326407 0.709191 0.924659 0.984068 0.996793
 0.326407 0.709191 0.924659 0.984068 0.996793
 0.326407 0.709191 0.924659 0.984068 0.996793
 0.326407 0.709191 0.924659 0.984068 0.996793
 0.326407 0.709191 0.924659 0.984068 0.996793
 0.326407 0.709191 0.924659 0.984068 0.996793
 0.326407 0.709191 0.924659 0.984068 0.996793
 0.326407 0.709191 0.924659 0.984068 0.996793
 0.326407 0.709191 0.924659 0.984068 0.996793
 0.326407 0.709191 0.924659 0.984068 0.996793
 0.326407 0.709191 0.924659 0.984068 0.996793
 0.326407 0.709191 0.924659 0.984068 0.996793
 0.326407 0.709191 0.924659 0.984068 0.996793
 0.326407 0.709191 0.924659 0.984068 0.996793
 0.326407 0.709191 0.924659 0.984068 0.996793
 0.326407 0.709191 0.924659 0.984068 0.996793
 0.326407 0.709191 0.924659 0.984068 0.996793
 0.326407 0.709191 0.924659 0.984068 0.996793
 0.326407 0.709191 0.924659 0.984068 0.996793
Scru_pelaces
 0.802273 1 1 1 1
 0.802273 1 1 1 1
 0.802273 1 1 1 1
 0.802273 1 1 1 1
 0.802273 1 1 1 1
 0.802273 1 1 1 1
 0.802273 1 1 1 1
 0.802273 1 1 1 1
 0.802273 1 1 1 1
 0.802273 1 1 1 1
 0.802273 1 1 1 1
 0.802273 1 1 1 1
 0.802273 1 1 1 1
 0.802273 1 1 1 1
 0.802273 1 1 1 1
 0.802273 1 1 1 1
 0.802273 1 1 1 1
 0.802273 1 1 1 1
 0.802273 1 1 1 1
 0.802273 1 1 1 1
 0.802273 1 1 1 1
 0.802273 1 1 1 1
 0.802273 1 1 1 1
 0.802273 1 1 1 1
 0.802273 1 1 1 1
pf_obs 
 0.256992 0.487395 0.22802 0.0275931 0
 0.321318 0.546541 0.124235 0.00734118 0.000564706
 0.182869 0.594174 0.210203 0.0122559 0.00049798
 0.330522 0.361315 0.267642 0.0388342 0.00168674
 0.649043 0.306663 0.0425973 0.00169635 0
 0.582887 0.30429 0.105238 0.00758474 0
 0.465427 0.430635 0.0974691 0.00646863 0
 0.296916 0.608066 0.0921331 0.00288517 0
 0.311714 0.524322 0.152257 0.0117073 0
 0.15457 0.633149 0.183074 0.0267441 0.00246327
 0.131901 0.49318 0.331252 0.0422183 0.00144891
 0.196976 0.569456 0.194076 0.0375587 0.00193317
 0.518974 0.381816 0.0799577 0.0180837 0.00116848
 0.0928022 0.601141 0.25162 0.0475244 0.00691264
 0.122501 0.610282 0.24278 0.0234846 0.000952079
 0.383417 0.481906 0.127806 0.00687128 0
 0.0376549 0.599619 0.316969 0.0457579 0
 0.0361596 0.667082 0.258105 0.0386534 0
 0.158088 0.579412 0.248529 0.0139706 0
 0.0477256 0.309471 0.559284 0.082774 0.000745712
 0.0406174 0.521527 0.379366 0.0568643 0.0016247
 0.151134 0.462217 0.34131 0.0453401 0
 0.294876 0.26143 0.354403 0.0886775 0.000613685
 0.281977 0.475581 0.204845 0.0348837 0.00271318
 0.0354234 0.537034 0.353287 0.0723622 0.0018943
pf_pred 
 0.111333 0.601127 0.254364 0.0331699 5.4612e-06
 0.243924 0.419754 0.227501 0.0962658 0.0125555
 0.05182 0.739045 0.116106 0.0629279 0.0301005
 0.21964 0.363489 0.324924 0.0510465 0.0409003
 0.412399 0.441958 0.0678403 0.0606427 0.0171606
 0.133377 0.743471 0.0926274 0.0142183 0.0163063
 0.430252 0.38411 0.159258 0.0198416 0.00653864
 0.258369 0.668814 0.0490912 0.020354 0.00337153
 0.311743 0.573658 0.103347 0.00758573 0.00366614
 0.343946 0.574081 0.0683244 0.012309 0.00134013
 0.138315 0.743434 0.103475 0.0123152 0.00246019
 0.194697 0.565126 0.207217 0.0288416 0.00411832
 0.325062 0.529406 0.102128 0.0374478 0.00595645
 0.265279 0.676116 0.0459684 0.00886782 0.00376879
 0.291989 0.674629 0.0307187 0.00208853 0.000574133
 0.333425 0.64172 0.0236829 0.00107838 9.34731e-05
 0.215376 0.707274 0.0744659 0.00274819 0.000135984
 0.262714 0.594394 0.128805 0.0135614 0.000525252
 0.24704 0.622931 0.104829 0.0227164 0.00248434
 0.301229 0.560588 0.11432 0.0192382 0.00462484
 0.278975 0.613197 0.0865049 0.0176409 0.00368233
 0.239234 0.604675 0.132748 0.018727 0.00461615
 0.28838 0.545751 0.131837 0.0289428 0.00508947
 0.217049 0.64029 0.109409 0.0264297 0.00682256
 0.0426202 0.721597 0.192821 0.032948 0.0100138
pobs_RECLAS
 0 0 0 0 0
 0 0 0 0 0
 0 0 0 0 0
 0 0 0 0 0
 0.835266 0.146461 0.0176864 0.000547809 3.91292e-05
 0.385257 0.428462 0.181853 0.0044286 0
 0.867414 0.0963971 0.0333333 0.00285562 0
 0.441836 0.489002 0.0689373 0.000224442 0
 0.779404 0.147425 0.0564933 0.0165055 0.000172143
 0.814271 0.122319 0.05973 0.00367925 0
 0.40263 0.566651 0.0304383 0.000280538 0
 0.475488 0.404961 0.113038 0.00651328 0
 0.955842 0.0263864 0.0167828 0.000988607 0
 0.975058 0.0227948 0.00214734 0 0
 0.738997 0.206755 0.0527124 0.00153531 0
 0.850938 0.134255 0.0134407 0.00136685 0
 0.542534 0.407297 0.0501686 0 0
 0.764087 0.199537 0.0359546 0.000420521 0
 0.470689 0.182191 0.310203 0.0369168 0
 0.84361 0.089868 0.0606195 0.00523954 0.000663233
 0.607945 0.314616 0.071237 0.00620181 0
 0.523733 0.453247 0.0230204 0 0
 0.530135 0.295979 0.169645 0.0042399 0
 0.562478 0.366248 0.0663022 0.0049721 0
 0.250443 0.683176 0.0655157 0.000865301 0
ppred_RECLAS
 0.303939 0.427481 0.235844 0.0327308 5.45859e-06
 0.523086 0.230736 0.16305 0.0734268 0.00970052
 0.176945 0.596317 0.122146 0.0704548 0.0341367
 0.482764 0.205374 0.239361 0.0400204 0.0324804
 0.708316 0.201842 0.0403959 0.0384301 0.0110156
 0.374169 0.513059 0.0833415 0.0136148 0.0158162
 0.731526 0.164085 0.088702 0.0117612 0.00392593
 0.581995 0.365065 0.0349371 0.0154162 0.00258663
 0.643871 0.282145 0.066273 0.005177 0.00253437
 0.666798 0.280424 0.0435148 0.00834307 0.000920094
 0.389488 0.504927 0.0916308 0.0116061 0.00234853
 0.479667 0.333732 0.159549 0.0236338 0.00341833
 0.680362 0.234083 0.0588771 0.0229757 0.00370178
 0.68919 0.278833 0.0247173 0.00507459 0.00218457
 0.727426 0.255972 0.0151967 0.00109959 0.000306183
 0.684308 0.300471 0.0144581 0.000700636 6.15157e-05
 0.526834 0.413992 0.0568303 0.00223209 0.000111875
 0.57733 0.321315 0.0907836 0.0101723 0.000399085
 0.553875 0.349733 0.0767352 0.0176969 0.00196042
 0.621451 0.285675 0.0759575 0.0136036 0.00331258
 0.586508 0.335547 0.061718 0.0133948 0.00283216
 0.533297 0.348302 0.0996962 0.014968 0.00373728
 0.59574 0.288415 0.0908401 0.0212239 0.0037804
 0.50559 0.381772 0.0850543 0.0218666 0.00571763
 0.140389 0.600596 0.209248 0.0380521 0.0117146
pobs_PELACES
 0 0 0 0 0
 0 0 0 0 0
 0 0 0 0 0
 0 0 0 0 0
 0 0 0 0 0
 0 0 0 0 0
 0 0 0 0 0
 0 0 0 0 0
 0 0 0 0 0
 0 0 0 0 0
 0.450072 0.473896 0.0757376 0.000293798 0
 0 0 0 0 0
 0.463077 0.371075 0.160297 0.00555027 0
 0.529543 0.364841 0.0842815 0.0213345 0
 0.631943 0.363953 0.00410389 0 0
 0.735681 0.248677 0.0153453 0.000297389 0
 0.695825 0.281241 0.0229344 0 0
 0.275771 0.60734 0.115278 0.00161068 0
 0 0 0 0 0
 0.896147 0.0623911 0.0374545 0.00400742 0
 0.803859 0.145111 0.0509908 3.86294e-05 0
 0.739449 0.233085 0.0266225 0.000797448 4.60066e-05
 0.878498 0.100942 0.0204185 0.000141795 0
 0.694673 0.275183 0.0284847 0.00165964 0
 0.469039 0.446079 0.0841089 0.000773354 0
ppred_PELACES
 0.48523 0.348209 0.147343 0.019214 3.16346e-06
 0.722099 0.154283 0.0836194 0.0353831 0.00461484
 0.367093 0.493311 0.0775006 0.0420042 0.020092
 0.691469 0.143713 0.128465 0.0201823 0.0161707
 0.826374 0.130591 0.0200457 0.0179189 0.00507068
 0.590005 0.351732 0.0438216 0.00672659 0.00771446
 0.867758 0.0891541 0.0369647 0.00460535 0.00151766
 0.77381 0.203981 0.0149723 0.00620776 0.00102828
 0.824442 0.146327 0.0263614 0.00193494 0.000935147
 0.818474 0.158845 0.018905 0.00340582 0.000370807
 0.615343 0.33187 0.0461915 0.00549751 0.00109823
 0.710691 0.203025 0.0744437 0.0103615 0.00147953
 0.874108 0.0987471 0.0190494 0.00698492 0.00111102
 0.909455 0.0833225 0.005665 0.00109284 0.000464455
 0.926078 0.0704369 0.00320729 0.00021806 5.99443e-05
 0.854592 0.139987 0.00516626 0.000235242 2.03905e-05
 0.737109 0.236975 0.0249501 0.000920793 4.55619e-05
 0.769151 0.186109 0.0403297 0.00424615 0.00016446
 0.742625 0.212928 0.0358322 0.00776483 0.000849191
 0.798997 0.161254 0.0328845 0.0055339 0.00133034
 0.745001 0.216865 0.0305935 0.00623893 0.0013023
 0.710195 0.230344 0.0505686 0.00713382 0.00175847
 0.766901 0.178767 0.0431845 0.00948054 0.00166711
 0.691873 0.251984 0.0430573 0.0104013 0.00268499
 0.27478 0.546613 0.146063 0.0249583 0.00758551
pobs_pel_tallas
 0 0 0 0 0 0 0 0 0 0 0 0 0 0 0 0 0 0 0 0 0 0 0 0 0 0 0 0 0 0 0 0 0 0 0 0
 0 0 0 0 0 0 0 0 0 0 0 0 0 0 0 0 0 0 0 0 0 0 0 0 0 0 0 0 0 0 0 0 0 0 0 0
 0 0 0 0 0 0 0 0 0 0 0 0 0 0 0 0 0 0 0 0 0 0 0 0 0 0 0 0 0 0 0 0 0 0 0 0
 0 0 0 0 0 0 0 0 0 0 0 0 0 0 0 0 0 0 0 0 0 0 0 0 0 0 0 0 0 0 0 0 0 0 0 0
 0 0 0 0 0 0 0 0 0 0 0 0 0 0 0 0 0 0 0 0 0 0 0 0 0 0 0 0 0 0 0 0 0 0 0 0
 0 0 0 0 0 0 0 0 0 0 0 0 0 0 0 0 0 0 0 0 0 0 0 0 0 0 0 0 0 0 0 0 0 0 0 0
 0 0 0 0 0 0 0 0 0 0 0 0 0 0 0 0 0 0 0 0 0 0 0 0 0 0 0 0 0 0 0 0 0 0 0 0
 0 0 0 0 0 0 0 0 0 0 0 0 0 0 0 0 0 0 0 0 0 0 0 0 0 0 0 0 0 0 0 0 0 0 0 0
 0 0 0 0 0 0 0 0 0 0 0 0 0 0 0 0 0 0 0 0 0 0 0 0 0 0 0 0 0 0 0 0 0 0 0 0
 0 0 0 0 0 0 0 0 0 0 0 0 0 0 0 0 0 0 0 0 0 0 0 0 0 0 0 0 0 0 0 0 0 0 0 0
 0 0 0 0 0 0 0 0 1.78061e-05 0.00172719 0.00360574 0.0105946 0.0120993 0.0124554 0.0147524 0.0171206 0.0266825 0.0428682 0.0675386 0.121331 0.153587 0.119568 0.100827 0.0573624 0.0630603 0.0341343 0.0324427 0.0444173 0.0211091 0.0280891 0.0125444 0.00206551 0 0 0 0
 0 0 0 0 0 0 0 0 0 0 0 0 0 0 0 0 0 0 0 0 0 0 0 0 0 0 0 0 0 0 0 0 0 0 0 0
 0 0 0 0 0 0 0.0133647 0.0140871 0.0187388 0.0205184 0.03894 0.0496705 0.03968 0.0493445 0.0407372 0.0367815 0.0215668 0.0243155 0.0234873 0.0199281 0.019796 0.0243948 0.0301388 0.0376714 0.0412746 0.0863199 0.0771752 0.113111 0.0741005 0.0525337 0.0229764 0.00759418 0.00175318 0 0 0
 0 0 0 0 0 0 0 0 0 0 0.00219441 0.00772107 0.0458388 0.0604681 0.0671733 0.0775358 0.0609151 0.0617685 0.073594 0.0568108 0.0755445 0.0548602 0.0670107 0.0636378 0.0643287 0.046367 0.0373049 0.0286899 0.0247887 0.0153202 0.00654259 0.00121912 0.000365735 0 0 0
 0 0 0 0 0 0 0 0 0 0 0 0 0.000112435 0.00938835 0.0111873 0.0202946 0.0414886 0.0713402 0.111592 0.104902 0.108894 0.110636 0.117776 0.105296 0.107544 0.0401394 0.0192827 0.0124803 0.00416011 0.0028671 0.000618394 0 0 0 0 0
 0 0 0 0 0 0 0 0 0 0 0.00291406 0.0102884 0.027416 0.0768956 0.0749926 0.110853 0.0956884 0.0897413 0.0766577 0.0534642 0.0500743 0.0551293 0.0594112 0.0620874 0.0668451 0.0424026 0.0208742 0.0120726 0.0048766 0.00582813 0.00118941 0.000297354 0 0 0 0
 0 0.00264628 0.0354308 0.0461629 0.0458689 0.0383711 0.0214643 0.0164657 0.0346957 0.0420465 0.0363128 0.0245516 0.0311673 0.0291091 0.0169068 0.0133784 0.00837989 0.0085269 0.0148486 0.0160247 0.0276389 0.0546898 0.0760071 0.122758 0.109233 0.0665981 0.0333725 0.0166128 0.00676272 0.00308733 0.000882094 0 0 0 0 0
 0 0 0 0 0 0 0 0.000805153 0.000690131 0.00759144 0.0133425 0.0154129 0.00931677 0.000345066 0.00356568 0.00563607 0.00851162 0.0253048 0.0502646 0.0516448 0.0657925 0.0565908 0.0611916 0.0827007 0.0866115 0.110766 0.145733 0.0935128 0.0569358 0.0249597 0.0138026 0.00621118 0.00161031 0.00115022 0 0
 0 0 0 0 0 0 0 0 0 0 0 0 0 0 0 0 0 0 0 0 0 0 0 0 0 0 0 0 0 0 0 0 0 0 0 0
 0.00147267 0.00158595 0.00478618 0.00569244 0.00954404 0.0108468 0.00647125 0.017049 0.0510054 0.094081 0.124002 0.0959785 0.0687766 0.0820023 0.061753 0.0591476 0.0492212 0.0479892 0.0443925 0.0268479 0.0217502 0.0140895 0.0121071 0.0120363 0.00920419 0.00665534 0.0049561 0.00860946 0.00930331 0.0156896 0.0114698 0.00855282 0.00243557 0.00046729 0 2.83206e-05
 0 0 0 0 0.000772559 0.00158375 0.000888443 0.00281984 0.00712685 0.0440552 0.0773331 0.111326 0.0921469 0.0852325 0.0710754 0.0886704 0.0786465 0.0553345 0.0373146 0.0185414 0.00753245 0.00457741 0.012979 0.0271748 0.0457355 0.0583668 0.034881 0.0177882 0.00938659 0.00492506 0.0015258 0.00185414 0.000309023 5.79419e-05 3.86279e-05 0
 0 0.00173294 0.00326652 0 0.00397197 0.00683976 0.00946217 0.0152591 0.00757587 0.0136028 0.0228656 0.0392903 0.0559909 0.0764795 0.0681675 0.0726916 0.0566044 0.0477403 0.0527397 0.0444891 0.0609904 0.0582453 0.0661739 0.0445044 0.0529084 0.0360697 0.0280645 0.0235558 0.0158879 0.00826598 0.00280645 0.00217768 0.000904811 0.00058276 9.20147e-05 0
 0 0 0 0 0 0 0 0 0 0 0 0 0 0 0 0 0 0 0 0 0 0 0 0 0 0 0 0 0 0 0 0 0 0 0 0
 0 0 0 0 0 0 0 0 0 0 0 0 0 0 0 0 0 0 0 0 0 0 0 0 0 0 0 0 0 0 0 0 0 0 0 0
 0 0 0 0 0 0 0 0 0 0 0 0 0 0 0 0 0 0 0 0 0 0 0 0 0 0 0 0 0 0 0 0 0 0 0 0
ppred_pel_tallas
 1.02866e-16 2.11854e-05 0.000124305 0.000590817 0.00227455 0.00709287 0.0179163 0.0366611 0.0607773 0.0816447 0.0889051 0.078562 0.0565458 0.033624 0.0174858 0.00969708 0.00806369 0.00995297 0.0137189 0.0185461 0.0239266 0.0293551 0.03427 0.0381252 0.0404991 0.041184 0.0402223 0.0378759 0.0345448 0.0306651 0.0266199 0.0226883 0.019036 0.0157367 0.0128072 0.0102393
 1.02669e-16 3.1506e-05 0.000184914 0.000879 0.0033842 0.0105533 0.0266568 0.0545433 0.0904114 0.121419 0.132127 0.116542 0.0834171 0.0486682 0.0235937 0.0103531 0.00551007 0.00502161 0.0064149 0.0086093 0.0111656 0.0138167 0.0163105 0.0184044 0.0199046 0.0207025 0.0207914 0.0202536 0.0192284 0.0178713 0.0163199 0.0146757 0.013004 0.0113435 0.00972183 0.00816524
 1.03643e-16 1.60397e-05 9.40828e-05 0.000447107 0.00172119 0.00536718 0.0135575 0.0277438 0.0460008 0.0618154 0.0673664 0.0596575 0.0432185 0.0262594 0.0146821 0.00976985 0.00995768 0.0133168 0.0185976 0.0250805 0.0321655 0.039157 0.0452688 0.0497532 0.0520642 0.0519835 0.0496653 0.0455807 0.0403865 0.0347641 0.0292812 0.024313 0.0200315 0.016447 0.0134742 0.0109947
 1.0332e-16 3.017e-05 0.000177072 0.000841718 0.00324065 0.0101057 0.0255261 0.0522298 0.0865765 0.116269 0.126523 0.1116 0.0798822 0.0466108 0.0226071 0.00994168 0.00532925 0.00490565 0.00631339 0.00853065 0.011151 0.0139314 0.0166383 0.0190384 0.0209328 0.0221916 0.0227702 0.0227026 0.0220772 0.0210055 0.0195959 0.0179406 0.0161151 0.0141849 0.0122142 0.0102692
 1.0118e-16 3.60517e-05 0.000211605 0.00100589 0.00387278 0.0120769 0.0305053 0.0624174 0.103462 0.138941 0.15118 0.133316 0.0953531 0.0554898 0.0266326 0.0112235 0.00529813 0.00419979 0.00507871 0.00669607 0.0085709 0.0104441 0.0120948 0.0133237 0.0139861 0.0140233 0.013474 0.0124596 0.0111494 0.00971906 0.00831374 0.00702851 0.00590599 0.0049478 0.00413224 0.00343077
 1.01329e-16 2.5754e-05 0.000151127 0.000718332 0.00276552 0.00862392 0.0217836 0.0445738 0.0738925 0.099255 0.10806 0.0954386 0.0685834 0.0405608 0.0206839 0.0108111 0.00822399 0.00967495 0.0131315 0.0175998 0.0224974 0.0272857 0.0313919 0.0342799 0.0355647 0.0351021 0.0330215 0.0296848 0.025591 0.0212574 0.0171171 0.0134583 0.010414 0.00799006 0.00611229 0.0046738
 1.00784e-16 3.78547e-05 0.000222193 0.00105624 0.00406664 0.0126815 0.0320323 0.0655415 0.108639 0.145889 0.158729 0.139946 0.100038 0.0580993 0.0276668 0.0112844 0.00476997 0.00322103 0.00364674 0.00476831 0.00612592 0.0075125 0.00877027 0.0097576 0.0103667 0.0105449 0.0103034 0.00970937 0.00886531 0.00788247 0.00685831 0.00586336 0.00493896 0.00410293 0.00335872 0.00270367
 1.00541e-16 3.37627e-05 0.000198159 0.000941958 0.00362659 0.0113092 0.0285661 0.0584502 0.0968883 0.13012 0.141601 0.124914 0.0894425 0.052249 0.0254489 0.0113633 0.0063123 0.00595574 0.00762082 0.0101072 0.0128832 0.0155894 0.0178846 0.0194581 0.0200901 0.0197031 0.0183804 0.0163412 0.0138845 0.011318 0.00889793 0.00679306 0.00507822 0.00375112 0.00276087 0.00203651
 1.00533e-16 3.59681e-05 0.000211112 0.00100355 0.00386375 0.0120488 0.0304342 0.0622721 0.103221 0.138619 0.150834 0.133019 0.0951601 0.055416 0.026669 0.0113621 0.00554608 0.00457837 0.00561402 0.00740769 0.00946148 0.0114913 0.0132474 0.0145033 0.0150955 0.0149592 0.0141428 0.012791 0.0111063 0.0093008 0.00755382 0.00598733 0.00466115 0.00358391 0.0027317 0.00206645
 1.00455e-16 3.57084e-05 0.000209586 0.000996293 0.0038358 0.0119616 0.0302141 0.0618218 0.102475 0.137619 0.149748 0.132069 0.0944957 0.0550605 0.0265566 0.0114143 0.00571776 0.00486061 0.00601676 0.00794222 0.0101284 0.0122735 0.0141076 0.0153868 0.0159371 0.0156941 0.0147174 0.0131723 0.0112867 0.00929663 0.00740032 0.0057301 0.00434756 0.00325591 0.00242137 0.00179443
 1.01005e-16 2.6858e-05 0.000157611 0.000749159 0.00288422 0.0089941 0.0227186 0.0464867 0.0770626 0.10351 0.112684 0.0995028 0.0714607 0.0421754 0.0213468 0.0108976 0.00797748 0.00918877 0.0124112 0.0166226 0.0212472 0.0257697 0.0296472 0.0323721 0.0335787 0.0331284 0.0311413 0.0279576 0.0240483 0.0199035 0.0159352 0.0124207 0.00949139 0.00715828 0.00535609 0.00398665
 1.01549e-16 3.10105e-05 0.000182001 0.000865139 0.00333081 0.0103868 0.0262363 0.0536833 0.0889873 0.119511 0.130062 0.114748 0.0821923 0.048073 0.0235275 0.0107008 0.00622888 0.00614208 0.00799982 0.0107084 0.0137794 0.0168718 0.0196497 0.0217954 0.0230675 0.0233518 0.0226822 0.0212216 0.0192126 0.016917 0.0145623 0.012311 0.0102555 0.00843069 0.00683667 0.00545816
 1.00595e-16 3.81319e-05 0.00022382 0.00106397 0.00409641 0.0127743 0.0322668 0.0660213 0.109434 0.146958 0.159894 0.140977 0.100783 0.0585486 0.0279114 0.011436 0.00491108 0.00339752 0.00387867 0.00505832 0.00646114 0.00786371 0.00909252 0.00999448 0.0104585 0.0104391 0.0099656 0.00913114 0.00806695 0.00691027 0.00577679 0.00474463 0.00385187 0.00310417 0.00248746 0.00197998
 1.00167e-16 3.96725e-05 0.000232866 0.00110698 0.00426202 0.0132908 0.0335713 0.0686903 0.113858 0.152896 0.166349 0.146657 0.104816 0.0608381 0.0289012 0.0116643 0.00473486 0.00296526 0.0032129 0.00413312 0.00524512 0.00633961 0.00726555 0.00789429 0.00813605 0.00795968 0.00740009 0.00654808 0.00552708 0.00446432 0.00346573 0.00260116 0.00190163 0.00136609 0.000973092 0.000692588
 1.00079e-16 4.03968e-05 0.00023712 0.00112721 0.00433989 0.0135336 0.0341847 0.0699453 0.115938 0.155687 0.169383 0.149323 0.106704 0.0618967 0.029335 0.011719 0.00456948 0.00264006 0.00273017 0.00347619 0.00440132 0.00531171 0.00607641 0.00658635 0.00676615 0.00659059 0.00609078 0.00534543 0.00446095 0.00354681 0.00269399 0.00196234 0.00137806 0.000939478 0.00062705 0.000413547
 1.00129e-16 3.72825e-05 0.00021883 0.00104024 0.00400502 0.0124893 0.031547 0.0645488 0.106995 0.143685 0.156343 0.137869 0.0986119 0.0573895 0.0275496 0.011617 0.00548961 0.0043475 0.00523641 0.00686484 0.00872218 0.0105261 0.0120352 0.0130355 0.0133782 0.0130138 0.0120052 0.0105101 0.00874129 0.00691727 0.00521964 0.00376759 0.00261292 0.00175161 0.00114379 0.00073413
 1.00466e-16 3.21637e-05 0.000188769 0.000897306 0.00345466 0.010773 0.0272118 0.0556795 0.0922969 0.123958 0.134906 0.119032 0.0852842 0.0499278 0.02452 0.0112907 0.00675376 0.00678785 0.00884782 0.0117726 0.0150164 0.0181781 0.0208633 0.0227095 0.0234585 0.0230168 0.0214779 0.0190939 0.0162106 0.0131864 0.0103218 0.00781764 0.00576674 0.00417259 0.00298135 0.00211414
 1.00787e-16 3.35589e-05 0.000196964 0.000936279 0.00360473 0.011241 0.0283939 0.0580978 0.0963037 0.129334 0.140742 0.124149 0.0888778 0.0518857 0.0252105 0.0111544 0.0060561 0.00560153 0.00713951 0.00949014 0.0121458 0.0147756 0.0170676 0.0187337 0.019563 0.019469 0.0185072 0.0168551 0.0147638 0.0124975 0.0102811 0.00826901 0.00653952 0.00510811 0.00395051 0.00302502
 1.00885e-16 3.24033e-05 0.000190177 0.000904009 0.00348047 0.0108535 0.0274152 0.0560954 0.0929855 0.124881 0.135904 0.119899 0.0858764 0.0502155 0.0245518 0.0111226 0.00640673 0.0062479 0.0080859 0.0107666 0.0137687 0.0167271 0.0192878 0.0211237 0.0219975 0.0218159 0.0206494 0.0187082 0.0162861 0.0136896 0.0111772 0.00892371 0.00701349 0.00545701 0.00421835 0.00324209
 1.00772e-16 3.48593e-05 0.000204601 0.000972591 0.00374454 0.011677 0.0294952 0.060351 0.100038 0.134345 0.146188 0.128934 0.0922629 0.05378 0.0259778 0.0112332 0.00572839 0.0049714 0.00620703 0.00822223 0.0105185 0.0127958 0.0147815 0.0162266 0.0169491 0.0168748 0.0160526 0.0146364 0.0128436 0.0109022 0.00900533 0.00728487 0.00580634 0.00458113 0.0035867 0.0027862
 1.00781e-16 3.2507e-05 0.000190786 0.000906901 0.00349161 0.0108882 0.0275029 0.0562749 0.0932831 0.12528 0.13634 0.120285 0.0861559 0.050385 0.0246459 0.0111837 0.00646649 0.00632448 0.00818779 0.0108957 0.0139205 0.0168905 0.019445 0.0212516 0.0220711 0.021812 0.0205516 0.0185099 0.0159921 0.0133155 0.0107469 0.00846505 0.00655448 0.00502212 0.00382606 0.00290389
 1.01121e-16 3.09899e-05 0.000181878 0.000864549 0.00332853 0.0103797 0.0262184 0.0536468 0.0889275 0.119433 0.129983 0.114692 0.0821817 0.0481264 0.0236639 0.010947 0.00662178 0.00672411 0.00880887 0.0117644 0.0150707 0.0183442 0.0212042 0.0232952 0.0243561 0.024279 0.023131 0.0211294 0.0185823 0.0158135 0.0130983 0.0106255 0.00849032 0.00671149 0.00525969 0.00408513
 1.01076e-16 3.34604e-05 0.000196387 0.000933537 0.00359417 0.0112081 0.0283108 0.0579276 0.0960214 0.128954 0.140328 0.12378 0.0886062 0.0517125 0.025099 0.0110591 0.00594052 0.005441 0.00691903 0.00920319 0.0117959 0.0143786 0.0166526 0.0183411 0.01924 0.0192624 0.0184557 0.0169827 0.015076 0.0129808 0.0109059 0.00899476 0.00732072 0.00590021 0.00471447 0.00373031
 1.01177e-16 3.01918e-05 0.000177191 0.00084226 0.00324271 0.010112 0.0255423 0.0522637 0.0866357 0.116358 0.126642 0.111759 0.0801135 0.0469821 0.0232255 0.0109525 0.00690674 0.00723339 0.00954926 0.0127583 0.0163272 0.0198443 0.0228948 0.0250924 0.0261564 0.0259754 0.0246316 0.0223718 0.0195411 0.0164997 0.0135509 0.0108995 0.00864394 0.0067962 0.00531434 0.0041343
 1.03464e-16 1.20168e-05 7.04597e-05 0.000334788 0.00128871 0.0040185 0.010151 0.0207741 0.0344502 0.0463106 0.0505136 0.0448383 0.0327116 0.0203319 0.0121888 0.00932797 0.0106637 0.0148165 0.0208662 0.0282133 0.0362573 0.0442431 0.0512967 0.0565758 0.059452 0.0596514 0.0573087 0.0529106 0.0471577 0.0407916 0.0344462 0.0285603 0.0233631 0.0189133 0.0151643 0.0120257
pSPR Fmed_Fpbrs
0.391085   0.357478 0.357478
Fs Fmed_Fpbrs
0.863593   1.005 1.005
SSBpbr Bo_Bmed_Bpbrs
763269  260339  234689 234689
Ro
24343
SPR SPRFo_SPRFmed_SPRFpbrs
499952 195523 178722
log_Ro
9.92
likeval ReclasPelacesDesembMPH_pf_preclas_ppelaces_ptallas_desvR_qrecl_qpela
 69.6603 15.7401 0.11627 0.000168179 328.629 187.925 84.1466 0 23.9558 1.93887e-05 0.000127774 0 0 0 0
q_reclas_q_pelaces
1.86631 4.99369
M
0.7
N
 22997.3 17780.4 7523.71 981.117 0.161534
 41409.9 10864.2 5888.23 2491.58 324.963
 7109.43 19134.2 3006.05 1629.23 779.317
 12108.1 3024 2703.16 424.674 340.264
 40671 5615.28 861.943 770.494 218.034
 20723.7 19907.3 2480.2 380.71 436.621
 62983.6 9145.31 3791.79 472.411 155.679
 61426.1 28418.4 2085.92 864.856 143.259
 78175.1 26718 4813.38 353.304 170.75
 124355 33473.6 3983.87 717.713 78.1406
 57974.1 56288 7834.48 932.424 186.269
 47235.4 25108.3 9206.55 1281.42 182.975
 55158 20343.3 3924.46 1438.99 228.887
 28364.2 21599 1468.49 283.289 120.397
 13341.3 9482.16 431.763 29.3551 8.06965
 11272 4372.44 161.367 7.34771 0.636891
 7720.81 4660.48 490.682 18.1088 0.896045
 8515.11 3320.12 719.471 75.7501 2.93391
 9073.17 3757.67 632.351 137.03 14.9862
 12854.3 4078.77 831.782 139.975 33.6498
 18036.1 5696.22 803.577 163.873 34.2066
 22752.3 8510.38 1868.33 263.569 64.9691
 36568.3 10625.4 2566.76 563.495 99.0883
 37287.7 16854.2 2879.93 695.701 179.588
 6353.63 17198.5 4595.69 785.281 238.669
pred_Ctot
 807.444 4359.67 1844.77 240.565 0.0396073
 2078.59 3576.93 1938.64 820.328 106.991
 740.022 10554 1658.07 898.648 429.854
 577.829 956.266 854.81 134.293 107.6
 419.401 449.462 68.9921 61.6723 17.452
 1670.67 9312.61 1160.24 178.096 204.251
 4162.44 3716.04 1540.73 191.956 63.2576
 5523.97 14299.3 1049.58 435.172 72.0839
 7810.16 14372 2589.18 190.047 91.8487
 7956.69 13280.5 1580.59 284.75 31.002
 5372.86 28878.8 4019.52 478.385 95.5664
 4545.64 13194.1 4837.93 673.371 96.1514
 8503.01 13848.3 2671.49 979.565 155.81
 6819.23 17380.2 1181.66 227.955 96.8802
 3340.93 7719.08 351.483 23.8969 6.56921
 1371.42 2639.47 97.4108 4.43553 0.384466
 750.471 2464.47 259.474 9.57597 0.47383
 686.502 1553.22 336.583 35.4374 1.37254
 621.713 1567.7 263.817 57.1692 6.25223
 1001.55 1863.88 380.101 63.9645 15.377
 647.946 1424.21 200.916 40.9728 8.55257
 978.255 2472.58 542.819 76.5765 18.8759
 1898.22 3592.32 867.794 190.512 33.5007
 1917 5655.12 966.309 233.43 60.2576
 392.894 6652.04 1777.53 303.732 92.3124
F
 0.0499053 0.405144 0.405144 0.405144 0.405144
 0.0720409 0.584847 0.584847 0.584847 0.584847
 0.154843 1.25706 1.25706 1.25706 1.25706
 0.0683823 0.555145 0.555145 0.555145 0.555145
 0.0144306 0.117151 0.117151 0.117151 0.117151
 0.118036 0.958247 0.958247 0.958247 0.958247
 0.0958371 0.77803 0.77803 0.77803 0.77803
 0.132496 1.07564 1.07564 1.07564 1.07564
 0.148195 1.20308 1.20308 1.20308 1.20308
 0.092658 0.752221 0.752221 0.752221 0.752221
 0.136799 1.11057 1.11057 1.11057 1.11057
 0.142391 1.15597 1.15597 1.15597 1.15597
 0.237553 1.92852 1.92852 1.92852 1.92852
 0.395716 3.21253 3.21253 3.21253 3.21253
 0.415543 3.37349 3.37349 3.37349 3.37349
 0.183202 1.48728 1.48728 1.48728 1.48728
 0.143917 1.16836 1.16836 1.16836 1.16836
 0.118044 0.958313 0.958313 0.958313 0.958313
 0.0995268 0.807984 0.807984 0.807984 0.807984
 0.113876 0.924476 0.924476 0.924476 0.924476
 0.0510896 0.414758 0.414758 0.414758 0.414758
 0.0614223 0.498642 0.498642 0.498642 0.498642
 0.0745824 0.605479 0.605479 0.605479 0.605479
 0.0738433 0.599479 0.599479 0.599479 0.599479
 0.0894245 0.725971 0.725971 0.725971 0.725971
nmprior
 10.6 11 7 0
nm_flota  nm_reclas  nm_pelaces    nm_pelaL
inf 27.4433 12.1959 25.8273
cv_recla  cv_pelaces  cv_mph
0.754949 0.449858 0.42075
 ------------------------------------------------
Talla a la edad & desviación 
 7.2 14.2025 17.0495 18.207 18.6776
 1.08 2.13037 2.55742 2.73105 2.80164
