    unsorted:	 0.0006114641093 0.0008999984897 4.082645003 3.840817417 1.710203693 2.001037893 48.10237493 41.28247175 77.47299498 78.64318800 213.9176036 195.6214120 140.5350981 339.8052272 412.3690940 452.7385428 510.5981189 523.7457162 588.5137128 608.0759359 788.2172928 785.6850660 765.2289748 818.2468567 842.3866218 854.4208587 861.5754760 732.9599689 897.1366948 948.2051981 942.6873611 993.0272970 1053.655257 1146.808525 1172.990036 1220.276809 1290.012236 1554.067132 5357.572989 194428.0198 211996.1105 297231.1663 346594.5108 416767.1020 460674.5456 536707.1729 709251.1057 631528.0923 694713.6498 836307.2950 916596.9656 1012191.765 1048464.754 1208200.042 1330191.274 1411458.093 1624151.115 1916007.600 2047660.787 2211908.128 2343657.633 2457097.386 2511172.618 2986235.559 3709087.446
      sorted:	 0.0006114641093 0.0008999984897 1.710203693 2.001037893 3.840817417 4.082645003 41.28247175 48.10237493 77.47299498 78.64318800 140.5350981 195.6214120 213.9176036 339.8052272 412.3690940 452.7385428 510.5981189 523.7457162 588.5137128 608.0759359 732.9599689 765.2289748 785.6850660 788.2172928 818.2468567 842.3866218 854.4208587 861.5754760 897.1366948 942.6873611 948.2051981 993.0272970 1053.655257 1146.808525 1172.990036 1220.276809 1290.012236 1554.067132 5357.572989 194428.0198 211996.1105 297231.1663 346594.5108 416767.1020 460674.5456 536707.1729 631528.0923 694713.6498 709251.1057 836307.2950 916596.9656 1012191.765 1048464.754 1208200.042 1330191.274 1411458.093 1624151.115 1916007.600 2047660.787 2211908.128 2343657.633 2457097.386 2511172.618 2986235.559 3709087.446
