    unsorted:	 3.588447790e-06 1.111345266e-05 0.0008999972970 0.008740347939 81.77772605 97.68414531 101.6826290 67.23089394 45.91001308 40.22691405 263.8354796 304.5539712 609.1168209 441.0077825 580.0881230 760.5165648 809.3495171 862.9941958 964.6174735 1073.056389 1188.093401 1306.101945 1571.246907 1743.662773 2000.049151 2186.974955 2445.521029 2762.224844 2890.022162 3285.058478 3567.920091 3898.577466 4387.441340 4447.598307 5173.923735 5282.109181 5418.662857 5857.845704 424661.0360 425668.5243 371230.7172 389112.6384 342328.3544 450332.5806 494947.4084 509331.2429 283827.6091 196499.7230 246556.8554 117199.0631 556051.6848 585020.1237 671816.6168 769327.1324 835771.8027 978514.6805 1138032.514 1263729.868 1444100.142 1588244.020 1853195.087 1988731.944 2371410.862 2396045.195 2690609.071
      sorted:	 3.588447790e-06 1.111345266e-05 0.0008999972970 0.008740347939 40.22691405 45.91001308 67.23089394 81.77772605 97.68414531 101.6826290 263.8354796 304.5539712 441.0077825 580.0881230 609.1168209 760.5165648 809.3495171 862.9941958 964.6174735 1073.056389 1188.093401 1306.101945 1571.246907 1743.662773 2000.049151 2186.974955 2445.521029 2762.224844 2890.022162 3285.058478 3567.920091 3898.577466 4387.441340 4447.598307 5173.923735 5282.109181 5418.662857 5857.845704 117199.0631 196499.7230 246556.8554 283827.6091 342328.3544 371230.7172 389112.6384 424661.0360 425668.5243 450332.5806 494947.4084 509331.2429 556051.6848 585020.1237 671816.6168 769327.1324 835771.8027 978514.6805 1138032.514 1263729.868 1444100.142 1588244.020 1853195.087 1988731.944 2371410.862 2396045.195 2690609.071
