years
 1997 1998 1999 2000 2001 2002 2003 2004 2005 2006 2007 2008 2009 2010 2011 2012 2013 2014 2015 2016 2017 2018 2019 2020 2021
reclasobs
 0 0 0 370054 412103 1.49427e+06 250295 1.28982e+06 931140 785840 897777 1.04006e+06 184774 17550 25797 100020 73551 82996 120727 218422 84188 347160 605670 569463 516374
reclaspred
 786273 175389 206728 127267 320759 308607 741318 624949 757713 1.0347e+06 827851 606681 422244 179421 92182.4 84636.3 92606.3 109374 105119 144443 210896 192420 349675 421511 282018
pelacesobs
 0 0 0 0 0 0 0 0 0 2.06254e+06 1.5e+06 0 1.87456e+06 323000 250000 174000 83755 137374 0 501740 490994 745055 786931 1.00524e+06 1.33801e+06
pelacespred
 2.02846e+06 482405 261942 306791 758604 583846 1.84856e+06 1.50867e+06 1.83702e+06 2.51596e+06 1.86922e+06 1.45319e+06 975653 326863 163056 160273 185252 230957 218351 288990 519391 432832 619882 897490 622969
mphobs
 0 0 0 0 0 112323 0 153150 637223 0 255016 313432 73983 77613 109348 50772 0 0 0 0 0 0 0 0 0
mphpred
 312025 119206 101231 39749.4 67144 154417 177367 235266 247586 300292 411583 278751 189271 109437 43546.9 29225.1 33391.8 37758.6 42742.9 44342.9 68459.1 80919 102866 152959 171187
desembarqueobs
 350755 77701 442110 56441 14545 235359 269955 359681 431902 328805 639364 411747 362871 311530 167758 66681 60226 58785 57116 73181 50977 67692 138656 160484 209506
desembarquepred
 350729 77658.9 441480 56417.7 14544.3 235250 269902 359123 431452 328524 638198 411129 362201 310830 167182 66580 60178.8 58703.8 57031.9 73096.9 50958.1 67628.9 138561 160386 209368
Reclutas
 14445.9 40693.5 3888.27 19683.8 44271.3 20569.4 51896.4 68669.6 80678.6 133592 58463 52610.6 51198.9 23772.5 11424.4 12503.3 7434.05 8440.69 8683.62 14183.6 15934.4 23572.9 40227.5 37171.3 2787.91
log_desv_Rt
 -0.461834 0.573824 -1.77428 -0.152448 0.658092 -0.10844 0.817005 1.09706 1.25823 1.76255 0.936149 0.830673 0.803473 0.0362832 -0.696496 -0.606256 -1.12617 -0.999181 -0.970806 -0.48016 -0.363762 0.0278523 0.562307 0.483293 -2.10695
SSB
 574647 219538 186435 73205.2 123657 284385 326652 433282 455971 553038 757999 513368 348576 201547 80199.1 53823.1 61496.7 69538.9 78718.3 81664.9 126079 149026 189446 281701 315271
BT
 1.08738e+06 347543 330174 197970 344539 417996 1.0188e+06 1.05467e+06 1.2062e+06 1.41606e+06 1.33981e+06 986810 770347 425302 207288 124584 126972 147135 139636 184310 263108 242764 355556 505821 414756
Ftot
 0.710574 1.11035 2.85447 1.50481 0.186609 1.30175 1.02932 1.9737 1.89637 1.1334 1.54159 1.31424 2.04753 3.56211 4.59583 2.41539 1.6795 1.3413 1.19329 1.39866 0.607929 0.753118 0.892306 0.83653 0.955771
BD_Bspro_t
 0.927823 0.604346 0.459859 0.151184 0.342186 0.590419 0.470747 0.498988 0.474054 0.475695 0.516878 0.352519 0.273425 0.198922 0.100613 0.0857557 0.132602 0.199207 0.265379 0.322703 0.45378 0.558353 0.575826 0.595612 0.553772
BD_Bspro
 1.22048 0.466272 0.395965 0.155479 0.262633 0.603999 0.693769 0.920239 0.968428 1.17459 1.6099 1.09033 0.740332 0.428062 0.170333 0.114314 0.130612 0.147692 0.167188 0.173446 0.267777 0.316513 0.40236 0.598298 0.669597
BD_Bo
 0.759651 0.290217 0.246456 0.0967732 0.163468 0.375941 0.431815 0.572775 0.602768 0.731085 1.00203 0.678643 0.460797 0.266434 0.106019 0.071151 0.0812952 0.0919265 0.104061 0.107956 0.166669 0.197004 0.250437 0.372392 0.41677
BD_Brms
 1.90189 0.726596 0.617036 0.242285 0.409263 0.941218 1.08111 1.43402 1.50911 1.83037 2.50872 1.69907 1.15367 0.667053 0.265432 0.178136 0.203533 0.23015 0.260531 0.270283 0.417279 0.493226 0.627002 0.932334 1.04344
S_f
 0.0658103 0.572372 0.962166 0.997935 0.999891
 0.0658103 0.572372 0.962166 0.997935 0.999891
 0.0658103 0.572372 0.962166 0.997935 0.999891
 0.0658103 0.572372 0.962166 0.997935 0.999891
 0.0658103 0.572372 0.962166 0.997935 0.999891
 0.0658103 0.572372 0.962166 0.997935 0.999891
 0.0658103 0.572372 0.962166 0.997935 0.999891
 0.0658103 0.572372 0.962166 0.997935 0.999891
 0.0658103 0.572372 0.962166 0.997935 0.999891
 0.0658103 0.572372 0.962166 0.997935 0.999891
 0.0658103 0.572372 0.962166 0.997935 0.999891
 0.0658103 0.572372 0.962166 0.997935 0.999891
 0.0658103 0.572372 0.962166 0.997935 0.999891
 0.0658103 0.572372 0.962166 0.997935 0.999891
 0.0658103 0.572372 0.962166 0.997935 0.999891
 0.0658103 0.572372 0.962166 0.997935 0.999891
 0.0658103 0.572372 0.962166 0.997935 0.999891
 0.0658103 0.572372 0.962166 0.997935 0.999891
 0.0658103 0.572372 0.962166 0.997935 0.999891
 0.0658103 0.572372 0.962166 0.997935 0.999891
 0.0658103 0.572372 0.962166 0.997935 0.999891
 0.0658103 0.572372 0.962166 0.997935 0.999891
 0.0658103 0.572372 0.962166 0.997935 0.999891
 0.0658103 0.572372 0.962166 0.997935 0.999891
 0.0658103 0.572372 0.962166 0.997935 0.999891
Scru_reclas
 1 1 1 1 1
 1 1 1 1 1
 1 1 1 1 1
 1 1 1 1 1
 1 1 1 1 1
 1 1 1 1 1
 1 1 1 1 1
 1 1 1 1 1
 1 1 1 1 1
 1 1 1 1 1
 1 1 1 1 1
 1 1 1 1 1
 1 1 1 1 1
 1 1 1 1 1
 1 1 1 1 1
 1 1 1 1 1
 1 1 1 1 1
 1 1 1 1 1
 1 1 1 1 1
 1 1 1 1 1
 1 1 1 1 1
 1 1 1 1 1
 1 1 1 1 1
 1 1 1 1 1
 1 1 1 1 1
Scru_pelaces
 0.815884 1 1 1 1
 0.815884 1 1 1 1
 0.815884 1 1 1 1
 0.815884 1 1 1 1
 0.815884 1 1 1 1
 0.815884 1 1 1 1
 0.815884 1 1 1 1
 0.815884 1 1 1 1
 0.815884 1 1 1 1
 0.815884 1 1 1 1
 0.815884 1 1 1 1
 0.815884 1 1 1 1
 0.815884 1 1 1 1
 0.815884 1 1 1 1
 0.815884 1 1 1 1
 0.815884 1 1 1 1
 0.815884 1 1 1 1
 0.815884 1 1 1 1
 0.815884 1 1 1 1
 0.815884 1 1 1 1
 0.815884 1 1 1 1
 0.815884 1 1 1 1
 0.815884 1 1 1 1
 0.815884 1 1 1 1
 0.815884 1 1 1 1
pf_obs 
 0.256992 0.487395 0.22802 0.0275931 0
 0.321318 0.546541 0.124235 0.00734118 0.000564706
 0.182869 0.594174 0.210203 0.0122559 0.00049798
 0.330522 0.361315 0.267642 0.0388342 0.00168674
 0.649043 0.306663 0.0425973 0.00169635 0
 0.582887 0.30429 0.105238 0.00758474 0
 0.465427 0.430635 0.0974691 0.00646863 0
 0.296916 0.608066 0.0921331 0.00288517 0
 0.311714 0.524322 0.152257 0.0117073 0
 0.15457 0.633149 0.183074 0.0267441 0.00246327
 0.131901 0.49318 0.331252 0.0422183 0.00144891
 0.196976 0.569456 0.194076 0.0375587 0.00193317
 0.518974 0.381816 0.0799577 0.0180837 0.00116848
 0.0928022 0.601141 0.25162 0.0475244 0.00691264
 0.122501 0.610282 0.24278 0.0234846 0.000952079
 0.383417 0.481906 0.127806 0.00687128 0
 0.0376549 0.599619 0.316969 0.0457579 0
 0.0361596 0.667082 0.258105 0.0386534 0
 0.158088 0.579412 0.248529 0.0139706 0
 0.0477256 0.309471 0.559284 0.082774 0.000745712
 0.0406174 0.521527 0.379366 0.0568643 0.0016247
 0.151134 0.462217 0.34131 0.0453401 0
 0.294876 0.26143 0.354403 0.0886775 0.000613685
 0.281977 0.475581 0.204845 0.0348837 0.00271318
 0.0354234 0.537034 0.353287 0.0723622 0.0018943
pf_pred 
 0.0677679 0.622547 0.273463 0.0362142 8.16397e-06
 0.253593 0.293993 0.360579 0.0815669 0.0102681
 0.0328942 0.806884 0.0943891 0.0531152 0.012717
 0.42208 0.219314 0.340847 0.0109414 0.00681715
 0.351779 0.587047 0.0362783 0.0237449 0.00115099
 0.101015 0.708239 0.179991 0.00647945 0.00427498
 0.295886 0.374293 0.294916 0.0330583 0.00184684
 0.288442 0.594113 0.0831462 0.0308573 0.00344193
 0.27696 0.612037 0.10378 0.00523881 0.00198421
 0.311711 0.56606 0.114551 0.00721578 0.000461941
 0.108979 0.728609 0.1478 0.0137457 0.000866075
 0.14863 0.490959 0.330322 0.027556 0.00253335
 0.204017 0.553592 0.183874 0.0539226 0.00459421
 0.160543 0.685906 0.133503 0.0155233 0.00452464
 0.206151 0.671905 0.116463 0.00484724 0.000634821
 0.331685 0.605929 0.0607461 0.0015775 6.26078e-05
 0.166326 0.733461 0.0970681 0.0030693 7.51155e-05
 0.211325 0.545446 0.230797 0.0120699 0.000362244
 0.199965 0.599208 0.168255 0.0310094 0.00156208
 0.282826 0.518288 0.172909 0.0219819 0.00399448
 0.206986 0.63643 0.134508 0.0193604 0.0027155
 0.218214 0.520901 0.230952 0.0258863 0.00404702
 0.263086 0.52424 0.16956 0.0383907 0.00472281
 0.171246 0.631519 0.164656 0.0262618 0.00631714
 0.0142123 0.632751 0.305748 0.0398266 0.00746271
pobs_RECLAS
 0 0 0 0 0
 0 0 0 0 0
 0 0 0 0 0
 0 0 0 0 0
 0.835266 0.146461 0.0176864 0.000547809 3.91292e-05
 0.385257 0.428462 0.181853 0.0044286 0
 0.867414 0.0963971 0.0333333 0.00285562 0
 0.441836 0.489002 0.0689373 0.000224442 0
 0.779404 0.147425 0.0564933 0.0165055 0.000172143
 0.814271 0.122319 0.05973 0.00367925 0
 0.40263 0.566651 0.0304383 0.000280538 0
 0.475488 0.404961 0.113038 0.00651328 0
 0.955842 0.0263864 0.0167828 0.000988607 0
 0.975058 0.0227948 0.00214734 0 0
 0.738997 0.206755 0.0527124 0.00153531 0
 0.850938 0.134255 0.0134407 0.00136685 0
 0.542534 0.407297 0.0501686 0 0
 0.764087 0.199537 0.0359546 0.000420521 0
 0.470689 0.182191 0.310203 0.0369168 0
 0.84361 0.089868 0.0606195 0.00523954 0.000663233
 0.607945 0.314616 0.071237 0.00620181 0
 0.523733 0.453247 0.0230204 0 0
 0.530135 0.295979 0.169645 0.0042399 0
 0.562478 0.366248 0.0663022 0.0049721 0
 0.250443 0.683176 0.0655157 0.000865301 0
ppred_RECLAS
 0.430648 0.442577 0.112454 0.0143173 3.2208e-06
 0.808916 0.102724 0.071022 0.0154032 0.00193465
 0.281078 0.658972 0.036215 0.0191627 0.00457266
 0.904982 0.050254 0.0426434 0.0013079 0.000812903
 0.831717 0.158643 0.0058027 0.00366008 0.000177063
 0.534038 0.405455 0.057237 0.00197233 0.00129823
 0.827505 0.115191 0.0514607 0.00553391 0.000308468
 0.810137 0.172347 0.0125826 0.00443988 0.000493889
 0.799079 0.183477 0.0163609 0.000785935 0.000296877
 0.817842 0.162467 0.0185023 0.00111721 7.13589e-05
 0.555912 0.396219 0.0437396 0.00388531 0.000244196
 0.665561 0.237884 0.0888138 0.00709135 0.000650401
 0.745712 0.207773 0.0357186 0.00995098 0.000845473
 0.706729 0.26797 0.022201 0.00240271 0.000697595
 0.786209 0.200646 0.0126019 0.000480308 6.26024e-05
 0.839524 0.152684 0.00759814 0.000186615 7.38403e-06
 0.666786 0.310456 0.0220757 0.000665791 1.62524e-05
 0.742121 0.206906 0.0484746 0.00242578 7.26303e-05
 0.72069 0.23541 0.0370322 0.00653915 0.000328647
 0.807308 0.159218 0.0292699 0.00355886 0.000645151
 0.716944 0.247789 0.0304598 0.00421743 0.000590306
 0.744503 0.198412 0.0507629 0.00546872 0.000853151
 0.786307 0.173699 0.0321462 0.00698928 0.000857946
 0.674287 0.276461 0.0413887 0.00634145 0.00152212
 0.133789 0.658112 0.181206 0.0226564 0.00423601
pobs_PELACES
 0 0 0 0 0
 0 0 0 0 0
 0 0 0 0 0
 0 0 0 0 0
 0 0 0 0 0
 0 0 0 0 0
 0 0 0 0 0
 0 0 0 0 0
 0 0 0 0 0
 0 0 0 0 0
 0.450072 0.473896 0.0757376 0.000293798 0
 0 0 0 0 0
 0.463077 0.371075 0.160297 0.00555027 0
 0.529543 0.364841 0.0842815 0.0213345 0
 0.631943 0.363953 0.00410389 0 0
 0.735681 0.248677 0.0153453 0.000297389 0
 0.695825 0.281241 0.0229344 0 0
 0.275771 0.60734 0.115278 0.00161068 0
 0 0 0 0 0
 0.896147 0.0623911 0.0374545 0.00400742 0
 0.803859 0.145111 0.0509908 3.86294e-05 0
 0.739449 0.233085 0.0266225 0.000797448 4.60066e-05
 0.878498 0.100942 0.0204185 0.000141795 0
 0.694673 0.275183 0.0284847 0.00165964 0
 0.469039 0.446079 0.0841089 0.000773354 0
ppred_PELACES
 0.414821 0.463993 0.107598 0.0135845 3.05456e-06
 0.816038 0.105497 0.0632314 0.013535 0.00169879
 0.345543 0.616144 0.0234553 0.0119998 0.00285817
 0.915971 0.0484771 0.0338964 0.00102132 0.000634168
 0.806428 0.18274 0.00652558 0.00410699 0.000198659
 0.542598 0.406176 0.0484984 0.00164573 0.00108234
 0.829074 0.119093 0.0466059 0.00495131 0.00027581
 0.831841 0.155944 0.00883234 0.00304481 0.00033827
 0.819527 0.167978 0.0117365 0.00055131 0.000207996
 0.817966 0.164786 0.0162204 0.00096641 6.16818e-05
 0.574082 0.387576 0.0350895 0.00306073 0.000192179
 0.67932 0.238897 0.0753195 0.00592132 0.000542629
 0.778812 0.188875 0.0249514 0.00678532 0.000575745
 0.786514 0.201514 0.0105584 0.00109564 0.000317373
 0.869314 0.126121 0.00438582 0.000158335 2.05759e-05
 0.866233 0.128947 0.00470318 0.000112266 4.43526e-06
 0.686616 0.295917 0.0169535 0.000501272 1.22231e-05
 0.752076 0.205379 0.0404917 0.00199447 5.96647e-05
 0.724482 0.237598 0.032058 0.00558163 0.000280308
 0.816418 0.156205 0.0239878 0.00286886 0.000519598
 0.697838 0.267047 0.0303579 0.00417327 0.000583895
 0.733601 0.211279 0.0490641 0.00523892 0.000816904
 0.78063 0.182072 0.0300418 0.0064633 0.000792924
 0.663685 0.289996 0.0389858 0.00591461 0.0014189
 0.132036 0.678512 0.16521 0.0204247 0.0038164
pobs_pel_tallas
 0 0 0 0 0 0 0 0 0 0 0 0 0 0 0 0 0 0 0 0 0 0 0 0 0 0 0 0 0 0 0 0 0 0 0 0
 0 0 0 0 0 0 0 0 0 0 0 0 0 0 0 0 0 0 0 0 0 0 0 0 0 0 0 0 0 0 0 0 0 0 0 0
 0 0 0 0 0 0 0 0 0 0 0 0 0 0 0 0 0 0 0 0 0 0 0 0 0 0 0 0 0 0 0 0 0 0 0 0
 0 0 0 0 0 0 0 0 0 0 0 0 0 0 0 0 0 0 0 0 0 0 0 0 0 0 0 0 0 0 0 0 0 0 0 0
 0 0 0 0 0 0 0 0 0 0 0 0 0 0 0 0 0 0 0 0 0 0 0 0 0 0 0 0 0 0 0 0 0 0 0 0
 0 0 0 0 0 0 0 0 0 0 0 0 0 0 0 0 0 0 0 0 0 0 0 0 0 0 0 0 0 0 0 0 0 0 0 0
 0 0 0 0 0 0 0 0 0 0 0 0 0 0 0 0 0 0 0 0 0 0 0 0 0 0 0 0 0 0 0 0 0 0 0 0
 0 0 0 0 0 0 0 0 0 0 0 0 0 0 0 0 0 0 0 0 0 0 0 0 0 0 0 0 0 0 0 0 0 0 0 0
 0 0 0 0 0 0 0 0 0 0 0 0 0 0 0 0 0 0 0 0 0 0 0 0 0 0 0 0 0 0 0 0 0 0 0 0
 0 0 0 0 0 0 0 0 0 0 0 0 0 0 0 0 0 0 0 0 0 0 0 0 0 0 0 0 0 0 0 0 0 0 0 0
 0 0 0 0 0 0 0 0 1.78061e-05 0.00172719 0.00360574 0.0105946 0.0120993 0.0124554 0.0147524 0.0171206 0.0266825 0.0428682 0.0675386 0.121331 0.153587 0.119568 0.100827 0.0573624 0.0630603 0.0341343 0.0324427 0.0444173 0.0211091 0.0280891 0.0125444 0.00206551 0 0 0 0
 0 0 0 0 0 0 0 0 0 0 0 0 0 0 0 0 0 0 0 0 0 0 0 0 0 0 0 0 0 0 0 0 0 0 0 0
 0 0 0 0 0 0 0.0133647 0.0140871 0.0187388 0.0205184 0.03894 0.0496705 0.03968 0.0493445 0.0407372 0.0367815 0.0215668 0.0243155 0.0234873 0.0199281 0.019796 0.0243948 0.0301388 0.0376714 0.0412746 0.0863199 0.0771752 0.113111 0.0741005 0.0525337 0.0229764 0.00759418 0.00175318 0 0 0
 0 0 0 0 0 0 0 0 0 0 0.00219441 0.00772107 0.0458388 0.0604681 0.0671733 0.0775358 0.0609151 0.0617685 0.073594 0.0568108 0.0755445 0.0548602 0.0670107 0.0636378 0.0643287 0.046367 0.0373049 0.0286899 0.0247887 0.0153202 0.00654259 0.00121912 0.000365735 0 0 0
 0 0 0 0 0 0 0 0 0 0 0 0 0.000112435 0.00938835 0.0111873 0.0202946 0.0414886 0.0713402 0.111592 0.104902 0.108894 0.110636 0.117776 0.105296 0.107544 0.0401394 0.0192827 0.0124803 0.00416011 0.0028671 0.000618394 0 0 0 0 0
 0 0 0 0 0 0 0 0 0 0 0.00291406 0.0102884 0.027416 0.0768956 0.0749926 0.110853 0.0956884 0.0897413 0.0766577 0.0534642 0.0500743 0.0551293 0.0594112 0.0620874 0.0668451 0.0424026 0.0208742 0.0120726 0.0048766 0.00582813 0.00118941 0.000297354 0 0 0 0
 0 0.00264628 0.0354308 0.0461629 0.0458689 0.0383711 0.0214643 0.0164657 0.0346957 0.0420465 0.0363128 0.0245516 0.0311673 0.0291091 0.0169068 0.0133784 0.00837989 0.0085269 0.0148486 0.0160247 0.0276389 0.0546898 0.0760071 0.122758 0.109233 0.0665981 0.0333725 0.0166128 0.00676272 0.00308733 0.000882094 0 0 0 0 0
 0 0 0 0 0 0 0 0.000805153 0.000690131 0.00759144 0.0133425 0.0154129 0.00931677 0.000345066 0.00356568 0.00563607 0.00851162 0.0253048 0.0502646 0.0516448 0.0657925 0.0565908 0.0611916 0.0827007 0.0866115 0.110766 0.145733 0.0935128 0.0569358 0.0249597 0.0138026 0.00621118 0.00161031 0.00115022 0 0
 0 0 0 0 0 0 0 0 0 0 0 0 0 0 0 0 0 0 0 0 0 0 0 0 0 0 0 0 0 0 0 0 0 0 0 0
 0.00147267 0.00158595 0.00478618 0.00569244 0.00954404 0.0108468 0.00647125 0.017049 0.0510054 0.094081 0.124002 0.0959785 0.0687766 0.0820023 0.061753 0.0591476 0.0492212 0.0479892 0.0443925 0.0268479 0.0217502 0.0140895 0.0121071 0.0120363 0.00920419 0.00665534 0.0049561 0.00860946 0.00930331 0.0156896 0.0114698 0.00855282 0.00243557 0.00046729 0 2.83206e-05
 0 0 0 0 0.000772559 0.00158375 0.000888443 0.00281984 0.00712685 0.0440552 0.0773331 0.111326 0.0921469 0.0852325 0.0710754 0.0886704 0.0786465 0.0553345 0.0373146 0.0185414 0.00753245 0.00457741 0.012979 0.0271748 0.0457355 0.0583668 0.034881 0.0177882 0.00938659 0.00492506 0.0015258 0.00185414 0.000309023 5.79419e-05 3.86279e-05 0
 0 0.00173294 0.00326652 0 0.00397197 0.00683976 0.00946217 0.0152591 0.00757587 0.0136028 0.0228656 0.0392903 0.0559909 0.0764795 0.0681675 0.0726916 0.0566044 0.0477403 0.0527397 0.0444891 0.0609904 0.0582453 0.0661739 0.0445044 0.0529084 0.0360697 0.0280645 0.0235558 0.0158879 0.00826598 0.00280645 0.00217768 0.000904811 0.00058276 9.20147e-05 0
 0 0 0 0 0 0 0 0 0 0 0 0 0 0 0 0 0 0 0 0 0 0 0 0 0 0 0 0 0 0 0 0 0 0 0 0
 0 0 0 0 0 0 0 0 0 0 0 0 0 0 0 0 0 0 0 0 0 0 0 0 0 0 0 0 0 0 0 0 0 0 0 0
 0 0 0 0 0 0 0 0 0 0 0 0 0 0 0 0 0 0 0 0 0 0 0 0 0 0 0 0 0 0 0 0 0 0 0 0
ppred_pel_tallas
 1.02146e-16 1.81199e-05 0.000106298 0.000505182 0.0019448 0.00606451 0.0153189 0.0313475 0.0519731 0.0698325 0.0760811 0.067322 0.048656 0.0293339 0.0159897 0.010032 0.00965155 0.0126403 0.0175837 0.0237052 0.0304078 0.0370258 0.0428108 0.0470478 0.0492091 0.0490741 0.0467745 0.0427448 0.0376034 0.032002 0.0264962 0.0214693 0.0171175 0.0134838 0.0105143 0.00811257
 1.01477e-16 3.56001e-05 0.000208955 0.000993303 0.00382431 0.0119258 0.0301235 0.0616361 0.102166 0.137199 0.149281 0.13163 0.094125 0.05473 0.0261845 0.010894 0.00493971 0.00372376 0.00444115 0.00588832 0.00762079 0.00942041 0.0111066 0.0125102 0.0134962 0.013989 0.0139832 0.0135366 0.0127477 0.0117284 0.0105799 0.0093796 0.00817956 0.00701227 0.00589968 0.00485991
 1.0108e-16 1.51049e-05 8.85839e-05 0.00042094 0.00162039 0.00505284 0.0127637 0.0261204 0.0433134 0.0582169 0.0634785 0.0562947 0.0409563 0.0252307 0.0147249 0.0107049 0.0117506 0.0160741 0.0224793 0.0302007 0.0385089 0.0465219 0.0532455 0.0577495 0.0593787 0.0579137 0.0536259 0.0472011 0.0395654 0.0316697 0.0243019 0.0179773 0.0129176 0.00910299 0.00636037 0.00445264
 1.00562e-16 3.99553e-05 0.000234529 0.0011149 0.0042925 0.0133858 0.0338114 0.0691813 0.114671 0.153985 0.167526 0.147676 0.105506 0.0611597 0.0289071 0.0114134 0.00424396 0.00220966 0.00215231 0.00274044 0.00352976 0.00436303 0.005146 0.00579809 0.00625534 0.00648092 0.00647061 0.00624958 0.00586287 0.0053628 0.00479816 0.0042079 0.00361985 0.00305282 0.00251997 0.00203147
 1.00303e-16 3.51841e-05 0.000206506 0.000981644 0.0037794 0.0117857 0.0297698 0.0609128 0.10097 0.135598 0.147556 0.130149 0.0931527 0.054339 0.0263225 0.0115078 0.00604601 0.00540353 0.00679287 0.00897374 0.0114175 0.0137888 0.0157792 0.0171108 0.0175893 0.0171496 0.0158727 0.0139621 0.0116931 0.00934789 0.00716046 0.00528376 0.00378361 0.00265405 0.00184352 0.00128147
 1.00928e-16 2.3689e-05 0.000138999 0.000660662 0.00254345 0.00793142 0.0200344 0.0409954 0.0679627 0.0912974 0.0994164 0.087851 0.0632326 0.0376007 0.019551 0.0108287 0.00896884 0.011008 0.0150762 0.0202222 0.0258317 0.0312938 0.0359469 0.0391707 0.040521 0.039834 0.037265 0.0332405 0.0283478 0.0231964 0.0182982 0.0139964 0.0104512 0.0076721 0.00557135 0.00401917
 1.00884e-16 3.61691e-05 0.000212294 0.00100917 0.00388542 0.0121163 0.0306048 0.062621 0.103799 0.139393 0.151669 0.133742 0.095646 0.0556364 0.0266588 0.0111598 0.00515943 0.00398534 0.00478192 0.00631481 0.00811496 0.00993922 0.0115825 0.0128565 0.0136185 0.0137998 0.0134186 0.0125686 0.0113909 0.0100383 0.00864445 0.00730586 0.0060784 0.00498496 0.00402781 0.00319999
 1.00297e-16 3.62911e-05 0.000213008 0.00101256 0.00389844 0.0121569 0.0307074 0.0628312 0.104148 0.139865 0.15219 0.134219 0.0960259 0.055935 0.0269462 0.0115258 0.00569041 0.0047547 0.00584415 0.00769433 0.00979107 0.0118336 0.013556 0.0147201 0.015159 0.0148151 0.0137551 0.01215 0.0102321 0.00824018 0.00637287 0.00476075 0.00346116 0.0024711 0.00174919 0.00123797
 1.00251e-16 3.57547e-05 0.000209857 0.000997578 0.00384075 0.011977 0.0302531 0.0619016 0.102608 0.137797 0.149944 0.132246 0.0946323 0.0551593 0.02664 0.0115106 0.00585286 0.00505509 0.00628538 0.00829182 0.0105544 0.0127568 0.0146136 0.0158679 0.016339 0.0159641 0.0148142 0.0130734 0.0109917 0.00882747 0.00679586 0.0050394 0.00362187 0.00254187 0.00175622 0.00120367
 1.00321e-16 3.56865e-05 0.000209457 0.000995677 0.00383343 0.0119542 0.0301954 0.0617836 0.102412 0.137534 0.149658 0.131992 0.0944477 0.0550461 0.026575 0.0114653 0.00580543 0.00499281 0.00620196 0.00818578 0.010429 0.0126208 0.014481 0.0157569 0.0162692 0.0159537 0.014876 0.0132122 0.0112036 0.00909991 0.00711021 0.00537392 0.00395511 0.00285541 0.0020365 0.00144268
 1.00739e-16 2.50611e-05 0.000147056 0.00069897 0.00269096 0.00839141 0.0211963 0.0433725 0.0719023 0.0965856 0.105164 0.0929056 0.0668167 0.0396234 0.0204034 0.0109832 0.00873495 0.0105086 0.0143225 0.0191856 0.0244842 0.0296281 0.0339843 0.0369629 0.0381439 0.0373777 0.0348209 0.0308902 0.0261548 0.0212035 0.0165287 0.012458 0.00914056 0.00657815 0.00467823 0.00330744
 1.01376e-16 2.9644e-05 0.000173975 0.000826977 0.00318387 0.00992856 0.0250788 0.0513153 0.0850634 0.114245 0.124342 0.109727 0.0786509 0.046113 0.0227757 0.0107088 0.00671575 0.00701478 0.00927255 0.0124236 0.0159584 0.0194885 0.02262 0.0249805 0.0262906 0.0264247 0.0254351 0.0235282 0.0210056 0.0181897 0.0153589 0.0127101 0.0103512 0.0083169 0.00659585 0.00515591
 1.00676e-16 3.39802e-05 0.000199438 0.000948038 0.00365 0.0113822 0.0287505 0.0588275 0.0975132 0.130958 0.14251 0.125707 0.0899915 0.0525323 0.0255175 0.011277 0.00610174 0.00562082 0.00714664 0.00948098 0.0121065 0.0146856 0.0169019 0.0184657 0.0191693 0.0189339 0.0178276 0.0160431 0.0138471 0.0115163 0.0092831 0.00730289 0.00564844 0.00432475 0.00329422 0.00250151
 1.00269e-16 3.43165e-05 0.000201411 0.000957418 0.00368611 0.0114948 0.029035 0.0594095 0.0984783 0.132255 0.143923 0.126958 0.0908978 0.0530822 0.025823 0.011476 0.00629719 0.00587208 0.00748207 0.00990752 0.0126111 0.0152336 0.0174363 0.0189122 0.0194457 0.0189638 0.0175543 0.0154407 0.0129258 0.0103214 0.00788672 0.00579254 0.00411396 0.00284695 0.00193685 0.00130723
 1.0011e-16 3.79239e-05 0.000222596 0.00105815 0.00407399 0.0127044 0.0320902 0.0656602 0.108837 0.146157 0.159029 0.140229 0.100279 0.0583192 0.0279199 0.0116422 0.00530675 0.00400566 0.00473388 0.00618475 0.00785408 0.00947702 0.0108342 0.0117326 0.0120382 0.0117066 0.0107947 0.00944476 0.00784883 0.00620403 0.00467409 0.00336644 0.00232768 0.00155403 0.00100932 0.000643442
 1.00113e-16 3.77897e-05 0.000221808 0.0010544 0.00405955 0.0126594 0.0319765 0.0654276 0.108451 0.14564 0.158467 0.139735 0.0999301 0.0581244 0.027842 0.0116363 0.00534403 0.00407576 0.00483708 0.00632455 0.00803273 0.00969325 0.0110822 0.0120023 0.0123164 0.011979 0.0110482 0.00966924 0.00803828 0.00635679 0.00479214 0.0034542 0.00239072 0.00159798 0.00103918 0.000663277
 1.00355e-16 2.99643e-05 0.000175851 0.000835884 0.00321814 0.0100354 0.0253489 0.0518682 0.0859813 0.115482 0.125699 0.110951 0.0795853 0.0467751 0.0233131 0.0113085 0.00754432 0.00820124 0.0109058 0.0145411 0.0185259 0.0223814 0.0256192 0.0277892 0.0285745 0.0278672 0.0257956 0.0226874 0.0189872 0.015153 0.0115661 0.00847839 0.00600131 0.00413025 0.00278597 0.00185695
 1.00714e-16 3.28151e-05 0.000192596 0.000915507 0.00352474 0.0109916 0.0277639 0.0568088 0.0941678 0.126468 0.137629 0.121415 0.0869496 0.0508179 0.0247996 0.0111559 0.00631667 0.00606988 0.00782281 0.010411 0.0133158 0.0161808 0.018663 0.0204451 0.0212959 0.0211229 0.0199916 0.0181029 0.0157395 0.0131981 0.0107305 0.00850923 0.00662054 0.00507937 0.00385506 0.00289673
 1.00738e-16 3.16131e-05 0.000185536 0.00088194 0.00339549 0.0105885 0.0267458 0.054726 0.0907164 0.121836 0.132598 0.116999 0.0838348 0.0490941 0.0241385 0.0111628 0.00674388 0.00683448 0.00893539 0.0119061 0.0152084 0.018444 0.0212187 0.0231686 0.0240321 0.0237104 0.0222898 0.0200139 0.0172199 0.0142585 0.0114242 0.00891484 0.00682368 0.00515803 0.00387066 0.00289104
 1.00515e-16 3.56187e-05 0.00020906 0.00099379 0.00382617 0.0119316 0.0301382 0.0616665 0.102218 0.137273 0.149371 0.131735 0.0942553 0.0549165 0.0264799 0.0113693 0.00567843 0.00481279 0.00595452 0.00786493 0.0100399 0.0121822 0.0140263 0.0153315 0.0159246 0.015739 0.0148292 0.0133534 0.0115309 0.00959075 0.00772574 0.00606609 0.00467424 0.00355683 0.00268504 0.0020148
 1.00689e-16 3.04525e-05 0.00017872 0.000849527 0.00327068 0.0101993 0.0257627 0.0527147 0.0873836 0.117363 0.127739 0.112733 0.0808249 0.0474255 0.0234929 0.0111577 0.00713839 0.00754704 0.00997546 0.0133076 0.0169886 0.0205815 0.0236452 0.0257716 0.0266689 0.0262299 0.0245568 0.0219296 0.0187336 0.0153682 0.0121682 0.00935735 0.00703931 0.00521883 0.00383766 0.00281049
 1.00984e-16 3.20098e-05 0.000187867 0.000893025 0.00343818 0.0107216 0.027082 0.0554138 0.0918558 0.123364 0.134254 0.118445 0.0848376 0.0496144 0.0242701 0.0110164 0.0063771 0.00624901 0.00810567 0.0108094 0.0138469 0.0168579 0.0194911 0.0214195 0.0224027 0.0223402 0.0212922 0.0194567 0.0171153 0.0145649 0.0120587 0.00977102 0.0077913 0.00613889 0.004789 0.00369755
 1.00746e-16 3.40592e-05 0.000199902 0.000950247 0.00365851 0.0114087 0.0288176 0.0589645 0.0977403 0.131262 0.142839 0.125994 0.0901888 0.0526312 0.0255352 0.0112337 0.00600655 0.00547158 0.00693617 0.00920372 0.0117636 0.0142885 0.0164727 0.0180362 0.0187764 0.0186138 0.0176091 0.0159429 0.0138668 0.0116434 0.00949434 0.00756888 0.00593911 0.00461359 0.00356105 0.00273352
 1.00918e-16 2.89642e-05 0.00016998 0.000807973 0.00311068 0.00970032 0.0245024 0.0501362 0.0831104 0.111627 0.121505 0.107252 0.0769413 0.0452393 0.0225822 0.0110131 0.00742793 0.00814112 0.0108645 0.0145236 0.0185592 0.0225083 0.0258941 0.0282732 0.0293264 0.0289335 0.0271997 0.0244228 0.0210145 0.0174028 0.0139469 0.0108883 0.00834025 0.00631143 0.00474373 0.00355074
 1.03447e-16 5.79793e-06 3.3937e-05 0.000161128 0.000620026 0.00193321 0.00488385 0.00999824 0.016593 0.022344 0.0244728 0.0219631 0.016543 0.011312 0.00858906 0.00906699 0.0124123 0.0180968 0.0256945 0.0347552 0.0446193 0.054365 0.0629082 0.0692042 0.0724788 0.0724041 0.0691655 0.0633896 0.0559709 0.047854 0.0398447 0.0324997 0.0261062 0.0207304 0.0162996 0.012681
pSPR Fmed_Fpbrs
0.395781   0.449419 0.449419
Fs Fmed_Fpbrs
1.30135   1.005 1.005
SSBpbr Bo_Bmed_Bpbrs
756462  261571  302146 302146
Ro
22925.4
SPR SPRFo_SPRFmed_SPRFpbrs
470837 186348 211603
log_Ro
9.86
likeval ReclasPelacesDesembMPH_pf_preclas_ppelaces_ptallas_desvR_qrecl_qpela
 87.8623 15.8922 0.217393 0.000178769 319.132 192.669 80.4403 0 31.0377 3.17604e-07 0.000117948 0 0 0 0
q_reclas_q_pelaces
0.923246 4.68847
M
0.7
N
 14445.9 17773.5 5186.86 668.818 0.150561
 40693.5 6845.88 5876.7 1300.1 163.47
 3888.27 18783.8 1800.59 1002.66 239.928
 19683.8 1600.17 1820.62 57.3628 35.7053
 44271.3 8853.07 335.814 212.524 10.2831
 20569.4 21716.1 3950.94 139.353 91.8418
 51896.4 9375.84 5119.06 560.714 31.2865
 68669.6 24083.1 2583.08 944.214 105.236
 80678.6 29946.6 3864.46 192.042 72.6761
 133592 35363.2 5022.79 309.498 19.7903
 58463 61571.8 9179.23 838.168 52.7591
 52610.6 26231 12652.3 1034.25 94.9813
 51198.9 23961 6139.29 1774.16 151.042
 23772.5 22219.5 3685.76 425.131 123.862
 11424.4 9338.12 1436.37 59.4356 7.78164
 12503.3 4192.49 334.066 8.56708 0.339785
 7434.05 5296.42 522.46 16.2376 0.397023
 8440.69 3305.35 1005.75 51.5518 1.54554
 8683.62 3837.39 761.718 137.406 6.91384
 14183.6 3986.48 962.51 119.993 21.7822
 15934.4 6423.98 889.01 124.437 17.4276
 23572.9 7602.48 2252.58 245.963 38.3998
 40227.5 11139.9 2453.24 541.968 66.5856
 37171.3 18837.1 3319.46 516.265 124.019
 2787.91 17470 5795.16 737.066 137.936
pred_Ctot
 475.921 4372.02 1920.48 254.325 0.057334
 2070.94 2400.87 2944.64 666.109 83.8536
 484.12 11875.3 1389.17 781.722 187.162
 1342.36 697.494 1084.01 34.7973 21.6809
 388.885 648.97 40.1051 26.2496 1.2724
 1220.54 8557.45 2174.78 78.2893 51.6534
 2454.04 3104.34 2446 274.182 15.3175
 6060.7 12483.4 1747.06 648.371 72.3213
 6856.68 15152.1 2569.28 129.697 49.123
 6935.28 12594.3 2548.66 160.544 10.2778
 4080.11 27278.6 5533.53 514.63 32.4253
 3150.6 10407.2 7002.04 584.122 53.7011
 4677.98 12693.5 4216.1 1236.41 105.342
 3621.22 15471.3 3011.3 350.145 102.058
 2181.95 7111.6 1232.67 51.3044 6.7191
 1333.69 2436.41 244.257 6.34306 0.251743
 563.014 2482.77 328.576 10.3896 0.254266
 515.48 1330.5 562.979 29.4418 0.883613
 473.802 1419.78 398.666 73.4742 3.70122
 901.768 1652.52 551.306 70.0874 12.7361
 450.461 1385.06 292.73 42.134 5.90972
 822.098 1962.44 870.09 97.524 15.2467
 1655.56 3298.95 1067.01 241.586 29.7198
 1436.46 5297.37 1381.19 220.291 52.9901
 122.672 5461.55 2639.04 343.76 64.4139
F
 0.0467631 0.406713 0.68369 0.709106 0.710497
 0.0730721 0.635531 1.06834 1.10805 1.11022
 0.187854 1.63382 2.74648 2.84858 2.85416
 0.0990318 0.86131 1.44787 1.5017 1.50464
 0.0122808 0.10681 0.179549 0.186224 0.186589
 0.0856686 0.745085 1.2525 1.29906 1.30161
 0.0677396 0.589152 0.990373 1.02719 1.0292
 0.12989 1.12969 1.89903 1.96962 1.97348
 0.124801 1.08543 1.82462 1.89246 1.89617
 0.0745897 0.648729 1.09052 1.13106 1.13328
 0.101452 0.882362 1.48326 1.5384 1.54142
 0.0864904 0.752233 1.26451 1.31152 1.31409
 0.134749 1.17195 1.97007 2.0433 2.04731
 0.234423 2.03885 3.42734 3.55475 3.56172
 0.302453 2.63052 4.42195 4.58633 4.59533
 0.158958 1.3825 2.32401 2.4104 2.41513
 0.110529 0.961301 1.61596 1.67603 1.67932
 0.0882711 0.76772 1.29055 1.33853 1.34115
 0.0785305 0.683004 1.14814 1.19082 1.19316
 0.0920464 0.800555 1.34575 1.39577 1.39851
 0.040008 0.347962 0.584929 0.606674 0.607863
 0.0495629 0.431063 0.724624 0.751562 0.753036
 0.0587229 0.510731 0.858547 0.890463 0.892209
 0.0550523 0.478807 0.804881 0.834803 0.836439
 0.0628996 0.547057 0.91961 0.953797 0.955667
nmprior
 10.6 11 7 0
nm_flota  nm_reclas  nm_pelaces    nm_pelaL
inf 24.7948 17.0255 39.8502
cv_recla  cv_pelaces  cv_mph
0.847864 0.452027 0.433794
 ------------------------------------------------
Talla a la edad & desviación 
 7.2 14.2025 17.0495 18.207 18.6776
 1.08 2.13037 2.55742 2.73105 2.80164
