years
 1997 1998 1999 2000 2001 2002 2003 2004 2005 2006 2007 2008 2009 2010 2011 2012 2013 2014 2015 2016 2017 2018 2019 2020 2021
reclasobs
 0 0 0 370054 412103 1.49427e+06 250295 1.28982e+06 931140 785840 897777 1.04006e+06 184774 17550 25797 100020 73551 82996 120727 218422 84188 347160 605670 569463 516374
reclaspred
 444338 132455 460250 330697 431418 507586 1.075e+06 670963 684924 561204 425888 284500 174137 85434.7 64463.1 68239.1 87281.4 121875 130257 184652 261201 238764 419441 542372 609766
pelacesobs
 0 0 0 0 0 0 0 0 0 2.06254e+06 1.5e+06 0 1.87456e+06 323000 250000 174000 83755 137374 0 501740 490994 745055 786931 1.00524e+06 1.33801e+06
pelacespred
 1.82343e+06 492672 1.00766e+06 1.11323e+06 1.22699e+06 1.22871e+06 2.82025e+06 2.31303e+06 2.03266e+06 1.7038e+06 1.16789e+06 799671 487548 205514 151620 168852 223752 312973 346739 476181 741740 665929 920993 1.41282e+06 1.64301e+06
mphobs
 0 0 0 0 0 112323 0 153150 637223 0 255016 313432 73983 77613 109348 50772 0 0 0 0 0 0 0 0 0
mphpred
 158708 111713 149241 207685 196800 277117 416247 469997 377457 346633 293115 202833 125552 67206.5 35454.8 32166.5 39497.7 55666.7 70198.7 81134.3 118749 137634 173842 251689 339963
desembarqueobs
 350755 77701 442110 56441 14545 235359 269955 359681 431902 328805 639364 411747 362871 311530 167758 66681 60226 58785 57116 73181 50977 67692 138656 160484 209506
desembarquepred
 350765 77704.7 442154 56442.7 14545.1 235392 269980 359717 431984 328876 639808 412127 363395 312174 167876 66699.5 60245.6 58789.5 57115.8 73184.7 50978.5 67690.5 138661 160491 209509
Reclutas
 86023.7 108059 70455.9 101135 164950 123453 181098 150322 159909 140974 69332.6 41757.4 42705.5 25302.9 20886.6 27891 24204.9 27725.5 31788 55043.1 68781.2 90309.8 148602 181937 81630
log_desv_Rt
 0.182378 0.410429 -0.0172583 0.344214 0.8334 0.543613 0.926795 0.740534 0.802359 0.676334 -0.0333291 -0.540369 -0.517918 -1.04133 -1.23314 -0.94394 -1.08569 -0.949891 -0.813155 -0.264127 -0.0413139 0.231002 0.72903 0.931416 0.129952
SSB
 1.02805e+06 723631 966724 1.3453e+06 1.27479e+06 1.79505e+06 2.69628e+06 3.04445e+06 2.44502e+06 2.24535e+06 1.89868e+06 1.31387e+06 813277 435337 229662 208362 255850 360587 454719 525556 769211 891538 1.12608e+06 1.63034e+06 2.20214e+06
BT
 3.54026e+06 1.00449e+06 2.03109e+06 2.03516e+06 2.18877e+06 2.36672e+06 5.19071e+06 4.51778e+06 4.00609e+06 3.34618e+06 2.66303e+06 1.80407e+06 1.22501e+06 668171 413942 355376 447062 602588 664633 905276 1.35863e+06 1.24515e+06 1.72999e+06 2.63938e+06 3.08532e+06
Ftot
 0.282626 0.201633 0.267528 0.0487359 0.0108103 0.115436 0.0722895 0.149277 0.177866 0.158222 0.360301 0.338761 0.52697 0.898925 0.768232 0.296959 0.212325 0.141337 0.11906 0.122903 0.0587076 0.0784647 0.0923711 0.0875227 0.08493
BD_Bspro_t
 0.966075 0.839003 0.822084 0.747649 0.825528 0.89832 0.877849 0.878679 0.833368 0.791616 0.745136 0.602029 0.491494 0.38003 0.266401 0.291506 0.420141 0.590963 0.694749 0.765745 0.838343 0.886909 0.891408 0.895716 0.898173
BD_Bspro
 0.698308 0.491532 0.656654 0.913803 0.865912 1.2193 1.83147 2.06796 1.6608 1.52517 1.28969 0.892456 0.552424 0.295705 0.155999 0.141531 0.173788 0.244931 0.308871 0.356987 0.522492 0.605583 0.764898 1.10742 1.49582
BD_Bo
 0.604857 0.425752 0.568777 0.791513 0.750031 1.05613 1.58637 1.79122 1.43854 1.32106 1.1171 0.773023 0.478496 0.256133 0.135123 0.122591 0.150531 0.212153 0.267536 0.309213 0.452569 0.524541 0.662535 0.959218 1.29564
BD_Brms
 1.09974 0.774094 1.03414 1.43911 1.36369 1.92023 2.88431 3.25676 2.61552 2.40193 2.03109 1.4055 0.869991 0.465695 0.245677 0.222892 0.273692 0.385732 0.486429 0.562206 0.822852 0.95371 1.20461 1.74403 2.35571
S_f
 0.207539 1 1 1 1
 0.207539 1 1 1 1
 0.207539 1 1 1 1
 0.207539 1 1 1 1
 0.207539 1 1 1 1
 0.207539 1 1 1 1
 0.207539 1 1 1 1
 0.207539 1 1 1 1
 0.207539 1 1 1 1
 0.207539 1 1 1 1
 0.207539 1 1 1 1
 0.207539 1 1 1 1
 0.207539 1 1 1 1
 0.207539 1 1 1 1
 0.207539 1 1 1 1
 0.207539 1 1 1 1
 0.207539 1 1 1 1
 0.207539 1 1 1 1
 0.207539 1 1 1 1
 0.207539 1 1 1 1
 0.207539 1 1 1 1
 0.207539 1 1 1 1
 0.207539 1 1 1 1
 0.207539 1 1 1 1
 0.207539 1 1 1 1
Scru_reclas
 1 1 1 1 1
 1 1 1 1 1
 1 1 1 1 1
 1 1 1 1 1
 1 1 1 1 1
 1 1 1 1 1
 1 1 1 1 1
 1 1 1 1 1
 1 1 1 1 1
 1 1 1 1 1
 1 1 1 1 1
 1 1 1 1 1
 1 1 1 1 1
 1 1 1 1 1
 1 1 1 1 1
 1 1 1 1 1
 1 1 1 1 1
 1 1 1 1 1
 1 1 1 1 1
 1 1 1 1 1
 1 1 1 1 1
 1 1 1 1 1
 1 1 1 1 1
 1 1 1 1 1
 1 1 1 1 1
Scru_pelaces
 0.9972 1 1 1 1
 0.9972 1 1 1 1
 0.9972 1 1 1 1
 0.9972 1 1 1 1
 0.9972 1 1 1 1
 0.9972 1 1 1 1
 0.9972 1 1 1 1
 0.9972 1 1 1 1
 0.9972 1 1 1 1
 0.9972 1 1 1 1
 0.9972 1 1 1 1
 0.9972 1 1 1 1
 0.9972 1 1 1 1
 0.9972 1 1 1 1
 0.9972 1 1 1 1
 0.9972 1 1 1 1
 0.9972 1 1 1 1
 0.9972 1 1 1 1
 0.9972 1 1 1 1
 0.9972 1 1 1 1
 0.9972 1 1 1 1
 0.9972 1 1 1 1
 0.9972 1 1 1 1
 0.9972 1 1 1 1
 0.9972 1 1 1 1
pf_obs 
 0.256992 0.487395 0.22802 0.0275931 0
 0.321318 0.546541 0.124235 0.00734118 0.000564706
 0.182869 0.594174 0.210203 0.0122559 0.00049798
 0.330522 0.361315 0.267642 0.0388342 0.00168674
 0.649043 0.306663 0.0425973 0.00169635 0
 0.582887 0.30429 0.105238 0.00758474 0
 0.465427 0.430635 0.0974691 0.00646863 0
 0.296916 0.608066 0.0921331 0.00288517 0
 0.311714 0.524322 0.152257 0.0117073 0
 0.15457 0.633149 0.183074 0.0267441 0.00246327
 0.131901 0.49318 0.331252 0.0422183 0.00144891
 0.196976 0.569456 0.194076 0.0375587 0.00193317
 0.518974 0.381816 0.0799577 0.0180837 0.00116848
 0.0928022 0.601141 0.25162 0.0475244 0.00691264
 0.122501 0.610282 0.24278 0.0234846 0.000952079
 0.383417 0.481906 0.127806 0.00687128 0
 0.0376549 0.599619 0.316969 0.0457579 0
 0.0361596 0.667082 0.258105 0.0386534 0
 0.158088 0.579412 0.248529 0.0139706 0
 0.0477256 0.309471 0.559284 0.082774 0.000745712
 0.0406174 0.521527 0.379366 0.0568643 0.0016247
 0.151134 0.462217 0.34131 0.0453401 0
 0.294876 0.26143 0.354403 0.0886775 0.000613685
 0.281977 0.475581 0.204845 0.0348837 0.00271318
 0.0354234 0.537034 0.353287 0.0723622 0.0018943
pf_pred 
 0.392458 0.429006 0.159688 0.0188376 9.40241e-06
 0.317432 0.532147 0.106218 0.0395373 0.00466635
 0.181062 0.581811 0.18487 0.0369005 0.0153565
 0.260438 0.403761 0.238569 0.075805 0.0214278
 0.304765 0.440934 0.138834 0.0820325 0.0334337
 0.181515 0.556346 0.166255 0.0523476 0.0435367
 0.254241 0.39483 0.238536 0.0712826 0.0411109
 0.189129 0.510141 0.159216 0.0961902 0.0453229
 0.21014 0.431087 0.225715 0.0704459 0.0626132
 0.190074 0.470829 0.185071 0.096902 0.0571239
 0.116197 0.484594 0.23207 0.0912206 0.0759187
 0.115033 0.378287 0.277815 0.133044 0.09582
 0.187256 0.343149 0.200733 0.147419 0.121444
 0.177079 0.482363 0.143787 0.0841116 0.112659
 0.246248 0.462804 0.170542 0.0508368 0.0695694
 0.334168 0.461648 0.125369 0.0461981 0.0326168
 0.23354 0.562988 0.141075 0.0383115 0.0240851
 0.244965 0.466353 0.212046 0.053135 0.0235013
 0.243148 0.472894 0.175389 0.0797473 0.0288218
 0.324309 0.41902 0.160373 0.0594795 0.036819
 0.279535 0.511223 0.129758 0.0496627 0.0298209
 0.272864 0.478023 0.176764 0.0448661 0.0274827
 0.319947 0.4433 0.155643 0.0575539 0.0235566
 0.27418 0.509942 0.140722 0.0494076 0.0257479
 0.114004 0.57969 0.215202 0.0593864 0.0317166
pobs_RECLAS
 0 0 0 0 0
 0 0 0 0 0
 0 0 0 0 0
 0 0 0 0 0
 0.835266 0.146461 0.0176864 0.000547809 3.91292e-05
 0.385257 0.428462 0.181853 0.0044286 0
 0.867414 0.0963971 0.0333333 0.00285562 0
 0.441836 0.489002 0.0689373 0.000224442 0
 0.779404 0.147425 0.0564933 0.0165055 0.000172143
 0.814271 0.122319 0.05973 0.00367925 0
 0.40263 0.566651 0.0304383 0.000280538 0
 0.475488 0.404961 0.113038 0.00651328 0
 0.955842 0.0263864 0.0167828 0.000988607 0
 0.975058 0.0227948 0.00214734 0 0
 0.738997 0.206755 0.0527124 0.00153531 0
 0.850938 0.134255 0.0134407 0.00136685 0
 0.542534 0.407297 0.0501686 0 0
 0.764087 0.199537 0.0359546 0.000420521 0
 0.470689 0.182191 0.310203 0.0369168 0
 0.84361 0.089868 0.0606195 0.00523954 0.000663233
 0.607945 0.314616 0.071237 0.00620181 0
 0.523733 0.453247 0.0230204 0 0
 0.530135 0.295979 0.169645 0.0042399 0
 0.562478 0.366248 0.0663022 0.0049721 0
 0.250443 0.683176 0.0655157 0.000865301 0
ppred_RECLAS
 0.759783 0.169625 0.0631394 0.00744824 3.71763e-06
 0.693739 0.238769 0.0476589 0.01774 0.00209374
 0.519565 0.341323 0.108455 0.0216479 0.00900901
 0.629733 0.202146 0.119441 0.0379523 0.010728
 0.678793 0.203717 0.0641431 0.0379 0.0154468
 0.518025 0.327611 0.0979014 0.0308256 0.0256371
 0.62242 0.199903 0.120771 0.0360906 0.0208145
 0.531077 0.295012 0.0920739 0.0556264 0.0262101
 0.564079 0.237915 0.124571 0.0388788 0.034556
 0.532737 0.271631 0.106771 0.0559048 0.032956
 0.392936 0.332856 0.159403 0.0626573 0.0521468
 0.389853 0.260813 0.191542 0.0917284 0.0660639
 0.534771 0.196425 0.114903 0.084385 0.0695164
 0.526968 0.277272 0.082652 0.0483491 0.0647589
 0.625131 0.23017 0.0848168 0.025283 0.0345995
 0.710963 0.200401 0.0544225 0.0200545 0.0141589
 0.597603 0.295573 0.0740655 0.0201138 0.0126448
 0.6116 0.239898 0.109079 0.0273333 0.0120893
 0.608961 0.244328 0.0906171 0.0412026 0.0148912
 0.699437 0.18639 0.0713374 0.0264579 0.0163779
 0.652147 0.246827 0.0626495 0.023978 0.014398
 0.644772 0.233529 0.0863546 0.0219185 0.0134262
 0.69487 0.198902 0.0698348 0.0258236 0.0105695
 0.646396 0.248434 0.0685568 0.0240704 0.0125438
 0.383702 0.403232 0.149695 0.0413092 0.0220621
pobs_PELACES
 0 0 0 0 0
 0 0 0 0 0
 0 0 0 0 0
 0 0 0 0 0
 0 0 0 0 0
 0 0 0 0 0
 0 0 0 0 0
 0 0 0 0 0
 0 0 0 0 0
 0 0 0 0 0
 0.450072 0.473896 0.0757376 0.000293798 0
 0 0 0 0 0
 0.463077 0.371075 0.160297 0.00555027 0
 0.529543 0.364841 0.0842815 0.0213345 0
 0.631943 0.363953 0.00410389 0 0
 0.735681 0.248677 0.0153453 0.000297389 0
 0.695825 0.281241 0.0229344 0 0
 0.275771 0.60734 0.115278 0.00161068 0
 0 0 0 0 0
 0.896147 0.0623911 0.0374545 0.00400742 0
 0.803859 0.145111 0.0509908 3.86294e-05 0
 0.739449 0.233085 0.0266225 0.000797448 4.60066e-05
 0.878498 0.100942 0.0204185 0.000141795 0
 0.694673 0.275183 0.0284847 0.00165964 0
 0.469039 0.446079 0.0841089 0.000773354 0
ppred_PELACES
 0.77252 0.160631 0.0597915 0.0070533 3.52051e-06
 0.704242 0.23058 0.0460243 0.0171316 0.00202193
 0.5363 0.329434 0.104677 0.0208938 0.00869519
 0.632047 0.200882 0.118695 0.037715 0.0106609
 0.678798 0.203714 0.0641421 0.0378994 0.0154465
 0.524858 0.322967 0.0965134 0.0303885 0.0252737
 0.626197 0.197904 0.119563 0.0357296 0.0206064
 0.54009 0.289343 0.0903043 0.0545573 0.0257063
 0.574796 0.232066 0.121509 0.037923 0.0337065
 0.542325 0.266057 0.10458 0.0547576 0.0322797
 0.414943 0.32079 0.153625 0.0603859 0.0502564
 0.41044 0.252013 0.185079 0.0886333 0.0638347
 0.568151 0.182331 0.106659 0.0783303 0.0645285
 0.584252 0.243695 0.0726429 0.0424941 0.0569166
 0.670287 0.202444 0.0746 0.0222375 0.0304317
 0.726099 0.189906 0.0515725 0.0190043 0.0134175
 0.610213 0.28631 0.0717444 0.0194835 0.0122486
 0.619683 0.234906 0.106809 0.0267645 0.0118378
 0.615687 0.240126 0.0890586 0.040494 0.0146351
 0.705568 0.182588 0.0698823 0.0259182 0.0160439
 0.654989 0.244811 0.0621378 0.0237821 0.0142804
 0.648819 0.230868 0.0853708 0.0216688 0.0132732
 0.699378 0.195963 0.068803 0.025442 0.0104133
 0.650972 0.245218 0.0676694 0.0237588 0.0123815
 0.388301 0.400223 0.148578 0.0410009 0.0218974
pobs_pel_tallas
 0 0 0 0 0 0 0 0 0 0 0 0 0 0 0 0 0 0 0 0 0 0 0 0 0 0 0 0 0 0 0 0 0 0 0 0
 0 0 0 0 0 0 0 0 0 0 0 0 0 0 0 0 0 0 0 0 0 0 0 0 0 0 0 0 0 0 0 0 0 0 0 0
 0 0 0 0 0 0 0 0 0 0 0 0 0 0 0 0 0 0 0 0 0 0 0 0 0 0 0 0 0 0 0 0 0 0 0 0
 0 0 0 0 0 0 0 0 0 0 0 0 0 0 0 0 0 0 0 0 0 0 0 0 0 0 0 0 0 0 0 0 0 0 0 0
 0 0 0 0 0 0 0 0 0 0 0 0 0 0 0 0 0 0 0 0 0 0 0 0 0 0 0 0 0 0 0 0 0 0 0 0
 0 0 0 0 0 0 0 0 0 0 0 0 0 0 0 0 0 0 0 0 0 0 0 0 0 0 0 0 0 0 0 0 0 0 0 0
 0 0 0 0 0 0 0 0 0 0 0 0 0 0 0 0 0 0 0 0 0 0 0 0 0 0 0 0 0 0 0 0 0 0 0 0
 0 0 0 0 0 0 0 0 0 0 0 0 0 0 0 0 0 0 0 0 0 0 0 0 0 0 0 0 0 0 0 0 0 0 0 0
 0 0 0 0 0 0 0 0 0 0 0 0 0 0 0 0 0 0 0 0 0 0 0 0 0 0 0 0 0 0 0 0 0 0 0 0
 0 0 0 0 0 0 0 0 0 0 0 0 0 0 0 0 0 0 0 0 0 0 0 0 0 0 0 0 0 0 0 0 0 0 0 0
 0 0 0 0 0 0 0 0 1.78061e-05 0.00172719 0.00360574 0.0105946 0.0120993 0.0124554 0.0147524 0.0171206 0.0266825 0.0428682 0.0675386 0.121331 0.153587 0.119568 0.100827 0.0573624 0.0630603 0.0341343 0.0324427 0.0444173 0.0211091 0.0280891 0.0125444 0.00206551 0 0 0 0
 0 0 0 0 0 0 0 0 0 0 0 0 0 0 0 0 0 0 0 0 0 0 0 0 0 0 0 0 0 0 0 0 0 0 0 0
 0 0 0 0 0 0 0.0133647 0.0140871 0.0187388 0.0205184 0.03894 0.0496705 0.03968 0.0493445 0.0407372 0.0367815 0.0215668 0.0243155 0.0234873 0.0199281 0.019796 0.0243948 0.0301388 0.0376714 0.0412746 0.0863199 0.0771752 0.113111 0.0741005 0.0525337 0.0229764 0.00759418 0.00175318 0 0 0
 0 0 0 0 0 0 0 0 0 0 0.00219441 0.00772107 0.0458388 0.0604681 0.0671733 0.0775358 0.0609151 0.0617685 0.073594 0.0568108 0.0755445 0.0548602 0.0670107 0.0636378 0.0643287 0.046367 0.0373049 0.0286899 0.0247887 0.0153202 0.00654259 0.00121912 0.000365735 0 0 0
 0 0 0 0 0 0 0 0 0 0 0 0 0.000112435 0.00938835 0.0111873 0.0202946 0.0414886 0.0713402 0.111592 0.104902 0.108894 0.110636 0.117776 0.105296 0.107544 0.0401394 0.0192827 0.0124803 0.00416011 0.0028671 0.000618394 0 0 0 0 0
 0 0 0 0 0 0 0 0 0 0 0.00291406 0.0102884 0.027416 0.0768956 0.0749926 0.110853 0.0956884 0.0897413 0.0766577 0.0534642 0.0500743 0.0551293 0.0594112 0.0620874 0.0668451 0.0424026 0.0208742 0.0120726 0.0048766 0.00582813 0.00118941 0.000297354 0 0 0 0
 0 0.00264628 0.0354308 0.0461629 0.0458689 0.0383711 0.0214643 0.0164657 0.0346957 0.0420465 0.0363128 0.0245516 0.0311673 0.0291091 0.0169068 0.0133784 0.00837989 0.0085269 0.0148486 0.0160247 0.0276389 0.0546898 0.0760071 0.122758 0.109233 0.0665981 0.0333725 0.0166128 0.00676272 0.00308733 0.000882094 0 0 0 0 0
 0 0 0 0 0 0 0 0.000805153 0.000690131 0.00759144 0.0133425 0.0154129 0.00931677 0.000345066 0.00356568 0.00563607 0.00851162 0.0253048 0.0502646 0.0516448 0.0657925 0.0565908 0.0611916 0.0827007 0.0866115 0.110766 0.145733 0.0935128 0.0569358 0.0249597 0.0138026 0.00621118 0.00161031 0.00115022 0 0
 0 0 0 0 0 0 0 0 0 0 0 0 0 0 0 0 0 0 0 0 0 0 0 0 0 0 0 0 0 0 0 0 0 0 0 0
 0.00147267 0.00158595 0.00478618 0.00569244 0.00954404 0.0108468 0.00647125 0.017049 0.0510054 0.094081 0.124002 0.0959785 0.0687766 0.0820023 0.061753 0.0591476 0.0492212 0.0479892 0.0443925 0.0268479 0.0217502 0.0140895 0.0121071 0.0120363 0.00920419 0.00665534 0.0049561 0.00860946 0.00930331 0.0156896 0.0114698 0.00855282 0.00243557 0.00046729 0 2.83206e-05
 0 0 0 0 0.000772559 0.00158375 0.000888443 0.00281984 0.00712685 0.0440552 0.0773331 0.111326 0.0921469 0.0852325 0.0710754 0.0886704 0.0786465 0.0553345 0.0373146 0.0185414 0.00753245 0.00457741 0.012979 0.0271748 0.0457355 0.0583668 0.034881 0.0177882 0.00938659 0.00492506 0.0015258 0.00185414 0.000309023 5.79419e-05 3.86279e-05 0
 0 0.00173294 0.00326652 0 0.00397197 0.00683976 0.00946217 0.0152591 0.00757587 0.0136028 0.0228656 0.0392903 0.0559909 0.0764795 0.0681675 0.0726916 0.0566044 0.0477403 0.0527397 0.0444891 0.0609904 0.0582453 0.0661739 0.0445044 0.0529084 0.0360697 0.0280645 0.0235558 0.0158879 0.00826598 0.00280645 0.00217768 0.000904811 0.00058276 9.20147e-05 0
 0 0 0 0 0 0 0 0 0 0 0 0 0 0 0 0 0 0 0 0 0 0 0 0 0 0 0 0 0 0 0 0 0 0 0 0
 0 0 0 0 0 0 0 0 0 0 0 0 0 0 0 0 0 0 0 0 0 0 0 0 0 0 0 0 0 0 0 0 0 0 0 0
 0 0 0 0 0 0 0 0 0 0 0 0 0 0 0 0 0 0 0 0 0 0 0 0 0 0 0 0 0 0 0 0 0 0 0 0
ppred_pel_tallas
 1.01144e-16 3.37048e-05 0.000197823 0.000940368 0.00362048 0.0112901 0.028518 0.0583514 0.0967234 0.129895 0.141348 0.124669 0.0892215 0.0520281 0.0251715 0.0109548 0.00569275 0.00504897 0.00636586 0.00847534 0.0108974 0.0133399 0.0155326 0.0172232 0.01822 0.0184326 0.0178877 0.0167145 0.0151058 0.0132699 0.0113882 0.00959091 0.00795261 0.00650224 0.00524042 0.00415512
 1.01412e-16 3.07303e-05 0.000180354 0.000857304 0.00330064 0.0102927 0.0259986 0.0531972 0.0881823 0.118433 0.128894 0.113733 0.0814973 0.0477314 0.0234805 0.0108804 0.0066067 0.00672937 0.00882451 0.0117898 0.0151087 0.0183998 0.0212835 0.0234061 0.0245077 0.0244814 0.023394 0.0214615 0.0189887 0.0162948 0.0136491 0.011234 0.00913872 0.00737771 0.0059196 0.00471522
 1.02718e-16 2.34114e-05 0.000137376 0.000652961 0.00251383 0.00783905 0.0198011 0.0405173 0.0671683 0.0902245 0.0982331 0.0867698 0.0623773 0.036938 0.0189263 0.0100433 0.00783269 0.00935942 0.012793 0.0172446 0.0221936 0.0271511 0.0315855 0.034987 0.0369705 0.0373597 0.0362192 0.0338226 0.0305709 0.0268921 0.0231534 0.0196117 0.0164056 0.0135787 0.0111174 0.00898587
 1.03545e-16 2.75812e-05 0.000161868 0.000769427 0.0029623 0.00923761 0.0233335 0.047744 0.079143 0.106293 0.115684 0.102079 0.0731537 0.0428599 0.0211152 0.00984331 0.00607198 0.00629053 0.00834575 0.0112757 0.0146465 0.0181433 0.0214437 0.0242308 0.0262492 0.0273528 0.027527 0.0268733 0.0255677 0.0238092 0.0217758 0.0196015 0.017375 0.0151526 0.0129759 0.0108852
 1.03001e-16 2.96197e-05 0.000173836 0.000826324 0.00318137 0.00992077 0.0250591 0.0512747 0.0849951 0.114151 0.124231 0.10961 0.0785261 0.0459575 0.0225461 0.0103466 0.00615259 0.00617859 0.00809818 0.0108684 0.0140208 0.017224 0.0201496 0.0224857 0.0239948 0.0245628 0.0242187 0.0231136 0.021472 0.0195312 0.0174909 0.0154857 0.013584 0.0118051 0.0101437 0.00859092
 1.03701e-16 2.29121e-05 0.000134446 0.000639032 0.0024602 0.00767181 0.0193786 0.0396529 0.0657353 0.0882998 0.0961379 0.0849199 0.0610491 0.036155 0.0185317 0.0098451 0.00769284 0.00920428 0.0125905 0.0169847 0.0218812 0.0268053 0.0312413 0.0346941 0.0367895 0.0373556 0.0364532 0.034343 0.0314065 0.0280468 0.0246055 0.021315 0.0182945 0.0155748 0.0131375 0.01095
 1.03953e-16 2.7326e-05 0.00016037 0.000762305 0.00293488 0.0091521 0.0231175 0.0473021 0.0784103 0.105309 0.114612 0.101133 0.0724757 0.0424617 0.0209172 0.00974857 0.0060112 0.00622787 0.00826685 0.0111775 0.0145331 0.0180255 0.0213387 0.0241619 0.026243 0.0274362 0.0277234 0.0271985 0.026028 0.0243995 0.0224806 0.0203963 0.018229 0.0160321 0.0138475 0.0117185
 1.04452e-16 2.35749e-05 0.00013834 0.000657552 0.00253152 0.00789423 0.0199404 0.0408021 0.0676391 0.0908533 0.098908 0.0873428 0.0627388 0.0370511 0.0187987 0.00967769 0.00719871 0.00839692 0.0114338 0.0154388 0.0199355 0.0244983 0.0286698 0.0320092 0.0341797 0.0350195 0.0345693 0.0330423 0.0307553 0.0280426 0.0251845 0.0223688 0.01969 0.017173 0.0148096 0.0125873
 1.04679e-16 2.5086e-05 0.000147217 0.000699764 0.00269407 0.00840114 0.0212207 0.0434213 0.0719789 0.0966759 0.105229 0.0928836 0.0666286 0.0391672 0.0195389 0.00951758 0.00642459 0.0070865 0.00955121 0.0129298 0.0167897 0.0207842 0.0245468 0.0277173 0.030008 0.0312597 0.031465 0.0307493 0.0293207 0.0274086 0.0252122 0.0228743 0.0204809 0.0180794 0.0157014 0.013381
 1.04962e-16 2.36715e-05 0.000138909 0.000660262 0.00254196 0.0079268 0.0200226 0.0409701 0.0679171 0.0912246 0.0993069 0.0876825 0.0629554 0.0371242 0.0187351 0.00948239 0.00685866 0.00788326 0.0107144 0.0144936 0.0187697 0.0231533 0.027226 0.0305809 0.0329008 0.0340225 0.0339623 0.0328912 0.0310732 0.028791 0.0262829 0.0237115 0.0211629 0.0186703 0.0162437 0.0138951
 1.06709e-16 1.81193e-05 0.000106308 0.00050526 0.00194515 0.00606564 0.0153216 0.0313519 0.0519765 0.0698252 0.076042 0.0672134 0.048417 0.0288701 0.0151619 0.0086494 0.00747714 0.00941582 0.0130774 0.017778 0.0230874 0.0285662 0.0337169 0.0380464 0.0411629 0.0428531 0.0431146 0.0421272 0.0401831 0.0376 0.03465 0.0315227 0.0283268 0.0251158 0.0219228 0.0187862
 1.08738e-16 1.79202e-05 0.000105145 0.000499746 0.00192394 0.00599953 0.0151545 0.0310095 0.0514072 0.0690551 0.0751895 0.066427 0.0477792 0.0283474 0.0146289 0.00794349 0.00643688 0.00789689 0.0109655 0.0150117 0.0196881 0.0246655 0.0295659 0.0340003 0.0376375 0.040262 0.0417995 0.0423003 0.0418942 0.0407351 0.0389591 0.0366668 0.033932 0.0308227 0.0274239 0.0238479
 1.07281e-16 2.47941e-05 0.000145508 0.000691651 0.00266285 0.00830381 0.0209748 0.0429177 0.0711429 0.095549 0.103992 0.0917668 0.0657732 0.0385553 0.0190323 0.00893964 0.00561383 0.00591055 0.00790862 0.0107605 0.0140952 0.0176487 0.0211483 0.0243204 0.0269368 0.0288546 0.030032 0.0305139 0.0303964 0.0297847 0.0287621 0.0273791 0.0256624 0.0236345 0.0213347 0.0188302
 1.05231e-16 2.54986e-05 0.000149638 0.000711276 0.00273839 0.00853936 0.0215699 0.0441357 0.0731633 0.0982669 0.106962 0.0944146 0.0677303 0.0398214 0.0198764 0.0096976 0.00656035 0.00723432 0.0097274 0.0131248 0.0169734 0.0209076 0.0245463 0.0275238 0.0295602 0.0305202 0.0304337 0.0294706 0.027882 0.0259286 0.0238223 0.0216968 0.0196096 0.017566 0.0155516 0.0135584
 1.03312e-16 2.92486e-05 0.000171657 0.000815965 0.00314148 0.00979639 0.024745 0.0506319 0.0839296 0.11272 0.122674 0.108238 0.0775464 0.0453904 0.0222799 0.0102454 0.00612246 0.00617541 0.00810913 0.0108956 0.0140733 0.017315 0.020295 0.0227025 0.0242986 0.0249655 0.0247255 0.0237216 0.0221696 0.0202993 0.0183049 0.0163182 0.0144082 0.0125968 0.0108834 0.00926453
 1.02074e-16 3.16817e-05 0.000185943 0.000883885 0.00340299 0.0106119 0.0268049 0.0548465 0.0909149 0.122098 0.132873 0.117217 0.083937 0.0490453 0.0239133 0.0107233 0.00602925 0.00576807 0.00744398 0.00994514 0.0127878 0.0156484 0.0182152 0.0201968 0.0213748 0.0216511 0.0210656 0.019776 0.0180112 0.016012 0.0139815 0.012057 0.0103072 0.00874727 0.00736256 0.00612943
 1.02354e-16 2.66325e-05 0.000156291 0.000742895 0.00286011 0.00891893 0.0225287 0.0460979 0.0764168 0.102639 0.111727 0.0986363 0.0707919 0.0416877 0.0209295 0.0104094 0.00728869 0.00819393 0.0110327 0.0148215 0.019041 0.0232492 0.0269821 0.0298002 0.0313763 0.0315684 0.0304463 0.0282622 0.0253774 0.0221726 0.0189698 0.0159886 0.0133394 0.0110459 0.00907982 0.00739431
 1.03066e-16 2.70434e-05 0.000158708 0.000754395 0.00290441 0.00905708 0.0228776 0.0468113 0.077598 0.104221 0.113437 0.100117 0.0717921 0.0421512 0.0209312 0.0100331 0.00655646 0.007067 0.00944942 0.0127395 0.0164718 0.0202817 0.02379 0.0266296 0.0285141 0.0292954 0.0289885 0.0277507 0.0258282 0.0234903 0.0209721 0.0184435 0.0160053 0.0137054 0.0115626 0.0095869
 1.03418e-16 2.68693e-05 0.000157686 0.000749533 0.00288569 0.0089987 0.0227301 0.0465097 0.0770981 0.10355 0.112708 0.099477 0.07134 0.0418997 0.0208318 0.0100273 0.00660628 0.00715711 0.00957681 0.0129034 0.0166677 0.0204991 0.0240127 0.0268384 0.0286908 0.0294285 0.0290772 0.027807 0.0258759 0.0235606 0.0210971 0.0186491 0.0163059 0.0141006 0.012038 0.0101169
 1.02692e-16 3.07862e-05 0.000180686 0.000858894 0.00330678 0.0103119 0.026047 0.0532957 0.0883443 0.118646 0.129116 0.113904 0.0815659 0.0476632 0.0232463 0.0104377 0.00589175 0.00566452 0.0073369 0.00983613 0.0127007 0.0156241 0.0183094 0.0204745 0.0219019 0.0224833 0.0222372 0.0212917 0.0198419 0.0180968 0.0162351 0.0143805 0.0126006 0.0109207 0.00934478 0.00787253
 1.02447e-16 2.85832e-05 0.000167747 0.000797367 0.00306986 0.00957303 0.0241808 0.049478 0.0820181 0.110157 0.119896 0.105811 0.0758629 0.0445158 0.0220564 0.0104873 0.00673368 0.00715472 0.00950278 0.0127473 0.0163877 0.0200346 0.0232909 0.0257815 0.0272267 0.0275029 0.0266657 0.0249243 0.0225797 0.0199481 0.017296 0.0148034 0.0125596 0.0105828 0.00885052 0.00732748
 1.02652e-16 2.83137e-05 0.000166166 0.000789852 0.00304093 0.00948282 0.0239529 0.0490116 0.0812447 0.109117 0.118762 0.104806 0.0751314 0.0440651 0.0217939 0.0102989 0.00653243 0.00688898 0.0091472 0.0122968 0.0158576 0.0194633 0.0227393 0.0253277 0.0269543 0.0274866 0.0269561 0.0255367 0.0234899 0.0210961 0.0185967 0.0161612 0.0138831 0.0117969 0.0099036 0.00819363
 1.02402e-16 3.05169e-05 0.000179104 0.000851368 0.00327779 0.0102215 0.0258187 0.0528287 0.0875707 0.117608 0.127991 0.112919 0.0808785 0.0472975 0.0231351 0.0105012 0.00608527 0.00598148 0.00779081 0.0104421 0.0134624 0.0165259 0.0193129 0.0215204 0.0229169 0.0233907 0.0229691 0.0217994 0.0201019 0.0181124 0.0160321 0.0140012 0.0120952 0.0103405 0.0087364 0.00727455
 1.02436e-16 2.84081e-05 0.000166719 0.00079248 0.00305104 0.00951435 0.0240326 0.0491747 0.0815154 0.109482 0.119162 0.105165 0.0754027 0.0442521 0.0219378 0.0104513 0.00673824 0.00718159 0.00954857 0.0128153 0.0164833 0.0201635 0.0234582 0.0259904 0.0274777 0.0277931 0.0269887 0.0252697 0.0229343 0.020297 0.017624 0.015097 0.0128086 0.0107811 0.00899682 0.00742486
 1.04672e-16 1.69609e-05 9.94992e-05 0.000472875 0.00182043 0.00567669 0.0143392 0.0293425 0.0486482 0.0653627 0.0712054 0.0629936 0.0454973 0.0273696 0.0148127 0.00913819 0.00864909 0.0112836 0.0157363 0.0213165 0.0275191 0.0337865 0.0394843 0.043994 0.0468402 0.0477922 0.0469031 0.0444725 0.0409512 0.0368232 0.0325049 0.0282885 0.0243356 0.0207063 0.0174038 0.0144132
pSPR Fmed_Fpbrs
0.772026   0.6 0.325
Fs Fmed_Fpbrs
0.154348   0.340922 1.03383
SSBpbr Bo_Bmed_Bpbrs
1.69965e+06  1.22719e+06  934811 467405
Ro
71682.4
SPR SPRFo_SPRFmed_SPRFpbrs
1.4722e+06 1.13657e+06 478464
log_Ro
11
likeval ReclasPelacesDesembMPH_pf_preclas_ppelaces_ptallas_desvR_qrecl_qpela
 63.7074 24.3342 0.042464 0.000216656 321.667 204.78 78.8848 0 16.8881 0.000121945 4.43344e-09 1.98574e-10 0 0 0
q_reclas_q_pelaces
0.209125 1.00952
M
0.7
N
 86023.7 21481 7995.82 943.227 0.470792
 108059 40284.5 8040.9 2993.05 353.251
 70455.9 51461.2 16351.7 3263.85 1358.28
 101135 33097.7 19556.3 6214 1756.51
 164950 49716.9 15654 9249.44 3769.77
 123453 81728.4 24423.2 7689.98 6395.63
 181098 59853.5 36160.4 10806 6232.13
 150322 88591.6 27649.6 16704.5 7870.82
 159909 72370.4 37892.7 11826.4 10511.4
 140974 76530.5 30082.1 15750.8 9285.15
 69332.6 67744.4 32442.4 12752.3 10613.1
 41757.4 31948.9 23463.4 11236.5 8092.65
 42705.5 19328.3 11306.5 8303.52 6840.45
 25302.9 19009.9 5666.66 3314.84 4439.9
 20886.6 10426.6 3842.16 1145.31 1567.34
 27891 8843.37 2401.58 884.974 624.811
 24204.9 13022.4 3263.2 886.182 557.111
 27725.5 11501.7 5229.67 1310.47 579.611
 31788 13370.1 4958.75 2254.69 814.876
 55043.1 15400.2 5894.15 2186.04 1353.2
 68781.2 26645.2 6763.07 2588.45 1554.28
 90309.8 33742.1 12477.2 3166.95 1939.92
 148602 44122.1 15491.4 5728.41 2344.62
 181937 72392.6 19977.2 7014.02 3655.22
 81630 88721 32936.5 9089.03 4854.19
pred_Ctot
 3536.35 3865.68 1438.92 169.742 0.084723
 3192.6 5352.11 1068.3 397.65 46.9322
 2745.41 8821.9 2803.15 559.516 232.848
 732.384 1135.43 670.885 213.173 60.2575
 265.88 384.675 121.12 71.5659 29.1679
 2104.64 6450.76 1927.71 606.964 504.802
 1941.06 3014.42 1821.16 544.225 313.871
 3303.77 8911.3 2781.23 1680.28 791.714
 4176.64 8568.09 4486.2 1400.15 1244.47
 3281.31 8128.07 3194.93 1672.85 986.147
 3608.03 15047.1 7206 2832.49 2357.35
 2047.1 6731.91 4943.93 2367.62 1705.19
 3201.89 5867.52 3432.33 2520.71 2076.57
 3130.47 8527.39 2541.93 1486.96 1991.63
 2234.18 4198.97 1547.31 461.236 631.195
 1203.15 1662.13 451.382 166.333 117.435
 752.325 1813.61 454.46 123.417 77.5877
 577.359 1099.15 499.771 125.234 55.3902
 558.759 1086.72 403.047 183.261 66.2331
 998.403 1289.98 493.716 183.111 113.349
 599.452 1096.3 278.262 106.5 63.9498
 1050.06 1839.57 680.239 172.658 105.762
 2031.49 2814.71 988.25 365.436 149.572
 2357.69 4385.02 1210.07 424.859 221.407
 1026.74 5220.77 1938.14 534.842 285.644
F
 0.0586559 0.282626 0.282626 0.282626 0.282626
 0.0418467 0.201633 0.201633 0.201633 0.201633
 0.0555224 0.267528 0.267528 0.267528 0.267528
 0.0101146 0.0487359 0.0487359 0.0487359 0.0487359
 0.00224355 0.0108103 0.0108103 0.0108103 0.0108103
 0.0239574 0.115436 0.115436 0.115436 0.115436
 0.0150029 0.0722895 0.0722895 0.0722895 0.0722895
 0.0309807 0.149277 0.149277 0.149277 0.149277
 0.036914 0.177866 0.177866 0.177866 0.177866
 0.0328371 0.158222 0.158222 0.158222 0.158222
 0.0747765 0.360301 0.360301 0.360301 0.360301
 0.070306 0.338761 0.338761 0.338761 0.338761
 0.109367 0.52697 0.52697 0.52697 0.52697
 0.186562 0.898925 0.898925 0.898925 0.898925
 0.159438 0.768232 0.768232 0.768232 0.768232
 0.0616304 0.296959 0.296959 0.296959 0.296959
 0.0440657 0.212325 0.212325 0.212325 0.212325
 0.0293329 0.141337 0.141337 0.141337 0.141337
 0.0247097 0.11906 0.11906 0.11906 0.11906
 0.0255071 0.122903 0.122903 0.122903 0.122903
 0.0121841 0.0587076 0.0587076 0.0587076 0.0587076
 0.0162845 0.0784647 0.0784647 0.0784647 0.0784647
 0.0191706 0.0923711 0.0923711 0.0923711 0.0923711
 0.0181643 0.0875227 0.0875227 0.0875227 0.0875227
 0.0176263 0.08493 0.08493 0.08493 0.08493
nmprior
 10.6 11 7 0
nm_flota  nm_reclas  nm_pelaces    nm_pelaL
inf 11.9438 21.4245 53.726
cv_recla  cv_pelaces  cv_mph
0.721971 0.559347 0.477556
 ------------------------------------------------
Talla a la edad & desviación 
 7.2 14.2025 17.0495 18.207 18.6776
 1.08 2.13037 2.55742 2.73105 2.80164
