    unsorted:	 0.002792249573 0.0008999974914 19.26355258 4.995209442 12.56915244 22.28428632 42.65434697 79.34414442 91.79445334 52.41731809 60.97073560 84.85212261 209.3141015 319.5293941 298.1996461 411.9734822 468.4371199 515.8987908 601.8316943 653.7915992 698.8528846 719.9642562 744.0439200 824.1119652 833.7821489 859.8076632 891.1413709 923.9005856 946.5985454 1009.494992 1043.507520 1082.485059 1336.973215 1376.726141 1551.566884 1683.407560 1824.191972 2427.465275 4746.997286 195676.1167 210222.5298 343647.8004 360537.8941 298173.3091 411669.1796 501088.9867 494723.4095 572467.9145 596614.2455 670995.9341 754904.6741 788531.9317 980721.6541 1121684.898 1222889.529 1428101.201 1651475.716 1718175.483 1877804.734 1922300.962 2219503.693 2311780.515 2431209.223 2545772.968 2876034.783
      sorted:	 0.0008999974914 0.002792249573 4.995209442 12.56915244 19.26355258 22.28428632 42.65434697 52.41731809 60.97073560 79.34414442 84.85212261 91.79445334 209.3141015 298.1996461 319.5293941 411.9734822 468.4371199 515.8987908 601.8316943 653.7915992 698.8528846 719.9642562 744.0439200 824.1119652 833.7821489 859.8076632 891.1413709 923.9005856 946.5985454 1009.494992 1043.507520 1082.485059 1336.973215 1376.726141 1551.566884 1683.407560 1824.191972 2427.465275 4746.997286 195676.1167 210222.5298 298173.3091 343647.8004 360537.8941 411669.1796 494723.4095 501088.9867 572467.9145 596614.2455 670995.9341 754904.6741 788531.9317 980721.6541 1121684.898 1222889.529 1428101.201 1651475.716 1718175.483 1877804.734 1922300.962 2219503.693 2311780.515 2431209.223 2545772.968 2876034.783
