years
 1997 1998 1999 2000 2001 2002 2003 2004 2005 2006 2007 2008 2009 2010 2011 2012 2013 2014 2015 2016 2017 2018 2019 2020 2021
reclasobs
 0 0 0 370054 412103 1.49427e+06 250295 1.28982e+06 931140 785840 897777 1.04006e+06 184774 17550 25797 100020 73551 82996 120727 218422 84188 347160 605670 569463 516374
reclaspred
 381199 94337.9 231659 176046 301919 354881 799497 566647 701323 725277 590538 397244 246761 111640 75512.9 75651.2 92737 122392 123659 185162 278045 252267 435070 536082 516527
pelacesobs
 0 0 0 0 0 0 0 0 0 2.06254e+06 1.5e+06 0 1.87456e+06 323000 250000 174000 83755 137374 0 501740 490994 745055 786931 1.00524e+06 1.33801e+06
pelacespred
 782283 175215 264025 308339 462271 447511 1.20241e+06 1.00428e+06 1.13652e+06 1.1751e+06 865119 603769 374590 139176 92800.1 100160 128592 172687 179509 260527 437161 387339 527306 771844 764731
mphobs
 0 0 0 0 0 112323 0 153150 637223 0 255016 313432 73983 77613 109348 50772 0 0 0 0 0 0 0 0 0
mphpred
 148541 77835.9 82741.1 82482.2 103004 182640 267411 324580 297050 338312 360808 258848 158670 84248.6 38925.3 32638.7 39260.1 52831.8 63313.8 70253.3 111941 136040 168297 238316 299142
desembarqueobs
 350755 77701 442110 56441 14545 235359 269955 359681 431902 328805 639364 411747 362871 311530 167758 66681 60226 58785 57116 73181 50977 67692 138656 160484 209506
desembarquepred
 350749 77690.5 441973 56439.6 14545 235385 269976 359620 431854 328763 639326 411842 362982 311736 167707 66680.5 60239.3 58780.2 57106.4 73170.4 50974.9 67680.9 138644 160475 209492
Reclutas
 35465.1 48127.3 22963.3 46170.4 82986.1 54285.7 95142.2 100390 139520 157846 67408.7 38518.7 44348.9 22824.6 16853.9 19757.5 15409.9 16604 17708.8 36851.6 45217.5 55389.5 91557.7 100511 25831.8
log_desv_Rt
 -0.223694 0.0816042 -0.658348 0.0400943 0.626429 0.202017 0.763128 0.816817 1.14596 1.26937 0.418529 -0.1411 -0.000156865 -0.664405 -0.967663 -0.808713 -1.05724 -0.982603 -0.918184 -0.185344 0.0192401 0.222146 0.724724 0.818027 -0.540639
SSB
 586012 307073 326424 325403 406365 720539 1.05497e+06 1.28051e+06 1.1719e+06 1.33469e+06 1.42343e+06 1.02119e+06 625973 332371 153565 128764 154886 208428 249781 277158 441621 536695 663953 940188 1.18015e+06
BT
 1.67044e+06 448470 713129 612113 839336 985821 2.33824e+06 2.20314e+06 2.42931e+06 2.41798e+06 2.1196e+06 1.45761e+06 1.0276e+06 548640 308064 234383 279466 356386 370873 526406 824096 757402 1.03992e+06 1.51414e+06 1.54106e+06
Ftot
 0.516093 0.531099 0.923121 0.204911 0.0331259 0.295739 0.192318 0.364486 0.382765 0.264734 0.478916 0.438016 0.709422 1.24853 1.24451 0.504553 0.364825 0.255458 0.224181 0.241466 0.103155 0.133088 0.161047 0.156594 0.164144
BD_Bspro_t
 0.934234 0.688707 0.606789 0.426878 0.609472 0.780803 0.736398 0.748892 0.702551 0.688649 0.677705 0.528051 0.412899 0.305746 0.188404 0.196125 0.29544 0.445167 0.547875 0.628602 0.747119 0.823819 0.828062 0.831766 0.825635
BD_Bspro
 0.643283 0.337083 0.358326 0.357204 0.446078 0.790957 1.15807 1.40565 1.28643 1.46512 1.56255 1.12099 0.687149 0.364854 0.168573 0.141348 0.170023 0.228798 0.274192 0.304245 0.484781 0.589146 0.728841 1.03207 1.29549
BD_Bo
 0.540413 0.283179 0.301025 0.300083 0.374745 0.664472 0.972882 1.18087 1.08071 1.23083 1.31267 0.941729 0.577265 0.306509 0.141616 0.118745 0.142834 0.19221 0.230345 0.255592 0.407258 0.494934 0.612289 0.867031 1.08833
BD_Brms
 1.84487 0.966721 1.02764 1.02443 1.27931 2.26839 3.32124 4.03128 3.68936 4.20184 4.48123 3.21489 1.97068 1.04637 0.483452 0.405372 0.48761 0.65617 0.786357 0.872545 1.39031 1.68962 2.09025 2.95989 3.71535
S_f
 0.169168 1 1 1 1
 0.169168 1 1 1 1
 0.169168 1 1 1 1
 0.169168 1 1 1 1
 0.169168 1 1 1 1
 0.169168 1 1 1 1
 0.169168 1 1 1 1
 0.169168 1 1 1 1
 0.169168 1 1 1 1
 0.169168 1 1 1 1
 0.169168 1 1 1 1
 0.169168 1 1 1 1
 0.169168 1 1 1 1
 0.169168 1 1 1 1
 0.169168 1 1 1 1
 0.169168 1 1 1 1
 0.169168 1 1 1 1
 0.169168 1 1 1 1
 0.169168 1 1 1 1
 0.169168 1 1 1 1
 0.169168 1 1 1 1
 0.169168 1 1 1 1
 0.169168 1 1 1 1
 0.169168 1 1 1 1
 0.169168 1 1 1 1
Scru_reclas
 1 1 1 1 1
 1 1 1 1 1
 1 1 1 1 1
 1 1 1 1 1
 1 1 1 1 1
 1 1 1 1 1
 1 1 1 1 1
 1 1 1 1 1
 1 1 1 1 1
 1 1 1 1 1
 1 1 1 1 1
 1 1 1 1 1
 1 1 1 1 1
 1 1 1 1 1
 1 1 1 1 1
 1 1 1 1 1
 1 1 1 1 1
 1 1 1 1 1
 1 1 1 1 1
 1 1 1 1 1
 1 1 1 1 1
 1 1 1 1 1
 1 1 1 1 1
 1 1 1 1 1
 1 1 1 1 1
Scru_pelaces
 1 1 1 1 1
 1 1 1 1 1
 1 1 1 1 1
 1 1 1 1 1
 1 1 1 1 1
 1 1 1 1 1
 1 1 1 1 1
 1 1 1 1 1
 1 1 1 1 1
 1 1 1 1 1
 1 1 1 1 1
 1 1 1 1 1
 1 1 1 1 1
 1 1 1 1 1
 1 1 1 1 1
 1 1 1 1 1
 1 1 1 1 1
 1 1 1 1 1
 1 1 1 1 1
 1 1 1 1 1
 1 1 1 1 1
 1 1 1 1 1
 1 1 1 1 1
 1 1 1 1 1
 1 1 1 1 1
pf_obs 
 0.256992 0.487395 0.22802 0.0275931 0
 0.321318 0.546541 0.124235 0.00734118 0.000564706
 0.182869 0.594174 0.210203 0.0122559 0.00049798
 0.330522 0.361315 0.267642 0.0388342 0.00168674
 0.649043 0.306663 0.0425973 0.00169635 0
 0.582887 0.30429 0.105238 0.00758474 0
 0.465427 0.430635 0.0974691 0.00646863 0
 0.296916 0.608066 0.0921331 0.00288517 0
 0.311714 0.524322 0.152257 0.0117073 0
 0.15457 0.633149 0.183074 0.0267441 0.00246327
 0.131901 0.49318 0.331252 0.0422183 0.00144891
 0.196976 0.569456 0.194076 0.0375587 0.00193317
 0.518974 0.381816 0.0799577 0.0180837 0.00116848
 0.0928022 0.601141 0.25162 0.0475244 0.00691264
 0.122501 0.610282 0.24278 0.0234846 0.000952079
 0.383417 0.481906 0.127806 0.00687128 0
 0.0376549 0.599619 0.316969 0.0457579 0
 0.0361596 0.667082 0.258105 0.0386534 0
 0.158088 0.579412 0.248529 0.0139706 0
 0.0477256 0.309471 0.559284 0.082774 0.000745712
 0.0406174 0.521527 0.379366 0.0568643 0.0016247
 0.151134 0.462217 0.34131 0.0453401 0
 0.294876 0.26143 0.354403 0.0886775 0.000613685
 0.281977 0.475581 0.204845 0.0348837 0.00271318
 0.0354234 0.537034 0.353287 0.0723622 0.0018943
pf_pred 
 0.26352 0.513194 0.199002 0.0242738 1.0697e-05
 0.30709 0.506379 0.129979 0.0504019 0.00615062
 0.157198 0.650733 0.140364 0.036029 0.0156759
 0.354085 0.410828 0.181512 0.0391525 0.0144223
 0.33387 0.520345 0.0927252 0.0409679 0.012092
 0.157438 0.632382 0.164182 0.0292571 0.0167417
 0.27351 0.406617 0.24008 0.0623304 0.0174631
 0.230439 0.545625 0.125337 0.0740031 0.0245959
 0.280979 0.487585 0.16409 0.0376936 0.0296524
 0.249362 0.551756 0.134867 0.0453876 0.0186281
 0.110372 0.613877 0.202691 0.0495442 0.0235165
 0.105686 0.429465 0.320763 0.10591 0.0381756
 0.199297 0.370738 0.206477 0.154215 0.0692729
 0.166111 0.563527 0.125181 0.069718 0.0754619
 0.242099 0.523126 0.158657 0.0352438 0.0408742
 0.314491 0.535347 0.103647 0.0314345 0.0150812
 0.203418 0.617999 0.139464 0.0270012 0.0121179
 0.21557 0.503972 0.217583 0.0491022 0.0137729
 0.210126 0.511098 0.179104 0.077326 0.0223449
 0.338038 0.42109 0.15586 0.0546179 0.0303947
 0.258674 0.572223 0.107571 0.0398154 0.0217171
 0.233597 0.524221 0.186938 0.0351419 0.0201019
 0.286325 0.469074 0.167307 0.0596619 0.0176313
 0.226228 0.556299 0.142938 0.0509823 0.023553
 0.0584139 0.612382 0.236679 0.0608134 0.0317114
pobs_RECLAS
 0 0 0 0 0
 0 0 0 0 0
 0 0 0 0 0
 0 0 0 0 0
 0.835266 0.146461 0.0176864 0.000547809 3.91292e-05
 0.385257 0.428462 0.181853 0.0044286 0
 0.867414 0.0963971 0.0333333 0.00285562 0
 0.441836 0.489002 0.0689373 0.000224442 0
 0.779404 0.147425 0.0564933 0.0165055 0.000172143
 0.814271 0.122319 0.05973 0.00367925 0
 0.40263 0.566651 0.0304383 0.000280538 0
 0.475488 0.404961 0.113038 0.00651328 0
 0.955842 0.0263864 0.0167828 0.000988607 0
 0.975058 0.0227948 0.00214734 0 0
 0.738997 0.206755 0.0527124 0.00153531 0
 0.850938 0.134255 0.0134407 0.00136685 0
 0.542534 0.407297 0.0501686 0 0
 0.764087 0.199537 0.0359546 0.000420521 0
 0.470689 0.182191 0.310203 0.0369168 0
 0.84361 0.089868 0.0606195 0.00523954 0.000663233
 0.607945 0.314616 0.071237 0.00620181 0
 0.523733 0.453247 0.0230204 0 0
 0.530135 0.295979 0.169645 0.0042399 0
 0.562478 0.366248 0.0663022 0.0049721 0
 0.250443 0.683176 0.0655157 0.000865301 0
ppred_RECLAS
 0.686605 0.21838 0.0846813 0.0103293 4.5519e-06
 0.730983 0.196598 0.0504631 0.0195681 0.00238793
 0.543574 0.35241 0.0760153 0.0195118 0.00848941
 0.766246 0.148677 0.0656885 0.0141691 0.00521938
 0.747961 0.196879 0.0350838 0.0155007 0.00457517
 0.52924 0.353327 0.0917323 0.0163466 0.009354
 0.692254 0.172246 0.101699 0.0264036 0.00739749
 0.644225 0.252248 0.0579446 0.0342123 0.0113709
 0.70295 0.201437 0.0677908 0.0155724 0.0122504
 0.666038 0.245478 0.0600028 0.0201931 0.00828769
 0.430915 0.39269 0.129659 0.0316928 0.0150432
 0.4182 0.279391 0.208674 0.0689002 0.0248354
 0.6082 0.181409 0.101033 0.0754607 0.0338966
 0.570168 0.290473 0.0645253 0.0359364 0.0388972
 0.680095 0.220808 0.0669679 0.0148762 0.0172527
 0.737271 0.205178 0.0397237 0.0120476 0.00578004
 0.606957 0.304928 0.0688133 0.0133227 0.00597911
 0.622468 0.242553 0.104719 0.023632 0.00662867
 0.614307 0.249568 0.0874562 0.0377581 0.010911
 0.75375 0.156646 0.0579799 0.0203179 0.0113068
 0.674668 0.251121 0.0472075 0.0174731 0.00953058
 0.644706 0.243022 0.0866619 0.0162913 0.00931897
 0.70523 0.193742 0.0691031 0.0246422 0.00728227
 0.63544 0.262098 0.0673447 0.0240202 0.0110969
 0.270084 0.474717 0.183474 0.0471425 0.0245826
pobs_PELACES
 0 0 0 0 0
 0 0 0 0 0
 0 0 0 0 0
 0 0 0 0 0
 0 0 0 0 0
 0 0 0 0 0
 0 0 0 0 0
 0 0 0 0 0
 0 0 0 0 0
 0 0 0 0 0
 0.450072 0.473896 0.0757376 0.000293798 0
 0 0 0 0 0
 0.463077 0.371075 0.160297 0.00555027 0
 0.529543 0.364841 0.0842815 0.0213345 0
 0.631943 0.363953 0.00410389 0 0
 0.735681 0.248677 0.0153453 0.000297389 0
 0.695825 0.281241 0.0229344 0 0
 0.275771 0.60734 0.115278 0.00161068 0
 0 0 0 0 0
 0.896147 0.0623911 0.0374545 0.00400742 0
 0.803859 0.145111 0.0509908 3.86294e-05 0
 0.739449 0.233085 0.0266225 0.000797448 4.60066e-05
 0.878498 0.100942 0.0204185 0.000141795 0
 0.694673 0.275183 0.0284847 0.00165964 0
 0.469039 0.446079 0.0841089 0.000773354 0
ppred_PELACES
 0.716221 0.197743 0.0766788 0.00935312 4.12174e-06
 0.758639 0.176387 0.0452754 0.0175565 0.00214245
 0.605357 0.304707 0.0657258 0.0168706 0.00734026
 0.776158 0.142372 0.0629031 0.0135683 0.00499806
 0.749669 0.195545 0.034846 0.0153957 0.00454416
 0.549383 0.338209 0.0878072 0.0156472 0.00895376
 0.703372 0.166023 0.0980252 0.0254497 0.00713024
 0.666785 0.236252 0.0542702 0.0320428 0.0106498
 0.724387 0.1869 0.0628985 0.0144486 0.0113663
 0.681984 0.233757 0.0571379 0.019229 0.00789198
 0.463363 0.3703 0.122266 0.0298858 0.0141855
 0.447673 0.265237 0.198103 0.0654097 0.0235772
 0.653454 0.160456 0.0893637 0.0667447 0.0299815
 0.651321 0.235631 0.0523428 0.0291516 0.0315533
 0.749401 0.172971 0.0524596 0.0116533 0.013515
 0.763175 0.184948 0.0358071 0.0108598 0.00521015
 0.630547 0.286626 0.0646831 0.0125231 0.00562025
 0.63878 0.232072 0.100194 0.0226109 0.00634225
 0.628764 0.240213 0.084178 0.0363428 0.010502
 0.76583 0.148961 0.0551354 0.0193211 0.0107521
 0.680845 0.246353 0.0463113 0.0171413 0.00934964
 0.65302 0.237335 0.0846341 0.0159101 0.00910091
 0.714325 0.187765 0.0669709 0.0238819 0.00705757
 0.645327 0.25499 0.0655183 0.0233687 0.010796
 0.279047 0.468888 0.181221 0.0465636 0.0242807
pobs_pel_tallas
 0 0 0 0 0 0 0 0 0 0 0 0 0 0 0 0 0 0 0 0 0 0 0 0 0 0 0 0 0 0 0 0 0 0 0 0
 0 0 0 0 0 0 0 0 0 0 0 0 0 0 0 0 0 0 0 0 0 0 0 0 0 0 0 0 0 0 0 0 0 0 0 0
 0 0 0 0 0 0 0 0 0 0 0 0 0 0 0 0 0 0 0 0 0 0 0 0 0 0 0 0 0 0 0 0 0 0 0 0
 0 0 0 0 0 0 0 0 0 0 0 0 0 0 0 0 0 0 0 0 0 0 0 0 0 0 0 0 0 0 0 0 0 0 0 0
 0 0 0 0 0 0 0 0 0 0 0 0 0 0 0 0 0 0 0 0 0 0 0 0 0 0 0 0 0 0 0 0 0 0 0 0
 0 0 0 0 0 0 0 0 0 0 0 0 0 0 0 0 0 0 0 0 0 0 0 0 0 0 0 0 0 0 0 0 0 0 0 0
 0 0 0 0 0 0 0 0 0 0 0 0 0 0 0 0 0 0 0 0 0 0 0 0 0 0 0 0 0 0 0 0 0 0 0 0
 0 0 0 0 0 0 0 0 0 0 0 0 0 0 0 0 0 0 0 0 0 0 0 0 0 0 0 0 0 0 0 0 0 0 0 0
 0 0 0 0 0 0 0 0 0 0 0 0 0 0 0 0 0 0 0 0 0 0 0 0 0 0 0 0 0 0 0 0 0 0 0 0
 0 0 0 0 0 0 0 0 0 0 0 0 0 0 0 0 0 0 0 0 0 0 0 0 0 0 0 0 0 0 0 0 0 0 0 0
 0 0 0 0 0 0 0 0 1.78061e-05 0.00172719 0.00360574 0.0105946 0.0120993 0.0124554 0.0147524 0.0171206 0.0266825 0.0428682 0.0675386 0.121331 0.153587 0.119568 0.100827 0.0573624 0.0630603 0.0341343 0.0324427 0.0444173 0.0211091 0.0280891 0.0125444 0.00206551 0 0 0 0
 0 0 0 0 0 0 0 0 0 0 0 0 0 0 0 0 0 0 0 0 0 0 0 0 0 0 0 0 0 0 0 0 0 0 0 0
 0 0 0 0 0 0 0.0133647 0.0140871 0.0187388 0.0205184 0.03894 0.0496705 0.03968 0.0493445 0.0407372 0.0367815 0.0215668 0.0243155 0.0234873 0.0199281 0.019796 0.0243948 0.0301388 0.0376714 0.0412746 0.0863199 0.0771752 0.113111 0.0741005 0.0525337 0.0229764 0.00759418 0.00175318 0 0 0
 0 0 0 0 0 0 0 0 0 0 0.00219441 0.00772107 0.0458388 0.0604681 0.0671733 0.0775358 0.0609151 0.0617685 0.073594 0.0568108 0.0755445 0.0548602 0.0670107 0.0636378 0.0643287 0.046367 0.0373049 0.0286899 0.0247887 0.0153202 0.00654259 0.00121912 0.000365735 0 0 0
 0 0 0 0 0 0 0 0 0 0 0 0 0.000112435 0.00938835 0.0111873 0.0202946 0.0414886 0.0713402 0.111592 0.104902 0.108894 0.110636 0.117776 0.105296 0.107544 0.0401394 0.0192827 0.0124803 0.00416011 0.0028671 0.000618394 0 0 0 0 0
 0 0 0 0 0 0 0 0 0 0 0.00291406 0.0102884 0.027416 0.0768956 0.0749926 0.110853 0.0956884 0.0897413 0.0766577 0.0534642 0.0500743 0.0551293 0.0594112 0.0620874 0.0668451 0.0424026 0.0208742 0.0120726 0.0048766 0.00582813 0.00118941 0.000297354 0 0 0 0
 0 0.00264628 0.0354308 0.0461629 0.0458689 0.0383711 0.0214643 0.0164657 0.0346957 0.0420465 0.0363128 0.0245516 0.0311673 0.0291091 0.0169068 0.0133784 0.00837989 0.0085269 0.0148486 0.0160247 0.0276389 0.0546898 0.0760071 0.122758 0.109233 0.0665981 0.0333725 0.0166128 0.00676272 0.00308733 0.000882094 0 0 0 0 0
 0 0 0 0 0 0 0 0.000805153 0.000690131 0.00759144 0.0133425 0.0154129 0.00931677 0.000345066 0.00356568 0.00563607 0.00851162 0.0253048 0.0502646 0.0516448 0.0657925 0.0565908 0.0611916 0.0827007 0.0866115 0.110766 0.145733 0.0935128 0.0569358 0.0249597 0.0138026 0.00621118 0.00161031 0.00115022 0 0
 0 0 0 0 0 0 0 0 0 0 0 0 0 0 0 0 0 0 0 0 0 0 0 0 0 0 0 0 0 0 0 0 0 0 0 0
 0.00147267 0.00158595 0.00478618 0.00569244 0.00954404 0.0108468 0.00647125 0.017049 0.0510054 0.094081 0.124002 0.0959785 0.0687766 0.0820023 0.061753 0.0591476 0.0492212 0.0479892 0.0443925 0.0268479 0.0217502 0.0140895 0.0121071 0.0120363 0.00920419 0.00665534 0.0049561 0.00860946 0.00930331 0.0156896 0.0114698 0.00855282 0.00243557 0.00046729 0 2.83206e-05
 0 0 0 0 0.000772559 0.00158375 0.000888443 0.00281984 0.00712685 0.0440552 0.0773331 0.111326 0.0921469 0.0852325 0.0710754 0.0886704 0.0786465 0.0553345 0.0373146 0.0185414 0.00753245 0.00457741 0.012979 0.0271748 0.0457355 0.0583668 0.034881 0.0177882 0.00938659 0.00492506 0.0015258 0.00185414 0.000309023 5.79419e-05 3.86279e-05 0
 0 0.00173294 0.00326652 0 0.00397197 0.00683976 0.00946217 0.0152591 0.00757587 0.0136028 0.0228656 0.0392903 0.0559909 0.0764795 0.0681675 0.0726916 0.0566044 0.0477403 0.0527397 0.0444891 0.0609904 0.0582453 0.0661739 0.0445044 0.0529084 0.0360697 0.0280645 0.0235558 0.0158879 0.00826598 0.00280645 0.00217768 0.000904811 0.00058276 9.20147e-05 0
 0 0 0 0 0 0 0 0 0 0 0 0 0 0 0 0 0 0 0 0 0 0 0 0 0 0 0 0 0 0 0 0 0 0 0 0
 0 0 0 0 0 0 0 0 0 0 0 0 0 0 0 0 0 0 0 0 0 0 0 0 0 0 0 0 0 0 0 0 0 0 0 0
 0 0 0 0 0 0 0 0 0 0 0 0 0 0 0 0 0 0 0 0 0 0 0 0 0 0 0 0 0 0 0 0 0 0 0 0
ppred_pel_tallas
 1.01475e-16 3.12514e-05 0.000183416 0.000871868 0.00335672 0.0104676 0.0264404 0.0541008 0.0896792 0.12044 0.131071 0.115634 0.0828188 0.0484226 0.0236673 0.0107116 0.0061625 0.00601756 0.00781733 0.0104626 0.0134676 0.0164976 0.0192249 0.0213389 0.0226029 0.0229034 0.0222706 0.0208603 0.018907 0.0166641 0.0143535 0.0121348 0.0101005 0.00828812 0.00670117 0.00532788
 1.01404e-16 3.31001e-05 0.000194271 0.00092348 0.00355545 0.0110873 0.0280058 0.0573035 0.094987 0.127565 0.138816 0.122447 0.0876525 0.051157 0.0248319 0.0109461 0.00588775 0.00540234 0.00687872 0.00916058 0.0117586 0.0143605 0.0166733 0.0184244 0.0194115 0.0195455 0.0188679 0.0175321 0.015759 0.0137819 0.0117987 0.00994517 0.00829067 0.00685183 0.00561387 0.00455042
 1.01955e-16 2.64215e-05 0.00015505 0.000736993 0.00283738 0.00884805 0.0223496 0.0457317 0.0758103 0.101826 0.110847 0.0978703 0.0702661 0.0414262 0.0208869 0.0105333 0.00755674 0.00861439 0.011628 0.0156099 0.0200226 0.0243965 0.0282365 0.0310753 0.0325683 0.0325717 0.0311713 0.0286494 0.025406 0.0218607 0.0183681 0.0151694 0.0123837 0.0100321 0.00807561 0.00645191
 1.0164e-16 3.38627e-05 0.000198752 0.000944786 0.00363749 0.0113432 0.028652 0.0586255 0.0971773 0.130503 0.142005 0.125239 0.0896071 0.0522086 0.0251763 0.0108166 0.00542061 0.00462779 0.00577074 0.00768721 0.00991602 0.0121929 0.0142792 0.0159512 0.0170356 0.0174444 0.0171896 0.0163705 0.0151414 0.0136703 0.0121044 0.01055 0.00907013 0.00769395 0.00643106 0.00528416
 1.013e-16 3.27097e-05 0.000191978 0.000912573 0.00351345 0.0109564 0.0276749 0.0566268 0.0938658 0.126061 0.137184 0.121018 0.0866546 0.050624 0.0246649 0.0110279 0.00615113 0.00583446 0.00749508 0.00997844 0.0127787 0.0155564 0.0179877 0.019773 0.0206939 0.0206619 0.0197359 0.0181013 0.0160178 0.0137561 0.0115435 0.00953183 0.00779343 0.00633655 0.00513095 0.00413214
 1.02313e-16 2.39822e-05 0.000140726 0.000668887 0.00257515 0.00803026 0.020284 0.0415056 0.0688065 0.0924249 0.100628 0.0888844 0.0638948 0.0378312 0.0193733 0.0102616 0.00797716 0.00950892 0.0129766 0.0174633 0.0224298 0.0273696 0.0317354 0.0350063 0.0367944 0.0369317 0.0355025 0.0328083 0.0292819 0.0253809 0.0214949 0.0178919 0.0147104 0.0119832 0.00967878 0.00774001
 1.02654e-16 3.06899e-05 0.000180122 0.000856214 0.00329646 0.0102797 0.0259657 0.0531294 0.0880682 0.118274 0.128708 0.113536 0.0812872 0.0474687 0.0230932 0.0102721 0.00566682 0.0053458 0.00690277 0.00928081 0.0120395 0.014898 0.017585 0.0198372 0.0214433 0.022284 0.0223496 0.0217281 0.0205702 0.0190462 0.0173092 0.015475 0.0136203 0.011793 0.0100267 0.00835148
 1.02447e-16 2.90972e-05 0.000170766 0.00081172 0.00312513 0.00974538 0.0246161 0.0503686 0.083494 0.112138 0.122048 0.107704 0.0772027 0.0452679 0.0223655 0.0105281 0.00661894 0.00692703 0.00916308 0.0122825 0.0157868 0.019297 0.0224301 0.0248255 0.0262149 0.026481 0.0256795 0.0240133 0.021773 0.0192628 0.0167375 0.0143673 0.0122347 0.0103536 0.00869949 0.00723702
 1.01982e-16 3.1607e-05 0.000185505 0.0008818 0.00339497 0.0105869 0.0267416 0.0547171 0.0907004 0.12181 0.132559 0.116939 0.0837361 0.0489243 0.0238477 0.0106832 0.0059931 0.00572442 0.00738896 0.00988022 0.0127192 0.015587 0.018176 0.0201965 0.021429 0.0217705 0.0212524 0.0200225 0.0182998 0.0163177 0.0142759 0.0123134 0.0105049 0.00887442 0.00741699 0.00611787
 1.01917e-16 2.97599e-05 0.000174656 0.000830216 0.00319634 0.00996746 0.0251771 0.0515163 0.0853964 0.114692 0.124826 0.11015 0.0789456 0.0462682 0.0228192 0.0106734 0.00661824 0.00685411 0.00903759 0.0121011 0.0155391 0.0189714 0.0220161 0.0243138 0.0255978 0.0257524 0.0248351 0.023052 0.0206983 0.0180845 0.0154733 0.0130434 0.0108845 0.00901511 0.00741206 0.00603689
 1.03546e-16 2.02327e-05 0.00011871 0.000564213 0.00217211 0.00677342 0.0171094 0.0350103 0.0580416 0.0779731 0.0849157 0.0750575 0.0540687 0.0322417 0.0169328 0.00965332 0.00832298 0.0104377 0.0144245 0.0194882 0.0251088 0.0307542 0.0358321 0.0397704 0.0421347 0.0427226 0.0415999 0.0390642 0.0355553 0.0315424 0.027428 0.0234932 0.0198896 0.0166666 0.0138136 0.0112982
 1.06248e-16 1.95444e-05 0.000114679 0.000545069 0.00209844 0.00654368 0.016529 0.033822 0.0560692 0.0753162 0.0820034 0.0724386 0.0520851 0.0308656 0.0158601 0.00849954 0.00675089 0.00818951 0.0113223 0.0154506 0.0201878 0.0251706 0.0299868 0.0342162 0.0375061 0.0396354 0.0405437 0.0403151 0.0391298 0.0372021 0.0347307 0.0318734 0.0287482 0.0254501 0.0220708 0.0187096
 1.05016e-16 2.85129e-05 0.000167342 0.000795458 0.00306254 0.00955023 0.0241231 0.0493593 0.081819 0.109883 0.119579 0.105489 0.0755379 0.0441368 0.0215207 0.00965752 0.00545326 0.00526427 0.00686454 0.00928123 0.0121129 0.0151043 0.0180061 0.0205733 0.0226048 0.0239794 0.024671 0.0247357 0.0242794 0.0234194 0.022254 0.0208497 0.0192465 0.0174722 0.0155601 0.0135592
 1.03296e-16 2.84229e-05 0.000166807 0.000792899 0.00305266 0.0095194 0.0240453 0.0492006 0.0815582 0.109538 0.119221 0.105211 0.0754234 0.0442389 0.0218839 0.0103468 0.00656692 0.00692228 0.00917906 0.0123177 0.0158504 0.0194042 0.0226011 0.025085 0.0265905 0.0270011 0.0263699 0.0248937 0.0228534 0.0205405 0.0181951 0.015973 0.0139438 0.0121123 0.0104498 0.00892221
 1.01834e-16 3.26971e-05 0.000191906 0.000912236 0.00351216 0.0109523 0.0276648 0.0566058 0.0938304 0.126012 0.137126 0.120956 0.0865851 0.050534 0.0245297 0.010814 0.00581988 0.00534621 0.00681607 0.00909052 0.0116902 0.0143109 0.0166667 0.0184904 0.0195814 0.0198477 0.0193232 0.0181495 0.0165334 0.0146943 0.0128182 0.0110329 0.00940431 0.00795006 0.00666011 0.00551543
 1.01186e-16 3.32982e-05 0.000195434 0.000929005 0.00357672 0.0111537 0.0281733 0.0576464 0.0955555 0.128329 0.139649 0.123185 0.0881882 0.0514843 0.0250177 0.0110731 0.00601806 0.00557259 0.00710691 0.00945127 0.0121032 0.014736 0.0170417 0.0187362 0.0196119 0.019584 0.0187073 0.0171561 0.0151757 0.0130227 0.0109129 0.00899176 0.00732949 0.00593591 0.00478399 0.00383266
 1.01705e-16 2.75192e-05 0.000161497 0.000767642 0.0029554 0.00921607 0.0232792 0.0476335 0.0789621 0.106057 0.115445 0.101912 0.0731291 0.043036 0.021554 0.0106325 0.00733202 0.00816052 0.0109518 0.0146888 0.0188383 0.0229518 0.0265616 0.0292266 0.0306219 0.030611 0.0292739 0.0268761 0.0237945 0.0204255 0.0171053 0.0140638 0.0114162 0.00918512 0.00733592 0.00581057
 1.02572e-16 2.78761e-05 0.000163597 0.000777636 0.00299389 0.00933614 0.0235824 0.0482535 0.0799883 0.10743 0.116928 0.103191 0.0739816 0.043407 0.0214991 0.0102118 0.00654853 0.00696338 0.00927224 0.0124813 0.0161159 0.0198101 0.0231868 0.0258829 0.0276169 0.028247 0.0277948 0.0264247 0.0243908 0.0219697 0.0194032 0.0168658 0.0144605 0.0122337 0.0101996 0.00836027
 1.03013e-16 2.74396e-05 0.000161033 0.000765449 0.00294697 0.0091898 0.0232128 0.0474973 0.0787351 0.105748 0.115099 0.101584 0.0728429 0.0427663 0.0212326 0.0101695 0.00663191 0.00713225 0.00951996 0.0128114 0.016529 0.0202977 0.0237306 0.0264571 0.0281933 0.0288016 0.0283143 0.0269098 0.0248563 0.02244 0.0199059 0.0174237 0.0150854 0.0129234 0.0109379 0.00912045
 1.01998e-16 3.34126e-05 0.000196109 0.000932219 0.00358911 0.0111923 0.0282709 0.0578457 0.095885 0.128769 0.140119 0.123581 0.0884308 0.0515438 0.0248941 0.0107612 0.00548874 0.00477672 0.00599322 0.0079881 0.0102992 0.0126553 0.0148098 0.0165315 0.0176435 0.0180591 0.0177962 0.0169629 0.0157227 0.0142506 0.0126964 0.0111642 0.00971071 0.00835661 0.0071034 0.00594787
 1.01764e-16 2.97107e-05 0.000174366 0.000828835 0.00319102 0.00995087 0.0251352 0.0514307 0.0852547 0.114503 0.124623 0.109977 0.078836 0.0462323 0.0228541 0.0107768 0.00679722 0.00712355 0.00941354 0.0125928 0.0161417 0.0196611 0.0227482 0.0250264 0.0262201 0.0262163 0.0250876 0.0230649 0.0204729 0.0176503 0.014881 0.0123552 0.0101634 0.0083164 0.0067773 0.00549188
 1.02251e-16 2.84971e-05 0.000167242 0.000794968 0.00306062 0.00954423 0.0241081 0.049329 0.0817711 0.109825 0.119533 0.105489 0.0756259 0.0443654 0.0219613 0.0104089 0.00664209 0.00703186 0.00934065 0.0125472 0.0161611 0.0198044 0.02309 0.0256491 0.0272008 0.0276121 0.0269214 0.0253158 0.023074 0.020495 0.017837 0.0152819 0.0129304 0.0108186 0.00894431 0.00729087
 1.02163e-16 3.11683e-05 0.000182929 0.000869554 0.00334782 0.0104399 0.0263703 0.0539573 0.089441 0.120119 0.13072 0.115319 0.0825817 0.048261 0.0235456 0.0105845 0.00599027 0.00576901 0.00746905 0.0100001 0.0128888 0.0158179 0.0184796 0.0205826 0.0219046 0.0223381 0.0219094 0.02076 0.0191025 0.0171643 0.0151408 0.0131687 0.0113229 0.00963038 0.0080917 0.00669897
 1.02321e-16 2.81624e-05 0.000165275 0.000785614 0.0030246 0.0094319 0.0238243 0.0487486 0.0808095 0.108535 0.118134 0.104264 0.0747711 0.0439101 0.0218212 0.0104839 0.0068748 0.00741102 0.00987842 0.013256 0.0170376 0.0208205 0.0241908 0.026757 0.028227 0.0284723 0.0275515 0.0256844 0.0231871 0.0203927 0.0175827 0.0149488 0.0125874 0.0105196 0.00872304 0.00716011
 1.0546e-16 1.21998e-05 7.15407e-05 0.000339943 0.00130858 0.0040805 0.0103075 0.0210938 0.034978 0.0470129 0.0512607 0.0454568 0.0330661 0.0203615 0.0118737 0.0086328 0.00950798 0.0130848 0.0184431 0.0250276 0.0323259 0.0397035 0.0464203 0.0517504 0.0551345 0.0562981 0.0552987 0.0524823 0.0483727 0.0435342 0.0384542 0.0334766 0.0287948 0.0244844 0.020555 0.0169947
pSPR Fmed_Fpbrs
0.634743   0.342927 0.342927
Fs Fmed_Fpbrs
0.304275   1.005 1.005
SSBpbr Bo_Bmed_Bpbrs
1.08438e+06  634082  317643 317643
Ro
44355.9
SPR SPRFo_SPRFmed_SPRFpbrs
910971 578232 312397
log_Ro
10.52
likeval ReclasPelacesDesembMPH_pf_preclas_ppelaces_ptallas_desvR_qrecl_qpela
 69.6819 38.1028 0.00509915 0.000169551 313.595 194.32 77.6496 0 16.4209 4.99561e-05 0 0 0 0 0
q_reclas_q_pelaces
0.367306 1
M
0.7
N
 35465.1 13977.1 5419.91 661.11 0.291338
 48127.3 16139.1 4142.62 1606.39 196.03
 22963.3 21845.7 4712.16 1209.53 526.254
 46170.4 9754.56 4309.76 929.623 342.438
 82986.1 22146.4 3946.48 1743.63 514.648
 54285.7 40979.4 10639.2 1895.91 1084.89
 95142.2 25642 15139.9 3930.67 1101.26
 100390 45733.8 10505.7 6202.88 2061.61
 139520 46871.1 15773.8 3623.45 2850.46
 157846 64939.3 15873.3 5341.93 2192.44
 67408.7 74950.9 24747.4 6049.06 2871.23
 38518.7 30869.1 23055.8 7612.59 2743.99
 44348.9 17761.7 9892.14 7388.33 3318.81
 22824.6 19532.4 4338.91 2416.5 2615.59
 16853.9 9176.35 2783.06 618.225 716.991
 19757.5 6780.51 1312.75 398.138 191.013
 15409.9 9008.58 2032.97 393.596 176.643
 16604 7194.31 3106.05 700.945 196.612
 17708.8 7896.55 2767.19 1194.7 345.233
 36851.6 8466.66 3133.8 1098.18 611.132
 45217.5 17567.5 3302.47 1222.35 666.725
 55389.5 22065.9 7868.73 1479.22 846.145
 91557.7 26893.3 9592.16 3420.58 1010.85
 100511 44244.2 11368.3 4054.79 1873.25
 25831.8 48607.7 18786.4 4827.05 2517.08
pred_Ctot
 2143.11 4173.62 1618.41 197.41 0.0869948
 2989.53 4929.6 1265.34 490.663 59.8764
 2409.25 9973.25 2151.25 552.187 240.252
 1133.55 1315.2 581.083 125.341 46.1708
 333.613 519.944 92.6538 40.9364 12.0827
 1910.63 7674.46 1992.47 355.058 203.174
 2194.37 3262.28 1926.15 500.075 140.106
 4332.55 10258.5 2356.51 1391.36 462.435
 6314.7 10958 3687.75 847.124 666.407
 4984.52 11029.1 2695.87 907.259 372.358
 3790.35 21081.6 6960.74 1701.43 807.597
 1986.9 8073.93 6030.33 1991.1 717.701
 3631.97 6756.28 3762.81 2810.4 1262.42
 3163.55 10732.2 2384.05 1327.76 1437.15
 2329.14 5032.8 1526.38 339.067 393.236
 1168.21 1988.61 385.007 116.767 56.0208
 665.648 2022.29 456.372 88.3566 39.6537
 506.303 1183.66 511.032 115.325 32.3481
 474.982 1155.32 404.858 174.792 50.5098
 1063.27 1324.51 490.244 171.796 95.6041
 563.115 1245.69 234.173 86.6753 47.2765
 887.971 1992.72 710.606 133.585 76.4132
 1772.45 2903.73 1035.69 369.328 109.144
 1892.61 4653.94 1195.8 426.514 197.042
 509.573 5342.11 2064.67 530.506 276.634
F
 0.0873063 0.516093 0.516093 0.516093 0.516093
 0.0898447 0.531099 0.531099 0.531099 0.531099
 0.156162 0.923121 0.923121 0.923121 0.923121
 0.0346644 0.204911 0.204911 0.204911 0.204911
 0.00560383 0.0331259 0.0331259 0.0331259 0.0331259
 0.0500295 0.295739 0.295739 0.295739 0.295739
 0.0325339 0.192318 0.192318 0.192318 0.192318
 0.0616593 0.364486 0.364486 0.364486 0.364486
 0.0647515 0.382765 0.382765 0.382765 0.382765
 0.0447844 0.264734 0.264734 0.264734 0.264734
 0.0810171 0.478916 0.478916 0.478916 0.478916
 0.0740982 0.438016 0.438016 0.438016 0.438016
 0.120011 0.709422 0.709422 0.709422 0.709422
 0.21121 1.24853 1.24853 1.24853 1.24853
 0.21053 1.24451 1.24451 1.24451 1.24451
 0.085354 0.504553 0.504553 0.504553 0.504553
 0.0617166 0.364825 0.364825 0.364825 0.364825
 0.0432152 0.255458 0.255458 0.255458 0.255458
 0.0379243 0.224181 0.224181 0.224181 0.224181
 0.0408483 0.241466 0.241466 0.241466 0.241466
 0.0174505 0.103155 0.103155 0.103155 0.103155
 0.0225142 0.133088 0.133088 0.133088 0.133088
 0.027244 0.161047 0.161047 0.161047 0.161047
 0.0264906 0.156594 0.156594 0.156594 0.156594
 0.0277679 0.164144 0.164144 0.164144 0.164144
nmprior
 10.6 11 7 0
nm_flota  nm_reclas  nm_pelaces    nm_pelaL
inf 16.508 19.9738 49.0454
cv_recla  cv_pelaces  cv_mph
0.755066 0.699924 0.422463
 ------------------------------------------------
Talla a la edad & desviación 
 7.2 14.2025 17.0495 18.207 18.6776
 1.08 2.13037 2.55742 2.73105 2.80164
