years
 1997 1998 1999 2000 2001 2002 2003 2004 2005 2006 2007 2008 2009 2010 2011 2012 2013 2014 2015 2016 2017 2018 2019 2020 2021
reclasobs
 0 0 0 370054 412103 1.49427e+06 250295 1.28982e+06 931140 785840 897777 1.04006e+06 184774 17550 25797 100020 73551 82996 120727 218422 84188 347160 605670 569463 516374
reclaspred
 424751 120633 376240 277503 406472 481272 1.04889e+06 682501 737395 664310 520062 349909 216198 93971.2 62262.7 63244.2 80622.4 111219 119613 172592 249229 229455 402583 522309 571243
pelacesobs
 0 0 0 0 0 0 0 0 0 2.06254e+06 1.5e+06 0 1.87456e+06 323000 250000 174000 83755 137374 0 501740 490994 745055 786931 1.00524e+06 1.33801e+06
pelacespred
 1.79424e+06 421325 853164 949143 1.19099e+06 1.19261e+06 2.8868e+06 2.35975e+06 2.23388e+06 2.03872e+06 1.42107e+06 989822 593209 204415 134020 150300 202481 289947 320387 448060 732140 659426 906948 1.39491e+06 1.60198e+06
mphobs
 0 0 0 0 0 112323 0 153150 637223 0 255016 313432 73983 77613 109348 50772 0 0 0 0 0 0 0 0 0
mphpred
 152179 95582.1 122548 152330 164322 254302 379518 440253 364480 357915 331645 229259 141348 73021.9 32080.8 27187.8 33854.9 47590.2 60398.4 70610.6 106362 126159 159455 230627 310816
desembarqueobs
 350755 77701 442110 56441 14545 235359 269955 359681 431902 328805 639364 411747 362871 311530 167758 66681 60226 58785 57116 73181 50977 67692 138656 160484 209506
desembarquepred
 350771 77706.6 442173 56444 14545.2 235416 270001 359726 432000 328870 639668 412016 363233 311956 167758 66694.7 60254.3 58789.1 57112.5 73185.1 50979.6 67688.8 138664 160496 209512
Reclutas
 49410.3 60772.4 38671.7 58454.5 95796.2 72186.8 109521 101308 120477 122324 65519 42691.3 42892.5 23003.5 16146.3 17935.9 14243.8 16289.2 18586 31508.6 39061.5 52087.8 84804.6 103650 44856.5
log_desv_Rt
 0.0479134 0.25489 -0.197138 0.216003 0.709979 0.427012 0.84387 0.765921 0.939216 0.954426 0.330095 -0.0982485 -0.093548 -0.716597 -1.07055 -0.96544 -1.19592 -1.06174 -0.929834 -0.401984 -0.187108 0.100687 0.588105 0.788774 -0.0487772
SSB
 563842 354143 454056 564402 608833 942220 1.40616e+06 1.63119e+06 1.35044e+06 1.32612e+06 1.22879e+06 849433 523710 270555 118863 100734 125437 176328 223784 261621 394085 467434 590802 854501 1.15161e+06
BT
 2.02539e+06 519343 1.05345e+06 942745 1.12502e+06 1.2806e+06 2.90207e+06 2.60411e+06 2.48977e+06 2.2168e+06 1.89663e+06 1.29334e+06 907953 485292 267159 195887 239353 318366 345859 479627 727282 671547 937990 1.43249e+06 1.6462e+06
Ftot
 0.682167 0.530458 0.754546 0.136034 0.0263722 0.26478 0.161201 0.332934 0.383642 0.315589 0.659735 0.598755 0.955726 1.83381 1.9853 0.80294 0.550285 0.3559 0.291266 0.29702 0.139477 0.178355 0.210803 0.202672 0.193478
BD_Bspro_t
 0.933484 0.718365 0.682456 0.557624 0.694742 0.821684 0.788896 0.794016 0.734241 0.692104 0.651312 0.491304 0.378291 0.266929 0.152755 0.159176 0.250761 0.398906 0.515007 0.610276 0.722553 0.802318 0.810872 0.818625 0.822978
BD_Bspro
 0.582902 0.366114 0.469405 0.583481 0.629414 0.97407 1.45369 1.68633 1.39609 1.37095 1.27032 0.878146 0.541413 0.279701 0.122881 0.104139 0.129677 0.182288 0.231348 0.270465 0.407406 0.483234 0.610772 0.883385 1.19054
BD_Bo
 0.497096 0.312221 0.400306 0.49759 0.536761 0.830682 1.2397 1.43809 1.19058 1.16914 1.08333 0.748879 0.461715 0.238528 0.104793 0.0888094 0.110588 0.155454 0.197293 0.230651 0.347434 0.4121 0.520864 0.753347 1.01529
BD_Brms
 1.47689 0.927621 1.18933 1.47836 1.59474 2.46799 3.68321 4.27264 3.53727 3.47356 3.2186 2.22495 1.37177 0.708675 0.311343 0.263856 0.328561 0.461861 0.586165 0.685274 1.03224 1.22437 1.54751 2.23823 3.01646
S_f
 0.141526 0.758003 0.983475 0.999116 0.999953
 0.141526 0.758003 0.983475 0.999116 0.999953
 0.141526 0.758003 0.983475 0.999116 0.999953
 0.141526 0.758003 0.983475 0.999116 0.999953
 0.141526 0.758003 0.983475 0.999116 0.999953
 0.141526 0.758003 0.983475 0.999116 0.999953
 0.141526 0.758003 0.983475 0.999116 0.999953
 0.141526 0.758003 0.983475 0.999116 0.999953
 0.141526 0.758003 0.983475 0.999116 0.999953
 0.141526 0.758003 0.983475 0.999116 0.999953
 0.141526 0.758003 0.983475 0.999116 0.999953
 0.141526 0.758003 0.983475 0.999116 0.999953
 0.141526 0.758003 0.983475 0.999116 0.999953
 0.141526 0.758003 0.983475 0.999116 0.999953
 0.141526 0.758003 0.983475 0.999116 0.999953
 0.141526 0.758003 0.983475 0.999116 0.999953
 0.141526 0.758003 0.983475 0.999116 0.999953
 0.141526 0.758003 0.983475 0.999116 0.999953
 0.141526 0.758003 0.983475 0.999116 0.999953
 0.141526 0.758003 0.983475 0.999116 0.999953
 0.141526 0.758003 0.983475 0.999116 0.999953
 0.141526 0.758003 0.983475 0.999116 0.999953
 0.141526 0.758003 0.983475 0.999116 0.999953
 0.141526 0.758003 0.983475 0.999116 0.999953
 0.141526 0.758003 0.983475 0.999116 0.999953
Scru_reclas
 1 1 1 1 1
 1 1 1 1 1
 1 1 1 1 1
 1 1 1 1 1
 1 1 1 1 1
 1 1 1 1 1
 1 1 1 1 1
 1 1 1 1 1
 1 1 1 1 1
 1 1 1 1 1
 1 1 1 1 1
 1 1 1 1 1
 1 1 1 1 1
 1 1 1 1 1
 1 1 1 1 1
 1 1 1 1 1
 1 1 1 1 1
 1 1 1 1 1
 1 1 1 1 1
 1 1 1 1 1
 1 1 1 1 1
 1 1 1 1 1
 1 1 1 1 1
 1 1 1 1 1
 1 1 1 1 1
Scru_pelaces
 0.923829 1 1 1 1
 0.923829 1 1 1 1
 0.923829 1 1 1 1
 0.923829 1 1 1 1
 0.923829 1 1 1 1
 0.923829 1 1 1 1
 0.923829 1 1 1 1
 0.923829 1 1 1 1
 0.923829 1 1 1 1
 0.923829 1 1 1 1
 0.923829 1 1 1 1
 0.923829 1 1 1 1
 0.923829 1 1 1 1
 0.923829 1 1 1 1
 0.923829 1 1 1 1
 0.923829 1 1 1 1
 0.923829 1 1 1 1
 0.923829 1 1 1 1
 0.923829 1 1 1 1
 0.923829 1 1 1 1
 0.923829 1 1 1 1
 0.923829 1 1 1 1
 0.923829 1 1 1 1
 0.923829 1 1 1 1
 0.923829 1 1 1 1
pf_obs 
 0.256992 0.487395 0.22802 0.0275931 0
 0.321318 0.546541 0.124235 0.00734118 0.000564706
 0.182869 0.594174 0.210203 0.0122559 0.00049798
 0.330522 0.361315 0.267642 0.0388342 0.00168674
 0.649043 0.306663 0.0425973 0.00169635 0
 0.582887 0.30429 0.105238 0.00758474 0
 0.465427 0.430635 0.0974691 0.00646863 0
 0.296916 0.608066 0.0921331 0.00288517 0
 0.311714 0.524322 0.152257 0.0117073 0
 0.15457 0.633149 0.183074 0.0267441 0.00246327
 0.131901 0.49318 0.331252 0.0422183 0.00144891
 0.196976 0.569456 0.194076 0.0375587 0.00193317
 0.518974 0.381816 0.0799577 0.0180837 0.00116848
 0.0928022 0.601141 0.25162 0.0475244 0.00691264
 0.122501 0.610282 0.24278 0.0234846 0.000952079
 0.383417 0.481906 0.127806 0.00687128 0
 0.0376549 0.599619 0.316969 0.0457579 0
 0.0361596 0.667082 0.258105 0.0386534 0
 0.158088 0.579412 0.248529 0.0139706 0
 0.0477256 0.309471 0.559284 0.082774 0.000745712
 0.0406174 0.521527 0.379366 0.0568643 0.0016247
 0.151134 0.462217 0.34131 0.0453401 0
 0.294876 0.26143 0.354403 0.0886775 0.000613685
 0.281977 0.475581 0.204845 0.0348837 0.00271318
 0.0354234 0.537034 0.353287 0.0723622 0.0018943
pf_pred 
 0.372754 0.432839 0.173933 0.0204616 1.296e-05
 0.314195 0.537211 0.112687 0.0321987 0.00370914
 0.184241 0.588969 0.189019 0.0287832 0.00898775
 0.27383 0.417432 0.242998 0.0549955 0.0107444
 0.289785 0.458035 0.160926 0.0720718 0.0191826
 0.166499 0.545572 0.201838 0.0552444 0.0308467
 0.236654 0.38265 0.272563 0.0762016 0.031931
 0.192448 0.495171 0.177711 0.096876 0.0377941
 0.225118 0.434043 0.232179 0.0623052 0.0463543
 0.212357 0.484532 0.191863 0.0762402 0.035008
 0.129149 0.51734 0.241303 0.0715022 0.0407056
 0.131383 0.418251 0.30349 0.100949 0.0459273
 0.206028 0.394036 0.226206 0.11788 0.0558492
 0.192942 0.545047 0.15584 0.0607095 0.0454615
 0.281908 0.521871 0.153551 0.0257489 0.0169209
 0.354532 0.52236 0.101415 0.0171139 0.00457969
 0.229571 0.594684 0.150994 0.0204724 0.00427889
 0.24133 0.472547 0.235726 0.0434233 0.00697408
 0.234626 0.481274 0.195915 0.0728873 0.0152982
 0.30618 0.425953 0.185802 0.0569047 0.0251606
 0.259463 0.514055 0.154001 0.0505516 0.0219295
 0.251007 0.4679 0.21029 0.0483975 0.0224052
 0.292594 0.440484 0.183182 0.0629127 0.020827
 0.251884 0.503888 0.167434 0.0529846 0.0238097
 0.0989532 0.56106 0.248661 0.0629454 0.0283801
pobs_RECLAS
 0 0 0 0 0
 0 0 0 0 0
 0 0 0 0 0
 0 0 0 0 0
 0.835266 0.146461 0.0176864 0.000547809 3.91292e-05
 0.385257 0.428462 0.181853 0.0044286 0
 0.867414 0.0963971 0.0333333 0.00285562 0
 0.441836 0.489002 0.0689373 0.000224442 0
 0.779404 0.147425 0.0564933 0.0165055 0.000172143
 0.814271 0.122319 0.05973 0.00367925 0
 0.40263 0.566651 0.0304383 0.000280538 0
 0.475488 0.404961 0.113038 0.00651328 0
 0.955842 0.0263864 0.0167828 0.000988607 0
 0.975058 0.0227948 0.00214734 0 0
 0.738997 0.206755 0.0527124 0.00153531 0
 0.850938 0.134255 0.0134407 0.00136685 0
 0.542534 0.407297 0.0501686 0 0
 0.764087 0.199537 0.0359546 0.000420521 0
 0.470689 0.182191 0.310203 0.0369168 0
 0.84361 0.089868 0.0606195 0.00523954 0.000663233
 0.607945 0.314616 0.071237 0.00620181 0
 0.523733 0.453247 0.0230204 0 0
 0.530135 0.295979 0.169645 0.0042399 0
 0.562478 0.366248 0.0663022 0.0049721 0
 0.250443 0.683176 0.0655157 0.000865301 0
ppred_RECLAS
 0.780871 0.163526 0.0498358 0.0057641 3.64758e-06
 0.726404 0.226123 0.0361461 0.0101581 0.00116914
 0.574596 0.329653 0.0800332 0.0119799 0.00373739
 0.692692 0.19612 0.0878108 0.0195594 0.00381806
 0.704633 0.207747 0.056236 0.0247908 0.00659279
 0.540861 0.327269 0.0928928 0.0250191 0.0139579
 0.654283 0.196276 0.107485 0.0295743 0.0123821
 0.587959 0.278431 0.0765487 0.0410578 0.016004
 0.638794 0.226086 0.0925319 0.0244292 0.0181593
 0.617057 0.25935 0.078703 0.0307719 0.0141177
 0.476951 0.345062 0.122155 0.0355896 0.0202427
 0.488466 0.281937 0.155577 0.0508889 0.0231315
 0.627392 0.212202 0.091437 0.0468115 0.0221574
 0.618623 0.284302 0.0582461 0.0222135 0.0166155
 0.727517 0.215318 0.0449517 0.00737405 0.0048402
 0.76319 0.201125 0.0294867 0.00489062 0.00130753
 0.634182 0.298737 0.057769 0.00770322 0.00160861
 0.655156 0.235829 0.0900707 0.0163244 0.00261955
 0.645711 0.244275 0.0762481 0.0279126 0.00585352
 0.724872 0.18593 0.062181 0.0187386 0.00827824
 0.670267 0.246601 0.056819 0.0183563 0.00795632
 0.664672 0.229702 0.079343 0.017971 0.00831246
 0.710351 0.197971 0.0632358 0.0213726 0.00706932
 0.663256 0.245718 0.0627226 0.0195333 0.0087702
 0.394099 0.413987 0.140974 0.0351193 0.0158207
pobs_PELACES
 0 0 0 0 0
 0 0 0 0 0
 0 0 0 0 0
 0 0 0 0 0
 0 0 0 0 0
 0 0 0 0 0
 0 0 0 0 0
 0 0 0 0 0
 0 0 0 0 0
 0 0 0 0 0
 0.450072 0.473896 0.0757376 0.000293798 0
 0 0 0 0 0
 0.463077 0.371075 0.160297 0.00555027 0
 0.529543 0.364841 0.0842815 0.0213345 0
 0.631943 0.363953 0.00410389 0 0
 0.735681 0.248677 0.0153453 0.000297389 0
 0.695825 0.281241 0.0229344 0 0
 0.275771 0.60734 0.115278 0.00161068 0
 0 0 0 0 0
 0.896147 0.0623911 0.0374545 0.00400742 0
 0.803859 0.145111 0.0509908 3.86294e-05 0
 0.739449 0.233085 0.0266225 0.000797448 4.60066e-05
 0.878498 0.100942 0.0204185 0.000141795 0
 0.694673 0.275183 0.0284847 0.00165964 0
 0.469039 0.446079 0.0841089 0.000773354 0
ppred_PELACES
 0.792987 0.156463 0.0453234 0.00522376 3.30503e-06
 0.733409 0.221847 0.0340902 0.00955419 0.00109946
 0.595658 0.317274 0.0728224 0.0108582 0.00338674
 0.682413 0.203432 0.0901673 0.0200702 0.00391762
 0.68916 0.218761 0.0591014 0.0260504 0.00692771
 0.535984 0.332648 0.0925777 0.0249002 0.0138906
 0.644913 0.20266 0.109658 0.0301471 0.0126214
 0.587161 0.281268 0.0754367 0.0403919 0.015743
 0.641014 0.22714 0.0903471 0.0238052 0.0176936
 0.615327 0.262538 0.0778214 0.0303777 0.0139356
 0.49488 0.338877 0.114219 0.0331643 0.0188598
 0.504157 0.278863 0.147175 0.0479924 0.0218113
 0.660861 0.1992 0.0799426 0.0407254 0.0192716
 0.692415 0.237196 0.0423973 0.0160169 0.0119744
 0.791891 0.169397 0.0305084 0.00495369 0.00324974
 0.779585 0.188871 0.0260842 0.0043084 0.00115162
 0.643451 0.293346 0.0544508 0.00724016 0.00151168
 0.655511 0.237573 0.0883654 0.015986 0.00256499
 0.642696 0.24804 0.0757634 0.0276935 0.0058071
 0.722564 0.188856 0.0617791 0.018589 0.00821145
 0.659531 0.25531 0.0582182 0.0187948 0.00814608
 0.655989 0.236649 0.080665 0.0182536 0.00844277
 0.703869 0.203425 0.0639666 0.0215961 0.00714283
 0.655653 0.252309 0.063441 0.0197363 0.00886088
 0.385715 0.421659 0.141535 0.0352237 0.0158669
pobs_pel_tallas
 0 0 0 0 0 0 0 0 0 0 0 0 0 0 0 0 0 0 0 0 0 0 0 0 0 0 0 0 0 0 0 0 0 0 0 0
 0 0 0 0 0 0 0 0 0 0 0 0 0 0 0 0 0 0 0 0 0 0 0 0 0 0 0 0 0 0 0 0 0 0 0 0
 0 0 0 0 0 0 0 0 0 0 0 0 0 0 0 0 0 0 0 0 0 0 0 0 0 0 0 0 0 0 0 0 0 0 0 0
 0 0 0 0 0 0 0 0 0 0 0 0 0 0 0 0 0 0 0 0 0 0 0 0 0 0 0 0 0 0 0 0 0 0 0 0
 0 0 0 0 0 0 0 0 0 0 0 0 0 0 0 0 0 0 0 0 0 0 0 0 0 0 0 0 0 0 0 0 0 0 0 0
 0 0 0 0 0 0 0 0 0 0 0 0 0 0 0 0 0 0 0 0 0 0 0 0 0 0 0 0 0 0 0 0 0 0 0 0
 0 0 0 0 0 0 0 0 0 0 0 0 0 0 0 0 0 0 0 0 0 0 0 0 0 0 0 0 0 0 0 0 0 0 0 0
 0 0 0 0 0 0 0 0 0 0 0 0 0 0 0 0 0 0 0 0 0 0 0 0 0 0 0 0 0 0 0 0 0 0 0 0
 0 0 0 0 0 0 0 0 0 0 0 0 0 0 0 0 0 0 0 0 0 0 0 0 0 0 0 0 0 0 0 0 0 0 0 0
 0 0 0 0 0 0 0 0 0 0 0 0 0 0 0 0 0 0 0 0 0 0 0 0 0 0 0 0 0 0 0 0 0 0 0 0
 0 0 0 0 0 0 0 0 1.78061e-05 0.00172719 0.00360574 0.0105946 0.0120993 0.0124554 0.0147524 0.0171206 0.0266825 0.0428682 0.0675386 0.121331 0.153587 0.119568 0.100827 0.0573624 0.0630603 0.0341343 0.0324427 0.0444173 0.0211091 0.0280891 0.0125444 0.00206551 0 0 0 0
 0 0 0 0 0 0 0 0 0 0 0 0 0 0 0 0 0 0 0 0 0 0 0 0 0 0 0 0 0 0 0 0 0 0 0 0
 0 0 0 0 0 0 0.0133647 0.0140871 0.0187388 0.0205184 0.03894 0.0496705 0.03968 0.0493445 0.0407372 0.0367815 0.0215668 0.0243155 0.0234873 0.0199281 0.019796 0.0243948 0.0301388 0.0376714 0.0412746 0.0863199 0.0771752 0.113111 0.0741005 0.0525337 0.0229764 0.00759418 0.00175318 0 0 0
 0 0 0 0 0 0 0 0 0 0 0.00219441 0.00772107 0.0458388 0.0604681 0.0671733 0.0775358 0.0609151 0.0617685 0.073594 0.0568108 0.0755445 0.0548602 0.0670107 0.0636378 0.0643287 0.046367 0.0373049 0.0286899 0.0247887 0.0153202 0.00654259 0.00121912 0.000365735 0 0 0
 0 0 0 0 0 0 0 0 0 0 0 0 0.000112435 0.00938835 0.0111873 0.0202946 0.0414886 0.0713402 0.111592 0.104902 0.108894 0.110636 0.117776 0.105296 0.107544 0.0401394 0.0192827 0.0124803 0.00416011 0.0028671 0.000618394 0 0 0 0 0
 0 0 0 0 0 0 0 0 0 0 0.00291406 0.0102884 0.027416 0.0768956 0.0749926 0.110853 0.0956884 0.0897413 0.0766577 0.0534642 0.0500743 0.0551293 0.0594112 0.0620874 0.0668451 0.0424026 0.0208742 0.0120726 0.0048766 0.00582813 0.00118941 0.000297354 0 0 0 0
 0 0.00264628 0.0354308 0.0461629 0.0458689 0.0383711 0.0214643 0.0164657 0.0346957 0.0420465 0.0363128 0.0245516 0.0311673 0.0291091 0.0169068 0.0133784 0.00837989 0.0085269 0.0148486 0.0160247 0.0276389 0.0546898 0.0760071 0.122758 0.109233 0.0665981 0.0333725 0.0166128 0.00676272 0.00308733 0.000882094 0 0 0 0 0
 0 0 0 0 0 0 0 0.000805153 0.000690131 0.00759144 0.0133425 0.0154129 0.00931677 0.000345066 0.00356568 0.00563607 0.00851162 0.0253048 0.0502646 0.0516448 0.0657925 0.0565908 0.0611916 0.0827007 0.0866115 0.110766 0.145733 0.0935128 0.0569358 0.0249597 0.0138026 0.00621118 0.00161031 0.00115022 0 0
 0 0 0 0 0 0 0 0 0 0 0 0 0 0 0 0 0 0 0 0 0 0 0 0 0 0 0 0 0 0 0 0 0 0 0 0
 0.00147267 0.00158595 0.00478618 0.00569244 0.00954404 0.0108468 0.00647125 0.017049 0.0510054 0.094081 0.124002 0.0959785 0.0687766 0.0820023 0.061753 0.0591476 0.0492212 0.0479892 0.0443925 0.0268479 0.0217502 0.0140895 0.0121071 0.0120363 0.00920419 0.00665534 0.0049561 0.00860946 0.00930331 0.0156896 0.0114698 0.00855282 0.00243557 0.00046729 0 2.83206e-05
 0 0 0 0 0.000772559 0.00158375 0.000888443 0.00281984 0.00712685 0.0440552 0.0773331 0.111326 0.0921469 0.0852325 0.0710754 0.0886704 0.0786465 0.0553345 0.0373146 0.0185414 0.00753245 0.00457741 0.012979 0.0271748 0.0457355 0.0583668 0.034881 0.0177882 0.00938659 0.00492506 0.0015258 0.00185414 0.000309023 5.79419e-05 3.86279e-05 0
 0 0.00173294 0.00326652 0 0.00397197 0.00683976 0.00946217 0.0152591 0.00757587 0.0136028 0.0228656 0.0392903 0.0559909 0.0764795 0.0681675 0.0726916 0.0566044 0.0477403 0.0527397 0.0444891 0.0609904 0.0582453 0.0661739 0.0445044 0.0529084 0.0360697 0.0280645 0.0235558 0.0158879 0.00826598 0.00280645 0.00217768 0.000904811 0.00058276 9.20147e-05 0
 0 0 0 0 0 0 0 0 0 0 0 0 0 0 0 0 0 0 0 0 0 0 0 0 0 0 0 0 0 0 0 0 0 0 0 0
 0 0 0 0 0 0 0 0 0 0 0 0 0 0 0 0 0 0 0 0 0 0 0 0 0 0 0 0 0 0 0 0 0 0 0 0
 0 0 0 0 0 0 0 0 0 0 0 0 0 0 0 0 0 0 0 0 0 0 0 0 0 0 0 0 0 0 0 0 0 0 0 0
ppred_pel_tallas
 1.00875e-16 3.4597e-05 0.000203062 0.000965274 0.00371637 0.0115892 0.0292733 0.0598969 0.0992849 0.133334 0.145088 0.127962 0.0915649 0.0533682 0.02577 0.0111289 0.00565624 0.00489491 0.0061132 0.00811156 0.0104012 0.0126909 0.014716 0.0162324 0.0170584 0.017114 0.0164362 0.015163 0.0134949 0.0116447 0.00979572 0.00807642 0.00655573 0.00525383 0.00416019 0.00325076
 1.00936e-16 3.20018e-05 0.000187819 0.000892797 0.0034373 0.0107189 0.0270751 0.0553996 0.0918326 0.123333 0.134223 0.118423 0.0848328 0.0496338 0.0243206 0.0111075 0.00652215 0.00646294 0.0084013 0.0111924 0.0143104 0.0173792 0.0200309 0.0219255 0.022817 0.0226099 0.0213796 0.0193471 0.01682 0.0141187 0.0115125 0.0091824 0.00721447 0.00561731 0.004351 0.00335566
 1.01669e-16 2.59992e-05 0.00015257 0.000725196 0.00279196 0.00870639 0.0219918 0.0449997 0.0745974 0.100199 0.10908 0.0963197 0.0691748 0.0408269 0.0206663 0.0105558 0.00773934 0.00893306 0.0120921 0.016237 0.0208222 0.0253606 0.0293355 0.0322579 0.0337676 0.0337134 0.0321848 0.0294773 0.0260111 0.0222286 0.0185061 0.015102 0.0121477 0.00967025 0.00763216 0.00596832
 1.02219e-16 2.97775e-05 0.000174762 0.000830725 0.00319831 0.00997361 0.0251926 0.0515478 0.0854477 0.114759 0.124893 0.110194 0.0789444 0.0462025 0.0226671 0.010404 0.0061907 0.00622254 0.00816215 0.0109625 0.0141533 0.0174011 0.0203728 0.0227492 0.0242824 0.0248467 0.0244595 0.0232634 0.0214799 0.0193509 0.0170884 0.0148466 0.0127173 0.0107435 0.0089396 0.00730944
 1.0213e-16 3.00722e-05 0.000176491 0.000838942 0.00322994 0.0100723 0.0254418 0.0520577 0.0862934 0.115895 0.126132 0.111293 0.0797438 0.0466943 0.0229521 0.0106065 0.00640471 0.00650318 0.0085353 0.0114315 0.0146991 0.0179794 0.0209157 0.0231713 0.0244945 0.024772 0.0240503 0.0225128 0.0204255 0.0180687 0.0156803 0.0134221 0.0113768 0.00956455 0.00796988 0.00656558
 1.02928e-16 2.33977e-05 0.000137295 0.000652577 0.00251235 0.00783444 0.0197894 0.0404935 0.0671289 0.0901717 0.0981763 0.086721 0.0623451 0.0369249 0.0189302 0.0100619 0.00786575 0.00940789 0.0128576 0.0173236 0.0222819 0.0272388 0.0316595 0.0350321 0.0369734 0.0373121 0.0361214 0.0336849 0.030413 0.02674 0.023035 0.0195513 0.0164198 0.0136735 0.0112878 0.00921763
 1.03249e-16 2.81423e-05 0.000165162 0.000785086 0.00302259 0.00942563 0.0238084 0.0487157 0.0807536 0.108456 0.118036 0.104153 0.0746346 0.043717 0.0215172 0.00999579 0.00611662 0.00629398 0.00832721 0.0112317 0.014563 0.0179998 0.0212151 0.0238904 0.025772 0.0267201 0.0267305 0.0259181 0.024474 0.0226108 0.0205169 0.0183316 0.0161433 0.0140025 0.0119412 0.00998751
 1.03287e-16 2.56271e-05 0.000150389 0.000714836 0.00275208 0.00858204 0.0216777 0.0443567 0.0735307 0.0987634 0.10751 0.094918 0.0681334 0.0401428 0.0201925 0.0101079 0.00716302 0.00811764 0.0109637 0.0147586 0.0190041 0.0232735 0.0271161 0.0301023 0.0319089 0.032389 0.0315988 0.0297676 0.0272287 0.0243326 0.0213741 0.0185518 0.0159643 0.0136338 0.0115402 0.00965287
 1.03002e-16 2.79732e-05 0.000164168 0.000780352 0.00300435 0.00936876 0.0236648 0.048422 0.0802675 0.107805 0.117334 0.103546 0.0742281 0.0435359 0.0215337 0.010179 0.00646218 0.00682245 0.00906763 0.0122027 0.015757 0.0193722 0.0226817 0.0253331 0.0270547 0.0277115 0.0273274 0.0260645 0.0241699 0.0219099 0.0195138 0.0171427 0.0148868 0.012782 0.0108345 0.00904276
 1.02886e-16 2.68545e-05 0.000157597 0.000749106 0.00288404 0.00899355 0.0227171 0.0464832 0.0770549 0.103494 0.112652 0.0994388 0.0713376 0.0419485 0.0209486 0.0102359 0.006939 0.00765117 0.0102661 0.0138074 0.0177801 0.0217782 0.0253787 0.0281781 0.0298719 0.03032 0.0295717 0.0278392 0.0254329 0.0226812 0.0198628 0.0171682 0.0146956 0.0124715 0.0104823 0.00870221
 1.03753e-16 2.16057e-05 0.000126774 0.000602555 0.00231975 0.00723382 0.0182723 0.0373894 0.0619842 0.0832643 0.0906642 0.0801059 0.057634 0.0342245 0.0177121 0.00968498 0.00789564 0.0096514 0.0132703 0.0179251 0.0231118 0.0283388 0.033065 0.036768 0.0390498 0.0397222 0.0388399 0.0366677 0.0335982 0.0300501 0.0263817 0.0228416 0.0195632 0.0165901 0.013915 0.0115142
 1.04849e-16 2.20078e-05 0.00012914 0.000613818 0.00236314 0.00736913 0.018614 0.0380881 0.0631407 0.0848123 0.0923353 0.0815478 0.0585964 0.0346458 0.0176559 0.00921987 0.00702629 0.00832128 0.0114019 0.015466 0.0200734 0.0248239 0.029277 0.0329977 0.0356382 0.0370074 0.0370988 0.0360683 0.0341746 0.0317044 0.0289096 0.0259744 0.0230135 0.0200915 0.01725 0.0145285
 1.035e-16 2.88374e-05 0.000169244 0.000804491 0.00309731 0.00965863 0.024397 0.0499199 0.0827494 0.111135 0.12095 0.106717 0.0764579 0.0447561 0.0219742 0.0101152 0.00606088 0.00613024 0.00806343 0.0108504 0.0140398 0.0173125 0.0203493 0.0228437 0.0245572 0.0253669 0.025285 0.0244402 0.023032 0.0212746 0.01935 0.0173837 0.0154442 0.013559 0.0117377 0.0099896
 1.0179e-16 3.02149e-05 0.000177327 0.000842913 0.00324523 0.0101199 0.0255622 0.0523042 0.0867024 0.116446 0.126735 0.111833 0.080149 0.046968 0.0231538 0.010811 0.00667574 0.00688727 0.00906279 0.0121147 0.0155262 0.0189094 0.0218762 0.0240648 0.0252107 0.0252064 0.0241231 0.0221841 0.0197025 0.017004 0.014361 0.0119546 0.00986967 0.00811402 0.00664986 0.0054234
 1.00811e-16 3.45497e-05 0.000202783 0.000963946 0.00371126 0.0115732 0.029233 0.0598146 0.0991488 0.133153 0.144893 0.127796 0.0914604 0.0533355 0.0258064 0.011233 0.00583526 0.0051635 0.00648662 0.00859776 0.0109936 0.0133634 0.0154219 0.0169084 0.0176335 0.0175217 0.0166274 0.0151157 0.0132179 0.0111757 0.00919274 0.00740683 0.00588468 0.00463506 0.00363054 0.00282875
 1.00634e-16 3.40139e-05 0.000199635 0.000948978 0.00365362 0.0113935 0.0287791 0.0588858 0.0976099 0.131088 0.142651 0.125831 0.0900804 0.0525837 0.0255416 0.0112862 0.00610459 0.00562152 0.00714665 0.00948055 0.0121053 0.0146832 0.0168974 0.0184578 0.0191564 0.0189142 0.0177992 0.0160041 0.0137962 0.011453 0.00920785 0.00721734 0.00555531 0.00422758 0.00319698 0.00240812
 1.01188e-16 2.80821e-05 0.000164801 0.00078335 0.00301587 0.00940466 0.0237556 0.0486082 0.0805779 0.108227 0.117807 0.103996 0.0746233 0.0439122 0.0219864 0.0108342 0.00745347 0.00827793 0.011093 0.0148556 0.0190164 0.0231124 0.0266628 0.0292167 0.0304456 0.0302185 0.0286296 0.0259659 0.0226299 0.0190431 0.0155621 0.0124293 0.009764 0.00758425 0.00584409 0.00447018
 1.02001e-16 2.86058e-05 0.00016788 0.000798 0.0030723 0.00958064 0.0242 0.0495172 0.082083 0.110243 0.119989 0.10589 0.0759132 0.0445325 0.0220413 0.0104424 0.00665759 0.00704387 0.00935504 0.012566 0.0161844 0.019831 0.0231171 0.0256718 0.027212 0.0276029 0.0268813 0.025234 0.0229409 0.0203035 0.0175838 0.0149689 0.0125648 0.0104127 0.00851418 0.00685448
 1.0238e-16 2.80474e-05 0.000164601 0.000782409 0.00301227 0.00939343 0.0237272 0.0485497 0.0804797 0.108091 0.11765 0.103835 0.0744575 0.0437148 0.0217039 0.0103947 0.00677511 0.00727736 0.00969877 0.0130277 0.016768 0.0205284 0.0239062 0.0265185 0.0280762 0.0284462 0.0276753 0.0259656 0.0236137 0.0209346 0.0181972 0.0155878 0.0132049 0.0110783 0.00919746 0.0075381
 1.01962e-16 3.15276e-05 0.000185038 0.000879583 0.00338643 0.0105603 0.0266744 0.0545796 0.0904724 0.121504 0.132226 0.116647 0.0835301 0.0488099 0.023803 0.0106821 0.00601887 0.00577133 0.00745751 0.00997265 0.0128367 0.0157283 0.0183367 0.0203695 0.0216053 0.0219404 0.0214073 0.0201561 0.0184085 0.0164009 0.0143353 0.0123522 0.0105265 0.00888235 0.00741431 0.00610714
 1.01937e-16 2.87817e-05 0.000168912 0.000802901 0.00309116 0.00963946 0.0243486 0.0498214 0.0825876 0.110922 0.120731 0.106553 0.0764036 0.0448516 0.0222569 0.0106388 0.00690321 0.00738446 0.00981657 0.0131548 0.0168833 0.0205947 0.0238726 0.0263252 0.0276628 0.027762 0.02669 0.0246769 0.0220506 0.0191554 0.0162819 0.0136273 0.0112893 0.0092861 0.00758846 0.00614948
 1.02244e-16 2.86266e-05 0.000168003 0.000798582 0.00307454 0.00958763 0.0242177 0.0495533 0.0821428 0.110324 0.120076 0.105966 0.0759656 0.0445592 0.0220469 0.0104322 0.00663347 0.00700431 0.00929624 0.0124834 0.0160742 0.0196911 0.0229482 0.0254784 0.0270031 0.0273915 0.0266841 0.0250695 0.0228277 0.020258 0.0176176 0.0150872 0.0127652 0.0106853 0.00884263 0.00721824
 1.02051e-16 3.0713e-05 0.000180255 0.000856837 0.00329885 0.0102871 0.0259845 0.0531682 0.0881334 0.118365 0.128815 0.113649 0.0814076 0.0476194 0.0233155 0.0106212 0.00620579 0.00613842 0.00800226 0.0107139 0.0137886 0.0168876 0.0196775 0.0218438 0.0231488 0.0234824 0.0228813 0.0215094 0.0196075 0.017432 0.0152016 0.0130681 0.0111117 0.00935727 0.00779718 0.00641316
 1.02076e-16 2.86125e-05 0.000167918 0.00079818 0.00307299 0.00958278 0.0242054 0.0495284 0.0821019 0.11027 0.12002 0.105925 0.075953 0.0445855 0.0221221 0.0105702 0.00685425 0.00733103 0.0097494 0.0130731 0.0167924 0.0205057 0.0238019 0.0262932 0.0276911 0.0278698 0.0268903 0.0249738 0.0224381 0.0196176 0.0167956 0.0141655 0.0118247 0.00979458 0.00805121 0.00655429
 1.04099e-16 1.6849e-05 9.88404e-05 0.000469739 0.00180835 0.005639 0.014244 0.0291479 0.0483263 0.0649323 0.0707419 0.0625962 0.0452379 0.0272687 0.0148575 0.00931651 0.00896828 0.011769 0.0164188 0.0222169 0.028635 0.0350827 0.0408883 0.0454006 0.0481242 0.0488269 0.0475812 0.0447237 0.0407523 0.0361991 0.0315208 0.0270365 0.0229197 0.0192278 0.015951 0.013055
pSPR Fmed_Fpbrs
0.63325   0.386582 0.386582
Fs Fmed_Fpbrs
0.356831   1.005 1.005
SSBpbr Bo_Bmed_Bpbrs
1.13427e+06  661564  381776 381776
Ro
47098.7
SPR SPRFo_SPRFmed_SPRFpbrs
967302 612544 373942
log_Ro
10.58
likeval ReclasPelacesDesembMPH_pf_preclas_ppelaces_ptallas_desvR_qrecl_qpela
 60.5685 20.1713 0.0201368 0.000228916 313.244 194.503 76.5329 0 15.624 4.75918e-05 2.31924e-05 0 0 0 0
q_reclas_q_pelaces
0.376224 1.98407
M
0.7
N
 49410.3 12768.6 4202.4 488.658 0.309317
 60772.4 22278.3 3780.69 1066.91 122.821
 38671.7 27996 7400.34 1114.29 347.736
 58454.5 17258.8 7846.86 1749.71 341.568
 95796.2 28474.1 7730.75 3408.69 906.506
 72186.8 47393.8 13860 3740.69 2087.13
 109521 34528.5 19255.3 5304.74 2221.13
 101308 53159.7 15174.1 8160.05 3181.17
 120477 47992.6 20510.5 5431.2 4037.9
 122324 56665.5 17818.6 6984.08 3204.62
 65519 58090.8 22152.4 6487.46 3690.96
 42691.3 29635.4 17495.2 5749.51 2614.09
 42892.5 19477.4 9347.53 4821.4 2283.04
 23003.5 18605.1 4687.1 1813.36 1357.41
 16146.3 8812.02 2301.14 383.395 251.864
 17935.9 6054.03 971.663 162.174 43.3727
 14243.8 7949.97 1635.73 219.058 45.755
 16289.2 6543.29 2601.4 472.792 75.8795
 18586 7691.64 2481.01 910.311 190.924
 31508.6 8856.83 3062.87 925.162 408.763
 39061.5 15002.6 3511.51 1135.69 492.28
 52087.8 19018.2 6702.64 1520.25 703.242
 84804.6 25221.3 8249.92 2792.94 923.887
 103650 40874.9 10674.9 3329.7 1495.12
 44856.5 50015.6 17407.3 4343.05 1956.64
pred_Ctot
 3288.49 3818.57 1534.46 180.516 0.114335
 3174.71 5428.12 1138.62 325.344 37.4781
 2834.24 9060.32 2907.75 442.783 138.262
 802.484 1223.33 712.129 161.169 31.4874
 256.709 405.755 142.557 63.8455 16.9931
 1913.53 6270.1 2319.67 634.907 354.512
 1778.92 2876.37 2048.85 572.806 240.025
 3362.45 8651.64 3104.97 1692.62 660.339
 4593.25 8856.11 4737.33 1271.26 945.802
 3852.6 8790.44 3480.8 1383.16 635.12
 4223.03 16916.4 7890.35 2338.04 1331.03
 2506.72 7980.03 5790.45 1926.06 876.271
 3933.03 7522.07 4318.24 2250.31 1066.15
 3838.47 10843.4 3100.35 1207.78 904.431
 2890.65 5351.2 1574.49 264.026 173.505
 1394.69 2054.9 398.954 67.324 18.016
 770.954 1997.09 507.073 68.7511 14.3695
 577.117 1130.05 563.717 103.843 16.6779
 541.071 1109.87 451.799 168.085 35.2792
 935.054 1300.83 567.427 173.783 76.8387
 549.707 1089.09 326.272 107.1 46.4606
 935.08 1743.07 783.396 180.296 83.4663
 1795.76 2703.4 1124.25 386.118 127.823
 2111.21 4223.43 1403.38 444.101 199.565
 872.719 4948.27 2193.07 555.148 250.299
F
 0.0965441 0.517085 0.670894 0.681565 0.682136
 0.0750733 0.402089 0.521692 0.529989 0.530433
 0.106787 0.571948 0.742077 0.753879 0.75451
 0.0192522 0.103114 0.133786 0.135913 0.136027
 0.00373233 0.0199902 0.0259364 0.0263489 0.0263709
 0.0374731 0.200704 0.260404 0.264546 0.264767
 0.0228141 0.122191 0.158537 0.161059 0.161194
 0.0471186 0.252365 0.327432 0.33264 0.332918
 0.0542952 0.290802 0.377302 0.383303 0.383624
 0.044664 0.239218 0.310374 0.31531 0.315575
 0.0933694 0.500081 0.648833 0.659152 0.659704
 0.0847391 0.453858 0.58886 0.598226 0.598727
 0.13526 0.724443 0.939933 0.954882 0.955682
 0.259531 1.39003 1.8035 1.83219 1.83372
 0.280971 1.50486 1.95249 1.98354 1.98521
 0.113637 0.608631 0.789671 0.802231 0.802903
 0.0778794 0.417118 0.541191 0.549799 0.550259
 0.050369 0.269774 0.350019 0.355586 0.355884
 0.0412217 0.220781 0.286453 0.291009 0.291253
 0.0420359 0.225142 0.292111 0.296757 0.297006
 0.0197396 0.105724 0.137172 0.139354 0.139471
 0.0252418 0.135194 0.175408 0.178197 0.178347
 0.0298341 0.15979 0.20732 0.210617 0.210794
 0.0286833 0.153626 0.199323 0.202493 0.202663
 0.0273821 0.146657 0.190281 0.193307 0.193469
nmprior
 10.6 11 7 0
nm_flota  nm_reclas  nm_pelaces    nm_pelaL
inf 15.7777 19.863 48.6921
cv_recla  cv_pelaces  cv_mph
0.703961 0.50926 0.490881
 ------------------------------------------------
Talla a la edad & desviación 
 7.2 14.2025 17.0495 18.207 18.6776
 1.08 2.13037 2.55742 2.73105 2.80164
