years
 1997 1998 1999 2000 2001 2002 2003 2004 2005 2006 2007 2008 2009 2010 2011 2012 2013 2014 2015 2016 2017 2018 2019 2020 2021
reclasobs
 0 0 0 370054 412103 1.49427e+06 250295 1.28982e+06 931140 785840 897777 1.04006e+06 184774 17550 25797 100020 73551 82996 120727 218422 84188 347160 605670 569463 516374
reclaspred
 562454 113593 178953 126545 262512 283782 633153 482092 668256 887114 743387 493560 314046 137833 87289.3 83777.2 97676.5 121264 113522 181388 286309 255986 439493 521306 434302
pelacesobs
 0 0 0 0 0 0 0 0 0 2.06254e+06 1.5e+06 0 1.87456e+06 323000 250000 174000 83755 137374 0 501740 490994 745055 786931 1.00524e+06 1.33801e+06
pelacespred
 676661 167107 119308 151792 285725 245066 704279 572685 770656 1.01603e+06 775239 535795 343495 121665 75905.6 78708.3 96168 122194 116695 180930 323076 281653 381427 535979 455053
mphobs
 0 0 0 0 0 112323 0 153150 637223 0 255016 313432 73983 77613 109348 50772 0 0 0 0 0 0 0 0 0
mphpred
 237141 103217 79862.7 48929.1 71429.8 147160 190562 234151 232898 312347 422720 306153 182665 99249 43302.2 34257.4 39747.8 50431.9 56829.7 59319.8 104453 131331 158646 223955 262747
desembarqueobs
 350755 77701 442110 56441 14545 235359 269955 359681 431902 328805 639364 411747 362871 311530 167758 66681 60226 58785 57116 73181 50977 67692 138656 160484 209506
desembarquepred
 350734 77671.9 441675 56429.5 14544.7 235335 269941 359432 431684 328662 638970 411608 362639 311376 167555 66657.4 60225.3 58765.1 57091.8 73147.2 50970.1 67668.6 138619 160447 209459
Reclutas
 21849 38588.1 8668.92 29951.4 60264.3 30703 64739.4 78523 120537 183391 63931.8 33864.9 47879.2 22216.4 15208.8 16803.7 12057.5 12320.7 11828 30570.4 35837.1 41326.7 71991.2 69388.7 7751.13
log_desv_Rt
 -0.40809 0.1607 -1.3325 -0.0926673 0.606495 -0.0678851 0.678126 0.871147 1.29971 1.71937 0.665572 0.0301358 0.376437 -0.391416 -0.77037 -0.670643 -1.00256 -0.98096 -1.02177 -0.0722114 0.0867403 0.229264 0.784299 0.747479 -1.44441
SSB
 722712 314566 243390 149117 217690 448487 580757 713601 709781 951910 1.28829e+06 933034 556693 302472 131968 104403 121136 153697 173195 180784 318332 400246 483491 682528 800751
BT
 1.45203e+06 445171 445519 332195 523434 622312 1.44942e+06 1.42264e+06 1.77239e+06 2.12764e+06 1.94724e+06 1.3311e+06 971778 515808 276345 195819 221088 266111 258499 383874 619226 568307 778876 1.09111e+06 987686
Ftot
 0.386932 0.570461 1.33823 0.476252 0.0617438 0.495348 0.371531 0.686678 0.667373 0.373668 0.526961 0.480148 0.81938 1.41243 1.51781 0.646168 0.480679 0.358631 0.333532 0.384071 0.143319 0.181157 0.22581 0.218945 0.248667
BD_Bspro_t
 0.945277 0.691421 0.532393 0.263481 0.473166 0.698671 0.611306 0.62381 0.587592 0.610276 0.649737 0.497218 0.376628 0.279575 0.16347 0.162797 0.243129 0.368052 0.453798 0.523513 0.680249 0.775865 0.777336 0.78147 0.762056
BD_Bspro
 1.0709 0.466118 0.360651 0.220958 0.322569 0.664559 0.860555 1.0574 1.05174 1.41052 1.90896 1.38255 0.824896 0.448197 0.195548 0.154702 0.179496 0.227745 0.256637 0.267882 0.471698 0.593077 0.716427 1.01136 1.18654
BD_Bo
 0.783481 0.341017 0.263856 0.161655 0.235995 0.486198 0.62959 0.773604 0.769463 1.03195 1.39661 1.01149 0.603502 0.327906 0.143065 0.113182 0.131321 0.16662 0.187758 0.195985 0.345099 0.433901 0.524145 0.739919 0.868082
BD_Brms
 2.61596 1.13862 0.880987 0.53975 0.787962 1.62336 2.10214 2.58298 2.56916 3.44558 4.66314 3.37725 2.01503 1.09484 0.477678 0.377902 0.438468 0.556328 0.626904 0.654373 1.15225 1.44875 1.75007 2.47051 2.89843
S_f
 0.148135 1 1 1 1
 0.148135 1 1 1 1
 0.148135 1 1 1 1
 0.148135 1 1 1 1
 0.148135 1 1 1 1
 0.148135 1 1 1 1
 0.148135 1 1 1 1
 0.148135 1 1 1 1
 0.148135 1 1 1 1
 0.148135 1 1 1 1
 0.148135 1 1 1 1
 0.148135 1 1 1 1
 0.148135 1 1 1 1
 0.148135 1 1 1 1
 0.148135 1 1 1 1
 0.148135 1 1 1 1
 0.148135 1 1 1 1
 0.148135 1 1 1 1
 0.148135 1 1 1 1
 0.148135 1 1 1 1
 0.148135 1 1 1 1
 0.148135 1 1 1 1
 0.148135 1 1 1 1
 0.148135 1 1 1 1
 0.148135 1 1 1 1
Scru_reclas
 1 1 1 1 1
 1 1 1 1 1
 1 1 1 1 1
 1 1 1 1 1
 1 1 1 1 1
 1 1 1 1 1
 1 1 1 1 1
 1 1 1 1 1
 1 1 1 1 1
 1 1 1 1 1
 1 1 1 1 1
 1 1 1 1 1
 1 1 1 1 1
 1 1 1 1 1
 1 1 1 1 1
 1 1 1 1 1
 1 1 1 1 1
 1 1 1 1 1
 1 1 1 1 1
 1 1 1 1 1
 1 1 1 1 1
 1 1 1 1 1
 1 1 1 1 1
 1 1 1 1 1
 1 1 1 1 1
Scru_pelaces
 1 1 1 1 1
 1 1 1 1 1
 1 1 1 1 1
 1 1 1 1 1
 1 1 1 1 1
 1 1 1 1 1
 1 1 1 1 1
 1 1 1 1 1
 1 1 1 1 1
 1 1 1 1 1
 1 1 1 1 1
 1 1 1 1 1
 1 1 1 1 1
 1 1 1 1 1
 1 1 1 1 1
 1 1 1 1 1
 1 1 1 1 1
 1 1 1 1 1
 1 1 1 1 1
 1 1 1 1 1
 1 1 1 1 1
 1 1 1 1 1
 1 1 1 1 1
 1 1 1 1 1
 1 1 1 1 1
pf_obs 
 0.256992 0.487395 0.22802 0.0275931 0
 0.321318 0.546541 0.124235 0.00734118 0.000564706
 0.182869 0.594174 0.210203 0.0122559 0.00049798
 0.330522 0.361315 0.267642 0.0388342 0.00168674
 0.649043 0.306663 0.0425973 0.00169635 0
 0.582887 0.30429 0.105238 0.00758474 0
 0.465427 0.430635 0.0974691 0.00646863 0
 0.296916 0.608066 0.0921331 0.00288517 0
 0.311714 0.524322 0.152257 0.0117073 0
 0.15457 0.633149 0.183074 0.0267441 0.00246327
 0.131901 0.49318 0.331252 0.0422183 0.00144891
 0.196976 0.569456 0.194076 0.0375587 0.00193317
 0.518974 0.381816 0.0799577 0.0180837 0.00116848
 0.0928022 0.601141 0.25162 0.0475244 0.00691264
 0.122501 0.610282 0.24278 0.0234846 0.000952079
 0.383417 0.481906 0.127806 0.00687128 0
 0.0376549 0.599619 0.316969 0.0457579 0
 0.0361596 0.667082 0.258105 0.0386534 0
 0.158088 0.579412 0.248529 0.0139706 0
 0.0477256 0.309471 0.559284 0.082774 0.000745712
 0.0406174 0.521527 0.379366 0.0568643 0.0016247
 0.151134 0.462217 0.34131 0.0453401 0
 0.294876 0.26143 0.354403 0.0886775 0.000613685
 0.281977 0.475581 0.204845 0.0348837 0.00271318
 0.0354234 0.537034 0.353287 0.0723622 0.0018943
pf_pred 
 0.120441 0.593617 0.252838 0.0330966 6.98635e-06
 0.264926 0.387942 0.234281 0.0997869 0.0130649
 0.0792907 0.703125 0.114832 0.0693478 0.0334045
 0.446045 0.29932 0.194459 0.0317584 0.0284176
 0.365266 0.554155 0.0435396 0.0282863 0.0087533
 0.127748 0.697837 0.152273 0.011964 0.0101779
 0.30177 0.389714 0.246825 0.053859 0.00783159
 0.274353 0.56439 0.0900048 0.0570043 0.0142475
 0.333962 0.521334 0.112547 0.0179482 0.0142086
 0.321327 0.560223 0.0927154 0.0200157 0.00571886
 0.0951749 0.717812 0.154373 0.0255484 0.00709134
 0.0886908 0.437192 0.376125 0.0808897 0.0171028
 0.214433 0.35697 0.205615 0.176895 0.0460867
 0.153693 0.623111 0.101423 0.0584195 0.0633536
 0.227685 0.557017 0.158518 0.0258016 0.0309787
 0.297327 0.574115 0.0927202 0.0263866 0.00945158
 0.182473 0.652269 0.135023 0.0218063 0.00842858
 0.196589 0.527388 0.220227 0.0455879 0.0102083
 0.184397 0.540869 0.180345 0.0753084 0.01908
 0.374163 0.402022 0.148424 0.0494896 0.0259017
 0.244659 0.626713 0.0826275 0.0305055 0.0154952
 0.208426 0.554759 0.196487 0.0259054 0.0144222
 0.276781 0.47721 0.172411 0.0610655 0.0125332
 0.193051 0.599078 0.137162 0.0495552 0.0211541
 0.0236467 0.627092 0.259291 0.059366 0.0306042
pobs_RECLAS
 0 0 0 0 0
 0 0 0 0 0
 0 0 0 0 0
 0 0 0 0 0
 0.835266 0.146461 0.0176864 0.000547809 3.91292e-05
 0.385257 0.428462 0.181853 0.0044286 0
 0.867414 0.0963971 0.0333333 0.00285562 0
 0.441836 0.489002 0.0689373 0.000224442 0
 0.779404 0.147425 0.0564933 0.0165055 0.000172143
 0.814271 0.122319 0.05973 0.00367925 0
 0.40263 0.566651 0.0304383 0.000280538 0
 0.475488 0.404961 0.113038 0.00651328 0
 0.955842 0.0263864 0.0167828 0.000988607 0
 0.975058 0.0227948 0.00214734 0 0
 0.738997 0.206755 0.0527124 0.00153531 0
 0.850938 0.134255 0.0134407 0.00136685 0
 0.542534 0.407297 0.0501686 0 0
 0.764087 0.199537 0.0359546 0.000420521 0
 0.470689 0.182191 0.310203 0.0369168 0
 0.84361 0.089868 0.0606195 0.00523954 0.000663233
 0.607945 0.314616 0.071237 0.00620181 0
 0.523733 0.453247 0.0230204 0 0
 0.530135 0.295979 0.169645 0.0042399 0
 0.562478 0.366248 0.0663022 0.0049721 0
 0.250443 0.683176 0.0655157 0.000865301 0
ppred_RECLAS
 0.486589 0.346503 0.147586 0.019319 4.07803e-06
 0.717069 0.149319 0.0901748 0.0384081 0.00502869
 0.399317 0.458728 0.0749179 0.0452434 0.0217935
 0.848817 0.0816891 0.0530709 0.00866736 0.00775561
 0.7958 0.178277 0.0140071 0.00909998 0.00281602
 0.505664 0.395489 0.0862985 0.00678042 0.00576818
 0.749229 0.139967 0.0886479 0.0193436 0.00281274
 0.728934 0.210829 0.0336214 0.021294 0.00532216
 0.780672 0.171676 0.0370621 0.00591039 0.00467893
 0.766002 0.193158 0.0319671 0.00690117 0.00197179
 0.424206 0.456787 0.0982369 0.0162579 0.00451265
 0.40435 0.285758 0.245843 0.0528711 0.0111787
 0.66322 0.153037 0.0881493 0.0758366 0.0197578
 0.586368 0.304545 0.0495702 0.0285525 0.0309641
 0.700559 0.215966 0.0614603 0.0100038 0.012011
 0.749834 0.204396 0.0330102 0.00939417 0.00336495
 0.608906 0.312037 0.064593 0.0104318 0.00403212
 0.628229 0.244044 0.101908 0.0210954 0.00472378
 0.609123 0.259212 0.0864302 0.0360915 0.00914407
 0.805334 0.125048 0.0461669 0.0153937 0.00805669
 0.687876 0.258972 0.0341435 0.0126055 0.00640295
 0.642315 0.250677 0.088786 0.0117058 0.00651688
 0.723581 0.182393 0.0658966 0.0233396 0.00479028
 0.620582 0.28168 0.064492 0.0233003 0.00994642
 0.142306 0.55088 0.227779 0.052151 0.0268848
pobs_PELACES
 0 0 0 0 0
 0 0 0 0 0
 0 0 0 0 0
 0 0 0 0 0
 0 0 0 0 0
 0 0 0 0 0
 0 0 0 0 0
 0 0 0 0 0
 0 0 0 0 0
 0 0 0 0 0
 0.450072 0.473896 0.0757376 0.000293798 0
 0 0 0 0 0
 0.463077 0.371075 0.160297 0.00555027 0
 0.529543 0.364841 0.0842815 0.0213345 0
 0.631943 0.363953 0.00410389 0 0
 0.735681 0.248677 0.0153453 0.000297389 0
 0.695825 0.281241 0.0229344 0 0
 0.275771 0.60734 0.115278 0.00161068 0
 0 0 0 0 0
 0.896147 0.0623911 0.0374545 0.00400742 0
 0.803859 0.145111 0.0509908 3.86294e-05 0
 0.739449 0.233085 0.0266225 0.000797448 4.60066e-05
 0.878498 0.100942 0.0204185 0.000141795 0
 0.694673 0.275183 0.0284847 0.00165964 0
 0.469039 0.446079 0.0841089 0.000773354 0
ppred_PELACES
 0.513775 0.328155 0.139771 0.018296 3.86209e-06
 0.748445 0.13276 0.0801749 0.0341488 0.00447103
 0.491972 0.38797 0.0633619 0.0382647 0.0184319
 0.865208 0.0728327 0.0473172 0.00772768 0.00691477
 0.798606 0.175827 0.0138146 0.00897493 0.00277732
 0.540389 0.367708 0.0802365 0.00630413 0.005363
 0.768337 0.129302 0.081893 0.0178697 0.00259841
 0.765353 0.182503 0.0291042 0.0184331 0.0046071
 0.811104 0.147857 0.0319198 0.00509034 0.00402974
 0.784302 0.178052 0.0294671 0.00636146 0.00181758
 0.460732 0.42781 0.0920051 0.0152266 0.00422638
 0.437233 0.269982 0.232271 0.0499523 0.0105616
 0.712594 0.1306 0.075226 0.0647184 0.0168612
 0.678312 0.236849 0.0385515 0.0222057 0.0240812
 0.781878 0.157316 0.0447697 0.00728707 0.00874923
 0.782344 0.177835 0.0287205 0.00817339 0.00292767
 0.640571 0.286773 0.0593633 0.00958724 0.00370566
 0.651455 0.228797 0.0955412 0.0197775 0.00442866
 0.631204 0.244568 0.0815475 0.0340526 0.0086275
 0.821705 0.114532 0.0422844 0.0140991 0.00737915
 0.69646 0.251849 0.0332045 0.0122589 0.00622685
 0.653928 0.242538 0.0859033 0.0113257 0.00630529
 0.736095 0.174135 0.0629132 0.0222829 0.00457341
 0.634963 0.271003 0.0620475 0.0224171 0.00956942
 0.151053 0.545261 0.225456 0.0516192 0.0266106
pobs_pel_tallas
 0 0 0 0 0 0 0 0 0 0 0 0 0 0 0 0 0 0 0 0 0 0 0 0 0 0 0 0 0 0 0 0 0 0 0 0
 0 0 0 0 0 0 0 0 0 0 0 0 0 0 0 0 0 0 0 0 0 0 0 0 0 0 0 0 0 0 0 0 0 0 0 0
 0 0 0 0 0 0 0 0 0 0 0 0 0 0 0 0 0 0 0 0 0 0 0 0 0 0 0 0 0 0 0 0 0 0 0 0
 0 0 0 0 0 0 0 0 0 0 0 0 0 0 0 0 0 0 0 0 0 0 0 0 0 0 0 0 0 0 0 0 0 0 0 0
 0 0 0 0 0 0 0 0 0 0 0 0 0 0 0 0 0 0 0 0 0 0 0 0 0 0 0 0 0 0 0 0 0 0 0 0
 0 0 0 0 0 0 0 0 0 0 0 0 0 0 0 0 0 0 0 0 0 0 0 0 0 0 0 0 0 0 0 0 0 0 0 0
 0 0 0 0 0 0 0 0 0 0 0 0 0 0 0 0 0 0 0 0 0 0 0 0 0 0 0 0 0 0 0 0 0 0 0 0
 0 0 0 0 0 0 0 0 0 0 0 0 0 0 0 0 0 0 0 0 0 0 0 0 0 0 0 0 0 0 0 0 0 0 0 0
 0 0 0 0 0 0 0 0 0 0 0 0 0 0 0 0 0 0 0 0 0 0 0 0 0 0 0 0 0 0 0 0 0 0 0 0
 0 0 0 0 0 0 0 0 0 0 0 0 0 0 0 0 0 0 0 0 0 0 0 0 0 0 0 0 0 0 0 0 0 0 0 0
 0 0 0 0 0 0 0 0 1.78061e-05 0.00172719 0.00360574 0.0105946 0.0120993 0.0124554 0.0147524 0.0171206 0.0266825 0.0428682 0.0675386 0.121331 0.153587 0.119568 0.100827 0.0573624 0.0630603 0.0341343 0.0324427 0.0444173 0.0211091 0.0280891 0.0125444 0.00206551 0 0 0 0
 0 0 0 0 0 0 0 0 0 0 0 0 0 0 0 0 0 0 0 0 0 0 0 0 0 0 0 0 0 0 0 0 0 0 0 0
 0 0 0 0 0 0 0.0133647 0.0140871 0.0187388 0.0205184 0.03894 0.0496705 0.03968 0.0493445 0.0407372 0.0367815 0.0215668 0.0243155 0.0234873 0.0199281 0.019796 0.0243948 0.0301388 0.0376714 0.0412746 0.0863199 0.0771752 0.113111 0.0741005 0.0525337 0.0229764 0.00759418 0.00175318 0 0 0
 0 0 0 0 0 0 0 0 0 0 0.00219441 0.00772107 0.0458388 0.0604681 0.0671733 0.0775358 0.0609151 0.0617685 0.073594 0.0568108 0.0755445 0.0548602 0.0670107 0.0636378 0.0643287 0.046367 0.0373049 0.0286899 0.0247887 0.0153202 0.00654259 0.00121912 0.000365735 0 0 0
 0 0 0 0 0 0 0 0 0 0 0 0 0.000112435 0.00938835 0.0111873 0.0202946 0.0414886 0.0713402 0.111592 0.104902 0.108894 0.110636 0.117776 0.105296 0.107544 0.0401394 0.0192827 0.0124803 0.00416011 0.0028671 0.000618394 0 0 0 0 0
 0 0 0 0 0 0 0 0 0 0 0.00291406 0.0102884 0.027416 0.0768956 0.0749926 0.110853 0.0956884 0.0897413 0.0766577 0.0534642 0.0500743 0.0551293 0.0594112 0.0620874 0.0668451 0.0424026 0.0208742 0.0120726 0.0048766 0.00582813 0.00118941 0.000297354 0 0 0 0
 0 0.00264628 0.0354308 0.0461629 0.0458689 0.0383711 0.0214643 0.0164657 0.0346957 0.0420465 0.0363128 0.0245516 0.0311673 0.0291091 0.0169068 0.0133784 0.00837989 0.0085269 0.0148486 0.0160247 0.0276389 0.0546898 0.0760071 0.122758 0.109233 0.0665981 0.0333725 0.0166128 0.00676272 0.00308733 0.000882094 0 0 0 0 0
 0 0 0 0 0 0 0 0.000805153 0.000690131 0.00759144 0.0133425 0.0154129 0.00931677 0.000345066 0.00356568 0.00563607 0.00851162 0.0253048 0.0502646 0.0516448 0.0657925 0.0565908 0.0611916 0.0827007 0.0866115 0.110766 0.145733 0.0935128 0.0569358 0.0249597 0.0138026 0.00621118 0.00161031 0.00115022 0 0
 0 0 0 0 0 0 0 0 0 0 0 0 0 0 0 0 0 0 0 0 0 0 0 0 0 0 0 0 0 0 0 0 0 0 0 0
 0.00147267 0.00158595 0.00478618 0.00569244 0.00954404 0.0108468 0.00647125 0.017049 0.0510054 0.094081 0.124002 0.0959785 0.0687766 0.0820023 0.061753 0.0591476 0.0492212 0.0479892 0.0443925 0.0268479 0.0217502 0.0140895 0.0121071 0.0120363 0.00920419 0.00665534 0.0049561 0.00860946 0.00930331 0.0156896 0.0114698 0.00855282 0.00243557 0.00046729 0 2.83206e-05
 0 0 0 0 0.000772559 0.00158375 0.000888443 0.00281984 0.00712685 0.0440552 0.0773331 0.111326 0.0921469 0.0852325 0.0710754 0.0886704 0.0786465 0.0553345 0.0373146 0.0185414 0.00753245 0.00457741 0.012979 0.0271748 0.0457355 0.0583668 0.034881 0.0177882 0.00938659 0.00492506 0.0015258 0.00185414 0.000309023 5.79419e-05 3.86279e-05 0
 0 0.00173294 0.00326652 0 0.00397197 0.00683976 0.00946217 0.0152591 0.00757587 0.0136028 0.0228656 0.0392903 0.0559909 0.0764795 0.0681675 0.0726916 0.0566044 0.0477403 0.0527397 0.0444891 0.0609904 0.0582453 0.0661739 0.0445044 0.0529084 0.0360697 0.0280645 0.0235558 0.0158879 0.00826598 0.00280645 0.00217768 0.000904811 0.00058276 9.20147e-05 0
 0 0 0 0 0 0 0 0 0 0 0 0 0 0 0 0 0 0 0 0 0 0 0 0 0 0 0 0 0 0 0 0 0 0 0 0
 0 0 0 0 0 0 0 0 0 0 0 0 0 0 0 0 0 0 0 0 0 0 0 0 0 0 0 0 0 0 0 0 0 0 0 0
 0 0 0 0 0 0 0 0 0 0 0 0 0 0 0 0 0 0 0 0 0 0 0 0 0 0 0 0 0 0 0 0 0 0 0 0
ppred_pel_tallas
 1.0272e-16 2.24293e-05 0.00013161 0.000625548 0.00240828 0.0075099 0.0189696 0.0388162 0.0643487 0.0864386 0.0941151 0.0831419 0.05979 0.0354481 0.0182415 0.00980891 0.00780753 0.00943533 0.0129461 0.0174903 0.0225646 0.0276868 0.0323269 0.0359698 0.0382178 0.0388746 0.0379795 0.0357783 0.032647 0.0289958 0.0251852 0.0214782 0.018031 0.0149137 0.012143 0.00971199
 1.02564e-16 3.26539e-05 0.000191656 0.000911053 0.00350762 0.0109382 0.027629 0.0565323 0.0937075 0.125843 0.136934 0.120767 0.0864064 0.0503425 0.0242749 0.0104292 0.00523132 0.00448156 0.0056154 0.00752288 0.00977246 0.0121231 0.0143567 0.0162631 0.0176725 0.0184858 0.018689 0.0183435 0.017559 0.0164602 0.015159 0.0137397 0.0122591 0.0107554 0.00925947 0.0078034
 1.03202e-16 2.14807e-05 0.000126036 0.000599039 0.0023062 0.00719154 0.0181656 0.0371714 0.061624 0.0827846 0.0901526 0.0796792 0.057382 0.0341849 0.0178922 0.0100997 0.0085879 0.0106853 0.0147084 0.0198007 0.0254025 0.0309474 0.0358149 0.039417 0.0413234 0.0413598 0.0396431 0.0365375 0.0325521 0.028215 0.0239655 0.020093 0.0167298 0.0138838 0.0114905 0.00946208
 1.01285e-16 3.77428e-05 0.000221538 0.00105313 0.00405467 0.0126442 0.031938 0.0653484 0.108318 0.145457 0.158256 0.139521 0.0997162 0.0578775 0.0274958 0.0111023 0.00452268 0.00286738 0.00315811 0.00413114 0.00534735 0.00662604 0.00783772 0.00886497 0.00961359 0.010029 0.0101039 0.00987349 0.00940036 0.00875622 0.00800619 0.00720025 0.00637262 0.00554599 0.00473766 0.00396379
 1.00692e-16 3.48427e-05 0.000204503 0.000972121 0.00374273 0.0116714 0.029481 0.0603219 0.0999898 0.134282 0.146123 0.128883 0.0922419 0.0537986 0.026044 0.0113584 0.00592972 0.00526917 0.00661914 0.00875686 0.011167 0.0135272 0.015542 0.016944 0.0175431 0.0172714 0.0161981 0.0145085 0.0124557 0.0103001 0.00825775 0.00647032 0.00499983 0.00384364 0.00295913 0.00228806
 1.01727e-16 2.35912e-05 0.000138428 0.000657955 0.00253305 0.00789897 0.0199524 0.0408273 0.0676832 0.0909189 0.0989966 0.087462 0.0629132 0.0373321 0.0192684 0.0104479 0.0084056 0.010187 0.0139386 0.0187392 0.0240209 0.0292333 0.0337794 0.0370931 0.0387586 0.0386046 0.0367398 0.0335135 0.02942 0.0249789 0.0206317 0.0166813 0.01328 0.0104571 0.00816413 0.00631931
 1.01941e-16 3.35212e-05 0.000196748 0.000935261 0.00360083 0.0112289 0.0283632 0.0580344 0.0961972 0.129186 0.14057 0.123968 0.0886869 0.0516505 0.0248666 0.0106158 0.00522449 0.00437693 0.00543757 0.00726631 0.0094226 0.0116644 0.0137753 0.0155483 0.0168162 0.0174833 0.0175392 0.0170496 0.0161305 0.0149143 0.0135221 0.0120472 0.010554 0.00908489 0.00767051 0.00633776
 1.01322e-16 3.33931e-05 0.000195991 0.000931654 0.00358692 0.0111855 0.0282537 0.0578108 0.0958279 0.128695 0.140046 0.123533 0.0884333 0.0516191 0.0250676 0.0110683 0.00597716 0.00550046 0.00700058 0.00930546 0.011914 0.0145031 0.0167697 0.0184353 0.0192973 0.0192741 0.0184222 0.016915 0.0149946 0.0129125 0.0108788 0.00903223 0.0074373 0.00609879 0.00498633 0.00405737
 1.00865e-16 3.53866e-05 0.000207698 0.000987318 0.00380125 0.0118539 0.0299419 0.0612648 0.101552 0.136378 0.148396 0.130872 0.0936302 0.0545376 0.0262701 0.0112337 0.005546 0.00464258 0.00572666 0.00757393 0.00969349 0.0118028 0.0136512 0.0150101 0.0157123 0.0156886 0.0149816 0.0137297 0.012129 0.0103854 0.00867289 0.00711016 0.00575612 0.00462122 0.00368597 0.00291873
 1.0078e-16 3.42192e-05 0.000200841 0.000954714 0.00367571 0.0114624 0.028953 0.0592417 0.0981996 0.131879 0.143509 0.126582 0.0906036 0.052861 0.025624 0.011234 0.00595151 0.0053722 0.00679087 0.00900746 0.0115136 0.0139872 0.0161291 0.0176657 0.0183989 0.0182507 0.0172803 0.0156635 0.013646 0.0114835 0.00939185 0.00751624 0.00592651 0.00463066 0.00359808 0.00278216
 1.02167e-16 2.01203e-05 0.000118045 0.00056104 0.00215988 0.00673524 0.017013 0.0348135 0.057717 0.077542 0.0844591 0.0746845 0.0538664 0.0322537 0.0171802 0.0101701 0.00917351 0.0117089 0.0162011 0.0218207 0.0279827 0.0340653 0.0393781 0.0432639 0.045239 0.0451036 0.0429829 0.0392808 0.034569 0.029448 0.0244276 0.0198563 0.015909 0.0126186 0.00992925 0.00774791
 1.05596e-16 1.90895e-05 0.000112008 0.000532367 0.00204953 0.00639116 0.0161437 0.0330338 0.054763 0.0735629 0.0800977 0.0707632 0.0508979 0.0301973 0.0155823 0.00845762 0.00684583 0.00838619 0.0116251 0.0158799 0.020766 0.0259137 0.0308987 0.0352847 0.0387003 0.0409055 0.041824 0.0415292 0.0401981 0.0380513 0.0353026 0.0321327 0.0286876 0.025091 0.0214604 0.0179137
 1.04123e-16 3.10904e-05 0.000182477 0.000867419 0.00333962 0.0104143 0.0263056 0.0538246 0.0892195 0.119817 0.130378 0.114989 0.0822808 0.0479561 0.0231573 0.0100074 0.00510903 0.00446954 0.0056538 0.00761118 0.00993608 0.0124028 0.0148054 0.0169436 0.0186518 0.0198285 0.0204483 0.0205517 0.0202201 0.0195441 0.0186007 0.017443 0.0161044 0.0146109 0.0129944 0.0113005
 1.02513e-16 2.95998e-05 0.000173717 0.000825748 0.00317914 0.00991382 0.0250416 0.0512391 0.0849369 0.114075 0.124156 0.10956 0.0785266 0.0460302 0.0227157 0.0106476 0.00663112 0.00688711 0.00908317 0.0121544 0.0155937 0.0190183 0.0220447 0.0243146 0.0255664 0.0256932 0.0247639 0.0229963 0.0206944 0.0181722 0.0156885 0.013411 0.0114128 0.00969361 0.00821242 0.00691744
 1.01347e-16 3.41126e-05 0.000200218 0.000951753 0.00366432 0.0114268 0.0288633 0.0590579 0.0978944 0.131467 0.143057 0.126173 0.0902892 0.0526338 0.0254326 0.0110131 0.00564172 0.00492585 0.0061735 0.00820251 0.0105303 0.0128678 0.0149516 0.0165378 0.0174449 0.0175919 0.0170139 0.0158457 0.0142825 0.0125311 0.0107674 0.00911241 0.00762896 0.006333 0.0052127 0.00424585
 1.00884e-16 3.41337e-05 0.00020034 0.00095233 0.00366653 0.0114337 0.0288807 0.0590938 0.0979544 0.131549 0.143151 0.126266 0.0903779 0.0527302 0.0255621 0.0112096 0.0059426 0.00536816 0.00678805 0.00900551 0.0115137 0.0139915 0.0161408 0.0176887 0.0184377 0.01831 0.0173642 0.0157753 0.013787 0.0116532 0.0095871 0.00773194 0.00615567 0.00486517 0.00382947 0.00300247
 1.01439e-16 2.79563e-05 0.000164063 0.000779841 0.00300237 0.00936254 0.0236492 0.0483905 0.0802168 0.107742 0.117278 0.103527 0.0742809 0.0437001 0.0218609 0.0107409 0.00735066 0.00813966 0.0109052 0.0146134 0.0187244 0.0227864 0.0263302 0.0289147 0.0302168 0.0301037 0.0286614 0.0261627 0.0229925 0.019555 0.0161926 0.0131387 0.0105095 0.00832526 0.00654651 0.00510862
 1.02318e-16 2.84286e-05 0.000166841 0.00079306 0.00305328 0.00952134 0.0240502 0.0492106 0.0815746 0.10956 0.119243 0.10523 0.0754321 0.0442356 0.0218676 0.0103162 0.0065209 0.00686128 0.00910775 0.0122477 0.015802 0.019406 0.0226868 0.025286 0.0269274 0.0274736 0.02695 0.0255236 0.0234507 0.0210095 0.0184433 0.0159272 0.0135639 0.0113982 0.009441 0.00769002
 1.02811e-16 2.75462e-05 0.000161659 0.000768421 0.00295841 0.00922548 0.0233029 0.0476817 0.0790409 0.106159 0.115547 0.101981 0.073131 0.0429423 0.0213324 0.0102376 0.00670207 0.00722446 0.00964457 0.0129719 0.0167221 0.0205127 0.0239487 0.0266528 0.0283375 0.0288658 0.0282755 0.0267546 0.0245829 0.0220588 0.0194371 0.0168945 0.0145258 0.0123624 0.0104009 0.00862704
 1.01467e-16 3.58475e-05 0.000210407 0.0010002 0.00385088 0.0120086 0.0303328 0.0620643 0.102876 0.138153 0.15032 0.13255 0.0947901 0.0551312 0.026403 0.0110295 0.00506535 0.00387977 0.00464416 0.00613871 0.00790441 0.00970806 0.0113551 0.012667 0.0135077 0.0138107 0.0135903 0.0129306 0.0119585 0.0108099 0.00960127 0.00841383 0.00729205 0.00625221 0.00529534 0.00441834
 1.01266e-16 3.03918e-05 0.000178365 0.000847843 0.0032642 0.0101791 0.0257117 0.0526102 0.0872099 0.117129 0.12748 0.112497 0.0806394 0.0472836 0.0233614 0.0109941 0.00690202 0.0072028 0.00949599 0.0126776 0.0162112 0.0196846 0.0226839 0.0248252 0.0258319 0.0255982 0.0242125 0.0219276 0.0190936 0.016073 0.0131688 0.0105817 0.00840407 0.00663988 0.00523893 0.00412999
 1.01983e-16 2.8537e-05 0.000167476 0.000796076 0.00306489 0.00955753 0.0241417 0.0493978 0.0818853 0.109978 0.119701 0.10564 0.0757398 0.0444434 0.0220207 0.0104714 0.00672691 0.00715381 0.00951052 0.0127711 0.0164386 0.0201262 0.0234372 0.0259936 0.0275087 0.0278478 0.0270532 0.0253207 0.022941 0.0202263 0.0174468 0.0147941 0.0123749 0.0102276 0.00834877 0.00671803
 1.0193e-16 3.2117e-05 0.0001885 0.000896043 0.00344981 0.0107579 0.0271737 0.055601 0.092165 0.123776 0.134694 0.118814 0.0850592 0.0496583 0.0241327 0.0106878 0.00582344 0.00541697 0.00694018 0.00927583 0.0119522 0.014667 0.0171329 0.0190792 0.0202993 0.0206931 0.0202847 0.0192054 0.0176526 0.0158383 0.0139447 0.0120999 0.0103748 0.00879593 0.00736452 0.00607372
 1.02187e-16 2.77111e-05 0.000162625 0.000773008 0.00297606 0.00928052 0.023442 0.0479664 0.0795135 0.106796 0.116245 0.102609 0.0736082 0.0432757 0.021596 0.010525 0.00709579 0.0077881 0.0104222 0.0139835 0.0179542 0.0219094 0.025409 0.0280377 0.029488 0.0296283 0.0285284 0.0264306 0.0236806 0.0206408 0.0176169 0.0148159 0.01234 0.0102081 0.00838941 0.00683594
 1.06396e-16 6.62182e-06 3.87861e-05 0.000184207 0.000708934 0.0022105 0.00558411 0.01143 0.0189626 0.0255148 0.0278933 0.0249087 0.018496 0.012139 0.00840895 0.00800504 0.0104586 0.0151134 0.0215014 0.0292296 0.0377813 0.0464383 0.0543428 0.0606486 0.0646994 0.0661677 0.06511 0.0619175 0.0571898 0.0515761 0.0456404 0.0397852 0.0342422 0.0291099 0.0244115 0.0201446
pSPR Fmed_Fpbrs
0.556616   0.3495 0.3495
Fs Fmed_Fpbrs
0.426328   1.005 1.005
SSBpbr Bo_Bmed_Bpbrs
922437  467321  276270 276270
Ro
32859.6
SPR SPRFo_SPRFmed_SPRFpbrs
674864 375640 235865
log_Ro
10.22
likeval ReclasPelacesDesembMPH_pf_preclas_ppelaces_ptallas_desvR_qrecl_qpela
 81.6703 61.655 0.0282497 0.000170626 318.067 191.435 78.8103 0 22.6835 2.3506e-05 0 0 0 0 0
q_reclas_q_pelaces
0.503071 1
M
0.7
N
 21849 18346.4 7814.26 1022.89 0.215921
 38588.1 10245.5 6187.31 2635.36 345.041
 8668.92 17609.5 2875.93 1736.79 836.604
 29951.4 3530.74 2293.81 374.617 335.21
 60264.3 13860.3 1088.99 707.486 218.934
 30703 29653.9 6470.7 508.399 432.501
 64739.4 14167.9 8973.23 1958.03 284.715
 78523 30427.1 4852.29 3073.19 768.102
 120537 35222 7603.85 1212.61 959.953
 183391 54222.6 8973.7 1937.27 553.515
 63931.8 86165.1 18530.7 3066.79 851.234
 33864.9 29363.6 25262.1 5432.88 1148.69
 47879.2 15662.3 9021.48 7761.35 2022.08
 22216.4 21058.5 3427.65 1974.33 2141.08
 15208.8 8949.51 2546.88 414.551 497.731
 16803.7 6031.73 974.132 277.222 99.2997
 12057.5 7582.8 1569.67 253.504 97.9843
 12320.7 5576.06 2328.45 482 107.932
 11828 5801.75 1934.51 807.811 204.665
 30570.4 5590.47 2063.96 688.197 360.187
 35837.1 14341.2 1890.79 698.065 354.58
 41326.7 17422.4 6170.75 813.568 452.932
 71991.2 19978.8 7218.14 2556.56 524.715
 69388.7 34573.7 7915.82 2859.9 1220.83
 7751.13 33357.8 13792.8 3157.94 1627.97
pred_Ctot
 878.217 4328.45 1843.61 241.329 0.0509421
 2259.77 3309.07 1998.37 851.163 111.441
 1133.98 10055.7 1642.27 991.779 477.735
 1473.26 988.634 642.285 104.896 93.8614
 394.806 598.97 47.0607 30.5739 9.46119
 1568.84 8569.99 1870.04 146.927 124.993
 2501.12 3230.01 2045.72 446.391 64.9093
 5493.95 11302 1802.36 1141.52 285.308
 8206.61 12811 2765.69 441.051 349.156
 7124.79 12421.8 2055.78 443.809 126.804
 3468.15 26156.9 5625.32 930.976 258.407
 1678.96 8276.27 7120.24 1531.28 323.765
 3963.41 6597.96 3800.43 3269.58 851.83
 3052.94 12377.4 2014.64 1160.43 1258.45
 2231.06 5458.13 1553.3 252.827 303.557
 1109.22 2141.81 345.905 98.439 35.2604
 598.43 2139.15 442.814 71.515 27.642
 459.851 1233.64 515.145 106.637 23.8787
 411.235 1206.22 402.197 167.949 42.5513
 1219.91 1310.75 483.917 161.355 84.4495
 542.067 1388.55 183.07 67.5879 34.3311
 788.186 2097.88 743.039 97.9642 54.5389
 1706.49 2942.23 1063 376.498 77.2734
 1595.5 4951.18 1133.6 409.557 174.831
 202.031 5357.72 2215.32 507.208 261.474
F
 0.057318 0.386932 0.386932 0.386932 0.386932
 0.084505 0.570461 0.570461 0.570461 0.570461
 0.198238 1.33823 1.33823 1.33823 1.33823
 0.0705493 0.476252 0.476252 0.476252 0.476252
 0.0091464 0.0617438 0.0617438 0.0617438 0.0617438
 0.0733781 0.495348 0.495348 0.495348 0.495348
 0.0550366 0.371531 0.371531 0.371531 0.371531
 0.101721 0.686678 0.686678 0.686678 0.686678
 0.0988611 0.667373 0.667373 0.667373 0.667373
 0.0553531 0.373668 0.373668 0.373668 0.373668
 0.0780611 0.526961 0.526961 0.526961 0.526961
 0.0711265 0.480148 0.480148 0.480148 0.480148
 0.121379 0.81938 0.81938 0.81938 0.81938
 0.20923 1.41243 1.41243 1.41243 1.41243
 0.22484 1.51781 1.51781 1.51781 1.51781
 0.0957198 0.646168 0.646168 0.646168 0.646168
 0.0712052 0.480679 0.480679 0.480679 0.480679
 0.0531256 0.358631 0.358631 0.358631 0.358631
 0.0494076 0.333532 0.333532 0.333532 0.333532
 0.0568942 0.384071 0.384071 0.384071 0.384071
 0.0212305 0.143319 0.143319 0.143319 0.143319
 0.0268356 0.181157 0.181157 0.181157 0.181157
 0.0334502 0.22581 0.22581 0.22581 0.22581
 0.0324333 0.218945 0.218945 0.218945 0.218945
 0.0368362 0.248667 0.248667 0.248667 0.248667
nmprior
 10.6 11 7 0
nm_flota  nm_reclas  nm_pelaces    nm_pelaL
inf 23.9132 20.3904 50.3794
cv_recla  cv_pelaces  cv_mph
0.817442 0.890341 0.423799
 ------------------------------------------------
Talla a la edad & desviación 
 7.2 14.2025 17.0495 18.207 18.6776
 1.08 2.13037 2.55742 2.73105 2.80164
