    unsorted:	 2.324963688e-06 2.100489644e-06 7.092082951e-07 5.701356723e-05 0.0008999963612 0.007292891301 11.63400333 61.43955927 88.52334574 128.0613307 210.9972312 190.8794200 612.2227545 620.8393021 462.3654690 835.7994859 861.9623775 1070.140243 1174.242404 1468.442627 1347.800021 1639.395428 1836.897605 2098.627122 2405.357943 2555.952044 2822.081140 3165.266103 3724.956964 3945.477698 4467.910399 4388.072433 4807.490925 5229.382954 5373.787891 6104.102597 6317.539048 6657.438512 20306.46476 196441.0931 367174.3573 362657.2770 399234.7294 423324.5659 464792.0192 472651.6791 491811.3246 500648.9865 317139.9197 524771.2964 560799.9248 572875.4393 642405.1999 681155.0625 795049.3175 870382.1494 1024144.461 1070186.268 1300598.341 1619120.201 1839993.946 2111738.252 2251948.063 2660153.668 6552531.853
      sorted:	 7.092082951e-07 2.100489644e-06 2.324963688e-06 5.701356723e-05 0.0008999963612 0.007292891301 11.63400333 61.43955927 88.52334574 128.0613307 190.8794200 210.9972312 462.3654690 612.2227545 620.8393021 835.7994859 861.9623775 1070.140243 1174.242404 1347.800021 1468.442627 1639.395428 1836.897605 2098.627122 2405.357943 2555.952044 2822.081140 3165.266103 3724.956964 3945.477698 4388.072433 4467.910399 4807.490925 5229.382954 5373.787891 6104.102597 6317.539048 6657.438512 20306.46476 196441.0931 317139.9197 362657.2770 367174.3573 399234.7294 423324.5659 464792.0192 472651.6791 491811.3246 500648.9865 524771.2964 560799.9248 572875.4393 642405.1999 681155.0625 795049.3175 870382.1494 1024144.461 1070186.268 1300598.341 1619120.201 1839993.946 2111738.252 2251948.063 2660153.668 6552531.853
