years
 1997 1998 1999 2000 2001 2002 2003 2004 2005 2006 2007 2008 2009 2010 2011 2012 2013 2014 2015 2016 2017 2018 2019 2020 2021
reclasobs
 0 0 0 370054 412103 1.49427e+06 250295 1.28982e+06 931140 785840 897777 1.04006e+06 184774 17550 25797 100020 73551 82996 120727 218422 84188 347160 605670 569463 516374
reclaspred
 1.74041e+06 272580 523176 215716 287027 366436 735448 603057 883336 1.1533e+06 1.16316e+06 785269 446592 203908 131973 124472 139159 184340 187421 247371 416723 415351 666433 743508 719804
pelacesobs
 0 0 0 0 0 0 0 0 0 2.06254e+06 1.5e+06 0 1.87456e+06 323000 250000 174000 83755 137374 0 501740 490994 745055 786931 1.00524e+06 1.33801e+06
pelacespred
 850356 313768 163654 150450 168498 158145 379948 363818 498020 675386 598985 419074 237655 86973.1 55383.3 59598.8 69651.4 92979.5 99391 126169 234553 244445 297479 394574 376286
mphobs
 0 0 0 0 0 112323 0 153150 637223 0 255016 313432 73983 77613 109348 50772 0 0 0 0 0 0 0 0 0
mphpred
 1.24247e+06 581064 367834 251226 194531 343976 434544 606288 647078 926611 1.16226e+06 837088 495163 265499 123527 105544 112144 144025 168725 178944 296463 392696 465292 612836 692839
desembarqueobs
 350755 77701 442110 56441 14545 235359 269955 359681 431902 328805 639364 411747 362871 311530 167758 66681 60226 58785 57116 73181 50977 67692 138656 160484 209506
desembarquepred
 350734 77683.7 441813 56431.8 14544.4 235299 269904 359422 431665 328648 638921 411582 362595 311333 167578 66663.6 60223.9 58768.1 57093.1 73147.9 50968.9 67669.2 138612 160440 209451
Reclutas
 27467.9 33008.2 11165.6 15678.7 46973.8 27820.9 65423.6 75692.6 130991 161159 70168 34843.2 48295.6 28098.6 19515.4 15490.1 12546.5 13171.2 12612.4 27741.9 38661.5 39647.3 63279.6 63044 10731.4
log_desv_Rt
 -0.179227 0.00451096 -1.07941 -0.739941 0.357345 -0.166458 0.688639 0.834436 1.38288 1.59015 0.758647 0.0586131 0.385095 -0.156525 -0.521042 -0.752042 -0.962803 -0.914212 -0.957563 -0.169301 0.162599 0.187779 0.655318 0.651588 -1.11908
SSB
 1.24247e+06 581064 367834 251226 194531 343976 434544 606288 647078 926611 1.16226e+06 837088 495163 265499 123527 105544 112144 144025 168725 178944 296463 392696 465292 612836 692839
BT
 2.18239e+06 730629 608172 372814 435785 495685 1.28504e+06 1.25882e+06 1.75436e+06 1.96344e+06 1.83105e+06 1.22445e+06 891080 484769 281229 189646 212208 259386 255732 363430 613394 553778 729698 982312 887663
Ftot
 0.195089 0.274511 0.775495 0.252417 0.0495401 0.601458 0.35267 0.563904 0.466549 0.275088 0.518729 0.49545 0.752023 1.32317 1.13746 0.507536 0.41337 0.306703 0.293092 0.28519 0.119109 0.15819 0.20141 0.208883 0.279822
BD_Bspro_t
 0.970462 0.80644 0.636592 0.372349 0.450507 0.650687 0.544756 0.584383 0.55999 0.590974 0.61227 0.457589 0.340867 0.246725 0.147404 0.151574 0.21042 0.324938 0.417772 0.494365 0.63884 0.751448 0.753278 0.744882 0.714922
BD_Bspro
 1.84107 0.861009 0.54505 0.372261 0.288253 0.509697 0.643899 0.898386 0.958827 1.37303 1.72221 1.24038 0.733723 0.39341 0.18304 0.156393 0.166173 0.213413 0.250014 0.265156 0.439293 0.58189 0.68946 0.908089 1.02664
BD_Bo
 1.31525 0.615101 0.389381 0.265942 0.205927 0.364126 0.459999 0.641803 0.684982 0.98089 1.23034 0.886123 0.524169 0.281051 0.130763 0.111726 0.118713 0.152461 0.178609 0.189426 0.313829 0.4157 0.492548 0.648735 0.733424
BD_Brms
 6.39709 2.99171 1.89386 1.29348 1.00158 1.77102 2.23733 3.12158 3.33159 4.77082 5.98408 4.30989 2.54943 1.36697 0.636001 0.543411 0.577394 0.741537 0.868712 0.921325 1.52639 2.02187 2.39564 3.15529 3.5672
S_f
 0.5 1 1 1 1
 0.5 1 1 1 1
 0.5 1 1 1 1
 0.5 1 1 1 1
 0.5 1 1 1 1
 0.5 1 1 1 1
 0.5 1 1 1 1
 0.5 1 1 1 1
 0.5 1 1 1 1
 0.5 1 1 1 1
 0.5 1 1 1 1
 0.5 1 1 1 1
 0.5 1 1 1 1
 0.5 1 1 1 1
 0.5 1 1 1 1
 0.5 1 1 1 1
 0.5 1 1 1 1
 0.5 1 1 1 1
 0.5 1 1 1 1
 0.5 1 1 1 1
 0.5 1 1 1 1
 0.5 1 1 1 1
 0.5 1 1 1 1
 0.5 1 1 1 1
 0.5 1 1 1 1
Scru_reclas
 0.5 1 1 1 1
 0.5 1 1 1 1
 0.5 1 1 1 1
 0.5 1 1 1 1
 0.5 1 1 1 1
 0.5 1 1 1 1
 0.5 1 1 1 1
 0.5 1 1 1 1
 0.5 1 1 1 1
 0.5 1 1 1 1
 0.5 1 1 1 1
 0.5 1 1 1 1
 0.5 1 1 1 1
 0.5 1 1 1 1
 0.5 1 1 1 1
 0.5 1 1 1 1
 0.5 1 1 1 1
 0.5 1 1 1 1
 0.5 1 1 1 1
 0.5 1 1 1 1
 0.5 1 1 1 1
 0.5 1 1 1 1
 0.5 1 1 1 1
 0.5 1 1 1 1
 0.5 1 1 1 1
Scru_pelaces
 0.5 1 1 1 1
 0.5 1 1 1 1
 0.5 1 1 1 1
 0.5 1 1 1 1
 0.5 1 1 1 1
 0.5 1 1 1 1
 0.5 1 1 1 1
 0.5 1 1 1 1
 0.5 1 1 1 1
 0.5 1 1 1 1
 0.5 1 1 1 1
 0.5 1 1 1 1
 0.5 1 1 1 1
 0.5 1 1 1 1
 0.5 1 1 1 1
 0.5 1 1 1 1
 0.5 1 1 1 1
 0.5 1 1 1 1
 0.5 1 1 1 1
 0.5 1 1 1 1
 0.5 1 1 1 1
 0.5 1 1 1 1
 0.5 1 1 1 1
 0.5 1 1 1 1
 0.5 1 1 1 1
pf_obs 
 0.256992 0.487395 0.22802 0.0275931 0
 0.321318 0.546541 0.124235 0.00734118 0.000564706
 0.182869 0.594174 0.210203 0.0122559 0.00049798
 0.330522 0.361315 0.267642 0.0388342 0.00168674
 0.649043 0.306663 0.0425973 0.00169635 0
 0.582887 0.30429 0.105238 0.00758474 0
 0.465427 0.430635 0.0974691 0.00646863 0
 0.296916 0.608066 0.0921331 0.00288517 0
 0.311714 0.524322 0.152257 0.0117073 0
 0.15457 0.633149 0.183074 0.0267441 0.00246327
 0.131901 0.49318 0.331252 0.0422183 0.00144891
 0.196976 0.569456 0.194076 0.0375587 0.00193317
 0.518974 0.381816 0.0799577 0.0180837 0.00116848
 0.0928022 0.601141 0.25162 0.0475244 0.00691264
 0.122501 0.610282 0.24278 0.0234846 0.000952079
 0.383417 0.481906 0.127806 0.00687128 0
 0.0376549 0.599619 0.316969 0.0457579 0
 0.0361596 0.667082 0.258105 0.0386534 0
 0.158088 0.579412 0.248529 0.0139706 0
 0.0477256 0.309471 0.559284 0.082774 0.000745712
 0.0406174 0.521527 0.379366 0.0568643 0.0016247
 0.151134 0.462217 0.34131 0.0453401 0
 0.294876 0.26143 0.354403 0.0886775 0.000613685
 0.281977 0.475581 0.204845 0.0348837 0.00271318
 0.0354234 0.537034 0.353287 0.0723622 0.0018943
pf_pred 
 0.23374 0.51955 0.218723 0.0279837 3.52568e-06
 0.35669 0.252226 0.265168 0.111632 0.0142841
 0.199023 0.43688 0.142754 0.150078 0.0712651
 0.458955 0.208724 0.181259 0.0592278 0.0918342
 0.690844 0.199675 0.0422357 0.0366782 0.0305677
 0.361368 0.523183 0.0745648 0.0157721 0.0251117
 0.664522 0.192901 0.116802 0.0166468 0.00912744
 0.559419 0.358804 0.047022 0.028472 0.00628279
 0.656155 0.257894 0.0699978 0.00917336 0.00678018
 0.574463 0.346375 0.0593736 0.0161152 0.0036729
 0.294249 0.525802 0.146473 0.0251076 0.00836792
 0.261271 0.364023 0.279166 0.0777676 0.0177733
 0.483005 0.232649 0.140117 0.107454 0.0367748
 0.43234 0.397889 0.0763978 0.0460118 0.0473622
 0.539636 0.321609 0.0972572 0.0186741 0.0228237
 0.546717 0.348932 0.0728993 0.0220453 0.00940634
 0.457795 0.399545 0.109818 0.0229433 0.00989868
 0.476293 0.343416 0.132854 0.0365161 0.0109204
 0.4431 0.37046 0.122256 0.0472961 0.0168874
 0.63329 0.232451 0.0893118 0.0294739 0.0154736
 0.567291 0.341595 0.0577557 0.0221908 0.0111678
 0.453111 0.39955 0.116314 0.0196659 0.0113587
 0.535257 0.294702 0.12423 0.0361648 0.00964631
 0.451443 0.389073 0.101132 0.0426317 0.0157209
 0.113801 0.563591 0.228815 0.059476 0.0343173
pobs_RECLAS
 0 0 0 0 0
 0 0 0 0 0
 0 0 0 0 0
 0 0 0 0 0
 0.835266 0.146461 0.0176864 0.000547809 3.91292e-05
 0.385257 0.428462 0.181853 0.0044286 0
 0.867414 0.0963971 0.0333333 0.00285562 0
 0.441836 0.489002 0.0689373 0.000224442 0
 0.779404 0.147425 0.0564933 0.0165055 0.000172143
 0.814271 0.122319 0.05973 0.00367925 0
 0.40263 0.566651 0.0304383 0.000280538 0
 0.475488 0.404961 0.113038 0.00651328 0
 0.955842 0.0263864 0.0167828 0.000988607 0
 0.975058 0.0227948 0.00214734 0 0
 0.738997 0.206755 0.0527124 0.00153531 0
 0.850938 0.134255 0.0134407 0.00136685 0
 0.542534 0.407297 0.0501686 0 0
 0.764087 0.199537 0.0359546 0.000420521 0
 0.470689 0.182191 0.310203 0.0369168 0
 0.84361 0.089868 0.0606195 0.00523954 0.000663233
 0.607945 0.314616 0.071237 0.00620181 0
 0.523733 0.453247 0.0230204 0 0
 0.530135 0.295979 0.169645 0.0042399 0
 0.562478 0.366248 0.0663022 0.0049721 0
 0.250443 0.683176 0.0655157 0.000865301 0
ppred_RECLAS
 0.23496 0.518723 0.218375 0.0279391 3.52006e-06
 0.359039 0.251305 0.2642 0.111224 0.0142319
 0.205525 0.433333 0.141595 0.14886 0.0706866
 0.461248 0.207839 0.180491 0.0589767 0.091445
 0.691166 0.199467 0.0421917 0.03664 0.0305359
 0.367906 0.517827 0.0738014 0.0156107 0.0248547
 0.667626 0.191116 0.115722 0.0164928 0.00904299
 0.565777 0.353626 0.0463434 0.0280611 0.00619212
 0.660662 0.254513 0.0690803 0.00905312 0.00669131
 0.576966 0.344338 0.0590243 0.0160204 0.0036513
 0.299064 0.522214 0.145474 0.0249363 0.00831082
 0.265482 0.361948 0.277575 0.0773243 0.017672
 0.492642 0.228313 0.137505 0.105451 0.0360894
 0.454299 0.382496 0.0734423 0.0442318 0.04553
 0.557151 0.309373 0.0935571 0.0179637 0.0219554
 0.552266 0.344661 0.0720069 0.0217755 0.0092912
 0.462044 0.396414 0.108958 0.0227635 0.00982111
 0.479216 0.3415 0.132113 0.0363123 0.0108595
 0.445835 0.368641 0.121656 0.0470638 0.0168045
 0.635773 0.230877 0.0887069 0.0292743 0.0153688
 0.568243 0.340844 0.0576287 0.022142 0.0111433
 0.454434 0.398584 0.116032 0.0196184 0.0113312
 0.537012 0.293589 0.123761 0.0360282 0.00960988
 0.453268 0.387778 0.100796 0.0424899 0.0156686
 0.114861 0.562917 0.228541 0.0594049 0.0342763
pobs_PELACES
 0 0 0 0 0
 0 0 0 0 0
 0 0 0 0 0
 0 0 0 0 0
 0 0 0 0 0
 0 0 0 0 0
 0 0 0 0 0
 0 0 0 0 0
 0 0 0 0 0
 0 0 0 0 0
 0.450072 0.473896 0.0757376 0.000293798 0
 0 0 0 0 0
 0.463077 0.371075 0.160297 0.00555027 0
 0.529543 0.364841 0.0842815 0.0213345 0
 0.631943 0.363953 0.00410389 0 0
 0.735681 0.248677 0.0153453 0.000297389 0
 0.695825 0.281241 0.0229344 0 0
 0.275771 0.60734 0.115278 0.00161068 0
 0 0 0 0 0
 0.896147 0.0623911 0.0374545 0.00400742 0
 0.803859 0.145111 0.0509908 3.86294e-05 0
 0.739449 0.233085 0.0266225 0.000797448 4.60066e-05
 0.878498 0.100942 0.0204185 0.000141795 0
 0.694673 0.275183 0.0284847 0.00165964 0
 0.469039 0.446079 0.0841089 0.000773354 0
ppred_PELACES
 0.240795 0.514766 0.216709 0.027726 3.49321e-06
 0.369528 0.247193 0.259876 0.109404 0.013999
 0.227206 0.421508 0.137731 0.144798 0.0687576
 0.471613 0.20384 0.177019 0.0578421 0.0896857
 0.692908 0.198342 0.0419537 0.0364333 0.0303636
 0.391271 0.498686 0.0710733 0.0150336 0.0239359
 0.680411 0.183765 0.11127 0.0158584 0.00869516
 0.58848 0.335137 0.0439204 0.0265939 0.00586836
 0.677701 0.241734 0.0656116 0.00859854 0.00635532
 0.588004 0.335353 0.0574842 0.0156024 0.00355602
 0.317309 0.508622 0.141688 0.0242872 0.0080945
 0.281725 0.353943 0.271436 0.0756143 0.0172811
 0.523644 0.214361 0.129103 0.0990077 0.0338841
 0.508751 0.34433 0.066114 0.0398182 0.0409869
 0.602834 0.277459 0.083906 0.0161106 0.0196905
 0.57287 0.328799 0.0686931 0.0207734 0.00886362
 0.479035 0.383893 0.105516 0.0220446 0.00951092
 0.491856 0.333211 0.128906 0.0354309 0.0105959
 0.457812 0.360674 0.119026 0.0460466 0.0164413
 0.646599 0.224015 0.0860704 0.0284042 0.014912
 0.573058 0.337042 0.056986 0.021895 0.011019
 0.460913 0.393851 0.114655 0.0193854 0.0111966
 0.545264 0.288356 0.121555 0.0353861 0.00943861
 0.461822 0.381711 0.0992186 0.0418251 0.0154234
 0.119639 0.559878 0.227307 0.0590842 0.0340912
pobs_pel_tallas
 0 0 0 0 0 0 0 0 0 0 0 0 0 0 0 0 0 0 0 0 0 0 0 0 0 0 0 0 0 0 0 0 0 0 0 0
 0 0 0 0 0 0 0 0 0 0 0 0 0 0 0 0 0 0 0 0 0 0 0 0 0 0 0 0 0 0 0 0 0 0 0 0
 0 0 0 0 0 0 0 0 0 0 0 0 0 0 0 0 0 0 0 0 0 0 0 0 0 0 0 0 0 0 0 0 0 0 0 0
 0 0 0 0 0 0 0 0 0 0 0 0 0 0 0 0 0 0 0 0 0 0 0 0 0 0 0 0 0 0 0 0 0 0 0 0
 0 0 0 0 0 0 0 0 0 0 0 0 0 0 0 0 0 0 0 0 0 0 0 0 0 0 0 0 0 0 0 0 0 0 0 0
 0 0 0 0 0 0 0 0 0 0 0 0 0 0 0 0 0 0 0 0 0 0 0 0 0 0 0 0 0 0 0 0 0 0 0 0
 0 0 0 0 0 0 0 0 0 0 0 0 0 0 0 0 0 0 0 0 0 0 0 0 0 0 0 0 0 0 0 0 0 0 0 0
 0 0 0 0 0 0 0 0 0 0 0 0 0 0 0 0 0 0 0 0 0 0 0 0 0 0 0 0 0 0 0 0 0 0 0 0
 0 0 0 0 0 0 0 0 0 0 0 0 0 0 0 0 0 0 0 0 0 0 0 0 0 0 0 0 0 0 0 0 0 0 0 0
 0 0 0 0 0 0 0 0 0 0 0 0 0 0 0 0 0 0 0 0 0 0 0 0 0 0 0 0 0 0 0 0 0 0 0 0
 0 0 0 0 0 0 0 0 1.78061e-05 0.00172719 0.00360574 0.0105946 0.0120993 0.0124554 0.0147524 0.0171206 0.0266825 0.0428682 0.0675386 0.121331 0.153587 0.119568 0.100827 0.0573624 0.0630603 0.0341343 0.0324427 0.0444173 0.0211091 0.0280891 0.0125444 0.00206551 0 0 0 0
 0 0 0 0 0 0 0 0 0 0 0 0 0 0 0 0 0 0 0 0 0 0 0 0 0 0 0 0 0 0 0 0 0 0 0 0
 0 0 0 0 0 0 0.0133647 0.0140871 0.0187388 0.0205184 0.03894 0.0496705 0.03968 0.0493445 0.0407372 0.0367815 0.0215668 0.0243155 0.0234873 0.0199281 0.019796 0.0243948 0.0301388 0.0376714 0.0412746 0.0863199 0.0771752 0.113111 0.0741005 0.0525337 0.0229764 0.00759418 0.00175318 0 0 0
 0 0 0 0 0 0 0 0 0 0 0.00219441 0.00772107 0.0458388 0.0604681 0.0671733 0.0775358 0.0609151 0.0617685 0.073594 0.0568108 0.0755445 0.0548602 0.0670107 0.0636378 0.0643287 0.046367 0.0373049 0.0286899 0.0247887 0.0153202 0.00654259 0.00121912 0.000365735 0 0 0
 0 0 0 0 0 0 0 0 0 0 0 0 0.000112435 0.00938835 0.0111873 0.0202946 0.0414886 0.0713402 0.111592 0.104902 0.108894 0.110636 0.117776 0.105296 0.107544 0.0401394 0.0192827 0.0124803 0.00416011 0.0028671 0.000618394 0 0 0 0 0
 0 0 0 0 0 0 0 0 0 0 0.00291406 0.0102884 0.027416 0.0768956 0.0749926 0.110853 0.0956884 0.0897413 0.0766577 0.0534642 0.0500743 0.0551293 0.0594112 0.0620874 0.0668451 0.0424026 0.0208742 0.0120726 0.0048766 0.00582813 0.00118941 0.000297354 0 0 0 0
 0 0.00264628 0.0354308 0.0461629 0.0458689 0.0383711 0.0214643 0.0164657 0.0346957 0.0420465 0.0363128 0.0245516 0.0311673 0.0291091 0.0169068 0.0133784 0.00837989 0.0085269 0.0148486 0.0160247 0.0276389 0.0546898 0.0760071 0.122758 0.109233 0.0665981 0.0333725 0.0166128 0.00676272 0.00308733 0.000882094 0 0 0 0 0
 0 0 0 0 0 0 0 0.000805153 0.000690131 0.00759144 0.0133425 0.0154129 0.00931677 0.000345066 0.00356568 0.00563607 0.00851162 0.0253048 0.0502646 0.0516448 0.0657925 0.0565908 0.0611916 0.0827007 0.0866115 0.110766 0.145733 0.0935128 0.0569358 0.0249597 0.0138026 0.00621118 0.00161031 0.00115022 0 0
 0 0 0 0 0 0 0 0 0 0 0 0 0 0 0 0 0 0 0 0 0 0 0 0 0 0 0 0 0 0 0 0 0 0 0 0
 0.00147267 0.00158595 0.00478618 0.00569244 0.00954404 0.0108468 0.00647125 0.017049 0.0510054 0.094081 0.124002 0.0959785 0.0687766 0.0820023 0.061753 0.0591476 0.0492212 0.0479892 0.0443925 0.0268479 0.0217502 0.0140895 0.0121071 0.0120363 0.00920419 0.00665534 0.0049561 0.00860946 0.00930331 0.0156896 0.0114698 0.00855282 0.00243557 0.00046729 0 2.83206e-05
 0 0 0 0 0.000772559 0.00158375 0.000888443 0.00281984 0.00712685 0.0440552 0.0773331 0.111326 0.0921469 0.0852325 0.0710754 0.0886704 0.0786465 0.0553345 0.0373146 0.0185414 0.00753245 0.00457741 0.012979 0.0271748 0.0457355 0.0583668 0.034881 0.0177882 0.00938659 0.00492506 0.0015258 0.00185414 0.000309023 5.79419e-05 3.86279e-05 0
 0 0.00173294 0.00326652 0 0.00397197 0.00683976 0.00946217 0.0152591 0.00757587 0.0136028 0.0228656 0.0392903 0.0559909 0.0764795 0.0681675 0.0726916 0.0566044 0.0477403 0.0527397 0.0444891 0.0609904 0.0582453 0.0661739 0.0445044 0.0529084 0.0360697 0.0280645 0.0235558 0.0158879 0.00826598 0.00280645 0.00217768 0.000904811 0.00058276 9.20147e-05 0
 0 0 0 0 0 0 0 0 0 0 0 0 0 0 0 0 0 0 0 0 0 0 0 0 0 0 0 0 0 0 0 0 0 0 0 0
 0 0 0 0 0 0 0 0 0 0 0 0 0 0 0 0 0 0 0 0 0 0 0 0 0 0 0 0 0 0 0 0 0 0 0 0
 0 0 0 0 0 0 0 0 0 0 0 0 0 0 0 0 0 0 0 0 0 0 0 0 0 0 0 0 0 0 0 0 0 0 0 0
ppred_pel_tallas
 1.04197e-16 1.05338e-05 6.17556e-05 0.000293413 0.00112941 0.00352175 0.00889617 0.0182065 0.0301937 0.0405929 0.044288 0.0393384 0.0287562 0.0179874 0.0109856 0.00869183 0.0101825 0.0142754 0.0201836 0.0273872 0.0353461 0.0433628 0.0506164 0.0563006 0.059793 0.0607872 0.0593472 0.0558614 0.0509227 0.0451769 0.0391916 0.0333797 0.0279862 0.0231193 0.0188029 0.0150234
 1.08183e-16 1.61363e-05 9.46717e-05 0.000449955 0.00173223 0.00540168 0.0136444 0.0279198 0.0462859 0.0621785 0.0677095 0.0598365 0.0430777 0.025637 0.0133779 0.00750668 0.00637528 0.0080144 0.0112208 0.0154382 0.0203534 0.0256534 0.0309646 0.0358879 0.0400647 0.0432348 0.0452657 0.0461447 0.0459445 0.0447798 0.042774 0.0400452 0.0367128 0.0329102 0.0287959 0.0245511
 1.10281e-16 9.93699e-06 5.82615e-05 0.000276823 0.00106558 0.00332271 0.00839329 0.0171769 0.0284843 0.0382893 0.0417602 0.037059 0.0270161 0.0167533 0.00997927 0.00755752 0.00859526 0.0119678 0.0169465 0.023088 0.029968 0.0370475 0.0436895 0.0492649 0.0532821 0.0554882 0.0559054 0.0547889 0.0525286 0.0495314 0.0461267 0.0425208 0.0388053 0.0349996 0.0311054 0.0271477
 1.08758e-16 2.05856e-05 0.000120798 0.000574172 0.00221052 0.00689322 0.0174118 0.0356278 0.0590606 0.0793276 0.0863528 0.0762375 0.0547226 0.0322397 0.0162188 0.00813366 0.00581019 0.00667226 0.00914805 0.0125367 0.0165062 0.0207851 0.0250713 0.02905 0.0324461 0.0350689 0.0368332 0.0377471 0.0378794 0.0373189 0.0361452 0.0344185 0.0321896 0.0295178 0.0264877 0.0232157
 1.03331e-16 3.02347e-05 0.000177447 0.000843492 0.00324747 0.0101269 0.0255798 0.0523401 0.0867607 0.116521 0.126808 0.111877 0.0801354 0.0468695 0.0229377 0.010431 0.00606993 0.00598445 0.00779623 0.0104413 0.0134477 0.0164895 0.0192487 0.0214273 0.0228029 0.0232763 0.0228883 0.0217984 0.0202338 0.0184288 0.0165741 0.0147901 0.0131272 0.011585 0.0101392 0.00876588
 1.02807e-16 1.70942e-05 0.000100273 0.000476537 0.00183449 0.00572053 0.0144501 0.02957 0.0490279 0.0658804 0.0717893 0.0635572 0.0460066 0.0278792 0.0154539 0.0100839 0.0100857 0.0133904 0.0186597 0.0251307 0.032181 0.0390989 0.0450849 0.0493817 0.0514408 0.0510505 0.0483823 0.0439328 0.0383899 0.032467 0.0267596 0.0216624 0.0173566 0.0138501 0.0110449 0.00880266
 1.02591e-16 2.96894e-05 0.000174247 0.000828278 0.0031889 0.00994426 0.0251184 0.0513959 0.0851955 0.114418 0.124518 0.109854 0.0786812 0.0460082 0.0224975 0.0102028 0.00590595 0.00581237 0.00759656 0.0102283 0.0132619 0.0163945 0.0193257 0.0217628 0.023471 0.0243188 0.0242978 0.0235094 0.0221267 0.0203456 0.0183434 0.0162556 0.0141731 0.0121517 0.0102288 0.00843418
 1.01921e-16 2.56868e-05 0.000150734 0.000716468 0.00275835 0.00860157 0.0217271 0.0444581 0.0737003 0.0989955 0.107774 0.0951779 0.0683785 0.0404042 0.0205393 0.0106314 0.00796443 0.00929688 0.0126048 0.0169074 0.0216426 0.026299 0.0303338 0.0332378 0.0346427 0.0344064 0.0326432 0.0296851 0.025992 0.0220401 0.0182263 0.0148132 0.0119203 0.00955251 0.00764499 0.00610708
 1.01603e-16 2.95735e-05 0.000173561 0.000825008 0.00317629 0.00990492 0.0250191 0.0511932 0.084861 0.113974 0.124047 0.109468 0.0784686 0.0460128 0.0227383 0.010711 0.00674278 0.00706086 0.00933647 0.0125044 0.0160526 0.0195893 0.0227174 0.0250631 0.026348 0.0264506 0.02543 0.0235006 0.0209714 0.0181693 0.0153738 0.0127783 0.0104835 0.00851533 0.0068531 0.00545724
 1.01628e-16 2.56661e-05 0.000150613 0.000715889 0.00275612 0.00859462 0.0217096 0.0444222 0.0736408 0.0989157 0.107688 0.0951023 0.0683257 0.0403765 0.0205316 0.0106383 0.00798366 0.00932993 0.0126558 0.0169819 0.0217465 0.0264369 0.030508 0.0334467 0.0348792 0.0346571 0.0328889 0.0299018 0.0261539 0.0221228 0.018211 0.0146895 0.0116889 0.00922496 0.00724235 0.0056568
 1.0339e-16 1.38697e-05 8.13413e-05 0.000386528 0.00148793 0.00463979 0.0117202 0.0239847 0.0397707 0.0534514 0.0582727 0.051655 0.0375313 0.023024 0.0132696 0.00941962 0.0101647 0.0138721 0.0194741 0.0263262 0.0338439 0.0413195 0.0479392 0.0529185 0.0556703 0.0559363 0.0538363 0.0498172 0.0445244 0.0386425 0.0327572 0.0272752 0.0224106 0.0182211 0.0146683 0.0116739
 1.07375e-16 1.23121e-05 7.22102e-05 0.000343148 0.00132096 0.00411913 0.0104049 0.0212923 0.035304 0.0474415 0.0517028 0.045789 0.0331781 0.0201743 0.0113144 0.00759706 0.00784551 0.0106178 0.0150103 0.0205419 0.0268331 0.0334275 0.0397763 0.0453147 0.0495688 0.0522422 0.0532562 0.0527295 0.0509132 0.0481084 0.0445981 0.0406109 0.0363209 0.0318663 0.027375 0.0229774
 1.06888e-16 2.28548e-05 0.000134119 0.000637501 0.00245435 0.00765358 0.0193324 0.0395576 0.0655744 0.0880748 0.0958695 0.0846274 0.0607181 0.0357175 0.0178656 0.00878531 0.00604629 0.00676976 0.00919204 0.0125194 0.0163736 0.0204524 0.0244304 0.0279798 0.0308277 0.032805 0.0338668 0.0340762 0.033563 0.0324738 0.0309332 0.0290282 0.0268146 0.0243372 0.0216513 0.0188342
 1.04335e-16 2.22106e-05 0.000130325 0.000619438 0.00238476 0.00743654 0.0187844 0.0384371 0.0637208 0.0855963 0.0932014 0.0823426 0.0592322 0.035151 0.0181492 0.0098536 0.00794683 0.00965276 0.0132346 0.0178361 0.022937 0.0280352 0.0325852 0.036068 0.0380997 0.0385172 0.0374084 0.0350741 0.0319387 0.0284411 0.0249429 0.021678 0.0187489 0.0161583 0.0138557 0.0117797
 1.02756e-16 2.63104e-05 0.000154401 0.000733909 0.00282552 0.00881106 0.0222562 0.0455402 0.0754923 0.101397 0.110375 0.0974399 0.069929 0.041171 0.0206547 0.0102485 0.00714791 0.00802164 0.0108062 0.0145361 0.0187072 0.0228935 0.0266466 0.0295393 0.0312496 0.0316312 0.0307397 0.0288048 0.0261618 0.0231659 0.0201196 0.0172309 0.0146078 0.0122797 0.0102299 0.00842611
 1.02211e-16 2.50059e-05 0.000146738 0.000697467 0.00268519 0.00837344 0.0211509 0.0432791 0.0717458 0.0963707 0.104918 0.0926587 0.0665755 0.0393531 0.0200319 0.0104143 0.00786068 0.00922099 0.0125303 0.0168386 0.0216017 0.0263219 0.030467 0.0335336 0.035151 0.0351648 0.0336681 0.0309656 0.0274885 0.0236884 0.0199461 0.0165192 0.0135342 0.0110114 0.00890749 0.00715447
 1.02825e-16 2.09166e-05 0.000122724 0.000583293 0.00224557 0.00700249 0.017688 0.0361943 0.0600045 0.0806098 0.0877866 0.0775938 0.0558927 0.033323 0.0174883 0.00994851 0.00854926 0.0106966 0.0147575 0.0199017 0.0255831 0.0312437 0.036266 0.0400584 0.0421785 0.0424313 0.0409062 0.0379381 0.0340108 0.0296364 0.0252519 0.0211593 0.0175159 0.0143626 0.0116695 0.00937862
 1.03651e-16 2.14736e-05 0.000125999 0.000598873 0.00230558 0.00718962 0.0181607 0.0371609 0.0616053 0.0827552 0.0901094 0.0796146 0.0572782 0.0340086 0.0175925 0.00960772 0.00782119 0.00955793 0.013149 0.0177769 0.0229462 0.0281745 0.0329293 0.036693 0.0390675 0.0398575 0.0391046 0.0370559 0.0340859 0.0305985 0.0269435 0.0233689 0.0200152 0.0169388 0.0141477 0.0116333
 1.04158e-16 1.99902e-05 0.000117288 0.000557453 0.00214609 0.00669226 0.0169044 0.0345908 0.057346 0.0770382 0.0838966 0.0741544 0.053413 0.0318405 0.0167039 0.00949482 0.0081572 0.0102174 0.0141239 0.0190964 0.0246298 0.0302095 0.0352621 0.0392326 0.041698 0.0424578 0.0415692 0.0393114 0.036099 0.0323735 0.0285114 0.0247733 0.021298 0.0181301 0.0152623 0.0126715
 1.02968e-16 2.82166e-05 0.000165597 0.000787147 0.00303052 0.00945035 0.0238709 0.0488437 0.0809663 0.108743 0.118353 0.104442 0.074864 0.043895 0.0216854 0.0102072 0.00642183 0.00673537 0.00893574 0.0120207 0.0155194 0.0190773 0.0223325 0.0249382 0.0266273 0.0272677 0.0268842 0.0256375 0.023772 0.0215503 0.0191978 0.0168723 0.0146613 0.0125984 0.0106885 0.0089292
 1.02186e-16 2.50144e-05 0.000146787 0.000697699 0.00268608 0.00837621 0.0211579 0.0432934 0.0717699 0.0964037 0.104956 0.0926957 0.0666105 0.0393905 0.0200814 0.0104887 0.00797399 0.00938642 0.0127582 0.017133 0.0219569 0.0267195 0.0308758 0.0339121 0.0354537 0.0353503 0.0337075 0.0308482 0.0272245 0.0233065 0.0194881 0.016032 0.0130617 0.0105888 0.00855736 0.00688646
 1.02946e-16 2.01268e-05 0.000118086 0.000561243 0.00216067 0.00673772 0.0170193 0.034826 0.0577369 0.0775659 0.0844778 0.0746838 0.0538285 0.0321565 0.0169938 0.00985303 0.00867368 0.0109691 0.0151706 0.0204716 0.0263263 0.0321661 0.037358 0.0412939 0.0435179 0.0438262 0.0423067 0.0392983 0.0352933 0.0308143 0.0263085 0.0220864 0.0183121 0.0150314 0.0122184 0.00981794
 1.03477e-16 2.38006e-05 0.000139665 0.00066385 0.00255577 0.00796985 0.0201314 0.0411929 0.0682869 0.0917232 0.0998545 0.0881775 0.0633357 0.0373985 0.018966 0.00974987 0.00723698 0.00843471 0.0114885 0.0155219 0.0200568 0.0246656 0.0288865 0.0322703 0.0344686 0.0353054 0.0348069 0.0331753 0.0307223 0.0277868 0.0246634 0.0215631 0.0186085 0.0158542 0.0133162 0.0109985
 1.03691e-16 2.01659e-05 0.000118317 0.000562343 0.00216491 0.00675094 0.0170527 0.0348942 0.0578496 0.0777161 0.0846383 0.0748183 0.0539094 0.0321726 0.0169434 0.00973198 0.00846812 0.0106569 0.0147274 0.0198782 0.0255771 0.0312755 0.0363644 0.0402597 0.042524 0.0429625 0.0416601 0.038941 0.035273 0.0311489 0.026985 0.023064 0.0195281 0.0164094 0.0136763 0.011277
 1.07033e-16 5.25258e-06 3.07461e-05 0.000145982 0.00056175 0.00175151 0.00442476 0.00905803 0.0150314 0.0202374 0.022156 0.0198611 0.0149113 0.0101048 0.00752994 0.00780284 0.0106152 0.0154958 0.0220873 0.0300385 0.0388363 0.0477492 0.0558995 0.0624207 0.0666411 0.0682254 0.067231 0.0640573 0.0593147 0.0536632 0.0476731 0.0417488 0.0361199 0.0308813 0.0260537 0.0216353
pSPR Fmed_Fpbrs
0.543241   0.255602 0.255602
Fs Fmed_Fpbrs
0.344889   1.005 1.005
SSBpbr Bo_Bmed_Bpbrs
944664  465947  194225 194225
Ro
32859.6
SPR SPRFo_SPRFmed_SPRFpbrs
674864 366614 172497
log_Ro
10.22
likeval ReclasPelacesDesembMPH_pf_preclas_ppelaces_ptallas_desvR_qrecl_qpela
 99.8496 104.476 0.026742 0.000604433 349.678 204.781 82.9814 0 19.4123 0 0 0 0 0 0
q_reclas_q_pelaces
1 1
M
0.7
N
 27467.9 31836 13402.5 1714.73 0.21604
 33008.2 12372.5 13007.3 5475.87 700.678
 11165.6 14289.1 4669.08 4908.65 2330.89
 15678.7 3762.52 3267.44 1067.66 1655.43
 46973.8 6862.66 1451.61 1260.6 1050.59
 27820.9 22755.8 3243.18 686.006 1092.23
 65423.6 10227.3 6192.64 882.583 483.92
 75692.6 27236.3 3569.37 2161.26 476.916
 130991 28352.9 7695.57 1008.52 745.414
 161159 51514 8830.22 2396.71 546.245
 70168 69745 19429 3330.4 1109.96
 34843.2 26883.9 20617 5743.31 1312.6
 48295.6 13506 8134.19 6238.04 2134.89
 28098.6 16466.5 3161.7 1904.18 1960.07
 19515.4 7200.38 2177.46 418.089 510.992
 15490.1 5487.49 1146.45 346.697 147.929
 12546.5 5968.14 1640.39 342.713 147.86
 13171.2 5067.04 1960.24 538.787 161.129
 12612.4 5610.73 1851.61 716.313 255.765
 27741.9 5409.39 2078.38 685.89 360.086
 38661.5 11945.4 2019.69 776.002 390.534
 39647.3 18088.7 5265.84 890.33 514.238
 63279.6 18191 7668.34 2232.34 595.437
 63044 28413.3 7385.5 3113.32 1148.07
 10731.4 28201.9 11449.8 2976.16 1717.23
pred_Ctot
 1846.27 4103.83 1727.65 221.038 0.0278486
 3068.71 2169.97 2281.31 960.398 122.89
 2638.96 5792.82 1892.85 1989.97 944.942
 1346.7 612.455 531.866 173.791 269.468
 827.684 239.226 50.6016 43.9433 36.6225
 5287.05 7654.52 1090.93 230.757 367.401
 7684.01 2230.56 1350.61 192.491 105.543
 13592.9 8718.28 1142.55 691.816 152.66
 19865.4 7807.88 2119.22 277.729 205.274
 15012.2 9051.69 1551.59 421.134 95.9826
 11701.9 20910.4 5825.04 998.494 332.78
 5577.32 7770.75 5959.32 1660.1 379.404
 11122.6 5357.45 3226.61 2474.46 846.852
 10154.3 9345.16 1794.34 1080.67 1112.39
 6288.25 3747.62 1133.31 217.605 265.959
 2533.5 1616.96 337.818 102.159 43.5893
 1704.99 1488.05 409.002 85.4492 36.8662
 1358.65 979.616 378.975 104.164 31.1512
 1246.92 1042.5 344.038 133.095 47.5224
 2673.29 981.239 377.01 124.417 65.3181
 1613.05 971.298 164.224 63.0977 31.7549
 2178.27 1920.79 559.163 94.5413 54.6053
 4385.15 2414.38 1017.77 296.284 79.0285
 4523.58 3898.62 1013.37 427.181 157.527
 1015.81 5030.73 2042.45 530.895 306.323
F
 0.0975447 0.195089 0.195089 0.195089 0.195089
 0.137255 0.274511 0.274511 0.274511 0.274511
 0.387747 0.775495 0.775495 0.775495 0.775495
 0.126208 0.252417 0.252417 0.252417 0.252417
 0.02477 0.0495401 0.0495401 0.0495401 0.0495401
 0.300729 0.601458 0.601458 0.601458 0.601458
 0.176335 0.35267 0.35267 0.35267 0.35267
 0.281952 0.563904 0.563904 0.563904 0.563904
 0.233274 0.466549 0.466549 0.466549 0.466549
 0.137544 0.275088 0.275088 0.275088 0.275088
 0.259364 0.518729 0.518729 0.518729 0.518729
 0.247725 0.49545 0.49545 0.49545 0.49545
 0.376011 0.752023 0.752023 0.752023 0.752023
 0.661585 1.32317 1.32317 1.32317 1.32317
 0.568731 1.13746 1.13746 1.13746 1.13746
 0.253768 0.507536 0.507536 0.507536 0.507536
 0.206685 0.41337 0.41337 0.41337 0.41337
 0.153351 0.306703 0.306703 0.306703 0.306703
 0.146546 0.293092 0.293092 0.293092 0.293092
 0.142595 0.28519 0.28519 0.28519 0.28519
 0.0595544 0.119109 0.119109 0.119109 0.119109
 0.0790948 0.15819 0.15819 0.15819 0.15819
 0.100705 0.20141 0.20141 0.20141 0.20141
 0.104442 0.208883 0.208883 0.208883 0.208883
 0.139911 0.279822 0.279822 0.279822 0.279822
nmprior
 10.6 11 7 0
nm_flota  nm_reclas  nm_pelaces    nm_pelaL
inf 14.8312 11.3987 23.6543
cv_recla  cv_pelaces  cv_mph
0.903854 1.15899 0.79765
 ------------------------------------------------
Talla a la edad & desviación 
 7.2 14.2025 17.0495 18.207 18.6776
 1.08 2.13037 2.55742 2.73105 2.80164
