    unsorted:	 2.394519040e-06 1.585579886e-07 -2.701309339e-06 6.110272657e-05 0.0008999973957 0.007414785206 35.07106523 62.61223598 100.8608880 149.9862271 221.2114217 186.4834976 818.2658411 841.4538951 594.2601661 615.1270986 458.7590124 1015.159177 1131.121996 1365.111711 1332.126978 1569.458551 1719.074588 1969.246371 2390.185317 2259.325556 2687.457780 2894.581466 3499.609490 3720.545861 4098.446548 4288.765205 4485.521018 4889.383738 5225.997112 5665.951803 6020.662864 6183.693170 22524.50587 196466.2843 407140.8184 381945.1020 370507.7941 439635.8442 475479.8629 483382.8216 504404.8002 514656.4370 527152.1927 315294.5079 578266.8458 597647.8896 658546.9825 728058.3683 821600.3097 893024.8200 1064351.502 1110272.892 1351969.630 1645600.398 1865368.642 2108174.110 2295100.974 2647215.936 6295723.940
      sorted:	 -2.701309339e-06 1.585579886e-07 2.394519040e-06 6.110272657e-05 0.0008999973957 0.007414785206 35.07106523 62.61223598 100.8608880 149.9862271 186.4834976 221.2114217 458.7590124 594.2601661 615.1270986 818.2658411 841.4538951 1015.159177 1131.121996 1332.126978 1365.111711 1569.458551 1719.074588 1969.246371 2259.325556 2390.185317 2687.457780 2894.581466 3499.609490 3720.545861 4098.446548 4288.765205 4485.521018 4889.383738 5225.997112 5665.951803 6020.662864 6183.693170 22524.50587 196466.2843 315294.5079 370507.7941 381945.1020 407140.8184 439635.8442 475479.8629 483382.8216 504404.8002 514656.4370 527152.1927 578266.8458 597647.8896 658546.9825 728058.3683 821600.3097 893024.8200 1064351.502 1110272.892 1351969.630 1645600.398 1865368.642 2108174.110 2295100.974 2647215.936 6295723.940
