years
 1997 1998 1999 2000 2001 2002 2003 2004 2005 2006 2007 2008 2009 2010 2011 2012 2013 2014 2015 2016 2017 2018 2019 2020 2021
reclasobs
 0 0 0 370054 412103 1.49427e+06 250295 1.28982e+06 931140 785840 897777 1.04006e+06 184774 17550 25797 100020 73551 82996 120727 218422 84188 347160 605670 569463 516374
reclaspred
 2.63135e+06 474511 1.19626e+06 619661 633370 770432 1.58021e+06 1.05979e+06 1.25038e+06 1.23146e+06 1.04565e+06 731955 462441 241762 168506 161534 184007 250425 268410 356684 559595 576680 998427 1.14069e+06 1.45039e+06
pelacesobs
 0 0 0 0 0 0 0 0 0 2.06254e+06 1.5e+06 0 1.87456e+06 323000 250000 174000 83755 137374 0 501740 490994 745055 786931 1.00524e+06 1.33801e+06
pelacespred
 1.49308e+06 561332 431431 459739 394207 378246 816361 718867 729993 742904 542214 393274 245450 107495 74560 80610 95573.5 129583 146853 186983 320682 342001 450240 626237 796172
mphobs
 0 0 0 0 0 112323 0 153150 637223 0 255016 313432 73983 77613 109348 50772 0 0 0 0 0 0 0 0 0
mphpred
 1.94591e+06 962121 721003 717786 521787 679014 959289 1.21994e+06 993382 1.17211e+06 1.06255e+06 757899 496668 293228 158160 136268 147941 194305 234795 265336 409876 525741 686274 922520 1.18682e+06
desembarqueobs
 350755 77701 442110 56441 14545 235359 269955 359681 431902 328805 639364 411747 362871 311530 167758 66681 60226 58785 57116 73181 50977 67692 138656 160484 209506
desembarquepred
 350761 77689 442231 56420.4 14532 235332 270090 359606 431766 328654 638902 411518 362765 311532 167567 66611.1 60199.8 58782.3 57128.2 73206.6 50940.8 67572.7 138413 160450 209487
Reclutas
 60311.5 56917.5 27477.2 30783.8 66667.6 51644.1 104356 71158.8 144584 104352 75235.1 49599.9 51959.9 31611.5 19398.8 17952 15225.4 16492.7 18338.7 33431.1 47844.7 62153 83336.6 100323 73073.1
log_desv_Rt
 0.247278 0.189357 -0.538888 -0.425256 0.347475 0.0921306 0.795563 0.412669 1.12162 0.795526 0.468373 0.0517449 0.0982266 -0.398725 -0.887034 -0.964542 -1.12928 -1.04933 -0.943229 -0.342758 0.0157154 0.277355 0.570643 0.756146 0.439216
SSB
 1.94591e+06 962121 721003 717786 521787 679014 959289 1.21994e+06 993382 1.17211e+06 1.06255e+06 757899 496668 293228 158160 136268 147941 194305 234795 265336 409876 525741 686274 922520 1.18682e+06
BT
 3.86717e+06 1.19283e+06 1.20568e+06 972182 893048 930340 2.33413e+06 1.92469e+06 2.24918e+06 1.93634e+06 1.75136e+06 1.22293e+06 910932 526608 319739 233838 269026 338415 355773 492078 805971 760879 1.03769e+06 1.49037e+06 1.8844e+06
Ftot
 0.129639 0.158949 0.353695 0.0887664 0.0224569 0.293702 0.166004 0.325821 0.332124 0.257536 0.574535 0.530522 0.72857 1.1427 0.909108 0.394122 0.314637 0.227003 0.206032 0.198925 0.0887907 0.114094 0.134798 0.136787 0.140397
BD_Bspro_t
 0.980604 0.875377 0.783758 0.628035 0.68114 0.785367 0.725376 0.739483 0.66567 0.652115 0.603135 0.446981 0.351449 0.269972 0.1795 0.184466 0.257575 0.393487 0.501437 0.592709 0.711216 0.8048 0.819432 0.815903 0.814699
BD_Bspro
 2.01169 0.994643 0.745375 0.742049 0.539425 0.701967 0.991715 1.26118 1.02696 1.21173 1.09846 0.783518 0.513457 0.30314 0.163506 0.140874 0.152941 0.200873 0.242732 0.274305 0.423731 0.543513 0.709472 0.953704 1.22693
BD_Bo
 1.67306 0.827213 0.619905 0.617139 0.448623 0.583804 0.824778 1.04888 0.854091 1.00776 0.913557 0.651627 0.427026 0.252112 0.135983 0.11716 0.127197 0.16706 0.201872 0.228131 0.352403 0.452023 0.590046 0.793165 1.0204
BD_Brms
 8.13736 4.02337 3.01507 3.00162 2.182 2.83948 4.01153 5.10152 4.1541 4.9015 4.44333 3.16936 2.07696 1.22621 0.661388 0.56984 0.618654 0.812539 0.98186 1.10958 1.71401 2.19853 2.86984 3.85777 4.963
S_f
 0.5 1 1 1 1
 0.5 1 1 1 1
 0.5 1 1 1 1
 0.5 1 1 1 1
 0.5 1 1 1 1
 0.5 1 1 1 1
 0.5 1 1 1 1
 0.5 1 1 1 1
 0.5 1 1 1 1
 0.5 1 1 1 1
 0.5 1 1 1 1
 0.5 1 1 1 1
 0.5 1 1 1 1
 0.5 1 1 1 1
 0.5 1 1 1 1
 0.5 1 1 1 1
 0.5 1 1 1 1
 0.5 1 1 1 1
 0.5 1 1 1 1
 0.5 1 1 1 1
 0.5 1 1 1 1
 0.5 1 1 1 1
 0.5 1 1 1 1
 0.5 1 1 1 1
 0.5 1 1 1 1
Scru_reclas
 0.5 1 1 1 1
 0.5 1 1 1 1
 0.5 1 1 1 1
 0.5 1 1 1 1
 0.5 1 1 1 1
 0.5 1 1 1 1
 0.5 1 1 1 1
 0.5 1 1 1 1
 0.5 1 1 1 1
 0.5 1 1 1 1
 0.5 1 1 1 1
 0.5 1 1 1 1
 0.5 1 1 1 1
 0.5 1 1 1 1
 0.5 1 1 1 1
 0.5 1 1 1 1
 0.5 1 1 1 1
 0.5 1 1 1 1
 0.5 1 1 1 1
 0.5 1 1 1 1
 0.5 1 1 1 1
 0.5 1 1 1 1
 0.5 1 1 1 1
 0.5 1 1 1 1
 0.5 1 1 1 1
Scru_pelaces
 0.5 1 1 1 1
 0.5 1 1 1 1
 0.5 1 1 1 1
 0.5 1 1 1 1
 0.5 1 1 1 1
 0.5 1 1 1 1
 0.5 1 1 1 1
 0.5 1 1 1 1
 0.5 1 1 1 1
 0.5 1 1 1 1
 0.5 1 1 1 1
 0.5 1 1 1 1
 0.5 1 1 1 1
 0.5 1 1 1 1
 0.5 1 1 1 1
 0.5 1 1 1 1
 0.5 1 1 1 1
 0.5 1 1 1 1
 0.5 1 1 1 1
 0.5 1 1 1 1
 0.5 1 1 1 1
 0.5 1 1 1 1
 0.5 1 1 1 1
 0.5 1 1 1 1
 0.5 1 1 1 1
pf_obs 
 0.256992 0.487395 0.22802 0.0275931 0
 0.321318 0.546541 0.124235 0.00734118 0.000564706
 0.182869 0.594174 0.210203 0.0122559 0.00049798
 0.330522 0.361315 0.267642 0.0388342 0.00168674
 0.649043 0.306663 0.0425973 0.00169635 0
 0.582887 0.30429 0.105238 0.00758474 0
 0.465427 0.430635 0.0974691 0.00646863 0
 0.296916 0.608066 0.0921331 0.00288517 0
 0.311714 0.524322 0.152257 0.0117073 0
 0.15457 0.633149 0.183074 0.0267441 0.00246327
 0.131901 0.49318 0.331252 0.0422183 0.00144891
 0.196976 0.569456 0.194076 0.0375587 0.00193317
 0.518974 0.381816 0.0799577 0.0180837 0.00116848
 0.0928022 0.601141 0.25162 0.0475244 0.00691264
 0.122501 0.610282 0.24278 0.0234846 0.000952079
 0.383417 0.481906 0.127806 0.00687128 0
 0.0376549 0.599619 0.316969 0.0457579 0
 0.0361596 0.667082 0.258105 0.0386534 0
 0.158088 0.579412 0.248529 0.0139706 0
 0.0477256 0.309471 0.559284 0.082774 0.000745712
 0.0406174 0.521527 0.379366 0.0568643 0.0016247
 0.151134 0.462217 0.34131 0.0453401 0
 0.294876 0.26143 0.354403 0.0886775 0.000613685
 0.281977 0.475581 0.204845 0.0348837 0.00271318
 0.0354234 0.537034 0.353287 0.0723622 0.0018943
pf_pred 
 0.357998 0.323193 0.160493 0.0796984 0.0786172
 0.36013 0.34321 0.149343 0.0741615 0.0731554
 0.234646 0.413882 0.188521 0.082032 0.0809192
 0.357014 0.260098 0.207055 0.0943121 0.0815204
 0.549479 0.23986 0.0852162 0.0678375 0.0576081
 0.373629 0.445059 0.0965311 0.0342951 0.0504853
 0.579778 0.237376 0.129919 0.0281788 0.0247486
 0.372586 0.466232 0.091049 0.0498322 0.020301
 0.593844 0.229939 0.130947 0.0255723 0.0196978
 0.408832 0.45104 0.0793314 0.0451783 0.0156187
 0.357061 0.384641 0.197072 0.0346622 0.0265639
 0.359237 0.364181 0.165466 0.0847773 0.0263385
 0.474277 0.298249 0.129286 0.0587414 0.0394467
 0.430547 0.394024 0.0995227 0.0431415 0.0327644
 0.471554 0.361252 0.115687 0.0292203 0.0222863
 0.52813 0.331291 0.0961012 0.0307755 0.0137019
 0.442862 0.398423 0.111431 0.0323241 0.0149602
 0.459797 0.343106 0.140949 0.0394206 0.0167276
 0.458126 0.349475 0.1222 0.0502002 0.0199977
 0.576869 0.271646 0.0976983 0.034162 0.0196243
 0.546526 0.336771 0.0749225 0.0269461 0.0148348
 0.499486 0.356333 0.107076 0.0238214 0.0132841
 0.497731 0.338195 0.116809 0.0351004 0.0121635
 0.473415 0.354443 0.11591 0.040034 0.0161987
 0.345293 0.426511 0.153599 0.0502297 0.0243686
pobs_RECLAS
 0 0 0 0 0
 0 0 0 0 0
 0 0 0 0 0
 0 0 0 0 0
 0.835266 0.146461 0.0176864 0.000547809 3.91292e-05
 0.385257 0.428462 0.181853 0.0044286 0
 0.867414 0.0963971 0.0333333 0.00285562 0
 0.441836 0.489002 0.0689373 0.000224442 0
 0.779404 0.147425 0.0564933 0.0165055 0.000172143
 0.814271 0.122319 0.05973 0.00367925 0
 0.40263 0.566651 0.0304383 0.000280538 0
 0.475488 0.404961 0.113038 0.00651328 0
 0.955842 0.0263864 0.0167828 0.000988607 0
 0.975058 0.0227948 0.00214734 0 0
 0.738997 0.206755 0.0527124 0.00153531 0
 0.850938 0.134255 0.0134407 0.00136685 0
 0.542534 0.407297 0.0501686 0 0
 0.764087 0.199537 0.0359546 0.000420521 0
 0.470689 0.182191 0.310203 0.0369168 0
 0.84361 0.089868 0.0606195 0.00523954 0.000663233
 0.607945 0.314616 0.071237 0.00620181 0
 0.523733 0.453247 0.0230204 0 0
 0.530135 0.295979 0.169645 0.0042399 0
 0.562478 0.366248 0.0663022 0.0049721 0
 0.250443 0.683176 0.0655157 0.000865301 0
ppred_RECLAS
 0.358979 0.3227 0.160248 0.0795768 0.0784972
 0.361368 0.342546 0.149054 0.0740181 0.0730139
 0.237171 0.412517 0.187899 0.0817614 0.0806522
 0.357659 0.259838 0.206847 0.0942175 0.0814386
 0.549643 0.239772 0.085185 0.0678127 0.057587
 0.376232 0.44321 0.09613 0.0341526 0.0502755
 0.581151 0.2366 0.129494 0.0280867 0.0246677
 0.375543 0.464034 0.0906198 0.0495973 0.0202053
 0.596961 0.228174 0.129942 0.025376 0.0195467
 0.41112 0.449294 0.0790244 0.0450034 0.0155582
 0.363168 0.380987 0.1952 0.0343329 0.0263116
 0.364731 0.361058 0.164048 0.0840504 0.0261127
 0.483479 0.293028 0.127023 0.0577132 0.0387563
 0.448087 0.381888 0.0964572 0.0418127 0.0317552
 0.484207 0.352602 0.112918 0.0285207 0.0217527
 0.532137 0.328478 0.0952853 0.0305142 0.0135856
 0.445848 0.396288 0.110834 0.0321508 0.01488
 0.461816 0.341823 0.140422 0.0392733 0.0166651
 0.459926 0.348315 0.121795 0.0500334 0.0199313
 0.578566 0.270557 0.0973065 0.034025 0.0195456
 0.547222 0.336254 0.0748075 0.0269047 0.014812
 0.50041 0.355675 0.106878 0.0237774 0.0132596
 0.498844 0.337446 0.11655 0.0350226 0.0121366
 0.474543 0.353683 0.115661 0.0399482 0.016164
 0.346347 0.425824 0.153351 0.0501488 0.0243294
pobs_PELACES
 0 0 0 0 0
 0 0 0 0 0
 0 0 0 0 0
 0 0 0 0 0
 0 0 0 0 0
 0 0 0 0 0
 0 0 0 0 0
 0 0 0 0 0
 0 0 0 0 0
 0 0 0 0 0
 0.450072 0.473896 0.0757376 0.000293798 0
 0 0 0 0 0
 0.463077 0.371075 0.160297 0.00555027 0
 0.529543 0.364841 0.0842815 0.0213345 0
 0.631943 0.363953 0.00410389 0 0
 0.735681 0.248677 0.0153453 0.000297389 0
 0.695825 0.281241 0.0229344 0 0
 0.275771 0.60734 0.115278 0.00161068 0
 0 0 0 0 0
 0.896147 0.0623911 0.0374545 0.00400742 0
 0.803859 0.145111 0.0509908 3.86294e-05 0
 0.739449 0.233085 0.0266225 0.000797448 4.60066e-05
 0.878498 0.100942 0.0204185 0.000141795 0
 0.694673 0.275183 0.0284847 0.00165964 0
 0.469039 0.446079 0.0841089 0.000773354 0
ppred_PELACES
 0.363915 0.320214 0.159014 0.0789639 0.0778926
 0.367442 0.339288 0.147636 0.073314 0.0723195
 0.247891 0.40672 0.185258 0.0806124 0.0795188
 0.361031 0.258474 0.205761 0.0937229 0.0810111
 0.55056 0.239284 0.0850116 0.0676746 0.0574698
 0.387671 0.435082 0.0943671 0.0335263 0.0493535
 0.587803 0.232843 0.127438 0.0276406 0.0242759
 0.388233 0.454605 0.0887783 0.0485895 0.0197947
 0.610073 0.220751 0.125715 0.0245505 0.0189108
 0.421445 0.441416 0.0776388 0.0442143 0.0152854
 0.385364 0.367708 0.188397 0.0331363 0.0253945
 0.385243 0.3494 0.158751 0.0813365 0.0252695
 0.513523 0.275984 0.119635 0.0543563 0.036502
 0.495036 0.349402 0.088252 0.0382558 0.0290539
 0.521689 0.326979 0.104712 0.0264481 0.020172
 0.548288 0.317139 0.091996 0.0294608 0.0131166
 0.458708 0.387091 0.108262 0.0314047 0.0145347
 0.471138 0.335903 0.13799 0.038593 0.0163764
 0.468381 0.342862 0.119888 0.0492502 0.0196192
 0.586548 0.265432 0.0954636 0.0333806 0.0191754
 0.550849 0.33356 0.0742082 0.0266892 0.0146933
 0.505116 0.352324 0.105871 0.0235534 0.0131347
 0.504405 0.333702 0.115257 0.034634 0.0120019
 0.480174 0.349893 0.114422 0.0395202 0.0159908
 0.35161 0.422395 0.152116 0.0497451 0.0241335
pobs_pel_tallas
 0 0 0 0 0 0 0 0 0 0 0 0 0 0 0 0 0 0 0 0 0 0 0 0 0 0 0 0 0 0 0 0 0 0 0 0
 0 0 0 0 0 0 0 0 0 0 0 0 0 0 0 0 0 0 0 0 0 0 0 0 0 0 0 0 0 0 0 0 0 0 0 0
 0 0 0 0 0 0 0 0 0 0 0 0 0 0 0 0 0 0 0 0 0 0 0 0 0 0 0 0 0 0 0 0 0 0 0 0
 0 0 0 0 0 0 0 0 0 0 0 0 0 0 0 0 0 0 0 0 0 0 0 0 0 0 0 0 0 0 0 0 0 0 0 0
 0 0 0 0 0 0 0 0 0 0 0 0 0 0 0 0 0 0 0 0 0 0 0 0 0 0 0 0 0 0 0 0 0 0 0 0
 0 0 0 0 0 0 0 0 0 0 0 0 0 0 0 0 0 0 0 0 0 0 0 0 0 0 0 0 0 0 0 0 0 0 0 0
 0 0 0 0 0 0 0 0 0 0 0 0 0 0 0 0 0 0 0 0 0 0 0 0 0 0 0 0 0 0 0 0 0 0 0 0
 0 0 0 0 0 0 0 0 0 0 0 0 0 0 0 0 0 0 0 0 0 0 0 0 0 0 0 0 0 0 0 0 0 0 0 0
 0 0 0 0 0 0 0 0 0 0 0 0 0 0 0 0 0 0 0 0 0 0 0 0 0 0 0 0 0 0 0 0 0 0 0 0
 0 0 0 0 0 0 0 0 0 0 0 0 0 0 0 0 0 0 0 0 0 0 0 0 0 0 0 0 0 0 0 0 0 0 0 0
 0 0 0 0 0 0 0 0 1.78061e-05 0.00172719 0.00360574 0.0105946 0.0120993 0.0124554 0.0147524 0.0171206 0.0266825 0.0428682 0.0675386 0.121331 0.153587 0.119568 0.100827 0.0573624 0.0630603 0.0341343 0.0324427 0.0444173 0.0211091 0.0280891 0.0125444 0.00206551 0 0 0 0
 0 0 0 0 0 0 0 0 0 0 0 0 0 0 0 0 0 0 0 0 0 0 0 0 0 0 0 0 0 0 0 0 0 0 0 0
 0 0 0 0 0 0 0.0133647 0.0140871 0.0187388 0.0205184 0.03894 0.0496705 0.03968 0.0493445 0.0407372 0.0367815 0.0215668 0.0243155 0.0234873 0.0199281 0.019796 0.0243948 0.0301388 0.0376714 0.0412746 0.0863199 0.0771752 0.113111 0.0741005 0.0525337 0.0229764 0.00759418 0.00175318 0 0 0
 0 0 0 0 0 0 0 0 0 0 0.00219441 0.00772107 0.0458388 0.0604681 0.0671733 0.0775358 0.0609151 0.0617685 0.073594 0.0568108 0.0755445 0.0548602 0.0670107 0.0636378 0.0643287 0.046367 0.0373049 0.0286899 0.0247887 0.0153202 0.00654259 0.00121912 0.000365735 0 0 0
 0 0 0 0 0 0 0 0 0 0 0 0 0.000112435 0.00938835 0.0111873 0.0202946 0.0414886 0.0713402 0.111592 0.104902 0.108894 0.110636 0.117776 0.105296 0.107544 0.0401394 0.0192827 0.0124803 0.00416011 0.0028671 0.000618394 0 0 0 0 0
 0 0 0 0 0 0 0 0 0 0 0.00291406 0.0102884 0.027416 0.0768956 0.0749926 0.110853 0.0956884 0.0897413 0.0766577 0.0534642 0.0500743 0.0551293 0.0594112 0.0620874 0.0668451 0.0424026 0.0208742 0.0120726 0.0048766 0.00582813 0.00118941 0.000297354 0 0 0 0
 0 0.00264628 0.0354308 0.0461629 0.0458689 0.0383711 0.0214643 0.0164657 0.0346957 0.0420465 0.0363128 0.0245516 0.0311673 0.0291091 0.0169068 0.0133784 0.00837989 0.0085269 0.0148486 0.0160247 0.0276389 0.0546898 0.0760071 0.122758 0.109233 0.0665981 0.0333725 0.0166128 0.00676272 0.00308733 0.000882094 0 0 0 0 0
 0 0 0 0 0 0 0 0.000805153 0.000690131 0.00759144 0.0133425 0.0154129 0.00931677 0.000345066 0.00356568 0.00563607 0.00851162 0.0253048 0.0502646 0.0516448 0.0657925 0.0565908 0.0611916 0.0827007 0.0866115 0.110766 0.145733 0.0935128 0.0569358 0.0249597 0.0138026 0.00621118 0.00161031 0.00115022 0 0
 0 0 0 0 0 0 0 0 0 0 0 0 0 0 0 0 0 0 0 0 0 0 0 0 0 0 0 0 0 0 0 0 0 0 0 0
 0.00147267 0.00158595 0.00478618 0.00569244 0.00954404 0.0108468 0.00647125 0.017049 0.0510054 0.094081 0.124002 0.0959785 0.0687766 0.0820023 0.061753 0.0591476 0.0492212 0.0479892 0.0443925 0.0268479 0.0217502 0.0140895 0.0121071 0.0120363 0.00920419 0.00665534 0.0049561 0.00860946 0.00930331 0.0156896 0.0114698 0.00855282 0.00243557 0.00046729 0 2.83206e-05
 0 0 0 0 0.000772559 0.00158375 0.000888443 0.00281984 0.00712685 0.0440552 0.0773331 0.111326 0.0921469 0.0852325 0.0710754 0.0886704 0.0786465 0.0553345 0.0373146 0.0185414 0.00753245 0.00457741 0.012979 0.0271748 0.0457355 0.0583668 0.034881 0.0177882 0.00938659 0.00492506 0.0015258 0.00185414 0.000309023 5.79419e-05 3.86279e-05 0
 0 0.00173294 0.00326652 0 0.00397197 0.00683976 0.00946217 0.0152591 0.00757587 0.0136028 0.0228656 0.0392903 0.0559909 0.0764795 0.0681675 0.0726916 0.0566044 0.0477403 0.0527397 0.0444891 0.0609904 0.0582453 0.0661739 0.0445044 0.0529084 0.0360697 0.0280645 0.0235558 0.0158879 0.00826598 0.00280645 0.00217768 0.000904811 0.00058276 9.20147e-05 0
 0 0 0 0 0 0 0 0 0 0 0 0 0 0 0 0 0 0 0 0 0 0 0 0 0 0 0 0 0 0 0 0 0 0 0 0
 0 0 0 0 0 0 0 0 0 0 0 0 0 0 0 0 0 0 0 0 0 0 0 0 0 0 0 0 0 0 0 0 0 0 0 0
 0 0 0 0 0 0 0 0 0 0 0 0 0 0 0 0 0 0 0 0 0 0 0 0 0 0 0 0 0 0 0 0 0 0 0 0
ppred_pel_tallas
 1.08715e-16 1.58942e-05 9.32444e-05 0.000443156 0.00170603 0.00531997 0.0134381 0.0274981 0.0455889 0.0612481 0.066712 0.0589922 0.0425505 0.0254841 0.0135901 0.00808094 0.0073539 0.0094757 0.0132425 0.0180538 0.0235132 0.0291985 0.0346235 0.0393017 0.0428417 0.0450223 0.0458229 0.0453958 0.0439977 0.0419063 0.0393539 0.036496 0.0334176 0.0301621 0.0267676 0.0232921
 1.08105e-16 1.60487e-05 9.41499e-05 0.000447457 0.00172259 0.00537159 0.0135685 0.0277651 0.0460319 0.0618445 0.0673648 0.0595771 0.0429889 0.0257796 0.013807 0.00830021 0.00764476 0.00988925 0.0138132 0.0187976 0.0244214 0.0302316 0.0357085 0.0403373 0.0437104 0.0456086 0.0460331 0.0451738 0.0433343 0.0408392 0.0379592 0.0348746 0.0316792 0.0284114 0.0250931 0.0217602
 1.09248e-16 1.08385e-05 6.35552e-05 0.000301993 0.00116249 0.00362492 0.00915664 0.0187387 0.0310726 0.0417637 0.045537 0.0403805 0.0293724 0.0180854 0.0105458 0.00767201 0.00846638 0.0116848 0.0165295 0.0225349 0.0292808 0.0362422 0.0427973 0.0483264 0.0523371 0.0545637 0.0550051 0.0538891 0.0515817 0.0484776 0.0449095 0.0411036 0.0371827 0.0332017 0.0291936 0.0252038
 1.10011e-16 1.5766e-05 9.24973e-05 0.000439617 0.00169242 0.00527755 0.0133309 0.0272783 0.0452229 0.0607517 0.066159 0.058474 0.0421134 0.0250962 0.0131555 0.00747465 0.00644739 0.00815053 0.0114044 0.0156553 0.0205808 0.025856 0.0310985 0.0359101 0.0399459 0.0429741 0.0449009 0.0457558 0.0456468 0.044707 0.0430549 0.0407794 0.0379503 0.0346413 0.0309515 0.0270148
 1.06296e-16 2.40293e-05 0.000141013 0.00067027 0.00258051 0.00804701 0.0203262 0.0415911 0.0689456 0.0926032 0.1008 0.0889835 0.0638511 0.0375751 0.0188199 0.00929176 0.00643211 0.00720641 0.0097459 0.0131942 0.0171255 0.0211917 0.0250245 0.0282657 0.0306352 0.031987 0.0323293 0.0318015 0.0306185 0.0290049 0.0271414 0.0251405 0.0230509 0.0208828 0.0186379 0.0163334
 1.0494e-16 1.69346e-05 9.93424e-05 0.000472124 0.00181753 0.00566763 0.0143164 0.029296 0.048572 0.065263 0.0711039 0.0629204 0.0454806 0.0274313 0.0149748 0.00943109 0.00911436 0.0119677 0.0166779 0.0225293 0.0289758 0.0354075 0.0411365 0.0455039 0.0480206 0.0484771 0.0469828 0.0439187 0.0398254 0.0352653 0.0307062 0.0264562 0.022657 0.0193224 0.0163947 0.0137975
 1.03969e-16 2.56533e-05 0.000150547 0.000715595 0.00275502 0.00859122 0.0217008 0.0444037 0.0736073 0.0988624 0.107608 0.0949803 0.068126 0.0400342 0.0199465 0.00967426 0.00647519 0.00710097 0.009553 0.0129212 0.0167635 0.0207277 0.0244418 0.027541 0.0297339 0.03086 0.0309134 0.030025 0.0284122 0.0263166 0.0239519 0.0214753 0.0189854 0.0165384 0.0141699 0.011912
 1.04003e-16 1.69599e-05 9.94891e-05 0.000472817 0.00182019 0.00567593 0.0143373 0.0293391 0.0486439 0.0653612 0.0712151 0.0630287 0.0455803 0.0275342 0.0151078 0.00963011 0.00941921 0.0124182 0.0173086 0.0233617 0.0300087 0.0366086 0.0424386 0.046808 0.0492071 0.0494221 0.0475776 0.0440858 0.0395294 0.0345152 0.0295508 0.0249736 0.020943 0.0174778 0.0145154 0.0119674
 1.03584e-16 2.66239e-05 0.000156246 0.000742693 0.00285936 0.00891659 0.0225227 0.0460851 0.0763939 0.102603 0.111675 0.098557 0.0706641 0.0414704 0.0205593 0.00980031 0.00633686 0.00678937 0.00908085 0.0122727 0.0159223 0.0196896 0.0232201 0.0261661 0.0282492 0.0293147 0.0293548 0.0284918 0.0269313 0.0249035 0.0226133 0.020214 0.0178041 0.0154417 0.0131648 0.0110068
 1.0348e-16 1.84076e-05 0.000107989 0.000513231 0.0019758 0.00616119 0.0155631 0.0318469 0.0528002 0.070941 0.0772815 0.0683667 0.0493731 0.0296903 0.0160465 0.00985909 0.00927663 0.0120466 0.0167321 0.0225583 0.0289499 0.0352767 0.0408345 0.044953 0.0471402 0.0471946 0.0452457 0.041705 0.0371499 0.0321811 0.0273002 0.0228402 0.0189567 0.0156644 0.0128954 0.0105539
 1.0512e-16 1.68316e-05 9.8743e-05 0.000469286 0.00180662 0.00563364 0.0142304 0.0291197 0.0482781 0.0648632 0.0706554 0.0624931 0.0451058 0.0270745 0.0145463 0.00881379 0.00818628 0.0106164 0.0148178 0.0201271 0.0260795 0.0321681 0.0378112 0.0424326 0.0455767 0.0470002 0.0467113 0.0449393 0.0420539 0.0384638 0.0345301 0.0305184 0.0265928 0.0228405 0.0193064 0.016022
 1.06343e-16 1.68255e-05 9.87089e-05 0.000469129 0.00180602 0.00563178 0.0142257 0.0291099 0.0482612 0.0648389 0.0706246 0.0624553 0.0450557 0.0269987 0.0144225 0.00861131 0.00786712 0.0101384 0.0141404 0.0192201 0.0249339 0.030806 0.0362922 0.0408539 0.044065 0.0456977 0.0457567 0.0444492 0.0421071 0.0390916 0.0357138 0.0321929 0.0286562 0.0251662 0.021758 0.0184674
 1.05362e-16 2.2416e-05 0.000131537 0.000625214 0.00240701 0.00750597 0.0189596 0.0387953 0.0643126 0.0863856 0.0940456 0.0830523 0.0596642 0.0352505 0.0179143 0.00927275 0.00696533 0.00818114 0.0111817 0.0151497 0.0196417 0.0242606 0.028574 0.0321584 0.0346807 0.0359651 0.0360201 0.035013 0.0332083 0.030891 0.0283036 0.0256134 0.0229129 0.0202424 0.0176211 0.0150708
 1.04039e-16 2.16128e-05 0.000126815 0.00060275 0.0023205 0.00723615 0.0182782 0.0374015 0.0620045 0.0832923 0.0906967 0.0801391 0.0576676 0.0342639 0.0177677 0.00977009 0.00802483 0.00983797 0.0135231 0.0182447 0.0234857 0.0287392 0.0334496 0.0370848 0.0392464 0.0397569 0.0386926 0.0363462 0.0331393 0.0295137 0.0258395 0.0223643 0.019208 0.0163922 0.0138843 0.0116374
 1.03445e-16 2.27741e-05 0.000133635 0.000635177 0.00244536 0.00762552 0.0192617 0.0394137 0.065339 0.087768 0.0955604 0.0844135 0.060693 0.0359603 0.0184618 0.00985631 0.00775917 0.0093194 0.0127595 0.0172158 0.0221802 0.0271721 0.0316678 0.0351637 0.037278 0.0378334 0.0368887 0.0347066 0.0316734 0.0282002 0.0246373 0.0212272 0.018098 0.015288 0.0127843 0.010557
 1.03035e-16 2.39336e-05 0.000140443 0.000667544 0.00256998 0.00801416 0.0202433 0.0414221 0.0686677 0.0922367 0.100419 0.0886891 0.0637315 0.0376888 0.0192166 0.0100447 0.00765255 0.00903259 0.0123122 0.01659 0.0213519 0.0261253 0.0304004 0.0336895 0.0356255 0.0360417 0.0350031 0.0327733 0.0297364 0.0262993 0.0228079 0.0195002 0.0164994 0.013839 0.0114996 0.00944434
 1.03422e-16 2.00303e-05 0.000117521 0.000558556 0.00215033 0.00670546 0.0169378 0.0346592 0.0574602 0.0771938 0.0840715 0.0743221 0.0535622 0.0319861 0.0168832 0.00975717 0.00855558 0.0108031 0.0149397 0.0201662 0.0259461 0.0317227 0.0368767 0.0408131 0.0430854 0.0434938 0.0421224 0.0393 0.0355031 0.0312358 0.0269268 0.0228707 0.0192196 0.0160128 0.0132229 0.0107984
 1.0416e-16 2.05703e-05 0.000120696 0.000573659 0.0022085 0.00688688 0.017396 0.0355963 0.0590121 0.0792734 0.0863228 0.0762797 0.0549024 0.0326454 0.0169748 0.00941148 0.00782622 0.00966534 0.0133348 0.0180494 0.0233244 0.0286792 0.0335793 0.0375031 0.0400467 0.0410073 0.0404181 0.038517 0.0356692 0.0322698 0.0286612 0.025087 0.0216868 0.0185197 0.0156004 0.0129301
 1.04423e-16 2.04503e-05 0.000119991 0.000570307 0.00219559 0.00684662 0.0172943 0.0353883 0.0586675 0.0788112 0.0858213 0.0758409 0.0545959 0.0324818 0.0169236 0.00943615 0.00790515 0.00979269 0.0135122 0.0182776 0.0235974 0.0289821 0.033888 0.0377878 0.0402768 0.0411593 0.0404811 0.038497 0.0355889 0.0321645 0.0285715 0.0250507 0.0217313 0.018658 0.0158298 0.0132342
 1.03485e-16 2.55998e-05 0.00015023 0.000714083 0.00274919 0.00857302 0.0216549 0.0443099 0.0734527 0.0986575 0.107392 0.094806 0.0680368 0.0400533 0.0200879 0.00995906 0.00693972 0.00779196 0.010514 0.0141754 0.0182967 0.0224758 0.0262875 0.0293225 0.0312671 0.0319685 0.0314612 0.0299409 0.0277022 0.0250596 0.0222819 0.0195555 0.0169808 0.0145932 0.0123927 0.0103706
 1.02766e-16 2.40459e-05 0.000141101 0.000670669 0.00258201 0.00805166 0.0203381 0.0416161 0.0689896 0.0926703 0.100894 0.0891156 0.0640533 0.0379097 0.0193849 0.0102215 0.00789054 0.00937092 0.0127767 0.0171909 0.0220783 0.0269403 0.03124 0.0344675 0.0362456 0.0364133 0.0350583 0.03248 0.0291044 0.0253778 0.0216758 0.0182514 0.0152284 0.0126275 0.0104086 0.00851086
 1.03041e-16 2.20526e-05 0.000129396 0.00061502 0.00236774 0.00738347 0.0186503 0.038163 0.0632667 0.0849875 0.0925416 0.0817669 0.058834 0.0349468 0.0181033 0.009925 0.00811799 0.00993171 0.0136444 0.0184034 0.0236821 0.0289646 0.0336847 0.0372992 0.0393986 0.0397977 0.0385692 0.0360086 0.032547 0.0286424 0.0246861 0.0209492 0.017575 0.0146045 0.012018 0.009773
 1.03496e-16 2.20208e-05 0.000129212 0.000614145 0.00236438 0.00737299 0.0186238 0.0381086 0.0631761 0.0848643 0.0924036 0.0816358 0.0587198 0.0348393 0.0179753 0.00974086 0.00783982 0.00952358 0.0130768 0.0176604 0.0227701 0.0279194 0.0325744 0.0362192 0.0384603 0.0391108 0.0382231 0.036057 0.0329993 0.0294637 0.0258055 0.0222731 0.0190023 0.01604 0.0133824 0.0110083
 1.03844e-16 2.09649e-05 0.000123011 0.000584663 0.00225086 0.00701898 0.0177297 0.0362792 0.0601443 0.0807947 0.0879803 0.0777469 0.0559635 0.0332864 0.0173256 0.00963193 0.00803454 0.00992792 0.0136814 0.0184848 0.023831 0.0292153 0.0340801 0.0378864 0.0402244 0.0409011 0.0399747 0.0377199 0.0345436 0.0308788 0.0270954 0.0234495 0.0200775 0.017023 0.0142767 0.0118129
 1.05134e-16 1.53619e-05 9.01095e-05 0.000428231 0.00164853 0.00514063 0.0129852 0.0265722 0.0440572 0.0591999 0.0645067 0.0571029 0.04132 0.0250114 0.0138173 0.00895421 0.00891447 0.011853 0.0165935 0.0224907 0.0290382 0.0356543 0.041672 0.0464401 0.0494589 0.0504863 0.0495796 0.047055 0.0433869 0.0390835 0.0345801 0.0301803 0.0260496 0.0222473 0.0187738 0.0156125
pSPR Fmed_Fpbrs
0.647401   0.255602 0.255602
Fs Fmed_Fpbrs
0.232043   1.005 1.005
SSBpbr Bo_Bmed_Bpbrs
1.16309e+06  694829  239133 239133
Ro
47098.7
SPR SPRFo_SPRFmed_SPRFpbrs
967302 626232 247244
log_Ro
10.58
likeval ReclasPelacesDesembMPH_pf_preclas_ppelaces_ptallas_desvR_qrecl_qpela
 137.864 67.0317 0.0603542 0.000853011 345.57 212.478 81.6413 0 13.9589 0 0 0 0 0 0
q_reclas_q_pelaces
1 1
M
0.7
N
 60311.5 28001.1 13904.9 6904.99 6811.32
 56917.5 28070 12214.3 6065.43 5983.15
 27477.2 26105 11890.7 5174.05 5103.86
 30783.8 11433.1 9101.44 4145.65 3583.36
 66667.6 14623.1 5195.24 4135.74 3512.1
 51644.1 32736.5 7100.38 2522.59 3713.47
 104356 22143.1 12119.2 2628.59 2308.61
 71158.8 47694 9314.01 5097.68 2076.73
 144584 30024.2 17098.4 3339.09 2572.04
 104352 60812.8 10696.1 6091.3 2105.84
 75235.1 45558.8 23342.2 4105.56 3146.37
 49599.9 28032.1 12736.5 6525.57 2027.36
 51959.9 18891.8 8189.3 3720.83 2498.65
 31611.5 17924.8 4527.45 1962.58 1490.51
 19398.8 8865.52 2839.1 717.099 546.931
 17952 6114.46 1773.69 568.007 252.889
 15225.4 7320.23 2047.33 593.89 274.863
 16492.7 6460.12 2653.83 742.225 314.953
 18338.7 7311.26 2556.52 1050.22 418.365
 33431.1 8215.31 2954.66 1033.15 593.492
 47844.7 15029.6 3343.69 1202.57 662.055
 62153 22727.3 6829.38 1519.35 847.273
 83336.6 29152.8 10069.1 3025.69 1048.51
 100323 38686.4 12651.2 4369.6 1768.05
 73073.1 46525.3 16755.1 5479.24 2658.22
pred_Ctot
 2732.51 2466.85 1225 608.318 600.065
 3141.62 2994.01 1302.8 646.952 638.175
 3235.87 5707.61 2599.78 1131.26 1115.91
 963.566 701.994 558.831 254.544 220.02
 535.684 233.838 83.0768 66.1344 56.1618
 5115.73 6093.74 1321.7 469.567 691.244
 6006.45 2459.2 1345.95 291.929 256.393
 7765.88 9717.77 1897.75 1038.66 423.139
 16062.7 6219.53 3541.94 691.695 532.799
 9134.89 10078 1772.57 1009.46 348.982
 13734.8 14795.6 7580.61 1333.32 1021.81
 8438.83 8554.95 3886.96 1991.5 618.717
 11649.6 7325.81 3175.62 1442.85 968.921
 10222.1 9355 2362.89 1024.27 777.899
 5230.11 4006.72 1283.11 324.088 247.182
 2335.53 1465.05 424.985 136.097 60.5935
 1608.44 1447.04 404.709 117.398 54.3342
 1281.01 955.909 392.689 109.828 46.6038
 1298.7 990.694 346.414 142.308 56.6896
 2289.35 1078.05 387.724 135.575 77.8807
 1497.99 923.067 205.357 73.8574 40.6611
 2486.73 1774.03 533.083 118.596 66.1359
 3921.54 2664.59 920.32 276.55 95.8344
 4788.39 3585.04 1172.38 404.927 163.843
 3577.01 4418.38 1591.18 520.348 252.443
F
 0.0648196 0.129639 0.129639 0.129639 0.129639
 0.0794747 0.158949 0.158949 0.158949 0.158949
 0.176847 0.353695 0.353695 0.353695 0.353695
 0.0443832 0.0887664 0.0887664 0.0887664 0.0887664
 0.0112284 0.0224569 0.0224569 0.0224569 0.0224569
 0.146851 0.293702 0.293702 0.293702 0.293702
 0.083002 0.166004 0.166004 0.166004 0.166004
 0.162911 0.325821 0.325821 0.325821 0.325821
 0.166062 0.332124 0.332124 0.332124 0.332124
 0.128768 0.257536 0.257536 0.257536 0.257536
 0.287268 0.574535 0.574535 0.574535 0.574535
 0.265261 0.530522 0.530522 0.530522 0.530522
 0.364285 0.72857 0.72857 0.72857 0.72857
 0.57135 1.1427 1.1427 1.1427 1.1427
 0.454554 0.909108 0.909108 0.909108 0.909108
 0.197061 0.394122 0.394122 0.394122 0.394122
 0.157319 0.314637 0.314637 0.314637 0.314637
 0.113501 0.227003 0.227003 0.227003 0.227003
 0.103016 0.206032 0.206032 0.206032 0.206032
 0.0994623 0.198925 0.198925 0.198925 0.198925
 0.0443953 0.0887907 0.0887907 0.0887907 0.0887907
 0.0570472 0.114094 0.114094 0.114094 0.114094
 0.0673992 0.134798 0.134798 0.134798 0.134798
 0.0683933 0.136787 0.136787 0.136787 0.136787
 0.0701984 0.140397 0.140397 0.140397 0.140397
nmprior
 10.6 11 7 0
nm_flota  nm_reclas  nm_pelaces    nm_pelaL
inf 12.992 13.5944 29.742
cv_recla  cv_pelaces  cv_mph
1.06206 0.928351 0.947579
 ------------------------------------------------
Talla a la edad & desviación 
 7.2 14.2025 17.0495 18.207 18.6776
 1.08 2.13037 2.55742 2.73105 2.80164
