years
 1997 1998 1999 2000 2001 2002 2003 2004 2005 2006 2007 2008 2009 2010 2011 2012 2013 2014 2015 2016 2017 2018 2019 2020 2021
reclasobs
 0 0 0 370054 412103 1.49427e+06 250295 1.28982e+06 931140 785840 897777 1.04006e+06 184774 17550 25797 100020 73551 82996 120727 218422 84188 347160 605670 569463 516374
reclaspred
 399851 115757 385806 282437 392427 466889 1.01311e+06 653630 694621 594049 458187 306521 187632 89898.9 66104.1 69355.9 88340.4 122273 129528 185642 265941 242811 424620 543517 592792
pelacesobs
 0 0 0 0 0 0 0 0 0 2.06254e+06 1.5e+06 0 1.87456e+06 323000 250000 174000 83755 137374 0 501740 490994 745055 786931 1.00524e+06 1.33801e+06
pelacespred
 1.38956e+06 358631 724699 806987 951394 957515 2.3018e+06 1.90618e+06 1.76422e+06 1.53477e+06 1.06785e+06 734379 447671 181930 131246 145996 193351 269220 295178 409998 648630 580759 800299 1.21603e+06 1.37039e+06
mphobs
 0 0 0 0 0 112323 0 153150 637223 0 255016 313432 73983 77613 109348 50772 0 0 0 0 0 0 0 0 0
mphpred
 145263 96141 125283 167441 168027 250080 379017 438397 363395 348234 307417 214336 132333 70335 35777.8 31952.1 39320.2 55153.5 69009.7 79279.7 117959 138133 173748 250184 332981
desembarqueobs
 350755 77701 442110 56441 14545 235359 269955 359681 431902 328805 639364 411747 362871 311530 167758 66681 60226 58785 57116 73181 50977 67692 138656 160484 209506
desembarquepred
 350764 77703.6 442140 56442.5 14545.1 235393 269981 359704 431962 328854 639706 412068 363311 312087 167844 66696.4 60245.1 58788.2 57114.5 73182.7 50978 67688.9 138659 160489 209507
Reclutas
 66361.9 84678.2 54038.1 82663.9 138627 102327 156563 137568 155136 142930 68653.8 40925.2 42623.3 24426.1 19679.3 25491.6 21621.3 24461 27696.7 49713.5 61997.5 80147.5 131678 157936 64380.1
log_desv_Rt
 0.0428785 0.286613 -0.162555 0.262538 0.779545 0.475932 0.901216 0.771872 0.892059 0.810109 0.0768319 -0.440499 -0.399844 -0.956591 -1.17268 -0.913897 -1.07856 -0.955164 -0.830931 -0.245968 -0.0251501 0.231624 0.728116 0.909947 0.01256
SSB
 829102 548735 715063 955687 959034 1.42736e+06 2.16328e+06 2.5022e+06 2.07412e+06 1.98758e+06 1.75461e+06 1.22334e+06 755307 401445 204206 182370 224424 314795 393880 452497 673264 788408 991687 1.42795e+06 1.90052e+06
BT
 2.78205e+06 772895 1.53957e+06 1.5045e+06 1.71418e+06 1.90046e+06 4.3042e+06 3.8236e+06 3.55533e+06 3.06818e+06 2.49777e+06 1.69791e+06 1.16045e+06 628114 378969 316806 395805 529016 577791 793934 1.20292e+06 1.10334e+06 1.52825e+06 2.30881e+06 2.62376e+06
Ftot
 0.357012 0.27125 0.372011 0.0686086 0.0142723 0.145556 0.0905865 0.181985 0.210397 0.178364 0.389631 0.364345 0.572249 0.990063 0.880104 0.342499 0.243932 0.163381 0.138382 0.14374 0.0672333 0.0891571 0.105555 0.100702 0.0991864
BD_Bspro_t
 0.956856 0.798316 0.773632 0.679167 0.781279 0.875171 0.851702 0.855393 0.808529 0.769747 0.727911 0.582096 0.469832 0.357797 0.242088 0.262728 0.385821 0.55504 0.661467 0.73677 0.819092 0.873731 0.878373 0.882664 0.883988
BD_Bspro
 0.634976 0.420254 0.547638 0.731922 0.734486 1.09316 1.65677 1.91633 1.58848 1.52221 1.34379 0.93691 0.578459 0.30745 0.156393 0.13967 0.171877 0.241089 0.301657 0.34655 0.515626 0.60381 0.759494 1.09361 1.45554
BD_Bo
 0.553811 0.366536 0.477637 0.638365 0.640601 0.953425 1.445 1.67138 1.38544 1.32764 1.17202 0.817151 0.504519 0.268151 0.136402 0.121817 0.149908 0.210272 0.263098 0.302253 0.449717 0.526629 0.662413 0.953823 1.26948
BD_Brms
 1.94889 1.28986 1.68083 2.24644 2.25431 3.35515 5.08501 5.88168 4.87543 4.67203 4.12441 2.8756 1.77543 0.943638 0.480007 0.42868 0.527533 0.739958 0.925857 1.06364 1.58258 1.85324 2.33107 3.35655 4.46738
S_f
 0.197893 1 1 1 1
 0.197893 1 1 1 1
 0.197893 1 1 1 1
 0.197893 1 1 1 1
 0.197893 1 1 1 1
 0.197893 1 1 1 1
 0.197893 1 1 1 1
 0.197893 1 1 1 1
 0.197893 1 1 1 1
 0.197893 1 1 1 1
 0.197893 1 1 1 1
 0.197893 1 1 1 1
 0.197893 1 1 1 1
 0.197893 1 1 1 1
 0.197893 1 1 1 1
 0.197893 1 1 1 1
 0.197893 1 1 1 1
 0.197893 1 1 1 1
 0.197893 1 1 1 1
 0.197893 1 1 1 1
 0.197893 1 1 1 1
 0.197893 1 1 1 1
 0.197893 1 1 1 1
 0.197893 1 1 1 1
 0.197893 1 1 1 1
Scru_reclas
 1 1 1 1 1
 1 1 1 1 1
 1 1 1 1 1
 1 1 1 1 1
 1 1 1 1 1
 1 1 1 1 1
 1 1 1 1 1
 1 1 1 1 1
 1 1 1 1 1
 1 1 1 1 1
 1 1 1 1 1
 1 1 1 1 1
 1 1 1 1 1
 1 1 1 1 1
 1 1 1 1 1
 1 1 1 1 1
 1 1 1 1 1
 1 1 1 1 1
 1 1 1 1 1
 1 1 1 1 1
 1 1 1 1 1
 1 1 1 1 1
 1 1 1 1 1
 1 1 1 1 1
 1 1 1 1 1
Scru_pelaces
 1 1 1 1 1
 1 1 1 1 1
 1 1 1 1 1
 1 1 1 1 1
 1 1 1 1 1
 1 1 1 1 1
 1 1 1 1 1
 1 1 1 1 1
 1 1 1 1 1
 1 1 1 1 1
 1 1 1 1 1
 1 1 1 1 1
 1 1 1 1 1
 1 1 1 1 1
 1 1 1 1 1
 1 1 1 1 1
 1 1 1 1 1
 1 1 1 1 1
 1 1 1 1 1
 1 1 1 1 1
 1 1 1 1 1
 1 1 1 1 1
 1 1 1 1 1
 1 1 1 1 1
 1 1 1 1 1
pf_obs 
 0.256992 0.487395 0.22802 0.0275931 0
 0.321318 0.546541 0.124235 0.00734118 0.000564706
 0.182869 0.594174 0.210203 0.0122559 0.00049798
 0.330522 0.361315 0.267642 0.0388342 0.00168674
 0.649043 0.306663 0.0425973 0.00169635 0
 0.582887 0.30429 0.105238 0.00758474 0
 0.465427 0.430635 0.0974691 0.00646863 0
 0.296916 0.608066 0.0921331 0.00288517 0
 0.311714 0.524322 0.152257 0.0117073 0
 0.15457 0.633149 0.183074 0.0267441 0.00246327
 0.131901 0.49318 0.331252 0.0422183 0.00144891
 0.196976 0.569456 0.194076 0.0375587 0.00193317
 0.518974 0.381816 0.0799577 0.0180837 0.00116848
 0.0928022 0.601141 0.25162 0.0475244 0.00691264
 0.122501 0.610282 0.24278 0.0234846 0.000952079
 0.383417 0.481906 0.127806 0.00687128 0
 0.0376549 0.599619 0.316969 0.0457579 0
 0.0361596 0.667082 0.258105 0.0386534 0
 0.158088 0.579412 0.248529 0.0139706 0
 0.0477256 0.309471 0.559284 0.082774 0.000745712
 0.0406174 0.521527 0.379366 0.0568643 0.0016247
 0.151134 0.462217 0.34131 0.0453401 0
 0.294876 0.26143 0.354403 0.0886775 0.000613685
 0.281977 0.475581 0.204845 0.0348837 0.00271318
 0.0354234 0.537034 0.353287 0.0723622 0.0018943
pf_pred 
 0.369535 0.444811 0.16602 0.0196239 1.04034e-05
 0.317752 0.53037 0.107154 0.0399938 0.00472985
 0.181297 0.595308 0.173664 0.0350864 0.0146443
 0.277228 0.412407 0.225678 0.065835 0.0188526
 0.312164 0.458483 0.130867 0.071613 0.0268734
 0.177997 0.573518 0.16563 0.0472765 0.0355789
 0.25878 0.399461 0.238448 0.068863 0.0344483
 0.197395 0.519778 0.152422 0.0909846 0.0394205
 0.223524 0.446059 0.213983 0.0627494 0.0536854
 0.200434 0.492163 0.176593 0.084715 0.046096
 0.115817 0.511688 0.229284 0.0822695 0.0609411
 0.113824 0.391831 0.286084 0.128192 0.0800688
 0.18988 0.351887 0.202612 0.147931 0.10769
 0.175444 0.501129 0.140485 0.0808895 0.102052
 0.247489 0.477657 0.167044 0.0468287 0.0609811
 0.331284 0.47969 0.119984 0.0419604 0.0270811
 0.226839 0.576493 0.141076 0.0352871 0.020305
 0.238022 0.475239 0.213801 0.0523202 0.0206172
 0.235455 0.481379 0.176608 0.0794528 0.0271049
 0.325255 0.420784 0.159901 0.0586645 0.0353956
 0.274373 0.524051 0.125706 0.0477694 0.0280998
 0.263226 0.488654 0.179193 0.0429837 0.0259426
 0.310985 0.449726 0.158705 0.0581983 0.0223858
 0.262838 0.519845 0.141844 0.0500557 0.0254163
 0.100816 0.587568 0.219752 0.0599611 0.0319039
pobs_RECLAS
 0 0 0 0 0
 0 0 0 0 0
 0 0 0 0 0
 0 0 0 0 0
 0.835266 0.146461 0.0176864 0.000547809 3.91292e-05
 0.385257 0.428462 0.181853 0.0044286 0
 0.867414 0.0963971 0.0333333 0.00285562 0
 0.441836 0.489002 0.0689373 0.000224442 0
 0.779404 0.147425 0.0564933 0.0165055 0.000172143
 0.814271 0.122319 0.05973 0.00367925 0
 0.40263 0.566651 0.0304383 0.000280538 0
 0.475488 0.404961 0.113038 0.00651328 0
 0.955842 0.0263864 0.0167828 0.000988607 0
 0.975058 0.0227948 0.00214734 0 0
 0.738997 0.206755 0.0527124 0.00153531 0
 0.850938 0.134255 0.0134407 0.00136685 0
 0.542534 0.407297 0.0501686 0 0
 0.764087 0.199537 0.0359546 0.000420521 0
 0.470689 0.182191 0.310203 0.0369168 0
 0.84361 0.089868 0.0606195 0.00523954 0.000663233
 0.607945 0.314616 0.071237 0.00620181 0
 0.523733 0.453247 0.0230204 0 0
 0.530135 0.295979 0.169645 0.0042399 0
 0.562478 0.366248 0.0663022 0.0049721 0
 0.250443 0.683176 0.0655157 0.000865301 0
ppred_RECLAS
 0.751629 0.175233 0.0654033 0.0077308 4.09842e-06
 0.705027 0.229308 0.0463284 0.0172915 0.00204497
 0.533715 0.339053 0.0989089 0.0199831 0.00834052
 0.660415 0.193764 0.106032 0.0309317 0.00885764
 0.696499 0.202301 0.0577437 0.0315986 0.0118576
 0.524389 0.331838 0.0958336 0.0273542 0.020586
 0.639279 0.194401 0.116043 0.0335128 0.0167646
 0.556534 0.287195 0.0842183 0.050272 0.0217811
 0.595384 0.232438 0.111505 0.0326983 0.0279751
 0.561182 0.270109 0.0969178 0.0464933 0.0252985
 0.404038 0.344891 0.154543 0.0554517 0.0410758
 0.398867 0.265797 0.194064 0.0869587 0.0543143
 0.551909 0.194635 0.112068 0.0818232 0.059565
 0.538818 0.280286 0.0785747 0.0452423 0.057079
 0.640673 0.228083 0.0797642 0.0223609 0.0291187
 0.718713 0.201776 0.0504699 0.0176501 0.0113913
 0.600468 0.297903 0.0729011 0.0182347 0.0104926
 0.614223 0.240606 0.108244 0.0264889 0.0104382
 0.610506 0.245237 0.0899723 0.0404769 0.0138085
 0.710493 0.180542 0.0686074 0.0251707 0.0151869
 0.657186 0.247582 0.0593883 0.0225681 0.0132754
 0.64456 0.235741 0.0864478 0.0207365 0.0125154
 0.696322 0.198213 0.0699479 0.0256504 0.00986638
 0.644244 0.250879 0.0684544 0.024157 0.012266
 0.362813 0.416367 0.155722 0.0424901 0.022608
pobs_PELACES
 0 0 0 0 0
 0 0 0 0 0
 0 0 0 0 0
 0 0 0 0 0
 0 0 0 0 0
 0 0 0 0 0
 0 0 0 0 0
 0 0 0 0 0
 0 0 0 0 0
 0 0 0 0 0
 0.450072 0.473896 0.0757376 0.000293798 0
 0 0 0 0 0
 0.463077 0.371075 0.160297 0.00555027 0
 0.529543 0.364841 0.0842815 0.0213345 0
 0.631943 0.363953 0.00410389 0 0
 0.735681 0.248677 0.0153453 0.000297389 0
 0.695825 0.281241 0.0229344 0 0
 0.275771 0.60734 0.115278 0.00161068 0
 0 0 0 0 0
 0.896147 0.0623911 0.0374545 0.00400742 0
 0.803859 0.145111 0.0509908 3.86294e-05 0
 0.739449 0.233085 0.0266225 0.000797448 4.60066e-05
 0.878498 0.100942 0.0204185 0.000141795 0
 0.694673 0.275183 0.0284847 0.00165964 0
 0.469039 0.446079 0.0841089 0.000773354 0
ppred_PELACES
 0.768848 0.163084 0.060869 0.00719484 3.81428e-06
 0.719736 0.217874 0.0440183 0.0164292 0.001943
 0.55812 0.321307 0.0937321 0.0189372 0.00790398
 0.664476 0.191447 0.104764 0.0305618 0.00875172
 0.697297 0.201769 0.0575919 0.0315155 0.0118265
 0.533988 0.32514 0.0938995 0.0268021 0.0201705
 0.64479 0.191431 0.11427 0.0330008 0.0165085
 0.568388 0.279518 0.0819671 0.0489282 0.0211989
 0.608725 0.224774 0.107828 0.0316201 0.0270526
 0.572772 0.262974 0.0943578 0.0452653 0.0246302
 0.429098 0.330388 0.148045 0.05312 0.0393486
 0.4222 0.25548 0.186531 0.0835834 0.052206
 0.589006 0.178521 0.10279 0.0750491 0.0546337
 0.602921 0.241327 0.0676531 0.0389537 0.0491452
 0.692375 0.195265 0.0682873 0.0191435 0.0249289
 0.736672 0.188893 0.0472475 0.0165232 0.010664
 0.615853 0.286432 0.0700938 0.0175325 0.0100886
 0.624418 0.234247 0.105384 0.0257888 0.0101623
 0.619179 0.239775 0.0879687 0.0395755 0.013501
 0.718256 0.175701 0.0667678 0.0244957 0.0147797
 0.661185 0.244694 0.0586957 0.0223049 0.0131206
 0.649948 0.232167 0.0851373 0.0204222 0.0123257
 0.702197 0.194378 0.0685946 0.0251541 0.00967549
 0.650329 0.246587 0.0672835 0.0237438 0.0120562
 0.368904 0.412387 0.154234 0.042084 0.0223919
pobs_pel_tallas
 0 0 0 0 0 0 0 0 0 0 0 0 0 0 0 0 0 0 0 0 0 0 0 0 0 0 0 0 0 0 0 0 0 0 0 0
 0 0 0 0 0 0 0 0 0 0 0 0 0 0 0 0 0 0 0 0 0 0 0 0 0 0 0 0 0 0 0 0 0 0 0 0
 0 0 0 0 0 0 0 0 0 0 0 0 0 0 0 0 0 0 0 0 0 0 0 0 0 0 0 0 0 0 0 0 0 0 0 0
 0 0 0 0 0 0 0 0 0 0 0 0 0 0 0 0 0 0 0 0 0 0 0 0 0 0 0 0 0 0 0 0 0 0 0 0
 0 0 0 0 0 0 0 0 0 0 0 0 0 0 0 0 0 0 0 0 0 0 0 0 0 0 0 0 0 0 0 0 0 0 0 0
 0 0 0 0 0 0 0 0 0 0 0 0 0 0 0 0 0 0 0 0 0 0 0 0 0 0 0 0 0 0 0 0 0 0 0 0
 0 0 0 0 0 0 0 0 0 0 0 0 0 0 0 0 0 0 0 0 0 0 0 0 0 0 0 0 0 0 0 0 0 0 0 0
 0 0 0 0 0 0 0 0 0 0 0 0 0 0 0 0 0 0 0 0 0 0 0 0 0 0 0 0 0 0 0 0 0 0 0 0
 0 0 0 0 0 0 0 0 0 0 0 0 0 0 0 0 0 0 0 0 0 0 0 0 0 0 0 0 0 0 0 0 0 0 0 0
 0 0 0 0 0 0 0 0 0 0 0 0 0 0 0 0 0 0 0 0 0 0 0 0 0 0 0 0 0 0 0 0 0 0 0 0
 0 0 0 0 0 0 0 0 1.78061e-05 0.00172719 0.00360574 0.0105946 0.0120993 0.0124554 0.0147524 0.0171206 0.0266825 0.0428682 0.0675386 0.121331 0.153587 0.119568 0.100827 0.0573624 0.0630603 0.0341343 0.0324427 0.0444173 0.0211091 0.0280891 0.0125444 0.00206551 0 0 0 0
 0 0 0 0 0 0 0 0 0 0 0 0 0 0 0 0 0 0 0 0 0 0 0 0 0 0 0 0 0 0 0 0 0 0 0 0
 0 0 0 0 0 0 0.0133647 0.0140871 0.0187388 0.0205184 0.03894 0.0496705 0.03968 0.0493445 0.0407372 0.0367815 0.0215668 0.0243155 0.0234873 0.0199281 0.019796 0.0243948 0.0301388 0.0376714 0.0412746 0.0863199 0.0771752 0.113111 0.0741005 0.0525337 0.0229764 0.00759418 0.00175318 0 0 0
 0 0 0 0 0 0 0 0 0 0 0.00219441 0.00772107 0.0458388 0.0604681 0.0671733 0.0775358 0.0609151 0.0617685 0.073594 0.0568108 0.0755445 0.0548602 0.0670107 0.0636378 0.0643287 0.046367 0.0373049 0.0286899 0.0247887 0.0153202 0.00654259 0.00121912 0.000365735 0 0 0
 0 0 0 0 0 0 0 0 0 0 0 0 0.000112435 0.00938835 0.0111873 0.0202946 0.0414886 0.0713402 0.111592 0.104902 0.108894 0.110636 0.117776 0.105296 0.107544 0.0401394 0.0192827 0.0124803 0.00416011 0.0028671 0.000618394 0 0 0 0 0
 0 0 0 0 0 0 0 0 0 0 0.00291406 0.0102884 0.027416 0.0768956 0.0749926 0.110853 0.0956884 0.0897413 0.0766577 0.0534642 0.0500743 0.0551293 0.0594112 0.0620874 0.0668451 0.0424026 0.0208742 0.0120726 0.0048766 0.00582813 0.00118941 0.000297354 0 0 0 0
 0 0.00264628 0.0354308 0.0461629 0.0458689 0.0383711 0.0214643 0.0164657 0.0346957 0.0420465 0.0363128 0.0245516 0.0311673 0.0291091 0.0169068 0.0133784 0.00837989 0.0085269 0.0148486 0.0160247 0.0276389 0.0546898 0.0760071 0.122758 0.109233 0.0665981 0.0333725 0.0166128 0.00676272 0.00308733 0.000882094 0 0 0 0 0
 0 0 0 0 0 0 0 0.000805153 0.000690131 0.00759144 0.0133425 0.0154129 0.00931677 0.000345066 0.00356568 0.00563607 0.00851162 0.0253048 0.0502646 0.0516448 0.0657925 0.0565908 0.0611916 0.0827007 0.0866115 0.110766 0.145733 0.0935128 0.0569358 0.0249597 0.0138026 0.00621118 0.00161031 0.00115022 0 0
 0 0 0 0 0 0 0 0 0 0 0 0 0 0 0 0 0 0 0 0 0 0 0 0 0 0 0 0 0 0 0 0 0 0 0 0
 0.00147267 0.00158595 0.00478618 0.00569244 0.00954404 0.0108468 0.00647125 0.017049 0.0510054 0.094081 0.124002 0.0959785 0.0687766 0.0820023 0.061753 0.0591476 0.0492212 0.0479892 0.0443925 0.0268479 0.0217502 0.0140895 0.0121071 0.0120363 0.00920419 0.00665534 0.0049561 0.00860946 0.00930331 0.0156896 0.0114698 0.00855282 0.00243557 0.00046729 0 2.83206e-05
 0 0 0 0 0.000772559 0.00158375 0.000888443 0.00281984 0.00712685 0.0440552 0.0773331 0.111326 0.0921469 0.0852325 0.0710754 0.0886704 0.0786465 0.0553345 0.0373146 0.0185414 0.00753245 0.00457741 0.012979 0.0271748 0.0457355 0.0583668 0.034881 0.0177882 0.00938659 0.00492506 0.0015258 0.00185414 0.000309023 5.79419e-05 3.86279e-05 0
 0 0.00173294 0.00326652 0 0.00397197 0.00683976 0.00946217 0.0152591 0.00757587 0.0136028 0.0228656 0.0392903 0.0559909 0.0764795 0.0681675 0.0726916 0.0566044 0.0477403 0.0527397 0.0444891 0.0609904 0.0582453 0.0661739 0.0445044 0.0529084 0.0360697 0.0280645 0.0235558 0.0158879 0.00826598 0.00280645 0.00217768 0.000904811 0.00058276 9.20147e-05 0
 0 0 0 0 0 0 0 0 0 0 0 0 0 0 0 0 0 0 0 0 0 0 0 0 0 0 0 0 0 0 0 0 0 0 0 0
 0 0 0 0 0 0 0 0 0 0 0 0 0 0 0 0 0 0 0 0 0 0 0 0 0 0 0 0 0 0 0 0 0 0 0 0
 0 0 0 0 0 0 0 0 0 0 0 0 0 0 0 0 0 0 0 0 0 0 0 0 0 0 0 0 0 0 0 0 0 0 0 0
ppred_pel_tallas
 1.01165e-16 3.35448e-05 0.000196883 0.0009359 0.00360327 0.0112365 0.0283825 0.0580742 0.096264 0.129279 0.140678 0.12408 0.088804 0.0517931 0.0250736 0.0109392 0.00572385 0.00511283 0.00646149 0.00860622 0.0110666 0.0135476 0.0157753 0.0174934 0.0185074 0.0187253 0.0181742 0.0169848 0.015353 0.0134899 0.0115798 0.00975474 0.00809048 0.00661654 0.00533366 0.0042298
 1.01352e-16 3.14054e-05 0.000184318 0.000876154 0.00337322 0.0105191 0.0265704 0.0543669 0.0901207 0.121034 0.131722 0.116217 0.0832552 0.0487159 0.0238808 0.0109247 0.00644204 0.00641069 0.00835283 0.0111489 0.014287 0.017401 0.0201315 0.0221438 0.0231925 0.0231757 0.0221565 0.0203381 0.0180079 0.0154669 0.0129693 0.0106869 0.0087044 0.00703559 0.00565134 0.00450578
 1.02456e-16 2.43625e-05 0.000142961 0.000679512 0.00261606 0.00815786 0.0206063 0.0421648 0.0698988 0.0938902 0.102219 0.090277 0.0648694 0.0383554 0.0195445 0.010196 0.00774238 0.00911962 0.0124192 0.0167212 0.0215002 0.0262738 0.0305222 0.0337492 0.0355824 0.0358549 0.0346375 0.0322051 0.0289578 0.02532 0.0216551 0.0182153 0.0151339 0.0124485 0.0101387 0.00816122
 1.03009e-16 2.89949e-05 0.000170169 0.000808888 0.00311424 0.00971144 0.0245304 0.0501927 0.0832014 0.111741 0.121608 0.107294 0.0768626 0.0449758 0.0220505 0.0100982 0.00598166 0.00599973 0.00788269 0.0106211 0.0137706 0.0170217 0.0200645 0.0225974 0.0243799 0.0252791 0.0252899 0.0245202 0.0231497 0.0213792 0.019387 0.0173059 0.0152206 0.0131808 0.0112184 0.00936128
 1.02519e-16 3.04263e-05 0.000178572 0.000848837 0.00326805 0.0101911 0.0257419 0.0526717 0.0873105 0.11726 0.127612 0.112588 0.0806483 0.0471764 0.0231008 0.0105272 0.00615664 0.00609556 0.00795064 0.0106498 0.0137145 0.0168111 0.0196116 0.0218069 0.0231636 0.023574 0.0230743 0.0218244 0.0200581 0.0180222 0.0159241 0.0139042 0.012033 0.010328 0.0087782 0.00736592
 1.03303e-16 2.33103e-05 0.000136783 0.000650144 0.00250299 0.00780523 0.0197156 0.0403424 0.0668783 0.0898347 0.097808 0.0863926 0.0621022 0.0367674 0.0188245 0.00996602 0.007745 0.00923802 0.0126228 0.0170161 0.0219038 0.026805 0.0311985 0.0345849 0.0365887 0.0370395 0.0360039 0.0337517 0.0306755 0.0271906 0.023649 0.0202917 0.0172424 0.0145326 0.012141 0.010029
 1.0359e-16 2.81365e-05 0.000165129 0.00078493 0.00302199 0.00942376 0.0238037 0.048706 0.0807372 0.108433 0.118009 0.104123 0.0746007 0.043672 0.0214486 0.00988663 0.00594704 0.00604331 0.00797739 0.0107722 0.0139966 0.0173467 0.0205153 0.0232011 0.0251605 0.0262539 0.026466 0.0258915 0.0246955 0.0230646 0.0211651 0.0191217 0.0170167 0.0149021 0.0128176 0.0108022
 1.03927e-16 2.48084e-05 0.000145583 0.000691988 0.00266411 0.00830771 0.0209848 0.0429389 0.0711806 0.0956078 0.104077 0.0918924 0.0659731 0.0388932 0.0196074 0.00988761 0.00710065 0.0081153 0.010992 0.0148201 0.0191157 0.0234606 0.0274104 0.0305387 0.032522 0.0332084 0.0326432 0.031041 0.0287173 0.0260043 0.0231808 0.0204338 0.0178565 0.0154719 0.0132671 0.0112229
 1.03955e-16 2.65652e-05 0.000155901 0.000741054 0.00285305 0.00889691 0.022473 0.0459834 0.0762255 0.102377 0.111429 0.0983424 0.0705141 0.0413902 0.0205336 0.00981098 0.00637238 0.00684536 0.00915574 0.0123634 0.0160217 0.0197857 0.0232968 0.0262061 0.0282385 0.0292468 0.0292351 0.0283387 0.0267749 0.0247807 0.0225617 0.0202641 0.0179738 0.0157331 0.0135642 0.0114877
 1.04132e-16 2.4999e-05 0.000146703 0.000697316 0.00268463 0.0083717 0.0211464 0.0432694 0.0717281 0.0963416 0.104872 0.0925843 0.0664486 0.0391311 0.0196491 0.00978145 0.0068683 0.00775116 0.0104783 0.014143 0.0182779 0.0224891 0.0263591 0.0294847 0.0315554 0.0324174 0.0320991 0.0307854 0.028756 0.0263089 0.0236962 0.0210902 0.0185816 0.0162013 0.0139509 0.0118286
 1.05874e-16 1.87369e-05 0.000109933 0.000522492 0.00201149 0.00627252 0.0158442 0.0324212 0.0537492 0.0722062 0.0786341 0.0695023 0.0500608 0.0298402 0.0156523 0.00889754 0.00765338 0.00960966 0.0133254 0.0180874 0.023445 0.0289393 0.0340533 0.0382776 0.0412117 0.0426446 0.0425882 0.041247 0.0389448 0.0360322 0.0328107 0.0294914 0.0261947 0.0229752 0.0198581 0.0168673
 1.08043e-16 1.84331e-05 0.000108156 0.00051406 0.00197905 0.00617139 0.0155886 0.0318978 0.0528796 0.0710324 0.0773412 0.0683249 0.0491376 0.0291397 0.0150124 0.00811006 0.00652157 0.00796734 0.0110466 0.0151072 0.0197903 0.0247571 0.0296206 0.0339838 0.0375105 0.0399848 0.0413375 0.0416294 0.0410049 0.0396354 0.0376738 0.0352363 0.0324076 0.0292619 0.0258847 0.0223833
 1.06649e-16 2.57034e-05 0.000150846 0.000717031 0.00276057 0.00860854 0.0217445 0.0444926 0.0737531 0.0990536 0.107804 0.095123 0.0681633 0.0399252 0.01965 0.00913076 0.00559921 0.00578924 0.00770497 0.0104672 0.0136959 0.0171266 0.0204895 0.0235152 0.0259805 0.027747 0.0287779 0.0291232 0.0288844 0.0281735 0.0270808 0.0256634 0.023953 0.0219743 0.0197649 0.0173868
 1.04674e-16 2.63126e-05 0.000154417 0.000733996 0.00282587 0.00881215 0.0222589 0.0455455 0.0755 0.101404 0.110374 0.0974198 0.0698715 0.0410508 0.0204348 0.00987769 0.00656127 0.00714625 0.00957332 0.0128987 0.0166596 0.0204887 0.0240059 0.026848 0.0287391 0.0295486 0.0293125 0.0282077 0.0264931 0.0244377 0.0222612 0.0201038 0.0180269 0.0160364 0.0141146 0.0122467
 1.02856e-16 3.02114e-05 0.000177311 0.000842844 0.00324498 0.0101191 0.0255602 0.0522998 0.0866939 0.116431 0.12671 0.11179 0.0800718 0.04683 0.0229143 0.0104145 0.00605429 0.00596813 0.00778206 0.0104364 0.0134635 0.0165409 0.0193521 0.0215966 0.0230454 0.0235874 0.0232492 0.022175 0.0205806 0.0186951 0.0167127 0.0147657 0.012923 0.0112056 0.00960991 0.00812725
 1.01799e-16 3.21427e-05 0.00018865 0.000896752 0.00345254 0.0107664 0.0271951 0.055645 0.0922383 0.123875 0.134806 0.118919 0.08515 0.0497422 0.0242307 0.0108272 0.00603258 0.00572205 0.00736155 0.0098225 0.0126154 0.0154149 0.0179099 0.0198102 0.0209001 0.021085 0.0204091 0.0190357 0.0171991 0.0151456 0.0130827 0.0111508 0.00941973 0.00790333 0.00658339 0.00543116
 1.02163e-16 2.68785e-05 0.000157735 0.000749759 0.00288654 0.00900135 0.0227369 0.0465238 0.0771228 0.103587 0.112759 0.0995449 0.0714403 0.0420619 0.0211031 0.0104719 0.0073017 0.00818619 0.0110125 0.0147879 0.018989 0.0231721 0.0268719 0.0296485 0.031175 0.0313107 0.0301283 0.0278835 0.0249419 0.0216885 0.0184498 0.0154482 0.0127959 0.0105166 0.00858053 0.00693797
 1.02934e-16 2.72499e-05 0.00015992 0.000760158 0.0029266 0.00912628 0.0230523 0.0471689 0.0781907 0.105017 0.114303 0.100879 0.0723351 0.0424628 0.0210724 0.010078 0.00655552 0.00704287 0.00940777 0.0126786 0.0163877 0.0201699 0.0236465 0.0264512 0.0282987 0.0290423 0.0286986 0.0274264 0.0254742 0.0231131 0.0205799 0.0180461 0.0156131 0.0133288 0.011211 0.00926803
 1.03318e-16 2.70216e-05 0.00015858 0.000753784 0.00290206 0.00904974 0.022859 0.0467734 0.0775353 0.104137 0.113347 0.100039 0.0717408 0.04213 0.0209367 0.0100618 0.00660761 0.00714231 0.00955026 0.0128639 0.0166124 0.0204243 0.0239151 0.0267148 0.028539 0.0292471 0.0288661 0.0275677 0.0256118 0.0232767 0.0208 0.0183467 0.0160067 0.013813 0.0117694 0.00987343
 1.02538e-16 3.13392e-05 0.000183934 0.000874332 0.00336622 0.0104972 0.0265152 0.0542537 0.089932 0.120777 0.131433 0.115941 0.0830116 0.0484809 0.0235944 0.0105077 0.00580991 0.00548208 0.00706028 0.00945534 0.0122054 0.0150111 0.0175857 0.0196574 0.0210173 0.0215614 0.0213083 0.0203822 0.0189719 0.0172798 0.0154789 0.013689 0.0119756 0.0103632 0.008855 0.00745008
 1.02293e-16 2.88534e-05 0.000169333 0.000804908 0.00309889 0.00966357 0.0244095 0.0499459 0.0827937 0.111198 0.121028 0.106809 0.0765745 0.0449256 0.0222448 0.0105521 0.00674179 0.00713674 0.00946678 0.0126912 0.0163054 0.0199183 0.0231324 0.025573 0.0269616 0.0271772 0.0262788 0.0244799 0.022086 0.0194176 0.0167444 0.0142485 0.0120192 0.0100732 0.00838509 0.00691557
 1.02562e-16 2.8363e-05 0.000166455 0.000791227 0.00304622 0.00949932 0.0239946 0.0490969 0.0813862 0.109307 0.118969 0.104989 0.0752635 0.0441443 0.0218363 0.0103241 0.00655501 0.00691713 0.00918482 0.0123451 0.0159156 0.0195275 0.0228037 0.0253841 0.0269932 0.0274985 0.0269329 0.0254731 0.0233844 0.0209511 0.0184182 0.0159577 0.0136648 0.0115742 0.00968628 0.00798981
 1.02354e-16 3.06397e-05 0.000179825 0.000854798 0.003291 0.0102627 0.0259227 0.0530416 0.0879234 0.118082 0.128505 0.113371 0.0811996 0.0474792 0.0232124 0.0105167 0.00606695 0.00594083 0.00772937 0.0103578 0.0133532 0.0163914 0.019155 0.0213431 0.0227261 0.023193 0.0227707 0.0216054 0.0199157 0.0179358 0.0158659 0.0138453 0.0119497 0.0102057 0.00861288 0.00716322
 1.02415e-16 2.83801e-05 0.000166555 0.000791697 0.00304803 0.00950496 0.0240089 0.0491261 0.081435 0.109374 0.119045 0.105063 0.0753312 0.044214 0.0219259 0.0104575 0.00675763 0.00721341 0.00959407 0.0128759 0.0165592 0.0202531 0.0235574 0.0260933 0.0275768 0.027881 0.0270587 0.0253176 0.0229582 0.0202978 0.0176049 0.0150627 0.0127641 0.0107315 0.00894634 0.00737677
 1.04817e-16 1.61156e-05 9.45353e-05 0.000449274 0.00172955 0.0053933 0.0136234 0.027878 0.0462211 0.0621048 0.0676644 0.05988 0.0432902 0.0261252 0.0142907 0.00904808 0.00880097 0.0116024 0.0162155 0.0219735 0.0283701 0.0348341 0.0407123 0.0453672 0.0483088 0.0492986 0.0483905 0.0458923 0.0422678 0.0380151 0.0335632 0.0292133 0.0251324 0.0213835 0.0179705 0.0148792
pSPR Fmed_Fpbrs
0.740699   0.334167 0.334167
Fs Fmed_Fpbrs
0.183424   1.005 1.005
SSBpbr Bo_Bmed_Bpbrs
1.49708e+06  1.03403e+06  425422 425422
Ro
63576.6
SPR SPRFo_SPRFmed_SPRFpbrs
1.30572e+06 967147 436330
log_Ro
10.88
likeval ReclasPelacesDesembMPH_pf_preclas_ppelaces_ptallas_desvR_qrecl_qpela
 63.647 24.4403 0.0302927 0.000202598 318.864 201.857 78.4063 0 16.1083 0.000101127 0 0 0 0 0
q_reclas_q_pelaces
0.240507 1
M
0.7
N
 66361.9 17853.1 6663.42 787.63 0.417556
 84678.2 30706.5 6203.81 2315.49 273.841
 54038.1 39852.3 11625.8 2348.82 980.345
 82663.9 24930 13642.2 3979.72 1139.64
 138627 40496.1 11559 6325.31 2373.63
 102327 68646.2 19824.8 5658.68 4258.55
 156563 49371.4 29471.1 8511.15 4257.65
 137568 76365.7 22393.8 13367.4 5791.65
 155136 65897.6 31612.4 9270.16 7931.11
 142930 73896.7 26514.9 12719.7 6921.18
 68653.8 68515.3 30701.3 11015.9 8160.04
 40925.2 31562.6 23044.5 10326.1 6449.66
 42623.3 18909.1 10887.6 7949.28 5786.85
 24426.1 18899.9 5298.35 3050.72 3848.87
 19679.3 9971.47 3487.18 977.587 1273.03
 25491.6 8210.41 2053.66 718.198 463.523
 21621.3 11829.2 2894.76 724.064 416.642
 24461 10230.8 4602.67 1126.34 443.843
 27696.7 11760.5 4314.7 1941.1 662.198
 49713.5 13382.2 5085.36 1865.72 1125.69
 61997.5 23994.7 5755.69 2187.21 1286.6
 80147.5 30380.2 11140.6 2672.34 1612.88
 131678 39104 13799.5 5060.38 1946.46
 157936 64037.7 17473.2 6166.17 3130.94
 64380.1 76881.4 28753.8 7845.72 4174.53
pred_Ctot
 3268.74 3934.6 1468.54 173.584 0.0920243
 3192.59 5328.85 1076.62 401.834 47.5228
 2769.96 9095.46 2653.34 536.069 223.743
 802.321 1193.54 653.131 190.532 54.561
 281.229 413.047 117.898 64.5161 24.2103
 2092.98 6743.71 1947.56 555.901 418.355
 2002.51 3091.13 1845.17 532.881 266.57
 3506.85 9234.21 2707.88 1616.4 700.332
 4560.86 9101.54 4366.19 1280.36 1095.42
 3572.17 8771.42 3147.27 1509.81 821.533
 3680.23 16259.5 7285.77 2614.21 1936.47
 2055.93 7077.42 5167.37 2315.47 1446.24
 3303.47 6122.03 3524.98 2573.67 1873.56
 3161.03 9028.99 2531.16 1457.41 1838.71
 2285.03 4410.15 1542.3 432.364 563.031
 1206.09 1746.39 436.821 152.763 98.593
 734.821 1867.49 456.999 114.309 65.7757
 560.716 1119.54 503.658 123.252 48.5685
 538.916 1101.79 404.225 181.854 62.0385
 1004.3 1299.26 493.73 181.139 109.292
 589.746 1126.41 270.196 102.677 60.3985
 1009.07 1873.24 686.932 164.777 99.4501
 1959.96 2834.37 1000.23 366.79 141.085
 2243.66 4437.53 1210.82 427.289 216.96
 900.947 5250.84 1963.83 535.847 285.112
F
 0.07065 0.357012 0.357012 0.357012 0.357012
 0.0536785 0.27125 0.27125 0.27125 0.27125
 0.0736183 0.372011 0.372011 0.372011 0.372011
 0.0135771 0.0686086 0.0686086 0.0686086 0.0686086
 0.00282439 0.0142723 0.0142723 0.0142723 0.0142723
 0.0288045 0.145556 0.145556 0.145556 0.145556
 0.0179264 0.0905865 0.0905865 0.0905865 0.0905865
 0.0360135 0.181985 0.181985 0.181985 0.181985
 0.041636 0.210397 0.210397 0.210397 0.210397
 0.0352969 0.178364 0.178364 0.178364 0.178364
 0.077105 0.389631 0.389631 0.389631 0.389631
 0.0721013 0.364345 0.364345 0.364345 0.364345
 0.113244 0.572249 0.572249 0.572249 0.572249
 0.195926 0.990063 0.990063 0.990063 0.990063
 0.174166 0.880104 0.880104 0.880104 0.880104
 0.0677781 0.342499 0.342499 0.342499 0.342499
 0.0482725 0.243932 0.243932 0.243932 0.243932
 0.0323318 0.163381 0.163381 0.163381 0.163381
 0.0273848 0.138382 0.138382 0.138382 0.138382
 0.0284451 0.14374 0.14374 0.14374 0.14374
 0.013305 0.0672333 0.0672333 0.0672333 0.0672333
 0.0176435 0.0891571 0.0891571 0.0891571 0.0891571
 0.0208886 0.105555 0.105555 0.105555 0.105555
 0.0199281 0.100702 0.100702 0.100702 0.100702
 0.0196283 0.0991864 0.0991864 0.0991864 0.0991864
nmprior
 10.6 11 7 0
nm_flota  nm_reclas  nm_pelaces    nm_pelaL
inf 12.7153 21.2886 53.2833
cv_recla  cv_pelaces  cv_mph
0.721629 0.560564 0.461802
 ------------------------------------------------
Talla a la edad & desviación 
 7.2 14.2025 17.0495 18.207 18.6776
 1.08 2.13037 2.55742 2.73105 2.80164
