years
 1997 1998 1999 2000 2001 2002 2003 2004 2005 2006 2007 2008 2009 2010 2011 2012 2013 2014 2015 2016 2017 2018 2019 2020 2021
reclasobs
 0 0 0 370054 412103 1.49427e+06 250295 1.28982e+06 931140 785840 897777 1.04006e+06 184774 17550 25797 100020 73551 82996 120727 218422 84188 347160 605670 569463 516374
reclaspred
 1.12928e+06 282799 863825 517876 612027 782513 1.61038e+06 1.15731e+06 1.33414e+06 1.30557e+06 1.14501e+06 779494 454664 210506 143373 147032 184275 268229 302045 403051 617942 615346 1.05159e+06 1.3157e+06 1.74663e+06
pelacesobs
 0 0 0 0 0 0 0 0 0 2.06254e+06 1.5e+06 0 1.87456e+06 323000 250000 174000 83755 137374 0 501740 490994 745055 786931 1.00524e+06 1.33801e+06
pelacespred
 745347 273713 316915 370115 372475 380904 820207 783907 776013 790628 600333 421318 241407 90266.8 61456 71889 94456.4 138952 165404 212787 355860 370068 479439 714971 958270
mphobs
 0 0 0 0 0 112323 0 153150 637223 0 255016 313432 73983 77613 109348 50772 0 0 0 0 0 0 0 0 0
mphpred
 773151 484934 503270 556904 487046 676987 987102 1.24787e+06 1.12435e+06 1.20202e+06 1.16793e+06 820961 507222 269133 131152 119831 141946 202886 260234 301546 457709 573690 716717 1.01905e+06 1.41958e+06
desembarqueobs
 350755 77701 442110 56441 14545 235359 269955 359681 431902 328805 639364 411747 362871 311530 167758 66681 60226 58785 57116 73181 50977 67692 138656 160484 209506
desembarquepred
 350790 77715.7 442327 56448.4 14545.4 235472 270014 359741 431985 328846 639767 412122 363250 312032 167824 66707.2 60257.1 58796.1 57120.6 73186.3 50979.4 67691.9 138666 160496 209513
Reclutas
 58921.1 57358.6 33928.6 38575.7 66536.5 56345.1 99445.7 97185 126746 125316 71852.3 43420 45914.1 29004.3 20701.2 18943 16642 18813.2 20634.8 35943 51031.7 59902.8 97526.3 126380 82587.5
log_desv_Rt
 0.163954 0.137077 -0.387986 -0.259622 0.285507 0.11925 0.687367 0.664372 0.929938 0.918596 0.362368 -0.141324 -0.0854725 -0.544802 -0.882054 -0.970808 -1.10032 -0.977689 -0.885267 -0.33031 0.0202022 0.180479 0.667878 0.927047 0.501614
SSB
 773151 484934 503270 556904 487046 676987 987102 1.24787e+06 1.12435e+06 1.20202e+06 1.16793e+06 820961 507222 269133 131152 119831 141946 202886 260234 301546 457709 573690 716717 1.01905e+06 1.41958e+06
BT
 2.51097e+06 655450 1.04264e+06 831334 853513 939659 2.30757e+06 2.12975e+06 2.26662e+06 2.0827e+06 1.8499e+06 1.25754e+06 892005 491697 296371 219051 270812 363741 394677 546635 882299 808921 1.11479e+06 1.71065e+06 2.21329e+06
Ftot
 0.299222 0.265186 0.485244 0.106177 0.0232607 0.289466 0.162859 0.299251 0.311591 0.243363 0.527328 0.499907 0.740403 1.29039 1.05756 0.432634 0.314581 0.212217 0.183338 0.176219 0.0805021 0.10715 0.128281 0.118764 0.116763
BD_Bspro_t
 0.959415 0.776257 0.6999 0.546524 0.637558 0.763572 0.71807 0.73971 0.688225 0.656821 0.624522 0.465807 0.356468 0.254676 0.15634 0.168943 0.252974 0.403946 0.524738 0.620355 0.731728 0.81751 0.826409 0.831087 0.8392
BD_Bspro
 0.752739 0.472131 0.489984 0.542201 0.474187 0.659113 0.961041 1.21493 1.09467 1.17028 1.13709 0.799287 0.493831 0.262028 0.127689 0.116668 0.138198 0.19753 0.253363 0.293585 0.445625 0.558544 0.697795 0.992143 1.3821
BD_Bo
 0.702516 0.44063 0.457292 0.506025 0.442549 0.615137 0.89692 1.13387 1.02163 1.0922 1.06123 0.745958 0.460882 0.244545 0.11917 0.108884 0.128977 0.184351 0.236459 0.273997 0.415893 0.521278 0.651237 0.925947 1.28988
BD_Brms
 3.41687 2.14312 2.22416 2.46119 2.15246 2.99188 4.36241 5.51486 4.96897 5.3122 5.16155 3.62816 2.24162 1.18941 0.579615 0.529584 0.627316 0.896638 1.15008 1.33266 2.02281 2.53537 3.16747 4.50359 6.27369
S_f
 0.5 1 1 1 1
 0.5 1 1 1 1
 0.5 1 1 1 1
 0.5 1 1 1 1
 0.5 1 1 1 1
 0.5 1 1 1 1
 0.5 1 1 1 1
 0.5 1 1 1 1
 0.5 1 1 1 1
 0.5 1 1 1 1
 0.5 1 1 1 1
 0.5 1 1 1 1
 0.5 1 1 1 1
 0.5 1 1 1 1
 0.5 1 1 1 1
 0.5 1 1 1 1
 0.5 1 1 1 1
 0.5 1 1 1 1
 0.5 1 1 1 1
 0.5 1 1 1 1
 0.5 1 1 1 1
 0.5 1 1 1 1
 0.5 1 1 1 1
 0.5 1 1 1 1
 0.5 1 1 1 1
Scru_reclas
 0.5 1 1 1 1
 0.5 1 1 1 1
 0.5 1 1 1 1
 0.5 1 1 1 1
 0.5 1 1 1 1
 0.5 1 1 1 1
 0.5 1 1 1 1
 0.5 1 1 1 1
 0.5 1 1 1 1
 0.5 1 1 1 1
 0.5 1 1 1 1
 0.5 1 1 1 1
 0.5 1 1 1 1
 0.5 1 1 1 1
 0.5 1 1 1 1
 0.5 1 1 1 1
 0.5 1 1 1 1
 0.5 1 1 1 1
 0.5 1 1 1 1
 0.5 1 1 1 1
 0.5 1 1 1 1
 0.5 1 1 1 1
 0.5 1 1 1 1
 0.5 1 1 1 1
 0.5 1 1 1 1
Scru_pelaces
 0.5 1 1 1 1
 0.5 1 1 1 1
 0.5 1 1 1 1
 0.5 1 1 1 1
 0.5 1 1 1 1
 0.5 1 1 1 1
 0.5 1 1 1 1
 0.5 1 1 1 1
 0.5 1 1 1 1
 0.5 1 1 1 1
 0.5 1 1 1 1
 0.5 1 1 1 1
 0.5 1 1 1 1
 0.5 1 1 1 1
 0.5 1 1 1 1
 0.5 1 1 1 1
 0.5 1 1 1 1
 0.5 1 1 1 1
 0.5 1 1 1 1
 0.5 1 1 1 1
 0.5 1 1 1 1
 0.5 1 1 1 1
 0.5 1 1 1 1
 0.5 1 1 1 1
 0.5 1 1 1 1
pf_obs 
 0.256992 0.487395 0.22802 0.0275931 0
 0.321318 0.546541 0.124235 0.00734118 0.000564706
 0.182869 0.594174 0.210203 0.0122559 0.00049798
 0.330522 0.361315 0.267642 0.0388342 0.00168674
 0.649043 0.306663 0.0425973 0.00169635 0
 0.582887 0.30429 0.105238 0.00758474 0
 0.465427 0.430635 0.0974691 0.00646863 0
 0.296916 0.608066 0.0921331 0.00288517 0
 0.311714 0.524322 0.152257 0.0117073 0
 0.15457 0.633149 0.183074 0.0267441 0.00246327
 0.131901 0.49318 0.331252 0.0422183 0.00144891
 0.196976 0.569456 0.194076 0.0375587 0.00193317
 0.518974 0.381816 0.0799577 0.0180837 0.00116848
 0.0928022 0.601141 0.25162 0.0475244 0.00691264
 0.122501 0.610282 0.24278 0.0234846 0.000952079
 0.383417 0.481906 0.127806 0.00687128 0
 0.0376549 0.599619 0.316969 0.0457579 0
 0.0361596 0.667082 0.258105 0.0386534 0
 0.158088 0.579412 0.248529 0.0139706 0
 0.0477256 0.309471 0.559284 0.082774 0.000745712
 0.0406174 0.521527 0.379366 0.0568643 0.0016247
 0.151134 0.462217 0.34131 0.0453401 0
 0.294876 0.26143 0.354403 0.0886775 0.000613685
 0.281977 0.475581 0.204845 0.0348837 0.00271318
 0.0354234 0.537034 0.353287 0.0723622 0.0018943
pf_pred 
 0.565754 0.310241 0.111237 0.0127618 5.92022e-06
 0.47114 0.391142 0.0983907 0.0352779 0.00404919
 0.330879 0.440174 0.169329 0.0425941 0.017025
 0.443084 0.29672 0.171167 0.0658455 0.0231836
 0.533455 0.289796 0.0941702 0.0543233 0.0282552
 0.390051 0.425214 0.114749 0.037288 0.0326981
 0.55303 0.259956 0.130374 0.0351828 0.0214582
 0.450765 0.396316 0.0889372 0.044604 0.0193783
 0.510998 0.313679 0.126509 0.0283899 0.0204239
 0.46021 0.375542 0.10536 0.0424923 0.0163958
 0.319566 0.439844 0.167383 0.0469601 0.0262471
 0.314755 0.35851 0.211207 0.0803751 0.0351531
 0.449536 0.283776 0.139527 0.0821989 0.044962
 0.439283 0.37633 0.0950554 0.0467369 0.0425947
 0.540436 0.32266 0.0918843 0.0232086 0.0218111
 0.567008 0.331453 0.0712905 0.0203015 0.00994694
 0.467583 0.398362 0.102619 0.0220717 0.00936498
 0.478425 0.343154 0.133497 0.0343891 0.0105349
 0.45779 0.358352 0.120964 0.0470585 0.0158359
 0.561058 0.280993 0.10439 0.0352374 0.0183215
 0.536624 0.337722 0.0804382 0.029883 0.0153319
 0.469687 0.372914 0.114718 0.0273233 0.0153586
 0.534669 0.300655 0.115799 0.0356229 0.0132539
 0.501394 0.351217 0.0952295 0.0366784 0.0154812
 0.325987 0.455164 0.154156 0.0417982 0.0228939
pobs_RECLAS
 0 0 0 0 0
 0 0 0 0 0
 0 0 0 0 0
 0 0 0 0 0
 0.835266 0.146461 0.0176864 0.000547809 3.91292e-05
 0.385257 0.428462 0.181853 0.0044286 0
 0.867414 0.0963971 0.0333333 0.00285562 0
 0.441836 0.489002 0.0689373 0.000224442 0
 0.779404 0.147425 0.0564933 0.0165055 0.000172143
 0.814271 0.122319 0.05973 0.00367925 0
 0.40263 0.566651 0.0304383 0.000280538 0
 0.475488 0.404961 0.113038 0.00651328 0
 0.955842 0.0263864 0.0167828 0.000988607 0
 0.975058 0.0227948 0.00214734 0 0
 0.738997 0.206755 0.0527124 0.00153531 0
 0.850938 0.134255 0.0134407 0.00136685 0
 0.542534 0.407297 0.0501686 0 0
 0.764087 0.199537 0.0359546 0.000420521 0
 0.470689 0.182191 0.310203 0.0369168 0
 0.84361 0.089868 0.0606195 0.00523954 0.000663233
 0.607945 0.314616 0.071237 0.00620181 0
 0.523733 0.453247 0.0230204 0 0
 0.530135 0.295979 0.169645 0.0042399 0
 0.562478 0.366248 0.0663022 0.0049721 0
 0.250443 0.683176 0.0655157 0.000865301 0
ppred_RECLAS
 0.568544 0.308248 0.110522 0.0126798 5.88218e-06
 0.473582 0.389336 0.0979363 0.035115 0.00403049
 0.335569 0.437088 0.168142 0.0422955 0.0169057
 0.443926 0.296271 0.170908 0.0657459 0.0231485
 0.533626 0.28969 0.0941356 0.0543033 0.0282448
 0.392649 0.423403 0.11426 0.0371291 0.0325588
 0.554393 0.259163 0.129976 0.0350755 0.0213928
 0.45358 0.394284 0.0884814 0.0443754 0.019279
 0.513983 0.311764 0.125737 0.0282165 0.0202993
 0.462405 0.374015 0.104931 0.0423195 0.0163291
 0.324718 0.436513 0.166116 0.0466045 0.0260483
 0.319511 0.356021 0.209741 0.0798172 0.0349091
 0.458888 0.278955 0.137157 0.0808024 0.0441981
 0.460476 0.362106 0.0914627 0.0449704 0.0409847
 0.556139 0.311635 0.0887446 0.0224156 0.0210658
 0.571458 0.328047 0.0705578 0.0200928 0.00984471
 0.470594 0.396109 0.102038 0.0219469 0.00931201
 0.480298 0.341922 0.133018 0.0342656 0.0104971
 0.45936 0.357315 0.120613 0.0469222 0.0157901
 0.562545 0.280041 0.104036 0.035118 0.0182594
 0.537252 0.337265 0.0803292 0.0298425 0.0153112
 0.470546 0.372309 0.114532 0.027279 0.0153338
 0.535717 0.299978 0.115539 0.0355427 0.013224
 0.50236 0.350536 0.095045 0.0366073 0.0154512
 0.326821 0.454601 0.153966 0.0417465 0.0228656
pobs_PELACES
 0 0 0 0 0
 0 0 0 0 0
 0 0 0 0 0
 0 0 0 0 0
 0 0 0 0 0
 0 0 0 0 0
 0 0 0 0 0
 0 0 0 0 0
 0 0 0 0 0
 0 0 0 0 0
 0.450072 0.473896 0.0757376 0.000293798 0
 0 0 0 0 0
 0.463077 0.371075 0.160297 0.00555027 0
 0.529543 0.364841 0.0842815 0.0213345 0
 0.631943 0.363953 0.00410389 0 0
 0.735681 0.248677 0.0153453 0.000297389 0
 0.695825 0.281241 0.0229344 0 0
 0.275771 0.60734 0.115278 0.00161068 0
 0 0 0 0 0
 0.896147 0.0623911 0.0374545 0.00400742 0
 0.803859 0.145111 0.0509908 3.86294e-05 0
 0.739449 0.233085 0.0266225 0.000797448 4.60066e-05
 0.878498 0.100942 0.0204185 0.000141795 0
 0.694673 0.275183 0.0284847 0.00165964 0
 0.469039 0.446079 0.0841089 0.000773354 0
ppred_PELACES
 0.580611 0.299627 0.107431 0.0123252 5.71766e-06
 0.484502 0.38126 0.0959048 0.0343866 0.00394689
 0.353649 0.425194 0.163566 0.0411446 0.0164456
 0.448255 0.293965 0.169577 0.065234 0.0229683
 0.534581 0.289097 0.0939428 0.0541921 0.028187
 0.404096 0.415423 0.112107 0.0364294 0.0319451
 0.561022 0.255308 0.128043 0.0345537 0.0210745
 0.465843 0.385435 0.0864956 0.0433795 0.0188463
 0.526814 0.303534 0.122417 0.0274716 0.0197633
 0.472401 0.36706 0.10298 0.0415326 0.0160255
 0.34408 0.423998 0.161353 0.0452682 0.0253014
 0.337706 0.346502 0.204133 0.0776831 0.0339757
 0.489339 0.263257 0.129438 0.0762553 0.0417109
 0.513619 0.326439 0.0824537 0.0405409 0.0369478
 0.598689 0.281761 0.0802373 0.0202668 0.0190464
 0.588844 0.314738 0.0676953 0.0192777 0.00944532
 0.483543 0.38642 0.0995425 0.0214101 0.00908425
 0.489043 0.336168 0.130779 0.0336889 0.0103204
 0.466881 0.352344 0.118935 0.0462694 0.0155704
 0.569687 0.27547 0.102338 0.0345447 0.0179613
 0.540553 0.334859 0.0797562 0.0296297 0.015202
 0.474953 0.369211 0.113579 0.027052 0.0152061
 0.540977 0.296579 0.11423 0.0351399 0.0130742
 0.507259 0.347086 0.0941094 0.0362469 0.0152991
 0.331074 0.451729 0.152993 0.0414827 0.0227211
pobs_pel_tallas
 0 0 0 0 0 0 0 0 0 0 0 0 0 0 0 0 0 0 0 0 0 0 0 0 0 0 0 0 0 0 0 0 0 0 0 0
 0 0 0 0 0 0 0 0 0 0 0 0 0 0 0 0 0 0 0 0 0 0 0 0 0 0 0 0 0 0 0 0 0 0 0 0
 0 0 0 0 0 0 0 0 0 0 0 0 0 0 0 0 0 0 0 0 0 0 0 0 0 0 0 0 0 0 0 0 0 0 0 0
 0 0 0 0 0 0 0 0 0 0 0 0 0 0 0 0 0 0 0 0 0 0 0 0 0 0 0 0 0 0 0 0 0 0 0 0
 0 0 0 0 0 0 0 0 0 0 0 0 0 0 0 0 0 0 0 0 0 0 0 0 0 0 0 0 0 0 0 0 0 0 0 0
 0 0 0 0 0 0 0 0 0 0 0 0 0 0 0 0 0 0 0 0 0 0 0 0 0 0 0 0 0 0 0 0 0 0 0 0
 0 0 0 0 0 0 0 0 0 0 0 0 0 0 0 0 0 0 0 0 0 0 0 0 0 0 0 0 0 0 0 0 0 0 0 0
 0 0 0 0 0 0 0 0 0 0 0 0 0 0 0 0 0 0 0 0 0 0 0 0 0 0 0 0 0 0 0 0 0 0 0 0
 0 0 0 0 0 0 0 0 0 0 0 0 0 0 0 0 0 0 0 0 0 0 0 0 0 0 0 0 0 0 0 0 0 0 0 0
 0 0 0 0 0 0 0 0 0 0 0 0 0 0 0 0 0 0 0 0 0 0 0 0 0 0 0 0 0 0 0 0 0 0 0 0
 0 0 0 0 0 0 0 0 1.78061e-05 0.00172719 0.00360574 0.0105946 0.0120993 0.0124554 0.0147524 0.0171206 0.0266825 0.0428682 0.0675386 0.121331 0.153587 0.119568 0.100827 0.0573624 0.0630603 0.0341343 0.0324427 0.0444173 0.0211091 0.0280891 0.0125444 0.00206551 0 0 0 0
 0 0 0 0 0 0 0 0 0 0 0 0 0 0 0 0 0 0 0 0 0 0 0 0 0 0 0 0 0 0 0 0 0 0 0 0
 0 0 0 0 0 0 0.0133647 0.0140871 0.0187388 0.0205184 0.03894 0.0496705 0.03968 0.0493445 0.0407372 0.0367815 0.0215668 0.0243155 0.0234873 0.0199281 0.019796 0.0243948 0.0301388 0.0376714 0.0412746 0.0863199 0.0771752 0.113111 0.0741005 0.0525337 0.0229764 0.00759418 0.00175318 0 0 0
 0 0 0 0 0 0 0 0 0 0 0.00219441 0.00772107 0.0458388 0.0604681 0.0671733 0.0775358 0.0609151 0.0617685 0.073594 0.0568108 0.0755445 0.0548602 0.0670107 0.0636378 0.0643287 0.046367 0.0373049 0.0286899 0.0247887 0.0153202 0.00654259 0.00121912 0.000365735 0 0 0
 0 0 0 0 0 0 0 0 0 0 0 0 0.000112435 0.00938835 0.0111873 0.0202946 0.0414886 0.0713402 0.111592 0.104902 0.108894 0.110636 0.117776 0.105296 0.107544 0.0401394 0.0192827 0.0124803 0.00416011 0.0028671 0.000618394 0 0 0 0 0
 0 0 0 0 0 0 0 0 0 0 0.00291406 0.0102884 0.027416 0.0768956 0.0749926 0.110853 0.0956884 0.0897413 0.0766577 0.0534642 0.0500743 0.0551293 0.0594112 0.0620874 0.0668451 0.0424026 0.0208742 0.0120726 0.0048766 0.00582813 0.00118941 0.000297354 0 0 0 0
 0 0.00264628 0.0354308 0.0461629 0.0458689 0.0383711 0.0214643 0.0164657 0.0346957 0.0420465 0.0363128 0.0245516 0.0311673 0.0291091 0.0169068 0.0133784 0.00837989 0.0085269 0.0148486 0.0160247 0.0276389 0.0546898 0.0760071 0.122758 0.109233 0.0665981 0.0333725 0.0166128 0.00676272 0.00308733 0.000882094 0 0 0 0 0
 0 0 0 0 0 0 0 0.000805153 0.000690131 0.00759144 0.0133425 0.0154129 0.00931677 0.000345066 0.00356568 0.00563607 0.00851162 0.0253048 0.0502646 0.0516448 0.0657925 0.0565908 0.0611916 0.0827007 0.0866115 0.110766 0.145733 0.0935128 0.0569358 0.0249597 0.0138026 0.00621118 0.00161031 0.00115022 0 0
 0 0 0 0 0 0 0 0 0 0 0 0 0 0 0 0 0 0 0 0 0 0 0 0 0 0 0 0 0 0 0 0 0 0 0 0
 0.00147267 0.00158595 0.00478618 0.00569244 0.00954404 0.0108468 0.00647125 0.017049 0.0510054 0.094081 0.124002 0.0959785 0.0687766 0.0820023 0.061753 0.0591476 0.0492212 0.0479892 0.0443925 0.0268479 0.0217502 0.0140895 0.0121071 0.0120363 0.00920419 0.00665534 0.0049561 0.00860946 0.00930331 0.0156896 0.0114698 0.00855282 0.00243557 0.00046729 0 2.83206e-05
 0 0 0 0 0.000772559 0.00158375 0.000888443 0.00281984 0.00712685 0.0440552 0.0773331 0.111326 0.0921469 0.0852325 0.0710754 0.0886704 0.0786465 0.0553345 0.0373146 0.0185414 0.00753245 0.00457741 0.012979 0.0271748 0.0457355 0.0583668 0.034881 0.0177882 0.00938659 0.00492506 0.0015258 0.00185414 0.000309023 5.79419e-05 3.86279e-05 0
 0 0.00173294 0.00326652 0 0.00397197 0.00683976 0.00946217 0.0152591 0.00757587 0.0136028 0.0228656 0.0392903 0.0559909 0.0764795 0.0681675 0.0726916 0.0566044 0.0477403 0.0527397 0.0444891 0.0609904 0.0582453 0.0661739 0.0445044 0.0529084 0.0360697 0.0280645 0.0235558 0.0158879 0.00826598 0.00280645 0.00217768 0.000904811 0.00058276 9.20147e-05 0
 0 0 0 0 0 0 0 0 0 0 0 0 0 0 0 0 0 0 0 0 0 0 0 0 0 0 0 0 0 0 0 0 0 0 0 0
 0 0 0 0 0 0 0 0 0 0 0 0 0 0 0 0 0 0 0 0 0 0 0 0 0 0 0 0 0 0 0 0 0 0 0 0
 0 0 0 0 0 0 0 0 0 0 0 0 0 0 0 0 0 0 0 0 0 0 0 0 0 0 0 0 0 0 0 0 0 0 0 0
ppred_pel_tallas
 1.02047e-16 2.53424e-05 0.000148715 0.000706876 0.00272143 0.00848644 0.0214362 0.0438628 0.0727126 0.0976666 0.106322 0.0938816 0.0674176 0.0397777 0.0201139 0.0102416 0.0074754 0.00861845 0.0116857 0.0157355 0.0202531 0.0247824 0.028836 0.0319459 0.0337567 0.0341022 0.0330359 0.0308028 0.0277667 0.0243196 0.0208023 0.0174585 0.0144259 0.0117563 0.00944714 0.00747192
 1.02852e-16 2.11548e-05 0.000124123 0.000589945 0.00227119 0.00708236 0.0178898 0.0366071 0.0606886 0.0815281 0.0887848 0.0784717 0.0565154 0.0336749 0.0176374 0.0099769 0.00851063 0.0106119 0.0146279 0.0197207 0.0253437 0.0309418 0.0359027 0.0396406 0.041719 0.0419474 0.0404185 0.0374679 0.0335779 0.0292574 0.0249383 0.020917 0.0173447 0.014257 0.0116195 0.00937182
 1.04643e-16 1.5451e-05 9.06322e-05 0.000430715 0.00165809 0.00517044 0.0130605 0.0267264 0.0443127 0.0595434 0.0648812 0.0574347 0.0415609 0.0251589 0.0139018 0.0090136 0.0089782 0.0119401 0.0167159 0.0226563 0.0292502 0.0359102 0.0419619 0.0467459 0.0497548 0.0507406 0.0497578 0.0471237 0.0433183 0.0388588 0.0341925 0.0296366 0.0253699 0.0214631 0.0179246 0.0147412
 1.05818e-16 1.95709e-05 0.000114832 0.00054579 0.00210121 0.00655231 0.0165508 0.0338668 0.0561443 0.0754194 0.0821216 0.0725569 0.0522004 0.0309941 0.0160362 0.00876831 0.00716263 0.0087937 0.0121594 0.0165403 0.0215156 0.0266776 0.0315669 0.0357242 0.0387776 0.0405138 0.0409092 0.040107 0.0383568 0.035939 0.0331021 0.0300299 0.0268419 0.0236135 0.0204034 0.0172729
 1.04607e-16 2.33347e-05 0.00013693 0.000650848 0.00250571 0.00781374 0.0197371 0.0403861 0.0669496 0.0899274 0.0979009 0.0864554 0.0621056 0.0366857 0.0186293 0.00961678 0.00718638 0.00840533 0.0114552 0.0154749 0.0199916 0.024582 0.0287896 0.0321737 0.0343966 0.0352945 0.0349044 0.0334353 0.0311992 0.028526 0.0256924 0.0228845 0.0201961 0.0176538 0.0152521 0.0129822
 1.04472e-16 1.76501e-05 0.000103544 0.000492104 0.00189446 0.00590756 0.0149224 0.0305358 0.0506264 0.0680201 0.0740989 0.0655498 0.0473357 0.0284594 0.0153722 0.00943411 0.00887271 0.0115342 0.0160508 0.0216942 0.0279306 0.0341753 0.0397691 0.0440775 0.0466239 0.0471949 0.0458794 0.0430253 0.0391357 0.0347404 0.0302856 0.0260733 0.0222541 0.0188606 0.0158585 0.0131938
 1.04073e-16 2.44864e-05 0.000143694 0.000683012 0.00262956 0.00819997 0.0207126 0.0423818 0.0702567 0.0943654 0.102721 0.0906863 0.0650881 0.0383337 0.0192567 0.00960113 0.00676506 0.00765932 0.0103783 0.0140412 0.0181978 0.0224681 0.0264455 0.0297313 0.0320102 0.0331127 0.0330415 0.0319503 0.0300877 0.0277275 0.0251097 0.0224086 0.0197301 0.0171299 0.0146387 0.0122823
 1.03725e-16 2.03413e-05 0.000119347 0.000567239 0.00218376 0.00680972 0.0172011 0.0351981 0.0583532 0.0783926 0.0853749 0.0754689 0.0543768 0.0324488 0.0170836 0.00980331 0.00851843 0.0107103 0.0147918 0.019952 0.0256515 0.0313349 0.0363882 0.0402242 0.0424065 0.0427466 0.0413398 0.0385235 0.0347793 0.0306107 0.0264401 0.0225502 0.0190776 0.0160442 0.0134068 0.0111017
 1.03705e-16 2.29967e-05 0.000134944 0.000641404 0.00246934 0.00770032 0.0194506 0.0398 0.0659787 0.0886251 0.0964879 0.085219 0.0612421 0.0362256 0.0184881 0.00969484 0.00742911 0.00880764 0.0120397 0.0162692 0.0210121 0.0258226 0.0302154 0.0337194 0.0359706 0.0367885 0.0362064 0.0344434 0.0318339 0.0287388 0.0254703 0.0222497 0.0192023 0.0163793 0.01379 0.0114309
 1.03758e-16 2.06266e-05 0.000121023 0.000575211 0.00221446 0.00690547 0.017443 0.0356927 0.0591727 0.0794915 0.0865663 0.0765096 0.0550996 0.0328259 0.0171835 0.00970701 0.00826921 0.0103117 0.014228 0.0192091 0.0247329 0.0302706 0.0352368 0.0390689 0.0413433 0.0418681 0.0407179 0.0381965 0.0347456 0.030832 0.0268508 0.023072 0.0196335 0.0165703 0.0138585 0.0114558
 1.05167e-16 1.50336e-05 8.81823e-05 0.000419068 0.00161325 0.00503061 0.0127073 0.0260037 0.0431148 0.0579348 0.063131 0.0558918 0.0404584 0.0245194 0.013599 0.0088934 0.00893335 0.0119183 0.0166995 0.0226435 0.0292469 0.0359274 0.0420152 0.046855 0.0499421 0.051029 0.0501678 0.0476703 0.0440082 0.0396885 0.0351475 0.030692 0.0264922 0.0226134 0.0190623 0.0158279
 1.07268e-16 1.47526e-05 8.65394e-05 0.000411273 0.00158326 0.00493711 0.012471 0.0255197 0.0423106 0.0568486 0.0619329 0.0547968 0.0395913 0.0238461 0.0129621 0.00808999 0.00776899 0.010226 0.0143515 0.019574 0.0254849 0.0316256 0.0374601 0.0424481 0.0461503 0.048312 0.0489002 0.0480766 0.046127 0.0433732 0.0401003 0.0365191 0.0327669 0.0289326 0.0250884 0.0213121
 1.06493e-16 2.13609e-05 0.000125344 0.000595774 0.00229367 0.0071525 0.0180668 0.0369684 0.0612842 0.0823182 0.0896185 0.0791451 0.0568625 0.033606 0.0170995 0.00888727 0.0067251 0.007941 0.0108866 0.0147927 0.0192466 0.0238788 0.0282832 0.0320573 0.0348778 0.0365629 0.0370975 0.036611 0.0353205 0.0334627 0.031238 0.028784 0.0261791 0.0234657 0.0206787 0.0178656
 1.04397e-16 2.24221e-05 0.000131569 0.000625354 0.00240754 0.00750759 0.0189638 0.0388042 0.0643287 0.0864112 0.094084 0.0831115 0.0597615 0.0354176 0.0182001 0.00974354 0.00770152 0.00926803 0.012693 0.0171246 0.0220604 0.0270244 0.0314997 0.034991 0.0371266 0.0377395 0.0368968 0.0348651 0.0320289 0.0287899 0.0254824 0.0223268 0.0194269 0.0167985 0.0144109 0.0122245
 1.02818e-16 2.61298e-05 0.00015334 0.000728866 0.0028061 0.00875051 0.0221032 0.0452273 0.0749738 0.100701 0.109618 0.0967759 0.0694598 0.0409098 0.0205513 0.0102426 0.00720106 0.00811977 0.0109492 0.0147279 0.0189494 0.0231821 0.0269715 0.0298847 0.0315968 0.0319612 0.0310374 0.029061 0.0263747 0.0233401 0.020264 0.017356 0.0147232 0.0123919 0.0103419 0.00853766
 1.02168e-16 2.57019e-05 0.000150825 0.0007169 0.00276002 0.00860679 0.0217403 0.0444849 0.0737441 0.0990528 0.107832 0.0952192 0.0683862 0.0403651 0.0204393 0.0104511 0.00767714 0.00887211 0.0120158 0.0161411 0.0207096 0.025241 0.0292254 0.0321804 0.0337506 0.033787 0.0323774 0.0298114 0.0265001 0.0228742 0.0192971 0.0160152 0.0131495 0.0107207 0.00868866 0.00698988
 1.027e-16 2.11132e-05 0.000123879 0.000588781 0.0022667 0.00706837 0.0178545 0.0365348 0.060569 0.081368 0.0886118 0.078322 0.0564148 0.0336291 0.0176394 0.0100188 0.0085913 0.0107366 0.0148047 0.0199559 0.0256382 0.0312885 0.0362847 0.0400322 0.0420883 0.0422607 0.0406453 0.0375858 0.0335756 0.0291359 0.0247102 0.0206037 0.016973 0.0138555 0.0112152 0.00898758
 1.03606e-16 2.13511e-05 0.00012528 0.000595451 0.0022924 0.00714853 0.0180569 0.0369486 0.0612535 0.082283 0.0895965 0.0791642 0.0569604 0.0338324 0.0175243 0.0096072 0.00786304 0.00963379 0.0132603 0.0179278 0.0231394 0.0284088 0.0331982 0.0369853 0.039368 0.0401495 0.0393717 0.0372848 0.0342676 0.0307292 0.0270238 0.0234035 0.0200114 0.0169051 0.014093 0.011566
 1.04121e-16 2.03853e-05 0.000119608 0.000568486 0.00218857 0.00682475 0.017239 0.0352754 0.0584805 0.0785609 0.0855511 0.0756078 0.0544405 0.0324141 0.0169335 0.00951287 0.00804853 0.0100128 0.0138229 0.018689 0.02411 0.0295813 0.0345429 0.038452 0.0408945 0.0416727 0.0408398 0.0386658 0.0355528 0.0319295 0.0281621 0.0245046 0.0210932 0.0179734 0.0151403 0.0125743
 1.03569e-16 2.4865e-05 0.000145915 0.000693567 0.00267019 0.00832668 0.0210327 0.0430369 0.071343 0.0958255 0.104314 0.0920992 0.0661175 0.0389704 0.0196319 0.00987712 0.00706626 0.00806137 0.0109204 0.0147342 0.0190231 0.0233737 0.0273451 0.0305121 0.0325476 0.0332911 0.0327764 0.0312046 0.0288796 0.0261274 0.0232271 0.0203735 0.0176734 0.0151662 0.0128549 0.010733
 1.0297e-16 2.3597e-05 0.000138465 0.000658139 0.00253377 0.00790122 0.0199581 0.0408386 0.067701 0.0909401 0.0990123 0.0874584 0.0628728 0.0372324 0.0190784 0.0101247 0.00789434 0.00942648 0.0128726 0.0173318 0.0222744 0.0272025 0.0315783 0.0348895 0.0367552 0.0370104 0.0357375 0.0332307 0.0299108 0.0262195 0.0225293 0.0190917 0.0160313 0.0133714 0.0110771 0.00909313
 1.03373e-16 2.0738e-05 0.000121677 0.000578318 0.00222642 0.00694277 0.0175372 0.0358855 0.0594923 0.0799209 0.0870341 0.0769232 0.0553979 0.0330046 0.017279 0.00976394 0.0083211 0.0103782 0.0143202 0.0193328 0.02489 0.0304579 0.0354452 0.0392827 0.0415406 0.0420226 0.0408014 0.0381827 0.0346132 0.0305681 0.0264533 0.0225502 0.019008 0.0158704 0.0131192 0.0107136
 1.03537e-16 2.3614e-05 0.000138569 0.000658637 0.0025357 0.00790725 0.0199733 0.0408694 0.067751 0.0910042 0.0990741 0.0874939 0.0628568 0.03714 0.0188795 0.00977772 0.00734491 0.0086141 0.0117442 0.0158601 0.0204767 0.0251552 0.029421 0.0328144 0.0349813 0.0357473 0.0351476 0.033399 0.0308306 0.0277967 0.0246028 0.0214647 0.0185035 0.0157669 0.013262 0.0109831
 1.0341e-16 2.21457e-05 0.000129944 0.000617625 0.00237777 0.00741475 0.0187293 0.0383246 0.0635344 0.0853464 0.0929307 0.0821066 0.0590694 0.0350686 0.0181332 0.00988836 0.00802694 0.00978436 0.0134312 0.0181139 0.0233105 0.0285134 0.0331675 0.0367408 0.0388339 0.0392678 0.038117 0.0356732 0.032359 0.0286203 0.0248345 0.0212586 0.0180234 0.01516 0.0126427 0.010427
 1.04806e-16 1.44676e-05 8.48567e-05 0.000403253 0.00155235 0.00484067 0.0122276 0.0250223 0.041489 0.055754 0.0607648 0.0538213 0.0390123 0.023748 0.0133599 0.00901735 0.00932432 0.0125597 0.0176164 0.023864 0.0307753 0.0377284 0.0440075 0.0489162 0.0519237 0.0527792 0.051557 0.0486115 0.044469 0.0396913 0.0347596 0.0300089 0.0256202 0.0216533 0.0180986 0.0149238
pSPR Fmed_Fpbrs
0.637098   0.255602 0.255602
Fs Fmed_Fpbrs
0.241853   1.005 1.005
SSBpbr Bo_Bmed_Bpbrs
1.10055e+06  646129  226275 226275
Ro
50011.1
SPR SPRFo_SPRFmed_SPRFpbrs
1.02712e+06 654374 262533
log_Ro
10.64
likeval ReclasPelacesDesembMPH_pf_preclas_ppelaces_ptallas_desvR_qrecl_qpela
 138.865 67.5069 0.03106 0.000860755 343.715 210.579 80.921 0 13.621 0 0 0 0 0 0
q_reclas_q_pelaces
1 1
M
0.7
N
 58921.1 17213.3 6171.83 708.073 0.328475
 57358.6 25193.5 6337.36 2272.25 260.809
 33928.6 24946.4 9596.53 2413.98 964.875
 38575.7 13218.8 7625.4 2933.39 1032.82
 66536.5 18165.7 5903 3405.22 1771.16
 56345.1 32659 8813.4 2863.94 2511.41
 99445.7 24209.9 12141.8 3276.6 1998.42
 97185 45521.4 10215.5 5123.29 2225.82
 126746 41553.9 16758.9 3760.87 2705.61
 125316 53859.9 15110.6 6094.21 2351.47
 71852.3 55100.5 20968.6 5882.82 3288.04
 43420 27411.1 16148.6 6145.36 2687.75
 45914.1 16793.1 8256.84 4864.31 2660.73
 29004.3 15745.8 3977.15 1955.49 1782.17
 20701.2 7555.28 2151.53 543.444 510.72
 18943 6058.2 1303.03 371.064 181.807
 16642 7577.02 1951.85 419.814 178.126
 18813.2 7061.37 2747.08 707.652 216.786
 20634.8 8401.82 2836.08 1103.32 371.285
 35943 9349.37 3473.32 1172.44 609.602
 51031.7 16343.4 3892.65 1446.13 741.959
 59902.8 24341.8 7488.16 1783.52 1002.53
 97526.3 28195.1 10859.6 3340.68 1242.93
 126380 45421.3 12315.6 4743.45 2002.12
 82587.5 59140.1 20029.7 5430.9 2974.64
pred_Ctot
 5939.21 3256.87 1167.75 133.972 0.0621496
 5161.74 4285.3 1077.95 386.499 44.3623
 5330.52 7091.28 2727.92 686.2 274.276
 1438.79 963.519 555.818 213.815 75.2825
 553.669 300.778 97.7386 56.3817 29.3259
 5505.9 6002.26 1619.78 526.352 461.561
 5619.23 2641.36 1324.7 357.485 218.033
 9797.08 8613.66 1932.99 969.44 421.174
 13268.7 8145.06 3284.95 737.177 530.332
 10398.1 8485.11 2380.53 960.084 370.451
 12159.4 16735.9 6368.87 1786.81 998.691
 7006.13 7980.08 4701.26 1789.07 782.473
 10435.8 6587.72 3239.05 1908.21 1043.77
 10287.6 8813.28 2226.11 1094.53 997.525
 6301.3 3762.1 1071.34 270.604 254.31
 2683.2 1568.51 337.362 96.071 47.071
 1757.8 1497.57 385.777 82.9747 35.206
 1370.45 982.965 382.402 98.5074 30.1772
 1306.76 1022.92 345.291 134.328 45.2037
 2191.2 1097.41 407.692 137.619 71.5541
 1451.26 913.344 217.539 80.8163 41.4641
 2254.24 1789.78 550.581 131.137 73.713
 4373.59 2459.35 947.239 291.395 108.416
 5257.99 3683.12 998.647 384.637 162.348
 3379.62 4718.84 1598.19 433.336 237.349
F
 0.149611 0.299222 0.299222 0.299222 0.299222
 0.132593 0.265186 0.265186 0.265186 0.265186
 0.242622 0.485244 0.485244 0.485244 0.485244
 0.0530886 0.106177 0.106177 0.106177 0.106177
 0.0116304 0.0232607 0.0232607 0.0232607 0.0232607
 0.144733 0.289466 0.289466 0.289466 0.289466
 0.0814295 0.162859 0.162859 0.162859 0.162859
 0.149626 0.299251 0.299251 0.299251 0.299251
 0.155796 0.311591 0.311591 0.311591 0.311591
 0.121681 0.243363 0.243363 0.243363 0.243363
 0.263664 0.527328 0.527328 0.527328 0.527328
 0.249953 0.499907 0.499907 0.499907 0.499907
 0.370202 0.740403 0.740403 0.740403 0.740403
 0.645197 1.29039 1.29039 1.29039 1.29039
 0.528778 1.05756 1.05756 1.05756 1.05756
 0.216317 0.432634 0.432634 0.432634 0.432634
 0.157291 0.314581 0.314581 0.314581 0.314581
 0.106108 0.212217 0.212217 0.212217 0.212217
 0.0916691 0.183338 0.183338 0.183338 0.183338
 0.0881093 0.176219 0.176219 0.176219 0.176219
 0.0402511 0.0805021 0.0805021 0.0805021 0.0805021
 0.0535749 0.10715 0.10715 0.10715 0.10715
 0.0641404 0.128281 0.128281 0.128281 0.128281
 0.059382 0.118764 0.118764 0.118764 0.118764
 0.0583816 0.116763 0.116763 0.116763 0.116763
nmprior
 10.6 11 7 0
nm_flota  nm_reclas  nm_pelaces    nm_pelaL
inf 13.94 14.2857 31.7228
cv_recla  cv_pelaces  cv_mph
1.06591 0.931636 0.951871
 ------------------------------------------------
Talla a la edad & desviación 
 7.2 14.2025 17.0495 18.207 18.6776
 1.08 2.13037 2.55742 2.73105 2.80164
