years
 1997 1998 1999 2000 2001 2002 2003 2004 2005 2006 2007 2008 2009 2010 2011 2012 2013 2014 2015 2016 2017 2018 2019 2020 2021
reclasobs
 0 0 0 370054 412103 1.49427e+06 250295 1.28982e+06 931140 785840 897777 1.04006e+06 184774 17550 25797 100020 73551 82996 120727 218422 84188 347160 605670 569463 516374
reclaspred
 453863 132567 443923 318121 428022 503898 1.07765e+06 683323 712176 604172 462571 307659 187478 86474.5 61616.7 64791.3 83883.8 117126 125910 180064 256605 235320 413345 533466 593329
pelacesobs
 0 0 0 0 0 0 0 0 0 2.06254e+06 1.5e+06 0 1.87456e+06 323000 250000 174000 83755 137374 0 501740 490994 745055 786931 1.00524e+06 1.33801e+06
pelacespred
 1.8904e+06 489235 986426 1.08495e+06 1.23669e+06 1.23266e+06 2.8904e+06 2.36619e+06 2.13803e+06 1.84558e+06 1.26731e+06 866258 520430 198580 139573 157880 213923 303402 336624 467393 740147 664094 918513 1.40719e+06 1.62425e+06
mphobs
 0 0 0 0 0 112323 0 153150 637223 0 255016 313432 73983 77613 109348 50772 0 0 0 0 0 0 0 0 0
mphpred
 160452 108657 142441 190656 185809 268465 401970 458402 372436 350251 306261 210591 129079 67314.9 32450 28669.2 36158.6 51497.6 65268.4 76018.4 112544 131533 166314 240620 323623
desembarqueobs
 350755 77701 442110 56441 14545 235359 269955 359681 431902 328805 639364 411747 362871 311530 167758 66681 60226 58785 57116 73181 50977 67692 138656 160484 209506
desembarquepred
 350767 77705.3 442161 56443.1 14545.1 235399 269986 359718 431988 328874 639760 412094 363349 312109 167837 66698.3 60248.9 58789.1 57114.7 73185 50978.8 67689.7 138662 160492 209510
Reclutas
 69630.8 86614.3 55286.3 80123.9 131678 98861 147259 127482 141702 132517 66656.1 41391.7 42209.1 23825.9 18441.2 23016.4 19214.5 21940.1 25280 43366.6 53972.2 71396.1 116940 141977 63188.3
log_desv_Rt
 0.150963 0.36922 -0.0797199 0.29133 0.788113 0.50147 0.899946 0.75573 0.861481 0.794464 0.107302 -0.369164 -0.349609 -0.921472 -1.17766 -0.956036 -1.13658 -1.00393 -0.862232 -0.322556 -0.103775 0.175998 0.669418 0.863423 0.0538738
SSB
 829607 561805 736482 985775 960718 1.38809e+06 2.07837e+06 2.37014e+06 1.92566e+06 1.81096e+06 1.5835e+06 1.08885e+06 667396 348048 167781 148233 186956 266265 337467 393049 581904 680085 859920 1.24411e+06 1.67328e+06
BT
 2.87172e+06 790509 1.57951e+06 1.52521e+06 1.68405e+06 1.84771e+06 4.0993e+06 3.60725e+06 3.2895e+06 2.81395e+06 2.29578e+06 1.55103e+06 1.06088e+06 568389 331816 268775 338806 457435 503533 692125 1.0435e+06 959370 1.336e+06 2.03377e+06 2.3609e+06
Ftot
 0.360837 0.264738 0.360734 0.0668662 0.0143781 0.150513 0.0945859 0.19345 0.228345 0.196925 0.435871 0.412614 0.654871 1.16794 1.09563 0.423925 0.292656 0.194019 0.161356 0.165651 0.0780767 0.103626 0.121819 0.115679 0.112638
BD_Bspro_t
 0.957077 0.801898 0.778464 0.685464 0.781236 0.872024 0.84687 0.848888 0.797063 0.753273 0.707288 0.553812 0.438794 0.323615 0.205996 0.221678 0.338902 0.507585 0.621127 0.70517 0.79467 0.855505 0.861818 0.867419 0.870092
BD_Bspro
 0.674651 0.45687 0.59892 0.80165 0.781273 1.12882 1.69016 1.92744 1.56598 1.4727 1.28773 0.885472 0.542739 0.283039 0.136443 0.120546 0.152036 0.216532 0.274434 0.319635 0.473215 0.553057 0.699302 1.01174 1.36074
BD_Bo
 0.582362 0.394372 0.51699 0.691987 0.674398 0.974399 1.45896 1.66378 1.35176 1.27124 1.11158 0.764343 0.468494 0.24432 0.117778 0.104055 0.131238 0.186911 0.236893 0.27591 0.408481 0.477401 0.603641 0.873335 1.17459
BD_Brms
 2.04153 1.38251 1.81237 2.42584 2.36418 3.41586 5.11453 5.83256 4.73875 4.45648 3.89676 2.67949 1.64236 0.856492 0.412883 0.364778 0.460071 0.655238 0.830454 0.967233 1.43198 1.67358 2.11613 3.06157 4.11767
S_f
 0.194275 1 1 1 1
 0.194275 1 1 1 1
 0.194275 1 1 1 1
 0.194275 1 1 1 1
 0.194275 1 1 1 1
 0.194275 1 1 1 1
 0.194275 1 1 1 1
 0.194275 1 1 1 1
 0.194275 1 1 1 1
 0.194275 1 1 1 1
 0.194275 1 1 1 1
 0.194275 1 1 1 1
 0.194275 1 1 1 1
 0.194275 1 1 1 1
 0.194275 1 1 1 1
 0.194275 1 1 1 1
 0.194275 1 1 1 1
 0.194275 1 1 1 1
 0.194275 1 1 1 1
 0.194275 1 1 1 1
 0.194275 1 1 1 1
 0.194275 1 1 1 1
 0.194275 1 1 1 1
 0.194275 1 1 1 1
 0.194275 1 1 1 1
Scru_reclas
 1 1 1 1 1
 1 1 1 1 1
 1 1 1 1 1
 1 1 1 1 1
 1 1 1 1 1
 1 1 1 1 1
 1 1 1 1 1
 1 1 1 1 1
 1 1 1 1 1
 1 1 1 1 1
 1 1 1 1 1
 1 1 1 1 1
 1 1 1 1 1
 1 1 1 1 1
 1 1 1 1 1
 1 1 1 1 1
 1 1 1 1 1
 1 1 1 1 1
 1 1 1 1 1
 1 1 1 1 1
 1 1 1 1 1
 1 1 1 1 1
 1 1 1 1 1
 1 1 1 1 1
 1 1 1 1 1
Scru_pelaces
 0.983074 1 1 1 1
 0.983074 1 1 1 1
 0.983074 1 1 1 1
 0.983074 1 1 1 1
 0.983074 1 1 1 1
 0.983074 1 1 1 1
 0.983074 1 1 1 1
 0.983074 1 1 1 1
 0.983074 1 1 1 1
 0.983074 1 1 1 1
 0.983074 1 1 1 1
 0.983074 1 1 1 1
 0.983074 1 1 1 1
 0.983074 1 1 1 1
 0.983074 1 1 1 1
 0.983074 1 1 1 1
 0.983074 1 1 1 1
 0.983074 1 1 1 1
 0.983074 1 1 1 1
 0.983074 1 1 1 1
 0.983074 1 1 1 1
 0.983074 1 1 1 1
 0.983074 1 1 1 1
 0.983074 1 1 1 1
 0.983074 1 1 1 1
pf_obs 
 0.256992 0.487395 0.22802 0.0275931 0
 0.321318 0.546541 0.124235 0.00734118 0.000564706
 0.182869 0.594174 0.210203 0.0122559 0.00049798
 0.330522 0.361315 0.267642 0.0388342 0.00168674
 0.649043 0.306663 0.0425973 0.00169635 0
 0.582887 0.30429 0.105238 0.00758474 0
 0.465427 0.430635 0.0974691 0.00646863 0
 0.296916 0.608066 0.0921331 0.00288517 0
 0.311714 0.524322 0.152257 0.0117073 0
 0.15457 0.633149 0.183074 0.0267441 0.00246327
 0.131901 0.49318 0.331252 0.0422183 0.00144891
 0.196976 0.569456 0.194076 0.0375587 0.00193317
 0.518974 0.381816 0.0799577 0.0180837 0.00116848
 0.0928022 0.601141 0.25162 0.0475244 0.00691264
 0.122501 0.610282 0.24278 0.0234846 0.000952079
 0.383417 0.481906 0.127806 0.00687128 0
 0.0376549 0.599619 0.316969 0.0457579 0
 0.0361596 0.667082 0.258105 0.0386534 0
 0.158088 0.579412 0.248529 0.0139706 0
 0.0477256 0.309471 0.559284 0.082774 0.000745712
 0.0406174 0.521527 0.379366 0.0568643 0.0016247
 0.151134 0.462217 0.34131 0.0453401 0
 0.294876 0.26143 0.354403 0.0886775 0.000613685
 0.281977 0.475581 0.204845 0.0348837 0.00271318
 0.0354234 0.537034 0.353287 0.0723622 0.0018943
pf_pred 
 0.381141 0.437258 0.162465 0.0191254 9.80111e-06
 0.311079 0.5438 0.102536 0.0380979 0.00448719
 0.177221 0.595811 0.179156 0.0337809 0.0140298
 0.261001 0.41915 0.231617 0.0696456 0.018586
 0.299167 0.456959 0.138322 0.0764351 0.029117
 0.176149 0.567321 0.167263 0.0506308 0.0386358
 0.251287 0.405052 0.236652 0.0697721 0.0372367
 0.191847 0.519861 0.155965 0.0911232 0.0412038
 0.218411 0.446843 0.215332 0.0646025 0.0548113
 0.201218 0.491216 0.175839 0.084736 0.0469909
 0.122076 0.514965 0.223204 0.0798996 0.0598555
 0.124472 0.409094 0.273597 0.118587 0.0742508
 0.201491 0.375285 0.197753 0.132255 0.0932163
 0.187579 0.519376 0.137726 0.0725735 0.0827458
 0.266981 0.497693 0.150442 0.0398937 0.0449898
 0.347257 0.497701 0.105268 0.0318203 0.0179538
 0.23185 0.591006 0.135068 0.028568 0.0135079
 0.244608 0.483467 0.209216 0.0478142 0.0148949
 0.242273 0.489158 0.17189 0.0743839 0.0222954
 0.319276 0.435098 0.158566 0.0557201 0.0313397
 0.271905 0.52605 0.129141 0.0470638 0.0258401
 0.266208 0.488491 0.17723 0.0435086 0.0245619
 0.311132 0.455925 0.155072 0.0562621 0.0216091
 0.264722 0.522592 0.140766 0.0478782 0.0240425
 0.109159 0.58918 0.214403 0.0577516 0.0295068
pobs_RECLAS
 0 0 0 0 0
 0 0 0 0 0
 0 0 0 0 0
 0 0 0 0 0
 0.835266 0.146461 0.0176864 0.000547809 3.91292e-05
 0.385257 0.428462 0.181853 0.0044286 0
 0.867414 0.0963971 0.0333333 0.00285562 0
 0.441836 0.489002 0.0689373 0.000224442 0
 0.779404 0.147425 0.0564933 0.0165055 0.000172143
 0.814271 0.122319 0.05973 0.00367925 0
 0.40263 0.566651 0.0304383 0.000280538 0
 0.475488 0.404961 0.113038 0.00651328 0
 0.955842 0.0263864 0.0167828 0.000988607 0
 0.975058 0.0227948 0.00214734 0 0
 0.738997 0.206755 0.0527124 0.00153531 0
 0.850938 0.134255 0.0134407 0.00136685 0
 0.542534 0.407297 0.0501686 0 0
 0.764087 0.199537 0.0359546 0.000420521 0
 0.470689 0.182191 0.310203 0.0369168 0
 0.84361 0.089868 0.0606195 0.00523954 0.000663233
 0.607945 0.314616 0.071237 0.00620181 0
 0.523733 0.453247 0.0230204 0 0
 0.530135 0.295979 0.169645 0.0042399 0
 0.562478 0.366248 0.0663022 0.0049721 0
 0.250443 0.683176 0.0655157 0.000865301 0
ppred_RECLAS
 0.764163 0.166632 0.0619129 0.00728838 3.73504e-06
 0.70234 0.234958 0.0443026 0.0164608 0.00193876
 0.531223 0.339463 0.102074 0.0192466 0.00799345
 0.645885 0.200849 0.110987 0.0333729 0.00890608
 0.687378 0.203836 0.0617017 0.0340955 0.0129883
 0.525907 0.32647 0.096253 0.029136 0.0222333
 0.634479 0.197746 0.115534 0.0340627 0.0181789
 0.552531 0.287843 0.0863569 0.0504543 0.0228142
 0.592957 0.232711 0.112142 0.0336443 0.0285451
 0.567209 0.266147 0.0952718 0.0459111 0.0254603
 0.423903 0.337922 0.146467 0.0524303 0.0392774
 0.428875 0.26686 0.178473 0.0773566 0.0484354
 0.576513 0.199031 0.104878 0.0701409 0.049437
 0.569176 0.275423 0.0730355 0.0384855 0.0438798
 0.673688 0.221554 0.0669711 0.0177591 0.0200277
 0.737706 0.199993 0.0423002 0.0127865 0.00721446
 0.612434 0.298189 0.068148 0.0144138 0.00681535
 0.627478 0.238422 0.103175 0.0235796 0.00734541
 0.624046 0.242701 0.0852849 0.0369063 0.0110621
 0.708926 0.186046 0.0678021 0.0238256 0.0134007
 0.658672 0.24661 0.0605407 0.0220633 0.0121137
 0.652441 0.231373 0.0839449 0.0206078 0.0116337
 0.700547 0.198192 0.0674103 0.0244573 0.00939352
 0.650861 0.248147 0.0668411 0.0227345 0.0114163
 0.388141 0.404668 0.147259 0.0396657 0.0202662
pobs_PELACES
 0 0 0 0 0
 0 0 0 0 0
 0 0 0 0 0
 0 0 0 0 0
 0 0 0 0 0
 0 0 0 0 0
 0 0 0 0 0
 0 0 0 0 0
 0 0 0 0 0
 0 0 0 0 0
 0.450072 0.473896 0.0757376 0.000293798 0
 0 0 0 0 0
 0.463077 0.371075 0.160297 0.00555027 0
 0.529543 0.364841 0.0842815 0.0213345 0
 0.631943 0.363953 0.00410389 0 0
 0.735681 0.248677 0.0153453 0.000297389 0
 0.695825 0.281241 0.0229344 0 0
 0.275771 0.60734 0.115278 0.00161068 0
 0 0 0 0 0
 0.896147 0.0623911 0.0374545 0.00400742 0
 0.803859 0.145111 0.0509908 3.86294e-05 0
 0.739449 0.233085 0.0266225 0.000797448 4.60066e-05
 0.878498 0.100942 0.0204185 0.000141795 0
 0.694673 0.275183 0.0284847 0.00165964 0
 0.469039 0.446079 0.0841089 0.000773354 0
ppred_PELACES
 0.77808 0.156799 0.0582593 0.00685829 3.51463e-06
 0.713366 0.226255 0.0426616 0.0158511 0.00186695
 0.550799 0.325287 0.0978115 0.0184429 0.00765965
 0.646048 0.200757 0.110936 0.0333576 0.00890201
 0.684524 0.205697 0.0622649 0.0344068 0.0131068
 0.531626 0.322533 0.0950921 0.0287845 0.0219652
 0.636351 0.196733 0.114942 0.0338882 0.0180858
 0.561012 0.282388 0.0847203 0.0494981 0.0223819
 0.603447 0.226714 0.109253 0.0327772 0.0278095
 0.575851 0.260833 0.0933695 0.0449944 0.0249519
 0.4482 0.32367 0.14029 0.0502191 0.0376209
 0.4517 0.256195 0.17134 0.074265 0.0464996
 0.614325 0.18126 0.0955135 0.0638783 0.0450229
 0.639216 0.230647 0.061162 0.0322288 0.0367461
 0.730894 0.182713 0.0552305 0.0146458 0.0165167
 0.755788 0.186206 0.039384 0.011905 0.0067171
 0.62675 0.287174 0.0656307 0.0138814 0.0065636
 0.635511 0.233281 0.10095 0.0230712 0.00718703
 0.630087 0.238801 0.0839146 0.0363133 0.0108843
 0.71446 0.182508 0.0665129 0.0233726 0.0131459
 0.659501 0.246011 0.0603937 0.0220097 0.0120843
 0.654814 0.229793 0.0833717 0.020467 0.0115543
 0.703751 0.196071 0.0666891 0.0241956 0.00929302
 0.653965 0.245941 0.0662469 0.0225324 0.0113149
 0.391204 0.402642 0.146522 0.0394671 0.0201648
pobs_pel_tallas
 0 0 0 0 0 0 0 0 0 0 0 0 0 0 0 0 0 0 0 0 0 0 0 0 0 0 0 0 0 0 0 0 0 0 0 0
 0 0 0 0 0 0 0 0 0 0 0 0 0 0 0 0 0 0 0 0 0 0 0 0 0 0 0 0 0 0 0 0 0 0 0 0
 0 0 0 0 0 0 0 0 0 0 0 0 0 0 0 0 0 0 0 0 0 0 0 0 0 0 0 0 0 0 0 0 0 0 0 0
 0 0 0 0 0 0 0 0 0 0 0 0 0 0 0 0 0 0 0 0 0 0 0 0 0 0 0 0 0 0 0 0 0 0 0 0
 0 0 0 0 0 0 0 0 0 0 0 0 0 0 0 0 0 0 0 0 0 0 0 0 0 0 0 0 0 0 0 0 0 0 0 0
 0 0 0 0 0 0 0 0 0 0 0 0 0 0 0 0 0 0 0 0 0 0 0 0 0 0 0 0 0 0 0 0 0 0 0 0
 0 0 0 0 0 0 0 0 0 0 0 0 0 0 0 0 0 0 0 0 0 0 0 0 0 0 0 0 0 0 0 0 0 0 0 0
 0 0 0 0 0 0 0 0 0 0 0 0 0 0 0 0 0 0 0 0 0 0 0 0 0 0 0 0 0 0 0 0 0 0 0 0
 0 0 0 0 0 0 0 0 0 0 0 0 0 0 0 0 0 0 0 0 0 0 0 0 0 0 0 0 0 0 0 0 0 0 0 0
 0 0 0 0 0 0 0 0 0 0 0 0 0 0 0 0 0 0 0 0 0 0 0 0 0 0 0 0 0 0 0 0 0 0 0 0
 0 0 0 0 0 0 0 0 1.78061e-05 0.00172719 0.00360574 0.0105946 0.0120993 0.0124554 0.0147524 0.0171206 0.0266825 0.0428682 0.0675386 0.121331 0.153587 0.119568 0.100827 0.0573624 0.0630603 0.0341343 0.0324427 0.0444173 0.0211091 0.0280891 0.0125444 0.00206551 0 0 0 0
 0 0 0 0 0 0 0 0 0 0 0 0 0 0 0 0 0 0 0 0 0 0 0 0 0 0 0 0 0 0 0 0 0 0 0 0
 0 0 0 0 0 0 0.0133647 0.0140871 0.0187388 0.0205184 0.03894 0.0496705 0.03968 0.0493445 0.0407372 0.0367815 0.0215668 0.0243155 0.0234873 0.0199281 0.019796 0.0243948 0.0301388 0.0376714 0.0412746 0.0863199 0.0771752 0.113111 0.0741005 0.0525337 0.0229764 0.00759418 0.00175318 0 0 0
 0 0 0 0 0 0 0 0 0 0 0.00219441 0.00772107 0.0458388 0.0604681 0.0671733 0.0775358 0.0609151 0.0617685 0.073594 0.0568108 0.0755445 0.0548602 0.0670107 0.0636378 0.0643287 0.046367 0.0373049 0.0286899 0.0247887 0.0153202 0.00654259 0.00121912 0.000365735 0 0 0
 0 0 0 0 0 0 0 0 0 0 0 0 0.000112435 0.00938835 0.0111873 0.0202946 0.0414886 0.0713402 0.111592 0.104902 0.108894 0.110636 0.117776 0.105296 0.107544 0.0401394 0.0192827 0.0124803 0.00416011 0.0028671 0.000618394 0 0 0 0 0
 0 0 0 0 0 0 0 0 0 0 0.00291406 0.0102884 0.027416 0.0768956 0.0749926 0.110853 0.0956884 0.0897413 0.0766577 0.0534642 0.0500743 0.0551293 0.0594112 0.0620874 0.0668451 0.0424026 0.0208742 0.0120726 0.0048766 0.00582813 0.00118941 0.000297354 0 0 0 0
 0 0.00264628 0.0354308 0.0461629 0.0458689 0.0383711 0.0214643 0.0164657 0.0346957 0.0420465 0.0363128 0.0245516 0.0311673 0.0291091 0.0169068 0.0133784 0.00837989 0.0085269 0.0148486 0.0160247 0.0276389 0.0546898 0.0760071 0.122758 0.109233 0.0665981 0.0333725 0.0166128 0.00676272 0.00308733 0.000882094 0 0 0 0 0
 0 0 0 0 0 0 0 0.000805153 0.000690131 0.00759144 0.0133425 0.0154129 0.00931677 0.000345066 0.00356568 0.00563607 0.00851162 0.0253048 0.0502646 0.0516448 0.0657925 0.0565908 0.0611916 0.0827007 0.0866115 0.110766 0.145733 0.0935128 0.0569358 0.0249597 0.0138026 0.00621118 0.00161031 0.00115022 0 0
 0 0 0 0 0 0 0 0 0 0 0 0 0 0 0 0 0 0 0 0 0 0 0 0 0 0 0 0 0 0 0 0 0 0 0 0
 0.00147267 0.00158595 0.00478618 0.00569244 0.00954404 0.0108468 0.00647125 0.017049 0.0510054 0.094081 0.124002 0.0959785 0.0687766 0.0820023 0.061753 0.0591476 0.0492212 0.0479892 0.0443925 0.0268479 0.0217502 0.0140895 0.0121071 0.0120363 0.00920419 0.00665534 0.0049561 0.00860946 0.00930331 0.0156896 0.0114698 0.00855282 0.00243557 0.00046729 0 2.83206e-05
 0 0 0 0 0.000772559 0.00158375 0.000888443 0.00281984 0.00712685 0.0440552 0.0773331 0.111326 0.0921469 0.0852325 0.0710754 0.0886704 0.0786465 0.0553345 0.0373146 0.0185414 0.00753245 0.00457741 0.012979 0.0271748 0.0457355 0.0583668 0.034881 0.0177882 0.00938659 0.00492506 0.0015258 0.00185414 0.000309023 5.79419e-05 3.86279e-05 0
 0 0.00173294 0.00326652 0 0.00397197 0.00683976 0.00946217 0.0152591 0.00757587 0.0136028 0.0228656 0.0392903 0.0559909 0.0764795 0.0681675 0.0726916 0.0566044 0.0477403 0.0527397 0.0444891 0.0609904 0.0582453 0.0661739 0.0445044 0.0529084 0.0360697 0.0280645 0.0235558 0.0158879 0.00826598 0.00280645 0.00217768 0.000904811 0.00058276 9.20147e-05 0
 0 0 0 0 0 0 0 0 0 0 0 0 0 0 0 0 0 0 0 0 0 0 0 0 0 0 0 0 0 0 0 0 0 0 0 0
 0 0 0 0 0 0 0 0 0 0 0 0 0 0 0 0 0 0 0 0 0 0 0 0 0 0 0 0 0 0 0 0 0 0 0 0
 0 0 0 0 0 0 0 0 0 0 0 0 0 0 0 0 0 0 0 0 0 0 0 0 0 0 0 0 0 0 0 0 0 0 0 0
ppred_pel_tallas
 1.01115e-16 3.39471e-05 0.000199246 0.000947132 0.00364652 0.0113714 0.0287231 0.0587712 0.0974191 0.130829 0.142363 0.125562 0.0898536 0.0523836 0.0253191 0.0109772 0.00564392 0.00494972 0.00621752 0.00827257 0.0106356 0.013019 0.0151584 0.0168074 0.0177792 0.0179853 0.0174522 0.0163057 0.0147344 0.0129417 0.0111046 0.00935045 0.00775184 0.00633701 0.00510647 0.00404836
 1.01312e-16 3.1128e-05 0.000182689 0.000868405 0.00334338 0.010426 0.0263353 0.0538861 0.089324 0.119965 0.13056 0.115198 0.0825378 0.0483212 0.023734 0.010936 0.006556 0.00661008 0.00864188 0.0115368 0.0147773 0.0179862 0.0207903 0.0228425 0.0238892 0.0238267 0.0227233 0.0207936 0.0183397 0.0156772 0.0130724 0.0107049 0.0086621 0.00695665 0.00555552 0.00440776
 1.02487e-16 2.40435e-05 0.000141087 0.000670605 0.00258176 0.0080509 0.0203362 0.0416121 0.0689828 0.0926606 0.100882 0.0891015 0.0640356 0.0378842 0.0193447 0.0101575 0.00779271 0.00922989 0.0125865 0.0169523 0.0218021 0.026649 0.0309673 0.0342539 0.0361306 0.036427 0.0352125 0.0327638 0.0294838 0.0258012 0.0220835 0.0185866 0.0154471 0.0127051 0.0103423 0.00831707
 1.03203e-16 2.81917e-05 0.000165452 0.000786465 0.0030279 0.00944219 0.0238503 0.0488013 0.0808954 0.108646 0.118243 0.104334 0.0747618 0.0437863 0.0215417 0.00999108 0.00609225 0.00625276 0.00826832 0.0111539 0.0144665 0.0178874 0.0210926 0.023766 0.025655 0.0266194 0.0266526 0.0258659 0.0244464 0.0226027 0.0205208 0.0183391 0.0161465 0.0139957 0.0119213 0.00995423
 1.02746e-16 2.98695e-05 0.000175303 0.000833294 0.0032082 0.0100045 0.0252705 0.0517072 0.085712 0.115114 0.125279 0.110534 0.0791877 0.0463435 0.0227332 0.0104282 0.00619436 0.00621314 0.00813702 0.0109124 0.0140647 0.0172578 0.0201585 0.0224517 0.0238983 0.0243855 0.0239466 0.0227396 0.0209976 0.0189669 0.0168552 0.014803 0.0128818 0.0111108 0.00948234 0.00798271
 1.03471e-16 2.32072e-05 0.000136178 0.000647268 0.00249191 0.00777071 0.0196284 0.040164 0.0665825 0.0894372 0.0973751 0.0860098 0.0618261 0.0366022 0.0187369 0.00991491 0.00770034 0.00918308 0.0125498 0.016923 0.021793 0.0266837 0.0310789 0.0344837 0.0365248 0.0370316 0.0360671 0.0338954 0.0309014 0.0274924 0.0240137 0.0207012 0.0176762 0.01497 0.0125634 0.0104212
 1.03706e-16 2.77687e-05 0.000162969 0.000774662 0.00298245 0.00930047 0.0234923 0.0480689 0.0796813 0.107015 0.116468 0.102768 0.0736402 0.0431302 0.0212207 0.00984604 0.00601075 0.00617818 0.00817986 0.0110491 0.014354 0.0177851 0.0210272 0.0237713 0.0257681 0.0268755 0.0270797 0.0264797 0.0252467 0.0235732 0.0216305 0.0195459 0.0174023 0.0152513 0.0131313 0.0110807
 1.04042e-16 2.44869e-05 0.000143695 0.000683012 0.00262955 0.00819993 0.0207126 0.0423819 0.0702575 0.0943685 0.10273 0.0907068 0.0651306 0.0384142 0.0193987 0.00983635 0.00713169 0.00819694 0.0111188 0.0149971 0.0193492 0.0237548 0.0277652 0.0309497 0.0329809 0.0337038 0.0331626 0.0315721 0.0292484 0.0265254 0.023683 0.0209092 0.0182984 0.0158743 0.0136256 0.0115349
 1.04051e-16 2.63351e-05 0.00015455 0.000734631 0.00282832 0.00881979 0.0222782 0.0455849 0.0755649 0.10149 0.110465 0.0974939 0.069911 0.0410469 0.0203834 0.00977281 0.0063922 0.00690015 0.00924128 0.0124829 0.0161796 0.0199849 0.0235376 0.0264861 0.0285525 0.0295881 0.029596 0.0287115 0.0271524 0.0251565 0.0229297 0.0206184 0.0183089 0.0160437 0.0138457 0.0117367
 1.04123e-16 2.51331e-05 0.000147491 0.000701062 0.00269905 0.00841668 0.02126 0.0435019 0.0721133 0.0968586 0.105434 0.0930783 0.0667986 0.0393278 0.0197307 0.00979355 0.00684072 0.00769535 0.0103949 0.0140289 0.0181306 0.0223084 0.0261482 0.0292503 0.0313067 0.0321651 0.0318536 0.0305555 0.0285481 0.0261266 0.0235406 0.0209606 0.0184762 0.0161175 0.0138861 0.0117799
 1.05581e-16 1.95696e-05 0.000114822 0.000545736 0.00210099 0.00655163 0.0165491 0.0338636 0.0561397 0.0754155 0.0821235 0.0725731 0.0522436 0.0310828 0.0161967 0.00903666 0.00758293 0.00941284 0.013017 0.0176552 0.0228718 0.0282129 0.0331709 0.0372472 0.0400509 0.0413789 0.0412472 0.039862 0.0375463 0.0346492 0.03147 0.0282177 0.0250099 0.0218978 0.0189019 0.0160402
 1.07241e-16 1.97195e-05 0.000115708 0.000549963 0.00211729 0.00660247 0.0166775 0.0341257 0.0565723 0.0759908 0.0827348 0.0730773 0.0525281 0.0310953 0.0159176 0.0084322 0.00658138 0.00791339 0.0109198 0.0148994 0.0194728 0.0242915 0.0289634 0.0330908 0.0363421 0.0385126 0.0395503 0.0395379 0.0386443 0.0370641 0.0349693 0.0324876 0.0297068 0.0266947 0.0235226 0.0202785
 1.05714e-16 2.68075e-05 0.000157328 0.000747847 0.00287922 0.00897853 0.0226791 0.0464048 0.0769227 0.10331 0.112434 0.0992041 0.0710779 0.0416122 0.0204422 0.00943301 0.00569166 0.00580511 0.00768523 0.0104097 0.0135784 0.0169151 0.0201404 0.0229795 0.0252081 0.0266942 0.0274145 0.0274388 0.0268932 0.0259151 0.0246178 0.0230758 0.0213301 0.0194061 0.0173333 0.0151587
 1.03768e-16 2.78948e-05 0.000163707 0.000778164 0.00299593 0.00934249 0.0235985 0.0482863 0.0800425 0.107503 0.117005 0.103257 0.0740239 0.0434211 0.0214856 0.0101699 0.00647211 0.00684035 0.00908584 0.0122123 0.0157458 0.0193246 0.022581 0.0251661 0.0268169 0.0274122 0.0269934 0.0257397 0.0239115 0.0217796 0.0195678 0.0174213 0.0154061 0.0135304 0.0117745 0.0101169
 1.02119e-16 3.18905e-05 0.00018717 0.000889716 0.00342545 0.0106819 0.0269818 0.0552084 0.0915145 0.122903 0.133746 0.117983 0.0844755 0.0493398 0.0240193 0.0107074 0.0059321 0.00560139 0.00720366 0.00962398 0.0123838 0.0151693 0.0176803 0.0196354 0.0208229 0.0211454 0.0206372 0.0194459 0.0177871 0.015889 0.0139446 0.0120857 0.0103793 0.00884287 0.00746574 0.00622923
 1.01343e-16 3.29761e-05 0.000193543 0.000920015 0.00354211 0.0110457 0.0279007 0.0570885 0.0946309 0.127088 0.138299 0.121996 0.0873417 0.0509994 0.0247995 0.0110064 0.00602503 0.00561865 0.00718416 0.0095632 0.0122567 0.0149382 0.0172983 0.019051 0.0199861 0.0200158 0.019192 0.0176861 0.0157406 0.0136096 0.0115071 0.0095777 0.00789187 0.00646089 0.00526036 0.00425266
 1.01809e-16 2.73536e-05 0.000160525 0.000763021 0.0029376 0.00916059 0.0231391 0.0473468 0.0784869 0.105419 0.114751 0.101301 0.0726937 0.0427862 0.0214408 0.0105966 0.00733296 0.00818013 0.0109856 0.014738 0.0189062 0.0230419 0.026677 0.0293699 0.0307947 0.0308138 0.0295062 0.0271357 0.0240779 0.0207276 0.0174196 0.0143823 0.0117306 0.00948694 0.00761749 0.00606568
 1.02638e-16 2.77335e-05 0.00016276 0.000773657 0.00297857 0.00928836 0.0234618 0.0480066 0.0795791 0.106881 0.11633 0.102665 0.0736079 0.0431944 0.021406 0.0101881 0.00656066 0.00699706 0.0093248 0.0125546 0.0162127 0.019932 0.023334 0.0260538 0.0278084 0.0284549 0.0280147 0.0266522 0.0246219 0.0222008 0.019631 0.017087 0.0146717 0.0124317 0.0103813 0.00852311
 1.03026e-16 2.74972e-05 0.000161372 0.000767058 0.00295317 0.00920913 0.0232616 0.0475972 0.0789006 0.10597 0.115341 0.101795 0.0729924 0.0428493 0.0212647 0.0101699 0.00661257 0.00709715 0.00946858 0.012742 0.0164404 0.0201908 0.0236085 0.0263252 0.0280585 0.0286715 0.0281959 0.0268086 0.0247755 0.0223808 0.019867 0.0174027 0.015079 0.0129279 0.0109499 0.00913709
 1.02422e-16 3.1174e-05 0.000182963 0.000869717 0.00334845 0.0104418 0.0263752 0.0539673 0.0894574 0.120141 0.130742 0.115336 0.0825876 0.048252 0.023518 0.010533 0.00590699 0.00564436 0.00729367 0.00976759 0.0125988 0.0154784 0.0181082 0.0202057 0.0215549 0.0220501 0.0217141 0.0206805 0.0191508 0.0173404 0.0154334 0.0135577 0.0117826 0.0101327 0.00860908 0.0072066
 1.02259e-16 2.878e-05 0.000168903 0.000802859 0.00309101 0.00963898 0.0243474 0.0498188 0.082583 0.110915 0.120721 0.106539 0.0763836 0.0448188 0.0222016 0.0105479 0.00676077 0.00717326 0.00952118 0.0127658 0.0164022 0.0200376 0.0232722 0.0257288 0.0271269 0.0273439 0.0264388 0.0246256 0.022211 0.0195176 0.0168173 0.0142941 0.0120392 0.0100707 0.00836427 0.00688126
 1.02502e-16 2.85751e-05 0.000167701 0.000797148 0.00306902 0.00957042 0.0241742 0.0494643 0.0819951 0.110125 0.119858 0.105771 0.0758184 0.0444587 0.0219711 0.0103532 0.00652716 0.00685233 0.00908583 0.0122082 0.0157366 0.0193045 0.0225385 0.025082 0.0266628 0.02715 0.0265772 0.0251202 0.0230424 0.0206262 0.0181147 0.0156787 0.0134121 0.0113491 0.00948937 0.00782107
 1.02277e-16 3.07076e-05 0.000180223 0.00085669 0.00329828 0.0102854 0.0259801 0.053159 0.088118 0.118343 0.12879 0.113623 0.0813811 0.0475875 0.0232694 0.0105491 0.00609441 0.00597391 0.00777269 0.0104123 0.0134167 0.0164587 0.0192179 0.0213909 0.022747 0.023176 0.0227077 0.0214925 0.0197543 0.0177323 0.0156308 0.0135915 0.0116908 0.00995415 0.00837899 0.00695424
 1.02324e-16 2.85386e-05 0.000167485 0.000796122 0.00306507 0.00955808 0.0241431 0.0494007 0.0818901 0.109985 0.119709 0.105648 0.0757478 0.0444527 0.0220335 0.0104905 0.00675465 0.00719152 0.00955735 0.0128228 0.0164868 0.020158 0.0234371 0.0259458 0.0274016 0.0276784 0.0268302 0.0250658 0.0226871 0.0200124 0.0173115 0.0147683 0.0124763 0.0104576 0.00869276 0.00714867
 1.0451e-16 1.70876e-05 0.000100243 0.000476409 0.00183404 0.00571912 0.0144464 0.0295618 0.0490118 0.0658511 0.0717373 0.0634634 0.0458351 0.0275698 0.0149156 0.00919278 0.00869097 0.0113317 0.0157986 0.0213945 0.0276097 0.0338818 0.0395719 0.0440574 0.0468615 0.0477539 0.0467918 0.0442809 0.0406796 0.0364798 0.0321043 0.02785 0.0238804 0.020255 0.0169744 0.0140199
pSPR Fmed_Fpbrs
0.720369   0.335257 0.335257
Fs Fmed_Fpbrs
0.203392   1.005 1.005
SSBpbr Bo_Bmed_Bpbrs
1.42456e+06  954978  406365 406365
Ro
59874.1
SPR SPRFo_SPRFmed_SPRFpbrs
1.22968e+06 885825 412260
log_Ro
10.82
likeval ReclasPelacesDesembMPH_pf_preclas_ppelaces_ptallas_desvR_qrecl_qpela
 61.2952 22.9847 0.0344132 0.000228689 318.279 200.23 77.9322 0 16.226 8.6198e-05 4.07672e-06 0 0 0 0
q_reclas_q_pelaces
0.268307 1.33276
M
0.7
N
 69630.8 17559.2 6524.22 768.032 0.393589
 86614.3 32236.7 6078.41 2258.46 266.003
 55286.3 40855.2 12284.9 2316.38 962.031
 80123.9 25596.2 14144.1 4253.04 1134.99
 131678 39274.8 11888.6 6569.47 2502.56
 98861 65206.9 19224.9 5819.41 4440.72
 147259 47678.2 27856.1 8212.79 4383.09
 127482 71795 21539.5 12584.5 5690.42
 141702 60970.6 29381.5 8814.85 7478.86
 132517 67313.7 24096 11611.8 6439.39
 66656.1 63335.8 27452 9826.89 7361.66
 41391.7 30412.9 20339.8 8816 5519.97
 42209.1 18971.2 9996.69 6685.67 4712.21
 23825.9 18456.4 4894.19 2578.95 2940.43
 18441.2 9429.76 2850.43 755.864 852.42
 23016.4 7401.86 1565.55 473.234 267.011
 19214.5 10526 2405.61 508.807 240.581
 21940.1 9014.28 3900.85 891.499 277.716
 25280 10492.1 3686.92 1595.48 478.219
 43366.6 12166.3 4433.84 1558.05 876.323
 53972.2 20853.2 5119.28 1865.66 1024.33
 71396.1 26398.3 9577.63 2351.23 1327.34
 116940 34747.6 11818.6 4287.93 1646.9
 141977 56712.6 15276.1 5195.83 2609.14
 63188.3 68937.1 25086.2 6757.23 3452.44
pred_Ctot
 3403.95 3905.13 1450.97 170.808 0.0875333
 3131.99 5475.07 1032.35 383.576 45.1777
 2701.96 9083.89 2731.46 515.032 213.902
 744.256 1195.22 660.465 198.597 52.9988
 264.194 403.541 122.153 67.4999 25.7133
 2052.31 6609.85 1948.78 589.898 450.145
 1930.32 3111.5 1817.9 535.97 286.042
 3388.99 9183.38 2755.14 1609.7 727.868
 4433.31 9070.03 4370.81 1311.3 1112.56
 3585.06 8751.88 3132.88 1509.72 837.226
 3911.19 16499 7151.25 2559.91 1917.71
 2303.68 7571.38 5063.65 2194.77 1374.21
 3653.11 6804.05 3585.33 2397.83 1690.05
 3524.12 9757.72 2587.51 1363.47 1554.58
 2574.08 4798.47 1450.48 384.632 433.766
 1314.85 1884.5 398.586 120.484 67.9804
 766.251 1953.24 446.393 94.4157 44.6429
 584.944 1156.14 500.308 114.34 35.6188
 562.087 1134.88 398.796 172.575 51.7266
 989.541 1348.51 491.448 172.695 97.1318
 584.827 1131.45 277.763 101.227 55.5781
 1024.54 1880.02 682.095 167.449 94.5297
 1969.65 2886.27 981.699 356.172 136.798
 2272.02 4485.23 1208.14 410.923 206.349
 984.852 5315.68 1934.38 521.045 266.215
F
 0.0701016 0.360837 0.360837 0.360837 0.360837
 0.0514319 0.264738 0.264738 0.264738 0.264738
 0.0700817 0.360734 0.360734 0.360734 0.360734
 0.0129904 0.0668662 0.0668662 0.0668662 0.0668662
 0.00279331 0.0143781 0.0143781 0.0143781 0.0143781
 0.0292408 0.150513 0.150513 0.150513 0.150513
 0.0183757 0.0945859 0.0945859 0.0945859 0.0945859
 0.0375825 0.19345 0.19345 0.19345 0.19345
 0.0443616 0.228345 0.228345 0.228345 0.228345
 0.0382577 0.196925 0.196925 0.196925 0.196925
 0.0846789 0.435871 0.435871 0.435871 0.435871
 0.0801605 0.412614 0.412614 0.412614 0.412614
 0.127225 0.654871 0.654871 0.654871 0.654871
 0.226902 1.16794 1.16794 1.16794 1.16794
 0.212854 1.09563 1.09563 1.09563 1.09563
 0.0823581 0.423925 0.423925 0.423925 0.423925
 0.0568557 0.292656 0.292656 0.292656 0.292656
 0.037693 0.194019 0.194019 0.194019 0.194019
 0.0313474 0.161356 0.161356 0.161356 0.161356
 0.0321819 0.165651 0.165651 0.165651 0.165651
 0.0151683 0.0780767 0.0780767 0.0780767 0.0780767
 0.0201319 0.103626 0.103626 0.103626 0.103626
 0.0236663 0.121819 0.121819 0.121819 0.121819
 0.0224735 0.115679 0.115679 0.115679 0.115679
 0.0218827 0.112638 0.112638 0.112638 0.112638
nmprior
 10.6 11 7 0
nm_flota  nm_reclas  nm_pelaces    nm_pelaL
inf 13.1457 20.7532 51.5477
cv_recla  cv_pelaces  cv_mph
0.708171 0.543615 0.490638
 ------------------------------------------------
Talla a la edad & desviación 
 7.2 14.2025 17.0495 18.207 18.6776
 1.08 2.13037 2.55742 2.73105 2.80164
