years
 1997 1998 1999 2000 2001 2002 2003 2004 2005 2006 2007 2008 2009 2010 2011 2012 2013 2014 2015 2016 2017 2018 2019 2020 2021
reclasobs
 0 0 0 370054 412103 1.49427e+06 250295 1.28982e+06 931140 785840 897777 1.04006e+06 184774 17550 25797 100020 73551 82996 120727 218422 84188 347160 605670 569463 516374
reclaspred
 420734 119529 373742 275516 403149 479296 1.04195e+06 678048 732115 659896 517622 348380 214805 93339.6 61666.9 62713.4 79988.7 110421 118917 171269 247485 228130 400216 518803 569097
pelacesobs
 0 0 0 0 0 0 0 0 0 2.06254e+06 1.5e+06 0 1.87456e+06 323000 250000 174000 83755 137374 0 501740 490994 745055 786931 1.00524e+06 1.33801e+06
pelacespred
 1.79427e+06 421329 853164 949142 1.19098e+06 1.1926e+06 2.88675e+06 2.35974e+06 2.23388e+06 2.03871e+06 1.42107e+06 989814 593207 204417 134020 150299 202483 289945 320383 448058 732131 659419 906940 1.3949e+06 1.60197e+06
mphobs
 0 0 0 0 0 112323 0 153150 637223 0 255016 313432 73983 77613 109348 50772 0 0 0 0 0 0 0 0 0
mphpred
 151245 94996.5 121797 151396 163314 252741 377187 437547 362246 355719 329609 227852 140479 72573.8 31884.5 27020.9 33647.1 47298.7 60027.3 70176.7 105709 125383 158476 229211 308908
desembarqueobs
 350755 77701 442110 56441 14545 235359 269955 359681 431902 328805 639364 411747 362871 311530 167758 66681 60226 58785 57116 73181 50977 67692 138656 160484 209506
desembarquepred
 350771 77706.6 442173 56444 14545.2 235416 270001 359726 432000 328870 639668 412016 363233 311956 167758 66694.7 60254.3 58789.1 57112.6 73185.2 50979.6 67688.8 138664 160496 209512
Reclutas
 49411.7 60772.7 38671.5 58454.3 95796 72186.5 109519 101312 120477 122323 65519.3 42690.8 42892.9 23004.1 16146 17935.9 14244.2 16288.7 18585.9 31509 39060.5 52088.2 84804.1 103651 44855.5
log_desv_Rt
 0.0479435 0.254895 -0.197142 0.216 0.709976 0.427009 0.843851 0.765958 0.93921 0.95442 0.3301 -0.0982615 -0.0935391 -0.716574 -1.07057 -0.965442 -1.1959 -1.06177 -0.92984 -0.40197 -0.187132 0.100695 0.5881 0.788783 -0.0487985
SSB
 563841 354148 454061 564406 608834 942219 1.40615e+06 1.63118e+06 1.35046e+06 1.32612e+06 1.22879e+06 849433 523708 270556 118866 100734 125437 176330 223782 261619 394085 467430 590800 854499 1.15161e+06
BT
 2.02543e+06 519348 1.05345e+06 942749 1.12502e+06 1.2806e+06 2.90204e+06 2.60411e+06 2.48978e+06 2.2168e+06 1.89664e+06 1.29334e+06 907953 485295 267159 195887 239356 318365 345856 479627 727275 671544 937987 1.43249e+06 1.64619e+06
Ftot
 0.682173 0.530452 0.754536 0.136033 0.0263721 0.26478 0.161202 0.332936 0.38364 0.315588 0.659735 0.598755 0.95573 1.8338 1.98526 0.802939 0.550283 0.355897 0.291269 0.297022 0.139477 0.178356 0.210804 0.202672 0.193478
BD_Bspro_t
 0.933483 0.718368 0.682458 0.557626 0.694742 0.821684 0.788896 0.794015 0.734242 0.692105 0.651312 0.491304 0.37829 0.266929 0.152758 0.159176 0.250761 0.398909 0.515005 0.610274 0.722553 0.802317 0.810872 0.818625 0.822979
BD_Bspro
 0.582901 0.366119 0.469409 0.583485 0.629415 0.974068 1.45369 1.68631 1.3961 1.37095 1.27032 0.878147 0.541411 0.279701 0.122884 0.104139 0.129677 0.18229 0.231347 0.270463 0.407406 0.48323 0.61077 0.883383 1.19054
BD_Bo
 0.497095 0.312225 0.40031 0.497593 0.536762 0.830682 1.2397 1.43808 1.19059 1.16914 1.08333 0.74888 0.461713 0.238528 0.104795 0.0888094 0.110588 0.155456 0.197292 0.230649 0.347435 0.412097 0.520863 0.753346 1.01529
BD_Brms
 0.903809 0.567681 0.727837 0.904714 0.975931 1.51033 2.25399 2.61469 2.16471 2.12571 1.96968 1.3616 0.839477 0.433687 0.190535 0.161471 0.201069 0.282648 0.358711 0.419362 0.631699 0.749266 0.947022 1.36972 1.84598
S_f
 0.141526 0.758003 0.983475 0.999116 0.999953
 0.141526 0.758003 0.983475 0.999116 0.999953
 0.141526 0.758003 0.983475 0.999116 0.999953
 0.141526 0.758003 0.983475 0.999116 0.999953
 0.141526 0.758003 0.983475 0.999116 0.999953
 0.141526 0.758003 0.983475 0.999116 0.999953
 0.141526 0.758003 0.983475 0.999116 0.999953
 0.141526 0.758003 0.983475 0.999116 0.999953
 0.141526 0.758003 0.983475 0.999116 0.999953
 0.141526 0.758003 0.983475 0.999116 0.999953
 0.141526 0.758003 0.983475 0.999116 0.999953
 0.141526 0.758003 0.983475 0.999116 0.999953
 0.141526 0.758003 0.983475 0.999116 0.999953
 0.141526 0.758003 0.983475 0.999116 0.999953
 0.141526 0.758003 0.983475 0.999116 0.999953
 0.141526 0.758003 0.983475 0.999116 0.999953
 0.141526 0.758003 0.983475 0.999116 0.999953
 0.141526 0.758003 0.983475 0.999116 0.999953
 0.141526 0.758003 0.983475 0.999116 0.999953
 0.141526 0.758003 0.983475 0.999116 0.999953
 0.141526 0.758003 0.983475 0.999116 0.999953
 0.141526 0.758003 0.983475 0.999116 0.999953
 0.141526 0.758003 0.983475 0.999116 0.999953
 0.141526 0.758003 0.983475 0.999116 0.999953
 0.141526 0.758003 0.983475 0.999116 0.999953
Scru_reclas
 0.983812 1 1 1 1
 0.983812 1 1 1 1
 0.983812 1 1 1 1
 0.983812 1 1 1 1
 0.983812 1 1 1 1
 0.983812 1 1 1 1
 0.983812 1 1 1 1
 0.983812 1 1 1 1
 0.983812 1 1 1 1
 0.983812 1 1 1 1
 0.983812 1 1 1 1
 0.983812 1 1 1 1
 0.983812 1 1 1 1
 0.983812 1 1 1 1
 0.983812 1 1 1 1
 0.983812 1 1 1 1
 0.983812 1 1 1 1
 0.983812 1 1 1 1
 0.983812 1 1 1 1
 0.983812 1 1 1 1
 0.983812 1 1 1 1
 0.983812 1 1 1 1
 0.983812 1 1 1 1
 0.983812 1 1 1 1
 0.983812 1 1 1 1
Scru_pelaces
 0.923834 1 1 1 1
 0.923834 1 1 1 1
 0.923834 1 1 1 1
 0.923834 1 1 1 1
 0.923834 1 1 1 1
 0.923834 1 1 1 1
 0.923834 1 1 1 1
 0.923834 1 1 1 1
 0.923834 1 1 1 1
 0.923834 1 1 1 1
 0.923834 1 1 1 1
 0.923834 1 1 1 1
 0.923834 1 1 1 1
 0.923834 1 1 1 1
 0.923834 1 1 1 1
 0.923834 1 1 1 1
 0.923834 1 1 1 1
 0.923834 1 1 1 1
 0.923834 1 1 1 1
 0.923834 1 1 1 1
 0.923834 1 1 1 1
 0.923834 1 1 1 1
 0.923834 1 1 1 1
 0.923834 1 1 1 1
 0.923834 1 1 1 1
pf_obs 
 0.256992 0.487395 0.22802 0.0275931 0
 0.321318 0.546541 0.124235 0.00734118 0.000564706
 0.182869 0.594174 0.210203 0.0122559 0.00049798
 0.330522 0.361315 0.267642 0.0388342 0.00168674
 0.649043 0.306663 0.0425973 0.00169635 0
 0.582887 0.30429 0.105238 0.00758474 0
 0.465427 0.430635 0.0974691 0.00646863 0
 0.296916 0.608066 0.0921331 0.00288517 0
 0.311714 0.524322 0.152257 0.0117073 0
 0.15457 0.633149 0.183074 0.0267441 0.00246327
 0.131901 0.49318 0.331252 0.0422183 0.00144891
 0.196976 0.569456 0.194076 0.0375587 0.00193317
 0.518974 0.381816 0.0799577 0.0180837 0.00116848
 0.0928022 0.601141 0.25162 0.0475244 0.00691264
 0.122501 0.610282 0.24278 0.0234846 0.000952079
 0.383417 0.481906 0.127806 0.00687128 0
 0.0376549 0.599619 0.316969 0.0457579 0
 0.0361596 0.667082 0.258105 0.0386534 0
 0.158088 0.579412 0.248529 0.0139706 0
 0.0477256 0.309471 0.559284 0.082774 0.000745712
 0.0406174 0.521527 0.379366 0.0568643 0.0016247
 0.151134 0.462217 0.34131 0.0453401 0
 0.294876 0.26143 0.354403 0.0886775 0.000613685
 0.281977 0.475581 0.204845 0.0348837 0.00271318
 0.0354234 0.537034 0.353287 0.0723622 0.0018943
pf_pred 
 0.372767 0.432818 0.173939 0.0204629 1.29619e-05
 0.314192 0.53722 0.112679 0.0321992 0.00370929
 0.184238 0.588968 0.189024 0.0287816 0.00898801
 0.273828 0.41743 0.243 0.0549976 0.0107441
 0.289785 0.458034 0.160925 0.0720728 0.0191833
 0.166499 0.545571 0.201838 0.0552443 0.0308473
 0.236651 0.382651 0.272564 0.0762019 0.0319314
 0.192456 0.495163 0.177711 0.0968759 0.0377941
 0.225115 0.434055 0.232173 0.0623042 0.0463537
 0.212356 0.484528 0.19187 0.0762386 0.0350078
 0.12915 0.517337 0.241302 0.071505 0.0407051
 0.131381 0.418253 0.303488 0.100949 0.0459283
 0.206031 0.394032 0.226208 0.11788 0.0558495
 0.192945 0.545048 0.155837 0.0607092 0.0454609
 0.281899 0.52188 0.153552 0.0257485 0.0169209
 0.354532 0.522352 0.10142 0.0171148 0.00457986
 0.229577 0.59468 0.150991 0.0204734 0.00427907
 0.241321 0.472558 0.235725 0.0434224 0.00697442
 0.234627 0.481264 0.195922 0.0728881 0.0152983
 0.306185 0.425951 0.185797 0.0569065 0.0251606
 0.259457 0.514062 0.154 0.05055 0.0219299
 0.251011 0.467892 0.210294 0.0483974 0.0224049
 0.292594 0.440488 0.183178 0.0629136 0.0208268
 0.251887 0.503885 0.167435 0.0529833 0.0238098
 0.0989511 0.561064 0.24866 0.0629457 0.0283796
pobs_RECLAS
 0 0 0 0 0
 0 0 0 0 0
 0 0 0 0 0
 0 0 0 0 0
 0.835266 0.146461 0.0176864 0.000547809 3.91292e-05
 0.385257 0.428462 0.181853 0.0044286 0
 0.867414 0.0963971 0.0333333 0.00285562 0
 0.441836 0.489002 0.0689373 0.000224442 0
 0.779404 0.147425 0.0564933 0.0165055 0.000172143
 0.814271 0.122319 0.05973 0.00367925 0
 0.40263 0.566651 0.0304383 0.000280538 0
 0.475488 0.404961 0.113038 0.00651328 0
 0.955842 0.0263864 0.0167828 0.000988607 0
 0.975058 0.0227948 0.00214734 0 0
 0.738997 0.206755 0.0527124 0.00153531 0
 0.850938 0.134255 0.0134407 0.00136685 0
 0.542534 0.407297 0.0501686 0 0
 0.764087 0.199537 0.0359546 0.000420521 0
 0.470689 0.182191 0.310203 0.0369168 0
 0.84361 0.089868 0.0606195 0.00523954 0.000663233
 0.607945 0.314616 0.071237 0.00620181 0
 0.523733 0.453247 0.0230204 0 0
 0.530135 0.295979 0.169645 0.0042399 0
 0.562478 0.366248 0.0663022 0.0049721 0
 0.250443 0.683176 0.0655157 0.000865301 0
ppred_RECLAS
 0.778075 0.165608 0.0504745 0.00583812 3.69473e-06
 0.723145 0.228818 0.036574 0.0102792 0.0011831
 0.570598 0.33275 0.0807874 0.0120918 0.00377262
 0.689205 0.198343 0.0888078 0.0197821 0.00386129
 0.701225 0.210144 0.0568849 0.0250773 0.0066691
 0.536805 0.33016 0.0937133 0.0252401 0.0140815
 0.650579 0.198379 0.108637 0.0298912 0.0125149
 0.584012 0.281096 0.0772827 0.0414515 0.0161575
 0.635014 0.228456 0.0934966 0.0246842 0.0183489
 0.613191 0.261966 0.0795003 0.0310819 0.0142601
 0.472883 0.347745 0.123105 0.0358679 0.0203999
 0.484385 0.284187 0.156817 0.0512946 0.0233165
 0.623573 0.214376 0.0923753 0.0472913 0.0223847
 0.61477 0.287176 0.0588335 0.0224379 0.0167832
 0.724258 0.217893 0.045489 0.00746204 0.00489802
 0.760228 0.203638 0.0298572 0.00495207 0.00132394
 0.630394 0.301831 0.0583663 0.00778342 0.00162535
 0.651448 0.238367 0.0910375 0.0164994 0.00264782
 0.64197 0.24685 0.0770565 0.0282078 0.0059154
 0.72161 0.188135 0.0629169 0.0189615 0.00837647
 0.666643 0.249313 0.0574426 0.0185573 0.00804386
 0.661029 0.232195 0.080207 0.0181663 0.00840272
 0.70698 0.200276 0.06397 0.0216216 0.0071515
 0.659604 0.248383 0.0634035 0.0197447 0.0088654
 0.390203 0.416651 0.141879 0.0353452 0.0159221
pobs_PELACES
 0 0 0 0 0
 0 0 0 0 0
 0 0 0 0 0
 0 0 0 0 0
 0 0 0 0 0
 0 0 0 0 0
 0 0 0 0 0
 0 0 0 0 0
 0 0 0 0 0
 0 0 0 0 0
 0.450072 0.473896 0.0757376 0.000293798 0
 0 0 0 0 0
 0.463077 0.371075 0.160297 0.00555027 0
 0.529543 0.364841 0.0842815 0.0213345 0
 0.631943 0.363953 0.00410389 0 0
 0.735681 0.248677 0.0153453 0.000297389 0
 0.695825 0.281241 0.0229344 0 0
 0.275771 0.60734 0.115278 0.00161068 0
 0 0 0 0 0
 0.896147 0.0623911 0.0374545 0.00400742 0
 0.803859 0.145111 0.0509908 3.86294e-05 0
 0.739449 0.233085 0.0266225 0.000797448 4.60066e-05
 0.878498 0.100942 0.0204185 0.000141795 0
 0.694673 0.275183 0.0284847 0.00165964 0
 0.469039 0.446079 0.0841089 0.000773354 0
ppred_PELACES
 0.792998 0.156451 0.0453237 0.00522393 3.30541e-06
 0.733407 0.221851 0.034088 0.00955437 0.00109951
 0.595655 0.317276 0.0728249 0.0108576 0.00338686
 0.682413 0.20343 0.0901682 0.020071 0.00391754
 0.68916 0.21876 0.0591011 0.0260507 0.00692794
 0.535985 0.332647 0.0925774 0.0249001 0.0138908
 0.644911 0.202661 0.109659 0.0301473 0.0126215
 0.587175 0.281257 0.0754349 0.0403909 0.0157427
 0.64101 0.227147 0.0903448 0.0238049 0.0176934
 0.615326 0.262537 0.0778244 0.0303771 0.0139356
 0.494883 0.338874 0.114218 0.0331655 0.0188595
 0.504155 0.278866 0.147175 0.0479923 0.0218118
 0.660866 0.199196 0.0799422 0.0407249 0.0192715
 0.69242 0.237194 0.0423959 0.0160166 0.0119741
 0.791882 0.169405 0.0305098 0.00495381 0.00324986
 0.779587 0.188867 0.0260856 0.00430862 0.00115166
 0.643459 0.29334 0.0544488 0.00724041 0.00151173
 0.6555 0.237582 0.0883664 0.0159859 0.00256516
 0.642699 0.248034 0.0757661 0.0276937 0.00580712
 0.72257 0.188853 0.0617764 0.0185893 0.00821136
 0.659525 0.255316 0.0582183 0.0187944 0.00814631
 0.655996 0.236643 0.0806657 0.0182534 0.00844258
 0.703869 0.203427 0.063965 0.0215964 0.00714274
 0.655657 0.252306 0.0634409 0.0197357 0.00886086
 0.38571 0.421665 0.141534 0.0352241 0.0158667
pobs_pel_tallas
 0 0 0 0 0 0 0 0 0 0 0 0 0 0 0 0 0 0 0 0 0 0 0 0 0 0 0 0 0 0 0 0 0 0 0 0
 0 0 0 0 0 0 0 0 0 0 0 0 0 0 0 0 0 0 0 0 0 0 0 0 0 0 0 0 0 0 0 0 0 0 0 0
 0 0 0 0 0 0 0 0 0 0 0 0 0 0 0 0 0 0 0 0 0 0 0 0 0 0 0 0 0 0 0 0 0 0 0 0
 0 0 0 0 0 0 0 0 0 0 0 0 0 0 0 0 0 0 0 0 0 0 0 0 0 0 0 0 0 0 0 0 0 0 0 0
 0 0 0 0 0 0 0 0 0 0 0 0 0 0 0 0 0 0 0 0 0 0 0 0 0 0 0 0 0 0 0 0 0 0 0 0
 0 0 0 0 0 0 0 0 0 0 0 0 0 0 0 0 0 0 0 0 0 0 0 0 0 0 0 0 0 0 0 0 0 0 0 0
 0 0 0 0 0 0 0 0 0 0 0 0 0 0 0 0 0 0 0 0 0 0 0 0 0 0 0 0 0 0 0 0 0 0 0 0
 0 0 0 0 0 0 0 0 0 0 0 0 0 0 0 0 0 0 0 0 0 0 0 0 0 0 0 0 0 0 0 0 0 0 0 0
 0 0 0 0 0 0 0 0 0 0 0 0 0 0 0 0 0 0 0 0 0 0 0 0 0 0 0 0 0 0 0 0 0 0 0 0
 0 0 0 0 0 0 0 0 0 0 0 0 0 0 0 0 0 0 0 0 0 0 0 0 0 0 0 0 0 0 0 0 0 0 0 0
 0 0 0 0 0 0 0 0 1.78061e-05 0.00172719 0.00360574 0.0105946 0.0120993 0.0124554 0.0147524 0.0171206 0.0266825 0.0428682 0.0675386 0.121331 0.153587 0.119568 0.100827 0.0573624 0.0630603 0.0341343 0.0324427 0.0444173 0.0211091 0.0280891 0.0125444 0.00206551 0 0 0 0
 0 0 0 0 0 0 0 0 0 0 0 0 0 0 0 0 0 0 0 0 0 0 0 0 0 0 0 0 0 0 0 0 0 0 0 0
 0 0 0 0 0 0 0.0133647 0.0140871 0.0187388 0.0205184 0.03894 0.0496705 0.03968 0.0493445 0.0407372 0.0367815 0.0215668 0.0243155 0.0234873 0.0199281 0.019796 0.0243948 0.0301388 0.0376714 0.0412746 0.0863199 0.0771752 0.113111 0.0741005 0.0525337 0.0229764 0.00759418 0.00175318 0 0 0
 0 0 0 0 0 0 0 0 0 0 0.00219441 0.00772107 0.0458388 0.0604681 0.0671733 0.0775358 0.0609151 0.0617685 0.073594 0.0568108 0.0755445 0.0548602 0.0670107 0.0636378 0.0643287 0.046367 0.0373049 0.0286899 0.0247887 0.0153202 0.00654259 0.00121912 0.000365735 0 0 0
 0 0 0 0 0 0 0 0 0 0 0 0 0.000112435 0.00938835 0.0111873 0.0202946 0.0414886 0.0713402 0.111592 0.104902 0.108894 0.110636 0.117776 0.105296 0.107544 0.0401394 0.0192827 0.0124803 0.00416011 0.0028671 0.000618394 0 0 0 0 0
 0 0 0 0 0 0 0 0 0 0 0.00291406 0.0102884 0.027416 0.0768956 0.0749926 0.110853 0.0956884 0.0897413 0.0766577 0.0534642 0.0500743 0.0551293 0.0594112 0.0620874 0.0668451 0.0424026 0.0208742 0.0120726 0.0048766 0.00582813 0.00118941 0.000297354 0 0 0 0
 0 0.00264628 0.0354308 0.0461629 0.0458689 0.0383711 0.0214643 0.0164657 0.0346957 0.0420465 0.0363128 0.0245516 0.0311673 0.0291091 0.0169068 0.0133784 0.00837989 0.0085269 0.0148486 0.0160247 0.0276389 0.0546898 0.0760071 0.122758 0.109233 0.0665981 0.0333725 0.0166128 0.00676272 0.00308733 0.000882094 0 0 0 0 0
 0 0 0 0 0 0 0 0.000805153 0.000690131 0.00759144 0.0133425 0.0154129 0.00931677 0.000345066 0.00356568 0.00563607 0.00851162 0.0253048 0.0502646 0.0516448 0.0657925 0.0565908 0.0611916 0.0827007 0.0866115 0.110766 0.145733 0.0935128 0.0569358 0.0249597 0.0138026 0.00621118 0.00161031 0.00115022 0 0
 0 0 0 0 0 0 0 0 0 0 0 0 0 0 0 0 0 0 0 0 0 0 0 0 0 0 0 0 0 0 0 0 0 0 0 0
 0.00147267 0.00158595 0.00478618 0.00569244 0.00954404 0.0108468 0.00647125 0.017049 0.0510054 0.094081 0.124002 0.0959785 0.0687766 0.0820023 0.061753 0.0591476 0.0492212 0.0479892 0.0443925 0.0268479 0.0217502 0.0140895 0.0121071 0.0120363 0.00920419 0.00665534 0.0049561 0.00860946 0.00930331 0.0156896 0.0114698 0.00855282 0.00243557 0.00046729 0 2.83206e-05
 0 0 0 0 0.000772559 0.00158375 0.000888443 0.00281984 0.00712685 0.0440552 0.0773331 0.111326 0.0921469 0.0852325 0.0710754 0.0886704 0.0786465 0.0553345 0.0373146 0.0185414 0.00753245 0.00457741 0.012979 0.0271748 0.0457355 0.0583668 0.034881 0.0177882 0.00938659 0.00492506 0.0015258 0.00185414 0.000309023 5.79419e-05 3.86279e-05 0
 0 0.00173294 0.00326652 0 0.00397197 0.00683976 0.00946217 0.0152591 0.00757587 0.0136028 0.0228656 0.0392903 0.0559909 0.0764795 0.0681675 0.0726916 0.0566044 0.0477403 0.0527397 0.0444891 0.0609904 0.0582453 0.0661739 0.0445044 0.0529084 0.0360697 0.0280645 0.0235558 0.0158879 0.00826598 0.00280645 0.00217768 0.000904811 0.00058276 9.20147e-05 0
 0 0 0 0 0 0 0 0 0 0 0 0 0 0 0 0 0 0 0 0 0 0 0 0 0 0 0 0 0 0 0 0 0 0 0 0
 0 0 0 0 0 0 0 0 0 0 0 0 0 0 0 0 0 0 0 0 0 0 0 0 0 0 0 0 0 0 0 0 0 0 0 0
 0 0 0 0 0 0 0 0 0 0 0 0 0 0 0 0 0 0 0 0 0 0 0 0 0 0 0 0 0 0 0 0 0 0 0 0
ppred_pel_tallas
 1.00875e-16 3.45975e-05 0.000203064 0.000965287 0.00371642 0.0115893 0.0292737 0.0598977 0.0992863 0.133336 0.14509 0.127964 0.0915661 0.0533689 0.0257703 0.0111289 0.00565608 0.00489463 0.00611279 0.008111 0.0104005 0.0126901 0.0147151 0.0162314 0.0170573 0.017113 0.0164352 0.0151623 0.0134942 0.0116442 0.00979538 0.0080762 0.00655559 0.00525376 0.00416017 0.00325076
 1.00936e-16 3.20017e-05 0.000187819 0.000892794 0.00343729 0.0107188 0.027075 0.0553995 0.0918323 0.123333 0.134223 0.118422 0.0848326 0.0496336 0.0243205 0.0111075 0.0065222 0.00646304 0.00840144 0.0111925 0.0143106 0.0173794 0.0200312 0.0219258 0.0228173 0.0226102 0.0213798 0.0193473 0.0168201 0.0141188 0.0115125 0.00918233 0.00721439 0.00561722 0.00435091 0.00335558
 1.01669e-16 2.5999e-05 0.000152569 0.000725192 0.00279194 0.00870634 0.0219917 0.0449994 0.074597 0.100198 0.109079 0.0963192 0.0691744 0.0408267 0.0206662 0.0105558 0.00773936 0.0089331 0.0120922 0.0162371 0.0208223 0.0253607 0.0293356 0.0322581 0.0337678 0.0337137 0.0321851 0.0294776 0.0260113 0.0222288 0.0185063 0.0151022 0.0121478 0.0096704 0.00763229 0.00596842
 1.0222e-16 2.97775e-05 0.000174762 0.000830724 0.00319831 0.0099736 0.0251926 0.0515478 0.0854477 0.114759 0.124892 0.110194 0.0789444 0.0462025 0.0226671 0.010404 0.00619068 0.00622252 0.00816212 0.0109624 0.0141532 0.017401 0.0203728 0.0227491 0.0242823 0.0248466 0.0244595 0.0232634 0.02148 0.019351 0.0170885 0.0148467 0.0127175 0.0107436 0.00893972 0.00730954
 1.0213e-16 3.00722e-05 0.000176491 0.000838943 0.00322995 0.0100723 0.0254418 0.0520578 0.0862934 0.115895 0.126132 0.111293 0.0797438 0.0466943 0.0229521 0.0106065 0.0064047 0.00650315 0.00853527 0.0114315 0.014699 0.0179794 0.0209156 0.0231712 0.0244944 0.0247719 0.0240502 0.0225128 0.0204254 0.0180687 0.0156803 0.0134221 0.0113768 0.00956458 0.00796991 0.00656561
 1.02928e-16 2.33977e-05 0.000137296 0.000652578 0.00251236 0.00783445 0.0197894 0.0404935 0.067129 0.0901719 0.0981764 0.0867212 0.0623452 0.036925 0.0189303 0.0100619 0.00786574 0.00940787 0.0128575 0.0173236 0.0222818 0.0272388 0.0316594 0.0350321 0.0369733 0.037312 0.0361214 0.0336848 0.030413 0.02674 0.0230349 0.0195513 0.0164198 0.0136735 0.0112878 0.00921763
 1.03249e-16 2.81422e-05 0.000165162 0.000785083 0.00302258 0.00942559 0.0238084 0.0487156 0.0807533 0.108455 0.118036 0.104152 0.0746344 0.0437169 0.0215171 0.00999578 0.00611663 0.00629401 0.00832726 0.0112318 0.0145631 0.0179999 0.0212152 0.0238906 0.0257722 0.0267203 0.0267307 0.0259183 0.0244742 0.022611 0.0205171 0.0183318 0.0161434 0.0140026 0.0119413 0.00998758
 1.03286e-16 2.56277e-05 0.000150392 0.000714853 0.00275215 0.00858224 0.0216782 0.0443577 0.0735324 0.0987657 0.107513 0.0949202 0.068135 0.0401436 0.0201928 0.0101079 0.00716288 0.00811737 0.0109633 0.0147581 0.0190034 0.0232726 0.0271151 0.0301012 0.0319078 0.0323879 0.0315977 0.0297666 0.0272278 0.0243318 0.0213734 0.0185512 0.0159639 0.0136334 0.01154 0.00965263
 1.03002e-16 2.7973e-05 0.000164166 0.000780347 0.00300433 0.00936869 0.0236647 0.0484217 0.0802669 0.107804 0.117333 0.103545 0.0742276 0.0435357 0.0215336 0.0101791 0.00646228 0.00682262 0.00906787 0.012203 0.0157574 0.0193727 0.0226822 0.0253337 0.0270553 0.027712 0.0273278 0.0260648 0.0241701 0.02191 0.0195138 0.0171426 0.0148867 0.0127818 0.0108344 0.00904262
 1.02886e-16 2.68545e-05 0.000157596 0.000749105 0.00288403 0.00899353 0.0227171 0.0464832 0.0770548 0.103494 0.112652 0.0994386 0.0713375 0.0419484 0.0209485 0.0102359 0.00693898 0.00765114 0.0102661 0.0138073 0.01778 0.0217782 0.0253786 0.028178 0.0298718 0.03032 0.0295718 0.0278393 0.025433 0.0226814 0.019863 0.0171684 0.0146957 0.0124716 0.0104824 0.0087023
 1.03753e-16 2.16058e-05 0.000126775 0.000602559 0.00231977 0.00723387 0.0182724 0.0373897 0.0619846 0.0832648 0.0906648 0.0801064 0.0576343 0.0342247 0.0177122 0.00968498 0.0078956 0.00965132 0.0132702 0.017925 0.0231116 0.0283386 0.0330648 0.0367677 0.0390495 0.0397219 0.0388397 0.0366675 0.033598 0.03005 0.0263816 0.0228415 0.0195631 0.0165901 0.013915 0.0115142
 1.04849e-16 2.20077e-05 0.00012914 0.000613815 0.00236313 0.0073691 0.0186139 0.038088 0.0631404 0.0848119 0.0923349 0.0815475 0.0585961 0.0346457 0.0176559 0.00921987 0.00702632 0.00832133 0.011402 0.0154661 0.0200736 0.024824 0.0292772 0.0329979 0.0356384 0.0370076 0.037099 0.0360685 0.0341748 0.0317045 0.0289096 0.0259744 0.0230135 0.0200915 0.0172501 0.0145285
 1.035e-16 2.88377e-05 0.000169245 0.000804498 0.00309733 0.00965871 0.0243972 0.0499203 0.08275 0.111136 0.120951 0.106718 0.0764585 0.0447564 0.0219744 0.0101152 0.00606083 0.00613013 0.00806327 0.0108502 0.0140396 0.0173122 0.0203489 0.0228433 0.0245567 0.0253664 0.0252846 0.0244398 0.0230317 0.0212743 0.0193498 0.0173835 0.015444 0.0135589 0.0117376 0.00998951
 1.0179e-16 3.0215e-05 0.000177328 0.000842918 0.00324525 0.01012 0.0255623 0.0523045 0.0867029 0.116447 0.126735 0.111834 0.0801495 0.0469683 0.0231539 0.0108111 0.00667571 0.00688721 0.0090627 0.0121145 0.015526 0.0189092 0.021876 0.0240645 0.0252103 0.0252061 0.0241228 0.0221838 0.0197022 0.0170037 0.0143607 0.0119544 0.00986947 0.00811384 0.00664971 0.00542327
 1.00811e-16 3.45493e-05 0.00020278 0.000963934 0.00371121 0.0115731 0.0292327 0.0598138 0.0991476 0.133151 0.144891 0.127795 0.0914593 0.0533348 0.0258062 0.011233 0.00583536 0.00516371 0.00648693 0.00859817 0.0109941 0.013364 0.0154227 0.0169092 0.0176343 0.0175225 0.0166282 0.0151164 0.0132185 0.0111762 0.00919316 0.00740716 0.00588494 0.00463526 0.00363069 0.00282887
 1.00634e-16 3.4014e-05 0.000199636 0.000948981 0.00365363 0.0113935 0.0287791 0.058886 0.0976102 0.131088 0.142651 0.125832 0.0900806 0.0525838 0.0255417 0.0112862 0.00610455 0.00562144 0.00714654 0.0094804 0.0121051 0.014683 0.0168971 0.0184576 0.0191562 0.018914 0.017799 0.016004 0.0137961 0.011453 0.00920787 0.0072174 0.00555539 0.00422767 0.00319707 0.0024082
 1.01188e-16 2.80825e-05 0.000164803 0.000783359 0.00301591 0.00940478 0.0237559 0.0486088 0.0805789 0.108228 0.117809 0.103998 0.0746242 0.0439127 0.0219866 0.0108342 0.00745339 0.00827777 0.0110927 0.0148553 0.019016 0.0231119 0.0266622 0.029216 0.030445 0.0302179 0.028629 0.0259653 0.0226294 0.0190427 0.0155617 0.012429 0.00976378 0.00758408 0.00584396 0.00447008
 1.02001e-16 2.86053e-05 0.000167878 0.000797987 0.00307225 0.00958049 0.0241996 0.0495164 0.0820817 0.110242 0.119987 0.105889 0.075912 0.0445318 0.0220411 0.0104424 0.00665771 0.00704411 0.00935539 0.0125664 0.016185 0.0198317 0.023118 0.0256727 0.027213 0.0276038 0.0268822 0.0252348 0.0229415 0.020304 0.0175842 0.0149692 0.0125651 0.0104129 0.00851431 0.00685458
 1.0238e-16 2.80475e-05 0.000164602 0.000782413 0.00301228 0.00939347 0.0237273 0.04855 0.0804801 0.108092 0.11765 0.103835 0.0744579 0.043715 0.021704 0.0103947 0.00677503 0.00727722 0.00969857 0.0130274 0.0167677 0.020528 0.0239058 0.0265181 0.0280758 0.0284458 0.027675 0.0259654 0.0236136 0.0209345 0.0181972 0.0155879 0.0132051 0.0110785 0.00919761 0.00753824
 1.01961e-16 3.15279e-05 0.00018504 0.00087959 0.00338646 0.0105603 0.0266746 0.05458 0.0904731 0.121505 0.132228 0.116648 0.0835307 0.0488102 0.0238032 0.0106821 0.00601882 0.00577124 0.00745737 0.00997246 0.0128365 0.015728 0.0183364 0.0203691 0.0216048 0.0219399 0.0214068 0.0201557 0.0184081 0.0164006 0.014335 0.0123519 0.0105263 0.00888215 0.00741415 0.00610701
 1.01937e-16 2.87815e-05 0.00016891 0.000802893 0.00309114 0.00963937 0.0243484 0.0498209 0.0825868 0.110921 0.120729 0.106552 0.0764029 0.0448512 0.0222568 0.0106388 0.00690329 0.00738461 0.00981678 0.0131551 0.0168837 0.0205951 0.0238731 0.0263257 0.0276634 0.0277625 0.0266905 0.0246773 0.022051 0.0191556 0.0162821 0.0136274 0.0112893 0.00928615 0.00758849 0.0061495
 1.02244e-16 2.86269e-05 0.000168004 0.00079859 0.00307457 0.00958772 0.0242179 0.0495538 0.0821436 0.110325 0.120077 0.105967 0.0759663 0.0445596 0.0220471 0.0104322 0.00663338 0.00700415 0.009296 0.0124831 0.0160738 0.0196906 0.0229476 0.0254778 0.0270025 0.027391 0.0266835 0.0250691 0.0228274 0.0202577 0.0176174 0.015087 0.0127652 0.0106853 0.0088426 0.00721822
 1.02051e-16 3.0713e-05 0.000180255 0.000856837 0.00329885 0.0102871 0.0259845 0.0531681 0.0881334 0.118365 0.128815 0.113649 0.0814076 0.0476194 0.0233155 0.0106212 0.00620582 0.00613845 0.00800231 0.0107139 0.0137887 0.0168876 0.0196776 0.0218439 0.0231489 0.0234824 0.0228813 0.0215094 0.0196075 0.0174319 0.0152016 0.013068 0.0111117 0.00935719 0.00779711 0.0064131
 1.02075e-16 2.86127e-05 0.00016792 0.000798185 0.00307301 0.00958284 0.0242056 0.0495287 0.0821024 0.110271 0.120021 0.105926 0.0759535 0.0445858 0.0221222 0.0105702 0.0068542 0.00733095 0.00974927 0.0130729 0.0167922 0.0205054 0.0238016 0.0262929 0.0276907 0.0278694 0.0268899 0.0249735 0.0224378 0.0196174 0.0167955 0.0141653 0.0118246 0.00979448 0.00805113 0.00655422
 1.04099e-16 1.68488e-05 9.88391e-05 0.000469733 0.00180832 0.00563893 0.0142439 0.0291476 0.0483257 0.0649314 0.070741 0.0625954 0.0452374 0.0272684 0.0148574 0.00931651 0.00896835 0.0117692 0.016419 0.0222171 0.0286354 0.0350831 0.0408888 0.0454011 0.0481247 0.0488273 0.0475816 0.0447241 0.0407526 0.0361994 0.0315209 0.0270367 0.0229198 0.0192279 0.015951 0.013055
pSPR Fmed_Fpbrs
0.63325   0.600001 0.325
Fs Fmed_Fpbrs
0.356831   0.411305 1.33809
SSBpbr Bo_Bmed_Bpbrs
1.13427e+06  661564  623850 311924
Ro
47098.7
SPR SPRFo_SPRFmed_SPRFpbrs
967302 612544 314373
log_Ro
10.58
likeval ReclasPelacesDesembMPH_pf_preclas_ppelaces_ptallas_desvR_qrecl_qpela
 60.4754 20.1713 0.0201384 0.000228929 313.244 194.583 76.5327 0 15.6241 4.75915e-05 2.31919e-05 3.99697e-10 0 0 0
q_reclas_q_pelaces
0.376225 1.98406
M
0.7
N
 49411.7 12768 4202.55 488.686 0.30936
 60772.7 22279 3780.48 1066.94 122.828
 38671.5 27996.2 7400.58 1114.23 347.749
 58454.3 17258.7 7846.96 1749.78 341.562
 95796 28474 7730.73 3408.74 906.536
 72186.5 47393.7 13859.9 3740.68 2087.17
 109519 34528.3 19255.3 5304.73 2221.14
 101312 53158.7 15174.1 8160.02 3181.16
 120477 47994.4 20510 5431.17 4037.88
 122323 56665.2 17819.3 6983.95 3204.61
 65519.3 58090.4 22152.3 6487.71 3690.91
 42690.8 29635.6 17495.1 5749.49 2614.15
 42892.9 19477.2 9347.57 4821.38 2283.05
 23004.1 18605.3 4687.02 1813.36 1357.41
 16146 8812.23 2301.17 383.392 251.865
 17935.9 6053.92 971.714 162.182 43.3742
 14244.2 7949.96 1635.71 219.07 45.7572
 16288.7 6543.48 2601.4 472.786 75.8837
 18585.9 7691.41 2481.09 910.315 190.923
 31509 8856.77 3062.78 925.189 408.763
 39060.5 15002.8 3511.49 1135.65 492.289
 52088.2 19017.8 6702.72 1520.24 703.23
 84804.1 25221.5 8249.71 2792.97 923.876
 103651 40874.7 10675 3329.62 1495.13
 44855.5 50016.1 17407.2 4343.08 1956.61
pred_Ctot
 3288.62 3818.41 1534.53 180.527 0.114352
 3174.69 5428.23 1138.55 325.351 37.4798
 2834.2 9060.29 2907.82 442.757 138.266
 802.477 1223.31 712.133 161.175 31.4866
 256.708 405.753 142.557 63.8462 16.9936
 1913.52 6270.09 2319.67 634.906 354.519
 1778.9 2876.37 2048.86 572.806 240.027
 3362.6 8651.53 3104.98 1692.62 660.342
 4593.21 8856.39 4737.21 1271.24 945.793
 3852.57 8790.35 3480.91 1383.13 635.115
 4223.06 16916.3 7890.31 2338.13 1331.01
 2506.7 7980.07 5790.42 1926.06 876.29
 3933.08 7522 4318.27 2250.31 1066.16
 3838.55 10843.5 3100.3 1207.78 904.423
 2890.54 5351.28 1574.5 264.021 173.505
 1394.68 2054.87 398.975 67.3274 18.0166
 770.973 1997.08 507.063 68.7545 14.3702
 577.095 1130.08 563.712 103.84 16.6786
 541.073 1109.84 451.816 168.087 35.2794
 935.074 1300.83 567.413 173.789 76.8393
 549.694 1089.11 326.27 107.097 46.4614
 935.095 1743.04 783.412 180.295 83.4654
 1795.75 2703.43 1124.23 386.123 127.822
 2111.24 4223.42 1403.39 444.091 199.567
 872.7 4948.31 2193.06 555.151 250.294
F
 0.096545 0.517089 0.6709 0.68157 0.682141
 0.0750726 0.402084 0.521686 0.529983 0.530427
 0.106786 0.571941 0.742067 0.75387 0.754501
 0.0192521 0.103113 0.133785 0.135912 0.136026
 0.00373233 0.0199902 0.0259363 0.0263488 0.0263709
 0.0374732 0.200704 0.260405 0.264546 0.264768
 0.0228143 0.122192 0.158538 0.16106 0.161195
 0.047119 0.252367 0.327434 0.332642 0.332921
 0.0542949 0.2908 0.3773 0.383301 0.383622
 0.0446638 0.239217 0.310373 0.315309 0.315573
 0.0933695 0.500081 0.648833 0.659152 0.659704
 0.0847393 0.453858 0.58886 0.598226 0.598727
 0.13526 0.724446 0.939936 0.954885 0.955685
 0.25953 1.39003 1.8035 1.83218 1.83371
 0.280966 1.50483 1.95245 1.98351 1.98517
 0.113637 0.608631 0.78967 0.80223 0.802902
 0.0778792 0.417116 0.541189 0.549797 0.550257
 0.0503685 0.269771 0.350015 0.355582 0.35588
 0.041222 0.220783 0.286455 0.291011 0.291255
 0.0420362 0.225143 0.292113 0.296759 0.297008
 0.0197396 0.105724 0.137172 0.139354 0.139471
 0.025242 0.135195 0.175409 0.178199 0.178348
 0.0298342 0.15979 0.20732 0.210618 0.210794
 0.0286834 0.153626 0.199323 0.202493 0.202663
 0.0273821 0.146657 0.19028 0.193307 0.193469
nmprior
 10.6 11 7 0
nm_flota  nm_reclas  nm_pelaces    nm_pelaL
inf 15.6506 19.8634 48.6933
cv_recla  cv_pelaces  cv_mph
0.703419 0.50926 0.490895
 ------------------------------------------------
Talla a la edad & desviación 
 7.2 14.2025 17.0495 18.207 18.6776
 1.08 2.13037 2.55742 2.73105 2.80164
