years
 1997 1998 1999 2000 2001 2002 2003 2004 2005 2006 2007 2008 2009 2010 2011 2012 2013 2014 2015 2016 2017 2018 2019 2020 2021
reclasobs
 0 0 0 370054 412103 1.49427e+06 250295 1.28982e+06 931140 785840 897777 1.04006e+06 184774 17550 25797 100020 73551 82996 120727 218422 84188 347160 605670 569463 516374
reclaspred
 511106 129348 310413 206444 342030 422628 930249 646153 736719 782869 676853 475279 292408 120160 70386.3 66790.2 79157.1 105727 114053 152288 231602 219977 373816 462851 500281
pelacesobs
 0 0 0 0 0 0 0 0 0 2.06254e+06 1.5e+06 0 1.87456e+06 323000 250000 174000 83755 137374 0 501740 490994 745055 786931 1.00524e+06 1.33801e+06
pelacespred
 2.01265e+06 456228 631734 693615 1.02168e+06 985970 2.57022e+06 2.08958e+06 2.16562e+06 2.34158e+06 1.74742e+06 1.27941e+06 767421 245953 147130 153261 189985 267495 290778 379066 676171 622435 810798 1.19978e+06 1.32605e+06
mphobs
 0 0 0 0 0 112323 0 153150 637223 0 255016 313432 73983 77613 109348 50772 0 0 0 0 0 0 0 0 0
mphpred
 187227 100479 108195 98029.1 115224 199132 279454 353045 306653 335252 361097 254684 160867 84170 36282.6 28675.9 31381.4 40709.1 50797.9 56877.6 85419.1 105963 130762 182936 237222
desembarqueobs
 350755 77701 442110 56441 14545 235359 269955 359681 431902 328805 639364 411747 362871 311530 167758 66681 60226 58785 57116 73181 50977 67692 138656 160484 209506
desembarquepred
 350757 77696.5 442054 56443.8 14545.3 235440 270022 359647 431919 328793 639220 411722 362863 311552 167546 66670.9 60250.1 58773.9 57096.3 73174.1 50979.3 67680.1 138657 160494 209507
Reclutas
 34665.4 42494 20153.6 30508.6 55530 38698.8 73565.3 72012 95542.6 116105 66549.7 46693.8 46725.4 25336.4 14136.2 12694.1 9569.34 11016.9 11608.8 18394.5 24316.1 30862.5 48763.3 57833.6 22938.5
log_desv_Rt
 0.0534963 0.257118 -0.488859 -0.0742353 0.524678 0.163563 0.805929 0.784588 1.06733 1.26225 0.705704 0.351366 0.352044 -0.260001 -0.843507 -0.951105 -1.23368 -1.09282 -1.04048 -0.580194 -0.301107 -0.0627027 0.394734 0.565325 -0.35943
SSB
 436392 234199 252182 228488 268565 464141 651357 822884 714752 781411 841650 593621 374951 196185 84568.1 66838.4 73144.4 94885.5 118401 132571 199096 246981 304782 426391 552922
BT
 1.4855e+06 360420 600300 424273 558745 661908 1.63382e+06 1.50463e+06 1.59827e+06 1.575e+06 1.47782e+06 1.03637e+06 770476 424156 222947 138584 152711 191949 196475 263305 404241 370261 509571 756134 820660
Ftot
 1.02882 0.973298 1.74877 0.395676 0.0676174 0.631322 0.405122 0.786038 0.885509 0.636481 1.14506 0.999975 1.59946 3.15435 3.61408 1.55218 1.16169 0.807176 0.648182 0.692199 0.319269 0.385411 0.46617 0.468038 0.460954
BD_Bspro_t
 0.906408 0.626619 0.538134 0.344918 0.508005 0.694204 0.635135 0.657337 0.58981 0.565814 0.552011 0.395013 0.294421 0.198764 0.108021 0.105748 0.155095 0.253332 0.351079 0.435337 0.56488 0.678333 0.686373 0.691619 0.690085
BD_Bspro
 0.646637 0.347031 0.373679 0.338569 0.397954 0.687755 0.965168 1.21933 1.05911 1.15788 1.24714 0.879616 0.555595 0.290703 0.125311 0.0990398 0.108384 0.140599 0.175444 0.196442 0.295017 0.365971 0.451619 0.631817 0.819308
BD_Bo
 0.516363 0.277117 0.298396 0.27036 0.317781 0.549198 0.770722 0.973683 0.845735 0.924609 0.995888 0.702406 0.443663 0.232137 0.100066 0.0790869 0.0865485 0.112274 0.140098 0.156866 0.235582 0.292241 0.360635 0.504529 0.654248
BD_Brms
 0.938842 0.503849 0.542539 0.491563 0.577784 0.998541 1.40131 1.77033 1.5377 1.68111 1.81071 1.2771 0.80666 0.422067 0.181938 0.143794 0.157361 0.204134 0.254724 0.285211 0.428331 0.531348 0.6557 0.917326 1.18954
S_f
 0.0954475 0.667206 0.97442 0.99862 0.999927
 0.0954475 0.667206 0.97442 0.99862 0.999927
 0.0954475 0.667206 0.97442 0.99862 0.999927
 0.0954475 0.667206 0.97442 0.99862 0.999927
 0.0954475 0.667206 0.97442 0.99862 0.999927
 0.0954475 0.667206 0.97442 0.99862 0.999927
 0.0954475 0.667206 0.97442 0.99862 0.999927
 0.0954475 0.667206 0.97442 0.99862 0.999927
 0.0954475 0.667206 0.97442 0.99862 0.999927
 0.0954475 0.667206 0.97442 0.99862 0.999927
 0.0954475 0.667206 0.97442 0.99862 0.999927
 0.0954475 0.667206 0.97442 0.99862 0.999927
 0.0954475 0.667206 0.97442 0.99862 0.999927
 0.0954475 0.667206 0.97442 0.99862 0.999927
 0.0954475 0.667206 0.97442 0.99862 0.999927
 0.0954475 0.667206 0.97442 0.99862 0.999927
 0.0954475 0.667206 0.97442 0.99862 0.999927
 0.0954475 0.667206 0.97442 0.99862 0.999927
 0.0954475 0.667206 0.97442 0.99862 0.999927
 0.0954475 0.667206 0.97442 0.99862 0.999927
 0.0954475 0.667206 0.97442 0.99862 0.999927
 0.0954475 0.667206 0.97442 0.99862 0.999927
 0.0954475 0.667206 0.97442 0.99862 0.999927
 0.0954475 0.667206 0.97442 0.99862 0.999927
 0.0954475 0.667206 0.97442 0.99862 0.999927
Scru_reclas
 0.652099 0.919537 0.985851 0.997652 0.999614
 0.652099 0.919537 0.985851 0.997652 0.999614
 0.652099 0.919537 0.985851 0.997652 0.999614
 0.652099 0.919537 0.985851 0.997652 0.999614
 0.652099 0.919537 0.985851 0.997652 0.999614
 0.652099 0.919537 0.985851 0.997652 0.999614
 0.652099 0.919537 0.985851 0.997652 0.999614
 0.652099 0.919537 0.985851 0.997652 0.999614
 0.652099 0.919537 0.985851 0.997652 0.999614
 0.652099 0.919537 0.985851 0.997652 0.999614
 0.652099 0.919537 0.985851 0.997652 0.999614
 0.652099 0.919537 0.985851 0.997652 0.999614
 0.652099 0.919537 0.985851 0.997652 0.999614
 0.652099 0.919537 0.985851 0.997652 0.999614
 0.652099 0.919537 0.985851 0.997652 0.999614
 0.652099 0.919537 0.985851 0.997652 0.999614
 0.652099 0.919537 0.985851 0.997652 0.999614
 0.652099 0.919537 0.985851 0.997652 0.999614
 0.652099 0.919537 0.985851 0.997652 0.999614
 0.652099 0.919537 0.985851 0.997652 0.999614
 0.652099 0.919537 0.985851 0.997652 0.999614
 0.652099 0.919537 0.985851 0.997652 0.999614
 0.652099 0.919537 0.985851 0.997652 0.999614
 0.652099 0.919537 0.985851 0.997652 0.999614
 0.652099 0.919537 0.985851 0.997652 0.999614
Scru_pelaces
 0.689147 1 1 1 1
 0.689147 1 1 1 1
 0.689147 1 1 1 1
 0.689147 1 1 1 1
 0.689147 1 1 1 1
 0.689147 1 1 1 1
 0.689147 1 1 1 1
 0.689147 1 1 1 1
 0.689147 1 1 1 1
 0.689147 1 1 1 1
 0.689147 1 1 1 1
 0.689147 1 1 1 1
 0.689147 1 1 1 1
 0.689147 1 1 1 1
 0.689147 1 1 1 1
 0.689147 1 1 1 1
 0.689147 1 1 1 1
 0.689147 1 1 1 1
 0.689147 1 1 1 1
 0.689147 1 1 1 1
 0.689147 1 1 1 1
 0.689147 1 1 1 1
 0.689147 1 1 1 1
 0.689147 1 1 1 1
 0.689147 1 1 1 1
pf_obs 
 0.256992 0.487395 0.22802 0.0275931 0
 0.321318 0.546541 0.124235 0.00734118 0.000564706
 0.182869 0.594174 0.210203 0.0122559 0.00049798
 0.330522 0.361315 0.267642 0.0388342 0.00168674
 0.649043 0.306663 0.0425973 0.00169635 0
 0.582887 0.30429 0.105238 0.00758474 0
 0.465427 0.430635 0.0974691 0.00646863 0
 0.296916 0.608066 0.0921331 0.00288517 0
 0.311714 0.524322 0.152257 0.0117073 0
 0.15457 0.633149 0.183074 0.0267441 0.00246327
 0.131901 0.49318 0.331252 0.0422183 0.00144891
 0.196976 0.569456 0.194076 0.0375587 0.00193317
 0.518974 0.381816 0.0799577 0.0180837 0.00116848
 0.0928022 0.601141 0.25162 0.0475244 0.00691264
 0.122501 0.610282 0.24278 0.0234846 0.000952079
 0.383417 0.481906 0.127806 0.00687128 0
 0.0376549 0.599619 0.316969 0.0457579 0
 0.0361596 0.667082 0.258105 0.0386534 0
 0.158088 0.579412 0.248529 0.0139706 0
 0.0477256 0.309471 0.559284 0.082774 0.000745712
 0.0406174 0.521527 0.379366 0.0568643 0.0016247
 0.151134 0.462217 0.34131 0.0453401 0
 0.294876 0.26143 0.354403 0.0886775 0.000613685
 0.281977 0.475581 0.204845 0.0348837 0.00271318
 0.0354234 0.537034 0.353287 0.0723622 0.0018943
pf_pred 
 0.285292 0.487001 0.20325 0.0244447 1.2851e-05
 0.276096 0.563347 0.126826 0.0302335 0.00349703
 0.14566 0.65788 0.168982 0.0218816 0.00559669
 0.267145 0.470364 0.229265 0.0287869 0.00443941
 0.278233 0.502346 0.160962 0.0512459 0.00721367
 0.140182 0.595568 0.203397 0.0449318 0.0159216
 0.255532 0.39771 0.272178 0.0578398 0.0167399
 0.201147 0.568683 0.14743 0.0653573 0.0173834
 0.252129 0.495974 0.203118 0.0316446 0.0171345
 0.245328 0.552183 0.156058 0.03771 0.00872123
 0.139773 0.61009 0.204207 0.0356668 0.0102626
 0.145489 0.509931 0.280903 0.0523817 0.0112961
 0.220067 0.483892 0.213898 0.0674475 0.0146956
 0.213366 0.621625 0.126833 0.0279672 0.0102079
 0.275075 0.626888 0.0901052 0.00621252 0.00172012
 0.318901 0.614631 0.0635047 0.00274256 0.000219968
 0.213202 0.646068 0.13341 0.007009 0.000311274
 0.238503 0.530857 0.205774 0.0236219 0.00124299
 0.213388 0.556555 0.182661 0.0424472 0.00494892
 0.275706 0.480635 0.194306 0.0394517 0.00990141
 0.243999 0.554252 0.154029 0.0383141 0.00940616
 0.21597 0.521115 0.21223 0.0389529 0.0117321
 0.253774 0.479488 0.200997 0.0533645 0.0123762
 0.218483 0.545486 0.174253 0.0468991 0.0148787
 0.0799779 0.597985 0.252471 0.0517671 0.0177997
pobs_RECLAS
 0 0 0 0 0
 0 0 0 0 0
 0 0 0 0 0
 0 0 0 0 0
 0.835266 0.146461 0.0176864 0.000547809 3.91292e-05
 0.385257 0.428462 0.181853 0.0044286 0
 0.867414 0.0963971 0.0333333 0.00285562 0
 0.441836 0.489002 0.0689373 0.000224442 0
 0.779404 0.147425 0.0564933 0.0165055 0.000172143
 0.814271 0.122319 0.05973 0.00367925 0
 0.40263 0.566651 0.0304383 0.000280538 0
 0.475488 0.404961 0.113038 0.00651328 0
 0.955842 0.0263864 0.0167828 0.000988607 0
 0.975058 0.0227948 0.00214734 0 0
 0.738997 0.206755 0.0527124 0.00153531 0
 0.850938 0.134255 0.0134407 0.00136685 0
 0.542534 0.407297 0.0501686 0 0
 0.764087 0.199537 0.0359546 0.000420521 0
 0.470689 0.182191 0.310203 0.0369168 0
 0.84361 0.089868 0.0606195 0.00523954 0.000663233
 0.607945 0.314616 0.071237 0.00620181 0
 0.523733 0.453247 0.0230204 0 0
 0.530135 0.295979 0.169645 0.0042399 0
 0.562478 0.366248 0.0663022 0.0049721 0
 0.250443 0.683176 0.0655157 0.000865301 0
ppred_RECLAS
 0.697142 0.227797 0.0671134 0.0079433 4.17791e-06
 0.679855 0.26653 0.0424909 0.00997089 0.00115387
 0.505217 0.412321 0.0711296 0.00902414 0.00230865
 0.670637 0.234451 0.0830387 0.0102868 0.00158736
 0.675976 0.245629 0.0577024 0.0181383 0.00255492
 0.476433 0.397097 0.0976608 0.0212683 0.00754068
 0.664908 0.205384 0.102103 0.0214064 0.00619917
 0.585492 0.321851 0.0596638 0.0260587 0.00693468
 0.659156 0.250565 0.0730091 0.0112013 0.00606823
 0.642011 0.283406 0.0576671 0.013737 0.00317877
 0.48398 0.40108 0.0941184 0.0161674 0.00465401
 0.501883 0.337381 0.131413 0.0241192 0.0052038
 0.637292 0.256602 0.0770746 0.0238363 0.005195
 0.658214 0.296137 0.0353501 0.00754554 0.00275294
 0.735785 0.243192 0.0193791 0.00128747 0.000356234
 0.724387 0.256699 0.0180864 0.000766316 6.14814e-05
 0.601601 0.345705 0.0499962 0.00258309 0.000114766
 0.638512 0.275976 0.0764149 0.00864163 0.000454966
 0.601392 0.307428 0.0726067 0.0166324 0.00194027
 0.682795 0.232718 0.0675694 0.0135217 0.00339549
 0.636038 0.287869 0.0582749 0.0143045 0.00351396
 0.604355 0.28968 0.0857563 0.0155294 0.0046801
 0.656107 0.245306 0.0745369 0.0195202 0.0045298
 0.606654 0.299688 0.0693888 0.0184213 0.00584765
 0.327221 0.484256 0.148228 0.0299799 0.0103145
pobs_PELACES
 0 0 0 0 0
 0 0 0 0 0
 0 0 0 0 0
 0 0 0 0 0
 0 0 0 0 0
 0 0 0 0 0
 0 0 0 0 0
 0 0 0 0 0
 0 0 0 0 0
 0 0 0 0 0
 0.450072 0.473896 0.0757376 0.000293798 0
 0 0 0 0 0
 0.463077 0.371075 0.160297 0.00555027 0
 0.529543 0.364841 0.0842815 0.0213345 0
 0.631943 0.363953 0.00410389 0 0
 0.735681 0.248677 0.0153453 0.000297389 0
 0.695825 0.281241 0.0229344 0 0
 0.275771 0.60734 0.115278 0.00161068 0
 0 0 0 0 0
 0.896147 0.0623911 0.0374545 0.00400742 0
 0.803859 0.145111 0.0509908 3.86294e-05 0
 0.739449 0.233085 0.0266225 0.000797448 4.60066e-05
 0.878498 0.100942 0.0204185 0.000141795 0
 0.694673 0.275183 0.0284847 0.00165964 0
 0.469039 0.446079 0.0841089 0.000773354 0
ppred_PELACES
 0.738859 0.204605 0.0506567 0.00587615 3.08323e-06
 0.718088 0.241094 0.0324818 0.00747369 0.000862823
 0.588999 0.355636 0.0479272 0.00592523 0.00151174
 0.687404 0.229502 0.072837 0.00888815 0.00136861
 0.676604 0.249789 0.0543587 0.016876 0.00237238
 0.506925 0.385956 0.0830468 0.0177819 0.00629049
 0.684743 0.201636 0.0897351 0.0185308 0.00535494
 0.621954 0.303329 0.0484306 0.0207715 0.00551494
 0.698187 0.231087 0.0574119 0.0086428 0.0046712
 0.668809 0.269431 0.0479402 0.0112276 0.00259229
 0.540548 0.3714 0.0723814 0.0121746 0.00349601
 0.554949 0.31788 0.104354 0.0187758 0.00404125
 0.711134 0.217892 0.0519073 0.0156618 0.00340435
 0.78018 0.199194 0.0161083 0.00331315 0.00120477
 0.846336 0.145554 0.00749968 0.000478347 0.00013189
 0.776374 0.211236 0.0118608 0.000490475 3.92472e-05
 0.65151 0.309428 0.0371022 0.00187675 8.31781e-05
 0.674104 0.257466 0.0612696 0.00680292 0.000357333
 0.630659 0.293562 0.0605552 0.0136368 0.00158725
 0.711945 0.219128 0.0553221 0.0108795 0.00272584
 0.648162 0.284227 0.0519581 0.012571 0.00308163
 0.621621 0.285104 0.0757076 0.0135059 0.00406162
 0.676664 0.238419 0.064452 0.0166175 0.00384785
 0.627268 0.291919 0.0601219 0.0157135 0.00497728
 0.347445 0.485044 0.13216 0.0263167 0.00903466
pobs_pel_tallas
 0 0 0 0 0 0 0 0 0 0 0 0 0 0 0 0 0 0 0 0 0 0 0 0 0 0 0 0 0 0 0 0 0 0 0 0
 0 0 0 0 0 0 0 0 0 0 0 0 0 0 0 0 0 0 0 0 0 0 0 0 0 0 0 0 0 0 0 0 0 0 0 0
 0 0 0 0 0 0 0 0 0 0 0 0 0 0 0 0 0 0 0 0 0 0 0 0 0 0 0 0 0 0 0 0 0 0 0 0
 0 0 0 0 0 0 0 0 0 0 0 0 0 0 0 0 0 0 0 0 0 0 0 0 0 0 0 0 0 0 0 0 0 0 0 0
 0 0 0 0 0 0 0 0 0 0 0 0 0 0 0 0 0 0 0 0 0 0 0 0 0 0 0 0 0 0 0 0 0 0 0 0
 0 0 0 0 0 0 0 0 0 0 0 0 0 0 0 0 0 0 0 0 0 0 0 0 0 0 0 0 0 0 0 0 0 0 0 0
 0 0 0 0 0 0 0 0 0 0 0 0 0 0 0 0 0 0 0 0 0 0 0 0 0 0 0 0 0 0 0 0 0 0 0 0
 0 0 0 0 0 0 0 0 0 0 0 0 0 0 0 0 0 0 0 0 0 0 0 0 0 0 0 0 0 0 0 0 0 0 0 0
 0 0 0 0 0 0 0 0 0 0 0 0 0 0 0 0 0 0 0 0 0 0 0 0 0 0 0 0 0 0 0 0 0 0 0 0
 0 0 0 0 0 0 0 0 0 0 0 0 0 0 0 0 0 0 0 0 0 0 0 0 0 0 0 0 0 0 0 0 0 0 0 0
 0 0 0 0 0 0 0 0 1.78061e-05 0.00172719 0.00360574 0.0105946 0.0120993 0.0124554 0.0147524 0.0171206 0.0266825 0.0428682 0.0675386 0.121331 0.153587 0.119568 0.100827 0.0573624 0.0630603 0.0341343 0.0324427 0.0444173 0.0211091 0.0280891 0.0125444 0.00206551 0 0 0 0
 0 0 0 0 0 0 0 0 0 0 0 0 0 0 0 0 0 0 0 0 0 0 0 0 0 0 0 0 0 0 0 0 0 0 0 0
 0 0 0 0 0 0 0.0133647 0.0140871 0.0187388 0.0205184 0.03894 0.0496705 0.03968 0.0493445 0.0407372 0.0367815 0.0215668 0.0243155 0.0234873 0.0199281 0.019796 0.0243948 0.0301388 0.0376714 0.0412746 0.0863199 0.0771752 0.113111 0.0741005 0.0525337 0.0229764 0.00759418 0.00175318 0 0 0
 0 0 0 0 0 0 0 0 0 0 0.00219441 0.00772107 0.0458388 0.0604681 0.0671733 0.0775358 0.0609151 0.0617685 0.073594 0.0568108 0.0755445 0.0548602 0.0670107 0.0636378 0.0643287 0.046367 0.0373049 0.0286899 0.0247887 0.0153202 0.00654259 0.00121912 0.000365735 0 0 0
 0 0 0 0 0 0 0 0 0 0 0 0 0.000112435 0.00938835 0.0111873 0.0202946 0.0414886 0.0713402 0.111592 0.104902 0.108894 0.110636 0.117776 0.105296 0.107544 0.0401394 0.0192827 0.0124803 0.00416011 0.0028671 0.000618394 0 0 0 0 0
 0 0 0 0 0 0 0 0 0 0 0.00291406 0.0102884 0.027416 0.0768956 0.0749926 0.110853 0.0956884 0.0897413 0.0766577 0.0534642 0.0500743 0.0551293 0.0594112 0.0620874 0.0668451 0.0424026 0.0208742 0.0120726 0.0048766 0.00582813 0.00118941 0.000297354 0 0 0 0
 0 0.00264628 0.0354308 0.0461629 0.0458689 0.0383711 0.0214643 0.0164657 0.0346957 0.0420465 0.0363128 0.0245516 0.0311673 0.0291091 0.0169068 0.0133784 0.00837989 0.0085269 0.0148486 0.0160247 0.0276389 0.0546898 0.0760071 0.122758 0.109233 0.0665981 0.0333725 0.0166128 0.00676272 0.00308733 0.000882094 0 0 0 0 0
 0 0 0 0 0 0 0 0.000805153 0.000690131 0.00759144 0.0133425 0.0154129 0.00931677 0.000345066 0.00356568 0.00563607 0.00851162 0.0253048 0.0502646 0.0516448 0.0657925 0.0565908 0.0611916 0.0827007 0.0866115 0.110766 0.145733 0.0935128 0.0569358 0.0249597 0.0138026 0.00621118 0.00161031 0.00115022 0 0
 0 0 0 0 0 0 0 0 0 0 0 0 0 0 0 0 0 0 0 0 0 0 0 0 0 0 0 0 0 0 0 0 0 0 0 0
 0.00147267 0.00158595 0.00478618 0.00569244 0.00954404 0.0108468 0.00647125 0.017049 0.0510054 0.094081 0.124002 0.0959785 0.0687766 0.0820023 0.061753 0.0591476 0.0492212 0.0479892 0.0443925 0.0268479 0.0217502 0.0140895 0.0121071 0.0120363 0.00920419 0.00665534 0.0049561 0.00860946 0.00930331 0.0156896 0.0114698 0.00855282 0.00243557 0.00046729 0 2.83206e-05
 0 0 0 0 0.000772559 0.00158375 0.000888443 0.00281984 0.00712685 0.0440552 0.0773331 0.111326 0.0921469 0.0852325 0.0710754 0.0886704 0.0786465 0.0553345 0.0373146 0.0185414 0.00753245 0.00457741 0.012979 0.0271748 0.0457355 0.0583668 0.034881 0.0177882 0.00938659 0.00492506 0.0015258 0.00185414 0.000309023 5.79419e-05 3.86279e-05 0
 0 0.00173294 0.00326652 0 0.00397197 0.00683976 0.00946217 0.0152591 0.00757587 0.0136028 0.0228656 0.0392903 0.0559909 0.0764795 0.0681675 0.0726916 0.0566044 0.0477403 0.0527397 0.0444891 0.0609904 0.0582453 0.0661739 0.0445044 0.0529084 0.0360697 0.0280645 0.0235558 0.0158879 0.00826598 0.00280645 0.00217768 0.000904811 0.00058276 9.20147e-05 0
 0 0 0 0 0 0 0 0 0 0 0 0 0 0 0 0 0 0 0 0 0 0 0 0 0 0 0 0 0 0 0 0 0 0 0 0
 0 0 0 0 0 0 0 0 0 0 0 0 0 0 0 0 0 0 0 0 0 0 0 0 0 0 0 0 0 0 0 0 0 0 0 0
 0 0 0 0 0 0 0 0 0 0 0 0 0 0 0 0 0 0 0 0 0 0 0 0 0 0 0 0 0 0 0 0 0 0 0 0
ppred_pel_tallas
 1.00988e-16 3.22388e-05 0.000189212 0.000899422 0.00346281 0.0107984 0.027276 0.0558107 0.0925134 0.124246 0.135212 0.119286 0.0854303 0.0499411 0.024393 0.0110099 0.00628762 0.00609135 0.00787697 0.0105026 0.0134593 0.0163956 0.018971 0.020868 0.0218527 0.0218258 0.0208428 0.0190926 0.0168451 0.0143857 0.0119581 0.0097313 0.00779296 0.00616411 0.00482357 0.00373173
 1.00837e-16 3.13345e-05 0.0001839 0.00087416 0.00336553 0.0104951 0.0265098 0.0542432 0.0899163 0.120762 0.13143 0.115972 0.0831062 0.0486819 0.0239627 0.0111269 0.00678414 0.00692479 0.00907219 0.012094 0.0154523 0.018745 0.021573 0.0235675 0.024463 0.0241588 0.0227418 0.020458 0.017648 0.0146656 0.0118079 0.00927393 0.00715724 0.00546473 0.00414869 0.0031385
 1.01071e-16 2.57103e-05 0.00015087 0.00071711 0.00276081 0.00860925 0.0217465 0.044498 0.073767 0.0990868 0.107878 0.0952805 0.0684755 0.0405084 0.0206783 0.0108423 0.00828883 0.00977694 0.0132776 0.0177964 0.0227472 0.0275851 0.0317299 0.0346378 0.0359177 0.035422 0.0332806 0.0298593 0.025664 0.0212205 0.0169708 0.0132119 0.0100837 0.00759694 0.00568031 0.00422727
 1.01479e-16 2.99962e-05 0.000176044 0.000836812 0.00322174 0.0100467 0.0253771 0.0519256 0.0860746 0.115603 0.125816 0.11102 0.079563 0.0466171 0.0229676 0.0107035 0.00658508 0.00678178 0.00893253 0.0119646 0.015374 0.0187848 0.0218189 0.0241187 0.0254157 0.0255883 0.0246848 0.0229011 0.0205237 0.0178586 0.01517 0.0126443 0.0103832 0.00841984 0.00674409 0.00532721
 1.01544e-16 2.9526e-05 0.000173281 0.000823676 0.00317115 0.00988891 0.0249787 0.0511105 0.0847242 0.113791 0.12385 0.109298 0.0783558 0.0459647 0.0227479 0.0107708 0.0068526 0.00722757 0.00956883 0.0128073 0.0164223 0.0200099 0.0231609 0.0254909 0.0267173 0.0267213 0.0255727 0.0235021 0.0208372 0.0179217 0.0150468 0.0124107 0.0101125 0.00817067 0.00655471 0.00521461
 1.0221e-16 2.21327e-05 0.000129864 0.000617237 0.00237626 0.00741004 0.0187175 0.0383006 0.0634957 0.0852978 0.0928862 0.0820876 0.0590997 0.0351747 0.0183488 0.0102606 0.00861692 0.0106607 0.0146564 0.0197258 0.0253019 0.0308155 0.0356434 0.0391933 0.0410288 0.0409689 0.0391242 0.035856 0.0316753 0.0271189 0.0226416 0.0185531 0.0150079 0.0120342 0.00958223 0.00757043
 1.02227e-16 2.9879e-05 0.000175358 0.000833559 0.00320922 0.0100076 0.0252786 0.0517237 0.0857392 0.11515 0.125318 0.110567 0.0792089 0.0463508 0.0227278 0.0104115 0.00616716 0.00617635 0.00809349 0.0108688 0.0140327 0.0172537 0.0202016 0.0225599 0.0240832 0.0246466 0.0242672 0.0230864 0.0213234 0.0192176 0.0169792 0.0147605 0.0126524 0.0106972 0.00890932 0.00729235
 1.01758e-16 2.71451e-05 0.000159299 0.000757191 0.00291515 0.00909057 0.0229622 0.0469851 0.0778878 0.104616 0.113881 0.100542 0.0721695 0.0425185 0.021382 0.0106906 0.00755195 0.00852552 0.0114722 0.0153772 0.0196936 0.0239498 0.0276524 0.0303387 0.0316721 0.0315193 0.029978 0.0273427 0.0240245 0.0204511 0.0169805 0.013852 0.0111782 0.00896931 0.00717325 0.00571424
 1.01406e-16 3.04663e-05 0.000178804 0.000849935 0.00327226 0.0102042 0.0257751 0.0527399 0.0874244 0.117415 0.127788 0.112758 0.0808034 0.0473339 0.0233018 0.0108264 0.00661407 0.00677086 0.00889532 0.0118952 0.0152575 0.0186011 0.0215452 0.023733 0.0249001 0.0249337 0.0238947 0.0219931 0.0195293 0.0168204 0.0141362 0.0116628 0.00949536 0.00765567 0.00611985 0.00484519
 1.01276e-16 2.91869e-05 0.000171289 0.0008142 0.00313466 0.00977511 0.0246913 0.0505225 0.0837502 0.112485 0.122433 0.10806 0.0774944 0.0455122 0.0226218 0.0108735 0.00713148 0.00767784 0.01021 0.0136587 0.0174854 0.0212579 0.0245338 0.0269001 0.0280558 0.0278807 0.0264612 0.0240595 0.0210432 0.0177961 0.014642 0.0117998 0.00937563 0.00738356 0.00578043 0.00449942
 1.01731e-16 2.35983e-05 0.00013847 0.000658151 0.0025338 0.00790132 0.0199584 0.0408395 0.0677034 0.0909464 0.0990272 0.0874906 0.0629373 0.0373534 0.0192921 0.0104807 0.00845417 0.0102572 0.0140346 0.0188622 0.0241675 0.0293948 0.0339415 0.0372376 0.0388661 0.0386582 0.0367291 0.0334367 0.0292846 0.0248003 0.0204303 0.0164783 0.0130942 0.0103019 0.0080465 0.00624003
 1.02419e-16 2.42241e-05 0.000142149 0.000675652 0.0026012 0.00811151 0.0204893 0.0419253 0.0695017 0.0933568 0.101638 0.0897637 0.0645002 0.0381362 0.0194315 0.0101356 0.00769615 0.00906792 0.0123552 0.016646 0.0214214 0.0262044 0.0304808 0.0337568 0.0356595 0.0360171 0.0348908 0.0325443 0.0293652 0.0257685 0.0221119 0.0186472 0.0155128 0.0127546 0.0103628 0.00830399
 1.01506e-16 3.10304e-05 0.000182117 0.000865686 0.00333291 0.0103934 0.0262529 0.0537173 0.089044 0.119589 0.130149 0.114832 0.0822674 0.0481472 0.0236197 0.0108355 0.00643233 0.00643845 0.00840762 0.0112347 0.0144134 0.01758 0.0203755 0.0224642 0.0235978 0.0236697 0.0227365 0.0209945 0.0187238 0.0162197 0.0137325 0.0114333 0.00940877 0.00767723 0.00621589 0.00498585
 1.00464e-16 3.40402e-05 0.000199789 0.000949707 0.00365642 0.0114022 0.0288011 0.0589311 0.0976852 0.13119 0.142764 0.125936 0.0901661 0.0526555 0.0256168 0.0113872 0.00625366 0.00583847 0.00744668 0.00987073 0.0125802 0.0152213 0.01746 0.0189922 0.0196028 0.0192158 0.0179121 0.0159062 0.0134905 0.0109665 0.00858597 0.00651522 0.00482889 0.00352599 0.00255753 0.0018543
 1.00177e-16 3.69227e-05 0.000216717 0.0010302 0.00396634 0.0123687 0.0312423 0.0639255 0.105962 0.142299 0.154836 0.136545 0.0976732 0.0568612 0.0273297 0.0115824 0.00556024 0.00449209 0.00545279 0.00716084 0.00910461 0.0109954 0.012583 0.0136451 0.0140258 0.0136725 0.0126488 0.0111165 0.00929488 0.00740933 0.0056476 0.00413325 0.00292072 0.00200709 0.00135273 0.000902152
 1.00256e-16 3.38748e-05 0.000198816 0.000945081 0.00363861 0.0113467 0.0286608 0.058644 0.0972098 0.130552 0.142073 0.125334 0.0897498 0.0524426 0.0255694 0.0114608 0.00642678 0.00611307 0.00783621 0.0103869 0.0132233 0.0159736 0.0182837 0.0198316 0.0203911 0.0198853 0.0184058 0.0161867 0.0135456 0.0108092 0.00824994 0.00604734 0.00428087 0.00294704 0.0019891 0.0013273
 1.00696e-16 2.84342e-05 0.000166866 0.000793165 0.00305366 0.0095225 0.0240533 0.0492174 0.081588 0.109585 0.119287 0.105308 0.0755766 0.0444967 0.0223222 0.011069 0.00769975 0.00860256 0.0115298 0.0154142 0.0196822 0.0238434 0.0273891 0.0298462 0.030876 0.0303535 0.0283969 0.0253309 0.0216028 0.0176768 0.013943 0.0106629 0.00795884 0.00583832 0.0042349 0.00304996
 1.01205e-16 2.94173e-05 0.000172643 0.000820638 0.00315946 0.00985243 0.0248866 0.0509221 0.084412 0.113372 0.123396 0.108903 0.0780831 0.0458263 0.0227194 0.010824 0.00697471 0.00742199 0.00984718 0.0131807 0.0168948 0.0205737 0.0237934 0.0261559 0.0273677 0.0273053 0.0260409 0.0238145 0.0209681 0.0178626 0.0148061 0.0120112 0.00958765 0.00756014 0.00589984 0.00455446
 1.01499e-16 2.75244e-05 0.000161526 0.000767781 0.00295593 0.00921774 0.0232834 0.0476422 0.0789767 0.106077 0.115468 0.101936 0.073154 0.0430659 0.0215971 0.0106997 0.00743576 0.00831356 0.0111651 0.0149685 0.0191825 0.0233476 0.0269842 0.029641 0.0309869 0.0308858 0.0294248 0.026882 0.0236504 0.0201423 0.0167071 0.0135829 0.0108883 0.00864434 0.00681128 0.00532422
 1.01358e-16 3.10658e-05 0.000182324 0.000866673 0.00333671 0.0104052 0.0262828 0.0537785 0.0891456 0.119725 0.130298 0.114963 0.0823631 0.0482059 0.0236533 0.0108592 0.00645753 0.00647258 0.00845512 0.0112981 0.0144933 0.0176745 0.0204798 0.0225706 0.0236957 0.0237473 0.0227817 0.0209964 0.0186747 0.0161156 0.013574 0.0112258 0.00916149 0.00740257 0.00592783 0.00469852
 1.01407e-16 2.82872e-05 0.000166005 0.000789078 0.00303793 0.00947346 0.0239294 0.0489637 0.0811668 0.109017 0.118664 0.104747 0.0751481 0.0441934 0.0220762 0.0107943 0.00731937 0.00805588 0.0107736 0.0144277 0.0184761 0.022469 0.0259415 0.0284578 0.0296997 0.0295398 0.0280675 0.0255577 0.0223962 0.0189862 0.0156677 0.012671 0.0101079 0.00799389 0.00628473 0.00491156
 1.01822e-16 2.713e-05 0.000159211 0.000756778 0.00291357 0.00908563 0.0229497 0.0469594 0.0778447 0.104556 0.113813 0.100473 0.0721017 0.0424414 0.0212753 0.0105273 0.00730235 0.00816081 0.0109698 0.0147283 0.018911 0.023074 0.0267523 0.0295055 0.0310058 0.0311105 0.02989 0.0275983 0.0246009 0.0212843 0.0179789 0.0149133 0.0122065 0.00988871 0.00793534 0.00629907
 1.01744e-16 2.95282e-05 0.000173295 0.000823745 0.00317142 0.00988975 0.0249808 0.0511147 0.0847309 0.113799 0.123856 0.109298 0.0783435 0.0459328 0.0226866 0.0106665 0.00668849 0.00698511 0.00923194 0.0123676 0.0158846 0.0193968 0.0225136 0.0248666 0.0261812 0.0263363 0.025388 0.0235442 0.0211054 0.0183897 0.0156681 0.013128 0.0108668 0.00890942 0.00723731 0.0058145
 1.01722e-16 2.73764e-05 0.000160658 0.000763654 0.00294004 0.00916818 0.0231583 0.0473861 0.0785521 0.105507 0.114848 0.101388 0.0727612 0.0428353 0.0214827 0.0106453 0.00740136 0.00827843 0.011121 0.0149136 0.0191191 0.0232818 0.0269258 0.0296032 0.030985 0.0309354 0.0295393 0.0270708 0.0239173 0.0204844 0.0171153 0.0140426 0.0113813 0.00915058 0.00731084 0.00579917
 1.03361e-16 1.51828e-05 8.90526e-05 0.000423193 0.00162911 0.00508006 0.0128323 0.0262598 0.043541 0.0585121 0.0637721 0.056488 0.0409519 0.0249413 0.0140526 0.00951278 0.00985492 0.0132669 0.0185756 0.0251017 0.0322685 0.0393967 0.0457102 0.0504618 0.0530929 0.0533579 0.0513724 0.0475626 0.0425435 0.0369664 0.0313877 0.0261921 0.0215807 0.0176056 0.0142282 0.011373
pSPR Fmed_Fpbrs
0.483609   0.6 0.325
Fs Fmed_Fpbrs
0.755243   0.457901 1.58871
SSBpbr Bo_Bmed_Bpbrs
845126  366454  464819 232410
Ro
32859.6
SPR SPRFo_SPRFmed_SPRFpbrs
674864 326370 219331
log_Ro
10.22
likeval ReclasPelacesDesembMPH_pf_preclas_ppelaces_ptallas_desvR_qrecl_qpela
 65.0445 14.2722 0.0112885 0.000193885 309.123 188.857 77.0237 0 16.4956 2.27057e-06 9.5549e-05 2.63792e-14 0 0 0
q_reclas_q_pelaces
0.807731 4.01757
M
0.7
N
 34665.4 10779.6 3469.4 410.851 0.215815
 42494 15604.2 2694.51 632.215 73.0652
 20153.6 19229.8 4047.71 518.308 132.49
 30508.6 8469.49 2973.31 365.722 56.3385
 55530 14588.6 3229.97 1004.13 141.168
 38698.8 27398 6924.93 1501.68 531.596
 73565.3 18093.4 8928.49 1858.85 537.397
 72012 35145.8 6856.86 2987.65 793.914
 95542.6 33175.4 10330 1582.99 856.389
 116105 43599.8 9124.75 2164.52 500.1
 66549.7 54257.6 14159.5 2437.06 700.685
 46693.8 29626.1 12550.4 2303.94 496.431
 46725.4 21076.6 7549.38 2352.21 512.181
 25336.4 19918 3600.23 788.93 287.863
 14136.2 9310.75 1205.66 82.6898 22.8888
 12694.1 4971.8 414.713 17.6926 1.41813
 9569.34 5435.7 876.479 45.3817 2.01387
 11016.9 4253.25 1243.46 140.321 7.37705
 11608.8 5065.16 1232.61 281.217 32.7551
 18394.5 5418.91 1632.18 325.475 81.608
 24316.1 8550.44 1695.63 412.888 101.25
 30862.5 11712.6 3431.39 616.901 185.598
 48763.3 14772.3 4497.47 1170.48 271.167
 57833.6 23161.3 5374.82 1418.03 449.394
 22938.5 27464.6 8416.6 1691.57 581.015
pred_Ctot
 2345 4002.98 1670.65 200.927 0.105631
 2725.71 5561.54 1252.07 298.474 34.5238
 2249.66 10160.7 2609.88 337.954 86.4391
 814.945 1434.88 699.389 87.8164 13.5427
 257.004 464.017 148.681 47.3359 6.66328
 1633.18 6938.64 2369.67 523.476 185.493
 2011.19 3130.21 2142.2 455.233 131.753
 3759.54 10629 2755.53 1221.56 324.905
 5596.02 11008.2 4508.21 702.352 380.3
 4938.87 11116.4 3141.73 759.168 175.574
 4986.45 21765.1 7285.13 1272.42 366.122
 3073.79 10773.4 5934.71 1106.68 238.656
 4799.71 10553.8 4665.16 1471.04 320.514
 4819.75 14041.9 2865.05 631.752 230.588
 3025.3 6894.57 990.986 68.3259 18.9181
 1267.88 2443.63 252.479 10.9037 0.874539
 726.928 2202.82 454.871 23.8978 1.06131
 590.106 1313.45 509.128 58.4455 3.07542
 502.648 1310.99 430.268 99.9867 11.6575
 848.988 1480.03 598.33 121.484 30.4896
 525.784 1194.34 331.91 82.5615 20.269
 803.355 1938.42 789.444 144.895 43.6404
 1530.1 2891.03 1211.89 321.756 74.621
 1821.84 4548.6 1453.03 391.074 124.068
 711.87 5322.56 2247.2 460.77 158.432
F
 0.0981986 0.686437 1.00251 1.0274 1.02875
 0.0928989 0.64939 0.948401 0.971955 0.973227
 0.166916 1.16679 1.70403 1.74636 1.74864
 0.0377663 0.263997 0.385554 0.39513 0.395647
 0.00645391 0.0451147 0.0658877 0.0675241 0.0676125
 0.0602581 0.421222 0.615173 0.630451 0.631276
 0.0386679 0.2703 0.394759 0.404563 0.405092
 0.0750254 0.52445 0.765931 0.784954 0.785981
 0.0845196 0.590817 0.862857 0.884287 0.885445
 0.0607505 0.424664 0.620199 0.635603 0.636435
 0.109293 0.763991 1.11577 1.14348 1.14498
 0.0954451 0.667189 0.974395 0.998595 0.999902
 0.152664 1.06717 1.55854 1.59725 1.59934
 0.301074 2.1046 3.07366 3.14999 3.15412
 0.344955 2.41134 3.52163 3.6091 3.61382
 0.148152 1.03563 1.51248 1.55004 1.55207
 0.110881 0.775089 1.13198 1.16009 1.16161
 0.077043 0.538553 0.786529 0.806063 0.807118
 0.0618673 0.432471 0.631601 0.647287 0.648134
 0.0660687 0.461839 0.674492 0.691244 0.692149
 0.0304734 0.213018 0.311102 0.318828 0.319246
 0.0367865 0.257148 0.375552 0.384879 0.385383
 0.0444947 0.311031 0.454245 0.465527 0.466136
 0.0446731 0.312278 0.456065 0.467392 0.468004
 0.0439969 0.307552 0.449163 0.460318 0.460921
nmprior
 10.6 11 7 0
nm_flota  nm_reclas  nm_pelaces    nm_pelaL
inf 19.8244 15.149 34.2371
cv_recla  cv_pelaces  cv_mph
0.729508 0.428368 0.451763
 ------------------------------------------------
Talla a la edad & desviación 
 7.2 14.2025 17.0495 18.207 18.6776
 1.08 2.13037 2.55742 2.73105 2.80164
