years
 1997 1998 1999 2000 2001 2002 2003 2004 2005 2006 2007 2008 2009 2010 2011 2012 2013 2014 2015 2016 2017 2018 2019 2020 2021
reclasobs
 0 0 0 370054 412103 1.49427e+06 250295 1.28982e+06 931140 785840 897777 1.04006e+06 184774 17550 25797 100020 73551 82996 120727 218422 84188 347160 605670 569463 516374
reclaspred
 4.2108e+06 693156 896625 203226 249847 348998 686869 638175 666867 846173 918689 696029 381581 142628 79005.6 76389.7 79883.3 107935 134631 135660 199818 220497 364365 420967 359676
pelacesobs
 0 0 0 0 0 0 0 0 0 2.06254e+06 1.5e+06 0 1.87456e+06 323000 250000 174000 83755 137374 0 501740 490994 745055 786931 1.00524e+06 1.33801e+06
pelacespred
 9.29091e+06 3.37073e+06 923768 476742 765453 748098 2.11284e+06 2.08293e+06 1.90198e+06 2.66296e+06 2.36643e+06 1.80112e+06 986174 302272 170284 179382 188275 275205 347063 303444 593395 620235 722862 1.02402e+06 741038
mphobs
 0 0 0 0 0 112323 0 153150 637223 0 255016 313432 73983 77613 109348 50772 0 0 0 0 0 0 0 0 0
mphpred
 878639 372063 183316 68220.3 49923.4 142217 159417 291293 258022 282577 385795 276142 172105 95933.4 45561.1 32584.2 29261.3 35424.5 46830.2 44624.5 56147.2 77163.9 92352.8 127796 138233
desembarqueobs
 350755 77701 442110 56441 14545 235359 269955 359681 431902 328805 639364 411747 362871 311530 167758 66681 60226 58785 57116 73181 50977 67692 138656 160484 209506
desembarquepred
 350740 77674.1 441505 56412.9 14543 235182 269882 359092 431383 328496 638155 411022 362122 310951 167221 66598.4 60186.9 58694.8 57029.8 73088.3 50958.8 67616.9 138531 160354 209323
Reclutas
 13097.2 22795.7 2393.5 5868.5 39186.4 14142.7 64038.1 57314.6 65340.2 111944 69051.3 48891 54243.2 29517.1 12455.5 9363.08 7194.73 8937.4 7780.36 8998.11 15511 18461.6 30117.3 31395.5 2359.8
log_desv_Rt
 -0.379849 0.174329 -2.07949 -1.18265 0.716085 -0.303045 1.20723 1.09631 1.22736 1.76575 1.2826 0.93735 1.04123 0.432726 -0.430084 -0.71547 -0.978897 -0.761999 -0.900643 -0.75523 -0.210693 -0.0365501 0.452854 0.494421 -2.09367
SSB
 1.23882e+06 524582 258462 96185.7 70388.4 200516 224767 410703 363793 398414 543944 389341 242656 135259 64237.9 45941.4 41256.3 49946 66027.2 62917.3 79163.5 108796 130211 180183 194899
BT
 1.78888e+06 658500 387606 154041 261426 312162 1.0454e+06 949005 996015 1.1269e+06 1.17395e+06 831005 676307 390320 197369 104404 103958 128769 121042 135393 207678 184402 259157 367547 280978
Ftot
 0.247105 0.391238 1.46589 0.957967 0.263861 1.68882 1.56758 1.72974 2.02497 1.36375 1.93056 1.70158 2.81493 4.95303 4.95303 2.39459 2.21088 1.71876 1.21124 1.59624 0.849223 0.923346 1.14701 1.14878 1.47467
BD_Bspro_t
 0.968235 0.785574 0.546698 0.194125 0.25233 0.536683 0.39867 0.489815 0.409591 0.390422 0.428854 0.290294 0.20331 0.136603 0.0787445 0.0700048 0.0874748 0.144052 0.224243 0.25953 0.336299 0.474591 0.476187 0.480131 0.426165
BD_Bspro
 3.15 1.33388 0.657203 0.244576 0.17898 0.509862 0.571524 1.04431 0.925033 1.01306 1.38311 0.989994 0.617012 0.34393 0.163341 0.116817 0.104904 0.127 0.16789 0.159983 0.201293 0.276639 0.331093 0.45816 0.495577
BD_Bo
 1.49962 0.635018 0.312874 0.116435 0.0852067 0.24273 0.272085 0.497165 0.44038 0.482289 0.658456 0.471306 0.29374 0.163734 0.0777614 0.0556131 0.0499417 0.0604607 0.0799274 0.0761628 0.0958292 0.131699 0.157623 0.218116 0.235929
BD_Brms
 2.72658 1.15458 0.568862 0.2117 0.154921 0.441327 0.4947 0.903936 0.80069 0.876889 1.19719 0.856919 0.534073 0.297699 0.141384 0.101115 0.0908031 0.109929 0.145323 0.138478 0.174235 0.239454 0.286588 0.396574 0.428962
S_f
 0.0815921 0.742814 0.989462 0.999673 0.99999
 0.0815921 0.742814 0.989462 0.999673 0.99999
 0.0815921 0.742814 0.989462 0.999673 0.99999
 0.0815921 0.742814 0.989462 0.999673 0.99999
 0.0815921 0.742814 0.989462 0.999673 0.99999
 0.0815921 0.742814 0.989462 0.999673 0.99999
 0.0815921 0.742814 0.989462 0.999673 0.99999
 0.0815921 0.742814 0.989462 0.999673 0.99999
 0.0815921 0.742814 0.989462 0.999673 0.99999
 0.0815921 0.742814 0.989462 0.999673 0.99999
 0.0815921 0.742814 0.989462 0.999673 0.99999
 0.0815921 0.742814 0.989462 0.999673 0.99999
 0.0815921 0.742814 0.989462 0.999673 0.99999
 0.0815921 0.742814 0.989462 0.999673 0.99999
 0.0815921 0.742814 0.989462 0.999673 0.99999
 0.0815921 0.742814 0.989462 0.999673 0.99999
 0.0815921 0.742814 0.989462 0.999673 0.99999
 0.0815921 0.742814 0.989462 0.999673 0.99999
 0.0815921 0.742814 0.989462 0.999673 0.99999
 0.0815921 0.742814 0.989462 0.999673 0.99999
 0.0815921 0.742814 0.989462 0.999673 0.99999
 0.0815921 0.742814 0.989462 0.999673 0.99999
 0.0815921 0.742814 0.989462 0.999673 0.99999
 0.0815921 0.742814 0.989462 0.999673 0.99999
 0.0815921 0.742814 0.989462 0.999673 0.99999
Scru_reclas
 0.143603 0.457666 0.809413 0.955304 0.990789
 0.143603 0.457666 0.809413 0.955304 0.990789
 0.143603 0.457666 0.809413 0.955304 0.990789
 0.143603 0.457666 0.809413 0.955304 0.990789
 0.143603 0.457666 0.809413 0.955304 0.990789
 0.143603 0.457666 0.809413 0.955304 0.990789
 0.143603 0.457666 0.809413 0.955304 0.990789
 0.143603 0.457666 0.809413 0.955304 0.990789
 0.143603 0.457666 0.809413 0.955304 0.990789
 0.143603 0.457666 0.809413 0.955304 0.990789
 0.143603 0.457666 0.809413 0.955304 0.990789
 0.143603 0.457666 0.809413 0.955304 0.990789
 0.143603 0.457666 0.809413 0.955304 0.990789
 0.143603 0.457666 0.809413 0.955304 0.990789
 0.143603 0.457666 0.809413 0.955304 0.990789
 0.143603 0.457666 0.809413 0.955304 0.990789
 0.143603 0.457666 0.809413 0.955304 0.990789
 0.143603 0.457666 0.809413 0.955304 0.990789
 0.143603 0.457666 0.809413 0.955304 0.990789
 0.143603 0.457666 0.809413 0.955304 0.990789
 0.143603 0.457666 0.809413 0.955304 0.990789
 0.143603 0.457666 0.809413 0.955304 0.990789
 0.143603 0.457666 0.809413 0.955304 0.990789
 0.143603 0.457666 0.809413 0.955304 0.990789
 0.143603 0.457666 0.809413 0.955304 0.990789
Scru_pelaces
 0.298321 1 1 1 1
 0.298321 1 1 1 1
 0.298321 1 1 1 1
 0.298321 1 1 1 1
 0.298321 1 1 1 1
 0.298321 1 1 1 1
 0.298321 1 1 1 1
 0.298321 1 1 1 1
 0.298321 1 1 1 1
 0.298321 1 1 1 1
 0.298321 1 1 1 1
 0.298321 1 1 1 1
 0.298321 1 1 1 1
 0.298321 1 1 1 1
 0.298321 1 1 1 1
 0.298321 1 1 1 1
 0.298321 1 1 1 1
 0.298321 1 1 1 1
 0.298321 1 1 1 1
 0.298321 1 1 1 1
 0.298321 1 1 1 1
 0.298321 1 1 1 1
 0.298321 1 1 1 1
 0.298321 1 1 1 1
 0.298321 1 1 1 1
pf_obs 
 0.256992 0.487395 0.22802 0.0275931 0
 0.321318 0.546541 0.124235 0.00734118 0.000564706
 0.182869 0.594174 0.210203 0.0122559 0.00049798
 0.330522 0.361315 0.267642 0.0388342 0.00168674
 0.649043 0.306663 0.0425973 0.00169635 0
 0.582887 0.30429 0.105238 0.00758474 0
 0.465427 0.430635 0.0974691 0.00646863 0
 0.296916 0.608066 0.0921331 0.00288517 0
 0.311714 0.524322 0.152257 0.0117073 0
 0.15457 0.633149 0.183074 0.0267441 0.00246327
 0.131901 0.49318 0.331252 0.0422183 0.00144891
 0.196976 0.569456 0.194076 0.0375587 0.00193317
 0.518974 0.381816 0.0799577 0.0180837 0.00116848
 0.0928022 0.601141 0.25162 0.0475244 0.00691264
 0.122501 0.610282 0.24278 0.0234846 0.000952079
 0.383417 0.481906 0.127806 0.00687128 0
 0.0376549 0.599619 0.316969 0.0457579 0
 0.0361596 0.667082 0.258105 0.0386534 0
 0.158088 0.579412 0.248529 0.0139706 0
 0.0477256 0.309471 0.559284 0.082774 0.000745712
 0.0406174 0.521527 0.379366 0.0568643 0.0016247
 0.151134 0.462217 0.34131 0.0453401 0
 0.294876 0.26143 0.354403 0.0886775 0.000613685
 0.281977 0.475581 0.204845 0.0348837 0.00271318
 0.0354234 0.537034 0.353287 0.0723622 0.0018943
pf_pred 
 0.0275966 0.640548 0.293195 0.0386575 2.95061e-06
 0.0792512 0.180546 0.537045 0.179729 0.0234289
 0.0173286 0.492969 0.125105 0.265434 0.0991633
 0.154061 0.194315 0.411446 0.0622868 0.177891
 0.552882 0.320974 0.0396712 0.0549321 0.03154
 0.103795 0.825258 0.0552873 0.00496477 0.0106947
 0.528293 0.306277 0.15772 0.00603733 0.00167223
 0.249754 0.713449 0.0279769 0.00841777 0.000402901
 0.289391 0.601029 0.106485 0.00236527 0.000729317
 0.361812 0.565376 0.0663356 0.00629709 0.000178518
 0.180801 0.729459 0.0832512 0.00592183 0.000567007
 0.185048 0.65275 0.152021 0.00946166 0.000720037
 0.304897 0.558546 0.119667 0.0158523 0.00103853
 0.275252 0.676903 0.0430815 0.0041907 0.000573053
 0.267242 0.711837 0.0205159 0.000366775 3.84943e-05
 0.301084 0.676237 0.0224925 0.000182466 3.42151e-06
 0.243878 0.684963 0.0699941 0.00115629 9.29354e-06
 0.307513 0.602008 0.0858779 0.0045278 7.34475e-05
 0.211677 0.692098 0.088656 0.00719177 0.000376908
 0.249625 0.585311 0.151916 0.0121314 0.00101702
 0.314665 0.574143 0.095525 0.0144427 0.0012239
 0.232325 0.640345 0.112843 0.0124734 0.00201423
 0.291233 0.550706 0.139857 0.0161624 0.00204196
 0.224762 0.652805 0.103687 0.01662 0.00212538
 0.0207378 0.773157 0.184366 0.0184613 0.0032789
pobs_RECLAS
 0 0 0 0 0
 0 0 0 0 0
 0 0 0 0 0
 0 0 0 0 0
 0.835266 0.146461 0.0176864 0.000547809 3.91292e-05
 0.385257 0.428462 0.181853 0.0044286 0
 0.867414 0.0963971 0.0333333 0.00285562 0
 0.441836 0.489002 0.0689373 0.000224442 0
 0.779404 0.147425 0.0564933 0.0165055 0.000172143
 0.814271 0.122319 0.05973 0.00367925 0
 0.40263 0.566651 0.0304383 0.000280538 0
 0.475488 0.404961 0.113038 0.00651328 0
 0.955842 0.0263864 0.0167828 0.000988607 0
 0.975058 0.0227948 0.00214734 0 0
 0.738997 0.206755 0.0527124 0.00153531 0
 0.850938 0.134255 0.0134407 0.00136685 0
 0.542534 0.407297 0.0501686 0 0
 0.764087 0.199537 0.0359546 0.000420521 0
 0.470689 0.182191 0.310203 0.0369168 0
 0.84361 0.089868 0.0606195 0.00523954 0.000663233
 0.607945 0.314616 0.071237 0.00620181 0
 0.523733 0.453247 0.0230204 0 0
 0.530135 0.295979 0.169645 0.0042399 0
 0.562478 0.366248 0.0663022 0.0049721 0
 0.250443 0.683176 0.0655157 0.000865301 0
ppred_RECLAS
 0.0682602 0.548691 0.33193 0.0511153 4.04509e-06
 0.161009 0.126073 0.493837 0.192997 0.0260844
 0.0440811 0.396382 0.126309 0.312278 0.120949
 0.29816 0.124407 0.339749 0.0600058 0.177678
 0.758547 0.152378 0.0248814 0.0402388 0.023954
 0.268232 0.658656 0.0546383 0.00571376 0.01276
 0.766519 0.13902 0.0893339 0.00398362 0.00114391
 0.516401 0.453559 0.0219635 0.00769481 0.000381817
 0.570132 0.351881 0.0754156 0.00194871 0.000622913
 0.632416 0.315499 0.0467587 0.00517367 0.000152059
 0.417292 0.505976 0.0703317 0.00582163 0.000577864
 0.412219 0.44846 0.129217 0.00936522 0.000738864
 0.614223 0.300691 0.0730918 0.0112315 0.000762728
 0.676141 0.303929 0.0176745 0.0019756 0.000279954
 0.666673 0.324585 0.00854772 0.000175596 1.90981e-05
 0.601713 0.383159 0.0149834 0.000141219 2.74509e-06
 0.521657 0.425475 0.051864 0.000996074 8.29934e-06
 0.582917 0.351288 0.0619284 0.00380197 6.39376e-05
 0.444705 0.470812 0.0768215 0.00726639 0.000394816
 0.502089 0.367195 0.118714 0.0110427 0.000959744
 0.566535 0.344842 0.0743524 0.0131182 0.00115255
 0.464307 0.42451 0.0966339 0.012463 0.00208658
 0.54168 0.333556 0.108262 0.0145906 0.00191113
 0.459083 0.434141 0.08812 0.0164723 0.00218392
 0.0595789 0.701489 0.209928 0.0244944 0.00451025
pobs_PELACES
 0 0 0 0 0
 0 0 0 0 0
 0 0 0 0 0
 0 0 0 0 0
 0 0 0 0 0
 0 0 0 0 0
 0 0 0 0 0
 0 0 0 0 0
 0 0 0 0 0
 0 0 0 0 0
 0.450072 0.473896 0.0757376 0.000293798 0
 0 0 0 0 0
 0.463077 0.371075 0.160297 0.00555027 0
 0.529543 0.364841 0.0842815 0.0213345 0
 0.631943 0.363953 0.00410389 0 0
 0.735681 0.248677 0.0153453 0.000297389 0
 0.695825 0.281241 0.0229344 0 0
 0.275771 0.60734 0.115278 0.00161068 0
 0 0 0 0 0
 0.896147 0.0623911 0.0374545 0.00400742 0
 0.803859 0.145111 0.0509908 3.86294e-05 0
 0.739449 0.233085 0.0266225 0.000797448 4.60066e-05
 0.878498 0.100942 0.0204185 0.000141795 0
 0.694673 0.275183 0.0284847 0.00165964 0
 0.469039 0.446079 0.0841089 0.000773354 0
ppred_PELACES
 0.0830119 0.664988 0.222934 0.0290635 2.21756e-06
 0.250947 0.189762 0.407117 0.13463 0.0175435
 0.0825655 0.567123 0.09069 0.189038 0.0705839
 0.463584 0.165072 0.235777 0.0351694 0.100397
 0.79597 0.158768 0.0143472 0.0196417 0.0112736
 0.347225 0.620369 0.0253612 0.00223435 0.00481021
 0.846803 0.11474 0.0366962 0.00137917 0.000381788
 0.604926 0.383143 0.00911304 0.00268941 0.000128646
 0.684269 0.285551 0.0293458 0.000638113 0.000196628
 0.703387 0.274085 0.0205552 0.00191819 5.43504e-05
 0.527037 0.441076 0.0296258 0.00206427 0.000197524
 0.52392 0.413563 0.0586632 0.00358182 0.000272417
 0.761483 0.212144 0.0231874 0.00299041 0.000195747
 0.858862 0.13779 0.00302753 0.000281981 3.85073e-05
 0.850679 0.147822 0.00147081 2.51769e-05 2.63884e-06
 0.712009 0.282803 0.00514573 4.0762e-05 7.63783e-07
 0.640806 0.339339 0.0195368 0.000315553 2.53445e-06
 0.677801 0.295265 0.0255894 0.0013234 2.14547e-05
 0.517494 0.442414 0.0369851 0.00295202 0.000154632
 0.610671 0.331578 0.0532285 0.00417264 0.000349606
 0.624132 0.33199 0.0377711 0.0056302 0.000476903
 0.528569 0.415541 0.049613 0.00540465 0.000872361
 0.625249 0.315293 0.0527055 0.00599518 0.000757057
 0.534923 0.414093 0.0432825 0.00682872 0.000872834
 0.0871095 0.781949 0.117349 0.0115437 0.00204915
pobs_pel_tallas
 0 0 0 0 0 0 0 0 0 0 0 0 0 0 0 0 0 0 0 0 0 0 0 0 0 0 0 0 0 0 0 0 0 0 0 0
 0 0 0 0 0 0 0 0 0 0 0 0 0 0 0 0 0 0 0 0 0 0 0 0 0 0 0 0 0 0 0 0 0 0 0 0
 0 0 0 0 0 0 0 0 0 0 0 0 0 0 0 0 0 0 0 0 0 0 0 0 0 0 0 0 0 0 0 0 0 0 0 0
 0 0 0 0 0 0 0 0 0 0 0 0 0 0 0 0 0 0 0 0 0 0 0 0 0 0 0 0 0 0 0 0 0 0 0 0
 0 0 0 0 0 0 0 0 0 0 0 0 0 0 0 0 0 0 0 0 0 0 0 0 0 0 0 0 0 0 0 0 0 0 0 0
 0 0 0 0 0 0 0 0 0 0 0 0 0 0 0 0 0 0 0 0 0 0 0 0 0 0 0 0 0 0 0 0 0 0 0 0
 0 0 0 0 0 0 0 0 0 0 0 0 0 0 0 0 0 0 0 0 0 0 0 0 0 0 0 0 0 0 0 0 0 0 0 0
 0 0 0 0 0 0 0 0 0 0 0 0 0 0 0 0 0 0 0 0 0 0 0 0 0 0 0 0 0 0 0 0 0 0 0 0
 0 0 0 0 0 0 0 0 0 0 0 0 0 0 0 0 0 0 0 0 0 0 0 0 0 0 0 0 0 0 0 0 0 0 0 0
 0 0 0 0 0 0 0 0 0 0 0 0 0 0 0 0 0 0 0 0 0 0 0 0 0 0 0 0 0 0 0 0 0 0 0 0
 0 0 0 0 0 0 0 0 1.78061e-05 0.00172719 0.00360574 0.0105946 0.0120993 0.0124554 0.0147524 0.0171206 0.0266825 0.0428682 0.0675386 0.121331 0.153587 0.119568 0.100827 0.0573624 0.0630603 0.0341343 0.0324427 0.0444173 0.0211091 0.0280891 0.0125444 0.00206551 0 0 0 0
 0 0 0 0 0 0 0 0 0 0 0 0 0 0 0 0 0 0 0 0 0 0 0 0 0 0 0 0 0 0 0 0 0 0 0 0
 0 0 0 0 0 0 0.0133647 0.0140871 0.0187388 0.0205184 0.03894 0.0496705 0.03968 0.0493445 0.0407372 0.0367815 0.0215668 0.0243155 0.0234873 0.0199281 0.019796 0.0243948 0.0301388 0.0376714 0.0412746 0.0863199 0.0771752 0.113111 0.0741005 0.0525337 0.0229764 0.00759418 0.00175318 0 0 0
 0 0 0 0 0 0 0 0 0 0 0.00219441 0.00772107 0.0458388 0.0604681 0.0671733 0.0775358 0.0609151 0.0617685 0.073594 0.0568108 0.0755445 0.0548602 0.0670107 0.0636378 0.0643287 0.046367 0.0373049 0.0286899 0.0247887 0.0153202 0.00654259 0.00121912 0.000365735 0 0 0
 0 0 0 0 0 0 0 0 0 0 0 0 0.000112435 0.00938835 0.0111873 0.0202946 0.0414886 0.0713402 0.111592 0.104902 0.108894 0.110636 0.117776 0.105296 0.107544 0.0401394 0.0192827 0.0124803 0.00416011 0.0028671 0.000618394 0 0 0 0 0
 0 0 0 0 0 0 0 0 0 0 0.00291406 0.0102884 0.027416 0.0768956 0.0749926 0.110853 0.0956884 0.0897413 0.0766577 0.0534642 0.0500743 0.0551293 0.0594112 0.0620874 0.0668451 0.0424026 0.0208742 0.0120726 0.0048766 0.00582813 0.00118941 0.000297354 0 0 0 0
 0 0.00264628 0.0354308 0.0461629 0.0458689 0.0383711 0.0214643 0.0164657 0.0346957 0.0420465 0.0363128 0.0245516 0.0311673 0.0291091 0.0169068 0.0133784 0.00837989 0.0085269 0.0148486 0.0160247 0.0276389 0.0546898 0.0760071 0.122758 0.109233 0.0665981 0.0333725 0.0166128 0.00676272 0.00308733 0.000882094 0 0 0 0 0
 0 0 0 0 0 0 0 0.000805153 0.000690131 0.00759144 0.0133425 0.0154129 0.00931677 0.000345066 0.00356568 0.00563607 0.00851162 0.0253048 0.0502646 0.0516448 0.0657925 0.0565908 0.0611916 0.0827007 0.0866115 0.110766 0.145733 0.0935128 0.0569358 0.0249597 0.0138026 0.00621118 0.00161031 0.00115022 0 0
 0 0 0 0 0 0 0 0 0 0 0 0 0 0 0 0 0 0 0 0 0 0 0 0 0 0 0 0 0 0 0 0 0 0 0 0
 0.00147267 0.00158595 0.00478618 0.00569244 0.00954404 0.0108468 0.00647125 0.017049 0.0510054 0.094081 0.124002 0.0959785 0.0687766 0.0820023 0.061753 0.0591476 0.0492212 0.0479892 0.0443925 0.0268479 0.0217502 0.0140895 0.0121071 0.0120363 0.00920419 0.00665534 0.0049561 0.00860946 0.00930331 0.0156896 0.0114698 0.00855282 0.00243557 0.00046729 0 2.83206e-05
 0 0 0 0 0.000772559 0.00158375 0.000888443 0.00281984 0.00712685 0.0440552 0.0773331 0.111326 0.0921469 0.0852325 0.0710754 0.0886704 0.0786465 0.0553345 0.0373146 0.0185414 0.00753245 0.00457741 0.012979 0.0271748 0.0457355 0.0583668 0.034881 0.0177882 0.00938659 0.00492506 0.0015258 0.00185414 0.000309023 5.79419e-05 3.86279e-05 0
 0 0.00173294 0.00326652 0 0.00397197 0.00683976 0.00946217 0.0152591 0.00757587 0.0136028 0.0228656 0.0392903 0.0559909 0.0764795 0.0681675 0.0726916 0.0566044 0.0477403 0.0527397 0.0444891 0.0609904 0.0582453 0.0661739 0.0445044 0.0529084 0.0360697 0.0280645 0.0235558 0.0158879 0.00826598 0.00280645 0.00217768 0.000904811 0.00058276 9.20147e-05 0
 0 0 0 0 0 0 0 0 0 0 0 0 0 0 0 0 0 0 0 0 0 0 0 0 0 0 0 0 0 0 0 0 0 0 0 0
 0 0 0 0 0 0 0 0 0 0 0 0 0 0 0 0 0 0 0 0 0 0 0 0 0 0 0 0 0 0 0 0 0 0 0 0
 0 0 0 0 0 0 0 0 0 0 0 0 0 0 0 0 0 0 0 0 0 0 0 0 0 0 0 0 0 0 0 0 0 0 0 0
ppred_pel_tallas
 1.0438e-16 3.65983e-06 2.13854e-05 0.000101458 0.000390285 0.00121677 0.00307418 0.00629545 0.0104554 0.0141018 0.0155051 0.0140562 0.0108903 0.00802856 0.00702631 0.00843559 0.0121648 0.0179722 0.0256152 0.0347355 0.044722 0.0546872 0.0635718 0.0703434 0.0742193 0.0748399 0.0723356 0.0672629 0.0604415 0.0527505 0.0449512 0.0375837 0.0309484 0.0251494 0.0201687 0.0159344
 1.11287e-16 1.09636e-05 6.43081e-05 0.000305612 0.00117649 0.00366865 0.00926684 0.0189626 0.0314382 0.0422375 0.0460076 0.0406889 0.0293611 0.0176132 0.00945388 0.00573964 0.00539956 0.00715377 0.0102473 0.0143617 0.01933 0.0249609 0.0309852 0.0370709 0.0428639 0.0480284 0.0522772 0.0553839 0.0571851 0.0575797 0.056534 0.0540923 0.0503892 0.0456506 0.0401808 0.0343302
 1.11266e-16 3.63571e-06 2.12545e-05 0.000100859 0.000388021 0.00120974 0.00305631 0.00625809 0.0103905 0.0140057 0.0153769 0.0138869 0.0106465 0.00763884 0.00637502 0.00736256 0.0104709 0.0154351 0.0220206 0.0299242 0.038647 0.047466 0.0555203 0.0619741 0.0662008 0.06792 0.0672438 0.0646124 0.0606489 0.0559873 0.0511302 0.0463799 0.0418441 0.037498 0.0332659 0.0290897
 1.09301e-16 2.02341e-05 0.000118737 0.000564383 0.00217284 0.00677572 0.017115 0.0350202 0.0580525 0.077971 0.0848694 0.0749119 0.0537365 0.0315897 0.0157658 0.00770396 0.00526007 0.0059024 0.00809858 0.0111885 0.0148911 0.0189959 0.0232632 0.0274267 0.0312308 0.0344652 0.0369857 0.0387114 0.0396104 0.0396799 0.0389341 0.0374049 0.0351517 0.032272 0.0289067 0.0252326
 1.01458e-16 3.47271e-05 0.000203825 0.000968904 0.00373035 0.0116328 0.0293834 0.0601222 0.0996583 0.133836 0.145633 0.128443 0.0919081 0.0535664 0.0258617 0.0111606 0.00565818 0.00487822 0.00607542 0.00804209 0.0102843 0.0125081 0.0144491 0.0158679 0.0165929 0.0165588 0.0158204 0.014533 0.01291 0.0111694 0.00948958 0.00798384 0.00669843 0.00562713 0.0047342 0.00397597
 1.00864e-16 1.51785e-05 8.90153e-05 0.00042299 0.00162828 0.00507744 0.0128258 0.0262476 0.0435243 0.0585005 0.063788 0.0565696 0.0411574 0.0253567 0.0148021 0.0107661 0.0118214 0.0161715 0.0226134 0.0303761 0.0387244 0.0467687 0.0535066 0.0580006 0.0595905 0.0580561 0.0536726 0.0471335 0.0393761 0.0313628 0.0238926 0.0174892 0.0123795 0.00854521 0.00581135 0.00393653
 1.00624e-16 3.69419e-05 0.000216832 0.00103075 0.00396849 0.0123754 0.0312592 0.0639598 0.106018 0.142372 0.154909 0.136593 0.0976749 0.0567953 0.0271739 0.0113052 0.00511944 0.00383988 0.00454696 0.00597969 0.00766228 0.00935345 0.0108538 0.0119828 0.0126059 0.0126627 0.0121784 0.0112526 0.0100305 0.00866777 0.00729901 0.00601959 0.00488205 0.00390359 0.00307886 0.00239224
 1.00353e-16 2.64058e-05 0.000154951 0.000736505 0.00283548 0.0088421 0.0223347 0.0457017 0.0757627 0.101769 0.110801 0.0978691 0.0703511 0.0416482 0.0213146 0.0112609 0.00870355 0.0103108 0.0139888 0.0186974 0.0238078 0.0287281 0.0328313 0.035538 0.0364426 0.0354129 0.0326243 0.0285115 0.0236595 0.0186685 0.0140357 0.0100861 0.00695897 0.00463969 0.0030153 0.0019309
 1.00541e-16 2.98616e-05 0.000175249 0.000833022 0.00320713 0.0100011 0.0252621 0.0516906 0.0856866 0.115086 0.125266 0.110564 0.0792983 0.0465874 0.0231847 0.0111895 0.00739354 0.00799046 0.0106179 0.0141701 0.0180794 0.0218838 0.025112 0.0273276 0.0282199 0.0276769 0.0258118 0.0229293 0.019447 0.0157975 0.0123434 0.009327 0.00685998 0.00494611 0.00351981 0.00248519
 1.0045e-16 3.06948e-05 0.000180141 0.000856284 0.0032967 0.0102804 0.0259676 0.0531341 0.0880788 0.118297 0.128756 0.113633 0.0814742 0.0478149 0.023701 0.0112811 0.00724798 0.0076818 0.0101525 0.0135301 0.0172476 0.0208556 0.0239009 0.0259659 0.0267552 0.0261655 0.0243112 0.0214908 0.0181108 0.0145908 0.011281 0.00841332 0.00609209 0.0043159 0.00301568 0.00209317
 1.00645e-16 2.30119e-05 0.00013502 0.00064174 0.00247059 0.00770418 0.0194605 0.0398213 0.0660177 0.0886885 0.096586 0.0853748 0.0615045 0.0366816 0.0192713 0.0109873 0.00945197 0.0117967 0.0162003 0.0217137 0.0276919 0.0334745 0.0383431 0.041628 0.0428553 0.0418612 0.0388328 0.0342541 0.0287829 0.0230976 0.0177638 0.0131555 0.0094398 0.00661231 0.00455877 0.00311753
 1.01104e-16 2.28749e-05 0.000134219 0.000637934 0.00245594 0.00765852 0.0193451 0.0395851 0.0656254 0.0881596 0.096005 0.0848493 0.0611002 0.0363891 0.0190248 0.010703 0.00905417 0.0112254 0.0154135 0.0206936 0.0264551 0.0320809 0.0368982 0.0402742 0.0417529 0.0411617 0.0386507 0.0346454 0.0297347 0.0245319 0.0195536 0.0151484 0.0114822 0.00857049 0.00633237 0.00464467
 1.00511e-16 3.32255e-05 0.000195005 0.000926959 0.00356883 0.0111291 0.0281112 0.0575195 0.0953459 0.12805 0.139351 0.122936 0.0880411 0.0514606 0.0251217 0.0113137 0.00642138 0.00617782 0.00795396 0.0105648 0.0134774 0.0163226 0.0187459 0.0204227 0.0211213 0.0207572 0.0194125 0.0173109 0.0147595 0.0120768 0.00952963 0.00729607 0.00545856 0.00402042 0.00293453 0.00213213
 1.001e-16 3.74686e-05 0.000219922 0.00104544 0.00402503 0.0125517 0.0317046 0.0648712 0.107529 0.144403 0.157123 0.138555 0.0990985 0.0576648 0.027667 0.0116409 0.00546251 0.00428657 0.00514363 0.00673654 0.00855438 0.0103171 0.0117867 0.0127529 0.0130699 0.0126902 0.0116776 0.0101888 0.00843501 0.00663281 0.00496166 0.0035389 0.00241482 0.00158411 0.0010058 0.000623648
 1.00071e-16 3.71122e-05 0.000217829 0.00103548 0.0039867 0.0124322 0.0314027 0.0642536 0.106506 0.143029 0.155631 0.137246 0.0981758 0.0571555 0.0274742 0.0116483 0.00559775 0.00452616 0.00549183 0.00720444 0.00914678 0.0110254 0.0125864 0.0136044 0.0139238 0.0134948 0.0123872 0.0107711 0.0088748 0.006932 0.00513625 0.00361371 0.00241787 0.00154198 0.000940539 0.000551468
 1.00167e-16 3.10711e-05 0.00018235 0.000866782 0.00333711 0.0104064 0.026286 0.0537855 0.0891588 0.119748 0.130336 0.115029 0.0824792 0.0484125 0.0240113 0.0114509 0.00738351 0.00783954 0.0103552 0.01378 0.0175311 0.0211432 0.0241481 0.0261172 0.0267517 0.0259554 0.0238598 0.0207881 0.0171753 0.0134668 0.010032 0.0071121 0.00481033 0.0031152 0.00194164 0.00117295
 1.00399e-16 2.79686e-05 0.00016413 0.000780152 0.00300355 0.00936621 0.0236585 0.04841 0.0802505 0.107791 0.117343 0.10361 0.0743979 0.0438832 0.0221628 0.0112328 0.00811781 0.00927163 0.0124789 0.0166699 0.0212428 0.025664 0.0293762 0.0318636 0.0327629 0.0319503 0.0295727 0.0260063 0.021761 0.017362 0.0132469 0.00970449 0.00686296 0.00471703 0.00317586 0.00211153
 1.00506e-16 2.95799e-05 0.000173594 0.000825155 0.00317683 0.00990661 0.0250235 0.0512024 0.0848778 0.114001 0.124087 0.10953 0.0785718 0.0461902 0.0230418 0.0112112 0.00752506 0.00821602 0.0109431 0.0146046 0.018626 0.0225318 0.0258352 0.028086 0.0289646 0.028358 0.0263868 0.02337 0.0197431 0.0159564 0.0123863 0.00928317 0.00676078 0.00481997 0.00338909 0.00236501
 1.00778e-16 2.25958e-05 0.000132578 0.000630127 0.00242588 0.00756474 0.0191083 0.0391007 0.0648233 0.0870849 0.094842 0.0838391 0.0604109 0.0360548 0.0189889 0.0109006 0.00946039 0.0118559 0.0163005 0.0218604 0.0278954 0.0337454 0.0386907 0.0420583 0.0433701 0.0424575 0.0395018 0.0349815 0.0295498 0.0238811 0.0185395 0.0138991 0.0101296 0.00723114 0.00509546 0.00356728
 1.01024e-16 2.66543e-05 0.000156415 0.000743473 0.00286233 0.00892582 0.0225461 0.0461339 0.0764778 0.102725 0.11183 0.0987502 0.0709239 0.0418662 0.0212044 0.0108484 0.00797128 0.00920297 0.0124407 0.0166703 0.0213196 0.0258749 0.0297936 0.0325673 0.0338277 0.0334325 0.0314966 0.0283548 0.0244729 0.0203372 0.0163585 0.0128147 0.00984053 0.00745209 0.00558988 0.00416136
 1.00861e-16 2.72412e-05 0.000159861 0.000759856 0.0029254 0.00912252 0.023043 0.0471505 0.0781627 0.104987 0.114291 0.100918 0.0724702 0.0427568 0.0216143 0.0109897 0.00798889 0.00916251 0.012358 0.0165384 0.0211217 0.0255904 0.0294007 0.0320461 0.0331638 0.0326203 0.0305427 0.0272789 0.0233077 0.0191254 0.0151481 0.0116537 0.00877126 0.00650668 0.00478765 0.00350833
 1.01067e-16 2.30777e-05 0.000135409 0.000643593 0.00247773 0.00772646 0.0195168 0.0399362 0.0662074 0.0889412 0.0968555 0.0855996 0.061637 0.036702 0.0191756 0.0107671 0.00908406 0.0112462 0.0154325 0.0207089 0.0264593 0.0320624 0.0368424 0.0401652 0.0415761 0.0409071 0.0383156 0.034236 0.0292665 0.024028 0.0190413 0.0146552 0.0110323 0.00818177 0.00601466 0.00439987
 1.01093e-16 2.72893e-05 0.000160144 0.000761208 0.00293061 0.00913878 0.023084 0.0472343 0.0783013 0.105172 0.114489 0.101084 0.0725703 0.0427783 0.021556 0.0108484 0.00775085 0.00880604 0.0118613 0.0158891 0.0203265 0.0246814 0.0284375 0.031111 0.0323511 0.0320208 0.0302267 0.0272841 0.0236323 0.0197305 0.0159663 0.0126023 0.0097663 0.00747437 0.00567206 0.00427429
 1.01025e-16 2.33546e-05 0.000137035 0.000651325 0.0025075 0.0078193 0.0197513 0.040416 0.0670026 0.0900089 0.0980164 0.0866215 0.062364 0.0371171 0.0193598 0.0108184 0.00906814 0.0111913 0.0153436 0.0205813 0.0262857 0.0318362 0.0365591 0.0398239 0.0411796 0.0404623 0.0378332 0.0337299 0.0287527 0.0235234 0.0185624 0.0142164 0.010645 0.00785299 0.00574693 0.00419136
 1.02413e-16 3.84299e-06 2.24505e-05 0.000106499 0.000409658 0.00127716 0.00322686 0.00660866 0.0109776 0.0148123 0.0163023 0.0148166 0.0115591 0.00866872 0.00780002 0.00955567 0.0138564 0.0204479 0.0290454 0.0392034 0.0501709 0.0608779 0.0700711 0.0765566 0.0794697 0.0784796 0.0738627 0.0664142 0.0572379 0.047484 0.0381218 0.0298055 0.0228481 0.017282 0.0129599 0.00965754
pSPR Fmed_Fpbrs
0.346404   0.6 0.325
Fs Fmed_Fpbrs
1.37279   0.440711 1.53574
SSBpbr Bo_Bmed_Bpbrs
826090  244856  454349 227175
Ro
19148.9
SPR SPRFo_SPRFmed_SPRFpbrs
393276 136232 127815
log_Ro
9.68
likeval ReclasPelacesDesembMPH_pf_preclas_ppelaces_ptallas_desvR_qrecl_qpela
 69.482 14.758 0.222067 0.000159734 354.59 194.767 84.8317 0 36.2179 0.000103933 0.000324733 1.30176e-14 0 0 0
q_reclas_q_pelaces
4.24031 12.9845
M
0.7
N
 13097.2 35845.2 12640.5 1651.37 0.126008
 22795.7 6374.04 14815.2 4915.54 640.604
 2393.5 10964.4 2366.98 4995.52 1865.97
 5868.5 1054.59 1832.67 275.595 786.936
 39186.4 2695.1 257.062 352.713 202.458
 14142.7 19044.9 1100.14 98.3209 211.764
 64038.1 6119.04 2697.49 102.737 28.4518
 57314.6 27982.4 948.363 284.011 13.5917
 65340.2 24715.3 3844.73 85.049 26.221
 111944 27505.5 2727.12 257.45 7.29727
 69051.3 49735.9 4959.85 351.294 33.6315
 48891 29292.5 5886.61 364.641 27.7453
 54243.2 21131.4 4109.79 542.822 35.5586
 29517.1 21408.8 1296.66 125.947 17.2217
 12455.5 9784.92 268.373 4.79086 0.502794
 9363.08 4128.99 122.66 0.991575 0.0185915
 7194.73 3824.38 346.213 5.6977 0.0457893
 8937.4 2983.09 367.558 19.2879 0.312832
 7780.36 3857.46 413.226 33.3225 1.74605
 8998.11 3500.04 779.023 61.9001 5.18851
 15511 3922.68 531.03 79.7278 6.75481
 18461.6 7186.91 1036.61 113.812 18.3747
 30117.3 8502.47 1797.48 206.458 26.079
 31395.5 13619.6 1801.01 286.926 36.6854
 2359.8 14195.6 2881.14 286.985 50.9631
pred_Ctot
 188.222 4368.85 1999.74 263.663 0.0201246
 516.012 1175.55 3496.75 1170.23 152.548
 195.387 5558.42 1410.61 2992.87 1118.1
 318.752 402.038 851.283 128.872 368.056
 600.98 348.897 43.1224 59.7109 34.2838
 1319.68 10492.6 702.939 63.1235 135.975
 5570.24 3229.34 1662.98 63.6566 17.6318
 5469.8 15625.1 612.716 184.356 8.82384
 7224.87 15005.2 2658.49 59.0509 18.208
 8532.23 13332.7 1564.32 148.497 4.20979
 7303.34 29466.1 3362.88 239.209 22.9039
 4594.51 16207 3774.49 234.922 17.8777
 8111.72 14860 3183.7 421.747 27.6298
 7222.3 17761.2 1130.41 109.959 15.0363
 3047.63 8117.78 233.964 4.1827 0.438989
 1208.59 2714.51 90.288 0.732445 0.0137344
 862.956 2423.73 247.673 4.0915 0.032885
 847.854 1659.82 236.777 12.4837 0.202504
 529.541 1731.39 221.786 17.9913 0.942891
 796.19 1866.88 484.545 38.6936 3.24382
 749.753 1368.01 227.608 34.4127 2.91619
 967.708 2667.25 470.027 51.9557 8.38994
 1945.55 3678.92 934.298 107.971 13.641
 2031.12 5899.24 936.99 150.191 19.2065
 193.73 7222.74 1722.32 172.463 30.6311
F
 0.0201618 0.183553 0.244501 0.247024 0.247103
 0.031922 0.290617 0.387116 0.39111 0.391234
 0.119605 1.08888 1.45044 1.46541 1.46587
 0.0781625 0.711591 0.947872 0.957653 0.957957
 0.021529 0.195999 0.26108 0.263774 0.263858
 0.137794 1.25448 1.67102 1.68827 1.6888
 0.127903 1.16442 1.55107 1.56707 1.56757
 0.141133 1.28487 1.71151 1.72917 1.72972
 0.165222 1.50418 2.00363 2.02431 2.02495
 0.111271 1.01301 1.34938 1.3633 1.36373
 0.157519 1.43405 1.91022 1.92993 1.93054
 0.138836 1.26396 1.68365 1.70103 1.70157
 0.229676 2.09097 2.78526 2.81401 2.8149
 0.404128 3.67918 4.90084 4.95141 4.95298
 0.404128 3.67918 4.90084 4.95141 4.95298
 0.19538 1.77873 2.36936 2.39381 2.39457
 0.18039 1.64227 2.18758 2.21015 2.21085
 0.140237 1.27672 1.70065 1.7182 1.71874
 0.0988273 0.899723 1.19847 1.21084 1.21122
 0.130241 1.18571 1.57942 1.59572 1.59623
 0.0692899 0.630814 0.840274 0.848945 0.849214
 0.0753377 0.685874 0.913616 0.923044 0.923337
 0.0935867 0.852012 1.13492 1.14663 1.14699
 0.093731 0.853326 1.13667 1.1484 1.14876
 0.120322 1.09541 1.45913 1.47419 1.47466
nmprior
 10.6 11 7 0
nm_flota  nm_reclas  nm_pelaces    nm_pelaL
inf 20.5927 7.50324 13.7348
cv_recla  cv_pelaces  cv_mph
0.753982 0.435598 0.410049
 ------------------------------------------------
Talla a la edad & desviación 
 7.2 14.2025 17.0495 18.207 18.6776
 1.08 2.13037 2.55742 2.73105 2.80164
