years
 1997 1998 1999 2000 2001 2002 2003 2004 2005 2006 2007 2008 2009 2010 2011 2012 2013 2014 2015 2016 2017 2018 2019 2020 2021
reclasobs
 0 0 0 370054 412103 1.49427e+06 250295 1.28982e+06 931140 785840 897777 1.04006e+06 184774 17550 25797 100020 73551 82996 120727 218422 84188 347160 605670 569463 516374
reclaspred
 2.00309e+06 251464 311083 95234.9 234516 240179 525701 449424 579668 1.03939e+06 933725 589988 369316 160986 97193.4 92321.5 102038 120775 102045 170072 297385 261550 439748 521230 411826
pelacesobs
 0 0 0 0 0 0 0 0 0 2.06254e+06 1.5e+06 0 1.87456e+06 323000 250000 174000 83755 137374 0 501740 490994 745055 786931 1.00524e+06 1.33801e+06
pelacespred
 1.1963e+06 450510 120782 88246.1 202848 138960 481396 391673 510253 933569 691727 435326 301593 102453 64157 64603 73619.8 88784.7 73012.7 129114 250364 208535 278202 382235 283201
mphobs
 0 0 0 0 0 112323 0 153150 637223 0 255016 313432 73983 77613 109348 50772 0 0 0 0 0 0 0 0 0
mphpred
 795422 341242 141997 60923 45313.4 128038 136405 186851 202310 280058 500180 343462 182834 108961 46014.3 36644.8 40406.5 47872.8 50410.6 46771.9 99076 128757 144458 208839 234539
desembarqueobs
 350755 77701 442110 56441 14545 235359 269955 359681 431902 328805 639364 411747 362871 311530 167758 66681 60226 58785 57116 73181 50977 67692 138656 160484 209506
desembarquepred
 350744 77681.6 441559 56417.2 14543.7 235197 269853 359105 431434 328546 638639 411385 362265 311035 167416 66630.1 60203.5 58744.2 57068.2 73106 50963.6 67653.1 138577 160404 209402
Reclutas
 5714.24 9061.92 1172.01 8669.88 54358.5 15279.8 55191.3 71187.7 89657.9 211748 51548.7 21515.1 56221.3 22007.2 14599.2 14617.4 9730.06 9678.03 7160.39 27486.2 29721.4 28922.4 60828.2 51327.2 1067.83
log_desv_Rt
 -1.26928 -0.808164 -2.85353 -0.852389 0.983357 -0.285712 0.998561 1.25307 1.48376 2.34315 0.930282 0.0565125 1.01705 0.0791257 -0.33128 -0.330031 -0.737024 -0.742386 -1.04368 0.301439 0.379622 0.352372 1.09581 0.925977 -2.94662
SSB
 1.93182e+06 828766 344865 147962 110051 310962 331284 453800 491346 680170 1.21477e+06 834157 444046 264630 111754 88998.4 98134.3 116267 122431 113594 240624 312708 350841 507201 569619
BT
 2.36125e+06 976833 465682 225032 375689 431871 1.06119e+06 1.08555e+06 1.30411e+06 1.97584e+06 1.79223e+06 1.14751e+06 899015 477855 252982 170363 181551 206684 181069 292438 488666 438621 598021 817792 683358
Ftot
 0.160239 0.242984 1.01315 0.574583 0.158852 1.0418 0.876406 1.51604 1.39195 0.711274 0.757499 0.6096 1.20643 2.16646 2.39846 1.04965 0.811861 0.613601 0.613471 0.796978 0.256906 0.295414 0.394678 0.380264 0.435469
BD_Bspro_t
 0.979873 0.852691 0.620219 0.273944 0.3682 0.675347 0.4995 0.523437 0.495899 0.5286 0.632478 0.464244 0.321391 0.252528 0.142754 0.14215 0.203679 0.302831 0.367656 0.407743 0.617581 0.728846 0.715958 0.726506 0.695583
BD_Bspro
 4.62607 1.98462 0.825837 0.35432 0.263537 0.74465 0.793314 1.0867 1.17661 1.62878 2.90898 1.99753 1.06334 0.633702 0.267613 0.213121 0.234999 0.278422 0.293182 0.272019 0.576213 0.748831 0.840146 1.21458 1.36405
BD_Bo
 2.03678 0.873793 0.363602 0.156001 0.116031 0.327857 0.349283 0.478455 0.518041 0.717123 1.28077 0.879477 0.468171 0.279008 0.117825 0.0938337 0.103466 0.122584 0.129083 0.119765 0.253697 0.329697 0.369902 0.534758 0.600566
BD_Brms
 5.60391 2.40412 1.0004 0.429215 0.319242 0.902051 0.961001 1.3164 1.42532 1.97306 3.52387 2.41976 1.2881 0.767651 0.32418 0.25817 0.284672 0.337273 0.355153 0.329518 0.69801 0.907115 1.01773 1.47131 1.65237
S_f
 0.102306 0.684079 0.97627 0.998722 0.999933
 0.102306 0.684079 0.97627 0.998722 0.999933
 0.102306 0.684079 0.97627 0.998722 0.999933
 0.102306 0.684079 0.97627 0.998722 0.999933
 0.102306 0.684079 0.97627 0.998722 0.999933
 0.102306 0.684079 0.97627 0.998722 0.999933
 0.102306 0.684079 0.97627 0.998722 0.999933
 0.102306 0.684079 0.97627 0.998722 0.999933
 0.102306 0.684079 0.97627 0.998722 0.999933
 0.102306 0.684079 0.97627 0.998722 0.999933
 0.102306 0.684079 0.97627 0.998722 0.999933
 0.102306 0.684079 0.97627 0.998722 0.999933
 0.102306 0.684079 0.97627 0.998722 0.999933
 0.102306 0.684079 0.97627 0.998722 0.999933
 0.102306 0.684079 0.97627 0.998722 0.999933
 0.102306 0.684079 0.97627 0.998722 0.999933
 0.102306 0.684079 0.97627 0.998722 0.999933
 0.102306 0.684079 0.97627 0.998722 0.999933
 0.102306 0.684079 0.97627 0.998722 0.999933
 0.102306 0.684079 0.97627 0.998722 0.999933
 0.102306 0.684079 0.97627 0.998722 0.999933
 0.102306 0.684079 0.97627 0.998722 0.999933
 0.102306 0.684079 0.97627 0.998722 0.999933
 0.102306 0.684079 0.97627 0.998722 0.999933
 0.102306 0.684079 0.97627 0.998722 0.999933
Scru_reclas
 0.790367 0.949936 0.989636 0.997923 0.999587
 0.790367 0.949936 0.989636 0.997923 0.999587
 0.790367 0.949936 0.989636 0.997923 0.999587
 0.790367 0.949936 0.989636 0.997923 0.999587
 0.790367 0.949936 0.989636 0.997923 0.999587
 0.790367 0.949936 0.989636 0.997923 0.999587
 0.790367 0.949936 0.989636 0.997923 0.999587
 0.790367 0.949936 0.989636 0.997923 0.999587
 0.790367 0.949936 0.989636 0.997923 0.999587
 0.790367 0.949936 0.989636 0.997923 0.999587
 0.790367 0.949936 0.989636 0.997923 0.999587
 0.790367 0.949936 0.989636 0.997923 0.999587
 0.790367 0.949936 0.989636 0.997923 0.999587
 0.790367 0.949936 0.989636 0.997923 0.999587
 0.790367 0.949936 0.989636 0.997923 0.999587
 0.790367 0.949936 0.989636 0.997923 0.999587
 0.790367 0.949936 0.989636 0.997923 0.999587
 0.790367 0.949936 0.989636 0.997923 0.999587
 0.790367 0.949936 0.989636 0.997923 0.999587
 0.790367 0.949936 0.989636 0.997923 0.999587
 0.790367 0.949936 0.989636 0.997923 0.999587
 0.790367 0.949936 0.989636 0.997923 0.999587
 0.790367 0.949936 0.989636 0.997923 0.999587
 0.790367 0.949936 0.989636 0.997923 0.999587
 0.790367 0.949936 0.989636 0.997923 0.999587
Scru_pelaces
 1 1 1 1 1
 1 1 1 1 1
 1 1 1 1 1
 1 1 1 1 1
 1 1 1 1 1
 1 1 1 1 1
 1 1 1 1 1
 1 1 1 1 1
 1 1 1 1 1
 1 1 1 1 1
 1 1 1 1 1
 1 1 1 1 1
 1 1 1 1 1
 1 1 1 1 1
 1 1 1 1 1
 1 1 1 1 1
 1 1 1 1 1
 1 1 1 1 1
 1 1 1 1 1
 1 1 1 1 1
 1 1 1 1 1
 1 1 1 1 1
 1 1 1 1 1
 1 1 1 1 1
 1 1 1 1 1
pf_obs 
 0.256992 0.487395 0.22802 0.0275931 0
 0.321318 0.546541 0.124235 0.00734118 0.000564706
 0.182869 0.594174 0.210203 0.0122559 0.00049798
 0.330522 0.361315 0.267642 0.0388342 0.00168674
 0.649043 0.306663 0.0425973 0.00169635 0
 0.582887 0.30429 0.105238 0.00758474 0
 0.465427 0.430635 0.0974691 0.00646863 0
 0.296916 0.608066 0.0921331 0.00288517 0
 0.311714 0.524322 0.152257 0.0117073 0
 0.15457 0.633149 0.183074 0.0267441 0.00246327
 0.131901 0.49318 0.331252 0.0422183 0.00144891
 0.196976 0.569456 0.194076 0.0375587 0.00193317
 0.518974 0.381816 0.0799577 0.0180837 0.00116848
 0.0928022 0.601141 0.25162 0.0475244 0.00691264
 0.122501 0.610282 0.24278 0.0234846 0.000952079
 0.383417 0.481906 0.127806 0.00687128 0
 0.0376549 0.599619 0.316969 0.0457579 0
 0.0361596 0.667082 0.258105 0.0386534 0
 0.158088 0.579412 0.248529 0.0139706 0
 0.0477256 0.309471 0.559284 0.082774 0.000745712
 0.0406174 0.521527 0.379366 0.0568643 0.0016247
 0.151134 0.462217 0.34131 0.0453401 0
 0.294876 0.26143 0.354403 0.0886775 0.000613685
 0.281977 0.475581 0.204845 0.0348837 0.00271318
 0.0354234 0.537034 0.353287 0.0723622 0.0018943
pf_pred 
 0.00990722 0.653221 0.298569 0.0383002 2.13161e-06
 0.0270118 0.0523241 0.67787 0.215763 0.0270311
 0.00930544 0.18297 0.0624695 0.552354 0.192901
 0.20895 0.073383 0.203283 0.0411533 0.473231
 0.592166 0.283998 0.0172109 0.0308749 0.0757495
 0.0902025 0.817934 0.0709129 0.00297495 0.0179761
 0.39328 0.263061 0.322535 0.0164484 0.0046758
 0.341191 0.566685 0.0514842 0.0382225 0.00241761
 0.338563 0.553353 0.0996496 0.00480724 0.00362757
 0.444655 0.455744 0.0900038 0.0088776 0.000719429
 0.0744108 0.784844 0.123803 0.015356 0.00158614
 0.05331 0.337827 0.547866 0.0538624 0.00713539
 0.26532 0.238468 0.231129 0.239247 0.0258364
 0.149092 0.695681 0.0721675 0.0395171 0.0435422
 0.22927 0.548845 0.201939 0.0095638 0.0103821
 0.2882 0.582431 0.110114 0.0176198 0.00163468
 0.171814 0.632302 0.173379 0.0192596 0.00324505
 0.185639 0.490441 0.272124 0.0460194 0.00577715
 0.146547 0.531174 0.226806 0.0805923 0.0148815
 0.45402 0.303992 0.174773 0.0477269 0.0194872
 0.245708 0.651754 0.0688476 0.0245558 0.00913464
 0.172461 0.532121 0.266906 0.0193028 0.00920901
 0.287724 0.399336 0.227379 0.0774952 0.00806555
 0.174464 0.599524 0.148743 0.0565555 0.0207129
 0.00409277 0.563688 0.345787 0.0574084 0.0290232
pobs_RECLAS
 0 0 0 0 0
 0 0 0 0 0
 0 0 0 0 0
 0 0 0 0 0
 0.835266 0.146461 0.0176864 0.000547809 3.91292e-05
 0.385257 0.428462 0.181853 0.0044286 0
 0.867414 0.0963971 0.0333333 0.00285562 0
 0.441836 0.489002 0.0689373 0.000224442 0
 0.779404 0.147425 0.0564933 0.0165055 0.000172143
 0.814271 0.122319 0.05973 0.00367925 0
 0.40263 0.566651 0.0304383 0.000280538 0
 0.475488 0.404961 0.113038 0.00651328 0
 0.955842 0.0263864 0.0167828 0.000988607 0
 0.975058 0.0227948 0.00214734 0 0
 0.738997 0.206755 0.0527124 0.00153531 0
 0.850938 0.134255 0.0134407 0.00136685 0
 0.542534 0.407297 0.0501686 0 0
 0.764087 0.199537 0.0359546 0.000420521 0
 0.470689 0.182191 0.310203 0.0369168 0
 0.84361 0.089868 0.0606195 0.00523954 0.000663233
 0.607945 0.314616 0.071237 0.00620181 0
 0.523733 0.453247 0.0230204 0 0
 0.530135 0.295979 0.169645 0.0042399 0
 0.562478 0.366248 0.0663022 0.0049721 0
 0.250443 0.683176 0.0655157 0.000865301 0
ppred_RECLAS
 0.0581532 0.685162 0.227877 0.0288067 1.60395e-06
 0.174349 0.0601451 0.565817 0.177448 0.0222405
 0.0684834 0.229587 0.0551654 0.479321 0.167443
 0.671521 0.0413269 0.0822364 0.0163885 0.188527
 0.898823 0.0770339 0.00339708 0.00600545 0.0147404
 0.375348 0.579128 0.0352801 0.00145424 0.00878965
 0.818611 0.0942278 0.0818874 0.00410619 0.00116765
 0.767993 0.209036 0.0129518 0.00942349 0.00059613
 0.76511 0.207107 0.0256529 0.0012137 0.000916026
 0.829199 0.14777 0.0208448 0.00202299 0.000163999
 0.326573 0.597233 0.0671535 0.00819404 0.000846669
 0.282568 0.313175 0.364329 0.0352553 0.00467219
 0.731129 0.110459 0.0745122 0.0757205 0.00817902
 0.549456 0.394307 0.0264907 0.014153 0.015593
 0.689392 0.247346 0.0577105 0.00266196 0.00288914
 0.715742 0.245983 0.0326636 0.00513519 0.000476551
 0.563142 0.358123 0.0698206 0.00762826 0.00128572
 0.595154 0.274935 0.109412 0.0182118 0.00228712
 0.524022 0.332121 0.101712 0.0355734 0.00657115
 0.846665 0.0980513 0.0401097 0.0107735 0.00440036
 0.65541 0.309423 0.0237262 0.00833765 0.0031029
 0.565416 0.309976 0.112742 0.00803265 0.00383385
 0.72256 0.177368 0.0730114 0.0245087 0.00255186
 0.563959 0.342996 0.061549 0.0230505 0.00844549
 0.025821 0.627726 0.278009 0.0454549 0.0229894
pobs_PELACES
 0 0 0 0 0
 0 0 0 0 0
 0 0 0 0 0
 0 0 0 0 0
 0 0 0 0 0
 0 0 0 0 0
 0 0 0 0 0
 0 0 0 0 0
 0 0 0 0 0
 0 0 0 0 0
 0.450072 0.473896 0.0757376 0.000293798 0
 0 0 0 0 0
 0.463077 0.371075 0.160297 0.00555027 0
 0.529543 0.364841 0.0842815 0.0213345 0
 0.631943 0.363953 0.00410389 0 0
 0.735681 0.248677 0.0153453 0.000297389 0
 0.695825 0.281241 0.0229344 0 0
 0.275771 0.60734 0.115278 0.00161068 0
 0 0 0 0 0
 0.896147 0.0623911 0.0374545 0.00400742 0
 0.803859 0.145111 0.0509908 3.86294e-05 0
 0.739449 0.233085 0.0266225 0.000797448 4.60066e-05
 0.878498 0.100942 0.0204185 0.000141795 0
 0.694673 0.275183 0.0284847 0.00165964 0
 0.469039 0.446079 0.0841089 0.000773354 0
ppred_PELACES
 0.0721068 0.685442 0.21547 0.02698 1.49964e-06
 0.220535 0.0604136 0.53291 0.165442 0.0206992
 0.107337 0.246475 0.0515565 0.440922 0.15371
 0.750596 0.0344197 0.0622007 0.0122405 0.140544
 0.917877 0.0634866 0.0026465 0.00463425 0.0113552
 0.471151 0.49519 0.026189 0.00106231 0.00640742
 0.871899 0.0705715 0.0540985 0.00267279 0.000758512
 0.844187 0.1429 0.00734305 0.00523911 0.000330674
 0.839077 0.14466 0.015039 0.000698381 0.000525927
 0.871541 0.112731 0.0142524 0.00136451 0.000110402
 0.405653 0.533695 0.0535446 0.00644297 0.000664427
 0.360044 0.295344 0.310975 0.029708 0.00392952
 0.819147 0.0816801 0.0470803 0.0470242 0.00506847
 0.695852 0.274106 0.0143441 0.00747886 0.00821898
 0.816346 0.153769 0.0273275 0.00122802 0.00132934
 0.790366 0.184754 0.0212822 0.00329238 0.0003049
 0.648948 0.293811 0.050844 0.0054758 0.000921095
 0.672315 0.229692 0.0827 0.0135893 0.00170335
 0.605427 0.283787 0.0786316 0.0271491 0.00500543
 0.889714 0.0735658 0.0267495 0.00708331 0.00288741
 0.707438 0.26451 0.0189923 0.0066061 0.00245415
 0.627964 0.270644 0.0918337 0.00647447 0.00308466
 0.776554 0.147029 0.0559251 0.0185628 0.00192926
 0.629715 0.29622 0.049186 0.0182161 0.00666209
 0.0344434 0.640809 0.261216 0.0422182 0.0213131
pobs_pel_tallas
 0 0 0 0 0 0 0 0 0 0 0 0 0 0 0 0 0 0 0 0 0 0 0 0 0 0 0 0 0 0 0 0 0 0 0 0
 0 0 0 0 0 0 0 0 0 0 0 0 0 0 0 0 0 0 0 0 0 0 0 0 0 0 0 0 0 0 0 0 0 0 0 0
 0 0 0 0 0 0 0 0 0 0 0 0 0 0 0 0 0 0 0 0 0 0 0 0 0 0 0 0 0 0 0 0 0 0 0 0
 0 0 0 0 0 0 0 0 0 0 0 0 0 0 0 0 0 0 0 0 0 0 0 0 0 0 0 0 0 0 0 0 0 0 0 0
 0 0 0 0 0 0 0 0 0 0 0 0 0 0 0 0 0 0 0 0 0 0 0 0 0 0 0 0 0 0 0 0 0 0 0 0
 0 0 0 0 0 0 0 0 0 0 0 0 0 0 0 0 0 0 0 0 0 0 0 0 0 0 0 0 0 0 0 0 0 0 0 0
 0 0 0 0 0 0 0 0 0 0 0 0 0 0 0 0 0 0 0 0 0 0 0 0 0 0 0 0 0 0 0 0 0 0 0 0
 0 0 0 0 0 0 0 0 0 0 0 0 0 0 0 0 0 0 0 0 0 0 0 0 0 0 0 0 0 0 0 0 0 0 0 0
 0 0 0 0 0 0 0 0 0 0 0 0 0 0 0 0 0 0 0 0 0 0 0 0 0 0 0 0 0 0 0 0 0 0 0 0
 0 0 0 0 0 0 0 0 0 0 0 0 0 0 0 0 0 0 0 0 0 0 0 0 0 0 0 0 0 0 0 0 0 0 0 0
 0 0 0 0 0 0 0 0 1.78061e-05 0.00172719 0.00360574 0.0105946 0.0120993 0.0124554 0.0147524 0.0171206 0.0266825 0.0428682 0.0675386 0.121331 0.153587 0.119568 0.100827 0.0573624 0.0630603 0.0341343 0.0324427 0.0444173 0.0211091 0.0280891 0.0125444 0.00206551 0 0 0 0
 0 0 0 0 0 0 0 0 0 0 0 0 0 0 0 0 0 0 0 0 0 0 0 0 0 0 0 0 0 0 0 0 0 0 0 0
 0 0 0 0 0 0 0.0133647 0.0140871 0.0187388 0.0205184 0.03894 0.0496705 0.03968 0.0493445 0.0407372 0.0367815 0.0215668 0.0243155 0.0234873 0.0199281 0.019796 0.0243948 0.0301388 0.0376714 0.0412746 0.0863199 0.0771752 0.113111 0.0741005 0.0525337 0.0229764 0.00759418 0.00175318 0 0 0
 0 0 0 0 0 0 0 0 0 0 0.00219441 0.00772107 0.0458388 0.0604681 0.0671733 0.0775358 0.0609151 0.0617685 0.073594 0.0568108 0.0755445 0.0548602 0.0670107 0.0636378 0.0643287 0.046367 0.0373049 0.0286899 0.0247887 0.0153202 0.00654259 0.00121912 0.000365735 0 0 0
 0 0 0 0 0 0 0 0 0 0 0 0 0.000112435 0.00938835 0.0111873 0.0202946 0.0414886 0.0713402 0.111592 0.104902 0.108894 0.110636 0.117776 0.105296 0.107544 0.0401394 0.0192827 0.0124803 0.00416011 0.0028671 0.000618394 0 0 0 0 0
 0 0 0 0 0 0 0 0 0 0 0.00291406 0.0102884 0.027416 0.0768956 0.0749926 0.110853 0.0956884 0.0897413 0.0766577 0.0534642 0.0500743 0.0551293 0.0594112 0.0620874 0.0668451 0.0424026 0.0208742 0.0120726 0.0048766 0.00582813 0.00118941 0.000297354 0 0 0 0
 0 0.00264628 0.0354308 0.0461629 0.0458689 0.0383711 0.0214643 0.0164657 0.0346957 0.0420465 0.0363128 0.0245516 0.0311673 0.0291091 0.0169068 0.0133784 0.00837989 0.0085269 0.0148486 0.0160247 0.0276389 0.0546898 0.0760071 0.122758 0.109233 0.0665981 0.0333725 0.0166128 0.00676272 0.00308733 0.000882094 0 0 0 0 0
 0 0 0 0 0 0 0 0.000805153 0.000690131 0.00759144 0.0133425 0.0154129 0.00931677 0.000345066 0.00356568 0.00563607 0.00851162 0.0253048 0.0502646 0.0516448 0.0657925 0.0565908 0.0611916 0.0827007 0.0866115 0.110766 0.145733 0.0935128 0.0569358 0.0249597 0.0138026 0.00621118 0.00161031 0.00115022 0 0
 0 0 0 0 0 0 0 0 0 0 0 0 0 0 0 0 0 0 0 0 0 0 0 0 0 0 0 0 0 0 0 0 0 0 0 0
 0.00147267 0.00158595 0.00478618 0.00569244 0.00954404 0.0108468 0.00647125 0.017049 0.0510054 0.094081 0.124002 0.0959785 0.0687766 0.0820023 0.061753 0.0591476 0.0492212 0.0479892 0.0443925 0.0268479 0.0217502 0.0140895 0.0121071 0.0120363 0.00920419 0.00665534 0.0049561 0.00860946 0.00930331 0.0156896 0.0114698 0.00855282 0.00243557 0.00046729 0 2.83206e-05
 0 0 0 0 0.000772559 0.00158375 0.000888443 0.00281984 0.00712685 0.0440552 0.0773331 0.111326 0.0921469 0.0852325 0.0710754 0.0886704 0.0786465 0.0553345 0.0373146 0.0185414 0.00753245 0.00457741 0.012979 0.0271748 0.0457355 0.0583668 0.034881 0.0177882 0.00938659 0.00492506 0.0015258 0.00185414 0.000309023 5.79419e-05 3.86279e-05 0
 0 0.00173294 0.00326652 0 0.00397197 0.00683976 0.00946217 0.0152591 0.00757587 0.0136028 0.0228656 0.0392903 0.0559909 0.0764795 0.0681675 0.0726916 0.0566044 0.0477403 0.0527397 0.0444891 0.0609904 0.0582453 0.0661739 0.0445044 0.0529084 0.0360697 0.0280645 0.0235558 0.0158879 0.00826598 0.00280645 0.00217768 0.000904811 0.00058276 9.20147e-05 0
 0 0 0 0 0 0 0 0 0 0 0 0 0 0 0 0 0 0 0 0 0 0 0 0 0 0 0 0 0 0 0 0 0 0 0 0
 0 0 0 0 0 0 0 0 0 0 0 0 0 0 0 0 0 0 0 0 0 0 0 0 0 0 0 0 0 0 0 0 0 0 0 0
 0 0 0 0 0 0 0 0 0 0 0 0 0 0 0 0 0 0 0 0 0 0 0 0 0 0 0 0 0 0 0 0 0 0 0 0
ppred_pel_tallas
 1.04209e-16 3.18514e-06 1.85966e-05 8.81956e-05 0.000339215 0.00105751 0.00267193 0.00547256 0.00909202 0.0122728 0.01352 0.0123175 0.00967268 0.00737226 0.00680895 0.00851132 0.0124482 0.0184438 0.026291 0.0356357 0.0458502 0.056018 0.0650468 0.0718741 0.0756988 0.0761593 0.0734028 0.068017 0.0608616 0.0528549 0.0447896 0.0372251 0.0304674 0.0246151 0.0196371 0.015445
 1.14237e-16 9.63257e-06 5.65047e-05 0.000268539 0.00103379 0.00322367 0.00814273 0.0166617 0.027621 0.0371018 0.0403943 0.035679 0.0256475 0.0151907 0.00780606 0.00422135 0.00348076 0.00446904 0.006572 0.00961 0.0135882 0.0185244 0.0243685 0.0309676 0.0380552 0.0452559 0.0521082 0.0581047 0.0627488 0.0656201 0.0664377 0.065108 0.0617459 0.0566593 0.0503038 0.0432136
 1.23145e-16 4.70226e-06 2.75471e-05 0.000130844 0.000503585 0.00157021 0.00396644 0.00811785 0.013464 0.0181055 0.0197648 0.0175828 0.0129118 0.00819519 0.00521974 0.00444033 0.00549383 0.00791654 0.0114354 0.0159085 0.0211925 0.0270727 0.0332663 0.0394676 0.0454037 0.0508725 0.0557498 0.0599604 0.0634312 0.0660488 0.0676456 0.0680211 0.0669949 0.0644668 0.0604679 0.0551785
 1.07882e-16 3.27433e-05 0.000192191 0.000913619 0.00351754 0.0109691 0.027707 0.0566912 0.0939681 0.126185 0.137284 0.121021 0.0864716 0.0501452 0.0237407 0.00945075 0.00365492 0.00212161 0.00229138 0.00311004 0.00425698 0.00564904 0.00724987 0.0090202 0.0109104 0.0128608 0.0148017 0.0166516 0.0183174 0.0196974 0.0206896 0.0212053 0.0211837 0.0206052 0.0194977 0.0179359
 1.00749e-16 4.00389e-05 0.000235019 0.00111722 0.00430145 0.0134138 0.0338819 0.0693257 0.11491 0.154308 0.16788 0.147995 0.105748 0.061329 0.0290407 0.0115581 0.00443993 0.0024862 0.00252684 0.00321579 0.00408959 0.0049682 0.00573517 0.00629433 0.00657857 0.00656386 0.00627415 0.00577333 0.00514755 0.00448372 0.0038514 0.00329294 0.00282286 0.00243438 0.00210927 0.00182712
 1.00869e-16 2.05772e-05 0.000120722 0.000573752 0.0022088 0.00688778 0.0173984 0.0356025 0.0590266 0.0793057 0.0863916 0.0764205 0.0551774 0.0331557 0.0178715 0.0109004 0.0101596 0.0131131 0.0181319 0.0243231 0.0310155 0.03748 0.0429135 0.0465663 0.0479095 0.0467636 0.0433431 0.0381959 0.0320638 0.0257097 0.0197675 0.0146535 0.0105494 0.00744359 0.00520094 0.00363423
 1.00919e-16 3.80345e-05 0.00022325 0.00106127 0.00408602 0.0127419 0.0321849 0.0658536 0.109156 0.146581 0.159478 0.140597 0.100482 0.0583154 0.0276913 0.0111596 0.00451238 0.00282152 0.00308555 0.00403173 0.00521935 0.00646873 0.0076519 0.0086522 0.00937482 0.00976307 0.0098066 0.00953727 0.00901574 0.00831409 0.00750063 0.00663125 0.00574762 0.00488007 0.00405199 0.00328297
 1.00347e-16 3.68289e-05 0.000216166 0.00102758 0.00395627 0.0123373 0.031163 0.0637631 0.105693 0.141937 0.154442 0.136196 0.0974214 0.0567097 0.027248 0.0115325 0.00551416 0.00443388 0.00537468 0.00706025 0.00898346 0.0108605 0.0124467 0.0135239 0.0139392 0.0136401 0.0126873 0.0112367 0.00949998 0.00769462 0.00600094 0.00453698 0.00335397 0.00244834 0.00178202 0.00130283
 1.0031e-16 3.66062e-05 0.000214859 0.00102136 0.00393233 0.0122626 0.0309744 0.0633773 0.105053 0.141079 0.153509 0.135375 0.096838 0.0563784 0.0271044 0.011499 0.00553925 0.0044967 0.005473 0.00719943 0.00917028 0.0111001 0.0127408 0.0138701 0.0143304 0.0140646 0.0131298 0.0116798 0.0099255 0.00808526 0.00634212 0.00481819 0.00356972 0.00259851 0.00187148 0.00134049
 1.00292e-16 3.80205e-05 0.000223165 0.00106086 0.0040844 0.0127369 0.0321723 0.065828 0.109114 0.146529 0.15943 0.140576 0.100512 0.0584242 0.0279132 0.0115421 0.00511631 0.00371379 0.00432438 0.00564687 0.00719128 0.00871292 0.0100144 0.0109216 0.0113106 0.0111353 0.0104379 0.00933552 0.00799006 0.00656949 0.00521503 0.0040214 0.00303313 0.00225325 0.0016583 0.00121334
 1.01187e-16 1.77227e-05 0.00010396 0.000494056 0.00190194 0.00593084 0.0149813 0.0306573 0.050831 0.0683044 0.0744336 0.0659052 0.047721 0.0289474 0.0160976 0.010578 0.0106447 0.0141503 0.0196975 0.0264774 0.0338173 0.0409459 0.0470001 0.0511678 0.0528689 0.0518939 0.0484534 0.0431148 0.0366558 0.0298814 0.0234656 0.0178573 0.0132626 0.00968681 0.00700721 0.00504598
 1.05715e-16 1.5725e-05 9.22517e-05 0.000438439 0.00168787 0.00526334 0.013295 0.0272052 0.0451031 0.0605945 0.0659979 0.0583554 0.04208 0.025181 0.0133923 0.00791378 0.00716355 0.00923861 0.0129654 0.017775 0.0233051 0.0291654 0.0348898 0.0399883 0.0440328 0.0467313 0.0479661 0.0477845 0.0463536 0.0439014 0.0406646 0.0368612 0.0326852 0.028315 0.0239226 0.0196748
 1.02548e-16 3.57346e-05 0.000209747 0.000997074 0.00383884 0.0119711 0.030238 0.06187 0.102553 0.137717 0.149838 0.132108 0.0944377 0.0548527 0.0261326 0.010682 0.00455771 0.003139 0.00361256 0.00478411 0.00623465 0.00778419 0.00929681 0.010646 0.0117276 0.0124773 0.0128778 0.0129531 0.0127526 0.0123317 0.0117377 0.0110038 0.0101514 0.00919821 0.00816605 0.00708539
 1.00935e-16 3.03662e-05 0.000178212 0.000847113 0.00326139 0.0101703 0.0256895 0.052565 0.0871355 0.11703 0.127378 0.112419 0.0806072 0.0473135 0.0234664 0.0111926 0.00722187 0.00767762 0.0101564 0.0135398 0.0172659 0.020888 0.0239554 0.0260535 0.0268896 0.026363 0.0245889 0.0218648 0.0185936 0.0151887 0.011992 0.00922561 0.00698435 0.00525881 0.00397486 0.00303293
 1.00543e-16 3.56154e-05 0.000209041 0.000993701 0.00382583 0.0119305 0.0301355 0.0616609 0.102209 0.13726 0.149357 0.131722 0.094243 0.0549042 0.0264645 0.0113468 0.00564435 0.00476303 0.00588583 0.00777591 0.00993201 0.0120607 0.0139004 0.0152133 0.0158276 0.0156759 0.0148093 0.0133805 0.0116032 0.00970084 0.00786234 0.00621616 0.00482519 0.00369823 0.00280963 0.00211874
 1.0049e-16 3.44838e-05 0.000202395 0.000962098 0.00370414 0.011551 0.0291769 0.0596999 0.0989592 0.132899 0.14462 0.127564 0.0913117 0.0532839 0.0258468 0.0113612 0.00605926 0.00550208 0.00696081 0.00922082 0.0117619 0.0142496 0.0163731 0.017849 0.0184753 0.0181775 0.0170261 0.0152142 0.013008 0.0106833 0.00847152 0.0065271 0.00492183 0.00365913 0.00269902 0.00198292
 1.01049e-16 2.83218e-05 0.000166208 0.00079004 0.00304163 0.00948499 0.0239585 0.0490234 0.081266 0.109151 0.118812 0.104882 0.0752556 0.0442775 0.0221567 0.0108968 0.00746868 0.00827377 0.0110773 0.014827 0.0189691 0.0230383 0.0265525 0.0290603 0.0302342 0.0299454 0.028292 0.0255661 0.0221757 0.0185473 0.0150413 0.0119024 0.00925006 0.00710033 0.00540387 0.00408294
 1.01796e-16 2.93382e-05 0.000172181 0.000818448 0.00315103 0.00982616 0.0248202 0.050786 0.0841858 0.113066 0.123057 0.10859 0.07783 0.0456193 0.022509 0.0105461 0.00656633 0.0068274 0.0090234 0.0121066 0.0155828 0.0190801 0.0222215 0.0246483 0.026088 0.0264121 0.0256593 0.024014 0.021751 0.0191658 0.0165149 0.013981 0.0116672 0.00961194 0.00781422 0.00625634
 1.02376e-16 2.64237e-05 0.000155065 0.000737068 0.00283768 0.00884897 0.022352 0.0457363 0.0758174 0.101834 0.110851 0.0978633 0.0702381 0.0413637 0.0207709 0.0103379 0.00724933 0.0081597 0.010995 0.0147816 0.0190065 0.0232328 0.027001 0.0298737 0.0315233 0.0318032 0.0307757 0.0286823 0.0258734 0.0227199 0.0195377 0.0165444 0.0138532 0.0114939 0.00944725 0.00767582
 1.00783e-16 3.88114e-05 0.000227811 0.00108295 0.0041695 0.0130023 0.0328425 0.0671991 0.111386 0.149576 0.162736 0.143468 0.102532 0.0595008 0.0282452 0.0113655 0.00456477 0.00281 0.00303294 0.00392843 0.00504021 0.00617973 0.00721427 0.00802772 0.0085326 0.00868693 0.00850138 0.00803222 0.00736383 0.00658676 0.00577903 0.00499556 0.00426677 0.00360387 0.00300701 0.00247252
 1.00698e-16 3.0871e-05 0.000181177 0.000861209 0.00331566 0.0103396 0.026117 0.0534396 0.088585 0.118976 0.129493 0.114277 0.0819224 0.048051 0.0237681 0.0112301 0.00710624 0.00745167 0.00982314 0.01309 0.0166938 0.0201992 0.0231697 0.0252031 0.0260148 0.0255048 0.0237817 0.0211305 0.0179396 0.0146086 0.0114704 0.00874377 0.00652553 0.00481221 0.00353707 0.00260727
 1.01759e-16 2.7406e-05 0.000160833 0.000764491 0.00294327 0.00917825 0.0231837 0.0474379 0.0786375 0.10562 0.114967 0.101483 0.0728066 0.0428172 0.0213914 0.0104666 0.00711229 0.00785092 0.0105303 0.0141492 0.0181951 0.0222442 0.0258537 0.0286015 0.0301688 0.0304093 0.0293765 0.0272976 0.0245075 0.021365 0.0181815 0.0151778 0.0124768 0.0101213 0.00810341 0.00639291
 1.0157e-16 3.38801e-05 0.000198854 0.00094527 0.00363936 0.011349 0.0286667 0.0586556 0.0972272 0.130571 0.142079 0.125307 0.0896603 0.0522491 0.0252134 0.0108623 0.00548601 0.00472206 0.00590039 0.00785483 0.0101185 0.0124199 0.0145132 0.0161685 0.0172101 0.0175519 0.0172127 0.0163017 0.0149847 0.01344 0.0118224 0.0102415 0.00875946 0.00740117 0.00617027 0.00506296
 1.01732e-16 2.74833e-05 0.000161285 0.000766634 0.00295151 0.00920395 0.0232486 0.047571 0.0788587 0.105919 0.115297 0.101786 0.0730489 0.0430095 0.0215787 0.0107065 0.00745974 0.00835166 0.0112164 0.0150311 0.019252 0.0234163 0.0270416 0.0296758 0.0309896 0.0308518 0.0293569 0.0267916 0.0235563 0.020068 0.0166764 0.0136155 0.0109958 0.00882833 0.0070633 0.00562765
 1.06364e-16 1.54108e-06 8.94854e-06 4.23363e-05 0.000162661 0.000506937 0.00128119 0.00262669 0.00437384 0.00593391 0.00661542 0.0062116 0.00526804 0.00473415 0.00540453 0.00768649 0.011723 0.0175528 0.025115 0.0341475 0.0440997 0.0541359 0.0632449 0.0704296 0.0749198 0.0763366 0.0747589 0.0706643 0.06478 0.0578938 0.0506926 0.0436694 0.0371094 0.0311324 0.0257601 0.0209758
pSPR Fmed_Fpbrs
0.514783   0.413457 0.413457
Fs Fmed_Fpbrs
0.646129   1.005 1.005
SSBpbr Bo_Bmed_Bpbrs
948469  440832  344728 344728
Ro
20333
SPR SPRFo_SPRFmed_SPRFpbrs
417595 214971 172657
log_Ro
9.74
likeval ReclasPelacesDesembMPH_pf_preclas_ppelaces_ptallas_desvR_qrecl_qpela
 95.1111 95.9314 0.112474 0.000181221 368.534 196.791 84.0105 0 52.5732 4.00569e-06 0 0 0 0 0
q_reclas_q_pelaces
0.75306 1
M
0.7
N
 5714.24 58688.9 19180 2408.8 0.133911
 9061.92 2791.47 26118.3 8145.23 1019.34
 1172.01 4389.53 1173.92 10230.9 3570.26
 8669.88 524.697 1089.97 216.805 2490.76
 54358.5 4059.55 175.873 308.881 756.964
 15279.8 26558.5 1808.33 74.7896 451.574
 55191.3 6820.62 6466.77 324.758 92.2443
 71187.7 25056.8 1859.71 1364.88 86.2777
 89657.9 30271.9 4410.8 210.211 158.524
 211748 38613.3 5800.91 562.78 45.5669
 51548.7 97771.2 11787.4 1438.53 148.46
 21515.1 23689.5 28917.3 2794.08 369.804
 56221.3 10038.1 7752.5 7919.33 854.614
 22007.2 24677 2183.88 1185.56 1305.73
 14599.2 8755.9 2783.86 130.817 141.952
 14617.4 5672.26 842.814 132.96 12.3261
 9730.06 6519.7 1373.75 150.206 25.287
 9678.03 4446.7 1857.91 308.804 38.7307
 7160.39 4513.55 1451.23 506.825 93.5002
 27486.2 3339.44 1473.18 395.936 161.527
 29721.4 12580.5 961.372 336 124.855
 28922.4 14376.3 5240.43 371.501 177.048
 60828.2 13934.9 5832.8 1950.33 202.781
 51327.2 29011 5282.52 1970.3 720.864
 1067.83 24515.8 11106.7 1809.7 913.997
pred_Ctot
 66.8825 4409.82 2015.61 258.56 0.0143903
 160.238 310.395 4021.23 1279.94 160.353
 83.4868 1641.57 560.466 4955.63 1730.67
 357.165 125.436 347.477 70.3446 808.908
 630.776 302.515 18.3331 32.888 80.6884
 1117.81 10136 878.766 36.8661 222.763
 3421.61 2288.69 2806.12 143.104 40.6804
 7421.4 12326.2 1119.86 831.394 52.5865
 8628.9 14103.2 2539.75 122.521 92.4553
 10732.6 11000.3 2172.42 214.279 17.3649
 2776.86 29288.8 4620.1 573.054 59.1917
 938.884 5949.73 9648.9 948.613 125.667
 4728.24 4249.71 4118.94 4263.6 460.428
 3186.76 14869.8 1542.54 844.655 930.688
 2317.02 5546.67 2040.81 96.6525 104.922
 1077.03 2176.6 411.507 65.8469 6.10896
 560.403 2062.37 565.508 62.8187 10.5843
 425.029 1122.89 623.04 105.363 13.227
 314.397 1139.57 486.583 172.9 31.9264
 1555.08 1041.21 598.619 163.47 66.746
 555.314 1473 155.6 55.4976 20.6448
 620.308 1913.93 960.009 69.4284 33.123
 1735.22 2408.33 1371.28 467.361 48.642
 1411.63 4850.88 1203.51 457.602 167.592
 33.5483 4620.53 2834.41 470.575 237.902
F
 0.0163934 0.109616 0.156436 0.160034 0.160228
 0.0248588 0.16622 0.237219 0.242674 0.242968
 0.103651 0.693071 0.989104 1.01185 1.01308
 0.0587834 0.39306 0.560948 0.573849 0.574544
 0.0162516 0.108667 0.155083 0.158649 0.158842
 0.106583 0.712674 1.01708 1.04047 1.04173
 0.0896618 0.599531 0.855609 0.875286 0.876347
 0.1551 1.03709 1.48006 1.5141 1.51593
 0.142405 0.952206 1.35892 1.39017 1.39186
 0.0727677 0.486567 0.694396 0.710365 0.711226
 0.0774969 0.518189 0.739524 0.756531 0.757448
 0.0623658 0.417014 0.595134 0.608821 0.609559
 0.123425 0.82529 1.1778 1.20488 1.20634
 0.221643 1.48203 2.11505 2.1637 2.16632
 0.245377 1.64074 2.34155 2.3954 2.3983
 0.107385 0.718041 1.02474 1.04831 1.04958
 0.0830584 0.555377 0.792596 0.810824 0.811807
 0.0627752 0.419751 0.59904 0.612817 0.61356
 0.0627618 0.419662 0.598913 0.612687 0.613429
 0.0815358 0.545196 0.778066 0.79596 0.796924
 0.0262831 0.175744 0.25081 0.256578 0.256889
 0.0302226 0.202086 0.288404 0.295036 0.295394
 0.040378 0.269991 0.385313 0.394174 0.394652
 0.0389034 0.260131 0.371241 0.379778 0.380239
 0.0445512 0.297895 0.425136 0.434913 0.43544
nmprior
 10.6 11 7 0
nm_flota  nm_reclas  nm_pelaces    nm_pelaL
inf 26.6218 20.4442 50.5524
cv_recla  cv_pelaces  cv_mph
0.882146 1.11059 0.43676
 ------------------------------------------------
Talla a la edad & desviación 
 7.2 14.2025 17.0495 18.207 18.6776
 1.08 2.13037 2.55742 2.73105 2.80164
