years
 1997 1998 1999 2000 2001 2002 2003 2004 2005 2006 2007 2008 2009 2010 2011 2012 2013 2014 2015 2016 2017 2018 2019 2020 2021
reclasobs
 0 0 0 370054 412103 1.49427e+06 250295 1.28982e+06 931140 785840 897777 1.04006e+06 184774 17550 25797 100020 73551 82996 120727 218422 84188 347160 605670 569463 516374
reclaspred
 2.43366e+06 418831 1.01553e+06 528685 535053 611765 1.16396e+06 934487 1.17302e+06 1.19359e+06 1.07123e+06 728591 430797 208921 147937 147598 173671 243081 265046 353661 550026 541341 894431 1.07126e+06 1.32566e+06
pelacesobs
 0 0 0 0 0 0 0 0 0 2.06254e+06 1.5e+06 0 1.87456e+06 323000 250000 174000 83755 137374 0 501740 490994 745055 786931 1.00524e+06 1.33801e+06
pelacespred
 1.3562e+06 499004 367866 388194 332439 294396 590053 605230 671010 712758 553349 389102 226111 89081.5 63626.5 72330 89210.7 125262 144347 185081 314875 324555 406430 579325 720664
mphobs
 0 0 0 0 0 112323 0 153150 637223 0 255016 313432 73983 77613 109348 50772 0 0 0 0 0 0 0 0 0
mphpred
 1.81235e+06 869659 621007 606306 447897 555295 724223 916824 976962 1.07125e+06 1.0895e+06 766476 474905 260613 134606 122991 137147 186705 230624 262773 405092 509692 618062 847604 1.11325e+06
desembarqueobs
 350755 77701 442110 56441 14545 235359 269955 359681 431902 328805 639364 411747 362871 311530 167758 66681 60226 58785 57116 73181 50977 67692 138656 160484 209506
desembarquepred
 350799 77725.9 442513 56482.1 14550.4 235484 269939 360008 432260 328787 639463 411930 363189 311864 167512 66632.1 60260.6 58776.7 57060.9 73167.4 50988.8 67673.7 138573 160385 209476
Reclutas
 51992.7 47349.6 27315.7 29081.6 52540.4 41284.5 76142 107858 118176 126304 71315.7 43655.5 48077.7 31380.6 20690.7 17580.3 15294.1 16669 18316.9 33169.1 46216.6 51183.7 82118.1 99254.7 56235.9
log_desv_Rt
 0.158858 0.0653144 -0.484784 -0.42214 0.169338 -0.0717565 0.540356 0.888573 0.979928 1.04645 0.474872 -0.0159145 0.0805731 -0.346056 -0.762562 -0.925468 -1.06478 -0.978691 -0.884423 -0.290627 0.0410949 0.143176 0.615914 0.805444 0.237311
SSB
 1.81235e+06 869659 621007 606306 447897 555295 724223 916824 976962 1.07125e+06 1.0895e+06 766476 474905 260613 134606 122991 137147 186705 230624 262773 405092 509692 618062 847604 1.11325e+06
BT
 3.49103e+06 1.07512e+06 1.09223e+06 838637 745302 766043 1.73815e+06 1.82593e+06 2.03676e+06 1.94031e+06 1.75839e+06 1.19778e+06 866820 490496 300034 217362 257219 331033 350948 487736 789055 714697 957757 1.40139e+06 1.68146e+06
Ftot
 0.140085 0.17991 0.414929 0.104063 0.026611 0.367981 0.224441 0.369593 0.353671 0.265818 0.561754 0.533113 0.778978 1.30027 1.02588 0.430389 0.333339 0.233755 0.208373 0.200498 0.0904113 0.121656 0.150511 0.145525 0.15345
BD_Bspro_t
 0.978965 0.863707 0.758046 0.589405 0.648428 0.748853 0.665754 0.687328 0.659436 0.628724 0.603777 0.444989 0.338869 0.246394 0.157756 0.169908 0.243039 0.381116 0.493224 0.587347 0.706959 0.798588 0.803772 0.803561 0.803878
BD_Bspro
 1.98947 0.95465 0.681697 0.66556 0.491669 0.609564 0.795002 1.00642 1.07244 1.17594 1.19597 0.841383 0.521318 0.286082 0.147761 0.135011 0.15055 0.204952 0.253162 0.288454 0.444682 0.559504 0.678465 0.93044 1.22204
BD_Bo
 1.65164 0.792539 0.565937 0.55254 0.408178 0.506053 0.660001 0.835522 0.890327 0.976252 0.992884 0.698507 0.432792 0.237502 0.122669 0.112084 0.124985 0.170148 0.210173 0.239471 0.36917 0.464494 0.563254 0.77244 1.01453
BD_Brms
 8.03318 3.85473 2.75259 2.68743 1.98528 2.46132 3.21009 4.06378 4.33034 4.74826 4.82916 3.39737 2.105 1.15516 0.596635 0.545153 0.607896 0.827562 1.02223 1.16473 1.79556 2.25919 2.73953 3.75697 4.93442
S_f
 0.5 1 1 1 1
 0.5 1 1 1 1
 0.5 1 1 1 1
 0.5 1 1 1 1
 0.5 1 1 1 1
 0.5 1 1 1 1
 0.5 1 1 1 1
 0.5 1 1 1 1
 0.5 1 1 1 1
 0.5 1 1 1 1
 0.5 1 1 1 1
 0.5 1 1 1 1
 0.5 1 1 1 1
 0.5 1 1 1 1
 0.5 1 1 1 1
 0.5 1 1 1 1
 0.5 1 1 1 1
 0.5 1 1 1 1
 0.5 1 1 1 1
 0.5 1 1 1 1
 0.5 1 1 1 1
 0.5 1 1 1 1
 0.5 1 1 1 1
 0.5 1 1 1 1
 0.5 1 1 1 1
Scru_reclas
 0.5 1 1 1 1
 0.5 1 1 1 1
 0.5 1 1 1 1
 0.5 1 1 1 1
 0.5 1 1 1 1
 0.5 1 1 1 1
 0.5 1 1 1 1
 0.5 1 1 1 1
 0.5 1 1 1 1
 0.5 1 1 1 1
 0.5 1 1 1 1
 0.5 1 1 1 1
 0.5 1 1 1 1
 0.5 1 1 1 1
 0.5 1 1 1 1
 0.5 1 1 1 1
 0.5 1 1 1 1
 0.5 1 1 1 1
 0.5 1 1 1 1
 0.5 1 1 1 1
 0.5 1 1 1 1
 0.5 1 1 1 1
 0.5 1 1 1 1
 0.5 1 1 1 1
 0.5 1 1 1 1
Scru_pelaces
 0.5 1 1 1 1
 0.5 1 1 1 1
 0.5 1 1 1 1
 0.5 1 1 1 1
 0.5 1 1 1 1
 0.5 1 1 1 1
 0.5 1 1 1 1
 0.5 1 1 1 1
 0.5 1 1 1 1
 0.5 1 1 1 1
 0.5 1 1 1 1
 0.5 1 1 1 1
 0.5 1 1 1 1
 0.5 1 1 1 1
 0.5 1 1 1 1
 0.5 1 1 1 1
 0.5 1 1 1 1
 0.5 1 1 1 1
 0.5 1 1 1 1
 0.5 1 1 1 1
 0.5 1 1 1 1
 0.5 1 1 1 1
 0.5 1 1 1 1
 0.5 1 1 1 1
 0.5 1 1 1 1
pf_obs 
 0.256992 0.487395 0.22802 0.0275931 0
 0.321318 0.546541 0.124235 0.00734118 0.000564706
 0.182869 0.594174 0.210203 0.0122559 0.00049798
 0.330522 0.361315 0.267642 0.0388342 0.00168674
 0.649043 0.306663 0.0425973 0.00169635 0
 0.582887 0.30429 0.105238 0.00758474 0
 0.465427 0.430635 0.0974691 0.00646863 0
 0.296916 0.608066 0.0921331 0.00288517 0
 0.311714 0.524322 0.152257 0.0117073 0
 0.15457 0.633149 0.183074 0.0267441 0.00246327
 0.131901 0.49318 0.331252 0.0422183 0.00144891
 0.196976 0.569456 0.194076 0.0375587 0.00193317
 0.518974 0.381816 0.0799577 0.0180837 0.00116848
 0.0928022 0.601141 0.25162 0.0475244 0.00691264
 0.122501 0.610282 0.24278 0.0234846 0.000952079
 0.383417 0.481906 0.127806 0.00687128 0
 0.0376549 0.599619 0.316969 0.0457579 0
 0.0361596 0.667082 0.258105 0.0386534 0
 0.158088 0.579412 0.248529 0.0139706 0
 0.0477256 0.309471 0.559284 0.082774 0.000745712
 0.0406174 0.521527 0.379366 0.0568643 0.0016247
 0.151134 0.462217 0.34131 0.0453401 0
 0.294876 0.26143 0.354403 0.0886775 0.000613685
 0.281977 0.475581 0.204845 0.0348837 0.00271318
 0.0354234 0.537034 0.353287 0.0723622 0.0018943
pf_pred 
 0.338439 0.333039 0.165382 0.0821265 0.0810124
 0.345198 0.337639 0.159665 0.0792871 0.0782115
 0.267137 0.385487 0.17912 0.0847031 0.083554
 0.378522 0.280518 0.179346 0.0833344 0.0782808
 0.517494 0.26848 0.0966054 0.0617636 0.0556575
 0.371922 0.429385 0.110558 0.0397814 0.0483532
 0.571105 0.243844 0.12651 0.0325739 0.0259672
 0.560493 0.325038 0.0650801 0.0337647 0.0156242
 0.513915 0.359474 0.0936353 0.018748 0.0142277
 0.487838 0.358938 0.113314 0.0295158 0.0103946
 0.328843 0.451539 0.153914 0.0485895 0.0171138
 0.328143 0.360386 0.209551 0.0714287 0.0304917
 0.473921 0.280607 0.131671 0.076562 0.0372379
 0.461183 0.374528 0.0876308 0.0411196 0.0355385
 0.527271 0.340824 0.0916864 0.0214525 0.0187663
 0.540892 0.346112 0.081467 0.0219158 0.00961349
 0.458875 0.393746 0.111106 0.0261517 0.0101212
 0.470234 0.345019 0.13443 0.0379329 0.0123841
 0.459967 0.353686 0.121361 0.0472863 0.0176992
 0.576311 0.272792 0.0988275 0.033911 0.0181584
 0.540053 0.341417 0.0763153 0.0276477 0.0145668
 0.458437 0.382695 0.117927 0.0263596 0.014581
 0.530334 0.299018 0.120589 0.0371592 0.0129006
 0.487373 0.359913 0.0972264 0.0392098 0.0162771
 0.29653 0.467527 0.165655 0.0447498 0.0255386
pobs_RECLAS
 0 0 0 0 0
 0 0 0 0 0
 0 0 0 0 0
 0 0 0 0 0
 0.835266 0.146461 0.0176864 0.000547809 3.91292e-05
 0.385257 0.428462 0.181853 0.0044286 0
 0.867414 0.0963971 0.0333333 0.00285562 0
 0.441836 0.489002 0.0689373 0.000224442 0
 0.779404 0.147425 0.0564933 0.0165055 0.000172143
 0.814271 0.122319 0.05973 0.00367925 0
 0.40263 0.566651 0.0304383 0.000280538 0
 0.475488 0.404961 0.113038 0.00651328 0
 0.955842 0.0263864 0.0167828 0.000988607 0
 0.975058 0.0227948 0.00214734 0 0
 0.738997 0.206755 0.0527124 0.00153531 0
 0.850938 0.134255 0.0134407 0.00136685 0
 0.542534 0.407297 0.0501686 0 0
 0.764087 0.199537 0.0359546 0.000420521 0
 0.470689 0.182191 0.310203 0.0369168 0
 0.84361 0.089868 0.0606195 0.00523954 0.000663233
 0.607945 0.314616 0.071237 0.00620181 0
 0.523733 0.453247 0.0230204 0 0
 0.530135 0.295979 0.169645 0.0042399 0
 0.562478 0.366248 0.0663022 0.0049721 0
 0.250443 0.683176 0.0655157 0.000865301 0
ppred_RECLAS
 0.339481 0.332515 0.165122 0.0819972 0.0808848
 0.346598 0.336917 0.159323 0.0791176 0.0780443
 0.270515 0.38371 0.178294 0.0843126 0.0831688
 0.379308 0.280163 0.179119 0.083229 0.0781817
 0.517692 0.26837 0.0965659 0.0617383 0.0556347
 0.375369 0.427029 0.109951 0.0395631 0.0480878
 0.573068 0.242727 0.125931 0.0324248 0.0258484
 0.564139 0.322342 0.0645402 0.0334846 0.0154946
 0.517413 0.356887 0.0929615 0.018613 0.0141253
 0.490294 0.357216 0.11277 0.0293743 0.0103448
 0.334541 0.447706 0.152608 0.048177 0.0169685
 0.333444 0.357542 0.207897 0.0708651 0.0302511
 0.484042 0.275209 0.129138 0.075089 0.0365215
 0.482774 0.35952 0.0841194 0.0394719 0.0341145
 0.542346 0.329955 0.0887625 0.0207684 0.0181679
 0.545365 0.34274 0.0806733 0.0217022 0.00951983
 0.462105 0.391396 0.110442 0.0259957 0.0100608
 0.472331 0.343653 0.133898 0.0377828 0.0123351
 0.461792 0.35249 0.120951 0.0471265 0.0176394
 0.578025 0.271689 0.0984279 0.0337739 0.018085
 0.540764 0.340889 0.0761973 0.0276049 0.0145442
 0.459423 0.381999 0.117712 0.0263116 0.0145545
 0.53159 0.298218 0.120267 0.0370598 0.0128661
 0.488586 0.359062 0.0969964 0.0391171 0.0162386
 0.297606 0.466811 0.165402 0.0446813 0.0254995
pobs_PELACES
 0 0 0 0 0
 0 0 0 0 0
 0 0 0 0 0
 0 0 0 0 0
 0 0 0 0 0
 0 0 0 0 0
 0 0 0 0 0
 0 0 0 0 0
 0 0 0 0 0
 0 0 0 0 0
 0.450072 0.473896 0.0757376 0.000293798 0
 0 0 0 0 0
 0.463077 0.371075 0.160297 0.00555027 0
 0.529543 0.364841 0.0842815 0.0213345 0
 0.631943 0.363953 0.00410389 0 0
 0.735681 0.248677 0.0153453 0.000297389 0
 0.695825 0.281241 0.0229344 0 0
 0.275771 0.60734 0.115278 0.00161068 0
 0 0 0 0 0
 0.896147 0.0623911 0.0374545 0.00400742 0
 0.803859 0.145111 0.0509908 3.86294e-05 0
 0.739449 0.233085 0.0266225 0.000797448 4.60066e-05
 0.878498 0.100942 0.0204185 0.000141795 0
 0.694673 0.275183 0.0284847 0.00165964 0
 0.469039 0.446079 0.0841089 0.000773354 0
ppred_PELACES
 0.344683 0.329896 0.163822 0.0813514 0.0802478
 0.353351 0.333435 0.157677 0.0782999 0.0772377
 0.284236 0.376493 0.17494 0.0827268 0.0816045
 0.383358 0.278334 0.17795 0.0826859 0.0776715
 0.518788 0.26776 0.0963464 0.061598 0.0555083
 0.38971 0.417225 0.107427 0.0386548 0.0469838
 0.582103 0.237591 0.123266 0.0317386 0.0253014
 0.579071 0.311299 0.0623292 0.0323375 0.0149638
 0.531966 0.346125 0.0901582 0.0180518 0.0136994
 0.501258 0.349533 0.110345 0.0287424 0.0101223
 0.355482 0.433617 0.147805 0.046661 0.0164345
 0.353273 0.346906 0.201713 0.0687571 0.0293512
 0.516164 0.258075 0.121099 0.0704142 0.0342478
 0.536339 0.322287 0.0754078 0.0353841 0.0305815
 0.583962 0.299951 0.080691 0.0188798 0.0165158
 0.562908 0.329514 0.0775603 0.0208648 0.00915247
 0.475801 0.38143 0.10763 0.0253338 0.00980463
 0.481953 0.337386 0.131457 0.0370938 0.0121101
 0.470348 0.346887 0.119029 0.0463774 0.017359
 0.586072 0.266507 0.0965508 0.0331298 0.0177401
 0.544467 0.338141 0.075583 0.0273824 0.014427
 0.464412 0.378473 0.116626 0.0260688 0.0144202
 0.537768 0.294284 0.11868 0.036571 0.0126963
 0.494587 0.354849 0.0958582 0.0386581 0.016048
 0.302926 0.463276 0.164149 0.0443429 0.0253064
pobs_pel_tallas
 0 0 0 0 0 0 0 0 0 0 0 0 0 0 0 0 0 0 0 0 0 0 0 0 0 0 0 0 0 0 0 0 0 0 0 0
 0 0 0 0 0 0 0 0 0 0 0 0 0 0 0 0 0 0 0 0 0 0 0 0 0 0 0 0 0 0 0 0 0 0 0 0
 0 0 0 0 0 0 0 0 0 0 0 0 0 0 0 0 0 0 0 0 0 0 0 0 0 0 0 0 0 0 0 0 0 0 0 0
 0 0 0 0 0 0 0 0 0 0 0 0 0 0 0 0 0 0 0 0 0 0 0 0 0 0 0 0 0 0 0 0 0 0 0 0
 0 0 0 0 0 0 0 0 0 0 0 0 0 0 0 0 0 0 0 0 0 0 0 0 0 0 0 0 0 0 0 0 0 0 0 0
 0 0 0 0 0 0 0 0 0 0 0 0 0 0 0 0 0 0 0 0 0 0 0 0 0 0 0 0 0 0 0 0 0 0 0 0
 0 0 0 0 0 0 0 0 0 0 0 0 0 0 0 0 0 0 0 0 0 0 0 0 0 0 0 0 0 0 0 0 0 0 0 0
 0 0 0 0 0 0 0 0 0 0 0 0 0 0 0 0 0 0 0 0 0 0 0 0 0 0 0 0 0 0 0 0 0 0 0 0
 0 0 0 0 0 0 0 0 0 0 0 0 0 0 0 0 0 0 0 0 0 0 0 0 0 0 0 0 0 0 0 0 0 0 0 0
 0 0 0 0 0 0 0 0 0 0 0 0 0 0 0 0 0 0 0 0 0 0 0 0 0 0 0 0 0 0 0 0 0 0 0 0
 0 0 0 0 0 0 0 0 1.78061e-05 0.00172719 0.00360574 0.0105946 0.0120993 0.0124554 0.0147524 0.0171206 0.0266825 0.0428682 0.0675386 0.121331 0.153587 0.119568 0.100827 0.0573624 0.0630603 0.0341343 0.0324427 0.0444173 0.0211091 0.0280891 0.0125444 0.00206551 0 0 0 0
 0 0 0 0 0 0 0 0 0 0 0 0 0 0 0 0 0 0 0 0 0 0 0 0 0 0 0 0 0 0 0 0 0 0 0 0
 0 0 0 0 0 0 0.0133647 0.0140871 0.0187388 0.0205184 0.03894 0.0496705 0.03968 0.0493445 0.0407372 0.0367815 0.0215668 0.0243155 0.0234873 0.0199281 0.019796 0.0243948 0.0301388 0.0376714 0.0412746 0.0863199 0.0771752 0.113111 0.0741005 0.0525337 0.0229764 0.00759418 0.00175318 0 0 0
 0 0 0 0 0 0 0 0 0 0 0.00219441 0.00772107 0.0458388 0.0604681 0.0671733 0.0775358 0.0609151 0.0617685 0.073594 0.0568108 0.0755445 0.0548602 0.0670107 0.0636378 0.0643287 0.046367 0.0373049 0.0286899 0.0247887 0.0153202 0.00654259 0.00121912 0.000365735 0 0 0
 0 0 0 0 0 0 0 0 0 0 0 0 0.000112435 0.00938835 0.0111873 0.0202946 0.0414886 0.0713402 0.111592 0.104902 0.108894 0.110636 0.117776 0.105296 0.107544 0.0401394 0.0192827 0.0124803 0.00416011 0.0028671 0.000618394 0 0 0 0 0
 0 0 0 0 0 0 0 0 0 0 0.00291406 0.0102884 0.027416 0.0768956 0.0749926 0.110853 0.0956884 0.0897413 0.0766577 0.0534642 0.0500743 0.0551293 0.0594112 0.0620874 0.0668451 0.0424026 0.0208742 0.0120726 0.0048766 0.00582813 0.00118941 0.000297354 0 0 0 0
 0 0.00264628 0.0354308 0.0461629 0.0458689 0.0383711 0.0214643 0.0164657 0.0346957 0.0420465 0.0363128 0.0245516 0.0311673 0.0291091 0.0169068 0.0133784 0.00837989 0.0085269 0.0148486 0.0160247 0.0276389 0.0546898 0.0760071 0.122758 0.109233 0.0665981 0.0333725 0.0166128 0.00676272 0.00308733 0.000882094 0 0 0 0 0
 0 0 0 0 0 0 0 0.000805153 0.000690131 0.00759144 0.0133425 0.0154129 0.00931677 0.000345066 0.00356568 0.00563607 0.00851162 0.0253048 0.0502646 0.0516448 0.0657925 0.0565908 0.0611916 0.0827007 0.0866115 0.110766 0.145733 0.0935128 0.0569358 0.0249597 0.0138026 0.00621118 0.00161031 0.00115022 0 0
 0 0 0 0 0 0 0 0 0 0 0 0 0 0 0 0 0 0 0 0 0 0 0 0 0 0 0 0 0 0 0 0 0 0 0 0
 0.00147267 0.00158595 0.00478618 0.00569244 0.00954404 0.0108468 0.00647125 0.017049 0.0510054 0.094081 0.124002 0.0959785 0.0687766 0.0820023 0.061753 0.0591476 0.0492212 0.0479892 0.0443925 0.0268479 0.0217502 0.0140895 0.0121071 0.0120363 0.00920419 0.00665534 0.0049561 0.00860946 0.00930331 0.0156896 0.0114698 0.00855282 0.00243557 0.00046729 0 2.83206e-05
 0 0 0 0 0.000772559 0.00158375 0.000888443 0.00281984 0.00712685 0.0440552 0.0773331 0.111326 0.0921469 0.0852325 0.0710754 0.0886704 0.0786465 0.0553345 0.0373146 0.0185414 0.00753245 0.00457741 0.012979 0.0271748 0.0457355 0.0583668 0.034881 0.0177882 0.00938659 0.00492506 0.0015258 0.00185414 0.000309023 5.79419e-05 3.86279e-05 0
 0 0.00173294 0.00326652 0 0.00397197 0.00683976 0.00946217 0.0152591 0.00757587 0.0136028 0.0228656 0.0392903 0.0559909 0.0764795 0.0681675 0.0726916 0.0566044 0.0477403 0.0527397 0.0444891 0.0609904 0.0582453 0.0661739 0.0445044 0.0529084 0.0360697 0.0280645 0.0235558 0.0158879 0.00826598 0.00280645 0.00217768 0.000904811 0.00058276 9.20147e-05 0
 0 0 0 0 0 0 0 0 0 0 0 0 0 0 0 0 0 0 0 0 0 0 0 0 0 0 0 0 0 0 0 0 0 0 0 0
 0 0 0 0 0 0 0 0 0 0 0 0 0 0 0 0 0 0 0 0 0 0 0 0 0 0 0 0 0 0 0 0 0 0 0 0
 0 0 0 0 0 0 0 0 0 0 0 0 0 0 0 0 0 0 0 0 0 0 0 0 0 0 0 0 0 0 0 0 0 0 0 0
ppred_pel_tallas
 1.08978e-16 1.50559e-05 8.83223e-05 0.000419754 0.00161593 0.00503897 0.0127283 0.026046 0.0431823 0.0580174 0.0632 0.0559028 0.0403577 0.0242421 0.013058 0.00796733 0.00746621 0.0097348 0.0136374 0.0185988 0.024224 0.0300813 0.0356703 0.0404901 0.0441371 0.0463835 0.0472084 0.0467684 0.045328 0.0431733 0.0405438 0.0375995 0.034428 0.031074 0.0275769 0.0239964
 1.08647e-16 1.5434e-05 9.05418e-05 0.000430305 0.00165655 0.00516565 0.0130483 0.0267007 0.0442676 0.059475 0.0647862 0.0573021 0.0413598 0.0248275 0.013343 0.00809375 0.00753364 0.00979278 0.0137031 0.0186729 0.0242973 0.0301364 0.0356825 0.0404296 0.0439725 0.0460869 0.0467599 0.046161 0.0445695 0.0422859 0.0395616 0.0365643 0.033384 0.0300629 0.0266337 0.0231473
 1.09262e-16 1.24221e-05 7.28548e-05 0.00034621 0.00133275 0.00415588 0.0104978 0.0214824 0.0356196 0.0478665 0.0521686 0.0462076 0.0334945 0.020392 0.0114799 0.00776742 0.00806624 0.0109157 0.015391 0.0209864 0.0272925 0.0338218 0.0400009 0.0452575 0.0491353 0.051384 0.0519951 0.0511683 0.049229 0.0465275 0.0433578 0.0399175 0.036313 0.032593 0.0287917 0.0249595
 1.09088e-16 1.67403e-05 9.82158e-05 0.000466799 0.00179708 0.0056039 0.0141552 0.0289651 0.0480193 0.0645081 0.0702492 0.0620874 0.0447123 0.0266374 0.013948 0.00789672 0.00677174 0.00852152 0.0118805 0.0162443 0.0212527 0.0265432 0.0316976 0.0362901 0.0399658 0.042505 0.0438509 0.0440882 0.0433896 0.0419506 0.039938 0.0374687 0.0346173 0.0314412 0.0280083 0.0244134
 1.06166e-16 2.26451e-05 0.000132883 0.000631616 0.00243167 0.00758285 0.0191538 0.0391926 0.0649708 0.0872686 0.0950038 0.0838914 0.0602515 0.0355661 0.0180164 0.0092302 0.00681648 0.00793051 0.0108142 0.0146454 0.0189862 0.0234524 0.0276294 0.0311134 0.0335902 0.0348985 0.0350542 0.0342237 0.0326621 0.0306375 0.0283702 0.0260018 0.023599 0.0211793 0.018744 0.0163049
 1.05185e-16 1.70228e-05 9.98617e-05 0.000474596 0.00182705 0.00569734 0.0143914 0.0294494 0.0488257 0.0656023 0.0714691 0.0632333 0.0456844 0.0275097 0.0149375 0.00928758 0.0088589 0.0115808 0.0161367 0.0218199 0.0281038 0.0344056 0.0400671 0.0444544 0.0470919 0.0477671 0.0465693 0.0438451 0.0400938 0.0358382 0.0315152 0.0274155 0.0236782 0.0203265 0.0173206 0.0146052
 1.04101e-16 2.54049e-05 0.000149088 0.00070866 0.00272832 0.00850795 0.0214905 0.0439733 0.0728941 0.0979053 0.106568 0.0940661 0.0674789 0.0396711 0.0197976 0.00965503 0.00653073 0.00720991 0.00971345 0.0131372 0.0170375 0.0210564 0.0248153 0.0279436 0.0301464 0.0312634 0.0312927 0.0303714 0.0287243 0.0265996 0.0242146 0.0217272 0.0192341 0.0167876 0.0144188 0.0121564
 1.02797e-16 2.52755e-05 0.000148322 0.000705004 0.00271422 0.00846396 0.0213795 0.0437467 0.0725204 0.0974094 0.106044 0.0936413 0.0672559 0.039704 0.020116 0.0103049 0.00759428 0.00879457 0.011921 0.0160241 0.020576 0.0251052 0.029111 0.0321194 0.0337808 0.033948 0.032705 0.0303328 0.0272288 0.0238072 0.0204146 0.0172816 0.0145172 0.0121349 0.0100929 0.0083318
 1.02653e-16 2.3223e-05 0.000136269 0.000647693 0.00249354 0.00777578 0.0196413 0.0401905 0.066627 0.089499 0.0974474 0.0860858 0.0619072 0.036703 0.0188854 0.0101485 0.00806255 0.0097189 0.0132988 0.017909 0.0230122 0.0280946 0.0325984 0.0359912 0.0378764 0.0380812 0.0366897 0.0340072 0.0304724 0.0265482 0.0226278 0.0189811 0.0157458 0.0129537 0.0105727 0.00854651
 1.03141e-16 2.18842e-05 0.000128408 0.000610323 0.00234966 0.00732708 0.0185079 0.0378715 0.0627835 0.0843385 0.091835 0.0811431 0.058386 0.0346827 0.0179703 0.00985871 0.00807244 0.00988331 0.0135844 0.0183312 0.0236032 0.0288899 0.0336303 0.0372844 0.0394441 0.0399212 0.0387825 0.0363145 0.0329382 0.0291022 0.0251904 0.0214705 0.0180858 0.015081 0.0124421 0.0101338
 1.04611e-16 1.55312e-05 9.11025e-05 0.000432949 0.00166669 0.00519726 0.0131283 0.0268651 0.0445428 0.059853 0.0652195 0.0577368 0.0417849 0.0253052 0.0140015 0.00910543 0.00909367 0.0121003 0.016933 0.0229329 0.0295779 0.0362677 0.0423145 0.0470494 0.0499621 0.0508104 0.0496634 0.0468589 0.0428995 0.0383223 0.0335877 0.029017 0.0247844 0.0209493 0.0175053 0.0144242
 1.06711e-16 1.54314e-05 9.05245e-05 0.000430219 0.00165621 0.00516459 0.0130456 0.0266954 0.0442592 0.0594651 0.0647792 0.0573049 0.0413812 0.0248795 0.0134423 0.00826448 0.00780813 0.0102098 0.0143034 0.019492 0.0253561 0.0314318 0.0371792 0.0420563 0.0456237 0.0476303 0.0480494 0.0470523 0.0449369 0.042038 0.0386528 0.0350019 0.0312289 0.027424 0.0236561 0.0199954
 1.05823e-16 2.25304e-05 0.000132211 0.000628419 0.00241936 0.00754448 0.0190569 0.0389941 0.0646417 0.086826 0.0945207 0.0834616 0.0599359 0.0353661 0.0178905 0.00912711 0.00669644 0.0077696 0.0106018 0.014383 0.018689 0.0231504 0.0273662 0.0309408 0.0335591 0.0350476 0.0353993 0.0347514 0.0333289 0.0313762 0.0291008 0.0266457 0.0240921 0.0214809 0.0188414 0.0162116
 1.03821e-16 2.34127e-05 0.000137385 0.000653003 0.002514 0.00783958 0.0198024 0.0405199 0.0671724 0.0902292 0.0982362 0.0867677 0.062365 0.0369092 0.0188715 0.00994902 0.00768096 0.00912835 0.0124594 0.0167878 0.0216007 0.0264223 0.0307389 0.0340613 0.0360242 0.0364677 0.0354657 0.0332921 0.0303385 0.0270136 0.0236584 0.0204981 0.0176392 0.0150962 0.0128335 0.0108034
 1.02664e-16 2.54884e-05 0.000149573 0.000710953 0.00273712 0.00853539 0.0215599 0.0441158 0.0731319 0.0982296 0.106934 0.09442 0.0677999 0.0399943 0.0202065 0.01026 0.00745114 0.00856152 0.0115918 0.0155928 0.0200468 0.0244977 0.0284614 0.0314768 0.0331997 0.0334777 0.0323795 0.0301636 0.0272028 0.0238905 0.0205601 0.0174397 0.0146452 0.0122035 0.0100891 0.00825781
 1.02353e-16 2.45716e-05 0.000144187 0.000685343 0.00263851 0.00822787 0.0207832 0.0425267 0.0704989 0.0946965 0.103097 0.091055 0.0654327 0.0386968 0.0197335 0.0103178 0.00786023 0.00926919 0.0126163 0.0169677 0.0217851 0.0265723 0.0307965 0.0339519 0.0356637 0.0357719 0.0343628 0.0317339 0.0283095 0.024536 0.0207913 0.017333 0.0142905 0.0116898 0.00949464 0.00764475
 1.02981e-16 2.07755e-05 0.000121896 0.000579356 0.00223042 0.00695522 0.0175686 0.03595 0.0595995 0.0800658 0.0871944 0.0770707 0.0555168 0.0331008 0.0173753 0.00989012 0.00850643 0.0106487 0.0146963 0.0198257 0.0254959 0.0311538 0.0361867 0.0400067 0.0421732 0.04249 0.0410426 0.0381589 0.0343147 0.0300137 0.025686 0.0216292 0.0179986 0.0148362 0.0121151 0.00978195
 1.03817e-16 2.1042e-05 0.000123465 0.000586823 0.00225918 0.00704493 0.0177952 0.0364132 0.060366 0.0810915 0.0883007 0.0780232 0.0561476 0.0333664 0.0173137 0.00954126 0.00786649 0.00967274 0.0133263 0.0180231 0.0232696 0.0285797 0.0334149 0.0372515 0.0396862 0.0405204 0.0397945 0.0377567 0.0347838 0.031282 0.027603 0.0239961 0.0206025 0.017479 0.0146347 0.0120626
 1.04208e-16 2.05363e-05 0.000120495 0.000572703 0.00220481 0.00687538 0.0173669 0.035537 0.058914 0.0791426 0.0861826 0.0761614 0.0548291 0.0326256 0.0170076 0.00949717 0.0079714 0.00988166 0.0136336 0.0184352 0.0237893 0.0291991 0.0341134 0.0379983 0.0404452 0.0412581 0.0404872 0.0383951 0.0353743 0.0318433 0.0281596 0.0245711 0.0212109 0.018124 0.0153073 0.012744
 1.03425e-16 2.55791e-05 0.000150108 0.000713504 0.00274696 0.00856607 0.0216374 0.044274 0.0733933 0.0985778 0.107306 0.0947304 0.0679842 0.0400257 0.0200802 0.00996539 0.006957 0.00782013 0.0105546 0.0142302 0.0183666 0.02256 0.026383 0.0294246 0.0313693 0.0320633 0.0315413 0.0300001 0.0277358 0.0250655 0.02226 0.0195079 0.0169116 0.0145074 0.0122961 0.0102693
 1.02799e-16 2.37678e-05 0.000139468 0.000662904 0.00255211 0.00795842 0.0201026 0.0411343 0.0681911 0.0915985 0.0997292 0.0880917 0.0633281 0.0375021 0.0192164 0.0101972 0.007949 0.00948837 0.0129518 0.0174299 0.0223864 0.0273171 0.0316782 0.0349527 0.0367579 0.0369306 0.0355592 0.0329469 0.0295254 0.025747 0.0219922 0.0185179 0.0154496 0.0128088 0.0105554 0.00862779
 1.03349e-16 2.02788e-05 0.00011898 0.000565494 0.00217704 0.00678879 0.0171482 0.0350898 0.0581736 0.0781511 0.085111 0.0752337 0.0542033 0.0323374 0.017011 0.00974122 0.00844495 0.0106129 0.0146666 0.0198034 0.0254933 0.031191 0.03629 0.0402067 0.0425002 0.0429696 0.0416903 0.0389766 0.0352885 0.0311149 0.0268742 0.022857 0.0192174 0.0160012 0.0131898 0.0107404
 1.03631e-16 2.3474e-05 0.000137747 0.000654731 0.00252066 0.00786035 0.0198548 0.040627 0.0673491 0.0904645 0.0984865 0.0869751 0.0624844 0.0369205 0.0187692 0.00972302 0.00730774 0.00857492 0.0116958 0.0158022 0.0204137 0.0250963 0.0293791 0.0328055 0.0350219 0.035852 0.0353256 0.0336524 0.0311533 0.0281748 0.025017 0.0218928 0.0189237 0.0161602 0.0136143 0.0112858
 1.03555e-16 2.15935e-05 0.000126701 0.000602206 0.0023184 0.00722962 0.0182617 0.0373678 0.0619488 0.0832181 0.0906172 0.0800723 0.057627 0.0342547 0.0177903 0.00982624 0.00812087 0.00998448 0.0137322 0.0185263 0.023844 0.0291694 0.0339357 0.0375993 0.0397523 0.0402114 0.0390524 0.0365726 0.0332032 0.0293986 0.0255432 0.0218984 0.0185969 0.0156699 0.0130909 0.0108153
 1.05188e-16 1.32407e-05 7.76526e-05 0.000369001 0.00142046 0.0044294 0.0111887 0.0228969 0.0379665 0.0510251 0.0556236 0.0492976 0.0357987 0.0219224 0.0125674 0.00882835 0.00945328 0.012887 0.0181229 0.0245694 0.0317048 0.0388968 0.0454132 0.0505391 0.0537276 0.0547168 0.0535757 0.0506597 0.0464997 0.041664 0.03664 0.0317686 0.0272355 0.0231056 0.0193756 0.0160197
pSPR Fmed_Fpbrs
0.624564   0.255602 0.255602
Fs Fmed_Fpbrs
0.254142   1.005 1.005
SSBpbr Bo_Bmed_Bpbrs
1.09731e+06  630472  225608 225608
Ro
44355.9
SPR SPRFo_SPRFmed_SPRFpbrs
910971 568959 232846
log_Ro
10.52
likeval ReclasPelacesDesembMPH_pf_preclas_ppelaces_ptallas_desvR_qrecl_qpela
 121.124 77.3204 0.0522573 0.000729871 346.855 209.688 81.0556 0 13.1504 0 0 0 0 0 0
q_reclas_q_pelaces
1 1
M
0.7
N
 51992.7 26370.5 13095.2 6502.88 6414.66
 47349.6 24072.3 11383.4 5652.85 5576.16
 27315.7 21490.4 9985.67 4722.08 4658.02
 29081.6 11023.1 7047.52 3274.69 3076.1
 52540.4 13709.3 4932.93 3153.81 2842.02
 41284.5 25745.9 6629.05 2385.29 2899.26
 76142 17055.9 8848.92 2278.42 1816.31
 107858 33797.3 6766.99 3510.84 1624.6
 118176 44523.7 11597.5 2322.08 1762.21
 126304 49172.6 15523.4 4043.52 1424.01
 71315.7 54914.9 18718.6 5909.32 2081.33
 43655.5 26742.1 15549.5 5300.31 2262.61
 48077.7 16606.2 7792.22 4530.89 2203.71
 31380.6 16172.8 3784.05 1775.62 1534.62
 20690.7 8134.03 2188.17 511.98 447.873
 17580.3 6151.8 1448 389.531 170.87
 15294.1 7039.82 1986.46 467.569 180.958
 16669 6428.85 2504.89 706.818 230.757
 18316.9 7364.54 2527.02 984.609 368.537
 33169.1 8195.91 2969.23 1018.84 545.561
 46216.6 14900.1 3330.55 1206.6 635.723
 51183.7 21936.1 6759.56 1510.93 835.784
 82118.1 23917.1 9645.37 2972.2 1031.86
 99254.7 37822.4 10217.3 4120.47 1710.52
 56235.9 45829.4 16238.4 4386.61 2503.43
pred_Ctot
 2539.63 2499.11 1241.02 616.273 607.912
 2944.69 2880.2 1362.01 676.353 667.177
 3724.8 5375 2497.54 1181.05 1165.03
 1063.58 788.202 503.928 234.154 219.954
 499.806 259.303 93.3034 59.6525 53.7551
 5042.85 5821.99 1499.04 539.393 655.616
 5850.57 2498 1296.01 333.696 266.016
 13227.9 7671.04 1535.92 796.863 368.738
 13916.2 9734.11 2535.53 507.671 385.269
 11391.8 8381.74 2646.05 689.24 242.73
 12763.8 17526.1 5974.06 1885.96 664.259
 7459.67 8192.63 4763.71 1623.79 693.166
 11405.9 6753.4 3168.95 1842.62 896.207
 11194 9090.64 2127 998.067 862.601
 6148.32 3974.23 1069.12 250.15 218.828
 2478.43 1585.93 373.292 100.421 44.0501
 1704.87 1462.9 412.794 97.1624 37.6036
 1331.28 976.781 380.585 107.392 35.0605
 1311.22 1008.24 345.963 134.798 50.4547
 2288.59 1083.28 392.455 134.664 72.1089
 1472.9 931.158 208.137 75.4044 39.7284
 2179.96 1819.79 560.764 125.345 69.3356
 4299.87 2424.39 977.719 301.282 104.596
 5030.45 3714.87 1003.53 404.707 168.005
 3000.19 4730.29 1676.05 452.764 258.392
F
 0.0700427 0.140085 0.140085 0.140085 0.140085
 0.0899549 0.17991 0.17991 0.17991 0.17991
 0.207464 0.414929 0.414929 0.414929 0.414929
 0.0520314 0.104063 0.104063 0.104063 0.104063
 0.0133055 0.026611 0.026611 0.026611 0.026611
 0.18399 0.367981 0.367981 0.367981 0.367981
 0.11222 0.224441 0.224441 0.224441 0.224441
 0.184797 0.369593 0.369593 0.369593 0.369593
 0.176836 0.353671 0.353671 0.353671 0.353671
 0.132909 0.265818 0.265818 0.265818 0.265818
 0.280877 0.561754 0.561754 0.561754 0.561754
 0.266557 0.533113 0.533113 0.533113 0.533113
 0.389489 0.778978 0.778978 0.778978 0.778978
 0.650133 1.30027 1.30027 1.30027 1.30027
 0.512938 1.02588 1.02588 1.02588 1.02588
 0.215194 0.430389 0.430389 0.430389 0.430389
 0.166669 0.333339 0.333339 0.333339 0.333339
 0.116878 0.233755 0.233755 0.233755 0.233755
 0.104186 0.208373 0.208373 0.208373 0.208373
 0.100249 0.200498 0.200498 0.200498 0.200498
 0.0452056 0.0904113 0.0904113 0.0904113 0.0904113
 0.060828 0.121656 0.121656 0.121656 0.121656
 0.0752557 0.150511 0.150511 0.150511 0.150511
 0.0727624 0.145525 0.145525 0.145525 0.145525
 0.0767249 0.15345 0.15345 0.15345 0.15345
nmprior
 10.6 11 7 0
nm_flota  nm_reclas  nm_pelaces    nm_pelaL
inf 12.9015 13.7761 30.2598
cv_recla  cv_pelaces  cv_mph
0.995496 0.997055 0.876519
 ------------------------------------------------
Talla a la edad & desviación 
 7.2 14.2025 17.0495 18.207 18.6776
 1.08 2.13037 2.55742 2.73105 2.80164
