years
 1997 1998 1999 2000 2001 2002 2003 2004 2005 2006 2007 2008 2009 2010 2011 2012 2013 2014 2015 2016 2017 2018 2019 2020 2021
reclasobs
 0 0 0 370054 412103 1.49427e+06 250295 1.28982e+06 931140 785840 897777 1.04006e+06 184774 17550 25797 100020 73551 82996 120727 218422 84188 347160 605670 569463 516374
reclaspred
 423485 98002.1 202995 152670 281621 322444 725494 529000 692129 784324 648668 435621 272974 121776 80106.9 78782.3 94688.9 122104 120190 183952 281720 254542 437471 530767 483545
pelacesobs
 0 0 0 0 0 0 0 0 0 2.06254e+06 1.5e+06 0 1.87456e+06 323000 250000 174000 83755 137374 0 501740 490994 745055 786931 1.00524e+06 1.33801e+06
pelacespred
 711319 159160 189221 227404 372235 346077 956476 791813 969469 1.09361e+06 819986 572597 359375 130612 84714.7 89943.8 113314 149106 150548 223382 384185 338570 459392 661788 618017
mphobs
 0 0 0 0 0 112323 0 153150 637223 0 255016 313432 73983 77613 109348 50772 0 0 0 0 0 0 0 0 0
mphpred
 169818 82272.1 78403.1 65695.1 88183.3 165659 233002 284655 269433 329344 383863 277455 168940 90299.3 40654.1 33282.2 39450 51915 60836 66145 109076 134476 165044 232811 284766
desembarqueobs
 350755 77701 442110 56441 14545 235359 269955 359681 431902 328805 639364 411747 362871 311530 167758 66681 60226 58785 57116 73181 50977 67692 138656 160484 209506
desembarquepred
 350742 77682.7 441863 56436.8 14544.9 235372 269968 359562 431795 328724 639181 411750 362848 311594 167648 66672.2 60234.8 58775.1 57101.5 73162.8 50973.2 67676.5 138636 160466 209482
Reclutas
 29887.7 43364.1 16375.6 38437 71325.3 43066.4 80159.8 89764.4 132777 166702 66553.3 37136.5 45526 22523.5 16121 18357 13855.9 14623.8 15077.3 33787.5 40930.2 49037.9 82050.7 86132.2 16949.6
log_desv_Rt
 -0.274797 0.0973882 -0.876455 -0.0232252 0.595007 0.0904973 0.711777 0.824943 1.21643 1.44396 0.525758 -0.057644 0.146038 -0.557687 -0.892119 -0.762232 -1.04354 -0.989591 -0.959058 -0.152154 0.0396229 0.220349 0.735093 0.783638 -0.842002
SSB
 597846 289641 276020 231281 310451 583207 820288 1.00213e+06 948543 1.15946e+06 1.3514e+06 976786 594756 317900 143124 117171 138884 182768 214174 232865 384003 473427 581041 819617 1.00253e+06
BT
 1.53203e+06 422771 575946 467245 678250 803777 1.89889e+06 1.82006e+06 2.12947e+06 2.26974e+06 2.03377e+06 1.39969e+06 1.00002e+06 532563 292957 216016 251984 314223 319060 459893 729047 670145 918384 1.31698e+06 1.27884e+06
Ftot
 0.496397 0.58389 1.13639 0.293638 0.0432771 0.371124 0.252523 0.473762 0.481689 0.305124 0.503764 0.458328 0.754297 1.32202 1.36276 0.563137 0.411978 0.295387 0.264554 0.291236 0.118787 0.151771 0.18552 0.180931 0.195316
BD_Bspro_t
 0.934513 0.675355 0.564549 0.349933 0.549165 0.744589 0.68594 0.699555 0.65615 0.656871 0.663818 0.513467 0.396955 0.293323 0.176404 0.180426 0.271391 0.411209 0.508238 0.5865 0.719663 0.804438 0.807969 0.811485 0.800767
BD_Bspro
 0.739946 0.358484 0.341626 0.286253 0.384241 0.721827 1.01526 1.24033 1.174 1.43505 1.6726 1.20896 0.736121 0.393461 0.177142 0.145021 0.171895 0.226209 0.265081 0.288214 0.475275 0.585954 0.719147 1.01443 1.24081
BD_Bo
 0.597858 0.289647 0.276025 0.231286 0.310457 0.583219 0.820305 1.00215 0.948563 1.15949 1.35142 0.976807 0.594768 0.317907 0.143127 0.117173 0.138887 0.182771 0.214179 0.23287 0.384011 0.473437 0.581053 0.819634 1.00255
BD_Brms
 2.0214 0.979315 0.933261 0.781993 1.04968 1.9719 2.77351 3.38835 3.20716 3.9203 4.56926 3.30265 2.01095 1.07487 0.483921 0.396171 0.469588 0.617963 0.724153 0.787348 1.29837 1.60072 1.96458 2.77124 3.38968
S_f
 0.160035 1 1 1 1
 0.160035 1 1 1 1
 0.160035 1 1 1 1
 0.160035 1 1 1 1
 0.160035 1 1 1 1
 0.160035 1 1 1 1
 0.160035 1 1 1 1
 0.160035 1 1 1 1
 0.160035 1 1 1 1
 0.160035 1 1 1 1
 0.160035 1 1 1 1
 0.160035 1 1 1 1
 0.160035 1 1 1 1
 0.160035 1 1 1 1
 0.160035 1 1 1 1
 0.160035 1 1 1 1
 0.160035 1 1 1 1
 0.160035 1 1 1 1
 0.160035 1 1 1 1
 0.160035 1 1 1 1
 0.160035 1 1 1 1
 0.160035 1 1 1 1
 0.160035 1 1 1 1
 0.160035 1 1 1 1
 0.160035 1 1 1 1
Scru_reclas
 1 1 1 1 1
 1 1 1 1 1
 1 1 1 1 1
 1 1 1 1 1
 1 1 1 1 1
 1 1 1 1 1
 1 1 1 1 1
 1 1 1 1 1
 1 1 1 1 1
 1 1 1 1 1
 1 1 1 1 1
 1 1 1 1 1
 1 1 1 1 1
 1 1 1 1 1
 1 1 1 1 1
 1 1 1 1 1
 1 1 1 1 1
 1 1 1 1 1
 1 1 1 1 1
 1 1 1 1 1
 1 1 1 1 1
 1 1 1 1 1
 1 1 1 1 1
 1 1 1 1 1
 1 1 1 1 1
Scru_pelaces
 1 1 1 1 1
 1 1 1 1 1
 1 1 1 1 1
 1 1 1 1 1
 1 1 1 1 1
 1 1 1 1 1
 1 1 1 1 1
 1 1 1 1 1
 1 1 1 1 1
 1 1 1 1 1
 1 1 1 1 1
 1 1 1 1 1
 1 1 1 1 1
 1 1 1 1 1
 1 1 1 1 1
 1 1 1 1 1
 1 1 1 1 1
 1 1 1 1 1
 1 1 1 1 1
 1 1 1 1 1
 1 1 1 1 1
 1 1 1 1 1
 1 1 1 1 1
 1 1 1 1 1
 1 1 1 1 1
pf_obs 
 0.256992 0.487395 0.22802 0.0275931 0
 0.321318 0.546541 0.124235 0.00734118 0.000564706
 0.182869 0.594174 0.210203 0.0122559 0.00049798
 0.330522 0.361315 0.267642 0.0388342 0.00168674
 0.649043 0.306663 0.0425973 0.00169635 0
 0.582887 0.30429 0.105238 0.00758474 0
 0.465427 0.430635 0.0974691 0.00646863 0
 0.296916 0.608066 0.0921331 0.00288517 0
 0.311714 0.524322 0.152257 0.0117073 0
 0.15457 0.633149 0.183074 0.0267441 0.00246327
 0.131901 0.49318 0.331252 0.0422183 0.00144891
 0.196976 0.569456 0.194076 0.0375587 0.00193317
 0.518974 0.381816 0.0799577 0.0180837 0.00116848
 0.0928022 0.601141 0.25162 0.0475244 0.00691264
 0.122501 0.610282 0.24278 0.0234846 0.000952079
 0.383417 0.481906 0.127806 0.00687128 0
 0.0376549 0.599619 0.316969 0.0457579 0
 0.0361596 0.667082 0.258105 0.0386534 0
 0.158088 0.579412 0.248529 0.0139706 0
 0.0477256 0.309471 0.559284 0.082774 0.000745712
 0.0406174 0.521527 0.379366 0.0568643 0.0016247
 0.151134 0.462217 0.34131 0.0453401 0
 0.294876 0.26143 0.354403 0.0886775 0.000613685
 0.281977 0.475581 0.204845 0.0348837 0.00271318
 0.0354234 0.537034 0.353287 0.0723622 0.0018943
pf_pred 
 0.211128 0.544438 0.217295 0.0271301 9.57817e-06
 0.296925 0.478502 0.154989 0.0618587 0.00772603
 0.131201 0.676409 0.130938 0.0424113 0.0190413
 0.387753 0.384515 0.177302 0.0343219 0.0161081
 0.343091 0.538688 0.0742473 0.0342359 0.0097377
 0.146781 0.6562 0.161562 0.0222681 0.0131885
 0.281778 0.40405 0.241626 0.0594905 0.0130558
 0.245975 0.553826 0.112625 0.0673512 0.0202216
 0.304878 0.500276 0.143113 0.0291034 0.0226296
 0.274566 0.562996 0.116906 0.0334432 0.0120891
 0.105662 0.655116 0.185656 0.0385514 0.0150149
 0.100158 0.436988 0.339047 0.0960837 0.0277225
 0.203768 0.370271 0.206859 0.160496 0.0586067
 0.161373 0.586626 0.117187 0.065469 0.0693441
 0.236979 0.537745 0.157582 0.0314794 0.036214
 0.307112 0.552709 0.0987923 0.0289503 0.0124363
 0.194773 0.632091 0.138109 0.0246858 0.0103415
 0.207642 0.513902 0.218584 0.0477594 0.0121128
 0.200322 0.52269 0.179647 0.0764115 0.0209299
 0.348693 0.416752 0.153311 0.0526928 0.0285514
 0.253228 0.592714 0.0985774 0.0362638 0.0192173
 0.22338 0.537028 0.190164 0.0316272 0.0178004
 0.280295 0.474201 0.169765 0.0601145 0.015625
 0.212897 0.571942 0.141766 0.0507523 0.0226428
 0.0434526 0.61998 0.244564 0.0606193 0.0313839
pobs_RECLAS
 0 0 0 0 0
 0 0 0 0 0
 0 0 0 0 0
 0 0 0 0 0
 0.835266 0.146461 0.0176864 0.000547809 3.91292e-05
 0.385257 0.428462 0.181853 0.0044286 0
 0.867414 0.0963971 0.0333333 0.00285562 0
 0.441836 0.489002 0.0689373 0.000224442 0
 0.779404 0.147425 0.0564933 0.0165055 0.000172143
 0.814271 0.122319 0.05973 0.00367925 0
 0.40263 0.566651 0.0304383 0.000280538 0
 0.475488 0.404961 0.113038 0.00651328 0
 0.955842 0.0263864 0.0167828 0.000988607 0
 0.975058 0.0227948 0.00214734 0 0
 0.738997 0.206755 0.0527124 0.00153531 0
 0.850938 0.134255 0.0134407 0.00136685 0
 0.542534 0.407297 0.0501686 0 0
 0.764087 0.199537 0.0359546 0.000420521 0
 0.470689 0.182191 0.310203 0.0369168 0
 0.84361 0.089868 0.0606195 0.00523954 0.000663233
 0.607945 0.314616 0.071237 0.00620181 0
 0.523733 0.453247 0.0230204 0 0
 0.530135 0.295979 0.169645 0.0042399 0
 0.562478 0.366248 0.0663022 0.0049721 0
 0.250443 0.683176 0.0655157 0.000865301 0
ppred_RECLAS
 0.633667 0.252824 0.100906 0.0125986 4.44787e-06
 0.73342 0.18143 0.0587658 0.0234545 0.00292942
 0.511635 0.380219 0.0736022 0.02384 0.0107034
 0.801112 0.124909 0.0575965 0.0111494 0.00523271
 0.765844 0.192016 0.0264655 0.0122034 0.00347101
 0.523915 0.366151 0.0901497 0.0124253 0.007359
 0.713304 0.161286 0.0964508 0.023747 0.00521154
 0.677865 0.236606 0.048116 0.0287738 0.00863911
 0.73898 0.187855 0.0537394 0.0109284 0.00849745
 0.706672 0.227647 0.0472708 0.0135227 0.00488821
 0.433134 0.415238 0.117676 0.0244353 0.00951702
 0.417607 0.282826 0.219437 0.062187 0.0179425
 0.629055 0.1725 0.0963705 0.0747711 0.0273034
 0.578065 0.295147 0.05896 0.0329392 0.0348888
 0.689883 0.218557 0.0640464 0.0127942 0.0147186
 0.742394 0.20549 0.0367296 0.0107633 0.00462366
 0.608199 0.307558 0.0671998 0.0120114 0.00503189
 0.62503 0.243195 0.103441 0.0226013 0.00573219
 0.61389 0.252371 0.0867396 0.0368939 0.0101056
 0.772954 0.14528 0.0534444 0.0183687 0.00995303
 0.680751 0.253388 0.0421424 0.015503 0.00821549
 0.644414 0.245885 0.0870692 0.0144809 0.00815013
 0.710896 0.190486 0.0681942 0.0241479 0.00627654
 0.630626 0.268403 0.0665283 0.0238172 0.0106259
 0.222995 0.503611 0.19866 0.0492412 0.0254932
pobs_PELACES
 0 0 0 0 0
 0 0 0 0 0
 0 0 0 0 0
 0 0 0 0 0
 0 0 0 0 0
 0 0 0 0 0
 0 0 0 0 0
 0 0 0 0 0
 0 0 0 0 0
 0 0 0 0 0
 0.450072 0.473896 0.0757376 0.000293798 0
 0 0 0 0 0
 0.463077 0.371075 0.160297 0.00555027 0
 0.529543 0.364841 0.0842815 0.0213345 0
 0.631943 0.363953 0.00410389 0 0
 0.735681 0.248677 0.0153453 0.000297389 0
 0.695825 0.281241 0.0229344 0 0
 0.275771 0.60734 0.115278 0.00161068 0
 0 0 0 0 0
 0.896147 0.0623911 0.0374545 0.00400742 0
 0.803859 0.145111 0.0509908 3.86294e-05 0
 0.739449 0.233085 0.0266225 0.000797448 4.60066e-05
 0.878498 0.100942 0.0204185 0.000141795 0
 0.694673 0.275183 0.0284847 0.00165964 0
 0.469039 0.446079 0.0841089 0.000773354 0
ppred_PELACES
 0.664982 0.231212 0.0922806 0.0115216 4.06765e-06
 0.763848 0.160721 0.0520582 0.0207773 0.00259505
 0.589414 0.319664 0.0618801 0.0200432 0.00899872
 0.813764 0.116964 0.0539327 0.0104402 0.00489985
 0.767988 0.190258 0.0262231 0.0120917 0.00343923
 0.549488 0.346483 0.0853072 0.0117579 0.0069637
 0.727403 0.153355 0.0917078 0.0225793 0.00495526
 0.705847 0.216054 0.0439364 0.0262744 0.00788868
 0.763902 0.169919 0.0486084 0.00988495 0.00768612
 0.723892 0.214282 0.0444956 0.0127288 0.00460124
 0.467686 0.389928 0.110503 0.022946 0.00893694
 0.44879 0.267683 0.207688 0.0588574 0.0169818
 0.676394 0.150486 0.084072 0.0652291 0.023819
 0.664026 0.235017 0.0469482 0.0262285 0.0277809
 0.764465 0.165995 0.0486436 0.00971728 0.0111788
 0.771102 0.182589 0.0326364 0.00956383 0.00410839
 0.63505 0.28648 0.0625944 0.0111882 0.00468704
 0.644014 0.230883 0.0982039 0.021457 0.00544197
 0.63112 0.241109 0.0828688 0.0352475 0.00965465
 0.786808 0.136415 0.0501832 0.0172479 0.00934569
 0.687864 0.247743 0.0412034 0.0151576 0.00803244
 0.653995 0.239261 0.0847234 0.0140908 0.00793054
 0.721349 0.183598 0.0657285 0.0232748 0.0060496
 0.642229 0.259971 0.0644383 0.023069 0.0102921
 0.232516 0.49744 0.196225 0.0486378 0.0251809
pobs_pel_tallas
 0 0 0 0 0 0 0 0 0 0 0 0 0 0 0 0 0 0 0 0 0 0 0 0 0 0 0 0 0 0 0 0 0 0 0 0
 0 0 0 0 0 0 0 0 0 0 0 0 0 0 0 0 0 0 0 0 0 0 0 0 0 0 0 0 0 0 0 0 0 0 0 0
 0 0 0 0 0 0 0 0 0 0 0 0 0 0 0 0 0 0 0 0 0 0 0 0 0 0 0 0 0 0 0 0 0 0 0 0
 0 0 0 0 0 0 0 0 0 0 0 0 0 0 0 0 0 0 0 0 0 0 0 0 0 0 0 0 0 0 0 0 0 0 0 0
 0 0 0 0 0 0 0 0 0 0 0 0 0 0 0 0 0 0 0 0 0 0 0 0 0 0 0 0 0 0 0 0 0 0 0 0
 0 0 0 0 0 0 0 0 0 0 0 0 0 0 0 0 0 0 0 0 0 0 0 0 0 0 0 0 0 0 0 0 0 0 0 0
 0 0 0 0 0 0 0 0 0 0 0 0 0 0 0 0 0 0 0 0 0 0 0 0 0 0 0 0 0 0 0 0 0 0 0 0
 0 0 0 0 0 0 0 0 0 0 0 0 0 0 0 0 0 0 0 0 0 0 0 0 0 0 0 0 0 0 0 0 0 0 0 0
 0 0 0 0 0 0 0 0 0 0 0 0 0 0 0 0 0 0 0 0 0 0 0 0 0 0 0 0 0 0 0 0 0 0 0 0
 0 0 0 0 0 0 0 0 0 0 0 0 0 0 0 0 0 0 0 0 0 0 0 0 0 0 0 0 0 0 0 0 0 0 0 0
 0 0 0 0 0 0 0 0 1.78061e-05 0.00172719 0.00360574 0.0105946 0.0120993 0.0124554 0.0147524 0.0171206 0.0266825 0.0428682 0.0675386 0.121331 0.153587 0.119568 0.100827 0.0573624 0.0630603 0.0341343 0.0324427 0.0444173 0.0211091 0.0280891 0.0125444 0.00206551 0 0 0 0
 0 0 0 0 0 0 0 0 0 0 0 0 0 0 0 0 0 0 0 0 0 0 0 0 0 0 0 0 0 0 0 0 0 0 0 0
 0 0 0 0 0 0 0.0133647 0.0140871 0.0187388 0.0205184 0.03894 0.0496705 0.03968 0.0493445 0.0407372 0.0367815 0.0215668 0.0243155 0.0234873 0.0199281 0.019796 0.0243948 0.0301388 0.0376714 0.0412746 0.0863199 0.0771752 0.113111 0.0741005 0.0525337 0.0229764 0.00759418 0.00175318 0 0 0
 0 0 0 0 0 0 0 0 0 0 0.00219441 0.00772107 0.0458388 0.0604681 0.0671733 0.0775358 0.0609151 0.0617685 0.073594 0.0568108 0.0755445 0.0548602 0.0670107 0.0636378 0.0643287 0.046367 0.0373049 0.0286899 0.0247887 0.0153202 0.00654259 0.00121912 0.000365735 0 0 0
 0 0 0 0 0 0 0 0 0 0 0 0 0.000112435 0.00938835 0.0111873 0.0202946 0.0414886 0.0713402 0.111592 0.104902 0.108894 0.110636 0.117776 0.105296 0.107544 0.0401394 0.0192827 0.0124803 0.00416011 0.0028671 0.000618394 0 0 0 0 0
 0 0 0 0 0 0 0 0 0 0 0.00291406 0.0102884 0.027416 0.0768956 0.0749926 0.110853 0.0956884 0.0897413 0.0766577 0.0534642 0.0500743 0.0551293 0.0594112 0.0620874 0.0668451 0.0424026 0.0208742 0.0120726 0.0048766 0.00582813 0.00118941 0.000297354 0 0 0 0
 0 0.00264628 0.0354308 0.0461629 0.0458689 0.0383711 0.0214643 0.0164657 0.0346957 0.0420465 0.0363128 0.0245516 0.0311673 0.0291091 0.0169068 0.0133784 0.00837989 0.0085269 0.0148486 0.0160247 0.0276389 0.0546898 0.0760071 0.122758 0.109233 0.0665981 0.0333725 0.0166128 0.00676272 0.00308733 0.000882094 0 0 0 0 0
 0 0 0 0 0 0 0 0.000805153 0.000690131 0.00759144 0.0133425 0.0154129 0.00931677 0.000345066 0.00356568 0.00563607 0.00851162 0.0253048 0.0502646 0.0516448 0.0657925 0.0565908 0.0611916 0.0827007 0.0866115 0.110766 0.145733 0.0935128 0.0569358 0.0249597 0.0138026 0.00621118 0.00161031 0.00115022 0 0
 0 0 0 0 0 0 0 0 0 0 0 0 0 0 0 0 0 0 0 0 0 0 0 0 0 0 0 0 0 0 0 0 0 0 0 0
 0.00147267 0.00158595 0.00478618 0.00569244 0.00954404 0.0108468 0.00647125 0.017049 0.0510054 0.094081 0.124002 0.0959785 0.0687766 0.0820023 0.061753 0.0591476 0.0492212 0.0479892 0.0443925 0.0268479 0.0217502 0.0140895 0.0121071 0.0120363 0.00920419 0.00665534 0.0049561 0.00860946 0.00930331 0.0156896 0.0114698 0.00855282 0.00243557 0.00046729 0 2.83206e-05
 0 0 0 0 0.000772559 0.00158375 0.000888443 0.00281984 0.00712685 0.0440552 0.0773331 0.111326 0.0921469 0.0852325 0.0710754 0.0886704 0.0786465 0.0553345 0.0373146 0.0185414 0.00753245 0.00457741 0.012979 0.0271748 0.0457355 0.0583668 0.034881 0.0177882 0.00938659 0.00492506 0.0015258 0.00185414 0.000309023 5.79419e-05 3.86279e-05 0
 0 0.00173294 0.00326652 0 0.00397197 0.00683976 0.00946217 0.0152591 0.00757587 0.0136028 0.0228656 0.0392903 0.0559909 0.0764795 0.0681675 0.0726916 0.0566044 0.0477403 0.0527397 0.0444891 0.0609904 0.0582453 0.0661739 0.0445044 0.0529084 0.0360697 0.0280645 0.0235558 0.0158879 0.00826598 0.00280645 0.00217768 0.000904811 0.00058276 9.20147e-05 0
 0 0 0 0 0 0 0 0 0 0 0 0 0 0 0 0 0 0 0 0 0 0 0 0 0 0 0 0 0 0 0 0 0 0 0 0
 0 0 0 0 0 0 0 0 0 0 0 0 0 0 0 0 0 0 0 0 0 0 0 0 0 0 0 0 0 0 0 0 0 0 0 0
 0 0 0 0 0 0 0 0 0 0 0 0 0 0 0 0 0 0 0 0 0 0 0 0 0 0 0 0 0 0 0 0 0 0 0 0
ppred_pel_tallas
 1.01782e-16 2.90186e-05 0.000170304 0.000809524 0.00311667 0.00971902 0.0245496 0.0502323 0.0832681 0.111834 0.121718 0.107411 0.076991 0.0451403 0.0222966 0.0104874 0.00658556 0.0068925 0.00912916 0.0122593 0.015792 0.0193546 0.0225675 0.0250676 0.0265771 0.0269616 0.0262542 0.0246344 0.0223736 0.019766 0.0170693 0.0144699 0.0120764 0.00993426 0.00804995 0.00641233
 1.01627e-16 3.33266e-05 0.000195603 0.000929813 0.00357984 0.0111634 0.0281978 0.0576964 0.0956378 0.128438 0.139762 0.123272 0.0882239 0.0514515 0.0249022 0.0108542 0.0056649 0.00504763 0.00637555 0.00849421 0.0109291 0.0133912 0.0156132 0.0173457 0.0184 0.0186876 0.0182357 0.0171715 0.0156832 0.0139715 0.0122082 0.0105128 0.00894985 0.00754039 0.00628084 0.00515927
 1.02092e-16 2.57269e-05 0.000150971 0.000717596 0.0027627 0.00861514 0.0217614 0.0445281 0.0738159 0.0991495 0.107939 0.0953152 0.0684599 0.0404181 0.0204836 0.0105018 0.00774778 0.00897339 0.0121551 0.0163214 0.0209278 0.0254862 0.0294786 0.0324162 0.0339405 0.0339045 0.0324024 0.0297349 0.0263251 0.0226155 0.0189779 0.015663 0.0127917 0.0103807 0.00838347 0.0067297
 1.01392e-16 3.55014e-05 0.000208375 0.000990541 0.00381367 0.0118926 0.0300397 0.0614647 0.101882 0.136819 0.148869 0.131274 0.093883 0.0546154 0.0261783 0.0109746 0.00510005 0.00397109 0.00478826 0.00634381 0.00818125 0.0100654 0.011797 0.0131913 0.0141052 0.0144651 0.0142792 0.0136271 0.0126336 0.0114352 0.0101517 0.00887049 0.00764376 0.00649665 0.00543875 0.0044741
 1.01011e-16 3.35083e-05 0.000196667 0.000934865 0.00359928 0.011224 0.028351 0.0580101 0.0961584 0.129139 0.140531 0.123964 0.0887499 0.0518193 0.0251933 0.0111718 0.00609987 0.00566971 0.00723263 0.00960715 0.0122814 0.0149192 0.0172034 0.0188435 0.0196296 0.0194809 0.0184623 0.0167629 0.0146446 0.0123794 0.0101942 0.00824007 0.0065865 0.00523739 0.00415647 0.00329201
 1.02054e-16 2.39871e-05 0.000140755 0.000669019 0.00257565 0.00803184 0.020288 0.0415138 0.0688205 0.0924443 0.100651 0.0889089 0.0639216 0.0378655 0.0194246 0.0103427 0.00810298 0.00969494 0.0132363 0.0178048 0.0228513 0.0278562 0.0322577 0.0355221 0.0372538 0.0372841 0.0357055 0.0328341 0.029122 0.025046 0.0210123 0.0173004 0.0140535 0.0113038 0.00901474 0.00712095
 1.0236e-16 3.17372e-05 0.000186272 0.000885454 0.00340905 0.0106308 0.0268525 0.0549438 0.0910752 0.122311 0.133096 0.117396 0.084026 0.0490185 0.0237545 0.0104081 0.00551709 0.005008 0.00638955 0.00857347 0.0111182 0.0137559 0.0162338 0.0183082 0.0197831 0.0205479 0.0205937 0.0200016 0.0189117 0.0174823 0.0158565 0.014143 0.0124145 0.0107168 0.00908187 0.00753776
 1.01966e-16 3.07997e-05 0.000180763 0.000859249 0.00330813 0.0103161 0.0260577 0.0533179 0.0883819 0.118699 0.129181 0.113978 0.0816553 0.0477884 0.0234427 0.0107528 0.00638133 0.00638648 0.00834075 0.0111483 0.0143083 0.0174622 0.0202568 0.0223622 0.0235352 0.0236726 0.0228314 0.0212048 0.0190667 0.016703 0.0143529 0.0121757 0.0102474 0.00857816 0.00714053 0.00589521
 1.01445e-16 3.33293e-05 0.000195618 0.000929883 0.0035801 0.0111642 0.0281999 0.0577008 0.0956453 0.128448 0.139776 0.123289 0.0882461 0.0514849 0.0249563 0.010942 0.00580179 0.00524988 0.00665727 0.00886325 0.0113825 0.0139113 0.0161666 0.0178854 0.018871 0.0190358 0.0184171 0.0171598 0.0154743 0.0135831 0.0116762 0.00988441 0.00827565 0.00686789 0.00564909 0.00459613
 1.01354e-16 3.15865e-05 0.000185382 0.000881211 0.00339269 0.0105798 0.0267237 0.0546807 0.0906407 0.121732 0.13248 0.116883 0.0837264 0.0489794 0.0239873 0.0109351 0.00639551 0.00632174 0.00822152 0.0109708 0.014059 0.0171245 0.0198134 0.0217964 0.0228318 0.0228194 0.0218206 0.0200352 0.0177458 0.0152483 0.0127926 0.0105481 0.00859814 0.00695647 0.00559451 0.00446713
 1.02902e-16 2.0422e-05 0.00011982 0.000569484 0.0021924 0.00683667 0.0172692 0.0353374 0.0585844 0.0787035 0.0857144 0.0757712 0.0545996 0.0325917 0.0171773 0.00988648 0.00862364 0.0108619 0.0150087 0.0202486 0.026036 0.0318065 0.0369335 0.0408155 0.0430018 0.0432922 0.041775 0.0387872 0.0348175 0.0303838 0.0259287 0.0217592 0.0180362 0.0148037 0.0120342 0.00967204
 1.05852e-16 1.95932e-05 0.000114965 0.000546429 0.00210368 0.00656001 0.0165703 0.0339064 0.0562092 0.0755045 0.0822089 0.0726213 0.0522191 0.0309502 0.0159133 0.00854379 0.00680456 0.00826568 0.0114304 0.0155972 0.0203763 0.0253994 0.030248 0.0344949 0.037781 0.0398799 0.0407288 0.0404128 0.0391161 0.0370606 0.0344548 0.0314674 0.0282278 0.0248402 0.0214032 0.0180192
 1.04597e-16 2.95127e-05 0.000173213 0.000823372 0.00317002 0.00988539 0.0249697 0.0510914 0.0846897 0.113736 0.123769 0.109175 0.0781563 0.0456237 0.0221652 0.0098094 0.00534519 0.00499388 0.00644809 0.00870379 0.0113561 0.0141586 0.0168759 0.0192775 0.0211744 0.0224526 0.0230873 0.0231312 0.0226841 0.0218568 0.0207428 0.0194062 0.0178859 0.0162096 0.0144098 0.012533
 1.02943e-16 2.89768e-05 0.000170059 0.00080836 0.00311219 0.00970504 0.0245142 0.0501601 0.0831484 0.111674 0.121543 0.107257 0.076882 0.0450783 0.0222689 0.0104775 0.00658015 0.00688068 0.00909918 0.0121956 0.0156744 0.0191599 0.0222734 0.0246594 0.0260551 0.0263483 0.0255978 0.024008 0.0218678 0.0194764 0.0170808 0.0148413 0.012829 0.0110472 0.0094628 0.00803491
 1.01601e-16 3.33537e-05 0.000195761 0.000930566 0.00358274 0.0111724 0.0282207 0.0577432 0.0957155 0.128542 0.139877 0.123376 0.0883037 0.0515089 0.0249501 0.010909 0.0057414 0.00515737 0.00652655 0.00868977 0.0111658 0.0136572 0.0158877 0.0176008 0.0186042 0.0188115 0.0182571 0.0170802 0.0154829 0.0136793 0.0118512 0.0101237 0.00856121 0.00718047 0.00597036 0.00491003
 1.01044e-16 3.36437e-05 0.000197463 0.000938651 0.00361386 0.0112695 0.0284659 0.058245 0.0965476 0.129661 0.141097 0.124459 0.0890947 0.0520014 0.0252462 0.0111351 0.00599563 0.00550106 0.00699321 0.00929079 0.0118888 0.014462 0.0167055 0.0183388 0.0191581 0.0190814 0.0181658 0.0165867 0.0145903 0.0124332 0.0103316 0.00843048 0.0067996 0.00544741 0.00434486 0.0034482
 1.01586e-16 2.77156e-05 0.000162649 0.000773122 0.0029765 0.00928187 0.0234454 0.0479736 0.0795258 0.106814 0.116268 0.102637 0.0736462 0.0433337 0.0216907 0.0106794 0.00733749 0.00814689 0.010925 0.0146473 0.018778 0.0228672 0.026447 0.0290767 0.030432 0.0303782 0.0289976 0.0265584 0.0234407 0.0200439 0.0167066 0.0136602 0.0110204 0.00880911 0.00698966 0.00550149
 1.02461e-16 2.81043e-05 0.000164936 0.000784006 0.00301842 0.00941262 0.0237756 0.0486488 0.0806434 0.10831 0.117884 0.104033 0.0745808 0.0437497 0.0216522 0.0102565 0.00653959 0.00692488 0.00920942 0.0123916 0.0159946 0.0196528 0.0229906 0.0256466 0.0273413 0.0279347 0.0274501 0.0260533 0.0239997 0.0215669 0.0189976 0.0164668 0.0140775 0.0118754 0.00987326 0.00807118
 1.02918e-16 2.75423e-05 0.000161637 0.000768316 0.00295801 0.00922423 0.0232998 0.0476752 0.07903 0.106144 0.11553 0.101964 0.0731152 0.0429253 0.0213098 0.0102034 0.00664966 0.00714721 0.00953682 0.0128304 0.0165477 0.0203117 0.0237335 0.026441 0.02815 0.0287236 0.028196 0.026749 0.0246545 0.0222027 0.0196415 0.0171431 0.0148003 0.0126451 0.0106761 0.00888282
 1.01787e-16 3.43268e-05 0.000201477 0.000957744 0.00368739 0.0114988 0.029045 0.0594296 0.0985099 0.132292 0.143949 0.126949 0.0908191 0.0528919 0.0254629 0.0108656 0.00533555 0.00444852 0.00549867 0.00730947 0.00941948 0.0115712 0.0135368 0.0151044 0.016112 0.0164805 0.0162268 0.0154506 0.0143025 0.0129439 0.0115127 0.0101049 0.00877291 0.00753568 0.00639434 0.00534533
 1.01562e-16 3.00168e-05 0.000176164 0.000837379 0.00322391 0.0100534 0.0253943 0.0519608 0.0861335 0.115683 0.125907 0.111109 0.0796448 0.0467014 0.0230761 0.0108644 0.00682852 0.00713582 0.00941811 0.0125884 0.0161209 0.0196121 0.0226561 0.0248747 0.0259925 0.0258997 0.0246747 0.0225561 0.0198775 0.0169859 0.0141716 0.0116286 0.0094478 0.0076375 0.00615584 0.00494223
 1.02136e-16 2.85397e-05 0.000167492 0.000796156 0.0030652 0.00955849 0.0241441 0.0494028 0.0818934 0.109989 0.119712 0.105648 0.0757415 0.0444366 0.0220027 0.0104388 0.00667448 0.00707537 0.00940012 0.0126247 0.0162558 0.019912 0.0232027 0.0257556 0.0272878 0.027666 0.0269303 0.0252716 0.0229735 0.0203403 0.0176351 0.0150435 0.0126685 0.0105468 0.00867546 0.00703604
 1.02076e-16 3.14744e-05 0.000184726 0.000878101 0.00338073 0.0105425 0.0266295 0.0544876 0.0903198 0.121299 0.132002 0.116447 0.0833814 0.0487126 0.0237364 0.0106202 0.00594016 0.00566097 0.00730621 0.00977673 0.0125995 0.0154617 0.0180617 0.0201144 0.0214022 0.0218202 0.0213938 0.0202618 0.0186323 0.0167282 0.0147413 0.0128058 0.0109957 0.00933786 0.0078331 0.00647374
 1.02274e-16 2.80275e-05 0.000164483 0.000781846 0.0030101 0.00938666 0.0237101 0.0485149 0.0804222 0.108015 0.117569 0.10377 0.0744239 0.0437211 0.0217551 0.0104981 0.00694386 0.00752818 0.0100472 0.0134817 0.0173217 0.0211578 0.0245677 0.0271525 0.0286155 0.0288269 0.0278491 0.0259088 0.0233315 0.0204594 0.0175818 0.014895 0.0124974 0.0104096 0.00860639 0.00704708
 1.05796e-16 1.0172e-05 5.96331e-05 0.000283327 0.00109059 0.00340068 0.00859033 0.0175806 0.0291558 0.0391976 0.042766 0.0379874 0.0277705 0.0173747 0.0106183 0.00841155 0.00986442 0.0138382 0.019577 0.0265838 0.0343437 0.0421908 0.0493407 0.055023 0.0586426 0.059906 0.0588717 0.0559036 0.0515552 0.0464234 0.0410245 0.0357245 0.0307302 0.026125 0.0219223 0.0181123
pSPR Fmed_Fpbrs
0.599984   0.345765 0.345765
Fs Fmed_Fpbrs
0.354102   1.005 1.005
SSBpbr Bo_Bmed_Bpbrs
999979  549972  295758 295758
Ro
39340.1
SPR SPRFo_SPRFmed_SPRFpbrs
807959 484762 279364
log_Ro
10.4
likeval ReclasPelacesDesembMPH_pf_preclas_ppelaces_ptallas_desvR_qrecl_qpela
 73.9812 46.7674 0.00734325 0.000166017 313.785 192.585 77.8052 0 17.891 3.73332e-05 0 0 0 0 0
q_reclas_q_pelaces
0.420704 1
M
0.7
N
 29887.7 14688.9 5862.62 731.971 0.258419
 43364.1 13708.4 4440.19 1772.16 221.339
 16375.6 19613 3796.64 1229.75 552.115
 38437 6779.67 3126.15 605.155 284.015
 71325.3 18211 2510.02 1157.39 329.195
 43066.4 35174.6 8660.31 1193.65 706.948
 80159.8 20152.9 12051.7 2967.22 651.188
 89764.4 38229.6 7774.32 4649.12 1395.86
 132777 41321 11820.6 2403.83 1869.12
 166702 61043.3 12675.6 3626.1 1310.77
 66553.3 78836.7 22341.8 4639.27 1806.89
 37136.5 30489.5 23656 6703.95 1934.25
 45526 17137.2 9574.04 7428.23 2712.49
 22523.5 20036.8 4002.65 2236.16 2368.51
 16121 9052.03 2652.62 529.901 609.601
 18357 6436.83 1150.53 337.154 144.833
 13855.9 8330.23 1820.11 325.331 136.289
 14623.8 6441.6 2739.88 598.649 151.83
 15077.3 6926.69 2380.69 1012.61 277.363
 33787.5 7176.77 2640.13 907.407 491.675
 40930.2 16014.3 2663.43 979.798 519.224
 49037.9 19942.6 7061.77 1174.48 661.018
 82050.7 23767.2 8508.68 3012.97 783.131
 86132.2 39553.3 9803.95 3509.83 1565.89
 16949.6 41551.2 16390.7 4062.73 2103.36
pred_Ctot
 1649 4252.31 1697.17 211.899 0.0748099
 2797.15 4507.68 1460.05 582.733 72.7823
 1978.91 10202.3 1974.95 639.692 287.2
 1272.38 1261.76 581.805 112.625 52.8577
 354.172 556.088 76.6454 35.3417 10.0522
 1792.08 8011.67 1972.54 271.875 161.021
 2288.59 3281.69 1962.48 483.18 106.039
 4734.23 10659.4 2167.67 1296.29 389.201
 7115.96 11676.6 3340.32 679.283 528.182
 5729.61 11748.5 2439.58 697.889 252.274
 3724.54 23092.6 6544.3 1358.92 529.27
 1896.84 8275.85 6421 1819.67 525.02
 3749.05 6812.48 3805.92 2952.91 1078.28
 3126.63 11366 2270.52 1268.47 1343.55
 2300.46 5220.12 1529.71 305.583 351.545
 1143.66 2058.24 367.895 107.808 46.3119
 638.213 2071.18 452.541 80.8881 33.8861
 486.919 1205.1 512.578 111.996 28.4045
 450.589 1175.7 404.086 171.874 47.0781
 1109.51 1326.07 487.823 167.664 90.8481
 554.895 1298.81 216.012 79.4645 42.1106
 847.442 2037.33 721.429 119.985 67.5295
 1729.13 2925.34 1047.28 370.846 96.3905
 1770.82 4757.26 1179.17 422.144 188.337
 375.797 5361.86 2115.1 524.263 271.422
F
 0.0794408 0.496397 0.496397 0.496397 0.496397
 0.0934427 0.58389 0.58389 0.58389 0.58389
 0.181861 1.13639 1.13639 1.13639 1.13639
 0.0469922 0.293638 0.293638 0.293638 0.293638
 0.00692583 0.0432771 0.0432771 0.0432771 0.0432771
 0.0593927 0.371124 0.371124 0.371124 0.371124
 0.0404125 0.252523 0.252523 0.252523 0.252523
 0.0758184 0.473762 0.473762 0.473762 0.473762
 0.0770869 0.481689 0.481689 0.481689 0.481689
 0.0488303 0.305124 0.305124 0.305124 0.305124
 0.0806197 0.503764 0.503764 0.503764 0.503764
 0.0733483 0.458328 0.458328 0.458328 0.458328
 0.120714 0.754297 0.754297 0.754297 0.754297
 0.211569 1.32202 1.32202 1.32202 1.32202
 0.21809 1.36276 1.36276 1.36276 1.36276
 0.0901215 0.563137 0.563137 0.563137 0.563137
 0.0659308 0.411978 0.411978 0.411978 0.411978
 0.0472721 0.295387 0.295387 0.295387 0.295387
 0.0423378 0.264554 0.264554 0.264554 0.264554
 0.0466079 0.291236 0.291236 0.291236 0.291236
 0.0190101 0.118787 0.118787 0.118787 0.118787
 0.0242887 0.151771 0.151771 0.151771 0.151771
 0.0296896 0.18552 0.18552 0.18552 0.18552
 0.0289553 0.180931 0.180931 0.180931 0.180931
 0.0312573 0.195316 0.195316 0.195316 0.195316
nmprior
 10.6 11 7 0
nm_flota  nm_reclas  nm_pelaces    nm_pelaL
inf 18.8924 19.7106 48.207
cv_recla  cv_pelaces  cv_mph
0.778011 0.775432 0.418037
 ------------------------------------------------
Talla a la edad & desviación 
 7.2 14.2025 17.0495 18.207 18.6776
 1.08 2.13037 2.55742 2.73105 2.80164
