years
 1997 1998 1999 2000 2001 2002 2003 2004 2005 2006 2007 2008 2009 2010 2011 2012 2013 2014 2015 2016 2017 2018 2019 2020 2021
reclasobs
 0 0 0 370054 412103 1.49427e+06 250295 1.28982e+06 931140 785840 897777 1.04006e+06 184774 17550 25797 100020 73551 82996 120727 218422 84188 347160 605670 569463 516374
reclaspred
 1.30527e+06 237636 533981 256303 336988 431448 886489 708614 976684 1.17409e+06 1.1418e+06 777695 447601 205139 134014 128704 148074 201054 211075 278844 454470 452476 736179 842714 890398
pelacesobs
 0 0 0 0 0 0 0 0 0 2.06254e+06 1.5e+06 0 1.87456e+06 323000 250000 174000 83755 137374 0 501740 490994 745055 786931 1.00524e+06 1.33801e+06
pelacespred
 699034 248891 175034 177908 199302 192183 456235 441124 554684 692382 589356 416036 237660 87487 56463.4 61900.1 74529 102126 112938 143544 257485 267759 330439 450669 472951
mphobs
 0 0 0 0 0 112323 0 153150 637223 0 255016 313432 73983 77613 109348 50772 0 0 0 0 0 0 0 0 0
mphpred
 929812 464754 355263 284059 241013 393696 526713 722799 742508 983893 1.14409e+06 823860 496945 265732 124975 108107 117947 155708 187165 204447 327444 426219 511797 683815 817478
desembarqueobs
 350755 77701 442110 56441 14545 235359 269955 359681 431902 328805 639364 411747 362871 311530 167758 66681 60226 58785 57116 73181 50977 67692 138656 160484 209506
desembarquepred
 350744 77691.3 441969 56438.2 14544.8 235367 269945 359522 431749 328693 639120 411720 362767 311518 167645 66676.4 60234.6 58777.3 57102.4 73160.5 50972.2 67676.4 138631 160461 209477
Reclutas
 34967.9 39381.1 17311.6 20822.4 48675.2 33580.1 72096.9 80856.7 131051 148863 71710.3 38213.9 47468.2 28307.8 19702.9 16199.2 13369.7 14306.7 14430.9 29041.9 40851.6 43493.2 68726.7 74215.1 21038.3
log_desv_Rt
 -0.0578156 0.0610419 -0.760868 -0.576214 0.272924 -0.0983105 0.665767 0.780433 1.26334 1.39078 0.66039 0.0309537 0.247815 -0.269107 -0.63148 -0.82728 -1.01925 -0.95152 -0.942873 -0.243505 0.0977017 0.16036 0.617894 0.694723 -0.565902
SSB
 929812 464754 355263 284059 241013 393696 526713 722799 742508 983893 1.14409e+06 823860 496945 265732 124975 108107 117947 155708 187165 204447 327444 426219 511797 683815 817478
BT
 2.03629e+06 608073 669748 435350 495730 565282 1.46749e+06 1.42583e+06 1.86414e+06 1.96238e+06 1.82023e+06 1.22961e+06 888630 485625 283901 195255 223755 280186 284601 399353 663764 601267 798233 1.1099e+06 1.09971e+06
Ftot
 0.259117 0.314226 0.76268 0.213081 0.0422081 0.515179 0.293621 0.4827 0.422956 0.270238 0.528231 0.50036 0.750644 1.31715 1.12238 0.491624 0.389257 0.281735 0.260898 0.253496 0.109279 0.145344 0.182573 0.184618 0.227205
BD_Bspro_t
 0.962042 0.77009 0.626289 0.393283 0.485871 0.666053 0.583569 0.623182 0.592484 0.605919 0.610996 0.456738 0.343875 0.247782 0.148781 0.15442 0.218821 0.341994 0.442875 0.526821 0.661289 0.76719 0.771146 0.765939 0.748465
BD_Bspro
 1.22198 0.610789 0.466895 0.373317 0.316744 0.517403 0.692217 0.949917 0.97582 1.29305 1.50359 1.08273 0.653095 0.34923 0.164245 0.142076 0.155008 0.204634 0.245976 0.268689 0.430334 0.560146 0.672615 0.898685 1.07435
BD_Bo
 0.984875 0.492276 0.376302 0.300881 0.255285 0.41701 0.557905 0.765603 0.78648 1.04216 1.21184 0.872649 0.526374 0.281468 0.132376 0.114509 0.124931 0.164929 0.198249 0.216555 0.346835 0.45146 0.542106 0.724311 0.865889
BD_Brms
 4.7902 2.39432 1.83025 1.46342 1.24165 2.02824 2.71352 3.72371 3.82525 5.06882 5.89411 4.24436 2.56016 1.369 0.643848 0.556943 0.607637 0.802175 0.964236 1.05327 1.68693 2.19579 2.63668 3.52288 4.21148
S_f
 0.5 1 1 1 1
 0.5 1 1 1 1
 0.5 1 1 1 1
 0.5 1 1 1 1
 0.5 1 1 1 1
 0.5 1 1 1 1
 0.5 1 1 1 1
 0.5 1 1 1 1
 0.5 1 1 1 1
 0.5 1 1 1 1
 0.5 1 1 1 1
 0.5 1 1 1 1
 0.5 1 1 1 1
 0.5 1 1 1 1
 0.5 1 1 1 1
 0.5 1 1 1 1
 0.5 1 1 1 1
 0.5 1 1 1 1
 0.5 1 1 1 1
 0.5 1 1 1 1
 0.5 1 1 1 1
 0.5 1 1 1 1
 0.5 1 1 1 1
 0.5 1 1 1 1
 0.5 1 1 1 1
Scru_reclas
 0.5 1 1 1 1
 0.5 1 1 1 1
 0.5 1 1 1 1
 0.5 1 1 1 1
 0.5 1 1 1 1
 0.5 1 1 1 1
 0.5 1 1 1 1
 0.5 1 1 1 1
 0.5 1 1 1 1
 0.5 1 1 1 1
 0.5 1 1 1 1
 0.5 1 1 1 1
 0.5 1 1 1 1
 0.5 1 1 1 1
 0.5 1 1 1 1
 0.5 1 1 1 1
 0.5 1 1 1 1
 0.5 1 1 1 1
 0.5 1 1 1 1
 0.5 1 1 1 1
 0.5 1 1 1 1
 0.5 1 1 1 1
 0.5 1 1 1 1
 0.5 1 1 1 1
 0.5 1 1 1 1
Scru_pelaces
 0.5 1 1 1 1
 0.5 1 1 1 1
 0.5 1 1 1 1
 0.5 1 1 1 1
 0.5 1 1 1 1
 0.5 1 1 1 1
 0.5 1 1 1 1
 0.5 1 1 1 1
 0.5 1 1 1 1
 0.5 1 1 1 1
 0.5 1 1 1 1
 0.5 1 1 1 1
 0.5 1 1 1 1
 0.5 1 1 1 1
 0.5 1 1 1 1
 0.5 1 1 1 1
 0.5 1 1 1 1
 0.5 1 1 1 1
 0.5 1 1 1 1
 0.5 1 1 1 1
 0.5 1 1 1 1
 0.5 1 1 1 1
 0.5 1 1 1 1
 0.5 1 1 1 1
 0.5 1 1 1 1
pf_obs 
 0.256992 0.487395 0.22802 0.0275931 0
 0.321318 0.546541 0.124235 0.00734118 0.000564706
 0.182869 0.594174 0.210203 0.0122559 0.00049798
 0.330522 0.361315 0.267642 0.0388342 0.00168674
 0.649043 0.306663 0.0425973 0.00169635 0
 0.582887 0.30429 0.105238 0.00758474 0
 0.465427 0.430635 0.0974691 0.00646863 0
 0.296916 0.608066 0.0921331 0.00288517 0
 0.311714 0.524322 0.152257 0.0117073 0
 0.15457 0.633149 0.183074 0.0267441 0.00246327
 0.131901 0.49318 0.331252 0.0422183 0.00144891
 0.196976 0.569456 0.194076 0.0375587 0.00193317
 0.518974 0.381816 0.0799577 0.0180837 0.00116848
 0.0928022 0.601141 0.25162 0.0475244 0.00691264
 0.122501 0.610282 0.24278 0.0234846 0.000952079
 0.383417 0.481906 0.127806 0.00687128 0
 0.0376549 0.599619 0.316969 0.0457579 0
 0.0361596 0.667082 0.258105 0.0386534 0
 0.158088 0.579412 0.248529 0.0139706 0
 0.0477256 0.309471 0.559284 0.082774 0.000745712
 0.0406174 0.521527 0.379366 0.0568643 0.0016247
 0.151134 0.462217 0.34131 0.0453401 0
 0.294876 0.26143 0.354403 0.0886775 0.000613685
 0.281977 0.475581 0.204845 0.0348837 0.00271318
 0.0354234 0.537034 0.353287 0.0723622 0.0018943
pf_pred 
 0.354012 0.447746 0.176503 0.0217345 4.6643e-06
 0.427555 0.309925 0.181957 0.0717283 0.00883448
 0.272148 0.451679 0.149522 0.0877843 0.0388671
 0.473694 0.255184 0.168249 0.0556963 0.0471772
 0.634434 0.240069 0.0608487 0.0401189 0.0245302
 0.380391 0.482292 0.0901764 0.0228564 0.024284
 0.636521 0.213833 0.116482 0.0217791 0.0113852
 0.533709 0.369374 0.057016 0.0310585 0.00884288
 0.621934 0.27413 0.0823333 0.0127088 0.00889401
 0.541238 0.361608 0.0704444 0.0211575 0.00555138
 0.307704 0.497279 0.153718 0.0299455 0.0113538
 0.282984 0.365315 0.252628 0.0780917 0.0209809
 0.471082 0.252635 0.140764 0.0973432 0.0381749
 0.434415 0.39066 0.0835524 0.0465541 0.044819
 0.539307 0.322452 0.0954858 0.020422 0.0223336
 0.552438 0.344011 0.072478 0.0214625 0.00961024
 0.460487 0.399457 0.107652 0.0226807 0.00972364
 0.477096 0.343306 0.132974 0.0358361 0.010787
 0.450894 0.364763 0.121028 0.0468782 0.0164363
 0.608944 0.249875 0.0937844 0.0311175 0.0162788
 0.559054 0.339557 0.0647852 0.0243155 0.0122885
 0.458055 0.392034 0.115441 0.0220253 0.0124444
 0.531657 0.298745 0.122685 0.0361264 0.0107871
 0.466397 0.376263 0.100363 0.041216 0.0157606
 0.17561 0.534356 0.204514 0.0545515 0.0309691
pobs_RECLAS
 0 0 0 0 0
 0 0 0 0 0
 0 0 0 0 0
 0 0 0 0 0
 0.835266 0.146461 0.0176864 0.000547809 3.91292e-05
 0.385257 0.428462 0.181853 0.0044286 0
 0.867414 0.0963971 0.0333333 0.00285562 0
 0.441836 0.489002 0.0689373 0.000224442 0
 0.779404 0.147425 0.0564933 0.0165055 0.000172143
 0.814271 0.122319 0.05973 0.00367925 0
 0.40263 0.566651 0.0304383 0.000280538 0
 0.475488 0.404961 0.113038 0.00651328 0
 0.955842 0.0263864 0.0167828 0.000988607 0
 0.975058 0.0227948 0.00214734 0 0
 0.738997 0.206755 0.0527124 0.00153531 0
 0.850938 0.134255 0.0134407 0.00136685 0
 0.542534 0.407297 0.0501686 0 0
 0.764087 0.199537 0.0359546 0.000420521 0
 0.470689 0.182191 0.310203 0.0369168 0
 0.84361 0.089868 0.0606195 0.00523954 0.000663233
 0.607945 0.314616 0.071237 0.00620181 0
 0.523733 0.453247 0.0230204 0 0
 0.530135 0.295979 0.169645 0.0042399 0
 0.562478 0.366248 0.0663022 0.0049721 0
 0.250443 0.683176 0.0655157 0.000865301 0
ppred_RECLAS
 0.356194 0.446233 0.175907 0.0216611 4.64855e-06
 0.430512 0.308324 0.181017 0.0713577 0.00878883
 0.280012 0.446798 0.147906 0.0868358 0.0384471
 0.475574 0.254272 0.167647 0.0554973 0.0470086
 0.63473 0.239874 0.0607994 0.0400864 0.0245103
 0.385795 0.478086 0.0893898 0.0226571 0.0240722
 0.639086 0.212324 0.11566 0.0216255 0.0113049
 0.538922 0.365244 0.0563785 0.0307113 0.00874402
 0.626068 0.271132 0.0814329 0.0125699 0.00879675
 0.543727 0.359646 0.0700622 0.0210428 0.00552126
 0.312765 0.493643 0.152594 0.0297266 0.0112708
 0.287468 0.363031 0.251048 0.0776034 0.0208497
 0.480677 0.248052 0.138211 0.0955774 0.0374824
 0.456242 0.375584 0.080328 0.0447575 0.0430894
 0.556476 0.310435 0.0919272 0.0196609 0.0215012
 0.557743 0.339934 0.0716189 0.0212081 0.00949633
 0.464422 0.396543 0.106867 0.0225153 0.00965273
 0.479729 0.341578 0.132305 0.0356556 0.0107327
 0.453274 0.363182 0.120503 0.046675 0.0163651
 0.611151 0.248465 0.093255 0.0309419 0.0161869
 0.559922 0.338888 0.0646576 0.0242676 0.0122642
 0.459259 0.391164 0.115184 0.0219764 0.0124167
 0.533223 0.297745 0.122275 0.0360056 0.010751
 0.467984 0.375144 0.100065 0.0410934 0.0157137
 0.176791 0.53359 0.204221 0.0544734 0.0309247
pobs_PELACES
 0 0 0 0 0
 0 0 0 0 0
 0 0 0 0 0
 0 0 0 0 0
 0 0 0 0 0
 0 0 0 0 0
 0 0 0 0 0
 0 0 0 0 0
 0 0 0 0 0
 0 0 0 0 0
 0.450072 0.473896 0.0757376 0.000293798 0
 0 0 0 0 0
 0.463077 0.371075 0.160297 0.00555027 0
 0.529543 0.364841 0.0842815 0.0213345 0
 0.631943 0.363953 0.00410389 0 0
 0.735681 0.248677 0.0153453 0.000297389 0
 0.695825 0.281241 0.0229344 0 0
 0.275771 0.60734 0.115278 0.00161068 0
 0 0 0 0 0
 0.896147 0.0623911 0.0374545 0.00400742 0
 0.803859 0.145111 0.0509908 3.86294e-05 0
 0.739449 0.233085 0.0266225 0.000797448 4.60066e-05
 0.878498 0.100942 0.0204185 0.000141795 0
 0.694673 0.275183 0.0284847 0.00165964 0
 0.469039 0.446079 0.0841089 0.000773354 0
ppred_PELACES
 0.366057 0.439397 0.173212 0.0213292 4.57733e-06
 0.443267 0.301419 0.176963 0.0697595 0.00859199
 0.30607 0.430628 0.142553 0.0836931 0.0370557
 0.48435 0.250018 0.164842 0.0545687 0.046222
 0.636343 0.238815 0.0605309 0.0399094 0.0244021
 0.406123 0.462263 0.0864314 0.0219072 0.0232755
 0.650183 0.205795 0.112104 0.0209605 0.0109573
 0.558641 0.349624 0.0539674 0.0293978 0.00837006
 0.642257 0.259394 0.0779074 0.0120257 0.00841591
 0.554766 0.350945 0.0683672 0.0205337 0.00538768
 0.331798 0.479972 0.148368 0.0289033 0.0109587
 0.304671 0.354266 0.244987 0.0757298 0.0203463
 0.511629 0.233268 0.129973 0.0898809 0.0352484
 0.51046 0.338134 0.0723184 0.0402947 0.0387929
 0.601583 0.278863 0.0825781 0.0176614 0.0193145
 0.577648 0.324634 0.0683955 0.0202536 0.00906893
 0.480428 0.384692 0.103673 0.0218424 0.00936424
 0.491341 0.333954 0.129352 0.0348598 0.0104931
 0.463962 0.356083 0.118148 0.0457625 0.0160451
 0.621044 0.242144 0.0908825 0.0301547 0.0157751
 0.56436 0.335471 0.0640055 0.0240229 0.0121406
 0.46522 0.386852 0.113914 0.0217341 0.0122799
 0.540713 0.292968 0.120313 0.0354279 0.0105785
 0.475575 0.369792 0.0986371 0.0405071 0.0154895
 0.182313 0.530011 0.202851 0.0541079 0.0307173
pobs_pel_tallas
 0 0 0 0 0 0 0 0 0 0 0 0 0 0 0 0 0 0 0 0 0 0 0 0 0 0 0 0 0 0 0 0 0 0 0 0
 0 0 0 0 0 0 0 0 0 0 0 0 0 0 0 0 0 0 0 0 0 0 0 0 0 0 0 0 0 0 0 0 0 0 0 0
 0 0 0 0 0 0 0 0 0 0 0 0 0 0 0 0 0 0 0 0 0 0 0 0 0 0 0 0 0 0 0 0 0 0 0 0
 0 0 0 0 0 0 0 0 0 0 0 0 0 0 0 0 0 0 0 0 0 0 0 0 0 0 0 0 0 0 0 0 0 0 0 0
 0 0 0 0 0 0 0 0 0 0 0 0 0 0 0 0 0 0 0 0 0 0 0 0 0 0 0 0 0 0 0 0 0 0 0 0
 0 0 0 0 0 0 0 0 0 0 0 0 0 0 0 0 0 0 0 0 0 0 0 0 0 0 0 0 0 0 0 0 0 0 0 0
 0 0 0 0 0 0 0 0 0 0 0 0 0 0 0 0 0 0 0 0 0 0 0 0 0 0 0 0 0 0 0 0 0 0 0 0
 0 0 0 0 0 0 0 0 0 0 0 0 0 0 0 0 0 0 0 0 0 0 0 0 0 0 0 0 0 0 0 0 0 0 0 0
 0 0 0 0 0 0 0 0 0 0 0 0 0 0 0 0 0 0 0 0 0 0 0 0 0 0 0 0 0 0 0 0 0 0 0 0
 0 0 0 0 0 0 0 0 0 0 0 0 0 0 0 0 0 0 0 0 0 0 0 0 0 0 0 0 0 0 0 0 0 0 0 0
 0 0 0 0 0 0 0 0 1.78061e-05 0.00172719 0.00360574 0.0105946 0.0120993 0.0124554 0.0147524 0.0171206 0.0266825 0.0428682 0.0675386 0.121331 0.153587 0.119568 0.100827 0.0573624 0.0630603 0.0341343 0.0324427 0.0444173 0.0211091 0.0280891 0.0125444 0.00206551 0 0 0 0
 0 0 0 0 0 0 0 0 0 0 0 0 0 0 0 0 0 0 0 0 0 0 0 0 0 0 0 0 0 0 0 0 0 0 0 0
 0 0 0 0 0 0 0.0133647 0.0140871 0.0187388 0.0205184 0.03894 0.0496705 0.03968 0.0493445 0.0407372 0.0367815 0.0215668 0.0243155 0.0234873 0.0199281 0.019796 0.0243948 0.0301388 0.0376714 0.0412746 0.0863199 0.0771752 0.113111 0.0741005 0.0525337 0.0229764 0.00759418 0.00175318 0 0 0
 0 0 0 0 0 0 0 0 0 0 0.00219441 0.00772107 0.0458388 0.0604681 0.0671733 0.0775358 0.0609151 0.0617685 0.073594 0.0568108 0.0755445 0.0548602 0.0670107 0.0636378 0.0643287 0.046367 0.0373049 0.0286899 0.0247887 0.0153202 0.00654259 0.00121912 0.000365735 0 0 0
 0 0 0 0 0 0 0 0 0 0 0 0 0.000112435 0.00938835 0.0111873 0.0202946 0.0414886 0.0713402 0.111592 0.104902 0.108894 0.110636 0.117776 0.105296 0.107544 0.0401394 0.0192827 0.0124803 0.00416011 0.0028671 0.000618394 0 0 0 0 0
 0 0 0 0 0 0 0 0 0 0 0.00291406 0.0102884 0.027416 0.0768956 0.0749926 0.110853 0.0956884 0.0897413 0.0766577 0.0534642 0.0500743 0.0551293 0.0594112 0.0620874 0.0668451 0.0424026 0.0208742 0.0120726 0.0048766 0.00582813 0.00118941 0.000297354 0 0 0 0
 0 0.00264628 0.0354308 0.0461629 0.0458689 0.0383711 0.0214643 0.0164657 0.0346957 0.0420465 0.0363128 0.0245516 0.0311673 0.0291091 0.0169068 0.0133784 0.00837989 0.0085269 0.0148486 0.0160247 0.0276389 0.0546898 0.0760071 0.122758 0.109233 0.0665981 0.0333725 0.0166128 0.00676272 0.00308733 0.000882094 0 0 0 0 0
 0 0 0 0 0 0 0 0.000805153 0.000690131 0.00759144 0.0133425 0.0154129 0.00931677 0.000345066 0.00356568 0.00563607 0.00851162 0.0253048 0.0502646 0.0516448 0.0657925 0.0565908 0.0611916 0.0827007 0.0866115 0.110766 0.145733 0.0935128 0.0569358 0.0249597 0.0138026 0.00621118 0.00161031 0.00115022 0 0
 0 0 0 0 0 0 0 0 0 0 0 0 0 0 0 0 0 0 0 0 0 0 0 0 0 0 0 0 0 0 0 0 0 0 0 0
 0.00147267 0.00158595 0.00478618 0.00569244 0.00954404 0.0108468 0.00647125 0.017049 0.0510054 0.094081 0.124002 0.0959785 0.0687766 0.0820023 0.061753 0.0591476 0.0492212 0.0479892 0.0443925 0.0268479 0.0217502 0.0140895 0.0121071 0.0120363 0.00920419 0.00665534 0.0049561 0.00860946 0.00930331 0.0156896 0.0114698 0.00855282 0.00243557 0.00046729 0 2.83206e-05
 0 0 0 0 0.000772559 0.00158375 0.000888443 0.00281984 0.00712685 0.0440552 0.0773331 0.111326 0.0921469 0.0852325 0.0710754 0.0886704 0.0786465 0.0553345 0.0373146 0.0185414 0.00753245 0.00457741 0.012979 0.0271748 0.0457355 0.0583668 0.034881 0.0177882 0.00938659 0.00492506 0.0015258 0.00185414 0.000309023 5.79419e-05 3.86279e-05 0
 0 0.00173294 0.00326652 0 0.00397197 0.00683976 0.00946217 0.0152591 0.00757587 0.0136028 0.0228656 0.0392903 0.0559909 0.0764795 0.0681675 0.0726916 0.0566044 0.0477403 0.0527397 0.0444891 0.0609904 0.0582453 0.0661739 0.0445044 0.0529084 0.0360697 0.0280645 0.0235558 0.0158879 0.00826598 0.00280645 0.00217768 0.000904811 0.00058276 9.20147e-05 0
 0 0 0 0 0 0 0 0 0 0 0 0 0 0 0 0 0 0 0 0 0 0 0 0 0 0 0 0 0 0 0 0 0 0 0 0
 0 0 0 0 0 0 0 0 0 0 0 0 0 0 0 0 0 0 0 0 0 0 0 0 0 0 0 0 0 0 0 0 0 0 0 0
 0 0 0 0 0 0 0 0 0 0 0 0 0 0 0 0 0 0 0 0 0 0 0 0 0 0 0 0 0 0 0 0 0 0 0 0
ppred_pel_tallas
 1.03336e-16 1.59927e-05 9.3811e-05 0.000445824 0.00171626 0.00535184 0.0135187 0.027664 0.0458672 0.061632 0.0671564 0.0594474 0.0430142 0.0260322 0.0143724 0.00929952 0.00924164 0.0122743 0.0171681 0.0232449 0.0299693 0.0367268 0.0428128 0.0475402 0.0503821 0.0510847 0.0497127 0.0466094 0.042293 0.0373244 0.0321948 0.0272587 0.0227222 0.0186704 0.0151135 0.0120283
 1.05409e-16 1.93537e-05 0.000113556 0.000539723 0.00207785 0.00647946 0.0163668 0.0334904 0.0555206 0.0745825 0.081213 0.0717606 0.0516416 0.0306906 0.0159312 0.00879426 0.00727978 0.00899323 0.0124501 0.0169348 0.0220217 0.0272922 0.0322729 0.0364906 0.0395614 0.0412653 0.0415779 0.0406478 0.0387353 0.0361345 0.0331086 0.0298556 0.0265072 0.0231482 0.0198437 0.0166576
 1.06772e-16 1.33763e-05 7.84522e-05 0.00037281 0.00143514 0.00447518 0.0113044 0.0231332 0.0383571 0.0515469 0.0561836 0.0497731 0.0360988 0.0220163 0.0124614 0.0085246 0.00892583 0.0120849 0.0169876 0.0230571 0.029807 0.0366578 0.0429386 0.0479935 0.0513183 0.0526671 0.0520928 0.0499049 0.0465667 0.042569 0.0383246 0.0341123 0.0300747 0.0262546 0.0226469 0.0192416
 1.06457e-16 2.11429e-05 0.000124065 0.000589696 0.00227027 0.00707955 0.0178825 0.0365912 0.0606588 0.0814774 0.0887015 0.0783312 0.0562692 0.0332384 0.0168818 0.00872655 0.00655044 0.00771079 0.0105819 0.0144127 0.0188098 0.0234241 0.027869 0.0317548 0.0347593 0.036687 0.0374958 0.0372785 0.0362142 0.0345082 0.0323431 0.0298545 0.0271344 0.0242497 0.0212644 0.0182541
 1.03449e-16 2.77699e-05 0.000162973 0.000774671 0.00298248 0.00930053 0.0234925 0.0480696 0.0796835 0.107022 0.116484 0.102802 0.0737085 0.0432584 0.0214464 0.0102201 0.00659481 0.00703669 0.00936621 0.0125868 0.0162169 0.0198829 0.0232028 0.0258143 0.027445 0.0279708 0.0274373 0.0260348 0.0240384 0.0217357 0.0193649 0.0170827 0.0149624 0.0130152 0.0112212 0.00955574
 1.03218e-16 1.77404e-05 0.00010407 0.000494594 0.00190403 0.00593739 0.0149978 0.0306904 0.050884 0.0683697 0.0744893 0.0659176 0.0476501 0.0287455 0.0157015 0.00990029 0.0095736 0.0125616 0.0174797 0.023565 0.0302277 0.0368089 0.0425689 0.0468034 0.0489963 0.0489373 0.0467656 0.0429184 0.0380093 0.0326781 0.0274614 0.0227184 0.0186195 0.0151839 0.0123393 0.00997975
 1.02891e-16 2.83723e-05 0.000166512 0.000791501 0.00304729 0.00950265 0.024003 0.0491138 0.0814136 0.109342 0.119001 0.105005 0.0752463 0.0440776 0.0216988 0.0100867 0.00618022 0.00636376 0.00841726 0.0113457 0.0146975 0.0181445 0.0213526 0.0239969 0.0258194 0.0266797 0.0265768 0.0256333 0.0240504 0.0220528 0.0198405 0.0175629 0.0153151 0.0131511 0.0111024 0.00919313
 1.02282e-16 2.43863e-05 0.000143098 0.000680159 0.00261855 0.0081656 0.0206259 0.0422051 0.0699663 0.093983 0.102325 0.0903845 0.0649757 0.0384761 0.0197117 0.0104519 0.00813383 0.00969214 0.0132088 0.0177429 0.0227353 0.0276603 0.0319536 0.0350837 0.0366634 0.0365389 0.034822 0.0318498 0.0280925 0.0240384 0.0200951 0.0165334 0.0134787 0.0109401 0.00885692 0.00714302
 1.01997e-16 2.80287e-05 0.00016449 0.00078188 0.00301023 0.00938706 0.0237111 0.048517 0.0804257 0.10802 0.117575 0.103774 0.0744276 0.0437241 0.0217581 0.0105026 0.00695169 0.00754188 0.0100703 0.0135186 0.017378 0.0212388 0.0246779 0.0272935 0.0287843 0.0290148 0.028041 0.026084 0.0234658 0.0205289 0.0175664 0.0147827 0.0122861 0.0101081 0.00823322 0.00662739
 1.02043e-16 2.42174e-05 0.000142106 0.000675444 0.00260039 0.00810898 0.0204829 0.0419125 0.0694814 0.0933321 0.101618 0.0897623 0.0645343 0.0382268 0.0196065 0.010433 0.00816382 0.00975754 0.0133109 0.0178892 0.0229346 0.0279196 0.032276 0.0354667 0.0370975 0.0370072 0.0353007 0.0323102 0.0285039 0.0243715 0.020326 0.0166469 0.0134705 0.0108175 0.00863741 0.00685175
 1.03768e-16 1.45003e-05 8.50463e-05 0.000404148 0.00155578 0.00485138 0.0122547 0.0250779 0.041582 0.0558812 0.0609094 0.0539634 0.039146 0.0238902 0.0135481 0.00930174 0.00976069 0.013204 0.0185171 0.0250502 0.0322429 0.0394281 0.0458396 0.0507359 0.0535577 0.0540507 0.0523136 0.0487501 0.0439504 0.0385432 0.0330678 0.0279011 0.0232452 0.0191619 0.015628 0.0125864
 1.07146e-16 1.33126e-05 7.8084e-05 0.000371073 0.00142848 0.00445442 0.0112518 0.0230252 0.0381761 0.051298 0.0558974 0.0494843 0.035813 0.021691 0.0120104 0.0078337 0.00786876 0.0105387 0.0148549 0.0202974 0.0264708 0.0329124 0.0390722 0.0443897 0.0484007 0.0508246 0.0516032 0.0508778 0.0489207 0.0460496 0.0425557 0.0386667 0.0345459 0.0303134 0.0260743 0.0219361
 1.06657e-16 2.23317e-05 0.000131046 0.000622887 0.00239807 0.00747809 0.0188892 0.0386508 0.064072 0.086059 0.093681 0.0827089 0.0593711 0.0349842 0.0176082 0.0088393 0.00631289 0.00722301 0.00984613 0.013396 0.0174803 0.0217704 0.0259092 0.0295396 0.0323688 0.0342226 0.0350674 0.0349921 0.0341611 0.0327567 0.0309341 0.0288012 0.0264243 0.0238481 0.021121 0.0183088
 1.04334e-16 2.22849e-05 0.000130762 0.000621515 0.00239276 0.00746148 0.0188474 0.038566 0.0639342 0.0858825 0.0935114 0.0826127 0.0594183 0.0352451 0.0181678 0.00981626 0.0078628 0.00952091 0.0130491 0.0175929 0.0226378 0.0276911 0.0322169 0.0357043 0.0377733 0.0382591 0.0372422 0.035011 0.0319762 0.0285638 0.0251261 0.0218927 0.0189673 0.0163577 0.0140209 0.0119033
 1.02773e-16 2.62559e-05 0.000154081 0.000732387 0.00281966 0.00879278 0.02221 0.0454458 0.0753358 0.101187 0.110146 0.0972396 0.0697875 0.0410925 0.020624 0.0102476 0.00716537 0.00805334 0.0108522 0.0145977 0.0187848 0.0229856 0.0267498 0.0296483 0.0313583 0.0317332 0.0308302 0.0288809 0.0262231 0.0232141 0.0201579 0.0172629 0.014637 0.0123084 0.0102592 0.00845603
 1.02197e-16 2.52141e-05 0.00014796 0.000703279 0.00270757 0.00844323 0.0213271 0.0436397 0.0723435 0.0971729 0.10579 0.0934246 0.0671172 0.0396559 0.0201539 0.0104257 0.00780641 0.00911756 0.0123777 0.0166317 0.021337 0.026001 0.0300983 0.0331314 0.0347344 0.0347544 0.033283 0.0306205 0.0271921 0.0234432 0.0197496 0.0163656 0.0134159 0.0109212 0.00883892 0.00710239
 1.02786e-16 2.09774e-05 0.000123081 0.00058499 0.0022521 0.00702286 0.0177395 0.0362996 0.060179 0.0808442 0.0880417 0.0778189 0.0560541 0.0334177 0.0175352 0.00997043 0.00856253 0.0107094 0.0147727 0.0199192 0.0256011 0.0312587 0.036273 0.0400516 0.0421518 0.0423795 0.0408262 0.0378294 0.0338761 0.029481 0.0250834 0.0209862 0.0173465 0.0142041 0.0115273 0.00925603
 1.03634e-16 2.14512e-05 0.000125867 0.000598246 0.00230316 0.00718209 0.0181416 0.037122 0.0615408 0.0826687 0.0900155 0.0795323 0.0572203 0.033977 0.0175812 0.00960969 0.00783212 0.00957669 0.0131763 0.0178136 0.0229929 0.0282307 0.0329931 0.0367613 0.0391362 0.0399223 0.0391611 0.0371007 0.0341169 0.0306151 0.0269461 0.0233592 0.0199958 0.0169123 0.0141168 0.0116007
 1.04116e-16 2.02582e-05 0.000118862 0.000564935 0.0021749 0.00678211 0.0171313 0.035055 0.0581154 0.078071 0.085019 0.0751409 0.0541116 0.0322328 0.0168655 0.00951685 0.00809884 0.0101013 0.0139512 0.0188612 0.0243275 0.0298408 0.0348348 0.0387615 0.0412031 0.0419612 0.0410915 0.0388693 0.0357029 0.0320279 0.0282156 0.0245232 0.0210879 0.0179543 0.0151156 0.0125498
 1.03143e-16 2.7103e-05 0.000159057 0.000756055 0.0029108 0.009077 0.0229279 0.0469143 0.0777689 0.104451 0.113689 0.100342 0.0719596 0.0422621 0.0210089 0.0101073 0.00665126 0.0071986 0.00962672 0.0129636 0.0167344 0.0205631 0.0240602 0.026851 0.0286477 0.0293088 0.0288633 0.0274872 0.0254472 0.0230292 0.0204785 0.0179664 0.015587 0.0133758 0.0113361 0.00946283
 1.02411e-16 2.46351e-05 0.00014456 0.000687113 0.00264532 0.00824911 0.0208368 0.0426366 0.0706811 0.0949416 0.103365 0.0912935 0.0656087 0.03881 0.0198076 0.0103823 0.00793851 0.00937625 0.0127598 0.0171484 0.0219957 0.0267963 0.0310085 0.0341206 0.0357568 0.0357627 0.0342363 0.0314909 0.0279679 0.0241275 0.0203562 0.0169127 0.0139207 0.0113957 0.00928845 0.00752612
 1.03064e-16 2.03143e-05 0.000119188 0.000566482 0.00218084 0.00680063 0.0171782 0.0351511 0.0582755 0.0782885 0.0852623 0.0753714 0.054311 0.0324185 0.0170844 0.00983094 0.00857373 0.0108 0.0149266 0.0201444 0.0259128 0.0316731 0.0368041 0.040709 0.0429392 0.0432934 0.0418555 0.0389552 0.0350723 0.0307159 0.0263217 0.0221919 0.0184862 0.0152494 0.0124574 0.0100591
 1.03515e-16 2.36024e-05 0.000138501 0.000658314 0.00253445 0.00790338 0.0199635 0.0408494 0.0677177 0.0909592 0.0990245 0.0874485 0.0628208 0.0371119 0.0188528 0.00974403 0.00729644 0.00854446 0.011649 0.0157382 0.0203312 0.0249949 0.0292601 0.0326712 0.0348756 0.0356963 0.0351625 0.0334822 0.0309749 0.0279867 0.0248176 0.021682 0.0187029 0.0159332 0.0133865 0.0110639
 1.03637e-16 2.07651e-05 0.000121836 0.000579075 0.00222934 0.00695186 0.0175601 0.0359325 0.0595701 0.0800254 0.0871477 0.0770231 0.0554688 0.0330446 0.0172954 0.00976583 0.00831344 0.0103615 0.0142916 0.0192873 0.0248213 0.0303595 0.0353119 0.0391121 0.0413353 0.0417914 0.0405605 0.0379542 0.0344231 0.0304426 0.0264145 0.0226123 0.0191742 0.0161325 0.0134589 0.0111053
 1.06347e-16 7.9842e-06 4.6786e-05 0.000222244 0.000855389 0.00266721 0.00673771 0.0137903 0.0228742 0.0307658 0.0336014 0.0299295 0.0220591 0.0141557 0.00927003 0.00818266 0.0102636 0.0146711 0.0208252 0.0282904 0.0365468 0.0448921 0.0524929 0.0585304 0.0623731 0.0637116 0.0626112 0.0594624 0.0548562 0.0494281 0.043726 0.0381354 0.0328714 0.0280168 0.0235806 0.0195489
pSPR Fmed_Fpbrs
0.56013   0.255602 0.255602
Fs Fmed_Fpbrs
0.32428   1.005 1.005
SSBpbr Bo_Bmed_Bpbrs
944091  481609  194107 194107
Ro
37049.1
SPR SPRFo_SPRFmed_SPRFpbrs
760907 426207 194489
log_Ro
10.34
likeval ReclasPelacesDesembMPH_pf_preclas_ppelaces_ptallas_desvR_qrecl_qpela
 103.524 94.0399 0.00781146 0.000646137 344.771 205.206 81.842 0 15.7658 0 0 0 0 0 0
q_reclas_q_pelaces
1 1
M
0.7
N
 34967.9 23369.4 9212.32 1134.4 0.243446
 39381.1 15254.4 8955.89 3530.45 434.831
 17311.6 16712.8 5532.53 3248.15 1438.14
 20822.4 5871.07 3870.93 1281.42 1085.41
 48675.2 9295.12 2355.98 1553.35 949.775
 33580.1 23666.6 4425.05 1121.59 1191.64
 72096.9 12888.6 7020.86 1312.72 686.236
 80856.7 30913.8 4771.8 2599.36 740.081
 131051 31542.3 9473.53 1462.32 1023.37
 148863 52673.4 10261.2 3081.9 808.637
 71710.3 64580.1 19962.8 3888.93 1474.48
 38213.9 27344.6 18909.7 5845.32 1570.46
 47468.2 14776.2 8233.07 5693.44 2232.79
 28307.8 16195.6 3463.83 1929.99 1858.06
 19702.9 7275.85 2154.55 460.806 503.938
 16199.2 5582.16 1176.08 348.265 155.942
 13369.7 6291.21 1695.46 357.207 153.142
 14306.7 5465 2116.78 570.464 171.715
 14430.9 6170.98 2047.52 793.073 278.065
 29041.9 6289.76 2360.7 783.277 409.763
 40851.6 12704.9 2424.02 909.794 459.787
 43493.2 19207.6 5655.98 1079.12 609.709
 68726.7 20084.2 8247.93 2428.73 725.2
 74215.1 31151.2 8309.17 3412.31 1304.83
 21038.3 33604.4 12861.4 3430.62 1947.58
pred_Ctot
 3078.79 3893.99 1535.03 189.022 0.0405648
 4155.21 3012.03 1768.36 697.096 85.8584
 4034.56 6696.08 2216.64 1301.39 576.2
 1522.71 820.3 540.842 179.038 151.653
 731.909 276.953 70.1975 46.2828 28.299
 5565.97 7057.02 1319.48 334.441 355.329
 7139.88 2398.57 1306.58 244.297 127.708
 12643.6 8750.49 1350.71 735.778 209.488
 18185 8015.4 2407.38 371.599 260.055
 13636.6 9110.79 1774.86 533.068 139.868
 12153.8 19641.7 6071.59 1182.8 448.457
 6171.08 7966.48 5509.09 1702.96 457.533
 10915.1 5853.66 3261.56 2255.48 884.528
 10195.3 9168.45 1960.9 1092.58 1051.86
 6283.26 3756.76 1112.47 237.929 260.2
 2575.05 1603.52 337.838 100.042 44.7958
 1719.69 1491.77 402.028 84.7012 36.313
 1362.94 980.739 379.873 102.374 30.8157
 1278.83 1034.55 343.261 132.956 46.6168
 2504.6 1027.74 385.737 127.987 66.9551
 1567.12 951.837 181.604 68.1605 34.4466
 2201.69 1884.35 554.877 105.867 59.8152
 4334.89 2435.83 1000.32 294.559 87.953
 4731.4 3817.03 1018.14 418.119 159.885
 1635.46 4976.47 1904.65 508.04 288.416
F
 0.129558 0.259117 0.259117 0.259117 0.259117
 0.157113 0.314226 0.314226 0.314226 0.314226
 0.38134 0.76268 0.76268 0.76268 0.76268
 0.106541 0.213081 0.213081 0.213081 0.213081
 0.0211041 0.0422081 0.0422081 0.0422081 0.0422081
 0.25759 0.515179 0.515179 0.515179 0.515179
 0.14681 0.293621 0.293621 0.293621 0.293621
 0.24135 0.4827 0.4827 0.4827 0.4827
 0.211478 0.422956 0.422956 0.422956 0.422956
 0.135119 0.270238 0.270238 0.270238 0.270238
 0.264116 0.528231 0.528231 0.528231 0.528231
 0.25018 0.50036 0.50036 0.50036 0.50036
 0.375322 0.750644 0.750644 0.750644 0.750644
 0.658577 1.31715 1.31715 1.31715 1.31715
 0.561188 1.12238 1.12238 1.12238 1.12238
 0.245812 0.491624 0.491624 0.491624 0.491624
 0.194629 0.389257 0.389257 0.389257 0.389257
 0.140868 0.281735 0.281735 0.281735 0.281735
 0.130449 0.260898 0.260898 0.260898 0.260898
 0.126748 0.253496 0.253496 0.253496 0.253496
 0.0546393 0.109279 0.109279 0.109279 0.109279
 0.0726721 0.145344 0.145344 0.145344 0.145344
 0.0912864 0.182573 0.182573 0.182573 0.182573
 0.092309 0.184618 0.184618 0.184618 0.184618
 0.113603 0.227205 0.227205 0.227205 0.227205
nmprior
 10.6 11 7 0
nm_flota  nm_reclas  nm_pelaces    nm_pelaL
inf 14.8211 12.2964 26.1044
cv_recla  cv_pelaces  cv_mph
0.920335 1.09958 0.824709
 ------------------------------------------------
Talla a la edad & desviación 
 7.2 14.2025 17.0495 18.207 18.6776
 1.08 2.13037 2.55742 2.73105 2.80164
