years
 1997 1998 1999 2000 2001 2002 2003 2004 2005 2006 2007 2008 2009 2010 2011 2012 2013 2014 2015 2016 2017 2018 2019 2020 2021
reclasobs
 0 0 0 370054 412103 1.49427e+06 250295 1.28982e+06 931140 785840 897777 1.04006e+06 184774 17550 25797 100020 73551 82996 120727 218422 84188 347160 605670 569463 516374
reclaspred
 4.91036e+06 1.13137e+06 3.48911e+06 2.00456e+06 1.81255e+06 2.02724e+06 3.64413e+06 2.36017e+06 2.50725e+06 1.85039e+06 1.25945e+06 844116 497711 257843 208119 226658 283844 428335 501541 655657 983225 976363 1.68175e+06 2.25977e+06 3.89918e+06
pelacesobs
 0 0 0 0 0 0 0 0 0 2.06254e+06 1.5e+06 0 1.87456e+06 323000 250000 174000 83755 137374 0 501740 490994 745055 786931 1.00524e+06 1.33801e+06
pelacespred
 3.18206e+06 1.30554e+06 1.31291e+06 1.52419e+06 1.16923e+06 1.09276e+06 1.85211e+06 1.7311e+06 1.52266e+06 1.18958e+06 702264 475640 266944 117125 96092.1 116646 151992 227959 282346 357445 575762 600316 784925 1.24196e+06 2.18537e+06
mphobs
 0 0 0 0 0 112323 0 153150 637223 0 255016 313432 73983 77613 109348 50772 0 0 0 0 0 0 0 0 0
mphpred
 3.45711e+06 2.08887e+06 1.93517e+06 2.31312e+06 1.65357e+06 1.77864e+06 2.3824e+06 2.6153e+06 2.24212e+06 2.03559e+06 1.32894e+06 898574 563041 297207 185065 182457 222129 317108 430196 500575 734860 915481 1.1382e+06 1.68966e+06 2.72639e+06
desembarqueobs
 350755 77701 442110 56441 14545 235359 269955 359681 431902 328805 639364 411747 362871 311530 167758 66681 60226 58785 57116 73181 50977 67692 138656 160484 209506
desembarquepred
 351033 77827.7 441872 56403.6 14541.5 234965 269888 360318 433275 329606 640306 412681 363948 312494 167477 66602.8 60251.4 58875.2 57168.4 73192.4 50973.5 67715.1 138900 160738 209922
Reclutas
 175672 153903 67125 85449.5 128064 101647 156873 159714 158996 44592.6 81453.4 50688.4 40828.9 38058.2 22969.6 25442.3 22071.9 29651.5 30627.2 51700.3 78585 87057.1 155932 229817 318606
log_desv_Rt
 0.836374 0.704079 -0.125688 0.115681 0.520283 0.289256 0.723193 0.74114 0.736634 -0.534677 0.0677864 -0.406547 -0.622853 -0.693128 -1.19807 -1.09583 -1.23794 -0.942733 -0.910357 -0.386782 0.0319365 0.13432 0.717178 1.10504 1.43171
SSB
 3.45711e+06 2.08887e+06 1.93517e+06 2.31312e+06 1.65357e+06 1.77864e+06 2.3824e+06 2.6153e+06 2.24212e+06 2.03559e+06 1.32894e+06 898574 563041 297207 185065 182457 222129 317108 430196 500575 734860 915481 1.1382e+06 1.68966e+06 2.72639e+06
BT
 8.70524e+06 2.60248e+06 3.07062e+06 3.03714e+06 2.44231e+06 2.29061e+06 4.55026e+06 4.09127e+06 3.76325e+06 2.58452e+06 2.09166e+06 1.38944e+06 927663 555488 369912 315010 394680 565826 630835 857218 1.38893e+06 1.26217e+06 1.76397e+06 2.9099e+06 5.37449e+06
Ftot
 0.0697905 0.0671611 0.123189 0.0275293 0.00785796 0.11282 0.0722883 0.148359 0.167719 0.172669 0.481811 0.463848 0.680667 1.08488 0.747489 0.283143 0.205602 0.133712 0.110995 0.10875 0.0506685 0.0677065 0.0805753 0.0694473 0.0526147
BD_Bspro_t
 0.989912 0.938123 0.904916 0.839548 0.865276 0.902617 0.868114 0.864642 0.82068 0.768205 0.664685 0.506126 0.398128 0.28853 0.212426 0.239539 0.351051 0.518816 0.650475 0.733669 0.816526 0.879136 0.884596 0.891889 0.910521
BD_Bspro
 2.21151 1.33625 1.23793 1.4797 1.05779 1.1378 1.52402 1.67301 1.43428 1.30217 0.850125 0.574818 0.360177 0.190123 0.118386 0.116718 0.142096 0.202854 0.275196 0.320218 0.47009 0.585633 0.728109 1.08088 1.74407
BD_Bo
 1.80981 1.09353 1.01306 1.21092 0.865648 0.931123 1.24719 1.36911 1.17375 1.06564 0.695705 0.470406 0.294753 0.155588 0.0968819 0.0955166 0.116285 0.166007 0.225208 0.262052 0.384701 0.479256 0.595852 0.884542 1.42727
BD_Brms
 8.80247 5.31865 4.92731 5.88964 4.21031 4.52877 6.06604 6.65905 5.70886 5.18301 3.38375 2.28794 1.43361 0.756746 0.471211 0.464571 0.565584 0.807418 1.09536 1.27456 1.87109 2.33099 2.89809 4.30221 6.94191
S_f
 0.5 1 1 1 1
 0.5 1 1 1 1
 0.5 1 1 1 1
 0.5 1 1 1 1
 0.5 1 1 1 1
 0.5 1 1 1 1
 0.5 1 1 1 1
 0.5 1 1 1 1
 0.5 1 1 1 1
 0.5 1 1 1 1
 0.5 1 1 1 1
 0.5 1 1 1 1
 0.5 1 1 1 1
 0.5 1 1 1 1
 0.5 1 1 1 1
 0.5 1 1 1 1
 0.5 1 1 1 1
 0.5 1 1 1 1
 0.5 1 1 1 1
 0.5 1 1 1 1
 0.5 1 1 1 1
 0.5 1 1 1 1
 0.5 1 1 1 1
 0.5 1 1 1 1
 0.5 1 1 1 1
Scru_reclas
 0.5 1 1 1 1
 0.5 1 1 1 1
 0.5 1 1 1 1
 0.5 1 1 1 1
 0.5 1 1 1 1
 0.5 1 1 1 1
 0.5 1 1 1 1
 0.5 1 1 1 1
 0.5 1 1 1 1
 0.5 1 1 1 1
 0.5 1 1 1 1
 0.5 1 1 1 1
 0.5 1 1 1 1
 0.5 1 1 1 1
 0.5 1 1 1 1
 0.5 1 1 1 1
 0.5 1 1 1 1
 0.5 1 1 1 1
 0.5 1 1 1 1
 0.5 1 1 1 1
 0.5 1 1 1 1
 0.5 1 1 1 1
 0.5 1 1 1 1
 0.5 1 1 1 1
 0.5 1 1 1 1
Scru_pelaces
 0.5 1 1 1 1
 0.5 1 1 1 1
 0.5 1 1 1 1
 0.5 1 1 1 1
 0.5 1 1 1 1
 0.5 1 1 1 1
 0.5 1 1 1 1
 0.5 1 1 1 1
 0.5 1 1 1 1
 0.5 1 1 1 1
 0.5 1 1 1 1
 0.5 1 1 1 1
 0.5 1 1 1 1
 0.5 1 1 1 1
 0.5 1 1 1 1
 0.5 1 1 1 1
 0.5 1 1 1 1
 0.5 1 1 1 1
 0.5 1 1 1 1
 0.5 1 1 1 1
 0.5 1 1 1 1
 0.5 1 1 1 1
 0.5 1 1 1 1
 0.5 1 1 1 1
 0.5 1 1 1 1
pf_obs 
 0.256992 0.487395 0.22802 0.0275931 0
 0.321318 0.546541 0.124235 0.00734118 0.000564706
 0.182869 0.594174 0.210203 0.0122559 0.00049798
 0.330522 0.361315 0.267642 0.0388342 0.00168674
 0.649043 0.306663 0.0425973 0.00169635 0
 0.582887 0.30429 0.105238 0.00758474 0
 0.465427 0.430635 0.0974691 0.00646863 0
 0.296916 0.608066 0.0921331 0.00288517 0
 0.311714 0.524322 0.152257 0.0117073 0
 0.15457 0.633149 0.183074 0.0267441 0.00246327
 0.131901 0.49318 0.331252 0.0422183 0.00144891
 0.196976 0.569456 0.194076 0.0375587 0.00193317
 0.518974 0.381816 0.0799577 0.0180837 0.00116848
 0.0928022 0.601141 0.25162 0.0475244 0.00691264
 0.122501 0.610282 0.24278 0.0234846 0.000952079
 0.383417 0.481906 0.127806 0.00687128 0
 0.0376549 0.599619 0.316969 0.0457579 0
 0.0361596 0.667082 0.258105 0.0386534 0
 0.158088 0.579412 0.248529 0.0139706 0
 0.0477256 0.309471 0.559284 0.082774 0.000745712
 0.0406174 0.521527 0.379366 0.0568643 0.0016247
 0.151134 0.462217 0.34131 0.0453401 0
 0.294876 0.26143 0.354403 0.0886775 0.000613685
 0.281977 0.475581 0.204845 0.0348837 0.00271318
 0.0354234 0.537034 0.353287 0.0723622 0.0018943
pf_pred 
 0.498042 0.252693 0.125484 0.0623134 0.061468
 0.382868 0.413034 0.102746 0.0510221 0.05033
 0.206646 0.443 0.234485 0.0583302 0.0575389
 0.324579 0.236666 0.244996 0.129679 0.06408
 0.42989 0.2805 0.101479 0.10505 0.0830807
 0.331038 0.402593 0.131057 0.0474132 0.0878993
 0.457744 0.274044 0.161415 0.0525456 0.054252
 0.409845 0.373421 0.109532 0.0645155 0.0426857
 0.398392 0.355913 0.155464 0.0456008 0.0446304
 0.156354 0.490514 0.208914 0.0912544 0.0529639
 0.382959 0.172904 0.258231 0.109982 0.0759236
 0.340563 0.388037 0.0760504 0.113581 0.0817692
 0.388542 0.331382 0.164807 0.0323001 0.0829689
 0.496606 0.306599 0.106654 0.0530424 0.0370989
 0.471076 0.388401 0.0855875 0.0297726 0.0251631
 0.543058 0.315516 0.103852 0.0228847 0.0146889
 0.431129 0.409902 0.109767 0.0361299 0.0130718
 0.487529 0.315916 0.141629 0.0379265 0.0170001
 0.430637 0.378047 0.117938 0.0528728 0.0205052
 0.528593 0.287325 0.122227 0.0381308 0.0237241
 0.532877 0.326106 0.0859507 0.0365633 0.0185034
 0.447752 0.385616 0.116328 0.0306603 0.0196433
 0.541905 0.285406 0.120583 0.0363761 0.0157301
 0.526064 0.335365 0.0863336 0.0364758 0.0157618
 0.503485 0.344384 0.10765 0.0277126 0.016768
pobs_RECLAS
 0 0 0 0 0
 0 0 0 0 0
 0 0 0 0 0
 0 0 0 0 0
 0.835266 0.146461 0.0176864 0.000547809 3.91292e-05
 0.385257 0.428462 0.181853 0.0044286 0
 0.867414 0.0963971 0.0333333 0.00285562 0
 0.441836 0.489002 0.0689373 0.000224442 0
 0.779404 0.147425 0.0564933 0.0165055 0.000172143
 0.814271 0.122319 0.05973 0.00367925 0
 0.40263 0.566651 0.0304383 0.000280538 0
 0.475488 0.404961 0.113038 0.00651328 0
 0.955842 0.0263864 0.0167828 0.000988607 0
 0.975058 0.0227948 0.00214734 0 0
 0.738997 0.206755 0.0527124 0.00153531 0
 0.850938 0.134255 0.0134407 0.00136685 0
 0.542534 0.407297 0.0501686 0 0
 0.764087 0.199537 0.0359546 0.000420521 0
 0.470689 0.182191 0.310203 0.0369168 0
 0.84361 0.089868 0.0606195 0.00523954 0.000663233
 0.607945 0.314616 0.071237 0.00620181 0
 0.523733 0.453247 0.0230204 0 0
 0.530135 0.295979 0.169645 0.0042399 0
 0.562478 0.366248 0.0663022 0.0049721 0
 0.250443 0.683176 0.0655157 0.000865301 0
ppred_RECLAS
 0.498583 0.25242 0.125348 0.0622461 0.0614017
 0.38336 0.412705 0.102664 0.0509815 0.0502899
 0.207307 0.442631 0.234289 0.0582816 0.057491
 0.324759 0.236603 0.244931 0.129644 0.064063
 0.429946 0.280473 0.101469 0.10504 0.0830725
 0.331847 0.402106 0.130898 0.0473559 0.087793
 0.458302 0.273762 0.161248 0.0524914 0.0541961
 0.411046 0.372662 0.109309 0.0643842 0.0425988
 0.39976 0.355103 0.155111 0.0454971 0.0445289
 0.157134 0.490061 0.20872 0.09117 0.0529149
 0.387913 0.171516 0.256158 0.109099 0.075314
 0.345043 0.3854 0.0755337 0.112809 0.0812136
 0.396532 0.327052 0.162654 0.0318781 0.0818849
 0.513072 0.29657 0.103165 0.0513075 0.0358854
 0.480613 0.381398 0.0840442 0.0292357 0.0247093
 0.545692 0.313697 0.103254 0.0227528 0.0146043
 0.432903 0.408624 0.109425 0.0360172 0.013031
 0.488631 0.315236 0.141324 0.0378449 0.0169635
 0.431517 0.377463 0.117756 0.0527912 0.0204735
 0.529467 0.286792 0.122001 0.0380601 0.0236801
 0.533261 0.325837 0.08588 0.0365332 0.0184881
 0.448271 0.385254 0.116219 0.0306314 0.0196249
 0.542533 0.285014 0.120418 0.0363263 0.0157085
 0.526602 0.334984 0.0862357 0.0364344 0.015744
 0.503887 0.344105 0.107563 0.0276902 0.0167544
pobs_PELACES
 0 0 0 0 0
 0 0 0 0 0
 0 0 0 0 0
 0 0 0 0 0
 0 0 0 0 0
 0 0 0 0 0
 0 0 0 0 0
 0 0 0 0 0
 0 0 0 0 0
 0 0 0 0 0
 0.450072 0.473896 0.0757376 0.000293798 0
 0 0 0 0 0
 0.463077 0.371075 0.160297 0.00555027 0
 0.529543 0.364841 0.0842815 0.0213345 0
 0.631943 0.363953 0.00410389 0 0
 0.735681 0.248677 0.0153453 0.000297389 0
 0.695825 0.281241 0.0229344 0 0
 0.275771 0.60734 0.115278 0.00161068 0
 0 0 0 0 0
 0.896147 0.0623911 0.0374545 0.00400742 0
 0.803859 0.145111 0.0509908 3.86294e-05 0
 0.739449 0.233085 0.0266225 0.000797448 4.60066e-05
 0.878498 0.100942 0.0204185 0.000141795 0
 0.694673 0.275183 0.0284847 0.00165964 0
 0.469039 0.446079 0.0841089 0.000773354 0
ppred_PELACES
 0.501462 0.250971 0.124629 0.0618887 0.0610491
 0.385983 0.410949 0.102227 0.0507646 0.0500759
 0.210667 0.440755 0.233296 0.0580346 0.0572473
 0.325756 0.236254 0.244569 0.129453 0.0639684
 0.430264 0.280316 0.101412 0.104981 0.0830262
 0.335988 0.399614 0.130087 0.0470625 0.087249
 0.461265 0.272264 0.160367 0.0522044 0.0538997
 0.416985 0.368904 0.108207 0.063735 0.0421693
 0.406419 0.351164 0.15339 0.0449924 0.0440349
 0.160944 0.487845 0.207777 0.0907578 0.0526757
 0.406948 0.166182 0.248191 0.105707 0.0729718
 0.362538 0.375106 0.0735161 0.109796 0.0790443
 0.423694 0.312331 0.155332 0.0304432 0.0781992
 0.55757 0.269468 0.0937375 0.0466187 0.032606
 0.511435 0.358764 0.0790567 0.0275008 0.023243
 0.557247 0.305719 0.100628 0.0221741 0.0142328
 0.44125 0.40261 0.107814 0.0354871 0.0128392
 0.494145 0.311837 0.1398 0.0374369 0.0167806
 0.436015 0.374476 0.116824 0.0523735 0.0203115
 0.533935 0.284069 0.120842 0.0376987 0.0234552
 0.535342 0.324385 0.0854972 0.0363704 0.0184057
 0.451036 0.383323 0.115636 0.030478 0.0195265
 0.54583 0.28296 0.11955 0.0360644 0.0155953
 0.529457 0.332963 0.0857155 0.0362146 0.015649
 0.506057 0.3426 0.107093 0.0275691 0.0166811
pobs_pel_tallas
 0 0 0 0 0 0 0 0 0 0 0 0 0 0 0 0 0 0 0 0 0 0 0 0 0 0 0 0 0 0 0 0 0 0 0 0
 0 0 0 0 0 0 0 0 0 0 0 0 0 0 0 0 0 0 0 0 0 0 0 0 0 0 0 0 0 0 0 0 0 0 0 0
 0 0 0 0 0 0 0 0 0 0 0 0 0 0 0 0 0 0 0 0 0 0 0 0 0 0 0 0 0 0 0 0 0 0 0 0
 0 0 0 0 0 0 0 0 0 0 0 0 0 0 0 0 0 0 0 0 0 0 0 0 0 0 0 0 0 0 0 0 0 0 0 0
 0 0 0 0 0 0 0 0 0 0 0 0 0 0 0 0 0 0 0 0 0 0 0 0 0 0 0 0 0 0 0 0 0 0 0 0
 0 0 0 0 0 0 0 0 0 0 0 0 0 0 0 0 0 0 0 0 0 0 0 0 0 0 0 0 0 0 0 0 0 0 0 0
 0 0 0 0 0 0 0 0 0 0 0 0 0 0 0 0 0 0 0 0 0 0 0 0 0 0 0 0 0 0 0 0 0 0 0 0
 0 0 0 0 0 0 0 0 0 0 0 0 0 0 0 0 0 0 0 0 0 0 0 0 0 0 0 0 0 0 0 0 0 0 0 0
 0 0 0 0 0 0 0 0 0 0 0 0 0 0 0 0 0 0 0 0 0 0 0 0 0 0 0 0 0 0 0 0 0 0 0 0
 0 0 0 0 0 0 0 0 0 0 0 0 0 0 0 0 0 0 0 0 0 0 0 0 0 0 0 0 0 0 0 0 0 0 0 0
 0 0 0 0 0 0 0 0 1.78061e-05 0.00172719 0.00360574 0.0105946 0.0120993 0.0124554 0.0147524 0.0171206 0.0266825 0.0428682 0.0675386 0.121331 0.153587 0.119568 0.100827 0.0573624 0.0630603 0.0341343 0.0324427 0.0444173 0.0211091 0.0280891 0.0125444 0.00206551 0 0 0 0
 0 0 0 0 0 0 0 0 0 0 0 0 0 0 0 0 0 0 0 0 0 0 0 0 0 0 0 0 0 0 0 0 0 0 0 0
 0 0 0 0 0 0 0.0133647 0.0140871 0.0187388 0.0205184 0.03894 0.0496705 0.03968 0.0493445 0.0407372 0.0367815 0.0215668 0.0243155 0.0234873 0.0199281 0.019796 0.0243948 0.0301388 0.0376714 0.0412746 0.0863199 0.0771752 0.113111 0.0741005 0.0525337 0.0229764 0.00759418 0.00175318 0 0 0
 0 0 0 0 0 0 0 0 0 0 0.00219441 0.00772107 0.0458388 0.0604681 0.0671733 0.0775358 0.0609151 0.0617685 0.073594 0.0568108 0.0755445 0.0548602 0.0670107 0.0636378 0.0643287 0.046367 0.0373049 0.0286899 0.0247887 0.0153202 0.00654259 0.00121912 0.000365735 0 0 0
 0 0 0 0 0 0 0 0 0 0 0 0 0.000112435 0.00938835 0.0111873 0.0202946 0.0414886 0.0713402 0.111592 0.104902 0.108894 0.110636 0.117776 0.105296 0.107544 0.0401394 0.0192827 0.0124803 0.00416011 0.0028671 0.000618394 0 0 0 0 0
 0 0 0 0 0 0 0 0 0 0 0.00291406 0.0102884 0.027416 0.0768956 0.0749926 0.110853 0.0956884 0.0897413 0.0766577 0.0534642 0.0500743 0.0551293 0.0594112 0.0620874 0.0668451 0.0424026 0.0208742 0.0120726 0.0048766 0.00582813 0.00118941 0.000297354 0 0 0 0
 0 0.00264628 0.0354308 0.0461629 0.0458689 0.0383711 0.0214643 0.0164657 0.0346957 0.0420465 0.0363128 0.0245516 0.0311673 0.0291091 0.0169068 0.0133784 0.00837989 0.0085269 0.0148486 0.0160247 0.0276389 0.0546898 0.0760071 0.122758 0.109233 0.0665981 0.0333725 0.0166128 0.00676272 0.00308733 0.000882094 0 0 0 0 0
 0 0 0 0 0 0 0 0.000805153 0.000690131 0.00759144 0.0133425 0.0154129 0.00931677 0.000345066 0.00356568 0.00563607 0.00851162 0.0253048 0.0502646 0.0516448 0.0657925 0.0565908 0.0611916 0.0827007 0.0866115 0.110766 0.145733 0.0935128 0.0569358 0.0249597 0.0138026 0.00621118 0.00161031 0.00115022 0 0
 0 0 0 0 0 0 0 0 0 0 0 0 0 0 0 0 0 0 0 0 0 0 0 0 0 0 0 0 0 0 0 0 0 0 0 0
 0.00147267 0.00158595 0.00478618 0.00569244 0.00954404 0.0108468 0.00647125 0.017049 0.0510054 0.094081 0.124002 0.0959785 0.0687766 0.0820023 0.061753 0.0591476 0.0492212 0.0479892 0.0443925 0.0268479 0.0217502 0.0140895 0.0121071 0.0120363 0.00920419 0.00665534 0.0049561 0.00860946 0.00930331 0.0156896 0.0114698 0.00855282 0.00243557 0.00046729 0 2.83206e-05
 0 0 0 0 0.000772559 0.00158375 0.000888443 0.00281984 0.00712685 0.0440552 0.0773331 0.111326 0.0921469 0.0852325 0.0710754 0.0886704 0.0786465 0.0553345 0.0373146 0.0185414 0.00753245 0.00457741 0.012979 0.0271748 0.0457355 0.0583668 0.034881 0.0177882 0.00938659 0.00492506 0.0015258 0.00185414 0.000309023 5.79419e-05 3.86279e-05 0
 0 0.00173294 0.00326652 0 0.00397197 0.00683976 0.00946217 0.0152591 0.00757587 0.0136028 0.0228656 0.0392903 0.0559909 0.0764795 0.0681675 0.0726916 0.0566044 0.0477403 0.0527397 0.0444891 0.0609904 0.0582453 0.0661739 0.0445044 0.0529084 0.0360697 0.0280645 0.0235558 0.0158879 0.00826598 0.00280645 0.00217768 0.000904811 0.00058276 9.20147e-05 0
 0 0 0 0 0 0 0 0 0 0 0 0 0 0 0 0 0 0 0 0 0 0 0 0 0 0 0 0 0 0 0 0 0 0 0 0
 0 0 0 0 0 0 0 0 0 0 0 0 0 0 0 0 0 0 0 0 0 0 0 0 0 0 0 0 0 0 0 0 0 0 0 0
 0 0 0 0 0 0 0 0 0 0 0 0 0 0 0 0 0 0 0 0 0 0 0 0 0 0 0 0 0 0 0 0 0 0 0 0
ppred_pel_tallas
 1.06831e-16 2.1889e-05 0.000128446 0.000610522 0.00235046 0.00732961 0.0185141 0.0378836 0.0628008 0.0843534 0.0918295 0.0810865 0.0582329 0.0343668 0.0173958 0.00889343 0.00655071 0.00762265 0.0104185 0.0141563 0.0184296 0.0228847 0.0271365 0.0308031 0.0335776 0.0352866 0.0359141 0.0355794 0.0344836 0.0328445 0.030844 0.0286041 0.0261914 0.0236398 0.0209794 0.0182554
 1.0567e-16 1.686e-05 9.89067e-05 0.000470057 0.00180958 0.00564285 0.0142537 0.0291677 0.0483587 0.0649746 0.0707849 0.0626269 0.0452441 0.0272403 0.0147836 0.0091806 0.00874642 0.0114306 0.0159307 0.0215497 0.0277707 0.0340226 0.03966 0.044061 0.0467589 0.0475438 0.0465009 0.043966 0.0404225 0.0363748 0.0322415 0.0282978 0.0246718 0.0213807 0.0183843 0.0156319
 1.08125e-16 9.21698e-06 5.40316e-05 0.000256708 0.000988117 0.00308114 0.00778316 0.0159287 0.0264161 0.0355143 0.0387474 0.0344176 0.0251608 0.0157425 0.00962425 0.00763449 0.00897443 0.0126252 0.0179213 0.0244393 0.0317443 0.039266 0.0463214 0.0522257 0.0564316 0.0586382 0.0588363 0.0572724 0.054354 0.0505311 0.0461978 0.0416392 0.0370303 0.0324668 0.0280094 0.0237167
 1.10986e-16 1.4227e-05 8.34639e-05 0.000396675 0.0015271 0.00476198 0.0120285 0.0246135 0.0408055 0.0548186 0.0597009 0.0527732 0.0380236 0.0226918 0.0119575 0.00689787 0.00607669 0.00777507 0.0109477 0.0151148 0.020004 0.0253348 0.0307658 0.035927 0.0404808 0.0441732 0.0468597 0.0484961 0.0491067 0.0487466 0.0474748 0.0453494 0.0424406 0.03885 0.0347247 0.0302567
 1.09018e-16 1.87855e-05 0.000110223 0.000523884 0.00201687 0.00628932 0.0158865 0.0325074 0.0538906 0.0723917 0.078824 0.0696415 0.0500986 0.0297375 0.0153697 0.00837763 0.00681297 0.00834689 0.0115387 0.0157022 0.020443 0.0253851 0.030109 0.0342012 0.0373336 0.0393282 0.0401803 0.04003 0.0390997 0.0376188 0.0357655 0.0336425 0.0312865 0.0287009 0.0258925 0.0228981
 1.07671e-16 1.46796e-05 8.61063e-05 0.000409205 0.00157529 0.00491222 0.0124082 0.0253916 0.0420995 0.0565692 0.0616395 0.0545634 0.0394793 0.0238912 0.0131881 0.00853213 0.00848331 0.011281 0.0158063 0.0214518 0.0277465 0.0341518 0.0400494 0.0448361 0.048049 0.0494639 0.0491311 0.0473349 0.0444976 0.0410619 0.0373937 0.0337312 0.030186 0.0267794 0.0234932 0.0203122
 1.06678e-16 2.01372e-05 0.000118159 0.000561612 0.00216213 0.00674232 0.0170307 0.0348486 0.0577709 0.0776016 0.0844903 0.0746321 0.053655 0.0317807 0.0163013 0.00868662 0.00683601 0.00824386 0.0113635 0.015467 0.0201499 0.0250354 0.0297026 0.0337298 0.0367739 0.038635 0.0392841 0.0388419 0.0375231 0.0355678 0.0331851 0.0305255 0.0276837 0.0247198 0.0216858 0.0186441
 1.05817e-16 1.82102e-05 0.000106837 0.000507767 0.00195478 0.00609568 0.0153975 0.0315076 0.0522359 0.0701772 0.076435 0.0675835 0.048733 0.029157 0.0154911 0.00911412 0.0081739 0.010434 0.0144876 0.0196148 0.0253274 0.0311111 0.0363886 0.0406004 0.0433208 0.0443483 0.04374 0.0417736 0.0388575 0.0354204 0.0318195 0.0282913 0.0249502 0.021821 0.018885 0.0161193
 1.05896e-16 1.77489e-05 0.00010413 0.000494901 0.00190525 0.00594121 0.0150073 0.0307091 0.050912 0.0683983 0.0744967 0.0658677 0.0474918 0.0284067 0.0150798 0.00885508 0.00792972 0.0101287 0.0140898 0.0191236 0.02477 0.0305441 0.0358953 0.0402823 0.043281 0.0446717 0.0444738 0.0429139 0.0403466 0.0371549 0.0336681 0.0301166 0.0266304 0.0232659 0.0200441 0.0169818
 1.08689e-16 7.05064e-06 4.13092e-05 0.000196215 0.000755189 0.00235476 0.00594842 0.012175 0.0201958 0.0271657 0.0296761 0.0264486 0.0195272 0.0125975 0.0083644 0.00753247 0.00956351 0.0137332 0.0195459 0.0266278 0.0345218 0.0426 0.0501085 0.0562991 0.0605837 0.0626557 0.0625376 0.0605364 0.0571338 0.0528493 0.0481266 0.0432742 0.038464 0.0337707 0.0292251 0.0248575
 1.1062e-16 1.77646e-05 0.000104239 0.000495456 0.00190745 0.00594812 0.0150245 0.030743 0.0509632 0.068452 0.0745154 0.0657899 0.0472307 0.0278418 0.0140395 0.00710424 0.00517421 0.00604806 0.00839927 0.0116606 0.0155876 0.0199856 0.0246219 0.0292302 0.0335457 0.0373394 0.0404369 0.0427194 0.0441111 0.0445658 0.0440606 0.0426022 0.0402416 0.0370857 0.0333017 0.0291052
 1.08632e-16 1.58361e-05 9.28989e-05 0.000441504 0.00169966 0.00530007 0.0133879 0.0273958 0.0454207 0.0610264 0.0664818 0.0588153 0.042481 0.0255578 0.0138373 0.00854465 0.00809725 0.0105726 0.0147566 0.0200112 0.0258764 0.0318474 0.0373533 0.0418419 0.0448961 0.0463231 0.0461847 0.0447549 0.0424261 0.0395966 0.0365795 0.0335595 0.0305985 0.0276779 0.0247526 0.0217953
 1.07007e-16 1.85005e-05 0.000108547 0.000515906 0.00198614 0.00619347 0.0156445 0.0320125 0.0530712 0.0712943 0.0776381 0.0686152 0.0494071 0.0294211 0.015379 0.00865928 0.00735994 0.00919909 0.0127581 0.0173437 0.0225293 0.0278862 0.0329306 0.0371832 0.0402627 0.0419616 0.0422769 0.0413823 0.0395604 0.0371179 0.0343162 0.0313361 0.028279 0.0251928 0.0221059 0.0190535
 1.04544e-16 2.43363e-05 0.000142812 0.000678817 0.0026134 0.00814958 0.0205853 0.0421215 0.0698256 0.0937875 0.102095 0.090141 0.0647126 0.0381441 0.0192193 0.00967611 0.00693212 0.00791796 0.0107354 0.0144983 0.0187416 0.0230659 0.0270454 0.0302688 0.0324195 0.0333413 0.0330639 0.0317762 0.0297627 0.027325 0.0247168 0.0221087 0.0195882 0.0171819 0.0148883 0.0127043
 1.03271e-16 2.23283e-05 0.000131015 0.000622713 0.00239736 0.00747583 0.0188836 0.0386404 0.0640581 0.0860505 0.0936989 0.0827891 0.0595685 0.035381 0.0183237 0.0100372 0.00819663 0.0100137 0.0137408 0.018509 0.0237798 0.0290265 0.0336746 0.0371771 0.0391291 0.0393578 0.0379568 0.0352463 0.0316817 0.0277389 0.0238172 0.0201839 0.0169677 0.0141876 0.0117988 0.00973597
 1.02956e-16 2.43238e-05 0.000142735 0.000678442 0.00261195 0.00814504 0.0205739 0.0420984 0.0697883 0.0937405 0.102052 0.0901225 0.0647418 0.0382465 0.0194279 0.010037 0.00750575 0.00877319 0.0119369 0.0160887 0.0207218 0.0253786 0.0295667 0.0328134 0.0347606 0.0352415 0.034311 0.0322156 0.0293189 0.0260087 0.0226172 0.0193764 0.0164108 0.0137602 0.0114149 0.00934726
 1.03481e-16 1.92697e-05 0.000113054 0.000537316 0.00206854 0.00645043 0.0162936 0.0333413 0.0552762 0.0742625 0.0808864 0.0715237 0.0515833 0.0308804 0.0164383 0.00971744 0.00875695 0.0111853 0.015503 0.0209292 0.0269211 0.0329026 0.0382303 0.0422861 0.0446071 0.0449881 0.0435199 0.0405481 0.0365716 0.0321176 0.0276333 0.0234252 0.0196504 0.0163469 0.0134831 0.0110021
 1.04157e-16 2.15726e-05 0.000126582 0.000601649 0.00231627 0.00722297 0.0182449 0.0373331 0.0618901 0.0831359 0.0905189 0.0799645 0.057504 0.0340909 0.0175404 0.00942946 0.00750688 0.00908173 0.0124811 0.0168978 0.02186 0.026918 0.0315755 0.0353469 0.0378527 0.0388972 0.0385009 0.0368728 0.0343396 0.0312577 0.0279376 0.024603 0.0213853 0.0183464 0.0155097 0.0128879
 1.0453e-16 1.90403e-05 0.00011171 0.000530931 0.00204397 0.0063738 0.0161 0.032945 0.0546186 0.0733772 0.0799172 0.0706552 0.0509319 0.0304406 0.0161143 0.00938825 0.00831874 0.0105606 0.0146386 0.0197989 0.0255346 0.0313161 0.0365501 0.0406627 0.0432174 0.0440091 0.0431001 0.0407824 0.037487 0.0336708 0.0297213 0.0259037 0.0223561 0.0191185 0.016178 0.0135075
 1.042e-16 2.33064e-05 0.000136764 0.00065006 0.00250268 0.00780428 0.0197132 0.0403371 0.0668684 0.0898181 0.0977812 0.0863482 0.0620254 0.0366321 0.018591 0.00958011 0.00714077 0.00834512 0.0113799 0.0153896 0.0199083 0.0245191 0.0287705 0.0322225 0.0345324 0.035525 0.0352207 0.0338102 0.0315893 0.0288782 0.025953 0.0230089 0.0201571 0.0174458 0.0148907 0.0125009
 1.0343e-16 2.33693e-05 0.00013713 0.000651791 0.00250933 0.00782501 0.0197656 0.0404447 0.0670477 0.0900621 0.098055 0.0866096 0.0622556 0.0368529 0.0188584 0.00996782 0.00772671 0.00920317 0.0125696 0.0169407 0.0218022 0.0266745 0.0310388 0.0343989 0.0363829 0.0368243 0.0357927 0.0335598 0.0305184 0.0270819 0.0235987 0.0203045 0.0173168 0.0146612 0.0123117 0.0102265
 1.03727e-16 1.96957e-05 0.000115556 0.000549217 0.00211437 0.00659334 0.0166546 0.0340798 0.0564996 0.0759037 0.0826674 0.0730831 0.0526743 0.0314661 0.0166277 0.00964003 0.00848774 0.0107398 0.0148651 0.0200796 0.0258562 0.0316463 0.0368378 0.0408412 0.0432113 0.0437449 0.0425179 0.0398465 0.0361926 0.0320463 0.0278252 0.0238171 0.0201726 0.0169339 0.0140803 0.0115692
 1.03758e-16 2.38251e-05 0.000139809 0.000664537 0.00255842 0.00797811 0.0201522 0.0412355 0.0683574 0.0918174 0.0999557 0.0882637 0.0633908 0.0374173 0.0189502 0.00970061 0.00715061 0.00830317 0.0113023 0.015274 0.0197457 0.0242987 0.028481 0.031853 0.034073 0.0349678 0.0345607 0.0330465 0.0307263 0.0279264 0.0249298 0.0219377 0.0190662 0.016366 0.0138529 0.0115326
 1.03301e-16 2.31131e-05 0.000135625 0.000644634 0.00248177 0.00773907 0.0195485 0.0400006 0.0663119 0.0890748 0.096983 0.0856695 0.0615947 0.0364916 0.0187286 0.00998798 0.00784744 0.00941065 0.0128699 0.0173439 0.0223126 0.0272843 0.0317259 0.0351279 0.0371092 0.0375005 0.0363758 0.0340181 0.030835 0.0272554 0.0236414 0.0202381 0.017168 0.0144575 0.0120784 0.00998476
 1.03359e-16 2.20932e-05 0.000129636 0.00061616 0.00237213 0.00739717 0.0186849 0.0382337 0.0633836 0.0851437 0.0927093 0.0819096 0.0589247 0.0349767 0.0180749 0.00984001 0.00797007 0.00970762 0.0133292 0.0179868 0.0231644 0.0283614 0.0330289 0.0366388 0.0387919 0.0393043 0.0382408 0.0358807 0.0326341 0.0289367 0.0251604 0.0215629 0.0182803 0.015353 0.0127657 0.0104837
pSPR Fmed_Fpbrs
0.775192   0.255602 0.255602
Fs Fmed_Fpbrs
0.128346   1.005 1.005
SSBpbr Bo_Bmed_Bpbrs
1.91021e+06  1.38527e+06  392743 392743
Ro
76115
SPR SPRFo_SPRFmed_SPRFpbrs
1.56323e+06 1.21181e+06 399565
log_Ro
11.06
likeval ReclasPelacesDesembMPH_pf_preclas_ppelaces_ptallas_desvR_qrecl_qpela
 275.986 43.6945 0.344552 0.00144673 352.527 235.381 84.3382 0 19.9416 0 0 0 0 0 0
q_reclas_q_pelaces
1 1
M
0.7
N
 175672 45251.9 22471.4 11159 11007.6
 153903 84244.5 20956.6 10406.7 10265.6
 67125 73902.2 39117.2 9730.77 9598.76
 85449.5 31342.1 32445.3 17173.6 8486.24
 128064 41852.9 15141.4 15674.3 12396.3
 101647 63345.2 20620.9 7460.15 13830.4
 156873 47707.6 28100.3 9147.53 9444.59
 159714 75135.5 22038.8 12981.1 8588.72
 158996 73641.2 32166.8 9435.17 9234.38
 44592.6 72603.9 30922.5 13507.1 7839.5
 81453.4 20312.4 30336.4 12920.5 8919.35
 50688.4 31789.2 6230.28 9304.87 6698.78
 40828.9 19960.9 9927.19 1945.61 4997.65
 38058.2 14426.4 5018.38 2495.8 1745.61
 22969.6 10986.6 2420.99 842.169 711.781
 25442.3 7849.31 2583.61 569.32 365.427
 22071.9 10966.5 2936.69 966.614 349.72
 29651.5 9889.82 4433.72 1187.3 532.191
 30627.2 13772.2 4296.47 1926.16 747.005
 51700.3 14387.9 6120.61 1909.42 1188
 78585 24314.9 6408.6 2726.21 1379.63
 87057.1 38047.9 11477.9 3025.18 1938.17
 155932 41792.3 17657.1 5326.6 2303.37
 229817 74376.1 19146.8 8089.49 3495.61
 318606 110229 34456.2 8870.12 5367.02
pred_Ctot
 4341.28 2202.65 1093.8 543.167 535.798
 3662.14 3950.67 982.766 488.027 481.407
 2893.96 6203.96 3283.82 816.88 805.799
 840.743 613.026 634.602 335.902 165.984
 361.227 235.698 85.27 88.2713 69.8107
 4022.53 4892 1592.5 576.13 1068.09
 4013.26 2402.68 1415.2 460.692 475.653
 8247.23 7514.28 2204.09 1298.23 858.954
 9242.47 8256.98 3606.68 1057.91 1035.4
 2665.81 8363.19 3561.95 1555.87 903.026
 12715.8 5741.13 8574.33 3651.87 2520.98
 7647.04 8713.02 1707.64 2550.35 1836.05
 8637.3 7366.62 3663.66 718.032 1844.4
 11819.3 7297.08 2538.37 1262.42 882.957
 5263 4339.34 956.209 332.628 281.13
 2435.16 1414.82 465.691 102.619 65.8675
 1559.96 1483.15 397.171 130.729 47.2976
 1384.38 897.071 402.167 107.696 48.2732
 1192.9 1047.22 326.697 146.462 56.8011
 1973.92 1072.95 456.433 142.391 88.5925
 1415.87 866.47 228.373 97.1495 49.1638
 2088.1 1798.33 542.499 142.985 91.6071
 4438.43 2337.59 987.627 297.936 128.836
 5651.82 3603.02 927.534 391.881 169.339
 5958.26 4075.45 1273.94 327.952 198.433
F
 0.0348952 0.0697905 0.0697905 0.0697905 0.0697905
 0.0335806 0.0671611 0.0671611 0.0671611 0.0671611
 0.0615943 0.123189 0.123189 0.123189 0.123189
 0.0137647 0.0275293 0.0275293 0.0275293 0.0275293
 0.00392898 0.00785796 0.00785796 0.00785796 0.00785796
 0.0564098 0.11282 0.11282 0.11282 0.11282
 0.0361441 0.0722883 0.0722883 0.0722883 0.0722883
 0.0741796 0.148359 0.148359 0.148359 0.148359
 0.0838596 0.167719 0.167719 0.167719 0.167719
 0.0863347 0.172669 0.172669 0.172669 0.172669
 0.240906 0.481811 0.481811 0.481811 0.481811
 0.231924 0.463848 0.463848 0.463848 0.463848
 0.340333 0.680667 0.680667 0.680667 0.680667
 0.542441 1.08488 1.08488 1.08488 1.08488
 0.373745 0.747489 0.747489 0.747489 0.747489
 0.141571 0.283143 0.283143 0.283143 0.283143
 0.102801 0.205602 0.205602 0.205602 0.205602
 0.066856 0.133712 0.133712 0.133712 0.133712
 0.0554973 0.110995 0.110995 0.110995 0.110995
 0.0543748 0.10875 0.10875 0.10875 0.10875
 0.0253342 0.0506685 0.0506685 0.0506685 0.0506685
 0.0338532 0.0677065 0.0677065 0.0677065 0.0677065
 0.0402877 0.0805753 0.0805753 0.0805753 0.0805753
 0.0347237 0.0694473 0.0694473 0.0694473 0.0694473
 0.0263074 0.0526147 0.0526147 0.0526147 0.0526147
nmprior
 10.6 11 7 0
nm_flota  nm_reclas  nm_pelaces    nm_pelaL
inf 9.75327 11.4711 23.8499
cv_recla  cv_pelaces  cv_mph
1.50269 0.749524 1.23405
 ------------------------------------------------
Talla a la edad & desviación 
 7.2 14.2025 17.0495 18.207 18.6776
 1.08 2.13037 2.55742 2.73105 2.80164
