years
 1997 1998 1999 2000 2001 2002 2003 2004 2005 2006 2007 2008 2009 2010 2011 2012 2013 2014 2015 2016 2017 2018 2019 2020 2021
reclasobs
 0 0 0 370054 412103 1.49427e+06 250295 1.28982e+06 931140 785840 897777 1.04006e+06 184774 17550 25797 100020 73551 82996 120727 218422 84188 347160 605670 569463 516374
reclaspred
 456306 131969 434212 310959 424410 499739 1.07326e+06 685114 720500 620420 477740 318114 194149 88017.1 61378.3 63980.1 82916.3 115730 124323 177920 254343 233288 409419 528230 585208
pelacesobs
 0 0 0 0 0 0 0 0 0 2.06254e+06 1.5e+06 0 1.87456e+06 323000 250000 174000 83755 137374 0 501740 490994 745055 786931 1.00524e+06 1.33801e+06
pelacespred
 1.89895e+06 489854 970061 1.07229e+06 1.23865e+06 1.23959e+06 2.90998e+06 2.39191e+06 2.18194e+06 1.9119e+06 1.32038e+06 905192 541447 200679 137624 155697 211880 302108 335524 464995 740982 667283 920090 1.40766e+06 1.62579e+06
mphobs
 0 0 0 0 0 112323 0 153150 637223 0 255016 313432 73983 77613 109348 50772 0 0 0 0 0 0 0 0 0
mphpred
 164348 109357 141919 186548 184183 269327 402678 461181 376630 357929 317634 218604 133953 69481.1 32601.3 28405.5 35873.3 51156.2 64969.3 75625.8 112265 131664 166341 240466 323037
desembarqueobs
 350755 77701 442110 56441 14545 235359 269955 359681 431902 328805 639364 411747 362871 311530 167758 66681 60226 58785 57116 73181 50977 67692 138656 160484 209506
desembarquepred
 350767 77705.3 442162 56443.2 14545.1 235402 269988 359717 431988 328871 639729 412072 363318 312068 167817 66697.6 60250.2 58788.8 57114.2 73185 50978.9 67689.3 138662 160493 209510
Reclutas
 64586.8 80098.6 50572.7 73786.1 121777 91388.5 137099 120658 136435 130504 66465.6 41654.9 42348.8 23604.5 17761.8 21557.2 17845.4 20389.9 23304.9 39919.2 49724.1 65712.7 107537 130353 57894.6
log_desv_Rt
 0.135765 0.351014 -0.108833 0.268926 0.769946 0.482875 0.888456 0.760718 0.883607 0.83916 0.16444 -0.302826 -0.286304 -0.870807 -1.15519 -0.961536 -1.1505 -1.01721 -0.883581 -0.345388 -0.125755 0.153048 0.645592 0.838003 0.0263799
SSB
 772217 513833 666831 876525 865414 1.26548e+06 1.89205e+06 2.16694e+06 1.76966e+06 1.68179e+06 1.49246e+06 1.02715e+06 629403 326469 153183 133468 168557 240366 305269 355340 527495 618646 781582 1.12987e+06 1.51784e+06
BT
 2.67024e+06 726905 1.44149e+06 1.37048e+06 1.53179e+06 1.69122e+06 3.77073e+06 3.33333e+06 3.07582e+06 2.65842e+06 2.19323e+06 1.48388e+06 1.01973e+06 544689 312119 246520 309689 417855 458440 630792 952350 875856 1.21981e+06 1.8555e+06 2.14894e+06
Ftot
 0.391648 0.291747 0.40299 0.0753471 0.0159642 0.165619 0.10424 0.212317 0.249567 0.212346 0.463835 0.438733 0.698751 1.26014 1.21857 0.474691 0.325969 0.216094 0.178824 0.183944 0.0863231 0.114245 0.134419 0.127765 0.12453
BD_Bspro_t
 0.953496 0.787367 0.760709 0.660015 0.763025 0.861233 0.834186 0.836793 0.782831 0.738968 0.694117 0.538369 0.423057 0.307845 0.190191 0.202558 0.3138 0.47935 0.595066 0.682303 0.777459 0.842957 0.849825 0.85586 0.85862
BD_Bspro
 0.666813 0.443697 0.575812 0.756884 0.747289 1.09275 1.63379 1.87116 1.52811 1.45223 1.28874 0.886945 0.543492 0.281907 0.132274 0.11525 0.145549 0.207557 0.263601 0.306838 0.455494 0.534203 0.6749 0.975647 1.31067
BD_Bo
 0.574521 0.382287 0.496116 0.652126 0.643859 0.941504 1.40767 1.61218 1.31661 1.25123 1.11037 0.764186 0.468269 0.242889 0.113966 0.099299 0.125404 0.17883 0.227117 0.264369 0.392451 0.460266 0.581489 0.840611 1.12926
BD_Brms
 1.04458 0.695067 0.902028 1.18568 1.17065 1.71183 2.55939 2.93124 2.39383 2.27497 2.01886 1.38943 0.851399 0.441617 0.207212 0.180544 0.228008 0.325145 0.41294 0.480672 0.713547 0.836847 1.05725 1.52838 2.0532
S_f
 0.189839 1 1 1 1
 0.189839 1 1 1 1
 0.189839 1 1 1 1
 0.189839 1 1 1 1
 0.189839 1 1 1 1
 0.189839 1 1 1 1
 0.189839 1 1 1 1
 0.189839 1 1 1 1
 0.189839 1 1 1 1
 0.189839 1 1 1 1
 0.189839 1 1 1 1
 0.189839 1 1 1 1
 0.189839 1 1 1 1
 0.189839 1 1 1 1
 0.189839 1 1 1 1
 0.189839 1 1 1 1
 0.189839 1 1 1 1
 0.189839 1 1 1 1
 0.189839 1 1 1 1
 0.189839 1 1 1 1
 0.189839 1 1 1 1
 0.189839 1 1 1 1
 0.189839 1 1 1 1
 0.189839 1 1 1 1
 0.189839 1 1 1 1
Scru_reclas
 1 1 1 1 1
 1 1 1 1 1
 1 1 1 1 1
 1 1 1 1 1
 1 1 1 1 1
 1 1 1 1 1
 1 1 1 1 1
 1 1 1 1 1
 1 1 1 1 1
 1 1 1 1 1
 1 1 1 1 1
 1 1 1 1 1
 1 1 1 1 1
 1 1 1 1 1
 1 1 1 1 1
 1 1 1 1 1
 1 1 1 1 1
 1 1 1 1 1
 1 1 1 1 1
 1 1 1 1 1
 1 1 1 1 1
 1 1 1 1 1
 1 1 1 1 1
 1 1 1 1 1
 1 1 1 1 1
Scru_pelaces
 0.953615 1 1 1 1
 0.953615 1 1 1 1
 0.953615 1 1 1 1
 0.953615 1 1 1 1
 0.953615 1 1 1 1
 0.953615 1 1 1 1
 0.953615 1 1 1 1
 0.953615 1 1 1 1
 0.953615 1 1 1 1
 0.953615 1 1 1 1
 0.953615 1 1 1 1
 0.953615 1 1 1 1
 0.953615 1 1 1 1
 0.953615 1 1 1 1
 0.953615 1 1 1 1
 0.953615 1 1 1 1
 0.953615 1 1 1 1
 0.953615 1 1 1 1
 0.953615 1 1 1 1
 0.953615 1 1 1 1
 0.953615 1 1 1 1
 0.953615 1 1 1 1
 0.953615 1 1 1 1
 0.953615 1 1 1 1
 0.953615 1 1 1 1
pf_obs 
 0.256992 0.487395 0.22802 0.0275931 0
 0.321318 0.546541 0.124235 0.00734118 0.000564706
 0.182869 0.594174 0.210203 0.0122559 0.00049798
 0.330522 0.361315 0.267642 0.0388342 0.00168674
 0.649043 0.306663 0.0425973 0.00169635 0
 0.582887 0.30429 0.105238 0.00758474 0
 0.465427 0.430635 0.0974691 0.00646863 0
 0.296916 0.608066 0.0921331 0.00288517 0
 0.311714 0.524322 0.152257 0.0117073 0
 0.15457 0.633149 0.183074 0.0267441 0.00246327
 0.131901 0.49318 0.331252 0.0422183 0.00144891
 0.196976 0.569456 0.194076 0.0375587 0.00193317
 0.518974 0.381816 0.0799577 0.0180837 0.00116848
 0.0928022 0.601141 0.25162 0.0475244 0.00691264
 0.122501 0.610282 0.24278 0.0234846 0.000952079
 0.383417 0.481906 0.127806 0.00687128 0
 0.0376549 0.599619 0.316969 0.0457579 0
 0.0361596 0.667082 0.258105 0.0386534 0
 0.158088 0.579412 0.248529 0.0139706 0
 0.0477256 0.309471 0.559284 0.082774 0.000745712
 0.0406174 0.521527 0.379366 0.0568643 0.0016247
 0.151134 0.462217 0.34131 0.0453401 0
 0.294876 0.26143 0.354403 0.0886775 0.000613685
 0.281977 0.475581 0.204845 0.0348837 0.00271318
 0.0354234 0.537034 0.353287 0.0723622 0.0018943
pf_pred 
 0.375838 0.441035 0.16383 0.0192871 9.92504e-06
 0.309186 0.547155 0.10151 0.0377077 0.00444147
 0.176073 0.601174 0.17643 0.032732 0.013591
 0.262695 0.424769 0.22804 0.0669242 0.0175714
 0.298202 0.463274 0.137416 0.0737727 0.027335
 0.174441 0.571893 0.167452 0.0496694 0.0365456
 0.250967 0.408694 0.235764 0.0690322 0.0355423
 0.193535 0.523582 0.154349 0.0890397 0.0394941
 0.222313 0.452823 0.210912 0.0621758 0.0517766
 0.205998 0.498803 0.171885 0.0800591 0.0432547
 0.124865 0.526052 0.219299 0.0755694 0.054215
 0.128016 0.42126 0.270935 0.112946 0.0668433
 0.205977 0.386833 0.196716 0.126518 0.0839564
 0.191097 0.530873 0.135451 0.0688809 0.0736986
 0.272365 0.509438 0.1432 0.0365372 0.0384601
 0.349921 0.509271 0.0985836 0.0277113 0.0145131
 0.232133 0.598908 0.132362 0.0256224 0.0109743
 0.245564 0.489987 0.20626 0.0455848 0.0126037
 0.240839 0.496832 0.170376 0.0717199 0.020233
 0.317793 0.439778 0.158657 0.0544075 0.029364
 0.270023 0.531077 0.128219 0.0462572 0.0244239
 0.263656 0.493057 0.176998 0.0427329 0.0235566
 0.308417 0.46006 0.155028 0.0556521 0.020843
 0.262073 0.526972 0.140332 0.0472885 0.0233334
 0.107818 0.593119 0.213568 0.0568731 0.0286212
pobs_RECLAS
 0 0 0 0 0
 0 0 0 0 0
 0 0 0 0 0
 0 0 0 0 0
 0.835266 0.146461 0.0176864 0.000547809 3.91292e-05
 0.385257 0.428462 0.181853 0.0044286 0
 0.867414 0.0963971 0.0333333 0.00285562 0
 0.441836 0.489002 0.0689373 0.000224442 0
 0.779404 0.147425 0.0564933 0.0165055 0.000172143
 0.814271 0.122319 0.05973 0.00367925 0
 0.40263 0.566651 0.0304383 0.000280538 0
 0.475488 0.404961 0.113038 0.00651328 0
 0.955842 0.0263864 0.0167828 0.000988607 0
 0.975058 0.0227948 0.00214734 0 0
 0.738997 0.206755 0.0527124 0.00153531 0
 0.850938 0.134255 0.0134407 0.00136685 0
 0.542534 0.407297 0.0501686 0 0
 0.764087 0.199537 0.0359546 0.000420521 0
 0.470689 0.182191 0.310203 0.0369168 0
 0.84361 0.089868 0.0606195 0.00523954 0.000663233
 0.607945 0.314616 0.071237 0.00620181 0
 0.523733 0.453247 0.0230204 0 0
 0.530135 0.295979 0.169645 0.0042399 0
 0.562478 0.366248 0.0663022 0.0049721 0
 0.250443 0.683176 0.0655157 0.000865301 0
ppred_RECLAS
 0.764703 0.166262 0.0617607 0.00727087 3.74155e-06
 0.70571 0.23309 0.0432438 0.0160636 0.00189209
 0.535834 0.338676 0.0993931 0.0184398 0.00765658
 0.653244 0.19977 0.107248 0.0314746 0.00826388
 0.691355 0.203744 0.0604344 0.0324446 0.0120217
 0.528952 0.326311 0.0955446 0.0283404 0.0208522
 0.639555 0.196669 0.113453 0.0332193 0.0171034
 0.561214 0.284874 0.0839794 0.0484453 0.0214882
 0.604312 0.230397 0.107312 0.0316351 0.026344
 0.580317 0.263651 0.0908529 0.0423166 0.022863
 0.436471 0.338743 0.141214 0.0486616 0.0349108
 0.442996 0.269091 0.173067 0.0721475 0.042698
 0.589946 0.199771 0.101589 0.0653374 0.0433573
 0.583571 0.273297 0.0697312 0.0354604 0.0379406
 0.688253 0.218263 0.0613525 0.015654 0.0164778
 0.745198 0.199611 0.0386403 0.0108616 0.00568846
 0.618854 0.29728 0.0657005 0.0127182 0.00544732
 0.634395 0.237451 0.0999553 0.0220907 0.00610784
 0.627878 0.243535 0.0835141 0.0351553 0.00991772
 0.712507 0.18533 0.0668607 0.0229282 0.0123745
 0.66182 0.246035 0.0594008 0.0214298 0.011315
 0.654843 0.231118 0.0829666 0.0200308 0.011042
 0.702881 0.197651 0.0666035 0.0239093 0.00895458
 0.653167 0.247683 0.0659578 0.0222261 0.0109669
 0.390503 0.405191 0.1459 0.0388531 0.0195527
pobs_PELACES
 0 0 0 0 0
 0 0 0 0 0
 0 0 0 0 0
 0 0 0 0 0
 0 0 0 0 0
 0 0 0 0 0
 0 0 0 0 0
 0 0 0 0 0
 0 0 0 0 0
 0 0 0 0 0
 0.450072 0.473896 0.0757376 0.000293798 0
 0 0 0 0 0
 0.463077 0.371075 0.160297 0.00555027 0
 0.529543 0.364841 0.0842815 0.0213345 0
 0.631943 0.363953 0.00410389 0 0
 0.735681 0.248677 0.0153453 0.000297389 0
 0.695825 0.281241 0.0229344 0 0
 0.275771 0.60734 0.115278 0.00161068 0
 0 0 0 0 0
 0.896147 0.0623911 0.0374545 0.00400742 0
 0.803859 0.145111 0.0509908 3.86294e-05 0
 0.739449 0.233085 0.0266225 0.000797448 4.60066e-05
 0.878498 0.100942 0.0204185 0.000141795 0
 0.694673 0.275183 0.0284847 0.00165964 0
 0.469039 0.446079 0.0841089 0.000773354 0
ppred_PELACES
 0.774841 0.159098 0.0590997 0.00695759 3.58034e-06
 0.712006 0.228104 0.0423187 0.01572 0.00185161
 0.550782 0.32777 0.0961924 0.017846 0.00741002
 0.647023 0.203354 0.109172 0.0320393 0.00841214
 0.682056 0.209883 0.0622552 0.0334221 0.0123839
 0.528151 0.326866 0.0957071 0.0283886 0.0208877
 0.635018 0.199145 0.114881 0.0336374 0.0173187
 0.563495 0.283393 0.0835428 0.0481934 0.0213765
 0.608901 0.227725 0.106068 0.0312682 0.0260385
 0.582574 0.262233 0.0903642 0.042089 0.02274
 0.455373 0.32738 0.136477 0.0470294 0.0337398
 0.460282 0.260741 0.167696 0.0699086 0.041373
 0.623178 0.18358 0.093356 0.0600422 0.0398434
 0.651777 0.228535 0.0583101 0.0296524 0.0317264
 0.744646 0.17878 0.0502542 0.0128222 0.013497
 0.759982 0.18803 0.0363984 0.0102314 0.00535842
 0.628162 0.29002 0.064096 0.0124076 0.00531428
 0.636776 0.235905 0.0993044 0.0219469 0.00606806
 0.627952 0.243487 0.0834976 0.0351484 0.00991576
 0.712852 0.185107 0.0667806 0.0229007 0.0123596
 0.656334 0.250026 0.0603644 0.0217774 0.0114986
 0.651002 0.23369 0.08389 0.0202538 0.0111649
 0.700462 0.199261 0.0671458 0.024104 0.0090275
 0.650139 0.249845 0.0665335 0.0224201 0.0110627
 0.387128 0.407435 0.146708 0.0390682 0.0196609
pobs_pel_tallas
 0 0 0 0 0 0 0 0 0 0 0 0 0 0 0 0 0 0 0 0 0 0 0 0 0 0 0 0 0 0 0 0 0 0 0 0
 0 0 0 0 0 0 0 0 0 0 0 0 0 0 0 0 0 0 0 0 0 0 0 0 0 0 0 0 0 0 0 0 0 0 0 0
 0 0 0 0 0 0 0 0 0 0 0 0 0 0 0 0 0 0 0 0 0 0 0 0 0 0 0 0 0 0 0 0 0 0 0 0
 0 0 0 0 0 0 0 0 0 0 0 0 0 0 0 0 0 0 0 0 0 0 0 0 0 0 0 0 0 0 0 0 0 0 0 0
 0 0 0 0 0 0 0 0 0 0 0 0 0 0 0 0 0 0 0 0 0 0 0 0 0 0 0 0 0 0 0 0 0 0 0 0
 0 0 0 0 0 0 0 0 0 0 0 0 0 0 0 0 0 0 0 0 0 0 0 0 0 0 0 0 0 0 0 0 0 0 0 0
 0 0 0 0 0 0 0 0 0 0 0 0 0 0 0 0 0 0 0 0 0 0 0 0 0 0 0 0 0 0 0 0 0 0 0 0
 0 0 0 0 0 0 0 0 0 0 0 0 0 0 0 0 0 0 0 0 0 0 0 0 0 0 0 0 0 0 0 0 0 0 0 0
 0 0 0 0 0 0 0 0 0 0 0 0 0 0 0 0 0 0 0 0 0 0 0 0 0 0 0 0 0 0 0 0 0 0 0 0
 0 0 0 0 0 0 0 0 0 0 0 0 0 0 0 0 0 0 0 0 0 0 0 0 0 0 0 0 0 0 0 0 0 0 0 0
 0 0 0 0 0 0 0 0 1.78061e-05 0.00172719 0.00360574 0.0105946 0.0120993 0.0124554 0.0147524 0.0171206 0.0266825 0.0428682 0.0675386 0.121331 0.153587 0.119568 0.100827 0.0573624 0.0630603 0.0341343 0.0324427 0.0444173 0.0211091 0.0280891 0.0125444 0.00206551 0 0 0 0
 0 0 0 0 0 0 0 0 0 0 0 0 0 0 0 0 0 0 0 0 0 0 0 0 0 0 0 0 0 0 0 0 0 0 0 0
 0 0 0 0 0 0 0.0133647 0.0140871 0.0187388 0.0205184 0.03894 0.0496705 0.03968 0.0493445 0.0407372 0.0367815 0.0215668 0.0243155 0.0234873 0.0199281 0.019796 0.0243948 0.0301388 0.0376714 0.0412746 0.0863199 0.0771752 0.113111 0.0741005 0.0525337 0.0229764 0.00759418 0.00175318 0 0 0
 0 0 0 0 0 0 0 0 0 0 0.00219441 0.00772107 0.0458388 0.0604681 0.0671733 0.0775358 0.0609151 0.0617685 0.073594 0.0568108 0.0755445 0.0548602 0.0670107 0.0636378 0.0643287 0.046367 0.0373049 0.0286899 0.0247887 0.0153202 0.00654259 0.00121912 0.000365735 0 0 0
 0 0 0 0 0 0 0 0 0 0 0 0 0.000112435 0.00938835 0.0111873 0.0202946 0.0414886 0.0713402 0.111592 0.104902 0.108894 0.110636 0.117776 0.105296 0.107544 0.0401394 0.0192827 0.0124803 0.00416011 0.0028671 0.000618394 0 0 0 0 0
 0 0 0 0 0 0 0 0 0 0 0.00291406 0.0102884 0.027416 0.0768956 0.0749926 0.110853 0.0956884 0.0897413 0.0766577 0.0534642 0.0500743 0.0551293 0.0594112 0.0620874 0.0668451 0.0424026 0.0208742 0.0120726 0.0048766 0.00582813 0.00118941 0.000297354 0 0 0 0
 0 0.00264628 0.0354308 0.0461629 0.0458689 0.0383711 0.0214643 0.0164657 0.0346957 0.0420465 0.0363128 0.0245516 0.0311673 0.0291091 0.0169068 0.0133784 0.00837989 0.0085269 0.0148486 0.0160247 0.0276389 0.0546898 0.0760071 0.122758 0.109233 0.0665981 0.0333725 0.0166128 0.00676272 0.00308733 0.000882094 0 0 0 0 0
 0 0 0 0 0 0 0 0.000805153 0.000690131 0.00759144 0.0133425 0.0154129 0.00931677 0.000345066 0.00356568 0.00563607 0.00851162 0.0253048 0.0502646 0.0516448 0.0657925 0.0565908 0.0611916 0.0827007 0.0866115 0.110766 0.145733 0.0935128 0.0569358 0.0249597 0.0138026 0.00621118 0.00161031 0.00115022 0 0
 0 0 0 0 0 0 0 0 0 0 0 0 0 0 0 0 0 0 0 0 0 0 0 0 0 0 0 0 0 0 0 0 0 0 0 0
 0.00147267 0.00158595 0.00478618 0.00569244 0.00954404 0.0108468 0.00647125 0.017049 0.0510054 0.094081 0.124002 0.0959785 0.0687766 0.0820023 0.061753 0.0591476 0.0492212 0.0479892 0.0443925 0.0268479 0.0217502 0.0140895 0.0121071 0.0120363 0.00920419 0.00665534 0.0049561 0.00860946 0.00930331 0.0156896 0.0114698 0.00855282 0.00243557 0.00046729 0 2.83206e-05
 0 0 0 0 0.000772559 0.00158375 0.000888443 0.00281984 0.00712685 0.0440552 0.0773331 0.111326 0.0921469 0.0852325 0.0710754 0.0886704 0.0786465 0.0553345 0.0373146 0.0185414 0.00753245 0.00457741 0.012979 0.0271748 0.0457355 0.0583668 0.034881 0.0177882 0.00938659 0.00492506 0.0015258 0.00185414 0.000309023 5.79419e-05 3.86279e-05 0
 0 0.00173294 0.00326652 0 0.00397197 0.00683976 0.00946217 0.0152591 0.00757587 0.0136028 0.0228656 0.0392903 0.0559909 0.0764795 0.0681675 0.0726916 0.0566044 0.0477403 0.0527397 0.0444891 0.0609904 0.0582453 0.0661739 0.0445044 0.0529084 0.0360697 0.0280645 0.0235558 0.0158879 0.00826598 0.00280645 0.00217768 0.000904811 0.00058276 9.20147e-05 0
 0 0 0 0 0 0 0 0 0 0 0 0 0 0 0 0 0 0 0 0 0 0 0 0 0 0 0 0 0 0 0 0 0 0 0 0
 0 0 0 0 0 0 0 0 0 0 0 0 0 0 0 0 0 0 0 0 0 0 0 0 0 0 0 0 0 0 0 0 0 0 0 0
 0 0 0 0 0 0 0 0 0 0 0 0 0 0 0 0 0 0 0 0 0 0 0 0 0 0 0 0 0 0 0 0 0 0 0 0
ppred_pel_tallas
 1.01131e-16 3.38059e-05 0.000198417 0.000943191 0.00363135 0.011324 0.0286036 0.0585266 0.0970138 0.130285 0.141772 0.125042 0.0894855 0.0521767 0.0252335 0.0109647 0.00567333 0.00500897 0.00630593 0.0083933 0.0107913 0.0132096 0.0153803 0.0170533 0.0180392 0.0182482 0.0177071 0.0165437 0.0149492 0.0131301 0.0112661 0.00948625 0.00786428 0.00642882 0.00518038 0.00410691
 1.01302e-16 3.10687e-05 0.000182341 0.000866751 0.00333701 0.0104061 0.0262852 0.0537834 0.0891539 0.119737 0.130313 0.114981 0.0823848 0.0482372 0.023703 0.010939 0.00658119 0.00665392 0.00870536 0.0116219 0.0148849 0.0181143 0.0209343 0.022995 0.0240407 0.0239677 0.0228452 0.0208906 0.018409 0.0157196 0.0130911 0.0107049 0.0086491 0.00693593 0.00553152 0.00438375
 1.02432e-16 2.40428e-05 0.000141083 0.000670585 0.00258169 0.00805066 0.0203356 0.0416109 0.0689809 0.0926581 0.10088 0.0891009 0.0640379 0.037891 0.0193582 0.0101806 0.00782922 0.00928395 0.0126618 0.0170508 0.0219231 0.0267877 0.0311148 0.0343976 0.036256 0.0365198 0.0352614 0.032762 0.0294304 0.0257011 0.0219461 0.0184241 0.0152725 0.0125303 0.0101771 0.00816834
 1.03111e-16 2.82343e-05 0.000165702 0.000787653 0.00303247 0.00945645 0.0238863 0.0488751 0.0810177 0.10881 0.118422 0.104493 0.0748784 0.0438593 0.0215863 0.0100262 0.00613261 0.00630779 0.00834336 0.0112509 0.0145839 0.018019 0.0212278 0.0238904 0.0257519 0.0266727 0.0266495 0.0257992 0.0243155 0.0224139 0.0202859 0.0180734 0.0158667 0.0137173 0.0116576 0.00971488
 1.0268e-16 2.97621e-05 0.000174671 0.000830292 0.00319664 0.00996841 0.0251795 0.051521 0.0854034 0.1147 0.124829 0.11014 0.0789116 0.0461939 0.0226822 0.0104423 0.00625385 0.00631327 0.00828124 0.0111055 0.0143083 0.0175475 0.0204831 0.0227932 0.0242344 0.0246928 0.0242042 0.0229323 0.0211179 0.0190153 0.016839 0.0147343 0.012775 0.0109808 0.00934214 0.00784323
 1.03417e-16 2.30559e-05 0.000135289 0.000643041 0.00247564 0.00771995 0.0195002 0.0399017 0.0661479 0.088854 0.0967417 0.085454 0.0614346 0.0363864 0.018656 0.00991986 0.00776073 0.00928946 0.0127046 0.0171316 0.022058 0.0270019 0.03144 0.0348703 0.0369149 0.0374014 0.036395 0.0341647 0.0311026 0.0276236 0.0240796 0.0207114 0.0176427 0.0149056 0.0124799 0.0103288
 1.03661e-16 2.77107e-05 0.000162629 0.000773042 0.00297622 0.00928102 0.0234432 0.0479683 0.0795147 0.106792 0.116226 0.102556 0.0734914 0.04305 0.0211941 0.00985516 0.00604525 0.00623579 0.00826271 0.01116 0.0144938 0.0179512 0.021213 0.0239663 0.0259593 0.0270495 0.0272242 0.0265859 0.0253102 0.0235942 0.0216132 0.0194974 0.0173312 0.0151662 0.0130402 0.0109899
 1.03934e-16 2.45952e-05 0.000144331 0.000686034 0.00264119 0.00823622 0.0208042 0.0425695 0.0705684 0.0947861 0.103185 0.0911077 0.0654177 0.038582 0.0194805 0.00987291 0.00715161 0.00821453 0.0111392 0.0150206 0.0193736 0.0237752 0.0277747 0.0309398 0.0329423 0.033628 0.0330433 0.0314061 0.029037 0.0262738 0.0234001 0.0206067 0.0179886 0.0155699 0.0133374 0.0112716
 1.03871e-16 2.6573e-05 0.000155947 0.000741269 0.00285387 0.00889949 0.0224795 0.0459968 0.0762477 0.102407 0.111463 0.0983733 0.0705394 0.0414113 0.0205558 0.00984086 0.0064166 0.00690996 0.00924551 0.0124808 0.0161659 0.0199508 0.0234721 0.0263765 0.0283863 0.0293546 0.0292887 0.0283294 0.0267009 0.0246475 0.0223801 0.0200487 0.0177403 0.0154966 0.0133372 0.0112796
 1.03877e-16 2.54264e-05 0.000149212 0.000709245 0.00273056 0.00851493 0.0215082 0.0440097 0.072955 0.0979889 0.106664 0.0941626 0.0675736 0.0397778 0.0199445 0.0098796 0.00687428 0.00771277 0.0104078 0.014037 0.0181275 0.0222835 0.0260874 0.0291372 0.0311244 0.0318987 0.0314929 0.0300973 0.0279973 0.0254962 0.022851 0.0202369 0.0177457 0.0154068 0.0132185 0.0111737
 1.05237e-16 1.98825e-05 0.000116659 0.000554469 0.00213461 0.00665647 0.016814 0.0344055 0.057038 0.0766219 0.0834366 0.073732 0.0530745 0.0315703 0.0164378 0.00915009 0.00765275 0.00948189 0.0131014 0.0177569 0.0229836 0.0283198 0.0332501 0.0372699 0.0399857 0.0411962 0.0409244 0.0393876 0.0369225 0.0338921 0.0306078 0.027287 0.024051 0.0209506 0.0180015 0.0152146
 1.06801e-16 2.00939e-05 0.000117906 0.00056041 0.00215751 0.00672789 0.0169943 0.0347739 0.0576469 0.0774341 0.0843058 0.0744638 0.0535224 0.0316791 0.0162071 0.00856969 0.00666779 0.00800045 0.0110273 0.0150301 0.0196187 0.0244346 0.0290763 0.0331385 0.0362859 0.0383155 0.0391833 0.0389851 0.0379063 0.0361585 0.0339286 0.0313552 0.0285316 0.0255256 0.0224038 0.0192459
 1.0531e-16 2.71936e-05 0.000159595 0.000758622 0.0029207 0.00910791 0.0230059 0.0470735 0.0780311 0.104798 0.114053 0.100632 0.0720995 0.0422068 0.0207276 0.00955267 0.00574603 0.00584354 0.00772464 0.010451 0.0136142 0.0169314 0.0201175 0.0228932 0.0250324 0.0264045 0.0269917 0.0268727 0.0261851 0.0250783 0.0236767 0.0220633 0.0202843 0.0183659 0.0163351 0.0142332
 1.03404e-16 2.84424e-05 0.000166922 0.000793449 0.00305478 0.00952602 0.0240621 0.0492348 0.0816146 0.109614 0.119301 0.105279 0.0754636 0.0442466 0.0218584 0.0102863 0.00646524 0.00677004 0.00896682 0.0120402 0.0155102 0.0190148 0.0221879 0.024683 0.0262401 0.0267411 0.0262307 0.0248921 0.0229893 0.0207979 0.0185459 0.0163824 0.0143759 0.0125354 0.0108394 0.0092625
 1.01843e-16 3.249e-05 0.00019069 0.000906452 0.00348989 0.0108829 0.0274893 0.0562468 0.0932356 0.125214 0.136259 0.120195 0.0860487 0.0502377 0.024417 0.0108172 0.00589659 0.00548246 0.00701387 0.00935581 0.0120253 0.0147105 0.0171162 0.0189672 0.0200575 0.0202944 0.0197157 0.0184712 0.0167778 0.0148647 0.0129255 0.0110922 0.0094316 0.00795955 0.0066625 0.00551752
 1.0118e-16 3.31591e-05 0.000194617 0.00092512 0.00356176 0.011107 0.0280555 0.0574053 0.0951561 0.127793 0.139067 0.122673 0.0878267 0.051283 0.024938 0.0110686 0.00605934 0.0056492 0.00721948 0.00960366 0.0122978 0.0149713 0.0173111 0.0190285 0.0199125 0.0198768 0.0189775 0.0173923 0.0153712 0.0131755 0.0110254 0.009069 0.00737824 0.00596309 0.00479591 0.00383457
 1.0168e-16 2.74154e-05 0.000160887 0.000764741 0.00294423 0.00918124 0.0231912 0.0474535 0.0786639 0.105657 0.115011 0.101531 0.072861 0.0428891 0.0215005 0.0106393 0.00737863 0.00824102 0.0110682 0.0148448 0.0190353 0.0231864 0.026825 0.029505 0.0308979 0.0308668 0.0294937 0.0270487 0.0239148 0.0204947 0.0171295 0.0140521 0.0113793 0.00913316 0.00727749 0.00575218
 1.02525e-16 2.77888e-05 0.000163084 0.000775198 0.00298451 0.00930686 0.0235085 0.0481022 0.0797377 0.107094 0.116563 0.102871 0.0737579 0.0432867 0.0214598 0.0102268 0.00660241 0.00705282 0.00940046 0.0126523 0.0163306 0.0200638 0.0234687 0.0261762 0.0279014 0.0285017 0.0280016 0.0265713 0.0244723 0.0219884 0.0193677 0.0167887 0.0143558 0.012115 0.0100783 0.00824508
 1.02936e-16 2.74043e-05 0.000160826 0.000764462 0.00294317 0.00917794 0.0231829 0.0474361 0.0786337 0.105612 0.114952 0.101456 0.0727553 0.0427233 0.0212267 0.0101923 0.00668011 0.00720761 0.00962664 0.0129528 0.0167051 0.0205037 0.0239561 0.0266866 0.028408 0.0289824 0.0284447 0.0269789 0.0248597 0.0223806 0.0197925 0.0172692 0.0149046 0.0127307 0.010746 0.00893956
 1.02373e-16 3.11039e-05 0.000182551 0.00086776 0.00334091 0.0104183 0.0263158 0.0538459 0.0892563 0.119871 0.130449 0.115079 0.0824074 0.0481541 0.0234841 0.0105411 0.00594418 0.00570734 0.00738458 0.00988956 0.0127531 0.0156624 0.0183151 0.0204245 0.0217717 0.0222501 0.021884 0.0208103 0.019235 0.0173787 0.0154295 0.0135187 0.011717 0.0100497 0.0085171 0.00711291
 1.02224e-16 2.86421e-05 0.000168092 0.000799007 0.00307617 0.00959271 0.0242305 0.0495797 0.0821869 0.110384 0.120144 0.106033 0.0760268 0.0446222 0.022128 0.0105526 0.006816 0.00727039 0.00966232 0.0129557 0.0166429 0.0203259 0.0235982 0.0260765 0.027476 0.0276731 0.0267287 0.024862 0.0223865 0.0196317 0.0168755 0.0143059 0.0120161 0.0100242 0.00830446 0.00681641
 1.02485e-16 2.8409e-05 0.000166725 0.00079251 0.00305116 0.00951473 0.0240335 0.0491765 0.0815182 0.109485 0.119162 0.10516 0.0753872 0.0442191 0.0218772 0.01035 0.00657973 0.00694868 0.00922704 0.0123991 0.0159801 0.0195983 0.0228742 0.025445 0.0270342 0.0275096 0.0269061 0.0254041 0.0232728 0.020801 0.0182372 0.0157559 0.0134529 0.0113628 0.00948436 0.00780442
 1.02269e-16 3.05643e-05 0.000179382 0.000852688 0.00328288 0.0102373 0.0258587 0.0529107 0.0877066 0.117791 0.12819 0.113096 0.0810088 0.0473801 0.0231873 0.0105446 0.00613709 0.00605307 0.00788896 0.0105697 0.0136177 0.0167017 0.0194961 0.0216926 0.0230571 0.023478 0.0229864 0.021736 0.0199558 0.0178897 0.0157465 0.0136708 0.0117404 0.00998119 0.00838988 0.00695436
 1.02314e-16 2.8372e-05 0.000166507 0.000791468 0.00304715 0.0095022 0.0240019 0.0491119 0.0814115 0.109343 0.119011 0.105035 0.0753151 0.0442122 0.0219391 0.010487 0.00680699 0.00728753 0.00969804 0.013013 0.0167291 0.0204502 0.0237706 0.0263061 0.02777 0.0280346 0.0271558 0.0253469 0.0229157 0.020187 0.0174356 0.0148492 0.0125228 0.0104788 0.00869676 0.00714197
 1.04477e-16 1.691e-05 9.92e-05 0.000471451 0.00181495 0.00565959 0.014296 0.0292542 0.048502 0.065167 0.0709942 0.0628111 0.0453753 0.0273157 0.0148187 0.00919523 0.00875646 0.0114484 0.0159687 0.0216237 0.0279007 0.0342313 0.0399683 0.0444822 0.0472908 0.0481623 0.0471563 0.0445842 0.0409126 0.0366412 0.0322001 0.0278906 0.0238787 0.0202239 0.0169255 0.0139625
pSPR Fmed_Fpbrs
0.701075   0.6 0.325
Fs Fmed_Fpbrs
0.223592   0.345688 1.05948
SSBpbr Bo_Bmed_Bpbrs
1.3441e+06  875113  739258 369629
Ro
56387.3
SPR SPRFo_SPRFmed_SPRFpbrs
1.15807e+06 811895 376373
log_Ro
10.76
likeval ReclasPelacesDesembMPH_pf_preclas_ppelaces_ptallas_desvR_qrecl_qpela
 60.8325 22.2503 0.0298276 0.000230057 317.258 198.784 77.7052 0 16.028 7.55393e-05 7.79301e-06 1.51242e-15 0 0 0
q_reclas_q_pelaces
0.291826 1.48759
M
0.7
N
 64586.8 16456.8 6113.14 719.678 0.370342
 80098.6 29774.7 5523.92 2051.95 241.693
 50572.7 37632.7 11044.3 2048.98 850.778
 73786.1 23264 12489.4 3665.35 962.363
 121777 36120.7 10714.1 5751.94 2131.26
 91388.5 60289.6 17653 5236.21 3852.68
 137099 43977.5 25369.3 7428.2 3824.52
 120658 66747.2 19676.8 11350.9 5034.78
 136435 57550.1 26805.2 7902.04 6580.39
 130504 64616.8 22266.6 10371.2 5603.38
 66465.6 62245.9 25948.9 8941.86 6415.07
 41654.9 30223.8 19438.6 8103.48 4795.76
 42348.8 19032.2 9678.42 6224.7 4130.65
 23604.5 18417.3 4699.14 2389.65 2556.79
 17761.8 9227.74 2593.86 661.819 696.649
 21557.2 6998.66 1354.78 380.822 199.446
 17845.4 9782.49 2161.99 418.513 179.253
 20389.9 8330.01 3506.52 774.962 214.269
 23304.9 9718.35 3332.66 1402.89 395.77
 39919.2 11186.6 4035.75 1383.96 746.929
 49724.1 19143 4621.74 1667.37 880.376
 65712.7 24290.9 8719.95 2105.28 1160.54
 107537 31931.9 10760.2 3862.71 1446.67
 130353 52056 13862.5 4671.3 2304.94
 57894.6 63180.3 22749.8 6058.25 3048.79
pred_Ctot
 3342.51 3922.35 1457.02 171.53 0.0882684
 3113.6 5510.03 1022.24 379.729 44.7271
 2690.52 9186.38 2695.98 500.168 207.68
 754.242 1219.58 654.741 192.15 50.4504
 265.059 411.785 122.143 65.5735 24.2969
 2037.95 6681.3 1956.3 580.277 426.955
 1934.15 3149.71 1816.97 532.015 273.916
 3435.92 9295.4 2740.24 1580.77 701.158
 4552.69 9273.27 4319.22 1273.29 1060.32
 3716.8 8999.85 3101.31 1444.5 780.44
 4049.5 17060.5 7112.1 2450.8 1758.25
 2405.51 7915.77 5091.05 2122.34 1256.03
 3812.55 7160.12 3641.13 2341.8 1554
 3661.81 10172.6 2595.52 1319.9 1412.22
 2673.44 5000.47 1405.6 358.637 377.511
 1342.93 1954.49 378.346 106.351 55.6985
 772.859 1993.99 440.683 85.3064 36.5376
 590.774 1178.8 496.218 109.667 30.3218
 560.516 1156.3 396.525 166.917 47.0893
 987.181 1366.11 492.848 169.01 91.2155
 581.787 1144.25 276.259 99.6649 52.6234
 1015.18 1898.47 681.512 164.539 90.7026
 1951.38 2910.84 980.881 352.117 131.876
 2249.57 4523.4 1204.58 405.913 200.288
 974.084 5358.53 1929.48 513.82 258.578
F
 0.0743499 0.391648 0.391648 0.391648 0.391648
 0.0553849 0.291747 0.291747 0.291747 0.291747
 0.0765031 0.40299 0.40299 0.40299 0.40299
 0.0143038 0.0753471 0.0753471 0.0753471 0.0753471
 0.00303062 0.0159642 0.0159642 0.0159642 0.0159642
 0.0314409 0.165619 0.165619 0.165619 0.165619
 0.0197889 0.10424 0.10424 0.10424 0.10424
 0.0403059 0.212317 0.212317 0.212317 0.212317
 0.0473774 0.249567 0.249567 0.249567 0.249567
 0.0403115 0.212346 0.212346 0.212346 0.212346
 0.0880538 0.463835 0.463835 0.463835 0.463835
 0.0832884 0.438733 0.438733 0.438733 0.438733
 0.13265 0.698751 0.698751 0.698751 0.698751
 0.239224 1.26014 1.26014 1.26014 1.26014
 0.231332 1.21857 1.21857 1.21857 1.21857
 0.0901146 0.474691 0.474691 0.474691 0.474691
 0.0618815 0.325969 0.325969 0.325969 0.325969
 0.0410229 0.216094 0.216094 0.216094 0.216094
 0.0339477 0.178824 0.178824 0.178824 0.178824
 0.0349198 0.183944 0.183944 0.183944 0.183944
 0.0163875 0.0863231 0.0863231 0.0863231 0.0863231
 0.0216882 0.114245 0.114245 0.114245 0.114245
 0.0255179 0.134419 0.134419 0.134419 0.134419
 0.0242548 0.127765 0.127765 0.127765 0.127765
 0.0236407 0.12453 0.12453 0.12453 0.12453
nmprior
 10.6 11 7 0
nm_flota  nm_reclas  nm_pelaces    nm_pelaL
inf 13.6413 20.2042 49.7822
cv_recla  cv_pelaces  cv_mph
0.705493 0.53486 0.492103
 ------------------------------------------------
Talla a la edad & desviación 
 7.2 14.2025 17.0495 18.207 18.6776
 1.08 2.13037 2.55742 2.73105 2.80164
