years
 1997 1998 1999 2000 2001 2002 2003 2004 2005 2006 2007 2008 2009 2010 2011 2012 2013 2014 2015 2016 2017 2018 2019 2020 2021
reclasobs
 0 0 0 370054 412103 1.49427e+06 250295 1.28982e+06 931140 785840 897777 1.04006e+06 184774 17550 25797 100020 73551 82996 120727 218422 84188 347160 605670 569463 516374
reclaspred
 419082 123262 420417 305012 410679 486272 1.04337e+06 662412 689880 577194 441603 295211 180664 87602 65276.2 68815.5 87857.1 122164 129996 185292 263774 240966 422321 543294 601602
pelacesobs
 0 0 0 0 0 0 0 0 0 2.06254e+06 1.5e+06 0 1.87456e+06 323000 250000 174000 83755 137374 0 501740 490994 745055 786931 1.00524e+06 1.33801e+06
pelacespred
 1.5783e+06 416923 850243 942691 1.07452e+06 1.07935e+06 2.53884e+06 2.0928e+06 1.88731e+06 1.61065e+06 1.11222e+06 763199 465256 192615 140606 156533 207420 289491 319054 440712 691788 620105 856111 1.30705e+06 1.49601e+06
mphobs
 0 0 0 0 0 112323 0 153150 637223 0 255016 313432 73983 77613 109348 50772 0 0 0 0 0 0 0 0 0
mphpred
 150878 103066 136239 186190 181464 262771 396893 453902 370477 347461 300051 208424 128847 68715.3 35606.2 32062.1 39422.7 55443.2 69651.3 80261.2 118435 137978 173907 251079 336633
desembarqueobs
 350755 77701 442110 56441 14545 235359 269955 359681 431902 328805 639364 411747 362871 311530 167758 66681 60226 58785 57116 73181 50977 67692 138656 160484 209506
desembarquepred
 350765 77704.3 442148 56442.6 14545.1 235392 269980 359710 431973 328865 639757 412098 363353 312131 167860 66698 60245.4 58788.9 57115.2 73183.8 50978.2 67689.7 138660 160490 209508
Reclutas
 75206.9 95307.3 61619.1 91306.8 151144 112443 168577 143993 157664 141952 68984 41314.4 42630.9 24844.1 20273.4 26679.3 22896.8 26065 29697.2 52372.9 65386.8 85161.1 140016 169677 72583.9
log_desv_Rt
 0.107998 0.344862 -0.0912731 0.301981 0.805987 0.510206 0.915146 0.757521 0.848223 0.743247 0.0216305 -0.491034 -0.459666 -0.999623 -1.20293 -0.928356 -1.08125 -0.951652 -0.821191 -0.253856 -0.0319244 0.2323 0.72951 0.921649 0.0724978
SSB
 918146 627191 829062 1.13303e+06 1.10427e+06 1.59905e+06 2.41523e+06 2.76214e+06 2.25448e+06 2.11442e+06 1.82591e+06 1.26833e+06 784078 418156 216675 195108 239900 337390 423851 488416 720715 839640 1.05828e+06 1.5279e+06 2.04852e+06
BT
 3.12254e+06 876955 1.76396e+06 1.74725e+06 1.93436e+06 2.11881e+06 4.72816e+06 4.15848e+06 3.77606e+06 3.20489e+06 2.57951e+06 1.75051e+06 1.1923e+06 647772 396092 335752 421065 565270 620501 848890 1.28017e+06 1.1737e+06 1.62806e+06 2.47157e+06 2.84836e+06
Ftot
 0.319438 0.234837 0.316134 0.0578572 0.0124356 0.129716 0.0808952 0.164637 0.193171 0.167822 0.374499 0.351148 0.548862 0.943019 0.821562 0.318557 0.227292 0.151727 0.128157 0.132696 0.0627298 0.0835133 0.0986 0.0937539 0.0916603
BD_Bspro_t
 0.961533 0.81887 0.798516 0.714451 0.804116 0.887153 0.865302 0.867545 0.821434 0.781009 0.736677 0.592201 0.480764 0.368928 0.254178 0.277097 0.403181 0.573482 0.678694 0.75185 0.829155 0.880642 0.885204 0.889498 0.891418
BD_Bspro
 0.662222 0.452368 0.597969 0.817207 0.796464 1.15333 1.74201 1.99222 1.62606 1.52504 1.31696 0.914794 0.565524 0.301599 0.156279 0.140724 0.173031 0.243346 0.305707 0.352275 0.519823 0.605598 0.763295 1.10201 1.47752
BD_Bo
 0.576293 0.393669 0.520378 0.711168 0.693116 1.00368 1.51597 1.73371 1.41507 1.32716 1.14607 0.796092 0.492142 0.262464 0.136001 0.122464 0.150578 0.21177 0.266039 0.306564 0.452371 0.527017 0.664251 0.959016 1.2858
BD_Brms
 2.03837 1.39242 1.8406 2.51543 2.45158 3.55004 5.36203 6.13222 5.00515 4.6942 4.0537 2.81581 1.74073 0.928345 0.48104 0.433159 0.532602 0.749038 0.94099 1.08433 1.60006 1.86408 2.34948 3.39208 4.54791
S_f
 0.20271 1 1 1 1
 0.20271 1 1 1 1
 0.20271 1 1 1 1
 0.20271 1 1 1 1
 0.20271 1 1 1 1
 0.20271 1 1 1 1
 0.20271 1 1 1 1
 0.20271 1 1 1 1
 0.20271 1 1 1 1
 0.20271 1 1 1 1
 0.20271 1 1 1 1
 0.20271 1 1 1 1
 0.20271 1 1 1 1
 0.20271 1 1 1 1
 0.20271 1 1 1 1
 0.20271 1 1 1 1
 0.20271 1 1 1 1
 0.20271 1 1 1 1
 0.20271 1 1 1 1
 0.20271 1 1 1 1
 0.20271 1 1 1 1
 0.20271 1 1 1 1
 0.20271 1 1 1 1
 0.20271 1 1 1 1
 0.20271 1 1 1 1
Scru_reclas
 1 1 1 1 1
 1 1 1 1 1
 1 1 1 1 1
 1 1 1 1 1
 1 1 1 1 1
 1 1 1 1 1
 1 1 1 1 1
 1 1 1 1 1
 1 1 1 1 1
 1 1 1 1 1
 1 1 1 1 1
 1 1 1 1 1
 1 1 1 1 1
 1 1 1 1 1
 1 1 1 1 1
 1 1 1 1 1
 1 1 1 1 1
 1 1 1 1 1
 1 1 1 1 1
 1 1 1 1 1
 1 1 1 1 1
 1 1 1 1 1
 1 1 1 1 1
 1 1 1 1 1
 1 1 1 1 1
Scru_pelaces
 1 1 1 1 1
 1 1 1 1 1
 1 1 1 1 1
 1 1 1 1 1
 1 1 1 1 1
 1 1 1 1 1
 1 1 1 1 1
 1 1 1 1 1
 1 1 1 1 1
 1 1 1 1 1
 1 1 1 1 1
 1 1 1 1 1
 1 1 1 1 1
 1 1 1 1 1
 1 1 1 1 1
 1 1 1 1 1
 1 1 1 1 1
 1 1 1 1 1
 1 1 1 1 1
 1 1 1 1 1
 1 1 1 1 1
 1 1 1 1 1
 1 1 1 1 1
 1 1 1 1 1
 1 1 1 1 1
pf_obs 
 0.256992 0.487395 0.22802 0.0275931 0
 0.321318 0.546541 0.124235 0.00734118 0.000564706
 0.182869 0.594174 0.210203 0.0122559 0.00049798
 0.330522 0.361315 0.267642 0.0388342 0.00168674
 0.649043 0.306663 0.0425973 0.00169635 0
 0.582887 0.30429 0.105238 0.00758474 0
 0.465427 0.430635 0.0974691 0.00646863 0
 0.296916 0.608066 0.0921331 0.00288517 0
 0.311714 0.524322 0.152257 0.0117073 0
 0.15457 0.633149 0.183074 0.0267441 0.00246327
 0.131901 0.49318 0.331252 0.0422183 0.00144891
 0.196976 0.569456 0.194076 0.0375587 0.00193317
 0.518974 0.381816 0.0799577 0.0180837 0.00116848
 0.0928022 0.601141 0.25162 0.0475244 0.00691264
 0.122501 0.610282 0.24278 0.0234846 0.000952079
 0.383417 0.481906 0.127806 0.00687128 0
 0.0376549 0.599619 0.316969 0.0457579 0
 0.0361596 0.667082 0.258105 0.0386534 0
 0.158088 0.579412 0.248529 0.0139706 0
 0.0477256 0.309471 0.559284 0.082774 0.000745712
 0.0406174 0.521527 0.379366 0.0568643 0.0016247
 0.151134 0.462217 0.34131 0.0453401 0
 0.294876 0.26143 0.354403 0.0886775 0.000613685
 0.281977 0.475581 0.204845 0.0348837 0.00271318
 0.0354234 0.537034 0.353287 0.0723622 0.0018943
pf_pred 
 0.381219 0.436799 0.162758 0.0192143 9.94548e-06
 0.317789 0.531181 0.106612 0.0397256 0.00469218
 0.181372 0.588446 0.179224 0.0359717 0.0149868
 0.268622 0.408168 0.23233 0.070761 0.0201194
 0.308693 0.449534 0.134929 0.0768017 0.0300425
 0.179943 0.564989 0.165862 0.0497839 0.0394217
 0.256699 0.397178 0.238466 0.0700056 0.0376511
 0.193286 0.515116 0.155814 0.0935503 0.0422338
 0.21671 0.4387 0.220033 0.0665562 0.0580006
 0.195072 0.481592 0.181092 0.0908283 0.0514162
 0.115984 0.497914 0.231006 0.0868649 0.0682307
 0.114355 0.384912 0.282034 0.130849 0.0878509
 0.188439 0.347334 0.201758 0.147833 0.114635
 0.176192 0.491516 0.142216 0.0826096 0.107467
 0.246803 0.470023 0.168953 0.0488849 0.0653366
 0.332696 0.470464 0.122836 0.044154 0.0298506
 0.230164 0.56962 0.141157 0.0368553 0.0222041
 0.241415 0.470706 0.213009 0.0527854 0.0220852
 0.239211 0.477024 0.176078 0.0796806 0.028007
 0.324771 0.419764 0.16018 0.0591251 0.0361604
 0.276972 0.517548 0.127739 0.0487447 0.0289965
 0.267964 0.483341 0.178017 0.0439375 0.02674
 0.315405 0.446445 0.157243 0.0579133 0.0229932
 0.268456 0.514827 0.141327 0.0497771 0.0256119
 0.107247 0.583634 0.217544 0.0597188 0.0318561
pobs_RECLAS
 0 0 0 0 0
 0 0 0 0 0
 0 0 0 0 0
 0 0 0 0 0
 0.835266 0.146461 0.0176864 0.000547809 3.91292e-05
 0.385257 0.428462 0.181853 0.0044286 0
 0.867414 0.0963971 0.0333333 0.00285562 0
 0.441836 0.489002 0.0689373 0.000224442 0
 0.779404 0.147425 0.0564933 0.0165055 0.000172143
 0.814271 0.122319 0.05973 0.00367925 0
 0.40263 0.566651 0.0304383 0.000280538 0
 0.475488 0.404961 0.113038 0.00651328 0
 0.955842 0.0263864 0.0167828 0.000988607 0
 0.975058 0.0227948 0.00214734 0 0
 0.738997 0.206755 0.0527124 0.00153531 0
 0.850938 0.134255 0.0134407 0.00136685 0
 0.542534 0.407297 0.0501686 0 0
 0.764087 0.199537 0.0359546 0.000420521 0
 0.470689 0.182191 0.310203 0.0369168 0
 0.84361 0.089868 0.0606195 0.00523954 0.000663233
 0.607945 0.314616 0.071237 0.00620181 0
 0.523733 0.453247 0.0230204 0 0
 0.530135 0.295979 0.169645 0.0042399 0
 0.562478 0.366248 0.0663022 0.0049721 0
 0.250443 0.683176 0.0655157 0.000865301 0
ppred_RECLAS
 0.755891 0.172317 0.0642082 0.00758003 3.92349e-06
 0.699517 0.233961 0.046958 0.0174973 0.0020667
 0.526812 0.340137 0.103596 0.0207926 0.00866277
 0.645004 0.198116 0.112768 0.034346 0.00976556
 0.6879 0.202948 0.0609154 0.0346732 0.0135631
 0.521458 0.329698 0.0967885 0.0290513 0.0230044
 0.63106 0.197141 0.118363 0.0347475 0.0186882
 0.543844 0.291272 0.0881047 0.052898 0.0238811
 0.579664 0.235419 0.118076 0.0357159 0.0311248
 0.54672 0.271199 0.101979 0.0511482 0.028954
 0.398348 0.338875 0.15722 0.0591193 0.0464371
 0.39411 0.263327 0.192946 0.0895167 0.0601008
 0.543063 0.195561 0.113597 0.0832352 0.0645437
 0.532651 0.278839 0.0806793 0.0468647 0.0609665
 0.632699 0.229209 0.0823907 0.023839 0.0318618
 0.714753 0.201105 0.0525076 0.0188742 0.01276
 0.598948 0.296748 0.0735367 0.0192001 0.0115674
 0.612761 0.240283 0.108736 0.0269456 0.0112739
 0.609573 0.244803 0.0903608 0.0408911 0.0143728
 0.704923 0.183438 0.069999 0.0258378 0.0158022
 0.654638 0.247212 0.0610159 0.0232834 0.0138505
 0.644541 0.234699 0.0864409 0.021335 0.0129843
 0.695495 0.198577 0.0699411 0.0257596 0.0102273
 0.645239 0.249665 0.0685366 0.0241393 0.0124205
 0.37317 0.409788 0.152744 0.0419305 0.0223672
pobs_PELACES
 0 0 0 0 0
 0 0 0 0 0
 0 0 0 0 0
 0 0 0 0 0
 0 0 0 0 0
 0 0 0 0 0
 0 0 0 0 0
 0 0 0 0 0
 0 0 0 0 0
 0 0 0 0 0
 0.450072 0.473896 0.0757376 0.000293798 0
 0 0 0 0 0
 0.463077 0.371075 0.160297 0.00555027 0
 0.529543 0.364841 0.0842815 0.0213345 0
 0.631943 0.363953 0.00410389 0 0
 0.735681 0.248677 0.0153453 0.000297389 0
 0.695825 0.281241 0.0229344 0 0
 0.275771 0.60734 0.115278 0.00161068 0
 0 0 0 0 0
 0.896147 0.0623911 0.0374545 0.00400742 0
 0.803859 0.145111 0.0509908 3.86294e-05 0
 0.739449 0.233085 0.0266225 0.000797448 4.60066e-05
 0.878498 0.100942 0.0204185 0.000141795 0
 0.694673 0.275183 0.0284847 0.00165964 0
 0.469039 0.446079 0.0841089 0.000773354 0
ppred_PELACES
 0.771064 0.161607 0.0602173 0.00710888 3.67962e-06
 0.712342 0.223976 0.0449538 0.0167505 0.00197849
 0.547488 0.325275 0.0990692 0.019884 0.00828425
 0.648482 0.196175 0.111663 0.0340095 0.00966988
 0.688602 0.202492 0.0607783 0.0345952 0.0135326
 0.529967 0.323836 0.0950674 0.0285347 0.0225954
 0.636002 0.1945 0.116778 0.0342821 0.0184379
 0.554568 0.284424 0.0860334 0.0516544 0.0233197
 0.591995 0.228513 0.114612 0.0346682 0.0302117
 0.557638 0.264667 0.0995224 0.0499162 0.0282566
 0.422183 0.325451 0.150992 0.0567773 0.0445975
 0.416373 0.253651 0.185856 0.0862274 0.0578924
 0.578614 0.180346 0.104759 0.0767592 0.059522
 0.593608 0.242469 0.0701561 0.040752 0.0530145
 0.681348 0.198851 0.0714782 0.0206815 0.0276417
 0.731529 0.189278 0.0494194 0.0177641 0.0120095
 0.613224 0.286185 0.0709191 0.0185166 0.0111557
 0.62219 0.234433 0.106088 0.0262895 0.0109994
 0.617567 0.23979 0.0885105 0.0400538 0.0140785
 0.712133 0.178956 0.0682887 0.0252065 0.0154161
 0.65836 0.244548 0.0603584 0.0230325 0.0137012
 0.649559 0.231386 0.0852206 0.0210338 0.012801
 0.700961 0.195013 0.0686856 0.0252972 0.0100437
 0.650865 0.245706 0.0674497 0.0237565 0.0122235
 0.378828 0.406089 0.151366 0.041552 0.0221653
pobs_pel_tallas
 0 0 0 0 0 0 0 0 0 0 0 0 0 0 0 0 0 0 0 0 0 0 0 0 0 0 0 0 0 0 0 0 0 0 0 0
 0 0 0 0 0 0 0 0 0 0 0 0 0 0 0 0 0 0 0 0 0 0 0 0 0 0 0 0 0 0 0 0 0 0 0 0
 0 0 0 0 0 0 0 0 0 0 0 0 0 0 0 0 0 0 0 0 0 0 0 0 0 0 0 0 0 0 0 0 0 0 0 0
 0 0 0 0 0 0 0 0 0 0 0 0 0 0 0 0 0 0 0 0 0 0 0 0 0 0 0 0 0 0 0 0 0 0 0 0
 0 0 0 0 0 0 0 0 0 0 0 0 0 0 0 0 0 0 0 0 0 0 0 0 0 0 0 0 0 0 0 0 0 0 0 0
 0 0 0 0 0 0 0 0 0 0 0 0 0 0 0 0 0 0 0 0 0 0 0 0 0 0 0 0 0 0 0 0 0 0 0 0
 0 0 0 0 0 0 0 0 0 0 0 0 0 0 0 0 0 0 0 0 0 0 0 0 0 0 0 0 0 0 0 0 0 0 0 0
 0 0 0 0 0 0 0 0 0 0 0 0 0 0 0 0 0 0 0 0 0 0 0 0 0 0 0 0 0 0 0 0 0 0 0 0
 0 0 0 0 0 0 0 0 0 0 0 0 0 0 0 0 0 0 0 0 0 0 0 0 0 0 0 0 0 0 0 0 0 0 0 0
 0 0 0 0 0 0 0 0 0 0 0 0 0 0 0 0 0 0 0 0 0 0 0 0 0 0 0 0 0 0 0 0 0 0 0 0
 0 0 0 0 0 0 0 0 1.78061e-05 0.00172719 0.00360574 0.0105946 0.0120993 0.0124554 0.0147524 0.0171206 0.0266825 0.0428682 0.0675386 0.121331 0.153587 0.119568 0.100827 0.0573624 0.0630603 0.0341343 0.0324427 0.0444173 0.0211091 0.0280891 0.0125444 0.00206551 0 0 0 0
 0 0 0 0 0 0 0 0 0 0 0 0 0 0 0 0 0 0 0 0 0 0 0 0 0 0 0 0 0 0 0 0 0 0 0 0
 0 0 0 0 0 0 0.0133647 0.0140871 0.0187388 0.0205184 0.03894 0.0496705 0.03968 0.0493445 0.0407372 0.0367815 0.0215668 0.0243155 0.0234873 0.0199281 0.019796 0.0243948 0.0301388 0.0376714 0.0412746 0.0863199 0.0771752 0.113111 0.0741005 0.0525337 0.0229764 0.00759418 0.00175318 0 0 0
 0 0 0 0 0 0 0 0 0 0 0.00219441 0.00772107 0.0458388 0.0604681 0.0671733 0.0775358 0.0609151 0.0617685 0.073594 0.0568108 0.0755445 0.0548602 0.0670107 0.0636378 0.0643287 0.046367 0.0373049 0.0286899 0.0247887 0.0153202 0.00654259 0.00121912 0.000365735 0 0 0
 0 0 0 0 0 0 0 0 0 0 0 0 0.000112435 0.00938835 0.0111873 0.0202946 0.0414886 0.0713402 0.111592 0.104902 0.108894 0.110636 0.117776 0.105296 0.107544 0.0401394 0.0192827 0.0124803 0.00416011 0.0028671 0.000618394 0 0 0 0 0
 0 0 0 0 0 0 0 0 0 0 0.00291406 0.0102884 0.027416 0.0768956 0.0749926 0.110853 0.0956884 0.0897413 0.0766577 0.0534642 0.0500743 0.0551293 0.0594112 0.0620874 0.0668451 0.0424026 0.0208742 0.0120726 0.0048766 0.00582813 0.00118941 0.000297354 0 0 0 0
 0 0.00264628 0.0354308 0.0461629 0.0458689 0.0383711 0.0214643 0.0164657 0.0346957 0.0420465 0.0363128 0.0245516 0.0311673 0.0291091 0.0169068 0.0133784 0.00837989 0.0085269 0.0148486 0.0160247 0.0276389 0.0546898 0.0760071 0.122758 0.109233 0.0665981 0.0333725 0.0166128 0.00676272 0.00308733 0.000882094 0 0 0 0 0
 0 0 0 0 0 0 0 0.000805153 0.000690131 0.00759144 0.0133425 0.0154129 0.00931677 0.000345066 0.00356568 0.00563607 0.00851162 0.0253048 0.0502646 0.0516448 0.0657925 0.0565908 0.0611916 0.0827007 0.0866115 0.110766 0.145733 0.0935128 0.0569358 0.0249597 0.0138026 0.00621118 0.00161031 0.00115022 0 0
 0 0 0 0 0 0 0 0 0 0 0 0 0 0 0 0 0 0 0 0 0 0 0 0 0 0 0 0 0 0 0 0 0 0 0 0
 0.00147267 0.00158595 0.00478618 0.00569244 0.00954404 0.0108468 0.00647125 0.017049 0.0510054 0.094081 0.124002 0.0959785 0.0687766 0.0820023 0.061753 0.0591476 0.0492212 0.0479892 0.0443925 0.0268479 0.0217502 0.0140895 0.0121071 0.0120363 0.00920419 0.00665534 0.0049561 0.00860946 0.00930331 0.0156896 0.0114698 0.00855282 0.00243557 0.00046729 0 2.83206e-05
 0 0 0 0 0.000772559 0.00158375 0.000888443 0.00281984 0.00712685 0.0440552 0.0773331 0.111326 0.0921469 0.0852325 0.0710754 0.0886704 0.0786465 0.0553345 0.0373146 0.0185414 0.00753245 0.00457741 0.012979 0.0271748 0.0457355 0.0583668 0.034881 0.0177882 0.00938659 0.00492506 0.0015258 0.00185414 0.000309023 5.79419e-05 3.86279e-05 0
 0 0.00173294 0.00326652 0 0.00397197 0.00683976 0.00946217 0.0152591 0.00757587 0.0136028 0.0228656 0.0392903 0.0559909 0.0764795 0.0681675 0.0726916 0.0566044 0.0477403 0.0527397 0.0444891 0.0609904 0.0582453 0.0661739 0.0445044 0.0529084 0.0360697 0.0280645 0.0235558 0.0158879 0.00826598 0.00280645 0.00217768 0.000904811 0.00058276 9.20147e-05 0
 0 0 0 0 0 0 0 0 0 0 0 0 0 0 0 0 0 0 0 0 0 0 0 0 0 0 0 0 0 0 0 0 0 0 0 0
 0 0 0 0 0 0 0 0 0 0 0 0 0 0 0 0 0 0 0 0 0 0 0 0 0 0 0 0 0 0 0 0 0 0 0 0
 0 0 0 0 0 0 0 0 0 0 0 0 0 0 0 0 0 0 0 0 0 0 0 0 0 0 0 0 0 0 0 0 0 0 0 0
ppred_pel_tallas
 1.01152e-16 3.36413e-05 0.00019745 0.000938595 0.00361365 0.0112688 0.0284642 0.0582414 0.0965411 0.129651 0.141082 0.124436 0.0890559 0.0519349 0.0251327 0.0109486 0.00570512 0.00507435 0.00640386 0.00852735 0.0109647 0.0134224 0.015629 0.0173305 0.0183342 0.0185488 0.0180014 0.0168218 0.0152038 0.0133571 0.0114641 0.00965576 0.00800716 0.00654744 0.00527727 0.00418463
 1.0138e-16 3.10832e-05 0.000182426 0.000867158 0.00333858 0.010411 0.0262975 0.0538087 0.0891956 0.119793 0.130372 0.115031 0.0824163 0.0482462 0.02369 0.010904 0.00652118 0.00656361 0.0085791 0.0114563 0.014681 0.0178798 0.0206836 0.0227484 0.0238221 0.0238003 0.0227478 0.0208742 0.0184751 0.0158605 0.0132916 0.0109455 0.00890894 0.00719611 0.00577674 0.00460337
 1.02583e-16 2.38991e-05 0.000140239 0.000666575 0.00256625 0.00800252 0.0202139 0.0413621 0.0685684 0.0921041 0.100277 0.0885681 0.0636551 0.0376648 0.0192434 0.0101217 0.00778651 0.00923665 0.0126016 0.0169765 0.0218385 0.0267017 0.0310409 0.0343529 0.0362593 0.0365886 0.0354085 0.0329934 0.0297437 0.0260857 0.0223847 0.0188951 0.0157528 0.0129983 0.0106147 0.00856221
 1.0327e-16 2.82976e-05 0.000166075 0.000789426 0.0030393 0.00947774 0.0239401 0.048985 0.0811998 0.109054 0.118686 0.104722 0.0750335 0.0439325 0.0215897 0.00997322 0.00602741 0.00614495 0.0081136 0.0109473 0.0142068 0.0175798 0.0207501 0.0234084 0.0253068 0.0263059 0.026396 0.0256818 0.0243414 0.0225749 0.0205607 0.0184323 0.0162764 0.0141459 0.0120777 0.0101056
 1.0275e-16 3.00472e-05 0.000176346 0.000838255 0.00322731 0.010064 0.025421 0.0520151 0.0862222 0.115798 0.126023 0.111188 0.0796505 0.0466029 0.022839 0.0104405 0.0061519 0.00613039 0.00801415 0.0107449 0.0138491 0.0169944 0.019853 0.0221147 0.0235445 0.0240315 0.0236083 0.0224304 0.0207268 0.0187393 0.0166713 0.0146603 0.0127759 0.0110362 0.00943322 0.00795363
 1.03492e-16 2.3135e-05 0.000135754 0.00064525 0.00248414 0.00774648 0.0195672 0.0400388 0.066375 0.0891587 0.0970724 0.0857437 0.0616378 0.0364965 0.0186935 0.00990934 0.00771662 0.00921513 0.0125973 0.0169874 0.0218754 0.0267837 0.0311941 0.0346097 0.036656 0.0371619 0.0361912 0.0340091 0.0310026 0.0275808 0.0240903 0.0207679 0.017735 0.0150227 0.012611 0.0104643
 1.03761e-16 2.77534e-05 0.00016288 0.000774236 0.00298082 0.00929537 0.0234794 0.0480424 0.0796374 0.106956 0.116404 0.10271 0.0735963 0.0431 0.0211975 0.00982148 0.00597753 0.00613078 0.00811454 0.0109642 0.0142507 0.0176682 0.0209052 0.023656 0.0256728 0.0268133 0.0270607 0.0265094 0.0253252 0.0236952 0.0217862 0.0197233 0.0175887 0.0154351 0.0133033 0.0112342
 1.04179e-16 2.4206e-05 0.000142046 0.000675171 0.00259936 0.00810578 0.0204747 0.0418953 0.0694511 0.0932859 0.101553 0.0896707 0.0643938 0.0379939 0.0192131 0.00978617 0.00715024 0.00825536 0.0112113 0.0151269 0.0195218 0.0239741 0.0280328 0.0312642 0.0333383 0.0340983 0.0335873 0.0320194 0.029711 0.0269957 0.024153 0.0213707 0.0187426 0.0162928 0.0140104 0.0118796
 1.04305e-16 2.58358e-05 0.000151619 0.000720695 0.00277466 0.00865245 0.0218555 0.0447201 0.0741316 0.0995661 0.108372 0.0956509 0.0685985 0.0402946 0.020044 0.00966777 0.00640042 0.00696768 0.00935555 0.0126491 0.0164084 0.0202873 0.0239233 0.0269616 0.0291206 0.0302472 0.0303399 0.0295294 0.0280286 0.0260713 0.0238602 0.02154 0.0191969 0.0168757 0.0146033 0.0124069
 1.04535e-16 2.43391e-05 0.000142829 0.000678897 0.00261371 0.00815055 0.0205878 0.0421265 0.0698338 0.0937981 0.102106 0.0901479 0.0647126 0.038134 0.0191958 0.00963446 0.00686614 0.00782075 0.0106012 0.0143246 0.0185316 0.0228301 0.026802 0.0300418 0.0322356 0.0332248 0.0330319 0.0318351 0.0299066 0.0275372 0.0249724 0.0223801 0.0198491 0.0174112 0.0150725 0.0128379
 1.06285e-16 1.84352e-05 0.000108162 0.000514073 0.00197908 0.00617145 0.0155888 0.0318988 0.0528831 0.0710429 0.0773676 0.0683838 0.0492573 0.0293655 0.0154114 0.00877404 0.00756372 0.00950971 0.0131969 0.0179268 0.0232587 0.0287439 0.0338751 0.0381515 0.0411766 0.0427387 0.042842 0.0416786 0.0395562 0.0368088 0.033723 0.0304994 0.0272524 0.0240363 0.0208806 0.0178165
 1.08389e-16 1.8179e-05 0.000106664 0.000506968 0.00195175 0.00608624 0.0153735 0.0314577 0.05215 0.0700527 0.0762751 0.0673845 0.0484643 0.0287468 0.0148218 0.00802648 0.00647796 0.00793 0.011003 0.0150554 0.0197343 0.0247055 0.0295869 0.0339855 0.0375678 0.040118 0.0415643 0.041962 0.0414481 0.040185 0.038317 0.0359525 0.0331708 0.0300431 0.0266547 0.0231154
 1.06965e-16 2.52503e-05 0.000148186 0.000704384 0.00271188 0.00845669 0.021361 0.0437078 0.0724524 0.0973072 0.105904 0.0934505 0.0669721 0.0392423 0.0193418 0.00903484 0.00560542 0.0058481 0.00780424 0.0106105 0.0138913 0.0173828 0.0208135 0.0239123 0.0264534 0.0282963 0.0294016 0.0298164 0.0296396 0.0289795 0.0279228 0.0265232 0.0248099 0.0228066 0.0205517 0.0181101
 1.04953e-16 2.59066e-05 0.000152033 0.000722663 0.00278223 0.00867608 0.0219152 0.0448423 0.0743345 0.0998394 0.108672 0.0959207 0.0688034 0.0404374 0.020156 0.00978748 0.00656023 0.00718931 0.00964896 0.0130099 0.0168141 0.0206954 0.0242731 0.0271827 0.0291466 0.0300317 0.0298709 0.0288376 0.0271867 0.0251829 0.0230421 0.0209011 0.0188193 0.0168024 0.0148343 0.0129036
 1.03082e-16 2.97307e-05 0.000174488 0.000829425 0.00319331 0.00995801 0.0251532 0.0514671 0.0853139 0.114578 0.124695 0.110016 0.078811 0.0461113 0.0225976 0.0103301 0.00608841 0.00607175 0.00794554 0.010666 0.0137683 0.0169279 0.0198234 0.0221495 0.0236719 0.0242763 0.023987 0.0229478 0.0213743 0.0194961 0.0175073 0.0155401 0.0136634 0.0118988 0.010244 0.00869315
 1.01935e-16 3.19185e-05 0.000187333 0.000890493 0.00342844 0.0106913 0.0270053 0.0552566 0.0915946 0.123011 0.133865 0.118091 0.0845598 0.0494029 0.0240757 0.0107756 0.00602937 0.00574208 0.00739837 0.00987786 0.012694 0.0155224 0.018052 0.019992 0.0211256 0.0213564 0.0207264 0.019396 0.0175966 0.0155715 0.013526 0.0115988 0.00985911 0.00832156 0.0069697 0.00577738
 1.02258e-16 2.67638e-05 0.000157062 0.000746558 0.00287422 0.00896292 0.0226398 0.0463252 0.0767936 0.103145 0.112278 0.0991211 0.0711376 0.0418868 0.021021 0.0104409 0.00729274 0.00818551 0.011016 0.0147957 0.0190035 0.0231967 0.0269112 0.0297072 0.0312581 0.0314225 0.0302717 0.0280592 0.0251484 0.0219217 0.0187031 0.0157135 0.0130643 0.0107789 0.00882857 0.00716501
 1.03e-16 2.71528e-05 0.00015935 0.000757446 0.00291616 0.00909372 0.0229701 0.0470007 0.0779118 0.104642 0.113895 0.100521 0.0720794 0.0423158 0.0210052 0.0100557 0.00655407 0.00705141 0.00942343 0.0127021 0.0164209 0.0202151 0.023706 0.0265273 0.0283929 0.0291559 0.0288317 0.0275784 0.025643 0.0232954 0.0207716 0.0182419 0.0158075 0.0135163 0.0113866 0.0094276
 1.03369e-16 2.69513e-05 0.000158167 0.000751822 0.0028945 0.00902618 0.0227995 0.0466517 0.0773335 0.103866 0.113052 0.0997796 0.0715556 0.0420232 0.0208874 0.0100444 0.00660475 0.00714581 0.00955786 0.012876 0.0166303 0.0204501 0.0239507 0.0267625 0.0286007 0.0293243 0.0289597 0.0276774 0.0257363 0.0234134 0.0209455 0.0184968 0.0161565 0.0139579 0.0119054 0.0099971
 1.02615e-16 3.10723e-05 0.000182367 0.000866882 0.00333753 0.0104078 0.0262892 0.0537914 0.0891658 0.119749 0.130315 0.114958 0.0823138 0.048086 0.023426 0.0104733 0.00584836 0.00556857 0.0071916 0.00963624 0.0124409 0.0153028 0.0179305 0.0200474 0.0214402 0.0220032 0.0217547 0.0208207 0.0193929 0.0176768 0.0158477 0.0140276 0.0122827 0.0106379 0.00909697 0.00765923
 1.02369e-16 2.87302e-05 0.00016861 0.00080147 0.00308566 0.0096223 0.0243053 0.0497326 0.0824401 0.110723 0.120512 0.106354 0.0762498 0.0447381 0.0221578 0.0105207 0.0067351 0.0071405 0.009477 0.0127087 0.0163329 0.0199598 0.0231923 0.0256559 0.0270717 0.0273175 0.0264506 0.0246821 0.022315 0.0196674 0.0170071 0.0145151 0.0122806 0.0103209 0.00861211 0.00711704
 1.02607e-16 2.8346e-05 0.000166355 0.000790753 0.0030444 0.00949363 0.0239802 0.0490675 0.0813374 0.109242 0.118898 0.104926 0.0752173 0.0441159 0.0218197 0.0103121 0.00654203 0.00689971 0.00916103 0.0123142 0.0158779 0.0194847 0.0227591 0.0253422 0.0269595 0.0274782 0.0269307 0.0254921 0.0234257 0.0210137 0.0184991 0.0160525 0.0137683 0.0116809 0.00979123 0.00808877
 1.02378e-16 3.05858e-05 0.000179509 0.000853293 0.00328521 0.0102446 0.0258771 0.0529482 0.0877687 0.117874 0.128279 0.113173 0.0810587 0.0473993 0.0231781 0.0105093 0.00607403 0.00595724 0.00775433 0.0103922 0.0133978 0.0164466 0.0192201 0.0214167 0.022806 0.0232766 0.0228558 0.0216898 0.0199982 0.0180155 0.0159423 0.0139182 0.0120188 0.0102705 0.00867277 0.00721756
 1.02426e-16 2.84035e-05 0.000166692 0.000792349 0.00305054 0.00951278 0.0240286 0.0491666 0.081502 0.109464 0.119142 0.105148 0.0753912 0.0442466 0.0219373 0.0104548 0.00674533 0.0071926 0.00956411 0.0128358 0.0165088 0.0201932 0.0234905 0.026023 0.0275078 0.027818 0.027006 0.025278 0.0229331 0.0202868 0.0176063 0.0150739 0.0127821 0.0107535 0.00896976 0.00739971
 1.04745e-16 1.65481e-05 9.7075e-05 0.000461349 0.00177605 0.00553829 0.0139896 0.0286273 0.0474629 0.0637717 0.0694761 0.0614729 0.0444193 0.0267616 0.0145574 0.00909346 0.00872213 0.0114376 0.015968 0.0216343 0.0279309 0.0342937 0.0400793 0.04466 0.0475533 0.0485246 0.0476276 0.0451656 0.0415955 0.0374082 0.033026 0.0287453 0.0247305 0.021043 0.0176864 0.0146463
pSPR Fmed_Fpbrs
0.756754   0.332722 0.332722
Fs Fmed_Fpbrs
0.168214   1.005 1.005
SSBpbr Bo_Bmed_Bpbrs
1.59319e+06  1.126e+06  450431 450431
Ro
67507.9
SPR SPRFo_SPRFmed_SPRFpbrs
1.38646e+06 1.04921e+06 461307
log_Ro
10.94
likeval ReclasPelacesDesembMPH_pf_preclas_ppelaces_ptallas_desvR_qrecl_qpela
 63.5996 24.0932 0.0362045 0.000209131 320.216 203.303 78.6377 0 16.444 0.000111385 0 0 0 0 0
q_reclas_q_pelaces
0.224129 1
M
0.7
N
 75206.9 19472.9 7255.93 856.591 0.443379
 95307.3 35004.9 7025.78 2617.92 309.216
 61619.1 45128 13744.7 2758.67 1149.34
 91306.8 28699.7 16336 4975.46 1414.67
 151144 44813 13450.7 7656.16 2994.86
 112443 74866.8 21978.4 6596.87 5223.78
 168577 54388.6 32654.9 9586.4 5155.85
 143993 82351.2 24909.8 14955.8 6751.89
 157664 69157.9 34686.7 10492.1 9143.37
 141952 75287.2 28310.2 14199.2 8037.89
 68984 68133.7 31610.5 11886.4 9336.57
 41314.4 31752.1 23265.5 10794 7247
 42630.9 19106.5 11098.5 8132.15 6305.98
 24844.1 18940.8 5480.34 3183.4 4141.3
 20273.4 10190.6 3663.06 1059.87 1416.56
 26679.3 8523.03 2225.32 799.905 540.781
 22896.8 12420.1 3077.8 803.597 484.142
 26065 10858.2 4913.67 1217.65 509.46
 29697.2 12551.5 4632.95 2096.56 736.92
 52372.9 14369 5483.15 2023.92 1237.81
 65386.8 25317.3 6248.73 2384.49 1418.45
 85161.1 32059.8 11807.8 2914.36 1773.66
 140016 41579.9 14644.9 5393.78 2141.48
 169677 68153.9 18709.2 6589.59 3390.55
 72583.9 82672.7 30815.4 8459.26 4512.46
pred_Ctot
 3403.99 3900.28 1453.31 171.569 0.0888055
 3195.18 5340.71 1071.92 399.417 47.1771
 2760.94 8957.62 2728.23 547.579 228.137
 766.152 1164.16 662.643 201.822 57.3838
 273.702 398.579 119.634 68.0961 26.6371
 2101.82 6599.32 1937.34 581.497 460.463
 1973.7 3053.8 1833.5 538.255 289.49
 3405.53 9075.9 2745.3 1648.27 744.124
 4364.03 8834.38 4430.95 1340.28 1167.99
 3421.23 8446.32 3176.06 1592.98 901.754
 3642.73 15638.1 7255.24 2728.18 2142.93
 2049.83 6899.59 5055.49 2345.48 1574.74
 3248.97 5988.57 3478.61 2548.86 1976.49
 3143.29 8768.73 2537.15 1473.77 1917.24
 2258.3 4300.81 1545.95 447.307 597.844
 1204.31 1703.02 444.648 159.832 108.055
 743.449 1839.92 455.947 119.045 71.7212
 568.766 1108.97 501.841 124.361 52.032
 548.511 1093.82 403.747 182.708 64.2202
 1001.18 1294.02 493.792 182.267 111.473
 594.605 1111.08 274.232 104.646 62.2501
 1029.09 1856.23 683.658 168.738 102.693
 1994.93 2823.75 994.556 366.3 145.431
 2299.7 4410.22 1210.67 426.411 219.402
 961.974 5235.02 1951.3 535.66 285.74
F
 0.0647535 0.319438 0.319438 0.319438 0.319438
 0.0476038 0.234837 0.234837 0.234837 0.234837
 0.0640836 0.316134 0.316134 0.316134 0.316134
 0.0117283 0.0578572 0.0578572 0.0578572 0.0578572
 0.00252083 0.0124356 0.0124356 0.0124356 0.0124356
 0.0262948 0.129716 0.129716 0.129716 0.129716
 0.0163983 0.0808952 0.0808952 0.0808952 0.0808952
 0.0333737 0.164637 0.164637 0.164637 0.164637
 0.0391578 0.193171 0.193171 0.193171 0.193171
 0.0340192 0.167822 0.167822 0.167822 0.167822
 0.0759148 0.374499 0.374499 0.374499 0.374499
 0.0711814 0.351148 0.351148 0.351148 0.351148
 0.11126 0.548862 0.548862 0.548862 0.548862
 0.19116 0.943019 0.943019 0.943019 0.943019
 0.166539 0.821562 0.821562 0.821562 0.821562
 0.0645748 0.318557 0.318557 0.318557 0.318557
 0.0460743 0.227292 0.227292 0.227292 0.227292
 0.0307565 0.151727 0.151727 0.151727 0.151727
 0.0259788 0.128157 0.128157 0.128157 0.128157
 0.0268988 0.132696 0.132696 0.132696 0.132696
 0.012716 0.0627298 0.0627298 0.0627298 0.0627298
 0.016929 0.0835133 0.0835133 0.0835133 0.0835133
 0.0199872 0.0986 0.0986 0.0986 0.0986
 0.0190049 0.0937539 0.0937539 0.0937539 0.0937539
 0.0185805 0.0916603 0.0916603 0.0916603 0.0916603
nmprior
 10.6 11 7 0
nm_flota  nm_reclas  nm_pelaces    nm_pelaL
inf 12.3145 21.4014 53.6507
cv_recla  cv_pelaces  cv_mph
0.72136 0.55657 0.469188
 ------------------------------------------------
Talla a la edad & desviación 
 7.2 14.2025 17.0495 18.207 18.6776
 1.08 2.13037 2.55742 2.73105 2.80164
