years
 1997 1998 1999 2000 2001 2002 2003 2004 2005 2006 2007 2008 2009 2010 2011 2012 2013 2014 2015 2016 2017 2018 2019 2020 2021
reclasobs
 0 0 0 370054 412103 1.49427e+06 250295 1.28982e+06 931140 785840 897777 1.04006e+06 184774 17550 25797 100020 73551 82996 120727 218422 84188 347160 605670 569463 516374
reclaspred
 524391 133983 356368 235172 363533 443142 963958 659482 743280 754903 627203 424305 262915 110171 66424.7 65253.7 80199.7 106382 114337 159418 238687 224151 386636 478634 506618
pelacesobs
 0 0 0 0 0 0 0 0 0 2.06254e+06 1.5e+06 0 1.87456e+06 323000 250000 174000 83755 137374 0 501740 490994 745055 786931 1.00524e+06 1.33801e+06
pelacespred
 2.07692e+06 461088 729322 764818 1.04147e+06 974056 2.62645e+06 2.08711e+06 2.15621e+06 2.18754e+06 1.55707e+06 1.09728e+06 682280 222219 140694 147313 190286 262057 279868 391346 671850 593054 806755 1.19872e+06 1.2702e+06
mphobs
 0 0 0 0 0 112323 0 153150 637223 0 255016 313432 73983 77613 109348 50772 0 0 0 0 0 0 0 0 0
mphpred
 180515 100790 111889 113008 122316 201648 288263 352607 302635 320033 331830 227828 140683 73790 31283.8 25347.6 30037.8 39881 49056.7 56626.7 86026.4 104937 131463 185783 237921
desembarqueobs
 350755 77701 442110 56441 14545 235359 269955 359681 431902 328805 639364 411747 362871 311530 167758 66681 60226 58785 57116 73181 50977 67692 138656 160484 209506
desembarquepred
 350765 77699.9 442086 56443.2 14545.4 235421 270003 359660 431929 328809 639312 411804 362977 311649 167601 66675.1 60247.5 58775.7 57101.3 73177.3 50978.3 67680.9 138656 160488 209503
Reclutas
 39469 48720 24646.6 36760 67201.5 47014.4 83998 81175.5 104710 122949 64221.5 44731.1 47419 25066.7 15065.8 14645.6 10819.8 12086 13741.8 22400.4 28610.7 37330.2 59320.8 67854.3 26310.3
log_desv_Rt
 0.0632713 0.273845 -0.407606 -0.00783543 0.59545 0.238209 0.818548 0.784369 1.03895 1.19952 0.550093 0.188424 0.246778 -0.390704 -0.899816 -0.928102 -1.23087 -1.12019 -0.991806 -0.503168 -0.258465 0.00755701 0.470715 0.605118 -0.342283
SSB
 533664 297969 330780 334090 361607 596141 852204 1.04242e+06 894693 946125 981003 673537 415907 218148 92485.4 74936 88802 117902 145028 167408 254323 310229 388650 549238 703375
BT
 1.7215e+06 439037 739365 573992 716571 828863 1.97973e+06 1.8072e+06 1.86258e+06 1.79397e+06 1.61252e+06 1.11021e+06 814133 440599 233836 154571 177138 224423 235506 323468 496247 457182 634060 935099 1.01154e+06
Ftot
 0.597368 0.544286 0.913649 0.204102 0.0382333 0.3667 0.241636 0.457809 0.520514 0.384695 0.728574 0.693581 1.12032 2.0518 2.24548 0.920307 0.654737 0.469633 0.389705 0.405122 0.182595 0.233702 0.277636 0.271183 0.278944
BD_Bspro_t
 0.927904 0.682023 0.608643 0.431224 0.578583 0.744841 0.693778 0.708437 0.642151 0.610196 0.589749 0.424321 0.316227 0.217072 0.11706 0.11681 0.181694 0.295315 0.396782 0.492023 0.62109 0.72372 0.734602 0.740865 0.736284
BD_Bspro
 0.701352 0.391598 0.434719 0.439068 0.475232 0.783461 1.11998 1.36998 1.17582 1.24342 1.28926 0.885176 0.546594 0.286695 0.121546 0.0984825 0.116705 0.154949 0.190599 0.220011 0.334237 0.407709 0.510773 0.721821 0.92439
BD_Bo
 0.576742 0.322022 0.357481 0.361058 0.390797 0.644262 0.920995 1.12657 0.966913 1.0225 1.06019 0.727905 0.44948 0.235757 0.099951 0.0809849 0.0959702 0.127419 0.156735 0.180921 0.274852 0.335271 0.420023 0.593573 0.760152
BD_Brms
 1.9474 1.08733 1.20706 1.21913 1.31955 2.17539 3.10979 3.80393 3.26484 3.45252 3.5798 2.45782 1.51769 0.796048 0.33749 0.27345 0.324049 0.430238 0.529225 0.61089 0.928055 1.13206 1.41823 2.00424 2.5667
S_f
 0.15877 1 1 1 1
 0.15877 1 1 1 1
 0.15877 1 1 1 1
 0.15877 1 1 1 1
 0.15877 1 1 1 1
 0.15877 1 1 1 1
 0.15877 1 1 1 1
 0.15877 1 1 1 1
 0.15877 1 1 1 1
 0.15877 1 1 1 1
 0.15877 1 1 1 1
 0.15877 1 1 1 1
 0.15877 1 1 1 1
 0.15877 1 1 1 1
 0.15877 1 1 1 1
 0.15877 1 1 1 1
 0.15877 1 1 1 1
 0.15877 1 1 1 1
 0.15877 1 1 1 1
 0.15877 1 1 1 1
 0.15877 1 1 1 1
 0.15877 1 1 1 1
 0.15877 1 1 1 1
 0.15877 1 1 1 1
 0.15877 1 1 1 1
Scru_reclas
 0.780477 1 1 1 1
 0.780477 1 1 1 1
 0.780477 1 1 1 1
 0.780477 1 1 1 1
 0.780477 1 1 1 1
 0.780477 1 1 1 1
 0.780477 1 1 1 1
 0.780477 1 1 1 1
 0.780477 1 1 1 1
 0.780477 1 1 1 1
 0.780477 1 1 1 1
 0.780477 1 1 1 1
 0.780477 1 1 1 1
 0.780477 1 1 1 1
 0.780477 1 1 1 1
 0.780477 1 1 1 1
 0.780477 1 1 1 1
 0.780477 1 1 1 1
 0.780477 1 1 1 1
 0.780477 1 1 1 1
 0.780477 1 1 1 1
 0.780477 1 1 1 1
 0.780477 1 1 1 1
 0.780477 1 1 1 1
 0.780477 1 1 1 1
Scru_pelaces
 0.917478 1 1 1 1
 0.917478 1 1 1 1
 0.917478 1 1 1 1
 0.917478 1 1 1 1
 0.917478 1 1 1 1
 0.917478 1 1 1 1
 0.917478 1 1 1 1
 0.917478 1 1 1 1
 0.917478 1 1 1 1
 0.917478 1 1 1 1
 0.917478 1 1 1 1
 0.917478 1 1 1 1
 0.917478 1 1 1 1
 0.917478 1 1 1 1
 0.917478 1 1 1 1
 0.917478 1 1 1 1
 0.917478 1 1 1 1
 0.917478 1 1 1 1
 0.917478 1 1 1 1
 0.917478 1 1 1 1
 0.917478 1 1 1 1
 0.917478 1 1 1 1
 0.917478 1 1 1 1
 0.917478 1 1 1 1
 0.917478 1 1 1 1
pf_obs 
 0.256992 0.487395 0.22802 0.0275931 0
 0.321318 0.546541 0.124235 0.00734118 0.000564706
 0.182869 0.594174 0.210203 0.0122559 0.00049798
 0.330522 0.361315 0.267642 0.0388342 0.00168674
 0.649043 0.306663 0.0425973 0.00169635 0
 0.582887 0.30429 0.105238 0.00758474 0
 0.465427 0.430635 0.0974691 0.00646863 0
 0.296916 0.608066 0.0921331 0.00288517 0
 0.311714 0.524322 0.152257 0.0117073 0
 0.15457 0.633149 0.183074 0.0267441 0.00246327
 0.131901 0.49318 0.331252 0.0422183 0.00144891
 0.196976 0.569456 0.194076 0.0375587 0.00193317
 0.518974 0.381816 0.0799577 0.0180837 0.00116848
 0.0928022 0.601141 0.25162 0.0475244 0.00691264
 0.122501 0.610282 0.24278 0.0234846 0.000952079
 0.383417 0.481906 0.127806 0.00687128 0
 0.0376549 0.599619 0.316969 0.0457579 0
 0.0361596 0.667082 0.258105 0.0386534 0
 0.158088 0.579412 0.248529 0.0139706 0
 0.0477256 0.309471 0.559284 0.082774 0.000745712
 0.0406174 0.521527 0.379366 0.0568643 0.0016247
 0.151134 0.462217 0.34131 0.0453401 0
 0.294876 0.26143 0.354403 0.0886775 0.000613685
 0.281977 0.475581 0.204845 0.0348837 0.00271318
 0.0354234 0.537034 0.353287 0.0723622 0.0018943
pf_pred 
 0.30677 0.487148 0.184109 0.0219631 9.67112e-06
 0.292988 0.557877 0.104801 0.0396075 0.00472703
 0.156444 0.652224 0.150973 0.0283613 0.0119979
 0.278295 0.468661 0.195649 0.0452878 0.0121066
 0.308355 0.503557 0.12214 0.0509893 0.0149579
 0.159723 0.622534 0.15853 0.0384522 0.0207615
 0.279991 0.423656 0.219558 0.055911 0.0208837
 0.216832 0.574307 0.122895 0.0636897 0.0222768
 0.267443 0.502162 0.168952 0.0361538 0.02529
 0.259173 0.554076 0.128017 0.0430712 0.0156639
 0.142102 0.623165 0.17556 0.0405623 0.0186103
 0.160021 0.503868 0.244146 0.0687816 0.0231829
 0.255912 0.467767 0.165754 0.0803149 0.0302528
 0.22753 0.613028 0.100232 0.0355174 0.0236923
 0.302808 0.59267 0.0829476 0.0135622 0.00801155
 0.353596 0.584389 0.0527177 0.00737815 0.00191898
 0.224845 0.655578 0.108105 0.0097521 0.00171985
 0.251023 0.536554 0.179654 0.0296249 0.00314377
 0.246366 0.547398 0.147743 0.0494689 0.00902306
 0.313563 0.489577 0.142988 0.0385926 0.0152789
 0.265834 0.571091 0.116307 0.0339692 0.0127981
 0.250045 0.53494 0.167256 0.034063 0.0136968
 0.290172 0.49784 0.15121 0.0472778 0.0135001
 0.239313 0.567715 0.135341 0.0411075 0.0165229
 0.0902378 0.630432 0.20847 0.0496985 0.0211624
pobs_RECLAS
 0 0 0 0 0
 0 0 0 0 0
 0 0 0 0 0
 0 0 0 0 0
 0.835266 0.146461 0.0176864 0.000547809 3.91292e-05
 0.385257 0.428462 0.181853 0.0044286 0
 0.867414 0.0963971 0.0333333 0.00285562 0
 0.441836 0.489002 0.0689373 0.000224442 0
 0.779404 0.147425 0.0564933 0.0165055 0.000172143
 0.814271 0.122319 0.05973 0.00367925 0
 0.40263 0.566651 0.0304383 0.000280538 0
 0.475488 0.404961 0.113038 0.00651328 0
 0.955842 0.0263864 0.0167828 0.000988607 0
 0.975058 0.0227948 0.00214734 0 0
 0.738997 0.206755 0.0527124 0.00153531 0
 0.850938 0.134255 0.0134407 0.00136685 0
 0.542534 0.407297 0.0501686 0 0
 0.764087 0.199537 0.0359546 0.000420521 0
 0.470689 0.182191 0.310203 0.0369168 0
 0.84361 0.089868 0.0606195 0.00523954 0.000663233
 0.607945 0.314616 0.071237 0.00620181 0
 0.523733 0.453247 0.0230204 0 0
 0.530135 0.295979 0.169645 0.0042399 0
 0.562478 0.366248 0.0663022 0.0049721 0
 0.250443 0.683176 0.0655157 0.000865301 0
ppred_RECLAS
 0.694273 0.214842 0.0811954 0.00968613 4.26514e-06
 0.67909 0.253218 0.0475687 0.0179777 0.00214558
 0.496043 0.389651 0.0901942 0.0169436 0.00716775
 0.657256 0.222571 0.0929156 0.0215075 0.00574954
 0.687089 0.227817 0.0552581 0.0230683 0.00676717
 0.488823 0.378714 0.0964407 0.0233922 0.0126301
 0.659711 0.200228 0.103767 0.0264246 0.00987004
 0.583878 0.305148 0.0652981 0.0338404 0.0118364
 0.650385 0.239658 0.0806327 0.0172545 0.0120697
 0.638003 0.270743 0.062554 0.0210462 0.00765402
 0.462713 0.390278 0.10995 0.0254035 0.0116553
 0.496706 0.301905 0.146286 0.0412121 0.0138906
 0.651958 0.218795 0.0775301 0.0375667 0.0141506
 0.651213 0.276795 0.045257 0.0160369 0.0106976
 0.74094 0.220222 0.0308213 0.00503941 0.0029769
 0.743953 0.231482 0.020882 0.00292256 0.000760126
 0.599491 0.338726 0.0558557 0.00503874 0.000888616
 0.629664 0.265303 0.0888313 0.0146482 0.00155446
 0.622292 0.274347 0.0740465 0.024793 0.0045222
 0.69743 0.215798 0.0630267 0.017011 0.00673468
 0.642628 0.277992 0.0566153 0.0165353 0.00622975
 0.624244 0.268025 0.0838016 0.0170669 0.0068626
 0.671383 0.230477 0.0700031 0.0218874 0.00624993
 0.611137 0.290216 0.0691865 0.0210142 0.00844651
 0.331447 0.463282 0.153197 0.0365217 0.0155515
pobs_PELACES
 0 0 0 0 0
 0 0 0 0 0
 0 0 0 0 0
 0 0 0 0 0
 0 0 0 0 0
 0 0 0 0 0
 0 0 0 0 0
 0 0 0 0 0
 0 0 0 0 0
 0 0 0 0 0
 0.450072 0.473896 0.0757376 0.000293798 0
 0 0 0 0 0
 0.463077 0.371075 0.160297 0.00555027 0
 0.529543 0.364841 0.0842815 0.0213345 0
 0.631943 0.363953 0.00410389 0 0
 0.735681 0.248677 0.0153453 0.000297389 0
 0.695825 0.281241 0.0229344 0 0
 0.275771 0.60734 0.115278 0.00161068 0
 0 0 0 0 0
 0.896147 0.0623911 0.0374545 0.00400742 0
 0.803859 0.145111 0.0509908 3.86294e-05 0
 0.739449 0.233085 0.0266225 0.000797448 4.60066e-05
 0.878498 0.100942 0.0204185 0.000141795 0
 0.694673 0.275183 0.0284847 0.00165964 0
 0.469039 0.446079 0.0841089 0.000773354 0
ppred_PELACES
 0.759096 0.169289 0.0639797 0.00763239 3.36081e-06
 0.743151 0.20267 0.0380728 0.0143889 0.00171727
 0.598575 0.310376 0.0718439 0.0134964 0.00570945
 0.704636 0.191803 0.0800711 0.0185344 0.00495474
 0.722898 0.201746 0.0489345 0.0204284 0.00599275
 0.554484 0.330068 0.0840528 0.0203874 0.0110078
 0.709057 0.171192 0.0887194 0.0225927 0.00843876
 0.651928 0.255245 0.0546196 0.0283063 0.0099007
 0.716457 0.194366 0.0653944 0.0139937 0.00978872
 0.697458 0.226275 0.0522799 0.0175896 0.0063969
 0.553434 0.32438 0.0913851 0.0211141 0.00968733
 0.584455 0.249268 0.120781 0.0340268 0.0114688
 0.750333 0.156952 0.0556161 0.0269484 0.0101509
 0.795059 0.16264 0.0265923 0.009423 0.00628571
 0.862468 0.116913 0.0163627 0.00267536 0.0015804
 0.815149 0.167117 0.0150756 0.00210991 0.000548766
 0.678487 0.271916 0.0448388 0.00404491 0.000713347
 0.694845 0.218608 0.0731964 0.01207 0.00128086
 0.683347 0.23 0.0620772 0.0207853 0.00379121
 0.751994 0.176881 0.0516607 0.0139433 0.00552018
 0.689804 0.241295 0.0491416 0.0143525 0.00540738
 0.675727 0.231303 0.0723199 0.0147285 0.00592235
 0.721767 0.19514 0.0592701 0.0185316 0.00529168
 0.665767 0.249445 0.0594668 0.018062 0.0072599
 0.386396 0.425205 0.140606 0.03352 0.0142733
pobs_pel_tallas
 0 0 0 0 0 0 0 0 0 0 0 0 0 0 0 0 0 0 0 0 0 0 0 0 0 0 0 0 0 0 0 0 0 0 0 0
 0 0 0 0 0 0 0 0 0 0 0 0 0 0 0 0 0 0 0 0 0 0 0 0 0 0 0 0 0 0 0 0 0 0 0 0
 0 0 0 0 0 0 0 0 0 0 0 0 0 0 0 0 0 0 0 0 0 0 0 0 0 0 0 0 0 0 0 0 0 0 0 0
 0 0 0 0 0 0 0 0 0 0 0 0 0 0 0 0 0 0 0 0 0 0 0 0 0 0 0 0 0 0 0 0 0 0 0 0
 0 0 0 0 0 0 0 0 0 0 0 0 0 0 0 0 0 0 0 0 0 0 0 0 0 0 0 0 0 0 0 0 0 0 0 0
 0 0 0 0 0 0 0 0 0 0 0 0 0 0 0 0 0 0 0 0 0 0 0 0 0 0 0 0 0 0 0 0 0 0 0 0
 0 0 0 0 0 0 0 0 0 0 0 0 0 0 0 0 0 0 0 0 0 0 0 0 0 0 0 0 0 0 0 0 0 0 0 0
 0 0 0 0 0 0 0 0 0 0 0 0 0 0 0 0 0 0 0 0 0 0 0 0 0 0 0 0 0 0 0 0 0 0 0 0
 0 0 0 0 0 0 0 0 0 0 0 0 0 0 0 0 0 0 0 0 0 0 0 0 0 0 0 0 0 0 0 0 0 0 0 0
 0 0 0 0 0 0 0 0 0 0 0 0 0 0 0 0 0 0 0 0 0 0 0 0 0 0 0 0 0 0 0 0 0 0 0 0
 0 0 0 0 0 0 0 0 1.78061e-05 0.00172719 0.00360574 0.0105946 0.0120993 0.0124554 0.0147524 0.0171206 0.0266825 0.0428682 0.0675386 0.121331 0.153587 0.119568 0.100827 0.0573624 0.0630603 0.0341343 0.0324427 0.0444173 0.0211091 0.0280891 0.0125444 0.00206551 0 0 0 0
 0 0 0 0 0 0 0 0 0 0 0 0 0 0 0 0 0 0 0 0 0 0 0 0 0 0 0 0 0 0 0 0 0 0 0 0
 0 0 0 0 0 0 0.0133647 0.0140871 0.0187388 0.0205184 0.03894 0.0496705 0.03968 0.0493445 0.0407372 0.0367815 0.0215668 0.0243155 0.0234873 0.0199281 0.019796 0.0243948 0.0301388 0.0376714 0.0412746 0.0863199 0.0771752 0.113111 0.0741005 0.0525337 0.0229764 0.00759418 0.00175318 0 0 0
 0 0 0 0 0 0 0 0 0 0 0.00219441 0.00772107 0.0458388 0.0604681 0.0671733 0.0775358 0.0609151 0.0617685 0.073594 0.0568108 0.0755445 0.0548602 0.0670107 0.0636378 0.0643287 0.046367 0.0373049 0.0286899 0.0247887 0.0153202 0.00654259 0.00121912 0.000365735 0 0 0
 0 0 0 0 0 0 0 0 0 0 0 0 0.000112435 0.00938835 0.0111873 0.0202946 0.0414886 0.0713402 0.111592 0.104902 0.108894 0.110636 0.117776 0.105296 0.107544 0.0401394 0.0192827 0.0124803 0.00416011 0.0028671 0.000618394 0 0 0 0 0
 0 0 0 0 0 0 0 0 0 0 0.00291406 0.0102884 0.027416 0.0768956 0.0749926 0.110853 0.0956884 0.0897413 0.0766577 0.0534642 0.0500743 0.0551293 0.0594112 0.0620874 0.0668451 0.0424026 0.0208742 0.0120726 0.0048766 0.00582813 0.00118941 0.000297354 0 0 0 0
 0 0.00264628 0.0354308 0.0461629 0.0458689 0.0383711 0.0214643 0.0164657 0.0346957 0.0420465 0.0363128 0.0245516 0.0311673 0.0291091 0.0169068 0.0133784 0.00837989 0.0085269 0.0148486 0.0160247 0.0276389 0.0546898 0.0760071 0.122758 0.109233 0.0665981 0.0333725 0.0166128 0.00676272 0.00308733 0.000882094 0 0 0 0 0
 0 0 0 0 0 0 0 0.000805153 0.000690131 0.00759144 0.0133425 0.0154129 0.00931677 0.000345066 0.00356568 0.00563607 0.00851162 0.0253048 0.0502646 0.0516448 0.0657925 0.0565908 0.0611916 0.0827007 0.0866115 0.110766 0.145733 0.0935128 0.0569358 0.0249597 0.0138026 0.00621118 0.00161031 0.00115022 0 0
 0 0 0 0 0 0 0 0 0 0 0 0 0 0 0 0 0 0 0 0 0 0 0 0 0 0 0 0 0 0 0 0 0 0 0 0
 0.00147267 0.00158595 0.00478618 0.00569244 0.00954404 0.0108468 0.00647125 0.017049 0.0510054 0.094081 0.124002 0.0959785 0.0687766 0.0820023 0.061753 0.0591476 0.0492212 0.0479892 0.0443925 0.0268479 0.0217502 0.0140895 0.0121071 0.0120363 0.00920419 0.00665534 0.0049561 0.00860946 0.00930331 0.0156896 0.0114698 0.00855282 0.00243557 0.00046729 0 2.83206e-05
 0 0 0 0 0.000772559 0.00158375 0.000888443 0.00281984 0.00712685 0.0440552 0.0773331 0.111326 0.0921469 0.0852325 0.0710754 0.0886704 0.0786465 0.0553345 0.0373146 0.0185414 0.00753245 0.00457741 0.012979 0.0271748 0.0457355 0.0583668 0.034881 0.0177882 0.00938659 0.00492506 0.0015258 0.00185414 0.000309023 5.79419e-05 3.86279e-05 0
 0 0.00173294 0.00326652 0 0.00397197 0.00683976 0.00946217 0.0152591 0.00757587 0.0136028 0.0228656 0.0392903 0.0559909 0.0764795 0.0681675 0.0726916 0.0566044 0.0477403 0.0527397 0.0444891 0.0609904 0.0582453 0.0661739 0.0445044 0.0529084 0.0360697 0.0280645 0.0235558 0.0158879 0.00826598 0.00280645 0.00217768 0.000904811 0.00058276 9.20147e-05 0
 0 0 0 0 0 0 0 0 0 0 0 0 0 0 0 0 0 0 0 0 0 0 0 0 0 0 0 0 0 0 0 0 0 0 0 0
 0 0 0 0 0 0 0 0 0 0 0 0 0 0 0 0 0 0 0 0 0 0 0 0 0 0 0 0 0 0 0 0 0 0 0 0
 0 0 0 0 0 0 0 0 0 0 0 0 0 0 0 0 0 0 0 0 0 0 0 0 0 0 0 0 0 0 0 0 0 0 0 0
ppred_pel_tallas
 1.01226e-16 3.31198e-05 0.000194388 0.000924033 0.00355758 0.011094 0.0280225 0.0573378 0.0950437 0.127641 0.138897 0.122515 0.0876944 0.0511678 0.0248118 0.010895 0.00580199 0.00527584 0.00670629 0.00894181 0.0115012 0.0140825 0.0164022 0.0181941 0.0192561 0.0194922 0.0189298 0.0177039 0.0160169 0.0140873 0.0121059 0.0102097 0.00847763 0.00694066 0.00560033 0.00444492
 1.01182e-16 3.24258e-05 0.00019031 0.000904644 0.00348292 0.0108612 0.0274344 0.0561348 0.0930505 0.124967 0.135996 0.119975 0.0859187 0.0502165 0.0245083 0.011029 0.00625159 0.00601535 0.00775998 0.0103372 0.0132372 0.0161113 0.0186232 0.0204619 0.0213999 0.0213447 0.0203574 0.0186302 0.0164336 0.0140504 0.0117188 0.0095997 0.00777113 0.00624433 0.00498962 0.00396131
 1.01852e-16 2.6126e-05 0.000153315 0.000728742 0.00280561 0.00874897 0.0220994 0.0452197 0.0749619 0.100688 0.10961 0.0967832 0.0694975 0.0409968 0.0207145 0.010519 0.00763723 0.00876728 0.0118548 0.01592 0.0204232 0.0248876 0.0288085 0.0317081 0.0332338 0.0332369 0.0318025 0.0292168 0.0258867 0.0222405 0.0186419 0.01534 0.0124605 0.0100292 0.00801018 0.00634203
 1.02068e-16 3.0746e-05 0.00018045 0.000857765 0.00330243 0.0102983 0.0260127 0.0532257 0.0882286 0.118492 0.12895 0.113763 0.0814768 0.047635 0.0232772 0.0105271 0.00604761 0.00590249 0.00767537 0.0102899 0.0132745 0.0163079 0.0190749 0.0212751 0.022677 0.0231649 0.0227591 0.0215981 0.0198945 0.0178791 0.0157533 0.0136616 0.0116886 0.009871 0.00821818 0.00672933
 1.01743e-16 3.15426e-05 0.000185126 0.000879995 0.00338801 0.0105652 0.0266869 0.0546052 0.0905152 0.121563 0.132293 0.116712 0.0835902 0.0488725 0.0238844 0.0108038 0.00620426 0.00604312 0.00783412 0.0104631 0.0134347 0.0164074 0.0190495 0.0210508 0.0221811 0.0223402 0.0215767 0.0200669 0.0180638 0.015833 0.0135991 0.0115143 0.0096549 0.00803645 0.00663937 0.00543183
 1.02516e-16 2.42043e-05 0.000142031 0.000675091 0.00259904 0.00810477 0.0204722 0.0418905 0.0694444 0.0932807 0.101557 0.0896987 0.0644661 0.0381414 0.0194803 0.0102348 0.00785741 0.00930609 0.0126831 0.0170685 0.0219287 0.026769 0.0310564 0.0342835 0.0360726 0.0362596 0.0349257 0.0323625 0.0289891 0.0252472 0.0215117 0.0180394 0.014961 0.012306 0.0100431 0.00811775
 1.02486e-16 3.0938e-05 0.000181578 0.000863135 0.00332311 0.0103628 0.0261756 0.0535589 0.0887802 0.119231 0.12975 0.114456 0.0819488 0.0478609 0.0232945 0.0103787 0.00574788 0.00543754 0.00701938 0.00942336 0.0121992 0.0150565 0.017715 0.0199049 0.0214132 0.022125 0.0220413 0.0212653 0.0199651 0.018327 0.0165158 0.0146529 0.0128142 0.0110413 0.00935755 0.00778145
 1.02294e-16 2.84502e-05 0.000166965 0.000793647 0.00305554 0.00952836 0.024068 0.0492472 0.0816358 0.109644 0.11934 0.105327 0.0755291 0.0443463 0.0220213 0.0105516 0.00688054 0.0073864 0.00983036 0.0131799 0.0169242 0.0206586 0.0239691 0.0264658 0.0278606 0.0280302 0.0270409 0.0251196 0.0225894 0.0197879 0.0169982 0.01441 0.0121145 0.0101257 0.00841284 0.00693082
 1.0193e-16 3.12615e-05 0.000183476 0.000872153 0.00335782 0.010471 0.026449 0.0541185 0.0897084 0.120479 0.131112 0.115668 0.0828383 0.048424 0.0236492 0.0106713 0.0060945 0.00591325 0.00766694 0.0102574 0.0132022 0.0161728 0.0188494 0.0209306 0.0221878 0.0225141 0.0219434 0.0206306 0.0188054 0.0167129 0.0145633 0.0125035 0.0106126 0.00891668 0.00741061 0.00607813
 1.0172e-16 3.04344e-05 0.000178617 0.000849045 0.00326884 0.0101936 0.0257482 0.0526847 0.0873328 0.117292 0.127652 0.112636 0.0807104 0.0472683 0.0232488 0.0107671 0.00653135 0.00665061 0.00872653 0.0116709 0.0149765 0.0182708 0.0211824 0.0233638 0.0245577 0.0246543 0.0237123 0.0219351 0.0196124 0.0170487 0.0145013 0.0121448 0.0100663 0.0082825 0.00676831 0.00548308
 1.02582e-16 2.41583e-05 0.000141761 0.00067381 0.00259411 0.0080894 0.0204334 0.041811 0.0693125 0.0931032 0.101363 0.0895247 0.064336 0.0380543 0.0194176 0.0101727 0.00777623 0.00919177 0.0125269 0.0168673 0.0216871 0.0265003 0.0307834 0.0340361 0.0358839 0.0361599 0.0349368 0.0324935 0.0292339 0.0255861 0.0219151 0.0184732 0.0153918 0.012706 0.0103926 0.00840623
 1.03501e-16 2.5508e-05 0.000149692 0.000711529 0.00273936 0.00854237 0.0215775 0.0441514 0.0731896 0.0983029 0.107003 0.0944557 0.0677703 0.0398663 0.0199391 0.00979628 0.0067175 0.00747626 0.0100831 0.0136226 0.0176362 0.0217465 0.0255539 0.0286682 0.0307824 0.031734 0.0315312 0.0303313 0.0283861 0.0259721 0.0233325 0.0206444 0.0180154 0.0155008 0.0131281 0.0109169
 1.02241e-16 3.27371e-05 0.000192142 0.000913362 0.0035165 0.0109659 0.0276989 0.0566756 0.0939457 0.126165 0.137289 0.121091 0.0866638 0.050543 0.0244653 0.0106695 0.00557879 0.00498441 0.00630913 0.00842298 0.0108647 0.0133554 0.015637 0.0174671 0.0186601 0.0191251 0.0188805 0.0180393 0.0167718 0.0152597 0.0136574 0.0120715 0.0105586 0.0091386 0.00781237 0.00657719
 1.01049e-16 3.46876e-05 0.000203593 0.000967798 0.00372609 0.0116195 0.0293499 0.0600535 0.0995447 0.133684 0.145469 0.1283 0.0918119 0.0535219 0.025862 0.0111982 0.00573218 0.00499458 0.00624366 0.00827145 0.0105803 0.0128696 0.0148662 0.0163211 0.0170536 0.016992 0.0161881 0.0147988 0.0130432 0.0111492 0.00930711 0.00764387 0.00621863 0.0050362 0.00406849 0.00327527
 1.00437e-16 3.76251e-05 0.000220843 0.00104982 0.00404189 0.0126043 0.0318374 0.0651429 0.107979 0.145005 0.157773 0.139118 0.0994771 0.0578369 0.0276598 0.0114845 0.00516304 0.0038267 0.00449753 0.00588652 0.0075048 0.00910379 0.0104802 0.0114536 0.011895 0.0117553 0.0110763 0.00997672 0.0086212 0.00718083 0.00579923 0.00457265 0.00354632 0.00272364 0.00208168 0.00158652
 1.00367e-16 3.55638e-05 0.000208736 0.000992251 0.00382024 0.0119131 0.0300915 0.061571 0.10206 0.137061 0.149144 0.13154 0.094128 0.0548669 0.0265017 0.0114563 0.00583374 0.00504808 0.00628351 0.00829598 0.0105694 0.01279 0.0146744 0.0159666 0.0164856 0.0161665 0.0150767 0.013395 0.0113663 0.00924338 0.00723765 0.00548942 0.0040624 0.00295703 0.00213344 0.00153456
 1.00898e-16 2.9609e-05 0.000173767 0.000825979 0.00318001 0.00991654 0.0250485 0.0512535 0.0849618 0.114112 0.124203 0.109621 0.0786109 0.0461617 0.0229328 0.0110026 0.0071882 0.00771552 0.0102465 0.0136943 0.0175113 0.0212581 0.0244866 0.0267791 0.0278333 0.0275316 0.025967 0.0234123 0.0202479 0.0168709 0.0136169 0.010713 0.00826958 0.00630031 0.00475748 0.00356664
 1.01585e-16 3.03202e-05 0.000177947 0.000845862 0.00325659 0.0101553 0.0256516 0.0524872 0.0870051 0.116851 0.127172 0.112209 0.0803988 0.0470742 0.0231321 0.0106786 0.00643345 0.0065212 0.00855581 0.0114594 0.0147358 0.0180241 0.0209641 0.023215 0.0245193 0.0247584 0.023974 0.022347 0.0201445 0.0176525 0.0151184 0.012717 0.0105452 0.00863636 0.00698471 0.00556803
 1.01848e-16 2.98192e-05 0.000175005 0.000831873 0.00320272 0.00998736 0.0252274 0.0516191 0.0855667 0.11492 0.125074 0.110367 0.0790962 0.0463472 0.0228413 0.0106557 0.00657019 0.00677721 0.00892944 0.0119598 0.0153664 0.0187743 0.0218071 0.02411 0.0254178 0.0256132 0.0247482 0.0230211 0.0207182 0.0181424 0.0155517 0.0131233 0.0109492 0.00905288 0.00741702 0.00600921
 1.01529e-16 3.28104e-05 0.000192571 0.000915394 0.00352432 0.0109903 0.0277605 0.0568018 0.0941553 0.126448 0.137602 0.121377 0.0868903 0.0507193 0.0246329 0.0108818 0.0058874 0.00543435 0.00693575 0.00924603 0.0118797 0.0145255 0.0168899 0.0186989 0.0197474 0.0199428 0.0193223 0.0180349 0.0162973 0.0143397 0.0123581 0.0104883 0.00880139 0.00731725 0.00602519 0.0049033
 1.01523e-16 3.01012e-05 0.000176659 0.000839737 0.003233 0.0100818 0.0254658 0.0521072 0.0863759 0.116008 0.126259 0.111416 0.0798572 0.0468103 0.0231011 0.0108284 0.0067433 0.00700139 0.0092292 0.0123412 0.0158179 0.019265 0.0222866 0.0245123 0.0256703 0.0256484 0.0245166 0.0225005 0.0199189 0.0171056 0.0143423 0.0118195 0.00963047 0.00779011 0.00626538 0.00500464
 1.01885e-16 2.9487e-05 0.000173054 0.0008226 0.00316702 0.00987602 0.0249461 0.0510437 0.084613 0.11364 0.123682 0.109141 0.0782238 0.0458484 0.0226188 0.0105915 0.00658517 0.0068373 0.00902853 0.0121039 0.0155649 0.0190367 0.0221402 0.024517 0.0258968 0.0261566 0.0253428 0.0236484 0.0213562 0.0187676 0.0161409 0.0136566 0.0114119 0.00943653 0.00772011 0.00623634
 1.0179e-16 3.14931e-05 0.000184835 0.000878615 0.0033827 0.0105486 0.026645 0.0545195 0.0903731 0.121371 0.132083 0.116524 0.0834495 0.0487776 0.0238149 0.0107338 0.00611213 0.00591336 0.0076572 0.0102361 0.0131633 0.0161076 0.0187477 0.0207814 0.0219816 0.0222443 0.0216076 0.0202323 0.0183541 0.0162229 0.0140527 0.0119914 0.0101176 0.00845431 0.00699251 0.00571136
 1.01886e-16 2.90534e-05 0.000170507 0.000810487 0.00312037 0.00973056 0.0245787 0.0502921 0.0833677 0.111969 0.121868 0.107552 0.07711 0.0452458 0.0224145 0.0106508 0.00682802 0.00724331 0.00960933 0.012875 0.0165272 0.0201659 0.0233838 0.0257973 0.0271225 0.0272373 0.0262055 0.0242501 0.0216901 0.0188605 0.0160453 0.0134376 0.0111344 0.00915542 0.00747427 0.00604718
 1.03954e-16 1.68788e-05 9.90152e-05 0.000470569 0.00181154 0.00564897 0.0142692 0.0291995 0.0484118 0.0650474 0.0708679 0.062709 0.0453225 0.0273256 0.0148992 0.00935848 0.00902398 0.0118484 0.0165287 0.0223608 0.0288119 0.0352855 0.0411038 0.0456097 0.0483045 0.0489557 0.0476394 0.0446986 0.0406399 0.036004 0.0312553 0.0267185 0.0225695 0.018866 0.0155961 0.0127221
pSPR Fmed_Fpbrs
0.541541   0.346159 0.346159
Fs Fmed_Fpbrs
0.448485   1.005 1.005
SSBpbr Bo_Bmed_Bpbrs
925308  454827  274039 274039
Ro
37049.1
SPR SPRFo_SPRFmed_SPRFpbrs
760907 412062 263395
log_Ro
10.34
likeval ReclasPelacesDesembMPH_pf_preclas_ppelaces_ptallas_desvR_qrecl_qpela
 62.2678 15.8969 0.00753043 0.000211379 313.911 190.465 78.2523 0 15.9184 1.3325e-05 5.09735e-05 0 0 0 0
q_reclas_q_pelaces
0.596146 2.76142
M
0.7
N
 39469 12255.4 4631.69 552.533 0.2433
 48720 17826.2 3348.78 1265.61 151.046
 24646.6 22190.7 5136.57 964.939 408.204
 36760 10586.5 4419.49 1023 273.475
 67201.5 17672.4 4286.53 1789.48 524.948
 47014.4 33169.3 8446.66 2048.78 1106.2
 83998 22026.2 11415 2906.85 1085.76
 81175.5 40142.2 8589.98 4451.71 1557.08
 104710 37484.5 12611.6 2698.75 1887.8
 122949 47873 11060.9 3721.42 1353.39
 64221.5 57437.1 16181.3 3738.62 1715.31
 44731.1 28407.8 13764.8 3877.86 1307.04
 47419 19896.6 7050.38 3416.22 1286.81
 25066.7 19710.5 3222.73 1141.98 761.769
 15065.8 8986.97 1257.78 205.652 121.483
 14645.6 5237.87 472.507 66.1301 17.1998
 10819.8 6284.12 1036.25 93.4799 16.4858
 12086 4842.45 1621.4 267.368 28.3728
 13741.8 5570.52 1503.49 503.413 91.8218
 22400.4 6414.53 1873.45 505.646 200.187
 28610.7 10430.7 2124.3 620.432 233.751
 37330.2 13801.7 4315.27 878.84 353.382
 59320.8 17862.4 5425.38 1696.32 484.382
 67854.3 28187.5 6719.81 2041.02 820.377
 26310.3 32275.5 10672.8 2544.36 1083.43
pred_Ctot
 2582.51 4101 1549.9 184.894 0.0814151
 2915.21 5550.83 1042.76 394.092 47.0335
 2413.51 10062.1 2329.11 437.538 185.095
 844.528 1422.22 593.727 137.432 36.7394
 292.585 477.803 115.894 48.3815 14.1929
 1918.75 7478.5 1904.42 461.927 249.408
 2278.7 3447.91 1786.86 455.029 169.961
 4110 10885.9 2329.45 1207.23 422.252
 6001.63 11268.9 3791.42 811.321 567.528
 5257.45 11239.7 2596.88 873.72 317.751
 5078.96 22272.9 6274.78 1449.76 665.162
 3375.76 10629.5 5150.46 1451 489.062
 5614.25 10262 3636.34 1761.97 663.693
 5106.64 13758.7 2249.6 797.148 531.746
 3316.39 6490.98 908.45 148.535 87.7433
 1443.96 2386.45 215.281 30.1299 7.83646
 772.877 2253.47 371.596 33.5216 5.91177
 627.219 1340.66 448.895 74.0225 7.8552
 595.061 1322.16 356.853 119.485 21.7939
 1007.3 1572.73 459.339 123.976 49.0824
 588.928 1265.19 257.667 75.2552 28.3528
 979.981 2096.55 655.514 133.501 53.6807
 1844.38 3164.35 961.114 300.505 85.8089
 2061.58 4890.63 1165.91 354.124 142.338
 821.809 5741.43 1898.56 452.612 192.729
F
 0.0948441 0.597368 0.597368 0.597368 0.597368
 0.0864164 0.544286 0.544286 0.544286 0.544286
 0.14506 0.913649 0.913649 0.913649 0.913649
 0.0324052 0.204102 0.204102 0.204102 0.204102
 0.0060703 0.0382333 0.0382333 0.0382333 0.0382333
 0.058221 0.3667 0.3667 0.3667 0.3667
 0.0383646 0.241636 0.241636 0.241636 0.241636
 0.0726864 0.457809 0.457809 0.457809 0.457809
 0.0826421 0.520514 0.520514 0.520514 0.520514
 0.0610781 0.384695 0.384695 0.384695 0.384695
 0.115676 0.728574 0.728574 0.728574 0.728574
 0.11012 0.693581 0.693581 0.693581 0.693581
 0.177873 1.12032 1.12032 1.12032 1.12032
 0.325765 2.0518 2.0518 2.0518 2.0518
 0.356515 2.24548 2.24548 2.24548 2.24548
 0.146117 0.920307 0.920307 0.920307 0.920307
 0.103953 0.654737 0.654737 0.654737 0.654737
 0.0745636 0.469633 0.469633 0.469633 0.469633
 0.0618735 0.389705 0.389705 0.389705 0.389705
 0.0643212 0.405122 0.405122 0.405122 0.405122
 0.0289907 0.182595 0.182595 0.182595 0.182595
 0.0371048 0.233702 0.233702 0.233702 0.233702
 0.0440803 0.277636 0.277636 0.277636 0.277636
 0.0430557 0.271183 0.271183 0.271183 0.271183
 0.044288 0.278944 0.278944 0.278944 0.278944
nmprior
 10.6 11 7 0
nm_flota  nm_reclas  nm_pelaces    nm_pelaL
inf 19.4213 17.273 40.6048
cv_recla  cv_pelaces  cv_mph
0.713767 0.452094 0.471703
 ------------------------------------------------
Talla a la edad & desviación 
 7.2 14.2025 17.0495 18.207 18.6776
 1.08 2.13037 2.55742 2.73105 2.80164
