years
 1997 1998 1999 2000 2001 2002 2003 2004 2005 2006 2007 2008 2009 2010 2011 2012 2013 2014 2015 2016 2017 2018 2019 2020 2021
reclasobs
 0 0 0 370054 412103 1.49427e+06 250295 1.28982e+06 931140 785840 897777 1.04006e+06 184774 17550 25797 100020 73551 82996 120727 218422 84188 347160 605670 569463 516374
reclaspred
 539983 128928 284413 189296 325167 383994 838859 589526 693794 759920 634302 439436 285612 120467 68066.6 64481.6 77251.4 98583.2 102662 145396 215632 200337 349035 428278 407311
pelacesobs
 0 0 0 0 0 0 0 0 0 2.06254e+06 1.5e+06 0 1.87456e+06 323000 250000 174000 83755 137374 0 501740 490994 745055 786931 1.00524e+06 1.33801e+06
pelacespred
 2.27959e+06 468541 624248 660736 1.01419e+06 899331 2.54693e+06 1.99474e+06 2.21956e+06 2.40972e+06 1.72894e+06 1.26093e+06 824876 269971 158523 159082 199352 265226 270891 387764 664950 568753 789761 1.16047e+06 1.09496e+06
mphobs
 0 0 0 0 0 112323 0 153150 637223 0 255016 313432 73983 77613 109348 50772 0 0 0 0 0 0 0 0 0
mphpred
 363236 185928 185867 158131 189843 337200 468972 567469 504404 562917 629750 437010 278593 151944 62070.2 46427.4 54580.7 69822.2 83433.2 94613 145844 175989 221488 315225 388966
desembarqueobs
 350755 77701 442110 56441 14545 235359 269955 359681 431902 328805 639364 411747 362871 311530 167758 66681 60226 58785 57116 73181 50977 67692 138656 160484 209506
desembarquepred
 350757 77690.2 441979 56441 14545.2 235400 269992 359566 431826 328739 639022 411644 362789 311421 167489 66656.2 60235.9 58763.2 57090.2 73164.7 50974.6 67668.1 138636 160462 209484
Reclutas
 33282.1 42930.2 17902.4 31801.9 58649.2 40105.8 69172.9 75235.3 99139.9 125950 64413.8 47556.1 49514.6 24441.8 13802.1 13911.9 9685.34 10636.2 11932.8 19874 23860.2 32624 52338.7 56211.8 16664
log_desv_Rt
 0.012775 0.26733 -0.607313 -0.0327187 0.579329 0.199277 0.744365 0.828376 1.10429 1.34364 0.673083 0.369666 0.410022 -0.295951 -0.867422 -0.859498 -1.22163 -1.12798 -1.01296 -0.50283 -0.320035 -0.00719703 0.465492 0.536882 -0.678993
SSB
 521693 267036 266949 227113 272660 484300 673555 815020 724443 808482 904470 627650 400126 218228 89147.5 66680.7 78390.9 100281 119830 135887 209467 252762 318109 452737 558647
BT
 1.54021e+06 396642 585745 428948 577594 686559 1.60494e+06 1.51384e+06 1.63182e+06 1.65612e+06 1.52908e+06 1.07651e+06 808528 438440 224359 142817 158609 195023 199197 274327 412237 380804 534036 776804 781161
Ftot
 0.602836 0.629042 1.19133 0.305207 0.0503367 0.458065 0.310495 0.598971 0.659284 0.45343 0.795623 0.749929 1.1731 2.05782 2.39457 1.06482 0.753644 0.565761 0.479954 0.507554 0.222969 0.290479 0.341575 0.331375 0.358355
BD_Bspro_t
 0.92474 0.657304 0.554291 0.343783 0.513095 0.704637 0.641853 0.65334 0.591286 0.571193 0.566927 0.403987 0.304877 0.214267 0.111537 0.104068 0.162435 0.26176 0.351349 0.439519 0.574084 0.679796 0.693152 0.701325 0.687814
BD_Bspro
 0.773034 0.395689 0.39556 0.336532 0.404022 0.717626 0.998061 1.20768 1.07347 1.19799 1.34023 0.930039 0.592899 0.323366 0.132097 0.0988062 0.116158 0.148595 0.177561 0.201354 0.310384 0.374538 0.471367 0.670857 0.827791
BD_Bo
 0.609248 0.311852 0.311751 0.265229 0.31842 0.565579 0.786597 0.951803 0.846026 0.944168 1.05627 0.732987 0.467279 0.254853 0.104109 0.0778717 0.0915471 0.117111 0.139941 0.158692 0.244621 0.295183 0.371497 0.528719 0.652403
BD_Brms
 2.03989 1.04415 1.04381 0.888045 1.06614 1.89368 2.6337 3.18684 2.83268 3.16128 3.53661 2.4542 1.56455 0.853302 0.34858 0.260731 0.30652 0.392114 0.468552 0.531336 0.819046 0.988338 1.24385 1.77027 2.18439
S_f
 0.150779 1 1 1 1
 0.150779 1 1 1 1
 0.150779 1 1 1 1
 0.150779 1 1 1 1
 0.150779 1 1 1 1
 0.150779 1 1 1 1
 0.150779 1 1 1 1
 0.150779 1 1 1 1
 0.150779 1 1 1 1
 0.150779 1 1 1 1
 0.150779 1 1 1 1
 0.150779 1 1 1 1
 0.150779 1 1 1 1
 0.150779 1 1 1 1
 0.150779 1 1 1 1
 0.150779 1 1 1 1
 0.150779 1 1 1 1
 0.150779 1 1 1 1
 0.150779 1 1 1 1
 0.150779 1 1 1 1
 0.150779 1 1 1 1
 0.150779 1 1 1 1
 0.150779 1 1 1 1
 0.150779 1 1 1 1
 0.150779 1 1 1 1
Scru_reclas
 0.860535 1 1 1 1
 0.860535 1 1 1 1
 0.860535 1 1 1 1
 0.860535 1 1 1 1
 0.860535 1 1 1 1
 0.860535 1 1 1 1
 0.860535 1 1 1 1
 0.860535 1 1 1 1
 0.860535 1 1 1 1
 0.860535 1 1 1 1
 0.860535 1 1 1 1
 0.860535 1 1 1 1
 0.860535 1 1 1 1
 0.860535 1 1 1 1
 0.860535 1 1 1 1
 0.860535 1 1 1 1
 0.860535 1 1 1 1
 0.860535 1 1 1 1
 0.860535 1 1 1 1
 0.860535 1 1 1 1
 0.860535 1 1 1 1
 0.860535 1 1 1 1
 0.860535 1 1 1 1
 0.860535 1 1 1 1
 0.860535 1 1 1 1
Scru_pelaces
 1 1 1 1 1
 1 1 1 1 1
 1 1 1 1 1
 1 1 1 1 1
 1 1 1 1 1
 1 1 1 1 1
 1 1 1 1 1
 1 1 1 1 1
 1 1 1 1 1
 1 1 1 1 1
 1 1 1 1 1
 1 1 1 1 1
 1 1 1 1 1
 1 1 1 1 1
 1 1 1 1 1
 1 1 1 1 1
 1 1 1 1 1
 1 1 1 1 1
 1 1 1 1 1
 1 1 1 1 1
 1 1 1 1 1
 1 1 1 1 1
 1 1 1 1 1
 1 1 1 1 1
 1 1 1 1 1
pf_obs 
 0.256992 0.487395 0.22802 0.0275931 0
 0.321318 0.546541 0.124235 0.00734118 0.000564706
 0.182869 0.594174 0.210203 0.0122559 0.00049798
 0.330522 0.361315 0.267642 0.0388342 0.00168674
 0.649043 0.306663 0.0425973 0.00169635 0
 0.582887 0.30429 0.105238 0.00758474 0
 0.465427 0.430635 0.0974691 0.00646863 0
 0.296916 0.608066 0.0921331 0.00288517 0
 0.311714 0.524322 0.152257 0.0117073 0
 0.15457 0.633149 0.183074 0.0267441 0.00246327
 0.131901 0.49318 0.331252 0.0422183 0.00144891
 0.196976 0.569456 0.194076 0.0375587 0.00193317
 0.518974 0.381816 0.0799577 0.0180837 0.00116848
 0.0928022 0.601141 0.25162 0.0475244 0.00691264
 0.122501 0.610282 0.24278 0.0234846 0.000952079
 0.383417 0.481906 0.127806 0.00687128 0
 0.0376549 0.599619 0.316969 0.0457579 0
 0.0361596 0.667082 0.258105 0.0386534 0
 0.158088 0.579412 0.248529 0.0139706 0
 0.0477256 0.309471 0.559284 0.082774 0.000745712
 0.0406174 0.521527 0.379366 0.0568643 0.0016247
 0.151134 0.462217 0.34131 0.0453401 0
 0.294876 0.26143 0.354403 0.0886775 0.000613685
 0.281977 0.475581 0.204845 0.0348837 0.00271318
 0.0354234 0.537034 0.353287 0.0723622 0.0018943
pf_pred 
 0.258097 0.516839 0.200559 0.0244962 8.98063e-06
 0.288178 0.53879 0.120541 0.046776 0.00571529
 0.139499 0.676377 0.139366 0.0311798 0.0135777
 0.324553 0.449997 0.17721 0.0365137 0.0117264
 0.319835 0.535328 0.096493 0.0379991 0.0103441
 0.158024 0.641232 0.157997 0.028479 0.0142681
 0.276773 0.440628 0.215221 0.0530297 0.0143475
 0.24195 0.566211 0.116878 0.0570882 0.0178721
 0.289919 0.525697 0.137722 0.0284289 0.0182329
 0.283612 0.566008 0.111331 0.0291665 0.00988193
 0.143565 0.65639 0.158053 0.0310883 0.010904
 0.169813 0.518209 0.239107 0.0575749 0.0152967
 0.257337 0.493287 0.155662 0.0718241 0.0218896
 0.21139 0.637616 0.100292 0.0316484 0.0190533
 0.283319 0.606531 0.0890598 0.0140084 0.00708182
 0.363137 0.579117 0.0488707 0.00717592 0.00169933
 0.218423 0.677942 0.0942375 0.00795255 0.00144424
 0.249919 0.547789 0.175469 0.024391 0.00243212
 0.247039 0.561146 0.140084 0.0448719 0.00685939
 0.323329 0.496528 0.134252 0.0335147 0.0123766
 0.255309 0.597848 0.10775 0.0291338 0.00995876
 0.254911 0.53414 0.169353 0.0305225 0.0110738
 0.29403 0.510544 0.140098 0.0444189 0.0109101
 0.228585 0.590434 0.130882 0.0359152 0.0141841
 0.069905 0.649038 0.215118 0.0476855 0.0182531
pobs_RECLAS
 0 0 0 0 0
 0 0 0 0 0
 0 0 0 0 0
 0 0 0 0 0
 0.835266 0.146461 0.0176864 0.000547809 3.91292e-05
 0.385257 0.428462 0.181853 0.0044286 0
 0.867414 0.0963971 0.0333333 0.00285562 0
 0.441836 0.489002 0.0689373 0.000224442 0
 0.779404 0.147425 0.0564933 0.0165055 0.000172143
 0.814271 0.122319 0.05973 0.00367925 0
 0.40263 0.566651 0.0304383 0.000280538 0
 0.475488 0.404961 0.113038 0.00651328 0
 0.955842 0.0263864 0.0167828 0.000988607 0
 0.975058 0.0227948 0.00214734 0 0
 0.738997 0.206755 0.0527124 0.00153531 0
 0.850938 0.134255 0.0134407 0.00136685 0
 0.542534 0.407297 0.0501686 0 0
 0.764087 0.199537 0.0359546 0.000420521 0
 0.470689 0.182191 0.310203 0.0369168 0
 0.84361 0.089868 0.0606195 0.00523954 0.000663233
 0.607945 0.314616 0.071237 0.00620181 0
 0.523733 0.453247 0.0230204 0 0
 0.530135 0.295979 0.169645 0.0042399 0
 0.562478 0.366248 0.0663022 0.0049721 0
 0.250443 0.683176 0.0655157 0.000865301 0
ppred_RECLAS
 0.674734 0.226593 0.0879294 0.0107397 3.9373e-06
 0.707618 0.221309 0.0495124 0.0192133 0.00234756
 0.508772 0.386119 0.0795591 0.0177994 0.00775099
 0.736427 0.175598 0.0691508 0.0142484 0.00457587
 0.729045 0.213257 0.0384396 0.0151376 0.00412076
 0.524848 0.361866 0.0891625 0.0160715 0.00805189
 0.690033 0.188849 0.0922415 0.022728 0.00614919
 0.65547 0.25734 0.0531206 0.0259463 0.00812275
 0.709984 0.214709 0.0562494 0.0116111 0.00744682
 0.699618 0.237328 0.0466812 0.0122296 0.00414351
 0.504853 0.379491 0.0913782 0.0179736 0.00630411
 0.553173 0.278913 0.128693 0.0309882 0.00823308
 0.6883 0.207035 0.0653323 0.030145 0.00918717
 0.664171 0.271528 0.0427093 0.0134774 0.00811384
 0.757402 0.205312 0.0301469 0.00474188 0.00239721
 0.781744 0.198466 0.0167482 0.00245922 0.000582369
 0.628543 0.322203 0.0447879 0.00377957 0.000686396
 0.664412 0.245082 0.0785051 0.0109126 0.00108814
 0.659236 0.253955 0.0633972 0.0203075 0.00310432
 0.738514 0.191873 0.0518792 0.0129511 0.00478267
 0.664668 0.269209 0.0485198 0.0131189 0.0044844
 0.665244 0.23998 0.0760874 0.0137133 0.00497527
 0.708317 0.210939 0.0578835 0.0183524 0.00450769
 0.633213 0.280735 0.0622309 0.0170767 0.00674413
 0.304969 0.485006 0.160751 0.0356339 0.01364
pobs_PELACES
 0 0 0 0 0
 0 0 0 0 0
 0 0 0 0 0
 0 0 0 0 0
 0 0 0 0 0
 0 0 0 0 0
 0 0 0 0 0
 0 0 0 0 0
 0 0 0 0 0
 0 0 0 0 0
 0.450072 0.473896 0.0757376 0.000293798 0
 0 0 0 0 0
 0.463077 0.371075 0.160297 0.00555027 0
 0.529543 0.364841 0.0842815 0.0213345 0
 0.631943 0.363953 0.00410389 0 0
 0.735681 0.248677 0.0153453 0.000297389 0
 0.695825 0.281241 0.0229344 0 0
 0.275771 0.60734 0.115278 0.00161068 0
 0 0 0 0 0
 0.896147 0.0623911 0.0374545 0.00400742 0
 0.803859 0.145111 0.0509908 3.86294e-05 0
 0.739449 0.233085 0.0266225 0.000797448 4.60066e-05
 0.878498 0.100942 0.0204185 0.000141795 0
 0.694673 0.275183 0.0284847 0.00165964 0
 0.469039 0.446079 0.0841089 0.000773354 0
ppred_PELACES
 0.740548 0.180745 0.0701379 0.00856662 3.14063e-06
 0.770357 0.17382 0.0388881 0.0150905 0.00184382
 0.62695 0.293228 0.060419 0.0135173 0.00588628
 0.779579 0.146849 0.0578295 0.0119157 0.00382671
 0.760258 0.188691 0.0340116 0.0133938 0.00364607
 0.593402 0.309657 0.0762984 0.0137528 0.00689019
 0.738365 0.159402 0.0778586 0.0191841 0.00519036
 0.723368 0.206625 0.0426519 0.0208329 0.00652196
 0.773865 0.167415 0.0438594 0.00905354 0.00580652
 0.754498 0.193967 0.0381524 0.00999518 0.00338648
 0.596904 0.308941 0.0743904 0.0146322 0.00513213
 0.639654 0.224931 0.103785 0.0249906 0.00663961
 0.780938 0.145504 0.0459155 0.0211859 0.00645674
 0.803581 0.158811 0.0249797 0.00788265 0.0047456
 0.876506 0.104513 0.0153462 0.00241384 0.00122029
 0.848703 0.137578 0.01161 0.00170475 0.000403702
 0.708349 0.252979 0.0351655 0.00296755 0.000538928
 0.729437 0.197594 0.0632935 0.00879813 0.000877295
 0.720027 0.20865 0.0520873 0.0166847 0.00255052
 0.790956 0.153392 0.0414746 0.0103537 0.00382349
 0.710302 0.232573 0.0419168 0.0113336 0.00387413
 0.714707 0.204521 0.0648448 0.011687 0.00424013
 0.75642 0.176152 0.0483377 0.0153258 0.00376431
 0.687637 0.23908 0.0529971 0.0145429 0.00574344
 0.360518 0.446243 0.147904 0.032786 0.0125498
pobs_pel_tallas
 0 0 0 0 0 0 0 0 0 0 0 0 0 0 0 0 0 0 0 0 0 0 0 0 0 0 0 0 0 0 0 0 0 0 0 0
 0 0 0 0 0 0 0 0 0 0 0 0 0 0 0 0 0 0 0 0 0 0 0 0 0 0 0 0 0 0 0 0 0 0 0 0
 0 0 0 0 0 0 0 0 0 0 0 0 0 0 0 0 0 0 0 0 0 0 0 0 0 0 0 0 0 0 0 0 0 0 0 0
 0 0 0 0 0 0 0 0 0 0 0 0 0 0 0 0 0 0 0 0 0 0 0 0 0 0 0 0 0 0 0 0 0 0 0 0
 0 0 0 0 0 0 0 0 0 0 0 0 0 0 0 0 0 0 0 0 0 0 0 0 0 0 0 0 0 0 0 0 0 0 0 0
 0 0 0 0 0 0 0 0 0 0 0 0 0 0 0 0 0 0 0 0 0 0 0 0 0 0 0 0 0 0 0 0 0 0 0 0
 0 0 0 0 0 0 0 0 0 0 0 0 0 0 0 0 0 0 0 0 0 0 0 0 0 0 0 0 0 0 0 0 0 0 0 0
 0 0 0 0 0 0 0 0 0 0 0 0 0 0 0 0 0 0 0 0 0 0 0 0 0 0 0 0 0 0 0 0 0 0 0 0
 0 0 0 0 0 0 0 0 0 0 0 0 0 0 0 0 0 0 0 0 0 0 0 0 0 0 0 0 0 0 0 0 0 0 0 0
 0 0 0 0 0 0 0 0 0 0 0 0 0 0 0 0 0 0 0 0 0 0 0 0 0 0 0 0 0 0 0 0 0 0 0 0
 0 0 0 0 0 0 0 0 1.78061e-05 0.00172719 0.00360574 0.0105946 0.0120993 0.0124554 0.0147524 0.0171206 0.0266825 0.0428682 0.0675386 0.121331 0.153587 0.119568 0.100827 0.0573624 0.0630603 0.0341343 0.0324427 0.0444173 0.0211091 0.0280891 0.0125444 0.00206551 0 0 0 0
 0 0 0 0 0 0 0 0 0 0 0 0 0 0 0 0 0 0 0 0 0 0 0 0 0 0 0 0 0 0 0 0 0 0 0 0
 0 0 0 0 0 0 0.0133647 0.0140871 0.0187388 0.0205184 0.03894 0.0496705 0.03968 0.0493445 0.0407372 0.0367815 0.0215668 0.0243155 0.0234873 0.0199281 0.019796 0.0243948 0.0301388 0.0376714 0.0412746 0.0863199 0.0771752 0.113111 0.0741005 0.0525337 0.0229764 0.00759418 0.00175318 0 0 0
 0 0 0 0 0 0 0 0 0 0 0.00219441 0.00772107 0.0458388 0.0604681 0.0671733 0.0775358 0.0609151 0.0617685 0.073594 0.0568108 0.0755445 0.0548602 0.0670107 0.0636378 0.0643287 0.046367 0.0373049 0.0286899 0.0247887 0.0153202 0.00654259 0.00121912 0.000365735 0 0 0
 0 0 0 0 0 0 0 0 0 0 0 0 0.000112435 0.00938835 0.0111873 0.0202946 0.0414886 0.0713402 0.111592 0.104902 0.108894 0.110636 0.117776 0.105296 0.107544 0.0401394 0.0192827 0.0124803 0.00416011 0.0028671 0.000618394 0 0 0 0 0
 0 0 0 0 0 0 0 0 0 0 0.00291406 0.0102884 0.027416 0.0768956 0.0749926 0.110853 0.0956884 0.0897413 0.0766577 0.0534642 0.0500743 0.0551293 0.0594112 0.0620874 0.0668451 0.0424026 0.0208742 0.0120726 0.0048766 0.00582813 0.00118941 0.000297354 0 0 0 0
 0 0.00264628 0.0354308 0.0461629 0.0458689 0.0383711 0.0214643 0.0164657 0.0346957 0.0420465 0.0363128 0.0245516 0.0311673 0.0291091 0.0169068 0.0133784 0.00837989 0.0085269 0.0148486 0.0160247 0.0276389 0.0546898 0.0760071 0.122758 0.109233 0.0665981 0.0333725 0.0166128 0.00676272 0.00308733 0.000882094 0 0 0 0 0
 0 0 0 0 0 0 0 0.000805153 0.000690131 0.00759144 0.0133425 0.0154129 0.00931677 0.000345066 0.00356568 0.00563607 0.00851162 0.0253048 0.0502646 0.0516448 0.0657925 0.0565908 0.0611916 0.0827007 0.0866115 0.110766 0.145733 0.0935128 0.0569358 0.0249597 0.0138026 0.00621118 0.00161031 0.00115022 0 0
 0 0 0 0 0 0 0 0 0 0 0 0 0 0 0 0 0 0 0 0 0 0 0 0 0 0 0 0 0 0 0 0 0 0 0 0
 0.00147267 0.00158595 0.00478618 0.00569244 0.00954404 0.0108468 0.00647125 0.017049 0.0510054 0.094081 0.124002 0.0959785 0.0687766 0.0820023 0.061753 0.0591476 0.0492212 0.0479892 0.0443925 0.0268479 0.0217502 0.0140895 0.0121071 0.0120363 0.00920419 0.00665534 0.0049561 0.00860946 0.00930331 0.0156896 0.0114698 0.00855282 0.00243557 0.00046729 0 2.83206e-05
 0 0 0 0 0.000772559 0.00158375 0.000888443 0.00281984 0.00712685 0.0440552 0.0773331 0.111326 0.0921469 0.0852325 0.0710754 0.0886704 0.0786465 0.0553345 0.0373146 0.0185414 0.00753245 0.00457741 0.012979 0.0271748 0.0457355 0.0583668 0.034881 0.0177882 0.00938659 0.00492506 0.0015258 0.00185414 0.000309023 5.79419e-05 3.86279e-05 0
 0 0.00173294 0.00326652 0 0.00397197 0.00683976 0.00946217 0.0152591 0.00757587 0.0136028 0.0228656 0.0392903 0.0559909 0.0764795 0.0681675 0.0726916 0.0566044 0.0477403 0.0527397 0.0444891 0.0609904 0.0582453 0.0661739 0.0445044 0.0529084 0.0360697 0.0280645 0.0235558 0.0158879 0.00826598 0.00280645 0.00217768 0.000904811 0.00058276 9.20147e-05 0
 0 0 0 0 0 0 0 0 0 0 0 0 0 0 0 0 0 0 0 0 0 0 0 0 0 0 0 0 0 0 0 0 0 0 0 0
 0 0 0 0 0 0 0 0 0 0 0 0 0 0 0 0 0 0 0 0 0 0 0 0 0 0 0 0 0 0 0 0 0 0 0 0
 0 0 0 0 0 0 0 0 0 0 0 0 0 0 0 0 0 0 0 0 0 0 0 0 0 0 0 0 0 0 0 0 0 0 0 0
ppred_pel_tallas
 1.0135e-16 3.23115e-05 0.000189641 0.000901466 0.00347069 0.010823 0.0273381 0.0559374 0.0927229 0.124525 0.135511 0.119537 0.0855837 0.0499775 0.0243119 0.0108077 0.00594554 0.00557839 0.00716146 0.00956645 0.0123112 0.0150808 0.0175741 0.019507 0.020663 0.0209383 0.0203606 0.0190722 0.0172873 0.0152375 0.0131257 0.0110976 0.0092379 0.00758089 0.00612976 0.00487386
 1.01214e-16 3.36109e-05 0.000197271 0.000937741 0.00361036 0.0112586 0.0284383 0.0581884 0.0964536 0.129534 0.140958 0.124332 0.0889942 0.0519242 0.0251743 0.0110455 0.00586642 0.00531382 0.00673417 0.00895337 0.0114773 0.0139944 0.0162149 0.0178707 0.0187646 0.0188127 0.0180613 0.0166682 0.0148576 0.0128654 0.0108909 0.00906969 0.00746941 0.00610316 0.00495119 0.00398129
 1.01693e-16 2.73626e-05 0.000160577 0.000763267 0.00293855 0.00916353 0.0231465 0.047362 0.0785124 0.105454 0.11479 0.101338 0.072727 0.0428186 0.0214807 0.0106548 0.00742101 0.00830912 0.0111645 0.0149713 0.0191912 0.0233663 0.0270186 0.0296979 0.0310739 0.0310105 0.0295937 0.0270996 0.0239185 0.020459 0.0170668 0.0139765 0.0113039 0.00906825 0.00722936 0.00572311
 1.01458e-16 3.4012e-05 0.000199628 0.000948951 0.00365353 0.0113932 0.0287783 0.058884 0.0976058 0.131079 0.142632 0.125794 0.0900078 0.0524494 0.0253059 0.0108949 0.0054917 0.00471631 0.00588785 0.00783541 0.0100903 0.0123802 0.0144588 0.0160956 0.0171147 0.0174301 0.0170609 0.0161174 0.0147672 0.0131911 0.0115464 0.00994546 0.00845274 0.00709448 0.00587449 0.00478798
 1.01175e-16 3.31711e-05 0.000194688 0.000925456 0.00356306 0.0111111 0.0280657 0.0574262 0.0951906 0.127839 0.139117 0.122718 0.0878593 0.051303 0.0249496 0.0110767 0.00606779 0.00566014 0.00723381 0.00962136 0.0123179 0.0149917 0.0173291 0.0190405 0.019915 0.0198673 0.0189547 0.0173567 0.0153252 0.013123 0.0109707 0.00901659 0.00733163 0.00592451 0.00476616 0.00381319
 1.01979e-16 2.59004e-05 0.000151991 0.000722446 0.00278137 0.00867337 0.0219084 0.044829 0.0743143 0.099818 0.108664 0.0959494 0.068902 0.0406523 0.020553 0.0104579 0.00761966 0.0087665 0.0118632 0.015939 0.0204585 0.0249477 0.0289032 0.031848 0.0334287 0.033494 0.0321247 0.0296016 0.0263256 0.02272 0.0191444 0.015846 0.0129511 0.0104878 0.00842396 0.00670289
 1.02059e-16 3.22154e-05 0.000189079 0.000898799 0.00346043 0.010791 0.0272572 0.0557719 0.0924479 0.124154 0.135103 0.119167 0.0852953 0.0497627 0.0241214 0.0105784 0.00561826 0.0051038 0.00650217 0.00870263 0.0112493 0.0138617 0.0162764 0.0182421 0.0195622 0.0201328 0.0199601 0.0191466 0.0178558 0.0162679 0.0145419 0.0127943 0.0110966 0.00948576 0.00797964 0.0065897
 1.01694e-16 3.15633e-05 0.000185247 0.000880569 0.00339022 0.0105721 0.0267043 0.0546408 0.0905745 0.121643 0.132381 0.116792 0.0836522 0.0489186 0.0239251 0.0108524 0.00627311 0.0061421 0.00797015 0.0106388 0.0136468 0.016645 0.0192936 0.0212765 0.0223606 0.0224478 0.0215938 0.0199859 0.017889 0.0155805 0.013293 0.0111825 0.00932436 0.00772964 0.00637198 0.00521211
 1.0126e-16 3.37637e-05 0.000198168 0.000942007 0.00362679 0.0113098 0.0285677 0.0584532 0.0968923 0.130123 0.141596 0.124891 0.0893864 0.0521362 0.0252459 0.011024 0.00577995 0.0051693 0.00652724 0.00867824 0.0111333 0.0135897 0.0157677 0.0174082 0.018319 0.0184163 0.0177407 0.0164399 0.0147259 0.012823 0.0109216 0.00915256 0.00758305 0.00622888 0.00507492 0.00409407
 1.01107e-16 3.29202e-05 0.000193214 0.00091845 0.00353608 0.0110269 0.0278532 0.0569914 0.0944702 0.126872 0.138067 0.121795 0.0872073 0.0509397 0.0248055 0.0110682 0.00614172 0.00579804 0.00743734 0.00989841 0.0126741 0.0154257 0.0178307 0.0195906 0.0204874 0.0204319 0.0194824 0.0178226 0.0157117 0.013421 0.0111793 0.00914162 0.0073838 0.00591748 0.00471479 0.00373211
 1.019e-16 2.60531e-05 0.000152887 0.000726708 0.00279778 0.00872455 0.0220377 0.0450935 0.0747527 0.100407 0.109304 0.096513 0.0693032 0.0408819 0.0206558 0.0104884 0.00761455 0.00874198 0.0118228 0.015881 0.0203798 0.024845 0.0287744 0.031692 0.0332457 0.0332856 0.0318937 0.0293519 0.0260622 0.0224484 0.0188709 0.015577 0.0126928 0.0102459 0.00820304 0.00650628
 1.02716e-16 2.79139e-05 0.000163819 0.000778696 0.00299798 0.00934887 0.0236146 0.0483193 0.0800971 0.107576 0.117084 0.103325 0.0740696 0.0434418 0.0214852 0.0101537 0.00644419 0.00680482 0.00904979 0.0121886 0.0157545 0.0193922 0.022737 0.0254361 0.0272143 0.0279293 0.0275955 0.0263645 0.0244742 0.0221852 0.0197264 0.0172644 0.0148994 0.0126803 0.0106267 0.00874828
 1.01729e-16 3.40711e-05 0.000199975 0.000950604 0.00365989 0.0114131 0.0288284 0.0589865 0.0977757 0.131307 0.14288 0.126011 0.0901602 0.0525323 0.0253347 0.0108878 0.00545886 0.00465907 0.00580197 0.0077146 0.00992882 0.0121747 0.01421 0.0158096 0.0168035 0.0171116 0.0167577 0.0158549 0.0145705 0.0130819 0.0115402 0.0100488 0.00866212 0.00739652 0.00624771 0.00520575
 1.009e-16 3.5059e-05 0.000205774 0.000978168 0.00376602 0.011744 0.0296644 0.0606971 0.100611 0.135115 0.147025 0.12967 0.0927845 0.0540739 0.0261008 0.0112535 0.0056903 0.00489159 0.00608542 0.00805234 0.0102936 0.0125119 0.0144396 0.0158332 0.0165167 0.0164207 0.0155975 0.0142027 0.0124527 0.0105727 0.00875138 0.00711446 0.00572086 0.00457537 0.00364965 0.00290263
 1.00392e-16 3.82367e-05 0.000224435 0.00106689 0.00410766 0.0128094 0.0323554 0.0662027 0.109735 0.147362 0.160335 0.141368 0.101068 0.0587261 0.0280176 0.0115165 0.00500116 0.00351925 0.00404421 0.00527204 0.00671905 0.00815205 0.00938726 0.010263 0.0106636 0.0105447 0.00994318 0.0089646 0.0077556 0.00646875 0.00523231 0.0041324 0.00320981 0.00246812 0.00188746 0.00143812
 1.00288e-16 3.70257e-05 0.000217322 0.00103307 0.00397743 0.0124033 0.0313296 0.064104 0.106258 0.142695 0.155266 0.136919 0.0979315 0.0569924 0.027357 0.0115329 0.00544692 0.00431317 0.00519958 0.00682613 0.00868893 0.010511 0.0120555 0.0131115 0.0135299 0.0132581 0.012352 0.0109598 0.00928353 0.00753214 0.00587999 0.00444267 0.00327242 0.00236911 0.00169925 0.00121511
 1.00709e-16 3.09103e-05 0.000181408 0.000862312 0.00331991 0.0103528 0.0261505 0.0535081 0.0886982 0.119127 0.129655 0.114414 0.0820083 0.0480764 0.0237347 0.0111385 0.00694979 0.00721764 0.00949867 0.012669 0.0161832 0.0196232 0.0225703 0.0246366 0.0255433 0.025185 0.0236538 0.02121 0.0182136 0.0150395 0.0120031 0.00931657 0.0070809 0.00530476 0.00393813 0.00290549
 1.01307e-16 3.18277e-05 0.000186799 0.000887952 0.00341865 0.0106607 0.0269282 0.0550989 0.0913335 0.122661 0.133487 0.117762 0.0843361 0.0492956 0.0240671 0.010846 0.00617317 0.00596826 0.00772324 0.0103167 0.0132542 0.0161978 0.0188195 0.0208111 0.021941 0.022104 0.021341 0.0198195 0.0177849 0.0154998 0.0131906 0.0110172 0.00906731 0.00736951 0.00591595 0.00468287
 1.015e-16 3.14177e-05 0.000184392 0.000876504 0.00337457 0.0105233 0.026581 0.0543886 0.0901564 0.121081 0.131771 0.116256 0.083273 0.048706 0.0238385 0.0108429 0.00630948 0.00621371 0.00807875 0.0107909 0.0138489 0.0169008 0.0196024 0.0216318 0.0227502 0.0228539 0.0219947 0.0203577 0.0182085 0.0158271 0.0134517 0.0112454 0.00929163 0.00760965 0.00617995 0.00496809
 1.01174e-16 3.45083e-05 0.000202541 0.0009628 0.00370685 0.0115595 0.0291983 0.0597434 0.0990305 0.132992 0.144715 0.127632 0.0913254 0.0532222 0.0256876 0.011073 0.00559853 0.00481814 0.00600756 0.00797229 0.0102284 0.0124903 0.0145002 0.0160201 0.0168735 0.0169825 0.0163827 0.0152078 0.0136504 0.0119145 0.0101736 0.00854743 0.00709794 0.00584079 0.00476374 0.0038438
 1.01242e-16 3.09946e-05 0.000181906 0.00086468 0.00332904 0.0103813 0.0262223 0.0536549 0.088941 0.119451 0.130003 0.11471 0.0821969 0.048139 0.0236767 0.0109636 0.00664553 0.00675743 0.00885276 0.0118178 0.0151296 0.0184018 0.0212509 0.0233202 0.0243496 0.024235 0.0230492 0.0210166 0.0184518 0.0156833 0.0129878 0.0105518 0.00846531 0.00674009 0.00533939 0.00420711
 1.01587e-16 3.11856e-05 0.000183029 0.000870028 0.00334964 0.0104455 0.0263846 0.0539867 0.0894902 0.120187 0.130797 0.115396 0.0826555 0.0483421 0.0236557 0.0107524 0.00624864 0.00615065 0.00800245 0.0107023 0.0137572 0.016823 0.019562 0.0216562 0.0228664 0.0230835 0.0223486 0.0208327 0.0187867 0.0164782 0.0141371 0.0119248 0.00992845 0.0081757 0.0066579 0.00535179
 1.01447e-16 3.30033e-05 0.000193703 0.00092078 0.00354505 0.0110549 0.0279239 0.0571359 0.0947092 0.127192 0.138411 0.122089 0.0873973 0.0510097 0.0247634 0.0109213 0.00588243 0.00540543 0.00688734 0.00917573 0.011783 0.0143979 0.0167278 0.0185 0.0195113 0.0196714 0.0190195 0.0177067 0.0159516 0.0139855 0.0120053 0.0101466 0.00847969 0.00702283 0.00576326 0.00467672
 1.01599e-16 3.00066e-05 0.000176104 0.000837099 0.00322284 0.0100501 0.0253858 0.0519434 0.0861044 0.115643 0.125862 0.111065 0.0796045 0.0466601 0.0230229 0.0107855 0.00670876 0.00696102 0.00917722 0.012277 0.0157447 0.0191904 0.0222218 0.0244713 0.0256681 0.0256983 0.0246274 0.0226751 0.0201529 0.0173882 0.0146575 0.0121491 0.00995654 0.00809701 0.00654142 0.00524272
 1.03958e-16 1.57513e-05 9.23935e-05 0.000439084 0.00169031 0.00527091 0.0133143 0.0272458 0.0451742 0.0607019 0.0661457 0.0585595 0.0423865 0.0256816 0.0142312 0.00928579 0.00930141 0.012385 0.0173238 0.0234429 0.0302023 0.0369795 0.0430632 0.0477632 0.0505559 0.0511976 0.0497693 0.0466332 0.0423237 0.0374119 0.0323887 0.0275985 0.0232284 0.0193405 0.0159225 0.0129333
pSPR Fmed_Fpbrs
0.49815   0.348666 0.348666
Fs Fmed_Fpbrs
0.536947   1.005 1.005
SSBpbr Bo_Bmed_Bpbrs
856290  383747  255745 255745
Ro
32859.6
SPR SPRFo_SPRFmed_SPRFpbrs
674864 336184 235302
log_Ro
10.22
likeval ReclasPelacesDesembMPH_pf_preclas_ppelaces_ptallas_desvR_qrecl_qpela
 68.136 13.5716 0.0208179 0.000322214 313.996 189.02 78.949 0 17.4036 1.08982e-05 6.72274e-05 0 0 0 0
q_reclas_q_pelaces
0.626379 3.21075
M
0.7
N
 33282.1 12423.9 4821.11 588.848 0.215879
 42930.2 15091.4 3376.33 1310.19 160.084
 17902.4 19389.4 3995.15 893.819 389.225
 31801.9 7428.35 2925.3 602.753 193.574
 58649.2 15082.1 2718.55 1070.57 291.431
 40105.8 28904.1 7121.87 1283.72 643.147
 69172.9 18586.9 9078.59 2236.93 605.215
 75235.3 32779.2 6766.34 3304.96 1034.65
 99139.9 34134.5 8942.57 1845.94 1183.9
 125950 44572.9 8767.26 2296.85 778.198
 64413.8 58411.8 14065.1 2766.53 970.339
 47556.1 28370.9 13090.6 3152.11 837.466
 49514.6 21090.8 6655.45 3070.89 935.904
 24441.8 20602 3240.54 1022.59 615.632
 13802.1 8899.7 1306.78 205.547 103.912
 13911.9 4776.8 403.106 59.19 14.0168
 9685.34 5883.75 817.872 69.0188 12.5343
 10636.2 4292.98 1375.13 191.151 19.0603
 11932.8 4849.9 1210.72 387.821 59.2846
 19874 5511.97 1490.34 372.047 137.392
 23860.2 9142.06 1647.68 445.503 152.286
 32624 11456.9 3632.48 654.684 237.524
 52338.7 15506.3 4255.07 1349.1 331.365
 56211.8 24686 5472.17 1501.61 593.034
 16664 26553.5 8800.95 1950.92 746.774
pred_Ctot
 2090.6 4186.42 1624.54 198.421 0.0727436
 2809.04 5251.91 1174.99 455.953 55.7103
 2138.88 10370.6 2136.84 478.066 208.18
 1031.38 1430.02 563.144 116.035 37.2646
 319.051 534.015 96.2562 37.9059 10.3188
 1932.53 7841.86 1932.21 348.281 174.49
 2281.44 3632.1 1774.07 437.124 118.266
 4696.76 10991.3 2268.85 1108.2 346.934
 6785.41 12303.7 3223.33 665.365 426.734
 6009.42 11993.1 2358.98 618.005 209.387
 5273.19 24109.4 5805.35 1141.88 400.506
 3680.51 11231.6 5182.38 1247.87 331.54
 5832.06 11179.4 3527.79 1627.76 496.085
 4773.28 14397.6 2264.64 714.633 430.232
 3071.11 6574.64 965.386 151.848 76.7652
 1497.81 2388.66 201.575 29.5982 7.00915
 753.109 2337.5 324.924 27.4198 4.97962
 628.545 1377.68 441.302 61.3432 6.11676
 601.598 1366.52 341.137 109.274 16.7042
 1057.66 1624.22 439.161 109.632 40.4857
 568.397 1331 239.886 64.861 22.1713
 1007.96 2112.08 669.651 120.692 43.7877
 1895.11 3290.62 902.972 286.294 70.3193
 1975.91 5103.77 1131.36 310.454 122.608
 632.322 5870.84 1945.84 431.337 165.108
F
 0.090895 0.602836 0.602836 0.602836 0.602836
 0.0948464 0.629042 0.629042 0.629042 0.629042
 0.179628 1.19133 1.19133 1.19133 1.19133
 0.0460188 0.305207 0.305207 0.305207 0.305207
 0.00758972 0.0503367 0.0503367 0.0503367 0.0503367
 0.0690666 0.458065 0.458065 0.458065 0.458065
 0.0468162 0.310495 0.310495 0.310495 0.310495
 0.0903122 0.598971 0.598971 0.598971 0.598971
 0.0994063 0.659284 0.659284 0.659284 0.659284
 0.0683678 0.45343 0.45343 0.45343 0.45343
 0.119963 0.795623 0.795623 0.795623 0.795623
 0.113074 0.749929 0.749929 0.749929 0.749929
 0.176878 1.1731 1.1731 1.1731 1.1731
 0.310276 2.05782 2.05782 2.05782 2.05782
 0.361051 2.39457 2.39457 2.39457 2.39457
 0.160553 1.06482 1.06482 1.06482 1.06482
 0.113634 0.753644 0.753644 0.753644 0.753644
 0.0853049 0.565761 0.565761 0.565761 0.565761
 0.072367 0.479954 0.479954 0.479954 0.479954
 0.0765285 0.507554 0.507554 0.507554 0.507554
 0.0336191 0.222969 0.222969 0.222969 0.222969
 0.0437982 0.290479 0.290479 0.290479 0.290479
 0.0515023 0.341575 0.341575 0.341575 0.341575
 0.0499644 0.331375 0.331375 0.331375 0.331375
 0.0540324 0.358355 0.358355 0.358355 0.358355
nmprior
 10.6 11 7 0
nm_flota  nm_reclas  nm_pelaces    nm_pelaL
inf 18.5425 16.2456 37.4937
cv_recla  cv_pelaces  cv_mph
0.746643 0.417722 0.582385
 ------------------------------------------------
Talla a la edad & desviación 
 7.2 14.2025 17.0495 18.207 18.6776
 1.08 2.13037 2.55742 2.73105 2.80164
