years
 1997 1998 1999 2000 2001 2002 2003 2004 2005 2006 2007 2008 2009 2010 2011 2012 2013 2014 2015 2016 2017 2018 2019 2020 2021
reclasobs
 0 0 0 370054 412103 1.49427e+06 250295 1.28982e+06 931140 785840 897777 1.04006e+06 184774 17550 25797 100020 73551 82996 120727 218422 84188 347160 605670 569463 516374
reclaspred
 451599 133013 452009 324106 430668 506836 1.07973e+06 680448 703470 588782 449229 298932 182042 85576.6 62153 65590.2 84869.2 118864 127566 181722 258332 236585 415573 537317 601397
pelacesobs
 0 0 0 0 0 0 0 0 0 2.06254e+06 1.5e+06 0 1.87456e+06 323000 250000 174000 83755 137374 0 501740 490994 745055 786931 1.00524e+06 1.33801e+06
pelacespred
 1.87192e+06 496385 1.00244e+06 1.10821e+06 1.24437e+06 1.24663e+06 2.88485e+06 2.36987e+06 2.11532e+06 1.80708e+06 1.24051e+06 847699 509786 200639 142930 161357 217800 308635 343032 473197 744842 670311 925833 1.41954e+06 1.65023e+06
mphobs
 0 0 0 0 0 112323 0 153150 637223 0 255016 313432 73983 77613 109348 50772 0 0 0 0 0 0 0 0 0
mphpred
 162104 111473 147317 200217 192937 275856 413475 469667 379809 353868 305394 210340 129200 67798.1 33627.4 29998.2 37588 53549.5 67918.1 78859.1 116198 135431 171130 247711 334174
desembarqueobs
 350755 77701 442110 56441 14545 235359 269955 359681 431902 328805 639364 411747 362871 311530 167758 66681 60226 58785 57116 73181 50977 67692 138656 160484 209506
desembarquepred
 350766 77705.2 442160 56443 14545.1 235397 269984 359718 431988 328876 639784 412110 363371 312140 167853 66699.2 60248.1 58789.4 57115.3 73185.1 50978.8 67690.1 138662 160492 209510
Reclutas
 74954 93517.3 60211.8 86803.1 142147 106688 157920 134622 147262 134748 67433.4 41335.9 42083.9 24173.8 19138.8 24454.8 20776.6 23794.4 27249.3 46908.6 58554.7 77144.2 126663 154622 69520.8
log_desv_Rt
 0.16463 0.385902 -0.0543762 0.311398 0.80462 0.517666 0.909845 0.750227 0.839972 0.751158 0.0588958 -0.430513 -0.41258 -0.966974 -1.20053 -0.95542 -1.11842 -0.982794 -0.847216 -0.304044 -0.0822827 0.193431 0.689282 0.888738 0.0893808
SSB
 891734 613212 810391 1.10139e+06 1.06134e+06 1.51748e+06 2.27452e+06 2.58363e+06 2.08933e+06 1.94662e+06 1.67997e+06 1.15708e+06 710729 372956 184984 165019 206771 294575 373616 433802 639205 745001 941381 1.36266e+06 1.83829e+06
BT
 3.08616e+06 858593 1.72511e+06 1.6888e+06 1.84488e+06 2.01273e+06 4.44481e+06 3.89488e+06 3.51398e+06 2.97794e+06 2.40789e+06 1.62671e+06 1.10807e+06 596350 354611 293239 370721 501798 553023 757407 1.14028e+06 1.04695e+06 1.45668e+06 2.22128e+06 2.59107e+06
Ftot
 0.332347 0.240836 0.324544 0.0597411 0.0130101 0.137284 0.0861719 0.17692 0.209636 0.182978 0.409638 0.387059 0.610976 1.07663 0.979665 0.37845 0.263764 0.174444 0.145394 0.149711 0.0709397 0.0943564 0.111017 0.105292 0.102212
BD_Bspro_t
 0.960375 0.815412 0.794627 0.708553 0.797671 0.88174 0.858287 0.859803 0.810116 0.7667 0.720057 0.569681 0.455611 0.340802 0.223787 0.242476 0.364381 0.535634 0.646988 0.726658 0.81025 0.866828 0.87245 0.877623 0.880399
BD_Bspro
 0.682943 0.469634 0.620646 0.843512 0.812838 1.16218 1.74196 1.9787 1.60013 1.49084 1.28662 0.886159 0.544319 0.285632 0.141672 0.126382 0.158358 0.225603 0.286138 0.332232 0.489542 0.570567 0.720966 1.0436 1.40787
BD_Bo
 0.590466 0.406041 0.536605 0.729293 0.702773 1.00481 1.50609 1.71076 1.38346 1.28896 1.1124 0.766165 0.470613 0.246955 0.122488 0.109268 0.136915 0.195054 0.247392 0.287245 0.423253 0.493307 0.62334 0.90229 1.21723
BD_Brms
 2.07952 1.43001 1.88983 2.56844 2.47504 3.53876 5.30417 6.02501 4.8723 4.53951 3.91768 2.6983 1.65742 0.869732 0.431381 0.384824 0.482189 0.686947 0.871271 1.01162 1.49062 1.73734 2.19529 3.17771 4.28687
S_f
 0.198636 1 1 1 1
 0.198636 1 1 1 1
 0.198636 1 1 1 1
 0.198636 1 1 1 1
 0.198636 1 1 1 1
 0.198636 1 1 1 1
 0.198636 1 1 1 1
 0.198636 1 1 1 1
 0.198636 1 1 1 1
 0.198636 1 1 1 1
 0.198636 1 1 1 1
 0.198636 1 1 1 1
 0.198636 1 1 1 1
 0.198636 1 1 1 1
 0.198636 1 1 1 1
 0.198636 1 1 1 1
 0.198636 1 1 1 1
 0.198636 1 1 1 1
 0.198636 1 1 1 1
 0.198636 1 1 1 1
 0.198636 1 1 1 1
 0.198636 1 1 1 1
 0.198636 1 1 1 1
 0.198636 1 1 1 1
 0.198636 1 1 1 1
Scru_reclas
 1 1 1 1 1
 1 1 1 1 1
 1 1 1 1 1
 1 1 1 1 1
 1 1 1 1 1
 1 1 1 1 1
 1 1 1 1 1
 1 1 1 1 1
 1 1 1 1 1
 1 1 1 1 1
 1 1 1 1 1
 1 1 1 1 1
 1 1 1 1 1
 1 1 1 1 1
 1 1 1 1 1
 1 1 1 1 1
 1 1 1 1 1
 1 1 1 1 1
 1 1 1 1 1
 1 1 1 1 1
 1 1 1 1 1
 1 1 1 1 1
 1 1 1 1 1
 1 1 1 1 1
 1 1 1 1 1
Scru_pelaces
 0.973695 1 1 1 1
 0.973695 1 1 1 1
 0.973695 1 1 1 1
 0.973695 1 1 1 1
 0.973695 1 1 1 1
 0.973695 1 1 1 1
 0.973695 1 1 1 1
 0.973695 1 1 1 1
 0.973695 1 1 1 1
 0.973695 1 1 1 1
 0.973695 1 1 1 1
 0.973695 1 1 1 1
 0.973695 1 1 1 1
 0.973695 1 1 1 1
 0.973695 1 1 1 1
 0.973695 1 1 1 1
 0.973695 1 1 1 1
 0.973695 1 1 1 1
 0.973695 1 1 1 1
 0.973695 1 1 1 1
 0.973695 1 1 1 1
 0.973695 1 1 1 1
 0.973695 1 1 1 1
 0.973695 1 1 1 1
 0.973695 1 1 1 1
pf_obs 
 0.256992 0.487395 0.22802 0.0275931 0
 0.321318 0.546541 0.124235 0.00734118 0.000564706
 0.182869 0.594174 0.210203 0.0122559 0.00049798
 0.330522 0.361315 0.267642 0.0388342 0.00168674
 0.649043 0.306663 0.0425973 0.00169635 0
 0.582887 0.30429 0.105238 0.00758474 0
 0.465427 0.430635 0.0974691 0.00646863 0
 0.296916 0.608066 0.0921331 0.00288517 0
 0.311714 0.524322 0.152257 0.0117073 0
 0.15457 0.633149 0.183074 0.0267441 0.00246327
 0.131901 0.49318 0.331252 0.0422183 0.00144891
 0.196976 0.569456 0.194076 0.0375587 0.00193317
 0.518974 0.381816 0.0799577 0.0180837 0.00116848
 0.0928022 0.601141 0.25162 0.0475244 0.00691264
 0.122501 0.610282 0.24278 0.0234846 0.000952079
 0.383417 0.481906 0.127806 0.00687128 0
 0.0376549 0.599619 0.316969 0.0457579 0
 0.0361596 0.667082 0.258105 0.0386534 0
 0.158088 0.579412 0.248529 0.0139706 0
 0.0477256 0.309471 0.559284 0.082774 0.000745712
 0.0406174 0.521527 0.379366 0.0568643 0.0016247
 0.151134 0.462217 0.34131 0.0453401 0
 0.294876 0.26143 0.354403 0.0886775 0.000613685
 0.281977 0.475581 0.204845 0.0348837 0.00271318
 0.0354234 0.537034 0.353287 0.0723622 0.0018943
pf_pred 
 0.385674 0.434002 0.161311 0.0190031 9.65614e-06
 0.312996 0.540287 0.103651 0.0385252 0.00454074
 0.178352 0.590854 0.181505 0.0348206 0.0144677
 0.259942 0.413837 0.234588 0.0720635 0.0195691
 0.300443 0.45117 0.138897 0.0787353 0.0307548
 0.177839 0.563192 0.167019 0.0514181 0.0405321
 0.251848 0.401583 0.237405 0.0704042 0.0387603
 0.190484 0.5164 0.157335 0.0930123 0.0427692
 0.215027 0.441239 0.219272 0.0668069 0.057655
 0.196831 0.484088 0.179358 0.0891311 0.0505922
 0.120171 0.503939 0.226557 0.083941 0.0653916
 0.121016 0.398972 0.274936 0.123604 0.081472
 0.196119 0.364321 0.199517 0.137489 0.102554
 0.184176 0.506477 0.140197 0.0767776 0.0923727
 0.260332 0.486473 0.157188 0.0435108 0.0524966
 0.343209 0.486074 0.112279 0.0362793 0.0221588
 0.233194 0.581271 0.137309 0.0317173 0.016508
 0.245196 0.478041 0.209799 0.0495591 0.017406
 0.241733 0.484536 0.173362 0.0760838 0.024285
 0.320468 0.429163 0.159987 0.0572418 0.0331404
 0.274538 0.520573 0.129399 0.0482387 0.0272517
 0.268068 0.485234 0.177024 0.044003 0.0256709
 0.31402 0.45137 0.155535 0.0567424 0.022333
 0.268271 0.517959 0.140659 0.0484687 0.024642
 0.111509 0.585821 0.214247 0.0581818 0.0302413
pobs_RECLAS
 0 0 0 0 0
 0 0 0 0 0
 0 0 0 0 0
 0 0 0 0 0
 0.835266 0.146461 0.0176864 0.000547809 3.91292e-05
 0.385257 0.428462 0.181853 0.0044286 0
 0.867414 0.0963971 0.0333333 0.00285562 0
 0.441836 0.489002 0.0689373 0.000224442 0
 0.779404 0.147425 0.0564933 0.0165055 0.000172143
 0.814271 0.122319 0.05973 0.00367925 0
 0.40263 0.566651 0.0304383 0.000280538 0
 0.475488 0.404961 0.113038 0.00651328 0
 0.955842 0.0263864 0.0167828 0.000988607 0
 0.975058 0.0227948 0.00214734 0 0
 0.738997 0.206755 0.0527124 0.00153531 0
 0.850938 0.134255 0.0134407 0.00136685 0
 0.542534 0.407297 0.0501686 0 0
 0.764087 0.199537 0.0359546 0.000420521 0
 0.470689 0.182191 0.310203 0.0369168 0
 0.84361 0.089868 0.0606195 0.00523954 0.000663233
 0.607945 0.314616 0.071237 0.00620181 0
 0.523733 0.453247 0.0230204 0 0
 0.530135 0.295979 0.169645 0.0042399 0
 0.562478 0.366248 0.0663022 0.0049721 0
 0.250443 0.683176 0.0655157 0.000865301 0
ppred_RECLAS
 0.763223 0.167275 0.0621734 0.00732429 3.72172e-06
 0.699212 0.236552 0.045381 0.0168673 0.00198805
 0.526938 0.340183 0.104501 0.0200479 0.00832973
 0.639437 0.201625 0.114294 0.03511 0.00953424
 0.683888 0.203872 0.0627638 0.0355785 0.0138973
 0.523064 0.326708 0.0968876 0.0298277 0.0235127
 0.629899 0.198658 0.117441 0.034828 0.0191742
 0.544589 0.290512 0.0885122 0.0523261 0.0240608
 0.582446 0.23471 0.116638 0.0355369 0.0306687
 0.554741 0.268367 0.0994321 0.0494123 0.0280472
 0.413612 0.335865 0.150996 0.055945 0.0435822
 0.415123 0.265477 0.182943 0.082246 0.0542116
 0.561735 0.198623 0.108774 0.0749573 0.0559108
 0.555183 0.27615 0.0764405 0.0418619 0.050365
 0.65787 0.225016 0.0727064 0.0201257 0.0242821
 0.729155 0.200446 0.0463013 0.0149608 0.00913776
 0.608461 0.296803 0.0701116 0.0161952 0.00842915
 0.622729 0.238937 0.104863 0.0247709 0.00869996
 0.617899 0.244164 0.0873595 0.0383396 0.0122375
 0.70526 0.186145 0.0693929 0.0248281 0.0143743
 0.656569 0.246437 0.0612571 0.022836 0.0129008
 0.649435 0.232407 0.084787 0.0210756 0.0122953
 0.698574 0.198337 0.0683435 0.0249331 0.00981332
 0.649805 0.247888 0.0673174 0.0231964 0.0117933
 0.388411 0.403248 0.147476 0.0400492 0.0208165
pobs_PELACES
 0 0 0 0 0
 0 0 0 0 0
 0 0 0 0 0
 0 0 0 0 0
 0 0 0 0 0
 0 0 0 0 0
 0 0 0 0 0
 0 0 0 0 0
 0 0 0 0 0
 0 0 0 0 0
 0.450072 0.473896 0.0757376 0.000293798 0
 0 0 0 0 0
 0.463077 0.371075 0.160297 0.00555027 0
 0.529543 0.364841 0.0842815 0.0213345 0
 0.631943 0.363953 0.00410389 0 0
 0.735681 0.248677 0.0153453 0.000297389 0
 0.695825 0.281241 0.0229344 0 0
 0.275771 0.60734 0.115278 0.00161068 0
 0 0 0 0 0
 0.896147 0.0623911 0.0374545 0.00400742 0
 0.803859 0.145111 0.0509908 3.86294e-05 0
 0.739449 0.233085 0.0266225 0.000797448 4.60066e-05
 0.878498 0.100942 0.0204185 0.000141795 0
 0.694673 0.275183 0.0284847 0.00165964 0
 0.469039 0.446079 0.0841089 0.000773354 0
ppred_PELACES
 0.77411 0.159585 0.0593148 0.00698753 3.55061e-06
 0.706942 0.230472 0.0442147 0.0164338 0.00193696
 0.541659 0.329597 0.101249 0.019424 0.00807051
 0.636929 0.203027 0.115089 0.0353542 0.00960054
 0.678848 0.207123 0.0637646 0.0361458 0.0141189
 0.52547 0.32506 0.0963988 0.0296772 0.0233941
 0.628996 0.199142 0.117728 0.034913 0.019221
 0.549577 0.28733 0.0875428 0.051753 0.0237973
 0.589429 0.230785 0.114688 0.0349426 0.0301558
 0.560102 0.265136 0.0982349 0.0488174 0.0277095
 0.43355 0.324446 0.145862 0.0540428 0.0421003
 0.433612 0.257084 0.17716 0.0796459 0.0524978
 0.594626 0.183716 0.100611 0.0693319 0.0517148
 0.617675 0.237354 0.0657014 0.0359808 0.0432892
 0.708112 0.191972 0.0620295 0.0171702 0.0207162
 0.743409 0.189896 0.0438646 0.0141734 0.00865685
 0.618678 0.289058 0.068282 0.0157726 0.00820919
 0.627294 0.236046 0.103594 0.0244713 0.00859471
 0.620679 0.242388 0.0867238 0.0380607 0.0121485
 0.707941 0.184452 0.0687616 0.0246022 0.0142436
 0.654786 0.247716 0.0615751 0.0229545 0.0129678
 0.649047 0.232664 0.0848809 0.021099 0.0123089
 0.699142 0.197962 0.0682146 0.0248861 0.00979482
 0.650075 0.247697 0.0672654 0.0231786 0.0117842
 0.388499 0.403189 0.147455 0.0400434 0.0208135
pobs_pel_tallas
 0 0 0 0 0 0 0 0 0 0 0 0 0 0 0 0 0 0 0 0 0 0 0 0 0 0 0 0 0 0 0 0 0 0 0 0
 0 0 0 0 0 0 0 0 0 0 0 0 0 0 0 0 0 0 0 0 0 0 0 0 0 0 0 0 0 0 0 0 0 0 0 0
 0 0 0 0 0 0 0 0 0 0 0 0 0 0 0 0 0 0 0 0 0 0 0 0 0 0 0 0 0 0 0 0 0 0 0 0
 0 0 0 0 0 0 0 0 0 0 0 0 0 0 0 0 0 0 0 0 0 0 0 0 0 0 0 0 0 0 0 0 0 0 0 0
 0 0 0 0 0 0 0 0 0 0 0 0 0 0 0 0 0 0 0 0 0 0 0 0 0 0 0 0 0 0 0 0 0 0 0 0
 0 0 0 0 0 0 0 0 0 0 0 0 0 0 0 0 0 0 0 0 0 0 0 0 0 0 0 0 0 0 0 0 0 0 0 0
 0 0 0 0 0 0 0 0 0 0 0 0 0 0 0 0 0 0 0 0 0 0 0 0 0 0 0 0 0 0 0 0 0 0 0 0
 0 0 0 0 0 0 0 0 0 0 0 0 0 0 0 0 0 0 0 0 0 0 0 0 0 0 0 0 0 0 0 0 0 0 0 0
 0 0 0 0 0 0 0 0 0 0 0 0 0 0 0 0 0 0 0 0 0 0 0 0 0 0 0 0 0 0 0 0 0 0 0 0
 0 0 0 0 0 0 0 0 0 0 0 0 0 0 0 0 0 0 0 0 0 0 0 0 0 0 0 0 0 0 0 0 0 0 0 0
 0 0 0 0 0 0 0 0 1.78061e-05 0.00172719 0.00360574 0.0105946 0.0120993 0.0124554 0.0147524 0.0171206 0.0266825 0.0428682 0.0675386 0.121331 0.153587 0.119568 0.100827 0.0573624 0.0630603 0.0341343 0.0324427 0.0444173 0.0211091 0.0280891 0.0125444 0.00206551 0 0 0 0
 0 0 0 0 0 0 0 0 0 0 0 0 0 0 0 0 0 0 0 0 0 0 0 0 0 0 0 0 0 0 0 0 0 0 0 0
 0 0 0 0 0 0 0.0133647 0.0140871 0.0187388 0.0205184 0.03894 0.0496705 0.03968 0.0493445 0.0407372 0.0367815 0.0215668 0.0243155 0.0234873 0.0199281 0.019796 0.0243948 0.0301388 0.0376714 0.0412746 0.0863199 0.0771752 0.113111 0.0741005 0.0525337 0.0229764 0.00759418 0.00175318 0 0 0
 0 0 0 0 0 0 0 0 0 0 0.00219441 0.00772107 0.0458388 0.0604681 0.0671733 0.0775358 0.0609151 0.0617685 0.073594 0.0568108 0.0755445 0.0548602 0.0670107 0.0636378 0.0643287 0.046367 0.0373049 0.0286899 0.0247887 0.0153202 0.00654259 0.00121912 0.000365735 0 0 0
 0 0 0 0 0 0 0 0 0 0 0 0 0.000112435 0.00938835 0.0111873 0.0202946 0.0414886 0.0713402 0.111592 0.104902 0.108894 0.110636 0.117776 0.105296 0.107544 0.0401394 0.0192827 0.0124803 0.00416011 0.0028671 0.000618394 0 0 0 0 0
 0 0 0 0 0 0 0 0 0 0 0.00291406 0.0102884 0.027416 0.0768956 0.0749926 0.110853 0.0956884 0.0897413 0.0766577 0.0534642 0.0500743 0.0551293 0.0594112 0.0620874 0.0668451 0.0424026 0.0208742 0.0120726 0.0048766 0.00582813 0.00118941 0.000297354 0 0 0 0
 0 0.00264628 0.0354308 0.0461629 0.0458689 0.0383711 0.0214643 0.0164657 0.0346957 0.0420465 0.0363128 0.0245516 0.0311673 0.0291091 0.0169068 0.0133784 0.00837989 0.0085269 0.0148486 0.0160247 0.0276389 0.0546898 0.0760071 0.122758 0.109233 0.0665981 0.0333725 0.0166128 0.00676272 0.00308733 0.000882094 0 0 0 0 0
 0 0 0 0 0 0 0 0.000805153 0.000690131 0.00759144 0.0133425 0.0154129 0.00931677 0.000345066 0.00356568 0.00563607 0.00851162 0.0253048 0.0502646 0.0516448 0.0657925 0.0565908 0.0611916 0.0827007 0.0866115 0.110766 0.145733 0.0935128 0.0569358 0.0249597 0.0138026 0.00621118 0.00161031 0.00115022 0 0
 0 0 0 0 0 0 0 0 0 0 0 0 0 0 0 0 0 0 0 0 0 0 0 0 0 0 0 0 0 0 0 0 0 0 0 0
 0.00147267 0.00158595 0.00478618 0.00569244 0.00954404 0.0108468 0.00647125 0.017049 0.0510054 0.094081 0.124002 0.0959785 0.0687766 0.0820023 0.061753 0.0591476 0.0492212 0.0479892 0.0443925 0.0268479 0.0217502 0.0140895 0.0121071 0.0120363 0.00920419 0.00665534 0.0049561 0.00860946 0.00930331 0.0156896 0.0114698 0.00855282 0.00243557 0.00046729 0 2.83206e-05
 0 0 0 0 0.000772559 0.00158375 0.000888443 0.00281984 0.00712685 0.0440552 0.0773331 0.111326 0.0921469 0.0852325 0.0710754 0.0886704 0.0786465 0.0553345 0.0373146 0.0185414 0.00753245 0.00457741 0.012979 0.0271748 0.0457355 0.0583668 0.034881 0.0177882 0.00938659 0.00492506 0.0015258 0.00185414 0.000309023 5.79419e-05 3.86279e-05 0
 0 0.00173294 0.00326652 0 0.00397197 0.00683976 0.00946217 0.0152591 0.00757587 0.0136028 0.0228656 0.0392903 0.0559909 0.0764795 0.0681675 0.0726916 0.0566044 0.0477403 0.0527397 0.0444891 0.0609904 0.0582453 0.0661739 0.0445044 0.0529084 0.0360697 0.0280645 0.0235558 0.0158879 0.00826598 0.00280645 0.00217768 0.000904811 0.00058276 9.20147e-05 0
 0 0 0 0 0 0 0 0 0 0 0 0 0 0 0 0 0 0 0 0 0 0 0 0 0 0 0 0 0 0 0 0 0 0 0 0
 0 0 0 0 0 0 0 0 0 0 0 0 0 0 0 0 0 0 0 0 0 0 0 0 0 0 0 0 0 0 0 0 0 0 0 0
 0 0 0 0 0 0 0 0 0 0 0 0 0 0 0 0 0 0 0 0 0 0 0 0 0 0 0 0 0 0 0 0 0 0 0 0
ppred_pel_tallas
 1.01135e-16 3.3774e-05 0.00019823 0.000942301 0.00362792 0.0113133 0.0285766 0.0584714 0.0969223 0.130162 0.141638 0.124924 0.0894023 0.0521299 0.025214 0.0109616 0.0056795 0.00502164 0.00632491 0.00841928 0.0108249 0.0132508 0.0154285 0.017107 0.0180963 0.0183064 0.0177641 0.0165975 0.0149985 0.013174 0.0113044 0.00951904 0.00789191 0.00645176 0.00519912 0.00412195
 1.01358e-16 3.08481e-05 0.000181045 0.00086059 0.00331329 0.0103322 0.0260983 0.0534011 0.0885203 0.118886 0.129388 0.114167 0.0818072 0.0479097 0.0235622 0.0109079 0.00660887 0.00671945 0.00880578 0.0117611 0.0150673 0.0183421 0.0212063 0.023306 0.0243825 0.02433 0.023217 0.0212614 0.01877 0.0160637 0.013413 0.0110006 0.00891573 0.00717166 0.00573545 0.00455601
 1.0259e-16 2.36451e-05 0.000138748 0.000659484 0.00253894 0.00791737 0.0199989 0.040922 0.0678391 0.0911253 0.0992129 0.0876332 0.0629932 0.0372932 0.0190907 0.0101016 0.00784316 0.0093489 0.0127687 0.0172048 0.0221329 0.027062 0.03146 0.0348169 0.0367487 0.0370815 0.0358834 0.0334323 0.0301339 0.0264204 0.0226622 0.0191181 0.0159265 0.0131293 0.0107098 0.0086281
 1.03364e-16 2.77942e-05 0.000163119 0.000775369 0.00298518 0.00930896 0.0235138 0.0481128 0.0797543 0.107114 0.116577 0.102867 0.0737183 0.0431901 0.0212765 0.0099158 0.00611196 0.00632611 0.0083868 0.0113226 0.0146939 0.018181 0.0214572 0.0242026 0.0261606 0.0271874 0.0272734 0.0265272 0.025134 0.0233012 0.0212139 0.0190103 0.0167804 0.0145787 0.012443 0.010408
 1.02875e-16 2.96221e-05 0.00017385 0.000826386 0.00318161 0.00992151 0.025061 0.0512786 0.0850016 0.11416 0.124242 0.109621 0.078538 0.0459722 0.0225677 0.0103806 0.00620536 0.00625672 0.00820751 0.0110125 0.0141993 0.017431 0.0203731 0.0227083 0.0241955 0.0247203 0.0243143 0.0231347 0.0214135 0.0193962 0.0172895 0.0152331 0.0132982 0.0115043 0.00984459 0.00830727
 1.03588e-16 2.29389e-05 0.000134603 0.000639778 0.00246307 0.00768077 0.0194012 0.0396992 0.0658122 0.0884031 0.0962508 0.0850205 0.0611232 0.0362027 0.018563 0.00987265 0.00772697 0.00925211 0.0126566 0.0170714 0.0219879 0.0269279 0.0313718 0.034821 0.0368991 0.0374337 0.0364873 0.0343246 0.0313318 0.0279177 0.0244283 0.0211002 0.0180544 0.0153226 0.0128856 0.0107091
 1.03834e-16 2.74481e-05 0.000161087 0.000765713 0.002948 0.00919302 0.0232209 0.0475135 0.0787609 0.10578 0.115125 0.101586 0.0727995 0.0426511 0.02101 0.00979051 0.00603475 0.00624927 0.00829191 0.0112066 0.0145634 0.0180512 0.0213517 0.0241521 0.0261994 0.0273492 0.0275856 0.0270069 0.0257844 0.0241107 0.0221575 0.0200524 0.0178791 0.0156902 0.0135258 0.0114262
 1.04227e-16 2.39885e-05 0.000140768 0.000669097 0.00257597 0.00803286 0.0202905 0.0415185 0.0688265 0.0924475 0.100642 0.0888693 0.0638254 0.037673 0.0190775 0.00976076 0.00718582 0.0083322 0.0113273 0.0152863 0.0197288 0.0242297 0.0283335 0.0316023 0.0337022 0.0344745 0.0339626 0.0323822 0.0300526 0.0273104 0.024438 0.0216253 0.018967 0.0164879 0.0141776 0.0120205
 1.04313e-16 2.5724e-05 0.000150962 0.000717572 0.00276263 0.00861496 0.0217608 0.0445263 0.0738105 0.0991351 0.107904 0.0952395 0.0683076 0.040132 0.0199786 0.00966191 0.00643 0.00702386 0.00943837 0.0127613 0.0165518 0.020461 0.0241227 0.0271787 0.029345 0.0304677 0.0305463 0.0297137 0.0281863 0.0262013 0.023964 0.021621 0.0192593 0.0169237 0.0146403 0.0124355
 1.04454e-16 2.44466e-05 0.00014346 0.000681896 0.00262526 0.00818656 0.0206788 0.0423126 0.0701423 0.0942124 0.102557 0.0905453 0.0649965 0.0382988 0.0192738 0.00966539 0.00687747 0.00782565 0.0106038 0.0143246 0.0185266 0.0228162 0.0267741 0.0299942 0.0321623 0.033121 0.0328944 0.0316632 0.0297027 0.0273065 0.0247228 0.0221207 0.0195897 0.0171613 0.01484 0.0126288
 1.06001e-16 1.89308e-05 0.000111071 0.000527907 0.00203234 0.00633755 0.0160084 0.0327572 0.0543059 0.0729533 0.0794454 0.0702139 0.0505616 0.0301149 0.0157529 0.00888613 0.0075679 0.00946103 0.0131093 0.0177959 0.023074 0.0284931 0.0335461 0.0377336 0.0406623 0.0421243 0.0421291 0.0408749 0.0386755 0.0358712 0.0327532 0.0295253 0.0263025 0.0231374 0.020055 0.0170809
 1.07789e-16 1.89308e-05 0.000111078 0.000527951 0.00203253 0.00633816 0.0160099 0.0327597 0.0543083 0.0729509 0.0794283 0.0701644 0.0504512 0.0298998 0.0153688 0.00824486 0.00656036 0.00796905 0.011028 0.0150649 0.0197116 0.0246233 0.0294094 0.0336716 0.0370755 0.0394112 0.040619 0.0407722 0.0400284 0.0385707 0.0365611 0.0341196 0.0313301 0.0282611 0.0249887 0.0216096
 1.06287e-16 2.59486e-05 0.000152286 0.000723873 0.00278691 0.00869069 0.021952 0.0449172 0.0744571 0.0999992 0.108833 0.096033 0.0688184 0.0403149 0.0198528 0.0092427 0.00569026 0.00589744 0.00784707 0.0106474 0.0139087 0.0173564 0.0207105 0.0236932 0.0260763 0.0277224 0.0286016 0.0287763 0.0283641 0.0274933 0.0262689 0.0247584 0.0229989 0.0210155 0.0188415 0.0165314
 1.0427e-16 2.69558e-05 0.000158194 0.00075195 0.002895 0.00902774 0.0228034 0.0466597 0.0773466 0.103883 0.11307 0.0997931 0.0715602 0.0420158 0.0208645 0.0100007 0.00653178 0.00703206 0.00938964 0.0126392 0.016313 0.0200455 0.0234606 0.0262002 0.0279931 0.0287119 0.0283947 0.0272197 0.0254469 0.0233472 0.0211429 0.0189772 0.0169144 0.0149622 0.0131025 0.0113181
 1.02502e-16 3.08975e-05 0.000181339 0.000861995 0.00331871 0.0103491 0.026141 0.0534882 0.0886635 0.119076 0.129585 0.114322 0.0818742 0.0478614 0.0233763 0.0105517 0.00603187 0.00585903 0.00760258 0.0101791 0.0131143 0.0160864 0.0187824 0.0209069 0.0222362 0.0226649 0.0222246 0.0210642 0.0194037 0.017476 0.0154784 0.0135452 0.0117454 0.0100983 0.008596 0.007224
 1.01577e-16 3.24365e-05 0.000190375 0.000904951 0.00348411 0.0108649 0.0274438 0.0561538 0.0930816 0.125008 0.136038 0.120005 0.0859258 0.0501917 0.0244425 0.0109092 0.00605954 0.00572952 0.00736041 0.00981184 0.0125887 0.0153621 0.0178182 0.0196652 0.0206875 0.0207928 0.0200299 0.0185683 0.0166497 0.0145278 0.0124161 0.0104593 0.00872855 0.00723661 0.00596192 0.00487076
 1.0199e-16 2.70017e-05 0.000158458 0.000753198 0.00289978 0.00904264 0.0228411 0.0467372 0.0774766 0.104062 0.113276 0.100002 0.0717695 0.0422577 0.0212048 0.0105278 0.00734695 0.00823972 0.0110826 0.0148764 0.0190929 0.0232834 0.0269776 0.0297312 0.0312154 0.0312901 0.0300316 0.0277022 0.0246755 0.0213448 0.0180436 0.0149992 0.0123261 0.0100477 0.00813179 0.00652462
 1.0279e-16 2.73754e-05 0.000160657 0.000763658 0.00294007 0.0091683 0.0231585 0.0473862 0.0785508 0.105501 0.114829 0.101344 0.0726687 0.0426592 0.0211708 0.0101264 0.00658802 0.00707722 0.00945086 0.0127315 0.0164474 0.0202296 0.023696 0.0264775 0.0282873 0.0289797 0.0285743 0.0272351 0.0252167 0.0227966 0.0202171 0.017653 0.0152077 0.0129285 0.0108311 0.00892038
 1.03186e-16 2.70871e-05 0.000158964 0.000755611 0.00290909 0.00907167 0.0229144 0.0468868 0.0777233 0.10439 0.113622 0.100283 0.0719178 0.042238 0.0209978 0.0101033 0.00665024 0.00719832 0.00962605 0.0129617 0.0167304 0.0205561 0.0240494 0.0268364 0.0286301 0.0292903 0.0288471 0.0274777 0.025449 0.0230466 0.0205144 0.0180217 0.0156602 0.0134629 0.0114316 0.00956054
 1.02548e-16 3.08898e-05 0.000181294 0.000861783 0.0033179 0.0103465 0.0261346 0.053475 0.0886415 0.119045 0.129551 0.114288 0.0818419 0.0478266 0.0233299 0.0104817 0.005925 0.0057025 0.00738609 0.00989795 0.0127728 0.0157006 0.0183806 0.0205275 0.0219223 0.0224572 0.0221533 0.0211433 0.0196283 0.0178234 0.0159125 0.0140234 0.0122257 0.0105446 0.00898269 0.00753677
 1.0235e-16 2.85745e-05 0.000167696 0.000797123 0.00306892 0.00957009 0.0241734 0.0494628 0.081993 0.110123 0.11986 0.105781 0.0758449 0.0445121 0.0220672 0.0105134 0.00677787 0.00722128 0.00959625 0.0128707 0.0165408 0.0202126 0.0234839 0.0259751 0.0274035 0.027645 0.0267579 0.0249561 0.022547 0.0198535 0.0171478 0.0146141 0.0123435 0.0103545 0.00862305 0.00711163
 1.02581e-16 2.83237e-05 0.000166225 0.00079013 0.003042 0.00948616 0.0239614 0.0490288 0.0812734 0.109156 0.118804 0.104844 0.0751608 0.0440862 0.0218114 0.0103189 0.00656041 0.00692941 0.00920338 0.0123705 0.0159484 0.0195677 0.0228509 0.0254369 0.0270501 0.0275575 0.0269925 0.0255322 0.0234422 0.0210075 0.0184732 0.0160113 0.0137167 0.011624 0.00973333 0.00803327
 1.02346e-16 3.05066e-05 0.000179044 0.000851081 0.00327669 0.010218 0.02581 0.052811 0.0875412 0.117569 0.127948 0.112882 0.0808548 0.0472885 0.0231395 0.010518 0.00611515 0.00602691 0.00785469 0.0105264 0.0135669 0.0166474 0.0194447 0.0216526 0.0230377 0.0234883 0.0230334 0.0218237 0.0200839 0.0180541 0.0159397 0.0138831 0.0119611 0.0102 0.00859783 0.0071445
 1.02383e-16 2.83691e-05 0.00016649 0.000791389 0.00304684 0.00950125 0.0239995 0.049107 0.0814033 0.109332 0.118999 0.105023 0.075304 0.0442009 0.0219247 0.0104656 0.00677429 0.00723936 0.00963084 0.0129247 0.0166202 0.0203246 0.0236359 0.0261735 0.0276523 0.027945 0.0271053 0.0253427 0.0229599 0.0202768 0.0175638 0.0150058 0.0126965 0.0106583 0.00887229 0.00730579
 1.04573e-16 1.69696e-05 9.95503e-05 0.000473118 0.00182136 0.0056796 0.0143466 0.0293576 0.0486732 0.0653966 0.0712429 0.0630281 0.0455253 0.0273925 0.014836 0.00916892 0.00869438 0.0113497 0.0158285 0.0214374 0.0276679 0.0339578 0.0396672 0.0441732 0.0469977 0.0479098 0.0469657 0.0444702 0.0408813 0.0366898 0.0323181 0.0280626 0.0240866 0.0204499 0.0171537 0.0141803
pSPR Fmed_Fpbrs
0.738527   0.333944 0.333944
Fs Fmed_Fpbrs
0.185366   1.005 1.005
SSBpbr Bo_Bmed_Bpbrs
1.51022e+06  1.03983e+06  428817 428817
Ro
63576.6
SPR SPRFo_SPRFmed_SPRFpbrs
1.30572e+06 964311 436038
log_Ro
10.88
likeval ReclasPelacesDesembMPH_pf_preclas_ppelaces_ptallas_desvR_qrecl_qpela
 61.9502 23.558 0.0381525 0.000225946 319.361 201.725 78.2078 0 16.4501 9.74227e-05 2.08292e-06 0 0 0 0
q_reclas_q_pelaces
0.246927 1.22793
M
0.7
N
 74954 18767.6 6975.59 821.754 0.417561
 93517.3 34843.2 6684.46 2484.5 292.833
 60211.8 44270 13599.4 2608.95 1084
 86803.1 28033.6 15891.2 4881.63 1325.62
 142147 42596.7 13113.7 7433.69 2903.67
 106688 70406.1 20879.5 6427.92 5067.03
 157920 51554.6 30477.7 9038.39 4975.99
 134622 77090 23487.5 13885.2 6384.75
 147262 64542.8 32074.2 9772.27 8433.56
 134748 70145.7 25989.5 12915.4 7330.96
 67433.4 64525.3 29008.7 10747.9 8372.85
 41335.9 30869.6 21272.6 9563.55 6303.71
 42083.9 19007.8 10409.4 7173.26 5350.55
 24173.8 18509.9 5123.67 2805.93 3375.88
 19138.8 9693.08 3132 866.963 1046.01
 24454.8 7823.4 1807.14 583.919 356.647
 20776.6 11264.4 2660.91 614.649 319.908
 23794.4 9790.71 4296.87 1015.02 356.491
 27249.3 11413.5 4083.65 1792.2 572.048
 46908.6 13146.4 4900.84 1753.47 1015.18
 58554.7 22611.6 5620.59 2095.3 1183.7
 77144.2 28670.6 10459.6 2599.96 1516.79
 126663 37597.3 12955.4 4726.41 1860.25
 154622 61526.9 16708.5 5757.46 2927.15
 69520.8 75193.7 27499.9 7467.98 3881.65
pred_Ctot
 3456.8 3889.96 1445.83 170.325 0.0865481
 3150.32 5438.02 1043.25 387.758 45.7027
 2713.54 8989.55 2761.51 529.779 220.118
 736.918 1173.2 665.042 204.295 55.4769
 263.883 396.269 121.995 69.1544 27.0124
 2067.29 6546.81 1941.51 597.709 471.165
 1929.34 3076.42 1818.7 539.348 296.932
 3350.08 9082.01 2767.08 1635.82 752.191
 4329.91 8885.04 4415.38 1345.26 1160.97
 3466.18 8524.76 3158.49 1569.59 890.926
 3807.63 15967.3 7178.46 2659.67 2071.93
 2209.7 7285.06 5020.22 2256.95 1487.64
 3483.23 6470.63 3543.59 2441.92 1821.44
 3388.74 9318.91 2579.55 1412.67 1699.61
 2461.38 4599.48 1486.17 411.384 496.342
 1279.16 1811.62 418.47 135.215 82.5868
 765.006 1906.89 450.45 104.05 54.1553
 583.962 1138.51 499.659 118.031 41.4544
 558.802 1120.08 400.753 175.879 56.1385
 990.143 1325.97 494.309 176.859 102.393
 589.706 1118.19 277.95 103.617 58.5366
 1031.26 1866.7 681.012 169.28 98.7563
 1989.3 2859.41 985.304 359.46 141.478
 2304.32 4449.01 1208.19 416.322 211.662
 1006.03 5285.27 1932.93 524.915 272.836
F
 0.0660162 0.332347 0.332347 0.332347 0.332347
 0.0478387 0.240836 0.240836 0.240836 0.240836
 0.0644663 0.324544 0.324544 0.324544 0.324544
 0.0118668 0.0597411 0.0597411 0.0597411 0.0597411
 0.00258429 0.0130101 0.0130101 0.0130101 0.0130101
 0.0272697 0.137284 0.137284 0.137284 0.137284
 0.0171169 0.0861719 0.0861719 0.0861719 0.0861719
 0.0351428 0.17692 0.17692 0.17692 0.17692
 0.0416413 0.209636 0.209636 0.209636 0.209636
 0.0363461 0.182978 0.182978 0.182978 0.182978
 0.081369 0.409638 0.409638 0.409638 0.409638
 0.076884 0.387059 0.387059 0.387059 0.387059
 0.121362 0.610976 0.610976 0.610976 0.610976
 0.213858 1.07663 1.07663 1.07663 1.07663
 0.194597 0.979665 0.979665 0.979665 0.979665
 0.075174 0.37845 0.37845 0.37845 0.37845
 0.0523931 0.263764 0.263764 0.263764 0.263764
 0.0346508 0.174444 0.174444 0.174444 0.174444
 0.0288805 0.145394 0.145394 0.145394 0.145394
 0.029738 0.149711 0.149711 0.149711 0.149711
 0.0140912 0.0709397 0.0709397 0.0709397 0.0709397
 0.0187426 0.0943564 0.0943564 0.0943564 0.0943564
 0.0220521 0.111017 0.111017 0.111017 0.111017
 0.0209147 0.105292 0.105292 0.105292 0.105292
 0.0203029 0.102212 0.102212 0.102212 0.102212
nmprior
 10.6 11 7 0
nm_flota  nm_reclas  nm_pelaces    nm_pelaL
inf 12.6707 21.0881 52.6319
cv_recla  cv_pelaces  cv_mph
0.711945 0.550354 0.487686
 ------------------------------------------------
Talla a la edad & desviación 
 7.2 14.2025 17.0495 18.207 18.6776
 1.08 2.13037 2.55742 2.73105 2.80164
