years
 1997 1998 1999 2000 2001 2002 2003 2004 2005 2006 2007 2008 2009 2010 2011 2012 2013 2014 2015 2016 2017 2018 2019 2020 2021
reclasobs
 0 0 0 370054 412103 1.49427e+06 250295 1.28982e+06 931140 785840 897777 1.04006e+06 184774 17550 25797 100020 73551 82996 120727 218422 84188 347160 605670 569463 516374
reclaspred
 441445 131507 456662 328445 429395 505524 1.07173e+06 669722 684545 561455 426331 284892 174434 85659.7 64665.2 68424.3 87449.1 122042 130351 184827 261543 239035 419822 542620 609321
pelacesobs
 0 0 0 0 0 0 0 0 0 2.06254e+06 1.5e+06 0 1.87456e+06 323000 250000 174000 83755 137374 0 501740 490994 745055 786931 1.00524e+06 1.33801e+06
pelacespred
 1.79917e+06 485116 993116 1.09705e+06 1.21212e+06 1.21379e+06 2.7929e+06 2.29085e+06 2.01687e+06 1.69176e+06 1.16034e+06 794789 484988 204749 151171 168197 222682 311207 344489 473321 737485 661726 915186 1.40344e+06 1.62946e+06
mphobs
 0 0 0 0 0 112323 0 153150 637223 0 255016 313432 73983 77613 109348 50772 0 0 0 0 0 0 0 0 0
mphpred
 1.02365e+06 719294 960529 1.33595e+06 1.26826e+06 1.78933e+06 2.68951e+06 3.03978e+06 2.44425e+06 2.2476e+06 1.9026e+06 1.31745e+06 815765 436957 230791 209372 256838 361702 455852 526575 771018 893835 1.1287e+06 1.63372e+06 2.20536e+06
desembarqueobs
 350755 77701 442110 56441 14545 235359 269955 359681 431902 328805 639364 411747 362871 311530 167758 66681 60226 58785 57116 73181 50977 67692 138656 160484 209506
desembarquepred
 350765 77704.7 442154 56442.7 14545.1 235392 269980 359716 431983 328875 639804 412124 363392 312171 167875 66699.4 60245.5 58789.4 57115.8 73184.6 50978.5 67690.4 138661 160491 209509
Reclutas
 85468.8 107491 70077.5 100870 164726 123211 181049 150504 160329 141381 69417.5 41753.8 42742.8 25324.3 20917.5 27945 24252.1 27765.5 31809.7 55190.1 68964.7 90460.6 148862 182111 81352.2
log_desv_Rt
 0.175907 0.405162 -0.0226427 0.341591 0.83204 0.541652 0.926523 0.741742 0.804983 0.679213 -0.0321058 -0.540455 -0.517044 -1.04048 -1.23166 -0.942008 -1.08374 -0.94845 -0.812475 -0.261462 -0.0386506 0.23267 0.730772 0.932371 0.126543
SSB
 1.02365e+06 719294 960529 1.33595e+06 1.26826e+06 1.78933e+06 2.68951e+06 3.03978e+06 2.44425e+06 2.2476e+06 1.9026e+06 1.31745e+06 815765 436957 230791 209372 256838 361702 455852 526575 771018 893835 1.1287e+06 1.63372e+06 2.20536e+06
BT
 3.52021e+06 998764 2.01932e+06 2.02334e+06 2.18043e+06 2.35968e+06 5.18255e+06 4.51379e+06 4.00835e+06 3.35091e+06 2.66787e+06 1.80803e+06 1.22798e+06 670023 415377 356723 448465 604111 666001 907234 1.36196e+06 1.24811e+06 1.73371e+06 2.64392e+06 3.08692e+06
Ftot
 0.283836 0.202911 0.269377 0.049068 0.0108613 0.115786 0.0724682 0.149473 0.177887 0.158027 0.359447 0.337765 0.525243 0.895168 0.764228 0.295551 0.211554 0.14091 0.118785 0.122676 0.0585654 0.0782639 0.092165 0.0873512 0.0848199
BD_Bspro_t
 0.965909 0.8382 0.821151 0.746358 0.824801 0.898025 0.877562 0.878492 0.833302 0.791748 0.745485 0.602621 0.492209 0.38091 0.267386 0.292572 0.421186 0.591844 0.695388 0.766171 0.838703 0.887188 0.891643 0.895914 0.898312
BD_Bspro
 0.695319 0.488586 0.652446 0.907451 0.861473 1.21542 1.82687 2.06479 1.66028 1.5267 1.29236 0.894885 0.554114 0.296806 0.156766 0.142217 0.174459 0.245689 0.30964 0.357679 0.523719 0.607144 0.766676 1.10971 1.49801
BD_Bo
 0.602626 0.423452 0.565468 0.786479 0.746629 1.05339 1.58333 1.78954 1.43894 1.32317 1.12007 0.775588 0.480245 0.257239 0.135868 0.123258 0.151202 0.212936 0.268362 0.309997 0.453902 0.526205 0.66447 0.961778 1.29831
BD_Brms
 2.14235 1.50538 2.01025 2.79595 2.65428 3.74482 5.62876 6.36184 5.11548 4.70391 3.98187 2.75723 1.70728 0.914489 0.483013 0.438186 0.537525 0.756991 0.954033 1.10205 1.61363 1.87067 2.36221 3.41914 4.61551
S_f
 0.207501 1 1 1 1
 0.207501 1 1 1 1
 0.207501 1 1 1 1
 0.207501 1 1 1 1
 0.207501 1 1 1 1
 0.207501 1 1 1 1
 0.207501 1 1 1 1
 0.207501 1 1 1 1
 0.207501 1 1 1 1
 0.207501 1 1 1 1
 0.207501 1 1 1 1
 0.207501 1 1 1 1
 0.207501 1 1 1 1
 0.207501 1 1 1 1
 0.207501 1 1 1 1
 0.207501 1 1 1 1
 0.207501 1 1 1 1
 0.207501 1 1 1 1
 0.207501 1 1 1 1
 0.207501 1 1 1 1
 0.207501 1 1 1 1
 0.207501 1 1 1 1
 0.207501 1 1 1 1
 0.207501 1 1 1 1
 0.207501 1 1 1 1
Scru_reclas
 1 1 1 1 1
 1 1 1 1 1
 1 1 1 1 1
 1 1 1 1 1
 1 1 1 1 1
 1 1 1 1 1
 1 1 1 1 1
 1 1 1 1 1
 1 1 1 1 1
 1 1 1 1 1
 1 1 1 1 1
 1 1 1 1 1
 1 1 1 1 1
 1 1 1 1 1
 1 1 1 1 1
 1 1 1 1 1
 1 1 1 1 1
 1 1 1 1 1
 1 1 1 1 1
 1 1 1 1 1
 1 1 1 1 1
 1 1 1 1 1
 1 1 1 1 1
 1 1 1 1 1
 1 1 1 1 1
Scru_pelaces
 1 1 1 1 1
 1 1 1 1 1
 1 1 1 1 1
 1 1 1 1 1
 1 1 1 1 1
 1 1 1 1 1
 1 1 1 1 1
 1 1 1 1 1
 1 1 1 1 1
 1 1 1 1 1
 1 1 1 1 1
 1 1 1 1 1
 1 1 1 1 1
 1 1 1 1 1
 1 1 1 1 1
 1 1 1 1 1
 1 1 1 1 1
 1 1 1 1 1
 1 1 1 1 1
 1 1 1 1 1
 1 1 1 1 1
 1 1 1 1 1
 1 1 1 1 1
 1 1 1 1 1
 1 1 1 1 1
pf_obs 
 0.256992 0.487395 0.22802 0.0275931 0
 0.321318 0.546541 0.124235 0.00734118 0.000564706
 0.182869 0.594174 0.210203 0.0122559 0.00049798
 0.330522 0.361315 0.267642 0.0388342 0.00168674
 0.649043 0.306663 0.0425973 0.00169635 0
 0.582887 0.30429 0.105238 0.00758474 0
 0.465427 0.430635 0.0974691 0.00646863 0
 0.296916 0.608066 0.0921331 0.00288517 0
 0.311714 0.524322 0.152257 0.0117073 0
 0.15457 0.633149 0.183074 0.0267441 0.00246327
 0.131901 0.49318 0.331252 0.0422183 0.00144891
 0.196976 0.569456 0.194076 0.0375587 0.00193317
 0.518974 0.381816 0.0799577 0.0180837 0.00116848
 0.0928022 0.601141 0.25162 0.0475244 0.00691264
 0.122501 0.610282 0.24278 0.0234846 0.000952079
 0.383417 0.481906 0.127806 0.00687128 0
 0.0376549 0.599619 0.316969 0.0457579 0
 0.0361596 0.667082 0.258105 0.0386534 0
 0.158088 0.579412 0.248529 0.0139706 0
 0.0477256 0.309471 0.559284 0.082774 0.000745712
 0.0406174 0.521527 0.379366 0.0568643 0.0016247
 0.151134 0.462217 0.34131 0.0453401 0
 0.294876 0.26143 0.354403 0.0886775 0.000613685
 0.281977 0.475581 0.204845 0.0348837 0.00271318
 0.0354234 0.537034 0.353287 0.0723622 0.0018943
pf_pred 
 0.39172 0.429511 0.159895 0.0188643 9.44376e-06
 0.317686 0.531673 0.106369 0.0395981 0.0046741
 0.18123 0.582019 0.184481 0.036908 0.0153617
 0.26122 0.403733 0.238167 0.0754911 0.0213892
 0.305352 0.441269 0.138468 0.081684 0.033227
 0.18156 0.556845 0.166176 0.0521452 0.043274
 0.254609 0.394754 0.238564 0.0711933 0.0408796
 0.18947 0.510344 0.158977 0.0960751 0.0451343
 0.21054 0.431356 0.225477 0.0702382 0.0623884
 0.190243 0.471245 0.184961 0.0966824 0.0568689
 0.116031 0.484947 0.232214 0.0911428 0.0756652
 0.114724 0.378024 0.278279 0.133253 0.0957203
 0.186968 0.342612 0.200875 0.147873 0.121672
 0.176688 0.482087 0.143792 0.0843063 0.113127
 0.245651 0.462384 0.170959 0.0509921 0.0700141
 0.333592 0.461335 0.125701 0.0464758 0.032896
 0.233265 0.562733 0.141225 0.0384799 0.0242975
 0.24466 0.466238 0.212182 0.0532497 0.0236706
 0.242825 0.472801 0.175531 0.0798832 0.0289593
 0.324533 0.418612 0.160388 0.0595452 0.0369225
 0.279542 0.511382 0.129572 0.0496444 0.0298594
 0.272622 0.478208 0.176861 0.0448124 0.0274964
 0.319813 0.443212 0.155797 0.0576202 0.0235577
 0.273936 0.510035 0.140766 0.0494815 0.0257823
 0.113499 0.579796 0.21545 0.0594624 0.0317931
pobs_RECLAS
 0 0 0 0 0
 0 0 0 0 0
 0 0 0 0 0
 0 0 0 0 0
 0.835266 0.146461 0.0176864 0.000547809 3.91292e-05
 0.385257 0.428462 0.181853 0.0044286 0
 0.867414 0.0963971 0.0333333 0.00285562 0
 0.441836 0.489002 0.0689373 0.000224442 0
 0.779404 0.147425 0.0564933 0.0165055 0.000172143
 0.814271 0.122319 0.05973 0.00367925 0
 0.40263 0.566651 0.0304383 0.000280538 0
 0.475488 0.404961 0.113038 0.00651328 0
 0.955842 0.0263864 0.0167828 0.000988607 0
 0.975058 0.0227948 0.00214734 0 0
 0.738997 0.206755 0.0527124 0.00153531 0
 0.850938 0.134255 0.0134407 0.00136685 0
 0.542534 0.407297 0.0501686 0 0
 0.764087 0.199537 0.0359546 0.000420521 0
 0.470689 0.182191 0.310203 0.0369168 0
 0.84361 0.089868 0.0606195 0.00523954 0.000663233
 0.607945 0.314616 0.071237 0.00620181 0
 0.523733 0.453247 0.0230204 0 0
 0.530135 0.295979 0.169645 0.0042399 0
 0.562478 0.366248 0.0663022 0.0049721 0
 0.250443 0.683176 0.0655157 0.000865301 0
ppred_RECLAS
 0.759266 0.169984 0.0632804 0.00746577 3.73748e-06
 0.694044 0.238407 0.0476968 0.0177562 0.00209591
 0.519925 0.34126 0.108168 0.0216406 0.00900712
 0.630724 0.201804 0.119047 0.0377339 0.0106913
 0.679437 0.203635 0.0638996 0.0376952 0.0153335
 0.51815 0.327838 0.0978348 0.0307001 0.0254772
 0.622921 0.199698 0.120685 0.0360153 0.0206802
 0.531678 0.294875 0.0918563 0.055512 0.0260785
 0.564717 0.237836 0.124321 0.0387271 0.034399
 0.533053 0.271744 0.106658 0.055752 0.0327935
 0.39258 0.333232 0.159566 0.0626289 0.0519934
 0.389155 0.260839 0.192014 0.091945 0.0660475
 0.534309 0.196242 0.115058 0.0846989 0.0696917
 0.526239 0.277409 0.082743 0.0485126 0.0650967
 0.624322 0.230275 0.0851402 0.0253949 0.0348682
 0.710448 0.200448 0.0546166 0.0201936 0.0142932
 0.597266 0.29558 0.0741795 0.0202119 0.0127624
 0.611245 0.239961 0.109205 0.0274063 0.0121827
 0.608584 0.244411 0.0907396 0.0412951 0.0149703
 0.699688 0.186115 0.0713083 0.0264738 0.0164157
 0.652195 0.246872 0.0625515 0.0239661 0.0144148
 0.644531 0.2337 0.086432 0.0218998 0.0134375
 0.694776 0.198885 0.0699115 0.0258562 0.0105712
 0.646154 0.248564 0.0686018 0.0241147 0.012565
 0.382559 0.403823 0.150059 0.0414151 0.0221436
pobs_PELACES
 0 0 0 0 0
 0 0 0 0 0
 0 0 0 0 0
 0 0 0 0 0
 0 0 0 0 0
 0 0 0 0 0
 0 0 0 0 0
 0 0 0 0 0
 0 0 0 0 0
 0 0 0 0 0
 0.450072 0.473896 0.0757376 0.000293798 0
 0 0 0 0 0
 0.463077 0.371075 0.160297 0.00555027 0
 0.529543 0.364841 0.0842815 0.0213345 0
 0.631943 0.363953 0.00410389 0 0
 0.735681 0.248677 0.0153453 0.000297389 0
 0.695825 0.281241 0.0229344 0 0
 0.275771 0.60734 0.115278 0.00161068 0
 0 0 0 0 0
 0.896147 0.0623911 0.0374545 0.00400742 0
 0.803859 0.145111 0.0509908 3.86294e-05 0
 0.739449 0.233085 0.0266225 0.000797448 4.60066e-05
 0.878498 0.100942 0.0204185 0.000141795 0
 0.694673 0.275183 0.0284847 0.00165964 0
 0.469039 0.446079 0.0841089 0.000773354 0
ppred_PELACES
 0.772572 0.160589 0.0597828 0.00705313 3.53091e-06
 0.705195 0.229718 0.0459584 0.017109 0.00201952
 0.537477 0.328783 0.104213 0.0208494 0.0086778
 0.633708 0.200173 0.118085 0.037429 0.0106049
 0.680055 0.203242 0.0637764 0.0376225 0.0153039
 0.525706 0.322697 0.0963008 0.0302187 0.0250777
 0.627363 0.197346 0.119263 0.0355911 0.0204366
 0.541398 0.288755 0.0899498 0.0543598 0.0255372
 0.576116 0.231607 0.121065 0.0377129 0.0334981
 0.543324 0.265766 0.104312 0.0545257 0.0320722
 0.415208 0.320818 0.153622 0.0602958 0.0500565
 0.410347 0.251789 0.185353 0.0887552 0.0637561
 0.568275 0.181929 0.106666 0.0785212 0.0646086
 0.583987 0.243595 0.0726572 0.0425993 0.057162
 0.669914 0.202329 0.0748076 0.0223129 0.0306365
 0.726086 0.189622 0.0516669 0.019103 0.0135212
 0.6105 0.285867 0.071742 0.0195477 0.0123431
 0.619965 0.234578 0.106755 0.0267915 0.0119094
 0.615958 0.239806 0.08903 0.040517 0.0146882
 0.706385 0.181964 0.0697179 0.0258833 0.0160496
 0.655662 0.244412 0.0619281 0.0237272 0.0142711
 0.649206 0.230626 0.0852952 0.0216117 0.0132607
 0.699863 0.19557 0.0687463 0.0254253 0.010395
 0.65136 0.244908 0.0675926 0.02376 0.0123801
 0.387813 0.400387 0.148782 0.0410627 0.0219552
pobs_pel_tallas
 0 0 0 0 0 0 0 0 0 0 0 0 0 0 0 0 0 0 0 0 0 0 0 0 0 0 0 0 0 0 0 0 0 0 0 0
 0 0 0 0 0 0 0 0 0 0 0 0 0 0 0 0 0 0 0 0 0 0 0 0 0 0 0 0 0 0 0 0 0 0 0 0
 0 0 0 0 0 0 0 0 0 0 0 0 0 0 0 0 0 0 0 0 0 0 0 0 0 0 0 0 0 0 0 0 0 0 0 0
 0 0 0 0 0 0 0 0 0 0 0 0 0 0 0 0 0 0 0 0 0 0 0 0 0 0 0 0 0 0 0 0 0 0 0 0
 0 0 0 0 0 0 0 0 0 0 0 0 0 0 0 0 0 0 0 0 0 0 0 0 0 0 0 0 0 0 0 0 0 0 0 0
 0 0 0 0 0 0 0 0 0 0 0 0 0 0 0 0 0 0 0 0 0 0 0 0 0 0 0 0 0 0 0 0 0 0 0 0
 0 0 0 0 0 0 0 0 0 0 0 0 0 0 0 0 0 0 0 0 0 0 0 0 0 0 0 0 0 0 0 0 0 0 0 0
 0 0 0 0 0 0 0 0 0 0 0 0 0 0 0 0 0 0 0 0 0 0 0 0 0 0 0 0 0 0 0 0 0 0 0 0
 0 0 0 0 0 0 0 0 0 0 0 0 0 0 0 0 0 0 0 0 0 0 0 0 0 0 0 0 0 0 0 0 0 0 0 0
 0 0 0 0 0 0 0 0 0 0 0 0 0 0 0 0 0 0 0 0 0 0 0 0 0 0 0 0 0 0 0 0 0 0 0 0
 0 0 0 0 0 0 0 0 1.78061e-05 0.00172719 0.00360574 0.0105946 0.0120993 0.0124554 0.0147524 0.0171206 0.0266825 0.0428682 0.0675386 0.121331 0.153587 0.119568 0.100827 0.0573624 0.0630603 0.0341343 0.0324427 0.0444173 0.0211091 0.0280891 0.0125444 0.00206551 0 0 0 0
 0 0 0 0 0 0 0 0 0 0 0 0 0 0 0 0 0 0 0 0 0 0 0 0 0 0 0 0 0 0 0 0 0 0 0 0
 0 0 0 0 0 0 0.0133647 0.0140871 0.0187388 0.0205184 0.03894 0.0496705 0.03968 0.0493445 0.0407372 0.0367815 0.0215668 0.0243155 0.0234873 0.0199281 0.019796 0.0243948 0.0301388 0.0376714 0.0412746 0.0863199 0.0771752 0.113111 0.0741005 0.0525337 0.0229764 0.00759418 0.00175318 0 0 0
 0 0 0 0 0 0 0 0 0 0 0.00219441 0.00772107 0.0458388 0.0604681 0.0671733 0.0775358 0.0609151 0.0617685 0.073594 0.0568108 0.0755445 0.0548602 0.0670107 0.0636378 0.0643287 0.046367 0.0373049 0.0286899 0.0247887 0.0153202 0.00654259 0.00121912 0.000365735 0 0 0
 0 0 0 0 0 0 0 0 0 0 0 0 0.000112435 0.00938835 0.0111873 0.0202946 0.0414886 0.0713402 0.111592 0.104902 0.108894 0.110636 0.117776 0.105296 0.107544 0.0401394 0.0192827 0.0124803 0.00416011 0.0028671 0.000618394 0 0 0 0 0
 0 0 0 0 0 0 0 0 0 0 0.00291406 0.0102884 0.027416 0.0768956 0.0749926 0.110853 0.0956884 0.0897413 0.0766577 0.0534642 0.0500743 0.0551293 0.0594112 0.0620874 0.0668451 0.0424026 0.0208742 0.0120726 0.0048766 0.00582813 0.00118941 0.000297354 0 0 0 0
 0 0.00264628 0.0354308 0.0461629 0.0458689 0.0383711 0.0214643 0.0164657 0.0346957 0.0420465 0.0363128 0.0245516 0.0311673 0.0291091 0.0169068 0.0133784 0.00837989 0.0085269 0.0148486 0.0160247 0.0276389 0.0546898 0.0760071 0.122758 0.109233 0.0665981 0.0333725 0.0166128 0.00676272 0.00308733 0.000882094 0 0 0 0 0
 0 0 0 0 0 0 0 0.000805153 0.000690131 0.00759144 0.0133425 0.0154129 0.00931677 0.000345066 0.00356568 0.00563607 0.00851162 0.0253048 0.0502646 0.0516448 0.0657925 0.0565908 0.0611916 0.0827007 0.0866115 0.110766 0.145733 0.0935128 0.0569358 0.0249597 0.0138026 0.00621118 0.00161031 0.00115022 0 0
 0 0 0 0 0 0 0 0 0 0 0 0 0 0 0 0 0 0 0 0 0 0 0 0 0 0 0 0 0 0 0 0 0 0 0 0
 0.00147267 0.00158595 0.00478618 0.00569244 0.00954404 0.0108468 0.00647125 0.017049 0.0510054 0.094081 0.124002 0.0959785 0.0687766 0.0820023 0.061753 0.0591476 0.0492212 0.0479892 0.0443925 0.0268479 0.0217502 0.0140895 0.0121071 0.0120363 0.00920419 0.00665534 0.0049561 0.00860946 0.00930331 0.0156896 0.0114698 0.00855282 0.00243557 0.00046729 0 2.83206e-05
 0 0 0 0 0.000772559 0.00158375 0.000888443 0.00281984 0.00712685 0.0440552 0.0773331 0.111326 0.0921469 0.0852325 0.0710754 0.0886704 0.0786465 0.0553345 0.0373146 0.0185414 0.00753245 0.00457741 0.012979 0.0271748 0.0457355 0.0583668 0.034881 0.0177882 0.00938659 0.00492506 0.0015258 0.00185414 0.000309023 5.79419e-05 3.86279e-05 0
 0 0.00173294 0.00326652 0 0.00397197 0.00683976 0.00946217 0.0152591 0.00757587 0.0136028 0.0228656 0.0392903 0.0559909 0.0764795 0.0681675 0.0726916 0.0566044 0.0477403 0.0527397 0.0444891 0.0609904 0.0582453 0.0661739 0.0445044 0.0529084 0.0360697 0.0280645 0.0235558 0.0158879 0.00826598 0.00280645 0.00217768 0.000904811 0.00058276 9.20147e-05 0
 0 0 0 0 0 0 0 0 0 0 0 0 0 0 0 0 0 0 0 0 0 0 0 0 0 0 0 0 0 0 0 0 0 0 0 0
 0 0 0 0 0 0 0 0 0 0 0 0 0 0 0 0 0 0 0 0 0 0 0 0 0 0 0 0 0 0 0 0 0 0 0 0
 0 0 0 0 0 0 0 0 0 0 0 0 0 0 0 0 0 0 0 0 0 0 0 0 0 0 0 0 0 0 0 0 0 0 0 0
ppred_pel_tallas
 1.01144e-16 3.3707e-05 0.000197836 0.00094043 0.00362072 0.0112909 0.0285198 0.0583553 0.0967298 0.129904 0.141357 0.124678 0.0892274 0.0520314 0.0251728 0.0109549 0.00569219 0.0050479 0.00636428 0.0084732 0.0108947 0.0133366 0.0155288 0.0172189 0.0182156 0.0184282 0.0178836 0.0167108 0.0151026 0.0132671 0.0113859 0.00958915 0.00795124 0.00650119 0.00523963 0.00415452
 1.0141e-16 3.07718e-05 0.000180598 0.000858463 0.0033051 0.0103066 0.0260338 0.0532691 0.0883015 0.118592 0.129068 0.113885 0.0816052 0.0477917 0.0235047 0.0108824 0.0065954 0.00670804 0.0087931 0.0117473 0.0150543 0.0183339 0.021208 0.0233239 0.0244229 0.0243982 0.0233165 0.0213926 0.0189302 0.0162473 0.0136118 0.0112056 0.00911762 0.00736223 0.0059083 0.00470698
 1.02709e-16 2.34627e-05 0.000137677 0.000654393 0.00251934 0.00785624 0.0198445 0.0406061 0.0673155 0.0904221 0.0984479 0.0869588 0.0625113 0.0370138 0.0189585 0.0100495 0.00782468 0.00934184 0.0127664 0.0172078 0.0221458 0.0270918 0.0315154 0.0349078 0.0368848 0.0372704 0.0361296 0.0337354 0.0304885 0.026816 0.0230845 0.0195506 0.0163523 0.0135332 0.0110793 0.00895472
 1.03524e-16 2.76536e-05 0.000162293 0.000771447 0.00297008 0.00926187 0.0233948 0.0478694 0.0793508 0.106572 0.115987 0.102346 0.0733432 0.0429675 0.0211618 0.00985421 0.00606397 0.00627064 0.00831506 0.011233 0.0145904 0.0180729 0.0213592 0.0241336 0.0261414 0.0272375 0.0274074 0.0267524 0.0254484 0.0236938 0.0216662 0.0194994 0.0172816 0.0150689 0.0129026 0.0108225
 1.0298e-16 2.96745e-05 0.000174158 0.000827853 0.00318725 0.00993913 0.0251055 0.0513696 0.0851524 0.114362 0.12446 0.109812 0.0786697 0.0460391 0.0225818 0.0103556 0.00614767 0.00616526 0.0080774 0.0108394 0.0139825 0.0171757 0.0200912 0.0224179 0.0239189 0.0244805 0.0241319 0.0230243 0.0213819 0.0194419 0.0174039 0.0154024 0.0135057 0.011733 0.0100787 0.00853377
 1.03683e-16 2.29491e-05 0.000134663 0.000640063 0.00246417 0.0076842 0.0194099 0.0397169 0.0658415 0.0884422 0.0962928 0.0850562 0.061146 0.0362103 0.0185561 0.00985167 0.00769035 0.00919651 0.0125782 0.0169675 0.0218583 0.0267762 0.0312058 0.0346523 0.0367421 0.0373034 0.0363971 0.034284 0.0313456 0.0279851 0.0245439 0.0212547 0.0182366 0.0155203 0.0130874 0.010905
 1.03936e-16 2.73768e-05 0.000160669 0.000763723 0.00294034 0.00916913 0.0231606 0.0473901 0.0785562 0.105505 0.114825 0.101321 0.0726086 0.0425371 0.0209497 0.00975574 0.00600485 0.00621284 0.00824386 0.0111457 0.0144916 0.0179738 0.0212772 0.0240918 0.0261662 0.0273551 0.0276402 0.0271155 0.0259469 0.0243216 0.0224068 0.0203273 0.0181654 0.0159743 0.0137959 0.0116734
 1.04433e-16 2.36319e-05 0.000138675 0.000659144 0.00253765 0.00791335 0.0199887 0.0409009 0.0678029 0.0910731 0.0991469 0.0875531 0.0628881 0.0371358 0.0188353 0.00968611 0.00719214 0.00838089 0.0114091 0.0154047 0.0198907 0.0244424 0.028603 0.0319327 0.0340954 0.0349299 0.0344767 0.0329491 0.0306634 0.0279535 0.0250994 0.0222888 0.0196158 0.0171054 0.0147491 0.0125345
 1.04656e-16 2.51436e-05 0.000147555 0.000701371 0.00270025 0.00842043 0.0212695 0.043521 0.0721442 0.0968978 0.105471 0.093096 0.0667795 0.0392532 0.0195767 0.00952734 0.00641994 0.00707324 0.00953042 0.0129007 0.0167511 0.0207353 0.0244874 0.0276479 0.0299298 0.0311743 0.0313743 0.0306552 0.0292251 0.0273133 0.0251189 0.0227846 0.0203964 0.0180014 0.0156311 0.0133192
 1.0494e-16 2.3715e-05 0.000139165 0.000661477 0.00254664 0.00794139 0.0200595 0.0410455 0.0680421 0.0913924 0.0994894 0.0878432 0.0630697 0.0371894 0.018764 0.00949037 0.00685611 0.00787468 0.0107007 0.0144743 0.018744 0.0231204 0.0271857 0.0305332 0.0328462 0.0339618 0.0338966 0.0328215 0.0310008 0.0287171 0.0262089 0.0236387 0.0210929 0.0186044 0.0161832 0.013841
 1.06696e-16 1.81309e-05 0.000106375 0.000505582 0.00194639 0.00606951 0.0153313 0.0313719 0.0520097 0.0698697 0.0760904 0.0672561 0.0484475 0.0288877 0.0151702 0.00865262 0.00747821 0.00941615 0.0130774 0.0177778 0.0230867 0.0285647 0.0337142 0.0380421 0.0411562 0.0428437 0.043102 0.042111 0.0401634 0.0375769 0.0346241 0.0314947 0.0282976 0.0250864 0.0218941 0.0187593
 1.08742e-16 1.79161e-05 0.000105121 0.000499632 0.0019235 0.00599816 0.015151 0.0310025 0.0513955 0.0690393 0.0751723 0.0664118 0.047768 0.0283405 0.0146248 0.00794047 0.00643356 0.00789246 0.0109595 0.015004 0.0196791 0.0246556 0.0295561 0.0339919 0.0376318 0.0402603 0.0418027 0.0423088 0.0419078 0.0407529 0.0389798 0.036689 0.0339542 0.0308436 0.0274425 0.0238637
 1.07291e-16 2.47995e-05 0.000145539 0.000691802 0.00266343 0.00830561 0.0209794 0.0429271 0.0711584 0.0955698 0.104015 0.0917864 0.0657867 0.0385622 0.0190338 0.00893704 0.00560787 0.0059011 0.00789519 0.0107426 0.0140728 0.0176225 0.0211193 0.0242906 0.0269085 0.0288301 0.0300134 0.0305028 0.0303934 0.0297897 0.0287741 0.0273966 0.0256837 0.0236578 0.0213584 0.018853
 1.05246e-16 2.54871e-05 0.00014957 0.000710953 0.00273715 0.00853548 0.0215601 0.0441157 0.0731301 0.0982223 0.106913 0.0943717 0.0676996 0.0398035 0.0198676 0.00969366 0.00655817 0.00723233 0.00972503 0.013122 0.0169702 0.0209046 0.0245442 0.0275234 0.0295626 0.0305262 0.0304442 0.0294862 0.0279029 0.0259544 0.0238524 0.0217301 0.0196448 0.0176018 0.0155866 0.0135914
 1.03327e-16 2.92323e-05 0.000171562 0.000815512 0.00313974 0.00979095 0.0247312 0.0506038 0.083883 0.112657 0.122606 0.108178 0.0775033 0.0453653 0.0222678 0.0102402 0.00612004 0.00617362 0.00810726 0.0108936 0.0140716 0.0173142 0.0202961 0.0227065 0.0243067 0.0249787 0.0247446 0.0237468 0.0222008 0.0203356 0.0183451 0.0163608 0.0144514 0.0126391 0.0109233 0.00930092
 1.02084e-16 3.16812e-05 0.00018594 0.000883869 0.00340293 0.0106117 0.0268044 0.0548456 0.0909133 0.122096 0.13287 0.117215 0.083935 0.0490435 0.0239112 0.0107204 0.00602491 0.0057617 0.00743509 0.00993347 0.0127734 0.0156318 0.0181974 0.0201793 0.0213593 0.0216394 0.021059 0.0197757 0.0180173 0.0160242 0.0139988 0.0120781 0.0103306 0.00877155 0.00738633 0.00615164
 1.0236e-16 2.6645e-05 0.000156364 0.000743243 0.00286145 0.00892312 0.0225392 0.0461195 0.0764526 0.102687 0.11178 0.098682 0.070824 0.0417052 0.0209357 0.0104081 0.00728245 0.00818329 0.0110174 0.0148009 0.019015 0.0232181 0.0269472 0.0297633 0.0313398 0.0315346 0.0304175 0.02824 0.0253627 0.0221653 0.0189692 0.0159935 0.0133484 0.0110574 0.00909263 0.0074073
 1.03069e-16 2.70558e-05 0.00015878 0.000754739 0.00290573 0.00906121 0.022888 0.0468327 0.0776334 0.104269 0.113489 0.100162 0.071824 0.0421689 0.0209379 0.0100329 0.00655194 0.00705892 0.00943763 0.0127236 0.0164516 0.0202573 0.0237623 0.0265998 0.0284838 0.0292665 0.0289626 0.0277289 0.0258115 0.0234787 0.0209653 0.0184409 0.016006 0.0137084 0.0115672 0.0095923
 1.03421e-16 2.68812e-05 0.000157755 0.000749864 0.00288696 0.00900267 0.0227401 0.0465302 0.0771321 0.103596 0.112758 0.0995204 0.0713707 0.0419166 0.0208382 0.0100272 0.00660189 0.00714929 0.00956542 0.012888 0.0166482 0.0204756 0.023986 0.0268098 0.0286619 0.029401 0.0290526 0.0277864 0.0258602 0.0235497 0.0210907 0.0186466 0.0163064 0.0141033 0.012042 0.0101215
 1.02689e-16 3.08218e-05 0.000180896 0.000859889 0.00331061 0.0103238 0.0260771 0.0533575 0.0884466 0.118783 0.129266 0.114035 0.0816587 0.0477153 0.0232676 0.0104405 0.0058837 0.00564865 0.00731332 0.00980401 0.0126594 0.0155737 0.0182511 0.0204102 0.0218343 0.0224156 0.0221723 0.0212319 0.0197888 0.0180511 0.0161967 0.0143489 0.0125749 0.0109002 0.0093285 0.00785979
 1.02441e-16 2.86126e-05 0.000167919 0.000798186 0.00307301 0.00958287 0.0242057 0.0495288 0.0821023 0.11027 0.120018 0.105919 0.0759395 0.044559 0.0220746 0.0104906 0.00672874 0.00714415 0.00948684 0.0127254 0.0163593 0.0199995 0.0232496 0.0257352 0.0271769 0.0274514 0.0266145 0.024875 0.0225335 0.0199058 0.017258 0.0147698 0.0125304 0.0105577 0.00882939 0.00731001
 1.02649e-16 2.83306e-05 0.000166265 0.000790323 0.00304275 0.00948848 0.0239672 0.0490408 0.0812932 0.109182 0.118833 0.104868 0.0751755 0.04409 0.0218044 0.0103007 0.00652945 0.0068827 0.00913777 0.0122839 0.0158409 0.0194427 0.0227152 0.0253008 0.0269256 0.0274572 0.026927 0.0255089 0.0234639 0.0210724 0.0185754 0.0161423 0.0138664 0.0117823 0.00989109 0.00818302
 1.024e-16 3.0538e-05 0.000179228 0.000851958 0.00328007 0.0102286 0.0258366 0.0528654 0.0876313 0.11769 0.128079 0.112996 0.0809335 0.0473284 0.0231477 0.0105027 0.0060802 0.00597163 0.00777623 0.0104223 0.013437 0.016495 0.0192773 0.0214813 0.0228761 0.0233502 0.0229307 0.0217644 0.0200713 0.0180863 0.0160106 0.0139836 0.012081 0.0103291 0.00872725 0.00726721
 1.02435e-16 2.8425e-05 0.000166818 0.000792951 0.00305286 0.00952001 0.0240469 0.0492039 0.0815639 0.109547 0.119232 0.105227 0.0754466 0.0442768 0.0219478 0.0104525 0.00673421 0.00717374 0.00953693 0.0127994 0.0164629 0.0201388 0.0234296 0.025959 0.0274449 0.0277604 0.0269575 0.0252414 0.0229095 0.0202759 0.0176066 0.0150831 0.0127976 0.0107726 0.00899028 0.00741991
 1.0468e-16 1.69396e-05 9.93742e-05 0.000472281 0.00181814 0.00566955 0.0143212 0.0293056 0.0485871 0.0652807 0.0711162 0.062915 0.0454415 0.0273378 0.0147988 0.00913456 0.00865077 0.0112884 0.015744 0.0213273 0.0275334 0.0338047 0.0395064 0.0440198 0.0468695 0.0478242 0.0469372 0.0445079 0.0409871 0.0368589 0.0325396 0.0283216 0.0243665 0.0207344 0.0174288 0.0144349
pSPR Fmed_Fpbrs
0.772098   0.331292 0.331292
Fs Fmed_Fpbrs
0.15429   1.005 1.005
SSBpbr Bo_Bmed_Bpbrs
1.69864e+06  1.22659e+06  477815 477815
Ro
71682.4
SPR SPRFo_SPRFmed_SPRFpbrs
1.4722e+06 1.13668e+06 487728
log_Ro
11
likeval ReclasPelacesDesembMPH_pf_preclas_ppelaces_ptallas_desvR_qrecl_qpela
 63.7794 24.311 0.0420027 0.00179063 321.639 204.783 78.892 0 16.8623 0.000122135 0 0 0 0 0
q_reclas_q_pelaces
0.208871 1
M
0.7
N
 85468.8 21412.5 7971.28 940.446 0.470802
 107491 40015 8005.58 2980.25 351.784
 70077.5 51177.6 16221.6 3245.37 1350.77
 100870 32907.7 19412.7 6153.17 1743.4
 164726 49583.3 15559 9178.44 3733.56
 123211 81616.4 24356.4 7642.9 6342.65
 181049 59732.2 36098.2 10772.6 6185.69
 150504 88564.5 27588.6 16672.8 7832.55
 160329 72455.4 37873.7 11798 10479.5
 141381 76731.8 30116.8 15742.6 9259.85
 69417.5 67942.9 32534.1 12769.5 10601
 41753.8 31994.2 23552.2 11277.9 8101.3
 42742.8 19330.9 11333.8 8343.27 6864.98
 25324.3 19033.7 5677.21 3328.58 4466.45
 20917.5 10443.9 3861.46 1151.76 1581.41
 27945 8864.09 2415.22 892.987 632.064
 24252.1 13051.6 3275.46 892.472 563.537
 27765.5 11526 5245.42 1316.4 585.169
 31809.7 13390.6 4971.38 2262.45 820.183
 55190.1 15411.6 5904.83 2192.22 1359.34
 68964.7 26717.7 6769.63 2593.73 1560.04
 90460.6 33833.2 12512.9 3170.47 1945.36
 148862 44197.8 15536.3 5745.97 2349.21
 182111 72522.2 20015.5 7035.81 3666.01
 81352.2 88809.2 33001.1 9108.05 4869.85
pred_Ctot
 3527.57 3867.89 1439.91 169.879 0.0850442
 3195 5347.09 1069.76 398.242 47.0079
 2748.58 8827.05 2797.88 559.757 232.979
 735.287 1136.43 670.397 212.494 60.2067
 266.721 385.443 120.95 71.3499 29.0233
 2106.45 6460.5 1927.97 604.988 502.064
 1944.95 3015.51 1822.38 543.843 312.277
 3311.46 8919.55 2778.52 1679.16 788.836
 4187.36 8579.08 4484.44 1396.94 1240.82
 3286.19 8140.11 3194.95 1670.06 982.333
 3603.53 15060.8 7211.78 2830.58 2349.9
 2040.74 6724.4 4950.11 2370.34 1702.7
 3194.13 5853.12 3431.71 2526.23 2078.62
 3120.54 8514.29 2539.57 1488.96 1997.96
 2226.25 4190.43 1549.34 462.123 634.513
 1199.7 1659.11 452.061 167.142 118.304
 750.972 1811.66 454.658 123.882 78.2231
 576.362 1098.35 499.852 125.444 55.7625
 557.757 1086 403.186 183.487 66.5179
 999.058 1288.68 493.745 183.307 113.664
 599.494 1096.69 277.875 106.465 64.0352
 1048.95 1839.98 680.5 172.422 105.796
 2030.16 2813.5 988.993 365.771 149.543
 2354.93 4384.59 1210.11 425.375 221.642
 1021.74 5219.44 1939.52 535.292 286.207
F
 0.0588963 0.283836 0.283836 0.283836 0.283836
 0.0421042 0.202911 0.202911 0.202911 0.202911
 0.0558959 0.269377 0.269377 0.269377 0.269377
 0.0101817 0.049068 0.049068 0.049068 0.049068
 0.00225372 0.0108613 0.0108613 0.0108613 0.0108613
 0.0240258 0.115786 0.115786 0.115786 0.115786
 0.0150372 0.0724682 0.0724682 0.0724682 0.0724682
 0.0310159 0.149473 0.149473 0.149473 0.149473
 0.0369117 0.177887 0.177887 0.177887 0.177887
 0.0327908 0.158027 0.158027 0.158027 0.158027
 0.0745856 0.359447 0.359447 0.359447 0.359447
 0.0700865 0.337765 0.337765 0.337765 0.337765
 0.108988 0.525243 0.525243 0.525243 0.525243
 0.185748 0.895168 0.895168 0.895168 0.895168
 0.158578 0.764228 0.764228 0.764228 0.764228
 0.061327 0.295551 0.295551 0.295551 0.295551
 0.0438976 0.211554 0.211554 0.211554 0.211554
 0.0292389 0.14091 0.14091 0.14091 0.14091
 0.0246479 0.118785 0.118785 0.118785 0.118785
 0.0254553 0.122676 0.122676 0.122676 0.122676
 0.0121524 0.0585654 0.0585654 0.0585654 0.0585654
 0.0162398 0.0782639 0.0782639 0.0782639 0.0782639
 0.0191243 0.092165 0.092165 0.092165 0.092165
 0.0181255 0.0873512 0.0873512 0.0873512 0.0873512
 0.0176002 0.0848199 0.0848199 0.0848199 0.0848199
nmprior
 10.6 11 7 0
nm_flota  nm_reclas  nm_pelaces    nm_pelaL
inf 11.9471 21.4453 53.7938
cv_recla  cv_pelaces  cv_mph
0.722379 0.55908 1.37291
 ------------------------------------------------
Talla a la edad & desviación 
 7.2 14.2025 17.0495 18.207 18.6776
 1.08 2.13037 2.55742 2.73105 2.80164
