years
 1997 1998 1999 2000 2001 2002 2003 2004 2005 2006 2007 2008 2009 2010 2011 2012 2013 2014 2015 2016 2017 2018 2019 2020 2021
reclasobs
 0 0 0 370054 412103 1.49427e+06 250295 1.28982e+06 931140 785840 897777 1.04006e+06 184774 17550 25797 100020 73551 82996 120727 218422 84188 347160 605670 569463 516374
reclaspred
 398668 95492.6 216045 163699 291053 338138 761838 547760 697488 753694 618787 416094 259555 116571 77748.2 77169.4 93692.7 122274 122032 184621 279920 253494 436344 533558 500304
pelacesobs
 0 0 0 0 0 0 0 0 0 2.06254e+06 1.5e+06 0 1.87456e+06 323000 250000 174000 83755 137374 0 501740 490994 745055 786931 1.00524e+06 1.33801e+06
pelacespred
 741674 165128 223264 264181 413621 393095 1.0716e+06 891731 1.04992e+06 1.13158e+06 841079 587500 366499 134613 88521.3 94774.1 120576 160356 164420 241123 409520 361927 491828 714312 687736
mphobs
 0 0 0 0 0 112323 0 153150 637223 0 255016 313432 73983 77613 109348 50772 0 0 0 0 0 0 0 0 0
mphpred
 157518 79333.4 80012 73470.8 95201 173721 249759 304295 283225 334139 371960 267965 163798 87223.9 39763.9 32946 39346.5 52380.8 62104.4 68260.7 110546 135309 166763 235622 292062
desembarqueobs
 350755 77701 442110 56441 14545 235359 269955 359681 431902 328805 639364 411747 362871 311530 167758 66681 60226 58785 57116 73181 50977 67692 138656 160484 209506
desembarquepred
 350745 77686.7 441921 56438.3 14545 235380 269973 359594 431826 328744 639254 411797 362916 311666 167678 66676.5 60237.2 58777.8 57104.1 73166.8 50974.1 67678.8 138640 160471 209487
Reclutas
 32571 45453.5 19509.1 42072.8 76721.1 48368.2 87209.7 94844.1 136299 162021 67049.7 37893.9 44899.6 22663.2 16475.8 19023.1 14599.3 15572.2 16349.1 35234.7 42988.9 52094.3 86539.9 93012.7 21128.6
log_desv_Rt
 -0.248823 0.0844442 -0.761361 0.0071557 0.607931 0.146597 0.736071 0.819989 1.18261 1.35548 0.473189 -0.0974549 0.0721845 -0.611503 -0.930352 -0.78659 -1.05127 -0.986759 -0.938069 -0.170214 0.0286978 0.220811 0.728361 0.800492 -0.681618
SSB
 586372 295324 297850 273500 354392 646688 929743 1.13276e+06 1.05432e+06 1.24386e+06 1.38465e+06 997519 609750 324697 148024 122644 146470 194991 231188 254105 411515 503698 620786 877120 1.08722e+06
BT
 1.59221e+06 431766 638687 533064 752298 888172 2.1045e+06 2.00036e+06 2.27388e+06 2.33889e+06 2.074e+06 1.42741e+06 1.01291e+06 540076 300083 224699 265049 334337 343877 491662 774515 711936 976430 1.4111e+06 1.40344e+06
Ftot
 0.511994 0.562242 1.03337 0.245769 0.0379372 0.331967 0.220342 0.415311 0.429079 0.284172 0.49201 0.448615 0.731933 1.28632 1.30447 0.533825 0.388193 0.274931 0.243601 0.265049 0.110782 0.142223 0.172931 0.16848 0.179119
BD_Bspro_t
 0.9337 0.679982 0.583926 0.386906 0.578853 0.762598 0.71161 0.724865 0.679781 0.672912 0.670424 0.520453 0.404717 0.299226 0.182066 0.187885 0.282956 0.427828 0.527951 0.607778 0.733465 0.814216 0.818156 0.821737 0.813462
BD_Bspro
 0.68348 0.344232 0.347177 0.318794 0.413083 0.753785 1.08372 1.32035 1.22893 1.44985 1.61396 1.16272 0.710731 0.37847 0.172538 0.142955 0.170727 0.227283 0.269475 0.296187 0.479666 0.587115 0.723594 1.02238 1.26727
BD_Bo
 0.564349 0.284232 0.286664 0.263228 0.341082 0.622399 0.894824 1.09021 1.01472 1.19714 1.33264 0.960054 0.586849 0.312502 0.142465 0.118037 0.140969 0.187668 0.222505 0.244562 0.396059 0.48478 0.59747 0.844177 1.04639
BD_Brms
 1.91721 0.965595 0.973855 0.894239 1.15873 2.11442 3.0399 3.70368 3.44723 4.06693 4.52726 3.2615 1.99365 1.06163 0.483981 0.400998 0.478901 0.637545 0.755894 0.830826 1.34549 1.6469 2.02973 2.86784 3.55479
S_f
 0.164546 1 1 1 1
 0.164546 1 1 1 1
 0.164546 1 1 1 1
 0.164546 1 1 1 1
 0.164546 1 1 1 1
 0.164546 1 1 1 1
 0.164546 1 1 1 1
 0.164546 1 1 1 1
 0.164546 1 1 1 1
 0.164546 1 1 1 1
 0.164546 1 1 1 1
 0.164546 1 1 1 1
 0.164546 1 1 1 1
 0.164546 1 1 1 1
 0.164546 1 1 1 1
 0.164546 1 1 1 1
 0.164546 1 1 1 1
 0.164546 1 1 1 1
 0.164546 1 1 1 1
 0.164546 1 1 1 1
 0.164546 1 1 1 1
 0.164546 1 1 1 1
 0.164546 1 1 1 1
 0.164546 1 1 1 1
 0.164546 1 1 1 1
Scru_reclas
 1 1 1 1 1
 1 1 1 1 1
 1 1 1 1 1
 1 1 1 1 1
 1 1 1 1 1
 1 1 1 1 1
 1 1 1 1 1
 1 1 1 1 1
 1 1 1 1 1
 1 1 1 1 1
 1 1 1 1 1
 1 1 1 1 1
 1 1 1 1 1
 1 1 1 1 1
 1 1 1 1 1
 1 1 1 1 1
 1 1 1 1 1
 1 1 1 1 1
 1 1 1 1 1
 1 1 1 1 1
 1 1 1 1 1
 1 1 1 1 1
 1 1 1 1 1
 1 1 1 1 1
 1 1 1 1 1
Scru_pelaces
 1 1 1 1 1
 1 1 1 1 1
 1 1 1 1 1
 1 1 1 1 1
 1 1 1 1 1
 1 1 1 1 1
 1 1 1 1 1
 1 1 1 1 1
 1 1 1 1 1
 1 1 1 1 1
 1 1 1 1 1
 1 1 1 1 1
 1 1 1 1 1
 1 1 1 1 1
 1 1 1 1 1
 1 1 1 1 1
 1 1 1 1 1
 1 1 1 1 1
 1 1 1 1 1
 1 1 1 1 1
 1 1 1 1 1
 1 1 1 1 1
 1 1 1 1 1
 1 1 1 1 1
 1 1 1 1 1
pf_obs 
 0.256992 0.487395 0.22802 0.0275931 0
 0.321318 0.546541 0.124235 0.00734118 0.000564706
 0.182869 0.594174 0.210203 0.0122559 0.00049798
 0.330522 0.361315 0.267642 0.0388342 0.00168674
 0.649043 0.306663 0.0425973 0.00169635 0
 0.582887 0.30429 0.105238 0.00758474 0
 0.465427 0.430635 0.0974691 0.00646863 0
 0.296916 0.608066 0.0921331 0.00288517 0
 0.311714 0.524322 0.152257 0.0117073 0
 0.15457 0.633149 0.183074 0.0267441 0.00246327
 0.131901 0.49318 0.331252 0.0422183 0.00144891
 0.196976 0.569456 0.194076 0.0375587 0.00193317
 0.518974 0.381816 0.0799577 0.0180837 0.00116848
 0.0928022 0.601141 0.25162 0.0475244 0.00691264
 0.122501 0.610282 0.24278 0.0234846 0.000952079
 0.383417 0.481906 0.127806 0.00687128 0
 0.0376549 0.599619 0.316969 0.0457579 0
 0.0361596 0.667082 0.258105 0.0386534 0
 0.158088 0.579412 0.248529 0.0139706 0
 0.0477256 0.309471 0.559284 0.082774 0.000745712
 0.0406174 0.521527 0.379366 0.0568643 0.0016247
 0.151134 0.462217 0.34131 0.0453401 0
 0.294876 0.26143 0.354403 0.0886775 0.000613685
 0.281977 0.475581 0.204845 0.0348837 0.00271318
 0.0354234 0.537034 0.353287 0.0723622 0.0018943
pf_pred 
 0.238436 0.528362 0.207596 0.0255955 1.02074e-05
 0.302566 0.494712 0.140646 0.0552603 0.00681602
 0.145499 0.663286 0.135635 0.0385607 0.0170194
 0.370369 0.400254 0.178048 0.0364089 0.0149196
 0.338133 0.529975 0.083843 0.0372965 0.010752
 0.152352 0.643903 0.163145 0.0258098 0.014791
 0.277261 0.405833 0.240733 0.0609942 0.0151792
 0.237872 0.549747 0.119256 0.0707409 0.022384
 0.292964 0.493913 0.153732 0.033349 0.0260416
 0.261335 0.558409 0.125921 0.0391935 0.0151414
 0.108261 0.634189 0.1947 0.0439049 0.0189449
 0.103147 0.433789 0.329323 0.101104 0.0326368
 0.201373 0.371164 0.206755 0.156964 0.0637443
 0.163829 0.574912 0.121421 0.0676368 0.0722013
 0.239723 0.530514 0.157974 0.0333641 0.0384247
 0.310829 0.544202 0.101158 0.0301225 0.0136887
 0.199119 0.625038 0.138854 0.0258107 0.0111785
 0.211614 0.50895 0.218083 0.0484475 0.0129059
 0.205335 0.516786 0.179388 0.0768666 0.021625
 0.342825 0.419347 0.154664 0.0536871 0.0294766
 0.255993 0.582164 0.103273 0.0380892 0.0204808
 0.228507 0.530621 0.188476 0.0334347 0.0189621
 0.283068 0.47182 0.168584 0.0598809 0.016647
 0.219624 0.563845 0.142501 0.0509166 0.0231133
 0.050894 0.616337 0.240435 0.0607656 0.0315679
pobs_RECLAS
 0 0 0 0 0
 0 0 0 0 0
 0 0 0 0 0
 0 0 0 0 0
 0.835266 0.146461 0.0176864 0.000547809 3.91292e-05
 0.385257 0.428462 0.181853 0.0044286 0
 0.867414 0.0963971 0.0333333 0.00285562 0
 0.441836 0.489002 0.0689373 0.000224442 0
 0.779404 0.147425 0.0564933 0.0165055 0.000172143
 0.814271 0.122319 0.05973 0.00367925 0
 0.40263 0.566651 0.0304383 0.000280538 0
 0.475488 0.404961 0.113038 0.00651328 0
 0.955842 0.0263864 0.0167828 0.000988607 0
 0.975058 0.0227948 0.00214734 0 0
 0.738997 0.206755 0.0527124 0.00153531 0
 0.850938 0.134255 0.0134407 0.00136685 0
 0.542534 0.407297 0.0501686 0 0
 0.764087 0.199537 0.0359546 0.000420521 0
 0.470689 0.182191 0.310203 0.0369168 0
 0.84361 0.089868 0.0606195 0.00523954 0.000663233
 0.607945 0.314616 0.071237 0.00620181 0
 0.523733 0.453247 0.0230204 0 0
 0.530135 0.295979 0.169645 0.0042399 0
 0.562478 0.366248 0.0663022 0.0049721 0
 0.250443 0.683176 0.0655157 0.000865301 0
ppred_RECLAS
 0.663352 0.233562 0.0917674 0.0113144 4.51218e-06
 0.732814 0.189524 0.0538812 0.0211702 0.00261121
 0.531226 0.363875 0.0744084 0.0211542 0.00933674
 0.78384 0.137412 0.0611262 0.0124996 0.00512207
 0.756729 0.194794 0.0308167 0.0137085 0.00395193
 0.527139 0.359202 0.0910104 0.014398 0.00825117
 0.702459 0.167075 0.0991064 0.0251104 0.00624908
 0.660832 0.244652 0.0530723 0.0314816 0.00996149
 0.721412 0.194613 0.060574 0.0131403 0.010261
 0.686203 0.237221 0.0534934 0.01665 0.00643232
 0.432703 0.403452 0.123862 0.027931 0.0120522
 0.418576 0.281222 0.213498 0.0655452 0.0211582
 0.618446 0.177329 0.0987798 0.0749914 0.0304547
 0.574312 0.292683 0.0618145 0.0344334 0.0367572
 0.685224 0.219648 0.0654058 0.0138137 0.0159089
 0.739858 0.20542 0.0381844 0.0113704 0.00516708
 0.607644 0.30621 0.0680252 0.0126448 0.0054764
 0.623773 0.242877 0.104071 0.0231197 0.00615884
 0.614293 0.250833 0.0870694 0.0373088 0.0104961
 0.763038 0.151207 0.0557682 0.0193584 0.0106286
 0.677761 0.252142 0.0447288 0.0164969 0.00887049
 0.64462 0.244425 0.0868194 0.0154013 0.00873468
 0.707817 0.192288 0.0687058 0.0244042 0.00678443
 0.6332 0.265024 0.0669799 0.0239323 0.010864
 0.24763 0.488579 0.190596 0.0481697 0.0250243
pobs_PELACES
 0 0 0 0 0
 0 0 0 0 0
 0 0 0 0 0
 0 0 0 0 0
 0 0 0 0 0
 0 0 0 0 0
 0 0 0 0 0
 0 0 0 0 0
 0 0 0 0 0
 0 0 0 0 0
 0.450072 0.473896 0.0757376 0.000293798 0
 0 0 0 0 0
 0.463077 0.371075 0.160297 0.00555027 0
 0.529543 0.364841 0.0842815 0.0213345 0
 0.631943 0.363953 0.00410389 0 0
 0.735681 0.248677 0.0153453 0.000297389 0
 0.695825 0.281241 0.0229344 0 0
 0.275771 0.60734 0.115278 0.00161068 0
 0 0 0 0 0
 0.896147 0.0623911 0.0374545 0.00400742 0
 0.803859 0.145111 0.0509908 3.86294e-05 0
 0.739449 0.233085 0.0266225 0.000797448 4.60066e-05
 0.878498 0.100942 0.0204185 0.000141795 0
 0.694673 0.275183 0.0284847 0.00165964 0
 0.469039 0.446079 0.0841089 0.000773354 0
ppred_PELACES
 0.694114 0.212219 0.0833819 0.0102806 4.09987e-06
 0.762051 0.168785 0.0479853 0.0188536 0.00232548
 0.60108 0.309652 0.0633205 0.0180019 0.00794544
 0.7951 0.130254 0.0579421 0.0118485 0.00485526
 0.758649 0.193256 0.0305735 0.0136002 0.00392074
 0.54988 0.341927 0.0866334 0.0137056 0.00785435
 0.714998 0.160035 0.0949299 0.0240522 0.00598573
 0.686005 0.226495 0.0491334 0.0291451 0.00922217
 0.744553 0.178447 0.0555422 0.0120487 0.00940862
 0.702822 0.224658 0.0506603 0.0157682 0.00609165
 0.466255 0.37959 0.116537 0.026279 0.0113394
 0.448944 0.266534 0.202347 0.0621217 0.0200531
 0.664798 0.155786 0.0867797 0.0658812 0.0267549
 0.657935 0.235188 0.0496715 0.0276692 0.0295365
 0.757225 0.169406 0.050445 0.010654 0.0122699
 0.767171 0.183853 0.0341753 0.0101766 0.00462458
 0.632845 0.286542 0.0636558 0.0118326 0.00512464
 0.641388 0.231505 0.0991988 0.0220372 0.00587049
 0.630079 0.240567 0.0835059 0.0357819 0.0100666
 0.775996 0.142939 0.0527187 0.0182998 0.0100474
 0.684395 0.246952 0.043808 0.0161573 0.00868788
 0.65355 0.238282 0.0846376 0.0150143 0.00851517
 0.717579 0.185864 0.0664104 0.0235889 0.00655777
 0.64392 0.257279 0.0650224 0.0232329 0.0105465
 0.256945 0.48253 0.188237 0.0475733 0.0247145
pobs_pel_tallas
 0 0 0 0 0 0 0 0 0 0 0 0 0 0 0 0 0 0 0 0 0 0 0 0 0 0 0 0 0 0 0 0 0 0 0 0
 0 0 0 0 0 0 0 0 0 0 0 0 0 0 0 0 0 0 0 0 0 0 0 0 0 0 0 0 0 0 0 0 0 0 0 0
 0 0 0 0 0 0 0 0 0 0 0 0 0 0 0 0 0 0 0 0 0 0 0 0 0 0 0 0 0 0 0 0 0 0 0 0
 0 0 0 0 0 0 0 0 0 0 0 0 0 0 0 0 0 0 0 0 0 0 0 0 0 0 0 0 0 0 0 0 0 0 0 0
 0 0 0 0 0 0 0 0 0 0 0 0 0 0 0 0 0 0 0 0 0 0 0 0 0 0 0 0 0 0 0 0 0 0 0 0
 0 0 0 0 0 0 0 0 0 0 0 0 0 0 0 0 0 0 0 0 0 0 0 0 0 0 0 0 0 0 0 0 0 0 0 0
 0 0 0 0 0 0 0 0 0 0 0 0 0 0 0 0 0 0 0 0 0 0 0 0 0 0 0 0 0 0 0 0 0 0 0 0
 0 0 0 0 0 0 0 0 0 0 0 0 0 0 0 0 0 0 0 0 0 0 0 0 0 0 0 0 0 0 0 0 0 0 0 0
 0 0 0 0 0 0 0 0 0 0 0 0 0 0 0 0 0 0 0 0 0 0 0 0 0 0 0 0 0 0 0 0 0 0 0 0
 0 0 0 0 0 0 0 0 0 0 0 0 0 0 0 0 0 0 0 0 0 0 0 0 0 0 0 0 0 0 0 0 0 0 0 0
 0 0 0 0 0 0 0 0 1.78061e-05 0.00172719 0.00360574 0.0105946 0.0120993 0.0124554 0.0147524 0.0171206 0.0266825 0.0428682 0.0675386 0.121331 0.153587 0.119568 0.100827 0.0573624 0.0630603 0.0341343 0.0324427 0.0444173 0.0211091 0.0280891 0.0125444 0.00206551 0 0 0 0
 0 0 0 0 0 0 0 0 0 0 0 0 0 0 0 0 0 0 0 0 0 0 0 0 0 0 0 0 0 0 0 0 0 0 0 0
 0 0 0 0 0 0 0.0133647 0.0140871 0.0187388 0.0205184 0.03894 0.0496705 0.03968 0.0493445 0.0407372 0.0367815 0.0215668 0.0243155 0.0234873 0.0199281 0.019796 0.0243948 0.0301388 0.0376714 0.0412746 0.0863199 0.0771752 0.113111 0.0741005 0.0525337 0.0229764 0.00759418 0.00175318 0 0 0
 0 0 0 0 0 0 0 0 0 0 0.00219441 0.00772107 0.0458388 0.0604681 0.0671733 0.0775358 0.0609151 0.0617685 0.073594 0.0568108 0.0755445 0.0548602 0.0670107 0.0636378 0.0643287 0.046367 0.0373049 0.0286899 0.0247887 0.0153202 0.00654259 0.00121912 0.000365735 0 0 0
 0 0 0 0 0 0 0 0 0 0 0 0 0.000112435 0.00938835 0.0111873 0.0202946 0.0414886 0.0713402 0.111592 0.104902 0.108894 0.110636 0.117776 0.105296 0.107544 0.0401394 0.0192827 0.0124803 0.00416011 0.0028671 0.000618394 0 0 0 0 0
 0 0 0 0 0 0 0 0 0 0 0.00291406 0.0102884 0.027416 0.0768956 0.0749926 0.110853 0.0956884 0.0897413 0.0766577 0.0534642 0.0500743 0.0551293 0.0594112 0.0620874 0.0668451 0.0424026 0.0208742 0.0120726 0.0048766 0.00582813 0.00118941 0.000297354 0 0 0 0
 0 0.00264628 0.0354308 0.0461629 0.0458689 0.0383711 0.0214643 0.0164657 0.0346957 0.0420465 0.0363128 0.0245516 0.0311673 0.0291091 0.0169068 0.0133784 0.00837989 0.0085269 0.0148486 0.0160247 0.0276389 0.0546898 0.0760071 0.122758 0.109233 0.0665981 0.0333725 0.0166128 0.00676272 0.00308733 0.000882094 0 0 0 0 0
 0 0 0 0 0 0 0 0.000805153 0.000690131 0.00759144 0.0133425 0.0154129 0.00931677 0.000345066 0.00356568 0.00563607 0.00851162 0.0253048 0.0502646 0.0516448 0.0657925 0.0565908 0.0611916 0.0827007 0.0866115 0.110766 0.145733 0.0935128 0.0569358 0.0249597 0.0138026 0.00621118 0.00161031 0.00115022 0 0
 0 0 0 0 0 0 0 0 0 0 0 0 0 0 0 0 0 0 0 0 0 0 0 0 0 0 0 0 0 0 0 0 0 0 0 0
 0.00147267 0.00158595 0.00478618 0.00569244 0.00954404 0.0108468 0.00647125 0.017049 0.0510054 0.094081 0.124002 0.0959785 0.0687766 0.0820023 0.061753 0.0591476 0.0492212 0.0479892 0.0443925 0.0268479 0.0217502 0.0140895 0.0121071 0.0120363 0.00920419 0.00665534 0.0049561 0.00860946 0.00930331 0.0156896 0.0114698 0.00855282 0.00243557 0.00046729 0 2.83206e-05
 0 0 0 0 0.000772559 0.00158375 0.000888443 0.00281984 0.00712685 0.0440552 0.0773331 0.111326 0.0921469 0.0852325 0.0710754 0.0886704 0.0786465 0.0553345 0.0373146 0.0185414 0.00753245 0.00457741 0.012979 0.0271748 0.0457355 0.0583668 0.034881 0.0177882 0.00938659 0.00492506 0.0015258 0.00185414 0.000309023 5.79419e-05 3.86279e-05 0
 0 0.00173294 0.00326652 0 0.00397197 0.00683976 0.00946217 0.0152591 0.00757587 0.0136028 0.0228656 0.0392903 0.0559909 0.0764795 0.0681675 0.0726916 0.0566044 0.0477403 0.0527397 0.0444891 0.0609904 0.0582453 0.0661739 0.0445044 0.0529084 0.0360697 0.0280645 0.0235558 0.0158879 0.00826598 0.00280645 0.00217768 0.000904811 0.00058276 9.20147e-05 0
 0 0 0 0 0 0 0 0 0 0 0 0 0 0 0 0 0 0 0 0 0 0 0 0 0 0 0 0 0 0 0 0 0 0 0 0
 0 0 0 0 0 0 0 0 0 0 0 0 0 0 0 0 0 0 0 0 0 0 0 0 0 0 0 0 0 0 0 0 0 0 0 0
 0 0 0 0 0 0 0 0 0 0 0 0 0 0 0 0 0 0 0 0 0 0 0 0 0 0 0 0 0 0 0 0 0 0 0 0
ppred_pel_tallas
 1.01607e-16 3.02881e-05 0.000177759 0.00084497 0.00325315 0.0101446 0.0256246 0.0524317 0.0869131 0.116727 0.127036 0.112086 0.0803044 0.0470066 0.0230761 0.0106152 0.00634556 0.00639584 0.00838441 0.0112392 0.0144722 0.0177323 0.0206692 0.0229497 0.0243194 0.0246556 0.02399 0.0224886 0.0204018 0.0180009 0.0155232 0.0131399 0.0109505 0.0089959 0.00728083 0.00579376
 1.01493e-16 3.32485e-05 0.000195144 0.000927629 0.00357143 0.0111372 0.0281316 0.0575609 0.0954135 0.128137 0.139437 0.122989 0.0880313 0.0513584 0.0248929 0.0109108 0.00578088 0.0052278 0.00662959 0.00882937 0.0113444 0.0138735 0.016136 0.0178707 0.0188819 0.0190815 0.0185044 0.017292 0.0156502 0.0137969 0.011918 0.0101415 0.00853438 0.00711511 0.0058738 0.00479043
 1.0199e-16 2.62352e-05 0.000153956 0.00073179 0.00281735 0.00878557 0.0221918 0.0454088 0.0752754 0.101108 0.110067 0.0971856 0.0697831 0.0411586 0.0207836 0.010533 0.00762073 0.0087294 0.0117952 0.0158341 0.0203056 0.0247339 0.0286161 0.0314781 0.032971 0.0329508 0.0315069 0.0289285 0.0256242 0.0220218 0.018482 0.015249 0.0124422 0.0100803 0.008121 0.00649831
 1.015e-16 3.46881e-05 0.000203599 0.000967832 0.00372623 0.0116199 0.029351 0.0600556 0.0995473 0.133685 0.145463 0.128279 0.091762 0.0534231 0.0256848 0.0109026 0.00526917 0.00431183 0.0052965 0.00703754 0.00907537 0.0111592 0.0130693 0.0146004 0.0155939 0.0159691 0.0157369 0.014988 0.0138634 0.0125167 0.0110828 0.00965898 0.00830323 0.00704231 0.00588525 0.00483464
 1.01148e-16 3.31012e-05 0.000194277 0.000923501 0.00355553 0.0110876 0.0280064 0.0573049 0.0949897 0.12757 0.138825 0.122463 0.0876823 0.0512109 0.0249257 0.0111014 0.00613066 0.00576062 0.0073761 0.00980918 0.0125507 0.0152623 0.017623 0.019337 0.0201899 0.0200968 0.01912 0.017447 0.0153395 0.0130695 0.0108646 0.00887678 0.00717721 0.00577201 0.00462781 0.00369633
 1.0218e-16 2.4004e-05 0.000140854 0.000669494 0.00257748 0.00803754 0.0203024 0.0415432 0.0688691 0.0925092 0.100721 0.0889679 0.0639585 0.0378765 0.0194102 0.010303 0.00803469 0.00959184 0.0130916 0.0176141 0.0226151 0.0275822 0.0319616 0.0352265 0.0369855 0.0370705 0.0355695 0.0327908 0.0291763 0.0251926 0.0212369 0.0175828 0.014371 0.0116343 0.00933866 0.00742316
 1.02506e-16 3.11966e-05 0.000183097 0.00087036 0.00335093 0.0104496 0.0263948 0.0540072 0.089523 0.120227 0.130831 0.115404 0.0826124 0.0482189 0.0234139 0.0103392 0.00559653 0.00518557 0.00665895 0.00894449 0.0116011 0.0143539 0.0169404 0.0191065 0.0206483 0.0214505 0.021504 0.0208937 0.0197655 0.0182843 0.0165984 0.0148206 0.0130257 0.0112605 0.0095578 0.00794659
 1.02204e-16 2.99349e-05 0.000175685 0.000835106 0.00321517 0.0100262 0.0253254 0.0518197 0.085899 0.115366 0.125558 0.110791 0.0793938 0.0465087 0.0228966 0.0106404 0.00650479 0.00666515 0.00876419 0.011732 0.0150686 0.018405 0.0213723 0.0236249 0.0249067 0.0251072 0.0242829 0.0226323 0.0204383 0.0179963 0.0155539 0.0132762 0.0112426 0.00946513 0.00791777 0.00656305
 1.01701e-16 3.2486e-05 0.000190666 0.000906339 0.00348945 0.0108815 0.0274859 0.0562399 0.093224 0.125198 0.136242 0.12018 0.0860382 0.0502318 0.0244147 0.0108173 0.00589872 0.00548706 0.00702228 0.00937008 0.012048 0.0147445 0.0171642 0.0190305 0.0201356 0.0203842 0.0198109 0.0185625 0.016854 0.0149138 0.012937 0.0110587 0.00935035 0.00783285 0.0064975 0.00532508
 1.01619e-16 3.06682e-05 0.00017999 0.000855573 0.00329397 0.0102719 0.0259461 0.0530898 0.0880041 0.118193 0.128632 0.113499 0.0813239 0.0476182 0.0234034 0.0108092 0.00651634 0.00660252 0.00865015 0.0115632 0.0148329 0.0180874 0.0209578 0.0230986 0.024255 0.0243191 0.0233508 0.0215542 0.0192194 0.0166512 0.0141071 0.0117617 0.00970213 0.00794442 0.00646229 0.00521344
 1.03211e-16 2.03592e-05 0.000119452 0.000567738 0.00218568 0.00681572 0.0172163 0.035229 0.0584044 0.0784611 0.0854485 0.0755317 0.0544173 0.0324635 0.0170745 0.00977294 0.00846706 0.0106371 0.0146977 0.0198427 0.0255395 0.0312404 0.0363367 0.0402423 0.0425152 0.0429542 0.041636 0.0388774 0.0351419 0.0309225 0.0266412 0.0225917 0.0189306 0.0157046 0.0128951 0.0104582
 1.06031e-16 1.95999e-05 0.000115005 0.000546616 0.0021044 0.00656226 0.0165759 0.033918 0.0562284 0.0755302 0.0822365 0.0726448 0.0522341 0.0309553 0.0159088 0.00852989 0.00677985 0.00822729 0.0113746 0.0155206 0.0202764 0.0252759 0.0301036 0.0343357 0.0376164 0.0397224 0.0405925 0.040312 0.0390637 0.0370667 0.0345248 0.0316017 0.0284209 0.025082 0.0216795 0.0183137
 1.04797e-16 2.90073e-05 0.000170245 0.000809262 0.00311569 0.00971597 0.0245418 0.0502158 0.0832386 0.111788 0.121651 0.107312 0.0768332 0.044873 0.021841 0.00973524 0.00540394 0.00513669 0.00666721 0.00900707 0.0117528 0.0146532 0.0174652 0.0199507 0.0219142 0.0232379 0.0238967 0.0239453 0.0234872 0.0226371 0.0214915 0.0201162 0.0185507 0.0168231 0.0149661 0.0130273
 1.03113e-16 2.87112e-05 0.0001685 0.000800947 0.00308365 0.00961604 0.0242894 0.0497001 0.082386 0.11065 0.12043 0.106276 0.0761825 0.0446755 0.0220837 0.0104138 0.00657208 0.00689808 0.00913396 0.0122496 0.0157532 0.0192707 0.022424 0.0248573 0.0263067 0.0266579 0.0259667 0.0244338 0.0223438 0.0199919 0.0176217 0.0153912 0.0133709 0.0115647 0.0099419 0.00846505
 1.01711e-16 3.30382e-05 0.000193909 0.000921756 0.00354882 0.0110667 0.0279535 0.0571965 0.0948095 0.127326 0.138555 0.122213 0.0874778 0.0510406 0.0247484 0.0108639 0.00577999 0.00524942 0.0066675 0.00888474 0.0114207 0.0139747 0.0162657 0.0180319 0.019077 0.0193119 0.0187708 0.0175942 0.0159867 0.0141648 0.0123127 0.0105567 0.00896207 0.00754588 0.00629752 0.00519697
 1.01111e-16 3.34724e-05 0.000196457 0.000933868 0.00359544 0.0112121 0.0283208 0.0579481 0.0960556 0.129 0.140379 0.123827 0.0886453 0.0517453 0.0251335 0.0111052 0.00600817 0.00553863 0.00705254 0.00937423 0.0119999 0.0146034 0.0168781 0.0185417 0.0193884 0.0193347 0.0184367 0.0168694 0.0148789 0.0127219 0.0106146 0.00870229 0.00705512 0.00568216 0.00455529 0.00363202
 1.01644e-16 2.76194e-05 0.000162085 0.000770439 0.00296616 0.00924965 0.023364 0.0478071 0.0792498 0.106443 0.115865 0.102282 0.073393 0.0431879 0.0216237 0.0106564 0.00733471 0.00815342 0.010938 0.0146674 0.0188073 0.0229084 0.0265029 0.02915 0.030525 0.0304924 0.0291333 0.0267145 0.0236145 0.0202313 0.0169023 0.0138581 0.0112142 0.00899298 0.00715871 0.00565213
 1.02516e-16 2.79898e-05 0.000164264 0.00078081 0.00300611 0.00937424 0.0236787 0.0484505 0.0803147 0.107869 0.117404 0.10361 0.0742802 0.0435779 0.0215756 0.0102343 0.00654448 0.00694479 0.00924177 0.0124377 0.0160568 0.0197333 0.0230908 0.0257669 0.0274812 0.0280927 0.0276238 0.0262399 0.0241956 0.0217681 0.0191996 0.0166651 0.0142675 0.0120529 0.0100347 0.00821398
 1.02964e-16 2.74969e-05 0.00016137 0.00076705 0.00295313 0.00920902 0.0232614 0.0475966 0.0788997 0.105969 0.11534 0.101796 0.0729946 0.0428546 0.0212748 0.010187 0.00663961 0.00713732 0.00952479 0.012816 0.016532 0.020297 0.0237231 0.0264391 0.0281611 0.0287519 0.0282447 0.0268196 0.0247464 0.0223134 0.0197666 0.0172772 0.0149375 0.0127796 0.0108029 0.00899819
 1.01894e-16 3.38556e-05 0.00019871 0.000944588 0.00363673 0.0113408 0.028646 0.0586132 0.0971569 0.130476 0.141975 0.125213 0.0895882 0.0521973 0.0251701 0.0108124 0.00541538 0.00461897 0.00575538 0.00766163 0.00987583 0.0121334 0.0141966 0.0158436 0.0169046 0.0172967 0.0170372 0.0162303 0.0150335 0.0136152 0.0121196 0.0106469 0.00925178 0.00795412 0.00675519 0.00565156
 1.01664e-16 2.98656e-05 0.000175276 0.000833157 0.00320766 0.0100028 0.0252663 0.0516989 0.0856993 0.1151 0.125273 0.11055 0.079245 0.0464693 0.0229658 0.0108202 0.00681153 0.00712751 0.00941273 0.0125865 0.0161262 0.0196306 0.0226956 0.0249438 0.0260999 0.0260525 0.0248769 0.0228078 0.0201742 0.0173185 0.014528 0.0119944 0.00980857 0.00798005 0.00646952 0.00521967
 1.02193e-16 2.85203e-05 0.000167378 0.000795615 0.00306311 0.009552 0.0241277 0.0493692 0.0818377 0.109914 0.11963 0.105575 0.0756886 0.0444038 0.0219832 0.0104242 0.00665809 0.00705312 0.00936961 0.0125848 0.016207 0.0198563 0.0231441 0.0256997 0.0272413 0.0276358 0.0269225 0.0252902 0.0230203 0.0204145 0.0177331 0.0151601 0.0127972 0.0106809 0.00880847 0.00716241
 1.02121e-16 3.13101e-05 0.000183762 0.000873514 0.00336306 0.0104874 0.0264903 0.0542029 0.0898481 0.120666 0.131314 0.115841 0.0829522 0.0484703 0.0236342 0.0106013 0.00596754 0.00571968 0.00739463 0.00989796 0.0127565 0.0156549 0.0182882 0.020368 0.021674 0.0220999 0.0216718 0.0205298 0.0188844 0.0169613 0.014954 0.0129982 0.0111684 0.00949167 0.00796856 0.00659132
 1.02298e-16 2.81011e-05 0.000164916 0.000783902 0.00301801 0.00941134 0.0237724 0.0486424 0.0806336 0.108299 0.117877 0.10404 0.0746134 0.0438243 0.0217913 0.0104906 0.00690657 0.00746483 0.00995592 0.0133596 0.017168 0.0209753 0.0243637 0.0269384 0.028405 0.0286346 0.0276875 0.0257866 0.0232523 0.020422 0.0175808 0.0149225 0.0125444 0.0104674 0.00866779 0.0071066
 1.05619e-16 1.12366e-05 6.58847e-05 0.000313051 0.00120504 0.00375759 0.00949183 0.019425 0.0322125 0.0433007 0.0472258 0.0419089 0.0305509 0.018943 0.0112778 0.00852842 0.00967839 0.0134443 0.0189839 0.0257697 0.0332878 0.0408889 0.0478115 0.0533087 0.056804 0.0580139 0.0569965 0.0541065 0.049882 0.0449031 0.0396708 0.0345397 0.0297095 0.0252595 0.0212009 0.0175228
pSPR Fmed_Fpbrs
0.617039   0.34436 0.34436
Fs Fmed_Fpbrs
0.328867   1.005 1.005
SSBpbr Bo_Bmed_Bpbrs
1.03902e+06  589167  305847 305847
Ro
41772.8
SPR SPRFo_SPRFmed_SPRFpbrs
857920 529371 295433
log_Ro
10.46
likeval ReclasPelacesDesembMPH_pf_preclas_ppelaces_ptallas_desvR_qrecl_qpela
 71.7046 42.225 0.00518291 0.000167088 313.505 193.378 77.6878 0 17.0278 4.33258e-05 0 0 0 0 0
q_reclas_q_pelaces
0.393478 1
M
0.7
N
 32571 14202.8 5580.32 688.025 0.274383
 45453.5 14867.5 4226.79 1660.72 204.84
 19509.1 20577 4207.77 1196.26 527.99
 42072.8 8173.08 3635.69 743.46 304.653
 76721.1 20064.7 3174.26 1412.03 407.067
 48368.2 37861.5 9592.9 1517.61 869.71
 87209.7 22742.1 13490.2 3418 850.616
 94844.1 41765 9060.06 5374.28 1700.54
 136299 43987.1 13691.1 2970.01 2319.22
 162021 63070.4 14222.4 4426.77 1710.17
 67049.7 76781.6 23572.4 5315.59 2293.67
 37893.9 30706.5 23311.7 7156.84 2310.25
 44899.6 17478.5 9736.29 7391.57 3001.78
 22663.2 19766.6 4174.69 2325.48 2482.42
 16475.8 9107.35 2711.95 572.762 659.639
 19023.1 6601.18 1227.05 365.387 166.044
 14599.3 8652.21 1922.11 357.289 154.74
 15572.2 6801.2 2914.28 647.413 172.464
 16349.1 7390.88 2565.54 1099.32 309.273
 35234.7 7799.75 2876.71 998.567 548.257
 42988.9 16750.3 2971.43 1095.92 589.285
 52094.3 20962.1 7445.7 1320.83 749.092
 86539.9 25270.9 9029.45 3207.25 891.623
 93012.7 41768.8 10556.3 3771.83 1712.2
 21128.6 44925.9 17525.7 4429.3 2301.04
pred_Ctot
 1901.78 4214.24 1655.79 204.151 0.081415
 2903.97 4748.16 1349.89 530.378 65.4189
 2215.49 10099.8 2065.3 587.16 259.153
 1202.01 1299 577.845 118.163 48.4206
 343.477 538.351 85.168 37.886 10.9219
 1854.96 7839.82 1986.36 314.246 180.087
 2237.9 3275.66 1943.07 492.313 122.519
 4523.35 10453.9 2267.77 1345.2 425.653
 6709.32 11311.4 3520.7 763.742 596.391
 5337.39 11404.7 2571.77 800.472 309.242
 3767.53 22070.1 6775.65 1527.91 659.291
 1947.51 8190.34 6217.93 1908.94 616.213
 3689.43 6800.25 3788.04 2875.79 1167.88
 3147.26 11044.4 2332.57 1299.34 1387.03
 2317.34 5128.34 1527.1 322.522 371.442
 1156.29 2024.44 376.311 112.056 50.9221
 652.084 2046.91 454.725 84.526 36.6078
 496.637 1194.46 511.819 113.702 30.289
 463.045 1165.39 404.531 173.339 48.7658
 1084.11 1326.09 489.089 169.774 93.2131
 559.047 1271.35 225.531 83.1805 44.7267
 867.743 2015.01 715.728 126.967 72.0076
 1748.86 2915.02 1041.55 369.959 102.85
 1831.88 4703.02 1188.6 424.694 192.788
 442.062 5353.47 2088.41 527.806 274.197
F
 0.0842467 0.511994 0.511994 0.511994 0.511994
 0.0925149 0.562242 0.562242 0.562242 0.562242
 0.170038 1.03337 1.03337 1.03337 1.03337
 0.0404405 0.245769 0.245769 0.245769 0.245769
 0.00624243 0.0379372 0.0379372 0.0379372 0.0379372
 0.054624 0.331967 0.331967 0.331967 0.331967
 0.0362565 0.220342 0.220342 0.220342 0.220342
 0.068338 0.415311 0.415311 0.415311 0.415311
 0.0706034 0.429079 0.429079 0.429079 0.429079
 0.0467596 0.284172 0.284172 0.284172 0.284172
 0.0809585 0.49201 0.49201 0.49201 0.49201
 0.073818 0.448615 0.448615 0.448615 0.448615
 0.120437 0.731933 0.731933 0.731933 0.731933
 0.21166 1.28632 1.28632 1.28632 1.28632
 0.214645 1.30447 1.30447 1.30447 1.30447
 0.087839 0.533825 0.533825 0.533825 0.533825
 0.0638758 0.388193 0.388193 0.388193 0.388193
 0.0452389 0.274931 0.274931 0.274931 0.274931
 0.0400838 0.243601 0.243601 0.243601 0.243601
 0.0436129 0.265049 0.265049 0.265049 0.265049
 0.0182288 0.110782 0.110782 0.110782 0.110782
 0.0234022 0.142223 0.142223 0.142223 0.142223
 0.0284552 0.172931 0.172931 0.172931 0.172931
 0.0277228 0.16848 0.16848 0.16848 0.16848
 0.0294733 0.179119 0.179119 0.179119 0.179119
nmprior
 10.6 11 7 0
nm_flota  nm_reclas  nm_pelaces    nm_pelaL
inf 17.587 19.8048 48.5066
cv_recla  cv_pelaces  cv_mph
0.765947 0.736812 0.419384
 ------------------------------------------------
Talla a la edad & desviación 
 7.2 14.2025 17.0495 18.207 18.6776
 1.08 2.13037 2.55742 2.73105 2.80164
