years
 1997 1998 1999 2000 2001 2002 2003 2004 2005 2006 2007 2008 2009 2010 2011 2012 2013 2014 2015 2016 2017 2018 2019 2020 2021
reclasobs
 0 0 0 370054 412103 1.49427e+06 250295 1.28982e+06 931140 785840 897777 1.04006e+06 184774 17550 25797 100020 73551 82996 120727 218422 84188 347160 605670 569463 516374
reclaspred
 799717 196578 571823 181908 216136 259625 484820 495704 529249 1.13318e+06 1.39047e+06 851990 463986 219128 128474 108377 118195 144166 114833 198965 407650 352028 495592 580377 492676
pelacesobs
 0 0 0 0 0 0 0 0 0 2.06254e+06 1.5e+06 0 1.87456e+06 323000 250000 174000 83755 137374 0 501740 490994 745055 786931 1.00524e+06 1.33801e+06
pelacespred
 337619 135424 150069 128321 128313 104633 249985 282087 268669 646139 712242 450047 256255 96787.4 53520.8 51050.8 58195.1 70676.7 58826.4 98937.9 219491 212390 223572 295573 245550
mphobs
 0 0 0 0 0 112323 0 153150 637223 0 255016 313432 73983 77613 109348 50772 0 0 0 0 0 0 0 0 0
mphpred
 680636 218685 383560 243389 138789 265096 284159 427546 498390 586672 1.43929e+06 930273 499815 293570 126074 96207.4 93517.6 120400 115775 110711 289893 359708 353630 473129 512666
desembarqueobs
 350755 77701 442110 56441 14545 235359 269955 359681 431902 328805 639364 411747 362871 311530 167758 66681 60226 58785 57116 73181 50977 67692 138656 160484 209506
desembarquepred
 350893 77686.6 441204 56276 14530.8 234806 270123 358969 431080 328419 638262 411386 362043 310793 167344 66726.1 60132.4 58609.1 57012.3 73209.5 50922.2 67581.8 138443 160256 209164
Reclutas
 2724.53 88632.5 432.472 3165.95 42045.4 19556.7 52475.5 85330.9 57624.5 285704 31862.1 17221.8 60710.4 24586.2 17611.3 12873 12380.2 8692.84 6310.05 37292.1 31975.9 23366.1 58239.8 50229.4 549.21
log_desv_Rt
 -1.94995 1.53225 -3.79048 -1.79979 0.786505 0.0210747 1.0081 1.49429 1.1017 2.70271 0.509173 -0.106068 1.15387 0.249942 -0.0837037 -0.397116 -0.43615 -0.789745 -1.1101 0.666538 0.512738 0.19904 1.11232 0.964355 -3.55152
SSB
 680636 218685 383560 243389 138789 265096 284159 427546 498390 586672 1.43929e+06 930273 499815 293570 126074 96207.4 93517.6 120400 115775 110711 289893 359708 353630 473129 512666
BT
 887869 398106 486239 301678 350597 388993 962823 1.11489e+06 1.0563e+06 2.24697e+06 1.91638e+06 1.22383e+06 962930 503514 273989 169219 190111 202770 168553 337807 558403 475340 589724 770028 615638
Ftot
 0.416921 0.380298 0.711173 0.297064 0.0656881 0.82717 0.52973 0.6817 0.756366 0.280614 0.435773 0.457408 0.72604 1.23863 1.16118 0.579654 0.483774 0.388515 0.470671 0.354431 0.121606 0.186 0.269388 0.266263 0.403765
BD_Bspro_t
 0.935903 0.645793 0.651332 0.355905 0.347666 0.55691 0.437474 0.503152 0.484673 0.482953 0.656924 0.475518 0.339949 0.26551 0.153214 0.143067 0.183584 0.290548 0.333178 0.385021 0.631684 0.726435 0.696917 0.691433 0.646602
BD_Bspro
 1.73068 0.55606 0.975295 0.618877 0.352906 0.674073 0.722544 1.08714 1.26728 1.49176 3.65976 2.36545 1.2709 0.746475 0.320574 0.244631 0.237791 0.306146 0.294385 0.28151 0.737125 0.914646 0.899191 1.20305 1.30358
BD_Bo
 0.783462 0.251722 0.441505 0.280159 0.159757 0.305145 0.327088 0.492137 0.573684 0.675301 1.65673 1.07081 0.575323 0.337921 0.14512 0.110742 0.107646 0.138589 0.133265 0.127436 0.333688 0.41405 0.407054 0.544606 0.590116
BD_Brms
 3.81057 1.22432 2.14738 1.36263 0.777019 1.48416 1.59088 2.39364 2.79026 3.28451 8.05796 5.20818 2.79824 1.64357 0.705831 0.538622 0.523563 0.674063 0.64817 0.61982 1.62298 2.01384 1.97981 2.64883 2.87019
S_f
 0.5 1 1 1 1
 0.5 1 1 1 1
 0.5 1 1 1 1
 0.5 1 1 1 1
 0.5 1 1 1 1
 0.5 1 1 1 1
 0.5 1 1 1 1
 0.5 1 1 1 1
 0.5 1 1 1 1
 0.5 1 1 1 1
 0.5 1 1 1 1
 0.5 1 1 1 1
 0.5 1 1 1 1
 0.5 1 1 1 1
 0.5 1 1 1 1
 0.5 1 1 1 1
 0.5 1 1 1 1
 0.5 1 1 1 1
 0.5 1 1 1 1
 0.5 1 1 1 1
 0.5 1 1 1 1
 0.5 1 1 1 1
 0.5 1 1 1 1
 0.5 1 1 1 1
 0.5 1 1 1 1
Scru_reclas
 0.5 1 1 1 1
 0.5 1 1 1 1
 0.5 1 1 1 1
 0.5 1 1 1 1
 0.5 1 1 1 1
 0.5 1 1 1 1
 0.5 1 1 1 1
 0.5 1 1 1 1
 0.5 1 1 1 1
 0.5 1 1 1 1
 0.5 1 1 1 1
 0.5 1 1 1 1
 0.5 1 1 1 1
 0.5 1 1 1 1
 0.5 1 1 1 1
 0.5 1 1 1 1
 0.5 1 1 1 1
 0.5 1 1 1 1
 0.5 1 1 1 1
 0.5 1 1 1 1
 0.5 1 1 1 1
 0.5 1 1 1 1
 0.5 1 1 1 1
 0.5 1 1 1 1
 0.5 1 1 1 1
Scru_pelaces
 0.5 1 1 1 1
 0.5 1 1 1 1
 0.5 1 1 1 1
 0.5 1 1 1 1
 0.5 1 1 1 1
 0.5 1 1 1 1
 0.5 1 1 1 1
 0.5 1 1 1 1
 0.5 1 1 1 1
 0.5 1 1 1 1
 0.5 1 1 1 1
 0.5 1 1 1 1
 0.5 1 1 1 1
 0.5 1 1 1 1
 0.5 1 1 1 1
 0.5 1 1 1 1
 0.5 1 1 1 1
 0.5 1 1 1 1
 0.5 1 1 1 1
 0.5 1 1 1 1
 0.5 1 1 1 1
 0.5 1 1 1 1
 0.5 1 1 1 1
 0.5 1 1 1 1
 0.5 1 1 1 1
pf_obs 
 0.256992 0.487395 0.22802 0.0275931 0
 0.321318 0.546541 0.124235 0.00734118 0.000564706
 0.182869 0.594174 0.210203 0.0122559 0.00049798
 0.330522 0.361315 0.267642 0.0388342 0.00168674
 0.649043 0.306663 0.0425973 0.00169635 0
 0.582887 0.30429 0.105238 0.00758474 0
 0.465427 0.430635 0.0974691 0.00646863 0
 0.296916 0.608066 0.0921331 0.00288517 0
 0.311714 0.524322 0.152257 0.0117073 0
 0.15457 0.633149 0.183074 0.0267441 0.00246327
 0.131901 0.49318 0.331252 0.0422183 0.00144891
 0.196976 0.569456 0.194076 0.0375587 0.00193317
 0.518974 0.381816 0.0799577 0.0180837 0.00116848
 0.0928022 0.601141 0.25162 0.0475244 0.00691264
 0.122501 0.610282 0.24278 0.0234846 0.000952079
 0.383417 0.481906 0.127806 0.00687128 0
 0.0376549 0.599619 0.316969 0.0457579 0
 0.0361596 0.667082 0.258105 0.0386534 0
 0.158088 0.579412 0.248529 0.0139706 0
 0.0477256 0.309471 0.559284 0.082774 0.000745712
 0.0406174 0.521527 0.379366 0.0568643 0.0016247
 0.151134 0.462217 0.34131 0.0453401 0
 0.294876 0.26143 0.354403 0.0886775 0.000613685
 0.281977 0.475581 0.204845 0.0348837 0.00271318
 0.0354234 0.537034 0.353287 0.0723622 0.0018943
pf_pred 
 0.0616586 0.472375 0.234574 0.116486 0.114906
 0.849544 0.0194427 0.0659541 0.0327518 0.0323075
 0.00630628 0.92069 0.00943392 0.032002 0.0315679
 0.147699 0.0131845 0.777469 0.00796639 0.0536811
 0.811791 0.0515819 0.00211353 0.124632 0.00988235
 0.338288 0.594101 0.0185298 0.000759243 0.0483214
 0.721179 0.158338 0.108173 0.00337387 0.00893653
 0.677373 0.276847 0.0259972 0.0177608 0.00202122
 0.481969 0.43379 0.0722878 0.00678815 0.00516529
 0.844162 0.109142 0.0391031 0.00651623 0.00107752
 0.115324 0.815256 0.0486185 0.017419 0.00338273
 0.145282 0.195263 0.607708 0.0362412 0.015506
 0.590711 0.11455 0.067334 0.20956 0.0178443
 0.365733 0.496094 0.0386715 0.0227315 0.0767703
 0.511998 0.307497 0.141183 0.0110055 0.0283171
 0.526445 0.35568 0.0742749 0.0341023 0.00949825
 0.509087 0.356045 0.101297 0.0211533 0.0124173
 0.407816 0.41752 0.126679 0.0360408 0.0119442
 0.372448 0.380677 0.17406 0.0528111 0.0200045
 0.823902 0.101561 0.0452147 0.0206739 0.00864864
 0.491159 0.464084 0.0258129 0.0114919 0.00745267
 0.351655 0.432086 0.197237 0.0109706 0.00805147
 0.608794 0.208718 0.121618 0.0555155 0.00535406
 0.447678 0.425719 0.0675456 0.0393579 0.0196986
 0.00863237 0.630845 0.277884 0.0440897 0.0385486
pobs_RECLAS
 0 0 0 0 0
 0 0 0 0 0
 0 0 0 0 0
 0 0 0 0 0
 0.835266 0.146461 0.0176864 0.000547809 3.91292e-05
 0.385257 0.428462 0.181853 0.0044286 0
 0.867414 0.0963971 0.0333333 0.00285562 0
 0.441836 0.489002 0.0689373 0.000224442 0
 0.779404 0.147425 0.0564933 0.0165055 0.000172143
 0.814271 0.122319 0.05973 0.00367925 0
 0.40263 0.566651 0.0304383 0.000280538 0
 0.475488 0.404961 0.113038 0.00651328 0
 0.955842 0.0263864 0.0167828 0.000988607 0
 0.975058 0.0227948 0.00214734 0 0
 0.738997 0.206755 0.0527124 0.00153531 0
 0.850938 0.134255 0.0134407 0.00136685 0
 0.542534 0.407297 0.0501686 0 0
 0.764087 0.199537 0.0359546 0.000420521 0
 0.470689 0.182191 0.310203 0.0369168 0
 0.84361 0.089868 0.0606195 0.00523954 0.000663233
 0.607945 0.314616 0.071237 0.00620181 0
 0.523733 0.453247 0.0230204 0 0
 0.530135 0.295979 0.169645 0.0042399 0
 0.562478 0.366248 0.0663022 0.0049721 0
 0.250443 0.683176 0.0655157 0.000865301 0
ppred_RECLAS
 0.0626669 0.471867 0.234322 0.116361 0.114782
 0.851497 0.0191903 0.065098 0.0323267 0.0318881
 0.00653357 0.920479 0.00943176 0.0319947 0.0315607
 0.149123 0.0131625 0.77617 0.00795309 0.0535914
 0.812101 0.0514969 0.00211005 0.124426 0.00986606
 0.348254 0.585154 0.0182507 0.000747809 0.0475936
 0.725927 0.155641 0.106331 0.00331641 0.00878433
 0.684667 0.270589 0.0254095 0.0173592 0.00197553
 0.491684 0.425655 0.0709321 0.00666085 0.00506842
 0.845538 0.108178 0.0387577 0.00645868 0.001068
 0.117206 0.813521 0.048515 0.0173819 0.00337553
 0.147723 0.194706 0.605972 0.0361377 0.0154617
 0.599552 0.112076 0.0658795 0.205034 0.0174589
 0.384592 0.481343 0.0375216 0.0220556 0.0744876
 0.530204 0.296025 0.135916 0.0105949 0.0272607
 0.533128 0.350661 0.0732267 0.033621 0.00936421
 0.514341 0.352235 0.100213 0.0209269 0.0122844
 0.411635 0.414828 0.125862 0.0358084 0.0118672
 0.377199 0.377795 0.172742 0.0524113 0.019853
 0.82593 0.100391 0.0446939 0.0204358 0.00854902
 0.49215 0.463179 0.0257626 0.0114695 0.00743815
 0.353123 0.431108 0.19679 0.0109457 0.00803325
 0.611171 0.20745 0.120879 0.0551783 0.00532153
 0.450115 0.423841 0.0672476 0.0391843 0.0196117
 0.00877553 0.630754 0.277844 0.0440833 0.038543
pobs_PELACES
 0 0 0 0 0
 0 0 0 0 0
 0 0 0 0 0
 0 0 0 0 0
 0 0 0 0 0
 0 0 0 0 0
 0 0 0 0 0
 0 0 0 0 0
 0 0 0 0 0
 0 0 0 0 0
 0.450072 0.473896 0.0757376 0.000293798 0
 0 0 0 0 0
 0.463077 0.371075 0.160297 0.00555027 0
 0.529543 0.364841 0.0842815 0.0213345 0
 0.631943 0.363953 0.00410389 0 0
 0.735681 0.248677 0.0153453 0.000297389 0
 0.695825 0.281241 0.0229344 0 0
 0.275771 0.60734 0.115278 0.00161068 0
 0 0 0 0 0
 0.896147 0.0623911 0.0374545 0.00400742 0
 0.803859 0.145111 0.0509908 3.86294e-05 0
 0.739449 0.233085 0.0266225 0.000797448 4.60066e-05
 0.878498 0.100942 0.0204185 0.000141795 0
 0.694673 0.275183 0.0284847 0.00165964 0
 0.469039 0.446079 0.0841089 0.000773354 0
ppred_PELACES
 0.0668313 0.469771 0.233281 0.115844 0.114273
 0.859258 0.0181874 0.0616959 0.0306373 0.0302216
 0.00734106 0.919731 0.00942409 0.0319687 0.031535
 0.155449 0.0130646 0.770399 0.00789395 0.0531929
 0.813749 0.0510452 0.00209154 0.123335 0.00977951
 0.379837 0.556797 0.0173663 0.00071157 0.0452873
 0.74297 0.145963 0.0997189 0.00311019 0.0082381
 0.708433 0.250195 0.0234945 0.0160509 0.00182664
 0.522867 0.399543 0.0665807 0.00625223 0.00475749
 0.851489 0.10401 0.0372645 0.00620985 0.00102685
 0.124853 0.806474 0.0480948 0.0172313 0.00334629
 0.15748 0.192477 0.599035 0.035724 0.0152847
 0.627941 0.10413 0.0612091 0.190498 0.0162212
 0.433956 0.442733 0.0345119 0.0202865 0.0685127
 0.577509 0.266217 0.12223 0.00952805 0.0245157
 0.55684 0.33285 0.0695075 0.0319134 0.0088886
 0.534247 0.337798 0.0961053 0.0200692 0.0117809
 0.427244 0.403823 0.122523 0.0348584 0.0115524
 0.395609 0.366627 0.167636 0.050862 0.0192662
 0.834178 0.0956342 0.0425761 0.0194675 0.00814393
 0.497166 0.458605 0.0255082 0.0113562 0.00736469
 0.360164 0.426415 0.194648 0.0108266 0.0079458
 0.62168 0.201844 0.117612 0.0536869 0.0051777
 0.461011 0.415443 0.0659151 0.0384078 0.0192231
 0.00937442 0.630373 0.277676 0.0440567 0.0385197
pobs_pel_tallas
 0 0 0 0 0 0 0 0 0 0 0 0 0 0 0 0 0 0 0 0 0 0 0 0 0 0 0 0 0 0 0 0 0 0 0 0
 0 0 0 0 0 0 0 0 0 0 0 0 0 0 0 0 0 0 0 0 0 0 0 0 0 0 0 0 0 0 0 0 0 0 0 0
 0 0 0 0 0 0 0 0 0 0 0 0 0 0 0 0 0 0 0 0 0 0 0 0 0 0 0 0 0 0 0 0 0 0 0 0
 0 0 0 0 0 0 0 0 0 0 0 0 0 0 0 0 0 0 0 0 0 0 0 0 0 0 0 0 0 0 0 0 0 0 0 0
 0 0 0 0 0 0 0 0 0 0 0 0 0 0 0 0 0 0 0 0 0 0 0 0 0 0 0 0 0 0 0 0 0 0 0 0
 0 0 0 0 0 0 0 0 0 0 0 0 0 0 0 0 0 0 0 0 0 0 0 0 0 0 0 0 0 0 0 0 0 0 0 0
 0 0 0 0 0 0 0 0 0 0 0 0 0 0 0 0 0 0 0 0 0 0 0 0 0 0 0 0 0 0 0 0 0 0 0 0
 0 0 0 0 0 0 0 0 0 0 0 0 0 0 0 0 0 0 0 0 0 0 0 0 0 0 0 0 0 0 0 0 0 0 0 0
 0 0 0 0 0 0 0 0 0 0 0 0 0 0 0 0 0 0 0 0 0 0 0 0 0 0 0 0 0 0 0 0 0 0 0 0
 0 0 0 0 0 0 0 0 0 0 0 0 0 0 0 0 0 0 0 0 0 0 0 0 0 0 0 0 0 0 0 0 0 0 0 0
 0 0 0 0 0 0 0 0 1.78061e-05 0.00172719 0.00360574 0.0105946 0.0120993 0.0124554 0.0147524 0.0171206 0.0266825 0.0428682 0.0675386 0.121331 0.153587 0.119568 0.100827 0.0573624 0.0630603 0.0341343 0.0324427 0.0444173 0.0211091 0.0280891 0.0125444 0.00206551 0 0 0 0
 0 0 0 0 0 0 0 0 0 0 0 0 0 0 0 0 0 0 0 0 0 0 0 0 0 0 0 0 0 0 0 0 0 0 0 0
 0 0 0 0 0 0 0.0133647 0.0140871 0.0187388 0.0205184 0.03894 0.0496705 0.03968 0.0493445 0.0407372 0.0367815 0.0215668 0.0243155 0.0234873 0.0199281 0.019796 0.0243948 0.0301388 0.0376714 0.0412746 0.0863199 0.0771752 0.113111 0.0741005 0.0525337 0.0229764 0.00759418 0.00175318 0 0 0
 0 0 0 0 0 0 0 0 0 0 0.00219441 0.00772107 0.0458388 0.0604681 0.0671733 0.0775358 0.0609151 0.0617685 0.073594 0.0568108 0.0755445 0.0548602 0.0670107 0.0636378 0.0643287 0.046367 0.0373049 0.0286899 0.0247887 0.0153202 0.00654259 0.00121912 0.000365735 0 0 0
 0 0 0 0 0 0 0 0 0 0 0 0 0.000112435 0.00938835 0.0111873 0.0202946 0.0414886 0.0713402 0.111592 0.104902 0.108894 0.110636 0.117776 0.105296 0.107544 0.0401394 0.0192827 0.0124803 0.00416011 0.0028671 0.000618394 0 0 0 0 0
 0 0 0 0 0 0 0 0 0 0 0.00291406 0.0102884 0.027416 0.0768956 0.0749926 0.110853 0.0956884 0.0897413 0.0766577 0.0534642 0.0500743 0.0551293 0.0594112 0.0620874 0.0668451 0.0424026 0.0208742 0.0120726 0.0048766 0.00582813 0.00118941 0.000297354 0 0 0 0
 0 0.00264628 0.0354308 0.0461629 0.0458689 0.0383711 0.0214643 0.0164657 0.0346957 0.0420465 0.0363128 0.0245516 0.0311673 0.0291091 0.0169068 0.0133784 0.00837989 0.0085269 0.0148486 0.0160247 0.0276389 0.0546898 0.0760071 0.122758 0.109233 0.0665981 0.0333725 0.0166128 0.00676272 0.00308733 0.000882094 0 0 0 0 0
 0 0 0 0 0 0 0 0.000805153 0.000690131 0.00759144 0.0133425 0.0154129 0.00931677 0.000345066 0.00356568 0.00563607 0.00851162 0.0253048 0.0502646 0.0516448 0.0657925 0.0565908 0.0611916 0.0827007 0.0866115 0.110766 0.145733 0.0935128 0.0569358 0.0249597 0.0138026 0.00621118 0.00161031 0.00115022 0 0
 0 0 0 0 0 0 0 0 0 0 0 0 0 0 0 0 0 0 0 0 0 0 0 0 0 0 0 0 0 0 0 0 0 0 0 0
 0.00147267 0.00158595 0.00478618 0.00569244 0.00954404 0.0108468 0.00647125 0.017049 0.0510054 0.094081 0.124002 0.0959785 0.0687766 0.0820023 0.061753 0.0591476 0.0492212 0.0479892 0.0443925 0.0268479 0.0217502 0.0140895 0.0121071 0.0120363 0.00920419 0.00665534 0.0049561 0.00860946 0.00930331 0.0156896 0.0114698 0.00855282 0.00243557 0.00046729 0 2.83206e-05
 0 0 0 0 0.000772559 0.00158375 0.000888443 0.00281984 0.00712685 0.0440552 0.0773331 0.111326 0.0921469 0.0852325 0.0710754 0.0886704 0.0786465 0.0553345 0.0373146 0.0185414 0.00753245 0.00457741 0.012979 0.0271748 0.0457355 0.0583668 0.034881 0.0177882 0.00938659 0.00492506 0.0015258 0.00185414 0.000309023 5.79419e-05 3.86279e-05 0
 0 0.00173294 0.00326652 0 0.00397197 0.00683976 0.00946217 0.0152591 0.00757587 0.0136028 0.0228656 0.0392903 0.0559909 0.0764795 0.0681675 0.0726916 0.0566044 0.0477403 0.0527397 0.0444891 0.0609904 0.0582453 0.0661739 0.0445044 0.0529084 0.0360697 0.0280645 0.0235558 0.0158879 0.00826598 0.00280645 0.00217768 0.000904811 0.00058276 9.20147e-05 0
 0 0 0 0 0 0 0 0 0 0 0 0 0 0 0 0 0 0 0 0 0 0 0 0 0 0 0 0 0 0 0 0 0 0 0 0
 0 0 0 0 0 0 0 0 0 0 0 0 0 0 0 0 0 0 0 0 0 0 0 0 0 0 0 0 0 0 0 0 0 0 0 0
 0 0 0 0 0 0 0 0 0 0 0 0 0 0 0 0 0 0 0 0 0 0 0 0 0 0 0 0 0 0 0 0 0 0 0 0
ppred_pel_tallas
 1.12785e-16 2.94604e-06 1.72136e-05 8.16661e-05 0.000314153 0.000979407 0.0024744 0.00506678 0.00841343 0.0113435 0.0124613 0.0112711 0.00867833 0.00629852 0.00537025 0.00632605 0.0090887 0.0134781 0.0193421 0.0264719 0.0344932 0.0428355 0.0507944 0.0576577 0.062851 0.06605 0.0672245 0.066598 0.0645469 0.0614787 0.0577341 0.0535416 0.0490253 0.0442493 0.0392694 0.0341707
 1.03347e-16 3.74811e-05 0.000220006 0.00104586 0.0040267 0.012557 0.0317177 0.0648972 0.107569 0.144446 0.157144 0.138513 0.0989353 0.057302 0.026994 0.0105057 0.00367468 0.00163773 0.00144803 0.00188681 0.00258234 0.0034425 0.00443537 0.0055299 0.00668513 0.00785017 0.00896624 0.00996939 0.0107945 0.0113809 0.0116794 0.0116599 0.0113171 0.0106736 0.00977752 0.00869701
 1.03006e-16 3.6993e-07 2.04887e-06 9.48122e-06 3.60702e-05 0.000112107 0.000284208 0.000588775 0.00100336 0.00143028 0.00177472 0.00208458 0.00262447 0.00381525 0.00611599 0.00995053 0.0156738 0.0235087 0.0334268 0.045018 0.0574224 0.0693811 0.0794277 0.0861847 0.0886861 0.0866156 0.0803871 0.0710278 0.0599157 0.048456 0.0378026 0.028695 0.0214329 0.0159573 0.0119881 0.00916046
 1.13697e-16 6.79336e-06 3.98386e-05 0.000189312 0.000728759 0.00227244 0.00573995 0.0117451 0.019471 0.0261555 0.0284799 0.0251636 0.0181075 0.0107664 0.00561923 0.00320232 0.00288002 0.00392309 0.00597614 0.00900755 0.0131223 0.0184209 0.0249149 0.0324742 0.0407964 0.0494041 0.0576762 0.0649152 0.0704411 0.0736978 0.0743454 0.07232 0.0678457 0.061393 0.0535983 0.0451601
 1.04742e-16 3.54978e-05 0.00020836 0.000990488 0.00381349 0.0118921 0.0300383 0.0614612 0.101875 0.136803 0.148837 0.131208 0.0937571 0.0543821 0.0257673 0.0102885 0.00401632 0.00235355 0.00250841 0.00331269 0.00438612 0.00560226 0.00688843 0.00818036 0.00942242 0.0105734 0.0116075 0.0125077 0.0132563 0.0138261 0.0141784 0.0142676 0.0140538 0.0135151 0.0126594 0.011527
 1.02569e-16 1.65978e-05 9.73542e-05 0.000462648 0.001781 0.0055537 0.0140287 0.0287083 0.0476012 0.0639693 0.0697225 0.0617647 0.0447899 0.0273028 0.015422 0.0104878 0.0108891 0.0146286 0.0203951 0.0274038 0.0349714 0.0423001 0.0484971 0.0527281 0.0544057 0.0533333 0.0497533 0.0442766 0.0377253 0.0309379 0.0246018 0.0191567 0.0147791 0.0114332 0.00895239 0.00712286
 1.01955e-16 3.24158e-05 0.000190256 0.000904397 0.00348199 0.0108583 0.0274271 0.0561193 0.0930233 0.124926 0.13594 0.119898 0.0858029 0.0500277 0.0241921 0.010512 0.00544592 0.00482922 0.00611619 0.00819823 0.0106322 0.0131565 0.0155273 0.0175091 0.0189112 0.019624 0.019635 0.0190195 0.0179113 0.0164648 0.0148228 0.0130977 0.0113687 0.00968825 0.00809338 0.00661387
 1.01052e-16 3.09138e-05 0.000181429 0.000862413 0.0033203 0.010354 0.0261535 0.0535143 0.0887084 0.119141 0.129668 0.114424 0.0820116 0.0480701 0.0237161 0.0111035 0.00689252 0.00713029 0.00937286 0.0124973 0.0159614 0.019352 0.0222574 0.0242972 0.0252 0.024866 0.0233899 0.0210311 0.0181453 0.0150993 0.0121982 0.00964273 0.00752249 0.00583656 0.00452836 0.00351957
 1.01513e-16 2.28284e-05 0.000133947 0.000636646 0.00245099 0.00764307 0.0193061 0.0395051 0.0654924 0.0879799 0.0958065 0.0846673 0.0609548 0.0362738 0.0189125 0.0105584 0.00884315 0.0109181 0.0149868 0.0201353 0.0257701 0.0312964 0.0360656 0.0394659 0.0410533 0.0406541 0.0384035 0.0347002 0.0301 0.0251828 0.0204383 0.0161972 0.0126193 0.00972363 0.00744042 0.00566173
 1.00825e-16 3.71458e-05 0.00021803 0.00103645 0.00399043 0.0124438 0.031432 0.0643133 0.106604 0.143157 0.155761 0.137339 0.0981943 0.0570702 0.0272547 0.0112516 0.00496428 0.00358721 0.00418574 0.00549814 0.00705802 0.00863975 0.0100622 0.0111614 0.0118139 0.0119615 0.011622 0.0108789 0.00985639 0.00868831 0.00749063 0.00634586 0.0053004 0.00437145 0.00355839 0.00285312
 1.01694e-16 5.4896e-06 3.21158e-05 0.000152445 0.000586554 0.0018288 0.00462027 0.00945984 0.015704 0.0211604 0.023212 0.0209156 0.0159337 0.0112386 0.00907664 0.0101632 0.014236 0.0208208 0.0294873 0.0397093 0.0506816 0.0612868 0.0702308 0.0762943 0.0786131 0.0768892 0.0714636 0.0632177 0.0533481 0.0430861 0.0334554 0.0251289 0.0184025 0.0132612 0.00949321 0.00680455
 1.10508e-16 6.88876e-06 4.03832e-05 0.000191867 0.000738536 0.00230289 0.00581707 0.0119042 0.0197393 0.0265301 0.0289248 0.0256445 0.0186443 0.0114662 0.00667523 0.00487356 0.00546552 0.0077275 0.0112549 0.0158898 0.0215258 0.0279856 0.0349844 0.0421454 0.0490399 0.0552327 0.0603233 0.0639747 0.0659357 0.0660586 0.0643163 0.0608152 0.0557986 0.0496293 0.042753 0.0356436
 1.08207e-16 2.73979e-05 0.000160802 0.000764378 0.0029429 0.00917714 0.0231807 0.0474305 0.0786205 0.105583 0.114889 0.101326 0.0725014 0.0422508 0.020394 0.00880466 0.00449509 0.00395925 0.00507144 0.00693537 0.00923201 0.0118062 0.0145192 0.0172265 0.019794 0.0221143 0.0241135 0.0257424 0.0269625 0.0277313 0.0279977 0.0277103 0.0268348 0.0253729 0.0233771 0.0209511
 1.04533e-16 1.8953e-05 0.000111192 0.000528457 0.00203442 0.00634401 0.0160248 0.0327917 0.0543662 0.0730435 0.079568 0.0703803 0.0508073 0.0305123 0.0164165 0.00997054 0.00925815 0.0119504 0.0165609 0.0222902 0.0285519 0.0347124 0.0400705 0.0439666 0.0459279 0.0457799 0.0436841 0.040083 0.0355786 0.0307834 0.0261944 0.0221221 0.0186852 0.0158526 0.0135095 0.0115201
 1.03295e-16 2.52058e-05 0.000147916 0.000703083 0.00270684 0.00844095 0.0213213 0.0436274 0.0723215 0.0971387 0.10574 0.093352 0.0670021 0.0394621 0.0198251 0.00988538 0.0069625 0.00787284 0.0106489 0.0143756 0.0185789 0.0228565 0.0267798 0.0299324 0.0319902 0.0327882 0.0323474 0.0308522 0.0285893 0.0258714 0.0229722 0.0200893 0.0173392 0.0147753 0.012415 0.0102628
 1.02608e-16 2.43071e-05 0.000142634 0.00067796 0.00261008 0.00813921 0.0205592 0.0420685 0.0697395 0.0936771 0.101989 0.09008 0.0647403 0.0383038 0.0195635 0.0102781 0.0078888 0.00933929 0.0127219 0.0171103 0.0219662 0.0267903 0.0310465 0.0342263 0.0359544 0.0360726 0.034671 0.032052 0.0286441 0.024896 0.0211845 0.0177635 0.0147562 0.0121818 0.00999847 0.0081425
 1.02715e-16 2.33222e-05 0.000136852 0.000650466 0.00250422 0.00780909 0.0197254 0.0403625 0.0669119 0.0898809 0.0978611 0.0864461 0.0621552 0.0368279 0.0189089 0.0100963 0.00794642 0.0095366 0.0130417 0.0175704 0.0225937 0.0276102 0.0320753 0.0354684 0.037399 0.0376932 0.0364262 0.033888 0.0304987 0.0267039 0.0228833 0.0192997 0.01609 0.0132909 0.0108785 0.00880574
 1.03609e-16 1.86591e-05 0.000109469 0.000520272 0.00200292 0.00624577 0.0157767 0.0322836 0.0535232 0.0719088 0.0783265 0.0692693 0.0499773 0.0299589 0.0160211 0.00958574 0.0087627 0.011263 0.0156385 0.0211313 0.0272065 0.0332898 0.038736 0.0429228 0.0453804 0.0458942 0.0445447 0.0416665 0.0377492 0.0333129 0.0288024 0.0245259 0.0206469 0.0172134 0.0142056 0.011579
 1.05147e-16 1.72782e-05 0.000101365 0.000481753 0.00185462 0.00578333 0.0146085 0.0298933 0.0495603 0.0665847 0.0725276 0.0641415 0.0462793 0.027746 0.0148469 0.00890224 0.00816902 0.010539 0.0146875 0.0199345 0.0258094 0.031805 0.0373426 0.0418519 0.0448852 0.0462097 0.0458441 0.0440274 0.0411365 0.0375828 0.0337252 0.0298221 0.0260268 0.022413 0.0190127 0.0158467
 1.01686e-16 3.63907e-05 0.000213598 0.00101538 0.0039093 0.0121908 0.030793 0.0630057 0.104436 0.140246 0.152592 0.134542 0.0961899 0.0558951 0.0266748 0.0109811 0.0048007 0.00342733 0.00399062 0.00526252 0.0067978 0.00838949 0.00987434 0.0111029 0.0119589 0.0123807 0.0123713 0.0119891 0.011327 0.0104859 0.00955244 0.00858763 0.00762641 0.00668523 0.00577226 0.00489546
 1.01246e-16 2.171e-05 0.000127376 0.000605394 0.00233064 0.00726776 0.0183582 0.037566 0.06228 0.0836711 0.0911321 0.0805782 0.0581018 0.0347581 0.0184546 0.0108265 0.00965007 0.0122323 0.0168565 0.0226107 0.0288492 0.0348931 0.0399998 0.0434759 0.0448311 0.0438965 0.0408654 0.0362376 0.0306907 0.0249209 0.0195055 0.014822 0.0110338 0.00812896 0.00598515 0.00443536
 1.03646e-16 1.57352e-05 9.23007e-05 0.000438647 0.00168863 0.00526567 0.013301 0.0272186 0.0451286 0.0606392 0.0660738 0.0584873 0.0423158 0.0256022 0.0141226 0.00912088 0.00905123 0.0120227 0.0168306 0.0228157 0.0294618 0.0361757 0.0422742 0.0470865 0.0500919 0.0510293 0.0499424 0.047143 0.0431133 0.0383818 0.0334156 0.0285584 0.0240181 0.0198927 0.0162115 0.0129725
 1.03823e-16 2.71292e-05 0.000159215 0.00075681 0.00291372 0.00908612 0.0229509 0.0469611 0.0778453 0.10455 0.113788 0.100409 0.0719638 0.0421757 0.0208023 0.00973868 0.00606409 0.00632832 0.00841547 0.0113799 0.0147937 0.0183437 0.021708 0.0245695 0.0266712 0.027865 0.0281329 0.0275715 0.0263511 0.0246641 0.022682 0.0205333 0.0183033 0.0160475 0.01381 0.0116362
 1.03289e-16 2.01318e-05 0.000118114 0.000561372 0.00216116 0.00673924 0.0170231 0.0348341 0.0577508 0.0775861 0.0845039 0.0747165 0.0538729 0.0322243 0.0171039 0.0100305 0.00894725 0.0113668 0.0157131 0.0211626 0.027144 0.0330567 0.0382369 0.0420551 0.0440512 0.0440404 0.0421504 0.0387745 0.0344618 0.0297816 0.0252074 0.0210514 0.0174559 0.0144288 0.0118989 0.00976913
 1.07461e-16 4.47532e-07 2.52943e-06 1.18212e-05 4.51732e-05 0.00014056 0.000355744 0.000733089 0.00123494 0.00171833 0.00202771 0.00216417 0.00236921 0.00303954 0.00457761 0.00731659 0.0115209 0.017374 0.0249082 0.0339094 0.0438556 0.0539349 0.0631578 0.0705434 0.0753274 0.0771232 0.0759868 0.0723609 0.0669305 0.0604416 0.0535452 0.0467106 0.0402132 0.0341766 0.028638 0.0236043
pSPR Fmed_Fpbrs
0.489322   0.255602 0.255602
Fs Fmed_Fpbrs
0.418358   1.005 1.005
SSBpbr Bo_Bmed_Bpbrs
868755  381664  178618 178618
Ro
19148.9
SPR SPRFo_SPRFmed_SPRFpbrs
393276 192439 100522
log_Ro
9.68
likeval ReclasPelacesDesembMPH_pf_preclas_ppelaces_ptallas_desvR_qrecl_qpela
 104.985 125.465 0.3782 0.000593928 417.938 223.824 95.1797 0 77.1478 0 0 0 0 0 0
q_reclas_q_pelaces
1 1
M
0.7
N
 2724.53 11384.4 5653.33 2807.36 2769.28
 88632.5 1098.38 3725.96 1850.26 1825.15
 432.472 36392 372.894 1264.94 1247.78
 3165.95 150.495 8874.45 90.9327 612.745
 42045.4 1355.16 55.5269 3274.33 259.63
 19556.7 20204.5 630.17 25.8208 1643.34
 52475.5 6422.03 4387.4 136.841 362.457
 85330.9 19995 1877.62 1282.75 145.98
 57624.5 30135 5021.76 471.566 358.827
 285704 19604.6 7023.92 1170.48 193.55
 31862.1 123304 7353.32 2634.54 511.622
 17221.8 12724.5 39601.9 2361.69 1010.46
 60710.4 6803.74 3999.32 12446.9 1059.87
 24586.2 20970 1634.66 960.869 3245.11
 17611.3 6572.34 3017.6 235.228 605.241
 12873 4893.72 1021.93 469.205 130.684
 12380.2 4784.12 1361.11 284.234 166.849
 8692.84 4826.91 1464.52 416.664 138.086
 6310.05 3554.6 1625.3 493.128 186.793
 37292.1 2476.4 1102.49 504.101 210.883
 31975.9 15511.3 862.756 384.097 249.094
 23366.1 14942 6820.69 379.375 278.43
 58239.8 10572.8 6160.63 2812.18 271.214
 50229.4 25276.5 4010.42 2336.82 1169.58
 549.21 21834 9617.76 1525.98 1334.19
pred_Ctot
 373.146 2858.73 1419.6 704.953 695.389
 11159.3 255.393 866.352 430.218 424.381
 94.9872 13867.7 142.097 482.025 475.486
 316.972 28.2948 1668.5 17.0964 115.203
 978.848 62.1969 2.54847 150.279 11.916
 4878.22 8567.11 267.205 10.9485 696.808
 8916.23 1957.59 1337.39 41.7125 110.486
 18075.2 7387.45 693.715 473.932 53.9347
 13335.8 12002.8 2000.17 187.825 142.921
 27116.2 3505.85 1256.07 209.315 34.612
 4542.86 32114.7 1915.19 686.17 133.253
 2565.57 3448.21 10731.7 639.993 273.824
 13571.3 2631.74 1546.96 4814.54 409.965
 8456.13 11470.2 894.124 525.576 1775.01
 5765.85 3462.86 1589.93 123.938 318.892
 2368.46 1600.19 334.16 153.425 42.7323
 1939.76 1356.62 385.967 80.5996 47.3132
 1116.17 1142.73 346.711 98.6413 32.6906
 964.566 985.877 450.781 136.77 51.8076
 4400.18 542.403 241.476 110.412 46.1894
 1361.34 1286.3 71.5455 31.8519 20.6565
 1500.34 1843.5 841.514 46.806 34.3517
 5319.26 1823.65 1062.62 485.06 46.7804
 4537.49 4314.92 684.614 398.916 199.657
 73.0493 5338.37 2351.53 373.098 326.208
F
 0.208461 0.416921 0.416921 0.416921 0.416921
 0.190149 0.380298 0.380298 0.380298 0.380298
 0.355587 0.711173 0.711173 0.711173 0.711173
 0.148532 0.297064 0.297064 0.297064 0.297064
 0.032844 0.0656881 0.0656881 0.0656881 0.0656881
 0.413585 0.82717 0.82717 0.82717 0.82717
 0.264865 0.52973 0.52973 0.52973 0.52973
 0.34085 0.6817 0.6817 0.6817 0.6817
 0.378183 0.756366 0.756366 0.756366 0.756366
 0.140307 0.280614 0.280614 0.280614 0.280614
 0.217887 0.435773 0.435773 0.435773 0.435773
 0.228704 0.457408 0.457408 0.457408 0.457408
 0.36302 0.72604 0.72604 0.72604 0.72604
 0.619317 1.23863 1.23863 1.23863 1.23863
 0.580588 1.16118 1.16118 1.16118 1.16118
 0.289827 0.579654 0.579654 0.579654 0.579654
 0.241887 0.483774 0.483774 0.483774 0.483774
 0.194257 0.388515 0.388515 0.388515 0.388515
 0.235336 0.470671 0.470671 0.470671 0.470671
 0.177215 0.354431 0.354431 0.354431 0.354431
 0.0608032 0.121606 0.121606 0.121606 0.121606
 0.0929998 0.186 0.186 0.186 0.186
 0.134694 0.269388 0.269388 0.269388 0.269388
 0.133132 0.266263 0.266263 0.266263 0.266263
 0.201883 0.403765 0.403765 0.403765 0.403765
nmprior
 10.6 11 7 0
nm_flota  nm_reclas  nm_pelaces    nm_pelaL
inf 10.2284 7.68341 14.1651
cv_recla  cv_pelaces  cv_mph
0.926803 1.27009 0.790688
 ------------------------------------------------
Talla a la edad & desviación 
 7.2 14.2025 17.0495 18.207 18.6776
 1.08 2.13037 2.55742 2.73105 2.80164
