years
 1997 1998 1999 2000 2001 2002 2003 2004 2005 2006 2007 2008 2009 2010 2011 2012 2013 2014 2015 2016 2017 2018 2019 2020 2021
reclasobs
 0 0 0 370054 412103 1.49427e+06 250295 1.28982e+06 931140 785840 897777 1.04006e+06 184774 17550 25797 100020 73551 82996 120727 218422 84188 347160 605670 569463 516374
reclaspred
 578774 133255 270217 174285 312647 366150 799438 572617 683517 778782 656110 456681 299966 126470 69754.5 65445.3 77630.5 97601.3 100643 141472 210515 195720 341549 415800 379976
pelacesobs
 0 0 0 0 0 0 0 0 0 2.06254e+06 1.5e+06 0 1.87456e+06 323000 250000 174000 83755 137374 0 501740 490994 745055 786931 1.00524e+06 1.33801e+06
pelacespred
 2.37304e+06 488488 575036 606726 981803 844352 2.4653e+06 1.92236e+06 2.2021e+06 2.48421e+06 1.78713e+06 1.31539e+06 874191 285309 163994 161988 200323 262915 263924 376997 651250 552160 769761 1.12154e+06 1.00356e+06
mphobs
 0 0 0 0 0 112323 0 153150 637223 0 255016 313432 73983 77613 109348 50772 0 0 0 0 0 0 0 0 0
mphpred
 254917 125439 119025 91769.1 113024 207844 282593 344986 312737 357534 415093 287564 184618 102065 41385.5 30326.2 35302.8 44374.9 52377.2 58742.6 90683.3 109507 137901 196296 237585
desembarqueobs
 350755 77701 442110 56441 14545 235359 269955 359681 431902 328805 639364 411747 362871 311530 167758 66681 60226 58785 57116 73181 50977 67692 138656 160484 209506
desembarquepred
 350764 77685.4 441922 56439.1 14544.9 235379 269976 359523 431798 328707 638875 411553 362697 311313 167445 66647.2 60228.9 58750.9 57083.5 73157.3 50973.8 67667.5 138631 160460 209478
Reclutas
 30807.8 41255.9 15187.4 28635.9 54546.9 36047.3 64332.5 72472.4 95795.5 126734 63913.8 48274.2 50538.5 24597.9 13446 13480.2 9206.74 10049.3 11167.3 18518.8 22043.3 30448.5 48920.5 51178.1 13389.5
log_desv_Rt
 -0.00447718 0.287549 -0.711781 -0.0775852 0.566817 0.152586 0.73182 0.850961 1.12997 1.40985 0.725291 0.444652 0.490491 -0.229584 -0.833567 -0.831025 -1.21231 -1.12474 -1.01926 -0.513458 -0.339235 -0.0162076 0.457951 0.503067 -0.837773
SSB
 530462 261028 247680 190964 235193 432506 588053 717888 650781 743999 863774 598397 384174 212390 86119.8 63106.2 73462.3 92340.4 108993 122239 188704 227876 286961 408477 494395
BT
 1.48274e+06 387916 531452 372421 516750 618706 1.45227e+06 1.38724e+06 1.52544e+06 1.58825e+06 1.48152e+06 1.04877e+06 797114 433683 219777 137337 150240 182261 183672 251659 376082 347397 488902 705599 686305
Ftot
 0.585531 0.654822 1.30985 0.368475 0.0583627 0.519075 0.360777 0.688525 0.745994 0.495979 0.838187 0.792501 1.23319 2.13173 2.51304 1.1432 0.812873 0.622981 0.532927 0.570616 0.24872 0.324491 0.380699 0.369294 0.409705
BD_Bspro_t
 0.925444 0.651818 0.534735 0.30758 0.478899 0.681556 0.610835 0.623512 0.564394 0.549964 0.553818 0.390969 0.294868 0.208315 0.107347 0.098328 0.152774 0.245057 0.329151 0.412883 0.548017 0.656162 0.670373 0.678912 0.660244
BD_Bspro
 0.834634 0.410704 0.389702 0.300464 0.370055 0.680508 0.925247 1.12953 1.02394 1.17061 1.35907 0.941522 0.604462 0.334175 0.135502 0.0992919 0.115586 0.145289 0.17149 0.192331 0.296909 0.358541 0.451506 0.642701 0.777885
BD_Bo
 0.641075 0.315458 0.299327 0.230784 0.284236 0.522692 0.710674 0.867583 0.786482 0.899138 1.04389 0.723175 0.464282 0.256677 0.104078 0.0762652 0.0887806 0.111595 0.13172 0.147728 0.228053 0.275392 0.346798 0.493653 0.597486
BD_Brms
 2.13596 1.05106 0.99731 0.768935 0.947029 1.74153 2.36785 2.89065 2.62043 2.99578 3.47807 2.4095 1.54691 0.855208 0.34677 0.254104 0.295803 0.371818 0.43887 0.492206 0.759837 0.917564 1.15547 1.64477 1.99073
S_f
 0.146129 1 1 1 1
 0.146129 1 1 1 1
 0.146129 1 1 1 1
 0.146129 1 1 1 1
 0.146129 1 1 1 1
 0.146129 1 1 1 1
 0.146129 1 1 1 1
 0.146129 1 1 1 1
 0.146129 1 1 1 1
 0.146129 1 1 1 1
 0.146129 1 1 1 1
 0.146129 1 1 1 1
 0.146129 1 1 1 1
 0.146129 1 1 1 1
 0.146129 1 1 1 1
 0.146129 1 1 1 1
 0.146129 1 1 1 1
 0.146129 1 1 1 1
 0.146129 1 1 1 1
 0.146129 1 1 1 1
 0.146129 1 1 1 1
 0.146129 1 1 1 1
 0.146129 1 1 1 1
 0.146129 1 1 1 1
 0.146129 1 1 1 1
Scru_reclas
 0.842958 1 1 1 1
 0.842958 1 1 1 1
 0.842958 1 1 1 1
 0.842958 1 1 1 1
 0.842958 1 1 1 1
 0.842958 1 1 1 1
 0.842958 1 1 1 1
 0.842958 1 1 1 1
 0.842958 1 1 1 1
 0.842958 1 1 1 1
 0.842958 1 1 1 1
 0.842958 1 1 1 1
 0.842958 1 1 1 1
 0.842958 1 1 1 1
 0.842958 1 1 1 1
 0.842958 1 1 1 1
 0.842958 1 1 1 1
 0.842958 1 1 1 1
 0.842958 1 1 1 1
 0.842958 1 1 1 1
 0.842958 1 1 1 1
 0.842958 1 1 1 1
 0.842958 1 1 1 1
 0.842958 1 1 1 1
 0.842958 1 1 1 1
Scru_pelaces
 1 1 1 1 1
 1 1 1 1 1
 1 1 1 1 1
 1 1 1 1 1
 1 1 1 1 1
 1 1 1 1 1
 1 1 1 1 1
 1 1 1 1 1
 1 1 1 1 1
 1 1 1 1 1
 1 1 1 1 1
 1 1 1 1 1
 1 1 1 1 1
 1 1 1 1 1
 1 1 1 1 1
 1 1 1 1 1
 1 1 1 1 1
 1 1 1 1 1
 1 1 1 1 1
 1 1 1 1 1
 1 1 1 1 1
 1 1 1 1 1
 1 1 1 1 1
 1 1 1 1 1
 1 1 1 1 1
pf_obs 
 0.256992 0.487395 0.22802 0.0275931 0
 0.321318 0.546541 0.124235 0.00734118 0.000564706
 0.182869 0.594174 0.210203 0.0122559 0.00049798
 0.330522 0.361315 0.267642 0.0388342 0.00168674
 0.649043 0.306663 0.0425973 0.00169635 0
 0.582887 0.30429 0.105238 0.00758474 0
 0.465427 0.430635 0.0974691 0.00646863 0
 0.296916 0.608066 0.0921331 0.00288517 0
 0.311714 0.524322 0.152257 0.0117073 0
 0.15457 0.633149 0.183074 0.0267441 0.00246327
 0.131901 0.49318 0.331252 0.0422183 0.00144891
 0.196976 0.569456 0.194076 0.0375587 0.00193317
 0.518974 0.381816 0.0799577 0.0180837 0.00116848
 0.0928022 0.601141 0.25162 0.0475244 0.00691264
 0.122501 0.610282 0.24278 0.0234846 0.000952079
 0.383417 0.481906 0.127806 0.00687128 0
 0.0376549 0.599619 0.316969 0.0457579 0
 0.0361596 0.667082 0.258105 0.0386534 0
 0.158088 0.579412 0.248529 0.0139706 0
 0.0477256 0.309471 0.559284 0.082774 0.000745712
 0.0406174 0.521527 0.379366 0.0568643 0.0016247
 0.151134 0.462217 0.34131 0.0453401 0
 0.294876 0.26143 0.354403 0.0886775 0.000613685
 0.281977 0.475581 0.204845 0.0348837 0.00271318
 0.0354234 0.537034 0.353287 0.0723622 0.0018943
pf_pred 
 0.230336 0.53369 0.209525 0.0264405 8.44885e-06
 0.283734 0.524923 0.132678 0.0520891 0.00657534
 0.126387 0.690299 0.134344 0.0339564 0.015014
 0.337599 0.439556 0.176084 0.0342689 0.0124915
 0.32791 0.542323 0.0861103 0.0344953 0.00916051
 0.154571 0.654734 0.153876 0.0244325 0.0123867
 0.285354 0.441792 0.211309 0.0496619 0.011883
 0.253999 0.570946 0.108218 0.0517607 0.0150756
 0.299697 0.537244 0.124796 0.0236541 0.0146089
 0.295833 0.570542 0.102512 0.0238124 0.007301
 0.14347 0.673374 0.1484 0.0266638 0.00809272
 0.174021 0.526276 0.235616 0.0519256 0.0121614
 0.262041 0.504058 0.149031 0.0667217 0.0181482
 0.21075 0.649164 0.0956845 0.0282903 0.0161107
 0.279049 0.617356 0.0852076 0.0125593 0.00582796
 0.363771 0.583225 0.0453873 0.00626437 0.00135181
 0.216158 0.686972 0.0887995 0.00691048 0.00115961
 0.25021 0.555129 0.170604 0.0220526 0.00200414
 0.246988 0.570224 0.135332 0.0415906 0.00586467
 0.32499 0.503062 0.130209 0.0309028 0.0108363
 0.253529 0.607704 0.103418 0.026768 0.0085806
 0.255683 0.538874 0.167252 0.0284626 0.00972863
 0.294561 0.517579 0.136008 0.0422133 0.00963922
 0.223859 0.60154 0.128105 0.0336631 0.0128339
 0.0621179 0.659255 0.215947 0.0459884 0.016692
pobs_RECLAS
 0 0 0 0 0
 0 0 0 0 0
 0 0 0 0 0
 0 0 0 0 0
 0.835266 0.146461 0.0176864 0.000547809 3.91292e-05
 0.385257 0.428462 0.181853 0.0044286 0
 0.867414 0.0963971 0.0333333 0.00285562 0
 0.441836 0.489002 0.0689373 0.000224442 0
 0.779404 0.147425 0.0564933 0.0165055 0.000172143
 0.814271 0.122319 0.05973 0.00367925 0
 0.40263 0.566651 0.0304383 0.000280538 0
 0.475488 0.404961 0.113038 0.00651328 0
 0.955842 0.0263864 0.0167828 0.000988607 0
 0.975058 0.0227948 0.00214734 0 0
 0.738997 0.206755 0.0527124 0.00153531 0
 0.850938 0.134255 0.0134407 0.00136685 0
 0.542534 0.407297 0.0501686 0 0
 0.764087 0.199537 0.0359546 0.000420521 0
 0.470689 0.182191 0.310203 0.0369168 0
 0.84361 0.089868 0.0606195 0.00523954 0.000663233
 0.607945 0.314616 0.071237 0.00620181 0
 0.523733 0.453247 0.0230204 0 0
 0.530135 0.295979 0.169645 0.0042399 0
 0.562478 0.366248 0.0663022 0.0049721 0
 0.250443 0.683176 0.0655157 0.000865301 0
ppred_RECLAS
 0.64299 0.247553 0.0971888 0.0122645 3.91902e-06
 0.705893 0.21554 0.0544793 0.0213884 0.00269991
 0.48731 0.40511 0.0788412 0.0199277 0.00881115
 0.75063 0.165477 0.0662893 0.012901 0.00470262
 0.738425 0.211071 0.0335139 0.0134255 0.00356524
 0.522349 0.369912 0.086937 0.0138039 0.00699824
 0.702102 0.18416 0.0880833 0.0207014 0.0049534
 0.674267 0.249298 0.0472524 0.0226008 0.00658261
 0.723565 0.21207 0.0492614 0.00933713 0.00576666
 0.714914 0.230987 0.0415026 0.0096406 0.00295585
 0.508585 0.386333 0.0851411 0.0152977 0.00464301
 0.564295 0.277612 0.124288 0.0273909 0.00641516
 0.697644 0.206523 0.0610609 0.0273372 0.00743566
 0.669076 0.272188 0.0401196 0.0118618 0.00675505
 0.760326 0.205235 0.0283265 0.00417523 0.00193745
 0.785838 0.19632 0.0152779 0.00210866 0.000455035
 0.629498 0.324715 0.0419733 0.00326641 0.000548117
 0.668386 0.245521 0.0754539 0.00975332 0.000886382
 0.662657 0.255456 0.0606278 0.0186323 0.00262732
 0.743157 0.191417 0.049545 0.0117586 0.00412324
 0.665363 0.272429 0.0463615 0.0119999 0.00384661
 0.669093 0.239572 0.0743565 0.0126539 0.00432513
 0.711691 0.211531 0.0555857 0.0172523 0.00393949
 0.63012 0.286672 0.06105 0.0160426 0.00611616
 0.281849 0.504802 0.165354 0.0352141 0.0127813
pobs_PELACES
 0 0 0 0 0
 0 0 0 0 0
 0 0 0 0 0
 0 0 0 0 0
 0 0 0 0 0
 0 0 0 0 0
 0 0 0 0 0
 0 0 0 0 0
 0 0 0 0 0
 0 0 0 0 0
 0.450072 0.473896 0.0757376 0.000293798 0
 0 0 0 0 0
 0.463077 0.371075 0.160297 0.00555027 0
 0.529543 0.364841 0.0842815 0.0213345 0
 0.631943 0.363953 0.00410389 0 0
 0.735681 0.248677 0.0153453 0.000297389 0
 0.695825 0.281241 0.0229344 0 0
 0.275771 0.60734 0.115278 0.00161068 0
 0 0 0 0 0
 0.896147 0.0623911 0.0374545 0.00400742 0
 0.803859 0.145111 0.0509908 3.86294e-05 0
 0.739449 0.233085 0.0266225 0.000797448 4.60066e-05
 0.878498 0.100942 0.0204185 0.000141795 0
 0.694673 0.275183 0.0284847 0.00165964 0
 0.469039 0.446079 0.0841089 0.000773354 0
ppred_PELACES
 0.715895 0.197 0.0773417 0.00975991 3.11871e-06
 0.773971 0.165648 0.0418687 0.0164376 0.00207495
 0.619908 0.300336 0.0584504 0.0147738 0.00653231
 0.798451 0.133744 0.0535771 0.010427 0.00380081
 0.772956 0.183206 0.0290896 0.0116531 0.00309458
 0.600262 0.309573 0.0727561 0.0115522 0.0058567
 0.755807 0.15096 0.0722038 0.0169694 0.0040604
 0.748833 0.192229 0.0364355 0.0174271 0.00507574
 0.793025 0.158783 0.0368835 0.00699098 0.00431767
 0.773812 0.183265 0.0329282 0.00764886 0.00234518
 0.608584 0.307717 0.0678155 0.0121848 0.00369819
 0.657632 0.218142 0.0976628 0.0215232 0.00504091
 0.794852 0.140125 0.0414296 0.0185482 0.00504507
 0.813895 0.153073 0.0225624 0.00667085 0.0037989
 0.884262 0.0991071 0.0136788 0.00201621 0.00093559
 0.857293 0.130818 0.0101805 0.00140511 0.000303213
 0.717065 0.247969 0.032053 0.0024944 0.000418571
 0.740251 0.192313 0.059102 0.00763965 0.000694291
 0.730303 0.20423 0.0484703 0.014896 0.00210047
 0.80124 0.148129 0.0383407 0.00909945 0.00319079
 0.716712 0.230626 0.0392475 0.0101586 0.00325637
 0.724393 0.199535 0.0619303 0.0105392 0.00360233
 0.765258 0.17223 0.0452582 0.0140469 0.00320755
 0.691604 0.239019 0.0509018 0.0133759 0.00509949
 0.343209 0.46167 0.151226 0.0322053 0.0116893
pobs_pel_tallas
 0 0 0 0 0 0 0 0 0 0 0 0 0 0 0 0 0 0 0 0 0 0 0 0 0 0 0 0 0 0 0 0 0 0 0 0
 0 0 0 0 0 0 0 0 0 0 0 0 0 0 0 0 0 0 0 0 0 0 0 0 0 0 0 0 0 0 0 0 0 0 0 0
 0 0 0 0 0 0 0 0 0 0 0 0 0 0 0 0 0 0 0 0 0 0 0 0 0 0 0 0 0 0 0 0 0 0 0 0
 0 0 0 0 0 0 0 0 0 0 0 0 0 0 0 0 0 0 0 0 0 0 0 0 0 0 0 0 0 0 0 0 0 0 0 0
 0 0 0 0 0 0 0 0 0 0 0 0 0 0 0 0 0 0 0 0 0 0 0 0 0 0 0 0 0 0 0 0 0 0 0 0
 0 0 0 0 0 0 0 0 0 0 0 0 0 0 0 0 0 0 0 0 0 0 0 0 0 0 0 0 0 0 0 0 0 0 0 0
 0 0 0 0 0 0 0 0 0 0 0 0 0 0 0 0 0 0 0 0 0 0 0 0 0 0 0 0 0 0 0 0 0 0 0 0
 0 0 0 0 0 0 0 0 0 0 0 0 0 0 0 0 0 0 0 0 0 0 0 0 0 0 0 0 0 0 0 0 0 0 0 0
 0 0 0 0 0 0 0 0 0 0 0 0 0 0 0 0 0 0 0 0 0 0 0 0 0 0 0 0 0 0 0 0 0 0 0 0
 0 0 0 0 0 0 0 0 0 0 0 0 0 0 0 0 0 0 0 0 0 0 0 0 0 0 0 0 0 0 0 0 0 0 0 0
 0 0 0 0 0 0 0 0 1.78061e-05 0.00172719 0.00360574 0.0105946 0.0120993 0.0124554 0.0147524 0.0171206 0.0266825 0.0428682 0.0675386 0.121331 0.153587 0.119568 0.100827 0.0573624 0.0630603 0.0341343 0.0324427 0.0444173 0.0211091 0.0280891 0.0125444 0.00206551 0 0 0 0
 0 0 0 0 0 0 0 0 0 0 0 0 0 0 0 0 0 0 0 0 0 0 0 0 0 0 0 0 0 0 0 0 0 0 0 0
 0 0 0 0 0 0 0.0133647 0.0140871 0.0187388 0.0205184 0.03894 0.0496705 0.03968 0.0493445 0.0407372 0.0367815 0.0215668 0.0243155 0.0234873 0.0199281 0.019796 0.0243948 0.0301388 0.0376714 0.0412746 0.0863199 0.0771752 0.113111 0.0741005 0.0525337 0.0229764 0.00759418 0.00175318 0 0 0
 0 0 0 0 0 0 0 0 0 0 0.00219441 0.00772107 0.0458388 0.0604681 0.0671733 0.0775358 0.0609151 0.0617685 0.073594 0.0568108 0.0755445 0.0548602 0.0670107 0.0636378 0.0643287 0.046367 0.0373049 0.0286899 0.0247887 0.0153202 0.00654259 0.00121912 0.000365735 0 0 0
 0 0 0 0 0 0 0 0 0 0 0 0 0.000112435 0.00938835 0.0111873 0.0202946 0.0414886 0.0713402 0.111592 0.104902 0.108894 0.110636 0.117776 0.105296 0.107544 0.0401394 0.0192827 0.0124803 0.00416011 0.0028671 0.000618394 0 0 0 0 0
 0 0 0 0 0 0 0 0 0 0 0.00291406 0.0102884 0.027416 0.0768956 0.0749926 0.110853 0.0956884 0.0897413 0.0766577 0.0534642 0.0500743 0.0551293 0.0594112 0.0620874 0.0668451 0.0424026 0.0208742 0.0120726 0.0048766 0.00582813 0.00118941 0.000297354 0 0 0 0
 0 0.00264628 0.0354308 0.0461629 0.0458689 0.0383711 0.0214643 0.0164657 0.0346957 0.0420465 0.0363128 0.0245516 0.0311673 0.0291091 0.0169068 0.0133784 0.00837989 0.0085269 0.0148486 0.0160247 0.0276389 0.0546898 0.0760071 0.122758 0.109233 0.0665981 0.0333725 0.0166128 0.00676272 0.00308733 0.000882094 0 0 0 0 0
 0 0 0 0 0 0 0 0.000805153 0.000690131 0.00759144 0.0133425 0.0154129 0.00931677 0.000345066 0.00356568 0.00563607 0.00851162 0.0253048 0.0502646 0.0516448 0.0657925 0.0565908 0.0611916 0.0827007 0.0866115 0.110766 0.145733 0.0935128 0.0569358 0.0249597 0.0138026 0.00621118 0.00161031 0.00115022 0 0
 0 0 0 0 0 0 0 0 0 0 0 0 0 0 0 0 0 0 0 0 0 0 0 0 0 0 0 0 0 0 0 0 0 0 0 0
 0.00147267 0.00158595 0.00478618 0.00569244 0.00954404 0.0108468 0.00647125 0.017049 0.0510054 0.094081 0.124002 0.0959785 0.0687766 0.0820023 0.061753 0.0591476 0.0492212 0.0479892 0.0443925 0.0268479 0.0217502 0.0140895 0.0121071 0.0120363 0.00920419 0.00665534 0.0049561 0.00860946 0.00930331 0.0156896 0.0114698 0.00855282 0.00243557 0.00046729 0 2.83206e-05
 0 0 0 0 0.000772559 0.00158375 0.000888443 0.00281984 0.00712685 0.0440552 0.0773331 0.111326 0.0921469 0.0852325 0.0710754 0.0886704 0.0786465 0.0553345 0.0373146 0.0185414 0.00753245 0.00457741 0.012979 0.0271748 0.0457355 0.0583668 0.034881 0.0177882 0.00938659 0.00492506 0.0015258 0.00185414 0.000309023 5.79419e-05 3.86279e-05 0
 0 0.00173294 0.00326652 0 0.00397197 0.00683976 0.00946217 0.0152591 0.00757587 0.0136028 0.0228656 0.0392903 0.0559909 0.0764795 0.0681675 0.0726916 0.0566044 0.0477403 0.0527397 0.0444891 0.0609904 0.0582453 0.0661739 0.0445044 0.0529084 0.0360697 0.0280645 0.0235558 0.0158879 0.00826598 0.00280645 0.00217768 0.000904811 0.00058276 9.20147e-05 0
 0 0 0 0 0 0 0 0 0 0 0 0 0 0 0 0 0 0 0 0 0 0 0 0 0 0 0 0 0 0 0 0 0 0 0 0
 0 0 0 0 0 0 0 0 0 0 0 0 0 0 0 0 0 0 0 0 0 0 0 0 0 0 0 0 0 0 0 0 0 0 0 0
 0 0 0 0 0 0 0 0 0 0 0 0 0 0 0 0 0 0 0 0 0 0 0 0 0 0 0 0 0 0 0 0 0 0 0 0
ppred_pel_tallas
 1.01498e-16 3.12372e-05 0.000183333 0.000871471 0.00335519 0.0104628 0.0264284 0.0540762 0.0896384 0.120385 0.131011 0.115581 0.0827801 0.0483987 0.0236532 0.0107011 0.00615108 0.00600226 0.00779661 0.010436 0.0134356 0.0164622 0.0191892 0.0213071 0.0225797 0.0228933 0.0222771 0.0208852 0.0189499 0.016723 0.0144245 0.0122133 0.0101815 0.00836718 0.00677463 0.00539321
 1.01311e-16 3.37682e-05 0.000198195 0.000942135 0.00362728 0.0113113 0.0285715 0.0584611 0.0969053 0.13014 0.141615 0.124907 0.0893952 0.0521371 0.0252383 0.011007 0.00575149 0.00512637 0.00646672 0.0085979 0.0110329 0.0134721 0.015639 0.0172776 0.018198 0.0183171 0.0176743 0.0164144 0.0147452 0.0128863 0.0110239 0.00928536 0.00773569 0.00639004 0.00523397 0.00424213
 1.01741e-16 2.70558e-05 0.000158775 0.0007547 0.00290556 0.00906066 0.0228867 0.0468304 0.0776314 0.104271 0.113506 0.10021 0.07193 0.0423749 0.0213054 0.0106456 0.00751285 0.00847874 0.0114127 0.0153058 0.0196158 0.0238762 0.0275976 0.03032 0.0317063 0.0316188 0.0301481 0.0275794 0.0243141 0.0207722 0.0173079 0.0141607 0.0114473 0.00918489 0.00732958 0.00581316
 1.01341e-16 3.48344e-05 0.000204457 0.000971913 0.00374194 0.0116689 0.0294747 0.0603088 0.0999671 0.134248 0.146077 0.128822 0.0921531 0.0536561 0.0258068 0.0109709 0.00532565 0.00437909 0.00538414 0.00714729 0.00920263 0.011293 0.0131923 0.0146904 0.0156267 0.0159222 0.0155938 0.0147414 0.0135167 0.012084 0.0105862 0.0091258 0.00776166 0.00651821 0.00539959 0.0044021
 1.01018e-16 3.37246e-05 0.000197938 0.000940908 0.00362255 0.0112966 0.0285343 0.058385 0.0967797 0.129973 0.141437 0.124758 0.0893086 0.0521257 0.0253055 0.0111593 0.00600531 0.00550608 0.00699635 0.00929123 0.0118838 0.0144474 0.0166762 0.0182894 0.0190838 0.018979 0.0180346 0.0164292 0.0144121 0.0122425 0.0101377 0.00824296 0.00662676 0.00529538 0.00421711 0.00334555
 1.01805e-16 2.61996e-05 0.000153747 0.000730795 0.00281352 0.00877362 0.0221617 0.0453471 0.0751731 0.100971 0.109918 0.0970544 0.0696901 0.0411062 0.020762 0.0105303 0.0076296 0.00874804 0.0118254 0.0158797 0.020371 0.0248234 0.0287329 0.0316227 0.0331407 0.0331383 0.0317003 0.0291119 0.0257795 0.022131 0.0185299 0.0152258 0.0123454 0.00991508 0.00789955 0.00623778
 1.01848e-16 3.29756e-05 0.000193543 0.000920022 0.00354214 0.0110459 0.0279009 0.0570888 0.0946305 0.127084 0.138288 0.121969 0.0872844 0.0508899 0.0246054 0.0106837 0.00551981 0.00487361 0.00615034 0.00821592 0.0106127 0.0130687 0.0153326 0.0171664 0.0183842 0.0188892 0.0186888 0.0178826 0.0166281 0.0150987 0.0134471 0.0117852 0.0101812 0.00866978 0.00726628 0.00597948
 1.01416e-16 3.26731e-05 0.000191763 0.000911553 0.00350952 0.0109441 0.027644 0.0565635 0.0937608 0.12592 0.13703 0.120881 0.0865527 0.0505577 0.0246202 0.0109871 0.00609973 0.00576234 0.00739585 0.00984925 0.0126211 0.0153775 0.0178004 0.0195954 0.0205469 0.020566 0.0197081 0.0181518 0.0161484 0.0139605 0.0118082 0.00983864 0.0081224 0.0066684 0.00544909 0.00442392
 1.01018e-16 3.45988e-05 0.000203072 0.000965321 0.00371656 0.0115898 0.0292748 0.0598999 0.0992899 0.133341 0.145095 0.12797 0.0915724 0.0533764 0.0257811 0.0111455 0.00568088 0.00492981 0.00615928 0.00816769 0.0104634 0.0127519 0.0147658 0.0162597 0.0170531 0.0170696 0.0163524 0.0150471 0.0133609 0.0115117 0.00968435 0.00800507 0.00653739 0.005294 0.00425643 0.00339376
 1.009e-16 3.3762e-05 0.000198157 0.00094195 0.00362656 0.0113091 0.0285659 0.0584497 0.0968869 0.130117 0.141593 0.124897 0.0894076 0.0521836 0.0253338 0.0111721 0.00601294 0.00551396 0.00700715 0.00930639 0.0119042 0.0144733 0.0167068 0.018323 0.0191169 0.0190066 0.0180504 0.0164261 0.0143832 0.012182 0.0100422 0.00811218 0.00646389 0.00510689 0.00401201 0.00313421
 1.01655e-16 2.65624e-05 0.000155877 0.000740923 0.00285251 0.00889523 0.0224688 0.0459755 0.0762146 0.10237 0.111439 0.0983932 0.0706428 0.0416509 0.021005 0.0106006 0.007614 0.00868452 0.0117219 0.0157314 0.0201701 0.0245623 0.0284065 0.0312293 0.032682 0.0326198 0.0311306 0.0285027 0.0251444 0.0214852 0.0178895 0.0146068 0.0117623 0.00938028 0.00742222 0.00582334
 1.02433e-16 2.86975e-05 0.00016842 0.000800572 0.00308221 0.00961154 0.0242781 0.0496767 0.0823469 0.110596 0.120368 0.106215 0.0761231 0.04461 0.0219953 0.0102809 0.00637208 0.00661115 0.00874813 0.0117673 0.0151978 0.01869 0.0218884 0.0244508 0.0261112 0.0267342 0.0263375 0.0250728 0.0231761 0.0209056 0.0184877 0.0160869 0.0138014 0.0116777 0.00973199 0.00796935
 1.01507e-16 3.46777e-05 0.000203537 0.000967536 0.00372509 0.0116164 0.029342 0.0600372 0.0995171 0.133645 0.145422 0.128247 0.0917494 0.0534361 0.0257288 0.0109852 0.00540147 0.00450688 0.00556535 0.00738451 0.00949324 0.0116261 0.0135481 0.0150426 0.0159468 0.0161856 0.0157851 0.0148584 0.0135708 0.0120977 0.0105879 0.00914337 0.00781704 0.00662362 0.00555645 0.00460231
 1.00777e-16 3.55085e-05 0.000208413 0.000990717 0.00381434 0.0118947 0.030045 0.0614758 0.101902 0.136848 0.148908 0.131326 0.0939594 0.0547382 0.026383 0.0113091 0.00562174 0.00474027 0.00585636 0.00773731 0.00988422 0.0120059 0.0138431 0.015161 0.0157906 0.0156662 0.0148398 0.0134635 0.0117485 0.00991425 0.00814439 0.00656149 0.00522269 0.00413207 0.00326096 0.00256783
 1.0034e-16 3.85747e-05 0.000226419 0.00107633 0.00414399 0.0129227 0.0326416 0.0667882 0.110706 0.148665 0.16175 0.142613 0.10195 0.059222 0.0282234 0.0115477 0.00493277 0.00338047 0.00383698 0.00498903 0.0063541 0.00770526 0.00886709 0.00968618 0.0100532 0.00992665 0.00934228 0.0084013 0.00724383 0.00601553 0.00483875 0.00379555 0.00292459 0.00222881 0.00168861 0.00127488
 1.0025e-16 3.73999e-05 0.00021952 0.00104352 0.00401766 0.0125288 0.0316466 0.0647525 0.107332 0.144138 0.156833 0.138296 0.0989065 0.057539 0.0275805 0.0115601 0.00535967 0.00414244 0.00494633 0.00648155 0.00824643 0.00997213 0.0114324 0.0124266 0.0128133 0.012543 0.0116697 0.0103351 0.00873247 0.00706118 0.00548763 0.00412197 0.00301372 0.00216227 0.00153503 0.00108572
 1.00642e-16 3.12902e-05 0.000183639 0.000872918 0.00336075 0.0104802 0.0264722 0.0541662 0.0897889 0.120591 0.131246 0.115813 0.0830009 0.048637 0.0239718 0.0111831 0.00688788 0.00708366 0.00929619 0.0123904 0.015821 0.0191753 0.0220421 0.0240417 0.0249015 0.02452 0.0229894 0.0205672 0.0176089 0.014484 0.0115029 0.0088742 0.00669624 0.00497608 0.00366262 0.00267943
 1.01197e-16 3.2299e-05 0.000189567 0.00090111 0.00346931 0.0108187 0.0273273 0.0559154 0.0926867 0.124478 0.135462 0.1195 0.0855691 0.0499941 0.0243666 0.0109103 0.00611044 0.00582292 0.00750118 0.0100094 0.012852 0.0156965 0.0182225 0.0201304 0.0211957 0.0213178 0.0205387 0.0190243 0.0170164 0.0147731 0.0125167 0.0104037 0.00851886 0.00688885 0.00550369 0.00433754
 1.01365e-16 3.18656e-05 0.000187022 0.000889008 0.00342272 0.0106734 0.0269602 0.0551645 0.0914423 0.122808 0.133648 0.117907 0.0844458 0.0493719 0.0241268 0.0109101 0.00625964 0.00609016 0.00788827 0.0105262 0.0135008 0.0164644 0.0190791 0.0210299 0.0220839 0.0221416 0.0212561 0.019612 0.0174725 0.0151152 0.0127753 0.010614 0.00871304 0.00708991 0.00572322 0.00457626
 1.01055e-16 3.49566e-05 0.000205173 0.000975314 0.00375504 0.0117098 0.0295779 0.0605199 0.100317 0.13472 0.146593 0.129284 0.0924978 0.0538859 0.0259713 0.0111324 0.00553629 0.00467622 0.0057915 0.00767404 0.00983923 0.0120069 0.0139269 0.0153695 0.0161648 0.0162388 0.0156278 0.014463 0.0129329 0.0112368 0.009544 0.00797117 0.00657827 0.00537965 0.00436193 0.00350087
 1.01134e-16 3.12741e-05 0.000183546 0.00087248 0.00335907 0.0104749 0.0264589 0.0541389 0.0897432 0.120528 0.131174 0.115741 0.0829299 0.0485569 0.0238612 0.0110132 0.00662657 0.00669832 0.008759 0.0116855 0.014953 0.0181763 0.0209745 0.0229938 0.0239775 0.0238237 0.0226071 0.0205532 0.017977 0.0152072 0.0125203 0.0101026 0.00804351 0.00635343 0.0049939 0.00390658
 1.01475e-16 3.16078e-05 0.000185508 0.000881814 0.00339502 0.010587 0.026742 0.054718 0.0907022 0.121814 0.132566 0.116951 0.0837596 0.0489671 0.0239228 0.0108081 0.00618964 0.00601643 0.00779818 0.0104204 0.0133895 0.0163664 0.0190207 0.0210422 0.0221979 0.0223825 0.0216375 0.0201317 0.018112 0.0158413 0.0135457 0.0113837 0.00944048 0.00774259 0.00628035 0.00502934
 1.01332e-16 3.33885e-05 0.000195965 0.000931534 0.00358646 0.011184 0.02825 0.0578033 0.0958152 0.128677 0.140025 0.123509 0.0884058 0.051582 0.0250106 0.010978 0.00583778 0.00529653 0.00671984 0.00894322 0.0114778 0.0140159 0.0162706 0.0179754 0.0189323 0.0190544 0.0183822 0.0170658 0.0153217 0.0133785 0.0114306 0.00961173 0.00799062 0.00658413 0.00537799 0.00434617
 1.01499e-16 3.01796e-05 0.00017712 0.000841927 0.00324143 0.0101081 0.0255322 0.052243 0.086601 0.11631 0.126587 0.111704 0.0800602 0.0469225 0.0231437 0.0108272 0.00671428 0.00695 0.00915487 0.012242 0.0156933 0.0191175 0.0221222 0.0243398 0.0255004 0.0254916 0.0243812 0.0223915 0.0198371 0.017048 0.0143031 0.0117918 0.0096079 0.00776765 0.0062401 0.00497565
 1.0395e-16 1.49972e-05 8.79648e-05 0.000418027 0.00160923 0.00501805 0.0126756 0.0259391 0.0430089 0.0577957 0.0629879 0.0557853 0.0404251 0.0245862 0.0137918 0.00924935 0.009506 0.0127719 0.0178943 0.024217 0.0311933 0.0381816 0.0444457 0.0492716 0.0521182 0.0527349 0.0512079 0.0479149 0.0434123 0.0382947 0.0330731 0.0281057 0.0235873 0.0195817 0.0160744 0.0130203
pSPR Fmed_Fpbrs
0.475881   0.350134 0.350134
Fs Fmed_Fpbrs
0.589783   1.005 1.005
SSBpbr Bo_Bmed_Bpbrs
827458  352398  248349 248349
Ro
30946
SPR SPRFo_SPRFmed_SPRFpbrs
635563 302452 222532
log_Ro
10.16
likeval ReclasPelacesDesembMPH_pf_preclas_ppelaces_ptallas_desvR_qrecl_qpela
 70.8084 13.1875 0.0341028 0.000195519 314.818 188.429 79.4294 0 18.3109 7.38545e-06 7.69394e-05 0 0 0 0
q_reclas_q_pelaces
0.680384 3.4831
M
0.7
N
 30807.8 12838 5040.17 636.03 0.203239
 41255.9 14044.1 3549.76 1393.63 175.921
 15187.4 18617.6 3623.29 915.813 404.932
 28635.9 6228.01 2494.91 485.551 176.991
 54546.9 13474.7 2139.52 857.08 227.604
 36047.3 26857.2 6312 1002.22 508.102
 64332.5 16593 7936.39 1865.22 446.306
 72472.4 30306 5744.27 2747.47 800.218
 95795.5 32544 7559.61 1432.87 884.946
 126734 42657.6 7664.5 1780.38 545.872
 63913.8 58534.4 12900 2317.8 703.476
 48274.2 28079.8 12571.4 2770.53 648.881
 50538.5 21350.8 6312.62 2826.18 768.717
 24597.9 20958.2 3089.17 913.35 520.133
 13446 8945.53 1234.66 181.985 84.4475
 13480.2 4624.88 359.914 49.6754 10.7196
 9206.74 5664.2 732.166 56.9781 9.56115
 10049.3 4059.87 1247.69 161.279 14.657
 11167.3 4556.1 1081.31 332.309 46.8587
 18518.8 5130.02 1327.82 315.134 110.504
 22043.3 8460.46 1439.79 372.665 119.459
 30448.5 10555.7 3276.2 557.537 190.568
 48920.5 14420.1 3789.27 1176.09 268.554
 51178.1 22978.6 4893.56 1285.92 490.251
 13389.5 24079.2 7887.43 1679.72 609.672
pred_Ctot
 1825.88 4230.59 1660.92 209.595 0.0669745
 2722.45 5036.67 1273.06 499.799 63.0908
 1923.8 10507.4 2044.92 516.867 228.536
 1082.91 1409.96 564.823 109.924 40.069
 333.298 551.234 87.5252 35.0621 9.31102
 1901.96 8056.36 1893.41 300.637 152.415
 2383.19 3689.72 1764.79 414.761 99.2434
 5017.82 11279.2 2137.88 1022.55 297.823
 7160.13 12835.4 2981.53 565.126 349.025
 6398.76 12340.6 2217.3 515.055 157.918
 5336.35 25046.1 5519.73 991.758 301.008
 3821.88 11558.1 5174.62 1140.4 267.09
 6055.97 11649.2 3444.22 1541.99 419.418
 4820.36 14847.9 2188.53 647.066 368.49
 3035.29 6715.14 926.825 136.611 63.3921
 1505.89 2414.36 187.888 25.9324 5.59604
 746.675 2373.01 306.74 23.8709 4.00563
 632.178 1402.58 431.045 55.7177 5.06362
 604.409 1395.41 331.175 101.777 14.3516
 1070.61 1657.23 428.947 101.803 35.6979
 567.016 1359.13 231.294 59.8665 19.1904
 1016.87 2143.15 665.175 113.198 38.6916
 1909.89 3355.91 881.859 273.705 62.4994
 1939.59 5211.94 1109.94 291.668 111.197
 561.522 5959.4 1952.08 415.717 150.889
F
 0.0855628 0.585531 0.585531 0.585531 0.585531
 0.0956883 0.654822 0.654822 0.654822 0.654822
 0.191407 1.30985 1.30985 1.30985 1.30985
 0.0538448 0.368475 0.368475 0.368475 0.368475
 0.00852846 0.0583627 0.0583627 0.0583627 0.0583627
 0.0758517 0.519075 0.519075 0.519075 0.519075
 0.0527199 0.360777 0.360777 0.360777 0.360777
 0.100613 0.688525 0.688525 0.688525 0.688525
 0.109011 0.745994 0.745994 0.745994 0.745994
 0.0724767 0.495979 0.495979 0.495979 0.495979
 0.122483 0.838187 0.838187 0.838187 0.838187
 0.115807 0.792501 0.792501 0.792501 0.792501
 0.180204 1.23319 1.23319 1.23319 1.23319
 0.311507 2.13173 2.13173 2.13173 2.13173
 0.367228 2.51304 2.51304 2.51304 2.51304
 0.167054 1.1432 1.1432 1.1432 1.1432
 0.118784 0.812873 0.812873 0.812873 0.812873
 0.0910354 0.622981 0.622981 0.622981 0.622981
 0.077876 0.532927 0.532927 0.532927 0.532927
 0.0833833 0.570616 0.570616 0.570616 0.570616
 0.0363451 0.24872 0.24872 0.24872 0.24872
 0.0474174 0.324491 0.324491 0.324491 0.324491
 0.0556311 0.380699 0.380699 0.380699 0.380699
 0.0539645 0.369294 0.369294 0.369294 0.369294
 0.0598697 0.409705 0.409705 0.409705 0.409705
nmprior
 10.6 11 7 0
nm_flota  nm_reclas  nm_pelaces    nm_pelaL
inf 19.0908 15.1618 34.2748
cv_recla  cv_pelaces  cv_mph
0.761145 0.411768 0.453662
 ------------------------------------------------
Talla a la edad & desviación 
 7.2 14.2025 17.0495 18.207 18.6776
 1.08 2.13037 2.55742 2.73105 2.80164
