years
 1997 1998 1999 2000 2001 2002 2003 2004 2005 2006 2007 2008 2009 2010 2011 2012 2013 2014 2015 2016 2017 2018 2019 2020 2021
reclasobs
 0 0 0 370054 412103 1.49427e+06 250295 1.28982e+06 931140 785840 897777 1.04006e+06 184774 17550 25797 100020 73551 82996 120727 218422 84188 347160 605670 569463 516374
reclaspred
 370350 94578 250053 189848 314135 372441 837543 584894 703592 699011 564095 379332 234745 107050 73440.7 74252 91836.3 122462 125078 185569 276120 250908 433671 538293 531942
pelacesobs
 0 0 0 0 0 0 0 0 0 2.06254e+06 1.5e+06 0 1.87456e+06 323000 250000 174000 83755 137374 0 501740 490994 745055 786931 1.00524e+06 1.33801e+06
pelacespred
 835393 189908 312743 361161 518877 509739 1.34852e+06 1.12857e+06 1.2287e+06 1.22374e+06 891985 621442 383694 144344 97585.1 106119 137361 186075 195784 281529 467019 414735 565717 834205 848736
mphobs
 0 0 0 0 0 112323 0 153150 637223 0 255016 313432 73983 77613 109348 50772 0 0 0 0 0 0 0 0 0
mphpred
 596378 325380 362960 388917 467527 805432 1.1963e+06 1.44481e+06 1.30012e+06 1.43122e+06 1.46732e+06 1.0477e+06 643493 340976 159794 135569 164140 223058 269912 301969 474213 572310 710438 1.00861e+06 1.28103e+06
desembarqueobs
 350755 77701 442110 56441 14545 235359 269955 359681 431902 328805 639364 411747 362871 311530 167758 66681 60226 58785 57116 73181 50977 67692 138656 160484 209506
desembarquepred
 350753 77694 442018 56440.5 14545 235389 269978 359642 431879 328782 639396 411885 363045 311804 167734 66684.1 60241 58782.2 57108.3 73173.4 50975.6 67682.7 138648 160478 209496
Reclutas
 38730.5 51546.2 26793 50756 90106.9 60813.9 103869 106267 142471 154181 67668.4 39038 43871.8 23010.2 17255.5 20556.9 16285.1 17716.1 19154.2 38628.2 47610.7 58920.7 97077.2 108610 31038.9
log_desv_Rt
 -0.195618 0.0902328 -0.564105 0.0747842 0.648752 0.255574 0.790882 0.81371 1.10689 1.18589 0.362375 -0.18771 -0.0709727 -0.716307 -1.00411 -0.829049 -1.06199 -0.977774 -0.899725 -0.198261 0.010813 0.223948 0.723262 0.83552 -0.417005
SSB
 596378 325380 362960 388917 467527 805432 1.1963e+06 1.44481e+06 1.30012e+06 1.43122e+06 1.46732e+06 1.0477e+06 643493 340976 159794 135569 164140 223058 269912 301969 474213 572310 710438 1.00861e+06 1.28103e+06
BT
 1.77068e+06 473689 801422 706677 940599 1.09747e+06 2.59941e+06 2.42682e+06 2.59472e+06 2.50622e+06 2.17031e+06 1.49035e+06 1.04417e+06 558326 316960 245097 295229 380325 399989 564009 877629 806412 1.10864e+06 1.62578e+06 1.69122e+06
Ftot
 0.508861 0.492475 0.811663 0.170413 0.0288442 0.262852 0.168186 0.320884 0.342567 0.246884 0.464878 0.426726 0.686812 1.20892 1.18359 0.475654 0.342183 0.237144 0.206355 0.220344 0.0959837 0.124451 0.149933 0.145407 0.150454
BD_Bspro_t
 0.936037 0.701202 0.632522 0.469128 0.640395 0.79872 0.759828 0.771215 0.724017 0.703864 0.685489 0.536158 0.421465 0.312862 0.195427 0.205142 0.308756 0.463014 0.567752 0.648758 0.760434 0.833132 0.83759 0.841436 0.837153
BD_Bspro
 0.616537 0.336379 0.375229 0.402064 0.483331 0.832658 1.23673 1.49365 1.34407 1.4796 1.51692 1.08311 0.665245 0.352502 0.165196 0.140151 0.169688 0.230598 0.279035 0.312177 0.490243 0.591656 0.734453 1.04271 1.32434
BD_Bo
 0.524975 0.286423 0.319503 0.342353 0.411551 0.709 1.05307 1.27183 1.14446 1.25987 1.29164 0.92226 0.56645 0.300152 0.140662 0.119337 0.144488 0.196352 0.237596 0.265815 0.417437 0.503789 0.625379 0.887855 1.12766
BD_Brms
 1.80108 0.982657 1.09615 1.17454 1.41194 2.43243 3.61284 4.36337 3.92641 4.32233 4.43135 3.16408 1.94337 1.02976 0.482582 0.409421 0.495707 0.673641 0.815141 0.911955 1.43214 1.72839 2.14554 3.04604 3.86875
S_f
 0.173862 1 1 1 1
 0.173862 1 1 1 1
 0.173862 1 1 1 1
 0.173862 1 1 1 1
 0.173862 1 1 1 1
 0.173862 1 1 1 1
 0.173862 1 1 1 1
 0.173862 1 1 1 1
 0.173862 1 1 1 1
 0.173862 1 1 1 1
 0.173862 1 1 1 1
 0.173862 1 1 1 1
 0.173862 1 1 1 1
 0.173862 1 1 1 1
 0.173862 1 1 1 1
 0.173862 1 1 1 1
 0.173862 1 1 1 1
 0.173862 1 1 1 1
 0.173862 1 1 1 1
 0.173862 1 1 1 1
 0.173862 1 1 1 1
 0.173862 1 1 1 1
 0.173862 1 1 1 1
 0.173862 1 1 1 1
 0.173862 1 1 1 1
Scru_reclas
 1 1 1 1 1
 1 1 1 1 1
 1 1 1 1 1
 1 1 1 1 1
 1 1 1 1 1
 1 1 1 1 1
 1 1 1 1 1
 1 1 1 1 1
 1 1 1 1 1
 1 1 1 1 1
 1 1 1 1 1
 1 1 1 1 1
 1 1 1 1 1
 1 1 1 1 1
 1 1 1 1 1
 1 1 1 1 1
 1 1 1 1 1
 1 1 1 1 1
 1 1 1 1 1
 1 1 1 1 1
 1 1 1 1 1
 1 1 1 1 1
 1 1 1 1 1
 1 1 1 1 1
 1 1 1 1 1
Scru_pelaces
 1 1 1 1 1
 1 1 1 1 1
 1 1 1 1 1
 1 1 1 1 1
 1 1 1 1 1
 1 1 1 1 1
 1 1 1 1 1
 1 1 1 1 1
 1 1 1 1 1
 1 1 1 1 1
 1 1 1 1 1
 1 1 1 1 1
 1 1 1 1 1
 1 1 1 1 1
 1 1 1 1 1
 1 1 1 1 1
 1 1 1 1 1
 1 1 1 1 1
 1 1 1 1 1
 1 1 1 1 1
 1 1 1 1 1
 1 1 1 1 1
 1 1 1 1 1
 1 1 1 1 1
 1 1 1 1 1
pf_obs 
 0.256992 0.487395 0.22802 0.0275931 0
 0.321318 0.546541 0.124235 0.00734118 0.000564706
 0.182869 0.594174 0.210203 0.0122559 0.00049798
 0.330522 0.361315 0.267642 0.0388342 0.00168674
 0.649043 0.306663 0.0425973 0.00169635 0
 0.582887 0.30429 0.105238 0.00758474 0
 0.465427 0.430635 0.0974691 0.00646863 0
 0.296916 0.608066 0.0921331 0.00288517 0
 0.311714 0.524322 0.152257 0.0117073 0
 0.15457 0.633149 0.183074 0.0267441 0.00246327
 0.131901 0.49318 0.331252 0.0422183 0.00144891
 0.196976 0.569456 0.194076 0.0375587 0.00193317
 0.518974 0.381816 0.0799577 0.0180837 0.00116848
 0.0928022 0.601141 0.25162 0.0475244 0.00691264
 0.122501 0.610282 0.24278 0.0234846 0.000952079
 0.383417 0.481906 0.127806 0.00687128 0
 0.0376549 0.599619 0.316969 0.0457579 0
 0.0361596 0.667082 0.258105 0.0386534 0
 0.158088 0.579412 0.248529 0.0139706 0
 0.0477256 0.309471 0.559284 0.082774 0.000745712
 0.0406174 0.521527 0.379366 0.0568643 0.0016247
 0.151134 0.462217 0.34131 0.0453401 0
 0.294876 0.26143 0.354403 0.0886775 0.000613685
 0.281977 0.475581 0.204845 0.0348837 0.00271318
 0.0354234 0.537034 0.353287 0.0723622 0.0018943
pf_pred 
 0.286326 0.499081 0.191439 0.0231428 1.1033e-05
 0.310691 0.514667 0.122129 0.0468465 0.00566592
 0.166182 0.639174 0.145329 0.0344862 0.0148282
 0.338716 0.41719 0.187113 0.0425439 0.0144364
 0.330032 0.510087 0.100866 0.045239 0.0137764
 0.162034 0.621512 0.1648 0.0325878 0.0190667
 0.270353 0.406624 0.239583 0.0635277 0.019912
 0.223648 0.541483 0.13089 0.0771206 0.0268588
 0.269398 0.481143 0.17399 0.042058 0.0334109
 0.238631 0.543522 0.143465 0.0518795 0.0225029
 0.112041 0.594398 0.209566 0.0553158 0.0286797
 0.107813 0.424273 0.313221 0.110432 0.0442618
 0.197453 0.369235 0.206058 0.152123 0.0751307
 0.168199 0.552464 0.128517 0.0717211 0.0790986
 0.244075 0.515644 0.15959 0.0371246 0.0435672
 0.31801 0.526259 0.10623 0.0328777 0.0166236
 0.207633 0.611001 0.139951 0.0282503 0.0131642
 0.219484 0.499018 0.217065 0.0497194 0.014713
 0.214716 0.505641 0.178788 0.07777 0.0230848
 0.334204 0.422134 0.156893 0.0554754 0.0312938
 0.261302 0.562893 0.111465 0.041428 0.0229116
 0.238644 0.517906 0.185511 0.0367353 0.0212042
 0.289949 0.466083 0.165957 0.0594448 0.018566
 0.232686 0.549262 0.143131 0.0509642 0.0239566
 0.065886 0.608255 0.233258 0.060784 0.0318169
pobs_RECLAS
 0 0 0 0 0
 0 0 0 0 0
 0 0 0 0 0
 0 0 0 0 0
 0.835266 0.146461 0.0176864 0.000547809 3.91292e-05
 0.385257 0.428462 0.181853 0.0044286 0
 0.867414 0.0963971 0.0333333 0.00285562 0
 0.441836 0.489002 0.0689373 0.000224442 0
 0.779404 0.147425 0.0564933 0.0165055 0.000172143
 0.814271 0.122319 0.05973 0.00367925 0
 0.40263 0.566651 0.0304383 0.000280538 0
 0.475488 0.404961 0.113038 0.00651328 0
 0.955842 0.0263864 0.0167828 0.000988607 0
 0.975058 0.0227948 0.00214734 0 0
 0.738997 0.206755 0.0527124 0.00153531 0
 0.850938 0.134255 0.0134407 0.00136685 0
 0.542534 0.407297 0.0501686 0 0
 0.764087 0.199537 0.0359546 0.000420521 0
 0.470689 0.182191 0.310203 0.0369168 0
 0.84361 0.089868 0.0606195 0.00523954 0.000663233
 0.607945 0.314616 0.071237 0.00620181 0
 0.523733 0.453247 0.0230204 0 0
 0.530135 0.295979 0.169645 0.0042399 0
 0.562478 0.366248 0.0663022 0.0049721 0
 0.250443 0.683176 0.0655157 0.000865301 0
ppred_RECLAS
 0.704868 0.206389 0.0791672 0.00957043 4.56258e-06
 0.728214 0.202927 0.048154 0.018471 0.002234
 0.550012 0.344944 0.0784301 0.0186112 0.00800237
 0.748336 0.15877 0.0712092 0.0161909 0.00549404
 0.739402 0.198409 0.0392338 0.0175966 0.0053586
 0.53036 0.348328 0.0923622 0.0182639 0.010686
 0.682613 0.176876 0.104215 0.0276337 0.00866146
 0.628158 0.259349 0.0626913 0.0369377 0.0128643
 0.68412 0.208025 0.0752257 0.018184 0.0144454
 0.646453 0.252388 0.0666189 0.0240907 0.0104494
 0.428019 0.382883 0.134992 0.0356317 0.0184741
 0.41671 0.277379 0.204776 0.0721976 0.0289373
 0.598272 0.184826 0.103146 0.0761478 0.0376079
 0.565678 0.288468 0.0671046 0.037449 0.0413011
 0.674533 0.222013 0.0687122 0.0159842 0.0187581
 0.734603 0.204794 0.0413393 0.0127944 0.00646909
 0.606154 0.303698 0.0695629 0.0140418 0.00654327
 0.621132 0.242227 0.105365 0.0241341 0.00714179
 0.614034 0.248522 0.0878743 0.0382239 0.0113462
 0.745109 0.161608 0.0600644 0.021238 0.0119804
 0.671556 0.250276 0.0495604 0.01842 0.0101871
 0.644723 0.241674 0.0865663 0.0171421 0.00989469
 0.70306 0.194914 0.0694024 0.0248595 0.00776424
 0.637393 0.259563 0.0676388 0.0240839 0.0113211
 0.290265 0.46215 0.177228 0.0461834 0.0241743
pobs_PELACES
 0 0 0 0 0
 0 0 0 0 0
 0 0 0 0 0
 0 0 0 0 0
 0 0 0 0 0
 0 0 0 0 0
 0 0 0 0 0
 0 0 0 0 0
 0 0 0 0 0
 0 0 0 0 0
 0.450072 0.473896 0.0757376 0.000293798 0
 0 0 0 0 0
 0.463077 0.371075 0.160297 0.00555027 0
 0.529543 0.364841 0.0842815 0.0213345 0
 0.631943 0.363953 0.00410389 0 0
 0.735681 0.248677 0.0153453 0.000297389 0
 0.695825 0.281241 0.0229344 0 0
 0.275771 0.60734 0.115278 0.00161068 0
 0 0 0 0 0
 0.896147 0.0623911 0.0374545 0.00400742 0
 0.803859 0.145111 0.0509908 3.86294e-05 0
 0.739449 0.233085 0.0266225 0.000797448 4.60066e-05
 0.878498 0.100942 0.0204185 0.000141795 0
 0.694673 0.275183 0.0284847 0.00165964 0
 0.469039 0.446079 0.0841089 0.000773354 0
ppred_PELACES
 0.732887 0.186796 0.0716515 0.00866186 4.12943e-06
 0.753959 0.183705 0.0435926 0.0167213 0.00202239
 0.603962 0.303588 0.069027 0.0163799 0.00704296
 0.756985 0.153314 0.0687622 0.0156345 0.00530524
 0.740914 0.197258 0.0390061 0.0174945 0.0053275
 0.548163 0.335124 0.088861 0.0175716 0.0102809
 0.692463 0.171387 0.100981 0.0267761 0.00839266
 0.648352 0.245264 0.0592866 0.0349317 0.0121657
 0.703947 0.194968 0.070504 0.0170426 0.0135387
 0.66168 0.241518 0.0637496 0.0230531 0.00999933
 0.459291 0.36195 0.127612 0.0336837 0.0174641
 0.445231 0.263816 0.194763 0.0686673 0.0275223
 0.642335 0.164554 0.0918324 0.0677957 0.0334829
 0.644241 0.236288 0.0549663 0.0306749 0.0338303
 0.741051 0.176639 0.0546691 0.0127174 0.0149244
 0.759105 0.185887 0.0375228 0.0116132 0.00587185
 0.628191 0.286705 0.0656707 0.0132562 0.00617716
 0.636223 0.232579 0.101168 0.0231729 0.00685732
 0.627278 0.239994 0.0848589 0.0369123 0.0109568
 0.756349 0.154481 0.0574157 0.0203015 0.0114521
 0.677302 0.245898 0.0486934 0.0180977 0.0100089
 0.652456 0.236414 0.0846821 0.016769 0.00967932
 0.711522 0.189359 0.0674246 0.0241511 0.00754298
 0.646505 0.253041 0.0659393 0.0234788 0.0110366
 0.298787 0.4566 0.1751 0.0456289 0.0238841
pobs_pel_tallas
 0 0 0 0 0 0 0 0 0 0 0 0 0 0 0 0 0 0 0 0 0 0 0 0 0 0 0 0 0 0 0 0 0 0 0 0
 0 0 0 0 0 0 0 0 0 0 0 0 0 0 0 0 0 0 0 0 0 0 0 0 0 0 0 0 0 0 0 0 0 0 0 0
 0 0 0 0 0 0 0 0 0 0 0 0 0 0 0 0 0 0 0 0 0 0 0 0 0 0 0 0 0 0 0 0 0 0 0 0
 0 0 0 0 0 0 0 0 0 0 0 0 0 0 0 0 0 0 0 0 0 0 0 0 0 0 0 0 0 0 0 0 0 0 0 0
 0 0 0 0 0 0 0 0 0 0 0 0 0 0 0 0 0 0 0 0 0 0 0 0 0 0 0 0 0 0 0 0 0 0 0 0
 0 0 0 0 0 0 0 0 0 0 0 0 0 0 0 0 0 0 0 0 0 0 0 0 0 0 0 0 0 0 0 0 0 0 0 0
 0 0 0 0 0 0 0 0 0 0 0 0 0 0 0 0 0 0 0 0 0 0 0 0 0 0 0 0 0 0 0 0 0 0 0 0
 0 0 0 0 0 0 0 0 0 0 0 0 0 0 0 0 0 0 0 0 0 0 0 0 0 0 0 0 0 0 0 0 0 0 0 0
 0 0 0 0 0 0 0 0 0 0 0 0 0 0 0 0 0 0 0 0 0 0 0 0 0 0 0 0 0 0 0 0 0 0 0 0
 0 0 0 0 0 0 0 0 0 0 0 0 0 0 0 0 0 0 0 0 0 0 0 0 0 0 0 0 0 0 0 0 0 0 0 0
 0 0 0 0 0 0 0 0 1.78061e-05 0.00172719 0.00360574 0.0105946 0.0120993 0.0124554 0.0147524 0.0171206 0.0266825 0.0428682 0.0675386 0.121331 0.153587 0.119568 0.100827 0.0573624 0.0630603 0.0341343 0.0324427 0.0444173 0.0211091 0.0280891 0.0125444 0.00206551 0 0 0 0
 0 0 0 0 0 0 0 0 0 0 0 0 0 0 0 0 0 0 0 0 0 0 0 0 0 0 0 0 0 0 0 0 0 0 0 0
 0 0 0 0 0 0 0.0133647 0.0140871 0.0187388 0.0205184 0.03894 0.0496705 0.03968 0.0493445 0.0407372 0.0367815 0.0215668 0.0243155 0.0234873 0.0199281 0.019796 0.0243948 0.0301388 0.0376714 0.0412746 0.0863199 0.0771752 0.113111 0.0741005 0.0525337 0.0229764 0.00759418 0.00175318 0 0 0
 0 0 0 0 0 0 0 0 0 0 0.00219441 0.00772107 0.0458388 0.0604681 0.0671733 0.0775358 0.0609151 0.0617685 0.073594 0.0568108 0.0755445 0.0548602 0.0670107 0.0636378 0.0643287 0.046367 0.0373049 0.0286899 0.0247887 0.0153202 0.00654259 0.00121912 0.000365735 0 0 0
 0 0 0 0 0 0 0 0 0 0 0 0 0.000112435 0.00938835 0.0111873 0.0202946 0.0414886 0.0713402 0.111592 0.104902 0.108894 0.110636 0.117776 0.105296 0.107544 0.0401394 0.0192827 0.0124803 0.00416011 0.0028671 0.000618394 0 0 0 0 0
 0 0 0 0 0 0 0 0 0 0 0.00291406 0.0102884 0.027416 0.0768956 0.0749926 0.110853 0.0956884 0.0897413 0.0766577 0.0534642 0.0500743 0.0551293 0.0594112 0.0620874 0.0668451 0.0424026 0.0208742 0.0120726 0.0048766 0.00582813 0.00118941 0.000297354 0 0 0 0
 0 0.00264628 0.0354308 0.0461629 0.0458689 0.0383711 0.0214643 0.0164657 0.0346957 0.0420465 0.0363128 0.0245516 0.0311673 0.0291091 0.0169068 0.0133784 0.00837989 0.0085269 0.0148486 0.0160247 0.0276389 0.0546898 0.0760071 0.122758 0.109233 0.0665981 0.0333725 0.0166128 0.00676272 0.00308733 0.000882094 0 0 0 0 0
 0 0 0 0 0 0 0 0.000805153 0.000690131 0.00759144 0.0133425 0.0154129 0.00931677 0.000345066 0.00356568 0.00563607 0.00851162 0.0253048 0.0502646 0.0516448 0.0657925 0.0565908 0.0611916 0.0827007 0.0866115 0.110766 0.145733 0.0935128 0.0569358 0.0249597 0.0138026 0.00621118 0.00161031 0.00115022 0 0
 0 0 0 0 0 0 0 0 0 0 0 0 0 0 0 0 0 0 0 0 0 0 0 0 0 0 0 0 0 0 0 0 0 0 0 0
 0.00147267 0.00158595 0.00478618 0.00569244 0.00954404 0.0108468 0.00647125 0.017049 0.0510054 0.094081 0.124002 0.0959785 0.0687766 0.0820023 0.061753 0.0591476 0.0492212 0.0479892 0.0443925 0.0268479 0.0217502 0.0140895 0.0121071 0.0120363 0.00920419 0.00665534 0.0049561 0.00860946 0.00930331 0.0156896 0.0114698 0.00855282 0.00243557 0.00046729 0 2.83206e-05
 0 0 0 0 0.000772559 0.00158375 0.000888443 0.00281984 0.00712685 0.0440552 0.0773331 0.111326 0.0921469 0.0852325 0.0710754 0.0886704 0.0786465 0.0553345 0.0373146 0.0185414 0.00753245 0.00457741 0.012979 0.0271748 0.0457355 0.0583668 0.034881 0.0177882 0.00938659 0.00492506 0.0015258 0.00185414 0.000309023 5.79419e-05 3.86279e-05 0
 0 0.00173294 0.00326652 0 0.00397197 0.00683976 0.00946217 0.0152591 0.00757587 0.0136028 0.0228656 0.0392903 0.0559909 0.0764795 0.0681675 0.0726916 0.0566044 0.0477403 0.0527397 0.0444891 0.0609904 0.0582453 0.0661739 0.0445044 0.0529084 0.0360697 0.0280645 0.0235558 0.0158879 0.00826598 0.00280645 0.00217768 0.000904811 0.00058276 9.20147e-05 0
 0 0 0 0 0 0 0 0 0 0 0 0 0 0 0 0 0 0 0 0 0 0 0 0 0 0 0 0 0 0 0 0 0 0 0 0
 0 0 0 0 0 0 0 0 0 0 0 0 0 0 0 0 0 0 0 0 0 0 0 0 0 0 0 0 0 0 0 0 0 0 0 0
 0 0 0 0 0 0 0 0 0 0 0 0 0 0 0 0 0 0 0 0 0 0 0 0 0 0 0 0 0 0 0 0 0 0 0 0
ppred_pel_tallas
 1.01376e-16 3.19777e-05 0.000187681 0.000892145 0.0034348 0.0107111 0.0270554 0.0553591 0.0917644 0.123239 0.134113 0.118309 0.0847142 0.0494901 0.0241128 0.0107839 0.00602401 0.00573167 0.00738883 0.00987587 0.0127086 0.015565 0.0181341 0.0201228 0.0213074 0.0215813 0.0209739 0.019633 0.0177809 0.0156578 0.0134735 0.0113792 0.009462 0.00775683 0.0062663 0.00497854
 1.01348e-16 3.28963e-05 0.000193075 0.000917788 0.00353353 0.011019 0.0278331 0.0569504 0.0944018 0.12678 0.137964 0.121699 0.0871276 0.0508709 0.0247306 0.0109654 0.00598862 0.00557418 0.0071264 0.00949181 0.0121756 0.0148556 0.0172266 0.0190054 0.0199824 0.0200676 0.0193075 0.017866 0.0159776 0.013889 0.0118092 0.00988096 0.00817612 0.00671001 0.00546398 0.00440659
 1.01971e-16 2.63606e-05 0.000154693 0.000735295 0.00283085 0.00882766 0.0222981 0.0456263 0.0756357 0.101592 0.110592 0.0976447 0.0701041 0.0413307 0.0208388 0.0105093 0.00754039 0.00859729 0.0116072 0.0155858 0.0199976 0.0243752 0.0282253 0.0310815 0.0325992 0.0326332 0.0312663 0.0287768 0.0255609 0.0220346 0.0185505 0.015349 0.0125506 0.0101786 0.00819709 0.00654689
 1.01812e-16 3.30271e-05 0.000193845 0.000921456 0.00354767 0.0110631 0.0279444 0.0571779 0.0947781 0.127283 0.138504 0.12216 0.0874235 0.0509751 0.024654 0.0107171 0.00555437 0.00491872 0.00621053 0.00829212 0.0107023 0.0131649 0.0154251 0.0172417 0.0184278 0.018888 0.0186339 0.0177711 0.016464 0.0148921 0.0132127 0.0115398 0.00994119 0.00844866 0.00707371 0.00582061
 1.01469e-16 3.2328e-05 0.000189737 0.000901919 0.00347243 0.0108284 0.0273518 0.0559656 0.09277 0.12459 0.135585 0.11961 0.0856518 0.05005 0.0244076 0.0109512 0.006163 0.00589445 0.00759425 0.0101212 0.0129733 0.0158111 0.0183085 0.0201633 0.0211537 0.0211876 0.0203207 0.0187348 0.0166869 0.0144454 0.0122355 0.0102088 0.00843797 0.00693332 0.00566785 0.00460124
 1.02455e-16 2.39289e-05 0.000140414 0.000667401 0.00256943 0.00801242 0.020239 0.0414133 0.0686536 0.0922193 0.100404 0.0886852 0.0637492 0.0377402 0.0193179 0.0102184 0.0079276 0.00944125 0.012884 0.017343 0.0222833 0.0272036 0.0315626 0.034844 0.036663 0.0368513 0.0354901 0.0328745 0.0294298 0.0256051 0.0217829 0.0182265 0.0150718 0.0123517 0.0100368 0.00807341
 1.02802e-16 3.02144e-05 0.00017733 0.00084294 0.00324535 0.0101203 0.0255631 0.0523057 0.0867031 0.116442 0.126716 0.111784 0.0800432 0.0467638 0.0227907 0.0102065 0.00572885 0.00549031 0.00712338 0.0095856 0.0124375 0.0153931 0.018173 0.020506 0.0221741 0.023054 0.0231356 0.0225091 0.0213292 0.0197709 0.0179908 0.0161076 0.0141994 0.0123151 0.0104891 0.00875276
 1.02691e-16 2.82938e-05 0.000166048 0.00078929 0.00303876 0.00947606 0.0239359 0.0489768 0.0811874 0.109041 0.118682 0.104742 0.0751006 0.0440767 0.0218541 0.0104169 0.00672314 0.00717035 0.0095347 0.0127961 0.0164577 0.0201319 0.0234223 0.0259548 0.0274497 0.0277832 0.0270097 0.0253359 0.0230592 0.020491 0.0178925 0.0154384 0.0132139 0.0112346 0.00947773 0.00791027
 1.02283e-16 3.07161e-05 0.000180273 0.000856928 0.0032992 0.0102882 0.0259873 0.0531737 0.0881425 0.118376 0.128825 0.113654 0.0814019 0.0475974 0.02327 0.0105425 0.00608117 0.00595373 0.00774485 0.0103765 0.013374 0.0164114 0.0191697 0.0213467 0.0227117 0.0231536 0.0227004 0.0215 0.0197741 0.0177601 0.0156615 0.0136204 0.0117145 0.0099711 0.00838923 0.0069592
 1.02244e-16 2.88749e-05 0.00016946 0.000805509 0.00310121 0.0096708 0.0244278 0.0499832 0.0828554 0.111281 0.121118 0.106886 0.0766264 0.0449491 0.0222436 0.0105305 0.00670068 0.00707426 0.00938016 0.0125792 0.0161703 0.0197671 0.0229766 0.0254278 0.0268434 0.0271002 0.0262525 0.0245062 0.0221589 0.0195243 0.0168678 0.0143705 0.012124 0.0101493 0.00842688 0.00692304
 1.03903e-16 2.00548e-05 0.000117667 0.000559253 0.00215302 0.00671387 0.016959 0.0347025 0.0575312 0.0772871 0.0841677 0.0743942 0.0535862 0.0319447 0.0167602 0.0095296 0.00819025 0.0102607 0.0141845 0.0191785 0.0247353 0.030337 0.0354065 0.0393843 0.0418431 0.0425789 0.0416471 0.0393274 0.0360372 0.0322235 0.0282699 0.0244451 0.0208959 0.0176738 0.0147755 0.0121795
 1.06497e-16 1.94379e-05 0.000114054 0.000542096 0.00208699 0.00650799 0.0164388 0.0336375 0.0557634 0.0749054 0.0815562 0.0720437 0.0518014 0.030698 0.015775 0.00845564 0.00671837 0.00815217 0.0112727 0.0153859 0.0201084 0.0250801 0.0298925 0.0341291 0.0374401 0.0396061 0.0405666 0.0404036 0.039293 0.0374438 0.0350484 0.0322583 0.0291861 0.0259225 0.0225573 0.0191896
 1.05252e-16 2.80282e-05 0.000164496 0.000781928 0.00301044 0.00938776 0.0237128 0.0485197 0.0804275 0.108014 0.117548 0.103701 0.0742673 0.0434135 0.0212039 0.00957652 0.00549402 0.00537803 0.00704211 0.00952897 0.0124397 0.015516 0.018503 0.02115 0.0232509 0.0246812 0.0254137 0.0255048 0.025062 0.0242038 0.0230293 0.0216053 0.019971 0.0181542 0.016189 0.0141257
 1.03493e-16 2.81142e-05 0.000164994 0.000784282 0.00301948 0.00941594 0.023784 0.048666 0.080672 0.108348 0.117926 0.104071 0.0746109 0.043772 0.0216711 0.0102768 0.00656391 0.00695186 0.00923241 0.0123972 0.0159623 0.0195559 0.0227999 0.0253373 0.0269012 0.0273729 0.0268025 0.0253837 0.0233934 0.0211195 0.018799 0.0165853 0.0145472 0.0126897 0.0109864 0.00940628
 1.01969e-16 3.23332e-05 0.000189769 0.000902075 0.00347304 0.0108303 0.0273566 0.0559752 0.0927854 0.124609 0.135601 0.119614 0.085632 0.049993 0.0242955 0.0107594 0.00586039 0.00544646 0.00697037 0.00930452 0.0119708 0.0146617 0.0170861 0.0189713 0.0201121 0.0204138 0.0199093 0.0187415 0.0171195 0.0152648 0.0133655 0.0115507 0.00988698 0.00839251 0.00705796 0.00586551
 1.01267e-16 3.31208e-05 0.000194392 0.000924052 0.00355765 0.0110942 0.0280231 0.057339 0.0950461 0.127645 0.138905 0.12253 0.0877222 0.0512179 0.0248988 0.0110386 0.00602545 0.00560321 0.00715676 0.00952245 0.0121994 0.0148606 0.0171971 0.0189231 0.0198297 0.0198303 0.0189785 0.0174473 0.0154813 0.0133361 0.0112269 0.00929905 0.00762286 0.00620883 0.00503114 0.00405033
 1.0177e-16 2.74164e-05 0.000160893 0.000764774 0.00294435 0.00918163 0.0231922 0.0474555 0.0786671 0.105661 0.115014 0.101533 0.0728584 0.0428802 0.0214824 0.010608 0.00732906 0.00816748 0.0109656 0.0147101 0.0188693 0.0229952 0.0266204 0.0293037 0.0307196 0.030731 0.0294167 0.0270407 0.0239784 0.0206246 0.0173142 0.0142761 0.0116253 0.00938486 0.0075208 0.00597648
 1.02629e-16 2.77646e-05 0.000162942 0.000774524 0.00298191 0.00929877 0.023488 0.0480604 0.0796682 0.107001 0.11646 0.102779 0.0736886 0.0432393 0.0214239 0.0101892 0.00655173 0.00698045 0.00930048 0.0125219 0.0161712 0.0198822 0.0232775 0.0259932 0.0277468 0.0283958 0.0279607 0.0266053 0.0245829 0.0221693 0.0196057 0.0170664 0.0146541 0.0124158 0.0103662 0.0085085
 1.03064e-16 2.73748e-05 0.000160653 0.00076364 0.00294001 0.00916809 0.023158 0.0473851 0.0785491 0.105498 0.114828 0.101344 0.0726718 0.0426672 0.0211858 0.0101513 0.00662592 0.00713051 0.00952007 0.0128136 0.0165345 0.0203089 0.0237503 0.0264883 0.0282393 0.0288651 0.0283969 0.027012 0.0249768 0.022576 0.020053 0.0175768 0.015239 0.013072 0.0110768 0.00924618
 1.02099e-16 3.29994e-05 0.000193682 0.000920683 0.00354469 0.0110538 0.027921 0.0571299 0.0946986 0.127176 0.138388 0.122058 0.0873512 0.0509341 0.0246362 0.0107126 0.0055557 0.00492167 0.006212 0.00828858 0.0106891 0.0131364 0.0153755 0.0171669 0.0183271 0.0187659 0.0185015 0.0176456 0.0163671 0.014847 0.0132399 0.0116536 0.0101465 0.00874004 0.00743611 0.00623171
 1.01861e-16 2.95562e-05 0.000173459 0.000824524 0.00317442 0.0098991 0.0250044 0.0511631 0.0848112 0.113907 0.123975 0.109406 0.0784282 0.0459964 0.0227434 0.0107349 0.006785 0.00712264 0.00941858 0.0126046 0.016164 0.0196993 0.0228088 0.0251167 0.0263467 0.0263846 0.0253001 0.0233209 0.0207676 0.0179754 0.0152254 0.0127061 0.0105078 0.00864257 0.00707567 0.0057558
 1.02308e-16 2.84725e-05 0.000167098 0.000794281 0.00305798 0.00953599 0.0240872 0.0492864 0.0817004 0.10973 0.119429 0.105397 0.0755594 0.0443249 0.0219385 0.0103936 0.00662648 0.00701135 0.0093128 0.0125111 0.0161172 0.0197549 0.0230388 0.0256017 0.0271638 0.0275919 0.0269237 0.0253443 0.0231301 0.0205776 0.0179423 0.0154044 0.0130637 0.0109559 0.00907934 0.00741824
 1.02202e-16 3.10461e-05 0.000182212 0.000866144 0.00333469 0.0103989 0.0262668 0.0537456 0.0890902 0.119648 0.130208 0.114869 0.0822623 0.0480805 0.023469 0.0105695 0.00600914 0.00581045 0.00753167 0.010086 0.0130003 0.0159554 0.0186413 0.0207642 0.0221 0.0225406 0.0221121 0.0209574 0.0192905 0.0173406 0.0153043 0.0133191 0.0114602 0.00975471 0.00820286 0.0067968
 1.02341e-16 2.82136e-05 0.000165577 0.000787046 0.00303012 0.0094491 0.0238678 0.0488375 0.0809568 0.108732 0.118348 0.104452 0.074903 0.0439817 0.0218461 0.010478 0.00684768 0.0073652 0.00981246 0.0131678 0.0169266 0.0206888 0.0240438 0.0266029 0.028076 0.0283348 0.0274367 0.0255986 0.023133 0.0203694 0.0175863 0.0149733 0.0126262 0.0105664 0.00877236 0.00720787
 1.05319e-16 1.306e-05 7.65922e-05 0.000363961 0.00140106 0.00436889 0.0110359 0.0225841 0.0374479 0.0503283 0.0548643 0.0486254 0.0353123 0.021628 0.0124053 0.00872511 0.00935435 0.0127616 0.0179571 0.0243611 0.0314622 0.0386397 0.0451724 0.0503538 0.0536396 0.0547632 0.0537817 0.0510329 0.0470277 0.0423163 0.0373731 0.0325331 0.0279836 0.0237973 0.0199825 0.0165264
pSPR Fmed_Fpbrs
0.652796   0.341478 0.341478
Fs Fmed_Fpbrs
0.280706   1.005 1.005
SSBpbr Bo_Bmed_Bpbrs
1.13601e+06  684783  331123 331123
Ro
47098.7
SPR SPRFo_SPRFmed_SPRFpbrs
967302 631451 330313
log_Ro
10.58
likeval ReclasPelacesDesembMPH_pf_preclas_ppelaces_ptallas_desvR_qrecl_qpela
 67.9432 34.4697 0.00676349 0.00109614 313.984 195.384 77.6748 0 16.0193 5.71813e-05 0 0 0 0 0
q_reclas_q_pelaces
0.34248 1
M
0.7
N
 38730.5 13993.2 5367.56 648.878 0.309344
 51546.2 17604.5 4177.5 1602.41 193.806
 26793 23496.6 5342.43 1267.74 545.098
 50756 11553.9 5182 1178.23 399.809
 90106.9 24468.8 4838.52 2170.11 660.851
 60813.9 44521.9 11805.4 2334.42 1365.84
 103869 28850.3 16998.6 4507.33 1412.77
 106267 50093.2 12108.8 7134.51 2484.74
 142471 49907.2 18047.4 4362.52 3465.59
 154181 66658.3 17594.7 6362.58 2759.79
 67668.4 73347.3 25859.9 6825.83 3539
 39038 30994 22881.5 8067.29 3233.42
 43871.8 17999.5 10044.9 7415.73 3662.48
 23010.2 19333.9 4497.55 2509.94 2768.12
 17255.5 9260.44 2866.08 666.72 782.423
 20556.9 6975.12 1407.98 435.766 220.332
 16285.1 9398 2152.64 434.527 202.483
 17716.1 7619.87 3314.53 759.201 224.663
 19154.2 8442.18 2985.05 1298.45 385.424
 38628.2 9176.47 3410.59 1205.94 680.275
 47610.7 18461.3 3655.74 1358.72 751.435
 58920.7 23251.5 8328.56 1649.24 951.969
 97077.2 28632.9 10195.2 3651.87 1140.57
 108610 46966.7 12238.9 4357.88 2048.5
 31038.9 52587.8 20166.7 5255.19 2750.79
pred_Ctot
 2370.48 4131.87 1584.91 191.598 0.0913419
 3057.05 5064.06 1201.69 460.946 55.7498
 2556.72 9833.72 2235.9 530.572 228.133
 1067.46 1314.77 589.681 134.076 45.4959
 324.256 501.159 99.1004 44.4472 13.5352
 1958.89 7513.68 1992.32 393.966 230.505
 2156.29 3243.17 1910.88 506.686 158.815
 4160.28 10072.6 2434.81 1434.59 499.626
 5944.72 10617.3 3839.4 928.081 737.269
 4670.33 10637.5 2807.8 1015.35 440.412
 3796.24 20139.8 7100.67 1874.25 971.746
 2016.14 7934.07 5857.36 2065.12 827.714
 3575.84 6686.77 3731.68 2754.93 1360.6
 3175.17 10429.1 2426.06 1353.91 1493.18
 2335.58 4934.25 1527.13 355.249 416.899
 1179.02 1951.11 393.847 121.894 61.6321
 678.768 1997.4 457.511 92.3523 43.0347
 515.852 1172.84 510.167 116.855 34.5799
 486.457 1145.57 405.058 176.194 52.3004
 1046.43 1321.74 491.248 173.699 97.9842
 567.199 1221.85 241.954 89.9263 49.7334
 908.144 1970.85 705.949 139.794 80.6912
 1799.09 2891.98 1029.74 368.846 115.2
 1952.74 4609.51 1201.18 427.7 201.048
 577.208 5328.75 2043.5 532.511 278.739
F
 0.0884718 0.508861 0.508861 0.508861 0.508861
 0.0856228 0.492475 0.492475 0.492475 0.492475
 0.141118 0.811663 0.811663 0.811663 0.811663
 0.0296285 0.170413 0.170413 0.170413 0.170413
 0.00501492 0.0288442 0.0288442 0.0288442 0.0288442
 0.0457 0.262852 0.262852 0.262852 0.262852
 0.0292412 0.168186 0.168186 0.168186 0.168186
 0.0557897 0.320884 0.320884 0.320884 0.320884
 0.0595595 0.342567 0.342567 0.342567 0.342567
 0.0429237 0.246884 0.246884 0.246884 0.246884
 0.0808247 0.464878 0.464878 0.464878 0.464878
 0.0741915 0.426726 0.426726 0.426726 0.426726
 0.119411 0.686812 0.686812 0.686812 0.686812
 0.210185 1.20892 1.20892 1.20892 1.20892
 0.205782 1.18359 1.18359 1.18359 1.18359
 0.0826984 0.475654 0.475654 0.475654 0.475654
 0.0594927 0.342183 0.342183 0.342183 0.342183
 0.0412304 0.237144 0.237144 0.237144 0.237144
 0.0358773 0.206355 0.206355 0.206355 0.206355
 0.0383095 0.220344 0.220344 0.220344 0.220344
 0.0166879 0.0959837 0.0959837 0.0959837 0.0959837
 0.0216374 0.124451 0.124451 0.124451 0.124451
 0.0260677 0.149933 0.149933 0.149933 0.149933
 0.0252808 0.145407 0.145407 0.145407 0.145407
 0.0261583 0.150454 0.150454 0.150454 0.150454
nmprior
 10.6 11 7 0
nm_flota  nm_reclas  nm_pelaces    nm_pelaL
inf 15.6116 20.1893 49.7346
cv_recla  cv_pelaces  cv_mph
0.745586 0.665719 1.07416
 ------------------------------------------------
Talla a la edad & desviación 
 7.2 14.2025 17.0495 18.207 18.6776
 1.08 2.13037 2.55742 2.73105 2.80164
