years
 1997 1998 1999 2000 2001 2002 2003 2004 2005 2006 2007 2008 2009 2010 2011 2012 2013 2014 2015 2016 2017 2018 2019 2020 2021
reclasobs
 0 0 0 370054 412103 1.49427e+06 250295 1.28982e+06 931140 785840 897777 1.04006e+06 184774 17550 25797 100020 73551 82996 120727 218422 84188 347160 605670 569463 516374
reclaspred
 1.25731e+06 162148 160109 98385 255250 243937 541836 460141 611604 1.0664e+06 886175 560009 371068 159183 96246.7 91309.9 101255 118875 99537.1 178367 293346 250801 435667 516705 387986
pelacesobs
 0 0 0 0 0 0 0 0 0 2.06254e+06 1.5e+06 0 1.87456e+06 323000 250000 174000 83755 137374 0 501740 490994 745055 786931 1.00524e+06 1.33801e+06
pelacespred
 888200 298331 64416.4 87767.5 215967 158349 491889 404565 544882 952103 721302 471814 319467 109024 65154.6 66616.2 76833.9 93072.5 78078.8 136836 257537 216741 293386 407322 309857
mphobs
 0 0 0 0 0 112323 0 153150 637223 0 255016 313432 73983 77613 109348 50772 0 0 0 0 0 0 0 0 0
mphpred
 542635 225493 92083 31705.4 54986.3 132364 144655 183848 200548 281516 486034 343521 190843 110577 45872.5 35410.4 39951.1 47746.2 50477 47648.2 99117.1 126096 144036 210530 239090
desembarqueobs
 350755 77701 442110 56441 14545 235359 269955 359681 431902 328805 639364 411747 362871 311530 167758 66681 60226 58785 57116 73181 50977 67692 138656 160484 209506
desembarquepred
 350740 77675.3 441436 56410.5 14544.2 235242 269880 359149 431471 328561 638680 411423 362334 311059 167428 66632.3 60206.7 58748.3 57072.5 73113 50964.4 67655.7 138586 160413 209415
Reclutas
 7996.78 14547.4 1742.29 22389.1 51968.8 17607.6 52813.4 72404.9 94856.7 209913 55792.2 24577.4 53466.1 20734.4 13965.6 15156.4 9966.9 9894.6 7630.18 28383.6 29594.7 30789.8 63645.7 54070.2 1494.69
log_desv_Rt
 -1.05321 -0.454834 -2.57704 -0.0236707 0.818398 -0.263913 0.834521 1.15003 1.42012 2.21445 0.889389 0.0695835 0.846804 -0.100453 -0.495646 -0.413821 -0.832975 -0.840255 -1.10013 0.213568 0.255351 0.29494 1.02109 0.858038 -2.73033
SSB
 1.38453e+06 575344 234949 80896.1 140297 337725 369085 469088 511696 718287 1.24011e+06 876490 486934 282136 117043 90349.3 101935 121824 128792 121574 252897 321732 367507 537166 610037
BT
 1.81232e+06 702747 359220 219563 398519 467398 1.07604e+06 1.11381e+06 1.36606e+06 2.01017e+06 1.84612e+06 1.21289e+06 930755 491470 255842 174146 187309 214427 190357 306569 501608 453671 625295 863407 731438
Ftot
 0.233901 0.360928 1.7107 1.14808 0.138598 0.948065 0.786374 1.52459 1.39075 0.707775 0.761832 0.586863 1.0993 2.03197 2.33779 1.06698 0.805638 0.598102 0.593897 0.767249 0.25339 0.293187 0.385322 0.36858 0.411291
BD_Bspro_t
 0.971608 0.800303 0.5173 0.172049 0.41302 0.675291 0.516066 0.527146 0.507703 0.543553 0.638964 0.478324 0.34316 0.265644 0.149154 0.145887 0.21357 0.317519 0.383756 0.42728 0.631905 0.736821 0.727116 0.739128 0.711395
BD_Bspro
 2.94057 1.22196 0.499003 0.171814 0.297974 0.717288 0.783892 0.996286 1.08678 1.52556 2.63385 1.86156 1.03419 0.599222 0.248586 0.191891 0.216498 0.25874 0.273538 0.258209 0.537122 0.683319 0.78054 1.14088 1.29565
BD_Bo
 1.52341 0.633058 0.258517 0.0890109 0.15437 0.371603 0.406109 0.516142 0.563025 0.790339 1.36451 0.964412 0.535779 0.310437 0.128784 0.0994124 0.11216 0.134044 0.141711 0.133769 0.278265 0.354005 0.404372 0.59105 0.671231
BD_Brms
 4.09475 1.70158 0.694863 0.239251 0.414929 0.998824 1.09157 1.38733 1.51334 2.12434 3.66764 2.59222 1.44011 0.834417 0.346156 0.267208 0.301473 0.360295 0.380902 0.359556 0.747942 0.951523 1.0869 1.58867 1.80419
S_f
 0.0921013 0.658405 0.973419 0.998565 0.999924
 0.0921013 0.658405 0.973419 0.998565 0.999924
 0.0921013 0.658405 0.973419 0.998565 0.999924
 0.0921013 0.658405 0.973419 0.998565 0.999924
 0.0921013 0.658405 0.973419 0.998565 0.999924
 0.0921013 0.658405 0.973419 0.998565 0.999924
 0.0921013 0.658405 0.973419 0.998565 0.999924
 0.0921013 0.658405 0.973419 0.998565 0.999924
 0.0921013 0.658405 0.973419 0.998565 0.999924
 0.0921013 0.658405 0.973419 0.998565 0.999924
 0.0921013 0.658405 0.973419 0.998565 0.999924
 0.0921013 0.658405 0.973419 0.998565 0.999924
 0.0921013 0.658405 0.973419 0.998565 0.999924
 0.0921013 0.658405 0.973419 0.998565 0.999924
 0.0921013 0.658405 0.973419 0.998565 0.999924
 0.0921013 0.658405 0.973419 0.998565 0.999924
 0.0921013 0.658405 0.973419 0.998565 0.999924
 0.0921013 0.658405 0.973419 0.998565 0.999924
 0.0921013 0.658405 0.973419 0.998565 0.999924
 0.0921013 0.658405 0.973419 0.998565 0.999924
 0.0921013 0.658405 0.973419 0.998565 0.999924
 0.0921013 0.658405 0.973419 0.998565 0.999924
 0.0921013 0.658405 0.973419 0.998565 0.999924
 0.0921013 0.658405 0.973419 0.998565 0.999924
 0.0921013 0.658405 0.973419 0.998565 0.999924
Scru_reclas
 1 1 1 1 1
 1 1 1 1 1
 1 1 1 1 1
 1 1 1 1 1
 1 1 1 1 1
 1 1 1 1 1
 1 1 1 1 1
 1 1 1 1 1
 1 1 1 1 1
 1 1 1 1 1
 1 1 1 1 1
 1 1 1 1 1
 1 1 1 1 1
 1 1 1 1 1
 1 1 1 1 1
 1 1 1 1 1
 1 1 1 1 1
 1 1 1 1 1
 1 1 1 1 1
 1 1 1 1 1
 1 1 1 1 1
 1 1 1 1 1
 1 1 1 1 1
 1 1 1 1 1
 1 1 1 1 1
Scru_pelaces
 1 1 1 1 1
 1 1 1 1 1
 1 1 1 1 1
 1 1 1 1 1
 1 1 1 1 1
 1 1 1 1 1
 1 1 1 1 1
 1 1 1 1 1
 1 1 1 1 1
 1 1 1 1 1
 1 1 1 1 1
 1 1 1 1 1
 1 1 1 1 1
 1 1 1 1 1
 1 1 1 1 1
 1 1 1 1 1
 1 1 1 1 1
 1 1 1 1 1
 1 1 1 1 1
 1 1 1 1 1
 1 1 1 1 1
 1 1 1 1 1
 1 1 1 1 1
 1 1 1 1 1
 1 1 1 1 1
pf_obs 
 0.256992 0.487395 0.22802 0.0275931 0
 0.321318 0.546541 0.124235 0.00734118 0.000564706
 0.182869 0.594174 0.210203 0.0122559 0.00049798
 0.330522 0.361315 0.267642 0.0388342 0.00168674
 0.649043 0.306663 0.0425973 0.00169635 0
 0.582887 0.30429 0.105238 0.00758474 0
 0.465427 0.430635 0.0974691 0.00646863 0
 0.296916 0.608066 0.0921331 0.00288517 0
 0.311714 0.524322 0.152257 0.0117073 0
 0.15457 0.633149 0.183074 0.0267441 0.00246327
 0.131901 0.49318 0.331252 0.0422183 0.00144891
 0.196976 0.569456 0.194076 0.0375587 0.00193317
 0.518974 0.381816 0.0799577 0.0180837 0.00116848
 0.0928022 0.601141 0.25162 0.0475244 0.00691264
 0.122501 0.610282 0.24278 0.0234846 0.000952079
 0.383417 0.481906 0.127806 0.00687128 0
 0.0376549 0.599619 0.316969 0.0457579 0
 0.0361596 0.667082 0.258105 0.0386534 0
 0.158088 0.579412 0.248529 0.0139706 0
 0.0477256 0.309471 0.559284 0.082774 0.000745712
 0.0406174 0.521527 0.379366 0.0568643 0.0016247
 0.151134 0.462217 0.34131 0.0453401 0
 0.294876 0.26143 0.354403 0.0886775 0.000613685
 0.281977 0.475581 0.204845 0.0348837 0.00271318
 0.0354234 0.537034 0.353287 0.0723622 0.0018943
pf_pred 
 0.0181333 0.642163 0.30038 0.0393203 3.38768e-06
 0.0554308 0.0969328 0.628139 0.194705 0.0247921
 0.0181294 0.355632 0.0954812 0.396389 0.134368
 0.547824 0.0991642 0.195267 0.0251892 0.132555
 0.412094 0.547851 0.0136946 0.0148728 0.0114881
 0.0883178 0.73165 0.171756 0.00288065 0.00539599
 0.326204 0.293637 0.333294 0.0447924 0.00207178
 0.325174 0.555887 0.0675991 0.0452134 0.00612558
 0.32697 0.561481 0.100954 0.00615324 0.00444166
 0.406685 0.484873 0.0983383 0.00918528 0.000918118
 0.073799 0.770695 0.137105 0.0167409 0.00165979
 0.0528481 0.344792 0.537914 0.0570618 0.00738402
 0.216013 0.258838 0.253551 0.243406 0.0281925
 0.126873 0.6756 0.0944497 0.0508734 0.0522045
 0.201685 0.536943 0.232325 0.0143426 0.0147035
 0.279187 0.574674 0.121894 0.0217113 0.00253395
 0.159003 0.642954 0.173583 0.0205425 0.00391816
 0.169641 0.487874 0.289953 0.0462526 0.00627878
 0.13832 0.5225 0.237103 0.0868626 0.0152144
 0.422202 0.317965 0.186141 0.0520348 0.0216565
 0.222332 0.662695 0.0775135 0.0271137 0.0103463
 0.166936 0.517848 0.283065 0.0218757 0.0102756
 0.270094 0.411012 0.228162 0.0817175 0.00901501
 0.162723 0.599794 0.158807 0.0567711 0.0219041
 0.00491168 0.551636 0.353867 0.0605046 0.0290809
pobs_RECLAS
 0 0 0 0 0
 0 0 0 0 0
 0 0 0 0 0
 0 0 0 0 0
 0.835266 0.146461 0.0176864 0.000547809 3.91292e-05
 0.385257 0.428462 0.181853 0.0044286 0
 0.867414 0.0963971 0.0333333 0.00285562 0
 0.441836 0.489002 0.0689373 0.000224442 0
 0.779404 0.147425 0.0564933 0.0165055 0.000172143
 0.814271 0.122319 0.05973 0.00367925 0
 0.40263 0.566651 0.0304383 0.000280538 0
 0.475488 0.404961 0.113038 0.00651328 0
 0.955842 0.0263864 0.0167828 0.000988607 0
 0.975058 0.0227948 0.00214734 0 0
 0.738997 0.206755 0.0527124 0.00153531 0
 0.850938 0.134255 0.0134407 0.00136685 0
 0.542534 0.407297 0.0501686 0 0
 0.764087 0.199537 0.0359546 0.000420521 0
 0.470689 0.182191 0.310203 0.0369168 0
 0.84361 0.089868 0.0606195 0.00523954 0.000663233
 0.607945 0.314616 0.071237 0.00620181 0
 0.523733 0.453247 0.0230204 0 0
 0.530135 0.295979 0.169645 0.0042399 0
 0.562478 0.366248 0.0663022 0.0049721 0
 0.250443 0.683176 0.0655157 0.000865301 0
ppred_RECLAS
 0.130649 0.64167 0.201923 0.0257549 2.21587e-06
 0.378053 0.0911878 0.395995 0.119562 0.0152027
 0.164188 0.405691 0.0674802 0.270956 0.0916849
 0.92775 0.0221259 0.0281096 0.00352005 0.0184944
 0.837498 0.154991 0.00261286 0.00276553 0.00213323
 0.437851 0.484432 0.0742438 0.00121007 0.00226323
 0.816599 0.0991598 0.0741082 0.00968607 0.000447341
 0.801399 0.175341 0.0134035 0.00868229 0.00117427
 0.799931 0.177722 0.0202843 0.00119843 0.000863637
 0.843604 0.1363 0.0182704 0.00166023 0.000165705
 0.384934 0.543065 0.0636885 0.00756375 0.000748802
 0.342441 0.304773 0.315948 0.0326218 0.00421529
 0.733532 0.116202 0.0736614 0.0686645 0.00794058
 0.567062 0.36912 0.0311016 0.0161628 0.0165539
 0.711784 0.224499 0.0568803 0.00337922 0.00345712
 0.75902 0.207011 0.0284703 0.00492492 0.000573894
 0.604275 0.329243 0.0584709 0.00672905 0.00128154
 0.635268 0.24908 0.0983188 0.0152646 0.00206917
 0.576223 0.296819 0.0894744 0.0319037 0.00558001
 0.865013 0.0879788 0.0339441 0.00922904 0.00383535
 0.684547 0.28275 0.0222369 0.00757869 0.00288794
 0.623395 0.267531 0.0982106 0.00739431 0.00346848
 0.758854 0.159103 0.0591398 0.0206302 0.00227271
 0.609057 0.309547 0.05491 0.0191197 0.00736663
 0.0404486 0.625151 0.268284 0.0446747 0.0214421
pobs_PELACES
 0 0 0 0 0
 0 0 0 0 0
 0 0 0 0 0
 0 0 0 0 0
 0 0 0 0 0
 0 0 0 0 0
 0 0 0 0 0
 0 0 0 0 0
 0 0 0 0 0
 0 0 0 0 0
 0.450072 0.473896 0.0757376 0.000293798 0
 0 0 0 0 0
 0.463077 0.371075 0.160297 0.00555027 0
 0.529543 0.364841 0.0842815 0.0213345 0
 0.631943 0.363953 0.00410389 0 0
 0.735681 0.248677 0.0153453 0.000297389 0
 0.695825 0.281241 0.0229344 0 0
 0.275771 0.60734 0.115278 0.00161068 0
 0 0 0 0 0
 0.896147 0.0623911 0.0374545 0.00400742 0
 0.803859 0.145111 0.0509908 3.86294e-05 0
 0.739449 0.233085 0.0266225 0.000797448 4.60066e-05
 0.878498 0.100942 0.0204185 0.000141795 0
 0.694673 0.275183 0.0284847 0.00165964 0
 0.469039 0.446079 0.0841089 0.000773354 0
ppred_PELACES
 0.136443 0.641465 0.19701 0.0250795 2.15753e-06
 0.401843 0.090604 0.37897 0.11408 0.0145033
 0.228914 0.410852 0.0572049 0.22646 0.0765696
 0.945389 0.0181929 0.0205127 0.00254436 0.0133613
 0.841085 0.151675 0.00252038 0.00266459 0.00205523
 0.485102 0.449567 0.0624337 0.00100961 0.0018875
 0.842572 0.0883306 0.060833 0.00789927 0.000364691
 0.845252 0.139086 0.00907379 0.00580375 0.000784417
 0.840376 0.143975 0.0142206 0.000830539 0.000598144
 0.861378 0.121929 0.0151846 0.00137175 0.000136869
 0.421345 0.515553 0.0558582 0.00659202 0.000652378
 0.37514 0.299195 0.291809 0.029983 0.0038733
 0.783025 0.101007 0.0571144 0.0527566 0.00609793
 0.663552 0.295457 0.0201545 0.0102987 0.0105383
 0.800626 0.163139 0.0324162 0.00188882 0.00193034
 0.796053 0.177863 0.0218934 0.00375383 0.00043722
 0.642811 0.301286 0.0492073 0.00562523 0.00107093
 0.665117 0.233205 0.0865034 0.0133637 0.00181101
 0.607494 0.280055 0.0793665 0.0281604 0.00492399
 0.883767 0.0778794 0.0277441 0.00749544 0.00311384
 0.695269 0.273896 0.0209807 0.00713552 0.00271876
 0.638204 0.259284 0.0923257 0.00693434 0.00325229
 0.774196 0.151043 0.0539391 0.018756 0.00206588
 0.627216 0.297557 0.0507991 0.0176343 0.00679318
 0.0441653 0.632094 0.25991 0.0431328 0.0206982
pobs_pel_tallas
 0 0 0 0 0 0 0 0 0 0 0 0 0 0 0 0 0 0 0 0 0 0 0 0 0 0 0 0 0 0 0 0 0 0 0 0
 0 0 0 0 0 0 0 0 0 0 0 0 0 0 0 0 0 0 0 0 0 0 0 0 0 0 0 0 0 0 0 0 0 0 0 0
 0 0 0 0 0 0 0 0 0 0 0 0 0 0 0 0 0 0 0 0 0 0 0 0 0 0 0 0 0 0 0 0 0 0 0 0
 0 0 0 0 0 0 0 0 0 0 0 0 0 0 0 0 0 0 0 0 0 0 0 0 0 0 0 0 0 0 0 0 0 0 0 0
 0 0 0 0 0 0 0 0 0 0 0 0 0 0 0 0 0 0 0 0 0 0 0 0 0 0 0 0 0 0 0 0 0 0 0 0
 0 0 0 0 0 0 0 0 0 0 0 0 0 0 0 0 0 0 0 0 0 0 0 0 0 0 0 0 0 0 0 0 0 0 0 0
 0 0 0 0 0 0 0 0 0 0 0 0 0 0 0 0 0 0 0 0 0 0 0 0 0 0 0 0 0 0 0 0 0 0 0 0
 0 0 0 0 0 0 0 0 0 0 0 0 0 0 0 0 0 0 0 0 0 0 0 0 0 0 0 0 0 0 0 0 0 0 0 0
 0 0 0 0 0 0 0 0 0 0 0 0 0 0 0 0 0 0 0 0 0 0 0 0 0 0 0 0 0 0 0 0 0 0 0 0
 0 0 0 0 0 0 0 0 0 0 0 0 0 0 0 0 0 0 0 0 0 0 0 0 0 0 0 0 0 0 0 0 0 0 0 0
 0 0 0 0 0 0 0 0 1.78061e-05 0.00172719 0.00360574 0.0105946 0.0120993 0.0124554 0.0147524 0.0171206 0.0266825 0.0428682 0.0675386 0.121331 0.153587 0.119568 0.100827 0.0573624 0.0630603 0.0341343 0.0324427 0.0444173 0.0211091 0.0280891 0.0125444 0.00206551 0 0 0 0
 0 0 0 0 0 0 0 0 0 0 0 0 0 0 0 0 0 0 0 0 0 0 0 0 0 0 0 0 0 0 0 0 0 0 0 0
 0 0 0 0 0 0 0.0133647 0.0140871 0.0187388 0.0205184 0.03894 0.0496705 0.03968 0.0493445 0.0407372 0.0367815 0.0215668 0.0243155 0.0234873 0.0199281 0.019796 0.0243948 0.0301388 0.0376714 0.0412746 0.0863199 0.0771752 0.113111 0.0741005 0.0525337 0.0229764 0.00759418 0.00175318 0 0 0
 0 0 0 0 0 0 0 0 0 0 0.00219441 0.00772107 0.0458388 0.0604681 0.0671733 0.0775358 0.0609151 0.0617685 0.073594 0.0568108 0.0755445 0.0548602 0.0670107 0.0636378 0.0643287 0.046367 0.0373049 0.0286899 0.0247887 0.0153202 0.00654259 0.00121912 0.000365735 0 0 0
 0 0 0 0 0 0 0 0 0 0 0 0 0.000112435 0.00938835 0.0111873 0.0202946 0.0414886 0.0713402 0.111592 0.104902 0.108894 0.110636 0.117776 0.105296 0.107544 0.0401394 0.0192827 0.0124803 0.00416011 0.0028671 0.000618394 0 0 0 0 0
 0 0 0 0 0 0 0 0 0 0 0.00291406 0.0102884 0.027416 0.0768956 0.0749926 0.110853 0.0956884 0.0897413 0.0766577 0.0534642 0.0500743 0.0551293 0.0594112 0.0620874 0.0668451 0.0424026 0.0208742 0.0120726 0.0048766 0.00582813 0.00118941 0.000297354 0 0 0 0
 0 0.00264628 0.0354308 0.0461629 0.0458689 0.0383711 0.0214643 0.0164657 0.0346957 0.0420465 0.0363128 0.0245516 0.0311673 0.0291091 0.0169068 0.0133784 0.00837989 0.0085269 0.0148486 0.0160247 0.0276389 0.0546898 0.0760071 0.122758 0.109233 0.0665981 0.0333725 0.0166128 0.00676272 0.00308733 0.000882094 0 0 0 0 0
 0 0 0 0 0 0 0 0.000805153 0.000690131 0.00759144 0.0133425 0.0154129 0.00931677 0.000345066 0.00356568 0.00563607 0.00851162 0.0253048 0.0502646 0.0516448 0.0657925 0.0565908 0.0611916 0.0827007 0.0866115 0.110766 0.145733 0.0935128 0.0569358 0.0249597 0.0138026 0.00621118 0.00161031 0.00115022 0 0
 0 0 0 0 0 0 0 0 0 0 0 0 0 0 0 0 0 0 0 0 0 0 0 0 0 0 0 0 0 0 0 0 0 0 0 0
 0.00147267 0.00158595 0.00478618 0.00569244 0.00954404 0.0108468 0.00647125 0.017049 0.0510054 0.094081 0.124002 0.0959785 0.0687766 0.0820023 0.061753 0.0591476 0.0492212 0.0479892 0.0443925 0.0268479 0.0217502 0.0140895 0.0121071 0.0120363 0.00920419 0.00665534 0.0049561 0.00860946 0.00930331 0.0156896 0.0114698 0.00855282 0.00243557 0.00046729 0 2.83206e-05
 0 0 0 0 0.000772559 0.00158375 0.000888443 0.00281984 0.00712685 0.0440552 0.0773331 0.111326 0.0921469 0.0852325 0.0710754 0.0886704 0.0786465 0.0553345 0.0373146 0.0185414 0.00753245 0.00457741 0.012979 0.0271748 0.0457355 0.0583668 0.034881 0.0177882 0.00938659 0.00492506 0.0015258 0.00185414 0.000309023 5.79419e-05 3.86279e-05 0
 0 0.00173294 0.00326652 0 0.00397197 0.00683976 0.00946217 0.0152591 0.00757587 0.0136028 0.0228656 0.0392903 0.0559909 0.0764795 0.0681675 0.0726916 0.0566044 0.0477403 0.0527397 0.0444891 0.0609904 0.0582453 0.0661739 0.0445044 0.0529084 0.0360697 0.0280645 0.0235558 0.0158879 0.00826598 0.00280645 0.00217768 0.000904811 0.00058276 9.20147e-05 0
 0 0 0 0 0 0 0 0 0 0 0 0 0 0 0 0 0 0 0 0 0 0 0 0 0 0 0 0 0 0 0 0 0 0 0 0
 0 0 0 0 0 0 0 0 0 0 0 0 0 0 0 0 0 0 0 0 0 0 0 0 0 0 0 0 0 0 0 0 0 0 0 0
 0 0 0 0 0 0 0 0 0 0 0 0 0 0 0 0 0 0 0 0 0 0 0 0 0 0 0 0 0 0 0 0 0 0 0 0
ppred_pel_tallas
 1.03868e-16 5.98868e-06 3.506e-05 0.000166474 0.000640622 0.00199744 0.00504607 0.0103299 0.0171417 0.0230778 0.0252633 0.0226412 0.0169868 0.0114874 0.00851893 0.0087744 0.0118881 0.0173025 0.0245844 0.0333019 0.042836 0.052321 0.0607331 0.0670786 0.0706094 0.0709901 0.0683621 0.0632796 0.0565514 0.04904 0.0414894 0.0344234 0.0281267 0.0226889 0.0180768 0.0142035
 1.10007e-16 1.75393e-05 0.000102922 0.00048921 0.00188342 0.00587321 0.0148352 0.0303552 0.0503185 0.0675807 0.0735529 0.0649068 0.0465246 0.0272816 0.0134944 0.00640716 0.0041667 0.00459941 0.00642048 0.00912741 0.0125692 0.0166661 0.0213003 0.0262905 0.031397 0.0363378 0.0408089 0.0445071 0.0471557 0.0485346 0.0485095 0.0470571 0.0442779 0.0403888 0.0356983 0.0305639
 1.12306e-16 1.00107e-05 5.86961e-05 0.000278894 0.00107355 0.00334759 0.00845613 0.0173053 0.0286968 0.0385733 0.0420657 0.0373199 0.027184 0.0168129 0.00993566 0.00741297 0.00833525 0.0115606 0.0163503 0.0222609 0.0288783 0.035685 0.0420757 0.0474597 0.0513869 0.0536414 0.0542718 0.0535427 0.051833 0.0495167 0.0468705 0.0440349 0.0410309 0.0378128 0.0343327 0.0305885
 1.0101e-16 4.12368e-05 0.000242056 0.00115068 0.0044303 0.0138156 0.0348968 0.0714019 0.118351 0.158923 0.172891 0.152387 0.108831 0.0630055 0.0296257 0.0114281 0.00382093 0.00143858 0.00102057 0.00120587 0.00156577 0.00198285 0.00241354 0.00282709 0.00319729 0.00350441 0.00373684 0.00389035 0.00396572 0.00396579 0.00389353 0.00375178 0.00354439 0.00327787 0.00296264 0.00261314
 1.00273e-16 3.6694e-05 0.000215374 0.00102381 0.00394175 0.012292 0.0310486 0.0635291 0.105305 0.141417 0.153879 0.135704 0.09708 0.0565323 0.0272023 0.0115809 0.00563679 0.00462994 0.00565269 0.0074279 0.00944021 0.011393 0.0130273 0.0141125 0.0144885 0.0141033 0.013026 0.0114279 0.00953919 0.00759546 0.00579112 0.00425226 0.00303168 0.00212192 0.00147741 0.00103702
 1.01156e-16 2.11837e-05 0.000124287 0.000590709 0.0022741 0.00709145 0.0179128 0.0366547 0.0607693 0.0816421 0.0889235 0.0786287 0.0567033 0.0339362 0.0180459 0.0106319 0.00952935 0.0121166 0.0167247 0.0224691 0.0287231 0.034824 0.0400418 0.0436892 0.045271 0.0446009 0.0418439 0.0374646 0.0321055 0.0264354 0.0210175 0.0162311 0.0122568 0.00911013 0.00670127 0.00489412
 1.01181e-16 3.67565e-05 0.000215746 0.00102559 0.00394862 0.0123135 0.0311027 0.0636394 0.105486 0.141656 0.154124 0.135889 0.097144 0.0564317 0.0268977 0.011016 0.00473038 0.00328611 0.00378513 0.00499152 0.00646327 0.00800133 0.00945081 0.0106679 0.0115364 0.0119889 0.0120163 0.0116621 0.0110054 0.0101378 0.00914445 0.00809302 0.0070318 0.00599395 0.00500392 0.0040821
 1.00411e-16 3.68752e-05 0.000216439 0.00102887 0.00396126 0.0123528 0.0312022 0.0638434 0.105826 0.142116 0.154635 0.136364 0.0975372 0.056768 0.0272588 0.0115079 0.00545944 0.00434781 0.00525289 0.00689918 0.00878331 0.0106271 0.0121922 0.0132662 0.0136995 0.0134397 0.0125438 0.0111615 0.00949622 0.00775741 0.00611891 0.00469469 0.00353469 0.00263637 0.00196438 0.00147008
 1.00306e-16 3.66628e-05 0.000215191 0.00102294 0.00393841 0.0122816 0.0310223 0.0634753 0.105216 0.141297 0.153746 0.135583 0.096986 0.0564621 0.0271399 0.0115059 0.00553053 0.00447742 0.00544368 0.00715887 0.00911719 0.011034 0.0126621 0.0137806 0.0142328 0.0139625 0.0130268 0.0115795 0.00983085 0.00799865 0.00626519 0.00475184 0.00351427 0.00255371 0.00183665 0.00131459
 1.00309e-16 3.75777e-05 0.000220564 0.00104849 0.00403679 0.0125884 0.0317972 0.0650607 0.107843 0.144823 0.157576 0.138947 0.0993606 0.0577812 0.0276556 0.0115212 0.00523722 0.00394194 0.00466043 0.00610221 0.00777333 0.00941756 0.010823 0.0118015 0.0122191 0.0120262 0.0112686 0.0100734 0.00861578 0.00707771 0.00561208 0.00432141 0.00325383 0.00241246 0.00177171 0.00129356
 1.01218e-16 1.84063e-05 0.000107975 0.000513146 0.00197544 0.00616007 0.0155603 0.0318418 0.0527938 0.0709385 0.0772949 0.0684169 0.0494925 0.0299278 0.0164736 0.010574 0.0104015 0.0137147 0.0190631 0.0256237 0.0327347 0.0396489 0.0455318 0.0495985 0.051287 0.0503921 0.0471141 0.0419971 0.0357885 0.0292629 0.0230693 0.017641 0.0131783 0.00968888 0.00705779 0.0051171
 1.05451e-16 1.63833e-05 9.61168e-05 0.000456813 0.00175862 0.00548395 0.0138523 0.0283455 0.046993 0.0631325 0.0687592 0.0607898 0.04382 0.0261908 0.0138712 0.00810434 0.0072336 0.00926767 0.0129764 0.017763 0.0232502 0.0290382 0.0346536 0.0396036 0.0434634 0.0459513 0.0469667 0.046578 0.044975 0.0424045 0.039116 0.0353311 0.0312391 0.0270056 0.0227856 0.018727
 1.02942e-16 3.41603e-05 0.000200503 0.000953122 0.0036696 0.0114433 0.0289049 0.0591427 0.0980333 0.131649 0.143242 0.126307 0.0903215 0.0525241 0.0251406 0.0104811 0.00478846 0.00365539 0.0043964 0.00586425 0.00764135 0.00952777 0.0113588 0.0129782 0.0142577 0.0151194 0.015545 0.0155682 0.015255 0.0146792 0.0139042 0.0129746 0.0119192 0.0107597 0.00952137 0.00823818
 1.01229e-16 2.89586e-05 0.000169946 0.000807813 0.00311006 0.00969839 0.0244975 0.0501263 0.083094 0.111606 0.121482 0.107235 0.0769334 0.0452442 0.0226019 0.0110505 0.00748699 0.0082261 0.0109777 0.0146628 0.0187157 0.0226657 0.0260296 0.0283605 0.0293412 0.0288598 0.0270356 0.0241829 0.0207296 0.0171149 0.0137023 0.0107283 0.00829471 0.00639334 0.00494848 0.00385841
 1.00669e-16 3.49303e-05 0.000205018 0.000974573 0.00375218 0.0117008 0.0295554 0.060474 0.100242 0.13462 0.146487 0.129198 0.0924534 0.0538942 0.0260388 0.0112693 0.00576044 0.00501113 0.00625987 0.0082897 0.0105989 0.0128837 0.0148682 0.0162999 0.0169954 0.0168808 0.0160073 0.0145334 0.012682 0.010687 0.00874662 0.0069962 0.00550303 0.00427835 0.00329786 0.00252189
 1.00519e-16 3.47315e-05 0.000203849 0.000969015 0.00373077 0.0116341 0.0293867 0.0601291 0.0996704 0.133854 0.145657 0.128474 0.0919531 0.053638 0.0259811 0.0113564 0.00596592 0.00533647 0.00671993 0.00889686 0.0113513 0.0137581 0.0158173 0.0172561 0.0178793 0.0176144 0.0165276 0.0148035 0.0126964 0.0104705 0.00834712 0.00647466 0.00492226 0.003694 0.00275266 0.0020434
 1.01041e-16 2.80545e-05 0.000164638 0.000782574 0.00301288 0.00939534 0.0237321 0.0485602 0.0804984 0.108121 0.117693 0.1039 0.0745634 0.0438952 0.0220116 0.0109015 0.00756873 0.00845133 0.0113354 0.0151735 0.0194076 0.0235623 0.0271435 0.0296891 0.0308641 0.0305385 0.028815 0.0259957 0.0225015 0.0187716 0.0151767 0.0119677 0.00926594 0.00708608 0.00537502 0.00405044
 1.01848e-16 2.90245e-05 0.000170339 0.00080969 0.00311731 0.009721 0.0245546 0.0502426 0.0832852 0.111857 0.121743 0.107434 0.0770094 0.0451545 0.0223101 0.0105041 0.00660926 0.00692605 0.00917417 0.0123155 0.0158567 0.0194221 0.0226295 0.0251143 0.0265987 0.0269509 0.0262084 0.0245563 0.0222716 0.019653 0.01696 0.0143785 0.0120138 0.0099069 0.00805865 0.0064532
 1.02416e-16 2.65137e-05 0.000155594 0.000739583 0.00284736 0.00887917 0.0224282 0.0458923 0.0760759 0.102181 0.111228 0.0981931 0.0704692 0.0414885 0.0208127 0.0103245 0.00719706 0.00807234 0.0108696 0.0146142 0.0187962 0.0229839 0.0267239 0.0295846 0.0312419 0.0315498 0.0305678 0.028532 0.0257856 0.0226924 0.0195623 0.0166091 0.0139444 0.0115988 0.00955487 0.00777797
 1.00823e-16 3.85522e-05 0.00022629 0.00107572 0.00414164 0.0129154 0.0326231 0.0667502 0.110642 0.148577 0.161651 0.142514 0.101856 0.0591211 0.0280884 0.0113431 0.00461947 0.00291972 0.00319639 0.0041513 0.0053271 0.00653017 0.00762115 0.00847736 0.00900643 0.00916427 0.00896263 0.00846157 0.00775086 0.00692672 0.00607195 0.00524465 0.00447681 0.00377989 0.00315358 0.00259349
 1.0076e-16 3.03408e-05 0.000178063 0.000846404 0.00325865 0.0101618 0.025668 0.0525209 0.0870626 0.116933 0.127272 0.112325 0.0805407 0.0472759 0.0234504 0.0111897 0.00722683 0.00768905 0.0101756 0.0135698 0.0173103 0.0209505 0.0240392 0.0261601 0.0270178 0.0265079 0.0247418 0.0220132 0.0187226 0.0152829 0.0120374 0.0092127 0.00690904 0.00512361 0.00378843 0.00280872
 1.01786e-16 2.7852e-05 0.000163453 0.000776948 0.00299123 0.00932784 0.0235615 0.0482109 0.0799184 0.107339 0.116834 0.103122 0.0739633 0.0434583 0.0216392 0.010468 0.00695975 0.00757567 0.0101285 0.0136077 0.0175073 0.0214181 0.0249159 0.0275953 0.0291494 0.0294351 0.0285001 0.0265576 0.0239238 0.0209389 0.0178984 0.0150131 0.0124018 0.0101079 0.00812756 0.00643627
 1.01556e-16 3.37775e-05 0.000198251 0.000942402 0.00362832 0.0113146 0.0285797 0.0584776 0.0969324 0.130175 0.14165 0.12493 0.0893963 0.0521058 0.0251638 0.0108744 0.00554048 0.00481386 0.00603215 0.00803035 0.0103384 0.0126794 0.0148008 0.0164674 0.0174997 0.0178118 0.0174256 0.0164567 0.0150784 0.013477 0.0118125 0.0101982 0.00869662 0.00733124 0.00610273 0.00500392
 1.01742e-16 2.73743e-05 0.000160645 0.000763593 0.0029398 0.00916744 0.0231564 0.0473823 0.078546 0.105499 0.11484 0.101385 0.0727642 0.0428486 0.0215104 0.0106933 0.00747679 0.00838914 0.0112733 0.0151098 0.019355 0.0235444 0.0271938 0.0298487 0.0311777 0.0310484 0.0295548 0.0269839 0.0237373 0.0202333 0.0168231 0.0137419 0.0111016 0.00891415 0.00713052 0.00567831
 1.06345e-16 1.96464e-06 1.1436e-05 5.41639e-05 0.000208203 0.000648962 0.00163992 0.00336061 0.00559007 0.00756626 0.0083891 0.00776982 0.00636974 0.00534941 0.00565136 0.00770705 0.0116083 0.0173359 0.0247954 0.0337143 0.0435457 0.0534648 0.0624743 0.0695903 0.0740523 0.0754848 0.0739635 0.0699567 0.0641788 0.0574047 0.0503097 0.0433796 0.036896 0.0309784 0.0256503 0.020898
pSPR Fmed_Fpbrs
0.511181   0.42204 0.42204
Fs Fmed_Fpbrs
0.678298   1.005 1.005
SSBpbr Bo_Bmed_Bpbrs
908834  419137  338123 338123
Ro
22925.4
SPR SPRFo_SPRFmed_SPRFpbrs
470837 240683 198712
log_Ro
9.86
likeval ReclasPelacesDesembMPH_pf_preclas_ppelaces_ptallas_desvR_qrecl_qpela
 93.5835 88.288 0.101911 0.000186445 348.671 193.952 82.2275 0 43.9142 1.04309e-05 0 0 0 0 0
q_reclas_q_pelaces
0.632762 1
M
0.7
N
 7996.78 41964.6 13701.1 1752.7 0.150821
 14547.4 3886.45 17864.7 5418.38 689.134
 1742.29 6987.82 1521.75 6243.18 2115
 22389.1 739.074 1125.06 142.934 751.569
 51968.8 10002.5 172.345 182.734 140.967
 17607.6 25479.6 4533.89 74.7825 139.958
 52813.4 8012.59 6777.9 894.685 41.3422
 72404.9 24394.1 2370.88 1565.48 211.95
 94856.7 31244.9 4439.49 266.919 192.534
 209913 41441.3 6210.11 569.357 56.8541
 55792.2 97661.5 12913.5 1548.39 153.368
 24577.4 25828.2 29368.2 3054.73 394.882
 53466.1 11562.6 8715.25 8237.1 953.277
 20734.4 23993.9 2784.29 1484.37 1522.39
 13965.6 8539 3126.58 191.289 196.009
 15156.4 5591.71 909.767 159.501 18.5999
 9966.9 6822.01 1375.45 159.903 30.4702
 9894.6 4595.46 1993.15 311.784 42.2807
 7630.18 4650.17 1539.22 552.95 96.751
 28383.6 3587.34 1561.86 428.77 178.279
 29594.7 13133.3 1074.93 367.52 140.072
 30789.8 14357.3 5519.65 417.111 195.695
 63645.7 14882.4 5878.03 2060.44 227.046
 54070.2 30503.5 5734.4 2006 773.085
 1494.69 25954.3 11883.7 1989.14 954.976
pred_Ctot
 122.719 4345.92 2032.86 266.105 0.0229265
 342.717 599.316 3883.66 1203.82 153.285
 184.319 3615.68 970.747 4030.04 1366.11
 1625.53 294.244 579.406 74.7423 393.323
 474.4 630.683 15.7651 17.1215 13.225
 1064.14 8815.67 2069.49 34.709 65.0165
 2664.73 2398.69 2722.64 365.904 16.9241
 6877.03 11756.3 1429.64 956.206 129.548
 8262.38 14188.4 2551.06 155.49 112.239
 9562.83 11401.4 2312.33 215.983 21.5887
 2729.86 28508.4 5071.58 619.254 61.3963
 932.91 6086.51 9495.62 1007.29 130.348
 3724.17 4462.49 4371.34 4196.43 486.053
 2572.66 13699.5 1915.21 1031.59 1058.58
 1969.83 5244.26 2269.09 140.082 143.607
 1026 2111.9 447.955 79.7878 9.31213
 514.805 2081.7 562.012 66.5109 12.6859
 382.599 1100.33 653.945 104.316 14.1608
 293.014 1106.85 502.275 184.008 32.2298
 1398.35 1053.12 616.51 172.342 71.7273
 491.617 1465.34 171.397 59.9534 22.8776
 590.845 1832.85 1001.87 77.4258 36.3691
 1599.17 2433.52 1350.9 483.832 53.376
 1300.42 4793.34 1269.13 453.694 175.05
 40.0447 4497.47 2885.06 493.292 237.095
F
 0.0215425 0.154001 0.227683 0.233565 0.233883
 0.033242 0.237637 0.351334 0.36041 0.360901
 0.157558 1.12633 1.66523 1.70825 1.71057
 0.105739 0.7559 1.11756 1.14643 1.14799
 0.0127651 0.0912537 0.134914 0.138399 0.138588
 0.087318 0.624211 0.922865 0.946704 0.947993
 0.0724261 0.517753 0.765472 0.785245 0.786315
 0.140417 1.0038 1.48407 1.52241 1.52448
 0.12809 0.915679 1.35379 1.38876 1.39065
 0.065187 0.466003 0.688962 0.706759 0.707721
 0.0701658 0.501594 0.741582 0.760739 0.761774
 0.0540509 0.386394 0.571264 0.586021 0.586819
 0.101247 0.723786 1.07008 1.09772 1.09922
 0.187148 1.33786 1.97796 2.02906 2.03182
 0.215313 1.53921 2.27565 2.33443 2.33761
 0.0982703 0.702505 1.03862 1.06545 1.0669
 0.0742003 0.530436 0.784223 0.804482 0.805577
 0.055086 0.393794 0.582204 0.597244 0.598057
 0.0546987 0.391025 0.57811 0.593044 0.593852
 0.0706647 0.505161 0.746855 0.766148 0.767191
 0.0233376 0.166834 0.246655 0.253027 0.253371
 0.0270029 0.193036 0.285394 0.292766 0.293165
 0.0354887 0.253698 0.37508 0.384769 0.385293
 0.0339467 0.242675 0.358783 0.368051 0.368552
 0.0378805 0.270796 0.400359 0.410701 0.41126
nmprior
 10.6 11 7 0
nm_flota  nm_reclas  nm_pelaces    nm_pelaL
inf 31.5337 21.7607 54.8245
cv_recla  cv_pelaces  cv_mph
0.875033 1.06543 0.443009
 ------------------------------------------------
Talla a la edad & desviación 
 7.2 14.2025 17.0495 18.207 18.6776
 1.08 2.13037 2.55742 2.73105 2.80164
