years
 1997 1998 1999 2000 2001 2002 2003 2004 2005 2006 2007 2008 2009 2010 2011 2012 2013 2014 2015 2016 2017 2018 2019 2020 2021
reclasobs
 0 0 0 370054 412103 1.49427e+06 250295 1.28982e+06 931140 785840 897777 1.04006e+06 184774 17550 25797 100020 73551 82996 120727 218422 84188 347160 605670 569463 516374
reclaspred
 2.00545e+06 617178 2.22803e+06 1.4285e+06 1.43849e+06 1.70274e+06 3.18291e+06 1.96098e+06 1.92923e+06 1.58653e+06 1.24876e+06 830063 481398 226129 164172 182827 249769 388093 460944 624012 926063 929660 1.67651e+06 2.28735e+06 3.63099e+06
pelacesobs
 0 0 0 0 0 0 0 0 0 2.06254e+06 1.5e+06 0 1.87456e+06 323000 250000 174000 83755 137374 0 501740 490994 745055 786931 1.00524e+06 1.33801e+06
pelacespred
 1.51485e+06 622981 867090 1.05935e+06 908167 898467 1.60338e+06 1.43544e+06 1.15851e+06 996654 676115 457847 258739 99276.5 72736.1 91571.2 130811 204825 257511 336725 540754 566848 773796 1.25386e+06 2.0248e+06
mphobs
 0 0 0 0 0 112323 0 153150 637223 0 255016 313432 73983 77613 109348 50772 0 0 0 0 0 0 0 0 0
mphpred
 1.28695e+06 1.00903e+06 1.19346e+06 1.58105e+06 1.26298e+06 1.46993e+06 2.06261e+06 2.26387e+06 1.76339e+06 1.57577e+06 1.30881e+06 879861 541292 284313 145921 144239 186403 287504 389670 470850 698050 856517 1.11641e+06 1.69957e+06 2.69046e+06
desembarqueobs
 350755 77701 442110 56441 14545 235359 269955 359681 431902 328805 639364 411747 362871 311530 167758 66681 60226 58785 57116 73181 50977 67692 138656 160484 209506
desembarquepred
 350802 77719.9 442374 56448.9 14545.5 235484 270037 359875 432201 329026 640562 412570 363778 312564 167990 66728.8 60268 58805.1 57129.1 73199 50983.2 67699.9 138680 160506 209520
Reclutas
 128994 115531 72910.1 79101.6 112686 97358 139329 115084 122636 109958 68952.6 45018.1 44443.9 29868 22612.3 23623.8 22382.3 26761.8 30865.7 49892.4 71555 91986.7 158545 235028 239170
log_desv_Rt
 0.58752 0.477293 0.0169827 0.0984889 0.452363 0.30615 0.664596 0.473415 0.536975 0.427856 -0.038826 -0.465181 -0.478017 -0.875456 -1.15375 -1.10999 -1.16398 -0.985268 -0.8426 -0.362377 -0.00177891 0.2494 0.793794 1.18746 1.20493
SSB
 1.28695e+06 1.00903e+06 1.19346e+06 1.58105e+06 1.26298e+06 1.46993e+06 2.06261e+06 2.26387e+06 1.76339e+06 1.57577e+06 1.30881e+06 879861 541292 284313 145921 144239 186403 287504 389670 470850 698050 856517 1.11641e+06 1.69957e+06 2.69046e+06
BT
 4.99579e+06 1.33162e+06 2.31323e+06 2.18523e+06 1.93443e+06 1.93358e+06 3.98472e+06 3.39459e+06 2.95714e+06 2.42129e+06 1.99369e+06 1.33377e+06 922788 511606 323742 264772 356235 512853 586460 813786 1.29767e+06 1.20886e+06 1.74725e+06 2.94348e+06 4.76246e+06
Ftot
 0.169952 0.122584 0.192336 0.038639 0.00990307 0.13444 0.0827601 0.177979 0.216742 0.200819 0.485692 0.471126 0.702462 1.21458 0.935822 0.350199 0.233382 0.147282 0.120625 0.114241 0.0537965 0.0710811 0.080699 0.0685148 0.0563755
BD_Bspro_t
 0.97794 0.876746 0.845478 0.769692 0.816916 0.874843 0.843409 0.841176 0.780109 0.721967 0.661278 0.494752 0.381954 0.272815 0.174705 0.199698 0.311555 0.492694 0.62473 0.718897 0.806641 0.870961 0.881968 0.89186 0.908469
BD_Bspro
 0.874168 0.685389 0.810663 1.07394 0.857887 0.998463 1.40104 1.53775 1.19779 1.07035 0.889015 0.597651 0.367676 0.193121 0.0991179 0.0979753 0.126616 0.195289 0.264686 0.319828 0.474155 0.581795 0.758331 1.15445 1.82751
BD_Bo
 0.817299 0.640801 0.757926 1.00407 0.802077 0.933508 1.3099 1.43771 1.11987 1.00072 0.83118 0.558771 0.343757 0.180558 0.0926698 0.0916015 0.118379 0.182584 0.247467 0.299021 0.443309 0.543946 0.708998 1.07934 1.70862
BD_Brms
 3.97515 3.11671 3.68637 4.88358 3.90111 4.54036 6.37103 6.99269 5.44679 4.86727 4.04267 2.71773 1.67195 0.878191 0.450724 0.445528 0.575767 0.888048 1.20362 1.45437 2.15615 2.64563 3.4484 5.24967 8.31035
S_f
 0.5 1 1 1 1
 0.5 1 1 1 1
 0.5 1 1 1 1
 0.5 1 1 1 1
 0.5 1 1 1 1
 0.5 1 1 1 1
 0.5 1 1 1 1
 0.5 1 1 1 1
 0.5 1 1 1 1
 0.5 1 1 1 1
 0.5 1 1 1 1
 0.5 1 1 1 1
 0.5 1 1 1 1
 0.5 1 1 1 1
 0.5 1 1 1 1
 0.5 1 1 1 1
 0.5 1 1 1 1
 0.5 1 1 1 1
 0.5 1 1 1 1
 0.5 1 1 1 1
 0.5 1 1 1 1
 0.5 1 1 1 1
 0.5 1 1 1 1
 0.5 1 1 1 1
 0.5 1 1 1 1
Scru_reclas
 0.5 1 1 1 1
 0.5 1 1 1 1
 0.5 1 1 1 1
 0.5 1 1 1 1
 0.5 1 1 1 1
 0.5 1 1 1 1
 0.5 1 1 1 1
 0.5 1 1 1 1
 0.5 1 1 1 1
 0.5 1 1 1 1
 0.5 1 1 1 1
 0.5 1 1 1 1
 0.5 1 1 1 1
 0.5 1 1 1 1
 0.5 1 1 1 1
 0.5 1 1 1 1
 0.5 1 1 1 1
 0.5 1 1 1 1
 0.5 1 1 1 1
 0.5 1 1 1 1
 0.5 1 1 1 1
 0.5 1 1 1 1
 0.5 1 1 1 1
 0.5 1 1 1 1
 0.5 1 1 1 1
Scru_pelaces
 0.5 1 1 1 1
 0.5 1 1 1 1
 0.5 1 1 1 1
 0.5 1 1 1 1
 0.5 1 1 1 1
 0.5 1 1 1 1
 0.5 1 1 1 1
 0.5 1 1 1 1
 0.5 1 1 1 1
 0.5 1 1 1 1
 0.5 1 1 1 1
 0.5 1 1 1 1
 0.5 1 1 1 1
 0.5 1 1 1 1
 0.5 1 1 1 1
 0.5 1 1 1 1
 0.5 1 1 1 1
 0.5 1 1 1 1
 0.5 1 1 1 1
 0.5 1 1 1 1
 0.5 1 1 1 1
 0.5 1 1 1 1
 0.5 1 1 1 1
 0.5 1 1 1 1
 0.5 1 1 1 1
pf_obs 
 0.256992 0.487395 0.22802 0.0275931 0
 0.321318 0.546541 0.124235 0.00734118 0.000564706
 0.182869 0.594174 0.210203 0.0122559 0.00049798
 0.330522 0.361315 0.267642 0.0388342 0.00168674
 0.649043 0.306663 0.0425973 0.00169635 0
 0.582887 0.30429 0.105238 0.00758474 0
 0.465427 0.430635 0.0974691 0.00646863 0
 0.296916 0.608066 0.0921331 0.00288517 0
 0.311714 0.524322 0.152257 0.0117073 0
 0.15457 0.633149 0.183074 0.0267441 0.00246327
 0.131901 0.49318 0.331252 0.0422183 0.00144891
 0.196976 0.569456 0.194076 0.0375587 0.00193317
 0.518974 0.381816 0.0799577 0.0180837 0.00116848
 0.0928022 0.601141 0.25162 0.0475244 0.00691264
 0.122501 0.610282 0.24278 0.0234846 0.000952079
 0.383417 0.481906 0.127806 0.00687128 0
 0.0376549 0.599619 0.316969 0.0457579 0
 0.0361596 0.667082 0.258105 0.0386534 0
 0.158088 0.579412 0.248529 0.0139706 0
 0.0477256 0.309471 0.559284 0.082774 0.000745712
 0.0406174 0.521527 0.379366 0.0568643 0.0016247
 0.151134 0.462217 0.34131 0.0453401 0
 0.294876 0.26143 0.354403 0.0886775 0.000613685
 0.281977 0.475581 0.204845 0.0348837 0.00271318
 0.0354234 0.537034 0.353287 0.0723622 0.0018943
pf_pred 
 0.659839 0.243373 0.0868619 0.00992136 4.64313e-06
 0.447351 0.443677 0.0779655 0.0278266 0.00317984
 0.306044 0.434631 0.208191 0.0365845 0.0145494
 0.369088 0.304299 0.20456 0.0979857 0.0240663
 0.442626 0.30202 0.123162 0.0827935 0.0493992
 0.356057 0.395571 0.134583 0.0548823 0.0589065
 0.456211 0.290717 0.155461 0.0528917 0.0447194
 0.362757 0.402742 0.125368 0.0670402 0.0420934
 0.401037 0.326412 0.172254 0.0536202 0.0466768
 0.381661 0.36331 0.138981 0.0733431 0.0427048
 0.30422 0.39421 0.17719 0.0677824 0.0565978
 0.316886 0.342995 0.192702 0.0866159 0.0608008
 0.427534 0.295262 0.139186 0.0781973 0.0598209
 0.438535 0.364035 0.101829 0.0480018 0.0475992
 0.538505 0.321148 0.0909964 0.0254537 0.023897
 0.577708 0.319522 0.0715159 0.0202638 0.0109898
 0.473161 0.396045 0.0989638 0.0221502 0.00968002
 0.478746 0.342756 0.134184 0.03353 0.0107844
 0.45742 0.356458 0.122386 0.0479124 0.0158231
 0.529747 0.298913 0.112565 0.0386479 0.0201269
 0.519708 0.335926 0.0917653 0.0345571 0.0180437
 0.481353 0.35642 0.113465 0.0309954 0.0177668
 0.544982 0.297771 0.108062 0.0344011 0.0147841
 0.528379 0.334937 0.0894481 0.0324611 0.0147749
 0.427477 0.398199 0.123802 0.0330624 0.0174597
pobs_RECLAS
 0 0 0 0 0
 0 0 0 0 0
 0 0 0 0 0
 0 0 0 0 0
 0.835266 0.146461 0.0176864 0.000547809 3.91292e-05
 0.385257 0.428462 0.181853 0.0044286 0
 0.867414 0.0963971 0.0333333 0.00285562 0
 0.441836 0.489002 0.0689373 0.000224442 0
 0.779404 0.147425 0.0564933 0.0165055 0.000172143
 0.814271 0.122319 0.05973 0.00367925 0
 0.40263 0.566651 0.0304383 0.000280538 0
 0.475488 0.404961 0.113038 0.00651328 0
 0.955842 0.0263864 0.0167828 0.000988607 0
 0.975058 0.0227948 0.00214734 0 0
 0.738997 0.206755 0.0527124 0.00153531 0
 0.850938 0.134255 0.0134407 0.00136685 0
 0.542534 0.407297 0.0501686 0 0
 0.764087 0.199537 0.0359546 0.000420521 0
 0.470689 0.182191 0.310203 0.0369168 0
 0.84361 0.089868 0.0606195 0.00523954 0.000663233
 0.607945 0.314616 0.071237 0.00620181 0
 0.523733 0.453247 0.0230204 0 0
 0.530135 0.295979 0.169645 0.0042399 0
 0.562478 0.366248 0.0663022 0.0049721 0
 0.250443 0.683176 0.0655157 0.000865301 0
ppred_RECLAS
 0.661138 0.242443 0.0865301 0.00988346 4.62539e-06
 0.448341 0.442883 0.0778259 0.0277767 0.00317414
 0.307466 0.43374 0.207764 0.0365096 0.0145196
 0.369359 0.304169 0.204473 0.0979436 0.024056
 0.442697 0.301981 0.123146 0.0827829 0.0493928
 0.357076 0.394945 0.134371 0.0547955 0.0588134
 0.456857 0.290372 0.155276 0.0528289 0.0446663
 0.364171 0.401849 0.125089 0.0668914 0.042
 0.402887 0.325404 0.171722 0.0534546 0.0465327
 0.383322 0.362334 0.138608 0.073146 0.0425901
 0.308712 0.391665 0.176046 0.0673448 0.0562323
 0.321297 0.340781 0.191458 0.0860566 0.0604082
 0.436127 0.29083 0.137096 0.0770236 0.058923
 0.457848 0.351513 0.0983261 0.0463507 0.0459619
 0.551624 0.312019 0.0884096 0.0247301 0.0232177
 0.581079 0.316971 0.070945 0.0201021 0.0109021
 0.475256 0.39447 0.0985703 0.0220622 0.00964153
 0.479974 0.341948 0.133868 0.033451 0.010759
 0.458396 0.355817 0.122166 0.0478262 0.0157946
 0.530669 0.298327 0.112344 0.0385721 0.0200874
 0.520118 0.335639 0.0916869 0.0345276 0.0180282
 0.481904 0.356041 0.113344 0.0309624 0.0177479
 0.54561 0.29736 0.107913 0.0343537 0.0147637
 0.528908 0.334561 0.0893477 0.0324246 0.0147583
 0.427899 0.397905 0.12371 0.033038 0.0174468
pobs_PELACES
 0 0 0 0 0
 0 0 0 0 0
 0 0 0 0 0
 0 0 0 0 0
 0 0 0 0 0
 0 0 0 0 0
 0 0 0 0 0
 0 0 0 0 0
 0 0 0 0 0
 0 0 0 0 0
 0.450072 0.473896 0.0757376 0.000293798 0
 0 0 0 0 0
 0.463077 0.371075 0.160297 0.00555027 0
 0.529543 0.364841 0.0842815 0.0213345 0
 0.631943 0.363953 0.00410389 0 0
 0.735681 0.248677 0.0153453 0.000297389 0
 0.695825 0.281241 0.0229344 0 0
 0.275771 0.60734 0.115278 0.00161068 0
 0 0 0 0 0
 0.896147 0.0623911 0.0374545 0.00400742 0
 0.803859 0.145111 0.0509908 3.86294e-05 0
 0.739449 0.233085 0.0266225 0.000797448 4.60066e-05
 0.878498 0.100942 0.0204185 0.000141795 0
 0.694673 0.275183 0.0284847 0.00165964 0
 0.469039 0.446079 0.0841089 0.000773354 0
ppred_PELACES
 0.667392 0.237969 0.0849332 0.00970106 4.54003e-06
 0.453348 0.438862 0.0771194 0.0275246 0.00314533
 0.314264 0.429483 0.205725 0.0361512 0.0143771
 0.370845 0.303452 0.203991 0.0977128 0.0239993
 0.443101 0.301762 0.123057 0.082723 0.0493571
 0.362184 0.391807 0.133303 0.0543601 0.0583461
 0.460248 0.288559 0.154307 0.0524991 0.0443875
 0.370997 0.397534 0.123746 0.0661733 0.0415491
 0.411519 0.3207 0.16924 0.0526818 0.04586
 0.391185 0.357714 0.13684 0.0722135 0.0420471
 0.326071 0.38183 0.171625 0.0656537 0.0548202
 0.338478 0.332154 0.186611 0.0838781 0.058879
 0.464811 0.276035 0.130122 0.0731054 0.0559256
 0.507849 0.319095 0.0892579 0.0420759 0.041723
 0.589439 0.285704 0.0809534 0.0226445 0.0212596
 0.595076 0.306381 0.0685747 0.0194304 0.0105379
 0.484868 0.387245 0.0967648 0.0216581 0.00946493
 0.486042 0.337958 0.132306 0.0330607 0.0106335
 0.463342 0.352568 0.12105 0.0473895 0.0156504
 0.535361 0.295344 0.111221 0.0381865 0.0198866
 0.522333 0.33409 0.0912637 0.0343682 0.017945
 0.484833 0.354028 0.112704 0.0307874 0.0176476
 0.548909 0.295201 0.107129 0.0341042 0.0146565
 0.531724 0.332562 0.0888136 0.0322308 0.0146701
 0.430178 0.39632 0.123218 0.0329064 0.0173773
pobs_pel_tallas
 0 0 0 0 0 0 0 0 0 0 0 0 0 0 0 0 0 0 0 0 0 0 0 0 0 0 0 0 0 0 0 0 0 0 0 0
 0 0 0 0 0 0 0 0 0 0 0 0 0 0 0 0 0 0 0 0 0 0 0 0 0 0 0 0 0 0 0 0 0 0 0 0
 0 0 0 0 0 0 0 0 0 0 0 0 0 0 0 0 0 0 0 0 0 0 0 0 0 0 0 0 0 0 0 0 0 0 0 0
 0 0 0 0 0 0 0 0 0 0 0 0 0 0 0 0 0 0 0 0 0 0 0 0 0 0 0 0 0 0 0 0 0 0 0 0
 0 0 0 0 0 0 0 0 0 0 0 0 0 0 0 0 0 0 0 0 0 0 0 0 0 0 0 0 0 0 0 0 0 0 0 0
 0 0 0 0 0 0 0 0 0 0 0 0 0 0 0 0 0 0 0 0 0 0 0 0 0 0 0 0 0 0 0 0 0 0 0 0
 0 0 0 0 0 0 0 0 0 0 0 0 0 0 0 0 0 0 0 0 0 0 0 0 0 0 0 0 0 0 0 0 0 0 0 0
 0 0 0 0 0 0 0 0 0 0 0 0 0 0 0 0 0 0 0 0 0 0 0 0 0 0 0 0 0 0 0 0 0 0 0 0
 0 0 0 0 0 0 0 0 0 0 0 0 0 0 0 0 0 0 0 0 0 0 0 0 0 0 0 0 0 0 0 0 0 0 0 0
 0 0 0 0 0 0 0 0 0 0 0 0 0 0 0 0 0 0 0 0 0 0 0 0 0 0 0 0 0 0 0 0 0 0 0 0
 0 0 0 0 0 0 0 0 1.78061e-05 0.00172719 0.00360574 0.0105946 0.0120993 0.0124554 0.0147524 0.0171206 0.0266825 0.0428682 0.0675386 0.121331 0.153587 0.119568 0.100827 0.0573624 0.0630603 0.0341343 0.0324427 0.0444173 0.0211091 0.0280891 0.0125444 0.00206551 0 0 0 0
 0 0 0 0 0 0 0 0 0 0 0 0 0 0 0 0 0 0 0 0 0 0 0 0 0 0 0 0 0 0 0 0 0 0 0 0
 0 0 0 0 0 0 0.0133647 0.0140871 0.0187388 0.0205184 0.03894 0.0496705 0.03968 0.0493445 0.0407372 0.0367815 0.0215668 0.0243155 0.0234873 0.0199281 0.019796 0.0243948 0.0301388 0.0376714 0.0412746 0.0863199 0.0771752 0.113111 0.0741005 0.0525337 0.0229764 0.00759418 0.00175318 0 0 0
 0 0 0 0 0 0 0 0 0 0 0.00219441 0.00772107 0.0458388 0.0604681 0.0671733 0.0775358 0.0609151 0.0617685 0.073594 0.0568108 0.0755445 0.0548602 0.0670107 0.0636378 0.0643287 0.046367 0.0373049 0.0286899 0.0247887 0.0153202 0.00654259 0.00121912 0.000365735 0 0 0
 0 0 0 0 0 0 0 0 0 0 0 0 0.000112435 0.00938835 0.0111873 0.0202946 0.0414886 0.0713402 0.111592 0.104902 0.108894 0.110636 0.117776 0.105296 0.107544 0.0401394 0.0192827 0.0124803 0.00416011 0.0028671 0.000618394 0 0 0 0 0
 0 0 0 0 0 0 0 0 0 0 0.00291406 0.0102884 0.027416 0.0768956 0.0749926 0.110853 0.0956884 0.0897413 0.0766577 0.0534642 0.0500743 0.0551293 0.0594112 0.0620874 0.0668451 0.0424026 0.0208742 0.0120726 0.0048766 0.00582813 0.00118941 0.000297354 0 0 0 0
 0 0.00264628 0.0354308 0.0461629 0.0458689 0.0383711 0.0214643 0.0164657 0.0346957 0.0420465 0.0363128 0.0245516 0.0311673 0.0291091 0.0169068 0.0133784 0.00837989 0.0085269 0.0148486 0.0160247 0.0276389 0.0546898 0.0760071 0.122758 0.109233 0.0665981 0.0333725 0.0166128 0.00676272 0.00308733 0.000882094 0 0 0 0 0
 0 0 0 0 0 0 0 0.000805153 0.000690131 0.00759144 0.0133425 0.0154129 0.00931677 0.000345066 0.00356568 0.00563607 0.00851162 0.0253048 0.0502646 0.0516448 0.0657925 0.0565908 0.0611916 0.0827007 0.0866115 0.110766 0.145733 0.0935128 0.0569358 0.0249597 0.0138026 0.00621118 0.00161031 0.00115022 0 0
 0 0 0 0 0 0 0 0 0 0 0 0 0 0 0 0 0 0 0 0 0 0 0 0 0 0 0 0 0 0 0 0 0 0 0 0
 0.00147267 0.00158595 0.00478618 0.00569244 0.00954404 0.0108468 0.00647125 0.017049 0.0510054 0.094081 0.124002 0.0959785 0.0687766 0.0820023 0.061753 0.0591476 0.0492212 0.0479892 0.0443925 0.0268479 0.0217502 0.0140895 0.0121071 0.0120363 0.00920419 0.00665534 0.0049561 0.00860946 0.00930331 0.0156896 0.0114698 0.00855282 0.00243557 0.00046729 0 2.83206e-05
 0 0 0 0 0.000772559 0.00158375 0.000888443 0.00281984 0.00712685 0.0440552 0.0773331 0.111326 0.0921469 0.0852325 0.0710754 0.0886704 0.0786465 0.0553345 0.0373146 0.0185414 0.00753245 0.00457741 0.012979 0.0271748 0.0457355 0.0583668 0.034881 0.0177882 0.00938659 0.00492506 0.0015258 0.00185414 0.000309023 5.79419e-05 3.86279e-05 0
 0 0.00173294 0.00326652 0 0.00397197 0.00683976 0.00946217 0.0152591 0.00757587 0.0136028 0.0228656 0.0392903 0.0559909 0.0764795 0.0681675 0.0726916 0.0566044 0.0477403 0.0527397 0.0444891 0.0609904 0.0582453 0.0661739 0.0445044 0.0529084 0.0360697 0.0280645 0.0235558 0.0158879 0.00826598 0.00280645 0.00217768 0.000904811 0.00058276 9.20147e-05 0
 0 0 0 0 0 0 0 0 0 0 0 0 0 0 0 0 0 0 0 0 0 0 0 0 0 0 0 0 0 0 0 0 0 0 0 0
 0 0 0 0 0 0 0 0 0 0 0 0 0 0 0 0 0 0 0 0 0 0 0 0 0 0 0 0 0 0 0 0 0 0 0 0
 0 0 0 0 0 0 0 0 0 0 0 0 0 0 0 0 0 0 0 0 0 0 0 0 0 0 0 0 0 0 0 0 0 0 0 0
ppred_pel_tallas
 1.01617e-16 2.91239e-05 0.000170922 0.000812461 0.00312798 0.00975427 0.0246386 0.0504145 0.0835703 0.112241 0.122161 0.107805 0.0772793 0.0453211 0.0224076 0.0105752 0.00668665 0.00702996 0.00931571 0.012499 0.0160794 0.0196731 0.0228889 0.0253546 0.0267881 0.0270575 0.0262058 0.0244279 0.0220131 0.0192732 0.0164789 0.0138239 0.0114176 0.00930079 0.00747108 0.00590708
 1.02331e-16 1.97987e-05 0.000116156 0.000552058 0.00212529 0.00662738 0.0167406 0.0342562 0.0567936 0.0763029 0.0831135 0.0735041 0.0530358 0.0317978 0.0170127 0.010187 0.00931059 0.0119454 0.01654 0.0222693 0.0285401 0.0347162 0.0400911 0.0439946 0.0459367 0.045721 0.0434853 0.0396531 0.0348176 0.0295984 0.0245165 0.0199235 0.0159883 0.0127328 0.0100876 0.00794702
 1.04975e-16 1.37339e-05 8.05508e-05 0.000382786 0.00147355 0.00459495 0.0116069 0.0237522 0.0393832 0.0529249 0.0576833 0.0510961 0.0370464 0.0225708 0.0127341 0.00865223 0.00900846 0.0121795 0.0171264 0.0232636 0.0301013 0.0370556 0.0434457 0.0485985 0.0519859 0.053334 0.0526683 0.0502771 0.0466157 0.0421845 0.0374253 0.0326622 0.0280931 0.0238168 0.019875 0.0162876
 1.07474e-16 1.61959e-05 9.50167e-05 0.000451584 0.00173849 0.00542118 0.0136937 0.028021 0.0464553 0.0624103 0.0679733 0.0600966 0.0433235 0.0259 0.0137271 0.00803316 0.00717887 0.0091922 0.0128514 0.0175588 0.0229343 0.0285776 0.0340228 0.0387951 0.0424991 0.0448916 0.0459136 0.0456699 0.0443709 0.0422616 0.0395625 0.0364421 0.0330202 0.0293889 0.0256387 0.0218734
 1.06994e-16 1.93462e-05 0.000113513 0.000539518 0.00207706 0.006477 0.0163606 0.0334777 0.0554994 0.0745538 0.0811811 0.0717306 0.0516159 0.0306669 0.0159026 0.00875084 0.00720865 0.00887815 0.0122707 0.0166674 0.021641 0.0267756 0.0316068 0.035677 0.0386256 0.0402602 0.0405853 0.0397734 0.038098 0.0358503 0.0332726 0.0305254 0.0276915 0.024803 0.0218778 0.0189456
 1.06615e-16 1.58216e-05 9.28116e-05 0.000441084 0.00169803 0.005295 0.0133751 0.0273697 0.0453781 0.0609709 0.0664261 0.0587771 0.0424775 0.0256044 0.013951 0.00875091 0.00843247 0.0110824 0.0154894 0.021009 0.0271626 0.0334154 0.0391566 0.0437902 0.0468581 0.048137 0.0476749 0.045752 0.0427879 0.039226 0.0354381 0.0316729 0.0280554 0.0246199 0.0213579 0.0182582
 1.06163e-16 2.00935e-05 0.000117901 0.000560382 0.00215739 0.00672752 0.0169934 0.0347723 0.0576449 0.0774338 0.0843113 0.0744828 0.0535668 0.0317669 0.0163647 0.00883292 0.00708127 0.00861237 0.0118802 0.016148 0.0209929 0.0260129 0.0307586 0.0347835 0.0377287 0.0393932 0.0397627 0.0389861 0.0373141 0.0350235 0.0323546 0.0294794 0.0265021 0.0234819 0.0204616 0.0174894
 1.06102e-16 1.62061e-05 9.50686e-05 0.000451813 0.00173934 0.00542381 0.0137004 0.0280355 0.0464817 0.0624533 0.0680397 0.0602018 0.0435002 0.0262067 0.0142533 0.00890026 0.00853382 0.0111901 0.0156248 0.0211751 0.0273501 0.0336037 0.039314 0.0438764 0.0468292 0.0479515 0.0473013 0.0451742 0.0420085 0.038266 0.0343341 0.0304718 0.0268084 0.023377 0.0201634 0.0171475
 1.0646e-16 1.79701e-05 0.000105431 0.000501093 0.0019291 0.00601561 0.0151952 0.0310933 0.051548 0.0692498 0.0754163 0.0666626 0.0480251 0.0286463 0.0150629 0.00862261 0.00748813 0.00945111 0.013137 0.0178687 0.0232181 0.0287466 0.0339548 0.0383457 0.0415215 0.0432613 0.0435538 0.0425713 0.0406005 0.0379577 0.0349182 0.0316795 0.0283613 0.0250302 0.0217311 0.0185123
 1.06506e-16 1.70848e-05 0.000100231 0.000476363 0.00183387 0.00571862 0.0144451 0.0295588 0.0490055 0.0658388 0.0717137 0.0634186 0.0457506 0.0274149 0.0146438 0.00874023 0.00797798 0.0102705 0.0143083 0.0194219 0.0251536 0.0310136 0.0364455 0.0409032 0.0439617 0.0454043 0.0452568 0.0437536 0.041255 0.0381455 0.0347496 0.0312876 0.0278759 0.024557 0.0213415 0.0182409
 1.07379e-16 1.42466e-05 8.35657e-05 0.00039713 0.0015288 0.00476725 0.012042 0.0246422 0.0408569 0.0548995 0.0598201 0.0529524 0.0383131 0.0231847 0.0127981 0.00828278 0.00824503 0.0109824 0.0154184 0.020976 0.0272124 0.0336182 0.0396018 0.0445771 0.0480815 0.0498697 0.049951 0.0485552 0.0460472 0.0428216 0.0392157 0.0354637 0.0316968 0.0279744 0.0243259 0.0207831
 1.08391e-16 1.47856e-05 8.67346e-05 0.000412205 0.00158686 0.00494832 0.0124993 0.0255775 0.0424059 0.0569753 0.0620672 0.0549068 0.0396517 0.0238442 0.0128917 0.00794086 0.0075207 0.00984982 0.0138165 0.018856 0.0245751 0.0305393 0.0362413 0.0411699 0.0449092 0.0472175 0.0480605 0.0475851 0.0460504 0.0437442 0.0409149 0.0377384 0.0343229 0.0307359 0.0270379 0.023305
 1.07063e-16 2.02919e-05 0.000119067 0.000565929 0.00217875 0.00679414 0.0171616 0.0351164 0.058215 0.078198 0.0851395 0.0752051 0.0540658 0.0320217 0.0164201 0.00874093 0.00686534 0.00826566 0.0113797 0.0154697 0.0201241 0.0249608 0.0295562 0.0334902 0.0364271 0.0381801 0.0387379 0.0382396 0.0369156 0.0350143 0.0327437 0.0302436 0.0275895 0.0248184 0.0219595 0.0190567
 1.04767e-16 2.21702e-05 0.000130091 0.000618328 0.00238049 0.00742324 0.0187507 0.0383681 0.0636058 0.0854399 0.093026 0.0821756 0.0590858 0.0350117 0.0179817 0.0096118 0.00758193 0.0091188 0.0124948 0.0168726 0.0217619 0.0267002 0.0311837 0.0347283 0.0369677 0.0377325 0.0370793 0.0352572 0.0326296 0.029577 0.0264162 0.0233565 0.0204978 0.0178582 0.015415 0.0131394
 1.03014e-16 2.57266e-05 0.000150973 0.00071761 0.00276276 0.00861535 0.0217619 0.0445289 0.0738162 0.0991472 0.107929 0.0952893 0.0684037 0.0403096 0.0202904 0.0101796 0.00724182 0.00822441 0.0111106 0.0149515 0.0192421 0.0235475 0.0274079 0.030385 0.0321496 0.0325529 0.0316541 0.0296908 0.0270079 0.0239693 0.020883 0.0179587 0.0153027 0.0129405 0.0108513 0.00900019
 1.02234e-16 2.59733e-05 0.000152419 0.000724481 0.00278921 0.00869782 0.0219702 0.0449553 0.0745236 0.100099 0.108968 0.0962157 0.0690876 0.0407505 0.0205817 0.010438 0.00756239 0.0086721 0.0117259 0.0157518 0.0202172 0.024653 0.0285628 0.031477 0.0330487 0.0331309 0.0318064 0.029354 0.02617 0.0226704 0.0192064 0.0160161 0.0132173 0.010831 0.00882037 0.00712665
 1.02687e-16 2.1171e-05 0.000124218 0.000590394 0.00227291 0.00708774 0.0179034 0.0366349 0.0607349 0.0815908 0.0888543 0.0785361 0.0565682 0.0337191 0.0176839 0.0100395 0.00860355 0.010748 0.0148177 0.0199702 0.0256515 0.0312969 0.0362832 0.0400149 0.0420496 0.0421962 0.0405532 0.0374673 0.0334352 0.0289809 0.0245496 0.0204467 0.0168281 0.0137289 0.0111107 0.00890617
 1.03622e-16 2.12203e-05 0.000124512 0.0005918 0.00227834 0.00710468 0.0179461 0.036722 0.0608779 0.0817789 0.0890485 0.0786824 0.0566188 0.0336397 0.0174432 0.00959277 0.00788583 0.00968217 0.0133333 0.0180282 0.0232699 0.0285701 0.0333883 0.0371992 0.0395982 0.0403871 0.0396077 0.037511 0.0344776 0.0309187 0.0271905 0.0235467 0.0201316 0.0170036 0.0141718 0.0116275
 1.04193e-16 2.0231e-05 0.000118702 0.000564179 0.00217199 0.00677303 0.0171084 0.0350081 0.0580375 0.0779661 0.0849041 0.075038 0.0540343 0.0321806 0.0168269 0.00947758 0.00804668 0.0100272 0.0138494 0.0187291 0.0241672 0.0296599 0.034647 0.0385855 0.04106 0.0418712 0.0410705 0.0389255 0.0358359 0.0322284 0.0284678 0.0248072 0.0213832 0.0182424 0.0153818 0.0127843
 1.03917e-16 2.33691e-05 0.000137131 0.000651801 0.00250938 0.00782517 0.019766 0.0404452 0.0670479 0.09006 0.0980467 0.0865878 0.0622086 0.0367625 0.0186978 0.00970046 0.00730785 0.00858507 0.0117112 0.0158208 0.0204336 0.0251151 0.0293944 0.0328157 0.0350277 0.0358575 0.0353393 0.0336866 0.0312227 0.0282945 0.0251995 0.0221452 0.0192456 0.0165435 0.0140436 0.011741
 1.03424e-16 2.28025e-05 0.000133801 0.000635964 0.00244839 0.00763497 0.0192856 0.0394626 0.0654202 0.0878776 0.0956811 0.0845231 0.0607784 0.036024 0.0185184 0.00992415 0.0078551 0.00945676 0.0129472 0.0174565 0.0224678 0.0274896 0.0319875 0.0354496 0.0374917 0.0379409 0.0368676 0.0345512 0.0313962 0.0278294 0.0242117 0.0207883 0.0176834 0.0149263 0.0124923 0.0103397
 1.03598e-16 2.11682e-05 0.000124204 0.000590336 0.0022727 0.00708709 0.0179017 0.0366312 0.0607278 0.0815787 0.088834 0.0785011 0.0565062 0.0336087 0.0174924 0.00972244 0.00810634 0.010012 0.013791 0.0186228 0.0239924 0.0293871 0.0342411 0.0380089 0.0402771 0.0408539 0.0398038 0.0374123 0.0340991 0.0303112 0.0264299 0.0227195 0.0193201 0.0162742 0.0135682 0.0111693
 1.03474e-16 2.39598e-05 0.000140599 0.00066829 0.00257286 0.00802315 0.020266 0.0414684 0.0687438 0.0923371 0.100524 0.0887701 0.0637653 0.0376598 0.0191121 0.00984624 0.0073322 0.00855622 0.0116483 0.0157209 0.020285 0.0249022 0.0290997 0.032421 0.0345165 0.0352166 0.0345614 0.0327725 0.0301826 0.0271485 0.0239762 0.0208802 0.017978 0.0153125 0.0128848 0.0106834
 1.03163e-16 2.32119e-05 0.000136205 0.000647392 0.00249239 0.00777219 0.0196322 0.0401717 0.0665956 0.0894557 0.0973973 0.0860345 0.0618549 0.0366413 0.0187972 0.0100114 0.00785023 0.00940453 0.0128586 0.017328 0.0222916 0.0272574 0.0316922 0.035086 0.0370567 0.0374342 0.0362917 0.0339114 0.0307012 0.0270912 0.0234455 0.0200123 0.0169172 0.0141898 0.0118035 0.00971362
 1.03821e-16 1.87867e-05 0.000110219 0.000523839 0.00201665 0.00628861 0.0158849 0.032505 0.0538898 0.0724005 0.0788597 0.0697351 0.0503011 0.0301282 0.0160668 0.00954383 0.00865233 0.011085 0.0153842 0.0207921 0.0267805 0.0327861 0.0381765 0.0423415 0.0448192 0.0453972 0.0441511 0.0414049 0.0376339 0.0333432 0.0289641 0.0247953 0.020995 0.0176101 0.0146227 0.0119921
pSPR Fmed_Fpbrs
0.740164   0.255602 0.255602
Fs Fmed_Fpbrs
0.15387   1.005 1.005
SSBpbr Bo_Bmed_Bpbrs
1.57464e+06  1.08676e+06  323748 323748
Ro
71682.4
SPR SPRFo_SPRFmed_SPRFpbrs
1.4722e+06 1.08967e+06 376297
log_Ro
11
likeval ReclasPelacesDesembMPH_pf_preclas_ppelaces_ptallas_desvR_qrecl_qpela
 237.412 51.3107 0.149889 0.00127319 348.713 220.805 81.3942 0 17.3829 0 0 0 0 0 0
q_reclas_q_pelaces
1 1
M
0.7
N
 128994 24677.9 8807.77 1006.02 0.470812
 115531 58838 10339.4 3690.21 421.692
 72910.1 53960.2 25847.2 4542.03 1806.34
 79101.6 32886.4 22107.4 10589.6 2600.91
 112686 38529.1 15711.9 10562.1 6301.93
 97358 55682 18944.5 7725.43 8291.9
 139329 45203.5 24172.5 8224.12 6953.4
 115084 66384.3 20664.4 11050.3 6938.29
 122636 52283 27590.8 8588.6 7476.45
 109958 54644.5 20903.8 11031.3 6423.12
 68952.6 49387.2 22198.6 8491.88 7090.65
 45018.1 26858.2 15089.5 6782.45 4761.01
 44443.9 17663.5 8326.53 4678.02 3578.68
 29868 15533.5 4345.06 2048.25 2031.07
 22612.3 8080.85 2289.69 640.476 601.305
 23623.8 7032.78 1574.09 446.013 241.889
 22382.3 9846.89 2460.54 550.723 240.675
 26761.8 9890.53 3872.01 967.539 311.195
 30865.7 12346 4238.87 1659.46 548.038
 49892.4 14430.3 5434.19 1865.76 971.644
 71555 23400.3 6392.28 2407.21 1256.9
 91986.7 34590.1 11011.6 3008.06 1724.25
 158545 44084.3 15998.4 5093.02 2188.75
 235028 75617.6 20194.4 7328.62 3335.67
 239170 112781 35064 9364.16 4945.05
pred_Ctot
 7594.57 2801.15 999.756 114.192 0.0534411
 4957.1 4916.39 863.937 308.347 35.2358
 4834.4 6865.61 3288.67 577.904 229.829
 1089.7 898.415 603.945 289.293 71.0536
 400.395 273.204 111.411 74.8941 44.686
 4569.52 5076.62 1727.2 704.34 755.986
 4071.42 2594.48 1387.39 472.027 399.094
 7083.23 7863.99 2447.94 1309.03 821.921
 9114.98 7418.86 3915.09 1218.71 1060.9
 7598.49 7233.14 2766.97 1460.19 850.21
 10842.1 14049.3 6314.89 2415.7 2017.09
 6887.53 7455.02 4188.38 1882.6 1321.51
 9659.38 6670.91 3144.65 1766.73 1351.55
 10121.1 8401.66 2350.13 1107.85 1098.55
 6241.76 3722.39 1054.73 295.031 276.988
 2756.64 1524.65 341.251 96.6924 52.4398
 1784.85 1493.95 373.309 83.5547 36.5148
 1372.21 982.423 384.605 96.1054 30.9109
 1303.75 1015.99 348.827 136.561 45.0993
 1998.67 1127.76 424.694 145.814 75.9362
 1367.85 884.145 241.523 90.9531 47.4902
 2314.6 1713.86 545.599 149.042 85.4323
 4519.6 2469.44 896.171 285.292 122.606
 5703.53 3615.45 965.539 350.398 159.486
 4788.46 4460.5 1386.79 370.355 195.578
F
 0.084976 0.169952 0.169952 0.169952 0.169952
 0.0612921 0.122584 0.122584 0.122584 0.122584
 0.0961678 0.192336 0.192336 0.192336 0.192336
 0.0193195 0.038639 0.038639 0.038639 0.038639
 0.00495153 0.00990307 0.00990307 0.00990307 0.00990307
 0.06722 0.13444 0.13444 0.13444 0.13444
 0.04138 0.0827601 0.0827601 0.0827601 0.0827601
 0.0889893 0.177979 0.177979 0.177979 0.177979
 0.108371 0.216742 0.216742 0.216742 0.216742
 0.100409 0.200819 0.200819 0.200819 0.200819
 0.242846 0.485692 0.485692 0.485692 0.485692
 0.235563 0.471126 0.471126 0.471126 0.471126
 0.351231 0.702462 0.702462 0.702462 0.702462
 0.607291 1.21458 1.21458 1.21458 1.21458
 0.467911 0.935822 0.935822 0.935822 0.935822
 0.175099 0.350199 0.350199 0.350199 0.350199
 0.116691 0.233382 0.233382 0.233382 0.233382
 0.0736411 0.147282 0.147282 0.147282 0.147282
 0.0603126 0.120625 0.120625 0.120625 0.120625
 0.0571203 0.114241 0.114241 0.114241 0.114241
 0.0268982 0.0537965 0.0537965 0.0537965 0.0537965
 0.0355406 0.0710811 0.0710811 0.0710811 0.0710811
 0.0403495 0.080699 0.080699 0.080699 0.080699
 0.0342574 0.0685148 0.0685148 0.0685148 0.0685148
 0.0281877 0.0563755 0.0563755 0.0563755 0.0563755
nmprior
 10.6 11 7 0
nm_flota  nm_reclas  nm_pelaces    nm_pelaL
inf 11.6941 15.3807 34.9197
cv_recla  cv_pelaces  cv_mph
1.39372 0.812225 1.15767
 ------------------------------------------------
Talla a la edad & desviación 
 7.2 14.2025 17.0495 18.207 18.6776
 1.08 2.13037 2.55742 2.73105 2.80164
