    unsorted:	 0.003495357497 0.0008999977316 17.98295841 17.01394180 14.96514182 15.08991915 7.078719642 22.78998001 66.49573990 92.33788339 59.90116556 87.31241508 181.1817205 261.3912722 314.7504124 414.5918998 464.8170042 487.1896755 575.0278565 661.0052939 700.1222994 705.9536810 754.0121685 812.0988847 821.9053508 832.9985970 886.4839404 928.9155030 1063.394720 1071.611894 1117.908386 1226.034594 1450.723290 1649.247143 1786.246749 1925.969605 2080.189104 2799.278350 4318.741094 196028.4603 195010.9993 309142.6935 295371.5626 364833.1797 420166.3272 453223.8721 460338.3635 541166.5879 605192.6629 614557.9094 697883.3469 729421.8841 921341.8095 1064342.388 1166263.254 1373410.303 1561351.098 1657028.989 1816582.771 1874593.271 2176851.712 2241448.191 2417832.320 2527732.920 2742477.178
      sorted:	 0.0008999977316 0.003495357497 7.078719642 14.96514182 15.08991915 17.01394180 17.98295841 22.78998001 59.90116556 66.49573990 87.31241508 92.33788339 181.1817205 261.3912722 314.7504124 414.5918998 464.8170042 487.1896755 575.0278565 661.0052939 700.1222994 705.9536810 754.0121685 812.0988847 821.9053508 832.9985970 886.4839404 928.9155030 1063.394720 1071.611894 1117.908386 1226.034594 1450.723290 1649.247143 1786.246749 1925.969605 2080.189104 2799.278350 4318.741094 195010.9993 196028.4603 295371.5626 309142.6935 364833.1797 420166.3272 453223.8721 460338.3635 541166.5879 605192.6629 614557.9094 697883.3469 729421.8841 921341.8095 1064342.388 1166263.254 1373410.303 1561351.098 1657028.989 1816582.771 1874593.271 2176851.712 2241448.191 2417832.320 2527732.920 2742477.178
