years
 1997 1998 1999 2000 2001 2002 2003 2004 2005 2006 2007 2008 2009 2010 2011 2012 2013 2014 2015 2016 2017 2018 2019 2020 2021
reclasobs
 0 0 0 370054 412103 1.49427e+06 250295 1.28982e+06 931140 785840 897777 1.04006e+06 184774 17550 25797 100020 73551 82996 120727 218422 84188 347160 605670 569463 516374
reclaspred
 454131 136385 479279 343203 440226 516337 1.08561e+06 671087 677379 547517 414156 277072 169832 84675.6 64730.3 68531.6 87756.7 123105 131331 184891 260668 237904 418125 543358 617921
pelacesobs
 0 0 0 0 0 0 0 0 0 2.06254e+06 1.5e+06 0 1.87456e+06 323000 250000 174000 83755 137374 0 501740 490994 745055 786931 1.00524e+06 1.33801e+06
pelacespred
 1.8527e+06 532334 1.06177e+06 1.1997e+06 1.28806e+06 1.31111e+06 2.89866e+06 2.41087e+06 2.07468e+06 1.73093e+06 1.19166e+06 819257 497789 214852 157717 175151 231244 325068 363657 490636 757712 691268 949764 1.45695e+06 1.73095e+06
mphobs
 0 0 0 0 0 112323 0 153150 637223 0 255016 313432 73983 77613 109348 50772 0 0 0 0 0 0 0 0 0
mphpred
 1.12455e+06 805080 1.08153e+06 1.52255e+06 1.42167e+06 1.97232e+06 2.95546e+06 3.31349e+06 2.63853e+06 2.39418e+06 1.99792e+06 1.38456e+06 859861 463137 250060 227947 277893 392503 496674 571683 830630 959805 1.21137e+06 1.75651e+06 2.38856e+06
desembarqueobs
 350755 77701 442110 56441 14545 235359 269955 359681 431902 328805 639364 411747 362871 311530 167758 66681 60226 58785 57116 73181 50977 67692 138656 160484 209506
desembarquepred
 350765 77704.7 442155 56442.6 14545.1 235390 269979 359718 431986 328880 639830 412138 363412 312193 167886 66700.4 60245.4 58789.8 57116.3 73185.2 50978.6 67691 138661 160491 209510
Reclutas
 94690.1 118682 77760.5 110150 178324 133558 193691 157785 164689 142531 70607.9 42188.8 42876 25932.3 21660.7 29388.9 26052.9 30009 33916.9 58607.3 73573.6 96291.2 159045 196921 91019.7
log_desv_Rt
 0.218365 0.444203 0.0213883 0.369598 0.851355 0.562288 0.934018 0.728988 0.771815 0.627315 -0.0751029 -0.59009 -0.573932 -1.07676 -1.25675 -0.951628 -1.07212 -0.930749 -0.80833 -0.261386 -0.0339581 0.235132 0.736944 0.950556 0.178831
SSB
 1.12455e+06 805080 1.08153e+06 1.52255e+06 1.42167e+06 1.97232e+06 2.95546e+06 3.31349e+06 2.63853e+06 2.39418e+06 1.99792e+06 1.38456e+06 859861 463137 250060 227947 277893 392503 496674 571683 830630 959805 1.21137e+06 1.75651e+06 2.38856e+06
BT
 3.88449e+06 1.11204e+06 2.25317e+06 2.27969e+06 2.41473e+06 2.5913e+06 5.6296e+06 4.86994e+06 4.25828e+06 3.52127e+06 2.78143e+06 1.88557e+06 1.27761e+06 700960 441033 383248 483265 653940 721357 976711 1.46151e+06 1.3371e+06 1.85715e+06 2.84558e+06 3.36148e+06
Ftot
 0.25611 0.180097 0.237023 0.0430333 0.00970289 0.1049 0.0658121 0.136968 0.164488 0.148394 0.341932 0.320837 0.495847 0.836903 0.699032 0.270625 0.194972 0.12928 0.108763 0.112838 0.0542989 0.0727435 0.0856926 0.0809605 0.0780257
BD_Bspro_t
 0.969236 0.852833 0.837924 0.770014 0.840593 0.906684 0.887469 0.887608 0.843874 0.8023 0.755354 0.615449 0.506649 0.396341 0.284541 0.311936 0.442522 0.613406 0.714649 0.781348 0.848869 0.894342 0.898393 0.902521 0.905363
BD_Bspro
 0.719373 0.51501 0.691857 0.973972 0.909442 1.2617 1.89061 2.11964 1.68787 1.53156 1.27807 0.885702 0.550053 0.296269 0.159963 0.145818 0.177768 0.251084 0.317722 0.365706 0.531354 0.613987 0.774917 1.12364 1.52796
BD_Bo
 0.621975 0.445281 0.598184 0.842103 0.78631 1.09087 1.63463 1.83266 1.45934 1.32419 1.10503 0.765784 0.47558 0.256156 0.138305 0.126075 0.1537 0.217089 0.274705 0.316192 0.459412 0.530857 0.669998 0.971505 1.32109
BD_Brms
 2.22109 1.59011 2.13613 3.00717 2.80794 3.89553 5.83731 6.54447 5.21135 4.72873 3.94609 2.73464 1.69831 0.914741 0.493893 0.450218 0.548866 0.775232 0.980979 1.12913 1.64058 1.89571 2.39258 3.46928 4.71764
S_f
 0.211744 1 1 1 1
 0.211744 1 1 1 1
 0.211744 1 1 1 1
 0.211744 1 1 1 1
 0.211744 1 1 1 1
 0.211744 1 1 1 1
 0.211744 1 1 1 1
 0.211744 1 1 1 1
 0.211744 1 1 1 1
 0.211744 1 1 1 1
 0.211744 1 1 1 1
 0.211744 1 1 1 1
 0.211744 1 1 1 1
 0.211744 1 1 1 1
 0.211744 1 1 1 1
 0.211744 1 1 1 1
 0.211744 1 1 1 1
 0.211744 1 1 1 1
 0.211744 1 1 1 1
 0.211744 1 1 1 1
 0.211744 1 1 1 1
 0.211744 1 1 1 1
 0.211744 1 1 1 1
 0.211744 1 1 1 1
 0.211744 1 1 1 1
Scru_reclas
 1 1 1 1 1
 1 1 1 1 1
 1 1 1 1 1
 1 1 1 1 1
 1 1 1 1 1
 1 1 1 1 1
 1 1 1 1 1
 1 1 1 1 1
 1 1 1 1 1
 1 1 1 1 1
 1 1 1 1 1
 1 1 1 1 1
 1 1 1 1 1
 1 1 1 1 1
 1 1 1 1 1
 1 1 1 1 1
 1 1 1 1 1
 1 1 1 1 1
 1 1 1 1 1
 1 1 1 1 1
 1 1 1 1 1
 1 1 1 1 1
 1 1 1 1 1
 1 1 1 1 1
 1 1 1 1 1
Scru_pelaces
 0.909404 0.980589 0.996082 0.999219 0.999845
 0.909404 0.980589 0.996082 0.999219 0.999845
 0.909404 0.980589 0.996082 0.999219 0.999845
 0.909404 0.980589 0.996082 0.999219 0.999845
 0.909404 0.980589 0.996082 0.999219 0.999845
 0.909404 0.980589 0.996082 0.999219 0.999845
 0.909404 0.980589 0.996082 0.999219 0.999845
 0.909404 0.980589 0.996082 0.999219 0.999845
 0.909404 0.980589 0.996082 0.999219 0.999845
 0.909404 0.980589 0.996082 0.999219 0.999845
 0.909404 0.980589 0.996082 0.999219 0.999845
 0.909404 0.980589 0.996082 0.999219 0.999845
 0.909404 0.980589 0.996082 0.999219 0.999845
 0.909404 0.980589 0.996082 0.999219 0.999845
 0.909404 0.980589 0.996082 0.999219 0.999845
 0.909404 0.980589 0.996082 0.999219 0.999845
 0.909404 0.980589 0.996082 0.999219 0.999845
 0.909404 0.980589 0.996082 0.999219 0.999845
 0.909404 0.980589 0.996082 0.999219 0.999845
 0.909404 0.980589 0.996082 0.999219 0.999845
 0.909404 0.980589 0.996082 0.999219 0.999845
 0.909404 0.980589 0.996082 0.999219 0.999845
 0.909404 0.980589 0.996082 0.999219 0.999845
 0.909404 0.980589 0.996082 0.999219 0.999845
 0.909404 0.980589 0.996082 0.999219 0.999845
pf_obs 
 0.256992 0.487395 0.22802 0.0275931 0
 0.321318 0.546541 0.124235 0.00734118 0.000564706
 0.182869 0.594174 0.210203 0.0122559 0.00049798
 0.330522 0.361315 0.267642 0.0388342 0.00168674
 0.649043 0.306663 0.0425973 0.00169635 0
 0.582887 0.30429 0.105238 0.00758474 0
 0.465427 0.430635 0.0974691 0.00646863 0
 0.296916 0.608066 0.0921331 0.00288517 0
 0.311714 0.524322 0.152257 0.0117073 0
 0.15457 0.633149 0.183074 0.0267441 0.00246327
 0.131901 0.49318 0.331252 0.0422183 0.00144891
 0.196976 0.569456 0.194076 0.0375587 0.00193317
 0.518974 0.381816 0.0799577 0.0180837 0.00116848
 0.0928022 0.601141 0.25162 0.0475244 0.00691264
 0.122501 0.610282 0.24278 0.0234846 0.000952079
 0.383417 0.481906 0.127806 0.00687128 0
 0.0376549 0.599619 0.316969 0.0457579 0
 0.0361596 0.667082 0.258105 0.0386534 0
 0.158088 0.579412 0.248529 0.0139706 0
 0.0477256 0.309471 0.559284 0.082774 0.000745712
 0.0406174 0.521527 0.379366 0.0568643 0.0016247
 0.151134 0.462217 0.34131 0.0453401 0
 0.294876 0.26143 0.354403 0.0886775 0.000613685
 0.281977 0.475581 0.204845 0.0348837 0.00271318
 0.0354234 0.537034 0.353287 0.0723622 0.0018943
pf_pred 
 0.398299 0.424855 0.158173 0.0186643 9.10599e-06
 0.318295 0.530475 0.106782 0.0397548 0.00469334
 0.181506 0.577036 0.187893 0.037822 0.0157435
 0.257537 0.3995 0.241788 0.0787304 0.0224448
 0.304178 0.435172 0.140249 0.0848824 0.0355188
 0.182895 0.551237 0.166276 0.0535882 0.0460043
 0.253681 0.392188 0.238905 0.0720635 0.0431632
 0.186999 0.50652 0.161055 0.098108 0.0473187
 0.206175 0.425382 0.229549 0.0729883 0.0659058
 0.186165 0.46304 0.187978 0.101439 0.0613778
 0.115808 0.473731 0.233536 0.0948075 0.0821171
 0.113428 0.371771 0.275819 0.135971 0.10301
 0.183408 0.33583 0.2016 0.149569 0.129593
 0.175779 0.470727 0.145377 0.0872707 0.120846
 0.241869 0.454194 0.173584 0.0536088 0.0767444
 0.331998 0.451636 0.129624 0.0495399 0.0372021
 0.237015 0.554021 0.14128 0.040549 0.0271346
 0.247751 0.463005 0.210027 0.0535588 0.0256586
 0.242412 0.471431 0.176128 0.0798948 0.0301345
 0.324649 0.414185 0.162518 0.0607173 0.0379308
 0.282486 0.505665 0.129925 0.0509798 0.0309446
 0.275142 0.475292 0.175881 0.0451905 0.028495
 0.323558 0.439201 0.15556 0.0575646 0.0241168
 0.279355 0.505294 0.139823 0.0495236 0.0260039
 0.118857 0.577045 0.213224 0.0590027 0.0318712
pobs_RECLAS
 0 0 0 0 0
 0 0 0 0 0
 0 0 0 0 0
 0 0 0 0 0
 0.835266 0.146461 0.0176864 0.000547809 3.91292e-05
 0.385257 0.428462 0.181853 0.0044286 0
 0.867414 0.0963971 0.0333333 0.00285562 0
 0.441836 0.489002 0.0689373 0.000224442 0
 0.779404 0.147425 0.0564933 0.0165055 0.000172143
 0.814271 0.122319 0.05973 0.00367925 0
 0.40263 0.566651 0.0304383 0.000280538 0
 0.475488 0.404961 0.113038 0.00651328 0
 0.955842 0.0263864 0.0167828 0.000988607 0
 0.975058 0.0227948 0.00214734 0 0
 0.738997 0.206755 0.0527124 0.00153531 0
 0.850938 0.134255 0.0134407 0.00136685 0
 0.542534 0.407297 0.0501686 0 0
 0.764087 0.199537 0.0359546 0.000420521 0
 0.470689 0.182191 0.310203 0.0369168 0
 0.84361 0.089868 0.0606195 0.00523954 0.000663233
 0.607945 0.314616 0.071237 0.00620181 0
 0.523733 0.453247 0.0230204 0 0
 0.530135 0.295979 0.169645 0.0042399 0
 0.562478 0.366248 0.0663022 0.0049721 0
 0.250443 0.683176 0.0655157 0.000865301 0
ppred_RECLAS
 0.760246 0.169288 0.0630256 0.007437 3.62837e-06
 0.690023 0.241212 0.0485548 0.0180769 0.00213411
 0.514789 0.342072 0.111385 0.0224212 0.00933286
 0.621425 0.203702 0.123285 0.0401439 0.0114444
 0.673782 0.204019 0.0657522 0.0397949 0.016652
 0.515177 0.327072 0.0986582 0.0317961 0.0272963
 0.616913 0.201311 0.12263 0.0369903 0.0221557
 0.522415 0.297547 0.0946092 0.0576321 0.0277966
 0.552996 0.239533 0.129259 0.0410998 0.0371116
 0.521205 0.272415 0.110591 0.0596783 0.0361097
 0.386923 0.328474 0.161928 0.0657373 0.0569381
 0.381021 0.25956 0.192569 0.0949313 0.0719189
 0.522731 0.196281 0.117828 0.0874176 0.0757424
 0.517956 0.275304 0.0850235 0.0510401 0.0706764
 0.613108 0.231786 0.088584 0.0273579 0.0391645
 0.704408 0.199849 0.0573589 0.0219215 0.016462
 0.597154 0.292515 0.0745941 0.0214093 0.0143267
 0.610229 0.239902 0.108823 0.027751 0.0132947
 0.603074 0.246998 0.0922795 0.0418596 0.0157885
 0.695408 0.186803 0.0732975 0.0273842 0.0171072
 0.650856 0.246058 0.0632217 0.0248069 0.0150577
 0.642725 0.234266 0.0866899 0.0222739 0.0140449
 0.694045 0.198651 0.0703597 0.0260365 0.010908
 0.647635 0.247068 0.0683676 0.024215 0.0127148
 0.390043 0.39945 0.147601 0.0408436 0.0220623
pobs_PELACES
 0 0 0 0 0
 0 0 0 0 0
 0 0 0 0 0
 0 0 0 0 0
 0 0 0 0 0
 0 0 0 0 0
 0 0 0 0 0
 0 0 0 0 0
 0 0 0 0 0
 0 0 0 0 0
 0.450072 0.473896 0.0757376 0.000293798 0
 0 0 0 0 0
 0.463077 0.371075 0.160297 0.00555027 0
 0.529543 0.364841 0.0842815 0.0213345 0
 0.631943 0.363953 0.00410389 0 0
 0.735681 0.248677 0.0153453 0.000297389 0
 0.695825 0.281241 0.0229344 0 0
 0.275771 0.60734 0.115278 0.00161068 0
 0 0 0 0 0
 0.896147 0.0623911 0.0374545 0.00400742 0
 0.803859 0.145111 0.0509908 3.86294e-05 0
 0.739449 0.233085 0.0266225 0.000797448 4.60066e-05
 0.878498 0.100942 0.0204185 0.000141795 0
 0.694673 0.275183 0.0284847 0.00165964 0
 0.469039 0.446079 0.0841089 0.000773354 0
ppred_PELACES
 0.757781 0.170221 0.0643742 0.00762006 3.72001e-06
 0.683087 0.245695 0.0502386 0.0187627 0.00221646
 0.510148 0.343666 0.113672 0.0229537 0.00956048
 0.60437 0.211241 0.129868 0.0424206 0.012101
 0.656112 0.21368 0.0699538 0.0424711 0.017783
 0.501775 0.334253 0.102417 0.0331115 0.0284433
 0.601142 0.207929 0.128663 0.0389323 0.0233335
 0.510858 0.30276 0.0977875 0.0597558 0.0288389
 0.542967 0.242977 0.133189 0.0424827 0.0383844
 0.510158 0.276627 0.114075 0.0617522 0.037388
 0.388247 0.325152 0.162823 0.0663088 0.057469
 0.380557 0.257154 0.193799 0.0958383 0.0726516
 0.53349 0.189863 0.115777 0.0861658 0.0747045
 0.551453 0.254221 0.079753 0.0480269 0.0665457
 0.636439 0.216305 0.0839737 0.0260157 0.0372665
 0.702213 0.200219 0.0583729 0.0223792 0.0168163
 0.590094 0.29627 0.0767452 0.0220961 0.0147955
 0.598718 0.245408 0.11308 0.0289272 0.0138669
 0.590197 0.253375 0.0961575 0.043756 0.0165141
 0.684153 0.192433 0.0766996 0.0287455 0.0179689
 0.635647 0.255484 0.0666808 0.0262466 0.0159416
 0.628315 0.242312 0.0910838 0.0234766 0.0148125
 0.681374 0.205654 0.073991 0.0274665 0.0115143
 0.633971 0.255352 0.0717763 0.0255024 0.0133992
 0.375666 0.406505 0.152581 0.0423547 0.0228929
pobs_pel_tallas
 0 0 0 0 0 0 0 0 0 0 0 0 0 0 0 0 0 0 0 0 0 0 0 0 0 0 0 0 0 0 0 0 0 0 0 0
 0 0 0 0 0 0 0 0 0 0 0 0 0 0 0 0 0 0 0 0 0 0 0 0 0 0 0 0 0 0 0 0 0 0 0 0
 0 0 0 0 0 0 0 0 0 0 0 0 0 0 0 0 0 0 0 0 0 0 0 0 0 0 0 0 0 0 0 0 0 0 0 0
 0 0 0 0 0 0 0 0 0 0 0 0 0 0 0 0 0 0 0 0 0 0 0 0 0 0 0 0 0 0 0 0 0 0 0 0
 0 0 0 0 0 0 0 0 0 0 0 0 0 0 0 0 0 0 0 0 0 0 0 0 0 0 0 0 0 0 0 0 0 0 0 0
 0 0 0 0 0 0 0 0 0 0 0 0 0 0 0 0 0 0 0 0 0 0 0 0 0 0 0 0 0 0 0 0 0 0 0 0
 0 0 0 0 0 0 0 0 0 0 0 0 0 0 0 0 0 0 0 0 0 0 0 0 0 0 0 0 0 0 0 0 0 0 0 0
 0 0 0 0 0 0 0 0 0 0 0 0 0 0 0 0 0 0 0 0 0 0 0 0 0 0 0 0 0 0 0 0 0 0 0 0
 0 0 0 0 0 0 0 0 0 0 0 0 0 0 0 0 0 0 0 0 0 0 0 0 0 0 0 0 0 0 0 0 0 0 0 0
 0 0 0 0 0 0 0 0 0 0 0 0 0 0 0 0 0 0 0 0 0 0 0 0 0 0 0 0 0 0 0 0 0 0 0 0
 0 0 0 0 0 0 0 0 1.78061e-05 0.00172719 0.00360574 0.0105946 0.0120993 0.0124554 0.0147524 0.0171206 0.0266825 0.0428682 0.0675386 0.121331 0.153587 0.119568 0.100827 0.0573624 0.0630603 0.0341343 0.0324427 0.0444173 0.0211091 0.0280891 0.0125444 0.00206551 0 0 0 0
 0 0 0 0 0 0 0 0 0 0 0 0 0 0 0 0 0 0 0 0 0 0 0 0 0 0 0 0 0 0 0 0 0 0 0 0
 0 0 0 0 0 0 0.0133647 0.0140871 0.0187388 0.0205184 0.03894 0.0496705 0.03968 0.0493445 0.0407372 0.0367815 0.0215668 0.0243155 0.0234873 0.0199281 0.019796 0.0243948 0.0301388 0.0376714 0.0412746 0.0863199 0.0771752 0.113111 0.0741005 0.0525337 0.0229764 0.00759418 0.00175318 0 0 0
 0 0 0 0 0 0 0 0 0 0 0.00219441 0.00772107 0.0458388 0.0604681 0.0671733 0.0775358 0.0609151 0.0617685 0.073594 0.0568108 0.0755445 0.0548602 0.0670107 0.0636378 0.0643287 0.046367 0.0373049 0.0286899 0.0247887 0.0153202 0.00654259 0.00121912 0.000365735 0 0 0
 0 0 0 0 0 0 0 0 0 0 0 0 0.000112435 0.00938835 0.0111873 0.0202946 0.0414886 0.0713402 0.111592 0.104902 0.108894 0.110636 0.117776 0.105296 0.107544 0.0401394 0.0192827 0.0124803 0.00416011 0.0028671 0.000618394 0 0 0 0 0
 0 0 0 0 0 0 0 0 0 0 0.00291406 0.0102884 0.027416 0.0768956 0.0749926 0.110853 0.0956884 0.0897413 0.0766577 0.0534642 0.0500743 0.0551293 0.0594112 0.0620874 0.0668451 0.0424026 0.0208742 0.0120726 0.0048766 0.00582813 0.00118941 0.000297354 0 0 0 0
 0 0.00264628 0.0354308 0.0461629 0.0458689 0.0383711 0.0214643 0.0164657 0.0346957 0.0420465 0.0363128 0.0245516 0.0311673 0.0291091 0.0169068 0.0133784 0.00837989 0.0085269 0.0148486 0.0160247 0.0276389 0.0546898 0.0760071 0.122758 0.109233 0.0665981 0.0333725 0.0166128 0.00676272 0.00308733 0.000882094 0 0 0 0 0
 0 0 0 0 0 0 0 0.000805153 0.000690131 0.00759144 0.0133425 0.0154129 0.00931677 0.000345066 0.00356568 0.00563607 0.00851162 0.0253048 0.0502646 0.0516448 0.0657925 0.0565908 0.0611916 0.0827007 0.0866115 0.110766 0.145733 0.0935128 0.0569358 0.0249597 0.0138026 0.00621118 0.00161031 0.00115022 0 0
 0 0 0 0 0 0 0 0 0 0 0 0 0 0 0 0 0 0 0 0 0 0 0 0 0 0 0 0 0 0 0 0 0 0 0 0
 0.00147267 0.00158595 0.00478618 0.00569244 0.00954404 0.0108468 0.00647125 0.017049 0.0510054 0.094081 0.124002 0.0959785 0.0687766 0.0820023 0.061753 0.0591476 0.0492212 0.0479892 0.0443925 0.0268479 0.0217502 0.0140895 0.0121071 0.0120363 0.00920419 0.00665534 0.0049561 0.00860946 0.00930331 0.0156896 0.0114698 0.00855282 0.00243557 0.00046729 0 2.83206e-05
 0 0 0 0 0.000772559 0.00158375 0.000888443 0.00281984 0.00712685 0.0440552 0.0773331 0.111326 0.0921469 0.0852325 0.0710754 0.0886704 0.0786465 0.0553345 0.0373146 0.0185414 0.00753245 0.00457741 0.012979 0.0271748 0.0457355 0.0583668 0.034881 0.0177882 0.00938659 0.00492506 0.0015258 0.00185414 0.000309023 5.79419e-05 3.86279e-05 0
 0 0.00173294 0.00326652 0 0.00397197 0.00683976 0.00946217 0.0152591 0.00757587 0.0136028 0.0228656 0.0392903 0.0559909 0.0764795 0.0681675 0.0726916 0.0566044 0.0477403 0.0527397 0.0444891 0.0609904 0.0582453 0.0661739 0.0445044 0.0529084 0.0360697 0.0280645 0.0235558 0.0158879 0.00826598 0.00280645 0.00217768 0.000904811 0.00058276 9.20147e-05 0
 0 0 0 0 0 0 0 0 0 0 0 0 0 0 0 0 0 0 0 0 0 0 0 0 0 0 0 0 0 0 0 0 0 0 0 0
 0 0 0 0 0 0 0 0 0 0 0 0 0 0 0 0 0 0 0 0 0 0 0 0 0 0 0 0 0 0 0 0 0 0 0 0
 0 0 0 0 0 0 0 0 0 0 0 0 0 0 0 0 0 0 0 0 0 0 0 0 0 0 0 0 0 0 0 0 0 0 0 0
ppred_pel_tallas
 1.01232e-16 3.30625e-05 0.000194051 0.000922434 0.00355143 0.0110748 0.0279741 0.0572386 0.0948793 0.12742 0.138657 0.122304 0.0875451 0.0510838 0.024777 0.01089 0.00581397 0.00529995 0.00674227 0.00899097 0.0115647 0.0141602 0.0164926 0.0182944 0.0193623 0.0195996 0.019034 0.0178011 0.0161045 0.0141639 0.0121713 0.0102643 0.00852237 0.0069767 0.00562884 0.00446703
 1.01542e-16 2.98085e-05 0.000174941 0.000831565 0.00320153 0.00998364 0.025218 0.0516001 0.0855355 0.11488 0.125033 0.110338 0.0790933 0.0463801 0.0229214 0.010799 0.00679871 0.00711599 0.00940104 0.0125766 0.0161224 0.0196394 0.0227248 0.0250014 0.0261922 0.0261822 0.0250415 0.0229989 0.0203778 0.017517 0.0147025 0.0121282 0.00988936 0.00800203 0.00643389 0.00513386
 1.02962e-16 2.22716e-05 0.000130683 0.000621139 0.0023913 0.00745695 0.0188359 0.0385427 0.0638958 0.0858316 0.0934579 0.08257 0.0593977 0.0352533 0.0182102 0.0099014 0.00800552 0.00974211 0.0133733 0.0180443 0.0232353 0.0284423 0.0331123 0.036713 0.0388412 0.0393098 0.0381822 0.0357389 0.0323934 0.0285877 0.0247017 0.0210023 0.0176346 0.0146466 0.0120282 0.00974644
 1.03936e-16 2.63748e-05 0.000154785 0.000735747 0.00283262 0.00883321 0.0223121 0.0456541 0.0756793 0.101643 0.110628 0.0976299 0.0699921 0.0410616 0.0203301 0.009648 0.00618393 0.00659042 0.00881316 0.0119292 0.0155112 0.0192357 0.0227656 0.0257679 0.0279717 0.0292201 0.0294924 0.0288887 0.0275874 0.0257913 0.0236827 0.0213999 0.0190359 0.0166525 0.0142983 0.0120213
 1.03353e-16 2.8631e-05 0.00016803 0.000798719 0.00307508 0.00958931 0.0242219 0.0495618 0.0821562 0.11034 0.120088 0.105964 0.075937 0.0444876 0.0219099 0.0101985 0.00626284 0.00645127 0.00851789 0.0114506 0.0147844 0.0181788 0.0212914 0.0237953 0.0254404 0.026105 0.0258159 0.024727 0.0230685 0.0210842 0.018979 0.0168911 0.0148909 0.0129994 0.0112135 0.00952803
 1.0403e-16 2.19061e-05 0.000128538 0.000610944 0.00235205 0.00733456 0.0185268 0.03791 0.0628469 0.0844222 0.0919226 0.0812118 0.0584167 0.0346632 0.0178911 0.0097055 0.00782253 0.00950768 0.0130539 0.0176248 0.0227171 0.0278449 0.0324762 0.0360988 0.0383248 0.0389742 0.0381067 0.0359882 0.0330085 0.0295802 0.0260524 0.0226631 0.0195341 0.0166977 0.0141372 0.0118223
 1.04323e-16 2.62339e-05 0.000153958 0.000731817 0.00281749 0.00878603 0.0221929 0.0454102 0.075275 0.1011 0.110036 0.0971067 0.0696147 0.0408356 0.0202099 0.00957719 0.00612096 0.00651161 0.00870675 0.0117906 0.0153413 0.0190422 0.0225632 0.0255776 0.0278197 0.0291342 0.0294985 0.0290073 0.0278306 0.0261614 0.0241718 0.021991 0.019705 0.0173707 0.015035 0.012747
 1.04888e-16 2.23008e-05 0.000130859 0.000621983 0.00239457 0.00746714 0.0188616 0.0385949 0.0639812 0.0859427 0.0935695 0.0826462 0.0594037 0.0351591 0.0179824 0.00949245 0.00734965 0.00876144 0.011993 0.0162133 0.0209494 0.0257634 0.0301786 0.0337339 0.036076 0.0370329 0.036643 0.0351243 0.0328023 0.0300208 0.0270683 0.024138 0.0213272 0.0186633 0.0161404 0.0137504
 1.05224e-16 2.36986e-05 0.00013907 0.000661032 0.00254494 0.00793608 0.020046 0.0410179 0.0679956 0.0913283 0.099415 0.0877665 0.0629909 0.0370954 0.0186295 0.00928181 0.0065356 0.00740469 0.0100508 0.0136305 0.0177193 0.0219629 0.0259798 0.029393 0.0318993 0.0333276 0.0336637 0.0330306 0.0316373 0.0297153 0.0274661 0.0250348 0.0225104 0.0199445 0.0173757 0.0148466
 1.05579e-16 2.22693e-05 0.000130676 0.000621118 0.00239125 0.0074568 0.0188354 0.0385412 0.0638914 0.0858201 0.0934305 0.0825105 0.0592779 0.0350283 0.0178124 0.0092379 0.00696089 0.00818967 0.0111974 0.0151716 0.0196702 0.0242965 0.0286185 0.0322135 0.0347499 0.0360537 0.036135 0.0351624 0.0334001 0.0311314 0.0285954 0.0259545 0.0232959 0.0206551 0.0180475 0.0154933
 1.07381e-16 1.69554e-05 9.94741e-05 0.000472772 0.00182006 0.00567555 0.0143362 0.0293359 0.0486351 0.0653389 0.071163 0.0629169 0.0453571 0.027116 0.0143703 0.00840357 0.0074945 0.00956999 0.0133381 0.0181563 0.0236064 0.0292505 0.0345873 0.0391177 0.0424421 0.044339 0.0447965 0.0439851 0.0421872 0.039711 0.0368202 0.0336984 0.0304517 0.0271358 0.0237901 0.020464
 1.09523e-16 1.66174e-05 9.74957e-05 0.00046338 0.00178392 0.00556287 0.0140516 0.0287529 0.047667 0.0640333 0.0697282 0.0616179 0.0443543 0.0263844 0.0137437 0.00766963 0.00645821 0.00807201 0.0112604 0.0154382 0.0202718 0.0254326 0.0305384 0.0351936 0.0390586 0.0419094 0.0436622 0.0443579 0.0441162 0.0430809 0.0413785 0.0391022 0.0363219 0.0331065 0.029547 0.0257664
 1.08157e-16 2.3283e-05 0.000136636 0.000649471 0.00250044 0.00779734 0.0196955 0.0403003 0.0668047 0.0897246 0.0976584 0.08619 0.0618033 0.0362835 0.0180144 0.00863671 0.00566167 0.0061478 0.00829826 0.0113174 0.0148484 0.0186259 0.0223692 0.0257948 0.0286639 0.0308234 0.0322227 0.0328985 0.0329389 0.0324412 0.0314804 0.0301002 0.0283231 0.0261722 0.0236922 0.0209612
 1.05975e-16 2.40689e-05 0.000141243 0.000671363 0.00258471 0.00806012 0.0203593 0.041659 0.0690585 0.0927561 0.10097 0.0891404 0.0639797 0.0376827 0.0189326 0.0094433 0.0066564 0.00753399 0.0102009 0.0137894 0.0178554 0.0220268 0.0259094 0.0291228 0.0313741 0.0325184 0.0325809 0.0317302 0.0302178 0.0283046 0.0262016 0.0240399 0.0218749 0.0197113 0.0175372 0.0153511
 1.03898e-16 2.77732e-05 0.000162994 0.000774777 0.00298289 0.00930184 0.0234958 0.0480761 0.0796938 0.107033 0.116492 0.102798 0.0736815 0.0431939 0.0213247 0.0100144 0.00627128 0.00655893 0.00870261 0.011721 0.0151587 0.0186766 0.0219299 0.024587 0.0263914 0.0272139 0.027073 0.0261145 0.0245609 0.0226492 0.0205798 0.0184883 0.0164456 0.0144759 0.0125819 0.0107658
 1.02449e-16 3.06406e-05 0.00017983 0.000854819 0.00329108 0.0102629 0.0259233 0.0530429 0.0879258 0.118086 0.12851 0.113378 0.0812106 0.0474972 0.0232426 0.0105658 0.0061431 0.00605191 0.00788144 0.0105525 0.0135851 0.0166463 0.01941 0.0215691 0.022892 0.0232724 0.0227474 0.0214776 0.0196974 0.017654 0.015556 0.0135445 0.0116905 0.0100112 0.00849463 0.00712107
 1.02637e-16 2.57556e-05 0.000151142 0.000718413 0.00276585 0.00862497 0.0217862 0.0445787 0.0738991 0.0992594 0.108053 0.0954042 0.0684976 0.0403878 0.0203718 0.0102888 0.00740351 0.00846101 0.0114402 0.0153843 0.0197754 0.024162 0.0280656 0.0310316 0.0327207 0.0329837 0.0318901 0.0296962 0.0267713 0.0235044 0.0202245 0.0171558 0.0144114 0.0120159 0.0099427 0.0081467
 1.03328e-16 2.61297e-05 0.000153343 0.000728885 0.00280619 0.00875078 0.0221039 0.0452284 0.0749746 0.100699 0.109609 0.0967495 0.0694019 0.0407974 0.0203513 0.00990957 0.00667947 0.00735048 0.00988165 0.0133365 0.0172512 0.0212506 0.0249402 0.0279367 0.0299403 0.0307953 0.0305154 0.0292623 0.0272905 0.0248783 0.0222689 0.0196377 0.0170894 0.0146741 0.0124128 0.010318
 1.03723e-16 2.57584e-05 0.000151162 0.000718518 0.00276627 0.0086263 0.0217895 0.0445851 0.0739086 0.0992686 0.108054 0.095383 0.0684347 0.0402552 0.0201294 0.00988159 0.0067628 0.00751208 0.0101167 0.0136479 0.0176382 0.0217034 0.025439 0.0284546 0.0304483 0.0312694 0.0309426 0.0296442 0.0276436 0.0252292 0.0226478 0.0200705 0.0175909 0.015245 0.0130397 0.0109764
 1.02979e-16 2.98528e-05 0.000175206 0.000832836 0.00320644 0.00999898 0.0252567 0.0516788 0.0856645 0.115049 0.125205 0.110463 0.0791228 0.0462774 0.0226489 0.0103032 0.00600427 0.00593468 0.00775136 0.0104105 0.0134532 0.0165638 0.0194311 0.0217575 0.0233131 0.0239813 0.0237786 0.0228359 0.0213546 0.0195508 0.0176098 0.01566 0.0137724 0.011975 0.0102747 0.00867487
 1.02677e-16 2.77403e-05 0.000162797 0.000773833 0.00297924 0.00929044 0.023467 0.0480176 0.0795978 0.106908 0.116364 0.102705 0.0736593 0.0432698 0.0215267 0.0103822 0.00686095 0.00743656 0.00992965 0.0133346 0.0171511 0.0209786 0.0244043 0.0270369 0.0285838 0.0289145 0.028085 0.0263107 0.0239023 0.0211868 0.0184395 0.0158465 0.0135003 0.0114205 0.00958536 0.00796053
 1.02871e-16 2.74201e-05 0.000160919 0.000764904 0.00294487 0.00918325 0.0231963 0.0474635 0.0786791 0.105673 0.115018 0.101514 0.0727958 0.0427449 0.0212336 0.0101894 0.00667049 0.00719257 0.00960672 0.012929 0.0166796 0.0204799 0.0239383 0.0266793 0.0284146 0.029004 0.0284789 0.0270197 0.0248986 0.0224076 0.0197982 0.0172471 0.0148521 0.0126497 0.0106425 0.00882214
 1.026e-16 2.97322e-05 0.000174496 0.000829461 0.00319344 0.00995843 0.0251542 0.0514693 0.0853177 0.114584 0.124703 0.110027 0.0788269 0.0461371 0.022641 0.0104017 0.00620124 0.00624028 0.00818351 0.0109831 0.0141668 0.0173988 0.0203448 0.0226869 0.0241815 0.0247103 0.0242999 0.0231027 0.0213475 0.0192792 0.0171076 0.0149785 0.0129711 0.011114 0.00940793 0.00784625
 1.02605e-16 2.76672e-05 0.000162368 0.000771793 0.00297139 0.00926595 0.0234052 0.047891 0.079388 0.106626 0.116058 0.102435 0.0734671 0.0431594 0.0214767 0.0103664 0.00686201 0.00744704 0.00994864 0.0133644 0.0171952 0.0210411 0.0244889 0.0271464 0.0287188 0.029073 0.0282617 0.026497 0.0240872 0.0213579 0.0185851 0.0159568 0.0135691 0.0114461 0.00957031 0.00791128
 1.04824e-16 1.64102e-05 9.62655e-05 0.000457501 0.00176123 0.00549208 0.0138729 0.0283885 0.0470671 0.0632402 0.0688981 0.0609639 0.0440566 0.0265536 0.0144631 0.00906347 0.00872282 0.0114539 0.0159962 0.0216756 0.0279881 0.03437 0.0401775 0.0447823 0.0477012 0.0486985 0.0478265 0.0453872 0.0418363 0.037663 0.0332885 0.0290087 0.0249876 0.0212868 0.0179111 0.0148473
pSPR Fmed_Fpbrs
0.786681   0.330031 0.330031
Fs Fmed_Fpbrs
0.141622   1.005 1.005
SSBpbr Bo_Bmed_Bpbrs
1.80803e+06  1.33194e+06  506304 506304
Ro
76115
SPR SPRFo_SPRFmed_SPRFpbrs
1.56323e+06 1.22976e+06 515916
log_Ro
11.06
likeval ReclasPelacesDesembMPH_pf_preclas_ppelaces_ptallas_desvR_qrecl_qpela
 64.3643 24.5964 0.0454364 0.00191368 322.979 206.246 79.6129 0 17.2448 0.000133959 0 0 0 0 0
q_reclas_q_pelaces
0.193962 1
M
0.7
N
 94690.1 23324.5 8683.69 1024.67 0.499919
 118682 44539.6 8965.61 3337.89 394.062
 77760.5 56730.5 18472.5 3718.42 1547.8
 110150 36724.5 22226.6 7237.38 2063.27
 178324 54202.7 17468.7 10572.5 4424.03
 133558 88371.2 26656.3 8590.94 7375.15
 193691 64865.8 39513.6 11918.9 7138.96
 157785 94852.9 30159.8 18372.1 8861.08
 164689 76113.9 41073.3 13059.8 11792.5
 142531 78982.8 32064.3 17302.8 10469.5
 70607.9 68589.4 33812.7 13726.8 11889.4
 42188.8 32613.9 24196.5 11928.2 9036.68
 42876 19574.3 11750.6 8717.82 7553.5
 25932.3 19169.5 5920.21 3553.94 4921.22
 21660.7 10786.3 4122.32 1273.12 1822.55
 29388.9 9276.48 2662.45 1017.54 764.122
 26052.9 13781.3 3514.36 1008.66 674.975
 30009 12414.2 5631.3 1436.03 687.965
 33916.9 14499.6 5417.11 2457.29 926.835
 58607.3 16459.2 6458.25 2412.83 1507.32
 73573.6 28416.4 7301.25 2864.86 1738.97
 96291.2 36117.9 13365.4 3434.07 2165.37
 159045 47085.9 16677.3 6171.39 2585.51
 196921 77559.4 21461.9 7601.56 3991.43
 91019.7 96125.8 35519.5 9828.84 5309.19
pred_Ctot
 3605.86 3846.27 1431.96 168.971 0.0824378
 3200.62 5334.2 1073.75 399.755 47.194
 2745.34 8727.88 2841.96 572.072 238.126
 718.92 1115.21 674.955 219.778 62.6552
 263.242 376.607 121.375 73.459 30.7387
 2112.65 6367.46 1920.68 619.008 531.406
 1929.22 2982.56 1816.85 548.037 328.252
 3249.16 8800.92 2798.37 1704.65 822.175
 4062.31 8381.43 4522.87 1438.11 1298.56
 3176.5 7900.77 3207.43 1730.83 1047.28
 3561.42 14568.5 7181.87 2915.59 2525.32
 2000.59 6557.11 4864.76 2398.19 1816.85
 3091.97 5661.56 3398.66 2521.49 2184.73
 3059.71 8193.76 2530.52 1519.09 2103.52
 2161.59 4059.13 1551.32 479.102 685.865
 1180.99 1606.57 461.103 176.224 132.336
 759.575 1775.5 452.769 129.95 86.9597
 583.687 1090.81 494.811 126.181 60.45
 556.064 1081.41 404.018 183.269 69.125
 996.484 1271.31 498.835 186.367 116.425
 605.268 1083.46 278.383 109.232 66.3034
 1059.42 1830.08 677.217 174.003 109.718
 2058.85 2794.71 989.852 366.293 153.459
 2409.45 4358.18 1205.98 427.143 224.284
 1073.61 5212.31 1926.01 532.958 287.885
F
 0.0542298 0.25611 0.25611 0.25611 0.25611
 0.0381345 0.180097 0.180097 0.180097 0.180097
 0.0501883 0.237023 0.237023 0.237023 0.237023
 0.00911206 0.0430333 0.0430333 0.0430333 0.0430333
 0.00205453 0.00970289 0.00970289 0.00970289 0.00970289
 0.022212 0.1049 0.1049 0.1049 0.1049
 0.0139353 0.0658121 0.0658121 0.0658121 0.0658121
 0.0290023 0.136968 0.136968 0.136968 0.136968
 0.0348295 0.164488 0.164488 0.164488 0.164488
 0.0314215 0.148394 0.148394 0.148394 0.148394
 0.0724022 0.341932 0.341932 0.341932 0.341932
 0.0679355 0.320837 0.320837 0.320837 0.320837
 0.104993 0.495847 0.495847 0.495847 0.495847
 0.177209 0.836903 0.836903 0.836903 0.836903
 0.148016 0.699032 0.699032 0.699032 0.699032
 0.0573034 0.270625 0.270625 0.270625 0.270625
 0.0412843 0.194972 0.194972 0.194972 0.194972
 0.0273744 0.12928 0.12928 0.12928 0.12928
 0.02303 0.108763 0.108763 0.108763 0.108763
 0.0238929 0.112838 0.112838 0.112838 0.112838
 0.0114975 0.0542989 0.0542989 0.0542989 0.0542989
 0.015403 0.0727435 0.0727435 0.0727435 0.0727435
 0.0181449 0.0856926 0.0856926 0.0856926 0.0856926
 0.0171429 0.0809605 0.0809605 0.0809605 0.0809605
 0.0165215 0.0780257 0.0780257 0.0780257 0.0780257
nmprior
 10.6 11 7 0
nm_flota  nm_reclas  nm_pelaces    nm_pelaL
inf 11.5959 19.8532 48.6608
cv_recla  cv_pelaces  cv_mph
0.725684 0.562351 1.4193
 ------------------------------------------------
Talla a la edad & desviación 
 7.2 14.2025 17.0495 18.207 18.6776
 1.08 2.13037 2.55742 2.73105 2.80164
