years
 1997 1998 1999 2000 2001 2002 2003 2004 2005 2006 2007 2008 2009 2010 2011 2012 2013 2014 2015 2016 2017 2018 2019 2020 2021
reclasobs
 0 0 0 370054 412103 1.49427e+06 250295 1.28982e+06 931140 785840 897777 1.04006e+06 184774 17550 25797 100020 73551 82996 120727 218422 84188 347160 605670 569463 516374
reclaspred
 2.37008e+06 295369 373258 99433.8 228296 236823 509088 446767 553583 1.04808e+06 970063 606086 370712 163374 97897.3 93183.4 102436 120935 100728 165767 298662 263135 436947 520001 414011
pelacesobs
 0 0 0 0 0 0 0 0 0 2.06254e+06 1.5e+06 0 1.87456e+06 323000 250000 174000 83755 137374 0 501740 490994 745055 786931 1.00524e+06 1.33801e+06
pelacespred
 1.30034e+06 506437 136406 87542.2 197135 128831 466330 381975 473939 933327 680351 414877 294883 99982 63127 63093 71222.5 85347.9 68107.2 123713 243351 200119 265810 363386 263945
mphobs
 0 0 0 0 0 112323 0 153150 637223 0 255016 313432 73983 77613 109348 50772 0 0 0 0 0 0 0 0 0
mphpred
 907877 390926 159795 70170.4 41743.9 126828 129768 184345 200721 272754 515514 346290 177625 109506 46273.7 37042 40456.3 47488.6 49570.1 44793.7 98453.7 128676 141269 205721 229000
desembarqueobs
 350755 77701 442110 56441 14545 235359 269955 359681 431902 328805 639364 411747 362871 311530 167758 66681 60226 58785 57116 73181 50977 67692 138656 160484 209506
desembarquepred
 350745 77683.2 441585 56417.9 14543.4 235167 269829 359053 431389 328527 638591 411344 362192 310991 167396 66625.6 60199.2 58739.4 57063 73097.1 50962.5 67650 138568 160395 209389
Reclutas
 3794.72 5906.42 749.495 4699.58 54975.6 12958.3 55479.4 71322 83296.8 219040 47423.2 18348.3 58925.2 22280.3 14663.9 14340.8 9492.75 9441.68 6522.36 27310 29206.4 26892.4 59906.5 48877.9 704.846
log_desv_Rt
 -1.55863 -1.11621 -3.1806 -1.34477 1.11464 -0.330505 1.12377 1.37496 1.53017 2.49701 0.966868 0.0172914 1.18402 0.21146 -0.206854 -0.229138 -0.641716 -0.647111 -1.01701 0.415009 0.482143 0.399599 1.20054 0.997081 -3.24202
SSB
 2.14447e+06 923397 377449 165748 98602.2 299578 306521 435437 474118 644265 1.21768e+06 817962 419564 258661 109302 87495.9 95560.8 112172 117088 105806 232555 303943 333687 485930 540915
BT
 2.54648e+06 1.07765e+06 495510 224735 365718 413507 1.03728e+06 1.06522e+06 1.23872e+06 1.97448e+06 1.77063e+06 1.11049e+06 887981 472700 250710 167609 177235 200527 172242 282770 475919 423564 576171 783287 648911
Ftot
 0.143404 0.216796 0.9008 0.507664 0.173616 1.10133 0.96827 1.58922 1.45833 0.748695 0.759245 0.618622 1.28969 2.25393 2.46651 1.07248 0.83658 0.639106 0.645787 0.861425 0.266272 0.304826 0.416616 0.397361 0.460668
BD_Bspro_t
 0.981908 0.86578 0.642487 0.297349 0.348146 0.673146 0.483115 0.514743 0.48584 0.514892 0.63234 0.458288 0.308334 0.248139 0.14006 0.139548 0.197946 0.293665 0.355905 0.389798 0.608757 0.722142 0.704909 0.717524 0.683968
BD_Bspro
 5.79004 2.49315 1.0191 0.447516 0.266224 0.808854 0.8276 1.17567 1.28011 1.7395 3.28772 2.20848 1.13281 0.69838 0.295113 0.236237 0.258012 0.302861 0.316136 0.285674 0.627894 0.820639 0.900948 1.312 1.46046
BD_Bo
 2.21925 0.955597 0.390611 0.171528 0.102041 0.310024 0.31721 0.450621 0.490651 0.666732 1.26014 0.846486 0.434195 0.267681 0.113114 0.090547 0.0988931 0.116083 0.121171 0.109496 0.240665 0.314542 0.345323 0.502874 0.559777
BD_Brms
 6.10807 2.6301 1.07508 0.472097 0.280847 0.853282 0.873059 1.24025 1.35042 1.83505 3.4683 2.32979 1.19504 0.736741 0.311323 0.249213 0.272184 0.319497 0.333501 0.301366 0.662383 0.865715 0.950435 1.38406 1.54068
S_f
 0.102463 0.684448 0.97631 0.998725 0.999933
 0.102463 0.684448 0.97631 0.998725 0.999933
 0.102463 0.684448 0.97631 0.998725 0.999933
 0.102463 0.684448 0.97631 0.998725 0.999933
 0.102463 0.684448 0.97631 0.998725 0.999933
 0.102463 0.684448 0.97631 0.998725 0.999933
 0.102463 0.684448 0.97631 0.998725 0.999933
 0.102463 0.684448 0.97631 0.998725 0.999933
 0.102463 0.684448 0.97631 0.998725 0.999933
 0.102463 0.684448 0.97631 0.998725 0.999933
 0.102463 0.684448 0.97631 0.998725 0.999933
 0.102463 0.684448 0.97631 0.998725 0.999933
 0.102463 0.684448 0.97631 0.998725 0.999933
 0.102463 0.684448 0.97631 0.998725 0.999933
 0.102463 0.684448 0.97631 0.998725 0.999933
 0.102463 0.684448 0.97631 0.998725 0.999933
 0.102463 0.684448 0.97631 0.998725 0.999933
 0.102463 0.684448 0.97631 0.998725 0.999933
 0.102463 0.684448 0.97631 0.998725 0.999933
 0.102463 0.684448 0.97631 0.998725 0.999933
 0.102463 0.684448 0.97631 0.998725 0.999933
 0.102463 0.684448 0.97631 0.998725 0.999933
 0.102463 0.684448 0.97631 0.998725 0.999933
 0.102463 0.684448 0.97631 0.998725 0.999933
 0.102463 0.684448 0.97631 0.998725 0.999933
Scru_reclas
 0.722336 0.929039 0.98505 0.996993 0.999401
 0.722336 0.929039 0.98505 0.996993 0.999401
 0.722336 0.929039 0.98505 0.996993 0.999401
 0.722336 0.929039 0.98505 0.996993 0.999401
 0.722336 0.929039 0.98505 0.996993 0.999401
 0.722336 0.929039 0.98505 0.996993 0.999401
 0.722336 0.929039 0.98505 0.996993 0.999401
 0.722336 0.929039 0.98505 0.996993 0.999401
 0.722336 0.929039 0.98505 0.996993 0.999401
 0.722336 0.929039 0.98505 0.996993 0.999401
 0.722336 0.929039 0.98505 0.996993 0.999401
 0.722336 0.929039 0.98505 0.996993 0.999401
 0.722336 0.929039 0.98505 0.996993 0.999401
 0.722336 0.929039 0.98505 0.996993 0.999401
 0.722336 0.929039 0.98505 0.996993 0.999401
 0.722336 0.929039 0.98505 0.996993 0.999401
 0.722336 0.929039 0.98505 0.996993 0.999401
 0.722336 0.929039 0.98505 0.996993 0.999401
 0.722336 0.929039 0.98505 0.996993 0.999401
 0.722336 0.929039 0.98505 0.996993 0.999401
 0.722336 0.929039 0.98505 0.996993 0.999401
 0.722336 0.929039 0.98505 0.996993 0.999401
 0.722336 0.929039 0.98505 0.996993 0.999401
 0.722336 0.929039 0.98505 0.996993 0.999401
 0.722336 0.929039 0.98505 0.996993 0.999401
Scru_pelaces
 1 1 1 1 1
 1 1 1 1 1
 1 1 1 1 1
 1 1 1 1 1
 1 1 1 1 1
 1 1 1 1 1
 1 1 1 1 1
 1 1 1 1 1
 1 1 1 1 1
 1 1 1 1 1
 1 1 1 1 1
 1 1 1 1 1
 1 1 1 1 1
 1 1 1 1 1
 1 1 1 1 1
 1 1 1 1 1
 1 1 1 1 1
 1 1 1 1 1
 1 1 1 1 1
 1 1 1 1 1
 1 1 1 1 1
 1 1 1 1 1
 1 1 1 1 1
 1 1 1 1 1
 1 1 1 1 1
pf_obs 
 0.256992 0.487395 0.22802 0.0275931 0
 0.321318 0.546541 0.124235 0.00734118 0.000564706
 0.182869 0.594174 0.210203 0.0122559 0.00049798
 0.330522 0.361315 0.267642 0.0388342 0.00168674
 0.649043 0.306663 0.0425973 0.00169635 0
 0.582887 0.30429 0.105238 0.00758474 0
 0.465427 0.430635 0.0974691 0.00646863 0
 0.296916 0.608066 0.0921331 0.00288517 0
 0.311714 0.524322 0.152257 0.0117073 0
 0.15457 0.633149 0.183074 0.0267441 0.00246327
 0.131901 0.49318 0.331252 0.0422183 0.00144891
 0.196976 0.569456 0.194076 0.0375587 0.00193317
 0.518974 0.381816 0.0799577 0.0180837 0.00116848
 0.0928022 0.601141 0.25162 0.0475244 0.00691264
 0.122501 0.610282 0.24278 0.0234846 0.000952079
 0.383417 0.481906 0.127806 0.00687128 0
 0.0376549 0.599619 0.316969 0.0457579 0
 0.0361596 0.667082 0.258105 0.0386534 0
 0.158088 0.579412 0.248529 0.0139706 0
 0.0477256 0.309471 0.559284 0.082774 0.000745712
 0.0406174 0.521527 0.379366 0.0568643 0.0016247
 0.151134 0.462217 0.34131 0.0453401 0
 0.294876 0.26143 0.354403 0.0886775 0.000613685
 0.281977 0.475581 0.204845 0.0348837 0.00271318
 0.0354234 0.537034 0.353287 0.0723622 0.0018943
pf_pred 
 0.00591219 0.657252 0.29873 0.0381046 1.70861e-06
 0.0160084 0.031823 0.701554 0.222847 0.0277683
 0.0055855 0.114954 0.0410836 0.621728 0.21665
 0.117204 0.0498503 0.151654 0.0329016 0.64839
 0.674074 0.173626 0.0130225 0.0259839 0.113293
 0.0804664 0.856641 0.0395062 0.00204635 0.0213397
 0.425934 0.233752 0.32658 0.00875373 0.00498046
 0.35187 0.571623 0.0410286 0.0340961 0.00138245
 0.32925 0.567383 0.0967397 0.00363038 0.00299753
 0.474722 0.429754 0.0869861 0.00801299 0.000525001
 0.0682922 0.805575 0.110808 0.0139949 0.00133
 0.0468276 0.319014 0.577965 0.0495586 0.00663531
 0.294827 0.211386 0.218158 0.251879 0.0237508
 0.152416 0.717552 0.0573273 0.0328651 0.0398398
 0.234251 0.552735 0.197516 0.00706296 0.00843467
 0.288057 0.588062 0.106401 0.0162816 0.00119835
 0.172545 0.632716 0.173467 0.0183658 0.00290649
 0.188084 0.49213 0.26911 0.0453052 0.00537158
 0.140767 0.540306 0.225818 0.0787311 0.0143781
 0.476933 0.287216 0.17191 0.0456801 0.0182609
 0.24848 0.659759 0.0612243 0.0224634 0.00807415
 0.166002 0.53897 0.269601 0.017108 0.00831859
 0.29731 0.386727 0.230524 0.0782495 0.00718948
 0.173039 0.610375 0.140667 0.055796 0.0201221
 0.00285881 0.563005 0.351651 0.0540839 0.0284012
pobs_RECLAS
 0 0 0 0 0
 0 0 0 0 0
 0 0 0 0 0
 0 0 0 0 0
 0.835266 0.146461 0.0176864 0.000547809 3.91292e-05
 0.385257 0.428462 0.181853 0.0044286 0
 0.867414 0.0963971 0.0333333 0.00285562 0
 0.441836 0.489002 0.0689373 0.000224442 0
 0.779404 0.147425 0.0564933 0.0165055 0.000172143
 0.814271 0.122319 0.05973 0.00367925 0
 0.40263 0.566651 0.0304383 0.000280538 0
 0.475488 0.404961 0.113038 0.00651328 0
 0.955842 0.0263864 0.0167828 0.000988607 0
 0.975058 0.0227948 0.00214734 0 0
 0.738997 0.206755 0.0527124 0.00153531 0
 0.850938 0.134255 0.0134407 0.00136685 0
 0.542534 0.407297 0.0501686 0 0
 0.764087 0.199537 0.0359546 0.000420521 0
 0.470689 0.182191 0.310203 0.0369168 0
 0.84361 0.089868 0.0606195 0.00523954 0.000663233
 0.607945 0.314616 0.071237 0.00620181 0
 0.523733 0.453247 0.0230204 0 0
 0.530135 0.295979 0.169645 0.0042399 0
 0.562478 0.366248 0.0663022 0.0049721 0
 0.250443 0.683176 0.0655157 0.000865301 0
ppred_RECLAS
 0.0329251 0.70108 0.236191 0.0298018 1.33791e-06
 0.102454 0.0388952 0.634457 0.199326 0.0248669
 0.0393388 0.148997 0.038387 0.573293 0.199984
 0.487015 0.039021 0.0870505 0.0186649 0.368249
 0.925066 0.0455847 0.00253248 0.00499814 0.0218185
 0.329747 0.637062 0.0209516 0.00107002 0.0111697
 0.82944 0.0833906 0.0836951 0.00221327 0.00126057
 0.763761 0.216385 0.01073 0.00876786 0.000355807
 0.744838 0.226427 0.0269192 0.000994098 0.000821553
 0.83658 0.140731 0.0206841 0.00188153 0.000123411
 0.290772 0.636954 0.063589 0.00793039 0.000754491
 0.24241 0.309222 0.409069 0.0346538 0.00464495
 0.747535 0.0958737 0.0697642 0.0793388 0.0074884
 0.538167 0.413383 0.0216131 0.012127 0.0147096
 0.680932 0.255892 0.0586757 0.00205012 0.00244956
 0.700766 0.260163 0.033624 0.00507364 0.000373808
 0.546956 0.370658 0.0734884 0.0076805 0.00121679
 0.581082 0.284363 0.113448 0.0188678 0.00223955
 0.493713 0.354288 0.108001 0.0371972 0.00680068
 0.849768 0.0944215 0.0408202 0.0107062 0.00428445
 0.641924 0.324812 0.0222738 0.00808196 0.00290836
 0.535609 0.330836 0.122158 0.00766538 0.00373158
 0.717533 0.176633 0.0774532 0.0259903 0.00239073
 0.542881 0.362742 0.0615351 0.0241303 0.00871236
 0.0168898 0.628105 0.288166 0.0438078 0.0230314
pobs_PELACES
 0 0 0 0 0
 0 0 0 0 0
 0 0 0 0 0
 0 0 0 0 0
 0 0 0 0 0
 0 0 0 0 0
 0 0 0 0 0
 0 0 0 0 0
 0 0 0 0 0
 0 0 0 0 0
 0.450072 0.473896 0.0757376 0.000293798 0
 0 0 0 0 0
 0.463077 0.371075 0.160297 0.00555027 0
 0.529543 0.364841 0.0842815 0.0213345 0
 0.631943 0.363953 0.00410389 0 0
 0.735681 0.248677 0.0153453 0.000297389 0
 0.695825 0.281241 0.0229344 0 0
 0.275771 0.60734 0.115278 0.00161068 0
 0 0 0 0 0
 0.896147 0.0623911 0.0374545 0.00400742 0
 0.803859 0.145111 0.0509908 3.86294e-05 0
 0.739449 0.233085 0.0266225 0.000797448 4.60066e-05
 0.878498 0.100942 0.0204185 0.000141795 0
 0.694673 0.275183 0.0284847 0.00165964 0
 0.469039 0.446079 0.0841089 0.000773354 0
ppred_PELACES
 0.0438948 0.706964 0.22155 0.0275902 1.23557e-06
 0.142137 0.0402434 0.60633 0.187906 0.0233837
 0.0669712 0.165888 0.0369589 0.54173 0.188451
 0.601016 0.0339629 0.0680485 0.0143618 0.282611
 0.944396 0.0349965 0.00180329 0.00351185 0.0152924
 0.440715 0.535803 0.0149468 0.000748084 0.00778684
 0.890355 0.0577881 0.0498306 0.00129266 0.000734179
 0.851599 0.138247 0.00554792 0.00442673 0.000179094
 0.835302 0.149204 0.0145375 0.00052473 0.000432357
 0.885522 0.100309 0.0129373 0.00115633 7.5639e-05
 0.381942 0.562251 0.0492064 0.00602922 0.00057206
 0.331812 0.292226 0.343515 0.0286206 0.00382607
 0.845686 0.0658281 0.0399001 0.0444069 0.0041791
 0.703593 0.272562 0.0108175 0.00589776 0.00713014
 0.822861 0.149712 0.0255307 0.00086542 0.00103053
 0.790609 0.185732 0.0204176 0.00301992 0.000221866
 0.65134 0.292251 0.0504178 0.00517408 0.000817463
 0.676871 0.227793 0.0805945 0.0131808 0.00156036
 0.595475 0.293485 0.0792902 0.0268531 0.0048964
 0.900418 0.065928 0.024741 0.00637053 0.00254238
 0.709811 0.265331 0.0167258 0.0059844 0.00214812
 0.61721 0.279562 0.0945395 0.00584806 0.00283969
 0.786038 0.138877 0.0551755 0.0182367 0.00167319
 0.627192 0.301895 0.0464874 0.0179583 0.00646729
 0.0244375 0.646766 0.267709 0.0400736 0.0210136
pobs_pel_tallas
 0 0 0 0 0 0 0 0 0 0 0 0 0 0 0 0 0 0 0 0 0 0 0 0 0 0 0 0 0 0 0 0 0 0 0 0
 0 0 0 0 0 0 0 0 0 0 0 0 0 0 0 0 0 0 0 0 0 0 0 0 0 0 0 0 0 0 0 0 0 0 0 0
 0 0 0 0 0 0 0 0 0 0 0 0 0 0 0 0 0 0 0 0 0 0 0 0 0 0 0 0 0 0 0 0 0 0 0 0
 0 0 0 0 0 0 0 0 0 0 0 0 0 0 0 0 0 0 0 0 0 0 0 0 0 0 0 0 0 0 0 0 0 0 0 0
 0 0 0 0 0 0 0 0 0 0 0 0 0 0 0 0 0 0 0 0 0 0 0 0 0 0 0 0 0 0 0 0 0 0 0 0
 0 0 0 0 0 0 0 0 0 0 0 0 0 0 0 0 0 0 0 0 0 0 0 0 0 0 0 0 0 0 0 0 0 0 0 0
 0 0 0 0 0 0 0 0 0 0 0 0 0 0 0 0 0 0 0 0 0 0 0 0 0 0 0 0 0 0 0 0 0 0 0 0
 0 0 0 0 0 0 0 0 0 0 0 0 0 0 0 0 0 0 0 0 0 0 0 0 0 0 0 0 0 0 0 0 0 0 0 0
 0 0 0 0 0 0 0 0 0 0 0 0 0 0 0 0 0 0 0 0 0 0 0 0 0 0 0 0 0 0 0 0 0 0 0 0
 0 0 0 0 0 0 0 0 0 0 0 0 0 0 0 0 0 0 0 0 0 0 0 0 0 0 0 0 0 0 0 0 0 0 0 0
 0 0 0 0 0 0 0 0 1.78061e-05 0.00172719 0.00360574 0.0105946 0.0120993 0.0124554 0.0147524 0.0171206 0.0266825 0.0428682 0.0675386 0.121331 0.153587 0.119568 0.100827 0.0573624 0.0630603 0.0341343 0.0324427 0.0444173 0.0211091 0.0280891 0.0125444 0.00206551 0 0 0 0
 0 0 0 0 0 0 0 0 0 0 0 0 0 0 0 0 0 0 0 0 0 0 0 0 0 0 0 0 0 0 0 0 0 0 0 0
 0 0 0 0 0 0 0.0133647 0.0140871 0.0187388 0.0205184 0.03894 0.0496705 0.03968 0.0493445 0.0407372 0.0367815 0.0215668 0.0243155 0.0234873 0.0199281 0.019796 0.0243948 0.0301388 0.0376714 0.0412746 0.0863199 0.0771752 0.113111 0.0741005 0.0525337 0.0229764 0.00759418 0.00175318 0 0 0
 0 0 0 0 0 0 0 0 0 0 0.00219441 0.00772107 0.0458388 0.0604681 0.0671733 0.0775358 0.0609151 0.0617685 0.073594 0.0568108 0.0755445 0.0548602 0.0670107 0.0636378 0.0643287 0.046367 0.0373049 0.0286899 0.0247887 0.0153202 0.00654259 0.00121912 0.000365735 0 0 0
 0 0 0 0 0 0 0 0 0 0 0 0 0.000112435 0.00938835 0.0111873 0.0202946 0.0414886 0.0713402 0.111592 0.104902 0.108894 0.110636 0.117776 0.105296 0.107544 0.0401394 0.0192827 0.0124803 0.00416011 0.0028671 0.000618394 0 0 0 0 0
 0 0 0 0 0 0 0 0 0 0 0.00291406 0.0102884 0.027416 0.0768956 0.0749926 0.110853 0.0956884 0.0897413 0.0766577 0.0534642 0.0500743 0.0551293 0.0594112 0.0620874 0.0668451 0.0424026 0.0208742 0.0120726 0.0048766 0.00582813 0.00118941 0.000297354 0 0 0 0
 0 0.00264628 0.0354308 0.0461629 0.0458689 0.0383711 0.0214643 0.0164657 0.0346957 0.0420465 0.0363128 0.0245516 0.0311673 0.0291091 0.0169068 0.0133784 0.00837989 0.0085269 0.0148486 0.0160247 0.0276389 0.0546898 0.0760071 0.122758 0.109233 0.0665981 0.0333725 0.0166128 0.00676272 0.00308733 0.000882094 0 0 0 0 0
 0 0 0 0 0 0 0 0.000805153 0.000690131 0.00759144 0.0133425 0.0154129 0.00931677 0.000345066 0.00356568 0.00563607 0.00851162 0.0253048 0.0502646 0.0516448 0.0657925 0.0565908 0.0611916 0.0827007 0.0866115 0.110766 0.145733 0.0935128 0.0569358 0.0249597 0.0138026 0.00621118 0.00161031 0.00115022 0 0
 0 0 0 0 0 0 0 0 0 0 0 0 0 0 0 0 0 0 0 0 0 0 0 0 0 0 0 0 0 0 0 0 0 0 0 0
 0.00147267 0.00158595 0.00478618 0.00569244 0.00954404 0.0108468 0.00647125 0.017049 0.0510054 0.094081 0.124002 0.0959785 0.0687766 0.0820023 0.061753 0.0591476 0.0492212 0.0479892 0.0443925 0.0268479 0.0217502 0.0140895 0.0121071 0.0120363 0.00920419 0.00665534 0.0049561 0.00860946 0.00930331 0.0156896 0.0114698 0.00855282 0.00243557 0.00046729 0 2.83206e-05
 0 0 0 0 0.000772559 0.00158375 0.000888443 0.00281984 0.00712685 0.0440552 0.0773331 0.111326 0.0921469 0.0852325 0.0710754 0.0886704 0.0786465 0.0553345 0.0373146 0.0185414 0.00753245 0.00457741 0.012979 0.0271748 0.0457355 0.0583668 0.034881 0.0177882 0.00938659 0.00492506 0.0015258 0.00185414 0.000309023 5.79419e-05 3.86279e-05 0
 0 0.00173294 0.00326652 0 0.00397197 0.00683976 0.00946217 0.0152591 0.00757587 0.0136028 0.0228656 0.0392903 0.0559909 0.0764795 0.0681675 0.0726916 0.0566044 0.0477403 0.0527397 0.0444891 0.0609904 0.0582453 0.0661739 0.0445044 0.0529084 0.0360697 0.0280645 0.0235558 0.0158879 0.00826598 0.00280645 0.00217768 0.000904811 0.00058276 9.20147e-05 0
 0 0 0 0 0 0 0 0 0 0 0 0 0 0 0 0 0 0 0 0 0 0 0 0 0 0 0 0 0 0 0 0 0 0 0 0
 0 0 0 0 0 0 0 0 0 0 0 0 0 0 0 0 0 0 0 0 0 0 0 0 0 0 0 0 0 0 0 0 0 0 0 0
 0 0 0 0 0 0 0 0 0 0 0 0 0 0 0 0 0 0 0 0 0 0 0 0 0 0 0 0 0 0 0 0 0 0 0 0
ppred_pel_tallas
 1.04324e-16 1.95585e-06 1.13776e-05 5.38711e-05 0.00020705 0.000645347 0.00163088 0.00334266 0.00556234 0.00753514 0.00837133 0.00779241 0.00646918 0.0055748 0.0060715 0.00841653 0.012726 0.0189917 0.0271053 0.0367451 0.047277 0.0577588 0.0670644 0.0740981 0.078034 0.0784995 0.075647 0.0700835 0.0626965 0.0544337 0.0461133 0.0383123 0.0313462 0.0253163 0.0201899 0.0158752
 1.1617e-16 6.21339e-06 3.64326e-05 0.000173117 0.000666401 0.00207798 0.00524879 0.0107403 0.017806 0.0239213 0.0260535 0.0230347 0.0166081 0.00994019 0.00530714 0.0032111 0.00308227 0.00426246 0.00642911 0.00954713 0.0136975 0.0189513 0.0252993 0.0326106 0.040612 0.0488857 0.0568932 0.0640245 0.0696706 0.0733082 0.0745808 0.073358 0.0697603 0.0641397 0.0570238 0.0490321
 1.27999e-16 2.93861e-06 1.7201e-05 8.16747e-05 0.000314302 0.000979961 0.00247543 0.00506653 0.0084042 0.0113045 0.0123488 0.0110053 0.00812479 0.00524362 0.00349445 0.00318699 0.00413012 0.00608011 0.00892188 0.0126297 0.01718 0.0225009 0.0284659 0.0349095 0.04165 0.0485005 0.0552638 0.0617121 0.0675659 0.0724871 0.0761006 0.0780446 0.0780396 0.075953 0.0718442 0.06597
 1.14676e-16 2.62207e-05 0.000153898 0.000731571 0.00281661 0.00878334 0.0221859 0.0453945 0.0752439 0.101043 0.109934 0.0969215 0.0692746 0.0402188 0.0191309 0.00777954 0.0032838 0.00227822 0.00274117 0.00386004 0.00541139 0.00736063 0.00970517 0.0124294 0.0154926 0.018823 0.0223124 0.025813 0.0291393 0.0320783 0.0344097 0.0359335 0.0365007 0.0360384 0.0345641 0.0321872
 1.00873e-16 4.11941e-05 0.000241804 0.00114948 0.00442567 0.0138011 0.0348604 0.0713275 0.118228 0.158759 0.172717 0.152241 0.108745 0.0629917 0.0296867 0.0115688 0.00405574 0.00178898 0.00150739 0.00183982 0.00233841 0.00286027 0.00333485 0.00370942 0.00394741 0.00403462 0.00398155 0.00381879 0.00358742 0.00332767 0.00306977 0.00282947 0.00260882 0.00240055 0.00219409 0.00198075
 1.00777e-16 1.92516e-05 0.000112936 0.000536729 0.00206624 0.00644321 0.0162755 0.0333053 0.05522 0.0741978 0.0808442 0.0715535 0.0517505 0.0312708 0.0171713 0.0109563 0.0107067 0.0140688 0.0195157 0.0261776 0.0333559 0.040267 0.0460428 0.0498746 0.0511953 0.0498188 0.0459879 0.040307 0.0335902 0.0266719 0.0202429 0.0147538 0.0103964 0.00714933 0.00485487 0.0032985
 1.00806e-16 3.88387e-05 0.000227973 0.00108373 0.00417248 0.0130116 0.032866 0.067247 0.111465 0.149681 0.162847 0.143559 0.10258 0.0594956 0.0281813 0.0112341 0.00435036 0.00249228 0.00259368 0.0033597 0.00435229 0.00540658 0.00641439 0.00727876 0.00791993 0.00828827 0.00837122 0.00819038 0.00779128 0.00722974 0.00656013 0.00582848 0.0050711 0.00431641 0.00358803 0.00290655
 1.00285e-16 3.7152e-05 0.000218063 0.0010366 0.003991 0.0124456 0.0314365 0.0643228 0.10662 0.143182 0.155795 0.137386 0.0982649 0.0571853 0.0274476 0.0115671 0.00545647 0.0043126 0.00519245 0.00681053 0.00866021 0.0104629 0.0119809 0.0130033 0.0133828 0.0130697 0.012124 0.0106986 0.00900004 0.00724045 0.00559551 0.00418001 0.00304336 0.00218126 0.00155544 0.00111373
 1.00294e-16 3.64418e-05 0.000213893 0.00101677 0.00391465 0.0122075 0.0308351 0.0630923 0.104581 0.140445 0.15282 0.134771 0.0964122 0.0561432 0.027015 0.0115017 0.00560061 0.00460574 0.00563161 0.00741274 0.00944059 0.0114237 0.0131067 0.0142604 0.0147228 0.0144355 0.0134584 0.0119511 0.010132 0.00822748 0.00642686 0.00485632 0.00357373 0.00258037 0.00184131 0.00130588
 1.0026e-16 3.86296e-05 0.000226742 0.00107786 0.0041499 0.0129411 0.0326881 0.0668834 0.110863 0.148877 0.161981 0.142817 0.102097 0.0593095 0.028269 0.011573 0.0049535 0.00340518 0.00386941 0.00503009 0.00640248 0.00775735 0.00891697 0.009726 0.010074 0.00991997 0.0093011 0.00832159 0.0071252 0.00586134 0.00465559 0.00359232 0.00271125 0.00201526 0.00148369 0.00108564
 1.01116e-16 1.669e-05 9.78943e-05 0.000465213 0.00179088 0.00558449 0.0141065 0.0288675 0.0478653 0.0643246 0.0701108 0.0621111 0.0450464 0.0274697 0.0155358 0.0105945 0.0110288 0.014833 0.0206905 0.0278121 0.0355078 0.0429685 0.0492852 0.0536036 0.0553152 0.0542039 0.0504976 0.044801 0.0379402 0.030769 0.0240009 0.0181098 0.0133108 0.00960501 0.00685704 0.00487271
 1.06134e-16 1.44939e-05 8.50243e-05 0.000404079 0.00155558 0.00485078 0.0122529 0.0250731 0.041569 0.0558491 0.0608357 0.0538062 0.0388331 0.0233055 0.0125194 0.00759527 0.00709183 0.00927181 0.0130664 0.0179564 0.023602 0.0296253 0.0355662 0.0409343 0.0452926 0.0483306 0.0499035 0.0500266 0.0488354 0.046531 0.0433342 0.0394599 0.0351122 0.0304909 0.0257959 0.0212238
 1.0231e-16 3.68912e-05 0.000216539 0.00102937 0.00396318 0.0123588 0.0312173 0.0638738 0.105874 0.142174 0.154683 0.136369 0.097459 0.056558 0.0268518 0.0108135 0.00436286 0.00272207 0.00298416 0.0039214 0.00511569 0.00640429 0.0076754 0.00882694 0.00977413 0.0104627 0.0108747 0.011024 0.0109439 0.0106725 0.0102419 0.0096742 0.00898471 0.00818792 0.00730431 0.00636327
 1.00779e-16 3.07036e-05 0.000180194 0.000856533 0.00329766 0.0102834 0.0259752 0.0531495 0.0881043 0.118331 0.128793 0.113664 0.0814938 0.047821 0.0236938 0.0112603 0.0072112 0.00762437 0.0100685 0.0134134 0.0170938 0.0206632 0.0236725 0.0257098 0.0264853 0.0259011 0.0240754 0.0213083 0.0180054 0.0145821 0.0113815 0.00862676 0.00641215 0.00472677 0.00349384 0.00261034
 1.0049e-16 3.58994e-05 0.000210708 0.00100163 0.00385635 0.0120257 0.0303759 0.0621528 0.103024 0.138354 0.150546 0.132768 0.0949844 0.0553223 0.0266401 0.0113774 0.00559394 0.00465685 0.0057262 0.00755704 0.00964854 0.0117118 0.0134913 0.0147557 0.0153381 0.0151735 0.0143127 0.0129058 0.011162 0.00930008 0.00750492 0.00590205 0.00455262 0.00346468 0.00261232 0.00195479
 1.00465e-16 3.44945e-05 0.000202457 0.000962394 0.00370527 0.0115546 0.0291859 0.0597183 0.0989896 0.13294 0.144665 0.127604 0.0913413 0.0533031 0.0258597 0.0113729 0.00607391 0.00552255 0.00698884 0.00925709 0.0118058 0.0142989 0.0164239 0.0178961 0.0185127 0.0181995 0.0170282 0.0151942 0.012966 0.0106219 0.00839523 0.00644155 0.00483287 0.00357209 0.00261815 0.00191112
 1.01027e-16 2.84261e-05 0.00016682 0.00079295 0.00305284 0.00951993 0.0240468 0.049204 0.0815653 0.109553 0.119249 0.105266 0.0755277 0.0444308 0.0222208 0.0109075 0.00744936 0.00823361 0.0110171 0.0147447 0.0188627 0.0229078 0.0264001 0.0288907 0.0300537 0.0297612 0.0281112 0.0253943 0.022017 0.0184037 0.0149134 0.0117897 0.0091516 0.00701499 0.00533064 0.00402093
 1.01745e-16 2.95368e-05 0.000173347 0.000823992 0.00317238 0.00989273 0.0249883 0.05113 0.084756 0.113832 0.12389 0.109322 0.0783501 0.0459146 0.0226369 0.0105762 0.00654455 0.00677302 0.00893936 0.0119895 0.0154285 0.018886 0.021988 0.0243788 0.0257887 0.0260911 0.0253258 0.0236771 0.021419 0.018846 0.0162132 0.0137023 0.0114152 0.00938915 0.00762203 0.00609483
 1.02373e-16 2.59902e-05 0.000152519 0.000724961 0.00279106 0.0087036 0.0219848 0.044985 0.0745725 0.100163 0.109036 0.0962689 0.0691117 0.0407364 0.0205227 0.0103241 0.00737816 0.00839855 0.0113457 0.0152559 0.0196114 0.0239632 0.027836 0.0307779 0.0324507 0.0327046 0.0316058 0.0294068 0.0264728 0.02319 0.0198871 0.0167901 0.0140162 0.0115952 0.00950524 0.00770521
 1.00711e-16 3.92778e-05 0.00023055 0.00109598 0.00421965 0.0131586 0.0332375 0.0680073 0.112725 0.151374 0.16469 0.145186 0.103749 0.0601846 0.0285283 0.0114069 0.00446799 0.00261496 0.0027421 0.0035316 0.00452901 0.00555468 0.00648772 0.00722366 0.00768376 0.00782994 0.00767115 0.00725714 0.00666288 0.00596899 0.00524512 0.00454047 0.00388258 0.003282 0.00273952 0.00225253
 1.0063e-16 3.09745e-05 0.000181784 0.000864097 0.00332678 0.0103742 0.0262046 0.0536189 0.0888821 0.119375 0.129927 0.11466 0.0821964 0.0482106 0.023845 0.0112627 0.00712157 0.00746278 0.00983428 0.0131009 0.0167016 0.0201993 0.0231555 0.0251675 0.0259503 0.0254052 0.0236433 0.0209533 0.0177271 0.0143682 0.0112119 0.00847867 0.00626523 0.00456683 0.0033145 0.00241265
 1.01767e-16 2.69375e-05 0.000158082 0.000751408 0.00289289 0.00902116 0.0227869 0.0466261 0.0772922 0.103814 0.113004 0.0997588 0.0715869 0.0421346 0.0211147 0.0104378 0.00722978 0.00807709 0.0108651 0.0146044 0.0187793 0.0229551 0.0266747 0.0295021 0.031108 0.0313418 0.0302593 0.0280962 0.0251994 0.0219408 0.018643 0.0155351 0.0127444 0.0103152 0.0082388 0.00648343
 1.01534e-16 3.42933e-05 0.00020128 0.000956808 0.00368379 0.0114876 0.0290166 0.0593715 0.0984137 0.132163 0.14381 0.126827 0.0907357 0.0528506 0.0254564 0.0108861 0.00538006 0.00451941 0.0056012 0.00744899 0.00959913 0.0117902 0.013789 0.0153782 0.0163906 0.0167437 0.0164527 0.0156187 0.0143956 0.01295 0.0114265 0.0099283 0.00851464 0.00721055 0.00602156 0.00494649
 1.01678e-16 2.73735e-05 0.00016064 0.000763565 0.0029397 0.00916711 0.0231556 0.0473806 0.0785433 0.105496 0.114838 0.101384 0.0727687 0.0428606 0.0215336 0.0107327 0.00753877 0.00848063 0.0114003 0.0152753 0.0195568 0.0237739 0.0274352 0.0300801 0.0313745 0.031187 0.0296172 0.0269609 0.02363 0.0200527 0.0165876 0.013474 0.0108237 0.00864579 0.00688651 0.00546775
 1.0637e-16 1.10504e-06 6.388e-06 3.01619e-05 0.000115784 0.000360752 0.000911947 0.00187124 0.00312186 0.00425335 0.00478876 0.00460542 0.00412936 0.00409201 0.00513486 0.00763952 0.0118009 0.0177171 0.0253631 0.0344894 0.0445452 0.054688 0.0638971 0.071165 0.0757129 0.0771565 0.0755731 0.0714428 0.0654983 0.0585343 0.0512447 0.0441292 0.0374783 0.0314161 0.0259675 0.0211179
pSPR Fmed_Fpbrs
0.50981   0.413332 0.413332
Fs Fmed_Fpbrs
0.659626   1.005 1.005
SSBpbr Bo_Bmed_Bpbrs
966304  444317  351089 351089
Ro
18033.7
SPR SPRFo_SPRFmed_SPRFpbrs
370373 188820 153087
log_Ro
9.62
likeval ReclasPelacesDesembMPH_pf_preclas_ppelaces_ptallas_desvR_qrecl_qpela
 95.5456 101.417 0.132319 0.000180674 388.887 200.815 86.0559 0 64.6303 2.0427e-06 0 0 0 0 0
q_reclas_q_pelaces
0.816664 1
M
0.7
N
 3794.72 65501 21252.4 2653.7 0.118857
 5906.42 1856.92 29485.9 9174.83 1141.99
 749.495 2868.61 794.956 11849.1 4125.67
 4699.58 339.373 768.954 163.83 3225.47
 54975.6 2215.45 119.061 232.617 1013.11
 12958.3 26818.7 976.897 49.9054 520.042
 55479.4 5748.25 6267.01 165.529 94.1048
 71322 24948.2 1471.33 1209.21 48.9996
 83296.8 30095.3 4174.78 154.833 127.763
 219040 35622.8 5508.11 499.215 32.6797
 47423.2 100740 10596.7 1316.88 125.042
 18348.3 21787.1 29751.5 2507.5 335.416
 58925.2 8551.87 7084.46 8076.13 761.023
 22280.3 25639.2 1756.68 998.767 1210.2
 14663.9 8782.5 2722.17 96.6069 115.323
 14340.8 5655.71 806.19 121.645 8.94658
 9492.75 6380.32 1347.98 140.505 22.2173
 9441.68 4326.72 1787.15 295.776 35.0367
 6522.36 4391.41 1387.32 475.522 86.7629
 27310 3031.53 1401.64 366.736 146.485
 29206.4 12416 834.825 300.179 107.779
 26892.4 14113.1 5138.39 319.66 155.267
 59906.5 12943.7 5688.62 1894.84 173.921
 48877.9 28505.5 4832.96 1880.85 677.615
 704.846 23303.7 10784.7 1628.26 854.212
pred_Ctot
 39.8399 4428.95 2013.02 256.771 0.0115137
 93.4355 185.74 4094.73 1300.68 162.074
 47.7769 983.283 351.418 5318.09 1853.16
 171.826 73.0828 222.332 48.2352 950.568
 697.818 179.742 13.4812 26.8991 117.284
 1000.96 10656.1 491.434 25.4554 265.454
 3790.05 2079.97 2905.98 77.8925 44.3172
 7780.38 12639.4 907.205 753.916 30.5681
 8386.44 14452 2464.09 92.4708 76.3513
 11684.1 10577.4 2140.95 197.22 12.9216
 2564.1 30246.2 4160.39 525.453 49.9364
 813.419 5541.42 10039.5 860.857 115.258
 5285.83 3789.85 3911.28 4515.83 425.818
 3348.47 15764.1 1259.44 722.023 875.252
 2389.57 5638.39 2014.84 72.0484 86.0412
 1080.11 2205.02 398.965 61.0501 4.49337
 563.59 2066.66 566.603 59.9889 9.49357
 432.033 1130.43 618.151 104.067 12.3387
 301.48 1157.17 483.633 168.618 30.7936
 1667.71 1004.32 601.127 159.732 63.8538
 566.202 1503.37 139.51 51.1867 18.3983
 595.792 1934.4 967.613 61.4017 29.8559
 1804.84 2347.65 1399.41 475.019 43.6442
 1405.73 4958.56 1142.75 453.275 163.467
 23.4343 4615.07 2882.56 443.337 232.811
F
 0.0146936 0.0981527 0.140007 0.143221 0.143395
 0.0222135 0.148385 0.21166 0.216519 0.216781
 0.0922984 0.61655 0.87946 0.899651 0.900739
 0.0520166 0.347469 0.495637 0.507016 0.507629
 0.0177891 0.118831 0.169503 0.173394 0.173604
 0.112845 0.7538 1.07524 1.09992 1.10125
 0.0992115 0.66273 0.945331 0.967035 0.968204
 0.162836 1.08774 1.55157 1.5872 1.58912
 0.149424 0.998149 1.42378 1.45647 1.45823
 0.0767133 0.512443 0.730959 0.74774 0.748645
 0.0777943 0.519664 0.741259 0.758277 0.759194
 0.0633857 0.423414 0.603967 0.617833 0.61858
 0.132145 0.882725 1.25914 1.28805 1.2896
 0.230943 1.54269 2.20053 2.25105 2.25377
 0.252725 1.6882 2.40808 2.46336 2.46634
 0.109889 0.734058 1.04708 1.07111 1.07241
 0.0857183 0.572595 0.816762 0.835513 0.836524
 0.0654845 0.437434 0.623965 0.638291 0.639063
 0.066169 0.442007 0.630488 0.644963 0.645743
 0.0882639 0.5896 0.841018 0.860326 0.861367
 0.027283 0.182249 0.259964 0.265933 0.266254
 0.0312333 0.208637 0.297605 0.304437 0.304806
 0.0426875 0.285152 0.406746 0.416084 0.416588
 0.0407147 0.271973 0.387948 0.396854 0.397334
 0.0472013 0.315303 0.449755 0.46008 0.460637
nmprior
 10.6 11 7 0
nm_flota  nm_reclas  nm_pelaces    nm_pelaL
inf 23.4676 18.8673 45.543
cv_recla  cv_pelaces  cv_mph
0.884159 1.1419 0.4361
 ------------------------------------------------
Talla a la edad & desviación 
 7.2 14.2025 17.0495 18.207 18.6776
 1.08 2.13037 2.55742 2.73105 2.80164
