years
 1997 1998 1999 2000 2001 2002 2003 2004 2005 2006 2007 2008 2009 2010 2011 2012 2013 2014 2015 2016 2017 2018 2019 2020 2021
reclasobs
 0 0 0 370054 412103 1.49427e+06 250295 1.28982e+06 931140 785840 897777 1.04006e+06 184774 17550 25797 100020 73551 82996 120727 218422 84188 347160 605670 569463 516374
reclaspred
 1.2956e+06 178614 230748 106221 248056 254333 561220 454326 624497 998695 855769 552057 352353 153391 94116.4 88819.9 100695 120693 106409 176508 291366 257303 440792 513266 400141
pelacesobs
 0 0 0 0 0 0 0 0 0 2.06254e+06 1.5e+06 0 1.87456e+06 323000 250000 174000 83755 137374 0 501740 490994 745055 786931 1.00524e+06 1.33801e+06
pelacespred
 1.01985e+06 340466 111918 111910 232506 177593 549003 444828 612899 979666 744725 496348 327681 113440 69467.3 70546.5 83488.5 102268 90721.2 149513 278288 238161 322156 440792 340871
mphobs
 0 0 0 0 0 112323 0 153150 637223 0 255016 313432 73983 77613 109348 50772 0 0 0 0 0 0 0 0 0
mphpred
 554359 234425 112532 52225.9 56452.8 133596 155728 197941 208008 293036 469658 333799 190115 106202 45452.5 35294.7 40067.8 48955.3 52856.6 52102.7 100128 128378 150719 214804 241090
desembarqueobs
 350755 77701 442110 56441 14545 235359 269955 359681 431902 328805 639364 411747 362871 311530 167758 66681 60226 58785 57116 73181 50977 67692 138656 160484 209506
desembarquepred
 350741 77676.1 441556 56420.4 14544.2 235266 269889 359250 431548 328597 638770 411458 362412 311161 167462 66640.8 60212.6 58751.7 57078.6 73125.7 50966.4 67659 138596 160422 209426
Reclutas
 12181.7 20597.7 3024.8 18183.1 55533.8 21300.1 56750.1 73061.5 104525 204360 58072.6 27870.9 51613.4 22385.3 14711.9 15642.4 10712.7 10633.1 9116.75 28541.3 32110.7 34589.7 65435.5 56435.6 2704.21
log_desv_Rt
 -0.752307 -0.227064 -2.1454 -0.351754 0.764747 -0.193531 0.786412 1.03906 1.39718 2.06764 0.80945 0.0753387 0.691536 -0.143842 -0.56359 -0.502257 -0.880811 -0.888272 -1.04213 0.0991073 0.216945 0.291311 0.928821 0.780855 -2.25744
SSB
 1.49511e+06 632245 303499 140853 152253 360310 419998 533847 560997 790318 1.26667e+06 900255 512740 286426 122585 95189.7 108063 132032 142554 140521 270046 346236 406489 579327 650219
BT
 2.04991e+06 774477 442172 264232 428338 500846 1.176e+06 1.18572e+06 1.48875e+06 2.05944e+06 1.88753e+06 1.25833e+06 944792 500273 263759 181084 198221 230486 212009 327618 538555 490439 673011 919471 783888
Ftot
 0.16959 0.304037 1.09024 0.548076 0.0890449 0.633552 0.540998 0.938498 0.873023 0.450072 0.532829 0.497531 0.907143 1.51314 1.65956 0.718975 0.54556 0.424495 0.412872 0.504994 0.167886 0.21082 0.272038 0.258019 0.311855
BD_Bspro_t
 0.973893 0.816037 0.590284 0.262627 0.423774 0.685604 0.548495 0.55909 0.529395 0.564803 0.642865 0.483917 0.353842 0.266405 0.152994 0.149664 0.220354 0.330832 0.40387 0.459503 0.642656 0.747899 0.744713 0.751224 0.721056
BD_Bspro
 2.81635 1.19097 0.571705 0.265327 0.286801 0.678719 0.791155 1.00561 1.05676 1.48873 2.38604 1.69582 0.965855 0.539544 0.230916 0.17931 0.20356 0.248711 0.268531 0.264701 0.508689 0.652208 0.765708 1.09129 1.22483
BD_Bo
 1.59549 0.674692 0.323875 0.15031 0.162475 0.3845 0.448196 0.569688 0.598661 0.843378 1.35171 0.960696 0.547164 0.305656 0.130816 0.101581 0.115318 0.140897 0.152125 0.149955 0.288177 0.369481 0.43378 0.618222 0.693873
BD_Brms
 5.30279 2.24242 1.07644 0.499573 0.540006 1.27793 1.48963 1.89343 1.98972 2.80307 4.49257 3.19299 1.81857 1.01588 0.434781 0.337615 0.383274 0.468288 0.505606 0.498394 0.95779 1.22802 1.44172 2.05474 2.30617
S_f
 0.143785 1 1 1 1
 0.143785 1 1 1 1
 0.143785 1 1 1 1
 0.143785 1 1 1 1
 0.143785 1 1 1 1
 0.143785 1 1 1 1
 0.143785 1 1 1 1
 0.143785 1 1 1 1
 0.143785 1 1 1 1
 0.143785 1 1 1 1
 0.143785 1 1 1 1
 0.143785 1 1 1 1
 0.143785 1 1 1 1
 0.143785 1 1 1 1
 0.143785 1 1 1 1
 0.143785 1 1 1 1
 0.143785 1 1 1 1
 0.143785 1 1 1 1
 0.143785 1 1 1 1
 0.143785 1 1 1 1
 0.143785 1 1 1 1
 0.143785 1 1 1 1
 0.143785 1 1 1 1
 0.143785 1 1 1 1
 0.143785 1 1 1 1
Scru_reclas
 0.937775 1 1 1 1
 0.937775 1 1 1 1
 0.937775 1 1 1 1
 0.937775 1 1 1 1
 0.937775 1 1 1 1
 0.937775 1 1 1 1
 0.937775 1 1 1 1
 0.937775 1 1 1 1
 0.937775 1 1 1 1
 0.937775 1 1 1 1
 0.937775 1 1 1 1
 0.937775 1 1 1 1
 0.937775 1 1 1 1
 0.937775 1 1 1 1
 0.937775 1 1 1 1
 0.937775 1 1 1 1
 0.937775 1 1 1 1
 0.937775 1 1 1 1
 0.937775 1 1 1 1
 0.937775 1 1 1 1
 0.937775 1 1 1 1
 0.937775 1 1 1 1
 0.937775 1 1 1 1
 0.937775 1 1 1 1
 0.937775 1 1 1 1
Scru_pelaces
 1 1 1 1 1
 1 1 1 1 1
 1 1 1 1 1
 1 1 1 1 1
 1 1 1 1 1
 1 1 1 1 1
 1 1 1 1 1
 1 1 1 1 1
 1 1 1 1 1
 1 1 1 1 1
 1 1 1 1 1
 1 1 1 1 1
 1 1 1 1 1
 1 1 1 1 1
 1 1 1 1 1
 1 1 1 1 1
 1 1 1 1 1
 1 1 1 1 1
 1 1 1 1 1
 1 1 1 1 1
 1 1 1 1 1
 1 1 1 1 1
 1 1 1 1 1
 1 1 1 1 1
 1 1 1 1 1
pf_obs 
 0.256992 0.487395 0.22802 0.0275931 0
 0.321318 0.546541 0.124235 0.00734118 0.000564706
 0.182869 0.594174 0.210203 0.0122559 0.00049798
 0.330522 0.361315 0.267642 0.0388342 0.00168674
 0.649043 0.306663 0.0425973 0.00169635 0
 0.582887 0.30429 0.105238 0.00758474 0
 0.465427 0.430635 0.0974691 0.00646863 0
 0.296916 0.608066 0.0921331 0.00288517 0
 0.311714 0.524322 0.152257 0.0117073 0
 0.15457 0.633149 0.183074 0.0267441 0.00246327
 0.131901 0.49318 0.331252 0.0422183 0.00144891
 0.196976 0.569456 0.194076 0.0375587 0.00193317
 0.518974 0.381816 0.0799577 0.0180837 0.00116848
 0.0928022 0.601141 0.25162 0.0475244 0.00691264
 0.122501 0.610282 0.24278 0.0234846 0.000952079
 0.383417 0.481906 0.127806 0.00687128 0
 0.0376549 0.599619 0.316969 0.0457579 0
 0.0361596 0.667082 0.258105 0.0386534 0
 0.158088 0.579412 0.248529 0.0139706 0
 0.0477256 0.309471 0.559284 0.082774 0.000745712
 0.0406174 0.521527 0.379366 0.0568643 0.0016247
 0.151134 0.462217 0.34131 0.0453401 0
 0.294876 0.26143 0.354403 0.0886775 0.000613685
 0.281977 0.475581 0.204845 0.0348837 0.00271318
 0.0354234 0.537034 0.353287 0.0723622 0.0018943
pf_pred 
 0.0310429 0.629331 0.299518 0.0401057 2.83094e-06
 0.0984767 0.175595 0.471485 0.224394 0.0300487
 0.0291656 0.454887 0.100494 0.269834 0.145619
 0.399861 0.161491 0.20553 0.0454059 0.187712
 0.459408 0.464366 0.0205117 0.0261053 0.0296095
 0.108033 0.767549 0.106874 0.0047208 0.0128229
 0.354908 0.346171 0.257225 0.0358164 0.00587933
 0.316536 0.569776 0.0610073 0.045332 0.00734822
 0.349603 0.545793 0.0872042 0.00933717 0.0080627
 0.391975 0.51917 0.0745651 0.0119136 0.00237713
 0.0826743 0.778407 0.118617 0.0170363 0.00326509
 0.0746571 0.416221 0.432021 0.0658334 0.0112674
 0.247474 0.314654 0.196956 0.204433 0.0364841
 0.154371 0.663453 0.0761735 0.0476803 0.0583227
 0.228402 0.571285 0.157159 0.0180441 0.0251101
 0.295601 0.587852 0.08629 0.0237382 0.00651824
 0.177496 0.664279 0.132046 0.0193829 0.00679634
 0.193834 0.534776 0.219183 0.0435694 0.00863799
 0.171085 0.558264 0.179539 0.0735856 0.0175274
 0.42371 0.3675 0.140617 0.0452227 0.0229498
 0.244503 0.655747 0.0636111 0.0243396 0.0118001
 0.196837 0.569784 0.202565 0.01965 0.0111638
 0.289763 0.464341 0.174444 0.0620172 0.00943392
 0.17914 0.62729 0.126553 0.0475438 0.0194736
 0.0101064 0.626146 0.27797 0.0560795 0.0296973
pobs_RECLAS
 0 0 0 0 0
 0 0 0 0 0
 0 0 0 0 0
 0 0 0 0 0
 0.835266 0.146461 0.0176864 0.000547809 3.91292e-05
 0.385257 0.428462 0.181853 0.0044286 0
 0.867414 0.0963971 0.0333333 0.00285562 0
 0.441836 0.489002 0.0689373 0.000224442 0
 0.779404 0.147425 0.0564933 0.0165055 0.000172143
 0.814271 0.122319 0.05973 0.00367925 0
 0.40263 0.566651 0.0304383 0.000280538 0
 0.475488 0.404961 0.113038 0.00651328 0
 0.955842 0.0263864 0.0167828 0.000988607 0
 0.975058 0.0227948 0.00214734 0 0
 0.738997 0.206755 0.0527124 0.00153531 0
 0.850938 0.134255 0.0134407 0.00136685 0
 0.542534 0.407297 0.0501686 0 0
 0.764087 0.199537 0.0359546 0.000420521 0
 0.470689 0.182191 0.310203 0.0369168 0
 0.84361 0.089868 0.0606195 0.00523954 0.000663233
 0.607945 0.314616 0.071237 0.00620181 0
 0.523733 0.453247 0.0230204 0 0
 0.530135 0.295979 0.169645 0.0042399 0
 0.562478 0.366248 0.0663022 0.0049721 0
 0.250443 0.683176 0.0655157 0.000865301 0
ppred_RECLAS
 0.174204 0.536348 0.255265 0.0341802 2.41268e-06
 0.420588 0.112856 0.303025 0.144219 0.0193124
 0.177959 0.385169 0.0850921 0.228478 0.123301
 0.818777 0.0487652 0.0620636 0.0137112 0.0566834
 0.847766 0.130768 0.00577621 0.00735141 0.0083382
 0.45296 0.470735 0.0655457 0.00289525 0.00786421
 0.788505 0.113493 0.0843318 0.0117425 0.00192755
 0.766031 0.195051 0.0208845 0.0155184 0.00251551
 0.790381 0.175906 0.0281054 0.00300932 0.00259856
 0.812515 0.160086 0.0229922 0.00367358 0.00073299
 0.378993 0.526963 0.080301 0.0115331 0.00221038
 0.352585 0.291208 0.302263 0.0460603 0.00788321
 0.69844 0.126091 0.078926 0.0819222 0.0146203
 0.583212 0.326998 0.0375439 0.0235003 0.0287457
 0.699195 0.222713 0.061268 0.00703441 0.00978907
 0.743194 0.214316 0.0314591 0.00865434 0.00237638
 0.59399 0.327906 0.0651815 0.00956789 0.00335485
 0.617281 0.253879 0.104055 0.0206841 0.00410079
 0.580396 0.282598 0.090884 0.0372497 0.00887254
 0.83239 0.106885 0.0408975 0.0131527 0.00667479
 0.680588 0.277239 0.0268938 0.0102904 0.00498888
 0.618034 0.270976 0.0963354 0.00934507 0.00530926
 0.730086 0.176465 0.0662948 0.0235686 0.00358521
 0.591077 0.312493 0.0630443 0.0236846 0.00970103
 0.0635694 0.592329 0.262958 0.0530507 0.0280934
pobs_PELACES
 0 0 0 0 0
 0 0 0 0 0
 0 0 0 0 0
 0 0 0 0 0
 0 0 0 0 0
 0 0 0 0 0
 0 0 0 0 0
 0 0 0 0 0
 0 0 0 0 0
 0 0 0 0 0
 0.450072 0.473896 0.0757376 0.000293798 0
 0 0 0 0 0
 0.463077 0.371075 0.160297 0.00555027 0
 0.529543 0.364841 0.0842815 0.0213345 0
 0.631943 0.363953 0.00410389 0 0
 0.735681 0.248677 0.0153453 0.000297389 0
 0.695825 0.281241 0.0229344 0 0
 0.275771 0.60734 0.115278 0.00161068 0
 0 0 0 0 0
 0.896147 0.0623911 0.0374545 0.00400742 0
 0.803859 0.145111 0.0509908 3.86294e-05 0
 0.739449 0.233085 0.0266225 0.000797448 4.60066e-05
 0.878498 0.100942 0.0204185 0.000141795 0
 0.694673 0.275183 0.0284847 0.00165964 0
 0.469039 0.446079 0.0841089 0.000773354 0
ppred_PELACES
 0.190934 0.525483 0.250093 0.0334878 2.3638e-06
 0.45755 0.105656 0.283694 0.135019 0.0180804
 0.239041 0.356549 0.0787693 0.211501 0.114139
 0.849052 0.0406184 0.0516952 0.0114206 0.0472137
 0.85895 0.121161 0.00535188 0.00681136 0.00772566
 0.513631 0.418527 0.0582762 0.00257414 0.00699201
 0.822451 0.0952768 0.0707961 0.00985774 0.00161817
 0.819868 0.150169 0.016079 0.0119476 0.00193668
 0.837282 0.136548 0.021817 0.002336 0.00201715
 0.839949 0.136661 0.0196278 0.00313603 0.000625734
 0.430692 0.483093 0.0736159 0.010573 0.00202637
 0.400622 0.269601 0.279836 0.0426426 0.00729829
 0.761413 0.0997605 0.0624444 0.064815 0.0115672
 0.695881 0.238602 0.0273948 0.0171476 0.020975
 0.798449 0.149227 0.041052 0.00471334 0.00655908
 0.790846 0.174549 0.0256217 0.00704849 0.00193543
 0.6454 0.286386 0.0569281 0.00835638 0.00293006
 0.659757 0.225703 0.0925063 0.0183885 0.00364567
 0.623704 0.25343 0.0815036 0.033405 0.00795678
 0.859313 0.0897162 0.0343282 0.01104 0.00560263
 0.704362 0.256604 0.024892 0.00952447 0.00461755
 0.646805 0.250565 0.0890791 0.00864117 0.00490935
 0.756976 0.158885 0.0596903 0.0212207 0.00322804
 0.623767 0.287512 0.0580044 0.0217912 0.00892551
 0.0732651 0.586196 0.260235 0.0525014 0.0278026
pobs_pel_tallas
 0 0 0 0 0 0 0 0 0 0 0 0 0 0 0 0 0 0 0 0 0 0 0 0 0 0 0 0 0 0 0 0 0 0 0 0
 0 0 0 0 0 0 0 0 0 0 0 0 0 0 0 0 0 0 0 0 0 0 0 0 0 0 0 0 0 0 0 0 0 0 0 0
 0 0 0 0 0 0 0 0 0 0 0 0 0 0 0 0 0 0 0 0 0 0 0 0 0 0 0 0 0 0 0 0 0 0 0 0
 0 0 0 0 0 0 0 0 0 0 0 0 0 0 0 0 0 0 0 0 0 0 0 0 0 0 0 0 0 0 0 0 0 0 0 0
 0 0 0 0 0 0 0 0 0 0 0 0 0 0 0 0 0 0 0 0 0 0 0 0 0 0 0 0 0 0 0 0 0 0 0 0
 0 0 0 0 0 0 0 0 0 0 0 0 0 0 0 0 0 0 0 0 0 0 0 0 0 0 0 0 0 0 0 0 0 0 0 0
 0 0 0 0 0 0 0 0 0 0 0 0 0 0 0 0 0 0 0 0 0 0 0 0 0 0 0 0 0 0 0 0 0 0 0 0
 0 0 0 0 0 0 0 0 0 0 0 0 0 0 0 0 0 0 0 0 0 0 0 0 0 0 0 0 0 0 0 0 0 0 0 0
 0 0 0 0 0 0 0 0 0 0 0 0 0 0 0 0 0 0 0 0 0 0 0 0 0 0 0 0 0 0 0 0 0 0 0 0
 0 0 0 0 0 0 0 0 0 0 0 0 0 0 0 0 0 0 0 0 0 0 0 0 0 0 0 0 0 0 0 0 0 0 0 0
 0 0 0 0 0 0 0 0 1.78061e-05 0.00172719 0.00360574 0.0105946 0.0120993 0.0124554 0.0147524 0.0171206 0.0266825 0.0428682 0.0675386 0.121331 0.153587 0.119568 0.100827 0.0573624 0.0630603 0.0341343 0.0324427 0.0444173 0.0211091 0.0280891 0.0125444 0.00206551 0 0 0 0
 0 0 0 0 0 0 0 0 0 0 0 0 0 0 0 0 0 0 0 0 0 0 0 0 0 0 0 0 0 0 0 0 0 0 0 0
 0 0 0 0 0 0 0.0133647 0.0140871 0.0187388 0.0205184 0.03894 0.0496705 0.03968 0.0493445 0.0407372 0.0367815 0.0215668 0.0243155 0.0234873 0.0199281 0.019796 0.0243948 0.0301388 0.0376714 0.0412746 0.0863199 0.0771752 0.113111 0.0741005 0.0525337 0.0229764 0.00759418 0.00175318 0 0 0
 0 0 0 0 0 0 0 0 0 0 0.00219441 0.00772107 0.0458388 0.0604681 0.0671733 0.0775358 0.0609151 0.0617685 0.073594 0.0568108 0.0755445 0.0548602 0.0670107 0.0636378 0.0643287 0.046367 0.0373049 0.0286899 0.0247887 0.0153202 0.00654259 0.00121912 0.000365735 0 0 0
 0 0 0 0 0 0 0 0 0 0 0 0 0.000112435 0.00938835 0.0111873 0.0202946 0.0414886 0.0713402 0.111592 0.104902 0.108894 0.110636 0.117776 0.105296 0.107544 0.0401394 0.0192827 0.0124803 0.00416011 0.0028671 0.000618394 0 0 0 0 0
 0 0 0 0 0 0 0 0 0 0 0.00291406 0.0102884 0.027416 0.0768956 0.0749926 0.110853 0.0956884 0.0897413 0.0766577 0.0534642 0.0500743 0.0551293 0.0594112 0.0620874 0.0668451 0.0424026 0.0208742 0.0120726 0.0048766 0.00582813 0.00118941 0.000297354 0 0 0 0
 0 0.00264628 0.0354308 0.0461629 0.0458689 0.0383711 0.0214643 0.0164657 0.0346957 0.0420465 0.0363128 0.0245516 0.0311673 0.0291091 0.0169068 0.0133784 0.00837989 0.0085269 0.0148486 0.0160247 0.0276389 0.0546898 0.0760071 0.122758 0.109233 0.0665981 0.0333725 0.0166128 0.00676272 0.00308733 0.000882094 0 0 0 0 0
 0 0 0 0 0 0 0 0.000805153 0.000690131 0.00759144 0.0133425 0.0154129 0.00931677 0.000345066 0.00356568 0.00563607 0.00851162 0.0253048 0.0502646 0.0516448 0.0657925 0.0565908 0.0611916 0.0827007 0.0866115 0.110766 0.145733 0.0935128 0.0569358 0.0249597 0.0138026 0.00621118 0.00161031 0.00115022 0 0
 0 0 0 0 0 0 0 0 0 0 0 0 0 0 0 0 0 0 0 0 0 0 0 0 0 0 0 0 0 0 0 0 0 0 0 0
 0.00147267 0.00158595 0.00478618 0.00569244 0.00954404 0.0108468 0.00647125 0.017049 0.0510054 0.094081 0.124002 0.0959785 0.0687766 0.0820023 0.061753 0.0591476 0.0492212 0.0479892 0.0443925 0.0268479 0.0217502 0.0140895 0.0121071 0.0120363 0.00920419 0.00665534 0.0049561 0.00860946 0.00930331 0.0156896 0.0114698 0.00855282 0.00243557 0.00046729 0 2.83206e-05
 0 0 0 0 0.000772559 0.00158375 0.000888443 0.00281984 0.00712685 0.0440552 0.0773331 0.111326 0.0921469 0.0852325 0.0710754 0.0886704 0.0786465 0.0553345 0.0373146 0.0185414 0.00753245 0.00457741 0.012979 0.0271748 0.0457355 0.0583668 0.034881 0.0177882 0.00938659 0.00492506 0.0015258 0.00185414 0.000309023 5.79419e-05 3.86279e-05 0
 0 0.00173294 0.00326652 0 0.00397197 0.00683976 0.00946217 0.0152591 0.00757587 0.0136028 0.0228656 0.0392903 0.0559909 0.0764795 0.0681675 0.0726916 0.0566044 0.0477403 0.0527397 0.0444891 0.0609904 0.0582453 0.0661739 0.0445044 0.0529084 0.0360697 0.0280645 0.0235558 0.0158879 0.00826598 0.00280645 0.00217768 0.000904811 0.00058276 9.20147e-05 0
 0 0 0 0 0 0 0 0 0 0 0 0 0 0 0 0 0 0 0 0 0 0 0 0 0 0 0 0 0 0 0 0 0 0 0 0
 0 0 0 0 0 0 0 0 0 0 0 0 0 0 0 0 0 0 0 0 0 0 0 0 0 0 0 0 0 0 0 0 0 0 0 0
 0 0 0 0 0 0 0 0 0 0 0 0 0 0 0 0 0 0 0 0 0 0 0 0 0 0 0 0 0 0 0 0 0 0 0 0
ppred_pel_tallas
 1.04873e-16 8.36015e-06 4.8993e-05 0.000232736 0.000895785 0.00279319 0.00705591 0.0144413 0.0239533 0.0322145 0.0351771 0.0313173 0.023048 0.0147241 0.00953007 0.00827169 0.0102779 0.01466 0.0208116 0.028289 0.0365729 0.0449626 0.052623 0.0587274 0.0626292 0.0639972 0.062872 0.0596212 0.0548216 0.0491083 0.043045 0.0370489 0.0313773 0.0261584 0.0214419 0.0172422
 1.09546e-16 1.99688e-05 0.000117185 0.000557012 0.00214448 0.00668729 0.0168916 0.0345626 0.0572926 0.0769459 0.0837421 0.0738896 0.0529439 0.0310052 0.0152564 0.00710054 0.00440769 0.00467659 0.00641199 0.00900593 0.0122521 0.0160345 0.0202119 0.0245976 0.0289724 0.0331033 0.0367605 0.0397295 0.0418218 0.0428873 0.0428303 0.0416273 0.0393412 0.0361229 0.0322 0.0278489
 1.13835e-16 1.04501e-05 6.12807e-05 0.000291192 0.00112093 0.00349533 0.00882924 0.0180683 0.02996 0.040265 0.043894 0.0389028 0.0282521 0.0173055 0.00993154 0.00699968 0.00753286 0.0103225 0.0146035 0.0199508 0.0260066 0.0323359 0.0384261 0.0437695 0.0479676 0.0508099 0.0522988 0.0526096 0.0520066 0.0507468 0.049009 0.0468674 0.0443134 0.0413052 0.037823 0.0339075
 1.03346e-16 3.70369e-05 0.000217397 0.00103345 0.00397891 0.0124079 0.0313412 0.0641272 0.106293 0.142735 0.155288 0.136889 0.0978009 0.0566973 0.0268072 0.010604 0.00398243 0.00214105 0.00216501 0.00283694 0.00376535 0.00482609 0.00595099 0.0070775 0.00814649 0.00910826 0.00992606 0.0105747 0.0110362 0.0112954 0.0113381 0.0111533 0.0107383 0.0101035 0.00927633 0.00830051
 1.00711e-16 3.74718e-05 0.000219942 0.00104553 0.00402541 0.0125529 0.0317076 0.0648773 0.107539 0.144414 0.157132 0.138554 0.0990789 0.0576151 0.0275718 0.0114787 0.00520604 0.00390533 0.0046097 0.00603245 0.00768191 0.00930447 0.0106918 0.0116602 0.012081 0.0119091 0.0111941 0.0100646 0.00869465 0.00726175 0.00591136 0.0047363 0.00377403 0.00301767 0.00243382 0.00198008
 1.01379e-16 2.24264e-05 0.000131585 0.000625414 0.00240774 0.00750819 0.0189654 0.0388082 0.0643378 0.0864311 0.0941259 0.0831962 0.0599262 0.035723 0.0187372 0.0106371 0.00910585 0.0113508 0.015605 0.0209569 0.026797 0.0325034 0.0373967 0.0408378 0.0423662 0.0418076 0.0393137 0.0353137 0.0304013 0.025194 0.0202104 0.0157986 0.0121227 0.00919503 0.0069318 0.00520826
 1.01451e-16 3.58794e-05 0.000210596 0.0010011 0.00385435 0.0120195 0.0303601 0.0621201 0.102968 0.138275 0.150449 0.132655 0.0948447 0.0551227 0.0263243 0.0108696 0.00480488 0.00349417 0.00411149 0.00544978 0.00707228 0.00877472 0.0103923 0.0117697 0.0127799 0.0133464 0.0134547 0.0131458 0.0124988 0.0116071 0.0105583 0.00942333 0.00825478 0.00709102 0.00596288 0.00489787
 1.00779e-16 3.57688e-05 0.000209942 0.000997985 0.00384232 0.011982 0.0302654 0.0619268 0.102649 0.137851 0.149999 0.132285 0.0946401 0.0551232 0.0265469 0.011342 0.00558277 0.004653 0.00572289 0.00755158 0.00963957 0.0116987 0.0134749 0.0147389 0.0153268 0.0151771 0.0143441 0.0129799 0.0112942 0.0095033 0.00778703 0.00626363 0.00498598 0.00395417 0.00313624 0.00248821
 1.00529e-16 3.65276e-05 0.000214398 0.00101917 0.0039239 0.0122364 0.030908 0.0632414 0.104828 0.140775 0.153177 0.135079 0.0966179 0.0562336 0.0270039 0.011404 0.00541747 0.00432542 0.00523782 0.00689443 0.00880019 0.0106828 0.0123081 0.0134654 0.0140031 0.0138623 0.0130899 0.0118226 0.0102507 0.00857287 0.0069561 0.00551313 0.00429792 0.00331621 0.00254332 0.00194172
 1.00461e-16 3.66439e-05 0.000215081 0.00102242 0.0039364 0.0122753 0.0310065 0.0634429 0.105162 0.141224 0.153665 0.135508 0.0969245 0.0564105 0.0270858 0.0114331 0.00542289 0.00432047 0.00522611 0.00687504 0.00877032 0.0106388 0.0122458 0.0133806 0.0138923 0.0137233 0.0129221 0.0116277 0.0100329 0.00833811 0.00671206 0.00526814 0.00406015 0.00309289 0.00234009 0.00176233
 1.01661e-16 1.88126e-05 0.000110363 0.000524506 0.00201919 0.00629651 0.0159049 0.0325466 0.0539612 0.0725034 0.0789902 0.0698942 0.0505106 0.0304428 0.0165763 0.0103702 0.00994091 0.0129889 0.0180366 0.0242675 0.0310518 0.0376897 0.0434009 0.0474468 0.0492928 0.048733 0.045936 0.0413897 0.0357722 0.0297899 0.0240379 0.0189174 0.0146204 0.0111666 0.00846669 0.00638484
 1.05867e-16 1.74932e-05 0.000102636 0.000487811 0.00187798 0.00585618 0.0147924 0.0302689 0.0501803 0.0674097 0.073405 0.0648674 0.0466944 0.0277787 0.0144744 0.00808491 0.00681681 0.00852524 0.0118923 0.0162977 0.021382 0.026785 0.0320833 0.0368323 0.0406429 0.043248 0.0445365 0.0445448 0.0434157 0.0413444 0.0385337 0.0351696 0.0314187 0.0274379 0.0233833 0.0194115
 1.03687e-16 3.32179e-05 0.00019497 0.000926818 0.00356833 0.0111275 0.0281072 0.0575105 0.0953279 0.128016 0.139291 0.122825 0.0878356 0.0510877 0.0244708 0.0102337 0.00472615 0.00366648 0.00444772 0.00595882 0.00779788 0.00977361 0.0117273 0.0135059 0.0149809 0.0160689 0.0167409 0.0170155 0.0169399 0.0165686 0.0159474 0.0151074 0.0140701 0.0128569 0.0114996 0.0100443
 1.02036e-16 3.0366e-05 0.000178214 0.00084713 0.00326146 0.0101705 0.0256901 0.0525659 0.0871362 0.117028 0.127368 0.112391 0.080548 0.0471988 0.0232617 0.0108509 0.00668466 0.00688124 0.00904383 0.0120773 0.0154607 0.0188037 0.0217174 0.0238418 0.0249173 0.0248445 0.0237045 0.0217312 0.0192466 0.0165814 0.0140077 0.0117009 0.00973513 0.00810474 0.00675818 0.00562995
 1.011e-16 3.48349e-05 0.000204459 0.000971917 0.00374196 0.011669 0.0294748 0.0603091 0.099968 0.134251 0.146083 0.128835 0.0921791 0.0537049 0.0258928 0.0111138 0.00554942 0.0047093 0.00584279 0.00774573 0.00993403 0.0121265 0.0140712 0.0155366 0.0163507 0.0164381 0.0158345 0.0146709 0.0131365 0.0114313 0.00972598 0.00813817 0.00672895 0.00551358 0.00447942 0.00360276
 1.00754e-16 3.45043e-05 0.000202516 0.000962676 0.00370637 0.011558 0.0291945 0.0597358 0.0990183 0.132978 0.144704 0.127632 0.091349 0.0532824 0.0258028 0.0112689 0.00590716 0.00527454 0.00664252 0.00880241 0.0112456 0.0136536 0.015733 0.017216 0.0179096 0.0177393 0.0167654 0.0151625 0.0131735 0.0110509 0.00900651 0.00718229 0.00564514 0.00440065 0.00341621 0.00264362
 1.01326e-16 2.81668e-05 0.000165299 0.000785718 0.00302499 0.00943311 0.0238274 0.0487552 0.0808213 0.108553 0.11816 0.104304 0.0748351 0.0440186 0.0220061 0.0107887 0.00735266 0.00811926 0.0108682 0.014558 0.0186459 0.0226794 0.0261894 0.0287355 0.0299957 0.0298392 0.0283544 0.0258168 0.0226143 0.0191535 0.015779 0.0127254 0.0101088 0.00794861 0.00620314 0.00480506
 1.02189e-16 2.87905e-05 0.000168966 0.000803162 0.00309218 0.00964264 0.0243566 0.0498375 0.0826136 0.110955 0.12076 0.106564 0.0763805 0.0447752 0.0221033 0.0103752 0.00648799 0.00677238 0.00896915 0.012054 0.0155458 0.0190826 0.0222954 0.0248311 0.0264176 0.0269207 0.0263673 0.0249249 0.0228489 0.0204165 0.0178696 0.0153827 0.0130571 0.0109365 0.00903008 0.00733325
 1.0276e-16 2.72195e-05 0.00015974 0.000759297 0.00292328 0.00911592 0.0230262 0.0471156 0.0781028 0.1049 0.11418 0.10078 0.0722848 0.0424746 0.0211543 0.0102422 0.00682272 0.0074394 0.00995762 0.0133935 0.0172572 0.0211546 0.0246763 0.0274315 0.0291233 0.0296122 0.0289404 0.027307 0.0250064 0.0223523 0.019612 0.0169709 0.0145274 0.0123131 0.0103214 0.00853405
 1.01158e-16 3.74864e-05 0.000220031 0.00104596 0.00402707 0.0125581 0.0317206 0.0649037 0.107582 0.144469 0.157185 0.138586 0.0990675 0.0575404 0.0274092 0.0111944 0.00475564 0.00323943 0.003685 0.00482677 0.00620974 0.00762885 0.00892751 0.00996509 0.0106344 0.0108828 0.0107204 0.0102122 0.0094565 0.0085592 0.00761116 0.00667611 0.0057894 0.00496461 0.00420358 0.00350493
 1.00981e-16 3.07365e-05 0.000180388 0.000857462 0.00330124 0.0102946 0.0260034 0.0532071 0.0881994 0.118458 0.128927 0.113774 0.0815553 0.0478217 0.0236291 0.0111223 0.00698357 0.00728501 0.0095962 0.0127968 0.0163397 0.0198029 0.0227636 0.0248315 0.0257282 0.0253518 0.0238011 0.021344 0.018348 0.0151925 0.0121932 0.00955851 0.00738177 0.00566243 0.00434149 0.00333659
 1.01873e-16 2.82267e-05 0.000165654 0.000787412 0.00303153 0.00945349 0.0238789 0.0488602 0.0809944 0.108783 0.118403 0.1045 0.0749359 0.0439987 0.0218506 0.0104744 0.00683954 0.00735557 0.00980549 0.01317 0.0169476 0.0207406 0.024139 0.0267516 0.028282 0.0285916 0.0277252 0.0258874 0.0233812 0.0205327 0.0176246 0.0148581 0.0123457 0.0101285 0.0082028 0.00654603
 1.0178e-16 3.30269e-05 0.000193843 0.000921448 0.00354763 0.011063 0.0279442 0.0571774 0.0947774 0.127282 0.138505 0.122163 0.0874315 0.0509912 0.0246832 0.0107657 0.00563025 0.00503011 0.00636414 0.00849068 0.010942 0.0134336 0.0157019 0.0174991 0.0186357 0.019019 0.018669 0.0177033 0.0163001 0.014651 0.0129216 0.0112287 0.00963814 0.00817566 0.00684466 0.00564115
 1.02083e-16 2.72236e-05 0.000159761 0.00075939 0.00292362 0.00911699 0.023029 0.0471215 0.0781134 0.104917 0.114206 0.10082 0.0723505 0.0425877 0.0213479 0.0105613 0.00732176 0.00817641 0.0109828 0.0147339 0.0189 0.0230335 0.0266678 0.0293631 0.0307961 0.0308323 0.0295532 0.0272244 0.0242214 0.0209368 0.0177005 0.0147347 0.0121468 0.00995251 0.00811263 0.00656787
 1.06989e-16 3.23164e-06 1.88787e-05 8.95569e-05 0.000344491 0.00107398 0.00271343 0.00555674 0.00922886 0.0124484 0.0136896 0.0124161 0.00963208 0.00712517 0.0062741 0.00757526 0.010961 0.0162357 0.0232076 0.031586 0.0408583 0.0502636 0.0588813 0.0657986 0.0703032 0.0720328 0.0710352 0.0677172 0.0627106 0.0567041 0.0502998 0.0439326 0.037859 0.0321973 0.0269868 0.0222394
pSPR Fmed_Fpbrs
0.534428   0.350877 0.350877
Fs Fmed_Fpbrs
0.467764   1.005 1.005
SSBpbr Bo_Bmed_Bpbrs
937086  453951  281947 281947
Ro
25848.3
SPR SPRFo_SPRFmed_SPRFpbrs
530867 283710 186269
log_Ro
9.98
likeval ReclasPelacesDesembMPH_pf_preclas_ppelaces_ptallas_desvR_qrecl_qpela
 90.1462 78.6635 0.0726683 0.000180907 339.323 192.973 81.4836 0 34.6978 1.25098e-05 0 0 0 0 0
q_reclas_q_pelaces
0.605806 1
M
0.7
N
 12181.7 37820.4 17999.9 2410.21 0.170129
 20597.7 5903.55 15851.4 7544.18 1010.24
 3024.8 9791.01 2163.04 5807.91 3134.32
 18183.1 1284.13 1634.32 361.057 1492.64
 55533.8 8345.19 368.619 469.143 532.117
 21300.1 27226.4 3791.04 167.456 454.851
 56750.1 9656.37 7175.24 999.089 164.003
 73061.5 26072.2 2791.61 2074.33 336.245
 104525 31701.3 5065.09 542.332 468.307
 204360 45782.2 6575.4 1050.59 209.624
 58072.6 95122.9 14495.3 2081.86 399
 27870.9 26711.2 27725.2 4224.89 723.09
 51613.4 12884.8 8065.13 8371.31 1493.99
 22385.3 22496.2 2582.88 1616.73 1977.59
 14711.9 8942.68 2460.11 282.455 393.064
 15642.4 5754.8 844.738 232.386 63.8105
 10712.7 7004.9 1392.44 204.394 71.6682
 10633.1 4918.43 2015.87 400.716 79.4452
 9116.75 4967.6 1597.59 654.787 155.964
 28541.3 4266.31 1632.42 524.99 266.424
 32110.7 13180.5 1278.59 489.227 237.182
 34589.7 15565.4 5533.69 536.799 304.974
 65435.5 16663.9 6260.31 2225.62 338.557
 56435.6 31247.8 6304.13 2368.35 970.058
 2704.21 27004.4 11988.3 2418.59 1280.79
pred_Ctot
 211.34 4284.47 2039.11 273.039 0.019273
 635.226 1132.68 3041.32 1447.46 193.83
 318.486 4967.34 1097.39 2946.57 1590.15
 995.468 402.036 511.673 113.04 467.317
 508.456 513.943 22.7016 28.8924 32.7707
 1340.79 9526.04 1326.42 58.5898 159.144
 3068.13 2992.61 2223.68 309.628 50.826
 6684.56 12032.4 1288.34 957.313 155.178
 8932.23 13944.8 2228.04 238.561 205.999
 9244.18 12243.9 1758.51 280.967 56.0614
 3093.81 29129.3 4438.86 637.526 122.185
 1389.53 7746.76 8040.84 1225.3 209.71
 4573.34 5814.84 3639.76 3777.94 674.23
 3187.41 13698.8 1572.81 984.492 1204.23
 2277.11 5695.57 1566.84 179.895 250.341
 1111.47 2210.35 324.453 89.2565 24.5088
 583.89 2185.21 434.379 63.7619 22.3573
 454.382 1253.61 513.805 102.135 20.249
 379.193 1237.34 397.931 163.096 38.8479
 1443.62 1252.11 479.095 154.078 78.192
 551.546 1479.22 143.493 54.9049 26.6184
 744.039 2153.77 765.691 74.2763 42.1989
 1809.26 2899.31 1089.22 387.231 58.9047
 1481.32 5187.09 1046.48 393.142 161.028
 85.4988 5297.09 2351.58 474.423 251.234
F
 0.0243846 0.16959 0.16959 0.16959 0.16959
 0.0437161 0.304037 0.304037 0.304037 0.304037
 0.15676 1.09024 1.09024 1.09024 1.09024
 0.0788052 0.548076 0.548076 0.548076 0.548076
 0.0128033 0.0890449 0.0890449 0.0890449 0.0890449
 0.0910954 0.633552 0.633552 0.633552 0.633552
 0.0777875 0.540998 0.540998 0.540998 0.540998
 0.134942 0.938498 0.938498 0.938498 0.938498
 0.125528 0.873023 0.873023 0.873023 0.873023
 0.0647137 0.450072 0.450072 0.450072 0.450072
 0.0766129 0.532829 0.532829 0.532829 0.532829
 0.0715377 0.497531 0.497531 0.497531 0.497531
 0.130434 0.907143 0.907143 0.907143 0.907143
 0.217567 1.51314 1.51314 1.51314 1.51314
 0.238621 1.65956 1.65956 1.65956 1.65956
 0.103378 0.718975 0.718975 0.718975 0.718975
 0.0784435 0.54556 0.54556 0.54556 0.54556
 0.0610361 0.424495 0.424495 0.424495 0.424495
 0.0593649 0.412872 0.412872 0.412872 0.412872
 0.0726106 0.504994 0.504994 0.504994 0.504994
 0.0241395 0.167886 0.167886 0.167886 0.167886
 0.0303127 0.21082 0.21082 0.21082 0.21082
 0.039115 0.272038 0.272038 0.272038 0.272038
 0.0370994 0.258019 0.258019 0.258019 0.258019
 0.0448401 0.311855 0.311855 0.311855 0.311855
nmprior
 10.6 11 7 0
nm_flota  nm_reclas  nm_pelaces    nm_pelaL
inf 30.303 22.279 56.5281
cv_recla  cv_pelaces  cv_mph
0.858813 1.00568 0.436381
 ------------------------------------------------
Talla a la edad & desviación 
 7.2 14.2025 17.0495 18.207 18.6776
 1.08 2.13037 2.55742 2.73105 2.80164
