years
 1997 1998 1999 2000 2001 2002 2003 2004 2005 2006 2007 2008 2009 2010 2011 2012 2013 2014 2015 2016 2017 2018 2019 2020 2021
reclasobs
 0 0 0 370054 412103 1.49427e+06 250295 1.28982e+06 931140 785840 897777 1.04006e+06 184774 17550 25797 100020 73551 82996 120727 218422 84188 347160 605670 569463 516374
reclaspred
 3.01596e+06 571358 1.55211e+06 837685 809767 984037 2.31901e+06 1.60522e+06 1.70972e+06 1.66166e+06 1.29696e+06 801432 522291 284490 186734 173712 200179 279580 293565 404849 681249 659478 1.13327e+06 1.51673e+06 2.10758e+06
pelacesobs
 0 0 0 0 0 0 0 0 0 2.06254e+06 1.5e+06 0 1.87456e+06 323000 250000 174000 83755 137374 0 501740 490994 745055 786931 1.00524e+06 1.33801e+06
pelacespred
 1.73539e+06 671122 571417 626815 510906 494166 1.22963e+06 1.13495e+06 1.01996e+06 1.03158e+06 693820 441682 289363 132931 85141.8 88105.9 105009 145611 162557 215305 386844 401677 521793 815593 1.16847e+06
mphobs
 0 0 0 0 0 112323 0 153150 637223 0 255016 313432 73983 77613 109348 50772 0 0 0 0 0 0 0 0 0
mphpred
 2.21362e+06 1.1264e+06 907307 969014 696626 842459 1.33998e+06 1.88879e+06 1.43138e+06 1.55491e+06 1.4361e+06 835896 544823 350943 178993 148535 159032 214815 263300 286486 497441 627203 755912 1.16017e+06 1.65243e+06
desembarqueobs
 350755 77701 442110 56441 14545 235359 269955 359681 431902 328805 639364 411747 362871 311530 167758 66681 60226 58785 57116 73181 50977 67692 138656 160484 209506
desembarquepred
 351256 77976.4 441706 56397.1 14548.3 235264 269894 359153 430955 328704 637430 411989 363035 310394 167436 66783.9 60107.9 58649.2 57067.9 72984.1 50906.6 67457.3 138507 160211 208261
Reclutas
 71932.8 73685.9 35121.4 38996.9 73486.2 73705.7 166386 73622.6 156880 143088 29110.7 51582.9 63836.6 25958.2 18848.8 18212.8 16891.1 18421 16753.5 44498.2 54490.1 57469.3 121775 137673 119409
log_desv_Rt
 0.303488 0.327567 -0.413433 -0.308762 0.324852 0.327835 1.14207 0.326708 1.08324 0.991215 -0.601138 -0.0290548 0.184082 -0.715759 -1.03579 -1.07012 -1.14546 -1.05875 -1.15364 -0.176797 0.025774 0.0790068 0.829934 0.952634 0.810306
SSB
 2.21362e+06 1.1264e+06 907307 969014 696626 842459 1.33998e+06 1.88879e+06 1.43138e+06 1.55491e+06 1.4361e+06 835896 544823 350943 178993 148535 159032 214815 263300 286486 497441 627203 755912 1.16017e+06 1.65243e+06
BT
 4.48368e+06 1.40214e+06 1.51104e+06 1.29533e+06 1.12015e+06 1.16961e+06 3.49222e+06 2.69174e+06 2.83498e+06 2.57582e+06 1.90421e+06 1.32298e+06 1.02888e+06 568644 340469 248779 291742 374511 380590 576782 951319 862627 1.23202e+06 1.91735e+06 2.73822e+06
Ftot
 0.113384 0.132723 0.273969 0.0657252 0.0175886 0.230969 0.113388 0.216365 0.243633 0.191728 0.465322 0.486873 0.650892 0.982245 0.825467 0.368093 0.289304 0.203185 0.188357 0.175037 0.0729453 0.0996705 0.11898 0.102929 0.0963169
BD_Bspro_t
 0.983065 0.891697 0.820055 0.693225 0.738022 0.818747 0.786595 0.812796 0.73882 0.714393 0.673217 0.476635 0.382883 0.318528 0.206517 0.203765 0.277237 0.426591 0.536986 0.6171 0.75143 0.830816 0.835154 0.847978 0.858283
BD_Bspro
 2.02967 1.0328 0.83191 0.88849 0.638737 0.772451 1.22863 1.73183 1.31243 1.4257 1.31676 0.766433 0.499549 0.321779 0.164119 0.136192 0.145816 0.196964 0.24142 0.262679 0.456104 0.575083 0.693096 1.06376 1.51511
BD_Bo
 1.61606 0.822333 0.662384 0.707433 0.508575 0.615041 0.978256 1.37892 1.04498 1.13517 1.04843 0.61025 0.397751 0.256207 0.130675 0.108439 0.116102 0.156827 0.192223 0.20915 0.363159 0.457893 0.551857 0.846985 1.20636
BD_Brms
 7.86016 3.99964 3.22168 3.44079 2.47359 2.99142 4.75801 6.70673 5.08256 5.5212 5.09932 2.96811 1.93457 1.24613 0.635571 0.527421 0.564692 0.76277 0.934929 1.01726 1.76632 2.22708 2.6841 4.11954 5.86747
S_f
 0.5 1 1 1 1
 0.5 1 1 1 1
 0.5 1 1 1 1
 0.5 1 1 1 1
 0.5 1 1 1 1
 0.5 1 1 1 1
 0.5 1 1 1 1
 0.5 1 1 1 1
 0.5 1 1 1 1
 0.5 1 1 1 1
 0.5 1 1 1 1
 0.5 1 1 1 1
 0.5 1 1 1 1
 0.5 1 1 1 1
 0.5 1 1 1 1
 0.5 1 1 1 1
 0.5 1 1 1 1
 0.5 1 1 1 1
 0.5 1 1 1 1
 0.5 1 1 1 1
 0.5 1 1 1 1
 0.5 1 1 1 1
 0.5 1 1 1 1
 0.5 1 1 1 1
 0.5 1 1 1 1
Scru_reclas
 0.5 1 1 1 1
 0.5 1 1 1 1
 0.5 1 1 1 1
 0.5 1 1 1 1
 0.5 1 1 1 1
 0.5 1 1 1 1
 0.5 1 1 1 1
 0.5 1 1 1 1
 0.5 1 1 1 1
 0.5 1 1 1 1
 0.5 1 1 1 1
 0.5 1 1 1 1
 0.5 1 1 1 1
 0.5 1 1 1 1
 0.5 1 1 1 1
 0.5 1 1 1 1
 0.5 1 1 1 1
 0.5 1 1 1 1
 0.5 1 1 1 1
 0.5 1 1 1 1
 0.5 1 1 1 1
 0.5 1 1 1 1
 0.5 1 1 1 1
 0.5 1 1 1 1
 0.5 1 1 1 1
Scru_pelaces
 0.5 1 1 1 1
 0.5 1 1 1 1
 0.5 1 1 1 1
 0.5 1 1 1 1
 0.5 1 1 1 1
 0.5 1 1 1 1
 0.5 1 1 1 1
 0.5 1 1 1 1
 0.5 1 1 1 1
 0.5 1 1 1 1
 0.5 1 1 1 1
 0.5 1 1 1 1
 0.5 1 1 1 1
 0.5 1 1 1 1
 0.5 1 1 1 1
 0.5 1 1 1 1
 0.5 1 1 1 1
 0.5 1 1 1 1
 0.5 1 1 1 1
 0.5 1 1 1 1
 0.5 1 1 1 1
 0.5 1 1 1 1
 0.5 1 1 1 1
 0.5 1 1 1 1
 0.5 1 1 1 1
pf_obs 
 0.256992 0.487395 0.22802 0.0275931 0
 0.321318 0.546541 0.124235 0.00734118 0.000564706
 0.182869 0.594174 0.210203 0.0122559 0.00049798
 0.330522 0.361315 0.267642 0.0388342 0.00168674
 0.649043 0.306663 0.0425973 0.00169635 0
 0.582887 0.30429 0.105238 0.00758474 0
 0.465427 0.430635 0.0974691 0.00646863 0
 0.296916 0.608066 0.0921331 0.00288517 0
 0.311714 0.524322 0.152257 0.0117073 0
 0.15457 0.633149 0.183074 0.0267441 0.00246327
 0.131901 0.49318 0.331252 0.0422183 0.00144891
 0.196976 0.569456 0.194076 0.0375587 0.00193317
 0.518974 0.381816 0.0799577 0.0180837 0.00116848
 0.0928022 0.601141 0.25162 0.0475244 0.00691264
 0.122501 0.610282 0.24278 0.0234846 0.000952079
 0.383417 0.481906 0.127806 0.00687128 0
 0.0376549 0.599619 0.316969 0.0457579 0
 0.0361596 0.667082 0.258105 0.0386534 0
 0.158088 0.579412 0.248529 0.0139706 0
 0.0477256 0.309471 0.559284 0.082774 0.000745712
 0.0406174 0.521527 0.379366 0.0568643 0.0016247
 0.151134 0.462217 0.34131 0.0453401 0
 0.294876 0.26143 0.354403 0.0886775 0.000613685
 0.281977 0.475581 0.204845 0.0348837 0.00271318
 0.0354234 0.537034 0.353287 0.0723622 0.0018943
pf_pred 
 0.370208 0.317047 0.157441 0.0781827 0.0771221
 0.381193 0.339297 0.140709 0.0698742 0.0689263
 0.23378 0.430037 0.184332 0.0764441 0.075407
 0.340904 0.262092 0.222816 0.0955087 0.0786791
 0.502473 0.255273 0.0963334 0.0818975 0.0640237
 0.417637 0.390153 0.0986194 0.0372164 0.0563737
 0.612745 0.234323 0.102457 0.0258981 0.0245774
 0.274402 0.55557 0.102882 0.0449846 0.0221617
 0.528927 0.210024 0.199878 0.0370139 0.0241573
 0.433047 0.400586 0.074173 0.0705897 0.0216035
 0.132895 0.535306 0.234436 0.0434083 0.0539543
 0.39291 0.157822 0.277355 0.121467 0.0504459
 0.5205 0.287183 0.0499957 0.0878619 0.0544593
 0.331727 0.484497 0.110067 0.0191617 0.0545469
 0.44616 0.317491 0.171352 0.0389276 0.0260685
 0.517086 0.325597 0.0901829 0.0486724 0.0184621
 0.456748 0.382659 0.108277 0.0299902 0.0223255
 0.461433 0.34809 0.134169 0.0379643 0.0183431
 0.405017 0.383678 0.136572 0.052641 0.0220921
 0.642737 0.210629 0.0945577 0.0336584 0.018418
 0.51956 0.379964 0.0592366 0.0265931 0.0146458
 0.436515 0.387817 0.13893 0.0216593 0.0150786
 0.585747 0.254525 0.109932 0.0393816 0.0104138
 0.479355 0.387985 0.081509 0.0352045 0.0159464
 0.380683 0.405437 0.159383 0.0334837 0.0210127
pobs_RECLAS
 0 0 0 0 0
 0 0 0 0 0
 0 0 0 0 0
 0 0 0 0 0
 0.835266 0.146461 0.0176864 0.000547809 3.91292e-05
 0.385257 0.428462 0.181853 0.0044286 0
 0.867414 0.0963971 0.0333333 0.00285562 0
 0.441836 0.489002 0.0689373 0.000224442 0
 0.779404 0.147425 0.0564933 0.0165055 0.000172143
 0.814271 0.122319 0.05973 0.00367925 0
 0.40263 0.566651 0.0304383 0.000280538 0
 0.475488 0.404961 0.113038 0.00651328 0
 0.955842 0.0263864 0.0167828 0.000988607 0
 0.975058 0.0227948 0.00214734 0 0
 0.738997 0.206755 0.0527124 0.00153531 0
 0.850938 0.134255 0.0134407 0.00136685 0
 0.542534 0.407297 0.0501686 0 0
 0.764087 0.199537 0.0359546 0.000420521 0
 0.470689 0.182191 0.310203 0.0369168 0
 0.84361 0.089868 0.0606195 0.00523954 0.000663233
 0.607945 0.314616 0.071237 0.00620181 0
 0.523733 0.453247 0.0230204 0 0
 0.530135 0.295979 0.169645 0.0042399 0
 0.562478 0.366248 0.0663022 0.0049721 0
 0.250443 0.683176 0.0655157 0.000865301 0
ppred_RECLAS
 0.371064 0.316615 0.157227 0.0780764 0.0770172
 0.382225 0.338731 0.140475 0.0697576 0.0688113
 0.235612 0.429009 0.183892 0.0762613 0.0752268
 0.341361 0.26191 0.222662 0.0954425 0.0786246
 0.502602 0.255206 0.0963083 0.0818762 0.0640071
 0.419657 0.3888 0.0982774 0.0370874 0.0561782
 0.613615 0.233796 0.102226 0.0258398 0.0245221
 0.275933 0.554397 0.102665 0.0448897 0.022115
 0.53113 0.209042 0.198943 0.0368408 0.0240443
 0.434684 0.39943 0.073959 0.070386 0.0215411
 0.135214 0.533875 0.233809 0.0432923 0.0538101
 0.397979 0.156504 0.275039 0.120452 0.0500247
 0.528351 0.282481 0.0491772 0.0864234 0.0535677
 0.344441 0.47528 0.107973 0.0187971 0.0535091
 0.457076 0.311234 0.167975 0.0381603 0.0255547
 0.520764 0.323117 0.0894959 0.0483016 0.0183214
 0.459454 0.380753 0.107737 0.0298408 0.0222143
 0.463205 0.346945 0.133728 0.0378394 0.0182827
 0.40659 0.382663 0.136211 0.0525018 0.0220337
 0.644112 0.209818 0.0941938 0.0335289 0.0183471
 0.520128 0.379516 0.0591666 0.0265617 0.0146285
 0.437299 0.387277 0.138737 0.0216291 0.0150576
 0.586687 0.253948 0.109683 0.0392923 0.0103902
 0.480179 0.387371 0.0813801 0.0351488 0.0159212
 0.381407 0.404964 0.159197 0.0334446 0.0209881
pobs_PELACES
 0 0 0 0 0
 0 0 0 0 0
 0 0 0 0 0
 0 0 0 0 0
 0 0 0 0 0
 0 0 0 0 0
 0 0 0 0 0
 0 0 0 0 0
 0 0 0 0 0
 0 0 0 0 0
 0.450072 0.473896 0.0757376 0.000293798 0
 0 0 0 0 0
 0.463077 0.371075 0.160297 0.00555027 0
 0.529543 0.364841 0.0842815 0.0213345 0
 0.631943 0.363953 0.00410389 0 0
 0.735681 0.248677 0.0153453 0.000297389 0
 0.695825 0.281241 0.0229344 0 0
 0.275771 0.60734 0.115278 0.00161068 0
 0 0 0 0 0
 0.896147 0.0623911 0.0374545 0.00400742 0
 0.803859 0.145111 0.0509908 3.86294e-05 0
 0.739449 0.233085 0.0266225 0.000797448 4.60066e-05
 0.878498 0.100942 0.0204185 0.000141795 0
 0.694673 0.275183 0.0284847 0.00165964 0
 0.469039 0.446079 0.0841089 0.000773354 0
ppred_PELACES
 0.375441 0.314412 0.156133 0.0775331 0.0764813
 0.38741 0.335889 0.139296 0.0691722 0.0682338
 0.24385 0.424385 0.18191 0.0754394 0.074416
 0.343803 0.260939 0.221836 0.0950885 0.078333
 0.503328 0.254834 0.0961678 0.0817568 0.0639137
 0.428966 0.382564 0.096701 0.0364925 0.0552771
 0.618042 0.231118 0.101055 0.0255438 0.0242412
 0.283123 0.548892 0.101645 0.044444 0.0218954
 0.541127 0.204585 0.194701 0.0360553 0.0235316
 0.442473 0.393927 0.0729399 0.0694162 0.0212443
 0.144445 0.528176 0.231313 0.0428301 0.0532356
 0.417375 0.151462 0.266178 0.116572 0.048413
 0.555007 0.266516 0.0463978 0.081539 0.0505402
 0.381899 0.448122 0.101804 0.0177231 0.0504516
 0.491022 0.291774 0.157473 0.0357744 0.023957
 0.535898 0.312913 0.0866697 0.0467763 0.0177428
 0.47133 0.372388 0.10537 0.0291852 0.0217262
 0.471551 0.341551 0.131649 0.0372511 0.0179985
 0.41411 0.377814 0.134485 0.0518365 0.0217544
 0.650705 0.205931 0.0924489 0.0329078 0.0180073
 0.523131 0.37714 0.0587963 0.0263955 0.014537
 0.44135 0.384489 0.137738 0.0214734 0.0149492
 0.591439 0.251028 0.108421 0.0388405 0.0102708
 0.484419 0.384211 0.0807162 0.0348621 0.0157913
 0.385163 0.402504 0.15823 0.0332415 0.0208607
pobs_pel_tallas
 0 0 0 0 0 0 0 0 0 0 0 0 0 0 0 0 0 0 0 0 0 0 0 0 0 0 0 0 0 0 0 0 0 0 0 0
 0 0 0 0 0 0 0 0 0 0 0 0 0 0 0 0 0 0 0 0 0 0 0 0 0 0 0 0 0 0 0 0 0 0 0 0
 0 0 0 0 0 0 0 0 0 0 0 0 0 0 0 0 0 0 0 0 0 0 0 0 0 0 0 0 0 0 0 0 0 0 0 0
 0 0 0 0 0 0 0 0 0 0 0 0 0 0 0 0 0 0 0 0 0 0 0 0 0 0 0 0 0 0 0 0 0 0 0 0
 0 0 0 0 0 0 0 0 0 0 0 0 0 0 0 0 0 0 0 0 0 0 0 0 0 0 0 0 0 0 0 0 0 0 0 0
 0 0 0 0 0 0 0 0 0 0 0 0 0 0 0 0 0 0 0 0 0 0 0 0 0 0 0 0 0 0 0 0 0 0 0 0
 0 0 0 0 0 0 0 0 0 0 0 0 0 0 0 0 0 0 0 0 0 0 0 0 0 0 0 0 0 0 0 0 0 0 0 0
 0 0 0 0 0 0 0 0 0 0 0 0 0 0 0 0 0 0 0 0 0 0 0 0 0 0 0 0 0 0 0 0 0 0 0 0
 0 0 0 0 0 0 0 0 0 0 0 0 0 0 0 0 0 0 0 0 0 0 0 0 0 0 0 0 0 0 0 0 0 0 0 0
 0 0 0 0 0 0 0 0 0 0 0 0 0 0 0 0 0 0 0 0 0 0 0 0 0 0 0 0 0 0 0 0 0 0 0 0
 0 0 0 0 0 0 0 0 1.78061e-05 0.00172719 0.00360574 0.0105946 0.0120993 0.0124554 0.0147524 0.0171206 0.0266825 0.0428682 0.0675386 0.121331 0.153587 0.119568 0.100827 0.0573624 0.0630603 0.0341343 0.0324427 0.0444173 0.0211091 0.0280891 0.0125444 0.00206551 0 0 0 0
 0 0 0 0 0 0 0 0 0 0 0 0 0 0 0 0 0 0 0 0 0 0 0 0 0 0 0 0 0 0 0 0 0 0 0 0
 0 0 0 0 0 0 0.0133647 0.0140871 0.0187388 0.0205184 0.03894 0.0496705 0.03968 0.0493445 0.0407372 0.0367815 0.0215668 0.0243155 0.0234873 0.0199281 0.019796 0.0243948 0.0301388 0.0376714 0.0412746 0.0863199 0.0771752 0.113111 0.0741005 0.0525337 0.0229764 0.00759418 0.00175318 0 0 0
 0 0 0 0 0 0 0 0 0 0 0.00219441 0.00772107 0.0458388 0.0604681 0.0671733 0.0775358 0.0609151 0.0617685 0.073594 0.0568108 0.0755445 0.0548602 0.0670107 0.0636378 0.0643287 0.046367 0.0373049 0.0286899 0.0247887 0.0153202 0.00654259 0.00121912 0.000365735 0 0 0
 0 0 0 0 0 0 0 0 0 0 0 0 0.000112435 0.00938835 0.0111873 0.0202946 0.0414886 0.0713402 0.111592 0.104902 0.108894 0.110636 0.117776 0.105296 0.107544 0.0401394 0.0192827 0.0124803 0.00416011 0.0028671 0.000618394 0 0 0 0 0
 0 0 0 0 0 0 0 0 0 0 0.00291406 0.0102884 0.027416 0.0768956 0.0749926 0.110853 0.0956884 0.0897413 0.0766577 0.0534642 0.0500743 0.0551293 0.0594112 0.0620874 0.0668451 0.0424026 0.0208742 0.0120726 0.0048766 0.00582813 0.00118941 0.000297354 0 0 0 0
 0 0.00264628 0.0354308 0.0461629 0.0458689 0.0383711 0.0214643 0.0164657 0.0346957 0.0420465 0.0363128 0.0245516 0.0311673 0.0291091 0.0169068 0.0133784 0.00837989 0.0085269 0.0148486 0.0160247 0.0276389 0.0546898 0.0760071 0.122758 0.109233 0.0665981 0.0333725 0.0166128 0.00676272 0.00308733 0.000882094 0 0 0 0 0
 0 0 0 0 0 0 0 0.000805153 0.000690131 0.00759144 0.0133425 0.0154129 0.00931677 0.000345066 0.00356568 0.00563607 0.00851162 0.0253048 0.0502646 0.0516448 0.0657925 0.0565908 0.0611916 0.0827007 0.0866115 0.110766 0.145733 0.0935128 0.0569358 0.0249597 0.0138026 0.00621118 0.00161031 0.00115022 0 0
 0 0 0 0 0 0 0 0 0 0 0 0 0 0 0 0 0 0 0 0 0 0 0 0 0 0 0 0 0 0 0 0 0 0 0 0
 0.00147267 0.00158595 0.00478618 0.00569244 0.00954404 0.0108468 0.00647125 0.017049 0.0510054 0.094081 0.124002 0.0959785 0.0687766 0.0820023 0.061753 0.0591476 0.0492212 0.0479892 0.0443925 0.0268479 0.0217502 0.0140895 0.0121071 0.0120363 0.00920419 0.00665534 0.0049561 0.00860946 0.00930331 0.0156896 0.0114698 0.00855282 0.00243557 0.00046729 0 2.83206e-05
 0 0 0 0 0.000772559 0.00158375 0.000888443 0.00281984 0.00712685 0.0440552 0.0773331 0.111326 0.0921469 0.0852325 0.0710754 0.0886704 0.0786465 0.0553345 0.0373146 0.0185414 0.00753245 0.00457741 0.012979 0.0271748 0.0457355 0.0583668 0.034881 0.0177882 0.00938659 0.00492506 0.0015258 0.00185414 0.000309023 5.79419e-05 3.86279e-05 0
 0 0.00173294 0.00326652 0 0.00397197 0.00683976 0.00946217 0.0152591 0.00757587 0.0136028 0.0228656 0.0392903 0.0559909 0.0764795 0.0681675 0.0726916 0.0566044 0.0477403 0.0527397 0.0444891 0.0609904 0.0582453 0.0661739 0.0445044 0.0529084 0.0360697 0.0280645 0.0235558 0.0158879 0.00826598 0.00280645 0.00217768 0.000904811 0.00058276 9.20147e-05 0
 0 0 0 0 0 0 0 0 0 0 0 0 0 0 0 0 0 0 0 0 0 0 0 0 0 0 0 0 0 0 0 0 0 0 0 0
 0 0 0 0 0 0 0 0 0 0 0 0 0 0 0 0 0 0 0 0 0 0 0 0 0 0 0 0 0 0 0 0 0 0 0 0
 0 0 0 0 0 0 0 0 0 0 0 0 0 0 0 0 0 0 0 0 0 0 0 0 0 0 0 0 0 0 0 0 0 0 0 0
ppred_pel_tallas
 1.08557e-16 1.63965e-05 9.6194e-05 0.00045718 0.00176003 0.00548836 0.0138634 0.0283683 0.0470311 0.0631841 0.0688167 0.0608435 0.0438645 0.0262284 0.013909 0.00814902 0.0072866 0.00932043 0.0130059 0.0177272 0.0230872 0.0286695 0.0339961 0.0385896 0.0420655 0.0442065 0.0449926 0.0445733 0.0432005 0.041147 0.0386408 0.0358348 0.0328121 0.0296156 0.0262826 0.0228701
 1.07652e-16 1.69192e-05 9.9261e-05 0.000471757 0.00181615 0.00566336 0.0143055 0.0292729 0.0485311 0.0652 0.0710139 0.0627904 0.0452771 0.0270908 0.0143975 0.00848147 0.00762754 0.00976736 0.0136084 0.0185009 0.0240148 0.0296963 0.035029 0.0395035 0.0427185 0.044462 0.0447428 0.0437583 0.0418194 0.0392573 0.0363484 0.0332761 0.0301347 0.0269593 0.0237659 0.0205815
 1.0879e-16 1.0663e-05 6.25233e-05 0.000297083 0.00114358 0.00356595 0.00900771 0.018434 0.0305682 0.0410879 0.0448057 0.0397454 0.0289393 0.0178761 0.010525 0.00779969 0.00872818 0.0120925 0.0171063 0.0232994 0.0302334 0.0373567 0.0440171 0.0495672 0.0534973 0.055539 0.0557055 0.054253 0.051585 0.0481341 0.044266 0.0402292 0.0361574 0.032105 0.0280962 0.0241624
 1.10162e-16 1.50149e-05 8.80876e-05 0.000418651 0.0016117 0.00502582 0.012695 0.0259773 0.0430667 0.0578567 0.0630107 0.0557017 0.0401395 0.0239656 0.0126474 0.00732098 0.00646739 0.00826501 0.0115972 0.0159374 0.0209722 0.026377 0.0317664 0.0367353 0.0409302 0.0441084 0.0461648 0.0471177 0.0470657 0.0461357 0.0444439 0.0420819 0.0391271 0.0356639 0.0318048 0.0276971
 1.07244e-16 2.19704e-05 0.000128924 0.000612793 0.0023592 0.00735687 0.018583 0.0380245 0.0630345 0.0846674 0.0921715 0.0813889 0.058451 0.0344971 0.0174642 0.00893127 0.00657964 0.00765211 0.0104485 0.0141799 0.0184337 0.0228513 0.0270445 0.030633 0.0333163 0.0349334 0.0354845 0.0351064 0.0340144 0.0324339 0.0305455 0.0284602 0.0262259 0.0238547 0.0213547 0.0187543
 1.05335e-16 1.87331e-05 0.000109906 0.000522355 0.00201095 0.00627082 0.0158399 0.0324129 0.0537367 0.0721936 0.0786312 0.0695253 0.050133 0.0299941 0.0159341 0.00937015 0.00839438 0.0107019 0.0148392 0.0200571 0.0258434 0.0316588 0.0369009 0.0409907 0.0434938 0.0442155 0.0432359 0.0408686 0.037565 0.0337959 0.029952 0.0262897 0.0229281 0.0198821 0.0171127 0.0145704
 1.03521e-16 2.69717e-05 0.000158287 0.000752395 0.00289671 0.00903308 0.0228169 0.0466872 0.0773922 0.103944 0.113135 0.0998487 0.0715957 0.0420279 0.0208549 0.00997166 0.00648386 0.00696555 0.00930738 0.0125497 0.0162323 0.0199974 0.0234743 0.0263043 0.028208 0.0290417 0.0288208 0.0276985 0.025914 0.023726 0.0213582 0.0189685 0.0166474 0.0144344 0.0123432 0.010382
 1.04172e-16 1.23805e-05 7.2595e-05 0.00034494 0.0013278 0.0041404 0.0104589 0.0214041 0.0354945 0.0477127 0.0520386 0.0461817 0.0336692 0.0208823 0.0124394 0.00940837 0.0106601 0.0147639 0.0207654 0.0280477 0.0360016 0.043868 0.0507746 0.055887 0.0585919 0.0586375 0.0561841 0.0517435 0.0460354 0.0398094 0.0336933 0.0281056 0.0232444 0.0191314 0.015684 0.0127834
 1.05169e-16 2.3617e-05 0.000138594 0.000658777 0.00253626 0.00790904 0.0199777 0.0408778 0.0677625 0.0910123 0.0990636 0.0874389 0.0627179 0.036859 0.0183725 0.0089301 0.00601543 0.00665136 0.00901739 0.0123011 0.016125 0.0201928 0.0241827 0.0277626 0.0306452 0.0326368 0.0336617 0.0337534 0.0330221 0.0316118 0.0296662 0.0273107 0.0246533 0.0217936 0.0188344 0.0158838
 1.04542e-16 1.93225e-05 0.000113365 0.000538799 0.00207426 0.00646825 0.0163386 0.0334333 0.0554284 0.0744659 0.0811053 0.0717108 0.0517042 0.0309244 0.0164098 0.00961933 0.00858107 0.0109125 0.0151085 0.0203901 0.026223 0.0320471 0.0372396 0.0412062 0.0435066 0.0439527 0.0426443 0.0399251 0.0362809 0.0322156 0.0281455 0.0243422 0.020928 0.0179114 0.0152396 0.0128461
 1.07415e-16 6.33297e-06 3.70919e-05 0.000176157 0.000677943 0.00211386 0.00533998 0.0109304 0.018134 0.0244008 0.0266777 0.0238286 0.0177058 0.0116436 0.00810495 0.00776405 0.0101792 0.0147297 0.0209743 0.0285414 0.036938 0.0454755 0.0533274 0.0596758 0.0638823 0.0656214 0.064934 0.0621802 0.0579183 0.0527538 0.0472116 0.0416647 0.0363277 0.0312943 0.0265932 0.022236
 1.10096e-16 1.82187e-05 0.000106906 0.00050814 0.00195629 0.00610043 0.0154092 0.0315301 0.0522673 0.070202 0.076416 0.0674577 0.0484055 0.0284891 0.0142825 0.00709111 0.00499798 0.00574056 0.00795899 0.0110799 0.0148696 0.0191526 0.0237171 0.0283133 0.0326832 0.0365908 0.0398423 0.0422896 0.0438257 0.0443778 0.0439075 0.0424201 0.0399779 0.0367087 0.032804 0.028502
 1.05909e-16 2.42242e-05 0.000142155 0.000675694 0.00260138 0.0081121 0.0204907 0.0419278 0.0695043 0.0933555 0.101624 0.0897225 0.0644069 0.0379531 0.0191024 0.00958225 0.00681891 0.00775384 0.010495 0.0141595 0.0182866 0.0224855 0.0263438 0.0294689 0.0315661 0.0325016 0.0323238 0.0312332 0.0295142 0.0274551 0.0252827 0.0231301 0.0210415 0.0190018 0.0169752 0.0149378
 1.04558e-16 1.66835e-05 9.78668e-05 0.000465106 0.0017905 0.00558334 0.0141035 0.0288605 0.0478506 0.0642954 0.0700544 0.0620028 0.0448414 0.0270938 0.0148773 0.00950087 0.00931199 0.0122899 0.0171402 0.0231489 0.0297586 0.0363397 0.0421811 0.0466015 0.0490957 0.0494481 0.0477742 0.0444721 0.0401069 0.0352686 0.0304509 0.0259819 0.022017 0.0185756 0.0155989 0.0130043
 1.0468e-16 2.14356e-05 0.00012578 0.000597838 0.0023016 0.00717724 0.0181293 0.0370966 0.0614975 0.0826071 0.0899395 0.079444 0.0571108 0.0338201 0.0173325 0.00920913 0.00720873 0.00865633 0.0118949 0.0161358 0.0209328 0.0258683 0.03048 0.0343108 0.036996 0.0383357 0.0383258 0.0371341 0.0350379 0.0323455 0.0293299 0.0261921 0.0230587 0.0200012 0.0170631 0.0142821
 1.03769e-16 2.33931e-05 0.00013727 0.000652463 0.00251192 0.0078331 0.019786 0.0404863 0.0671165 0.0901534 0.0981519 0.0866889 0.0622991 0.0368517 0.0188084 0.00986206 0.00755201 0.00894131 0.0122024 0.0164566 0.0212025 0.0259788 0.0302868 0.0336485 0.0357035 0.0362863 0.0354565 0.0334656 0.0306807 0.027488 0.0242128 0.0210746 0.0181831 0.0155643 0.0131985 0.0110549
 1.03636e-16 2.05801e-05 0.00012075 0.000573911 0.00220945 0.00688985 0.0174035 0.035612 0.0590391 0.0793125 0.0863729 0.076342 0.0549862 0.0327729 0.0171825 0.00974838 0.00835057 0.0104377 0.0144064 0.0194459 0.0250286 0.0306172 0.035617 0.0394563 0.0417058 0.0421722 0.0409342 0.0383041 0.0347356 0.0307079 0.0266274 0.0227722 0.0192848 0.0162006 0.0134933 0.0111157
 1.04102e-16 2.05886e-05 0.000120802 0.000574165 0.00221044 0.00689294 0.0174113 0.0356277 0.0590642 0.0793439 0.0864005 0.076351 0.0549593 0.0326903 0.0170181 0.00946681 0.00790647 0.00978147 0.0134948 0.0182567 0.0235754 0.0289616 0.0338714 0.0377761 0.0402681 0.041147 0.0404538 0.0384386 0.0354809 0.0319891 0.0283152 0.0247075 0.0213051 0.0181623 0.0152864 0.0126699
 1.0483e-16 1.80853e-05 0.000106103 0.000504274 0.00194133 0.00605373 0.0152915 0.0312909 0.051877 0.0696962 0.0759141 0.0671303 0.0484221 0.029003 0.0154679 0.0091921 0.00834264 0.0107033 0.0148784 0.0201486 0.0260179 0.0319572 0.037369 0.0416719 0.0444193 0.0453943 0.0446466 0.0424561 0.0392432 0.0354574 0.0314828 0.027586 0.0239114 0.0205097 0.0173816 0.0145142
 1.03352e-16 2.83949e-05 0.000166645 0.000792135 0.00304973 0.00951026 0.0240222 0.0491532 0.0814787 0.109429 0.119096 0.105088 0.0753041 0.044108 0.0217071 0.0100786 0.00615791 0.00632475 0.00835572 0.0112537 0.0145663 0.0179661 0.0211221 0.0237145 0.025493 0.0263265 0.0262238 0.025315 0.0238059 0.0219199 0.0198501 0.0177334 0.0156489 0.0136335 0.0117037 0.00987316
 1.02544e-16 2.2839e-05 0.000134011 0.000636956 0.00245219 0.00764682 0.0193155 0.0395242 0.0655235 0.0880198 0.0958448 0.084689 0.0609438 0.0362141 0.0187843 0.0103338 0.008485 0.0103834 0.0142346 0.0191382 0.0245263 0.0298403 0.0344733 0.0378523 0.0395599 0.0394306 0.0375851 0.0343873 0.0303446 0.0259834 0.0217431 0.0179148 0.014633 0.0119063 0.00966813 0.00782471
 1.03517e-16 1.92734e-05 0.000113077 0.00053743 0.00206899 0.00645181 0.0162971 0.0333483 0.0552874 0.0742761 0.0808976 0.071525 0.0515657 0.0308328 0.0163463 0.00956126 0.00851213 0.0108259 0.0150078 0.02029 0.0261509 0.0320417 0.0373468 0.0414694 0.043955 0.0445882 0.0434323 0.0407922 0.0371221 0.0329092 0.0285745 0.0244155 0.0205974 0.0171794 0.0141577 0.0115039
 1.03436e-16 2.58125e-05 0.00015148 0.000720029 0.00277209 0.00864443 0.0218353 0.0446788 0.0740638 0.099477 0.10828 0.0955817 0.0685748 0.0403327 0.0201592 0.00988193 0.00674571 0.00748298 0.0100779 0.013602 0.0175898 0.0216598 0.0254095 0.0284483 0.0304721 0.0313244 0.0310224 0.0297344 0.0277226 0.0252721 0.0226303 0.019974 0.0174061 0.0149737 0.0126945 0.0105782
 1.03207e-16 2.11513e-05 0.000124102 0.000589846 0.0022708 0.00708117 0.0178868 0.0366009 0.0606784 0.0815146 0.0887706 0.0784601 0.0565092 0.0336754 0.0176451 0.00999229 0.00853458 0.0106449 0.0146691 0.0197663 0.0253862 0.03097 0.0359027 0.0395985 0.0416242 0.041797 0.0402202 0.037241 0.033352 0.029068 0.0248211 0.0209014 0.0174484 0.014483 0.0119561 0.00979485
 1.04495e-16 1.68242e-05 9.86964e-05 0.000469058 0.00180573 0.00563085 0.0142234 0.0291056 0.0482557 0.0648359 0.070633 0.0624907 0.0451419 0.0271713 0.0147338 0.00913309 0.00868931 0.0113598 0.0158509 0.021476 0.0277294 0.0340505 0.0397998 0.0443528 0.0472282 0.0481901 0.0472883 0.044821 0.0412408 0.0370355 0.0326276 0.0283169 0.0242729 0.0205633 0.0171974 0.0141639
pSPR Fmed_Fpbrs
0.694859   0.255602 0.255602
Fs Fmed_Fpbrs
0.189934   1.005 1.005
SSBpbr Bo_Bmed_Bpbrs
1.36976e+06  883302  281625 281625
Ro
53103.6
SPR SPRFo_SPRFmed_SPRFpbrs
1.09063e+06 757834 278767
log_Ro
10.7
likeval ReclasPelacesDesembMPH_pf_preclas_ppelaces_ptallas_desvR_qrecl_qpela
 179.22 46.7602 0.615906 0.00113172 349.136 221.071 84.4063 0 18.6487 0 0 0 0 0 0
q_reclas_q_pelaces
1 1
M
0.7
N
 71932.8 31571.2 15677.8 7785.36 7679.74
 73685.9 33752.1 13997.3 6950.83 6856.53
 35121.4 34241.9 14677.5 6086.9 6004.32
 38996.9 15208.1 12929.1 5541.97 4565.42
 73486.2 18739.2 7071.71 6011.99 4699.9
 73705.7 36172.6 9143.39 3450.48 5226.63
 166386 32609.2 14258.2 3604.06 3420.27
 73622.6 78071 14457.4 6321.43 3114.26
 156880 32811.2 31226.1 5782.53 3773.99
 143088 68969.6 12770.5 12153.5 3719.51
 29110.7 64560.1 28273.8 5235.22 6507.1
 51582.9 11455.2 20131.3 8816.41 3661.52
 63836.6 20080.6 3495.83 6143.54 3807.94
 25958.2 22894.1 5201.05 905.453 2577.52
 18848.8 7888.16 4257.3 967.168 647.68
 18212.8 6194.84 1715.83 926.046 351.261
 16891.1 7523.85 2128.94 589.667 438.963
 18421 7258.22 2797.64 791.615 382.481
 16753.5 8263.91 2941.59 1133.82 475.834
 44498.2 7571.78 3399.2 1209.97 662.099
 54490.1 20245.4 3156.27 1416.95 780.365
 57469.3 26089.8 9346.33 1457.1 1014.39
 121775 27151.1 11726.8 4200.96 1110.88
 137673 56979.3 11970.4 5170.12 2341.89
 119409 64936.8 25527.6 5362.91 3365.49
pred_Ctot
 2860.53 2449.76 1216.51 604.103 595.908
 3415.56 3040.17 1260.78 626.087 617.593
 3259.1 5995.1 2569.75 1065.7 1051.24
 908.382 698.377 593.723 254.495 209.651
 462.964 235.201 88.7589 75.4581 58.9897
 5819.87 5436.87 1374.28 518.619 785.58
 6616.87 2530.4 1106.4 279.667 265.405
 5462.99 11060.7 2048.25 895.586 441.212
 13030.8 5174.24 4924.27 911.89 595.149
 9458.93 8749.89 1620.14 1541.87 471.879
 4404.33 17740.8 7769.51 1438.61 1788.12
 8128.59 3265.06 5737.97 2512.92 1043.63
 12993.9 7169.31 1248.11 2193.41 1359.54
 7450.6 10881.8 2472.12 430.372 1225.13
 4693.6 3340 1802.62 409.517 274.24
 2225.29 1401.22 388.105 209.463 79.452
 1649.69 1382.1 391.076 108.319 80.6355
 1287.29 971.09 374.3 105.912 51.1728
 1088.82 1031.46 367.154 141.517 59.3912
 2695.25 883.251 396.518 141.143 77.2341
 1406.48 1028.58 160.356 71.9889 39.6469
 2015 1790.2 641.316 99.9814 69.6044
 5075.43 2205.43 952.545 341.236 90.2345
 4981.38 4031.87 847.028 365.839 165.713
 4048.83 4312.11 1695.15 356.123 223.484
F
 0.0566918 0.113384 0.113384 0.113384 0.113384
 0.0663613 0.132723 0.132723 0.132723 0.132723
 0.136984 0.273969 0.273969 0.273969 0.273969
 0.0328626 0.0657252 0.0657252 0.0657252 0.0657252
 0.0087943 0.0175886 0.0175886 0.0175886 0.0175886
 0.115485 0.230969 0.230969 0.230969 0.230969
 0.0566939 0.113388 0.113388 0.113388 0.113388
 0.108183 0.216365 0.216365 0.216365 0.216365
 0.121817 0.243633 0.243633 0.243633 0.243633
 0.0958642 0.191728 0.191728 0.191728 0.191728
 0.232661 0.465322 0.465322 0.465322 0.465322
 0.243437 0.486873 0.486873 0.486873 0.486873
 0.325446 0.650892 0.650892 0.650892 0.650892
 0.491122 0.982245 0.982245 0.982245 0.982245
 0.412734 0.825467 0.825467 0.825467 0.825467
 0.184046 0.368093 0.368093 0.368093 0.368093
 0.144652 0.289304 0.289304 0.289304 0.289304
 0.101592 0.203185 0.203185 0.203185 0.203185
 0.0941787 0.188357 0.188357 0.188357 0.188357
 0.0875184 0.175037 0.175037 0.175037 0.175037
 0.0364726 0.0729453 0.0729453 0.0729453 0.0729453
 0.0498352 0.0996705 0.0996705 0.0996705 0.0996705
 0.0594902 0.11898 0.11898 0.11898 0.11898
 0.0514647 0.102929 0.102929 0.102929 0.102929
 0.0481584 0.0963169 0.0963169 0.0963169 0.0963169
nmprior
 10.6 11 7 0
nm_flota  nm_reclas  nm_pelaces    nm_pelaL
inf 9.85297 9.26055 18.0563
cv_recla  cv_pelaces  cv_mph
1.21093 0.775373 1.09146
 ------------------------------------------------
Talla a la edad & desviación 
 7.2 14.2025 17.0495 18.207 18.6776
 1.08 2.13037 2.55742 2.73105 2.80164
