years
 1997 1998 1999 2000 2001 2002 2003 2004 2005 2006 2007 2008 2009 2010 2011 2012 2013 2014 2015 2016 2017 2018 2019 2020 2021
reclasobs
 0 0 0 370054 412103 1.49427e+06 250295 1.28982e+06 931140 785840 897777 1.04006e+06 184774 17550 25797 100020 73551 82996 120727 218422 84188 347160 605670 569463 516374
reclaspred
 3.20645e+06 604377 1.68758e+06 946876 934868 1.1042e+06 2.0854e+06 1.3736e+06 1.43583e+06 1.31948e+06 1.08727e+06 707764 418495 221836 173557 184276 234302 338381 368562 482020 712325 698708 1.22738e+06 1.52395e+06 2.11523e+06
pelacesobs
 0 0 0 0 0 0 0 0 0 2.06254e+06 1.5e+06 0 1.87456e+06 323000 250000 174000 83755 137374 0 501740 490994 745055 786931 1.00524e+06 1.33801e+06
pelacespred
 1.84389e+06 716673 640108 708711 588013 567254 1.07695e+06 963003 842440 805860 567835 378864 218989 96051.2 76870.2 92674.5 123305 177845 206393 258637 412178 423150 561360 833388 1.17709e+06
mphobs
 0 0 0 0 0 112323 0 153150 637223 0 255016 313432 73983 77613 109348 50772 0 0 0 0 0 0 0 0 0
mphpred
 2.34971e+06 1.19894e+06 970835 1.09089e+06 794456 978764 1.31718e+06 1.5624e+06 1.25663e+06 1.24115e+06 1.14415e+06 749679 459620 260555 155116 149139 180094 260177 321693 364812 539234 648860 827117 1.1975e+06 1.64793e+06
desembarqueobs
 350755 77701 442110 56441 14545 235359 269955 359681 431902 328805 639364 411747 362871 311530 167758 66681 60226 58785 57116 73181 50977 67692 138656 160484 209506
desembarquepred
 350807 77726.4 442696 56472.7 14544.3 235385 269955 359565 432029 328634 639446 412133 364073 312628 167178 66434.8 60141.2 58798.2 57167.9 73187.5 50957.8 67699.6 138803 160421 208996
Reclutas
 75492.6 74983 44924.8 43618.9 87944.4 58173.2 117930 90972.3 119690 119629 61385.3 44244.2 49632.3 36919.6 21508.7 21800.5 20175.3 20891.7 23334.1 40956.8 54298.7 69751.9 115160 133500 126152
log_desv_Rt
 0.29179 0.285016 -0.227254 -0.256753 0.44446 0.0311792 0.737844 0.47831 0.752659 0.752147 0.0849252 -0.242522 -0.127602 -0.423502 -0.963788 -0.950312 -1.02778 -0.992891 -0.88233 -0.319728 -0.0377444 0.2127 0.714079 0.861854 0.805245
SSB
 2.34971e+06 1.19894e+06 970835 1.09089e+06 794456 978764 1.31718e+06 1.5624e+06 1.25663e+06 1.24115e+06 1.14415e+06 749679 459620 260555 155116 149139 180094 260177 321693 364812 539234 648860 827117 1.1975e+06 1.64793e+06
BT
 4.73304e+06 1.48539e+06 1.70743e+06 1.45534e+06 1.29622e+06 1.28294e+06 2.89652e+06 2.443e+06 2.36466e+06 2.09652e+06 1.76425e+06 1.18307e+06 858133 510348 327562 263187 335591 442269 475996 645441 996960 918655 1.29179e+06 1.94159e+06 2.78174e+06
Ftot
 0.106555 0.125124 0.252983 0.0582493 0.0152327 0.206219 0.125991 0.252661 0.289853 0.240653 0.553485 0.548391 0.802428 1.24043 0.884011 0.345902 0.248004 0.168654 0.150676 0.147593 0.0698428 0.094449 0.110137 0.102574 0.0963107
BD_Bspro_t
 0.984067 0.897632 0.830841 0.717675 0.762071 0.83839 0.78344 0.788051 0.716694 0.669486 0.624538 0.448321 0.338708 0.251899 0.17907 0.198262 0.294884 0.459513 0.574699 0.663531 0.763193 0.836624 0.847047 0.852579 0.859225
BD_Bspro
 2.02898 1.03529 0.838321 0.941991 0.686016 0.845168 1.13739 1.34914 1.08511 1.07174 0.987982 0.647352 0.396884 0.22499 0.133943 0.128783 0.155512 0.224664 0.277783 0.315017 0.465631 0.560293 0.71422 1.03405 1.42299
BD_Bo
 1.7505 0.893195 0.723259 0.8127 0.591859 0.729166 0.981282 1.16396 0.936175 0.92464 0.852379 0.558501 0.34241 0.19411 0.115559 0.111107 0.134167 0.193829 0.239657 0.27178 0.401722 0.483392 0.616191 0.892123 1.22768
BD_Brms
 8.51402 4.34429 3.51776 3.95278 2.87866 3.54649 4.77273 5.66125 4.55333 4.49723 4.14577 2.71642 1.6654 0.944105 0.562052 0.540398 0.652559 0.942737 1.16563 1.32188 1.95388 2.3511 2.99701 4.33908 5.97116
S_f
 0.5 1 1 1 1
 0.5 1 1 1 1
 0.5 1 1 1 1
 0.5 1 1 1 1
 0.5 1 1 1 1
 0.5 1 1 1 1
 0.5 1 1 1 1
 0.5 1 1 1 1
 0.5 1 1 1 1
 0.5 1 1 1 1
 0.5 1 1 1 1
 0.5 1 1 1 1
 0.5 1 1 1 1
 0.5 1 1 1 1
 0.5 1 1 1 1
 0.5 1 1 1 1
 0.5 1 1 1 1
 0.5 1 1 1 1
 0.5 1 1 1 1
 0.5 1 1 1 1
 0.5 1 1 1 1
 0.5 1 1 1 1
 0.5 1 1 1 1
 0.5 1 1 1 1
 0.5 1 1 1 1
Scru_reclas
 0.5 1 1 1 1
 0.5 1 1 1 1
 0.5 1 1 1 1
 0.5 1 1 1 1
 0.5 1 1 1 1
 0.5 1 1 1 1
 0.5 1 1 1 1
 0.5 1 1 1 1
 0.5 1 1 1 1
 0.5 1 1 1 1
 0.5 1 1 1 1
 0.5 1 1 1 1
 0.5 1 1 1 1
 0.5 1 1 1 1
 0.5 1 1 1 1
 0.5 1 1 1 1
 0.5 1 1 1 1
 0.5 1 1 1 1
 0.5 1 1 1 1
 0.5 1 1 1 1
 0.5 1 1 1 1
 0.5 1 1 1 1
 0.5 1 1 1 1
 0.5 1 1 1 1
 0.5 1 1 1 1
Scru_pelaces
 0.5 1 1 1 1
 0.5 1 1 1 1
 0.5 1 1 1 1
 0.5 1 1 1 1
 0.5 1 1 1 1
 0.5 1 1 1 1
 0.5 1 1 1 1
 0.5 1 1 1 1
 0.5 1 1 1 1
 0.5 1 1 1 1
 0.5 1 1 1 1
 0.5 1 1 1 1
 0.5 1 1 1 1
 0.5 1 1 1 1
 0.5 1 1 1 1
 0.5 1 1 1 1
 0.5 1 1 1 1
 0.5 1 1 1 1
 0.5 1 1 1 1
 0.5 1 1 1 1
 0.5 1 1 1 1
 0.5 1 1 1 1
 0.5 1 1 1 1
 0.5 1 1 1 1
 0.5 1 1 1 1
pf_obs 
 0.256992 0.487395 0.22802 0.0275931 0
 0.321318 0.546541 0.124235 0.00734118 0.000564706
 0.182869 0.594174 0.210203 0.0122559 0.00049798
 0.330522 0.361315 0.267642 0.0388342 0.00168674
 0.649043 0.306663 0.0425973 0.00169635 0
 0.582887 0.30429 0.105238 0.00758474 0
 0.465427 0.430635 0.0974691 0.00646863 0
 0.296916 0.608066 0.0921331 0.00288517 0
 0.311714 0.524322 0.152257 0.0117073 0
 0.15457 0.633149 0.183074 0.0267441 0.00246327
 0.131901 0.49318 0.331252 0.0422183 0.00144891
 0.196976 0.569456 0.194076 0.0375587 0.00193317
 0.518974 0.381816 0.0799577 0.0180837 0.00116848
 0.0928022 0.601141 0.25162 0.0475244 0.00691264
 0.122501 0.610282 0.24278 0.0234846 0.000952079
 0.383417 0.481906 0.127806 0.00687128 0
 0.0376549 0.599619 0.316969 0.0457579 0
 0.0361596 0.667082 0.258105 0.0386534 0
 0.158088 0.579412 0.248529 0.0139706 0
 0.0477256 0.309471 0.559284 0.082774 0.000745712
 0.0406174 0.521527 0.379366 0.0568643 0.0016247
 0.151134 0.462217 0.34131 0.0453401 0
 0.294876 0.26143 0.354403 0.0886775 0.000613685
 0.281977 0.475581 0.204845 0.0348837 0.00271318
 0.0354234 0.537034 0.353287 0.0723622 0.0018943
pf_pred 
 0.367144 0.318589 0.158207 0.078563 0.0774972
 0.371163 0.342441 0.144176 0.0715955 0.0706243
 0.271619 0.400722 0.178431 0.0751236 0.0741044
 0.333367 0.296672 0.203536 0.0906292 0.0757963
 0.513902 0.245055 0.107272 0.0735952 0.0601768
 0.322914 0.460309 0.109283 0.0478383 0.0596562
 0.539071 0.231794 0.155774 0.0369827 0.0363774
 0.381977 0.43752 0.0907722 0.0610021 0.0287283
 0.477027 0.29842 0.158969 0.0329813 0.0326028
 0.448776 0.366431 0.105447 0.0561717 0.0231741
 0.293175 0.449273 0.17121 0.0492685 0.0370732
 0.346038 0.323171 0.210258 0.0801254 0.0404075
 0.491116 0.282146 0.112048 0.0728997 0.0417907
 0.500158 0.355417 0.0800749 0.0318001 0.0325499
 0.491971 0.379675 0.0912667 0.0205623 0.0165243
 0.550532 0.322368 0.0949887 0.0228335 0.00927847
 0.460327 0.394114 0.104398 0.0307618 0.0103994
 0.44189 0.361005 0.143942 0.0381291 0.0150333
 0.441058 0.348911 0.135856 0.0541692 0.0200064
 0.550404 0.279749 0.106024 0.0412828 0.0225399
 0.511849 0.350761 0.0854873 0.0323995 0.0195033
 0.48231 0.35275 0.118517 0.028885 0.0175372
 0.539673 0.302333 0.107656 0.0361703 0.0141676
 0.471539 0.373885 0.101522 0.0361504 0.0169032
 0.398413 0.389533 0.150027 0.0407374 0.0212886
pobs_RECLAS
 0 0 0 0 0
 0 0 0 0 0
 0 0 0 0 0
 0 0 0 0 0
 0.835266 0.146461 0.0176864 0.000547809 3.91292e-05
 0.385257 0.428462 0.181853 0.0044286 0
 0.867414 0.0963971 0.0333333 0.00285562 0
 0.441836 0.489002 0.0689373 0.000224442 0
 0.779404 0.147425 0.0564933 0.0165055 0.000172143
 0.814271 0.122319 0.05973 0.00367925 0
 0.40263 0.566651 0.0304383 0.000280538 0
 0.475488 0.404961 0.113038 0.00651328 0
 0.955842 0.0263864 0.0167828 0.000988607 0
 0.975058 0.0227948 0.00214734 0 0
 0.738997 0.206755 0.0527124 0.00153531 0
 0.850938 0.134255 0.0134407 0.00136685 0
 0.542534 0.407297 0.0501686 0 0
 0.764087 0.199537 0.0359546 0.000420521 0
 0.470689 0.182191 0.310203 0.0369168 0
 0.84361 0.089868 0.0606195 0.00523954 0.000663233
 0.607945 0.314616 0.071237 0.00620181 0
 0.523733 0.453247 0.0230204 0 0
 0.530135 0.295979 0.169645 0.0042399 0
 0.562478 0.366248 0.0663022 0.0049721 0
 0.250443 0.683176 0.0655157 0.000865301 0
ppred_RECLAS
 0.367941 0.318188 0.158007 0.0784641 0.0773997
 0.37212 0.341921 0.143956 0.0714866 0.0705168
 0.273454 0.399712 0.177981 0.0749343 0.0739177
 0.333765 0.296495 0.203414 0.0905752 0.0757511
 0.514014 0.244998 0.107247 0.0735783 0.0601629
 0.324502 0.459229 0.109027 0.047726 0.0595163
 0.540097 0.231279 0.155427 0.0369005 0.0362965
 0.384161 0.435974 0.0904514 0.0607865 0.0286268
 0.479753 0.296864 0.15814 0.0328094 0.0324328
 0.450934 0.364997 0.105034 0.0559518 0.0230834
 0.298422 0.445938 0.169939 0.0489027 0.036798
 0.35169 0.320378 0.208441 0.079433 0.0400583
 0.501694 0.27628 0.109719 0.0713843 0.0409219
 0.520308 0.341089 0.076847 0.0305182 0.0312378
 0.504141 0.37058 0.0890805 0.0200697 0.0161285
 0.553899 0.319952 0.094277 0.0226624 0.00920895
 0.462573 0.392474 0.103963 0.0306338 0.0103561
 0.443307 0.360089 0.143577 0.0380324 0.0149951
 0.442303 0.348133 0.135553 0.0540486 0.0199619
 0.551624 0.27899 0.105736 0.0411708 0.0224787
 0.512391 0.350372 0.0853924 0.0323635 0.0194817
 0.48306 0.352239 0.118346 0.0288431 0.0175118
 0.540557 0.301753 0.107449 0.0361009 0.0141404
 0.472358 0.373306 0.101365 0.0360943 0.016877
 0.399149 0.389057 0.149844 0.0406876 0.0212626
pobs_PELACES
 0 0 0 0 0
 0 0 0 0 0
 0 0 0 0 0
 0 0 0 0 0
 0 0 0 0 0
 0 0 0 0 0
 0 0 0 0 0
 0 0 0 0 0
 0 0 0 0 0
 0 0 0 0 0
 0.450072 0.473896 0.0757376 0.000293798 0
 0 0 0 0 0
 0.463077 0.371075 0.160297 0.00555027 0
 0.529543 0.364841 0.0842815 0.0213345 0
 0.631943 0.363953 0.00410389 0 0
 0.735681 0.248677 0.0153453 0.000297389 0
 0.695825 0.281241 0.0229344 0 0
 0.275771 0.60734 0.115278 0.00161068 0
 0 0 0 0 0
 0.896147 0.0623911 0.0374545 0.00400742 0
 0.803859 0.145111 0.0509908 3.86294e-05 0
 0.739449 0.233085 0.0266225 0.000797448 4.60066e-05
 0.878498 0.100942 0.0204185 0.000141795 0
 0.694673 0.275183 0.0284847 0.00165964 0
 0.469039 0.446079 0.0841089 0.000773354 0
ppred_PELACES
 0.372039 0.316125 0.156983 0.0779554 0.0768978
 0.376956 0.339287 0.142848 0.070936 0.0699737
 0.281826 0.395107 0.175931 0.0740709 0.073066
 0.335905 0.295542 0.202761 0.0902842 0.0755077
 0.514642 0.244682 0.107108 0.0734832 0.0600852
 0.332005 0.454128 0.107816 0.047196 0.0588553
 0.545256 0.228684 0.153684 0.0364865 0.0358893
 0.394071 0.428959 0.088996 0.0598084 0.0281662
 0.491699 0.290048 0.154509 0.032056 0.0316881
 0.460783 0.35845 0.10315 0.0549482 0.0226693
 0.317887 0.433566 0.165224 0.0475459 0.035777
 0.372587 0.310052 0.201722 0.0768727 0.0387671
 0.534738 0.257959 0.102443 0.0666506 0.0382083
 0.571003 0.305042 0.0687255 0.027293 0.0279365
 0.540517 0.343394 0.0825455 0.0185974 0.0149453
 0.567955 0.309872 0.0913066 0.0219484 0.0089188
 0.47276 0.385035 0.101993 0.0300531 0.0101598
 0.450185 0.35564 0.141803 0.0375625 0.0148098
 0.448444 0.3443 0.134061 0.0534534 0.019742
 0.55764 0.275247 0.104318 0.0406184 0.0221772
 0.51527 0.348303 0.0848883 0.0321725 0.0193666
 0.486953 0.349587 0.117455 0.028626 0.01738
 0.545066 0.298791 0.106395 0.0357465 0.0140016
 0.476578 0.37032 0.100554 0.0358056 0.0167421
 0.402966 0.386585 0.148892 0.0404291 0.0211275
pobs_pel_tallas
 0 0 0 0 0 0 0 0 0 0 0 0 0 0 0 0 0 0 0 0 0 0 0 0 0 0 0 0 0 0 0 0 0 0 0 0
 0 0 0 0 0 0 0 0 0 0 0 0 0 0 0 0 0 0 0 0 0 0 0 0 0 0 0 0 0 0 0 0 0 0 0 0
 0 0 0 0 0 0 0 0 0 0 0 0 0 0 0 0 0 0 0 0 0 0 0 0 0 0 0 0 0 0 0 0 0 0 0 0
 0 0 0 0 0 0 0 0 0 0 0 0 0 0 0 0 0 0 0 0 0 0 0 0 0 0 0 0 0 0 0 0 0 0 0 0
 0 0 0 0 0 0 0 0 0 0 0 0 0 0 0 0 0 0 0 0 0 0 0 0 0 0 0 0 0 0 0 0 0 0 0 0
 0 0 0 0 0 0 0 0 0 0 0 0 0 0 0 0 0 0 0 0 0 0 0 0 0 0 0 0 0 0 0 0 0 0 0 0
 0 0 0 0 0 0 0 0 0 0 0 0 0 0 0 0 0 0 0 0 0 0 0 0 0 0 0 0 0 0 0 0 0 0 0 0
 0 0 0 0 0 0 0 0 0 0 0 0 0 0 0 0 0 0 0 0 0 0 0 0 0 0 0 0 0 0 0 0 0 0 0 0
 0 0 0 0 0 0 0 0 0 0 0 0 0 0 0 0 0 0 0 0 0 0 0 0 0 0 0 0 0 0 0 0 0 0 0 0
 0 0 0 0 0 0 0 0 0 0 0 0 0 0 0 0 0 0 0 0 0 0 0 0 0 0 0 0 0 0 0 0 0 0 0 0
 0 0 0 0 0 0 0 0 1.78061e-05 0.00172719 0.00360574 0.0105946 0.0120993 0.0124554 0.0147524 0.0171206 0.0266825 0.0428682 0.0675386 0.121331 0.153587 0.119568 0.100827 0.0573624 0.0630603 0.0341343 0.0324427 0.0444173 0.0211091 0.0280891 0.0125444 0.00206551 0 0 0 0
 0 0 0 0 0 0 0 0 0 0 0 0 0 0 0 0 0 0 0 0 0 0 0 0 0 0 0 0 0 0 0 0 0 0 0 0
 0 0 0 0 0 0 0.0133647 0.0140871 0.0187388 0.0205184 0.03894 0.0496705 0.03968 0.0493445 0.0407372 0.0367815 0.0215668 0.0243155 0.0234873 0.0199281 0.019796 0.0243948 0.0301388 0.0376714 0.0412746 0.0863199 0.0771752 0.113111 0.0741005 0.0525337 0.0229764 0.00759418 0.00175318 0 0 0
 0 0 0 0 0 0 0 0 0 0 0.00219441 0.00772107 0.0458388 0.0604681 0.0671733 0.0775358 0.0609151 0.0617685 0.073594 0.0568108 0.0755445 0.0548602 0.0670107 0.0636378 0.0643287 0.046367 0.0373049 0.0286899 0.0247887 0.0153202 0.00654259 0.00121912 0.000365735 0 0 0
 0 0 0 0 0 0 0 0 0 0 0 0 0.000112435 0.00938835 0.0111873 0.0202946 0.0414886 0.0713402 0.111592 0.104902 0.108894 0.110636 0.117776 0.105296 0.107544 0.0401394 0.0192827 0.0124803 0.00416011 0.0028671 0.000618394 0 0 0 0 0
 0 0 0 0 0 0 0 0 0 0 0.00291406 0.0102884 0.027416 0.0768956 0.0749926 0.110853 0.0956884 0.0897413 0.0766577 0.0534642 0.0500743 0.0551293 0.0594112 0.0620874 0.0668451 0.0424026 0.0208742 0.0120726 0.0048766 0.00582813 0.00118941 0.000297354 0 0 0 0
 0 0.00264628 0.0354308 0.0461629 0.0458689 0.0383711 0.0214643 0.0164657 0.0346957 0.0420465 0.0363128 0.0245516 0.0311673 0.0291091 0.0169068 0.0133784 0.00837989 0.0085269 0.0148486 0.0160247 0.0276389 0.0546898 0.0760071 0.122758 0.109233 0.0665981 0.0333725 0.0166128 0.00676272 0.00308733 0.000882094 0 0 0 0 0
 0 0 0 0 0 0 0 0.000805153 0.000690131 0.00759144 0.0133425 0.0154129 0.00931677 0.000345066 0.00356568 0.00563607 0.00851162 0.0253048 0.0502646 0.0516448 0.0657925 0.0565908 0.0611916 0.0827007 0.0866115 0.110766 0.145733 0.0935128 0.0569358 0.0249597 0.0138026 0.00621118 0.00161031 0.00115022 0 0
 0 0 0 0 0 0 0 0 0 0 0 0 0 0 0 0 0 0 0 0 0 0 0 0 0 0 0 0 0 0 0 0 0 0 0 0
 0.00147267 0.00158595 0.00478618 0.00569244 0.00954404 0.0108468 0.00647125 0.017049 0.0510054 0.094081 0.124002 0.0959785 0.0687766 0.0820023 0.061753 0.0591476 0.0492212 0.0479892 0.0443925 0.0268479 0.0217502 0.0140895 0.0121071 0.0120363 0.00920419 0.00665534 0.0049561 0.00860946 0.00930331 0.0156896 0.0114698 0.00855282 0.00243557 0.00046729 0 2.83206e-05
 0 0 0 0 0.000772559 0.00158375 0.000888443 0.00281984 0.00712685 0.0440552 0.0773331 0.111326 0.0921469 0.0852325 0.0710754 0.0886704 0.0786465 0.0553345 0.0373146 0.0185414 0.00753245 0.00457741 0.012979 0.0271748 0.0457355 0.0583668 0.034881 0.0177882 0.00938659 0.00492506 0.0015258 0.00185414 0.000309023 5.79419e-05 3.86279e-05 0
 0 0.00173294 0.00326652 0 0.00397197 0.00683976 0.00946217 0.0152591 0.00757587 0.0136028 0.0228656 0.0392903 0.0559909 0.0764795 0.0681675 0.0726916 0.0566044 0.0477403 0.0527397 0.0444891 0.0609904 0.0582453 0.0661739 0.0445044 0.0529084 0.0360697 0.0280645 0.0235558 0.0158879 0.00826598 0.00280645 0.00217768 0.000904811 0.00058276 9.20147e-05 0
 0 0 0 0 0 0 0 0 0 0 0 0 0 0 0 0 0 0 0 0 0 0 0 0 0 0 0 0 0 0 0 0 0 0 0 0
 0 0 0 0 0 0 0 0 0 0 0 0 0 0 0 0 0 0 0 0 0 0 0 0 0 0 0 0 0 0 0 0 0 0 0 0
 0 0 0 0 0 0 0 0 0 0 0 0 0 0 0 0 0 0 0 0 0 0 0 0 0 0 0 0 0 0 0 0 0 0 0 0
ppred_pel_tallas
 1.08604e-16 1.62482e-05 9.53235e-05 0.000453041 0.00174409 0.00543867 0.0137379 0.0281115 0.0466055 0.0626128 0.0681956 0.0602971 0.0434768 0.0260088 0.0138149 0.00812893 0.00730646 0.00936625 0.0130757 0.0178236 0.0232129 0.0288256 0.0341813 0.0387998 0.0422945 0.0444472 0.0452376 0.044816 0.0434357 0.0413711 0.0388512 0.0360299 0.0329908 0.0297768 0.0264257 0.0229946
 1.07846e-16 1.64636e-05 9.65854e-05 0.000459036 0.00176717 0.00551061 0.0139196 0.0284836 0.0472228 0.0634436 0.0691042 0.0611095 0.044082 0.0264096 0.0140976 0.00840198 0.00766073 0.00986697 0.0137655 0.0187217 0.0243083 0.0300693 0.0354839 0.0400373 0.0433236 0.0451272 0.0454543 0.0445017 0.0425799 0.0400207 0.0371004 0.0340028 0.0308227 0.0275966 0.0243422 0.0210897
 1.08586e-16 1.23178e-05 7.22407e-05 0.000343287 0.00132148 0.00412075 0.010409 0.0213011 0.0353195 0.0474652 0.0517362 0.0458365 0.0332512 0.0202951 0.0115169 0.00792604 0.0083525 0.0113528 0.0160079 0.0218042 0.0283125 0.0350161 0.0413083 0.0465865 0.0503737 0.0524151 0.0527156 0.051504 0.0491452 0.0460317 0.0424951 0.0387612 0.0349526 0.0311221 0.0272981 0.0235183
 1.09605e-16 1.46719e-05 8.60706e-05 0.000409056 0.00157474 0.00491056 0.0124039 0.025382 0.0420808 0.0565358 0.0615812 0.0544598 0.0392916 0.0235537 0.0126015 0.00756121 0.00696322 0.00903606 0.0126844 0.0173715 0.0227487 0.0284397 0.0340013 0.0389786 0.0429888 0.0457904 0.0473127 0.0476348 0.0469306 0.0454013 0.0432221 0.0405203 0.037383 0.0338826 0.0301038 0.0261595
 1.06933e-16 2.24634e-05 0.000131819 0.000626558 0.0024122 0.00752216 0.0190005 0.0388787 0.0644499 0.0865672 0.094236 0.083203 0.0597346 0.035216 0.0177567 0.00896445 0.00646182 0.00742512 0.0101159 0.0137339 0.017871 0.0221806 0.0262886 0.0298267 0.0325008 0.0341483 0.0347598 0.0344568 0.0334379 0.0319142 0.0300583 0.0279803 0.0257343 0.0233424 0.0208241 0.0182171
 1.06051e-16 1.45081e-05 8.50946e-05 0.000404384 0.00155671 0.00485427 0.0122619 0.0250926 0.0416054 0.0559102 0.0609346 0.0539704 0.0391175 0.0238061 0.0133812 0.0090132 0.0092992 0.0125093 0.0175287 0.0237209 0.0305543 0.0374056 0.0435623 0.048338 0.0512191 0.0519784 0.0507165 0.0478129 0.0438104 0.0392745 0.0346742 0.0303169 0.026344 0.0227711 0.0195474 0.0166085
 1.05187e-16 2.37979e-05 0.000139654 0.000663812 0.00255564 0.00796947 0.0201304 0.0411903 0.0682811 0.0917105 0.0998278 0.0881235 0.0632307 0.037204 0.018624 0.00918143 0.00634481 0.0071138 0.00964577 0.0131038 0.0170788 0.0212374 0.02522 0.0286669 0.0312819 0.0328874 0.0334491 0.0330594 0.0318934 0.0301525 0.0280179 0.0256276 0.0230763 0.0204316 0.0177525 0.0151031
 1.04775e-16 1.72134e-05 0.00010098 0.000479909 0.0018475 0.00576111 0.0145525 0.0297791 0.0493725 0.0663374 0.0722712 0.0639457 0.0462051 0.0278351 0.0151351 0.00944098 0.00903323 0.0118169 0.0164566 0.0222305 0.0285956 0.0349501 0.0406162 0.0449443 0.0474521 0.0479315 0.0464885 0.0434955 0.0394818 0.0349985 0.0305035 0.0262988 0.0225243 0.0191955 0.0162595 0.0136458
 1.0487e-16 2.14651e-05 0.000125953 0.000598661 0.00230477 0.00718713 0.0181543 0.0371476 0.0615821 0.0827206 0.0900625 0.0795512 0.057185 0.0338582 0.0173412 0.00919625 0.00717781 0.00860638 0.0118224 0.016037 0.0208052 0.0257122 0.0302994 0.0341135 0.0367934 0.0381418 0.0381557 0.0370024 0.0349573 0.0323252 0.0293745 0.0263018 0.0232286 0.020222 0.0173221 0.0145643
 1.04529e-16 2.01196e-05 0.000118048 0.000561067 0.00216 0.00673565 0.017014 0.034815 0.0577176 0.0775369 0.0844383 0.07463 0.0537485 0.0320263 0.0167751 0.00949337 0.00810857 0.0101282 0.0139893 0.0189071 0.0243771 0.0298879 0.0348722 0.038783 0.0412059 0.0419488 0.0410755 0.0388694 0.0357448 0.032139 0.02842 0.0248363 0.0215129 0.0184808 0.0157209 0.0132024
 1.05793e-16 1.38919e-05 8.14783e-05 0.000387195 0.00149053 0.0046479 0.0117406 0.0240258 0.0398368 0.0535341 0.0583462 0.0516809 0.037465 0.0228148 0.0128512 0.00870002 0.00902508 0.0121796 0.0171076 0.0232125 0.0299966 0.0368709 0.043153 0.0481748 0.051421 0.0526374 0.0518744 0.0494457 0.0458267 0.0415273 0.0369847 0.0325041 0.0282529 0.0242938 0.0206331 0.0172623
 1.07418e-16 1.62721e-05 9.54633e-05 0.000453706 0.00174666 0.00544665 0.013758 0.0281527 0.0466738 0.0627042 0.0682944 0.0603828 0.0435348 0.0260364 0.0138173 0.00811324 0.00727803 0.00933013 0.0130399 0.0178022 0.0232278 0.0289053 0.0343575 0.0391001 0.0427329 0.0450149 0.0458965 0.0454978 0.0440479 0.0418094 0.0390173 0.0358482 0.0324229 0.0288288 0.0251469 0.0214691
 1.05614e-16 2.33403e-05 0.000136965 0.000651024 0.0025064 0.00781589 0.0197425 0.0403969 0.0669667 0.0899478 0.0979162 0.0864527 0.0620684 0.0365932 0.0184528 0.00931667 0.00671232 0.00770152 0.010471 0.0141797 0.0183907 0.0227302 0.0267964 0.0301971 0.0326247 0.0339174 0.0340838 0.0332777 0.0317406 0.0297295 0.0274591 0.0250724 0.0226435 0.0202004 0.0177554 0.0153291
 1.03319e-16 2.49235e-05 0.000146256 0.000695183 0.00267641 0.00834604 0.0210816 0.0431372 0.0715101 0.0960522 0.104566 0.0923361 0.0663178 0.0391488 0.0198325 0.010157 0.00748364 0.00866918 0.0117591 0.0158213 0.0203402 0.0248566 0.028882 0.0319525 0.0337235 0.0340462 0.0329956 0.0308369 0.0279483 0.0247242 0.0214939 0.0184759 0.0157731 0.0133988 0.0113162 0.00947445
 1.02622e-16 2.35958e-05 0.000138457 0.0006581 0.00253361 0.00790074 0.0199569 0.0408362 0.0676972 0.0909358 0.0990096 0.0874606 0.0628844 0.0372593 0.0191289 0.0102103 0.00802976 0.0096282 0.0131559 0.0177068 0.0227411 0.0277473 0.0321718 0.0354876 0.0373042 0.0374539 0.0360253 0.0333263 0.0297968 0.0258992 0.022025 0.0184404 0.0152787 0.0125664 0.010266 0.00831583
 1.02569e-16 2.47909e-05 0.000145477 0.000691476 0.00266213 0.00830152 0.0209692 0.0429072 0.071129 0.0955411 0.104012 0.0918509 0.0659791 0.0389687 0.0197782 0.01019 0.00758403 0.00883716 0.0120071 0.0161651 0.0207926 0.0254223 0.0295535 0.032708 0.0345262 0.0348461 0.0337333 0.0314498 0.0283768 0.0249194 0.0214236 0.0181291 0.0151625 0.0125596 0.0103021 0.00835089
 1.03081e-16 2.0643e-05 0.000121118 0.000575657 0.00221617 0.0069108 0.0174564 0.0357204 0.0592191 0.0795553 0.0866397 0.0765837 0.0551731 0.0329099 0.0173008 0.009888 0.0085486 0.0107249 0.0148063 0.0199715 0.0256775 0.0313664 0.0364208 0.0402488 0.0424081 0.0427038 0.0412257 0.0383083 0.034434 0.0301121 0.0257758 0.0217224 0.0181045 0.0149595 0.0122554 0.0099348
 1.04112e-16 1.96575e-05 0.000115335 0.000548168 0.00211034 0.00658078 0.0166228 0.0340146 0.0563909 0.0757555 0.0825005 0.0729223 0.0525299 0.0313229 0.0164491 0.00937775 0.00809021 0.0101579 0.0140594 0.0190312 0.0245795 0.0301985 0.0353221 0.0393981 0.0420001 0.0429171 0.0421894 0.0400754 0.0369696 0.0332978 0.0294287 0.0256247 0.0220349 0.0187208 0.0156941 0.0129499
 1.04775e-16 1.95811e-05 0.000114887 0.000546044 0.00210217 0.00655529 0.0165584 0.0338827 0.056172 0.0754606 0.082177 0.0726311 0.0523084 0.0311676 0.0163251 0.00924073 0.00790019 0.0098826 0.0136741 0.0185209 0.0239433 0.0294548 0.0345112 0.0385813 0.0412535 0.0423222 0.041821 0.0399914 0.0372022 0.0338499 0.0302754 0.026717 0.0233075 0.0200997 0.0171051 0.0143251
 1.04003e-16 2.43397e-05 0.000142831 0.000678905 0.00261374 0.00815063 0.020588 0.042127 0.0698349 0.0938006 0.102111 0.0901582 0.0647325 0.0381709 0.0192608 0.00974293 0.00703731 0.00807594 0.0109603 0.0148013 0.0191271 0.0235286 0.0275677 0.0308203 0.0329592 0.0338214 0.0334357 0.0319961 0.0297974 0.0271558 0.0243414 0.0215413 0.0188576 0.0163286 0.0139596 0.0117498
 1.03329e-16 2.24951e-05 0.000131995 0.000627374 0.00241531 0.00753181 0.019025 0.0389296 0.0645372 0.086693 0.0943956 0.0833977 0.0599912 0.0356017 0.0183825 0.00998136 0.00805133 0.00978076 0.0134104 0.0180722 0.0232374 0.0283945 0.0329859 0.0364795 0.0384786 0.0388098 0.0375561 0.0350194 0.0316328 0.0278506 0.0240554 0.0205054 0.0173278 0.0145467 0.012127 0.0100144
 1.03577e-16 2.12605e-05 0.000124746 0.000592913 0.00228262 0.00711804 0.0179799 0.0367911 0.0609928 0.0819341 0.0892197 0.0788388 0.0567424 0.0337354 0.0175332 0.00970553 0.00804809 0.00991614 0.0136547 0.018443 0.0237696 0.0291282 0.0339597 0.0377241 0.040011 0.0406277 0.0396336 0.0373059 0.0340555 0.0303207 0.026477 0.0227865 0.0193902 0.0163345 0.0136106 0.0111908
 1.03491e-16 2.37924e-05 0.000139616 0.000663615 0.00255486 0.00796701 0.0201242 0.0411783 0.068263 0.0916919 0.0998225 0.0881542 0.0633299 0.0374168 0.019015 0.0098388 0.00737854 0.00864327 0.0117762 0.0158937 0.0205053 0.0251679 0.0294032 0.0327496 0.0348538 0.0355452 0.034866 0.0330417 0.0304105 0.0273344 0.024124 0.0209959 0.0180686 0.0153844 0.012943 0.0107312
 1.03561e-16 2.08089e-05 0.000122093 0.000580297 0.00223404 0.00696653 0.0175972 0.0360083 0.0596958 0.0801942 0.0873315 0.0771854 0.0555853 0.0331132 0.0173301 0.00978324 0.0083258 0.0103754 0.0143097 0.0193108 0.0248498 0.0303916 0.0353444 0.0391407 0.0413545 0.0417951 0.0405428 0.0379102 0.03435 0.0303397 0.0262838 0.0224583 0.0190036 0.0159533 0.0132794 0.0109333
 1.04616e-16 1.75998e-05 0.000103251 0.000490717 0.00188913 0.00589093 0.0148803 0.0304496 0.0504828 0.067825 0.0738808 0.0653438 0.0471585 0.0282965 0.0151831 0.00916595 0.00847115 0.0109495 0.0152452 0.0206521 0.0266715 0.0327629 0.0383133 0.0427243 0.0455349 0.0465187 0.0457224 0.0434301 0.0400722 0.0361116 0.0319479 0.0278626 0.0240132 0.0204612 0.0172141 0.014263
pSPR Fmed_Fpbrs
0.695654   0.255602 0.255602
Fs Fmed_Fpbrs
0.189269   1.005 1.005
SSBpbr Bo_Bmed_Bpbrs
1.34231e+06  866665  275981 275981
Ro
56387.3
SPR SPRFo_SPRFmed_SPRFpbrs
1.15807e+06 805617 296005
log_Ro
10.76
likeval ReclasPelacesDesembMPH_pf_preclas_ppelaces_ptallas_desvR_qrecl_qpela
 175.509 60.3726 0.313947 0.00098212 347.17 213.335 81.4255 0 12.9892 0 0 0 0 0 0
q_reclas_q_pelaces
1 1
M
0.7
N
 75492.6 33523.4 16647.2 8266.78 8154.63
 74983 35543.5 14964.6 7431.22 7330.41
 44924.8 34977.3 15574.5 6557.21 6468.26
 43618.9 19658.3 13486.9 6005.35 5022.48
 87944.4 21038.8 9209.63 6318.4 5166.38
 58173.2 43340.6 10289.6 4504.23 5616.96
 117930 26057.7 17511.7 4157.5 4089.46
 90972.3 54986.8 11408.1 7666.64 3610.53
 119690 39814.2 21209.1 4400.25 4349.75
 119629 51417.4 14796.2 7881.98 3251.78
 61385.3 52671 20072 5776.04 4346.31
 44244.2 23113.7 15038 5730.71 2890.01
 49632.3 16702 6632.86 4315.4 2473.85
 36919.6 16501.1 3717.68 1476.4 1511.21
 21508.7 9860.4 2370.25 534.015 429.147
 21800.5 6865.1 2022.87 486.259 197.593
 20175.3 9106.44 2412.22 710.785 240.288
 20891.7 8850.37 3528.87 934.77 368.554
 23334.1 9535.55 3712.87 1480.42 546.765
 40956.8 10746.5 4072.88 1585.86 865.863
 54298.7 18891.7 4604.27 1745.01 1050.43
 69751.9 26038.6 8748.46 2132.17 1294.53
 115160 33040 11765 3952.82 1548.29
 133500 54122.8 14696.1 5233.04 2446.88
 126152 62979.7 24256.4 6586.41 3441.94
pred_Ctot
 2825.5 2451.83 1217.54 604.613 596.41
 3282.14 3028.16 1274.92 633.108 624.519
 3866.96 5704.95 2540.27 1069.51 1055
 901.957 802.674 550.686 245.206 205.074
 480.09 228.931 100.214 68.753 56.2175
 4123.24 5877.61 1395.42 610.84 761.742
 5196.79 2234.56 1501.7 356.523 350.688
 7821.11 8958.37 1858.59 1249.04 588.222
 11710.5 7325.88 3902.51 809.654 800.361
 9821.43 8019.31 2307.69 1229.31 507.163
 10843.5 16617.1 6332.48 1822.27 1371.21
 7751.98 7239.7 4710.21 1794.97 905.211
 12071 6934.75 2754 1791.77 1027.16
 12712 9033.24 2035.18 808.23 827.286
 5667.7 4374 1051.43 236.885 190.366
 2514.97 1472.66 433.933 104.309 42.3865
 1704.27 1459.13 386.511 113.889 38.5015
 1220.96 997.472 397.718 105.352 41.5375
 1223.11 967.575 376.746 150.218 55.4804
 2104.34 1069.55 405.358 157.835 86.1759
 1342.84 920.226 224.277 85.0005 51.1672
 2320.19 1696.93 570.136 138.953 84.3641
 4451.56 2493.83 888.01 298.354 116.863
 4814.1 3817.12 1036.47 369.071 172.571
 4277.22 4181.89 1610.64 437.342 228.547
F
 0.0532775 0.106555 0.106555 0.106555 0.106555
 0.062562 0.125124 0.125124 0.125124 0.125124
 0.126492 0.252983 0.252983 0.252983 0.252983
 0.0291246 0.0582493 0.0582493 0.0582493 0.0582493
 0.00761636 0.0152327 0.0152327 0.0152327 0.0152327
 0.10311 0.206219 0.206219 0.206219 0.206219
 0.0629956 0.125991 0.125991 0.125991 0.125991
 0.12633 0.252661 0.252661 0.252661 0.252661
 0.144926 0.289853 0.289853 0.289853 0.289853
 0.120327 0.240653 0.240653 0.240653 0.240653
 0.276742 0.553485 0.553485 0.553485 0.553485
 0.274196 0.548391 0.548391 0.548391 0.548391
 0.401214 0.802428 0.802428 0.802428 0.802428
 0.620216 1.24043 1.24043 1.24043 1.24043
 0.442006 0.884011 0.884011 0.884011 0.884011
 0.172951 0.345902 0.345902 0.345902 0.345902
 0.124002 0.248004 0.248004 0.248004 0.248004
 0.0843268 0.168654 0.168654 0.168654 0.168654
 0.075338 0.150676 0.150676 0.150676 0.150676
 0.0737965 0.147593 0.147593 0.147593 0.147593
 0.0349214 0.0698428 0.0698428 0.0698428 0.0698428
 0.0472245 0.094449 0.094449 0.094449 0.094449
 0.0550684 0.110137 0.110137 0.110137 0.110137
 0.0512872 0.102574 0.102574 0.102574 0.102574
 0.0481553 0.0963107 0.0963107 0.0963107 0.0963107
nmprior
 10.6 11 7 0
nm_flota  nm_reclas  nm_pelaces    nm_pelaL
inf 11.7572 13.1754 28.5558
cv_recla  cv_pelaces  cv_mph
1.19832 0.881033 1.01676
 ------------------------------------------------
Talla a la edad & desviación 
 7.2 14.2025 17.0495 18.207 18.6776
 1.08 2.13037 2.55742 2.73105 2.80164
