years
 1997 1998 1999 2000 2001 2002 2003 2004 2005 2006 2007 2008 2009 2010 2011 2012 2013 2014 2015 2016 2017 2018 2019 2020 2021
reclasobs
 0 0 0 370054 412103 1.49427e+06 250295 1.28982e+06 931140 785840 897777 1.04006e+06 184774 17550 25797 100020 73551 82996 120727 218422 84188 347160 605670 569463 516374
reclaspred
 451459 132963 451823 323987 430548 506710 1.07952e+06 680349 703395 588815 449064 298781 182014 85578.7 62198.9 65693.5 84904.8 118734 127492 181810 258409 236742 415938 537399 600646
pelacesobs
 0 0 0 0 0 0 0 0 0 2.06254e+06 1.5e+06 0 1.87456e+06 323000 250000 174000 83755 137374 0 501740 490994 745055 786931 1.00524e+06 1.33801e+06
pelacespred
 1.87354e+06 492898 1.00008e+06 1.10173e+06 1.23887e+06 1.23713e+06 2.87585e+06 2.35608e+06 2.10588e+06 1.79727e+06 1.23206e+06 841568 507028 199628 142708 161040 217122 307012 340799 471451 742170 666311 921655 1.41316e+06 1.63752e+06
mphobs
 0 0 0 0 0 112323 0 153150 637223 0 255016 313432 73983 77613 109348 50772 0 0 0 0 0 0 0 0 0
mphpred
 162379 111651 147544 200520 193242 276316 414179 470489 380496 354528 305997 210654 129378 67927.5 33702.6 30090.7 37721.1 53658 67962.1 78995.1 116486 135739 171597 248385 334766
desembarqueobs
 350755 77701 442110 56441 14545 235359 269955 359681 431902 328805 639364 411747 362871 311530 167758 66681 60226 58785 57116 73181 50977 67692 138656 160484 209506
desembarquepred
 350766 77705.2 442160 56443 14545.1 235397 269984 359718 431988 328876 639784 412111 363372 312140 167853 66699 60247.9 58789.3 57115.2 73185 50978.7 67690 138662 160492 209510
Reclutas
 74942.8 93508.4 60205.1 86806.6 142163 106696 157945 134649 147291 134829 67304.4 41324.7 42148.8 24174.4 19161.8 24507.2 20747.5 23727.1 27306.5 46973.9 58551.6 77274.4 126793 154509 69178.8
log_desv_Rt
 0.16448 0.385807 -0.054488 0.311438 0.804732 0.517736 0.910004 0.750429 0.840164 0.75176 0.0569812 -0.430785 -0.41104 -0.966949 -1.19933 -0.953277 -1.11982 -0.985627 -0.845121 -0.302652 -0.0823356 0.195118 0.690311 0.888009 0.0844497
SSB
 891789 613193 810315 1.10126e+06 1.06129e+06 1.51754e+06 2.27469e+06 2.58394e+06 2.0897e+06 1.94708e+06 1.68055e+06 1.15692e+06 710547 373060 185096 165259 207165 294692 373250 433844 639746 745481 942415 1.36414e+06 1.83855e+06
BT
 3.08592e+06 858557 1.72494e+06 1.68868e+06 1.84489e+06 2.01282e+06 4.44529e+06 3.89541e+06 3.51461e+06 2.97889e+06 2.40777e+06 1.62647e+06 1.10822e+06 596458 354863 293714 370982 501469 552878 757812 1.14086e+06 1.04782e+06 1.45823e+06 2.22246e+06 2.5889e+06
Ftot
 0.332295 0.240838 0.324569 0.0597461 0.01301 0.137276 0.0861628 0.176892 0.20959 0.182925 0.409494 0.387126 0.611142 1.07621 0.978843 0.377815 0.263265 0.174408 0.145551 0.149639 0.0708727 0.094289 0.110879 0.105184 0.102218
BD_Bspro_t
 0.960377 0.815408 0.794612 0.708529 0.797664 0.881744 0.858295 0.859816 0.810142 0.76674 0.720121 0.569643 0.455555 0.340884 0.223901 0.242732 0.364787 0.535703 0.646755 0.726686 0.810381 0.866893 0.872566 0.877732 0.880409
BD_Bspro
 0.682985 0.46962 0.620588 0.843414 0.812799 1.16222 1.74209 1.97894 1.60041 1.49119 1.28706 0.886039 0.544179 0.285712 0.141757 0.126565 0.15866 0.225692 0.285857 0.332263 0.489956 0.570934 0.721758 1.04474 1.40807
BD_Bo
 0.590426 0.405976 0.536485 0.729113 0.702647 1.00471 1.506 1.71075 1.38352 1.2891 1.11264 0.765962 0.470431 0.246992 0.122546 0.109413 0.137158 0.195106 0.247118 0.287234 0.423556 0.49356 0.623944 0.903155 1.21725
BD_Brms
 2.07949 1.42986 1.88951 2.56795 2.47474 3.53862 5.30417 6.02529 4.8728 4.54024 3.91874 2.69773 1.65687 0.86991 0.43161 0.385355 0.483073 0.687168 0.870353 1.01165 1.49177 1.73833 2.19754 3.18093 4.28716
S_f
 0.198689 1 1 1 1
 0.198689 1 1 1 1
 0.198689 1 1 1 1
 0.198689 1 1 1 1
 0.198689 1 1 1 1
 0.198689 1 1 1 1
 0.198689 1 1 1 1
 0.198689 1 1 1 1
 0.198689 1 1 1 1
 0.198689 1 1 1 1
 0.198689 1 1 1 1
 0.198689 1 1 1 1
 0.198689 1 1 1 1
 0.198689 1 1 1 1
 0.198689 1 1 1 1
 0.198689 1 1 1 1
 0.198689 1 1 1 1
 0.198689 1 1 1 1
 0.198689 1 1 1 1
 0.198689 1 1 1 1
 0.198689 1 1 1 1
 0.198689 1 1 1 1
 0.198689 1 1 1 1
 0.198689 1 1 1 1
 0.198689 1 1 1 1
Scru_reclas
 1 1 1 1 1
 1 1 1 1 1
 1 1 1 1 1
 1 1 1 1 1
 1 1 1 1 1
 1 1 1 1 1
 1 1 1 1 1
 1 1 1 1 1
 1 1 1 1 1
 1 1 1 1 1
 1 1 1 1 1
 1 1 1 1 1
 1 1 1 1 1
 1 1 1 1 1
 1 1 1 1 1
 1 1 1 1 1
 1 1 1 1 1
 1 1 1 1 1
 1 1 1 1 1
 1 1 1 1 1
 1 1 1 1 1
 1 1 1 1 1
 1 1 1 1 1
 1 1 1 1 1
 1 1 1 1 1
Scru_pelaces
 0.987191 1 1 1 1
 0.987191 1 1 1 1
 0.987191 1 1 1 1
 0.987191 1 1 1 1
 0.987191 1 1 1 1
 0.987191 1 1 1 1
 0.987191 1 1 1 1
 0.987191 1 1 1 1
 0.987191 1 1 1 1
 0.987191 1 1 1 1
 0.987191 1 1 1 1
 0.987191 1 1 1 1
 0.987191 1 1 1 1
 0.987191 1 1 1 1
 0.987191 1 1 1 1
 0.987191 1 1 1 1
 0.987191 1 1 1 1
 0.987191 1 1 1 1
 0.987191 1 1 1 1
 0.987191 1 1 1 1
 0.987191 1 1 1 1
 0.987191 1 1 1 1
 0.987191 1 1 1 1
 0.987191 1 1 1 1
 0.987191 1 1 1 1
pf_obs 
 0.256992 0.487395 0.22802 0.0275931 0
 0.321318 0.546541 0.124235 0.00734118 0.000564706
 0.182869 0.594174 0.210203 0.0122559 0.00049798
 0.330522 0.361315 0.267642 0.0388342 0.00168674
 0.649043 0.306663 0.0425973 0.00169635 0
 0.582887 0.30429 0.105238 0.00758474 0
 0.465427 0.430635 0.0974691 0.00646863 0
 0.296916 0.608066 0.0921331 0.00288517 0
 0.311714 0.524322 0.152257 0.0117073 0
 0.15457 0.633149 0.183074 0.0267441 0.00246327
 0.131901 0.49318 0.331252 0.0422183 0.00144891
 0.196976 0.569456 0.194076 0.0375587 0.00193317
 0.518974 0.381816 0.0799577 0.0180837 0.00116848
 0.0928022 0.601141 0.25162 0.0475244 0.00691264
 0.122501 0.610282 0.24278 0.0234846 0.000952079
 0.383417 0.481906 0.127806 0.00687128 0
 0.0376549 0.599619 0.316969 0.0457579 0
 0.0361596 0.667082 0.258105 0.0386534 0
 0.158088 0.579412 0.248529 0.0139706 0
 0.0477256 0.309471 0.559284 0.082774 0.000745712
 0.0406174 0.521527 0.379366 0.0568643 0.0016247
 0.151134 0.462217 0.34131 0.0453401 0
 0.294876 0.26143 0.354403 0.0886775 0.000613685
 0.281977 0.475581 0.204845 0.0348837 0.00271318
 0.0354234 0.537034 0.353287 0.0723622 0.0018943
pf_pred 
 0.385661 0.43401 0.161315 0.0190042 9.67487e-06
 0.313049 0.540205 0.103671 0.038533 0.00454182
 0.17839 0.590823 0.181486 0.0348293 0.0144714
 0.260027 0.413788 0.234561 0.0720514 0.0195727
 0.300528 0.451143 0.138864 0.0787168 0.0307483
 0.177877 0.56319 0.167005 0.0514051 0.0405221
 0.251914 0.401545 0.237396 0.0703962 0.0387492
 0.190534 0.516382 0.157317 0.0930066 0.0427608
 0.215071 0.441223 0.21926 0.066798 0.0576481
 0.196932 0.48402 0.179342 0.0891221 0.0505833
 0.119943 0.504144 0.226568 0.0839494 0.0653955
 0.121074 0.3984 0.275271 0.12371 0.0815449
 0.196484 0.364215 0.199127 0.137585 0.10259
 0.184097 0.506931 0.14005 0.0765691 0.0923531
 0.260487 0.486196 0.157389 0.0434818 0.0524459
 0.343412 0.485933 0.112198 0.03632 0.0221368
 0.232573 0.581788 0.13739 0.0317221 0.0165277
 0.244691 0.477661 0.210486 0.0497064 0.0174563
 0.242496 0.483521 0.173268 0.0763522 0.0243628
 0.320692 0.429646 0.159361 0.0571064 0.0331941
 0.274338 0.520823 0.129556 0.0480539 0.0272294
 0.268369 0.484821 0.17714 0.0440642 0.0256051
 0.314014 0.451564 0.155342 0.0567575 0.0223227
 0.267946 0.518134 0.140817 0.0484421 0.0246606
 0.111051 0.585728 0.214614 0.0583271 0.0302795
pobs_RECLAS
 0 0 0 0 0
 0 0 0 0 0
 0 0 0 0 0
 0 0 0 0 0
 0.835266 0.146461 0.0176864 0.000547809 3.91292e-05
 0.385257 0.428462 0.181853 0.0044286 0
 0.867414 0.0963971 0.0333333 0.00285562 0
 0.441836 0.489002 0.0689373 0.000224442 0
 0.779404 0.147425 0.0564933 0.0165055 0.000172143
 0.814271 0.122319 0.05973 0.00367925 0
 0.40263 0.566651 0.0304383 0.000280538 0
 0.475488 0.404961 0.113038 0.00651328 0
 0.955842 0.0263864 0.0167828 0.000988607 0
 0.975058 0.0227948 0.00214734 0 0
 0.738997 0.206755 0.0527124 0.00153531 0
 0.850938 0.134255 0.0134407 0.00136685 0
 0.542534 0.407297 0.0501686 0 0
 0.764087 0.199537 0.0359546 0.000420521 0
 0.470689 0.182191 0.310203 0.0369168 0
 0.84361 0.089868 0.0606195 0.00523954 0.000663233
 0.607945 0.314616 0.071237 0.00620181 0
 0.523733 0.453247 0.0230204 0 0
 0.530135 0.295979 0.169645 0.0042399 0
 0.562478 0.366248 0.0663022 0.0049721 0
 0.250443 0.683176 0.0655157 0.000865301 0
ppred_RECLAS
 0.763164 0.167317 0.0621889 0.00732638 3.72979e-06
 0.699208 0.236537 0.0453942 0.0168723 0.00198871
 0.526936 0.340182 0.104496 0.0200539 0.00833227
 0.639476 0.201602 0.114281 0.0351043 0.00953607
 0.683918 0.203865 0.0627508 0.0355711 0.0138948
 0.523063 0.326723 0.0968848 0.0298216 0.0235081
 0.629918 0.198646 0.117441 0.0348254 0.0191694
 0.544603 0.290511 0.0885046 0.0523245 0.0240568
 0.582443 0.234716 0.116639 0.0355344 0.0306669
 0.554833 0.268308 0.0994156 0.0494034 0.02804
 0.413021 0.336254 0.151116 0.0559925 0.0436174
 0.415192 0.265082 0.183157 0.0823124 0.0542573
 0.562242 0.198425 0.108485 0.0749567 0.055891
 0.554973 0.276501 0.0763889 0.0417639 0.0503731
 0.657968 0.224871 0.0727939 0.0201107 0.0242567
 0.729271 0.200364 0.0462622 0.0149757 0.00912764
 0.60756 0.297509 0.0702572 0.0162217 0.0084518
 0.622025 0.239033 0.105332 0.0248743 0.00873559
 0.61882 0.243311 0.0871895 0.0384209 0.0122595
 0.705417 0.186317 0.0691071 0.0247643 0.0143947
 0.656282 0.246694 0.0613657 0.0227613 0.0128975
 0.649722 0.232115 0.0848082 0.0210963 0.0122588
 0.69851 0.198462 0.0682725 0.0249449 0.00981082
 0.649366 0.248173 0.0674475 0.0232025 0.0118118
 0.387249 0.403741 0.147933 0.0402048 0.0208716
pobs_PELACES
 0 0 0 0 0
 0 0 0 0 0
 0 0 0 0 0
 0 0 0 0 0
 0 0 0 0 0
 0 0 0 0 0
 0 0 0 0 0
 0 0 0 0 0
 0 0 0 0 0
 0 0 0 0 0
 0.450072 0.473896 0.0757376 0.000293798 0
 0 0 0 0 0
 0.463077 0.371075 0.160297 0.00555027 0
 0.529543 0.364841 0.0842815 0.0213345 0
 0.631943 0.363953 0.00410389 0 0
 0.735681 0.248677 0.0153453 0.000297389 0
 0.695825 0.281241 0.0229344 0 0
 0.275771 0.60734 0.115278 0.00161068 0
 0 0 0 0 0
 0.896147 0.0623911 0.0374545 0.00400742 0
 0.803859 0.145111 0.0509908 3.86294e-05 0
 0.739449 0.233085 0.0266225 0.000797448 4.60066e-05
 0.878498 0.100942 0.0204185 0.000141795 0
 0.694673 0.275183 0.0284847 0.00165964 0
 0.469039 0.446079 0.0841089 0.000773354 0
ppred_PELACES
 0.776448 0.157932 0.0587008 0.00691546 3.52059e-06
 0.709781 0.228222 0.0437985 0.0162792 0.0019188
 0.545073 0.32714 0.100489 0.0192851 0.00801282
 0.640146 0.201228 0.114069 0.0350391 0.00951834
 0.681871 0.205186 0.0631571 0.0358014 0.0139847
 0.528899 0.322725 0.0956992 0.0294567 0.0232204
 0.632221 0.19741 0.11671 0.0346086 0.0190501
 0.552994 0.285158 0.086874 0.0513605 0.0236136
 0.592749 0.228923 0.113761 0.0346573 0.02991
 0.563578 0.263037 0.0974625 0.0484329 0.0274891
 0.436323 0.322905 0.145117 0.0537697 0.0418859
 0.437069 0.255166 0.176305 0.0792332 0.0522276
 0.598443 0.182016 0.0995134 0.0687581 0.0512691
 0.62069 0.23567 0.0651086 0.0355967 0.0429346
 0.71099 0.190011 0.0615093 0.0169932 0.0204964
 0.746104 0.187906 0.0433857 0.0140446 0.0085601
 0.620999 0.287321 0.0678512 0.0156662 0.00816237
 0.629805 0.234113 0.103164 0.0243623 0.00855578
 0.624839 0.239468 0.0858127 0.0378142 0.0120659
 0.710931 0.18283 0.0678137 0.0243008 0.0141253
 0.6576 0.245747 0.0611304 0.022674 0.012848
 0.652458 0.230302 0.0841459 0.0209315 0.012163
 0.701958 0.196192 0.0674917 0.0246596 0.0096986
 0.652756 0.245773 0.0667954 0.0229781 0.0116976
 0.390609 0.401527 0.147122 0.0399843 0.0207572
pobs_pel_tallas
 0 0 0 0 0 0 0 0 0 0 0 0 0 0 0 0 0 0 0 0 0 0 0 0 0 0 0 0 0 0 0 0 0 0 0 0
 0 0 0 0 0 0 0 0 0 0 0 0 0 0 0 0 0 0 0 0 0 0 0 0 0 0 0 0 0 0 0 0 0 0 0 0
 0 0 0 0 0 0 0 0 0 0 0 0 0 0 0 0 0 0 0 0 0 0 0 0 0 0 0 0 0 0 0 0 0 0 0 0
 0 0 0 0 0 0 0 0 0 0 0 0 0 0 0 0 0 0 0 0 0 0 0 0 0 0 0 0 0 0 0 0 0 0 0 0
 0 0 0 0 0 0 0 0 0 0 0 0 0 0 0 0 0 0 0 0 0 0 0 0 0 0 0 0 0 0 0 0 0 0 0 0
 0 0 0 0 0 0 0 0 0 0 0 0 0 0 0 0 0 0 0 0 0 0 0 0 0 0 0 0 0 0 0 0 0 0 0 0
 0 0 0 0 0 0 0 0 0 0 0 0 0 0 0 0 0 0 0 0 0 0 0 0 0 0 0 0 0 0 0 0 0 0 0 0
 0 0 0 0 0 0 0 0 0 0 0 0 0 0 0 0 0 0 0 0 0 0 0 0 0 0 0 0 0 0 0 0 0 0 0 0
 0 0 0 0 0 0 0 0 0 0 0 0 0 0 0 0 0 0 0 0 0 0 0 0 0 0 0 0 0 0 0 0 0 0 0 0
 0 0 0 0 0 0 0 0 0 0 0 0 0 0 0 0 0 0 0 0 0 0 0 0 0 0 0 0 0 0 0 0 0 0 0 0
 0 0 0 0 0 0 0 0 1.78061e-05 0.00172719 0.00360574 0.0105946 0.0120993 0.0124554 0.0147524 0.0171206 0.0266825 0.0428682 0.0675386 0.121331 0.153587 0.119568 0.100827 0.0573624 0.0630603 0.0341343 0.0324427 0.0444173 0.0211091 0.0280891 0.0125444 0.00206551 0 0 0 0
 0 0 0 0 0 0 0 0 0 0 0 0 0 0 0 0 0 0 0 0 0 0 0 0 0 0 0 0 0 0 0 0 0 0 0 0
 0 0 0 0 0 0 0.0133647 0.0140871 0.0187388 0.0205184 0.03894 0.0496705 0.03968 0.0493445 0.0407372 0.0367815 0.0215668 0.0243155 0.0234873 0.0199281 0.019796 0.0243948 0.0301388 0.0376714 0.0412746 0.0863199 0.0771752 0.113111 0.0741005 0.0525337 0.0229764 0.00759418 0.00175318 0 0 0
 0 0 0 0 0 0 0 0 0 0 0.00219441 0.00772107 0.0458388 0.0604681 0.0671733 0.0775358 0.0609151 0.0617685 0.073594 0.0568108 0.0755445 0.0548602 0.0670107 0.0636378 0.0643287 0.046367 0.0373049 0.0286899 0.0247887 0.0153202 0.00654259 0.00121912 0.000365735 0 0 0
 0 0 0 0 0 0 0 0 0 0 0 0 0.000112435 0.00938835 0.0111873 0.0202946 0.0414886 0.0713402 0.111592 0.104902 0.108894 0.110636 0.117776 0.105296 0.107544 0.0401394 0.0192827 0.0124803 0.00416011 0.0028671 0.000618394 0 0 0 0 0
 0 0 0 0 0 0 0 0 0 0 0.00291406 0.0102884 0.027416 0.0768956 0.0749926 0.110853 0.0956884 0.0897413 0.0766577 0.0534642 0.0500743 0.0551293 0.0594112 0.0620874 0.0668451 0.0424026 0.0208742 0.0120726 0.0048766 0.00582813 0.00118941 0.000297354 0 0 0 0
 0 0.00264628 0.0354308 0.0461629 0.0458689 0.0383711 0.0214643 0.0164657 0.0346957 0.0420465 0.0363128 0.0245516 0.0311673 0.0291091 0.0169068 0.0133784 0.00837989 0.0085269 0.0148486 0.0160247 0.0276389 0.0546898 0.0760071 0.122758 0.109233 0.0665981 0.0333725 0.0166128 0.00676272 0.00308733 0.000882094 0 0 0 0 0
 0 0 0 0 0 0 0 0.000805153 0.000690131 0.00759144 0.0133425 0.0154129 0.00931677 0.000345066 0.00356568 0.00563607 0.00851162 0.0253048 0.0502646 0.0516448 0.0657925 0.0565908 0.0611916 0.0827007 0.0866115 0.110766 0.145733 0.0935128 0.0569358 0.0249597 0.0138026 0.00621118 0.00161031 0.00115022 0 0
 0 0 0 0 0 0 0 0 0 0 0 0 0 0 0 0 0 0 0 0 0 0 0 0 0 0 0 0 0 0 0 0 0 0 0 0
 0.00147267 0.00158595 0.00478618 0.00569244 0.00954404 0.0108468 0.00647125 0.017049 0.0510054 0.094081 0.124002 0.0959785 0.0687766 0.0820023 0.061753 0.0591476 0.0492212 0.0479892 0.0443925 0.0268479 0.0217502 0.0140895 0.0121071 0.0120363 0.00920419 0.00665534 0.0049561 0.00860946 0.00930331 0.0156896 0.0114698 0.00855282 0.00243557 0.00046729 0 2.83206e-05
 0 0 0 0 0.000772559 0.00158375 0.000888443 0.00281984 0.00712685 0.0440552 0.0773331 0.111326 0.0921469 0.0852325 0.0710754 0.0886704 0.0786465 0.0553345 0.0373146 0.0185414 0.00753245 0.00457741 0.012979 0.0271748 0.0457355 0.0583668 0.034881 0.0177882 0.00938659 0.00492506 0.0015258 0.00185414 0.000309023 5.79419e-05 3.86279e-05 0
 0 0.00173294 0.00326652 0 0.00397197 0.00683976 0.00946217 0.0152591 0.00757587 0.0136028 0.0228656 0.0392903 0.0559909 0.0764795 0.0681675 0.0726916 0.0566044 0.0477403 0.0527397 0.0444891 0.0609904 0.0582453 0.0661739 0.0445044 0.0529084 0.0360697 0.0280645 0.0235558 0.0158879 0.00826598 0.00280645 0.00217768 0.000904811 0.00058276 9.20147e-05 0
 0 0 0 0 0 0 0 0 0 0 0 0 0 0 0 0 0 0 0 0 0 0 0 0 0 0 0 0 0 0 0 0 0 0 0 0
 0 0 0 0 0 0 0 0 0 0 0 0 0 0 0 0 0 0 0 0 0 0 0 0 0 0 0 0 0 0 0 0 0 0 0 0
 0 0 0 0 0 0 0 0 0 0 0 0 0 0 0 0 0 0 0 0 0 0 0 0 0 0 0 0 0 0 0 0 0 0 0 0
ppred_pel_tallas
 1.01123e-16 3.38759e-05 0.000198828 0.000945146 0.00363888 0.0113475 0.0286629 0.0586479 0.0972148 0.130555 0.142065 0.1253 0.089668 0.0522793 0.0252758 0.0109707 0.00565838 0.00497904 0.00626132 0.00833242 0.0107129 0.0131136 0.0152687 0.0169299 0.017909 0.0181169 0.0175802 0.0164257 0.0148433 0.0130377 0.0111874 0.00942052 0.00781024 0.006385 0.00514532 0.0040793
 1.01346e-16 3.09718e-05 0.000181772 0.000864044 0.00332659 0.0103736 0.0262031 0.0536154 0.0888755 0.119363 0.129906 0.114623 0.0821295 0.0480904 0.0236359 0.0109167 0.00657985 0.00666276 0.00872172 0.0116468 0.0149205 0.0181635 0.0209998 0.0230792 0.0241455 0.0240937 0.0229918 0.0210555 0.0185886 0.0159088 0.013284 0.0108952 0.00883056 0.00710338 0.00568101 0.00451287
 1.02571e-16 2.37939e-05 0.000139622 0.000663637 0.00255494 0.00796724 0.0201248 0.0411797 0.0682662 0.0916985 0.099836 0.0881809 0.0633811 0.0375112 0.0191808 0.0101145 0.0078118 0.00928595 0.0126749 0.0170768 0.0219679 0.0268603 0.0312254 0.0345573 0.0364748 0.0368051 0.035616 0.0331832 0.0299095 0.0262237 0.0224936 0.018976 0.0158082 0.0130319 0.0106304 0.00856425
 1.03334e-16 2.79344e-05 0.000163942 0.000779283 0.00300025 0.00935596 0.0236325 0.0483557 0.0801568 0.107654 0.117164 0.103384 0.0740847 0.0433972 0.0213643 0.00993283 0.00609004 0.00627808 0.00831409 0.0112225 0.0145637 0.0180199 0.021267 0.0239881 0.0259288 0.0269465 0.0270317 0.0262922 0.0249113 0.0230948 0.021026 0.0188419 0.0166318 0.0144496 0.0123329 0.0103159
 1.02848e-16 2.97538e-05 0.000174623 0.000830065 0.00319577 0.00996569 0.0251726 0.0515069 0.0853799 0.114668 0.124793 0.110106 0.0788819 0.046166 0.022649 0.0103945 0.00618139 0.00620663 0.00813234 0.0109096 0.0140662 0.0172676 0.0201821 0.0224953 0.0239683 0.024488 0.0240857 0.0229169 0.0212116 0.0192131 0.017126 0.0150889 0.0131721 0.0113951 0.00975104 0.00822828
 1.03561e-16 2.30883e-05 0.00013548 0.000643949 0.00247914 0.00773086 0.0195278 0.0399581 0.0662412 0.088979 0.0968766 0.0855707 0.0615131 0.0364221 0.0186543 0.00988699 0.00769765 0.00919212 0.0125669 0.0169488 0.0218298 0.0267342 0.0311461 0.0345703 0.0366333 0.0371638 0.0362241 0.0340767 0.0311052 0.0277154 0.024251 0.0209467 0.0179229 0.0152107 0.0127914 0.0106306
 1.03801e-16 2.75887e-05 0.000161912 0.000769637 0.00296311 0.00924013 0.0233399 0.047757 0.0791644 0.106321 0.115714 0.102103 0.073167 0.042859 0.0210984 0.0098083 0.00601392 0.00620281 0.0082214 0.0111094 0.0144368 0.0178943 0.0211661 0.0239421 0.0259717 0.0271115 0.0273459 0.0267722 0.0255603 0.0239012 0.0219649 0.0198781 0.0177237 0.0155538 0.0134081 0.0113267
 1.04195e-16 2.41374e-05 0.000141643 0.000673255 0.00259198 0.00808278 0.0204166 0.0417765 0.0692541 0.0930214 0.101265 0.0894177 0.0642142 0.0378921 0.0191694 0.0097766 0.00715903 0.00827604 0.011243 0.0151709 0.0195796 0.0240464 0.0281191 0.031363 0.0334469 0.0342133 0.0337051 0.0321366 0.0298245 0.0271029 0.0242522 0.0214607 0.0188225 0.0163623 0.0140695 0.0119288
 1.04278e-16 2.58687e-05 0.000151812 0.000721612 0.00277819 0.00866347 0.0218833 0.044777 0.074226 0.0996929 0.10851 0.0957727 0.0686858 0.0403458 0.0200693 0.00967955 0.0064075 0.00697448 0.00936365 0.0126585 0.0164182 0.0202958 0.0239279 0.0269591 0.0291079 0.0302215 0.0302993 0.0294734 0.0279583 0.0259892 0.0237699 0.0214458 0.0191032 0.0167864 0.0145215 0.0123346
 1.04418e-16 2.45981e-05 0.000144349 0.000686126 0.00264155 0.00823735 0.020807 0.0425751 0.0705772 0.0947962 0.103191 0.0911033 0.0653922 0.0385221 0.019368 0.00968253 0.00685183 0.0077709 0.0105213 0.0142115 0.01838 0.0226357 0.0265623 0.029757 0.031908 0.0328592 0.0326344 0.0314131 0.0294681 0.0270909 0.0245276 0.0219461 0.0194351 0.0170259 0.0147229 0.0125292
 1.0597e-16 1.90517e-05 0.000111781 0.000531281 0.00204533 0.00637807 0.0161107 0.0329666 0.0546529 0.0734191 0.0799517 0.0706592 0.0508775 0.0302935 0.0158287 0.00890103 0.00754937 0.00942019 0.0130474 0.0177108 0.0229634 0.0283562 0.0333847 0.0375517 0.0404657 0.0419199 0.0419238 0.0406747 0.0384852 0.0356936 0.0325902 0.0293776 0.0261703 0.0230207 0.0199536 0.0169943
 1.07749e-16 1.90815e-05 0.000111962 0.000532156 0.00204873 0.00638866 0.0161374 0.0330207 0.0547407 0.0735314 0.0800594 0.0707194 0.0508449 0.0301224 0.0154634 0.0082635 0.00653738 0.00791833 0.0109512 0.0149593 0.0195742 0.0244535 0.0292092 0.0334458 0.0368316 0.0391576 0.0403643 0.0405237 0.0397917 0.0383496 0.0363576 0.0339346 0.0311638 0.0281136 0.0248599 0.0214992
 1.06231e-16 2.6115e-05 0.000153262 0.000728518 0.00280479 0.00874645 0.0220929 0.0452054 0.0749347 0.10064 0.10953 0.0966463 0.069254 0.0405621 0.0199597 0.00926732 0.00567122 0.00585082 0.00777538 0.010548 0.0137783 0.0171935 0.0205158 0.02347 0.0258302 0.0274602 0.0283307 0.0285035 0.0280951 0.0272327 0.0260203 0.0245248 0.0227829 0.0208191 0.0186664 0.0163788
 1.04231e-16 2.70872e-05 0.000158965 0.000755619 0.00290912 0.00907178 0.0229147 0.0468873 0.0777239 0.10439 0.11362 0.100277 0.0719037 0.0422099 0.020947 0.010017 0.0065118 0.00698794 0.00932288 0.0125475 0.0161939 0.0198983 0.0232872 0.0260051 0.0277825 0.0284932 0.0281751 0.0270054 0.0252425 0.0231555 0.0209654 0.0188145 0.0167668 0.0148297 0.0129852 0.0112159
 1.02477e-16 3.10229e-05 0.000182076 0.000865497 0.0033322 0.0103911 0.0262472 0.0537055 0.0890237 0.119559 0.130111 0.114783 0.0822014 0.0480456 0.0234529 0.0105638 0.00600734 0.00580881 0.00752751 0.0100766 0.0129821 0.0159244 0.0185937 0.0206975 0.0220142 0.0224397 0.0220049 0.0208573 0.0192144 0.0173067 0.0153294 0.0134155 0.0116334 0.0100022 0.00851418 0.00715506
 1.0156e-16 3.2554e-05 0.000191064 0.00090823 0.00349673 0.0109042 0.0275432 0.0563572 0.0934189 0.12546 0.136529 0.120437 0.086232 0.0503636 0.0245133 0.0109189 0.00603416 0.00567892 0.00728509 0.00970918 0.0124566 0.0152008 0.0176311 0.0194587 0.0204702 0.0205743 0.0198193 0.0183731 0.0164746 0.014375 0.0122856 0.0103494 0.00863685 0.00716066 0.00589944 0.0048198
 1.01977e-16 2.71029e-05 0.000159052 0.000756022 0.00291066 0.00907655 0.0229268 0.0469124 0.077767 0.104452 0.1137 0.100375 0.0720331 0.0424057 0.0212657 0.010536 0.00732471 0.00819556 0.0110169 0.0147869 0.0189778 0.0231429 0.0268147 0.0295515 0.0310265 0.0311004 0.0298492 0.0275335 0.0245248 0.021214 0.0179325 0.0149064 0.0122495 0.00998501 0.00808086 0.00648364
 1.02778e-16 2.74848e-05 0.000161299 0.000766713 0.00295184 0.00920498 0.0232512 0.0475757 0.0788649 0.105922 0.115287 0.101747 0.0729538 0.0428192 0.0212364 0.0101347 0.00656317 0.00702828 0.00937818 0.0126325 0.0163202 0.0200746 0.0235166 0.02628 0.0280802 0.0287725 0.0283759 0.0270527 0.0250549 0.0226572 0.0200999 0.0175563 0.0151287 0.0128645 0.0107797 0.00887936
 1.0316e-16 2.72684e-05 0.000160028 0.000760671 0.00292857 0.00913244 0.0230679 0.0472008 0.0782437 0.105088 0.114381 0.100951 0.0723905 0.0425038 0.0211081 0.0101198 0.00661321 0.00712338 0.00951417 0.0128089 0.0165334 0.020315 0.0237688 0.0265253 0.028301 0.0289573 0.0285236 0.0271749 0.0251745 0.0228041 0.0203046 0.0178428 0.0155095 0.0133373 0.011328 0.00947609
 1.02518e-16 3.10201e-05 0.000182059 0.000865421 0.00333191 0.0103902 0.0262449 0.0537007 0.0890156 0.119548 0.130097 0.114768 0.0821825 0.0480192 0.0234118 0.010498 0.00590543 0.00565903 0.00732017 0.00980712 0.0126545 0.015554 0.0182073 0.0203316 0.02171 0.0222358 0.0219303 0.0209254 0.0194206 0.0176297 0.0157349 0.0138632 0.0120832 0.01042 0.00887556 0.00744655
 1.02328e-16 2.86971e-05 0.000168416 0.000800546 0.0030821 0.0096112 0.0242772 0.0496752 0.0823451 0.110596 0.120373 0.106233 0.0761647 0.044692 0.0221419 0.0105248 0.00675314 0.00717108 0.00952132 0.0127685 0.0164091 0.0200514 0.0232965 0.0257675 0.027184 0.027423 0.0265421 0.0247538 0.022363 0.01969 0.0170049 0.0144906 0.0122376 0.0102642 0.00854661 0.00704757
 1.02558e-16 2.84723e-05 0.000167097 0.00079428 0.00305798 0.00953599 0.0240872 0.0492864 0.0817002 0.109729 0.119427 0.105392 0.0755485 0.0443043 0.021902 0.0103327 0.00653057 0.00686873 0.00911274 0.0122467 0.0157887 0.0193722 0.0226232 0.0251843 0.0267826 0.0272865 0.0267288 0.0252847 0.023217 0.0208077 0.0182992 0.015862 0.01359 0.0115174 0.00964442 0.00796005
 1.02323e-16 3.06294e-05 0.000179764 0.000854507 0.00328988 0.0102592 0.0259139 0.0530236 0.0878936 0.118042 0.128462 0.113334 0.0811753 0.0474691 0.0232153 0.0105311 0.00609315 0.00598071 0.00778529 0.0104313 0.0134438 0.0164959 0.0192672 0.0214543 0.0228258 0.023271 0.0228189 0.0216189 0.0198938 0.0178817 0.015786 0.013748 0.0118439 0.0100995 0.00851275 0.00707368
 1.02365e-16 2.84859e-05 0.000167176 0.00079465 0.0030594 0.00954041 0.0240984 0.0493094 0.0817387 0.109782 0.119488 0.105453 0.0756086 0.0443721 0.0219955 0.0104759 0.00674993 0.00719034 0.00955776 0.012825 0.0164918 0.0201677 0.0234536 0.0259718 0.0274396 0.0277304 0.0268976 0.0251489 0.0227849 0.0201226 0.0174306 0.0148923 0.0126006 0.0105778 0.00880525 0.00725049
 1.04564e-16 1.70616e-05 0.00010009 0.000475685 0.00183125 0.00571042 0.0144244 0.0295169 0.0489372 0.0657509 0.071628 0.0633665 0.0457648 0.0275268 0.0148909 0.00917559 0.00867295 0.0113078 0.0157663 0.0213528 0.0275593 0.0338255 0.0395143 0.0440052 0.046822 0.0477345 0.0467984 0.0443171 0.0407462 0.0365743 0.0322218 0.0279837 0.0240227 0.0203985 0.0171126 0.0141476
pSPR Fmed_Fpbrs
0.738592   0.333928 0.333928
Fs Fmed_Fpbrs
0.185299   1.005 1.005
SSBpbr Bo_Bmed_Bpbrs
1.51042e+06  1.04006e+06  428849 428849
Ro
63576.6
SPR SPRFo_SPRFmed_SPRFpbrs
1.30572e+06 964395 436017
log_Ro
10.88
likeval ReclasPelacesDesembMPH_pf_preclas_ppelaces_ptallas_desvR_qrecl_qpela
 61.9517 23.5677 0.0382013 0.000225801 319.364 201.726 78.1993 0 16.4472 9.74646e-05 1.88458e-06 0 0 0 0
q_reclas_q_pelaces
0.246853 1.21569
M
0.7
N
 74942.8 18770.3 6976.61 821.904 0.418423
 93508.4 34837.7 6685.76 2484.99 292.902
 60205.1 44265.2 13597.2 2609.46 1084.21
 86806.6 28029.8 15889.1 4880.73 1325.85
 142163 42598.2 13111.9 7432.66 2903.34
 106696 70414 20880.2 6427.03 5066.37
 157945 51557.9 30481.4 9038.8 4975.36
 134649 77102 23489.2 13887 6384.7
 147291 64555.6 32080.1 9773.27 8434.53
 134829 70159.1 25995.9 12918.3 7332.09
 67304.4 64564.2 29015.8 10751.1 8374.99
 41324.7 30810.8 21288.5 9567.25 6306.38
 42148.8 19002 10388.9 7178.13 5352.34
 24174.4 18537.2 5121.26 2799.93 3377.11
 19161.8 9693.59 3137.96 866.922 1045.65
 24507.2 7833.68 1808.72 585.511 356.866
 20747.5 11289.8 2666.1 615.578 320.727
 23727.1 9777.84 4308.7 1017.5 357.336
 27306.5 11381.2 4078.42 1797.19 573.457
 46973.9 13173.5 4886.19 1750.95 1017.77
 58551.6 22643.2 5632.57 2089.19 1183.82
 77274.4 28669.3 10475 2605.68 1514.12
 126793 37661.1 12955.7 4733.66 1861.75
 154509 61591.6 16739.1 5758.4 2931.45
 69178.8 75140.1 27531.8 7482.49 3884.41
pred_Ctot
 3456.65 3890 1445.85 170.333 0.086715
 3150.86 5437.2 1043.46 387.837 45.7138
 2714.15 8989.18 2761.26 529.917 220.177
 737.204 1173.13 665.006 204.274 55.4908
 263.981 396.28 121.977 69.1442 27.0091
 2067.85 6547.15 1941.46 597.59 471.075
 1929.95 3076.3 1818.73 539.317 296.864
 3351.1 9082.07 2766.87 1635.79 752.073
 4330.94 8885.03 4415.31 1345.13 1160.88
 3468.19 8524.12 3158.42 1569.54 890.827
 3800.04 15972.3 7178.11 2659.68 2071.86
 2210.03 7272.23 5024.69 2258.15 1488.49
 3490.38 6469.99 3537.33 2444.09 1822.42
 3388.43 9330.41 2577.71 1409.31 1699.82
 2463.04 4597.24 1488.19 411.143 495.903
 1280.15 1811.43 418.243 135.391 82.5204
 762.721 1907.97 450.569 104.032 54.2026
 582.347 1136.8 500.941 118.298 41.5449
 560.718 1118.04 400.644 176.548 56.3337
 991.311 1328.11 492.61 176.525 102.608
 589.278 1118.73 278.287 103.22 58.4888
 1032.54 1865.34 681.543 169.536 98.5149
 1989.41 2860.86 984.157 359.584 141.424
 2300.92 4449.34 1209.23 415.984 211.766
 1001.4 5281.8 1935.28 525.964 273.045
F
 0.0660234 0.332295 0.332295 0.332295 0.332295
 0.0478519 0.240838 0.240838 0.240838 0.240838
 0.0644885 0.324569 0.324569 0.324569 0.324569
 0.0118709 0.0597461 0.0597461 0.0597461 0.0597461
 0.00258496 0.01301 0.01301 0.01301 0.01301
 0.0272752 0.137276 0.137276 0.137276 0.137276
 0.0171196 0.0861628 0.0861628 0.0861628 0.0861628
 0.0351465 0.176892 0.176892 0.176892 0.176892
 0.0416433 0.20959 0.20959 0.20959 0.20959
 0.0363454 0.182925 0.182925 0.182925 0.182925
 0.0813622 0.409494 0.409494 0.409494 0.409494
 0.0769178 0.387126 0.387126 0.387126 0.387126
 0.121427 0.611142 0.611142 0.611142 0.611142
 0.213831 1.07621 1.07621 1.07621 1.07621
 0.194486 0.978843 0.978843 0.978843 0.978843
 0.0750679 0.377815 0.377815 0.377815 0.377815
 0.0523079 0.263265 0.263265 0.263265 0.263265
 0.0346531 0.174408 0.174408 0.174408 0.174408
 0.0289194 0.145551 0.145551 0.145551 0.145551
 0.0297316 0.149639 0.149639 0.149639 0.149639
 0.0140817 0.0708727 0.0708727 0.0708727 0.0708727
 0.0187342 0.094289 0.094289 0.094289 0.094289
 0.0220305 0.110879 0.110879 0.110879 0.110879
 0.0208989 0.105184 0.105184 0.105184 0.105184
 0.0203095 0.102218 0.102218 0.102218 0.102218
nmprior
 10.6 11 7 0
nm_flota  nm_reclas  nm_pelaces    nm_pelaL
inf 12.6869 21.1478 52.8256
cv_recla  cv_pelaces  cv_mph
0.711953 0.550466 0.48753
 ------------------------------------------------
Talla a la edad & desviación 
 7.2 14.2025 17.0495 18.207 18.6776
 1.08 2.13037 2.55742 2.73105 2.80164
