years
 1997 1998 1999 2000 2001 2002 2003 2004 2005 2006 2007 2008 2009 2010 2011 2012 2013 2014 2015 2016 2017 2018 2019 2020 2021
reclasobs
 0 0 0 370054 412103 1.49427e+06 250295 1.28982e+06 931140 785840 897777 1.04006e+06 184774 17550 25797 100020 73551 82996 120727 218422 84188 347160 605670 569463 516374
reclaspred
 863737 187037 401240 198174 315310 390909 847329 631658 711078 837456 785778 555200 336228 133930 74735.4 69546.4 79820.7 106736 117388 142657 219808 217449 362218 425574 421694
pelacesobs
 0 0 0 0 0 0 0 0 0 2.06254e+06 1.5e+06 0 1.87456e+06 323000 250000 174000 83755 137374 0 501740 490994 745055 786931 1.00524e+06 1.33801e+06
pelacespred
 2.80776e+06 788953 681270 672510 972573 881174 2.3875e+06 1.99792e+06 2.05795e+06 2.52718e+06 2.00425e+06 1.46137e+06 864987 267891 154835 158314 189722 267994 297782 347994 648199 618902 773620 1.08931e+06 1.05836e+06
mphobs
 0 0 0 0 0 112323 0 153150 637223 0 255016 313432 73983 77613 109348 50772 0 0 0 0 0 0 0 0 0
mphpred
 295145 143770 135802 93878 94149.5 172374 224027 314716 281193 316553 381451 265400 166530 89940.6 40024.4 30169.7 30600.4 38520.5 48238.2 51294.8 73465 94179.2 114313 156185 186493
desembarqueobs
 350755 77701 442110 56441 14545 235359 269955 359681 431902 328805 639364 411747 362871 311530 167758 66681 60226 58785 57116 73181 50977 67692 138656 160484 209506
desembarquepred
 350742 77682.8 441876 56438.3 14544.9 235393 269985 359466 431755 328701 638819 411470 362603 311313 167415 66649.9 60235.9 58748.5 57076.4 73153.5 50974.8 67662.6 138628 160460 209472
Reclutas
 30120.8 42231.8 12679.1 18382 43394 26809.7 65298.1 63969.7 82317.4 116566 66418.1 47926.4 51766.7 28100.4 13535.2 10961.1 8364.42 9703.92 9502.95 13700.7 19529.1 23999.1 37817.9 41184.8 12512.8
log_desv_Rt
 0.0929714 0.43093 -0.772292 -0.400874 0.458076 -0.0234796 0.866719 0.846165 1.09834 1.44622 0.883725 0.557422 0.634502 0.0235398 -0.706948 -0.917896 -1.18826 -1.03971 -1.06064 -0.6948 -0.34034 -0.134227 0.320538 0.405825 -0.785495
SSB
 541232 263643 249032 172152 172650 316096 410817 577121 515647 580489 699497 486686 305379 164931 73396 55324.7 56114.4 70638.2 88458.2 94063.5 134719 172704 209625 286410 341987
BT
 1.47638e+06 392918 501328 299675 395415 467519 1.26541e+06 1.174e+06 1.27864e+06 1.35156e+06 1.31928e+06 925930 721599 405455 208912 119623 126318 156007 153291 194144 297880 269207 369392 526492 511095
Ftot
 0.575771 0.660038 1.29922 0.427468 0.0822599 0.750979 0.553285 0.877922 0.996246 0.662394 1.08183 1.01836 1.64542 2.92685 3.06818 1.37768 1.13497 0.853372 0.66852 0.778229 0.360437 0.436838 0.538724 0.543176 0.613098
BD_Bspro_t
 0.926304 0.653848 0.536483 0.286561 0.405241 0.609881 0.527271 0.571217 0.502701 0.485241 0.497034 0.340934 0.246555 0.165556 0.0908264 0.084711 0.117471 0.19423 0.280422 0.346685 0.461926 0.589443 0.595831 0.596343 0.572045
BD_Bspro
 0.960152 0.467705 0.441786 0.305399 0.306283 0.560758 0.728795 1.02382 0.914765 1.0298 1.24092 0.863388 0.541746 0.29259 0.130205 0.0981467 0.0995477 0.125313 0.156926 0.16687 0.238993 0.306379 0.371878 0.508095 0.60669
BD_Bo
 0.704139 0.342997 0.323989 0.223968 0.224616 0.411238 0.53447 0.750829 0.670853 0.755212 0.910041 0.633175 0.397296 0.214574 0.0954876 0.071977 0.0730044 0.0918997 0.115083 0.122376 0.175268 0.224687 0.272721 0.372617 0.444923
BD_Brms
 1.28025 0.623631 0.58907 0.407215 0.408392 0.747706 0.971764 1.36514 1.21973 1.37311 1.65462 1.15123 0.722356 0.390135 0.173614 0.130867 0.132735 0.16709 0.209243 0.222502 0.318669 0.408521 0.495856 0.677485 0.808951
S_f
 0.130339 1 1 1 1
 0.130339 1 1 1 1
 0.130339 1 1 1 1
 0.130339 1 1 1 1
 0.130339 1 1 1 1
 0.130339 1 1 1 1
 0.130339 1 1 1 1
 0.130339 1 1 1 1
 0.130339 1 1 1 1
 0.130339 1 1 1 1
 0.130339 1 1 1 1
 0.130339 1 1 1 1
 0.130339 1 1 1 1
 0.130339 1 1 1 1
 0.130339 1 1 1 1
 0.130339 1 1 1 1
 0.130339 1 1 1 1
 0.130339 1 1 1 1
 0.130339 1 1 1 1
 0.130339 1 1 1 1
 0.130339 1 1 1 1
 0.130339 1 1 1 1
 0.130339 1 1 1 1
 0.130339 1 1 1 1
 0.130339 1 1 1 1
Scru_reclas
 0.418628 0.78373 0.948018 0.989222 0.99784
 0.418628 0.78373 0.948018 0.989222 0.99784
 0.418628 0.78373 0.948018 0.989222 0.99784
 0.418628 0.78373 0.948018 0.989222 0.99784
 0.418628 0.78373 0.948018 0.989222 0.99784
 0.418628 0.78373 0.948018 0.989222 0.99784
 0.418628 0.78373 0.948018 0.989222 0.99784
 0.418628 0.78373 0.948018 0.989222 0.99784
 0.418628 0.78373 0.948018 0.989222 0.99784
 0.418628 0.78373 0.948018 0.989222 0.99784
 0.418628 0.78373 0.948018 0.989222 0.99784
 0.418628 0.78373 0.948018 0.989222 0.99784
 0.418628 0.78373 0.948018 0.989222 0.99784
 0.418628 0.78373 0.948018 0.989222 0.99784
 0.418628 0.78373 0.948018 0.989222 0.99784
 0.418628 0.78373 0.948018 0.989222 0.99784
 0.418628 0.78373 0.948018 0.989222 0.99784
 0.418628 0.78373 0.948018 0.989222 0.99784
 0.418628 0.78373 0.948018 0.989222 0.99784
 0.418628 0.78373 0.948018 0.989222 0.99784
 0.418628 0.78373 0.948018 0.989222 0.99784
 0.418628 0.78373 0.948018 0.989222 0.99784
 0.418628 0.78373 0.948018 0.989222 0.99784
 0.418628 0.78373 0.948018 0.989222 0.99784
 0.418628 0.78373 0.948018 0.989222 0.99784
Scru_pelaces
 0.503208 0.985031 0.999766 0.999996 1
 0.503208 0.985031 0.999766 0.999996 1
 0.503208 0.985031 0.999766 0.999996 1
 0.503208 0.985031 0.999766 0.999996 1
 0.503208 0.985031 0.999766 0.999996 1
 0.503208 0.985031 0.999766 0.999996 1
 0.503208 0.985031 0.999766 0.999996 1
 0.503208 0.985031 0.999766 0.999996 1
 0.503208 0.985031 0.999766 0.999996 1
 0.503208 0.985031 0.999766 0.999996 1
 0.503208 0.985031 0.999766 0.999996 1
 0.503208 0.985031 0.999766 0.999996 1
 0.503208 0.985031 0.999766 0.999996 1
 0.503208 0.985031 0.999766 0.999996 1
 0.503208 0.985031 0.999766 0.999996 1
 0.503208 0.985031 0.999766 0.999996 1
 0.503208 0.985031 0.999766 0.999996 1
 0.503208 0.985031 0.999766 0.999996 1
 0.503208 0.985031 0.999766 0.999996 1
 0.503208 0.985031 0.999766 0.999996 1
 0.503208 0.985031 0.999766 0.999996 1
 0.503208 0.985031 0.999766 0.999996 1
 0.503208 0.985031 0.999766 0.999996 1
 0.503208 0.985031 0.999766 0.999996 1
 0.503208 0.985031 0.999766 0.999996 1
pf_obs 
 0.256992 0.487395 0.22802 0.0275931 0
 0.321318 0.546541 0.124235 0.00734118 0.000564706
 0.182869 0.594174 0.210203 0.0122559 0.00049798
 0.330522 0.361315 0.267642 0.0388342 0.00168674
 0.649043 0.306663 0.0425973 0.00169635 0
 0.582887 0.30429 0.105238 0.00758474 0
 0.465427 0.430635 0.0974691 0.00646863 0
 0.296916 0.608066 0.0921331 0.00288517 0
 0.311714 0.524322 0.152257 0.0117073 0
 0.15457 0.633149 0.183074 0.0267441 0.00246327
 0.131901 0.49318 0.331252 0.0422183 0.00144891
 0.196976 0.569456 0.194076 0.0375587 0.00193317
 0.518974 0.381816 0.0799577 0.0180837 0.00116848
 0.0928022 0.601141 0.25162 0.0475244 0.00691264
 0.122501 0.610282 0.24278 0.0234846 0.000952079
 0.383417 0.481906 0.127806 0.00687128 0
 0.0376549 0.599619 0.316969 0.0457579 0
 0.0361596 0.667082 0.258105 0.0386534 0
 0.158088 0.579412 0.248529 0.0139706 0
 0.0477256 0.309471 0.559284 0.082774 0.000745712
 0.0406174 0.521527 0.379366 0.0568643 0.0016247
 0.151134 0.462217 0.34131 0.0453401 0
 0.294876 0.26143 0.354403 0.0886775 0.000613685
 0.281977 0.475581 0.204845 0.0348837 0.00271318
 0.0354234 0.537034 0.353287 0.0723622 0.0018943
pf_pred 
 0.202503 0.551433 0.218824 0.0272321 7.55168e-06
 0.266531 0.53028 0.140496 0.0557525 0.00694018
 0.0955382 0.720121 0.133274 0.0353104 0.0157564
 0.246091 0.466574 0.228772 0.0423392 0.0162232
 0.338302 0.500462 0.0997853 0.048927 0.0125246
 0.14669 0.685447 0.126959 0.025314 0.0155893
 0.362532 0.420717 0.174112 0.0322492 0.0103899
 0.242656 0.645575 0.0737655 0.0305275 0.00747604
 0.298212 0.557927 0.12263 0.0140121 0.00721896
 0.312246 0.581842 0.0842006 0.018507 0.00320413
 0.163941 0.694038 0.12015 0.0173874 0.00448333
 0.183831 0.593199 0.185094 0.032043 0.00583272
 0.291253 0.529242 0.130466 0.0407088 0.00833023
 0.262598 0.653204 0.062873 0.0154991 0.00582575
 0.289043 0.66733 0.0386448 0.00371969 0.00126162
 0.322545 0.643951 0.0314485 0.00182117 0.000234748
 0.23788 0.674141 0.0836274 0.00408409 0.000266994
 0.279352 0.58632 0.118821 0.0147398 0.000766903
 0.230873 0.632489 0.111168 0.0225289 0.00294012
 0.293606 0.539858 0.136951 0.0240709 0.00551472
 0.281132 0.594132 0.0953286 0.0241829 0.00522425
 0.236911 0.59692 0.137336 0.0220356 0.00679757
 0.284816 0.534881 0.141041 0.03245 0.00681274
 0.230172 0.616283 0.114835 0.0302805 0.00842941
 0.0742509 0.695492 0.184332 0.0343474 0.0115782
pobs_RECLAS
 0 0 0 0 0
 0 0 0 0 0
 0 0 0 0 0
 0 0 0 0 0
 0.835266 0.146461 0.0176864 0.000547809 3.91292e-05
 0.385257 0.428462 0.181853 0.0044286 0
 0.867414 0.0963971 0.0333333 0.00285562 0
 0.441836 0.489002 0.0689373 0.000224442 0
 0.779404 0.147425 0.0564933 0.0165055 0.000172143
 0.814271 0.122319 0.05973 0.00367925 0
 0.40263 0.566651 0.0304383 0.000280538 0
 0.475488 0.404961 0.113038 0.00651328 0
 0.955842 0.0263864 0.0167828 0.000988607 0
 0.975058 0.0227948 0.00214734 0 0
 0.738997 0.206755 0.0527124 0.00153531 0
 0.850938 0.134255 0.0134407 0.00136685 0
 0.542534 0.407297 0.0501686 0 0
 0.764087 0.199537 0.0359546 0.000420521 0
 0.470689 0.182191 0.310203 0.0369168 0
 0.84361 0.089868 0.0606195 0.00523954 0.000663233
 0.607945 0.314616 0.071237 0.00620181 0
 0.523733 0.453247 0.0230204 0 0
 0.530135 0.295979 0.169645 0.0042399 0
 0.562478 0.366248 0.0663022 0.0049721 0
 0.250443 0.683176 0.0655157 0.000865301 0
ppred_RECLAS
 0.504368 0.321346 0.15425 0.0200303 5.60297e-06
 0.595744 0.275031 0.0881433 0.036498 0.00458291
 0.32036 0.517381 0.115824 0.032021 0.0144131
 0.559429 0.25148 0.149154 0.028804 0.011133
 0.665839 0.239294 0.0577137 0.0295283 0.00762467
 0.417404 0.448282 0.100437 0.0208961 0.0129807
 0.692907 0.18854 0.0943827 0.0182415 0.00592819
 0.57772 0.34823 0.0481308 0.0207844 0.00513435
 0.645567 0.269727 0.0717125 0.00855025 0.00444341
 0.654305 0.282845 0.0495118 0.0113555 0.00198311
 0.461235 0.43127 0.0903109 0.0136373 0.00354699
 0.488322 0.350913 0.132447 0.0239254 0.00439304
 0.657204 0.242205 0.072223 0.0235149 0.00485377
 0.690539 0.267299 0.0311217 0.0080054 0.00303525
 0.727418 0.25251 0.017688 0.00177652 0.0006078
 0.689918 0.291675 0.0172305 0.00104118 0.000135377
 0.58146 0.361369 0.0542249 0.00276327 0.00018222
 0.621225 0.296257 0.0726237 0.00940056 0.000493366
 0.554789 0.352368 0.0749159 0.015842 0.00208547
 0.632977 0.266704 0.0818399 0.0150096 0.00346871
 0.612323 0.308499 0.0598748 0.0158492 0.00345373
 0.555703 0.331714 0.0923173 0.0154561 0.00480946
 0.61634 0.271761 0.0866815 0.02081 0.00440704
 0.549473 0.345277 0.0778238 0.021413 0.00601284
 0.245932 0.537037 0.172172 0.033476 0.0113828
pobs_PELACES
 0 0 0 0 0
 0 0 0 0 0
 0 0 0 0 0
 0 0 0 0 0
 0 0 0 0 0
 0 0 0 0 0
 0 0 0 0 0
 0 0 0 0 0
 0 0 0 0 0
 0 0 0 0 0
 0.450072 0.473896 0.0757376 0.000293798 0
 0 0 0 0 0
 0.463077 0.371075 0.160297 0.00555027 0
 0.529543 0.364841 0.0842815 0.0213345 0
 0.631943 0.363953 0.00410389 0 0
 0.735681 0.248677 0.0153453 0.000297389 0
 0.695825 0.281241 0.0229344 0 0
 0.275771 0.60734 0.115278 0.00161068 0
 0 0 0 0 0
 0.896147 0.0623911 0.0374545 0.00400742 0
 0.803859 0.145111 0.0509908 3.86294e-05 0
 0.739449 0.233085 0.0266225 0.000797448 4.60066e-05
 0.878498 0.100942 0.0204185 0.000141795 0
 0.694673 0.275183 0.0284847 0.00165964 0
 0.469039 0.446079 0.0841089 0.000773354 0
ppred_PELACES
 0.549306 0.310201 0.124938 0.0155517 4.31264e-06
 0.643188 0.256897 0.069082 0.02742 0.0034133
 0.405635 0.471781 0.0886193 0.0234847 0.0104795
 0.596784 0.248121 0.123479 0.0228577 0.00875846
 0.672482 0.246806 0.049946 0.0244953 0.00627047
 0.469429 0.424942 0.0798857 0.0159318 0.00981145
 0.730104 0.177223 0.0744398 0.013791 0.00444316
 0.634529 0.310845 0.0360494 0.0149223 0.00365442
 0.707147 0.232107 0.0517794 0.00591784 0.00304885
 0.693098 0.259041 0.0380476 0.00836464 0.00144818
 0.536023 0.384183 0.0675037 0.00977097 0.00251945
 0.563388 0.316039 0.100087 0.0173309 0.00315472
 0.755837 0.181633 0.0454449 0.0141833 0.00290233
 0.835006 0.145904 0.0142538 0.00351459 0.00132106
 0.861732 0.129664 0.00762114 0.000733728 0.000248862
 0.761379 0.226652 0.0112345 0.000650735 8.38799e-05
 0.65303 0.306386 0.0385758 0.00188435 0.000123188
 0.67518 0.263538 0.0542064 0.00672586 0.000349944
 0.59939 0.328565 0.0586134 0.0118811 0.00155054
 0.683661 0.240908 0.0620275 0.0109047 0.0024983
 0.634417 0.301363 0.049077 0.0124527 0.00269017
 0.586105 0.322712 0.0753585 0.0120941 0.00373081
 0.653536 0.258141 0.0690865 0.0158987 0.00333788
 0.586728 0.329855 0.062383 0.0164534 0.00458027
 0.28103 0.538135 0.14476 0.02698 0.00909476
pobs_pel_tallas
 0 0 0 0 0 0 0 0 0 0 0 0 0 0 0 0 0 0 0 0 0 0 0 0 0 0 0 0 0 0 0 0 0 0 0 0
 0 0 0 0 0 0 0 0 0 0 0 0 0 0 0 0 0 0 0 0 0 0 0 0 0 0 0 0 0 0 0 0 0 0 0 0
 0 0 0 0 0 0 0 0 0 0 0 0 0 0 0 0 0 0 0 0 0 0 0 0 0 0 0 0 0 0 0 0 0 0 0 0
 0 0 0 0 0 0 0 0 0 0 0 0 0 0 0 0 0 0 0 0 0 0 0 0 0 0 0 0 0 0 0 0 0 0 0 0
 0 0 0 0 0 0 0 0 0 0 0 0 0 0 0 0 0 0 0 0 0 0 0 0 0 0 0 0 0 0 0 0 0 0 0 0
 0 0 0 0 0 0 0 0 0 0 0 0 0 0 0 0 0 0 0 0 0 0 0 0 0 0 0 0 0 0 0 0 0 0 0 0
 0 0 0 0 0 0 0 0 0 0 0 0 0 0 0 0 0 0 0 0 0 0 0 0 0 0 0 0 0 0 0 0 0 0 0 0
 0 0 0 0 0 0 0 0 0 0 0 0 0 0 0 0 0 0 0 0 0 0 0 0 0 0 0 0 0 0 0 0 0 0 0 0
 0 0 0 0 0 0 0 0 0 0 0 0 0 0 0 0 0 0 0 0 0 0 0 0 0 0 0 0 0 0 0 0 0 0 0 0
 0 0 0 0 0 0 0 0 0 0 0 0 0 0 0 0 0 0 0 0 0 0 0 0 0 0 0 0 0 0 0 0 0 0 0 0
 0 0 0 0 0 0 0 0 1.78061e-05 0.00172719 0.00360574 0.0105946 0.0120993 0.0124554 0.0147524 0.0171206 0.0266825 0.0428682 0.0675386 0.121331 0.153587 0.119568 0.100827 0.0573624 0.0630603 0.0341343 0.0324427 0.0444173 0.0211091 0.0280891 0.0125444 0.00206551 0 0 0 0
 0 0 0 0 0 0 0 0 0 0 0 0 0 0 0 0 0 0 0 0 0 0 0 0 0 0 0 0 0 0 0 0 0 0 0 0
 0 0 0 0 0 0 0.0133647 0.0140871 0.0187388 0.0205184 0.03894 0.0496705 0.03968 0.0493445 0.0407372 0.0367815 0.0215668 0.0243155 0.0234873 0.0199281 0.019796 0.0243948 0.0301388 0.0376714 0.0412746 0.0863199 0.0771752 0.113111 0.0741005 0.0525337 0.0229764 0.00759418 0.00175318 0 0 0
 0 0 0 0 0 0 0 0 0 0 0.00219441 0.00772107 0.0458388 0.0604681 0.0671733 0.0775358 0.0609151 0.0617685 0.073594 0.0568108 0.0755445 0.0548602 0.0670107 0.0636378 0.0643287 0.046367 0.0373049 0.0286899 0.0247887 0.0153202 0.00654259 0.00121912 0.000365735 0 0 0
 0 0 0 0 0 0 0 0 0 0 0 0 0.000112435 0.00938835 0.0111873 0.0202946 0.0414886 0.0713402 0.111592 0.104902 0.108894 0.110636 0.117776 0.105296 0.107544 0.0401394 0.0192827 0.0124803 0.00416011 0.0028671 0.000618394 0 0 0 0 0
 0 0 0 0 0 0 0 0 0 0 0.00291406 0.0102884 0.027416 0.0768956 0.0749926 0.110853 0.0956884 0.0897413 0.0766577 0.0534642 0.0500743 0.0551293 0.0594112 0.0620874 0.0668451 0.0424026 0.0208742 0.0120726 0.0048766 0.00582813 0.00118941 0.000297354 0 0 0 0
 0 0.00264628 0.0354308 0.0461629 0.0458689 0.0383711 0.0214643 0.0164657 0.0346957 0.0420465 0.0363128 0.0245516 0.0311673 0.0291091 0.0169068 0.0133784 0.00837989 0.0085269 0.0148486 0.0160247 0.0276389 0.0546898 0.0760071 0.122758 0.109233 0.0665981 0.0333725 0.0166128 0.00676272 0.00308733 0.000882094 0 0 0 0 0
 0 0 0 0 0 0 0 0.000805153 0.000690131 0.00759144 0.0133425 0.0154129 0.00931677 0.000345066 0.00356568 0.00563607 0.00851162 0.0253048 0.0502646 0.0516448 0.0657925 0.0565908 0.0611916 0.0827007 0.0866115 0.110766 0.145733 0.0935128 0.0569358 0.0249597 0.0138026 0.00621118 0.00161031 0.00115022 0 0
 0 0 0 0 0 0 0 0 0 0 0 0 0 0 0 0 0 0 0 0 0 0 0 0 0 0 0 0 0 0 0 0 0 0 0 0
 0.00147267 0.00158595 0.00478618 0.00569244 0.00954404 0.0108468 0.00647125 0.017049 0.0510054 0.094081 0.124002 0.0959785 0.0687766 0.0820023 0.061753 0.0591476 0.0492212 0.0479892 0.0443925 0.0268479 0.0217502 0.0140895 0.0121071 0.0120363 0.00920419 0.00665534 0.0049561 0.00860946 0.00930331 0.0156896 0.0114698 0.00855282 0.00243557 0.00046729 0 2.83206e-05
 0 0 0 0 0.000772559 0.00158375 0.000888443 0.00281984 0.00712685 0.0440552 0.0773331 0.111326 0.0921469 0.0852325 0.0710754 0.0886704 0.0786465 0.0553345 0.0373146 0.0185414 0.00753245 0.00457741 0.012979 0.0271748 0.0457355 0.0583668 0.034881 0.0177882 0.00938659 0.00492506 0.0015258 0.00185414 0.000309023 5.79419e-05 3.86279e-05 0
 0 0.00173294 0.00326652 0 0.00397197 0.00683976 0.00946217 0.0152591 0.00757587 0.0136028 0.0228656 0.0392903 0.0559909 0.0764795 0.0681675 0.0726916 0.0566044 0.0477403 0.0527397 0.0444891 0.0609904 0.0582453 0.0661739 0.0445044 0.0529084 0.0360697 0.0280645 0.0235558 0.0158879 0.00826598 0.00280645 0.00217768 0.000904811 0.00058276 9.20147e-05 0
 0 0 0 0 0 0 0 0 0 0 0 0 0 0 0 0 0 0 0 0 0 0 0 0 0 0 0 0 0 0 0 0 0 0 0 0
 0 0 0 0 0 0 0 0 0 0 0 0 0 0 0 0 0 0 0 0 0 0 0 0 0 0 0 0 0 0 0 0 0 0 0 0
 0 0 0 0 0 0 0 0 0 0 0 0 0 0 0 0 0 0 0 0 0 0 0 0 0 0 0 0 0 0 0 0 0 0 0 0
ppred_pel_tallas
 1.0241e-16 2.39778e-05 0.000140703 0.000668781 0.00257475 0.00802902 0.0202809 0.0414989 0.0687948 0.092407 0.100603 0.0888488 0.0638402 0.0377409 0.0192214 0.0100132 0.00759066 0.00894158 0.0121934 0.0164496 0.0212039 0.0259925 0.0303125 0.0336778 0.0357152 0.0362438 0.0353071 0.0331449 0.03012 0.0266265 0.0230096 0.0195191 0.0163012 0.0134177 0.0108781 0.00866842
 1.02167e-16 2.80692e-05 0.000164728 0.000783011 0.00301458 0.00940065 0.0237454 0.0485871 0.0805419 0.108176 0.117743 0.103922 0.0745292 0.0437757 0.0217689 0.0104829 0.0069059 0.00746829 0.00996365 0.0133735 0.0171912 0.0210114 0.0244164 0.0270105 0.0284979 0.0287466 0.0278137 0.0259188 0.0233795 0.0205314 0.01766 0.0149613 0.0125366 0.0104117 0.00856791 0.00697067
 1.02709e-16 1.77195e-05 0.000103947 0.000494006 0.00190176 0.00593031 0.0149799 0.0306539 0.0508238 0.0682897 0.0744044 0.065848 0.0476117 0.0287462 0.0157448 0.00999217 0.00972599 0.0127912 0.0178036 0.0239953 0.0307662 0.0374422 0.0432657 0.0475161 0.0496652 0.049499 0.0471619 0.0431043 0.0379595 0.032389 0.0269501 0.0220187 0.0177768 0.0142494 0.0113646 0.00901282
 1.03029e-16 2.60456e-05 0.000152848 0.000726533 0.00279713 0.00872253 0.0220325 0.0450825 0.0747328 0.100375 0.109257 0.0964411 0.0691857 0.0406808 0.0203125 0.00992317 0.00673107 0.00743819 0.0100109 0.0135148 0.0174843 0.02154 0.0252811 0.0283171 0.0303412 0.0311918 0.0308792 0.0295644 0.0275049 0.0249846 0.0222549 0.0195013 0.0168386 0.0143263 0.0119927 0.0098545
 1.01925e-16 2.93461e-05 0.000172226 0.000818658 0.00315184 0.00982867 0.0248265 0.0507991 0.084208 0.113097 0.123095 0.108631 0.0778761 0.0456802 0.0226015 0.0106923 0.00679092 0.00715476 0.00947195 0.0126817 0.0162695 0.0198378 0.0229842 0.0253312 0.026601 0.026677 0.0256272 0.0236768 0.0211446 0.0183638 0.0156142 0.0130838 0.0108631 0.00896557 0.00735889 0.00599477
 1.02279e-16 2.04993e-05 0.000120271 0.000571623 0.00220062 0.00686231 0.017334 0.0354702 0.0588054 0.0790031 0.0860476 0.0760822 0.0548594 0.0328179 0.0174252 0.0102281 0.0091323 0.0116041 0.0160365 0.0215871 0.0276682 0.0336605 0.0388791 0.0426738 0.0445691 0.0443729 0.0422172 0.0385107 0.0338269 0.0287658 0.023833 0.0193704 0.0155438 0.0123764 0.00980256 0.00772103
 1.01796e-16 3.18559e-05 0.000186967 0.000888753 0.00342174 0.0106704 0.0269525 0.0551486 0.0914152 0.122769 0.1336 0.117852 0.0843773 0.0492738 0.0239715 0.0106604 0.00587181 0.00551918 0.00709618 0.00949395 0.0122412 0.015032 0.0175729 0.0195859 0.0208566 0.0212787 0.0208718 0.0197654 0.0181581 0.0162655 0.0142764 0.0123265 0.0104957 0.00881866 0.00730382 0.00594924
 1.01297e-16 2.76937e-05 0.000162519 0.000772499 0.00297409 0.00927436 0.0234265 0.047935 0.0794625 0.106731 0.116183 0.102574 0.0736271 0.043375 0.021808 0.0108946 0.00768177 0.00865649 0.011632 0.0155678 0.0198996 0.0241404 0.0277828 0.0303537 0.0315133 0.0311343 0.0293307 0.0264208 0.0228434 0.0190526 0.0154275 0.0122196 0.00954355 0.00740291 0.00573196 0.00443746
 1.01157e-16 3.08571e-05 0.000181098 0.00086084 0.00331425 0.0103352 0.0261059 0.0534166 0.088546 0.118921 0.129426 0.114202 0.0818345 0.0479304 0.023581 0.0109314 0.0066434 0.00677089 0.00887951 0.0118615 0.0151967 0.0184998 0.0213874 0.023501 0.0245775 0.0245078 0.023359 0.0213497 0.0187895 0.0160044 0.0132715 0.0107807 0.00862812 0.00683271 0.00536529 0.00417605
 1.0098e-16 3.02455e-05 0.000177505 0.000843755 0.00324846 0.01013 0.0255877 0.0523565 0.0867897 0.116565 0.126869 0.111963 0.0802665 0.047086 0.023303 0.011032 0.007013 0.0073846 0.00975771 0.0130295 0.0166577 0.0202191 0.0232869 0.0254644 0.0264653 0.0261795 0.0246976 0.0222806 0.0192912 0.0161068 0.0130446 0.0103178 0.00802739 0.00618261 0.00473482 0.00361122
 1.01537e-16 2.34015e-05 0.000137313 0.00065265 0.00251261 0.00783524 0.0197915 0.0404981 0.067138 0.0901882 0.0982052 0.0867729 0.0624395 0.0370951 0.0192266 0.0105533 0.00863636 0.0105486 0.0144486 0.0194112 0.0248519 0.0301963 0.0348205 0.0381356 0.0397131 0.0393835 0.0372729 0.0337602 0.0293755 0.0246727 0.0201195 0.0160331 0.012568 0.00974513 0.00750107 0.00573661
 1.02267e-16 2.4592e-05 0.000144309 0.000685922 0.00264074 0.00823483 0.0208007 0.0425626 0.070558 0.0947749 0.10318 0.0911214 0.0654665 0.0386888 0.0196783 0.0102076 0.00768149 0.00900529 0.0122528 0.0164993 0.0212223 0.0259455 0.0301566 0.0333653 0.0352019 0.0354981 0.0343186 0.0319297 0.0287217 0.0251111 0.0214568 0.0180111 0.0149112 0.0122011 0.00986761 0.00787369
 1.01328e-16 3.29781e-05 0.000193555 0.000920073 0.00354233 0.0110464 0.0279024 0.0570921 0.0946367 0.127095 0.138306 0.122 0.0873398 0.0509888 0.0247767 0.0109668 0.00596271 0.005527 0.00705776 0.00939988 0.0120597 0.0147177 0.0170716 0.0188411 0.0198181 0.0199124 0.0191689 0.0177486 0.0158824 0.0138139 0.01175 0.00983244 0.00813356 0.00666996 0.00542463 0.00436765
 1.00433e-16 3.64288e-05 0.000213817 0.00101641 0.00391325 0.0122032 0.0308241 0.0630699 0.104544 0.140395 0.152765 0.13472 0.0963723 0.0561124 0.0269863 0.0114657 0.00554832 0.00452941 0.00552505 0.00727233 0.00926672 0.0112222 0.0128893 0.0140446 0.0145293 0.0142861 0.0133718 0.0119406 0.0102033 0.00837813 0.00664711 0.00513097 0.00388445 0.00290809 0.00216821 0.00161691
 1.00188e-16 3.75935e-05 0.000220656 0.00104893 0.00403846 0.0125936 0.0318104 0.0650877 0.107888 0.144884 0.157644 0.13901 0.0994144 0.057829 0.0277091 0.0115958 0.00534859 0.00410443 0.00488526 0.00639466 0.00812936 0.00982108 0.0112451 0.0122029 0.0125551 0.0122545 0.0113566 0.0100046 0.00839257 0.00672049 0.0051548 0.00380527 0.00272046 0.00189831 0.00130432 0.000890075
 1.0026e-16 3.32216e-05 0.00019498 0.00092684 0.00356837 0.0111276 0.0281075 0.0575121 0.0953341 0.128035 0.139338 0.122932 0.0880539 0.0514997 0.0251993 0.0114468 0.00663133 0.00648819 0.00838538 0.0111282 0.0141665 0.017109 0.0195769 0.0212252 0.0218118 0.021255 0.0196542 0.017262 0.0144202 0.0114803 0.00873506 0.00637702 0.00449092 0.003072 0.00205814 0.00136251
 1.00718e-16 2.85003e-05 0.000167255 0.000795014 0.00306078 0.0095447 0.0241093 0.0493321 0.0817781 0.10984 0.119564 0.105551 0.075746 0.0445877 0.0223515 0.0110569 0.00765781 0.00853326 0.0114307 0.0152825 0.0195175 0.0236498 0.0271754 0.0296258 0.0306646 0.0301672 0.0282489 0.0252299 0.0215511 0.017671 0.0139751 0.0107221 0.00803384 0.00591884 0.00431285 0.00311989
 1.01103e-16 2.94645e-05 0.000172919 0.000821951 0.00316451 0.00986818 0.0249264 0.0510035 0.0845472 0.113554 0.123595 0.109081 0.0782169 0.0459164 0.0227855 0.0108905 0.00706257 0.00754622 0.0100174 0.0134006 0.0171601 0.0208705 0.024098 0.0264362 0.0275881 0.0274325 0.0260501 0.0236943 0.0207228 0.0175109 0.0143776 0.0115411 0.00911095 0.007107 0.00549259 0.00420646
 1.0142e-16 2.61623e-05 0.000153527 0.000729743 0.00280946 0.00876097 0.0221297 0.0452819 0.0750655 0.100828 0.109767 0.0969304 0.0696225 0.0411091 0.020842 0.0106981 0.00790577 0.00916026 0.0124004 0.0166327 0.0212959 0.0258844 0.0298628 0.032727 0.0341101 0.033866 0.0321008 0.0291359 0.0254216 0.0214286 0.0175545 0.0140685 0.0111019 0.00867292 0.00672883 0.00518712
 1.01451e-16 2.98334e-05 0.000175087 0.000832261 0.00320421 0.00999201 0.0252391 0.0516433 0.085607 0.114975 0.125136 0.110427 0.079152 0.0464047 0.0229155 0.0107666 0.00673999 0.00702791 0.00928006 0.0124219 0.0159386 0.0194377 0.0225231 0.0248223 0.0260588 0.0261134 0.0250476 0.0230784 0.0205172 0.0176931 0.0148872 0.0122937 0.0100134 0.00807096 0.00644404 0.00509047
 1.01349e-16 2.76885e-05 0.000162489 0.000772359 0.00297355 0.00927269 0.0234222 0.0479263 0.0794477 0.10671 0.116159 0.102548 0.0735987 0.0433387 0.0217539 0.0108095 0.00755071 0.0084645 0.0113671 0.0152249 0.0194849 0.0236747 0.0273016 0.0299045 0.0311485 0.0309021 0.0292654 0.026536 0.0231292 0.0194776 0.0159455 0.0127781 0.0100927 0.00790243 0.00615504 0.0047717
 1.01765e-16 2.55828e-05 0.000150125 0.000713572 0.0027472 0.00856681 0.0216393 0.0442784 0.073402 0.0985941 0.107335 0.0947858 0.0680867 0.0402121 0.0204058 0.0105058 0.00780525 0.00907686 0.0123095 0.0165359 0.0212105 0.0258405 0.0299008 0.0328944 0.034454 0.0344252 0.0328974 0.0301692 0.0266661 0.0228361 0.0190604 0.0156009 0.0125908 0.0100586 0.00796705 0.00625179
 1.01768e-16 2.85205e-05 0.000167378 0.000795606 0.00306308 0.00955187 0.0241274 0.0493687 0.0818375 0.109915 0.119636 0.10559 0.075721 0.0444662 0.0220942 0.0106091 0.00694811 0.00748164 0.00996572 0.0133642 0.0171622 0.0209489 0.0243024 0.0268238 0.0282159 0.0283488 0.0272843 0.0252501 0.022574 0.0196031 0.0166336 0.0138702 0.0114196 0.00930917 0.00751774 0.00600465
 1.01773e-16 2.56102e-05 0.000150285 0.000714333 0.00275013 0.00857594 0.0216624 0.0443256 0.0734805 0.0987001 0.107452 0.0948919 0.0681697 0.0402745 0.0204618 0.0105735 0.00790136 0.00921453 0.0124975 0.0167769 0.0214981 0.0261575 0.0302192 0.0331779 0.0346638 0.0345273 0.0328696 0.0300063 0.0263815 0.0224594 0.0186316 0.015163 0.0121828 0.00970967 0.00769423 0.00605951
 1.03583e-16 1.2289e-05 7.20583e-05 0.00034239 0.00131798 0.00410978 0.0103815 0.0212458 0.0352318 0.0473594 0.0516525 0.0458374 0.0334145 0.0207176 0.0123301 0.00931227 0.0105444 0.0146093 0.0205655 0.0278087 0.0357442 0.0436283 0.0506014 0.0558346 0.0587088 0.0589533 0.0566988 0.0524214 0.0468073 0.0405828 0.0343684 0.0285932 0.0234812 0.0190897 0.015374 0.0122473
pSPR Fmed_Fpbrs
0.416298   0.6 0.325
Fs Fmed_Fpbrs
0.767376   0.362936 1.15996
SSBpbr Bo_Bmed_Bpbrs
768644  281553  422754 211377
Ro
27446.7
SPR SPRFo_SPRFmed_SPRFpbrs
563694 234664 183200
log_Ro
10.04
likeval ReclasPelacesDesembMPH_pf_preclas_ppelaces_ptallas_desvR_qrecl_qpela
 68.2177 13.44 0.0443412 0.000176115 321.033 187.763 79.1224 0 19.282 5.90441e-06 0.000172824 6.57447e-16 0 0 0
q_reclas_q_pelaces
1.41104 6.49036
M
0.7
N
 30120.8 13167 5225.02 650.24 0.180317
 42231.8 13876.1 3676.43 1458.91 181.608
 12679.1 19243 3561.33 943.559 421.04
 18382 5315.43 2606.28 482.347 184.822
 43394 8633.55 1721.41 844.049 216.064
 26809.7 21319 3948.74 787.325 484.865
 65298.1 12071.9 4995.91 925.35 298.126
 63969.7 30170 3447.32 1426.66 349.382
 82317.4 28331.7 6227.2 711.54 366.581
 116566 35899.9 5195.21 1141.89 197.696
 66418.1 53097.2 9192.06 1330.22 342.996
 47926.4 28644.6 8937.87 1547.3 281.652
 51766.7 20841.2 5137.68 1603.09 328.04
 28100.4 20744.6 1996.73 492.224 185.015
 13535.2 9528.64 551.8 53.1125 18.0144
 10961.1 4505.93 220.055 12.7433 1.64261
 8364.42 4548.44 564.235 27.5554 1.80141
 9703.92 3582.48 726.011 90.0619 4.68586
 9502.95 4311.57 757.815 153.576 20.0423
 13700.7 4325.24 1097.22 192.851 44.1829
 19529.1 6147.29 986.333 250.212 54.0535
 23999.1 9252.8 2128.83 341.572 105.369
 37817.9 11258 2968.59 682.998 143.393
 41184.8 17506.4 3262.05 860.16 239.45
 12512.8 19053.9 5050.01 940.993 317.201
pred_Ctot
 1572.92 4283.2 1699.69 211.522 0.0586568
 2516.06 5005.87 1326.28 526.306 65.5155
 1434.37 10811.6 2000.92 530.135 236.56
 718.71 1362.63 668.13 123.652 47.3798
 333.014 492.639 98.2257 48.1623 12.3289
 1807.99 8448.3 1564.81 312.001 192.142
 3280.92 3807.49 1575.71 291.855 94.0289
 5007.14 13321.3 1522.13 629.927 154.266
 7263.12 13588.6 2986.73 341.273 175.822
 6968.58 12985.3 1879.15 413.03 71.5083
 6333.16 26811.1 4641.48 671.686 173.194
 4317.21 13931.1 4346.85 752.516 136.979
 7275.39 13220.3 3259 1016.89 208.087
 6551.02 16295.5 1568.49 386.656 145.335
 3282.88 7579.37 438.918 42.2473 14.3292
 1309.15 2613.68 127.644 7.39179 0.9528
 834.263 2364.26 293.287 14.3232 0.936366
 739.345 1551.78 314.477 39.011 2.02972
 573.161 1570.2 275.984 55.9298 7.29909
 955.993 1757.8 445.918 78.3758 17.9562
 646.294 1365.85 219.151 55.594 12.01
 958.389 2414.75 555.573 89.1418 27.4986
 1851.7 3477.47 916.962 210.97 44.2923
 2032.7 5442.52 1014.13 267.413 74.4419
 694.309 6503.44 1723.66 321.177 108.266
F
 0.0750452 0.575771 0.575771 0.575771 0.575771
 0.0860285 0.660038 0.660038 0.660038 0.660038
 0.169339 1.29922 1.29922 1.29922 1.29922
 0.0557156 0.427468 0.427468 0.427468 0.427468
 0.0107217 0.0822599 0.0822599 0.0822599 0.0822599
 0.0978817 0.750979 0.750979 0.750979 0.750979
 0.0721145 0.553285 0.553285 0.553285 0.553285
 0.114427 0.877922 0.877922 0.877922 0.877922
 0.129849 0.996246 0.996246 0.996246 0.996246
 0.0863356 0.662394 0.662394 0.662394 0.662394
 0.141004 1.08183 1.08183 1.08183 1.08183
 0.132732 1.01836 1.01836 1.01836 1.01836
 0.214462 1.64542 1.64542 1.64542 1.64542
 0.381483 2.92685 2.92685 2.92685 2.92685
 0.399903 3.06818 3.06818 3.06818 3.06818
 0.179565 1.37768 1.37768 1.37768 1.37768
 0.147931 1.13497 1.13497 1.13497 1.13497
 0.111227 0.853372 0.853372 0.853372 0.853372
 0.0871341 0.66852 0.66852 0.66852 0.66852
 0.101433 0.778229 0.778229 0.778229 0.778229
 0.0469789 0.360437 0.360437 0.360437 0.360437
 0.056937 0.436838 0.436838 0.436838 0.436838
 0.0702167 0.538724 0.538724 0.538724 0.538724
 0.0707969 0.543176 0.543176 0.543176 0.543176
 0.0799104 0.613098 0.613098 0.613098 0.613098
nmprior
 10.6 11 7 0
nm_flota  nm_reclas  nm_pelaces    nm_pelaL
inf 27.4148 11.996 25.2783
cv_recla  cv_pelaces  cv_mph
0.747091 0.415692 0.430562
 ------------------------------------------------
Talla a la edad & desviación 
 7.2 14.2025 17.0495 18.207 18.6776
 1.08 2.13037 2.55742 2.73105 2.80164
