years
 1997 1998 1999 2000 2001 2002 2003 2004 2005 2006 2007 2008 2009 2010 2011 2012 2013 2014 2015 2016 2017 2018 2019 2020 2021
reclasobs
 0 0 0 370054 412103 1.49427e+06 250295 1.28982e+06 931140 785840 897777 1.04006e+06 184774 17550 25797 100020 73551 82996 120727 218422 84188 347160 605670 569463 516374
reclaspred
 365654 96227.2 271405 205222 327624 390626 875206 601941 704335 674751 539504 362505 223590 102839 71557.4 72986.1 90998.5 122490 126299 185841 274155 249446 432145 540146 546358
pelacesobs
 0 0 0 0 0 0 0 0 0 2.06254e+06 1.5e+06 0 1.87456e+06 323000 250000 174000 83755 137374 0 501740 490994 745055 786931 1.00524e+06 1.33801e+06
pelacespred
 903762 209889 370803 424087 584230 580255 1.50956e+06 1.2638e+06 1.32601e+06 1.27714e+06 921599 640591 393882 150180 102923 112679 146889 200508 213228 304085 499029 444061 606972 901249 939532
mphobs
 0 0 0 0 0 112323 0 153150 637223 0 255016 313432 73983 77613 109348 50772 0 0 0 0 0 0 0 0 0
mphpred
 138849 78909.4 91895.4 104781 121190 202773 304351 365265 323200 344543 340730 242072 148888 78799.5 37485.2 32166.2 39165.7 53690.5 65531.2 73836.4 114452 137210 170857 243244 312334
desembarqueobs
 350755 77701 442110 56441 14545 235359 269955 359681 431902 328805 639364 411747 362871 311530 167758 66681 60226 58785 57116 73181 50977 67692 138656 160484 209506
desembarquepred
 350756 77696.9 442056 56441.2 14545.1 235391 269980 359660 431900 328799 639464 411926 363105 311868 167759 66687.2 60242.3 58783.8 57110 73176 50976.3 67684.3 138651 160481 209499
Reclutas
 42533.7 55861.2 31064.8 55864.8 98072.8 67941.1 113296 112360 145205 151019 67865.8 39478.1 43467.6 23222.8 17681.5 21418.8 17223.5 18906.3 20684.4 40556.1 50164.5 62685.7 103075 117294 36733.5
log_desv_Rt
 -0.161949 0.110625 -0.476169 0.110689 0.673465 0.306397 0.817761 0.809462 1.0659 1.10516 0.305288 -0.236499 -0.14023 -0.767112 -1.03972 -0.847974 -1.06597 -0.972751 -0.882865 -0.209559 0.00306318 0.225888 0.723213 0.85244 -0.308557
SSB
 617753 351076 408853 466183 539188 902159 1.35409e+06 1.6251e+06 1.43795e+06 1.53291e+06 1.51595e+06 1.077e+06 662419 350588 166776 143111 174253 238875 291555 328506 509209 610460 760162 1.08222e+06 1.38961e+06
BT
 1.89782e+06 508598 906045 819325 1.0575e+06 1.22397e+06 2.88734e+06 2.66998e+06 2.76931e+06 2.60295e+06 2.22594e+06 1.52573e+06 1.06272e+06 569237 326854 256892 312353 406133 431194 604387 934995 858871 1.18245e+06 1.74577e+06 1.85353e+06
Ftot
 0.491187 0.448721 0.704228 0.141555 0.0250693 0.233376 0.147525 0.283721 0.307912 0.230582 0.450222 0.414898 0.664107 1.1677 1.12226 0.447359 0.320461 0.220062 0.190086 0.20147 0.0893013 0.116351 0.139606 0.134984 0.138029
BD_Bspro_t
 0.938963 0.717019 0.660336 0.512736 0.671045 0.816 0.781631 0.791648 0.743952 0.718432 0.693632 0.54469 0.430396 0.320575 0.20316 0.21495 0.322829 0.481196 0.587385 0.668111 0.773283 0.842079 0.846678 0.850662 0.847947
BD_Bspro
 0.601444 0.341808 0.398059 0.453875 0.524952 0.878341 1.31834 1.5822 1.39999 1.49244 1.47592 1.04857 0.64493 0.341332 0.162373 0.139333 0.169652 0.232568 0.283858 0.319833 0.495765 0.594344 0.740093 1.05365 1.35292
BD_Bo
 0.517363 0.294024 0.342411 0.390424 0.451565 0.755551 1.13404 1.36101 1.20427 1.2838 1.26959 0.901982 0.55477 0.293614 0.139673 0.119854 0.145935 0.200056 0.244175 0.275121 0.426458 0.511256 0.636629 0.906348 1.16378
BD_Brms
 1.78389 1.01381 1.18065 1.3462 1.55702 2.60517 3.91021 4.69282 4.15238 4.4266 4.37761 3.11008 1.91287 1.0124 0.4816 0.413263 0.503191 0.689801 0.841927 0.94863 1.47045 1.76283 2.19513 3.12513 4.01278
S_f
 0.178612 1 1 1 1
 0.178612 1 1 1 1
 0.178612 1 1 1 1
 0.178612 1 1 1 1
 0.178612 1 1 1 1
 0.178612 1 1 1 1
 0.178612 1 1 1 1
 0.178612 1 1 1 1
 0.178612 1 1 1 1
 0.178612 1 1 1 1
 0.178612 1 1 1 1
 0.178612 1 1 1 1
 0.178612 1 1 1 1
 0.178612 1 1 1 1
 0.178612 1 1 1 1
 0.178612 1 1 1 1
 0.178612 1 1 1 1
 0.178612 1 1 1 1
 0.178612 1 1 1 1
 0.178612 1 1 1 1
 0.178612 1 1 1 1
 0.178612 1 1 1 1
 0.178612 1 1 1 1
 0.178612 1 1 1 1
 0.178612 1 1 1 1
Scru_reclas
 1 1 1 1 1
 1 1 1 1 1
 1 1 1 1 1
 1 1 1 1 1
 1 1 1 1 1
 1 1 1 1 1
 1 1 1 1 1
 1 1 1 1 1
 1 1 1 1 1
 1 1 1 1 1
 1 1 1 1 1
 1 1 1 1 1
 1 1 1 1 1
 1 1 1 1 1
 1 1 1 1 1
 1 1 1 1 1
 1 1 1 1 1
 1 1 1 1 1
 1 1 1 1 1
 1 1 1 1 1
 1 1 1 1 1
 1 1 1 1 1
 1 1 1 1 1
 1 1 1 1 1
 1 1 1 1 1
Scru_pelaces
 1 1 1 1 1
 1 1 1 1 1
 1 1 1 1 1
 1 1 1 1 1
 1 1 1 1 1
 1 1 1 1 1
 1 1 1 1 1
 1 1 1 1 1
 1 1 1 1 1
 1 1 1 1 1
 1 1 1 1 1
 1 1 1 1 1
 1 1 1 1 1
 1 1 1 1 1
 1 1 1 1 1
 1 1 1 1 1
 1 1 1 1 1
 1 1 1 1 1
 1 1 1 1 1
 1 1 1 1 1
 1 1 1 1 1
 1 1 1 1 1
 1 1 1 1 1
 1 1 1 1 1
 1 1 1 1 1
pf_obs 
 0.256992 0.487395 0.22802 0.0275931 0
 0.321318 0.546541 0.124235 0.00734118 0.000564706
 0.182869 0.594174 0.210203 0.0122559 0.00049798
 0.330522 0.361315 0.267642 0.0388342 0.00168674
 0.649043 0.306663 0.0425973 0.00169635 0
 0.582887 0.30429 0.105238 0.00758474 0
 0.465427 0.430635 0.0974691 0.00646863 0
 0.296916 0.608066 0.0921331 0.00288517 0
 0.311714 0.524322 0.152257 0.0117073 0
 0.15457 0.633149 0.183074 0.0267441 0.00246327
 0.131901 0.49318 0.331252 0.0422183 0.00144891
 0.196976 0.569456 0.194076 0.0375587 0.00193317
 0.518974 0.381816 0.0799577 0.0180837 0.00116848
 0.0928022 0.601141 0.25162 0.0475244 0.00691264
 0.122501 0.610282 0.24278 0.0234846 0.000952079
 0.383417 0.481906 0.127806 0.00687128 0
 0.0376549 0.599619 0.316969 0.0457579 0
 0.0361596 0.667082 0.258105 0.0386534 0
 0.158088 0.579412 0.248529 0.0139706 0
 0.0477256 0.309471 0.559284 0.082774 0.000745712
 0.0406174 0.521527 0.379366 0.0568643 0.0016247
 0.151134 0.462217 0.34131 0.0453401 0
 0.294876 0.26143 0.354403 0.0886775 0.000613685
 0.281977 0.475581 0.204845 0.0348837 0.00271318
 0.0354234 0.537034 0.353287 0.0723622 0.0018943
pf_pred 
 0.306899 0.486085 0.184824 0.0221809 1.12057e-05
 0.313451 0.520477 0.11647 0.0442852 0.0053174
 0.17262 0.628699 0.150622 0.0337054 0.0143546
 0.324227 0.420194 0.194206 0.0465273 0.0148458
 0.326407 0.499468 0.10827 0.0500405 0.0158138
 0.166144 0.611163 0.165127 0.0357947 0.0217718
 0.267633 0.406013 0.239196 0.064627 0.0225303
 0.217451 0.537308 0.135958 0.0800975 0.0291856
 0.258519 0.474504 0.183309 0.0463839 0.0372834
 0.22908 0.534161 0.151512 0.0585317 0.0267154
 0.113328 0.575878 0.215345 0.0610815 0.0343671
 0.109572 0.418431 0.306554 0.114634 0.0508097
 0.195776 0.366863 0.205525 0.150573 0.0812625
 0.170084 0.541695 0.131478 0.0736569 0.0830863
 0.245632 0.508099 0.160743 0.0390147 0.046512
 0.321316 0.51702 0.108888 0.0344478 0.0183287
 0.211747 0.604044 0.14033 0.0295543 0.0143246
 0.223344 0.494118 0.216511 0.0502991 0.0157278
 0.219135 0.500405 0.178432 0.0781847 0.0238431
 0.331205 0.422606 0.157766 0.0562555 0.032167
 0.26391 0.554143 0.114971 0.0429207 0.0240555
 0.243651 0.511719 0.184162 0.0382091 0.0222587
 0.293853 0.462929 0.164553 0.0592207 0.0194445
 0.238996 0.542678 0.143128 0.0508762 0.0243216
 0.0732315 0.604058 0.230128 0.0606947 0.0318883
pobs_RECLAS
 0 0 0 0 0
 0 0 0 0 0
 0 0 0 0 0
 0 0 0 0 0
 0.835266 0.146461 0.0176864 0.000547809 3.91292e-05
 0.385257 0.428462 0.181853 0.0044286 0
 0.867414 0.0963971 0.0333333 0.00285562 0
 0.441836 0.489002 0.0689373 0.000224442 0
 0.779404 0.147425 0.0564933 0.0165055 0.000172143
 0.814271 0.122319 0.05973 0.00367925 0
 0.40263 0.566651 0.0304383 0.000280538 0
 0.475488 0.404961 0.113038 0.00651328 0
 0.955842 0.0263864 0.0167828 0.000988607 0
 0.975058 0.0227948 0.00214734 0 0
 0.738997 0.206755 0.0527124 0.00153531 0
 0.850938 0.134255 0.0134407 0.00136685 0
 0.542534 0.407297 0.0501686 0 0
 0.764087 0.199537 0.0359546 0.000420521 0
 0.470689 0.182191 0.310203 0.0369168 0
 0.84361 0.089868 0.0606195 0.00523954 0.000663233
 0.607945 0.314616 0.071237 0.00620181 0
 0.523733 0.453247 0.0230204 0 0
 0.530135 0.295979 0.169645 0.0042399 0
 0.562478 0.366248 0.0663022 0.0049721 0
 0.250443 0.683176 0.0655157 0.000865301 0
ppred_RECLAS
 0.71922 0.196917 0.0748735 0.00898565 4.53953e-06
 0.724653 0.208742 0.0467113 0.017761 0.00213259
 0.551804 0.340569 0.0815925 0.0182584 0.00777595
 0.7302 0.167761 0.0775361 0.0185759 0.00592714
 0.730916 0.199526 0.0432514 0.01999 0.00631725
 0.530601 0.344039 0.092954 0.0201497 0.0122559
 0.67343 0.181045 0.10666 0.0288179 0.0100465
 0.612679 0.265939 0.0672922 0.0396441 0.0144454
 0.665343 0.214161 0.0827342 0.0209347 0.0168273
 0.627631 0.25801 0.0731832 0.028272 0.0129041
 0.424246 0.373942 0.139833 0.0396628 0.022316
 0.414312 0.275227 0.201639 0.0754014 0.0334206
 0.588612 0.187663 0.105133 0.0770234 0.0415686
 0.560867 0.286627 0.0695688 0.038974 0.0439634
 0.668555 0.223243 0.0706252 0.0171418 0.0204359
 0.731815 0.204303 0.0430274 0.0136122 0.00724268
 0.605241 0.302507 0.0702775 0.0148009 0.00717381
 0.619779 0.241901 0.105995 0.0246245 0.00769972
 0.613554 0.247648 0.0883051 0.0386932 0.0117998
 0.737103 0.166123 0.0620165 0.0221135 0.0126446
 0.668488 0.249569 0.0517794 0.0193302 0.0108339
 0.644702 0.240382 0.0865109 0.0179489 0.0104561
 0.701237 0.195861 0.0696204 0.0250557 0.00822678
 0.639104 0.257358 0.0678766 0.0241273 0.0115342
 0.308267 0.450864 0.171765 0.0453021 0.0238012
pobs_PELACES
 0 0 0 0 0
 0 0 0 0 0
 0 0 0 0 0
 0 0 0 0 0
 0 0 0 0 0
 0 0 0 0 0
 0 0 0 0 0
 0 0 0 0 0
 0 0 0 0 0
 0 0 0 0 0
 0.450072 0.473896 0.0757376 0.000293798 0
 0 0 0 0 0
 0.463077 0.371075 0.160297 0.00555027 0
 0.529543 0.364841 0.0842815 0.0213345 0
 0.631943 0.363953 0.00410389 0 0
 0.735681 0.248677 0.0153453 0.000297389 0
 0.695825 0.281241 0.0229344 0 0
 0.275771 0.60734 0.115278 0.00161068 0
 0 0 0 0 0
 0.896147 0.0623911 0.0374545 0.00400742 0
 0.803859 0.145111 0.0509908 3.86294e-05 0
 0.739449 0.233085 0.0266225 0.000797448 4.60066e-05
 0.878498 0.100942 0.0204185 0.000141795 0
 0.694673 0.275183 0.0284847 0.00165964 0
 0.469039 0.446079 0.0841089 0.000773354 0
ppred_PELACES
 0.745306 0.178621 0.0679171 0.00815081 4.11777e-06
 0.748248 0.190855 0.0427085 0.016239 0.00194985
 0.598411 0.305154 0.0731079 0.0163597 0.00696734
 0.737692 0.163103 0.075383 0.01806 0.00576255
 0.73225 0.198536 0.0430369 0.0198909 0.00628593
 0.546321 0.332518 0.089841 0.0194749 0.0118454
 0.682163 0.176204 0.103808 0.0280473 0.00977784
 0.630763 0.253523 0.0641503 0.0377931 0.0137709
 0.683663 0.202437 0.078205 0.0197887 0.0159061
 0.642118 0.247972 0.070336 0.0271721 0.012402
 0.454296 0.354425 0.132535 0.0375928 0.0211513
 0.441838 0.262292 0.192162 0.0718577 0.0318499
 0.631403 0.168143 0.0941975 0.0690117 0.0372447
 0.63673 0.23711 0.0575504 0.0322411 0.0363685
 0.732208 0.18037 0.0570619 0.0138498 0.0165112
 0.754936 0.186689 0.039318 0.0124387 0.00661828
 0.625794 0.286757 0.0666185 0.0140303 0.00680031
 0.633732 0.233024 0.102106 0.0237209 0.00741716
 0.625697 0.239867 0.0855304 0.0374774 0.0114291
 0.747547 0.159523 0.0595527 0.021235 0.0121422
 0.67383 0.245547 0.050945 0.0190187 0.0106593
 0.651893 0.235517 0.0847601 0.0175856 0.0102445
 0.709104 0.190703 0.0677872 0.0243959 0.00801015
 0.647499 0.251371 0.0662975 0.0235661 0.0112659
 0.316302 0.445627 0.16977 0.0447759 0.0235247
pobs_pel_tallas
 0 0 0 0 0 0 0 0 0 0 0 0 0 0 0 0 0 0 0 0 0 0 0 0 0 0 0 0 0 0 0 0 0 0 0 0
 0 0 0 0 0 0 0 0 0 0 0 0 0 0 0 0 0 0 0 0 0 0 0 0 0 0 0 0 0 0 0 0 0 0 0 0
 0 0 0 0 0 0 0 0 0 0 0 0 0 0 0 0 0 0 0 0 0 0 0 0 0 0 0 0 0 0 0 0 0 0 0 0
 0 0 0 0 0 0 0 0 0 0 0 0 0 0 0 0 0 0 0 0 0 0 0 0 0 0 0 0 0 0 0 0 0 0 0 0
 0 0 0 0 0 0 0 0 0 0 0 0 0 0 0 0 0 0 0 0 0 0 0 0 0 0 0 0 0 0 0 0 0 0 0 0
 0 0 0 0 0 0 0 0 0 0 0 0 0 0 0 0 0 0 0 0 0 0 0 0 0 0 0 0 0 0 0 0 0 0 0 0
 0 0 0 0 0 0 0 0 0 0 0 0 0 0 0 0 0 0 0 0 0 0 0 0 0 0 0 0 0 0 0 0 0 0 0 0
 0 0 0 0 0 0 0 0 0 0 0 0 0 0 0 0 0 0 0 0 0 0 0 0 0 0 0 0 0 0 0 0 0 0 0 0
 0 0 0 0 0 0 0 0 0 0 0 0 0 0 0 0 0 0 0 0 0 0 0 0 0 0 0 0 0 0 0 0 0 0 0 0
 0 0 0 0 0 0 0 0 0 0 0 0 0 0 0 0 0 0 0 0 0 0 0 0 0 0 0 0 0 0 0 0 0 0 0 0
 0 0 0 0 0 0 0 0 1.78061e-05 0.00172719 0.00360574 0.0105946 0.0120993 0.0124554 0.0147524 0.0171206 0.0266825 0.0428682 0.0675386 0.121331 0.153587 0.119568 0.100827 0.0573624 0.0630603 0.0341343 0.0324427 0.0444173 0.0211091 0.0280891 0.0125444 0.00206551 0 0 0 0
 0 0 0 0 0 0 0 0 0 0 0 0 0 0 0 0 0 0 0 0 0 0 0 0 0 0 0 0 0 0 0 0 0 0 0 0
 0 0 0 0 0 0 0.0133647 0.0140871 0.0187388 0.0205184 0.03894 0.0496705 0.03968 0.0493445 0.0407372 0.0367815 0.0215668 0.0243155 0.0234873 0.0199281 0.019796 0.0243948 0.0301388 0.0376714 0.0412746 0.0863199 0.0771752 0.113111 0.0741005 0.0525337 0.0229764 0.00759418 0.00175318 0 0 0
 0 0 0 0 0 0 0 0 0 0 0.00219441 0.00772107 0.0458388 0.0604681 0.0671733 0.0775358 0.0609151 0.0617685 0.073594 0.0568108 0.0755445 0.0548602 0.0670107 0.0636378 0.0643287 0.046367 0.0373049 0.0286899 0.0247887 0.0153202 0.00654259 0.00121912 0.000365735 0 0 0
 0 0 0 0 0 0 0 0 0 0 0 0 0.000112435 0.00938835 0.0111873 0.0202946 0.0414886 0.0713402 0.111592 0.104902 0.108894 0.110636 0.117776 0.105296 0.107544 0.0401394 0.0192827 0.0124803 0.00416011 0.0028671 0.000618394 0 0 0 0 0
 0 0 0 0 0 0 0 0 0 0 0.00291406 0.0102884 0.027416 0.0768956 0.0749926 0.110853 0.0956884 0.0897413 0.0766577 0.0534642 0.0500743 0.0551293 0.0594112 0.0620874 0.0668451 0.0424026 0.0208742 0.0120726 0.0048766 0.00582813 0.00118941 0.000297354 0 0 0 0
 0 0.00264628 0.0354308 0.0461629 0.0458689 0.0383711 0.0214643 0.0164657 0.0346957 0.0420465 0.0363128 0.0245516 0.0311673 0.0291091 0.0169068 0.0133784 0.00837989 0.0085269 0.0148486 0.0160247 0.0276389 0.0546898 0.0760071 0.122758 0.109233 0.0665981 0.0333725 0.0166128 0.00676272 0.00308733 0.000882094 0 0 0 0 0
 0 0 0 0 0 0 0 0.000805153 0.000690131 0.00759144 0.0133425 0.0154129 0.00931677 0.000345066 0.00356568 0.00563607 0.00851162 0.0253048 0.0502646 0.0516448 0.0657925 0.0565908 0.0611916 0.0827007 0.0866115 0.110766 0.145733 0.0935128 0.0569358 0.0249597 0.0138026 0.00621118 0.00161031 0.00115022 0 0
 0 0 0 0 0 0 0 0 0 0 0 0 0 0 0 0 0 0 0 0 0 0 0 0 0 0 0 0 0 0 0 0 0 0 0 0
 0.00147267 0.00158595 0.00478618 0.00569244 0.00954404 0.0108468 0.00647125 0.017049 0.0510054 0.094081 0.124002 0.0959785 0.0687766 0.0820023 0.061753 0.0591476 0.0492212 0.0479892 0.0443925 0.0268479 0.0217502 0.0140895 0.0121071 0.0120363 0.00920419 0.00665534 0.0049561 0.00860946 0.00930331 0.0156896 0.0114698 0.00855282 0.00243557 0.00046729 0 2.83206e-05
 0 0 0 0 0.000772559 0.00158375 0.000888443 0.00281984 0.00712685 0.0440552 0.0773331 0.111326 0.0921469 0.0852325 0.0710754 0.0886704 0.0786465 0.0553345 0.0373146 0.0185414 0.00753245 0.00457741 0.012979 0.0271748 0.0457355 0.0583668 0.034881 0.0177882 0.00938659 0.00492506 0.0015258 0.00185414 0.000309023 5.79419e-05 3.86279e-05 0
 0 0.00173294 0.00326652 0 0.00397197 0.00683976 0.00946217 0.0152591 0.00757587 0.0136028 0.0228656 0.0392903 0.0559909 0.0764795 0.0681675 0.0726916 0.0566044 0.0477403 0.0527397 0.0444891 0.0609904 0.0582453 0.0661739 0.0445044 0.0529084 0.0360697 0.0280645 0.0235558 0.0158879 0.00826598 0.00280645 0.00217768 0.000904811 0.00058276 9.20147e-05 0
 0 0 0 0 0 0 0 0 0 0 0 0 0 0 0 0 0 0 0 0 0 0 0 0 0 0 0 0 0 0 0 0 0 0 0 0
 0 0 0 0 0 0 0 0 0 0 0 0 0 0 0 0 0 0 0 0 0 0 0 0 0 0 0 0 0 0 0 0 0 0 0 0
 0 0 0 0 0 0 0 0 0 0 0 0 0 0 0 0 0 0 0 0 0 0 0 0 0 0 0 0 0 0 0 0 0 0 0 0
ppred_pel_tallas
 1.01303e-16 3.25189e-05 0.000190859 0.000907256 0.00349298 0.0108925 0.0275137 0.0562968 0.0933184 0.125325 0.13638 0.120302 0.0861267 0.0502855 0.0244447 0.0108377 0.00592056 0.00551827 0.00706901 0.00943797 0.0121422 0.0148691 0.0173204 0.0192155 0.0203411 0.0205955 0.0200072 0.0187184 0.016942 0.0149085 0.0128187 0.0108172 0.0089873 0.007362 0.00594325 0.00471911
 1.01318e-16 3.26476e-05 0.000191614 0.000910841 0.00350678 0.0109356 0.0276224 0.0565193 0.0936875 0.125821 0.136923 0.120786 0.0864838 0.0505159 0.024597 0.0109722 0.00608557 0.00574522 0.00737483 0.00982562 0.0125982 0.0153608 0.0177968 0.0196122 0.0205904 0.0206394 0.0198103 0.0182762 0.016284 0.0140928 0.0119217 0.00992002 0.00816209 0.00666241 0.00539926 0.00433708
 1.02025e-16 2.61187e-05 0.000153273 0.00072854 0.00280484 0.00874656 0.0220933 0.0452072 0.074941 0.100659 0.109578 0.0967522 0.0694694 0.0409687 0.0206791 0.0104665 0.00755723 0.00864941 0.0116903 0.0157037 0.0201561 0.0245792 0.0284773 0.031381 0.0329427 0.0330139 0.0316751 0.0292029 0.0259922 0.0224591 0.0189565 0.0157261 0.0128903 0.0104751 0.00844741 0.00675106
 1.02014e-16 3.21862e-05 0.000188907 0.000897981 0.00345728 0.0107812 0.0272324 0.0557212 0.0923639 0.124042 0.134982 0.119062 0.0852243 0.0497299 0.0241216 0.0106055 0.0056709 0.00518476 0.00661587 0.00885208 0.0114336 0.0140744 0.0165049 0.0184688 0.0197662 0.0202941 0.0200625 0.0191808 0.0178209 0.0161711 0.0143965 0.0126173 0.0109057 0.00929673 0.00780468 0.00643682
 1.01653e-16 3.19503e-05 0.000187519 0.000891375 0.00343183 0.0107018 0.027032 0.0553113 0.0916856 0.123134 0.134001 0.118215 0.0846587 0.0494806 0.0241504 0.010871 0.00616816 0.00594399 0.00767861 0.0102443 0.0131433 0.0160366 0.0185971 0.0205204 0.021582 0.0216863 0.0208853 0.019357 0.0173546 0.0151429 0.0129449 0.0109105 0.00911265 0.00756349 0.00623932 0.00510418
 1.02607e-16 2.38484e-05 0.000139942 0.000665158 0.00256079 0.0079855 0.020171 0.0412741 0.0684228 0.0919092 0.100066 0.0883861 0.0635328 0.0376095 0.0192462 0.0101729 0.00788394 0.00938527 0.0128087 0.0172461 0.0221668 0.0270741 0.0314317 0.0347275 0.0365792 0.0368184 0.035523 0.0329826 0.0296152 0.0258625 0.0221004 0.0185875 0.0154572 0.0127424 0.0104155 0.00842585
 1.02952e-16 2.97655e-05 0.000174694 0.000830407 0.00319709 0.00996982 0.025183 0.051528 0.0854142 0.114711 0.124835 0.110129 0.0788682 0.0460974 0.0225036 0.0101422 0.00578357 0.00562106 0.00732369 0.00986284 0.0128003 0.0158453 0.0187117 0.0211211 0.0228492 0.0237692 0.0238703 0.0232444 0.0220496 0.0204643 0.0186486 0.016723 0.0147669 0.0128301 0.0109479 0.00915298
 1.02936e-16 2.75272e-05 0.000161547 0.000767888 0.00295636 0.00921907 0.0232868 0.0476487 0.0789863 0.106087 0.11547 0.101917 0.0730942 0.0429389 0.0213642 0.0103076 0.00681733 0.00739477 0.00987844 0.0132719 0.0170803 0.020908 0.024347 0.0270104 0.0286082 0.0290102 0.0282695 0.0265959 0.0242921 0.021676 0.0190141 0.0164849 0.0141758 0.012104 0.0102489 0.0085797
 1.026e-16 2.98319e-05 0.000175082 0.000832245 0.00320416 0.00999186 0.0252387 0.0516421 0.085604 0.114968 0.12512 0.110393 0.0790846 0.0462789 0.0226937 0.0103976 0.00616038 0.00616915 0.00808105 0.0108467 0.0139961 0.0171975 0.0201215 0.0224541 0.023954 0.0245025 0.0241232 0.0229635 0.0212466 0.0192124 0.0170671 0.0149554 0.0129575 0.0111037 0.0093977 0.0078351
 1.02593e-16 2.80221e-05 0.000164453 0.000781705 0.00300955 0.00938497 0.0237058 0.048506 0.0804073 0.107994 0.117544 0.103741 0.0743902 0.0436747 0.021683 0.0103827 0.00676443 0.00726311 0.00967769 0.0129971 0.0167255 0.0204722 0.0238358 0.0264353 0.0279843 0.0283527 0.0275903 0.0259014 0.0235836 0.0209511 0.0182701 0.0157223 0.0134004 0.0113282 0.0094897 0.007857
 1.04277e-16 1.98367e-05 0.000116387 0.000553171 0.0021296 0.00664085 0.0167745 0.034325 0.0569053 0.0764461 0.0832513 0.0735829 0.052999 0.0315891 0.016564 0.00940347 0.00806763 0.010103 0.0139728 0.018907 0.0244103 0.0299781 0.0350471 0.0390695 0.0416242 0.0425058 0.0417598 0.039649 0.03657 0.0329484 0.02915 0.0254314 0.0219345 0.0187121 0.015768 0.0130907
 1.06771e-16 1.92898e-05 0.000113185 0.000537965 0.00207109 0.0064584 0.0163136 0.0333812 0.0553385 0.0743347 0.080935 0.0714954 0.0514082 0.030467 0.0156602 0.00840072 0.00668294 0.00811513 0.0112252 0.0153254 0.0200362 0.0250014 0.0298162 0.0340679 0.0374097 0.0396234 0.0406476 0.0405611 0.039535 0.0377718 0.035457 0.0327354 0.029714 0.0264801 0.0231215 0.0197383
 1.05504e-16 2.75517e-05 0.000161698 0.000768625 0.00295922 0.00922804 0.0233093 0.0476942 0.0790594 0.106178 0.115551 0.101944 0.0730174 0.0427009 0.0208898 0.00949246 0.00552711 0.00547949 0.00720211 0.00975324 0.012737 0.0158926 0.0189609 0.0216861 0.0238577 0.0253481 0.0261287 0.0262557 0.0258368 0.0249911 0.0238174 0.0223816 0.0207223 0.0188669 0.0168502 0.0147243
 1.03702e-16 2.77867e-05 0.000163072 0.000775141 0.00298429 0.00930618 0.0235068 0.0480987 0.0797318 0.107086 0.116554 0.102862 0.0737492 0.0432771 0.0214459 0.0102036 0.00656239 0.00698571 0.00929239 0.0124859 0.0160863 0.0197227 0.0230167 0.0256103 0.0272349 0.0277695 0.0272616 0.0259012 0.0239619 0.0217279 0.0194329 0.0172282 0.0151811 0.0132973 0.0115521 0.00991779
 1.02117e-16 3.19477e-05 0.000187506 0.000891314 0.0034316 0.0107011 0.0270302 0.0553075 0.0916788 0.123123 0.133986 0.118193 0.0846225 0.0494195 0.0240466 0.0107002 0.00590095 0.00554915 0.00712892 0.00952477 0.0122601 0.0150241 0.0175204 0.0194709 0.0206654 0.0210064 0.020526 0.0193677 0.0177427 0.0158748 0.0139538 0.0121098 0.0104102 0.00887372 0.00749181 0.00624808
 1.01356e-16 3.2939e-05 0.000193325 0.000918978 0.00353811 0.0110333 0.0278692 0.0570242 0.0945243 0.126945 0.138144 0.121859 0.0872445 0.0509444 0.0247761 0.0110017 0.00603057 0.00563093 0.00720272 0.00958865 0.0122897 0.0149787 0.0173459 0.0191044 0.0200436 0.0200754 0.0192519 0.0177447 0.015797 0.0136632 0.0115578 0.00962525 0.00793623 0.00650185 0.00529761 0.00428586
 1.01839e-16 2.73119e-05 0.00016028 0.000761857 0.00293312 0.00914661 0.0231038 0.0472745 0.0783671 0.105258 0.114576 0.101146 0.0725831 0.0427216 0.0214093 0.0105826 0.00732551 0.00817376 0.0109785 0.0147302 0.0188988 0.023037 0.0266775 0.0293792 0.0308161 0.0308505 0.02956 0.0272069 0.0241651 0.0208278 0.0175284 0.0144949 0.0118418 0.00959235 0.00771359 0.00615013
 1.02688e-16 2.7656e-05 0.000162304 0.000771492 0.00297024 0.00926237 0.0233961 0.0478723 0.0793564 0.106582 0.116005 0.102378 0.0734031 0.0430758 0.0213503 0.0101667 0.00655407 0.00699593 0.00932637 0.0125593 0.0162223 0.0199493 0.0233624 0.0260971 0.0278701 0.028538 0.0281205 0.0267805 0.0247704 0.0223653 0.0198057 0.0172655 0.0148472 0.0125981 0.0105336 0.00865785
 1.03115e-16 2.73058e-05 0.000160248 0.000761716 0.0029326 0.00914498 0.0230996 0.0472656 0.0783511 0.105233 0.114538 0.101089 0.0724898 0.042562 0.0211367 0.0101331 0.00662111 0.007131 0.00952345 0.0128201 0.0165457 0.0203268 0.0237776 0.0265279 0.0282938 0.0289368 0.0284872 0.0271209 0.0251029 0.0227164 0.0202036 0.0177326 0.0153945 0.0132222 0.0112171 0.00937306
 1.02195e-16 3.26158e-05 0.00019143 0.000909973 0.00350345 0.0109252 0.0275962 0.0564653 0.0935972 0.125698 0.136781 0.120645 0.0863487 0.0503677 0.0243963 0.0106666 0.00561657 0.00505433 0.00641244 0.00856402 0.0110467 0.013578 0.0158953 0.0177514 0.0189569 0.0194183 0.019154 0.0182789 0.0169668 0.0154038 0.0137493 0.0121139 0.0105577 0.00910309 0.00775199 0.00650184
 1.01955e-16 2.94048e-05 0.000172571 0.000820298 0.00315815 0.00984836 0.0248763 0.0509009 0.0843766 0.113324 0.12334 0.108847 0.0780288 0.0457654 0.0226355 0.0106947 0.0067744 0.00712377 0.00942632 0.0126198 0.0161903 0.0197417 0.0228736 0.0252103 0.0264753 0.0265526 0.0255099 0.0235713 0.0210541 0.01829 0.0155576 0.0130439 0.0108391 0.00895612 0.00736248 0.00600958
 1.02363e-16 2.84479e-05 0.000166954 0.000793596 0.00305534 0.00952776 0.0240665 0.0492439 0.0816299 0.109635 0.119326 0.105306 0.0754931 0.0442845 0.0219159 0.0103785 0.00661129 0.00699146 0.00928583 0.0124761 0.0160748 0.0197071 0.0229896 0.0255564 0.0271286 0.0275733 0.0269271 0.0253734 0.0231862 0.0206592 0.0180459 0.0155247 0.0131943 0.0110902 0.00921115 0.0075424
 1.02238e-16 3.09407e-05 0.000181593 0.000863201 0.00332336 0.0103636 0.0261776 0.053563 0.0887876 0.119242 0.129766 0.114481 0.0819868 0.0479247 0.0234027 0.0105563 0.00602488 0.00584539 0.00758454 0.0101587 0.0130946 0.0160718 0.0187782 0.0209182 0.0222661 0.0227131 0.0222855 0.0211269 0.0194528 0.0174937 0.0154473 0.0134517 0.0115822 0.00986586 0.0083029 0.00688537
 1.0236e-16 2.82569e-05 0.000165831 0.000788256 0.00303478 0.00946363 0.0239045 0.0489126 0.0810812 0.108899 0.118529 0.104611 0.0750144 0.0440422 0.0218669 0.0104728 0.00682442 0.00732595 0.009756 0.0130923 0.0168316 0.0205762 0.0239181 0.0264712 0.027947 0.0282175 0.0273389 0.0255258 0.0230876 0.0203505 0.0175906 0.0149958 0.012661 0.0106081 0.0088162 0.00725032
 1.05193e-16 1.38233e-05 8.10744e-05 0.000385272 0.00148312 0.00462479 0.0116823 0.0239065 0.0396394 0.0532701 0.0580618 0.0514369 0.0373053 0.0227516 0.0128767 0.00880641 0.00921708 0.0124735 0.017524 0.0237672 0.0306928 0.0376924 0.0440617 0.0491113 0.0523104 0.0533996 0.0524352 0.0497477 0.0458364 0.0412386 0.0364176 0.0316999 0.0272677 0.0231912 0.0194774 0.0161132
pSPR Fmed_Fpbrs
0.670948   0.340019 0.340019
Fs Fmed_Fpbrs
0.258393   1.005 1.005
SSBpbr Bo_Bmed_Bpbrs
1.19404e+06  741438  346295 346295
Ro
50011.1
SPR SPRFo_SPRFmed_SPRFpbrs
1.02712e+06 689143 349240
log_Ro
10.64
likeval ReclasPelacesDesembMPH_pf_preclas_ppelaces_ptallas_desvR_qrecl_qpela
 66.5016 31.3641 0.00983831 0.000177991 314.617 196.545 77.7506 0 15.7855 6.49622e-05 0 0 0 0 0
q_reclas_q_pelaces
0.319141 1
M
0.7
N
 42533.7 14248.3 5417.62 650.174 0.328466
 55861.2 19347.5 4329.49 1646.2 197.662
 31064.8 25603.3 6133.97 1372.63 584.581
 55864.8 13603 6287.07 1506.24 480.606
 98072.8 27049 5863.44 2709.98 856.408
 67941.1 48483.9 13099.6 2839.61 1727.17
 113296 32361.1 19065 5151.07 1795.77
 112360 54798.1 13865.9 8168.87 2976.54
 145205 53039.2 20490 5184.7 4167.46
 151019 68248.2 19358.2 7478.43 3413.35
 67865.8 71968 26911.9 7633.42 4294.89
 39478.1 31097.2 22782.7 8519.41 3776.1
 43467.6 18204 10198.3 7471.55 4032.3
 23222.8 19171 4653.09 2606.77 2940.48
 17681.5 9361.13 2961.5 718.801 856.93
 21418.8 7185.55 1513.32 478.756 254.733
 17223.5 9819.47 2281.23 480.441 232.864
 18906.3 8077.15 3539.22 822.22 257.096
 20684.4 9026.71 3218.7 1410.36 430.101
 40556.1 9928.68 3706.55 1321.66 755.73
 50164.5 19427.7 4030.77 1504.76 843.364
 62685.7 24516.8 8823.33 1830.62 1066.43
 103075 30488.6 10837.4 3900.28 1280.62
 117294 49925 13167.4 4680.48 2237.53
 36733.5 56859 21661.5 5713.1 3001.59
pred_Ctot
 2582.31 4090.03 1555.15 186.635 0.0942876
 3108.49 5161.56 1155.03 439.176 52.7326
 2659.79 9687.22 2320.83 519.345 221.181
 1004.52 1301.85 601.692 144.152 45.9955
 315.188 482.301 104.549 48.3206 15.2703
 1999.65 7355.73 1987.4 430.811 262.037
 2122.14 3219.39 1896.65 512.446 178.649
 4004.57 9895.02 2503.8 1475.07 537.48
 5605.84 10289.4 3974.96 1005.81 808.468
 4392.57 10242.4 2905.21 1122.33 512.263
 3788.69 19252.2 7199.22 2042.02 1148.93
 2036.59 7777.31 5697.87 2130.68 944.392
 3520.57 6597.16 3695.88 2707.71 1461.31
 3182 10134.3 2459.75 1378.01 1554.42
 2336.51 4833.16 1529.02 371.118 442.434
 1188.39 1912.21 402.724 127.406 67.7893
 691.359 1972.22 458.18 96.4957 46.7703
 525.255 1162.05 509.184 118.292 36.9881
 497.546 1136.17 405.13 177.518 54.1358
 1033.04 1318.13 492.08 175.463 100.33
 571.393 1199.78 248.924 92.9277 52.0827
 928.313 1949.66 701.661 145.577 84.8059
 1828.19 2880.09 1023.75 368.438 120.973
 2012.24 4569.1 1205.07 428.354 204.777
 644.24 5314.08 2024.5 533.95 280.531
F
 0.0877321 0.491187 0.491187 0.491187 0.491187
 0.0801471 0.448721 0.448721 0.448721 0.448721
 0.125784 0.704228 0.704228 0.704228 0.704228
 0.0252835 0.141555 0.141555 0.141555 0.141555
 0.00447768 0.0250693 0.0250693 0.0250693 0.0250693
 0.0416838 0.233376 0.233376 0.233376 0.233376
 0.0263498 0.147525 0.147525 0.147525 0.147525
 0.050676 0.283721 0.283721 0.283721 0.283721
 0.0549969 0.307912 0.307912 0.307912 0.307912
 0.0411848 0.230582 0.230582 0.230582 0.230582
 0.0804151 0.450222 0.450222 0.450222 0.450222
 0.0741058 0.414898 0.414898 0.414898 0.414898
 0.118618 0.664107 0.664107 0.664107 0.664107
 0.208566 1.1677 1.1677 1.1677 1.1677
 0.200449 1.12226 1.12226 1.12226 1.12226
 0.0799038 0.447359 0.447359 0.447359 0.447359
 0.0572383 0.320461 0.320461 0.320461 0.320461
 0.0393058 0.220062 0.220062 0.220062 0.220062
 0.0339517 0.190086 0.190086 0.190086 0.190086
 0.035985 0.20147 0.20147 0.20147 0.20147
 0.0159503 0.0893013 0.0893013 0.0893013 0.0893013
 0.0207817 0.116351 0.116351 0.116351 0.116351
 0.0249354 0.139606 0.139606 0.139606 0.139606
 0.0241098 0.134984 0.134984 0.134984 0.134984
 0.0246537 0.138029 0.138029 0.138029 0.138029
nmprior
 10.6 11 7 0
nm_flota  nm_reclas  nm_pelaces    nm_pelaL
inf 14.8571 20.4296 50.5055
cv_recla  cv_pelaces  cv_mph
0.737634 0.635022 0.43285
 ------------------------------------------------
Talla a la edad & desviación 
 7.2 14.2025 17.0495 18.207 18.6776
 1.08 2.13037 2.55742 2.73105 2.80164
