years
 1997 1998 1999 2000 2001 2002 2003 2004 2005 2006 2007 2008 2009 2010 2011 2012 2013 2014 2015 2016 2017 2018 2019 2020 2021
reclasobs
 0 0 0 370054 412103 1.49427e+06 250295 1.28982e+06 931140 785840 897777 1.04006e+06 184774 17550 25797 100020 73551 82996 120727 218422 84188 347160 605670 569463 516374
reclaspred
 1.60164e+06 209543 275526 105085 241744 249815 549655 449900 611051 1.00732e+06 881016 564216 355802 155190 94904.2 89585.9 101171 120935 106027 174009 292744 259370 441706 513902 401801
pelacesobs
 0 0 0 0 0 0 0 0 0 2.06254e+06 1.5e+06 0 1.87456e+06 323000 250000 174000 83755 137374 0 501740 490994 745055 786931 1.00524e+06 1.33801e+06
pelacespred
 1.16442e+06 410746 129385 110966 224542 165924 532005 430137 587907 972807 735642 484286 321608 110750 68419.5 69189.8 81392.6 99212.5 86864.2 144405 271965 231668 312631 425676 324168
mphobs
 0 0 0 0 0 112323 0 153150 637223 0 255016 313432 73983 77613 109348 50772 0 0 0 0 0 0 0 0 0
mphpred
 1.76898e+06 752806 342947 161475 139703 344633 394556 513000 542274 764297 1.26036e+06 888503 498720 280207 120081 93841.6 105808 128486 137934 134504 262165 338533 394525 562324 626626
desembarqueobs
 350755 77701 442110 56441 14545 235359 269955 359681 431902 328805 639364 411747 362871 311530 167758 66681 60226 58785 57116 73181 50977 67692 138656 160484 209506
desembarquepred
 350743 77678.7 441577 56420.5 14544 235248 269876 359217 431523 328586 638740 411433 362371 311132 167449 66638.4 60210.5 58749.3 57076.1 73121.5 50965.8 67657.4 138591 160417 209419
Reclutas
 10386.4 16263.8 2377.47 13541.3 55528.4 19815.3 56699.8 72344.7 101237 207431 56416.5 26405.6 52457.9 22660.7 14786.5 15392.8 10510.9 10409.9 8725.48 28102.9 31753.5 33418.8 64245.3 54534.4 2202.35
log_desv_Rt
 -0.851743 -0.403302 -2.32621 -0.586499 0.824649 -0.205788 0.845526 1.0892 1.42522 2.14256 0.840517 0.0813331 0.767765 -0.0716135 -0.498528 -0.458348 -0.839834 -0.849489 -1.026 0.143627 0.265758 0.316875 0.970464 0.806587 -2.40272
SSB
 1.76898e+06 752806 342947 161475 139703 344633 394556 513000 542274 764297 1.26036e+06 888503 498720 280207 120081 93841.6 105808 128486 137934 134504 262165 338533 394525 562324 626626
BT
 2.30687e+06 902612 476897 264010 414256 479846 1.14696e+06 1.15748e+06 1.44381e+06 2.04666e+06 1.87058e+06 1.23645e+06 934232 495037 261495 178605 194470 225016 205084 318458 527170 478782 656055 892203 754055
Ftot
 0.141594 0.256359 0.95509 0.486023 0.0981616 0.666658 0.582294 0.977091 0.907649 0.464986 0.535181 0.504589 0.937787 1.55358 1.69668 0.730193 0.558589 0.437287 0.427901 0.529288 0.172719 0.215713 0.281021 0.265803 0.324666
BD_Bspro_t
 0.978001 0.84067 0.621093 0.291226 0.412098 0.685527 0.537873 0.551069 0.520617 0.55635 0.641168 0.479947 0.346991 0.261827 0.150275 0.147552 0.215983 0.32384 0.395101 0.448102 0.635446 0.743167 0.738649 0.745375 0.713286
BD_Bspro
 3.53831 1.50576 0.68596 0.322982 0.279433 0.689334 0.789189 1.0261 1.08465 1.52874 2.52097 1.77718 0.997536 0.560467 0.240185 0.187701 0.211636 0.256997 0.275895 0.269034 0.52438 0.677131 0.789126 1.12476 1.25337
BD_Bo
 1.84845 0.786625 0.358353 0.168729 0.145979 0.360116 0.412281 0.536046 0.566635 0.798632 1.31698 0.928417 0.521124 0.292794 0.125475 0.0980573 0.110561 0.134258 0.14413 0.140546 0.273942 0.353741 0.412248 0.587586 0.654776
BD_Brms
 6.14382 2.61456 1.19108 0.560817 0.485199 1.19694 1.37033 1.78169 1.88336 2.65447 4.37733 3.08584 1.73209 0.97318 0.41705 0.32592 0.367479 0.446243 0.479056 0.467142 0.91052 1.17575 1.37022 1.953 2.17632
S_f
 0.143826 1 1 1 1
 0.143826 1 1 1 1
 0.143826 1 1 1 1
 0.143826 1 1 1 1
 0.143826 1 1 1 1
 0.143826 1 1 1 1
 0.143826 1 1 1 1
 0.143826 1 1 1 1
 0.143826 1 1 1 1
 0.143826 1 1 1 1
 0.143826 1 1 1 1
 0.143826 1 1 1 1
 0.143826 1 1 1 1
 0.143826 1 1 1 1
 0.143826 1 1 1 1
 0.143826 1 1 1 1
 0.143826 1 1 1 1
 0.143826 1 1 1 1
 0.143826 1 1 1 1
 0.143826 1 1 1 1
 0.143826 1 1 1 1
 0.143826 1 1 1 1
 0.143826 1 1 1 1
 0.143826 1 1 1 1
 0.143826 1 1 1 1
Scru_reclas
 0.889846 1 1 1 1
 0.889846 1 1 1 1
 0.889846 1 1 1 1
 0.889846 1 1 1 1
 0.889846 1 1 1 1
 0.889846 1 1 1 1
 0.889846 1 1 1 1
 0.889846 1 1 1 1
 0.889846 1 1 1 1
 0.889846 1 1 1 1
 0.889846 1 1 1 1
 0.889846 1 1 1 1
 0.889846 1 1 1 1
 0.889846 1 1 1 1
 0.889846 1 1 1 1
 0.889846 1 1 1 1
 0.889846 1 1 1 1
 0.889846 1 1 1 1
 0.889846 1 1 1 1
 0.889846 1 1 1 1
 0.889846 1 1 1 1
 0.889846 1 1 1 1
 0.889846 1 1 1 1
 0.889846 1 1 1 1
 0.889846 1 1 1 1
Scru_pelaces
 1 1 1 1 1
 1 1 1 1 1
 1 1 1 1 1
 1 1 1 1 1
 1 1 1 1 1
 1 1 1 1 1
 1 1 1 1 1
 1 1 1 1 1
 1 1 1 1 1
 1 1 1 1 1
 1 1 1 1 1
 1 1 1 1 1
 1 1 1 1 1
 1 1 1 1 1
 1 1 1 1 1
 1 1 1 1 1
 1 1 1 1 1
 1 1 1 1 1
 1 1 1 1 1
 1 1 1 1 1
 1 1 1 1 1
 1 1 1 1 1
 1 1 1 1 1
 1 1 1 1 1
 1 1 1 1 1
pf_obs 
 0.256992 0.487395 0.22802 0.0275931 0
 0.321318 0.546541 0.124235 0.00734118 0.000564706
 0.182869 0.594174 0.210203 0.0122559 0.00049798
 0.330522 0.361315 0.267642 0.0388342 0.00168674
 0.649043 0.306663 0.0425973 0.00169635 0
 0.582887 0.30429 0.105238 0.00758474 0
 0.465427 0.430635 0.0974691 0.00646863 0
 0.296916 0.608066 0.0921331 0.00288517 0
 0.311714 0.524322 0.152257 0.0117073 0
 0.15457 0.633149 0.183074 0.0267441 0.00246327
 0.131901 0.49318 0.331252 0.0422183 0.00144891
 0.196976 0.569456 0.194076 0.0375587 0.00193317
 0.518974 0.381816 0.0799577 0.0180837 0.00116848
 0.0928022 0.601141 0.25162 0.0475244 0.00691264
 0.122501 0.610282 0.24278 0.0234846 0.000952079
 0.383417 0.481906 0.127806 0.00687128 0
 0.0376549 0.599619 0.316969 0.0457579 0
 0.0361596 0.667082 0.258105 0.0386534 0
 0.158088 0.579412 0.248529 0.0139706 0
 0.0477256 0.309471 0.559284 0.082774 0.000745712
 0.0406174 0.521527 0.379366 0.0568643 0.0016247
 0.151134 0.462217 0.34131 0.0453401 0
 0.294876 0.26143 0.354403 0.0886775 0.000613685
 0.281977 0.475581 0.204845 0.0348837 0.00271318
 0.0354234 0.537034 0.353287 0.0723622 0.0018943
pf_pred 
 0.0222817 0.633149 0.304159 0.0404077 2.26826e-06
 0.068721 0.135092 0.515594 0.247686 0.0329071
 0.0218911 0.359602 0.0897209 0.34243 0.186356
 0.313685 0.139179 0.201155 0.0501882 0.295793
 0.514443 0.389322 0.0195155 0.0282057 0.0485131
 0.105059 0.792345 0.0822615 0.00412351 0.0162102
 0.374301 0.333576 0.258634 0.0268515 0.00663726
 0.322138 0.57463 0.0550358 0.0426714 0.00552521
 0.35003 0.549467 0.0851972 0.00815986 0.00714584
 0.406423 0.508337 0.0720593 0.0111731 0.00200725
 0.080378 0.788159 0.112585 0.0159595 0.00291914
 0.0720395 0.410578 0.443421 0.0633405 0.0106212
 0.258888 0.303559 0.193596 0.209082 0.0348745
 0.158002 0.671303 0.0699168 0.0445897 0.0561888
 0.232219 0.575902 0.15298 0.015933 0.0229659
 0.294604 0.592854 0.0844168 0.022424 0.00570187
 0.178011 0.663976 0.132803 0.0189099 0.00630037
 0.195048 0.535768 0.217439 0.0434903 0.00825585
 0.169563 0.561839 0.178776 0.0725556 0.0172668
 0.432973 0.361149 0.139289 0.0443215 0.0222684
 0.247532 0.65736 0.0605761 0.0233631 0.0111692
 0.194448 0.574524 0.201827 0.0185984 0.0106023
 0.293013 0.460124 0.176064 0.0618502 0.00894863
 0.178131 0.630998 0.124224 0.0475337 0.0191142
 0.00857145 0.626359 0.280286 0.0551795 0.0296046
pobs_RECLAS
 0 0 0 0 0
 0 0 0 0 0
 0 0 0 0 0
 0 0 0 0 0
 0.835266 0.146461 0.0176864 0.000547809 3.91292e-05
 0.385257 0.428462 0.181853 0.0044286 0
 0.867414 0.0963971 0.0333333 0.00285562 0
 0.441836 0.489002 0.0689373 0.000224442 0
 0.779404 0.147425 0.0564933 0.0165055 0.000172143
 0.814271 0.122319 0.05973 0.00367925 0
 0.40263 0.566651 0.0304383 0.000280538 0
 0.475488 0.404961 0.113038 0.00651328 0
 0.955842 0.0263864 0.0167828 0.000988607 0
 0.975058 0.0227948 0.00214734 0 0
 0.738997 0.206755 0.0527124 0.00153531 0
 0.850938 0.134255 0.0134407 0.00136685 0
 0.542534 0.407297 0.0501686 0 0
 0.764087 0.199537 0.0359546 0.000420521 0
 0.470689 0.182191 0.310203 0.0369168 0
 0.84361 0.089868 0.0606195 0.00523954 0.000663233
 0.607945 0.314616 0.071237 0.00620181 0
 0.523733 0.453247 0.0230204 0 0
 0.530135 0.295979 0.169645 0.0042399 0
 0.562478 0.366248 0.0663022 0.0049721 0
 0.250443 0.683176 0.0655157 0.000865301 0
ppred_RECLAS
 0.124422 0.567005 0.272384 0.0361864 2.0313e-06
 0.316747 0.099113 0.378276 0.18172 0.024143
 0.130732 0.319587 0.079737 0.304326 0.165619
 0.745139 0.0516836 0.0746981 0.0186372 0.109842
 0.868239 0.105647 0.00529574 0.00765391 0.0131645
 0.433055 0.501951 0.0521127 0.00261225 0.0102692
 0.794255 0.109688 0.0850454 0.00882943 0.0021825
 0.762018 0.201739 0.0193218 0.0149809 0.00193978
 0.782521 0.183851 0.0285069 0.00273028 0.00239099
 0.813848 0.15942 0.0225986 0.00350401 0.000629496
 0.359617 0.548838 0.0783989 0.0111134 0.00203276
 0.332182 0.295478 0.319113 0.0455838 0.00764365
 0.700814 0.122546 0.0781544 0.084406 0.0140788
 0.578667 0.335918 0.0349862 0.0223125 0.0281167
 0.693935 0.229575 0.0609831 0.00635145 0.00915501
 0.73229 0.224998 0.0320375 0.00851029 0.00216395
 0.58236 0.337356 0.067475 0.00960781 0.00320112
 0.60685 0.261676 0.1062 0.0212412 0.00403227
 0.565157 0.294196 0.0936129 0.0379923 0.00904143
 0.830606 0.10789 0.0416112 0.0132406 0.00665247
 0.672687 0.285943 0.0263498 0.0101626 0.00485846
 0.601953 0.283889 0.0997284 0.00919003 0.00523892
 0.72286 0.180369 0.0690175 0.0242454 0.00350788
 0.576725 0.324974 0.0639772 0.0244806 0.00984411
 0.0517585 0.599074 0.268076 0.0527759 0.028315
pobs_PELACES
 0 0 0 0 0
 0 0 0 0 0
 0 0 0 0 0
 0 0 0 0 0
 0 0 0 0 0
 0 0 0 0 0
 0 0 0 0 0
 0 0 0 0 0
 0 0 0 0 0
 0 0 0 0 0
 0.450072 0.473896 0.0757376 0.000293798 0
 0 0 0 0 0
 0.463077 0.371075 0.160297 0.00555027 0
 0.529543 0.364841 0.0842815 0.0213345 0
 0.631943 0.363953 0.00410389 0 0
 0.735681 0.248677 0.0153453 0.000297389 0
 0.695825 0.281241 0.0229344 0 0
 0.275771 0.60734 0.115278 0.00161068 0
 0 0 0 0 0
 0.896147 0.0623911 0.0374545 0.00400742 0
 0.803859 0.145111 0.0509908 3.86294e-05 0
 0.739449 0.233085 0.0266225 0.000797448 4.60066e-05
 0.878498 0.100942 0.0204185 0.000141795 0
 0.694673 0.275183 0.0284847 0.00165964 0
 0.469039 0.446079 0.0841089 0.000773354 0
ppred_PELACES
 0.142523 0.555284 0.266753 0.0354383 1.98931e-06
 0.359019 0.0929809 0.354873 0.170478 0.0226493
 0.181243 0.301016 0.0751037 0.286642 0.155995
 0.790324 0.0425205 0.0614547 0.015333 0.0903676
 0.883903 0.0930875 0.00466619 0.00674402 0.0115995
 0.508915 0.434787 0.0451397 0.00226271 0.00889511
 0.836442 0.0871968 0.067607 0.00701898 0.00173498
 0.825857 0.147622 0.0141387 0.0109623 0.00141943
 0.839373 0.13579 0.0210548 0.00201655 0.00176595
 0.848553 0.129699 0.0183855 0.00285075 0.000512138
 0.423332 0.494232 0.0705986 0.0100077 0.00183051
 0.391965 0.269027 0.290546 0.0415032 0.0069594
 0.774316 0.0924401 0.0589539 0.0636697 0.01062
 0.70536 0.234909 0.024466 0.0156033 0.0196622
 0.804501 0.146641 0.0389531 0.004057 0.00584778
 0.790723 0.175888 0.0250448 0.00665277 0.00169163
 0.647256 0.284935 0.0569903 0.00811488 0.00270371
 0.662476 0.224652 0.091174 0.0182359 0.00346175
 0.622394 0.255472 0.0812908 0.0329915 0.00785133
 0.864851 0.0860788 0.033199 0.0105639 0.0053076
 0.708037 0.255061 0.023504 0.00906506 0.00433374
 0.643655 0.254147 0.0892802 0.00822722 0.00469005
 0.760386 0.155946 0.0596722 0.0209624 0.00303289
 0.622729 0.289653 0.0570237 0.0218199 0.00877419
 0.0629979 0.591974 0.264899 0.0521503 0.0279794
pobs_pel_tallas
 0 0 0 0 0 0 0 0 0 0 0 0 0 0 0 0 0 0 0 0 0 0 0 0 0 0 0 0 0 0 0 0 0 0 0 0
 0 0 0 0 0 0 0 0 0 0 0 0 0 0 0 0 0 0 0 0 0 0 0 0 0 0 0 0 0 0 0 0 0 0 0 0
 0 0 0 0 0 0 0 0 0 0 0 0 0 0 0 0 0 0 0 0 0 0 0 0 0 0 0 0 0 0 0 0 0 0 0 0
 0 0 0 0 0 0 0 0 0 0 0 0 0 0 0 0 0 0 0 0 0 0 0 0 0 0 0 0 0 0 0 0 0 0 0 0
 0 0 0 0 0 0 0 0 0 0 0 0 0 0 0 0 0 0 0 0 0 0 0 0 0 0 0 0 0 0 0 0 0 0 0 0
 0 0 0 0 0 0 0 0 0 0 0 0 0 0 0 0 0 0 0 0 0 0 0 0 0 0 0 0 0 0 0 0 0 0 0 0
 0 0 0 0 0 0 0 0 0 0 0 0 0 0 0 0 0 0 0 0 0 0 0 0 0 0 0 0 0 0 0 0 0 0 0 0
 0 0 0 0 0 0 0 0 0 0 0 0 0 0 0 0 0 0 0 0 0 0 0 0 0 0 0 0 0 0 0 0 0 0 0 0
 0 0 0 0 0 0 0 0 0 0 0 0 0 0 0 0 0 0 0 0 0 0 0 0 0 0 0 0 0 0 0 0 0 0 0 0
 0 0 0 0 0 0 0 0 0 0 0 0 0 0 0 0 0 0 0 0 0 0 0 0 0 0 0 0 0 0 0 0 0 0 0 0
 0 0 0 0 0 0 0 0 1.78061e-05 0.00172719 0.00360574 0.0105946 0.0120993 0.0124554 0.0147524 0.0171206 0.0266825 0.0428682 0.0675386 0.121331 0.153587 0.119568 0.100827 0.0573624 0.0630603 0.0341343 0.0324427 0.0444173 0.0211091 0.0280891 0.0125444 0.00206551 0 0 0 0
 0 0 0 0 0 0 0 0 0 0 0 0 0 0 0 0 0 0 0 0 0 0 0 0 0 0 0 0 0 0 0 0 0 0 0 0
 0 0 0 0 0 0 0.0133647 0.0140871 0.0187388 0.0205184 0.03894 0.0496705 0.03968 0.0493445 0.0407372 0.0367815 0.0215668 0.0243155 0.0234873 0.0199281 0.019796 0.0243948 0.0301388 0.0376714 0.0412746 0.0863199 0.0771752 0.113111 0.0741005 0.0525337 0.0229764 0.00759418 0.00175318 0 0 0
 0 0 0 0 0 0 0 0 0 0 0.00219441 0.00772107 0.0458388 0.0604681 0.0671733 0.0775358 0.0609151 0.0617685 0.073594 0.0568108 0.0755445 0.0548602 0.0670107 0.0636378 0.0643287 0.046367 0.0373049 0.0286899 0.0247887 0.0153202 0.00654259 0.00121912 0.000365735 0 0 0
 0 0 0 0 0 0 0 0 0 0 0 0 0.000112435 0.00938835 0.0111873 0.0202946 0.0414886 0.0713402 0.111592 0.104902 0.108894 0.110636 0.117776 0.105296 0.107544 0.0401394 0.0192827 0.0124803 0.00416011 0.0028671 0.000618394 0 0 0 0 0
 0 0 0 0 0 0 0 0 0 0 0.00291406 0.0102884 0.027416 0.0768956 0.0749926 0.110853 0.0956884 0.0897413 0.0766577 0.0534642 0.0500743 0.0551293 0.0594112 0.0620874 0.0668451 0.0424026 0.0208742 0.0120726 0.0048766 0.00582813 0.00118941 0.000297354 0 0 0 0
 0 0.00264628 0.0354308 0.0461629 0.0458689 0.0383711 0.0214643 0.0164657 0.0346957 0.0420465 0.0363128 0.0245516 0.0311673 0.0291091 0.0169068 0.0133784 0.00837989 0.0085269 0.0148486 0.0160247 0.0276389 0.0546898 0.0760071 0.122758 0.109233 0.0665981 0.0333725 0.0166128 0.00676272 0.00308733 0.000882094 0 0 0 0 0
 0 0 0 0 0 0 0 0.000805153 0.000690131 0.00759144 0.0133425 0.0154129 0.00931677 0.000345066 0.00356568 0.00563607 0.00851162 0.0253048 0.0502646 0.0516448 0.0657925 0.0565908 0.0611916 0.0827007 0.0866115 0.110766 0.145733 0.0935128 0.0569358 0.0249597 0.0138026 0.00621118 0.00161031 0.00115022 0 0
 0 0 0 0 0 0 0 0 0 0 0 0 0 0 0 0 0 0 0 0 0 0 0 0 0 0 0 0 0 0 0 0 0 0 0 0
 0.00147267 0.00158595 0.00478618 0.00569244 0.00954404 0.0108468 0.00647125 0.017049 0.0510054 0.094081 0.124002 0.0959785 0.0687766 0.0820023 0.061753 0.0591476 0.0492212 0.0479892 0.0443925 0.0268479 0.0217502 0.0140895 0.0121071 0.0120363 0.00920419 0.00665534 0.0049561 0.00860946 0.00930331 0.0156896 0.0114698 0.00855282 0.00243557 0.00046729 0 2.83206e-05
 0 0 0 0 0.000772559 0.00158375 0.000888443 0.00281984 0.00712685 0.0440552 0.0773331 0.111326 0.0921469 0.0852325 0.0710754 0.0886704 0.0786465 0.0553345 0.0373146 0.0185414 0.00753245 0.00457741 0.012979 0.0271748 0.0457355 0.0583668 0.034881 0.0177882 0.00938659 0.00492506 0.0015258 0.00185414 0.000309023 5.79419e-05 3.86279e-05 0
 0 0.00173294 0.00326652 0 0.00397197 0.00683976 0.00946217 0.0152591 0.00757587 0.0136028 0.0228656 0.0392903 0.0559909 0.0764795 0.0681675 0.0726916 0.0566044 0.0477403 0.0527397 0.0444891 0.0609904 0.0582453 0.0661739 0.0445044 0.0529084 0.0360697 0.0280645 0.0235558 0.0158879 0.00826598 0.00280645 0.00217768 0.000904811 0.00058276 9.20147e-05 0
 0 0 0 0 0 0 0 0 0 0 0 0 0 0 0 0 0 0 0 0 0 0 0 0 0 0 0 0 0 0 0 0 0 0 0 0
 0 0 0 0 0 0 0 0 0 0 0 0 0 0 0 0 0 0 0 0 0 0 0 0 0 0 0 0 0 0 0 0 0 0 0 0
 0 0 0 0 0 0 0 0 0 0 0 0 0 0 0 0 0 0 0 0 0 0 0 0 0 0 0 0 0 0 0 0 0 0 0 0
ppred_pel_tallas
 1.05186e-16 6.25047e-06 3.66045e-05 0.000173833 0.000668984 0.00208591 0.00526943 0.0107863 0.0178959 0.0240836 0.0263393 0.0235463 0.0175389 0.0116172 0.00822507 0.00804334 0.0106517 0.0154485 0.0219982 0.0299178 0.0386853 0.047567 0.0556816 0.0621553 0.0663039 0.067776 0.0666124 0.0631994 0.0581442 0.0521164 0.0457104 0.0393671 0.033359 0.0278235 0.0228148 0.0183506
 1.11984e-16 1.5672e-05 9.19596e-05 0.000437092 0.00168276 0.00524743 0.0132546 0.0271211 0.044958 0.060383 0.0657235 0.0580086 0.0416036 0.0244441 0.012182 0.00594031 0.00407733 0.00466671 0.00657611 0.00936997 0.0129224 0.0171651 0.0219889 0.02722 0.0326254 0.0379262 0.0428156 0.0469789 0.0501183 0.0519825 0.0523989 0.0513038 0.0487611 0.0449614 0.0402019 0.0348459
 1.18303e-16 7.92737e-06 4.64756e-05 0.00022082 0.000849994 0.00265046 0.00669511 0.0137013 0.0227201 0.0305389 0.0333019 0.0295401 0.0215074 0.0132839 0.00782221 0.00580734 0.00652934 0.00910549 0.0129878 0.0178801 0.023527 0.0296009 0.0357025 0.0414234 0.046427 0.0505069 0.0536041 0.0557722 0.0571131 0.0577067 0.0575673 0.0566402 0.0548372 0.0520901 0.0484032 0.0438817
 1.05636e-16 3.44761e-05 0.000202363 0.000961976 0.00370372 0.0115497 0.0291736 0.0596919 0.098942 0.132864 0.144551 0.127429 0.0910539 0.0528092 0.0250137 0.00997571 0.0038814 0.00227062 0.00244005 0.0032665 0.00439446 0.00571506 0.00716823 0.00869466 0.0102327 0.0117229 0.0131103 0.0143428 0.0153683 0.016133 0.0165837 0.0166749 0.0163789 0.0156947 0.0146532 0.0133164
 1.00871e-16 3.85587e-05 0.000226326 0.00107589 0.0041423 0.0129174 0.0326283 0.0667609 0.11066 0.148603 0.161682 0.142549 0.101897 0.0591755 0.0281722 0.0114764 0.00482503 0.00322032 0.00360991 0.00468431 0.00596799 0.00724433 0.00835042 0.00914558 0.00953092 0.009471 0.00900153 0.00821762 0.00724799 0.00622326 0.00524922 0.00439184 0.00367586 0.00309389 0.00262039 0.00222511
 1.01276e-16 2.22214e-05 0.00013038 0.000619682 0.00238566 0.00743935 0.0187916 0.0384525 0.0637488 0.0856415 0.0932704 0.0824505 0.0594118 0.0354617 0.0186828 0.0107354 0.00933071 0.0117051 0.0161048 0.0216149 0.0276099 0.0334441 0.0384122 0.0418528 0.0432933 0.0425623 0.0398292 0.0355533 0.0303639 0.024912 0.0197418 0.0152145 0.0114945 0.00858422 0.0063834 0.00474882
 1.01311e-16 3.64891e-05 0.000214176 0.00101813 0.0039199 0.0122239 0.0308764 0.0631765 0.104719 0.140625 0.153003 0.134901 0.096438 0.0560228 0.0267053 0.0109419 0.004707 0.00328162 0.00379049 0.00500872 0.00649972 0.00806784 0.00956042 0.0108344 0.0117726 0.0123035 0.0124124 0.0121354 0.0115436 0.010722 0.00975108 0.00869686 0.00760896 0.00652453 0.00547372 0.00448334
 1.00692e-16 3.60299e-05 0.000211475 0.00100527 0.00387039 0.0120695 0.0304865 0.062379 0.103399 0.138857 0.151093 0.133248 0.0953237 0.0555115 0.0267152 0.0113817 0.00555445 0.00458212 0.00561351 0.00739955 0.00943973 0.0114482 0.0131744 0.0143932 0.0149438 0.0147672 0.0139183 0.0125489 0.0108673 0.0090884 0.00739058 0.00589107 0.0046419 0.00364242 0.0028597 0.00224855
 1.00496e-16 3.66188e-05 0.000214933 0.00102172 0.0039337 0.0122669 0.0309852 0.0633993 0.10509 0.141127 0.153559 0.135415 0.0968568 0.0563696 0.0270634 0.0114191 0.00540953 0.00430355 0.00520365 0.00684661 0.00873688 0.0106028 0.0122112 0.0133525 0.0138762 0.0137244 0.0129441 0.0116722 0.0100991 0.00842281 0.0068104 0.00537428 0.0041682 0.00319758 0.00243733 0.00184934
 1.00426e-16 3.70188e-05 0.000217282 0.00103289 0.00397671 0.012401 0.0313239 0.0640924 0.106238 0.142669 0.155235 0.136888 0.0979008 0.0569574 0.0273086 0.0114586 0.00533277 0.00414544 0.00496686 0.00652264 0.00831824 0.010089 0.0116111 0.0126845 0.013166 0.013001 0.012236 0.0110032 0.00948585 0.00787452 0.00632957 0.00495879 0.00381328 0.00289745 0.00218619 0.00164177
 1.01593e-16 1.84921e-05 0.00010848 0.000515554 0.00198472 0.006189 0.0156334 0.0319911 0.0530408 0.0712684 0.0776492 0.0687184 0.0496842 0.0299913 0.0164146 0.0103965 0.0100934 0.0132499 0.0184131 0.0247712 0.0316859 0.0384427 0.0442428 0.0483315 0.0501635 0.0495313 0.0466114 0.0419078 0.0361189 0.0299715 0.0240773 0.0188475 0.0144775 0.0109846 0.00827351 0.0062004
 1.05964e-16 1.71157e-05 0.000100419 0.000477274 0.00183741 0.00572966 0.0144729 0.029615 0.0490965 0.0659544 0.0718221 0.0634727 0.0456995 0.027205 0.0142093 0.00799156 0.00680169 0.00854576 0.0119379 0.0163731 0.0214981 0.0269561 0.0323245 0.037158 0.0410639 0.0437689 0.045154 0.0452458 0.0441781 0.0421391 0.0393277 0.0359299 0.0321166 0.0280516 0.0239001 0.019828
 1.03552e-16 3.37802e-05 0.000198272 0.000942519 0.00362878 0.0113161 0.0285834 0.0584847 0.0969425 0.130184 0.141647 0.124897 0.0893052 0.0519182 0.0248228 0.0103015 0.00463754 0.00347289 0.004155 0.00555634 0.00727498 0.00912742 0.0109659 0.0126488 0.0140563 0.0151099 0.0157807 0.0160826 0.0160561 0.0157482 0.0151978 0.0144316 0.0134683 0.0123281 0.0110419 0.00965519
 1.01879e-16 3.07791e-05 0.00018064 0.000858665 0.00330588 0.010309 0.0260399 0.0532817 0.0883224 0.118621 0.1291 0.113915 0.0816306 0.0478144 0.0235301 0.0109171 0.00664537 0.00677731 0.00888236 0.0118521 0.0151639 0.01843 0.021267 0.0233203 0.0243354 0.024216 0.0230448 0.0210554 0.0185686 0.0159133 0.0133604 0.0110841 0.00915765 0.00757465 0.00628205 0.00521231
 1.01014e-16 3.50987e-05 0.000206008 0.000979281 0.00377031 0.0117574 0.0296982 0.0607661 0.100725 0.135268 0.147188 0.129808 0.0928699 0.0540972 0.0260627 0.0111537 0.0055205 0.00463721 0.00573159 0.00759118 0.00973089 0.0118718 0.0137659 0.0151853 0.0159617 0.0160221 0.0154027 0.0142344 0.0127049 0.0110126 0.00932669 0.00776372 0.00638385 0.0052015 0.00420305 0.00336356
 1.00721e-16 3.4499e-05 0.000202485 0.000962527 0.00370579 0.0115562 0.02919 0.0597265 0.0990031 0.132957 0.144682 0.127614 0.0913372 0.0532786 0.0258068 0.0112803 0.00592698 0.00530449 0.00668451 0.00885767 0.0113139 0.0137326 0.0158182 0.0173007 0.0179859 0.0177995 0.0168029 0.0151733 0.0131564 0.0110078 0.00894186 0.00710212 0.00555607 0.00430903 0.00332744 0.00256176
 1.01308e-16 2.82477e-05 0.000165774 0.000787976 0.00303369 0.00946023 0.0238959 0.0488953 0.0810535 0.108865 0.118499 0.104602 0.0750458 0.0441368 0.0220546 0.010795 0.00733447 0.00808342 0.0108151 0.0144858 0.0185535 0.0225672 0.02606 0.0285937 0.0298477 0.0296919 0.0282139 0.0256876 0.0224991 0.0190531 0.0156924 0.0126508 0.0100442 0.00789217 0.00615352 0.00476145
 1.02156e-16 2.8909e-05 0.000169662 0.000806471 0.00310492 0.00968237 0.024457 0.0500428 0.0829539 0.111412 0.121257 0.107001 0.076691 0.0449517 0.0221801 0.0103939 0.00647621 0.00674173 0.0089215 0.0119874 0.0154578 0.0189714 0.022161 0.0246751 0.0262432 0.0267323 0.02617 0.0247239 0.0226491 0.0202224 0.017685 0.0152108 0.0129007 0.0107974 0.00890943 0.00723133
 1.02738e-16 2.71625e-05 0.000159405 0.000757704 0.00291715 0.00909679 0.0229779 0.0470168 0.077939 0.104681 0.113941 0.100571 0.0721379 0.0423945 0.021126 0.0102477 0.00685118 0.00748787 0.0100276 0.0134871 0.0173753 0.0212951 0.0248337 0.0275972 0.0292868 0.0297623 0.0290674 0.027404 0.0250703 0.0223836 0.0196145 0.0169504 0.0144908 0.012267 0.0102716 0.00848495
 1.01111e-16 3.77277e-05 0.000221448 0.0010527 0.00405301 0.012639 0.031925 0.0653218 0.108275 0.1454 0.158196 0.139475 0.0996974 0.0578952 0.0275575 0.0112188 0.00471036 0.00314562 0.00354445 0.00463452 0.0059614 0.00732413 0.0085717 0.009569 0.0102131 0.0104533 0.0102991 0.00981269 0.00908831 0.00822735 0.007317 0.00641847 0.0055658 0.00477224 0.00403977 0.00336726
 1.00931e-16 3.08967e-05 0.000181329 0.000861933 0.00331845 0.0103483 0.026139 0.0534846 0.0886592 0.119075 0.129598 0.114365 0.0819747 0.04806 0.0237324 0.0111466 0.00696624 0.00724155 0.00952908 0.0127034 0.0162168 0.0196486 0.0225783 0.024618 0.0254913 0.025098 0.0235372 0.021077 0.0180839 0.0149364 0.0119495 0.00933078 0.0071729 0.00547468 0.00417643 0.00319491
 1.01853e-16 2.80895e-05 0.000164848 0.00078358 0.00301677 0.00940747 0.0237626 0.0486224 0.0806004 0.108254 0.117828 0.103996 0.0745803 0.0438019 0.021775 0.0104751 0.00688829 0.00744303 0.00993308 0.013342 0.0171662 0.0210034 0.0244375 0.0270721 0.0286067 0.0289016 0.0280034 0.0261209 0.0235631 0.020662 0.0177055 0.0148981 0.0123543 0.0101149 0.00817558 0.00651192
 1.0176e-16 3.31755e-05 0.000194716 0.000925597 0.00356361 0.0111128 0.02807 0.0574348 0.0952041 0.127855 0.139127 0.12271 0.0878183 0.0512076 0.0247706 0.0107744 0.00559236 0.00495759 0.00625714 0.00834564 0.0107565 0.013209 0.0154439 0.017218 0.0183447 0.0187324 0.0183997 0.0174613 0.016091 0.0144762 0.0127788 0.0111136 0.00954558 0.00810068 0.00678322 0.00559029
 1.02064e-16 2.71784e-05 0.000159495 0.000758128 0.00291876 0.00910183 0.0229907 0.0470431 0.0779837 0.104743 0.114017 0.100655 0.0722349 0.0425258 0.0213282 0.0105702 0.00735146 0.00822531 0.0110527 0.0148269 0.0190162 0.0231702 0.0268186 0.0295187 0.0309452 0.0309636 0.0296571 0.0272948 0.0242564 0.0209386 0.0176748 0.014689 0.0120891 0.00989029 0.00805176 0.00651243
 1.07053e-16 2.78419e-06 1.62512e-05 7.70643e-05 0.000296389 0.000923977 0.00233453 0.00478155 0.00794414 0.0107239 0.011815 0.0107675 0.00846282 0.00646467 0.00599456 0.00752227 0.0110332 0.0163926 0.0234451 0.0319133 0.0412845 0.0507919 0.0595057 0.0665038 0.0710661 0.0728254 0.0718289 0.068486 0.0634336 0.0573665 0.0508927 0.0444518 0.0383043 0.0325708 0.0272928 0.0224837
pSPR Fmed_Fpbrs
0.533059   0.350864 0.350864
Fs Fmed_Fpbrs
0.470311   1.005 1.005
SSBpbr Bo_Bmed_Bpbrs
957008  462292  287929 287929
Ro
24343
SPR SPRFo_SPRFmed_SPRFpbrs
499952 266504 175415
log_Ro
9.92
likeval ReclasPelacesDesembMPH_pf_preclas_ppelaces_ptallas_desvR_qrecl_qpela
 91.235 82.3718 0.0809931 0.000602922 347.525 193.896 82.2106 0 38.4609 1.01083e-05 0 0 0 0 0
q_reclas_q_pelaces
0.637292 1
M
0.7
N
 10386.4 44750.2 21497.6 2855.97 0.160318
 16263.8 5053.78 19288.4 9265.94 1231.06
 2377.47 7784.01 1942.11 7412.31 4033.89
 13541.3 1029.08 1487.33 371.089 2187.08
 55528.4 6270.42 314.317 454.28 781.351
 19815.3 27188 2822.66 141.491 556.227
 56699.8 8940.34 6931.79 719.66 177.889
 72344.7 25894.3 2480.05 1922.88 248.98
 101237 31215.4 4840.08 463.564 405.957
 207431 44120.1 6254.25 969.749 174.216
 56416.5 96343.8 13762.3 1950.87 356.833
 26405.6 25940.1 28015.1 4001.82 671.039
 52457.9 12194.7 7777.23 8399.34 1400.99
 22660.7 22762.9 2370.78 1511.97 1905.28
 14786.5 8999.65 2390.62 248.985 358.889
 15392.8 5752.82 819.147 217.594 55.3286
 10510.9 6881.77 1376.43 195.991 65.3002
 10409.9 4816.61 1954.8 390.982 74.221
 8725.48 4854.29 1544.63 626.88 149.185
 28102.9 4074.32 1571.39 500.015 251.222
 31753.5 12932.5 1191.74 459.633 219.737
 33418.8 15381.4 5403.39 497.926 283.85
 64245.3 16088.3 6156.13 2162.61 312.891
 54534.4 30639.5 6031.97 2308.11 928.133
 2202.35 26065.2 11663.8 2296.23 1231.96
pred_Ctot
 150.756 4283.84 2057.91 273.395 0.0153469
 424.309 834.106 3183.46 1529.31 203.181
 221.197 3633.58 906.579 3460.07 1883.02
 660.157 292.906 423.335 105.622 622.504
 560.293 424.021 21.2548 30.7195 52.8368
 1310.15 9881.01 1025.85 51.4226 202.151
 3291.79 2933.64 2274.56 236.146 58.3715
 6876.55 12266.4 1174.83 910.889 117.945
 8977.48 14092.6 2185.12 209.282 183.275
 9687.63 12116.9 1717.63 266.326 47.8455
 3019.24 29605.6 4229.02 599.485 109.652
 1334.93 7608.21 8216.8 1173.73 196.815
 4797.36 5625.14 3587.45 3874.42 646.245
 3305.55 14044.3 1462.73 932.858 1175.52
 2335.18 5791.22 1538.35 160.22 230.943
 1110.32 2234.39 318.156 84.5132 21.4896
 586.252 2186.7 437.365 62.2766 20.7493
 458.007 1258.08 510.585 102.123 19.3862
 375.879 1245.46 396.304 160.838 38.2763
 1487.97 1241.14 478.684 152.317 76.5282
 561.099 1490.09 137.313 52.959 25.3181
 735.518 2173.19 763.427 70.3503 40.1042
 1834.48 2880.72 1102.3 387.229 56.0252
 1474.29 5222.4 1028.13 393.409 158.197
 72.454 5294.58 2369.24 466.429 250.246
F
 0.020365 0.141594 0.141594 0.141594 0.141594
 0.0368712 0.256359 0.256359 0.256359 0.256359
 0.137367 0.95509 0.95509 0.95509 0.95509
 0.0699028 0.486023 0.486023 0.486023 0.486023
 0.0141182 0.0981616 0.0981616 0.0981616 0.0981616
 0.0958829 0.666658 0.666658 0.666658 0.666658
 0.0837492 0.582294 0.582294 0.582294 0.582294
 0.140531 0.977091 0.977091 0.977091 0.977091
 0.130544 0.907649 0.907649 0.907649 0.907649
 0.0668772 0.464986 0.464986 0.464986 0.464986
 0.0769731 0.535181 0.535181 0.535181 0.535181
 0.0725731 0.504589 0.504589 0.504589 0.504589
 0.134878 0.937787 0.937787 0.937787 0.937787
 0.223445 1.55358 1.55358 1.55358 1.55358
 0.244027 1.69668 1.69668 1.69668 1.69668
 0.105021 0.730193 0.730193 0.730193 0.730193
 0.0803398 0.558589 0.558589 0.558589 0.558589
 0.0628934 0.437287 0.437287 0.437287 0.437287
 0.0615434 0.427901 0.427901 0.427901 0.427901
 0.0761256 0.529288 0.529288 0.529288 0.529288
 0.0248416 0.172719 0.172719 0.172719 0.172719
 0.0310252 0.215713 0.215713 0.215713 0.215713
 0.0404182 0.281021 0.281021 0.281021 0.281021
 0.0382295 0.265803 0.265803 0.265803 0.265803
 0.0466956 0.324666 0.324666 0.324666 0.324666
nmprior
 10.6 11 7 0
nm_flota  nm_reclas  nm_pelaces    nm_pelaL
inf 28.3608 20.921 52.0904
cv_recla  cv_pelaces  cv_mph
0.863984 1.02911 0.796652
 ------------------------------------------------
Talla a la edad & desviación 
 7.2 14.2025 17.0495 18.207 18.6776
 1.08 2.13037 2.55742 2.73105 2.80164
