years
 1997 1998 1999 2000 2001 2002 2003 2004 2005 2006 2007 2008 2009 2010 2011 2012 2013 2014 2015 2016 2017 2018 2019 2020 2021
reclasobs
 0 0 0 370054 412103 1.49427e+06 250295 1.28982e+06 931140 785840 897777 1.04006e+06 184774 17550 25797 100020 73551 82996 120727 218422 84188 347160 605670 569463 516374
reclaspred
 398669 95492.8 216046 163699 291052 338137 761836 547759 697486 753692 618786 416093 259555 116570 77748 77169.4 93692.9 122274 122033 184622 279921 253494 436345 533560 500306
pelacesobs
 0 0 0 0 0 0 0 0 0 2.06254e+06 1.5e+06 0 1.87456e+06 323000 250000 174000 83755 137374 0 501740 490994 745055 786931 1.00524e+06 1.33801e+06
pelacespred
 741675 165128 223265 264182 413619 393093 1.0716e+06 891726 1.04991e+06 1.13158e+06 841075 587497 366497 134612 88520.9 94773.9 120576 160356 164420 241123 409520 361927 491829 714313 687737
mphobs
 0 0 0 0 0 112323 0 153150 637223 0 255016 313432 73983 77613 109348 50772 0 0 0 0 0 0 0 0 0
mphpred
 586371 295324 297851 273501 354392 646685 929739 1.13275e+06 1.05432e+06 1.24385e+06 1.38464e+06 997514 609747 324695 148023 122643 146470 194991 231188 254105 411515 503698 620786 877120 1.08722e+06
desembarqueobs
 350755 77701 442110 56441 14545 235359 269955 359681 431902 328805 639364 411747 362871 311530 167758 66681 60226 58785 57116 73181 50977 67692 138656 160484 209506
desembarquepred
 350745 77686.7 441921 56438.3 14545 235380 269973 359594 431826 328744 639254 411797 362916 311666 167678 66676.5 60237.2 58777.8 57104.1 73166.8 50974.1 67678.8 138640 160471 209487
Reclutas
 32571.1 45453.5 19509.2 42072.6 76720.6 48368 87209.3 94843.7 136299 162020 67049.6 37894 44899.7 22663.2 16475.8 19023.1 14599.3 15572.2 16349.2 35234.7 42988.9 52094.4 86539.9 93012.8 21128.7
log_desv_Rt
 -0.24882 0.0844452 -0.761358 0.00715269 0.607926 0.146595 0.736066 0.819986 1.18261 1.35548 0.473188 -0.0974532 0.0721861 -0.611502 -0.930351 -0.786589 -1.05127 -0.986758 -0.938068 -0.170213 0.0286982 0.220812 0.728361 0.800493 -0.681611
SSB
 586371 295324 297851 273501 354392 646685 929739 1.13275e+06 1.05432e+06 1.24385e+06 1.38464e+06 997514 609747 324695 148023 122643 146470 194991 231188 254105 411515 503698 620786 877120 1.08722e+06
BT
 1.59221e+06 431767 638688 533064 752295 888168 2.10449e+06 2.00035e+06 2.27387e+06 2.33888e+06 2.074e+06 1.42741e+06 1.01291e+06 540075 300082 224699 265049 334337 343877 491662 774516 711937 976431 1.41111e+06 1.40344e+06
Ftot
 0.511995 0.562241 1.03337 0.245769 0.0379372 0.331968 0.220343 0.415314 0.429082 0.284174 0.492013 0.448617 0.731937 1.28633 1.30447 0.533827 0.388194 0.274931 0.243601 0.265049 0.110782 0.142222 0.172931 0.16848 0.179118
BD_Bspro_t
 0.9337 0.679982 0.583927 0.386907 0.578853 0.762597 0.71161 0.724864 0.67978 0.672911 0.670423 0.520452 0.404716 0.299225 0.182065 0.187885 0.282955 0.427828 0.52795 0.607778 0.733465 0.814216 0.818156 0.821738 0.813462
BD_Bspro
 0.683479 0.344232 0.347177 0.318795 0.413083 0.753782 1.08371 1.32035 1.22892 1.44984 1.61395 1.16271 0.710727 0.378468 0.172537 0.142954 0.170727 0.227283 0.269475 0.296188 0.479666 0.587115 0.723594 1.02238 1.26728
BD_Bo
 0.564349 0.284233 0.286664 0.263229 0.341082 0.622398 0.894821 1.09021 1.01472 1.19714 1.33264 0.960051 0.586847 0.312501 0.142464 0.118037 0.140969 0.187668 0.222505 0.244562 0.39606 0.484781 0.597472 0.844179 1.04639
BD_Brms
 1.91721 0.965597 0.973858 0.894243 1.15873 2.11441 3.03989 3.70367 3.44722 4.06692 4.52725 3.26149 1.99364 1.06163 0.48398 0.400997 0.478901 0.637546 0.755896 0.830828 1.3455 1.6469 2.02973 2.86785 3.5548
S_f
 0.164546 1 1 1 1
 0.164546 1 1 1 1
 0.164546 1 1 1 1
 0.164546 1 1 1 1
 0.164546 1 1 1 1
 0.164546 1 1 1 1
 0.164546 1 1 1 1
 0.164546 1 1 1 1
 0.164546 1 1 1 1
 0.164546 1 1 1 1
 0.164546 1 1 1 1
 0.164546 1 1 1 1
 0.164546 1 1 1 1
 0.164546 1 1 1 1
 0.164546 1 1 1 1
 0.164546 1 1 1 1
 0.164546 1 1 1 1
 0.164546 1 1 1 1
 0.164546 1 1 1 1
 0.164546 1 1 1 1
 0.164546 1 1 1 1
 0.164546 1 1 1 1
 0.164546 1 1 1 1
 0.164546 1 1 1 1
 0.164546 1 1 1 1
Scru_reclas
 1 1 1 1 1
 1 1 1 1 1
 1 1 1 1 1
 1 1 1 1 1
 1 1 1 1 1
 1 1 1 1 1
 1 1 1 1 1
 1 1 1 1 1
 1 1 1 1 1
 1 1 1 1 1
 1 1 1 1 1
 1 1 1 1 1
 1 1 1 1 1
 1 1 1 1 1
 1 1 1 1 1
 1 1 1 1 1
 1 1 1 1 1
 1 1 1 1 1
 1 1 1 1 1
 1 1 1 1 1
 1 1 1 1 1
 1 1 1 1 1
 1 1 1 1 1
 1 1 1 1 1
 1 1 1 1 1
Scru_pelaces
 1 1 1 1 1
 1 1 1 1 1
 1 1 1 1 1
 1 1 1 1 1
 1 1 1 1 1
 1 1 1 1 1
 1 1 1 1 1
 1 1 1 1 1
 1 1 1 1 1
 1 1 1 1 1
 1 1 1 1 1
 1 1 1 1 1
 1 1 1 1 1
 1 1 1 1 1
 1 1 1 1 1
 1 1 1 1 1
 1 1 1 1 1
 1 1 1 1 1
 1 1 1 1 1
 1 1 1 1 1
 1 1 1 1 1
 1 1 1 1 1
 1 1 1 1 1
 1 1 1 1 1
 1 1 1 1 1
pf_obs 
 0.256992 0.487395 0.22802 0.0275931 0
 0.321318 0.546541 0.124235 0.00734118 0.000564706
 0.182869 0.594174 0.210203 0.0122559 0.00049798
 0.330522 0.361315 0.267642 0.0388342 0.00168674
 0.649043 0.306663 0.0425973 0.00169635 0
 0.582887 0.30429 0.105238 0.00758474 0
 0.465427 0.430635 0.0974691 0.00646863 0
 0.296916 0.608066 0.0921331 0.00288517 0
 0.311714 0.524322 0.152257 0.0117073 0
 0.15457 0.633149 0.183074 0.0267441 0.00246327
 0.131901 0.49318 0.331252 0.0422183 0.00144891
 0.196976 0.569456 0.194076 0.0375587 0.00193317
 0.518974 0.381816 0.0799577 0.0180837 0.00116848
 0.0928022 0.601141 0.25162 0.0475244 0.00691264
 0.122501 0.610282 0.24278 0.0234846 0.000952079
 0.383417 0.481906 0.127806 0.00687128 0
 0.0376549 0.599619 0.316969 0.0457579 0
 0.0361596 0.667082 0.258105 0.0386534 0
 0.158088 0.579412 0.248529 0.0139706 0
 0.0477256 0.309471 0.559284 0.082774 0.000745712
 0.0406174 0.521527 0.379366 0.0568643 0.0016247
 0.151134 0.462217 0.34131 0.0453401 0
 0.294876 0.26143 0.354403 0.0886775 0.000613685
 0.281977 0.475581 0.204845 0.0348837 0.00271318
 0.0354234 0.537034 0.353287 0.0723622 0.0018943
pf_pred 
 0.238437 0.528362 0.207595 0.0255954 1.02074e-05
 0.302566 0.494713 0.140645 0.05526 0.00681599
 0.145499 0.663286 0.135635 0.0385606 0.0170193
 0.370368 0.400255 0.178049 0.036409 0.0149195
 0.338132 0.529975 0.0838436 0.0372968 0.0107521
 0.152352 0.643902 0.163145 0.02581 0.0147911
 0.27726 0.405833 0.240733 0.0609942 0.0151793
 0.237872 0.549747 0.119256 0.0707406 0.022384
 0.292965 0.493913 0.153732 0.0333489 0.0260414
 0.261335 0.55841 0.125921 0.0391932 0.0151413
 0.108261 0.634189 0.1947 0.0439047 0.0189447
 0.103148 0.43379 0.329322 0.101104 0.0326365
 0.201374 0.371165 0.206754 0.156963 0.0637438
 0.16383 0.574913 0.121421 0.0676363 0.0722005
 0.239724 0.530515 0.157974 0.0333638 0.0384241
 0.31083 0.544202 0.101158 0.0301222 0.0136884
 0.199119 0.625039 0.138853 0.0258104 0.0111783
 0.211614 0.508951 0.218083 0.0484474 0.0129058
 0.205335 0.516786 0.179388 0.0768666 0.0216249
 0.342825 0.419347 0.154664 0.0536871 0.0294766
 0.255993 0.582164 0.103273 0.0380892 0.0204808
 0.228507 0.530621 0.188476 0.0334347 0.0189621
 0.283068 0.47182 0.168584 0.0598809 0.016647
 0.219624 0.563845 0.142501 0.0509166 0.0231133
 0.0508943 0.616337 0.240435 0.0607655 0.0315679
pobs_RECLAS
 0 0 0 0 0
 0 0 0 0 0
 0 0 0 0 0
 0 0 0 0 0
 0.835266 0.146461 0.0176864 0.000547809 3.91292e-05
 0.385257 0.428462 0.181853 0.0044286 0
 0.867414 0.0963971 0.0333333 0.00285562 0
 0.441836 0.489002 0.0689373 0.000224442 0
 0.779404 0.147425 0.0564933 0.0165055 0.000172143
 0.814271 0.122319 0.05973 0.00367925 0
 0.40263 0.566651 0.0304383 0.000280538 0
 0.475488 0.404961 0.113038 0.00651328 0
 0.955842 0.0263864 0.0167828 0.000988607 0
 0.975058 0.0227948 0.00214734 0 0
 0.738997 0.206755 0.0527124 0.00153531 0
 0.850938 0.134255 0.0134407 0.00136685 0
 0.542534 0.407297 0.0501686 0 0
 0.764087 0.199537 0.0359546 0.000420521 0
 0.470689 0.182191 0.310203 0.0369168 0
 0.84361 0.089868 0.0606195 0.00523954 0.000663233
 0.607945 0.314616 0.071237 0.00620181 0
 0.523733 0.453247 0.0230204 0 0
 0.530135 0.295979 0.169645 0.0042399 0
 0.562478 0.366248 0.0663022 0.0049721 0
 0.250443 0.683176 0.0655157 0.000865301 0
ppred_RECLAS
 0.663353 0.233561 0.0917671 0.0113144 4.51218e-06
 0.732814 0.189524 0.053881 0.0211701 0.0026112
 0.531226 0.363875 0.0744085 0.0211541 0.0093367
 0.783839 0.137413 0.0611265 0.0124997 0.00512208
 0.756728 0.194794 0.030817 0.0137086 0.00395196
 0.527139 0.359201 0.0910104 0.0143981 0.00825123
 0.702458 0.167076 0.0991062 0.0251104 0.00624912
 0.660833 0.244652 0.0530723 0.0314815 0.00996148
 0.721412 0.194613 0.0605736 0.0131402 0.0102609
 0.686203 0.237221 0.0534933 0.0166499 0.00643227
 0.432704 0.403451 0.123862 0.0279308 0.0120521
 0.418578 0.281222 0.213497 0.0655448 0.021158
 0.618447 0.177329 0.0987793 0.0749907 0.0304543
 0.574313 0.292683 0.0618142 0.0344331 0.0367566
 0.685225 0.219647 0.0654053 0.0138135 0.0159086
 0.739859 0.20542 0.038184 0.0113702 0.00516697
 0.607644 0.30621 0.068025 0.0126447 0.00547631
 0.623774 0.242877 0.104071 0.0231196 0.00615876
 0.614293 0.250832 0.0870694 0.0373088 0.0104961
 0.763038 0.151207 0.0557682 0.0193584 0.0106286
 0.677761 0.252142 0.0447289 0.0164969 0.00887049
 0.64462 0.244425 0.0868194 0.0154014 0.00873468
 0.707817 0.192288 0.0687058 0.0244042 0.00678444
 0.6332 0.265024 0.0669799 0.0239323 0.010864
 0.247632 0.488579 0.190596 0.0481696 0.0250243
pobs_PELACES
 0 0 0 0 0
 0 0 0 0 0
 0 0 0 0 0
 0 0 0 0 0
 0 0 0 0 0
 0 0 0 0 0
 0 0 0 0 0
 0 0 0 0 0
 0 0 0 0 0
 0 0 0 0 0
 0.450072 0.473896 0.0757376 0.000293798 0
 0 0 0 0 0
 0.463077 0.371075 0.160297 0.00555027 0
 0.529543 0.364841 0.0842815 0.0213345 0
 0.631943 0.363953 0.00410389 0 0
 0.735681 0.248677 0.0153453 0.000297389 0
 0.695825 0.281241 0.0229344 0 0
 0.275771 0.60734 0.115278 0.00161068 0
 0 0 0 0 0
 0.896147 0.0623911 0.0374545 0.00400742 0
 0.803859 0.145111 0.0509908 3.86294e-05 0
 0.739449 0.233085 0.0266225 0.000797448 4.60066e-05
 0.878498 0.100942 0.0204185 0.000141795 0
 0.694673 0.275183 0.0284847 0.00165964 0
 0.469039 0.446079 0.0841089 0.000773354 0
ppred_PELACES
 0.694115 0.212219 0.0833816 0.0102805 4.09986e-06
 0.762051 0.168785 0.0479851 0.0188535 0.00232547
 0.60108 0.309652 0.0633206 0.0180018 0.0079454
 0.795099 0.130255 0.0579424 0.0118486 0.00485527
 0.758649 0.193257 0.0305738 0.0136004 0.00392077
 0.549881 0.341926 0.0866334 0.0137057 0.0078544
 0.714998 0.160035 0.0949296 0.0240522 0.00598577
 0.686005 0.226494 0.0491333 0.0291449 0.00922216
 0.744554 0.178447 0.0555419 0.0120487 0.00940854
 0.702823 0.224658 0.0506601 0.0157681 0.00609161
 0.466256 0.379589 0.116536 0.0262789 0.0113392
 0.448946 0.266534 0.202346 0.0621214 0.0200529
 0.6648 0.155786 0.0867792 0.0658805 0.0267546
 0.657936 0.235187 0.0496712 0.0276689 0.029536
 0.757227 0.169405 0.0504446 0.0106538 0.0122697
 0.767172 0.183852 0.034175 0.0101764 0.00462447
 0.632846 0.286542 0.0636556 0.0118325 0.00512455
 0.641388 0.231505 0.0991988 0.0220372 0.00587041
 0.630079 0.240567 0.0835059 0.0357818 0.0100665
 0.775995 0.142939 0.0527187 0.0182998 0.0100474
 0.684395 0.246951 0.043808 0.0161573 0.00868788
 0.653551 0.238282 0.0846376 0.0150143 0.00851517
 0.717579 0.185864 0.0664104 0.0235889 0.00655778
 0.64392 0.257278 0.0650224 0.0232329 0.0105465
 0.256946 0.48253 0.188236 0.0475733 0.0247145
pobs_pel_tallas
 0 0 0 0 0 0 0 0 0 0 0 0 0 0 0 0 0 0 0 0 0 0 0 0 0 0 0 0 0 0 0 0 0 0 0 0
 0 0 0 0 0 0 0 0 0 0 0 0 0 0 0 0 0 0 0 0 0 0 0 0 0 0 0 0 0 0 0 0 0 0 0 0
 0 0 0 0 0 0 0 0 0 0 0 0 0 0 0 0 0 0 0 0 0 0 0 0 0 0 0 0 0 0 0 0 0 0 0 0
 0 0 0 0 0 0 0 0 0 0 0 0 0 0 0 0 0 0 0 0 0 0 0 0 0 0 0 0 0 0 0 0 0 0 0 0
 0 0 0 0 0 0 0 0 0 0 0 0 0 0 0 0 0 0 0 0 0 0 0 0 0 0 0 0 0 0 0 0 0 0 0 0
 0 0 0 0 0 0 0 0 0 0 0 0 0 0 0 0 0 0 0 0 0 0 0 0 0 0 0 0 0 0 0 0 0 0 0 0
 0 0 0 0 0 0 0 0 0 0 0 0 0 0 0 0 0 0 0 0 0 0 0 0 0 0 0 0 0 0 0 0 0 0 0 0
 0 0 0 0 0 0 0 0 0 0 0 0 0 0 0 0 0 0 0 0 0 0 0 0 0 0 0 0 0 0 0 0 0 0 0 0
 0 0 0 0 0 0 0 0 0 0 0 0 0 0 0 0 0 0 0 0 0 0 0 0 0 0 0 0 0 0 0 0 0 0 0 0
 0 0 0 0 0 0 0 0 0 0 0 0 0 0 0 0 0 0 0 0 0 0 0 0 0 0 0 0 0 0 0 0 0 0 0 0
 0 0 0 0 0 0 0 0 1.78061e-05 0.00172719 0.00360574 0.0105946 0.0120993 0.0124554 0.0147524 0.0171206 0.0266825 0.0428682 0.0675386 0.121331 0.153587 0.119568 0.100827 0.0573624 0.0630603 0.0341343 0.0324427 0.0444173 0.0211091 0.0280891 0.0125444 0.00206551 0 0 0 0
 0 0 0 0 0 0 0 0 0 0 0 0 0 0 0 0 0 0 0 0 0 0 0 0 0 0 0 0 0 0 0 0 0 0 0 0
 0 0 0 0 0 0 0.0133647 0.0140871 0.0187388 0.0205184 0.03894 0.0496705 0.03968 0.0493445 0.0407372 0.0367815 0.0215668 0.0243155 0.0234873 0.0199281 0.019796 0.0243948 0.0301388 0.0376714 0.0412746 0.0863199 0.0771752 0.113111 0.0741005 0.0525337 0.0229764 0.00759418 0.00175318 0 0 0
 0 0 0 0 0 0 0 0 0 0 0.00219441 0.00772107 0.0458388 0.0604681 0.0671733 0.0775358 0.0609151 0.0617685 0.073594 0.0568108 0.0755445 0.0548602 0.0670107 0.0636378 0.0643287 0.046367 0.0373049 0.0286899 0.0247887 0.0153202 0.00654259 0.00121912 0.000365735 0 0 0
 0 0 0 0 0 0 0 0 0 0 0 0 0.000112435 0.00938835 0.0111873 0.0202946 0.0414886 0.0713402 0.111592 0.104902 0.108894 0.110636 0.117776 0.105296 0.107544 0.0401394 0.0192827 0.0124803 0.00416011 0.0028671 0.000618394 0 0 0 0 0
 0 0 0 0 0 0 0 0 0 0 0.00291406 0.0102884 0.027416 0.0768956 0.0749926 0.110853 0.0956884 0.0897413 0.0766577 0.0534642 0.0500743 0.0551293 0.0594112 0.0620874 0.0668451 0.0424026 0.0208742 0.0120726 0.0048766 0.00582813 0.00118941 0.000297354 0 0 0 0
 0 0.00264628 0.0354308 0.0461629 0.0458689 0.0383711 0.0214643 0.0164657 0.0346957 0.0420465 0.0363128 0.0245516 0.0311673 0.0291091 0.0169068 0.0133784 0.00837989 0.0085269 0.0148486 0.0160247 0.0276389 0.0546898 0.0760071 0.122758 0.109233 0.0665981 0.0333725 0.0166128 0.00676272 0.00308733 0.000882094 0 0 0 0 0
 0 0 0 0 0 0 0 0.000805153 0.000690131 0.00759144 0.0133425 0.0154129 0.00931677 0.000345066 0.00356568 0.00563607 0.00851162 0.0253048 0.0502646 0.0516448 0.0657925 0.0565908 0.0611916 0.0827007 0.0866115 0.110766 0.145733 0.0935128 0.0569358 0.0249597 0.0138026 0.00621118 0.00161031 0.00115022 0 0
 0 0 0 0 0 0 0 0 0 0 0 0 0 0 0 0 0 0 0 0 0 0 0 0 0 0 0 0 0 0 0 0 0 0 0 0
 0.00147267 0.00158595 0.00478618 0.00569244 0.00954404 0.0108468 0.00647125 0.017049 0.0510054 0.094081 0.124002 0.0959785 0.0687766 0.0820023 0.061753 0.0591476 0.0492212 0.0479892 0.0443925 0.0268479 0.0217502 0.0140895 0.0121071 0.0120363 0.00920419 0.00665534 0.0049561 0.00860946 0.00930331 0.0156896 0.0114698 0.00855282 0.00243557 0.00046729 0 2.83206e-05
 0 0 0 0 0.000772559 0.00158375 0.000888443 0.00281984 0.00712685 0.0440552 0.0773331 0.111326 0.0921469 0.0852325 0.0710754 0.0886704 0.0786465 0.0553345 0.0373146 0.0185414 0.00753245 0.00457741 0.012979 0.0271748 0.0457355 0.0583668 0.034881 0.0177882 0.00938659 0.00492506 0.0015258 0.00185414 0.000309023 5.79419e-05 3.86279e-05 0
 0 0.00173294 0.00326652 0 0.00397197 0.00683976 0.00946217 0.0152591 0.00757587 0.0136028 0.0228656 0.0392903 0.0559909 0.0764795 0.0681675 0.0726916 0.0566044 0.0477403 0.0527397 0.0444891 0.0609904 0.0582453 0.0661739 0.0445044 0.0529084 0.0360697 0.0280645 0.0235558 0.0158879 0.00826598 0.00280645 0.00217768 0.000904811 0.00058276 9.20147e-05 0
 0 0 0 0 0 0 0 0 0 0 0 0 0 0 0 0 0 0 0 0 0 0 0 0 0 0 0 0 0 0 0 0 0 0 0 0
 0 0 0 0 0 0 0 0 0 0 0 0 0 0 0 0 0 0 0 0 0 0 0 0 0 0 0 0 0 0 0 0 0 0 0 0
 0 0 0 0 0 0 0 0 0 0 0 0 0 0 0 0 0 0 0 0 0 0 0 0 0 0 0 0 0 0 0 0 0 0 0 0
ppred_pel_tallas
 1.01607e-16 3.02881e-05 0.000177759 0.000844971 0.00325316 0.0101446 0.0256246 0.0524318 0.0869133 0.116727 0.127036 0.112086 0.0803046 0.0470066 0.0230762 0.0106152 0.00634555 0.00639582 0.00838438 0.0112392 0.0144721 0.0177322 0.0206691 0.0229496 0.0243193 0.0246555 0.0239899 0.0224885 0.0204017 0.0180009 0.0155231 0.0131399 0.0109504 0.00899587 0.0072808 0.00579373
 1.01493e-16 3.32485e-05 0.000195144 0.000927629 0.00357143 0.0111372 0.0281316 0.0575609 0.0954135 0.128137 0.139437 0.122989 0.0880313 0.0513584 0.0248929 0.0109108 0.00578089 0.00522781 0.0066296 0.00882938 0.0113444 0.0138736 0.016136 0.0178707 0.018882 0.0190815 0.0185044 0.017292 0.0156502 0.0137969 0.011918 0.0101415 0.00853437 0.00711509 0.00587378 0.00479042
 1.0199e-16 2.62352e-05 0.000153956 0.00073179 0.00281735 0.00878558 0.0221919 0.0454089 0.0752754 0.101109 0.110067 0.0971857 0.0697831 0.0411586 0.0207836 0.010533 0.00762073 0.00872939 0.0117952 0.0158341 0.0203056 0.0247339 0.0286161 0.031478 0.032971 0.0329508 0.0315069 0.0289285 0.0256242 0.0220218 0.018482 0.015249 0.0124422 0.0100803 0.00812099 0.00649831
 1.015e-16 3.46881e-05 0.000203598 0.000967831 0.00372623 0.0116199 0.0293509 0.0600555 0.0995471 0.133684 0.145463 0.128279 0.0917619 0.053423 0.0256848 0.0109026 0.00526918 0.00431185 0.00529653 0.00703758 0.00907542 0.0111593 0.0130694 0.0146005 0.015594 0.0159692 0.015737 0.0149881 0.0138634 0.0125168 0.0110828 0.00965903 0.00830327 0.00704234 0.00588528 0.00483466
 1.01148e-16 3.31012e-05 0.000194276 0.0009235 0.00355552 0.0110876 0.0280063 0.0573048 0.0949896 0.12757 0.138825 0.122463 0.0876822 0.0512109 0.0249257 0.0111014 0.00613067 0.00576062 0.00737612 0.0098092 0.0125507 0.0152624 0.017623 0.019337 0.0201899 0.0200969 0.0191201 0.0174471 0.0153396 0.0130695 0.0108646 0.00887683 0.00717725 0.00577205 0.00462785 0.00369636
 1.0218e-16 2.4004e-05 0.000140854 0.000669495 0.00257749 0.00803756 0.0203025 0.0415433 0.0688692 0.0925093 0.100721 0.088968 0.0639586 0.0378765 0.0194102 0.010303 0.00803467 0.00959181 0.0130916 0.017614 0.0226151 0.0275821 0.0319616 0.0352264 0.0369854 0.0370704 0.0355694 0.0327907 0.0291763 0.0251926 0.0212369 0.0175828 0.014371 0.0116343 0.00933866 0.00742316
 1.02506e-16 3.11966e-05 0.000183097 0.00087036 0.00335093 0.0104496 0.0263947 0.0540072 0.0895229 0.120227 0.130831 0.115404 0.0826124 0.0482189 0.0234139 0.0103392 0.00559654 0.00518557 0.00665896 0.0089445 0.0116011 0.0143539 0.0169404 0.0191065 0.0206483 0.0214505 0.021504 0.0208937 0.0197655 0.0182843 0.0165984 0.0148206 0.0130256 0.0112605 0.00955779 0.00794658
 1.02204e-16 2.99349e-05 0.000175685 0.000835107 0.00321517 0.0100262 0.0253254 0.0518198 0.0858991 0.115366 0.125558 0.110791 0.0793939 0.0465087 0.0228966 0.0106404 0.00650478 0.00666514 0.00876417 0.0117319 0.0150686 0.0184049 0.0213723 0.0236249 0.0249066 0.0251071 0.0242828 0.0226322 0.0204382 0.0179963 0.0155538 0.0132762 0.0112426 0.0094651 0.00791775 0.00656303
 1.01701e-16 3.2486e-05 0.000190666 0.00090634 0.00348946 0.0108815 0.0274859 0.0562399 0.0932242 0.125198 0.136242 0.12018 0.0860383 0.0502318 0.0244147 0.0108173 0.00589871 0.00548705 0.00702226 0.00937005 0.012048 0.0147445 0.0171641 0.0190305 0.0201356 0.0203842 0.0198109 0.0185625 0.0168539 0.0149137 0.0129369 0.0110586 0.0093503 0.0078328 0.00649746 0.00532504
 1.01619e-16 3.06682e-05 0.00017999 0.000855573 0.00329398 0.0102719 0.0259462 0.0530898 0.0880041 0.118193 0.128632 0.113499 0.0813239 0.0476183 0.0234034 0.0108092 0.00651635 0.00660252 0.00865015 0.0115632 0.0148329 0.0180874 0.0209578 0.0230986 0.024255 0.024319 0.0233508 0.0215542 0.0192194 0.0166512 0.014107 0.0117617 0.0097021 0.00794439 0.00646226 0.00521342
 1.03211e-16 2.03592e-05 0.000119452 0.000567739 0.00218569 0.00681574 0.0172163 0.0352291 0.0584046 0.0784613 0.0854487 0.0755319 0.0544174 0.0324635 0.0170745 0.00977295 0.00846706 0.0106371 0.0146977 0.0198427 0.0255394 0.0312403 0.0363366 0.0402422 0.0425152 0.0429541 0.0416359 0.0388774 0.0351419 0.0309224 0.0266411 0.0225916 0.0189305 0.0157045 0.012895 0.0104582
 1.06031e-16 1.96e-05 0.000115005 0.000546618 0.0021044 0.00656229 0.016576 0.0339181 0.0562286 0.0755304 0.0822368 0.0726451 0.0522343 0.0309554 0.0159089 0.0085299 0.00677986 0.00822728 0.0113746 0.0155206 0.0202763 0.0252758 0.0301035 0.0343357 0.0376164 0.0397223 0.0405923 0.0403118 0.0390636 0.0370665 0.0345246 0.0316015 0.0284208 0.0250819 0.0216794 0.0183136
 1.04797e-16 2.90074e-05 0.000170246 0.000809264 0.0031157 0.00971599 0.0245418 0.0502159 0.0832388 0.111789 0.121651 0.107312 0.0768333 0.0448731 0.021841 0.00973526 0.00540394 0.00513668 0.0066672 0.00900705 0.0117528 0.0146532 0.0174652 0.0199506 0.0219141 0.0232378 0.0238966 0.0239452 0.0234871 0.022637 0.0214914 0.020116 0.0185505 0.0168229 0.014966 0.0130272
 1.03113e-16 2.87113e-05 0.0001685 0.000800949 0.00308366 0.00961606 0.0242895 0.0497002 0.0823862 0.11065 0.12043 0.106277 0.0761827 0.0446756 0.0220837 0.0104138 0.00657208 0.00689807 0.00913393 0.0122496 0.0157532 0.0192707 0.0224239 0.0248572 0.0263067 0.0266578 0.0259666 0.0244337 0.0223437 0.0199918 0.0176216 0.0153911 0.0133708 0.0115646 0.0099418 0.00846496
 1.01711e-16 3.30382e-05 0.000193909 0.000921758 0.00354882 0.0110667 0.0279536 0.0571966 0.0948097 0.127326 0.138555 0.122213 0.087478 0.0510407 0.0247484 0.0108639 0.00577998 0.0052494 0.00666747 0.0088847 0.0114207 0.0139747 0.0162656 0.0180318 0.0190769 0.0193118 0.0187707 0.0175941 0.0159866 0.0141647 0.0123126 0.0105566 0.00896198 0.0075458 0.00629745 0.0051969
 1.01111e-16 3.34724e-05 0.000196457 0.000933869 0.00359545 0.0112121 0.0283208 0.0579482 0.0960557 0.129001 0.140379 0.123827 0.0886454 0.0517453 0.0251335 0.0111053 0.00600817 0.00553862 0.00705252 0.00937421 0.0119999 0.0146033 0.016878 0.0185416 0.0193883 0.0193346 0.0184366 0.0168693 0.0148788 0.0127218 0.0106145 0.00870223 0.00705507 0.00568211 0.00455525 0.00363198
 1.01644e-16 2.76194e-05 0.000162085 0.000770439 0.00296617 0.00924966 0.0233641 0.0478071 0.0792498 0.106443 0.115865 0.102282 0.073393 0.0431879 0.0216237 0.0106564 0.00733471 0.00815342 0.010938 0.0146674 0.0188073 0.0229084 0.0265029 0.02915 0.030525 0.0304924 0.0291333 0.0267144 0.0236145 0.0202313 0.0169023 0.0138581 0.0112142 0.00899295 0.00715868 0.0056521
 1.02516e-16 2.79898e-05 0.000164264 0.00078081 0.00300611 0.00937425 0.0236787 0.0484505 0.0803147 0.107869 0.117404 0.10361 0.0742802 0.0435779 0.0215756 0.0102343 0.00654448 0.00694479 0.00924178 0.0124377 0.0160568 0.0197333 0.0230908 0.0257669 0.0274812 0.0280926 0.0276238 0.0262399 0.0241956 0.0217681 0.0191996 0.0166651 0.0142675 0.0120529 0.0100346 0.00821396
 1.02964e-16 2.74969e-05 0.00016137 0.00076705 0.00295313 0.00920902 0.0232614 0.0475966 0.0788997 0.105969 0.11534 0.101796 0.0729946 0.0428546 0.0212748 0.010187 0.00663961 0.00713732 0.00952479 0.012816 0.016532 0.0202969 0.0237231 0.0264391 0.0281611 0.0287519 0.0282447 0.0268196 0.0247464 0.0223133 0.0197666 0.0172772 0.0149375 0.0127796 0.0108029 0.00899818
 1.01894e-16 3.38556e-05 0.00019871 0.000944588 0.00363673 0.0113408 0.028646 0.0586132 0.0971569 0.130476 0.141975 0.125213 0.0895882 0.0521973 0.0251701 0.0108124 0.00541538 0.00461897 0.00575538 0.00766164 0.00987584 0.0121334 0.0141966 0.0158436 0.0169046 0.0172967 0.0170372 0.0162304 0.0150335 0.0136152 0.0121196 0.0106469 0.00925178 0.00795413 0.00675519 0.00565156
 1.01664e-16 2.98656e-05 0.000175276 0.000833157 0.00320766 0.0100028 0.0252663 0.0516989 0.0856993 0.1151 0.125273 0.11055 0.079245 0.0464693 0.0229658 0.0108202 0.00681153 0.0071275 0.00941273 0.0125865 0.0161262 0.0196306 0.0226956 0.0249438 0.0260999 0.0260525 0.0248769 0.0228078 0.0201742 0.0173185 0.014528 0.0119944 0.00980858 0.00798005 0.00646952 0.00521968
 1.02193e-16 2.85203e-05 0.000167378 0.000795615 0.00306311 0.009552 0.0241277 0.0493692 0.0818377 0.109914 0.11963 0.105575 0.0756886 0.0444038 0.0219832 0.0104242 0.00665809 0.00705312 0.0093696 0.0125848 0.016207 0.0198563 0.0231441 0.0256997 0.0272413 0.0276358 0.0269225 0.0252902 0.0230203 0.0204145 0.0177331 0.0151601 0.0127972 0.0106809 0.00880847 0.00716241
 1.02121e-16 3.13101e-05 0.000183762 0.000873513 0.00336306 0.0104874 0.0264903 0.0542029 0.0898481 0.120666 0.131314 0.115841 0.0829522 0.0484703 0.0236342 0.0106013 0.00596754 0.00571968 0.00739464 0.00989796 0.0127565 0.0156549 0.0182882 0.020368 0.021674 0.0220999 0.0216718 0.0205298 0.0188844 0.0169613 0.014954 0.0129982 0.0111684 0.00949167 0.00796856 0.00659132
 1.02298e-16 2.81011e-05 0.000164916 0.000783902 0.00301801 0.00941135 0.0237724 0.0486424 0.0806336 0.108299 0.117877 0.10404 0.0746134 0.0438243 0.0217913 0.0104906 0.00690657 0.00746483 0.00995591 0.0133596 0.017168 0.0209753 0.0243637 0.0269384 0.028405 0.0286346 0.0276874 0.0257865 0.0232523 0.020422 0.0175808 0.0149225 0.0125444 0.0104674 0.00866779 0.0071066
 1.05619e-16 1.12366e-05 6.5885e-05 0.000313052 0.00120504 0.0037576 0.00949188 0.0194251 0.0322126 0.0433009 0.047226 0.0419091 0.030551 0.0189431 0.0112779 0.00852842 0.00967839 0.0134443 0.0189839 0.0257697 0.0332878 0.0408888 0.0478115 0.0533086 0.0568039 0.0580138 0.0569964 0.0541064 0.0498819 0.044903 0.0396707 0.0345396 0.0297095 0.0252595 0.0212009 0.0175228
pSPR Fmed_Fpbrs
0.617039   0.34436 0.34436
Fs Fmed_Fpbrs
0.328868   1.005 1.005
SSBpbr Bo_Bmed_Bpbrs
1.03902e+06  589166  305846 305846
Ro
41772.8
SPR SPRFo_SPRFmed_SPRFpbrs
857920 529370 295433
log_Ro
10.46
likeval ReclasPelacesDesembMPH_pf_preclas_ppelaces_ptallas_desvR_qrecl_qpela
 71.7046 42.2252 0.00518289 0.00094454 313.505 193.378 77.6877 0 17.0277 4.33256e-05 0 0 0 0 0
q_reclas_q_pelaces
0.393479 1
M
0.7
N
 32571.1 14202.7 5580.31 688.023 0.274383
 45453.5 14867.5 4226.78 1660.72 204.839
 19509.2 20577 4207.78 1196.26 527.988
 42072.6 8173.11 3635.71 743.463 304.653
 76720.6 20064.6 3174.28 1412.04 407.068
 48368 37861.2 9592.87 1517.62 869.713
 87209.3 22742 13490.1 3417.99 850.619
 94843.7 41764.8 9060.03 5374.24 1700.54
 136299 43986.9 13691 2969.99 2319.2
 162020 63070.2 14222.3 4426.72 1710.15
 67049.6 76781.4 23572.4 5315.55 2293.64
 37894 30706.5 23311.6 7156.8 2310.22
 44899.7 17478.5 9736.26 7391.51 3001.76
 22663.2 19766.6 4174.68 2325.47 2482.39
 16475.8 9107.35 2711.94 572.757 659.628
 19023.1 6601.17 1227.04 365.382 166.041
 14599.3 8652.22 1922.1 357.286 154.738
 15572.2 6801.2 2914.28 647.411 172.462
 16349.2 7390.89 2565.54 1099.32 309.271
 35234.7 7799.76 2876.71 998.568 548.257
 42988.9 16750.3 2971.43 1095.92 589.285
 52094.4 20962.1 7445.7 1320.83 749.093
 86539.9 25270.9 9029.45 3207.25 891.624
 93012.8 41768.9 10556.3 3771.83 1712.2
 21128.7 44925.9 17525.7 4429.31 2301.04
pred_Ctot
 1901.79 4214.24 1655.79 204.15 0.0814151
 2903.97 4748.17 1349.89 530.376 65.4187
 2215.5 10099.8 2065.3 587.157 259.152
 1202.01 1299 577.845 118.163 48.4204
 343.476 538.35 85.1686 37.8862 10.922
 1854.96 7839.81 1986.36 314.249 180.089
 2237.9 3275.67 1943.07 492.313 122.52
 4523.36 10453.9 2267.77 1345.2 425.653
 6709.35 11311.4 3520.69 763.741 596.388
 5337.4 11404.8 2571.76 800.467 309.241
 3767.55 22070.1 6775.65 1527.91 659.286
 1947.53 8190.37 6217.92 1908.94 616.209
 3689.46 6800.28 3788.04 2875.78 1167.88
 3147.27 11044.5 2332.57 1299.34 1387.02
 2317.35 5128.35 1527.09 322.52 371.437
 1156.29 2024.44 376.309 112.055 50.9212
 652.085 2046.91 454.724 84.5253 36.6072
 496.637 1194.46 511.82 113.701 30.2886
 463.045 1165.39 404.531 173.339 48.7655
 1084.11 1326.09 489.089 169.774 93.213
 559.047 1271.35 225.531 83.1805 44.7267
 867.743 2015.01 715.728 126.967 72.0076
 1748.86 2915.02 1041.55 369.959 102.85
 1831.88 4703.02 1188.6 424.694 192.788
 442.065 5353.47 2088.4 527.806 274.197
F
 0.0842469 0.511995 0.511995 0.511995 0.511995
 0.0925148 0.562241 0.562241 0.562241 0.562241
 0.170038 1.03337 1.03337 1.03337 1.03337
 0.0404404 0.245769 0.245769 0.245769 0.245769
 0.00624243 0.0379372 0.0379372 0.0379372 0.0379372
 0.0546242 0.331968 0.331968 0.331968 0.331968
 0.0362567 0.220343 0.220343 0.220343 0.220343
 0.0683384 0.415314 0.415314 0.415314 0.415314
 0.0706038 0.429082 0.429082 0.429082 0.429082
 0.0467598 0.284174 0.284174 0.284174 0.284174
 0.0809589 0.492013 0.492013 0.492013 0.492013
 0.0738183 0.448617 0.448617 0.448617 0.448617
 0.120438 0.731937 0.731937 0.731937 0.731937
 0.211661 1.28633 1.28633 1.28633 1.28633
 0.214647 1.30447 1.30447 1.30447 1.30447
 0.0878393 0.533827 0.533827 0.533827 0.533827
 0.0638759 0.388194 0.388194 0.388194 0.388194
 0.0452389 0.274931 0.274931 0.274931 0.274931
 0.0400837 0.243601 0.243601 0.243601 0.243601
 0.0436129 0.265049 0.265049 0.265049 0.265049
 0.0182288 0.110782 0.110782 0.110782 0.110782
 0.0234022 0.142222 0.142222 0.142222 0.142222
 0.0284552 0.172931 0.172931 0.172931 0.172931
 0.0277228 0.16848 0.16848 0.16848 0.16848
 0.0294733 0.179118 0.179118 0.179118 0.179118
nmprior
 10.6 11 7 0
nm_flota  nm_reclas  nm_pelaces    nm_pelaL
inf 17.587 19.8047 48.5064
cv_recla  cv_pelaces  cv_mph
0.765947 0.736814 0.997122
 ------------------------------------------------
Talla a la edad & desviación 
 7.2 14.2025 17.0495 18.207 18.6776
 1.08 2.13037 2.55742 2.73105 2.80164
