years
 1997 1998 1999 2000 2001 2002 2003 2004 2005 2006 2007 2008 2009 2010 2011 2012 2013 2014 2015 2016 2017 2018 2019 2020 2021
reclasobs
 0 0 0 370054 412103 1.49427e+06 250295 1.28982e+06 931140 785840 897777 1.04006e+06 184774 17550 25797 100020 73551 82996 120727 218422 84188 347160 605670 569463 516374
reclaspred
 3.51527e+06 695851 1.97618e+06 1.1248e+06 1.0899e+06 1.28765e+06 2.46377e+06 1.54672e+06 1.56451e+06 1.40297e+06 1.17327e+06 788717 462231 226474 169132 178165 218346 321225 366943 490432 736594 732239 1.28817e+06 1.70444e+06 2.48143e+06
pelacesobs
 0 0 0 0 0 0 0 0 0 2.06254e+06 1.5e+06 0 1.87456e+06 323000 250000 174000 83755 137374 0 501740 490994 745055 786931 1.00524e+06 1.33801e+06
pelacespred
 2.08875e+06 822667 746022 843933 689783 666772 1.24853e+06 1.1061e+06 926365 864348 622202 428798 246423 99286.1 75150 89315.2 114645 168344 203566 262057 427059 443830 591060 928078 1.37417e+06
mphobs
 0 0 0 0 0 112323 0 153150 637223 0 255016 313432 73983 77613 109348 50772 0 0 0 0 0 0 0 0 0
mphpred
 2.5493e+06 1.36099e+06 1.12849e+06 1.28414e+06 949593 1.11822e+06 1.56722e+06 1.79233e+06 1.38921e+06 1.3333e+06 1.2151e+06 831619 514808 278815 150222 146200 170040 241977 314504 369299 551534 680553 864554 1.28804e+06 1.92238e+06
desembarqueobs
 350755 77701 442110 56441 14545 235359 269955 359681 431902 328805 639364 411747 362871 311530 167758 66681 60226 58785 57116 73181 50977 67692 138656 160484 209506
desembarquepred
 350957 77778.3 442561 56435.7 14536.2 235436 270040 359653 431894 328889 639927 412290 363610 311991 167738 66671.9 60241.8 58764 57091.4 73186.2 50995.1 67749.3 138754 160528 209331
Reclutas
 94191.7 86221.9 47181.4 55267.2 92317.6 77348.8 123168 92692.1 121399 121372 68927.1 44442.3 46438.5 31920.6 22468.7 20383.9 18660.8 21894.8 24572.5 41339.7 58496.6 71204 123800 169206 140812
log_desv_Rt
 0.453087 0.364679 -0.238246 -0.0800648 0.43299 0.256081 0.721305 0.437039 0.70684 0.706618 0.140805 -0.298053 -0.254117 -0.628994 -0.980119 -1.0775 -1.16582 -1.006 -0.890617 -0.370422 -0.0232768 0.173304 0.726425 1.03887 0.855184
SSB
 2.5493e+06 1.36099e+06 1.12849e+06 1.28414e+06 949593 1.11822e+06 1.56722e+06 1.79233e+06 1.38921e+06 1.3333e+06 1.2151e+06 831619 514808 278815 150222 146200 170040 241977 314504 369299 551534 680553 864554 1.28804e+06 1.92238e+06
BT
 5.46628e+06 1.68387e+06 1.91264e+06 1.73116e+06 1.48996e+06 1.48817e+06 3.23862e+06 2.71351e+06 2.52687e+06 2.20982e+06 1.88704e+06 1.27579e+06 903382 512627 327687 254406 314984 428612 473485 652544 1.04058e+06 957915 1.35988e+06 2.19724e+06 3.19451e+06
Ftot
 0.0972969 0.108856 0.216508 0.0490299 0.0130599 0.177249 0.106781 0.224819 0.266303 0.226694 0.515183 0.49452 0.729755 1.21241 0.908936 0.35866 0.266247 0.177487 0.151142 0.145079 0.067601 0.0902111 0.104937 0.0918388 0.082293
BD_Bspro_t
 0.985575 0.908455 0.849905 0.748208 0.79151 0.855749 0.810942 0.809128 0.736873 0.686525 0.641569 0.475913 0.365229 0.265151 0.176401 0.198964 0.28884 0.447817 0.573229 0.668174 0.767749 0.842615 0.852454 0.861746 0.876055
BD_Bspro
 2.07313 1.10678 0.917706 1.04429 0.772227 0.909355 1.27449 1.45755 1.12973 1.08427 0.988137 0.676287 0.418652 0.226738 0.122163 0.118892 0.138279 0.19678 0.25576 0.30032 0.448517 0.553438 0.703071 1.04745 1.56331
BD_Bo
 1.7563 0.93763 0.777453 0.884687 0.654207 0.770379 1.07971 1.2348 0.957074 0.918557 0.83712 0.572931 0.354669 0.192085 0.103493 0.100722 0.117146 0.166706 0.216672 0.254422 0.37997 0.468856 0.59562 0.887372 1.32439
BD_Brms
 8.54222 4.56041 3.78135 4.30291 3.18191 3.74694 5.25147 6.00576 4.65498 4.46765 4.07156 2.7866 1.72503 0.934258 0.503366 0.489888 0.569771 0.81082 1.05384 1.23745 1.84809 2.28041 2.89696 4.31597 6.44154
S_f
 0.5 1 1 1 1
 0.5 1 1 1 1
 0.5 1 1 1 1
 0.5 1 1 1 1
 0.5 1 1 1 1
 0.5 1 1 1 1
 0.5 1 1 1 1
 0.5 1 1 1 1
 0.5 1 1 1 1
 0.5 1 1 1 1
 0.5 1 1 1 1
 0.5 1 1 1 1
 0.5 1 1 1 1
 0.5 1 1 1 1
 0.5 1 1 1 1
 0.5 1 1 1 1
 0.5 1 1 1 1
 0.5 1 1 1 1
 0.5 1 1 1 1
 0.5 1 1 1 1
 0.5 1 1 1 1
 0.5 1 1 1 1
 0.5 1 1 1 1
 0.5 1 1 1 1
 0.5 1 1 1 1
Scru_reclas
 0.5 1 1 1 1
 0.5 1 1 1 1
 0.5 1 1 1 1
 0.5 1 1 1 1
 0.5 1 1 1 1
 0.5 1 1 1 1
 0.5 1 1 1 1
 0.5 1 1 1 1
 0.5 1 1 1 1
 0.5 1 1 1 1
 0.5 1 1 1 1
 0.5 1 1 1 1
 0.5 1 1 1 1
 0.5 1 1 1 1
 0.5 1 1 1 1
 0.5 1 1 1 1
 0.5 1 1 1 1
 0.5 1 1 1 1
 0.5 1 1 1 1
 0.5 1 1 1 1
 0.5 1 1 1 1
 0.5 1 1 1 1
 0.5 1 1 1 1
 0.5 1 1 1 1
 0.5 1 1 1 1
Scru_pelaces
 0.5 1 1 1 1
 0.5 1 1 1 1
 0.5 1 1 1 1
 0.5 1 1 1 1
 0.5 1 1 1 1
 0.5 1 1 1 1
 0.5 1 1 1 1
 0.5 1 1 1 1
 0.5 1 1 1 1
 0.5 1 1 1 1
 0.5 1 1 1 1
 0.5 1 1 1 1
 0.5 1 1 1 1
 0.5 1 1 1 1
 0.5 1 1 1 1
 0.5 1 1 1 1
 0.5 1 1 1 1
 0.5 1 1 1 1
 0.5 1 1 1 1
 0.5 1 1 1 1
 0.5 1 1 1 1
 0.5 1 1 1 1
 0.5 1 1 1 1
 0.5 1 1 1 1
 0.5 1 1 1 1
pf_obs 
 0.256992 0.487395 0.22802 0.0275931 0
 0.321318 0.546541 0.124235 0.00734118 0.000564706
 0.182869 0.594174 0.210203 0.0122559 0.00049798
 0.330522 0.361315 0.267642 0.0388342 0.00168674
 0.649043 0.306663 0.0425973 0.00169635 0
 0.582887 0.30429 0.105238 0.00758474 0
 0.465427 0.430635 0.0974691 0.00646863 0
 0.296916 0.608066 0.0921331 0.00288517 0
 0.311714 0.524322 0.152257 0.0117073 0
 0.15457 0.633149 0.183074 0.0267441 0.00246327
 0.131901 0.49318 0.331252 0.0422183 0.00144891
 0.196976 0.569456 0.194076 0.0375587 0.00193317
 0.518974 0.381816 0.0799577 0.0180837 0.00116848
 0.0928022 0.601141 0.25162 0.0475244 0.00691264
 0.122501 0.610282 0.24278 0.0234846 0.000952079
 0.383417 0.481906 0.127806 0.00687128 0
 0.0376549 0.599619 0.316969 0.0457579 0
 0.0361596 0.667082 0.258105 0.0386534 0
 0.158088 0.579412 0.248529 0.0139706 0
 0.0477256 0.309471 0.559284 0.082774 0.000745712
 0.0406174 0.521527 0.379366 0.0568643 0.0016247
 0.151134 0.462217 0.34131 0.0453401 0
 0.294876 0.26143 0.354403 0.0886775 0.000613685
 0.281977 0.475581 0.204845 0.0348837 0.00271318
 0.0354234 0.537034 0.353287 0.0723622 0.0018943
pf_pred 
 0.404878 0.299593 0.148773 0.0738787 0.0728765
 0.366178 0.369563 0.133032 0.0660615 0.0651653
 0.248884 0.408377 0.199841 0.0719367 0.0709608
 0.354549 0.266879 0.205827 0.100723 0.0720222
 0.476668 0.275756 0.102367 0.0789495 0.06626
 0.363182 0.411661 0.118641 0.0440422 0.0624747
 0.494415 0.275728 0.148587 0.0428228 0.0384468
 0.359225 0.428291 0.115881 0.0624471 0.0341554
 0.459585 0.294281 0.164515 0.0445122 0.0371069
 0.438691 0.363382 0.10778 0.0602534 0.0298929
 0.308007 0.432598 0.167928 0.0498078 0.0416588
 0.321245 0.345377 0.208411 0.0809017 0.0440654
 0.448816 0.288036 0.1339 0.0807992 0.0484487
 0.455426 0.364733 0.093981 0.0436891 0.0421713
 0.523976 0.337976 0.0924592 0.023824 0.0217654
 0.535858 0.345338 0.08435 0.0230754 0.011378
 0.45637 0.391007 0.113558 0.0277368 0.0113293
 0.47469 0.338519 0.13435 0.0390183 0.0134231
 0.455365 0.356882 0.120991 0.0480182 0.0187432
 0.545154 0.28917 0.108562 0.0368049 0.0203085
 0.526127 0.338391 0.0861332 0.0323367 0.017012
 0.472775 0.365655 0.115377 0.0293678 0.0168258
 0.548306 0.292625 0.110322 0.0348105 0.0139371
 0.513852 0.347277 0.0899657 0.0339178 0.0149872
 0.379417 0.424777 0.139873 0.0362354 0.0196974
pobs_RECLAS
 0 0 0 0 0
 0 0 0 0 0
 0 0 0 0 0
 0 0 0 0 0
 0.835266 0.146461 0.0176864 0.000547809 3.91292e-05
 0.385257 0.428462 0.181853 0.0044286 0
 0.867414 0.0963971 0.0333333 0.00285562 0
 0.441836 0.489002 0.0689373 0.000224442 0
 0.779404 0.147425 0.0564933 0.0165055 0.000172143
 0.814271 0.122319 0.05973 0.00367925 0
 0.40263 0.566651 0.0304383 0.000280538 0
 0.475488 0.404961 0.113038 0.00651328 0
 0.955842 0.0263864 0.0167828 0.000988607 0
 0.975058 0.0227948 0.00214734 0 0
 0.738997 0.206755 0.0527124 0.00153531 0
 0.850938 0.134255 0.0134407 0.00136685 0
 0.542534 0.407297 0.0501686 0 0
 0.764087 0.199537 0.0359546 0.000420521 0
 0.470689 0.182191 0.310203 0.0369168 0
 0.84361 0.089868 0.0606195 0.00523954 0.000663233
 0.607945 0.314616 0.071237 0.00620181 0
 0.523733 0.453247 0.0230204 0 0
 0.530135 0.295979 0.169645 0.0042399 0
 0.562478 0.366248 0.0663022 0.0049721 0
 0.250443 0.683176 0.0655157 0.000865301 0
ppred_RECLAS
 0.405626 0.299217 0.148587 0.0737859 0.0727849
 0.366993 0.369088 0.132861 0.0659766 0.0650815
 0.250324 0.407594 0.199458 0.0717989 0.0708248
 0.354891 0.266737 0.205718 0.100669 0.0719841
 0.476763 0.275705 0.102348 0.0789351 0.0662479
 0.364589 0.410751 0.118378 0.0439449 0.0623366
 0.495274 0.27526 0.148335 0.04275 0.0383815
 0.361077 0.427054 0.115546 0.0622666 0.0340567
 0.462033 0.292948 0.16377 0.0443106 0.0369388
 0.440691 0.362088 0.107396 0.0600388 0.0297864
 0.312903 0.429538 0.16674 0.0494554 0.0413641
 0.325984 0.342966 0.206956 0.0803369 0.0437578
 0.457976 0.28325 0.131675 0.0794565 0.0476436
 0.474801 0.351756 0.0906373 0.0421347 0.0406709
 0.536603 0.329011 0.0900066 0.0231921 0.0211881
 0.539403 0.342701 0.0837059 0.0228992 0.0112911
 0.458814 0.389249 0.113047 0.0276121 0.0112784
 0.476209 0.33754 0.133961 0.0389055 0.0133843
 0.456622 0.356059 0.120712 0.0479074 0.0186999
 0.546353 0.288408 0.108276 0.0367079 0.020255
 0.52665 0.338018 0.0860383 0.032301 0.0169933
 0.473487 0.365161 0.115221 0.0293281 0.0168031
 0.54914 0.292084 0.110118 0.0347462 0.0139114
 0.51458 0.346757 0.089831 0.0338671 0.0149647
 0.380027 0.42436 0.139735 0.0361998 0.0196781
pobs_PELACES
 0 0 0 0 0
 0 0 0 0 0
 0 0 0 0 0
 0 0 0 0 0
 0 0 0 0 0
 0 0 0 0 0
 0 0 0 0 0
 0 0 0 0 0
 0 0 0 0 0
 0 0 0 0 0
 0.450072 0.473896 0.0757376 0.000293798 0
 0 0 0 0 0
 0.463077 0.371075 0.160297 0.00555027 0
 0.529543 0.364841 0.0842815 0.0213345 0
 0.631943 0.363953 0.00410389 0 0
 0.735681 0.248677 0.0153453 0.000297389 0
 0.695825 0.281241 0.0229344 0 0
 0.275771 0.60734 0.115278 0.00161068 0
 0 0 0 0 0
 0.896147 0.0623911 0.0374545 0.00400742 0
 0.803859 0.145111 0.0509908 3.86294e-05 0
 0.739449 0.233085 0.0266225 0.000797448 4.60066e-05
 0.878498 0.100942 0.0204185 0.000141795 0
 0.694673 0.275183 0.0284847 0.00165964 0
 0.469039 0.446079 0.0841089 0.000773354 0
ppred_PELACES
 0.409502 0.297265 0.147618 0.0733047 0.0723102
 0.371175 0.36665 0.131983 0.0655407 0.0646515
 0.257087 0.403917 0.197659 0.0711511 0.0701858
 0.356745 0.265971 0.205127 0.10038 0.0717772
 0.477301 0.275422 0.102243 0.078854 0.0661798
 0.371391 0.406354 0.117111 0.0434745 0.0616693
 0.499679 0.272858 0.14704 0.042377 0.0380465
 0.369678 0.421305 0.113991 0.0614284 0.0335982
 0.472971 0.286992 0.16044 0.0434096 0.0361878
 0.449929 0.356107 0.105622 0.0590471 0.0292944
 0.331463 0.417935 0.162236 0.0481195 0.0402468
 0.34416 0.333717 0.201375 0.0781705 0.0425778
 0.487981 0.267569 0.124386 0.0750579 0.0450062
 0.524771 0.318288 0.0820135 0.0381258 0.0368012
 0.573623 0.302726 0.0828161 0.0213393 0.0194954
 0.554067 0.33179 0.0810409 0.0221702 0.0109316
 0.46974 0.38139 0.110765 0.0270546 0.0110507
 0.483518 0.33283 0.132092 0.0383625 0.0131975
 0.462816 0.352 0.119336 0.0473613 0.0184868
 0.552279 0.28464 0.106862 0.0362284 0.0199904
 0.52943 0.336033 0.085533 0.0321114 0.0168935
 0.477199 0.362586 0.114409 0.0291213 0.0166846
 0.553424 0.289309 0.109072 0.0344161 0.0137792
 0.518364 0.344054 0.0891307 0.033603 0.0148481
 0.383231 0.422167 0.139013 0.0360127 0.0195764
pobs_pel_tallas
 0 0 0 0 0 0 0 0 0 0 0 0 0 0 0 0 0 0 0 0 0 0 0 0 0 0 0 0 0 0 0 0 0 0 0 0
 0 0 0 0 0 0 0 0 0 0 0 0 0 0 0 0 0 0 0 0 0 0 0 0 0 0 0 0 0 0 0 0 0 0 0 0
 0 0 0 0 0 0 0 0 0 0 0 0 0 0 0 0 0 0 0 0 0 0 0 0 0 0 0 0 0 0 0 0 0 0 0 0
 0 0 0 0 0 0 0 0 0 0 0 0 0 0 0 0 0 0 0 0 0 0 0 0 0 0 0 0 0 0 0 0 0 0 0 0
 0 0 0 0 0 0 0 0 0 0 0 0 0 0 0 0 0 0 0 0 0 0 0 0 0 0 0 0 0 0 0 0 0 0 0 0
 0 0 0 0 0 0 0 0 0 0 0 0 0 0 0 0 0 0 0 0 0 0 0 0 0 0 0 0 0 0 0 0 0 0 0 0
 0 0 0 0 0 0 0 0 0 0 0 0 0 0 0 0 0 0 0 0 0 0 0 0 0 0 0 0 0 0 0 0 0 0 0 0
 0 0 0 0 0 0 0 0 0 0 0 0 0 0 0 0 0 0 0 0 0 0 0 0 0 0 0 0 0 0 0 0 0 0 0 0
 0 0 0 0 0 0 0 0 0 0 0 0 0 0 0 0 0 0 0 0 0 0 0 0 0 0 0 0 0 0 0 0 0 0 0 0
 0 0 0 0 0 0 0 0 0 0 0 0 0 0 0 0 0 0 0 0 0 0 0 0 0 0 0 0 0 0 0 0 0 0 0 0
 0 0 0 0 0 0 0 0 1.78061e-05 0.00172719 0.00360574 0.0105946 0.0120993 0.0124554 0.0147524 0.0171206 0.0266825 0.0428682 0.0675386 0.121331 0.153587 0.119568 0.100827 0.0573624 0.0630603 0.0341343 0.0324427 0.0444173 0.0211091 0.0280891 0.0125444 0.00206551 0 0 0 0
 0 0 0 0 0 0 0 0 0 0 0 0 0 0 0 0 0 0 0 0 0 0 0 0 0 0 0 0 0 0 0 0 0 0 0 0
 0 0 0 0 0 0 0.0133647 0.0140871 0.0187388 0.0205184 0.03894 0.0496705 0.03968 0.0493445 0.0407372 0.0367815 0.0215668 0.0243155 0.0234873 0.0199281 0.019796 0.0243948 0.0301388 0.0376714 0.0412746 0.0863199 0.0771752 0.113111 0.0741005 0.0525337 0.0229764 0.00759418 0.00175318 0 0 0
 0 0 0 0 0 0 0 0 0 0 0.00219441 0.00772107 0.0458388 0.0604681 0.0671733 0.0775358 0.0609151 0.0617685 0.073594 0.0568108 0.0755445 0.0548602 0.0670107 0.0636378 0.0643287 0.046367 0.0373049 0.0286899 0.0247887 0.0153202 0.00654259 0.00121912 0.000365735 0 0 0
 0 0 0 0 0 0 0 0 0 0 0 0 0.000112435 0.00938835 0.0111873 0.0202946 0.0414886 0.0713402 0.111592 0.104902 0.108894 0.110636 0.117776 0.105296 0.107544 0.0401394 0.0192827 0.0124803 0.00416011 0.0028671 0.000618394 0 0 0 0 0
 0 0 0 0 0 0 0 0 0 0 0.00291406 0.0102884 0.027416 0.0768956 0.0749926 0.110853 0.0956884 0.0897413 0.0766577 0.0534642 0.0500743 0.0551293 0.0594112 0.0620874 0.0668451 0.0424026 0.0208742 0.0120726 0.0048766 0.00582813 0.00118941 0.000297354 0 0 0 0
 0 0.00264628 0.0354308 0.0461629 0.0458689 0.0383711 0.0214643 0.0164657 0.0346957 0.0420465 0.0363128 0.0245516 0.0311673 0.0291091 0.0169068 0.0133784 0.00837989 0.0085269 0.0148486 0.0160247 0.0276389 0.0546898 0.0760071 0.122758 0.109233 0.0665981 0.0333725 0.0166128 0.00676272 0.00308733 0.000882094 0 0 0 0 0
 0 0 0 0 0 0 0 0.000805153 0.000690131 0.00759144 0.0133425 0.0154129 0.00931677 0.000345066 0.00356568 0.00563607 0.00851162 0.0253048 0.0502646 0.0516448 0.0657925 0.0565908 0.0611916 0.0827007 0.0866115 0.110766 0.145733 0.0935128 0.0569358 0.0249597 0.0138026 0.00621118 0.00161031 0.00115022 0 0
 0 0 0 0 0 0 0 0 0 0 0 0 0 0 0 0 0 0 0 0 0 0 0 0 0 0 0 0 0 0 0 0 0 0 0 0
 0.00147267 0.00158595 0.00478618 0.00569244 0.00954404 0.0108468 0.00647125 0.017049 0.0510054 0.094081 0.124002 0.0959785 0.0687766 0.0820023 0.061753 0.0591476 0.0492212 0.0479892 0.0443925 0.0268479 0.0217502 0.0140895 0.0121071 0.0120363 0.00920419 0.00665534 0.0049561 0.00860946 0.00930331 0.0156896 0.0114698 0.00855282 0.00243557 0.00046729 0 2.83206e-05
 0 0 0 0 0.000772559 0.00158375 0.000888443 0.00281984 0.00712685 0.0440552 0.0773331 0.111326 0.0921469 0.0852325 0.0710754 0.0886704 0.0786465 0.0553345 0.0373146 0.0185414 0.00753245 0.00457741 0.012979 0.0271748 0.0457355 0.0583668 0.034881 0.0177882 0.00938659 0.00492506 0.0015258 0.00185414 0.000309023 5.79419e-05 3.86279e-05 0
 0 0.00173294 0.00326652 0 0.00397197 0.00683976 0.00946217 0.0152591 0.00757587 0.0136028 0.0228656 0.0392903 0.0559909 0.0764795 0.0681675 0.0726916 0.0566044 0.0477403 0.0527397 0.0444891 0.0609904 0.0582453 0.0661739 0.0445044 0.0529084 0.0360697 0.0280645 0.0235558 0.0158879 0.00826598 0.00280645 0.00217768 0.000904811 0.00058276 9.20147e-05 0
 0 0 0 0 0 0 0 0 0 0 0 0 0 0 0 0 0 0 0 0 0 0 0 0 0 0 0 0 0 0 0 0 0 0 0 0
 0 0 0 0 0 0 0 0 0 0 0 0 0 0 0 0 0 0 0 0 0 0 0 0 0 0 0 0 0 0 0 0 0 0 0 0
 0 0 0 0 0 0 0 0 0 0 0 0 0 0 0 0 0 0 0 0 0 0 0 0 0 0 0 0 0 0 0 0 0 0 0 0
ppred_pel_tallas
 1.0809e-16 1.7881e-05 0.000104911 0.000498626 0.00191961 0.00598602 0.0151204 0.0309402 0.0512934 0.0689059 0.0750367 0.0663149 0.0477481 0.0284281 0.0148514 0.00835022 0.0070877 0.00886154 0.0123065 0.0167621 0.0218283 0.0271059 0.0321421 0.0364851 0.0397713 0.0417956 0.0425388 0.0421424 0.0408444 0.0389029 0.0365335 0.0338804 0.0310226 0.0280004 0.0248492 0.0216228
 1.07266e-16 1.62126e-05 9.51096e-05 0.000452014 0.00174012 0.00542627 0.0137066 0.0280479 0.0465015 0.0624773 0.068059 0.0602026 0.0434656 0.0261158 0.0140777 0.00860056 0.00805977 0.0104856 0.0146384 0.019875 0.02574 0.0317361 0.0372962 0.0418645 0.0450103 0.0465168 0.0464152 0.044949 0.0424879 0.0394225 0.0360781 0.0326701 0.0293049 0.0260135 0.0227956 0.0196561
 1.08662e-16 1.12395e-05 6.59093e-05 0.000313184 0.00120558 0.0037593 0.00949606 0.0194331 0.0322236 0.0433091 0.0472176 0.0418603 0.030426 0.018689 0.0108177 0.00775609 0.00846089 0.0116352 0.0164494 0.0224259 0.0291415 0.0360723 0.0425974 0.0480967 0.0520757 0.0542641 0.0546555 0.0534725 0.0510788 0.0478704 0.0441864 0.0402635 0.0362376 0.0321767 0.0281242 0.0241316
 1.09802e-16 1.55794e-05 9.14012e-05 0.000434404 0.00167235 0.00521495 0.0131728 0.0269548 0.044687 0.0600328 0.0653787 0.0577904 0.0416344 0.0248374 0.0130686 0.00750222 0.0065557 0.00833211 0.0116662 0.0160064 0.0210247 0.0263855 0.0316938 0.0365394 0.0405691 0.0435482 0.0453868 0.0461235 0.0458793 0.0448011 0.0430197 0.040633 0.0377164 0.0343454 0.0306186 0.0266674
 1.07343e-16 2.08364e-05 0.000122264 0.000581128 0.00223728 0.00697664 0.0176226 0.0360596 0.0597782 0.0802968 0.087422 0.077215 0.0554969 0.0328413 0.0167882 0.00885099 0.00684719 0.00817435 0.0112231 0.0152341 0.0197879 0.0245009 0.0289525 0.0327305 0.0355109 0.0371224 0.037571 0.0370124 0.0356897 0.0338574 0.0317211 0.0294093 0.0269793 0.0244453 0.0218134 0.0191074
 1.06171e-16 1.62236e-05 9.51706e-05 0.000452296 0.00174119 0.0054296 0.0137151 0.0280655 0.0465317 0.0625211 0.0681153 0.0602726 0.04356 0.0262599 0.014313 0.00898336 0.00865762 0.0113701 0.0158727 0.0214956 0.0277369 0.0340366 0.0397585 0.0442866 0.047154 0.0481442 0.0473284 0.045023 0.04169 0.0378133 0.0337962 0.0299051 0.0262675 0.0229066 0.0197934 0.0168914
 1.05411e-16 2.18123e-05 0.000127993 0.000608364 0.00234214 0.00730365 0.0184486 0.0377497 0.0625795 0.0840583 0.0915137 0.0808207 0.0580704 0.0343279 0.0174813 0.00910873 0.00691875 0.0081822 0.011213 0.0152198 0.0197722 0.0244809 0.0289176 0.0326583 0.0353632 0.0368428 0.0370865 0.0362399 0.0345465 0.0322763 0.0296647 0.0268822 0.0240333 0.0211772 0.0183545 0.0156074
 1.05437e-16 1.61496e-05 9.47344e-05 0.000450219 0.00173319 0.00540464 0.0136521 0.0279367 0.0463186 0.0622362 0.0678087 0.0600105 0.0433903 0.0261971 0.0143499 0.00911387 0.00888923 0.011723 0.0163709 0.0221569 0.0285633 0.0350067 0.0408245 0.0453757 0.048177 0.049007 0.0479463 0.0453329 0.0416585 0.0374393 0.0331076 0.0289526 0.0251157 0.0216265 0.0184551 0.0155585
 1.05554e-16 2.06483e-05 0.000121158 0.000575866 0.00221701 0.00691344 0.017463 0.0357331 0.0592375 0.0795721 0.0866371 0.0765316 0.0550274 0.0326071 0.0167496 0.00896336 0.00709487 0.00857324 0.0118074 0.0160411 0.0208455 0.0258163 0.0305032 0.0344588 0.037323 0.0388938 0.0391566 0.0382614 0.036463 0.0340446 0.0312559 0.0282795 0.0252302 0.0221757 0.0191636 0.0162423
 1.05014e-16 1.96462e-05 0.000115269 0.000547856 0.00210914 0.00657704 0.0166134 0.0339952 0.0563588 0.0757122 0.0824529 0.0728794 0.0524969 0.0312989 0.0164281 0.00935144 0.00804938 0.0100922 0.0139564 0.0188766 0.024358 0.0298964 0.0349307 0.0389184 0.0414473 0.0423233 0.0416042 0.0395631 0.0366019 0.033144 0.029545 0.0260433 0.0227583 0.0197192 0.0169099 0.0143061
 1.05974e-16 1.44832e-05 8.49512e-05 0.000403709 0.00155412 0.0048462 0.0122415 0.0250505 0.0415348 0.0558127 0.0608213 0.0538534 0.0389969 0.0236618 0.0131745 0.00869298 0.00880847 0.0117925 0.0165427 0.0224498 0.0290254 0.0357013 0.041821 0.0467412 0.0499641 0.0512425 0.0506203 0.0483936 0.0450128 0.0409615 0.0366533 0.0323765 0.0282889 0.0244502 0.0208687 0.0175412
 1.07643e-16 1.50335e-05 8.81896e-05 0.000419121 0.00161349 0.00503136 0.0127091 0.0260067 0.0431173 0.0579308 0.0631072 0.0558246 0.0403096 0.0242303 0.013083 0.00803198 0.00757975 0.00991346 0.013902 0.0189713 0.0247231 0.0307177 0.036441 0.0413741 0.0450924 0.0473469 0.0480983 0.047492 0.0457909 0.0432917 0.0402564 0.0368782 0.0332832 0.0295558 0.0257689 0.0220053
 1.06535e-16 2.13019e-05 0.000124997 0.000594123 0.00228731 0.00713268 0.0180168 0.036866 0.0611146 0.0820908 0.089372 0.0789299 0.0567135 0.0335292 0.0170809 0.0089106 0.00678184 0.00803079 0.0110129 0.0149579 0.019449 0.0241105 0.0285298 0.0322989 0.0350924 0.0367299 0.0372024 0.0366478 0.0352934 0.0333845 0.0311277 0.0286626 0.026066 0.0233757 0.0206204 0.0178411
 1.04298e-16 2.29081e-05 0.000134423 0.000638923 0.00245979 0.00767052 0.0193753 0.0396461 0.065724 0.0882841 0.0961195 0.0849007 0.0610288 0.0361298 0.0184945 0.00978594 0.00759963 0.0090635 0.0123885 0.01671 0.0215276 0.0263748 0.030747 0.034161 0.0362539 0.036862 0.0360497 0.0340762 0.0313155 0.0281587 0.0249314 0.021849 0.0190134 0.0164407 0.0141021 0.0119599
 1.02919e-16 2.50377e-05 0.000146926 0.00069837 0.00268868 0.00838431 0.0211783 0.043335 0.0718379 0.0964922 0.105045 0.0927569 0.0666166 0.0393183 0.0199058 0.0101744 0.00747289 0.00864331 0.0117233 0.0157789 0.0202957 0.0248166 0.0288542 0.031944 0.0337378 0.0340808 0.0330395 0.0308712 0.0279474 0.0246605 0.0213423 0.0182192 0.015406 0.0129291 0.0107643 0.00886963
 1.02532e-16 2.41862e-05 0.000141924 0.000674584 0.00259709 0.00809868 0.0204569 0.0418591 0.0693924 0.0932109 0.101482 0.0896329 0.0644209 0.0381188 0.0194765 0.010245 0.00787954 0.00934048 0.0127311 0.0171308 0.0220044 0.0268546 0.031146 0.0343691 0.0361457 0.0363124 0.0349531 0.0323632 0.0289657 0.0252057 0.0214603 0.0179867 0.0149146 0.0122712 0.0100224 0.00811124
 1.03143e-16 2.05112e-05 0.000120344 0.00057198 0.00220202 0.00686666 0.0173449 0.0354923 0.0588408 0.0790471 0.0860863 0.0760944 0.0548204 0.0326993 0.0171899 0.00982498 0.00849579 0.0106622 0.0147257 0.0198729 0.0255668 0.0312559 0.0363286 0.0401971 0.0424194 0.0427973 0.0414126 0.0385892 0.0347977 0.0305376 0.0262354 0.0221861 0.0185449 0.0153547 0.0125917 0.0102064
 1.03919e-16 2.11101e-05 0.000123865 0.000588725 0.00226651 0.00706778 0.0178529 0.0365312 0.0605616 0.0813537 0.0885849 0.0782712 0.0563194 0.033455 0.017335 0.00951397 0.00779991 0.00956647 0.0131751 0.0178221 0.0230181 0.0282838 0.0330886 0.0369158 0.0393667 0.0402434 0.0395831 0.0376269 0.0347422 0.031326 0.0277217 0.0241731 0.0208187 0.0177154 0.0148744 0.0122919
 1.043e-16 2.02081e-05 0.000118568 0.000563539 0.00216952 0.00676534 0.017089 0.0349684 0.0579717 0.0778776 0.0848077 0.0749527 0.0539726 0.0321433 0.0168064 0.00946452 0.00803387 0.0100103 0.0138259 0.0186975 0.024127 0.0296117 0.0345931 0.0385295 0.0410071 0.0418276 0.0410429 0.0389203 0.0358584 0.0322822 0.0285539 0.0249244 0.0215275 0.0184077 0.0155604 0.0129677
 1.03789e-16 2.41063e-05 0.00014146 0.000672386 0.00258864 0.00807235 0.0203903 0.0417225 0.0691647 0.0929015 0.101135 0.0893033 0.0641335 0.0378476 0.0191528 0.00977844 0.00717445 0.00830564 0.0112915 0.0152456 0.0196891 0.0241992 0.0283217 0.0316171 0.0337471 0.0345454 0.0340451 0.0324523 0.0300788 0.0272591 0.0242797 0.0213404 0.0185507 0.0159513 0.0135464 0.0113307
 1.03217e-16 2.3112e-05 0.000135618 0.000644602 0.00248164 0.00773868 0.0195475 0.0399986 0.0663087 0.0890707 0.0969792 0.0856678 0.061597 0.0364999 0.0187457 0.0100175 0.0078943 0.0094803 0.0129673 0.0174721 0.022471 0.0274675 0.0319231 0.0353233 0.0372841 0.0376358 0.0364556 0.0340318 0.0307792 0.0271341 0.0234649 0.0200212 0.0169274 0.0142098 0.011838 0.00976303
 1.03523e-16 2.08357e-05 0.000122251 0.000581049 0.00223694 0.00697557 0.01762 0.036055 0.0597729 0.0802972 0.0874419 0.0772791 0.0556443 0.0331315 0.0173091 0.00972388 0.00822416 0.0102236 0.0141002 0.0190403 0.0245241 0.0300275 0.0349707 0.0387946 0.0410762 0.0416202 0.0404948 0.0379951 0.0345546 0.0306345 0.0266289 0.0228112 0.0193264 0.0162184 0.0134719 0.0110511
 1.0347e-16 2.41564e-05 0.000141754 0.000673781 0.00259401 0.00808909 0.0204326 0.0418091 0.0693084 0.0930948 0.101346 0.0894921 0.0642738 0.0379399 0.0192169 0.00983954 0.00725361 0.00841836 0.0114486 0.0154534 0.0199476 0.0245007 0.0286491 0.031945 0.0340439 0.0347771 0.0341805 0.0324671 0.0299592 0.0270033 0.0238974 0.0208512 0.0179813 0.0153324 0.0129093 0.0107046
 1.03226e-16 2.26298e-05 0.000132786 0.000631139 0.00242981 0.00757702 0.0191392 0.0391632 0.0649242 0.0872124 0.0949597 0.0838927 0.0603399 0.0357939 0.0184546 0.00997741 0.00799879 0.00968885 0.0132782 0.017897 0.0230194 0.0281393 0.0327056 0.0361911 0.0382016 0.0385628 0.0373525 0.0348651 0.031525 0.0277792 0.0240054 0.0204606 0.017274 0.0144743 0.0120322 0.0098986
 1.04263e-16 1.67407e-05 9.82044e-05 0.000466715 0.00179671 0.0056027 0.0141523 0.0289603 0.0480153 0.0645147 0.0702878 0.0621962 0.0449529 0.0271049 0.0147828 0.00929174 0.00896657 0.0117778 0.016434 0.0222381 0.0286628 0.0351177 0.0409313 0.0454525 0.0481869 0.048903 0.0476748 0.0448393 0.0408948 0.0363725 0.0317271 0.0272752 0.0231865 0.0195155 0.0162498 0.0133537
pSPR Fmed_Fpbrs
0.711719   0.255602 0.255602
Fs Fmed_Fpbrs
0.176079   1.005 1.005
SSBpbr Bo_Bmed_Bpbrs
1.45152e+06  960497  298435 298435
Ro
59874.1
SPR SPRFo_SPRFmed_SPRFpbrs
1.22968e+06 875188 314309
log_Ro
10.82
likeval ReclasPelacesDesembMPH_pf_preclas_ppelaces_ptallas_desvR_qrecl_qpela
 188.187 54.8195 0.0719125 0.00109738 347.447 216.131 81.3601 0 14.8968 0 0 0 0 0 0
q_reclas_q_pelaces
1 1
M
0.7
N
 94191.7 35596.4 17676.7 8777.97 8658.88
 86221.9 44553.2 16037.8 7964.13 7856.09
 47181.4 40548.4 19842.5 7142.71 7045.81
 55267.2 21025.7 16215.8 7935.29 5674.18
 92317.6 26780.3 9941.47 7667.25 6434.9
 77348.8 45545.2 13126.1 4872.73 6912.06
 123168 35152.7 18943.4 5459.5 4901.6
 92692.1 57983.5 15688.4 8454.3 4624.08
 121399 41135.6 22996.5 6222.06 5186.93
 121372 52769.5 15651.6 8749.86 4340.97
 68927.1 53813 20889.4 6195.83 5182.14
 44442.3 26455.4 15963.9 6196.95 3375.34
 46438.5 17234.8 8011.99 4834.67 2898.96
 31920.6 16010.6 4125.46 1917.81 1851.18
 22468.7 8645.54 2365.14 609.427 556.768
 20383.9 7082.72 1729.98 473.266 233.356
 18660.8 8460.54 2457.14 600.165 245.142
 21894.8 8111.65 3219.31 934.963 321.646
 24572.5 9949.33 3373.04 1338.67 522.531
 41339.7 11314.2 4247.64 1440.04 794.599
 58496.6 19092.3 4859.7 1824.46 959.831
 71204 28083.1 8861.2 2255.51 1292.26
 123800 33799.4 12742.7 4020.76 1609.8
 169206 58334.9 15112.3 5697.45 2517.51
 140812 80253.9 26426.4 6846.02 3721.47
pred_Ctot
 3225.59 2386.8 1185.25 588.579 580.594
 3295.09 3325.56 1197.1 594.462 586.397
 3503.17 5748.11 2812.86 1012.55 998.809
 963.894 725.549 559.572 273.829 195.803
 432.284 250.079 92.8354 71.5983 60.0903
 4741.94 5374.91 1549.05 575.044 815.71
 4619.43 2576.19 1388.28 400.103 359.217
 7133.63 8505.17 2301.21 1240.1 678.271
 10968.2 7023.14 3926.22 1062.3 885.571
 9414.97 7798.73 2313.12 1293.13 641.546
 11424.9 16046.3 6228.92 1847.51 1545.24
 7101.88 7635.38 4607.42 1788.52 974.17
 10426 6691.1 3110.5 1876.97 1125.47
 10801.9 8650.81 2229.06 1036.23 1000.23
 6056.87 3906.81 1068.78 275.392 251.596
 2431.63 1567.08 382.765 104.712 51.6311
 1685.63 1444.21 419.432 102.448 41.8455
 1344.01 958.465 380.39 110.474 38.0054
 1291.88 1012.48 343.253 136.229 53.1748
 2088.97 1108.07 415.999 141.033 77.8203
 1400.91 901.028 229.346 86.1024 45.2976
 2264.31 1751.27 552.588 140.655 80.5859
 4564.81 2436.19 918.464 289.808 116.031
 5475.94 3700.81 958.732 361.45 159.713
 4091.95 4581.15 1508.5 390.793 212.433
F
 0.0486484 0.0972969 0.0972969 0.0972969 0.0972969
 0.0544279 0.108856 0.108856 0.108856 0.108856
 0.108254 0.216508 0.216508 0.216508 0.216508
 0.0245149 0.0490299 0.0490299 0.0490299 0.0490299
 0.00652995 0.0130599 0.0130599 0.0130599 0.0130599
 0.0886244 0.177249 0.177249 0.177249 0.177249
 0.0533905 0.106781 0.106781 0.106781 0.106781
 0.112409 0.224819 0.224819 0.224819 0.224819
 0.133152 0.266303 0.266303 0.266303 0.266303
 0.113347 0.226694 0.226694 0.226694 0.226694
 0.257591 0.515183 0.515183 0.515183 0.515183
 0.24726 0.49452 0.49452 0.49452 0.49452
 0.364878 0.729755 0.729755 0.729755 0.729755
 0.606206 1.21241 1.21241 1.21241 1.21241
 0.454468 0.908936 0.908936 0.908936 0.908936
 0.17933 0.35866 0.35866 0.35866 0.35866
 0.133123 0.266247 0.266247 0.266247 0.266247
 0.0887433 0.177487 0.177487 0.177487 0.177487
 0.075571 0.151142 0.151142 0.151142 0.151142
 0.0725394 0.145079 0.145079 0.145079 0.145079
 0.0338005 0.067601 0.067601 0.067601 0.067601
 0.0451055 0.0902111 0.0902111 0.0902111 0.0902111
 0.0524686 0.104937 0.104937 0.104937 0.104937
 0.0459194 0.0918388 0.0918388 0.0918388 0.0918388
 0.0411465 0.082293 0.082293 0.082293 0.082293
nmprior
 10.6 11 7 0
nm_flota  nm_reclas  nm_pelaces    nm_pelaL
inf 12.2502 14.4318 32.1453
cv_recla  cv_pelaces  cv_mph
1.24085 0.839537 1.07477
 ------------------------------------------------
Talla a la edad & desviación 
 7.2 14.2025 17.0495 18.207 18.6776
 1.08 2.13037 2.55742 2.73105 2.80164
