years
 1997 1998 1999 2000 2001 2002 2003 2004 2005 2006 2007 2008 2009 2010 2011 2012 2013 2014 2015 2016 2017 2018 2019 2020 2021
reclasobs
 0 0 0 370054 412103 1.49427e+06 250295 1.28982e+06 931140 785840 897777 1.04006e+06 184774 17550 25797 100020 73551 82996 120727 218422 84188 347160 605670 569463 516374
reclaspred
 419084 123262 420420 305014 410679 486271 1.04337e+06 662410 689878 577192 441601 295210 180663 87601.6 65275.9 68815.4 87857.2 122164 129996 185293 263775 240966 422323 543296 601605
pelacesobs
 0 0 0 0 0 0 0 0 0 2.06254e+06 1.5e+06 0 1.87456e+06 323000 250000 174000 83755 137374 0 501740 490994 745055 786931 1.00524e+06 1.33801e+06
pelacespred
 1.57831e+06 416925 850246 942693 1.07451e+06 1.07935e+06 2.53883e+06 2.09279e+06 1.8873e+06 1.61064e+06 1.11221e+06 763194 465252 192613 140605 156532 207420 289491 319054 440713 691789 620106 856113 1.30705e+06 1.49602e+06
mphobs
 0 0 0 0 0 112323 0 153150 637223 0 255016 313432 73983 77613 109348 50772 0 0 0 0 0 0 0 0 0
mphpred
 918148 627194 829066 1.13303e+06 1.10427e+06 1.59904e+06 2.41522e+06 2.76213e+06 2.25446e+06 2.1144e+06 1.8259e+06 1.26832e+06 784073 418153 216674 195107 239900 337390 423852 488417 720716 839641 1.05828e+06 1.5279e+06 2.04853e+06
desembarqueobs
 350755 77701 442110 56441 14545 235359 269955 359681 431902 328805 639364 411747 362871 311530 167758 66681 60226 58785 57116 73181 50977 67692 138656 160484 209506
desembarquepred
 350765 77704.3 442148 56442.6 14545.1 235392 269980 359710 431973 328865 639757 412098 363353 312131 167860 66698 60245.4 58788.9 57115.2 73183.8 50978.2 67689.7 138660 160490 209508
Reclutas
 75207.2 95307.6 61619.2 91306.6 151143 112443 168576 143992 157664 141952 68983.9 41314.4 42630.9 24844.1 20273.4 26679.4 22896.8 26065 29697.3 52372.9 65386.9 85161.3 140016 169677 72584.4
log_desv_Rt
 0.108003 0.344865 -0.0912706 0.301978 0.80598 0.510202 0.91514 0.757516 0.84822 0.743243 0.0216287 -0.491033 -0.459666 -0.999623 -1.20293 -0.928355 -1.08125 -0.95165 -0.821189 -0.253855 -0.0319231 0.232302 0.729512 0.921652 0.0725052
SSB
 918148 627194 829066 1.13303e+06 1.10427e+06 1.59904e+06 2.41522e+06 2.76213e+06 2.25446e+06 2.1144e+06 1.8259e+06 1.26832e+06 784073 418153 216674 195107 239900 337390 423852 488417 720716 839641 1.05828e+06 1.5279e+06 2.04853e+06
BT
 3.12256e+06 876958 1.76396e+06 1.74725e+06 1.93435e+06 2.11881e+06 4.72814e+06 4.15846e+06 3.77604e+06 3.20487e+06 2.57949e+06 1.7505e+06 1.19229e+06 647769 396090 335750 421064 565270 620502 848892 1.28017e+06 1.1737e+06 1.62807e+06 2.47157e+06 2.84837e+06
Ftot
 0.319438 0.234836 0.316133 0.0578571 0.0124356 0.129717 0.0808956 0.164638 0.193173 0.167823 0.374501 0.351151 0.548866 0.943026 0.821569 0.318559 0.227292 0.151727 0.128157 0.132695 0.0627297 0.0835131 0.0985999 0.0937537 0.09166
BD_Bspro_t
 0.961533 0.818871 0.798517 0.714452 0.804116 0.887153 0.865301 0.867544 0.821433 0.781008 0.736676 0.592199 0.480762 0.368926 0.254177 0.277095 0.403181 0.573481 0.678694 0.75185 0.829155 0.880643 0.885204 0.889498 0.891419
BD_Bspro
 0.662223 0.45237 0.597972 0.81721 0.796465 1.15333 1.742 1.99221 1.62605 1.52503 1.31695 0.914788 0.56552 0.301597 0.156278 0.140723 0.17303 0.243346 0.305707 0.352275 0.519824 0.605599 0.763296 1.10201 1.47752
BD_Bo
 0.576295 0.393672 0.520381 0.711172 0.693118 1.00367 1.51596 1.73371 1.41506 1.32715 1.14607 0.796088 0.49214 0.262462 0.136 0.122463 0.150578 0.21177 0.26604 0.306565 0.452373 0.527019 0.664253 0.95902 1.2858
BD_Brms
 2.03838 1.39243 1.84061 2.51544 2.45158 3.55003 5.36201 6.13219 5.00513 4.69418 4.05368 2.81579 1.74072 0.92834 0.481037 0.433157 0.532601 0.749039 0.940992 1.08433 1.60006 1.86409 2.34949 3.39209 4.54793
S_f
 0.20271 1 1 1 1
 0.20271 1 1 1 1
 0.20271 1 1 1 1
 0.20271 1 1 1 1
 0.20271 1 1 1 1
 0.20271 1 1 1 1
 0.20271 1 1 1 1
 0.20271 1 1 1 1
 0.20271 1 1 1 1
 0.20271 1 1 1 1
 0.20271 1 1 1 1
 0.20271 1 1 1 1
 0.20271 1 1 1 1
 0.20271 1 1 1 1
 0.20271 1 1 1 1
 0.20271 1 1 1 1
 0.20271 1 1 1 1
 0.20271 1 1 1 1
 0.20271 1 1 1 1
 0.20271 1 1 1 1
 0.20271 1 1 1 1
 0.20271 1 1 1 1
 0.20271 1 1 1 1
 0.20271 1 1 1 1
 0.20271 1 1 1 1
Scru_reclas
 1 1 1 1 1
 1 1 1 1 1
 1 1 1 1 1
 1 1 1 1 1
 1 1 1 1 1
 1 1 1 1 1
 1 1 1 1 1
 1 1 1 1 1
 1 1 1 1 1
 1 1 1 1 1
 1 1 1 1 1
 1 1 1 1 1
 1 1 1 1 1
 1 1 1 1 1
 1 1 1 1 1
 1 1 1 1 1
 1 1 1 1 1
 1 1 1 1 1
 1 1 1 1 1
 1 1 1 1 1
 1 1 1 1 1
 1 1 1 1 1
 1 1 1 1 1
 1 1 1 1 1
 1 1 1 1 1
Scru_pelaces
 1 1 1 1 1
 1 1 1 1 1
 1 1 1 1 1
 1 1 1 1 1
 1 1 1 1 1
 1 1 1 1 1
 1 1 1 1 1
 1 1 1 1 1
 1 1 1 1 1
 1 1 1 1 1
 1 1 1 1 1
 1 1 1 1 1
 1 1 1 1 1
 1 1 1 1 1
 1 1 1 1 1
 1 1 1 1 1
 1 1 1 1 1
 1 1 1 1 1
 1 1 1 1 1
 1 1 1 1 1
 1 1 1 1 1
 1 1 1 1 1
 1 1 1 1 1
 1 1 1 1 1
 1 1 1 1 1
pf_obs 
 0.256992 0.487395 0.22802 0.0275931 0
 0.321318 0.546541 0.124235 0.00734118 0.000564706
 0.182869 0.594174 0.210203 0.0122559 0.00049798
 0.330522 0.361315 0.267642 0.0388342 0.00168674
 0.649043 0.306663 0.0425973 0.00169635 0
 0.582887 0.30429 0.105238 0.00758474 0
 0.465427 0.430635 0.0974691 0.00646863 0
 0.296916 0.608066 0.0921331 0.00288517 0
 0.311714 0.524322 0.152257 0.0117073 0
 0.15457 0.633149 0.183074 0.0267441 0.00246327
 0.131901 0.49318 0.331252 0.0422183 0.00144891
 0.196976 0.569456 0.194076 0.0375587 0.00193317
 0.518974 0.381816 0.0799577 0.0180837 0.00116848
 0.0928022 0.601141 0.25162 0.0475244 0.00691264
 0.122501 0.610282 0.24278 0.0234846 0.000952079
 0.383417 0.481906 0.127806 0.00687128 0
 0.0376549 0.599619 0.316969 0.0457579 0
 0.0361596 0.667082 0.258105 0.0386534 0
 0.158088 0.579412 0.248529 0.0139706 0
 0.0477256 0.309471 0.559284 0.082774 0.000745712
 0.0406174 0.521527 0.379366 0.0568643 0.0016247
 0.151134 0.462217 0.34131 0.0453401 0
 0.294876 0.26143 0.354403 0.0886775 0.000613685
 0.281977 0.475581 0.204845 0.0348837 0.00271318
 0.0354234 0.537034 0.353287 0.0723622 0.0018943
pf_pred 
 0.381219 0.436798 0.162758 0.0192142 9.94546e-06
 0.317789 0.531182 0.106612 0.0397255 0.00469217
 0.181372 0.588446 0.179224 0.0359716 0.0149868
 0.26862 0.408168 0.232331 0.0707614 0.0201195
 0.308691 0.449534 0.134929 0.0768022 0.0300427
 0.179943 0.564988 0.165862 0.0497842 0.0394221
 0.256699 0.397179 0.238465 0.0700058 0.0376514
 0.193286 0.515116 0.155814 0.0935501 0.042234
 0.216711 0.4387 0.220033 0.0665562 0.0580005
 0.195072 0.481592 0.181092 0.0908279 0.0514161
 0.115985 0.497914 0.231006 0.0868647 0.0682304
 0.114356 0.384912 0.282033 0.130848 0.0878503
 0.18844 0.347336 0.201758 0.147832 0.114635
 0.176192 0.491517 0.142215 0.0826091 0.107466
 0.246804 0.470024 0.168952 0.0488845 0.0653356
 0.332697 0.470464 0.122835 0.0441535 0.02985
 0.230165 0.569621 0.141156 0.0368549 0.0222037
 0.241415 0.470706 0.213009 0.0527852 0.0220849
 0.239211 0.477024 0.176078 0.0796806 0.0280068
 0.324771 0.419764 0.16018 0.0591251 0.0361603
 0.276971 0.517548 0.127739 0.0487447 0.0289965
 0.267964 0.483341 0.178017 0.0439375 0.02674
 0.315405 0.446445 0.157243 0.0579133 0.0229932
 0.268456 0.514827 0.141327 0.0497771 0.0256119
 0.107247 0.583634 0.217543 0.0597188 0.0318561
pobs_RECLAS
 0 0 0 0 0
 0 0 0 0 0
 0 0 0 0 0
 0 0 0 0 0
 0.835266 0.146461 0.0176864 0.000547809 3.91292e-05
 0.385257 0.428462 0.181853 0.0044286 0
 0.867414 0.0963971 0.0333333 0.00285562 0
 0.441836 0.489002 0.0689373 0.000224442 0
 0.779404 0.147425 0.0564933 0.0165055 0.000172143
 0.814271 0.122319 0.05973 0.00367925 0
 0.40263 0.566651 0.0304383 0.000280538 0
 0.475488 0.404961 0.113038 0.00651328 0
 0.955842 0.0263864 0.0167828 0.000988607 0
 0.975058 0.0227948 0.00214734 0 0
 0.738997 0.206755 0.0527124 0.00153531 0
 0.850938 0.134255 0.0134407 0.00136685 0
 0.542534 0.407297 0.0501686 0 0
 0.764087 0.199537 0.0359546 0.000420521 0
 0.470689 0.182191 0.310203 0.0369168 0
 0.84361 0.089868 0.0606195 0.00523954 0.000663233
 0.607945 0.314616 0.071237 0.00620181 0
 0.523733 0.453247 0.0230204 0 0
 0.530135 0.295979 0.169645 0.0042399 0
 0.562478 0.366248 0.0663022 0.0049721 0
 0.250443 0.683176 0.0655157 0.000865301 0
ppred_RECLAS
 0.755891 0.172317 0.064208 0.00758 3.92348e-06
 0.699516 0.233962 0.0469579 0.0174973 0.00206669
 0.526811 0.340137 0.103596 0.0207926 0.00866276
 0.645002 0.198117 0.112769 0.0343462 0.00976559
 0.687899 0.202949 0.0609158 0.0346735 0.0135632
 0.521458 0.329697 0.0967887 0.0290515 0.0230047
 0.63106 0.197141 0.118363 0.0347476 0.0186884
 0.543845 0.291272 0.0881047 0.0528978 0.0238812
 0.579665 0.235419 0.118076 0.0357159 0.0311247
 0.54672 0.271199 0.101979 0.051148 0.028954
 0.398349 0.338875 0.15722 0.0591191 0.0464368
 0.394112 0.263327 0.192945 0.0895163 0.0601003
 0.543064 0.195562 0.113597 0.0832345 0.0645431
 0.532652 0.278839 0.080679 0.0468643 0.0609657
 0.632701 0.229209 0.08239 0.0238387 0.0318611
 0.714754 0.201105 0.0525071 0.0188739 0.0127597
 0.598948 0.296748 0.0735365 0.0191998 0.0115672
 0.612762 0.240283 0.108736 0.0269455 0.0112738
 0.609573 0.244803 0.0903608 0.040891 0.0143727
 0.704923 0.183438 0.069999 0.0258378 0.0158022
 0.654638 0.247212 0.061016 0.0232834 0.0138505
 0.644541 0.234699 0.0864408 0.021335 0.0129843
 0.695495 0.198577 0.0699411 0.0257596 0.0102273
 0.645239 0.249665 0.0685366 0.0241393 0.0124205
 0.373171 0.409788 0.152744 0.0419304 0.0223671
pobs_PELACES
 0 0 0 0 0
 0 0 0 0 0
 0 0 0 0 0
 0 0 0 0 0
 0 0 0 0 0
 0 0 0 0 0
 0 0 0 0 0
 0 0 0 0 0
 0 0 0 0 0
 0 0 0 0 0
 0.450072 0.473896 0.0757376 0.000293798 0
 0 0 0 0 0
 0.463077 0.371075 0.160297 0.00555027 0
 0.529543 0.364841 0.0842815 0.0213345 0
 0.631943 0.363953 0.00410389 0 0
 0.735681 0.248677 0.0153453 0.000297389 0
 0.695825 0.281241 0.0229344 0 0
 0.275771 0.60734 0.115278 0.00161068 0
 0 0 0 0 0
 0.896147 0.0623911 0.0374545 0.00400742 0
 0.803859 0.145111 0.0509908 3.86294e-05 0
 0.739449 0.233085 0.0266225 0.000797448 4.60066e-05
 0.878498 0.100942 0.0204185 0.000141795 0
 0.694673 0.275183 0.0284847 0.00165964 0
 0.469039 0.446079 0.0841089 0.000773354 0
ppred_PELACES
 0.771064 0.161606 0.0602171 0.00710886 3.67961e-06
 0.712341 0.223976 0.0449537 0.0167505 0.00197848
 0.547487 0.325275 0.0990696 0.019884 0.00828424
 0.64848 0.196176 0.111664 0.0340097 0.00966992
 0.688601 0.202492 0.0607788 0.0345955 0.0135327
 0.529967 0.323835 0.0950676 0.0285349 0.0225956
 0.636002 0.194501 0.116778 0.0342822 0.0184381
 0.554569 0.284424 0.0860334 0.0516542 0.0233198
 0.591996 0.228512 0.114612 0.0346681 0.0302116
 0.557638 0.264667 0.0995222 0.049916 0.0282566
 0.422184 0.32545 0.150992 0.0567771 0.0445972
 0.416375 0.253651 0.185855 0.086227 0.0578919
 0.578616 0.180346 0.104758 0.0767585 0.0595213
 0.59361 0.242469 0.0701557 0.0407516 0.0530137
 0.68135 0.19885 0.0714775 0.0206813 0.0276411
 0.731531 0.189277 0.0494189 0.0177638 0.0120093
 0.613224 0.286185 0.0709188 0.0185164 0.0111554
 0.62219 0.234433 0.106088 0.0262894 0.0109993
 0.617568 0.23979 0.0885105 0.0400537 0.0140784
 0.712133 0.178956 0.0682887 0.0252065 0.015416
 0.65836 0.244548 0.0603584 0.0230325 0.0137012
 0.649559 0.231386 0.0852206 0.0210338 0.012801
 0.700961 0.195013 0.0686856 0.0252972 0.0100437
 0.650865 0.245705 0.0674497 0.0237565 0.0122235
 0.378829 0.406089 0.151365 0.0415519 0.0221652
pobs_pel_tallas
 0 0 0 0 0 0 0 0 0 0 0 0 0 0 0 0 0 0 0 0 0 0 0 0 0 0 0 0 0 0 0 0 0 0 0 0
 0 0 0 0 0 0 0 0 0 0 0 0 0 0 0 0 0 0 0 0 0 0 0 0 0 0 0 0 0 0 0 0 0 0 0 0
 0 0 0 0 0 0 0 0 0 0 0 0 0 0 0 0 0 0 0 0 0 0 0 0 0 0 0 0 0 0 0 0 0 0 0 0
 0 0 0 0 0 0 0 0 0 0 0 0 0 0 0 0 0 0 0 0 0 0 0 0 0 0 0 0 0 0 0 0 0 0 0 0
 0 0 0 0 0 0 0 0 0 0 0 0 0 0 0 0 0 0 0 0 0 0 0 0 0 0 0 0 0 0 0 0 0 0 0 0
 0 0 0 0 0 0 0 0 0 0 0 0 0 0 0 0 0 0 0 0 0 0 0 0 0 0 0 0 0 0 0 0 0 0 0 0
 0 0 0 0 0 0 0 0 0 0 0 0 0 0 0 0 0 0 0 0 0 0 0 0 0 0 0 0 0 0 0 0 0 0 0 0
 0 0 0 0 0 0 0 0 0 0 0 0 0 0 0 0 0 0 0 0 0 0 0 0 0 0 0 0 0 0 0 0 0 0 0 0
 0 0 0 0 0 0 0 0 0 0 0 0 0 0 0 0 0 0 0 0 0 0 0 0 0 0 0 0 0 0 0 0 0 0 0 0
 0 0 0 0 0 0 0 0 0 0 0 0 0 0 0 0 0 0 0 0 0 0 0 0 0 0 0 0 0 0 0 0 0 0 0 0
 0 0 0 0 0 0 0 0 1.78061e-05 0.00172719 0.00360574 0.0105946 0.0120993 0.0124554 0.0147524 0.0171206 0.0266825 0.0428682 0.0675386 0.121331 0.153587 0.119568 0.100827 0.0573624 0.0630603 0.0341343 0.0324427 0.0444173 0.0211091 0.0280891 0.0125444 0.00206551 0 0 0 0
 0 0 0 0 0 0 0 0 0 0 0 0 0 0 0 0 0 0 0 0 0 0 0 0 0 0 0 0 0 0 0 0 0 0 0 0
 0 0 0 0 0 0 0.0133647 0.0140871 0.0187388 0.0205184 0.03894 0.0496705 0.03968 0.0493445 0.0407372 0.0367815 0.0215668 0.0243155 0.0234873 0.0199281 0.019796 0.0243948 0.0301388 0.0376714 0.0412746 0.0863199 0.0771752 0.113111 0.0741005 0.0525337 0.0229764 0.00759418 0.00175318 0 0 0
 0 0 0 0 0 0 0 0 0 0 0.00219441 0.00772107 0.0458388 0.0604681 0.0671733 0.0775358 0.0609151 0.0617685 0.073594 0.0568108 0.0755445 0.0548602 0.0670107 0.0636378 0.0643287 0.046367 0.0373049 0.0286899 0.0247887 0.0153202 0.00654259 0.00121912 0.000365735 0 0 0
 0 0 0 0 0 0 0 0 0 0 0 0 0.000112435 0.00938835 0.0111873 0.0202946 0.0414886 0.0713402 0.111592 0.104902 0.108894 0.110636 0.117776 0.105296 0.107544 0.0401394 0.0192827 0.0124803 0.00416011 0.0028671 0.000618394 0 0 0 0 0
 0 0 0 0 0 0 0 0 0 0 0.00291406 0.0102884 0.027416 0.0768956 0.0749926 0.110853 0.0956884 0.0897413 0.0766577 0.0534642 0.0500743 0.0551293 0.0594112 0.0620874 0.0668451 0.0424026 0.0208742 0.0120726 0.0048766 0.00582813 0.00118941 0.000297354 0 0 0 0
 0 0.00264628 0.0354308 0.0461629 0.0458689 0.0383711 0.0214643 0.0164657 0.0346957 0.0420465 0.0363128 0.0245516 0.0311673 0.0291091 0.0169068 0.0133784 0.00837989 0.0085269 0.0148486 0.0160247 0.0276389 0.0546898 0.0760071 0.122758 0.109233 0.0665981 0.0333725 0.0166128 0.00676272 0.00308733 0.000882094 0 0 0 0 0
 0 0 0 0 0 0 0 0.000805153 0.000690131 0.00759144 0.0133425 0.0154129 0.00931677 0.000345066 0.00356568 0.00563607 0.00851162 0.0253048 0.0502646 0.0516448 0.0657925 0.0565908 0.0611916 0.0827007 0.0866115 0.110766 0.145733 0.0935128 0.0569358 0.0249597 0.0138026 0.00621118 0.00161031 0.00115022 0 0
 0 0 0 0 0 0 0 0 0 0 0 0 0 0 0 0 0 0 0 0 0 0 0 0 0 0 0 0 0 0 0 0 0 0 0 0
 0.00147267 0.00158595 0.00478618 0.00569244 0.00954404 0.0108468 0.00647125 0.017049 0.0510054 0.094081 0.124002 0.0959785 0.0687766 0.0820023 0.061753 0.0591476 0.0492212 0.0479892 0.0443925 0.0268479 0.0217502 0.0140895 0.0121071 0.0120363 0.00920419 0.00665534 0.0049561 0.00860946 0.00930331 0.0156896 0.0114698 0.00855282 0.00243557 0.00046729 0 2.83206e-05
 0 0 0 0 0.000772559 0.00158375 0.000888443 0.00281984 0.00712685 0.0440552 0.0773331 0.111326 0.0921469 0.0852325 0.0710754 0.0886704 0.0786465 0.0553345 0.0373146 0.0185414 0.00753245 0.00457741 0.012979 0.0271748 0.0457355 0.0583668 0.034881 0.0177882 0.00938659 0.00492506 0.0015258 0.00185414 0.000309023 5.79419e-05 3.86279e-05 0
 0 0.00173294 0.00326652 0 0.00397197 0.00683976 0.00946217 0.0152591 0.00757587 0.0136028 0.0228656 0.0392903 0.0559909 0.0764795 0.0681675 0.0726916 0.0566044 0.0477403 0.0527397 0.0444891 0.0609904 0.0582453 0.0661739 0.0445044 0.0529084 0.0360697 0.0280645 0.0235558 0.0158879 0.00826598 0.00280645 0.00217768 0.000904811 0.00058276 9.20147e-05 0
 0 0 0 0 0 0 0 0 0 0 0 0 0 0 0 0 0 0 0 0 0 0 0 0 0 0 0 0 0 0 0 0 0 0 0 0
 0 0 0 0 0 0 0 0 0 0 0 0 0 0 0 0 0 0 0 0 0 0 0 0 0 0 0 0 0 0 0 0 0 0 0 0
 0 0 0 0 0 0 0 0 0 0 0 0 0 0 0 0 0 0 0 0 0 0 0 0 0 0 0 0 0 0 0 0 0 0 0 0
ppred_pel_tallas
 1.01152e-16 3.36413e-05 0.00019745 0.000938596 0.00361366 0.0112689 0.0284642 0.0582415 0.0965412 0.129651 0.141082 0.124436 0.089056 0.0519349 0.0251327 0.0109486 0.00570511 0.00507434 0.00640385 0.00852733 0.0109646 0.0134224 0.015629 0.0173305 0.0183341 0.0185488 0.0180014 0.0168217 0.0152038 0.013357 0.011464 0.00965573 0.00800713 0.00654742 0.00527726 0.00418461
 1.0138e-16 3.10832e-05 0.000182426 0.000867158 0.00333858 0.010411 0.0262975 0.0538086 0.0891956 0.119793 0.130372 0.115031 0.0824163 0.0482462 0.02369 0.010904 0.00652119 0.00656362 0.00857911 0.0114563 0.014681 0.0178798 0.0206836 0.0227485 0.0238221 0.0238003 0.0227479 0.0208742 0.0184752 0.0158605 0.0132916 0.0109455 0.00890893 0.0071961 0.00577674 0.00460336
 1.02583e-16 2.3899e-05 0.000140239 0.000666574 0.00256625 0.00800251 0.0202139 0.041362 0.0685683 0.092104 0.100277 0.088568 0.0636551 0.0376648 0.0192433 0.0101217 0.00778652 0.00923666 0.0126016 0.0169766 0.0218386 0.0267018 0.0310409 0.0343529 0.0362593 0.0365886 0.0354085 0.0329934 0.0297438 0.0260858 0.0223847 0.0188951 0.0157528 0.0129984 0.0106148 0.00856222
 1.0327e-16 2.82976e-05 0.000166074 0.000789424 0.00303929 0.00947772 0.02394 0.0489849 0.0811996 0.109054 0.118686 0.104721 0.0750333 0.0439324 0.0215896 0.00997321 0.00602742 0.00614497 0.00811362 0.0109473 0.0142068 0.0175799 0.0207501 0.0234085 0.0253069 0.026306 0.0263961 0.0256819 0.0243415 0.022575 0.0205608 0.0184324 0.0162765 0.014146 0.0120778 0.0101057
 1.0275e-16 3.00471e-05 0.000176346 0.000838254 0.0032273 0.010064 0.0254209 0.052015 0.086222 0.115798 0.126023 0.111188 0.0796504 0.0466028 0.0228389 0.0104405 0.0061519 0.0061304 0.00801417 0.0107449 0.0138491 0.0169944 0.019853 0.0221148 0.0235445 0.0240315 0.0236084 0.0224305 0.0207269 0.0187394 0.0166714 0.0146604 0.0127759 0.0110363 0.0094333 0.00795369
 1.03492e-16 2.3135e-05 0.000135754 0.00064525 0.00248414 0.00774648 0.0195672 0.0400388 0.066375 0.0891587 0.0970724 0.0857438 0.0616378 0.0364965 0.0186935 0.00990933 0.00771661 0.00921511 0.0125973 0.0169874 0.0218754 0.0267837 0.031194 0.0346097 0.0366559 0.0371619 0.0361912 0.0340091 0.0310026 0.0275808 0.0240903 0.020768 0.017735 0.0150227 0.0126111 0.0104643
 1.03761e-16 2.77534e-05 0.00016288 0.000774236 0.00298082 0.00929536 0.0234794 0.0480424 0.0796374 0.106956 0.116404 0.10271 0.0735963 0.0431 0.0211975 0.00982148 0.00597753 0.00613079 0.00811455 0.0109642 0.0142508 0.0176682 0.0209053 0.023656 0.0256728 0.0268133 0.0270607 0.0265094 0.0253252 0.0236952 0.0217862 0.0197233 0.0175887 0.0154352 0.0133033 0.0112342
 1.04179e-16 2.42061e-05 0.000142046 0.000675171 0.00259936 0.00810579 0.0204748 0.0418954 0.0694512 0.0932859 0.101553 0.0896707 0.0643938 0.037994 0.0192131 0.00978617 0.00715023 0.00825535 0.0112113 0.0151269 0.0195218 0.0239741 0.0280328 0.0312642 0.0333382 0.0340982 0.0335872 0.0320194 0.029711 0.0269956 0.024153 0.0213707 0.0187426 0.0162928 0.0140104 0.0118796
 1.04305e-16 2.58359e-05 0.000151619 0.000720695 0.00277466 0.00865247 0.0218555 0.0447201 0.0741317 0.0995662 0.108372 0.0956511 0.0685986 0.0402946 0.0200441 0.00966777 0.00640042 0.00696767 0.00935554 0.012649 0.0164083 0.0202873 0.0239233 0.0269615 0.0291205 0.0302471 0.0303399 0.0295293 0.0280286 0.0260713 0.0238601 0.0215399 0.0191968 0.0168757 0.0146033 0.0124068
 1.04535e-16 2.43391e-05 0.000142829 0.000678898 0.00261372 0.00815056 0.0205878 0.0421266 0.0698338 0.0937982 0.102106 0.090148 0.0647126 0.0381341 0.0191958 0.00963446 0.00686614 0.00782075 0.0106012 0.0143246 0.0185316 0.0228301 0.026802 0.0300418 0.0322356 0.0332248 0.0330319 0.0318351 0.0299066 0.0275371 0.0249724 0.0223801 0.019849 0.0174112 0.0150725 0.0128378
 1.06285e-16 1.84352e-05 0.000108162 0.000514075 0.00197908 0.00617147 0.0155889 0.0318989 0.0528833 0.0710431 0.0773678 0.068384 0.0492574 0.0293655 0.0154114 0.00877405 0.00756372 0.0095097 0.0131969 0.0179268 0.0232587 0.0287438 0.0338751 0.0381514 0.0411766 0.0427386 0.0428419 0.0416785 0.0395561 0.0368087 0.033723 0.0304993 0.0272523 0.0240363 0.0208805 0.0178164
 1.08389e-16 1.81791e-05 0.000106665 0.00050697 0.00195175 0.00608626 0.0153736 0.0314578 0.0521503 0.070053 0.0762754 0.0673847 0.0484645 0.0287469 0.0148218 0.0080265 0.00647796 0.00793 0.011003 0.0150554 0.0197342 0.0247055 0.0295869 0.0339855 0.0375677 0.0401179 0.0415642 0.0419619 0.041448 0.0401848 0.0383169 0.0359524 0.0331707 0.030043 0.0266545 0.0231153
 1.06965e-16 2.52504e-05 0.000148186 0.000704386 0.00271188 0.00845671 0.021361 0.043708 0.0724527 0.0973075 0.105905 0.0934508 0.0669723 0.0392425 0.0193419 0.00903486 0.00560542 0.00584809 0.00780423 0.0106105 0.0138913 0.0173827 0.0208135 0.0239122 0.0264534 0.0282962 0.0294015 0.0298163 0.0296395 0.0289793 0.0279226 0.026523 0.0248097 0.0228064 0.0205516 0.0181099
 1.04953e-16 2.59067e-05 0.000152034 0.000722665 0.00278224 0.00867611 0.0219153 0.0448424 0.0743347 0.0998397 0.108672 0.095921 0.0688036 0.0404376 0.0201561 0.0097875 0.00656022 0.00718929 0.00964894 0.0130099 0.0168141 0.0206953 0.024273 0.0271826 0.0291465 0.0300316 0.0298707 0.0288374 0.0271865 0.0251828 0.023042 0.0209009 0.0188191 0.0168022 0.0148341 0.0129035
 1.03082e-16 2.97308e-05 0.000174489 0.000829428 0.00319332 0.00995804 0.0251533 0.0514673 0.0853141 0.114579 0.124696 0.110017 0.0788113 0.0461114 0.0225977 0.0103301 0.0060884 0.00607173 0.00794551 0.0106659 0.0137683 0.0169278 0.0198234 0.0221494 0.0236718 0.0242761 0.0239869 0.0229476 0.0213742 0.019496 0.0175072 0.01554 0.0136633 0.0118986 0.0102439 0.00869303
 1.01935e-16 3.19185e-05 0.000187334 0.000890495 0.00342844 0.0106913 0.0270053 0.0552567 0.0915947 0.123011 0.133866 0.118091 0.0845599 0.049403 0.0240757 0.0107756 0.00602936 0.00574207 0.00739835 0.00987784 0.0126939 0.0155224 0.018052 0.0199919 0.0211255 0.0213563 0.0207263 0.0193959 0.0175965 0.0155714 0.0135259 0.0115987 0.00985901 0.00832147 0.00696961 0.00577731
 1.02258e-16 2.67638e-05 0.000157062 0.000746559 0.00287422 0.00896293 0.0226398 0.0463252 0.0767937 0.103145 0.112278 0.0991212 0.0711377 0.0418869 0.021021 0.0104409 0.00729274 0.00818551 0.011016 0.0147957 0.0190035 0.0231967 0.0269112 0.0297072 0.0312581 0.0314225 0.0302717 0.0280591 0.0251483 0.0219216 0.018703 0.0157135 0.0130642 0.0107788 0.00882851 0.00716495
 1.03e-16 2.71528e-05 0.00015935 0.000757447 0.00291616 0.00909372 0.0229701 0.0470007 0.0779118 0.104642 0.113896 0.100521 0.0720794 0.0423158 0.0210052 0.0100557 0.00655407 0.00705141 0.00942343 0.0127021 0.0164209 0.0202151 0.023706 0.0265273 0.0283929 0.0291559 0.0288317 0.0275783 0.0256429 0.0232954 0.0207715 0.0182419 0.0158075 0.0135162 0.0113866 0.00942757
 1.03369e-16 2.69513e-05 0.000158167 0.000751822 0.0028945 0.00902619 0.0227995 0.0466517 0.0773335 0.103866 0.113052 0.0997797 0.0715556 0.0420232 0.0208874 0.0100445 0.00660475 0.00714581 0.00955786 0.012876 0.0166303 0.0204501 0.0239507 0.0267625 0.0286007 0.0293243 0.0289597 0.0276774 0.0257363 0.0234134 0.0209455 0.0184967 0.0161565 0.0139579 0.0119054 0.00999708
 1.02615e-16 3.10723e-05 0.000182366 0.000866882 0.00333753 0.0104078 0.0262892 0.0537914 0.0891658 0.119749 0.130315 0.114958 0.0823138 0.048086 0.023426 0.0104733 0.00584836 0.00556857 0.00719161 0.00963625 0.0124409 0.0153028 0.0179306 0.0200474 0.0214403 0.0220032 0.0217547 0.0208207 0.019393 0.0176768 0.0158477 0.0140276 0.0122827 0.0106379 0.00909697 0.00765923
 1.02369e-16 2.87302e-05 0.00016861 0.00080147 0.00308566 0.0096223 0.0243053 0.0497326 0.0824401 0.110723 0.120512 0.106354 0.0762498 0.0447381 0.0221578 0.0105207 0.0067351 0.0071405 0.009477 0.0127087 0.0163329 0.0199598 0.0231923 0.0256559 0.0270717 0.0273175 0.0264506 0.0246821 0.022315 0.0196674 0.0170071 0.0145151 0.0122806 0.0103209 0.00861211 0.00711704
 1.02607e-16 2.8346e-05 0.000166355 0.000790753 0.0030444 0.00949363 0.0239802 0.0490675 0.0813374 0.109242 0.118898 0.104926 0.0752173 0.0441159 0.0218197 0.0103121 0.00654203 0.00689971 0.00916103 0.0123142 0.0158779 0.0194847 0.0227591 0.0253422 0.0269595 0.0274782 0.0269307 0.0254921 0.0234257 0.0210137 0.0184991 0.0160525 0.0137683 0.0116809 0.00979123 0.00808877
 1.02378e-16 3.05858e-05 0.000179509 0.000853293 0.00328521 0.0102446 0.0258771 0.0529482 0.0877687 0.117874 0.128279 0.113173 0.0810587 0.0473993 0.0231781 0.0105093 0.00607403 0.00595724 0.00775433 0.0103922 0.0133978 0.0164466 0.0192201 0.0214167 0.022806 0.0232766 0.0228558 0.0216898 0.0199982 0.0180155 0.0159423 0.0139182 0.0120188 0.0102705 0.00867277 0.00721756
 1.02426e-16 2.84035e-05 0.000166692 0.000792349 0.00305054 0.00951278 0.0240286 0.0491666 0.081502 0.109464 0.119142 0.105148 0.0753912 0.0442466 0.0219373 0.0104548 0.00674533 0.0071926 0.00956411 0.0128358 0.0165088 0.0201932 0.0234905 0.026023 0.0275078 0.027818 0.027006 0.025278 0.0229331 0.0202868 0.0176063 0.0150739 0.0127821 0.0107535 0.00896975 0.0073997
 1.04745e-16 1.65481e-05 9.70753e-05 0.00046135 0.00177605 0.00553831 0.0139897 0.0286274 0.047463 0.0637718 0.0694763 0.0614731 0.0444194 0.0267617 0.0145574 0.00909347 0.00872212 0.0114376 0.015968 0.0216343 0.0279309 0.0342937 0.0400793 0.0446599 0.0475532 0.0485246 0.0476276 0.0451655 0.0415955 0.0374082 0.0330259 0.0287453 0.0247305 0.0210429 0.0176864 0.0146462
pSPR Fmed_Fpbrs
0.756753   0.332722 0.332722
Fs Fmed_Fpbrs
0.168214   1.005 1.005
SSBpbr Bo_Bmed_Bpbrs
1.59319e+06  1.12599e+06  450431 450431
Ro
67507.9
SPR SPRFo_SPRFmed_SPRFpbrs
1.38646e+06 1.04921e+06 461307
log_Ro
10.94
likeval ReclasPelacesDesembMPH_pf_preclas_ppelaces_ptallas_desvR_qrecl_qpela
 63.5996 24.0935 0.0362047 0.00167666 320.216 203.303 78.6376 0 16.4439 0.000111385 0 0 0 0 0
q_reclas_q_pelaces
0.22413 1
M
0.7
N
 75207.2 19472.9 7255.94 856.591 0.443379
 95307.6 35005.1 7025.79 2617.93 309.216
 61619.2 45128.1 13744.8 2758.68 1149.34
 91306.6 28699.8 16336 4975.5 1414.67
 151143 44812.8 13450.7 7656.2 2994.88
 112443 74866.3 21978.4 6596.89 5223.8
 168576 54388.4 32654.7 9586.37 5155.87
 143992 82350.6 24909.7 14955.7 6751.88
 157664 69157.5 34686.4 10492 9143.31
 141952 75286.9 28310 14199.1 8037.83
 68983.9 68133.5 31610.3 11886.4 9336.48
 41314.4 31752.1 23265.4 10793.9 7246.92
 42630.9 19106.5 11098.5 8132.08 6305.91
 24844.1 18940.8 5480.32 3183.37 4141.24
 20273.4 10190.5 3663.03 1059.86 1416.54
 26679.4 8523.02 2225.3 799.893 540.768
 22896.8 12420.1 3077.79 803.589 484.133
 26065 10858.2 4913.68 1217.65 509.453
 29697.3 12551.5 4632.96 2096.56 736.915
 52372.9 14369.1 5483.16 2023.93 1237.81
 65386.9 25317.4 6248.75 2384.49 1418.45
 85161.3 32059.9 11807.8 2914.36 1773.66
 140016 41579.9 14644.9 5393.79 2141.48
 169677 68154 18709.2 6589.6 3390.56
 72584.4 82672.9 30815.4 8459.28 4512.47
pred_Ctot
 3404 3900.28 1453.31 171.569 0.0888054
 3195.18 5340.72 1071.92 399.416 47.177
 2760.94 8957.62 2728.24 547.578 228.137
 766.147 1164.16 662.644 201.823 57.3839
 273.7 398.578 119.635 68.0965 26.6373
 2101.81 6599.3 1937.35 581.501 460.467
 1973.69 3053.8 1833.5 538.256 289.492
 3405.54 9075.89 2745.3 1648.27 744.127
 4364.04 8834.39 4430.94 1340.28 1167.99
 3421.23 8446.33 3176.06 1592.97 901.753
 3642.75 15638.1 7255.25 2728.18 2142.92
 2049.84 6899.61 5055.49 2345.48 1574.73
 3248.99 5988.6 3478.62 2548.85 1976.47
 3143.31 8768.78 2537.15 1473.77 1917.22
 2258.31 4300.82 1545.95 447.304 597.836
 1204.32 1703.02 444.647 159.83 108.053
 743.451 1839.92 455.947 119.044 71.7199
 568.766 1108.97 501.842 124.36 52.0313
 548.511 1093.82 403.747 182.708 64.2197
 1001.18 1294.02 493.793 182.267 111.473
 594.605 1111.08 274.232 104.646 62.25
 1029.09 1856.23 683.658 168.738 102.693
 1994.93 2823.75 994.556 366.3 145.431
 2299.7 4410.22 1210.67 426.411 219.402
 961.978 5235.03 1951.3 535.66 285.739
F
 0.0647533 0.319438 0.319438 0.319438 0.319438
 0.0476036 0.234836 0.234836 0.234836 0.234836
 0.0640833 0.316133 0.316133 0.316133 0.316133
 0.0117282 0.0578571 0.0578571 0.0578571 0.0578571
 0.00252083 0.0124356 0.0124356 0.0124356 0.0124356
 0.0262949 0.129717 0.129717 0.129717 0.129717
 0.0163984 0.0808956 0.0808956 0.0808956 0.0808956
 0.0333739 0.164638 0.164638 0.164638 0.164638
 0.0391581 0.193173 0.193173 0.193173 0.193173
 0.0340193 0.167823 0.167823 0.167823 0.167823
 0.0759152 0.374501 0.374501 0.374501 0.374501
 0.0711818 0.351151 0.351151 0.351151 0.351151
 0.111261 0.548866 0.548866 0.548866 0.548866
 0.191161 0.943026 0.943026 0.943026 0.943026
 0.16654 0.821569 0.821569 0.821569 0.821569
 0.0645752 0.318559 0.318559 0.318559 0.318559
 0.0460744 0.227292 0.227292 0.227292 0.227292
 0.0307565 0.151727 0.151727 0.151727 0.151727
 0.0259787 0.128157 0.128157 0.128157 0.128157
 0.0268987 0.132695 0.132695 0.132695 0.132695
 0.012716 0.0627297 0.0627297 0.0627297 0.0627297
 0.016929 0.0835131 0.0835131 0.0835131 0.0835131
 0.0199872 0.0985999 0.0985999 0.0985999 0.0985999
 0.0190048 0.0937537 0.0937537 0.0937537 0.0937537
 0.0185804 0.09166 0.09166 0.09166 0.09166
nmprior
 10.6 11 7 0
nm_flota  nm_reclas  nm_pelaces    nm_pelaL
inf 12.3145 21.4014 53.6506
cv_recla  cv_pelaces  cv_mph
0.72136 0.556573 1.3285
 ------------------------------------------------
Talla a la edad & desviación 
 7.2 14.2025 17.0495 18.207 18.6776
 1.08 2.13037 2.55742 2.73105 2.80164
