years
 1997 1998 1999 2000 2001 2002 2003 2004 2005 2006 2007 2008 2009 2010 2011 2012 2013 2014 2015 2016 2017 2018 2019 2020 2021
reclasobs
 0 0 0 370054 412103 1.49427e+06 250295 1.28982e+06 931140 785840 897777 1.04006e+06 184774 17550 25797 100020 73551 82996 120727 218422 84188 347160 605670 569463 516374
reclaspred
 366716 99261.1 295793 222229 342302 409278 911904 617436 703647 652301 516716 346821 213319 99021.7 69876.8 71860.9 90228.2 122479 127340 185980 272157 247899 430488 541612 559676
pelacesobs
 0 0 0 0 0 0 0 0 0 2.06254e+06 1.5e+06 0 1.87456e+06 323000 250000 174000 83755 137374 0 501740 490994 745055 786931 1.00524e+06 1.33801e+06
pelacespred
 990394 235946 439645 498639 659200 659604 1.68526e+06 1.40932e+06 1.42815e+06 1.335e+06 953910 661297 405237 156752 108873 119879 157200 215993 231844 328176 533159 475294 651024 972898 1.03701e+06
mphobs
 0 0 0 0 0 112323 0 153150 637223 0 255016 313432 73983 77613 109348 50772 0 0 0 0 0 0 0 0 0
mphpred
 137575 81422.6 98419.4 118253 131642 213847 323181 384928 334958 346546 331676 234451 144351 76374.8 36906.4 32016.9 39162.7 54093.8 66528 75417.5 115540 137638 171879 245404 318301
desembarqueobs
 350755 77701 442110 56441 14545 235359 269955 359681 431902 328805 639364 411747 362871 311530 167758 66681 60226 58785 57116 73181 50977 67692 138656 160484 209506
desembarquepred
 350759 77699.3 442086 56441.8 14545.1 235393 269981 359674 431919 328814 639530 411965 363162 311929 167783 66690 60243.4 58785.2 57111.4 73178.1 50976.8 67685.7 138653 160484 209502
Reclutas
 47042 61212.9 35851.4 61544.6 106882 75655.2 123337 118579 147779 148336 68034.2 39864.3 43137.3 23465.9 18133.8 22342.2 18224.7 20174 22300.3 42629.5 52877.3 66684.8 109536 126558 42908.2
log_desv_Rt
 -0.121204 0.142113 -0.392861 0.147517 0.699476 0.353941 0.842678 0.803331 1.02347 1.02724 0.247766 -0.286763 -0.207857 -0.816698 -1.07447 -0.865768 -1.06947 -0.967849 -0.867643 -0.219697 -0.00426968 0.227733 0.724007 0.868455 -0.213181
SSB
 650809 385177 465583 559406 622746 1.01162e+06 1.52884e+06 1.82094e+06 1.58455e+06 1.63937e+06 1.56903e+06 1.10909e+06 682866 361298 174589 151459 185263 255896 314717 356770 546572 651108 813091 1.16091e+06 1.50575e+06
BT
 2.0572e+06 554565 1.02962e+06 952767 1.1916e+06 1.3663e+06 3.20153e+06 2.93148e+06 2.95255e+06 2.70761e+06 2.28638e+06 1.5639e+06 1.08338e+06 581490 337848 269839 330878 433825 464498 647510 996143 914736 1.26126e+06 1.87396e+06 2.02779e+06
Ftot
 0.464755 0.402435 0.604785 0.117621 0.0217663 0.207176 0.129868 0.252091 0.278078 0.215727 0.435215 0.402669 0.641323 1.12508 1.06095 0.419827 0.299763 0.204209 0.175283 0.184605 0.0831091 0.108793 0.13005 0.125336 0.126795
BD_Bspro_t
 0.942791 0.735509 0.689296 0.55661 0.700888 0.832404 0.80169 0.810168 0.762294 0.732291 0.702014 0.553581 0.439681 0.328892 0.211634 0.225567 0.337598 0.499573 0.606638 0.686591 0.785592 0.850618 0.855297 0.859401 0.857999
BD_Bspro
 0.596728 0.35317 0.426893 0.51292 0.570996 0.927558 1.4018 1.66962 1.45288 1.50314 1.43864 1.01693 0.626121 0.331275 0.160081 0.138873 0.169867 0.234631 0.288564 0.327123 0.501153 0.597002 0.745524 1.06443 1.38062
BD_Bo
 0.517042 0.306008 0.369886 0.444426 0.494746 0.803693 1.2146 1.44666 1.25886 1.30241 1.24653 0.881129 0.542509 0.287037 0.138704 0.120328 0.147184 0.203299 0.25003 0.283439 0.434229 0.517279 0.645968 0.922292 1.19626
BD_Brms
 1.79183 1.06049 1.28186 1.54018 1.71457 2.78524 4.20926 5.01347 4.36265 4.51358 4.31991 3.05359 1.88009 0.99474 0.480686 0.417002 0.510072 0.704542 0.866491 0.982273 1.50484 1.79266 2.23863 3.19625 4.14569
S_f
 0.183404 1 1 1 1
 0.183404 1 1 1 1
 0.183404 1 1 1 1
 0.183404 1 1 1 1
 0.183404 1 1 1 1
 0.183404 1 1 1 1
 0.183404 1 1 1 1
 0.183404 1 1 1 1
 0.183404 1 1 1 1
 0.183404 1 1 1 1
 0.183404 1 1 1 1
 0.183404 1 1 1 1
 0.183404 1 1 1 1
 0.183404 1 1 1 1
 0.183404 1 1 1 1
 0.183404 1 1 1 1
 0.183404 1 1 1 1
 0.183404 1 1 1 1
 0.183404 1 1 1 1
 0.183404 1 1 1 1
 0.183404 1 1 1 1
 0.183404 1 1 1 1
 0.183404 1 1 1 1
 0.183404 1 1 1 1
 0.183404 1 1 1 1
Scru_reclas
 1 1 1 1 1
 1 1 1 1 1
 1 1 1 1 1
 1 1 1 1 1
 1 1 1 1 1
 1 1 1 1 1
 1 1 1 1 1
 1 1 1 1 1
 1 1 1 1 1
 1 1 1 1 1
 1 1 1 1 1
 1 1 1 1 1
 1 1 1 1 1
 1 1 1 1 1
 1 1 1 1 1
 1 1 1 1 1
 1 1 1 1 1
 1 1 1 1 1
 1 1 1 1 1
 1 1 1 1 1
 1 1 1 1 1
 1 1 1 1 1
 1 1 1 1 1
 1 1 1 1 1
 1 1 1 1 1
Scru_pelaces
 1 1 1 1 1
 1 1 1 1 1
 1 1 1 1 1
 1 1 1 1 1
 1 1 1 1 1
 1 1 1 1 1
 1 1 1 1 1
 1 1 1 1 1
 1 1 1 1 1
 1 1 1 1 1
 1 1 1 1 1
 1 1 1 1 1
 1 1 1 1 1
 1 1 1 1 1
 1 1 1 1 1
 1 1 1 1 1
 1 1 1 1 1
 1 1 1 1 1
 1 1 1 1 1
 1 1 1 1 1
 1 1 1 1 1
 1 1 1 1 1
 1 1 1 1 1
 1 1 1 1 1
 1 1 1 1 1
pf_obs 
 0.256992 0.487395 0.22802 0.0275931 0
 0.321318 0.546541 0.124235 0.00734118 0.000564706
 0.182869 0.594174 0.210203 0.0122559 0.00049798
 0.330522 0.361315 0.267642 0.0388342 0.00168674
 0.649043 0.306663 0.0425973 0.00169635 0
 0.582887 0.30429 0.105238 0.00758474 0
 0.465427 0.430635 0.0974691 0.00646863 0
 0.296916 0.608066 0.0921331 0.00288517 0
 0.311714 0.524322 0.152257 0.0117073 0
 0.15457 0.633149 0.183074 0.0267441 0.00246327
 0.131901 0.49318 0.331252 0.0422183 0.00144891
 0.196976 0.569456 0.194076 0.0375587 0.00193317
 0.518974 0.381816 0.0799577 0.0180837 0.00116848
 0.0928022 0.601141 0.25162 0.0475244 0.00691264
 0.122501 0.610282 0.24278 0.0234846 0.000952079
 0.383417 0.481906 0.127806 0.00687128 0
 0.0376549 0.599619 0.316969 0.0457579 0
 0.0361596 0.667082 0.258105 0.0386534 0
 0.158088 0.579412 0.248529 0.0139706 0
 0.0477256 0.309471 0.559284 0.082774 0.000745712
 0.0406174 0.521527 0.379366 0.0568643 0.0016247
 0.151134 0.462217 0.34131 0.0453401 0
 0.294876 0.26143 0.354403 0.0886775 0.000613685
 0.281977 0.475581 0.204845 0.0348837 0.00271318
 0.0354234 0.537034 0.353287 0.0723622 0.0018943
pf_pred 
 0.325343 0.47421 0.179068 0.0213676 1.12139e-05
 0.315431 0.5245 0.112511 0.0424858 0.00507234
 0.176879 0.619222 0.156223 0.0335116 0.0141652
 0.310701 0.420595 0.202142 0.0509982 0.0155639
 0.322848 0.48876 0.114953 0.0552476 0.0181921
 0.169778 0.601228 0.165285 0.0388738 0.0248352
 0.265217 0.404903 0.238892 0.0656742 0.0253141
 0.211791 0.533072 0.140593 0.0829498 0.0315936
 0.248491 0.467646 0.191979 0.0506328 0.0412513
 0.220609 0.524066 0.158882 0.0652246 0.0312176
 0.1143 0.558366 0.220101 0.0667286 0.0405045
 0.111013 0.41213 0.300621 0.118501 0.0577337
 0.19422 0.363805 0.204897 0.149459 0.0876181
 0.171759 0.531199 0.134112 0.075533 0.0873956
 0.246765 0.500515 0.162084 0.0409216 0.0497143
 0.324353 0.507695 0.111602 0.0361407 0.0202095
 0.215744 0.597126 0.140614 0.0309098 0.015607
 0.227143 0.489285 0.21591 0.0508432 0.0168196
 0.223408 0.495377 0.178033 0.0785616 0.02462
 0.328923 0.422619 0.158488 0.0569587 0.0330113
 0.266519 0.545928 0.118114 0.0442942 0.0251448
 0.248618 0.505688 0.182869 0.0395643 0.0232599
 0.297965 0.459675 0.163111 0.058985 0.0202642
 0.245163 0.53649 0.142968 0.050731 0.0246481
 0.0804091 0.599856 0.227247 0.0605588 0.0319292
pobs_RECLAS
 0 0 0 0 0
 0 0 0 0 0
 0 0 0 0 0
 0 0 0 0 0
 0.835266 0.146461 0.0176864 0.000547809 3.91292e-05
 0.385257 0.428462 0.181853 0.0044286 0
 0.867414 0.0963971 0.0333333 0.00285562 0
 0.441836 0.489002 0.0689373 0.000224442 0
 0.779404 0.147425 0.0564933 0.0165055 0.000172143
 0.814271 0.122319 0.05973 0.00367925 0
 0.40263 0.566651 0.0304383 0.000280538 0
 0.475488 0.404961 0.113038 0.00651328 0
 0.955842 0.0263864 0.0167828 0.000988607 0
 0.975058 0.0227948 0.00214734 0 0
 0.738997 0.206755 0.0527124 0.00153531 0
 0.850938 0.134255 0.0134407 0.00136685 0
 0.542534 0.407297 0.0501686 0 0
 0.764087 0.199537 0.0359546 0.000420521 0
 0.470689 0.182191 0.310203 0.0369168 0
 0.84361 0.089868 0.0606195 0.00523954 0.000663233
 0.607945 0.314616 0.071237 0.00620181 0
 0.523733 0.453247 0.0230204 0 0
 0.530135 0.295979 0.169645 0.0042399 0
 0.562478 0.366248 0.0663022 0.0049721 0
 0.250443 0.683176 0.0655157 0.000865301 0
ppred_RECLAS
 0.730484 0.18944 0.0715353 0.00853605 4.47978e-06
 0.720415 0.214211 0.0459507 0.0173516 0.00207159
 0.550113 0.338443 0.0853854 0.0183162 0.00774219
 0.712041 0.175706 0.0844461 0.0213048 0.0065019
 0.722399 0.200369 0.0471254 0.0226489 0.00745792
 0.530046 0.34033 0.0935608 0.0220049 0.0140582
 0.664593 0.184826 0.109047 0.0299783 0.0115552
 0.597797 0.272013 0.0717414 0.0423272 0.0161215
 0.646924 0.219711 0.090196 0.0237885 0.0193808
 0.609677 0.262455 0.0795693 0.0326649 0.0156339
 0.419805 0.365768 0.144181 0.0437118 0.0265332
 0.411191 0.272969 0.199113 0.0784877 0.0382392
 0.579182 0.189997 0.107008 0.0780548 0.0457585
 0.555763 0.284915 0.0719328 0.040513 0.0468757
 0.662178 0.224478 0.0726939 0.0183531 0.0222966
 0.728872 0.203731 0.0447843 0.0145028 0.00810978
 0.604221 0.301343 0.0709613 0.0155988 0.00787615
 0.618415 0.241576 0.106602 0.025103 0.0083044
 0.612927 0.246909 0.0887361 0.0391571 0.0122713
 0.729691 0.170231 0.0638387 0.0229429 0.0132969
 0.665501 0.248967 0.053865 0.0202001 0.0114671
 0.644666 0.239144 0.0864802 0.0187103 0.0109998
 0.699698 0.19663 0.0697724 0.0252313 0.00866817
 0.640612 0.25543 0.0680691 0.0241537 0.0117353
 0.324292 0.440769 0.16698 0.0444981 0.0234614
pobs_PELACES
 0 0 0 0 0
 0 0 0 0 0
 0 0 0 0 0
 0 0 0 0 0
 0 0 0 0 0
 0 0 0 0 0
 0 0 0 0 0
 0 0 0 0 0
 0 0 0 0 0
 0 0 0 0 0
 0.450072 0.473896 0.0757376 0.000293798 0
 0 0 0 0 0
 0.463077 0.371075 0.160297 0.00555027 0
 0.529543 0.364841 0.0842815 0.0213345 0
 0.631943 0.363953 0.00410389 0 0
 0.735681 0.248677 0.0153453 0.000297389 0
 0.695825 0.281241 0.0229344 0 0
 0.275771 0.60734 0.115278 0.00161068 0
 0 0 0 0 0
 0.896147 0.0623911 0.0374545 0.00400742 0
 0.803859 0.145111 0.0509908 3.86294e-05 0
 0.739449 0.233085 0.0266225 0.000797448 4.60066e-05
 0.878498 0.100942 0.0204185 0.000141795 0
 0.694673 0.275183 0.0284847 0.00165964 0
 0.469039 0.446079 0.0841089 0.000773354 0
ppred_PELACES
 0.754419 0.172617 0.0651825 0.00777799 4.08195e-06
 0.741728 0.197881 0.0424478 0.0160289 0.00191368
 0.590033 0.308412 0.0778088 0.0166909 0.0070552
 0.718496 0.171767 0.0825532 0.0208272 0.00635616
 0.723574 0.199521 0.046926 0.0225531 0.00742636
 0.543926 0.330279 0.0907975 0.021355 0.013643
 0.672349 0.180553 0.106526 0.0292851 0.011288
 0.614016 0.261044 0.0688483 0.0406203 0.0154713
 0.663846 0.209181 0.0858732 0.0226484 0.018452
 0.623419 0.253215 0.0767678 0.0315148 0.0150835
 0.448609 0.34761 0.137023 0.0415418 0.025216
 0.437692 0.260683 0.190151 0.0749552 0.0365181
 0.620633 0.171282 0.0964671 0.0703663 0.0412512
 0.628822 0.238058 0.0601028 0.0338503 0.0391665
 0.722905 0.184126 0.0596265 0.015054 0.0182885
 0.750643 0.187372 0.0411884 0.0133383 0.00745861
 0.623367 0.286765 0.0675286 0.0148442 0.00749515
 0.631313 0.23341 0.102998 0.0242545 0.00802369
 0.624071 0.2398 0.0861812 0.0380297 0.0119179
 0.73939 0.164122 0.061548 0.0221196 0.0128198
 0.670467 0.24527 0.0530651 0.0199001 0.0112968
 0.651352 0.234644 0.0848528 0.0183582 0.0107928
 0.70701 0.191842 0.0680735 0.024617 0.00845712
 0.64835 0.24993 0.0666034 0.0236336 0.0114826
 0.331823 0.435856 0.165118 0.0440021 0.0231999
pobs_pel_tallas
 0 0 0 0 0 0 0 0 0 0 0 0 0 0 0 0 0 0 0 0 0 0 0 0 0 0 0 0 0 0 0 0 0 0 0 0
 0 0 0 0 0 0 0 0 0 0 0 0 0 0 0 0 0 0 0 0 0 0 0 0 0 0 0 0 0 0 0 0 0 0 0 0
 0 0 0 0 0 0 0 0 0 0 0 0 0 0 0 0 0 0 0 0 0 0 0 0 0 0 0 0 0 0 0 0 0 0 0 0
 0 0 0 0 0 0 0 0 0 0 0 0 0 0 0 0 0 0 0 0 0 0 0 0 0 0 0 0 0 0 0 0 0 0 0 0
 0 0 0 0 0 0 0 0 0 0 0 0 0 0 0 0 0 0 0 0 0 0 0 0 0 0 0 0 0 0 0 0 0 0 0 0
 0 0 0 0 0 0 0 0 0 0 0 0 0 0 0 0 0 0 0 0 0 0 0 0 0 0 0 0 0 0 0 0 0 0 0 0
 0 0 0 0 0 0 0 0 0 0 0 0 0 0 0 0 0 0 0 0 0 0 0 0 0 0 0 0 0 0 0 0 0 0 0 0
 0 0 0 0 0 0 0 0 0 0 0 0 0 0 0 0 0 0 0 0 0 0 0 0 0 0 0 0 0 0 0 0 0 0 0 0
 0 0 0 0 0 0 0 0 0 0 0 0 0 0 0 0 0 0 0 0 0 0 0 0 0 0 0 0 0 0 0 0 0 0 0 0
 0 0 0 0 0 0 0 0 0 0 0 0 0 0 0 0 0 0 0 0 0 0 0 0 0 0 0 0 0 0 0 0 0 0 0 0
 0 0 0 0 0 0 0 0 1.78061e-05 0.00172719 0.00360574 0.0105946 0.0120993 0.0124554 0.0147524 0.0171206 0.0266825 0.0428682 0.0675386 0.121331 0.153587 0.119568 0.100827 0.0573624 0.0630603 0.0341343 0.0324427 0.0444173 0.0211091 0.0280891 0.0125444 0.00206551 0 0 0 0
 0 0 0 0 0 0 0 0 0 0 0 0 0 0 0 0 0 0 0 0 0 0 0 0 0 0 0 0 0 0 0 0 0 0 0 0
 0 0 0 0 0 0 0.0133647 0.0140871 0.0187388 0.0205184 0.03894 0.0496705 0.03968 0.0493445 0.0407372 0.0367815 0.0215668 0.0243155 0.0234873 0.0199281 0.019796 0.0243948 0.0301388 0.0376714 0.0412746 0.0863199 0.0771752 0.113111 0.0741005 0.0525337 0.0229764 0.00759418 0.00175318 0 0 0
 0 0 0 0 0 0 0 0 0 0 0.00219441 0.00772107 0.0458388 0.0604681 0.0671733 0.0775358 0.0609151 0.0617685 0.073594 0.0568108 0.0755445 0.0548602 0.0670107 0.0636378 0.0643287 0.046367 0.0373049 0.0286899 0.0247887 0.0153202 0.00654259 0.00121912 0.000365735 0 0 0
 0 0 0 0 0 0 0 0 0 0 0 0 0.000112435 0.00938835 0.0111873 0.0202946 0.0414886 0.0713402 0.111592 0.104902 0.108894 0.110636 0.117776 0.105296 0.107544 0.0401394 0.0192827 0.0124803 0.00416011 0.0028671 0.000618394 0 0 0 0 0
 0 0 0 0 0 0 0 0 0 0 0.00291406 0.0102884 0.027416 0.0768956 0.0749926 0.110853 0.0956884 0.0897413 0.0766577 0.0534642 0.0500743 0.0551293 0.0594112 0.0620874 0.0668451 0.0424026 0.0208742 0.0120726 0.0048766 0.00582813 0.00118941 0.000297354 0 0 0 0
 0 0.00264628 0.0354308 0.0461629 0.0458689 0.0383711 0.0214643 0.0164657 0.0346957 0.0420465 0.0363128 0.0245516 0.0311673 0.0291091 0.0169068 0.0133784 0.00837989 0.0085269 0.0148486 0.0160247 0.0276389 0.0546898 0.0760071 0.122758 0.109233 0.0665981 0.0333725 0.0166128 0.00676272 0.00308733 0.000882094 0 0 0 0 0
 0 0 0 0 0 0 0 0.000805153 0.000690131 0.00759144 0.0133425 0.0154129 0.00931677 0.000345066 0.00356568 0.00563607 0.00851162 0.0253048 0.0502646 0.0516448 0.0657925 0.0565908 0.0611916 0.0827007 0.0866115 0.110766 0.145733 0.0935128 0.0569358 0.0249597 0.0138026 0.00621118 0.00161031 0.00115022 0 0
 0 0 0 0 0 0 0 0 0 0 0 0 0 0 0 0 0 0 0 0 0 0 0 0 0 0 0 0 0 0 0 0 0 0 0 0
 0.00147267 0.00158595 0.00478618 0.00569244 0.00954404 0.0108468 0.00647125 0.017049 0.0510054 0.094081 0.124002 0.0959785 0.0687766 0.0820023 0.061753 0.0591476 0.0492212 0.0479892 0.0443925 0.0268479 0.0217502 0.0140895 0.0121071 0.0120363 0.00920419 0.00665534 0.0049561 0.00860946 0.00930331 0.0156896 0.0114698 0.00855282 0.00243557 0.00046729 0 2.83206e-05
 0 0 0 0 0.000772559 0.00158375 0.000888443 0.00281984 0.00712685 0.0440552 0.0773331 0.111326 0.0921469 0.0852325 0.0710754 0.0886704 0.0786465 0.0553345 0.0373146 0.0185414 0.00753245 0.00457741 0.012979 0.0271748 0.0457355 0.0583668 0.034881 0.0177882 0.00938659 0.00492506 0.0015258 0.00185414 0.000309023 5.79419e-05 3.86279e-05 0
 0 0.00173294 0.00326652 0 0.00397197 0.00683976 0.00946217 0.0152591 0.00757587 0.0136028 0.0228656 0.0392903 0.0559909 0.0764795 0.0681675 0.0726916 0.0566044 0.0477403 0.0527397 0.0444891 0.0609904 0.0582453 0.0661739 0.0445044 0.0529084 0.0360697 0.0280645 0.0235558 0.0158879 0.00826598 0.00280645 0.00217768 0.000904811 0.00058276 9.20147e-05 0
 0 0 0 0 0 0 0 0 0 0 0 0 0 0 0 0 0 0 0 0 0 0 0 0 0 0 0 0 0 0 0 0 0 0 0 0
 0 0 0 0 0 0 0 0 0 0 0 0 0 0 0 0 0 0 0 0 0 0 0 0 0 0 0 0 0 0 0 0 0 0 0 0
 0 0 0 0 0 0 0 0 0 0 0 0 0 0 0 0 0 0 0 0 0 0 0 0 0 0 0 0 0 0 0 0 0 0 0 0
ppred_pel_tallas
 1.0125e-16 3.2916e-05 0.000193191 0.000918343 0.00353567 0.0110257 0.02785 0.0569847 0.0944585 0.126855 0.138044 0.121764 0.087163 0.050869 0.0246882 0.0108771 0.00584456 0.00536154 0.00683414 0.00911639 0.0117264 0.0143581 0.0167229 0.0185495 0.0196318 0.019872 0.0192979 0.0180474 0.0163268 0.014359 0.0123386 0.0104054 0.00863954 0.00707283 0.00570671 0.00452919
 1.01308e-16 3.23636e-05 0.000189946 0.00090291 0.00347624 0.0108403 0.0273819 0.0560271 0.092872 0.124727 0.135734 0.119742 0.085747 0.050107 0.024438 0.0109693 0.00617954 0.00591582 0.00762411 0.0101618 0.0130255 0.0158745 0.0183807 0.0202397 0.0212277 0.0212505 0.0203628 0.0187464 0.0166593 0.0143721 0.0121138 0.0100395 0.00822624 0.00668804 0.00540068 0.00432525
 1.02109e-16 2.57535e-05 0.000151128 0.000718345 0.00276558 0.00862414 0.0217841 0.0445745 0.0738925 0.0992516 0.108047 0.0954057 0.0685128 0.0404251 0.0204428 0.0104096 0.0075947 0.00874572 0.0118399 0.0159129 0.020433 0.0249291 0.0289006 0.0318725 0.0334921 0.0336068 0.0322949 0.0298323 0.0266146 0.0230595 0.0195221 0.0162463 0.013357 0.010883 0.00879429 0.00703752
 1.02241e-16 3.13496e-05 0.000183995 0.000874623 0.00336734 0.0105007 0.026524 0.0542718 0.0899618 0.120817 0.131476 0.115977 0.0830342 0.0484875 0.0235857 0.0104843 0.00577088 0.00542582 0.00698624 0.00936606 0.0121081 0.0149183 0.0175144 0.0196261 0.0210421 0.0216513 0.0214612 0.020583 0.0191935 0.0174871 0.015635 0.0137619 0.0119441 0.0102201 0.00860804 0.00711923
 1.01854e-16 3.1572e-05 0.000185298 0.000880816 0.00339117 0.0105751 0.0267118 0.0546561 0.0905996 0.121676 0.132415 0.116819 0.0836636 0.0489093 0.0238911 0.0107877 0.00616851 0.00598644 0.00775299 0.0103542 0.0132968 0.0162428 0.0188645 0.0208561 0.0219905 0.0221688 0.0214392 0.0199754 0.018026 0.0158521 0.013673 0.0116368 0.0098163 0.00822523 0.00684321 0.00563883
 1.02768e-16 2.37439e-05 0.000139328 0.000662242 0.00254956 0.00795049 0.0200825 0.0410932 0.0681228 0.0915062 0.0996273 0.0879983 0.0632536 0.0374433 0.0191596 0.0101249 0.00784463 0.0093384 0.012747 0.0171678 0.0220741 0.0269737 0.0313345 0.0346484 0.0365349 0.0368254 0.035595 0.0331279 0.0298353 0.0261519 0.0224475 0.0189759 0.0158682 0.013157 0.0108164 0.00879891
 1.03105e-16 2.93377e-05 0.000172182 0.000818465 0.00315111 0.00982643 0.0248208 0.0507869 0.084186 0.113063 0.123043 0.108552 0.0777482 0.0454617 0.0222286 0.0100786 0.00583194 0.00574004 0.0075067 0.0101166 0.013133 0.0162612 0.0192088 0.0216908 0.0234776 0.0244388 0.0245628 0.0239427 0.0227393 0.0211341 0.0192893 0.0173271 0.0153281 0.0133426 0.011407 0.00955547
 1.03182e-16 2.67973e-05 0.000157261 0.00074751 0.00287789 0.00897438 0.0226687 0.0463842 0.0768906 0.103273 0.112412 0.0992257 0.0711832 0.0418545 0.0208957 0.0102002 0.00690177 0.00760065 0.0101948 0.0137105 0.0176552 0.0216263 0.0252052 0.0279933 0.0296912 0.0301628 0.0294595 0.0277933 0.0254716 0.0228175 0.0201016 0.0175058 0.0151194 0.0129612 0.0110123 0.00924467
 1.02928e-16 2.8968e-05 0.00017001 0.00080813 0.00311131 0.0097023 0.0245073 0.0501457 0.0831239 0.111639 0.1215 0.107207 0.0768196 0.0449888 0.0221274 0.0102506 0.0062293 0.00636707 0.00839198 0.011283 0.0145754 0.0179325 0.0210158 0.0235006 0.025136 0.0257956 0.0254985 0.0243904 0.0226948 0.0206528 0.0184722 0.0162991 0.014216 0.0122565 0.0104286 0.00873379
 1.0296e-16 2.7207e-05 0.000159667 0.00075895 0.00292194 0.00911175 0.0230157 0.0470941 0.0780671 0.104852 0.114128 0.100734 0.0722509 0.0424536 0.0211417 0.0102324 0.00681108 0.00742242 0.00993239 0.0133573 0.0172077 0.0210901 0.0245964 0.0273379 0.0290203 0.0295068 0.0288426 0.0272287 0.0249605 0.0223505 0.0196639 0.0170814 0.0146965 0.0125348 0.0105849 0.00882491
 1.04664e-16 1.95884e-05 0.00011493 0.000546246 0.00210295 0.00655772 0.0165645 0.0338953 0.0561929 0.075489 0.0822087 0.0726608 0.0523335 0.03119 0.0163504 0.00927632 0.00795382 0.00996167 0.013785 0.0186675 0.0241256 0.0296672 0.0347418 0.0388123 0.0414632 0.0424877 0.041922 0.0400132 0.0371381 0.033702 0.0300538 0.0264384 0.0229923 0.0197696 0.0167801 0.0140221
 1.07067e-16 1.9109e-05 0.000112123 0.000532919 0.00205166 0.00639781 0.0161605 0.033068 0.0548194 0.0736376 0.0801763 0.0708259 0.0509285 0.0301861 0.0155221 0.00833704 0.00664515 0.00807825 0.0111793 0.015268 0.0199697 0.0249317 0.0297538 0.0340271 0.0374073 0.0396773 0.0407742 0.0407732 0.0398394 0.0381682 0.0359376 0.0332856 0.0303137 0.0271055 0.0237479 0.0203422
 1.05771e-16 2.70822e-05 0.000158942 0.000755519 0.00290876 0.00907067 0.0229118 0.0468809 0.0777115 0.104368 0.113583 0.100211 0.0717853 0.0419975 0.0205779 0.00940565 0.00555343 0.00557009 0.00734659 0.00995678 0.0130082 0.0162384 0.0193845 0.0221864 0.0244298 0.0259843 0.0268194 0.0269906 0.0266051 0.0257812 0.0246169 0.0231767 0.0214978 0.0196073 0.0175405 0.0153519
 1.03925e-16 2.74419e-05 0.000161048 0.000765518 0.00294724 0.00919063 0.0232149 0.0475016 0.0787421 0.105757 0.115108 0.101589 0.0728423 0.0427563 0.0212093 0.0101271 0.00656181 0.00702282 0.00935755 0.0125819 0.0162198 0.0199015 0.0232481 0.0259003 0.027588 0.0281877 0.0277439 0.0264437 0.024557 0.0223643 0.0200961 0.0179011 0.0158454 0.013935 0.012147 0.0104569
 1.02279e-16 3.15422e-05 0.000185125 0.000879995 0.00338802 0.0105652 0.0266869 0.0546051 0.0905147 0.12156 0.132287 0.116697 0.0835603 0.0488157 0.0237838 0.0106362 0.00594104 0.00565336 0.00729035 0.00974941 0.0125557 0.0153952 0.0179664 0.0199855 0.0212377 0.0216221 0.02117 0.0200253 0.0184011 0.0165229 0.0145822 0.01271 0.0109742 0.00939419 0.00796236 0.00666395
 1.01453e-16 3.27518e-05 0.000192226 0.000913754 0.003518 0.0109705 0.0277107 0.0567 0.0939869 0.126223 0.137359 0.121168 0.0867525 0.0506624 0.0246489 0.0109623 0.00603363 0.0056562 0.00724546 0.00965076 0.0123751 0.0150916 0.0174897 0.0192816 0.0202553 0.020321 0.0195293 0.0180499 0.0161243 0.0140056 0.0119066 0.00997151 0.00827068 0.00681598 0.00558436 0.00454014
 1.01913e-16 2.72061e-05 0.000159658 0.000758903 0.00292175 0.00911114 0.0230142 0.0470912 0.0780633 0.10485 0.114132 0.100756 0.0723043 0.0425608 0.0213351 0.0105565 0.00732115 0.00817898 0.0109899 0.0147484 0.018926 0.0230761 0.0267317 0.0294519 0.0309103 0.0309685 0.0297027 0.027374 0.0243543 0.021035 0.0177481 0.0147203 0.0120658 0.00980803 0.00791476 0.00633199
 1.02747e-16 2.75505e-05 0.000161685 0.000768549 0.00295891 0.00922703 0.0233068 0.0476896 0.0790537 0.106176 0.115563 0.101989 0.0731259 0.0429168 0.0212785 0.0101444 0.00655559 0.00700982 0.00934991 0.0125935 0.0162693 0.0200114 0.0234415 0.0261945 0.0279866 0.0286733 0.0282738 0.0269498 0.0249529 0.0225572 0.0200027 0.0174625 0.0150392 0.01278 0.0107013 0.00880804
 1.03166e-16 2.72349e-05 0.000159832 0.000759738 0.00292498 0.00912123 0.0230396 0.0471429 0.0781477 0.104959 0.114241 0.100827 0.072303 0.0424541 0.0210866 0.0101149 0.00661712 0.00713291 0.00952886 0.0128294 0.0165603 0.0203489 0.0238095 0.0265723 0.0283531 0.0290129 0.0285812 0.0272327 0.025231 0.022858 0.0203548 0.0178884 0.0155499 0.013372 0.011357 0.00949961
 1.02287e-16 3.22603e-05 0.000189342 0.000900048 0.00346524 0.010806 0.0272951 0.0558494 0.0925765 0.124327 0.135292 0.119335 0.0854196 0.0498426 0.0241736 0.0106233 0.00567187 0.00517561 0.00659588 0.00881623 0.0113743 0.0139828 0.0163722 0.0182884 0.0195363 0.0200196 0.0197567 0.0188654 0.0175237 0.0159227 0.0142255 0.0125457 0.0109448 0.00944573 0.00805089 0.00675802
 1.02045e-16 2.92582e-05 0.00017171 0.000816206 0.00314239 0.00979923 0.0247522 0.050647 0.0839557 0.112759 0.122726 0.108305 0.077642 0.045542 0.0225314 0.0106564 0.00676503 0.00712619 0.00943566 0.012637 0.0162186 0.0197861 0.0229398 0.0253043 0.0266026 0.0267173 0.0257139 0.0238134 0.0213299 0.018592 0.0158759 0.0133672 0.0111558 0.00925587 0.00763671 0.00625234
 1.02417e-16 2.84243e-05 0.000166815 0.000792938 0.00305281 0.00951986 0.0240465 0.049203 0.0815622 0.109544 0.119227 0.105218 0.0754294 0.0442458 0.0218941 0.010364 0.00659654 0.00697213 0.00925961 0.0124422 0.0160336 0.0196607 0.0229417 0.0255122 0.0270944 0.0275552 0.0269304 0.0254015 0.0232403 0.0207381 0.018146 0.0156409 0.0133203 0.0112198 0.00933827 0.00766207
 1.0227e-16 3.08495e-05 0.000181057 0.000860654 0.00331355 0.010333 0.0261003 0.053405 0.0885256 0.11889 0.129384 0.114144 0.0817483 0.0477898 0.0233452 0.0105446 0.00603809 0.005875 0.00762941 0.0102203 0.0131746 0.0161706 0.0188946 0.0210494 0.0224079 0.0228606 0.0224342 0.0212729 0.0195933 0.0176271 0.0155726 0.0135686 0.0116905 0.0099652 0.00839286 0.00696546
 1.02376e-16 2.8294e-05 0.000166049 0.000789291 0.00303876 0.00947606 0.0239359 0.0489768 0.0811876 0.109042 0.118684 0.104747 0.0751097 0.0440938 0.0218847 0.0104681 0.00680431 0.00729208 0.00970727 0.0130272 0.0167497 0.020479 0.0238096 0.0263576 0.0278358 0.0281164 0.0272549 0.0254634 0.0230489 0.0203349 0.017595 0.0150159 0.0126919 0.010645 0.00885504 0.00728797
 1.05082e-16 1.44997e-05 8.50463e-05 0.000404157 0.00155583 0.00485155 0.012255 0.0250784 0.0415815 0.0558769 0.0608952 0.0539282 0.0390713 0.0237472 0.0132941 0.00887804 0.00909479 0.0122172 0.0171389 0.0232392 0.0300089 0.0368507 0.0430751 0.0480081 0.0511309 0.0521902 0.0512418 0.0486094 0.0447821 0.0402858 0.0355734 0.0309642 0.0266358 0.0226563 0.0190317 0.0157484
pSPR Fmed_Fpbrs
0.688982   0.338555 0.338555
Fs Fmed_Fpbrs
0.237472   1.005 1.005
SSBpbr Bo_Bmed_Bpbrs
1.25872e+06  804298  363209 363209
Ro
53103.6
SPR SPRFo_SPRFmed_SPRFpbrs
1.09063e+06 751425 369238
log_Ro
10.7
likeval ReclasPelacesDesembMPH_pf_preclas_ppelaces_ptallas_desvR_qrecl_qpela
 65.3588 28.8051 0.0140033 0.000183516 315.452 197.786 77.8675 0 15.6928 7.32651e-05 0 0 0 0 0
q_reclas_q_pelaces
0.297329 1
M
0.7
N
 47042 14748.9 5569.38 664.574 0.348773
 61212.9 21451.7 4601.63 1737.64 207.455
 35851.4 28234.6 7123.27 1528.02 645.892
 61544.6 15934.1 7658.1 1932.05 589.633
 106882 29909.9 7034.61 3380.91 1113.28
 75655.2 52864.3 14533 3418.07 2183.69
 123337 36168.5 21339.3 5866.44 2261.22
 118579 59805.9 15773.3 9306.24 3544.53
 147779 56223.9 23081.1 6087.45 4959.53
 148336 69736 21142 8679.26 4154.04
 68034.2 70804.2 27910.1 8461.58 5136.21
 39864.3 31192.9 22753.1 8969 4369.69
 43137.3 18386.8 10355.5 7553.67 4428.23
 23465.9 19044.3 4808.12 2707.97 3133.26
 18133.8 9480.17 3070.01 775.09 941.63
 22342.2 7412.68 1629.46 527.678 295.072
 18224.7 10272.6 2419.03 531.753 268.493
 20174 8565.99 3779.97 890.121 294.464
 22300.3 9649.85 3468.04 1530.36 479.593
 42629.5 10723.7 4021.52 1445.29 837.638
 52877.3 20464.5 4427.56 1660.39 942.568
 66684.8 25860.9 9351.92 2023.32 1189.51
 109536 32460.5 11518.3 4165.3 1430.98
 126558 53111.8 14153.7 5022.31 2440.13
 42908.2 61418.6 23267.6 6200.55 3269.2
pred_Ctot
 2777.85 4048.9 1528.92 182.441 0.0957462
 3145.57 5230.47 1122 423.682 50.5829
 2724.35 9537.49 2406.2 516.158 218.178
 945.753 1280.26 615.307 155.235 47.3753
 306.308 463.721 109.064 52.4173 17.2601
 2033.04 7199.51 1979.23 465.501 297.394
 2090.6 3191.69 1883.09 517.683 199.541
 3863.33 9723.87 2564.59 1513.1 576.306
 5299.92 9974.13 4094.59 1079.92 879.823
 4147.83 9853.35 2987.27 1226.34 586.945
 3770.99 18421.7 7261.59 2201.52 1336.33
 2049.68 7609.32 5550.49 2187.93 1065.96
 3465.98 6492.31 3656.51 2667.18 1563.6
 3184.09 9847.42 2486.19 1400.24 1620.15
 2331.97 4729.95 1531.73 386.717 469.809
 1196.06 1872.14 411.535 133.27 74.5229
 703.353 1946.71 458.419 100.77 50.8809
 534.488 1151.33 508.056 119.639 39.5781
 508.316 1127.12 405.074 178.749 56.0174
 1022.61 1313.91 492.734 177.083 102.631
 575.749 1179.34 255.155 95.6866 54.3191
 948.509 1929.26 697.666 150.943 88.7391
 1859.24 2868.27 1017.78 368.053 126.444
 2071.09 4532.17 1207.77 428.566 208.223
 710.27 5298.65 2007.32 534.928 282.037
F
 0.0852381 0.464755 0.464755 0.464755 0.464755
 0.0738084 0.402435 0.402435 0.402435 0.402435
 0.11092 0.604785 0.604785 0.604785 0.604785
 0.0215722 0.117621 0.117621 0.117621 0.117621
 0.00399204 0.0217663 0.0217663 0.0217663 0.0217663
 0.037997 0.207176 0.207176 0.207176 0.207176
 0.0238183 0.129868 0.129868 0.129868 0.129868
 0.0462346 0.252091 0.252091 0.252091 0.252091
 0.0510007 0.278078 0.278078 0.278078 0.278078
 0.0395653 0.215727 0.215727 0.215727 0.215727
 0.0798204 0.435215 0.435215 0.435215 0.435215
 0.0738513 0.402669 0.402669 0.402669 0.402669
 0.117621 0.641323 0.641323 0.641323 0.641323
 0.206345 1.12508 1.12508 1.12508 1.12508
 0.194583 1.06095 1.06095 1.06095 1.06095
 0.076998 0.419827 0.419827 0.419827 0.419827
 0.0549779 0.299763 0.299763 0.299763 0.299763
 0.0374528 0.204209 0.204209 0.204209 0.204209
 0.0321476 0.175283 0.175283 0.175283 0.175283
 0.0338573 0.184605 0.184605 0.184605 0.184605
 0.0152426 0.0831091 0.0831091 0.0831091 0.0831091
 0.0199531 0.108793 0.108793 0.108793 0.108793
 0.0238518 0.13005 0.13005 0.13005 0.13005
 0.0229872 0.125336 0.125336 0.125336 0.125336
 0.0232547 0.126795 0.126795 0.126795 0.126795
nmprior
 10.6 11 7 0
nm_flota  nm_reclas  nm_pelaces    nm_pelaL
inf 14.2121 20.6757 51.2979
cv_recla  cv_pelaces  cv_mph
0.731269 0.608565 0.439517
 ------------------------------------------------
Talla a la edad & desviación 
 7.2 14.2025 17.0495 18.207 18.6776
 1.08 2.13037 2.55742 2.73105 2.80164
