years
 1997 1998 1999 2000 2001 2002 2003 2004 2005 2006 2007 2008 2009 2010 2011 2012 2013 2014 2015 2016 2017 2018 2019 2020 2021
reclasobs
 0 0 0 370054 412103 1.49427e+06 250295 1.28982e+06 931140 785840 897777 1.04006e+06 184774 17550 25797 100020 73551 82996 120727 218422 84188 347160 605670 569463 516374
reclaspred
 458877 131143 422402 302293 419476 493929 1.06571e+06 685391 728040 637629 493867 329489 201843 90129.8 61550.7 63553.4 82137.4 114202 122576 175756 252010 231270 405555 522299 574359
pelacesobs
 0 0 0 0 0 0 0 0 0 2.06254e+06 1.5e+06 0 1.87456e+06 323000 250000 174000 83755 137374 0 501740 490994 745055 786931 1.00524e+06 1.33801e+06
pelacespred
 1.90632e+06 484352 944324 1.04426e+06 1.22781e+06 1.22797e+06 2.90613e+06 2.38946e+06 2.20755e+06 1.96456e+06 1.36339e+06 938024 561090 202676 136176 153552 209015 298289 330750 459120 736658 663574 913709 1.39528e+06 1.60311e+06
mphobs
 0 0 0 0 0 112323 0 153150 637223 0 255016 313432 73983 77613 109348 50772 0 0 0 0 0 0 0 0 0
mphpred
 165391 107847 138174 177727 178136 264133 394177 453602 372604 358320 323360 222754 136602 70675 32361.3 27802.4 35074.4 49866.7 63280.1 73673.9 109783 129187 163144 235582 315452
desembarqueobs
 350755 77701 442110 56441 14545 235359 269955 359681 431902 328805 639364 411747 362871 311530 167758 66681 60226 58785 57116 73181 50977 67692 138656 160484 209506
desembarquepred
 350767 77705.2 442161 56443.4 14545.1 235405 269990 359715 431985 328867 639690 412045 363281 312020 167794 66696.2 60251 58788.2 57113.3 73184.7 50978.9 67688.7 138662 160493 209510
Reclutas
 59824.7 73980.5 46064.3 67804.2 112494 84297.4 127510 114221 131499 128919 66245.5 42034.6 42730.5 23483.6 17175 20283 16559.4 18888.6 21541.1 36814.4 45797.4 60597.2 98970.8 119373 52417
log_desv_Rt
 0.119175 0.331556 -0.142206 0.244379 0.750655 0.462107 0.875947 0.765894 0.906758 0.886943 0.221123 -0.233751 -0.217332 -0.815942 -1.12879 -0.96246 -1.16529 -1.03369 -0.902283 -0.366355 -0.148017 0.132003 0.62258 0.810011 -0.0130147
SSB
 720116 469568 601613 773830 775607 1.15005e+06 1.71626e+06 1.975e+06 1.62233e+06 1.56013e+06 1.40792e+06 969880 594770 307721 140902 121052 152715 217121 275523 320778 477998 562484 710333 1.02573e+06 1.37349e+06
BT
 2.48244e+06 668103 1.31117e+06 1.22492e+06 1.38853e+06 1.54376e+06 3.46069e+06 3.07468e+06 2.87432e+06 2.51363e+06 2.09781e+06 1.42242e+06 983669 524551 295599 227646 283968 381593 417070 574885 868984 799728 1.11409e+06 1.69134e+06 1.94807e+06
Ftot
 0.424189 0.322055 0.452465 0.0855245 0.0178086 0.182871 0.115322 0.233814 0.273543 0.229234 0.493203 0.466141 0.744078 1.35217 1.34525 0.528161 0.361608 0.240751 0.198743 0.204522 0.095467 0.126025 0.148326 0.141203 0.138105
BD_Bspro_t
 0.949673 0.771922 0.74128 0.63203 0.742889 0.849288 0.820134 0.82344 0.767421 0.723881 0.68074 0.52301 0.407894 0.293479 0.176364 0.185753 0.290709 0.451443 0.567989 0.658269 0.759206 0.829446 0.836957 0.843397 0.845968
BD_Bspro
 0.660275 0.430548 0.551619 0.709525 0.711155 1.05448 1.57364 1.81088 1.48751 1.43049 1.29092 0.889284 0.545345 0.28215 0.129193 0.110993 0.140025 0.199079 0.252628 0.294122 0.438277 0.515742 0.651305 0.940494 1.25935
BD_Bo
 0.567271 0.369902 0.47392 0.609584 0.610984 0.905948 1.35198 1.5558 1.27799 1.229 1.10909 0.764022 0.46853 0.242407 0.110995 0.0953589 0.120301 0.171037 0.217043 0.252693 0.376543 0.443097 0.559565 0.80802 1.08197
BD_Brms
 1.0314 0.672549 0.861673 1.10833 1.11088 1.64718 2.45815 2.82874 2.32362 2.23454 2.01652 1.38913 0.851872 0.44074 0.20181 0.17338 0.218729 0.310977 0.394624 0.459442 0.684624 0.80563 1.01739 1.46913 1.96721
S_f
 0.185506 1 1 1 1
 0.185506 1 1 1 1
 0.185506 1 1 1 1
 0.185506 1 1 1 1
 0.185506 1 1 1 1
 0.185506 1 1 1 1
 0.185506 1 1 1 1
 0.185506 1 1 1 1
 0.185506 1 1 1 1
 0.185506 1 1 1 1
 0.185506 1 1 1 1
 0.185506 1 1 1 1
 0.185506 1 1 1 1
 0.185506 1 1 1 1
 0.185506 1 1 1 1
 0.185506 1 1 1 1
 0.185506 1 1 1 1
 0.185506 1 1 1 1
 0.185506 1 1 1 1
 0.185506 1 1 1 1
 0.185506 1 1 1 1
 0.185506 1 1 1 1
 0.185506 1 1 1 1
 0.185506 1 1 1 1
 0.185506 1 1 1 1
Scru_reclas
 1 1 1 1 1
 1 1 1 1 1
 1 1 1 1 1
 1 1 1 1 1
 1 1 1 1 1
 1 1 1 1 1
 1 1 1 1 1
 1 1 1 1 1
 1 1 1 1 1
 1 1 1 1 1
 1 1 1 1 1
 1 1 1 1 1
 1 1 1 1 1
 1 1 1 1 1
 1 1 1 1 1
 1 1 1 1 1
 1 1 1 1 1
 1 1 1 1 1
 1 1 1 1 1
 1 1 1 1 1
 1 1 1 1 1
 1 1 1 1 1
 1 1 1 1 1
 1 1 1 1 1
 1 1 1 1 1
Scru_pelaces
 0.941229 1 1 1 1
 0.941229 1 1 1 1
 0.941229 1 1 1 1
 0.941229 1 1 1 1
 0.941229 1 1 1 1
 0.941229 1 1 1 1
 0.941229 1 1 1 1
 0.941229 1 1 1 1
 0.941229 1 1 1 1
 0.941229 1 1 1 1
 0.941229 1 1 1 1
 0.941229 1 1 1 1
 0.941229 1 1 1 1
 0.941229 1 1 1 1
 0.941229 1 1 1 1
 0.941229 1 1 1 1
 0.941229 1 1 1 1
 0.941229 1 1 1 1
 0.941229 1 1 1 1
 0.941229 1 1 1 1
 0.941229 1 1 1 1
 0.941229 1 1 1 1
 0.941229 1 1 1 1
 0.941229 1 1 1 1
 0.941229 1 1 1 1
pf_obs 
 0.256992 0.487395 0.22802 0.0275931 0
 0.321318 0.546541 0.124235 0.00734118 0.000564706
 0.182869 0.594174 0.210203 0.0122559 0.00049798
 0.330522 0.361315 0.267642 0.0388342 0.00168674
 0.649043 0.306663 0.0425973 0.00169635 0
 0.582887 0.30429 0.105238 0.00758474 0
 0.465427 0.430635 0.0974691 0.00646863 0
 0.296916 0.608066 0.0921331 0.00288517 0
 0.311714 0.524322 0.152257 0.0117073 0
 0.15457 0.633149 0.183074 0.0267441 0.00246327
 0.131901 0.49318 0.331252 0.0422183 0.00144891
 0.196976 0.569456 0.194076 0.0375587 0.00193317
 0.518974 0.381816 0.0799577 0.0180837 0.00116848
 0.0928022 0.601141 0.25162 0.0475244 0.00691264
 0.122501 0.610282 0.24278 0.0234846 0.000952079
 0.383417 0.481906 0.127806 0.00687128 0
 0.0376549 0.599619 0.316969 0.0457579 0
 0.0361596 0.667082 0.258105 0.0386534 0
 0.158088 0.579412 0.248529 0.0139706 0
 0.0477256 0.309471 0.559284 0.082774 0.000745712
 0.0406174 0.521527 0.379366 0.0568643 0.0016247
 0.151134 0.462217 0.34131 0.0453401 0
 0.294876 0.26143 0.354403 0.0886775 0.000613685
 0.281977 0.475581 0.204845 0.0348837 0.00271318
 0.0354234 0.537034 0.353287 0.0723622 0.0018943
pf_pred 
 0.369583 0.445422 0.1655 0.0194861 1.00395e-05
 0.307446 0.550022 0.100706 0.0374182 0.00440793
 0.174967 0.606851 0.173279 0.0317265 0.0131769
 0.265396 0.430463 0.22371 0.0638775 0.0165532
 0.297878 0.470037 0.135997 0.0706771 0.0254106
 0.172839 0.576933 0.167516 0.0484678 0.0342446
 0.251149 0.412379 0.234684 0.068142 0.0336457
 0.195761 0.527504 0.152393 0.0867266 0.0376152
 0.226897 0.459132 0.205935 0.0594934 0.0485423
 0.21153 0.506543 0.167431 0.0750979 0.0393973
 0.127493 0.53799 0.214906 0.0710344 0.0485758
 0.131894 0.432943 0.268323 0.107185 0.0596556
 0.211151 0.398483 0.194684 0.120658 0.075024
 0.194424 0.542904 0.132687 0.064826 0.0651584
 0.277245 0.520627 0.136221 0.0332928 0.0326146
 0.352361 0.520106 0.0918672 0.0240368 0.0116297
 0.231525 0.60733 0.129412 0.0228583 0.00887452
 0.24599 0.496129 0.203805 0.0434275 0.0106487
 0.24054 0.503439 0.168458 0.0692009 0.0183613
 0.316927 0.445201 0.157683 0.0527631 0.0274255
 0.268037 0.53673 0.127245 0.0450683 0.0229191
 0.261627 0.497252 0.176808 0.0419167 0.0223962
 0.305832 0.464608 0.154596 0.0549696 0.0199949
 0.258973 0.531859 0.139996 0.046583 0.0225884
 0.105622 0.597275 0.213241 0.0561292 0.0277332
pobs_RECLAS
 0 0 0 0 0
 0 0 0 0 0
 0 0 0 0 0
 0 0 0 0 0
 0.835266 0.146461 0.0176864 0.000547809 3.91292e-05
 0.385257 0.428462 0.181853 0.0044286 0
 0.867414 0.0963971 0.0333333 0.00285562 0
 0.441836 0.489002 0.0689373 0.000224442 0
 0.779404 0.147425 0.0564933 0.0165055 0.000172143
 0.814271 0.122319 0.05973 0.00367925 0
 0.40263 0.566651 0.0304383 0.000280538 0
 0.475488 0.404961 0.113038 0.00651328 0
 0.955842 0.0263864 0.0167828 0.000988607 0
 0.975058 0.0227948 0.00214734 0 0
 0.738997 0.206755 0.0527124 0.00153531 0
 0.850938 0.134255 0.0134407 0.00136685 0
 0.542534 0.407297 0.0501686 0 0
 0.764087 0.199537 0.0359546 0.000420521 0
 0.470689 0.182191 0.310203 0.0369168 0
 0.84361 0.089868 0.0606195 0.00523954 0.000663233
 0.607945 0.314616 0.071237 0.00620181 0
 0.523733 0.453247 0.0230204 0 0
 0.530135 0.295979 0.169645 0.0042399 0
 0.562478 0.366248 0.0663022 0.0049721 0
 0.250443 0.683176 0.0655157 0.000865301 0
ppred_RECLAS
 0.764523 0.166377 0.0618184 0.00727857 3.75e-06
 0.709261 0.230903 0.0422772 0.0157084 0.00185048
 0.540686 0.337847 0.0964679 0.0176628 0.00733586
 0.6617 0.198237 0.103023 0.0294169 0.00762309
 0.695953 0.203545 0.0588922 0.0306061 0.0110038
 0.532194 0.326288 0.0947397 0.0274113 0.0193672
 0.645229 0.195366 0.111183 0.0322826 0.0159398
 0.570727 0.281562 0.0813417 0.0462914 0.0200776
 0.616463 0.227776 0.102164 0.0295147 0.0240819
 0.594307 0.260633 0.0861488 0.0386403 0.0202712
 0.448689 0.33994 0.135793 0.0448846 0.0306936
 0.457787 0.270413 0.167593 0.0669467 0.0372605
 0.604202 0.199935 0.097681 0.0605392 0.0376426
 0.597597 0.271192 0.0662802 0.032382 0.0325481
 0.702201 0.214516 0.0561275 0.0137177 0.0134383
 0.752441 0.198809 0.035116 0.00918803 0.00444542
 0.62412 0.29706 0.0632986 0.0111806 0.00434074
 0.640644 0.236452 0.0971319 0.0206972 0.00507512
 0.633174 0.243166 0.0813669 0.0334247 0.00886869
 0.716672 0.184663 0.0654046 0.0218853 0.0113757
 0.664836 0.245767 0.0582653 0.0206366 0.0104946
 0.657844 0.230423 0.0819311 0.0194238 0.0103782
 0.705336 0.197219 0.0656237 0.0233338 0.00848754
 0.654933 0.247666 0.0651906 0.0216919 0.0105185
 0.390707 0.406892 0.14527 0.0382379 0.0188932
pobs_PELACES
 0 0 0 0 0
 0 0 0 0 0
 0 0 0 0 0
 0 0 0 0 0
 0 0 0 0 0
 0 0 0 0 0
 0 0 0 0 0
 0 0 0 0 0
 0 0 0 0 0
 0 0 0 0 0
 0.450072 0.473896 0.0757376 0.000293798 0
 0 0 0 0 0
 0.463077 0.371075 0.160297 0.00555027 0
 0.529543 0.364841 0.0842815 0.0213345 0
 0.631943 0.363953 0.00410389 0 0
 0.735681 0.248677 0.0153453 0.000297389 0
 0.695825 0.281241 0.0229344 0 0
 0.275771 0.60734 0.115278 0.00161068 0
 0 0 0 0 0
 0.896147 0.0623911 0.0374545 0.00400742 0
 0.803859 0.145111 0.0509908 3.86294e-05 0
 0.739449 0.233085 0.0266225 0.000797448 4.60066e-05
 0.878498 0.100942 0.0204185 0.000141795 0
 0.694673 0.275183 0.0284847 0.00165964 0
 0.469039 0.446079 0.0841089 0.000773354 0
ppred_PELACES
 0.774008 0.159675 0.0593282 0.00698538 3.59894e-06
 0.714592 0.226669 0.041502 0.0154204 0.00181655
 0.555805 0.326727 0.0932927 0.0170815 0.00709439
 0.653237 0.203196 0.1056 0.0301528 0.00781379
 0.684022 0.211532 0.0612032 0.031807 0.0114356
 0.529351 0.328271 0.0953155 0.0275779 0.0194849
 0.638431 0.19911 0.113313 0.0329011 0.0162452
 0.571285 0.281196 0.081236 0.0462312 0.0200515
 0.619522 0.225959 0.10135 0.0292793 0.0238898
 0.594559 0.260471 0.0860952 0.0386163 0.0202586
 0.466557 0.328923 0.131392 0.0434299 0.0296988
 0.473891 0.262382 0.162615 0.0649584 0.0361539
 0.637015 0.18336 0.0895829 0.0555203 0.0345219
 0.667819 0.223868 0.0547139 0.0267312 0.0268682
 0.761117 0.172076 0.0450233 0.0110038 0.0107797
 0.767289 0.186885 0.0330099 0.00863696 0.00417879
 0.632673 0.290301 0.0618584 0.0109262 0.00424197
 0.641597 0.235825 0.0968743 0.0206424 0.00506166
 0.631512 0.244268 0.0817356 0.0335761 0.00890888
 0.715534 0.185404 0.0656672 0.0219732 0.0114214
 0.657014 0.251503 0.0596252 0.0211183 0.0107396
 0.651811 0.234486 0.0833759 0.0197664 0.0105612
 0.701016 0.200111 0.0665859 0.0236759 0.00861199
 0.649804 0.251347 0.0661596 0.0220143 0.0106749
 0.38514 0.41061 0.146597 0.0385873 0.0190658
pobs_pel_tallas
 0 0 0 0 0 0 0 0 0 0 0 0 0 0 0 0 0 0 0 0 0 0 0 0 0 0 0 0 0 0 0 0 0 0 0 0
 0 0 0 0 0 0 0 0 0 0 0 0 0 0 0 0 0 0 0 0 0 0 0 0 0 0 0 0 0 0 0 0 0 0 0 0
 0 0 0 0 0 0 0 0 0 0 0 0 0 0 0 0 0 0 0 0 0 0 0 0 0 0 0 0 0 0 0 0 0 0 0 0
 0 0 0 0 0 0 0 0 0 0 0 0 0 0 0 0 0 0 0 0 0 0 0 0 0 0 0 0 0 0 0 0 0 0 0 0
 0 0 0 0 0 0 0 0 0 0 0 0 0 0 0 0 0 0 0 0 0 0 0 0 0 0 0 0 0 0 0 0 0 0 0 0
 0 0 0 0 0 0 0 0 0 0 0 0 0 0 0 0 0 0 0 0 0 0 0 0 0 0 0 0 0 0 0 0 0 0 0 0
 0 0 0 0 0 0 0 0 0 0 0 0 0 0 0 0 0 0 0 0 0 0 0 0 0 0 0 0 0 0 0 0 0 0 0 0
 0 0 0 0 0 0 0 0 0 0 0 0 0 0 0 0 0 0 0 0 0 0 0 0 0 0 0 0 0 0 0 0 0 0 0 0
 0 0 0 0 0 0 0 0 0 0 0 0 0 0 0 0 0 0 0 0 0 0 0 0 0 0 0 0 0 0 0 0 0 0 0 0
 0 0 0 0 0 0 0 0 0 0 0 0 0 0 0 0 0 0 0 0 0 0 0 0 0 0 0 0 0 0 0 0 0 0 0 0
 0 0 0 0 0 0 0 0 1.78061e-05 0.00172719 0.00360574 0.0105946 0.0120993 0.0124554 0.0147524 0.0171206 0.0266825 0.0428682 0.0675386 0.121331 0.153587 0.119568 0.100827 0.0573624 0.0630603 0.0341343 0.0324427 0.0444173 0.0211091 0.0280891 0.0125444 0.00206551 0 0 0 0
 0 0 0 0 0 0 0 0 0 0 0 0 0 0 0 0 0 0 0 0 0 0 0 0 0 0 0 0 0 0 0 0 0 0 0 0
 0 0 0 0 0 0 0.0133647 0.0140871 0.0187388 0.0205184 0.03894 0.0496705 0.03968 0.0493445 0.0407372 0.0367815 0.0215668 0.0243155 0.0234873 0.0199281 0.019796 0.0243948 0.0301388 0.0376714 0.0412746 0.0863199 0.0771752 0.113111 0.0741005 0.0525337 0.0229764 0.00759418 0.00175318 0 0 0
 0 0 0 0 0 0 0 0 0 0 0.00219441 0.00772107 0.0458388 0.0604681 0.0671733 0.0775358 0.0609151 0.0617685 0.073594 0.0568108 0.0755445 0.0548602 0.0670107 0.0636378 0.0643287 0.046367 0.0373049 0.0286899 0.0247887 0.0153202 0.00654259 0.00121912 0.000365735 0 0 0
 0 0 0 0 0 0 0 0 0 0 0 0 0.000112435 0.00938835 0.0111873 0.0202946 0.0414886 0.0713402 0.111592 0.104902 0.108894 0.110636 0.117776 0.105296 0.107544 0.0401394 0.0192827 0.0124803 0.00416011 0.0028671 0.000618394 0 0 0 0 0
 0 0 0 0 0 0 0 0 0 0 0.00291406 0.0102884 0.027416 0.0768956 0.0749926 0.110853 0.0956884 0.0897413 0.0766577 0.0534642 0.0500743 0.0551293 0.0594112 0.0620874 0.0668451 0.0424026 0.0208742 0.0120726 0.0048766 0.00582813 0.00118941 0.000297354 0 0 0 0
 0 0.00264628 0.0354308 0.0461629 0.0458689 0.0383711 0.0214643 0.0164657 0.0346957 0.0420465 0.0363128 0.0245516 0.0311673 0.0291091 0.0169068 0.0133784 0.00837989 0.0085269 0.0148486 0.0160247 0.0276389 0.0546898 0.0760071 0.122758 0.109233 0.0665981 0.0333725 0.0166128 0.00676272 0.00308733 0.000882094 0 0 0 0 0
 0 0 0 0 0 0 0 0.000805153 0.000690131 0.00759144 0.0133425 0.0154129 0.00931677 0.000345066 0.00356568 0.00563607 0.00851162 0.0253048 0.0502646 0.0516448 0.0657925 0.0565908 0.0611916 0.0827007 0.0866115 0.110766 0.145733 0.0935128 0.0569358 0.0249597 0.0138026 0.00621118 0.00161031 0.00115022 0 0
 0 0 0 0 0 0 0 0 0 0 0 0 0 0 0 0 0 0 0 0 0 0 0 0 0 0 0 0 0 0 0 0 0 0 0 0
 0.00147267 0.00158595 0.00478618 0.00569244 0.00954404 0.0108468 0.00647125 0.017049 0.0510054 0.094081 0.124002 0.0959785 0.0687766 0.0820023 0.061753 0.0591476 0.0492212 0.0479892 0.0443925 0.0268479 0.0217502 0.0140895 0.0121071 0.0120363 0.00920419 0.00665534 0.0049561 0.00860946 0.00930331 0.0156896 0.0114698 0.00855282 0.00243557 0.00046729 0 2.83206e-05
 0 0 0 0 0.000772559 0.00158375 0.000888443 0.00281984 0.00712685 0.0440552 0.0773331 0.111326 0.0921469 0.0852325 0.0710754 0.0886704 0.0786465 0.0553345 0.0373146 0.0185414 0.00753245 0.00457741 0.012979 0.0271748 0.0457355 0.0583668 0.034881 0.0177882 0.00938659 0.00492506 0.0015258 0.00185414 0.000309023 5.79419e-05 3.86279e-05 0
 0 0.00173294 0.00326652 0 0.00397197 0.00683976 0.00946217 0.0152591 0.00757587 0.0136028 0.0228656 0.0392903 0.0559909 0.0764795 0.0681675 0.0726916 0.0566044 0.0477403 0.0527397 0.0444891 0.0609904 0.0582453 0.0661739 0.0445044 0.0529084 0.0360697 0.0280645 0.0235558 0.0158879 0.00826598 0.00280645 0.00217768 0.000904811 0.00058276 9.20147e-05 0
 0 0 0 0 0 0 0 0 0 0 0 0 0 0 0 0 0 0 0 0 0 0 0 0 0 0 0 0 0 0 0 0 0 0 0 0
 0 0 0 0 0 0 0 0 0 0 0 0 0 0 0 0 0 0 0 0 0 0 0 0 0 0 0 0 0 0 0 0 0 0 0 0
 0 0 0 0 0 0 0 0 0 0 0 0 0 0 0 0 0 0 0 0 0 0 0 0 0 0 0 0 0 0 0 0 0 0 0 0
ppred_pel_tallas
 1.01135e-16 3.37696e-05 0.000198204 0.000942178 0.00362745 0.0113119 0.0285729 0.0584637 0.0969096 0.130145 0.14162 0.124908 0.0893908 0.0521235 0.0252114 0.0109614 0.00568068 0.00502389 0.00632822 0.00842377 0.0108307 0.0132578 0.0154365 0.0171158 0.0181054 0.0183153 0.0177724 0.0166049 0.0150048 0.0131792 0.0113084 0.00952211 0.00789417 0.00645339 0.00520027 0.00412275
 1.01278e-16 3.11815e-05 0.000183003 0.000869898 0.00334913 0.0104439 0.0263806 0.0539787 0.0894775 0.120171 0.130785 0.115396 0.0826794 0.0484037 0.0237737 0.0109528 0.00656375 0.00661556 0.00864726 0.011542 0.0147808 0.0179854 0.0207821 0.0228232 0.0238549 0.0237744 0.0226512 0.0207016 0.0182297 0.0155531 0.0129393 0.0105687 0.00852874 0.0068313 0.0054422 0.00430905
 1.0235e-16 2.42618e-05 0.000142369 0.000676697 0.00260522 0.00812406 0.0205209 0.0419902 0.0696095 0.0935022 0.101798 0.089909 0.0646131 0.03822 0.0195053 0.0102237 0.00782082 0.00924709 0.0126013 0.0169639 0.0218048 0.0266333 0.0309209 0.0341626 0.0359805 0.0362068 0.0349159 0.0323909 0.0290424 0.025306 0.0215543 0.0180461 0.0149178 0.012207 0.00989093 0.00792257
 1.02967e-16 2.85053e-05 0.000167293 0.000795216 0.00306159 0.00954726 0.0241157 0.0493444 0.0817956 0.109855 0.119558 0.105494 0.075592 0.0442701 0.021775 0.0100907 0.00613983 0.00628834 0.00830519 0.0111917 0.0144975 0.0178977 0.0210634 0.023675 0.0254795 0.0263396 0.0262556 0.0253489 0.0238176 0.0218815 0.0197352 0.0175223 0.0153331 0.0132173 0.011204 0.00931648
 1.02566e-16 2.98479e-05 0.000175175 0.000832685 0.00320586 0.00999714 0.025252 0.0516695 0.0856496 0.11503 0.125189 0.110458 0.0791404 0.0463296 0.022752 0.0104796 0.00628274 0.00634667 0.00832463 0.0111601 0.014372 0.0176151 0.0205461 0.0228405 0.0242534 0.0246716 0.0241331 0.0228058 0.0209358 0.0187828 0.0165658 0.0144333 0.0124608 0.0106676 0.00904285 0.00756791
 1.03319e-16 2.31083e-05 0.000135597 0.000644503 0.00248126 0.0077375 0.0195445 0.0399924 0.0662982 0.0890561 0.0969617 0.0856486 0.0615751 0.0364707 0.0187012 0.00994685 0.00778505 0.00931985 0.0127453 0.0171838 0.0221206 0.0270713 0.0315097 0.0349315 0.0369574 0.0374149 0.0363709 0.0340973 0.0309904 0.0274691 0.0238891 0.020494 0.0174092 0.0146671 0.0122467 0.0101096
 1.03564e-16 2.78595e-05 0.000163502 0.000777195 0.00299221 0.00933088 0.0235691 0.048226 0.0799419 0.107365 0.11685 0.103105 0.0738835 0.0432759 0.0212982 0.00989147 0.00605069 0.0062274 0.00824513 0.0111323 0.0144527 0.0178926 0.0211324 0.0238592 0.0258218 0.0268787 0.0270191 0.0263476 0.0250424 0.0233031 0.0213068 0.0191851 0.0170229 0.0148713 0.0127668 0.0107442
 1.03771e-16 2.49348e-05 0.000146325 0.000695514 0.00267769 0.00835005 0.0210917 0.0431577 0.0715434 0.096095 0.104608 0.0923606 0.066309 0.0390908 0.0197061 0.0099357 0.00713249 0.0081487 0.011034 0.0148719 0.0191747 0.0235206 0.0274616 0.0305685 0.0325163 0.0331533 0.0325278 0.0308588 0.0284677 0.025693 0.022819 0.0200368 0.0174418 0.0150573 0.0128688 0.0108543
 1.03635e-16 2.7036e-05 0.000158665 0.000754194 0.00290364 0.00905468 0.0228715 0.0467989 0.0775771 0.104192 0.113404 0.100083 0.0717566 0.0421088 0.0208701 0.00993749 0.00640776 0.00684555 0.0091371 0.0123236 0.01595 0.0196663 0.0231105 0.0259321 0.027857 0.0287423 0.0285992 0.027573 0.0258918 0.0238034 0.0215218 0.0191984 0.0169205 0.0147277 0.0126362 0.0106586
 1.03581e-16 2.59489e-05 0.00015228 0.00072383 0.00278672 0.00869006 0.0219505 0.0449147 0.0744551 0.100003 0.108854 0.0960915 0.0689476 0.0405658 0.0203009 0.00999167 0.00686915 0.00764746 0.0102961 0.0138741 0.0179027 0.0219854 0.0257059 0.0286646 0.0305564 0.031235 0.0307375 0.0292591 0.02709 0.0245384 0.0218653 0.019249 0.016782 0.0144927 0.012376 0.0104194
 1.04853e-16 2.03702e-05 0.000119522 0.00056808 0.00218702 0.0068199 0.0172268 0.0352501 0.058438 0.0785019 0.0854818 0.0755348 0.0543622 0.0323162 0.0167889 0.0092855 0.00769642 0.00949281 0.0130977 0.0177371 0.0229372 0.0282306 0.0330973 0.0370303 0.0396362 0.040717 0.0403028 0.0386209 0.03602 0.0328749 0.029507 0.0261407 0.0229004 0.0198355 0.0169568 0.0142674
 1.06316e-16 2.06874e-05 0.00012139 0.000576974 0.00222128 0.00692677 0.0174966 0.0358018 0.0593506 0.0797219 0.0867946 0.0766575 0.0550892 0.0325862 0.0166335 0.00873299 0.00671871 0.00801061 0.0110187 0.0150012 0.0195572 0.0243215 0.0288876 0.0328468 0.035864 0.0377398 0.0384381 0.0380662 0.0368231 0.0349343 0.032599 0.0299647 0.027129 0.024159 0.0211164 0.0180721
 1.04853e-16 2.7797e-05 0.000163137 0.000775462 0.00298554 0.00931011 0.0235166 0.0481185 0.0797631 0.107124 0.116583 0.102861 0.0736893 0.0431231 0.0211504 0.00970111 0.00577025 0.00581318 0.00765926 0.0103477 0.0134611 0.0167129 0.019816 0.0224905 0.0245117 0.0257526 0.026201 0.0259438 0.0251277 0.023912 0.0224301 0.0207723 0.0189884 0.0171051 0.0151461 0.013146
 1.03024e-16 2.91418e-05 0.000171029 0.000812971 0.00312995 0.00976042 0.0246541 0.0504462 0.0836223 0.112309 0.122232 0.107859 0.0772989 0.0452942 0.0223229 0.0104153 0.00642562 0.00663438 0.00875047 0.0117352 0.0151036 0.0184961 0.0215522 0.0239316 0.0253804 0.0257851 0.0251932 0.0237893 0.0218384 0.019617 0.0173546 0.0152021 0.0132296 0.0114462 0.00982891 0.00834881
 1.01578e-16 3.3208e-05 0.000194905 0.000926494 0.00356706 0.0111235 0.0280972 0.0574905 0.0952968 0.127981 0.139268 0.122842 0.0879294 0.0513065 0.0248817 0.0109294 0.00582384 0.00529519 0.00672394 0.00895228 0.0114941 0.0140434 0.0163145 0.0180421 0.0190291 0.0191889 0.0185614 0.0172955 0.0156051 0.0137158 0.0118181 0.0100419 0.00845219 0.0070632 0.00585908 0.00481368
 1.01022e-16 3.34777e-05 0.000196487 0.000934013 0.003596 0.0112138 0.0283252 0.0579572 0.0960707 0.129021 0.140402 0.123849 0.0886642 0.0517631 0.0251546 0.0111356 0.00605408 0.00560608 0.0071465 0.0094975 0.0121517 0.014778 0.0170645 0.0187245 0.0195491 0.0194551 0.0185015 0.0168691 0.0148108 0.0125908 0.0104311 0.00848113 0.00681257 0.00543402 0.00431518 0.00341038
 1.01547e-16 2.7612e-05 0.000162041 0.000770231 0.00296536 0.00924715 0.0233577 0.0477942 0.0792285 0.106415 0.115835 0.102258 0.0733797 0.0431887 0.02164 0.0106903 0.00739059 0.00823697 0.0110548 0.0148209 0.0189966 0.0231269 0.0267373 0.0293816 0.0307316 0.030652 0.0292276 0.0267321 0.0235526 0.0200957 0.0167058 0.013618 0.0109496 0.00872208 0.00689696 0.00541114
 1.02398e-16 2.7999e-05 0.000164318 0.000781066 0.0030071 0.00937731 0.0236864 0.0484664 0.0803412 0.107905 0.117444 0.103648 0.0743117 0.0436057 0.0216066 0.0102776 0.00660922 0.0070396 0.0093736 0.0126103 0.0162687 0.0199763 0.023349 0.0260183 0.0276998 0.0282531 0.0277051 0.0262292 0.0240905 0.0215762 0.018937 0.0163532 0.0139293 0.0117106 0.00970675 0.00791423
 1.0281e-16 2.75595e-05 0.000161737 0.000768795 0.00295985 0.00922997 0.0233143 0.0477049 0.0790794 0.106211 0.115603 0.10203 0.0731658 0.0429617 0.0213401 0.0102381 0.00669825 0.00721735 0.00963414 0.0129579 0.0167043 0.0204912 0.0239243 0.0266265 0.0283106 0.0288398 0.0282515 0.0267335 0.0245651 0.0220443 0.0194255 0.0168853 0.0145184 0.0123565 0.010396 0.00862313
 1.02282e-16 3.12209e-05 0.000183238 0.000871024 0.00335348 0.0104575 0.0264149 0.0540485 0.0895921 0.120322 0.13094 0.115512 0.0827161 0.0483328 0.0235679 0.010573 0.00595364 0.00570847 0.00738161 0.00988214 0.0127387 0.0156374 0.0182746 0.0203635 0.021685 0.0221333 0.0217342 0.0206271 0.0190206 0.0171378 0.0151694 0.013248 0.0114453 0.00978619 0.00826996 0.00688856
 1.02156e-16 2.86718e-05 0.000168267 0.000799835 0.00307936 0.00960266 0.0242557 0.0496311 0.0822721 0.110498 0.120269 0.106144 0.0761075 0.0446721 0.0221574 0.0105742 0.00683969 0.00730225 0.00970569 0.0130118 0.0167109 0.0204023 0.023677 0.0261491 0.0275328 0.0277044 0.0267266 0.0248216 0.0223068 0.0195158 0.0167297 0.0141388 0.0118373 0.00984327 0.00812987 0.00665475
 1.02433e-16 2.84443e-05 0.000166932 0.000793495 0.00305496 0.00952655 0.0240634 0.0492376 0.0816195 0.109621 0.119311 0.105291 0.0754816 0.0442753 0.0219067 0.0103664 0.0065934 0.00696506 0.00924858 0.0124264 0.0160123 0.0196331 0.0229076 0.0254719 0.0270488 0.0275061 0.0268801 0.0253528 0.0231961 0.0207011 0.0181183 0.0156239 0.0133143 0.011224 0.00935122 0.00768147
 1.02227e-16 3.05884e-05 0.000179524 0.000853362 0.00328547 0.0102454 0.0258792 0.0529525 0.087776 0.117884 0.128292 0.113186 0.0810739 0.0474196 0.0232092 0.0105588 0.00615091 0.00607088 0.00791289 0.0106004 0.0136545 0.0167423 0.0195368 0.0217284 0.0230821 0.0234867 0.0229741 0.0217003 0.0198964 0.0178087 0.015648 0.0135604 0.0116242 0.00986503 0.00827886 0.00685245
 1.02277e-16 2.83574e-05 0.000166421 0.000791061 0.00304558 0.0094973 0.0239895 0.0490866 0.0813697 0.109287 0.118951 0.104982 0.0752793 0.0441949 0.0219376 0.0104979 0.00682916 0.00732201 0.00974678 0.0130775 0.0168094 0.0205441 0.0238731 0.0264102 0.0278669 0.0281156 0.0272134 0.025376 0.0229144 0.0201566 0.0173804 0.014775 0.0124366 0.0103873 0.00860578 0.00705619
 1.04432e-16 1.68235e-05 9.86915e-05 0.000469033 0.00180563 0.00563055 0.0142227 0.0291041 0.0482534 0.0648334 0.070632 0.0624937 0.0451524 0.0271945 0.0147764 0.00920457 0.00880121 0.0115243 0.0160782 0.0217705 0.028086 0.0344519 0.0402158 0.0447431 0.0475484 0.0483992 0.0473567 0.0447369 0.0410119 0.0366876 0.0321989 0.0278508 0.0238107 0.0201386 0.0168323 0.0138692
pSPR Fmed_Fpbrs
0.680922   0.6 0.325
Fs Fmed_Fpbrs
0.245928   0.346879 1.06602
SSBpbr Bo_Bmed_Bpbrs
1.26944e+06  800917  698191 349096
Ro
53103.6
SPR SPRFo_SPRFmed_SPRFpbrs
1.09063e+06 742634 354455
log_Ro
10.7
likeval ReclasPelacesDesembMPH_pf_preclas_ppelaces_ptallas_desvR_qrecl_qpela
 60.5733 21.4127 0.0248745 0.000230053 316.319 197.39 77.5248 0 15.8595 6.55949e-05 1.20235e-05 7.02055e-16 0 0 0
q_reclas_q_pelaces
0.317375 1.63774
M
0.7
N
 59824.7 15474.1 5749.53 676.957 0.348775
 73980.5 27460 5027.8 1868.11 220.067
 46064.3 34607.1 9881.61 1809.28 751.442
 67804.2 21033.2 10930.9 3121.18 808.821
 112494 33140.6 9588.65 4983.18 1791.61
 84297.4 55678.6 16166.6 4677.53 3304.88
 127510 40464.6 23028.3 6686.42 3301.48
 114221 61979.2 17905.5 10190 4419.61
 131499 54313.1 24361 7037.77 5742.32
 128919 62069.8 20516.3 9202.2 4827.58
 66245.5 61354.2 24508.6 8101 5539.74
 42034.6 30020.4 18605.5 7432.2 4136.53
 42730.5 19144.6 9353.36 5796.88 3604.44
 23483.6 18483.6 4517.43 2207.05 2218.37
 17175 9074.48 2374.32 580.29 568.47
 20283 6645.24 1173.76 307.112 148.589
 16559.4 9132.21 1945.93 343.713 133.443
 18888.6 7689.64 3158.82 673.095 165.048
 21541.1 8970.11 3001.53 1233 327.156
 36814.4 10309.8 3651.56 1221.87 635.109
 45797.4 17600.9 4172.73 1477.92 751.584
 60597.2 22343.1 7944.52 1883.45 1006.33
 98970.8 29396.3 9781.49 3478 1265.1
 119373 47813.6 12585.5 4187.76 2030.67
 52417 57746.4 20616.8 5426.75 2681.33
pred_Ctot
 3270.58 3941.71 1464.57 172.44 0.088843
 3096.16 5539.04 1014.17 376.823 44.3904
 2680.05 9295.42 2654.19 485.97 201.837
 768.229 1246.04 647.561 184.903 47.9157
 266.877 421.119 121.843 63.3215 22.7661
 2026.06 6762.93 1963.66 568.151 401.423
 1943.31 3190.85 1815.91 527.26 260.339
 3495.49 9419.06 2721.11 1548.58 671.654
 4692.85 9496.09 4259.28 1230.48 1003.99
 3869.45 9266 3062.75 1373.74 720.679
 4187.43 17669.9 7058.44 2333.07 1595.44
 2516.73 8261.21 5120 2045.24 1138.32
 3993.68 7536.84 3682.22 2282.11 1418.99
 3801.2 10614.3 2594.18 1267.42 1273.92
 2767.32 5196.66 1359.69 332.313 325.544
 1369.12 2020.9 356.955 93.3965 45.1878
 775.653 2034.67 433.557 76.5799 29.7314
 594.858 1199.75 492.846 105.018 25.7511
 561.939 1176.11 393.545 161.664 42.8949
 987.832 1387.65 491.484 164.458 85.4828
 578.742 1158.9 274.746 97.3106 49.4866
 1008.36 1916.51 681.45 161.555 86.3191
 1934.82 2939.31 978.041 347.761 126.496
 2222.89 4565.21 1201.65 399.844 193.887
 954.903 5399.82 1927.86 507.451 250.73
F
 0.0786895 0.424189 0.424189 0.424189 0.424189
 0.059743 0.322055 0.322055 0.322055 0.322055
 0.0839349 0.452465 0.452465 0.452465 0.452465
 0.0158653 0.0855245 0.0855245 0.0855245 0.0855245
 0.00330361 0.0178086 0.0178086 0.0178086 0.0178086
 0.0339237 0.182871 0.182871 0.182871 0.182871
 0.021393 0.115322 0.115322 0.115322 0.115322
 0.0433738 0.233814 0.233814 0.233814 0.233814
 0.0507438 0.273543 0.273543 0.273543 0.273543
 0.0425242 0.229234 0.229234 0.229234 0.229234
 0.0914921 0.493203 0.493203 0.493203 0.493203
 0.0864718 0.466141 0.466141 0.466141 0.466141
 0.138031 0.744078 0.744078 0.744078 0.744078
 0.250836 1.35217 1.35217 1.35217 1.35217
 0.249552 1.34525 1.34525 1.34525 1.34525
 0.097977 0.528161 0.528161 0.528161 0.528161
 0.0670805 0.361608 0.361608 0.361608 0.361608
 0.0446608 0.240751 0.240751 0.240751 0.240751
 0.036868 0.198743 0.198743 0.198743 0.198743
 0.03794 0.204522 0.204522 0.204522 0.204522
 0.0177097 0.095467 0.095467 0.095467 0.095467
 0.0233785 0.126025 0.126025 0.126025 0.126025
 0.0275154 0.148326 0.148326 0.148326 0.148326
 0.026194 0.141203 0.141203 0.141203 0.141203
 0.0256193 0.138105 0.138105 0.138105 0.138105
nmprior
 10.6 11 7 0
nm_flota  nm_reclas  nm_pelaces    nm_pelaL
inf 14.264 19.6523 48.0215
cv_recla  cv_pelaces  cv_mph
0.703989 0.524696 0.492099
 ------------------------------------------------
Talla a la edad & desviación 
 7.2 14.2025 17.0495 18.207 18.6776
 1.08 2.13037 2.55742 2.73105 2.80164
