years
 1997 1998 1999 2000 2001 2002 2003 2004 2005 2006 2007 2008 2009 2010 2011 2012 2013 2014 2015 2016 2017 2018 2019 2020 2021
reclasobs
 0 0 0 370054 412103 1.49427e+06 250295 1.28982e+06 931140 785840 897777 1.04006e+06 184774 17550 25797 100020 73551 82996 120727 218422 84188 347160 605670 569463 516374
reclaspred
 1.44618e+06 178659 179723 94501.1 254161 240856 531358 461197 600474 1.08838e+06 908055 568078 376839 161949 97348.9 92197.8 101863 119001 98248.5 177569 294737 250493 434986 515298 384630
pelacesobs
 0 0 0 0 0 0 0 0 0 2.06254e+06 1.5e+06 0 1.87456e+06 323000 250000 174000 83755 137374 0 501740 490994 745055 786931 1.00524e+06 1.33801e+06
pelacespred
 968529 340068 71110.2 83810 211236 151447 476085 396501 523315 954637 719270 464294 317716 108163 64517.7 65777.8 75477.1 90920 74908.2 133567 252742 211336 286034 395323 296903
mphobs
 0 0 0 0 0 112323 0 153150 637223 0 255016 313432 73983 77613 109348 50772 0 0 0 0 0 0 0 0 0
mphpred
 616814 257786 101125 34632.7 52330 131032 139648 179575 198801 277284 495464 347248 189971 111488 46128.8 35523.1 39972.5 47480.3 49832.3 46330.6 98570.8 125525 141868 208551 235008
desembarqueobs
 350755 77701 442110 56441 14545 235359 269955 359681 431902 328805 639364 411747 362871 311530 167758 66681 60226 58785 57116 73181 50977 67692 138656 160484 209506
desembarquepred
 350742 77677.4 441455 56409.9 14544 235225 269867 359112 431446 328550 638647 411397 362292 311022 167412 66629.1 60203.8 58745.4 57069.5 73108 50963.7 67653.8 138580 160408 209407
Reclutas
 6385.41 10873.7 1349.21 19810.9 52246 16176.9 52194.5 72884.3 91331.7 214999 53917.3 22851.7 54758.8 20778.7 13937.7 15049 9816 9717.88 7215.76 28340.2 29149.5 29620.2 63237.2 52241.6 1185.33
log_desv_Rt
 -1.21823 -0.685895 -2.77272 -0.0860106 0.883718 -0.288659 0.882732 1.21663 1.44225 2.29839 0.915207 0.0567808 0.930693 -0.0383168 -0.43765 -0.360933 -0.788231 -0.798278 -1.09598 0.272037 0.300193 0.316213 1.07465 0.883635 -2.90222
SSB
 1.55172e+06 648513 254400 87125.6 131647 329637 351314 451759 500125 697566 1.24644e+06 873573 477911 280470 116046 89365.6 100559 119446 125363 116554 247975 315785 356897 524652 591211
BT
 1.95503e+06 778696 374477 213817 390096 454816 1.04911e+06 1.09711e+06 1.32718e+06 2.01408e+06 1.84165e+06 1.19915e+06 928208 489824 254547 172619 184827 210572 184658 300694 492890 443983 612222 841384 708310
Ftot
 0.205855 0.317069 1.52002 1.05311 0.145749 0.977127 0.832101 1.58143 1.42414 0.723254 0.756335 0.585316 1.1199 2.05032 2.35092 1.0752 0.813848 0.609085 0.610226 0.799751 0.257372 0.298071 0.396184 0.376059 0.424214
BD_Bspro_t
 0.974745 0.818791 0.538789 0.183275 0.40501 0.67779 0.507131 0.519448 0.501729 0.536116 0.639559 0.476644 0.338313 0.264251 0.148029 0.144296 0.210617 0.312496 0.376687 0.41656 0.626877 0.732501 0.720798 0.734223 0.704429
BD_Bspro
 3.49947 1.46254 0.573726 0.196487 0.296892 0.743401 0.792288 1.01881 1.12789 1.57316 2.81099 1.97009 1.07779 0.63252 0.261709 0.201538 0.226782 0.269377 0.282721 0.262854 0.559237 0.712162 0.804879 1.1832 1.33331
BD_Bo
 1.686 0.70463 0.276414 0.0946647 0.143039 0.358161 0.381714 0.49085 0.543402 0.757927 1.3543 0.949165 0.519265 0.30474 0.126088 0.0970986 0.10926 0.129782 0.136211 0.12664 0.269433 0.34311 0.38778 0.570052 0.642369
BD_Brms
 4.54701 1.90034 0.745467 0.255304 0.385764 0.965933 1.02945 1.32379 1.46552 2.04407 3.65244 2.55983 1.40042 0.821861 0.34005 0.261868 0.294667 0.350013 0.367352 0.341538 0.726641 0.925343 1.04581 1.53739 1.73242
S_f
 0.0935211 0.662188 0.973852 0.998589 0.999926
 0.0935211 0.662188 0.973852 0.998589 0.999926
 0.0935211 0.662188 0.973852 0.998589 0.999926
 0.0935211 0.662188 0.973852 0.998589 0.999926
 0.0935211 0.662188 0.973852 0.998589 0.999926
 0.0935211 0.662188 0.973852 0.998589 0.999926
 0.0935211 0.662188 0.973852 0.998589 0.999926
 0.0935211 0.662188 0.973852 0.998589 0.999926
 0.0935211 0.662188 0.973852 0.998589 0.999926
 0.0935211 0.662188 0.973852 0.998589 0.999926
 0.0935211 0.662188 0.973852 0.998589 0.999926
 0.0935211 0.662188 0.973852 0.998589 0.999926
 0.0935211 0.662188 0.973852 0.998589 0.999926
 0.0935211 0.662188 0.973852 0.998589 0.999926
 0.0935211 0.662188 0.973852 0.998589 0.999926
 0.0935211 0.662188 0.973852 0.998589 0.999926
 0.0935211 0.662188 0.973852 0.998589 0.999926
 0.0935211 0.662188 0.973852 0.998589 0.999926
 0.0935211 0.662188 0.973852 0.998589 0.999926
 0.0935211 0.662188 0.973852 0.998589 0.999926
 0.0935211 0.662188 0.973852 0.998589 0.999926
 0.0935211 0.662188 0.973852 0.998589 0.999926
 0.0935211 0.662188 0.973852 0.998589 0.999926
 0.0935211 0.662188 0.973852 0.998589 0.999926
 0.0935211 0.662188 0.973852 0.998589 0.999926
Scru_reclas
 0.981317 1 1 1 1
 0.981317 1 1 1 1
 0.981317 1 1 1 1
 0.981317 1 1 1 1
 0.981317 1 1 1 1
 0.981317 1 1 1 1
 0.981317 1 1 1 1
 0.981317 1 1 1 1
 0.981317 1 1 1 1
 0.981317 1 1 1 1
 0.981317 1 1 1 1
 0.981317 1 1 1 1
 0.981317 1 1 1 1
 0.981317 1 1 1 1
 0.981317 1 1 1 1
 0.981317 1 1 1 1
 0.981317 1 1 1 1
 0.981317 1 1 1 1
 0.981317 1 1 1 1
 0.981317 1 1 1 1
 0.981317 1 1 1 1
 0.981317 1 1 1 1
 0.981317 1 1 1 1
 0.981317 1 1 1 1
 0.981317 1 1 1 1
Scru_pelaces
 1 1 1 1 1
 1 1 1 1 1
 1 1 1 1 1
 1 1 1 1 1
 1 1 1 1 1
 1 1 1 1 1
 1 1 1 1 1
 1 1 1 1 1
 1 1 1 1 1
 1 1 1 1 1
 1 1 1 1 1
 1 1 1 1 1
 1 1 1 1 1
 1 1 1 1 1
 1 1 1 1 1
 1 1 1 1 1
 1 1 1 1 1
 1 1 1 1 1
 1 1 1 1 1
 1 1 1 1 1
 1 1 1 1 1
 1 1 1 1 1
 1 1 1 1 1
 1 1 1 1 1
 1 1 1 1 1
pf_obs 
 0.256992 0.487395 0.22802 0.0275931 0
 0.321318 0.546541 0.124235 0.00734118 0.000564706
 0.182869 0.594174 0.210203 0.0122559 0.00049798
 0.330522 0.361315 0.267642 0.0388342 0.00168674
 0.649043 0.306663 0.0425973 0.00169635 0
 0.582887 0.30429 0.105238 0.00758474 0
 0.465427 0.430635 0.0974691 0.00646863 0
 0.296916 0.608066 0.0921331 0.00288517 0
 0.311714 0.524322 0.152257 0.0117073 0
 0.15457 0.633149 0.183074 0.0267441 0.00246327
 0.131901 0.49318 0.331252 0.0422183 0.00144891
 0.196976 0.569456 0.194076 0.0375587 0.00193317
 0.518974 0.381816 0.0799577 0.0180837 0.00116848
 0.0928022 0.601141 0.25162 0.0475244 0.00691264
 0.122501 0.610282 0.24278 0.0234846 0.000952079
 0.383417 0.481906 0.127806 0.00687128 0
 0.0376549 0.599619 0.316969 0.0457579 0
 0.0361596 0.667082 0.258105 0.0386534 0
 0.158088 0.579412 0.248529 0.0139706 0
 0.0477256 0.309471 0.559284 0.082774 0.000745712
 0.0406174 0.521527 0.379366 0.0568643 0.0016247
 0.151134 0.462217 0.34131 0.0453401 0
 0.294876 0.26143 0.354403 0.0886775 0.000613685
 0.281977 0.475581 0.204845 0.0348837 0.00271318
 0.0354234 0.537034 0.353287 0.0723622 0.0018943
pf_pred 
 0.0129985 0.644567 0.303003 0.0394287 2.85261e-06
 0.037954 0.0711064 0.657602 0.2071 0.0262372
 0.0136281 0.266036 0.0792668 0.476761 0.164307
 0.509582 0.0827892 0.176222 0.026623 0.204784
 0.441289 0.514178 0.011952 0.0144257 0.0181561
 0.0844283 0.751983 0.154739 0.00242246 0.00642729
 0.341941 0.2792 0.336966 0.039712 0.00217989
 0.338864 0.553313 0.0601055 0.042614 0.00510361
 0.325336 0.569675 0.0958773 0.00519381 0.00391815
 0.426188 0.468764 0.0959025 0.00838658 0.000759219
 0.0715351 0.782729 0.128407 0.0158682 0.00146083
 0.0500545 0.335938 0.55246 0.054456 0.00709095
 0.228539 0.244763 0.247495 0.252041 0.0271611
 0.128471 0.686792 0.0855126 0.0476791 0.051545
 0.204392 0.536677 0.232115 0.0128266 0.013989
 0.282293 0.574318 0.119629 0.0214457 0.00231465
 0.160261 0.643994 0.171841 0.0200777 0.00382608
 0.171761 0.488174 0.288275 0.0456679 0.00612255
 0.136369 0.526618 0.235857 0.0861818 0.0149744
 0.438821 0.306834 0.182803 0.0505697 0.0209729
 0.224486 0.668252 0.0719808 0.0256172 0.00966404
 0.165617 0.519856 0.284492 0.0203405 0.00969444
 0.278057 0.404232 0.227403 0.0819062 0.00840205
 0.162261 0.606943 0.153487 0.055801 0.0215078
 0.00407852 0.550182 0.358272 0.058749 0.0287194
pobs_RECLAS
 0 0 0 0 0
 0 0 0 0 0
 0 0 0 0 0
 0 0 0 0 0
 0.835266 0.146461 0.0176864 0.000547809 3.91292e-05
 0.385257 0.428462 0.181853 0.0044286 0
 0.867414 0.0963971 0.0333333 0.00285562 0
 0.441836 0.489002 0.0689373 0.000224442 0
 0.779404 0.147425 0.0564933 0.0165055 0.000172143
 0.814271 0.122319 0.05973 0.00367925 0
 0.40263 0.566651 0.0304383 0.000280538 0
 0.475488 0.404961 0.113038 0.00651328 0
 0.955842 0.0263864 0.0167828 0.000988607 0
 0.975058 0.0227948 0.00214734 0 0
 0.738997 0.206755 0.0527124 0.00153531 0
 0.850938 0.134255 0.0134407 0.00136685 0
 0.542534 0.407297 0.0501686 0 0
 0.764087 0.199537 0.0359546 0.000420521 0
 0.470689 0.182191 0.310203 0.0369168 0
 0.84361 0.089868 0.0606195 0.00523954 0.000663233
 0.607945 0.314616 0.071237 0.00620181 0
 0.523733 0.453247 0.0230204 0 0
 0.530135 0.295979 0.169645 0.0042399 0
 0.562478 0.366248 0.0663022 0.0049721 0
 0.250443 0.683176 0.0655157 0.000865301 0
ppred_RECLAS
 0.094136 0.666788 0.21216 0.0269136 1.94451e-06
 0.285462 0.0760378 0.474452 0.145624 0.0184236
 0.127413 0.327432 0.0617145 0.359689 0.123752
 0.915606 0.0202903 0.0281862 0.00413786 0.0317796
 0.850024 0.141807 0.0022345 0.0026295 0.00330502
 0.417539 0.50987 0.0687714 0.0010466 0.00277264
 0.823754 0.0930713 0.0742015 0.00850673 0.000466267
 0.806636 0.172494 0.0117984 0.00810236 0.000968713
 0.793945 0.184458 0.0197761 0.00103875 0.000782331
 0.850391 0.130268 0.0176989 0.00150634 0.000136168
 0.369257 0.56163 0.0610913 0.00734649 0.000675333
 0.32372 0.304907 0.335034 0.0321579 0.00418149
 0.743113 0.108054 0.0710197 0.0702543 0.00755916
 0.562577 0.377168 0.0284367 0.0153043 0.0165138
 0.709483 0.226453 0.0576573 0.00306769 0.00333888
 0.756453 0.209601 0.0284557 0.0049564 0.000534125
 0.599463 0.333697 0.058874 0.00669208 0.0012734
 0.631772 0.251675 0.0992023 0.0153018 0.00204854
 0.564789 0.305681 0.0913791 0.0325109 0.00564085
 0.869789 0.0843211 0.0332391 0.0089461 0.0037048
 0.680288 0.288659 0.0210156 0.00729034 0.00274651
 0.614012 0.274248 0.101319 0.00706039 0.00336043
 0.760982 0.156728 0.0593339 0.0208233 0.00213312
 0.600581 0.318554 0.054249 0.0192183 0.00739723
 0.0328647 0.627241 0.274605 0.043872 0.0214169
pobs_PELACES
 0 0 0 0 0
 0 0 0 0 0
 0 0 0 0 0
 0 0 0 0 0
 0 0 0 0 0
 0 0 0 0 0
 0 0 0 0 0
 0 0 0 0 0
 0 0 0 0 0
 0 0 0 0 0
 0.450072 0.473896 0.0757376 0.000293798 0
 0 0 0 0 0
 0.463077 0.371075 0.160297 0.00555027 0
 0.529543 0.364841 0.0842815 0.0213345 0
 0.631943 0.363953 0.00410389 0 0
 0.735681 0.248677 0.0153453 0.000297389 0
 0.695825 0.281241 0.0229344 0 0
 0.275771 0.60734 0.115278 0.00161068 0
 0 0 0 0 0
 0.896147 0.0623911 0.0374545 0.00400742 0
 0.803859 0.145111 0.0509908 3.86294e-05 0
 0.739449 0.233085 0.0266225 0.000797448 4.60066e-05
 0.878498 0.100942 0.0204185 0.000141795 0
 0.694673 0.275183 0.0284847 0.00165964 0
 0.469039 0.446079 0.0841089 0.000773354 0
ppred_PELACES
 0.099655 0.666443 0.207608 0.0262919 1.89943e-06
 0.308001 0.075858 0.458144 0.140255 0.0177419
 0.179665 0.340643 0.0549125 0.316099 0.108681
 0.936164 0.0167076 0.0208267 0.00303129 0.0232701
 0.855926 0.136343 0.00211644 0.00248761 0.00312647
 0.47038 0.469229 0.0572385 0.000864161 0.00228835
 0.85281 0.0808841 0.0591961 0.00674051 0.000369322
 0.853308 0.133084 0.00773636 0.00524467 0.000626612
 0.838818 0.146392 0.0135565 0.000703836 0.000529758
 0.870076 0.114193 0.0144027 0.00121858 0.000110121
 0.409434 0.530242 0.0533605 0.00637733 0.000586047
 0.360045 0.298168 0.308488 0.0294688 0.00383083
 0.795594 0.0920057 0.0538927 0.0528268 0.0056812
 0.664368 0.297489 0.0181649 0.00961387 0.0103643
 0.802467 0.161686 0.0323251 0.00168719 0.00183444
 0.797193 0.177156 0.021533 0.00371784 0.000400461
 0.643005 0.301499 0.048922 0.00552404 0.00105076
 0.666549 0.232424 0.0860511 0.0132074 0.00176768
 0.601732 0.28501 0.0800171 0.028327 0.00491361
 0.890598 0.0729179 0.0264743 0.00707903 0.00293057
 0.695267 0.275853 0.0195586 0.00677067 0.00255045
 0.633636 0.262617 0.0940929 0.0065409 0.00311277
 0.779958 0.14634 0.0531892 0.0186066 0.00190571
 0.623688 0.30251 0.0495621 0.0175041 0.00673631
 0.0366811 0.634429 0.265894 0.0423334 0.020662
pobs_pel_tallas
 0 0 0 0 0 0 0 0 0 0 0 0 0 0 0 0 0 0 0 0 0 0 0 0 0 0 0 0 0 0 0 0 0 0 0 0
 0 0 0 0 0 0 0 0 0 0 0 0 0 0 0 0 0 0 0 0 0 0 0 0 0 0 0 0 0 0 0 0 0 0 0 0
 0 0 0 0 0 0 0 0 0 0 0 0 0 0 0 0 0 0 0 0 0 0 0 0 0 0 0 0 0 0 0 0 0 0 0 0
 0 0 0 0 0 0 0 0 0 0 0 0 0 0 0 0 0 0 0 0 0 0 0 0 0 0 0 0 0 0 0 0 0 0 0 0
 0 0 0 0 0 0 0 0 0 0 0 0 0 0 0 0 0 0 0 0 0 0 0 0 0 0 0 0 0 0 0 0 0 0 0 0
 0 0 0 0 0 0 0 0 0 0 0 0 0 0 0 0 0 0 0 0 0 0 0 0 0 0 0 0 0 0 0 0 0 0 0 0
 0 0 0 0 0 0 0 0 0 0 0 0 0 0 0 0 0 0 0 0 0 0 0 0 0 0 0 0 0 0 0 0 0 0 0 0
 0 0 0 0 0 0 0 0 0 0 0 0 0 0 0 0 0 0 0 0 0 0 0 0 0 0 0 0 0 0 0 0 0 0 0 0
 0 0 0 0 0 0 0 0 0 0 0 0 0 0 0 0 0 0 0 0 0 0 0 0 0 0 0 0 0 0 0 0 0 0 0 0
 0 0 0 0 0 0 0 0 0 0 0 0 0 0 0 0 0 0 0 0 0 0 0 0 0 0 0 0 0 0 0 0 0 0 0 0
 0 0 0 0 0 0 0 0 1.78061e-05 0.00172719 0.00360574 0.0105946 0.0120993 0.0124554 0.0147524 0.0171206 0.0266825 0.0428682 0.0675386 0.121331 0.153587 0.119568 0.100827 0.0573624 0.0630603 0.0341343 0.0324427 0.0444173 0.0211091 0.0280891 0.0125444 0.00206551 0 0 0 0
 0 0 0 0 0 0 0 0 0 0 0 0 0 0 0 0 0 0 0 0 0 0 0 0 0 0 0 0 0 0 0 0 0 0 0 0
 0 0 0 0 0 0 0.0133647 0.0140871 0.0187388 0.0205184 0.03894 0.0496705 0.03968 0.0493445 0.0407372 0.0367815 0.0215668 0.0243155 0.0234873 0.0199281 0.019796 0.0243948 0.0301388 0.0376714 0.0412746 0.0863199 0.0771752 0.113111 0.0741005 0.0525337 0.0229764 0.00759418 0.00175318 0 0 0
 0 0 0 0 0 0 0 0 0 0 0.00219441 0.00772107 0.0458388 0.0604681 0.0671733 0.0775358 0.0609151 0.0617685 0.073594 0.0568108 0.0755445 0.0548602 0.0670107 0.0636378 0.0643287 0.046367 0.0373049 0.0286899 0.0247887 0.0153202 0.00654259 0.00121912 0.000365735 0 0 0
 0 0 0 0 0 0 0 0 0 0 0 0 0.000112435 0.00938835 0.0111873 0.0202946 0.0414886 0.0713402 0.111592 0.104902 0.108894 0.110636 0.117776 0.105296 0.107544 0.0401394 0.0192827 0.0124803 0.00416011 0.0028671 0.000618394 0 0 0 0 0
 0 0 0 0 0 0 0 0 0 0 0.00291406 0.0102884 0.027416 0.0768956 0.0749926 0.110853 0.0956884 0.0897413 0.0766577 0.0534642 0.0500743 0.0551293 0.0594112 0.0620874 0.0668451 0.0424026 0.0208742 0.0120726 0.0048766 0.00582813 0.00118941 0.000297354 0 0 0 0
 0 0.00264628 0.0354308 0.0461629 0.0458689 0.0383711 0.0214643 0.0164657 0.0346957 0.0420465 0.0363128 0.0245516 0.0311673 0.0291091 0.0169068 0.0133784 0.00837989 0.0085269 0.0148486 0.0160247 0.0276389 0.0546898 0.0760071 0.122758 0.109233 0.0665981 0.0333725 0.0166128 0.00676272 0.00308733 0.000882094 0 0 0 0 0
 0 0 0 0 0 0 0 0.000805153 0.000690131 0.00759144 0.0133425 0.0154129 0.00931677 0.000345066 0.00356568 0.00563607 0.00851162 0.0253048 0.0502646 0.0516448 0.0657925 0.0565908 0.0611916 0.0827007 0.0866115 0.110766 0.145733 0.0935128 0.0569358 0.0249597 0.0138026 0.00621118 0.00161031 0.00115022 0 0
 0 0 0 0 0 0 0 0 0 0 0 0 0 0 0 0 0 0 0 0 0 0 0 0 0 0 0 0 0 0 0 0 0 0 0 0
 0.00147267 0.00158595 0.00478618 0.00569244 0.00954404 0.0108468 0.00647125 0.017049 0.0510054 0.094081 0.124002 0.0959785 0.0687766 0.0820023 0.061753 0.0591476 0.0492212 0.0479892 0.0443925 0.0268479 0.0217502 0.0140895 0.0121071 0.0120363 0.00920419 0.00665534 0.0049561 0.00860946 0.00930331 0.0156896 0.0114698 0.00855282 0.00243557 0.00046729 0 2.83206e-05
 0 0 0 0 0.000772559 0.00158375 0.000888443 0.00281984 0.00712685 0.0440552 0.0773331 0.111326 0.0921469 0.0852325 0.0710754 0.0886704 0.0786465 0.0553345 0.0373146 0.0185414 0.00753245 0.00457741 0.012979 0.0271748 0.0457355 0.0583668 0.034881 0.0177882 0.00938659 0.00492506 0.0015258 0.00185414 0.000309023 5.79419e-05 3.86279e-05 0
 0 0.00173294 0.00326652 0 0.00397197 0.00683976 0.00946217 0.0152591 0.00757587 0.0136028 0.0228656 0.0392903 0.0559909 0.0764795 0.0681675 0.0726916 0.0566044 0.0477403 0.0527397 0.0444891 0.0609904 0.0582453 0.0661739 0.0445044 0.0529084 0.0360697 0.0280645 0.0235558 0.0158879 0.00826598 0.00280645 0.00217768 0.000904811 0.00058276 9.20147e-05 0
 0 0 0 0 0 0 0 0 0 0 0 0 0 0 0 0 0 0 0 0 0 0 0 0 0 0 0 0 0 0 0 0 0 0 0 0
 0 0 0 0 0 0 0 0 0 0 0 0 0 0 0 0 0 0 0 0 0 0 0 0 0 0 0 0 0 0 0 0 0 0 0 0
 0 0 0 0 0 0 0 0 0 0 0 0 0 0 0 0 0 0 0 0 0 0 0 0 0 0 0 0 0 0 0 0 0 0 0 0
ppred_pel_tallas
 1.04068e-16 4.38557e-06 2.5646e-05 0.000121713 0.000468274 0.00145998 0.0036885 0.0075524 0.0125388 0.0168993 0.0185483 0.0167378 0.0128042 0.00913374 0.00754016 0.00862234 0.0122058 0.0179513 0.0255549 0.0346294 0.044551 0.0544251 0.0631891 0.0698102 0.0735102 0.0739387 0.0712403 0.065988 0.0590192 0.0512281 0.0433862 0.0360373 0.0294783 0.0238038 0.0189821 0.0149256
 1.12177e-16 1.3447e-05 7.88976e-05 0.000374995 0.00144367 0.00450186 0.0113713 0.0232677 0.0385707 0.0518055 0.0563909 0.0497798 0.0357205 0.0210264 0.0105552 0.00528411 0.00382467 0.00455116 0.00652569 0.00941227 0.0131396 0.0176773 0.0229409 0.0287625 0.0348879 0.0409868 0.0466746 0.0515442 0.0552072 0.0573417 0.0577393 0.0563413 0.0532559 0.0487468 0.043198 0.0370573
 1.16831e-16 7.86018e-06 4.60775e-05 0.000218919 0.000842661 0.00262758 0.00663737 0.0135835 0.0225259 0.0302813 0.0330303 0.0293213 0.021396 0.0133098 0.00800384 0.00617302 0.00712793 0.0100008 0.0142421 0.019533 0.0255731 0.0319735 0.0382659 0.0439811 0.0487446 0.0523466 0.0547629 0.0561142 0.0565881 0.0563528 0.0554971 0.0540179 0.0518517 0.04893 0.0452387 0.0408524
 1.01493e-16 4.08345e-05 0.000239694 0.00113946 0.00438707 0.0136808 0.0345563 0.0707052 0.117196 0.157372 0.171204 0.150899 0.107768 0.0623884 0.0293327 0.0113104 0.00377512 0.00141414 0.00100045 0.00118885 0.00155827 0.00199664 0.00246512 0.00293684 0.00338777 0.0037978 0.00415191 0.00443943 0.00465228 0.00478301 0.0048242 0.00476949 0.00461586 0.00436607 0.00403027 0.00362601
 1.00307e-16 3.73405e-05 0.000219171 0.00104186 0.00401127 0.0125088 0.0315962 0.0646495 0.107162 0.143909 0.156585 0.138081 0.0987583 0.057465 0.0275676 0.0115932 0.00543166 0.00425447 0.0051029 0.00668538 0.00849458 0.0102538 0.0117283 0.0127111 0.0130583 0.012723 0.0117672 0.0103445 0.00866108 0.00692775 0.00531826 0.00394492 0.00285429 0.00203905 0.001458 0.00105633
 1.01102e-16 2.05426e-05 0.000120521 0.000572801 0.00220515 0.0068764 0.0173697 0.0355435 0.0589281 0.0791714 0.0862402 0.0762745 0.0550458 0.0330246 0.0177074 0.0106593 0.00979461 0.0125798 0.0173955 0.0233682 0.029858 0.0361757 0.0415599 0.0452946 0.046866 0.0460845 0.0431287 0.0384903 0.0328468 0.0269016 0.0212457 0.0162752 0.0121756 0.00895811 0.00652227 0.00471887
 1.01116e-16 3.72026e-05 0.000218365 0.00103804 0.00399658 0.012463 0.0314805 0.0644124 0.106767 0.143375 0.155993 0.137532 0.0983072 0.0570853 0.0271677 0.0110544 0.00463588 0.00309672 0.00350303 0.00460687 0.00596815 0.00739654 0.00874866 0.00989197 0.0107189 0.0111654 0.0112207 0.0109218 0.0103385 0.00955251 0.00864089 0.00766571 0.00667255 0.00569405 0.00475545 0.00387832
 1.00363e-16 3.72263e-05 0.0002185 0.00103868 0.003999 0.0124705 0.0314995 0.0644517 0.106834 0.143468 0.156105 0.137657 0.0984523 0.0572818 0.0274704 0.0115367 0.00538286 0.00419548 0.00502629 0.00659042 0.00838616 0.0101425 0.0116303 0.0126463 0.0130477 0.0127851 0.0119138 0.0105782 0.00897401 0.00730266 0.00573119 0.00436901 0.00326377 0.00241255 0.00178066 0.00132057
 1.0029e-16 3.6595e-05 0.000214793 0.00102105 0.00393112 0.0122589 0.0309648 0.0633578 0.105021 0.141035 0.153462 0.135334 0.0968112 0.0563667 0.0271061 0.0115121 0.0055637 0.00453401 0.00552523 0.00726791 0.00925444 0.0111968 0.0128441 0.0139716 0.0144204 0.014134 0.0131713 0.0116894 0.00990313 0.00803478 0.00627017 0.00473294 0.00347946 0.00251048 0.00179115 0.00127124
 1.00289e-16 3.79567e-05 0.00022279 0.00105907 0.00407754 0.0127155 0.0321182 0.0657174 0.108931 0.146283 0.159163 0.140341 0.100346 0.058332 0.0278769 0.0115404 0.00513586 0.00374983 0.00437724 0.00571834 0.00728242 0.00882291 0.0101401 0.0110576 0.0114499 0.0112703 0.0105618 0.00944304 0.00807818 0.00663756 0.00526434 0.0040546 0.0030535 0.0022641 0.00166259 0.00121347
 1.01177e-16 1.78875e-05 0.000104928 0.000498657 0.00191965 0.00598609 0.0151209 0.0309428 0.0513041 0.0689394 0.0751236 0.0665113 0.0481495 0.0291866 0.0161934 0.0105855 0.0105995 0.014065 0.019572 0.0263074 0.0336001 0.0406833 0.0466991 0.0508407 0.0525317 0.0515638 0.0481461 0.0428424 0.0364252 0.0296942 0.0233192 0.017746 0.0131797 0.00962568 0.00696209 0.00501242
 1.05668e-16 1.57251e-05 9.22523e-05 0.000438441 0.00168788 0.00526336 0.0132951 0.0272054 0.0451034 0.0605952 0.0659992 0.0583579 0.0420849 0.02519 0.013408 0.00793981 0.00720429 0.00929872 0.0130489 0.0178839 0.0234381 0.029317 0.0350497 0.0401422 0.0441645 0.0468252 0.0480101 0.0477719 0.0462849 0.0437832 0.0405086 0.0366819 0.0324974 0.0281317 0.0237541 0.0195275
 1.02876e-16 3.4708e-05 0.000203719 0.000968414 0.00372849 0.011627 0.0293687 0.0600916 0.0996059 0.13376 0.145536 0.128324 0.0917497 0.0533268 0.0254725 0.0105288 0.00467328 0.00342396 0.00405127 0.0053931 0.00703402 0.00878467 0.0104944 0.0120209 0.0132466 0.0140984 0.0145564 0.0146469 0.0144248 0.0139522 0.0132822 0.0124521 0.0114865 0.0104059 0.00923549 0.00801042
 1.0117e-16 2.89943e-05 0.000170156 0.000808808 0.00311389 0.00971033 0.0245277 0.050188 0.0831964 0.111743 0.121632 0.107368 0.0770307 0.0453048 0.0226382 0.0110781 0.0075179 0.0082678 0.0110342 0.0147355 0.0188029 0.0227625 0.0261273 0.0284478 0.0294054 0.0288888 0.0270201 0.0241184 0.0206169 0.0169601 0.0135156 0.0105224 0.00808271 0.00618717 0.00475761 0.00368932
 1.00656e-16 3.50106e-05 0.000205489 0.000976814 0.0037608 0.0117277 0.0296233 0.060613 0.100472 0.134929 0.146823 0.129493 0.0926625 0.0540114 0.0260867 0.0112752 0.00574196 0.00497489 0.00620615 0.0082167 0.0105053 0.0127699 0.0147368 0.0161558 0.016845 0.0167309 0.0158644 0.0144025 0.0125661 0.0105871 0.00866199 0.00692519 0.00544355 0.00422838 0.00325576 0.00248644
 1.0051e-16 3.47812e-05 0.000204141 0.000970402 0.00373611 0.0116507 0.0294288 0.0602152 0.0998131 0.134045 0.145865 0.128657 0.0920828 0.0537112 0.0260118 0.0113618 0.00595708 0.00531785 0.00669194 0.00885846 0.0113015 0.0136968 0.0157454 0.0171756 0.0177931 0.0175258 0.01644 0.0147198 0.0126187 0.0104 0.00828455 0.00642001 0.00487524 0.00365414 0.00271941 0.00201617
 1.01032e-16 2.8063e-05 0.000164688 0.00078281 0.00301379 0.00939818 0.0237392 0.0485748 0.0805227 0.108154 0.117729 0.103932 0.074586 0.0439087 0.0220187 0.0109056 0.00757212 0.0084554 0.0113407 0.0151802 0.0194152 0.0235703 0.0271509 0.0296944 0.030866 0.0305356 0.0288064 0.0259809 0.0224808 0.0187459 0.0151474 0.0119365 0.00923451 0.00705596 0.00534741 0.00402615
 1.01834e-16 2.90869e-05 0.000170705 0.000811432 0.00312402 0.00974192 0.0246074 0.0503507 0.0834644 0.112098 0.122005 0.107664 0.0771726 0.0452468 0.0223493 0.0105119 0.00659983 0.00690516 0.00914248 0.0122719 0.0157998 0.0193517 0.0225463 0.0250202 0.0264968 0.0268447 0.0261015 0.0244519 0.0221722 0.0195603 0.0168751 0.014302 0.0119459 0.00984753 0.0080077 0.00641037
 1.02432e-16 2.62627e-05 0.00015412 0.000732572 0.00282037 0.00879499 0.0222156 0.0454573 0.075355 0.101213 0.110176 0.0972692 0.0698158 0.0411231 0.0206652 0.0103102 0.00726175 0.00819598 0.0110522 0.014862 0.0191133 0.0233687 0.0271666 0.0300681 0.0317435 0.0320448 0.0310334 0.0289503 0.0261459 0.0229911 0.0198021 0.0167967 0.0140885 0.0117082 0.00963741 0.00783997
 1.0078e-16 3.88499e-05 0.000228038 0.00108403 0.00417364 0.0130152 0.0328752 0.0672659 0.111497 0.149725 0.162898 0.14361 0.102633 0.0595572 0.0282685 0.0113687 0.00455636 0.00279325 0.00300798 0.00389437 0.00499629 0.00612599 0.00715176 0.00795851 0.00845956 0.00861331 0.00843031 0.00796633 0.00730495 0.00653584 0.00573626 0.00496056 0.0042388 0.00358204 0.00299039 0.00246023
 1.0072e-16 3.03408e-05 0.000178063 0.000846403 0.00325865 0.0101618 0.0256679 0.0525209 0.0870625 0.116933 0.127272 0.112326 0.0805439 0.047282 0.0234613 0.0112079 0.00725544 0.00773133 0.0102344 0.0136467 0.0174045 0.0210583 0.0241535 0.026271 0.0271139 0.0265782 0.0247774 0.022009 0.0186782 0.0152024 0.0119286 0.00908513 0.00677305 0.00498854 0.00366177 0.00269563
 1.01792e-16 2.7653e-05 0.000162284 0.00077139 0.00296984 0.00926111 0.0233929 0.047866 0.0793469 0.106572 0.116 0.10239 0.0734445 0.043167 0.0215192 0.0104517 0.00700337 0.00766249 0.010258 0.0137846 0.0177354 0.0216976 0.0252413 0.027956 0.0295305 0.0298197 0.0288715 0.0269018 0.0242309 0.0212033 0.0181188 0.0151913 0.0125415 0.0102139 0.00820523 0.00649069
 1.01532e-16 3.40285e-05 0.000199725 0.000949413 0.00365531 0.0113988 0.0287923 0.0589126 0.0976533 0.131143 0.142701 0.125854 0.09005 0.052472 0.0253129 0.0108911 0.00547963 0.00469592 0.00585755 0.0077931 0.0100342 0.0123096 0.0143742 0.0159999 0.0170125 0.0173279 0.0169666 0.0160396 0.0147138 0.0131685 0.0115584 0.00999281 0.00853262 0.00720105 0.00599968 0.00492256
 1.01719e-16 2.72207e-05 0.000159743 0.000759301 0.00292328 0.0091159 0.0230262 0.047116 0.0781047 0.104907 0.114197 0.100821 0.0723674 0.0426309 0.0214308 0.0107022 0.00754413 0.00850577 0.011442 0.0153357 0.0196399 0.0238834 0.027574 0.0302499 0.031575 0.031416 0.0298704 0.0272322 0.0239117 0.0203361 0.0168638 0.0137345 0.0110614 0.00885552 0.00706519 0.0056147
 1.06402e-16 1.63841e-06 9.52051e-06 4.50568e-05 0.000173137 0.000539609 0.00136371 0.00279548 0.00465345 0.00630884 0.00702191 0.00656658 0.00551435 0.00486224 0.00543757 0.00765183 0.0116351 0.0174122 0.024916 0.0338849 0.0437742 0.0537574 0.0628338 0.0700149 0.0745354 0.0760157 0.0745279 0.0705384 0.0647607 0.0579697 0.0508423 0.0438665 0.0373271 0.0313474 0.0259551 0.0211405
pSPR Fmed_Fpbrs
0.510084   0.420793 0.420793
Fs Fmed_Fpbrs
0.67819   1.005 1.005
SSBpbr Bo_Bmed_Bpbrs
920360  423442  341262 341262
Ro
21590.3
SPR SPRFo_SPRFmed_SPRFpbrs
443417 226180 186587
log_Ro
9.8
likeval ReclasPelacesDesembMPH_pf_preclas_ppelaces_ptallas_desvR_qrecl_qpela
 95.2095 91.0292 0.113494 0.000187524 358.113 194.991 83.1706 0 48.9569 9.09234e-06 0 0 0 0 0
q_reclas_q_pelaces
0.652276 1
M
0.7
N
 6385.41 47059.8 15461.7 1966.4 0.142092
 10873.7 3110.44 20391.2 6283.3 795.098
 1349.21 5241.97 1252.08 7435.95 2560.95
 19810.9 581.216 951.384 141.499 1087.5
 52246 8915.1 143.705 169.414 212.957
 16176.9 25593.3 4019.8 61.919 164.143
 52194.5 7331.68 6654.48 770.786 42.2715
 72884.3 23978.5 2098.45 1469.54 175.883
 91331.7 31217.4 4178.5 223.379 168.397
 214999 39698.4 6037.14 518.432 46.8873
 53917.3 99782.4 12211.5 1482.29 136.33
 22851.7 24946.1 30028.8 2903.23 377.653
 54758.8 10743.3 8407.54 8432.94 908.039
 20778.7 24488.5 2541.36 1402.85 1515.8
 13937.7 8517.99 3128.36 171.357 186.799
 15049 5555.19 891.748 157.404 16.9747
 9816 6758.21 1353.57 155.414 29.5889
 9717.88 4517.24 1957.83 304.276 40.7518
 7215.76 4558.55 1498.66 537.234 93.2517
 28340.2 3384.47 1511.22 410.78 170.205
 29149.5 13059.1 989.667 344.411 129.773
 29620.2 14131 5468.8 382.499 182.089
 63237.2 14304.6 5760.3 2031.52 208.162
 52241.6 30260.4 5464.29 1944.81 748.756
 1185.33 25045.9 11714.4 1881.38 918.694
pred_Ctot
 87.6594 4346.84 2043.4 265.9 0.0192375
 228.872 428.789 3965.5 1248.87 158.217
 129.636 2530.64 754.016 4535.14 1562.95
 1343.93 218.341 464.754 70.2132 540.079
 509.076 593.162 13.788 16.6416 20.9451
 1021.37 9097.14 1871.96 29.3058 77.7544
 2822.94 2304.98 2781.87 327.848 17.9964
 7267.89 11867.3 1289.13 913.976 109.461
 8253.7 14452.5 2432.39 131.766 99.4027
 10152.1 11166.3 2284.47 199.775 18.0852
 2658.8 29092.3 4772.59 589.787 54.2957
 878.19 5893.93 9692.73 955.412 124.408
 3939.62 4219.29 4266.37 4344.75 468.209
 2636.36 14093.7 1754.81 978.425 1057.76
 2003.54 5260.73 2275.29 125.732 137.126
 1041.37 2118.65 441.31 79.1129 8.53871
 519.64 2088.12 557.186 65.1009 12.4059
 388.245 1103.46 651.614 103.227 13.8393
 288.808 1115.29 499.507 182.519 31.7134
 1475.14 1031.45 614.509 169.995 70.5023
 499.251 1486.18 160.084 56.9721 21.4926
 586.552 1841.13 1007.56 72.0382 34.334
 1657.74 2409.98 1355.75 488.315 50.092
 1301 4866.44 1230.65 447.41 172.449
 33.2331 4483.06 2919.31 478.706 234.015
F
 0.0192518 0.136315 0.200473 0.205565 0.20584
 0.0296527 0.209959 0.308779 0.316622 0.317046
 0.142154 1.00654 1.48027 1.51787 1.5199
 0.098488 0.697356 1.02557 1.05162 1.05303
 0.0136306 0.0965134 0.141938 0.145544 0.145739
 0.091382 0.647041 0.951577 0.975748 0.977054
 0.077819 0.551007 0.810343 0.830926 0.832039
 0.147897 1.04721 1.54008 1.5792 1.58132
 0.133187 0.943045 1.3869 1.42213 1.42403
 0.0676396 0.47893 0.704343 0.722234 0.723201
 0.0707333 0.500835 0.736558 0.755267 0.756278
 0.0547394 0.387589 0.570011 0.58449 0.585272
 0.104735 0.741586 1.09062 1.11832 1.11982
 0.191748 1.35769 1.99671 2.04742 2.05016
 0.219861 1.55675 2.28945 2.3476 2.35075
 0.100554 0.711987 1.04709 1.07369 1.07512
 0.076112 0.53892 0.792567 0.812699 0.813787
 0.0569623 0.403329 0.593159 0.608226 0.60904
 0.0570691 0.404084 0.59427 0.609365 0.610181
 0.0747936 0.529585 0.778839 0.798622 0.799691
 0.0240698 0.170429 0.250643 0.257009 0.257353
 0.0278759 0.197379 0.290277 0.29765 0.298049
 0.0370516 0.262348 0.385825 0.395625 0.396155
 0.0351695 0.249022 0.366226 0.375528 0.376031
 0.0396729 0.280909 0.413121 0.423615 0.424182
nmprior
 10.6 11 7 0
nm_flota  nm_reclas  nm_pelaces    nm_pelaL
inf 30.1393 21.1105 52.7045
cv_recla  cv_pelaces  cv_mph
0.882602 1.08184 0.44429
 ------------------------------------------------
Talla a la edad & desviación 
 7.2 14.2025 17.0495 18.207 18.6776
 1.08 2.13037 2.55742 2.73105 2.80164
