years
 1997 1998 1999 2000 2001 2002 2003 2004 2005 2006 2007 2008 2009 2010 2011 2012 2013 2014 2015 2016 2017 2018 2019 2020 2021
reclasobs
 0 0 0 370054 412103 1.49427e+06 250295 1.28982e+06 931140 785840 897777 1.04006e+06 184774 17550 25797 100020 73551 82996 120727 218422 84188 347160 605670 569463 516374
reclaspred
 633584 174614 512525 151899 215093 252501 638097 367189 549430 1.18174e+06 1.42326e+06 934027 476894 198765 125984 112604 114552 137653 107229 180774 371568 308852 455126 548699 380062
pelacesobs
 0 0 0 0 0 0 0 0 0 2.06254e+06 1.5e+06 0 1.87456e+06 323000 250000 174000 83755 137374 0 501740 490994 745055 786931 1.00524e+06 1.33801e+06
pelacespred
 258269 107311 130340 105179 124549 102115 380655 203771 303949 679215 738261 500593 261720 85921.3 52569 53096 56513.5 67245.4 54294.8 89543.4 198743 186069 203487 270527 187965
mphobs
 0 0 0 0 0 112323 0 153150 637223 0 255016 313432 73983 77613 109348 50772 0 0 0 0 0 0 0 0 0
mphpred
 558654 167504 350197 208656 120629 278458 311980 560064 307938 739928 1.40491e+06 1.02071e+06 545261 271860 116287 100048 94245.1 113929 111009 99344 265043 323090 306184 467115 424584
desembarqueobs
 350755 77701 442110 56441 14545 235359 269955 359681 431902 328805 639364 411747 362871 311530 167758 66681 60226 58785 57116 73181 50977 67692 138656 160484 209506
desembarquepred
 350542 77646.3 441501 56446.8 14544.9 235068 270254 359688 431159 328571 638695 411541 361703 310310 167517 66715.2 60261.7 58857.2 57207.3 73159.5 50977.8 67670.9 138635 160492 209299
Reclutas
 2111.95 87573.4 431.944 2078.79 48678.2 6940.37 93458.6 8378.78 132436 243586 62224.2 14315.1 46188.3 25899.4 20271.8 12551.9 11214.4 9028.46 5060.42 35441.9 28897 18353.1 69638.6 30026.1 162.411
log_desv_Rt
 -2.02463 1.70023 -3.6117 -2.04046 1.11299 -0.834889 1.76527 -0.646542 2.11385 2.72322 1.3585 -0.110931 1.06048 0.481976 0.236988 -0.242376 -0.355045 -0.571862 -1.1508 0.795649 0.591492 0.137556 1.47107 0.629822 -4.58987
SSB
 558654 167504 350197 208656 120629 278458 311980 560064 307938 739928 1.40491e+06 1.02071e+06 545261 271860 116287 100048 94245.1 113929 111009 99344 265043 323090 306184 467115 424584
BT
 736468 337039 449771 257652 360636 374542 1.47278e+06 778887 1.36963e+06 2.19477e+06 2.05407e+06 1.30753e+06 937666 485733 277155 172257 184002 197775 157783 314665 508673 421620 570233 676714 517112
Ftot
 0.520604 0.427256 0.787016 0.35509 0.0660814 0.846227 0.40735 0.886745 0.741089 0.269011 0.426816 0.41875 0.705128 1.34682 1.18708 0.55861 0.499372 0.408122 0.504037 0.389197 0.133468 0.211882 0.293502 0.2815 0.518087
BD_Bspro_t
 0.920575 0.588221 0.628176 0.31936 0.313303 0.561094 0.466593 0.549698 0.384486 0.541519 0.6547 0.498991 0.355309 0.249731 0.143808 0.15012 0.188498 0.281133 0.324404 0.360945 0.611552 0.704175 0.667774 0.683943 0.596029
BD_Bspro
 1.70067 0.50992 1.06607 0.635194 0.36722 0.847686 0.949735 1.70496 0.937429 2.2525 4.27685 3.10727 1.65989 0.8276 0.354004 0.304569 0.286903 0.346826 0.337934 0.302425 0.806849 0.983555 0.93209 1.422 1.29253
BD_Bo
 0.638728 0.191513 0.400391 0.238563 0.137919 0.31837 0.356697 0.64034 0.352075 0.845984 1.60628 1.16701 0.623414 0.310826 0.132955 0.114388 0.107754 0.130259 0.12692 0.113583 0.303032 0.369399 0.35007 0.534068 0.48544
BD_Brms
 3.10662 0.931475 1.94741 1.16032 0.670804 1.54848 1.73489 3.11446 1.71241 4.11467 7.81257 5.67608 3.03214 1.51178 0.646662 0.556359 0.524088 0.63355 0.617308 0.552442 1.47388 1.79667 1.70266 2.59758 2.36107
S_f
 0.5 1 1 1 1
 0.5 1 1 1 1
 0.5 1 1 1 1
 0.5 1 1 1 1
 0.5 1 1 1 1
 0.5 1 1 1 1
 0.5 1 1 1 1
 0.5 1 1 1 1
 0.5 1 1 1 1
 0.5 1 1 1 1
 0.5 1 1 1 1
 0.5 1 1 1 1
 0.5 1 1 1 1
 0.5 1 1 1 1
 0.5 1 1 1 1
 0.5 1 1 1 1
 0.5 1 1 1 1
 0.5 1 1 1 1
 0.5 1 1 1 1
 0.5 1 1 1 1
 0.5 1 1 1 1
 0.5 1 1 1 1
 0.5 1 1 1 1
 0.5 1 1 1 1
 0.5 1 1 1 1
Scru_reclas
 0.5 1 1 1 1
 0.5 1 1 1 1
 0.5 1 1 1 1
 0.5 1 1 1 1
 0.5 1 1 1 1
 0.5 1 1 1 1
 0.5 1 1 1 1
 0.5 1 1 1 1
 0.5 1 1 1 1
 0.5 1 1 1 1
 0.5 1 1 1 1
 0.5 1 1 1 1
 0.5 1 1 1 1
 0.5 1 1 1 1
 0.5 1 1 1 1
 0.5 1 1 1 1
 0.5 1 1 1 1
 0.5 1 1 1 1
 0.5 1 1 1 1
 0.5 1 1 1 1
 0.5 1 1 1 1
 0.5 1 1 1 1
 0.5 1 1 1 1
 0.5 1 1 1 1
 0.5 1 1 1 1
Scru_pelaces
 0.5 1 1 1 1
 0.5 1 1 1 1
 0.5 1 1 1 1
 0.5 1 1 1 1
 0.5 1 1 1 1
 0.5 1 1 1 1
 0.5 1 1 1 1
 0.5 1 1 1 1
 0.5 1 1 1 1
 0.5 1 1 1 1
 0.5 1 1 1 1
 0.5 1 1 1 1
 0.5 1 1 1 1
 0.5 1 1 1 1
 0.5 1 1 1 1
 0.5 1 1 1 1
 0.5 1 1 1 1
 0.5 1 1 1 1
 0.5 1 1 1 1
 0.5 1 1 1 1
 0.5 1 1 1 1
 0.5 1 1 1 1
 0.5 1 1 1 1
 0.5 1 1 1 1
 0.5 1 1 1 1
pf_obs 
 0.256992 0.487395 0.22802 0.0275931 0
 0.321318 0.546541 0.124235 0.00734118 0.000564706
 0.182869 0.594174 0.210203 0.0122559 0.00049798
 0.330522 0.361315 0.267642 0.0388342 0.00168674
 0.649043 0.306663 0.0425973 0.00169635 0
 0.582887 0.30429 0.105238 0.00758474 0
 0.465427 0.430635 0.0974691 0.00646863 0
 0.296916 0.608066 0.0921331 0.00288517 0
 0.311714 0.524322 0.152257 0.0117073 0
 0.15457 0.633149 0.183074 0.0267441 0.00246327
 0.131901 0.49318 0.331252 0.0422183 0.00144891
 0.196976 0.569456 0.194076 0.0375587 0.00193317
 0.518974 0.381816 0.0799577 0.0180837 0.00116848
 0.0928022 0.601141 0.25162 0.0475244 0.00691264
 0.122501 0.610282 0.24278 0.0234846 0.000952079
 0.383417 0.481906 0.127806 0.00687128 0
 0.0376549 0.599619 0.316969 0.0457579 0
 0.0361596 0.667082 0.258105 0.0386534 0
 0.158088 0.579412 0.248529 0.0139706 0
 0.0477256 0.309471 0.559284 0.082774 0.000745712
 0.0406174 0.521527 0.379366 0.0568643 0.0016247
 0.151134 0.462217 0.34131 0.0453401 0
 0.294876 0.26143 0.354403 0.0886775 0.000613685
 0.281977 0.475581 0.204845 0.0348837 0.00271318
 0.0354234 0.537034 0.353287 0.0723622 0.0018943
pf_pred 
 0.0585708 0.473929 0.235346 0.11687 0.115284
 0.882348 0.0149036 0.0517249 0.0256858 0.0253373
 0.00673923 0.938052 0.00699368 0.0242724 0.0239431
 0.115807 0.0149636 0.820915 0.00612036 0.0421947
 0.865375 0.0302908 0.0017657 0.0968677 0.00570117
 0.139951 0.799039 0.0137272 0.000800179 0.0464822
 0.86973 0.0385902 0.0851761 0.0014633 0.00504022
 0.109789 0.834692 0.0164465 0.0363006 0.00277168
 0.875318 0.0304617 0.0883442 0.0017407 0.00413543
 0.728818 0.256563 0.00357177 0.0103587 0.000689002
 0.215279 0.669433 0.109072 0.00151846 0.00469671
 0.107082 0.342225 0.469788 0.0765434 0.00436161
 0.495811 0.107499 0.152038 0.208709 0.0359431
 0.42104 0.410165 0.0359889 0.0508997 0.0819054
 0.571108 0.296181 0.0940194 0.00824949 0.030442
 0.501255 0.396209 0.0708085 0.0224774 0.00925004
 0.481135 0.364947 0.122274 0.0218523 0.00979143
 0.436019 0.384813 0.126019 0.0422225 0.0109269
 0.327832 0.426973 0.1673 0.0547879 0.0231071
 0.839353 0.0852715 0.0478799 0.0187607 0.00873498
 0.486067 0.47347 0.0214779 0.0120598 0.00692553
 0.321614 0.449539 0.210829 0.0095638 0.0084539
 0.694037 0.153536 0.101008 0.0473715 0.00404842
 0.307406 0.575929 0.0585438 0.0385145 0.0196066
 0.00340858 0.488777 0.422275 0.0429247 0.0426148
pobs_RECLAS
 0 0 0 0 0
 0 0 0 0 0
 0 0 0 0 0
 0 0 0 0 0
 0.835266 0.146461 0.0176864 0.000547809 3.91292e-05
 0.385257 0.428462 0.181853 0.0044286 0
 0.867414 0.0963971 0.0333333 0.00285562 0
 0.441836 0.489002 0.0689373 0.000224442 0
 0.779404 0.147425 0.0564933 0.0165055 0.000172143
 0.814271 0.122319 0.05973 0.00367925 0
 0.40263 0.566651 0.0304383 0.000280538 0
 0.475488 0.404961 0.113038 0.00651328 0
 0.955842 0.0263864 0.0167828 0.000988607 0
 0.975058 0.0227948 0.00214734 0 0
 0.738997 0.206755 0.0527124 0.00153531 0
 0.850938 0.134255 0.0134407 0.00136685 0
 0.542534 0.407297 0.0501686 0 0
 0.764087 0.199537 0.0359546 0.000420521 0
 0.470689 0.182191 0.310203 0.0369168 0
 0.84361 0.089868 0.0606195 0.00523954 0.000663233
 0.607945 0.314616 0.071237 0.00620181 0
 0.523733 0.453247 0.0230204 0 0
 0.530135 0.295979 0.169645 0.0042399 0
 0.562478 0.366248 0.0663022 0.0049721 0
 0.250443 0.683176 0.0655157 0.000865301 0
ppred_RECLAS
 0.0598627 0.473279 0.235023 0.116709 0.115126
 0.884189 0.0146704 0.0509155 0.0252839 0.0249409
 0.0070204 0.937786 0.0069917 0.0242655 0.0239363
 0.117256 0.014939 0.819569 0.00611033 0.0421256
 0.865613 0.0302373 0.00176257 0.0966964 0.00569109
 0.145542 0.793845 0.013638 0.000794978 0.0461801
 0.87162 0.0380304 0.0839405 0.00144207 0.0049671
 0.11466 0.830125 0.0163565 0.0361019 0.00275652
 0.879383 0.0294687 0.0854642 0.00168396 0.00400061
 0.730784 0.254702 0.00354587 0.0102836 0.000684005
 0.218307 0.666851 0.108651 0.0015126 0.00467858
 0.108756 0.341583 0.468907 0.0763998 0.00435343
 0.504613 0.105622 0.149384 0.205066 0.0353156
 0.443479 0.394269 0.0345941 0.048927 0.0787311
 0.589479 0.283495 0.0899923 0.00789614 0.0291381
 0.507632 0.391143 0.0699032 0.02219 0.00913178
 0.486613 0.361094 0.120984 0.0216216 0.00968807
 0.44016 0.381987 0.125094 0.0419124 0.0108466
 0.332744 0.423852 0.166078 0.0543875 0.0229382
 0.841475 0.0841449 0.0472473 0.0185129 0.00861958
 0.487167 0.472456 0.021432 0.012034 0.00691071
 0.323251 0.448454 0.21032 0.00954073 0.00843351
 0.696388 0.152356 0.100231 0.0470074 0.00401731
 0.309655 0.574059 0.0583537 0.0383895 0.0195429
 0.00348775 0.488738 0.422241 0.0429213 0.0426114
pobs_PELACES
 0 0 0 0 0
 0 0 0 0 0
 0 0 0 0 0
 0 0 0 0 0
 0 0 0 0 0
 0 0 0 0 0
 0 0 0 0 0
 0 0 0 0 0
 0 0 0 0 0
 0 0 0 0 0
 0.450072 0.473896 0.0757376 0.000293798 0
 0 0 0 0 0
 0.463077 0.371075 0.160297 0.00555027 0
 0.529543 0.364841 0.0842815 0.0213345 0
 0.631943 0.363953 0.00410389 0 0
 0.735681 0.248677 0.0153453 0.000297389 0
 0.695825 0.281241 0.0229344 0 0
 0.275771 0.60734 0.115278 0.00161068 0
 0 0 0 0 0
 0.896147 0.0623911 0.0374545 0.00400742 0
 0.803859 0.145111 0.0509908 3.86294e-05 0
 0.739449 0.233085 0.0266225 0.000797448 4.60066e-05
 0.878498 0.100942 0.0204185 0.000141795 0
 0.694673 0.275183 0.0284847 0.00165964 0
 0.469039 0.446079 0.0841089 0.000773354 0
ppred_PELACES
 0.0648839 0.470751 0.233768 0.116086 0.114511
 0.891215 0.0137805 0.0478267 0.02375 0.0234278
 0.00798612 0.936874 0.0069849 0.0242419 0.0239131
 0.123458 0.0148341 0.813811 0.0060674 0.0418296
 0.866876 0.029953 0.00174601 0.0957874 0.00563759
 0.163779 0.776902 0.0133469 0.000778011 0.0451944
 0.878955 0.0358575 0.0791446 0.00135968 0.0046833
 0.130371 0.815394 0.0160662 0.0354613 0.0027076
 0.891763 0.026444 0.076692 0.00151111 0.00358998
 0.739427 0.246525 0.00343204 0.00995349 0.000662047
 0.230563 0.656395 0.106948 0.00148889 0.00460523
 0.115637 0.338946 0.465287 0.07581 0.00431983
 0.533649 0.0994316 0.140628 0.193046 0.0332456
 0.498793 0.355082 0.0311557 0.0440641 0.0709059
 0.635915 0.251427 0.0798127 0.00700296 0.0258421
 0.530637 0.372868 0.0666371 0.0211532 0.00870511
 0.507208 0.346608 0.11613 0.0207542 0.00929941
 0.456815 0.370623 0.121373 0.0406656 0.0105239
 0.351459 0.411964 0.16142 0.0528621 0.0222949
 0.849855 0.079697 0.0447498 0.0175343 0.00816395
 0.49267 0.467387 0.021202 0.0119049 0.00683655
 0.330946 0.443356 0.207929 0.00943225 0.00833762
 0.706529 0.147267 0.0968836 0.0454374 0.00388313
 0.319671 0.56573 0.0575071 0.0378325 0.0192594
 0.00379783 0.488586 0.42211 0.0429079 0.0425982
pobs_pel_tallas
 0 0 0 0 0 0 0 0 0 0 0 0 0 0 0 0 0 0 0 0 0 0 0 0 0 0 0 0 0 0 0 0 0 0 0 0
 0 0 0 0 0 0 0 0 0 0 0 0 0 0 0 0 0 0 0 0 0 0 0 0 0 0 0 0 0 0 0 0 0 0 0 0
 0 0 0 0 0 0 0 0 0 0 0 0 0 0 0 0 0 0 0 0 0 0 0 0 0 0 0 0 0 0 0 0 0 0 0 0
 0 0 0 0 0 0 0 0 0 0 0 0 0 0 0 0 0 0 0 0 0 0 0 0 0 0 0 0 0 0 0 0 0 0 0 0
 0 0 0 0 0 0 0 0 0 0 0 0 0 0 0 0 0 0 0 0 0 0 0 0 0 0 0 0 0 0 0 0 0 0 0 0
 0 0 0 0 0 0 0 0 0 0 0 0 0 0 0 0 0 0 0 0 0 0 0 0 0 0 0 0 0 0 0 0 0 0 0 0
 0 0 0 0 0 0 0 0 0 0 0 0 0 0 0 0 0 0 0 0 0 0 0 0 0 0 0 0 0 0 0 0 0 0 0 0
 0 0 0 0 0 0 0 0 0 0 0 0 0 0 0 0 0 0 0 0 0 0 0 0 0 0 0 0 0 0 0 0 0 0 0 0
 0 0 0 0 0 0 0 0 0 0 0 0 0 0 0 0 0 0 0 0 0 0 0 0 0 0 0 0 0 0 0 0 0 0 0 0
 0 0 0 0 0 0 0 0 0 0 0 0 0 0 0 0 0 0 0 0 0 0 0 0 0 0 0 0 0 0 0 0 0 0 0 0
 0 0 0 0 0 0 0 0 1.78061e-05 0.00172719 0.00360574 0.0105946 0.0120993 0.0124554 0.0147524 0.0171206 0.0266825 0.0428682 0.0675386 0.121331 0.153587 0.119568 0.100827 0.0573624 0.0630603 0.0341343 0.0324427 0.0444173 0.0211091 0.0280891 0.0125444 0.00206551 0 0 0 0
 0 0 0 0 0 0 0 0 0 0 0 0 0 0 0 0 0 0 0 0 0 0 0 0 0 0 0 0 0 0 0 0 0 0 0 0
 0 0 0 0 0 0 0.0133647 0.0140871 0.0187388 0.0205184 0.03894 0.0496705 0.03968 0.0493445 0.0407372 0.0367815 0.0215668 0.0243155 0.0234873 0.0199281 0.019796 0.0243948 0.0301388 0.0376714 0.0412746 0.0863199 0.0771752 0.113111 0.0741005 0.0525337 0.0229764 0.00759418 0.00175318 0 0 0
 0 0 0 0 0 0 0 0 0 0 0.00219441 0.00772107 0.0458388 0.0604681 0.0671733 0.0775358 0.0609151 0.0617685 0.073594 0.0568108 0.0755445 0.0548602 0.0670107 0.0636378 0.0643287 0.046367 0.0373049 0.0286899 0.0247887 0.0153202 0.00654259 0.00121912 0.000365735 0 0 0
 0 0 0 0 0 0 0 0 0 0 0 0 0.000112435 0.00938835 0.0111873 0.0202946 0.0414886 0.0713402 0.111592 0.104902 0.108894 0.110636 0.117776 0.105296 0.107544 0.0401394 0.0192827 0.0124803 0.00416011 0.0028671 0.000618394 0 0 0 0 0
 0 0 0 0 0 0 0 0 0 0 0.00291406 0.0102884 0.027416 0.0768956 0.0749926 0.110853 0.0956884 0.0897413 0.0766577 0.0534642 0.0500743 0.0551293 0.0594112 0.0620874 0.0668451 0.0424026 0.0208742 0.0120726 0.0048766 0.00582813 0.00118941 0.000297354 0 0 0 0
 0 0.00264628 0.0354308 0.0461629 0.0458689 0.0383711 0.0214643 0.0164657 0.0346957 0.0420465 0.0363128 0.0245516 0.0311673 0.0291091 0.0169068 0.0133784 0.00837989 0.0085269 0.0148486 0.0160247 0.0276389 0.0546898 0.0760071 0.122758 0.109233 0.0665981 0.0333725 0.0166128 0.00676272 0.00308733 0.000882094 0 0 0 0 0
 0 0 0 0 0 0 0 0.000805153 0.000690131 0.00759144 0.0133425 0.0154129 0.00931677 0.000345066 0.00356568 0.00563607 0.00851162 0.0253048 0.0502646 0.0516448 0.0657925 0.0565908 0.0611916 0.0827007 0.0866115 0.110766 0.145733 0.0935128 0.0569358 0.0249597 0.0138026 0.00621118 0.00161031 0.00115022 0 0
 0 0 0 0 0 0 0 0 0 0 0 0 0 0 0 0 0 0 0 0 0 0 0 0 0 0 0 0 0 0 0 0 0 0 0 0
 0.00147267 0.00158595 0.00478618 0.00569244 0.00954404 0.0108468 0.00647125 0.017049 0.0510054 0.094081 0.124002 0.0959785 0.0687766 0.0820023 0.061753 0.0591476 0.0492212 0.0479892 0.0443925 0.0268479 0.0217502 0.0140895 0.0121071 0.0120363 0.00920419 0.00665534 0.0049561 0.00860946 0.00930331 0.0156896 0.0114698 0.00855282 0.00243557 0.00046729 0 2.83206e-05
 0 0 0 0 0.000772559 0.00158375 0.000888443 0.00281984 0.00712685 0.0440552 0.0773331 0.111326 0.0921469 0.0852325 0.0710754 0.0886704 0.0786465 0.0553345 0.0373146 0.0185414 0.00753245 0.00457741 0.012979 0.0271748 0.0457355 0.0583668 0.034881 0.0177882 0.00938659 0.00492506 0.0015258 0.00185414 0.000309023 5.79419e-05 3.86279e-05 0
 0 0.00173294 0.00326652 0 0.00397197 0.00683976 0.00946217 0.0152591 0.00757587 0.0136028 0.0228656 0.0392903 0.0559909 0.0764795 0.0681675 0.0726916 0.0566044 0.0477403 0.0527397 0.0444891 0.0609904 0.0582453 0.0661739 0.0445044 0.0529084 0.0360697 0.0280645 0.0235558 0.0158879 0.00826598 0.00280645 0.00217768 0.000904811 0.00058276 9.20147e-05 0
 0 0 0 0 0 0 0 0 0 0 0 0 0 0 0 0 0 0 0 0 0 0 0 0 0 0 0 0 0 0 0 0 0 0 0 0
 0 0 0 0 0 0 0 0 0 0 0 0 0 0 0 0 0 0 0 0 0 0 0 0 0 0 0 0 0 0 0 0 0 0 0 0
 0 0 0 0 0 0 0 0 0 0 0 0 0 0 0 0 0 0 0 0 0 0 0 0 0 0 0 0 0 0 0 0 0 0 0 0
ppred_pel_tallas
 1.12812e-16 2.86116e-06 1.67152e-05 7.92965e-05 0.000305029 0.000950953 0.00240253 0.00491974 0.00816973 0.0110163 0.0121057 0.0109583 0.00845629 0.00617276 0.00531637 0.00631455 0.00910007 0.0135043 0.019382 0.0265271 0.0345652 0.0429249 0.0509004 0.057778 0.0629822 0.0661878 0.0673648 0.066737 0.0646816 0.061607 0.0578546 0.0536533 0.0491276 0.0443416 0.0393514 0.034242
 1.02595e-16 3.88744e-05 0.000228187 0.00108475 0.00417644 0.0130239 0.0328972 0.0673105 0.111569 0.149817 0.162985 0.143657 0.102599 0.0594037 0.027945 0.0108057 0.00366256 0.00146551 0.00115218 0.00145395 0.00198307 0.00264504 0.00341129 0.0042576 0.00515248 0.00605658 0.00692418 0.00770533 0.00834906 0.00880783 0.00904312 0.00903123 0.00876808 0.00827106 0.00757772 0.00674091
 1.02355e-16 3.98772e-07 2.21657e-06 1.02749e-05 3.91199e-05 0.000121613 0.000308239 0.000638073 0.00108554 0.00154208 0.0019001 0.00220404 0.0027293 0.00391527 0.00623673 0.0101257 0.0159397 0.0239004 0.0339742 0.045739 0.0583144 0.0704142 0.0805411 0.0872904 0.0896783 0.0873863 0.0808431 0.0711056 0.0595906 0.0477441 0.0367557 0.0273906 0.0199619 0.0144123 0.0104535 0.00770607
 1.1372e-16 5.39858e-06 3.16495e-05 0.000150379 0.000578854 0.00180496 0.00455916 0.0093292 0.0154667 0.0207791 0.0226327 0.0200138 0.0144386 0.00866091 0.0046651 0.00290001 0.00289178 0.00410038 0.00628891 0.00947925 0.013796 0.0193446 0.0261329 0.0340195 0.0426828 0.0516193 0.0601778 0.0676298 0.073269 0.0765219 0.0770441 0.0747816 0.0699814 0.0631465 0.0549501 0.0461257
 1.0359e-16 3.78136e-05 0.000221958 0.00105514 0.00406241 0.0126683 0.031999 0.0654728 0.108523 0.145729 0.158541 0.139748 0.0998259 0.0578346 0.0272756 0.0106667 0.00380845 0.00179173 0.00163659 0.00210176 0.00279653 0.00361114 0.0044998 0.0054262 0.00635702 0.0072635 0.00812125 0.00890659 0.00959176 0.0101417 0.0105149 0.0106695 0.010572 0.010207 0.00958373 0.00873765
 1.02581e-16 7.18557e-06 4.20757e-05 0.000199803 0.000768905 0.00239746 0.00605662 0.0123985 0.0205739 0.0276967 0.0303149 0.0271571 0.0203498 0.0137112 0.0100804 0.0102697 0.0138113 0.0199973 0.0282585 0.0380215 0.048489 0.0585804 0.0670531 0.0727425 0.0748321 0.0730552 0.067763 0.0598251 0.0504091 0.0407056 0.0316929 0.0239987 0.0178774 0.0132789 0.0099638 0.00762027
 1.01401e-16 3.83408e-05 0.000225052 0.00106984 0.00411903 0.0128449 0.032445 0.0663854 0.110036 0.147761 0.160754 0.141704 0.101234 0.0586724 0.027713 0.0109131 0.00401984 0.00206024 0.00201495 0.00262319 0.00348018 0.0044581 0.00548597 0.006496 0.00742058 0.00819921 0.00878463 0.00914519 0.00926474 0.00914109 0.00878484 0.00821915 0.00747967 0.00661317 0.00567432 0.00472017
 1.01839e-16 5.73045e-06 3.35292e-05 0.000159163 0.000612419 0.00190945 0.00482402 0.00987677 0.0163953 0.0220891 0.0242239 0.0218108 0.0165803 0.0116273 0.009286 0.0102891 0.014348 0.0209557 0.0296585 0.0399135 0.0509015 0.0614907 0.070375 0.0763284 0.0784894 0.0765732 0.0709436 0.0625109 0.0525003 0.0421651 0.0325397 0.0242942 0.0177096 0.0127478 0.00917098 0.006661
 1.01318e-16 3.88989e-05 0.000228329 0.00108543 0.00417903 0.013032 0.0329176 0.0673524 0.111639 0.149912 0.163092 0.143759 0.102689 0.0594898 0.0280501 0.01096 0.00389992 0.00182078 0.00165846 0.00213724 0.00285484 0.00369454 0.00459999 0.00551774 0.00639089 0.00716359 0.00778619 0.00821869 0.00843297 0.00841425 0.00816255 0.00769377 0.00704001 0.00624739 0.00537163 0.0044715
 1.00503e-16 3.22651e-05 0.000189363 0.000900132 0.00346553 0.0108069 0.0272975 0.0558549 0.0925878 0.124349 0.135333 0.119413 0.0855654 0.0501088 0.0246389 0.0113948 0.00688067 0.00696184 0.00908164 0.012068 0.0153621 0.0185483 0.0212179 0.0229983 0.0236295 0.0230264 0.0213003 0.0187283 0.0156827 0.0125441 0.00962651 0.00713331 0.00514935 0.00366237 0.00259913 0.00186181
 1.01999e-16 1.00931e-05 5.91559e-05 0.000281027 0.00108168 0.00337285 0.00852024 0.0174384 0.0289242 0.0388996 0.0424758 0.0378125 0.0278217 0.0177589 0.0114627 0.0098933 0.0122183 0.0173299 0.0244458 0.0329664 0.0421924 0.0512091 0.0589608 0.064443 0.0669272 0.0661316 0.0622841 0.0560482 0.0483473 0.0401456 0.0322576 0.0252352 0.019346 0.0146221 0.0109455 0.00813181
 1.09522e-16 5.06978e-06 2.96916e-05 0.00014101 0.000542677 0.00169208 0.00427439 0.00874882 0.0145132 0.0195243 0.0213347 0.0190293 0.0140826 0.00915312 0.00620123 0.00575986 0.00748169 0.0109004 0.0157283 0.0217752 0.0287906 0.036384 0.0440372 0.0511762 0.0572683 0.0619047 0.0648487 0.0660341 0.0655297 0.0634886 0.0601064 0.0556019 0.0502159 0.0442171 0.0379016 0.0315775
 1.10216e-16 2.32863e-05 0.000136663 0.00064962 0.00250105 0.00779924 0.0197002 0.0403093 0.0668171 0.0897338 0.097649 0.0861353 0.0616631 0.0359987 0.0174991 0.00777341 0.004304 0.00413672 0.00549238 0.00763522 0.0103144 0.013408 0.0167928 0.0203227 0.0238393 0.0271874 0.0302224 0.0328107 0.0348259 0.0361489 0.0366749 0.0363307 0.035095 0.0330134 0.030205 0.0268513
 1.05386e-16 2.17766e-05 0.000127777 0.000607322 0.0023381 0.00729105 0.0184169 0.0376853 0.0624748 0.083924 0.0913842 0.0807457 0.058102 0.0345175 0.0178898 0.00981993 0.00804083 0.00983301 0.0134907 0.0181648 0.023328 0.0284665 0.0330236 0.0364749 0.0384408 0.0387732 0.0375846 0.0352044 0.0320827 0.0286742 0.0253413 0.0223025 0.019632 0.017297 0.0152119 0.0132871
 1.02664e-16 2.77519e-05 0.000162866 0.000774158 0.0029805 0.00929435 0.0234769 0.0480378 0.0796312 0.106952 0.116412 0.102745 0.0736842 0.0432764 0.0215154 0.0103529 0.00681179 0.00736389 0.00983035 0.0132082 0.0170015 0.0208156 0.0242428 0.0268955 0.0284814 0.0288664 0.0280988 0.0263846 0.0240249 0.0213393 0.0185999 0.015994 0.0136189 0.0115015 0.00962757 0.00796917
 1.02202e-16 2.31661e-05 0.000135932 0.000646089 0.00248736 0.00775648 0.0195925 0.040091 0.0664628 0.0892806 0.0972155 0.0858948 0.0617999 0.0366996 0.0189934 0.010381 0.00844656 0.010292 0.0140973 0.0189529 0.0242912 0.0295576 0.0341499 0.0374987 0.0391878 0.0390497 0.0372 0.0339963 0.0299398 0.0255531 0.0212758 0.0174031 0.0140763 0.0113123 0.00905215 0.00720729
 1.0291e-16 2.21436e-05 0.000129931 0.000617564 0.00237754 0.00741402 0.0187275 0.0383208 0.0635281 0.0853381 0.0929219 0.0820994 0.0590654 0.0350688 0.0181383 0.00989974 0.00804755 0.00981893 0.0134863 0.0181979 0.0234325 0.0286821 0.0333887 0.037015 0.0391536 0.0396154 0.0384644 0.0359834 0.0325901 0.0287315 0.0247925 0.0210439 0.0176337 0.014612 0.0119691 0.00967212
 1.03733e-16 1.99472e-05 0.000117034 0.000556244 0.00214143 0.00667773 0.0168677 0.0345158 0.057222 0.0768726 0.0837187 0.074003 0.0533166 0.0318085 0.0167335 0.00958432 0.00831341 0.0104547 0.014459 0.0195413 0.0251859 0.0308622 0.0359787 0.0399636 0.0423822 0.0430307 0.0419724 0.0395016 0.0360538 0.0320933 0.0280178 0.0241043 0.0205021 0.0172599 0.0143687 0.0117995
 1.05284e-16 1.53549e-05 9.00695e-05 0.000428043 0.00164781 0.00513838 0.0129795 0.0265605 0.0440374 0.0591726 0.0644749 0.0570696 0.041285 0.0249686 0.013755 0.00885687 0.00876441 0.0116324 0.0162876 0.0220923 0.0285522 0.0351021 0.0410919 0.045885 0.0489889 0.0501587 0.0494386 0.0471234 0.0436621 0.0395389 0.0351706 0.0308509 0.0267446 0.0229175 0.0193822 0.0161358
 1.01646e-16 3.70736e-05 0.000217608 0.00103445 0.00398273 0.0124198 0.0313714 0.0641891 0.106397 0.142878 0.155452 0.137054 0.0979635 0.0568818 0.0270633 0.0109986 0.00459144 0.0030422 0.00342676 0.00450184 0.00583043 0.00722594 0.00855013 0.00967699 0.010506 0.0109801 0.0110934 0.010885 0.0104227 0.00978203 0.00902937 0.00821325 0.00736449 0.00650199 0.00564042 0.0047956
 1.01182e-16 2.15143e-05 0.000126226 0.000599927 0.00230959 0.0072021 0.0181923 0.0372267 0.0617179 0.0829171 0.0903138 0.0798617 0.0576004 0.0344885 0.0183666 0.0108604 0.00977097 0.0124326 0.017143 0.0229918 0.0293258 0.035454 0.0406193 0.0441161 0.0454462 0.0444404 0.0412997 0.0365378 0.0308494 0.0249477 0.0194231 0.014661 0.0108265 0.00790461 0.00576677 0.00423849
 1.0381e-16 1.44619e-05 8.48234e-05 0.000403095 0.00155174 0.00483878 0.0122228 0.0250125 0.0414725 0.0557315 0.0607393 0.0537962 0.0389891 0.0237242 0.01333 0.00897499 0.00926445 0.0124807 0.0175225 0.0237683 0.0307013 0.0377099 0.0440845 0.0491266 0.052293 0.0533089 0.0522161 0.0493349 0.0451631 0.0402477 0.0350738 0.0299994 0.0252435 0.0209115 0.0170382 0.0136257
 1.03167e-16 3.08267e-05 0.000180927 0.000860047 0.00331123 0.0103257 0.026082 0.0533672 0.0884618 0.118801 0.129277 0.114028 0.0816163 0.0476151 0.0230793 0.0101221 0.00538312 0.00490943 0.00628663 0.00846465 0.0110229 0.0137097 0.0162867 0.0185208 0.0202203 0.0212691 0.021643 0.0213989 0.0206469 0.0195148 0.018118 0.0165459 0.0148615 0.0131115 0.0113386 0.00958875
 1.03201e-16 1.39748e-05 8.19534e-05 0.000389428 0.00149908 0.00467454 0.0118081 0.0241648 0.0400707 0.0538586 0.058727 0.0520825 0.0378954 0.0233529 0.0136444 0.00994564 0.0109494 0.0150124 0.0210425 0.0283501 0.0362818 0.0440426 0.0507291 0.0554873 0.0577028 0.0571465 0.0540249 0.0489136 0.0426026 0.0359062 0.029499 0.0238223 0.0190696 0.0152357 0.0121949 0.00977763
 1.09616e-16 1.98988e-07 1.08238e-06 4.96871e-06 1.88348e-05 5.84565e-05 0.000148195 0.000307427 0.0005257 0.000754829 0.000950257 0.00114498 0.00149007 0.00222637 0.00362698 0.00596268 0.00948685 0.0144026 0.0207967 0.0285624 0.0373477 0.0465612 0.0554463 0.0632138 0.0691936 0.0729578 0.0743793 0.0736065 0.0709786 0.0669144 0.061819 0.0560324 0.0498253 0.0434196 0.0370178 0.030817
pSPR Fmed_Fpbrs
0.473839   0.255602 0.255602
Fs Fmed_Fpbrs
0.441963   1.005 1.005
SSBpbr Bo_Bmed_Bpbrs
874636  370705  179827 179827
Ro
15994.5
SPR SPRFo_SPRFmed_SPRFpbrs
328492 155652 83963.1
log_Ro
9.5
likeval ReclasPelacesDesembMPH_pf_preclas_ppelaces_ptallas_desvR_qrecl_qpela
 109.531 138.827 0.220345 0.000668258 443.048 235.222 98.0239 0 99.0121 0 0 0 0 0 0
q_reclas_q_pelaces
1 1
M
0.7
N
 2111.95 9509.06 4722.06 2344.9 2313.09
 87573.4 808.405 2805.67 1393.25 1374.35
 431.944 35122.8 261.859 908.813 896.484
 2078.79 144.718 7939.37 59.1923 408.081
 48678.2 864.368 50.3853 2764.18 162.686
 6940.37 23387.3 401.785 23.4206 1360.5
 93458.6 2257.46 4982.66 85.6004 294.844
 8378.78 37858.1 745.942 1646.44 125.712
 132436 2670.67 7745.4 152.613 362.565
 243586 45401.8 632.067 1833.1 121.927
 62224.2 105738 17228.1 239.843 741.851
 14315.1 24961.5 34265.8 5582.99 318.131
 46188.3 5765.77 8154.64 11194.2 1927.83
 25899.4 16121.6 1414.55 2000.62 3219.31
 20271.8 6558.82 2082.03 182.682 674.128
 12551.9 5560.52 993.748 315.455 129.818
 11214.4 4714.13 1579.46 282.273 126.479
 9028.46 4338.44 1420.76 476.022 123.191
 5060.42 3655.82 1432.46 469.104 197.847
 35441.9 1953.12 1096.68 429.71 200.073
 28897 14487.6 657.2 369.017 211.913
 18353.1 13423.4 6295.45 285.58 252.437
 69638.6 8197.75 5393.1 2529.31 216.158
 30026.1 29861.4 3035.45 1996.95 1016.59
 162.411 12952.9 11190.5 1137.53 1129.32
pred_Ctot
 353.341 2859.09 1419.78 705.042 695.477
 12264.2 207.154 718.951 357.021 352.177
 103.361 14387 107.263 372.27 367.219
 245.703 31.7477 1741.71 12.9854 89.5231
 1139.95 39.902 2.32594 127.603 7.51011
 1764.2 10072.6 173.043 10.0869 585.947
 12531.5 556.028 1227.26 21.084 72.6221
 2213.47 16828.3 331.579 731.86 55.8802
 30124.8 1048.37 3040.44 59.9077 142.324
 22218.3 7821.42 108.887 315.791 21.0045
 8706.02 27072.3 4410.93 61.4074 189.937
 1968.4 6290.85 8635.73 1407.03 80.176
 10071 2183.55 3088.24 4239.36 730.086
 9483.08 9238.14 810.576 1146.41 1844.75
 6750.28 3500.75 1111.27 97.5058 359.813
 2235.38 1766.92 315.775 100.239 41.2512
 1807.79 1371.23 459.427 82.1065 36.7898
 1212.69 1070.27 350.496 117.433 30.3907
 822.562 1071.32 419.773 137.468 57.9779
 4558.09 463.065 260.011 101.88 47.4351
 1346.76 1311.86 59.5095 33.4145 19.1888
 1334.93 1865.9 875.089 39.6965 35.0896
 6893.8 1525.06 1003.3 470.536 40.2126
 2858.24 5354.93 544.334 358.105 182.3
 27.0552 3879.62 3351.76 340.71 338.251
F
 0.260302 0.520604 0.520604 0.520604 0.520604
 0.213628 0.427256 0.427256 0.427256 0.427256
 0.393508 0.787016 0.787016 0.787016 0.787016
 0.177545 0.35509 0.35509 0.35509 0.35509
 0.0330407 0.0660814 0.0660814 0.0660814 0.0660814
 0.423114 0.846227 0.846227 0.846227 0.846227
 0.203675 0.40735 0.40735 0.40735 0.40735
 0.443372 0.886745 0.886745 0.886745 0.886745
 0.370545 0.741089 0.741089 0.741089 0.741089
 0.134506 0.269011 0.269011 0.269011 0.269011
 0.213408 0.426816 0.426816 0.426816 0.426816
 0.209375 0.41875 0.41875 0.41875 0.41875
 0.352564 0.705128 0.705128 0.705128 0.705128
 0.67341 1.34682 1.34682 1.34682 1.34682
 0.593541 1.18708 1.18708 1.18708 1.18708
 0.279305 0.55861 0.55861 0.55861 0.55861
 0.249686 0.499372 0.499372 0.499372 0.499372
 0.204061 0.408122 0.408122 0.408122 0.408122
 0.252018 0.504037 0.504037 0.504037 0.504037
 0.194598 0.389197 0.389197 0.389197 0.389197
 0.0667338 0.133468 0.133468 0.133468 0.133468
 0.105941 0.211882 0.211882 0.211882 0.211882
 0.146751 0.293502 0.293502 0.293502 0.293502
 0.14075 0.2815 0.2815 0.2815 0.2815
 0.259043 0.518087 0.518087 0.518087 0.518087
nmprior
 10.6 11 7 0
nm_flota  nm_reclas  nm_pelaces    nm_pelaL
inf 7.87581 8.77372 16.8321
cv_recla  cv_pelaces  cv_mph
0.946659 1.33601 0.838707
 ------------------------------------------------
Talla a la edad & desviación 
 7.2 14.2025 17.0495 18.207 18.6776
 1.08 2.13037 2.55742 2.73105 2.80164
