years
 1997 1998 1999 2000 2001 2002 2003 2004 2005 2006 2007 2008 2009 2010 2011 2012 2013 2014 2015 2016 2017 2018 2019 2020 2021
reclasobs
 0 0 0 370054 412103 1.49427e+06 250295 1.28982e+06 931140 785840 897777 1.04006e+06 184774 17550 25797 100020 73551 82996 120727 218422 84188 347160 605670 569463 516374
reclaspred
 1.69571e+06 262522 501047 215444 262202 314895 583074 525213 826662 1.1481e+06 1.36412e+06 1.01353e+06 536257 196271 108405 119965 156321 198457 180935 256134 461070 458261 866663 947756 837524
pelacesobs
 0 0 0 0 0 0 0 0 0 2.06254e+06 1.5e+06 0 1.87456e+06 323000 250000 174000 83755 137374 0 501740 490994 745055 786931 1.00524e+06 1.33801e+06
pelacespred
 893571 301203 159230 148888 155540 131536 279642 305381 460993 668878 719192 552162 293193 84969.3 44168.4 56591.2 76828.2 100937 97440.5 132813 252401 267661 381312 510673 455999
mphobs
 0 0 0 0 0 112323 0 153150 637223 0 255016 313432 73983 77613 109348 50772 0 0 0 0 0 0 0 0 0
mphpred
 1.29936e+06 560445 350739 245609 192879 293200 363946 461111 609497 879310 1.24478e+06 1.09101e+06 621053 285872 102592 90298.2 123816 158040 174896 165484 339593 411167 569506 819199 819875
desembarqueobs
 350755 77701 442110 56441 14545 235359 269955 359681 431902 328805 639364 411747 362871 311530 167758 66681 60226 58785 57116 73181 50977 67692 138656 160484 209506
desembarquepred
 350480 77551 442480 56552.5 14545.1 234735 270928 359517 431436 327930 640071 413132 362812 310388 166979 66839.9 60442.1 58959.9 57078.9 72973.2 51019.5 67667.9 138641 160625 209572
Reclutas
 29855 33364.5 13317 16993.7 36298 32506.8 44987.2 88506.1 123005 176486 113927 20239.6 35674.5 19737 19879.1 20966.9 12317.8 12887.9 8128.76 38355.7 33320.8 57199.3 87151.9 52431.1 12305
log_desv_Rt
 -0.0958915 0.0152492 -0.903203 -0.659404 0.099517 -0.0107967 0.314134 0.990826 1.31998 1.681 1.24331 -0.484601 0.0821906 -0.509751 -0.502574 -0.4493 -0.981203 -0.935957 -1.39684 0.154659 0.0139382 0.554298 0.975408 0.467255 -0.982243
SSB
 1.29936e+06 560445 350739 245609 192879 293200 363946 461111 609497 879310 1.24478e+06 1.09101e+06 621053 285872 102592 90298.2 123816 158040 174896 165484 339593 411167 569506 819199 819875
BT
 2.31423e+06 708114 616257 373041 384878 450528 966416 1.1754e+06 1.65292e+06 1.99199e+06 2.17559e+06 1.42125e+06 965678 479915 259801 193279 223754 273323 242687 406286 623851 619613 917916 1.16834e+06 1.04174e+06
Ftot
 0.200035 0.284363 0.808721 0.253298 0.0542148 0.693064 0.443266 0.64596 0.497203 0.275829 0.446476 0.388508 0.632067 1.35586 1.35392 0.528478 0.370289 0.28615 0.303073 0.2753 0.107799 0.143548 0.155379 0.164452 0.241338
BD_Bspro_t
 0.969772 0.803956 0.635108 0.372665 0.448056 0.612076 0.496581 0.518991 0.543879 0.576638 0.628317 0.519112 0.386848 0.255721 0.127568 0.140203 0.239146 0.354061 0.429657 0.480507 0.671105 0.760153 0.788494 0.791543 0.746013
BD_Bspro
 1.92536 0.830456 0.519719 0.363939 0.285804 0.434458 0.539288 0.683266 0.903141 1.30294 1.84449 1.61664 0.920264 0.4236 0.152019 0.133802 0.183468 0.23418 0.259157 0.245211 0.503202 0.609259 0.843882 1.21387 1.21487
BD_Bo
 1.32248 0.570419 0.356981 0.24998 0.196312 0.298418 0.370423 0.469318 0.620344 0.894959 1.26693 1.11043 0.632106 0.29096 0.104418 0.0919052 0.126019 0.160852 0.178008 0.168429 0.345637 0.418484 0.579641 0.833778 0.834466
BD_Brms
 6.43225 2.77438 1.73627 1.21584 0.954813 1.45144 1.80165 2.28265 3.01721 4.35287 6.16207 5.40087 3.07442 1.41516 0.507864 0.447006 0.612929 0.782349 0.86579 0.819201 1.6811 2.03541 2.81924 4.0553 4.05865
S_f
 0.5 1 1 1 1
 0.5 1 1 1 1
 0.5 1 1 1 1
 0.5 1 1 1 1
 0.5 1 1 1 1
 0.5 1 1 1 1
 0.5 1 1 1 1
 0.5 1 1 1 1
 0.5 1 1 1 1
 0.5 1 1 1 1
 0.5 1 1 1 1
 0.5 1 1 1 1
 0.5 1 1 1 1
 0.5 1 1 1 1
 0.5 1 1 1 1
 0.5 1 1 1 1
 0.5 1 1 1 1
 0.5 1 1 1 1
 0.5 1 1 1 1
 0.5 1 1 1 1
 0.5 1 1 1 1
 0.5 1 1 1 1
 0.5 1 1 1 1
 0.5 1 1 1 1
 0.5 1 1 1 1
Scru_reclas
 0.5 1 1 1 1
 0.5 1 1 1 1
 0.5 1 1 1 1
 0.5 1 1 1 1
 0.5 1 1 1 1
 0.5 1 1 1 1
 0.5 1 1 1 1
 0.5 1 1 1 1
 0.5 1 1 1 1
 0.5 1 1 1 1
 0.5 1 1 1 1
 0.5 1 1 1 1
 0.5 1 1 1 1
 0.5 1 1 1 1
 0.5 1 1 1 1
 0.5 1 1 1 1
 0.5 1 1 1 1
 0.5 1 1 1 1
 0.5 1 1 1 1
 0.5 1 1 1 1
 0.5 1 1 1 1
 0.5 1 1 1 1
 0.5 1 1 1 1
 0.5 1 1 1 1
 0.5 1 1 1 1
Scru_pelaces
 0.5 1 1 1 1
 0.5 1 1 1 1
 0.5 1 1 1 1
 0.5 1 1 1 1
 0.5 1 1 1 1
 0.5 1 1 1 1
 0.5 1 1 1 1
 0.5 1 1 1 1
 0.5 1 1 1 1
 0.5 1 1 1 1
 0.5 1 1 1 1
 0.5 1 1 1 1
 0.5 1 1 1 1
 0.5 1 1 1 1
 0.5 1 1 1 1
 0.5 1 1 1 1
 0.5 1 1 1 1
 0.5 1 1 1 1
 0.5 1 1 1 1
 0.5 1 1 1 1
 0.5 1 1 1 1
 0.5 1 1 1 1
 0.5 1 1 1 1
 0.5 1 1 1 1
 0.5 1 1 1 1
pf_obs 
 0.256992 0.487395 0.22802 0.0275931 0
 0.321318 0.546541 0.124235 0.00734118 0.000564706
 0.182869 0.594174 0.210203 0.0122559 0.00049798
 0.330522 0.361315 0.267642 0.0388342 0.00168674
 0.649043 0.306663 0.0425973 0.00169635 0
 0.582887 0.30429 0.105238 0.00758474 0
 0.465427 0.430635 0.0974691 0.00646863 0
 0.296916 0.608066 0.0921331 0.00288517 0
 0.311714 0.524322 0.152257 0.0117073 0
 0.15457 0.633149 0.183074 0.0267441 0.00246327
 0.131901 0.49318 0.331252 0.0422183 0.00144891
 0.196976 0.569456 0.194076 0.0375587 0.00193317
 0.518974 0.381816 0.0799577 0.0180837 0.00116848
 0.0928022 0.601141 0.25162 0.0475244 0.00691264
 0.122501 0.610282 0.24278 0.0234846 0.000952079
 0.383417 0.481906 0.127806 0.00687128 0
 0.0376549 0.599619 0.316969 0.0457579 0
 0.0361596 0.667082 0.258105 0.0386534 0
 0.158088 0.579412 0.248529 0.0139706 0
 0.0477256 0.309471 0.559284 0.082774 0.000745712
 0.0406174 0.521527 0.379366 0.0568643 0.0016247
 0.151134 0.462217 0.34131 0.0453401 0
 0.294876 0.26143 0.354403 0.0886775 0.000613685
 0.281977 0.475581 0.204845 0.0348837 0.00271318
 0.0354234 0.537034 0.353287 0.0723622 0.0018943
pf_pred 
 0.286515 0.359179 0.178363 0.0885724 0.0873708
 0.37775 0.285946 0.169301 0.0840722 0.0829317
 0.235996 0.434349 0.151488 0.089692 0.0884752
 0.472682 0.232608 0.167547 0.0584357 0.0687269
 0.619268 0.25069 0.0573636 0.0413189 0.0313596
 0.449685 0.422421 0.0842108 0.0192693 0.0244139
 0.590692 0.273389 0.104331 0.0207988 0.0107891
 0.683479 0.242663 0.0493323 0.0188263 0.00569993
 0.642608 0.300082 0.0439368 0.00893214 0.00444073
 0.61297 0.312051 0.0629559 0.00921773 0.00280557
 0.387904 0.473887 0.111434 0.0224817 0.00429355
 0.125357 0.516797 0.277046 0.0651471 0.0156534
 0.373036 0.152319 0.280452 0.150345 0.0438483
 0.365667 0.373981 0.0632519 0.11646 0.0806405
 0.620423 0.242779 0.0806511 0.0136406 0.0425058
 0.660196 0.283439 0.036051 0.0119761 0.00833733
 0.405615 0.487111 0.0894804 0.0113811 0.00641285
 0.448279 0.332749 0.179452 0.0329647 0.00655532
 0.332757 0.425873 0.145573 0.0785076 0.0172894
 0.753389 0.128526 0.0753691 0.0257628 0.0169537
 0.471639 0.458956 0.0361715 0.0212114 0.0120219
 0.549405 0.29196 0.137798 0.0108602 0.00997802
 0.550172 0.32275 0.082339 0.038862 0.00587683
 0.327783 0.483199 0.13562 0.0345989 0.0187993
 0.120127 0.44469 0.312816 0.0877982 0.0345692
pobs_RECLAS
 0 0 0 0 0
 0 0 0 0 0
 0 0 0 0 0
 0 0 0 0 0
 0.835266 0.146461 0.0176864 0.000547809 3.91292e-05
 0.385257 0.428462 0.181853 0.0044286 0
 0.867414 0.0963971 0.0333333 0.00285562 0
 0.441836 0.489002 0.0689373 0.000224442 0
 0.779404 0.147425 0.0564933 0.0165055 0.000172143
 0.814271 0.122319 0.05973 0.00367925 0
 0.40263 0.566651 0.0304383 0.000280538 0
 0.475488 0.404961 0.113038 0.00651328 0
 0.955842 0.0263864 0.0167828 0.000988607 0
 0.975058 0.0227948 0.00214734 0 0
 0.738997 0.206755 0.0527124 0.00153531 0
 0.850938 0.134255 0.0134407 0.00136685 0
 0.542534 0.407297 0.0501686 0 0
 0.764087 0.199537 0.0359546 0.000420521 0
 0.470689 0.182191 0.310203 0.0369168 0
 0.84361 0.089868 0.0606195 0.00523954 0.000663233
 0.607945 0.314616 0.071237 0.00620181 0
 0.523733 0.453247 0.0230204 0 0
 0.530135 0.295979 0.169645 0.0042399 0
 0.562478 0.366248 0.0663022 0.0049721 0
 0.250443 0.683176 0.0655157 0.000865301 0
ppred_RECLAS
 0.287948 0.358457 0.178005 0.0883945 0.0871953
 0.380262 0.284791 0.168617 0.0837328 0.0825969
 0.243799 0.429913 0.149941 0.0887759 0.0875716
 0.474993 0.231589 0.166813 0.0581795 0.0684257
 0.619658 0.250433 0.0573047 0.0412765 0.0313274
 0.458204 0.415882 0.0829073 0.0189711 0.024036
 0.595213 0.270369 0.103179 0.020569 0.0106699
 0.690178 0.237527 0.0482881 0.0184278 0.00557929
 0.647601 0.29589 0.043323 0.00880737 0.0043787
 0.615406 0.310087 0.0625596 0.00915971 0.00278791
 0.392404 0.470403 0.110615 0.0223164 0.00426198
 0.127098 0.515768 0.276494 0.0650174 0.0156223
 0.38013 0.150596 0.277278 0.148644 0.0433521
 0.387351 0.361197 0.0610897 0.112479 0.0778838
 0.64188 0.229055 0.076092 0.0128695 0.040103
 0.665485 0.279028 0.0354899 0.0117897 0.00820757
 0.4092 0.484173 0.0889408 0.0113125 0.00637418
 0.45094 0.331144 0.178587 0.0328057 0.0065237
 0.335325 0.424234 0.145012 0.0782054 0.0172229
 0.75529 0.127535 0.0747881 0.0255642 0.016823
 0.472505 0.458204 0.0361123 0.0211767 0.0120022
 0.550587 0.291193 0.137436 0.0108317 0.00995183
 0.551466 0.321822 0.0821022 0.0387502 0.00585993
 0.329014 0.482315 0.135372 0.0345356 0.0187649
 0.121054 0.444221 0.312486 0.0877057 0.0345328
pobs_PELACES
 0 0 0 0 0
 0 0 0 0 0
 0 0 0 0 0
 0 0 0 0 0
 0 0 0 0 0
 0 0 0 0 0
 0 0 0 0 0
 0 0 0 0 0
 0 0 0 0 0
 0 0 0 0 0
 0.450072 0.473896 0.0757376 0.000293798 0
 0 0 0 0 0
 0.463077 0.371075 0.160297 0.00555027 0
 0.529543 0.364841 0.0842815 0.0213345 0
 0.631943 0.363953 0.00410389 0 0
 0.735681 0.248677 0.0153453 0.000297389 0
 0.695825 0.281241 0.0229344 0 0
 0.275771 0.60734 0.115278 0.00161068 0
 0 0 0 0 0
 0.896147 0.0623911 0.0374545 0.00400742 0
 0.803859 0.145111 0.0509908 3.86294e-05 0
 0.739449 0.233085 0.0266225 0.000797448 4.60066e-05
 0.878498 0.100942 0.0204185 0.000141795 0
 0.694673 0.275183 0.0284847 0.00165964 0
 0.469039 0.446079 0.0841089 0.000773354 0
ppred_PELACES
 0.294762 0.355027 0.176301 0.0875486 0.0863609
 0.391379 0.279683 0.165592 0.0822307 0.0811152
 0.269232 0.415454 0.144898 0.0857902 0.0846264
 0.485425 0.226987 0.163498 0.0570235 0.0670661
 0.621764 0.249046 0.0569874 0.041048 0.0311539
 0.486698 0.39401 0.0785471 0.0179733 0.0227719
 0.612705 0.258686 0.09872 0.0196801 0.0102088
 0.712495 0.220417 0.0448098 0.0171004 0.00517739
 0.666089 0.280367 0.0410501 0.0083453 0.00414898
 0.62612 0.301449 0.0608168 0.00890454 0.00271024
 0.4101 0.456702 0.107393 0.0216664 0.00413785
 0.134382 0.511464 0.274187 0.0644749 0.0154919
 0.404993 0.144555 0.266157 0.142682 0.0416133
 0.441582 0.329224 0.0556821 0.102522 0.0709897
 0.691455 0.197347 0.0655585 0.011088 0.0345515
 0.684609 0.263076 0.033461 0.0111157 0.00773836
 0.424048 0.472004 0.0867055 0.0110282 0.00621398
 0.462655 0.324079 0.174776 0.0321057 0.00638451
 0.346561 0.417062 0.142561 0.0768834 0.0169317
 0.763588 0.12321 0.0722521 0.0246974 0.0162526
 0.47694 0.454352 0.0358086 0.0209986 0.0119013
 0.556441 0.2874 0.135646 0.0106906 0.00982221
 0.557799 0.317278 0.080943 0.0382031 0.0057772
 0.335031 0.477989 0.134157 0.0342258 0.0185966
 0.125355 0.442047 0.310957 0.0872765 0.0343638
pobs_pel_tallas
 0 0 0 0 0 0 0 0 0 0 0 0 0 0 0 0 0 0 0 0 0 0 0 0 0 0 0 0 0 0 0 0 0 0 0 0
 0 0 0 0 0 0 0 0 0 0 0 0 0 0 0 0 0 0 0 0 0 0 0 0 0 0 0 0 0 0 0 0 0 0 0 0
 0 0 0 0 0 0 0 0 0 0 0 0 0 0 0 0 0 0 0 0 0 0 0 0 0 0 0 0 0 0 0 0 0 0 0 0
 0 0 0 0 0 0 0 0 0 0 0 0 0 0 0 0 0 0 0 0 0 0 0 0 0 0 0 0 0 0 0 0 0 0 0 0
 0 0 0 0 0 0 0 0 0 0 0 0 0 0 0 0 0 0 0 0 0 0 0 0 0 0 0 0 0 0 0 0 0 0 0 0
 0 0 0 0 0 0 0 0 0 0 0 0 0 0 0 0 0 0 0 0 0 0 0 0 0 0 0 0 0 0 0 0 0 0 0 0
 0 0 0 0 0 0 0 0 0 0 0 0 0 0 0 0 0 0 0 0 0 0 0 0 0 0 0 0 0 0 0 0 0 0 0 0
 0 0 0 0 0 0 0 0 0 0 0 0 0 0 0 0 0 0 0 0 0 0 0 0 0 0 0 0 0 0 0 0 0 0 0 0
 0 0 0 0 0 0 0 0 0 0 0 0 0 0 0 0 0 0 0 0 0 0 0 0 0 0 0 0 0 0 0 0 0 0 0 0
 0 0 0 0 0 0 0 0 0 0 0 0 0 0 0 0 0 0 0 0 0 0 0 0 0 0 0 0 0 0 0 0 0 0 0 0
 0 0 0 0 0 0 0 0 1.78061e-05 0.00172719 0.00360574 0.0105946 0.0120993 0.0124554 0.0147524 0.0171206 0.0266825 0.0428682 0.0675386 0.121331 0.153587 0.119568 0.100827 0.0573624 0.0630603 0.0341343 0.0324427 0.0444173 0.0211091 0.0280891 0.0125444 0.00206551 0 0 0 0
 0 0 0 0 0 0 0 0 0 0 0 0 0 0 0 0 0 0 0 0 0 0 0 0 0 0 0 0 0 0 0 0 0 0 0 0
 0 0 0 0 0 0 0.0133647 0.0140871 0.0187388 0.0205184 0.03894 0.0496705 0.03968 0.0493445 0.0407372 0.0367815 0.0215668 0.0243155 0.0234873 0.0199281 0.019796 0.0243948 0.0301388 0.0376714 0.0412746 0.0863199 0.0771752 0.113111 0.0741005 0.0525337 0.0229764 0.00759418 0.00175318 0 0 0
 0 0 0 0 0 0 0 0 0 0 0.00219441 0.00772107 0.0458388 0.0604681 0.0671733 0.0775358 0.0609151 0.0617685 0.073594 0.0568108 0.0755445 0.0548602 0.0670107 0.0636378 0.0643287 0.046367 0.0373049 0.0286899 0.0247887 0.0153202 0.00654259 0.00121912 0.000365735 0 0 0
 0 0 0 0 0 0 0 0 0 0 0 0 0.000112435 0.00938835 0.0111873 0.0202946 0.0414886 0.0713402 0.111592 0.104902 0.108894 0.110636 0.117776 0.105296 0.107544 0.0401394 0.0192827 0.0124803 0.00416011 0.0028671 0.000618394 0 0 0 0 0
 0 0 0 0 0 0 0 0 0 0 0.00291406 0.0102884 0.027416 0.0768956 0.0749926 0.110853 0.0956884 0.0897413 0.0766577 0.0534642 0.0500743 0.0551293 0.0594112 0.0620874 0.0668451 0.0424026 0.0208742 0.0120726 0.0048766 0.00582813 0.00118941 0.000297354 0 0 0 0
 0 0.00264628 0.0354308 0.0461629 0.0458689 0.0383711 0.0214643 0.0164657 0.0346957 0.0420465 0.0363128 0.0245516 0.0311673 0.0291091 0.0169068 0.0133784 0.00837989 0.0085269 0.0148486 0.0160247 0.0276389 0.0546898 0.0760071 0.122758 0.109233 0.0665981 0.0333725 0.0166128 0.00676272 0.00308733 0.000882094 0 0 0 0 0
 0 0 0 0 0 0 0 0.000805153 0.000690131 0.00759144 0.0133425 0.0154129 0.00931677 0.000345066 0.00356568 0.00563607 0.00851162 0.0253048 0.0502646 0.0516448 0.0657925 0.0565908 0.0611916 0.0827007 0.0866115 0.110766 0.145733 0.0935128 0.0569358 0.0249597 0.0138026 0.00621118 0.00161031 0.00115022 0 0
 0 0 0 0 0 0 0 0 0 0 0 0 0 0 0 0 0 0 0 0 0 0 0 0 0 0 0 0 0 0 0 0 0 0 0 0
 0.00147267 0.00158595 0.00478618 0.00569244 0.00954404 0.0108468 0.00647125 0.017049 0.0510054 0.094081 0.124002 0.0959785 0.0687766 0.0820023 0.061753 0.0591476 0.0492212 0.0479892 0.0443925 0.0268479 0.0217502 0.0140895 0.0121071 0.0120363 0.00920419 0.00665534 0.0049561 0.00860946 0.00930331 0.0156896 0.0114698 0.00855282 0.00243557 0.00046729 0 2.83206e-05
 0 0 0 0 0.000772559 0.00158375 0.000888443 0.00281984 0.00712685 0.0440552 0.0773331 0.111326 0.0921469 0.0852325 0.0710754 0.0886704 0.0786465 0.0553345 0.0373146 0.0185414 0.00753245 0.00457741 0.012979 0.0271748 0.0457355 0.0583668 0.034881 0.0177882 0.00938659 0.00492506 0.0015258 0.00185414 0.000309023 5.79419e-05 3.86279e-05 0
 0 0.00173294 0.00326652 0 0.00397197 0.00683976 0.00946217 0.0152591 0.00757587 0.0136028 0.0228656 0.0392903 0.0559909 0.0764795 0.0681675 0.0726916 0.0566044 0.0477403 0.0527397 0.0444891 0.0609904 0.0582453 0.0661739 0.0445044 0.0529084 0.0360697 0.0280645 0.0235558 0.0158879 0.00826598 0.00280645 0.00217768 0.000904811 0.00058276 9.20147e-05 0
 0 0 0 0 0 0 0 0 0 0 0 0 0 0 0 0 0 0 0 0 0 0 0 0 0 0 0 0 0 0 0 0 0 0 0 0
 0 0 0 0 0 0 0 0 0 0 0 0 0 0 0 0 0 0 0 0 0 0 0 0 0 0 0 0 0 0 0 0 0 0 0 0
 0 0 0 0 0 0 0 0 0 0 0 0 0 0 0 0 0 0 0 0 0 0 0 0 0 0 0 0 0 0 0 0 0 0 0 0
ppred_pel_tallas
 1.09662e-16 1.28802e-05 7.55465e-05 0.000359011 0.00138204 0.00430961 0.010886 0.0222767 0.0369355 0.0496317 0.054084 0.047884 0.034666 0.0210182 0.0116767 0.00767245 0.00775771 0.0104073 0.0146623 0.0200133 0.026069 0.0323728 0.0383876 0.0435745 0.0474993 0.0499169 0.0508046 0.0503311 0.048781 0.0464622 0.0436323 0.0404638 0.0370506 0.0334412 0.0296777 0.0258244
 1.09058e-16 1.70901e-05 0.000100269 0.000476561 0.00183466 0.00572111 0.0144513 0.0295709 0.0490234 0.0658564 0.0717159 0.0633801 0.0456352 0.0271709 0.0141971 0.00798899 0.00679458 0.00851511 0.0118549 0.0161949 0.0211679 0.0264072 0.0314929 0.0359993 0.039575 0.0420076 0.0432497 0.0433977 0.0426353 0.0411662 0.0391617 0.036738 0.0339641 0.0308881 0.0275666 0.0240833
 1.09095e-16 1.17693e-05 6.90192e-05 0.000327968 0.0012625 0.0039368 0.00994442 0.0203506 0.0337445 0.0453519 0.0494415 0.0438241 0.0318363 0.0195207 0.0112364 0.00796347 0.00859895 0.0117734 0.0166074 0.0225931 0.0292854 0.0361408 0.042524 0.0478095 0.0515118 0.0533852 0.0534621 0.0520109 0.0494393 0.0461758 0.0425724 0.038857 0.0351367 0.0314374 0.0277558 0.024101
 1.07488e-16 2.11888e-05 0.000124337 0.000590993 0.00227527 0.00709515 0.0179219 0.0366716 0.0607914 0.0816535 0.0888879 0.0784832 0.0563507 0.0332312 0.0167765 0.00850753 0.00618903 0.00716787 0.00981785 0.0134006 0.0175482 0.0219484 0.0262564 0.0301209 0.0332459 0.0354428 0.0366537 0.0369357 0.0364191 0.0352563 0.0335813 0.0314926 0.0290594 0.0263401 0.0234033 0.0203382
 1.03757e-16 2.71346e-05 0.000159242 0.000756933 0.00291418 0.00908755 0.0229545 0.0469689 0.0778595 0.104573 0.113823 0.100462 0.0720506 0.0423248 0.0210568 0.0101565 0.00671468 0.00728334 0.00973346 0.0130854 0.0168551 0.0206575 0.024096 0.0267946 0.0284722 0.0290026 0.0284374 0.0269783 0.0249146 0.0225465 0.0201209 0.0177974 0.015647 0.0136753 0.0118556 0.0101577
 1.02925e-16 2.1251e-05 0.000124687 0.000592624 0.0022815 0.00711451 0.017971 0.0367733 0.0609644 0.0818995 0.0891913 0.0788359 0.0567883 0.0338585 0.0177715 0.0101111 0.00868671 0.0108593 0.0149645 0.0201511 0.0258558 0.0315036 0.0364618 0.0401294 0.0420647 0.0420855 0.0403064 0.0370946 0.0329677 0.0284661 0.0240435 0.0200039 0.0164929 0.0135286 0.0110532 0.00898103
 1.02639e-16 2.67402e-05 0.000156925 0.000745915 0.00287175 0.00895523 0.0226203 0.0462852 0.0767265 0.103053 0.112172 0.0990142 0.0710319 0.0417665 0.020854 0.0101846 0.00689971 0.00760876 0.0102171 0.0137562 0.0177376 0.0217611 0.0254077 0.0282747 0.0300537 0.0305952 0.029935 0.0282698 0.025896 0.0231331 0.0202575 0.0174657 0.0148683 0.0125084 0.0103896 0.00850044
 1.01538e-16 3.10898e-05 0.000182465 0.000867343 0.00333929 0.0104133 0.0263031 0.0538201 0.0892145 0.119818 0.130399 0.115053 0.0824275 0.0482443 0.0236734 0.01087 0.0064654 0.00647988 0.0084613 0.0113003 0.0144866 0.0176525 0.0204354 0.0224972 0.0235897 0.0236097 0.0226195 0.020823 0.0185084 0.0159774 0.0134839 0.011199 0.00920631 0.00751855 0.00610623 0.00492407
 1.01155e-16 2.90687e-05 0.000170594 0.000810894 0.00312193 0.0097354 0.024591 0.0503174 0.0834105 0.112029 0.12194 0.107631 0.0772005 0.0453668 0.0225998 0.0109459 0.00728598 0.00791908 0.0105501 0.0141068 0.0180397 0.0219002 0.0252282 0.0275949 0.0286909 0.0283969 0.0268108 0.0242146 0.0209998 0.0175738 0.0142783 0.0113427 0.00887475 0.00688355 0.0053159 0.00409307
 1.01395e-16 2.73267e-05 0.000160365 0.000762261 0.00293467 0.00915144 0.023116 0.0472996 0.0784091 0.105316 0.114642 0.101212 0.0726464 0.0427913 0.0215041 0.0107273 0.00754774 0.00850148 0.0114355 0.0153303 0.0196384 0.023889 0.0275894 0.0302761 0.0316096 0.031452 0.0298954 0.0272291 0.0238609 0.0202184 0.016664 0.0134449 0.0106839 0.00840195 0.0065561 0.00507625
 1.02612e-16 1.79137e-05 0.000105088 0.000499433 0.00192266 0.00599549 0.0151445 0.0309907 0.0513815 0.0690375 0.0752147 0.0665547 0.0481001 0.0289962 0.0158011 0.00990743 0.00952686 0.0124774 0.0173629 0.0234188 0.0300599 0.0366337 0.0424057 0.0466738 0.0489182 0.0489189 0.0468003 0.0429826 0.0380644 0.0326765 0.0273553 0.0224693 0.0182062 0.0146063 0.0116188 0.0091552
 1.06998e-16 5.89364e-06 3.45138e-05 0.000163903 0.000630766 0.00196674 0.00496836 0.0101699 0.0168731 0.0227066 0.0248318 0.0221951 0.0165249 0.0109315 0.00771775 0.00752544 0.00996022 0.014461 0.0206293 0.0281237 0.0364784 0.0450321 0.0529829 0.0595277 0.0640261 0.0661303 0.0658398 0.0634605 0.0594948 0.0545026 0.0489827 0.043307 0.0377127 0.0323341 0.0272494 0.0225184
 1.10673e-16 1.76785e-05 0.000103735 0.000493066 0.00189826 0.00591945 0.0149521 0.0305947 0.0507167 0.0681194 0.0741491 0.0654566 0.0469699 0.0276452 0.0138618 0.00688785 0.00486551 0.00560318 0.00778707 0.0108686 0.0146303 0.0189119 0.0235163 0.028206 0.0327292 0.0368479 0.0403568 0.0430877 0.0449082 0.0457182 0.0454554 0.0441071 0.0417261 0.0384398 0.0344476 0.0300016
 1.07738e-16 1.92809e-05 0.000113127 0.000537681 0.00206998 0.00645492 0.0163049 0.0333638 0.0553113 0.0743031 0.0809134 0.0715068 0.0514824 0.0306424 0.0159889 0.00895277 0.0075433 0.00937078 0.0129423 0.0175199 0.0226443 0.0278603 0.0326653 0.0365768 0.0392321 0.0404661 0.0403373 0.03909 0.0370707 0.0346288 0.0320368 0.0294515 0.026921 0.0244215 0.0219072 0.0193494
 1.02991e-16 3.01714e-05 0.000177076 0.000841725 0.00324067 0.0101057 0.0255262 0.0522304 0.0865789 0.116277 0.126542 0.111643 0.0799692 0.0467748 0.0228963 0.0104213 0.00607851 0.00600764 0.00783732 0.0105077 0.0135491 0.0166363 0.0194497 0.021687 0.0231187 0.0236357 0.0232685 0.0221668 0.0205519 0.0186577 0.0166806 0.014753 0.0129409 0.0112607 0.00970323 0.00825462
 1.01305e-16 2.98755e-05 0.000175332 0.000833425 0.00320869 0.0100059 0.0252744 0.0517155 0.0857273 0.115139 0.125318 0.110598 0.0792973 0.0465352 0.0230635 0.0109739 0.00704936 0.00747807 0.00990043 0.0132246 0.0169088 0.0205267 0.0236466 0.025868 0.0269024 0.0266404 0.0251755 0.0227735 0.0198015 0.0166394 0.0136047 0.0109072 0.00864288 0.00681491 0.00536934 0.00423011
 1.02054e-16 1.85224e-05 0.000108661 0.000516415 0.00198805 0.00619938 0.0156596 0.0320445 0.0531287 0.0713846 0.077771 0.0688145 0.0497284 0.0299677 0.0163115 0.0101965 0.00976915 0.0127674 0.0177405 0.0238904 0.0306046 0.0372027 0.0429233 0.0470436 0.0490358 0.0486894 0.0461561 0.0418972 0.0365596 0.0308196 0.0252488 0.0202349 0.0159674 0.0124732 0.0096773 0.00746115
 1.03989e-16 2.02001e-05 0.000118523 0.000563331 0.00216873 0.00676288 0.0170827 0.0349554 0.0579494 0.0778457 0.0847677 0.0749046 0.0539106 0.0320518 0.0166601 0.00922952 0.00767141 0.0094821 0.013103 0.0177724 0.0230254 0.028401 0.0333815 0.0374552 0.0402158 0.0414441 0.041143 0.0395117 0.0368762 0.0336 0.0300085 0.0263456 0.022768 0.0193639 0.0161824 0.0132576
 1.05593e-16 1.51415e-05 8.88162e-05 0.000422084 0.00162486 0.00506682 0.0127988 0.0261908 0.0434247 0.0583502 0.0635811 0.0562843 0.0407292 0.024657 0.0136275 0.00884051 0.00881128 0.0117227 0.016417 0.0222604 0.0287559 0.0353327 0.0413356 0.0461249 0.0492091 0.0503491 0.0495988 0.047264 0.0438041 0.0397086 0.0353939 0.0311473 0.0271219 0.0233704 0.0198928 0.0166778
 1.02674e-16 3.33137e-05 0.000195531 0.000929477 0.00357856 0.0111594 0.0281878 0.0576755 0.0956021 0.128387 0.139699 0.123197 0.0881286 0.0513124 0.0246796 0.0104945 0.00510432 0.00421902 0.00522027 0.00697887 0.00906418 0.0112461 0.0133218 0.015098 0.0164185 0.0171934 0.0174114 0.0171301 0.016451 0.0154882 0.014342 0.0130863 0.0117682 0.0104181 0.00906013 0.0077212
 1.01934e-16 2.08279e-05 0.000122198 0.000580776 0.00223586 0.00697218 0.0176116 0.0360383 0.0597478 0.0802707 0.0874324 0.0773164 0.0557704 0.0334047 0.0178116 0.0105685 0.00955052 0.0121823 0.0168215 0.0225924 0.0288674 0.0349806 0.0401994 0.0438373 0.0454047 0.0447256 0.0419787 0.0376421 0.0323684 0.0268287 0.0215794 0.016984 0.0132011 0.0102222 0.00793631 0.00619302
 1.02846e-16 2.4288e-05 0.000142526 0.000677454 0.00260815 0.00813318 0.020544 0.042037 0.0696861 0.0936019 0.101898 0.0899781 0.0646203 0.0381396 0.0193095 0.00987356 0.00726379 0.00842343 0.0114586 0.0154762 0.0199916 0.0245746 0.0287604 0.0320965 0.0342305 0.0349826 0.0343766 0.0326148 0.0300133 0.026919 0.023639 0.0203989 0.0173361 0.0145173 0.0119659 0.00968738
 1.02836e-16 2.43483e-05 0.000142878 0.000679119 0.00261455 0.00815314 0.0205944 0.0421404 0.0698583 0.0938353 0.102158 0.0902209 0.0648239 0.0383179 0.0195059 0.0101441 0.00766455 0.00900366 0.0122539 0.0164979 0.0212151 0.0259302 0.030133 0.0333368 0.035178 0.0354954 0.0343612 0.0320471 0.0289451 0.0254682 0.0219659 0.0186765 0.0157207 0.0131264 0.0108675 0.00889987
 1.04106e-16 1.46412e-05 8.58736e-05 0.000408082 0.00157093 0.00489862 0.012374 0.0253221 0.0419865 0.0564241 0.0614994 0.0544817 0.0395123 0.0240945 0.0136294 0.0093065 0.00971797 0.0131226 0.0183933 0.0248754 0.0320085 0.0391284 0.0454742 0.0503115 0.0530888 0.0535599 0.0518299 0.0483067 0.0435812 0.0382787 0.0329315 0.0279058 0.0233912 0.0194369 0.0160084 0.0130406
 1.09163e-16 5.49726e-06 3.2193e-05 0.000152883 0.000588362 0.00183452 0.00463431 0.00948595 0.0157375 0.0211761 0.0231521 0.0206796 0.0153665 0.0101076 0.00704363 0.00676633 0.00890494 0.0129419 0.0185256 0.0253751 0.0331117 0.0411858 0.0489167 0.0556058 0.0606725 0.0637643 0.0648052 0.063967 0.0615849 0.0580509 0.0537246 0.0488879 0.0437437 0.0384428 0.0331183 0.0279073
pSPR Fmed_Fpbrs
0.549668   0.255602 0.255602
Fs Fmed_Fpbrs
0.336924   1.005 1.005
SSBpbr Bo_Bmed_Bpbrs
982514  490931  202007 202007
Ro
32859.6
SPR SPRFo_SPRFmed_SPRFpbrs
674864 370951 172497
log_Ro
10.22
likeval ReclasPelacesDesembMPH_pf_preclas_ppelaces_ptallas_desvR_qrecl_qpela
 105.248 93.3467 0.613143 0.000638437 360.969 215.016 85.328 0 21.7724 0 0 0 0 0 0
q_reclas_q_pelaces
1 1
M
0.7
N
 29855 19535.7 9701.15 4817.45 4752.1
 33364.5 13414.5 7942.35 3944.05 3890.55
 13317 14372.4 5012.69 2967.87 2927.61
 16993.7 4413.56 3179.08 1108.77 1304.04
 36298 7434.95 1701.28 1225.43 930.06
 32506.8 17543 3497.25 800.249 1013.9
 44987.2 11414.9 4356.16 868.414 450.477
 88506.1 17899 3638.79 1388.64 420.431
 123005 31819.9 4658.93 947.139 470.883
 176486 47637.5 9610.81 1407.17 428.296
 113927 76349.9 17953.6 3622.12 691.752
 20239.6 45255.3 24260.5 5704.85 1370.75
 35674.5 8276.25 15238.3 8168.98 2382.49
 19737 12915.2 2184.36 4021.86 2784.86
 19879.1 4975.69 1652.92 279.561 871.144
 20966.9 5016.4 638.042 211.957 147.557
 12317.8 7994.12 1468.49 186.779 105.243
 12887.9 5082.98 2741.26 503.559 100.137
 8128.76 5546.75 1896 1022.52 225.185
 38355.7 3469.02 2034.27 695.36 457.595
 33320.8 16597.5 1308.09 767.082 434.755
 57199.3 15678.4 7399.81 583.198 535.825
 87151.9 26437.1 6744.55 3183.26 481.383
 52431.1 40043.4 11239 2867.26 1557.92
 12305 23981.3 16869.6 4734.79 1864.25
pred_Ctot
 2055.39 2576.66 1279.53 635.396 626.776
 3206.35 2427.12 1437.03 713.608 703.927
 3259.99 5999.98 2092.62 1238.98 1222.17
 1464.47 720.67 519.098 181.046 212.931
 699.207 283.051 64.7685 46.6526 35.4077
 6984.03 6560.59 1307.87 299.271 379.17
 6514.13 3014.93 1150.56 229.368 118.982
 17897.2 6354.25 1291.79 492.975 149.255
 19751.6 9223.51 1350.47 274.544 136.493
 16481.6 8390.48 1692.77 247.848 75.4365
 16604.7 20285.3 4770.08 962.358 183.791
 2598.74 10713.6 5743.36 1350.55 324.508
 7079.2 2890.61 5322.2 2853.14 832.12
 7262.42 7427.56 1256.23 2312.99 1601.58
 7307.02 2859.33 949.866 160.652 500.611
 3555.04 1526.27 194.128 64.4892 44.8951
 1513.29 1817.34 333.839 42.4613 23.9254
 1245.83 924.76 498.725 91.6139 18.2182
 829.232 1061.28 362.768 195.641 43.0853
 3575.5 609.969 357.693 122.267 80.4605
 1261.34 1227.42 96.736 56.7272 32.151
 2860.84 1520.28 717.536 56.5509 51.9573
 4706.04 2760.72 704.308 332.416 50.269
 2990.59 4408.55 1237.35 315.669 171.518
 1012.95 3749.79 2637.78 740.347 291.5
F
 0.100018 0.200035 0.200035 0.200035 0.200035
 0.142182 0.284363 0.284363 0.284363 0.284363
 0.40436 0.808721 0.808721 0.808721 0.808721
 0.126649 0.253298 0.253298 0.253298 0.253298
 0.0271074 0.0542148 0.0542148 0.0542148 0.0542148
 0.346532 0.693064 0.693064 0.693064 0.693064
 0.221633 0.443266 0.443266 0.443266 0.443266
 0.32298 0.64596 0.64596 0.64596 0.64596
 0.248601 0.497203 0.497203 0.497203 0.497203
 0.137914 0.275829 0.275829 0.275829 0.275829
 0.223238 0.446476 0.446476 0.446476 0.446476
 0.194254 0.388508 0.388508 0.388508 0.388508
 0.316033 0.632067 0.632067 0.632067 0.632067
 0.677929 1.35586 1.35586 1.35586 1.35586
 0.676958 1.35392 1.35392 1.35392 1.35392
 0.264239 0.528478 0.528478 0.528478 0.528478
 0.185145 0.370289 0.370289 0.370289 0.370289
 0.143075 0.28615 0.28615 0.28615 0.28615
 0.151537 0.303073 0.303073 0.303073 0.303073
 0.13765 0.2753 0.2753 0.2753 0.2753
 0.0538997 0.107799 0.107799 0.107799 0.107799
 0.0717739 0.143548 0.143548 0.143548 0.143548
 0.0776895 0.155379 0.155379 0.155379 0.155379
 0.082226 0.164452 0.164452 0.164452 0.164452
 0.120669 0.241338 0.241338 0.241338 0.241338
nmprior
 10.6 11 7 0
nm_flota  nm_reclas  nm_pelaces    nm_pelaL
inf 10.0027 11.6197 24.2522
cv_recla  cv_pelaces  cv_mph
0.927965 1.09552 0.81978
 ------------------------------------------------
Talla a la edad & desviación 
 7.2 14.2025 17.0495 18.207 18.6776
 1.08 2.13037 2.55742 2.73105 2.80164
