    unsorted:	 2.272311829e-06 -9.748769667e-09 7.607306290e-06 5.092473781e-05 0.0008999964725 0.007462021899 45.72483920 63.67713089 106.4517572 173.6540812 187.7638521 296.1224891 456.8427204 574.6577754 656.2463959 795.6772591 822.4910729 952.3670552 1078.788447 1253.920924 1315.327046 1474.761060 1591.201368 1808.661868 2086.813815 2185.212815 2518.355250 2629.395835 3180.147901 3462.913971 3719.079813 4073.263692 4127.706324 4548.773162 5027.836147 5106.759592 5656.890564 5738.565148 24474.61470 196487.1313 380555.0341 393974.1671 416252.6980 461297.9403 480612.5377 493127.4630 514033.7172 526816.1050 534974.1243 316227.4820 594064.7527 628749.8850 676637.1205 776450.2177 848669.9958 922501.0929 1108862.229 1154959.352 1400647.196 1662603.956 1895051.277 2094129.682 2327872.497 2623235.574 5138419.142
      sorted:	 -9.748769667e-09 2.272311829e-06 7.607306290e-06 5.092473781e-05 0.0008999964725 0.007462021899 45.72483920 63.67713089 106.4517572 173.6540812 187.7638521 296.1224891 456.8427204 574.6577754 656.2463959 795.6772591 822.4910729 952.3670552 1078.788447 1253.920924 1315.327046 1474.761060 1591.201368 1808.661868 2086.813815 2185.212815 2518.355250 2629.395835 3180.147901 3462.913971 3719.079813 4073.263692 4127.706324 4548.773162 5027.836147 5106.759592 5656.890564 5738.565148 24474.61470 196487.1313 316227.4820 380555.0341 393974.1671 416252.6980 461297.9403 480612.5377 493127.4630 514033.7172 526816.1050 534974.1243 594064.7527 628749.8850 676637.1205 776450.2177 848669.9958 922501.0929 1108862.229 1154959.352 1400647.196 1662603.956 1895051.277 2094129.682 2327872.497 2623235.574 5138419.142
