years
 1997 1998 1999 2000 2001 2002 2003 2004 2005 2006 2007 2008 2009 2010 2011 2012 2013 2014 2015 2016 2017 2018 2019 2020 2021
reclasobs
 0 0 0 370054 412103 1.49427e+06 250295 1.28982e+06 931140 785840 897777 1.04006e+06 184774 17550 25797 100020 73551 82996 120727 218422 84188 347160 605670 569463 516374
reclaspred
 2.48992e+06 392059 585305 162591 248452 331900 676067 595530 657998 908363 962118 652031 358124 146864 82409.2 80414.8 90198.8 109262 118363 134660 214263 223153 377806 448771 392146
pelacesobs
 0 0 0 0 0 0 0 0 0 2.06254e+06 1.5e+06 0 1.87456e+06 323000 250000 174000 83755 137374 0 501740 490994 745055 786931 1.00524e+06 1.33801e+06
pelacespred
 3.77422e+06 1.19748e+06 458415 307498 709414 455682 2.16506e+06 1.59156e+06 1.77373e+06 2.56509e+06 1.85515e+06 1.31043e+06 899069 303826 179224 162325 180036 229241 219272 262433 524211 430786 584118 838863 517517
mphobs
 0 0 0 0 0 112323 0 153150 637223 0 255016 313432 73983 77613 109348 50772 0 0 0 0 0 0 0 0 0
mphpred
 602521 250158 152337 64033 49574.3 133265 148449 255166 234034 276441 395575 251348 152872 88517.8 41419.2 30267.5 30734.4 34650.9 40547.6 41609.3 59418 77624.7 94939.2 134597 148851
desembarqueobs
 350755 77701 442110 56441 14545 235359 269955 359681 431902 328805 639364 411747 362871 311530 167758 66681 60226 58785 57116 73181 50977 67692 138656 160484 209506
desembarquepred
 350741 77670.6 441488 56417.2 14543.5 235190 269881 359103 431400 328507 638091 411015 362103 310890 167158 66588.3 60173.5 58690.3 57023.9 73090.1 50956.4 67618.9 138540 160358 209321
Reclutas
 12534.7 33182.9 2623.59 6932.85 41538.7 14757.4 63369.2 59169.5 72341.8 129188 56412.6 46490.5 54423.3 29112.5 12910.4 10994.4 7195.55 8277.74 8433.65 11385.4 16479.3 20753 34481 34447.4 2276.81
log_desv_Rt
 -0.48374 0.48979 -2.0477 -1.07597 0.71438 -0.320502 1.13673 1.06816 1.26916 1.84902 1.02045 0.827002 0.984549 0.358923 -0.454208 -0.614854 -1.03878 -0.898674 -0.880015 -0.579917 -0.210137 0.0204475 0.528163 0.52719 -2.18947
SSB
 1.01593e+06 421798 256859 107968 83588.5 224702 250304 430241 394611 466115 666989 423805 257762 149252 69838 51034.9 51822 58425.7 68368.4 70158.5 100186 130885 160079 226948 250982
BT
 1.52494e+06 559885 386793 171881 287084 338947 1.06645e+06 980809 1.07706e+06 1.29269e+06 1.22772e+06 853146 691397 396950 202909 115406 114934 133535 126744 155882 237870 214808 305289 432588 340612
Ftot
 0.337097 0.504017 1.6046 0.84536 0.229969 1.64461 1.40804 1.80862 1.98435 1.22823 1.6526 1.5789 2.7848 4.85254 4.95303 2.31523 1.8449 1.52667 1.2863 1.52022 0.710526 0.815433 0.987792 0.972429 1.18281
BD_Bspro_t
 0.960943 0.746754 0.546541 0.210308 0.276129 0.554151 0.419594 0.501986 0.432223 0.429767 0.4811 0.307123 0.21477 0.152096 0.0869443 0.078356 0.108528 0.164941 0.230621 0.282707 0.390769 0.520181 0.528347 0.538096 0.491427
BD_Bspro
 2.4328 1.01007 0.615092 0.258547 0.200167 0.538086 0.599394 1.03028 0.944961 1.11619 1.59722 1.01487 0.617254 0.357409 0.167239 0.122211 0.124096 0.13991 0.163719 0.168006 0.239912 0.313426 0.383337 0.543464 0.601018
BD_Bo
 1.28661 0.534184 0.325298 0.136735 0.10586 0.284572 0.316996 0.544877 0.499753 0.590308 0.844704 0.536726 0.326441 0.18902 0.088446 0.0646328 0.0656297 0.0739929 0.0865848 0.0888519 0.12688 0.165759 0.202732 0.287417 0.317855
BD_Brms
 3.39759 1.41063 0.859022 0.36108 0.279548 0.751478 0.837099 1.43887 1.31971 1.55884 2.23063 1.41735 0.862041 0.499149 0.233562 0.170678 0.17331 0.195395 0.228647 0.234633 0.335056 0.437723 0.535359 0.758989 0.839367
S_f
 0.082757 0.642107 0.972735 0.998592 0.999929
 0.082757 0.642107 0.972735 0.998592 0.999929
 0.082757 0.642107 0.972735 0.998592 0.999929
 0.082757 0.642107 0.972735 0.998592 0.999929
 0.082757 0.642107 0.972735 0.998592 0.999929
 0.082757 0.642107 0.972735 0.998592 0.999929
 0.082757 0.642107 0.972735 0.998592 0.999929
 0.082757 0.642107 0.972735 0.998592 0.999929
 0.082757 0.642107 0.972735 0.998592 0.999929
 0.082757 0.642107 0.972735 0.998592 0.999929
 0.082757 0.642107 0.972735 0.998592 0.999929
 0.082757 0.642107 0.972735 0.998592 0.999929
 0.082757 0.642107 0.972735 0.998592 0.999929
 0.082757 0.642107 0.972735 0.998592 0.999929
 0.082757 0.642107 0.972735 0.998592 0.999929
 0.082757 0.642107 0.972735 0.998592 0.999929
 0.082757 0.642107 0.972735 0.998592 0.999929
 0.082757 0.642107 0.972735 0.998592 0.999929
 0.082757 0.642107 0.972735 0.998592 0.999929
 0.082757 0.642107 0.972735 0.998592 0.999929
 0.082757 0.642107 0.972735 0.998592 0.999929
 0.082757 0.642107 0.972735 0.998592 0.999929
 0.082757 0.642107 0.972735 0.998592 0.999929
 0.082757 0.642107 0.972735 0.998592 0.999929
 0.082757 0.642107 0.972735 0.998592 0.999929
Scru_reclas
 0.241672 0.615954 0.889766 0.975974 0.995132
 0.241672 0.615954 0.889766 0.975974 0.995132
 0.241672 0.615954 0.889766 0.975974 0.995132
 0.241672 0.615954 0.889766 0.975974 0.995132
 0.241672 0.615954 0.889766 0.975974 0.995132
 0.241672 0.615954 0.889766 0.975974 0.995132
 0.241672 0.615954 0.889766 0.975974 0.995132
 0.241672 0.615954 0.889766 0.975974 0.995132
 0.241672 0.615954 0.889766 0.975974 0.995132
 0.241672 0.615954 0.889766 0.975974 0.995132
 0.241672 0.615954 0.889766 0.975974 0.995132
 0.241672 0.615954 0.889766 0.975974 0.995132
 0.241672 0.615954 0.889766 0.975974 0.995132
 0.241672 0.615954 0.889766 0.975974 0.995132
 0.241672 0.615954 0.889766 0.975974 0.995132
 0.241672 0.615954 0.889766 0.975974 0.995132
 0.241672 0.615954 0.889766 0.975974 0.995132
 0.241672 0.615954 0.889766 0.975974 0.995132
 0.241672 0.615954 0.889766 0.975974 0.995132
 0.241672 0.615954 0.889766 0.975974 0.995132
 0.241672 0.615954 0.889766 0.975974 0.995132
 0.241672 0.615954 0.889766 0.975974 0.995132
 0.241672 0.615954 0.889766 0.975974 0.995132
 0.241672 0.615954 0.889766 0.975974 0.995132
 0.241672 0.615954 0.889766 0.975974 0.995132
Scru_pelaces
 0.787567 0.993358 0.999834 0.999996 1
 0.787567 0.993358 0.999834 0.999996 1
 0.787567 0.993358 0.999834 0.999996 1
 0.787567 0.993358 0.999834 0.999996 1
 0.787567 0.993358 0.999834 0.999996 1
 0.787567 0.993358 0.999834 0.999996 1
 0.787567 0.993358 0.999834 0.999996 1
 0.787567 0.993358 0.999834 0.999996 1
 0.787567 0.993358 0.999834 0.999996 1
 0.787567 0.993358 0.999834 0.999996 1
 0.787567 0.993358 0.999834 0.999996 1
 0.787567 0.993358 0.999834 0.999996 1
 0.787567 0.993358 0.999834 0.999996 1
 0.787567 0.993358 0.999834 0.999996 1
 0.787567 0.993358 0.999834 0.999996 1
 0.787567 0.993358 0.999834 0.999996 1
 0.787567 0.993358 0.999834 0.999996 1
 0.787567 0.993358 0.999834 0.999996 1
 0.787567 0.993358 0.999834 0.999996 1
 0.787567 0.993358 0.999834 0.999996 1
 0.787567 0.993358 0.999834 0.999996 1
 0.787567 0.993358 0.999834 0.999996 1
 0.787567 0.993358 0.999834 0.999996 1
 0.787567 0.993358 0.999834 0.999996 1
 0.787567 0.993358 0.999834 0.999996 1
pf_obs 
 0.256992 0.487395 0.22802 0.0275931 0
 0.321318 0.546541 0.124235 0.00734118 0.000564706
 0.182869 0.594174 0.210203 0.0122559 0.00049798
 0.330522 0.361315 0.267642 0.0388342 0.00168674
 0.649043 0.306663 0.0425973 0.00169635 0
 0.582887 0.30429 0.105238 0.00758474 0
 0.465427 0.430635 0.0974691 0.00646863 0
 0.296916 0.608066 0.0921331 0.00288517 0
 0.311714 0.524322 0.152257 0.0117073 0
 0.15457 0.633149 0.183074 0.0267441 0.00246327
 0.131901 0.49318 0.331252 0.0422183 0.00144891
 0.196976 0.569456 0.194076 0.0375587 0.00193317
 0.518974 0.381816 0.0799577 0.0180837 0.00116848
 0.0928022 0.601141 0.25162 0.0475244 0.00691264
 0.122501 0.610282 0.24278 0.0234846 0.000952079
 0.383417 0.481906 0.127806 0.00687128 0
 0.0376549 0.599619 0.316969 0.0457579 0
 0.0361596 0.667082 0.258105 0.0386534 0
 0.158088 0.579412 0.248529 0.0139706 0
 0.0477256 0.309471 0.559284 0.082774 0.000745712
 0.0406174 0.521527 0.379366 0.0568643 0.0016247
 0.151134 0.462217 0.34131 0.0453401 0
 0.294876 0.26143 0.354403 0.0886775 0.000613685
 0.281977 0.475581 0.204845 0.0348837 0.00271318
 0.0354234 0.537034 0.353287 0.0723622 0.0018943
pf_pred 
 0.0361231 0.641494 0.284857 0.0375206 5.17965e-06
 0.14162 0.177695 0.517052 0.145089 0.0185436
 0.019034 0.623365 0.108275 0.190905 0.0584212
 0.154746 0.162172 0.541165 0.0446049 0.0973126
 0.539033 0.305609 0.045962 0.0873811 0.0220157
 0.108328 0.801336 0.0685034 0.00659309 0.015239
 0.501981 0.286476 0.201076 0.00804402 0.00242319
 0.272798 0.674722 0.0384646 0.0133537 0.000660999
 0.317129 0.560596 0.11822 0.00301751 0.00103746
 0.382797 0.529966 0.0797715 0.00723267 0.000233132
 0.134625 0.744807 0.111154 0.00864261 0.000772238
 0.183027 0.525586 0.271005 0.0188697 0.00151304
 0.316681 0.517852 0.13121 0.0319775 0.00227966
 0.274198 0.663258 0.0564573 0.00490446 0.00118228
 0.280864 0.682398 0.0361118 0.000571276 5.40575e-05
 0.339339 0.625164 0.0351546 0.000337023 5.11458e-06
 0.213354 0.69359 0.091028 0.0020102 1.82651e-05
 0.273176 0.558863 0.158514 0.00925178 0.000194444
 0.245455 0.611224 0.125228 0.0171242 0.000968755
 0.296543 0.542128 0.144189 0.015065 0.00207571
 0.291715 0.579136 0.112937 0.0145681 0.00164417
 0.242131 0.577138 0.160008 0.0182044 0.00251892
 0.297144 0.512538 0.161618 0.0255204 0.00317973
 0.218691 0.620521 0.133731 0.0231207 0.00393772
 0.017121 0.703012 0.245204 0.0290292 0.00563392
pobs_RECLAS
 0 0 0 0 0
 0 0 0 0 0
 0 0 0 0 0
 0 0 0 0 0
 0.835266 0.146461 0.0176864 0.000547809 3.91292e-05
 0.385257 0.428462 0.181853 0.0044286 0
 0.867414 0.0963971 0.0333333 0.00285562 0
 0.441836 0.489002 0.0689373 0.000224442 0
 0.779404 0.147425 0.0564933 0.0165055 0.000172143
 0.814271 0.122319 0.05973 0.00367925 0
 0.40263 0.566651 0.0304383 0.000280538 0
 0.475488 0.404961 0.113038 0.00651328 0
 0.955842 0.0263864 0.0167828 0.000988607 0
 0.975058 0.0227948 0.00214734 0 0
 0.738997 0.206755 0.0527124 0.00153531 0
 0.850938 0.134255 0.0134407 0.00136685 0
 0.542534 0.407297 0.0501686 0 0
 0.764087 0.199537 0.0359546 0.000420521 0
 0.470689 0.182191 0.310203 0.0369168 0
 0.84361 0.089868 0.0606195 0.00523954 0.000663233
 0.607945 0.314616 0.071237 0.00620181 0
 0.523733 0.453247 0.0230204 0 0
 0.530135 0.295979 0.169645 0.0042399 0
 0.562478 0.366248 0.0663022 0.0049721 0
 0.250443 0.683176 0.0655157 0.000865301 0
ppred_RECLAS
 0.105081 0.605205 0.25399 0.0357197 5.02092e-06
 0.347104 0.140166 0.383088 0.114714 0.0149282
 0.0626477 0.614082 0.0936256 0.175101 0.0545432
 0.378622 0.125359 0.386631 0.0339587 0.0754289
 0.782325 0.144493 0.020607 0.0418413 0.0107342
 0.2917 0.643684 0.0481428 0.00491348 0.0115597
 0.776351 0.134701 0.0842691 0.0035808 0.00109805
 0.562725 0.409363 0.0201352 0.00740357 0.000372993
 0.62241 0.318475 0.0570361 0.00153972 0.000538759
 0.671006 0.286224 0.0388963 0.0037502 0.000123058
 0.346761 0.571903 0.0746239 0.00615254 0.000559564
 0.437992 0.377243 0.171094 0.012639 0.00103157
 0.64711 0.28176 0.0558124 0.0142819 0.00103581
 0.661839 0.320103 0.0162541 0.001449 0.000354933
 0.669721 0.320141 0.00996059 0.000161508 1.55284e-05
 0.649198 0.335145 0.0154975 0.000156689 2.41967e-06
 0.484685 0.461943 0.0521417 0.00121918 1.12748e-05
 0.561687 0.346118 0.0867098 0.00537122 0.000114908
 0.519099 0.396603 0.0730652 0.0106209 0.000611659
 0.589343 0.324693 0.0763141 0.00846268 0.00118691
 0.566763 0.358248 0.0650182 0.00894267 0.00102761
 0.506385 0.382009 0.0980431 0.0118881 0.00167477
 0.579401 0.312976 0.0904791 0.0152137 0.00192985
 0.475431 0.422874 0.0836285 0.0153974 0.0026698
 0.0546286 0.693344 0.219001 0.0275783 0.00544882
pobs_PELACES
 0 0 0 0 0
 0 0 0 0 0
 0 0 0 0 0
 0 0 0 0 0
 0 0 0 0 0
 0 0 0 0 0
 0 0 0 0 0
 0 0 0 0 0
 0 0 0 0 0
 0 0 0 0 0
 0.450072 0.473896 0.0757376 0.000293798 0
 0 0 0 0 0
 0.463077 0.371075 0.160297 0.00555027 0
 0.529543 0.364841 0.0842815 0.0213345 0
 0.631943 0.363953 0.00410389 0 0
 0.735681 0.248677 0.0153453 0.000297389 0
 0.695825 0.281241 0.0229344 0 0
 0.275771 0.60734 0.115278 0.00161068 0
 0 0 0 0 0
 0.896147 0.0623911 0.0374545 0.00400742 0
 0.803859 0.145111 0.0509908 3.86294e-05 0
 0.739449 0.233085 0.0266225 0.000797448 4.60066e-05
 0.878498 0.100942 0.0204185 0.000141795 0
 0.694673 0.275183 0.0284847 0.00165964 0
 0.469039 0.446079 0.0841089 0.000773354 0
ppred_PELACES
 0.220765 0.591267 0.166655 0.0213093 2.93724e-06
 0.62077 0.113033 0.203739 0.0553898 0.00706781
 0.177453 0.640133 0.0570821 0.0960187 0.0293129
 0.673727 0.0944417 0.185072 0.0147153 0.0320445
 0.896277 0.078517 0.00760903 0.0140597 0.00353717
 0.539995 0.435295 0.0189587 0.00173972 0.00401125
 0.915586 0.0606228 0.0226624 0.000867578 0.00026076
 0.788899 0.203396 0.00572248 0.00188919 9.32711e-05
 0.837679 0.147061 0.0147788 0.000357672 0.000122636
 0.84498 0.142188 0.011775 0.00102438 3.29491e-05
 0.605708 0.364395 0.027664 0.00205057 0.000182773
 0.709584 0.225988 0.0601143 0.00399495 0.000319561
 0.873209 0.112532 0.0114621 0.0026116 0.000185534
 0.90912 0.0888492 0.00185133 0.000144383 3.46118e-05
 0.912381 0.0865095 0.00109246 1.54834e-05 1.45683e-06
 0.854089 0.142317 0.00356184 3.21942e-05 4.87092e-07
 0.736613 0.247156 0.0158943 0.000333577 3.02302e-06
 0.789894 0.181724 0.026854 0.00149715 3.13913e-05
 0.748471 0.223183 0.0248977 0.003264 0.000184252
 0.807917 0.16638 0.023083 0.00230393 0.000316698
 0.762823 0.209288 0.0244919 0.00305301 0.000343962
 0.724496 0.232679 0.0380677 0.00417963 0.000577275
 0.787441 0.175412 0.0317239 0.00482304 0.00059976
 0.703081 0.258626 0.0320502 0.00533616 0.000907054
 0.1397 0.705346 0.136441 0.0155093 0.00300373
pobs_pel_tallas
 0 0 0 0 0 0 0 0 0 0 0 0 0 0 0 0 0 0 0 0 0 0 0 0 0 0 0 0 0 0 0 0 0 0 0 0
 0 0 0 0 0 0 0 0 0 0 0 0 0 0 0 0 0 0 0 0 0 0 0 0 0 0 0 0 0 0 0 0 0 0 0 0
 0 0 0 0 0 0 0 0 0 0 0 0 0 0 0 0 0 0 0 0 0 0 0 0 0 0 0 0 0 0 0 0 0 0 0 0
 0 0 0 0 0 0 0 0 0 0 0 0 0 0 0 0 0 0 0 0 0 0 0 0 0 0 0 0 0 0 0 0 0 0 0 0
 0 0 0 0 0 0 0 0 0 0 0 0 0 0 0 0 0 0 0 0 0 0 0 0 0 0 0 0 0 0 0 0 0 0 0 0
 0 0 0 0 0 0 0 0 0 0 0 0 0 0 0 0 0 0 0 0 0 0 0 0 0 0 0 0 0 0 0 0 0 0 0 0
 0 0 0 0 0 0 0 0 0 0 0 0 0 0 0 0 0 0 0 0 0 0 0 0 0 0 0 0 0 0 0 0 0 0 0 0
 0 0 0 0 0 0 0 0 0 0 0 0 0 0 0 0 0 0 0 0 0 0 0 0 0 0 0 0 0 0 0 0 0 0 0 0
 0 0 0 0 0 0 0 0 0 0 0 0 0 0 0 0 0 0 0 0 0 0 0 0 0 0 0 0 0 0 0 0 0 0 0 0
 0 0 0 0 0 0 0 0 0 0 0 0 0 0 0 0 0 0 0 0 0 0 0 0 0 0 0 0 0 0 0 0 0 0 0 0
 0 0 0 0 0 0 0 0 1.78061e-05 0.00172719 0.00360574 0.0105946 0.0120993 0.0124554 0.0147524 0.0171206 0.0266825 0.0428682 0.0675386 0.121331 0.153587 0.119568 0.100827 0.0573624 0.0630603 0.0341343 0.0324427 0.0444173 0.0211091 0.0280891 0.0125444 0.00206551 0 0 0 0
 0 0 0 0 0 0 0 0 0 0 0 0 0 0 0 0 0 0 0 0 0 0 0 0 0 0 0 0 0 0 0 0 0 0 0 0
 0 0 0 0 0 0 0.0133647 0.0140871 0.0187388 0.0205184 0.03894 0.0496705 0.03968 0.0493445 0.0407372 0.0367815 0.0215668 0.0243155 0.0234873 0.0199281 0.019796 0.0243948 0.0301388 0.0376714 0.0412746 0.0863199 0.0771752 0.113111 0.0741005 0.0525337 0.0229764 0.00759418 0.00175318 0 0 0
 0 0 0 0 0 0 0 0 0 0 0.00219441 0.00772107 0.0458388 0.0604681 0.0671733 0.0775358 0.0609151 0.0617685 0.073594 0.0568108 0.0755445 0.0548602 0.0670107 0.0636378 0.0643287 0.046367 0.0373049 0.0286899 0.0247887 0.0153202 0.00654259 0.00121912 0.000365735 0 0 0
 0 0 0 0 0 0 0 0 0 0 0 0 0.000112435 0.00938835 0.0111873 0.0202946 0.0414886 0.0713402 0.111592 0.104902 0.108894 0.110636 0.117776 0.105296 0.107544 0.0401394 0.0192827 0.0124803 0.00416011 0.0028671 0.000618394 0 0 0 0 0
 0 0 0 0 0 0 0 0 0 0 0.00291406 0.0102884 0.027416 0.0768956 0.0749926 0.110853 0.0956884 0.0897413 0.0766577 0.0534642 0.0500743 0.0551293 0.0594112 0.0620874 0.0668451 0.0424026 0.0208742 0.0120726 0.0048766 0.00582813 0.00118941 0.000297354 0 0 0 0
 0 0.00264628 0.0354308 0.0461629 0.0458689 0.0383711 0.0214643 0.0164657 0.0346957 0.0420465 0.0363128 0.0245516 0.0311673 0.0291091 0.0169068 0.0133784 0.00837989 0.0085269 0.0148486 0.0160247 0.0276389 0.0546898 0.0760071 0.122758 0.109233 0.0665981 0.0333725 0.0166128 0.00676272 0.00308733 0.000882094 0 0 0 0 0
 0 0 0 0 0 0 0 0.000805153 0.000690131 0.00759144 0.0133425 0.0154129 0.00931677 0.000345066 0.00356568 0.00563607 0.00851162 0.0253048 0.0502646 0.0516448 0.0657925 0.0565908 0.0611916 0.0827007 0.0866115 0.110766 0.145733 0.0935128 0.0569358 0.0249597 0.0138026 0.00621118 0.00161031 0.00115022 0 0
 0 0 0 0 0 0 0 0 0 0 0 0 0 0 0 0 0 0 0 0 0 0 0 0 0 0 0 0 0 0 0 0 0 0 0 0
 0.00147267 0.00158595 0.00478618 0.00569244 0.00954404 0.0108468 0.00647125 0.017049 0.0510054 0.094081 0.124002 0.0959785 0.0687766 0.0820023 0.061753 0.0591476 0.0492212 0.0479892 0.0443925 0.0268479 0.0217502 0.0140895 0.0121071 0.0120363 0.00920419 0.00665534 0.0049561 0.00860946 0.00930331 0.0156896 0.0114698 0.00855282 0.00243557 0.00046729 0 2.83206e-05
 0 0 0 0 0.000772559 0.00158375 0.000888443 0.00281984 0.00712685 0.0440552 0.0773331 0.111326 0.0921469 0.0852325 0.0710754 0.0886704 0.0786465 0.0553345 0.0373146 0.0185414 0.00753245 0.00457741 0.012979 0.0271748 0.0457355 0.0583668 0.034881 0.0177882 0.00938659 0.00492506 0.0015258 0.00185414 0.000309023 5.79419e-05 3.86279e-05 0
 0 0.00173294 0.00326652 0 0.00397197 0.00683976 0.00946217 0.0152591 0.00757587 0.0136028 0.0228656 0.0392903 0.0559909 0.0764795 0.0681675 0.0726916 0.0566044 0.0477403 0.0527397 0.0444891 0.0609904 0.0582453 0.0661739 0.0445044 0.0529084 0.0360697 0.0280645 0.0235558 0.0158879 0.00826598 0.00280645 0.00217768 0.000904811 0.00058276 9.20147e-05 0
 0 0 0 0 0 0 0 0 0 0 0 0 0 0 0 0 0 0 0 0 0 0 0 0 0 0 0 0 0 0 0 0 0 0 0 0
 0 0 0 0 0 0 0 0 0 0 0 0 0 0 0 0 0 0 0 0 0 0 0 0 0 0 0 0 0 0 0 0 0 0 0 0
 0 0 0 0 0 0 0 0 0 0 0 0 0 0 0 0 0 0 0 0 0 0 0 0 0 0 0 0 0 0 0 0 0 0 0 0
ppred_pel_tallas
 1.03291e-16 9.6634e-06 5.66387e-05 0.000269072 0.00103567 0.00322939 0.00815779 0.0166963 0.0276926 0.0372406 0.0406577 0.0361782 0.0265855 0.0169044 0.0108015 0.009188 0.0112618 0.0159657 0.0225686 0.0305315 0.0392381 0.0478777 0.0555041 0.0612029 0.0642907 0.0644673 0.0618758 0.0570415 0.0507237 0.0437294 0.0367518 0.0302754 0.0245585 0.0196742 0.0155791 0.012179
 1.05163e-16 2.70862e-05 0.000158969 0.000755661 0.00290932 0.00907244 0.0229162 0.0468895 0.0777244 0.104381 0.113586 0.100187 0.0717095 0.0418367 0.0202846 0.00891611 0.00479071 0.0044552 0.00581814 0.00799674 0.0106678 0.0136557 0.0167846 0.0198582 0.0226801 0.0250787 0.0269238 0.0281306 0.0286551 0.0284863 0.0276419 0.0261688 0.0241469 0.0216907 0.0189447 0.0160706
 1.05688e-16 7.77632e-06 4.55565e-05 0.000216378 0.000832772 0.00259666 0.00655963 0.0134267 0.0222743 0.0299688 0.0327568 0.0292384 0.0216815 0.0141704 0.00971221 0.00910878 0.0117822 0.0169265 0.0239503 0.032348 0.0414732 0.0504577 0.058294 0.0640247 0.0669574 0.0668275 0.0638535 0.0586602 0.0521053 0.0450673 0.0382647 0.0321561 0.0269306 0.0225667 0.0189248 0.0158327
 1.04661e-16 2.93945e-05 0.000172523 0.000820101 0.00315744 0.00984619 0.0248706 0.0508882 0.0843517 0.113278 0.123259 0.1087 0.0777604 0.0452809 0.0217923 0.0092993 0.00459106 0.00390224 0.0049515 0.0067801 0.00905104 0.0116025 0.0142844 0.0169311 0.0193751 0.0214681 0.0230955 0.0241803 0.02468 0.0245816 0.0238977 0.0226678 0.0209607 0.0188753 0.016536 0.0140813
 1.00783e-16 3.90977e-05 0.000229492 0.00109094 0.00420026 0.0130982 0.0330848 0.0676949 0.112208 0.15068 0.163938 0.144529 0.103293 0.0599484 0.0284684 0.0114728 0.00463277 0.00287664 0.00311029 0.00401366 0.0051202 0.00623247 0.00721053 0.00793463 0.00831932 0.00833131 0.00799609 0.00738846 0.00661151 0.00577075 0.00495233 0.00421103 0.00356926 0.00302453 0.00256063 0.00215808
 1.00659e-16 2.35766e-05 0.000138337 0.000657508 0.0025313 0.00789351 0.0199387 0.0407997 0.0676392 0.0908653 0.0989524 0.0874565 0.0629823 0.037519 0.0196308 0.011065 0.00937738 0.0116223 0.015932 0.0213393 0.0271973 0.0328511 0.037592 0.0407612 0.041895 0.040838 0.0377822 0.033213 0.0277863 0.0221762 0.0169421 0.0124508 0.0088615 0.00616179 0.00422986 0.00289756
 1.00384e-16 3.9939e-05 0.000234433 0.00111444 0.00429072 0.0133803 0.0337973 0.0691526 0.114624 0.153922 0.167461 0.147625 0.105482 0.0611724 0.0289625 0.0115207 0.00441766 0.00246769 0.00251111 0.00320871 0.00410224 0.00501577 0.0058351 0.00646302 0.00682709 0.00689334 0.00667245 0.00621394 0.00559168 0.00488545 0.0041649 0.00348016 0.00285999 0.00231553 0.00184671 0.00144829
 1.00217e-16 3.44206e-05 0.000202022 0.00096032 0.00369729 0.0115296 0.029123 0.0595897 0.0987769 0.132656 0.14436 0.127344 0.0911747 0.0532456 0.0259055 0.0115173 0.00632585 0.00590252 0.00751953 0.00995189 0.0126585 0.0152765 0.0174643 0.0189127 0.0194059 0.0188733 0.0174069 0.0152366 0.0126717 0.0100298 0.0075743 0.0054772 0.00381254 0.0025731 0.00169971 0.00111117
 1.00276e-16 3.65454e-05 0.000214501 0.00101966 0.00392578 0.0122422 0.0309228 0.0632718 0.104879 0.140844 0.153254 0.135152 0.0966817 0.0562938 0.0270756 0.0115071 0.00557311 0.00455362 0.0055549 0.00730899 0.00930827 0.011264 0.0129239 0.0140622 0.0145188 0.0142361 0.0132727 0.0117859 0.00999079 0.00811054 0.00633197 0.00477976 0.00351135 0.00252845 0.00179699 0.00126733
 1.00251e-16 3.68635e-05 0.000216369 0.00102854 0.00395998 0.0123489 0.0311922 0.063823 0.105792 0.14207 0.154587 0.136323 0.0975118 0.0567609 0.0272699 0.0115374 0.0055103 0.00442508 0.00536234 0.00704519 0.00896686 0.0108442 0.0124327 0.0135144 0.0139354 0.0136415 0.012691 0.0112379 0.0094921 0.00767036 0.00595394 0.00446311 0.00325233 0.00232157 0.00163595 0.00114549
 1.00591e-16 2.64392e-05 0.000155149 0.000737448 0.00283912 0.00885344 0.0223633 0.0457601 0.0758591 0.101897 0.110936 0.097979 0.0704094 0.0416413 0.0212354 0.0110983 0.00843743 0.00991484 0.0134383 0.0179794 0.0229307 0.0277292 0.0317784 0.0345241 0.0355734 0.0347892 0.0323231 0.0285722 0.0240767 0.0193947 0.0149919 0.0111769 0.00808861 0.00572545 0.00399575 0.00276896
 1.0108e-16 3.09631e-05 0.000181721 0.000863803 0.00332566 0.0103707 0.0261957 0.0536005 0.0888506 0.11933 0.129869 0.11459 0.0821046 0.0480734 0.0236234 0.0109044 0.00656488 0.00664409 0.00870061 0.0116271 0.014909 0.0181697 0.0210346 0.0231527 0.0242639 0.0242566 0.0231896 0.0212693 0.0187916 0.0160707 0.0133759 0.010895 0.00872722 0.00689854 0.00538859 0.00415622
 1.00298e-16 3.80932e-05 0.000223592 0.00106289 0.00409222 0.0127613 0.0322338 0.0659539 0.109323 0.146809 0.159735 0.140844 0.100703 0.0585335 0.0279622 0.0115565 0.00511354 0.00370129 0.00430341 0.00561595 0.00714804 0.00865494 0.00993974 0.0108291 0.0112005 0.0110093 0.0102992 0.00918913 0.00784189 0.00642609 0.00508273 0.0039056 0.00293764 0.00217991 0.0016069 0.00118187
 1.00062e-16 3.96581e-05 0.000232781 0.00110658 0.00426046 0.0132859 0.033559 0.0686652 0.113816 0.152841 0.16629 0.146607 0.104788 0.0608336 0.0289221 0.0117123 0.00481518 0.00308555 0.00338083 0.00435319 0.00551558 0.00665018 0.0075967 0.0082186 0.00842171 0.00817559 0.00752129 0.00656012 0.00542834 0.00426565 0.00318786 0.00227065 0.00154641 0.00101168 0.000639943 0.000394811
 1.00045e-16 3.98002e-05 0.000233616 0.00111055 0.00427574 0.0133335 0.0336793 0.0689114 0.114224 0.153388 0.166886 0.147131 0.105158 0.0610418 0.0290082 0.0117247 0.0047853 0.00302552 0.00329132 0.00423102 0.00535813 0.00645759 0.00737274 0.00797066 0.00815991 0.00791131 0.00726546 0.0063217 0.00521344 0.0040773 0.00302647 0.00213474 0.00143353 0.000918998 0.000564733 0.000334607
 1.00099e-16 3.72607e-05 0.000218701 0.00103963 0.00400267 0.012482 0.0315284 0.0645109 0.106932 0.143601 0.156252 0.13779 0.0985581 0.0573636 0.0275473 0.0116332 0.00552263 0.00439868 0.00530844 0.00695965 0.00883929 0.0106616 0.0121812 0.0131811 0.0135104 0.01312 0.0120753 0.0105381 0.00872648 0.00686385 0.00513573 0.0036635 0.00249936 0.00163818 0.00103796 0.000640858
 1.00318e-16 3.21425e-05 0.000188643 0.000896709 0.00345235 0.0107658 0.0271937 0.0556425 0.0922357 0.123877 0.134819 0.118961 0.0852445 0.0499271 0.0245612 0.011379 0.00689934 0.00700496 0.00915009 0.0121675 0.0154997 0.0187299 0.0214472 0.023275 0.0239477 0.0233743 0.0216605 0.0190786 0.0159984 0.0128014 0.00980553 0.00722096 0.00514153 0.00356448 0.00242505 0.00163163
 1.00494e-16 3.44631e-05 0.000202273 0.000961521 0.00370192 0.0115441 0.0291595 0.0596641 0.0988998 0.132819 0.144533 0.127486 0.0912526 0.0532436 0.0258166 0.0113302 0.00601808 0.00544408 0.00688194 0.00912004 0.011642 0.0141183 0.0162424 0.0177347 0.018394 0.018144 0.0170498 0.0152974 0.0131448 0.0108609 0.00867237 0.00673245 0.00511455 0.0038262 0.0028327 0.00208087
 1.00547e-16 3.26586e-05 0.000191675 0.000911128 0.00350788 0.010939 0.027631 0.0565372 0.093718 0.125865 0.136977 0.12085 0.0865655 0.0506351 0.0247877 0.0112802 0.00656543 0.00645401 0.00836208 0.0111189 0.0141872 0.0171842 0.0197382 0.0215075 0.0222484 0.0218716 0.0204631 0.0182575 0.0155777 0.012758 0.0100791 0.00772815 0.00579207 0.00427464 0.00312675 0.00227653
 1.00476e-16 3.52484e-05 0.000206885 0.000983448 0.00378635 0.0118074 0.0298245 0.0610247 0.101155 0.135846 0.147821 0.130375 0.0932963 0.0543866 0.0262783 0.0113751 0.00581599 0.00505747 0.00631055 0.00834385 0.010647 0.0129093 0.0148488 0.0162096 0.0168081 0.0165751 0.0155709 0.0139667 0.011999 0.0099141 0.00791923 0.00615382 0.00468404 0.00351556 0.00261553 0.00193438
 1.00537e-16 3.32838e-05 0.000195347 0.000928589 0.00357511 0.0111486 0.0281606 0.0576206 0.0955135 0.128275 0.139595 0.123149 0.0881902 0.0515402 0.0251465 0.0113013 0.00638169 0.00611268 0.00786095 0.0104412 0.0133229 0.0161411 0.0185458 0.0202165 0.0209241 0.0205843 0.0192766 0.0172201 0.0147164 0.0120782 0.00956798 0.00736118 0.00553952 0.00410724 0.00301922 0.00220912
 1.00787e-16 3.16136e-05 0.000185539 0.000881955 0.00339555 0.0105887 0.0267462 0.0547269 0.0907178 0.121837 0.132598 0.116997 0.0838283 0.0490799 0.0241123 0.0111188 0.00667493 0.00673296 0.00879487 0.0117236 0.0149867 0.0181934 0.0209574 0.0229212 0.023826 0.0235714 0.0222367 0.0200554 0.0173528 0.0144683 0.0116885 0.00920752 0.00711929 0.00543529 0.00411456 0.00309346
 1.00702e-16 3.43559e-05 0.000201645 0.000958533 0.00369041 0.0115082 0.0290688 0.0594787 0.0985922 0.132406 0.144082 0.127085 0.0909599 0.0530609 0.0257059 0.0112444 0.00592068 0.00531187 0.00670208 0.00888796 0.0113622 0.0138057 0.0159233 0.0174443 0.0181725 0.01803 0.0170735 0.0154754 0.0134768 0.0113303 0.00924917 0.00737839 0.00578897 0.00449122 0.00345709 0.00264214
 1.00766e-16 3.06808e-05 0.000180061 0.000855904 0.00329524 0.0102759 0.0259561 0.0531104 0.0880392 0.118243 0.128694 0.11357 0.0814126 0.0477453 0.0236049 0.0111337 0.00702164 0.00734893 0.00969008 0.012926 0.0165081 0.0200112 0.023008 0.0251029 0.0260124 0.0256307 0.0240541 0.0215507 0.01849 0.0152558 0.0121701 0.00944809 0.00719051 0.00540329 0.00403242 0.00299835
 1.0284e-16 6.13312e-06 3.59025e-05 0.000170467 0.000655976 0.00204531 0.00516704 0.0105779 0.0175544 0.023637 0.0258849 0.0232205 0.0174688 0.0119038 0.00897147 0.00939501 0.0128102 0.0186467 0.0264441 0.0357211 0.0457816 0.0556602 0.0642272 0.0704015 0.0733916 0.0728793 0.0690876 0.0627032 0.054691 0.0460625 0.0376748 0.0301126 0.0236656 0.0183813 0.0141536 0.0108099
pSPR Fmed_Fpbrs
0.373635   0.428684 0.428684
Fs Fmed_Fpbrs
1.30609   1.005 1.005
SSBpbr Bo_Bmed_Bpbrs
789612  255546  299013 299013
Ro
20333
SPR SPRFo_SPRFmed_SPRFpbrs
417595 156028 179016
log_Ro
9.74
likeval ReclasPelacesDesembMPH_pf_preclas_ppelaces_ptallas_desvR_qrecl_qpela
 73.7085 18.6004 0.246197 0.000164431 340.058 192.532 86.4609 0 35.6957 4.38802e-05 0.000145629 0 0 0 0
q_reclas_q_pelaces
2.5566 5.56705
M
0.7
N
 12534.7 31125.6 9561.06 1231.2 0.169769
 33182.9 6053.32 12448.2 3420.52 436.705
 2623.59 15805 2174.88 3785.98 1157.85
 6932.85 1140.83 2801.07 226.758 494.257
 41538.7 3210.13 329.211 611.214 153.81
 14757.4 20238.6 1375.27 130.712 301.931
 63369.2 6395.79 3495.85 137.914 41.5162
 59169.5 28006.9 1285.99 441.279 21.8301
 72341.8 25298.1 4354.13 109.944 37.7798
 129188 30483.4 3513.33 313.761 10.1058
 56412.6 57952.6 6879.37 528.253 47.1709
 46490.5 24432.8 9959.05 684.538 54.853
 54423.3 20258.7 4402.2 1064.63 75.8676
 29112.5 21463 1682.77 145.618 35.0961
 12910.4 9675.39 472.593 7.44809 0.704649
 10994.4 4255.19 199.73 1.89695 0.0287742
 7195.55 4507.71 477.836 10.4318 0.0947307
 8277.74 3067.26 684.66 39.4357 0.828262
 8433.65 3622.73 571.496 77.0058 4.35314
 11385.4 3765.12 787.638 81.2089 11.1818
 16479.3 4985.43 704.43 89.1451 10.0513
 20753 7716.08 1568.76 175.254 24.2273
 34481 9633.14 2269.85 352.426 43.8731
 34447.4 15778.7 2536.9 431.215 73.3778
 2276.81 15783.4 4196.53 489.205 94.8696
pred_Ctot
 248.405 4411.32 1958.86 258.015 0.0356185
 977.268 1226.21 3567.99 1001.21 127.962
 236.432 7743.18 1344.95 2371.34 725.684
 338.251 354.482 1182.9 97.4994 212.71
 563.775 319.636 48.0717 91.3919 23.0262
 1361.12 10068.6 860.73 82.8407 191.474
 5046.51 2880 2021.45 80.8681 24.3608
 5966.66 14757.6 841.301 292.074 14.4574
 7953.93 14060.3 2965.09 75.6823 26.0207
 9032.33 12504.9 1882.26 170.659 5.5009
 5226.89 28917.6 4315.61 335.554 29.9826
 4126.32 11849.3 6109.76 425.416 34.1114
 8163.79 13349.8 3382.51 824.355 58.7679
 7085.8 17139.8 1458.96 126.741 30.5524
 3196.49 7766.3 410.985 6.50163 0.615223
 1393.97 2568.12 144.412 1.38446 0.0210102
 739.201 2403.06 315.383 6.96468 0.0632826
 711.72 1456.04 412.986 24.1042 0.506595
 616.242 1534.54 314.398 42.9923 2.43216
 975.007 1782.47 474.08 49.5322 6.82474
 679.083 1348.17 262.906 33.9129 3.82746
 977.743 2330.53 646.127 73.5107 10.1716
 1955.68 3373.33 1063.71 167.965 20.9277
 1924.46 5460.53 1176.82 203.46 34.6516
 153.55 6304.97 2199.12 260.349 50.5279
F
 0.0278971 0.216452 0.327906 0.336623 0.337073
 0.041711 0.323633 0.490275 0.503308 0.503982
 0.132792 1.03032 1.56085 1.60234 1.60448
 0.0699594 0.542811 0.822311 0.84417 0.8453
 0.0190315 0.147664 0.223698 0.229645 0.229952
 0.136103 1.05602 1.59977 1.6423 1.6445
 0.116526 0.904115 1.36965 1.40606 1.40794
 0.149676 1.16133 1.75931 1.80608 1.80849
 0.164219 1.27417 1.93025 1.98156 1.98421
 0.101645 0.788656 1.19474 1.2265 1.22814
 0.136764 1.06114 1.60754 1.65027 1.65248
 0.130665 1.01382 1.53585 1.57668 1.57879
 0.230462 1.78814 2.70887 2.78088 2.78461
 0.401582 3.11585 4.72024 4.84571 4.8522
 0.409898 3.18038 4.81799 4.94606 4.95268
 0.191602 1.48663 2.25211 2.31197 2.31507
 0.152678 1.18462 1.7946 1.8423 1.84477
 0.126342 0.980282 1.48504 1.52452 1.52656
 0.106451 0.825945 1.25123 1.28449 1.28621
 0.125809 0.976145 1.47877 1.51808 1.52011
 0.058801 0.456234 0.691154 0.709526 0.710476
 0.0674828 0.523595 0.7932 0.814285 0.815375
 0.0817467 0.634268 0.96086 0.986401 0.987722
 0.0804753 0.624403 0.945916 0.971061 0.97236
 0.0978861 0.759493 1.15056 1.18115 1.18273
nmprior
 10.6 11 7 0
nm_flota  nm_reclas  nm_pelaces    nm_pelaL
inf 19.5857 13.9174 30.6638
cv_recla  cv_pelaces  cv_mph
0.776575 0.489027 0.416036
 ------------------------------------------------
Talla a la edad & desviación 
 7.2 14.2025 17.0495 18.207 18.6776
 1.08 2.13037 2.55742 2.73105 2.80164
