years
 1997 1998 1999 2000 2001 2002 2003 2004 2005 2006 2007 2008 2009 2010 2011 2012 2013 2014 2015 2016 2017 2018 2019 2020 2021
reclasobs
 0 0 0 370054 412103 1.49427e+06 250295 1.28982e+06 931140 785840 897777 1.04006e+06 184774 17550 25797 100020 73551 82996 120727 218422 84188 347160 605670 569463 516374
reclaspred
 679993 181417 535866 159988 203234 259360 570030 360945 532473 1.0601e+06 1.29984e+06 856823 444189 202987 128035 112293 118548 141289 106091 176802 380766 330375 488848 560867 416124
pelacesobs
 0 0 0 0 0 0 0 0 0 2.06254e+06 1.5e+06 0 1.87456e+06 323000 250000 174000 83755 137374 0 501740 490994 745055 786931 1.00524e+06 1.33801e+06
pelacespred
 277035 114713 137656 111797 119158 103637 306364 198108 288215 605024 668943 453094 238765 87741.9 52942 53027.4 58205.9 69413.5 53944.6 88182.3 203335 197751 218282 282500 206765
mphobs
 0 0 0 0 0 112323 0 153150 637223 0 255016 313432 73983 77613 109348 50772 0 0 0 0 0 0 0 0 0
mphpred
 594055 180067 363039 221026 120919 261119 312021 458689 340636 668312 1.25739e+06 950225 495124 263360 124341 97164.7 97809.9 116418 113903 94014 268238 336239 337675 476427 453537
desembarqueobs
 350755 77701 442110 56441 14545 235359 269955 359681 431902 328805 639364 411747 362871 311530 167758 66681 60226 58785 57116 73181 50977 67692 138656 160484 209506
desembarquepred
 350595 77647.1 441296 56419.7 14550.4 235053 269957 359558 432190 328595 638771 411471 362344 310722 167248 66612.1 60161.5 58712.3 57033.6 73049.1 50956.6 67683 138670 160377 209362
Reclutas
 1572.52 88967.3 296.822 1358.22 43728.3 20718.7 66294.6 34313.9 114603 220917 75464 11738.9 49855.3 30508.4 17620.5 14058.7 10832.6 9390.21 3432.15 36776 30356.9 23200.2 63617.9 36418.7 273.69
log_desv_Rt
 -2.37957 1.65602 -4.04687 -2.52607 0.94575 0.198794 1.36186 0.703307 1.90923 2.56554 1.49141 -0.369335 1.07688 0.585756 0.0368198 -0.189002 -0.449689 -0.592577 -1.59906 0.772602 0.580779 0.311915 1.32065 0.762838 -4.128
SSB
 594055 180067 363039 221026 120919 261119 312021 458689 340636 668312 1.25739e+06 950225 495124 263360 124341 97164.7 97809.9 116418 113903 94014 268238 336239 337675 476427 453537
BT
 760970 353741 462002 267877 338234 387014 1.15531e+06 826539 1.27987e+06 1.99066e+06 1.96576e+06 1.21417e+06 899978 492205 271786 174739 185632 202982 153901 315840 522572 448621 587667 714789 549336
Ftot
 0.486678 0.411499 0.755183 0.337415 0.0699477 0.829014 0.453048 0.908898 0.762942 0.299415 0.466175 0.454871 0.755576 1.3283 1.16419 0.559677 0.482175 0.397007 0.507286 0.397395 0.130218 0.198331 0.273549 0.275397 0.475314
BD_Bspro_t
 0.925414 0.604691 0.637607 0.332602 0.314917 0.550947 0.459423 0.50301 0.403393 0.513578 0.628139 0.48006 0.332989 0.242198 0.149157 0.143332 0.189905 0.281169 0.326846 0.347662 0.614708 0.712693 0.687173 0.689023 0.614924
BD_Bspro
 1.70312 0.516242 1.04081 0.633667 0.346668 0.748611 0.894546 1.31503 0.976582 1.91601 3.60486 2.72424 1.41949 0.755037 0.356479 0.278565 0.280415 0.333763 0.326552 0.269532 0.769022 0.963975 0.968092 1.36588 1.30026
BD_Bo
 0.699074 0.2119 0.427219 0.2601 0.142296 0.307281 0.367182 0.539778 0.400855 0.786459 1.47968 1.11821 0.582654 0.309918 0.146323 0.114342 0.115101 0.136999 0.134039 0.110634 0.315658 0.39568 0.39737 0.560651 0.533715
BD_Brms
 3.40013 1.03063 2.07789 1.26506 0.692094 1.49454 1.78589 2.62535 1.94967 3.82515 7.1968 5.43871 2.83389 1.50737 0.71168 0.556132 0.559825 0.66633 0.651933 0.538099 1.53529 1.9245 1.93271 2.72688 2.59587
S_f
 0.5 1 1 1 1
 0.5 1 1 1 1
 0.5 1 1 1 1
 0.5 1 1 1 1
 0.5 1 1 1 1
 0.5 1 1 1 1
 0.5 1 1 1 1
 0.5 1 1 1 1
 0.5 1 1 1 1
 0.5 1 1 1 1
 0.5 1 1 1 1
 0.5 1 1 1 1
 0.5 1 1 1 1
 0.5 1 1 1 1
 0.5 1 1 1 1
 0.5 1 1 1 1
 0.5 1 1 1 1
 0.5 1 1 1 1
 0.5 1 1 1 1
 0.5 1 1 1 1
 0.5 1 1 1 1
 0.5 1 1 1 1
 0.5 1 1 1 1
 0.5 1 1 1 1
 0.5 1 1 1 1
Scru_reclas
 0.5 1 1 1 1
 0.5 1 1 1 1
 0.5 1 1 1 1
 0.5 1 1 1 1
 0.5 1 1 1 1
 0.5 1 1 1 1
 0.5 1 1 1 1
 0.5 1 1 1 1
 0.5 1 1 1 1
 0.5 1 1 1 1
 0.5 1 1 1 1
 0.5 1 1 1 1
 0.5 1 1 1 1
 0.5 1 1 1 1
 0.5 1 1 1 1
 0.5 1 1 1 1
 0.5 1 1 1 1
 0.5 1 1 1 1
 0.5 1 1 1 1
 0.5 1 1 1 1
 0.5 1 1 1 1
 0.5 1 1 1 1
 0.5 1 1 1 1
 0.5 1 1 1 1
 0.5 1 1 1 1
Scru_pelaces
 0.5 1 1 1 1
 0.5 1 1 1 1
 0.5 1 1 1 1
 0.5 1 1 1 1
 0.5 1 1 1 1
 0.5 1 1 1 1
 0.5 1 1 1 1
 0.5 1 1 1 1
 0.5 1 1 1 1
 0.5 1 1 1 1
 0.5 1 1 1 1
 0.5 1 1 1 1
 0.5 1 1 1 1
 0.5 1 1 1 1
 0.5 1 1 1 1
 0.5 1 1 1 1
 0.5 1 1 1 1
 0.5 1 1 1 1
 0.5 1 1 1 1
 0.5 1 1 1 1
 0.5 1 1 1 1
 0.5 1 1 1 1
 0.5 1 1 1 1
 0.5 1 1 1 1
 0.5 1 1 1 1
pf_obs 
 0.256992 0.487395 0.22802 0.0275931 0
 0.321318 0.546541 0.124235 0.00734118 0.000564706
 0.182869 0.594174 0.210203 0.0122559 0.00049798
 0.330522 0.361315 0.267642 0.0388342 0.00168674
 0.649043 0.306663 0.0425973 0.00169635 0
 0.582887 0.30429 0.105238 0.00758474 0
 0.465427 0.430635 0.0974691 0.00646863 0
 0.296916 0.608066 0.0921331 0.00288517 0
 0.311714 0.524322 0.152257 0.0117073 0
 0.15457 0.633149 0.183074 0.0267441 0.00246327
 0.131901 0.49318 0.331252 0.0422183 0.00144891
 0.196976 0.569456 0.194076 0.0375587 0.00193317
 0.518974 0.381816 0.0799577 0.0180837 0.00116848
 0.0928022 0.601141 0.25162 0.0475244 0.00691264
 0.122501 0.610282 0.24278 0.0234846 0.000952079
 0.383417 0.481906 0.127806 0.00687128 0
 0.0376549 0.599619 0.316969 0.0457579 0
 0.0361596 0.667082 0.258105 0.0386534 0
 0.158088 0.579412 0.248529 0.0139706 0
 0.0477256 0.309471 0.559284 0.082774 0.000745712
 0.0406174 0.521527 0.379366 0.0568643 0.0016247
 0.151134 0.462217 0.34131 0.0453401 0
 0.294876 0.26143 0.354403 0.0886775 0.000613685
 0.281977 0.475581 0.204845 0.0348837 0.00271318
 0.0354234 0.537034 0.353287 0.0723622 0.0018943
pf_pred 
 0.0415437 0.482501 0.239603 0.118983 0.117369
 0.878016 0.0110897 0.055826 0.0277224 0.0273463
 0.00449588 0.937723 0.00525288 0.0264433 0.0260846
 0.0748671 0.0103741 0.861665 0.00482682 0.0482674
 0.855076 0.0219441 0.00137906 0.114543 0.00705792
 0.349316 0.600765 0.00755874 0.000475022 0.0418859
 0.756513 0.141218 0.0944228 0.00118801 0.00665791
 0.406003 0.520615 0.0425598 0.0284568 0.00236457
 0.798629 0.129581 0.0629216 0.00514378 0.00372507
 0.733541 0.242201 0.0156102 0.00757996 0.0010684
 0.273854 0.622436 0.0942688 0.00607576 0.0033661
 0.0915394 0.421255 0.417621 0.0632494 0.00633498
 0.538583 0.0863471 0.173921 0.17242 0.0287288
 0.460721 0.40211 0.0256691 0.0517028 0.0597972
 0.503735 0.358592 0.102655 0.00655308 0.0284649
 0.545663 0.338503 0.0836991 0.0239607 0.00817355
 0.45597 0.402146 0.10571 0.0261382 0.0100352
 0.442941 0.367002 0.140489 0.0369298 0.0126371
 0.242038 0.4858 0.179306 0.0686387 0.0242169
 0.865457 0.0572832 0.0495183 0.0182769 0.00946491
 0.493762 0.473454 0.013958 0.012066 0.00675977
 0.364527 0.425324 0.19654 0.00579425 0.00781494
 0.63924 0.197812 0.109061 0.0503966 0.00348966
 0.357234 0.509785 0.0729164 0.0402015 0.0198633
 0.00520468 0.543244 0.35813 0.0512247 0.0421963
pobs_RECLAS
 0 0 0 0 0
 0 0 0 0 0
 0 0 0 0 0
 0 0 0 0 0
 0.835266 0.146461 0.0176864 0.000547809 3.91292e-05
 0.385257 0.428462 0.181853 0.0044286 0
 0.867414 0.0963971 0.0333333 0.00285562 0
 0.441836 0.489002 0.0689373 0.000224442 0
 0.779404 0.147425 0.0564933 0.0165055 0.000172143
 0.814271 0.122319 0.05973 0.00367925 0
 0.40263 0.566651 0.0304383 0.000280538 0
 0.475488 0.404961 0.113038 0.00651328 0
 0.955842 0.0263864 0.0167828 0.000988607 0
 0.975058 0.0227948 0.00214734 0 0
 0.738997 0.206755 0.0527124 0.00153531 0
 0.850938 0.134255 0.0134407 0.00136685 0
 0.542534 0.407297 0.0501686 0 0
 0.764087 0.199537 0.0359546 0.000420521 0
 0.470689 0.182191 0.310203 0.0369168 0
 0.84361 0.089868 0.0606195 0.00523954 0.000663233
 0.607945 0.314616 0.071237 0.00620181 0
 0.523733 0.453247 0.0230204 0 0
 0.530135 0.295979 0.169645 0.0042399 0
 0.562478 0.366248 0.0663022 0.0049721 0
 0.250443 0.683176 0.0655157 0.000865301 0
ppred_RECLAS
 0.0423958 0.482072 0.23939 0.118877 0.117265
 0.879825 0.0109251 0.0549978 0.0273111 0.0269406
 0.00467292 0.937557 0.00525195 0.0264386 0.0260799
 0.0757865 0.0103638 0.860808 0.00482202 0.0482194
 0.855345 0.0219034 0.0013765 0.11433 0.00704482
 0.359463 0.591396 0.00744087 0.000467615 0.0412328
 0.760047 0.139169 0.0930524 0.00117077 0.00656129
 0.418285 0.509851 0.0416798 0.0278684 0.00231568
 0.804886 0.125554 0.0609665 0.00498395 0.00360932
 0.735758 0.240186 0.0154803 0.0075169 0.00105951
 0.277853 0.619008 0.0937497 0.0060423 0.00334756
 0.093164 0.420502 0.416874 0.0631363 0.00632365
 0.548217 0.0845442 0.170289 0.16882 0.0281289
 0.483028 0.385477 0.0246073 0.0495641 0.0573237
 0.522032 0.345371 0.0988701 0.00631147 0.0274154
 0.551996 0.333785 0.0825325 0.0236268 0.00805963
 0.461168 0.398304 0.104701 0.0258885 0.00993928
 0.446951 0.364361 0.139478 0.036664 0.0125462
 0.246171 0.483151 0.178328 0.0682644 0.0240848
 0.867338 0.0564821 0.0488258 0.0180213 0.00933254
 0.494833 0.472453 0.0139285 0.0120405 0.00674547
 0.366134 0.424248 0.196043 0.0057796 0.00779518
 0.641584 0.196527 0.108353 0.0500692 0.00346698
 0.359594 0.507913 0.0726487 0.0400539 0.0197903
 0.00531211 0.543185 0.358092 0.0512192 0.0421917
pobs_PELACES
 0 0 0 0 0
 0 0 0 0 0
 0 0 0 0 0
 0 0 0 0 0
 0 0 0 0 0
 0 0 0 0 0
 0 0 0 0 0
 0 0 0 0 0
 0 0 0 0 0
 0 0 0 0 0
 0.450072 0.473896 0.0757376 0.000293798 0
 0 0 0 0 0
 0.463077 0.371075 0.160297 0.00555027 0
 0.529543 0.364841 0.0842815 0.0213345 0
 0.631943 0.363953 0.00410389 0 0
 0.735681 0.248677 0.0153453 0.000297389 0
 0.695825 0.281241 0.0229344 0 0
 0.275771 0.60734 0.115278 0.00161068 0
 0 0 0 0 0
 0.896147 0.0623911 0.0374545 0.00400742 0
 0.803859 0.145111 0.0509908 3.86294e-05 0
 0.739449 0.233085 0.0266225 0.000797448 4.60066e-05
 0.878498 0.100942 0.0204185 0.000141795 0
 0.694673 0.275183 0.0284847 0.00165964 0
 0.469039 0.446079 0.0841089 0.000773354 0
ppred_PELACES
 0.0457785 0.480369 0.238544 0.118458 0.116851
 0.886821 0.0102891 0.0517962 0.0257212 0.0253723
 0.00528975 0.936976 0.00524869 0.0264222 0.0260638
 0.0797793 0.0103191 0.857089 0.00480119 0.0480111
 0.856767 0.021688 0.00136296 0.113206 0.00697556
 0.391524 0.561794 0.00706842 0.000444209 0.0391689
 0.773414 0.131416 0.0878688 0.00110555 0.00619578
 0.455158 0.477533 0.0390379 0.0261019 0.0021689
 0.823901 0.113319 0.055025 0.00449824 0.00325758
 0.74525 0.231557 0.0149242 0.00724686 0.00102145
 0.293547 0.605555 0.0917122 0.00591098 0.00327481
 0.0997014 0.41747 0.413869 0.0626811 0.00627806
 0.578871 0.0788079 0.158735 0.157366 0.0262204
 0.537741 0.34468 0.022003 0.0443185 0.0512569
 0.569614 0.310989 0.0890275 0.00568316 0.0246862
 0.574708 0.316864 0.0783485 0.022429 0.00765104
 0.480989 0.383652 0.100849 0.0249362 0.00957367
 0.463194 0.35366 0.135382 0.0355872 0.0121777
 0.262031 0.472986 0.174576 0.0668281 0.0235781
 0.874703 0.0533466 0.0461153 0.0170209 0.00881445
 0.500204 0.467429 0.0137804 0.0119124 0.00667375
 0.373761 0.419143 0.193684 0.00571005 0.00770138
 0.651896 0.190873 0.105235 0.0486288 0.00336724
 0.370124 0.499562 0.0714542 0.0393953 0.0194649
 0.00574301 0.54295 0.357937 0.051197 0.0421734
pobs_pel_tallas
 0 0 0 0 0 0 0 0 0 0 0 0 0 0 0 0 0 0 0 0 0 0 0 0 0 0 0 0 0 0 0 0 0 0 0 0
 0 0 0 0 0 0 0 0 0 0 0 0 0 0 0 0 0 0 0 0 0 0 0 0 0 0 0 0 0 0 0 0 0 0 0 0
 0 0 0 0 0 0 0 0 0 0 0 0 0 0 0 0 0 0 0 0 0 0 0 0 0 0 0 0 0 0 0 0 0 0 0 0
 0 0 0 0 0 0 0 0 0 0 0 0 0 0 0 0 0 0 0 0 0 0 0 0 0 0 0 0 0 0 0 0 0 0 0 0
 0 0 0 0 0 0 0 0 0 0 0 0 0 0 0 0 0 0 0 0 0 0 0 0 0 0 0 0 0 0 0 0 0 0 0 0
 0 0 0 0 0 0 0 0 0 0 0 0 0 0 0 0 0 0 0 0 0 0 0 0 0 0 0 0 0 0 0 0 0 0 0 0
 0 0 0 0 0 0 0 0 0 0 0 0 0 0 0 0 0 0 0 0 0 0 0 0 0 0 0 0 0 0 0 0 0 0 0 0
 0 0 0 0 0 0 0 0 0 0 0 0 0 0 0 0 0 0 0 0 0 0 0 0 0 0 0 0 0 0 0 0 0 0 0 0
 0 0 0 0 0 0 0 0 0 0 0 0 0 0 0 0 0 0 0 0 0 0 0 0 0 0 0 0 0 0 0 0 0 0 0 0
 0 0 0 0 0 0 0 0 0 0 0 0 0 0 0 0 0 0 0 0 0 0 0 0 0 0 0 0 0 0 0 0 0 0 0 0
 0 0 0 0 0 0 0 0 1.78061e-05 0.00172719 0.00360574 0.0105946 0.0120993 0.0124554 0.0147524 0.0171206 0.0266825 0.0428682 0.0675386 0.121331 0.153587 0.119568 0.100827 0.0573624 0.0630603 0.0341343 0.0324427 0.0444173 0.0211091 0.0280891 0.0125444 0.00206551 0 0 0 0
 0 0 0 0 0 0 0 0 0 0 0 0 0 0 0 0 0 0 0 0 0 0 0 0 0 0 0 0 0 0 0 0 0 0 0 0
 0 0 0 0 0 0 0.0133647 0.0140871 0.0187388 0.0205184 0.03894 0.0496705 0.03968 0.0493445 0.0407372 0.0367815 0.0215668 0.0243155 0.0234873 0.0199281 0.019796 0.0243948 0.0301388 0.0376714 0.0412746 0.0863199 0.0771752 0.113111 0.0741005 0.0525337 0.0229764 0.00759418 0.00175318 0 0 0
 0 0 0 0 0 0 0 0 0 0 0.00219441 0.00772107 0.0458388 0.0604681 0.0671733 0.0775358 0.0609151 0.0617685 0.073594 0.0568108 0.0755445 0.0548602 0.0670107 0.0636378 0.0643287 0.046367 0.0373049 0.0286899 0.0247887 0.0153202 0.00654259 0.00121912 0.000365735 0 0 0
 0 0 0 0 0 0 0 0 0 0 0 0 0.000112435 0.00938835 0.0111873 0.0202946 0.0414886 0.0713402 0.111592 0.104902 0.108894 0.110636 0.117776 0.105296 0.107544 0.0401394 0.0192827 0.0124803 0.00416011 0.0028671 0.000618394 0 0 0 0 0
 0 0 0 0 0 0 0 0 0 0 0.00291406 0.0102884 0.027416 0.0768956 0.0749926 0.110853 0.0956884 0.0897413 0.0766577 0.0534642 0.0500743 0.0551293 0.0594112 0.0620874 0.0668451 0.0424026 0.0208742 0.0120726 0.0048766 0.00582813 0.00118941 0.000297354 0 0 0 0
 0 0.00264628 0.0354308 0.0461629 0.0458689 0.0383711 0.0214643 0.0164657 0.0346957 0.0420465 0.0363128 0.0245516 0.0311673 0.0291091 0.0169068 0.0133784 0.00837989 0.0085269 0.0148486 0.0160247 0.0276389 0.0546898 0.0760071 0.122758 0.109233 0.0665981 0.0333725 0.0166128 0.00676272 0.00308733 0.000882094 0 0 0 0 0
 0 0 0 0 0 0 0 0.000805153 0.000690131 0.00759144 0.0133425 0.0154129 0.00931677 0.000345066 0.00356568 0.00563607 0.00851162 0.0253048 0.0502646 0.0516448 0.0657925 0.0565908 0.0611916 0.0827007 0.0866115 0.110766 0.145733 0.0935128 0.0569358 0.0249597 0.0138026 0.00621118 0.00161031 0.00115022 0 0
 0 0 0 0 0 0 0 0 0 0 0 0 0 0 0 0 0 0 0 0 0 0 0 0 0 0 0 0 0 0 0 0 0 0 0 0
 0.00147267 0.00158595 0.00478618 0.00569244 0.00954404 0.0108468 0.00647125 0.017049 0.0510054 0.094081 0.124002 0.0959785 0.0687766 0.0820023 0.061753 0.0591476 0.0492212 0.0479892 0.0443925 0.0268479 0.0217502 0.0140895 0.0121071 0.0120363 0.00920419 0.00665534 0.0049561 0.00860946 0.00930331 0.0156896 0.0114698 0.00855282 0.00243557 0.00046729 0 2.83206e-05
 0 0 0 0 0.000772559 0.00158375 0.000888443 0.00281984 0.00712685 0.0440552 0.0773331 0.111326 0.0921469 0.0852325 0.0710754 0.0886704 0.0786465 0.0553345 0.0373146 0.0185414 0.00753245 0.00457741 0.012979 0.0271748 0.0457355 0.0583668 0.034881 0.0177882 0.00938659 0.00492506 0.0015258 0.00185414 0.000309023 5.79419e-05 3.86279e-05 0
 0 0.00173294 0.00326652 0 0.00397197 0.00683976 0.00946217 0.0152591 0.00757587 0.0136028 0.0228656 0.0392903 0.0559909 0.0764795 0.0681675 0.0726916 0.0566044 0.0477403 0.0527397 0.0444891 0.0609904 0.0582453 0.0661739 0.0445044 0.0529084 0.0360697 0.0280645 0.0235558 0.0158879 0.00826598 0.00280645 0.00217768 0.000904811 0.00058276 9.20147e-05 0
 0 0 0 0 0 0 0 0 0 0 0 0 0 0 0 0 0 0 0 0 0 0 0 0 0 0 0 0 0 0 0 0 0 0 0 0
 0 0 0 0 0 0 0 0 0 0 0 0 0 0 0 0 0 0 0 0 0 0 0 0 0 0 0 0 0 0 0 0 0 0 0 0
 0 0 0 0 0 0 0 0 0 0 0 0 0 0 0 0 0 0 0 0 0 0 0 0 0 0 0 0 0 0 0 0 0 0 0 0
ppred_pel_tallas
 1.13073e-16 2.02847e-06 1.18257e-05 5.60491e-05 0.000215517 0.000671813 0.00169746 0.00347719 0.00577899 0.00780699 0.00861684 0.00788933 0.00627798 0.00493894 0.00478775 0.00620169 0.00921163 0.0137617 0.0197743 0.0270685 0.0352713 0.0438019 0.0519403 0.0589585 0.0642689 0.0675401 0.0687411 0.0681005 0.0660031 0.0628656 0.0590367 0.0547495 0.0501314 0.0452476 0.0401553 0.0349416
 1.02809e-16 3.86827e-05 0.000227061 0.0010794 0.00415585 0.0129597 0.0327349 0.0669785 0.111019 0.149078 0.16218 0.142946 0.102088 0.0591014 0.0277908 0.0107254 0.00360302 0.00139858 0.00106648 0.00134767 0.00186137 0.00251986 0.00330115 0.00418621 0.00514582 0.0061389 0.00711371 0.00801077 0.0087677 0.00932564 0.00963679 0.00967152 0.00942375 0.00891255 0.00818007 0.00728552
 1.02506e-16 2.8119e-07 1.52628e-06 6.99321e-06 2.64847e-05 8.2211e-05 0.000208713 0.000434435 0.000748014 0.00108885 0.0014071 0.00176962 0.0024193 0.00373631 0.00615358 0.0100955 0.0159326 0.0239024 0.0339806 0.0457494 0.0583301 0.0704372 0.0805742 0.0873369 0.0897424 0.0874726 0.0809564 0.07125 0.0597692 0.047958 0.0370033 0.0276674 0.0202606 0.0147232 0.0107657 0.00800862
 1.14579e-16 3.49392e-06 2.04676e-05 9.72194e-05 0.000374177 0.00116669 0.00294693 0.00603044 0.00999895 0.0134372 0.0146459 0.0129754 0.00941468 0.00575847 0.00331309 0.00240421 0.00277534 0.00414222 0.00642934 0.00973481 0.0142176 0.0200019 0.0271061 0.0353896 0.0445198 0.0539683 0.0630463 0.0709795 0.0770149 0.0805382 0.081178 0.0788707 0.0738729 0.0667132 0.0581015 0.0488125
 1.04243e-16 3.73724e-05 0.000219369 0.00104283 0.00401503 0.0125206 0.0316257 0.0647091 0.107257 0.144028 0.156689 0.138112 0.098649 0.0571365 0.0269159 0.0104736 0.00365731 0.00161537 0.00140567 0.00180869 0.00245 0.00323635 0.00413895 0.00513617 0.00620334 0.00731142 0.00842547 0.00950211 0.0104876 0.0113191 0.0119295 0.0122573 0.0122578 0.0119127 0.0112368 0.0102772
 1.02129e-16 1.71076e-05 0.000100347 0.000476873 0.00183577 0.00572449 0.0144601 0.0295911 0.0490645 0.0659345 0.0718612 0.0636515 0.0461412 0.0280925 0.0158071 0.0106594 0.0109817 0.014709 0.0204864 0.0275067 0.0350728 0.0423757 0.048513 0.0526431 0.054177 0.0529231 0.0491358 0.0434438 0.0366896 0.0297314 0.0232726 0.0177621 0.0133792 0.0100832 0.00769834 0.00599789
 1.01618e-16 3.37426e-05 0.000198048 0.000941441 0.00362462 0.0113031 0.0285506 0.0584179 0.0968329 0.13004 0.141499 0.124788 0.0892748 0.0519954 0.0250372 0.0106962 0.00527464 0.00442798 0.00550228 0.00734803 0.00951888 0.0117674 0.0138715 0.0156187 0.016838 0.0174321 0.0173923 0.0167896 0.0157481 0.0144103 0.0129078 0.0113442 0.00979135 0.0082961 0.00689 0.00559711
 1.01708e-16 1.98791e-05 0.000116625 0.000554279 0.00213383 0.006654 0.0168079 0.0343941 0.0570232 0.0766142 0.0834602 0.0738287 0.0533089 0.032039 0.0172813 0.0105604 0.00986754 0.0127578 0.0176641 0.0237316 0.0303204 0.0367341 0.0422024 0.0460024 0.0476182 0.0468638 0.0439268 0.0393105 0.0337027 0.0278123 0.0222286 0.017339 0.0133151 0.0101528 0.00773837 0.0059148
 1.01125e-16 3.59433e-05 0.000210969 0.00100288 0.00386117 0.0120407 0.0304138 0.0622301 0.103151 0.138522 0.150721 0.132904 0.0950419 0.0552757 0.0264689 0.0110515 0.00506788 0.00387525 0.00463821 0.0061349 0.00790645 0.00972013 0.011381 0.0127087 0.0135634 0.0138732 0.0136464 0.0129615 0.0119418 0.0107234 0.00942694 0.00814167 0.00692254 0.00579699 0.00477574 0.00386225
 1.00585e-16 3.25184e-05 0.000190852 0.000907212 0.0034928 0.0108919 0.0275123 0.0562942 0.0933155 0.125325 0.136392 0.120338 0.0862091 0.0504473 0.024734 0.0113199 0.00667566 0.00663145 0.00861285 0.0114485 0.0145933 0.0176529 0.0202425 0.0220102 0.0227071 0.0222467 0.0207249 0.0183926 0.0155907 0.01267 0.00992218 0.00753882 0.00560418 0.0041144 0.00301001 0.00220868
 1.01856e-16 1.28374e-05 7.52721e-05 0.000357655 0.00137673 0.00429299 0.0108444 0.0221933 0.0368041 0.0494759 0.053969 0.0479122 0.0349684 0.0217621 0.013092 0.0100765 0.0115533 0.0160397 0.0225339 0.0303653 0.038852 0.0471415 0.0542587 0.0592781 0.0615301 0.0607582 0.0571767 0.0514016 0.0442881 0.0367278 0.0294718 0.0230275 0.0176379 0.0133281 0.00998424 0.00743214
 1.08458e-16 4.37798e-06 2.56232e-05 0.000121653 0.000468123 0.00145956 0.00368717 0.00754789 0.0125247 0.0168606 0.0184539 0.0165305 0.012386 0.00834797 0.00615423 0.00631975 0.00859917 0.0126276 0.0181578 0.0249725 0.0327399 0.0409518 0.0489603 0.0560804 0.0617166 0.0654681 0.0671809 0.0669325 0.0649662 0.0616042 0.057175 0.0519731 0.0462552 0.0402536 0.0341941 0.028299
 1.08912e-16 2.52575e-05 0.000148237 0.000704648 0.00271293 0.00845999 0.0213692 0.0437239 0.0724764 0.0973312 0.105909 0.0934031 0.0668264 0.0389328 0.018775 0.00808277 0.00410882 0.00363445 0.00472206 0.00657643 0.00894117 0.0117117 0.0147896 0.0180517 0.0213545 0.0245452 0.0274703 0.0299792 0.0319282 0.0331866 0.0336492 0.0332535 0.0319964 0.029944 0.0272309 0.0240454
 1.04343e-16 2.34745e-05 0.000137746 0.000654719 0.0025206 0.00786015 0.0198544 0.0406264 0.0673495 0.0904686 0.0985007 0.0870106 0.0625598 0.0370645 0.0190234 0.0101434 0.00796069 0.00952776 0.0129997 0.0174705 0.0223995 0.0272775 0.0315595 0.0347349 0.036437 0.0365278 0.0351264 0.0325665 0.0293015 0.0257901 0.0224003 0.0193569 0.0167397 0.0145183 0.0126049 0.0109027
 1.02714e-16 2.48633e-05 0.000145902 0.000693496 0.00266991 0.00832578 0.0210305 0.0430326 0.0713368 0.0958201 0.104316 0.0921189 0.0661712 0.0390812 0.0198334 0.0102151 0.00759789 0.00884877 0.0120187 0.0161753 0.0207971 0.0254146 0.0295256 0.0326513 0.0344332 0.0347124 0.0335592 0.0312417 0.0281472 0.0246855 0.0212052 0.0179458 0.0150305 0.0124895 0.0102973 0.00840785
 1.02344e-16 2.50856e-05 0.000147206 0.000699698 0.00269379 0.00840024 0.0212185 0.0434174 0.0719749 0.0966774 0.105249 0.0929445 0.0667665 0.0394372 0.0200219 0.0103242 0.00769199 0.0089633 0.0121693 0.0163652 0.0210197 0.0256528 0.029752 0.0328303 0.0345257 0.0346816 0.0333776 0.0308952 0.0276386 0.024033 0.0204395 0.0171052 0.0141551 0.011617 0.00945969 0.00762952
 1.02861e-16 2.10017e-05 0.000123224 0.000585671 0.00225473 0.00703104 0.0177601 0.0363418 0.060249 0.0809381 0.0881436 0.0779081 0.0561163 0.0334508 0.0175451 0.00996433 0.00854424 0.0106791 0.0147286 0.0198591 0.0255235 0.0311637 0.0361632 0.0399318 0.0420289 0.0422619 0.0407229 0.0377489 0.0338251 0.0294641 0.0251023 0.0210394 0.0174301 0.0143117 0.011651 0.00938753
 1.03829e-16 2.02247e-05 0.000118665 0.000564 0.0021713 0.00677087 0.017103 0.034997 0.0580192 0.0779416 0.084878 0.075016 0.054021 0.0321777 0.0168349 0.00949744 0.00808142 0.0100819 0.0139305 0.0188435 0.0243207 0.0298558 0.0348843 0.0388575 0.0413533 0.0421658 0.0413406 0.039142 0.0359699 0.0322547 0.0283691 0.024577 0.0210275 0.0177792 0.014839 0.0121957
 1.06031e-16 1.14579e-05 6.71852e-05 0.000319236 0.00122885 0.00383186 0.00967944 0.0198088 0.0328483 0.0441535 0.0481512 0.0427189 0.0311168 0.0192454 0.0113724 0.00848104 0.00952588 0.0131915 0.018618 0.025275 0.0326564 0.0401272 0.0469442 0.0523789 0.0558695 0.0571407 0.0562498 0.0535421 0.0495394 0.0448012 0.0398074 0.034893 0.0302423 0.025924 0.0219448 0.0182944
 1.01669e-16 3.8156e-05 0.000223966 0.00106467 0.00409913 0.0127828 0.0322882 0.0660648 0.109505 0.147049 0.159983 0.141033 0.100772 0.0584416 0.0276718 0.0110141 0.00424022 0.0024024 0.00249129 0.00324004 0.00422593 0.0052965 0.0063555 0.00731635 0.00810572 0.00867436 0.00900275 0.00909833 0.00898667 0.00870047 0.00827085 0.00772364 0.00708044 0.00636224 0.00559298 0.00480092
 1.0107e-16 2.18428e-05 0.000128155 0.000609096 0.00234489 0.0073122 0.0184704 0.0377957 0.062661 0.0841834 0.0916911 0.081075 0.0584656 0.0349866 0.0185954 0.0109386 0.00977946 0.0124082 0.0170946 0.0229157 0.0292133 0.0352941 0.0404008 0.0438287 0.0450824 0.0439972 0.04078 0.0359512 0.0302122 0.0242814 0.0187524 0.0140109 0.0102198 0.00735931 0.00529474 0.00384488
 1.03442e-16 1.63278e-05 9.57805e-05 0.000455191 0.00175233 0.00546433 0.0138028 0.0282452 0.04683 0.0629232 0.0685566 0.0606711 0.0438655 0.0264793 0.0144971 0.00919849 0.00896776 0.0118338 0.016544 0.0224216 0.0289498 0.0355428 0.0415277 0.0462443 0.04918 0.0500774 0.0489796 0.0461938 0.0421956 0.0375069 0.03259 0.0277857 0.0233017 0.0192363 0.0156193 0.0124486
 1.03385e-16 2.84463e-05 0.000166948 0.000793578 0.00305529 0.0095276 0.024066 0.0492426 0.0816266 0.109627 0.119308 0.105267 0.0754158 0.04414 0.0216612 0.00995513 0.00594695 0.00600847 0.00791572 0.0106802 0.0138668 0.0171709 0.0202859 0.0229122 0.0248091 0.0258406 0.0259955 0.0253724 0.02414 0.0224871 0.0205813 0.0185468 0.0164643 0.0143832 0.0123402 0.0103713
 1.03441e-16 1.61721e-05 9.48596e-05 0.000450799 0.0017354 0.0054115 0.0136695 0.0279729 0.0463807 0.062326 0.0679231 0.0601511 0.0435775 0.0264801 0.0148098 0.00986053 0.010054 0.0134445 0.0187699 0.0253014 0.0324297 0.0394485 0.0455607 0.0500098 0.0522455 0.0520515 0.0495912 0.0453498 0.0400014 0.0342442 0.0286588 0.0236284 0.0193266 0.0157603 0.0128365 0.0104275
 1.08988e-16 2.85834e-07 1.58768e-06 7.36083e-06 2.8028e-05 8.71134e-05 0.000220641 0.000456039 0.000773429 0.0010917 0.00132784 0.00150415 0.00180394 0.00252338 0.00398189 0.00647323 0.0102554 0.0155246 0.0223467 0.0305736 0.0397882 0.049315 0.0583098 0.0659122 0.0714193 0.0744228 0.0748696 0.0730239 0.0693587 0.0644171 0.0586949 0.0525759 0.0463256 0.0401212 0.0340957 0.0283693
pSPR Fmed_Fpbrs
0.473725   0.255602 0.255602
Fs Fmed_Fpbrs
0.442143   1.005 1.005
SSBpbr Bo_Bmed_Bpbrs
849774  360070  174715 174715
Ro
16983.5
SPR SPRFo_SPRFmed_SPRFpbrs
348804 165237 89155.1
log_Ro
9.56
likeval ReclasPelacesDesembMPH_pf_preclas_ppelaces_ptallas_desvR_qrecl_qpela
 107.959 137.906 0.183335 0.000581357 430.945 223.194 95.5127 0 100.114 0 0 0 0 0 0
q_reclas_q_pelaces
1 1
M
0.7
N
 1572.52 10097.1 5014.05 2489.91 2456.13
 88967.3 612.222 3081.96 1530.46 1509.69
 296.822 35964 201.461 1014.17 1000.41
 1358.22 101.043 8392.48 47.0125 470.117
 43728.3 569.766 35.8064 2974.04 183.255
 20718.7 20968.5 263.823 16.5797 1461.94
 66294.6 6797.34 4544.91 57.1834 320.469
 34313.9 26247.9 2145.74 1434.71 119.215
 114603 10816.8 5252.41 429.38 310.952
 220917 38861.5 2504.68 1216.22 171.427
 75464 94450.8 14304.7 921.959 510.785
 11738.9 29682.8 29426.8 4456.73 446.38
 49855.3 4643.53 9353 9272.32 1544.96
 30508.4 16968.1 1083.18 2181.74 2523.3
 17620.5 7797.89 2232.32 142.502 618.993
 14058.7 4888.92 1208.85 346.059 118.049
 10832.6 5277.25 1387.21 343.005 131.689
 9390.21 4226.9 1618.06 425.334 145.546
 3432.15 3823.49 1411.23 540.221 190.599
 36776 1322.53 1143.25 421.969 218.521
 30356.9 14971.5 441.379 381.549 213.757
 23200.2 14124.6 6526.89 192.421 259.526
 63617.9 10433.2 5752.21 2658.07 184.055
 36418.7 27553.2 3941.04 2172.84 1073.58
 273.69 15758.6 10388.7 1485.94 1224.04
pred_Ctot
 247.714 2877.02 1428.69 709.465 699.84
 12040.2 152.072 765.538 380.155 374.998
 68.6018 14308.5 80.1528 403.494 398.02
 153.123 21.2178 1762.33 9.8721 98.7193
 1083.03 27.7941 1.74669 145.078 8.93947
 5177.64 8904.69 112.038 7.0409 620.844
 9790.95 1827.68 1222.04 15.3755 86.168
 9249.64 11860.7 969.605 648.307 53.8701
 26716.6 4334.88 2104.92 172.076 124.615
 22281.7 7356.99 474.168 230.246 32.4533
 11436.3 25993.2 3936.71 253.726 140.57
 1740.01 8007.34 7938.26 1202.26 120.417
 11527.7 1848.15 3722.54 3690.43 614.901
 11056.8 9650.22 616.031 1240.81 1435.07
 5780.38 4114.87 1177.97 75.197 326.636
 2507.96 1555.82 384.695 110.127 37.567
 1692.23 1492.48 392.321 97.0063 37.2433
 1229.84 1018.99 390.071 102.536 35.0873
 561.102 1126.2 415.675 159.121 56.1406
 4820.87 319.086 275.833 101.808 52.7226
 1381.33 1324.52 39.0485 33.7554 18.9109
 1584.2 1848.42 854.146 25.1813 33.963
 5894.92 1824.18 1005.73 464.746 32.1808
 3396.06 4846.29 693.183 382.177 188.831
 42.208 4405.5 2904.3 415.414 342.196
F
 0.243339 0.486678 0.486678 0.486678 0.486678
 0.205749 0.411499 0.411499 0.411499 0.411499
 0.377591 0.755183 0.755183 0.755183 0.755183
 0.168708 0.337415 0.337415 0.337415 0.337415
 0.0349738 0.0699477 0.0699477 0.0699477 0.0699477
 0.414507 0.829014 0.829014 0.829014 0.829014
 0.226524 0.453048 0.453048 0.453048 0.453048
 0.454449 0.908898 0.908898 0.908898 0.908898
 0.381471 0.762942 0.762942 0.762942 0.762942
 0.149708 0.299415 0.299415 0.299415 0.299415
 0.233088 0.466175 0.466175 0.466175 0.466175
 0.227435 0.454871 0.454871 0.454871 0.454871
 0.377788 0.755576 0.755576 0.755576 0.755576
 0.664148 1.3283 1.3283 1.3283 1.3283
 0.582093 1.16419 1.16419 1.16419 1.16419
 0.279838 0.559677 0.559677 0.559677 0.559677
 0.241087 0.482175 0.482175 0.482175 0.482175
 0.198503 0.397007 0.397007 0.397007 0.397007
 0.253643 0.507286 0.507286 0.507286 0.507286
 0.198697 0.397395 0.397395 0.397395 0.397395
 0.0651089 0.130218 0.130218 0.130218 0.130218
 0.0991653 0.198331 0.198331 0.198331 0.198331
 0.136774 0.273549 0.273549 0.273549 0.273549
 0.137699 0.275397 0.275397 0.275397 0.275397
 0.237657 0.475314 0.475314 0.475314 0.475314
nmprior
 10.6 11 7 0
nm_flota  nm_reclas  nm_pelaces    nm_pelaL
inf 13.0012 10.7121 21.819
cv_recla  cv_pelaces  cv_mph
0.939841 1.33157 0.782275
 ------------------------------------------------
Talla a la edad & desviación 
 7.2 14.2025 17.0495 18.207 18.6776
 1.08 2.13037 2.55742 2.73105 2.80164
