    unsorted:	 2.437927890e-06 4.912717060e-07 0.0008999971762 0.008976680229 59.39517115 46.93326782 44.76340824 67.48092610 98.51193094 104.8020671 279.4339567 329.5027732 457.2267222 792.6338715 651.1553681 617.0335139 829.3364390 919.1680467 1019.556531 1136.827922 1274.577759 1427.250227 1713.726924 1889.515047 2155.244025 2349.512204 2623.664912 2803.926270 3141.894398 3418.383818 3821.751932 4094.266602 4540.752870 4705.060338 5467.524308 5365.586150 5705.925338 5871.820306 6289.395332 341095.9117 367583.2763 383475.2712 421262.0942 424541.9208 448162.7004 477035.0110 287325.6933 503188.2528 254544.3377 196505.1672 539722.9212 573020.0493 648380.7050 741516.1459 814080.1664 943256.1473 1107557.590 1223919.069 1410844.832 1558350.813 1826231.902 1976221.240 2359784.076 2392951.252 2700602.773
      sorted:	 4.912717060e-07 2.437927890e-06 0.0008999971762 0.008976680229 44.76340824 46.93326782 59.39517115 67.48092610 98.51193094 104.8020671 279.4339567 329.5027732 457.2267222 617.0335139 651.1553681 792.6338715 829.3364390 919.1680467 1019.556531 1136.827922 1274.577759 1427.250227 1713.726924 1889.515047 2155.244025 2349.512204 2623.664912 2803.926270 3141.894398 3418.383818 3821.751932 4094.266602 4540.752870 4705.060338 5365.586150 5467.524308 5705.925338 5871.820306 6289.395332 196505.1672 254544.3377 287325.6933 341095.9117 367583.2763 383475.2712 421262.0942 424541.9208 448162.7004 477035.0110 503188.2528 539722.9212 573020.0493 648380.7050 741516.1459 814080.1664 943256.1473 1107557.590 1223919.069 1410844.832 1558350.813 1826231.902 1976221.240 2359784.076 2392951.252 2700602.773
