    unsorted:	 8.823998734e-06 8.515454417e-06 0.0008999966446 0.004579993824 0.03287858949 28.23485953 48.43938143 68.85068365 117.6472329 144.9276784 291.7697215 388.2987090 446.2225446 514.3476035 612.9434833 679.6424348 739.9086967 754.0862637 836.4242118 887.3110732 915.3167811 1017.354020 1095.671643 1145.784445 1282.361621 1256.201211 1377.244799 1462.221658 1562.141198 1768.128403 1935.796148 2038.556765 2521.441518 2608.587380 2719.859261 3011.532214 3303.551281 21965.03023 43447.94124 196355.3544 234346.6928 594272.7833 576353.1757 623524.0730 642264.8096 672290.5602 500171.5791 463529.3350 393274.6375 715558.6679 800951.7063 824220.6627 903076.4862 1062869.585 1111164.889 1261311.870 1427961.838 1556883.273 1679006.621 1811435.493 1989629.109 2184468.813 2393163.694 2510646.465 7408490.720
      sorted:	 8.515454417e-06 8.823998734e-06 0.0008999966446 0.004579993824 0.03287858949 28.23485953 48.43938143 68.85068365 117.6472329 144.9276784 291.7697215 388.2987090 446.2225446 514.3476035 612.9434833 679.6424348 739.9086967 754.0862637 836.4242118 887.3110732 915.3167811 1017.354020 1095.671643 1145.784445 1256.201211 1282.361621 1377.244799 1462.221658 1562.141198 1768.128403 1935.796148 2038.556765 2521.441518 2608.587380 2719.859261 3011.532214 3303.551281 21965.03023 43447.94124 196355.3544 234346.6928 393274.6375 463529.3350 500171.5791 576353.1757 594272.7833 623524.0730 642264.8096 672290.5602 715558.6679 800951.7063 824220.6627 903076.4862 1062869.585 1111164.889 1261311.870 1427961.838 1556883.273 1679006.621 1811435.493 1989629.109 2184468.813 2393163.694 2510646.465 7408490.720
