years
 1997 1998 1999 2000 2001 2002 2003 2004 2005 2006 2007 2008 2009 2010 2011 2012 2013 2014 2015 2016 2017 2018 2019 2020 2021
reclasobs
 0 0 0 370054 412103 1.49427e+06 250295 1.28982e+06 931140 785840 897777 1.04006e+06 184774 17550 25797 100020 73551 82996 120727 218422 84188 347160 605670 569463 516374
reclaspred
 461480 127956 390593 278656 401941 475000 1.03225e+06 675571 733945 669674 525759 352801 218478 95121.4 62184.6 63097.2 80450.7 110041 117983 169976 245350 225947 395677 505188 543533
pelacesobs
 0 0 0 0 0 0 0 0 0 2.06254e+06 1.5e+06 0 1.87456e+06 323000 250000 174000 83755 137374 0 501740 490994 745055 786931 1.00524e+06 1.33801e+06
pelacespred
 1.98379e+06 463345 889571 962915 1.19221e+06 1.16154e+06 2.89006e+06 2.33659e+06 2.24859e+06 2.06323e+06 1.43565e+06 995801 606836 210405 138505 152764 205504 289543 315831 446676 727373 644047 891852 1.35664e+06 1.50739e+06
mphobs
 0 0 0 0 0 112323 0 153150 637223 0 255016 313432 73983 77613 109348 50772 0 0 0 0 0 0 0 0 0
mphpred
 165416 102743 127000 154238 160355 245919 364795 424393 353500 349689 328338 226349 139341 72294.7 31735.9 26518.9 33252 46469.3 58385.4 68120.9 102606 121509 153509 221015 292262
desembarqueobs
 350755 77701 442110 56441 14545 235359 269955 359681 431902 328805 639364 411747 362871 311530 167758 66681 60226 58785 57116 73181 50977 67692 138656 160484 209506
desembarquepred
 350767 77704.2 442151 56443.6 14545.2 235409 269994 359706 431975 328852 639588 411979 363193 311905 167737 66690.8 60250.8 58785.5 57110.5 73182.9 50978.7 67686.6 138660 160492 209508
Reclutas
 51241.9 63083.4 37695.8 56866.9 95663.2 71179.3 109914 102416 122480 126795 65530.6 43026.4 44082.5 23457.4 16204.9 18224.2 14261.5 16105.9 18547.6 31511 38865 51862.8 84149.8 99539.4 41539
log_desv_Rt
 0.0843121 0.292213 -0.222695 0.188469 0.708588 0.412957 0.84745 0.776797 0.955705 0.990325 0.330272 -0.0904305 -0.066181 -0.69706 -1.06693 -0.949495 -1.19468 -1.07306 -0.931905 -0.401907 -0.19215 0.0963569 0.580354 0.748309 -0.125612
SSB
 632572 392903 485665 589828 613218 940427 1.39503e+06 1.62293e+06 1.35183e+06 1.33726e+06 1.25561e+06 865590 532857 276465 121362 101412 127160 177705 223274 260503 392378 464667 587039 845193 1.11765e+06
BT
 2.15129e+06 565981 1.07549e+06 962988 1.12927e+06 1.27546e+06 2.89328e+06 2.60043e+06 2.50481e+06 2.25258e+06 1.92418e+06 1.31244e+06 923060 492121 269489 197702 241132 318529 344912 478010 723778 667610 931167 1.40334e+06 1.58376e+06
Ftot
 0.491775 0.39285 0.578028 0.112777 0.0224919 0.225462 0.143045 0.286996 0.332023 0.268317 0.556805 0.526234 0.841499 1.53754 1.61052 0.643549 0.439564 0.298737 0.247253 0.253704 0.116785 0.15353 0.180512 0.17263 0.171258
BD_Bspro_t
 0.941544 0.739054 0.697554 0.568361 0.696356 0.821477 0.787246 0.7923 0.732589 0.691171 0.653301 0.492168 0.378704 0.268069 0.15331 0.15774 0.250267 0.397546 0.511664 0.607158 0.719752 0.799501 0.808598 0.815737 0.816868
BD_Bspro
 0.653955 0.406184 0.502082 0.609766 0.633947 0.972216 1.44218 1.67779 1.39753 1.38246 1.29805 0.894849 0.550869 0.28581 0.125465 0.10484 0.131459 0.183712 0.230821 0.269309 0.405641 0.480374 0.606883 0.873762 1.15543
BD_Bo
 0.556618 0.345726 0.42735 0.519006 0.539588 0.827508 1.22752 1.42807 1.18951 1.17669 1.10485 0.761657 0.468876 0.243269 0.10679 0.0892351 0.111892 0.156367 0.196465 0.229224 0.345264 0.408874 0.516553 0.743709 0.983452
BD_Brms
 1.91603 1.19009 1.47106 1.78656 1.85741 2.84851 4.22547 4.9158 4.09464 4.05049 3.80318 2.62184 1.614 0.8374 0.367602 0.307172 0.385163 0.53826 0.676287 0.789053 1.1885 1.40746 1.77812 2.56005 3.38532
S_f
 0.177028 1 1 1 1
 0.177028 1 1 1 1
 0.177028 1 1 1 1
 0.177028 1 1 1 1
 0.177028 1 1 1 1
 0.177028 1 1 1 1
 0.177028 1 1 1 1
 0.177028 1 1 1 1
 0.177028 1 1 1 1
 0.177028 1 1 1 1
 0.177028 1 1 1 1
 0.177028 1 1 1 1
 0.177028 1 1 1 1
 0.177028 1 1 1 1
 0.177028 1 1 1 1
 0.177028 1 1 1 1
 0.177028 1 1 1 1
 0.177028 1 1 1 1
 0.177028 1 1 1 1
 0.177028 1 1 1 1
 0.177028 1 1 1 1
 0.177028 1 1 1 1
 0.177028 1 1 1 1
 0.177028 1 1 1 1
 0.177028 1 1 1 1
Scru_reclas
 0.980005 1 1 1 1
 0.980005 1 1 1 1
 0.980005 1 1 1 1
 0.980005 1 1 1 1
 0.980005 1 1 1 1
 0.980005 1 1 1 1
 0.980005 1 1 1 1
 0.980005 1 1 1 1
 0.980005 1 1 1 1
 0.980005 1 1 1 1
 0.980005 1 1 1 1
 0.980005 1 1 1 1
 0.980005 1 1 1 1
 0.980005 1 1 1 1
 0.980005 1 1 1 1
 0.980005 1 1 1 1
 0.980005 1 1 1 1
 0.980005 1 1 1 1
 0.980005 1 1 1 1
 0.980005 1 1 1 1
 0.980005 1 1 1 1
 0.980005 1 1 1 1
 0.980005 1 1 1 1
 0.980005 1 1 1 1
 0.980005 1 1 1 1
Scru_pelaces
 0.999611 1 1 1 1
 0.999611 1 1 1 1
 0.999611 1 1 1 1
 0.999611 1 1 1 1
 0.999611 1 1 1 1
 0.999611 1 1 1 1
 0.999611 1 1 1 1
 0.999611 1 1 1 1
 0.999611 1 1 1 1
 0.999611 1 1 1 1
 0.999611 1 1 1 1
 0.999611 1 1 1 1
 0.999611 1 1 1 1
 0.999611 1 1 1 1
 0.999611 1 1 1 1
 0.999611 1 1 1 1
 0.999611 1 1 1 1
 0.999611 1 1 1 1
 0.999611 1 1 1 1
 0.999611 1 1 1 1
 0.999611 1 1 1 1
 0.999611 1 1 1 1
 0.999611 1 1 1 1
 0.999611 1 1 1 1
 0.999611 1 1 1 1
pf_obs 
 0.256992 0.487395 0.22802 0.0275931 0
 0.321318 0.546541 0.124235 0.00734118 0.000564706
 0.182869 0.594174 0.210203 0.0122559 0.00049798
 0.330522 0.361315 0.267642 0.0388342 0.00168674
 0.649043 0.306663 0.0425973 0.00169635 0
 0.582887 0.30429 0.105238 0.00758474 0
 0.465427 0.430635 0.0974691 0.00646863 0
 0.296916 0.608066 0.0921331 0.00288517 0
 0.311714 0.524322 0.152257 0.0117073 0
 0.15457 0.633149 0.183074 0.0267441 0.00246327
 0.131901 0.49318 0.331252 0.0422183 0.00144891
 0.196976 0.569456 0.194076 0.0375587 0.00193317
 0.518974 0.381816 0.0799577 0.0180837 0.00116848
 0.0928022 0.601141 0.25162 0.0475244 0.00691264
 0.122501 0.610282 0.24278 0.0234846 0.000952079
 0.383417 0.481906 0.127806 0.00687128 0
 0.0376549 0.599619 0.316969 0.0457579 0
 0.0361596 0.667082 0.258105 0.0386534 0
 0.158088 0.579412 0.248529 0.0139706 0
 0.0477256 0.309471 0.559284 0.082774 0.000745712
 0.0406174 0.521527 0.379366 0.0568643 0.0016247
 0.151134 0.462217 0.34131 0.0453401 0
 0.294876 0.26143 0.354403 0.0886775 0.000613685
 0.281977 0.475581 0.204845 0.0348837 0.00271318
 0.0354234 0.537034 0.353287 0.0723622 0.0018943
pf_pred 
 0.353474 0.456408 0.170043 0.0200654 1.01844e-05
 0.304186 0.554019 0.100098 0.0372935 0.00440294
 0.172333 0.61947 0.16577 0.0299508 0.0124761
 0.274016 0.441689 0.212782 0.0569403 0.0145732
 0.299139 0.48498 0.131342 0.0632735 0.0212655
 0.169808 0.588582 0.167189 0.0452779 0.0291434
 0.253175 0.41984 0.231823 0.0658501 0.0293121
 0.202068 0.536021 0.147237 0.0813 0.0333732
 0.238314 0.472866 0.194019 0.053294 0.0415072
 0.224821 0.522455 0.156895 0.0643746 0.0314547
 0.131932 0.564367 0.204689 0.0614688 0.0375442
 0.140627 0.454391 0.263295 0.0954939 0.0461928
 0.223549 0.421858 0.18749 0.108641 0.0584625
 0.200474 0.568402 0.125573 0.0558097 0.0497411
 0.285658 0.541537 0.122851 0.0271407 0.0228131
 0.357484 0.539068 0.0784226 0.0177906 0.00723406
 0.22798 0.62612 0.12241 0.0178079 0.00568252
 0.245445 0.507688 0.200213 0.0391426 0.00751148
 0.242868 0.514068 0.163541 0.0644942 0.0150286
 0.316988 0.457943 0.152815 0.0486151 0.0236394
 0.263767 0.549982 0.124877 0.041671 0.0197031
 0.258979 0.504755 0.176495 0.0400743 0.0196956
 0.301065 0.474942 0.152576 0.0533503 0.018067
 0.251546 0.543221 0.139461 0.0448019 0.0209708
 0.0988783 0.606396 0.213909 0.0549168 0.0259
pobs_RECLAS
 0 0 0 0 0
 0 0 0 0 0
 0 0 0 0 0
 0 0 0 0 0
 0.835266 0.146461 0.0176864 0.000547809 3.91292e-05
 0.385257 0.428462 0.181853 0.0044286 0
 0.867414 0.0963971 0.0333333 0.00285562 0
 0.441836 0.489002 0.0689373 0.000224442 0
 0.779404 0.147425 0.0564933 0.0165055 0.000172143
 0.814271 0.122319 0.05973 0.00367925 0
 0.40263 0.566651 0.0304383 0.000280538 0
 0.475488 0.404961 0.113038 0.00651328 0
 0.955842 0.0263864 0.0167828 0.000988607 0
 0.975058 0.0227948 0.00214734 0 0
 0.738997 0.206755 0.0527124 0.00153531 0
 0.850938 0.134255 0.0134407 0.00136685 0
 0.542534 0.407297 0.0501686 0 0
 0.764087 0.199537 0.0359546 0.000420521 0
 0.470689 0.182191 0.310203 0.0369168 0
 0.84361 0.089868 0.0606195 0.00523954 0.000663233
 0.607945 0.314616 0.071237 0.00620181 0
 0.523733 0.453247 0.0230204 0 0
 0.530135 0.295979 0.169645 0.0042399 0
 0.562478 0.366248 0.0663022 0.0049721 0
 0.250443 0.683176 0.0655157 0.000865301 0
ppred_RECLAS
 0.757728 0.171029 0.0637201 0.0075191 3.81638e-06
 0.712699 0.228754 0.0413305 0.0153984 0.00181797
 0.54551 0.340165 0.0910279 0.0164467 0.00685092
 0.677603 0.196146 0.0944928 0.0252862 0.00647172
 0.702857 0.205616 0.0556848 0.026826 0.0090159
 0.534193 0.330244 0.0938067 0.0254047 0.0163519
 0.6541 0.194453 0.107371 0.0304991 0.0135762
 0.587761 0.276927 0.0760678 0.0420024 0.0172417
 0.638629 0.224345 0.0920493 0.0252846 0.0196925
 0.619883 0.256191 0.0769352 0.0315667 0.0154241
 0.4665 0.34685 0.125798 0.0377777 0.023074
 0.484246 0.272703 0.158017 0.0573108 0.0277227
 0.630278 0.200876 0.0892769 0.0517312 0.027838
 0.61996 0.27018 0.0596891 0.0265282 0.0236436
 0.724696 0.208706 0.0473462 0.0104599 0.00879208
 0.763436 0.198476 0.028874 0.00655023 0.00266346
 0.627135 0.302399 0.0591206 0.00860074 0.0027445
 0.647007 0.237505 0.0936628 0.0183116 0.00351399
 0.642998 0.242393 0.0771127 0.0304103 0.00708629
 0.722761 0.185882 0.0620284 0.0197332 0.00959539
 0.66616 0.249386 0.0566245 0.0188955 0.00893425
 0.661101 0.230845 0.0807185 0.0183276 0.00900761
 0.706593 0.199377 0.0640501 0.0223961 0.0075844
 0.652547 0.252178 0.0647415 0.0207983 0.00973523
 0.380083 0.417163 0.147157 0.0377794 0.0178176
pobs_PELACES
 0 0 0 0 0
 0 0 0 0 0
 0 0 0 0 0
 0 0 0 0 0
 0 0 0 0 0
 0 0 0 0 0
 0 0 0 0 0
 0 0 0 0 0
 0 0 0 0 0
 0 0 0 0 0
 0.450072 0.473896 0.0757376 0.000293798 0
 0 0 0 0 0
 0.463077 0.371075 0.160297 0.00555027 0
 0.529543 0.364841 0.0842815 0.0213345 0
 0.631943 0.363953 0.00410389 0 0
 0.735681 0.248677 0.0153453 0.000297389 0
 0.695825 0.281241 0.0229344 0 0
 0.275771 0.60734 0.115278 0.00161068 0
 0 0 0 0 0
 0.896147 0.0623911 0.0374545 0.00400742 0
 0.803859 0.145111 0.0509908 3.86294e-05 0
 0.739449 0.233085 0.0266225 0.000797448 4.60066e-05
 0.878498 0.100942 0.0204185 0.000141795 0
 0.694673 0.275183 0.0284847 0.00165964 0
 0.469039 0.446079 0.0841089 0.000773354 0
ppred_PELACES
 0.78476 0.151946 0.0566102 0.00668012 3.39055e-06
 0.73789 0.208697 0.0377067 0.0140483 0.00165857
 0.588879 0.307705 0.0823417 0.0148772 0.00619717
 0.688521 0.189504 0.0912927 0.0244299 0.00625255
 0.708241 0.201891 0.0546759 0.0263399 0.00885253
 0.554292 0.315994 0.0897592 0.0243085 0.0156463
 0.667249 0.187061 0.10329 0.0293398 0.0130601
 0.611226 0.261164 0.0717379 0.0396116 0.0162603
 0.663604 0.20884 0.0856875 0.0235371 0.0183315
 0.641466 0.241645 0.0725669 0.0297744 0.0145484
 0.509206 0.319086 0.115728 0.0347537 0.021227
 0.524901 0.251207 0.145561 0.0527932 0.0255374
 0.686058 0.17057 0.0758078 0.0439265 0.0236381
 0.716416 0.201607 0.0445397 0.0197952 0.0176427
 0.806132 0.14697 0.033341 0.00736582 0.00619134
 0.796765 0.170514 0.024806 0.00562739 0.00228822
 0.659065 0.276503 0.0540578 0.00786422 0.00250948
 0.669704 0.222233 0.0876403 0.0171341 0.00328804
 0.662702 0.229015 0.0728567 0.0287319 0.00669518
 0.740181 0.174202 0.058131 0.0184933 0.00899248
 0.677519 0.240901 0.0546979 0.0182526 0.00863026
 0.674741 0.221554 0.0774696 0.0175899 0.00864507
 0.720657 0.18982 0.0609798 0.0213225 0.00722083
 0.66751 0.241318 0.0619534 0.0199026 0.00931598
 0.395828 0.406568 0.143419 0.0368199 0.0173651
pobs_pel_tallas
 0 0 0 0 0 0 0 0 0 0 0 0 0 0 0 0 0 0 0 0 0 0 0 0 0 0 0 0 0 0 0 0 0 0 0 0
 0 0 0 0 0 0 0 0 0 0 0 0 0 0 0 0 0 0 0 0 0 0 0 0 0 0 0 0 0 0 0 0 0 0 0 0
 0 0 0 0 0 0 0 0 0 0 0 0 0 0 0 0 0 0 0 0 0 0 0 0 0 0 0 0 0 0 0 0 0 0 0 0
 0 0 0 0 0 0 0 0 0 0 0 0 0 0 0 0 0 0 0 0 0 0 0 0 0 0 0 0 0 0 0 0 0 0 0 0
 0 0 0 0 0 0 0 0 0 0 0 0 0 0 0 0 0 0 0 0 0 0 0 0 0 0 0 0 0 0 0 0 0 0 0 0
 0 0 0 0 0 0 0 0 0 0 0 0 0 0 0 0 0 0 0 0 0 0 0 0 0 0 0 0 0 0 0 0 0 0 0 0
 0 0 0 0 0 0 0 0 0 0 0 0 0 0 0 0 0 0 0 0 0 0 0 0 0 0 0 0 0 0 0 0 0 0 0 0
 0 0 0 0 0 0 0 0 0 0 0 0 0 0 0 0 0 0 0 0 0 0 0 0 0 0 0 0 0 0 0 0 0 0 0 0
 0 0 0 0 0 0 0 0 0 0 0 0 0 0 0 0 0 0 0 0 0 0 0 0 0 0 0 0 0 0 0 0 0 0 0 0
 0 0 0 0 0 0 0 0 0 0 0 0 0 0 0 0 0 0 0 0 0 0 0 0 0 0 0 0 0 0 0 0 0 0 0 0
 0 0 0 0 0 0 0 0 1.78061e-05 0.00172719 0.00360574 0.0105946 0.0120993 0.0124554 0.0147524 0.0171206 0.0266825 0.0428682 0.0675386 0.121331 0.153587 0.119568 0.100827 0.0573624 0.0630603 0.0341343 0.0324427 0.0444173 0.0211091 0.0280891 0.0125444 0.00206551 0 0 0 0
 0 0 0 0 0 0 0 0 0 0 0 0 0 0 0 0 0 0 0 0 0 0 0 0 0 0 0 0 0 0 0 0 0 0 0 0
 0 0 0 0 0 0 0.0133647 0.0140871 0.0187388 0.0205184 0.03894 0.0496705 0.03968 0.0493445 0.0407372 0.0367815 0.0215668 0.0243155 0.0234873 0.0199281 0.019796 0.0243948 0.0301388 0.0376714 0.0412746 0.0863199 0.0771752 0.113111 0.0741005 0.0525337 0.0229764 0.00759418 0.00175318 0 0 0
 0 0 0 0 0 0 0 0 0 0 0.00219441 0.00772107 0.0458388 0.0604681 0.0671733 0.0775358 0.0609151 0.0617685 0.073594 0.0568108 0.0755445 0.0548602 0.0670107 0.0636378 0.0643287 0.046367 0.0373049 0.0286899 0.0247887 0.0153202 0.00654259 0.00121912 0.000365735 0 0 0
 0 0 0 0 0 0 0 0 0 0 0 0 0.000112435 0.00938835 0.0111873 0.0202946 0.0414886 0.0713402 0.111592 0.104902 0.108894 0.110636 0.117776 0.105296 0.107544 0.0401394 0.0192827 0.0124803 0.00416011 0.0028671 0.000618394 0 0 0 0 0
 0 0 0 0 0 0 0 0 0 0 0.00291406 0.0102884 0.027416 0.0768956 0.0749926 0.110853 0.0956884 0.0897413 0.0766577 0.0534642 0.0500743 0.0551293 0.0594112 0.0620874 0.0668451 0.0424026 0.0208742 0.0120726 0.0048766 0.00582813 0.00118941 0.000297354 0 0 0 0
 0 0.00264628 0.0354308 0.0461629 0.0458689 0.0383711 0.0214643 0.0164657 0.0346957 0.0420465 0.0363128 0.0245516 0.0311673 0.0291091 0.0169068 0.0133784 0.00837989 0.0085269 0.0148486 0.0160247 0.0276389 0.0546898 0.0760071 0.122758 0.109233 0.0665981 0.0333725 0.0166128 0.00676272 0.00308733 0.000882094 0 0 0 0 0
 0 0 0 0 0 0 0 0.000805153 0.000690131 0.00759144 0.0133425 0.0154129 0.00931677 0.000345066 0.00356568 0.00563607 0.00851162 0.0253048 0.0502646 0.0516448 0.0657925 0.0565908 0.0611916 0.0827007 0.0866115 0.110766 0.145733 0.0935128 0.0569358 0.0249597 0.0138026 0.00621118 0.00161031 0.00115022 0 0
 0 0 0 0 0 0 0 0 0 0 0 0 0 0 0 0 0 0 0 0 0 0 0 0 0 0 0 0 0 0 0 0 0 0 0 0
 0.00147267 0.00158595 0.00478618 0.00569244 0.00954404 0.0108468 0.00647125 0.017049 0.0510054 0.094081 0.124002 0.0959785 0.0687766 0.0820023 0.061753 0.0591476 0.0492212 0.0479892 0.0443925 0.0268479 0.0217502 0.0140895 0.0121071 0.0120363 0.00920419 0.00665534 0.0049561 0.00860946 0.00930331 0.0156896 0.0114698 0.00855282 0.00243557 0.00046729 0 2.83206e-05
 0 0 0 0 0.000772559 0.00158375 0.000888443 0.00281984 0.00712685 0.0440552 0.0773331 0.111326 0.0921469 0.0852325 0.0710754 0.0886704 0.0786465 0.0553345 0.0373146 0.0185414 0.00753245 0.00457741 0.012979 0.0271748 0.0457355 0.0583668 0.034881 0.0177882 0.00938659 0.00492506 0.0015258 0.00185414 0.000309023 5.79419e-05 3.86279e-05 0
 0 0.00173294 0.00326652 0 0.00397197 0.00683976 0.00946217 0.0152591 0.00757587 0.0136028 0.0228656 0.0392903 0.0559909 0.0764795 0.0681675 0.0726916 0.0566044 0.0477403 0.0527397 0.0444891 0.0609904 0.0582453 0.0661739 0.0445044 0.0529084 0.0360697 0.0280645 0.0235558 0.0158879 0.00826598 0.00280645 0.00217768 0.000904811 0.00058276 9.20147e-05 0
 0 0 0 0 0 0 0 0 0 0 0 0 0 0 0 0 0 0 0 0 0 0 0 0 0 0 0 0 0 0 0 0 0 0 0 0
 0 0 0 0 0 0 0 0 0 0 0 0 0 0 0 0 0 0 0 0 0 0 0 0 0 0 0 0 0 0 0 0 0 0 0 0
 0 0 0 0 0 0 0 0 0 0 0 0 0 0 0 0 0 0 0 0 0 0 0 0 0 0 0 0 0 0 0 0 0 0 0 0
ppred_pel_tallas
 1.01083e-16 3.42382e-05 0.000200955 0.00095526 0.00367782 0.011469 0.0289696 0.0592755 0.0982549 0.131951 0.143582 0.126633 0.0906125 0.05281 0.0254951 0.0110019 0.00558166 0.00482516 0.00603191 0.00801928 0.0103093 0.0126199 0.0146945 0.0162941 0.0172377 0.0174394 0.0169246 0.0158153 0.0142941 0.0125576 0.0107777 0.00907754 0.00752753 0.00615514 0.004961 0.00393377
 1.01164e-16 3.21966e-05 0.000188964 0.000898244 0.00345827 0.0107843 0.0272403 0.0557376 0.0923924 0.124084 0.135037 0.119133 0.0853247 0.0498877 0.024382 0.01103 0.00633277 0.00616091 0.00797216 0.0106229 0.0135999 0.0165463 0.0191163 0.0209898 0.0219332 0.0218522 0.0208113 0.0190101 0.0167292 0.0142615 0.0118536 0.0096717 0.00779622 0.00623784 0.00496462 0.0039278
 1.0207e-16 2.57032e-05 0.000150833 0.000716941 0.00276018 0.00860728 0.0217415 0.0444874 0.073748 0.0990575 0.107836 0.0952194 0.0683794 0.0403472 0.020405 0.0103933 0.00758688 0.00874036 0.0118356 0.0159108 0.020436 0.0249412 0.0289266 0.0319173 0.0335595 0.0336985 0.0324096 0.0299651 0.0267576 0.0232024 0.0196542 0.0163579 0.013441 0.0109358 0.008816 0.00703169
 1.0249e-16 3.00432e-05 0.000176324 0.000838151 0.00322691 0.0100628 0.0254179 0.0520086 0.0862111 0.115783 0.126003 0.111165 0.0796215 0.046561 0.0227728 0.0103348 0.00598941 0.00589461 0.00769328 0.0103373 0.0133688 0.0164743 0.0193446 0.0216818 0.0232525 0.023934 0.0237339 0.0227742 0.0212493 0.0193727 0.0173327 0.0152666 0.0132585 0.0113511 0.0095648 0.007913
 1.02161e-16 3.09035e-05 0.000181373 0.000862157 0.00331933 0.010351 0.0261459 0.0534982 0.0886805 0.119099 0.129613 0.114351 0.0819063 0.0479021 0.0234369 0.0106474 0.00618011 0.0060779 0.00790775 0.0105795 0.0136074 0.0166541 0.0193897 0.0215041 0.0227649 0.0230671 0.0224519 0.0210863 0.0192123 0.0170851 0.01492 0.0128633 0.0109888 0.0093137 0.0078241 0.00649658
 1.02944e-16 2.41953e-05 0.00014198 0.00067485 0.00259811 0.00810189 0.0204649 0.0418755 0.0694192 0.0932457 0.101516 0.0896551 0.0644193 0.0380825 0.0193932 0.0100975 0.00764476 0.00899194 0.0122448 0.0164928 0.021219 0.0259509 0.03018 0.0334205 0.0353074 0.0356769 0.0345963 0.0323317 0.0292698 0.0258194 0.0223278 0.0190335 0.0160594 0.0134371 0.0111445 0.00914126
 1.03146e-16 2.91156e-05 0.000170878 0.000812262 0.00312723 0.00975194 0.0246327 0.050402 0.0835482 0.112207 0.122113 0.107736 0.0771733 0.0451445 0.0221089 0.0100838 0.00591698 0.00589003 0.00772387 0.0104071 0.0134987 0.0166954 0.0196948 0.0222027 0.0239841 0.0249085 0.0249694 0.0242696 0.0229817 0.0212983 0.0193902 0.0173837 0.0153595 0.013365 0.0114314 0.00958769
 1.03225e-16 2.66756e-05 0.000156547 0.000744114 0.00286482 0.00893361 0.0225657 0.0461735 0.0765414 0.102804 0.111902 0.0987765 0.0708631 0.0416705 0.0208118 0.0101725 0.00690069 0.00761277 0.010217 0.0137443 0.0177037 0.0216934 0.0252944 0.0281078 0.0298329 0.0303318 0.0296542 0.0280096 0.0257036 0.0230574 0.0203412 0.0177366 0.015334 0.0131538 0.0111793 0.00938466
 1.0295e-16 2.89575e-05 0.000169948 0.000807836 0.00311018 0.00969877 0.0244984 0.0501275 0.0830937 0.111598 0.121456 0.107168 0.0767913 0.0449716 0.0221179 0.0102445 0.0062233 0.00635928 0.00838142 0.0112693 0.0145587 0.0179136 0.0209962 0.0234826 0.0251219 0.0257881 0.0254999 0.0244022 0.0227177 0.0206864 0.018515 0.0163492 0.0142706 0.0123128 0.0104839 0.00878583
 1.02812e-16 2.79934e-05 0.000164285 0.000780908 0.00300649 0.00937541 0.0236816 0.0484566 0.0803251 0.107883 0.117422 0.10363 0.074304 0.0436107 0.0216263 0.0103145 0.00666715 0.00712202 0.00948164 0.0127401 0.0164094 0.0201091 0.0234488 0.0260575 0.0276546 0.0281102 0.0274678 0.02592 0.0237495 0.0212552 0.0186904 0.0162277 0.0139562 0.0118998 0.010047 0.00837615
 1.03933e-16 2.22295e-05 0.000130438 0.000619981 0.00238685 0.00744308 0.0188008 0.0384707 0.0637758 0.0856684 0.0932749 0.0823959 0.0592452 0.0351084 0.0180359 0.00964882 0.00762229 0.00917732 0.0125837 0.0170035 0.0219463 0.0269476 0.0314986 0.0351069 0.0373949 0.0381797 0.0375041 0.0356065 0.0328451 0.0296032 0.0262091 0.0228917 0.0197756 0.0169053 0.014281 0.0118901
 1.05156e-16 2.29112e-05 0.000134447 0.00063905 0.0024603 0.00767212 0.0193793 0.0396538 0.065735 0.0882935 0.0961158 0.0848644 0.0609308 0.0359283 0.0181291 0.00917462 0.00664134 0.00765034 0.0104283 0.0141569 0.0184144 0.0228381 0.0270335 0.0306084 0.0332449 0.0347608 0.035135 0.0344885 0.0330327 0.0310048 0.0286144 0.0260161 0.0233096 0.0205579 0.0178104 0.01512
 1.03746e-16 2.9935e-05 0.00017569 0.000835143 0.00321533 0.0100267 0.0253267 0.0518219 0.0859011 0.115365 0.125544 0.11075 0.0793022 0.0463301 0.0225775 0.0101076 0.00566753 0.00542516 0.00703415 0.00946139 0.0122722 0.0151853 0.0179285 0.0202401 0.0219134 0.0228367 0.0230095 0.0225272 0.0215436 0.0202244 0.0187097 0.0170952 0.0154336 0.0137492 0.0120572 0.0103778
 1.02203e-16 3.12599e-05 0.000183466 0.000872105 0.00335763 0.0104705 0.0264476 0.0541156 0.0897037 0.120473 0.131107 0.115667 0.082844 0.0484406 0.0236815 0.010726 0.00617922 0.00603564 0.00783188 0.010464 0.0134408 0.0164234 0.0190826 0.021111 0.022281 0.0224946 0.0218014 0.0203769 0.0184711 0.0163445 0.0142142 0.0122242 0.0104419 0.00887574 0.00750102 0.00628404
 1.01064e-16 3.51698e-05 0.000206425 0.000981267 0.00377796 0.0117812 0.0297584 0.0608893 0.10093 0.135542 0.147487 0.13007 0.0930573 0.0542052 0.0261125 0.0111708 0.00552236 0.0046313 0.00571909 0.0075701 0.00969774 0.0118224 0.0136959 0.0150913 0.015842 0.0158776 0.0152378 0.0140567 0.0125246 0.0108417 0.00917675 0.00764441 0.00630144 0.00515808 0.00419649 0.00338819
 1.00709e-16 3.47623e-05 0.000204031 0.000969878 0.0037341 0.0116444 0.0294129 0.0601826 0.0997589 0.133972 0.145784 0.128582 0.092022 0.0536612 0.0259606 0.0112938 0.00585676 0.00517135 0.00648826 0.00859169 0.0109738 0.0133207 0.0153453 0.0167856 0.0174533 0.0172761 0.0163132 0.0147362 0.0127832 0.0107015 0.00869896 0.0069148 0.00541455 0.00420355 0.00324947 0.0025045
 1.01245e-16 2.87623e-05 0.000168796 0.000802345 0.00308901 0.00963276 0.0243317 0.0497869 0.0825311 0.110848 0.120655 0.106497 0.0763878 0.0448911 0.0223666 0.0108401 0.0072267 0.00786664 0.0104918 0.0140444 0.0179844 0.0218709 0.0252499 0.0276964 0.0288996 0.0287342 0.0272861 0.0248224 0.0217188 0.0183689 0.0151061 0.0121574 0.0096349 0.00755681 0.00588218 0.00454503
 1.02059e-16 2.92241e-05 0.000171511 0.000815267 0.00313879 0.00978798 0.0247237 0.0505886 0.0838584 0.112626 0.122577 0.108163 0.0775171 0.0454222 0.0223866 0.0104473 0.00645061 0.00666872 0.00880666 0.0118259 0.0152429 0.018698 0.0218275 0.0242839 0.0258005 0.0262475 0.0256547 0.0241906 0.0221107 0.019691 0.0171724 0.0147275 0.0124557 0.0103979 0.00856015 0.00693438
 1.02409e-16 2.89189e-05 0.00016972 0.000806747 0.00310598 0.00968567 0.0244653 0.0500599 0.0829823 0.11145 0.121299 0.10704 0.0767225 0.0449771 0.0222051 0.0104257 0.00652132 0.00680462 0.0090038 0.0120866 0.0155658 0.0190743 0.0222399 0.024709 0.0262137 0.0266285 0.0259931 0.0244889 0.0223841 0.0199642 0.0174727 0.0150783 0.0128709 0.0108787 0.00909502 0.00750172
 1.01938e-16 3.22952e-05 0.000189546 0.000901015 0.00346896 0.0108176 0.0273244 0.0559095 0.0926763 0.124462 0.135441 0.119472 0.0855282 0.0499282 0.0242563 0.0107293 0.00582657 0.00540119 0.00690983 0.00922818 0.0118816 0.0145668 0.0169962 0.0189001 0.0200739 0.0204209 0.0199695 0.0188557 0.0172811 0.0154609 0.0135787 0.0117621 0.0100792 0.00855217 0.00717707 0.00594179
 1.01886e-16 2.95655e-05 0.000173514 0.000824785 0.00317543 0.00990224 0.0250124 0.0511793 0.084838 0.113943 0.124013 0.109437 0.0784449 0.0459954 0.0227231 0.0106927 0.00671575 0.00701977 0.00927598 0.0124194 0.0159389 0.0194448 0.0225433 0.0248649 0.0261363 0.026241 0.0252423 0.0233569 0.0208933 0.0181754 0.0154765 0.0129814 0.0107816 0.00889354 0.00728945 0.00592532
 1.02181e-16 2.94437e-05 0.000172801 0.000821396 0.00316239 0.00986158 0.0249096 0.050969 0.0844889 0.113473 0.123497 0.108973 0.0780935 0.0457514 0.0225328 0.010488 0.00643756 0.00662349 0.00873195 0.011716 0.0150893 0.0184924 0.0215635 0.0239584 0.0254156 0.0258113 0.0251814 0.0237005 0.0216279 0.0192416 0.0167808 0.0144134 0.0122318 0.0102682 0.0085198 0.00697097
 1.01998e-16 3.14445e-05 0.00018455 0.000877262 0.00337749 0.0105324 0.026604 0.0544355 0.0902337 0.121184 0.131878 0.116341 0.0833125 0.0486865 0.0237499 0.0106702 0.00602887 0.00579519 0.00749384 0.0100225 0.0129014 0.0158081 0.0184308 0.0204757 0.0217208 0.022062 0.0215321 0.020282 0.0185342 0.0165255 0.0144583 0.0124727 0.0106435 0.00899402 0.00751856 0.00620186
 1.02078e-16 2.91291e-05 0.000170952 0.000812605 0.00312853 0.009756 0.024643 0.0504235 0.0835852 0.112261 0.122183 0.107825 0.077296 0.0453346 0.0224209 0.0105915 0.00670854 0.00705789 0.00934742 0.0125285 0.0160964 0.0196633 0.0228358 0.0252427 0.0266078 0.0268097 0.0259052 0.0241038 0.0217069 0.0190322 0.0163488 0.01384 0.0115985 0.00964525 0.00795838 0.00650119
 1.04245e-16 1.72894e-05 0.000101427 0.000482039 0.00185571 0.00578671 0.0146171 0.0299112 0.049591 0.0666291 0.0725844 0.0642118 0.0463734 0.0278891 0.0150798 0.00928058 0.00875901 0.0114103 0.0159006 0.0215226 0.0277588 0.0340395 0.0397179 0.0441656 0.0469023 0.0476992 0.0466194 0.0439785 0.0402474 0.0359305 0.0314615 0.0271444 0.0231461 0.0195254 0.0162789 0.0133814
pSPR Fmed_Fpbrs
0.638162   0.340505 0.340505
Fs Fmed_Fpbrs
0.298109   1.005 1.005
SSBpbr Bo_Bmed_Bpbrs
1.13646e+06  668421  330146 330146
Ro
47098.7
SPR SPRFo_SPRFmed_SPRFpbrs
967302 617296 329372
log_Ro
10.58
likeval ReclasPelacesDesembMPH_pf_preclas_ppelaces_ptallas_desvR_qrecl_qpela
 60.5909 19.4106 0.0151771 0.0002264 314.751 194.875 77.5366 0 15.6678 4.77893e-05 2.06913e-05 0 0 0 0
q_reclas_q_pelaces
0.375462 1.9101
M
0.7
N
 51241.9 13877 5170.1 610.083 0.309653
 63083.4 23324.4 4214.18 1570.07 185.365
 37695.8 29221.7 7819.72 1412.84 588.525
 56866.9 16898.5 8140.77 2178.47 557.554
 95663.2 27681.1 7496.57 3611.44 1213.76
 71179.3 47316.1 13440.3 3639.89 2342.84
 109914 33963.6 18753.7 5327.04 2371.24
 102416 53216.7 14617.8 8071.54 3313.32
 122480 48338.8 19833.6 5447.99 4243.08
 126795 57350 17222.4 7066.41 3452.79
 65530.6 60043.5 21777 6539.73 3994.37
 43026.4 29486.9 17086.1 6196.91 2997.6
 44082.5 19465.7 8651.33 5012.98 2697.63
 23457.4 18861 4166.84 1851.9 1650.53
 16204.9 8872.86 2012.86 444.689 373.784
 18224.2 6050.88 880.271 199.695 81.2001
 14261.5 8075.41 1578.78 229.678 73.2905
 16105.9 6551.85 2583.8 505.146 96.9375
 18547.6 7585.98 2413.34 951.727 221.774
 31511 8816.01 2941.88 935.904 455.09
 38865 14960.7 3396.91 1133.54 535.965
 51862.8 18904.9 6610.37 1500.92 737.671
 84149.8 25063.8 8051.76 2815.42 953.437
 99539.4 40473.3 10390.7 3338.02 1562.46
 41539 47942.1 16911.8 4341.76 2047.67
pred_Ctot
 3088.01 3987.25 1485.52 175.295 0.0889723
 3060.16 5573.51 1007 375.177 44.2942
 2652.46 9534.52 2551.43 460.985 192.025
 809.327 1304.56 628.467 168.177 43.0431
 273.45 443.331 120.063 57.8397 19.4392
 2007.52 6958.41 1976.56 535.29 344.542
 1979.45 3282.52 1812.51 514.849 229.177
 3659.35 9707.06 2666.39 1472.3 604.371
 5045.21 10010.8 4107.46 1128.26 878.725
 4241.69 9857.14 2960.14 1214.55 593.454
 4448.99 19031.5 6902.49 2072.85 1266.06
 2767.25 8941.52 5181.13 1879.13 908.983
 4425.64 8351.62 3711.78 2150.78 1157.39
 4083.28 11577.3 2557.7 1136.74 1013.13
 2938.75 5571.14 1263.85 279.214 234.693
 1420.54 2142.1 311.628 70.6948 28.746
 771.296 2118.28 414.135 60.2475 19.225
 598.465 1237.89 488.176 95.4409 18.3151
 572.7 1212.21 385.64 152.082 35.4385
 997.865 1441.59 481.055 153.038 74.416
 572.601 1193.93 271.089 90.4619 42.7726
 1001.64 1952.22 682.622 154.993 76.1758
 1906.83 3008.1 966.355 337.9 114.429
 2158.39 4661.1 1196.64 384.422 179.94
 893.657 5480.58 1933.3 496.336 234.083
F
 0.087058 0.491775 0.491775 0.491775 0.491775
 0.0695455 0.39285 0.39285 0.39285 0.39285
 0.102327 0.578028 0.578028 0.578028 0.578028
 0.0199647 0.112777 0.112777 0.112777 0.112777
 0.00398171 0.0224919 0.0224919 0.0224919 0.0224919
 0.0399131 0.225462 0.225462 0.225462 0.225462
 0.025323 0.143045 0.143045 0.143045 0.143045
 0.0508064 0.286996 0.286996 0.286996 0.286996
 0.0587774 0.332023 0.332023 0.332023 0.332023
 0.0474997 0.268317 0.268317 0.268317 0.268317
 0.0985701 0.556805 0.556805 0.556805 0.556805
 0.0931582 0.526234 0.526234 0.526234 0.526234
 0.148969 0.841499 0.841499 0.841499 0.841499
 0.272187 1.53754 1.53754 1.53754 1.53754
 0.285108 1.61052 1.61052 1.61052 1.61052
 0.113926 0.643549 0.643549 0.643549 0.643549
 0.0778151 0.439564 0.439564 0.439564 0.439564
 0.0528848 0.298737 0.298737 0.298737 0.298737
 0.0437707 0.247253 0.247253 0.247253 0.247253
 0.0449128 0.253704 0.253704 0.253704 0.253704
 0.0206742 0.116785 0.116785 0.116785 0.116785
 0.027179 0.15353 0.15353 0.15353 0.15353
 0.0319557 0.180512 0.180512 0.180512 0.180512
 0.0305603 0.17263 0.17263 0.17263 0.17263
 0.0303174 0.171258 0.171258 0.171258 0.171258
nmprior
 10.6 11 7 0
nm_flota  nm_reclas  nm_pelaces    nm_pelaL
inf 16.0289 19.0995 46.273
cv_recla  cv_pelaces  cv_mph
0.70409 0.499564 0.488176
 ------------------------------------------------
Talla a la edad & desviación 
 7.2 14.2025 17.0495 18.207 18.6776
 1.08 2.13037 2.55742 2.73105 2.80164
