years
 1997 1998 1999 2000 2001 2002 2003 2004 2005 2006 2007 2008 2009 2010 2011 2012 2013 2014 2015 2016 2017 2018 2019 2020 2021
reclasobs
 0 0 0 370054 412103 1.49427e+06 250295 1.28982e+06 931140 785840 897777 1.04006e+06 184774 17550 25797 100020 73551 82996 120727 218422 84188 347160 605670 569463 516374
reclaspred
 491206 124543 317176 219703 351336 418010 913051 623444 713390 727010 594712 407432 259691 109924 65158.1 63144.7 77452.8 101673 107473 153681 225755 209236 364582 454428 458827
pelacesobs
 0 0 0 0 0 0 0 0 0 2.06254e+06 1.5e+06 0 1.87456e+06 323000 250000 174000 83755 137374 0 501740 490994 745055 786931 1.00524e+06 1.33801e+06
pelacespred
 2.13068e+06 449753 720253 767718 1.07954e+06 1.00219e+06 2.69474e+06 2.13697e+06 2.25034e+06 2.28124e+06 1.62303e+06 1.16129e+06 737952 243730 148965 154774 199653 272358 286339 409478 689494 598521 828316 1.23578e+06 1.26133e+06
mphobs
 0 0 0 0 0 112323 0 153150 637223 0 255016 313432 73983 77613 109348 50772 0 0 0 0 0 0 0 0 0
mphpred
 189641 104256 113991 113723 129683 217274 312228 372261 321724 342935 358194 248633 156260 83260.3 34544.9 26897 32395.6 42951.1 52455.8 60406.1 92512 111018 139815 199558 254117
desembarqueobs
 350755 77701 442110 56441 14545 235359 269955 359681 431902 328805 639364 411747 362871 311530 167758 66681 60226 58785 57116 73181 50977 67692 138656 160484 209506
desembarquepred
 350761 77697.9 442077 56442.5 14545 235410 269995 359645 431906 328796 639268 411779 362948 311607 167587 66672.3 60244.4 58773.5 57099.2 73174 50976.7 67678.6 138651 160482 209498
Reclutas
 38292.8 47565.1 23794.2 38962.7 68702.5 49130.4 80626.2 82617.4 106409 125169 65116.9 45945.4 47512.5 24021.5 14548.7 15021.3 10894.1 12085.5 13740.8 23066 27998.8 37835.5 60761.1 68164.5 23990.1
log_desv_Rt
 0.0330163 0.249854 -0.442804 0.050361 0.61754 0.282234 0.777578 0.801975 1.05505 1.21742 0.56394 0.215209 0.248749 -0.433295 -0.934741 -0.902773 -1.22402 -1.12024 -0.991872 -0.473887 -0.280082 0.0210027 0.494705 0.60968 -0.434606
SSB
 530998 291920 319178 318427 363115 608373 874245 1.04234e+06 900836 960226 1.00295e+06 696178 437532 233131 96726.5 75312.2 90708.5 120264 146878 169139 259036 310852 391485 558767 711535
BT
 1.68652e+06 430601 715971 567649 725161 847821 1.96459e+06 1.81712e+06 1.88193e+06 1.82169e+06 1.64171e+06 1.14228e+06 837864 451000 235483 156447 179685 227055 237576 329069 497165 459205 641546 947038 1.00404e+06
Ftot
 0.597459 0.557498 0.953733 0.213169 0.0378336 0.357522 0.234152 0.458865 0.516027 0.377955 0.709405 0.667119 1.05457 1.89348 2.14591 0.91422 0.637701 0.45963 0.384889 0.40035 0.178882 0.233465 0.274874 0.265731 0.275972
BD_Bspro_t
 0.927384 0.677521 0.599846 0.420048 0.58001 0.748806 0.698627 0.7079 0.644004 0.614076 0.595382 0.432367 0.327344 0.228917 0.12187 0.117875 0.186021 0.301326 0.401487 0.495864 0.626058 0.724428 0.736315 0.74418 0.7383
BD_Bspro
 0.697849 0.383647 0.41947 0.418483 0.477213 0.799537 1.14895 1.36987 1.1839 1.26195 1.3181 0.914931 0.575014 0.306386 0.12712 0.0989769 0.119211 0.158054 0.193029 0.222286 0.340431 0.408528 0.514498 0.734343 0.935115
BD_Bo
 0.570966 0.313892 0.343202 0.342394 0.390446 0.654164 0.940048 1.1208 0.96864 1.0325 1.07844 0.748578 0.470464 0.250678 0.104007 0.0809809 0.097536 0.129316 0.157933 0.18187 0.278533 0.334249 0.420952 0.600824 0.765091
BD_Brms
 1.93007 1.06107 1.16015 1.15742 1.31985 2.21131 3.1777 3.7887 3.27435 3.49023 3.64552 2.53046 1.59034 0.847383 0.351581 0.273745 0.329707 0.437136 0.53387 0.614785 0.941543 1.12988 1.42297 2.031 2.58629
S_f
 0.159836 1 1 1 1
 0.159836 1 1 1 1
 0.159836 1 1 1 1
 0.159836 1 1 1 1
 0.159836 1 1 1 1
 0.159836 1 1 1 1
 0.159836 1 1 1 1
 0.159836 1 1 1 1
 0.159836 1 1 1 1
 0.159836 1 1 1 1
 0.159836 1 1 1 1
 0.159836 1 1 1 1
 0.159836 1 1 1 1
 0.159836 1 1 1 1
 0.159836 1 1 1 1
 0.159836 1 1 1 1
 0.159836 1 1 1 1
 0.159836 1 1 1 1
 0.159836 1 1 1 1
 0.159836 1 1 1 1
 0.159836 1 1 1 1
 0.159836 1 1 1 1
 0.159836 1 1 1 1
 0.159836 1 1 1 1
 0.159836 1 1 1 1
Scru_reclas
 0.89902 1 1 1 1
 0.89902 1 1 1 1
 0.89902 1 1 1 1
 0.89902 1 1 1 1
 0.89902 1 1 1 1
 0.89902 1 1 1 1
 0.89902 1 1 1 1
 0.89902 1 1 1 1
 0.89902 1 1 1 1
 0.89902 1 1 1 1
 0.89902 1 1 1 1
 0.89902 1 1 1 1
 0.89902 1 1 1 1
 0.89902 1 1 1 1
 0.89902 1 1 1 1
 0.89902 1 1 1 1
 0.89902 1 1 1 1
 0.89902 1 1 1 1
 0.89902 1 1 1 1
 0.89902 1 1 1 1
 0.89902 1 1 1 1
 0.89902 1 1 1 1
 0.89902 1 1 1 1
 0.89902 1 1 1 1
 0.89902 1 1 1 1
Scru_pelaces
 1 1 1 1 1
 1 1 1 1 1
 1 1 1 1 1
 1 1 1 1 1
 1 1 1 1 1
 1 1 1 1 1
 1 1 1 1 1
 1 1 1 1 1
 1 1 1 1 1
 1 1 1 1 1
 1 1 1 1 1
 1 1 1 1 1
 1 1 1 1 1
 1 1 1 1 1
 1 1 1 1 1
 1 1 1 1 1
 1 1 1 1 1
 1 1 1 1 1
 1 1 1 1 1
 1 1 1 1 1
 1 1 1 1 1
 1 1 1 1 1
 1 1 1 1 1
 1 1 1 1 1
 1 1 1 1 1
pf_obs 
 0.256992 0.487395 0.22802 0.0275931 0
 0.321318 0.546541 0.124235 0.00734118 0.000564706
 0.182869 0.594174 0.210203 0.0122559 0.00049798
 0.330522 0.361315 0.267642 0.0388342 0.00168674
 0.649043 0.306663 0.0425973 0.00169635 0
 0.582887 0.30429 0.105238 0.00758474 0
 0.465427 0.430635 0.0974691 0.00646863 0
 0.296916 0.608066 0.0921331 0.00288517 0
 0.311714 0.524322 0.152257 0.0117073 0
 0.15457 0.633149 0.183074 0.0267441 0.00246327
 0.131901 0.49318 0.331252 0.0422183 0.00144891
 0.196976 0.569456 0.194076 0.0375587 0.00193317
 0.518974 0.381816 0.0799577 0.0180837 0.00116848
 0.0928022 0.601141 0.25162 0.0475244 0.00691264
 0.122501 0.610282 0.24278 0.0234846 0.000952079
 0.383417 0.481906 0.127806 0.00687128 0
 0.0376549 0.599619 0.316969 0.0457579 0
 0.0361596 0.667082 0.258105 0.0386534 0
 0.158088 0.579412 0.248529 0.0139706 0
 0.0477256 0.309471 0.559284 0.082774 0.000745712
 0.0406174 0.521527 0.379366 0.0568643 0.0016247
 0.151134 0.462217 0.34131 0.0453401 0
 0.294876 0.26143 0.354403 0.0886775 0.000613685
 0.281977 0.475581 0.204845 0.0348837 0.00271318
 0.0354234 0.537034 0.353287 0.0723622 0.0018943
pf_pred 
 0.300975 0.490686 0.186169 0.0221603 9.80839e-06
 0.295136 0.552106 0.10723 0.0406837 0.00484485
 0.158047 0.652469 0.148419 0.028826 0.0122392
 0.302981 0.456813 0.186146 0.0423433 0.0117157
 0.308925 0.518766 0.112928 0.0460169 0.0133638
 0.162996 0.619427 0.163328 0.0355541 0.0186953
 0.26475 0.434885 0.222286 0.0586112 0.0194678
 0.223772 0.555682 0.130449 0.0666772 0.0234207
 0.270327 0.505494 0.160484 0.0376743 0.0260207
 0.260559 0.553789 0.128614 0.0408323 0.0162061
 0.141461 0.623106 0.176323 0.04095 0.0181607
 0.159958 0.49937 0.247251 0.0699657 0.0234554
 0.246661 0.469815 0.168543 0.0834501 0.0315307
 0.209622 0.614908 0.109431 0.0392576 0.0267817
 0.289067 0.584008 0.0987473 0.0175733 0.0106052
 0.362171 0.568705 0.0567833 0.00960124 0.00273981
 0.222506 0.660249 0.104539 0.0104379 0.00226852
 0.248358 0.533946 0.184868 0.0292706 0.00355776
 0.245716 0.543912 0.149442 0.0517415 0.00918812
 0.320095 0.483129 0.141894 0.0389862 0.0158952
 0.257842 0.579967 0.11525 0.0338489 0.0130919
 0.255063 0.52367 0.172911 0.0343607 0.0139949
 0.294761 0.497511 0.146027 0.0482167 0.0134841
 0.237245 0.571268 0.135084 0.0396493 0.016753
 0.0824779 0.631709 0.214061 0.0506178 0.0211347
pobs_RECLAS
 0 0 0 0 0
 0 0 0 0 0
 0 0 0 0 0
 0 0 0 0 0
 0.835266 0.146461 0.0176864 0.000547809 3.91292e-05
 0.385257 0.428462 0.181853 0.0044286 0
 0.867414 0.0963971 0.0333333 0.00285562 0
 0.441836 0.489002 0.0689373 0.000224442 0
 0.779404 0.147425 0.0564933 0.0165055 0.000172143
 0.814271 0.122319 0.05973 0.00367925 0
 0.40263 0.566651 0.0304383 0.000280538 0
 0.475488 0.404961 0.113038 0.00651328 0
 0.955842 0.0263864 0.0167828 0.000988607 0
 0.975058 0.0227948 0.00214734 0 0
 0.738997 0.206755 0.0527124 0.00153531 0
 0.850938 0.134255 0.0134407 0.00136685 0
 0.542534 0.407297 0.0501686 0 0
 0.764087 0.199537 0.0359546 0.000420521 0
 0.470689 0.182191 0.310203 0.0369168 0
 0.84361 0.089868 0.0606195 0.00523954 0.000663233
 0.607945 0.314616 0.071237 0.00620181 0
 0.523733 0.453247 0.0230204 0 0
 0.530135 0.295979 0.169645 0.0042399 0
 0.562478 0.366248 0.0663022 0.0049721 0
 0.250443 0.683176 0.0655157 0.000865301 0
ppred_RECLAS
 0.716557 0.198965 0.0754883 0.00898561 3.97714e-06
 0.710088 0.227082 0.0441039 0.0167333 0.0019927
 0.533869 0.361227 0.0821693 0.015959 0.00677596
 0.712215 0.188609 0.076856 0.0174827 0.00483717
 0.715836 0.213312 0.046435 0.0189217 0.00549509
 0.528331 0.34906 0.0920384 0.0200354 0.0105352
 0.672447 0.193741 0.0990281 0.0261112 0.00867287
 0.625716 0.26794 0.0629001 0.0321506 0.0112931
 0.683452 0.219294 0.0696213 0.0163439 0.0112884
 0.669974 0.247166 0.057403 0.0182242 0.00723309
 0.494492 0.366884 0.103819 0.0241114 0.010693
 0.529553 0.279661 0.138468 0.0391828 0.0131357
 0.669196 0.206304 0.0740102 0.0366444 0.0138457
 0.651229 0.271341 0.0482887 0.0173233 0.011818
 0.750175 0.205223 0.0347002 0.00617535 0.0037267
 0.77519 0.200446 0.0200139 0.00338407 0.000965676
 0.627815 0.31606 0.0500425 0.00499658 0.00108594
 0.657095 0.24359 0.0843382 0.0133535 0.00162308
 0.652509 0.250575 0.0688467 0.0238368 0.00423288
 0.730973 0.191166 0.0561452 0.0154262 0.00628946
 0.663716 0.262792 0.0522218 0.0153375 0.00593217
 0.661249 0.238133 0.0786292 0.0156251 0.00636402
 0.704979 0.208123 0.0610872 0.0201704 0.00564078
 0.639918 0.269684 0.0637707 0.0187177 0.00790879
 0.339487 0.454759 0.1541 0.0364391 0.0152146
pobs_PELACES
 0 0 0 0 0
 0 0 0 0 0
 0 0 0 0 0
 0 0 0 0 0
 0 0 0 0 0
 0 0 0 0 0
 0 0 0 0 0
 0 0 0 0 0
 0 0 0 0 0
 0 0 0 0 0
 0.450072 0.473896 0.0757376 0.000293798 0
 0 0 0 0 0
 0.463077 0.371075 0.160297 0.00555027 0
 0.529543 0.364841 0.0842815 0.0213345 0
 0.631943 0.363953 0.00410389 0 0
 0.735681 0.248677 0.0153453 0.000297389 0
 0.695825 0.281241 0.0229344 0 0
 0.275771 0.60734 0.115278 0.00161068 0
 0 0 0 0 0
 0.896147 0.0623911 0.0374545 0.00400742 0
 0.803859 0.145111 0.0509908 3.86294e-05 0
 0.739449 0.233085 0.0266225 0.000797448 4.60066e-05
 0.878498 0.100942 0.0204185 0.000141795 0
 0.694673 0.275183 0.0284847 0.00165964 0
 0.469039 0.446079 0.0841089 0.000773354 0
ppred_PELACES
 0.768444 0.162543 0.0616695 0.00734072 3.24909e-06
 0.760756 0.187394 0.0363958 0.0138088 0.00164443
 0.624 0.29138 0.0662811 0.0128731 0.00546577
 0.744924 0.167172 0.0681209 0.0154957 0.0042874
 0.739012 0.195915 0.0426478 0.0173785 0.00504692
 0.579085 0.311499 0.0821345 0.0178795 0.00940155
 0.709023 0.172107 0.0879702 0.0231956 0.00770443
 0.678646 0.230049 0.0540051 0.027604 0.00969605
 0.734817 0.18371 0.0583241 0.0136919 0.00945664
 0.7149 0.213519 0.0495887 0.0157434 0.00624844
 0.569817 0.312216 0.0883491 0.0205186 0.00909967
 0.60103 0.237171 0.11743 0.0332295 0.0111399
 0.750893 0.155354 0.0557322 0.0275945 0.0104263
 0.778314 0.17247 0.0306932 0.011011 0.00751175
 0.858266 0.11643 0.0196866 0.00350349 0.00211429
 0.831707 0.150054 0.0149824 0.00253332 0.000722907
 0.69128 0.262165 0.0415093 0.00414457 0.000900763
 0.707704 0.207639 0.0718908 0.0113827 0.00138353
 0.699148 0.216943 0.0596062 0.0206375 0.00366475
 0.771538 0.162342 0.0476795 0.0131002 0.00534112
 0.69761 0.236305 0.0469583 0.0137916 0.00533427
 0.698474 0.211964 0.0699886 0.0139081 0.00566468
 0.7415 0.182359 0.0535251 0.0176735 0.0049425
 0.680296 0.239443 0.0566197 0.0166188 0.00702193
 0.381635 0.425741 0.144267 0.0341139 0.0142437
pobs_pel_tallas
 0 0 0 0 0 0 0 0 0 0 0 0 0 0 0 0 0 0 0 0 0 0 0 0 0 0 0 0 0 0 0 0 0 0 0 0
 0 0 0 0 0 0 0 0 0 0 0 0 0 0 0 0 0 0 0 0 0 0 0 0 0 0 0 0 0 0 0 0 0 0 0 0
 0 0 0 0 0 0 0 0 0 0 0 0 0 0 0 0 0 0 0 0 0 0 0 0 0 0 0 0 0 0 0 0 0 0 0 0
 0 0 0 0 0 0 0 0 0 0 0 0 0 0 0 0 0 0 0 0 0 0 0 0 0 0 0 0 0 0 0 0 0 0 0 0
 0 0 0 0 0 0 0 0 0 0 0 0 0 0 0 0 0 0 0 0 0 0 0 0 0 0 0 0 0 0 0 0 0 0 0 0
 0 0 0 0 0 0 0 0 0 0 0 0 0 0 0 0 0 0 0 0 0 0 0 0 0 0 0 0 0 0 0 0 0 0 0 0
 0 0 0 0 0 0 0 0 0 0 0 0 0 0 0 0 0 0 0 0 0 0 0 0 0 0 0 0 0 0 0 0 0 0 0 0
 0 0 0 0 0 0 0 0 0 0 0 0 0 0 0 0 0 0 0 0 0 0 0 0 0 0 0 0 0 0 0 0 0 0 0 0
 0 0 0 0 0 0 0 0 0 0 0 0 0 0 0 0 0 0 0 0 0 0 0 0 0 0 0 0 0 0 0 0 0 0 0 0
 0 0 0 0 0 0 0 0 0 0 0 0 0 0 0 0 0 0 0 0 0 0 0 0 0 0 0 0 0 0 0 0 0 0 0 0
 0 0 0 0 0 0 0 0 1.78061e-05 0.00172719 0.00360574 0.0105946 0.0120993 0.0124554 0.0147524 0.0171206 0.0266825 0.0428682 0.0675386 0.121331 0.153587 0.119568 0.100827 0.0573624 0.0630603 0.0341343 0.0324427 0.0444173 0.0211091 0.0280891 0.0125444 0.00206551 0 0 0 0
 0 0 0 0 0 0 0 0 0 0 0 0 0 0 0 0 0 0 0 0 0 0 0 0 0 0 0 0 0 0 0 0 0 0 0 0
 0 0 0 0 0 0 0.0133647 0.0140871 0.0187388 0.0205184 0.03894 0.0496705 0.03968 0.0493445 0.0407372 0.0367815 0.0215668 0.0243155 0.0234873 0.0199281 0.019796 0.0243948 0.0301388 0.0376714 0.0412746 0.0863199 0.0771752 0.113111 0.0741005 0.0525337 0.0229764 0.00759418 0.00175318 0 0 0
 0 0 0 0 0 0 0 0 0 0 0.00219441 0.00772107 0.0458388 0.0604681 0.0671733 0.0775358 0.0609151 0.0617685 0.073594 0.0568108 0.0755445 0.0548602 0.0670107 0.0636378 0.0643287 0.046367 0.0373049 0.0286899 0.0247887 0.0153202 0.00654259 0.00121912 0.000365735 0 0 0
 0 0 0 0 0 0 0 0 0 0 0 0 0.000112435 0.00938835 0.0111873 0.0202946 0.0414886 0.0713402 0.111592 0.104902 0.108894 0.110636 0.117776 0.105296 0.107544 0.0401394 0.0192827 0.0124803 0.00416011 0.0028671 0.000618394 0 0 0 0 0
 0 0 0 0 0 0 0 0 0 0 0.00291406 0.0102884 0.027416 0.0768956 0.0749926 0.110853 0.0956884 0.0897413 0.0766577 0.0534642 0.0500743 0.0551293 0.0594112 0.0620874 0.0668451 0.0424026 0.0208742 0.0120726 0.0048766 0.00582813 0.00118941 0.000297354 0 0 0 0
 0 0.00264628 0.0354308 0.0461629 0.0458689 0.0383711 0.0214643 0.0164657 0.0346957 0.0420465 0.0363128 0.0245516 0.0311673 0.0291091 0.0169068 0.0133784 0.00837989 0.0085269 0.0148486 0.0160247 0.0276389 0.0546898 0.0760071 0.122758 0.109233 0.0665981 0.0333725 0.0166128 0.00676272 0.00308733 0.000882094 0 0 0 0 0
 0 0 0 0 0 0 0 0.000805153 0.000690131 0.00759144 0.0133425 0.0154129 0.00931677 0.000345066 0.00356568 0.00563607 0.00851162 0.0253048 0.0502646 0.0516448 0.0657925 0.0565908 0.0611916 0.0827007 0.0866115 0.110766 0.145733 0.0935128 0.0569358 0.0249597 0.0138026 0.00621118 0.00161031 0.00115022 0 0
 0 0 0 0 0 0 0 0 0 0 0 0 0 0 0 0 0 0 0 0 0 0 0 0 0 0 0 0 0 0 0 0 0 0 0 0
 0.00147267 0.00158595 0.00478618 0.00569244 0.00954404 0.0108468 0.00647125 0.017049 0.0510054 0.094081 0.124002 0.0959785 0.0687766 0.0820023 0.061753 0.0591476 0.0492212 0.0479892 0.0443925 0.0268479 0.0217502 0.0140895 0.0121071 0.0120363 0.00920419 0.00665534 0.0049561 0.00860946 0.00930331 0.0156896 0.0114698 0.00855282 0.00243557 0.00046729 0 2.83206e-05
 0 0 0 0 0.000772559 0.00158375 0.000888443 0.00281984 0.00712685 0.0440552 0.0773331 0.111326 0.0921469 0.0852325 0.0710754 0.0886704 0.0786465 0.0553345 0.0373146 0.0185414 0.00753245 0.00457741 0.012979 0.0271748 0.0457355 0.0583668 0.034881 0.0177882 0.00938659 0.00492506 0.0015258 0.00185414 0.000309023 5.79419e-05 3.86279e-05 0
 0 0.00173294 0.00326652 0 0.00397197 0.00683976 0.00946217 0.0152591 0.00757587 0.0136028 0.0228656 0.0392903 0.0559909 0.0764795 0.0681675 0.0726916 0.0566044 0.0477403 0.0527397 0.0444891 0.0609904 0.0582453 0.0661739 0.0445044 0.0529084 0.0360697 0.0280645 0.0235558 0.0158879 0.00826598 0.00280645 0.00217768 0.000904811 0.00058276 9.20147e-05 0
 0 0 0 0 0 0 0 0 0 0 0 0 0 0 0 0 0 0 0 0 0 0 0 0 0 0 0 0 0 0 0 0 0 0 0 0
 0 0 0 0 0 0 0 0 0 0 0 0 0 0 0 0 0 0 0 0 0 0 0 0 0 0 0 0 0 0 0 0 0 0 0 0
 0 0 0 0 0 0 0 0 0 0 0 0 0 0 0 0 0 0 0 0 0 0 0 0 0 0 0 0 0 0 0 0 0 0 0 0
ppred_pel_tallas
 1.01181e-16 3.35271e-05 0.00019678 0.000935407 0.00360138 0.0112306 0.0283675 0.0580436 0.0962133 0.129211 0.140604 0.124015 0.0887566 0.0517646 0.0250583 0.01093 0.00571554 0.00510254 0.00644795 0.00858922 0.0110468 0.0135267 0.0157558 0.0174786 0.0185009 0.0187302 0.0181927 0.0170179 0.0153998 0.0135481 0.0116458 0.00982459 0.00816009 0.00668235 0.00539301 0.00428104
 1.0113e-16 3.31928e-05 0.000194815 0.000926063 0.00356539 0.0111183 0.0280841 0.0574638 0.095253 0.127923 0.139208 0.122797 0.0879147 0.0513324 0.0249584 0.0110715 0.00605225 0.00563515 0.00719886 0.00957609 0.0122632 0.0149303 0.0172654 0.0189803 0.0198644 0.0198313 0.0189363 0.0173557 0.0153383 0.0131443 0.010993 0.00903265 0.0073357 0.00591313 0.00473861 0.00377122
 1.01734e-16 2.72339e-05 0.000159821 0.000759676 0.00292472 0.00912042 0.0230376 0.0471392 0.078143 0.104957 0.11425 0.100862 0.0723852 0.0426181 0.0213815 0.0106083 0.00739304 0.00828259 0.0111337 0.014937 0.0191582 0.023343 0.0270164 0.0297299 0.0311529 0.0311465 0.0297915 0.0273572 0.0242266 0.0208023 0.017426 0.0143313 0.0116358 0.00936277 0.00747754 0.00592162
 1.01755e-16 3.25017e-05 0.000190759 0.000906785 0.00349117 0.0108869 0.0274994 0.0562675 0.0932695 0.125258 0.136305 0.12023 0.086062 0.0502216 0.024365 0.0107203 0.0057416 0.00525419 0.00669955 0.00895078 0.0115385 0.0141683 0.016563 0.0184605 0.0196596 0.0200608 0.019683 0.0186491 0.0171462 0.0153773 0.0135189 0.0116977 0.00998696 0.0084179 0.00699709 0.00572204
 1.01503e-16 3.2245e-05 0.00018925 0.000899603 0.00346351 0.0108006 0.0272816 0.0558219 0.0925318 0.12427 0.135236 0.119302 0.0854312 0.0499202 0.0243427 0.0109196 0.00614246 0.00587359 0.00756915 0.0100921 0.0129433 0.0157857 0.0182956 0.0201722 0.0211937 0.0212662 0.0204419 0.0188982 0.016887 0.0146723 0.0124765 0.0104502 0.00866696 0.00713968 0.00584483 0.0047458
 1.02322e-16 2.52763e-05 0.000148326 0.000705023 0.00271429 0.00846418 0.02138 0.0437479 0.0725224 0.0974121 0.106047 0.093645 0.0672604 0.0397103 0.0201261 0.010322 0.00762274 0.00884012 0.0119907 0.0161262 0.0207186 0.0252949 0.0293508 0.0324064 0.0341044 0.0342881 0.0330329 0.0306128 0.0274222 0.023878 0.0203347 0.0170363 0.0141081 0.0115805 0.00942602 0.00759497
 1.02462e-16 3.09365e-05 0.00018157 0.000863094 0.00332295 0.0103623 0.0261744 0.0535563 0.088776 0.119225 0.129744 0.114452 0.0819465 0.0478615 0.0232986 0.0103869 0.00576126 0.0054575 0.00704722 0.00945986 0.0122441 0.0151081 0.0177701 0.019959 0.021461 0.0221612 0.0220618 0.0212676 0.0199488 0.0182937 0.0164686 0.014596 0.0127521 0.010978 0.00929664 0.00772535
 1.02244e-16 2.96142e-05 0.000173801 0.000826151 0.00318069 0.00991866 0.0250538 0.0512641 0.0849782 0.11413 0.124214 0.109609 0.0785549 0.0460336 0.0226933 0.0105977 0.0065492 0.00676692 0.00891985 0.011948 0.0153523 0.0187599 0.0217965 0.0241102 0.0254393 0.0256697 0.024856 0.0231972 0.0209783 0.0184981 0.0160075 0.0136752 0.0115839 0.00974851 0.00814569 0.00674012
 1.01801e-16 3.20617e-05 0.000188174 0.000894492 0.00344384 0.0107393 0.0271266 0.0555047 0.0920057 0.123563 0.134464 0.118616 0.0849288 0.0496043 0.0241477 0.0107638 0.00596191 0.00562775 0.00723569 0.00966411 0.0124308 0.0152189 0.017725 0.0196645 0.0208229 0.0211012 0.0205337 0.0192699 0.0175292 0.0155453 0.0135176 0.0115846 0.00981978 0.00824527 0.00685336 0.00562585
 1.01607e-16 3.11944e-05 0.00018308 0.000870267 0.00335055 0.0104484 0.0263918 0.0540016 0.0895151 0.120221 0.130836 0.115434 0.0826921 0.0483816 0.0237084 0.0108319 0.00636943 0.00632661 0.00824408 0.0110132 0.0141302 0.0172373 0.019983 0.0220391 0.0231627 0.0232502 0.0223572 0.0206754 0.0184789 0.016055 0.0136471 0.0114204 0.00945733 0.00777385 0.00634629 0.00513618
 1.02487e-16 2.48721e-05 0.000145954 0.000693743 0.00267086 0.00832874 0.0210379 0.0430479 0.0713623 0.0958544 0.104353 0.0921528 0.066197 0.0390994 0.019848 0.0102315 0.00762084 0.00888247 0.0120667 0.0162401 0.0208801 0.0255152 0.0296407 0.032775 0.0345574 0.034827 0.0336535 0.0313048 0.0281696 0.0246594 0.0211255 0.0178107 0.0148419 0.0122529 0.0100219 0.00810558
 1.03407e-16 2.62302e-05 0.000153933 0.000731695 0.00281701 0.00878452 0.0221891 0.0454027 0.0752633 0.101086 0.110028 0.0971147 0.0696534 0.0409243 0.0203757 0.00985756 0.00656311 0.00716749 0.00962314 0.0129954 0.0168286 0.0207597 0.0244079 0.0274015 0.0294475 0.0303897 0.0302333 0.0291253 0.0273022 0.0250247 0.0225223 0.0199625 0.0174483 0.0150334 0.0127464 0.0106086
 1.02278e-16 3.27615e-05 0.000192286 0.000914043 0.00351912 0.0109741 0.0277196 0.0567179 0.0940157 0.126259 0.137391 0.12118 0.0867254 0.0505749 0.0244731 0.01066 0.00555536 0.00494696 0.00625579 0.00835202 0.0107759 0.0132508 0.0155215 0.0173481 0.0185466 0.0190263 0.0188047 0.0179921 0.0167558 0.015274 0.0136984 0.0121334 0.0106347 0.00922217 0.00789735 0.00665869
 1.01222e-16 3.39578e-05 0.000199308 0.000947424 0.00364764 0.0113748 0.0287319 0.0587893 0.0974495 0.130871 0.142412 0.125612 0.0899053 0.0524452 0.025407 0.0111131 0.00585175 0.00525255 0.00663284 0.00880584 0.0112736 0.0137247 0.0158714 0.0174496 0.0182668 0.0182452 0.0174372 0.0160061 0.0141807 0.0121996 0.0102621 0.00850147 0.00698022 0.00570458 0.00464697 0.00376761
 1.00537e-16 3.74418e-05 0.000219767 0.0010447 0.0040222 0.0125429 0.0316823 0.0648255 0.107453 0.144299 0.157005 0.138441 0.0989935 0.0575573 0.0275291 0.0114357 0.00515009 0.003828 0.00450699 0.00590538 0.00753766 0.00915717 0.0105618 0.0115716 0.0120569 0.0119665 0.0113387 0.0102883 0.00897526 0.00756658 0.00620283 0.00497876 0.00393985 0.00309133 0.0024133 0.00187552
 1.00383e-16 3.62851e-05 0.000212973 0.00101239 0.0038978 0.012155 0.0307024 0.0628209 0.104131 0.139841 0.152164 0.134192 0.0960006 0.0559077 0.0269097 0.0114708 0.00560626 0.00463133 0.00567332 0.00747209 0.00952047 0.0115268 0.0132348 0.0144143 0.0149021 0.0146391 0.0136841 0.0121963 0.0103933 0.00850066 0.00670689 0.00513731 0.00384919 0.00284367 0.00208626 0.00152736
 1.0086e-16 3.01664e-05 0.00017704 0.000841544 0.00323995 0.0101034 0.0255206 0.0522193 0.0865624 0.11626 0.126538 0.111673 0.0800636 0.0469767 0.023267 0.0110453 0.00706162 0.00746604 0.00987568 0.0131889 0.0168609 0.020464 0.0235656 0.0257632 0.0267658 0.0264612 0.0249401 0.022467 0.0194098 0.0161523 0.013018 0.0102261 0.00788181 0.0059973 0.00452509 0.00339203
 1.01544e-16 3.08804e-05 0.000181237 0.000861507 0.00331683 0.0103432 0.0261262 0.053458 0.0886139 0.11901 0.129518 0.114271 0.081857 0.0478899 0.023462 0.0107114 0.00629062 0.0062476 0.00815166 0.0109109 0.0140335 0.017172 0.0199834 0.0221436 0.0234071 0.0236597 0.0229393 0.0214155 0.01934 0.0169827 0.0145774 0.0122903 0.0102139 0.00838144 0.00678939 0.00541876
 1.01798e-16 3.05077e-05 0.000179048 0.000851098 0.00327675 0.0102182 0.0258105 0.0528121 0.0875436 0.117574 0.127957 0.1129 0.0808888 0.0473509 0.0232488 0.0106996 0.00640024 0.00644914 0.00844399 0.0113002 0.0145206 0.0177463 0.0206214 0.022811 0.0240646 0.0242707 0.0234773 0.0218695 0.0197159 0.0173006 0.0148655 0.012577 0.0105219 0.00872252 0.00716384 0.00581667
 1.0143e-16 3.3662e-05 0.000197571 0.000939172 0.00361587 0.0112758 0.0284817 0.0582772 0.0966005 0.12973 0.141169 0.124512 0.0891101 0.0519657 0.025146 0.0109513 0.005701 0.00506377 0.00638434 0.00849439 0.0109124 0.0133445 0.0155196 0.0171862 0.0181558 0.0183434 0.0177826 0.0166096 0.0150229 0.0132328 0.0114189 0.00970528 0.00815708 0.00679247 0.00560191 0.00456575
 1.01467e-16 3.04414e-05 0.000178657 0.000849235 0.00326957 0.0101958 0.0257539 0.0526965 0.0873526 0.117319 0.127684 0.112669 0.0807453 0.0473109 0.0233106 0.0108638 0.0066808 0.00687102 0.00903351 0.0120731 0.0154708 0.0188382 0.0217868 0.0239541 0.0250745 0.0250386 0.023916 0.021929 0.0193909 0.0166296 0.0139215 0.0114534 0.00931645 0.00752443 0.00604395 0.0048233
 1.01806e-16 3.04781e-05 0.000178875 0.000850276 0.00327358 0.0102083 0.0257855 0.052761 0.0874589 0.11746 0.127832 0.112788 0.0808035 0.0472917 0.0232027 0.0106503 0.00633362 0.00635496 0.00831596 0.0111368 0.0143265 0.017534 0.0204107 0.0226273 0.0239348 0.0242179 0.0235163 0.022003 0.0199336 0.0175811 0.0151804 0.0128963 0.0108185 0.00897686 0.0073648 0.00596184
 1.01658e-16 3.2353e-05 0.000189885 0.000902625 0.00347515 0.0108369 0.0273732 0.0560094 0.0928421 0.124686 0.135686 0.119691 0.0856941 0.0500422 0.0243435 0.0108215 0.0059513 0.00557958 0.00715653 0.00955032 0.012276 0.0150169 0.0174713 0.0193572 0.0204629 0.0206922 0.0200822 0.0187847 0.0170209 0.0150259 0.0129997 0.0110805 0.00934104 0.00780158 0.00645212 0.00527172
 1.01781e-16 2.96866e-05 0.000174225 0.000828165 0.00318844 0.00994283 0.0251149 0.0513891 0.0851856 0.11441 0.12452 0.109883 0.0787618 0.0461752 0.0228008 0.0107105 0.0067021 0.00698664 0.0092258 0.0123511 0.0158515 0.0193383 0.0224197 0.0247275 0.0259892 0.0260881 0.025086 0.0231978 0.0207305 0.0180067 0.0152995 0.0127949 0.0105861 0.00869177 0.00708605 0.00572617
 1.04025e-16 1.66713e-05 9.77964e-05 0.000464775 0.00178923 0.00557939 0.0140935 0.0288399 0.0478159 0.0642472 0.0699977 0.0619427 0.0447766 0.0270124 0.0147575 0.00931391 0.00902613 0.0118749 0.0165745 0.0224284 0.0289064 0.0354126 0.0412684 0.0458156 0.0485534 0.0492469 0.0479693 0.0450606 0.0410246 0.0364001 0.0316501 0.0270992 0.0229247 0.0191864 0.0158754 0.0129573
pSPR Fmed_Fpbrs
0.54506   0.345826 0.345826
Fs Fmed_Fpbrs
0.441827   1.005 1.005
SSBpbr Bo_Bmed_Bpbrs
930000  460406  275119 275119
Ro
37049.1
SPR SPRFo_SPRFmed_SPRFpbrs
760907 414740 263142
log_Ro
10.34
likeval ReclasPelacesDesembMPH_pf_preclas_ppelaces_ptallas_desvR_qrecl_qpela
 64.0741 15.1268 0.00776434 0.000207783 313.356 190.662 78.2039 0 16.2703 2.02719e-05 4.9106e-05 0 0 0 0
q_reclas_q_pelaces
0.528341 2.71005
M
0.7
N
 38292.8 12286 4661.38 554.859 0.245587
 47565.1 17283.7 3356.85 1273.61 151.669
 23794.2 21606.4 4914.88 954.57 405.298
 38962.7 10145.2 4134.05 940.385 260.189
 68702.5 18700.2 4070.76 1658.79 481.731
 49130.4 33910.9 8941.47 1946.43 1023.49
 80626.2 23042.3 11777.8 3105.51 1031.5
 82617.4 38567 9053.78 4627.72 1625.51
 106409 38125.2 12104 2841.46 1962.53
 125169 48657.9 11300.5 3587.68 1423.93
 65116.9 58513.5 16557.8 3845.46 1705.4
 45945.4 28869.8 14294.2 4044.89 1356.01
 47512.5 20508.2 7357.18 3642.73 1376.37
 24021.5 19934.2 3547.54 1272.66 868.213
 14548.7 8813.65 1490.26 265.211 160.05
 15021.3 5126.94 511.908 86.5563 24.6997
 10894.1 6445.27 1020.5 101.893 22.145
 12085.5 4885.62 1691.55 267.828 32.5536
 13740.8 5576.39 1532.14 530.474 94.2001
 23066 6416.38 1884.48 517.771 211.102
 27998.8 10744.2 2135.08 627.07 242.536
 37835.5 13511.9 4461.5 886.584 361.101
 60761.1 18100.3 5312.73 1754.21 490.576
 68164.5 28876.1 6828.17 2004.17 846.823
 23990.1 32441.9 10993.3 2599.52 1085.39
pred_Ctot
 2522.04 4111.74 1560.02 185.694 0.0821902
 2931.33 5483.6 1065.03 404.076 48.1198
 2440.83 10076.6 2292.15 445.182 189.019
 940.491 1418 577.821 131.439 36.367
 297.984 500.393 108.928 44.3872 12.8905
 1968.98 7482.66 1972.99 429.492 225.839
 2134.59 3506.33 1792.22 472.563 156.962
 4219.6 10478.3 2459.83 1257.31 441.637
 6087.49 11383.2 3613.93 848.385 585.96
 5295.5 11255 2613.91 829.862 329.367
 5052.95 22257.2 6298.21 1462.73 648.696
 3362.59 10497.6 5197.64 1470.8 493.072
 5352.06 10194.1 3657.05 1810.7 684.154
 4590.47 13465.8 2396.4 859.695 586.488
 3098.41 6259.79 1058.44 188.363 113.673
 1481.09 2325.7 232.214 39.264 11.2044
 763.703 2266.16 358.807 35.8258 7.78622
 618.252 1329.18 460.204 72.8652 8.85655
 591.706 1309.79 359.871 124.598 22.1258
 1032.05 1557.7 457.495 125.699 51.2492
 568.506 1278.75 254.111 74.6321 28.8659
 998.813 2050.66 677.108 134.554 54.8032
 1883.05 3178.29 932.876 308.027 86.1415
 2043.53 4920.65 1163.56 341.522 144.303
 746.388 5716.68 1937.16 458.069 191.259
F
 0.0954957 0.597459 0.597459 0.597459 0.597459
 0.0891086 0.557498 0.557498 0.557498 0.557498
 0.152441 0.953733 0.953733 0.953733 0.953733
 0.0340721 0.213169 0.213169 0.213169 0.213169
 0.00604718 0.0378336 0.0378336 0.0378336 0.0378336
 0.057145 0.357522 0.357522 0.357522 0.357522
 0.0374259 0.234152 0.234152 0.234152 0.234152
 0.0733433 0.458865 0.458865 0.458865 0.458865
 0.0824799 0.516027 0.516027 0.516027 0.516027
 0.060411 0.377955 0.377955 0.377955 0.377955
 0.113389 0.709405 0.709405 0.709405 0.709405
 0.10663 0.667119 0.667119 0.667119 0.667119
 0.168559 1.05457 1.05457 1.05457 1.05457
 0.302648 1.89348 1.89348 1.89348 1.89348
 0.342995 2.14591 2.14591 2.14591 2.14591
 0.146126 0.91422 0.91422 0.91422 0.91422
 0.101928 0.637701 0.637701 0.637701 0.637701
 0.0734657 0.45963 0.45963 0.45963 0.45963
 0.0615192 0.384889 0.384889 0.384889 0.384889
 0.0639905 0.40035 0.40035 0.40035 0.40035
 0.0285919 0.178882 0.178882 0.178882 0.178882
 0.0373162 0.233465 0.233465 0.233465 0.233465
 0.0439349 0.274874 0.274874 0.274874 0.274874
 0.0424734 0.265731 0.265731 0.265731 0.265731
 0.0441104 0.275972 0.275972 0.275972 0.275972
nmprior
 10.6 11 7 0
nm_flota  nm_reclas  nm_pelaces    nm_pelaL
inf 17.8016 17.9301 42.6242
cv_recla  cv_pelaces  cv_mph
0.724046 0.441008 0.467674
 ------------------------------------------------
Talla a la edad & desviación 
 7.2 14.2025 17.0495 18.207 18.6776
 1.08 2.13037 2.55742 2.73105 2.80164
