years
 1997 1998 1999 2000 2001 2002 2003 2004 2005 2006 2007 2008 2009 2010 2011 2012 2013 2014 2015 2016 2017 2018 2019 2020 2021
reclasobs
 0 0 0 370054 412103 1.49427e+06 250295 1.28982e+06 931140 785840 897777 1.04006e+06 184774 17550 25797 100020 73551 82996 120727 218422 84188 347160 605670 569463 516374
reclaspred
 373106 103607 323144 240848 358079 428276 947260 631218 701680 631476 495640 332283 203923 95598.1 68405.8 70879.8 89527.4 122436 128214 185990 270125 246275 428689 542668 571850
pelacesobs
 0 0 0 0 0 0 0 0 0 2.06254e+06 1.5e+06 0 1.87456e+06 323000 250000 174000 83755 137374 0 501740 490994 745055 786931 1.00524e+06 1.33801e+06
pelacespred
 1.09831e+06 268894 520679 586335 744728 748436 1.87563e+06 1.56483e+06 1.53508e+06 1.39718e+06 988958 683698 417877 164153 115509 127777 168335 232564 251665 353820 569424 508448 697880 1.04916e+06 1.14119e+06
mphobs
 0 0 0 0 0 112323 0 153150 637223 0 255016 313432 73983 77613 109348 50772 0 0 0 0 0 0 0 0 0
mphpred
 138372 85192.6 106222 133269 142985 225489 342005 403782 345618 347811 323161 227313 140079 74158.2 36428.1 31930.3 39188.3 54474.7 67443 76853.7 116496 137945 172713 247306 323764
desembarqueobs
 350755 77701 442110 56441 14545 235359 269955 359681 431902 328805 639364 411747 362871 311530 167758 66681 60226 58785 57116 73181 50977 67692 138656 160484 209506
desembarquepred
 350761 77701.2 442110 56442.1 14545.1 235393 269981 359686 431935 328829 639592 412002 363215 311985 167805 66692.4 60244.2 58786.4 57112.6 73179.9 50977.3 67686.9 138655 160486 209504
Reclutas
 52416.6 67727.1 41226.7 67856.8 116551 83952 133924 124867 150253 146109 68203.9 40220 42883.4 23743.8 18614.8 23327.2 19289.5 21520.3 24004.5 44846.1 55750.5 70922.1 116453 136406 49564.8
log_desv_Rt
 -0.0730221 0.183242 -0.313158 0.185155 0.726082 0.398001 0.865027 0.795004 0.980073 0.952107 0.190257 -0.337879 -0.27376 -0.864922 -1.10829 -0.882626 -1.07268 -0.963249 -0.854003 -0.229009 -0.0113592 0.229337 0.72524 0.883395 -0.128963
SSB
 696416 428768 534609 670733 719633 1.13487e+06 1.72129e+06 2.03221e+06 1.73947e+06 1.7505e+06 1.62644e+06 1.14405e+06 705008 373233 183340 160703 197232 274167 339435 386799 586317 694265 869253 1.24467e+06 1.62948e+06
BT
 2.25425e+06 613014 1.17475e+06 1.10971e+06 1.34457e+06 1.52561e+06 3.54199e+06 3.21081e+06 3.14436e+06 2.81997e+06 2.35166e+06 1.60509e+06 1.10637e+06 595246 350078 284043 350879 463459 499955 693406 1.0611e+06 974030 1.34507e+06 2.01038e+06 2.21402e+06
Ftot
 0.431881 0.356145 0.5158 0.0979165 0.0188947 0.184001 0.114755 0.225102 0.252318 0.202175 0.420042 0.390132 0.61844 1.0812 0.999996 0.393147 0.280123 0.189532 0.16182 0.169507 0.0773881 0.101762 0.121225 0.116438 0.11665
BD_Bspro_t
 0.947243 0.755832 0.718411 0.599612 0.729448 0.847781 0.820005 0.826867 0.779094 0.745439 0.710554 0.562789 0.449331 0.337838 0.220901 0.237031 0.353029 0.518047 0.625427 0.704179 0.797328 0.858735 0.863442 0.867639 0.867328
BD_Bspro
 0.601358 0.370243 0.461638 0.579181 0.621407 0.979964 1.48634 1.75482 1.50204 1.51157 1.40444 0.987889 0.608777 0.322288 0.158315 0.138768 0.170311 0.236744 0.293104 0.334002 0.506288 0.599501 0.750604 1.07478 1.40706
BD_Bo
 0.523449 0.322276 0.40183 0.504145 0.5409 0.853004 1.29377 1.52747 1.30744 1.31574 1.22249 0.859903 0.529907 0.280534 0.137804 0.120789 0.148246 0.206073 0.255131 0.290731 0.440696 0.521832 0.653359 0.935537 1.22477
BD_Brms
 1.82331 1.12257 1.39968 1.75607 1.88409 2.97123 4.50655 5.32058 4.55415 4.58305 4.25824 2.99526 1.8458 0.977171 0.480007 0.420741 0.516379 0.717804 0.888686 1.01269 1.53506 1.81767 2.27582 3.25872 4.26619
S_f
 0.188225 1 1 1 1
 0.188225 1 1 1 1
 0.188225 1 1 1 1
 0.188225 1 1 1 1
 0.188225 1 1 1 1
 0.188225 1 1 1 1
 0.188225 1 1 1 1
 0.188225 1 1 1 1
 0.188225 1 1 1 1
 0.188225 1 1 1 1
 0.188225 1 1 1 1
 0.188225 1 1 1 1
 0.188225 1 1 1 1
 0.188225 1 1 1 1
 0.188225 1 1 1 1
 0.188225 1 1 1 1
 0.188225 1 1 1 1
 0.188225 1 1 1 1
 0.188225 1 1 1 1
 0.188225 1 1 1 1
 0.188225 1 1 1 1
 0.188225 1 1 1 1
 0.188225 1 1 1 1
 0.188225 1 1 1 1
 0.188225 1 1 1 1
Scru_reclas
 1 1 1 1 1
 1 1 1 1 1
 1 1 1 1 1
 1 1 1 1 1
 1 1 1 1 1
 1 1 1 1 1
 1 1 1 1 1
 1 1 1 1 1
 1 1 1 1 1
 1 1 1 1 1
 1 1 1 1 1
 1 1 1 1 1
 1 1 1 1 1
 1 1 1 1 1
 1 1 1 1 1
 1 1 1 1 1
 1 1 1 1 1
 1 1 1 1 1
 1 1 1 1 1
 1 1 1 1 1
 1 1 1 1 1
 1 1 1 1 1
 1 1 1 1 1
 1 1 1 1 1
 1 1 1 1 1
Scru_pelaces
 1 1 1 1 1
 1 1 1 1 1
 1 1 1 1 1
 1 1 1 1 1
 1 1 1 1 1
 1 1 1 1 1
 1 1 1 1 1
 1 1 1 1 1
 1 1 1 1 1
 1 1 1 1 1
 1 1 1 1 1
 1 1 1 1 1
 1 1 1 1 1
 1 1 1 1 1
 1 1 1 1 1
 1 1 1 1 1
 1 1 1 1 1
 1 1 1 1 1
 1 1 1 1 1
 1 1 1 1 1
 1 1 1 1 1
 1 1 1 1 1
 1 1 1 1 1
 1 1 1 1 1
 1 1 1 1 1
pf_obs 
 0.256992 0.487395 0.22802 0.0275931 0
 0.321318 0.546541 0.124235 0.00734118 0.000564706
 0.182869 0.594174 0.210203 0.0122559 0.00049798
 0.330522 0.361315 0.267642 0.0388342 0.00168674
 0.649043 0.306663 0.0425973 0.00169635 0
 0.582887 0.30429 0.105238 0.00758474 0
 0.465427 0.430635 0.0974691 0.00646863 0
 0.296916 0.608066 0.0921331 0.00288517 0
 0.311714 0.524322 0.152257 0.0117073 0
 0.15457 0.633149 0.183074 0.0267441 0.00246327
 0.131901 0.49318 0.331252 0.0422183 0.00144891
 0.196976 0.569456 0.194076 0.0375587 0.00193317
 0.518974 0.381816 0.0799577 0.0180837 0.00116848
 0.0928022 0.601141 0.25162 0.0475244 0.00691264
 0.122501 0.610282 0.24278 0.0234846 0.000952079
 0.383417 0.481906 0.127806 0.00687128 0
 0.0376549 0.599619 0.316969 0.0457579 0
 0.0361596 0.667082 0.258105 0.0386534 0
 0.158088 0.579412 0.248529 0.0139706 0
 0.0477256 0.309471 0.559284 0.082774 0.000745712
 0.0406174 0.521527 0.379366 0.0568643 0.0016247
 0.151134 0.462217 0.34131 0.0453401 0
 0.294876 0.26143 0.354403 0.0886775 0.000613685
 0.281977 0.475581 0.204845 0.0348837 0.00271318
 0.0354234 0.537034 0.353287 0.0723622 0.0018943
pf_pred 
 0.341806 0.46342 0.17408 0.020683 1.10675e-05
 0.316721 0.527254 0.109854 0.0412656 0.00490552
 0.179431 0.610594 0.162028 0.0337585 0.0141886
 0.298288 0.419057 0.210326 0.0558123 0.0165159
 0.319285 0.478222 0.120927 0.0606938 0.0208718
 0.172949 0.591651 0.165376 0.0418183 0.0282065
 0.26299 0.403388 0.238664 0.0667104 0.0282471
 0.206602 0.52875 0.14485 0.0857004 0.0340977
 0.239345 0.460588 0.199976 0.054783 0.0453082
 0.213094 0.513553 0.16552 0.0718643 0.0359693
 0.115009 0.541859 0.223936 0.0721751 0.0470211
 0.11218 0.405522 0.2953 0.122039 0.064959
 0.192743 0.360212 0.204193 0.148693 0.0941596
 0.173218 0.520953 0.136466 0.0773584 0.0920044
 0.24746 0.492907 0.163594 0.0428541 0.0531847
 0.327064 0.498337 0.114361 0.037956 0.0222823
 0.219606 0.590235 0.140821 0.0323163 0.0170222
 0.230867 0.484526 0.215257 0.0513568 0.0179936
 0.22755 0.490541 0.177592 0.0788976 0.0254189
 0.327241 0.422269 0.159073 0.0575897 0.0338278
 0.269136 0.538204 0.120926 0.0455541 0.0261795
 0.253543 0.499829 0.181615 0.0408062 0.0242063
 0.302225 0.456366 0.161648 0.0587356 0.0210255
 0.251191 0.530647 0.142684 0.0505399 0.0249376
 0.0874005 0.595691 0.224579 0.0603864 0.0319433
pobs_RECLAS
 0 0 0 0 0
 0 0 0 0 0
 0 0 0 0 0
 0 0 0 0 0
 0.835266 0.146461 0.0176864 0.000547809 3.91292e-05
 0.385257 0.428462 0.181853 0.0044286 0
 0.867414 0.0963971 0.0333333 0.00285562 0
 0.441836 0.489002 0.0689373 0.000224442 0
 0.779404 0.147425 0.0564933 0.0165055 0.000172143
 0.814271 0.122319 0.05973 0.00367925 0
 0.40263 0.566651 0.0304383 0.000280538 0
 0.475488 0.404961 0.113038 0.00651328 0
 0.955842 0.0263864 0.0167828 0.000988607 0
 0.975058 0.0227948 0.00214734 0 0
 0.738997 0.206755 0.0527124 0.00153531 0
 0.850938 0.134255 0.0134407 0.00136685 0
 0.542534 0.407297 0.0501686 0 0
 0.764087 0.199537 0.0359546 0.000420521 0
 0.470689 0.182191 0.310203 0.0369168 0
 0.84361 0.089868 0.0606195 0.00523954 0.000663233
 0.607945 0.314616 0.071237 0.00620181 0
 0.523733 0.453247 0.0230204 0 0
 0.530135 0.295979 0.169645 0.0042399 0
 0.562478 0.366248 0.0663022 0.0049721 0
 0.250443 0.683176 0.0655157 0.000865301 0
ppred_RECLAS
 0.739308 0.183548 0.0689482 0.00819194 4.38354e-06
 0.715631 0.219435 0.0457192 0.0171741 0.00204159
 0.545976 0.337844 0.0896505 0.0186787 0.0078506
 0.694157 0.182647 0.0916712 0.0243259 0.00719851
 0.713809 0.201057 0.050841 0.0255173 0.00877504
 0.52877 0.337105 0.0942263 0.0238269 0.0160712
 0.656004 0.18828 0.111395 0.0311368 0.0131842
 0.583494 0.277575 0.0760413 0.0449897 0.0179001
 0.629058 0.224611 0.0975205 0.0267156 0.0220951
 0.592626 0.265862 0.085688 0.0372035 0.018621
 0.414868 0.358263 0.14806 0.0477202 0.0310891
 0.407498 0.270632 0.197073 0.0814451 0.0433515
 0.569943 0.191899 0.108782 0.0792144 0.0501624
 0.55038 0.283304 0.0742127 0.0420689 0.0500337
 0.655408 0.225705 0.0749106 0.0196231 0.0243536
 0.725734 0.203105 0.0466097 0.0154696 0.00908151
 0.603091 0.300194 0.0716214 0.0164361 0.00865751
 0.617038 0.241252 0.107179 0.0255713 0.00895926
 0.612194 0.246275 0.0891598 0.0396103 0.0127615
 0.722823 0.173975 0.0655379 0.0237269 0.013937
 0.662617 0.248447 0.0558224 0.0210288 0.012085
 0.644625 0.23796 0.0864637 0.0194271 0.0115242
 0.698393 0.19726 0.069871 0.0253879 0.00908808
 0.641952 0.253733 0.0682254 0.024166 0.0119241
 0.338571 0.431742 0.162769 0.0437665 0.0231517
pobs_PELACES
 0 0 0 0 0
 0 0 0 0 0
 0 0 0 0 0
 0 0 0 0 0
 0 0 0 0 0
 0 0 0 0 0
 0 0 0 0 0
 0 0 0 0 0
 0 0 0 0 0
 0 0 0 0 0
 0.450072 0.473896 0.0757376 0.000293798 0
 0 0 0 0 0
 0.463077 0.371075 0.160297 0.00555027 0
 0.529543 0.364841 0.0842815 0.0213345 0
 0.631943 0.363953 0.00410389 0 0
 0.735681 0.248677 0.0153453 0.000297389 0
 0.695825 0.281241 0.0229344 0 0
 0.275771 0.60734 0.115278 0.00161068 0
 0 0 0 0 0
 0.896147 0.0623911 0.0374545 0.00400742 0
 0.803859 0.145111 0.0509908 3.86294e-05 0
 0.739449 0.233085 0.0266225 0.000797448 4.60066e-05
 0.878498 0.100942 0.0204185 0.000141795 0
 0.694673 0.275183 0.0284847 0.00165964 0
 0.469039 0.446079 0.0841089 0.000773354 0
ppred_PELACES
 0.760982 0.168288 0.0632159 0.00751087 4.0191e-06
 0.73464 0.204765 0.0426629 0.016026 0.00190511
 0.579958 0.312558 0.0829406 0.0172807 0.00726302
 0.699697 0.179339 0.0900106 0.0238853 0.00706811
 0.714842 0.200332 0.0506576 0.0254252 0.00874337
 0.541032 0.328333 0.0917744 0.0232069 0.015653
 0.662907 0.184501 0.10916 0.0305119 0.0129196
 0.598071 0.26786 0.0733799 0.0434151 0.0172736
 0.644687 0.215147 0.0934114 0.0255899 0.0211641
 0.605633 0.257373 0.0829521 0.0360157 0.0180265
 0.442418 0.341394 0.141089 0.0454734 0.0296253
 0.432954 0.259005 0.188606 0.0779459 0.0414889
 0.609995 0.174027 0.0986506 0.0718371 0.0454908
 0.620541 0.239096 0.0626322 0.0355043 0.0422262
 0.71316 0.187878 0.0623559 0.0163344 0.020272
 0.746192 0.187955 0.043133 0.0143157 0.00840411
 0.620908 0.286718 0.0684064 0.0156983 0.00826889
 0.628963 0.23374 0.103842 0.024775 0.00868029
 0.622434 0.239772 0.0868055 0.0385644 0.0124245
 0.731828 0.168323 0.0634087 0.0229561 0.0134843
 0.667235 0.245046 0.0550582 0.0207409 0.0119196
 0.650845 0.233795 0.0849504 0.0190871 0.0113225
 0.705189 0.192815 0.0682966 0.0248159 0.0088833
 0.649089 0.248675 0.0668653 0.0236843 0.0116864
 0.345604 0.427151 0.161039 0.0433012 0.0229056
pobs_pel_tallas
 0 0 0 0 0 0 0 0 0 0 0 0 0 0 0 0 0 0 0 0 0 0 0 0 0 0 0 0 0 0 0 0 0 0 0 0
 0 0 0 0 0 0 0 0 0 0 0 0 0 0 0 0 0 0 0 0 0 0 0 0 0 0 0 0 0 0 0 0 0 0 0 0
 0 0 0 0 0 0 0 0 0 0 0 0 0 0 0 0 0 0 0 0 0 0 0 0 0 0 0 0 0 0 0 0 0 0 0 0
 0 0 0 0 0 0 0 0 0 0 0 0 0 0 0 0 0 0 0 0 0 0 0 0 0 0 0 0 0 0 0 0 0 0 0 0
 0 0 0 0 0 0 0 0 0 0 0 0 0 0 0 0 0 0 0 0 0 0 0 0 0 0 0 0 0 0 0 0 0 0 0 0
 0 0 0 0 0 0 0 0 0 0 0 0 0 0 0 0 0 0 0 0 0 0 0 0 0 0 0 0 0 0 0 0 0 0 0 0
 0 0 0 0 0 0 0 0 0 0 0 0 0 0 0 0 0 0 0 0 0 0 0 0 0 0 0 0 0 0 0 0 0 0 0 0
 0 0 0 0 0 0 0 0 0 0 0 0 0 0 0 0 0 0 0 0 0 0 0 0 0 0 0 0 0 0 0 0 0 0 0 0
 0 0 0 0 0 0 0 0 0 0 0 0 0 0 0 0 0 0 0 0 0 0 0 0 0 0 0 0 0 0 0 0 0 0 0 0
 0 0 0 0 0 0 0 0 0 0 0 0 0 0 0 0 0 0 0 0 0 0 0 0 0 0 0 0 0 0 0 0 0 0 0 0
 0 0 0 0 0 0 0 0 1.78061e-05 0.00172719 0.00360574 0.0105946 0.0120993 0.0124554 0.0147524 0.0171206 0.0266825 0.0428682 0.0675386 0.121331 0.153587 0.119568 0.100827 0.0573624 0.0630603 0.0341343 0.0324427 0.0444173 0.0211091 0.0280891 0.0125444 0.00206551 0 0 0 0
 0 0 0 0 0 0 0 0 0 0 0 0 0 0 0 0 0 0 0 0 0 0 0 0 0 0 0 0 0 0 0 0 0 0 0 0
 0 0 0 0 0 0 0.0133647 0.0140871 0.0187388 0.0205184 0.03894 0.0496705 0.03968 0.0493445 0.0407372 0.0367815 0.0215668 0.0243155 0.0234873 0.0199281 0.019796 0.0243948 0.0301388 0.0376714 0.0412746 0.0863199 0.0771752 0.113111 0.0741005 0.0525337 0.0229764 0.00759418 0.00175318 0 0 0
 0 0 0 0 0 0 0 0 0 0 0.00219441 0.00772107 0.0458388 0.0604681 0.0671733 0.0775358 0.0609151 0.0617685 0.073594 0.0568108 0.0755445 0.0548602 0.0670107 0.0636378 0.0643287 0.046367 0.0373049 0.0286899 0.0247887 0.0153202 0.00654259 0.00121912 0.000365735 0 0 0
 0 0 0 0 0 0 0 0 0 0 0 0 0.000112435 0.00938835 0.0111873 0.0202946 0.0414886 0.0713402 0.111592 0.104902 0.108894 0.110636 0.117776 0.105296 0.107544 0.0401394 0.0192827 0.0124803 0.00416011 0.0028671 0.000618394 0 0 0 0 0
 0 0 0 0 0 0 0 0 0 0 0.00291406 0.0102884 0.027416 0.0768956 0.0749926 0.110853 0.0956884 0.0897413 0.0766577 0.0534642 0.0500743 0.0551293 0.0594112 0.0620874 0.0668451 0.0424026 0.0208742 0.0120726 0.0048766 0.00582813 0.00118941 0.000297354 0 0 0 0
 0 0.00264628 0.0354308 0.0461629 0.0458689 0.0383711 0.0214643 0.0164657 0.0346957 0.0420465 0.0363128 0.0245516 0.0311673 0.0291091 0.0169068 0.0133784 0.00837989 0.0085269 0.0148486 0.0160247 0.0276389 0.0546898 0.0760071 0.122758 0.109233 0.0665981 0.0333725 0.0166128 0.00676272 0.00308733 0.000882094 0 0 0 0 0
 0 0 0 0 0 0 0 0.000805153 0.000690131 0.00759144 0.0133425 0.0154129 0.00931677 0.000345066 0.00356568 0.00563607 0.00851162 0.0253048 0.0502646 0.0516448 0.0657925 0.0565908 0.0611916 0.0827007 0.0866115 0.110766 0.145733 0.0935128 0.0569358 0.0249597 0.0138026 0.00621118 0.00161031 0.00115022 0 0
 0 0 0 0 0 0 0 0 0 0 0 0 0 0 0 0 0 0 0 0 0 0 0 0 0 0 0 0 0 0 0 0 0 0 0 0
 0.00147267 0.00158595 0.00478618 0.00569244 0.00954404 0.0108468 0.00647125 0.017049 0.0510054 0.094081 0.124002 0.0959785 0.0687766 0.0820023 0.061753 0.0591476 0.0492212 0.0479892 0.0443925 0.0268479 0.0217502 0.0140895 0.0121071 0.0120363 0.00920419 0.00665534 0.0049561 0.00860946 0.00930331 0.0156896 0.0114698 0.00855282 0.00243557 0.00046729 0 2.83206e-05
 0 0 0 0 0.000772559 0.00158375 0.000888443 0.00281984 0.00712685 0.0440552 0.0773331 0.111326 0.0921469 0.0852325 0.0710754 0.0886704 0.0786465 0.0553345 0.0373146 0.0185414 0.00753245 0.00457741 0.012979 0.0271748 0.0457355 0.0583668 0.034881 0.0177882 0.00938659 0.00492506 0.0015258 0.00185414 0.000309023 5.79419e-05 3.86279e-05 0
 0 0.00173294 0.00326652 0 0.00397197 0.00683976 0.00946217 0.0152591 0.00757587 0.0136028 0.0228656 0.0392903 0.0559909 0.0764795 0.0681675 0.0726916 0.0566044 0.0477403 0.0527397 0.0444891 0.0609904 0.0582453 0.0661739 0.0445044 0.0529084 0.0360697 0.0280645 0.0235558 0.0158879 0.00826598 0.00280645 0.00217768 0.000904811 0.00058276 9.20147e-05 0
 0 0 0 0 0 0 0 0 0 0 0 0 0 0 0 0 0 0 0 0 0 0 0 0 0 0 0 0 0 0 0 0 0 0 0 0
 0 0 0 0 0 0 0 0 0 0 0 0 0 0 0 0 0 0 0 0 0 0 0 0 0 0 0 0 0 0 0 0 0 0 0 0
 0 0 0 0 0 0 0 0 0 0 0 0 0 0 0 0 0 0 0 0 0 0 0 0 0 0 0 0 0 0 0 0 0 0 0 0
ppred_pel_tallas
 1.01211e-16 3.3202e-05 0.00019487 0.000926328 0.00356642 0.0111216 0.0280921 0.0574802 0.0952797 0.127957 0.139242 0.122818 0.0879094 0.0512893 0.0248635 0.0109054 0.00578976 0.00524857 0.00666485 0.00888461 0.0114266 0.0139898 0.0162923 0.0180695 0.0191208 0.0193507 0.0187869 0.0175641 0.0158837 0.0139635 0.0119931 0.010109 0.00838936 0.00686484 0.00553662 0.00439265
 1.01313e-16 3.20548e-05 0.000188132 0.000894287 0.00344304 0.0107368 0.0271203 0.0554921 0.0919853 0.123537 0.134441 0.118606 0.0849447 0.0496601 0.0242609 0.010959 0.00627062 0.00608488 0.00787229 0.0104973 0.0134535 0.0163909 0.018971 0.0208787 0.0218829 0.0218871 0.0209492 0.0192586 0.017084 0.0147069 0.0123648 0.0102191 0.00834922 0.00676901 0.00545223 0.00435723
 1.02213e-16 2.53144e-05 0.00014855 0.000706086 0.00271838 0.00847694 0.0214123 0.0438138 0.0726318 0.0975591 0.106207 0.0937867 0.0673627 0.039772 0.0201597 0.010343 0.00764262 0.0088657 0.0120255 0.0161718 0.0207746 0.0253592 0.0294187 0.0324715 0.0341582 0.0343219 0.0330384 0.0305835 0.0273543 0.0237707 0.0201908 0.0168612 0.0139096 0.0113677 0.00920857 0.00738204
 1.02488e-16 3.05302e-05 0.000179183 0.000851749 0.00327927 0.0102261 0.0258303 0.0528523 0.0876093 0.117659 0.128042 0.112956 0.0808878 0.0472678 0.0230556 0.0103569 0.00585512 0.00564168 0.00732073 0.00983239 0.0127231 0.0156924 0.0184469 0.0207045 0.0222431 0.0229438 0.0228107 0.021955 0.0205563 0.0188127 0.0168995 0.0149451 0.013029 0.0111937 0.00946139 0.00784856
 1.02067e-16 3.11913e-05 0.000183063 0.00087019 0.00335026 0.0104475 0.0263895 0.0539967 0.0895067 0.120208 0.130819 0.115413 0.0826618 0.0483338 0.023629 0.0107019 0.00616582 0.00602459 0.00782138 0.0104561 0.0134403 0.0164374 0.0191194 0.0211791 0.0223874 0.0226423 0.0219878 0.0205933 0.0187025 0.0165717 0.0144167 0.0123832 0.0105435 0.00891263 0.00747358 0.00619956
 1.02939e-16 2.36177e-05 0.000138587 0.000658719 0.002536 0.0079082 0.0199757 0.0408746 0.0677605 0.0910195 0.0990974 0.0875304 0.0629176 0.037245 0.0190594 0.0100743 0.00780873 0.00929894 0.0126965 0.0171048 0.0220012 0.0268976 0.0312658 0.0346009 0.0365245 0.0368674 0.0357018 0.0333069 0.0300876 0.0264718 0.0228232 0.0193913 0.0163046 0.0135954 0.0112395 0.00919221
 1.03262e-16 2.89262e-05 0.000169766 0.000806976 0.00310688 0.00968848 0.0244724 0.050074 0.0830045 0.111476 0.121318 0.107035 0.0766703 0.0448493 0.0219627 0.010015 0.00587483 0.00584907 0.00767515 0.0103507 0.0134407 0.0166468 0.0196713 0.0222231 0.0240677 0.0250714 0.0252216 0.0246123 0.0234063 0.0217871 0.0199191 0.0179256 0.0158878 0.0138569 0.0118702 0.00996328
 1.03428e-16 2.61023e-05 0.00015318 0.000728107 0.00280319 0.00874141 0.0220803 0.0451802 0.0748953 0.100595 0.109499 0.0966634 0.0693632 0.0408209 0.0204476 0.0100945 0.00697684 0.00778876 0.010485 0.0141135 0.0181845 0.0222893 0.0259996 0.0289065 0.0307019 0.031244 0.0305826 0.0289309 0.0266002 0.0239174 0.0211569 0.0185028 0.0160461 0.0138071 0.0117688 0.00990606
 1.03265e-16 2.81329e-05 0.000165106 0.000784816 0.00302155 0.00942238 0.0238002 0.048699 0.0807263 0.10842 0.118 0.104127 0.074629 0.0437399 0.0215767 0.0101032 0.00628746 0.00654582 0.00867495 0.0116816 0.0151067 0.0186098 0.0218444 0.0244767 0.0262466 0.0270205 0.0268129 0.0257665 0.0241041 0.0220666 0.0198621 0.0176377 0.0154773 0.0134177 0.0114714 0.00964634
 1.03342e-16 2.64316e-05 0.000155114 0.000737305 0.0028386 0.00885186 0.0223592 0.0457509 0.075841 0.101864 0.110878 0.0978726 0.0702146 0.0412892 0.0206219 0.0100813 0.00684261 0.00755486 0.0101479 0.0136647 0.0176227 0.0216269 0.0252649 0.0281414 0.0299558 0.0305652 0.0300093 0.0284847 0.026283 0.0237132 0.0210375 0.0184349 0.0159984 0.0137558 0.0116999 0.0098153
 1.05061e-16 1.93182e-05 0.000113344 0.000538709 0.00207393 0.00646722 0.016336 0.0334275 0.0554175 0.0744472 0.0810741 0.0716579 0.0516111 0.0307593 0.0161247 0.00914916 0.00784757 0.00983385 0.0136167 0.0184542 0.0238738 0.0293953 0.0344801 0.0386008 0.0413474 0.0425116 0.0421208 0.0404073 0.0377292 0.0344728 0.0309704 0.0274556 0.0240596 0.0208369 0.0178032 0.0149657
 1.07379e-16 1.89023e-05 0.00011091 0.000527151 0.00202945 0.00632856 0.0159856 0.0327101 0.0542261 0.0728408 0.0793092 0.0700609 0.0503805 0.0298657 0.0153655 0.00826642 0.00660543 0.00804139 0.0111344 0.015213 0.0199072 0.024869 0.0297022 0.0340019 0.0374266 0.0397597 0.0409366 0.0410281 0.0401927 0.0386184 0.0364752 0.0338937 0.0309701 0.0277848 0.0244237 0.02099
 1.06052e-16 2.66184e-05 0.000156218 0.000742573 0.00285891 0.00891522 0.0225192 0.0460776 0.07638 0.10258 0.111639 0.0985 0.0705675 0.0413015 0.0202677 0.00931632 0.00557376 0.00565116 0.00747747 0.0101422 0.0132566 0.0165571 0.019778 0.0226554 0.0249718 0.0265939 0.0274892 0.027712 0.0273682 0.0265747 0.0254276 0.0239893 0.0222958 0.0203732 0.0182577 0.0160061
 1.04161e-16 2.70808e-05 0.000158928 0.000755439 0.00290843 0.00906962 0.0229093 0.0468762 0.0777055 0.104366 0.113595 0.100256 0.0718925 0.042211 0.0209617 0.0100474 0.0065617 0.0070624 0.00942675 0.0126835 0.016361 0.02009 0.0234915 0.0262048 0.0279578 0.0286249 0.0282476 0.0270098 0.0251777 0.0230282 0.0207884 0.0186043 0.0165406 0.0146035 0.0127718 0.0110242
 1.02455e-16 3.11175e-05 0.000182631 0.000868136 0.00334236 0.0104228 0.0263272 0.0538693 0.0892951 0.119923 0.130507 0.115131 0.0824471 0.0481825 0.0235074 0.0105673 0.00598022 0.00575834 0.00745362 0.00997703 0.0128558 0.0157729 0.0184217 0.0205127 0.0218264 0.0222588 0.0218394 0.0207131 0.0190938 0.0172088 0.015251 0.0133519 0.0115801 0.00995521 0.00847105 0.00711459
 1.01559e-16 3.25578e-05 0.000191087 0.000908337 0.00349714 0.0109055 0.0275465 0.0563639 0.0934299 0.125475 0.136546 0.120452 0.0862422 0.0503696 0.0245163 0.0109202 0.00603486 0.00567951 0.00728572 0.00970981 0.012457 0.0152009 0.0176305 0.019457 0.0204671 0.0205696 0.019813 0.0183652 0.0164656 0.0143651 0.0122755 0.0103397 0.00862797 0.0071529 0.00589296 0.0048146
 1.01991e-16 2.70989e-05 0.000159029 0.000755911 0.00291023 0.00907521 0.0229234 0.0469055 0.0777555 0.104437 0.113683 0.100359 0.0720216 0.0423978 0.0212596 0.0105295 0.00731582 0.00818288 0.0109995 0.0147642 0.0189503 0.0231118 0.0267823 0.0295211 0.0310015 0.0310843 0.0298447 0.027542 0.0245462 0.0212468 0.017974 0.0149534 0.0122985 0.010033 0.00812535 0.00652304
 1.02808e-16 2.7448e-05 0.000161083 0.000765688 0.00294789 0.00919268 0.0232201 0.0475121 0.0787595 0.105781 0.115133 0.101611 0.0728564 0.0427622 0.0212085 0.0101223 0.00655631 0.0070222 0.00937121 0.0126246 0.0163123 0.0200685 0.0235148 0.0262856 0.0280964 0.028802 0.0284207 0.0271133 0.0251304 0.0227453 0.0201968 0.0176577 0.0152302 0.0129619 0.0108695 0.00895931
 1.03217e-16 2.71635e-05 0.000159413 0.000757745 0.00291731 0.0090973 0.0229792 0.0470192 0.0779427 0.104684 0.113942 0.100564 0.0721148 0.0423456 0.0210363 0.0100969 0.00661367 0.00713566 0.00953548 0.0128403 0.0165769 0.0203732 0.0238439 0.0266191 0.0284146 0.0290909 0.0286765 0.0273452 0.0253591 0.0229991 0.0205049 0.0180429 0.0157038 0.0135205 0.0114957 0.00962518
 1.02374e-16 3.19307e-05 0.000187407 0.000890847 0.00342981 0.0106955 0.0270161 0.0552785 0.0916303 0.123057 0.133911 0.118121 0.0845581 0.0493555 0.0239667 0.0105825 0.00572215 0.00528659 0.00676391 0.00904736 0.0116747 0.0143543 0.0168102 0.0187821 0.0200697 0.020574 0.0203136 0.0194086 0.018041 0.0164061 0.0146707 0.0129505 0.0113088 0.0097689 0.0083335 0.00700076
 1.02132e-16 2.91172e-05 0.000170882 0.000812272 0.00312725 0.009752 0.0246329 0.0504029 0.0835511 0.112215 0.122135 0.107784 0.0772703 0.0453273 0.0224315 0.0106199 0.00675661 0.00712939 0.00944583 0.012655 0.0162478 0.019831 0.0230057 0.0253967 0.0267267 0.0268769 0.0259104 0.0240458 0.0215939 0.0188805 0.0161796 0.0136754 0.0114577 0.00954161 0.00789822 0.00648396
 1.02468e-16 2.84022e-05 0.000166685 0.00079232 0.00305043 0.00951244 0.0240278 0.0491647 0.0814986 0.109458 0.119134 0.105135 0.0753696 0.0442093 0.0218735 0.01035 0.00658225 0.00695331 0.00923407 0.012409 0.0159934 0.0196154 0.0228949 0.025469 0.0270606 0.0275369 0.0269326 0.0254277 0.0232916 0.0208133 0.0182417 0.015752 0.013441 0.0113438 0.00945995 0.00777662
 1.02301e-16 3.07701e-05 0.000180591 0.000858438 0.00330502 0.0103064 0.0260331 0.0532675 0.0882978 0.118585 0.129052 0.113852 0.0815407 0.0476723 0.023295 0.0105342 0.00604925 0.00590028 0.00766776 0.0102731 0.0132431 0.0162553 0.0189944 0.0211619 0.0225296 0.0229876 0.0225625 0.0213993 0.0197155 0.0177435 0.0156827 0.0136719 0.0117868 0.0100541 0.00847382 0.00703791
 1.02391e-16 2.83262e-05 0.000166238 0.00079019 0.00304222 0.00948685 0.0239631 0.0490326 0.08128 0.109166 0.118819 0.104865 0.0751924 0.0441387 0.0219 0.0104641 0.00678678 0.00726256 0.0096648 0.0129704 0.0166782 0.0203943 0.0237151 0.0262585 0.0277388 0.0280283 0.0271816 0.0254091 0.0230153 0.0203213 0.0175991 0.0150338 0.0127193 0.0106776 0.00888938 0.00732129
 1.04984e-16 1.51002e-05 8.85728e-05 0.000420924 0.00162039 0.00505288 0.0127636 0.0261188 0.0433057 0.0581914 0.0634109 0.0561401 0.0406392 0.024631 0.0136645 0.00894137 0.00898581 0.011989 0.0167962 0.0227694 0.0294005 0.036102 0.0421977 0.0470273 0.0500826 0.0511158 0.0501821 0.0475993 0.0438471 0.0394411 0.0348255 0.0303127 0.0260764 0.0221827 0.018637 0.0154252
pSPR Fmed_Fpbrs
0.706713   0.337088 0.337088
Fs Fmed_Fpbrs
0.218005   1.005 1.005
SSBpbr Bo_Bmed_Bpbrs
1.33044e+06  873715  381952 381952
Ro
56387.3
SPR SPRFo_SPRFmed_SPRFpbrs
1.15807e+06 818424 390372
log_Ro
10.76
likeval ReclasPelacesDesembMPH_pf_preclas_ppelaces_ptallas_desvR_qrecl_qpela
 64.5098 26.7981 0.0189682 0.0001896 316.458 199.091 78.0187 0 15.7235 8.20672e-05 0 0 0 0 0
q_reclas_q_pelaces
0.277007 1
M
0.7
N
 52416.6 15506.8 5825 692.086 0.370338
 67727.1 23997.1 4999.79 1878.13 223.266
 41226.7 31451.6 8346.04 1738.9 730.854
 67856.8 18578.4 9324.56 2474.37 732.215
 116551 33081.3 8365.23 4198.53 1443.82
 83952 57671.9 16120.2 4076.3 2749.46
 133924 40270.2 23825.8 6659.69 2819.9
 124867 65083.5 17829.5 10548.8 4197.07
 150253 59434.7 25805 7069.26 5846.62
 146109 71152.5 22932.6 9956.77 4983.53
 68203.9 69846.3 28865.6 9303.46 6061.08
 40220 31294.4 22788.5 9417.86 5012.93
 42883.4 18558.6 10520.3 7660.86 4851.23
 23743.8 18955.2 4965.39 2814.73 3347.64
 18614.8 9619.71 3192.75 836.352 1037.97
 23327.2 7657.86 1757.37 583.264 342.408
 19289.5 10757.7 2566.61 589 310.248
 21520.3 9086.92 4036.98 963.158 337.456
 24004.5 10312.1 3733.34 1658.58 534.355
 44846.1 11562.7 4355.77 1576.94 926.281
 55750.5 21570.6 4846.59 1825.75 1049.24
 70922.1 27284.5 9913.94 2227.52 1321.36
 116453 34550.7 12238.1 4446.78 1591.81
 136406 56524.1 15198.6 5383.46 2656.33
 49564.8 66269 24983.8 6717.82 3553.61
pred_Ctot
 2956.96 4009.05 1505.97 178.929 0.0957454
 3170.31 5277.72 1099.61 413.061 49.1033
 2758.61 9387.36 2491.04 519.008 218.137
 892.118 1253.31 629.041 166.923 49.3957
 297.631 445.788 112.726 56.5774 19.4562
 2059.34 7044.93 1969.17 497.941 335.862
 2060.61 3160.67 1870.01 522.697 221.325
 3734.47 9557.5 2618.27 1549.09 616.339
 5025.69 9671.27 4199.02 1150.32 951.366
 3932.13 9476.36 3054.26 1326.08 663.726
 3745.73 17647.8 7293.36 2350.67 1531.43
 2056.62 7434.54 5413.81 2237.38 1190.91
 3411.77 6376.16 3614.45 2632.03 1666.73
 3181.36 9567.91 2506.35 1420.78 1689.77
 2321.9 4624.9 1534.99 402.096 499.027
 1201.74 1831.05 420.2 139.463 81.8725
 714.662 1920.8 458.272 105.167 55.3954
 543.513 1140.69 506.764 120.906 42.3611
 518.799 1118.4 404.899 179.881 57.9533
 1014.64 1309.28 493.217 178.561 104.886
 580.277 1160.41 260.726 98.2179 56.4448
 968.726 1909.73 693.907 155.911 92.4863
 1891.8 2856.66 1011.85 367.661 131.611
 2129.3 4498.19 1209.51 428.417 211.391
 775.099 5282.8 1991.65 535.528 283.285
F
 0.081291 0.431881 0.431881 0.431881 0.431881
 0.0670355 0.356145 0.356145 0.356145 0.356145
 0.0970866 0.5158 0.5158 0.5158 0.5158
 0.0184304 0.0979165 0.0979165 0.0979165 0.0979165
 0.00355646 0.0188947 0.0188947 0.0188947 0.0188947
 0.0346337 0.184001 0.184001 0.184001 0.184001
 0.0215998 0.114755 0.114755 0.114755 0.114755
 0.0423699 0.225102 0.225102 0.225102 0.225102
 0.0474926 0.252318 0.252318 0.252318 0.252318
 0.0380544 0.202175 0.202175 0.202175 0.202175
 0.0790626 0.420042 0.420042 0.420042 0.420042
 0.0734326 0.390132 0.390132 0.390132 0.390132
 0.116406 0.61844 0.61844 0.61844 0.61844
 0.203509 1.0812 1.0812 1.0812 1.0812
 0.188225 0.999996 0.999996 0.999996 0.999996
 0.0740002 0.393147 0.393147 0.393147 0.393147
 0.0527262 0.280123 0.280123 0.280123 0.280123
 0.0356748 0.189532 0.189532 0.189532 0.189532
 0.0304586 0.16182 0.16182 0.16182 0.16182
 0.0319056 0.169507 0.169507 0.169507 0.169507
 0.0145664 0.0773881 0.0773881 0.0773881 0.0773881
 0.0191542 0.101762 0.101762 0.101762 0.101762
 0.0228176 0.121225 0.121225 0.121225 0.121225
 0.0219166 0.116438 0.116438 0.116438 0.116438
 0.0219565 0.11665 0.11665 0.11665 0.11665
nmprior
 10.6 11 7 0
nm_flota  nm_reclas  nm_pelaces    nm_pelaL
inf 13.6518 20.9112 52.0585
cv_recla  cv_pelaces  cv_mph
0.726504 0.586981 0.446743
 ------------------------------------------------
Talla a la edad & desviación 
 7.2 14.2025 17.0495 18.207 18.6776
 1.08 2.13037 2.55742 2.73105 2.80164
