years
 1997 1998 1999 2000 2001 2002 2003 2004 2005 2006 2007 2008 2009 2010 2011 2012 2013 2014 2015 2016 2017 2018 2019 2020 2021
reclasobs
 0 0 0 370054 412103 1.49427e+06 250295 1.28982e+06 931140 785840 897777 1.04006e+06 184774 17550 25797 100020 73551 82996 120727 218422 84188 347160 605670 569463 516374
reclaspred
 562454 113594 178954 126545 262512 283781 633151 482091 668255 887112 743385 493559 314046 137833 87289.2 83777.2 97676.6 121264 113522 181389 286310 255987 439494 521307 434303
pelacesobs
 0 0 0 0 0 0 0 0 0 2.06254e+06 1.5e+06 0 1.87456e+06 323000 250000 174000 83755 137374 0 501740 490994 745055 786931 1.00524e+06 1.33801e+06
pelacespred
 676661 167107 119308 151792 285724 245065 704275 572682 770653 1.01603e+06 775235 535793 343494 121665 75905.3 78708.1 96167.9 122194 116695 180930 323076 281653 381427 535979 455053
mphobs
 0 0 0 0 0 112323 0 153150 637223 0 255016 313432 73983 77613 109348 50772 0 0 0 0 0 0 0 0 0
mphpred
 722710 314566 243390 149117 217690 448485 580755 713597 709778 951907 1.28828e+06 933029 556690 302471 131968 104403 121136 153697 173195 180784 318332 400246 483491 682528 800751
desembarqueobs
 350755 77701 442110 56441 14545 235359 269955 359681 431902 328805 639364 411747 362871 311530 167758 66681 60226 58785 57116 73181 50977 67692 138656 160484 209506
desembarquepred
 350734 77671.9 441675 56429.5 14544.7 235335 269941 359432 431684 328662 638970 411608 362639 311376 167555 66657.4 60225.3 58765.1 57091.8 73147.2 50970.1 67668.6 138619 160447 209459
Reclutas
 21849 38588.2 8668.95 29951.4 60264 30702.9 64739.1 78522.8 120537 183390 63931.7 33865 47879.3 22216.4 15208.8 16803.8 12057.5 12320.7 11828 30570.4 35837.1 41326.7 71991.2 69388.7 7751.17
log_desv_Rt
 -0.408088 0.160701 -1.3325 -0.0926702 0.60649 -0.0678864 0.678121 0.871145 1.29971 1.71937 0.665571 0.0301377 0.376439 -0.391415 -0.77037 -0.670642 -1.00256 -0.98096 -1.02177 -0.0722118 0.0867401 0.229264 0.784299 0.747479 -1.4444
SSB
 722710 314566 243390 149117 217690 448485 580755 713597 709778 951907 1.28828e+06 933029 556690 302471 131968 104403 121136 153697 173195 180784 318332 400246 483491 682528 800751
BT
 1.45203e+06 445171 445520 332195 523433 622310 1.44941e+06 1.42264e+06 1.77239e+06 2.12763e+06 1.94723e+06 1.33109e+06 971775 515807 276345 195818 221087 266111 258499 383874 619226 568306 778876 1.09111e+06 987687
Ftot
 0.386933 0.570462 1.33823 0.476251 0.061744 0.49535 0.371533 0.686683 0.667377 0.373669 0.526963 0.48015 0.819385 1.41244 1.51781 0.64617 0.480679 0.358631 0.333532 0.384071 0.143319 0.181157 0.22581 0.218945 0.248667
BD_Bspro_t
 0.945277 0.691421 0.532393 0.263481 0.473165 0.69867 0.611305 0.623809 0.58759 0.610275 0.649736 0.497217 0.376627 0.279574 0.16347 0.162797 0.243129 0.368051 0.453798 0.523513 0.680249 0.775865 0.777336 0.78147 0.762056
BD_Bspro
 1.0709 0.466118 0.360651 0.220959 0.322568 0.664556 0.860551 1.05739 1.05173 1.41052 1.90895 1.38254 0.824892 0.448196 0.195547 0.154702 0.179496 0.227745 0.256636 0.267882 0.471698 0.593077 0.716427 1.01136 1.18654
BD_Bo
 0.78348 0.341017 0.263856 0.161656 0.235995 0.486196 0.629588 0.773601 0.769461 1.03195 1.39661 1.01148 0.603501 0.327905 0.143064 0.113182 0.131321 0.16662 0.187758 0.195985 0.345099 0.433902 0.524146 0.73992 0.868084
BD_Brms
 2.61596 1.13862 0.880988 0.539752 0.787961 1.62336 2.10213 2.58297 2.56915 3.44557 4.66313 3.37724 2.01502 1.09484 0.477677 0.377901 0.438468 0.556328 0.626905 0.654374 1.15225 1.44875 1.75007 2.47051 2.89844
S_f
 0.148135 1 1 1 1
 0.148135 1 1 1 1
 0.148135 1 1 1 1
 0.148135 1 1 1 1
 0.148135 1 1 1 1
 0.148135 1 1 1 1
 0.148135 1 1 1 1
 0.148135 1 1 1 1
 0.148135 1 1 1 1
 0.148135 1 1 1 1
 0.148135 1 1 1 1
 0.148135 1 1 1 1
 0.148135 1 1 1 1
 0.148135 1 1 1 1
 0.148135 1 1 1 1
 0.148135 1 1 1 1
 0.148135 1 1 1 1
 0.148135 1 1 1 1
 0.148135 1 1 1 1
 0.148135 1 1 1 1
 0.148135 1 1 1 1
 0.148135 1 1 1 1
 0.148135 1 1 1 1
 0.148135 1 1 1 1
 0.148135 1 1 1 1
Scru_reclas
 1 1 1 1 1
 1 1 1 1 1
 1 1 1 1 1
 1 1 1 1 1
 1 1 1 1 1
 1 1 1 1 1
 1 1 1 1 1
 1 1 1 1 1
 1 1 1 1 1
 1 1 1 1 1
 1 1 1 1 1
 1 1 1 1 1
 1 1 1 1 1
 1 1 1 1 1
 1 1 1 1 1
 1 1 1 1 1
 1 1 1 1 1
 1 1 1 1 1
 1 1 1 1 1
 1 1 1 1 1
 1 1 1 1 1
 1 1 1 1 1
 1 1 1 1 1
 1 1 1 1 1
 1 1 1 1 1
Scru_pelaces
 1 1 1 1 1
 1 1 1 1 1
 1 1 1 1 1
 1 1 1 1 1
 1 1 1 1 1
 1 1 1 1 1
 1 1 1 1 1
 1 1 1 1 1
 1 1 1 1 1
 1 1 1 1 1
 1 1 1 1 1
 1 1 1 1 1
 1 1 1 1 1
 1 1 1 1 1
 1 1 1 1 1
 1 1 1 1 1
 1 1 1 1 1
 1 1 1 1 1
 1 1 1 1 1
 1 1 1 1 1
 1 1 1 1 1
 1 1 1 1 1
 1 1 1 1 1
 1 1 1 1 1
 1 1 1 1 1
pf_obs 
 0.256992 0.487395 0.22802 0.0275931 0
 0.321318 0.546541 0.124235 0.00734118 0.000564706
 0.182869 0.594174 0.210203 0.0122559 0.00049798
 0.330522 0.361315 0.267642 0.0388342 0.00168674
 0.649043 0.306663 0.0425973 0.00169635 0
 0.582887 0.30429 0.105238 0.00758474 0
 0.465427 0.430635 0.0974691 0.00646863 0
 0.296916 0.608066 0.0921331 0.00288517 0
 0.311714 0.524322 0.152257 0.0117073 0
 0.15457 0.633149 0.183074 0.0267441 0.00246327
 0.131901 0.49318 0.331252 0.0422183 0.00144891
 0.196976 0.569456 0.194076 0.0375587 0.00193317
 0.518974 0.381816 0.0799577 0.0180837 0.00116848
 0.0928022 0.601141 0.25162 0.0475244 0.00691264
 0.122501 0.610282 0.24278 0.0234846 0.000952079
 0.383417 0.481906 0.127806 0.00687128 0
 0.0376549 0.599619 0.316969 0.0457579 0
 0.0361596 0.667082 0.258105 0.0386534 0
 0.158088 0.579412 0.248529 0.0139706 0
 0.0477256 0.309471 0.559284 0.082774 0.000745712
 0.0406174 0.521527 0.379366 0.0568643 0.0016247
 0.151134 0.462217 0.34131 0.0453401 0
 0.294876 0.26143 0.354403 0.0886775 0.000613685
 0.281977 0.475581 0.204845 0.0348837 0.00271318
 0.0354234 0.537034 0.353287 0.0723622 0.0018943
pf_pred 
 0.120442 0.593616 0.252838 0.0330966 6.98636e-06
 0.264926 0.387943 0.23428 0.0997865 0.0130648
 0.0792909 0.703125 0.114832 0.0693475 0.0334043
 0.446044 0.299321 0.194459 0.0317584 0.0284174
 0.365265 0.554155 0.0435399 0.0282865 0.00875332
 0.127748 0.697836 0.152273 0.0119641 0.010178
 0.30177 0.389715 0.246824 0.0538589 0.00783163
 0.274354 0.56439 0.0900049 0.0570041 0.0142474
 0.333963 0.521334 0.112547 0.0179482 0.0142085
 0.321327 0.560223 0.092715 0.0200155 0.0057188
 0.0951751 0.717812 0.154373 0.0255482 0.00709126
 0.0886913 0.437193 0.376124 0.0808895 0.0171026
 0.214434 0.356971 0.205615 0.176894 0.0460864
 0.153694 0.623112 0.101422 0.058419 0.0633528
 0.227686 0.557017 0.158517 0.0258014 0.0309783
 0.297328 0.574115 0.0927196 0.0263864 0.0094514
 0.182473 0.65227 0.135022 0.0218061 0.00842845
 0.196589 0.527389 0.220227 0.0455878 0.0102081
 0.184397 0.54087 0.180345 0.0753084 0.0190799
 0.374163 0.402022 0.148424 0.0494896 0.0259017
 0.244659 0.626713 0.0826276 0.0305055 0.0154952
 0.208426 0.554759 0.196487 0.0259055 0.0144222
 0.276781 0.47721 0.172411 0.0610655 0.0125332
 0.193051 0.599078 0.137162 0.0495552 0.0211541
 0.0236468 0.627092 0.259291 0.059366 0.0306042
pobs_RECLAS
 0 0 0 0 0
 0 0 0 0 0
 0 0 0 0 0
 0 0 0 0 0
 0.835266 0.146461 0.0176864 0.000547809 3.91292e-05
 0.385257 0.428462 0.181853 0.0044286 0
 0.867414 0.0963971 0.0333333 0.00285562 0
 0.441836 0.489002 0.0689373 0.000224442 0
 0.779404 0.147425 0.0564933 0.0165055 0.000172143
 0.814271 0.122319 0.05973 0.00367925 0
 0.40263 0.566651 0.0304383 0.000280538 0
 0.475488 0.404961 0.113038 0.00651328 0
 0.955842 0.0263864 0.0167828 0.000988607 0
 0.975058 0.0227948 0.00214734 0 0
 0.738997 0.206755 0.0527124 0.00153531 0
 0.850938 0.134255 0.0134407 0.00136685 0
 0.542534 0.407297 0.0501686 0 0
 0.764087 0.199537 0.0359546 0.000420521 0
 0.470689 0.182191 0.310203 0.0369168 0
 0.84361 0.089868 0.0606195 0.00523954 0.000663233
 0.607945 0.314616 0.071237 0.00620181 0
 0.523733 0.453247 0.0230204 0 0
 0.530135 0.295979 0.169645 0.0042399 0
 0.562478 0.366248 0.0663022 0.0049721 0
 0.250443 0.683176 0.0655157 0.000865301 0
ppred_RECLAS
 0.48659 0.346502 0.147585 0.0193189 4.07803e-06
 0.71707 0.149319 0.0901745 0.0384079 0.00502866
 0.399318 0.458728 0.0749179 0.0452432 0.0217934
 0.848816 0.0816897 0.0530711 0.0086674 0.00775559
 0.7958 0.178277 0.0140072 0.00910003 0.00281603
 0.505665 0.395488 0.0862985 0.00678047 0.0057682
 0.749229 0.139967 0.0886476 0.0193436 0.00281275
 0.728935 0.210828 0.0336213 0.0212939 0.00532214
 0.780673 0.171676 0.0370618 0.00591035 0.00467887
 0.766002 0.193158 0.031967 0.00690111 0.00197177
 0.424207 0.456786 0.0982368 0.0162578 0.00451259
 0.404351 0.285758 0.245842 0.0528709 0.0111786
 0.663221 0.153037 0.0881488 0.0758358 0.0197576
 0.586369 0.304545 0.04957 0.0285522 0.0309636
 0.70056 0.215965 0.0614599 0.0100037 0.0120108
 0.749835 0.204396 0.03301 0.00939406 0.00336488
 0.608906 0.312037 0.0645929 0.0104318 0.00403205
 0.628229 0.244044 0.101908 0.0210953 0.00472372
 0.609123 0.259211 0.0864302 0.0360915 0.00914402
 0.805334 0.125048 0.0461669 0.0153937 0.00805668
 0.687876 0.258972 0.0341436 0.0126055 0.00640295
 0.642315 0.250677 0.088786 0.0117058 0.00651688
 0.723581 0.182393 0.0658966 0.0233396 0.00479029
 0.620582 0.28168 0.064492 0.0233003 0.00994641
 0.142307 0.550879 0.227778 0.052151 0.0268847
pobs_PELACES
 0 0 0 0 0
 0 0 0 0 0
 0 0 0 0 0
 0 0 0 0 0
 0 0 0 0 0
 0 0 0 0 0
 0 0 0 0 0
 0 0 0 0 0
 0 0 0 0 0
 0 0 0 0 0
 0.450072 0.473896 0.0757376 0.000293798 0
 0 0 0 0 0
 0.463077 0.371075 0.160297 0.00555027 0
 0.529543 0.364841 0.0842815 0.0213345 0
 0.631943 0.363953 0.00410389 0 0
 0.735681 0.248677 0.0153453 0.000297389 0
 0.695825 0.281241 0.0229344 0 0
 0.275771 0.60734 0.115278 0.00161068 0
 0 0 0 0 0
 0.896147 0.0623911 0.0374545 0.00400742 0
 0.803859 0.145111 0.0509908 3.86294e-05 0
 0.739449 0.233085 0.0266225 0.000797448 4.60066e-05
 0.878498 0.100942 0.0204185 0.000141795 0
 0.694673 0.275183 0.0284847 0.00165964 0
 0.469039 0.446079 0.0841089 0.000773354 0
ppred_PELACES
 0.513777 0.328154 0.13977 0.0182959 3.86209e-06
 0.748445 0.132761 0.0801745 0.0341486 0.004471
 0.491973 0.387969 0.0633619 0.0382644 0.0184318
 0.865207 0.0728332 0.0473174 0.00772772 0.00691476
 0.798606 0.175827 0.0138147 0.00897498 0.00277733
 0.54039 0.367706 0.0802364 0.00630417 0.00536301
 0.768337 0.129302 0.0818927 0.0178696 0.00259842
 0.765354 0.182502 0.0291041 0.0184329 0.00460707
 0.811104 0.147856 0.0319195 0.00509029 0.00402968
 0.784302 0.178052 0.0294669 0.00636139 0.00181756
 0.460733 0.427809 0.0920049 0.0152265 0.00422632
 0.437235 0.269982 0.232269 0.0499521 0.0105615
 0.712596 0.1306 0.0752255 0.0647177 0.016861
 0.678314 0.236849 0.0385513 0.0222054 0.0240808
 0.781879 0.157316 0.0447693 0.00728698 0.00874905
 0.782344 0.177834 0.0287203 0.00817328 0.00292761
 0.640571 0.286773 0.0593631 0.00958715 0.0037056
 0.651455 0.228797 0.0955412 0.0197774 0.00442861
 0.631205 0.244568 0.0815475 0.0340526 0.00862745
 0.821705 0.114532 0.0422844 0.0140991 0.00737914
 0.69646 0.251849 0.0332045 0.0122589 0.00622685
 0.653928 0.242538 0.0859033 0.0113257 0.00630529
 0.736095 0.174135 0.0629132 0.0222829 0.00457341
 0.634963 0.271003 0.0620475 0.0224171 0.00956941
 0.151054 0.545261 0.225455 0.0516191 0.0266105
pobs_pel_tallas
 0 0 0 0 0 0 0 0 0 0 0 0 0 0 0 0 0 0 0 0 0 0 0 0 0 0 0 0 0 0 0 0 0 0 0 0
 0 0 0 0 0 0 0 0 0 0 0 0 0 0 0 0 0 0 0 0 0 0 0 0 0 0 0 0 0 0 0 0 0 0 0 0
 0 0 0 0 0 0 0 0 0 0 0 0 0 0 0 0 0 0 0 0 0 0 0 0 0 0 0 0 0 0 0 0 0 0 0 0
 0 0 0 0 0 0 0 0 0 0 0 0 0 0 0 0 0 0 0 0 0 0 0 0 0 0 0 0 0 0 0 0 0 0 0 0
 0 0 0 0 0 0 0 0 0 0 0 0 0 0 0 0 0 0 0 0 0 0 0 0 0 0 0 0 0 0 0 0 0 0 0 0
 0 0 0 0 0 0 0 0 0 0 0 0 0 0 0 0 0 0 0 0 0 0 0 0 0 0 0 0 0 0 0 0 0 0 0 0
 0 0 0 0 0 0 0 0 0 0 0 0 0 0 0 0 0 0 0 0 0 0 0 0 0 0 0 0 0 0 0 0 0 0 0 0
 0 0 0 0 0 0 0 0 0 0 0 0 0 0 0 0 0 0 0 0 0 0 0 0 0 0 0 0 0 0 0 0 0 0 0 0
 0 0 0 0 0 0 0 0 0 0 0 0 0 0 0 0 0 0 0 0 0 0 0 0 0 0 0 0 0 0 0 0 0 0 0 0
 0 0 0 0 0 0 0 0 0 0 0 0 0 0 0 0 0 0 0 0 0 0 0 0 0 0 0 0 0 0 0 0 0 0 0 0
 0 0 0 0 0 0 0 0 1.78061e-05 0.00172719 0.00360574 0.0105946 0.0120993 0.0124554 0.0147524 0.0171206 0.0266825 0.0428682 0.0675386 0.121331 0.153587 0.119568 0.100827 0.0573624 0.0630603 0.0341343 0.0324427 0.0444173 0.0211091 0.0280891 0.0125444 0.00206551 0 0 0 0
 0 0 0 0 0 0 0 0 0 0 0 0 0 0 0 0 0 0 0 0 0 0 0 0 0 0 0 0 0 0 0 0 0 0 0 0
 0 0 0 0 0 0 0.0133647 0.0140871 0.0187388 0.0205184 0.03894 0.0496705 0.03968 0.0493445 0.0407372 0.0367815 0.0215668 0.0243155 0.0234873 0.0199281 0.019796 0.0243948 0.0301388 0.0376714 0.0412746 0.0863199 0.0771752 0.113111 0.0741005 0.0525337 0.0229764 0.00759418 0.00175318 0 0 0
 0 0 0 0 0 0 0 0 0 0 0.00219441 0.00772107 0.0458388 0.0604681 0.0671733 0.0775358 0.0609151 0.0617685 0.073594 0.0568108 0.0755445 0.0548602 0.0670107 0.0636378 0.0643287 0.046367 0.0373049 0.0286899 0.0247887 0.0153202 0.00654259 0.00121912 0.000365735 0 0 0
 0 0 0 0 0 0 0 0 0 0 0 0 0.000112435 0.00938835 0.0111873 0.0202946 0.0414886 0.0713402 0.111592 0.104902 0.108894 0.110636 0.117776 0.105296 0.107544 0.0401394 0.0192827 0.0124803 0.00416011 0.0028671 0.000618394 0 0 0 0 0
 0 0 0 0 0 0 0 0 0 0 0.00291406 0.0102884 0.027416 0.0768956 0.0749926 0.110853 0.0956884 0.0897413 0.0766577 0.0534642 0.0500743 0.0551293 0.0594112 0.0620874 0.0668451 0.0424026 0.0208742 0.0120726 0.0048766 0.00582813 0.00118941 0.000297354 0 0 0 0
 0 0.00264628 0.0354308 0.0461629 0.0458689 0.0383711 0.0214643 0.0164657 0.0346957 0.0420465 0.0363128 0.0245516 0.0311673 0.0291091 0.0169068 0.0133784 0.00837989 0.0085269 0.0148486 0.0160247 0.0276389 0.0546898 0.0760071 0.122758 0.109233 0.0665981 0.0333725 0.0166128 0.00676272 0.00308733 0.000882094 0 0 0 0 0
 0 0 0 0 0 0 0 0.000805153 0.000690131 0.00759144 0.0133425 0.0154129 0.00931677 0.000345066 0.00356568 0.00563607 0.00851162 0.0253048 0.0502646 0.0516448 0.0657925 0.0565908 0.0611916 0.0827007 0.0866115 0.110766 0.145733 0.0935128 0.0569358 0.0249597 0.0138026 0.00621118 0.00161031 0.00115022 0 0
 0 0 0 0 0 0 0 0 0 0 0 0 0 0 0 0 0 0 0 0 0 0 0 0 0 0 0 0 0 0 0 0 0 0 0 0
 0.00147267 0.00158595 0.00478618 0.00569244 0.00954404 0.0108468 0.00647125 0.017049 0.0510054 0.094081 0.124002 0.0959785 0.0687766 0.0820023 0.061753 0.0591476 0.0492212 0.0479892 0.0443925 0.0268479 0.0217502 0.0140895 0.0121071 0.0120363 0.00920419 0.00665534 0.0049561 0.00860946 0.00930331 0.0156896 0.0114698 0.00855282 0.00243557 0.00046729 0 2.83206e-05
 0 0 0 0 0.000772559 0.00158375 0.000888443 0.00281984 0.00712685 0.0440552 0.0773331 0.111326 0.0921469 0.0852325 0.0710754 0.0886704 0.0786465 0.0553345 0.0373146 0.0185414 0.00753245 0.00457741 0.012979 0.0271748 0.0457355 0.0583668 0.034881 0.0177882 0.00938659 0.00492506 0.0015258 0.00185414 0.000309023 5.79419e-05 3.86279e-05 0
 0 0.00173294 0.00326652 0 0.00397197 0.00683976 0.00946217 0.0152591 0.00757587 0.0136028 0.0228656 0.0392903 0.0559909 0.0764795 0.0681675 0.0726916 0.0566044 0.0477403 0.0527397 0.0444891 0.0609904 0.0582453 0.0661739 0.0445044 0.0529084 0.0360697 0.0280645 0.0235558 0.0158879 0.00826598 0.00280645 0.00217768 0.000904811 0.00058276 9.20147e-05 0
 0 0 0 0 0 0 0 0 0 0 0 0 0 0 0 0 0 0 0 0 0 0 0 0 0 0 0 0 0 0 0 0 0 0 0 0
 0 0 0 0 0 0 0 0 0 0 0 0 0 0 0 0 0 0 0 0 0 0 0 0 0 0 0 0 0 0 0 0 0 0 0 0
 0 0 0 0 0 0 0 0 0 0 0 0 0 0 0 0 0 0 0 0 0 0 0 0 0 0 0 0 0 0 0 0 0 0 0 0
ppred_pel_tallas
 1.0272e-16 2.24293e-05 0.00013161 0.00062555 0.00240829 0.00750992 0.0189697 0.0388163 0.0643489 0.0864388 0.0941154 0.0831422 0.0597902 0.0354482 0.0182416 0.00980891 0.00780752 0.00943531 0.012946 0.0174903 0.0225645 0.0276867 0.0323268 0.0359697 0.0382177 0.0388745 0.0379794 0.0357782 0.0326469 0.0289957 0.0251851 0.0214781 0.018031 0.0149137 0.012143 0.00971195
 1.02564e-16 3.26539e-05 0.000191656 0.000911054 0.00350762 0.0109382 0.027629 0.0565323 0.0937075 0.125844 0.136935 0.120767 0.0864064 0.0503425 0.0242749 0.0104292 0.00523133 0.00448156 0.00561541 0.00752288 0.00977247 0.0121231 0.0143567 0.0162631 0.0176725 0.0184858 0.018689 0.0183435 0.017559 0.0164602 0.015159 0.0137397 0.0122591 0.0107553 0.00925943 0.00780336
 1.03202e-16 2.14807e-05 0.000126036 0.00059904 0.0023062 0.00719156 0.0181656 0.0371714 0.0616241 0.0827847 0.0901527 0.0796793 0.0573822 0.034185 0.0178922 0.0100997 0.0085879 0.0106853 0.0147083 0.0198007 0.0254024 0.0309473 0.0358148 0.0394169 0.0413233 0.0413597 0.0396431 0.0365374 0.032552 0.0282149 0.0239654 0.020093 0.0167298 0.0138837 0.0114905 0.00946204
 1.01285e-16 3.77428e-05 0.000221538 0.00105313 0.00405466 0.0126441 0.031938 0.0653483 0.108318 0.145457 0.158256 0.139521 0.0997162 0.0578775 0.0274957 0.0111023 0.00452269 0.00286739 0.00315813 0.00413116 0.00534738 0.00662608 0.00783777 0.00886503 0.00961365 0.010029 0.010104 0.00987354 0.0094004 0.00875626 0.00800622 0.00720028 0.00637264 0.00554601 0.00473768 0.0039638
 1.00692e-16 3.48427e-05 0.000204503 0.000972121 0.00374273 0.0116714 0.0294809 0.0603218 0.0999898 0.134282 0.146123 0.128883 0.0922419 0.0537986 0.026044 0.0113584 0.00592973 0.00526918 0.00661915 0.00875688 0.011167 0.0135272 0.0155421 0.016944 0.0175431 0.0172714 0.0161981 0.0145085 0.0124557 0.0103001 0.00825778 0.00647035 0.00499985 0.00384366 0.00295915 0.00228807
 1.01727e-16 2.35913e-05 0.000138429 0.000657957 0.00253305 0.00789899 0.0199525 0.0408274 0.0676833 0.0909191 0.0989969 0.0874622 0.0629133 0.0373322 0.0192684 0.0104479 0.00840558 0.0101869 0.0139386 0.0187392 0.0240209 0.0292333 0.0337793 0.037093 0.0387585 0.0386045 0.0367397 0.0335134 0.0294199 0.0249788 0.0206317 0.0166812 0.0132799 0.0104571 0.00816413 0.0063193
 1.01941e-16 3.35212e-05 0.000196748 0.000935262 0.00360083 0.0112289 0.0283632 0.0580345 0.0961973 0.129186 0.14057 0.123968 0.0886869 0.0516505 0.0248666 0.0106158 0.00522449 0.00437694 0.00543757 0.00726632 0.00942261 0.0116644 0.0137753 0.0155483 0.0168162 0.0174833 0.0175392 0.0170496 0.0161305 0.0149143 0.013522 0.0120472 0.010554 0.00908486 0.00767049 0.00633774
 1.01322e-16 3.33931e-05 0.000195991 0.000931656 0.00358693 0.0111855 0.0282537 0.0578109 0.095828 0.128695 0.140046 0.123533 0.0884335 0.0516192 0.0250676 0.0110683 0.00597715 0.00550044 0.00700055 0.00930542 0.0119139 0.014503 0.0167696 0.0184352 0.0192972 0.0192741 0.0184222 0.0169149 0.0149945 0.0129125 0.0108787 0.00903219 0.00743727 0.00609876 0.00498631 0.00405735
 1.00865e-16 3.53866e-05 0.000207698 0.000987319 0.00380126 0.0118539 0.0299419 0.0612649 0.101552 0.136378 0.148396 0.130872 0.0936304 0.0545377 0.0262702 0.0112337 0.005546 0.00464256 0.00572664 0.0075739 0.00969345 0.0118027 0.0136511 0.01501 0.0157123 0.0156885 0.0149815 0.0137296 0.012129 0.0103853 0.00867284 0.00711011 0.00575607 0.00462119 0.00368594 0.0029187
 1.0078e-16 3.42192e-05 0.000200841 0.000954715 0.00367571 0.0114624 0.028953 0.0592417 0.0981996 0.131879 0.143509 0.126582 0.0906036 0.052861 0.025624 0.011234 0.00595151 0.00537221 0.00679088 0.00900746 0.0115136 0.0139872 0.0161291 0.0176657 0.0183989 0.0182507 0.0172802 0.0156635 0.0136459 0.0114835 0.00939183 0.00751623 0.00592649 0.00463064 0.00359806 0.00278215
 1.02167e-16 2.01203e-05 0.000118045 0.000561041 0.00215988 0.00673525 0.0170131 0.0348136 0.0577172 0.0775422 0.0844593 0.0746847 0.0538665 0.0322537 0.0171803 0.0101701 0.0091735 0.0117089 0.016201 0.0218207 0.0279827 0.0340653 0.039378 0.0432638 0.0452389 0.0451035 0.0429828 0.0392807 0.0345689 0.0294479 0.0244276 0.0198563 0.015909 0.0126186 0.00992922 0.00774788
 1.05595e-16 1.90896e-05 0.000112008 0.000532369 0.00204954 0.00639119 0.0161438 0.0330339 0.0547632 0.0735632 0.080098 0.0707634 0.0508981 0.0301974 0.0155823 0.00845763 0.00684583 0.00838618 0.0116251 0.0158799 0.020766 0.0259136 0.0308987 0.0352846 0.0387002 0.0409054 0.0418238 0.041529 0.040198 0.0380512 0.0353025 0.0321326 0.0286874 0.0250909 0.0214603 0.0179136
 1.04123e-16 3.10905e-05 0.000182478 0.000867421 0.00333963 0.0104143 0.0263057 0.0538247 0.0892197 0.119817 0.130379 0.114989 0.082281 0.0479562 0.0231574 0.0100075 0.00510903 0.00446954 0.00565379 0.00761116 0.00993606 0.0124028 0.0148054 0.0169435 0.0186517 0.0198284 0.0204482 0.0205516 0.0202199 0.019544 0.0186006 0.0174429 0.0161042 0.0146107 0.0129943 0.0113004
 1.02513e-16 2.95999e-05 0.000173717 0.00082575 0.00317915 0.00991384 0.0250417 0.0512392 0.0849371 0.114075 0.124156 0.10956 0.0785268 0.0460303 0.0227157 0.0106476 0.00663112 0.0068871 0.00908315 0.0121544 0.0155937 0.0190183 0.0220446 0.0243145 0.0255663 0.0256931 0.0247638 0.0229962 0.0206943 0.0181721 0.0156884 0.0134109 0.0114127 0.00969352 0.00821234 0.00691737
 1.01347e-16 3.41127e-05 0.000200218 0.000951755 0.00366432 0.0114269 0.0288633 0.059058 0.0978945 0.131468 0.143057 0.126173 0.0902894 0.0526339 0.0254327 0.0110131 0.00564171 0.00492583 0.00617347 0.00820247 0.0105303 0.0128678 0.0149515 0.0165378 0.0174448 0.0175918 0.0170138 0.0158456 0.0142824 0.012531 0.0107673 0.00911234 0.00762889 0.00633294 0.00521265 0.00424581
 1.00884e-16 3.41338e-05 0.00020034 0.000952331 0.00366654 0.0114338 0.0288808 0.0590938 0.0979544 0.13155 0.143151 0.126266 0.090378 0.0527302 0.0255622 0.0112096 0.0059426 0.00536815 0.00678804 0.00900549 0.0115137 0.0139914 0.0161408 0.0176887 0.0184376 0.0183099 0.0173642 0.0157753 0.0137869 0.0116531 0.00958705 0.00773189 0.00615563 0.00486513 0.00382944 0.00300244
 1.01439e-16 2.79563e-05 0.000164063 0.000779841 0.00300237 0.00936255 0.0236492 0.0483905 0.0802169 0.107742 0.117278 0.103527 0.074281 0.0437001 0.0218609 0.0107409 0.00735066 0.00813966 0.0109052 0.0146134 0.0187244 0.0227864 0.0263302 0.0289147 0.0302168 0.0301037 0.0286614 0.0261626 0.0229925 0.019555 0.0161925 0.0131386 0.0105094 0.00832523 0.00654648 0.0051086
 1.02318e-16 2.84286e-05 0.000166841 0.00079306 0.00305328 0.00952134 0.0240502 0.0492106 0.0815747 0.10956 0.119244 0.10523 0.0754321 0.0442357 0.0218676 0.0103162 0.0065209 0.00686128 0.00910775 0.0122477 0.015802 0.019406 0.0226868 0.025286 0.0269274 0.0274736 0.0269499 0.0255236 0.0234507 0.0210095 0.0184432 0.0159272 0.0135639 0.0113982 0.00944099 0.00769001
 1.02811e-16 2.75462e-05 0.000161659 0.000768421 0.00295841 0.00922548 0.0233029 0.0476818 0.0790409 0.106159 0.115547 0.101981 0.073131 0.0429423 0.0213324 0.0102376 0.00670207 0.00722446 0.00964457 0.0129719 0.0167221 0.0205127 0.0239487 0.0266528 0.0283374 0.0288658 0.0282755 0.0267546 0.0245829 0.0220588 0.0194371 0.0168945 0.0145258 0.0123624 0.0104008 0.00862703
 1.01467e-16 3.58475e-05 0.000210407 0.0010002 0.00385088 0.0120086 0.0303328 0.0620643 0.102876 0.138153 0.15032 0.13255 0.0947901 0.0551312 0.026403 0.0110295 0.00506535 0.00387977 0.00464416 0.00613872 0.00790441 0.00970807 0.0113551 0.012667 0.0135077 0.0138107 0.0135903 0.0129306 0.0119585 0.0108099 0.00960127 0.00841383 0.00729205 0.00625221 0.00529534 0.00441834
 1.01266e-16 3.03918e-05 0.000178365 0.000847843 0.0032642 0.0101791 0.0257117 0.0526102 0.0872099 0.117129 0.12748 0.112497 0.0806394 0.0472836 0.0233614 0.0109941 0.00690202 0.0072028 0.00949599 0.0126776 0.0162112 0.0196846 0.0226839 0.0248252 0.0258319 0.0255982 0.0242125 0.0219276 0.0190936 0.016073 0.0131688 0.0105817 0.00840407 0.00663988 0.00523893 0.00412999
 1.01983e-16 2.8537e-05 0.000167476 0.000796076 0.00306489 0.00955754 0.0241417 0.0493978 0.0818853 0.109978 0.119701 0.10564 0.0757399 0.0444434 0.0220207 0.0104714 0.00672691 0.0071538 0.00951052 0.0127711 0.0164386 0.0201262 0.0234372 0.0259936 0.0275087 0.0278478 0.0270532 0.0253207 0.022941 0.0202263 0.0174468 0.0147941 0.0123749 0.0102276 0.00834877 0.00671803
 1.0193e-16 3.2117e-05 0.0001885 0.000896043 0.00344981 0.0107579 0.0271737 0.055601 0.092165 0.123776 0.134694 0.118814 0.0850592 0.0496583 0.0241327 0.0106878 0.00582344 0.00541697 0.00694018 0.00927584 0.0119522 0.014667 0.0171329 0.0190792 0.0202993 0.0206931 0.0202847 0.0192054 0.0176526 0.0158383 0.0139447 0.0120999 0.0103748 0.00879593 0.00736452 0.00607372
 1.02187e-16 2.77111e-05 0.000162625 0.000773008 0.00297606 0.00928052 0.023442 0.0479664 0.0795135 0.106796 0.116246 0.102609 0.0736082 0.0432757 0.021596 0.010525 0.00709579 0.0077881 0.0104222 0.0139835 0.0179542 0.0219094 0.025409 0.0280377 0.029488 0.0296283 0.0285283 0.0264306 0.0236806 0.0206408 0.0176169 0.0148159 0.01234 0.0102081 0.0083894 0.00683593
 1.06396e-16 6.62186e-06 3.87862e-05 0.000184208 0.000708938 0.00221051 0.00558413 0.0114301 0.0189627 0.0255149 0.0278934 0.0249088 0.0184961 0.012139 0.00840897 0.00800504 0.0104585 0.0151133 0.0215014 0.0292296 0.0377813 0.0464383 0.0543428 0.0606486 0.0646994 0.0661676 0.06511 0.0619175 0.0571898 0.0515761 0.0456403 0.0397851 0.0342422 0.0291099 0.0244114 0.0201446
pSPR Fmed_Fpbrs
0.556615   0.3495 0.3495
Fs Fmed_Fpbrs
0.426329   1.005 1.005
SSBpbr Bo_Bmed_Bpbrs
922435  467320  276270 276270
Ro
32859.6
SPR SPRFo_SPRFmed_SPRFpbrs
674864 375640 235865
log_Ro
10.22
likeval ReclasPelacesDesembMPH_pf_preclas_ppelaces_ptallas_desvR_qrecl_qpela
 81.6703 61.6553 0.0282498 0.000729428 318.067 191.435 78.8103 0 22.6834 2.35058e-05 0 0 0 0 0
q_reclas_q_pelaces
0.503072 1
M
0.7
N
 21849 18346.3 7814.23 1022.88 0.215921
 38588.2 10245.5 6187.29 2635.34 345.04
 8668.95 17609.5 2875.93 1736.79 836.6
 29951.4 3530.75 2293.81 374.618 335.208
 60264 13860.3 1089 707.487 218.934
 30702.9 29653.8 6470.68 508.401 432.501
 64739.1 14167.9 8973.17 1958.02 284.715
 78522.8 30427 4852.27 3073.16 768.097
 120537 35221.9 7603.79 1212.6 959.941
 183390 54222.5 8973.64 1937.25 553.507
 63931.7 86164.8 18530.7 3066.76 851.222
 33865 29363.6 25261.9 5432.85 1148.68
 47879.3 15662.3 9021.44 7761.29 2022.06
 22216.4 21058.5 3427.64 1974.31 2141.05
 15208.8 8949.51 2546.87 414.548 497.723
 16803.8 6031.73 974.125 277.219 99.2977
 12057.5 7582.8 1569.67 253.501 97.9828
 12320.7 5576.06 2328.45 481.998 107.93
 11828 5801.75 1934.5 807.81 204.664
 30570.4 5590.48 2063.96 688.197 360.186
 35837.1 14341.2 1890.79 698.065 354.58
 41326.7 17422.4 6170.75 813.569 452.932
 71991.2 19978.8 7218.14 2556.56 524.716
 69388.7 34573.7 7915.82 2859.9 1220.83
 7751.17 33357.8 13792.8 3157.94 1627.97
pred_Ctot
 878.221 4328.45 1843.61 241.329 0.0509422
 2259.77 3309.08 1998.36 851.16 111.44
 1133.98 10055.8 1642.27 991.774 477.732
 1473.25 988.638 642.286 104.896 93.861
 394.804 598.97 47.061 30.574 9.46121
 1568.85 8569.98 1870.04 146.929 124.993
 2501.12 3230.02 2045.71 446.39 64.9097
 5493.97 11302 1802.36 1141.51 285.307
 8206.64 12811 2765.67 441.049 349.153
 7124.79 12421.8 2055.77 443.805 126.803
 3468.16 26156.9 5625.32 930.971 258.404
 1678.97 8276.29 7120.22 1531.28 323.762
 3963.44 6597.99 3800.43 3269.57 851.826
 3052.95 12377.4 2014.64 1160.43 1258.43
 2231.07 5458.15 1553.29 252.825 303.553
 1109.22 2141.82 345.904 98.4381 35.2598
 598.431 2139.16 442.813 71.5144 27.6416
 459.851 1233.64 515.145 106.637 23.8784
 411.235 1206.22 402.197 167.949 42.5511
 1219.91 1310.75 483.917 161.355 84.4494
 542.067 1388.55 183.07 67.588 34.3311
 788.186 2097.88 743.039 97.9643 54.5389
 1706.49 2942.23 1063 376.498 77.2734
 1595.5 4951.18 1133.6 409.557 174.831
 202.032 5357.72 2215.32 507.208 261.474
F
 0.0573181 0.386933 0.386933 0.386933 0.386933
 0.0845051 0.570462 0.570462 0.570462 0.570462
 0.198237 1.33823 1.33823 1.33823 1.33823
 0.0705492 0.476251 0.476251 0.476251 0.476251
 0.00914642 0.061744 0.061744 0.061744 0.061744
 0.0733784 0.49535 0.49535 0.49535 0.49535
 0.0550369 0.371533 0.371533 0.371533 0.371533
 0.101721 0.686683 0.686683 0.686683 0.686683
 0.0988616 0.667377 0.667377 0.667377 0.667377
 0.0553533 0.373669 0.373669 0.373669 0.373669
 0.0780614 0.526963 0.526963 0.526963 0.526963
 0.0711268 0.48015 0.48015 0.48015 0.48015
 0.121379 0.819385 0.819385 0.819385 0.819385
 0.209231 1.41244 1.41244 1.41244 1.41244
 0.224841 1.51781 1.51781 1.51781 1.51781
 0.0957201 0.64617 0.64617 0.64617 0.64617
 0.0712052 0.480679 0.480679 0.480679 0.480679
 0.0531256 0.358631 0.358631 0.358631 0.358631
 0.0494076 0.333532 0.333532 0.333532 0.333532
 0.0568941 0.384071 0.384071 0.384071 0.384071
 0.0212305 0.143319 0.143319 0.143319 0.143319
 0.0268355 0.181157 0.181157 0.181157 0.181157
 0.0334502 0.22581 0.22581 0.22581 0.22581
 0.0324333 0.218945 0.218945 0.218945 0.218945
 0.0368362 0.248667 0.248667 0.248667 0.248667
nmprior
 10.6 11 7 0
nm_flota  nm_reclas  nm_pelaces    nm_pelaL
inf 23.9132 20.3903 50.379
cv_recla  cv_pelaces  cv_mph
0.817442 0.890343 0.876253
 ------------------------------------------------
Talla a la edad & desviación 
 7.2 14.2025 17.0495 18.207 18.6776
 1.08 2.13037 2.55742 2.73105 2.80164
