years
 1997 1998 1999 2000 2001 2002 2003 2004 2005 2006 2007 2008 2009 2010 2011 2012 2013 2014 2015 2016 2017 2018 2019 2020 2021
reclasobs
 0 0 0 370054 412103 1.49427e+06 250295 1.28982e+06 931140 785840 897777 1.04006e+06 184774 17550 25797 100020 73551 82996 120727 218422 84188 347160 605670 569463 516374
reclaspred
 2.70171e+06 320759 413782 107884 231558 234477 486282 444550 523393 1.11413e+06 1.03347e+06 619168 375276 166722 99351.4 93651.5 103425 120060 97354.1 164076 298844 256970 430816 508859 383669
pelacesobs
 0 0 0 0 0 0 0 0 0 2.06254e+06 1.5e+06 0 1.87456e+06 323000 250000 174000 83755 137374 0 501740 490994 745055 786931 1.00524e+06 1.33801e+06
pelacespred
 1.50246e+06 590638 165439 102090 200897 126452 447903 377685 438565 992498 717097 432664 303565 102627 63533.5 63123.3 71939.3 84846.7 66354.7 123020 241361 196776 265968 353797 249257
mphobs
 0 0 0 0 0 112323 0 153150 637223 0 255016 313432 73983 77613 109348 50772 0 0 0 0 0 0 0 0 0
mphpred
 2.50162e+06 1.062e+06 430829 199016 101528 300073 293762 415358 462089 621950 1.30647e+06 865356 436011 261976 111759 87065.6 96039.8 112365 115471 102445 230536 300863 326017 485416 517658
desembarqueobs
 350755 77701 442110 56441 14545 235359 269955 359681 431902 328805 639364 411747 362871 311530 167758 66681 60226 58785 57116 73181 50977 67692 138656 160484 209506
desembarquepred
 350746 77683 441599 56418.9 14543.1 235145 269780 359003 431359 328511 638558 411259 362085 310937 167356 66619.4 60193.5 58730.8 57056.7 73087.6 50961.7 67645.3 138556 160384 209370
Reclutas
 2418.37 3701.27 466.733 2653.96 55749.2 11054.2 54209.9 73174.8 76303.5 243028 41556.4 15005.2 59496.9 23199.8 14482.2 14479.4 9494.51 9260.6 6126.94 27686.8 28948.4 25633.7 62221.2 44121.4 455.955
log_desv_Rt
 -1.88915 -1.46357 -3.53424 -1.79619 1.24862 -0.369431 1.22062 1.52061 1.56247 2.72093 0.954806 -0.0638461 1.31368 0.3719 -0.0993226 -0.0995152 -0.521531 -0.546476 -0.95955 0.548711 0.593271 0.471665 1.35845 1.0147 -3.55761
SSB
 2.50162e+06 1.062e+06 430829 199016 101528 300073 293762 415358 462089 621950 1.30647e+06 865356 436011 261976 111759 87065.6 96039.8 112365 115471 102445 230536 300863 326017 485416 517658
BT
 2.90825e+06 1.22909e+06 549946 251209 372478 408975 1.00646e+06 1.05459e+06 1.1746e+06 2.07835e+06 1.8326e+06 1.14196e+06 906627 479341 251349 167626 177395 199325 168373 280392 471711 416574 573739 760795 620708
Ftot
 0.0980105 0.183842 0.758147 0.4103 0.142816 0.78607 0.862469 1.22965 1.11653 0.576107 0.511252 0.518245 1.12291 1.69559 1.85558 0.800655 0.625263 0.510252 0.523435 0.724028 0.195215 0.245767 0.350399 0.30507 0.4017
BD_Bspro_t
 0.984487 0.881308 0.675038 0.340434 0.360398 0.678658 0.475538 0.503605 0.477748 0.505905 0.647559 0.469758 0.314729 0.248845 0.142308 0.138276 0.197741 0.292671 0.351375 0.381351 0.604356 0.717572 0.698767 0.715741 0.671213
BD_Bspro
 7.61548 3.23295 1.31154 0.605848 0.309074 0.913489 0.894276 1.26444 1.4067 1.89335 3.97719 2.63433 1.32731 0.797511 0.34022 0.265047 0.292366 0.342063 0.35152 0.311864 0.701801 0.915892 0.992465 1.47771 1.57586
BD_Bo
 2.44925 1.03976 0.42181 0.19485 0.0994028 0.293792 0.287613 0.406663 0.452416 0.608931 1.27913 0.847241 0.426883 0.256491 0.10942 0.085243 0.0940294 0.110013 0.113054 0.1003 0.22571 0.294565 0.319192 0.475255 0.506822
BD_Brms
 8.06805 3.42508 1.38948 0.641853 0.327441 0.967776 0.947421 1.33958 1.4903 2.00587 4.21355 2.79089 1.40619 0.844906 0.360439 0.280798 0.309741 0.362392 0.37241 0.330397 0.743508 0.970322 1.05145 1.56553 1.66952
S_f
 0.135315 1 1 1 1
 0.135315 1 1 1 1
 0.135315 1 1 1 1
 0.135315 1 1 1 1
 0.135315 1 1 1 1
 0.135315 1 1 1 1
 0.135315 1 1 1 1
 0.135315 1 1 1 1
 0.135315 1 1 1 1
 0.135315 1 1 1 1
 0.135315 1 1 1 1
 0.135315 1 1 1 1
 0.135315 1 1 1 1
 0.135315 1 1 1 1
 0.135315 1 1 1 1
 0.135315 1 1 1 1
 0.135315 1 1 1 1
 0.135315 1 1 1 1
 0.135315 1 1 1 1
 0.135315 1 1 1 1
 0.135315 1 1 1 1
 0.135315 1 1 1 1
 0.135315 1 1 1 1
 0.135315 1 1 1 1
 0.135315 1 1 1 1
Scru_reclas
 0.774238 1 1 1 1
 0.774238 1 1 1 1
 0.774238 1 1 1 1
 0.774238 1 1 1 1
 0.774238 1 1 1 1
 0.774238 1 1 1 1
 0.774238 1 1 1 1
 0.774238 1 1 1 1
 0.774238 1 1 1 1
 0.774238 1 1 1 1
 0.774238 1 1 1 1
 0.774238 1 1 1 1
 0.774238 1 1 1 1
 0.774238 1 1 1 1
 0.774238 1 1 1 1
 0.774238 1 1 1 1
 0.774238 1 1 1 1
 0.774238 1 1 1 1
 0.774238 1 1 1 1
 0.774238 1 1 1 1
 0.774238 1 1 1 1
 0.774238 1 1 1 1
 0.774238 1 1 1 1
 0.774238 1 1 1 1
 0.774238 1 1 1 1
Scru_pelaces
 1 1 1 1 1
 1 1 1 1 1
 1 1 1 1 1
 1 1 1 1 1
 1 1 1 1 1
 1 1 1 1 1
 1 1 1 1 1
 1 1 1 1 1
 1 1 1 1 1
 1 1 1 1 1
 1 1 1 1 1
 1 1 1 1 1
 1 1 1 1 1
 1 1 1 1 1
 1 1 1 1 1
 1 1 1 1 1
 1 1 1 1 1
 1 1 1 1 1
 1 1 1 1 1
 1 1 1 1 1
 1 1 1 1 1
 1 1 1 1 1
 1 1 1 1 1
 1 1 1 1 1
 1 1 1 1 1
pf_obs 
 0.256992 0.487395 0.22802 0.0275931 0
 0.321318 0.546541 0.124235 0.00734118 0.000564706
 0.182869 0.594174 0.210203 0.0122559 0.00049798
 0.330522 0.361315 0.267642 0.0388342 0.00168674
 0.649043 0.306663 0.0425973 0.00169635 0
 0.582887 0.30429 0.105238 0.00758474 0
 0.465427 0.430635 0.0974691 0.00646863 0
 0.296916 0.608066 0.0921331 0.00288517 0
 0.311714 0.524322 0.152257 0.0117073 0
 0.15457 0.633149 0.183074 0.0267441 0.00246327
 0.131901 0.49318 0.331252 0.0422183 0.00144891
 0.196976 0.569456 0.194076 0.0375587 0.00193317
 0.518974 0.381816 0.0799577 0.0180837 0.00116848
 0.0928022 0.601141 0.25162 0.0475244 0.00691264
 0.122501 0.610282 0.24278 0.0234846 0.000952079
 0.383417 0.481906 0.127806 0.00687128 0
 0.0376549 0.599619 0.316969 0.0457579 0
 0.0361596 0.667082 0.258105 0.0386534 0
 0.158088 0.579412 0.248529 0.0139706 0
 0.0477256 0.309471 0.559284 0.082774 0.000745712
 0.0406174 0.521527 0.379366 0.0568643 0.0016247
 0.151134 0.462217 0.34131 0.0453401 0
 0.294876 0.26143 0.354403 0.0886775 0.000613685
 0.281977 0.475581 0.204845 0.0348837 0.00271318
 0.0354234 0.537034 0.353287 0.0723622 0.0018943
pf_pred 
 0.00343854 0.638467 0.316574 0.0415194 1.07002e-06
 0.011656 0.0257436 0.616709 0.305786 0.0401055
 0.00399118 0.0867155 0.0236845 0.567383 0.318226
 0.0770307 0.0386096 0.076995 0.0210296 0.786335
 0.733373 0.114857 0.00634882 0.0126608 0.13276
 0.0649297 0.894049 0.0176713 0.000976794 0.0223736
 0.465876 0.232029 0.288842 0.0057091 0.00754388
 0.362131 0.580187 0.0250574 0.0311929 0.00143123
 0.3036 0.619416 0.0700228 0.00302418 0.0039374
 0.514332 0.414167 0.0635969 0.0071894 0.000714762
 0.0524321 0.864949 0.0704554 0.0108187 0.00134461
 0.0421358 0.331279 0.571953 0.0465891 0.00804307
 0.334738 0.197378 0.161818 0.279379 0.0266859
 0.155944 0.734576 0.0324819 0.0266299 0.0503682
 0.228692 0.597849 0.15096 0.00667525 0.0158236
 0.284957 0.614304 0.0780837 0.0197166 0.00293853
 0.168947 0.678374 0.131169 0.0166728 0.00483745
 0.189855 0.54562 0.215927 0.0417514 0.00684675
 0.138928 0.595144 0.179098 0.0708775 0.0159522
 0.509444 0.298292 0.132887 0.0399899 0.0193877
 0.236728 0.700234 0.0383314 0.0170763 0.0076302
 0.162774 0.599526 0.218068 0.0119372 0.00769416
 0.324889 0.417585 0.184411 0.0670767 0.00603851
 0.155032 0.683463 0.0998976 0.0441161 0.0174911
 0.00207616 0.610635 0.313264 0.0457879 0.0282376
pobs_RECLAS
 0 0 0 0 0
 0 0 0 0 0
 0 0 0 0 0
 0 0 0 0 0
 0.835266 0.146461 0.0176864 0.000547809 3.91292e-05
 0.385257 0.428462 0.181853 0.0044286 0
 0.867414 0.0963971 0.0333333 0.00285562 0
 0.441836 0.489002 0.0689373 0.000224442 0
 0.779404 0.147425 0.0564933 0.0165055 0.000172143
 0.814271 0.122319 0.05973 0.00367925 0
 0.40263 0.566651 0.0304383 0.000280538 0
 0.475488 0.404961 0.113038 0.00651328 0
 0.955842 0.0263864 0.0167828 0.000988607 0
 0.975058 0.0227948 0.00214734 0 0
 0.738997 0.206755 0.0527124 0.00153531 0
 0.850938 0.134255 0.0134407 0.00136685 0
 0.542534 0.407297 0.0501686 0 0
 0.764087 0.199537 0.0359546 0.000420521 0
 0.470689 0.182191 0.310203 0.0369168 0
 0.84361 0.089868 0.0606195 0.00523954 0.000663233
 0.607945 0.314616 0.071237 0.00620181 0
 0.523733 0.453247 0.0230204 0 0
 0.530135 0.295979 0.169645 0.0042399 0
 0.562478 0.366248 0.0663022 0.0049721 0
 0.250443 0.683176 0.0655157 0.000865301 0
ppred_RECLAS
 0.0194607 0.628202 0.311484 0.0408519 1.05282e-06
 0.0638408 0.0243843 0.584147 0.28964 0.0379879
 0.0237759 0.084993 0.0232141 0.556112 0.311905
 0.32917 0.0280621 0.0559613 0.0152847 0.571522
 0.940701 0.0255446 0.001412 0.0028158 0.0295263
 0.297421 0.671757 0.0132776 0.000733929 0.0168108
 0.842859 0.0682636 0.0849784 0.00167964 0.00221943
 0.785442 0.195156 0.00842849 0.0104923 0.000481417
 0.734574 0.236084 0.0266884 0.00115263 0.0015007
 0.86336 0.116524 0.0178926 0.0020227 0.000201094
 0.247082 0.687271 0.0559824 0.00859632 0.0010684
 0.207011 0.274256 0.473504 0.0385698 0.00665863
 0.761731 0.0706924 0.0579565 0.100062 0.00955777
 0.561793 0.381369 0.0168636 0.0138254 0.0261496
 0.679143 0.2487 0.0627982 0.00277684 0.00658249
 0.708751 0.250217 0.0318049 0.00803093 0.00119692
 0.549285 0.367911 0.0711387 0.00904238 0.00262355
 0.58154 0.281826 0.111532 0.0215656 0.00353652
 0.489257 0.353008 0.106232 0.0420408 0.00946201
 0.862804 0.0834249 0.0371651 0.0111842 0.00542227
 0.642184 0.328264 0.0179695 0.00800525 0.00357698
 0.530272 0.336366 0.122348 0.00669743 0.00431683
 0.737936 0.162098 0.0715845 0.0260377 0.00234402
 0.516883 0.390776 0.0571173 0.0252238 0.0100007
 0.0120757 0.604516 0.310125 0.045329 0.0279546
pobs_PELACES
 0 0 0 0 0
 0 0 0 0 0
 0 0 0 0 0
 0 0 0 0 0
 0 0 0 0 0
 0 0 0 0 0
 0 0 0 0 0
 0 0 0 0 0
 0 0 0 0 0
 0 0 0 0 0
 0.450072 0.473896 0.0757376 0.000293798 0
 0 0 0 0 0
 0.463077 0.371075 0.160297 0.00555027 0
 0.529543 0.364841 0.0842815 0.0213345 0
 0.631943 0.363953 0.00410389 0 0
 0.735681 0.248677 0.0153453 0.000297389 0
 0.695825 0.281241 0.0229344 0 0
 0.275771 0.60734 0.115278 0.00161068 0
 0 0 0 0 0
 0.896147 0.0623911 0.0374545 0.00400742 0
 0.803859 0.145111 0.0509908 3.86294e-05 0
 0.739449 0.233085 0.0266225 0.000797448 4.60066e-05
 0.878498 0.100942 0.0204185 0.000141795 0
 0.694673 0.275183 0.0284847 0.00165964 0
 0.469039 0.446079 0.0841089 0.000773354 0
ppred_PELACES
 0.0256842 0.624215 0.309507 0.0405926 1.04613e-06
 0.0849389 0.0238348 0.570982 0.283113 0.0371318
 0.0375862 0.0837907 0.0228857 0.548245 0.307492
 0.416055 0.0244276 0.0487133 0.013305 0.497499
 0.955241 0.0192813 0.00106579 0.00212539 0.0222867
 0.406264 0.567689 0.0112206 0.000620229 0.0142065
 0.898588 0.0440543 0.0548413 0.00108396 0.00143233
 0.870391 0.117889 0.00509144 0.00633811 0.000290812
 0.830958 0.150355 0.0169971 0.000734081 0.000955754
 0.90583 0.0803062 0.0123313 0.00139401 0.000138591
 0.329052 0.612448 0.0498876 0.00766044 0.000952081
 0.281046 0.248651 0.429297 0.0349689 0.00603697
 0.850495 0.044357 0.0363656 0.0627852 0.00599716
 0.728722 0.236091 0.0104396 0.00855881 0.0161882
 0.822765 0.137377 0.0346884 0.00153387 0.00363604
 0.797971 0.173566 0.0220618 0.00557075 0.000830255
 0.652959 0.283283 0.0547752 0.00696243 0.00202007
 0.674931 0.218929 0.0866404 0.0167526 0.00274724
 0.589587 0.283664 0.0853635 0.0337824 0.0076033
 0.90898 0.0553462 0.0246563 0.00741987 0.00359728
 0.710216 0.265851 0.0145529 0.00648319 0.00289688
 0.609983 0.279286 0.101586 0.0055609 0.00358428
 0.800773 0.123231 0.0544203 0.0197945 0.00178198
 0.601204 0.322572 0.0471483 0.0208213 0.00825522
 0.017397 0.60126 0.308454 0.0450849 0.027804
pobs_pel_tallas
 0 0 0 0 0 0 0 0 0 0 0 0 0 0 0 0 0 0 0 0 0 0 0 0 0 0 0 0 0 0 0 0 0 0 0 0
 0 0 0 0 0 0 0 0 0 0 0 0 0 0 0 0 0 0 0 0 0 0 0 0 0 0 0 0 0 0 0 0 0 0 0 0
 0 0 0 0 0 0 0 0 0 0 0 0 0 0 0 0 0 0 0 0 0 0 0 0 0 0 0 0 0 0 0 0 0 0 0 0
 0 0 0 0 0 0 0 0 0 0 0 0 0 0 0 0 0 0 0 0 0 0 0 0 0 0 0 0 0 0 0 0 0 0 0 0
 0 0 0 0 0 0 0 0 0 0 0 0 0 0 0 0 0 0 0 0 0 0 0 0 0 0 0 0 0 0 0 0 0 0 0 0
 0 0 0 0 0 0 0 0 0 0 0 0 0 0 0 0 0 0 0 0 0 0 0 0 0 0 0 0 0 0 0 0 0 0 0 0
 0 0 0 0 0 0 0 0 0 0 0 0 0 0 0 0 0 0 0 0 0 0 0 0 0 0 0 0 0 0 0 0 0 0 0 0
 0 0 0 0 0 0 0 0 0 0 0 0 0 0 0 0 0 0 0 0 0 0 0 0 0 0 0 0 0 0 0 0 0 0 0 0
 0 0 0 0 0 0 0 0 0 0 0 0 0 0 0 0 0 0 0 0 0 0 0 0 0 0 0 0 0 0 0 0 0 0 0 0
 0 0 0 0 0 0 0 0 0 0 0 0 0 0 0 0 0 0 0 0 0 0 0 0 0 0 0 0 0 0 0 0 0 0 0 0
 0 0 0 0 0 0 0 0 1.78061e-05 0.00172719 0.00360574 0.0105946 0.0120993 0.0124554 0.0147524 0.0171206 0.0266825 0.0428682 0.0675386 0.121331 0.153587 0.119568 0.100827 0.0573624 0.0630603 0.0341343 0.0324427 0.0444173 0.0211091 0.0280891 0.0125444 0.00206551 0 0 0 0
 0 0 0 0 0 0 0 0 0 0 0 0 0 0 0 0 0 0 0 0 0 0 0 0 0 0 0 0 0 0 0 0 0 0 0 0
 0 0 0 0 0 0 0.0133647 0.0140871 0.0187388 0.0205184 0.03894 0.0496705 0.03968 0.0493445 0.0407372 0.0367815 0.0215668 0.0243155 0.0234873 0.0199281 0.019796 0.0243948 0.0301388 0.0376714 0.0412746 0.0863199 0.0771752 0.113111 0.0741005 0.0525337 0.0229764 0.00759418 0.00175318 0 0 0
 0 0 0 0 0 0 0 0 0 0 0.00219441 0.00772107 0.0458388 0.0604681 0.0671733 0.0775358 0.0609151 0.0617685 0.073594 0.0568108 0.0755445 0.0548602 0.0670107 0.0636378 0.0643287 0.046367 0.0373049 0.0286899 0.0247887 0.0153202 0.00654259 0.00121912 0.000365735 0 0 0
 0 0 0 0 0 0 0 0 0 0 0 0 0.000112435 0.00938835 0.0111873 0.0202946 0.0414886 0.0713402 0.111592 0.104902 0.108894 0.110636 0.117776 0.105296 0.107544 0.0401394 0.0192827 0.0124803 0.00416011 0.0028671 0.000618394 0 0 0 0 0
 0 0 0 0 0 0 0 0 0 0 0.00291406 0.0102884 0.027416 0.0768956 0.0749926 0.110853 0.0956884 0.0897413 0.0766577 0.0534642 0.0500743 0.0551293 0.0594112 0.0620874 0.0668451 0.0424026 0.0208742 0.0120726 0.0048766 0.00582813 0.00118941 0.000297354 0 0 0 0
 0 0.00264628 0.0354308 0.0461629 0.0458689 0.0383711 0.0214643 0.0164657 0.0346957 0.0420465 0.0363128 0.0245516 0.0311673 0.0291091 0.0169068 0.0133784 0.00837989 0.0085269 0.0148486 0.0160247 0.0276389 0.0546898 0.0760071 0.122758 0.109233 0.0665981 0.0333725 0.0166128 0.00676272 0.00308733 0.000882094 0 0 0 0 0
 0 0 0 0 0 0 0 0.000805153 0.000690131 0.00759144 0.0133425 0.0154129 0.00931677 0.000345066 0.00356568 0.00563607 0.00851162 0.0253048 0.0502646 0.0516448 0.0657925 0.0565908 0.0611916 0.0827007 0.0866115 0.110766 0.145733 0.0935128 0.0569358 0.0249597 0.0138026 0.00621118 0.00161031 0.00115022 0 0
 0 0 0 0 0 0 0 0 0 0 0 0 0 0 0 0 0 0 0 0 0 0 0 0 0 0 0 0 0 0 0 0 0 0 0 0
 0.00147267 0.00158595 0.00478618 0.00569244 0.00954404 0.0108468 0.00647125 0.017049 0.0510054 0.094081 0.124002 0.0959785 0.0687766 0.0820023 0.061753 0.0591476 0.0492212 0.0479892 0.0443925 0.0268479 0.0217502 0.0140895 0.0121071 0.0120363 0.00920419 0.00665534 0.0049561 0.00860946 0.00930331 0.0156896 0.0114698 0.00855282 0.00243557 0.00046729 0 2.83206e-05
 0 0 0 0 0.000772559 0.00158375 0.000888443 0.00281984 0.00712685 0.0440552 0.0773331 0.111326 0.0921469 0.0852325 0.0710754 0.0886704 0.0786465 0.0553345 0.0373146 0.0185414 0.00753245 0.00457741 0.012979 0.0271748 0.0457355 0.0583668 0.034881 0.0177882 0.00938659 0.00492506 0.0015258 0.00185414 0.000309023 5.79419e-05 3.86279e-05 0
 0 0.00173294 0.00326652 0 0.00397197 0.00683976 0.00946217 0.0152591 0.00757587 0.0136028 0.0228656 0.0392903 0.0559909 0.0764795 0.0681675 0.0726916 0.0566044 0.0477403 0.0527397 0.0444891 0.0609904 0.0582453 0.0661739 0.0445044 0.0529084 0.0360697 0.0280645 0.0235558 0.0158879 0.00826598 0.00280645 0.00217768 0.000904811 0.00058276 9.20147e-05 0
 0 0 0 0 0 0 0 0 0 0 0 0 0 0 0 0 0 0 0 0 0 0 0 0 0 0 0 0 0 0 0 0 0 0 0 0
 0 0 0 0 0 0 0 0 0 0 0 0 0 0 0 0 0 0 0 0 0 0 0 0 0 0 0 0 0 0 0 0 0 0 0 0
 0 0 0 0 0 0 0 0 0 0 0 0 0 0 0 0 0 0 0 0 0 0 0 0 0 0 0 0 0 0 0 0 0 0 0 0
ppred_pel_tallas
 1.05992e-16 1.15864e-06 6.70437e-06 3.16697e-05 0.000121595 0.000378879 0.00095771 0.00196473 0.00327627 0.00445901 0.00500813 0.00478839 0.00423747 0.00410934 0.0050588 0.00746459 0.0115107 0.0172878 0.0247734 0.0337331 0.0436421 0.0536914 0.0628934 0.0702646 0.0750324 0.0767957 0.0755924 0.0718479 0.0662358 0.0595015 0.052309 0.0451527 0.0383421 0.0320376 0.0263085 0.0211834
 1.19576e-16 3.71838e-06 2.17868e-05 0.000103494 0.000398342 0.00124205 0.0031373 0.00641993 0.0106444 0.0143036 0.0155875 0.0138029 0.00999973 0.00608379 0.00343704 0.00239221 0.00265527 0.00389489 0.00599533 0.00902318 0.0131157 0.018391 0.0248867 0.0325151 0.0410331 0.0500319 0.058954 0.0671421 0.0739146 0.0786599 0.0809278 0.0805019 0.0774355 0.0720406 0.0648368 0.0564668
 1.33559e-16 1.65366e-06 9.66548e-06 4.58686e-05 0.000176471 0.000550163 0.0013897 0.00284442 0.00471871 0.00634871 0.00693939 0.00619436 0.00459519 0.00301116 0.00209021 0.00202646 0.00274457 0.00415527 0.00626027 0.00913122 0.0128575 0.0175094 0.0231182 0.0296647 0.0370673 0.0451666 0.0537074 0.0623256 0.0705503 0.0778296 0.0835857 0.0872917 0.0885562 0.0871935 0.0832652 0.0770775
 1.24403e-16 1.81546e-05 0.000106545 0.000506456 0.00194987 0.00608044 0.0153586 0.0314253 0.0520897 0.0699512 0.0761108 0.0671115 0.0479896 0.0279065 0.0133633 0.00559952 0.00264326 0.00219627 0.0029008 0.00424656 0.00613987 0.00862212 0.0117536 0.0155716 0.0200689 0.0251761 0.030747 0.0365504 0.0422745 0.047547 0.0519715 0.0551765 0.0568682 0.0568763 0.0551811 0.0519211
 1.01136e-16 4.16663e-05 0.000244578 0.00116267 0.00447647 0.0139595 0.0352605 0.072146 0.119584 0.160579 0.174692 0.153974 0.109963 0.0636578 0.0299263 0.011532 0.00383377 0.00140724 0.000954668 0.00109709 0.0013977 0.00173532 0.00206563 0.00236067 0.00260113 0.00277829 0.00289463 0.00296101 0.00299156 0.00299802 0.00298576 0.0029527 0.00289118 0.00279169 0.00264697 0.00245513
 1.0103e-16 1.77507e-05 0.000104121 0.000494816 0.00190485 0.00593992 0.0150043 0.0307045 0.0509102 0.0684133 0.074559 0.066032 0.0478472 0.0290919 0.0162988 0.0108867 0.0111175 0.0148422 0.0206524 0.0277138 0.0353132 0.0426273 0.0487386 0.052792 0.054189 0.0527348 0.0486891 0.042694 0.0356125 0.0283276 0.0215684 0.0158081 0.0112447 0.00785013 0.00545287 0.00382254
 1.00898e-16 3.91972e-05 0.000230079 0.00109374 0.00421104 0.0131318 0.0331697 0.0678684 0.112494 0.151062 0.164347 0.144873 0.103502 0.0599967 0.0283552 0.0111932 0.00416192 0.00217395 0.00213607 0.00274902 0.00358535 0.00449923 0.00540468 0.00622471 0.0068921 0.00735869 0.00760127 0.0076209 0.00743718 0.00708033 0.00658427 0.00598273 0.00530839 0.00459337 0.0038697 0.00316837
 1.00343e-16 3.79705e-05 0.000222871 0.00105946 0.00407902 0.0127201 0.0321299 0.0657413 0.108971 0.146337 0.159222 0.140395 0.100388 0.0583632 0.0279046 0.0115736 0.00518251 0.00381614 0.00446695 0.00583184 0.0074155 0.00896589 0.0102781 0.0111721 0.0115221 0.0112849 0.0105105 0.00932742 0.00790959 0.0064354 0.00505241 0.0038567 0.00288933 0.00214646 0.00159624 0.00119574
 1.00361e-16 3.62524e-05 0.000212781 0.00101148 0.00389429 0.012144 0.0306748 0.0627643 0.104037 0.139715 0.152027 0.134072 0.0959152 0.0558595 0.0268893 0.0114669 0.00561161 0.00464315 0.00569162 0.00749801 0.00955531 0.0115715 0.0132896 0.0144785 0.014974 0.0147159 0.0137624 0.0122718 0.0104619 0.00855863 0.00675117 0.00516611 0.0038621 0.00284172 0.0020717 0.00150331
 1.00256e-16 3.95143e-05 0.000231938 0.00110257 0.00424503 0.0132378 0.0334375 0.0684164 0.113404 0.152286 0.165685 0.14607 0.104395 0.060589 0.0287747 0.0115995 0.00468825 0.00291438 0.00314938 0.00405679 0.00516175 0.0062606 0.00720741 0.00787702 0.00818024 0.00808285 0.00761296 0.0068519 0.00591268 0.00491311 0.00395253 0.00309802 0.0023818 0.00180734 0.00135983 0.00101655
 1.01216e-16 1.43858e-05 8.43619e-05 0.000400869 0.00154311 0.00481184 0.0121549 0.0248749 0.0412489 0.0554446 0.0604625 0.0536361 0.0390571 0.0241306 0.0142071 0.010506 0.0116891 0.0160657 0.0225016 0.030262 0.038633 0.0467423 0.0536015 0.058281 0.0601195 0.0588837 0.0548241 0.048602 0.0411196 0.0333082 0.0259455 0.0195468 0.0143444 0.0103371 0.00737421 0.00524164
 1.07659e-16 1.22787e-05 7.20226e-05 0.000342275 0.00131763 0.00410876 0.0103786 0.0212378 0.035211 0.0473085 0.0515371 0.0455929 0.0329293 0.0198118 0.0107365 0.00666809 0.00640741 0.00851087 0.0121064 0.0167899 0.0223065 0.0283594 0.0345639 0.0404829 0.0456927 0.0498436 0.052699 0.0541426 0.0541626 0.0528249 0.0502522 0.0466128 0.0421198 0.0370283 0.0316248 0.026205
 1.02969e-16 3.71e-05 0.000217767 0.00103521 0.00398568 0.012429 0.0313945 0.0642362 0.106474 0.142978 0.155553 0.137124 0.0979728 0.0568042 0.0268712 0.0106525 0.00403652 0.0022139 0.00226374 0.00296401 0.00391836 0.00499713 0.00612667 0.00724006 0.00827625 0.00918669 0.00993873 0.0105132 0.0108986 0.0110852 0.0110625 0.0108209 0.0103576 0.00968294 0.00882437 0.00782646
 1.01276e-16 3.17979e-05 0.000186621 0.000887098 0.00341535 0.0106504 0.0269022 0.0550461 0.0912469 0.122548 0.133371 0.117679 0.0843166 0.0493647 0.0242497 0.0111767 0.00669958 0.00674438 0.00879506 0.0117037 0.0149307 0.0180798 0.0207628 0.0226241 0.023413 0.023043 0.0216119 0.0193726 0.0166669 0.0138436 0.0111891 0.00888647 0.00700994 0.00554631 0.00442953 0.00357493
 1.0076e-16 3.58947e-05 0.000210682 0.00100151 0.00385588 0.0120242 0.0303722 0.0621452 0.103011 0.138336 0.150524 0.132741 0.0949522 0.0552765 0.0265678 0.0112611 0.00541312 0.00439011 0.00535522 0.00707196 0.00905399 0.0110316 0.0127702 0.014056 0.0147317 0.0147305 0.0140893 0.0129342 0.0114453 0.00981298 0.00819971 0.00671767 0.00542471 0.00433426 0.00343181 0.00269093
 1.00601e-16 3.4815e-05 0.00020434 0.000971348 0.00373976 0.0116621 0.0294575 0.0602739 0.0999102 0.134175 0.146006 0.128779 0.0921659 0.0537509 0.0260147 0.0113354 0.00590377 0.00523504 0.00657485 0.00870336 0.0111084 0.013471 0.0154985 0.0169248 0.0175593 0.0173302 0.016301 0.0146497 0.0126224 0.0104746 0.00842012 0.00660219 0.00508745 0.00387989 0.0029441 0.00222818
 1.01204e-16 2.84963e-05 0.000167234 0.000794917 0.00306041 0.00954356 0.0241064 0.049326 0.0817673 0.109823 0.119541 0.105519 0.0756982 0.044509 0.0222193 0.0108401 0.00731907 0.00803306 0.0107348 0.0143724 0.0184018 0.0223731 0.0258214 0.0283112 0.0295243 0.0293328 0.0278259 0.0252785 0.0220773 0.0186271 0.0152712 0.0122432 0.00965862 0.00753608 0.00583298 0.00448054
 1.02006e-16 2.94519e-05 0.000172849 0.000821626 0.00316327 0.00986434 0.0249166 0.0509832 0.0845124 0.113504 0.123531 0.109002 0.0781118 0.0457575 0.0225273 0.0104717 0.00641001 0.00658337 0.00867853 0.0116505 0.015016 0.0184194 0.0215016 0.0239203 0.0254125 0.0258504 0.0252631 0.0238166 0.0217626 0.0193737 0.0168872 0.0144736 0.0122315 0.0102014 0.0083897 0.00678845
 1.02821e-16 2.57331e-05 0.000151011 0.000717791 0.00276346 0.00861752 0.0217673 0.0445401 0.0738347 0.0991719 0.107955 0.0953118 0.068418 0.0403143 0.0202859 0.0101665 0.00721966 0.00819209 0.0110675 0.0148985 0.0191826 0.0234879 0.0273572 0.0303537 0.0321474 0.0325862 0.031724 0.0297911 0.0271258 0.0240869 0.0209799 0.0180158 0.0153055 0.0128812 0.0107304 0.00882517
 1.00792e-16 3.96507e-05 0.000232741 0.00110639 0.00425975 0.0132837 0.0335534 0.0686535 0.113796 0.152811 0.166251 0.146556 0.104714 0.0607169 0.0287288 0.0113969 0.00432283 0.00235853 0.00236916 0.00302972 0.00389241 0.00479179 0.00562421 0.00630142 0.00675588 0.00695278 0.00689544 0.00662036 0.00618476 0.0056509 0.00507287 0.00448935 0.00392294 0.00338412 0.00287704 0.00240427
 1.00652e-16 3.09922e-05 0.000181888 0.000864591 0.00332868 0.0103802 0.0262196 0.0536495 0.088933 0.119443 0.130001 0.114725 0.0822437 0.0482388 0.0238596 0.0112706 0.00712769 0.00746956 0.00984245 0.0131101 0.0167105 0.0202057 0.0231568 0.0251604 0.0259322 0.0253745 0.0235998 0.0208988 0.0176653 0.0143043 0.0111515 0.00842694 0.00622627 0.00454288 0.00330583 0.00241777
 1.01892e-16 2.66223e-05 0.000156231 0.000742611 0.00285902 0.00891554 0.0225201 0.0460803 0.0763875 0.102599 0.111683 0.0985945 0.0707564 0.0416559 0.0208938 0.0103604 0.00721774 0.00809474 0.0109033 0.0146664 0.0188736 0.0230922 0.0268664 0.0297593 0.0314395 0.031752 0.0307471 0.0286535 0.0258115 0.0225874 0.0193002 0.016178 0.0133502 0.0108652 0.00872039 0.00689021
 1.01577e-16 3.49352e-05 0.00020505 0.000974733 0.00375281 0.0117028 0.0295603 0.0604838 0.100257 0.134637 0.146497 0.129187 0.0924012 0.0537751 0.0258165 0.010894 0.00516968 0.00413663 0.00504133 0.00669326 0.0086373 0.0106323 0.0124705 0.0139579 0.0149445 0.0153527 0.0151906 0.0145405 0.0135317 0.012305 0.0109836 0.00965603 0.00837511 0.00716588 0.00603849 0.00499854
 1.01876e-16 2.62411e-05 0.00015399 0.000731946 0.00281795 0.00878743 0.0221966 0.0454186 0.0752919 0.101132 0.110095 0.0972164 0.0698187 0.0412065 0.0208572 0.0106499 0.00780141 0.00899456 0.0121617 0.0163095 0.0208823 0.0253842 0.0292921 0.0321148 0.0334964 0.0332977 0.0316261 0.0287985 0.0252551 0.021453 0.0177739 0.0144713 0.0116627 0.00935513 0.00748928 0.00598045
 1.07423e-16 7.96275e-07 4.57928e-06 2.15718e-05 8.27246e-05 0.000257669 0.000651516 0.00133806 0.00223691 0.00306146 0.00348274 0.00343202 0.00324288 0.00348132 0.00466564 0.00714226 0.0111282 0.0167578 0.024042 0.032774 0.0424608 0.0523328 0.061446 0.068857 0.0738194 0.075938 0.0752323 0.0720878 0.0671237 0.0610253 0.0544011 0.0477017 0.0412087 0.035071 0.0293623 0.0241278
pSPR Fmed_Fpbrs
0.509914   0.353574 0.353574
Fs Fmed_Fpbrs
0.52018   1.005 1.005
SSBpbr Bo_Bmed_Bpbrs
1.02138e+06  469747  310065 310065
Ro
15994.5
SPR SPRFo_SPRFmed_SPRFpbrs
328492 167502 116146
log_Ro
9.5
likeval ReclasPelacesDesembMPH_pf_preclas_ppelaces_ptallas_desvR_qrecl_qpela
 96.0317 101.182 0.162192 0.000534129 414.3 206.255 89.3672 0 79.8175 3.38907e-06 0 0 0 0 0
q_reclas_q_pelaces
0.770382 1
M
0.7
N
 2418.37 63057.9 31266.3 4100.65 0.10568
 3701.27 1185.11 28390.2 14076.8 1846.26
 466.733 1792.84 489.676 11730.6 6579.3
 2653.96 209.175 417.134 113.932 4260.11
 55749.2 1246.74 68.9147 137.429 1441.07
 11054.2 27154.3 536.718 29.6675 679.54
 54209.9 4935.47 6143.95 121.438 160.465
 73174.8 23954.6 1034.56 1287.88 59.0919
 76303.5 30767.6 3478.16 150.217 195.578
 243028 32578 5002.47 565.512 56.2225
 41556.4 111633 9093.22 1396.3 173.54
 15005.2 19256.9 33247.1 2708.18 467.536
 59496.9 6946.74 5695.21 9832.79 939.214
 23199.8 25380.4 1122.29 920.094 1740.28
 14482.2 9158.72 2312.63 102.261 242.41
 14479.4 5594.78 711.149 179.569 26.7627
 9494.51 6451.99 1247.55 158.575 46.0088
 9260.6 4332.33 1714.51 331.515 54.3646
 6126.94 4291.88 1291.57 511.133 115.039
 27686.8 2834.5 1262.75 380.002 184.231
 28948.4 12465.7 682.385 303.997 135.835
 25633.7 14000.6 5092.5 278.768 179.68
 62221.2 12313 5437.58 1977.83 178.053
 44121.4 29467.3 4307.06 1902.05 754.125
 455.955 21024 10785.6 1576.46 972.212
pred_Ctot
 22.9311 4257.84 2111.19 276.887 0.00713581
 65.4944 144.652 3465.25 1718.19 225.351
 32.9217 715.281 195.364 4680.11 2624.92
 103.41 51.8315 103.362 28.2312 1055.62
 768.22 120.315 6.65049 13.2624 139.068
 807.12 11113.6 219.666 12.1422 278.12
 4323.41 2153.26 2680.51 52.9814 70.0084
 8144.32 13048.4 563.541 701.527 32.1882
 7762.09 15836.5 1790.26 77.3187 100.667
 13166.5 10602.3 1628.03 184.043 18.2973
 2005.61 33085.7 2695.03 413.833 51.4333
 733.79 5769.19 9960.51 811.345 140.069
 6084.72 3587.85 2941.46 5078.44 485.085
 3466.15 16327.3 721.97 591.9 1119.53
 2346.29 6133.69 1548.79 68.4854 162.344
 1075.9 2319.41 294.819 74.4436 11.0949
 556.658 2235.16 432.187 54.9349 15.9388
 446.091 1282.01 507.353 98.1009 16.0874
 302.529 1295.98 390.004 154.343 34.7375
 1868.78 1094.22 487.464 146.694 71.1196
 543.565 1607.84 88.0147 39.2098 17.5201
 604.146 2225.19 809.376 44.3059 28.5574
 2077.83 2670.67 1179.4 428.989 38.6193
 1286.25 5670.48 828.82 366.018 145.119
 17.4025 5118.37 2625.79 383.796 236.688
F
 0.0132623 0.0980105 0.0980105 0.0980105 0.0980105
 0.0248766 0.183842 0.183842 0.183842 0.183842
 0.102588 0.758147 0.758147 0.758147 0.758147
 0.0555196 0.4103 0.4103 0.4103 0.4103
 0.0193252 0.142816 0.142816 0.142816 0.142816
 0.106367 0.78607 0.78607 0.78607 0.78607
 0.116705 0.862469 0.862469 0.862469 0.862469
 0.166391 1.22965 1.22965 1.22965 1.22965
 0.151083 1.11653 1.11653 1.11653 1.11653
 0.0779558 0.576107 0.576107 0.576107 0.576107
 0.06918 0.511252 0.511252 0.511252 0.511252
 0.0701262 0.518245 0.518245 0.518245 0.518245
 0.151946 1.12291 1.12291 1.12291 1.12291
 0.229439 1.69559 1.69559 1.69559 1.69559
 0.251087 1.85558 1.85558 1.85558 1.85558
 0.108341 0.800655 0.800655 0.800655 0.800655
 0.0846073 0.625263 0.625263 0.625263 0.625263
 0.0690446 0.510252 0.510252 0.510252 0.510252
 0.0708285 0.523435 0.523435 0.523435 0.523435
 0.0979718 0.724028 0.724028 0.724028 0.724028
 0.0264155 0.195215 0.195215 0.195215 0.195215
 0.0332559 0.245767 0.245767 0.245767 0.245767
 0.0474142 0.350399 0.350399 0.350399 0.350399
 0.0412805 0.30507 0.30507 0.30507 0.30507
 0.054356 0.4017 0.4017 0.4017 0.4017
nmprior
 10.6 11 7 0
nm_flota  nm_reclas  nm_pelaces    nm_pelaL
inf 17.9897 14.8873 33.4703
cv_recla  cv_pelaces  cv_mph
0.886405 1.14058 0.749828
 ------------------------------------------------
Talla a la edad & desviación 
 7.2 14.2025 17.0495 18.207 18.6776
 1.08 2.13037 2.55742 2.73105 2.80164
