years
 1997 1998 1999 2000 2001 2002 2003 2004 2005 2006 2007 2008 2009 2010 2011 2012 2013 2014 2015 2016 2017 2018 2019 2020 2021
reclasobs
 0 0 0 370054 412103 1.49427e+06 250295 1.28982e+06 931140 785840 897777 1.04006e+06 184774 17550 25797 100020 73551 82996 120727 218422 84188 347160 605670 569463 516374
reclaspred
 3.94482e+06 820488 2.4004e+06 1.44989e+06 1.39726e+06 1.6377e+06 3.2338e+06 1.76323e+06 1.53257e+06 1.33899e+06 1.13595e+06 812169 470698 213151 132468 138806 201190 304568 356151 490052 799463 853750 1.5252e+06 1.98795e+06 2.90579e+06
pelacesobs
 0 0 0 0 0 0 0 0 0 2.06254e+06 1.5e+06 0 1.87456e+06 323000 250000 174000 83755 137374 0 501740 490994 745055 786931 1.00524e+06 1.33801e+06
pelacespred
 2.47351e+06 980071 934020 1.08667e+06 887381 859980 1.63694e+06 1.31558e+06 920278 829365 601489 442466 249899 91674.4 55344.3 67189.9 101777 158809 196091 260745 464263 513312 700991 1.09454e+06 1.61533e+06
mphobs
 0 0 0 0 0 112323 0 153150 637223 0 255016 313432 73983 77613 109348 50772 0 0 0 0 0 0 0 0 0
mphpred
 2.8138e+06 1.61057e+06 1.34257e+06 1.62763e+06 1.24537e+06 1.40086e+06 2.04796e+06 2.28451e+06 1.383e+06 1.28805e+06 1.15635e+06 834250 542012 268355 130399 105515 148133 227428 302308 363011 572684 776646 1.02488e+06 1.5082e+06 2.25394e+06
desembarqueobs
 350755 77701 442110 56441 14545 235359 269955 359681 431902 328805 639364 411747 362871 311530 167758 66681 60226 58785 57116 73181 50977 67692 138656 160484 209506
desembarquepred
 350792 77592.9 441138 56301.3 14504.6 235547 270264 359789 432261 328791 639837 412577 363882 312541 168228 66925.3 60289.1 58860.6 57232.3 73297.4 50893.2 67567.4 138583 160594 209505
Reclutas
 128321 90539.3 64970.5 77829.3 103821 104007 154290 41197.1 121565 117020 78304.4 51592.7 37954.9 30525.4 17354.3 22597.6 18617.9 21562 24592.8 43160.8 72396.3 85583 137170 197406 160618
log_desv_Rt
 0.70229 0.35354 0.0216891 0.202273 0.490421 0.492212 0.886592 -0.433876 0.648205 0.610098 0.208359 -0.208865 -0.515846 -0.733686 -1.2984 -1.0344 -1.22812 -1.08131 -0.949789 -0.387311 0.12991 0.297242 0.768978 1.13302 0.926785
SSB
 2.8138e+06 1.61057e+06 1.34257e+06 1.62763e+06 1.24537e+06 1.40086e+06 2.04796e+06 2.28451e+06 1.383e+06 1.28805e+06 1.15635e+06 834250 542012 268355 130399 105515 148133 227428 302308 363011 572684 776646 1.02488e+06 1.5082e+06 2.25394e+06
BT
 6.69307e+06 1.96983e+06 2.37987e+06 2.23094e+06 1.87389e+06 1.87332e+06 4.14453e+06 2.91975e+06 2.52227e+06 2.136e+06 1.87523e+06 1.32018e+06 889398 496379 277582 216954 289740 409985 459870 655490 1.16305e+06 1.10265e+06 1.57994e+06 2.56626e+06 3.70846e+06
Ftot
 0.0867252 0.0921859 0.17816 0.0379707 0.0101664 0.139778 0.0815363 0.197472 0.271996 0.237293 0.5316 0.481332 0.71688 1.27944 1.13448 0.459498 0.288817 0.187398 0.156063 0.145418 0.0621833 0.0772231 0.0886006 0.0788308 0.0703799
BD_Bspro_t
 0.987348 0.920904 0.870195 0.789041 0.830971 0.880996 0.847689 0.840709 0.737276 0.68399 0.638422 0.481562 0.376792 0.255563 0.155436 0.152808 0.263644 0.432234 0.561122 0.661401 0.772499 0.857983 0.87126 0.878839 0.892258
BD_Bspro
 2.15497 1.23347 1.02822 1.24654 0.953778 1.07286 1.56845 1.74962 1.05918 0.986468 0.885606 0.638919 0.415105 0.205522 0.0998675 0.08081 0.113449 0.174178 0.231526 0.278016 0.438596 0.594802 0.784911 1.15507 1.7262
BD_Bo
 1.74295 0.997633 0.831629 1.0082 0.771419 0.867736 1.26857 1.4151 0.856671 0.797859 0.716281 0.51676 0.335739 0.166227 0.0807732 0.0653594 0.0917582 0.140876 0.187259 0.22486 0.354738 0.481078 0.634839 0.934227 1.39616
BD_Brms
 8.47731 4.85226 4.04485 4.90367 3.752 4.22046 6.17003 6.8827 4.16665 3.8806 3.48382 2.5134 1.63295 0.80849 0.392862 0.317893 0.446291 0.685188 0.910783 1.09367 1.72536 2.33985 3.08771 4.54386 6.7906
S_f
 0.5 1 1 1 1
 0.5 1 1 1 1
 0.5 1 1 1 1
 0.5 1 1 1 1
 0.5 1 1 1 1
 0.5 1 1 1 1
 0.5 1 1 1 1
 0.5 1 1 1 1
 0.5 1 1 1 1
 0.5 1 1 1 1
 0.5 1 1 1 1
 0.5 1 1 1 1
 0.5 1 1 1 1
 0.5 1 1 1 1
 0.5 1 1 1 1
 0.5 1 1 1 1
 0.5 1 1 1 1
 0.5 1 1 1 1
 0.5 1 1 1 1
 0.5 1 1 1 1
 0.5 1 1 1 1
 0.5 1 1 1 1
 0.5 1 1 1 1
 0.5 1 1 1 1
 0.5 1 1 1 1
Scru_reclas
 0.5 1 1 1 1
 0.5 1 1 1 1
 0.5 1 1 1 1
 0.5 1 1 1 1
 0.5 1 1 1 1
 0.5 1 1 1 1
 0.5 1 1 1 1
 0.5 1 1 1 1
 0.5 1 1 1 1
 0.5 1 1 1 1
 0.5 1 1 1 1
 0.5 1 1 1 1
 0.5 1 1 1 1
 0.5 1 1 1 1
 0.5 1 1 1 1
 0.5 1 1 1 1
 0.5 1 1 1 1
 0.5 1 1 1 1
 0.5 1 1 1 1
 0.5 1 1 1 1
 0.5 1 1 1 1
 0.5 1 1 1 1
 0.5 1 1 1 1
 0.5 1 1 1 1
 0.5 1 1 1 1
Scru_pelaces
 0.5 1 1 1 1
 0.5 1 1 1 1
 0.5 1 1 1 1
 0.5 1 1 1 1
 0.5 1 1 1 1
 0.5 1 1 1 1
 0.5 1 1 1 1
 0.5 1 1 1 1
 0.5 1 1 1 1
 0.5 1 1 1 1
 0.5 1 1 1 1
 0.5 1 1 1 1
 0.5 1 1 1 1
 0.5 1 1 1 1
 0.5 1 1 1 1
 0.5 1 1 1 1
 0.5 1 1 1 1
 0.5 1 1 1 1
 0.5 1 1 1 1
 0.5 1 1 1 1
 0.5 1 1 1 1
 0.5 1 1 1 1
 0.5 1 1 1 1
 0.5 1 1 1 1
 0.5 1 1 1 1
pf_obs 
 0.256992 0.487395 0.22802 0.0275931 0
 0.321318 0.546541 0.124235 0.00734118 0.000564706
 0.182869 0.594174 0.210203 0.0122559 0.00049798
 0.330522 0.361315 0.267642 0.0388342 0.00168674
 0.649043 0.306663 0.0425973 0.00169635 0
 0.582887 0.30429 0.105238 0.00758474 0
 0.465427 0.430635 0.0974691 0.00646863 0
 0.296916 0.608066 0.0921331 0.00288517 0
 0.311714 0.524322 0.152257 0.0117073 0
 0.15457 0.633149 0.183074 0.0267441 0.00246327
 0.131901 0.49318 0.331252 0.0422183 0.00144891
 0.196976 0.569456 0.194076 0.0375587 0.00193317
 0.518974 0.381816 0.0799577 0.0180837 0.00116848
 0.0928022 0.601141 0.25162 0.0475244 0.00691264
 0.122501 0.610282 0.24278 0.0234846 0.000952079
 0.383417 0.481906 0.127806 0.00687128 0
 0.0376549 0.599619 0.316969 0.0457579 0
 0.0361596 0.667082 0.258105 0.0386534 0
 0.158088 0.579412 0.248529 0.0139706 0
 0.0477256 0.309471 0.559284 0.082774 0.000745712
 0.0406174 0.521527 0.379366 0.0568643 0.0016247
 0.151134 0.462217 0.34131 0.0453401 0
 0.294876 0.26143 0.354403 0.0886775 0.000613685
 0.281977 0.475581 0.204845 0.0348837 0.00271318
 0.0354234 0.537034 0.353287 0.0723622 0.0018943
pf_pred 
 0.465491 0.26908 0.133621 0.0663542 0.065454
 0.326671 0.431543 0.121719 0.0604438 0.0596238
 0.281767 0.358369 0.23064 0.0650532 0.0641707
 0.375468 0.282395 0.170713 0.109868 0.0615572
 0.429428 0.313007 0.116463 0.0704042 0.0706979
 0.385975 0.369348 0.134226 0.0499426 0.0605084
 0.480272 0.294538 0.135456 0.0492264 0.0405071
 0.160453 0.549153 0.164571 0.0756848 0.0501378
 0.500133 0.143928 0.232822 0.0697725 0.0533445
 0.444125 0.380167 0.0505921 0.0818394 0.0432769
 0.348053 0.411393 0.164517 0.0218937 0.0541439
 0.346765 0.362771 0.183289 0.0732975 0.0338772
 0.374271 0.344214 0.156338 0.0789894 0.0461875
 0.466933 0.318432 0.118071 0.0536264 0.0429377
 0.493065 0.367091 0.0835371 0.0309745 0.0253325
 0.651416 0.256164 0.066925 0.0152298 0.0102654
 0.473534 0.426674 0.0733341 0.0191592 0.00729872
 0.48133 0.343133 0.142264 0.0244515 0.00882173
 0.463364 0.355199 0.120032 0.0497656 0.0116394
 0.559231 0.283637 0.104005 0.0351465 0.0179799
 0.571911 0.31062 0.0755921 0.0277184 0.0141587
 0.477259 0.382181 0.10199 0.0248201 0.01375
 0.526835 0.308074 0.1207 0.0322102 0.0121811
 0.517288 0.335684 0.095729 0.0375055 0.0137939
 0.372738 0.430709 0.136685 0.0389793 0.0208882
pobs_RECLAS
 0 0 0 0 0
 0 0 0 0 0
 0 0 0 0 0
 0 0 0 0 0
 0.835266 0.146461 0.0176864 0.000547809 3.91292e-05
 0.385257 0.428462 0.181853 0.0044286 0
 0.867414 0.0963971 0.0333333 0.00285562 0
 0.441836 0.489002 0.0689373 0.000224442 0
 0.779404 0.147425 0.0564933 0.0165055 0.000172143
 0.814271 0.122319 0.05973 0.00367925 0
 0.40263 0.566651 0.0304383 0.000280538 0
 0.475488 0.404961 0.113038 0.00651328 0
 0.955842 0.0263864 0.0167828 0.000988607 0
 0.975058 0.0227948 0.00214734 0 0
 0.738997 0.206755 0.0527124 0.00153531 0
 0.850938 0.134255 0.0134407 0.00136685 0
 0.542534 0.407297 0.0501686 0 0
 0.764087 0.199537 0.0359546 0.000420521 0
 0.470689 0.182191 0.310203 0.0369168 0
 0.84361 0.089868 0.0606195 0.00523954 0.000663233
 0.607945 0.314616 0.071237 0.00620181 0
 0.523733 0.453247 0.0230204 0 0
 0.530135 0.295979 0.169645 0.0042399 0
 0.562478 0.366248 0.0663022 0.0049721 0
 0.250443 0.683176 0.0655157 0.000865301 0
ppred_RECLAS
 0.466172 0.268737 0.133451 0.0662696 0.0653706
 0.327315 0.43113 0.121603 0.060386 0.0595668
 0.283007 0.35775 0.230242 0.0649409 0.0640599
 0.375735 0.282273 0.17064 0.109821 0.0615308
 0.429501 0.312967 0.116448 0.0703952 0.0706888
 0.387075 0.368686 0.133985 0.0498531 0.0604
 0.480912 0.294176 0.135289 0.0491658 0.0404573
 0.161384 0.548544 0.164388 0.0756009 0.0500822
 0.50266 0.1432 0.231645 0.0694198 0.0530749
 0.446242 0.378719 0.0503994 0.0815277 0.0431121
 0.353485 0.407965 0.163146 0.0217112 0.0536927
 0.351511 0.360135 0.181957 0.072765 0.0336311
 0.382749 0.33955 0.15422 0.0779191 0.0455617
 0.488021 0.305835 0.1134 0.0515049 0.041239
 0.510674 0.354339 0.0806352 0.0298985 0.0244525
 0.655862 0.252896 0.0660713 0.0150355 0.0101345
 0.476247 0.424475 0.0729563 0.0190604 0.00726111
 0.482949 0.342062 0.14182 0.0243751 0.00879418
 0.464671 0.354334 0.11974 0.0496444 0.011611
 0.560426 0.282868 0.103723 0.0350512 0.0179312
 0.57238 0.31028 0.0755093 0.0276881 0.0141432
 0.477862 0.38174 0.101872 0.0247915 0.0137342
 0.527534 0.307619 0.120521 0.0321626 0.0121632
 0.517905 0.335255 0.0956067 0.0374575 0.0137763
 0.37325 0.430358 0.136573 0.0389475 0.0208712
pobs_PELACES
 0 0 0 0 0
 0 0 0 0 0
 0 0 0 0 0
 0 0 0 0 0
 0 0 0 0 0
 0 0 0 0 0
 0 0 0 0 0
 0 0 0 0 0
 0 0 0 0 0
 0 0 0 0 0
 0.450072 0.473896 0.0757376 0.000293798 0
 0 0 0 0 0
 0.463077 0.371075 0.160297 0.00555027 0
 0.529543 0.364841 0.0842815 0.0213345 0
 0.631943 0.363953 0.00410389 0 0
 0.735681 0.248677 0.0153453 0.000297389 0
 0.695825 0.281241 0.0229344 0 0
 0.275771 0.60734 0.115278 0.00161068 0
 0 0 0 0 0
 0.896147 0.0623911 0.0374545 0.00400742 0
 0.803859 0.145111 0.0509908 3.86294e-05 0
 0.739449 0.233085 0.0266225 0.000797448 4.60066e-05
 0.878498 0.100942 0.0204185 0.000141795 0
 0.694673 0.275183 0.0284847 0.00165964 0
 0.469039 0.446079 0.0841089 0.000773354 0
ppred_PELACES
 0.469735 0.266943 0.13256 0.0658274 0.0649343
 0.330672 0.428978 0.120996 0.0600846 0.0592695
 0.28901 0.354755 0.228314 0.0643972 0.0635236
 0.377206 0.281608 0.170238 0.109562 0.0613858
 0.429912 0.312741 0.116364 0.0703445 0.0706379
 0.392561 0.365387 0.132786 0.0494069 0.0598594
 0.484271 0.292272 0.134414 0.0488476 0.0401955
 0.165843 0.545628 0.163514 0.0751989 0.049816
 0.513876 0.139971 0.226421 0.0678542 0.0518779
 0.455936 0.372089 0.0495171 0.0801005 0.0423573
 0.373779 0.395159 0.158025 0.0210297 0.0520074
 0.369821 0.349967 0.17682 0.0707105 0.0326815
 0.411054 0.32398 0.147148 0.0743461 0.0434725
 0.540705 0.274364 0.101731 0.0462049 0.0369954
 0.557222 0.320633 0.0729648 0.0270544 0.0221264
 0.672767 0.240474 0.0628258 0.0142969 0.00963665
 0.488145 0.414832 0.0712989 0.0186274 0.00709616
 0.490674 0.336951 0.139701 0.024011 0.0086628
 0.471082 0.35009 0.118306 0.0490499 0.011472
 0.566328 0.27907 0.102331 0.0345805 0.0176904
 0.574889 0.308459 0.0750661 0.0275256 0.0140602
 0.481042 0.379415 0.101252 0.0246405 0.0136505
 0.531176 0.305248 0.119592 0.0319147 0.0120694
 0.521152 0.332997 0.0949628 0.0372053 0.0136835
 0.37597 0.42849 0.135981 0.0387784 0.0207806
pobs_pel_tallas
 0 0 0 0 0 0 0 0 0 0 0 0 0 0 0 0 0 0 0 0 0 0 0 0 0 0 0 0 0 0 0 0 0 0 0 0
 0 0 0 0 0 0 0 0 0 0 0 0 0 0 0 0 0 0 0 0 0 0 0 0 0 0 0 0 0 0 0 0 0 0 0 0
 0 0 0 0 0 0 0 0 0 0 0 0 0 0 0 0 0 0 0 0 0 0 0 0 0 0 0 0 0 0 0 0 0 0 0 0
 0 0 0 0 0 0 0 0 0 0 0 0 0 0 0 0 0 0 0 0 0 0 0 0 0 0 0 0 0 0 0 0 0 0 0 0
 0 0 0 0 0 0 0 0 0 0 0 0 0 0 0 0 0 0 0 0 0 0 0 0 0 0 0 0 0 0 0 0 0 0 0 0
 0 0 0 0 0 0 0 0 0 0 0 0 0 0 0 0 0 0 0 0 0 0 0 0 0 0 0 0 0 0 0 0 0 0 0 0
 0 0 0 0 0 0 0 0 0 0 0 0 0 0 0 0 0 0 0 0 0 0 0 0 0 0 0 0 0 0 0 0 0 0 0 0
 0 0 0 0 0 0 0 0 0 0 0 0 0 0 0 0 0 0 0 0 0 0 0 0 0 0 0 0 0 0 0 0 0 0 0 0
 0 0 0 0 0 0 0 0 0 0 0 0 0 0 0 0 0 0 0 0 0 0 0 0 0 0 0 0 0 0 0 0 0 0 0 0
 0 0 0 0 0 0 0 0 0 0 0 0 0 0 0 0 0 0 0 0 0 0 0 0 0 0 0 0 0 0 0 0 0 0 0 0
 0 0 0 0 0 0 0 0 1.78061e-05 0.00172719 0.00360574 0.0105946 0.0120993 0.0124554 0.0147524 0.0171206 0.0266825 0.0428682 0.0675386 0.121331 0.153587 0.119568 0.100827 0.0573624 0.0630603 0.0341343 0.0324427 0.0444173 0.0211091 0.0280891 0.0125444 0.00206551 0 0 0 0
 0 0 0 0 0 0 0 0 0 0 0 0 0 0 0 0 0 0 0 0 0 0 0 0 0 0 0 0 0 0 0 0 0 0 0 0
 0 0 0 0 0 0 0.0133647 0.0140871 0.0187388 0.0205184 0.03894 0.0496705 0.03968 0.0493445 0.0407372 0.0367815 0.0215668 0.0243155 0.0234873 0.0199281 0.019796 0.0243948 0.0301388 0.0376714 0.0412746 0.0863199 0.0771752 0.113111 0.0741005 0.0525337 0.0229764 0.00759418 0.00175318 0 0 0
 0 0 0 0 0 0 0 0 0 0 0.00219441 0.00772107 0.0458388 0.0604681 0.0671733 0.0775358 0.0609151 0.0617685 0.073594 0.0568108 0.0755445 0.0548602 0.0670107 0.0636378 0.0643287 0.046367 0.0373049 0.0286899 0.0247887 0.0153202 0.00654259 0.00121912 0.000365735 0 0 0
 0 0 0 0 0 0 0 0 0 0 0 0 0.000112435 0.00938835 0.0111873 0.0202946 0.0414886 0.0713402 0.111592 0.104902 0.108894 0.110636 0.117776 0.105296 0.107544 0.0401394 0.0192827 0.0124803 0.00416011 0.0028671 0.000618394 0 0 0 0 0
 0 0 0 0 0 0 0 0 0 0 0.00291406 0.0102884 0.027416 0.0768956 0.0749926 0.110853 0.0956884 0.0897413 0.0766577 0.0534642 0.0500743 0.0551293 0.0594112 0.0620874 0.0668451 0.0424026 0.0208742 0.0120726 0.0048766 0.00582813 0.00118941 0.000297354 0 0 0 0
 0 0.00264628 0.0354308 0.0461629 0.0458689 0.0383711 0.0214643 0.0164657 0.0346957 0.0420465 0.0363128 0.0245516 0.0311673 0.0291091 0.0169068 0.0133784 0.00837989 0.0085269 0.0148486 0.0160247 0.0276389 0.0546898 0.0760071 0.122758 0.109233 0.0665981 0.0333725 0.0166128 0.00676272 0.00308733 0.000882094 0 0 0 0 0
 0 0 0 0 0 0 0 0.000805153 0.000690131 0.00759144 0.0133425 0.0154129 0.00931677 0.000345066 0.00356568 0.00563607 0.00851162 0.0253048 0.0502646 0.0516448 0.0657925 0.0565908 0.0611916 0.0827007 0.0866115 0.110766 0.145733 0.0935128 0.0569358 0.0249597 0.0138026 0.00621118 0.00161031 0.00115022 0 0
 0 0 0 0 0 0 0 0 0 0 0 0 0 0 0 0 0 0 0 0 0 0 0 0 0 0 0 0 0 0 0 0 0 0 0 0
 0.00147267 0.00158595 0.00478618 0.00569244 0.00954404 0.0108468 0.00647125 0.017049 0.0510054 0.094081 0.124002 0.0959785 0.0687766 0.0820023 0.061753 0.0591476 0.0492212 0.0479892 0.0443925 0.0268479 0.0217502 0.0140895 0.0121071 0.0120363 0.00920419 0.00665534 0.0049561 0.00860946 0.00930331 0.0156896 0.0114698 0.00855282 0.00243557 0.00046729 0 2.83206e-05
 0 0 0 0 0.000772559 0.00158375 0.000888443 0.00281984 0.00712685 0.0440552 0.0773331 0.111326 0.0921469 0.0852325 0.0710754 0.0886704 0.0786465 0.0553345 0.0373146 0.0185414 0.00753245 0.00457741 0.012979 0.0271748 0.0457355 0.0583668 0.034881 0.0177882 0.00938659 0.00492506 0.0015258 0.00185414 0.000309023 5.79419e-05 3.86279e-05 0
 0 0.00173294 0.00326652 0 0.00397197 0.00683976 0.00946217 0.0152591 0.00757587 0.0136028 0.0228656 0.0392903 0.0559909 0.0764795 0.0681675 0.0726916 0.0566044 0.0477403 0.0527397 0.0444891 0.0609904 0.0582453 0.0661739 0.0445044 0.0529084 0.0360697 0.0280645 0.0235558 0.0158879 0.00826598 0.00280645 0.00217768 0.000904811 0.00058276 9.20147e-05 0
 0 0 0 0 0 0 0 0 0 0 0 0 0 0 0 0 0 0 0 0 0 0 0 0 0 0 0 0 0 0 0 0 0 0 0 0
 0 0 0 0 0 0 0 0 0 0 0 0 0 0 0 0 0 0 0 0 0 0 0 0 0 0 0 0 0 0 0 0 0 0 0 0
 0 0 0 0 0 0 0 0 0 0 0 0 0 0 0 0 0 0 0 0 0 0 0 0 0 0 0 0 0 0 0 0 0 0 0 0
ppred_pel_tallas
 1.07265e-16 2.05062e-05 0.000120326 0.000571917 0.00220181 0.00686605 0.0173433 0.035488 0.0588306 0.0790239 0.0860358 0.0759901 0.0546156 0.0323179 0.0165179 0.00870602 0.00673598 0.00805008 0.0110699 0.0150553 0.0196022 0.0243411 0.0288635 0.0327635 0.0357145 0.0375323 0.0381997 0.0378437 0.0366782 0.0349347 0.0328069 0.0304245 0.0278582 0.0251443 0.0223145 0.0194172
 1.06692e-16 1.4449e-05 8.475e-05 0.000402751 0.00155043 0.00483469 0.0122124 0.0249911 0.0414366 0.0556815 0.0606804 0.0537336 0.0389207 0.0236364 0.013197 0.00876046 0.00892278 0.0119587 0.0167636 0.0227198 0.029326 0.035999 0.0420695 0.0468884 0.0499634 0.0510651 0.0502669 0.0478994 0.0444458 0.0404117 0.0362174 0.0321394 0.0283088 0.0247489 0.0214303 0.0183176
 1.08538e-16 1.26296e-05 7.40745e-05 0.000352012 0.00135509 0.00422556 0.0106737 0.0218424 0.0362156 0.0486654 0.0530336 0.0469602 0.0340107 0.0206483 0.0115214 0.00764711 0.00780958 0.010521 0.0148471 0.0202914 0.0264675 0.0329179 0.0390985 0.0444566 0.0485371 0.051069 0.0520019 0.0514808 0.0497756 0.0471933 0.0440071 0.0404198 0.0365671 0.0325429 0.0284311 0.0243271
 1.09142e-16 1.64722e-05 9.66412e-05 0.000459313 0.00176825 0.00551401 0.0139282 0.0285006 0.0472494 0.0634746 0.0691256 0.0610991 0.0440106 0.0262395 0.0137766 0.0078583 0.00680403 0.0085983 0.0119971 0.0164038 0.0214587 0.0267965 0.0319953 0.0366257 0.0403308 0.0428907 0.0442496 0.0444947 0.0438006 0.0423636 0.0403498 0.0378738 0.0350077 0.0318067 0.0283379 0.0246974
 1.07472e-16 1.87715e-05 0.000110138 0.000523472 0.00201527 0.00628433 0.0158739 0.032482 0.0538494 0.0723391 0.0787742 0.0696152 0.0501183 0.0298266 0.0155575 0.00870532 0.00733535 0.00912717 0.012637 0.0171596 0.0222632 0.027519 0.0324471 0.0365767 0.0395398 0.0411456 0.0414089 0.0405191 0.0387686 0.036465 0.0338604 0.0311168 0.0283105 0.0254621 0.0225757 0.0196686
 1.06499e-16 1.71451e-05 0.000100584 0.000478041 0.00184033 0.00573877 0.014496 0.029663 0.0491784 0.0660716 0.0719685 0.0636468 0.0459217 0.0275301 0.0147281 0.00882508 0.00808993 0.0104288 0.0145251 0.0197018 0.0254908 0.0313901 0.03683 0.041254 0.0442323 0.0455512 0.0452478 0.0435747 0.0409134 0.0376686 0.0341802 0.0306766 0.0272742 0.0240086 0.020878 0.0178799
 1.0556e-16 2.11412e-05 0.000124051 0.000589621 0.00226997 0.00707859 0.0178801 0.0365867 0.0606523 0.0814722 0.0887047 0.0783553 0.0563327 0.0333683 0.0171172 0.00912062 0.00716926 0.00862557 0.0118548 0.0160778 0.0208513 0.0257608 0.0303483 0.0341637 0.0368515 0.0382225 0.0382823 0.0372055 0.0352711 0.0327814 0.0299959 0.0270959 0.0241847 0.0213107 0.0184986 0.0157748
 1.07411e-16 7.2665e-06 4.25714e-05 0.000202205 0.000778231 0.0024266 0.00612995 0.0125469 0.0208136 0.028 0.0305957 0.0272879 0.020189 0.0131063 0.00883851 0.00812374 0.0104162 0.0149692 0.0212565 0.028857 0.0372428 0.0456944 0.0533602 0.0594094 0.0632104 0.0644675 0.0632724 0.0600487 0.0554188 0.0500392 0.0444619 0.0390587 0.0340161 0.0293804 0.0251248 0.0212072
 1.08016e-16 2.24261e-05 0.000131608 0.000625579 0.00240847 0.00751052 0.018971 0.0388175 0.0643459 0.0864194 0.0940536 0.0829913 0.0594724 0.0348411 0.0171638 0.00801233 0.00498537 0.00525542 0.00711316 0.00983308 0.0131307 0.0168204 0.0206973 0.02453 0.0280886 0.0311738 0.0336354 0.0353736 0.036331 0.0364807 0.0358208 0.0343777 0.0322152 0.0294413 0.0262083 0.0227013
 1.05556e-16 1.99086e-05 0.000116808 0.000555173 0.00213731 0.00666487 0.0168352 0.0344493 0.0571117 0.0767242 0.0835566 0.0738583 0.0532093 0.0317379 0.0166833 0.00953277 0.00823899 0.0103357 0.014271 0.0192561 0.024773 0.0302932 0.035235 0.0390448 0.0413156 0.0418777 0.04083 0.0384968 0.03533 0.0317904 0.0282499 0.0249389 0.0219464 0.0192571 0.0168051 0.0145217
 1.05525e-16 1.63274e-05 9.57807e-05 0.000455198 0.00175237 0.00546445 0.0138031 0.0282456 0.0468299 0.0629208 0.0685481 0.0606495 0.0438193 0.0263902 0.0143376 0.00893023 0.00854151 0.0111932 0.0156334 0.0211979 0.0273969 0.033685 0.0394391 0.0440494 0.047045 0.048193 0.0475371 0.0453613 0.0420969 0.0382073 0.0340899 0.0300226 0.0261577 0.0225524 0.0192123 0.0161297
 1.06581e-16 1.61531e-05 9.47612e-05 0.00045036 0.00173376 0.00540642 0.0136565 0.0279452 0.0463309 0.062247 0.0678056 0.0599723 0.0432859 0.0259815 0.0139585 0.00845864 0.00786135 0.0102059 0.0142641 0.0194086 0.0252054 0.0311816 0.0367926 0.0414961 0.0448594 0.0466448 0.0468455 0.0456559 0.0433968 0.0404207 0.0370348 0.0334593 0.0298278 0.0262128 0.0226613 0.0192216
 1.06781e-16 1.79498e-05 0.000105312 0.000500528 0.00192693 0.00600882 0.0151781 0.0310582 0.0514899 0.069172 0.0753322 0.0665894 0.0479751 0.0286218 0.0150592 0.00863442 0.00751198 0.00948538 0.0131798 0.0179155 0.0232609 0.0287735 0.0339516 0.0382987 0.0414214 0.0431073 0.0433567 0.0423539 0.0403956 0.0378029 0.0348488 0.0317221 0.0285287 0.0253186 0.0221218 0.018975
 1.0485e-16 2.36012e-05 0.000138495 0.000658294 0.00253439 0.00790317 0.0199629 0.0408481 0.067715 0.0909539 0.0990143 0.0874289 0.0627837 0.0370437 0.0187328 0.00954345 0.00697888 0.00806884 0.0109757 0.0148379 0.0191959 0.0236473 0.02776 0.0311147 0.033387 0.034414 0.0342206 0.0329926 0.0310129 0.0285826 0.0259553 0.0233025 0.0207133 0.0182176 0.0158186 0.0135189
 1.03104e-16 2.43232e-05 0.00014273 0.000678418 0.00261185 0.00814473 0.0205731 0.042097 0.0697863 0.0937389 0.102054 0.0901304 0.0647623 0.0382883 0.0195033 0.0101624 0.00770106 0.00905864 0.0123282 0.0165906 0.0213211 0.02604 0.0302325 0.0334099 0.0352092 0.0354741 0.0342853 0.0319248 0.0287951 0.0253168 0.021843 0.0186097 0.0157307 0.0132236 0.0110508 0.00915733
 1.01912e-16 2.93583e-05 0.000172298 0.000819002 0.00315316 0.00983281 0.024837 0.0508205 0.0842432 0.113144 0.123144 0.108672 0.0778989 0.0456806 0.0225778 0.0106417 0.00670809 0.00703228 0.00930333 0.0124646 0.0160089 0.019548 0.0226888 0.0250607 0.0263881 0.0265504 0.0256053 0.0237636 0.0213286 0.0186202 0.0159102 0.0133847 0.0111387 0.00919411 0.00752913 0.00610557
 1.02119e-16 2.1315e-05 0.000125061 0.000594395 0.00228831 0.00713575 0.0180247 0.0368833 0.0611473 0.0821468 0.0894649 0.0790877 0.0569916 0.0340234 0.0179374 0.0103292 0.00900779 0.0113288 0.0156187 0.0210108 0.0269167 0.0327278 0.0377747 0.0414237 0.0432128 0.0429583 0.0407935 0.0371227 0.032511 0.0275479 0.0227292 0.0183888 0.0146866 0.0116416 0.00918484 0.00721256
 1.03323e-16 2.14223e-05 0.000125697 0.000597437 0.00230004 0.00717237 0.0181171 0.0370718 0.0614577 0.0825574 0.0898952 0.0794282 0.0571503 0.0339452 0.0175827 0.00963948 0.00788995 0.00966746 0.0133075 0.0179925 0.0232239 0.0285129 0.0333186 0.0371148 0.0394953 0.0402592 0.0394461 0.037305 0.0342165 0.0305936 0.0267972 0.0230872 0.0196152 0.0164463 0.0135947 0.011054
 1.04015e-16 2.05684e-05 0.000120683 0.000573598 0.00220826 0.00688612 0.0173941 0.0355926 0.0590062 0.0792666 0.0863182 0.0762826 0.0549194 0.0326852 0.0170494 0.0095372 0.00802336 0.00995546 0.013736 0.0185699 0.0239557 0.0293914 0.03432 0.0382019 0.0406252 0.041393 0.0405579 0.0383881 0.035283 0.031669 0.0279107 0.0242614 0.0208579 0.0177464 0.0149233 0.0123699
 1.03559e-16 2.47187e-05 0.000145056 0.000689481 0.00265446 0.00827762 0.0209088 0.0427834 0.0709229 0.0952617 0.103701 0.0915614 0.0657379 0.0387597 0.01955 0.00987557 0.00711459 0.00814917 0.0110487 0.0149074 0.0192434 0.0236387 0.0276468 0.0308367 0.0328777 0.0336082 0.0330637 0.0314495 0.0290754 0.0262731 0.0233268 0.0204345 0.0177044 0.0151758 0.0128507 0.0107209
 1.02769e-16 2.50931e-05 0.000147251 0.000699915 0.00269462 0.00840285 0.0212251 0.0434309 0.0719969 0.0967062 0.105279 0.0929658 0.0667717 0.0394201 0.0199759 0.0102401 0.00755661 0.0087606 0.0118838 0.0159861 0.0205457 0.0250964 0.0291413 0.0322081 0.0339453 0.0341999 0.0330465 0.0307543 0.0277096 0.0243179 0.0209213 0.0177514 0.0149232 0.0124594 0.010329 0.00848263
 1.03046e-16 2.10039e-05 0.000123237 0.000585734 0.00225497 0.0070318 0.0177621 0.0363457 0.0602554 0.0809463 0.0881516 0.0779129 0.0561148 0.03344 0.0175215 0.00992287 0.00847814 0.0105805 0.0145903 0.0196763 0.0252963 0.030899 0.0358755 0.0396423 0.0417638 0.0420482 0.0405843 0.0377023 0.0338785 0.0296155 0.0253409 0.0213481 0.0177877 0.0146961 0.0120411 0.00976511
 1.03458e-16 2.3187e-05 0.000136061 0.000646713 0.00248978 0.00776406 0.0196116 0.0401295 0.0665249 0.0893586 0.097286 0.0859231 0.0617464 0.0365203 0.0186318 0.00975898 0.00746405 0.00883862 0.0120759 0.0163116 0.0210569 0.025862 0.030238 0.0337107 0.0359148 0.0366707 0.0360147 0.0341712 0.0314811 0.028312 0.0249822 0.0217175 0.0186459 0.0158189 0.0132449 0.0109175
 1.03375e-16 2.27509e-05 0.000133498 0.000634526 0.00244285 0.0076177 0.0192419 0.0393733 0.0652722 0.0876788 0.0954646 0.084332 0.0606412 0.035943 0.0184775 0.0099037 0.00784119 0.00944251 0.0129306 0.0174383 0.0224509 0.027479 0.0319896 0.0354716 0.03754 0.0380198 0.036978 0.0346895 0.0315543 0.027996 0.0243735 0.0209326 0.0177997 0.0150078 0.0125366 0.0103488
 1.04374e-16 1.64243e-05 9.63466e-05 0.000457882 0.00176269 0.00549663 0.0138844 0.0284122 0.047107 0.0632955 0.0689629 0.0610321 0.0441293 0.0266438 0.0145957 0.00927159 0.00904434 0.0119273 0.0166542 0.0225353 0.0290407 0.0355725 0.0414498 0.0460131 0.0487623 0.0494653 0.0482001 0.0453118 0.0413084 0.0367299 0.0320376 0.0275507 0.0234384 0.0197519 0.0164747 0.0135672
pSPR Fmed_Fpbrs
0.725388   0.255602 0.255602
Fs Fmed_Fpbrs
0.165231   1.005 1.005
SSBpbr Bo_Bmed_Bpbrs
1.61439e+06  1.09034e+06  331921 331921
Ro
63576.6
SPR SPRFo_SPRFmed_SPRFpbrs
1.30572e+06 947155 333745
log_Ro
10.88
likeval ReclasPelacesDesembMPH_pf_preclas_ppelaces_ptallas_desvR_qrecl_qpela
 201.968 62.0904 0.418386 0.00117932 356.462 218.421 80.034 0 18.2294 0 0 0 0 0 0
q_reclas_q_pelaces
1 1
M
0.7
N
 128321 37797.6 18769.7 9320.77 9194.32
 90539.3 61018.2 17210.5 8546.48 8430.54
 64970.5 42935.2 27632.3 7793.84 7688.11
 77829.3 29513.7 17841.6 11482.5 6433.48
 103821 37922 14110 8529.76 8565.34
 104007 51294.4 18641 6935.94 8403.31
 154290 48161.9 22149.3 8049.32 6623.59
 41197.1 73557.6 22043.8 10137.8 6715.83
 121565 18534.5 29982 8985.03 6869.51
 117020 52691.4 7012.1 11343 5998.2
 78304.4 51609 20638.5 2746.55 6792.32
 51592.7 29808.8 15060.8 6022.84 2783.68
 37954.9 20140.1 9147.41 4621.7 2702.45
 30525.4 13170.2 4883.36 2217.97 1775.88
 17354.3 7995.18 1819.42 674.62 551.737
 22597.6 4887.11 1276.8 290.555 195.844
 18617.9 8918.22 1532.81 400.46 152.556
 21562 8002.18 3317.72 570.231 205.731
 24592.8 9749.66 3294.7 1365.99 319.483
 43160.8 11295.7 4141.96 1399.69 716.042
 72396.3 19930 4850.13 1778.47 908.449
 85583 34850.4 9300.25 2263.3 1253.84
 137170 40889.6 16020 4275.14 1616.76
 197406 65165 18583.5 7280.79 2677.76
 160618 94240.2 29907 8528.76 4570.4
pred_Ctot
 3925.97 2269.43 1126.97 559.634 552.042
 2940.94 3885.08 1095.81 544.162 536.78
 4002.75 5090.95 3276.44 924.138 911.601
 1053.78 792.563 479.12 308.353 172.765
 378.682 276.018 102.7 62.0844 62.3433
 5069.49 4851.1 1762.95 655.957 794.731
 4443.13 2724.85 1253.14 455.406 374.742
 2801.45 9587.99 2873.34 1321.43 875.386
 11204.2 3224.33 5215.79 1563.07 1195.05
 9479.98 8114.77 1079.9 1746.89 923.757
 13346.6 15775.4 6308.62 839.543 2076.22
 8047.02 8418.45 4253.4 1700.94 786.154
 8393.32 7719.26 3506 1771.4 1035.79
 10758.2 7336.76 2720.38 1235.57 989.294
 5580.57 4154.79 945.485 350.574 286.717
 3380.3 1329.28 347.285 79.0299 53.269
 1815.47 1635.81 281.154 73.4538 27.9824
 1394.49 994.112 412.162 70.8399 25.558
 1333.61 1022.3 345.466 143.231 33.4994
 2185.94 1108.69 406.539 137.382 70.2805
 1596.74 867.233 211.049 77.3883 39.5303
 2336.39 1870.94 499.283 121.505 67.3123
 4285.7 2506.12 981.868 262.024 99.0912
 5499.37 3568.7 1017.71 398.726 146.645
 4002.26 4624.72 1467.65 418.538 224.287
F
 0.0433626 0.0867252 0.0867252 0.0867252 0.0867252
 0.046093 0.0921859 0.0921859 0.0921859 0.0921859
 0.0890798 0.17816 0.17816 0.17816 0.17816
 0.0189853 0.0379707 0.0379707 0.0379707 0.0379707
 0.00508321 0.0101664 0.0101664 0.0101664 0.0101664
 0.0698889 0.139778 0.139778 0.139778 0.139778
 0.0407681 0.0815363 0.0815363 0.0815363 0.0815363
 0.0987359 0.197472 0.197472 0.197472 0.197472
 0.135998 0.271996 0.271996 0.271996 0.271996
 0.118646 0.237293 0.237293 0.237293 0.237293
 0.2658 0.5316 0.5316 0.5316 0.5316
 0.240666 0.481332 0.481332 0.481332 0.481332
 0.35844 0.71688 0.71688 0.71688 0.71688
 0.639719 1.27944 1.27944 1.27944 1.27944
 0.567242 1.13448 1.13448 1.13448 1.13448
 0.229749 0.459498 0.459498 0.459498 0.459498
 0.144409 0.288817 0.288817 0.288817 0.288817
 0.0936992 0.187398 0.187398 0.187398 0.187398
 0.0780314 0.156063 0.156063 0.156063 0.156063
 0.0727091 0.145418 0.145418 0.145418 0.145418
 0.0310916 0.0621833 0.0621833 0.0621833 0.0621833
 0.0386116 0.0772231 0.0772231 0.0772231 0.0772231
 0.0443003 0.0886006 0.0886006 0.0886006 0.0886006
 0.0394154 0.0788308 0.0788308 0.0788308 0.0788308
 0.0351899 0.0703799 0.0703799 0.0703799 0.0703799
nmprior
 10.6 11 7 0
nm_flota  nm_reclas  nm_pelaces    nm_pelaL
inf 13.1824 16.5753 38.4856
cv_recla  cv_pelaces  cv_mph
1.28548 0.893479 1.11418
 ------------------------------------------------
Talla a la edad & desviación 
 7.2 14.2025 17.0495 18.207 18.6776
 1.08 2.13037 2.55742 2.73105 2.80164
