years
 1997 1998 1999 2000 2001 2002 2003 2004 2005 2006 2007 2008 2009 2010 2011 2012 2013 2014 2015 2016 2017 2018 2019 2020 2021
reclasobs
 0 0 0 370054 412103 1.49427e+06 250295 1.28982e+06 931140 785840 897777 1.04006e+06 184774 17550 25797 100020 73551 82996 120727 218422 84188 347160 605670 569463 516374
reclaspred
 477293 124221 335139 234914 364552 433924 947271 639141 721162 712117 576323 392589 248065 105470 64053.5 62795.7 77887.9 103514 109986 157779 230759 213599 372582 467692 482516
pelacesobs
 0 0 0 0 0 0 0 0 0 2.06254e+06 1.5e+06 0 1.87456e+06 323000 250000 174000 83755 137374 0 501740 490994 745055 786931 1.00524e+06 1.33801e+06
pelacespred
 2.07793e+06 448590 766052 819933 1.11118e+06 1.04884e+06 2.75889e+06 2.20079e+06 2.25891e+06 2.2242e+06 1.57356e+06 1.11592e+06 700097 233133 145227 153440 200509 276394 293935 419603 700480 611831 846556 1.27087e+06 1.33444e+06
mphobs
 0 0 0 0 0 112323 0 153150 637223 0 255016 313432 73983 77613 109348 50772 0 0 0 0 0 0 0 0 0
mphpred
 180819 102762 116686 123892 137791 225144 327284 387697 331398 345818 350434 242890 151682 80070.5 33585.9 26641.3 32466.3 43732.5 53893.2 62371.7 95177.7 113878 143545 205338 264681
desembarqueobs
 350755 77701 442110 56441 14545 235359 269955 359681 431902 328805 639364 411747 362871 311530 167758 66681 60226 58785 57116 73181 50977 67692 138656 160484 209506
desembarquepred
 350761 77700.4 442102 56443.1 14545.2 235411 269996 359669 431932 328814 639361 411839 363016 311690 167629 66678.6 60247.4 58777.7 57103.2 73177.9 50977.7 67681.8 138656 160487 209503
Reclutas
 41078.4 50657.6 26958 42977.6 74613.3 54150.3 87214.8 87023 110190 125251 65254.8 45155.6 46562.3 23836.3 14931.9 15690.1 11608.8 12941.5 14776.7 24907.9 30380.4 40885.6 65790.6 75067.4 28011.3
log_desv_Rt
 0.0432384 0.252844 -0.377963 0.0884349 0.640074 0.319519 0.79613 0.793927 1.02996 1.15808 0.506055 0.13787 0.168545 -0.501036 -0.968743 -0.919214 -1.22048 -1.11181 -0.979195 -0.457061 -0.258447 0.0385323 0.514233 0.646142 -0.339637
SSB
 546790 310748 352854 374643 416675 680825 989694 1.17238e+06 1.00213e+06 1.04574e+06 1.0597e+06 734489 458680 242130 101562 80562.3 98176.8 132245 162971 188609 287813 344361 434074 620932 800383
BT
 1.77967e+06 455977 792634 651082 812338 941543 2.17157e+06 1.99217e+06 2.02294e+06 1.91785e+06 1.70525e+06 1.17987e+06 855607 459070 242286 164783 192394 246219 260267 361016 546326 504573 704403 1.04644e+06 1.13207e+06
Ftot
 0.579364 0.516075 0.843766 0.179901 0.0329992 0.31695 0.205171 0.404624 0.458855 0.345745 0.668022 0.62873 0.99816 1.80674 2.01392 0.842289 0.583508 0.413185 0.34441 0.356384 0.160464 0.209696 0.246828 0.237974 0.243433
BD_Bspro_t
 0.930193 0.69117 0.6245 0.458657 0.611742 0.769157 0.723967 0.732154 0.668599 0.634712 0.610062 0.447097 0.339456 0.237456 0.128279 0.12614 0.199868 0.323432 0.428182 0.524201 0.650998 0.745071 0.756283 0.764044 0.760764
BD_Bspro
 0.676754 0.384608 0.436722 0.463691 0.515714 0.842648 1.22493 1.45104 1.24033 1.2943 1.31157 0.909067 0.567702 0.299681 0.125703 0.0997109 0.121512 0.163678 0.201707 0.233439 0.356223 0.426211 0.537247 0.76852 0.990624
BD_Bo
 0.561155 0.318912 0.362124 0.384486 0.427623 0.698712 1.0157 1.20318 1.02846 1.07321 1.08754 0.753785 0.47073 0.248491 0.104231 0.0826789 0.100756 0.13572 0.167252 0.193565 0.295375 0.353409 0.445478 0.637246 0.821411
BD_Brms
 1.90579 1.08309 1.22984 1.30579 1.45229 2.37296 3.4495 4.08623 3.49285 3.64484 3.69349 2.56 1.59869 0.843923 0.353988 0.280793 0.342187 0.46093 0.568021 0.657382 1.00315 1.20024 1.51293 2.16421 2.78967
S_f
 0.164263 1 1 1 1
 0.164263 1 1 1 1
 0.164263 1 1 1 1
 0.164263 1 1 1 1
 0.164263 1 1 1 1
 0.164263 1 1 1 1
 0.164263 1 1 1 1
 0.164263 1 1 1 1
 0.164263 1 1 1 1
 0.164263 1 1 1 1
 0.164263 1 1 1 1
 0.164263 1 1 1 1
 0.164263 1 1 1 1
 0.164263 1 1 1 1
 0.164263 1 1 1 1
 0.164263 1 1 1 1
 0.164263 1 1 1 1
 0.164263 1 1 1 1
 0.164263 1 1 1 1
 0.164263 1 1 1 1
 0.164263 1 1 1 1
 0.164263 1 1 1 1
 0.164263 1 1 1 1
 0.164263 1 1 1 1
 0.164263 1 1 1 1
Scru_reclas
 0.919111 1 1 1 1
 0.919111 1 1 1 1
 0.919111 1 1 1 1
 0.919111 1 1 1 1
 0.919111 1 1 1 1
 0.919111 1 1 1 1
 0.919111 1 1 1 1
 0.919111 1 1 1 1
 0.919111 1 1 1 1
 0.919111 1 1 1 1
 0.919111 1 1 1 1
 0.919111 1 1 1 1
 0.919111 1 1 1 1
 0.919111 1 1 1 1
 0.919111 1 1 1 1
 0.919111 1 1 1 1
 0.919111 1 1 1 1
 0.919111 1 1 1 1
 0.919111 1 1 1 1
 0.919111 1 1 1 1
 0.919111 1 1 1 1
 0.919111 1 1 1 1
 0.919111 1 1 1 1
 0.919111 1 1 1 1
 0.919111 1 1 1 1
Scru_pelaces
 1 1 1 1 1
 1 1 1 1 1
 1 1 1 1 1
 1 1 1 1 1
 1 1 1 1 1
 1 1 1 1 1
 1 1 1 1 1
 1 1 1 1 1
 1 1 1 1 1
 1 1 1 1 1
 1 1 1 1 1
 1 1 1 1 1
 1 1 1 1 1
 1 1 1 1 1
 1 1 1 1 1
 1 1 1 1 1
 1 1 1 1 1
 1 1 1 1 1
 1 1 1 1 1
 1 1 1 1 1
 1 1 1 1 1
 1 1 1 1 1
 1 1 1 1 1
 1 1 1 1 1
 1 1 1 1 1
pf_obs 
 0.256992 0.487395 0.22802 0.0275931 0
 0.321318 0.546541 0.124235 0.00734118 0.000564706
 0.182869 0.594174 0.210203 0.0122559 0.00049798
 0.330522 0.361315 0.267642 0.0388342 0.00168674
 0.649043 0.306663 0.0425973 0.00169635 0
 0.582887 0.30429 0.105238 0.00758474 0
 0.465427 0.430635 0.0974691 0.00646863 0
 0.296916 0.608066 0.0921331 0.00288517 0
 0.311714 0.524322 0.152257 0.0117073 0
 0.15457 0.633149 0.183074 0.0267441 0.00246327
 0.131901 0.49318 0.331252 0.0422183 0.00144891
 0.196976 0.569456 0.194076 0.0375587 0.00193317
 0.518974 0.381816 0.0799577 0.0180837 0.00116848
 0.0928022 0.601141 0.25162 0.0475244 0.00691264
 0.122501 0.610282 0.24278 0.0234846 0.000952079
 0.383417 0.481906 0.127806 0.00687128 0
 0.0376549 0.599619 0.316969 0.0457579 0
 0.0361596 0.667082 0.258105 0.0386534 0
 0.158088 0.579412 0.248529 0.0139706 0
 0.0477256 0.309471 0.559284 0.082774 0.000745712
 0.0406174 0.521527 0.379366 0.0568643 0.0016247
 0.151134 0.462217 0.34131 0.0453401 0
 0.294876 0.26143 0.354403 0.0886775 0.000613685
 0.281977 0.475581 0.204845 0.0348837 0.00271318
 0.0354234 0.537034 0.353287 0.0723622 0.0018943
pf_pred 
 0.317623 0.479963 0.180911 0.0214933 9.94912e-06
 0.297974 0.55458 0.103709 0.0390907 0.00464635
 0.163664 0.642792 0.152894 0.0285918 0.012058
 0.29421 0.455039 0.192722 0.0458408 0.0121877
 0.305378 0.510043 0.119003 0.0504012 0.0151757
 0.164993 0.610422 0.164907 0.038476 0.0212023
 0.260676 0.43127 0.225199 0.060838 0.0220167
 0.216832 0.550488 0.135729 0.0708744 0.026076
 0.26115 0.496486 0.170357 0.0420035 0.0300028
 0.250469 0.546244 0.136603 0.0468721 0.0198119
 0.139419 0.607574 0.184387 0.0461111 0.0225095
 0.155013 0.488477 0.251698 0.0763854 0.0284272
 0.241008 0.457852 0.174086 0.0897011 0.0373536
 0.207964 0.603392 0.113797 0.0432681 0.0315788
 0.2899 0.573235 0.104267 0.0196643 0.0129337
 0.361413 0.562336 0.0615543 0.0111962 0.00350038
 0.224198 0.651558 0.109409 0.0119761 0.00285939
 0.247579 0.527156 0.189189 0.0317684 0.00430769
 0.244887 0.535921 0.153569 0.0551138 0.0105096
 0.319058 0.476393 0.145173 0.0415995 0.0177764
 0.259283 0.571791 0.118182 0.0360138 0.0147297
 0.255716 0.518666 0.174164 0.0359975 0.0154562
 0.295884 0.491419 0.148222 0.0497717 0.0147041
 0.241142 0.56313 0.136603 0.0412022 0.0179228
 0.0874726 0.62433 0.213864 0.0518789 0.0224544
pobs_RECLAS
 0 0 0 0 0
 0 0 0 0 0
 0 0 0 0 0
 0 0 0 0 0
 0.835266 0.146461 0.0176864 0.000547809 3.91292e-05
 0.385257 0.428462 0.181853 0.0044286 0
 0.867414 0.0963971 0.0333333 0.00285562 0
 0.441836 0.489002 0.0689373 0.000224442 0
 0.779404 0.147425 0.0564933 0.0165055 0.000172143
 0.814271 0.122319 0.05973 0.00367925 0
 0.40263 0.566651 0.0304383 0.000280538 0
 0.475488 0.404961 0.113038 0.00651328 0
 0.955842 0.0263864 0.0167828 0.000988607 0
 0.975058 0.0227948 0.00214734 0 0
 0.738997 0.206755 0.0527124 0.00153531 0
 0.850938 0.134255 0.0134407 0.00136685 0
 0.542534 0.407297 0.0501686 0 0
 0.764087 0.199537 0.0359546 0.000420521 0
 0.470689 0.182191 0.310203 0.0369168 0
 0.84361 0.089868 0.0606195 0.00523954 0.000663233
 0.607945 0.314616 0.071237 0.00620181 0
 0.523733 0.453247 0.0230204 0 0
 0.530135 0.295979 0.169645 0.0042399 0
 0.562478 0.366248 0.0663022 0.0049721 0
 0.250443 0.683176 0.0655157 0.000865301 0
ppred_RECLAS
 0.730725 0.1894 0.0713899 0.00848153 3.92606e-06
 0.711015 0.22829 0.0426912 0.0160915 0.00191265
 0.539664 0.353805 0.0841559 0.0157375 0.00663696
 0.70201 0.192121 0.0813688 0.0193543 0.00514572
 0.71131 0.211977 0.0494583 0.0209471 0.00630714
 0.529882 0.343674 0.0928444 0.0216624 0.0119371
 0.666203 0.194714 0.101675 0.0274678 0.00994032
 0.613889 0.271397 0.0669161 0.0349419 0.0128558
 0.670921 0.221132 0.0758759 0.0187081 0.013363
 0.656386 0.250419 0.0626243 0.021488 0.00908252
 0.487861 0.361572 0.10973 0.0274411 0.0133956
 0.517966 0.278658 0.143584 0.0435751 0.0162167
 0.659543 0.205376 0.0780886 0.0402368 0.0167555
 0.644047 0.271174 0.0511421 0.0194454 0.014192
 0.745009 0.205844 0.0374414 0.00706127 0.00464437
 0.772205 0.200595 0.0219575 0.0039939 0.00124865
 0.627625 0.31274 0.0525149 0.00574837 0.00137247
 0.654082 0.242355 0.0869777 0.0146052 0.00198042
 0.649575 0.248704 0.0712667 0.0255766 0.00487716
 0.728307 0.190079 0.0579234 0.0165981 0.00709271
 0.663965 0.2594 0.0536145 0.0163381 0.00668231
 0.660484 0.236597 0.0794476 0.0164208 0.00705057
 0.704598 0.206168 0.0621842 0.020881 0.00616891
 0.643191 0.264779 0.0642297 0.0193729 0.00842717
 0.352321 0.443127 0.151793 0.0368218 0.0159373
pobs_PELACES
 0 0 0 0 0
 0 0 0 0 0
 0 0 0 0 0
 0 0 0 0 0
 0 0 0 0 0
 0 0 0 0 0
 0 0 0 0 0
 0 0 0 0 0
 0 0 0 0 0
 0 0 0 0 0
 0.450072 0.473896 0.0757376 0.000293798 0
 0 0 0 0 0
 0.463077 0.371075 0.160297 0.00555027 0
 0.529543 0.364841 0.0842815 0.0213345 0
 0.631943 0.363953 0.00410389 0 0
 0.735681 0.248677 0.0153453 0.000297389 0
 0.695825 0.281241 0.0229344 0 0
 0.275771 0.60734 0.115278 0.00161068 0
 0 0 0 0 0
 0.896147 0.0623911 0.0374545 0.00400742 0
 0.803859 0.145111 0.0509908 3.86294e-05 0
 0.739449 0.233085 0.0266225 0.000797448 4.60066e-05
 0.878498 0.100942 0.0204185 0.000141795 0
 0.694673 0.275183 0.0284847 0.00165964 0
 0.469039 0.446079 0.0841089 0.000773354 0
ppred_PELACES
 0.775988 0.157563 0.0593898 0.00705586 3.26612e-06
 0.755284 0.193319 0.0361514 0.0136264 0.00161965
 0.616813 0.29451 0.0700519 0.0131 0.00552465
 0.729256 0.174555 0.073929 0.0175847 0.00467523
 0.730115 0.198169 0.0462367 0.0195826 0.0058963
 0.572347 0.312631 0.084458 0.0197057 0.0108589
 0.696776 0.17688 0.0923622 0.0249519 0.00902986
 0.659177 0.239564 0.0590673 0.0308435 0.0113479
 0.715704 0.191039 0.0655502 0.0161622 0.0115445
 0.695706 0.221764 0.0554582 0.0190291 0.0080432
 0.554784 0.314324 0.0953914 0.0238553 0.0116451
 0.581672 0.24183 0.124608 0.0378161 0.0140735
 0.735146 0.159769 0.0607479 0.0313016 0.0130347
 0.764157 0.179671 0.0338851 0.0128839 0.00940317
 0.847088 0.12344 0.0224527 0.00423448 0.00278512
 0.823093 0.155783 0.0170523 0.00310168 0.000969705
 0.68294 0.266283 0.0447139 0.00489447 0.0011686
 0.697481 0.211949 0.0760654 0.0127728 0.00173195
 0.689227 0.220563 0.0632027 0.0226826 0.0043253
 0.762907 0.165872 0.0505468 0.0144843 0.00618944
 0.692028 0.237737 0.049137 0.0149737 0.00612426
 0.691605 0.21491 0.0721652 0.0149156 0.0064043
 0.735306 0.184736 0.0557199 0.0187104 0.00552763
 0.676826 0.23982 0.0581751 0.0175468 0.00763278
 0.387611 0.418983 0.143522 0.0348155 0.015069
pobs_pel_tallas
 0 0 0 0 0 0 0 0 0 0 0 0 0 0 0 0 0 0 0 0 0 0 0 0 0 0 0 0 0 0 0 0 0 0 0 0
 0 0 0 0 0 0 0 0 0 0 0 0 0 0 0 0 0 0 0 0 0 0 0 0 0 0 0 0 0 0 0 0 0 0 0 0
 0 0 0 0 0 0 0 0 0 0 0 0 0 0 0 0 0 0 0 0 0 0 0 0 0 0 0 0 0 0 0 0 0 0 0 0
 0 0 0 0 0 0 0 0 0 0 0 0 0 0 0 0 0 0 0 0 0 0 0 0 0 0 0 0 0 0 0 0 0 0 0 0
 0 0 0 0 0 0 0 0 0 0 0 0 0 0 0 0 0 0 0 0 0 0 0 0 0 0 0 0 0 0 0 0 0 0 0 0
 0 0 0 0 0 0 0 0 0 0 0 0 0 0 0 0 0 0 0 0 0 0 0 0 0 0 0 0 0 0 0 0 0 0 0 0
 0 0 0 0 0 0 0 0 0 0 0 0 0 0 0 0 0 0 0 0 0 0 0 0 0 0 0 0 0 0 0 0 0 0 0 0
 0 0 0 0 0 0 0 0 0 0 0 0 0 0 0 0 0 0 0 0 0 0 0 0 0 0 0 0 0 0 0 0 0 0 0 0
 0 0 0 0 0 0 0 0 0 0 0 0 0 0 0 0 0 0 0 0 0 0 0 0 0 0 0 0 0 0 0 0 0 0 0 0
 0 0 0 0 0 0 0 0 0 0 0 0 0 0 0 0 0 0 0 0 0 0 0 0 0 0 0 0 0 0 0 0 0 0 0 0
 0 0 0 0 0 0 0 0 1.78061e-05 0.00172719 0.00360574 0.0105946 0.0120993 0.0124554 0.0147524 0.0171206 0.0266825 0.0428682 0.0675386 0.121331 0.153587 0.119568 0.100827 0.0573624 0.0630603 0.0341343 0.0324427 0.0444173 0.0211091 0.0280891 0.0125444 0.00206551 0 0 0 0
 0 0 0 0 0 0 0 0 0 0 0 0 0 0 0 0 0 0 0 0 0 0 0 0 0 0 0 0 0 0 0 0 0 0 0 0
 0 0 0 0 0 0 0.0133647 0.0140871 0.0187388 0.0205184 0.03894 0.0496705 0.03968 0.0493445 0.0407372 0.0367815 0.0215668 0.0243155 0.0234873 0.0199281 0.019796 0.0243948 0.0301388 0.0376714 0.0412746 0.0863199 0.0771752 0.113111 0.0741005 0.0525337 0.0229764 0.00759418 0.00175318 0 0 0
 0 0 0 0 0 0 0 0 0 0 0.00219441 0.00772107 0.0458388 0.0604681 0.0671733 0.0775358 0.0609151 0.0617685 0.073594 0.0568108 0.0755445 0.0548602 0.0670107 0.0636378 0.0643287 0.046367 0.0373049 0.0286899 0.0247887 0.0153202 0.00654259 0.00121912 0.000365735 0 0 0
 0 0 0 0 0 0 0 0 0 0 0 0 0.000112435 0.00938835 0.0111873 0.0202946 0.0414886 0.0713402 0.111592 0.104902 0.108894 0.110636 0.117776 0.105296 0.107544 0.0401394 0.0192827 0.0124803 0.00416011 0.0028671 0.000618394 0 0 0 0 0
 0 0 0 0 0 0 0 0 0 0 0.00291406 0.0102884 0.027416 0.0768956 0.0749926 0.110853 0.0956884 0.0897413 0.0766577 0.0534642 0.0500743 0.0551293 0.0594112 0.0620874 0.0668451 0.0424026 0.0208742 0.0120726 0.0048766 0.00582813 0.00118941 0.000297354 0 0 0 0
 0 0.00264628 0.0354308 0.0461629 0.0458689 0.0383711 0.0214643 0.0164657 0.0346957 0.0420465 0.0363128 0.0245516 0.0311673 0.0291091 0.0169068 0.0133784 0.00837989 0.0085269 0.0148486 0.0160247 0.0276389 0.0546898 0.0760071 0.122758 0.109233 0.0665981 0.0333725 0.0166128 0.00676272 0.00308733 0.000882094 0 0 0 0 0
 0 0 0 0 0 0 0 0.000805153 0.000690131 0.00759144 0.0133425 0.0154129 0.00931677 0.000345066 0.00356568 0.00563607 0.00851162 0.0253048 0.0502646 0.0516448 0.0657925 0.0565908 0.0611916 0.0827007 0.0866115 0.110766 0.145733 0.0935128 0.0569358 0.0249597 0.0138026 0.00621118 0.00161031 0.00115022 0 0
 0 0 0 0 0 0 0 0 0 0 0 0 0 0 0 0 0 0 0 0 0 0 0 0 0 0 0 0 0 0 0 0 0 0 0 0
 0.00147267 0.00158595 0.00478618 0.00569244 0.00954404 0.0108468 0.00647125 0.017049 0.0510054 0.094081 0.124002 0.0959785 0.0687766 0.0820023 0.061753 0.0591476 0.0492212 0.0479892 0.0443925 0.0268479 0.0217502 0.0140895 0.0121071 0.0120363 0.00920419 0.00665534 0.0049561 0.00860946 0.00930331 0.0156896 0.0114698 0.00855282 0.00243557 0.00046729 0 2.83206e-05
 0 0 0 0 0.000772559 0.00158375 0.000888443 0.00281984 0.00712685 0.0440552 0.0773331 0.111326 0.0921469 0.0852325 0.0710754 0.0886704 0.0786465 0.0553345 0.0373146 0.0185414 0.00753245 0.00457741 0.012979 0.0271748 0.0457355 0.0583668 0.034881 0.0177882 0.00938659 0.00492506 0.0015258 0.00185414 0.000309023 5.79419e-05 3.86279e-05 0
 0 0.00173294 0.00326652 0 0.00397197 0.00683976 0.00946217 0.0152591 0.00757587 0.0136028 0.0228656 0.0392903 0.0559909 0.0764795 0.0681675 0.0726916 0.0566044 0.0477403 0.0527397 0.0444891 0.0609904 0.0582453 0.0661739 0.0445044 0.0529084 0.0360697 0.0280645 0.0235558 0.0158879 0.00826598 0.00280645 0.00217768 0.000904811 0.00058276 9.20147e-05 0
 0 0 0 0 0 0 0 0 0 0 0 0 0 0 0 0 0 0 0 0 0 0 0 0 0 0 0 0 0 0 0 0 0 0 0 0
 0 0 0 0 0 0 0 0 0 0 0 0 0 0 0 0 0 0 0 0 0 0 0 0 0 0 0 0 0 0 0 0 0 0 0 0
 0 0 0 0 0 0 0 0 0 0 0 0 0 0 0 0 0 0 0 0 0 0 0 0 0 0 0 0 0 0 0 0 0 0 0 0
ppred_pel_tallas
 1.01138e-16 3.38559e-05 0.00019871 0.000944586 0.00363672 0.0113408 0.0286459 0.0586132 0.0971572 0.130478 0.141981 0.125225 0.0896146 0.0522477 0.0252598 0.0109625 0.00565247 0.00497257 0.0062532 0.00832258 0.010702 0.013103 0.0152605 0.0169265 0.017913 0.0181306 0.017605 0.0164621 0.0148904 0.0130935 0.0112489 0.00948439 0.00787313 0.00644404 0.00519834 0.00412498
 1.01121e-16 3.29545e-05 0.000193415 0.000919405 0.00353976 0.0110384 0.0278821 0.0570507 0.0945684 0.127004 0.13821 0.121921 0.0872963 0.0509893 0.0248251 0.0110693 0.00613151 0.00577889 0.00740885 0.00985923 0.0126231 0.0153628 0.0177569 0.0195084 0.0204005 0.020345 0.0194004 0.0177501 0.0156526 0.0133776 0.0111527 0.00913131 0.00738789 0.00593307 0.0047384 0.00376011
 1.01799e-16 2.69207e-05 0.000157982 0.000750931 0.00289105 0.00901542 0.0227724 0.0465966 0.0772436 0.10375 0.112938 0.099707 0.0715652 0.0421528 0.0211807 0.0105626 0.00743005 0.00837241 0.0112721 0.0151296 0.0194118 0.0236615 0.0273988 0.0301702 0.0316403 0.0316668 0.0303289 0.0278961 0.0247527 0.0213035 0.0178926 0.0147559 0.0120132 0.0096901 0.00775403 0.00614868
 1.0193e-16 3.18189e-05 0.00018675 0.000887721 0.00341777 0.010658 0.0269212 0.0550845 0.091309 0.122626 0.133444 0.117713 0.0842751 0.0492086 0.0239295 0.0106244 0.00582797 0.00545803 0.00701175 0.00938334 0.0121052 0.0148759 0.0174071 0.0194253 0.0207191 0.0211827 0.0208333 0.0197956 0.0182614 0.0164394 0.0145118 0.0126094 0.0108092 0.00914506 0.00762653 0.00625421
 1.0167e-16 3.18572e-05 0.000186973 0.000888776 0.00342182 0.0106706 0.0269532 0.0551501 0.0914183 0.122775 0.133611 0.117871 0.084413 0.0493385 0.024084 0.0108462 0.0061617 0.0059451 0.00768452 0.0102562 0.0131641 0.0160704 0.0186486 0.0205943 0.021682 0.0218144 0.0210411 0.019537 0.0175525 0.0153504 0.013152 0.0111077 0.00929152 0.00771795 0.00636606 0.00520269
 1.02486e-16 2.49825e-05 0.000146601 0.000696822 0.00268271 0.00836571 0.0211313 0.043239 0.071679 0.0962797 0.104816 0.0925605 0.0664881 0.0392676 0.0199265 0.0102604 0.0076277 0.00887991 0.0120578 0.0162234 0.0208518 0.0254703 0.0295736 0.0326802 0.0344307 0.0346664 0.0334602 0.0310838 0.0279291 0.0244106 0.0208809 0.0175824 0.0146401 0.0120847 0.00989069 0.00801108
 1.02649e-16 3.04027e-05 0.000178435 0.000848192 0.00326557 0.0101834 0.0257224 0.0526316 0.0872434 0.117168 0.127507 0.112483 0.0805478 0.0470663 0.0229521 0.0103018 0.00581288 0.00559316 0.00725798 0.00975389 0.0126321 0.0155969 0.0183596 0.0206419 0.0222234 0.0229845 0.0229251 0.0221502 0.0208316 0.0191597 0.0173029 0.0153854 0.013485 0.0116447 0.00988953 0.00824003
 1.02507e-16 2.87657e-05 0.000168819 0.000802462 0.00308948 0.00963422 0.0243354 0.0497941 0.082542 0.11086 0.120659 0.106481 0.0763347 0.0447755 0.0221531 0.0104801 0.00665889 0.00702335 0.00931147 0.0124892 0.0160592 0.0196393 0.0228416 0.0252995 0.0267397 0.027041 0.026257 0.0245908 0.0223344 0.0197944 0.0172283 0.0148094 0.0126229 0.0106855 0.00897547 0.00745981
 1.02088e-16 3.12286e-05 0.000183283 0.000871235 0.00335429 0.01046 0.0264212 0.0540615 0.0896139 0.120352 0.130973 0.115544 0.0827458 0.0483629 0.0236063 0.0106301 0.00604104 0.00583741 0.00756184 0.0101195 0.0130324 0.0159774 0.018641 0.0207272 0.0220109 0.022386 0.021883 0.0206512 0.0189122 0.0169027 0.0148254 0.0128214 0.0109668 0.009287 0.00777813 0.00642692
 1.0189e-16 3.03578e-05 0.000178167 0.000846911 0.00326062 0.0101679 0.0256834 0.0525522 0.087113 0.116996 0.12733 0.11235 0.0805012 0.0471376 0.0231694 0.0107054 0.00646101 0.00655494 0.00859615 0.0115023 0.0147726 0.018042 0.0209474 0.0231477 0.0243894 0.0245619 0.0237183 0.0220523 0.019842 0.0173799 0.0149139 0.0126124 0.0105602 0.00877547 0.00723726 0.00591071
 1.02821e-16 2.42167e-05 0.000142106 0.000675449 0.00260042 0.00810908 0.0204831 0.0419127 0.0694807 0.0933282 0.101606 0.0897333 0.0644736 0.038111 0.0194011 0.0100912 0.00762789 0.00896559 0.012209 0.0164482 0.0211681 0.0258983 0.0301322 0.0333849 0.0352908 0.0356835 0.0346262 0.0323799 0.0293266 0.0258718 0.0223621 0.0190376 0.0160252 0.0133618 0.0110311 0.00899731
 1.03805e-16 2.53863e-05 0.000148979 0.000708138 0.00272631 0.00850167 0.0214747 0.043941 0.0728406 0.0978338 0.106491 0.0940008 0.0674374 0.0396576 0.019811 0.00969476 0.00660011 0.00731569 0.00986356 0.0133379 0.0172904 0.0213565 0.0251497 0.0282915 0.0304813 0.031556 0.0315148 0.0305001 0.0287444 0.0265048 0.0240081 0.0214203 0.0188446 0.0163374 0.0139322 0.0116575
 1.026e-16 3.2075e-05 0.000188255 0.000894881 0.00344534 0.010744 0.0271384 0.0555288 0.0920449 0.123613 0.134514 0.118648 0.0849238 0.0495464 0.0240171 0.0105331 0.00559408 0.0050802 0.00646886 0.00865329 0.011179 0.013767 0.0161568 0.0181018 0.0194116 0.0199904 0.0198516 0.0191031 0.0179103 0.0164503 0.0148734 0.0132831 0.0117352 0.0102511 0.00883541 0.00749151
 1.01422e-16 3.33408e-05 0.000195685 0.000930198 0.00358131 0.011168 0.0282095 0.0577204 0.095678 0.128493 0.139826 0.123338 0.0882912 0.0515311 0.0250156 0.0110299 0.0059351 0.00544424 0.00692473 0.00920843 0.0117983 0.0143758 0.0166427 0.0183241 0.019219 0.0192446 0.0184532 0.0170117 0.015155 0.0131278 0.0111348 0.00931249 0.00772505 0.00637938 0.00524844 0.00429348
 1.00635e-16 3.69547e-05 0.000216906 0.0010311 0.00396983 0.0123796 0.0312698 0.0639816 0.106054 0.142421 0.154964 0.136646 0.0977216 0.0568401 0.0272281 0.0113834 0.00523691 0.00401062 0.00478139 0.0062814 0.00802437 0.00975586 0.0112631 0.0123553 0.0128944 0.0128251 0.0121865 0.0110982 0.00972796 0.00825075 0.00681418 0.00551788 0.00441002 0.00349688 0.00275872 0.00216525
 1.00445e-16 3.59097e-05 0.000210768 0.00100191 0.00385745 0.0120291 0.0303846 0.0621705 0.103053 0.138394 0.150591 0.13281 0.095021 0.0553562 0.0266797 0.0114336 0.00567823 0.00477957 0.0058953 0.00777574 0.00991276 0.0120082 0.0137968 0.0150398 0.0155671 0.0153163 0.0143472 0.0128231 0.0109684 0.00901565 0.0071593 0.00552898 0.0041843 0.00312727 0.00232338 0.00172276
 1.00945e-16 2.98029e-05 0.000174906 0.000831396 0.00320087 0.00998158 0.0252128 0.0515896 0.0855187 0.114859 0.125015 0.110333 0.0791127 0.0464381 0.0230363 0.0109961 0.00711062 0.00757906 0.0100482 0.0134276 0.0171731 0.0208529 0.0240283 0.0262903 0.0273423 0.0270686 0.0255591 0.0230797 0.020001 0.0167105 0.0135352 0.0106966 0.00830225 0.00636585 0.00484144 0.00365736
 1.01669e-16 3.04349e-05 0.000178621 0.000849067 0.00326893 0.0101938 0.0257489 0.052686 0.0873346 0.117293 0.127651 0.112628 0.0806901 0.0472273 0.0231749 0.0106441 0.00633957 0.00636966 0.00834015 0.0111733 0.0143789 0.0176057 0.0205046 0.0227443 0.0240735 0.0243737 0.0236807 0.0221647 0.0200791 0.0176965 0.0152535 0.0129183 0.0107857 0.00889099 0.00723307 0.00579552
 1.01951e-16 3.00752e-05 0.000176509 0.000839025 0.00323026 0.0100732 0.0254443 0.0520629 0.0863019 0.115907 0.126145 0.111305 0.0797552 0.0467058 0.0229667 0.0106283 0.00643839 0.00655363 0.0086072 0.0115285 0.0148228 0.0181284 0.0210843 0.02335 0.02467 0.0249288 0.0241723 0.0225854 0.0204373 0.0180131 0.0155559 0.0132334 0.0111332 0.00927961 0.00765958 0.00624672
 1.01559e-16 3.32858e-05 0.000195363 0.00092867 0.00357544 0.0111497 0.0281632 0.0576255 0.0955204 0.12828 0.139592 0.123125 0.0881247 0.0514058 0.0249027 0.0108928 0.00573971 0.00516281 0.00653762 0.00870778 0.0111934 0.0136974 0.0159439 0.0176758 0.0187001 0.0189282 0.0183928 0.0172302 0.0156405 0.013836 0.0119979 0.0102517 0.00866353 0.00725274 0.00601126 0.00492129
 1.01576e-16 3.0198e-05 0.000177228 0.000842442 0.00324341 0.0101143 0.0255479 0.052275 0.086654 0.116381 0.126664 0.111771 0.0801065 0.0469459 0.0231483 0.0108178 0.00669297 0.00691602 0.00910603 0.0121761 0.0156094 0.0190167 0.0220079 0.0242182 0.0253796 0.0253809 0.02429 0.0223277 0.0198065 0.0170535 0.0143444 0.011866 0.00970959 0.00788971 0.00637455 0.00511443
 1.01907e-16 3.01787e-05 0.000177117 0.000841917 0.0032414 0.010108 0.025532 0.0522423 0.0865992 0.116306 0.126578 0.111684 0.0800194 0.0468464 0.0230098 0.010605 0.00636638 0.00643667 0.00844195 0.0113118 0.0145565 0.0178222 0.0207561 0.0230243 0.0243742 0.0246878 0.0240039 0.0224962 0.0204218 0.0180555 0.0156337 0.0133226 0.0112128 0.00933467 0.00768291 0.00623825
 1.01753e-16 3.2083e-05 0.0001883 0.000895088 0.00344613 0.0107464 0.0271447 0.0555417 0.092067 0.123645 0.134554 0.118696 0.0849867 0.0496398 0.0241681 0.0107781 0.00597682 0.00564733 0.00726192 0.00969743 0.0124703 0.0152618 0.017767 0.0197002 0.0208463 0.0211068 0.0205178 0.0192309 0.0174682 0.0154654 0.0134239 0.0114826 0.0097148 0.00814187 0.00675497 0.00553471
 1.01864e-16 2.95352e-05 0.000173337 0.000823942 0.00317218 0.00989212 0.0249868 0.051127 0.0847512 0.113826 0.123886 0.109325 0.0783637 0.0459466 0.022697 0.010677 0.00670193 0.00700315 0.00925488 0.0123941 0.0159117 0.0194194 0.0225251 0.0248601 0.0261509 0.0262795 0.0253062 0.0234443 0.0209987 0.0182906 0.0155917 0.0130871 0.0108698 0.00895926 0.00733082 0.00594352
 1.04075e-16 1.69315e-05 9.93252e-05 0.000472044 0.00181722 0.00566669 0.014314 0.029291 0.0485633 0.0652503 0.0710873 0.0628992 0.0454512 0.0273859 0.0149009 0.0093126 0.00893367 0.011709 0.0163322 0.0221016 0.0284907 0.0349124 0.0406995 0.045204 0.0479327 0.048653 0.0474351 0.0446112 0.0406741 0.0361511 0.0314956 0.0270255 0.0229142 0.0192212 0.0159392 0.0130363
pSPR Fmed_Fpbrs
0.568849   0.344448 0.344448
Fs Fmed_Fpbrs
0.400252   1.005 1.005
SSBpbr Bo_Bmed_Bpbrs
974400  505567  286910 286910
Ro
39340.1
SPR SPRFo_SPRFmed_SPRFpbrs
807959 459607 278300
log_Ro
10.4
likeval ReclasPelacesDesembMPH_pf_preclas_ppelaces_ptallas_desvR_qrecl_qpela
 62.672 16.1298 0.00680425 0.00021327 313.429 191.625 77.9333 0 15.9602 2.60885e-05 4.09519e-05 0 0 0 0
q_reclas_q_pelaces
0.484915 2.48541
M
0.7
N
 41078.4 12466.6 4699.01 558.27 0.25842
 50657.6 18547.1 3468.39 1307.33 155.39
 26958 23111.2 5497.21 1028 433.538
 42977.6 11654.4 4935.98 1174.07 312.149
 74613.3 20720.6 4834.51 2047.56 616.518
 54150.3 36851.6 9955.54 2322.82 1280
 87214.8 25526.1 13329.1 3600.88 1303.13
 87023 41874.3 10324.6 5391.25 1983.54
 110190 40435.5 13874.4 3420.9 2443.53
 125251 50746.2 12690.5 4354.43 1840.53
 65254.8 58763.9 17833.7 4459.82 2177.09
 45155.6 29036.9 14961.9 4540.64 1689.82
 46562.3 20223.3 7689.37 3962.1 1649.91
 23836.3 19625.5 3701.28 1407.31 1027.11
 14931.9 8797.15 1600.13 301.777 198.486
 15690.1 5326.47 583.045 106.051 33.1558
 11608.8 6784.72 1139.28 124.708 29.7751
 12941.5 5237.87 1879.8 315.654 42.8016
 14776.7 6004.84 1720.7 617.535 117.757
 24907.9 6934.27 2113.1 605.513 258.749
 30380.4 11665.6 2411.12 734.748 300.513
 40885.6 14694 4934.14 1019.82 437.88
 65790.6 19615.7 5916.49 1986.71 586.938
 75067.4 31372.5 7610.31 2295.42 998.5
 28011.3 35848.3 12279.8 2978.83 1289.31
pred_Ctot
 2696.62 4074.88 1535.93 182.478 0.084468
 2975.6 5538.09 1035.65 390.363 46.3989
 2529.31 9933.9 2362.87 441.867 186.348
 901.542 1394.36 590.555 140.469 37.3464
 290.166 484.637 113.075 47.8907 14.4198
 1981.57 7331.18 1980.54 462.098 254.641
 2082.68 3445.65 1799.23 486.068 175.903
 4039.89 10256.4 2528.82 1320.49 485.832
 5778.48 10985.8 3769.5 929.414 663.873
 4989.51 10881.5 2721.23 933.724 394.666
 4908.1 21389.1 6491.17 1623.3 792.425
 3205.54 10101.3 5204.88 1579.58 587.85
 5112.01 9711.49 3692.53 1902.65 792.307
 4477.75 12991.8 2450.2 931.621 679.935
 3082.62 6095.44 1108.71 209.098 137.529
 1469.69 2286.75 250.311 45.5297 14.2343
 767.291 2229.88 374.438 40.9867 9.78593
 613.119 1305.48 468.519 78.6732 10.6678
 586.427 1283.36 367.749 131.98 25.1671
 1021.98 1525.94 465.004 133.248 56.9397
 569.234 1255.32 259.458 79.0652 32.3378
 997.551 2023.32 679.418 140.427 60.2949
 1884.38 3129.68 943.973 316.979 93.6458
 2074.29 4844.02 1175.06 354.42 154.172
 791.462 5649.01 1935.07 469.406 203.17
F
 0.0951682 0.579364 0.579364 0.579364 0.579364
 0.0847721 0.516075 0.516075 0.516075 0.516075
 0.1386 0.843766 0.843766 0.843766 0.843766
 0.0295512 0.179901 0.179901 0.179901 0.179901
 0.00542055 0.0329992 0.0329992 0.0329992 0.0329992
 0.0520632 0.31695 0.31695 0.31695 0.31695
 0.0337021 0.205171 0.205171 0.205171 0.205171
 0.0664648 0.404624 0.404624 0.404624 0.404624
 0.0753729 0.458855 0.458855 0.458855 0.458855
 0.0567932 0.345745 0.345745 0.345745 0.345745
 0.109731 0.668022 0.668022 0.668022 0.668022
 0.103277 0.62873 0.62873 0.62873 0.62873
 0.163961 0.99816 0.99816 0.99816 0.99816
 0.296781 1.80674 1.80674 1.80674 1.80674
 0.330813 2.01392 2.01392 2.01392 2.01392
 0.138357 0.842289 0.842289 0.842289 0.842289
 0.0958489 0.583508 0.583508 0.583508 0.583508
 0.067871 0.413185 0.413185 0.413185 0.413185
 0.0565739 0.34441 0.34441 0.34441 0.34441
 0.0585408 0.356384 0.356384 0.356384 0.356384
 0.0263584 0.160464 0.160464 0.160464 0.160464
 0.0344453 0.209696 0.209696 0.209696 0.209696
 0.0405447 0.246828 0.246828 0.246828 0.246828
 0.0390904 0.237974 0.237974 0.237974 0.237974
 0.039987 0.243433 0.243433 0.243433 0.243433
nmprior
 10.6 11 7 0
nm_flota  nm_reclas  nm_pelaces    nm_pelaL
inf 17.6079 18.3385 43.8908
cv_recla  cv_pelaces  cv_mph
0.71608 0.455393 0.473809
 ------------------------------------------------
Talla a la edad & desviación 
 7.2 14.2025 17.0495 18.207 18.6776
 1.08 2.13037 2.55742 2.73105 2.80164
