years
 1997 1998 1999 2000 2001 2002 2003 2004 2005 2006 2007 2008 2009 2010 2011 2012 2013 2014 2015 2016 2017 2018 2019 2020 2021
reclasobs
 0 0 0 370054 412103 1.49427e+06 250295 1.28982e+06 931140 785840 897777 1.04006e+06 184774 17550 25797 100020 73551 82996 120727 218422 84188 347160 605670 569463 516374
reclaspred
 3.28655e+06 408498 589553 174574 228781 298146 550391 464491 723068 1.1452e+06 1.24904e+06 811644 443462 201255 129247 118892 126423 160094 149818 200354 368569 364061 569960 620199 520732
pelacesobs
 0 0 0 0 0 0 0 0 0 2.06254e+06 1.5e+06 0 1.87456e+06 323000 250000 174000 83755 137374 0 501740 490994 745055 786931 1.00524e+06 1.33801e+06
pelacespred
 1.42239e+06 565644 182764 127338 132345 122817 287979 265178 400274 663140 642526 431172 238015 86010 53937.9 56555.4 62730.1 79729.9 78072.2 100583 204289 212901 252438 323204 263995
mphobs
 0 0 0 0 0 112323 0 153150 637223 0 255016 313432 73983 77613 109348 50772 0 0 0 0 0 0 0 0 0
mphpred
 2.3452e+06 1.01576e+06 452393 238552 130252 297095 325262 459837 508365 817216 1.25211e+06 882674 490184 265234 121068 102389 104031 127204 141112 137713 255841 348613 398793 522879 539651
desembarqueobs
 350755 77701 442110 56441 14545 235359 269955 359681 431902 328805 639364 411747 362871 311530 167758 66681 60226 58785 57116 73181 50977 67692 138656 160484 209506
desembarquepred
 350735 77680.6 441649 56420 14543.7 235154 269806 359208 431501 328582 638604 411329 362271 310986 167454 66638.4 60200.7 58747.4 57071 73120.3 50962.5 67654.2 138571 160390 209383
Reclutas
 8546.27 11130.8 1935.04 5487.75 50319.5 17669.6 57165 67551.9 122417 199051 61913.4 24532.7 51083.4 27805.5 19412.2 14419.4 11343.5 11486.8 9088 27295.9 35604.6 33334 58232.1 48428.6 1844.4
log_desv_Rt
 -0.98675 -0.722529 -2.47212 -1.42973 0.786148 -0.260397 0.913697 1.08065 1.67518 2.16132 0.993492 0.0677638 0.801215 0.192989 -0.166341 -0.46367 -0.703596 -0.691049 -0.92529 0.174493 0.440231 0.374332 0.932192 0.747847 -2.52009
SSB
 2.3452e+06 1.01576e+06 452393 238552 130252 297095 325262 459837 508365 817216 1.25211e+06 882674 490184 265234 121068 102389 104031 127204 141112 137713 255841 348613 398793 522879 539651
BT
 2.90029e+06 1.1875e+06 589976 308460 378994 419086 1.06462e+06 1.03759e+06 1.53214e+06 2.04287e+06 1.88274e+06 1.21452e+06 900631 483946 277829 181993 195779 229131 209033 314264 545981 488145 639955 818707 655026
Ftot
 0.103904 0.184153 0.692238 0.310144 0.0621309 0.728434 0.467938 0.72336 0.566572 0.277216 0.48401 0.479374 0.756774 1.33667 1.15825 0.530058 0.45342 0.351885 0.364443 0.350814 0.134545 0.180173 0.234934 0.249611 0.383165
BD_Bspro_t
 0.98362 0.877291 0.686327 0.377479 0.403325 0.663608 0.495862 0.526285 0.503197 0.561671 0.62631 0.465394 0.335421 0.246018 0.146169 0.148975 0.198773 0.299053 0.375652 0.43175 0.604527 0.726378 0.722328 0.711537 0.658745
BD_Bspro
 4.98092 2.15734 0.960827 0.506655 0.276639 0.630993 0.690818 0.976638 1.0797 1.73567 2.65933 1.87469 1.04109 0.563325 0.257134 0.217462 0.220948 0.270165 0.299706 0.292486 0.543375 0.740411 0.846987 1.11053 1.14615
BD_Bo
 2.26274 0.980041 0.436486 0.230164 0.125672 0.286648 0.313826 0.443669 0.49049 0.788482 1.20808 0.851638 0.472949 0.255908 0.116811 0.0987887 0.100373 0.122731 0.136151 0.132871 0.246845 0.336355 0.38477 0.504493 0.520676
BD_Brms
 11.0054 4.76669 2.12296 1.11946 0.611239 1.39419 1.52637 2.1579 2.38563 3.83499 5.87584 4.14217 2.30031 1.24468 0.568142 0.480485 0.488189 0.596935 0.662205 0.646252 1.2006 1.63595 1.87143 2.45374 2.53245
S_f
 0.5 1 1 1 1
 0.5 1 1 1 1
 0.5 1 1 1 1
 0.5 1 1 1 1
 0.5 1 1 1 1
 0.5 1 1 1 1
 0.5 1 1 1 1
 0.5 1 1 1 1
 0.5 1 1 1 1
 0.5 1 1 1 1
 0.5 1 1 1 1
 0.5 1 1 1 1
 0.5 1 1 1 1
 0.5 1 1 1 1
 0.5 1 1 1 1
 0.5 1 1 1 1
 0.5 1 1 1 1
 0.5 1 1 1 1
 0.5 1 1 1 1
 0.5 1 1 1 1
 0.5 1 1 1 1
 0.5 1 1 1 1
 0.5 1 1 1 1
 0.5 1 1 1 1
 0.5 1 1 1 1
Scru_reclas
 0.5 1 1 1 1
 0.5 1 1 1 1
 0.5 1 1 1 1
 0.5 1 1 1 1
 0.5 1 1 1 1
 0.5 1 1 1 1
 0.5 1 1 1 1
 0.5 1 1 1 1
 0.5 1 1 1 1
 0.5 1 1 1 1
 0.5 1 1 1 1
 0.5 1 1 1 1
 0.5 1 1 1 1
 0.5 1 1 1 1
 0.5 1 1 1 1
 0.5 1 1 1 1
 0.5 1 1 1 1
 0.5 1 1 1 1
 0.5 1 1 1 1
 0.5 1 1 1 1
 0.5 1 1 1 1
 0.5 1 1 1 1
 0.5 1 1 1 1
 0.5 1 1 1 1
 0.5 1 1 1 1
Scru_pelaces
 0.5 1 1 1 1
 0.5 1 1 1 1
 0.5 1 1 1 1
 0.5 1 1 1 1
 0.5 1 1 1 1
 0.5 1 1 1 1
 0.5 1 1 1 1
 0.5 1 1 1 1
 0.5 1 1 1 1
 0.5 1 1 1 1
 0.5 1 1 1 1
 0.5 1 1 1 1
 0.5 1 1 1 1
 0.5 1 1 1 1
 0.5 1 1 1 1
 0.5 1 1 1 1
 0.5 1 1 1 1
 0.5 1 1 1 1
 0.5 1 1 1 1
 0.5 1 1 1 1
 0.5 1 1 1 1
 0.5 1 1 1 1
 0.5 1 1 1 1
 0.5 1 1 1 1
 0.5 1 1 1 1
pf_obs 
 0.256992 0.487395 0.22802 0.0275931 0
 0.321318 0.546541 0.124235 0.00734118 0.000564706
 0.182869 0.594174 0.210203 0.0122559 0.00049798
 0.330522 0.361315 0.267642 0.0388342 0.00168674
 0.649043 0.306663 0.0425973 0.00169635 0
 0.582887 0.30429 0.105238 0.00758474 0
 0.465427 0.430635 0.0974691 0.00646863 0
 0.296916 0.608066 0.0921331 0.00288517 0
 0.311714 0.524322 0.152257 0.0117073 0
 0.15457 0.633149 0.183074 0.0267441 0.00246327
 0.131901 0.49318 0.331252 0.0422183 0.00144891
 0.196976 0.569456 0.194076 0.0375587 0.00193317
 0.518974 0.381816 0.0799577 0.0180837 0.00116848
 0.0928022 0.601141 0.25162 0.0475244 0.00691264
 0.122501 0.610282 0.24278 0.0234846 0.000952079
 0.383417 0.481906 0.127806 0.00687128 0
 0.0376549 0.599619 0.316969 0.0457579 0
 0.0361596 0.667082 0.258105 0.0386534 0
 0.158088 0.579412 0.248529 0.0139706 0
 0.0477256 0.309471 0.559284 0.082774 0.000745712
 0.0406174 0.521527 0.379366 0.0568643 0.0016247
 0.151134 0.462217 0.34131 0.0453401 0
 0.294876 0.26143 0.354403 0.0886775 0.000613685
 0.281977 0.475581 0.204845 0.0348837 0.00271318
 0.0354234 0.537034 0.353287 0.0723622 0.0018943
pf_pred 
 0.0454861 0.616639 0.298035 0.0398383 1.57322e-06
 0.113825 0.0791984 0.521327 0.251968 0.0336819
 0.0448652 0.20348 0.0671762 0.44219 0.242289
 0.308734 0.0716263 0.132007 0.0435803 0.444052
 0.843758 0.0772038 0.00818962 0.0150934 0.055755
 0.278792 0.661062 0.0297204 0.00315268 0.0272739
 0.716979 0.138798 0.132195 0.00594332 0.00608452
 0.597084 0.34376 0.0290107 0.0276307 0.00251399
 0.698152 0.237397 0.0549888 0.00464063 0.00482202
 0.660906 0.286685 0.0412184 0.00954751 0.00164297
 0.243238 0.611823 0.122538 0.017618 0.00478314
 0.19278 0.343555 0.374862 0.0750784 0.0137251
 0.523454 0.169048 0.130872 0.142798 0.0338283
 0.42839 0.419576 0.0539318 0.0417524 0.0563495
 0.542553 0.318477 0.102008 0.013112 0.0238507
 0.534963 0.35953 0.0734545 0.0235275 0.0085252
 0.452621 0.399033 0.114689 0.0234318 0.0102247
 0.473821 0.344008 0.132801 0.0381692 0.0112011
 0.405807 0.395742 0.129744 0.0500864 0.0186202
 0.701962 0.179681 0.0788274 0.0258435 0.0136856
 0.574868 0.356719 0.0412453 0.0180946 0.0090738
 0.435995 0.415948 0.124231 0.0143641 0.00946167
 0.556271 0.274841 0.124553 0.0372002 0.00713448
 0.419782 0.422616 0.097617 0.0442383 0.0157466
 0.0278476 0.591549 0.277222 0.0640333 0.0393481
pobs_RECLAS
 0 0 0 0 0
 0 0 0 0 0
 0 0 0 0 0
 0 0 0 0 0
 0.835266 0.146461 0.0176864 0.000547809 3.91292e-05
 0.385257 0.428462 0.181853 0.0044286 0
 0.867414 0.0963971 0.0333333 0.00285562 0
 0.441836 0.489002 0.0689373 0.000224442 0
 0.779404 0.147425 0.0564933 0.0165055 0.000172143
 0.814271 0.122319 0.05973 0.00367925 0
 0.40263 0.566651 0.0304383 0.000280538 0
 0.475488 0.404961 0.113038 0.00651328 0
 0.955842 0.0263864 0.0167828 0.000988607 0
 0.975058 0.0227948 0.00214734 0 0
 0.738997 0.206755 0.0527124 0.00153531 0
 0.850938 0.134255 0.0134407 0.00136685 0
 0.542534 0.407297 0.0501686 0 0
 0.764087 0.199537 0.0359546 0.000420521 0
 0.470689 0.182191 0.310203 0.0369168 0
 0.84361 0.089868 0.0606195 0.00523954 0.000663233
 0.607945 0.314616 0.071237 0.00620181 0
 0.523733 0.453247 0.0230204 0 0
 0.530135 0.295979 0.169645 0.0042399 0
 0.562478 0.366248 0.0663022 0.0049721 0
 0.250443 0.683176 0.0655157 0.000865301 0
ppred_RECLAS
 0.0456311 0.616546 0.297989 0.0398322 1.57298e-06
 0.114468 0.079141 0.520948 0.251785 0.0336575
 0.0463585 0.203162 0.0670712 0.441498 0.24191
 0.311275 0.071363 0.131522 0.0434201 0.44242
 0.84401 0.0770791 0.0081764 0.0150691 0.055665
 0.286264 0.654212 0.0294125 0.00312002 0.0269913
 0.721044 0.136804 0.130297 0.00585796 0.00599714
 0.605834 0.336295 0.0283807 0.0270307 0.0024594
 0.703604 0.233109 0.0539956 0.00455681 0.00473493
 0.663221 0.284728 0.040937 0.00948234 0.00163175
 0.247132 0.608675 0.121907 0.0175273 0.00475853
 0.196033 0.34217 0.373351 0.0747758 0.0136698
 0.533152 0.165608 0.128209 0.139892 0.0331399
 0.450654 0.403234 0.0518312 0.0401262 0.0541547
 0.560529 0.305962 0.0979996 0.0125967 0.0229135
 0.540869 0.354964 0.0725217 0.0232287 0.00841694
 0.457407 0.395545 0.113686 0.0232269 0.0101353
 0.477292 0.341739 0.131925 0.0379174 0.0111272
 0.40932 0.393402 0.128977 0.0497903 0.0185101
 0.704855 0.177937 0.0780624 0.0255927 0.0135528
 0.575953 0.355808 0.04114 0.0180484 0.00905063
 0.43752 0.414824 0.123895 0.0143253 0.0094361
 0.558361 0.273547 0.123967 0.037025 0.00710089
 0.422002 0.420999 0.0972435 0.0440691 0.0156864
 0.0282707 0.591292 0.277101 0.0640055 0.0393309
pobs_PELACES
 0 0 0 0 0
 0 0 0 0 0
 0 0 0 0 0
 0 0 0 0 0
 0 0 0 0 0
 0 0 0 0 0
 0 0 0 0 0
 0 0 0 0 0
 0 0 0 0 0
 0 0 0 0 0
 0.450072 0.473896 0.0757376 0.000293798 0
 0 0 0 0 0
 0.463077 0.371075 0.160297 0.00555027 0
 0.529543 0.364841 0.0842815 0.0213345 0
 0.631943 0.363953 0.00410389 0 0
 0.735681 0.248677 0.0153453 0.000297389 0
 0.695825 0.281241 0.0229344 0 0
 0.275771 0.60734 0.115278 0.00161068 0
 0 0 0 0 0
 0.896147 0.0623911 0.0374545 0.00400742 0
 0.803859 0.145111 0.0509908 3.86294e-05 0
 0.739449 0.233085 0.0266225 0.000797448 4.60066e-05
 0.878498 0.100942 0.0204185 0.000141795 0
 0.694673 0.275183 0.0284847 0.00165964 0
 0.469039 0.446079 0.0841089 0.000773354 0
ppred_PELACES
 0.0463835 0.61606 0.297754 0.0398008 1.57174e-06
 0.117584 0.0788625 0.519115 0.250899 0.033539
 0.051678 0.202029 0.066697 0.439036 0.24056
 0.322351 0.0702154 0.129407 0.0427218 0.435305
 0.845355 0.0764146 0.0081059 0.0149391 0.055185
 0.311437 0.631138 0.0283751 0.00300997 0.0260393
 0.736306 0.12932 0.123168 0.00553747 0.00566903
 0.633947 0.31231 0.0263565 0.0251028 0.00228399
 0.722722 0.218073 0.0505128 0.00426289 0.00442952
 0.67336 0.276156 0.0397046 0.00919687 0.00158263
 0.262289 0.596421 0.119453 0.0171744 0.00466273
 0.208799 0.336737 0.367423 0.0735884 0.0134527
 0.564064 0.154642 0.119719 0.130629 0.0309456
 0.50563 0.36288 0.0466442 0.0361105 0.0487352
 0.606928 0.273658 0.0876527 0.0112668 0.0204942
 0.562497 0.338243 0.0691055 0.0221345 0.00802045
 0.476026 0.381972 0.109785 0.0224299 0.00978753
 0.491792 0.332259 0.128265 0.0368656 0.0108185
 0.423934 0.383669 0.125786 0.0485584 0.0180522
 0.716752 0.170765 0.0749156 0.0245611 0.0130065
 0.581366 0.351266 0.0406149 0.017818 0.00893511
 0.444849 0.409418 0.122281 0.0141386 0.00931314
 0.567897 0.26764 0.12129 0.0362256 0.00694756
 0.432078 0.41366 0.0955481 0.0433008 0.0154129
 0.0300602 0.590203 0.276591 0.0638876 0.0392585
pobs_pel_tallas
 0 0 0 0 0 0 0 0 0 0 0 0 0 0 0 0 0 0 0 0 0 0 0 0 0 0 0 0 0 0 0 0 0 0 0 0
 0 0 0 0 0 0 0 0 0 0 0 0 0 0 0 0 0 0 0 0 0 0 0 0 0 0 0 0 0 0 0 0 0 0 0 0
 0 0 0 0 0 0 0 0 0 0 0 0 0 0 0 0 0 0 0 0 0 0 0 0 0 0 0 0 0 0 0 0 0 0 0 0
 0 0 0 0 0 0 0 0 0 0 0 0 0 0 0 0 0 0 0 0 0 0 0 0 0 0 0 0 0 0 0 0 0 0 0 0
 0 0 0 0 0 0 0 0 0 0 0 0 0 0 0 0 0 0 0 0 0 0 0 0 0 0 0 0 0 0 0 0 0 0 0 0
 0 0 0 0 0 0 0 0 0 0 0 0 0 0 0 0 0 0 0 0 0 0 0 0 0 0 0 0 0 0 0 0 0 0 0 0
 0 0 0 0 0 0 0 0 0 0 0 0 0 0 0 0 0 0 0 0 0 0 0 0 0 0 0 0 0 0 0 0 0 0 0 0
 0 0 0 0 0 0 0 0 0 0 0 0 0 0 0 0 0 0 0 0 0 0 0 0 0 0 0 0 0 0 0 0 0 0 0 0
 0 0 0 0 0 0 0 0 0 0 0 0 0 0 0 0 0 0 0 0 0 0 0 0 0 0 0 0 0 0 0 0 0 0 0 0
 0 0 0 0 0 0 0 0 0 0 0 0 0 0 0 0 0 0 0 0 0 0 0 0 0 0 0 0 0 0 0 0 0 0 0 0
 0 0 0 0 0 0 0 0 1.78061e-05 0.00172719 0.00360574 0.0105946 0.0120993 0.0124554 0.0147524 0.0171206 0.0266825 0.0428682 0.0675386 0.121331 0.153587 0.119568 0.100827 0.0573624 0.0630603 0.0341343 0.0324427 0.0444173 0.0211091 0.0280891 0.0125444 0.00206551 0 0 0 0
 0 0 0 0 0 0 0 0 0 0 0 0 0 0 0 0 0 0 0 0 0 0 0 0 0 0 0 0 0 0 0 0 0 0 0 0
 0 0 0 0 0 0 0.0133647 0.0140871 0.0187388 0.0205184 0.03894 0.0496705 0.03968 0.0493445 0.0407372 0.0367815 0.0215668 0.0243155 0.0234873 0.0199281 0.019796 0.0243948 0.0301388 0.0376714 0.0412746 0.0863199 0.0771752 0.113111 0.0741005 0.0525337 0.0229764 0.00759418 0.00175318 0 0 0
 0 0 0 0 0 0 0 0 0 0 0.00219441 0.00772107 0.0458388 0.0604681 0.0671733 0.0775358 0.0609151 0.0617685 0.073594 0.0568108 0.0755445 0.0548602 0.0670107 0.0636378 0.0643287 0.046367 0.0373049 0.0286899 0.0247887 0.0153202 0.00654259 0.00121912 0.000365735 0 0 0
 0 0 0 0 0 0 0 0 0 0 0 0 0.000112435 0.00938835 0.0111873 0.0202946 0.0414886 0.0713402 0.111592 0.104902 0.108894 0.110636 0.117776 0.105296 0.107544 0.0401394 0.0192827 0.0124803 0.00416011 0.0028671 0.000618394 0 0 0 0 0
 0 0 0 0 0 0 0 0 0 0 0.00291406 0.0102884 0.027416 0.0768956 0.0749926 0.110853 0.0956884 0.0897413 0.0766577 0.0534642 0.0500743 0.0551293 0.0594112 0.0620874 0.0668451 0.0424026 0.0208742 0.0120726 0.0048766 0.00582813 0.00118941 0.000297354 0 0 0 0
 0 0.00264628 0.0354308 0.0461629 0.0458689 0.0383711 0.0214643 0.0164657 0.0346957 0.0420465 0.0363128 0.0245516 0.0311673 0.0291091 0.0169068 0.0133784 0.00837989 0.0085269 0.0148486 0.0160247 0.0276389 0.0546898 0.0760071 0.122758 0.109233 0.0665981 0.0333725 0.0166128 0.00676272 0.00308733 0.000882094 0 0 0 0 0
 0 0 0 0 0 0 0 0.000805153 0.000690131 0.00759144 0.0133425 0.0154129 0.00931677 0.000345066 0.00356568 0.00563607 0.00851162 0.0253048 0.0502646 0.0516448 0.0657925 0.0565908 0.0611916 0.0827007 0.0866115 0.110766 0.145733 0.0935128 0.0569358 0.0249597 0.0138026 0.00621118 0.00161031 0.00115022 0 0
 0 0 0 0 0 0 0 0 0 0 0 0 0 0 0 0 0 0 0 0 0 0 0 0 0 0 0 0 0 0 0 0 0 0 0 0
 0.00147267 0.00158595 0.00478618 0.00569244 0.00954404 0.0108468 0.00647125 0.017049 0.0510054 0.094081 0.124002 0.0959785 0.0687766 0.0820023 0.061753 0.0591476 0.0492212 0.0479892 0.0443925 0.0268479 0.0217502 0.0140895 0.0121071 0.0120363 0.00920419 0.00665534 0.0049561 0.00860946 0.00930331 0.0156896 0.0114698 0.00855282 0.00243557 0.00046729 0 2.83206e-05
 0 0 0 0 0.000772559 0.00158375 0.000888443 0.00281984 0.00712685 0.0440552 0.0773331 0.111326 0.0921469 0.0852325 0.0710754 0.0886704 0.0786465 0.0553345 0.0373146 0.0185414 0.00753245 0.00457741 0.012979 0.0271748 0.0457355 0.0583668 0.034881 0.0177882 0.00938659 0.00492506 0.0015258 0.00185414 0.000309023 5.79419e-05 3.86279e-05 0
 0 0.00173294 0.00326652 0 0.00397197 0.00683976 0.00946217 0.0152591 0.00757587 0.0136028 0.0228656 0.0392903 0.0559909 0.0764795 0.0681675 0.0726916 0.0566044 0.0477403 0.0527397 0.0444891 0.0609904 0.0582453 0.0661739 0.0445044 0.0529084 0.0360697 0.0280645 0.0235558 0.0158879 0.00826598 0.00280645 0.00217768 0.000904811 0.00058276 9.20147e-05 0
 0 0 0 0 0 0 0 0 0 0 0 0 0 0 0 0 0 0 0 0 0 0 0 0 0 0 0 0 0 0 0 0 0 0 0 0
 0 0 0 0 0 0 0 0 0 0 0 0 0 0 0 0 0 0 0 0 0 0 0 0 0 0 0 0 0 0 0 0 0 0 0 0
 0 0 0 0 0 0 0 0 0 0 0 0 0 0 0 0 0 0 0 0 0 0 0 0 0 0 0 0 0 0 0 0 0 0 0 0
ppred_pel_tallas
 1.05795e-16 2.06086e-06 1.20021e-05 5.68574e-05 0.000218577 0.000681317 0.00172163 0.00352769 0.00586662 0.00793648 0.00878884 0.00811501 0.00660077 0.00545212 0.005642 0.00760405 0.0114163 0.0170471 0.0243997 0.0332108 0.0429512 0.0528189 0.0618385 0.0690408 0.0736659 0.0753227 0.0740549 0.0702893 0.0646977 0.0580211 0.050918 0.0438772 0.0372014 0.031044 0.025467 0.0204916
 1.17583e-16 5.14401e-06 3.01517e-05 0.000143251 0.000551398 0.00171934 0.00434294 0.00888715 0.0147353 0.0198009 0.0215788 0.0191093 0.0138451 0.00842172 0.00474454 0.00325676 0.00351786 0.00501219 0.00749308 0.010936 0.0153922 0.0208841 0.0273519 0.0346291 0.0424346 0.050379 0.0579856 0.0647267 0.0700765 0.073575 0.0748934 0.0738881 0.0706313 0.0654044 0.0586606 0.0509566
 1.27339e-16 2.27332e-06 1.32915e-05 6.30809e-05 0.000242698 0.000756657 0.00191143 0.00391282 0.00649296 0.00874131 0.00956893 0.00857539 0.00643385 0.00435444 0.00324511 0.00338669 0.00467672 0.00696705 0.0101925 0.0143295 0.019322 0.0250435 0.0313019 0.0378703 0.044523 0.0510589 0.057301 0.0630738 0.0681713 0.0723369 0.0752702 0.0766669 0.0762818 0.0739923 0.0698463 0.0640732
 1.23668e-16 1.40708e-05 8.25647e-05 0.000392439 0.00151085 0.00471138 0.0119005 0.0243503 0.0403643 0.0542112 0.0590007 0.0520625 0.0373117 0.0218666 0.0107923 0.00508508 0.00325828 0.00357165 0.00500493 0.00717676 0.0100036 0.013479 0.0175863 0.0222746 0.027453 0.0329863 0.0386893 0.0443214 0.0495885 0.0541574 0.0576863 0.0598679 0.0604784 0.0594174 0.056731 0.0526116
 1.03232e-16 3.68771e-05 0.000216455 0.00102897 0.00396164 0.0123541 0.0312052 0.0638491 0.105833 0.14212 0.154626 0.136323 0.0974351 0.0565621 0.0268866 0.0108831 0.00447359 0.00288082 0.00319392 0.0041762 0.00539638 0.00667675 0.00789269 0.0089362 0.00972771 0.0102312 0.0104584 0.0104592 0.0103014 0.010048 0.00974021 0.00939068 0.00898841 0.00851059 0.00793655 0.00725882
 1.01929e-16 1.36184e-05 7.98551e-05 0.000379439 0.0014606 0.00455452 0.011505 0.0235451 0.0390454 0.0524872 0.0572493 0.0508138 0.0370629 0.0230192 0.0137652 0.0104764 0.0119064 0.0164679 0.0230851 0.0310381 0.0396026 0.047883 0.0548651 0.0595981 0.0614112 0.0600773 0.0558692 0.049481 0.0418507 0.0339394 0.0265417 0.0201732 0.0150523 0.0111533 0.00829824 0.00624837
 1.02246e-16 3.21246e-05 0.000188548 0.000896279 0.00345073 0.0107608 0.0271809 0.0556154 0.0921878 0.123803 0.134715 0.11881 0.0850097 0.0495353 0.0238988 0.010292 0.00520248 0.00450329 0.00567731 0.00763874 0.00996848 0.0124323 0.014814 0.0168993 0.0185058 0.0195147 0.0198868 0.0196568 0.0189123 0.017765 0.0163266 0.0146949 0.0129513 0.0111649 0.00939844 0.00771042
 1.01446e-16 2.76684e-05 0.00016237 0.000771791 0.00297136 0.00926586 0.023405 0.0478911 0.0793897 0.106633 0.116077 0.102481 0.0735617 0.0433392 0.0217949 0.0108959 0.00769189 0.00867282 0.0116532 0.015592 0.0199237 0.0241596 0.0277913 0.0303458 0.0314853 0.0310862 0.0292673 0.026352 0.0227831 0.0190167 0.0154306 0.0122722 0.00965024 0.0075609 0.00593205 0.00466567
 1.01142e-16 3.15356e-05 0.000185083 0.000879788 0.00338721 0.0105627 0.0266806 0.0545924 0.0904945 0.121536 0.132268 0.116698 0.0835994 0.0489158 0.0239762 0.0109638 0.00645886 0.00642234 0.00836596 0.0111655 0.0143067 0.017422 0.0201499 0.0221535 0.0231851 0.0231409 0.0220828 0.0202144 0.0178252 0.01522 0.0126582 0.0103178 0.00828925 0.00659116 0.00519722 0.00406201
 1.01044e-16 2.93856e-05 0.000172455 0.000819741 0.003156 0.00984164 0.0248593 0.0508664 0.0843204 0.113251 0.123268 0.108798 0.0780287 0.0458348 0.0227981 0.0109841 0.00723603 0.00781014 0.0103857 0.0138813 0.0177476 0.0215405 0.024806 0.0271217 0.0281827 0.0278721 0.0262869 0.0237063 0.0205171 0.0171222 0.0138598 0.0109569 0.00852087 0.00656087 0.00502439 0.00383322
 1.02698e-16 1.14741e-05 6.7269e-05 0.000319609 0.00123025 0.00383619 0.00969051 0.0198324 0.0328907 0.0442206 0.0482507 0.0428698 0.0313622 0.0196647 0.0120886 0.0096618 0.0113756 0.0159292 0.022437 0.0302868 0.0388282 0.0472316 0.0545406 0.0598407 0.0624611 0.0621294 0.059029 0.0537335 0.0470513 0.0398298 0.0327875 0.0264141 0.020953 0.0164455 0.0128057 0.00989395
 1.08483e-16 9.13172e-06 5.35396e-05 0.000254388 0.000979216 0.00305341 0.00771298 0.0157844 0.0261743 0.0351816 0.0383644 0.0340302 0.0247757 0.0153018 0.00901078 0.00669334 0.00753394 0.0105181 0.0150151 0.0206789 0.0271991 0.0341647 0.0410576 0.0473234 0.0524696 0.0561475 0.0581957 0.0586302 0.0575966 0.055307 0.0519878 0.0478539 0.0431081 0.0379531 0.0326024 0.0272781
 1.07685e-16 2.46148e-05 0.000144457 0.000686663 0.00264365 0.00824395 0.0208236 0.0426081 0.070629 0.0948567 0.103233 0.0910842 0.0652559 0.038196 0.0187516 0.00863701 0.00520131 0.005321 0.00709609 0.00970477 0.0128117 0.0161979 0.0196381 0.0228988 0.0257726 0.0281103 0.0298343 0.0309303 0.0314222 0.0313448 0.0307256 0.0295821 0.0279341 0.0258203 0.0233132 0.020522
 1.04299e-16 2.20751e-05 0.000129529 0.000615648 0.00237016 0.007391 0.0186694 0.038202 0.0633315 0.0850751 0.0926382 0.0818554 0.0589043 0.0350015 0.0181542 0.00998657 0.00820143 0.0100423 0.013779 0.0185473 0.0238069 0.0290285 0.0336369 0.0370893 0.0389901 0.0391823 0.0377778 0.035115 0.031662 0.0278979 0.0242131 0.0208545 0.0179216 0.0154011 0.0132188 0.0112875
 1.02679e-16 2.64888e-05 0.000155448 0.000738891 0.0028447 0.00887087 0.0224073 0.0458494 0.0760046 0.102085 0.111122 0.0980963 0.0703932 0.0414306 0.0207595 0.0102587 0.00710244 0.00793515 0.0106795 0.0143659 0.0184921 0.0226364 0.0263561 0.0292284 0.0309343 0.0313271 0.0304593 0.0285554 0.0259444 0.0229763 0.0199503 0.0170735 0.0144555 0.0121285 0.0100792 0.00827815
 1.02227e-16 2.4554e-05 0.000144083 0.000684847 0.0026366 0.00822189 0.0207681 0.0424959 0.0704481 0.094629 0.103026 0.0909961 0.0654002 0.038697 0.0197691 0.0103933 0.00798455 0.00945448 0.0128741 0.0173043 0.0221968 0.0270419 0.0312927 0.0344316 0.0360775 0.0360727 0.0345141 0.0317165 0.0281251 0.0242055 0.0203504 0.0168254 0.0137602 0.0111753 0.00902486 0.00723779
 1.02911e-16 2.07853e-05 0.000121954 0.00057963 0.00223147 0.00695851 0.017577 0.035967 0.0596277 0.0801037 0.0872358 0.0771075 0.0555439 0.033118 0.0173862 0.00989945 0.0085179 0.010665 0.0147193 0.0198569 0.0255358 0.0312018 0.036241 0.0400641 0.042229 0.0425385 0.0410778 0.0381753 0.0343077 0.0299806 0.0256262 0.0215442 0.0178924 0.0147144 0.0119843 0.00964924
 1.03702e-16 2.14708e-05 0.000125983 0.000598795 0.00230527 0.00718868 0.0181583 0.0371561 0.0615972 0.0827442 0.0900973 0.0796034 0.057269 0.034001 0.0175846 0.00959716 0.00780548 0.00953479 0.0131165 0.0177338 0.0228924 0.0281115 0.0328603 0.0366231 0.0390029 0.039805 0.0390704 0.0370445 0.0341001 0.0306385 0.0270071 0.0234522 0.0201129 0.0170449 0.0142563 0.011739
 1.04423e-16 1.85139e-05 0.000108619 0.000516234 0.00198738 0.00619732 0.0156542 0.032033 0.0531072 0.0713486 0.0777127 0.0687179 0.049561 0.0296724 0.0158012 0.00935233 0.00844561 0.0108081 0.0150073 0.0203035 0.0261876 0.0321182 0.0374867 0.0417033 0.0443182 0.0451188 0.0441666 0.0417593 0.0383386 0.0343746 0.0302682 0.0262963 0.0226063 0.0192448 0.0162033 0.0134562
 1.02571e-16 3.12734e-05 0.000183548 0.0008725 0.00335917 0.0104752 0.0264596 0.05414 0.0897434 0.120524 0.131156 0.115695 0.0828309 0.0483665 0.0235225 0.0104487 0.00574047 0.00538749 0.00693268 0.00929294 0.0120132 0.0148021 0.0173808 0.0194833 0.0209025 0.0215314 0.0213801 0.0205604 0.0192476 0.0176319 0.0158776 0.0141017 0.0123716 0.0107179 0.00915245 0.0076834
 1.01721e-16 2.53772e-05 0.000148915 0.000707817 0.00272503 0.00849767 0.0214647 0.0439213 0.072811 0.0978027 0.10648 0.0940462 0.0675891 0.0399856 0.0204142 0.0107088 0.00819343 0.0096702 0.0131377 0.0176164 0.0225299 0.0273435 0.0314873 0.0344281 0.0357824 0.035406 0.0334262 0.0302004 0.0262208 0.0219965 0.0179513 0.0143651 0.011364 0.00894981 0.00704788 0.00555411
 1.02791e-16 1.9427e-05 0.000113977 0.000541701 0.00208542 0.00650306 0.0164266 0.0336134 0.0557274 0.074869 0.0815479 0.0721106 0.052011 0.0311452 0.0165953 0.00983492 0.00888865 0.0113662 0.0157548 0.0212643 0.0273418 0.0333982 0.0387748 0.0428381 0.0451127 0.0453863 0.0437504 0.0405591 0.0363273 0.0316026 0.0268552 0.0224136 0.0184534 0.015026 0.012106 0.00963572
 1.03379e-16 2.47867e-05 0.000145456 0.000691386 0.0026618 0.00830049 0.0209665 0.0429015 0.0711184 0.0955234 0.103984 0.0918049 0.0659001 0.0388301 0.0195393 0.00979566 0.00696696 0.00792591 0.0107398 0.0145087 0.0187634 0.0231027 0.0270968 0.0303278 0.0324686 0.0333504 0.0329897 0.0315656 0.0293588 0.0266766 0.0237878 0.020887 0.0180907 0.0154551 0.0130031 0.0107471
 1.037e-16 1.88702e-05 0.000110708 0.000526159 0.00202558 0.00631645 0.0159552 0.032649 0.054129 0.072723 0.079214 0.0700555 0.0505475 0.0303064 0.0162166 0.00971594 0.00889216 0.0114278 0.0158536 0.021396 0.0275052 0.0335911 0.0389943 0.0430833 0.0453883 0.0457064 0.04414 0.0410527 0.0369641 0.032419 0.027876 0.0236443 0.0198758 0.0165983 0.0137672 0.0113145
 1.08149e-16 1.34787e-06 7.81899e-06 3.69768e-05 0.000142043 0.000442654 0.00111876 0.00229397 0.00382096 0.00518734 0.0057923 0.0054601 0.00467469 0.00427652 0.00497561 0.00714848 0.0109437 0.016418 0.023536 0.0320754 0.0415474 0.0511978 0.0601052 0.0673515 0.0722149 0.0743187 0.0736931 0.0707235 0.0660188 0.0602451 0.0539851 0.0476601 0.0415216 0.0356919 0.0302235 0.0251492
pSPR Fmed_Fpbrs
0.523906   0.255602 0.255602
Fs Fmed_Fpbrs
0.369806   1.005 1.005
SSBpbr Bo_Bmed_Bpbrs
1.03644e+06  491177  213095 213095
Ro
22925.4
SPR SPRFo_SPRFmed_SPRFpbrs
470837 246674 120347
log_Ro
9.86
likeval ReclasPelacesDesembMPH_pf_preclas_ppelaces_ptallas_desvR_qrecl_qpela
 99.2561 123.034 0.103576 0.000569912 390.035 209.721 87.8871 0 44.0318 0 0 0 0 0 0
q_reclas_q_pelaces
1 1
M
0.7
N
 8546.27 59256 28639.7 3828.26 0.151178
 11130.8 4029.1 26521.7 12818.5 1713.51
 1935.04 5041.18 1664.27 10955.1 6002.64
 5487.75 679.777 1252.82 413.603 4214.32
 50319.5 2333.68 247.552 456.237 1685.34
 17669.6 24223.6 1089.06 115.525 999.41
 57165 6095.99 5806.01 261.03 267.232
 67551.9 22465.3 1895.9 1805.71 164.294
 122417 23364.5 5411.97 456.728 474.581
 199051 45793.5 6584.01 1525.07 262.439
 61913.4 86052.1 17234.7 2477.94 672.743
 24532.7 24136.7 26336.2 5274.68 964.264
 51083.4 9586.17 7421.33 8097.61 1918.3
 27805.5 17375.7 2233.45 1729.07 2333.57
 19412.2 7077.34 2266.87 291.381 530.022
 14419.4 5402.06 1103.68 353.509 128.094
 11343.5 5493.39 1578.89 322.579 140.761
 11486.8 4490.38 1733.47 498.228 146.21
 9088 4783.89 1568.4 605.464 225.088
 27295.9 3761.18 1650.06 540.971 286.474
 35604.6 11374 1315.11 576.948 289.319
 33334 16530.4 4937.14 570.852 376.022
 58232.1 15127.1 6855.36 2047.49 392.679
 48428.6 25712.3 5939.09 2691.49 958.038
 1844.4 21227.3 9947.87 2297.78 1411.97
pred_Ctot
 312.09 4230.89 2044.88 273.339 0.0107942
 707.901 492.55 3242.23 1567.04 209.474
 415.317 1883.62 621.85 4093.35 2242.86
 572.008 132.706 244.576 80.7434 822.719
 1108.9 101.465 10.7632 19.8364 73.2757
 3960.96 9392.1 422.256 44.7921 387.496
 8692.63 1682.78 1602.73 72.0566 73.7685
 15053.2 8666.62 731.395 696.603 63.3808
 22075.2 7506.35 1738.72 146.734 152.47
 18676.8 8101.54 1164.81 269.807 46.4292
 9705 24411.2 4889.14 702.941 190.843
 3812.44 6794.2 7413.33 1484.76 271.429
 11827.4 3819.64 2957.05 3226.52 764.35
 10124.2 9915.96 1274.58 986.745 1331.72
 6343.12 3723.39 1192.6 153.296 278.845
 2451.38 1647.48 336.593 107.811 39.0653
 1676.55 1478.06 424.818 86.7935 37.8733
 1346.35 977.487 377.35 108.457 31.8276
 1100.25 1072.96 351.768 135.797 50.484
 3190.31 816.621 358.258 117.455 62.1988
 1672.38 1037.75 119.989 52.6399 26.3971
 2075.96 1980.5 591.515 68.3935 45.051
 4672.98 2308.81 1046.31 312.502 59.9335
 4115.99 4143.78 957.141 433.76 154.397
 233.829 4967.07 2327.75 537.67 330.395
F
 0.0519521 0.103904 0.103904 0.103904 0.103904
 0.0920766 0.184153 0.184153 0.184153 0.184153
 0.346119 0.692238 0.692238 0.692238 0.692238
 0.155072 0.310144 0.310144 0.310144 0.310144
 0.0310655 0.0621309 0.0621309 0.0621309 0.0621309
 0.364217 0.728434 0.728434 0.728434 0.728434
 0.233969 0.467938 0.467938 0.467938 0.467938
 0.36168 0.72336 0.72336 0.72336 0.72336
 0.283286 0.566572 0.566572 0.566572 0.566572
 0.138608 0.277216 0.277216 0.277216 0.277216
 0.242005 0.48401 0.48401 0.48401 0.48401
 0.239687 0.479374 0.479374 0.479374 0.479374
 0.378387 0.756774 0.756774 0.756774 0.756774
 0.668336 1.33667 1.33667 1.33667 1.33667
 0.579124 1.15825 1.15825 1.15825 1.15825
 0.265029 0.530058 0.530058 0.530058 0.530058
 0.22671 0.45342 0.45342 0.45342 0.45342
 0.175943 0.351885 0.351885 0.351885 0.351885
 0.182221 0.364443 0.364443 0.364443 0.364443
 0.175407 0.350814 0.350814 0.350814 0.350814
 0.0672725 0.134545 0.134545 0.134545 0.134545
 0.0900863 0.180173 0.180173 0.180173 0.180173
 0.117467 0.234934 0.234934 0.234934 0.234934
 0.124806 0.249611 0.249611 0.249611 0.249611
 0.191583 0.383165 0.383165 0.383165 0.383165
nmprior
 10.6 11 7 0
nm_flota  nm_reclas  nm_pelaces    nm_pelaL
inf 13.2807 9.40371 18.42
cv_recla  cv_pelaces  cv_mph
0.901163 1.25772 0.774537
 ------------------------------------------------
Talla a la edad & desviación 
 7.2 14.2025 17.0495 18.207 18.6776
 1.08 2.13037 2.55742 2.73105 2.80164
