years
 1997 1998 1999 2000 2001 2002 2003 2004 2005 2006 2007 2008 2009 2010 2011 2012 2013 2014 2015 2016 2017 2018 2019 2020 2021
reclasobs
 0 0 0 370054 412103 1.49427e+06 250295 1.28982e+06 931140 785840 897777 1.04006e+06 184774 17550 25797 100020 73551 82996 120727 218422 84188 347160 605670 569463 516374
reclaspred
 2.35436e+06 327317 547188 194743 257369 330528 646422 537924 818089 1.1452e+06 1.18948e+06 793912 445702 202934 130710 121853 133398 173463 171335 226502 393520 392000 622962 684904 622555
pelacesobs
 0 0 0 0 0 0 0 0 0 2.06254e+06 1.5e+06 0 1.87456e+06 323000 250000 174000 83755 137374 0 501740 490994 745055 786931 1.00524e+06 1.33801e+06
pelacespred
 1.07789e+06 413143 167975 137998 150286 139436 335241 316990 458449 667485 612006 422948 237806 86605.2 54715.8 58173.1 66511.5 87032.8 90227.4 114735 220268 229887 277022 361049 321291
mphobs
 0 0 0 0 0 112323 0 153150 637223 0 255016 313432 73983 77613 109348 50772 0 0 0 0 0 0 0 0 0
mphpred
 1.67943e+06 754038 401577 241389 164327 317514 381043 536428 585172 884639 1.18812e+06 852005 493630 265403 122515 104015 108438 136448 156549 161425 277096 371980 435727 570509 619718
desembarqueobs
 350755 77701 442110 56441 14545 235359 269955 359681 431902 328805 639364 411747 362871 311530 167758 66681 60226 58785 57116 73181 50977 67692 138656 160484 209506
desembarquepred
 350733 77681.1 441721 56426.5 14544.1 235240 269867 359338 431600 328618 638781 411477 362464 311192 167527 66653.5 60214.9 58760.1 57084.8 73137.2 50966.3 67663.3 138596 160421 209426
Reclutas
 19971.8 24610.4 6282.18 11342.2 47467.6 23761.6 61430.1 72073.6 129351 173398 67985.1 31400.1 49167.9 27961.2 19432.8 15017.6 12007.9 12425.2 11240.1 27177.5 37304.1 37050.8 60459.4 56274.1 5705.56
log_desv_Rt
 -0.377921 -0.169076 -1.53453 -0.943713 0.487802 -0.204176 0.745656 0.905443 1.49028 1.78334 0.847044 0.0745655 0.522996 -0.0414272 -0.40528 -0.66302 -0.886677 -0.852522 -0.95276 -0.0698554 0.24686 0.240046 0.729728 0.65799 -1.6308
SSB
 1.67943e+06 754038 401577 241389 164327 317514 381043 536428 585172 884639 1.18812e+06 852005 493630 265403 122515 104015 108438 136448 156549 161425 277096 371980 435727 570509 619718
BT
 2.4671e+06 913338 585998 340342 404162 456366 1.17769e+06 1.15508e+06 1.67122e+06 1.98154e+06 1.84694e+06 1.22079e+06 894082 484338 279618 186114 204764 245838 235925 340522 581975 523873 688064 905790 770887
Ftot
 0.144674 0.229206 0.742748 0.278937 0.0552381 0.662438 0.400084 0.62914 0.502742 0.277067 0.50755 0.490038 0.753302 1.32801 1.14699 0.517883 0.430585 0.325458 0.319909 0.310988 0.12608 0.167497 0.21525 0.226452 0.322317
BD_Bspro_t
 0.977601 0.84281 0.658426 0.370908 0.430027 0.65157 0.521842 0.558295 0.536354 0.579855 0.615882 0.459743 0.338726 0.246248 0.146691 0.150087 0.205069 0.313476 0.399936 0.469456 0.623253 0.740464 0.740393 0.730296 0.690642
BD_Bspro
 2.80583 1.25977 0.670915 0.403289 0.274542 0.530471 0.63661 0.896211 0.977649 1.47797 1.98499 1.42345 0.824709 0.44341 0.204686 0.173778 0.181168 0.227964 0.261546 0.269694 0.462944 0.621468 0.727969 0.953151 1.03536
BD_Bo
 1.72306 0.773625 0.412008 0.247659 0.168596 0.325762 0.390941 0.550362 0.600373 0.907619 1.21898 0.874137 0.506453 0.272297 0.125697 0.106717 0.111255 0.139992 0.160615 0.165619 0.284294 0.381643 0.447045 0.585329 0.635817
BD_Brms
 8.38056 3.76273 2.00391 1.20456 0.820012 1.58443 1.90145 2.67683 2.92008 4.41445 5.92885 4.2516 2.46327 1.32439 0.611362 0.519046 0.54112 0.68089 0.781195 0.80553 1.38274 1.85622 2.17432 2.8469 3.09246
S_f
 0.5 1 1 1 1
 0.5 1 1 1 1
 0.5 1 1 1 1
 0.5 1 1 1 1
 0.5 1 1 1 1
 0.5 1 1 1 1
 0.5 1 1 1 1
 0.5 1 1 1 1
 0.5 1 1 1 1
 0.5 1 1 1 1
 0.5 1 1 1 1
 0.5 1 1 1 1
 0.5 1 1 1 1
 0.5 1 1 1 1
 0.5 1 1 1 1
 0.5 1 1 1 1
 0.5 1 1 1 1
 0.5 1 1 1 1
 0.5 1 1 1 1
 0.5 1 1 1 1
 0.5 1 1 1 1
 0.5 1 1 1 1
 0.5 1 1 1 1
 0.5 1 1 1 1
 0.5 1 1 1 1
Scru_reclas
 0.5 1 1 1 1
 0.5 1 1 1 1
 0.5 1 1 1 1
 0.5 1 1 1 1
 0.5 1 1 1 1
 0.5 1 1 1 1
 0.5 1 1 1 1
 0.5 1 1 1 1
 0.5 1 1 1 1
 0.5 1 1 1 1
 0.5 1 1 1 1
 0.5 1 1 1 1
 0.5 1 1 1 1
 0.5 1 1 1 1
 0.5 1 1 1 1
 0.5 1 1 1 1
 0.5 1 1 1 1
 0.5 1 1 1 1
 0.5 1 1 1 1
 0.5 1 1 1 1
 0.5 1 1 1 1
 0.5 1 1 1 1
 0.5 1 1 1 1
 0.5 1 1 1 1
 0.5 1 1 1 1
Scru_pelaces
 0.5 1 1 1 1
 0.5 1 1 1 1
 0.5 1 1 1 1
 0.5 1 1 1 1
 0.5 1 1 1 1
 0.5 1 1 1 1
 0.5 1 1 1 1
 0.5 1 1 1 1
 0.5 1 1 1 1
 0.5 1 1 1 1
 0.5 1 1 1 1
 0.5 1 1 1 1
 0.5 1 1 1 1
 0.5 1 1 1 1
 0.5 1 1 1 1
 0.5 1 1 1 1
 0.5 1 1 1 1
 0.5 1 1 1 1
 0.5 1 1 1 1
 0.5 1 1 1 1
 0.5 1 1 1 1
 0.5 1 1 1 1
 0.5 1 1 1 1
 0.5 1 1 1 1
 0.5 1 1 1 1
pf_obs 
 0.256992 0.487395 0.22802 0.0275931 0
 0.321318 0.546541 0.124235 0.00734118 0.000564706
 0.182869 0.594174 0.210203 0.0122559 0.00049798
 0.330522 0.361315 0.267642 0.0388342 0.00168674
 0.649043 0.306663 0.0425973 0.00169635 0
 0.582887 0.30429 0.105238 0.00758474 0
 0.465427 0.430635 0.0974691 0.00646863 0
 0.296916 0.608066 0.0921331 0.00288517 0
 0.311714 0.524322 0.152257 0.0117073 0
 0.15457 0.633149 0.183074 0.0267441 0.00246327
 0.131901 0.49318 0.331252 0.0422183 0.00144891
 0.196976 0.569456 0.194076 0.0375587 0.00193317
 0.518974 0.381816 0.0799577 0.0180837 0.00116848
 0.0928022 0.601141 0.25162 0.0475244 0.00691264
 0.122501 0.610282 0.24278 0.0234846 0.000952079
 0.383417 0.481906 0.127806 0.00687128 0
 0.0376549 0.599619 0.316969 0.0457579 0
 0.0361596 0.667082 0.258105 0.0386534 0
 0.158088 0.579412 0.248529 0.0139706 0
 0.0477256 0.309471 0.559284 0.082774 0.000745712
 0.0406174 0.521527 0.379366 0.0568643 0.0016247
 0.151134 0.462217 0.34131 0.0453401 0
 0.294876 0.26143 0.354403 0.0886775 0.000613685
 0.281977 0.475581 0.204845 0.0348837 0.00271318
 0.0354234 0.537034 0.353287 0.0723622 0.0018943
pf_pred 
 0.137098 0.572829 0.256446 0.0336238 2.55177e-06
 0.258395 0.18445 0.369862 0.165581 0.0217117
 0.124764 0.373393 0.124817 0.250285 0.126741
 0.423624 0.151486 0.181267 0.0605933 0.18303
 0.75076 0.153106 0.0252664 0.0302335 0.0406339
 0.337259 0.56964 0.0571913 0.00943801 0.0264718
 0.685751 0.173988 0.120558 0.0121039 0.00759989
 0.576479 0.351777 0.039722 0.0275237 0.00449842
 0.677855 0.246932 0.0624718 0.0070542 0.00568677
 0.604382 0.328322 0.0515841 0.0130503 0.00266158
 0.278778 0.553829 0.138919 0.0218262 0.006648
 0.23878 0.360061 0.308051 0.0772697 0.0158379
 0.49568 0.211869 0.138331 0.118349 0.0357708
 0.430762 0.405033 0.0689836 0.0450401 0.0501809
 0.540418 0.320605 0.0988868 0.016842 0.0232477
 0.542121 0.352991 0.0731706 0.0225686 0.00914954
 0.455709 0.399458 0.111655 0.0231447 0.0100328
 0.475512 0.343553 0.132789 0.0371168 0.011029
 0.432946 0.377525 0.124146 0.0479848 0.017398
 0.656409 0.215131 0.0855242 0.028124 0.0148118
 0.572467 0.344986 0.0516842 0.0205468 0.0103151
 0.448069 0.405732 0.117971 0.0176739 0.0105535
 0.541017 0.289162 0.124837 0.036298 0.00868516
 0.439192 0.400891 0.100749 0.0434956 0.0156729
 0.0711188 0.581116 0.248598 0.062476 0.0366912
pobs_RECLAS
 0 0 0 0 0
 0 0 0 0 0
 0 0 0 0 0
 0 0 0 0 0
 0.835266 0.146461 0.0176864 0.000547809 3.91292e-05
 0.385257 0.428462 0.181853 0.0044286 0
 0.867414 0.0963971 0.0333333 0.00285562 0
 0.441836 0.489002 0.0689373 0.000224442 0
 0.779404 0.147425 0.0564933 0.0165055 0.000172143
 0.814271 0.122319 0.05973 0.00367925 0
 0.40263 0.566651 0.0304383 0.000280538 0
 0.475488 0.404961 0.113038 0.00651328 0
 0.955842 0.0263864 0.0167828 0.000988607 0
 0.975058 0.0227948 0.00214734 0 0
 0.738997 0.206755 0.0527124 0.00153531 0
 0.850938 0.134255 0.0134407 0.00136685 0
 0.542534 0.407297 0.0501686 0 0
 0.764087 0.199537 0.0359546 0.000420521 0
 0.470689 0.182191 0.310203 0.0369168 0
 0.84361 0.089868 0.0606195 0.00523954 0.000663233
 0.607945 0.314616 0.071237 0.00620181 0
 0.523733 0.453247 0.0230204 0 0
 0.530135 0.295979 0.169645 0.0042399 0
 0.562478 0.366248 0.0663022 0.0049721 0
 0.250443 0.683176 0.0655157 0.000865301 0
ppred_RECLAS
 0.13767 0.57245 0.256276 0.0336015 2.55008e-06
 0.259974 0.184057 0.369075 0.165229 0.0216655
 0.128962 0.371603 0.124218 0.249085 0.126133
 0.426171 0.150817 0.180466 0.0603255 0.182221
 0.751077 0.152912 0.0252343 0.0301951 0.0405824
 0.344506 0.563411 0.0565659 0.0093348 0.0261823
 0.689273 0.172038 0.119206 0.0119682 0.00751469
 0.583792 0.345702 0.0390361 0.0270484 0.00442074
 0.682669 0.243243 0.0615383 0.00694879 0.0056018
 0.606851 0.326273 0.0512621 0.0129689 0.00264497
 0.283307 0.550351 0.138047 0.0216891 0.00660626
 0.24269 0.358212 0.306468 0.0768728 0.0157566
 0.505346 0.207808 0.13568 0.116081 0.0350852
 0.452829 0.389332 0.0663094 0.0432941 0.0482356
 0.558148 0.308237 0.095072 0.0161923 0.0223509
 0.547831 0.348588 0.0722581 0.0222871 0.00903543
 0.460187 0.396172 0.110737 0.0229544 0.00995029
 0.478659 0.341492 0.131993 0.0368941 0.0109628
 0.435979 0.375506 0.123482 0.0477281 0.0173049
 0.659093 0.213451 0.0848563 0.0279044 0.0146961
 0.573478 0.344171 0.051562 0.0204982 0.0102907
 0.449479 0.404696 0.11767 0.0176288 0.0105266
 0.542912 0.287969 0.124322 0.0361482 0.00864931
 0.441189 0.399463 0.10039 0.0433406 0.0156171
 0.0719466 0.580598 0.248377 0.0624203 0.0366585
pobs_PELACES
 0 0 0 0 0
 0 0 0 0 0
 0 0 0 0 0
 0 0 0 0 0
 0 0 0 0 0
 0 0 0 0 0
 0 0 0 0 0
 0 0 0 0 0
 0 0 0 0 0
 0 0 0 0 0
 0.450072 0.473896 0.0757376 0.000293798 0
 0 0 0 0 0
 0.463077 0.371075 0.160297 0.00555027 0
 0.529543 0.364841 0.0842815 0.0213345 0
 0.631943 0.363953 0.00410389 0 0
 0.735681 0.248677 0.0153453 0.000297389 0
 0.695825 0.281241 0.0229344 0 0
 0.275771 0.60734 0.115278 0.00161068 0
 0 0 0 0 0
 0.896147 0.0623911 0.0374545 0.00400742 0
 0.803859 0.145111 0.0509908 3.86294e-05 0
 0.739449 0.233085 0.0266225 0.000797448 4.60066e-05
 0.878498 0.100942 0.0204185 0.000141795 0
 0.694673 0.275183 0.0284847 0.00165964 0
 0.469039 0.446079 0.0841089 0.000773354 0
ppred_PELACES
 0.140528 0.570552 0.255427 0.0334901 2.54163e-06
 0.267316 0.182231 0.365413 0.163589 0.0214505
 0.143365 0.365458 0.122164 0.244966 0.124047
 0.437463 0.147849 0.176914 0.0591385 0.178635
 0.752777 0.151867 0.025062 0.0299889 0.0403052
 0.36959 0.54185 0.0544012 0.00897757 0.0251804
 0.703232 0.164309 0.113851 0.0114305 0.0071771
 0.608776 0.324951 0.0366929 0.0254247 0.00415538
 0.70036 0.229681 0.0581074 0.00656138 0.00528948
 0.617703 0.317267 0.0498471 0.0126109 0.00257196
 0.300615 0.53706 0.134713 0.0211653 0.00644672
 0.257858 0.351038 0.30033 0.0753332 0.015441
 0.536355 0.194781 0.127174 0.108804 0.0328858
 0.507469 0.350454 0.0596879 0.0389708 0.0434189
 0.604177 0.276127 0.085168 0.0145055 0.0200225
 0.5689 0.332346 0.0688913 0.0212487 0.00861444
 0.477878 0.383188 0.107107 0.0222021 0.00962419
 0.492072 0.332706 0.128597 0.0359449 0.0106808
 0.449 0.366837 0.120631 0.0466263 0.0169054
 0.670526 0.206292 0.0820103 0.0269685 0.0142032
 0.578559 0.340071 0.0509478 0.0202541 0.0101682
 0.456327 0.399662 0.116207 0.0174095 0.0103957
 0.551711 0.282425 0.121929 0.0354523 0.00848281
 0.45042 0.392864 0.098732 0.0426247 0.0153591
 0.0755794 0.578325 0.247404 0.062176 0.036515
pobs_pel_tallas
 0 0 0 0 0 0 0 0 0 0 0 0 0 0 0 0 0 0 0 0 0 0 0 0 0 0 0 0 0 0 0 0 0 0 0 0
 0 0 0 0 0 0 0 0 0 0 0 0 0 0 0 0 0 0 0 0 0 0 0 0 0 0 0 0 0 0 0 0 0 0 0 0
 0 0 0 0 0 0 0 0 0 0 0 0 0 0 0 0 0 0 0 0 0 0 0 0 0 0 0 0 0 0 0 0 0 0 0 0
 0 0 0 0 0 0 0 0 0 0 0 0 0 0 0 0 0 0 0 0 0 0 0 0 0 0 0 0 0 0 0 0 0 0 0 0
 0 0 0 0 0 0 0 0 0 0 0 0 0 0 0 0 0 0 0 0 0 0 0 0 0 0 0 0 0 0 0 0 0 0 0 0
 0 0 0 0 0 0 0 0 0 0 0 0 0 0 0 0 0 0 0 0 0 0 0 0 0 0 0 0 0 0 0 0 0 0 0 0
 0 0 0 0 0 0 0 0 0 0 0 0 0 0 0 0 0 0 0 0 0 0 0 0 0 0 0 0 0 0 0 0 0 0 0 0
 0 0 0 0 0 0 0 0 0 0 0 0 0 0 0 0 0 0 0 0 0 0 0 0 0 0 0 0 0 0 0 0 0 0 0 0
 0 0 0 0 0 0 0 0 0 0 0 0 0 0 0 0 0 0 0 0 0 0 0 0 0 0 0 0 0 0 0 0 0 0 0 0
 0 0 0 0 0 0 0 0 0 0 0 0 0 0 0 0 0 0 0 0 0 0 0 0 0 0 0 0 0 0 0 0 0 0 0 0
 0 0 0 0 0 0 0 0 1.78061e-05 0.00172719 0.00360574 0.0105946 0.0120993 0.0124554 0.0147524 0.0171206 0.0266825 0.0428682 0.0675386 0.121331 0.153587 0.119568 0.100827 0.0573624 0.0630603 0.0341343 0.0324427 0.0444173 0.0211091 0.0280891 0.0125444 0.00206551 0 0 0 0
 0 0 0 0 0 0 0 0 0 0 0 0 0 0 0 0 0 0 0 0 0 0 0 0 0 0 0 0 0 0 0 0 0 0 0 0
 0 0 0 0 0 0 0.0133647 0.0140871 0.0187388 0.0205184 0.03894 0.0496705 0.03968 0.0493445 0.0407372 0.0367815 0.0215668 0.0243155 0.0234873 0.0199281 0.019796 0.0243948 0.0301388 0.0376714 0.0412746 0.0863199 0.0771752 0.113111 0.0741005 0.0525337 0.0229764 0.00759418 0.00175318 0 0 0
 0 0 0 0 0 0 0 0 0 0 0.00219441 0.00772107 0.0458388 0.0604681 0.0671733 0.0775358 0.0609151 0.0617685 0.073594 0.0568108 0.0755445 0.0548602 0.0670107 0.0636378 0.0643287 0.046367 0.0373049 0.0286899 0.0247887 0.0153202 0.00654259 0.00121912 0.000365735 0 0 0
 0 0 0 0 0 0 0 0 0 0 0 0 0.000112435 0.00938835 0.0111873 0.0202946 0.0414886 0.0713402 0.111592 0.104902 0.108894 0.110636 0.117776 0.105296 0.107544 0.0401394 0.0192827 0.0124803 0.00416011 0.0028671 0.000618394 0 0 0 0 0
 0 0 0 0 0 0 0 0 0 0 0.00291406 0.0102884 0.027416 0.0768956 0.0749926 0.110853 0.0956884 0.0897413 0.0766577 0.0534642 0.0500743 0.0551293 0.0594112 0.0620874 0.0668451 0.0424026 0.0208742 0.0120726 0.0048766 0.00582813 0.00118941 0.000297354 0 0 0 0
 0 0.00264628 0.0354308 0.0461629 0.0458689 0.0383711 0.0214643 0.0164657 0.0346957 0.0420465 0.0363128 0.0245516 0.0311673 0.0291091 0.0169068 0.0133784 0.00837989 0.0085269 0.0148486 0.0160247 0.0276389 0.0546898 0.0760071 0.122758 0.109233 0.0665981 0.0333725 0.0166128 0.00676272 0.00308733 0.000882094 0 0 0 0 0
 0 0 0 0 0 0 0 0.000805153 0.000690131 0.00759144 0.0133425 0.0154129 0.00931677 0.000345066 0.00356568 0.00563607 0.00851162 0.0253048 0.0502646 0.0516448 0.0657925 0.0565908 0.0611916 0.0827007 0.0866115 0.110766 0.145733 0.0935128 0.0569358 0.0249597 0.0138026 0.00621118 0.00161031 0.00115022 0 0
 0 0 0 0 0 0 0 0 0 0 0 0 0 0 0 0 0 0 0 0 0 0 0 0 0 0 0 0 0 0 0 0 0 0 0 0
 0.00147267 0.00158595 0.00478618 0.00569244 0.00954404 0.0108468 0.00647125 0.017049 0.0510054 0.094081 0.124002 0.0959785 0.0687766 0.0820023 0.061753 0.0591476 0.0492212 0.0479892 0.0443925 0.0268479 0.0217502 0.0140895 0.0121071 0.0120363 0.00920419 0.00665534 0.0049561 0.00860946 0.00930331 0.0156896 0.0114698 0.00855282 0.00243557 0.00046729 0 2.83206e-05
 0 0 0 0 0.000772559 0.00158375 0.000888443 0.00281984 0.00712685 0.0440552 0.0773331 0.111326 0.0921469 0.0852325 0.0710754 0.0886704 0.0786465 0.0553345 0.0373146 0.0185414 0.00753245 0.00457741 0.012979 0.0271748 0.0457355 0.0583668 0.034881 0.0177882 0.00938659 0.00492506 0.0015258 0.00185414 0.000309023 5.79419e-05 3.86279e-05 0
 0 0.00173294 0.00326652 0 0.00397197 0.00683976 0.00946217 0.0152591 0.00757587 0.0136028 0.0228656 0.0392903 0.0559909 0.0764795 0.0681675 0.0726916 0.0566044 0.0477403 0.0527397 0.0444891 0.0609904 0.0582453 0.0661739 0.0445044 0.0529084 0.0360697 0.0280645 0.0235558 0.0158879 0.00826598 0.00280645 0.00217768 0.000904811 0.00058276 9.20147e-05 0
 0 0 0 0 0 0 0 0 0 0 0 0 0 0 0 0 0 0 0 0 0 0 0 0 0 0 0 0 0 0 0 0 0 0 0 0
 0 0 0 0 0 0 0 0 0 0 0 0 0 0 0 0 0 0 0 0 0 0 0 0 0 0 0 0 0 0 0 0 0 0 0 0
 0 0 0 0 0 0 0 0 0 0 0 0 0 0 0 0 0 0 0 0 0 0 0 0 0 0 0 0 0 0 0 0 0 0 0 0
ppred_pel_tallas
 1.04963e-16 6.16406e-06 3.60959e-05 0.000171412 0.000659658 0.00205682 0.00519597 0.0106361 0.0176474 0.0237511 0.0259809 0.0232381 0.0173357 0.0115336 0.00824934 0.00816348 0.01087 0.0157804 0.0224629 0.0305274 0.0394355 0.0484301 0.0566049 0.0630646 0.0671133 0.0684017 0.0669878 0.0632868 0.0579408 0.0516528 0.0450436 0.0385686 0.0325031 0.0269765 0.0220285 0.0176591
 1.1187e-16 1.16769e-05 6.84968e-05 0.000325529 0.00125318 0.00390779 0.00987089 0.0201985 0.0334863 0.0449868 0.048996 0.0433167 0.0312242 0.0186641 0.00989526 0.00581559 0.00526813 0.00687384 0.00981704 0.0137551 0.0185187 0.0239256 0.0297236 0.0356022 0.0412309 0.0462963 0.0505288 0.0537123 0.0556843 0.0563344 0.0556094 0.0535268 0.0501898 0.0457924 0.0406115 0.0349779
 1.16067e-16 6.27857e-06 3.67892e-05 0.000174755 0.000672609 0.00209727 0.00529789 0.010843 0.0179844 0.0241856 0.026406 0.0234996 0.0172753 0.0109997 0.00706057 0.00606256 0.00750798 0.0107481 0.0153645 0.0210846 0.0276037 0.0345006 0.04126 0.0473594 0.052375 0.0560601 0.0583722 0.0594349 0.0594589 0.0586513 0.0571506 0.0550075 0.0522104 0.0487362 0.0446041 0.0399076
 1.12939e-16 1.9094e-05 0.000112047 0.00053258 0.0020504 0.00639391 0.0161505 0.0330467 0.0547809 0.0735762 0.0800839 0.0706838 0.0506944 0.0297831 0.0148306 0.00719222 0.00484319 0.0053952 0.00740749 0.010269 0.0137341 0.017632 0.0217701 0.0259327 0.0299101 0.0335247 0.0366434 0.0391717 0.0410371 0.0421731 0.0425132 0.0420011 0.0406107 0.0383684 0.0353671 0.0317652
 1.0332e-16 3.28433e-05 0.000192767 0.000916332 0.00352794 0.0110016 0.027789 0.0568599 0.094251 0.126575 0.137733 0.121478 0.0869314 0.0506799 0.0244953 0.0106198 0.00546044 0.0047909 0.00602322 0.00802452 0.0103371 0.0126913 0.014843 0.0165675 0.0176984 0.0181627 0.0179925 0.0173078 0.016277 0.0150702 0.0138207 0.0126066 0.0114526 0.0103466 0.00926273 0.00818062
 1.02434e-16 1.61505e-05 9.47293e-05 0.000450171 0.00173296 0.0054039 0.0136503 0.027934 0.0463175 0.0622445 0.0678436 0.0601027 0.04359 0.0265823 0.0150357 0.0102575 0.0106852 0.0143813 0.0200773 0.027017 0.0345419 0.0418793 0.048159 0.0525611 0.0544983 0.053756 0.0505415 0.0454192 0.0391621 0.0325676 0.0262983 0.0207895 0.0162341 0.0126274 0.00984259 0.00770514
 1.02398e-16 3.06838e-05 0.000180086 0.000856044 0.00329581 0.0102777 0.0259606 0.0531188 0.0880507 0.118251 0.128683 0.113513 0.0812699 0.0474571 0.0230851 0.0102649 0.00565899 0.00533732 0.00689556 0.00927891 0.0120492 0.0149275 0.0176429 0.019931 0.0215763 0.022453 0.0225434 0.0219272 0.020749 0.0191769 0.0173663 0.0154401 0.0134858 0.0115632 0.00971726 0.00798612
 1.01695e-16 2.65713e-05 0.000155928 0.000741163 0.00285343 0.00889809 0.0224761 0.0459905 0.0762399 0.102405 0.11148 0.0984379 0.0706922 0.0417145 0.0211001 0.01075 0.0078436 0.00901965 0.0121821 0.0163232 0.0208795 0.0253496 0.029206 0.0319554 0.033243 0.0329345 0.0311461 0.0282056 0.0245654 0.0206926 0.016976 0.0136717 0.0108949 0.00864707 0.00686063 0.00544188
 1.01373e-16 3.05611e-05 0.00017936 0.00085258 0.00328245 0.010236 0.0258554 0.052904 0.0876964 0.11778 0.128185 0.113107 0.0810508 0.0474735 0.0233605 0.0108369 0.00659779 0.00673641 0.00884373 0.0118249 0.0151671 0.0184907 0.021417 0.0235908 0.0247493 0.02478 0.0237431 0.0218473 0.0193915 0.0166911 0.0140151 0.0115491 0.00938873 0.00755613 0.00602805 0.00476216
 1.01365e-16 2.69603e-05 0.000158213 0.000752025 0.00289526 0.00902852 0.0228055 0.0466645 0.0773568 0.103904 0.11311 0.0998699 0.0717061 0.0422837 0.0213345 0.0107823 0.00776073 0.00885616 0.0119426 0.0160035 0.0204785 0.0248749 0.0286749 0.0313933 0.0326783 0.0323926 0.0306433 0.0277457 0.0241391 0.0202809 0.0165558 0.0132226 0.0104046 0.00811456 0.00629592 0.00486375
 1.03116e-16 1.31429e-05 7.70719e-05 0.000366225 0.00140975 0.00439597 0.0111044 0.0227249 0.0376833 0.050651 0.0552327 0.0489911 0.0356627 0.0220107 0.0129218 0.00951073 0.0105598 0.0145374 0.0204307 0.0276038 0.0354503 0.0432224 0.05006 0.0551362 0.0578367 0.0578986 0.0554628 0.0510175 0.0452616 0.0389334 0.0326626 0.0268837 0.0218211 0.0175276 0.0139496 0.0109886
 1.07688e-16 1.12713e-05 6.61001e-05 0.0003141 0.00120912 0.00377035 0.00952392 0.0194898 0.0323162 0.0434296 0.0473385 0.0419429 0.0304328 0.0185882 0.0105756 0.0073264 0.00778286 0.0106432 0.0150924 0.0206919 0.0270814 0.0338152 0.0403501 0.046121 0.0506458 0.0536115 0.054916 0.0546495 0.0530352 0.0503512 0.0468668 0.0428086 0.0383606 0.0336805 0.0289213 0.0242401
 1.07145e-16 2.34082e-05 0.00013737 0.000652961 0.00251388 0.00783923 0.0198014 0.0405169 0.0671639 0.0902074 0.098185 0.0866572 0.0621438 0.0364945 0.0181399 0.00873154 0.00576942 0.00629779 0.00851028 0.0116049 0.0152179 0.0190743 0.0228817 0.0263427 0.0292057 0.0313074 0.0325915 0.033095 0.0329125 0.0321536 0.0309111 0.0292495 0.0272135 0.0248469 0.0222112 0.019395
 1.0433e-16 2.21549e-05 0.000129998 0.00061788 0.00237875 0.00741782 0.0187371 0.0383405 0.0635607 0.0853819 0.0929694 0.0821412 0.059095 0.0350849 0.0181431 0.00989474 0.00803036 0.00978179 0.0134153 0.0180726 0.0232267 0.0283668 0.0329376 0.0364122 0.0384029 0.0387485 0.0375448 0.0351047 0.031867 0.0282835 0.0247253 0.0214302 0.0184998 0.0159315 0.013667 0.0116365
 1.02733e-16 2.63689e-05 0.000154744 0.000735543 0.00283181 0.00883068 0.0223057 0.0456416 0.0756604 0.101623 0.11062 0.0976552 0.0700811 0.0412559 0.0206886 0.010251 0.0071317 0.00799134 0.0107619 0.0144767 0.0186323 0.0228041 0.0265459 0.0294319 0.0311413 0.0315276 0.0306454 0.0287225 0.0260919 0.023107 0.0200689 0.0171852 0.0145646 0.0122372 0.0101875 0.00838426
 1.02219e-16 2.48329e-05 0.000145722 0.000692636 0.00266659 0.00831543 0.0210043 0.0429793 0.0712491 0.095704 0.104194 0.0920223 0.0661255 0.0391017 0.0199309 0.0104056 0.00790707 0.00930885 0.0126598 0.0170141 0.0218261 0.0265935 0.0307788 0.0338731 0.0355019 0.0355094 0.0339902 0.0312527 0.0277334 0.0238889 0.0201046 0.0166411 0.013626 0.0110796 0.00895786 0.00719151
 1.02858e-16 2.08661e-05 0.000122428 0.000581885 0.00224015 0.00698559 0.0176453 0.0361069 0.0598597 0.0804153 0.0875749 0.0774069 0.0557587 0.0332443 0.0174493 0.00992995 0.00853766 0.0106851 0.0147438 0.0198857 0.0255664 0.0312292 0.036258 0.0400621 0.0421991 0.0424732 0.0409723 0.0380288 0.0341239 0.0297672 0.025394 0.0213054 0.0176588 0.0144962 0.0117892 0.00948167
 1.03669e-16 2.1483e-05 0.000126054 0.000599135 0.00230659 0.00719277 0.0181686 0.0371772 0.0616322 0.0827913 0.0901486 0.0796488 0.057302 0.0340211 0.017596 0.00960489 0.00781346 0.00954537 0.013131 0.0177527 0.0229156 0.0281381 0.0328884 0.03665 0.0390253 0.0398193 0.0390735 0.0370341 0.0340749 0.0305987 0.0269541 0.0233885 0.0200419 0.0169701 0.0141813 0.0116671
 1.04224e-16 1.96062e-05 0.000115033 0.000546731 0.00210481 0.00656352 0.0165792 0.0339255 0.0562434 0.0755583 0.0822882 0.0727404 0.0524113 0.0312771 0.0164701 0.00945942 0.00823483 0.0103749 0.014359 0.0194173 0.0250436 0.0307157 0.035851 0.039885 0.0423879 0.0431559 0.0422475 0.0399472 0.036677 0.0328863 0.0289583 0.025158 0.0216263 0.0184086 0.0154966 0.0128666
 1.02822e-16 2.92592e-05 0.000171719 0.000816259 0.00314261 0.00979991 0.0247539 0.0506501 0.0839599 0.112761 0.12272 0.108281 0.077582 0.0454215 0.0223144 0.0102937 0.00619595 0.00628527 0.00826596 0.0111079 0.0143451 0.0176439 0.02067 0.0231035 0.0246973 0.025328 0.0250159 0.0239058 0.0222196 0.020196 0.0180407 0.0158979 0.0138485 0.0119249 0.010134 0.00847652
 1.02006e-16 2.52544e-05 0.000148195 0.000704395 0.00271186 0.00845661 0.021361 0.043709 0.0724587 0.0973289 0.105963 0.0935844 0.0672476 0.0397641 0.0202659 0.010575 0.00802604 0.00943658 0.0128179 0.0172027 0.0220296 0.026782 0.0309093 0.0338938 0.03536 0.0351605 0.0334079 0.0304355 0.0267068 0.0227029 0.0188261 0.0153435 0.0123791 0.009941 0.007967 0.0063685
 1.02864e-16 1.99271e-05 0.000116913 0.000555665 0.00213919 0.00667073 0.0168501 0.0344799 0.0571633 0.0767962 0.0836419 0.0739504 0.0533121 0.0318723 0.0168879 0.0098609 0.00875552 0.0111127 0.0153797 0.0207534 0.0266846 0.0325965 0.0378466 0.0418175 0.0440463 0.044327 0.0427498 0.0396606 0.0355612 0.0309846 0.0263872 0.0220862 0.0182499 0.0149252 0.0120852 0.00967293
 1.03438e-16 2.40815e-05 0.000141314 0.000671694 0.00258597 0.00806404 0.0203693 0.0416796 0.0690935 0.0928057 0.101031 0.0892108 0.0640662 0.0378064 0.0191293 0.00976297 0.0071602 0.00829006 0.0112758 0.0152343 0.0196899 0.0242229 0.0283802 0.0317217 0.0339047 0.0347552 0.0342964 0.0327234 0.0303394 0.0274739 0.0244143 0.0213672 0.018454 0.01573 0.0132136 0.0109114
 1.03712e-16 1.96692e-05 0.0001154 0.000548472 0.0021115 0.00658438 0.016632 0.0340335 0.0564233 0.0758019 0.0825586 0.0729917 0.0526188 0.0314537 0.0166587 0.00971574 0.00861486 0.0109291 0.0151267 0.0204178 0.0262646 0.0321042 0.0373104 0.0412823 0.0435707 0.0439778 0.0425936 0.0397553 0.0359479 0.0316817 0.0273871 0.0233561 0.0197345 0.016553 0.0137767 0.0113485
 1.07543e-16 3.33217e-06 1.94698e-05 9.2369e-05 0.000355321 0.00110776 0.00279874 0.00573122 0.00951781 0.0128357 0.0141089 0.0127809 0.00988229 0.00724905 0.00629278 0.0075128 0.0108265 0.0160225 0.0229011 0.031172 0.0403297 0.0496264 0.058157 0.0650252 0.0695323 0.071324 0.070449 0.0673073 0.0625171 0.0567493 0.0505863 0.0444434 0.0385608 0.0330439 0.0279246 0.0232131
pSPR Fmed_Fpbrs
0.534636   0.255602 0.255602
Fs Fmed_Fpbrs
0.355796   1.005 1.005
SSBpbr Bo_Bmed_Bpbrs
974681  472366  200396 200396
Ro
29143.9
SPR SPRFo_SPRFmed_SPRFpbrs
598551 320007 152991
log_Ro
10.1
likeval ReclasPelacesDesembMPH_pf_preclas_ppelaces_ptallas_desvR_qrecl_qpela
 98.941 112.322 0.0517383 0.000583376 359.517 205.529 84.4402 0 25.34 0 0 0 0 0 0
q_reclas_q_pelaces
1 1
M
0.7
N
 19971.8 43052.2 19273.7 2527.06 0.191783
 24610.4 9225.64 18499.4 8281.88 1085.96
 6282.18 10897.9 3642.9 7304.81 3699.05
 11342.2 2151.88 2574.92 860.736 2599.97
 47467.6 4899.16 808.484 967.424 1300.22
 23761.6 22929.6 2302.11 379.906 1065.56
 61430.1 8472.71 5870.79 589.422 370.092
 72073.6 24974.6 2820.08 1954.05 319.368
 129351 26130.9 6610.89 746.489 601.785
 173398 49956.8 7848.92 1985.71 404.981
 67985.1 74967.4 18804.4 2954.44 899.888
 31400.1 26193.6 22409.9 5621.18 1152.17
 49167.9 12204.3 7968.34 6817.31 2060.52
 27961.2 16753.2 2853.34 1862.97 2075.61
 19432.8 7147.84 2204.66 375.49 518.304
 15017.6 5438.33 1127.3 347.702 140.962
 12007.9 5756.24 1608.96 333.518 144.574
 12425.2 4807.97 1858.37 519.444 154.349
 11240.1 5243.52 1724.29 666.471 241.644
 27177.5 4756.59 1890.96 621.828 327.491
 37304.1 11552.4 1730.73 688.043 345.419
 37050.8 17392.9 5057.21 757.647 452.41
 60459.4 16920.8 7305.06 2124.04 508.226
 56274.1 26959.8 6775.36 2925.07 1054
 5705.56 24953.4 10674.9 2682.75 1575.54
pred_Ctot
 1006.49 4205.35 1882.66 246.844 0.0187334
 1929.16 1377.09 2761.36 1236.21 162.098
 1431.7 4284.77 1432.3 2872.07 1454.38
 1070.44 382.786 458.037 153.111 462.493
 931.416 189.948 31.3462 37.5086 50.4117
 4910.65 8294.25 832.734 137.422 385.443
 8102.55 2055.77 1424.46 143.014 89.7972
 14244.7 8692.34 981.523 680.103 111.155
 20977.5 7641.79 1933.31 218.306 175.988
 16261.6 8833.9 1387.93 351.135 71.6131
 11119.7 22090.7 5541.1 870.585 265.17
 4976.96 7504.85 6420.77 1610.55 330.113
 11339.8 4846.98 3164.64 2707.51 818.339
 10132.1 9526.89 1622.58 1059.4 1180.32
 6302.16 3738.78 1153.18 196.405 271.106
 2500.84 1628.37 337.541 104.11 42.2075
 1693.56 1484.51 414.945 86.013 37.285
 1354.61 978.693 378.283 105.736 31.4188
 1205.95 1051.58 345.804 133.659 48.4613
 2840 930.779 370.027 121.681 64.0842
 1645 991.327 148.516 59.0418 29.6408
 2151.02 1947.77 566.339 84.8462 50.6639
 4464.19 2386.02 1030.09 299.513 71.6655
 4360.81 3980.51 1000.36 431.875 155.619
 616.44 5036.96 2154.78 541.526 318.03
F
 0.0723369 0.144674 0.144674 0.144674 0.144674
 0.114603 0.229206 0.229206 0.229206 0.229206
 0.371374 0.742748 0.742748 0.742748 0.742748
 0.139468 0.278937 0.278937 0.278937 0.278937
 0.027619 0.0552381 0.0552381 0.0552381 0.0552381
 0.331219 0.662438 0.662438 0.662438 0.662438
 0.200042 0.400084 0.400084 0.400084 0.400084
 0.31457 0.62914 0.62914 0.62914 0.62914
 0.251371 0.502742 0.502742 0.502742 0.502742
 0.138534 0.277067 0.277067 0.277067 0.277067
 0.253775 0.50755 0.50755 0.50755 0.50755
 0.245019 0.490038 0.490038 0.490038 0.490038
 0.376651 0.753302 0.753302 0.753302 0.753302
 0.664007 1.32801 1.32801 1.32801 1.32801
 0.573493 1.14699 1.14699 1.14699 1.14699
 0.258941 0.517883 0.517883 0.517883 0.517883
 0.215292 0.430585 0.430585 0.430585 0.430585
 0.162729 0.325458 0.325458 0.325458 0.325458
 0.159955 0.319909 0.319909 0.319909 0.319909
 0.155494 0.310988 0.310988 0.310988 0.310988
 0.0630399 0.12608 0.12608 0.12608 0.12608
 0.0837484 0.167497 0.167497 0.167497 0.167497
 0.107625 0.21525 0.21525 0.21525 0.21525
 0.113226 0.226452 0.226452 0.226452 0.226452
 0.161158 0.322317 0.322317 0.322317 0.322317
nmprior
 10.6 11 7 0
nm_flota  nm_reclas  nm_pelaces    nm_pelaL
inf 14.8301 10.6323 21.608
cv_recla  cv_pelaces  cv_mph
0.899732 1.20172 0.783633
 ------------------------------------------------
Talla a la edad & desviación 
 7.2 14.2025 17.0495 18.207 18.6776
 1.08 2.13037 2.55742 2.73105 2.80164
