years
 1997 1998 1999 2000 2001 2002 2003 2004 2005 2006 2007 2008 2009 2010 2011 2012 2013 2014 2015 2016 2017 2018 2019 2020 2021
reclasobs
 0 0 0 370054 412103 1.49427e+06 250295 1.28982e+06 931140 785840 897777 1.04006e+06 184774 17550 25797 100020 73551 82996 120727 218422 84188 347160 605670 569463 516374
reclaspred
 1.09089e+06 259224 753976 439800 534427 687400 1.426e+06 1.05037e+06 1.25154e+06 1.27086e+06 1.13746e+06 776195 452409 209051 141016 142589 175730 252439 280915 373935 578416 575552 973610 1.19698e+06 1.52683e+06
pelacesobs
 0 0 0 0 0 0 0 0 0 2.06254e+06 1.5e+06 0 1.87456e+06 323000 250000 174000 83755 137374 0 501740 490994 745055 786931 1.00524e+06 1.33801e+06
pelacespred
 695989 250992 271731 311892 323111 329005 727881 700441 724198 765067 593901 418463 240028 89466.7 60192.7 69462.5 89739.6 130289 153189 196505 332121 345102 442638 648852 833737
mphobs
 0 0 0 0 0 112323 0 153150 637223 0 255016 313432 73983 77613 109348 50772 0 0 0 0 0 0 0 0 0
mphpred
 755225 452180 449552 472114 416916 598389 867019 1.11903e+06 1.03566e+06 1.15109e+06 1.1552e+06 817498 504126 267955 129585 116924 136235 191776 243123 279036 426560 537733 666446 935205 1.26729e+06
desembarqueobs
 350755 77701 442110 56441 14545 235359 269955 359681 431902 328805 639364 411747 362871 311530 167758 66681 60226 58785 57116 73181 50977 67692 138656 160484 209506
desembarquepred
 350782 77712.2 442280 56447.4 14545.3 235461 270006 359706 431940 328814 639633 412042 363156 311934 167791 66701.9 60253.7 58793.3 57117.9 73182.4 50978.3 67689.5 138661 160492 209510
Reclutas
 52760.3 52376.8 30043.3 34210.6 61469.3 50936.4 93239.6 93923.6 127722 129034 72147.6 42774.2 46180.7 28861.3 20452.9 18308.8 15877 17758.5 19243.4 34201.8 48486.7 55886.9 90144.3 113297 65862.5
log_desv_Rt
 0.113515 0.106219 -0.449604 -0.319708 0.266293 0.0783327 0.682928 0.690237 0.997607 1.00783 0.42647 -0.0963097 -0.0196826 -0.489744 -0.834122 -0.944861 -1.08737 -0.975379 -0.895075 -0.319966 0.0290454 0.171085 0.649168 0.877767 0.335325
SSB
 755225 452180 449552 472114 416916 598389 867019 1.11903e+06 1.03566e+06 1.15109e+06 1.1552e+06 817498 504126 267955 129585 116924 136235 191776 243123 279036 426560 537733 666446 935205 1.26729e+06
BT
 2.32351e+06 611426 933538 714063 751662 837845 2.09947e+06 1.96228e+06 2.17332e+06 2.04513e+06 1.83688e+06 1.24973e+06 889904 489898 293230 213321 259687 344100 369162 511729 829269 758246 1.03616e+06 1.56017e+06 1.9229e+06
Ftot
 0.309442 0.288824 0.5526 0.124888 0.0266339 0.328544 0.183702 0.329075 0.331762 0.249912 0.530581 0.50183 0.743723 1.29771 1.07324 0.445618 0.329518 0.225291 0.196944 0.189782 0.0859767 0.114503 0.138463 0.130448 0.133423
BD_Bspro_t
 0.957518 0.764331 0.676236 0.507183 0.603051 0.741448 0.691343 0.717749 0.669807 0.645877 0.620104 0.462706 0.353353 0.25276 0.154338 0.165257 0.24498 0.390284 0.507697 0.602032 0.717651 0.80738 0.81549 0.818491 0.823106
BD_Bspro
 0.780753 0.467465 0.464749 0.488073 0.431009 0.618616 0.896326 1.15686 1.07066 1.19 1.19425 0.845132 0.521167 0.277013 0.133965 0.120877 0.140841 0.198259 0.251341 0.288469 0.440979 0.55591 0.688974 0.966818 1.31013
BD_Bo
 0.71727 0.429455 0.42696 0.448387 0.395963 0.568316 0.823446 1.06279 0.983608 1.09324 1.09714 0.776414 0.478791 0.254489 0.123072 0.111048 0.129389 0.182138 0.230905 0.265013 0.405123 0.510709 0.632953 0.888206 1.2036
BD_Brms
 3.48863 2.08877 2.07663 2.18085 1.92587 2.76416 4.00505 5.16917 4.78404 5.31726 5.33625 3.77629 2.32873 1.23777 0.598595 0.540113 0.629317 0.885878 1.12307 1.28896 1.97042 2.48397 3.07854 4.32002 5.85405
S_f
 0.5 1 1 1 1
 0.5 1 1 1 1
 0.5 1 1 1 1
 0.5 1 1 1 1
 0.5 1 1 1 1
 0.5 1 1 1 1
 0.5 1 1 1 1
 0.5 1 1 1 1
 0.5 1 1 1 1
 0.5 1 1 1 1
 0.5 1 1 1 1
 0.5 1 1 1 1
 0.5 1 1 1 1
 0.5 1 1 1 1
 0.5 1 1 1 1
 0.5 1 1 1 1
 0.5 1 1 1 1
 0.5 1 1 1 1
 0.5 1 1 1 1
 0.5 1 1 1 1
 0.5 1 1 1 1
 0.5 1 1 1 1
 0.5 1 1 1 1
 0.5 1 1 1 1
 0.5 1 1 1 1
Scru_reclas
 0.5 1 1 1 1
 0.5 1 1 1 1
 0.5 1 1 1 1
 0.5 1 1 1 1
 0.5 1 1 1 1
 0.5 1 1 1 1
 0.5 1 1 1 1
 0.5 1 1 1 1
 0.5 1 1 1 1
 0.5 1 1 1 1
 0.5 1 1 1 1
 0.5 1 1 1 1
 0.5 1 1 1 1
 0.5 1 1 1 1
 0.5 1 1 1 1
 0.5 1 1 1 1
 0.5 1 1 1 1
 0.5 1 1 1 1
 0.5 1 1 1 1
 0.5 1 1 1 1
 0.5 1 1 1 1
 0.5 1 1 1 1
 0.5 1 1 1 1
 0.5 1 1 1 1
 0.5 1 1 1 1
Scru_pelaces
 0.5 1 1 1 1
 0.5 1 1 1 1
 0.5 1 1 1 1
 0.5 1 1 1 1
 0.5 1 1 1 1
 0.5 1 1 1 1
 0.5 1 1 1 1
 0.5 1 1 1 1
 0.5 1 1 1 1
 0.5 1 1 1 1
 0.5 1 1 1 1
 0.5 1 1 1 1
 0.5 1 1 1 1
 0.5 1 1 1 1
 0.5 1 1 1 1
 0.5 1 1 1 1
 0.5 1 1 1 1
 0.5 1 1 1 1
 0.5 1 1 1 1
 0.5 1 1 1 1
 0.5 1 1 1 1
 0.5 1 1 1 1
 0.5 1 1 1 1
 0.5 1 1 1 1
 0.5 1 1 1 1
pf_obs 
 0.256992 0.487395 0.22802 0.0275931 0
 0.321318 0.546541 0.124235 0.00734118 0.000564706
 0.182869 0.594174 0.210203 0.0122559 0.00049798
 0.330522 0.361315 0.267642 0.0388342 0.00168674
 0.649043 0.306663 0.0425973 0.00169635 0
 0.582887 0.30429 0.105238 0.00758474 0
 0.465427 0.430635 0.0974691 0.00646863 0
 0.296916 0.608066 0.0921331 0.00288517 0
 0.311714 0.524322 0.152257 0.0117073 0
 0.15457 0.633149 0.183074 0.0267441 0.00246327
 0.131901 0.49318 0.331252 0.0422183 0.00144891
 0.196976 0.569456 0.194076 0.0375587 0.00193317
 0.518974 0.381816 0.0799577 0.0180837 0.00116848
 0.0928022 0.601141 0.25162 0.0475244 0.00691264
 0.122501 0.610282 0.24278 0.0234846 0.000952079
 0.383417 0.481906 0.127806 0.00687128 0
 0.0376549 0.599619 0.316969 0.0457579 0
 0.0361596 0.667082 0.258105 0.0386534 0
 0.158088 0.579412 0.248529 0.0139706 0
 0.0477256 0.309471 0.559284 0.082774 0.000745712
 0.0406174 0.521527 0.379366 0.0568643 0.0016247
 0.151134 0.462217 0.34131 0.0453401 0
 0.294876 0.26143 0.354403 0.0886775 0.000613685
 0.281977 0.475581 0.204845 0.0348837 0.00271318
 0.0354234 0.537034 0.353287 0.0723622 0.0018943
pf_pred 
 0.537089 0.329722 0.119379 0.0138034 5.89896e-06
 0.470861 0.379538 0.106558 0.0385803 0.0044628
 0.329966 0.441658 0.163808 0.0459903 0.0185773
 0.454711 0.292796 0.166432 0.0617288 0.0243314
 0.550948 0.284427 0.0883967 0.0502468 0.025982
 0.392193 0.432756 0.110876 0.034459 0.0297157
 0.570013 0.252233 0.126561 0.032426 0.0187681
 0.467422 0.392188 0.0823536 0.041322 0.0167148
 0.532793 0.30777 0.117408 0.024654 0.0173743
 0.475272 0.375242 0.098473 0.0375655 0.0134472
 0.31965 0.449406 0.165152 0.04334 0.0224517
 0.311222 0.360598 0.216779 0.0796641 0.0317359
 0.453158 0.279746 0.139834 0.0840634 0.043199
 0.43858 0.378741 0.0934521 0.046713 0.0425134
 0.540178 0.322814 0.0924271 0.0228059 0.0217746
 0.564401 0.333784 0.0714784 0.0204655 0.00987114
 0.466295 0.398656 0.103483 0.0221605 0.0094053
 0.478252 0.343183 0.133381 0.034623 0.0105612
 0.457375 0.359006 0.120777 0.0469407 0.0159017
 0.568585 0.276401 0.102558 0.0345026 0.0179524
 0.54053 0.337989 0.0778311 0.0288791 0.0147707
 0.467488 0.376372 0.114857 0.0264489 0.0148333
 0.533212 0.300878 0.117264 0.0357852 0.012862
 0.495431 0.355109 0.0963375 0.0375464 0.0155763
 0.301386 0.468625 0.161863 0.0439117 0.0242139
pobs_RECLAS
 0 0 0 0 0
 0 0 0 0 0
 0 0 0 0 0
 0 0 0 0 0
 0.835266 0.146461 0.0176864 0.000547809 3.91292e-05
 0.385257 0.428462 0.181853 0.0044286 0
 0.867414 0.0963971 0.0333333 0.00285562 0
 0.441836 0.489002 0.0689373 0.000224442 0
 0.779404 0.147425 0.0564933 0.0165055 0.000172143
 0.814271 0.122319 0.05973 0.00367925 0
 0.40263 0.566651 0.0304383 0.000280538 0
 0.475488 0.404961 0.113038 0.00651328 0
 0.955842 0.0263864 0.0167828 0.000988607 0
 0.975058 0.0227948 0.00214734 0 0
 0.738997 0.206755 0.0527124 0.00153531 0
 0.850938 0.134255 0.0134407 0.00136685 0
 0.542534 0.407297 0.0501686 0 0
 0.764087 0.199537 0.0359546 0.000420521 0
 0.470689 0.182191 0.310203 0.0369168 0
 0.84361 0.089868 0.0606195 0.00523954 0.000663233
 0.607945 0.314616 0.071237 0.00620181 0
 0.523733 0.453247 0.0230204 0 0
 0.530135 0.295979 0.169645 0.0042399 0
 0.562478 0.366248 0.0663022 0.0049721 0
 0.250443 0.683176 0.0655157 0.000865301 0
ppred_RECLAS
 0.540033 0.327625 0.11862 0.0137156 5.86145e-06
 0.473572 0.377594 0.106012 0.0383826 0.00443993
 0.335547 0.437979 0.162444 0.0456072 0.0184226
 0.455725 0.292252 0.166123 0.0616141 0.0242861
 0.551144 0.284303 0.0883582 0.0502249 0.0259707
 0.39524 0.430587 0.11032 0.0342863 0.0295667
 0.571565 0.251322 0.126104 0.0323089 0.0187003
 0.470607 0.389842 0.0818611 0.0410748 0.0166148
 0.536008 0.305652 0.1166 0.0244843 0.0172547
 0.477547 0.373615 0.0980461 0.0374026 0.0133889
 0.324846 0.445974 0.163891 0.043009 0.0222803
 0.315975 0.35811 0.215284 0.0791144 0.0315169
 0.462582 0.274925 0.137424 0.0826147 0.0424546
 0.459952 0.364323 0.0898947 0.0449348 0.040895
 0.556231 0.311544 0.0892004 0.0220097 0.0210145
 0.569033 0.330234 0.0707183 0.0202478 0.00976617
 0.469485 0.396273 0.102865 0.0220281 0.00934908
 0.480262 0.341861 0.132867 0.0344896 0.0105205
 0.459081 0.357877 0.120397 0.046793 0.0158517
 0.570199 0.275367 0.102175 0.0343735 0.0178852
 0.541204 0.337494 0.077717 0.0288368 0.014749
 0.468412 0.375719 0.114658 0.026403 0.0148076
 0.534354 0.300142 0.116977 0.0356976 0.0128305
 0.496504 0.354354 0.0961327 0.0374666 0.0155431
 0.302314 0.468003 0.161648 0.0438534 0.0241818
pobs_PELACES
 0 0 0 0 0
 0 0 0 0 0
 0 0 0 0 0
 0 0 0 0 0
 0 0 0 0 0
 0 0 0 0 0
 0 0 0 0 0
 0 0 0 0 0
 0 0 0 0 0
 0 0 0 0 0
 0.450072 0.473896 0.0757376 0.000293798 0
 0 0 0 0 0
 0.463077 0.371075 0.160297 0.00555027 0
 0.529543 0.364841 0.0842815 0.0213345 0
 0.631943 0.363953 0.00410389 0 0
 0.735681 0.248677 0.0153453 0.000297389 0
 0.695825 0.281241 0.0229344 0 0
 0.275771 0.60734 0.115278 0.00161068 0
 0 0 0 0 0
 0.896147 0.0623911 0.0374545 0.00400742 0
 0.803859 0.145111 0.0509908 3.86294e-05 0
 0.739449 0.233085 0.0266225 0.000797448 4.60066e-05
 0.878498 0.100942 0.0204185 0.000141795 0
 0.694673 0.275183 0.0284847 0.00165964 0
 0.469039 0.446079 0.0841089 0.000773354 0
ppred_PELACES
 0.552687 0.318612 0.115356 0.0133382 5.7002e-06
 0.485465 0.369063 0.103617 0.0375154 0.00433962
 0.356171 0.424385 0.157402 0.0441916 0.0178508
 0.46084 0.289505 0.164562 0.061035 0.0240579
 0.552231 0.283614 0.0881442 0.0501032 0.0259078
 0.408269 0.421311 0.107943 0.0335477 0.0289298
 0.578971 0.246977 0.123924 0.0317504 0.0183771
 0.484153 0.379867 0.0797665 0.0400238 0.0161897
 0.549592 0.296704 0.113187 0.0237675 0.0167496
 0.487843 0.366252 0.0961138 0.0366655 0.013125
 0.344333 0.433102 0.15916 0.0417676 0.0216372
 0.334137 0.348601 0.209567 0.0770137 0.03068
 0.493191 0.259266 0.129597 0.0779094 0.0400365
 0.513394 0.328271 0.080999 0.0404882 0.0368482
 0.599399 0.281238 0.0805233 0.0198687 0.0189702
 0.586966 0.316494 0.0677758 0.0194053 0.0093598
 0.483046 0.386144 0.100235 0.021465 0.0091101
 0.489547 0.335754 0.130493 0.0338735 0.0103325
 0.467161 0.352532 0.118598 0.0460941 0.0156149
 0.577856 0.270462 0.100355 0.0337612 0.0175666
 0.544724 0.334904 0.0771207 0.0286155 0.0146358
 0.473119 0.372392 0.113643 0.0261693 0.0146764
 0.540033 0.29648 0.11555 0.0352622 0.012674
 0.501885 0.350567 0.0951053 0.0370662 0.015377
 0.306977 0.464875 0.160567 0.0435603 0.0240202
pobs_pel_tallas
 0 0 0 0 0 0 0 0 0 0 0 0 0 0 0 0 0 0 0 0 0 0 0 0 0 0 0 0 0 0 0 0 0 0 0 0
 0 0 0 0 0 0 0 0 0 0 0 0 0 0 0 0 0 0 0 0 0 0 0 0 0 0 0 0 0 0 0 0 0 0 0 0
 0 0 0 0 0 0 0 0 0 0 0 0 0 0 0 0 0 0 0 0 0 0 0 0 0 0 0 0 0 0 0 0 0 0 0 0
 0 0 0 0 0 0 0 0 0 0 0 0 0 0 0 0 0 0 0 0 0 0 0 0 0 0 0 0 0 0 0 0 0 0 0 0
 0 0 0 0 0 0 0 0 0 0 0 0 0 0 0 0 0 0 0 0 0 0 0 0 0 0 0 0 0 0 0 0 0 0 0 0
 0 0 0 0 0 0 0 0 0 0 0 0 0 0 0 0 0 0 0 0 0 0 0 0 0 0 0 0 0 0 0 0 0 0 0 0
 0 0 0 0 0 0 0 0 0 0 0 0 0 0 0 0 0 0 0 0 0 0 0 0 0 0 0 0 0 0 0 0 0 0 0 0
 0 0 0 0 0 0 0 0 0 0 0 0 0 0 0 0 0 0 0 0 0 0 0 0 0 0 0 0 0 0 0 0 0 0 0 0
 0 0 0 0 0 0 0 0 0 0 0 0 0 0 0 0 0 0 0 0 0 0 0 0 0 0 0 0 0 0 0 0 0 0 0 0
 0 0 0 0 0 0 0 0 0 0 0 0 0 0 0 0 0 0 0 0 0 0 0 0 0 0 0 0 0 0 0 0 0 0 0 0
 0 0 0 0 0 0 0 0 1.78061e-05 0.00172719 0.00360574 0.0105946 0.0120993 0.0124554 0.0147524 0.0171206 0.0266825 0.0428682 0.0675386 0.121331 0.153587 0.119568 0.100827 0.0573624 0.0630603 0.0341343 0.0324427 0.0444173 0.0211091 0.0280891 0.0125444 0.00206551 0 0 0 0
 0 0 0 0 0 0 0 0 0 0 0 0 0 0 0 0 0 0 0 0 0 0 0 0 0 0 0 0 0 0 0 0 0 0 0 0
 0 0 0 0 0 0 0.0133647 0.0140871 0.0187388 0.0205184 0.03894 0.0496705 0.03968 0.0493445 0.0407372 0.0367815 0.0215668 0.0243155 0.0234873 0.0199281 0.019796 0.0243948 0.0301388 0.0376714 0.0412746 0.0863199 0.0771752 0.113111 0.0741005 0.0525337 0.0229764 0.00759418 0.00175318 0 0 0
 0 0 0 0 0 0 0 0 0 0 0.00219441 0.00772107 0.0458388 0.0604681 0.0671733 0.0775358 0.0609151 0.0617685 0.073594 0.0568108 0.0755445 0.0548602 0.0670107 0.0636378 0.0643287 0.046367 0.0373049 0.0286899 0.0247887 0.0153202 0.00654259 0.00121912 0.000365735 0 0 0
 0 0 0 0 0 0 0 0 0 0 0 0 0.000112435 0.00938835 0.0111873 0.0202946 0.0414886 0.0713402 0.111592 0.104902 0.108894 0.110636 0.117776 0.105296 0.107544 0.0401394 0.0192827 0.0124803 0.00416011 0.0028671 0.000618394 0 0 0 0 0
 0 0 0 0 0 0 0 0 0 0 0.00291406 0.0102884 0.027416 0.0768956 0.0749926 0.110853 0.0956884 0.0897413 0.0766577 0.0534642 0.0500743 0.0551293 0.0594112 0.0620874 0.0668451 0.0424026 0.0208742 0.0120726 0.0048766 0.00582813 0.00118941 0.000297354 0 0 0 0
 0 0.00264628 0.0354308 0.0461629 0.0458689 0.0383711 0.0214643 0.0164657 0.0346957 0.0420465 0.0363128 0.0245516 0.0311673 0.0291091 0.0169068 0.0133784 0.00837989 0.0085269 0.0148486 0.0160247 0.0276389 0.0546898 0.0760071 0.122758 0.109233 0.0665981 0.0333725 0.0166128 0.00676272 0.00308733 0.000882094 0 0 0 0 0
 0 0 0 0 0 0 0 0.000805153 0.000690131 0.00759144 0.0133425 0.0154129 0.00931677 0.000345066 0.00356568 0.00563607 0.00851162 0.0253048 0.0502646 0.0516448 0.0657925 0.0565908 0.0611916 0.0827007 0.0866115 0.110766 0.145733 0.0935128 0.0569358 0.0249597 0.0138026 0.00621118 0.00161031 0.00115022 0 0
 0 0 0 0 0 0 0 0 0 0 0 0 0 0 0 0 0 0 0 0 0 0 0 0 0 0 0 0 0 0 0 0 0 0 0 0
 0.00147267 0.00158595 0.00478618 0.00569244 0.00954404 0.0108468 0.00647125 0.017049 0.0510054 0.094081 0.124002 0.0959785 0.0687766 0.0820023 0.061753 0.0591476 0.0492212 0.0479892 0.0443925 0.0268479 0.0217502 0.0140895 0.0121071 0.0120363 0.00920419 0.00665534 0.0049561 0.00860946 0.00930331 0.0156896 0.0114698 0.00855282 0.00243557 0.00046729 0 2.83206e-05
 0 0 0 0 0.000772559 0.00158375 0.000888443 0.00281984 0.00712685 0.0440552 0.0773331 0.111326 0.0921469 0.0852325 0.0710754 0.0886704 0.0786465 0.0553345 0.0373146 0.0185414 0.00753245 0.00457741 0.012979 0.0271748 0.0457355 0.0583668 0.034881 0.0177882 0.00938659 0.00492506 0.0015258 0.00185414 0.000309023 5.79419e-05 3.86279e-05 0
 0 0.00173294 0.00326652 0 0.00397197 0.00683976 0.00946217 0.0152591 0.00757587 0.0136028 0.0228656 0.0392903 0.0559909 0.0764795 0.0681675 0.0726916 0.0566044 0.0477403 0.0527397 0.0444891 0.0609904 0.0582453 0.0661739 0.0445044 0.0529084 0.0360697 0.0280645 0.0235558 0.0158879 0.00826598 0.00280645 0.00217768 0.000904811 0.00058276 9.20147e-05 0
 0 0 0 0 0 0 0 0 0 0 0 0 0 0 0 0 0 0 0 0 0 0 0 0 0 0 0 0 0 0 0 0 0 0 0 0
 0 0 0 0 0 0 0 0 0 0 0 0 0 0 0 0 0 0 0 0 0 0 0 0 0 0 0 0 0 0 0 0 0 0 0 0
 0 0 0 0 0 0 0 0 0 0 0 0 0 0 0 0 0 0 0 0 0 0 0 0 0 0 0 0 0 0 0 0 0 0 0 0
ppred_pel_tallas
 1.022e-16 2.41256e-05 0.00014157 0.0006729 0.00259061 0.00807847 0.0204058 0.0417545 0.0692188 0.0929769 0.101225 0.0894007 0.0642429 0.0379913 0.0193711 0.0101264 0.00771681 0.00911128 0.0124229 0.0167438 0.0215554 0.0263801 0.0307007 0.0340195 0.0359584 0.0363397 0.0352196 0.0328572 0.0296384 0.0259791 0.022241 0.0186829 0.0154518 0.0126033 0.0101356 0.00802178
 1.03083e-16 2.11964e-05 0.000124368 0.000591112 0.00227568 0.00709639 0.0179252 0.0366794 0.0608082 0.0816878 0.0889559 0.0786163 0.0566052 0.0336996 0.0175981 0.00987297 0.00833317 0.010345 0.0142548 0.0192312 0.0247413 0.0302488 0.0351617 0.0389121 0.041073 0.0414529 0.0401311 0.0374204 0.0337749 0.0296759 0.0255336 0.0216312 0.0181167 0.0150304 0.012349 0.0100257
 1.04726e-16 1.55609e-05 9.12776e-05 0.000433784 0.00166991 0.00520729 0.0131536 0.0269168 0.0446283 0.0599671 0.0653417 0.0578399 0.0418486 0.025322 0.0139719 0.00902881 0.00896347 0.0119051 0.0166611 0.022578 0.0291439 0.0357726 0.0417911 0.0465431 0.0495243 0.0504901 0.0494981 0.0468679 0.0430803 0.038652 0.0340282 0.0295227 0.0253096 0.0214548 0.0179622 0.0148151
 1.05652e-16 2.01195e-05 0.000118053 0.000561104 0.00216017 0.00673619 0.0170153 0.0348171 0.0577193 0.0775337 0.0844204 0.07458 0.0536383 0.0318126 0.0163944 0.00885934 0.00711519 0.00866243 0.0119539 0.0162521 0.0211333 0.026193 0.0309779 0.0350362 0.0380025 0.0396688 0.0400146 0.0391844 0.0374277 0.0350236 0.0322193 0.029197 0.0260739 0.0229226 0.0197981 0.0167574
 1.04276e-16 2.41041e-05 0.000141447 0.000672326 0.00258841 0.00807162 0.0203885 0.0417188 0.0691585 0.0928928 0.101125 0.0892934 0.0641238 0.0378365 0.0191371 0.00975353 0.00713433 0.0082431 0.0111983 0.0151131 0.0195097 0.023968 0.0280386 0.0312893 0.03339 0.0341832 0.0337099 0.0321812 0.0299099 0.0272261 0.024407 0.0216382 0.0190131 0.0165564 0.0142586 0.012106
 1.04175e-16 1.78323e-05 0.000104614 0.000497186 0.00191402 0.00596856 0.0150765 0.0308511 0.0511492 0.0687226 0.0748643 0.0662272 0.0478255 0.0287551 0.0155338 0.00953552 0.00896891 0.0116566 0.0162146 0.0219037 0.0281807 0.0344503 0.0400424 0.0443134 0.0467821 0.0472363 0.0457728 0.042753 0.0386966 0.03415 0.0295737 0.0252791 0.0214206 0.0180294 0.0150656 0.012467
 1.0379e-16 2.52687e-05 0.000148288 0.000704853 0.00271366 0.00846223 0.021375 0.0437371 0.0725029 0.0973807 0.105999 0.0935702 0.067136 0.0394953 0.0197577 0.00971445 0.00667175 0.00743466 0.0100339 0.0135647 0.0175746 0.0216914 0.0255203 0.0286751 0.0308507 0.0318832 0.0317766 0.0306811 0.0288396 0.0265199 0.023957 0.021322 0.0187195 0.0162045 0.0138066 0.0115495
 1.03388e-16 2.11395e-05 0.000124034 0.000589519 0.00226955 0.00707725 0.0178769 0.0365806 0.0606447 0.081469 0.0887199 0.0784132 0.0564707 0.033643 0.0176109 0.00994589 0.00846551 0.0105435 0.0145272 0.019579 0.0251538 0.0306999 0.0356103 0.0393065 0.0413602 0.0415897 0.0400948 0.0372156 0.0334346 0.029256 0.0251022 0.0212558 0.0178521 0.0149107 0.0123839 0.0102025
 1.03303e-16 2.39897e-05 0.000140774 0.000669122 0.00257607 0.00803314 0.0202913 0.04152 0.0688295 0.0924523 0.100649 0.0888819 0.0638471 0.0377114 0.0191443 0.00987252 0.00736367 0.00860056 0.0117108 0.0158051 0.0203922 0.0250307 0.0292441 0.032572 0.034661 0.0353392 0.0346461 0.0328045 0.0301506 0.0270461 0.0238031 0.0206423 0.017687 0.0149843 0.0125378 0.0103363
 1.03357e-16 2.12999e-05 0.000124976 0.000594005 0.00228682 0.00713112 0.0180129 0.0368589 0.0611056 0.0820868 0.0893892 0.0789963 0.0568724 0.0338459 0.0176508 0.00986476 0.0082835 0.0102583 0.0141268 0.0190549 0.0245112 0.0299636 0.0348261 0.0385374 0.040677 0.0410585 0.0397643 0.0371072 0.0335389 0.0295355 0.0255002 0.0217079 0.0182979 0.0153024 0.0126918 0.0104149
 1.04847e-16 1.5045e-05 8.82484e-05 0.000419381 0.00161445 0.00503435 0.0127168 0.0260231 0.0431472 0.0579791 0.0631812 0.0559408 0.0405037 0.0245663 0.01366 0.00898477 0.00907318 0.0121246 0.0169876 0.0230226 0.0297152 0.0364689 0.0425976 0.0474316 0.0504574 0.0514266 0.0503995 0.0477041 0.0438328 0.0393141 0.0346028 0.0300186 0.0257382 0.0218268 0.0182863 0.0150973
 1.07169e-16 1.45971e-05 8.56262e-05 0.000406932 0.00156655 0.00488498 0.0123394 0.0252503 0.0418641 0.0562493 0.0612816 0.0542241 0.0391856 0.0236179 0.0128673 0.00807573 0.007801 0.0102916 0.0144508 0.0197121 0.0256669 0.031854 0.0377334 0.0427604 0.0464909 0.0486668 0.0492527 0.0484095 0.0464243 0.0436213 0.0402894 0.0366439 0.0328271 0.0289327 0.0250369 0.0212205
 1.06472e-16 2.15287e-05 0.00012633 0.00060046 0.00231171 0.00720877 0.0182089 0.0372592 0.0617661 0.0829649 0.0903211 0.079762 0.0572982 0.0338482 0.0171945 0.00889084 0.00667254 0.0078447 0.0107458 0.0146028 0.0190053 0.0235889 0.0279538 0.0317034 0.0345183 0.0362177 0.0367845 0.0363427 0.0351032 0.0332959 0.031116 0.028698 0.0261191 0.0234226 0.0206453 0.0178367
 1.0437e-16 2.24124e-05 0.000131511 0.000625081 0.00240649 0.00750431 0.0189555 0.0387872 0.0643006 0.0863737 0.0940436 0.0830768 0.0597388 0.0354085 0.0182034 0.00975806 0.00772765 0.00930768 0.0127484 0.0171974 0.0221498 0.0271272 0.0316095 0.0350988 0.0372223 0.037813 0.0369401 0.0348739 0.032003 0.028733 0.0254014 0.0222304 0.0193241 0.0166971 0.014317 0.0121421
 1.02804e-16 2.61608e-05 0.000153522 0.000729731 0.00280943 0.00876089 0.0221295 0.045281 0.0750627 0.100821 0.109748 0.0968899 0.0695406 0.0409552 0.0205702 0.0102455 0.00719491 0.00810731 0.0109307 0.0147028 0.0189173 0.0231433 0.0269269 0.0298359 0.0315458 0.0319103 0.0309883 0.0290151 0.0263323 0.0233012 0.020228 0.0173222 0.014691 0.012361 0.0103124 0.00850991
 1.0217e-16 2.562e-05 0.000150344 0.000714616 0.00275122 0.00857935 0.021671 0.0443431 0.0735092 0.0987375 0.10749 0.0949182 0.0681735 0.0402464 0.0203919 0.0104478 0.00770026 0.00891542 0.0120795 0.0162273 0.0208197 0.0253741 0.0293778 0.0323458 0.0339209 0.0339533 0.0325316 0.0299474 0.0266144 0.0229658 0.0193676 0.0160673 0.0131869 0.0107469 0.00870656 0.00700199
 1.02712e-16 2.10915e-05 0.000123751 0.000588176 0.00226437 0.00706111 0.0178361 0.0364973 0.0605067 0.0812844 0.0885208 0.0782417 0.0563572 0.0335954 0.0176228 0.0100111 0.00858674 0.0107323 0.0147997 0.0199502 0.0256325 0.031284 0.0362832 0.0400358 0.042099 0.0422802 0.0406748 0.0376252 0.0336239 0.0291912 0.0247697 0.0206644 0.017032 0.0139102 0.0112639 0.00902914
 1.03609e-16 2.1373e-05 0.000125408 0.000596064 0.00229476 0.00715588 0.0180754 0.0369866 0.0613164 0.0823675 0.0896883 0.0792449 0.0570174 0.0338643 0.0175372 0.00960847 0.0078574 0.00962297 0.0132443 0.017906 0.0231113 0.0283744 0.0331583 0.0369413 0.039322 0.0401035 0.0393281 0.0372454 0.0342338 0.0307016 0.0270026 0.0233883 0.0200015 0.0168996 0.014091 0.0115667
 1.04112e-16 2.03975e-05 0.00011968 0.000568827 0.00218989 0.00682884 0.0172494 0.0352965 0.0585156 0.078608 0.0856024 0.0756531 0.054473 0.0324332 0.016943 0.00951756 0.00805164 0.010016 0.0138269 0.0186938 0.0241151 0.0295861 0.0345462 0.0384526 0.0408909 0.0416637 0.0408246 0.0386442 0.0355252 0.0318971 0.0281265 0.0244676 0.0210567 0.017939 0.0151092 0.0125474
 1.03494e-16 2.5221e-05 0.000148006 0.000703507 0.00270847 0.00844603 0.0213342 0.0436537 0.0723651 0.0971976 0.105805 0.0934106 0.0670473 0.0394949 0.0198526 0.00991651 0.0070046 0.00793058 0.0107236 0.0144643 0.0186735 0.0229432 0.0268404 0.0299471 0.0319425 0.0326691 0.0321601 0.0306134 0.0283275 0.0256227 0.0227734 0.0199709 0.0173201 0.0148597 0.0125925 0.010512
 1.02872e-16 2.37789e-05 0.000139533 0.000663215 0.00255331 0.00796217 0.020112 0.0411536 0.0682231 0.0916411 0.0997748 0.0881303 0.063352 0.0375086 0.0192058 0.0101693 0.00790127 0.0094165 0.0128512 0.0172976 0.0222231 0.0271287 0.0314758 0.0347524 0.0365786 0.036791 0.0354747 0.0329272 0.0295727 0.0258559 0.0221518 0.0187131 0.0156642 0.0130274 0.0107651 0.00881917
 1.0332e-16 2.06582e-05 0.000121208 0.000576088 0.00221784 0.006916 0.0174696 0.0357472 0.0592631 0.0796134 0.0867003 0.0766308 0.0551929 0.0328938 0.0172415 0.00977517 0.0083665 0.0104544 0.0144298 0.0194797 0.0250752 0.0306781 0.0356918 0.039542 0.0417956 0.0422553 0.0409959 0.0383272 0.034702 0.0306014 0.0264367 0.0224931 0.0189214 0.0157658 0.0130068 0.0106019
 1.03541e-16 2.35729e-05 0.000138327 0.000657489 0.00253127 0.00789346 0.0199384 0.0407981 0.0676329 0.0908456 0.0989016 0.0873419 0.0627484 0.0370774 0.0188505 0.00976736 0.00734299 0.00861597 0.0117487 0.0158679 0.020489 0.0251738 0.0294476 0.0328508 0.0350288 0.0358065 0.035218 0.0334789 0.0309172 0.0278862 0.0246911 0.0215478 0.0185778 0.0158301 0.0133129 0.0110216
 1.03457e-16 2.19115e-05 0.000128569 0.000611086 0.00235259 0.00733624 0.018531 0.0379188 0.062862 0.0844439 0.0919496 0.0812441 0.0584581 0.0347241 0.017989 0.00986409 0.00807006 0.00987417 0.0135658 0.0182982 0.0235486 0.0288058 0.0335091 0.0371214 0.0392393 0.0396819 0.0385241 0.0360603 0.0327171 0.0289445 0.0251232 0.0215129 0.0182452 0.0153517 0.0128065 0.010565
 1.0505e-16 1.34174e-05 7.869e-05 0.000373933 0.00143945 0.00448862 0.0113383 0.023203 0.0384738 0.0517065 0.0563651 0.0499516 0.036267 0.0221957 0.0127 0.00888637 0.00948306 0.0129114 0.0181496 0.0245985 0.0317315 0.038913 0.0454073 0.0504976 0.0536366 0.054564 0.0533533 0.0503658 0.0461393 0.0412487 0.0361866 0.0312968 0.0267656 0.0226563 0.0189618 0.0156519
pSPR Fmed_Fpbrs
0.619537   0.255602 0.255602
Fs Fmed_Fpbrs
0.259183   1.005 1.005
SSBpbr Bo_Bmed_Bpbrs
1.05292e+06  599674  216481 216481
Ro
47098.7
SPR SPRFo_SPRFmed_SPRFpbrs
967302 599280 247244
log_Ro
10.58
likeval ReclasPelacesDesembMPH_pf_preclas_ppelaces_ptallas_desvR_qrecl_qpela
 128.343 72.0179 0.0189124 0.000806674 343.32 209.171 80.9505 0 13.543 0 0 0 0 0 0
q_reclas_q_pelaces
1 1
M
0.7
N
 52760.3 17291.5 6260.53 723.883 0.309356
 52376.8 22444.3 6301.39 2281.48 263.912
 30043.3 22512.1 8349.6 2344.2 946.92
 34210.6 11317.4 6433.07 2385.99 940.474
 61469.3 15960.1 4960.23 2819.51 1457.94
 50936.4 30121 7717.26 2398.44 2068.29
 93239.6 21462.5 10769.1 2759.13 1596.98
 93923.6 42238.1 8869.37 4450.32 1800.16
 127722 39565 15093.2 3169.35 2233.53
 129034 53730 14100.1 5378.9 1925.47
 72147.6 56549.8 20781.4 5453.57 2825.15
 42774.2 27479 16519.5 6070.73 2418.4
 46180.7 16527.4 8261.4 4966.47 2552.2
 28861.3 15810.9 3901.25 1950.08 1774.76
 20452.9 7490.56 2144.67 529.186 505.257
 18308.8 5938.79 1271.77 364.128 175.63
 15877 7275.95 1888.7 404.456 171.658
 17758.5 6686.65 2598.82 674.602 205.776
 19243.4 7879.15 2650.7 1030.21 348.996
 34201.8 8659.85 3213.23 1080.99 562.46
 48486.7 15446.6 3556.99 1319.82 675.04
 55886.9 23064.7 7038.62 1620.83 909.006
 90144.3 26208.3 10214.4 3117.12 1120.36
 113297 41770.1 11331.8 4416.44 1832.18
 65862.5 52709.1 18205.7 4939.01 2723.48
pred_Ctot
 5487.78 3368.98 1219.77 141.038 0.0602735
 5107.49 4116.91 1155.85 418.486 48.4087
 5299.58 7093.46 2630.92 738.648 298.37
 1494.71 962.474 547.093 202.914 79.9815
 585.245 302.133 93.8995 53.3747 27.5994
 5602.11 6181.51 1583.76 492.215 424.461
 5915.94 2617.82 1313.53 336.537 194.787
 10345.5 8680.31 1822.74 914.581 369.95
 14174.9 8188.2 3123.63 655.916 462.242
 10979.2 8668.42 2274.81 867.794 310.642
 12276.3 17259.6 6342.71 1664.49 862.266
 6925.66 8024.42 4824.01 1772.77 706.221
 10536.2 6504.27 3251.23 1954.53 1004.4
 10280.2 8877.58 2190.49 1094.94 996.502
 6298.24 3763.87 1077.66 265.906 253.883
 2663.85 1575.39 337.363 96.5927 46.5897
 1751 1497.01 388.595 83.216 35.3183
 1369.44 982.679 381.925 99.1404 30.2411
 1305.23 1024.51 344.665 133.956 45.3792
 2238.92 1088.39 403.845 135.861 70.6912
 1470.89 919.734 211.794 78.5858 40.1938
 2243.83 1806.5 551.287 126.949 71.1963
 4353.74 2456.7 957.471 292.19 105.02
 5164.23 3701.55 1004.19 391.373 162.362
 3068.58 4771.32 1648.01 447.089 246.535
F
 0.154721 0.309442 0.309442 0.309442 0.309442
 0.144412 0.288824 0.288824 0.288824 0.288824
 0.2763 0.5526 0.5526 0.5526 0.5526
 0.062444 0.124888 0.124888 0.124888 0.124888
 0.013317 0.0266339 0.0266339 0.0266339 0.0266339
 0.164272 0.328544 0.328544 0.328544 0.328544
 0.091851 0.183702 0.183702 0.183702 0.183702
 0.164538 0.329075 0.329075 0.329075 0.329075
 0.165881 0.331762 0.331762 0.331762 0.331762
 0.124956 0.249912 0.249912 0.249912 0.249912
 0.265291 0.530581 0.530581 0.530581 0.530581
 0.250915 0.50183 0.50183 0.50183 0.50183
 0.371861 0.743723 0.743723 0.743723 0.743723
 0.648857 1.29771 1.29771 1.29771 1.29771
 0.536618 1.07324 1.07324 1.07324 1.07324
 0.222809 0.445618 0.445618 0.445618 0.445618
 0.164759 0.329518 0.329518 0.329518 0.329518
 0.112645 0.225291 0.225291 0.225291 0.225291
 0.0984722 0.196944 0.196944 0.196944 0.196944
 0.0948908 0.189782 0.189782 0.189782 0.189782
 0.0429884 0.0859767 0.0859767 0.0859767 0.0859767
 0.0572517 0.114503 0.114503 0.114503 0.114503
 0.0692317 0.138463 0.138463 0.138463 0.138463
 0.0652242 0.130448 0.130448 0.130448 0.130448
 0.0667117 0.133423 0.133423 0.133423 0.133423
nmprior
 10.6 11 7 0
nm_flota  nm_reclas  nm_pelaces    nm_pelaL
inf 14.2128 13.9492 30.7549
cv_recla  cv_pelaces  cv_mph
1.02473 0.96226 0.921483
 ------------------------------------------------
Talla a la edad & desviación 
 7.2 14.2025 17.0495 18.207 18.6776
 1.08 2.13037 2.55742 2.73105 2.80164
