years
 1997 1998 1999 2000 2001 2002 2003 2004 2005 2006 2007 2008 2009 2010 2011 2012 2013 2014 2015 2016 2017 2018 2019 2020 2021
reclasobs
 0 0 0 370054 412103 1.49427e+06 250295 1.28982e+06 931140 785840 897777 1.04006e+06 184774 17550 25797 100020 73551 82996 120727 218422 84188 347160 605670 569463 516374
reclaspred
 3.53022e+06 428767 597740 168131 222175 289958 518358 441156 680704 1.14992e+06 1.28361e+06 820974 441942 200445 128759 117940 123960 155210 140971 190883 361864 354188 550128 599078 488712
pelacesobs
 0 0 0 0 0 0 0 0 0 2.06254e+06 1.5e+06 0 1.87456e+06 323000 250000 174000 83755 137374 0 501740 490994 745055 786931 1.00524e+06 1.33801e+06
pelacespred
 1.51162e+06 605141 186372 123605 127970 118789 272592 248864 373904 664006 660411 435510 238040 85733.6 53674.3 56032.3 61403.4 77063.6 73121.9 95531.9 199524 207196 243470 310426 246114
mphobs
 0 0 0 0 0 112323 0 153150 637223 0 255016 313432 73983 77613 109348 50772 0 0 0 0 0 0 0 0 0
mphpred
 2.52036e+06 1.08333e+06 463813 236785 120700 293812 307402 434575 480826 783898 1.2916e+06 898806 488006 265158 120458 101912 102511 123886 135180 127944 249991 341308 384652 506938 513368
desembarqueobs
 350755 77701 442110 56441 14545 235359 269955 359681 431902 328805 639364 411747 362871 311530 167758 66681 60226 58785 57116 73181 50977 67692 138656 160484 209506
desembarquepred
 350736 77680.6 441632 56418 14543.5 235121 269779 359153 431455 328571 638542 411270 362191 310902 167424 66632.1 60194.5 58741.8 57064.4 73113.3 50961.1 67650.4 138560 160377 209364
Reclutas
 5355.98 7308.35 1125.75 3779.63 51692.7 14978.9 55773.8 66364.8 117011 213917 57642.4 20925.1 52225.4 27752 19438.8 14197.7 11102.4 11124.3 8053.3 27867.4 34903.8 31633.8 57988.3 45634.1 1086.05
log_desv_Rt
 -1.33403 -1.02323 -2.8938 -1.68262 0.933072 -0.305599 1.00906 1.18292 1.75002 2.35334 1.04201 0.0287031 0.943324 0.311061 -0.044974 -0.359163 -0.605086 -0.603111 -0.926163 0.315212 0.540352 0.441982 1.048 0.808411 -2.9297
SSB
 2.52036e+06 1.08333e+06 463813 236785 120700 293812 307402 434575 480826 783898 1.2916e+06 898806 488006 265158 120458 101912 102511 123886 135180 127944 249991 341308 384652 506938 513368
BT
 3.00919e+06 1.25766e+06 593085 298158 374566 409089 1.02816e+06 1.00074e+06 1.46108e+06 2.08498e+06 1.90188e+06 1.21123e+06 904414 483862 277258 180608 192612 222967 197806 306258 534410 475614 623370 788823 620681
Ftot
 0.0967752 0.175539 0.683263 0.321632 0.0639769 0.74698 0.495999 0.759521 0.600406 0.276185 0.471332 0.473969 0.759228 1.34096 1.16208 0.534078 0.462061 0.362634 0.386526 0.367937 0.137015 0.185119 0.243262 0.258222 0.407325
BD_Bspro_t
 0.984694 0.883818 0.691948 0.377979 0.39314 0.668056 0.485747 0.514672 0.489855 0.552303 0.632841 0.468591 0.333854 0.246127 0.146164 0.148891 0.196634 0.293754 0.365745 0.414711 0.599018 0.721317 0.714764 0.704563 0.646748
BD_Bspro
 6.03541 2.59422 1.11068 0.567021 0.289035 0.703583 0.736126 1.04066 1.15142 1.87718 3.09296 2.15234 1.16861 0.634965 0.288457 0.244046 0.245481 0.296665 0.32371 0.306384 0.598645 0.817319 0.921114 1.21395 1.22935
BD_Bo
 2.3881 1.02648 0.439475 0.22436 0.114366 0.278395 0.291272 0.411771 0.455595 0.742763 1.22383 0.851641 0.462398 0.251244 0.114137 0.0965646 0.0971322 0.117385 0.128086 0.121231 0.236873 0.323398 0.364468 0.480336 0.486429
BD_Brms
 11.6152 4.99258 2.1375 1.09123 0.556249 1.35405 1.41668 2.00276 2.21591 3.61263 5.95241 4.14218 2.249 1.22199 0.555137 0.469668 0.472428 0.570933 0.622981 0.589637 1.15209 1.57293 1.77269 2.33624 2.36588
S_f
 0.5 1 1 1 1
 0.5 1 1 1 1
 0.5 1 1 1 1
 0.5 1 1 1 1
 0.5 1 1 1 1
 0.5 1 1 1 1
 0.5 1 1 1 1
 0.5 1 1 1 1
 0.5 1 1 1 1
 0.5 1 1 1 1
 0.5 1 1 1 1
 0.5 1 1 1 1
 0.5 1 1 1 1
 0.5 1 1 1 1
 0.5 1 1 1 1
 0.5 1 1 1 1
 0.5 1 1 1 1
 0.5 1 1 1 1
 0.5 1 1 1 1
 0.5 1 1 1 1
 0.5 1 1 1 1
 0.5 1 1 1 1
 0.5 1 1 1 1
 0.5 1 1 1 1
 0.5 1 1 1 1
Scru_reclas
 0.5 1 1 1 1
 0.5 1 1 1 1
 0.5 1 1 1 1
 0.5 1 1 1 1
 0.5 1 1 1 1
 0.5 1 1 1 1
 0.5 1 1 1 1
 0.5 1 1 1 1
 0.5 1 1 1 1
 0.5 1 1 1 1
 0.5 1 1 1 1
 0.5 1 1 1 1
 0.5 1 1 1 1
 0.5 1 1 1 1
 0.5 1 1 1 1
 0.5 1 1 1 1
 0.5 1 1 1 1
 0.5 1 1 1 1
 0.5 1 1 1 1
 0.5 1 1 1 1
 0.5 1 1 1 1
 0.5 1 1 1 1
 0.5 1 1 1 1
 0.5 1 1 1 1
 0.5 1 1 1 1
Scru_pelaces
 0.5 1 1 1 1
 0.5 1 1 1 1
 0.5 1 1 1 1
 0.5 1 1 1 1
 0.5 1 1 1 1
 0.5 1 1 1 1
 0.5 1 1 1 1
 0.5 1 1 1 1
 0.5 1 1 1 1
 0.5 1 1 1 1
 0.5 1 1 1 1
 0.5 1 1 1 1
 0.5 1 1 1 1
 0.5 1 1 1 1
 0.5 1 1 1 1
 0.5 1 1 1 1
 0.5 1 1 1 1
 0.5 1 1 1 1
 0.5 1 1 1 1
 0.5 1 1 1 1
 0.5 1 1 1 1
 0.5 1 1 1 1
 0.5 1 1 1 1
 0.5 1 1 1 1
 0.5 1 1 1 1
pf_obs 
 0.256992 0.487395 0.22802 0.0275931 0
 0.321318 0.546541 0.124235 0.00734118 0.000564706
 0.182869 0.594174 0.210203 0.0122559 0.00049798
 0.330522 0.361315 0.267642 0.0388342 0.00168674
 0.649043 0.306663 0.0425973 0.00169635 0
 0.582887 0.30429 0.105238 0.00758474 0
 0.465427 0.430635 0.0974691 0.00646863 0
 0.296916 0.608066 0.0921331 0.00288517 0
 0.311714 0.524322 0.152257 0.0117073 0
 0.15457 0.633149 0.183074 0.0267441 0.00246327
 0.131901 0.49318 0.331252 0.0422183 0.00144891
 0.196976 0.569456 0.194076 0.0375587 0.00193317
 0.518974 0.381816 0.0799577 0.0180837 0.00116848
 0.0928022 0.601141 0.25162 0.0475244 0.00691264
 0.122501 0.610282 0.24278 0.0234846 0.000952079
 0.383417 0.481906 0.127806 0.00687128 0
 0.0376549 0.599619 0.316969 0.0457579 0
 0.0361596 0.667082 0.258105 0.0386534 0
 0.158088 0.579412 0.248529 0.0139706 0
 0.0477256 0.309471 0.559284 0.082774 0.000745712
 0.0406174 0.521527 0.379366 0.0568643 0.0016247
 0.151134 0.462217 0.34131 0.0453401 0
 0.294876 0.26143 0.354403 0.0886775 0.000613685
 0.281977 0.475581 0.204845 0.0348837 0.00271318
 0.0354234 0.537034 0.353287 0.0723622 0.0018943
pf_pred 
 0.0269636 0.623775 0.307919 0.0413409 1.32318e-06
 0.074676 0.0498612 0.561224 0.277042 0.0371965
 0.0273989 0.141079 0.0448067 0.504332 0.282384
 0.24768 0.0486424 0.102071 0.0324177 0.56919
 0.87309 0.053232 0.00476375 0.0099962 0.0589178
 0.245967 0.703793 0.0210729 0.00188582 0.027281
 0.730655 0.121107 0.138361 0.0041428 0.00573401
 0.606265 0.339625 0.0243296 0.0277958 0.00198418
 0.699713 0.238652 0.0531642 0.00380851 0.00466171
 0.690829 0.262111 0.0374013 0.00833182 0.00132744
 0.221534 0.64512 0.113049 0.0161313 0.00416606
 0.167828 0.328884 0.417078 0.0730876 0.0131225
 0.539755 0.145758 0.124289 0.157618 0.0325797
 0.427171 0.427766 0.045941 0.0391742 0.0599479
 0.543789 0.317282 0.103747 0.0111422 0.0240403
 0.531788 0.362501 0.0735187 0.0240397 0.00815228
 0.451273 0.398766 0.116104 0.023547 0.0103106
 0.472555 0.344501 0.132947 0.0387085 0.011288
 0.38675 0.408182 0.13394 0.051689 0.0194384
 0.727718 0.15936 0.0751614 0.0246633 0.0130972
 0.572061 0.366341 0.0360519 0.0170037 0.00854251
 0.42789 0.42073 0.12959 0.012753 0.00903675
 0.566171 0.265465 0.123815 0.0381365 0.00641242
 0.410579 0.434243 0.0949548 0.0442875 0.0159348
 0.0175006 0.589536 0.289507 0.0633057 0.0401498
pobs_RECLAS
 0 0 0 0 0
 0 0 0 0 0
 0 0 0 0 0
 0 0 0 0 0
 0.835266 0.146461 0.0176864 0.000547809 3.91292e-05
 0.385257 0.428462 0.181853 0.0044286 0
 0.867414 0.0963971 0.0333333 0.00285562 0
 0.441836 0.489002 0.0689373 0.000224442 0
 0.779404 0.147425 0.0564933 0.0165055 0.000172143
 0.814271 0.122319 0.05973 0.00367925 0
 0.40263 0.566651 0.0304383 0.000280538 0
 0.475488 0.404961 0.113038 0.00651328 0
 0.955842 0.0263864 0.0167828 0.000988607 0
 0.975058 0.0227948 0.00214734 0 0
 0.738997 0.206755 0.0527124 0.00153531 0
 0.850938 0.134255 0.0134407 0.00136685 0
 0.542534 0.407297 0.0501686 0 0
 0.764087 0.199537 0.0359546 0.000420521 0
 0.470689 0.182191 0.310203 0.0369168 0
 0.84361 0.089868 0.0606195 0.00523954 0.000663233
 0.607945 0.314616 0.071237 0.00620181 0
 0.523733 0.453247 0.0230204 0 0
 0.530135 0.295979 0.169645 0.0042399 0
 0.562478 0.366248 0.0663022 0.0049721 0
 0.250443 0.683176 0.0655157 0.000865301 0
ppred_RECLAS
 0.0270446 0.623723 0.307894 0.0413374 1.32307e-06
 0.0750926 0.0498388 0.560972 0.276917 0.0371797
 0.0283109 0.140946 0.0447647 0.503859 0.282119
 0.250003 0.0484922 0.101755 0.0323176 0.567432
 0.873309 0.0531403 0.00475554 0.00997897 0.0588163
 0.253121 0.697116 0.020873 0.00186793 0.0270221
 0.734911 0.119193 0.136175 0.00407734 0.0056434
 0.615564 0.331605 0.0237551 0.0271394 0.00193733
 0.705595 0.233978 0.0521229 0.00373391 0.0045704
 0.693024 0.26025 0.0371357 0.00827267 0.00131802
 0.225056 0.642201 0.112537 0.0160583 0.00414721
 0.170706 0.327746 0.415636 0.0728349 0.0130771
 0.549451 0.142687 0.12167 0.154298 0.0318934
 0.449531 0.411068 0.0441477 0.037645 0.0576079
 0.561845 0.304724 0.0996409 0.0107012 0.0230888
 0.53776 0.357877 0.072581 0.0237331 0.0080483
 0.456177 0.395202 0.115066 0.0233365 0.0102185
 0.47616 0.342146 0.132038 0.038444 0.0112108
 0.390477 0.405702 0.133126 0.0513749 0.0193202
 0.730626 0.157658 0.0743586 0.0243999 0.0129573
 0.57317 0.365391 0.0359584 0.0169596 0.00852036
 0.429456 0.419578 0.129235 0.0127181 0.00901201
 0.568339 0.264139 0.123196 0.0379459 0.00638038
 0.412878 0.43255 0.0945845 0.0441149 0.0158727
 0.0177915 0.589362 0.289422 0.063287 0.040138
pobs_PELACES
 0 0 0 0 0
 0 0 0 0 0
 0 0 0 0 0
 0 0 0 0 0
 0 0 0 0 0
 0 0 0 0 0
 0 0 0 0 0
 0 0 0 0 0
 0 0 0 0 0
 0 0 0 0 0
 0.450072 0.473896 0.0757376 0.000293798 0
 0 0 0 0 0
 0.463077 0.371075 0.160297 0.00555027 0
 0.529543 0.364841 0.0842815 0.0213345 0
 0.631943 0.363953 0.00410389 0 0
 0.735681 0.248677 0.0153453 0.000297389 0
 0.695825 0.281241 0.0229344 0 0
 0.275771 0.60734 0.115278 0.00161068 0
 0 0 0 0 0
 0.896147 0.0623911 0.0374545 0.00400742 0
 0.803859 0.145111 0.0509908 3.86294e-05 0
 0.739449 0.233085 0.0266225 0.000797448 4.60066e-05
 0.878498 0.100942 0.0204185 0.000141795 0
 0.694673 0.275183 0.0284847 0.00165964 0
 0.469039 0.446079 0.0841089 0.000773354 0
ppred_PELACES
 0.027468 0.623451 0.30776 0.0413194 1.32249e-06
 0.0771292 0.049729 0.559736 0.276308 0.0370979
 0.0315828 0.140472 0.0446139 0.502162 0.281169
 0.260085 0.0478403 0.100388 0.0318831 0.559804
 0.874472 0.0526523 0.00471187 0.00988733 0.0582762
 0.277122 0.674714 0.0202022 0.00180791 0.0261538
 0.750545 0.112164 0.128144 0.00383687 0.00531056
 0.644759 0.306421 0.021951 0.0250784 0.0017902
 0.725747 0.217962 0.048555 0.00347832 0.00425755
 0.702632 0.252104 0.0359734 0.00801373 0.00127676
 0.238909 0.630721 0.110526 0.0157712 0.00407307
 0.182063 0.323258 0.409944 0.0718373 0.012898
 0.580232 0.132939 0.113358 0.143756 0.0297144
 0.504673 0.36989 0.0397253 0.033874 0.0518371
 0.608354 0.272379 0.0890644 0.00956528 0.020638
 0.559579 0.340985 0.0691551 0.0226128 0.00766841
 0.475145 0.381418 0.111053 0.0225226 0.00986206
 0.491102 0.332387 0.128272 0.0373474 0.0108911
 0.405758 0.395531 0.129789 0.0500869 0.0188359
 0.742406 0.150763 0.0711068 0.0233328 0.0123906
 0.578692 0.360665 0.0354932 0.0167402 0.00841014
 0.436956 0.414063 0.127536 0.012551 0.00889355
 0.578157 0.258131 0.120394 0.0370828 0.00623525
 0.423243 0.424914 0.0929147 0.043336 0.0155924
 0.0190049 0.588634 0.289064 0.0632088 0.0400884
pobs_pel_tallas
 0 0 0 0 0 0 0 0 0 0 0 0 0 0 0 0 0 0 0 0 0 0 0 0 0 0 0 0 0 0 0 0 0 0 0 0
 0 0 0 0 0 0 0 0 0 0 0 0 0 0 0 0 0 0 0 0 0 0 0 0 0 0 0 0 0 0 0 0 0 0 0 0
 0 0 0 0 0 0 0 0 0 0 0 0 0 0 0 0 0 0 0 0 0 0 0 0 0 0 0 0 0 0 0 0 0 0 0 0
 0 0 0 0 0 0 0 0 0 0 0 0 0 0 0 0 0 0 0 0 0 0 0 0 0 0 0 0 0 0 0 0 0 0 0 0
 0 0 0 0 0 0 0 0 0 0 0 0 0 0 0 0 0 0 0 0 0 0 0 0 0 0 0 0 0 0 0 0 0 0 0 0
 0 0 0 0 0 0 0 0 0 0 0 0 0 0 0 0 0 0 0 0 0 0 0 0 0 0 0 0 0 0 0 0 0 0 0 0
 0 0 0 0 0 0 0 0 0 0 0 0 0 0 0 0 0 0 0 0 0 0 0 0 0 0 0 0 0 0 0 0 0 0 0 0
 0 0 0 0 0 0 0 0 0 0 0 0 0 0 0 0 0 0 0 0 0 0 0 0 0 0 0 0 0 0 0 0 0 0 0 0
 0 0 0 0 0 0 0 0 0 0 0 0 0 0 0 0 0 0 0 0 0 0 0 0 0 0 0 0 0 0 0 0 0 0 0 0
 0 0 0 0 0 0 0 0 0 0 0 0 0 0 0 0 0 0 0 0 0 0 0 0 0 0 0 0 0 0 0 0 0 0 0 0
 0 0 0 0 0 0 0 0 1.78061e-05 0.00172719 0.00360574 0.0105946 0.0120993 0.0124554 0.0147524 0.0171206 0.0266825 0.0428682 0.0675386 0.121331 0.153587 0.119568 0.100827 0.0573624 0.0630603 0.0341343 0.0324427 0.0444173 0.0211091 0.0280891 0.0125444 0.00206551 0 0 0 0
 0 0 0 0 0 0 0 0 0 0 0 0 0 0 0 0 0 0 0 0 0 0 0 0 0 0 0 0 0 0 0 0 0 0 0 0
 0 0 0 0 0 0 0.0133647 0.0140871 0.0187388 0.0205184 0.03894 0.0496705 0.03968 0.0493445 0.0407372 0.0367815 0.0215668 0.0243155 0.0234873 0.0199281 0.019796 0.0243948 0.0301388 0.0376714 0.0412746 0.0863199 0.0771752 0.113111 0.0741005 0.0525337 0.0229764 0.00759418 0.00175318 0 0 0
 0 0 0 0 0 0 0 0 0 0 0.00219441 0.00772107 0.0458388 0.0604681 0.0671733 0.0775358 0.0609151 0.0617685 0.073594 0.0568108 0.0755445 0.0548602 0.0670107 0.0636378 0.0643287 0.046367 0.0373049 0.0286899 0.0247887 0.0153202 0.00654259 0.00121912 0.000365735 0 0 0
 0 0 0 0 0 0 0 0 0 0 0 0 0.000112435 0.00938835 0.0111873 0.0202946 0.0414886 0.0713402 0.111592 0.104902 0.108894 0.110636 0.117776 0.105296 0.107544 0.0401394 0.0192827 0.0124803 0.00416011 0.0028671 0.000618394 0 0 0 0 0
 0 0 0 0 0 0 0 0 0 0 0.00291406 0.0102884 0.027416 0.0768956 0.0749926 0.110853 0.0956884 0.0897413 0.0766577 0.0534642 0.0500743 0.0551293 0.0594112 0.0620874 0.0668451 0.0424026 0.0208742 0.0120726 0.0048766 0.00582813 0.00118941 0.000297354 0 0 0 0
 0 0.00264628 0.0354308 0.0461629 0.0458689 0.0383711 0.0214643 0.0164657 0.0346957 0.0420465 0.0363128 0.0245516 0.0311673 0.0291091 0.0169068 0.0133784 0.00837989 0.0085269 0.0148486 0.0160247 0.0276389 0.0546898 0.0760071 0.122758 0.109233 0.0665981 0.0333725 0.0166128 0.00676272 0.00308733 0.000882094 0 0 0 0 0
 0 0 0 0 0 0 0 0.000805153 0.000690131 0.00759144 0.0133425 0.0154129 0.00931677 0.000345066 0.00356568 0.00563607 0.00851162 0.0253048 0.0502646 0.0516448 0.0657925 0.0565908 0.0611916 0.0827007 0.0866115 0.110766 0.145733 0.0935128 0.0569358 0.0249597 0.0138026 0.00621118 0.00161031 0.00115022 0 0
 0 0 0 0 0 0 0 0 0 0 0 0 0 0 0 0 0 0 0 0 0 0 0 0 0 0 0 0 0 0 0 0 0 0 0 0
 0.00147267 0.00158595 0.00478618 0.00569244 0.00954404 0.0108468 0.00647125 0.017049 0.0510054 0.094081 0.124002 0.0959785 0.0687766 0.0820023 0.061753 0.0591476 0.0492212 0.0479892 0.0443925 0.0268479 0.0217502 0.0140895 0.0121071 0.0120363 0.00920419 0.00665534 0.0049561 0.00860946 0.00930331 0.0156896 0.0114698 0.00855282 0.00243557 0.00046729 0 2.83206e-05
 0 0 0 0 0.000772559 0.00158375 0.000888443 0.00281984 0.00712685 0.0440552 0.0773331 0.111326 0.0921469 0.0852325 0.0710754 0.0886704 0.0786465 0.0553345 0.0373146 0.0185414 0.00753245 0.00457741 0.012979 0.0271748 0.0457355 0.0583668 0.034881 0.0177882 0.00938659 0.00492506 0.0015258 0.00185414 0.000309023 5.79419e-05 3.86279e-05 0
 0 0.00173294 0.00326652 0 0.00397197 0.00683976 0.00946217 0.0152591 0.00757587 0.0136028 0.0228656 0.0392903 0.0559909 0.0764795 0.0681675 0.0726916 0.0566044 0.0477403 0.0527397 0.0444891 0.0609904 0.0582453 0.0661739 0.0445044 0.0529084 0.0360697 0.0280645 0.0235558 0.0158879 0.00826598 0.00280645 0.00217768 0.000904811 0.00058276 9.20147e-05 0
 0 0 0 0 0 0 0 0 0 0 0 0 0 0 0 0 0 0 0 0 0 0 0 0 0 0 0 0 0 0 0 0 0 0 0 0
 0 0 0 0 0 0 0 0 0 0 0 0 0 0 0 0 0 0 0 0 0 0 0 0 0 0 0 0 0 0 0 0 0 0 0 0
 0 0 0 0 0 0 0 0 0 0 0 0 0 0 0 0 0 0 0 0 0 0 0 0 0 0 0 0 0 0 0 0 0 0 0 0
ppred_pel_tallas
 1.05992e-16 1.23638e-06 7.16088e-06 3.38402e-05 0.000129953 0.000404942 0.00102354 0.00209941 0.00349948 0.00475867 0.00533389 0.00507497 0.00444094 0.0042247 0.0051084 0.00747549 0.0115008 0.0172643 0.024737 0.0336822 0.0435748 0.0536064 0.0627907 0.0701457 0.0749004 0.0766547 0.0754473 0.0717038 0.0660978 0.0593739 0.0521952 0.0450552 0.0382622 0.0319753 0.0262629 0.0211526
 1.1919e-16 3.37887e-06 1.97913e-05 9.40019e-05 0.000361786 0.00112805 0.00284936 0.00583098 0.00966896 0.0129959 0.0141705 0.0125676 0.00914724 0.00565014 0.0033454 0.00255287 0.00302515 0.00447962 0.00682349 0.0101189 0.014478 0.0199807 0.0266213 0.0342743 0.0426739 0.0514106 0.059951 0.0676816 0.0739759 0.0782764 0.0801769 0.079488 0.0762717 0.0708322 0.0636702 0.0554041
 1.31072e-16 1.39436e-06 8.13748e-06 3.85918e-05 0.000148432 0.000462709 0.00116887 0.00239302 0.00397214 0.00535115 0.00586718 0.0052803 0.00401001 0.00280889 0.00225154 0.00253755 0.00364179 0.00552078 0.00819018 0.0116968 0.0160685 0.0212853 0.0272742 0.0339179 0.0410658 0.0485364 0.056108 0.0635002 0.0703605 0.0762686 0.0807699 0.0834357 0.0839385 0.0821203 0.0780372 0.0719634
 1.28694e-16 1.13545e-05 6.66204e-05 0.000316644 0.00121904 0.00380137 0.0096019 0.0196469 0.0325678 0.0437402 0.047605 0.0420078 0.030108 0.0176502 0.00872369 0.00413821 0.00270455 0.00303616 0.00433695 0.00633734 0.00901887 0.0124326 0.0166221 0.0215941 0.0273016 0.0336291 0.0403792 0.0472652 0.0539164 0.0599011 0.0647684 0.0681048 0.0695949 0.069073 0.0665518 0.0622271
 1.03147e-16 3.81457e-05 0.000223906 0.00106439 0.00409804 0.0127794 0.0322796 0.0660472 0.109476 0.14701 0.15994 0.140992 0.100739 0.0584125 0.0276395 0.0109672 0.00416549 0.00228385 0.00231002 0.00297483 0.00385539 0.00480288 0.00572992 0.00656468 0.00725411 0.00777274 0.00812495 0.00833757 0.00844622 0.00848033 0.0084527 0.00835686 0.00817235 0.00787487 0.00744713 0.00688702
 1.01791e-16 1.21238e-05 7.10766e-05 0.000337696 0.00129987 0.00405327 0.0102389 0.020955 0.0347534 0.0467278 0.0509939 0.0453246 0.0331958 0.0208877 0.0129646 0.0105212 0.0124948 0.0175039 0.0245886 0.0330566 0.0421554 0.050931 0.0582995 0.0632458 0.0650564 0.0634951 0.0588624 0.051911 0.0436543 0.0351293 0.0271917 0.0203956 0.0149725 0.0108895 0.00794773 0.00588184
 1.02236e-16 3.27448e-05 0.000192191 0.000913601 0.00351743 0.0109688 0.0277063 0.0566903 0.0939689 0.126193 0.137311 0.121089 0.0866163 0.0504233 0.0242371 0.0102837 0.00497465 0.00409788 0.00508819 0.0068478 0.00896824 0.0112379 0.0134677 0.0154679 0.0170725 0.0181655 0.0186963 0.0186763 0.0181637 0.0172411 0.0159974 0.0145169 0.0128774 0.0111526 0.00941441 0.00773232
 1.01357e-16 2.81396e-05 0.000165137 0.000784947 0.00302202 0.00942383 0.023804 0.0487074 0.0807426 0.108449 0.118051 0.104217 0.0747934 0.0440356 0.0220907 0.010954 0.00761958 0.00851324 0.0114112 0.0152583 0.0194887 0.0236201 0.0271529 0.0296236 0.0307023 0.03027 0.0284461 0.0255516 0.0220242 0.0183139 0.0147932 0.0117049 0.00915437 0.00713564 0.00557473 0.00437212
 1.01079e-16 3.16676e-05 0.000185857 0.00088347 0.00340139 0.0106069 0.0267922 0.0548209 0.0908732 0.122045 0.132821 0.117186 0.0839467 0.0491157 0.0240677 0.0109947 0.00646154 0.0064116 0.00834553 0.0111341 0.0142613 0.0173587 0.0200649 0.0220432 0.0230467 0.0229731 0.0218861 0.0199915 0.0175809 0.0149611 0.0123928 0.0100547 0.00803692 0.00635709 0.00498714 0.00387953
 1.00928e-16 3.0661e-05 0.000179945 0.000855355 0.00329313 0.0102693 0.0259395 0.0530763 0.0879825 0.118166 0.128609 0.113492 0.0813497 0.0476946 0.0235542 0.0110674 0.00692434 0.00720718 0.00949338 0.012669 0.0161933 0.0196515 0.0226275 0.0247352 0.0256965 0.0254049 0.0239493 0.021585 0.018666 0.0155605 0.0125778 0.00992568 0.00770221 0.00591572 0.00451801 0.0034372
 1.02507e-16 1.0456e-05 6.12887e-05 0.000291171 0.00112075 0.00349469 0.00882797 0.0180678 0.0299668 0.0402974 0.0439907 0.0391339 0.0287354 0.0182272 0.0115691 0.00973535 0.011844 0.0167348 0.0236001 0.0318435 0.0407899 0.0495628 0.0571505 0.0625881 0.0651721 0.0646246 0.0611531 0.0553801 0.0481763 0.0404512 0.0329736 0.0262641 0.0205766 0.0159451 0.0122654 0.00937409
 1.08996e-16 7.9655e-06 4.66938e-05 0.000221845 0.000853918 0.00266267 0.00672601 0.0137649 0.0228267 0.0306857 0.0334715 0.0297133 0.0216833 0.0134931 0.00812681 0.00629657 0.00731732 0.0103305 0.0148074 0.0204564 0.0270007 0.034057 0.0411303 0.0476798 0.0532106 0.0573533 0.0599069 0.0608352 0.0602278 0.0582478 0.055089 0.0509545 0.0460577 0.0406296 0.0349233 0.0292038
 1.07981e-16 2.53189e-05 0.000148593 0.00070633 0.00271938 0.00848012 0.0214201 0.0438285 0.0726511 0.09757 0.10618 0.0936689 0.0670748 0.0391942 0.0191178 0.00859734 0.00489401 0.00478665 0.00632021 0.00866012 0.0114856 0.0146076 0.0178374 0.0209766 0.0238424 0.0262943 0.028245 0.0296534 0.0305065 0.0307994 0.0305242 0.0296725 0.0282491 0.0262888 0.0238681 0.0211056
 1.04271e-16 2.20337e-05 0.000129285 0.000614487 0.00236568 0.00737706 0.0186341 0.0381299 0.0632123 0.0849156 0.0924662 0.0817073 0.058806 0.0349599 0.0181632 0.0100396 0.00829862 0.01019 0.0139851 0.0188164 0.0241361 0.0294042 0.0340343 0.0374744 0.0393246 0.0394297 0.0379108 0.0351206 0.0315437 0.0276747 0.0239151 0.0205174 0.0175801 0.0150842 0.0129467 0.0110709
 1.02647e-16 2.65509e-05 0.000155813 0.000740625 0.00285138 0.0088917 0.0224599 0.045957 0.0761829 0.102324 0.111382 0.0983249 0.0705549 0.0415211 0.0207963 0.0102628 0.00708746 0.00790633 0.0106372 0.0143092 0.0184204 0.0225508 0.0262594 0.0291249 0.0308293 0.0312256 0.0303653 0.0284709 0.0258695 0.0229093 0.0198885 0.017014 0.0143962 0.0120683 0.0100183 0.00821779
 1.02229e-16 2.44268e-05 0.000143337 0.000681297 0.00262293 0.00817926 0.0206604 0.0422756 0.070083 0.094139 0.102493 0.0905285 0.0650697 0.0385127 0.0196957 0.0103882 0.00802067 0.00952205 0.0129734 0.0174387 0.0223684 0.0272494 0.0315303 0.0346893 0.0363428 0.0363316 0.0347541 0.0319281 0.0283026 0.0243476 0.0204595 0.0169058 0.0138174 0.0112147 0.00905125 0.00725495
 1.02936e-16 2.07469e-05 0.000121728 0.000578558 0.00222734 0.00694564 0.0175444 0.0359005 0.0595174 0.0799556 0.0870745 0.0769652 0.0554418 0.033058 0.0173564 0.00988519 0.00850888 0.010656 0.0147085 0.0198442 0.0255225 0.0311903 0.0362345 0.0400665 0.0422445 0.0425706 0.0411286 0.0382451 0.0343946 0.0300811 0.0257352 0.0216561 0.0180016 0.0148161 0.0120751 0.00972711
 1.03722e-16 2.14407e-05 0.000125806 0.000597955 0.00230204 0.00717859 0.0181328 0.0371039 0.0615108 0.0826283 0.0899711 0.0794923 0.0571899 0.0339557 0.0175641 0.00959082 0.00780593 0.00953875 0.0131232 0.0177434 0.0229054 0.0281285 0.0328817 0.0366493 0.0390341 0.0398412 0.0391114 0.0370903 0.03415 0.0306919 0.0270631 0.0235095 0.0201702 0.0171005 0.0143088 0.0117871
 1.04573e-16 1.77218e-05 0.000103967 0.000494118 0.00190222 0.00593175 0.0149835 0.0306607 0.0508329 0.0682957 0.0743946 0.0658006 0.0474934 0.0285075 0.0153142 0.00927147 0.00859346 0.0111149 0.0154671 0.0209328 0.0270008 0.0331165 0.0386532 0.0430028 0.0457017 0.0465306 0.0455526 0.0430747 0.0395518 0.0354683 0.0312373 0.027144 0.0233402 0.0198741 0.0167368 0.0139022
 1.0244e-16 3.23913e-05 0.000190112 0.000903712 0.00347935 0.01085 0.0274063 0.0560768 0.092953 0.124832 0.135838 0.119809 0.0857434 0.0499999 0.0241913 0.010532 0.00548343 0.00488294 0.00618395 0.00827415 0.0107048 0.0132086 0.0155378 0.0174569 0.0187812 0.0194128 0.0193558 0.0187034 0.017604 0.0162203 0.0146933 0.0131244 0.0115734 0.0100698 0.00862874 0.00726258
 1.0159e-16 2.5261e-05 0.000148232 0.000704567 0.00271252 0.00845865 0.0213661 0.0437197 0.0724771 0.0973551 0.105996 0.0936237 0.0672981 0.0398386 0.0203856 0.0107683 0.00832693 0.0098804 0.013435 0.0180091 0.0230172 0.0279107 0.0321043 0.035051 0.0363595 0.0358859 0.0337664 0.0303749 0.0262238 0.0218416 0.0176679 0.0139919 0.0109423 0.00851731 0.00663499 0.00518199
 1.02793e-16 1.9083e-05 0.000111957 0.000532097 0.00204844 0.00638774 0.0161353 0.0330175 0.0547398 0.0735433 0.0801069 0.0708436 0.0511127 0.0306385 0.0163823 0.00979746 0.00894945 0.0114949 0.0159492 0.0215325 0.0276914 0.0338319 0.0392876 0.043417 0.0457379 0.0460334 0.044394 0.0411755 0.0368968 0.0321109 0.0272935 0.0227784 0.0187455 0.0152497 0.0122682 0.00974534
 1.03359e-16 2.52337e-05 0.000148081 0.000703868 0.00270986 0.00845038 0.0213451 0.0436761 0.072402 0.0972461 0.105855 0.0934492 0.0670624 0.0394785 0.0197982 0.00981464 0.00684167 0.00769085 0.010394 0.0140404 0.0181654 0.0223795 0.0262683 0.029428 0.0315418 0.0324446 0.0321488 0.0308231 0.0287341 0.0261743 0.0234002 0.0205985 0.0178821 0.015307 0.0128988 0.0106734
 1.03676e-16 1.84854e-05 0.000108447 0.000515412 0.0019842 0.00618739 0.0156292 0.0319821 0.053024 0.0712401 0.0776034 0.0686422 0.0495518 0.0297575 0.0160104 0.0097274 0.00904352 0.0116942 0.0162401 0.0219147 0.0281608 0.0343733 0.0398748 0.0440174 0.0463206 0.0465792 0.044903 0.0416711 0.0374226 0.0327219 0.0280431 0.0237052 0.0198629 0.0165417 0.0136914 0.0112366
 1.08341e-16 8.65776e-07 4.98872e-06 2.35215e-05 9.02366e-05 0.000281099 0.000710683 0.00145901 0.00243701 0.00332896 0.00377063 0.00367833 0.00340252 0.00354083 0.00463157 0.00702 0.0109096 0.0164221 0.0235629 0.0321295 0.0416423 0.0513525 0.0603417 0.0676925 0.0726799 0.0749204 0.0744334 0.0715915 0.0669905 0.0612852 0.0550513 0.048708 0.0425101 0.0365878 0.0310044 0.0258042
pSPR Fmed_Fpbrs
0.519109   0.255602 0.255602
Fs Fmed_Fpbrs
0.376223   1.005 1.005
SSBpbr Bo_Bmed_Bpbrs
1.05538e+06  495089  216988 216988
Ro
20333
SPR SPRFo_SPRFmed_SPRFpbrs
417595 216777 106738
log_Ro
9.74
likeval ReclasPelacesDesembMPH_pf_preclas_ppelaces_ptallas_desvR_qrecl_qpela
 99.7358 127.116 0.130298 0.000569827 408.444 212.982 89.9047 0 56.5664 0 0 0 0 0 0
q_reclas_q_pelaces
1 1
M
0.7
N
 5355.98 63274.3 31234.6 4193.52 0.13422
 7308.35 2534.07 28522.8 14080 1890.42
 1125.75 3324.26 1055.79 11883.7 6653.85
 3779.63 397.252 833.59 264.748 4648.45
 51692.7 1598.09 143.014 300.098 1768.79
 14978.9 24861.7 744.407 66.6172 963.707
 55773.8 5120.01 5849.45 175.144 242.414
 66364.8 21613.2 1548.3 1768.88 126.27
 117011 22542.6 5021.78 359.743 440.335
 213917 43037.1 6141.08 1368.04 217.958
 57642.4 92526.4 16214.1 2313.62 597.517
 20925.1 22614.5 28678.9 5025.61 902.32
 52225.4 8198.6 6991 8865.73 1832.55
 27752 17742.4 1905.48 1624.82 2486.45
 19438.8 7048.56 2304.79 247.528 534.067
 14197.7 5399.09 1094.99 358.047 121.42
 11102.4 5398.07 1571.69 318.754 139.574
 11124.3 4375.97 1688.74 491.689 143.384
 8053.3 4608.1 1512.09 583.534 219.446
 27867.4 3296.36 1554.71 510.16 270.915
 34903.8 11513.1 1133.02 534.381 268.469
 31633.8 16185.1 4985.2 490.597 347.635
 57988.3 14320.2 6679.02 2057.22 345.909
 45634.1 25498.3 5575.64 2600.51 935.672
 1086.05 19916.4 9780.48 2138.67 1356.39
pred_Ctot
 182.453 4220.87 2083.58 279.739 0.00895347
 443.888 296.384 3336.02 1646.79 221.103
 238.93 1230.27 390.734 4398 2462.51
 407.55 80.0399 167.955 53.3425 936.587
 1172.54 71.4891 6.39758 13.4246 79.125
 3430.14 9814.76 293.873 26.2988 380.447
 8936.51 1481.24 1692.27 50.6699 70.1316
 15412.6 8634.02 618.513 706.632 50.4424
 22202.6 7572.68 1686.95 120.848 147.921
 20001.4 7588.85 1082.87 241.23 38.4331
 8822.45 25691.5 4502.11 642.418 165.911
 3218.81 6307.71 7999.21 1401.76 251.678
 12124.9 3274.27 2792 3540.71 731.864
 10128.7 10142.9 1089.32 928.868 1421.44
 6367.97 3715.48 1214.92 130.479 281.521
 2429.94 1656.4 335.935 109.846 37.2509
 1669.12 1474.91 429.433 87.0931 38.1359
 1340.61 977.326 377.161 109.813 32.0233
 1029.19 1086.23 356.433 137.551 51.7281
 3403.59 745.339 351.535 115.352 61.2564
 1668.65 1068.59 105.16 49.5983 24.9178
 2021.98 1988.15 612.375 60.2642 42.7029
 4809.69 2255.16 1051.82 323.974 54.4743
 4004.82 4235.64 926.196 431.984 155.429
 145.616 4905.3 2408.87 526.742 334.071
F
 0.0483876 0.0967752 0.0967752 0.0967752 0.0967752
 0.0877694 0.175539 0.175539 0.175539 0.175539
 0.341631 0.683263 0.683263 0.683263 0.683263
 0.160816 0.321632 0.321632 0.321632 0.321632
 0.0319885 0.0639769 0.0639769 0.0639769 0.0639769
 0.37349 0.74698 0.74698 0.74698 0.74698
 0.247999 0.495999 0.495999 0.495999 0.495999
 0.37976 0.759521 0.759521 0.759521 0.759521
 0.300203 0.600406 0.600406 0.600406 0.600406
 0.138092 0.276185 0.276185 0.276185 0.276185
 0.235666 0.471332 0.471332 0.471332 0.471332
 0.236984 0.473969 0.473969 0.473969 0.473969
 0.379614 0.759228 0.759228 0.759228 0.759228
 0.670482 1.34096 1.34096 1.34096 1.34096
 0.58104 1.16208 1.16208 1.16208 1.16208
 0.267039 0.534078 0.534078 0.534078 0.534078
 0.23103 0.462061 0.462061 0.462061 0.462061
 0.181317 0.362634 0.362634 0.362634 0.362634
 0.193263 0.386526 0.386526 0.386526 0.386526
 0.183968 0.367937 0.367937 0.367937 0.367937
 0.0685073 0.137015 0.137015 0.137015 0.137015
 0.0925593 0.185119 0.185119 0.185119 0.185119
 0.121631 0.243262 0.243262 0.243262 0.243262
 0.129111 0.258222 0.258222 0.258222 0.258222
 0.203662 0.407325 0.407325 0.407325 0.407325
nmprior
 10.6 11 7 0
nm_flota  nm_reclas  nm_pelaces    nm_pelaL
inf 12.0722 8.86874 17.0695
cv_recla  cv_pelaces  cv_mph
0.903338 1.27842 0.774479
 ------------------------------------------------
Talla a la edad & desviación 
 7.2 14.2025 17.0495 18.207 18.6776
 1.08 2.13037 2.55742 2.73105 2.80164
