years
 1997 1998 1999 2000 2001 2002 2003 2004 2005 2006 2007 2008 2009 2010 2011 2012 2013 2014 2015 2016 2017 2018 2019 2020 2021
reclasobs
 0 0 0 370054 412103 1.49427e+06 250295 1.28982e+06 931140 785840 897777 1.04006e+06 184774 17550 25797 100020 73551 82996 120727 218422 84188 347160 605670 569463 516374
reclaspred
 511801 126054 300261 204485 338043 401154 876730 606909 704045 742897 614138 423132 272225 114909 66488.8 63707.2 77244.6 100031 105018 149550 220693 204783 356577 441090 433639
pelacesobs
 0 0 0 0 0 0 0 0 0 2.06254e+06 1.5e+06 0 1.87456e+06 323000 250000 174000 83755 137374 0 501740 490994 745055 786931 1.00524e+06 1.33801e+06
pelacespred
 2.19936e+06 456234 673389 714631 1.04676e+06 951741 2.62396e+06 2.06809e+06 2.23645e+06 2.34293e+06 1.67517e+06 1.20983e+06 779583 255971 153399 156661 199283 268643 278617 398867 677586 584072 808988 1.19844e+06 1.18107e+06
mphobs
 0 0 0 0 0 112323 0 153150 637223 0 255016 313432 73983 77613 109348 50772 0 0 0 0 0 0 0 0 0
mphpred
 207614 110264 115482 107093 125232 215623 305381 366812 321151 349968 377936 262493 166102 89462.6 36787.4 28090.5 33430.2 43565.5 52658.3 60223.5 92558.8 111377 140172 199663 250640
desembarqueobs
 350755 77701 442110 56441 14545 235359 269955 359681 431902 328805 639364 411747 362871 311530 167758 66681 60226 58785 57116 73181 50977 67692 138656 160484 209506
desembarquepred
 350756 77694.5 442034 56441.8 14545 235404 269993 359616 431875 328772 639162 411716 362871 311517 167541 66665.4 60240.6 58768 57095 73169.9 50975.8 67675.2 138647 160478 209492
Reclutas
 35750.8 44972.8 20804.9 35225 63339.5 44435.7 74642 78700.3 102648 125453 64856.3 46740.4 48494.4 24225.3 14175.5 14432 10255.3 11318.3 12789.3 21394.9 25819.9 35078.1 56244.2 61887.7 20208.1
log_desv_Rt
 0.0243282 0.253813 -0.517057 0.00951065 0.596265 0.241797 0.760458 0.813402 1.07907 1.27969 0.61993 0.292363 0.329204 -0.364845 -0.900732 -0.882795 -1.22445 -1.12582 -1.00363 -0.489091 -0.301101 0.00533125 0.477459 0.573076 -0.546163
SSB
 522519 277510 290643 269528 315182 542676 768576 923184 808266 880791 951180 660636 418042 225157 92585.6 70697.4 84136.5 109645 132529 151569 232950 280310 352783 502507 630806
BT
 1.60812e+06 410977 647504 493848 646801 762578 1.77574e+06 1.6577e+06 1.75096e+06 1.73432e+06 1.58306e+06 1.10787e+06 822182 444126 229524 149152 168464 210036 217238 300214 452461 417930 584604 856978 886904
Ftot
 0.605841 0.595562 1.07103 0.254141 0.0435569 0.404513 0.26893 0.522963 0.582358 0.413888 0.752085 0.707438 1.11283 1.97767 2.27396 0.988673 0.694553 0.510462 0.430015 0.450558 0.199635 0.260334 0.306458 0.29699 0.314085
BD_Bspro_t
 0.925509 0.666163 0.576203 0.381611 0.546968 0.727128 0.671119 0.681584 0.618128 0.592728 0.58093 0.417976 0.315797 0.22116 0.116278 0.110526 0.173547 0.280723 0.375759 0.467466 0.600309 0.702572 0.715147 0.723087 0.713868
BD_Bspro
 0.729169 0.387262 0.405588 0.376124 0.439832 0.757297 1.07254 1.28829 1.12793 1.22913 1.32736 0.921909 0.583373 0.314205 0.129202 0.0986574 0.117411 0.153008 0.184943 0.211513 0.325079 0.39117 0.492304 0.701242 0.880282
BD_Bo
 0.586724 0.31161 0.326356 0.302647 0.35391 0.609357 0.863016 1.03662 0.907583 0.989019 1.06806 0.741812 0.46941 0.252824 0.103962 0.0793844 0.0944748 0.123117 0.148814 0.170193 0.261574 0.314754 0.396131 0.564253 0.708316
BD_Brms
 1.97416 1.04848 1.09809 1.01832 1.1908 2.05031 2.9038 3.48793 3.05375 3.32776 3.5937 2.49598 1.57943 0.850679 0.349803 0.267106 0.31788 0.414255 0.500716 0.572652 0.880121 1.05906 1.33287 1.89855 2.38328
S_f
 0.155438 1 1 1 1
 0.155438 1 1 1 1
 0.155438 1 1 1 1
 0.155438 1 1 1 1
 0.155438 1 1 1 1
 0.155438 1 1 1 1
 0.155438 1 1 1 1
 0.155438 1 1 1 1
 0.155438 1 1 1 1
 0.155438 1 1 1 1
 0.155438 1 1 1 1
 0.155438 1 1 1 1
 0.155438 1 1 1 1
 0.155438 1 1 1 1
 0.155438 1 1 1 1
 0.155438 1 1 1 1
 0.155438 1 1 1 1
 0.155438 1 1 1 1
 0.155438 1 1 1 1
 0.155438 1 1 1 1
 0.155438 1 1 1 1
 0.155438 1 1 1 1
 0.155438 1 1 1 1
 0.155438 1 1 1 1
 0.155438 1 1 1 1
Scru_reclas
 0.879273 1 1 1 1
 0.879273 1 1 1 1
 0.879273 1 1 1 1
 0.879273 1 1 1 1
 0.879273 1 1 1 1
 0.879273 1 1 1 1
 0.879273 1 1 1 1
 0.879273 1 1 1 1
 0.879273 1 1 1 1
 0.879273 1 1 1 1
 0.879273 1 1 1 1
 0.879273 1 1 1 1
 0.879273 1 1 1 1
 0.879273 1 1 1 1
 0.879273 1 1 1 1
 0.879273 1 1 1 1
 0.879273 1 1 1 1
 0.879273 1 1 1 1
 0.879273 1 1 1 1
 0.879273 1 1 1 1
 0.879273 1 1 1 1
 0.879273 1 1 1 1
 0.879273 1 1 1 1
 0.879273 1 1 1 1
 0.879273 1 1 1 1
Scru_pelaces
 1 1 1 1 1
 1 1 1 1 1
 1 1 1 1 1
 1 1 1 1 1
 1 1 1 1 1
 1 1 1 1 1
 1 1 1 1 1
 1 1 1 1 1
 1 1 1 1 1
 1 1 1 1 1
 1 1 1 1 1
 1 1 1 1 1
 1 1 1 1 1
 1 1 1 1 1
 1 1 1 1 1
 1 1 1 1 1
 1 1 1 1 1
 1 1 1 1 1
 1 1 1 1 1
 1 1 1 1 1
 1 1 1 1 1
 1 1 1 1 1
 1 1 1 1 1
 1 1 1 1 1
 1 1 1 1 1
pf_obs 
 0.256992 0.487395 0.22802 0.0275931 0
 0.321318 0.546541 0.124235 0.00734118 0.000564706
 0.182869 0.594174 0.210203 0.0122559 0.00049798
 0.330522 0.361315 0.267642 0.0388342 0.00168674
 0.649043 0.306663 0.0425973 0.00169635 0
 0.582887 0.30429 0.105238 0.00758474 0
 0.465427 0.430635 0.0974691 0.00646863 0
 0.296916 0.608066 0.0921331 0.00288517 0
 0.311714 0.524322 0.152257 0.0117073 0
 0.15457 0.633149 0.183074 0.0267441 0.00246327
 0.131901 0.49318 0.331252 0.0422183 0.00144891
 0.196976 0.569456 0.194076 0.0375587 0.00193317
 0.518974 0.381816 0.0799577 0.0180837 0.00116848
 0.0928022 0.601141 0.25162 0.0475244 0.00691264
 0.122501 0.610282 0.24278 0.0234846 0.000952079
 0.383417 0.481906 0.127806 0.00687128 0
 0.0376549 0.599619 0.316969 0.0457579 0
 0.0361596 0.667082 0.258105 0.0386534 0
 0.158088 0.579412 0.248529 0.0139706 0
 0.0477256 0.309471 0.559284 0.082774 0.000745712
 0.0406174 0.521527 0.379366 0.0568643 0.0016247
 0.151134 0.462217 0.34131 0.0453401 0
 0.294876 0.26143 0.354403 0.0886775 0.000613685
 0.281977 0.475581 0.204845 0.0348837 0.00271318
 0.0354234 0.537034 0.353287 0.0723622 0.0018943
pf_pred 
 0.281562 0.502727 0.192506 0.023192 1.24601e-05
 0.291738 0.547389 0.112571 0.0431062 0.00519597
 0.150382 0.663186 0.144086 0.0296314 0.0127143
 0.312926 0.455811 0.180517 0.0392197 0.0115264
 0.313681 0.527126 0.10561 0.0418253 0.0117577
 0.160821 0.629467 0.161068 0.0322702 0.0163728
 0.270348 0.437953 0.218803 0.0559875 0.0169083
 0.232201 0.561035 0.124104 0.0620028 0.0206567
 0.279894 0.515299 0.149654 0.0331042 0.0220491
 0.271928 0.560077 0.120215 0.0349132 0.0128669
 0.142971 0.639503 0.167334 0.0359168 0.0142753
 0.164944 0.509317 0.243061 0.0636002 0.0190769
 0.252224 0.481502 0.162406 0.0775048 0.0263632
 0.210911 0.626182 0.104898 0.035381 0.0226282
 0.28711 0.594916 0.0936188 0.015683 0.00867279
 0.362963 0.574125 0.052501 0.00826181 0.00214938
 0.220711 0.668975 0.09942 0.00909149 0.00180288
 0.249255 0.540766 0.180254 0.0267886 0.00293547
 0.246506 0.552271 0.144943 0.0483139 0.007967
 0.321764 0.489635 0.138234 0.0362794 0.0140872
 0.256564 0.588685 0.111719 0.0315405 0.011492
 0.254905 0.528688 0.17136 0.0325202 0.0125264
 0.294165 0.503869 0.143307 0.0464491 0.0122104
 0.233313 0.580107 0.133193 0.0378816 0.015506
 0.0767325 0.640027 0.214311 0.0492059 0.0197232
pobs_RECLAS
 0 0 0 0 0
 0 0 0 0 0
 0 0 0 0 0
 0 0 0 0 0
 0.835266 0.146461 0.0176864 0.000547809 3.91292e-05
 0.385257 0.428462 0.181853 0.0044286 0
 0.867414 0.0963971 0.0333333 0.00285562 0
 0.441836 0.489002 0.0689373 0.000224442 0
 0.779404 0.147425 0.0564933 0.0165055 0.000172143
 0.814271 0.122319 0.05973 0.00367925 0
 0.40263 0.566651 0.0304383 0.000280538 0
 0.475488 0.404961 0.113038 0.00651328 0
 0.955842 0.0263864 0.0167828 0.000988607 0
 0.975058 0.0227948 0.00214734 0 0
 0.738997 0.206755 0.0527124 0.00153531 0
 0.850938 0.134255 0.0134407 0.00136685 0
 0.542534 0.407297 0.0501686 0 0
 0.764087 0.199537 0.0359546 0.000420521 0
 0.470689 0.182191 0.310203 0.0369168 0
 0.84361 0.089868 0.0606195 0.00523954 0.000663233
 0.607945 0.314616 0.071237 0.00620181 0
 0.523733 0.453247 0.0230204 0 0
 0.530135 0.295979 0.169645 0.0042399 0
 0.562478 0.366248 0.0663022 0.0049721 0
 0.250443 0.683176 0.0655157 0.000865301 0
ppred_RECLAS
 0.698475 0.210992 0.080794 0.00973357 5.22944e-06
 0.70865 0.225173 0.0463071 0.0177321 0.00213741
 0.524377 0.371257 0.0806605 0.0165879 0.00711756
 0.72339 0.183505 0.0726745 0.0157895 0.00464041
 0.721535 0.213875 0.04285 0.0169701 0.00477055
 0.526702 0.35502 0.0908428 0.0182004 0.00923429
 0.680481 0.191782 0.0958151 0.0245172 0.00740426
 0.639497 0.263422 0.0582703 0.0291121 0.0096989
 0.696262 0.217351 0.0631236 0.0139633 0.00930024
 0.684587 0.242635 0.0520793 0.015125 0.00557414
 0.500182 0.372957 0.0975893 0.0209466 0.00832532
 0.541153 0.27986 0.133557 0.0349471 0.0104824
 0.678716 0.206879 0.0697782 0.0333002 0.011327
 0.657947 0.271436 0.0454708 0.0153369 0.00980882
 0.754396 0.204959 0.0322534 0.00540307 0.00298793
 0.778381 0.199733 0.0182646 0.00287421 0.000747751
 0.628089 0.319264 0.0474476 0.00433886 0.000860416
 0.660473 0.244563 0.0815206 0.0121152 0.00132758
 0.655607 0.252421 0.0662476 0.0220824 0.0036414
 0.734417 0.191731 0.0541297 0.0142063 0.00551626
 0.6638 0.266218 0.0505219 0.0142634 0.00519697
 0.662761 0.23929 0.0775598 0.014719 0.00566958
 0.706051 0.209839 0.0596808 0.019344 0.00508508
 0.636716 0.274875 0.0631114 0.0179496 0.00734731
 0.323986 0.468626 0.156918 0.0360285 0.0144413
pobs_PELACES
 0 0 0 0 0
 0 0 0 0 0
 0 0 0 0 0
 0 0 0 0 0
 0 0 0 0 0
 0 0 0 0 0
 0 0 0 0 0
 0 0 0 0 0
 0 0 0 0 0
 0 0 0 0 0
 0.450072 0.473896 0.0757376 0.000293798 0
 0 0 0 0 0
 0.463077 0.371075 0.160297 0.00555027 0
 0.529543 0.364841 0.0842815 0.0213345 0
 0.631943 0.363953 0.00410389 0 0
 0.735681 0.248677 0.0153453 0.000297389 0
 0.695825 0.281241 0.0229344 0 0
 0.275771 0.60734 0.115278 0.00161068 0
 0 0 0 0 0
 0.896147 0.0623911 0.0374545 0.00400742 0
 0.803859 0.145111 0.0509908 3.86294e-05 0
 0.739449 0.233085 0.0266225 0.000797448 4.60066e-05
 0.878498 0.100942 0.0204185 0.000141795 0
 0.694673 0.275183 0.0284847 0.00165964 0
 0.469039 0.446079 0.0841089 0.000773354 0
ppred_PELACES
 0.757231 0.169877 0.0650502 0.00783686 4.21042e-06
 0.765573 0.18118 0.0372597 0.0142677 0.00171981
 0.628257 0.290171 0.0630436 0.012965 0.00556303
 0.761484 0.158234 0.0626661 0.013615 0.00400135
 0.748925 0.192838 0.0386352 0.0153009 0.00430131
 0.586208 0.310385 0.0794215 0.0159122 0.00807331
 0.723041 0.166237 0.0830525 0.0212515 0.00641802
 0.700062 0.219167 0.0484808 0.0242212 0.00806947
 0.754086 0.175973 0.0511064 0.011305 0.0075297
 0.734767 0.204033 0.0437938 0.0127187 0.00468733
 0.583947 0.310453 0.0812342 0.0174362 0.00693007
 0.620298 0.231588 0.110521 0.0289192 0.00867432
 0.766148 0.15058 0.0507892 0.0242381 0.00824457
 0.791503 0.165453 0.0277166 0.00934855 0.00597894
 0.868141 0.110038 0.0173161 0.00290078 0.00160415
 0.8403 0.143928 0.0131616 0.00207117 0.000538832
 0.699782 0.257719 0.0383011 0.00350246 0.000694553
 0.718358 0.202869 0.0676224 0.0100497 0.00110124
 0.709362 0.213022 0.0559073 0.0186357 0.00307303
 0.780979 0.158116 0.0446396 0.0117156 0.00454914
 0.703615 0.23469 0.0445387 0.0125742 0.00458151
 0.706167 0.208491 0.0675771 0.0128246 0.00493985
 0.748448 0.179574 0.0510729 0.016554 0.00435164
 0.684077 0.23904 0.0548837 0.0156096 0.00638945
 0.373012 0.43464 0.145538 0.0334156 0.013394
pobs_pel_tallas
 0 0 0 0 0 0 0 0 0 0 0 0 0 0 0 0 0 0 0 0 0 0 0 0 0 0 0 0 0 0 0 0 0 0 0 0
 0 0 0 0 0 0 0 0 0 0 0 0 0 0 0 0 0 0 0 0 0 0 0 0 0 0 0 0 0 0 0 0 0 0 0 0
 0 0 0 0 0 0 0 0 0 0 0 0 0 0 0 0 0 0 0 0 0 0 0 0 0 0 0 0 0 0 0 0 0 0 0 0
 0 0 0 0 0 0 0 0 0 0 0 0 0 0 0 0 0 0 0 0 0 0 0 0 0 0 0 0 0 0 0 0 0 0 0 0
 0 0 0 0 0 0 0 0 0 0 0 0 0 0 0 0 0 0 0 0 0 0 0 0 0 0 0 0 0 0 0 0 0 0 0 0
 0 0 0 0 0 0 0 0 0 0 0 0 0 0 0 0 0 0 0 0 0 0 0 0 0 0 0 0 0 0 0 0 0 0 0 0
 0 0 0 0 0 0 0 0 0 0 0 0 0 0 0 0 0 0 0 0 0 0 0 0 0 0 0 0 0 0 0 0 0 0 0 0
 0 0 0 0 0 0 0 0 0 0 0 0 0 0 0 0 0 0 0 0 0 0 0 0 0 0 0 0 0 0 0 0 0 0 0 0
 0 0 0 0 0 0 0 0 0 0 0 0 0 0 0 0 0 0 0 0 0 0 0 0 0 0 0 0 0 0 0 0 0 0 0 0
 0 0 0 0 0 0 0 0 0 0 0 0 0 0 0 0 0 0 0 0 0 0 0 0 0 0 0 0 0 0 0 0 0 0 0 0
 0 0 0 0 0 0 0 0 1.78061e-05 0.00172719 0.00360574 0.0105946 0.0120993 0.0124554 0.0147524 0.0171206 0.0266825 0.0428682 0.0675386 0.121331 0.153587 0.119568 0.100827 0.0573624 0.0630603 0.0341343 0.0324427 0.0444173 0.0211091 0.0280891 0.0125444 0.00206551 0 0 0 0
 0 0 0 0 0 0 0 0 0 0 0 0 0 0 0 0 0 0 0 0 0 0 0 0 0 0 0 0 0 0 0 0 0 0 0 0
 0 0 0 0 0 0 0.0133647 0.0140871 0.0187388 0.0205184 0.03894 0.0496705 0.03968 0.0493445 0.0407372 0.0367815 0.0215668 0.0243155 0.0234873 0.0199281 0.019796 0.0243948 0.0301388 0.0376714 0.0412746 0.0863199 0.0771752 0.113111 0.0741005 0.0525337 0.0229764 0.00759418 0.00175318 0 0 0
 0 0 0 0 0 0 0 0 0 0 0.00219441 0.00772107 0.0458388 0.0604681 0.0671733 0.0775358 0.0609151 0.0617685 0.073594 0.0568108 0.0755445 0.0548602 0.0670107 0.0636378 0.0643287 0.046367 0.0373049 0.0286899 0.0247887 0.0153202 0.00654259 0.00121912 0.000365735 0 0 0
 0 0 0 0 0 0 0 0 0 0 0 0 0.000112435 0.00938835 0.0111873 0.0202946 0.0414886 0.0713402 0.111592 0.104902 0.108894 0.110636 0.117776 0.105296 0.107544 0.0401394 0.0192827 0.0124803 0.00416011 0.0028671 0.000618394 0 0 0 0 0
 0 0 0 0 0 0 0 0 0 0 0.00291406 0.0102884 0.027416 0.0768956 0.0749926 0.110853 0.0956884 0.0897413 0.0766577 0.0534642 0.0500743 0.0551293 0.0594112 0.0620874 0.0668451 0.0424026 0.0208742 0.0120726 0.0048766 0.00582813 0.00118941 0.000297354 0 0 0 0
 0 0.00264628 0.0354308 0.0461629 0.0458689 0.0383711 0.0214643 0.0164657 0.0346957 0.0420465 0.0363128 0.0245516 0.0311673 0.0291091 0.0169068 0.0133784 0.00837989 0.0085269 0.0148486 0.0160247 0.0276389 0.0546898 0.0760071 0.122758 0.109233 0.0665981 0.0333725 0.0166128 0.00676272 0.00308733 0.000882094 0 0 0 0 0
 0 0 0 0 0 0 0 0.000805153 0.000690131 0.00759144 0.0133425 0.0154129 0.00931677 0.000345066 0.00356568 0.00563607 0.00851162 0.0253048 0.0502646 0.0516448 0.0657925 0.0565908 0.0611916 0.0827007 0.0866115 0.110766 0.145733 0.0935128 0.0569358 0.0249597 0.0138026 0.00621118 0.00161031 0.00115022 0 0
 0 0 0 0 0 0 0 0 0 0 0 0 0 0 0 0 0 0 0 0 0 0 0 0 0 0 0 0 0 0 0 0 0 0 0 0
 0.00147267 0.00158595 0.00478618 0.00569244 0.00954404 0.0108468 0.00647125 0.017049 0.0510054 0.094081 0.124002 0.0959785 0.0687766 0.0820023 0.061753 0.0591476 0.0492212 0.0479892 0.0443925 0.0268479 0.0217502 0.0140895 0.0121071 0.0120363 0.00920419 0.00665534 0.0049561 0.00860946 0.00930331 0.0156896 0.0114698 0.00855282 0.00243557 0.00046729 0 2.83206e-05
 0 0 0 0 0.000772559 0.00158375 0.000888443 0.00281984 0.00712685 0.0440552 0.0773331 0.111326 0.0921469 0.0852325 0.0710754 0.0886704 0.0786465 0.0553345 0.0373146 0.0185414 0.00753245 0.00457741 0.012979 0.0271748 0.0457355 0.0583668 0.034881 0.0177882 0.00938659 0.00492506 0.0015258 0.00185414 0.000309023 5.79419e-05 3.86279e-05 0
 0 0.00173294 0.00326652 0 0.00397197 0.00683976 0.00946217 0.0152591 0.00757587 0.0136028 0.0228656 0.0392903 0.0559909 0.0764795 0.0681675 0.0726916 0.0566044 0.0477403 0.0527397 0.0444891 0.0609904 0.0582453 0.0661739 0.0445044 0.0529084 0.0360697 0.0280645 0.0235558 0.0158879 0.00826598 0.00280645 0.00217768 0.000904811 0.00058276 9.20147e-05 0
 0 0 0 0 0 0 0 0 0 0 0 0 0 0 0 0 0 0 0 0 0 0 0 0 0 0 0 0 0 0 0 0 0 0 0 0
 0 0 0 0 0 0 0 0 0 0 0 0 0 0 0 0 0 0 0 0 0 0 0 0 0 0 0 0 0 0 0 0 0 0 0 0
 0 0 0 0 0 0 0 0 0 0 0 0 0 0 0 0 0 0 0 0 0 0 0 0 0 0 0 0 0 0 0 0 0 0 0 0
ppred_pel_tallas
 1.01249e-16 3.30385e-05 0.00019391 0.000921765 0.00354885 0.0110668 0.0279537 0.0571971 0.0948104 0.127327 0.138557 0.122215 0.0874813 0.0510463 0.0247584 0.010881 0.00580825 0.00529419 0.00673527 0.0089827 0.0115559 0.0141523 0.0164877 0.0182949 0.0193707 0.0196183 0.0190643 0.0178434 0.0161579 0.0142263 0.0122396 0.0103352 0.0085922 0.00704248 0.00568824 0.00451859
 1.01159e-16 3.34026e-05 0.000196047 0.000931922 0.00358795 0.0111887 0.0282618 0.0578274 0.0958554 0.128731 0.140086 0.123568 0.0884573 0.0516312 0.0250701 0.011064 0.00596778 0.00548688 0.00698373 0.00928724 0.0118978 0.0144939 0.0167735 0.0184578 0.0193424 0.0193422 0.0185086 0.0170099 0.0150839 0.0129799 0.0109084 0.00901193 0.00736065 0.00596641 0.00480561 0.00384102
 1.01695e-16 2.74195e-05 0.000160911 0.000764857 0.00294467 0.00918263 0.0231947 0.0474607 0.0786758 0.105673 0.115028 0.101546 0.0728721 0.0428957 0.0215039 0.010641 0.00737985 0.0082422 0.0110694 0.0148458 0.0190354 0.0231851 0.0268213 0.0294981 0.0308873 0.0308523 0.0294759 0.0270288 0.0238948 0.0204766 0.0171155 0.0140439 0.011378 0.00913904 0.00728985 0.00576969
 1.01597e-16 3.32234e-05 0.000194997 0.000926934 0.00356876 0.0111288 0.0281106 0.0575178 0.0953417 0.12804 0.139329 0.122889 0.0879489 0.0512886 0.024819 0.010811 0.00563352 0.00501391 0.00633498 0.00844828 0.0108838 0.0133567 0.0156029 0.0173746 0.0184818 0.0188318 0.0184444 0.0174379 0.015992 0.0143008 0.0125331 0.0108096 0.0091996 0.00773148 0.00640985 0.00523018
 1.01339e-16 3.26772e-05 0.000191787 0.000911666 0.00350996 0.0109455 0.0276474 0.0565705 0.0937724 0.125935 0.137047 0.120896 0.0865647 0.0505664 0.0246276 0.0109958 0.00611221 0.00578081 0.00742224 0.00988509 0.0126672 0.0154335 0.0178644 0.019664 0.0206151 0.0206279 0.0197571 0.0181816 0.0161539 0.0139382 0.0117568 0.00975945 0.00801893 0.00654617 0.00531496 0.00428528
 1.02153e-16 2.55868e-05 0.000150149 0.000713691 0.00274766 0.00856826 0.0216429 0.0442857 0.0734139 0.0986091 0.107349 0.0947913 0.0680768 0.0401783 0.0203374 0.0103878 0.0076184 0.00879936 0.0119215 0.0160256 0.0205801 0.0251118 0.0291173 0.0321184 0.0337596 0.0338871 0.0325787 0.0301112 0.026882 0.0233104 0.0197534 0.0164563 0.0135449 0.0110486 0.00893783 0.00715976
 1.02264e-16 3.15475e-05 0.000185157 0.000880152 0.00338863 0.0105671 0.0266917 0.0546148 0.0905303 0.12158 0.132304 0.116705 0.0835467 0.0487705 0.0236929 0.0104803 0.00569595 0.00529297 0.00679304 0.00910627 0.0117789 0.0145243 0.0170689 0.019151 0.0205648 0.0212005 0.0210625 0.0202549 0.0189451 0.017318 0.0155368 0.0137214 0.0119459 0.0102493 0.00865202 0.00716843
 1.01969e-16 3.05476e-05 0.000179282 0.00085221 0.00328103 0.0102316 0.0258442 0.0528811 0.0876581 0.117728 0.128125 0.113049 0.0809964 0.0474162 0.0232851 0.0107229 0.00642209 0.00647529 0.00847565 0.011335 0.0145528 0.017767 0.0206194 0.0227745 0.0239841 0.0241416 0.0233026 0.021661 0.0194931 0.0170879 0.0146885 0.0124579 0.0104754 0.00875413 0.00726916 0.00598294
 1.01524e-16 3.29016e-05 0.000193106 0.000917939 0.00353412 0.0110208 0.0278377 0.0569597 0.0944171 0.1268 0.137984 0.121713 0.087129 0.0508548 0.0246914 0.0108952 0.00587676 0.0054084 0.00689572 0.00919028 0.0118062 0.0144331 0.0167787 0.0185705 0.0196047 0.0197899 0.0191636 0.017875 0.0161406 0.0141901 0.0122192 0.0103629 0.00869181 0.00722497 0.00595081 0.00484648
 1.01345e-16 3.20603e-05 0.000188164 0.000894441 0.00344363 0.0107386 0.027125 0.0555016 0.0920011 0.123558 0.134464 0.118626 0.084958 0.0496661 0.0242607 0.0109536 0.00626015 0.00606879 0.00784964 0.0104675 0.0134164 0.0163479 0.0189242 0.0208316 0.0218393 0.0218511 0.0209238 0.0192462 0.0170852 0.014721 0.0123904 0.0102539 0.00839078 0.00681496 0.00550047 0.00440595
 1.02178e-16 2.54882e-05 0.000149571 0.000710939 0.00273707 0.00853521 0.0215595 0.044115 0.0731308 0.098229 0.106936 0.0944272 0.0678172 0.0400291 0.0202692 0.0103651 0.00761694 0.0088083 0.0119383 0.0160513 0.0206175 0.0251639 0.0291873 0.032209 0.0338728 0.0340234 0.032737 0.0302884 0.0270731 0.023509 0.0199521 0.0166475 0.0137218 0.0112057 0.00907173 0.00726895
 1.03044e-16 2.70702e-05 0.000158865 0.000755142 0.00290729 0.00906606 0.0229002 0.0468577 0.0776748 0.104324 0.113548 0.100213 0.0718574 0.0421819 0.0209323 0.0100104 0.00651182 0.00699849 0.00935381 0.0126149 0.01632 0.0201091 0.0236084 0.0264549 0.028364 0.0291862 0.0289319 0.0277513 0.0258827 0.023588 0.0210975 0.018579 0.0161343 0.013815 0.0116449 0.00963888
 1.01989e-16 3.34265e-05 0.00019619 0.000932607 0.0035906 0.011197 0.0282826 0.0578698 0.0959249 0.128822 0.140178 0.123633 0.0884698 0.0515695 0.024912 0.010778 0.00550998 0.00480616 0.00603292 0.00803839 0.0103583 0.012719 0.0148715 0.016583 0.0176764 0.0180662 0.0177733 0.0169098 0.0156435 0.0141527 0.0125893 0.0110575 0.00961279 0.00827318 0.00703728 0.00589912
 1.01049e-16 3.45326e-05 0.000202683 0.000963471 0.00370943 0.0115675 0.0292186 0.0597851 0.0990998 0.133087 0.14482 0.12773 0.0914083 0.0532957 0.0257698 0.0111875 0.00576926 0.00506679 0.00635083 0.00841746 0.0107682 0.0130988 0.0151318 0.0166137 0.0173605 0.0172987 0.0164807 0.015066 0.0132773 0.0113463 0.00946702 0.007769 0.00631302 0.00510456 0.00411562 0.00330567
 1.00457e-16 3.78722e-05 0.000222294 0.00105672 0.00406847 0.0126872 0.0320467 0.0655711 0.108689 0.145957 0.158808 0.140026 0.100117 0.0581903 0.027794 0.0114801 0.00507036 0.00366218 0.00425831 0.00556495 0.0070975 0.0086165 0.00992968 0.0108669 0.0113059 0.0111993 0.0105847 0.0095719 0.00831386 0.00696988 0.005674 0.00451636 0.00353994 0.00274907 0.00212384 0.00163424
 1.00331e-16 3.66595e-05 0.000215172 0.00102285 0.00393806 0.0122805 0.0310195 0.0634696 0.105206 0.141284 0.153732 0.135571 0.0969771 0.0564567 0.0271369 0.0115039 0.00552838 0.00447444 0.00543932 0.00715272 0.00910893 0.0110234 0.0126494 0.0137662 0.0142175 0.0139477 0.0130142 0.0115709 0.00982825 0.00800358 0.00627864 0.00477406 0.00354461 0.00259072 0.00187826 0.00135835
 1.00781e-16 3.0537e-05 0.000179216 0.000851889 0.00327978 0.0102277 0.0258344 0.0528613 0.0876263 0.117688 0.128091 0.113038 0.0810325 0.0475249 0.0235007 0.011093 0.00700788 0.00734521 0.00969193 0.0129353 0.0165299 0.0200528 0.0230779 0.02521 0.0261639 0.0258309 0.0243025 0.0218412 0.0188115 0.0155928 0.012505 0.009764 0.00747289 0.00564208 0.00422275 0.00314045
 1.01423e-16 3.13448e-05 0.000183964 0.000874471 0.00336674 0.0104989 0.0265193 0.0542624 0.0899471 0.1208 0.131464 0.115983 0.0830726 0.0485795 0.0237595 0.0107789 0.00623537 0.00611412 0.00794647 0.010626 0.0136593 0.0167035 0.0194226 0.0214999 0.0226969 0.0229036 0.0221596 0.0206337 0.0185748 0.0162496 0.0138888 0.0116555 0.00963996 0.00787314 0.00634929 0.00504694
 1.01648e-16 3.09529e-05 0.000181662 0.000863526 0.0033246 0.0103674 0.0261874 0.0535833 0.0888218 0.11929 0.129823 0.114542 0.0820553 0.0480142 0.0235381 0.010771 0.00635793 0.00633707 0.00826965 0.0110568 0.014199 0.0173408 0.0201317 0.0222429 0.0234296 0.0235839 0.0227558 0.0211308 0.0189762 0.0165746 0.0141661 0.0119158 0.00990901 0.00816654 0.00667106 0.00539071
 1.01301e-16 3.40735e-05 0.000199988 0.000950661 0.00366011 0.0114137 0.0288301 0.0589901 0.097782 0.131316 0.142893 0.126029 0.0901875 0.0525771 0.0254101 0.0110117 0.00565312 0.00494722 0.00620517 0.00824584 0.0105864 0.0129368 0.0150321 0.0166274 0.0175397 0.0176875 0.0171055 0.0159288 0.0143535 0.0125869 0.0108061 0.00913322 0.00763184 0.00631896 0.00518368 0.0042046
 1.01355e-16 3.07032e-05 0.000180194 0.000856543 0.00329771 0.0102836 0.0259755 0.05315 0.0881042 0.118328 0.128781 0.113635 0.0814324 0.0477032 0.0234847 0.0109125 0.00666642 0.0068207 0.00895277 0.0119586 0.0153172 0.0186408 0.021543 0.0236638 0.0247402 0.0246652 0.02351 0.0214982 0.018944 0.016176 0.0134711 0.011016 0.00890164 0.00714066 0.00569807 0.00451994
 1.01699e-16 3.08134e-05 0.000180844 0.000859636 0.00330962 0.0103207 0.0260694 0.0533419 0.0884215 0.118752 0.129237 0.114024 0.0816813 0.0477897 0.0234177 0.0106993 0.00629424 0.00625947 0.00816926 0.0109334 0.0140599 0.0172007 0.0200125 0.0221712 0.0234323 0.0236835 0.0229651 0.0214493 0.0193896 0.0170565 0.0146827 0.0124315 0.0103915 0.00859143 0.00702382 0.00566684
 1.01556e-16 3.26558e-05 0.000191663 0.000911079 0.0035077 0.0109384 0.0276296 0.056534 0.0937116 0.125853 0.136955 0.120808 0.0864874 0.0504931 0.0245397 0.010869 0.00592082 0.00550084 0.00703447 0.00938022 0.0120518 0.0147348 0.0171317 0.0189646 0.0200256 0.0202214 0.01959 0.0182831 0.0165211 0.0145373 0.0125306 0.0106383 0.00893172 0.00743042 0.00612298 0.00498683
 1.01692e-16 2.98514e-05 0.000175193 0.000832766 0.00320616 0.00999808 0.0252544 0.0516746 0.0856588 0.115045 0.125211 0.110492 0.0791955 0.0464242 0.022914 0.0107471 0.00670234 0.00696873 0.0091942 0.0123043 0.0157859 0.01925 0.0223049 0.024583 0.0258128 0.0258791 0.0248454 0.0229287 0.0204376 0.0176969 0.014981 0.0124767 0.0102774 0.00840108 0.0068204 0.00549063
 1.03982e-16 1.62956e-05 9.55904e-05 0.000454285 0.00174884 0.00545343 0.0137753 0.028189 0.0467373 0.0627997 0.0684251 0.0605618 0.0438016 0.0264707 0.0145457 0.00930749 0.00914649 0.012095 0.0168969 0.0228643 0.0294622 0.0360831 0.0420342 0.0466434 0.0494 0.0500655 0.048717 0.0457043 0.041545 0.0367923 0.0319217 0.0272665 0.0230083 0.0192077 0.0158542 0.0129099
pSPR Fmed_Fpbrs
0.521357   0.347202 0.347202
Fs Fmed_Fpbrs
0.487418   1.005 1.005
SSBpbr Bo_Bmed_Bpbrs
890570  419776  264680 264680
Ro
34891.6
SPR SPRFo_SPRFmed_SPRFpbrs
716595 373602 248804
log_Ro
10.28
likeval ReclasPelacesDesembMPH_pf_preclas_ppelaces_ptallas_desvR_qrecl_qpela
 65.8857 14.2554 0.0117742 0.000202766 313.534 189.778 78.542 0 16.7346 1.5194e-05 5.79048e-05 0 0 0 0
q_reclas_q_pelaces
0.575592 2.95236
M
0.7
N
 35750.8 12264 4696.18 565.768 0.303964
 44972.8 16157.8 3322.86 1272.41 153.374
 20804.9 20358.2 4423.1 909.613 390.299
 35225 8746.98 3464.11 752.625 221.19
 63339.5 16814.7 3368.84 1334.18 375.058
 44435.7 31241.2 7994.03 1601.61 812.604
 74642 20721.4 10352.5 2649 800.004
 78700.3 35548.6 7863.53 3928.65 1308.86
 102648 36030.2 10464 2314.68 1541.7
 125453 46562.2 9994.16 2902.52 1069.69
 64856.3 58416.5 15285.5 3280.88 1304
 46740.4 28653.4 13674.2 3578.05 1073.24
 48494.4 20793.6 7013.48 3347.04 1138.49
 24225.3 20256.4 3393.35 1144.54 732.002
 14175.5 8846.26 1392.09 233.202 128.962
 14432 4943.4 452.05 71.1368 18.5069
 10255.3 6145.82 913.365 83.5228 16.563
 11318.3 4571.48 1523.82 226.463 24.8157
 12789.3 5191.77 1362.57 454.189 74.896
 21394.9 5940.37 1677.09 440.15 170.909
 25819.9 9905.79 1879.89 530.733 193.376
 35078.1 12430 4028.86 764.585 294.508
 56244.2 16728.4 4757.77 1542.11 405.384
 61887.7 26630.8 6114.43 1739.02 711.83
 20208.1 29346 9826.45 2256.15 904.335
pred_Ctot
 2323.29 4148.21 1588.45 191.367 0.102814
 2874.99 5394.37 1109.36 424.8 51.2048
 2316.71 10216.7 2219.72 456.486 195.87
 983.451 1432.5 567.321 123.258 36.2245
 307.48 516.705 103.522 40.9985 11.5253
 1954.54 7650.23 1957.55 392.196 198.987
 2202.98 3568.74 1782.96 456.224 137.781
 4439.55 10726.7 2372.79 1185.46 394.944
 6422.3 11823.8 3433.89 759.593 505.928
 5642.46 11621.5 2494.45 724.444 266.986
 5180.8 23173.5 6063.67 1301.51 517.29
 3522.6 10877.1 5190.89 1358.27 407.413
 5595.21 10681.4 3602.72 1719.32 584.827
 4692.85 13932.8 2334.01 787.24 503.486
 3097.56 6418.41 1010.03 169.2 93.5688
 1491.67 2359.48 215.763 33.9535 8.8333
 759.477 2301.97 342.109 31.2843 6.20381
 623.742 1353.22 451.072 67.0363 7.34579
 596.98 1337.47 351.018 117.005 19.2943
 1044.92 1590.08 448.914 117.817 45.748
 568.375 1304.13 247.494 69.8728 25.4586
 1002.79 2079.84 674.127 127.934 49.2783
 1886.81 3231.88 919.185 297.93 78.3187
 2013.28 5005.79 1149.33 326.883 133.803
 694.423 5792.19 1939.5 445.31 178.494
F
 0.0941707 0.605841 0.605841 0.605841 0.605841
 0.0925729 0.595562 0.595562 0.595562 0.595562
 0.166478 1.07103 1.07103 1.07103 1.07103
 0.0395032 0.254141 0.254141 0.254141 0.254141
 0.00677039 0.0435569 0.0435569 0.0435569 0.0435569
 0.0628767 0.404513 0.404513 0.404513 0.404513
 0.0418019 0.26893 0.26893 0.26893 0.26893
 0.0812882 0.522963 0.522963 0.522963 0.522963
 0.0905205 0.582358 0.582358 0.582358 0.582358
 0.0643339 0.413888 0.413888 0.413888 0.413888
 0.116902 0.752085 0.752085 0.752085 0.752085
 0.109963 0.707438 0.707438 0.707438 0.707438
 0.172976 1.11283 1.11283 1.11283 1.11283
 0.307404 1.97767 1.97767 1.97767 1.97767
 0.353459 2.27396 2.27396 2.27396 2.27396
 0.153677 0.988673 0.988673 0.988673 0.988673
 0.10796 0.694553 0.694553 0.694553 0.694553
 0.0793452 0.510462 0.510462 0.510462 0.510462
 0.0668406 0.430015 0.430015 0.430015 0.430015
 0.0700338 0.450558 0.450558 0.450558 0.450558
 0.0310309 0.199635 0.199635 0.199635 0.199635
 0.0404657 0.260334 0.260334 0.260334 0.260334
 0.0476352 0.306458 0.306458 0.306458 0.306458
 0.0461635 0.29699 0.29699 0.29699 0.29699
 0.0488207 0.314085 0.314085 0.314085 0.314085
nmprior
 10.6 11 7 0
nm_flota  nm_reclas  nm_pelaces    nm_pelaL
inf 18.1045 17.2042 40.3948
cv_recla  cv_pelaces  cv_mph
0.73421 0.428117 0.461994
 ------------------------------------------------
Talla a la edad & desviación 
 7.2 14.2025 17.0495 18.207 18.6776
 1.08 2.13037 2.55742 2.73105 2.80164
