years
 1997 1998 1999 2000 2001 2002 2003 2004 2005 2006 2007 2008 2009 2010 2011 2012 2013 2014 2015 2016 2017 2018 2019 2020 2021
reclasobs
 0 0 0 370054 412103 1.49427e+06 250295 1.28982e+06 931140 785840 897777 1.04006e+06 184774 17550 25797 100020 73551 82996 120727 218422 84188 347160 605670 569463 516374
reclaspred
 431876 118903 349514 253350 385483 466706 1.01815e+06 675317 742691 701337 565475 384093 236631 100714 63728.4 63322.4 79246.9 108398 117123 165852 244120 226897 394813 506411 559253
pelacesobs
 0 0 0 0 0 0 0 0 0 2.06254e+06 1.5e+06 0 1.87456e+06 323000 250000 174000 83755 137374 0 501740 490994 745055 786931 1.00524e+06 1.33801e+06
pelacespred
 1.82373e+06 413437 779216 864757 1.14053e+06 1.13459e+06 2.82236e+06 2.29872e+06 2.2411e+06 2.13655e+06 1.51241e+06 1.0667e+06 640636 213380 136316 149121 196966 281128 309006 428139 718328 649272 882461 1.34742e+06 1.54292e+06
mphobs
 0 0 0 0 0 112323 0 153150 637223 0 255016 313432 73983 77613 109348 50772 0 0 0 0 0 0 0 0 0
mphpred
 157778 94195.4 115432 132842 148504 238292 351277 416645 349413 353627 341747 237229 146958 75977.3 32689.5 27209.2 32760.8 45097.2 57008 66271.9 100207 120675 151723 217648 291486
desembarqueobs
 350755 77701 442110 56441 14545 235359 269955 359681 431902 328805 639364 411747 362871 311530 167758 66681 60226 58785 57116 73181 50977 67692 138656 160484 209506
desembarquepred
 350769 77705.3 442159 56444.4 14545.2 235427 270009 359719 431993 328856 639562 411943 363134 311838 167697 66689.8 60255.7 58786.9 57109.7 73184 50979.9 67687.4 138664 160498 209513
Reclutas
 43160.2 52491.1 31574.4 47714.6 80364.1 59203.5 95698 89931.9 111405 119496 65544.2 43778.7 44079.1 23631.7 15466.9 15843.3 12336.1 14116.4 15863.8 26412.1 33446.8 43888.9 70793.7 86240 37358.8
log_desv_Rt
 0.0326746 0.228398 -0.279897 0.132994 0.654323 0.348736 0.828953 0.766808 0.980928 1.05104 0.45048 0.0469021 0.0537401 -0.569655 -0.993545 -0.969497 -1.21972 -1.0849 -0.968208 -0.458421 -0.222288 0.049416 0.527525 0.72489 -0.111676
SSB
 499555 298240 365480 420603 470191 754477 1.11221e+06 1.31918e+06 1.1063e+06 1.11965e+06 1.08203e+06 751110 465296 240558 103501 86149.3 103727 142786 180498 209829 317275 382079 480383 689113 922899
BT
 1.78464e+06 444967 865858 726901 898782 1.0375e+06 2.41007e+06 2.17838e+06 2.1502e+06 1.97073e+06 1.73477e+06 1.19124e+06 851352 458183 247838 171637 203414 266150 285056 393565 601377 554855 772147 1.17224e+06 1.33676e+06
Ftot
 0.81331 0.667654 1.01021 0.190281 0.0352399 0.344227 0.211362 0.429486 0.491284 0.38978 0.782951 0.704149 1.12883 2.19882 2.46535 1.00954 0.704425 0.463052 0.376498 0.386486 0.179877 0.225831 0.268358 0.260858 0.249632
BD_Bspro_t
 0.922677 0.682182 0.632364 0.486434 0.638759 0.786557 0.747197 0.756377 0.692682 0.653968 0.619499 0.458284 0.347965 0.240905 0.133501 0.136864 0.213042 0.345061 0.457553 0.553968 0.67581 0.767371 0.776549 0.78437 0.788504
BD_Bspro
 0.582286 0.347631 0.426007 0.490258 0.548059 0.879425 1.2964 1.53764 1.28952 1.30507 1.26123 0.875501 0.542354 0.280397 0.120642 0.100416 0.120905 0.166433 0.21039 0.244579 0.369819 0.445354 0.559939 0.803237 1.07574
BD_Bo
 0.490136 0.292617 0.358589 0.412672 0.461326 0.740251 1.09124 1.2943 1.08545 1.09854 1.06163 0.736948 0.456523 0.236023 0.101549 0.084525 0.101771 0.140094 0.177095 0.205873 0.311293 0.374875 0.471325 0.67612 0.905498
BD_Brms
 1.41499 0.844768 1.03523 1.19136 1.33182 2.13706 3.15034 3.73658 3.13362 3.17142 3.06488 2.12753 1.31796 0.681384 0.293167 0.244019 0.293807 0.404443 0.511262 0.594343 0.898686 1.08224 1.36069 1.95192 2.61412
S_f
 0.125865 0.732318 0.981125 0.998988 0.999947
 0.125865 0.732318 0.981125 0.998988 0.999947
 0.125865 0.732318 0.981125 0.998988 0.999947
 0.125865 0.732318 0.981125 0.998988 0.999947
 0.125865 0.732318 0.981125 0.998988 0.999947
 0.125865 0.732318 0.981125 0.998988 0.999947
 0.125865 0.732318 0.981125 0.998988 0.999947
 0.125865 0.732318 0.981125 0.998988 0.999947
 0.125865 0.732318 0.981125 0.998988 0.999947
 0.125865 0.732318 0.981125 0.998988 0.999947
 0.125865 0.732318 0.981125 0.998988 0.999947
 0.125865 0.732318 0.981125 0.998988 0.999947
 0.125865 0.732318 0.981125 0.998988 0.999947
 0.125865 0.732318 0.981125 0.998988 0.999947
 0.125865 0.732318 0.981125 0.998988 0.999947
 0.125865 0.732318 0.981125 0.998988 0.999947
 0.125865 0.732318 0.981125 0.998988 0.999947
 0.125865 0.732318 0.981125 0.998988 0.999947
 0.125865 0.732318 0.981125 0.998988 0.999947
 0.125865 0.732318 0.981125 0.998988 0.999947
 0.125865 0.732318 0.981125 0.998988 0.999947
 0.125865 0.732318 0.981125 0.998988 0.999947
 0.125865 0.732318 0.981125 0.998988 0.999947
 0.125865 0.732318 0.981125 0.998988 0.999947
 0.125865 0.732318 0.981125 0.998988 0.999947
Scru_reclas
 0.88294 1 1 1 1
 0.88294 1 1 1 1
 0.88294 1 1 1 1
 0.88294 1 1 1 1
 0.88294 1 1 1 1
 0.88294 1 1 1 1
 0.88294 1 1 1 1
 0.88294 1 1 1 1
 0.88294 1 1 1 1
 0.88294 1 1 1 1
 0.88294 1 1 1 1
 0.88294 1 1 1 1
 0.88294 1 1 1 1
 0.88294 1 1 1 1
 0.88294 1 1 1 1
 0.88294 1 1 1 1
 0.88294 1 1 1 1
 0.88294 1 1 1 1
 0.88294 1 1 1 1
 0.88294 1 1 1 1
 0.88294 1 1 1 1
 0.88294 1 1 1 1
 0.88294 1 1 1 1
 0.88294 1 1 1 1
 0.88294 1 1 1 1
Scru_pelaces
 0.868136 1 1 1 1
 0.868136 1 1 1 1
 0.868136 1 1 1 1
 0.868136 1 1 1 1
 0.868136 1 1 1 1
 0.868136 1 1 1 1
 0.868136 1 1 1 1
 0.868136 1 1 1 1
 0.868136 1 1 1 1
 0.868136 1 1 1 1
 0.868136 1 1 1 1
 0.868136 1 1 1 1
 0.868136 1 1 1 1
 0.868136 1 1 1 1
 0.868136 1 1 1 1
 0.868136 1 1 1 1
 0.868136 1 1 1 1
 0.868136 1 1 1 1
 0.868136 1 1 1 1
 0.868136 1 1 1 1
 0.868136 1 1 1 1
 0.868136 1 1 1 1
 0.868136 1 1 1 1
 0.868136 1 1 1 1
 0.868136 1 1 1 1
pf_obs 
 0.256992 0.487395 0.22802 0.0275931 0
 0.321318 0.546541 0.124235 0.00734118 0.000564706
 0.182869 0.594174 0.210203 0.0122559 0.00049798
 0.330522 0.361315 0.267642 0.0388342 0.00168674
 0.649043 0.306663 0.0425973 0.00169635 0
 0.582887 0.30429 0.105238 0.00758474 0
 0.465427 0.430635 0.0974691 0.00646863 0
 0.296916 0.608066 0.0921331 0.00288517 0
 0.311714 0.524322 0.152257 0.0117073 0
 0.15457 0.633149 0.183074 0.0267441 0.00246327
 0.131901 0.49318 0.331252 0.0422183 0.00144891
 0.196976 0.569456 0.194076 0.0375587 0.00193317
 0.518974 0.381816 0.0799577 0.0180837 0.00116848
 0.0928022 0.601141 0.25162 0.0475244 0.00691264
 0.122501 0.610282 0.24278 0.0234846 0.000952079
 0.383417 0.481906 0.127806 0.00687128 0
 0.0376549 0.599619 0.316969 0.0457579 0
 0.0361596 0.667082 0.258105 0.0386534 0
 0.158088 0.579412 0.248529 0.0139706 0
 0.0477256 0.309471 0.559284 0.082774 0.000745712
 0.0406174 0.521527 0.379366 0.0568643 0.0016247
 0.151134 0.462217 0.34131 0.0453401 0
 0.294876 0.26143 0.354403 0.0886775 0.000613685
 0.281977 0.475581 0.204845 0.0348837 0.00271318
 0.0354234 0.537034 0.353287 0.0723622 0.0018943
pf_pred 
 0.350688 0.446705 0.181208 0.0213853 1.32714e-05
 0.303531 0.549322 0.112994 0.0306304 0.003523
 0.176705 0.607898 0.182243 0.0256043 0.00754917
 0.272963 0.437047 0.236 0.0458825 0.00810843
 0.284964 0.472796 0.162692 0.064968 0.0145803
 0.157017 0.560429 0.204119 0.052984 0.0254507
 0.238558 0.386195 0.275542 0.0724488 0.0272568
 0.19236 0.515236 0.170936 0.0896584 0.0318098
 0.231257 0.450197 0.227538 0.0536905 0.0373178
 0.220768 0.505145 0.183265 0.0652977 0.0255237
 0.132431 0.545334 0.232695 0.0603007 0.029239
 0.136181 0.446553 0.299355 0.0857698 0.0321417
 0.212026 0.422367 0.224358 0.102062 0.0391866
 0.200429 0.572407 0.147692 0.0493531 0.030119
 0.285344 0.556235 0.131956 0.0174851 0.00897996
 0.344849 0.55567 0.087407 0.0101399 0.0019338
 0.223803 0.611794 0.147404 0.0149871 0.00201092
 0.23894 0.48984 0.229347 0.0376402 0.00423275
 0.22826 0.501968 0.193976 0.0643122 0.0114831
 0.295761 0.442698 0.189068 0.0524226 0.0200508
 0.253586 0.525516 0.155411 0.0476211 0.017865
 0.238579 0.483902 0.21199 0.0463655 0.0191636
 0.278537 0.451955 0.189897 0.0610966 0.018515
 0.240508 0.514967 0.170679 0.0523417 0.0215041
 0.0942249 0.569523 0.250023 0.0605538 0.0256752
pobs_RECLAS
 0 0 0 0 0
 0 0 0 0 0
 0 0 0 0 0
 0 0 0 0 0
 0.835266 0.146461 0.0176864 0.000547809 3.91292e-05
 0.385257 0.428462 0.181853 0.0044286 0
 0.867414 0.0963971 0.0333333 0.00285562 0
 0.441836 0.489002 0.0689373 0.000224442 0
 0.779404 0.147425 0.0564933 0.0165055 0.000172143
 0.814271 0.122319 0.05973 0.00367925 0
 0.40263 0.566651 0.0304383 0.000280538 0
 0.475488 0.404961 0.113038 0.00651328 0
 0.955842 0.0263864 0.0167828 0.000988607 0
 0.975058 0.0227948 0.00214734 0 0
 0.738997 0.206755 0.0527124 0.00153531 0
 0.850938 0.134255 0.0134407 0.00136685 0
 0.542534 0.407297 0.0501686 0 0
 0.764087 0.199537 0.0359546 0.000420521 0
 0.470689 0.182191 0.310203 0.0369168 0
 0.84361 0.089868 0.0606195 0.00523954 0.000663233
 0.607945 0.314616 0.071237 0.00620181 0
 0.523733 0.453247 0.0230204 0 0
 0.530135 0.295979 0.169645 0.0042399 0
 0.562478 0.366248 0.0663022 0.0049721 0
 0.250443 0.683176 0.0655157 0.000865301 0
ppred_RECLAS
 0.759779 0.180588 0.0534454 0.0061837 3.83348e-06
 0.710403 0.242206 0.0365545 0.00971923 0.00111672
 0.557263 0.352649 0.076463 0.0105249 0.00309976
 0.684208 0.211668 0.0850266 0.016231 0.00286559
 0.691985 0.223207 0.0572987 0.0224712 0.00503821
 0.515654 0.353084 0.0953194 0.0242873 0.0116548
 0.650542 0.203297 0.107853 0.0278431 0.010465
 0.579833 0.296648 0.0727766 0.0374634 0.0132783
 0.639761 0.237091 0.0884472 0.0204797 0.0142202
 0.620049 0.271552 0.0729334 0.0255059 0.00995992
 0.476084 0.366567 0.114257 0.0290308 0.0140619
 0.491168 0.302717 0.148692 0.0417815 0.0156412
 0.630055 0.228731 0.0873668 0.0389203 0.0149267
 0.628728 0.293763 0.0508654 0.0165549 0.0100888
 0.732069 0.225868 0.0352015 0.00453552 0.00232586
 0.749227 0.222087 0.025267 0.00287176 0.00054708
 0.619293 0.318184 0.0561715 0.00560107 0.000750756
 0.645044 0.252127 0.0872065 0.0140453 0.00157786
 0.629737 0.265246 0.0759082 0.0247025 0.00440634
 0.708604 0.203045 0.0642023 0.0174723 0.00667627
 0.655655 0.262647 0.0577933 0.0173883 0.00651688
 0.642112 0.251247 0.0818165 0.0175692 0.00725457
 0.689649 0.21546 0.0672279 0.0212347 0.00642878
 0.642244 0.264866 0.0652022 0.0196307 0.00805722
 0.374073 0.435714 0.142109 0.0337905 0.0143134
pobs_PELACES
 0 0 0 0 0
 0 0 0 0 0
 0 0 0 0 0
 0 0 0 0 0
 0 0 0 0 0
 0 0 0 0 0
 0 0 0 0 0
 0 0 0 0 0
 0 0 0 0 0
 0 0 0 0 0
 0.450072 0.473896 0.0757376 0.000293798 0
 0 0 0 0 0
 0.463077 0.371075 0.160297 0.00555027 0
 0.529543 0.364841 0.0842815 0.0213345 0
 0.631943 0.363953 0.00410389 0 0
 0.735681 0.248677 0.0153453 0.000297389 0
 0.695825 0.281241 0.0229344 0 0
 0.275771 0.60734 0.115278 0.00161068 0
 0 0 0 0 0
 0.896147 0.0623911 0.0374545 0.00400742 0
 0.803859 0.145111 0.0509908 3.86294e-05 0
 0.739449 0.233085 0.0266225 0.000797448 4.60066e-05
 0.878498 0.100942 0.0204185 0.000141795 0
 0.694673 0.275183 0.0284847 0.00165964 0
 0.469039 0.446079 0.0841089 0.000773354 0
ppred_PELACES
 0.788117 0.1619 0.0448195 0.00516087 3.19857e-06
 0.735549 0.223155 0.0318827 0.00844376 0.000969968
 0.60631 0.3188 0.0636216 0.00870529 0.00256305
 0.689877 0.208951 0.0826339 0.0157566 0.00278166
 0.690055 0.224789 0.0575381 0.0225604 0.00505815
 0.530549 0.344882 0.0905105 0.0230153 0.0110432
 0.657949 0.200458 0.104517 0.0269482 0.010128
 0.599089 0.286052 0.0677455 0.0347853 0.0123275
 0.661419 0.225953 0.0809596 0.0186918 0.0129767
 0.636473 0.262225 0.06821 0.0237993 0.00929236
 0.515817 0.34535 0.100941 0.0255294 0.0123629
 0.52801 0.287469 0.133271 0.037293 0.0139578
 0.68498 0.20177 0.0702465 0.031086 0.0119178
 0.72826 0.222871 0.0322161 0.0103502 0.00630317
 0.819229 0.156955 0.0199789 0.00253703 0.0013
 0.78395 0.193107 0.0202223 0.00228476 0.000435115
 0.650208 0.295089 0.0491668 0.00488229 0.000654267
 0.664646 0.240834 0.0801929 0.0128805 0.00144679
 0.645284 0.256366 0.0711336 0.0230974 0.00411954
 0.722872 0.194986 0.0597282 0.0162177 0.00619613
 0.66075 0.259683 0.0563034 0.0169221 0.00634179
 0.649857 0.247186 0.0790152 0.0169451 0.00699636
 0.698907 0.210464 0.064238 0.0202583 0.00613262
 0.651593 0.259402 0.0625041 0.0187894 0.00771129
 0.38333 0.431982 0.138033 0.0327731 0.0138813
pobs_pel_tallas
 0 0 0 0 0 0 0 0 0 0 0 0 0 0 0 0 0 0 0 0 0 0 0 0 0 0 0 0 0 0 0 0 0 0 0 0
 0 0 0 0 0 0 0 0 0 0 0 0 0 0 0 0 0 0 0 0 0 0 0 0 0 0 0 0 0 0 0 0 0 0 0 0
 0 0 0 0 0 0 0 0 0 0 0 0 0 0 0 0 0 0 0 0 0 0 0 0 0 0 0 0 0 0 0 0 0 0 0 0
 0 0 0 0 0 0 0 0 0 0 0 0 0 0 0 0 0 0 0 0 0 0 0 0 0 0 0 0 0 0 0 0 0 0 0 0
 0 0 0 0 0 0 0 0 0 0 0 0 0 0 0 0 0 0 0 0 0 0 0 0 0 0 0 0 0 0 0 0 0 0 0 0
 0 0 0 0 0 0 0 0 0 0 0 0 0 0 0 0 0 0 0 0 0 0 0 0 0 0 0 0 0 0 0 0 0 0 0 0
 0 0 0 0 0 0 0 0 0 0 0 0 0 0 0 0 0 0 0 0 0 0 0 0 0 0 0 0 0 0 0 0 0 0 0 0
 0 0 0 0 0 0 0 0 0 0 0 0 0 0 0 0 0 0 0 0 0 0 0 0 0 0 0 0 0 0 0 0 0 0 0 0
 0 0 0 0 0 0 0 0 0 0 0 0 0 0 0 0 0 0 0 0 0 0 0 0 0 0 0 0 0 0 0 0 0 0 0 0
 0 0 0 0 0 0 0 0 0 0 0 0 0 0 0 0 0 0 0 0 0 0 0 0 0 0 0 0 0 0 0 0 0 0 0 0
 0 0 0 0 0 0 0 0 1.78061e-05 0.00172719 0.00360574 0.0105946 0.0120993 0.0124554 0.0147524 0.0171206 0.0266825 0.0428682 0.0675386 0.121331 0.153587 0.119568 0.100827 0.0573624 0.0630603 0.0341343 0.0324427 0.0444173 0.0211091 0.0280891 0.0125444 0.00206551 0 0 0 0
 0 0 0 0 0 0 0 0 0 0 0 0 0 0 0 0 0 0 0 0 0 0 0 0 0 0 0 0 0 0 0 0 0 0 0 0
 0 0 0 0 0 0 0.0133647 0.0140871 0.0187388 0.0205184 0.03894 0.0496705 0.03968 0.0493445 0.0407372 0.0367815 0.0215668 0.0243155 0.0234873 0.0199281 0.019796 0.0243948 0.0301388 0.0376714 0.0412746 0.0863199 0.0771752 0.113111 0.0741005 0.0525337 0.0229764 0.00759418 0.00175318 0 0 0
 0 0 0 0 0 0 0 0 0 0 0.00219441 0.00772107 0.0458388 0.0604681 0.0671733 0.0775358 0.0609151 0.0617685 0.073594 0.0568108 0.0755445 0.0548602 0.0670107 0.0636378 0.0643287 0.046367 0.0373049 0.0286899 0.0247887 0.0153202 0.00654259 0.00121912 0.000365735 0 0 0
 0 0 0 0 0 0 0 0 0 0 0 0 0.000112435 0.00938835 0.0111873 0.0202946 0.0414886 0.0713402 0.111592 0.104902 0.108894 0.110636 0.117776 0.105296 0.107544 0.0401394 0.0192827 0.0124803 0.00416011 0.0028671 0.000618394 0 0 0 0 0
 0 0 0 0 0 0 0 0 0 0 0.00291406 0.0102884 0.027416 0.0768956 0.0749926 0.110853 0.0956884 0.0897413 0.0766577 0.0534642 0.0500743 0.0551293 0.0594112 0.0620874 0.0668451 0.0424026 0.0208742 0.0120726 0.0048766 0.00582813 0.00118941 0.000297354 0 0 0 0
 0 0.00264628 0.0354308 0.0461629 0.0458689 0.0383711 0.0214643 0.0164657 0.0346957 0.0420465 0.0363128 0.0245516 0.0311673 0.0291091 0.0169068 0.0133784 0.00837989 0.0085269 0.0148486 0.0160247 0.0276389 0.0546898 0.0760071 0.122758 0.109233 0.0665981 0.0333725 0.0166128 0.00676272 0.00308733 0.000882094 0 0 0 0 0
 0 0 0 0 0 0 0 0.000805153 0.000690131 0.00759144 0.0133425 0.0154129 0.00931677 0.000345066 0.00356568 0.00563607 0.00851162 0.0253048 0.0502646 0.0516448 0.0657925 0.0565908 0.0611916 0.0827007 0.0866115 0.110766 0.145733 0.0935128 0.0569358 0.0249597 0.0138026 0.00621118 0.00161031 0.00115022 0 0
 0 0 0 0 0 0 0 0 0 0 0 0 0 0 0 0 0 0 0 0 0 0 0 0 0 0 0 0 0 0 0 0 0 0 0 0
 0.00147267 0.00158595 0.00478618 0.00569244 0.00954404 0.0108468 0.00647125 0.017049 0.0510054 0.094081 0.124002 0.0959785 0.0687766 0.0820023 0.061753 0.0591476 0.0492212 0.0479892 0.0443925 0.0268479 0.0217502 0.0140895 0.0121071 0.0120363 0.00920419 0.00665534 0.0049561 0.00860946 0.00930331 0.0156896 0.0114698 0.00855282 0.00243557 0.00046729 0 2.83206e-05
 0 0 0 0 0.000772559 0.00158375 0.000888443 0.00281984 0.00712685 0.0440552 0.0773331 0.111326 0.0921469 0.0852325 0.0710754 0.0886704 0.0786465 0.0553345 0.0373146 0.0185414 0.00753245 0.00457741 0.012979 0.0271748 0.0457355 0.0583668 0.034881 0.0177882 0.00938659 0.00492506 0.0015258 0.00185414 0.000309023 5.79419e-05 3.86279e-05 0
 0 0.00173294 0.00326652 0 0.00397197 0.00683976 0.00946217 0.0152591 0.00757587 0.0136028 0.0228656 0.0392903 0.0559909 0.0764795 0.0681675 0.0726916 0.0566044 0.0477403 0.0527397 0.0444891 0.0609904 0.0582453 0.0661739 0.0445044 0.0529084 0.0360697 0.0280645 0.0235558 0.0158879 0.00826598 0.00280645 0.00217768 0.000904811 0.00058276 9.20147e-05 0
 0 0 0 0 0 0 0 0 0 0 0 0 0 0 0 0 0 0 0 0 0 0 0 0 0 0 0 0 0 0 0 0 0 0 0 0
 0 0 0 0 0 0 0 0 0 0 0 0 0 0 0 0 0 0 0 0 0 0 0 0 0 0 0 0 0 0 0 0 0 0 0 0
 0 0 0 0 0 0 0 0 0 0 0 0 0 0 0 0 0 0 0 0 0 0 0 0 0 0 0 0 0 0 0 0 0 0 0 0
ppred_pel_tallas
 1.00867e-16 3.43849e-05 0.000201816 0.000959349 0.00369356 0.011518 0.0290936 0.0595293 0.0986758 0.132517 0.1442 0.127182 0.0910148 0.0530633 0.0256522 0.0111284 0.00572897 0.00502605 0.0063045 0.00836923 0.0107283 0.0130834 0.0151612 0.0167095 0.017541 0.0175743 0.0168495 0.0155114 0.0137692 0.0118449 0.00992927 0.00815534 0.00659392 0.00526458 0.00415464 0.00323723
 1.00861e-16 3.20951e-05 0.000188367 0.000895402 0.00344733 0.0107502 0.0271541 0.0555613 0.0921005 0.123693 0.134615 0.118769 0.0850809 0.0497796 0.0243932 0.0111424 0.00654451 0.00648561 0.008429 0.0112254 0.014346 0.0174121 0.0200534 0.0219279 0.0227894 0.0225433 0.0212678 0.0191882 0.0166169 0.0138788 0.0112468 0.00890402 0.00693675 0.00535231 0.00410835 0.00314187
 1.01426e-16 2.64637e-05 0.000155297 0.00073816 0.00284187 0.00886205 0.022385 0.0458042 0.0759309 0.101989 0.111028 0.0980367 0.0704009 0.0415364 0.020999 0.0106817 0.00777574 0.00893492 0.0120751 0.0161979 0.020749 0.025236 0.0291385 0.0319665 0.0333614 0.0331778 0.0315139 0.0286771 0.0250996 0.0212352 0.0174681 0.0140604 0.0111424 0.0087359 0.00679484 0.00524404
 1.01913e-16 3.01031e-05 0.000176674 0.000839811 0.00323329 0.0100827 0.0254681 0.0521116 0.0863824 0.116014 0.126259 0.111401 0.0798114 0.0467143 0.0229261 0.0105354 0.00628392 0.00632426 0.00829057 0.0111197 0.0143301 0.0175773 0.0205181 0.0228254 0.0242483 0.0246649 0.0241029 0.0227211 0.0207597 0.018479 0.0161056 0.0138023 0.0116631 0.00972667 0.0079989 0.00647215
 1.01902e-16 3.01115e-05 0.000176721 0.000840034 0.00323415 0.0100854 0.0254749 0.0521255 0.0864059 0.116047 0.126298 0.111442 0.0798573 0.0467736 0.0230147 0.0106749 0.00649862 0.00663819 0.00872262 0.011677 0.0150009 0.0183261 0.0212847 0.0235307 0.0248065 0.0249987 0.0241595 0.0224835 0.0202509 0.0177571 0.0152526 0.0129083 0.0108111 0.00898119 0.00739926 0.00603217
 1.02705e-16 2.31612e-05 0.000135906 0.000645969 0.0024869 0.00775508 0.019589 0.0400834 0.0664496 0.0892607 0.0971879 0.0858565 0.0617422 0.0366052 0.0188349 0.0101214 0.00804133 0.00969432 0.013267 0.0178692 0.0229662 0.0280466 0.0325548 0.0359606 0.0378682 0.0381042 0.0367506 0.0341093 0.0306147 0.0267253 0.0228311 0.0191993 0.015967 0.0131666 0.0107682 0.00871775
 1.02949e-16 2.87107e-05 0.000168499 0.00080095 0.00308367 0.00961611 0.0242896 0.0497002 0.0823852 0.110646 0.120419 0.10625 0.0761286 0.0445731 0.021903 0.0101145 0.00610595 0.0062153 0.00819485 0.0110399 0.0143001 0.0176535 0.0207753 0.0233504 0.0251291 0.0259762 0.0258922 0.0249971 0.0234867 0.021578 0.0194632 0.0172839 0.0151288 0.0130469 0.0110662 0.00920902
 1.02827e-16 2.61474e-05 0.000153443 0.000729356 0.00280799 0.00875638 0.0221181 0.0452577 0.0750243 0.100769 0.109693 0.0968437 0.0695123 0.0409483 0.0205845 0.0102814 0.00725522 0.00819662 0.0110532 0.0148596 0.0191041 0.0233488 0.0271333 0.0300206 0.0316853 0.0319849 0.0309868 0.0289373 0.02619 0.0231152 0.0200243 0.0171265 0.0145243 0.0122366 0.0102349 0.00847605
 1.02472e-16 2.88629e-05 0.000169391 0.000805185 0.00309997 0.00966692 0.024418 0.049963 0.0828216 0.111234 0.121064 0.106831 0.0765704 0.0448832 0.0221503 0.0103862 0.00647908 0.00674902 0.00892976 0.0119934 0.0154571 0.0189587 0.0221305 0.0246222 0.0261666 0.0266358 0.0260639 0.0246247 0.0225782 0.0202028 0.0177377 0.0153504 0.0131329 0.0111175 0.00930261 0.00767527
 1.02306e-16 2.77766e-05 0.00016301 0.000774842 0.00298313 0.00930256 0.0234977 0.0480803 0.0797019 0.107048 0.116518 0.102845 0.0737668 0.0433479 0.0215931 0.0104597 0.00697078 0.00759624 0.0101529 0.0136296 0.0175179 0.0214059 0.0248683 0.027502 0.0290063 0.0292485 0.0282889 0.0263535 0.023768 0.0208759 0.0179681 0.0152431 0.0128015 0.0106664 0.00881562 0.0072108
 1.03001e-16 2.25189e-05 0.000132135 0.000628039 0.00241787 0.0075398 0.0190452 0.0389708 0.0646055 0.0867846 0.0944948 0.0834841 0.0600508 0.035632 0.018389 0.0099709 0.00802807 0.00974644 0.0133665 0.0180223 0.0231883 0.0283565 0.0329721 0.0365029 0.0385487 0.038929 0.0377168 0.035203 0.0318112 0.0279906 0.0241243 0.0204772 0.0171878 0.0142945 0.0117761 0.00958945
 1.0392e-16 2.30482e-05 0.000135248 0.000642851 0.00247492 0.00771772 0.0194945 0.0398898 0.0661271 0.088823 0.0966997 0.0853976 0.0613521 0.0362537 0.0184348 0.00955866 0.00719782 0.00846045 0.0115552 0.0156348 0.0202336 0.0249304 0.0292667 0.0327938 0.0351601 0.0361823 0.0358749 0.0344257 0.032131 0.0293152 0.026262 0.0231764 0.0201811 0.0173359 0.014667 0.0121909
 1.02688e-16 2.98893e-05 0.000175419 0.000833847 0.00321033 0.0100111 0.0252873 0.0517415 0.0857688 0.115189 0.125361 0.110604 0.079234 0.0463624 0.0227274 0.0104005 0.00614452 0.00613825 0.00803376 0.0107797 0.0139057 0.0170815 0.0199795 0.0222887 0.0237709 0.0243108 0.0239346 0.0227913 0.0211039 0.0191108 0.0170148 0.0149558 0.0130087 0.0111991 0.00952648 0.00798442
 1.01181e-16 3.17773e-05 0.000186501 0.00088653 0.00341317 0.0106436 0.026885 0.0550108 0.0911881 0.122468 0.133282 0.117594 0.0842424 0.0492951 0.0241671 0.0110587 0.00652287 0.00648805 0.00844378 0.0112527 0.0143913 0.0174834 0.0201609 0.0220833 0.0230048 0.0228302 0.0216353 0.0196414 0.0171556 0.0144967 0.0119314 0.00963692 0.00769568 0.00611274 0.00484588 0.0038345
 1.00483e-16 3.57413e-05 0.000209779 0.000997211 0.00383934 0.0119727 0.0302419 0.0618787 0.10257 0.137745 0.149885 0.132189 0.0945792 0.0551044 0.026569 0.0114046 0.00569123 0.00481774 0.00595574 0.00786127 0.0100274 0.0121551 0.0139775 0.0152535 0.0158107 0.0155846 0.0146335 0.0131195 0.0112666 0.00930725 0.00743666 0.00578538 0.00441445 0.00332762 0.00249235 0.00186065
 1.00449e-16 3.42044e-05 0.000200753 0.000954293 0.00367408 0.0114573 0.0289402 0.0592156 0.0981567 0.131822 0.143451 0.126538 0.0905891 0.0528861 0.0256985 0.0113719 0.00617299 0.00570138 0.00724988 0.0096089 0.0122527 0.0148357 0.0170335 0.0185501 0.0191754 0.0188328 0.0175979 0.0156753 0.0133455 0.010899 0.00857934 0.00654873 0.00488193 0.00358134 0.00260323 0.00188405
 1.00993e-16 2.83768e-05 0.000166531 0.000791574 0.00304754 0.0095034 0.024005 0.0491186 0.0814238 0.109363 0.119043 0.105086 0.0754025 0.0443649 0.0222023 0.0109221 0.00748931 0.00829814 0.011109 0.0148665 0.0190147 0.023086 0.0265957 0.029091 0.0302434 0.029925 0.0282361 0.0254721 0.0220451 0.0183855 0.0148567 0.0117052 0.00905061 0.00690822 0.00522672 0.003926
 1.01728e-16 2.90043e-05 0.000170219 0.00080912 0.00311511 0.00971415 0.0245373 0.0502072 0.0832268 0.11178 0.12166 0.107365 0.0769682 0.0451475 0.0223381 0.0105695 0.00671879 0.00708998 0.00940272 0.0126145 0.0162232 0.0198417 0.0230751 0.025548 0.0269772 0.0272322 0.0263595 0.0245591 0.0221258 0.0193755 0.0165809 0.0139351 0.0115447 0.00944633 0.00763314 0.00608006
 1.0208e-16 2.81606e-05 0.000165265 0.000785562 0.0030244 0.00943127 0.0238228 0.0487454 0.0808043 0.108528 0.118126 0.104259 0.0747694 0.0439134 0.0218309 0.0105021 0.00690459 0.00745664 0.00994449 0.0133467 0.0171558 0.0209665 0.0243614 0.0269449 0.028421 0.0286574 0.027711 0.0258008 0.0232445 0.0203788 0.0174902 0.0147766 0.0123411 0.0102112 0.00836928 0.00678084
 1.01759e-16 3.15413e-05 0.000185118 0.00087996 0.00338788 0.0105648 0.0266858 0.054603 0.0905115 0.121557 0.132285 0.116702 0.0835763 0.0488505 0.023848 0.0107447 0.0061125 0.00590867 0.00764891 0.010224 0.0131465 0.0160852 0.0187188 0.0207451 0.0219371 0.0221909 0.0215449 0.0201603 0.0182731 0.0161341 0.0139577 0.0118928 0.0100182 0.00835749 0.00690135 0.00562856
 1.01762e-16 2.8835e-05 0.000169224 0.000804386 0.00309688 0.00965729 0.0243937 0.0499135 0.0827405 0.111128 0.120955 0.106753 0.0765514 0.0449467 0.0223196 0.0106942 0.00697178 0.00748026 0.00994836 0.0133265 0.0170929 0.020833 0.0241225 0.0265628 0.0278602 0.0278916 0.0267288 0.0246106 0.0218757 0.0188795 0.0159221 0.0132071 0.0108351 0.00882382 0.00714079 0.00573434
 1.02112e-16 2.83596e-05 0.000166434 0.000791124 0.00304582 0.00949807 0.0239915 0.0490905 0.0813761 0.109295 0.118959 0.104988 0.0752795 0.0441875 0.0219202 0.0104673 0.00678135 0.00725294 0.00965389 0.0129615 0.0166761 0.0204051 0.0237454 0.0263138 0.0278213 0.0281348 0.027302 0.0255268 0.0231085 0.0203665 0.0175748 0.0149249 0.0125202 0.0103933 0.00853458 0.00691824
 1.01964e-16 3.04969e-05 0.000178985 0.000850802 0.00327561 0.0102147 0.0258015 0.0527937 0.0875129 0.117532 0.127911 0.112856 0.0808499 0.0473141 0.0232048 0.0106361 0.00630432 0.00630847 0.0082485 0.0110446 0.0142072 0.0173877 0.0202411 0.022442 0.0237452 0.0240383 0.023362 0.0218892 0.019873 0.0175827 0.015248 0.0130282 0.0110075 0.00921102 0.00762909 0.00623979
 1.01978e-16 2.84358e-05 0.00016688 0.000793242 0.00305397 0.00952348 0.0240557 0.049222 0.0815943 0.109589 0.119281 0.105278 0.075499 0.0443399 0.0220389 0.0105947 0.00695421 0.00749873 0.00999057 0.0133955 0.0171983 0.0209873 0.0243396 0.0268567 0.0282428 0.0283706 0.027306 0.0252803 0.0226242 0.0196859 0.01676 0.0140474 0.011649 0.0095857 0.00783053 0.00633862
 1.03875e-16 1.67454e-05 9.82314e-05 0.000466841 0.00179719 0.0056042 0.0141561 0.0289682 0.0480286 0.0645334 0.0703103 0.0622212 0.044982 0.0271444 0.014844 0.0093896 0.00911908 0.0120039 0.0167506 0.0226558 0.0291807 0.0357192 0.0415822 0.0461028 0.0487761 0.0493691 0.0479636 0.0449133 0.0407383 0.0359927 0.0311518 0.026547 0.0223563 0.0186356 0.0153687 0.0125121
pSPR Fmed_Fpbrs
0.58465   0.396387 0.396387
Fs Fmed_Fpbrs
0.452997   1.005 1.005
SSBpbr Bo_Bmed_Bpbrs
1.01922e+06  544925  353044 353044
Ro
41772.8
SPR SPRFo_SPRFmed_SPRFpbrs
857920 501583 340068
log_Ro
10.46
likeval ReclasPelacesDesembMPH_pf_preclas_ppelaces_ptallas_desvR_qrecl_qpela
 60.9534 18.1654 0.0123573 0.000220513 311.14 192.322 76.5 0 15.5292 2.79014e-05 3.99556e-05 0 0 0 0
q_reclas_q_pelaces
0.473073 2.45787
M
0.7
N
 43160.2 11591 3795.63 442.36 0.274341
 52491.1 19347.3 3172.84 848.65 97.5395
 31574.4 23965.3 5892.13 818.382 241.145
 47714.6 13807.3 5679.21 1085.97 191.745
 80364.1 23133.7 5964.66 2339.93 524.64
 59203.5 39731 11195.2 2861.3 1373.29
 95698 28153 15333.6 3965.98 1490.78
 89931.9 46274.6 11975.6 6188.4 2193.84
 111405 42308.8 16778.1 3902.01 2710.02
 119496 52004.9 14661.4 5145.19 2009.55
 65544.2 56499.2 19412.1 4966.91 2406.77
 43778.7 29493.8 15813.4 4471.49 1674.5
 44079.1 19896 8745.31 3935.35 1510.1
 23631.7 18989.8 4322.59 1434.75 875.282
 15466.9 8898.08 1884.52 248.216 127.438
 15843.3 5631.63 726.453 83.3138 15.8792
 12336.1 6928.76 1335.22 133.98 17.9645
 14116.4 5606.15 2054.06 332.195 37.3272
 15863.8 6613.13 1983.3 647.592 115.536
 26412.1 7513.1 2492.64 680.703 260.149
 33446.8 12493.1 2811.22 847.174 317.535
 43888.9 16237.4 5438.22 1170.16 483.226
 70793.7 21183.8 6834.18 2163.84 655.181
 86240 33987.5 8642.69 2608.16 1070.63
 37358.8 41442.3 13942.8 3322.7 1407.64
pred_Ctot
 3038.09 3869.91 1569.85 185.265 0.114973
 3057.45 5533.27 1138.18 308.537 35.4869
 2731.19 9395.79 2816.79 395.746 116.681
 813.188 1302.02 703.072 136.689 24.156
 255.846 424.485 146.068 58.3295 13.0905
 1809.83 6459.7 2352.74 610.711 293.353
 1809.54 2929.41 2090.07 549.547 206.751
 3414.03 9144.48 3033.8 1591.27 564.565
 4821.31 9385.84 4743.77 1119.36 778.011
 4126 9440.81 3425.09 1220.37 477.021
 4448.88 18319.9 7817.16 2025.74 982.254
 2683.99 8801.11 5899.99 1690.44 633.482
 4233.19 8432.75 4479.4 2037.72 782.378
 4174.64 11922.4 3076.21 1027.95 627.334
 3020.77 5888.52 1396.93 185.104 95.0654
 1369.58 2206.87 347.14 40.2711 7.68016
 756.587 2068.23 498.314 50.6653 6.79811
 576.71 1182.29 553.555 90.8489 10.2162
 529.472 1164.36 449.947 149.178 26.6362
 904.422 1353.75 578.159 160.306 61.3145
 539.17 1117.34 330.432 101.251 37.9842
 885.986 1797.02 787.243 172.183 71.166
 1694.24 2749.08 1155.08 371.629 112.62
 2007.06 4297.46 1424.33 436.797 179.454
 832.549 5032.17 2209.15 535.04 226.86
F
 0.102367 0.595601 0.797958 0.812487 0.813266
 0.0840344 0.488935 0.655052 0.666979 0.667619
 0.127151 0.739797 0.991145 1.00919 1.01016
 0.0239497 0.139346 0.186689 0.190088 0.190271
 0.00443547 0.0258068 0.0345747 0.0352042 0.035238
 0.0433261 0.252083 0.337729 0.343878 0.344208
 0.0266031 0.154784 0.207373 0.211148 0.211351
 0.0540573 0.31452 0.421379 0.429051 0.429463
 0.0618356 0.359776 0.482011 0.490787 0.491258
 0.0490597 0.285443 0.382422 0.389385 0.389759
 0.0985462 0.573369 0.768173 0.782159 0.782909
 0.0886278 0.515661 0.690858 0.703437 0.704112
 0.142081 0.826664 1.10752 1.12769 1.12877
 0.276754 1.61023 2.15731 2.19659 2.1987
 0.310301 1.80542 2.41881 2.46285 2.46522
 0.127066 0.739303 0.990483 1.00852 1.00948
 0.0886626 0.515863 0.691129 0.703713 0.704388
 0.0582822 0.339102 0.454312 0.462584 0.463028
 0.047388 0.275717 0.369392 0.376118 0.376478
 0.0486451 0.28303 0.379191 0.386095 0.386465
 0.0226402 0.131727 0.176482 0.179695 0.179867
 0.0284242 0.16538 0.221568 0.225602 0.225819
 0.0337769 0.196523 0.263292 0.268086 0.268343
 0.032833 0.191031 0.255935 0.260594 0.260844
 0.0314199 0.18281 0.24492 0.249379 0.249618
nmprior
 10.6 11 7 0
nm_flota  nm_reclas  nm_pelaces    nm_pelaL
inf 16.6671 18.6045 44.7202
cv_recla  cv_pelaces  cv_mph
0.706194 0.483275 0.481787
 ------------------------------------------------
Talla a la edad & desviación 
 7.2 14.2025 17.0495 18.207 18.6776
 1.08 2.13037 2.55742 2.73105 2.80164
