years
 1997 1998 1999 2000 2001 2002 2003 2004 2005 2006 2007 2008 2009 2010 2011 2012 2013 2014 2015 2016 2017 2018 2019 2020 2021
reclasobs
 0 0 0 370054 412103 1.49427e+06 250295 1.28982e+06 931140 785840 897777 1.04006e+06 184774 17550 25797 100020 73551 82996 120727 218422 84188 347160 605670 569463 516374
reclaspred
 2.24254e+06 274570 360850 106398 232025 240700 520448 442002 572617 1.04362e+06 949725 592755 364693 160069 96884.3 91537.6 102245 120813 103165 168140 295219 260988 439624 512666 397796
pelacesobs
 0 0 0 0 0 0 0 0 0 2.06254e+06 1.5e+06 0 1.87456e+06 323000 250000 174000 83755 137374 0 501740 490994 745055 786931 1.00524e+06 1.33801e+06
pelacespred
 1.39393e+06 530188 155840 107641 209775 142934 492236 398241 519784 969023 720664 457249 310070 105616 65908.2 65995 76437.6 91802.3 76936.3 132572 256151 214755 289092 389108 284920
mphobs
 0 0 0 0 0 112323 0 153150 637223 0 255016 313432 73983 77613 109348 50772 0 0 0 0 0 0 0 0 0
mphpred
 2.24765e+06 957421 404844 190799 116498 316295 340468 464375 497912 696473 1.2641e+06 869409 466642 268362 115074 90463.2 100592 120066 126543 118969 244208 319187 362587 521968 570466
desembarqueobs
 350755 77701 442110 56441 14545 235359 269955 359681 431902 328805 639364 411747 362871 311530 167758 66681 60226 58785 57116 73181 50977 67692 138656 160484 209506
desembarquepred
 350745 77681.8 441600 56420.1 14543.5 235200 269837 359122 431449 328554 638655 411357 362247 311045 167409 66630.6 60203.5 58741.6 57068.1 73107.7 50964 67652.3 138577 160402 209398
Reclutas
 5742.86 8483.73 1162.37 6256.01 55509.7 15741.2 56111.5 71254.9 91126.3 220048 50900.9 21741.3 55208 23116.1 14762.5 14858.7 10002 9835.45 7594.34 27412.6 30569.9 30086.1 62201.3 49646.9 1133.7
log_desv_Rt
 -1.26429 -0.874094 -2.86179 -1.1787 1.00431 -0.255965 1.0151 1.25402 1.5 2.3816 0.917636 0.0669686 0.998863 0.128285 -0.320153 -0.313661 -0.709458 -0.726251 -0.984841 0.298756 0.407771 0.391818 1.11813 0.89269 -2.88675
SSB
 2.24765e+06 957421 404844 190799 116498 316295 340468 464375 497912 696473 1.2641e+06 869409 466642 268362 115074 90463.2 100592 120066 126543 118969 244208 319187 362587 521968 570466
BT
 2.71509e+06 1.11947e+06 529692 260133 388170 438499 1.07997e+06 1.09612e+06 1.32118e+06 2.03845e+06 1.84165e+06 1.18716e+06 915074 485095 256184 172803 185556 211758 187290 297310 498605 448532 614296 825832 684032
Ftot
 0.109755 0.203021 0.803996 0.42169 0.121318 0.73719 0.702478 1.08826 1.00954 0.51197 0.532113 0.516429 1.02135 1.64079 1.78462 0.762986 0.592366 0.472276 0.47117 0.608095 0.185081 0.229766 0.309137 0.285977 0.360021
BD_Bspro_t
 0.98273 0.870127 0.660903 0.329385 0.383888 0.682066 0.508713 0.529167 0.498101 0.533319 0.640821 0.47285 0.330822 0.253146 0.145105 0.142669 0.206154 0.307513 0.373294 0.417247 0.618365 0.730768 0.72137 0.73061 0.693129
BD_Bspro
 5.38238 2.2927 0.969466 0.456901 0.278975 0.757422 0.815307 1.11202 1.19233 1.66782 3.0271 2.08194 1.11745 0.642637 0.275565 0.216629 0.240883 0.287519 0.303028 0.284891 0.584797 0.764347 0.868276 1.24994 1.36608
BD_Bo
 2.25659 0.961228 0.406454 0.191558 0.116962 0.317553 0.341822 0.466221 0.499892 0.699243 1.26913 0.872866 0.468497 0.269429 0.115532 0.0908229 0.100992 0.120544 0.127046 0.119442 0.245179 0.320457 0.364029 0.524044 0.572734
BD_Brms
 7.47267 3.18309 1.34597 0.634342 0.387317 1.05157 1.13194 1.54389 1.65539 2.31553 4.2027 2.89048 1.55142 0.89221 0.382582 0.300759 0.334432 0.39918 0.420712 0.395531 0.811907 1.06119 1.20548 1.73536 1.8966
S_f
 0.140315 1 1 1 1
 0.140315 1 1 1 1
 0.140315 1 1 1 1
 0.140315 1 1 1 1
 0.140315 1 1 1 1
 0.140315 1 1 1 1
 0.140315 1 1 1 1
 0.140315 1 1 1 1
 0.140315 1 1 1 1
 0.140315 1 1 1 1
 0.140315 1 1 1 1
 0.140315 1 1 1 1
 0.140315 1 1 1 1
 0.140315 1 1 1 1
 0.140315 1 1 1 1
 0.140315 1 1 1 1
 0.140315 1 1 1 1
 0.140315 1 1 1 1
 0.140315 1 1 1 1
 0.140315 1 1 1 1
 0.140315 1 1 1 1
 0.140315 1 1 1 1
 0.140315 1 1 1 1
 0.140315 1 1 1 1
 0.140315 1 1 1 1
Scru_reclas
 0.810232 1 1 1 1
 0.810232 1 1 1 1
 0.810232 1 1 1 1
 0.810232 1 1 1 1
 0.810232 1 1 1 1
 0.810232 1 1 1 1
 0.810232 1 1 1 1
 0.810232 1 1 1 1
 0.810232 1 1 1 1
 0.810232 1 1 1 1
 0.810232 1 1 1 1
 0.810232 1 1 1 1
 0.810232 1 1 1 1
 0.810232 1 1 1 1
 0.810232 1 1 1 1
 0.810232 1 1 1 1
 0.810232 1 1 1 1
 0.810232 1 1 1 1
 0.810232 1 1 1 1
 0.810232 1 1 1 1
 0.810232 1 1 1 1
 0.810232 1 1 1 1
 0.810232 1 1 1 1
 0.810232 1 1 1 1
 0.810232 1 1 1 1
Scru_pelaces
 1 1 1 1 1
 1 1 1 1 1
 1 1 1 1 1
 1 1 1 1 1
 1 1 1 1 1
 1 1 1 1 1
 1 1 1 1 1
 1 1 1 1 1
 1 1 1 1 1
 1 1 1 1 1
 1 1 1 1 1
 1 1 1 1 1
 1 1 1 1 1
 1 1 1 1 1
 1 1 1 1 1
 1 1 1 1 1
 1 1 1 1 1
 1 1 1 1 1
 1 1 1 1 1
 1 1 1 1 1
 1 1 1 1 1
 1 1 1 1 1
 1 1 1 1 1
 1 1 1 1 1
 1 1 1 1 1
pf_obs 
 0.256992 0.487395 0.22802 0.0275931 0
 0.321318 0.546541 0.124235 0.00734118 0.000564706
 0.182869 0.594174 0.210203 0.0122559 0.00049798
 0.330522 0.361315 0.267642 0.0388342 0.00168674
 0.649043 0.306663 0.0425973 0.00169635 0
 0.582887 0.30429 0.105238 0.00758474 0
 0.465427 0.430635 0.0974691 0.00646863 0
 0.296916 0.608066 0.0921331 0.00288517 0
 0.311714 0.524322 0.152257 0.0117073 0
 0.15457 0.633149 0.183074 0.0267441 0.00246327
 0.131901 0.49318 0.331252 0.0422183 0.00144891
 0.196976 0.569456 0.194076 0.0375587 0.00193317
 0.518974 0.381816 0.0799577 0.0180837 0.00116848
 0.0928022 0.601141 0.25162 0.0475244 0.00691264
 0.122501 0.610282 0.24278 0.0234846 0.000952079
 0.383417 0.481906 0.127806 0.00687128 0
 0.0376549 0.599619 0.316969 0.0457579 0
 0.0361596 0.667082 0.258105 0.0386534 0
 0.158088 0.579412 0.248529 0.0139706 0
 0.0477256 0.309471 0.559284 0.082774 0.000745712
 0.0406174 0.521527 0.379366 0.0568643 0.0016247
 0.151134 0.462217 0.34131 0.0453401 0
 0.294876 0.26143 0.354403 0.0886775 0.000613685
 0.281977 0.475581 0.204845 0.0348837 0.00271318
 0.0354234 0.537034 0.353287 0.0723622 0.0018943
pf_pred 
 0.00942519 0.637872 0.311696 0.0410058 1.50476e-06
 0.029606 0.0647619 0.583174 0.284967 0.0374909
 0.0101041 0.191633 0.0532743 0.479729 0.26526
 0.163991 0.0826415 0.145843 0.0405448 0.566979
 0.637899 0.229141 0.0131434 0.0231951 0.0966213
 0.0894362 0.846955 0.0402523 0.00230885 0.0210477
 0.419267 0.292991 0.267641 0.0127199 0.00738077
 0.334933 0.585388 0.0401999 0.0367217 0.00275791
 0.339059 0.570783 0.0793568 0.00544961 0.00535197
 0.448559 0.474546 0.0664061 0.00923254 0.00125668
 0.06977 0.820628 0.0943189 0.0131986 0.0020848
 0.0604636 0.386102 0.488227 0.0561145 0.00909278
 0.28926 0.264781 0.183266 0.231741 0.0309512
 0.160636 0.697778 0.0527467 0.0365083 0.0523306
 0.233906 0.588565 0.147583 0.0111562 0.0187898
 0.289148 0.605826 0.0806882 0.0202326 0.00410538
 0.174888 0.668714 0.13329 0.0177525 0.0053547
 0.193633 0.540651 0.21535 0.0429243 0.00744138
 0.159022 0.575293 0.178136 0.0709544 0.0165947
 0.460274 0.340132 0.136537 0.0422779 0.0207785
 0.24696 0.671669 0.0512792 0.0205847 0.00950655
 0.182632 0.58762 0.204922 0.015645 0.00918067
 0.302146 0.446975 0.180361 0.0628977 0.00761985
 0.16994 0.649312 0.115769 0.0467146 0.0182645
 0.00477914 0.623732 0.290596 0.051812 0.029081
pobs_RECLAS
 0 0 0 0 0
 0 0 0 0 0
 0 0 0 0 0
 0 0 0 0 0
 0.835266 0.146461 0.0176864 0.000547809 3.91292e-05
 0.385257 0.428462 0.181853 0.0044286 0
 0.867414 0.0963971 0.0333333 0.00285562 0
 0.441836 0.489002 0.0689373 0.000224442 0
 0.779404 0.147425 0.0564933 0.0165055 0.000172143
 0.814271 0.122319 0.05973 0.00367925 0
 0.40263 0.566651 0.0304383 0.000280538 0
 0.475488 0.404961 0.113038 0.00651328 0
 0.955842 0.0263864 0.0167828 0.000988607 0
 0.975058 0.0227948 0.00214734 0 0
 0.738997 0.206755 0.0527124 0.00153531 0
 0.850938 0.134255 0.0134407 0.00136685 0
 0.542534 0.407297 0.0501686 0 0
 0.764087 0.199537 0.0359546 0.000420521 0
 0.470689 0.182191 0.310203 0.0369168 0
 0.84361 0.089868 0.0606195 0.00523954 0.000663233
 0.607945 0.314616 0.071237 0.00620181 0
 0.523733 0.453247 0.0230204 0 0
 0.530135 0.295979 0.169645 0.0042399 0
 0.562478 0.366248 0.0663022 0.0049721 0
 0.250443 0.683176 0.0655157 0.000865301 0
ppred_RECLAS
 0.0523751 0.610215 0.298181 0.0392279 1.43951e-06
 0.151285 0.0566413 0.510049 0.249235 0.0327899
 0.0591856 0.182131 0.0506328 0.455943 0.252108
 0.538075 0.0456624 0.0805838 0.0224025 0.313277
 0.911033 0.0562993 0.0032293 0.00569898 0.0237396
 0.375374 0.580992 0.0276122 0.00158382 0.0144383
 0.814855 0.0934093 0.0853273 0.00405526 0.00235308
 0.762643 0.20892 0.014347 0.0131057 0.000984276
 0.764144 0.203683 0.0283184 0.00194469 0.00190984
 0.829588 0.146649 0.0205215 0.00285314 0.000388352
 0.310196 0.608529 0.0699414 0.00978733 0.00154596
 0.278133 0.296651 0.375116 0.043114 0.00698619
 0.720217 0.104231 0.0721428 0.0912249 0.0121839
 0.570242 0.357266 0.0270066 0.0186924 0.0267936
 0.684568 0.242337 0.060766 0.00459345 0.00773654
 0.713932 0.243803 0.0324714 0.00814221 0.00165213
 0.561016 0.355776 0.0709144 0.00944488 0.00284886
 0.58883 0.275681 0.109808 0.0218873 0.00379439
 0.529985 0.321526 0.0995584 0.0396557 0.00927461
 0.83739 0.102476 0.0411364 0.0127376 0.00626021
 0.656809 0.306107 0.02337 0.0093813 0.00433252
 0.566685 0.311518 0.108636 0.00829396 0.004867
 0.718188 0.180501 0.0728345 0.0253998 0.0030771
 0.546079 0.355078 0.0633088 0.025546 0.00998799
 0.0275921 0.609434 0.283935 0.0506243 0.0284144
pobs_PELACES
 0 0 0 0 0
 0 0 0 0 0
 0 0 0 0 0
 0 0 0 0 0
 0 0 0 0 0
 0 0 0 0 0
 0 0 0 0 0
 0 0 0 0 0
 0 0 0 0 0
 0 0 0 0 0
 0.450072 0.473896 0.0757376 0.000293798 0
 0 0 0 0 0
 0.463077 0.371075 0.160297 0.00555027 0
 0.529543 0.364841 0.0842815 0.0213345 0
 0.631943 0.363953 0.00410389 0 0
 0.735681 0.248677 0.0153453 0.000297389 0
 0.695825 0.281241 0.0229344 0 0
 0.275771 0.60734 0.115278 0.00161068 0
 0 0 0 0 0
 0.896147 0.0623911 0.0374545 0.00400742 0
 0.803859 0.145111 0.0509908 3.86294e-05 0
 0.739449 0.233085 0.0266225 0.000797448 4.60066e-05
 0.878498 0.100942 0.0204185 0.000141795 0
 0.694673 0.275183 0.0284847 0.00165964 0
 0.469039 0.446079 0.0841089 0.000773354 0
ppred_PELACES
 0.0657456 0.601605 0.293974 0.0386744 1.4192e-06
 0.188999 0.0541244 0.487384 0.23816 0.0313328
 0.0888675 0.176385 0.0490354 0.441558 0.244154
 0.618376 0.0377245 0.066575 0.018508 0.258816
 0.928982 0.0449406 0.00257777 0.00454917 0.01895
 0.477601 0.485906 0.0230932 0.00132461 0.0120753
 0.868937 0.0661237 0.0604024 0.00287068 0.00166573
 0.84375 0.137531 0.00944454 0.00862737 0.000647942
 0.841892 0.136541 0.0189835 0.00130364 0.00128028
 0.874175 0.108279 0.0151522 0.00210663 0.000286743
 0.392263 0.536132 0.0616203 0.00862292 0.00136204
 0.355077 0.265031 0.335133 0.0385185 0.00624153
 0.80934 0.071029 0.0491622 0.0621658 0.00830281
 0.722873 0.230381 0.017415 0.0120537 0.0172777
 0.816313 0.14112 0.035386 0.00267492 0.00450524
 0.792728 0.176648 0.0235273 0.00589947 0.00119706
 0.651076 0.282786 0.0563658 0.00750721 0.0022644
 0.668974 0.221946 0.0884046 0.0176211 0.0030548
 0.614008 0.264048 0.0817608 0.0325667 0.00761663
 0.883075 0.0736852 0.029579 0.00915895 0.00450139
 0.713419 0.255614 0.0195151 0.00783383 0.00361786
 0.632732 0.264035 0.0920777 0.00702976 0.00412515
 0.774453 0.144463 0.0582929 0.0203286 0.00246274
 0.616899 0.299679 0.0534315 0.0215604 0.00842968
 0.0373386 0.603326 0.281089 0.0501169 0.0281296
pobs_pel_tallas
 0 0 0 0 0 0 0 0 0 0 0 0 0 0 0 0 0 0 0 0 0 0 0 0 0 0 0 0 0 0 0 0 0 0 0 0
 0 0 0 0 0 0 0 0 0 0 0 0 0 0 0 0 0 0 0 0 0 0 0 0 0 0 0 0 0 0 0 0 0 0 0 0
 0 0 0 0 0 0 0 0 0 0 0 0 0 0 0 0 0 0 0 0 0 0 0 0 0 0 0 0 0 0 0 0 0 0 0 0
 0 0 0 0 0 0 0 0 0 0 0 0 0 0 0 0 0 0 0 0 0 0 0 0 0 0 0 0 0 0 0 0 0 0 0 0
 0 0 0 0 0 0 0 0 0 0 0 0 0 0 0 0 0 0 0 0 0 0 0 0 0 0 0 0 0 0 0 0 0 0 0 0
 0 0 0 0 0 0 0 0 0 0 0 0 0 0 0 0 0 0 0 0 0 0 0 0 0 0 0 0 0 0 0 0 0 0 0 0
 0 0 0 0 0 0 0 0 0 0 0 0 0 0 0 0 0 0 0 0 0 0 0 0 0 0 0 0 0 0 0 0 0 0 0 0
 0 0 0 0 0 0 0 0 0 0 0 0 0 0 0 0 0 0 0 0 0 0 0 0 0 0 0 0 0 0 0 0 0 0 0 0
 0 0 0 0 0 0 0 0 0 0 0 0 0 0 0 0 0 0 0 0 0 0 0 0 0 0 0 0 0 0 0 0 0 0 0 0
 0 0 0 0 0 0 0 0 0 0 0 0 0 0 0 0 0 0 0 0 0 0 0 0 0 0 0 0 0 0 0 0 0 0 0 0
 0 0 0 0 0 0 0 0 1.78061e-05 0.00172719 0.00360574 0.0105946 0.0120993 0.0124554 0.0147524 0.0171206 0.0266825 0.0428682 0.0675386 0.121331 0.153587 0.119568 0.100827 0.0573624 0.0630603 0.0341343 0.0324427 0.0444173 0.0211091 0.0280891 0.0125444 0.00206551 0 0 0 0
 0 0 0 0 0 0 0 0 0 0 0 0 0 0 0 0 0 0 0 0 0 0 0 0 0 0 0 0 0 0 0 0 0 0 0 0
 0 0 0 0 0 0 0.0133647 0.0140871 0.0187388 0.0205184 0.03894 0.0496705 0.03968 0.0493445 0.0407372 0.0367815 0.0215668 0.0243155 0.0234873 0.0199281 0.019796 0.0243948 0.0301388 0.0376714 0.0412746 0.0863199 0.0771752 0.113111 0.0741005 0.0525337 0.0229764 0.00759418 0.00175318 0 0 0
 0 0 0 0 0 0 0 0 0 0 0.00219441 0.00772107 0.0458388 0.0604681 0.0671733 0.0775358 0.0609151 0.0617685 0.073594 0.0568108 0.0755445 0.0548602 0.0670107 0.0636378 0.0643287 0.046367 0.0373049 0.0286899 0.0247887 0.0153202 0.00654259 0.00121912 0.000365735 0 0 0
 0 0 0 0 0 0 0 0 0 0 0 0 0.000112435 0.00938835 0.0111873 0.0202946 0.0414886 0.0713402 0.111592 0.104902 0.108894 0.110636 0.117776 0.105296 0.107544 0.0401394 0.0192827 0.0124803 0.00416011 0.0028671 0.000618394 0 0 0 0 0
 0 0 0 0 0 0 0 0 0 0 0.00291406 0.0102884 0.027416 0.0768956 0.0749926 0.110853 0.0956884 0.0897413 0.0766577 0.0534642 0.0500743 0.0551293 0.0594112 0.0620874 0.0668451 0.0424026 0.0208742 0.0120726 0.0048766 0.00582813 0.00118941 0.000297354 0 0 0 0
 0 0.00264628 0.0354308 0.0461629 0.0458689 0.0383711 0.0214643 0.0164657 0.0346957 0.0420465 0.0363128 0.0245516 0.0311673 0.0291091 0.0169068 0.0133784 0.00837989 0.0085269 0.0148486 0.0160247 0.0276389 0.0546898 0.0760071 0.122758 0.109233 0.0665981 0.0333725 0.0166128 0.00676272 0.00308733 0.000882094 0 0 0 0 0
 0 0 0 0 0 0 0 0.000805153 0.000690131 0.00759144 0.0133425 0.0154129 0.00931677 0.000345066 0.00356568 0.00563607 0.00851162 0.0253048 0.0502646 0.0516448 0.0657925 0.0565908 0.0611916 0.0827007 0.0866115 0.110766 0.145733 0.0935128 0.0569358 0.0249597 0.0138026 0.00621118 0.00161031 0.00115022 0 0
 0 0 0 0 0 0 0 0 0 0 0 0 0 0 0 0 0 0 0 0 0 0 0 0 0 0 0 0 0 0 0 0 0 0 0 0
 0.00147267 0.00158595 0.00478618 0.00569244 0.00954404 0.0108468 0.00647125 0.017049 0.0510054 0.094081 0.124002 0.0959785 0.0687766 0.0820023 0.061753 0.0591476 0.0492212 0.0479892 0.0443925 0.0268479 0.0217502 0.0140895 0.0121071 0.0120363 0.00920419 0.00665534 0.0049561 0.00860946 0.00930331 0.0156896 0.0114698 0.00855282 0.00243557 0.00046729 0 2.83206e-05
 0 0 0 0 0.000772559 0.00158375 0.000888443 0.00281984 0.00712685 0.0440552 0.0773331 0.111326 0.0921469 0.0852325 0.0710754 0.0886704 0.0786465 0.0553345 0.0373146 0.0185414 0.00753245 0.00457741 0.012979 0.0271748 0.0457355 0.0583668 0.034881 0.0177882 0.00938659 0.00492506 0.0015258 0.00185414 0.000309023 5.79419e-05 3.86279e-05 0
 0 0.00173294 0.00326652 0 0.00397197 0.00683976 0.00946217 0.0152591 0.00757587 0.0136028 0.0228656 0.0392903 0.0559909 0.0764795 0.0681675 0.0726916 0.0566044 0.0477403 0.0527397 0.0444891 0.0609904 0.0582453 0.0661739 0.0445044 0.0529084 0.0360697 0.0280645 0.0235558 0.0158879 0.00826598 0.00280645 0.00217768 0.000904811 0.00058276 9.20147e-05 0
 0 0 0 0 0 0 0 0 0 0 0 0 0 0 0 0 0 0 0 0 0 0 0 0 0 0 0 0 0 0 0 0 0 0 0 0
 0 0 0 0 0 0 0 0 0 0 0 0 0 0 0 0 0 0 0 0 0 0 0 0 0 0 0 0 0 0 0 0 0 0 0 0
 0 0 0 0 0 0 0 0 0 0 0 0 0 0 0 0 0 0 0 0 0 0 0 0 0 0 0 0 0 0 0 0 0 0 0 0
ppred_pel_tallas
 1.05698e-16 2.90455e-06 1.69566e-05 8.04147e-05 0.000309284 0.000964185 0.00243611 0.00498946 0.00828909 0.011188 0.0123225 0.0112209 0.00879995 0.00668687 0.00615014 0.00767249 0.011231 0.016679 0.0238522 0.0324645 0.041991 0.0516467 0.0604788 0.0675402 0.0720877 0.0737374 0.0725296 0.0688782 0.0634366 0.0569264 0.0499898 0.0431036 0.036565 0.0305257 0.025049 0.0201582
 1.16584e-16 8.25696e-06 4.84298e-05 0.000230153 0.000886001 0.00276279 0.00697857 0.0142797 0.0236726 0.0317993 0.0346243 0.03059 0.0220058 0.0130678 0.00678048 0.00377796 0.00325587 0.00427783 0.0063413 0.00931959 0.0132453 0.0181595 0.0240368 0.0307511 0.0380592 0.0456016 0.0529203 0.0594952 0.0648001 0.0683695 0.0698664 0.0691377 0.0662427 0.0614466 0.0551815 0.0479799
 1.27335e-16 3.89386e-06 2.2808e-05 0.000108329 0.000416924 0.00129998 0.00328378 0.00672055 0.011146 0.014987 0.0163568 0.0145423 0.0106604 0.00673071 0.0042291 0.00353101 0.00434012 0.00628701 0.00917526 0.0129362 0.0175187 0.0228266 0.0287089 0.0349808 0.0414506 0.0479354 0.0542585 0.0602272 0.065607 0.070108 0.0733983 0.0751481 0.0750936 0.0731006 0.0692103 0.0636493
 1.13687e-16 2.69778e-05 0.000158343 0.000752701 0.00289796 0.00903703 0.0228267 0.0467057 0.0774173 0.103961 0.11311 0.0997219 0.0712772 0.0413834 0.0196881 0.00801059 0.00338533 0.00234705 0.00281117 0.00393478 0.00547893 0.00739752 0.00967734 0.0122939 0.0152011 0.0183277 0.0215722 0.0248002 0.0278445 0.0305133 0.0326076 0.0339463 0.0343944 0.0338866 0.0324416 0.0301631
 1.01094e-16 4.05224e-05 0.000237859 0.00113073 0.00435346 0.0135759 0.0342916 0.0701637 0.116299 0.156171 0.169903 0.149767 0.106991 0.0620029 0.0292718 0.0114967 0.00417537 0.00204005 0.00188364 0.0023537 0.00300093 0.00367141 0.00427988 0.00475929 0.00506258 0.00517142 0.00509924 0.00488534 0.00458262 0.00424306 0.00390587 0.0035918 0.00330394 0.00303343 0.00276698 0.00249355
 1.01096e-16 2.0858e-05 0.000122371 0.000581596 0.002239 0.00698198 0.0176364 0.0360893 0.0598331 0.0803879 0.0875666 0.0774508 0.0559015 0.0335513 0.0180131 0.010877 0.010025 0.0128817 0.0177962 0.0238706 0.0304404 0.0367893 0.0421301 0.0457287 0.0470674 0.0459711 0.0426512 0.037645 0.0316788 0.0254985 0.0197225 0.0147546 0.0107686 0.00774897 0.00556039 0.00401811
 1.01056e-16 3.79052e-05 0.000222492 0.00105767 0.00407213 0.0126986 0.0320756 0.0656299 0.108785 0.146083 0.158935 0.140116 0.100135 0.0581055 0.0275765 0.0110875 0.00444431 0.0027355 0.00297156 0.00388773 0.00505047 0.00628782 0.00747942 0.00851451 0.00930063 0.00977861 0.00993069 0.00977746 0.00936657 0.00875784 0.00801036 0.00717514 0.00629371 0.00540026 0.00452483 0.00369481
 1.00506e-16 3.68097e-05 0.000216054 0.00102704 0.00395421 0.0123309 0.0311468 0.0637299 0.105638 0.141863 0.15436 0.136121 0.0973617 0.0566632 0.0272036 0.0114763 0.00543253 0.00431507 0.00520958 0.00684402 0.00871782 0.0105558 0.0121226 0.0132084 0.013665 0.0134398 0.0125878 0.0112549 0.00964 0.00794748 0.00634691 0.00494918 0.00380266 0.00290481 0.00222161 0.00170676
 1.00419e-16 3.67286e-05 0.000215578 0.00102478 0.00394551 0.0123037 0.0310782 0.0635896 0.105405 0.14155 0.15402 0.135821 0.0971475 0.0565387 0.0271445 0.0114528 0.00542438 0.00431329 0.0052127 0.00685471 0.0087412 0.0105986 0.0121923 0.0133116 0.0138061 0.0136189 0.0127996 0.0114883 0.00987914 0.00817378 0.00654195 0.00509768 0.00389489 0.00293795 0.00219969 0.0016394
 1.00337e-16 3.81352e-05 0.000223838 0.00106406 0.00409674 0.0127753 0.0322694 0.0660267 0.109444 0.146971 0.15991 0.140996 0.100807 0.0585842 0.0279682 0.0115279 0.00505429 0.00360928 0.00417404 0.00544597 0.00693856 0.00841333 0.00968024 0.0105718 0.0109683 0.0108247 0.0101797 0.00914426 0.00787176 0.00652181 0.00522869 0.00408266 0.00312652 0.00236394 0.00177374 0.00132409
 1.0141e-16 1.7139e-05 0.000100533 0.000477762 0.0018392 0.00573519 0.0144871 0.0296462 0.0491552 0.0660544 0.0719868 0.0637508 0.0461873 0.0280694 0.0157037 0.0104601 0.0106622 0.0142413 0.0198488 0.0266961 0.0341168 0.0413396 0.0474984 0.0517765 0.0535884 0.0527182 0.0493705 0.0441067 0.0376994 0.0309496 0.0245289 0.0188861 0.0142295 0.0105688 0.00778764 0.0057156
 1.06459e-16 1.55072e-05 9.09759e-05 0.000432379 0.00166455 0.00519062 0.0131113 0.0268291 0.0444789 0.059754 0.0650772 0.0575289 0.0414573 0.0247553 0.0130702 0.00757772 0.00671183 0.00859521 0.012079 0.0166232 0.0219041 0.0275802 0.033237 0.0384279 0.0427473 0.0458969 0.0477213 0.0482052 0.0474401 0.0455803 0.0428044 0.0392958 0.0352405 0.0308319 0.0262733 0.0217705
 1.03246e-16 3.53066e-05 0.000207235 0.000985134 0.00379287 0.0118278 0.0298758 0.0611291 0.101325 0.136066 0.148041 0.130519 0.0932915 0.054167 0.0257689 0.0104702 0.00437274 0.00291128 0.00330978 0.00439683 0.0057723 0.00727627 0.00879373 0.0102161 0.0114496 0.0124291 0.0131244 0.0135351 0.0136793 0.0135796 0.013254 0.0127138 0.0119689 0.0110356 0.00994325 0.00873661
 1.01544e-16 3.15426e-05 0.000185123 0.000879977 0.00338794 0.0105649 0.0266863 0.0546042 0.0905143 0.121564 0.1323 0.116732 0.0836348 0.0489592 0.024039 0.0110609 0.00660631 0.00663482 0.00865292 0.0115262 0.0147257 0.0178658 0.0205685 0.0224864 0.0233723 0.0231364 0.0218668 0.0198011 0.017263 0.014584 0.0120363 0.00979473 0.00793174 0.00643795 0.00525546 0.00431019
 1.00851e-16 3.56135e-05 0.000209031 0.000993655 0.00382566 0.01193 0.0301341 0.061658 0.102204 0.137252 0.149346 0.131705 0.0942174 0.0548613 0.0263918 0.0112272 0.00545735 0.00448661 0.00550084 0.00727168 0.00931269 0.0113502 0.0131441 0.0144751 0.015182 0.0151959 0.0145542 0.0133859 0.0118749 0.0102155 0.00857312 0.00706182 0.00573994 0.00462064 0.00368895 0.00291818
 1.00651e-16 3.45865e-05 0.000202998 0.000964968 0.00371519 0.0115855 0.029264 0.059878 0.0992541 0.133295 0.145049 0.127937 0.0915689 0.0534138 0.0258723 0.0113089 0.00594151 0.00531628 0.00669742 0.00887171 0.0113268 0.0137405 0.0158155 0.0172809 0.0179421 0.0177257 0.016695 0.0150302 0.0129802 0.010804 0.00871829 0.0068684 0.00532216 0.00408419 0.00311932 0.00237587
 1.01257e-16 2.84142e-05 0.000166751 0.000792625 0.00305159 0.00951604 0.0240369 0.0491838 0.0815316 0.109507 0.119197 0.105215 0.0754811 0.0443828 0.0221591 0.0108155 0.00730905 0.00802739 0.0107304 0.0143694 0.0184024 0.0223807 0.0258406 0.0283469 0.0295817 0.0294159 0.027937 0.0254175 0.0222414 0.0188112 0.015468 0.0124445 0.00985622 0.00772256 0.00600254 0.00462931
 1.02076e-16 2.91922e-05 0.000171324 0.000814378 0.00313536 0.0097773 0.0246968 0.0505334 0.083767 0.112503 0.122443 0.108045 0.0774327 0.0453729 0.0223628 0.010437 0.00644552 0.00666477 0.00880255 0.0118218 0.0152396 0.0186971 0.0218312 0.0242946 0.0258207 0.0262792 0.025699 0.0242474 0.0221786 0.0197675 0.017254 0.0148102 0.0125358 0.0104721 0.00862604 0.00699053
 1.02722e-16 2.67971e-05 0.000157259 0.000747502 0.00287786 0.00897428 0.0226685 0.0463837 0.0768899 0.103273 0.112412 0.0992279 0.0711893 0.0418672 0.0209191 0.0102401 0.00696593 0.00769834 0.0103359 0.0139037 0.017906 0.0219347 0.0255635 0.0283851 0.0300917 0.0305401 0.0297779 0.0280169 0.0255686 0.0227641 0.0198858 0.0171286 0.0145958 0.0123185 0.010287 0.00847816
 1.0097e-16 3.85219e-05 0.000226112 0.00107487 0.00413839 0.0129053 0.0325975 0.0666978 0.110555 0.14846 0.161523 0.142399 0.10177 0.0590615 0.0280429 0.0112953 0.00455485 0.00282729 0.00306848 0.00398413 0.00512221 0.00629596 0.00737341 0.00823833 0.00880213 0.00902061 0.00890109 0.00849561 0.00788381 0.00715163 0.00637318 0.00560077 0.0048639 0.00417465 0.00353572 0.00294724
 1.00799e-16 3.11314e-05 0.000182707 0.000868484 0.00334368 0.0104269 0.0263377 0.0538911 0.089333 0.11998 0.130582 0.115232 0.082594 0.0484179 0.0238995 0.0112086 0.00698215 0.00723891 0.00951568 0.0126777 0.016173 0.0195785 0.0224723 0.024466 0.0252841 0.0248288 0.0232034 0.020681 0.017634 0.0144459 0.0114355 0.00881243 0.00666921 0.00500252 0.00374899 0.00282088
 1.01828e-16 2.76136e-05 0.000162053 0.000770291 0.0029656 0.0092479 0.0233596 0.0477978 0.0792339 0.10642 0.115835 0.102245 0.0733428 0.0431113 0.0214989 0.0104541 0.00702061 0.00769204 0.0103001 0.0138401 0.0178041 0.0217771 0.0253275 0.028043 0.0296119 0.0298897 0.0289261 0.0269397 0.0242538 0.0212156 0.018126 0.0151993 0.0125553 0.0102365 0.00823744 0.00653147
 1.01689e-16 3.37884e-05 0.000198315 0.000942711 0.00362951 0.0113183 0.0285891 0.0584968 0.0969639 0.130217 0.141694 0.124966 0.0894144 0.0521017 0.0251346 0.0108155 0.00544435 0.00467056 0.00583227 0.0077685 0.0100168 0.0123102 0.0144076 0.016083 0.0171623 0.0175587 0.0172868 0.0164498 0.0152056 0.0137253 0.0121572 0.0106072 0.00913626 0.00777049 0.00651656 0.00537484
 1.01991e-16 2.69246e-05 0.000158004 0.000751037 0.00289146 0.00901669 0.0227756 0.0466032 0.0772547 0.103765 0.112955 0.0997245 0.0715824 0.042172 0.0212068 0.0106021 0.00748946 0.00845748 0.0113862 0.0152717 0.0195746 0.0238303 0.0275525 0.0302837 0.0316896 0.0316345 0.0302094 0.0276987 0.0245011 0.0210321 0.0176402 0.0145585 0.0118978 0.00967045 0.00782952 0.00630624
 1.07223e-16 1.66583e-06 9.68433e-06 4.58418e-05 0.00017617 0.000549076 0.00138759 0.00284411 0.0047332 0.00641339 0.00712895 0.00664498 0.00553564 0.00480465 0.00527959 0.00736275 0.0111714 0.0167226 0.023953 0.0326205 0.0422162 0.0519626 0.060912 0.0681227 0.0728567 0.0747335 0.0737935 0.0704461 0.0653332 0.0591581 0.0525386 0.0459247 0.039587 0.0336563 0.0281834 0.0231906
pSPR Fmed_Fpbrs
0.523531   0.351979 0.351979
Fs Fmed_Fpbrs
0.490192   1.005 1.005
SSBpbr Bo_Bmed_Bpbrs
996039  471655  300783 300783
Ro
20333
SPR SPRFo_SPRFmed_SPRFpbrs
417595 218624 146985
log_Ro
9.74
likeval ReclasPelacesDesembMPH_pf_preclas_ppelaces_ptallas_desvR_qrecl_qpela
 93.4667 91.7863 0.111848 0.000561693 374.322 198.039 84.841 0 53.3231 5.89727e-06 0 0 0 0 0
q_reclas_q_pelaces
0.708845 1
M
0.7
N
 5742.86 56830.9 27770.4 3653.39 0.134066
 8483.73 2808.24 25287.9 12356.9 1625.7
 1162.37 4094.58 1138.3 10250.3 5667.76
 6256.01 515.636 909.981 252.977 3537.63
 55509.7 2928.16 167.958 296.407 1234.71
 15741.2 27100 1287.95 73.8764 673.464
 56111.5 7048.69 6438.81 306.011 177.564
 71254.9 25248.7 1733.88 1583.86 118.953
 91126.3 30373.3 4222.85 289.993 284.796
 220048 39275.2 5496.02 764.12 104.007
 50900.9 101698 11688.7 1635.67 258.364
 21741.3 23458.1 29662.9 3409.31 552.444
 55208 10041.7 6950.32 8788.72 1173.81
 23116.1 23755.1 1795.71 1242.89 1781.54
 14762.5 9118.47 2286.46 172.839 291.105
 14858.7 5706.95 760.092 190.593 38.6732
 10002 6629.48 1321.41 175.995 53.0853
 9835.45 4570.71 1820.59 362.886 62.91
 7594.34 4570.97 1415.37 563.766 131.852
 27412.6 3529.98 1417.02 438.771 215.644
 30569.9 12499.3 954.275 383.069 176.911
 30086.1 14791.4 5158.24 393.811 231.093
 62201.3 14466.3 5837.36 2035.68 246.616
 49646.9 29577.1 5273.46 2127.91 831.973
 1133.7 23684.2 11034.4 1967.39 1104.26
pred_Ctot
 63.1726 4275.35 2089.15 274.843 0.0100857
 171.634 375.442 3380.81 1652.03 217.345
 89.7615 1702.4 473.271 4261.75 2356.48
 259.371 130.707 230.668 64.1261 896.741
 674.47 242.277 13.8969 24.5249 102.161
 1119.11 10597.9 503.677 28.8906 263.37
 3809.43 2662.1 2431.76 115.572 67.0611
 7320.98 12795.4 878.692 802.665 60.2826
 8726.72 14690.9 2042.49 140.263 137.749
 11015.2 11653.3 1630.72 226.721 30.86
 2644.98 31110 3575.62 500.36 79.0346
 1097.5 7008.31 8862.05 1018.56 165.047
 5345.05 4892.73 3386.47 4282.2 571.927
 3464.35 15048.6 1137.56 787.353 1128.59
 2385.91 6003.54 1505.39 113.796 191.662
 1091.62 2287.17 304.622 76.3841 15.4991
 576.461 2204.19 439.346 58.5153 17.65
 455.275 1271.19 506.338 100.925 17.4964
 350.737 1268.86 392.894 156.496 36.601
 1620.3 1197.37 480.653 148.831 73.1467
 564.431 1535.11 117.199 47.0467 21.7274
 687.718 2212.74 771.656 58.9128 34.5708
 1903.64 2816.12 1136.35 396.281 48.0081
 1407.59 5378.18 958.905 386.932 151.283
 40.2813 5257.17 2449.31 436.701 245.111
F
 0.0154002 0.109755 0.109755 0.109755 0.109755
 0.0284868 0.203021 0.203021 0.203021 0.203021
 0.112812 0.803996 0.803996 0.803996 0.803996
 0.0591692 0.42169 0.42169 0.42169 0.42169
 0.0170227 0.121318 0.121318 0.121318 0.121318
 0.103439 0.73719 0.73719 0.73719 0.73719
 0.0985679 0.702478 0.702478 0.702478 0.702478
 0.152699 1.08826 1.08826 1.08826 1.08826
 0.141653 1.00954 1.00954 1.00954 1.00954
 0.0718369 0.51197 0.51197 0.51197 0.51197
 0.0746632 0.532113 0.532113 0.532113 0.532113
 0.0724626 0.516429 0.516429 0.516429 0.516429
 0.143311 1.02135 1.02135 1.02135 1.02135
 0.230227 1.64079 1.64079 1.64079 1.64079
 0.250408 1.78462 1.78462 1.78462 1.78462
 0.107058 0.762986 0.762986 0.762986 0.762986
 0.0831176 0.592366 0.592366 0.592366 0.592366
 0.0662673 0.472276 0.472276 0.472276 0.472276
 0.0661121 0.47117 0.47117 0.47117 0.47117
 0.0853247 0.608095 0.608095 0.608095 0.608095
 0.0259695 0.185081 0.185081 0.185081 0.185081
 0.0322396 0.229766 0.229766 0.229766 0.229766
 0.0433765 0.309137 0.309137 0.309137 0.309137
 0.0401268 0.285977 0.285977 0.285977 0.285977
 0.0505162 0.360021 0.360021 0.360021 0.360021
nmprior
 10.6 11 7 0
nm_flota  nm_reclas  nm_pelaces    nm_pelaL
inf 25.1844 18.7509 45.1781
cv_recla  cv_pelaces  cv_mph
0.874487 1.08633 0.768932
 ------------------------------------------------
Talla a la edad & desviación 
 7.2 14.2025 17.0495 18.207 18.6776
 1.08 2.13037 2.55742 2.73105 2.80164
