years
 1997 1998 1999 2000 2001 2002 2003 2004 2005 2006 2007 2008 2009 2010 2011 2012 2013 2014 2015 2016 2017 2018 2019 2020 2021
reclasobs
 0 0 0 370054 412103 1.49427e+06 250295 1.28982e+06 931140 785840 897777 1.04006e+06 184774 17550 25797 100020 73551 82996 120727 218422 84188 347160 605670 569463 516374
reclaspred
 5.83802e+06 921452 1.08165e+06 196364 221986 328851 637462 603025 627558 892576 1.02426e+06 678102 354860 141001 77056.9 79857.9 90846.5 109959 121277 132070 208585 225847 379876 458566 406571
pelacesobs
 0 0 0 0 0 0 0 0 0 2.06254e+06 1.5e+06 0 1.87456e+06 323000 250000 174000 83755 137374 0 501740 490994 745055 786931 1.00524e+06 1.33801e+06
pelacespred
 6.69268e+06 2.50414e+06 550735 252202 678881 415148 2.21956e+06 1.59817e+06 1.6477e+06 2.61403e+06 1.84575e+06 1.2987e+06 921074 304469 179224 160401 178009 225085 214512 243697 503529 407837 555878 816585 454690
mphobs
 0 0 0 0 0 112323 0 153150 637223 0 255016 313432 73983 77613 109348 50772 0 0 0 0 0 0 0 0 0
mphpred
 1.27366e+06 536870 208494 69974.8 41466.5 144083 151996 284683 251245 288530 448513 267128 165123 97031 44560.5 33401 33546.8 37432 43814.1 44215.8 61047.7 81624 98807.1 142661 157094
desembarqueobs
 350755 77701 442110 56441 14545 235359 269955 359681 431902 328805 639364 411747 362871 311530 167758 66681 60226 58785 57116 73181 50977 67692 138656 160484 209506
desembarquepred
 350745 77680.2 441511 56406.7 14542.1 235119 269816 358997 431259 328435 637887 410844 361952 310805 167118 66567.2 60157.7 58668.2 57007.3 73067.5 50949.6 67600.7 138505 160318 209258
Reclutas
 4951.43 7002.54 885.045 3300.42 42696.1 11339.6 65210.4 56957.6 65174.6 133674 51030.1 48486.6 56354.9 28944.2 12801.4 10620.3 6973.29 8022.42 8147.63 10239.4 15756 19269.1 33116.4 33225.3 925.893
log_desv_Rt
 -1.17257 -0.825972 -2.89436 -1.5782 0.981863 -0.343943 1.40537 1.27006 1.40482 2.12316 1.16017 1.10904 1.25942 0.593125 -0.222691 -0.409478 -0.830158 -0.690004 -0.674518 -0.445999 -0.0150263 0.186258 0.727785 0.731066 -2.84924
SSB
 1.82948e+06 771160 299481 100512 59562.5 206960 218328 408918 360888 414445 644244 383703 237183 139375 64006.8 47977.2 48186.7 53767.4 62934.6 63511.6 87688.9 117245 141927 204918 225650
BT
 2.22617e+06 909548 415095 146464 265306 311184 1.05244e+06 943688 990949 1.25989e+06 1.17179e+06 823203 681626 390454 198520 111060 109704 126842 119486 142395 218796 195817 280943 402392 303315
Ftot
 0.161169 0.260422 1.20221 0.916809 0.311362 1.64369 1.63952 1.73856 2.03887 1.28777 1.56168 1.66264 2.9078 4.79811 4.95303 2.25285 1.8135 1.55192 1.28525 1.56816 0.751539 0.846259 1.03819 0.988395 1.22885
BD_Bspro_t
 0.978667 0.843212 0.583178 0.205166 0.24338 0.576061 0.401155 0.492448 0.408236 0.401177 0.471659 0.28514 0.200195 0.142023 0.0794717 0.0733287 0.100827 0.153038 0.215644 0.26232 0.359672 0.492475 0.497893 0.512609 0.463377
BD_Bspro
 5.56935 2.34758 0.911686 0.30598 0.181321 0.630033 0.664638 1.24484 1.09862 1.26166 1.96122 1.16808 0.722036 0.424289 0.194851 0.146053 0.146691 0.16368 0.191587 0.193343 0.266944 0.356919 0.432056 0.623816 0.686927
BD_Bo
 1.99125 0.839349 0.325962 0.1094 0.0648293 0.225261 0.237633 0.445077 0.3928 0.451091 0.701211 0.417632 0.258155 0.151699 0.0696665 0.0522195 0.0524476 0.0585217 0.0684996 0.0691275 0.0954427 0.127612 0.154476 0.223038 0.245603
BD_Brms
 5.52279 2.32796 0.904065 0.303422 0.179806 0.624766 0.659082 1.23443 1.08944 1.25111 1.94483 1.15831 0.716 0.420742 0.193222 0.144832 0.145465 0.162311 0.189985 0.191727 0.264713 0.353935 0.428444 0.618602 0.681184
S_f
 0.084214 0.737646 0.988501 0.99962 0.999988
 0.084214 0.737646 0.988501 0.99962 0.999988
 0.084214 0.737646 0.988501 0.99962 0.999988
 0.084214 0.737646 0.988501 0.99962 0.999988
 0.084214 0.737646 0.988501 0.99962 0.999988
 0.084214 0.737646 0.988501 0.99962 0.999988
 0.084214 0.737646 0.988501 0.99962 0.999988
 0.084214 0.737646 0.988501 0.99962 0.999988
 0.084214 0.737646 0.988501 0.99962 0.999988
 0.084214 0.737646 0.988501 0.99962 0.999988
 0.084214 0.737646 0.988501 0.99962 0.999988
 0.084214 0.737646 0.988501 0.99962 0.999988
 0.084214 0.737646 0.988501 0.99962 0.999988
 0.084214 0.737646 0.988501 0.99962 0.999988
 0.084214 0.737646 0.988501 0.99962 0.999988
 0.084214 0.737646 0.988501 0.99962 0.999988
 0.084214 0.737646 0.988501 0.99962 0.999988
 0.084214 0.737646 0.988501 0.99962 0.999988
 0.084214 0.737646 0.988501 0.99962 0.999988
 0.084214 0.737646 0.988501 0.99962 0.999988
 0.084214 0.737646 0.988501 0.99962 0.999988
 0.084214 0.737646 0.988501 0.99962 0.999988
 0.084214 0.737646 0.988501 0.99962 0.999988
 0.084214 0.737646 0.988501 0.99962 0.999988
 0.084214 0.737646 0.988501 0.99962 0.999988
Scru_reclas
 0.166992 0.502211 0.835455 0.962339 0.992284
 0.166992 0.502211 0.835455 0.962339 0.992284
 0.166992 0.502211 0.835455 0.962339 0.992284
 0.166992 0.502211 0.835455 0.962339 0.992284
 0.166992 0.502211 0.835455 0.962339 0.992284
 0.166992 0.502211 0.835455 0.962339 0.992284
 0.166992 0.502211 0.835455 0.962339 0.992284
 0.166992 0.502211 0.835455 0.962339 0.992284
 0.166992 0.502211 0.835455 0.962339 0.992284
 0.166992 0.502211 0.835455 0.962339 0.992284
 0.166992 0.502211 0.835455 0.962339 0.992284
 0.166992 0.502211 0.835455 0.962339 0.992284
 0.166992 0.502211 0.835455 0.962339 0.992284
 0.166992 0.502211 0.835455 0.962339 0.992284
 0.166992 0.502211 0.835455 0.962339 0.992284
 0.166992 0.502211 0.835455 0.962339 0.992284
 0.166992 0.502211 0.835455 0.962339 0.992284
 0.166992 0.502211 0.835455 0.962339 0.992284
 0.166992 0.502211 0.835455 0.962339 0.992284
 0.166992 0.502211 0.835455 0.962339 0.992284
 0.166992 0.502211 0.835455 0.962339 0.992284
 0.166992 0.502211 0.835455 0.962339 0.992284
 0.166992 0.502211 0.835455 0.962339 0.992284
 0.166992 0.502211 0.835455 0.962339 0.992284
 0.166992 0.502211 0.835455 0.962339 0.992284
Scru_pelaces
 0.759353 0.996598 0.999963 1 1
 0.759353 0.996598 0.999963 1 1
 0.759353 0.996598 0.999963 1 1
 0.759353 0.996598 0.999963 1 1
 0.759353 0.996598 0.999963 1 1
 0.759353 0.996598 0.999963 1 1
 0.759353 0.996598 0.999963 1 1
 0.759353 0.996598 0.999963 1 1
 0.759353 0.996598 0.999963 1 1
 0.759353 0.996598 0.999963 1 1
 0.759353 0.996598 0.999963 1 1
 0.759353 0.996598 0.999963 1 1
 0.759353 0.996598 0.999963 1 1
 0.759353 0.996598 0.999963 1 1
 0.759353 0.996598 0.999963 1 1
 0.759353 0.996598 0.999963 1 1
 0.759353 0.996598 0.999963 1 1
 0.759353 0.996598 0.999963 1 1
 0.759353 0.996598 0.999963 1 1
 0.759353 0.996598 0.999963 1 1
 0.759353 0.996598 0.999963 1 1
 0.759353 0.996598 0.999963 1 1
 0.759353 0.996598 0.999963 1 1
 0.759353 0.996598 0.999963 1 1
 0.759353 0.996598 0.999963 1 1
pf_obs 
 0.256992 0.487395 0.22802 0.0275931 0
 0.321318 0.546541 0.124235 0.00734118 0.000564706
 0.182869 0.594174 0.210203 0.0122559 0.00049798
 0.330522 0.361315 0.267642 0.0388342 0.00168674
 0.649043 0.306663 0.0425973 0.00169635 0
 0.582887 0.30429 0.105238 0.00758474 0
 0.465427 0.430635 0.0974691 0.00646863 0
 0.296916 0.608066 0.0921331 0.00288517 0
 0.311714 0.524322 0.152257 0.0117073 0
 0.15457 0.633149 0.183074 0.0267441 0.00246327
 0.131901 0.49318 0.331252 0.0422183 0.00144891
 0.196976 0.569456 0.194076 0.0375587 0.00193317
 0.518974 0.381816 0.0799577 0.0180837 0.00116848
 0.0928022 0.601141 0.25162 0.0475244 0.00691264
 0.122501 0.610282 0.24278 0.0234846 0.000952079
 0.383417 0.481906 0.127806 0.00687128 0
 0.0376549 0.599619 0.316969 0.0457579 0
 0.0361596 0.667082 0.258105 0.0386534 0
 0.158088 0.579412 0.248529 0.0139706 0
 0.0477256 0.309471 0.559284 0.082774 0.000745712
 0.0406174 0.521527 0.379366 0.0568643 0.0016247
 0.151134 0.462217 0.34131 0.0453401 0
 0.294876 0.26143 0.354403 0.0886775 0.000613685
 0.281977 0.475581 0.204845 0.0348837 0.00271318
 0.0354234 0.537034 0.353287 0.0723622 0.0018943
pf_pred 
 0.00715921 0.645055 0.307911 0.039873 1.73178e-06
 0.0186724 0.0526264 0.664982 0.2338 0.0299197
 0.00695969 0.170733 0.0599378 0.547845 0.214524
 0.113743 0.093669 0.201535 0.0438795 0.547174
 0.693074 0.197576 0.0169374 0.0238116 0.0686006
 0.083357 0.875404 0.0296175 0.00182047 0.00980093
 0.568983 0.246905 0.179325 0.00346072 0.00132563
 0.255389 0.714185 0.0213467 0.00884855 0.000230666
 0.298058 0.591938 0.10746 0.00179751 0.000746167
 0.409706 0.522511 0.0617249 0.00592203 0.00013642
 0.11606 0.795457 0.0820094 0.00590542 0.000567928
 0.199832 0.525772 0.25781 0.015398 0.00118806
 0.329814 0.549117 0.0934513 0.0259857 0.0016326
 0.269616 0.686325 0.0402011 0.00300208 0.00085633
 0.28097 0.694537 0.0240543 0.000401649 3.64734e-05
 0.325962 0.65212 0.0217072 0.000207089 3.56405e-06
 0.206377 0.717336 0.0750135 0.00126204 1.18976e-05
 0.270361 0.589538 0.132334 0.00764103 0.000126573
 0.2395 0.643041 0.103225 0.0134613 0.000772475
 0.279241 0.580638 0.126108 0.0123453 0.00166793
 0.295652 0.596618 0.094525 0.011911 0.00129377
 0.233053 0.618731 0.13224 0.0140453 0.00193066
 0.299553 0.535222 0.14272 0.0201154 0.00238945
 0.214738 0.654679 0.109134 0.0185739 0.00287551
 0.00722426 0.751209 0.214167 0.0229667 0.00443329
pobs_RECLAS
 0 0 0 0 0
 0 0 0 0 0
 0 0 0 0 0
 0 0 0 0 0
 0.835266 0.146461 0.0176864 0.000547809 3.91292e-05
 0.385257 0.428462 0.181853 0.0044286 0
 0.867414 0.0963971 0.0333333 0.00285562 0
 0.441836 0.489002 0.0689373 0.000224442 0
 0.779404 0.147425 0.0564933 0.0165055 0.000172143
 0.814271 0.122319 0.05973 0.00367925 0
 0.40263 0.566651 0.0304383 0.000280538 0
 0.475488 0.404961 0.113038 0.00651328 0
 0.955842 0.0263864 0.0167828 0.000988607 0
 0.975058 0.0227948 0.00214734 0 0
 0.738997 0.206755 0.0527124 0.00153531 0
 0.850938 0.134255 0.0134407 0.00136685 0
 0.542534 0.407297 0.0501686 0 0
 0.764087 0.199537 0.0359546 0.000420521 0
 0.470689 0.182191 0.310203 0.0369168 0
 0.84361 0.089868 0.0606195 0.00523954 0.000663233
 0.607945 0.314616 0.071237 0.00620181 0
 0.523733 0.453247 0.0230204 0 0
 0.530135 0.295979 0.169645 0.0042399 0
 0.562478 0.366248 0.0663022 0.0049721 0
 0.250443 0.683176 0.0655157 0.000865301 0
ppred_RECLAS
 0.0190231 0.584588 0.34544 0.050947 2.28075e-06
 0.0422677 0.0404411 0.631221 0.252734 0.0333366
 0.0167638 0.13084 0.0546968 0.568329 0.229371
 0.229541 0.0615724 0.159983 0.0396244 0.509279
 0.853524 0.0823895 0.00871354 0.0139495 0.0414232
 0.228069 0.73018 0.0286559 0.00199976 0.0110959
 0.80174 0.106109 0.0894185 0.00195923 0.000773469
 0.52993 0.447218 0.015408 0.0072491 0.000194757
 0.587901 0.340471 0.0697392 0.00132265 0.00056584
 0.682445 0.274786 0.0384742 0.0041953 9.96062e-05
 0.295563 0.62283 0.0748771 0.00612315 0.000606906
 0.436962 0.349787 0.198707 0.0134734 0.0010714
 0.651482 0.281436 0.0502661 0.015793 0.00102245
 0.666086 0.316176 0.0160064 0.00133838 0.000393278
 0.684781 0.306032 0.0090032 0.000168193 1.57335e-05
 0.629162 0.357486 0.0132072 0.000142746 2.53175e-06
 0.461363 0.479969 0.0575585 0.00109883 1.0676e-05
 0.538041 0.36108 0.094572 0.00620146 0.000105874
 0.491508 0.416741 0.0793018 0.0117536 0.000695162
 0.549114 0.350824 0.088814 0.00987348 0.00137483
 0.551285 0.366778 0.0706688 0.0101333 0.00113448
 0.470476 0.409019 0.105896 0.0127965 0.001813
 0.55735 0.321271 0.102871 0.016489 0.00201878
 0.448402 0.442806 0.0888486 0.0171989 0.00274434
 0.0213541 0.704796 0.23893 0.0291252 0.00579449
pobs_PELACES
 0 0 0 0 0
 0 0 0 0 0
 0 0 0 0 0
 0 0 0 0 0
 0 0 0 0 0
 0 0 0 0 0
 0 0 0 0 0
 0 0 0 0 0
 0 0 0 0 0
 0 0 0 0 0
 0.450072 0.473896 0.0757376 0.000293798 0
 0 0 0 0 0
 0.463077 0.371075 0.160297 0.00555027 0
 0.529543 0.364841 0.0842815 0.0213345 0
 0.631943 0.363953 0.00410389 0 0
 0.735681 0.248677 0.0153453 0.000297389 0
 0.695825 0.281241 0.0229344 0 0
 0.275771 0.60734 0.115278 0.00161068 0
 0 0 0 0 0
 0.896147 0.0623911 0.0374545 0.00400742 0
 0.803859 0.145111 0.0509908 3.86294e-05 0
 0.739449 0.233085 0.0266225 0.000797448 4.60066e-05
 0.878498 0.100942 0.0204185 0.000141795 0
 0.694673 0.275183 0.0284847 0.00165964 0
 0.469039 0.446079 0.0841089 0.000773354 0
ppred_PELACES
 0.0523811 0.678473 0.23861 0.0305343 1.32566e-06
 0.154889 0.0611407 0.563318 0.195628 0.0250247
 0.0852896 0.224163 0.051167 0.459539 0.179841
 0.610415 0.0586378 0.0851791 0.0182545 0.227514
 0.947842 0.0373351 0.00232099 0.00322221 0.00927926
 0.497948 0.488094 0.0100837 0.000607262 0.00326714
 0.944264 0.0382965 0.0169949 0.000321348 0.000123009
 0.793904 0.200974 0.00361651 0.0014678 3.82364e-05
 0.847306 0.137964 0.0143975 0.000235298 9.76002e-05
 0.873981 0.116336 0.00883122 0.000832095 1.91567e-05
 0.587626 0.385884 0.0245878 0.00173567 0.000166811
 0.756683 0.184695 0.0551463 0.00322659 0.000248784
 0.899541 0.0905882 0.00767104 0.00207024 0.000129938
 0.930006 0.0684596 0.00140516 0.000100225 2.85454e-05
 0.936478 0.0627704 0.000739166 1.17726e-05 1.06738e-06
 0.865505 0.132031 0.00244151 2.27214e-05 3.90719e-07
 0.753868 0.231483 0.0144094 0.00023724 2.23492e-06
 0.806214 0.168961 0.0234736 0.00132877 2.19965e-05
 0.761435 0.213546 0.0220358 0.00282214 0.000161852
 0.814078 0.161853 0.0217051 0.00208287 0.000281224
 0.782731 0.19326 0.0211045 0.00262008 0.000284452
 0.731203 0.231141 0.0336525 0.00351959 0.000483553
 0.804983 0.161878 0.0286888 0.00397714 0.000472175
 0.717065 0.249705 0.0278456 0.00466276 0.000721475
 0.0696956 0.770178 0.142248 0.0149864 0.00289116
pobs_pel_tallas
 0 0 0 0 0 0 0 0 0 0 0 0 0 0 0 0 0 0 0 0 0 0 0 0 0 0 0 0 0 0 0 0 0 0 0 0
 0 0 0 0 0 0 0 0 0 0 0 0 0 0 0 0 0 0 0 0 0 0 0 0 0 0 0 0 0 0 0 0 0 0 0 0
 0 0 0 0 0 0 0 0 0 0 0 0 0 0 0 0 0 0 0 0 0 0 0 0 0 0 0 0 0 0 0 0 0 0 0 0
 0 0 0 0 0 0 0 0 0 0 0 0 0 0 0 0 0 0 0 0 0 0 0 0 0 0 0 0 0 0 0 0 0 0 0 0
 0 0 0 0 0 0 0 0 0 0 0 0 0 0 0 0 0 0 0 0 0 0 0 0 0 0 0 0 0 0 0 0 0 0 0 0
 0 0 0 0 0 0 0 0 0 0 0 0 0 0 0 0 0 0 0 0 0 0 0 0 0 0 0 0 0 0 0 0 0 0 0 0
 0 0 0 0 0 0 0 0 0 0 0 0 0 0 0 0 0 0 0 0 0 0 0 0 0 0 0 0 0 0 0 0 0 0 0 0
 0 0 0 0 0 0 0 0 0 0 0 0 0 0 0 0 0 0 0 0 0 0 0 0 0 0 0 0 0 0 0 0 0 0 0 0
 0 0 0 0 0 0 0 0 0 0 0 0 0 0 0 0 0 0 0 0 0 0 0 0 0 0 0 0 0 0 0 0 0 0 0 0
 0 0 0 0 0 0 0 0 0 0 0 0 0 0 0 0 0 0 0 0 0 0 0 0 0 0 0 0 0 0 0 0 0 0 0 0
 0 0 0 0 0 0 0 0 1.78061e-05 0.00172719 0.00360574 0.0105946 0.0120993 0.0124554 0.0147524 0.0171206 0.0266825 0.0428682 0.0675386 0.121331 0.153587 0.119568 0.100827 0.0573624 0.0630603 0.0341343 0.0324427 0.0444173 0.0211091 0.0280891 0.0125444 0.00206551 0 0 0 0
 0 0 0 0 0 0 0 0 0 0 0 0 0 0 0 0 0 0 0 0 0 0 0 0 0 0 0 0 0 0 0 0 0 0 0 0
 0 0 0 0 0 0 0.0133647 0.0140871 0.0187388 0.0205184 0.03894 0.0496705 0.03968 0.0493445 0.0407372 0.0367815 0.0215668 0.0243155 0.0234873 0.0199281 0.019796 0.0243948 0.0301388 0.0376714 0.0412746 0.0863199 0.0771752 0.113111 0.0741005 0.0525337 0.0229764 0.00759418 0.00175318 0 0 0
 0 0 0 0 0 0 0 0 0 0 0.00219441 0.00772107 0.0458388 0.0604681 0.0671733 0.0775358 0.0609151 0.0617685 0.073594 0.0568108 0.0755445 0.0548602 0.0670107 0.0636378 0.0643287 0.046367 0.0373049 0.0286899 0.0247887 0.0153202 0.00654259 0.00121912 0.000365735 0 0 0
 0 0 0 0 0 0 0 0 0 0 0 0 0.000112435 0.00938835 0.0111873 0.0202946 0.0414886 0.0713402 0.111592 0.104902 0.108894 0.110636 0.117776 0.105296 0.107544 0.0401394 0.0192827 0.0124803 0.00416011 0.0028671 0.000618394 0 0 0 0 0
 0 0 0 0 0 0 0 0 0 0 0.00291406 0.0102884 0.027416 0.0768956 0.0749926 0.110853 0.0956884 0.0897413 0.0766577 0.0534642 0.0500743 0.0551293 0.0594112 0.0620874 0.0668451 0.0424026 0.0208742 0.0120726 0.0048766 0.00582813 0.00118941 0.000297354 0 0 0 0
 0 0.00264628 0.0354308 0.0461629 0.0458689 0.0383711 0.0214643 0.0164657 0.0346957 0.0420465 0.0363128 0.0245516 0.0311673 0.0291091 0.0169068 0.0133784 0.00837989 0.0085269 0.0148486 0.0160247 0.0276389 0.0546898 0.0760071 0.122758 0.109233 0.0665981 0.0333725 0.0166128 0.00676272 0.00308733 0.000882094 0 0 0 0 0
 0 0 0 0 0 0 0 0.000805153 0.000690131 0.00759144 0.0133425 0.0154129 0.00931677 0.000345066 0.00356568 0.00563607 0.00851162 0.0253048 0.0502646 0.0516448 0.0657925 0.0565908 0.0611916 0.0827007 0.0866115 0.110766 0.145733 0.0935128 0.0569358 0.0249597 0.0138026 0.00621118 0.00161031 0.00115022 0 0
 0 0 0 0 0 0 0 0 0 0 0 0 0 0 0 0 0 0 0 0 0 0 0 0 0 0 0 0 0 0 0 0 0 0 0 0
 0.00147267 0.00158595 0.00478618 0.00569244 0.00954404 0.0108468 0.00647125 0.017049 0.0510054 0.094081 0.124002 0.0959785 0.0687766 0.0820023 0.061753 0.0591476 0.0492212 0.0479892 0.0443925 0.0268479 0.0217502 0.0140895 0.0121071 0.0120363 0.00920419 0.00665534 0.0049561 0.00860946 0.00930331 0.0156896 0.0114698 0.00855282 0.00243557 0.00046729 0 2.83206e-05
 0 0 0 0 0.000772559 0.00158375 0.000888443 0.00281984 0.00712685 0.0440552 0.0773331 0.111326 0.0921469 0.0852325 0.0710754 0.0886704 0.0786465 0.0553345 0.0373146 0.0185414 0.00753245 0.00457741 0.012979 0.0271748 0.0457355 0.0583668 0.034881 0.0177882 0.00938659 0.00492506 0.0015258 0.00185414 0.000309023 5.79419e-05 3.86279e-05 0
 0 0.00173294 0.00326652 0 0.00397197 0.00683976 0.00946217 0.0152591 0.00757587 0.0136028 0.0228656 0.0392903 0.0559909 0.0764795 0.0681675 0.0726916 0.0566044 0.0477403 0.0527397 0.0444891 0.0609904 0.0582453 0.0661739 0.0445044 0.0529084 0.0360697 0.0280645 0.0235558 0.0158879 0.00826598 0.00280645 0.00217768 0.000904811 0.00058276 9.20147e-05 0
 0 0 0 0 0 0 0 0 0 0 0 0 0 0 0 0 0 0 0 0 0 0 0 0 0 0 0 0 0 0 0 0 0 0 0 0
 0 0 0 0 0 0 0 0 0 0 0 0 0 0 0 0 0 0 0 0 0 0 0 0 0 0 0 0 0 0 0 0 0 0 0 0
 0 0 0 0 0 0 0 0 0 0 0 0 0 0 0 0 0 0 0 0 0 0 0 0 0 0 0 0 0 0 0 0 0 0 0 0
ppred_pel_tallas
 1.04658e-16 2.32477e-06 1.35461e-05 6.41857e-05 0.000246773 0.00076923 0.00194376 0.00398263 0.00662233 0.00895614 0.00991099 0.00913463 0.00739544 0.00604589 0.00617096 0.00824193 0.0123244 0.0183576 0.0262086 0.0355609 0.0458083 0.0560504 0.0652079 0.0722254 0.0763006 0.0770594 0.0746257 0.0695567 0.0626788 0.0548803 0.0469328 0.0393865 0.0325511 0.0265398 0.0213438 0.0169001
 1.15908e-16 6.77014e-06 3.96996e-05 0.000188646 0.000726182 0.0022644 0.00571969 0.011704 0.0194037 0.0260683 0.0283929 0.0251056 0.0181064 0.0108463 0.00580489 0.00352625 0.0033818 0.00463962 0.00692453 0.010165 0.0144088 0.019692 0.025972 0.0330943 0.04078 0.0486292 0.0561441 0.0627724 0.0679677 0.0712624 0.0723371 0.0710744 0.067584 0.0621872 0.0553703 0.0477095
 1.24993e-16 3.7399e-06 2.18995e-05 0.000103999 0.000400236 0.00124792 0.00315235 0.006452 0.0107023 0.0143952 0.0157239 0.0140103 0.0103368 0.00665705 0.00440795 0.00397347 0.00509196 0.00742367 0.0107784 0.0150642 0.0201775 0.0259467 0.0321342 0.0384743 0.0447192 0.0506696 0.0561781 0.061122 0.065365 0.0687242 0.0709671 0.0718421 0.071136 0.0687367 0.0646825 0.0591773
 1.12487e-16 2.66317e-05 0.000156308 0.000743024 0.00286069 0.0089208 0.0225331 0.0461052 0.0764226 0.102628 0.111664 0.0984597 0.0704025 0.0409311 0.0195773 0.0081469 0.00372235 0.00288976 0.00359164 0.00498628 0.00681626 0.00900342 0.0114951 0.0142272 0.0171226 0.0200933 0.0230406 0.0258511 0.0283929 0.0305178 0.0320723 0.0329166 0.0329489 0.0321277 0.0304839 0.0281224
 1.0059e-16 4.13445e-05 0.000242687 0.00115368 0.00444183 0.0138515 0.0349876 0.0715878 0.118659 0.159339 0.173348 0.152799 0.109146 0.0632285 0.0298072 0.0116311 0.00410187 0.00184139 0.00157587 0.00192718 0.00244257 0.00297426 0.00344656 0.00380216 0.00400135 0.00402927 0.00389863 0.00364493 0.00331628 0.00296091 0.00261697 0.002307 0.00203795 0.00180522 0.00159853 0.00140732
 1.00476e-16 2.17453e-05 0.00012758 0.00060636 0.00233435 0.00727932 0.0183874 0.037626 0.0623803 0.0838082 0.0912875 0.0807302 0.058243 0.0349056 0.0186469 0.0111149 0.0100907 0.0128807 0.0177592 0.0237933 0.0303023 0.036561 0.0417757 0.0452094 0.0463465 0.0450198 0.0414543 0.0362054 0.03002 0.0236634 0.0177697 0.0127524 0.00878743 0.00585456 0.00380767 0.00244734
 1.00271e-16 4.11886e-05 0.000241771 0.00114933 0.00442506 0.0137992 0.0348556 0.0713177 0.118211 0.158738 0.172694 0.152224 0.108738 0.0629981 0.0297097 0.011613 0.00412898 0.00190142 0.00167053 0.00206437 0.00263169 0.00322344 0.00376047 0.0041799 0.00443483 0.00450222 0.00438677 0.00411753 0.00373905 0.00330009 0.00284379 0.00240191 0.00199362 0.00162772 0.00130637 0.00102856
 1.0017e-16 3.46387e-05 0.000203302 0.00096641 0.00372074 0.0116028 0.0293077 0.0599676 0.0994032 0.133497 0.145274 0.128148 0.0917454 0.0535689 0.0260441 0.0115471 0.00629695 0.00583541 0.00741693 0.0098098 0.0124724 0.0150444 0.0171875 0.0185968 0.0190597 0.0185077 0.0170336 0.0148664 0.012314 0.00969205 0.00726171 0.00519353 0.00356012 0.00235312 0.00151231 0.000955412
 1.00263e-16 3.69648e-05 0.000216964 0.00103137 0.00397088 0.0123829 0.031278 0.0639985 0.106083 0.142461 0.15501 0.136694 0.0977719 0.0569016 0.0273175 0.0115234 0.00545322 0.00432964 0.0052257 0.00686354 0.00873981 0.0105772 0.012138 0.01321 0.0136427 0.013382 0.0124823 0.0110908 0.009409 0.0076459 0.00597665 0.00451831 0.00332497 0.0023986 0.00170768 0.00120604
 1.00193e-16 3.8127e-05 0.00022379 0.00106383 0.00409584 0.0127726 0.0322624 0.0660124 0.10942 0.14694 0.159878 0.140972 0.100799 0.0585969 0.0280073 0.0116006 0.00517102 0.00378255 0.00441523 0.00576126 0.00732483 0.008855 0.0101483 0.0110258 0.011362 0.011113 0.0103271 0.00913109 0.00769728 0.00620371 0.00479898 0.00358153 0.00259564 0.00184081 0.00128779 0.000895005
 1.00543e-16 2.56516e-05 0.000150523 0.000715452 0.00275442 0.00858931 0.0216962 0.0443952 0.0735974 0.0988616 0.10764 0.0950853 0.0683692 0.0405135 0.0208053 0.0111083 0.00872619 0.0104293 0.0141869 0.0189861 0.0242062 0.029256 0.0335044 0.0363656 0.0374251 0.0365407 0.0338771 0.0298589 0.0250628 0.0200834 0.015416 0.011388 0.00814505 0.00568258 0.00389948 0.00265309
 1.00966e-16 3.30152e-05 0.000193772 0.000921105 0.0035463 0.0110588 0.0279337 0.0571561 0.094743 0.127238 0.138463 0.12214 0.0874438 0.0510574 0.024825 0.0110136 0.00602436 0.00561616 0.00718418 0.00957053 0.0122776 0.0149799 0.0173683 0.0191543 0.0201231 0.0201798 0.0193677 0.0178501 0.0158638 0.0136613 0.0114606 0.00941472 0.0076069 0.00606224 0.00476913 0.00369928
 1.00216e-16 3.92405e-05 0.000230329 0.00109492 0.00421557 0.0131459 0.0332054 0.0679418 0.112617 0.151231 0.16454 0.145066 0.10369 0.0602054 0.0286403 0.011628 0.00482782 0.00315089 0.00348934 0.00451015 0.00573061 0.00693286 0.00795455 0.00865587 0.00893859 0.00876783 0.00818007 0.00727233 0.00617712 0.00503126 0.00394893 0.00300571 0.00223569 0.00163872 0.00119298 0.000867471
 1.00048e-16 4.0568e-05 0.000238125 0.00113199 0.0043583 0.013591 0.0343297 0.0702419 0.116429 0.156347 0.1701 0.149954 0.107152 0.0621502 0.0294433 0.0117416 0.00454543 0.00258535 0.00264674 0.00336077 0.00425032 0.00512357 0.00585257 0.00633148 0.00648768 0.00629773 0.00579327 0.00505239 0.00418011 0.00328408 0.00245356 0.00174686 0.00118895 0.000777132 0.000490962 0.000302381
 1.00032e-16 4.085e-05 0.000239781 0.00113986 0.00438861 0.0136856 0.0345685 0.0707304 0.117239 0.157434 0.171281 0.150991 0.107885 0.0625602 0.0296083 0.0117564 0.00447095 0.00244379 0.00243795 0.00307763 0.00388808 0.00468453 0.00534803 0.00578137 0.00591815 0.00573722 0.00526806 0.00458282 0.00377833 0.00295377 0.00219128 0.00154442 0.00103594 0.000663052 0.000406525 0.000240104
 1.00079e-16 3.77581e-05 0.000221622 0.00105352 0.00405615 0.0126488 0.0319497 0.0653727 0.10836 0.145518 0.158335 0.13962 0.0998517 0.058086 0.0278369 0.011657 0.00538742 0.0041433 0.00493219 0.00644974 0.00818737 0.00987214 0.0112751 0.0121948 0.0124914 0.0121201 0.0111422 0.00970854 0.00802212 0.00629092 0.00468737 0.0033241 0.00224925 0.00145753 0.000909228 0.000549917
 1.00289e-16 3.28942e-05 0.000193058 0.0009177 0.00353318 0.0110179 0.0278303 0.056945 0.0943943 0.126774 0.137967 0.121726 0.0871995 0.0510185 0.0249983 0.0114139 0.00669328 0.0066165 0.00857801 0.0113924 0.014509 0.0175309 0.0200717 0.0217786 0.0224032 0.0218605 0.0202497 0.0178265 0.0149378 0.0119411 0.00913447 0.00671488 0.00477006 0.00329713 0.00223503 0.00149749
 1.00436e-16 3.51743e-05 0.00020645 0.000981378 0.00377837 0.0117825 0.0297617 0.0608963 0.100942 0.13556 0.147511 0.130103 0.0931053 0.0542824 0.0262415 0.011382 0.00585272 0.00512019 0.00640124 0.00846564 0.0108011 0.0130934 0.0150562 0.0164294 0.0170267 0.0167779 0.0157447 0.0141016 0.0120897 0.00996014 0.00792433 0.00612479 0.00462935 0.00344404 0.00253537 0.00185251
 1.00488e-16 3.32235e-05 0.000194993 0.000926901 0.00356861 0.0111284 0.0281094 0.0575159 0.09534 0.128042 0.139343 0.122929 0.088038 0.0514619 0.025128 0.0113262 0.0064416 0.00620788 0.00799581 0.0106195 0.0135444 0.0163992 0.018827 0.0205013 0.0211894 0.0208071 0.0194381 0.0173088 0.0147298 0.0120225 0.00945636 0.00721086 0.00536861 0.00393216 0.00285296 0.00206052
 1.00446e-16 3.55168e-05 0.000208461 0.000990944 0.00381521 0.0118974 0.0300519 0.0614899 0.101925 0.13688 0.148946 0.131363 0.0939962 0.0547797 0.0264404 0.0113974 0.00575796 0.0049417 0.00613816 0.00810874 0.0103442 0.0125394 0.0144192 0.0157348 0.0163079 0.0160715 0.0150852 0.0135161 0.0115951 0.00956245 0.00762023 0.0059042 0.00447856 0.0033484 0.00248109 0.00182766
 1.00466e-16 3.41512e-05 0.000200441 0.000952809 0.00366837 0.0114395 0.0288952 0.0591235 0.098004 0.131617 0.143228 0.126342 0.0904493 0.052806 0.0256623 0.0113606 0.00617375 0.00570848 0.00726203 0.00962679 0.0122776 0.0148691 0.0170765 0.0186037 0.0192399 0.018908 0.0176828 0.0157682 0.0134439 0.0110001 0.00867983 0.00664544 0.00497192 0.00366226 0.00267352 0.00194296
 1.00697e-16 3.1906e-05 0.000187256 0.000890117 0.00342697 0.0106867 0.0269938 0.0552333 0.0915572 0.122964 0.133824 0.118076 0.0845959 0.0495185 0.0243075 0.0111744 0.00666072 0.0066792 0.00870758 0.0115986 0.0148173 0.0179731 0.0206822 0.0225897 0.0234403 0.0231367 0.0217614 0.0195505 0.016831 0.0139437 0.0111756 0.00872 0.00666925 0.0050322 0.00376454 0.00279904
 1.00619e-16 3.51203e-05 0.000206133 0.000979876 0.0037726 0.0117645 0.0297162 0.0608031 0.100787 0.135352 0.147283 0.129899 0.0929517 0.0541782 0.0261639 0.0113024 0.00574652 0.00496916 0.00619318 0.00819514 0.0104719 0.0127206 0.0146671 0.0160615 0.0167229 0.0165799 0.0156855 0.0141995 0.0123455 0.0103572 0.00843235 0.00670497 0.00524071 0.00404879 0.00310276 0.00236084
 1.00671e-16 3.12902e-05 0.000183639 0.000872919 0.00336075 0.0104802 0.0264722 0.0541662 0.089789 0.120591 0.131247 0.115815 0.0830035 0.0486419 0.0239803 0.0111971 0.0069096 0.00711525 0.00933923 0.0124452 0.0158856 0.0192453 0.0221109 0.0241007 0.024942 0.0245348 0.0229747 0.0205237 0.0175416 0.0144016 0.0114163 0.00879419 0.00663171 0.00493272 0.00364242 0.00268097
 1.02921e-16 3.08325e-06 1.79911e-05 8.53006e-05 0.000328041 0.00102264 0.00258396 0.00529317 0.00879692 0.0118833 0.013114 0.0120019 0.00953919 0.00747993 0.00720535 0.00926564 0.0136653 0.020251 0.0288047 0.0389179 0.0498651 0.0605994 0.0698882 0.076552 0.0797292 0.0790767 0.0748444 0.0677891 0.0589719 0.0495039 0.0403255 0.0320768 0.0250733 0.0193627 0.0148232 0.0112594
pSPR Fmed_Fpbrs
0.36312   0.410552 0.410552
Fs Fmed_Fpbrs
1.26043   1.005 1.005
SSBpbr Bo_Bmed_Bpbrs
918760  287682  331261 331261
Ro
15994.5
SPR SPRFo_SPRFmed_SPRFpbrs
328492 119282 134863
log_Ro
9.5
likeval ReclasPelacesDesembMPH_pf_preclas_ppelaces_ptallas_desvR_qrecl_qpela
 70.1251 20.8413 0.336603 0.000166626 387.17 198.062 91.2643 0 55.3397 8.20952e-05 0.000161424 0 0 0 0
q_reclas_q_pelaces
3.61081 6.09565
M
0.7
N
 4951.43 53330.4 19330.4 2477.25 0.107556
 7002.54 2425.66 23514.6 8185.47 1047.16
 885.045 3401.93 994.023 9026.76 3533.93
 3300.42 397.182 695.958 150.411 1875.16
 42696.1 1517.16 100.295 139.634 402.153
 11339.6 20653.5 598.796 36.6104 197.067
 65210.4 4903.16 3050.87 58.5646 22.4293
 56957.6 28206.4 726.511 299.621 7.8093
 65174.6 24432 3884.92 64.6947 26.8517
 133674 27258.6 2696.44 257.092 5.92115
 51030.1 59558.3 5235.44 374.925 36.0503
 48486.6 22218 9346.41 555.289 42.837
 56354.9 20931.8 3236.4 897.151 56.3594
 28944.2 21906.7 1216.94 90.7266 25.878
 12801.4 9595.57 315.841 5.26541 0.478122
 10620.3 4188.91 123.405 1.17253 0.0201767
 6973.29 4362.5 394.803 6.60962 0.0623004
 8022.42 2972.39 568.546 32.6467 0.540692
 8147.63 3495.75 469.82 60.8859 3.49323
 10239.4 3630.94 672.662 65.4887 8.84633
 15756 4455.7 567.078 70.8886 7.69789
 19269.1 7344.33 1271.01 133.968 18.4105
 33116.4 8910.55 1953.63 273.429 32.4724
 33225.3 15068.4 2057.35 347.648 53.8082
 925.893 15181.4 3609.3 384.577 74.2197
pred_Ctot
 48.0422 4328.67 2066.25 267.569 0.0116212
 109.381 308.28 3895.39 1369.57 175.266
 61.6451 1512.26 530.897 4852.51 1900.14
 177.149 145.885 313.882 68.3404 852.198
 795.871 226.88 19.4495 27.3433 78.7755
 1062.64 11159.7 377.566 23.2075 124.943
 6096.32 2645.44 1921.37 37.0796 14.2033
 5626.24 15733.6 470.269 194.934 5.0816
 7468.42 14832.2 2692.62 45.04 18.6967
 9942.13 12679.5 1497.85 143.707 3.31044
 4557.01 31232.9 3220.03 231.871 22.2992
 4592.95 12084.3 5925.5 353.906 27.3063
 8927.71 14864 2529.62 703.405 44.1927
 7081.23 18025.7 1055.85 78.847 22.4908
 3215.78 7949.16 275.307 4.59698 0.417447
 1334.39 2669.6 88.8632 0.847765 0.0145902
 716.558 2490.65 260.453 4.38193 0.0413095
 712.186 1552.97 348.596 20.1281 0.33342
 604.859 1624 260.695 33.9965 1.95089
 917.969 1908.78 414.566 40.5837 5.48311
 697.471 1407.48 222.993 28.099 3.05211
 957.154 2541.15 543.113 57.6846 7.92927
 2003.92 3580.46 954.752 134.566 15.9847
 1917.57 5846.16 974.549 165.862 25.6777
 65.855 6847.89 1952.3 209.36 40.4131
F
 0.0135727 0.118886 0.159316 0.161108 0.161167
 0.0219311 0.192099 0.257427 0.260322 0.260418
 0.101243 0.886808 1.18839 1.20176 1.2022
 0.0772081 0.676281 0.906267 0.91646 0.916798
 0.026221 0.229675 0.307781 0.311243 0.311358
 0.138422 1.21246 1.62479 1.64307 1.64367
 0.13807 1.20938 1.62066 1.63889 1.63949
 0.146411 1.28245 1.71857 1.7379 1.73854
 0.171701 1.50396 2.01543 2.03809 2.03884
 0.108448 0.949917 1.27296 1.28728 1.28775
 0.131515 1.15196 1.54372 1.56108 1.56166
 0.140018 1.22644 1.64352 1.66201 1.66262
 0.244877 2.14493 2.87436 2.90669 2.90776
 0.404068 3.53931 4.74294 4.79629 4.79805
 0.417114 3.65358 4.89608 4.95115 4.95297
 0.189722 1.66181 2.22695 2.252 2.25283
 0.152722 1.33772 1.79264 1.81281 1.81347
 0.130694 1.14477 1.53408 1.55133 1.55191
 0.108236 0.94806 1.27047 1.28476 1.28523
 0.132061 1.15675 1.55013 1.56757 1.56814
 0.0632901 0.55437 0.742897 0.751253 0.751529
 0.0712668 0.62424 0.836528 0.845937 0.846249
 0.0874303 0.765818 1.02625 1.0378 1.03818
 0.0832367 0.729086 0.97703 0.988019 0.988383
 0.103486 0.906456 1.21472 1.22838 1.22883
nmprior
 10.6 11 7 0
nm_flota  nm_reclas  nm_pelaces    nm_pelaL
inf 15.8551 12.094 25.547
cv_recla  cv_pelaces  cv_mph
0.757464 0.517648 0.418803
 ------------------------------------------------
Talla a la edad & desviación 
 7.2 14.2025 17.0495 18.207 18.6776
 1.08 2.13037 2.55742 2.73105 2.80164
