years
 1997 1998 1999 2000 2001 2002 2003 2004 2005 2006 2007 2008 2009 2010 2011 2012 2013 2014 2015 2016 2017 2018 2019 2020 2021
reclasobs
 0 0 0 370054 412103 1.49427e+06 250295 1.28982e+06 931140 785840 897777 1.04006e+06 184774 17550 25797 100020 73551 82996 120727 218422 84188 347160 605670 569463 516374
reclaspred
 600261 145880 356346 217520 346771 427622 923073 648843 734351 790859 690260 474745 292585 120912 70276.3 66511 79543.9 106153 114481 151188 229929 218077 370378 451637 472845
pelacesobs
 0 0 0 0 0 0 0 0 0 2.06254e+06 1.5e+06 0 1.87456e+06 323000 250000 174000 83755 137374 0 501740 490994 745055 786931 1.00524e+06 1.33801e+06
pelacespred
 2.24442e+06 562180 702073 751997 1.05031e+06 1.01236e+06 2.59199e+06 2.12351e+06 2.173e+06 2.38093e+06 1.7972e+06 1.29397e+06 775662 244939 145559 151513 191661 269818 294659 381427 675266 624179 815180 1.18543e+06 1.26448e+06
mphobs
 0 0 0 0 0 112323 0 153150 637223 0 255016 313432 73983 77613 109348 50772 0 0 0 0 0 0 0 0 0
mphpred
 220766 117053 122135 108994 117750 201622 278831 352954 306692 333474 366524 256379 160160 84047.9 35937.1 28152.6 31110 40665.2 50713.4 56734.8 84237.7 104732 129406 180237 226959
desembarqueobs
 350755 77701 442110 56441 14545 235359 269955 359681 431902 328805 639364 411747 362871 311530 167758 66681 60226 58785 57116 73181 50977 67692 138656 160484 209506
desembarquepred
 350753 77694.3 442029 56442.4 14545.1 235420 270002 359611 431881 328775 639144 411682 362835 311516 167532 66670.1 60247.8 58769.1 57094.5 73171.4 50977.7 67676.5 138651 160484 209500
Reclutas
 35517.3 44729.3 19816.7 28915 56528.1 37791.9 74317.5 72726.9 95169.3 120000 66796.1 46325.3 48359.5 26234.5 14411.7 12747.6 9681.83 11057.3 11650.3 18179.3 24327.1 30759.8 48616.1 55112.7 20968.2
log_desv_Rt
 0.0777751 0.308383 -0.50572 -0.127885 0.542493 0.139849 0.816102 0.794466 1.06341 1.29525 0.709399 0.343443 0.386418 -0.225169 -0.824203 -0.946902 -1.22199 -1.08915 -1.03692 -0.591962 -0.300656 -0.0660355 0.39171 0.517136 -0.449239
SSB
 515188 273161 285019 254353 274786 470514 650691 823670 715710 778209 855337 598298 373757 196138 83864.4 65698.2 72599.6 94898.1 118347 132399 196581 244408 301989 420608 529641
BT
 1.59388e+06 405987 629129 444826 570232 665572 1.64004e+06 1.50624e+06 1.59315e+06 1.59032e+06 1.48978e+06 1.03712e+06 774223 424779 222284 137292 152274 191869 196208 261188 401159 366621 504888 736237 779527
Ftot
 0.620795 0.609817 1.09979 0.274042 0.0506049 0.476 0.325072 0.590958 0.671199 0.47505 0.85052 0.793613 1.27413 2.34436 2.55397 1.09089 0.828199 0.59998 0.484228 0.525875 0.239585 0.300535 0.362928 0.359314 0.377655
BD_Bspro_t
 0.924029 0.66256 0.571097 0.368307 0.513447 0.697773 0.634709 0.6566 0.587724 0.561286 0.552978 0.392911 0.29035 0.195808 0.105236 0.101908 0.151011 0.249205 0.346575 0.431175 0.557524 0.672166 0.68154 0.685762 0.676661
BD_Bspro
 0.763395 0.404764 0.422335 0.376895 0.407172 0.697198 0.964181 1.2205 1.06052 1.15313 1.26742 0.886546 0.553826 0.290633 0.124269 0.0973503 0.107577 0.140618 0.175364 0.196186 0.291289 0.362158 0.447481 0.623249 0.784812
BD_Bo
 0.607688 0.322205 0.336193 0.300021 0.324123 0.554992 0.76752 0.971556 0.844213 0.917933 1.00891 0.70572 0.440864 0.231354 0.0989219 0.0774941 0.0856345 0.111937 0.139596 0.15617 0.231876 0.28829 0.356209 0.496126 0.624736
BD_Brms
 2.02942 1.07603 1.12274 1.00194 1.08243 1.85344 2.56319 3.24458 2.81931 3.0655 3.36932 2.3568 1.4723 0.772621 0.330357 0.258797 0.285982 0.37382 0.46619 0.521542 0.774366 0.962765 1.18959 1.65685 2.08635
S_f
 0.148326 1 1 1 1
 0.148326 1 1 1 1
 0.148326 1 1 1 1
 0.148326 1 1 1 1
 0.148326 1 1 1 1
 0.148326 1 1 1 1
 0.148326 1 1 1 1
 0.148326 1 1 1 1
 0.148326 1 1 1 1
 0.148326 1 1 1 1
 0.148326 1 1 1 1
 0.148326 1 1 1 1
 0.148326 1 1 1 1
 0.148326 1 1 1 1
 0.148326 1 1 1 1
 0.148326 1 1 1 1
 0.148326 1 1 1 1
 0.148326 1 1 1 1
 0.148326 1 1 1 1
 0.148326 1 1 1 1
 0.148326 1 1 1 1
 0.148326 1 1 1 1
 0.148326 1 1 1 1
 0.148326 1 1 1 1
 0.148326 1 1 1 1
Scru_reclas
 0.678513 1 1 1 1
 0.678513 1 1 1 1
 0.678513 1 1 1 1
 0.678513 1 1 1 1
 0.678513 1 1 1 1
 0.678513 1 1 1 1
 0.678513 1 1 1 1
 0.678513 1 1 1 1
 0.678513 1 1 1 1
 0.678513 1 1 1 1
 0.678513 1 1 1 1
 0.678513 1 1 1 1
 0.678513 1 1 1 1
 0.678513 1 1 1 1
 0.678513 1 1 1 1
 0.678513 1 1 1 1
 0.678513 1 1 1 1
 0.678513 1 1 1 1
 0.678513 1 1 1 1
 0.678513 1 1 1 1
 0.678513 1 1 1 1
 0.678513 1 1 1 1
 0.678513 1 1 1 1
 0.678513 1 1 1 1
 0.678513 1 1 1 1
Scru_pelaces
 0.676718 1 1 1 1
 0.676718 1 1 1 1
 0.676718 1 1 1 1
 0.676718 1 1 1 1
 0.676718 1 1 1 1
 0.676718 1 1 1 1
 0.676718 1 1 1 1
 0.676718 1 1 1 1
 0.676718 1 1 1 1
 0.676718 1 1 1 1
 0.676718 1 1 1 1
 0.676718 1 1 1 1
 0.676718 1 1 1 1
 0.676718 1 1 1 1
 0.676718 1 1 1 1
 0.676718 1 1 1 1
 0.676718 1 1 1 1
 0.676718 1 1 1 1
 0.676718 1 1 1 1
 0.676718 1 1 1 1
 0.676718 1 1 1 1
 0.676718 1 1 1 1
 0.676718 1 1 1 1
 0.676718 1 1 1 1
 0.676718 1 1 1 1
pf_obs 
 0.256992 0.487395 0.22802 0.0275931 0
 0.321318 0.546541 0.124235 0.00734118 0.000564706
 0.182869 0.594174 0.210203 0.0122559 0.00049798
 0.330522 0.361315 0.267642 0.0388342 0.00168674
 0.649043 0.306663 0.0425973 0.00169635 0
 0.582887 0.30429 0.105238 0.00758474 0
 0.465427 0.430635 0.0974691 0.00646863 0
 0.296916 0.608066 0.0921331 0.00288517 0
 0.311714 0.524322 0.152257 0.0117073 0
 0.15457 0.633149 0.183074 0.0267441 0.00246327
 0.131901 0.49318 0.331252 0.0422183 0.00144891
 0.196976 0.569456 0.194076 0.0375587 0.00193317
 0.518974 0.381816 0.0799577 0.0180837 0.00116848
 0.0928022 0.601141 0.25162 0.0475244 0.00691264
 0.122501 0.610282 0.24278 0.0234846 0.000952079
 0.383417 0.481906 0.127806 0.00687128 0
 0.0376549 0.599619 0.316969 0.0457579 0
 0.0361596 0.667082 0.258105 0.0386534 0
 0.158088 0.579412 0.248529 0.0139706 0
 0.0477256 0.309471 0.559284 0.082774 0.000745712
 0.0406174 0.521527 0.379366 0.0568643 0.0016247
 0.151134 0.462217 0.34131 0.0453401 0
 0.294876 0.26143 0.354403 0.0886775 0.000613685
 0.281977 0.475581 0.204845 0.0348837 0.00271318
 0.0354234 0.537034 0.353287 0.0723622 0.0018943
pf_pred 
 0.275071 0.507368 0.194123 0.0234297 9.05601e-06
 0.28442 0.556134 0.111594 0.0426966 0.00515528
 0.140943 0.673622 0.144116 0.0289183 0.0124003
 0.272803 0.481018 0.193039 0.0412991 0.0118406
 0.315277 0.508677 0.116449 0.0467328 0.0128646
 0.153611 0.64391 0.15042 0.0344352 0.0176235
 0.30119 0.424531 0.208664 0.048745 0.01687
 0.226117 0.59821 0.106722 0.0524558 0.0164949
 0.28144 0.521386 0.152415 0.0271912 0.0175676
 0.279622 0.567004 0.111288 0.0325325 0.00955363
 0.155044 0.648854 0.154351 0.0302951 0.0114568
 0.168601 0.545282 0.219713 0.0522659 0.0141379
 0.263425 0.494499 0.158769 0.0639733 0.0193347
 0.242261 0.624781 0.0892612 0.0286591 0.0150378
 0.299568 0.622721 0.0640756 0.00915435 0.00448142
 0.339489 0.610695 0.0442895 0.00455722 0.000969811
 0.233546 0.658363 0.0999383 0.00724784 0.000904482
 0.265361 0.556628 0.152907 0.0232109 0.0018934
 0.238709 0.583603 0.134632 0.0369837 0.00607202
 0.305567 0.506006 0.144448 0.0333228 0.0106567
 0.272498 0.577505 0.109297 0.0312005 0.00949953
 0.244051 0.558891 0.156429 0.0296051 0.0110244
 0.287247 0.510243 0.149721 0.0419055 0.0108842
 0.237311 0.583029 0.128614 0.0377394 0.0133064
 0.0893829 0.65051 0.198836 0.0438626 0.0174086
pobs_RECLAS
 0 0 0 0 0
 0 0 0 0 0
 0 0 0 0 0
 0 0 0 0 0
 0.835266 0.146461 0.0176864 0.000547809 3.91292e-05
 0.385257 0.428462 0.181853 0.0044286 0
 0.867414 0.0963971 0.0333333 0.00285562 0
 0.441836 0.489002 0.0689373 0.000224442 0
 0.779404 0.147425 0.0564933 0.0165055 0.000172143
 0.814271 0.122319 0.05973 0.00367925 0
 0.40263 0.566651 0.0304383 0.000280538 0
 0.475488 0.404961 0.113038 0.00651328 0
 0.955842 0.0263864 0.0167828 0.000988607 0
 0.975058 0.0227948 0.00214734 0 0
 0.738997 0.206755 0.0527124 0.00153531 0
 0.850938 0.134255 0.0134407 0.00136685 0
 0.542534 0.407297 0.0501686 0 0
 0.764087 0.199537 0.0359546 0.000420521 0
 0.470689 0.182191 0.310203 0.0369168 0
 0.84361 0.089868 0.0606195 0.00523954 0.000663233
 0.607945 0.314616 0.071237 0.00620181 0
 0.523733 0.453247 0.0230204 0 0
 0.530135 0.295979 0.169645 0.0042399 0
 0.562478 0.366248 0.0663022 0.0049721 0
 0.250443 0.683176 0.0655157 0.000865301 0
ppred_RECLAS
 0.644992 0.248465 0.0950645 0.0114738 4.43486e-06
 0.655304 0.267891 0.053755 0.020567 0.0024833
 0.45355 0.428494 0.0916727 0.018395 0.00788786
 0.635646 0.241009 0.0967203 0.0206925 0.00593261
 0.678638 0.238737 0.0546532 0.0219331 0.00603773
 0.461648 0.409564 0.0956761 0.0219028 0.0112096
 0.667975 0.201707 0.0991425 0.0231602 0.00801545
 0.582466 0.322753 0.0575801 0.0283016 0.00889951
 0.653353 0.251526 0.0735277 0.0131176 0.00847493
 0.647124 0.277746 0.0545143 0.015936 0.00467982
 0.473742 0.404121 0.0961334 0.0188685 0.00713554
 0.497123 0.329818 0.132895 0.0316134 0.00855141
 0.649523 0.235292 0.0755452 0.0304398 0.0091998
 0.667062 0.274518 0.0392198 0.0125923 0.00660735
 0.737075 0.233754 0.0240524 0.00343631 0.00168221
 0.721998 0.257035 0.0186409 0.00191808 0.000408182
 0.598573 0.344815 0.0523423 0.00379602 0.000473718
 0.633172 0.277942 0.0763511 0.01159 0.000945433
 0.597193 0.30879 0.0712353 0.0195684 0.00321277
 0.67619 0.235948 0.0673551 0.0155382 0.00496917
 0.634734 0.289955 0.0548759 0.0156652 0.00476954
 0.600672 0.295233 0.0826329 0.0156388 0.00582361
 0.65357 0.248001 0.0727709 0.0203679 0.0052902
 0.59286 0.311233 0.0686571 0.0201461 0.00710326
 0.31508 0.489281 0.149554 0.0329912 0.0130939
pobs_PELACES
 0 0 0 0 0
 0 0 0 0 0
 0 0 0 0 0
 0 0 0 0 0
 0 0 0 0 0
 0 0 0 0 0
 0 0 0 0 0
 0 0 0 0 0
 0 0 0 0 0
 0 0 0 0 0
 0.450072 0.473896 0.0757376 0.000293798 0
 0 0 0 0 0
 0.463077 0.371075 0.160297 0.00555027 0
 0.529543 0.364841 0.0842815 0.0213345 0
 0.631943 0.363953 0.00410389 0 0
 0.735681 0.248677 0.0153453 0.000297389 0
 0.695825 0.281241 0.0229344 0 0
 0.275771 0.60734 0.115278 0.00161068 0
 0 0 0 0 0
 0.896147 0.0623911 0.0374545 0.00400742 0
 0.803859 0.145111 0.0509908 3.86294e-05 0
 0.739449 0.233085 0.0266225 0.000797448 4.60066e-05
 0.878498 0.100942 0.0204185 0.000141795 0
 0.694673 0.275183 0.0284847 0.00165964 0
 0.469039 0.446079 0.0841089 0.000773354 0
ppred_PELACES
 0.683288 0.221662 0.0848095 0.0102361 3.95645e-06
 0.69236 0.239091 0.0479761 0.018356 0.00221634
 0.529992 0.368553 0.0788487 0.0158218 0.00678444
 0.65269 0.229734 0.0921957 0.0197245 0.00565508
 0.681157 0.236866 0.0542249 0.0217612 0.00599041
 0.494356 0.384681 0.0898633 0.020572 0.0105285
 0.687348 0.189938 0.0933575 0.0218088 0.00754775
 0.6216 0.292503 0.0521833 0.025649 0.00806538
 0.694195 0.221892 0.0648648 0.0115721 0.00747642
 0.676402 0.254701 0.0499912 0.0146137 0.00429154
 0.532768 0.358794 0.0853508 0.0167522 0.0063352
 0.552033 0.293804 0.118384 0.0281615 0.00761766
 0.725596 0.184221 0.0591477 0.0238326 0.00720293
 0.794321 0.169589 0.0242289 0.00777917 0.00408183
 0.851444 0.132074 0.0135899 0.00194156 0.000950469
 0.778741 0.204572 0.0148362 0.00152659 0.000324869
 0.652408 0.298572 0.0453227 0.00328694 0.000410188
 0.670804 0.249428 0.0685183 0.010401 0.000848443
 0.628836 0.284533 0.0656393 0.0180312 0.00296038
 0.707126 0.213406 0.0609202 0.0140538 0.00449442
 0.649597 0.278157 0.052643 0.0150278 0.00457547
 0.620126 0.28085 0.0786073 0.014877 0.0055399
 0.675709 0.232152 0.0681204 0.0190663 0.00495212
 0.616363 0.293267 0.0646938 0.0189831 0.00669321
 0.337829 0.47303 0.144587 0.0318955 0.012659
pobs_pel_tallas
 0 0 0 0 0 0 0 0 0 0 0 0 0 0 0 0 0 0 0 0 0 0 0 0 0 0 0 0 0 0 0 0 0 0 0 0
 0 0 0 0 0 0 0 0 0 0 0 0 0 0 0 0 0 0 0 0 0 0 0 0 0 0 0 0 0 0 0 0 0 0 0 0
 0 0 0 0 0 0 0 0 0 0 0 0 0 0 0 0 0 0 0 0 0 0 0 0 0 0 0 0 0 0 0 0 0 0 0 0
 0 0 0 0 0 0 0 0 0 0 0 0 0 0 0 0 0 0 0 0 0 0 0 0 0 0 0 0 0 0 0 0 0 0 0 0
 0 0 0 0 0 0 0 0 0 0 0 0 0 0 0 0 0 0 0 0 0 0 0 0 0 0 0 0 0 0 0 0 0 0 0 0
 0 0 0 0 0 0 0 0 0 0 0 0 0 0 0 0 0 0 0 0 0 0 0 0 0 0 0 0 0 0 0 0 0 0 0 0
 0 0 0 0 0 0 0 0 0 0 0 0 0 0 0 0 0 0 0 0 0 0 0 0 0 0 0 0 0 0 0 0 0 0 0 0
 0 0 0 0 0 0 0 0 0 0 0 0 0 0 0 0 0 0 0 0 0 0 0 0 0 0 0 0 0 0 0 0 0 0 0 0
 0 0 0 0 0 0 0 0 0 0 0 0 0 0 0 0 0 0 0 0 0 0 0 0 0 0 0 0 0 0 0 0 0 0 0 0
 0 0 0 0 0 0 0 0 0 0 0 0 0 0 0 0 0 0 0 0 0 0 0 0 0 0 0 0 0 0 0 0 0 0 0 0
 0 0 0 0 0 0 0 0 1.78061e-05 0.00172719 0.00360574 0.0105946 0.0120993 0.0124554 0.0147524 0.0171206 0.0266825 0.0428682 0.0675386 0.121331 0.153587 0.119568 0.100827 0.0573624 0.0630603 0.0341343 0.0324427 0.0444173 0.0211091 0.0280891 0.0125444 0.00206551 0 0 0 0
 0 0 0 0 0 0 0 0 0 0 0 0 0 0 0 0 0 0 0 0 0 0 0 0 0 0 0 0 0 0 0 0 0 0 0 0
 0 0 0 0 0 0 0.0133647 0.0140871 0.0187388 0.0205184 0.03894 0.0496705 0.03968 0.0493445 0.0407372 0.0367815 0.0215668 0.0243155 0.0234873 0.0199281 0.019796 0.0243948 0.0301388 0.0376714 0.0412746 0.0863199 0.0771752 0.113111 0.0741005 0.0525337 0.0229764 0.00759418 0.00175318 0 0 0
 0 0 0 0 0 0 0 0 0 0 0.00219441 0.00772107 0.0458388 0.0604681 0.0671733 0.0775358 0.0609151 0.0617685 0.073594 0.0568108 0.0755445 0.0548602 0.0670107 0.0636378 0.0643287 0.046367 0.0373049 0.0286899 0.0247887 0.0153202 0.00654259 0.00121912 0.000365735 0 0 0
 0 0 0 0 0 0 0 0 0 0 0 0 0.000112435 0.00938835 0.0111873 0.0202946 0.0414886 0.0713402 0.111592 0.104902 0.108894 0.110636 0.117776 0.105296 0.107544 0.0401394 0.0192827 0.0124803 0.00416011 0.0028671 0.000618394 0 0 0 0 0
 0 0 0 0 0 0 0 0 0 0 0.00291406 0.0102884 0.027416 0.0768956 0.0749926 0.110853 0.0956884 0.0897413 0.0766577 0.0534642 0.0500743 0.0551293 0.0594112 0.0620874 0.0668451 0.0424026 0.0208742 0.0120726 0.0048766 0.00582813 0.00118941 0.000297354 0 0 0 0
 0 0.00264628 0.0354308 0.0461629 0.0458689 0.0383711 0.0214643 0.0164657 0.0346957 0.0420465 0.0363128 0.0245516 0.0311673 0.0291091 0.0169068 0.0133784 0.00837989 0.0085269 0.0148486 0.0160247 0.0276389 0.0546898 0.0760071 0.122758 0.109233 0.0665981 0.0333725 0.0166128 0.00676272 0.00308733 0.000882094 0 0 0 0 0
 0 0 0 0 0 0 0 0.000805153 0.000690131 0.00759144 0.0133425 0.0154129 0.00931677 0.000345066 0.00356568 0.00563607 0.00851162 0.0253048 0.0502646 0.0516448 0.0657925 0.0565908 0.0611916 0.0827007 0.0866115 0.110766 0.145733 0.0935128 0.0569358 0.0249597 0.0138026 0.00621118 0.00161031 0.00115022 0 0
 0 0 0 0 0 0 0 0 0 0 0 0 0 0 0 0 0 0 0 0 0 0 0 0 0 0 0 0 0 0 0 0 0 0 0 0
 0.00147267 0.00158595 0.00478618 0.00569244 0.00954404 0.0108468 0.00647125 0.017049 0.0510054 0.094081 0.124002 0.0959785 0.0687766 0.0820023 0.061753 0.0591476 0.0492212 0.0479892 0.0443925 0.0268479 0.0217502 0.0140895 0.0121071 0.0120363 0.00920419 0.00665534 0.0049561 0.00860946 0.00930331 0.0156896 0.0114698 0.00855282 0.00243557 0.00046729 0 2.83206e-05
 0 0 0 0 0.000772559 0.00158375 0.000888443 0.00281984 0.00712685 0.0440552 0.0773331 0.111326 0.0921469 0.0852325 0.0710754 0.0886704 0.0786465 0.0553345 0.0373146 0.0185414 0.00753245 0.00457741 0.012979 0.0271748 0.0457355 0.0583668 0.034881 0.0177882 0.00938659 0.00492506 0.0015258 0.00185414 0.000309023 5.79419e-05 3.86279e-05 0
 0 0.00173294 0.00326652 0 0.00397197 0.00683976 0.00946217 0.0152591 0.00757587 0.0136028 0.0228656 0.0392903 0.0559909 0.0764795 0.0681675 0.0726916 0.0566044 0.0477403 0.0527397 0.0444891 0.0609904 0.0582453 0.0661739 0.0445044 0.0529084 0.0360697 0.0280645 0.0235558 0.0158879 0.00826598 0.00280645 0.00217768 0.000904811 0.00058276 9.20147e-05 0
 0 0 0 0 0 0 0 0 0 0 0 0 0 0 0 0 0 0 0 0 0 0 0 0 0 0 0 0 0 0 0 0 0 0 0 0
 0 0 0 0 0 0 0 0 0 0 0 0 0 0 0 0 0 0 0 0 0 0 0 0 0 0 0 0 0 0 0 0 0 0 0 0
 0 0 0 0 0 0 0 0 0 0 0 0 0 0 0 0 0 0 0 0 0 0 0 0 0 0 0 0 0 0 0 0 0 0 0 0
ppred_pel_tallas
 1.01629e-16 2.98164e-05 0.000174989 0.000831799 0.00320244 0.00998648 0.0252251 0.0516145 0.0855588 0.114909 0.12506 0.110351 0.0790772 0.0463206 0.0227998 0.0105898 0.0064694 0.00663156 0.00873228 0.0117112 0.0150763 0.0184649 0.0215118 0.0238693 0.0252725 0.0255948 0.0248714 0.0232779 0.0210782 0.0185576 0.0159653 0.0134805 0.0112067 0.00918509 0.00741868 0.00589314
 1.01494e-16 3.02126e-05 0.000177314 0.000842847 0.00324497 0.0101191 0.0255602 0.0523001 0.0866957 0.116437 0.126726 0.111826 0.080147 0.0469724 0.0231664 0.0108346 0.00671436 0.00694618 0.00914773 0.0122307 0.0156765 0.0190937 0.0220898 0.0242979 0.0254487 0.0254309 0.0243134 0.0223195 0.0197645 0.0169789 0.014241 0.0117394 0.00956657 0.00773745 0.00621984 0.00496327
 1.02101e-16 2.31379e-05 0.000135767 0.000645302 0.00248433 0.00774705 0.0195687 0.0400421 0.0663818 0.0891716 0.0970961 0.0857877 0.0617195 0.0366451 0.0189532 0.0103405 0.00839357 0.0102184 0.0139988 0.0188298 0.0241495 0.0294094 0.0340133 0.0373957 0.0391401 0.039074 0.0373038 0.0341749 0.0301765 0.0258216 0.0215449 0.0176425 0.0142617 0.011429 0.00909618 0.00718454
 1.02326e-16 2.84825e-05 0.000167157 0.000794564 0.00305907 0.00953939 0.0240958 0.0493039 0.0817293 0.109768 0.11947 0.105429 0.0755753 0.0443199 0.0219096 0.0103365 0.00653378 0.00687393 0.00912245 0.0122639 0.0158172 0.019416 0.0226859 0.0252681 0.0268864 0.0274054 0.0268531 0.0254003 0.0233067 0.0208537 0.0182859 0.0157787 0.0134331 0.0112914 0.00936116 0.00763687
 1.01875e-16 2.9724e-05 0.000174445 0.000829212 0.00319247 0.0099554 0.0251466 0.051454 0.0852931 0.114554 0.124676 0.11002 0.0788559 0.0462232 0.0228112 0.0106931 0.00666155 0.00692198 0.00913329 0.0122271 0.0156949 0.0191519 0.0222111 0.024509 0.0257765 0.0258984 0.0249353 0.023099 0.0206913 0.0180289 0.0153794 0.0129241 0.0107527 0.00888246 0.00728723 0.0059255
 1.026e-16 2.15846e-05 0.000126646 0.000601939 0.00231737 0.00722637 0.0182535 0.0373514 0.0619223 0.083185 0.0905877 0.0800618 0.0576534 0.0343382 0.0179574 0.0101137 0.00857632 0.0106612 0.0146789 0.0197727 0.0253854 0.0309536 0.0358579 0.0395078 0.0414661 0.0415472 0.0398539 0.0367361 0.0326928 0.0282487 0.0238483 0.0197952 0.0162416 0.0132182 0.0106813 0.00855826
 1.0249e-16 2.99921e-05 0.000176024 0.000836725 0.00322141 0.0100457 0.0253746 0.0519201 0.0860644 0.115586 0.125789 0.110977 0.0794877 0.0464851 0.02274 0.0103274 0.00599565 0.00590972 0.0077168 0.0103705 0.0134131 0.0165309 0.0194136 0.0217624 0.0233429 0.0240312 0.0238343 0.0228737 0.0213439 0.0194588 0.0174075 0.0153284 0.0133065 0.0113858 0.00958774 0.00792625
 1.02095e-16 2.71292e-05 0.000159207 0.000756755 0.00291348 0.00908535 0.022949 0.046958 0.0778425 0.104554 0.113811 0.100475 0.0721097 0.0424595 0.0213085 0.0105825 0.00738743 0.00828338 0.0111345 0.0149339 0.0191472 0.0233201 0.0269783 0.0296757 0.0310858 0.0310754 0.0297316 0.0273294 0.0242547 0.0209094 0.0176301 0.0146415 0.0120499 0.00986663 0.00804697 0.00652594
 1.01741e-16 3.02919e-05 0.000177781 0.000845072 0.00325355 0.0101459 0.0256277 0.0524382 0.086924 0.116742 0.127054 0.112107 0.0803288 0.0470399 0.0231276 0.0106968 0.0064711 0.00657862 0.00863442 0.011559 0.0148526 0.0181499 0.0210862 0.023318 0.0245882 0.0247817 0.0239472 0.0222746 0.0200399 0.0175358 0.0150129 0.0126446 0.0105225 0.00867215 0.00707893 0.00571275
 1.01496e-16 2.95174e-05 0.000173231 0.000823434 0.00317022 0.009886 0.0249714 0.0510955 0.0846994 0.113758 0.123815 0.10927 0.078341 0.0459668 0.0227688 0.0108134 0.00692238 0.00733138 0.00971313 0.0129954 0.016652 0.0202715 0.0234363 0.0257557 0.0269435 0.0268826 0.0256487 0.0234827 0.020724 0.0177276 0.0147932 0.0121233 0.0098171 0.00788954 0.00630427 0.0050046
 1.02201e-16 2.32586e-05 0.000136476 0.000648677 0.00249732 0.00778757 0.0196711 0.0402515 0.0667285 0.0896364 0.0975996 0.0862265 0.0620218 0.036798 0.0189836 0.0102798 0.00825664 0.0100029 0.0136944 0.0184284 0.0236524 0.0288324 0.0333881 0.0367677 0.0385624 0.0385987 0.0369732 0.0340136 0.030188 0.0259891 0.0218356 0.0180149 0.0146729 0.0118407 0.00947889 0.00751912
 1.031e-16 2.4096e-05 0.000141399 0.000672091 0.0025875 0.00806879 0.0203813 0.0417043 0.0691347 0.092862 0.101094 0.0892728 0.0641233 0.0378651 0.0192051 0.00987606 0.00733299 0.00854459 0.0116307 0.0157003 0.0202644 0.0248847 0.0290886 0.0324183 0.0345206 0.0352212 0.0345546 0.0327368 0.0300974 0.026993 0.0237338 0.0205418 0.0175448 0.0147967 0.0123081 0.0100737
 1.02056e-16 3.16596e-05 0.000185814 0.00088327 0.00340063 0.0106045 0.0267862 0.0548084 0.0908515 0.122013 0.132779 0.117131 0.08387 0.0489949 0.0238679 0.0106682 0.00595098 0.0056557 0.00729007 0.00974724 0.0125506 0.0153853 0.0179488 0.0199563 0.0211923 0.0215552 0.0210758 0.0198984 0.0182368 0.0163181 0.0143361 0.0124246 0.0106546 0.0090483 0.00760072 0.0062985
 1.00858e-16 3.46557e-05 0.000203405 0.000966903 0.00372264 0.0116087 0.0293227 0.059998 0.0994529 0.133561 0.145337 0.128188 0.0917393 0.0534958 0.0258796 0.0112571 0.00583585 0.00515178 0.00646447 0.00856264 0.0109411 0.0132883 0.0153193 0.0167744 0.0174664 0.017323 0.0164025 0.0148739 0.0129715 0.0109387 0.00897926 0.00722869 0.00575001 0.00454722 0.00358803 0.00282588
 1.00348e-16 3.7145e-05 0.000218023 0.00103641 0.00399026 0.0124433 0.0314307 0.0643109 0.1066 0.143155 0.155764 0.137356 0.0982369 0.0571561 0.0274095 0.0115103 0.00537004 0.00418623 0.00501795 0.00658431 0.00838606 0.010154 0.0116604 0.0127022 0.0131356 0.0129084 0.0120722 0.0107664 0.00918267 0.007519 0.00594116 0.0045594 0.0034242 0.00253673 0.00186688 0.00137127
 1.00345e-16 3.39777e-05 0.000199421 0.000947958 0.00364969 0.0113812 0.0287481 0.0588226 0.0975055 0.130949 0.142503 0.125709 0.0900103 0.0525779 0.0256039 0.0114234 0.0063324 0.0059621 0.00762181 0.0101028 0.0128695 0.0155598 0.0178306 0.0193696 0.0199566 0.0195146 0.0181295 0.0160242 0.0135023 0.0108771 0.00840986 0.00627346 0.00454533 0.00322398 0.00225744 0.001572
 1.00873e-16 2.84729e-05 0.000167095 0.000794253 0.00305785 0.00953557 0.0240863 0.0492849 0.0816996 0.109734 0.119447 0.105444 0.0756613 0.0445217 0.022289 0.0109779 0.00754354 0.00836758 0.0112016 0.0149843 0.0191541 0.0232373 0.0267433 0.0292142 0.0303195 0.0299325 0.0281592 0.0253034 0.0217871 0.0180504 0.0144643 0.0112797 0.00861697 0.00648903 0.00484002 0.00358406
 1.01451e-16 2.92731e-05 0.000171797 0.000816618 0.00314398 0.00980417 0.0247647 0.0506726 0.0839983 0.112816 0.122789 0.108364 0.0776902 0.0455821 0.0225734 0.0107137 0.00685158 0.007256 0.00962206 0.0128911 0.0165469 0.0201872 0.0234021 0.025805 0.0271078 0.027185 0.0260975 0.0240672 0.0214146 0.0184795 0.0155533 0.0128389 0.0104435 0.00839621 0.0066775 0.0052468
 1.01783e-16 2.74445e-05 0.000161058 0.000765559 0.00294738 0.00919106 0.023216 0.0475042 0.0787478 0.105769 0.115131 0.101635 0.0729289 0.0429159 0.0214897 0.0105942 0.00729772 0.00811801 0.0108955 0.0146174 0.0187541 0.0228609 0.026474 0.0291556 0.0305822 0.0306166 0.0293357 0.0269995 0.0239786 0.0206629 0.0173832 0.0143659 0.0117252 0.00948487 0.00761285 0.00605506
 1.01628e-16 3.08554e-05 0.00018109 0.000860805 0.00331412 0.0103348 0.0261049 0.0534144 0.0885419 0.118914 0.129414 0.114182 0.0817996 0.0478683 0.0234735 0.0107535 0.00636454 0.00635826 0.00830422 0.0111071 0.0142686 0.0174329 0.0202486 0.0223853 0.0235959 0.0237703 0.022956 0.0213365 0.0191779 0.0167624 0.0143314 0.0120519 0.010012 0.00823586 0.00670919 0.00540255
 1.01569e-16 2.83495e-05 0.000166372 0.000790822 0.00304465 0.0094944 0.0239822 0.0490719 0.081346 0.109257 0.118924 0.104973 0.0753022 0.0442683 0.0220846 0.0107507 0.00722902 0.00791492 0.010574 0.0141629 0.0181458 0.0220821 0.0255173 0.0280252 0.0292939 0.0291968 0.0278187 0.0254249 0.0223885 0.0190994 0.0158864 0.0129715 0.0104629 0.00837571 0.00666855 0.00527724
 1.01978e-16 2.70646e-05 0.000158828 0.000754956 0.00290655 0.00906376 0.0228945 0.0468463 0.0776572 0.104304 0.113538 0.100229 0.0719224 0.0423286 0.0212052 0.0104708 0.00723628 0.00807023 0.0108461 0.014568 0.0187168 0.0228556 0.026527 0.0292968 0.0308407 0.0310153 0.029886 0.0276977 0.0248048 0.0215831 0.0183539 0.0153399 0.0126582 0.0103402 0.00836523 0.0066913
 1.0193e-16 2.94863e-05 0.00017305 0.00082258 0.00316694 0.00987577 0.0249455 0.0510424 0.0846109 0.113637 0.123679 0.109138 0.0782229 0.0458492 0.0226216 0.0105968 0.00659349 0.00684913 0.00904402 0.0121225 0.0155851 0.0190557 0.0221547 0.0245229 0.025891 0.0261372 0.0253105 0.0236064 0.0213103 0.0187246 0.0161082 0.0136403 0.0114155 0.00946078 0.00776291 0.0062933
 1.01979e-16 2.6901e-05 0.000157866 0.000750382 0.00288894 0.00900883 0.0227558 0.0465625 0.0771871 0.103674 0.112855 0.099633 0.0715106 0.0421176 0.0211572 0.0105414 0.00740305 0.00833357 0.0112169 0.0150546 0.0193153 0.0235444 0.027265 0.0300273 0.0314991 0.0315407 0.0302324 0.0278433 0.0247554 0.0213696 0.0180249 0.0149515 0.0122639 0.00998294 0.00807295 0.00647639
 1.03894e-16 1.4763e-05 8.65891e-05 0.000411484 0.00158403 0.00493948 0.0124772 0.0255332 0.0423363 0.0568935 0.062009 0.0549285 0.0398263 0.024266 0.0136908 0.00929693 0.00966161 0.0130275 0.018259 0.0247008 0.0317966 0.0388887 0.0452227 0.0500687 0.0528761 0.0533948 0.0517216 0.0482529 0.0435683 0.0382844 0.0329293 0.0278706 0.0233045 0.0192897 0.0158022 0.0127862
pSPR Fmed_Fpbrs
0.490011   0.34944 0.34944
Fs Fmed_Fpbrs
0.556041   1.005 1.005
SSBpbr Bo_Bmed_Bpbrs
847784  373034  253860 253860
Ro
32859.6
SPR SPRFo_SPRFmed_SPRFpbrs
674864 330691 235824
log_Ro
10.22
likeval ReclasPelacesDesembMPH_pf_preclas_ppelaces_ptallas_desvR_qrecl_qpela
 64.6346 14.449 0.0130029 0.000196745 315.24 188.935 77.8296 0 16.6841 3.45932e-06 9.74541e-05 0 0 0 0
q_reclas_q_pelaces
0.768312 4.07338
M
0.7
N
 35517.3 12092.6 4626.7 558.421 0.21584
 44729.3 16085.8 3227.79 1234.97 149.113
 19816.7 20291 4341.08 871.081 373.523
 28915 8359.49 3354.78 717.727 205.775
 56528.1 13786.8 3156.16 1266.61 348.672
 37791.9 27861.1 6508.49 1489.96 762.545
 74317.5 17487.6 8595.44 2007.94 694.922
 72726.9 35167.8 6274.03 3083.79 969.706
 95169.3 33084.2 9671.39 1725.4 1114.74
 120000 42781.3 8396.86 2454.62 720.835
 66796.1 55535.8 13211 2592.98 980.593
 46325.3 29238.6 11781.2 2802.55 758.089
 48359.5 20449.8 6565.82 2645.59 799.577
 26234.5 19879.2 2840.1 911.871 478.471
 14411.7 9201.3 946.779 135.264 66.2172
 12747.6 4899.93 355.358 36.565 7.7813
 9681.83 5384.56 817.366 59.278 7.39749
 11057.3 4252.07 1168.05 177.308 14.4636
 11650.3 5023.37 1158.85 318.338 52.265
 18179.3 5384.39 1537.06 354.587 113.398
 24327.1 8350.17 1580.32 451.129 137.354
 30759.8 11658.7 3263.16 617.575 229.973
 48616.1 14608.9 4286.7 1199.81 311.629
 55112.7 22876.8 5046.55 1480.81 522.115
 20968.2 25947.8 7931.24 1749.61 694.402
pred_Ctot
 2258.93 4166.59 1594.17 192.408 0.0743695
 2796.49 5468.06 1097.22 419.804 50.688
 2165.37 10349.1 2214.1 444.282 190.51
 830.251 1463.93 587.496 125.69 36.0357
 304.132 490.696 112.333 45.0809 12.4098
 1860.3 7798 1821.65 417.024 213.428
 2522.9 3556.05 1747.86 408.309 141.311
 4411.66 11671.4 2082.21 1023.44 321.824
 6523.07 12084.4 3532.59 630.224 407.172
 5895.54 11954.7 2346.4 685.913 201.428
 5735.06 24001.1 5709.44 1120.62 423.785
 3724.89 12046.9 4854.11 1154.71 312.348
 6054.55 11365.6 3649.14 1470.36 444.387
 5653.14 14579.2 2082.91 668.758 350.906
 3340.01 6942.99 714.407 102.066 49.9652
 1382.44 2486.82 180.352 18.5575 3.94918
 810.616 2285.11 346.876 25.1565 3.13937
 680.588 1427.62 392.168 59.5305 4.85611
 583.084 1425.54 328.861 90.3386 14.8319
 985.451 1631.87 465.843 107.466 34.3679
 612.06 1297.14 245.492 70.0796 21.3369
 966.941 2214.36 619.778 117.297 43.6793
 1838.06 3264.99 958.047 268.149 69.6468
 2063.42 5069.45 1118.31 328.145 115.7
 824.14 5997.92 1833.33 404.428 160.514
F
 0.0920802 0.620795 0.620795 0.620795 0.620795
 0.0904519 0.609817 0.609817 0.609817 0.609817
 0.163128 1.09979 1.09979 1.09979 1.09979
 0.0406476 0.274042 0.274042 0.274042 0.274042
 0.00750604 0.0506049 0.0506049 0.0506049 0.0506049
 0.0706033 0.476 0.476 0.476 0.476
 0.0482168 0.325072 0.325072 0.325072 0.325072
 0.0876546 0.590958 0.590958 0.590958 0.590958
 0.0995565 0.671199 0.671199 0.671199 0.671199
 0.0704624 0.47505 0.47505 0.47505 0.47505
 0.126154 0.85052 0.85052 0.85052 0.85052
 0.117714 0.793613 0.793613 0.793613 0.793613
 0.188988 1.27413 1.27413 1.27413 1.27413
 0.347731 2.34436 2.34436 2.34436 2.34436
 0.378822 2.55397 2.55397 2.55397 2.55397
 0.161807 1.09089 1.09089 1.09089 1.09089
 0.122844 0.828199 0.828199 0.828199 0.828199
 0.0889928 0.59998 0.59998 0.59998 0.59998
 0.0718238 0.484228 0.484228 0.484228 0.484228
 0.0780011 0.525875 0.525875 0.525875 0.525875
 0.0355368 0.239585 0.239585 0.239585 0.239585
 0.0445772 0.300535 0.300535 0.300535 0.300535
 0.0538317 0.362928 0.362928 0.362928 0.362928
 0.0532957 0.359314 0.359314 0.359314 0.359314
 0.0560161 0.377655 0.377655 0.377655 0.377655
nmprior
 10.6 11 7 0
nm_flota  nm_reclas  nm_pelaces    nm_pelaL
inf 21.2325 14.0476 31.0373
cv_recla  cv_pelaces  cv_mph
0.727206 0.431014 0.455082
 ------------------------------------------------
Talla a la edad & desviación 
 7.2 14.2025 17.0495 18.207 18.6776
 1.08 2.13037 2.55742 2.73105 2.80164
