years
 1997 1998 1999 2000 2001 2002 2003 2004 2005 2006 2007 2008 2009 2010 2011 2012 2013 2014 2015 2016 2017 2018 2019 2020 2021
reclasobs
 0 0 0 370054 412103 1.49427e+06 250295 1.28982e+06 931140 785840 897777 1.04006e+06 184774 17550 25797 100020 73551 82996 120727 218422 84188 347160 605670 569463 516374
reclaspred
 4.64321e+06 717955 871898 181911 233311 329593 657686 598984 643138 900213 992085 665121 355795 142373 78502.4 79879.7 90459.2 109686 119996 133524 211854 225428 380476 454937 400971
pelacesobs
 0 0 0 0 0 0 0 0 0 2.06254e+06 1.5e+06 0 1.87456e+06 323000 250000 174000 83755 137374 0 501740 490994 745055 786931 1.00524e+06 1.33801e+06
pelacespred
 6.12268e+06 2.15391e+06 542305 302367 854027 460696 2.77779e+06 1.89785e+06 2.09857e+06 3.15058e+06 2.10146e+06 1.52253e+06 1.126e+06 376251 225636 192826 212659 270463 247233 299695 608690 463238 653876 947520 495614
mphobs
 0 0 0 0 0 112323 0 153150 637223 0 255016 313432 73983 77613 109348 50772 0 0 0 0 0 0 0 0 0
mphpred
 1.09264e+06 464676 194931 70982.4 46853.9 143760 156771 281057 253012 294911 438099 270094 165037 96194.8 44150.9 33093.3 33447 37546.4 43939.3 44742.7 62853.3 83102.8 101178 144592 159419
desembarqueobs
 350755 77701 442110 56441 14545 235359 269955 359681 431902 328805 639364 411747 362871 311530 167758 66681 60226 58785 57116 73181 50977 67692 138656 160484 209506
desembarquepred
 350743 77678.9 441517 56411.1 14542.8 235156 269852 359056 431338 328476 637998 410938 362035 310855 167149 66578.4 60166.9 58680.2 57016.4 73080.1 50953.6 67610.8 138524 160340 209292
Reclutas
 8498.95 12448 1545.96 4857.61 42100.6 13195.7 64193 57949.2 68805.2 130833 54035 47328.3 55596.2 28938.1 13007.1 10801.5 7084.27 8142.42 8283.27 10791.6 16098.9 19988.6 33730.8 33782.2 1562.66
log_desv_Rt
 -0.752303 -0.370688 -2.4566 -1.3117 0.847816 -0.312353 1.26965 1.16732 1.33903 1.98168 1.09739 0.964865 1.12587 0.472913 -0.326749 -0.512562 -0.934368 -0.795157 -0.778007 -0.513479 -0.113492 0.102916 0.626168 0.627689 -2.44585
SSB
 1.6257e+06 691377 290032 105612 69712.4 213896 233254 418176 376449 438788 651833 401865 245553 143125 65690.6 49238.4 49764.8 55864.1 65375.8 66571.2 93517.4 123646 150539 215134 237194
BT
 2.09532e+06 828775 412313 159478 274028 323223 1.05678e+06 959669 1.03248e+06 1.27118e+06 1.19731e+06 834878 685115 392090 200288 112882 112012 129838 122742 148665 227700 204744 292305 416256 320367
Ftot
 0.189313 0.293826 1.26619 0.862867 0.266024 1.63377 1.49403 1.74488 1.98004 1.23492 1.59004 1.6063 2.82481 4.78397 4.95303 2.25307 1.80272 1.519 1.26851 1.52295 0.719289 0.819646 0.99817 0.966986 1.19407
BD_Bspro_t
 0.975965 0.828304 0.575448 0.211729 0.264745 0.574057 0.413548 0.497576 0.419885 0.414949 0.47483 0.295211 0.20615 0.145837 0.0816736 0.0753327 0.104025 0.158154 0.222068 0.271513 0.37417 0.505522 0.512592 0.524543 0.476297
BD_Bspro
 4.38936 1.8667 0.783079 0.285151 0.188222 0.577516 0.629782 1.12907 1.0164 1.18472 1.75994 1.08503 0.662988 0.386435 0.177363 0.132943 0.134364 0.150832 0.176513 0.179741 0.252495 0.333842 0.406453 0.580858 0.64042
BD_Bo
 1.84445 0.784407 0.329058 0.119823 0.0790928 0.242678 0.264641 0.474445 0.427103 0.49783 0.739542 0.455939 0.278594 0.162384 0.0745298 0.0558638 0.056461 0.063381 0.0741727 0.0755289 0.106101 0.140284 0.170796 0.244082 0.269111
BD_Brms
 5.03739 2.1423 0.898691 0.32725 0.216011 0.662778 0.722761 1.29576 1.16646 1.35963 2.01977 1.24522 0.76087 0.443487 0.203549 0.15257 0.154201 0.1731 0.202573 0.206277 0.289772 0.383129 0.466461 0.666614 0.734969
S_f
 0.0857548 0.702829 0.983508 0.999335 0.999974
 0.0857548 0.702829 0.983508 0.999335 0.999974
 0.0857548 0.702829 0.983508 0.999335 0.999974
 0.0857548 0.702829 0.983508 0.999335 0.999974
 0.0857548 0.702829 0.983508 0.999335 0.999974
 0.0857548 0.702829 0.983508 0.999335 0.999974
 0.0857548 0.702829 0.983508 0.999335 0.999974
 0.0857548 0.702829 0.983508 0.999335 0.999974
 0.0857548 0.702829 0.983508 0.999335 0.999974
 0.0857548 0.702829 0.983508 0.999335 0.999974
 0.0857548 0.702829 0.983508 0.999335 0.999974
 0.0857548 0.702829 0.983508 0.999335 0.999974
 0.0857548 0.702829 0.983508 0.999335 0.999974
 0.0857548 0.702829 0.983508 0.999335 0.999974
 0.0857548 0.702829 0.983508 0.999335 0.999974
 0.0857548 0.702829 0.983508 0.999335 0.999974
 0.0857548 0.702829 0.983508 0.999335 0.999974
 0.0857548 0.702829 0.983508 0.999335 0.999974
 0.0857548 0.702829 0.983508 0.999335 0.999974
 0.0857548 0.702829 0.983508 0.999335 0.999974
 0.0857548 0.702829 0.983508 0.999335 0.999974
 0.0857548 0.702829 0.983508 0.999335 0.999974
 0.0857548 0.702829 0.983508 0.999335 0.999974
 0.0857548 0.702829 0.983508 0.999335 0.999974
 0.0857548 0.702829 0.983508 0.999335 0.999974
Scru_reclas
 0.197685 0.553572 0.861888 0.969142 0.993713
 0.197685 0.553572 0.861888 0.969142 0.993713
 0.197685 0.553572 0.861888 0.969142 0.993713
 0.197685 0.553572 0.861888 0.969142 0.993713
 0.197685 0.553572 0.861888 0.969142 0.993713
 0.197685 0.553572 0.861888 0.969142 0.993713
 0.197685 0.553572 0.861888 0.969142 0.993713
 0.197685 0.553572 0.861888 0.969142 0.993713
 0.197685 0.553572 0.861888 0.969142 0.993713
 0.197685 0.553572 0.861888 0.969142 0.993713
 0.197685 0.553572 0.861888 0.969142 0.993713
 0.197685 0.553572 0.861888 0.969142 0.993713
 0.197685 0.553572 0.861888 0.969142 0.993713
 0.197685 0.553572 0.861888 0.969142 0.993713
 0.197685 0.553572 0.861888 0.969142 0.993713
 0.197685 0.553572 0.861888 0.969142 0.993713
 0.197685 0.553572 0.861888 0.969142 0.993713
 0.197685 0.553572 0.861888 0.969142 0.993713
 0.197685 0.553572 0.861888 0.969142 0.993713
 0.197685 0.553572 0.861888 0.969142 0.993713
 0.197685 0.553572 0.861888 0.969142 0.993713
 0.197685 0.553572 0.861888 0.969142 0.993713
 0.197685 0.553572 0.861888 0.969142 0.993713
 0.197685 0.553572 0.861888 0.969142 0.993713
 0.197685 0.553572 0.861888 0.969142 0.993713
Scru_pelaces
 1 1 1 1 1
 1 1 1 1 1
 1 1 1 1 1
 1 1 1 1 1
 1 1 1 1 1
 1 1 1 1 1
 1 1 1 1 1
 1 1 1 1 1
 1 1 1 1 1
 1 1 1 1 1
 1 1 1 1 1
 1 1 1 1 1
 1 1 1 1 1
 1 1 1 1 1
 1 1 1 1 1
 1 1 1 1 1
 1 1 1 1 1
 1 1 1 1 1
 1 1 1 1 1
 1 1 1 1 1
 1 1 1 1 1
 1 1 1 1 1
 1 1 1 1 1
 1 1 1 1 1
 1 1 1 1 1
pf_obs 
 0.256992 0.487395 0.22802 0.0275931 0
 0.321318 0.546541 0.124235 0.00734118 0.000564706
 0.182869 0.594174 0.210203 0.0122559 0.00049798
 0.330522 0.361315 0.267642 0.0388342 0.00168674
 0.649043 0.306663 0.0425973 0.00169635 0
 0.582887 0.30429 0.105238 0.00758474 0
 0.465427 0.430635 0.0974691 0.00646863 0
 0.296916 0.608066 0.0921331 0.00288517 0
 0.311714 0.524322 0.152257 0.0117073 0
 0.15457 0.633149 0.183074 0.0267441 0.00246327
 0.131901 0.49318 0.331252 0.0422183 0.00144891
 0.196976 0.569456 0.194076 0.0375587 0.00193317
 0.518974 0.381816 0.0799577 0.0180837 0.00116848
 0.0928022 0.601141 0.25162 0.0475244 0.00691264
 0.122501 0.610282 0.24278 0.0234846 0.000952079
 0.383417 0.481906 0.127806 0.00687128 0
 0.0376549 0.599619 0.316969 0.0457579 0
 0.0361596 0.667082 0.258105 0.0386534 0
 0.158088 0.579412 0.248529 0.0139706 0
 0.0477256 0.309471 0.559284 0.082774 0.000745712
 0.0406174 0.521527 0.379366 0.0568643 0.0016247
 0.151134 0.462217 0.34131 0.0453401 0
 0.294876 0.26143 0.354403 0.0886775 0.000613685
 0.281977 0.475581 0.204845 0.0348837 0.00271318
 0.0354234 0.537034 0.353287 0.0723622 0.0018943
pf_pred 
 0.0145738 0.646812 0.299709 0.0389031 2.20524e-06
 0.0367522 0.0928984 0.636528 0.207361 0.0264607
 0.0119665 0.279188 0.0956627 0.450656 0.162527
 0.141397 0.131733 0.299751 0.0591003 0.368019
 0.622026 0.252626 0.0285119 0.0405165 0.0563198
 0.098321 0.840833 0.0454956 0.00354185 0.0118085
 0.536658 0.27097 0.1853 0.00533283 0.0017388
 0.265748 0.693824 0.0291254 0.0108997 0.000402945
 0.310536 0.575019 0.111119 0.00241903 0.000906759
 0.396979 0.527179 0.0690599 0.00659197 0.000189953
 0.127626 0.769386 0.0951098 0.00719244 0.000686534
 0.193007 0.530346 0.258149 0.0171243 0.00137287
 0.328554 0.531402 0.109626 0.0284465 0.00197197
 0.274352 0.674464 0.0463087 0.0038567 0.00101863
 0.289315 0.681829 0.0283315 0.00047789 4.65055e-05
 0.335264 0.639041 0.0254411 0.00024923 4.25528e-06
 0.211953 0.705172 0.0813586 0.00150168 1.43579e-05
 0.274307 0.574669 0.142442 0.0084296 0.000151628
 0.244754 0.627267 0.111961 0.0151347 0.000883276
 0.290369 0.561347 0.132799 0.0135947 0.00188968
 0.295861 0.58803 0.101508 0.0131191 0.00148177
 0.239747 0.598587 0.143589 0.015848 0.00222861
 0.300462 0.524473 0.149767 0.0225283 0.00276958
 0.218639 0.637942 0.119353 0.0206639 0.0034019
 0.0121511 0.730258 0.226671 0.02584 0.00507948
pobs_RECLAS
 0 0 0 0 0
 0 0 0 0 0
 0 0 0 0 0
 0 0 0 0 0
 0.835266 0.146461 0.0176864 0.000547809 3.91292e-05
 0.385257 0.428462 0.181853 0.0044286 0
 0.867414 0.0963971 0.0333333 0.00285562 0
 0.441836 0.489002 0.0689373 0.000224442 0
 0.779404 0.147425 0.0564933 0.0165055 0.000172143
 0.814271 0.122319 0.05973 0.00367925 0
 0.40263 0.566651 0.0304383 0.000280538 0
 0.475488 0.404961 0.113038 0.00651328 0
 0.955842 0.0263864 0.0167828 0.000988607 0
 0.975058 0.0227948 0.00214734 0 0
 0.738997 0.206755 0.0527124 0.00153531 0
 0.850938 0.134255 0.0134407 0.00136685 0
 0.542534 0.407297 0.0501686 0 0
 0.764087 0.199537 0.0359546 0.000420521 0
 0.470689 0.182191 0.310203 0.0369168 0
 0.84361 0.089868 0.0606195 0.00523954 0.000663233
 0.607945 0.314616 0.071237 0.00620181 0
 0.523733 0.453247 0.0230204 0 0
 0.530135 0.295979 0.169645 0.0042399 0
 0.562478 0.366248 0.0663022 0.0049721 0
 0.250443 0.683176 0.0655157 0.000865301 0
ppred_RECLAS
 0.0401736 0.604661 0.310563 0.0446007 2.59064e-06
 0.0913301 0.0779208 0.590234 0.212703 0.0278123
 0.0331798 0.245111 0.0889065 0.462066 0.170736
 0.306994 0.0933949 0.229949 0.0500871 0.319575
 0.81986 0.112535 0.0140515 0.0220895 0.0314634
 0.261683 0.685489 0.0383179 0.003286 0.011224
 0.785399 0.123081 0.087804 0.00278526 0.000930431
 0.543598 0.429995 0.0184969 0.00762123 0.000288644
 0.603361 0.330291 0.06422 0.00153749 0.000590402
 0.672719 0.283606 0.0394027 0.00414987 0.000122521
 0.32117 0.595557 0.0762947 0.00635674 0.000621641
 0.434266 0.36648 0.184651 0.0134944 0.00110837
 0.649495 0.280228 0.0538858 0.0153048 0.00108668
 0.663746 0.31808 0.0163101 0.00146714 0.000396681
 0.685365 0.305176 0.00927357 0.000168744 1.68094e-05
 0.637738 0.348471 0.0136415 0.000146756 2.56676e-06
 0.471145 0.472138 0.0555768 0.0011291 1.10598e-05
 0.547254 0.355015 0.091643 0.00597709 0.00011015
 0.502807 0.407944 0.0770688 0.0114934 0.000687248
 0.566636 0.339082 0.0835182 0.00942261 0.00134188
 0.556165 0.364406 0.0685098 0.0097858 0.00113252
 0.485427 0.396932 0.103237 0.0125894 0.00181399
 0.564919 0.318903 0.0978724 0.0162575 0.00204784
 0.458964 0.434077 0.0874234 0.0167159 0.00281968
 0.0364769 0.698268 0.230428 0.0289879 0.00583836
pobs_PELACES
 0 0 0 0 0
 0 0 0 0 0
 0 0 0 0 0
 0 0 0 0 0
 0 0 0 0 0
 0 0 0 0 0
 0 0 0 0 0
 0 0 0 0 0
 0 0 0 0 0
 0 0 0 0 0
 0.450072 0.473896 0.0757376 0.000293798 0
 0 0 0 0 0
 0.463077 0.371075 0.160297 0.00555027 0
 0.529543 0.364841 0.0842815 0.0213345 0
 0.631943 0.363953 0.00410389 0 0
 0.735681 0.248677 0.0153453 0.000297389 0
 0.695825 0.281241 0.0229344 0 0
 0.275771 0.60734 0.115278 0.00161068 0
 0 0 0 0 0
 0.896147 0.0623911 0.0374545 0.00400742 0
 0.803859 0.145111 0.0509908 3.86294e-05 0
 0.739449 0.233085 0.0266225 0.000797448 4.60066e-05
 0.878498 0.100942 0.0204185 0.000141795 0
 0.694673 0.275183 0.0284847 0.00165964 0
 0.469039 0.446079 0.0841089 0.000773354 0
ppred_PELACES
 0.12404 0.641489 0.207938 0.0265314 1.50292e-06
 0.318886 0.0915141 0.433274 0.138647 0.0176795
 0.163968 0.334248 0.0692516 0.317974 0.114558
 0.70949 0.0646589 0.0943956 0.0182033 0.113252
 0.941457 0.0437141 0.0034204 0.00477531 0.0066332
 0.588862 0.394958 0.0121887 0.000921677 0.00306928
 0.944853 0.0390064 0.0155627 0.000435622 0.000141879
 0.830282 0.164398 0.00386426 0.00140313 5.18087e-05
 0.873674 0.114119 0.0118633 0.000249988 9.35839e-05
 0.887086 0.103856 0.00826593 0.000769241 2.21437e-05
 0.659722 0.31603 0.022442 0.00164915 0.000157233
 0.779969 0.169478 0.0472633 0.0030461 0.000243925
 0.911483 0.0790067 0.00751138 0.00186951 0.000129381
 0.937995 0.0605971 0.00128132 9.99726e-05 2.63354e-05
 0.944534 0.0547787 0.000675758 1.06562e-05 1.03419e-06
 0.888201 0.109542 0.00223546 2.11374e-05 3.60381e-07
 0.791106 0.19612 0.0125474 0.000224577 2.14459e-06
 0.836154 0.142169 0.0204776 0.00117838 2.11724e-05
 0.799178 0.178837 0.0192944 0.00254208 0.000148205
 0.846964 0.132733 0.0182355 0.00181516 0.000252027
 0.814234 0.164558 0.0185898 0.00235261 0.000265497
 0.775138 0.19155 0.0296589 0.00320279 0.000449996
 0.83406 0.137213 0.0246585 0.00362375 0.000445078
 0.759506 0.210669 0.0249165 0.00421558 0.000693372
 0.133103 0.713495 0.135393 0.0150533 0.00295612
pobs_pel_tallas
 0 0 0 0 0 0 0 0 0 0 0 0 0 0 0 0 0 0 0 0 0 0 0 0 0 0 0 0 0 0 0 0 0 0 0 0
 0 0 0 0 0 0 0 0 0 0 0 0 0 0 0 0 0 0 0 0 0 0 0 0 0 0 0 0 0 0 0 0 0 0 0 0
 0 0 0 0 0 0 0 0 0 0 0 0 0 0 0 0 0 0 0 0 0 0 0 0 0 0 0 0 0 0 0 0 0 0 0 0
 0 0 0 0 0 0 0 0 0 0 0 0 0 0 0 0 0 0 0 0 0 0 0 0 0 0 0 0 0 0 0 0 0 0 0 0
 0 0 0 0 0 0 0 0 0 0 0 0 0 0 0 0 0 0 0 0 0 0 0 0 0 0 0 0 0 0 0 0 0 0 0 0
 0 0 0 0 0 0 0 0 0 0 0 0 0 0 0 0 0 0 0 0 0 0 0 0 0 0 0 0 0 0 0 0 0 0 0 0
 0 0 0 0 0 0 0 0 0 0 0 0 0 0 0 0 0 0 0 0 0 0 0 0 0 0 0 0 0 0 0 0 0 0 0 0
 0 0 0 0 0 0 0 0 0 0 0 0 0 0 0 0 0 0 0 0 0 0 0 0 0 0 0 0 0 0 0 0 0 0 0 0
 0 0 0 0 0 0 0 0 0 0 0 0 0 0 0 0 0 0 0 0 0 0 0 0 0 0 0 0 0 0 0 0 0 0 0 0
 0 0 0 0 0 0 0 0 0 0 0 0 0 0 0 0 0 0 0 0 0 0 0 0 0 0 0 0 0 0 0 0 0 0 0 0
 0 0 0 0 0 0 0 0 1.78061e-05 0.00172719 0.00360574 0.0105946 0.0120993 0.0124554 0.0147524 0.0171206 0.0266825 0.0428682 0.0675386 0.121331 0.153587 0.119568 0.100827 0.0573624 0.0630603 0.0341343 0.0324427 0.0444173 0.0211091 0.0280891 0.0125444 0.00206551 0 0 0 0
 0 0 0 0 0 0 0 0 0 0 0 0 0 0 0 0 0 0 0 0 0 0 0 0 0 0 0 0 0 0 0 0 0 0 0 0
 0 0 0 0 0 0 0.0133647 0.0140871 0.0187388 0.0205184 0.03894 0.0496705 0.03968 0.0493445 0.0407372 0.0367815 0.0215668 0.0243155 0.0234873 0.0199281 0.019796 0.0243948 0.0301388 0.0376714 0.0412746 0.0863199 0.0771752 0.113111 0.0741005 0.0525337 0.0229764 0.00759418 0.00175318 0 0 0
 0 0 0 0 0 0 0 0 0 0 0.00219441 0.00772107 0.0458388 0.0604681 0.0671733 0.0775358 0.0609151 0.0617685 0.073594 0.0568108 0.0755445 0.0548602 0.0670107 0.0636378 0.0643287 0.046367 0.0373049 0.0286899 0.0247887 0.0153202 0.00654259 0.00121912 0.000365735 0 0 0
 0 0 0 0 0 0 0 0 0 0 0 0 0.000112435 0.00938835 0.0111873 0.0202946 0.0414886 0.0713402 0.111592 0.104902 0.108894 0.110636 0.117776 0.105296 0.107544 0.0401394 0.0192827 0.0124803 0.00416011 0.0028671 0.000618394 0 0 0 0 0
 0 0 0 0 0 0 0 0 0 0 0.00291406 0.0102884 0.027416 0.0768956 0.0749926 0.110853 0.0956884 0.0897413 0.0766577 0.0534642 0.0500743 0.0551293 0.0594112 0.0620874 0.0668451 0.0424026 0.0208742 0.0120726 0.0048766 0.00582813 0.00118941 0.000297354 0 0 0 0
 0 0.00264628 0.0354308 0.0461629 0.0458689 0.0383711 0.0214643 0.0164657 0.0346957 0.0420465 0.0363128 0.0245516 0.0311673 0.0291091 0.0169068 0.0133784 0.00837989 0.0085269 0.0148486 0.0160247 0.0276389 0.0546898 0.0760071 0.122758 0.109233 0.0665981 0.0333725 0.0166128 0.00676272 0.00308733 0.000882094 0 0 0 0 0
 0 0 0 0 0 0 0 0.000805153 0.000690131 0.00759144 0.0133425 0.0154129 0.00931677 0.000345066 0.00356568 0.00563607 0.00851162 0.0253048 0.0502646 0.0516448 0.0657925 0.0565908 0.0611916 0.0827007 0.0866115 0.110766 0.145733 0.0935128 0.0569358 0.0249597 0.0138026 0.00621118 0.00161031 0.00115022 0 0
 0 0 0 0 0 0 0 0 0 0 0 0 0 0 0 0 0 0 0 0 0 0 0 0 0 0 0 0 0 0 0 0 0 0 0 0
 0.00147267 0.00158595 0.00478618 0.00569244 0.00954404 0.0108468 0.00647125 0.017049 0.0510054 0.094081 0.124002 0.0959785 0.0687766 0.0820023 0.061753 0.0591476 0.0492212 0.0479892 0.0443925 0.0268479 0.0217502 0.0140895 0.0121071 0.0120363 0.00920419 0.00665534 0.0049561 0.00860946 0.00930331 0.0156896 0.0114698 0.00855282 0.00243557 0.00046729 0 2.83206e-05
 0 0 0 0 0.000772559 0.00158375 0.000888443 0.00281984 0.00712685 0.0440552 0.0773331 0.111326 0.0921469 0.0852325 0.0710754 0.0886704 0.0786465 0.0553345 0.0373146 0.0185414 0.00753245 0.00457741 0.012979 0.0271748 0.0457355 0.0583668 0.034881 0.0177882 0.00938659 0.00492506 0.0015258 0.00185414 0.000309023 5.79419e-05 3.86279e-05 0
 0 0.00173294 0.00326652 0 0.00397197 0.00683976 0.00946217 0.0152591 0.00757587 0.0136028 0.0228656 0.0392903 0.0559909 0.0764795 0.0681675 0.0726916 0.0566044 0.0477403 0.0527397 0.0444891 0.0609904 0.0582453 0.0661739 0.0445044 0.0529084 0.0360697 0.0280645 0.0235558 0.0158879 0.00826598 0.00280645 0.00217768 0.000904811 0.00058276 9.20147e-05 0
 0 0 0 0 0 0 0 0 0 0 0 0 0 0 0 0 0 0 0 0 0 0 0 0 0 0 0 0 0 0 0 0 0 0 0 0
 0 0 0 0 0 0 0 0 0 0 0 0 0 0 0 0 0 0 0 0 0 0 0 0 0 0 0 0 0 0 0 0 0 0 0 0
 0 0 0 0 0 0 0 0 0 0 0 0 0 0 0 0 0 0 0 0 0 0 0 0 0 0 0 0 0 0 0 0 0 0 0 0
ppred_pel_tallas
 1.04073e-16 5.44786e-06 3.18849e-05 0.000151379 0.000582502 0.0018162 0.00458826 0.00939317 0.0155892 0.0209932 0.0229959 0.0206436 0.0155624 0.0106673 0.00814232 0.00864577 0.0118741 0.0173426 0.0246635 0.0334257 0.0430186 0.0525797 0.0610861 0.0675423 0.0711964 0.0717058 0.0692026 0.0642308 0.0575885 0.0501297 0.0425929 0.0355004 0.0291401 0.0236082 0.0188811 0.0148824
 1.11771e-16 1.39222e-05 8.1686e-05 0.000388249 0.0014947 0.00466098 0.0117733 0.0240902 0.0399344 0.0536378 0.0583871 0.0515461 0.0369968 0.0217952 0.0109721 0.00554033 0.00406122 0.00484663 0.00691495 0.00990111 0.0137082 0.0182787 0.0235017 0.0291894 0.0350805 0.0408552 0.0461567 0.050619 0.0539007 0.0557234 0.0559103 0.0544183 0.0513536 0.0469634 0.0416057 0.0356983
 1.17371e-16 7.1755e-06 4.20584e-05 0.000199812 0.000769099 0.00239818 0.00605792 0.0123978 0.0205606 0.0276419 0.030158 0.0267875 0.0195818 0.0122504 0.00748897 0.00594646 0.00700977 0.00990216 0.0141328 0.019413 0.0254605 0.0319006 0.0382777 0.0441312 0.0490881 0.0529317 0.0556209 0.0572529 0.0579881 0.0579687 0.0572634 0.0558572 0.0536845 0.050684 0.046855 0.04229
 1.07279e-16 3.09523e-05 0.000181673 0.000863608 0.00332497 0.0103686 0.0261902 0.053588 0.0888254 0.119282 0.129782 0.114428 0.0818054 0.047529 0.0226716 0.00932267 0.00407799 0.00295205 0.0035315 0.00481202 0.00646561 0.00837202 0.0104434 0.0125863 0.0147051 0.0167111 0.0185273 0.0200869 0.0213281 0.0221903 0.0226155 0.0225565 0.0219889 0.020922 0.0194054 0.0175269
 1.00537e-16 4.10663e-05 0.000241053 0.00114591 0.00441192 0.0137582 0.034752 0.0711058 0.11786 0.158267 0.172183 0.151776 0.108423 0.0628268 0.0296493 0.0116247 0.00418848 0.00200073 0.00180977 0.0022439 0.00284722 0.0034637 0.00400731 0.00441069 0.00462684 0.00463799 0.00445905 0.00413218 0.00371488 0.00326549 0.00283098 0.00244029 0.00210403 0.00181881 0.00157386 0.00135706
 1.00477e-16 2.57058e-05 0.000150841 0.000716961 0.00276023 0.00860742 0.0217419 0.0444889 0.0737529 0.0990711 0.107869 0.0952921 0.0685262 0.0406231 0.0208917 0.0112019 0.00885365 0.0106106 0.014435 0.0193056 0.02459 0.0296828 0.0339385 0.0367597 0.0377276 0.0367044 0.0338687 0.0296658 0.0246961 0.0195756 0.0148149 0.0107478 0.00751773 0.00511058 0.00341153 0.00226312
 1.00256e-16 4.12143e-05 0.000241922 0.00115004 0.00442783 0.0138078 0.0348773 0.0713622 0.118285 0.158837 0.172802 0.152319 0.108807 0.0630393 0.0297314 0.0116255 0.00413955 0.00191407 0.00168691 0.00208459 0.00265467 0.00324684 0.00378078 0.00419279 0.00443576 0.00448726 0.00435343 0.00406534 0.00366978 0.00321752 0.00275311 0.00230886 0.00190368 0.00154538 0.00123472 0.000969154
 1.0016e-16 3.62235e-05 0.00021261 0.00101067 0.00389115 0.0121342 0.03065 0.0627137 0.103954 0.139604 0.151909 0.133975 0.0958613 0.0558589 0.0269462 0.0115883 0.0058119 0.00494177 0.00610723 0.0080407 0.0102192 0.0123291 0.0140905 0.0152532 0.0156429 0.015203 0.0140086 0.0122462 0.0101666 0.0080271 0.00604101 0.00434755 0.00300635 0.0020111 0.00131333 0.00084666
 1.00219e-16 3.81136e-05 0.000223711 0.00106345 0.0040944 0.0127681 0.032251 0.0659891 0.109381 0.146888 0.159821 0.14092 0.10076 0.0585698 0.027986 0.0115775 0.00513965 0.00373791 0.00435405 0.00568238 0.00722988 0.00874908 0.0100401 0.0109268 0.0112849 0.0110694 0.0103255 0.00917477 0.00778407 0.00632616 0.00494592 0.00374009 0.0027534 0.00198743 0.00141608 0.00100114
 1.00179e-16 3.8698e-05 0.000227143 0.00107977 0.00415723 0.012964 0.0327459 0.0670017 0.11106 0.14914 0.162269 0.143072 0.102282 0.0594241 0.0283361 0.0116218 0.00500627 0.00347535 0.00396385 0.00515059 0.00654563 0.00791384 0.00907152 0.00985865 0.0101629 0.00994491 0.00924754 0.00818346 0.00690628 0.00557462 0.00432094 0.0032331 0.00235075 0.00167366 0.00117606 0.00082118
 1.00486e-16 2.87924e-05 0.000168969 0.000803162 0.00309215 0.00964252 0.0243564 0.0498377 0.0826164 0.110966 0.120791 0.106636 0.0765306 0.0450601 0.0226076 0.011214 0.00780249 0.00871367 0.0116681 0.0155801 0.0198627 0.0240134 0.0275122 0.0298783 0.0307715 0.0300738 0.0279182 0.0246501 0.0207399 0.0166725 0.0128526 0.00954799 0.00687872 0.00484239 0.00335818 0.00231144
 1.00843e-16 3.40299e-05 0.000199731 0.000949437 0.00365539 0.011399 0.028793 0.0589142 0.0976565 0.131149 0.142713 0.125877 0.0900921 0.0525489 0.0254475 0.0111149 0.00583104 0.00521684 0.00658541 0.00875022 0.0112159 0.0136745 0.0158403 0.0174492 0.0183051 0.0183231 0.0175454 0.0161248 0.0142815 0.0122494 0.0102295 0.00836276 0.00672405 0.00533436 0.00418024 0.00323279
 1.00203e-16 3.97608e-05 0.000233385 0.00110945 0.00427152 0.0133204 0.0336461 0.0688433 0.114111 0.153236 0.166718 0.146979 0.105042 0.0609585 0.0289388 0.0116456 0.00467488 0.00286683 0.00307236 0.00394638 0.00501179 0.00606544 0.00696335 0.0075831 0.00783868 0.00769912 0.0071956 0.00641193 0.00546294 0.0044673 0.00352422 0.00269954 0.0020232 0.00149561 0.00109841 0.000805353
 1.00043e-16 4.09161e-05 0.000240169 0.00114171 0.00439572 0.0137077 0.0346245 0.070845 0.117429 0.157689 0.171558 0.151233 0.108056 0.0626536 0.0296424 0.0117522 0.00444133 0.00239265 0.00236405 0.00297868 0.00376332 0.00453615 0.00518175 0.00560609 0.00574483 0.00557721 0.00513119 0.00447587 0.00370413 0.00291126 0.00217623 0.00155064 0.0010566 0.00069175 0.000438018 0.000270612
 1.00029e-16 4.1201e-05 0.000241842 0.00114966 0.00442635 0.0138032 0.0348657 0.0713386 0.118247 0.158786 0.17275 0.152282 0.108797 0.0630676 0.0298087 0.0117665 0.00436507 0.00224815 0.00215103 0.00268992 0.00339404 0.00408884 0.00466806 0.00504651 0.00516619 0.00500862 0.00459951 0.00400178 0.00329992 0.00258046 0.00191506 0.00135047 0.000906545 0.000580872 0.000356701 0.000211143
 1.00069e-16 3.87468e-05 0.000227429 0.00108113 0.00416247 0.0129803 0.0327871 0.0670861 0.1112 0.149329 0.162475 0.143256 0.10242 0.0595157 0.0284016 0.0116857 0.00508948 0.00359265 0.00412462 0.00535843 0.00679672 0.00819527 0.00936087 0.0101258 0.0103741 0.0100683 0.00925902 0.00807143 0.00667365 0.00523811 0.00390778 0.0027761 0.00188308 0.00122446 0.000767471 0.000467147
 1.0025e-16 3.45166e-05 0.000202586 0.000963004 0.00370762 0.0115619 0.0292044 0.0597562 0.0990527 0.133026 0.14476 0.127693 0.0914162 0.0533691 0.0259331 0.0114749 0.00622637 0.00574534 0.00729782 0.00966023 0.0122985 0.0148605 0.0170159 0.0184653 0.0189981 0.0185421 0.017181 0.0151313 0.0126863 0.0101489 0.00777128 0.00572042 0.00407071 0.00281993 0.00191663 0.00128802
 1.00379e-16 3.64787e-05 0.00021411 0.0010178 0.00391863 0.0122199 0.0308664 0.0631564 0.104687 0.140587 0.152973 0.134902 0.0964982 0.0561775 0.0270021 0.0114462 0.0055009 0.00445456 0.00542026 0.00713594 0.00910075 0.0110339 0.0126914 0.013854 0.0143645 0.0141634 0.013302 0.0119264 0.0102389 0.00845025 0.00673796 0.00522189 0.00395932 0.0029558 0.00218376 0.0016011
 1.00427e-16 3.48678e-05 0.00020465 0.000972819 0.00374542 0.0116798 0.0295021 0.0603652 0.100062 0.134379 0.146229 0.128978 0.0923138 0.053848 0.0260818 0.0113987 0.00598488 0.00534933 0.00673222 0.00890824 0.0113582 0.0137546 0.0157955 0.0172067 0.0177931 0.0174836 0.0163475 0.0145737 0.0124213 0.0101589 0.00801149 0.00612934 0.00458178 0.00337147 0.00245849 0.00178464
 1.00377e-16 3.69497e-05 0.000216876 0.00103095 0.00396927 0.0123778 0.0312654 0.0639726 0.10604 0.142402 0.154946 0.136635 0.0977236 0.0568623 0.0272777 0.0114709 0.00537608 0.00421732 0.00507005 0.0066605 0.00849168 0.0102945 0.0118402 0.012924 0.0133994 0.0132114 0.0124083 0.0111266 0.00955546 0.00789133 0.00629965 0.00489169 0.00372018 0.00278955 0.00207341 0.00153207
 1.00411e-16 3.55238e-05 0.000208502 0.000991136 0.00381595 0.0118997 0.0300577 0.0615018 0.101945 0.136907 0.148975 0.131391 0.0940187 0.0547984 0.0264599 0.0114236 0.00579642 0.00499758 0.00621528 0.00820878 0.0104656 0.0126762 0.0145613 0.0158685 0.0164176 0.0161429 0.0151075 0.0134841 0.0115106 0.00943336 0.00745901 0.00572561 0.0042972 0.00317668 0.00232802 0.00169844
 1.00615e-16 3.38201e-05 0.000198497 0.000943568 0.00363279 0.0113285 0.028615 0.0585501 0.0970535 0.130341 0.141839 0.125118 0.0895745 0.0522986 0.0254223 0.0112662 0.00614069 0.0056969 0.00726042 0.00963751 0.0123102 0.0149376 0.0171983 0.0187977 0.0195233 0.0192935 0.0181751 0.0163619 0.0141233 0.0117401 0.00944923 0.00741057 0.00570109 0.00432919 0.0032597 0.00243861
 1.00541e-16 3.63872e-05 0.000213573 0.00101525 0.00390881 0.0121893 0.0307891 0.0629982 0.104425 0.140234 0.152588 0.13456 0.0962491 0.0560229 0.0269102 0.0113773 0.00542446 0.00435167 0.00528069 0.00695626 0.00888473 0.0107936 0.0124478 0.0136349 0.0142015 0.0140867 0.0133351 0.0120818 0.0105156 0.00883437 0.00720512 0.00574137 0.00449872 0.00348514 0.00267855 0.00204397
 1.006e-16 3.31392e-05 0.000194498 0.000924552 0.00355957 0.0111002 0.0280382 0.0573701 0.0950983 0.127717 0.138989 0.122616 0.0878114 0.051325 0.0250529 0.0112786 0.00639611 0.00614996 0.00791858 0.0105212 0.0134279 0.0162725 0.0187032 0.0203975 0.0211248 0.0207997 0.0195016 0.0174501 0.0149473 0.0123069 0.00979154 0.00757697 0.00574477 0.00429907 0.00319488 0.00236626
 1.0281e-16 5.84579e-06 3.42149e-05 0.000162442 0.000625076 0.00194895 0.00492365 0.0100799 0.0167293 0.0225298 0.0246823 0.022165 0.016725 0.0114934 0.00881644 0.00940175 0.0129205 0.0188417 0.0267274 0.0361019 0.0462638 0.0562367 0.0648781 0.0710947 0.0740867 0.0735341 0.0696647 0.0631759 0.0550464 0.046302 0.0378112 0.0301661 0.0236591 0.0183368 0.0140894 0.0107398
pSPR Fmed_Fpbrs
0.371212   0.416152 0.416152
Fs Fmed_Fpbrs
1.24366   1.005 1.005
SSBpbr Bo_Bmed_Bpbrs
881401  283116  322727 322727
Ro
18033.7
SPR SPRFo_SPRFmed_SPRFpbrs
370373 137487 154132
log_Ro
9.62
likeval ReclasPelacesDesembMPH_pf_preclas_ppelaces_ptallas_desvR_qrecl_qpela
 71.287 19.3675 0.281834 0.000164659 365.15 194.882 91.7253 0 43.2387 6.27674e-05 0.000154102 0 0 0 0
q_reclas_q_pelaces
3.07303 5.84803
M
0.7
N
 8498.95 48428.6 16405.9 2098.49 0.118885
 12448 4152.49 21052.8 6762.9 862.508
 1545.96 6027.67 1677.32 7830.73 2823.1
 4857.61 688.708 1229.3 239.762 1492.36
 42100.6 2240.17 186.489 261.273 362.975
 13195.7 20435 922.731 71.2883 237.603
 64193 5696.14 3218.74 91.883 29.9494
 57949.2 28044 989.796 367.733 13.5906
 68805.2 24777.5 4085.4 88.3577 33.1117
 130833 28831.9 3059.67 289.395 8.33611
 54035 58441.4 6010.72 451.019 43.0374
 47328.3 23412.7 9492.46 624.832 50.0778
 55596.2 20478.2 3759.65 971.118 67.3076
 28938.1 21668.8 1396.55 116.031 30.6432
 13007.1 9534.43 372.902 6.27572 0.610662
 10801.5 4223.86 145.697 1.41903 0.0242225
 7084.27 4421.47 430.514 7.89015 0.0754185
 8142.42 3014.05 618.454 36.3063 0.652853
 8283.27 3549.57 514.625 68.9423 4.02209
 10791.6 3689.37 722.727 73.3943 10.1987
 16098.9 4702.83 628.188 80.2544 9.06032
 19988.6 7516.27 1408.65 153.763 21.6133
 33730.8 9252.3 2098.03 312.391 38.3889
 33782.2 15376.1 2278.07 390.351 64.2372
 1562.66 15440.8 3869.75 437.05 85.8809
pred_Ctot
 98.519 4372.44 2026.03 262.984 0.0149074
 223.073 563.86 3863.5 1258.61 160.607
 115.117 2685.76 920.267 4335.28 1563.49
 250.231 233.128 530.469 104.59 651.284
 683.792 277.711 31.3431 44.5397 61.9122
 1250.7 10695.8 578.729 45.0542 150.211
 5592.67 2823.86 1931.07 55.5749 18.1206
 5842 15252.5 640.271 239.611 8.85805
 7803.4 14449.6 2792.29 60.7874 22.7858
 9512.76 12632.7 1654.87 157.963 4.55182
 4992.46 30096.8 3720.51 281.354 26.8558
 4414.86 12131.2 5904.92 391.702 31.403
 8722.4 14107.6 2910.33 755.193 52.3515
 7169.84 17626.3 1210.22 100.79 26.6207
 3316.88 7816.88 324.809 5.47881 0.533167
 1380.07 2630.52 104.725 1.02592 0.0175163
 736.284 2449.63 282.624 5.21653 0.0498766
 720.584 1509.61 374.185 22.1439 0.398314
 617.879 1583.53 282.645 38.2075 2.22982
 957.367 1850.8 437.848 44.8227 6.23042
 695.039 1381.4 238.464 30.8196 3.48099
 979.682 2446.02 586.751 64.7598 9.10679
 1999.91 3490.95 996.868 149.951 18.4346
 1942.64 5668.22 1060.47 183.602 30.2264
 110.028 6612.5 2052.51 233.981 45.9948
F
 0.0162345 0.133055 0.186191 0.189188 0.189308
 0.0251969 0.206509 0.28898 0.29363 0.293818
 0.108582 0.889914 1.24531 1.26535 1.26615
 0.0739949 0.606448 0.848636 0.862293 0.862844
 0.0228129 0.18697 0.261637 0.265848 0.266017
 0.140103 1.14826 1.60682 1.63268 1.63372
 0.12812 1.05005 1.46939 1.49303 1.49399
 0.149632 1.22635 1.71611 1.74372 1.74484
 0.169798 1.39163 1.94738 1.97872 1.97999
 0.1059 0.867937 1.21455 1.2341 1.23489
 0.136354 1.11753 1.56382 1.58898 1.59
 0.137748 1.12895 1.57981 1.60523 1.60626
 0.242241 1.98536 2.77822 2.82293 2.82474
 0.410248 3.36231 4.70507 4.78079 4.78384
 0.424746 3.48114 4.87134 4.94974 4.9529
 0.193212 1.58353 2.21591 2.25157 2.25301
 0.154592 1.267 1.77299 1.80152 1.80267
 0.130262 1.0676 1.49395 1.51799 1.51896
 0.108781 0.891549 1.24759 1.26767 1.26848
 0.1306 1.07037 1.49783 1.52194 1.52291
 0.0616824 0.505537 0.707426 0.718811 0.71927
 0.0702886 0.576072 0.806129 0.819102 0.819625
 0.0855978 0.701543 0.981708 0.997507 0.998144
 0.0829236 0.679626 0.951038 0.966343 0.96696
 0.102397 0.839227 1.17438 1.19328 1.19404
nmprior
 10.6 11 7 0
nm_flota  nm_reclas  nm_pelaces    nm_pelaL
inf 18.0063 7.65184 14.0895
cv_recla  cv_pelaces  cv_mph
0.763713 0.499009 0.416323
 ------------------------------------------------
Talla a la edad & desviación 
 7.2 14.2025 17.0495 18.207 18.6776
 1.08 2.13037 2.55742 2.73105 2.80164
