years
 1997 1998 1999 2000 2001 2002 2003 2004 2005 2006 2007 2008 2009 2010 2011 2012 2013 2014 2015 2016 2017 2018 2019 2020 2021
reclasobs
 0 0 0 370054 412103 1.49427e+06 250295 1.28982e+06 931140 785840 897777 1.04006e+06 184774 17550 25797 100020 73551 82996 120727 218422 84188 347160 605670 569463 516374
reclaspred
 1.42699e+06 404469 1.37587e+06 865958 938618 1.16029e+06 2.2899e+06 1.52278e+06 1.60922e+06 1.43045e+06 1.18483e+06 798017 464801 216532 152077 162654 213530 322035 373625 502311 755212 754737 1.32715e+06 1.74039e+06 2.55356e+06
pelacesobs
 0 0 0 0 0 0 0 0 0 2.06254e+06 1.5e+06 0 1.87456e+06 323000 250000 174000 83755 137374 0 501740 490994 745055 786931 1.00524e+06 1.33801e+06
pelacespred
 1.01989e+06 398669 524485 632272 582663 590822 1.15915e+06 1.07566e+06 951062 882245 630425 435262 247889 93690 66150.6 80450.2 110652 168502 206854 268404 438244 457403 609347 950903 1.41518e+06
mphobs
 0 0 0 0 0 112323 0 153150 637223 0 255016 313432 73983 77613 109348 50772 0 0 0 0 0 0 0 0 0
mphpred
 943383 671249 760179 944066 789013 997299 1.44266e+06 1.70135e+06 1.41981e+06 1.37355e+06 1.22519e+06 842318 520527 274693 137143 130288 161657 240811 318428 377806 565126 699324 893494 1.31763e+06 1.97012e+06
desembarqueobs
 350755 77701 442110 56441 14545 235359 269955 359681 431902 328805 639364 411747 362871 311530 167758 66681 60226 58785 57116 73181 50977 67692 138656 160484 209506
desembarquepred
 350803 77720.6 442386 56449.5 14545.5 235486 270030 359821 432103 328939 640167 412350 363520 312308 167914 66719.9 60264.3 58802 57126.1 73194.5 50981.9 67697 138675 160504 209519
Reclutas
 85449.5 79546.1 49445.1 55339.2 86112.1 74954.1 118940 106403 124239 116406 70528.1 44580.9 45160.6 29426 21558.7 21069.5 19233 22394.3 25274.9 42108.6 60076.2 74057.8 124136 173502 147276
log_desv_Rt
 0.355681 0.284092 -0.191382 -0.078764 0.363405 0.224631 0.686373 0.574986 0.729961 0.66484 0.163766 -0.294939 -0.282019 -0.710367 -1.02147 -1.04442 -1.13562 -0.983439 -0.862434 -0.351994 0.00336835 0.212601 0.729131 1.06394 0.900064
SSB
 943383 671249 760179 944066 789013 997299 1.44266e+06 1.70135e+06 1.41981e+06 1.37355e+06 1.22519e+06 842318 520527 274693 137143 130288 161657 240811 318428 377806 565126 699324 893494 1.31763e+06 1.97012e+06
BT
 3.42373e+06 897813 1.52763e+06 1.3506e+06 1.28166e+06 1.34629e+06 3.04892e+06 2.70312e+06 2.58195e+06 2.2283e+06 1.90779e+06 1.2887e+06 903102 499350 307903 239089 308946 430682 481067 666332 1.06705e+06 986314 1.39333e+06 2.24907e+06 3.29447e+06
Ftot
 0.237855 0.186354 0.308964 0.0636521 0.0151731 0.196504 0.114835 0.228469 0.259151 0.22241 0.510583 0.489053 0.725634 1.26036 1.00315 0.392369 0.272289 0.177164 0.148555 0.141691 0.0659233 0.0874688 0.101814 0.0899382 0.0800511
BD_Bspro_t
 0.968579 0.826544 0.777864 0.668064 0.737284 0.825706 0.788883 0.796793 0.738084 0.689801 0.641113 0.478202 0.367641 0.262159 0.163957 0.182242 0.279781 0.44682 0.575195 0.67186 0.771205 0.845839 0.856309 0.864516 0.878937
BD_Bspro
 0.767176 0.545872 0.618191 0.767732 0.64164 0.811022 1.1732 1.38357 1.15461 1.117 0.996347 0.684988 0.423302 0.223385 0.111527 0.105953 0.131462 0.195832 0.258952 0.307239 0.459571 0.568703 0.726606 1.07152 1.60213
BD_Bo
 0.728964 0.518682 0.587399 0.729492 0.60968 0.770625 1.11476 1.31465 1.0971 1.06136 0.94672 0.650869 0.402218 0.212259 0.105972 0.100675 0.124914 0.186077 0.246053 0.291936 0.43668 0.540376 0.690414 1.01815 1.52233
BD_Brms
 3.54551 2.52275 2.85697 3.54808 2.96534 3.74814 5.42195 6.39416 5.33604 5.16221 4.60462 3.16568 1.95629 1.03238 0.515423 0.48966 0.607554 0.905037 1.19675 1.41991 2.12391 2.62826 3.35801 4.95206 7.40427
S_f
 0.5 1 1 1 1
 0.5 1 1 1 1
 0.5 1 1 1 1
 0.5 1 1 1 1
 0.5 1 1 1 1
 0.5 1 1 1 1
 0.5 1 1 1 1
 0.5 1 1 1 1
 0.5 1 1 1 1
 0.5 1 1 1 1
 0.5 1 1 1 1
 0.5 1 1 1 1
 0.5 1 1 1 1
 0.5 1 1 1 1
 0.5 1 1 1 1
 0.5 1 1 1 1
 0.5 1 1 1 1
 0.5 1 1 1 1
 0.5 1 1 1 1
 0.5 1 1 1 1
 0.5 1 1 1 1
 0.5 1 1 1 1
 0.5 1 1 1 1
 0.5 1 1 1 1
 0.5 1 1 1 1
Scru_reclas
 0.5 1 1 1 1
 0.5 1 1 1 1
 0.5 1 1 1 1
 0.5 1 1 1 1
 0.5 1 1 1 1
 0.5 1 1 1 1
 0.5 1 1 1 1
 0.5 1 1 1 1
 0.5 1 1 1 1
 0.5 1 1 1 1
 0.5 1 1 1 1
 0.5 1 1 1 1
 0.5 1 1 1 1
 0.5 1 1 1 1
 0.5 1 1 1 1
 0.5 1 1 1 1
 0.5 1 1 1 1
 0.5 1 1 1 1
 0.5 1 1 1 1
 0.5 1 1 1 1
 0.5 1 1 1 1
 0.5 1 1 1 1
 0.5 1 1 1 1
 0.5 1 1 1 1
 0.5 1 1 1 1
Scru_pelaces
 0.5 1 1 1 1
 0.5 1 1 1 1
 0.5 1 1 1 1
 0.5 1 1 1 1
 0.5 1 1 1 1
 0.5 1 1 1 1
 0.5 1 1 1 1
 0.5 1 1 1 1
 0.5 1 1 1 1
 0.5 1 1 1 1
 0.5 1 1 1 1
 0.5 1 1 1 1
 0.5 1 1 1 1
 0.5 1 1 1 1
 0.5 1 1 1 1
 0.5 1 1 1 1
 0.5 1 1 1 1
 0.5 1 1 1 1
 0.5 1 1 1 1
 0.5 1 1 1 1
 0.5 1 1 1 1
 0.5 1 1 1 1
 0.5 1 1 1 1
 0.5 1 1 1 1
 0.5 1 1 1 1
pf_obs 
 0.256992 0.487395 0.22802 0.0275931 0
 0.321318 0.546541 0.124235 0.00734118 0.000564706
 0.182869 0.594174 0.210203 0.0122559 0.00049798
 0.330522 0.361315 0.267642 0.0388342 0.00168674
 0.649043 0.306663 0.0425973 0.00169635 0
 0.582887 0.30429 0.105238 0.00758474 0
 0.465427 0.430635 0.0974691 0.00646863 0
 0.296916 0.608066 0.0921331 0.00288517 0
 0.311714 0.524322 0.152257 0.0117073 0
 0.15457 0.633149 0.183074 0.0267441 0.00246327
 0.131901 0.49318 0.331252 0.0422183 0.00144891
 0.196976 0.569456 0.194076 0.0375587 0.00193317
 0.518974 0.381816 0.0799577 0.0180837 0.00116848
 0.0928022 0.601141 0.25162 0.0475244 0.00691264
 0.122501 0.610282 0.24278 0.0234846 0.000952079
 0.383417 0.481906 0.127806 0.00687128 0
 0.0376549 0.599619 0.316969 0.0457579 0
 0.0361596 0.667082 0.258105 0.0386534 0
 0.158088 0.579412 0.248529 0.0139706 0
 0.0477256 0.309471 0.559284 0.082774 0.000745712
 0.0406174 0.521527 0.379366 0.0568643 0.0016247
 0.151134 0.462217 0.34131 0.0453401 0
 0.294876 0.26143 0.354403 0.0886775 0.000613685
 0.281977 0.475581 0.204845 0.0348837 0.00271318
 0.0354234 0.537034 0.353287 0.0723622 0.0018943
pf_pred 
 0.62439 0.269182 0.0955517 0.0108708 5.46195e-06
 0.46175 0.420182 0.0846137 0.0300354 0.00341879
 0.320812 0.437415 0.188739 0.0380071 0.0150271
 0.403888 0.30285 0.188869 0.0814945 0.0228993
 0.484763 0.298707 0.110006 0.0686041 0.0379197
 0.375944 0.408097 0.125201 0.0461085 0.0446489
 0.503132 0.278389 0.142873 0.0438324 0.0317737
 0.403984 0.403254 0.108002 0.0554283 0.0293318
 0.451646 0.324271 0.15161 0.0406055 0.0318671
 0.418727 0.371758 0.123898 0.0579275 0.0276904
 0.314413 0.415163 0.172952 0.0576406 0.0398317
 0.319216 0.35125 0.199552 0.0831308 0.046851
 0.439003 0.291623 0.138983 0.078959 0.0514313
 0.440088 0.369883 0.0987828 0.0470782 0.0441676
 0.540474 0.321934 0.0908945 0.0242747 0.0224226
 0.573474 0.3251 0.0710569 0.0200621 0.010307
 0.47085 0.397324 0.100478 0.0219615 0.00938614
 0.478741 0.343013 0.13384 0.0338464 0.0105595
 0.457959 0.357155 0.121664 0.0474718 0.0157504
 0.543109 0.291496 0.10898 0.0371237 0.0192912
 0.527004 0.336873 0.0868466 0.0324688 0.0168079
 0.475805 0.363892 0.11417 0.0294332 0.0167004
 0.539713 0.299384 0.111698 0.0350448 0.0141609
 0.516379 0.341939 0.092154 0.034382 0.0151461
 0.384465 0.422593 0.136418 0.0367651 0.0197594
pobs_RECLAS
 0 0 0 0 0
 0 0 0 0 0
 0 0 0 0 0
 0 0 0 0 0
 0.835266 0.146461 0.0176864 0.000547809 3.91292e-05
 0.385257 0.428462 0.181853 0.0044286 0
 0.867414 0.0963971 0.0333333 0.00285562 0
 0.441836 0.489002 0.0689373 0.000224442 0
 0.779404 0.147425 0.0564933 0.0165055 0.000172143
 0.814271 0.122319 0.05973 0.00367925 0
 0.40263 0.566651 0.0304383 0.000280538 0
 0.475488 0.404961 0.113038 0.00651328 0
 0.955842 0.0263864 0.0167828 0.000988607 0
 0.975058 0.0227948 0.00214734 0 0
 0.738997 0.206755 0.0527124 0.00153531 0
 0.850938 0.134255 0.0134407 0.00136685 0
 0.542534 0.407297 0.0501686 0 0
 0.764087 0.199537 0.0359546 0.000420521 0
 0.470689 0.182191 0.310203 0.0369168 0
 0.84361 0.089868 0.0606195 0.00523954 0.000663233
 0.607945 0.314616 0.071237 0.00620181 0
 0.523733 0.453247 0.0230204 0 0
 0.530135 0.295979 0.169645 0.0042399 0
 0.562478 0.366248 0.0663022 0.0049721 0
 0.250443 0.683176 0.0655157 0.000865301 0
ppred_RECLAS
 0.626403 0.267739 0.0950395 0.0108125 5.43267e-06
 0.463352 0.418931 0.0843619 0.029946 0.00340862
 0.323394 0.435752 0.188022 0.0378627 0.01497
 0.404361 0.302609 0.188719 0.0814298 0.0228811
 0.484874 0.298643 0.109983 0.0685893 0.0379115
 0.377554 0.407044 0.124878 0.0459896 0.0445337
 0.504063 0.277868 0.142605 0.0437503 0.0317142
 0.405958 0.401918 0.107645 0.0552447 0.0292347
 0.454008 0.322874 0.150958 0.0404306 0.0317298
 0.420659 0.370522 0.123486 0.0577349 0.0275983
 0.319304 0.412202 0.171718 0.0572294 0.0395476
 0.32387 0.348849 0.198188 0.0825626 0.0465307
 0.448052 0.28692 0.136741 0.0776853 0.0506017
 0.460537 0.356374 0.0951751 0.0453589 0.0425546
 0.554994 0.311762 0.0880224 0.0235077 0.0217141
 0.57738 0.322123 0.070406 0.0198784 0.0102126
 0.473372 0.39543 0.0999995 0.0218568 0.0093414
 0.480258 0.342015 0.13345 0.0337479 0.0105288
 0.459192 0.356342 0.121387 0.0473637 0.0157146
 0.544278 0.290751 0.108701 0.0370288 0.0192419
 0.527512 0.336511 0.0867532 0.0324339 0.0167898
 0.476494 0.363413 0.11402 0.0293945 0.0166784
 0.540523 0.298857 0.111501 0.0349832 0.014136
 0.51709 0.341436 0.0920185 0.0343314 0.0151239
 0.38506 0.422185 0.136286 0.0367296 0.0197403
pobs_PELACES
 0 0 0 0 0
 0 0 0 0 0
 0 0 0 0 0
 0 0 0 0 0
 0 0 0 0 0
 0 0 0 0 0
 0 0 0 0 0
 0 0 0 0 0
 0 0 0 0 0
 0 0 0 0 0
 0.450072 0.473896 0.0757376 0.000293798 0
 0 0 0 0 0
 0.463077 0.371075 0.160297 0.00555027 0
 0.529543 0.364841 0.0842815 0.0213345 0
 0.631943 0.363953 0.00410389 0 0
 0.735681 0.248677 0.0153453 0.000297389 0
 0.695825 0.281241 0.0229344 0 0
 0.275771 0.60734 0.115278 0.00161068 0
 0 0 0 0 0
 0.896147 0.0623911 0.0374545 0.00400742 0
 0.803859 0.145111 0.0509908 3.86294e-05 0
 0.739449 0.233085 0.0266225 0.000797448 4.60066e-05
 0.878498 0.100942 0.0204185 0.000141795 0
 0.694673 0.275183 0.0284847 0.00165964 0
 0.469039 0.446079 0.0841089 0.000773354 0
ppred_PELACES
 0.635541 0.26119 0.0927149 0.010548 5.29979e-06
 0.471006 0.412957 0.0831587 0.0295189 0.00336
 0.334647 0.428504 0.184894 0.0372329 0.014721
 0.406893 0.301323 0.187916 0.0810837 0.0227839
 0.485499 0.29828 0.109849 0.068506 0.0378655
 0.385203 0.402042 0.123344 0.0454244 0.0439864
 0.508799 0.275214 0.141243 0.0433325 0.0314113
 0.41508 0.395746 0.105992 0.0543964 0.0287857
 0.464626 0.316595 0.148022 0.0396443 0.0311127
 0.429627 0.364786 0.121574 0.0568412 0.0271711
 0.337886 0.400949 0.16703 0.0556671 0.038468
 0.341785 0.339606 0.192937 0.080375 0.0452978
 0.477811 0.27145 0.129369 0.0734969 0.0478735
 0.512442 0.322086 0.0860178 0.0409946 0.0384601
 0.595413 0.283445 0.0800275 0.0213725 0.0197418
 0.593094 0.310146 0.0677883 0.0191393 0.00983286
 0.484584 0.387012 0.0978706 0.0213915 0.00914253
 0.487558 0.337211 0.131576 0.0332739 0.0103809
 0.465285 0.352327 0.12002 0.0468301 0.0155375
 0.55007 0.287055 0.107319 0.0365581 0.0189973
 0.530222 0.334581 0.0862556 0.0322478 0.0166935
 0.480095 0.360913 0.113235 0.0291923 0.0165637
 0.544692 0.296145 0.11049 0.0346657 0.0140077
 0.520795 0.338817 0.0913126 0.034068 0.0150078
 0.388192 0.420034 0.135592 0.0365425 0.0196398
pobs_pel_tallas
 0 0 0 0 0 0 0 0 0 0 0 0 0 0 0 0 0 0 0 0 0 0 0 0 0 0 0 0 0 0 0 0 0 0 0 0
 0 0 0 0 0 0 0 0 0 0 0 0 0 0 0 0 0 0 0 0 0 0 0 0 0 0 0 0 0 0 0 0 0 0 0 0
 0 0 0 0 0 0 0 0 0 0 0 0 0 0 0 0 0 0 0 0 0 0 0 0 0 0 0 0 0 0 0 0 0 0 0 0
 0 0 0 0 0 0 0 0 0 0 0 0 0 0 0 0 0 0 0 0 0 0 0 0 0 0 0 0 0 0 0 0 0 0 0 0
 0 0 0 0 0 0 0 0 0 0 0 0 0 0 0 0 0 0 0 0 0 0 0 0 0 0 0 0 0 0 0 0 0 0 0 0
 0 0 0 0 0 0 0 0 0 0 0 0 0 0 0 0 0 0 0 0 0 0 0 0 0 0 0 0 0 0 0 0 0 0 0 0
 0 0 0 0 0 0 0 0 0 0 0 0 0 0 0 0 0 0 0 0 0 0 0 0 0 0 0 0 0 0 0 0 0 0 0 0
 0 0 0 0 0 0 0 0 0 0 0 0 0 0 0 0 0 0 0 0 0 0 0 0 0 0 0 0 0 0 0 0 0 0 0 0
 0 0 0 0 0 0 0 0 0 0 0 0 0 0 0 0 0 0 0 0 0 0 0 0 0 0 0 0 0 0 0 0 0 0 0 0
 0 0 0 0 0 0 0 0 0 0 0 0 0 0 0 0 0 0 0 0 0 0 0 0 0 0 0 0 0 0 0 0 0 0 0 0
 0 0 0 0 0 0 0 0 1.78061e-05 0.00172719 0.00360574 0.0105946 0.0120993 0.0124554 0.0147524 0.0171206 0.0266825 0.0428682 0.0675386 0.121331 0.153587 0.119568 0.100827 0.0573624 0.0630603 0.0341343 0.0324427 0.0444173 0.0211091 0.0280891 0.0125444 0.00206551 0 0 0 0
 0 0 0 0 0 0 0 0 0 0 0 0 0 0 0 0 0 0 0 0 0 0 0 0 0 0 0 0 0 0 0 0 0 0 0 0
 0 0 0 0 0 0 0.0133647 0.0140871 0.0187388 0.0205184 0.03894 0.0496705 0.03968 0.0493445 0.0407372 0.0367815 0.0215668 0.0243155 0.0234873 0.0199281 0.019796 0.0243948 0.0301388 0.0376714 0.0412746 0.0863199 0.0771752 0.113111 0.0741005 0.0525337 0.0229764 0.00759418 0.00175318 0 0 0
 0 0 0 0 0 0 0 0 0 0 0.00219441 0.00772107 0.0458388 0.0604681 0.0671733 0.0775358 0.0609151 0.0617685 0.073594 0.0568108 0.0755445 0.0548602 0.0670107 0.0636378 0.0643287 0.046367 0.0373049 0.0286899 0.0247887 0.0153202 0.00654259 0.00121912 0.000365735 0 0 0
 0 0 0 0 0 0 0 0 0 0 0 0 0.000112435 0.00938835 0.0111873 0.0202946 0.0414886 0.0713402 0.111592 0.104902 0.108894 0.110636 0.117776 0.105296 0.107544 0.0401394 0.0192827 0.0124803 0.00416011 0.0028671 0.000618394 0 0 0 0 0
 0 0 0 0 0 0 0 0 0 0 0.00291406 0.0102884 0.027416 0.0768956 0.0749926 0.110853 0.0956884 0.0897413 0.0766577 0.0534642 0.0500743 0.0551293 0.0594112 0.0620874 0.0668451 0.0424026 0.0208742 0.0120726 0.0048766 0.00582813 0.00118941 0.000297354 0 0 0 0
 0 0.00264628 0.0354308 0.0461629 0.0458689 0.0383711 0.0214643 0.0164657 0.0346957 0.0420465 0.0363128 0.0245516 0.0311673 0.0291091 0.0169068 0.0133784 0.00837989 0.0085269 0.0148486 0.0160247 0.0276389 0.0546898 0.0760071 0.122758 0.109233 0.0665981 0.0333725 0.0166128 0.00676272 0.00308733 0.000882094 0 0 0 0 0
 0 0 0 0 0 0 0 0.000805153 0.000690131 0.00759144 0.0133425 0.0154129 0.00931677 0.000345066 0.00356568 0.00563607 0.00851162 0.0253048 0.0502646 0.0516448 0.0657925 0.0565908 0.0611916 0.0827007 0.0866115 0.110766 0.145733 0.0935128 0.0569358 0.0249597 0.0138026 0.00621118 0.00161031 0.00115022 0 0
 0 0 0 0 0 0 0 0 0 0 0 0 0 0 0 0 0 0 0 0 0 0 0 0 0 0 0 0 0 0 0 0 0 0 0 0
 0.00147267 0.00158595 0.00478618 0.00569244 0.00954404 0.0108468 0.00647125 0.017049 0.0510054 0.094081 0.124002 0.0959785 0.0687766 0.0820023 0.061753 0.0591476 0.0492212 0.0479892 0.0443925 0.0268479 0.0217502 0.0140895 0.0121071 0.0120363 0.00920419 0.00665534 0.0049561 0.00860946 0.00930331 0.0156896 0.0114698 0.00855282 0.00243557 0.00046729 0 2.83206e-05
 0 0 0 0 0.000772559 0.00158375 0.000888443 0.00281984 0.00712685 0.0440552 0.0773331 0.111326 0.0921469 0.0852325 0.0710754 0.0886704 0.0786465 0.0553345 0.0373146 0.0185414 0.00753245 0.00457741 0.012979 0.0271748 0.0457355 0.0583668 0.034881 0.0177882 0.00938659 0.00492506 0.0015258 0.00185414 0.000309023 5.79419e-05 3.86279e-05 0
 0 0.00173294 0.00326652 0 0.00397197 0.00683976 0.00946217 0.0152591 0.00757587 0.0136028 0.0228656 0.0392903 0.0559909 0.0764795 0.0681675 0.0726916 0.0566044 0.0477403 0.0527397 0.0444891 0.0609904 0.0582453 0.0661739 0.0445044 0.0529084 0.0360697 0.0280645 0.0235558 0.0158879 0.00826598 0.00280645 0.00217768 0.000904811 0.00058276 9.20147e-05 0
 0 0 0 0 0 0 0 0 0 0 0 0 0 0 0 0 0 0 0 0 0 0 0 0 0 0 0 0 0 0 0 0 0 0 0 0
 0 0 0 0 0 0 0 0 0 0 0 0 0 0 0 0 0 0 0 0 0 0 0 0 0 0 0 0 0 0 0 0 0 0 0 0
 0 0 0 0 0 0 0 0 0 0 0 0 0 0 0 0 0 0 0 0 0 0 0 0 0 0 0 0 0 0 0 0 0 0 0 0
ppred_pel_tallas
 1.01764e-16 2.7736e-05 0.000162772 0.000773708 0.00297876 0.00928894 0.0234633 0.0480099 0.0795853 0.106892 0.116348 0.102695 0.0736608 0.0432884 0.0215691 0.0104582 0.00698472 0.00762564 0.0102032 0.0137099 0.0176393 0.0215804 0.0251055 0.0278065 0.0293739 0.0296634 0.0287224 0.0267655 0.0241108 0.0211007 0.0180329 0.0151199 0.0124817 0.0101627 0.00815995 0.00644938
 1.02487e-16 2.05676e-05 0.000120673 0.000573536 0.00220799 0.00688529 0.017392 0.0355889 0.0590018 0.0792658 0.0863308 0.0763256 0.0550196 0.0328833 0.0174048 0.010131 0.00895605 0.0113357 0.0156595 0.0210907 0.0270545 0.0329501 0.0381131 0.0419114 0.04388 0.0438268 0.0418718 0.0384017 0.0339628 0.0291274 0.0243786 0.020044 0.0162844 0.0131263 0.010514 0.00835951
 1.04732e-16 1.46226e-05 8.57685e-05 0.000407591 0.00156906 0.00489279 0.0123592 0.0252915 0.0419345 0.0563505 0.061409 0.0543777 0.0393852 0.0239146 0.0133462 0.00885228 0.00901339 0.0120863 0.0169574 0.0230071 0.0297333 0.0365484 0.0427722 0.0477365 0.0509223 0.0520684 0.0512158 0.0486695 0.0449002 0.04042 0.0356767 0.0309932 0.0265596 0.022461 0.0187223 0.0153456
 1.06617e-16 1.77676e-05 0.000104244 0.000495455 0.0019074 0.00594793 0.0150242 0.0307434 0.0509674 0.0684688 0.0745628 0.0659011 0.0474613 0.0282799 0.0148159 0.0083981 0.00720687 0.00905946 0.0126032 0.0171822 0.0223948 0.0278336 0.0330315 0.0375174 0.0409043 0.0429625 0.0436514 0.0430975 0.0415347 0.0392298 0.0364211 0.0332879 0.0299516 0.0264969 0.0229986 0.0195388
 1.0578e-16 2.11949e-05 0.000124366 0.000591118 0.00227573 0.00709656 0.0179255 0.0366796 0.0608065 0.0816795 0.0889313 0.0785573 0.0564819 0.0334646 0.0171807 0.00917614 0.00723609 0.0087152 0.0119717 0.0162191 0.0210065 0.0259106 0.0304663 0.03422 0.0368187 0.0380827 0.0380333 0.0368636 0.0348702 0.0323679 0.02962 0.0268029 0.0240069 0.0212624 0.018576 0.015958
 1.05498e-16 1.68258e-05 9.8706e-05 0.000469105 0.00180591 0.00563142 0.0142249 0.0291085 0.0482604 0.064842 0.0706391 0.0624945 0.0451411 0.0271637 0.0147161 0.00910042 0.00863392 0.0112709 0.0157147 0.0212765 0.0274509 0.0336797 0.0393303 0.0437894 0.0465911 0.0475172 0.0466351 0.044257 0.0408419 0.0368743 0.0327617 0.0287791 0.0250646 0.0216525 0.0185228 0.0156436
 1.05052e-16 2.221e-05 0.000130328 0.000619464 0.00238488 0.00743693 0.0187853 0.0384385 0.0637213 0.0855916 0.0931821 0.0822918 0.0591224 0.0349396 0.0177738 0.00922933 0.00697031 0.00821468 0.0112427 0.0152466 0.0197871 0.0244686 0.0288576 0.0325262 0.0351339 0.0364943 0.0366036 0.0356174 0.0337915 0.0314073 0.0287105 0.0258781 0.0230175 0.0201864 0.0174207 0.0147557
 1.04848e-16 1.81282e-05 0.000106353 0.000505462 0.0019459 0.00606797 0.0153276 0.0313647 0.0519997 0.0698624 0.0760985 0.0673011 0.0485623 0.0291208 0.0155914 0.00935775 0.0085861 0.0110554 0.0153613 0.0207698 0.0267629 0.0327842 0.0382086 0.0424333 0.0450043 0.0457153 0.0446446 0.0421138 0.0385897 0.0345627 0.0304441 0.0265098 0.0228958 0.0196303 0.0166842 0.014014
 1.05021e-16 2.02856e-05 0.000119026 0.000565725 0.00217795 0.00679164 0.0171554 0.0351039 0.0581954 0.0781752 0.085124 0.0752136 0.0541201 0.0321504 0.0166634 0.00915459 0.00752096 0.00924401 0.0127569 0.0172977 0.0224083 0.0276405 0.0324945 0.0364789 0.0392071 0.0404758 0.040297 0.0388705 0.0365133 0.0335712 0.0303447 0.0270484 0.0238086 0.0206859 0.0177081 0.0148969
 1.05068e-16 1.87614e-05 0.000110073 0.000523153 0.00201402 0.00628042 0.0158641 0.0324623 0.0538182 0.0723017 0.0787452 0.0696175 0.0501807 0.0299853 0.0158621 0.00922484 0.00815843 0.0103535 0.0143596 0.0194397 0.0251024 0.0308353 0.0360633 0.040228 0.0429016 0.0438781 0.0432083 0.041163 0.0381469 0.0345896 0.030855 0.0271916 0.0237291 0.0205081 0.0175226 0.0147574
 1.06212e-16 1.47626e-05 8.65932e-05 0.000411519 0.00158419 0.00493999 0.0124784 0.0255351 0.0423375 0.0568892 0.0619886 0.0548732 0.0397054 0.024032 0.0132737 0.00860037 0.00856611 0.0114028 0.0159882 0.0217137 0.0281066 0.0346234 0.0406362 0.0455268 0.0488134 0.05025 0.0498662 0.0479305 0.0448586 0.0410988 0.0370361 0.0329404 0.028963 0.0251671 0.0215721 0.0181896
 1.07728e-16 1.49301e-05 8.75823e-05 0.000416233 0.00160237 0.00499668 0.0126215 0.0258275 0.0428205 0.0575326 0.0626753 0.0554468 0.0400462 0.0240905 0.0130411 0.00805729 0.00765471 0.0100347 0.0140729 0.019195 0.0249975 0.0310321 0.0367763 0.0417043 0.0453887 0.0475831 0.0482562 0.0475655 0.045787 0.0432289 0.0401602 0.0367759 0.033199 0.0295065 0.0257627 0.0220418
 1.06688e-16 2.08586e-05 0.000122394 0.000581748 0.00223966 0.00698409 0.0176414 0.0360981 0.0598419 0.0803822 0.0875144 0.0772953 0.055552 0.0328687 0.016793 0.00883982 0.00682453 0.00814333 0.0111879 0.0152025 0.0197724 0.0245186 0.0290229 0.0328713 0.0357322 0.0374214 0.0379276 0.0373885 0.0360324 0.0341066 0.0318197 0.0293133 0.0266661 0.0239179 0.0210997 0.0182554
 1.04532e-16 2.23706e-05 0.000131267 0.00062392 0.00240202 0.00749037 0.0189203 0.0387151 0.064181 0.0862125 0.0938671 0.0829181 0.0596188 0.0353257 0.0181395 0.00969005 0.00763541 0.00917596 0.0125668 0.0169611 0.0218621 0.0268012 0.0312687 0.0347758 0.0369542 0.0376358 0.0368822 0.0349512 0.0322161 0.0290677 0.0258315 0.0227227 0.0198437 0.0172119 0.014801 0.0125769
 1.02886e-16 2.59871e-05 0.000152502 0.000724881 0.00279076 0.00870265 0.0219824 0.04498 0.0745639 0.100151 0.10902 0.0962497 0.0690863 0.0406981 0.0204604 0.0102228 0.00721941 0.00816257 0.0110143 0.0148174 0.0190654 0.0233253 0.0271403 0.0300752 0.0318032 0.0321775 0.0312575 0.0292805 0.0265904 0.0235504 0.0204681 0.0175533 0.0149127 0.012572 0.0105105 0.00869221
 1.02181e-16 2.5887e-05 0.000151912 0.000722071 0.00277993 0.00866888 0.0218971 0.0448057 0.0742758 0.0997663 0.108608 0.0958998 0.0688665 0.0406315 0.0205428 0.0104528 0.00761551 0.00876032 0.0118524 0.0159207 0.0204294 0.024904 0.0288421 0.0317682 0.0333317 0.0333852 0.0320138 0.0295021 0.0262535 0.0226913 0.0191727 0.0159398 0.0131119 0.0107099 0.00869503 0.0070059
 1.02678e-16 2.11587e-05 0.000124145 0.000590048 0.00227158 0.00708359 0.0178929 0.0366135 0.0606993 0.0815431 0.0888024 0.0784902 0.0565353 0.0336998 0.0176742 0.0100349 0.00860073 0.0107454 0.0148148 0.0199673 0.0256493 0.0312965 0.0362859 0.0400224 0.042063 0.0422164 0.0405801 0.0375 0.0334717 0.0290186 0.0245856 0.0204783 0.0168532 0.0137462 0.0111201 0.00890828
 1.03606e-16 2.12864e-05 0.0001249 0.000593645 0.00228544 0.00712684 0.0180021 0.0368365 0.0610677 0.0820336 0.0893254 0.078926 0.0567916 0.0337376 0.0174851 0.00960166 0.00787683 0.00966147 0.0133017 0.0179845 0.0232127 0.0284988 0.0333033 0.0371023 0.0394923 0.0402755 0.0394941 0.0373987 0.0343697 0.0308172 0.027097 0.0234622 0.0200566 0.0169384 0.0141163 0.0115812
 1.04154e-16 2.03158e-05 0.0001192 0.000566544 0.0021811 0.00680143 0.0171801 0.0351549 0.0582808 0.0782927 0.0852594 0.0753508 0.0542572 0.0323084 0.0168848 0.00949591 0.00804606 0.0100169 0.0138315 0.0187028 0.0241305 0.0296108 0.0345837 0.0385064 0.0409644 0.0417591 0.0409428 0.0387841 0.0356838 0.0320695 0.0283064 0.0246481 0.0212309 0.018101 0.0152546 0.0126732
 1.03761e-16 2.40101e-05 0.000140895 0.000669699 0.00257829 0.00804008 0.0203088 0.0415558 0.0688884 0.0925306 0.100732 0.0889497 0.063884 0.0377093 0.0190994 0.00977834 0.00720774 0.00836572 0.0113794 0.0153644 0.0198406 0.024382 0.0285304 0.0318425 0.0339773 0.0347672 0.0342465 0.0326236 0.0302143 0.0273569 0.0243414 0.0213703 0.0185546 0.0159355 0.0135169 0.011293
 1.03222e-16 2.31465e-05 0.000135821 0.000645566 0.00248536 0.00775026 0.0195768 0.0400584 0.0664078 0.0892037 0.0971235 0.0857942 0.0616856 0.0365478 0.0187618 0.0100125 0.00787452 0.00944725 0.0129199 0.0174092 0.0223923 0.0273748 0.0318206 0.0352174 0.0371821 0.0375453 0.0363827 0.0339805 0.0307504 0.0271263 0.0234741 0.0200423 0.0169551 0.0142395 0.0118661 0.00978726
 1.03503e-16 2.09619e-05 0.000122992 0.000584573 0.00225051 0.00701788 0.0177269 0.0362736 0.0601353 0.0807836 0.0879707 0.0777441 0.0559741 0.0333177 0.0173877 0.00973852 0.00820332 0.0101787 0.0140323 0.0189469 0.0244026 0.0298772 0.0347934 0.0385949 0.0408608 0.0413972 0.0402722 0.0377801 0.0343529 0.03045 0.0264637 0.0226662 0.0192014 0.0161127 0.0133843 0.01098
 1.03511e-16 2.3776e-05 0.000139519 0.000663158 0.0025531 0.00796153 0.0201104 0.0411499 0.0682159 0.0916285 0.099753 0.0880917 0.0632826 0.037384 0.0189895 0.00981156 0.00734168 0.00859097 0.0117047 0.0158019 0.0203952 0.0250458 0.0292795 0.0326381 0.0347693 0.0355013 0.0348719 0.0331008 0.0305192 0.027483 0.0242984 0.0211805 0.0182485 0.0155477 0.0130817 0.0108418
 1.03279e-16 2.27356e-05 0.000133408 0.000634094 0.00244119 0.00761251 0.0192288 0.0393465 0.065228 0.0876199 0.0954018 0.0842795 0.0606101 0.035938 0.0184993 0.0099542 0.00792571 0.00956909 0.0131072 0.0176697 0.0227353 0.0278053 0.0323372 0.0358114 0.0378385 0.0382443 0.0371022 0.0346983 0.0314466 0.0277837 0.0240791 0.0205848 0.0174285 0.0146405 0.012195 0.0100475
 1.04235e-16 1.69569e-05 9.94741e-05 0.000472752 0.00181995 0.00567518 0.0143354 0.0293349 0.0486362 0.0653481 0.0711938 0.0629933 0.0455189 0.027426 0.0149213 0.00932297 0.00894044 0.0117148 0.0163369 0.0221026 0.028484 0.0348925 0.0406601 0.0451395 0.0478397 0.0485321 0.0472919 0.0444565 0.0405235 0.0360225 0.0314063 0.0269893 0.0229392 0.0193083 0.016082 0.0132227
pSPR Fmed_Fpbrs
0.690335   0.255602 0.255602
Fs Fmed_Fpbrs
0.193745   1.005 1.005
SSBpbr Bo_Bmed_Bpbrs
1.29414e+06  828685  266078 266078
Ro
59874.1
SPR SPRFo_SPRFmed_SPRFpbrs
1.22968e+06 848893 314309
log_Ro
10.82
likeval ReclasPelacesDesembMPH_pf_preclas_ppelaces_ptallas_desvR_qrecl_qpela
 180.693 57.1858 0.0816696 0.00104958 345.764 215.384 81.0514 0 14.8399 0 0 0 0 0 0
q_reclas_q_pelaces
1 1
M
0.7
N
 85449.5 19380.4 6879.46 782.665 0.393245
 79546.1 37675 7586.77 2693.08 306.541
 49445.1 35987.1 15528 3126.93 1236.31
 55339.2 21039.1 13120.8 5661.45 1590.82
 86112.1 26619.8 9803.39 6113.77 3379.28
 74954.1 42438.8 13019.9 4794.91 4643.12
 118940 33738 17314.8 5312.05 3850.66
 106403 55768 14936.2 7665.46 4056.44
 124239 47134.1 22037.2 5902.17 4632.01
 116406 54197.2 18062.6 8445.04 4036.88
 70528.1 51721.8 21546.6 7180.97 4962.31
 44580.9 27132.2 15414.3 6421.41 3618.98
 45160.6 17335.9 8262 4693.81 3057.4
 29426 15602.2 4166.79 1985.82 1863.05
 21558.7 7781.11 2196.91 586.717 541.952
 21069.5 6483.13 1417.01 400.077 205.541
 19233 8598.97 2174.58 475.295 203.137
 22394.3 8335.15 3252.27 822.46 256.594
 25274.9 10178 3467.1 1352.82 448.844
 42108.6 11652.6 4356.5 1484.03 771.171
 60076.2 19480.3 5022.07 1877.57 971.95
 74057.8 28865.6 9056.49 2334.78 1324.75
 124136 35202.3 13133.7 4120.66 1665.07
 173502 58584.4 15788.7 5890.67 2594.99
 147276 82369.8 26589.9 7166.08 3851.41
pred_Ctot
 6937.98 2991.05 1061.73 120.792 0.0606911
 5117.02 4656.37 937.672 332.846 37.8864
 5135.54 7002.1 3021.32 608.415 240.552
 1248.96 936.518 584.048 252.01 70.8128
 468.253 288.534 106.26 66.2676 36.6283
 5073.04 5506.92 1689.49 622.195 602.498
 4788.86 2649.74 1359.88 417.202 302.426
 8315.19 8300.16 2223.01 1140.88 603.735
 10940.2 7854.76 3672.44 983.58 771.911
 8867.31 7872.65 2623.76 1226.72 586.395
 11597.1 15313.3 6379.31 2126.07 1469.19
 7053.4 7761.22 4409.3 1836.86 1035.22
 10090.5 6702.95 3194.51 1814.87 1182.15
 10254.4 8618.54 2301.71 1096.96 1029.14
 6292.99 3748.43 1058.33 282.642 261.077
 2729.94 1547.59 338.256 95.5027 49.0648
 1774.43 1497.34 378.659 82.7632 35.3722
 1372.27 983.219 383.64 97.0179 30.268
 1306.8 1019.15 347.171 135.462 44.9441
 2079.68 1116.2 417.306 142.154 73.8699
 1403.55 897.184 231.296 86.4731 44.764
 2284.85 1747.44 548.252 141.341 80.1965
 4443.97 2465.11 919.716 288.558 116.6
 5501.06 3642.73 981.731 366.277 161.354
 4165.24 4578.3 1477.93 398.308 214.07
F
 0.118928 0.237855 0.237855 0.237855 0.237855
 0.0931771 0.186354 0.186354 0.186354 0.186354
 0.154482 0.308964 0.308964 0.308964 0.308964
 0.0318261 0.0636521 0.0636521 0.0636521 0.0636521
 0.00758655 0.0151731 0.0151731 0.0151731 0.0151731
 0.098252 0.196504 0.196504 0.196504 0.196504
 0.0574175 0.114835 0.114835 0.114835 0.114835
 0.114234 0.228469 0.228469 0.228469 0.228469
 0.129576 0.259151 0.259151 0.259151 0.259151
 0.111205 0.22241 0.22241 0.22241 0.22241
 0.255291 0.510583 0.510583 0.510583 0.510583
 0.244526 0.489053 0.489053 0.489053 0.489053
 0.362817 0.725634 0.725634 0.725634 0.725634
 0.630179 1.26036 1.26036 1.26036 1.26036
 0.501574 1.00315 1.00315 1.00315 1.00315
 0.196185 0.392369 0.392369 0.392369 0.392369
 0.136144 0.272289 0.272289 0.272289 0.272289
 0.088582 0.177164 0.177164 0.177164 0.177164
 0.0742773 0.148555 0.148555 0.148555 0.148555
 0.0708456 0.141691 0.141691 0.141691 0.141691
 0.0329617 0.0659233 0.0659233 0.0659233 0.0659233
 0.0437344 0.0874688 0.0874688 0.0874688 0.0874688
 0.0509068 0.101814 0.101814 0.101814 0.101814
 0.0449691 0.0899382 0.0899382 0.0899382 0.0899382
 0.0400255 0.0800511 0.0800511 0.0800511 0.0800511
nmprior
 10.6 11 7 0
nm_flota  nm_reclas  nm_pelaces    nm_pelaL
inf 12.8747 15.0893 34.0621
cv_recla  cv_pelaces  cv_mph
1.21589 0.857465 1.0511
 ------------------------------------------------
Talla a la edad & desviación 
 7.2 14.2025 17.0495 18.207 18.6776
 1.08 2.13037 2.55742 2.73105 2.80164
