years
 1997 1998 1999 2000 2001 2002 2003 2004 2005 2006 2007 2008 2009 2010 2011 2012 2013 2014 2015 2016 2017 2018 2019 2020 2021
reclasobs
 0 0 0 370054 412103 1.49427e+06 250295 1.28982e+06 931140 785840 897777 1.04006e+06 184774 17550 25797 100020 73551 82996 120727 218422 84188 347160 605670 569463 516374
reclaspred
 441443 131506 456660 328444 429395 505525 1.07174e+06 669724 684548 561457 426333 284893 174435 85660.2 64665.5 68424.4 87448.9 122042 130350 184826 261542 239034 419821 542617 609317
pelacesobs
 0 0 0 0 0 0 0 0 0 2.06254e+06 1.5e+06 0 1.87456e+06 323000 250000 174000 83755 137374 0 501740 490994 745055 786931 1.00524e+06 1.33801e+06
pelacespred
 1.79916e+06 485114 993113 1.09705e+06 1.21212e+06 1.21379e+06 2.79291e+06 2.29087e+06 2.01688e+06 1.69177e+06 1.16035e+06 794794 484992 204751 151172 168198 222683 311207 344489 473320 737484 661725 915185 1.40343e+06 1.62945e+06
mphobs
 0 0 0 0 0 112323 0 153150 637223 0 255016 313432 73983 77613 109348 50772 0 0 0 0 0 0 0 0 0
mphpred
 157620 110756 147901 205707 195285 275521 414130 468067 376367 346086 292963 202861 125612 67282.9 35537.4 32239.1 39547.8 55694.6 70191.7 81081.5 118721 137632 173796 251558 339579
desembarqueobs
 350755 77701 442110 56441 14545 235359 269955 359681 431902 328805 639364 411747 362871 311530 167758 66681 60226 58785 57116 73181 50977 67692 138656 160484 209506
desembarquepred
 350765 77704.7 442154 56442.7 14545.1 235392 269980 359716 431983 328875 639804 412124 363392 312171 167875 66699.4 60245.5 58789.4 57115.8 73184.6 50978.5 67690.4 138661 160491 209509
Reclutas
 85468.4 107491 70077.3 100871 164727 123211 181050 150504 160330 141382 69417.6 41753.8 42742.8 25324.4 20917.5 27944.9 24252.1 27765.5 31809.6 55190 68964.6 90460.4 148861 182110 81351.6
log_desv_Rt
 0.175902 0.405159 -0.0226452 0.341594 0.832046 0.541657 0.92653 0.741747 0.804987 0.679218 -0.0321038 -0.540455 -0.517044 -1.04048 -1.23166 -0.942009 -1.08374 -0.948452 -0.812477 -0.261463 -0.0386521 0.232668 0.73077 0.932368 0.126536
SSB
 1.02364e+06 719291 960525 1.33594e+06 1.26826e+06 1.78934e+06 2.68952e+06 3.0398e+06 2.44427e+06 2.24761e+06 1.90261e+06 1.31746e+06 815771 436960 230793 209373 256839 361702 455851 526574 771017 893834 1.1287e+06 1.63372e+06 2.20535e+06
BT
 3.5202e+06 998760 2.01931e+06 2.02333e+06 2.18043e+06 2.35969e+06 5.18258e+06 4.51381e+06 4.00837e+06 3.35093e+06 2.66788e+06 1.80804e+06 1.22799e+06 670026 415379 356724 448466 604111 666000 907232 1.36196e+06 1.24811e+06 1.7337e+06 2.64391e+06 3.08691e+06
Ftot
 0.283837 0.202912 0.269378 0.0490682 0.0108613 0.115786 0.0724679 0.149473 0.177886 0.158026 0.359445 0.337763 0.525239 0.895161 0.764221 0.295549 0.211553 0.14091 0.118785 0.122676 0.0585655 0.0782641 0.0921652 0.0873514 0.0848202
BD_Bspro_t
 0.965909 0.8382 0.821151 0.746357 0.824801 0.898026 0.877562 0.878493 0.833302 0.791749 0.745486 0.602623 0.492211 0.380912 0.267388 0.292574 0.421187 0.591844 0.695388 0.766171 0.838703 0.887188 0.891643 0.895914 0.898312
BD_Bspro
 0.695318 0.488584 0.652443 0.907448 0.861472 1.21542 1.82687 2.06481 1.66029 1.52671 1.29236 0.894891 0.554118 0.296808 0.156768 0.142218 0.174459 0.245689 0.30964 0.357679 0.523719 0.607143 0.766675 1.10971 1.498
BD_Bo
 0.602624 0.42345 0.565465 0.786474 0.746628 1.05339 1.58333 1.78954 1.43895 1.32318 1.12008 0.775591 0.480248 0.25724 0.135869 0.123259 0.151202 0.212935 0.268361 0.309996 0.453901 0.526203 0.664468 0.961774 1.2983
BD_Brms
 2.14234 1.50537 2.01024 2.79593 2.65428 3.74482 5.62877 6.36186 5.1155 4.70393 3.98189 2.75724 1.70729 0.914494 0.483017 0.438188 0.537526 0.75699 0.954031 1.10204 1.61363 1.87066 2.3622 3.41913 4.61549
S_f
 0.207501 1 1 1 1
 0.207501 1 1 1 1
 0.207501 1 1 1 1
 0.207501 1 1 1 1
 0.207501 1 1 1 1
 0.207501 1 1 1 1
 0.207501 1 1 1 1
 0.207501 1 1 1 1
 0.207501 1 1 1 1
 0.207501 1 1 1 1
 0.207501 1 1 1 1
 0.207501 1 1 1 1
 0.207501 1 1 1 1
 0.207501 1 1 1 1
 0.207501 1 1 1 1
 0.207501 1 1 1 1
 0.207501 1 1 1 1
 0.207501 1 1 1 1
 0.207501 1 1 1 1
 0.207501 1 1 1 1
 0.207501 1 1 1 1
 0.207501 1 1 1 1
 0.207501 1 1 1 1
 0.207501 1 1 1 1
 0.207501 1 1 1 1
Scru_reclas
 1 1 1 1 1
 1 1 1 1 1
 1 1 1 1 1
 1 1 1 1 1
 1 1 1 1 1
 1 1 1 1 1
 1 1 1 1 1
 1 1 1 1 1
 1 1 1 1 1
 1 1 1 1 1
 1 1 1 1 1
 1 1 1 1 1
 1 1 1 1 1
 1 1 1 1 1
 1 1 1 1 1
 1 1 1 1 1
 1 1 1 1 1
 1 1 1 1 1
 1 1 1 1 1
 1 1 1 1 1
 1 1 1 1 1
 1 1 1 1 1
 1 1 1 1 1
 1 1 1 1 1
 1 1 1 1 1
Scru_pelaces
 1 1 1 1 1
 1 1 1 1 1
 1 1 1 1 1
 1 1 1 1 1
 1 1 1 1 1
 1 1 1 1 1
 1 1 1 1 1
 1 1 1 1 1
 1 1 1 1 1
 1 1 1 1 1
 1 1 1 1 1
 1 1 1 1 1
 1 1 1 1 1
 1 1 1 1 1
 1 1 1 1 1
 1 1 1 1 1
 1 1 1 1 1
 1 1 1 1 1
 1 1 1 1 1
 1 1 1 1 1
 1 1 1 1 1
 1 1 1 1 1
 1 1 1 1 1
 1 1 1 1 1
 1 1 1 1 1
pf_obs 
 0.256992 0.487395 0.22802 0.0275931 0
 0.321318 0.546541 0.124235 0.00734118 0.000564706
 0.182869 0.594174 0.210203 0.0122559 0.00049798
 0.330522 0.361315 0.267642 0.0388342 0.00168674
 0.649043 0.306663 0.0425973 0.00169635 0
 0.582887 0.30429 0.105238 0.00758474 0
 0.465427 0.430635 0.0974691 0.00646863 0
 0.296916 0.608066 0.0921331 0.00288517 0
 0.311714 0.524322 0.152257 0.0117073 0
 0.15457 0.633149 0.183074 0.0267441 0.00246327
 0.131901 0.49318 0.331252 0.0422183 0.00144891
 0.196976 0.569456 0.194076 0.0375587 0.00193317
 0.518974 0.381816 0.0799577 0.0180837 0.00116848
 0.0928022 0.601141 0.25162 0.0475244 0.00691264
 0.122501 0.610282 0.24278 0.0234846 0.000952079
 0.383417 0.481906 0.127806 0.00687128 0
 0.0376549 0.599619 0.316969 0.0457579 0
 0.0361596 0.667082 0.258105 0.0386534 0
 0.158088 0.579412 0.248529 0.0139706 0
 0.0477256 0.309471 0.559284 0.082774 0.000745712
 0.0406174 0.521527 0.379366 0.0568643 0.0016247
 0.151134 0.462217 0.34131 0.0453401 0
 0.294876 0.26143 0.354403 0.0886775 0.000613685
 0.281977 0.475581 0.204845 0.0348837 0.00271318
 0.0354234 0.537034 0.353287 0.0723622 0.0018943
pf_pred 
 0.391719 0.429512 0.159895 0.0188643 9.44378e-06
 0.317687 0.531672 0.106369 0.0395982 0.00467411
 0.18123 0.582019 0.18448 0.0369081 0.0153617
 0.261221 0.403732 0.238167 0.0754907 0.0213892
 0.305354 0.441269 0.138467 0.0816834 0.0332267
 0.18156 0.556846 0.166176 0.0521448 0.0432736
 0.254609 0.394754 0.238564 0.0711932 0.0408792
 0.18947 0.510344 0.158976 0.0960753 0.0451341
 0.21054 0.431356 0.225478 0.0702382 0.0623884
 0.190243 0.471244 0.184961 0.0966827 0.056869
 0.116031 0.484946 0.232214 0.0911431 0.0756655
 0.114723 0.378023 0.27828 0.133253 0.0957208
 0.186968 0.342611 0.200875 0.147873 0.121673
 0.176687 0.482086 0.143793 0.0843068 0.113128
 0.245649 0.462383 0.17096 0.0509925 0.0700152
 0.333591 0.461334 0.125702 0.0464764 0.0328967
 0.233265 0.562732 0.141225 0.0384803 0.024298
 0.244659 0.466238 0.212182 0.0532499 0.023671
 0.242825 0.472801 0.175531 0.0798832 0.0289595
 0.324533 0.418612 0.160388 0.0595452 0.0369226
 0.279542 0.511382 0.129572 0.0496444 0.0298594
 0.272622 0.478208 0.176861 0.0448124 0.0274964
 0.319813 0.443212 0.155797 0.0576202 0.0235577
 0.273936 0.510035 0.140766 0.0494815 0.0257823
 0.113499 0.579796 0.21545 0.0594624 0.0317931
pobs_RECLAS
 0 0 0 0 0
 0 0 0 0 0
 0 0 0 0 0
 0 0 0 0 0
 0.835266 0.146461 0.0176864 0.000547809 3.91292e-05
 0.385257 0.428462 0.181853 0.0044286 0
 0.867414 0.0963971 0.0333333 0.00285562 0
 0.441836 0.489002 0.0689373 0.000224442 0
 0.779404 0.147425 0.0564933 0.0165055 0.000172143
 0.814271 0.122319 0.05973 0.00367925 0
 0.40263 0.566651 0.0304383 0.000280538 0
 0.475488 0.404961 0.113038 0.00651328 0
 0.955842 0.0263864 0.0167828 0.000988607 0
 0.975058 0.0227948 0.00214734 0 0
 0.738997 0.206755 0.0527124 0.00153531 0
 0.850938 0.134255 0.0134407 0.00136685 0
 0.542534 0.407297 0.0501686 0 0
 0.764087 0.199537 0.0359546 0.000420521 0
 0.470689 0.182191 0.310203 0.0369168 0
 0.84361 0.089868 0.0606195 0.00523954 0.000663233
 0.607945 0.314616 0.071237 0.00620181 0
 0.523733 0.453247 0.0230204 0 0
 0.530135 0.295979 0.169645 0.0042399 0
 0.562478 0.366248 0.0663022 0.0049721 0
 0.250443 0.683176 0.0655157 0.000865301 0
ppred_RECLAS
 0.759265 0.169985 0.0632806 0.0074658 3.7375e-06
 0.694044 0.238407 0.0476969 0.0177562 0.00209591
 0.519925 0.34126 0.108168 0.0216406 0.00900712
 0.630726 0.201803 0.119046 0.0377336 0.0106912
 0.679438 0.203635 0.0638992 0.0376949 0.0153333
 0.51815 0.327838 0.0978347 0.0306998 0.025477
 0.622922 0.199698 0.120685 0.0360152 0.02068
 0.531677 0.294876 0.0918562 0.0555121 0.0260784
 0.564717 0.237836 0.124321 0.0387271 0.034399
 0.533052 0.271744 0.106658 0.0557523 0.0327936
 0.392579 0.333232 0.159566 0.0626291 0.0519937
 0.389153 0.260839 0.192015 0.0919454 0.066048
 0.534308 0.196242 0.115058 0.0846995 0.0696923
 0.526237 0.277409 0.0827433 0.048513 0.0650976
 0.62432 0.230275 0.0851409 0.0253952 0.0348688
 0.710447 0.200448 0.0546171 0.0201939 0.0142935
 0.597266 0.29558 0.0741797 0.0202121 0.0127627
 0.611245 0.239961 0.109205 0.0274064 0.0121829
 0.608584 0.244411 0.0907397 0.0412951 0.0149704
 0.699688 0.186114 0.0713082 0.0264738 0.0164158
 0.652195 0.246872 0.0625514 0.0239661 0.0144148
 0.644531 0.2337 0.0864321 0.0218998 0.0134375
 0.694776 0.198885 0.0699115 0.0258562 0.0105712
 0.646154 0.248564 0.0686018 0.0241147 0.012565
 0.382558 0.403824 0.150059 0.0414152 0.0221437
pobs_PELACES
 0 0 0 0 0
 0 0 0 0 0
 0 0 0 0 0
 0 0 0 0 0
 0 0 0 0 0
 0 0 0 0 0
 0 0 0 0 0
 0 0 0 0 0
 0 0 0 0 0
 0 0 0 0 0
 0.450072 0.473896 0.0757376 0.000293798 0
 0 0 0 0 0
 0.463077 0.371075 0.160297 0.00555027 0
 0.529543 0.364841 0.0842815 0.0213345 0
 0.631943 0.363953 0.00410389 0 0
 0.735681 0.248677 0.0153453 0.000297389 0
 0.695825 0.281241 0.0229344 0 0
 0.275771 0.60734 0.115278 0.00161068 0
 0 0 0 0 0
 0.896147 0.0623911 0.0374545 0.00400742 0
 0.803859 0.145111 0.0509908 3.86294e-05 0
 0.739449 0.233085 0.0266225 0.000797448 4.60066e-05
 0.878498 0.100942 0.0204185 0.000141795 0
 0.694673 0.275183 0.0284847 0.00165964 0
 0.469039 0.446079 0.0841089 0.000773354 0
ppred_PELACES
 0.772571 0.160589 0.059783 0.00705315 3.53092e-06
 0.705195 0.229718 0.0459585 0.0171091 0.00201953
 0.537477 0.328783 0.104213 0.0208494 0.00867781
 0.63371 0.200173 0.118084 0.0374287 0.0106049
 0.680056 0.203242 0.0637759 0.0376222 0.0153037
 0.525706 0.322698 0.0963006 0.0302185 0.0250775
 0.627363 0.197346 0.119263 0.035591 0.0204364
 0.541398 0.288756 0.0899497 0.0543599 0.0255371
 0.576116 0.231608 0.121066 0.0377129 0.0334982
 0.543323 0.265766 0.104312 0.0545259 0.0320723
 0.415207 0.320818 0.153622 0.060296 0.0500568
 0.410345 0.251789 0.185353 0.0887556 0.0637566
 0.568273 0.181929 0.106666 0.0785219 0.0646093
 0.583985 0.243595 0.0726576 0.0425997 0.0571628
 0.669912 0.202329 0.0748083 0.0223132 0.0306372
 0.726085 0.189623 0.0516674 0.0191033 0.0135216
 0.610499 0.285867 0.0717422 0.0195479 0.0123433
 0.619965 0.234578 0.106755 0.0267917 0.0119096
 0.615958 0.239806 0.0890301 0.0405171 0.0146884
 0.706386 0.181964 0.0697178 0.0258833 0.0160496
 0.655662 0.244412 0.061928 0.0237272 0.0142711
 0.649206 0.230626 0.0852952 0.0216117 0.0132607
 0.699863 0.19557 0.0687463 0.0254253 0.010395
 0.65136 0.244908 0.0675926 0.02376 0.0123801
 0.387811 0.400388 0.148782 0.0410628 0.0219553
pobs_pel_tallas
 0 0 0 0 0 0 0 0 0 0 0 0 0 0 0 0 0 0 0 0 0 0 0 0 0 0 0 0 0 0 0 0 0 0 0 0
 0 0 0 0 0 0 0 0 0 0 0 0 0 0 0 0 0 0 0 0 0 0 0 0 0 0 0 0 0 0 0 0 0 0 0 0
 0 0 0 0 0 0 0 0 0 0 0 0 0 0 0 0 0 0 0 0 0 0 0 0 0 0 0 0 0 0 0 0 0 0 0 0
 0 0 0 0 0 0 0 0 0 0 0 0 0 0 0 0 0 0 0 0 0 0 0 0 0 0 0 0 0 0 0 0 0 0 0 0
 0 0 0 0 0 0 0 0 0 0 0 0 0 0 0 0 0 0 0 0 0 0 0 0 0 0 0 0 0 0 0 0 0 0 0 0
 0 0 0 0 0 0 0 0 0 0 0 0 0 0 0 0 0 0 0 0 0 0 0 0 0 0 0 0 0 0 0 0 0 0 0 0
 0 0 0 0 0 0 0 0 0 0 0 0 0 0 0 0 0 0 0 0 0 0 0 0 0 0 0 0 0 0 0 0 0 0 0 0
 0 0 0 0 0 0 0 0 0 0 0 0 0 0 0 0 0 0 0 0 0 0 0 0 0 0 0 0 0 0 0 0 0 0 0 0
 0 0 0 0 0 0 0 0 0 0 0 0 0 0 0 0 0 0 0 0 0 0 0 0 0 0 0 0 0 0 0 0 0 0 0 0
 0 0 0 0 0 0 0 0 0 0 0 0 0 0 0 0 0 0 0 0 0 0 0 0 0 0 0 0 0 0 0 0 0 0 0 0
 0 0 0 0 0 0 0 0 1.78061e-05 0.00172719 0.00360574 0.0105946 0.0120993 0.0124554 0.0147524 0.0171206 0.0266825 0.0428682 0.0675386 0.121331 0.153587 0.119568 0.100827 0.0573624 0.0630603 0.0341343 0.0324427 0.0444173 0.0211091 0.0280891 0.0125444 0.00206551 0 0 0 0
 0 0 0 0 0 0 0 0 0 0 0 0 0 0 0 0 0 0 0 0 0 0 0 0 0 0 0 0 0 0 0 0 0 0 0 0
 0 0 0 0 0 0 0.0133647 0.0140871 0.0187388 0.0205184 0.03894 0.0496705 0.03968 0.0493445 0.0407372 0.0367815 0.0215668 0.0243155 0.0234873 0.0199281 0.019796 0.0243948 0.0301388 0.0376714 0.0412746 0.0863199 0.0771752 0.113111 0.0741005 0.0525337 0.0229764 0.00759418 0.00175318 0 0 0
 0 0 0 0 0 0 0 0 0 0 0.00219441 0.00772107 0.0458388 0.0604681 0.0671733 0.0775358 0.0609151 0.0617685 0.073594 0.0568108 0.0755445 0.0548602 0.0670107 0.0636378 0.0643287 0.046367 0.0373049 0.0286899 0.0247887 0.0153202 0.00654259 0.00121912 0.000365735 0 0 0
 0 0 0 0 0 0 0 0 0 0 0 0 0.000112435 0.00938835 0.0111873 0.0202946 0.0414886 0.0713402 0.111592 0.104902 0.108894 0.110636 0.117776 0.105296 0.107544 0.0401394 0.0192827 0.0124803 0.00416011 0.0028671 0.000618394 0 0 0 0 0
 0 0 0 0 0 0 0 0 0 0 0.00291406 0.0102884 0.027416 0.0768956 0.0749926 0.110853 0.0956884 0.0897413 0.0766577 0.0534642 0.0500743 0.0551293 0.0594112 0.0620874 0.0668451 0.0424026 0.0208742 0.0120726 0.0048766 0.00582813 0.00118941 0.000297354 0 0 0 0
 0 0.00264628 0.0354308 0.0461629 0.0458689 0.0383711 0.0214643 0.0164657 0.0346957 0.0420465 0.0363128 0.0245516 0.0311673 0.0291091 0.0169068 0.0133784 0.00837989 0.0085269 0.0148486 0.0160247 0.0276389 0.0546898 0.0760071 0.122758 0.109233 0.0665981 0.0333725 0.0166128 0.00676272 0.00308733 0.000882094 0 0 0 0 0
 0 0 0 0 0 0 0 0.000805153 0.000690131 0.00759144 0.0133425 0.0154129 0.00931677 0.000345066 0.00356568 0.00563607 0.00851162 0.0253048 0.0502646 0.0516448 0.0657925 0.0565908 0.0611916 0.0827007 0.0866115 0.110766 0.145733 0.0935128 0.0569358 0.0249597 0.0138026 0.00621118 0.00161031 0.00115022 0 0
 0 0 0 0 0 0 0 0 0 0 0 0 0 0 0 0 0 0 0 0 0 0 0 0 0 0 0 0 0 0 0 0 0 0 0 0
 0.00147267 0.00158595 0.00478618 0.00569244 0.00954404 0.0108468 0.00647125 0.017049 0.0510054 0.094081 0.124002 0.0959785 0.0687766 0.0820023 0.061753 0.0591476 0.0492212 0.0479892 0.0443925 0.0268479 0.0217502 0.0140895 0.0121071 0.0120363 0.00920419 0.00665534 0.0049561 0.00860946 0.00930331 0.0156896 0.0114698 0.00855282 0.00243557 0.00046729 0 2.83206e-05
 0 0 0 0 0.000772559 0.00158375 0.000888443 0.00281984 0.00712685 0.0440552 0.0773331 0.111326 0.0921469 0.0852325 0.0710754 0.0886704 0.0786465 0.0553345 0.0373146 0.0185414 0.00753245 0.00457741 0.012979 0.0271748 0.0457355 0.0583668 0.034881 0.0177882 0.00938659 0.00492506 0.0015258 0.00185414 0.000309023 5.79419e-05 3.86279e-05 0
 0 0.00173294 0.00326652 0 0.00397197 0.00683976 0.00946217 0.0152591 0.00757587 0.0136028 0.0228656 0.0392903 0.0559909 0.0764795 0.0681675 0.0726916 0.0566044 0.0477403 0.0527397 0.0444891 0.0609904 0.0582453 0.0661739 0.0445044 0.0529084 0.0360697 0.0280645 0.0235558 0.0158879 0.00826598 0.00280645 0.00217768 0.000904811 0.00058276 9.20147e-05 0
 0 0 0 0 0 0 0 0 0 0 0 0 0 0 0 0 0 0 0 0 0 0 0 0 0 0 0 0 0 0 0 0 0 0 0 0
 0 0 0 0 0 0 0 0 0 0 0 0 0 0 0 0 0 0 0 0 0 0 0 0 0 0 0 0 0 0 0 0 0 0 0 0
 0 0 0 0 0 0 0 0 0 0 0 0 0 0 0 0 0 0 0 0 0 0 0 0 0 0 0 0 0 0 0 0 0 0 0 0
ppred_pel_tallas
 1.01144e-16 3.3707e-05 0.000197836 0.000940429 0.00362071 0.0112909 0.0285198 0.0583552 0.0967297 0.129904 0.141357 0.124678 0.0892273 0.0520313 0.0251728 0.0109549 0.0056922 0.00504791 0.0063643 0.00847322 0.0108947 0.0133366 0.0155288 0.017219 0.0182157 0.0184283 0.0178837 0.0167108 0.0151026 0.0132672 0.011386 0.00958917 0.00795126 0.00650121 0.00523964 0.00415454
 1.0141e-16 3.07718e-05 0.000180598 0.000858463 0.0033051 0.0103066 0.0260338 0.0532691 0.0883015 0.118593 0.129068 0.113885 0.0816053 0.0477917 0.0235047 0.0108824 0.00659539 0.00670803 0.00879308 0.0117472 0.0150543 0.0183339 0.021208 0.0233239 0.0244229 0.0243982 0.0233164 0.0213926 0.0189302 0.0162472 0.0136118 0.0112056 0.00911762 0.00736223 0.00590831 0.00470698
 1.02709e-16 2.34627e-05 0.000137677 0.000654393 0.00251935 0.00785625 0.0198445 0.0406062 0.0673156 0.0904222 0.098448 0.0869589 0.0625113 0.0370138 0.0189585 0.0100495 0.00782468 0.00934183 0.0127664 0.0172078 0.0221458 0.0270918 0.0315154 0.0349078 0.0368848 0.0372704 0.0361296 0.0337354 0.0304885 0.0268159 0.0230845 0.0195505 0.0163523 0.0135331 0.0110793 0.0089547
 1.03524e-16 2.76537e-05 0.000162294 0.000771449 0.00297008 0.0092619 0.0233949 0.0478695 0.079351 0.106572 0.115987 0.102346 0.0733434 0.0429676 0.0211618 0.00985422 0.00606397 0.00627062 0.00831503 0.011233 0.0145903 0.0180729 0.0213591 0.0241335 0.0261413 0.0272374 0.0274073 0.0267523 0.0254483 0.0236937 0.0216661 0.0194993 0.0172815 0.0150688 0.0129025 0.0108224
 1.0298e-16 2.96746e-05 0.000174158 0.000827855 0.00318726 0.00993915 0.0251056 0.0513697 0.0851525 0.114362 0.124461 0.109812 0.0786699 0.0460392 0.0225818 0.0103556 0.00614767 0.00616524 0.00807738 0.0108394 0.0139825 0.0171757 0.0200912 0.0224179 0.0239188 0.0244804 0.0241319 0.0230242 0.0213818 0.0194418 0.0174038 0.0154023 0.0135056 0.0117329 0.0100786 0.0085337
 1.03683e-16 2.29491e-05 0.000134663 0.000640063 0.00246417 0.0076842 0.0194099 0.0397169 0.0658414 0.0884422 0.0962928 0.0850562 0.061146 0.0362103 0.0185561 0.00985167 0.00769036 0.00919653 0.0125783 0.0169675 0.0218583 0.0267762 0.0312058 0.0346524 0.0367422 0.0373034 0.0363971 0.034284 0.0313456 0.0279851 0.0245439 0.0212547 0.0182365 0.0155202 0.0130874 0.010905
 1.03936e-16 2.73768e-05 0.000160669 0.000763724 0.00294034 0.00916914 0.0231606 0.0473901 0.0785563 0.105505 0.114825 0.101321 0.0726087 0.0425371 0.0209497 0.00975575 0.00600484 0.00621283 0.00824385 0.0111457 0.0144916 0.0179737 0.0212772 0.0240918 0.0261661 0.027355 0.0276402 0.0271155 0.0259468 0.0243216 0.0224067 0.0203272 0.0181654 0.0159743 0.0137959 0.0116733
 1.04433e-16 2.36319e-05 0.000138675 0.000659144 0.00253765 0.00791335 0.0199887 0.0409008 0.0678028 0.091073 0.0991469 0.087553 0.0628881 0.0371358 0.0188353 0.00968611 0.00719215 0.0083809 0.0114092 0.0154047 0.0198907 0.0244424 0.0286031 0.0319328 0.0340954 0.0349299 0.0344767 0.0329491 0.0306634 0.0279535 0.0250995 0.0222888 0.0196158 0.0171054 0.0147491 0.0125345
 1.04656e-16 2.51436e-05 0.000147554 0.00070137 0.00270025 0.00842042 0.0212694 0.0435209 0.0721441 0.0968977 0.10547 0.0930959 0.0667795 0.0392531 0.0195766 0.00952733 0.00641994 0.00707324 0.00953043 0.0129007 0.0167511 0.0207353 0.0244874 0.0276479 0.0299298 0.0311743 0.0313744 0.0306552 0.0292252 0.0273133 0.025119 0.0227846 0.0203964 0.0180014 0.0156311 0.0133192
 1.0494e-16 2.3715e-05 0.000139164 0.000661477 0.00254664 0.00794139 0.0200595 0.0410455 0.068042 0.0913924 0.0994893 0.0878431 0.0630696 0.0371893 0.018764 0.00949036 0.00685611 0.00787468 0.0107007 0.0144742 0.018744 0.0231204 0.0271857 0.0305332 0.0328462 0.0339618 0.0338966 0.0328215 0.0310008 0.0287171 0.0262089 0.0236387 0.021093 0.0186045 0.0161833 0.013841
 1.06696e-16 1.81308e-05 0.000106375 0.000505581 0.00194638 0.00606949 0.0153313 0.0313718 0.0520095 0.0698695 0.0760902 0.0672559 0.0484473 0.0288877 0.0151702 0.00865261 0.00747821 0.00941616 0.0130774 0.0177778 0.0230867 0.0285648 0.0337143 0.0380421 0.0411563 0.0428438 0.043102 0.0421111 0.0401634 0.037577 0.0346242 0.0314948 0.0282977 0.0250865 0.0218942 0.0187593
 1.08742e-16 1.7916e-05 0.000105121 0.00049963 0.0019235 0.00599813 0.015151 0.0310023 0.0513953 0.069039 0.075172 0.0664115 0.0477678 0.0283404 0.0146248 0.00794045 0.00643356 0.00789247 0.0109595 0.0150041 0.0196791 0.0246556 0.0295562 0.0339919 0.0376319 0.0402604 0.0418028 0.042309 0.0419079 0.0407531 0.03898 0.0366892 0.0339543 0.0308437 0.0274427 0.0238638
 1.07291e-16 2.47994e-05 0.000145539 0.0006918 0.00266342 0.00830559 0.0209793 0.0429269 0.0711581 0.0955695 0.104014 0.0917861 0.0657865 0.0385621 0.0190337 0.00893702 0.00560787 0.0059011 0.0078952 0.0107426 0.0140728 0.0176225 0.0211194 0.0242906 0.0269085 0.0288302 0.0300135 0.030503 0.0303936 0.0297898 0.0287742 0.0273968 0.0256839 0.023658 0.0213585 0.0188531
 1.05246e-16 2.5487e-05 0.00014957 0.000710951 0.00273714 0.00853545 0.02156 0.0441155 0.0731299 0.098222 0.106913 0.0943714 0.0676994 0.0398034 0.0198676 0.00969365 0.00655817 0.00723234 0.00972505 0.013122 0.0169703 0.0209047 0.0245443 0.0275235 0.0295627 0.0305264 0.0304444 0.0294864 0.027903 0.0259546 0.0238526 0.0217303 0.0196449 0.0176019 0.0155868 0.0135916
 1.03327e-16 2.92322e-05 0.000171561 0.000815509 0.00313973 0.00979092 0.0247311 0.0506036 0.0838827 0.112657 0.122606 0.108177 0.0775031 0.0453651 0.0222678 0.0102402 0.00612005 0.00617364 0.00810729 0.0108937 0.0140716 0.0173143 0.0202962 0.0227066 0.0243069 0.0249789 0.0247447 0.023747 0.0222009 0.0203358 0.0183453 0.016361 0.0144516 0.0126393 0.0109235 0.00930104
 1.02084e-16 3.16811e-05 0.00018594 0.000883867 0.00340293 0.0106117 0.0268043 0.0548454 0.0909131 0.122096 0.13287 0.117214 0.0839348 0.0490434 0.0239112 0.0107204 0.00602492 0.00576171 0.00743511 0.0099335 0.0127735 0.0156318 0.0181975 0.0201793 0.0213594 0.0216395 0.0210591 0.0197758 0.0180175 0.0160244 0.013999 0.0120783 0.0103307 0.00877165 0.00738642 0.00615172
 1.02361e-16 2.6645e-05 0.000156364 0.000743242 0.00286145 0.00892311 0.0225392 0.0461194 0.0764525 0.102687 0.111779 0.0986819 0.070824 0.0417052 0.0209356 0.0104081 0.00728245 0.00818329 0.0110174 0.0148009 0.019015 0.0232181 0.0269472 0.0297633 0.0313398 0.0315346 0.0304176 0.0282401 0.0253627 0.0221653 0.0189693 0.0159936 0.0133485 0.0110575 0.0090927 0.00740736
 1.03069e-16 2.70557e-05 0.00015878 0.000754738 0.00290573 0.00906121 0.022888 0.0468326 0.0776333 0.104268 0.113489 0.100162 0.071824 0.0421689 0.0209379 0.0100329 0.00655194 0.00705891 0.00943763 0.0127236 0.0164516 0.0202573 0.0237623 0.0265998 0.0284838 0.0292665 0.0289626 0.027729 0.0258115 0.0234787 0.0209653 0.0184409 0.016006 0.0137084 0.0115672 0.00959233
 1.03421e-16 2.68812e-05 0.000157755 0.000749863 0.00288696 0.00900267 0.0227401 0.0465302 0.0771321 0.103596 0.112758 0.0995204 0.0713707 0.0419166 0.0208382 0.0100272 0.00660189 0.00714929 0.00956542 0.012888 0.0166482 0.0204756 0.023986 0.0268098 0.0286619 0.029401 0.0290526 0.0277865 0.0258602 0.0235497 0.0210908 0.0186467 0.0163064 0.0141033 0.012042 0.0101215
 1.02689e-16 3.08218e-05 0.000180896 0.000859889 0.00331061 0.0103238 0.0260771 0.0533575 0.0884466 0.118784 0.129266 0.114035 0.0816587 0.0477153 0.0232676 0.0104405 0.0058837 0.00564864 0.00731331 0.009804 0.0126594 0.0155737 0.018251 0.0204101 0.0218343 0.0224156 0.0221722 0.0212319 0.0197888 0.0180511 0.0161967 0.0143489 0.0125749 0.0109002 0.0093285 0.00785979
 1.02441e-16 2.86126e-05 0.000167919 0.000798186 0.00307301 0.00958287 0.0242057 0.0495288 0.0821023 0.11027 0.120018 0.105919 0.0759395 0.044559 0.0220746 0.0104906 0.00672874 0.00714415 0.00948684 0.0127254 0.0163593 0.0199995 0.0232496 0.0257351 0.0271769 0.0274514 0.0266145 0.024875 0.0225335 0.0199058 0.017258 0.0147698 0.0125304 0.0105577 0.00882939 0.00731001
 1.02649e-16 2.83306e-05 0.000166265 0.000790323 0.00304274 0.00948848 0.0239672 0.0490408 0.0812932 0.109182 0.118833 0.104868 0.0751755 0.04409 0.0218044 0.0103007 0.00652945 0.0068827 0.00913777 0.0122839 0.0158409 0.0194427 0.0227152 0.0253008 0.0269256 0.0274572 0.026927 0.0255089 0.0234639 0.0210724 0.0185754 0.0161423 0.0138664 0.0117823 0.00989109 0.00818302
 1.024e-16 3.0538e-05 0.000179228 0.000851958 0.00328007 0.0102286 0.0258366 0.0528654 0.0876313 0.11769 0.128079 0.112996 0.0809335 0.0473284 0.0231477 0.0105027 0.0060802 0.00597163 0.00777623 0.0104223 0.013437 0.016495 0.0192773 0.0214813 0.0228761 0.0233502 0.0229307 0.0217644 0.0200713 0.0180863 0.0160106 0.0139836 0.012081 0.0103291 0.00872726 0.00726721
 1.02435e-16 2.8425e-05 0.000166818 0.000792951 0.00305286 0.00952001 0.0240469 0.0492039 0.0815639 0.109547 0.119232 0.105227 0.0754466 0.0442767 0.0219478 0.0104525 0.00673421 0.00717375 0.00953694 0.0127994 0.0164629 0.0201388 0.0234296 0.025959 0.0274449 0.0277604 0.0269575 0.0252414 0.0229095 0.0202759 0.0176067 0.0150831 0.0127976 0.0107726 0.00899029 0.00741992
 1.0468e-16 1.69395e-05 9.93739e-05 0.000472279 0.00181814 0.00566954 0.0143211 0.0293055 0.0485869 0.0652805 0.071116 0.0629149 0.0454414 0.0273377 0.0147987 0.00913455 0.00865078 0.0112884 0.015744 0.0213273 0.0275334 0.0338047 0.0395065 0.0440199 0.0468695 0.0478243 0.0469373 0.044508 0.0409872 0.0368589 0.0325397 0.0283216 0.0243665 0.0207345 0.0174289 0.014435
pSPR Fmed_Fpbrs
0.772098   0.331292 0.331292
Fs Fmed_Fpbrs
0.15429   1.005 1.005
SSBpbr Bo_Bmed_Bpbrs
1.69865e+06  1.22659e+06  477816 477816
Ro
71682.4
SPR SPRFo_SPRFmed_SPRFpbrs
1.4722e+06 1.13668e+06 487728
log_Ro
11
likeval ReclasPelacesDesembMPH_pf_preclas_ppelaces_ptallas_desvR_qrecl_qpela
 63.7793 24.3108 0.0420023 0.000215459 321.639 204.784 78.8921 0 16.8624 0.000122135 0 0 0 0 0
q_reclas_q_pelaces
0.20887 1
M
0.7
N
 85468.4 21412.5 7971.27 940.445 0.470802
 107491 40014.8 8005.57 2980.25 351.784
 70077.3 51177.5 16221.5 3245.36 1350.77
 100871 32907.6 19412.6 6153.13 1743.4
 164727 49583.4 15558.9 9178.4 3733.53
 123211 81617 24356.4 7642.88 6342.61
 181050 59732.5 36098.5 10772.6 6185.66
 150504 88565 27588.7 16672.9 7832.56
 160330 72455.7 37874 11798.1 10479.5
 141382 76732.1 30117 15742.7 9259.92
 69417.6 67943.2 32534.3 12769.6 10601.1
 41753.8 31994.2 23552.4 11277.9 8101.39
 42742.8 19330.9 11333.8 8343.35 6865.06
 25324.4 19033.7 5677.23 3328.61 4466.52
 20917.5 10443.9 3861.49 1151.77 1581.44
 27944.9 8864.1 2415.24 893.001 632.079
 24252.1 13051.6 3275.47 892.482 563.548
 27765.5 11526 5245.42 1316.41 585.178
 31809.6 13390.6 4971.37 2262.44 820.188
 55190 15411.6 5904.82 2192.21 1359.34
 68964.6 26717.7 6769.61 2593.72 1560.04
 90460.4 33833.1 12512.9 3170.46 1945.36
 148861 44197.7 15536.3 5745.96 2349.2
 182110 72522 20015.5 7035.8 3666
 81351.6 88808.9 33001 9108.03 4869.84
pred_Ctot
 3527.56 3867.89 1439.91 169.879 0.0850443
 3195.01 5347.08 1069.76 398.243 47.008
 2748.59 8827.06 2797.88 559.757 232.979
 735.292 1136.43 670.396 212.493 60.2067
 266.723 385.444 120.95 71.3496 29.0231
 2106.45 6460.52 1927.97 604.984 502.059
 1944.95 3015.51 1822.38 543.842 312.275
 3311.46 8919.56 2778.52 1679.16 788.833
 4187.35 8579.08 4484.45 1396.94 1240.82
 3286.19 8140.09 3194.95 1670.06 982.334
 3603.52 15060.8 7211.77 2830.59 2349.91
 2040.72 6724.38 4950.11 2370.34 1702.71
 3194.11 5853.08 3431.71 2526.23 2078.63
 3120.52 8514.25 2539.56 1488.97 1997.98
 2226.23 4190.41 1549.34 462.126 634.521
 1199.7 1659.1 452.062 167.143 118.307
 750.97 1811.65 454.658 123.883 78.2245
 576.361 1098.35 499.852 125.444 55.7633
 557.757 1086 403.185 183.487 66.5184
 999.059 1288.67 493.745 183.307 113.664
 599.495 1096.69 277.874 106.465 64.0353
 1048.95 1839.98 680.5 172.422 105.796
 2030.16 2813.5 988.993 365.771 149.543
 2354.93 4384.59 1210.11 425.375 221.642
 1021.74 5219.44 1939.52 535.293 286.208
F
 0.0588964 0.283837 0.283837 0.283837 0.283837
 0.0421044 0.202912 0.202912 0.202912 0.202912
 0.0558962 0.269378 0.269378 0.269378 0.269378
 0.0101817 0.0490682 0.0490682 0.0490682 0.0490682
 0.00225372 0.0108613 0.0108613 0.0108613 0.0108613
 0.0240257 0.115786 0.115786 0.115786 0.115786
 0.0150372 0.0724679 0.0724679 0.0724679 0.0724679
 0.0310157 0.149473 0.149473 0.149473 0.149473
 0.0369115 0.177886 0.177886 0.177886 0.177886
 0.0327906 0.158026 0.158026 0.158026 0.158026
 0.0745852 0.359445 0.359445 0.359445 0.359445
 0.0700861 0.337763 0.337763 0.337763 0.337763
 0.108988 0.525239 0.525239 0.525239 0.525239
 0.185747 0.895161 0.895161 0.895161 0.895161
 0.158577 0.764221 0.764221 0.764221 0.764221
 0.0613267 0.295549 0.295549 0.295549 0.295549
 0.0438975 0.211553 0.211553 0.211553 0.211553
 0.0292389 0.14091 0.14091 0.14091 0.14091
 0.024648 0.118785 0.118785 0.118785 0.118785
 0.0254554 0.122676 0.122676 0.122676 0.122676
 0.0121524 0.0585655 0.0585655 0.0585655 0.0585655
 0.0162399 0.0782641 0.0782641 0.0782641 0.0782641
 0.0191244 0.0921652 0.0921652 0.0921652 0.0921652
 0.0181255 0.0873514 0.0873514 0.0873514 0.0873514
 0.0176003 0.0848202 0.0848202 0.0848202 0.0848202
nmprior
 10.6 11 7 0
nm_flota  nm_reclas  nm_pelaces    nm_pelaL
inf 11.9471 21.4453 53.7939
cv_recla  cv_pelaces  cv_mph
0.722379 0.559077 0.476234
 ------------------------------------------------
Talla a la edad & desviación 
 7.2 14.2025 17.0495 18.207 18.6776
 1.08 2.13037 2.55742 2.73105 2.80164
