years
 1997 1998 1999 2000 2001 2002 2003 2004 2005 2006 2007 2008 2009 2010 2011 2012 2013 2014 2015 2016 2017 2018 2019 2020 2021
reclasobs
 0 0 0 370054 412103 1.49427e+06 250295 1.28982e+06 931140 785840 897777 1.04006e+06 184774 17550 25797 100020 73551 82996 120727 218422 84188 347160 605670 569463 516374
reclaspred
 463516 126140 372201 264579 390089 462569 1.00704e+06 665290 731432 683529 541836 365235 227492 98092.1 62571.1 62785.3 79416.7 107740 115292 165985 240611 221987 388247 493266 524925
pelacesobs
 0 0 0 0 0 0 0 0 0 2.06254e+06 1.5e+06 0 1.87456e+06 323000 250000 174000 83755 137374 0 501740 490994 745055 786931 1.00524e+06 1.33801e+06
pelacespred
 2.00726e+06 456437 851269 918318 1.16828e+06 1.129e+06 2.85709e+06 2.30115e+06 2.25818e+06 2.11578e+06 1.47992e+06 1.03322e+06 634800 216561 140009 152482 203530 285130 308853 438394 719610 634701 878643 1.33182e+06 1.45763e+06
mphobs
 0 0 0 0 0 112323 0 153150 637223 0 255016 313432 73983 77613 109348 50772 0 0 0 0 0 0 0 0 0
mphpred
 174010 105139 126890 148454 157626 246464 363836 425695 357309 359221 345160 238361 147308 76740.1 33106.1 27207.8 33846.6 46814.3 58514 68161.4 103132 122561 154737 222352 291992
desembarqueobs
 350755 77701 442110 56441 14545 235359 269955 359681 431902 328805 639364 411747 362871 311530 167758 66681 60226 58785 57116 73181 50977 67692 138656 160484 209506
desembarquepred
 350765 77703.3 442139 56443.3 14545.2 235411 269994 359696 431962 328841 639525 411938 363139 311836 167705 66687.6 60250.5 58783.7 57108.7 73181.8 50978.5 67685.4 138660 160491 209507
Reclutas
 47517.7 58407 33880.7 51924.5 88101.5 65174.4 101842 96933.7 118211 126049 65433.8 43680.9 44846.6 23541.5 15754.1 17286.9 13286.8 14945.7 17178.3 29118.7 35799 47883.4 77479.6 90736.2 36777.6
log_desv_Rt
 0.0688582 0.275191 -0.269398 0.157547 0.686245 0.384822 0.831177 0.781782 0.98023 1.04443 0.388795 -0.0153338 0.0110039 -0.633481 -1.03514 -0.942295 -1.20548 -1.08782 -0.948597 -0.420864 -0.214325 0.0765242 0.557771 0.715712 -0.187356
SSB
 597844 361224 435954 510042 541554 846774 1.25003e+06 1.46256e+06 1.2276e+06 1.23417e+06 1.18587e+06 818937 506105 263656 113743 93477.7 116287 160840 201036 234182 354329 421083 531630 763933 1.00319e+06
BT
 2.01137e+06 523635 971891 848393 1.01424e+06 1.15529e+06 2.63566e+06 2.38379e+06 2.33426e+06 2.13313e+06 1.84616e+06 1.26458e+06 897947 479421 259099 185241 222952 291776 313781 435302 659357 608528 848952 1.27428e+06 1.4216e+06
Ftot
 0.524383 0.432375 0.655639 0.130864 0.0254438 0.251652 0.160429 0.320153 0.368176 0.291345 0.591798 0.558513 0.891902 1.62832 1.74504 0.706712 0.484263 0.33296 0.275932 0.283614 0.129635 0.170045 0.200006 0.191749 0.191784
BD_Bspro_t
 0.937493 0.722492 0.673855 0.533325 0.670088 0.805519 0.76818 0.774206 0.712871 0.673301 0.639085 0.477011 0.365111 0.256989 0.143886 0.145946 0.231969 0.371724 0.483568 0.58014 0.697983 0.782622 0.79243 0.799844 0.799953
BD_Bspro
 0.656271 0.396527 0.47856 0.559889 0.59448 0.929528 1.37219 1.60549 1.34758 1.35479 1.30176 0.898971 0.555567 0.289423 0.124859 0.102613 0.127651 0.176559 0.220684 0.257068 0.388957 0.462235 0.583586 0.838592 1.10124
BD_Bo
 0.554835 0.335238 0.404592 0.47335 0.502596 0.785857 1.1601 1.35734 1.13929 1.14539 1.10056 0.760023 0.469696 0.244689 0.10556 0.086753 0.107921 0.149269 0.186574 0.217335 0.328838 0.390791 0.493385 0.708977 0.931025
BD_Brms
 1.90133 1.14881 1.38647 1.62209 1.72231 2.693 3.97548 4.65138 3.90416 3.92505 3.77142 2.60447 1.60957 0.838507 0.361737 0.297288 0.369828 0.51152 0.639358 0.744771 1.12687 1.33917 1.69075 2.42954 3.19047
S_f
 0.172771 1 1 1 1
 0.172771 1 1 1 1
 0.172771 1 1 1 1
 0.172771 1 1 1 1
 0.172771 1 1 1 1
 0.172771 1 1 1 1
 0.172771 1 1 1 1
 0.172771 1 1 1 1
 0.172771 1 1 1 1
 0.172771 1 1 1 1
 0.172771 1 1 1 1
 0.172771 1 1 1 1
 0.172771 1 1 1 1
 0.172771 1 1 1 1
 0.172771 1 1 1 1
 0.172771 1 1 1 1
 0.172771 1 1 1 1
 0.172771 1 1 1 1
 0.172771 1 1 1 1
 0.172771 1 1 1 1
 0.172771 1 1 1 1
 0.172771 1 1 1 1
 0.172771 1 1 1 1
 0.172771 1 1 1 1
 0.172771 1 1 1 1
Scru_reclas
 0.959947 1 1 1 1
 0.959947 1 1 1 1
 0.959947 1 1 1 1
 0.959947 1 1 1 1
 0.959947 1 1 1 1
 0.959947 1 1 1 1
 0.959947 1 1 1 1
 0.959947 1 1 1 1
 0.959947 1 1 1 1
 0.959947 1 1 1 1
 0.959947 1 1 1 1
 0.959947 1 1 1 1
 0.959947 1 1 1 1
 0.959947 1 1 1 1
 0.959947 1 1 1 1
 0.959947 1 1 1 1
 0.959947 1 1 1 1
 0.959947 1 1 1 1
 0.959947 1 1 1 1
 0.959947 1 1 1 1
 0.959947 1 1 1 1
 0.959947 1 1 1 1
 0.959947 1 1 1 1
 0.959947 1 1 1 1
 0.959947 1 1 1 1
Scru_pelaces
 0.999996 1 1 1 1
 0.999996 1 1 1 1
 0.999996 1 1 1 1
 0.999996 1 1 1 1
 0.999996 1 1 1 1
 0.999996 1 1 1 1
 0.999996 1 1 1 1
 0.999996 1 1 1 1
 0.999996 1 1 1 1
 0.999996 1 1 1 1
 0.999996 1 1 1 1
 0.999996 1 1 1 1
 0.999996 1 1 1 1
 0.999996 1 1 1 1
 0.999996 1 1 1 1
 0.999996 1 1 1 1
 0.999996 1 1 1 1
 0.999996 1 1 1 1
 0.999996 1 1 1 1
 0.999996 1 1 1 1
 0.999996 1 1 1 1
 0.999996 1 1 1 1
 0.999996 1 1 1 1
 0.999996 1 1 1 1
 0.999996 1 1 1 1
pf_obs 
 0.256992 0.487395 0.22802 0.0275931 0
 0.321318 0.546541 0.124235 0.00734118 0.000564706
 0.182869 0.594174 0.210203 0.0122559 0.00049798
 0.330522 0.361315 0.267642 0.0388342 0.00168674
 0.649043 0.306663 0.0425973 0.00169635 0
 0.582887 0.30429 0.105238 0.00758474 0
 0.465427 0.430635 0.0974691 0.00646863 0
 0.296916 0.608066 0.0921331 0.00288517 0
 0.311714 0.524322 0.152257 0.0117073 0
 0.15457 0.633149 0.183074 0.0267441 0.00246327
 0.131901 0.49318 0.331252 0.0422183 0.00144891
 0.196976 0.569456 0.194076 0.0375587 0.00193317
 0.518974 0.381816 0.0799577 0.0180837 0.00116848
 0.0928022 0.601141 0.25162 0.0475244 0.00691264
 0.122501 0.610282 0.24278 0.0234846 0.000952079
 0.383417 0.481906 0.127806 0.00687128 0
 0.0376549 0.599619 0.316969 0.0457579 0
 0.0361596 0.667082 0.258105 0.0386534 0
 0.158088 0.579412 0.248529 0.0139706 0
 0.0477256 0.309471 0.559284 0.082774 0.000745712
 0.0406174 0.521527 0.379366 0.0568643 0.0016247
 0.151134 0.462217 0.34131 0.0453401 0
 0.294876 0.26143 0.354403 0.0886775 0.000613685
 0.281977 0.475581 0.204845 0.0348837 0.00271318
 0.0354234 0.537034 0.353287 0.0723622 0.0018943
pf_pred 
 0.343336 0.463298 0.172931 0.0204249 1.02173e-05
 0.30228 0.555219 0.100539 0.0375274 0.00443458
 0.170316 0.626517 0.161672 0.0292757 0.0122188
 0.279764 0.446896 0.206407 0.0532632 0.0136704
 0.300533 0.493124 0.128033 0.0591342 0.019176
 0.168279 0.595189 0.166755 0.0432955 0.0264814
 0.25489 0.423741 0.229976 0.0644326 0.0269612
 0.206091 0.540611 0.144049 0.0781796 0.031069
 0.245101 0.480264 0.187012 0.0498306 0.0377921
 0.23255 0.530518 0.150735 0.0586956 0.0275012
 0.134523 0.578224 0.198571 0.0564197 0.0322631
 0.145259 0.465929 0.259765 0.089207 0.0398404
 0.229391 0.433857 0.183567 0.102342 0.0508422
 0.203211 0.580327 0.12187 0.0515636 0.0430292
 0.288044 0.552118 0.116415 0.0244473 0.0189756
 0.358998 0.547626 0.0724127 0.0152683 0.0056951
 0.226811 0.634603 0.118398 0.0156557 0.00453233
 0.246 0.514067 0.196928 0.0367408 0.0062647
 0.243395 0.52102 0.160618 0.0615295 0.0134369
 0.317335 0.463942 0.150619 0.0464323 0.0216716
 0.262126 0.556865 0.123015 0.0399367 0.0180578
 0.257613 0.509252 0.175944 0.0388671 0.0183237
 0.29904 0.480179 0.151449 0.0523247 0.0170082
 0.248158 0.549313 0.138739 0.0437582 0.0200325
 0.0955217 0.611786 0.213848 0.0540111 0.0248338
pobs_RECLAS
 0 0 0 0 0
 0 0 0 0 0
 0 0 0 0 0
 0 0 0 0 0
 0.835266 0.146461 0.0176864 0.000547809 3.91292e-05
 0.385257 0.428462 0.181853 0.0044286 0
 0.867414 0.0963971 0.0333333 0.00285562 0
 0.441836 0.489002 0.0689373 0.000224442 0
 0.779404 0.147425 0.0564933 0.0165055 0.000172143
 0.814271 0.122319 0.05973 0.00367925 0
 0.40263 0.566651 0.0304383 0.000280538 0
 0.475488 0.404961 0.113038 0.00651328 0
 0.955842 0.0263864 0.0167828 0.000988607 0
 0.975058 0.0227948 0.00214734 0 0
 0.738997 0.206755 0.0527124 0.00153531 0
 0.850938 0.134255 0.0134407 0.00136685 0
 0.542534 0.407297 0.0501686 0 0
 0.764087 0.199537 0.0359546 0.000420521 0
 0.470689 0.182191 0.310203 0.0369168 0
 0.84361 0.089868 0.0606195 0.00523954 0.000663233
 0.607945 0.314616 0.071237 0.00620181 0
 0.523733 0.453247 0.0230204 0 0
 0.530135 0.295979 0.169645 0.0042399 0
 0.562478 0.366248 0.0663022 0.0049721 0
 0.250443 0.683176 0.0655157 0.000865301 0
ppred_RECLAS
 0.75068 0.175903 0.065658 0.00775486 3.87927e-06
 0.71227 0.228964 0.041461 0.0154758 0.00182876
 0.544767 0.343759 0.0887068 0.0160631 0.00670423
 0.684864 0.195537 0.0903123 0.023305 0.00598142
 0.705036 0.207949 0.0539912 0.0249368 0.00808649
 0.532844 0.334302 0.0936618 0.024318 0.0148739
 0.657213 0.194941 0.1058 0.0296421 0.0124034
 0.595222 0.275633 0.0734441 0.0398602 0.0158407
 0.648606 0.223555 0.0870513 0.0231954 0.0175916
 0.631397 0.254805 0.0723977 0.0281913 0.0132087
 0.473845 0.351523 0.120718 0.0342996 0.0196139
 0.495371 0.275079 0.153362 0.0526668 0.0235213
 0.640237 0.202549 0.0856993 0.0477791 0.023736
 0.62837 0.27067 0.0568412 0.0240498 0.0200693
 0.732297 0.207603 0.0437734 0.00919247 0.00713503
 0.766442 0.199535 0.0263846 0.00556324 0.00207509
 0.627338 0.305866 0.0570653 0.00754575 0.00218449
 0.649109 0.239233 0.091645 0.0170982 0.00291542
 0.644958 0.244493 0.0753713 0.0288732 0.00630536
 0.72424 0.187408 0.060842 0.0187562 0.00875418
 0.665261 0.252623 0.0558059 0.0181174 0.00819197
 0.660556 0.232847 0.0804474 0.0177713 0.00837817
 0.705615 0.201663 0.0636045 0.021975 0.00714299
 0.649552 0.256045 0.0646687 0.0203965 0.0093375
 0.372275 0.424591 0.148414 0.0374847 0.0172351
pobs_PELACES
 0 0 0 0 0
 0 0 0 0 0
 0 0 0 0 0
 0 0 0 0 0
 0 0 0 0 0
 0 0 0 0 0
 0 0 0 0 0
 0 0 0 0 0
 0 0 0 0 0
 0 0 0 0 0
 0.450072 0.473896 0.0757376 0.000293798 0
 0 0 0 0 0
 0.463077 0.371075 0.160297 0.00555027 0
 0.529543 0.364841 0.0842815 0.0213345 0
 0.631943 0.363953 0.00410389 0 0
 0.735681 0.248677 0.0153453 0.000297389 0
 0.695825 0.281241 0.0229344 0 0
 0.275771 0.60734 0.115278 0.00161068 0
 0 0 0 0 0
 0.896147 0.0623911 0.0374545 0.00400742 0
 0.803859 0.145111 0.0509908 3.86294e-05 0
 0.739449 0.233085 0.0266225 0.000797448 4.60066e-05
 0.878498 0.100942 0.0204185 0.000141795 0
 0.694673 0.275183 0.0284847 0.00165964 0
 0.469039 0.446079 0.0841089 0.000773354 0
ppred_PELACES
 0.783514 0.152738 0.0570111 0.00673358 3.36839e-06
 0.74371 0.203946 0.0369306 0.0137848 0.00162893
 0.598544 0.30315 0.0782278 0.0141655 0.00591226
 0.701157 0.185428 0.085643 0.0221001 0.00567217
 0.714882 0.201008 0.0521889 0.0241044 0.00781656
 0.559994 0.314874 0.0882185 0.0229047 0.0140095
 0.676026 0.184242 0.0999935 0.0280153 0.0117227
 0.625713 0.25487 0.0679119 0.0368577 0.0146475
 0.680115 0.20351 0.0792456 0.0211155 0.0160142
 0.658951 0.235758 0.0669858 0.0260839 0.0122214
 0.524408 0.317742 0.109117 0.0310034 0.017729
 0.543595 0.248792 0.138706 0.0476338 0.0212735
 0.702816 0.167316 0.0707923 0.0394682 0.0196072
 0.733139 0.194363 0.0408165 0.0172697 0.0144113
 0.821061 0.138766 0.0292592 0.00614447 0.00476922
 0.805671 0.166021 0.0219529 0.00462881 0.00172655
 0.666831 0.273452 0.0510178 0.0067461 0.00195299
 0.678501 0.219193 0.0839684 0.0156659 0.00267121
 0.671096 0.226493 0.0698224 0.0267475 0.00584116
 0.747229 0.171784 0.0557699 0.0171925 0.00802438
 0.682025 0.239972 0.0530112 0.0172101 0.00778173
 0.679847 0.219614 0.0758756 0.0167613 0.00790204
 0.72505 0.188349 0.0594052 0.0205242 0.00667141
 0.670465 0.240766 0.0608096 0.0191794 0.00878029
 0.394308 0.409688 0.143205 0.036169 0.0166301
pobs_pel_tallas
 0 0 0 0 0 0 0 0 0 0 0 0 0 0 0 0 0 0 0 0 0 0 0 0 0 0 0 0 0 0 0 0 0 0 0 0
 0 0 0 0 0 0 0 0 0 0 0 0 0 0 0 0 0 0 0 0 0 0 0 0 0 0 0 0 0 0 0 0 0 0 0 0
 0 0 0 0 0 0 0 0 0 0 0 0 0 0 0 0 0 0 0 0 0 0 0 0 0 0 0 0 0 0 0 0 0 0 0 0
 0 0 0 0 0 0 0 0 0 0 0 0 0 0 0 0 0 0 0 0 0 0 0 0 0 0 0 0 0 0 0 0 0 0 0 0
 0 0 0 0 0 0 0 0 0 0 0 0 0 0 0 0 0 0 0 0 0 0 0 0 0 0 0 0 0 0 0 0 0 0 0 0
 0 0 0 0 0 0 0 0 0 0 0 0 0 0 0 0 0 0 0 0 0 0 0 0 0 0 0 0 0 0 0 0 0 0 0 0
 0 0 0 0 0 0 0 0 0 0 0 0 0 0 0 0 0 0 0 0 0 0 0 0 0 0 0 0 0 0 0 0 0 0 0 0
 0 0 0 0 0 0 0 0 0 0 0 0 0 0 0 0 0 0 0 0 0 0 0 0 0 0 0 0 0 0 0 0 0 0 0 0
 0 0 0 0 0 0 0 0 0 0 0 0 0 0 0 0 0 0 0 0 0 0 0 0 0 0 0 0 0 0 0 0 0 0 0 0
 0 0 0 0 0 0 0 0 0 0 0 0 0 0 0 0 0 0 0 0 0 0 0 0 0 0 0 0 0 0 0 0 0 0 0 0
 0 0 0 0 0 0 0 0 1.78061e-05 0.00172719 0.00360574 0.0105946 0.0120993 0.0124554 0.0147524 0.0171206 0.0266825 0.0428682 0.0675386 0.121331 0.153587 0.119568 0.100827 0.0573624 0.0630603 0.0341343 0.0324427 0.0444173 0.0211091 0.0280891 0.0125444 0.00206551 0 0 0 0
 0 0 0 0 0 0 0 0 0 0 0 0 0 0 0 0 0 0 0 0 0 0 0 0 0 0 0 0 0 0 0 0 0 0 0 0
 0 0 0 0 0 0 0.0133647 0.0140871 0.0187388 0.0205184 0.03894 0.0496705 0.03968 0.0493445 0.0407372 0.0367815 0.0215668 0.0243155 0.0234873 0.0199281 0.019796 0.0243948 0.0301388 0.0376714 0.0412746 0.0863199 0.0771752 0.113111 0.0741005 0.0525337 0.0229764 0.00759418 0.00175318 0 0 0
 0 0 0 0 0 0 0 0 0 0 0.00219441 0.00772107 0.0458388 0.0604681 0.0671733 0.0775358 0.0609151 0.0617685 0.073594 0.0568108 0.0755445 0.0548602 0.0670107 0.0636378 0.0643287 0.046367 0.0373049 0.0286899 0.0247887 0.0153202 0.00654259 0.00121912 0.000365735 0 0 0
 0 0 0 0 0 0 0 0 0 0 0 0 0.000112435 0.00938835 0.0111873 0.0202946 0.0414886 0.0713402 0.111592 0.104902 0.108894 0.110636 0.117776 0.105296 0.107544 0.0401394 0.0192827 0.0124803 0.00416011 0.0028671 0.000618394 0 0 0 0 0
 0 0 0 0 0 0 0 0 0 0 0.00291406 0.0102884 0.027416 0.0768956 0.0749926 0.110853 0.0956884 0.0897413 0.0766577 0.0534642 0.0500743 0.0551293 0.0594112 0.0620874 0.0668451 0.0424026 0.0208742 0.0120726 0.0048766 0.00582813 0.00118941 0.000297354 0 0 0 0
 0 0.00264628 0.0354308 0.0461629 0.0458689 0.0383711 0.0214643 0.0164657 0.0346957 0.0420465 0.0363128 0.0245516 0.0311673 0.0291091 0.0169068 0.0133784 0.00837989 0.0085269 0.0148486 0.0160247 0.0276389 0.0546898 0.0760071 0.122758 0.109233 0.0665981 0.0333725 0.0166128 0.00676272 0.00308733 0.000882094 0 0 0 0 0
 0 0 0 0 0 0 0 0.000805153 0.000690131 0.00759144 0.0133425 0.0154129 0.00931677 0.000345066 0.00356568 0.00563607 0.00851162 0.0253048 0.0502646 0.0516448 0.0657925 0.0565908 0.0611916 0.0827007 0.0866115 0.110766 0.145733 0.0935128 0.0569358 0.0249597 0.0138026 0.00621118 0.00161031 0.00115022 0 0
 0 0 0 0 0 0 0 0 0 0 0 0 0 0 0 0 0 0 0 0 0 0 0 0 0 0 0 0 0 0 0 0 0 0 0 0
 0.00147267 0.00158595 0.00478618 0.00569244 0.00954404 0.0108468 0.00647125 0.017049 0.0510054 0.094081 0.124002 0.0959785 0.0687766 0.0820023 0.061753 0.0591476 0.0492212 0.0479892 0.0443925 0.0268479 0.0217502 0.0140895 0.0121071 0.0120363 0.00920419 0.00665534 0.0049561 0.00860946 0.00930331 0.0156896 0.0114698 0.00855282 0.00243557 0.00046729 0 2.83206e-05
 0 0 0 0 0.000772559 0.00158375 0.000888443 0.00281984 0.00712685 0.0440552 0.0773331 0.111326 0.0921469 0.0852325 0.0710754 0.0886704 0.0786465 0.0553345 0.0373146 0.0185414 0.00753245 0.00457741 0.012979 0.0271748 0.0457355 0.0583668 0.034881 0.0177882 0.00938659 0.00492506 0.0015258 0.00185414 0.000309023 5.79419e-05 3.86279e-05 0
 0 0.00173294 0.00326652 0 0.00397197 0.00683976 0.00946217 0.0152591 0.00757587 0.0136028 0.0228656 0.0392903 0.0559909 0.0764795 0.0681675 0.0726916 0.0566044 0.0477403 0.0527397 0.0444891 0.0609904 0.0582453 0.0661739 0.0445044 0.0529084 0.0360697 0.0280645 0.0235558 0.0158879 0.00826598 0.00280645 0.00217768 0.000904811 0.00058276 9.20147e-05 0
 0 0 0 0 0 0 0 0 0 0 0 0 0 0 0 0 0 0 0 0 0 0 0 0 0 0 0 0 0 0 0 0 0 0 0 0
 0 0 0 0 0 0 0 0 0 0 0 0 0 0 0 0 0 0 0 0 0 0 0 0 0 0 0 0 0 0 0 0 0 0 0 0
 0 0 0 0 0 0 0 0 0 0 0 0 0 0 0 0 0 0 0 0 0 0 0 0 0 0 0 0 0 0 0 0 0 0 0 0
ppred_pel_tallas
 1.01091e-16 3.41839e-05 0.000200636 0.000953744 0.00367198 0.0114507 0.0289236 0.0591814 0.0980989 0.131742 0.143354 0.126433 0.0904707 0.0527301 0.0254616 0.0109962 0.00559163 0.00484597 0.00606316 0.00806213 0.0103648 0.0126882 0.0147745 0.0163836 0.0173333 0.0175374 0.0170212 0.0159073 0.0143789 0.012634 0.010845 0.00913572 0.00757702 0.00619656 0.00499506 0.00396123
 1.01141e-16 3.24502e-05 0.000190454 0.000905324 0.00348554 0.0108693 0.0274551 0.056177 0.0931205 0.125061 0.136099 0.120066 0.085985 0.0502575 0.0245325 0.0110469 0.00627123 0.00604167 0.00779563 0.010383 0.0132922 0.0161723 0.0186848 0.0205168 0.0214401 0.0213625 0.0203467 0.0185879 0.0163602 0.0139495 0.0115969 0.00946482 0.00763165 0.00610796 0.00486262 0.00384808
 1.01973e-16 2.61244e-05 0.000153306 0.000728701 0.00280546 0.00874849 0.0220982 0.0452171 0.0749575 0.100681 0.109601 0.0967721 0.0694817 0.040972 0.0206735 0.0104521 0.00753297 0.00861359 0.0116414 0.0156417 0.0200832 0.0245003 0.0284003 0.0313155 0.0328983 0.0329985 0.0316923 0.0292513 0.0260651 0.0225456 0.0190436 0.0158012 0.0129433 0.0105 0.00844297 0.00672011
 1.02301e-16 3.05941e-05 0.000179558 0.000853528 0.00328611 0.0102474 0.0258842 0.0529628 0.0877925 0.117906 0.128312 0.113197 0.081066 0.0473841 0.0231348 0.0104299 0.00594772 0.0057716 0.00749919 0.0100641 0.0130048 0.0160107 0.018778 0.0210156 0.0224965 0.0231031 0.0228467 0.0218511 0.0203111 0.0184403 0.0164259 0.0144041 0.0124568 0.0106241 0.00892245 0.00736071
 1.02e-16 3.11931e-05 0.000183073 0.000870239 0.00335045 0.0104481 0.026391 0.0539998 0.0895117 0.120215 0.130827 0.11542 0.0826678 0.048339 0.0236349 0.0107102 0.00617847 0.00604347 0.00784825 0.0104923 0.0134865 0.0164929 0.0191822 0.0212455 0.0224525 0.0227001 0.0220325 0.0206192 0.0187055 0.0165493 0.0143686 0.0123111 0.010451 0.00880487 0.00735656 0.00607957
 1.02797e-16 2.44439e-05 0.000143439 0.000681789 0.00262483 0.00818521 0.0206754 0.0423061 0.0701329 0.0942039 0.102558 0.0905727 0.0650725 0.0384566 0.0195614 0.0101485 0.00763867 0.00895553 0.0121843 0.0164059 0.021101 0.0257969 0.0299864 0.033185 0.0350296 0.0353577 0.0342385 0.0319395 0.0288491 0.0253775 0.0218739 0.0185778 0.0156129 0.0130107 0.0107482 0.00878301
 1.0299e-16 2.94982e-05 0.000173124 0.000822942 0.00316835 0.00988019 0.0249566 0.0510648 0.0846467 0.113681 0.123717 0.109148 0.0781767 0.0457165 0.0223608 0.0101507 0.00588923 0.00580652 0.00759202 0.0102217 0.013252 0.0163814 0.0193115 0.0217523 0.023473 0.0243462 0.0243676 0.0236411 0.0223393 0.0206547 0.0187578 0.0167747 0.0147854 0.0128357 0.0109553 0.00917011
 1.02998e-16 2.73071e-05 0.000160254 0.000761742 0.00293269 0.00914527 0.0231004 0.0472673 0.0783543 0.105238 0.114547 0.101104 0.0725165 0.0426093 0.0212184 0.0102678 0.00683127 0.00744009 0.009951 0.0133751 0.0172193 0.0210873 0.0245691 0.0272751 0.0289127 0.0293491 0.0286352 0.026979 0.0246824 0.0220629 0.0193873 0.0168351 0.0144951 0.012387 0.0104922 0.00878272
 1.02666e-16 2.96772e-05 0.000174174 0.000827927 0.00318754 0.00994001 0.0251077 0.0513742 0.0851599 0.114372 0.124472 0.109823 0.0786788 0.0460474 0.0225914 0.0103698 0.00617033 0.00620101 0.00813165 0.0109181 0.0140912 0.0173189 0.0202702 0.0226297 0.0241544 0.0247243 0.0243625 0.0232156 0.0215067 0.0194754 0.0173279 0.0152088 0.0131982 0.0113271 0.00959979 0.00801301
 1.02496e-16 2.87556e-05 0.00016876 0.000802185 0.00308841 0.00963089 0.024327 0.0497769 0.0825133 0.110821 0.120616 0.106442 0.0763027 0.0447494 0.0221268 0.0104457 0.00660877 0.0069512 0.00921297 0.0123632 0.0159092 0.0194745 0.0226768 0.0251538 0.0266331 0.0269908 0.0262742 0.024677 0.0224815 0.019986 0.0174428 0.0150243 0.0128184 0.0108473 0.00909607 0.00753846
 1.03547e-16 2.28924e-05 0.00013433 0.000638482 0.00245809 0.00766522 0.0193619 0.0396187 0.0656786 0.0882233 0.0960537 0.0848435 0.0609896 0.0361108 0.0184928 0.00979895 0.00762823 0.0091128 0.0124673 0.0168298 0.0217012 0.0266146 0.0310616 0.0345519 0.0367115 0.0373626 0.0365553 0.0345356 0.0316702 0.0283504 0.0249112 0.0215858 0.0184998 0.0156955 0.0131677 0.0108959
 1.04681e-16 2.37262e-05 0.000139232 0.0006618 0.00254789 0.00794528 0.0200693 0.0410655 0.0680748 0.0914351 0.0995325 0.0878734 0.0630745 0.0371586 0.0186869 0.00935261 0.00663835 0.0075559 0.0102645 0.0139164 0.0180807 0.0223927 0.0264594 0.029892 0.0323776 0.0337399 0.0339653 0.0331826 0.0316119 0.0294983 0.0270585 0.0244522 0.0217806 0.019105 0.0164693 0.0139179
 1.03332e-16 3.06656e-05 0.00017998 0.000855537 0.00329386 0.0102716 0.0259452 0.0530874 0.0879986 0.118181 0.128607 0.113446 0.0812222 0.0474296 0.0230716 0.0102573 0.00564943 0.00531779 0.00685579 0.00920492 0.0119232 0.0147295 0.0173548 0.0195417 0.0210887 0.0218892 0.0219477 0.0213648 0.0202988 0.0189205 0.0173745 0.0157599 0.0141309 0.012511 0.010912 0.00934803
 1.0191e-16 3.19889e-05 0.000187746 0.000892455 0.00343599 0.0107148 0.0270648 0.0553783 0.0917965 0.123282 0.134162 0.118354 0.0847529 0.0495247 0.0241515 0.0108369 0.00610063 0.00583876 0.00752855 0.0100432 0.0128892 0.0157338 0.018258 0.020165 0.0212361 0.0213785 0.020643 0.0192028 0.0173037 0.0152014 0.01311 0.0111712 0.00945194 0.00796016 0.00667025 0.00554643
 1.00895e-16 3.58204e-05 0.000210246 0.000999432 0.0038479 0.0119993 0.0303093 0.0620165 0.102798 0.138049 0.150212 0.132468 0.0947581 0.0551669 0.0265213 0.0112519 0.00542401 0.00441351 0.00538911 0.00711591 0.009107 0.0110914 0.012833 0.0141177 0.0147889 0.0147815 0.0141355 0.0129802 0.0114988 0.00988281 0.00829429 0.00684285 0.00558236 0.00452162 0.00364187 0.00291367
 1.00606e-16 3.51504e-05 0.00020631 0.000980715 0.00377582 0.0117746 0.0297416 0.0608551 0.100873 0.135468 0.14741 0.130013 0.0930374 0.0542361 0.0262066 0.0113458 0.00580371 0.00504968 0.00630283 0.00833556 0.0106393 0.0129049 0.0148516 0.0162247 0.0168415 0.016633 0.0156593 0.0140899 0.0121595 0.0101116 0.00815041 0.00641248 0.00496161 0.00380188 0.0028999 0.00220662
 1.01137e-16 2.91008e-05 0.000170783 0.000811794 0.0031254 0.00974622 0.0246183 0.0503733 0.0835029 0.112153 0.122073 0.107745 0.0772746 0.0453952 0.022586 0.0108935 0.00719321 0.00777944 0.0103564 0.0138555 0.0177351 0.0215567 0.0248709 0.0272574 0.0284098 0.0282058 0.0267328 0.024258 0.021156 0.0178192 0.0145793 0.011662 0.00917831 0.00714486 0.00551902 0.00423275
 1.01927e-16 2.96075e-05 0.000173763 0.000825971 0.00318 0.00991651 0.0250484 0.0512529 0.0849593 0.114104 0.124184 0.109577 0.0785223 0.0459946 0.0226375 0.0105118 0.00641883 0.00657904 0.00866598 0.0116286 0.0149808 0.0183656 0.0214232 0.0238109 0.0252669 0.0256647 0.0250363 0.023551 0.0214641 0.0190512 0.0165521 0.0141385 0.0119084 0.00990103 0.00812014 0.00655479
 1.02258e-16 2.92849e-05 0.000171868 0.000816962 0.00314531 0.00980833 0.0247751 0.0506938 0.0840329 0.112861 0.122833 0.10839 0.0776826 0.0455247 0.0224471 0.0104914 0.0064975 0.00672879 0.00888334 0.0119167 0.015339 0.0187847 0.0218848 0.0242896 0.025735 0.0260986 0.025422 0.0238883 0.021766 0.0193411 0.0168571 0.0144828 0.0123074 0.0103581 0.00862591 0.00709017
 1.01814e-16 3.26024e-05 0.00019135 0.000909592 0.00350198 0.0109206 0.0275846 0.0564417 0.0935584 0.125646 0.136728 0.120605 0.0863338 0.050387 0.0244578 0.0107817 0.0058022 0.00533109 0.00679976 0.00907387 0.011677 0.0143074 0.0166809 0.0185315 0.0196579 0.0199661 0.0194856 0.0183531 0.0167699 0.0149507 0.0130789 0.0112815 0.00962619 0.00813431 0.00680058 0.00561099
 1.01786e-16 2.97619e-05 0.000174668 0.000830269 0.00319654 0.00996809 0.0251787 0.0515196 0.085402 0.1147 0.124836 0.110162 0.078961 0.0462908 0.0228555 0.0107321 0.00670958 0.0069889 0.00922511 0.0123464 0.0158398 0.0193156 0.0223812 0.0246684 0.0259054 0.0259774 0.0249491 0.0230385 0.0205555 0.0178252 0.0151216 0.0126305 0.0104431 0.00857554 0.00699873 0.00566689
 1.02094e-16 2.96662e-05 0.000174107 0.000827609 0.00318631 0.00993618 0.0250981 0.0513545 0.0851278 0.11433 0.12443 0.109794 0.0786768 0.0460832 0.0226776 0.0105241 0.00641715 0.00656863 0.00864654 0.0115968 0.0149319 0.0182941 0.0213241 0.0236807 0.025105 0.025475 0.0248275 0.0233368 0.0212619 0.0188799 0.0164293 0.0140777 0.0119168 0.00997857 0.00825925 0.00674213
 1.01922e-16 3.1636e-05 0.000185675 0.000882608 0.00339808 0.0105966 0.0267661 0.0547673 0.0907835 0.121922 0.132681 0.117047 0.0838147 0.0489726 0.0238756 0.0107031 0.00601411 0.00575211 0.00742606 0.00992737 0.012775 0.0156476 0.0182354 0.0202469 0.0214619 0.0217783 0.0212297 0.0199674 0.0182138 0.0162056 0.014145 0.0121717 0.0103603 0.00873341 0.00728444 0.00599682
 1.02012e-16 2.92579e-05 0.000171709 0.000816201 0.00314238 0.00979917 0.024752 0.0506466 0.0839551 0.112757 0.122723 0.108301 0.0776346 0.0455285 0.022508 0.0106179 0.00670532 0.00703886 0.00931575 0.0124829 0.0160341 0.0195817 0.0227327 0.025117 0.0264591 0.0266388 0.0257138 0.0238947 0.021484 0.0188002 0.0161129 0.0136062 0.0113727 0.00943293 0.00776425 0.00632867
 1.04187e-16 1.72232e-05 0.000101038 0.00048019 0.00184859 0.00576451 0.014561 0.0297965 0.0494009 0.0663742 0.0723077 0.0639697 0.0462043 0.0277987 0.0150515 0.00929448 0.00880387 0.0114842 0.0160065 0.0216639 0.0279365 0.0342499 0.0399522 0.0444099 0.0471397 0.047912 0.0467919 0.0440995 0.0403118 0.0359393 0.0314208 0.0270642 0.023038 0.0194013 0.0161492 0.0132548
pSPR Fmed_Fpbrs
0.615599   0.341815 0.341815
Fs Fmed_Fpbrs
0.32869   1.005 1.005
SSBpbr Bo_Bmed_Bpbrs
1.07752e+06  609442  314435 314435
Ro
44355.9
SPR SPRFo_SPRFmed_SPRFpbrs
910971 560793 311383
log_Ro
10.52
likeval ReclasPelacesDesembMPH_pf_preclas_ppelaces_ptallas_desvR_qrecl_qpela
 60.9672 18.3167 0.0110287 0.000222755 314.15 193.744 77.6022 0 15.6758 3.98664e-05 2.67216e-05 0 0 0 0
q_reclas_q_pelaces
0.408723 2.08639
M
0.7
N
 47517.7 13277.5 4956 585.352 0.292815
 58407 21552.8 3902.79 1456.76 172.144
 33880.7 26916.4 6945.75 1257.74 524.942
 51924.5 15022.8 6938.57 1790.49 459.544
 88101.5 25208.5 6545.04 3022.94 980.279
 65174.4 43558 12203.7 3168.52 1938
 101842 30987.7 16817.9 4711.88 1971.64
 96933.7 49190.7 13107.2 7113.63 2827
 118211 45545.6 17735.2 4725.66 3583.99
 126049 55084.3 15651 6094.43 2855.49
 65433.8 59521.4 20440.5 5807.75 3321.11
 43680.9 29335.4 16355.1 5616.57 2508.39
 44846.6 19696 8333.48 4646.08 2308.11
 23541.5 19089.8 4008.89 1696.18 1415.44
 15754.1 8823.68 1860.49 390.705 303.258
 17286.9 5786.98 765.214 161.347 60.1825
 13286.8 7597.74 1417.51 187.437 54.263
 14945.7 6068.44 2324.69 433.717 73.9534
 17178.3 7006.94 2160.07 827.479 180.706
 29118.7 8133.37 2640.5 814.004 379.925
 35799 13768.5 3041.53 987.434 446.479
 47883.4 17383.5 6005.92 1326.74 625.485
 77479.6 23089.8 7282.52 2516.08 817.852
 90736.2 37168.4 9387.55 2960.84 1355.47
 36777.6 43590 15236.8 3848.31 1769.42
pred_Ctot
 2975.44 4015.05 1498.67 177.007 0.0885456
 3036.53 5577.41 1009.96 376.979 44.5472
 2626.58 9662.02 2493.28 451.484 188.436
 835.91 1335.29 616.726 159.146 40.846
 277.984 456.124 118.426 54.6973 17.7372
 1999.22 7071.07 1981.11 514.367 314.609
 2005.39 3333.86 1809.38 506.935 212.122
 3763.25 9871.62 2630.36 1427.57 567.324
 5258.6 10304 4012.31 1069.11 810.822
 4462.98 10181.4 2892.84 1126.45 527.789
 4600.71 19775.3 6791.14 1929.56 1103.4
 2905.75 9320.39 5196.3 1784.49 796.963
 4647.02 8789.1 3718.71 2073.26 1029.96
 4219.28 12049.4 2530.39 1070.62 893.42
 3000.54 5751.37 1212.69 254.666 197.667
 1439.05 2195.16 290.267 61.2033 22.8289
 770.649 2156.23 402.286 53.1944 15.3998
 602.865 1259.81 482.606 90.0396 15.3527
 576.722 1234.55 380.583 145.793 31.8386
 1004.23 1468.17 476.644 146.938 68.5813
 570.951 1212.94 267.945 86.9884 39.3327
 998.669 1974.18 682.07 150.673 71.034
 1896.33 3045.01 960.396 331.812 107.856
 2130.45 4715.88 1191.08 375.667 171.98
 863.675 5531.56 1933.54 488.35 224.538
F
 0.0905981 0.524383 0.524383 0.524383 0.524383
 0.0747017 0.432375 0.432375 0.432375 0.432375
 0.113275 0.655639 0.655639 0.655639 0.655639
 0.0226095 0.130864 0.130864 0.130864 0.130864
 0.00439595 0.0254438 0.0254438 0.0254438 0.0254438
 0.043478 0.251652 0.251652 0.251652 0.251652
 0.0277174 0.160429 0.160429 0.160429 0.160429
 0.0553131 0.320153 0.320153 0.320153 0.320153
 0.0636101 0.368176 0.368176 0.368176 0.368176
 0.0503359 0.291345 0.291345 0.291345 0.291345
 0.102245 0.591798 0.591798 0.591798 0.591798
 0.0964947 0.558513 0.558513 0.558513 0.558513
 0.154095 0.891902 0.891902 0.891902 0.891902
 0.281325 1.62832 1.62832 1.62832 1.62832
 0.301492 1.74504 1.74504 1.74504 1.74504
 0.122099 0.706712 0.706712 0.706712 0.706712
 0.0836664 0.484263 0.484263 0.484263 0.484263
 0.0575258 0.33296 0.33296 0.33296 0.33296
 0.0476729 0.275932 0.275932 0.275932 0.275932
 0.0490002 0.283614 0.283614 0.283614 0.283614
 0.0223971 0.129635 0.129635 0.129635 0.129635
 0.0293788 0.170045 0.170045 0.170045 0.170045
 0.0345551 0.200006 0.200006 0.200006 0.200006
 0.0331287 0.191749 0.191749 0.191749 0.191749
 0.0331346 0.191784 0.191784 0.191784 0.191784
nmprior
 10.6 11 7 0
nm_flota  nm_reclas  nm_pelaces    nm_pelaL
inf 16.8775 18.8032 45.3421
cv_recla  cv_pelaces  cv_mph
0.706273 0.485284 0.48423
 ------------------------------------------------
Talla a la edad & desviación 
 7.2 14.2025 17.0495 18.207 18.6776
 1.08 2.13037 2.55742 2.73105 2.80164
