    unsorted:	 5.591015959e-06 0.0008999966226 0.003987812102 0.1859636689 6.294278369 25.30843557 44.75693959 69.00210192 116.7957449 140.7047470 290.4132889 426.2934964 380.6444718 521.1563472 608.8054250 646.6788369 708.6618909 764.5317068 792.4139260 859.1953442 902.6825621 982.1940441 1048.358164 1053.824288 1195.703640 1261.562092 1234.758734 1306.855837 1375.453686 1493.363854 1564.143712 1771.428394 1870.826779 2230.942542 2359.104889 2397.381266 2711.566433 3036.303353 44683.30970 196290.2640 653275.7211 672532.9448 706152.9796 611840.3697 592520.4157 743252.4349 499430.3117 474352.7783 413763.5331 806284.2259 222409.9613 863934.8154 948231.8040 1108783.112 1159140.016 1303274.212 1484956.642 1607649.381 1716771.759 1838595.571 2014193.658 2209061.076 2398020.265 2504435.783 10477860.30
      sorted:	 5.591015959e-06 0.0008999966226 0.003987812102 0.1859636689 6.294278369 25.30843557 44.75693959 69.00210192 116.7957449 140.7047470 290.4132889 380.6444718 426.2934964 521.1563472 608.8054250 646.6788369 708.6618909 764.5317068 792.4139260 859.1953442 902.6825621 982.1940441 1048.358164 1053.824288 1195.703640 1234.758734 1261.562092 1306.855837 1375.453686 1493.363854 1564.143712 1771.428394 1870.826779 2230.942542 2359.104889 2397.381266 2711.566433 3036.303353 44683.30970 196290.2640 222409.9613 413763.5331 474352.7783 499430.3117 592520.4157 611840.3697 653275.7211 672532.9448 706152.9796 743252.4349 806284.2259 863934.8154 948231.8040 1108783.112 1159140.016 1303274.212 1484956.642 1607649.381 1716771.759 1838595.571 2014193.658 2209061.076 2398020.265 2504435.783 10477860.30
