years
 1997 1998 1999 2000 2001 2002 2003 2004 2005 2006 2007 2008 2009 2010 2011 2012 2013 2014 2015 2016 2017 2018 2019 2020 2021
reclasobs
 0 0 0 370054 412103 1.49427e+06 250295 1.28982e+06 931140 785840 897777 1.04006e+06 184774 17550 25797 100020 73551 82996 120727 218422 84188 347160 605670 569463 516374
reclaspred
 456976 101830 192376 142841 273702 308035 691423 511251 685353 817058 679819 455422 286769 127154 82532.5 80454 95703.8 121876 118137 183168 283408 255349 438409 527754 466626
pelacesobs
 0 0 0 0 0 0 0 0 0 2.06254e+06 1.5e+06 0 1.87456e+06 323000 250000 174000 83755 137374 0 501740 490994 745055 786931 1.00524e+06 1.33801e+06
pelacespred
 689852 157141 160916 196942 337505 306051 857164 705227 895791 1.06157e+06 801951 559027 353184 127138 81354.7 85659.6 106818 138972 137937 207383 361262 317351 430115 614457 555858
mphobs
 0 0 0 0 0 112323 0 153150 637223 0 255016 313432 73983 77613 109348 50772 0 0 0 0 0 0 0 0 0
mphpred
 186189 86848.4 77841.4 59031.9 81901.8 158521 217408 266143 256148 324022 396427 287148 173929 93395.1 41565 33627.5 39559.3 51433 59519.3 63923.6 107547 133533 163121 229906 277356
desembarqueobs
 350755 77701 442110 56441 14545 235359 269955 359681 431902 328805 639364 411747 362871 311530 167758 66681 60226 58785 57116 73181 50977 67692 138656 160484 209506
desembarquepred
 350738 77678.6 441801 56434.8 14544.8 235362 269961 359524 431760 328703 639109 411702 362778 311520 167617 66667.5 60231.9 58772.1 57098.6 73158.1 50972.2 67674.1 138631 160460 209475
Reclutas
 27270.8 41683.3 13527 35236.3 66801.2 38372 74056.9 85284.7 128946 171864 65883.7 36221.9 46230.8 22403.5 15790.3 17762.9 13182.4 13762.9 13896.5 32521.2 39047.5 46223 78117.1 79889.6 13317
log_desv_Rt
 -0.306426 0.117856 -1.00756 -0.0501672 0.589477 0.0350832 0.692588 0.833751 1.24715 1.53446 0.575647 -0.0225806 0.221401 -0.503028 -0.852852 -0.735132 -1.03336 -0.990265 -0.980611 -0.130352 0.0525342 0.221232 0.745965 0.7684 -1.02321
SSB
 621882 290079 259995 197170 273557 529471 726158 888935 855552 1.08226e+06 1.32409e+06 959092 580935 311945 138830 112318 132130 171790 198798 213509 359215 446009 544836 767902 926385
BT
 1.48757e+06 421275 523304 412760 616105 731903 1.72166e+06 1.66347e+06 1.99718e+06 2.21123e+06 1.99915e+06 1.37442e+06 988894 526042 286643 208314 240287 296105 296499 431242 687881 632178 865990 1.23209e+06 1.16776e+06
Ftot
 0.469702 0.594132 1.22573 0.348818 0.0491033 0.412351 0.288836 0.539547 0.540095 0.327353 0.513754 0.466949 0.776437 1.35525 1.41851 0.59204 0.435732 0.316507 0.286834 0.320027 0.127031 0.161594 0.198683 0.193722 0.212555
BD_Bspro_t
 0.936711 0.675208 0.549163 0.31657 0.521116 0.727409 0.660074 0.673647 0.63233 0.640829 0.658068 0.507203 0.389655 0.288062 0.171417 0.173753 0.260841 0.395544 0.489057 0.565078 0.70597 0.794645 0.797642 0.801195 0.787761
BD_Bspro
 0.817291 0.381228 0.341691 0.259126 0.359515 0.695841 0.954332 1.16826 1.12438 1.42232 1.74015 1.26046 0.763477 0.409965 0.182453 0.147611 0.173649 0.225769 0.261265 0.280598 0.472088 0.586155 0.716035 1.00919 1.21747
BD_Bo
 0.642856 0.299862 0.268764 0.20382 0.282783 0.547327 0.750648 0.918915 0.884406 1.11876 1.36875 0.991438 0.600527 0.322466 0.143512 0.116106 0.136587 0.177583 0.205503 0.22071 0.371329 0.461051 0.563211 0.7938 0.957628
BD_Brms
 2.16363 1.00923 0.904564 0.685987 0.95175 1.84211 2.52642 3.09275 2.9766 3.76534 4.60673 3.33683 2.02117 1.08531 0.48301 0.390773 0.459703 0.597683 0.69165 0.742832 1.24977 1.55174 1.89557 2.67165 3.22304
S_f
 0.155703 1 1 1 1
 0.155703 1 1 1 1
 0.155703 1 1 1 1
 0.155703 1 1 1 1
 0.155703 1 1 1 1
 0.155703 1 1 1 1
 0.155703 1 1 1 1
 0.155703 1 1 1 1
 0.155703 1 1 1 1
 0.155703 1 1 1 1
 0.155703 1 1 1 1
 0.155703 1 1 1 1
 0.155703 1 1 1 1
 0.155703 1 1 1 1
 0.155703 1 1 1 1
 0.155703 1 1 1 1
 0.155703 1 1 1 1
 0.155703 1 1 1 1
 0.155703 1 1 1 1
 0.155703 1 1 1 1
 0.155703 1 1 1 1
 0.155703 1 1 1 1
 0.155703 1 1 1 1
 0.155703 1 1 1 1
 0.155703 1 1 1 1
Scru_reclas
 1 1 1 1 1
 1 1 1 1 1
 1 1 1 1 1
 1 1 1 1 1
 1 1 1 1 1
 1 1 1 1 1
 1 1 1 1 1
 1 1 1 1 1
 1 1 1 1 1
 1 1 1 1 1
 1 1 1 1 1
 1 1 1 1 1
 1 1 1 1 1
 1 1 1 1 1
 1 1 1 1 1
 1 1 1 1 1
 1 1 1 1 1
 1 1 1 1 1
 1 1 1 1 1
 1 1 1 1 1
 1 1 1 1 1
 1 1 1 1 1
 1 1 1 1 1
 1 1 1 1 1
 1 1 1 1 1
Scru_pelaces
 1 1 1 1 1
 1 1 1 1 1
 1 1 1 1 1
 1 1 1 1 1
 1 1 1 1 1
 1 1 1 1 1
 1 1 1 1 1
 1 1 1 1 1
 1 1 1 1 1
 1 1 1 1 1
 1 1 1 1 1
 1 1 1 1 1
 1 1 1 1 1
 1 1 1 1 1
 1 1 1 1 1
 1 1 1 1 1
 1 1 1 1 1
 1 1 1 1 1
 1 1 1 1 1
 1 1 1 1 1
 1 1 1 1 1
 1 1 1 1 1
 1 1 1 1 1
 1 1 1 1 1
 1 1 1 1 1
pf_obs 
 0.256992 0.487395 0.22802 0.0275931 0
 0.321318 0.546541 0.124235 0.00734118 0.000564706
 0.182869 0.594174 0.210203 0.0122559 0.00049798
 0.330522 0.361315 0.267642 0.0388342 0.00168674
 0.649043 0.306663 0.0425973 0.00169635 0
 0.582887 0.30429 0.105238 0.00758474 0
 0.465427 0.430635 0.0974691 0.00646863 0
 0.296916 0.608066 0.0921331 0.00288517 0
 0.311714 0.524322 0.152257 0.0117073 0
 0.15457 0.633149 0.183074 0.0267441 0.00246327
 0.131901 0.49318 0.331252 0.0422183 0.00144891
 0.196976 0.569456 0.194076 0.0375587 0.00193317
 0.518974 0.381816 0.0799577 0.0180837 0.00116848
 0.0928022 0.601141 0.25162 0.0475244 0.00691264
 0.122501 0.610282 0.24278 0.0234846 0.000952079
 0.383417 0.481906 0.127806 0.00687128 0
 0.0376549 0.599619 0.316969 0.0457579 0
 0.0361596 0.667082 0.258105 0.0386534 0
 0.158088 0.579412 0.248529 0.0139706 0
 0.0477256 0.309471 0.559284 0.082774 0.000745712
 0.0406174 0.521527 0.379366 0.0568643 0.0016247
 0.151134 0.462217 0.34131 0.0453401 0
 0.294876 0.26143 0.354403 0.0886775 0.000613685
 0.281977 0.475581 0.204845 0.0348837 0.00271318
 0.0354234 0.537034 0.353287 0.0723622 0.0018943
pf_pred 
 0.181848 0.561112 0.228135 0.0288965 8.82305e-06
 0.289684 0.456308 0.174206 0.0708282 0.00897411
 0.114771 0.689083 0.126005 0.0481053 0.0220366
 0.406415 0.362677 0.179744 0.0328679 0.0182962
 0.349036 0.546094 0.0640745 0.0317556 0.00903921
 0.140751 0.66934 0.159314 0.0186927 0.0119012
 0.287248 0.400979 0.242866 0.0578062 0.0111008
 0.254758 0.557774 0.105465 0.0638785 0.0181239
 0.3161 0.506867 0.132499 0.0250533 0.0194797
 0.289023 0.565054 0.10815 0.0282712 0.00950194
 0.102565 0.676335 0.175721 0.0336325 0.0117467
 0.0967129 0.43879 0.35006 0.0909502 0.0234875
 0.206611 0.367785 0.206746 0.164938 0.0539199
 0.158793 0.598646 0.112442 0.063208 0.0669112
 0.233944 0.544711 0.15752 0.0295867 0.034238
 0.303475 0.560703 0.096578 0.0279286 0.0113162
 0.190451 0.639087 0.137222 0.0236357 0.00960443
 0.203718 0.518735 0.219106 0.0470453 0.0113961
 0.195097 0.528759 0.179893 0.0759842 0.020267
 0.355776 0.413127 0.151813 0.0516494 0.0276348
 0.25037 0.603803 0.0935158 0.0343645 0.0179469
 0.218254 0.54332 0.192045 0.0297435 0.0166381
 0.278167 0.476051 0.170821 0.0603793 0.0145825
 0.206117 0.580589 0.140668 0.0504757 0.0221504
 0.0362726 0.623126 0.249091 0.060351 0.0311589
pobs_RECLAS
 0 0 0 0 0
 0 0 0 0 0
 0 0 0 0 0
 0 0 0 0 0
 0.835266 0.146461 0.0176864 0.000547809 3.91292e-05
 0.385257 0.428462 0.181853 0.0044286 0
 0.867414 0.0963971 0.0333333 0.00285562 0
 0.441836 0.489002 0.0689373 0.000224442 0
 0.779404 0.147425 0.0564933 0.0165055 0.000172143
 0.814271 0.122319 0.05973 0.00367925 0
 0.40263 0.566651 0.0304383 0.000280538 0
 0.475488 0.404961 0.113038 0.00651328 0
 0.955842 0.0263864 0.0167828 0.000988607 0
 0.975058 0.0227948 0.00214734 0 0
 0.738997 0.206755 0.0527124 0.00153531 0
 0.850938 0.134255 0.0134407 0.00136685 0
 0.542534 0.407297 0.0501686 0 0
 0.764087 0.199537 0.0359546 0.000420521 0
 0.470689 0.182191 0.310203 0.0369168 0
 0.84361 0.089868 0.0606195 0.00523954 0.000663233
 0.607945 0.314616 0.071237 0.00620181 0
 0.523733 0.453247 0.0230204 0 0
 0.530135 0.295979 0.169645 0.0042399 0
 0.562478 0.366248 0.0663022 0.0049721 0
 0.250443 0.683176 0.0655157 0.000865301 0
ppred_RECLAS
 0.595685 0.277291 0.11274 0.0142801 4.36018e-06
 0.732175 0.172051 0.0656845 0.0267058 0.00338369
 0.483518 0.402041 0.0735168 0.0280667 0.0128571
 0.817995 0.111204 0.0551131 0.0100779 0.00560998
 0.775394 0.188422 0.022108 0.0109568 0.00311886
 0.51938 0.374395 0.0891123 0.0104557 0.00665694
 0.724804 0.154819 0.0937715 0.0223192 0.00428607
 0.695116 0.228189 0.0431466 0.0261331 0.00741461
 0.755071 0.181527 0.0474528 0.00897248 0.00697637
 0.727085 0.216901 0.0415143 0.0108522 0.00364741
 0.43197 0.428085 0.111222 0.0212876 0.00743506
 0.415049 0.284152 0.226692 0.0588976 0.0152101
 0.640064 0.166852 0.093794 0.0748274 0.0244618
 0.581373 0.297916 0.0559569 0.0314554 0.0332983
 0.694028 0.217564 0.0629156 0.0118173 0.0136751
 0.744901 0.205354 0.0353712 0.0102287 0.0041445
 0.608606 0.30898 0.0663427 0.0114272 0.00464347
 0.626211 0.243504 0.102852 0.0220839 0.00534953
 0.612974 0.254246 0.086499 0.0365359 0.0097451
 0.783423 0.138886 0.0510368 0.0173636 0.00929035
 0.683523 0.254912 0.0394803 0.0145079 0.00757676
 0.644021 0.247408 0.0874503 0.0135441 0.00757637
 0.714532 0.188267 0.0675555 0.0238786 0.00576702
 0.627676 0.272291 0.0659721 0.0236727 0.0103883
 0.196586 0.519471 0.207656 0.0503118 0.0259757
pobs_PELACES
 0 0 0 0 0
 0 0 0 0 0
 0 0 0 0 0
 0 0 0 0 0
 0 0 0 0 0
 0 0 0 0 0
 0 0 0 0 0
 0 0 0 0 0
 0 0 0 0 0
 0 0 0 0 0
 0.450072 0.473896 0.0757376 0.000293798 0
 0 0 0 0 0
 0.463077 0.371075 0.160297 0.00555027 0
 0.529543 0.364841 0.0842815 0.0213345 0
 0.631943 0.363953 0.00410389 0 0
 0.735681 0.248677 0.0153453 0.000297389 0
 0.695825 0.281241 0.0229344 0 0
 0.275771 0.60734 0.115278 0.00161068 0
 0 0 0 0 0
 0.896147 0.0623911 0.0374545 0.00400742 0
 0.803859 0.145111 0.0509908 3.86294e-05 0
 0.739449 0.233085 0.0266225 0.000797448 4.60066e-05
 0.878498 0.100942 0.0204185 0.000141795 0
 0.694673 0.275183 0.0284847 0.00165964 0
 0.469039 0.446079 0.0841089 0.000773354 0
ppred_PELACES
 0.62677 0.255972 0.104072 0.0131822 4.02496e-06
 0.763366 0.152014 0.0580349 0.0235957 0.00298963
 0.568458 0.335922 0.0614264 0.023451 0.0107427
 0.83202 0.102635 0.0508663 0.00930135 0.00517769
 0.777768 0.186431 0.0218744 0.010841 0.00308589
 0.547964 0.352128 0.0838125 0.00983391 0.00626104
 0.740562 0.145954 0.088402 0.0210412 0.00404064
 0.726011 0.205066 0.0387744 0.023485 0.00666327
 0.781823 0.1617 0.0422697 0.00799246 0.00621438
 0.744804 0.202819 0.038819 0.0101476 0.0034106
 0.467378 0.401401 0.104289 0.0199607 0.00697161
 0.446942 0.268659 0.214332 0.0556863 0.0143808
 0.688255 0.144513 0.0812363 0.064809 0.0211867
 0.669519 0.235187 0.0441746 0.0248322 0.026287
 0.771048 0.162798 0.0470782 0.00884259 0.0102327
 0.774964 0.181154 0.0312028 0.00902328 0.00365608
 0.637114 0.286475 0.0615105 0.0105948 0.00430525
 0.646612 0.230213 0.0972386 0.0208786 0.00505756
 0.631754 0.241909 0.0823018 0.034763 0.00927224
 0.798169 0.12943 0.0475618 0.0161814 0.00865778
 0.691129 0.248786 0.0385314 0.0141592 0.00739466
 0.654275 0.240281 0.0849313 0.013154 0.00735814
 0.725688 0.180909 0.0649155 0.0229454 0.00554165
 0.6402 0.263132 0.0637529 0.0228764 0.0100389
 0.206107 0.513315 0.205195 0.0497155 0.0256679
pobs_pel_tallas
 0 0 0 0 0 0 0 0 0 0 0 0 0 0 0 0 0 0 0 0 0 0 0 0 0 0 0 0 0 0 0 0 0 0 0 0
 0 0 0 0 0 0 0 0 0 0 0 0 0 0 0 0 0 0 0 0 0 0 0 0 0 0 0 0 0 0 0 0 0 0 0 0
 0 0 0 0 0 0 0 0 0 0 0 0 0 0 0 0 0 0 0 0 0 0 0 0 0 0 0 0 0 0 0 0 0 0 0 0
 0 0 0 0 0 0 0 0 0 0 0 0 0 0 0 0 0 0 0 0 0 0 0 0 0 0 0 0 0 0 0 0 0 0 0 0
 0 0 0 0 0 0 0 0 0 0 0 0 0 0 0 0 0 0 0 0 0 0 0 0 0 0 0 0 0 0 0 0 0 0 0 0
 0 0 0 0 0 0 0 0 0 0 0 0 0 0 0 0 0 0 0 0 0 0 0 0 0 0 0 0 0 0 0 0 0 0 0 0
 0 0 0 0 0 0 0 0 0 0 0 0 0 0 0 0 0 0 0 0 0 0 0 0 0 0 0 0 0 0 0 0 0 0 0 0
 0 0 0 0 0 0 0 0 0 0 0 0 0 0 0 0 0 0 0 0 0 0 0 0 0 0 0 0 0 0 0 0 0 0 0 0
 0 0 0 0 0 0 0 0 0 0 0 0 0 0 0 0 0 0 0 0 0 0 0 0 0 0 0 0 0 0 0 0 0 0 0 0
 0 0 0 0 0 0 0 0 0 0 0 0 0 0 0 0 0 0 0 0 0 0 0 0 0 0 0 0 0 0 0 0 0 0 0 0
 0 0 0 0 0 0 0 0 1.78061e-05 0.00172719 0.00360574 0.0105946 0.0120993 0.0124554 0.0147524 0.0171206 0.0266825 0.0428682 0.0675386 0.121331 0.153587 0.119568 0.100827 0.0573624 0.0630603 0.0341343 0.0324427 0.0444173 0.0211091 0.0280891 0.0125444 0.00206551 0 0 0 0
 0 0 0 0 0 0 0 0 0 0 0 0 0 0 0 0 0 0 0 0 0 0 0 0 0 0 0 0 0 0 0 0 0 0 0 0
 0 0 0 0 0 0 0.0133647 0.0140871 0.0187388 0.0205184 0.03894 0.0496705 0.03968 0.0493445 0.0407372 0.0367815 0.0215668 0.0243155 0.0234873 0.0199281 0.019796 0.0243948 0.0301388 0.0376714 0.0412746 0.0863199 0.0771752 0.113111 0.0741005 0.0525337 0.0229764 0.00759418 0.00175318 0 0 0
 0 0 0 0 0 0 0 0 0 0 0.00219441 0.00772107 0.0458388 0.0604681 0.0671733 0.0775358 0.0609151 0.0617685 0.073594 0.0568108 0.0755445 0.0548602 0.0670107 0.0636378 0.0643287 0.046367 0.0373049 0.0286899 0.0247887 0.0153202 0.00654259 0.00121912 0.000365735 0 0 0
 0 0 0 0 0 0 0 0 0 0 0 0 0.000112435 0.00938835 0.0111873 0.0202946 0.0414886 0.0713402 0.111592 0.104902 0.108894 0.110636 0.117776 0.105296 0.107544 0.0401394 0.0192827 0.0124803 0.00416011 0.0028671 0.000618394 0 0 0 0 0
 0 0 0 0 0 0 0 0 0 0 0.00291406 0.0102884 0.027416 0.0768956 0.0749926 0.110853 0.0956884 0.0897413 0.0766577 0.0534642 0.0500743 0.0551293 0.0594112 0.0620874 0.0668451 0.0424026 0.0208742 0.0120726 0.0048766 0.00582813 0.00118941 0.000297354 0 0 0 0
 0 0.00264628 0.0354308 0.0461629 0.0458689 0.0383711 0.0214643 0.0164657 0.0346957 0.0420465 0.0363128 0.0245516 0.0311673 0.0291091 0.0169068 0.0133784 0.00837989 0.0085269 0.0148486 0.0160247 0.0276389 0.0546898 0.0760071 0.122758 0.109233 0.0665981 0.0333725 0.0166128 0.00676272 0.00308733 0.000882094 0 0 0 0 0
 0 0 0 0 0 0 0 0.000805153 0.000690131 0.00759144 0.0133425 0.0154129 0.00931677 0.000345066 0.00356568 0.00563607 0.00851162 0.0253048 0.0502646 0.0516448 0.0657925 0.0565908 0.0611916 0.0827007 0.0866115 0.110766 0.145733 0.0935128 0.0569358 0.0249597 0.0138026 0.00621118 0.00161031 0.00115022 0 0
 0 0 0 0 0 0 0 0 0 0 0 0 0 0 0 0 0 0 0 0 0 0 0 0 0 0 0 0 0 0 0 0 0 0 0 0
 0.00147267 0.00158595 0.00478618 0.00569244 0.00954404 0.0108468 0.00647125 0.017049 0.0510054 0.094081 0.124002 0.0959785 0.0687766 0.0820023 0.061753 0.0591476 0.0492212 0.0479892 0.0443925 0.0268479 0.0217502 0.0140895 0.0121071 0.0120363 0.00920419 0.00665534 0.0049561 0.00860946 0.00930331 0.0156896 0.0114698 0.00855282 0.00243557 0.00046729 0 2.83206e-05
 0 0 0 0 0.000772559 0.00158375 0.000888443 0.00281984 0.00712685 0.0440552 0.0773331 0.111326 0.0921469 0.0852325 0.0710754 0.0886704 0.0786465 0.0553345 0.0373146 0.0185414 0.00753245 0.00457741 0.012979 0.0271748 0.0457355 0.0583668 0.034881 0.0177882 0.00938659 0.00492506 0.0015258 0.00185414 0.000309023 5.79419e-05 3.86279e-05 0
 0 0.00173294 0.00326652 0 0.00397197 0.00683976 0.00946217 0.0152591 0.00757587 0.0136028 0.0228656 0.0392903 0.0559909 0.0764795 0.0681675 0.0726916 0.0566044 0.0477403 0.0527397 0.0444891 0.0609904 0.0582453 0.0661739 0.0445044 0.0529084 0.0360697 0.0280645 0.0235558 0.0158879 0.00826598 0.00280645 0.00217768 0.000904811 0.00058276 9.20147e-05 0
 0 0 0 0 0 0 0 0 0 0 0 0 0 0 0 0 0 0 0 0 0 0 0 0 0 0 0 0 0 0 0 0 0 0 0 0
 0 0 0 0 0 0 0 0 0 0 0 0 0 0 0 0 0 0 0 0 0 0 0 0 0 0 0 0 0 0 0 0 0 0 0 0
 0 0 0 0 0 0 0 0 0 0 0 0 0 0 0 0 0 0 0 0 0 0 0 0 0 0 0 0 0 0 0 0 0 0 0 0
ppred_pel_tallas
 1.02014e-16 2.73534e-05 0.000160525 0.000763031 0.00293765 0.00916074 0.0231394 0.0473473 0.0784869 0.105416 0.114742 0.101278 0.0726445 0.0426917 0.0212733 0.0103183 0.00689816 0.00754071 0.0101015 0.0135914 0.017516 0.0214745 0.0250488 0.0278372 0.0295313 0.0299812 0.0292217 0.0274497 0.0249637 0.0220876 0.0191058 0.0162242 0.0135635 0.0111753 0.00906825 0.00723205
 1.01824e-16 3.33052e-05 0.000195478 0.000929222 0.00357757 0.0111563 0.0281799 0.0576597 0.0955767 0.128355 0.13967 0.123187 0.0881535 0.0513916 0.0248383 0.0107674 0.00553616 0.00485968 0.00611479 0.00815372 0.0105125 0.0129158 0.0151111 0.0168616 0.0179854 0.0183928 0.0181009 0.0172196 0.0159163 0.014371 0.0127393 0.0111309 0.00960755 0.00819422 0.00689554 0.00571005
 1.0229e-16 2.48138e-05 0.000145609 0.0006921 0.00266452 0.00830898 0.0209881 0.042946 0.071194 0.0956303 0.104114 0.0919539 0.0660802 0.0390827 0.0199352 0.0104302 0.00795187 0.00937622 0.0127525 0.0171331 0.0219682 0.0267505 0.0309372 0.0340159 0.0356113 0.0355704 0.0339942 0.0311998 0.0276325 0.0237567 0.019962 0.016509 0.013522 0.0110154 0.00893752 0.00721263
 1.01318e-16 3.62969e-05 0.000213046 0.00101275 0.0038992 0.0121593 0.0307134 0.062843 0.104167 0.139885 0.152201 0.134202 0.0959554 0.0557774 0.0266534 0.0110326 0.00491503 0.00360883 0.00425078 0.00561239 0.00724179 0.00892101 0.0104733 0.0117359 0.0125817 0.012944 0.012827 0.0122969 0.0114594 0.0104312 0.00931537 0.00818738 0.00709374 0.0060584 0.00509266 0.00420348
 1.00889e-16 3.39345e-05 0.00019917 0.000946765 0.0036451 0.0113669 0.0287119 0.0587485 0.0973822 0.130782 0.142317 0.125536 0.0898666 0.052454 0.0254695 0.0112388 0.00605722 0.00555908 0.00706081 0.00936722 0.0119644 0.0145194 0.0167207 0.0182838 0.0190046 0.0188065 0.0177564 0.0160438 0.0139296 0.0116838 0.00953151 0.00762157 0.00602153 0.00473301 0.00371707 0.00291911
 1.01935e-16 2.39209e-05 0.000140365 0.000667167 0.00256852 0.0080096 0.0202319 0.0413989 0.0686301 0.0921892 0.100375 0.0886684 0.0637564 0.0377831 0.0194106 0.0103805 0.00818536 0.00982433 0.0134196 0.0180476 0.0231538 0.0282099 0.0326447 0.0359159 0.0376223 0.037595 0.0359309 0.0329556 0.0291331 0.0249522 0.0208291 0.0170501 0.0137612 0.0109938 0.00870809 0.00683387
 1.02215e-16 3.23107e-05 0.00018964 0.000901466 0.0034707 0.0108231 0.0273382 0.0559374 0.0927218 0.124521 0.135499 0.119509 0.0855249 0.0498657 0.0241139 0.010478 0.00542802 0.00481253 0.00609385 0.00816683 0.0105899 0.0131029 0.0154642 0.0174414 0.0188475 0.0195767 0.0196198 0.0190537 0.0180114 0.0166437 0.0150873 0.0134463 0.011791 0.010166 0.00860257 0.00712814
 1.01736e-16 3.16785e-05 0.000185923 0.000883784 0.0034026 0.0106107 0.0268018 0.0548403 0.0909051 0.122086 0.132863 0.117216 0.0839527 0.0490877 0.0239955 0.0108634 0.00625015 0.00609481 0.00789858 0.0105396 0.0135164 0.0164819 0.0190992 0.0210553 0.0221203 0.0221984 0.0213468 0.0197525 0.0176797 0.0154036 0.0131539 0.0110839 0.00926563 0.00770747 0.00638075 0.00524468
 1.01218e-16 3.41104e-05 0.000200204 0.000951689 0.00366407 0.0114261 0.0288613 0.059054 0.0978879 0.131459 0.143049 0.126168 0.0902906 0.0526445 0.0254561 0.0110543 0.00570714 0.00502297 0.00630908 0.00838051 0.0107496 0.0131206 0.0152222 0.0168044 0.0176815 0.0177727 0.0171176 0.0158589 0.0142018 0.0123631 0.0105268 0.00881939 0.00730563 0.00600061 0.0048894 0.00394552
 1.01126e-16 3.24979e-05 0.000190734 0.000906655 0.00349066 0.0108853 0.0274954 0.0562596 0.0932573 0.125245 0.136298 0.120241 0.0861089 0.0503266 0.0245601 0.0110489 0.006258 0.00601702 0.00775973 0.0103351 0.013232 0.0161008 0.0186047 0.0204321 0.0213553 0.021282 0.0202737 0.0185241 0.0163053 0.013902 0.0115543 0.00942452 0.00759193 0.00606808 0.00482288 0.00380958
 1.02623e-16 2.0409e-05 0.000119743 0.000569115 0.00219098 0.00683223 0.017258 0.0353145 0.0585467 0.0786539 0.0856629 0.0757317 0.0545842 0.0326085 0.0172332 0.00999183 0.00879357 0.0111148 0.0153618 0.0207118 0.0266062 0.0324626 0.0376348 0.0415044 0.043611 0.0437548 0.0420363 0.0388139 0.0346027 0.0299469 0.0253108 0.0210147 0.0172242 0.0139799 0.011245 0.00895175
 1.05716e-16 1.95128e-05 0.000114493 0.000544182 0.00209502 0.00653302 0.0165021 0.0337669 0.0559781 0.0751943 0.0818718 0.072325 0.0520093 0.0308326 0.0158652 0.00853818 0.00682427 0.00830491 0.0114904 0.015682 0.02049 0.0255448 0.0304255 0.0347017 0.0380103 0.0401216 0.0409697 0.0406376 0.0393094 0.0372083 0.0345461 0.0314962 0.0281934 0.0247477 0.0212626 0.017844
 1.04418e-16 3.00297e-05 0.000176249 0.000837804 0.00322559 0.0100587 0.0254074 0.0519869 0.0861739 0.115729 0.125935 0.11108 0.0795087 0.0463898 0.0224935 0.00987973 0.00527639 0.00483483 0.00620574 0.00836948 0.0109203 0.0136177 0.0162349 0.0185505 0.0203825 0.0216208 0.0222408 0.0222922 0.0218697 0.021079 0.0200093 0.0187219 0.0172545 0.0156345 0.013894 0.0120788
 1.02786e-16 2.92164e-05 0.000171465 0.000815046 0.00313793 0.00978532 0.024717 0.050575 0.0838361 0.112597 0.122548 0.108142 0.0775135 0.0454426 0.0224377 0.010538 0.00659205 0.00687178 0.00907724 0.0121592 0.0156182 0.0190768 0.0221552 0.0244978 0.0258424 0.0260788 0.025269 0.0236215 0.0214298 0.0189974 0.016575 0.0143252 0.0123198 0.010561 0.00901336 0.00763239
 1.01504e-16 3.36406e-05 0.000197446 0.000938576 0.00361358 0.0112686 0.0284636 0.0582403 0.0965393 0.129648 0.141079 0.124433 0.0890545 0.0519345 0.025133 0.0109491 0.0057049 0.00507158 0.0063955 0.0085087 0.0109294 0.0133631 0.0155383 0.0172032 0.0181696 0.0183529 0.0177881 0.0166129 0.0150269 0.0132416 0.0114369 0.00973627 0.00820352 0.00685507 0.0056794 0.00465507
 1.00983e-16 3.38121e-05 0.000198451 0.00094335 0.00363196 0.0113259 0.0286084 0.0585366 0.0970308 0.13031 0.141803 0.12508 0.0895359 0.0522524 0.0253559 0.0111626 0.00598039 0.0054598 0.00692888 0.00920085 0.0117699 0.0143118 0.0165237 0.0181275 0.0189213 0.0188245 0.017895 0.0163084 0.0143104 0.0121574 0.0100646 0.00817692 0.00656345 0.0052321 0.00415301 0.00328142
 1.01532e-16 2.78055e-05 0.000163178 0.000775634 0.00298617 0.00931203 0.0235216 0.0481295 0.0797842 0.107161 0.116646 0.10297 0.0738833 0.0434703 0.0217537 0.0107013 0.0073408 0.00814181 0.0109143 0.0146303 0.0187527 0.0228311 0.0263972 0.0290103 0.0303466 0.0302722 0.0288706 0.0264113 0.0232762 0.019866 0.0165207 0.0134722 0.0108365 0.0086349 0.00682991 0.00535956
 1.0241e-16 2.82175e-05 0.000165601 0.000787167 0.00303059 0.00945057 0.0238715 0.0488449 0.0809685 0.108746 0.118359 0.104451 0.0748781 0.0439196 0.0217278 0.0102779 0.00653394 0.00690397 0.00917573 0.0123437 0.0159303 0.01957 0.0228881 0.0255242 0.0271999 0.0277761 0.0272768 0.0258685 0.0238069 0.02137 0.0188008 0.0162745 0.0138939 0.0117044 0.00971809 0.00793417
 1.02875e-16 2.757e-05 0.000161799 0.000769089 0.00296098 0.0092335 0.0233232 0.0477232 0.0791095 0.106251 0.115647 0.102067 0.0731894 0.0429699 0.0213338 0.0102179 0.00666287 0.00716372 0.00955879 0.0128585 0.016581 0.0203481 0.0237693 0.0264712 0.028169 0.0287261 0.0281777 0.0267075 0.0245896 0.0221167 0.0195386 0.0170288 0.0146807 0.0125259 0.0105626 0.00877888
 1.01678e-16 3.48219e-05 0.000204384 0.000971568 0.00374062 0.0116648 0.0294643 0.0602874 0.0999314 0.1342 0.146024 0.128772 0.0921121 0.0536214 0.0257698 0.0109203 0.00524968 0.00426647 0.00522482 0.00693404 0.00893329 0.0109728 0.0128353 0.0143195 0.0152718 0.0156172 0.0153719 0.0146307 0.0135369 0.0122437 0.0108825 0.00954465 0.00828001 0.00710668 0.00602564 0.00503336
 1.01461e-16 3.01592e-05 0.000177 0.000841353 0.00323922 0.0101012 0.0255148 0.0522075 0.0865423 0.116232 0.126504 0.111636 0.0800217 0.0469209 0.0231815 0.0109088 0.00684886 0.00715007 0.00943212 0.0126019 0.0161302 0.0196111 0.0226364 0.0248265 0.0259059 0.0257665 0.0244896 0.0223184 0.0195914 0.0166604 0.0138195 0.0112648 0.00908752 0.00729456 0.00584139 0.00466398
 1.0208e-16 2.8552e-05 0.000167564 0.000796497 0.00306651 0.00956259 0.0241545 0.049424 0.0819285 0.110036 0.119764 0.105694 0.0757755 0.0444586 0.0220175 0.0104522 0.0066913 0.00709908 0.00943298 0.0126679 0.0163091 0.0199735 0.0232685 0.0258201 0.0273443 0.0277072 0.0269501 0.0252655 0.0229394 0.0202788 0.0175493 0.0149383 0.0125501 0.0104218 0.00855025 0.00691612
 1.02028e-16 3.16635e-05 0.000185837 0.00088338 0.00340106 0.0106059 0.0267896 0.0548152 0.0908628 0.122028 0.132794 0.117143 0.0838753 0.0489912 0.0238536 0.010641 0.00590733 0.00559143 0.00720168 0.00963355 0.0124143 0.015234 0.0177951 0.0198165 0.0210839 0.0214936 0.0210708 0.0199521 0.0183429 0.0164629 0.0145013 0.0125908 0.0108044 0.00916914 0.00768578 0.00634685
 1.02246e-16 2.79391e-05 0.000163964 0.000779378 0.00300059 0.00935702 0.0236352 0.0483617 0.0801684 0.107675 0.1172 0.103446 0.0741962 0.043597 0.0217111 0.0105064 0.00698752 0.00760259 0.0101545 0.0136252 0.0175025 0.0213725 0.0248079 0.0274049 0.0288638 0.0290544 0.0280411 0.0260551 0.0234277 0.020507 0.017587 0.0148672 0.012447 0.0103464 0.00853894 0.00698159
 1.05988e-16 9.0211e-06 5.2875e-05 0.000251195 0.000966863 0.00301485 0.00761578 0.0155867 0.0258514 0.034762 0.0379447 0.0337478 0.0247645 0.0156785 0.00990407 0.00828306 0.0100622 0.0142592 0.0202113 0.027455 0.0354745 0.0435861 0.0509813 0.0568645 0.0606207 0.0619454 0.060897 0.0578491 0.0533711 0.0480776 0.042501 0.0370193 0.0318475 0.0270733 0.0227127 0.0187581
pSPR Fmed_Fpbrs
0.583933   0.347119 0.347119
Fs Fmed_Fpbrs
0.37939   1.005 1.005
SSBpbr Bo_Bmed_Bpbrs
967375  516514  287426 287426
Ro
37049.1
SPR SPRFo_SPRFmed_SPRFpbrs
760907 444319 264126
log_Ro
10.34
likeval ReclasPelacesDesembMPH_pf_preclas_ppelaces_ptallas_desvR_qrecl_qpela
 76.4577 51.6245 0.0118529 0.000166365 314.538 191.975 78.0205 0 19.074 3.20174e-05 0 0 0 0 0
q_reclas_q_pelaces
0.448513 1
M
0.7
N
 27270.8 15478.6 6293.24 797.126 0.243389
 41683.3 12587.3 4805.48 1953.8 247.551
 13527 18870.4 3450.61 1317.35 603.468
 35236.3 5550.22 2750.72 502.993 279.996
 66801.2 16572.8 1944.53 963.718 274.321
 38372 32919.9 7835.48 919.354 585.333
 74056.9 17870 10823.6 2576.19 494.719
 85284.7 35158.3 6647.81 4026.47 1142.41
 128946 38938.6 10178.9 1924.64 1496.47
 171864 58867.9 11267.2 2945.33 989.923
 65883.7 81104.3 21072 4033.12 1408.64
 36221.9 30201.7 24094.5 6260.06 1616.64
 46230.8 16725.9 9402.25 7500.97 2452.14
 22403.5 20343.3 3821.04 2147.95 2273.79
 15790.3 9008.78 2605.17 489.324 566.25
 17762.9 6287.27 1082.95 313.169 126.891
 13182.4 8044.03 1727.17 297.496 120.889
 13762.9 6116.78 2583.64 554.746 134.38
 13896.5 6505.83 2213.4 934.907 249.365
 32521.2 6599.36 2425.08 825.056 441.443
 39047.5 15364.6 2379.63 874.448 456.681
 46223 19010.7 6719.62 1040.72 582.164
 78117.1 22383.3 8031.78 2838.96 685.65
 79889.6 37610.2 9112.37 3269.78 1434.89
 13317 38493.2 15387.4 3728.14 1924.82
pred_Ctot
 1388.98 4285.87 1742.53 220.716 0.0673919
 2662.91 4194.6 1601.39 651.087 82.4944
 1708.89 10260.2 1876.17 716.27 328.117
 1343.81 1199.19 594.324 108.677 60.4964
 366.06 572.729 67.1996 33.3044 9.48008
 1722.46 8191.14 1949.63 228.754 145.643
 2348.23 3277.97 1985.41 472.561 90.7482
 4966.13 10873 2055.89 1245.22 353.299
 7515.85 12051.7 3150.4 595.686 463.164
 6160.05 12043.2 2305.03 602.554 202.518
 3659.4 24130.9 6269.54 1199.97 419.111
 1834.41 8322.8 6639.8 1725.11 445.503
 3812.46 6786.48 3814.93 3043.5 994.947
 3102.58 11696.7 2196.96 1235 1307.35
 2279.26 5306.98 1534.68 288.255 333.572
 1130.94 2089.53 359.91 104.079 42.1713
 624.297 2094.92 449.811 77.4775 31.4832
 477.307 1215.38 513.36 110.226 26.7008
 437.641 1186.11 403.537 170.448 45.4631
 1140.13 1323.91 486.501 165.516 88.5589
 550.602 1327.86 205.656 75.5727 39.4679
 827.156 2059.12 727.828 112.725 63.0564
 1714.39 2933.98 1052.8 372.128 89.8742
 1710.09 4816.97 1167.08 418.781 183.775
 312.368 5366.16 2145.09 519.723 268.33
F
 0.0731339 0.469702 0.469702 0.469702 0.469702
 0.092508 0.594132 0.594132 0.594132 0.594132
 0.19085 1.22573 1.22573 1.22573 1.22573
 0.054312 0.348818 0.348818 0.348818 0.348818
 0.00764552 0.0491033 0.0491033 0.0491033 0.0491033
 0.0642042 0.412351 0.412351 0.412351 0.412351
 0.0449725 0.288836 0.288836 0.288836 0.288836
 0.0840089 0.539547 0.539547 0.539547 0.539547
 0.0840943 0.540095 0.540095 0.540095 0.540095
 0.0509697 0.327353 0.327353 0.327353 0.327353
 0.0799929 0.513754 0.513754 0.513754 0.513754
 0.0727053 0.466949 0.466949 0.466949 0.466949
 0.120893 0.776437 0.776437 0.776437 0.776437
 0.211017 1.35525 1.35525 1.35525 1.35525
 0.220866 1.41851 1.41851 1.41851 1.41851
 0.0921823 0.59204 0.59204 0.59204 0.59204
 0.0678447 0.435732 0.435732 0.435732 0.435732
 0.049281 0.316507 0.316507 0.316507 0.316507
 0.0446608 0.286834 0.286834 0.286834 0.286834
 0.0498291 0.320027 0.320027 0.320027 0.320027
 0.0197791 0.127031 0.127031 0.127031 0.127031
 0.0251607 0.161594 0.161594 0.161594 0.161594
 0.0309356 0.198683 0.198683 0.198683 0.198683
 0.0301631 0.193722 0.193722 0.193722 0.193722
 0.0330955 0.212555 0.212555 0.212555 0.212555
nmprior
 10.6 11 7 0
nm_flota  nm_reclas  nm_pelaces    nm_pelaL
inf 20.4441 19.7304 48.2698
cv_recla  cv_pelaces  cv_mph
0.790926 0.814704 0.418474
 ------------------------------------------------
Talla a la edad & desviación 
 7.2 14.2025 17.0495 18.207 18.6776
 1.08 2.13037 2.55742 2.73105 2.80164
