years
 1997 1998 1999 2000 2001 2002 2003 2004 2005 2006 2007 2008 2009 2010 2011 2012 2013 2014 2015 2016 2017 2018 2019 2020 2021
reclasobs
 0 0 0 370054 412103 1.49427e+06 250295 1.28982e+06 931140 785840 897777 1.04006e+06 184774 17550 25797 100020 73551 82996 120727 218422 84188 347160 605670 569463 516374
reclaspred
 2.02784e+06 336205 611600 186470 262514 352969 701466 637644 664343 847277 922293 707645 391063 150640 83431.9 76744.2 79911.1 109482 134764 132862 197317 213049 351904 411561 345019
pelacesobs
 0 0 0 0 0 0 0 0 0 2.06254e+06 1.5e+06 0 1.87456e+06 323000 250000 174000 83755 137374 0 501740 490994 745055 786931 1.00524e+06 1.33801e+06
pelacespred
 5.45654e+06 2.07315e+06 875828 701692 902646 763852 2.11247e+06 1.97073e+06 1.8461e+06 2.57068e+06 2.33984e+06 1.91556e+06 998785 296639 163581 168022 180521 271886 350032 315069 593372 635937 757322 1.05124e+06 800427
mphobs
 0 0 0 0 0 112323 0 153150 637223 0 255016 313432 73983 77613 109348 50772 0 0 0 0 0 0 0 0 0
mphpred
 477840 189875 160564 68164.5 54354.8 142090 160574 286738 253812 278694 382311 280897 173141 97354.9 46485.4 32098.8 28738.9 35332.3 47033.2 43816.5 55506.1 75364 90106.6 125938 135379
desembarqueobs
 350755 77701 442110 56441 14545 235359 269955 359681 431902 328805 639364 411747 362871 311530 167758 66681 60226 58785 57116 73181 50977 67692 138656 160484 209506
desembarquepred
 350732 77662.9 441518 56417.8 14543.5 235204 269900 359118 431417 328520 638238 411063 362146 310927 167233 66606.2 60195.4 58702.5 57033.6 73093 50961 67622 138543 160365 209339
Reclutas
 14252.2 43640 3239.67 7026.83 38898.4 14884.1 63850.6 57594.8 65975.8 113069 71319.6 47633.8 53678.1 29387.5 12198.1 9362.16 7331.1 9156.74 7606.74 9218.03 15483.1 18523.8 30736.3 31134.8 2851.58
log_desv_Rt
 -0.35533 0.76373 -1.83677 -1.06251 0.64871 -0.311952 1.1443 1.04119 1.17704 1.71575 1.25493 0.851297 0.97076 0.368326 -0.510965 -0.775568 -1.02012 -0.797755 -0.98321 -0.791083 -0.272492 -0.0931861 0.413199 0.426083 -1.96437
SSB
 698621 277604 234750 99659.2 79468.8 207741 234766 419222 371084 407462 558953 410682 253140 142337 67963.5 46929.7 42017.4 51657.2 68764.3 64061.4 81152.2 110185 131739 184126 197929
BT
 1.21892e+06 415226 368276 163199 270354 321890 1.05495e+06 960347 1.00866e+06 1.14312e+06 1.20293e+06 846112 684376 395429 199063 105414 105653 132100 123289 138072 209741 186192 262884 370957 288000
Ftot
 0.495235 0.781866 1.78466 0.924567 0.242121 1.71334 1.54131 1.80065 2.09093 1.4098 1.98075 1.6721 2.78572 4.95303 4.95303 2.48811 2.30332 1.75064 1.22747 1.64997 0.874009 0.962153 1.19394 1.18576 1.5242
BD_Bspro_t
 0.941947 0.66062 0.524967 0.193961 0.253026 0.514857 0.398263 0.491929 0.414225 0.396029 0.436363 0.301801 0.210448 0.143375 0.0833889 0.0718861 0.0895712 0.149206 0.232452 0.263705 0.342664 0.478666 0.479789 0.485936 0.43028
BD_Bspro
 1.67296 0.664769 0.562148 0.238651 0.190301 0.497469 0.562186 1.0039 0.888622 0.975735 1.33851 0.983447 0.606185 0.340849 0.16275 0.112381 0.100618 0.123702 0.164668 0.153406 0.194332 0.263857 0.315472 0.44092 0.473975
BD_Bo
 0.939589 0.373355 0.31572 0.134034 0.106879 0.279394 0.315741 0.56382 0.499078 0.548003 0.751748 0.552335 0.340453 0.191431 0.0914055 0.0631167 0.05651 0.0694749 0.0924826 0.0861574 0.109143 0.14819 0.177179 0.247635 0.266199
BD_Brms
 2.52782 1.00446 0.849398 0.360597 0.287542 0.751669 0.849455 1.51687 1.34269 1.47432 2.02246 1.48597 0.915936 0.515018 0.245913 0.169806 0.152032 0.186912 0.24881 0.231794 0.293633 0.398683 0.476673 0.666224 0.716169
S_f
 0.0768627 0.690658 0.983571 0.999377 0.999977
 0.0768627 0.690658 0.983571 0.999377 0.999977
 0.0768627 0.690658 0.983571 0.999377 0.999977
 0.0768627 0.690658 0.983571 0.999377 0.999977
 0.0768627 0.690658 0.983571 0.999377 0.999977
 0.0768627 0.690658 0.983571 0.999377 0.999977
 0.0768627 0.690658 0.983571 0.999377 0.999977
 0.0768627 0.690658 0.983571 0.999377 0.999977
 0.0768627 0.690658 0.983571 0.999377 0.999977
 0.0768627 0.690658 0.983571 0.999377 0.999977
 0.0768627 0.690658 0.983571 0.999377 0.999977
 0.0768627 0.690658 0.983571 0.999377 0.999977
 0.0768627 0.690658 0.983571 0.999377 0.999977
 0.0768627 0.690658 0.983571 0.999377 0.999977
 0.0768627 0.690658 0.983571 0.999377 0.999977
 0.0768627 0.690658 0.983571 0.999377 0.999977
 0.0768627 0.690658 0.983571 0.999377 0.999977
 0.0768627 0.690658 0.983571 0.999377 0.999977
 0.0768627 0.690658 0.983571 0.999377 0.999977
 0.0768627 0.690658 0.983571 0.999377 0.999977
 0.0768627 0.690658 0.983571 0.999377 0.999977
 0.0768627 0.690658 0.983571 0.999377 0.999977
 0.0768627 0.690658 0.983571 0.999377 0.999977
 0.0768627 0.690658 0.983571 0.999377 0.999977
 0.0768627 0.690658 0.983571 0.999377 0.999977
Scru_reclas
 0.169869 0.507345 0.838258 0.963076 0.992439
 0.169869 0.507345 0.838258 0.963076 0.992439
 0.169869 0.507345 0.838258 0.963076 0.992439
 0.169869 0.507345 0.838258 0.963076 0.992439
 0.169869 0.507345 0.838258 0.963076 0.992439
 0.169869 0.507345 0.838258 0.963076 0.992439
 0.169869 0.507345 0.838258 0.963076 0.992439
 0.169869 0.507345 0.838258 0.963076 0.992439
 0.169869 0.507345 0.838258 0.963076 0.992439
 0.169869 0.507345 0.838258 0.963076 0.992439
 0.169869 0.507345 0.838258 0.963076 0.992439
 0.169869 0.507345 0.838258 0.963076 0.992439
 0.169869 0.507345 0.838258 0.963076 0.992439
 0.169869 0.507345 0.838258 0.963076 0.992439
 0.169869 0.507345 0.838258 0.963076 0.992439
 0.169869 0.507345 0.838258 0.963076 0.992439
 0.169869 0.507345 0.838258 0.963076 0.992439
 0.169869 0.507345 0.838258 0.963076 0.992439
 0.169869 0.507345 0.838258 0.963076 0.992439
 0.169869 0.507345 0.838258 0.963076 0.992439
 0.169869 0.507345 0.838258 0.963076 0.992439
 0.169869 0.507345 0.838258 0.963076 0.992439
 0.169869 0.507345 0.838258 0.963076 0.992439
 0.169869 0.507345 0.838258 0.963076 0.992439
 0.169869 0.507345 0.838258 0.963076 0.992439
Scru_pelaces
 0.142481 0.455395 0.807997 0.954911 0.990705
 0.142481 0.455395 0.807997 0.954911 0.990705
 0.142481 0.455395 0.807997 0.954911 0.990705
 0.142481 0.455395 0.807997 0.954911 0.990705
 0.142481 0.455395 0.807997 0.954911 0.990705
 0.142481 0.455395 0.807997 0.954911 0.990705
 0.142481 0.455395 0.807997 0.954911 0.990705
 0.142481 0.455395 0.807997 0.954911 0.990705
 0.142481 0.455395 0.807997 0.954911 0.990705
 0.142481 0.455395 0.807997 0.954911 0.990705
 0.142481 0.455395 0.807997 0.954911 0.990705
 0.142481 0.455395 0.807997 0.954911 0.990705
 0.142481 0.455395 0.807997 0.954911 0.990705
 0.142481 0.455395 0.807997 0.954911 0.990705
 0.142481 0.455395 0.807997 0.954911 0.990705
 0.142481 0.455395 0.807997 0.954911 0.990705
 0.142481 0.455395 0.807997 0.954911 0.990705
 0.142481 0.455395 0.807997 0.954911 0.990705
 0.142481 0.455395 0.807997 0.954911 0.990705
 0.142481 0.455395 0.807997 0.954911 0.990705
 0.142481 0.455395 0.807997 0.954911 0.990705
 0.142481 0.455395 0.807997 0.954911 0.990705
 0.142481 0.455395 0.807997 0.954911 0.990705
 0.142481 0.455395 0.807997 0.954911 0.990705
 0.142481 0.455395 0.807997 0.954911 0.990705
pf_obs 
 0.256992 0.487395 0.22802 0.0275931 0
 0.321318 0.546541 0.124235 0.00734118 0.000564706
 0.182869 0.594174 0.210203 0.0122559 0.00049798
 0.330522 0.361315 0.267642 0.0388342 0.00168674
 0.649043 0.306663 0.0425973 0.00169635 0
 0.582887 0.30429 0.105238 0.00758474 0
 0.465427 0.430635 0.0974691 0.00646863 0
 0.296916 0.608066 0.0921331 0.00288517 0
 0.311714 0.524322 0.152257 0.0117073 0
 0.15457 0.633149 0.183074 0.0267441 0.00246327
 0.131901 0.49318 0.331252 0.0422183 0.00144891
 0.196976 0.569456 0.194076 0.0375587 0.00193317
 0.518974 0.381816 0.0799577 0.0180837 0.00116848
 0.0928022 0.601141 0.25162 0.0475244 0.00691264
 0.122501 0.610282 0.24278 0.0234846 0.000952079
 0.383417 0.481906 0.127806 0.00687128 0
 0.0376549 0.599619 0.316969 0.0457579 0
 0.0361596 0.667082 0.258105 0.0386534 0
 0.158088 0.579412 0.248529 0.0139706 0
 0.0477256 0.309471 0.559284 0.082774 0.000745712
 0.0406174 0.521527 0.379366 0.0568643 0.0016247
 0.151134 0.462217 0.34131 0.0453401 0
 0.294876 0.26143 0.354403 0.0886775 0.000613685
 0.281977 0.475581 0.204845 0.0348837 0.00271318
 0.0354234 0.537034 0.353287 0.0723622 0.0018943
pf_pred 
 0.0551116 0.629864 0.277873 0.0371454 5.54728e-06
 0.234496 0.269156 0.374541 0.107696 0.0141109
 0.0212374 0.785327 0.0909086 0.0778085 0.0247188
 0.148838 0.211076 0.57104 0.033056 0.035989
 0.496432 0.349394 0.0546318 0.0890426 0.0104994
 0.105896 0.803765 0.0696931 0.00740095 0.013245
 0.503365 0.315681 0.171274 0.00752672 0.00215308
 0.247721 0.708795 0.0334241 0.00953809 0.000521915
 0.28645 0.596604 0.113518 0.00265584 0.000771572
 0.358457 0.562491 0.0724525 0.00641297 0.000186163
 0.181458 0.722983 0.0888239 0.00618779 0.000546661
 0.170381 0.653859 0.165367 0.00968642 0.000707248
 0.29141 0.547237 0.14194 0.018301 0.00111198
 0.264305 0.679102 0.0507742 0.00514872 0.000670713
 0.25138 0.721192 0.026938 0.000443596 4.68942e-05
 0.297297 0.672228 0.030221 0.000249362 4.18856e-06
 0.244603 0.678345 0.0756064 0.00143456 1.15131e-05
 0.304366 0.599339 0.0916956 0.00451653 8.28459e-05
 0.200293 0.693209 0.098544 0.0075869 0.000367615
 0.251298 0.565844 0.168337 0.0134645 0.0010565
 0.307268 0.575437 0.100584 0.0154243 0.0012869
 0.230872 0.630992 0.122993 0.0130299 0.0021129
 0.292397 0.542417 0.146196 0.0169548 0.00203523
 0.218437 0.653255 0.109449 0.0167439 0.002115
 0.0245713 0.754418 0.198916 0.0189234 0.00317091
pobs_RECLAS
 0 0 0 0 0
 0 0 0 0 0
 0 0 0 0 0
 0 0 0 0 0
 0.835266 0.146461 0.0176864 0.000547809 3.91292e-05
 0.385257 0.428462 0.181853 0.0044286 0
 0.867414 0.0963971 0.0333333 0.00285562 0
 0.441836 0.489002 0.0689373 0.000224442 0
 0.779404 0.147425 0.0564933 0.0165055 0.000172143
 0.814271 0.122319 0.05973 0.00367925 0
 0.40263 0.566651 0.0304383 0.000280538 0
 0.475488 0.404961 0.113038 0.00651328 0
 0.955842 0.0263864 0.0167828 0.000988607 0
 0.975058 0.0227948 0.00214734 0 0
 0.738997 0.206755 0.0527124 0.00153531 0
 0.850938 0.134255 0.0134407 0.00136685 0
 0.542534 0.407297 0.0501686 0 0
 0.764087 0.199537 0.0359546 0.000420521 0
 0.470689 0.182191 0.310203 0.0369168 0
 0.84361 0.089868 0.0606195 0.00523954 0.000663233
 0.607945 0.314616 0.071237 0.00620181 0
 0.523733 0.453247 0.0230204 0 0
 0.530135 0.295979 0.169645 0.0042399 0
 0.562478 0.366248 0.0663022 0.0049721 0
 0.250443 0.683176 0.0655157 0.000865301 0
ppred_RECLAS
 0.145446 0.540368 0.272953 0.0412264 6.34046e-06
 0.463578 0.170045 0.267729 0.0869199 0.0117282
 0.0670017 0.728935 0.0895962 0.0862529 0.0282143
 0.333075 0.149508 0.454441 0.0296893 0.0332868
 0.735369 0.170366 0.0307439 0.0566425 0.00687841
 0.28347 0.637468 0.0590163 0.0070514 0.012994
 0.765256 0.144519 0.0847934 0.00419581 0.0012359
 0.52722 0.443109 0.0221589 0.00711178 0.000400692
 0.583315 0.346171 0.0681868 0.00179159 0.000535901
 0.644238 0.308015 0.0432997 0.00431787 0.000129071
 0.433104 0.497561 0.0638801 0.00500055 0.000454862
 0.404418 0.461663 0.125056 0.00824343 0.000619756
 0.611633 0.301082 0.0756855 0.0109166 0.000682834
 0.662919 0.31705 0.0177777 0.00198712 0.000266333
 0.64546 0.34469 0.00965564 0.000175266 1.9063e-05
 0.608551 0.374485 0.0168058 0.000155397 2.68727e-06
 0.537425 0.414627 0.0469407 0.000999126 8.25554e-06
 0.594771 0.345735 0.0563146 0.00312039 5.8935e-05
 0.443624 0.475008 0.0745716 0.00647286 0.000322969
 0.524583 0.352103 0.11238 0.0101166 0.000817367
 0.576713 0.343047 0.067544 0.0116914 0.00100453
 0.481311 0.415263 0.0907636 0.0108507 0.00181196
 0.564233 0.324693 0.0968443 0.0126641 0.00156542
 0.468587 0.434992 0.080691 0.0139195 0.00181058
 0.0755533 0.699625 0.199733 0.0213968 0.0036919
pobs_PELACES
 0 0 0 0 0
 0 0 0 0 0
 0 0 0 0 0
 0 0 0 0 0
 0 0 0 0 0
 0 0 0 0 0
 0 0 0 0 0
 0 0 0 0 0
 0 0 0 0 0
 0 0 0 0 0
 0.450072 0.473896 0.0757376 0.000293798 0
 0 0 0 0 0
 0.463077 0.371075 0.160297 0.00555027 0
 0.529543 0.364841 0.0842815 0.0213345 0
 0.631943 0.363953 0.00410389 0 0
 0.735681 0.248677 0.0153453 0.000297389 0
 0.695825 0.281241 0.0229344 0 0
 0.275771 0.60734 0.115278 0.00161068 0
 0 0 0 0 0
 0.896147 0.0623911 0.0374545 0.00400742 0
 0.803859 0.145111 0.0509908 3.86294e-05 0
 0.739449 0.233085 0.0266225 0.000797448 4.60066e-05
 0.878498 0.100942 0.0204185 0.000141795 0
 0.694673 0.275183 0.0284847 0.00165964 0
 0.469039 0.446079 0.0841089 0.000773354 0
ppred_PELACES
 0.148276 0.533254 0.275734 0.0427294 6.61556e-06
 0.48574 0.162745 0.255132 0.084857 0.0115258
 0.0893945 0.725042 0.0805364 0.079014 0.0260127
 0.362768 0.144498 0.43133 0.0288475 0.0325565
 0.726918 0.171596 0.0324837 0.0614852 0.00751681
 0.345543 0.587728 0.0495121 0.00603121 0.0111857
 0.810736 0.119909 0.0650931 0.00328676 0.00097441
 0.601517 0.375673 0.0169513 0.00554404 0.000314371
 0.671065 0.279036 0.0482215 0.00128918 0.000388076
 0.694195 0.266952 0.0351649 0.00358073 0.000107733
 0.519491 0.427595 0.0486797 0.00387956 0.000355151
 0.475805 0.414262 0.10252 0.00689119 0.000521436
 0.729383 0.218544 0.0450682 0.00659028 0.000414793
 0.836424 0.156975 0.00585598 0.000656144 8.84527e-05
 0.824037 0.17268 0.00321822 5.85575e-05 6.40603e-06
 0.707686 0.281544 0.0106677 0.000100158 1.74293e-06
 0.637232 0.32996 0.0321076 0.000694595 5.7756e-06
 0.664671 0.290031 0.0428329 0.00241919 4.59856e-05
 0.490226 0.438073 0.0655899 0.00581902 0.000292244
 0.595448 0.306195 0.0894746 0.00821441 0.000667968
 0.603555 0.321861 0.06254 0.0110849 0.000958708
 0.514 0.390539 0.0835236 0.0102199 0.00171787
 0.608913 0.294431 0.0840255 0.0112325 0.00139756
 0.513406 0.40113 0.0712523 0.0125656 0.00164517
 0.0956956 0.696411 0.184252 0.0201433 0.00349813
pobs_pel_tallas
 0 0 0 0 0 0 0 0 0 0 0 0 0 0 0 0 0 0 0 0 0 0 0 0 0 0 0 0 0 0 0 0 0 0 0 0
 0 0 0 0 0 0 0 0 0 0 0 0 0 0 0 0 0 0 0 0 0 0 0 0 0 0 0 0 0 0 0 0 0 0 0 0
 0 0 0 0 0 0 0 0 0 0 0 0 0 0 0 0 0 0 0 0 0 0 0 0 0 0 0 0 0 0 0 0 0 0 0 0
 0 0 0 0 0 0 0 0 0 0 0 0 0 0 0 0 0 0 0 0 0 0 0 0 0 0 0 0 0 0 0 0 0 0 0 0
 0 0 0 0 0 0 0 0 0 0 0 0 0 0 0 0 0 0 0 0 0 0 0 0 0 0 0 0 0 0 0 0 0 0 0 0
 0 0 0 0 0 0 0 0 0 0 0 0 0 0 0 0 0 0 0 0 0 0 0 0 0 0 0 0 0 0 0 0 0 0 0 0
 0 0 0 0 0 0 0 0 0 0 0 0 0 0 0 0 0 0 0 0 0 0 0 0 0 0 0 0 0 0 0 0 0 0 0 0
 0 0 0 0 0 0 0 0 0 0 0 0 0 0 0 0 0 0 0 0 0 0 0 0 0 0 0 0 0 0 0 0 0 0 0 0
 0 0 0 0 0 0 0 0 0 0 0 0 0 0 0 0 0 0 0 0 0 0 0 0 0 0 0 0 0 0 0 0 0 0 0 0
 0 0 0 0 0 0 0 0 0 0 0 0 0 0 0 0 0 0 0 0 0 0 0 0 0 0 0 0 0 0 0 0 0 0 0 0
 0 0 0 0 0 0 0 0 1.78061e-05 0.00172719 0.00360574 0.0105946 0.0120993 0.0124554 0.0147524 0.0171206 0.0266825 0.0428682 0.0675386 0.121331 0.153587 0.119568 0.100827 0.0573624 0.0630603 0.0341343 0.0324427 0.0444173 0.0211091 0.0280891 0.0125444 0.00206551 0 0 0 0
 0 0 0 0 0 0 0 0 0 0 0 0 0 0 0 0 0 0 0 0 0 0 0 0 0 0 0 0 0 0 0 0 0 0 0 0
 0 0 0 0 0 0 0.0133647 0.0140871 0.0187388 0.0205184 0.03894 0.0496705 0.03968 0.0493445 0.0407372 0.0367815 0.0215668 0.0243155 0.0234873 0.0199281 0.019796 0.0243948 0.0301388 0.0376714 0.0412746 0.0863199 0.0771752 0.113111 0.0741005 0.0525337 0.0229764 0.00759418 0.00175318 0 0 0
 0 0 0 0 0 0 0 0 0 0 0.00219441 0.00772107 0.0458388 0.0604681 0.0671733 0.0775358 0.0609151 0.0617685 0.073594 0.0568108 0.0755445 0.0548602 0.0670107 0.0636378 0.0643287 0.046367 0.0373049 0.0286899 0.0247887 0.0153202 0.00654259 0.00121912 0.000365735 0 0 0
 0 0 0 0 0 0 0 0 0 0 0 0 0.000112435 0.00938835 0.0111873 0.0202946 0.0414886 0.0713402 0.111592 0.104902 0.108894 0.110636 0.117776 0.105296 0.107544 0.0401394 0.0192827 0.0124803 0.00416011 0.0028671 0.000618394 0 0 0 0 0
 0 0 0 0 0 0 0 0 0 0 0.00291406 0.0102884 0.027416 0.0768956 0.0749926 0.110853 0.0956884 0.0897413 0.0766577 0.0534642 0.0500743 0.0551293 0.0594112 0.0620874 0.0668451 0.0424026 0.0208742 0.0120726 0.0048766 0.00582813 0.00118941 0.000297354 0 0 0 0
 0 0.00264628 0.0354308 0.0461629 0.0458689 0.0383711 0.0214643 0.0164657 0.0346957 0.0420465 0.0363128 0.0245516 0.0311673 0.0291091 0.0169068 0.0133784 0.00837989 0.0085269 0.0148486 0.0160247 0.0276389 0.0546898 0.0760071 0.122758 0.109233 0.0665981 0.0333725 0.0166128 0.00676272 0.00308733 0.000882094 0 0 0 0 0
 0 0 0 0 0 0 0 0.000805153 0.000690131 0.00759144 0.0133425 0.0154129 0.00931677 0.000345066 0.00356568 0.00563607 0.00851162 0.0253048 0.0502646 0.0516448 0.0657925 0.0565908 0.0611916 0.0827007 0.0866115 0.110766 0.145733 0.0935128 0.0569358 0.0249597 0.0138026 0.00621118 0.00161031 0.00115022 0 0
 0 0 0 0 0 0 0 0 0 0 0 0 0 0 0 0 0 0 0 0 0 0 0 0 0 0 0 0 0 0 0 0 0 0 0 0
 0.00147267 0.00158595 0.00478618 0.00569244 0.00954404 0.0108468 0.00647125 0.017049 0.0510054 0.094081 0.124002 0.0959785 0.0687766 0.0820023 0.061753 0.0591476 0.0492212 0.0479892 0.0443925 0.0268479 0.0217502 0.0140895 0.0121071 0.0120363 0.00920419 0.00665534 0.0049561 0.00860946 0.00930331 0.0156896 0.0114698 0.00855282 0.00243557 0.00046729 0 2.83206e-05
 0 0 0 0 0.000772559 0.00158375 0.000888443 0.00281984 0.00712685 0.0440552 0.0773331 0.111326 0.0921469 0.0852325 0.0710754 0.0886704 0.0786465 0.0553345 0.0373146 0.0185414 0.00753245 0.00457741 0.012979 0.0271748 0.0457355 0.0583668 0.034881 0.0177882 0.00938659 0.00492506 0.0015258 0.00185414 0.000309023 5.79419e-05 3.86279e-05 0
 0 0.00173294 0.00326652 0 0.00397197 0.00683976 0.00946217 0.0152591 0.00757587 0.0136028 0.0228656 0.0392903 0.0559909 0.0764795 0.0681675 0.0726916 0.0566044 0.0477403 0.0527397 0.0444891 0.0609904 0.0582453 0.0661739 0.0445044 0.0529084 0.0360697 0.0280645 0.0235558 0.0158879 0.00826598 0.00280645 0.00217768 0.000904811 0.00058276 9.20147e-05 0
 0 0 0 0 0 0 0 0 0 0 0 0 0 0 0 0 0 0 0 0 0 0 0 0 0 0 0 0 0 0 0 0 0 0 0 0
 0 0 0 0 0 0 0 0 0 0 0 0 0 0 0 0 0 0 0 0 0 0 0 0 0 0 0 0 0 0 0 0 0 0 0 0
 0 0 0 0 0 0 0 0 0 0 0 0 0 0 0 0 0 0 0 0 0 0 0 0 0 0 0 0 0 0 0 0 0 0 0 0
ppred_pel_tallas
 1.05557e-16 6.50044e-06 3.8074e-05 0.000180824 0.000695908 0.00216987 0.00548149 0.01122 0.0186142 0.0250463 0.0273818 0.0244535 0.0181616 0.0119269 0.00827541 0.00789643 0.0103344 0.0149513 0.0212952 0.0289884 0.0375309 0.0462217 0.0542166 0.0606743 0.0649303 0.0666335 0.0658043 0.0627913 0.0581547 0.0525166 0.0464335 0.0403221 0.034447 0.0289514 0.0239056 0.019348
 1.0713e-16 2.12003e-05 0.00012441 0.000591349 0.00227666 0.00709949 0.0179328 0.0366935 0.060826 0.0816952 0.0889204 0.0784814 0.0562835 0.0330598 0.0164489 0.00795335 0.00532112 0.0058944 0.00806442 0.0111393 0.0148275 0.0189141 0.023154 0.0272723 0.031001 0.0341152 0.0364557 0.0379307 0.0385054 0.0381852 0.0370057 0.0350313 0.0323617 0.0291358 0.0255304 0.0217468
 1.0531e-16 3.94009e-06 2.30264e-05 0.00010925 0.00042027 0.00131027 0.00331042 0.0067792 0.0112586 0.0151846 0.0166942 0.0151306 0.0117148 0.00862046 0.00751722 0.00899105 0.01293 0.0190545 0.0270784 0.0365864 0.0468919 0.0570172 0.0658171 0.0722004 0.075377 0.0750432 0.0714468 0.0653011 0.05759 0.0493267 0.0413479 0.0341978 0.0281128 0.0230858 0.018967 0.0155602
 1.08683e-16 1.58379e-05 9.2928e-05 0.000441683 0.00170041 0.00530248 0.0133937 0.0274061 0.045432 0.0610242 0.0664334 0.0586636 0.0421354 0.0248815 0.0126313 0.0065411 0.00497194 0.00598884 0.00844203 0.0118605 0.0160564 0.0208732 0.0260966 0.0314496 0.0366188 0.0412871 0.0451627 0.047999 0.0496092 0.0498779 0.0487737 0.0463594 0.0427976 0.0383403 0.0333046 0.0280348
 1.02982e-16 3.17166e-05 0.00018615 0.000884872 0.0034068 0.0106238 0.0268349 0.0549077 0.0910158 0.122232 0.133014 0.117331 0.0839962 0.0490344 0.0238232 0.0105396 0.00572643 0.00531175 0.00679884 0.00908539 0.0117084 0.0143743 0.0168073 0.0187499 0.0200093 0.0204976 0.0202463 0.0193873 0.0181102 0.01661 0.0150444 0.0135126 0.0120556 0.0106742 0.00935202 0.00807522
 1.01625e-16 1.51038e-05 8.85799e-05 0.000420926 0.00162035 0.00505271 0.0127633 0.0261194 0.0433111 0.0582115 0.0634668 0.0562702 0.040908 0.0251408 0.0145668 0.0104426 0.0113398 0.0154679 0.0216372 0.0291014 0.0371646 0.0449886 0.0516263 0.056187 0.0580362 0.0569483 0.053161 0.0473037 0.0402355 0.0328426 0.0258633 0.0197852 0.0148259 0.0109812 0.00810658 0.00599946
 1.01122e-16 3.53696e-05 0.0002076 0.000986858 0.00379949 0.0118484 0.029928 0.0612362 0.101504 0.136311 0.148318 0.130789 0.0935417 0.0544271 0.0261075 0.0109788 0.00515342 0.0040667 0.00493045 0.00654062 0.00843946 0.0103873 0.0121786 0.0136208 0.0145634 0.0149266 0.0147145 0.0140062 0.0129289 0.0116246 0.0102217 0.00881691 0.00747304 0.00622467 0.00508889 0.00407431
 1.00569e-16 2.62569e-05 0.000154078 0.000732354 0.0028195 0.00879226 0.0222088 0.045444 0.0753355 0.101194 0.110175 0.0973136 0.0699468 0.0413989 0.0211689 0.0111555 0.00858976 0.0101593 0.0137843 0.0184355 0.0234948 0.0283832 0.0324866 0.0352357 0.03623 0.0353344 0.0327133 0.028784 0.0241112 0.0192752 0.0147579 0.0108757 0.00776625 0.00542004 0.00373352 0.00256339
 1.00838e-16 2.92857e-05 0.000171868 0.00081695 0.00314525 0.00980812 0.0247747 0.0506932 0.0840334 0.112866 0.12285 0.108432 0.077771 0.0456941 0.0227481 0.0109934 0.00728608 0.00789679 0.0105132 0.0140563 0.0179749 0.0218206 0.0251333 0.027484 0.0285614 0.0282442 0.026627 0.0239899 0.0207233 0.0172361 0.0138739 0.0108722 0.00834622 0.00631201 0.00472194 0.00350017
 1.00715e-16 3.02937e-05 0.000177787 0.000845094 0.00325361 0.0101461 0.0256282 0.0524396 0.0869276 0.116751 0.127073 0.112146 0.0804065 0.0471846 0.0233823 0.0111201 0.00713475 0.00755978 0.0100005 0.0133472 0.0170476 0.0206656 0.0237605 0.0259233 0.0268606 0.0264623 0.024827 0.022231 0.019056 0.0156988 0.0124929 0.0096626 0.00731368 0.00545425 0.00403003 0.00295971
 1.00981e-16 2.26823e-05 0.000133087 0.000632551 0.00243521 0.00759386 0.0191818 0.039251 0.0650721 0.0874178 0.095201 0.084148 0.0606151 0.0361402 0.0189675 0.0107851 0.00924948 0.011535 0.0158513 0.0212712 0.0271708 0.0329123 0.0378002 0.0411824 0.0425918 0.0418572 0.0391434 0.0349006 0.029748 0.0243277 0.0191785 0.0146609 0.0109425 0.00803166 0.00583456 0.00421329
 1.01852e-16 2.0777e-05 0.000121902 0.000579378 0.00223049 0.00695544 0.0175692 0.0359514 0.0596028 0.080073 0.0872093 0.0771011 0.0555759 0.0332103 0.017568 0.010211 0.00901094 0.0113975 0.015744 0.021206 0.0272043 0.0331334 0.0383224 0.0421311 0.0440861 0.0439874 0.0419492 0.0383567 0.0337597 0.0287395 0.0237934 0.0192662 0.0153374 0.01205 0.00935998 0.0071849
 1.00957e-16 3.18261e-05 0.000186788 0.000887895 0.00341843 0.01066 0.0269264 0.0550955 0.0913283 0.122656 0.133486 0.117772 0.0843654 0.0493581 0.0241818 0.0110386 0.00647548 0.0064146 0.00834322 0.0111257 0.014243 0.0173249 0.0200084 0.0219564 0.0229222 0.0228054 0.0216722 0.019732 0.0172804 0.014628 0.012038 0.00969088 0.0076768 0.00601223 0.00466702 0.00359096
 1.00162e-16 3.6491e-05 0.000214181 0.00101814 0.00391992 0.0122239 0.0308766 0.0631773 0.104722 0.140635 0.153029 0.134958 0.0965542 0.0562418 0.0270919 0.0115844 0.00571303 0.00476598 0.00585177 0.00769767 0.00978526 0.0118108 0.0135061 0.0146316 0.0150203 0.0146167 0.0134912 0.0118202 0.00984191 0.00780105 0.00590083 0.00427459 0.00298023 0.0020132 0.00132891 0.000865577
 1.00105e-16 3.59515e-05 0.000211012 0.00100307 0.00386189 0.012043 0.0304196 0.0622423 0.103173 0.138556 0.150771 0.132977 0.0951583 0.0554723 0.0268029 0.0116005 0.00592544 0.00514004 0.00639472 0.00842674 0.0107076 0.0129124 0.0147478 0.0159511 0.0163397 0.0158546 0.0145762 0.0127018 0.0104967 0.00823291 0.00613593 0.00435302 0.00294718 0.00191144 0.00119393 0.000723483
 1.00247e-16 3.08825e-05 0.000181243 0.000861519 0.00331685 0.0103433 0.0261264 0.0534589 0.0886175 0.119021 0.129545 0.114332 0.0819806 0.0481228 0.0238732 0.0113948 0.00736108 0.0078277 0.0103471 0.013777 0.0175388 0.0211705 0.0242059 0.0262176 0.0269061 0.0261721 0.0241421 0.0211331 0.0175731 0.0139017 0.0104845 0.00756129 0.00523666 0.00350273 0.00227946 0.00145566
 1.00588e-16 2.78124e-05 0.000163214 0.000775798 0.00298678 0.00931394 0.0235265 0.0481398 0.0798024 0.107189 0.116685 0.103027 0.0739717 0.0436175 0.0220026 0.0111101 0.00797985 0.00908577 0.012228 0.016349 0.0208608 0.025245 0.0289597 0.0315017 0.0325124 0.0318636 0.0296876 0.0263382 0.0222997 0.0180733 0.0140791 0.0105972 0.00775625 0.00555958 0.00392989 0.00275471
 1.00788e-16 2.90073e-05 0.000170233 0.000809174 0.0031153 0.00971473 0.0245388 0.0502107 0.0832339 0.111793 0.121685 0.107411 0.0770552 0.0453058 0.0226144 0.0110273 0.00743566 0.00814856 0.0108746 0.0145377 0.0185782 0.0225323 0.0259226 0.0283042 0.0293565 0.0289574 0.027211 0.0244142 0.0209788 0.0173338 0.0138411 0.0107452 0.00816323 0.00610717 0.00452167 0.00332181
 1.01288e-16 2.14067e-05 0.000125597 0.000596939 0.0022981 0.00716626 0.0181018 0.0370412 0.0614097 0.0825011 0.0898553 0.0794438 0.057272 0.0342383 0.0181369 0.0105778 0.00936707 0.0118518 0.0163466 0.0219664 0.0280944 0.0340844 0.0392255 0.0428476 0.044466 0.0438956 0.0412919 0.0371012 0.031943 0.026463 0.0212054 0.0165377 0.0126364 0.0095195 0.00710468 0.00526552
 1.01684e-16 2.59896e-05 0.000152514 0.000724936 0.00279096 0.00870327 0.021984 0.0449835 0.0745703 0.100162 0.109037 0.0962768 0.0691327 0.0407796 0.0206014 0.0104568 0.00758818 0.00871233 0.0117883 0.0158449 0.0203498 0.0248329 0.0287945 0.0317592 0.0333718 0.0334753 0.0321423 0.0296432 0.0263702 0.0227408 0.0191145 0.0157433 0.0127628 0.0102131 0.00807381 0.00629764
 1.01419e-16 2.63437e-05 0.000154592 0.000734809 0.00282897 0.0088218 0.0222834 0.0455962 0.0755863 0.101527 0.110525 0.0975956 0.0700896 0.0413638 0.0209321 0.010681 0.00781615 0.00900797 0.0121816 0.0163413 0.0209309 0.025454 0.0293856 0.0322311 0.033629 0.0334332 0.0317438 0.0288718 0.0252546 0.0213506 0.0175481 0.0141114 0.0111715 0.00874977 0.0067988 0.00524199
 1.01745e-16 2.24415e-05 0.000131676 0.00062585 0.00240943 0.00751346 0.0189787 0.0388351 0.0643818 0.0864879 0.0941818 0.0832316 0.0599214 0.0356595 0.0185939 0.0103847 0.00870536 0.0107586 0.0147826 0.0198848 0.0254883 0.0310143 0.0358296 0.0393333 0.041084 0.0409004 0.038899 0.0354518 0.0310851 0.0263521 0.0217228 0.0175195 0.0139046 0.0109092 0.00848152 0.00653399
 1.0174e-16 2.65762e-05 0.00015596 0.000741317 0.00285404 0.00889998 0.0224808 0.046 0.0762548 0.102422 0.111494 0.098435 0.0706587 0.0416319 0.0209434 0.0104854 0.00742925 0.00841125 0.0113434 0.01524 0.0195734 0.0238882 0.027704 0.0305645 0.0321286 0.0322462 0.0309871 0.0286109 0.0254938 0.0220352 0.0185783 0.0153629 0.0125167 0.0100763 0.00802089 0.00630494
 1.01651e-16 2.2416e-05 0.000131526 0.000625133 0.00240666 0.00750483 0.0189569 0.0387906 0.0643083 0.0863901 0.0940776 0.083145 0.0598708 0.035653 0.0186333 0.0104736 0.00885322 0.010979 0.0150888 0.0202835 0.025974 0.0315657 0.0364083 0.0398872 0.0415544 0.0412322 0.039051 0.0354048 0.0308453 0.0259489 0.0212029 0.0169375 0.0133138 0.0103543 0.00799405 0.00613097
 1.03698e-16 4.21408e-06 2.46366e-05 0.000116909 0.000449765 0.00140225 0.00354273 0.00725434 0.0120456 0.0162394 0.0178368 0.0161259 0.0124001 0.00896625 0.00758569 0.0088563 0.0126317 0.0185988 0.0264612 0.0358174 0.0460112 0.0561027 0.06498 0.0715687 0.0750686 0.0751342 0.0719447 0.0661308 0.0585988 0.050309 0.0420835 0.0344942 0.0278412 0.0222022 0.0175148 0.0136554
pSPR Fmed_Fpbrs
0.342763   0.421699 0.421699
Fs Fmed_Fpbrs
1.48014   1.005 1.005
SSBpbr Bo_Bmed_Bpbrs
743539  217681  276372 276372
Ro
20333
SPR SPRFo_SPRFmed_SPRFpbrs
417595 143136 176099
log_Ro
9.74
likeval ReclasPelacesDesembMPH_pf_preclas_ppelaces_ptallas_desvR_qrecl_qpela
 72.6875 13.5091 0.203246 0.000159409 339.974 193.65 82.9324 0 33.69 8.36938e-05 0.000511156 0 0 0 0
q_reclas_q_pelaces
3.65601 24.9418
M
0.7
N
 14252.2 20638.9 6784.37 895.394 0.133654
 43640 6813.12 7280.05 2069.95 271.1
 3239.67 20407 1971.6 1675.51 532.147
 7026.83 1402.56 2954.39 169.231 184.174
 38898.4 3250.05 367.784 590.913 69.6398
 14884.1 18960.2 1365.4 143.934 257.519
 63850.6 6479.23 2883.52 125.714 35.9509
 57594.8 28164.9 1109.69 314.435 17.201
 65975.8 24904 4032.74 93.7632 27.2337
 113069 27898.5 2918.03 256.113 7.43241
 71319.6 50382 5232.47 362.138 31.9854
 47633.8 30414.7 6370.06 370.342 27.0327
 53678.1 20801.4 4759.18 610.779 37.105
 29387.5 21517.9 1508.39 152.609 19.8783
 12198.1 9972.86 349.251 5.73814 0.60655
 9362.16 4139.51 161.866 1.32861 0.0223124
 7331.1 3839.85 368.668 6.95551 0.0558099
 9156.74 3049.83 388.534 18.9995 0.34841
 7606.74 3974.63 452.031 34.4843 1.67033
 9218.03 3437.31 845.495 67.1174 5.2649
 15483.1 4032.31 546.14 82.852 6.90982
 18523.8 7189.15 1094.94 114.804 18.6092
 30736.3 8542.94 1836.85 211.053 25.3256
 31134.8 13924.8 1859.86 281.882 35.5935
 2851.58 14114.3 3048.71 287.717 48.197
pred_Ctot
 383.668 4384.89 1934.46 258.593 0.0386182
 1836.9 2108.41 2933.93 843.63 110.536
 301.017 11131.1 1288.53 1102.85 350.362
 348.085 493.64 1335.48 77.3073 84.1667
 516.347 363.41 56.8234 92.6146 10.9206
 1330.85 10101.3 875.867 93.0113 166.457
 5165.33 3239.39 1757.55 77.2362 22.0941
 5396.56 15440.9 728.137 207.785 11.3698
 7109.89 14808.1 2817.6 65.9197 19.151
 8403.16 13186.2 1698.47 150.336 4.36415
 7307.3 29114.4 3576.93 249.181 22.014
 4162.3 15973.4 4039.82 236.634 17.2777
 7533.02 14146.2 3669.18 473.086 28.7451
 6839.29 17572.8 1313.86 133.231 17.3557
 2838.83 8144.42 304.211 5.00953 0.529577
 1184.98 2679.39 120.456 0.993917 0.0166949
 864.22 2396.7 267.129 5.06854 0.0406777
 835.529 1645.27 251.718 12.3985 0.227424
 495.216 1713.93 243.647 18.7584 0.908916
 795.408 1791.01 532.819 42.6179 3.34402
 726.271 1360.13 237.745 36.4575 3.04176
 953.707 2606.56 508.072 53.8251 8.72818
 1948.51 3614.63 974.24 112.986 13.5626
 1960.8 5863.95 982.47 150.301 18.9853
 228.254 7008.12 1847.82 175.788 29.4559
F
 0.0380651 0.342038 0.487099 0.494927 0.495224
 0.0600964 0.540002 0.769021 0.78138 0.781848
 0.137174 1.23259 1.75534 1.78355 1.78462
 0.0710647 0.638559 0.909377 0.923991 0.924545
 0.0186101 0.167223 0.238144 0.241971 0.242116
 0.131692 1.18333 1.68519 1.71227 1.7133
 0.118469 1.06452 1.51599 1.54035 1.54128
 0.138403 1.24363 1.77106 1.79953 1.80061
 0.160715 1.44412 2.05658 2.08963 2.09089
 0.108361 0.973689 1.38664 1.40892 1.40977
 0.152246 1.36802 1.94821 1.97952 1.98071
 0.128522 1.15485 1.64463 1.67106 1.67206
 0.214118 1.92398 2.73995 2.78399 2.78566
 0.380704 3.42085 4.87166 4.94995 4.95292
 0.380704 3.42085 4.87166 4.94995 4.95292
 0.191243 1.71844 2.44724 2.48656 2.48806
 0.17704 1.59081 2.26548 2.30189 2.30327
 0.134559 1.20909 1.72188 1.74955 1.7506
 0.094347 0.847764 1.20731 1.22671 1.22744
 0.126821 1.13957 1.62287 1.64895 1.64994
 0.0671787 0.603641 0.85965 0.873465 0.873989
 0.0739537 0.664519 0.946346 0.961554 0.962131
 0.0917693 0.824602 1.17432 1.19319 1.19391
 0.091141 0.818956 1.16628 1.18502 1.18574
 0.117154 1.0527 1.49916 1.52325 1.52417
nmprior
 10.6 11 7 0
nm_flota  nm_reclas  nm_pelaces    nm_pelaL
inf 22.2394 8.67351 16.5826
cv_recla  cv_pelaces  cv_mph
0.771178 0.41676 0.409633
 ------------------------------------------------
Talla a la edad & desviación 
 7.2 14.2025 17.0495 18.207 18.6776
 1.08 2.13037 2.55742 2.73105 2.80164
