years
 1997 1998 1999 2000 2001 2002 2003 2004 2005 2006 2007 2008 2009 2010 2011 2012 2013 2014 2015 2016 2017 2018 2019 2020 2021
reclasobs
 0 0 0 370054 412103 1.49427e+06 250295 1.28982e+06 931140 785840 897777 1.04006e+06 184774 17550 25797 100020 73551 82996 120727 218422 84188 347160 605670 569463 516374
reclaspred
 444371 132467 460299 330729 431447 507616 1.07506e+06 670994 684947 561192 425905 284511 174129 85423.3 64446.2 68215.1 87275 121904 130276 184644 261198 238742 419389 542389 609957
pelacesobs
 0 0 0 0 0 0 0 0 0 2.06254e+06 1.5e+06 0 1.87456e+06 323000 250000 174000 83755 137374 0 501740 490994 745055 786931 1.00524e+06 1.33801e+06
pelacespred
 1.82321e+06 493364 1.00819e+06 1.11456e+06 1.22809e+06 1.23057e+06 2.8221e+06 2.31578e+06 2.03458e+06 1.7057e+06 1.16947e+06 800795 488065 205707 151670 168924 223901 313316 347201 476564 742312 666741 921864 1.41417e+06 1.64562e+06
mphobs
 0 0 0 0 0 112323 0 153150 637223 0 255016 313432 73983 77613 109348 50772 0 0 0 0 0 0 0 0 0
mphpred
 158604 111642 149149 207558 196677 276935 415972 469684 377202 346392 292898 202695 125466 67151.3 35421.4 32132.6 39456.2 55626.8 70168.3 81082.8 118658 137533 173697 251484 339752
desembarqueobs
 350755 77701 442110 56441 14545 235359 269955 359681 431902 328805 639364 411747 362871 311530 167758 66681 60226 58785 57116 73181 50977 67692 138656 160484 209506
desembarquepred
 350765 77704.7 442154 56442.7 14545.1 235392 269980 359717 431984 328876 639808 412127 363395 312174 167876 66699.5 60245.6 58789.5 57115.8 73184.7 50978.5 67690.5 138661 160491 209509
Reclutas
 86026 108062 70458.3 101135 164943 123451 181094 150316 159900 140947 69354.9 41756.5 42690 25300.9 20881.4 27880.4 24212.3 27742.1 31775.1 55030.6 68783.3 90279.8 148580 181972 81715.4
log_desv_Rt
 0.182404 0.410462 -0.0172232 0.34421 0.833355 0.543601 0.926772 0.740493 0.802304 0.676139 -0.0330076 -0.54039 -0.51828 -1.04141 -1.23339 -0.944321 -1.08538 -0.949294 -0.813561 -0.264356 -0.0412836 0.230669 0.728881 0.931606 0.130998
SSB
 1.02803e+06 723633 966748 1.34534e+06 1.27481e+06 1.79503e+06 2.69623e+06 3.04438e+06 2.44493e+06 2.24523e+06 1.89849e+06 1.31382e+06 813240 435259 229593 208275 255746 360559 454814 525559 769113 891454 1.12586e+06 1.63005e+06 2.20219e+06
BT
 3.5403e+06 1.0045e+06 2.03115e+06 2.03521e+06 2.18876e+06 2.36669e+06 5.19061e+06 4.51766e+06 4.00593e+06 3.3459e+06 2.66294e+06 1.80401e+06 1.22489e+06 668079 413836 355237 446991 602671 664678 905211 1.35853e+06 1.24498e+06 1.72968e+06 2.63921e+06 3.08598e+06
Ftot
 0.282638 0.201634 0.267523 0.0487348 0.0108103 0.115439 0.0722915 0.149282 0.177874 0.158233 0.360341 0.338775 0.527 0.899128 0.768505 0.297091 0.212408 0.141342 0.119034 0.122912 0.0587163 0.0784736 0.0923917 0.0875364 0.0849247
BD_Bspro_t
 0.966074 0.839004 0.822087 0.747655 0.82553 0.898319 0.877847 0.878677 0.833364 0.791607 0.745117 0.602021 0.491482 0.379984 0.266341 0.291423 0.420047 0.590946 0.694791 0.765742 0.838325 0.886901 0.891391 0.895702 0.898176
BD_Bspro
 0.698296 0.491533 0.65667 0.913833 0.865926 1.21928 1.83143 2.06792 1.66074 1.52509 1.28956 0.892421 0.552399 0.295652 0.155953 0.141472 0.173717 0.244912 0.308935 0.35699 0.522425 0.605526 0.764751 1.10723 1.49585
BD_Bo
 0.604863 0.425765 0.568807 0.79156 0.750063 1.05614 1.58638 1.79123 1.43853 1.32103 1.11702 0.773014 0.478487 0.256094 0.135086 0.122543 0.150473 0.212143 0.267599 0.309224 0.452524 0.524506 0.662426 0.959077 1.2957
BD_Brms
 2.15035 1.51364 2.02217 2.81408 2.66656 3.7547 5.63976 6.368 5.11412 4.69639 3.97112 2.74815 1.70107 0.91044 0.480245 0.435654 0.534949 0.75419 0.951344 1.09932 1.60877 1.86467 2.355 3.40962 4.60636
S_f
 0.207524 1 1 1 1
 0.207524 1 1 1 1
 0.207524 1 1 1 1
 0.207524 1 1 1 1
 0.207524 1 1 1 1
 0.207524 1 1 1 1
 0.207524 1 1 1 1
 0.207524 1 1 1 1
 0.207524 1 1 1 1
 0.207524 1 1 1 1
 0.207524 1 1 1 1
 0.207524 1 1 1 1
 0.207524 1 1 1 1
 0.207524 1 1 1 1
 0.207524 1 1 1 1
 0.207524 1 1 1 1
 0.207524 1 1 1 1
 0.207524 1 1 1 1
 0.207524 1 1 1 1
 0.207524 1 1 1 1
 0.207524 1 1 1 1
 0.207524 1 1 1 1
 0.207524 1 1 1 1
 0.207524 1 1 1 1
 0.207524 1 1 1 1
Scru_reclas
 1 1 1 1 1
 1 1 1 1 1
 1 1 1 1 1
 1 1 1 1 1
 1 1 1 1 1
 1 1 1 1 1
 1 1 1 1 1
 1 1 1 1 1
 1 1 1 1 1
 1 1 1 1 1
 1 1 1 1 1
 1 1 1 1 1
 1 1 1 1 1
 1 1 1 1 1
 1 1 1 1 1
 1 1 1 1 1
 1 1 1 1 1
 1 1 1 1 1
 1 1 1 1 1
 1 1 1 1 1
 1 1 1 1 1
 1 1 1 1 1
 1 1 1 1 1
 1 1 1 1 1
 1 1 1 1 1
Scru_pelaces
 0.994573 1 1 1 1
 0.994573 1 1 1 1
 0.994573 1 1 1 1
 0.994573 1 1 1 1
 0.994573 1 1 1 1
 0.994573 1 1 1 1
 0.994573 1 1 1 1
 0.994573 1 1 1 1
 0.994573 1 1 1 1
 0.994573 1 1 1 1
 0.994573 1 1 1 1
 0.994573 1 1 1 1
 0.994573 1 1 1 1
 0.994573 1 1 1 1
 0.994573 1 1 1 1
 0.994573 1 1 1 1
 0.994573 1 1 1 1
 0.994573 1 1 1 1
 0.994573 1 1 1 1
 0.994573 1 1 1 1
 0.994573 1 1 1 1
 0.994573 1 1 1 1
 0.994573 1 1 1 1
 0.994573 1 1 1 1
 0.994573 1 1 1 1
pf_obs 
 0.256992 0.487395 0.22802 0.0275931 0
 0.321318 0.546541 0.124235 0.00734118 0.000564706
 0.182869 0.594174 0.210203 0.0122559 0.00049798
 0.330522 0.361315 0.267642 0.0388342 0.00168674
 0.649043 0.306663 0.0425973 0.00169635 0
 0.582887 0.30429 0.105238 0.00758474 0
 0.465427 0.430635 0.0974691 0.00646863 0
 0.296916 0.608066 0.0921331 0.00288517 0
 0.311714 0.524322 0.152257 0.0117073 0
 0.15457 0.633149 0.183074 0.0267441 0.00246327
 0.131901 0.49318 0.331252 0.0422183 0.00144891
 0.196976 0.569456 0.194076 0.0375587 0.00193317
 0.518974 0.381816 0.0799577 0.0180837 0.00116848
 0.0928022 0.601141 0.25162 0.0475244 0.00691264
 0.122501 0.610282 0.24278 0.0234846 0.000952079
 0.383417 0.481906 0.127806 0.00687128 0
 0.0376549 0.599619 0.316969 0.0457579 0
 0.0361596 0.667082 0.258105 0.0386534 0
 0.158088 0.579412 0.248529 0.0139706 0
 0.0477256 0.309471 0.559284 0.082774 0.000745712
 0.0406174 0.521527 0.379366 0.0568643 0.0016247
 0.151134 0.462217 0.34131 0.0453401 0
 0.294876 0.26143 0.354403 0.0886775 0.000613685
 0.281977 0.475581 0.204845 0.0348837 0.00271318
 0.0354234 0.537034 0.353287 0.0723622 0.0018943
pf_pred 
 0.392456 0.429012 0.159685 0.0188374 9.40293e-06
 0.317421 0.532163 0.106215 0.0395349 0.00466608
 0.181052 0.581822 0.184872 0.0368987 0.0153553
 0.260416 0.403774 0.238577 0.0758069 0.0214268
 0.304738 0.440945 0.138844 0.0820381 0.0334352
 0.181507 0.556341 0.166261 0.0523517 0.0435398
 0.254227 0.394841 0.238534 0.0712849 0.0411139
 0.189116 0.51015 0.15922 0.0961891 0.045325
 0.210125 0.431092 0.22572 0.0704484 0.0626142
 0.190041 0.470846 0.185078 0.0969073 0.057127
 0.116238 0.484542 0.232075 0.0912232 0.0759219
 0.115021 0.378399 0.277744 0.133027 0.095809
 0.187191 0.343169 0.200809 0.147393 0.121439
 0.177098 0.482284 0.143809 0.0841514 0.112657
 0.246247 0.462861 0.170485 0.0508358 0.0695709
 0.334157 0.461685 0.125368 0.0461767 0.0326127
 0.233663 0.562911 0.141053 0.038302 0.0240715
 0.245066 0.466434 0.211917 0.0531017 0.0234816
 0.242991 0.473102 0.175411 0.0796955 0.0288006
 0.324265 0.418921 0.160499 0.0595078 0.0368071
 0.279566 0.511183 0.129725 0.0497008 0.0298253
 0.272795 0.478107 0.176748 0.0448539 0.0274971
 0.319952 0.443254 0.155682 0.057553 0.0235591
 0.274241 0.509916 0.140686 0.0494125 0.0257445
 0.114097 0.579707 0.215132 0.0593551 0.0317086
pobs_RECLAS
 0 0 0 0 0
 0 0 0 0 0
 0 0 0 0 0
 0 0 0 0 0
 0.835266 0.146461 0.0176864 0.000547809 3.91292e-05
 0.385257 0.428462 0.181853 0.0044286 0
 0.867414 0.0963971 0.0333333 0.00285562 0
 0.441836 0.489002 0.0689373 0.000224442 0
 0.779404 0.147425 0.0564933 0.0165055 0.000172143
 0.814271 0.122319 0.05973 0.00367925 0
 0.40263 0.566651 0.0304383 0.000280538 0
 0.475488 0.404961 0.113038 0.00651328 0
 0.955842 0.0263864 0.0167828 0.000988607 0
 0.975058 0.0227948 0.00214734 0 0
 0.738997 0.206755 0.0527124 0.00153531 0
 0.850938 0.134255 0.0134407 0.00136685 0
 0.542534 0.407297 0.0501686 0 0
 0.764087 0.199537 0.0359546 0.000420521 0
 0.470689 0.182191 0.310203 0.0369168 0
 0.84361 0.089868 0.0606195 0.00523954 0.000663233
 0.607945 0.314616 0.071237 0.00620181 0
 0.523733 0.453247 0.0230204 0 0
 0.530135 0.295979 0.169645 0.0042399 0
 0.562478 0.366248 0.0663022 0.0049721 0
 0.250443 0.683176 0.0655157 0.000865301 0
ppred_RECLAS
 0.759795 0.169619 0.0631349 0.00744774 3.71764e-06
 0.693743 0.238769 0.047656 0.0177384 0.00209356
 0.519566 0.341324 0.108455 0.0216465 0.00900814
 0.629723 0.202152 0.119445 0.0379532 0.0107275
 0.678781 0.203722 0.0641474 0.0379026 0.0154475
 0.518029 0.327602 0.0979027 0.0308274 0.0256385
 0.62242 0.199905 0.120768 0.0360911 0.0208157
 0.531073 0.295015 0.0920755 0.0556253 0.026211
 0.564075 0.237916 0.124573 0.0388798 0.0345562
 0.532702 0.27165 0.106779 0.0559098 0.0329589
 0.393049 0.332774 0.159385 0.0626503 0.0521417
 0.389841 0.260892 0.191494 0.0917172 0.0660566
 0.534683 0.196457 0.114959 0.0843794 0.0695212
 0.527025 0.2772 0.0826563 0.0483673 0.0647514
 0.625154 0.230184 0.0847835 0.025281 0.0345981
 0.71097 0.200409 0.0544199 0.0200445 0.0141566
 0.597787 0.295444 0.0740317 0.0201029 0.012634
 0.611747 0.239881 0.108987 0.0273096 0.0120763
 0.608775 0.244501 0.090653 0.0411869 0.0148842
 0.69941 0.18635 0.0713953 0.0264711 0.016373
 0.652199 0.246782 0.0626267 0.0239938 0.0143986
 0.644708 0.233589 0.086354 0.0219144 0.0134343
 0.694891 0.19887 0.0698481 0.0258216 0.01057
 0.646482 0.24838 0.0685283 0.0240689 0.0125402
 0.383936 0.403133 0.149605 0.0412761 0.0220504
pobs_PELACES
 0 0 0 0 0
 0 0 0 0 0
 0 0 0 0 0
 0 0 0 0 0
 0 0 0 0 0
 0 0 0 0 0
 0 0 0 0 0
 0 0 0 0 0
 0 0 0 0 0
 0 0 0 0 0
 0.450072 0.473896 0.0757376 0.000293798 0
 0 0 0 0 0
 0.463077 0.371075 0.160297 0.00555027 0
 0.529543 0.364841 0.0842815 0.0213345 0
 0.631943 0.363953 0.00410389 0 0
 0.735681 0.248677 0.0153453 0.000297389 0
 0.695825 0.281241 0.0229344 0 0
 0.275771 0.60734 0.115278 0.00161068 0
 0 0 0 0 0
 0.896147 0.0623911 0.0374545 0.00400742 0
 0.803859 0.145111 0.0509908 3.86294e-05 0
 0.739449 0.233085 0.0266225 0.000797448 4.60066e-05
 0.878498 0.100942 0.0204185 0.000141795 0
 0.694673 0.275183 0.0284847 0.00165964 0
 0.469039 0.446079 0.0841089 0.000773354 0
ppred_PELACES
 0.772069 0.160952 0.059909 0.00706719 3.52769e-06
 0.703697 0.231008 0.046107 0.0171618 0.00202551
 0.535646 0.329901 0.104825 0.020922 0.00870665
 0.631424 0.201223 0.118896 0.0377788 0.0106782
 0.67821 0.204084 0.0642613 0.0379699 0.0154749
 0.524205 0.323405 0.0966483 0.0304324 0.02531
 0.625579 0.198233 0.119758 0.0357891 0.0206415
 0.539431 0.289757 0.0904345 0.0546339 0.0257439
 0.574148 0.232419 0.121695 0.0379815 0.0337577
 0.541636 0.266456 0.104738 0.0548408 0.0323287
 0.414421 0.321057 0.153772 0.0604443 0.0503057
 0.409791 0.252361 0.185232 0.0887183 0.0638967
 0.567421 0.182635 0.106871 0.0784429 0.0646301
 0.58368 0.243996 0.0727553 0.0425736 0.0569951
 0.669742 0.202803 0.0746985 0.0222738 0.0304826
 0.725588 0.190273 0.0516676 0.0190307 0.0134406
 0.609774 0.28664 0.0718254 0.0195038 0.0122575
 0.619206 0.235272 0.106892 0.0267848 0.0118443
 0.614876 0.240688 0.0892394 0.0405446 0.0146521
 0.704994 0.182889 0.0700691 0.0259793 0.0160689
 0.654444 0.245189 0.0622224 0.0238389 0.0143057
 0.648155 0.231323 0.0855162 0.0217018 0.013304
 0.698845 0.196292 0.0689428 0.0254869 0.010433
 0.65046 0.245586 0.0677572 0.0237981 0.012399
 0.387909 0.400533 0.14864 0.0410098 0.0219082
pobs_pel_tallas
 0 0 0 0 0 0 0 0 0 0 0 0 0 0 0 0 0 0 0 0 0 0 0 0 0 0 0 0 0 0 0 0 0 0 0 0
 0 0 0 0 0 0 0 0 0 0 0 0 0 0 0 0 0 0 0 0 0 0 0 0 0 0 0 0 0 0 0 0 0 0 0 0
 0 0 0 0 0 0 0 0 0 0 0 0 0 0 0 0 0 0 0 0 0 0 0 0 0 0 0 0 0 0 0 0 0 0 0 0
 0 0 0 0 0 0 0 0 0 0 0 0 0 0 0 0 0 0 0 0 0 0 0 0 0 0 0 0 0 0 0 0 0 0 0 0
 0 0 0 0 0 0 0 0 0 0 0 0 0 0 0 0 0 0 0 0 0 0 0 0 0 0 0 0 0 0 0 0 0 0 0 0
 0 0 0 0 0 0 0 0 0 0 0 0 0 0 0 0 0 0 0 0 0 0 0 0 0 0 0 0 0 0 0 0 0 0 0 0
 0 0 0 0 0 0 0 0 0 0 0 0 0 0 0 0 0 0 0 0 0 0 0 0 0 0 0 0 0 0 0 0 0 0 0 0
 0 0 0 0 0 0 0 0 0 0 0 0 0 0 0 0 0 0 0 0 0 0 0 0 0 0 0 0 0 0 0 0 0 0 0 0
 0 0 0 0 0 0 0 0 0 0 0 0 0 0 0 0 0 0 0 0 0 0 0 0 0 0 0 0 0 0 0 0 0 0 0 0
 0 0 0 0 0 0 0 0 0 0 0 0 0 0 0 0 0 0 0 0 0 0 0 0 0 0 0 0 0 0 0 0 0 0 0 0
 0 0 0 0 0 0 0 0 1.78061e-05 0.00172719 0.00360574 0.0105946 0.0120993 0.0124554 0.0147524 0.0171206 0.0266825 0.0428682 0.0675386 0.121331 0.153587 0.119568 0.100827 0.0573624 0.0630603 0.0341343 0.0324427 0.0444173 0.0211091 0.0280891 0.0125444 0.00206551 0 0 0 0
 0 0 0 0 0 0 0 0 0 0 0 0 0 0 0 0 0 0 0 0 0 0 0 0 0 0 0 0 0 0 0 0 0 0 0 0
 0 0 0 0 0 0 0.0133647 0.0140871 0.0187388 0.0205184 0.03894 0.0496705 0.03968 0.0493445 0.0407372 0.0367815 0.0215668 0.0243155 0.0234873 0.0199281 0.019796 0.0243948 0.0301388 0.0376714 0.0412746 0.0863199 0.0771752 0.113111 0.0741005 0.0525337 0.0229764 0.00759418 0.00175318 0 0 0
 0 0 0 0 0 0 0 0 0 0 0.00219441 0.00772107 0.0458388 0.0604681 0.0671733 0.0775358 0.0609151 0.0617685 0.073594 0.0568108 0.0755445 0.0548602 0.0670107 0.0636378 0.0643287 0.046367 0.0373049 0.0286899 0.0247887 0.0153202 0.00654259 0.00121912 0.000365735 0 0 0
 0 0 0 0 0 0 0 0 0 0 0 0 0.000112435 0.00938835 0.0111873 0.0202946 0.0414886 0.0713402 0.111592 0.104902 0.108894 0.110636 0.117776 0.105296 0.107544 0.0401394 0.0192827 0.0124803 0.00416011 0.0028671 0.000618394 0 0 0 0 0
 0 0 0 0 0 0 0 0 0 0 0.00291406 0.0102884 0.027416 0.0768956 0.0749926 0.110853 0.0956884 0.0897413 0.0766577 0.0534642 0.0500743 0.0551293 0.0594112 0.0620874 0.0668451 0.0424026 0.0208742 0.0120726 0.0048766 0.00582813 0.00118941 0.000297354 0 0 0 0
 0 0.00264628 0.0354308 0.0461629 0.0458689 0.0383711 0.0214643 0.0164657 0.0346957 0.0420465 0.0363128 0.0245516 0.0311673 0.0291091 0.0169068 0.0133784 0.00837989 0.0085269 0.0148486 0.0160247 0.0276389 0.0546898 0.0760071 0.122758 0.109233 0.0665981 0.0333725 0.0166128 0.00676272 0.00308733 0.000882094 0 0 0 0 0
 0 0 0 0 0 0 0 0.000805153 0.000690131 0.00759144 0.0133425 0.0154129 0.00931677 0.000345066 0.00356568 0.00563607 0.00851162 0.0253048 0.0502646 0.0516448 0.0657925 0.0565908 0.0611916 0.0827007 0.0866115 0.110766 0.145733 0.0935128 0.0569358 0.0249597 0.0138026 0.00621118 0.00161031 0.00115022 0 0
 0 0 0 0 0 0 0 0 0 0 0 0 0 0 0 0 0 0 0 0 0 0 0 0 0 0 0 0 0 0 0 0 0 0 0 0
 0.00147267 0.00158595 0.00478618 0.00569244 0.00954404 0.0108468 0.00647125 0.017049 0.0510054 0.094081 0.124002 0.0959785 0.0687766 0.0820023 0.061753 0.0591476 0.0492212 0.0479892 0.0443925 0.0268479 0.0217502 0.0140895 0.0121071 0.0120363 0.00920419 0.00665534 0.0049561 0.00860946 0.00930331 0.0156896 0.0114698 0.00855282 0.00243557 0.00046729 0 2.83206e-05
 0 0 0 0 0.000772559 0.00158375 0.000888443 0.00281984 0.00712685 0.0440552 0.0773331 0.111326 0.0921469 0.0852325 0.0710754 0.0886704 0.0786465 0.0553345 0.0373146 0.0185414 0.00753245 0.00457741 0.012979 0.0271748 0.0457355 0.0583668 0.034881 0.0177882 0.00938659 0.00492506 0.0015258 0.00185414 0.000309023 5.79419e-05 3.86279e-05 0
 0 0.00173294 0.00326652 0 0.00397197 0.00683976 0.00946217 0.0152591 0.00757587 0.0136028 0.0228656 0.0392903 0.0559909 0.0764795 0.0681675 0.0726916 0.0566044 0.0477403 0.0527397 0.0444891 0.0609904 0.0582453 0.0661739 0.0445044 0.0529084 0.0360697 0.0280645 0.0235558 0.0158879 0.00826598 0.00280645 0.00217768 0.000904811 0.00058276 9.20147e-05 0
 0 0 0 0 0 0 0 0 0 0 0 0 0 0 0 0 0 0 0 0 0 0 0 0 0 0 0 0 0 0 0 0 0 0 0 0
 0 0 0 0 0 0 0 0 0 0 0 0 0 0 0 0 0 0 0 0 0 0 0 0 0 0 0 0 0 0 0 0 0 0 0 0
 0 0 0 0 0 0 0 0 0 0 0 0 0 0 0 0 0 0 0 0 0 0 0 0 0 0 0 0 0 0 0 0 0 0 0 0
ppred_pel_tallas
 1.01146e-16 3.36851e-05 0.000197707 0.000939818 0.00361836 0.0112835 0.0285013 0.0583173 0.0966669 0.129819 0.141265 0.124597 0.0891702 0.0519992 0.0251595 0.010953 0.00569684 0.00505723 0.00637818 0.00849217 0.0109191 0.0133665 0.0155636 0.0172575 0.0182563 0.0184693 0.0179233 0.0167477 0.0151358 0.0132962 0.0114107 0.00960987 0.00796831 0.00651507 0.00525075 0.0041633
 1.01415e-16 3.07066e-05 0.000180215 0.000856641 0.00329809 0.0102847 0.0259785 0.0531561 0.0881142 0.118341 0.128795 0.113645 0.0814354 0.0476967 0.0234664 0.0108787 0.00661222 0.00674018 0.00884054 0.0118116 0.0151367 0.0184339 0.021323 0.0234494 0.0245531 0.0245266 0.0234372 0.021501 0.0190236 0.0163247 0.0136741 0.0112545 0.0091553 0.00739104 0.00593026 0.00472369
 1.02722e-16 2.33829e-05 0.000137209 0.000652165 0.00251077 0.00782949 0.0197769 0.0404679 0.0670864 0.0901146 0.0981137 0.0866649 0.0623029 0.0368962 0.018909 0.0100407 0.00783864 0.0093714 0.0128109 0.0172689 0.0222251 0.0271895 0.0316302 0.0350365 0.0370228 0.0374125 0.0362704 0.0338703 0.030614 0.0269299 0.0231859 0.0196392 0.0164285 0.0135976 0.0111329 0.00899837
 1.03551e-16 2.75541e-05 0.000161709 0.000768668 0.00295938 0.0092285 0.0233105 0.0476969 0.079065 0.106188 0.11557 0.101979 0.0730826 0.0428198 0.0210981 0.00983994 0.00607611 0.00629967 0.0083596 0.0112948 0.0146714 0.0181741 0.0214801 0.0242719 0.0262937 0.0273992 0.0275737 0.0269188 0.025611 0.0238495 0.0218126 0.0196347 0.0174044 0.0151782 0.0129978 0.0109036
 1.03007e-16 2.95941e-05 0.000173686 0.000825609 0.00317861 0.00991218 0.0250374 0.0512303 0.0849215 0.114052 0.124124 0.109515 0.0784592 0.0459197 0.0225303 0.0103438 0.00615714 0.00618817 0.00811257 0.0108881 0.0140463 0.0172554 0.0201863 0.0225267 0.0240385 0.0246076 0.024263 0.0231559 0.0215114 0.0195671 0.0175231 0.0155142 0.0136091 0.0118269 0.0101625 0.00860683
 1.03706e-16 2.28837e-05 0.000134279 0.000638237 0.00245714 0.00766227 0.0193545 0.0396036 0.0656536 0.0881901 0.0960187 0.0848151 0.0609748 0.0361132 0.0185143 0.0098423 0.00769832 0.00921555 0.0126074 0.0170078 0.021911 0.0268418 0.0312839 0.0347414 0.0368398 0.0374067 0.0365031 0.0343902 0.0314498 0.0280856 0.0246396 0.0213447 0.0183201 0.0155967 0.013156 0.0109654
 1.03959e-16 2.72991e-05 0.000160212 0.000761553 0.00293198 0.00914307 0.0230947 0.0472554 0.078333 0.105205 0.1145 0.101034 0.0724053 0.0424218 0.0209003 0.00974513 0.00601515 0.0062367 0.00828026 0.011196 0.0145572 0.0180554 0.0213741 0.0242019 0.0262864 0.0274816 0.0277692 0.0272434 0.0260709 0.0244397 0.0225176 0.0204299 0.0182591 0.0160586 0.0138704 0.0117378
 1.04459e-16 2.35462e-05 0.000138171 0.000656751 0.00252844 0.00788461 0.0199161 0.0407523 0.0675567 0.0907426 0.0987877 0.0872371 0.0626638 0.0370088 0.018781 0.0096746 0.00720381 0.00840765 0.0114499 0.0154609 0.019964 0.0245334 0.0287109 0.0320551 0.0342286 0.0350697 0.0346188 0.0330896 0.0307993 0.0280827 0.0252205 0.0224009 0.0197181 0.0171976 0.0148307 0.0126053
 1.04686e-16 2.50578e-05 0.000147051 0.000698975 0.00269103 0.00839167 0.0211968 0.0433723 0.0718978 0.096567 0.105111 0.0927795 0.0665548 0.0391255 0.0195212 0.00951403 0.00642882 0.00709589 0.00956545 0.0129494 0.0168152 0.0208158 0.0245841 0.0277594 0.0300536 0.0313073 0.031513 0.0307962 0.0293654 0.0274504 0.0252507 0.0229092 0.0205122 0.018107 0.0157255 0.0134015
 1.04969e-16 2.36415e-05 0.000138733 0.000659424 0.00253874 0.00791674 0.0199972 0.0409181 0.0678309 0.0911089 0.0991812 0.087572 0.062877 0.0370799 0.0187164 0.00947883 0.00686348 0.00789373 0.0107302 0.0145153 0.0187979 0.0231881 0.0272669 0.0306269 0.0329502 0.0340736 0.0340134 0.0329407 0.03112 0.0288343 0.0263226 0.0237472 0.0211949 0.0186985 0.0162683 0.0139161
 1.06715e-16 1.80966e-05 0.000106174 0.000504625 0.0019427 0.00605801 0.0153023 0.0313124 0.0519112 0.0697374 0.0759466 0.0671295 0.0483574 0.0288364 0.0151475 0.00864636 0.00748027 0.00942298 0.0130883 0.0177931 0.023107 0.0285905 0.0337458 0.0380792 0.0411986 0.0428906 0.0431527 0.0421648 0.0402194 0.0376344 0.034682 0.0315522 0.0283536 0.0251397 0.0219438 0.0188043
 1.08746e-16 1.78919e-05 0.000104979 0.000498957 0.0019209 0.00599005 0.0151306 0.0309605 0.051326 0.0689461 0.075071 0.0663228 0.0477052 0.0283056 0.0146111 0.00793987 0.006441 0.00790612 0.0109795 0.0150309 0.0197132 0.0246966 0.0296027 0.0340418 0.0376824 0.0403089 0.0418468 0.0423467 0.0419387 0.0407771 0.038998 0.0367025 0.0339643 0.0308517 0.0274494 0.02387
 1.07292e-16 2.47623e-05 0.000145321 0.000690762 0.00265943 0.00829313 0.0209478 0.0428625 0.0710514 0.0954262 0.103859 0.0916493 0.0656897 0.0385079 0.0190117 0.00893471 0.00561714 0.00591898 0.00792166 0.0107786 0.014119 0.0176786 0.0211842 0.0243617 0.0269827 0.0289037 0.0300832 0.030566 0.0304482 0.0298354 0.0288109 0.0274254 0.0257056 0.023674 0.0213701 0.0188613
 1.05239e-16 2.54737e-05 0.000149492 0.000710581 0.00273571 0.00853101 0.0215488 0.0440926 0.0730918 0.0981709 0.106858 0.0943228 0.0676651 0.0397846 0.0198606 0.00969433 0.00656386 0.00724226 0.00973947 0.0131414 0.016995 0.0209344 0.024578 0.0275595 0.029599 0.0305608 0.0304747 0.029511 0.027921 0.0259656 0.023857 0.021729 0.0196391 0.0175928 0.0155755 0.0135794
 1.03317e-16 2.92248e-05 0.000171518 0.000815302 0.00313893 0.00978843 0.0247248 0.0505907 0.0838614 0.112628 0.122575 0.10815 0.0774843 0.0453554 0.0222653 0.0102429 0.00612692 0.00618464 0.00812295 0.0109145 0.0140977 0.0173449 0.0203299 0.0227414 0.0243399 0.0250076 0.0247667 0.0237606 0.0222056 0.0203318 0.0183338 0.0163437 0.0144304 0.0126161 0.0109001 0.00927868
 1.02078e-16 3.16595e-05 0.000185813 0.000883263 0.0034006 0.0106044 0.026786 0.0548079 0.0908509 0.122013 0.13278 0.117135 0.0838789 0.0490126 0.0238998 0.0107213 0.0060339 0.00577743 0.00745792 0.00996416 0.0128123 0.0156783 0.01825 0.0202353 0.0214154 0.0216921 0.0211052 0.019813 0.0180446 0.0160414 0.0140069 0.0120786 0.0103254 0.00876256 0.00737527 0.0061399
 1.02356e-16 2.66134e-05 0.000156179 0.000742359 0.00285805 0.00891251 0.0225124 0.0460646 0.0763618 0.102565 0.111647 0.0985657 0.0707419 0.0416597 0.020918 0.0104078 0.00729291 0.00820231 0.0110452 0.0148385 0.0190629 0.0232758 0.027013 0.0298343 0.0314122 0.0316043 0.0304809 0.0282941 0.025406 0.0221974 0.0189908 0.0160061 0.0133539 0.0110577 0.00908944 0.00740206
 1.03068e-16 2.70227e-05 0.000158586 0.000753815 0.00290218 0.00905012 0.02286 0.0467754 0.0775384 0.104141 0.11335 0.100041 0.071738 0.0421209 0.0209187 0.0100315 0.00656117 0.00707627 0.00946319 0.0127583 0.016496 0.0203111 0.023824 0.0266671 0.0285533 0.0293347 0.0290262 0.0277853 0.0258589 0.0235168 0.0209944 0.0184619 0.0160203 0.0137175 0.0115723 0.00959465
 1.03424e-16 2.6834e-05 0.000157478 0.000748546 0.00288189 0.00898685 0.0227002 0.0464484 0.0769966 0.103414 0.11256 0.0993468 0.0712478 0.0418478 0.0208102 0.0100241 0.0066134 0.00717157 0.00959842 0.0129329 0.0167058 0.0205457 0.024067 0.0268986 0.0287546 0.0294932 0.0291402 0.027866 0.0259296 0.0236081 0.0211384 0.0186845 0.0163358 0.0141256 0.0120587 0.0101338
 1.02698e-16 3.07612e-05 0.00018054 0.000858196 0.00330409 0.0103035 0.0260258 0.0532524 0.0882725 0.11855 0.129012 0.113811 0.0815005 0.0476262 0.0232305 0.0104345 0.00589535 0.00567263 0.00734923 0.00985313 0.0127228 0.0156516 0.0183421 0.0205115 0.0219421 0.0225253 0.0222797 0.0213335 0.0198819 0.0181344 0.0162698 0.014412 0.0126287 0.0109454 0.00936612 0.00789056
 1.02451e-16 2.85595e-05 0.000167608 0.000796705 0.00306731 0.00956508 0.0241607 0.0494369 0.08195 0.110065 0.119796 0.105724 0.0758011 0.044481 0.0220419 0.0104851 0.00673841 0.00716435 0.00951716 0.012767 0.016413 0.0200655 0.0233269 0.0258214 0.0272689 0.0275456 0.0267073 0.0249634 0.0226154 0.0199799 0.0173238 0.0148275 0.0125804 0.0106006 0.00886565 0.0073402
 1.02657e-16 2.82848e-05 0.000165996 0.000789044 0.00303782 0.00947312 0.0239284 0.0489614 0.0811616 0.109006 0.118641 0.104699 0.0750559 0.0440226 0.0217762 0.0102961 0.00653816 0.00690068 0.00916469 0.0123207 0.0158884 0.019501 0.0227833 0.0253765 0.0270061 0.0275392 0.0270074 0.0255849 0.0235338 0.0211352 0.0186308 0.0161906 0.0139082 0.011818 0.0099213 0.00820825
 1.02406e-16 3.04936e-05 0.000178967 0.000850719 0.0032753 0.0102137 0.025799 0.0527885 0.087504 0.117519 0.127893 0.112833 0.0808178 0.0472633 0.0231207 0.0104987 0.00608934 0.00599008 0.00780376 0.0104599 0.0134854 0.0165542 0.0193461 0.0215576 0.0229567 0.0234316 0.0230096 0.0218381 0.0201381 0.0181453 0.0160616 0.0140272 0.0121179 0.01036 0.00875298 0.00728839
 1.02439e-16 2.83858e-05 0.000166588 0.000791856 0.00304864 0.00950687 0.0240137 0.049136 0.0814513 0.109396 0.119068 0.105083 0.0753445 0.0442194 0.0219242 0.0104493 0.00674289 0.00719096 0.00956253 0.0128343 0.0165078 0.0201935 0.023493 0.0260289 0.0275183 0.0278341 0.0270283 0.0253067 0.0229678 0.0203264 0.0176494 0.0151187 0.012827 0.0107965 0.0090097 0.00743551
 1.04674e-16 1.69438e-05 9.93989e-05 0.000472398 0.00181859 0.00567097 0.0143248 0.0293129 0.0485992 0.0652969 0.071134 0.0629307 0.0454528 0.0273447 0.0148025 0.00913696 0.00865308 0.0112914 0.0157479 0.0213323 0.0275393 0.0338112 0.0395128 0.0440252 0.0468729 0.0478248 0.0469342 0.0445009 0.0409763 0.0368446 0.0325227 0.028303 0.0243473 0.0207157 0.0174113 0.0144192
pSPR Fmed_Fpbrs
0.772011   0.331286 0.331286
Fs Fmed_Fpbrs
0.154362   1.005 1.005
SSBpbr Bo_Bmed_Bpbrs
1.69961e+06  1.22714e+06  478075 478075
Ro
71682.4
SPR SPRFo_SPRFmed_SPRFpbrs
1.4722e+06 1.13655e+06 487718
log_Ro
11
likeval ReclasPelacesDesembMPH_pf_preclas_ppelaces_ptallas_desvR_qrecl_qpela
 63.7052 24.3334 0.04249 0.000216707 321.666 204.779 78.8893 0 16.889 0.000121933 6.45789e-09 0 0 0 0
q_reclas_q_pelaces
0.209141 1.0115
M
0.7
N
 86026 21480.5 7995.4 943.181 0.470802
 108062 40285.6 8040.63 2992.86 353.23
 70458.3 51463 16352.2 3263.74 1358.2
 101135 33099 19557.1 6214.21 1756.44
 164943 49716.7 15654.7 9249.83 3769.84
 123451 81724.7 24423.1 7690.29 6395.86
 181094 59852.9 36158.7 10805.9 6232.35
 150316 88589.6 27649.2 16703.6 7870.87
 159900 72367.6 37891.7 11826.2 10511.1
 140947 76526.4 30080.7 15750.3 9284.83
 69354.9 67731.2 32440.4 12751.5 10612.7
 41756.5 31959.1 23457.9 11235.3 8091.9
 42690 19327.9 11309.9 8301.46 6839.67
 25300.9 19003.1 5666.38 3315.75 4438.94
 20881.4 10425.4 3840 1145.02 1567.01
 27880.4 8840.77 2400.66 884.234 624.498
 24212.3 13017.2 3261.81 885.726 556.648
 27742.1 11505 5227.13 1309.8 579.194
 31775.1 13378.1 4960.17 2253.58 814.405
 55030.6 15394 5897.84 2186.73 1352.54
 68783.3 26639.2 6760.31 2590.04 1554.28
 90279.8 33743.1 12474.2 3165.63 1940.65
 148580 44107.5 15491.7 5727 2344.33
 181972 72381.6 19970.1 7014.02 3654.38
 81715.4 88737.7 32931 9085.69 4853.74
pred_Ctot
 3536.33 3865.73 1438.89 169.739 0.0847277
 3192.49 5352.28 1068.27 397.626 46.9296
 2745.26 8822.05 2803.18 559.487 232.829
 732.311 1135.45 670.897 213.175 60.2539
 265.849 384.674 121.125 71.569 29.1685
 2104.51 6450.6 1927.74 607.002 504.831
 1940.93 3014.47 1821.12 544.235 313.89
 3303.51 8911.37 2781.28 1680.24 791.744
 4176.3 8568.11 4486.27 1400.19 1244.48
 3280.66 8128.16 3194.99 1672.9 986.177
 3609.33 15045.6 7206.21 2832.59 2357.47
 2047 6734.3 4942.95 2367.46 1705.09
 3200.69 5867.67 3433.53 2520.2 2076.42
 3130.66 8525.6 2542.19 1487.59 1991.5
 2234.22 4199.56 1546.82 461.236 631.221
 1203.13 1662.29 451.386 166.259 117.422
 752.788 1813.52 454.426 123.397 77.5507
 577.682 1099.5 499.544 125.174 55.3521
 558.367 1087.14 403.076 183.132 66.1806
 998.174 1289.55 494.058 183.181 113.302
 599.515 1096.21 278.189 106.581 63.9589
 1049.75 1839.83 680.152 172.605 105.813
 2031.49 2814.38 988.482 365.425 149.585
 2358.34 4385.02 1209.83 424.923 221.389
 1027.67 5221.44 1937.7 534.614 285.6
F
 0.058654 0.282638 0.282638 0.282638 0.282638
 0.0418439 0.201634 0.201634 0.201634 0.201634
 0.0555173 0.267523 0.267523 0.267523 0.267523
 0.0101136 0.0487348 0.0487348 0.0487348 0.0487348
 0.00224339 0.0108103 0.0108103 0.0108103 0.0108103
 0.0239562 0.115439 0.115439 0.115439 0.115439
 0.0150022 0.0722915 0.0722915 0.0722915 0.0722915
 0.0309795 0.149282 0.149282 0.149282 0.149282
 0.036913 0.177874 0.177874 0.177874 0.177874
 0.032837 0.158233 0.158233 0.158233 0.158233
 0.0747793 0.360341 0.360341 0.360341 0.360341
 0.0703039 0.338775 0.338775 0.338775 0.338775
 0.109365 0.527 0.527 0.527 0.527
 0.186591 0.899128 0.899128 0.899128 0.899128
 0.159483 0.768505 0.768505 0.768505 0.768505
 0.0616534 0.297091 0.297091 0.297091 0.297091
 0.0440797 0.212408 0.212408 0.212408 0.212408
 0.0293318 0.141342 0.141342 0.141342 0.141342
 0.0247023 0.119034 0.119034 0.119034 0.119034
 0.0255071 0.122912 0.122912 0.122912 0.122912
 0.012185 0.0587163 0.0587163 0.0587163 0.0587163
 0.0162851 0.0784736 0.0784736 0.0784736 0.0784736
 0.0191735 0.0923917 0.0923917 0.0923917 0.0923917
 0.0181659 0.0875364 0.0875364 0.0875364 0.0875364
 0.0176239 0.0849247 0.0849247 0.0849247 0.0849247
nmprior
 10.6 11 7 0
nm_flota  nm_reclas  nm_pelaces    nm_pelaL
inf 11.9416 21.3999 53.6456
cv_recla  cv_pelaces  cv_mph
0.721959 0.559337 0.477612
 ------------------------------------------------
Talla a la edad & desviación 
 7.2 14.2025 17.0495 18.207 18.6776
 1.08 2.13037 2.55742 2.73105 2.80164
