years
 1997 1998 1999 2000 2001 2002 2003 2004 2005 2006 2007 2008 2009 2010 2011 2012 2013 2014 2015 2016 2017 2018 2019 2020 2021
reclasobs
 0 0 0 370054 412103 1.49427e+06 250295 1.28982e+06 931140 785840 897777 1.04006e+06 184774 17550 25797 100020 73551 82996 120727 218422 84188 347160 605670 569463 516374
reclaspred
 480315 124311 315823 216844 353851 435727 951305 654162 739951 762427 646982 448629 276575 115135 68679.6 65907.6 79179.1 105959 114358 155539 234846 220979 378714 474523 515606
pelacesobs
 0 0 0 0 0 0 0 0 0 2.06254e+06 1.5e+06 0 1.87456e+06 323000 250000 174000 83755 137374 0 501740 490994 745055 786931 1.00524e+06 1.33801e+06
pelacespred
 1.93559e+06 432896 662439 732253 1.05404e+06 1.03164e+06 2.64495e+06 2.14899e+06 2.19449e+06 2.28915e+06 1.68635e+06 1.22448e+06 734738 236739 143646 151233 190968 269776 293975 391760 686647 628526 830981 1.24157e+06 1.38943e+06
mphobs
 0 0 0 0 0 112323 0 153150 637223 0 255016 313432 73983 77613 109348 50772 0 0 0 0 0 0 0 0 0
mphpred
 176315 96965.1 107903 105038 123181 209989 298916 369195 317447 339969 355942 250741 157723 82000.6 35026.2 28068.1 31554.5 41585.7 52043.2 59104.8 89037 109603 136239 192153 251593
desembarqueobs
 350755 77701 442110 56441 14545 235359 269955 359681 431902 328805 639364 411747 362871 311530 167758 66681 60226 58785 57116 73181 50977 67692 138656 160484 209506
desembarquepred
 350761 77699.5 442092 56444.2 14545.3 235437 270019 359675 431946 328813 639318 411783 362936 311625 167586 66676.6 60252.5 58778.4 57100.7 73177.6 50979.6 67682.7 138660 160496 209510
Reclutas
 36294 44048.3 22748.8 34451.3 61494.3 43122 78098.2 75935.6 99361.5 117002 66636.1 45992.8 45828.4 24772.4 14463.8 13384.3 10145.4 11646.4 12558.8 20134.5 26321.7 33794.7 53658.2 64014.3 26256.6
log_desv_Rt
 0.0394076 0.233042 -0.427734 -0.0126991 0.5667 0.21179 0.805722 0.777641 1.04652 1.20995 0.647002 0.276239 0.272659 -0.342515 -0.880592 -0.95816 -1.23522 -1.09725 -1.02182 -0.549808 -0.281852 -0.031942 0.430389 0.606862 -0.284326
SSB
 444767 244602 272193 264968 310734 529713 754039 931324 800785 857599 897891 632514 397868 206853 88356.3 70803.8 79598.7 104903 131283 149096 224603 276483 343672 484722 634662
BT
 1.53855e+06 373778 653858 485094 633409 745881 1.80198e+06 1.6515e+06 1.72151e+06 1.66471e+06 1.53933e+06 1.0744e+06 789388 431327 228040 145455 163290 207276 215113 291219 447020 410753 567683 847860 935445
Ftot
 0.984633 0.898693 1.54763 0.329086 0.0568007 0.532491 0.336791 0.665568 0.752942 0.556295 1.03104 0.904783 1.44521 2.85318 3.28771 1.39357 1.02076 0.698186 0.563058 0.592385 0.273679 0.333943 0.401121 0.398605 0.388909
BD_Bspro_t
 0.909346 0.637052 0.55831 0.377658 0.542658 0.721352 0.667691 0.685136 0.617959 0.589435 0.569919 0.411838 0.308565 0.209092 0.1133 0.112357 0.16795 0.274365 0.376226 0.465497 0.594621 0.703026 0.712056 0.718493 0.719027
BD_Bspro
 0.620668 0.341339 0.379842 0.369759 0.433626 0.739208 1.05225 1.29965 1.11749 1.19677 1.253 0.882665 0.55522 0.288661 0.1233 0.0988059 0.111079 0.146391 0.183204 0.208062 0.31343 0.385829 0.479591 0.676424 0.885663
BD_Bo
 0.50381 0.277073 0.308326 0.300142 0.351984 0.600033 0.854138 1.05496 0.907089 0.971445 1.01709 0.71648 0.450685 0.234313 0.100086 0.0802031 0.0901654 0.118829 0.148711 0.168889 0.254419 0.313186 0.389295 0.549069 0.718913
BD_Brms
 0.916019 0.503769 0.560594 0.545713 0.639972 1.09097 1.55298 1.9181 1.64925 1.76626 1.84925 1.30269 0.819427 0.426023 0.181974 0.145824 0.163937 0.216053 0.270383 0.307071 0.462579 0.56943 0.707809 0.998307 1.30711
S_f
 0.103307 0.686418 0.97652 0.998736 0.999933
 0.103307 0.686418 0.97652 0.998736 0.999933
 0.103307 0.686418 0.97652 0.998736 0.999933
 0.103307 0.686418 0.97652 0.998736 0.999933
 0.103307 0.686418 0.97652 0.998736 0.999933
 0.103307 0.686418 0.97652 0.998736 0.999933
 0.103307 0.686418 0.97652 0.998736 0.999933
 0.103307 0.686418 0.97652 0.998736 0.999933
 0.103307 0.686418 0.97652 0.998736 0.999933
 0.103307 0.686418 0.97652 0.998736 0.999933
 0.103307 0.686418 0.97652 0.998736 0.999933
 0.103307 0.686418 0.97652 0.998736 0.999933
 0.103307 0.686418 0.97652 0.998736 0.999933
 0.103307 0.686418 0.97652 0.998736 0.999933
 0.103307 0.686418 0.97652 0.998736 0.999933
 0.103307 0.686418 0.97652 0.998736 0.999933
 0.103307 0.686418 0.97652 0.998736 0.999933
 0.103307 0.686418 0.97652 0.998736 0.999933
 0.103307 0.686418 0.97652 0.998736 0.999933
 0.103307 0.686418 0.97652 0.998736 0.999933
 0.103307 0.686418 0.97652 0.998736 0.999933
 0.103307 0.686418 0.97652 0.998736 0.999933
 0.103307 0.686418 0.97652 0.998736 0.999933
 0.103307 0.686418 0.97652 0.998736 0.999933
 0.103307 0.686418 0.97652 0.998736 0.999933
Scru_reclas
 0.748581 1 1 1 1
 0.748581 1 1 1 1
 0.748581 1 1 1 1
 0.748581 1 1 1 1
 0.748581 1 1 1 1
 0.748581 1 1 1 1
 0.748581 1 1 1 1
 0.748581 1 1 1 1
 0.748581 1 1 1 1
 0.748581 1 1 1 1
 0.748581 1 1 1 1
 0.748581 1 1 1 1
 0.748581 1 1 1 1
 0.748581 1 1 1 1
 0.748581 1 1 1 1
 0.748581 1 1 1 1
 0.748581 1 1 1 1
 0.748581 1 1 1 1
 0.748581 1 1 1 1
 0.748581 1 1 1 1
 0.748581 1 1 1 1
 0.748581 1 1 1 1
 0.748581 1 1 1 1
 0.748581 1 1 1 1
 0.748581 1 1 1 1
Scru_pelaces
 0.741062 1 1 1 1
 0.741062 1 1 1 1
 0.741062 1 1 1 1
 0.741062 1 1 1 1
 0.741062 1 1 1 1
 0.741062 1 1 1 1
 0.741062 1 1 1 1
 0.741062 1 1 1 1
 0.741062 1 1 1 1
 0.741062 1 1 1 1
 0.741062 1 1 1 1
 0.741062 1 1 1 1
 0.741062 1 1 1 1
 0.741062 1 1 1 1
 0.741062 1 1 1 1
 0.741062 1 1 1 1
 0.741062 1 1 1 1
 0.741062 1 1 1 1
 0.741062 1 1 1 1
 0.741062 1 1 1 1
 0.741062 1 1 1 1
 0.741062 1 1 1 1
 0.741062 1 1 1 1
 0.741062 1 1 1 1
 0.741062 1 1 1 1
pf_obs 
 0.256992 0.487395 0.22802 0.0275931 0
 0.321318 0.546541 0.124235 0.00734118 0.000564706
 0.182869 0.594174 0.210203 0.0122559 0.00049798
 0.330522 0.361315 0.267642 0.0388342 0.00168674
 0.649043 0.306663 0.0425973 0.00169635 0
 0.582887 0.30429 0.105238 0.00758474 0
 0.465427 0.430635 0.0974691 0.00646863 0
 0.296916 0.608066 0.0921331 0.00288517 0
 0.311714 0.524322 0.152257 0.0117073 0
 0.15457 0.633149 0.183074 0.0267441 0.00246327
 0.131901 0.49318 0.331252 0.0422183 0.00144891
 0.196976 0.569456 0.194076 0.0375587 0.00193317
 0.518974 0.381816 0.0799577 0.0180837 0.00116848
 0.0928022 0.601141 0.25162 0.0475244 0.00691264
 0.122501 0.610282 0.24278 0.0234846 0.000952079
 0.383417 0.481906 0.127806 0.00687128 0
 0.0376549 0.599619 0.316969 0.0457579 0
 0.0361596 0.667082 0.258105 0.0386534 0
 0.158088 0.579412 0.248529 0.0139706 0
 0.0477256 0.309471 0.559284 0.082774 0.000745712
 0.0406174 0.521527 0.379366 0.0568643 0.0016247
 0.151134 0.462217 0.34131 0.0453401 0
 0.294876 0.26143 0.354403 0.0886775 0.000613685
 0.281977 0.475581 0.204845 0.0348837 0.00271318
 0.0354234 0.537034 0.353287 0.0723622 0.0018943
pf_pred 
 0.304311 0.475379 0.196779 0.0235176 1.30728e-05
 0.283975 0.561429 0.121171 0.0299661 0.00345816
 0.157524 0.642695 0.17142 0.022394 0.0059671
 0.272005 0.464919 0.225824 0.032164 0.00508692
 0.281341 0.495404 0.161394 0.0532936 0.00856723
 0.143343 0.587596 0.204219 0.0471655 0.0176771
 0.247969 0.392851 0.276852 0.0629207 0.0194074
 0.198207 0.551689 0.154977 0.0737618 0.021365
 0.246369 0.482667 0.210874 0.0376724 0.0224171
 0.238862 0.539572 0.164219 0.044949 0.0123985
 0.138617 0.592682 0.212585 0.0419067 0.0142087
 0.142958 0.493923 0.286748 0.0608805 0.01549
 0.216627 0.467501 0.219128 0.076952 0.0197925
 0.209421 0.607958 0.134355 0.03393 0.0143353
 0.279849 0.607328 0.101221 0.00869206 0.00290958
 0.326712 0.599934 0.0689008 0.0040272 0.000426572
 0.215846 0.637403 0.137542 0.00867214 0.000537272
 0.238227 0.519355 0.21331 0.027342 0.00176573
 0.218207 0.540443 0.186462 0.0484765 0.006412
 0.280696 0.470902 0.192875 0.0431825 0.0123446
 0.246319 0.545715 0.155299 0.0411639 0.0115034
 0.222201 0.510386 0.212357 0.041375 0.0136813
 0.259989 0.472092 0.198034 0.0557936 0.0140914
 0.223528 0.536785 0.174047 0.0488577 0.0167815
 0.0839996 0.588251 0.252741 0.0548686 0.0201399
pobs_RECLAS
 0 0 0 0 0
 0 0 0 0 0
 0 0 0 0 0
 0 0 0 0 0
 0.835266 0.146461 0.0176864 0.000547809 3.91292e-05
 0.385257 0.428462 0.181853 0.0044286 0
 0.867414 0.0963971 0.0333333 0.00285562 0
 0.441836 0.489002 0.0689373 0.000224442 0
 0.779404 0.147425 0.0564933 0.0165055 0.000172143
 0.814271 0.122319 0.05973 0.00367925 0
 0.40263 0.566651 0.0304383 0.000280538 0
 0.475488 0.404961 0.113038 0.00651328 0
 0.955842 0.0263864 0.0167828 0.000988607 0
 0.975058 0.0227948 0.00214734 0 0
 0.738997 0.206755 0.0527124 0.00153531 0
 0.850938 0.134255 0.0134407 0.00136685 0
 0.542534 0.407297 0.0501686 0 0
 0.764087 0.199537 0.0359546 0.000420521 0
 0.470689 0.182191 0.310203 0.0369168 0
 0.84361 0.089868 0.0606195 0.00523954 0.000663233
 0.607945 0.314616 0.071237 0.00620181 0
 0.523733 0.453247 0.0230204 0 0
 0.530135 0.295979 0.169645 0.0042399 0
 0.562478 0.366248 0.0663022 0.0049721 0
 0.250443 0.683176 0.0655157 0.000865301 0
ppred_RECLAS
 0.718346 0.214386 0.0602448 0.00701935 3.89658e-06
 0.689241 0.261856 0.0385368 0.00929473 0.0010712
 0.527207 0.393029 0.0687176 0.00872572 0.00232152
 0.679072 0.230313 0.0780382 0.010861 0.00171562
 0.682858 0.241268 0.0551942 0.0178188 0.00286102
 0.485617 0.391031 0.0941634 0.0212388 0.00795
 0.660689 0.207623 0.102045 0.0226617 0.00698125
 0.584547 0.317238 0.0614228 0.0285377 0.00825526
 0.655447 0.24907 0.0747169 0.0130258 0.00774093
 0.637609 0.282563 0.0595326 0.0159125 0.00438366
 0.484774 0.3947 0.0958688 0.0184204 0.00623699
 0.501374 0.332747 0.131684 0.0272664 0.0069282
 0.635398 0.252795 0.0782266 0.026718 0.00686184
 0.649338 0.298731 0.0385933 0.00938194 0.00395573
 0.736408 0.238921 0.0222291 0.00183044 0.000611345
 0.731262 0.248631 0.0189169 0.00107569 0.000113772
 0.605918 0.340976 0.0498525 0.00306387 0.00018956
 0.640957 0.271932 0.0768734 0.00961765 0.000620301
 0.611612 0.297068 0.0709333 0.0180081 0.00237892
 0.690796 0.226904 0.0642462 0.0140448 0.00400988
 0.642108 0.282983 0.0562655 0.0145751 0.00406808
 0.616748 0.281038 0.081558 0.0155273 0.00512804
 0.666639 0.239378 0.0698922 0.0192379 0.00485274
 0.616664 0.292883 0.0661039 0.0181292 0.00621927
 0.342419 0.474485 0.14195 0.0301081 0.0110377
pobs_PELACES
 0 0 0 0 0
 0 0 0 0 0
 0 0 0 0 0
 0 0 0 0 0
 0 0 0 0 0
 0 0 0 0 0
 0 0 0 0 0
 0 0 0 0 0
 0 0 0 0 0
 0 0 0 0 0
 0.450072 0.473896 0.0757376 0.000293798 0
 0 0 0 0 0
 0.463077 0.371075 0.160297 0.00555027 0
 0.529543 0.364841 0.0842815 0.0213345 0
 0.631943 0.363953 0.00410389 0 0
 0.735681 0.248677 0.0153453 0.000297389 0
 0.695825 0.281241 0.0229344 0 0
 0.275771 0.60734 0.115278 0.00161068 0
 0 0 0 0 0
 0.896147 0.0623911 0.0374545 0.00400742 0
 0.803859 0.145111 0.0509908 3.86294e-05 0
 0.739449 0.233085 0.0266225 0.000797448 4.60066e-05
 0.878498 0.100942 0.0204185 0.000141795 0
 0.694673 0.275183 0.0284847 0.00165964 0
 0.469039 0.446079 0.0841089 0.000773354 0
ppred_PELACES
 0.757226 0.18888 0.0483028 0.00558746 3.1005e-06
 0.725652 0.234261 0.0316336 0.00757964 0.00087323
 0.603576 0.337461 0.0508771 0.00638746 0.00169838
 0.692456 0.222678 0.0731112 0.0101508 0.00160322
 0.683326 0.241231 0.0548867 0.0177121 0.00284383
 0.511754 0.375719 0.0859796 0.0193173 0.00722926
 0.675613 0.201009 0.0956595 0.0211913 0.00652739
 0.616463 0.297328 0.0540142 0.0249734 0.00722231
 0.68947 0.22896 0.0639076 0.01108 0.00658265
 0.662323 0.266394 0.0532152 0.014166 0.00390168
 0.537418 0.36246 0.0797632 0.0152105 0.00514803
 0.549322 0.309422 0.112292 0.0230975 0.00586682
 0.703656 0.214137 0.0577019 0.0195002 0.00500526
 0.767051 0.205863 0.0202387 0.00481815 0.0020292
 0.842333 0.14664 0.00995923 0.00080056 0.00026703
 0.780491 0.20501 0.0136499 0.000768294 8.12155e-05
 0.652307 0.304678 0.0403985 0.00246433 0.000152405
 0.672546 0.251994 0.0666312 0.00829369 0.000534763
 0.637601 0.28071 0.0635102 0.0160571 0.00212072
 0.715605 0.211858 0.0566788 0.0123368 0.00352141
 0.653084 0.275826 0.0534241 0.0138113 0.00385449
 0.631461 0.272572 0.0766121 0.0145501 0.00480465
 0.683737 0.229586 0.0645078 0.0177037 0.00446504
 0.634386 0.281885 0.0612395 0.0167461 0.0057439
 0.359534 0.466969 0.134596 0.0284669 0.0104344
pobs_pel_tallas
 0 0 0 0 0 0 0 0 0 0 0 0 0 0 0 0 0 0 0 0 0 0 0 0 0 0 0 0 0 0 0 0 0 0 0 0
 0 0 0 0 0 0 0 0 0 0 0 0 0 0 0 0 0 0 0 0 0 0 0 0 0 0 0 0 0 0 0 0 0 0 0 0
 0 0 0 0 0 0 0 0 0 0 0 0 0 0 0 0 0 0 0 0 0 0 0 0 0 0 0 0 0 0 0 0 0 0 0 0
 0 0 0 0 0 0 0 0 0 0 0 0 0 0 0 0 0 0 0 0 0 0 0 0 0 0 0 0 0 0 0 0 0 0 0 0
 0 0 0 0 0 0 0 0 0 0 0 0 0 0 0 0 0 0 0 0 0 0 0 0 0 0 0 0 0 0 0 0 0 0 0 0
 0 0 0 0 0 0 0 0 0 0 0 0 0 0 0 0 0 0 0 0 0 0 0 0 0 0 0 0 0 0 0 0 0 0 0 0
 0 0 0 0 0 0 0 0 0 0 0 0 0 0 0 0 0 0 0 0 0 0 0 0 0 0 0 0 0 0 0 0 0 0 0 0
 0 0 0 0 0 0 0 0 0 0 0 0 0 0 0 0 0 0 0 0 0 0 0 0 0 0 0 0 0 0 0 0 0 0 0 0
 0 0 0 0 0 0 0 0 0 0 0 0 0 0 0 0 0 0 0 0 0 0 0 0 0 0 0 0 0 0 0 0 0 0 0 0
 0 0 0 0 0 0 0 0 0 0 0 0 0 0 0 0 0 0 0 0 0 0 0 0 0 0 0 0 0 0 0 0 0 0 0 0
 0 0 0 0 0 0 0 0 1.78061e-05 0.00172719 0.00360574 0.0105946 0.0120993 0.0124554 0.0147524 0.0171206 0.0266825 0.0428682 0.0675386 0.121331 0.153587 0.119568 0.100827 0.0573624 0.0630603 0.0341343 0.0324427 0.0444173 0.0211091 0.0280891 0.0125444 0.00206551 0 0 0 0
 0 0 0 0 0 0 0 0 0 0 0 0 0 0 0 0 0 0 0 0 0 0 0 0 0 0 0 0 0 0 0 0 0 0 0 0
 0 0 0 0 0 0 0.0133647 0.0140871 0.0187388 0.0205184 0.03894 0.0496705 0.03968 0.0493445 0.0407372 0.0367815 0.0215668 0.0243155 0.0234873 0.0199281 0.019796 0.0243948 0.0301388 0.0376714 0.0412746 0.0863199 0.0771752 0.113111 0.0741005 0.0525337 0.0229764 0.00759418 0.00175318 0 0 0
 0 0 0 0 0 0 0 0 0 0 0.00219441 0.00772107 0.0458388 0.0604681 0.0671733 0.0775358 0.0609151 0.0617685 0.073594 0.0568108 0.0755445 0.0548602 0.0670107 0.0636378 0.0643287 0.046367 0.0373049 0.0286899 0.0247887 0.0153202 0.00654259 0.00121912 0.000365735 0 0 0
 0 0 0 0 0 0 0 0 0 0 0 0 0.000112435 0.00938835 0.0111873 0.0202946 0.0414886 0.0713402 0.111592 0.104902 0.108894 0.110636 0.117776 0.105296 0.107544 0.0401394 0.0192827 0.0124803 0.00416011 0.0028671 0.000618394 0 0 0 0 0
 0 0 0 0 0 0 0 0 0 0 0.00291406 0.0102884 0.027416 0.0768956 0.0749926 0.110853 0.0956884 0.0897413 0.0766577 0.0534642 0.0500743 0.0551293 0.0594112 0.0620874 0.0668451 0.0424026 0.0208742 0.0120726 0.0048766 0.00582813 0.00118941 0.000297354 0 0 0 0
 0 0.00264628 0.0354308 0.0461629 0.0458689 0.0383711 0.0214643 0.0164657 0.0346957 0.0420465 0.0363128 0.0245516 0.0311673 0.0291091 0.0169068 0.0133784 0.00837989 0.0085269 0.0148486 0.0160247 0.0276389 0.0546898 0.0760071 0.122758 0.109233 0.0665981 0.0333725 0.0166128 0.00676272 0.00308733 0.000882094 0 0 0 0 0
 0 0 0 0 0 0 0 0.000805153 0.000690131 0.00759144 0.0133425 0.0154129 0.00931677 0.000345066 0.00356568 0.00563607 0.00851162 0.0253048 0.0502646 0.0516448 0.0657925 0.0565908 0.0611916 0.0827007 0.0866115 0.110766 0.145733 0.0935128 0.0569358 0.0249597 0.0138026 0.00621118 0.00161031 0.00115022 0 0
 0 0 0 0 0 0 0 0 0 0 0 0 0 0 0 0 0 0 0 0 0 0 0 0 0 0 0 0 0 0 0 0 0 0 0 0
 0.00147267 0.00158595 0.00478618 0.00569244 0.00954404 0.0108468 0.00647125 0.017049 0.0510054 0.094081 0.124002 0.0959785 0.0687766 0.0820023 0.061753 0.0591476 0.0492212 0.0479892 0.0443925 0.0268479 0.0217502 0.0140895 0.0121071 0.0120363 0.00920419 0.00665534 0.0049561 0.00860946 0.00930331 0.0156896 0.0114698 0.00855282 0.00243557 0.00046729 0 2.83206e-05
 0 0 0 0 0.000772559 0.00158375 0.000888443 0.00281984 0.00712685 0.0440552 0.0773331 0.111326 0.0921469 0.0852325 0.0710754 0.0886704 0.0786465 0.0553345 0.0373146 0.0185414 0.00753245 0.00457741 0.012979 0.0271748 0.0457355 0.0583668 0.034881 0.0177882 0.00938659 0.00492506 0.0015258 0.00185414 0.000309023 5.79419e-05 3.86279e-05 0
 0 0.00173294 0.00326652 0 0.00397197 0.00683976 0.00946217 0.0152591 0.00757587 0.0136028 0.0228656 0.0392903 0.0559909 0.0764795 0.0681675 0.0726916 0.0566044 0.0477403 0.0527397 0.0444891 0.0609904 0.0582453 0.0661739 0.0445044 0.0529084 0.0360697 0.0280645 0.0235558 0.0158879 0.00826598 0.00280645 0.00217768 0.000904811 0.00058276 9.20147e-05 0
 0 0 0 0 0 0 0 0 0 0 0 0 0 0 0 0 0 0 0 0 0 0 0 0 0 0 0 0 0 0 0 0 0 0 0 0
 0 0 0 0 0 0 0 0 0 0 0 0 0 0 0 0 0 0 0 0 0 0 0 0 0 0 0 0 0 0 0 0 0 0 0 0
 0 0 0 0 0 0 0 0 0 0 0 0 0 0 0 0 0 0 0 0 0 0 0 0 0 0 0 0 0 0 0 0 0 0 0 0
ppred_pel_tallas
 1.0094e-16 3.3039e-05 0.000193912 0.000921768 0.00354885 0.0110668 0.0279538 0.0571973 0.0948113 0.12733 0.138564 0.122231 0.087513 0.051106 0.0248637 0.0110559 0.00608218 0.00569836 0.00729651 0.0097148 0.0124503 0.0151712 0.0175616 0.0193282 0.0202542 0.0202471 0.0193568 0.0177563 0.0156933 0.0134299 0.0111906 0.00913104 0.00733268 0.00581586 0.00456237 0.00353709
 1.00827e-16 3.1664e-05 0.000185835 0.000883362 0.00340097 0.0106056 0.0267889 0.0548142 0.0908626 0.122032 0.13281 0.117184 0.0839632 0.0491604 0.0241545 0.0111425 0.00669417 0.00675498 0.00882202 0.011755 0.0150188 0.01822 0.0209704 0.0229115 0.0237852 0.0234939 0.0221214 0.0199068 0.0171806 0.0142863 0.0115122 0.00905146 0.00699491 0.00534919 0.00406808 0.00308318
 1.01132e-16 2.63452e-05 0.000154599 0.000734841 0.00282909 0.00882217 0.0222843 0.0455983 0.0755901 0.101533 0.110536 0.0976124 0.0701187 0.0414148 0.0210201 0.0108262 0.00804338 0.00934343 0.012648 0.0169506 0.0216768 0.026306 0.0302868 0.0331028 0.0343805 0.0339767 0.0320098 0.0288215 0.0248867 0.0206996 0.0166769 0.0130992 0.0101007 0.0076949 0.00581867 0.00437619
 1.01535e-16 3.02162e-05 0.000177336 0.000842957 0.0032454 0.0101205 0.0255635 0.0523069 0.0867065 0.11645 0.126737 0.111828 0.0801315 0.0469293 0.0230827 0.0106922 0.00649095 0.00661795 0.00869508 0.0116457 0.0149705 0.0183029 0.0212758 0.0235421 0.0248403 0.0250506 0.0242174 0.0225276 0.0202557 0.0176956 0.0151013 0.0126521 0.0104469 0.00851899 0.00686086 0.0054476
 1.016e-16 2.98187e-05 0.000175001 0.000831853 0.00320264 0.00998711 0.0252267 0.0516179 0.085565 0.114919 0.125075 0.110373 0.0791132 0.0463819 0.0229042 0.010761 0.00673557 0.00702181 0.00927003 0.0124057 0.0159136 0.0194015 0.0224738 0.0247594 0.0259841 0.0260319 0.0249672 0.0230099 0.0204727 0.0176846 0.0149242 0.0123816 0.0101521 0.00825479 0.00666246 0.00532969
 1.02345e-16 2.23429e-05 0.000131099 0.00062311 0.00239888 0.00748058 0.0188956 0.0386651 0.0640995 0.0861076 0.0937649 0.0828565 0.0596368 0.0354613 0.0184379 0.010215 0.00847247 0.0104236 0.0143174 0.0192745 0.0247365 0.0301491 0.0349058 0.0384297 0.0402942 0.0403192 0.0386077 0.0355048 0.0315017 0.027115 0.0227827 0.0188041 0.0153297 0.0123895 0.0099397 0.00790658
 1.02457e-16 2.94809e-05 0.000173021 0.000822448 0.00316644 0.00987423 0.0249416 0.0510342 0.0845963 0.113615 0.123648 0.109096 0.078159 0.0457445 0.0224458 0.0103088 0.006144 0.00618637 0.00812375 0.010922 0.0141182 0.0173845 0.020393 0.0228275 0.0244411 0.025105 0.02483 0.0237495 0.022074 0.0200349 0.0178359 0.0156261 0.0134963 0.0114917 0.00963223 0.00792863
 1.0206e-16 2.69054e-05 0.000157892 0.000750505 0.00288941 0.0090103 0.0227595 0.0465701 0.0771999 0.103691 0.112874 0.0996521 0.0715281 0.0421354 0.0211799 0.0105748 0.00745314 0.00840577 0.0113147 0.0151784 0.0194605 0.0237003 0.0274155 0.0301525 0.0315789 0.031559 0.0301812 0.0277251 0.0245836 0.0211661 0.0178162 0.0147636 0.0121176 0.00989122 0.00803951 0.00649659
 1.01671e-16 3.00862e-05 0.000176572 0.000839325 0.00323141 0.0100768 0.0254534 0.0520815 0.0863331 0.115949 0.126193 0.111352 0.0797983 0.0467501 0.0230238 0.0107138 0.00656909 0.00674656 0.00887697 0.011884 0.0152627 0.0186381 0.0216339 0.0238959 0.0251599 0.0253091 0.0243969 0.0226229 0.0202757 0.017661 0.01504 0.0125934 0.0104158 0.00853196 0.00692444 0.00555879
 1.01512e-16 2.89039e-05 0.000169628 0.000806304 0.00310426 0.00968031 0.0244518 0.0500326 0.082938 0.111394 0.121246 0.107012 0.0767439 0.045073 0.0224065 0.0107757 0.00707609 0.00762728 0.010151 0.0135908 0.0174159 0.0212008 0.0245091 0.026932 0.0281699 0.0280997 0.0268007 0.0245247 0.0216272 0.0184801 0.0153978 0.0125934 0.0101717 0.00814932 0.00648891 0.00513134
 1.02014e-16 2.34615e-05 0.000137667 0.000654338 0.00251912 0.00785554 0.0198427 0.0406028 0.0673109 0.0904186 0.0984512 0.0869786 0.0625623 0.0371175 0.019146 0.0103633 0.0083173 0.0100699 0.0137794 0.0185326 0.0237697 0.0289496 0.0334855 0.0368204 0.0385437 0.0384847 0.0367467 0.0336682 0.0297296 0.0254353 0.0212134 0.0173565 0.0140112 0.0112057 0.00889457 0.00700187
 1.02763e-16 2.39784e-05 0.000140707 0.000668799 0.00257482 0.00802924 0.0202814 0.0415 0.0687966 0.0924093 0.100605 0.0888499 0.063839 0.0377363 0.0192117 0.00999575 0.00756182 0.00889644 0.0121262 0.0163541 0.0210748 0.0258263 0.0301093 0.0334426 0.035459 0.0359838 0.0350659 0.0329487 0.0299959 0.0265985 0.0230951 0.0197258 0.0166255 0.0138445 0.0113827 0.00922006
 1.01793e-16 3.07041e-05 0.000180202 0.000856582 0.00329787 0.0102841 0.0259768 0.0531524 0.0881076 0.118331 0.12878 0.113624 0.0814016 0.0476399 0.0233699 0.0107201 0.00636415 0.0063737 0.00833047 0.0111442 0.0143179 0.017496 0.0203268 0.0224803 0.0237096 0.0239054 0.0231159 0.021525 0.0193984 0.017017 0.0146197 0.0123703 0.0103533 0.00858996 0.007064 0.00574546
 1.00615e-16 3.3468e-05 0.000196429 0.000933733 0.00359492 0.0112104 0.0283166 0.0579398 0.0960424 0.128985 0.140367 0.123827 0.0886695 0.0518081 0.0252543 0.0113109 0.00633248 0.00601871 0.00772124 0.0102499 0.0130751 0.0158364 0.0181898 0.019821 0.0205063 0.0201646 0.0188762 0.0168582 0.0144083 0.011834 0.00939215 0.00725314 0.00549414 0.00411595 0.00307111 0.00229213
 1.0023e-16 3.67483e-05 0.000215693 0.00102532 0.00394759 0.0123102 0.0310946 0.0636233 0.105461 0.141626 0.154105 0.135901 0.0972154 0.0565999 0.0272141 0.0115507 0.00557107 0.00452765 0.00550969 0.00724166 0.00921334 0.0111354 0.0127562 0.0138514 0.014263 0.0139366 0.0129342 0.0114164 0.00960158 0.00771503 0.00594447 0.00441402 0.00317907 0.00223814 0.00155335 0.00107114
 1.00291e-16 3.4054e-05 0.00019987 0.000950088 0.00365789 0.0114068 0.0288127 0.0589548 0.0977246 0.131243 0.142823 0.125991 0.0902121 0.0526952 0.0256598 0.0114462 0.0063417 0.00596739 0.0076261 0.0101059 0.0128695 0.0155537 0.0178144 0.0193386 0.0199061 0.0194409 0.01803 0.0158986 0.0133527 0.0107079 0.00822729 0.00608482 0.00435819 0.00304533 0.00209301 0.00142589
 1.00765e-16 2.84687e-05 0.00016707 0.000794133 0.00305739 0.00953412 0.0240826 0.0492774 0.0816874 0.109718 0.119431 0.105433 0.07566 0.0445344 0.0223199 0.0110334 0.00763195 0.0084986 0.0113839 0.0152224 0.0194456 0.0235704 0.0270959 0.0295556 0.0306145 0.0301473 0.0282667 0.025289 0.0216505 0.0178051 0.014135 0.0108969 0.00821235 0.00609106 0.00447095 0.0032587
 1.01338e-16 2.93492e-05 0.000172243 0.00081874 0.00315215 0.00982964 0.024829 0.0508042 0.0842166 0.113109 0.123109 0.108647 0.0778948 0.0457058 0.0226414 0.0107568 0.00689297 0.00730887 0.00969278 0.0129815 0.0166545 0.0203052 0.023519 0.0259052 0.027174 0.0272004 0.0260489 0.0239476 0.0212242 0.0182258 0.0152499 0.0125031 0.0100942 0.00805129 0.00635211 0.00495222
 1.01644e-16 2.78266e-05 0.000163302 0.000776224 0.00298844 0.00931913 0.0235395 0.0481661 0.0798447 0.107241 0.116732 0.103043 0.0739293 0.0434839 0.0217357 0.0106518 0.00725568 0.00801351 0.0107346 0.0143941 0.0184612 0.0224945 0.0260357 0.0286527 0.0300267 0.0300235 0.0287208 0.0263775 0.0233621 0.020062 0.0168061 0.0138197 0.0112162 0.00901864 0.00719435 0.00568777
 1.01463e-16 3.12251e-05 0.00018326 0.000871125 0.00335386 0.0104587 0.0264178 0.0540548 0.0896032 0.120339 0.130964 0.115547 0.082771 0.0484245 0.0237234 0.0108288 0.00635455 0.00630239 0.00821125 0.0109728 0.0140849 0.0171917 0.0199435 0.0220126 0.023155 0.023264 0.0223908 0.020722 0.018527 0.0160905 0.0136555 0.01139 0.00938141 0.0076518 0.00618365 0.00494336
 1.01503e-16 2.85015e-05 0.000167264 0.000795065 0.00306099 0.00954535 0.0241109 0.0493352 0.0817823 0.109843 0.119561 0.105532 0.075699 0.044492 0.0221784 0.0107669 0.00720182 0.00785805 0.0104891 0.0140473 0.0179974 0.0219014 0.025308 0.0277941 0.0290502 0.02895 0.0275772 0.0251947 0.0221727 0.0188983 0.0156985 0.0127947 0.0102953 0.00821673 0.00651869 0.00513802
 1.01901e-16 2.75585e-05 0.000161729 0.000768748 0.00295966 0.00922937 0.0233128 0.0477021 0.0790754 0.106208 0.115606 0.102047 0.0732103 0.0430522 0.021504 0.010513 0.00713112 0.00785975 0.0105326 0.0141407 0.0181669 0.022184 0.0257475 0.0284359 0.029934 0.0301028 0.0290053 0.0268791 0.0240684 0.0209377 0.0177993 0.0148696 0.0122627 0.0100095 0.00809018 0.00646435
 1.01808e-16 2.98362e-05 0.000175105 0.000832348 0.00320455 0.00999306 0.0252418 0.0516486 0.0856155 0.114986 0.125145 0.110429 0.0791406 0.0463722 0.0228518 0.0106575 0.00656739 0.00677155 0.00892151 0.01195 0.0153552 0.0187627 0.0217964 0.0241014 0.0254123 0.0256107 0.0247478 0.0230204 0.0207141 0.0181316 0.0155309 0.0130905 0.010904 0.00899645 0.00735215 0.00593967
 1.01806e-16 2.76864e-05 0.000162478 0.000772311 0.00297337 0.00927214 0.0234208 0.0479232 0.0794422 0.106701 0.116145 0.102526 0.0735614 0.0432739 0.0216425 0.0106257 0.00726299 0.00803917 0.0107748 0.0144492 0.0185324 0.0225823 0.0261394 0.028771 0.0301581 0.0301673 0.0288775 0.026549 0.0235514 0.0202725 0.0170402 0.0140773 0.0114946 0.00931212 0.00749446 0.00598465
 1.03529e-16 1.57092e-05 9.21446e-05 0.000437897 0.00168573 0.00525662 0.0132782 0.0271722 0.0450527 0.0605404 0.0659745 0.0584191 0.0423092 0.0256829 0.0143182 0.00946968 0.00960456 0.0128378 0.0179559 0.0242716 0.031221 0.03815 0.044312 0.048987 0.0516345 0.0520131 0.0502264 0.0466758 0.0419437 0.0366484 0.0313184 0.0263208 0.0218489 0.0179566 0.0146134 0.0117548
pSPR Fmed_Fpbrs
0.509173   0.6 0.325
Fs Fmed_Fpbrs
0.659713   0.44797 1.53356
SSBpbr Bo_Bmed_Bpbrs
882807  405361  485544 242772
Ro
34891.6
SPR SPRFo_SPRFmed_SPRFpbrs
716595 364871 232893
log_Ro
10.28
likeval ReclasPelacesDesembMPH_pf_preclas_ppelaces_ptallas_desvR_qrecl_qpela
 63.7041 15.0637 0.00844463 0.000201783 309.301 189.499 76.7564 0 16.096 8.10715e-06 7.80219e-05 9.60206e-15 0 0 0
q_reclas_q_pelaces
0.667995 3.5137
M
0.7
N
 36294 10804.7 3502.37 412.561 0.229156
 44048.3 16279.9 2729.47 664.929 76.6731
 22748.8 19934.4 4362.54 563.558 150.076
 34451.3 9627.56 3421.65 477.954 75.513
 61494.3 16536.1 3814.23 1232.15 197.844
 43122 30358.5 7897.61 1791.89 670.946
 78098.2 20267.6 10460.1 2331.64 718.437
 75935.6 37456.3 7987.24 3738.49 1081.89
 99361.5 35202.9 11779 2070.74 1231.15
 117002 45649 10425.9 2804.02 772.725
 66636.1 54856.5 15473.5 3007.36 1018.89
 45992.8 29747.2 13423.3 2807.5 713.753
 45828.4 20801.3 7938.1 2755.1 708.19
 24772.4 19601.5 3830.5 961.172 405.954
 14463.8 9161.2 1373.18 117.28 39.2471
 13384.3 5114.15 476.273 27.5051 2.91156
 10145.4 5755.3 975.74 60.6515 3.75476
 11646.4 4533.85 1418.29 178.824 11.5383
 12558.8 5380.99 1394.2 356.172 47.0672
 20134.5 5884.11 1815.53 399.511 114.103
 26321.7 9404.98 1945.72 505.555 141.13
 33794.7 12706.6 3870.49 739.618 244.314
 53658.2 16212.9 5017.31 1387.19 350.001
 64014.3 25564.3 6113.31 1684.03 577.85
 26256.6 30506.1 9656.06 2056.94 754.255
pred_Ctot
 2539.31 3966.78 1642.02 196.241 0.109085
 2823.72 5582.59 1204.87 297.969 34.3863
 2439.67 9953.82 2654.89 346.831 92.4163
 829.78 1418.28 688.9 98.1194 15.5182
 258.832 455.769 148.482 49.0299 7.88181
 1665.17 6825.93 2372.35 547.908 205.349
 1924.41 3048.79 2148.56 488.307 150.615
 3643.13 10140.3 2848.55 1355.77 392.698
 5371.63 10523.7 4597.73 821.379 488.764
 4714.95 10650.8 3241.56 887.26 244.737
 4871.81 20830.3 7471.49 1472.85 499.375
 2967.54 10252.9 5952.35 1263.76 321.544
 4610.47 9949.83 4663.7 1637.77 421.245
 4625.71 13428.6 2967.64 749.449 316.638
 3054.47 6628.8 1104.79 94.871 31.7572
 1301.37 2389.68 274.449 16.0413 1.69914
 734.678 2169.54 468.154 29.5175 1.82872
 585.278 1275.96 524.062 67.174 4.33806
 512.092 1268.32 437.593 113.766 15.0478
 862.615 1447.14 592.729 132.705 37.9365
 528.562 1171.02 333.247 88.3312 24.6845
 825.797 1896.81 789.21 153.767 50.8456
 1570.15 2851.09 1195.98 336.953 85.1016
 1861.65 4470.62 1449.56 406.911 139.765
 745.345 5219.66 2242.62 486.86 178.705
F
 0.101719 0.67587 0.961514 0.983388 0.984567
 0.092841 0.616879 0.877592 0.897557 0.898633
 0.159881 1.06232 1.5113 1.54568 1.54753
 0.0339968 0.225891 0.321359 0.32867 0.329064
 0.00586789 0.038989 0.055467 0.0567289 0.0567969
 0.0550098 0.365511 0.519988 0.531818 0.532455
 0.0347927 0.231179 0.328883 0.336365 0.336768
 0.0687576 0.456858 0.64994 0.664726 0.665523
 0.0777839 0.516833 0.735263 0.75199 0.752892
 0.057469 0.381851 0.543234 0.555592 0.556258
 0.106514 0.707728 1.00684 1.02974 1.03098
 0.0934701 0.62106 0.883539 0.90364 0.904723
 0.1493 0.992017 1.41128 1.44338 1.44511
 0.294753 1.95848 2.78619 2.84958 2.85299
 0.339642 2.25674 3.21051 3.28355 3.28749
 0.143965 0.956569 1.36085 1.3918 1.39347
 0.105451 0.700668 0.996792 1.01947 1.02069
 0.0721273 0.479248 0.681793 0.697304 0.69814
 0.0581676 0.386493 0.549838 0.562346 0.56302
 0.0611973 0.406624 0.578476 0.591636 0.592346
 0.0282728 0.187858 0.267253 0.273333 0.273661
 0.0344985 0.229225 0.326102 0.333521 0.333921
 0.0414384 0.275336 0.391702 0.400614 0.401094
 0.0411786 0.27361 0.389246 0.398101 0.398579
 0.0401769 0.266954 0.379778 0.388418 0.388883
nmprior
 10.6 11 7 0
nm_flota  nm_reclas  nm_pelaces    nm_pelaL
inf 18.8223 16.1195 37.1156
cv_recla  cv_pelaces  cv_mph
0.721952 0.440086 0.460872
 ------------------------------------------------
Talla a la edad & desviación 
 7.2 14.2025 17.0495 18.207 18.6776
 1.08 2.13037 2.55742 2.73105 2.80164
