years
 1997 1998 1999 2000 2001 2002 2003 2004 2005 2006 2007 2008 2009 2010 2011 2012 2013 2014 2015 2016 2017 2018 2019 2020 2021
reclasobs
 0 0 0 370054 412103 1.49427e+06 250295 1.28982e+06 931140 785840 897777 1.04006e+06 184774 17550 25797 100020 73551 82996 120727 218422 84188 347160 605670 569463 516374
reclaspred
 448475 132979 457419 328270 431763 508010 1.07872e+06 676247 694303 574448 436900 291125 177576 85223.6 63111.5 66778.5 86022.2 120411 129001 183305 259922 237817 417790 540374 606641
pelacesobs
 0 0 0 0 0 0 0 0 0 2.06254e+06 1.5e+06 0 1.87456e+06 323000 250000 174000 83755 137374 0 501740 490994 745055 786931 1.00524e+06 1.33801e+06
pelacespred
 1.85038e+06 496226 1.00857e+06 1.11509e+06 1.23888e+06 1.24144e+06 2.85751e+06 2.34637e+06 2.07617e+06 1.7557e+06 1.2038e+06 822921 497708 202561 146873 164906 220833 311221 345559 475470 744342 669367 925038 1.41893e+06 1.65151e+06
mphobs
 0 0 0 0 0 112323 0 153150 637223 0 255016 313432 73983 77613 109348 50772 0 0 0 0 0 0 0 0 0
mphpred
 160587 111851 148730 204743 195471 277105 415776 470723 379198 350514 299149 206421 127200 67348.4 34432.3 31002.1 38508.9 54638.5 69145.7 80112.1 117630 136708 172712 250060 337696
desembarqueobs
 350755 77701 442110 56441 14545 235359 269955 359681 431902 328805 639364 411747 362871 311530 167758 66681 60226 58785 57116 73181 50977 67692 138656 160484 209506
desembarquepred
 350766 77705 442157 56442.8 14545.1 235394 269982 359718 431986 328877 639800 412121 363387 312162 167866 66699.5 60246.9 58789.5 57115.6 73184.9 50978.6 67690.3 138661 160491 209510
Reclutas
 80437.1 100686 65277.9 93813.1 153242 114889 169199 142228 153310 137559 68254.2 41441.6 42262.5 24658.4 19956.9 26096.9 22430.2 25700.8 29438.4 50822.6 63489.3 83493.6 137266 167918 75576
log_desv_Rt
 0.17523 0.399758 -0.0335914 0.329059 0.819771 0.531724 0.91883 0.745186 0.820218 0.711811 0.0109942 -0.48796 -0.468346 -1.00713 -1.21867 -0.950429 -1.10184 -0.965722 -0.829943 -0.283904 -0.0613738 0.212525 0.709677 0.911229 0.112894
SSB
 958109 667339 887365 1.22156e+06 1.16624e+06 1.65329e+06 2.48064e+06 2.80847e+06 2.26241e+06 2.09127e+06 1.78481e+06 1.23157e+06 758913 401821 205433 184968 229755 325990 412544 477972 701816 815640 1.03045e+06 1.49193e+06 2.01479e+06
BT
 3.30978e+06 930161 1.87602e+06 1.85918e+06 2.01336e+06 2.18592e+06 4.80877e+06 4.19842e+06 3.75265e+06 3.15514e+06 2.52964e+06 1.71039e+06 1.16236e+06 629311 381800 322068 406767 550003 606639 828578 1.2455e+06 1.1425e+06 1.58855e+06 2.42365e+06 2.83213e+06
Ftot
 0.30624 0.219898 0.29376 0.0537688 0.0118304 0.125663 0.0787872 0.162278 0.192888 0.170105 0.384442 0.362529 0.56847 0.986638 0.870032 0.335867 0.23681 0.156934 0.131428 0.135496 0.064478 0.0859703 0.101177 0.095896 0.0930257
BD_Bspro_t
 0.963374 0.827781 0.809129 0.729217 0.812384 0.890475 0.868578 0.869702 0.822197 0.779477 0.732686 0.585712 0.47312 0.359596 0.243903 0.265821 0.391674 0.563539 0.671481 0.746875 0.824858 0.877311 0.88235 0.887087 0.889741
BD_Bspro
 0.691045 0.481325 0.640021 0.881059 0.841161 1.19245 1.78919 2.02564 1.63178 1.50835 1.28731 0.888283 0.547373 0.289817 0.148171 0.13341 0.165713 0.235123 0.297551 0.344742 0.506191 0.588288 0.743222 1.07607 1.45319
BD_Bo
 0.598093 0.416582 0.553932 0.762549 0.728017 1.03206 1.54852 1.75317 1.41229 1.30546 1.11416 0.7688 0.473746 0.250834 0.12824 0.115465 0.143423 0.203497 0.257528 0.298371 0.438104 0.509158 0.643252 0.931331 1.25772
BD_Brms
 1.08744 0.757422 1.00715 1.38645 1.32367 1.87647 2.8155 3.18758 2.56781 2.37356 2.02574 1.39782 0.861357 0.456062 0.233164 0.209936 0.26077 0.369995 0.468232 0.542493 0.796553 0.925742 1.16955 1.69333 2.28677
S_f
 0.203082 1 1 1 1
 0.203082 1 1 1 1
 0.203082 1 1 1 1
 0.203082 1 1 1 1
 0.203082 1 1 1 1
 0.203082 1 1 1 1
 0.203082 1 1 1 1
 0.203082 1 1 1 1
 0.203082 1 1 1 1
 0.203082 1 1 1 1
 0.203082 1 1 1 1
 0.203082 1 1 1 1
 0.203082 1 1 1 1
 0.203082 1 1 1 1
 0.203082 1 1 1 1
 0.203082 1 1 1 1
 0.203082 1 1 1 1
 0.203082 1 1 1 1
 0.203082 1 1 1 1
 0.203082 1 1 1 1
 0.203082 1 1 1 1
 0.203082 1 1 1 1
 0.203082 1 1 1 1
 0.203082 1 1 1 1
 0.203082 1 1 1 1
Scru_reclas
 1 1 1 1 1
 1 1 1 1 1
 1 1 1 1 1
 1 1 1 1 1
 1 1 1 1 1
 1 1 1 1 1
 1 1 1 1 1
 1 1 1 1 1
 1 1 1 1 1
 1 1 1 1 1
 1 1 1 1 1
 1 1 1 1 1
 1 1 1 1 1
 1 1 1 1 1
 1 1 1 1 1
 1 1 1 1 1
 1 1 1 1 1
 1 1 1 1 1
 1 1 1 1 1
 1 1 1 1 1
 1 1 1 1 1
 1 1 1 1 1
 1 1 1 1 1
 1 1 1 1 1
 1 1 1 1 1
Scru_pelaces
 0.983556 1 1 1 1
 0.983556 1 1 1 1
 0.983556 1 1 1 1
 0.983556 1 1 1 1
 0.983556 1 1 1 1
 0.983556 1 1 1 1
 0.983556 1 1 1 1
 0.983556 1 1 1 1
 0.983556 1 1 1 1
 0.983556 1 1 1 1
 0.983556 1 1 1 1
 0.983556 1 1 1 1
 0.983556 1 1 1 1
 0.983556 1 1 1 1
 0.983556 1 1 1 1
 0.983556 1 1 1 1
 0.983556 1 1 1 1
 0.983556 1 1 1 1
 0.983556 1 1 1 1
 0.983556 1 1 1 1
 0.983556 1 1 1 1
 0.983556 1 1 1 1
 0.983556 1 1 1 1
 0.983556 1 1 1 1
 0.983556 1 1 1 1
pf_obs 
 0.256992 0.487395 0.22802 0.0275931 0
 0.321318 0.546541 0.124235 0.00734118 0.000564706
 0.182869 0.594174 0.210203 0.0122559 0.00049798
 0.330522 0.361315 0.267642 0.0388342 0.00168674
 0.649043 0.306663 0.0425973 0.00169635 0
 0.582887 0.30429 0.105238 0.00758474 0
 0.465427 0.430635 0.0974691 0.00646863 0
 0.296916 0.608066 0.0921331 0.00288517 0
 0.311714 0.524322 0.152257 0.0117073 0
 0.15457 0.633149 0.183074 0.0267441 0.00246327
 0.131901 0.49318 0.331252 0.0422183 0.00144891
 0.196976 0.569456 0.194076 0.0375587 0.00193317
 0.518974 0.381816 0.0799577 0.0180837 0.00116848
 0.0928022 0.601141 0.25162 0.0475244 0.00691264
 0.122501 0.610282 0.24278 0.0234846 0.000952079
 0.383417 0.481906 0.127806 0.00687128 0
 0.0376549 0.599619 0.316969 0.0457579 0
 0.0361596 0.667082 0.258105 0.0386534 0
 0.158088 0.579412 0.248529 0.0139706 0
 0.0477256 0.309471 0.559284 0.082774 0.000745712
 0.0406174 0.521527 0.379366 0.0568643 0.0016247
 0.151134 0.462217 0.34131 0.0453401 0
 0.294876 0.26143 0.354403 0.0886775 0.000613685
 0.281977 0.475581 0.204845 0.0348837 0.00271318
 0.0354234 0.537034 0.353287 0.0723622 0.0018943
pf_pred 
 0.389415 0.431269 0.160399 0.0189075 9.5231e-06
 0.31513 0.53636 0.104896 0.0390133 0.00460113
 0.17964 0.58618 0.183399 0.0358676 0.0149133
 0.259807 0.408685 0.236876 0.0741118 0.0205206
 0.302348 0.445826 0.139041 0.080589 0.0321955
 0.179644 0.559534 0.166675 0.0519815 0.0421652
 0.252865 0.398162 0.238021 0.0709022 0.0400492
 0.189604 0.513153 0.158406 0.0946952 0.0441413
 0.212291 0.435979 0.22272 0.0687518 0.0602582
 0.193151 0.477251 0.182425 0.0931919 0.0539811
 0.11811 0.493873 0.229512 0.0877289 0.0707761
 0.117894 0.388446 0.276458 0.128475 0.088727
 0.191523 0.353546 0.200335 0.142578 0.112018
 0.180639 0.494298 0.142149 0.080548 0.102365
 0.25346 0.474713 0.163986 0.0471587 0.0606822
 0.338952 0.473945 0.118976 0.0410992 0.0270278
 0.23353 0.572144 0.139324 0.0349749 0.0200271
 0.245132 0.472197 0.211004 0.051382 0.0202845
 0.242325 0.478731 0.17449 0.077972 0.0264828
 0.322245 0.423985 0.160343 0.0584424 0.0349853
 0.277008 0.515733 0.129655 0.049033 0.0285704
 0.270408 0.481584 0.176912 0.0444756 0.0266202
 0.316967 0.447234 0.155645 0.0571767 0.0229777
 0.271305 0.513814 0.140699 0.0489655 0.0252164
 0.112954 0.582624 0.214653 0.0587788 0.0309905
pobs_RECLAS
 0 0 0 0 0
 0 0 0 0 0
 0 0 0 0 0
 0 0 0 0 0
 0.835266 0.146461 0.0176864 0.000547809 3.91292e-05
 0.385257 0.428462 0.181853 0.0044286 0
 0.867414 0.0963971 0.0333333 0.00285562 0
 0.441836 0.489002 0.0689373 0.000224442 0
 0.779404 0.147425 0.0564933 0.0165055 0.000172143
 0.814271 0.122319 0.05973 0.00367925 0
 0.40263 0.566651 0.0304383 0.000280538 0
 0.475488 0.404961 0.113038 0.00651328 0
 0.955842 0.0263864 0.0167828 0.000988607 0
 0.975058 0.0227948 0.00214734 0 0
 0.738997 0.206755 0.0527124 0.00153531 0
 0.850938 0.134255 0.0134407 0.00136685 0
 0.542534 0.407297 0.0501686 0 0
 0.764087 0.199537 0.0359546 0.000420521 0
 0.470689 0.182191 0.310203 0.0369168 0
 0.84361 0.089868 0.0606195 0.00523954 0.000663233
 0.607945 0.314616 0.071237 0.00620181 0
 0.523733 0.453247 0.0230204 0 0
 0.530135 0.295979 0.169645 0.0042399 0
 0.562478 0.366248 0.0663022 0.0049721 0
 0.250443 0.683176 0.0655157 0.000865301 0
ppred_RECLAS
 0.761718 0.168303 0.0625959 0.00737867 3.71641e-06
 0.696337 0.237815 0.0465097 0.017298 0.00204008
 0.523044 0.340804 0.106628 0.0208533 0.00867054
 0.634082 0.202036 0.117101 0.0366376 0.0101445
 0.68104 0.203828 0.0635685 0.0368445 0.0147195
 0.520437 0.327092 0.0974347 0.0303873 0.0246489
 0.625892 0.199369 0.119183 0.0355024 0.0200536
 0.537447 0.292895 0.0904141 0.0540496 0.0251947
 0.572807 0.236442 0.120786 0.0372857 0.0326795
 0.543254 0.270165 0.103268 0.0527546 0.030558
 0.403025 0.334316 0.155363 0.059386 0.0479102
 0.402133 0.263278 0.187375 0.0870767 0.0601367
 0.548004 0.197657 0.112001 0.0797113 0.0626261
 0.541011 0.276896 0.0796292 0.0451214 0.0573428
 0.641702 0.227836 0.0787041 0.0226336 0.0291241
 0.720315 0.200523 0.0503379 0.0173888 0.0114353
 0.603185 0.296209 0.0721304 0.0181071 0.0103684
 0.617179 0.239468 0.107008 0.0260577 0.010287
 0.613228 0.244379 0.0890723 0.0398025 0.0135187
 0.702166 0.186317 0.0704613 0.0256821 0.015374
 0.654285 0.246609 0.0619976 0.0234462 0.0136615
 0.646992 0.233011 0.0855974 0.0215192 0.01288
 0.696664 0.198617 0.069122 0.0253922 0.0102044
 0.64815 0.248095 0.0679363 0.023643 0.0121757
 0.386476 0.402971 0.148464 0.0406542 0.0214345
pobs_PELACES
 0 0 0 0 0
 0 0 0 0 0
 0 0 0 0 0
 0 0 0 0 0
 0 0 0 0 0
 0 0 0 0 0
 0 0 0 0 0
 0 0 0 0 0
 0 0 0 0 0
 0 0 0 0 0
 0.450072 0.473896 0.0757376 0.000293798 0
 0 0 0 0 0
 0.463077 0.371075 0.160297 0.00555027 0
 0.529543 0.364841 0.0842815 0.0213345 0
 0.631943 0.363953 0.00410389 0 0
 0.735681 0.248677 0.0153453 0.000297389 0
 0.695825 0.281241 0.0229344 0 0
 0.275771 0.60734 0.115278 0.00161068 0
 0 0 0 0 0
 0.896147 0.0623911 0.0374545 0.00400742 0
 0.803859 0.145111 0.0509908 3.86294e-05 0
 0.739449 0.233085 0.0266225 0.000797448 4.60066e-05
 0.878498 0.100942 0.0204185 0.000141795 0
 0.694673 0.275183 0.0284847 0.00165964 0
 0.469039 0.446079 0.0841089 0.000773354 0
ppred_PELACES
 0.773132 0.160242 0.0595977 0.00702525 3.5384e-06
 0.704988 0.23104 0.0451847 0.0168052 0.00198196
 0.538155 0.330007 0.10325 0.0201927 0.00839585
 0.633515 0.202348 0.117282 0.0366943 0.0101602
 0.678107 0.205702 0.064153 0.0371833 0.0148548
 0.524545 0.32429 0.0966 0.030127 0.0244377
 0.626861 0.198853 0.118874 0.0354105 0.0200017
 0.543928 0.288791 0.0891473 0.0532923 0.0248417
 0.58114 0.231829 0.11843 0.0365584 0.0320419
 0.550231 0.266038 0.101691 0.0519488 0.0300912
 0.423517 0.32284 0.15003 0.0573476 0.0462657
 0.421205 0.254879 0.181398 0.0842989 0.0582183
 0.580671 0.183372 0.103907 0.0739504 0.0581
 0.600441 0.241044 0.0693188 0.0392791 0.049918
 0.6889 0.197824 0.0683365 0.0196521 0.0252876
 0.734538 0.190325 0.047778 0.0165045 0.0108538
 0.61407 0.288084 0.0701519 0.0176105 0.010084
 0.622996 0.23583 0.105382 0.0256618 0.0101307
 0.617484 0.241689 0.0880921 0.0393645 0.0133699
 0.706135 0.183834 0.0695223 0.0253398 0.0151691
 0.654371 0.246549 0.0619823 0.0234404 0.0136582
 0.648368 0.232103 0.0852639 0.0214353 0.0128298
 0.698779 0.197232 0.0686401 0.0252152 0.0101333
 0.650117 0.246708 0.0675564 0.0235108 0.0121076
 0.388347 0.401742 0.148011 0.0405302 0.0213691
pobs_pel_tallas
 0 0 0 0 0 0 0 0 0 0 0 0 0 0 0 0 0 0 0 0 0 0 0 0 0 0 0 0 0 0 0 0 0 0 0 0
 0 0 0 0 0 0 0 0 0 0 0 0 0 0 0 0 0 0 0 0 0 0 0 0 0 0 0 0 0 0 0 0 0 0 0 0
 0 0 0 0 0 0 0 0 0 0 0 0 0 0 0 0 0 0 0 0 0 0 0 0 0 0 0 0 0 0 0 0 0 0 0 0
 0 0 0 0 0 0 0 0 0 0 0 0 0 0 0 0 0 0 0 0 0 0 0 0 0 0 0 0 0 0 0 0 0 0 0 0
 0 0 0 0 0 0 0 0 0 0 0 0 0 0 0 0 0 0 0 0 0 0 0 0 0 0 0 0 0 0 0 0 0 0 0 0
 0 0 0 0 0 0 0 0 0 0 0 0 0 0 0 0 0 0 0 0 0 0 0 0 0 0 0 0 0 0 0 0 0 0 0 0
 0 0 0 0 0 0 0 0 0 0 0 0 0 0 0 0 0 0 0 0 0 0 0 0 0 0 0 0 0 0 0 0 0 0 0 0
 0 0 0 0 0 0 0 0 0 0 0 0 0 0 0 0 0 0 0 0 0 0 0 0 0 0 0 0 0 0 0 0 0 0 0 0
 0 0 0 0 0 0 0 0 0 0 0 0 0 0 0 0 0 0 0 0 0 0 0 0 0 0 0 0 0 0 0 0 0 0 0 0
 0 0 0 0 0 0 0 0 0 0 0 0 0 0 0 0 0 0 0 0 0 0 0 0 0 0 0 0 0 0 0 0 0 0 0 0
 0 0 0 0 0 0 0 0 1.78061e-05 0.00172719 0.00360574 0.0105946 0.0120993 0.0124554 0.0147524 0.0171206 0.0266825 0.0428682 0.0675386 0.121331 0.153587 0.119568 0.100827 0.0573624 0.0630603 0.0341343 0.0324427 0.0444173 0.0211091 0.0280891 0.0125444 0.00206551 0 0 0 0
 0 0 0 0 0 0 0 0 0 0 0 0 0 0 0 0 0 0 0 0 0 0 0 0 0 0 0 0 0 0 0 0 0 0 0 0
 0 0 0 0 0 0 0.0133647 0.0140871 0.0187388 0.0205184 0.03894 0.0496705 0.03968 0.0493445 0.0407372 0.0367815 0.0215668 0.0243155 0.0234873 0.0199281 0.019796 0.0243948 0.0301388 0.0376714 0.0412746 0.0863199 0.0771752 0.113111 0.0741005 0.0525337 0.0229764 0.00759418 0.00175318 0 0 0
 0 0 0 0 0 0 0 0 0 0 0.00219441 0.00772107 0.0458388 0.0604681 0.0671733 0.0775358 0.0609151 0.0617685 0.073594 0.0568108 0.0755445 0.0548602 0.0670107 0.0636378 0.0643287 0.046367 0.0373049 0.0286899 0.0247887 0.0153202 0.00654259 0.00121912 0.000365735 0 0 0
 0 0 0 0 0 0 0 0 0 0 0 0 0.000112435 0.00938835 0.0111873 0.0202946 0.0414886 0.0713402 0.111592 0.104902 0.108894 0.110636 0.117776 0.105296 0.107544 0.0401394 0.0192827 0.0124803 0.00416011 0.0028671 0.000618394 0 0 0 0 0
 0 0 0 0 0 0 0 0 0 0 0.00291406 0.0102884 0.027416 0.0768956 0.0749926 0.110853 0.0956884 0.0897413 0.0766577 0.0534642 0.0500743 0.0551293 0.0594112 0.0620874 0.0668451 0.0424026 0.0208742 0.0120726 0.0048766 0.00582813 0.00118941 0.000297354 0 0 0 0
 0 0.00264628 0.0354308 0.0461629 0.0458689 0.0383711 0.0214643 0.0164657 0.0346957 0.0420465 0.0363128 0.0245516 0.0311673 0.0291091 0.0169068 0.0133784 0.00837989 0.0085269 0.0148486 0.0160247 0.0276389 0.0546898 0.0760071 0.122758 0.109233 0.0665981 0.0333725 0.0166128 0.00676272 0.00308733 0.000882094 0 0 0 0 0
 0 0 0 0 0 0 0 0.000805153 0.000690131 0.00759144 0.0133425 0.0154129 0.00931677 0.000345066 0.00356568 0.00563607 0.00851162 0.0253048 0.0502646 0.0516448 0.0657925 0.0565908 0.0611916 0.0827007 0.0866115 0.110766 0.145733 0.0935128 0.0569358 0.0249597 0.0138026 0.00621118 0.00161031 0.00115022 0 0
 0 0 0 0 0 0 0 0 0 0 0 0 0 0 0 0 0 0 0 0 0 0 0 0 0 0 0 0 0 0 0 0 0 0 0 0
 0.00147267 0.00158595 0.00478618 0.00569244 0.00954404 0.0108468 0.00647125 0.017049 0.0510054 0.094081 0.124002 0.0959785 0.0687766 0.0820023 0.061753 0.0591476 0.0492212 0.0479892 0.0443925 0.0268479 0.0217502 0.0140895 0.0121071 0.0120363 0.00920419 0.00665534 0.0049561 0.00860946 0.00930331 0.0156896 0.0114698 0.00855282 0.00243557 0.00046729 0 2.83206e-05
 0 0 0 0 0.000772559 0.00158375 0.000888443 0.00281984 0.00712685 0.0440552 0.0773331 0.111326 0.0921469 0.0852325 0.0710754 0.0886704 0.0786465 0.0553345 0.0373146 0.0185414 0.00753245 0.00457741 0.012979 0.0271748 0.0457355 0.0583668 0.034881 0.0177882 0.00938659 0.00492506 0.0015258 0.00185414 0.000309023 5.79419e-05 3.86279e-05 0
 0 0.00173294 0.00326652 0 0.00397197 0.00683976 0.00946217 0.0152591 0.00757587 0.0136028 0.0228656 0.0392903 0.0559909 0.0764795 0.0681675 0.0726916 0.0566044 0.0477403 0.0527397 0.0444891 0.0609904 0.0582453 0.0661739 0.0445044 0.0529084 0.0360697 0.0280645 0.0235558 0.0158879 0.00826598 0.00280645 0.00217768 0.000904811 0.00058276 9.20147e-05 0
 0 0 0 0 0 0 0 0 0 0 0 0 0 0 0 0 0 0 0 0 0 0 0 0 0 0 0 0 0 0 0 0 0 0 0 0
 0 0 0 0 0 0 0 0 0 0 0 0 0 0 0 0 0 0 0 0 0 0 0 0 0 0 0 0 0 0 0 0 0 0 0 0
 0 0 0 0 0 0 0 0 0 0 0 0 0 0 0 0 0 0 0 0 0 0 0 0 0 0 0 0 0 0 0 0 0 0 0 0
ppred_pel_tallas
 1.0114e-16 3.37314e-05 0.000197979 0.000941111 0.00362334 0.0112991 0.0285405 0.0583975 0.0967999 0.129998 0.141459 0.124768 0.0892911 0.0520673 0.0251879 0.0109575 0.00568784 0.00503874 0.00635051 0.0084543 0.0108702 0.0133064 0.0154933 0.0171792 0.0181731 0.0183845 0.0178404 0.0166695 0.0150642 0.0132325 0.0113552 0.00956242 0.00792837 0.00648194 0.00522372 0.00414164
 1.01387e-16 3.07629e-05 0.000180545 0.000858212 0.00330413 0.0103036 0.0260262 0.0532535 0.0882757 0.118558 0.129031 0.113853 0.0815837 0.0477822 0.0235058 0.0108926 0.00661448 0.00673724 0.0088341 0.0118012 0.0151209 0.0184109 0.0212909 0.0234063 0.0244973 0.0244573 0.0233541 0.0214052 0.0189172 0.0162108 0.0135566 0.0111374 0.00904288 0.00728675 0.00583679 0.00464271
 1.0266e-16 2.34923e-05 0.000137851 0.000655218 0.00252252 0.00786615 0.0198695 0.0406573 0.0674004 0.0905363 0.0985723 0.087069 0.0625913 0.0370626 0.0189862 0.0100684 0.00784404 0.00936723 0.0128006 0.0172517 0.0221984 0.0271499 0.0315738 0.0349593 0.0369213 0.0372842 0.0361146 0.0336883 0.0304093 0.0267081 0.0229542 0.0194056 0.0162012 0.0133838 0.0109385 0.00882728
 1.03467e-16 2.76453e-05 0.000162244 0.000771214 0.00296918 0.00925906 0.0233877 0.0478549 0.0793268 0.10654 0.115952 0.102316 0.0733248 0.0429619 0.0211684 0.00987298 0.00609637 0.00631955 0.00838367 0.0113234 0.0147022 0.0182024 0.0214989 0.0242728 0.0262673 0.0273372 0.0274702 0.0267714 0.0254215 0.0236238 0.0215602 0.019367 0.0171336 0.0149157 0.0127533 0.010684
 1.0295e-16 2.95897e-05 0.00017366 0.000825484 0.00317813 0.00991068 0.0250336 0.0512226 0.0849087 0.114035 0.124105 0.1095 0.0784503 0.0459183 0.0225367 0.0103586 0.00618199 0.00622558 0.00816514 0.0109576 0.0141326 0.0173559 0.0202955 0.0226365 0.0241392 0.024689 0.0243163 0.0231751 0.0214938 0.019514 0.0174389 0.0154058 0.0134846 0.0116947 0.0100301 0.00848062
 1.03654e-16 2.28986e-05 0.000134366 0.000638652 0.00245874 0.00766725 0.0193671 0.0396293 0.0656963 0.0882475 0.0960813 0.0848707 0.0610155 0.0361387 0.01853 0.00985487 0.00771296 0.0092357 0.0126351 0.017044 0.0219555 0.0268928 0.0313378 0.0347933 0.0368837 0.0374365 0.0365136 0.0343775 0.0314123 0.0280243 0.0245572 0.0212458 0.0182102 0.0154815 0.0130412 0.0108557
 1.03904e-16 2.7355e-05 0.00016054 0.000763113 0.00293799 0.00916181 0.023142 0.0473522 0.0784935 0.105421 0.114734 0.101241 0.0725536 0.0425088 0.020943 0.00976482 0.0060267 0.00624764 0.00829332 0.0112114 0.0145736 0.01807 0.0213831 0.0242004 0.026269 0.0274436 0.027707 0.0271556 0.0259582 0.0243053 0.0223668 0.020269 0.0180953 0.0158985 0.0137198 0.0116011
 1.04352e-16 2.37422e-05 0.000139322 0.000662223 0.00254951 0.00795032 0.020082 0.0410919 0.0681195 0.0914983 0.0996094 0.0879606 0.0631788 0.0373035 0.018913 0.00971387 0.00719754 0.00837674 0.0113991 0.0153882 0.0198656 0.0244055 0.0285509 0.0318617 0.0340019 0.0348111 0.0343312 0.0327769 0.0304667 0.0277362 0.0248674 0.0220491 0.0193761 0.0168734 0.0145316 0.012337
 1.04511e-16 2.53627e-05 0.000148841 0.000707485 0.0027238 0.00849385 0.0214549 0.0439004 0.0727731 0.0977422 0.106389 0.0939054 0.0673572 0.0395866 0.0197314 0.00958323 0.00643175 0.00706647 0.00951225 0.0128699 0.0167027 0.0206628 0.0243829 0.0275035 0.0297382 0.0309299 0.0310746 0.0303014 0.028823 0.0268726 0.0246529 0.0223087 0.0199266 0.0175527 0.0152164 0.0129477
 1.04722e-16 2.40162e-05 0.000140933 0.000669884 0.00257901 0.00804233 0.0203144 0.0415672 0.0689067 0.0925534 0.100752 0.0889561 0.0638639 0.0376479 0.018977 0.00956759 0.00687303 0.00786655 0.0106777 0.0144349 0.0186819 0.023027 0.0270505 0.0303453 0.0325952 0.0336395 0.0334983 0.0323476 0.0304573 0.0281157 0.0255666 0.0229759 0.0204315 0.0179659 0.0155864 0.0133007
 1.06368e-16 1.84932e-05 0.000108503 0.000515695 0.00198533 0.00619093 0.015638 0.0319994 0.0530499 0.0712666 0.0776103 0.0685963 0.0494058 0.0294449 0.0154364 0.0087621 0.00752467 0.00944514 0.013104 0.017802 0.0231007 0.0285552 0.0336628 0.037927 0.0409547 0.0425353 0.0426719 0.0415535 0.0394832 0.0367897 0.0337549 0.0305753 0.027363 0.0241711 0.0210289 0.0179685
 1.08275e-16 1.83897e-05 0.000107901 0.00051285 0.00197439 0.00615685 0.0155519 0.0318226 0.052755 0.0708651 0.077159 0.0681638 0.0490214 0.0290703 0.0149757 0.00808858 0.00650224 0.0079423 0.0110112 0.0150584 0.0197264 0.0246778 0.0295279 0.0338824 0.0374082 0.0398922 0.0412674 0.0415955 0.0410203 0.0397106 0.0378155 0.0354454 0.0326794 0.0295857 0.0262452 0.0227624
 1.06791e-16 2.53401e-05 0.000148713 0.000706889 0.00272152 0.00848676 0.0214369 0.0438633 0.0727101 0.0976535 0.106282 0.0937846 0.0672139 0.0393887 0.0194227 0.00908688 0.00565617 0.00591359 0.00789252 0.0107243 0.0140285 0.0175358 0.0209689 0.0240519 0.026556 0.0283406 0.0293701 0.029698 0.0294314 0.0286874 0.0275604 0.0261097 0.0243672 0.022357 0.0201154 0.0177037
 1.04745e-16 2.62044e-05 0.000153782 0.000730977 0.00281425 0.00877591 0.0221674 0.0453582 0.0751896 0.100987 0.109921 0.0970201 0.0695861 0.0408857 0.0203575 0.00984863 0.00655317 0.00714626 0.00957773 0.012908 0.0166765 0.0205168 0.0240497 0.0269122 0.0288284 0.0296665 0.0294606 0.0283856 0.0266975 0.0246631 0.0225001 0.0203476 0.0182668 0.0162643 0.014324 0.0124329
 1.02892e-16 3.006e-05 0.000176422 0.000838616 0.0032287 0.0100684 0.0254319 0.0520375 0.0862591 0.115848 0.126075 0.111232 0.079677 0.0466081 0.0228226 0.0104013 0.00608614 0.00603198 0.00787704 0.0105657 0.0136295 0.0167431 0.019586 0.0218542 0.0233158 0.0238588 0.0235107 0.0224182 0.0208005 0.0188899 0.0168834 0.0149148 0.0130535 0.0113202 0.0097106 0.00821525
 1.01815e-16 3.20497e-05 0.000188104 0.000894156 0.00344254 0.0107352 0.0271164 0.0554839 0.0919713 0.123517 0.134416 0.118577 0.0849074 0.0496056 0.0241738 0.0108181 0.0060506 0.00575905 0.00741693 0.00989823 0.0127131 0.0155349 0.0180499 0.0199658 0.0210654 0.021253 0.0205734 0.0191907 0.017341 0.0152724 0.0131938 0.011247 0.009502 0.00797306 0.0066419 0.00547965
 1.02167e-16 2.68008e-05 0.000157279 0.000747589 0.00287819 0.00897529 0.022671 0.0463891 0.0768996 0.103288 0.112433 0.0992591 0.0712382 0.0419491 0.021058 0.0104685 0.00732338 0.0082269 0.0110724 0.014869 0.0190925 0.0232972 0.0270153 0.0298041 0.0313352 0.0314673 0.0302737 0.0280119 0.0250501 0.0217759 0.0185176 0.0154992 0.0128334 0.0105438 0.00860021 0.0069523
 1.02928e-16 2.71879e-05 0.000159556 0.000758427 0.00291993 0.0091055 0.0229999 0.0470616 0.0780128 0.104778 0.114043 0.100652 0.0721744 0.0423738 0.021038 0.0100779 0.00657687 0.00708135 0.00946394 0.0127543 0.016484 0.0202855 0.0237778 0.0265922 0.0284416 0.0291789 0.0288215 0.0275302 0.0255559 0.0231723 0.0206188 0.0180679 0.0156219 0.0133285 0.0112052 0.00925934
 1.03307e-16 2.69478e-05 0.000158146 0.000751722 0.00289412 0.00902498 0.0227965 0.0466455 0.0773233 0.103853 0.113038 0.099768 0.0715494 0.042024 0.020896 0.010062 0.00663365 0.00718909 0.00961853 0.012956 0.0167294 0.0205651 0.024075 0.0268866 0.0287132 0.0294136 0.0290157 0.0276936 0.0257101 0.0233469 0.0208442 0.0183691 0.0160121 0.0138064 0.0117554 0.00985552
 1.02627e-16 3.0811e-05 0.000180832 0.000859584 0.00330943 0.0103201 0.0260679 0.0533386 0.0884154 0.118742 0.129221 0.113996 0.0816333 0.0477049 0.023271 0.0104561 0.0059121 0.00569202 0.00737447 0.00988495 0.0127601 0.0156914 0.0183795 0.0205402 0.0219549 0.0225151 0.0222408 0.0212626 0.0197785 0.0180011 0.0161119 0.0142367 0.0124444 0.0107603 0.00918771 0.007725
 1.02404e-16 2.85563e-05 0.000167589 0.000796616 0.00306697 0.00956401 0.024158 0.0494313 0.0819409 0.110053 0.119783 0.105713 0.075795 0.0444806 0.0220476 0.0104976 0.00675918 0.00719553 0.00956093 0.0128247 0.0164847 0.0201489 0.0234172 0.0259119 0.0273514 0.0276118 0.0267498 0.0249774 0.0225988 0.019934 0.0172525 0.0147366 0.0124766 0.0104909 0.00875621 0.00723622
 1.02623e-16 2.82941e-05 0.000166051 0.000789304 0.00303882 0.00947624 0.0239363 0.0489776 0.0811884 0.109042 0.11868 0.104735 0.0750818 0.0440393 0.0217873 0.010306 0.00655053 0.00691801 0.00918858 0.0123519 0.0159267 0.0195447 0.0228293 0.0254207 0.0270434 0.0275646 0.0270166 0.0255752 0.0235043 0.021087 0.0185668 0.0161148 0.0138252 0.0117325 0.00983753 0.00812963
 1.02379e-16 3.04908e-05 0.000178951 0.000850639 0.00327499 0.0102127 0.0257966 0.0527835 0.0874958 0.117508 0.127882 0.112823 0.0808119 0.047262 0.0231242 0.010507 0.00610346 0.00601133 0.00783356 0.0104991 0.013534 0.0166105 0.019407 0.0216182 0.0230116 0.0234751 0.023037 0.0218463 0.0201259 0.018114 0.0160141 0.0139676 0.0120508 0.0102902 0.00868437 0.00722419
 1.02414e-16 2.83709e-05 0.000166501 0.00079144 0.00304704 0.00950186 0.0240011 0.0491101 0.0814085 0.109338 0.119006 0.105029 0.0753071 0.0442004 0.0219203 0.0104565 0.00675934 0.00721699 0.00959951 0.0128834 0.0165691 0.0202655 0.0235721 0.02611 0.027595 0.0278999 0.0270775 0.0253355 0.0229745 0.0203119 0.0176164 0.0150715 0.0127702 0.0107351 0.00894784 0.00737659
 1.04624e-16 1.6963e-05 9.95112e-05 0.000472932 0.00182065 0.00567737 0.0143409 0.029346 0.0486541 0.0653708 0.0712146 0.0630024 0.0455053 0.0273777 0.0148229 0.00915332 0.00867216 0.0113175 0.0157837 0.0213787 0.0275958 0.033875 0.039579 0.0440872 0.0469227 0.0478548 0.0469382 0.0444749 0.0409195 0.0367596 0.0324143 0.0281781 0.0242135 0.0205803 0.0172808 0.0142986
pSPR Fmed_Fpbrs
0.755772   0.6 0.325
Fs Fmed_Fpbrs
0.169051   0.342108 1.04013
SSBpbr Bo_Bmed_Bpbrs
1.60194e+06  1.1306e+06  881066 440533
Ro
67507.9
SPR SPRFo_SPRFmed_SPRFpbrs
1.38646e+06 1.04785e+06 450601
log_Ro
10.94
likeval ReclasPelacesDesembMPH_pf_preclas_ppelaces_ptallas_desvR_qrecl_qpela
 62.7607 24.0106 0.0409227 0.0002219 320.496 203.245 78.529 0 16.6746 0.000109355 5.84212e-07 7.13163e-16 0 0 0
q_reclas_q_pelaces
0.227218 1.11487
M
0.7
N
 80437.1 20079.3 7467.96 880.308 0.443383
 100686 37535.4 7340.82 2730.22 321.995
 65277.9 47815.3 14960.1 2925.76 1216.49
 93813.1 30538.7 17700.4 5537.96 1533.39
 153242 46080.3 14371.2 8329.61 3327.7
 114889 75915 22613.7 7052.6 5720.77
 169199 55614.8 33246.5 9903.53 5594.03
 142228 82688 25525.1 15258.9 7112.79
 153310 68338.6 34910.8 10776.7 9445.32
 137559 73207 27982.7 14295 8280.33
 68254.2 65990.5 30667 11722.2 9456.98
 41441.6 31348.5 22310.7 10368.2 7160.47
 42262.5 19118.6 10833.4 7710.16 6057.57
 24658.4 18698.7 5377.33 3047.03 3872.34
 19956.9 10021.7 3461.89 995.564 1281.06
 26096.9 8305.23 2084.89 720.207 473.625
 22430.2 12104.9 2947.68 739.966 423.713
 25700.8 10615.5 4743.61 1155.12 456.018
 29438.4 12362.3 4505.88 2013.48 683.868
 50822.6 14233.7 5382.88 1961.98 1174.5
 63489.3 24552.8 6172.57 2334.34 1360.16
 83493.6 31117.7 11431.2 2873.8 1720.07
 137266 40744.1 14179.6 5208.94 2093.33
 167918 66778.1 18286 6363.82 3277.26
 75576 81777.2 30128.7 8250.2 4349.83
pred_Ctot
 3500.61 3876.85 1441.89 169.967 0.085607
 3170.64 5396.52 1055.4 392.528 46.2937
 2728.13 8902.12 2785.23 544.709 226.483
 733.159 1153.28 668.447 209.139 57.9077
 264.493 390.008 121.633 70.4991 28.1646
 2084.96 6493.99 1934.44 603.3 489.371
 1933.23 3044.07 1819.75 542.069 306.189
 3322.26 8991.49 2775.6 1659.25 773.445
 4245.02 8717.96 4453.58 1374.78 1204.94
 3365.83 8316.52 3178.92 1623.95 940.669
 3703.18 15484.8 7196.05 2750.63 2219.09
 2124.4 6999.61 4981.63 2315.05 1598.82
 3336.01 6158.2 3489.51 2483.48 1951.18
 3257.26 8913.11 2563.21 1452.43 1845.83
 2348.27 4398.15 1519.3 436.918 562.212
 1242.34 1737.12 436.075 150.638 99.0634
 759.517 1860.8 453.127 113.75 65.1346
 580.846 1118.88 499.98 121.751 48.0647
 558.456 1103.27 402.126 179.693 61.0317
 993.601 1307.31 494.396 180.2 107.873
 594.428 1106.71 278.226 105.219 61.3088
 1040.29 1852.7 680.597 171.102 102.411
 2010.05 2836.14 987.024 362.587 145.713
 2331.65 4415.81 1209.19 420.819 216.714
 1018.27 5252.34 1935.09 529.889 279.379
F
 0.0621918 0.30624 0.30624 0.30624 0.30624
 0.0446572 0.219898 0.219898 0.219898 0.219898
 0.0596573 0.29376 0.29376 0.29376 0.29376
 0.0109195 0.0537688 0.0537688 0.0537688 0.0537688
 0.00240254 0.0118304 0.0118304 0.0118304 0.0118304
 0.0255199 0.125663 0.125663 0.125663 0.125663
 0.0160003 0.0787872 0.0787872 0.0787872 0.0787872
 0.0329556 0.162278 0.162278 0.162278 0.162278
 0.039172 0.192888 0.192888 0.192888 0.192888
 0.0345451 0.170105 0.170105 0.170105 0.170105
 0.0780732 0.384442 0.384442 0.384442 0.384442
 0.073623 0.362529 0.362529 0.362529 0.362529
 0.115446 0.56847 0.56847 0.56847 0.56847
 0.200368 0.986638 0.986638 0.986638 0.986638
 0.176688 0.870032 0.870032 0.870032 0.870032
 0.0682086 0.335867 0.335867 0.335867 0.335867
 0.0480917 0.23681 0.23681 0.23681 0.23681
 0.0318705 0.156934 0.156934 0.156934 0.156934
 0.0266906 0.131428 0.131428 0.131428 0.131428
 0.0275168 0.135496 0.135496 0.135496 0.135496
 0.0130943 0.064478 0.064478 0.064478 0.064478
 0.017459 0.0859703 0.0859703 0.0859703 0.0859703
 0.0205472 0.101177 0.101177 0.101177 0.101177
 0.0194747 0.095896 0.095896 0.095896 0.095896
 0.0188918 0.0930257 0.0930257 0.0930257 0.0930257
nmprior
 10.6 11 7 0
nm_flota  nm_reclas  nm_pelaces    nm_pelaL
inf 12.2815 21.3309 53.4211
cv_recla  cv_pelaces  cv_mph
0.716587 0.555615 0.4833
 ------------------------------------------------
Talla a la edad & desviación 
 7.2 14.2025 17.0495 18.207 18.6776
 1.08 2.13037 2.55742 2.73105 2.80164
