years
 1997 1998 1999 2000 2001 2002 2003 2004 2005 2006 2007 2008 2009 2010 2011 2012 2013 2014 2015 2016 2017 2018 2019 2020 2021
reclasobs
 0 0 0 370054 412103 1.49427e+06 250295 1.28982e+06 931140 785840 897777 1.04006e+06 184774 17550 25797 100020 73551 82996 120727 218422 84188 347160 605670 569463 516374
reclaspred
 3.77132e+06 448142 602527 159654 216026 279388 456582 414390 602134 1.16513e+06 1.35995e+06 839259 438202 199041 128078 116659 120199 147029 124029 176668 357618 338771 516138 569286 442456
pelacesobs
 0 0 0 0 0 0 0 0 0 2.06254e+06 1.5e+06 0 1.87456e+06 323000 250000 174000 83755 137374 0 501740 490994 745055 786931 1.00524e+06 1.33801e+06
pelacespred
 1.6e+06 643928 189038 118293 123627 113861 240725 229430 323282 669216 699854 443868 238006 85290.1 53302.1 55325.9 59389.6 72598 63718.9 88049.6 194755 199107 228651 291356 220531
mphobs
 0 0 0 0 0 112323 0 153150 637223 0 255016 313432 73983 77613 109348 50772 0 0 0 0 0 0 0 0 0
mphpred
 2.69442e+06 1.14987e+06 473281 233115 109876 291953 276421 387676 447902 712388 1.38408e+06 930156 482726 265295 119398 101359 100274 118595 124454 109792 246206 332434 359761 483701 474612
desembarqueobs
 350755 77701 442110 56441 14545 235359 269955 359681 431902 328805 639364 411747 362871 311530 167758 66681 60226 58785 57116 73181 50977 67692 138656 160484 209506
desembarquepred
 350736 77680.4 441611 56415.3 14543.3 235067 269727 359071 431363 328557 638455 411173 362054 310758 167373 66621 60183.3 58731.3 57051.4 73102.3 50959.1 67643.4 138539 160353 209330
Reclutas
 2151.53 3198.43 423.418 1828.24 53789.6 10214.3 51574.2 69579.1 100589 248326 46129.8 13822.8 54934.7 27608.8 19532.4 13847.2 10714.5 10427.7 5869.13 30204.1 33411 28011 58896.8 40991 409.262
log_desv_Rt
 -2.00607 -1.60958 -3.63164 -2.16889 1.21284 -0.44846 1.17078 1.47022 1.8388 2.7425 1.05922 -0.145925 1.2339 0.545891 0.199829 -0.14416 -0.400646 -0.427781 -1.00254 0.635734 0.736639 0.560352 1.30354 0.941109 -3.66564
SSB
 2.69442e+06 1.14987e+06 473281 233115 109876 291953 276421 387676 447902 712388 1.38408e+06 930156 482726 265295 119398 101359 100274 118595 124454 109792 246206 332434 359761 483701 474612
BT
 3.11647e+06 1.32619e+06 595441 284582 372027 395893 944242 966820 1.30444e+06 2.18895e+06 1.93792e+06 1.20423e+06 913272 483882 276515 178645 187758 212351 176207 298228 519517 456456 598203 742764 573258
Ftot
 0.0906232 0.168024 0.67807 0.33811 0.0657983 0.772032 0.560686 0.806758 0.674419 0.272832 0.445559 0.463743 0.765449 1.34844 1.16749 0.539548 0.475892 0.382167 0.437165 0.397224 0.138616 0.1934 0.259009 0.271412 0.448116
BD_Bspro_t
 0.985625 0.889568 0.696428 0.37656 0.379418 0.673213 0.464084 0.492088 0.471911 0.530543 0.647392 0.474795 0.330803 0.246875 0.146529 0.149267 0.193505 0.285138 0.346882 0.38037 0.595235 0.713836 0.700504 0.693528 0.62723
BD_Bspro
 8.2024 3.50045 1.44077 0.709654 0.334487 0.888768 0.841485 1.18017 1.36351 2.16867 4.21343 2.8316 1.46952 0.807617 0.363474 0.30856 0.305256 0.361028 0.378865 0.334232 0.749505 1.012 1.09519 1.47249 1.44482
BD_Bo
 2.4992 1.06656 0.43899 0.216225 0.101915 0.2708 0.256393 0.359588 0.41545 0.660773 1.2838 0.862763 0.447751 0.246074 0.110747 0.0940156 0.0930087 0.110002 0.115437 0.101837 0.228367 0.308348 0.333695 0.448655 0.440224
BD_Brms
 12.1555 5.18748 2.13515 1.05167 0.495692 1.31711 1.24703 1.74895 2.02065 3.21385 6.24408 4.19628 2.17776 1.19685 0.538649 0.45727 0.452373 0.535025 0.561457 0.495313 1.11073 1.49973 1.62301 2.18215 2.14115
S_f
 0.5 1 1 1 1
 0.5 1 1 1 1
 0.5 1 1 1 1
 0.5 1 1 1 1
 0.5 1 1 1 1
 0.5 1 1 1 1
 0.5 1 1 1 1
 0.5 1 1 1 1
 0.5 1 1 1 1
 0.5 1 1 1 1
 0.5 1 1 1 1
 0.5 1 1 1 1
 0.5 1 1 1 1
 0.5 1 1 1 1
 0.5 1 1 1 1
 0.5 1 1 1 1
 0.5 1 1 1 1
 0.5 1 1 1 1
 0.5 1 1 1 1
 0.5 1 1 1 1
 0.5 1 1 1 1
 0.5 1 1 1 1
 0.5 1 1 1 1
 0.5 1 1 1 1
 0.5 1 1 1 1
Scru_reclas
 0.5 1 1 1 1
 0.5 1 1 1 1
 0.5 1 1 1 1
 0.5 1 1 1 1
 0.5 1 1 1 1
 0.5 1 1 1 1
 0.5 1 1 1 1
 0.5 1 1 1 1
 0.5 1 1 1 1
 0.5 1 1 1 1
 0.5 1 1 1 1
 0.5 1 1 1 1
 0.5 1 1 1 1
 0.5 1 1 1 1
 0.5 1 1 1 1
 0.5 1 1 1 1
 0.5 1 1 1 1
 0.5 1 1 1 1
 0.5 1 1 1 1
 0.5 1 1 1 1
 0.5 1 1 1 1
 0.5 1 1 1 1
 0.5 1 1 1 1
 0.5 1 1 1 1
 0.5 1 1 1 1
Scru_pelaces
 0.5 1 1 1 1
 0.5 1 1 1 1
 0.5 1 1 1 1
 0.5 1 1 1 1
 0.5 1 1 1 1
 0.5 1 1 1 1
 0.5 1 1 1 1
 0.5 1 1 1 1
 0.5 1 1 1 1
 0.5 1 1 1 1
 0.5 1 1 1 1
 0.5 1 1 1 1
 0.5 1 1 1 1
 0.5 1 1 1 1
 0.5 1 1 1 1
 0.5 1 1 1 1
 0.5 1 1 1 1
 0.5 1 1 1 1
 0.5 1 1 1 1
 0.5 1 1 1 1
 0.5 1 1 1 1
 0.5 1 1 1 1
 0.5 1 1 1 1
 0.5 1 1 1 1
 0.5 1 1 1 1
pf_obs 
 0.256992 0.487395 0.22802 0.0275931 0
 0.321318 0.546541 0.124235 0.00734118 0.000564706
 0.182869 0.594174 0.210203 0.0122559 0.00049798
 0.330522 0.361315 0.267642 0.0388342 0.00168674
 0.649043 0.306663 0.0425973 0.00169635 0
 0.582887 0.30429 0.105238 0.00758474 0
 0.465427 0.430635 0.0974691 0.00646863 0
 0.296916 0.608066 0.0921331 0.00288517 0
 0.311714 0.524322 0.152257 0.0117073 0
 0.15457 0.633149 0.183074 0.0267441 0.00246327
 0.131901 0.49318 0.331252 0.0422183 0.00144891
 0.196976 0.569456 0.194076 0.0375587 0.00193317
 0.518974 0.381816 0.0799577 0.0180837 0.00116848
 0.0928022 0.601141 0.25162 0.0475244 0.00691264
 0.122501 0.610282 0.24278 0.0234846 0.000952079
 0.383417 0.481906 0.127806 0.00687128 0
 0.0376549 0.599619 0.316969 0.0457579 0
 0.0361596 0.667082 0.258105 0.0386534 0
 0.158088 0.579412 0.248529 0.0139706 0
 0.0477256 0.309471 0.559284 0.082774 0.000745712
 0.0406174 0.521527 0.379366 0.0568643 0.0016247
 0.151134 0.462217 0.34131 0.0453401 0
 0.294876 0.26143 0.354403 0.0886775 0.000613685
 0.281977 0.475581 0.204845 0.0348837 0.00271318
 0.0354234 0.537034 0.353287 0.0723622 0.0018943
pf_pred 
 0.0102883 0.62891 0.317909 0.0428919 9.92012e-07
 0.0328023 0.0201976 0.601769 0.304189 0.0410418
 0.0109137 0.0656948 0.0192828 0.574514 0.329595
 0.147102 0.0224479 0.0551582 0.0161901 0.759101
 0.907467 0.0254983 0.00176433 0.00433524 0.0609352
 0.179842 0.781065 0.0107723 0.00074538 0.027575
 0.749287 0.0893429 0.153678 0.00211951 0.00557217
 0.648654 0.307729 0.0155432 0.0267358 0.00133814
 0.67304 0.269743 0.0501142 0.00253124 0.00457189
 0.754864 0.20453 0.0335001 0.00622382 0.000882156
 0.169755 0.721868 0.0904246 0.0148107 0.00314162
 0.116518 0.280759 0.524047 0.0656446 0.0130327
 0.576759 0.098206 0.103292 0.192798 0.0289455
 0.423467 0.446489 0.0301744 0.031737 0.068132
 0.546448 0.314228 0.107898 0.00729188 0.0241341
 0.526 0.368022 0.0734233 0.0252116 0.00734309
 0.448529 0.39839 0.118855 0.0237125 0.0105137
 0.467401 0.347041 0.134049 0.039992 0.0115164
 0.332264 0.442243 0.146931 0.0567542 0.0218078
 0.788043 0.112481 0.0658828 0.021889 0.0117037
 0.555588 0.396865 0.0252324 0.0147792 0.00753571
 0.40519 0.429604 0.147531 0.00937992 0.00829536
 0.592544 0.240436 0.120631 0.041426 0.00496314
 0.390471 0.462042 0.0870308 0.0436648 0.0167915
 0.00728484 0.576494 0.315509 0.0594296 0.041283
pobs_RECLAS
 0 0 0 0 0
 0 0 0 0 0
 0 0 0 0 0
 0 0 0 0 0
 0.835266 0.146461 0.0176864 0.000547809 3.91292e-05
 0.385257 0.428462 0.181853 0.0044286 0
 0.867414 0.0963971 0.0333333 0.00285562 0
 0.441836 0.489002 0.0689373 0.000224442 0
 0.779404 0.147425 0.0564933 0.0165055 0.000172143
 0.814271 0.122319 0.05973 0.00367925 0
 0.40263 0.566651 0.0304383 0.000280538 0
 0.475488 0.404961 0.113038 0.00651328 0
 0.955842 0.0263864 0.0167828 0.000988607 0
 0.975058 0.0227948 0.00214734 0 0
 0.738997 0.206755 0.0527124 0.00153531 0
 0.850938 0.134255 0.0134407 0.00136685 0
 0.542534 0.407297 0.0501686 0 0
 0.764087 0.199537 0.0359546 0.000420521 0
 0.470689 0.182191 0.310203 0.0369168 0
 0.84361 0.089868 0.0606195 0.00523954 0.000663233
 0.607945 0.314616 0.071237 0.00620181 0
 0.523733 0.453247 0.0230204 0 0
 0.530135 0.295979 0.169645 0.0042399 0
 0.562478 0.366248 0.0663022 0.0049721 0
 0.250443 0.683176 0.0655157 0.000865301 0
ppred_RECLAS
 0.0103175 0.628892 0.317899 0.0428906 9.91982e-07
 0.0329842 0.0201938 0.601656 0.304132 0.0410341
 0.0112794 0.0656705 0.0192757 0.574302 0.329473
 0.148771 0.022404 0.0550503 0.0161584 0.757617
 0.907638 0.0254512 0.00176107 0.00432724 0.0608228
 0.185824 0.775368 0.0106937 0.000739944 0.0273739
 0.754072 0.0876377 0.150745 0.00207905 0.00546582
 0.658311 0.299271 0.015116 0.026001 0.00130136
 0.680277 0.263772 0.049005 0.00247521 0.0044707
 0.756737 0.202967 0.0332442 0.00617627 0.000875418
 0.17243 0.719542 0.0901332 0.014763 0.0031315
 0.11858 0.280103 0.522823 0.0654913 0.0130022
 0.586384 0.0959726 0.100943 0.188413 0.0282872
 0.445977 0.429057 0.0289963 0.0304979 0.0654719
 0.56461 0.301645 0.103577 0.0069999 0.0231677
 0.532063 0.363314 0.0724841 0.0248891 0.00724915
 0.453623 0.39471 0.117757 0.0234935 0.0104166
 0.471252 0.344532 0.13308 0.0397029 0.0114331
 0.336359 0.439531 0.14603 0.0564062 0.0216741
 0.790744 0.111048 0.0650433 0.02161 0.0115546
 0.556722 0.395852 0.025168 0.0147415 0.00751648
 0.406813 0.428431 0.147128 0.00935432 0.00827273
 0.594841 0.239081 0.119951 0.0411924 0.00493515
 0.392873 0.460221 0.0866879 0.0434927 0.0167253
 0.00742357 0.576413 0.315465 0.0594213 0.0412772
pobs_PELACES
 0 0 0 0 0
 0 0 0 0 0
 0 0 0 0 0
 0 0 0 0 0
 0 0 0 0 0
 0 0 0 0 0
 0 0 0 0 0
 0 0 0 0 0
 0 0 0 0 0
 0 0 0 0 0
 0.450072 0.473896 0.0757376 0.000293798 0
 0 0 0 0 0
 0.463077 0.371075 0.160297 0.00555027 0
 0.529543 0.364841 0.0842815 0.0213345 0
 0.631943 0.363953 0.00410389 0 0
 0.735681 0.248677 0.0153453 0.000297389 0
 0.695825 0.281241 0.0229344 0 0
 0.275771 0.60734 0.115278 0.00161068 0
 0 0 0 0 0
 0.896147 0.0623911 0.0374545 0.00400742 0
 0.803859 0.145111 0.0509908 3.86294e-05 0
 0.739449 0.233085 0.0266225 0.000797448 4.60066e-05
 0.878498 0.100942 0.0204185 0.000141795 0
 0.694673 0.275183 0.0284847 0.00165964 0
 0.469039 0.446079 0.0841089 0.000773354 0
ppred_PELACES
 0.0104713 0.628794 0.31785 0.042884 9.91828e-07
 0.03388 0.0201751 0.601099 0.30385 0.0409961
 0.0125978 0.0655829 0.01925 0.573536 0.329034
 0.155975 0.0222144 0.0545844 0.0160217 0.751205
 0.908544 0.0252015 0.0017438 0.00428479 0.0602261
 0.205872 0.756276 0.0104304 0.000721724 0.0266998
 0.770823 0.0816685 0.140478 0.00193744 0.00509353
 0.687593 0.273624 0.0138206 0.0237727 0.00118984
 0.70398 0.244217 0.0453719 0.00229171 0.00413925
 0.764928 0.196133 0.0321248 0.00596831 0.000845941
 0.183175 0.7102 0.088963 0.0145713 0.00309084
 0.126814 0.277487 0.51794 0.0648795 0.0128808
 0.616646 0.0889509 0.0935572 0.174628 0.0262176
 0.501389 0.386144 0.0260962 0.0274476 0.0589237
 0.61124 0.269339 0.092484 0.00625021 0.0206865
 0.554151 0.346165 0.0690627 0.0237143 0.00690698
 0.473145 0.380607 0.113549 0.022654 0.0100444
 0.486987 0.334279 0.12912 0.0385213 0.0110929
 0.352645 0.428744 0.142446 0.0550219 0.0211421
 0.801383 0.105402 0.0617365 0.0205114 0.0109671
 0.562358 0.390819 0.024848 0.014554 0.0074209
 0.414536 0.422853 0.145213 0.00923253 0.00816502
 0.605098 0.233028 0.116914 0.0401496 0.00481022
 0.403604 0.452087 0.0851556 0.0427239 0.0164297
 0.00798871 0.576085 0.315285 0.0593875 0.0412537
pobs_pel_tallas
 0 0 0 0 0 0 0 0 0 0 0 0 0 0 0 0 0 0 0 0 0 0 0 0 0 0 0 0 0 0 0 0 0 0 0 0
 0 0 0 0 0 0 0 0 0 0 0 0 0 0 0 0 0 0 0 0 0 0 0 0 0 0 0 0 0 0 0 0 0 0 0 0
 0 0 0 0 0 0 0 0 0 0 0 0 0 0 0 0 0 0 0 0 0 0 0 0 0 0 0 0 0 0 0 0 0 0 0 0
 0 0 0 0 0 0 0 0 0 0 0 0 0 0 0 0 0 0 0 0 0 0 0 0 0 0 0 0 0 0 0 0 0 0 0 0
 0 0 0 0 0 0 0 0 0 0 0 0 0 0 0 0 0 0 0 0 0 0 0 0 0 0 0 0 0 0 0 0 0 0 0 0
 0 0 0 0 0 0 0 0 0 0 0 0 0 0 0 0 0 0 0 0 0 0 0 0 0 0 0 0 0 0 0 0 0 0 0 0
 0 0 0 0 0 0 0 0 0 0 0 0 0 0 0 0 0 0 0 0 0 0 0 0 0 0 0 0 0 0 0 0 0 0 0 0
 0 0 0 0 0 0 0 0 0 0 0 0 0 0 0 0 0 0 0 0 0 0 0 0 0 0 0 0 0 0 0 0 0 0 0 0
 0 0 0 0 0 0 0 0 0 0 0 0 0 0 0 0 0 0 0 0 0 0 0 0 0 0 0 0 0 0 0 0 0 0 0 0
 0 0 0 0 0 0 0 0 0 0 0 0 0 0 0 0 0 0 0 0 0 0 0 0 0 0 0 0 0 0 0 0 0 0 0 0
 0 0 0 0 0 0 0 0 1.78061e-05 0.00172719 0.00360574 0.0105946 0.0120993 0.0124554 0.0147524 0.0171206 0.0266825 0.0428682 0.0675386 0.121331 0.153587 0.119568 0.100827 0.0573624 0.0630603 0.0341343 0.0324427 0.0444173 0.0211091 0.0280891 0.0125444 0.00206551 0 0 0 0
 0 0 0 0 0 0 0 0 0 0 0 0 0 0 0 0 0 0 0 0 0 0 0 0 0 0 0 0 0 0 0 0 0 0 0 0
 0 0 0 0 0 0 0.0133647 0.0140871 0.0187388 0.0205184 0.03894 0.0496705 0.03968 0.0493445 0.0407372 0.0367815 0.0215668 0.0243155 0.0234873 0.0199281 0.019796 0.0243948 0.0301388 0.0376714 0.0412746 0.0863199 0.0771752 0.113111 0.0741005 0.0525337 0.0229764 0.00759418 0.00175318 0 0 0
 0 0 0 0 0 0 0 0 0 0 0.00219441 0.00772107 0.0458388 0.0604681 0.0671733 0.0775358 0.0609151 0.0617685 0.073594 0.0568108 0.0755445 0.0548602 0.0670107 0.0636378 0.0643287 0.046367 0.0373049 0.0286899 0.0247887 0.0153202 0.00654259 0.00121912 0.000365735 0 0 0
 0 0 0 0 0 0 0 0 0 0 0 0 0.000112435 0.00938835 0.0111873 0.0202946 0.0414886 0.0713402 0.111592 0.104902 0.108894 0.110636 0.117776 0.105296 0.107544 0.0401394 0.0192827 0.0124803 0.00416011 0.0028671 0.000618394 0 0 0 0 0
 0 0 0 0 0 0 0 0 0 0 0.00291406 0.0102884 0.027416 0.0768956 0.0749926 0.110853 0.0956884 0.0897413 0.0766577 0.0534642 0.0500743 0.0551293 0.0594112 0.0620874 0.0668451 0.0424026 0.0208742 0.0120726 0.0048766 0.00582813 0.00118941 0.000297354 0 0 0 0
 0 0.00264628 0.0354308 0.0461629 0.0458689 0.0383711 0.0214643 0.0164657 0.0346957 0.0420465 0.0363128 0.0245516 0.0311673 0.0291091 0.0169068 0.0133784 0.00837989 0.0085269 0.0148486 0.0160247 0.0276389 0.0546898 0.0760071 0.122758 0.109233 0.0665981 0.0333725 0.0166128 0.00676272 0.00308733 0.000882094 0 0 0 0 0
 0 0 0 0 0 0 0 0.000805153 0.000690131 0.00759144 0.0133425 0.0154129 0.00931677 0.000345066 0.00356568 0.00563607 0.00851162 0.0253048 0.0502646 0.0516448 0.0657925 0.0565908 0.0611916 0.0827007 0.0866115 0.110766 0.145733 0.0935128 0.0569358 0.0249597 0.0138026 0.00621118 0.00161031 0.00115022 0 0
 0 0 0 0 0 0 0 0 0 0 0 0 0 0 0 0 0 0 0 0 0 0 0 0 0 0 0 0 0 0 0 0 0 0 0 0
 0.00147267 0.00158595 0.00478618 0.00569244 0.00954404 0.0108468 0.00647125 0.017049 0.0510054 0.094081 0.124002 0.0959785 0.0687766 0.0820023 0.061753 0.0591476 0.0492212 0.0479892 0.0443925 0.0268479 0.0217502 0.0140895 0.0121071 0.0120363 0.00920419 0.00665534 0.0049561 0.00860946 0.00930331 0.0156896 0.0114698 0.00855282 0.00243557 0.00046729 0 2.83206e-05
 0 0 0 0 0.000772559 0.00158375 0.000888443 0.00281984 0.00712685 0.0440552 0.0773331 0.111326 0.0921469 0.0852325 0.0710754 0.0886704 0.0786465 0.0553345 0.0373146 0.0185414 0.00753245 0.00457741 0.012979 0.0271748 0.0457355 0.0583668 0.034881 0.0177882 0.00938659 0.00492506 0.0015258 0.00185414 0.000309023 5.79419e-05 3.86279e-05 0
 0 0.00173294 0.00326652 0 0.00397197 0.00683976 0.00946217 0.0152591 0.00757587 0.0136028 0.0228656 0.0392903 0.0559909 0.0764795 0.0681675 0.0726916 0.0566044 0.0477403 0.0527397 0.0444891 0.0609904 0.0582453 0.0661739 0.0445044 0.0529084 0.0360697 0.0280645 0.0235558 0.0158879 0.00826598 0.00280645 0.00217768 0.000904811 0.00058276 9.20147e-05 0
 0 0 0 0 0 0 0 0 0 0 0 0 0 0 0 0 0 0 0 0 0 0 0 0 0 0 0 0 0 0 0 0 0 0 0 0
 0 0 0 0 0 0 0 0 0 0 0 0 0 0 0 0 0 0 0 0 0 0 0 0 0 0 0 0 0 0 0 0 0 0 0 0
 0 0 0 0 0 0 0 0 0 0 0 0 0 0 0 0 0 0 0 0 0 0 0 0 0 0 0 0 0 0 0 0 0 0 0 0
ppred_pel_tallas
 1.06191e-16 4.95489e-07 2.81065e-06 1.31574e-05 5.03168e-05 0.000156599 0.000396256 0.000815988 0.00137238 0.00190299 0.0022289 0.00234221 0.00249801 0.00311768 0.0046217 0.00734798 0.0115579 0.0174317 0.0250016 0.0340556 0.0440738 0.054244 0.0635722 0.0710674 0.0759486 0.0778079 0.0766777 0.0729802 0.0673873 0.0606438 0.0534148 0.0461967 0.0393025 0.0328973 0.0270565 0.0218152
 1.20896e-16 1.49186e-06 8.71547e-06 4.1352e-05 0.00015908 0.000495922 0.00125264 0.00256377 0.00425283 0.00572107 0.00625127 0.00557554 0.00412756 0.00269201 0.00185818 0.00181452 0.00252054 0.0039428 0.0061526 0.00930365 0.0135714 0.0190944 0.0259228 0.0339728 0.0429937 0.0525554 0.0620664 0.0708244 0.0780994 0.0832333 0.0857397 0.0853813 0.0822088 0.0765492 0.0689521 0.0600993
 1.35377e-16 5.63226e-07 3.26556e-06 1.54468e-05 5.93465e-05 0.000184921 0.00046711 0.000956592 0.00158913 0.00214489 0.00236247 0.00215165 0.00168928 0.00129125 0.00121138 0.00156601 0.00239706 0.00375684 0.00573977 0.00846929 0.0120722 0.016656 0.0222911 0.0289924 0.0367003 0.0452575 0.0543886 0.0636882 0.0726289 0.0805963 0.0869528 0.0911229 0.092683 0.0914341 0.0874429 0.0810364
 1.36434e-16 6.81325e-06 3.9963e-05 0.00018992 0.000731129 0.00227986 0.00575868 0.0117832 0.0195328 0.0262349 0.0285564 0.0252072 0.0180851 0.010641 0.00533716 0.0026756 0.001969 0.00242457 0.0036195 0.00546412 0.00803519 0.0114611 0.0158641 0.0213266 0.0278603 0.0353776 0.0436674 0.0523827 0.0610493 0.0690979 0.0759216 0.0809503 0.0837306 0.0839944 0.0817002 0.0770441
 1.02995e-16 3.96303e-05 0.000232624 0.00110584 0.00425765 0.0132772 0.0335369 0.0686195 0.113739 0.152731 0.166157 0.146456 0.104605 0.0605792 0.028523 0.0110701 0.00381213 0.00159615 0.00129134 0.00159036 0.00207974 0.00264383 0.00323803 0.00383191 0.00440252 0.00493616 0.00542807 0.00587826 0.00628516 0.00663972 0.00692273 0.0071066 0.00716123 0.0070618 0.00679595 0.00636841
 1.01667e-16 9.02025e-06 5.28487e-05 0.000251023 0.000966121 0.00301248 0.00761008 0.0155768 0.0258414 0.0347679 0.0380022 0.0339198 0.0251514 0.0164338 0.0112527 0.0105314 0.0135871 0.019464 0.0274449 0.0369009 0.0470314 0.0567754 0.0649187 0.0703251 0.0721994 0.0702847 0.0649286 0.0569874 0.0476102 0.0379706 0.0290359 0.0214303 0.0154117 0.0109364 0.00777134 0.0056071
 1.02326e-16 3.36278e-05 0.000197378 0.000938265 0.00361241 0.011265 0.0284543 0.0582207 0.0965047 0.129595 0.141005 0.124329 0.0888938 0.0516685 0.0246852 0.010216 0.00456258 0.00339127 0.00406965 0.00548709 0.00725736 0.00921045 0.0112058 0.0130976 0.0147469 0.0160407 0.0169047 0.0173053 0.017244 0.0167483 0.0158638 0.0146495 0.0131776 0.0115315 0.00980267 0.00808391
 1.01158e-16 3.0006e-05 0.000176098 0.000837061 0.00322268 0.0100496 0.0253846 0.0519412 0.0861016 0.115642 0.125868 0.111088 0.0796572 0.0467645 0.0232101 0.0110976 0.00719742 0.00768091 0.0101747 0.0135743 0.0173239 0.0209802 0.0240951 0.0262553 0.0271684 0.0267312 0.0250548 0.0224302 0.0192525 0.0159267 0.0127869 0.0100497 0.00780686 0.00604931 0.00470646 0.00368484
 1.00996e-16 3.07195e-05 0.000180289 0.000856992 0.00329943 0.0102889 0.0259891 0.0531779 0.0881506 0.118391 0.128852 0.113703 0.0814915 0.0477594 0.0235525 0.0110109 0.00681578 0.0070409 0.00926079 0.0123647 0.0158205 0.0192248 0.0221739 0.0242923 0.0253066 0.0251081 0.023776 0.0215501 0.0187666 0.0157771 0.012879 0.0102746 0.00806297 0.00625841 0.00482174 0.00369071
 1.00765e-16 3.33751e-05 0.000195884 0.000931144 0.00358495 0.0111793 0.0282381 0.0577791 0.0957759 0.128626 0.139974 0.123477 0.0884094 0.0516374 0.0251365 0.0112005 0.00619182 0.00582188 0.00745248 0.00990373 0.012659 0.0153734 0.0177189 0.019394 0.0201804 0.0199931 0.0188979 0.01709 0.0148416 0.0124365 0.0101142 0.00803623 0.00628063 0.0048566 0.00373006 0.00284864
 1.0214e-16 8.0289e-06 4.70323e-05 0.000223379 0.000859699 0.00268061 0.00677177 0.0138613 0.0229967 0.0309448 0.0338345 0.0302261 0.0224693 0.0147927 0.010317 0.0098879 0.0129247 0.0186019 0.0262982 0.0354557 0.0453436 0.0549774 0.0632174 0.0689821 0.0714932 0.0704597 0.0661452 0.0592846 0.050892 0.0420198 0.0335514 0.0260778 0.0198752 0.0149603 0.0111856 0.00833348
 1.10274e-16 5.55478e-06 3.25443e-05 0.000154584 0.00059496 0.00185513 0.00468618 0.00959094 0.0159073 0.0213914 0.0233528 0.0207769 0.0152628 0.00969961 0.00620228 0.00531456 0.00661627 0.00956988 0.0138614 0.0193243 0.0257726 0.0329077 0.0403111 0.0474936 0.0539674 0.0593136 0.0632264 0.065524 0.0661372 0.0650877 0.0624713 0.0584526 0.0532675 0.0472195 0.0406653 0.033983
 1.08583e-16 2.69049e-05 0.000157908 0.000750625 0.00288995 0.00901202 0.0227636 0.046577 0.0772055 0.103682 0.112818 0.0994942 0.0711792 0.0414575 0.0199695 0.00855231 0.00427123 0.00368532 0.00471429 0.00649146 0.0087231 0.0112801 0.0140483 0.0169011 0.0197089 0.0223521 0.0247273 0.0267439 0.0283173 0.0293642 0.0298052 0.0295773 0.0286521 0.027051 0.0248543 0.0221956
 1.04193e-16 2.18911e-05 0.000128446 0.000610497 0.00235032 0.00732913 0.0185131 0.0378824 0.0628024 0.0843665 0.0918723 0.081192 0.0584559 0.0347931 0.0181521 0.0101524 0.00852451 0.0105386 0.0144741 0.0194577 0.0249243 0.0303099 0.0350019 0.0384264 0.0401722 0.0400879 0.038314 0.0352347 0.0313721 0.027256 0.0233141 0.019812 0.0168479 0.0143912 0.0123404 0.0105779
 1.02582e-16 2.66767e-05 0.000156552 0.000744136 0.0028649 0.00893386 0.0225664 0.0461748 0.076544 0.102809 0.111908 0.0987873 0.0708816 0.0417031 0.0208684 0.0102671 0.00705092 0.00783884 0.010539 0.014178 0.0182555 0.0223553 0.0260406 0.028894 0.0305992 0.0310089 0.0301716 0.0283051 0.0257312 0.0227936 0.0197876 0.0169197 0.0143016 0.0119693 0.009914 0.00811012
 1.02231e-16 2.41904e-05 0.000141948 0.000674693 0.0025975 0.00809997 0.0204601 0.0418659 0.069404 0.0932277 0.101503 0.0896588 0.0644551 0.0381701 0.0195595 0.0103794 0.0080889 0.00964927 0.0131603 0.0176915 0.0226909 0.0276388 0.0319758 0.0351721 0.0368387 0.0368147 0.0352007 0.0323202 0.0286303 0.0246087 0.0206584 0.0170512 0.01392 0.0112848 0.00909785 0.00728507
 1.02984e-16 2.06597e-05 0.000121216 0.000576124 0.00221797 0.00691642 0.0174706 0.0357494 0.059267 0.0796194 0.0867086 0.0766425 0.0552108 0.0329232 0.0172912 0.00985693 0.00849484 0.0106451 0.0146971 0.0198326 0.0255134 0.031188 0.036245 0.0400965 0.0423007 0.0426584 0.0412509 0.0384015 0.0345812 0.0302905 0.0259579 0.0218815 0.0182196 0.015018 0.0122546 0.00988054
 1.03784e-16 2.12614e-05 0.000124753 0.000592948 0.00228276 0.00711848 0.017981 0.0367933 0.0609959 0.081937 0.0892197 0.0788312 0.0567204 0.0336893 0.0174492 0.00956466 0.00782704 0.00958984 0.0132016 0.0178518 0.0230473 0.0283055 0.0330928 0.0368905 0.0392993 0.0401228 0.0394016 0.0373819 0.0344373 0.0309702 0.027329 0.0237601 0.0204029 0.0173132 0.0144994 0.0119541
 1.05041e-16 1.54072e-05 9.03754e-05 0.000429494 0.00165339 0.00515578 0.0130235 0.0266506 0.0441873 0.0593751 0.0646986 0.057275 0.0414494 0.0250993 0.013883 0.00902167 0.00900423 0.01198 0.0167671 0.0227143 0.0293069 0.0359534 0.0419765 0.0467171 0.0496723 0.0506029 0.0495756 0.0469208 0.0431293 0.0387237 0.0341499 0.0297161 0.0255864 0.0218141 0.0183908 0.0152905
 1.02129e-16 3.49611e-05 0.000205204 0.000975467 0.00375564 0.0117116 0.0295826 0.0605293 0.100332 0.134736 0.146601 0.129269 0.0924399 0.053757 0.0257321 0.0107291 0.00490138 0.00373606 0.00448076 0.0059556 0.00772573 0.00957798 0.0113354 0.0128314 0.0139325 0.0145619 0.0147109 0.0144304 0.0138097 0.0129489 0.0119367 0.010839 0.00969834 0.00854165 0.00738996 0.00626524
 1.01327e-16 2.455e-05 0.000144055 0.000684703 0.00263603 0.0082201 0.0207636 0.0424872 0.0704349 0.0946155 0.103022 0.0910192 0.0654736 0.0388542 0.0200575 0.0108775 0.00874483 0.0105772 0.014434 0.0193404 0.0246866 0.0298813 0.0342903 0.0373226 0.038559 0.0378528 0.0353641 0.031513 0.0268698 0.022021 0.0174526 0.0134819 0.0102466 0.00773724 0.00585306 0.00445701
 1.02898e-16 1.81058e-05 0.000106219 0.000504816 0.0019434 0.00606017 0.0153079 0.0313246 0.0519342 0.0697769 0.076012 0.0672407 0.0485535 0.0291851 0.0157525 0.00964962 0.00905721 0.0117646 0.0163679 0.0221191 0.0284696 0.0348173 0.0404821 0.0448059 0.0472906 0.0477065 0.0461354 0.0429299 0.0386102 0.0337342 0.0287855 0.0241072 0.0198903 0.0162012 0.0130286 0.0103272
 1.0334e-16 2.64074e-05 0.000154974 0.000736644 0.00283606 0.00884395 0.0223392 0.0457098 0.0757722 0.101769 0.11077 0.0977664 0.0701136 0.0411803 0.0204766 0.00986229 0.00650917 0.00706818 0.00947793 0.0127998 0.0165805 0.0204623 0.0240707 0.0270404 0.0290822 0.0300406 0.0299182 0.0288563 0.0270842 0.0248556 0.0223941 0.0198642 0.0173681 0.0149612 0.0126748 0.0105336
 1.03592e-16 1.76301e-05 0.000103424 0.000491523 0.00189221 0.00590054 0.0149047 0.0304999 0.0505679 0.0679444 0.0740243 0.0655026 0.0473423 0.0285445 0.0155641 0.00977265 0.00941091 0.0123322 0.0171627 0.0231502 0.0297187 0.0362264 0.0419525 0.0462093 0.048491 0.0485881 0.0466298 0.0430335 0.0383871 0.0333034 0.0282953 0.0237047 0.0196935 0.0162803 0.0133999 0.010958
 1.08632e-16 3.84981e-07 2.16701e-06 1.01089e-05 3.85985e-05 0.00012007 0.000303925 0.000626673 0.00105711 0.00147517 0.00175172 0.00189366 0.00211671 0.00277396 0.00422942 0.00679368 0.0107222 0.0162003 0.0232774 0.0317781 0.0412449 0.0509512 0.0599993 0.0674864 0.0726908 0.0752179 0.0750614 0.0725577 0.0682624 0.0627949 0.0567058 0.0504041 0.04415 0.038091 0.0323156 0.0268952
pSPR Fmed_Fpbrs
0.510424   0.255602 0.255602
Fs Fmed_Fpbrs
0.388091   1.005 1.005
SSBpbr Bo_Bmed_Bpbrs
1.07811e+06  496390  221662 221662
Ro
15994.5
SPR SPRFo_SPRFmed_SPRFpbrs
328492 167670 83963.1
log_Ro
9.5
likeval ReclasPelacesDesembMPH_pf_preclas_ppelaces_ptallas_desvR_qrecl_qpela
 100.779 133.574 0.183255 0.000572895 449.338 222.35 94.6771 0 86.4867 0 0 0 0 0 0
q_reclas_q_pelaces
1 1
M
0.7
N
 2151.53 67074.2 33905.4 4574.49 0.1058
 3198.43 1021.09 30422.3 15378.2 2074.86
 423.418 1460.31 428.631 12770.7 7326.46
 1828.24 149.804 368.092 108.043 5065.78
 53789.6 766.669 53.049 130.35 1832.17
 10214.3 25846.7 356.473 24.6658 912.499
 51574.2 3447.91 5930.74 81.7958 215.041
 69579.1 19349.7 977.343 1681.12 84.1411
 100589 23082.7 4288.43 216.606 391.231
 248326 35652.9 5839.62 1084.91 153.775
 46129.8 107590 13477.2 2207.44 468.238
 13822.8 18332.6 34218.5 4286.37 850.989
 54934.7 5443.64 5725.54 10687 1604.47
 27608.8 18604.8 1257.34 1322.45 2839
 19532.4 6986.05 2398.83 162.116 536.561
 13847.2 5410.44 1079.43 370.646 107.954
 10714.5 5250.43 1566.4 312.51 138.562
 10427.7 4193.99 1619.99 483.304 139.175
 5869.13 4277.55 1421.18 548.95 210.934
 30204.1 2342.28 1371.93 455.81 243.715
 33411 12297.1 781.844 457.944 233.499
 28011 15480.4 5316.16 337.998 298.917
 58896.8 12627.8 6335.55 2175.7 260.665
 40991 25694.6 4839.87 2428.24 933.792
 409.262 17772.4 9726.65 1832.12 1272.69
pred_Ctot
 68.7258 4201.13 2123.64 286.519 0.00662666
 186.251 114.682 3416.84 1727.18 233.035
 89.2798 537.417 157.743 4699.82 2696.26
 206.505 31.5128 77.4321 22.7279 1065.64
 1254.33 35.2446 2.43872 5.99233 84.2269
 2405.05 10445.2 144.059 9.96802 368.762
 9215.05 1098.78 1890 26.0666 68.529
 16998.4 8064.22 407.319 700.628 35.0667
 21111.4 8461.09 1571.95 79.398 143.408
 22953.4 6219.21 1018.65 189.25 26.8241
 6710.88 28537.4 3574.73 585.507 124.197
 2084.93 5023.81 9377.14 1174.62 233.203
 12842 2186.63 2299.87 4292.8 644.494
 10118 10668 720.961 758.296 1627.89
 6421.53 3692.62 1267.95 85.6898 283.61
 2391.47 1673.22 333.821 114.626 33.3856
 1654.18 1469.27 438.338 87.4519 38.7748
 1318.83 979.219 378.237 112.842 32.4948
 839.236 1117.02 371.12 143.35 55.0823
 3957.82 564.918 330.885 109.934 58.78
 1615.39 1153.9 73.3641 42.971 21.9103
 1867.15 1979.65 679.834 43.2234 38.2257
 5183.61 2103.35 1055.28 362.397 43.4178
 3770.35 4461.44 840.363 421.624 162.137
 59.8479 4736.13 2592.03 488.238 339.156
F
 0.0453116 0.0906232 0.0906232 0.0906232 0.0906232
 0.0840121 0.168024 0.168024 0.168024 0.168024
 0.339035 0.67807 0.67807 0.67807 0.67807
 0.169055 0.33811 0.33811 0.33811 0.33811
 0.0328992 0.0657983 0.0657983 0.0657983 0.0657983
 0.386016 0.772032 0.772032 0.772032 0.772032
 0.280343 0.560686 0.560686 0.560686 0.560686
 0.403379 0.806758 0.806758 0.806758 0.806758
 0.33721 0.674419 0.674419 0.674419 0.674419
 0.136416 0.272832 0.272832 0.272832 0.272832
 0.22278 0.445559 0.445559 0.445559 0.445559
 0.231871 0.463743 0.463743 0.463743 0.463743
 0.382724 0.765449 0.765449 0.765449 0.765449
 0.67422 1.34844 1.34844 1.34844 1.34844
 0.583743 1.16749 1.16749 1.16749 1.16749
 0.269774 0.539548 0.539548 0.539548 0.539548
 0.237946 0.475892 0.475892 0.475892 0.475892
 0.191083 0.382167 0.382167 0.382167 0.382167
 0.218582 0.437165 0.437165 0.437165 0.437165
 0.198612 0.397224 0.397224 0.397224 0.397224
 0.0693081 0.138616 0.138616 0.138616 0.138616
 0.0967 0.1934 0.1934 0.1934 0.1934
 0.129504 0.259009 0.259009 0.259009 0.259009
 0.135706 0.271412 0.271412 0.271412 0.271412
 0.224058 0.448116 0.448116 0.448116 0.448116
nmprior
 10.6 11 7 0
nm_flota  nm_reclas  nm_pelaces    nm_pelaL
inf 9.97288 8.01064 14.9544
cv_recla  cv_pelaces  cv_mph
0.908051 1.31049 0.776561
 ------------------------------------------------
Talla a la edad & desviación 
 7.2 14.2025 17.0495 18.207 18.6776
 1.08 2.13037 2.55742 2.73105 2.80164
