years
 1997 1998 1999 2000 2001 2002 2003 2004 2005 2006 2007 2008 2009 2010 2011 2012 2013 2014 2015 2016 2017 2018 2019 2020 2021
reclasobs
 0 0 0 370054 412103 1.49427e+06 250295 1.28982e+06 931140 785840 897777 1.04006e+06 184774 17550 25797 100020 73551 82996 120727 218422 84188 347160 605670 569463 516374
reclaspred
 3.42287e+06 419908 594444 171148 225063 293688 533662 451994 701697 1.14723e+06 1.2659e+06 816280 442739 200847 128989 118385 125133 157558 145322 195404 364820 358896 559713 609012 503746
pelacesobs
 0 0 0 0 0 0 0 0 0 2.06254e+06 1.5e+06 0 1.87456e+06 323000 250000 174000 83755 137374 0 501740 490994 745055 786931 1.00524e+06 1.33801e+06
pelacespred
 1.47233e+06 587773 184859 125388 129904 120606 279932 256443 387016 663368 651247 433330 238034 85869.8 53798.7 56277.1 62034.7 78345.4 75552.4 97936.7 201695 209884 247781 316480 254497
mphobs
 0 0 0 0 0 112323 0 153150 637223 0 255016 313432 73983 77613 109348 50772 0 0 0 0 0 0 0 0 0
mphpred
 2.44311e+06 1.05361e+06 458957 237732 125025 295138 315877 446569 493892 800692 1.27118e+06 890694 489140 265192 120757 102131 103231 125473 138063 132741 252582 344688 391513 514471 525778
desembarqueobs
 350755 77701 442110 56441 14545 235359 269955 359681 431902 328805 639364 411747 362871 311530 167758 66681 60226 58785 57116 73181 50977 67692 138656 160484 209506
desembarquepred
 350736 77680.6 441640 56418.9 14543.6 235137 269792 359180 431478 328576 638571 411299 362230 310943 167438 66635.1 60197.6 58744.6 57067.7 73116.7 50961.8 67652.3 138566 160383 209373
Reclutas
 6771.34 9021.7 1469.6 4553.04 51030.2 16301.9 56442.9 66850.1 119891 206276 59900.5 22741.5 51635.7 27778.1 19423.3 14304.1 11218 11301.2 8574.01 27536.2 35251.6 32485.4 58051.4 46975.8 1411.33
log_desv_Rt
 -1.15955 -0.872612 -2.68725 -1.55645 0.860173 -0.280964 0.960985 1.13021 1.71434 2.25697 1.02044 0.0519482 0.87197 0.252004 -0.10577 -0.411696 -0.654729 -0.647336 -0.923509 0.243257 0.490265 0.408546 0.989084 0.777388 -2.72771
SSB
 2.44311e+06 1.05361e+06 458957 237732 125025 295138 315877 446569 493892 800692 1.27118e+06 890694 489140 265192 120757 102131 103231 125473 138063 132741 252582 344688 391513 514471 525778
BT
 2.96139e+06 1.22685e+06 591744 302984 376384 413677 1.04556e+06 1.01774e+06 1.49707e+06 2.06295e+06 1.89227e+06 1.2129e+06 902470 483897 277524 181261 194120 225939 203339 309917 539801 481576 631251 803038 636660
Ftot
 0.0997917 0.179203 0.686853 0.316148 0.0631566 0.738439 0.482185 0.742276 0.583165 0.276778 0.47774 0.476671 0.757934 1.33883 1.16027 0.532193 0.457905 0.357386 0.375345 0.359554 0.135915 0.182727 0.239164 0.2541 0.395615
BD_Bspro_t
 0.984239 0.881038 0.689585 0.377928 0.397956 0.666014 0.490708 0.520248 0.496306 0.55707 0.629476 0.466976 0.334638 0.246054 0.146148 0.148904 0.197645 0.296298 0.370604 0.423194 0.601482 0.723723 0.718482 0.70791 0.652522
BD_Bspro
 5.50972 2.37611 1.03505 0.536135 0.281957 0.665598 0.712369 1.00711 1.11383 1.80573 2.86679 2.0087 1.10311 0.598064 0.272332 0.230326 0.232809 0.282969 0.311362 0.299358 0.569627 0.777344 0.882945 1.16024 1.18574
BD_Bo
 2.33392 1.00652 0.438445 0.227107 0.119437 0.281947 0.301759 0.426611 0.471819 0.764907 1.21437 0.850886 0.467279 0.25334 0.11536 0.0975662 0.0986178 0.119865 0.131893 0.126808 0.241294 0.329283 0.374015 0.491478 0.502279
BD_Brms
 11.3516 4.89547 2.13249 1.10459 0.580913 1.37132 1.46769 2.07494 2.29482 3.72033 5.90642 4.13851 2.27274 1.23219 0.561083 0.474539 0.479654 0.582997 0.641496 0.616764 1.1736 1.60155 1.81912 2.39044 2.44297
S_f
 0.5 1 1 1 1
 0.5 1 1 1 1
 0.5 1 1 1 1
 0.5 1 1 1 1
 0.5 1 1 1 1
 0.5 1 1 1 1
 0.5 1 1 1 1
 0.5 1 1 1 1
 0.5 1 1 1 1
 0.5 1 1 1 1
 0.5 1 1 1 1
 0.5 1 1 1 1
 0.5 1 1 1 1
 0.5 1 1 1 1
 0.5 1 1 1 1
 0.5 1 1 1 1
 0.5 1 1 1 1
 0.5 1 1 1 1
 0.5 1 1 1 1
 0.5 1 1 1 1
 0.5 1 1 1 1
 0.5 1 1 1 1
 0.5 1 1 1 1
 0.5 1 1 1 1
 0.5 1 1 1 1
Scru_reclas
 0.5 1 1 1 1
 0.5 1 1 1 1
 0.5 1 1 1 1
 0.5 1 1 1 1
 0.5 1 1 1 1
 0.5 1 1 1 1
 0.5 1 1 1 1
 0.5 1 1 1 1
 0.5 1 1 1 1
 0.5 1 1 1 1
 0.5 1 1 1 1
 0.5 1 1 1 1
 0.5 1 1 1 1
 0.5 1 1 1 1
 0.5 1 1 1 1
 0.5 1 1 1 1
 0.5 1 1 1 1
 0.5 1 1 1 1
 0.5 1 1 1 1
 0.5 1 1 1 1
 0.5 1 1 1 1
 0.5 1 1 1 1
 0.5 1 1 1 1
 0.5 1 1 1 1
 0.5 1 1 1 1
Scru_pelaces
 0.5 1 1 1 1
 0.5 1 1 1 1
 0.5 1 1 1 1
 0.5 1 1 1 1
 0.5 1 1 1 1
 0.5 1 1 1 1
 0.5 1 1 1 1
 0.5 1 1 1 1
 0.5 1 1 1 1
 0.5 1 1 1 1
 0.5 1 1 1 1
 0.5 1 1 1 1
 0.5 1 1 1 1
 0.5 1 1 1 1
 0.5 1 1 1 1
 0.5 1 1 1 1
 0.5 1 1 1 1
 0.5 1 1 1 1
 0.5 1 1 1 1
 0.5 1 1 1 1
 0.5 1 1 1 1
 0.5 1 1 1 1
 0.5 1 1 1 1
 0.5 1 1 1 1
 0.5 1 1 1 1
pf_obs 
 0.256992 0.487395 0.22802 0.0275931 0
 0.321318 0.546541 0.124235 0.00734118 0.000564706
 0.182869 0.594174 0.210203 0.0122559 0.00049798
 0.330522 0.361315 0.267642 0.0388342 0.00168674
 0.649043 0.306663 0.0425973 0.00169635 0
 0.582887 0.30429 0.105238 0.00758474 0
 0.465427 0.430635 0.0974691 0.00646863 0
 0.296916 0.608066 0.0921331 0.00288517 0
 0.311714 0.524322 0.152257 0.0117073 0
 0.15457 0.633149 0.183074 0.0267441 0.00246327
 0.131901 0.49318 0.331252 0.0422183 0.00144891
 0.196976 0.569456 0.194076 0.0375587 0.00193317
 0.518974 0.381816 0.0799577 0.0180837 0.00116848
 0.0928022 0.601141 0.25162 0.0475244 0.00691264
 0.122501 0.610282 0.24278 0.0234846 0.000952079
 0.383417 0.481906 0.127806 0.00687128 0
 0.0376549 0.599619 0.316969 0.0457579 0
 0.0361596 0.667082 0.258105 0.0386534 0
 0.158088 0.579412 0.248529 0.0139706 0
 0.0477256 0.309471 0.559284 0.082774 0.000745712
 0.0406174 0.521527 0.379366 0.0568643 0.0016247
 0.151134 0.462217 0.34131 0.0453401 0
 0.294876 0.26143 0.354403 0.0886775 0.000613685
 0.281977 0.475581 0.204845 0.0348837 0.00271318
 0.0354234 0.537034 0.353287 0.0723622 0.0018943
pf_pred 
 0.0349183 0.620842 0.303562 0.0406756 1.43752e-06
 0.0921734 0.0628876 0.543554 0.265772 0.0356132
 0.0349811 0.169901 0.0550799 0.476071 0.263967
 0.2777 0.0590621 0.116769 0.0378553 0.508613
 0.859699 0.064148 0.00622697 0.0123111 0.0576147
 0.262543 0.682727 0.0250236 0.00242909 0.0272775
 0.723929 0.129938 0.135287 0.00495861 0.00588657
 0.601497 0.34191 0.0266366 0.0277331 0.0022232
 0.699695 0.237408 0.0539646 0.00420413 0.00472808
 0.675676 0.274727 0.0392098 0.00891265 0.00147522
 0.232769 0.628026 0.117917 0.0168294 0.00445863
 0.180469 0.336898 0.395065 0.0741765 0.0133914
 0.531375 0.157555 0.127876 0.149955 0.0332382
 0.427804 0.423571 0.0499687 0.040556 0.0580997
 0.543161 0.317895 0.102854 0.0121337 0.0239561
 0.533354 0.361031 0.0734929 0.0237783 0.00834343
 0.451941 0.3989 0.1154 0.0234913 0.0102674
 0.47325 0.344217 0.132855 0.0384343 0.0112434
 0.396863 0.401613 0.13169 0.0508274 0.0190056
 0.714476 0.169809 0.0770519 0.0252655 0.0133979
 0.573849 0.361132 0.0386686 0.0175462 0.00880438
 0.432166 0.418357 0.126671 0.0135634 0.00924275
 0.560994 0.270376 0.12424 0.0376176 0.00677277
 0.415206 0.428298 0.0963834 0.0442888 0.0158242
 0.0220508 0.590993 0.283403 0.0637765 0.0397766
pobs_RECLAS
 0 0 0 0 0
 0 0 0 0 0
 0 0 0 0 0
 0 0 0 0 0
 0.835266 0.146461 0.0176864 0.000547809 3.91292e-05
 0.385257 0.428462 0.181853 0.0044286 0
 0.867414 0.0963971 0.0333333 0.00285562 0
 0.441836 0.489002 0.0689373 0.000224442 0
 0.779404 0.147425 0.0564933 0.0165055 0.000172143
 0.814271 0.122319 0.05973 0.00367925 0
 0.40263 0.566651 0.0304383 0.000280538 0
 0.475488 0.404961 0.113038 0.00651328 0
 0.955842 0.0263864 0.0167828 0.000988607 0
 0.975058 0.0227948 0.00214734 0 0
 0.738997 0.206755 0.0527124 0.00153531 0
 0.850938 0.134255 0.0134407 0.00136685 0
 0.542534 0.407297 0.0501686 0 0
 0.764087 0.199537 0.0359546 0.000420521 0
 0.470689 0.182191 0.310203 0.0369168 0
 0.84361 0.089868 0.0606195 0.00523954 0.000663233
 0.607945 0.314616 0.071237 0.00620181 0
 0.523733 0.453247 0.0230204 0 0
 0.530135 0.295979 0.169645 0.0042399 0
 0.562478 0.366248 0.0663022 0.0049721 0
 0.250443 0.683176 0.0655157 0.000865301 0
ppred_RECLAS
 0.035026 0.620773 0.303528 0.0406711 1.43736e-06
 0.0926901 0.0628518 0.543245 0.265621 0.0355929
 0.0361449 0.169696 0.0550135 0.475496 0.263649
 0.280147 0.058862 0.116374 0.0377271 0.50689
 0.859934 0.0640406 0.00621654 0.0122905 0.0575182
 0.269884 0.67593 0.0247745 0.00240491 0.0270059
 0.728094 0.127978 0.133247 0.00488382 0.00579778
 0.610537 0.334154 0.0260324 0.027104 0.00217277
 0.705348 0.232939 0.0529488 0.00412499 0.00463908
 0.677934 0.272814 0.0389367 0.00885059 0.00146495
 0.236483 0.624986 0.117346 0.0167479 0.00443705
 0.183539 0.335636 0.393586 0.0738987 0.0133413
 0.541074 0.154295 0.12523 0.146851 0.0325503
 0.450117 0.407054 0.0480202 0.0389745 0.0558342
 0.56118 0.305357 0.0987969 0.0116551 0.0230112
 0.539295 0.356435 0.0725573 0.0234756 0.00823721
 0.456788 0.395372 0.114379 0.0232835 0.0101766
 0.47679 0.341904 0.131962 0.038176 0.0111679
 0.400485 0.399202 0.130899 0.0505222 0.0188915
 0.717385 0.168079 0.076267 0.0250082 0.0132614
 0.574947 0.360201 0.0385689 0.0175009 0.00878169
 0.433712 0.417218 0.126326 0.0135265 0.00921758
 0.563123 0.269065 0.123637 0.0374351 0.00673991
 0.417467 0.426641 0.0960107 0.0441176 0.015763
 0.022402 0.590781 0.283301 0.0637536 0.0397623
pobs_PELACES
 0 0 0 0 0
 0 0 0 0 0
 0 0 0 0 0
 0 0 0 0 0
 0 0 0 0 0
 0 0 0 0 0
 0 0 0 0 0
 0 0 0 0 0
 0 0 0 0 0
 0 0 0 0 0
 0.450072 0.473896 0.0757376 0.000293798 0
 0 0 0 0 0
 0.463077 0.371075 0.160297 0.00555027 0
 0.529543 0.364841 0.0842815 0.0213345 0
 0.631943 0.363953 0.00410389 0 0
 0.735681 0.248677 0.0153453 0.000297389 0
 0.695825 0.281241 0.0229344 0 0
 0.275771 0.60734 0.115278 0.00161068 0
 0 0 0 0 0
 0.896147 0.0623911 0.0374545 0.00400742 0
 0.803859 0.145111 0.0509908 3.86294e-05 0
 0.739449 0.233085 0.0266225 0.000797448 4.60066e-05
 0.878498 0.100942 0.0204185 0.000141795 0
 0.694673 0.275183 0.0284847 0.00165964 0
 0.469039 0.446079 0.0841089 0.000773354 0
ppred_PELACES
 0.0355868 0.620412 0.303352 0.0406474 1.43652e-06
 0.0952069 0.0626774 0.541738 0.264884 0.0354942
 0.0403075 0.168963 0.0547759 0.473443 0.262511
 0.290786 0.057992 0.114654 0.0371695 0.499398
 0.861185 0.0634689 0.00616104 0.0121808 0.0570047
 0.294554 0.653091 0.0239374 0.00232365 0.0260934
 0.743556 0.120701 0.125669 0.0046061 0.00546808
 0.639235 0.309531 0.0241141 0.0251068 0.00201266
 0.724944 0.217448 0.0494274 0.00385066 0.00433056
 0.687823 0.264437 0.0377412 0.00857883 0.00141997
 0.25101 0.613095 0.115113 0.0164293 0.00435263
 0.195619 0.33067 0.387762 0.0728053 0.0131439
 0.571929 0.143921 0.11681 0.136978 0.0303618
 0.505177 0.366296 0.0432119 0.035072 0.0502435
 0.607639 0.273028 0.0883371 0.0104211 0.020575
 0.561023 0.339624 0.0691352 0.0223684 0.00784872
 0.475588 0.381689 0.110421 0.0224777 0.00982439
 0.491516 0.332281 0.128248 0.0371015 0.0108535
 0.415442 0.389242 0.127634 0.0492617 0.0184202
 0.729256 0.161019 0.0730633 0.0239577 0.0127043
 0.580419 0.355565 0.0380725 0.0172757 0.00866866
 0.441131 0.411752 0.124671 0.0133493 0.00909681
 0.572806 0.263101 0.120897 0.0366054 0.00659053
 0.427697 0.419149 0.0943246 0.0433428 0.0154862
 0.023877 0.58989 0.282874 0.0636574 0.0397023
pobs_pel_tallas
 0 0 0 0 0 0 0 0 0 0 0 0 0 0 0 0 0 0 0 0 0 0 0 0 0 0 0 0 0 0 0 0 0 0 0 0
 0 0 0 0 0 0 0 0 0 0 0 0 0 0 0 0 0 0 0 0 0 0 0 0 0 0 0 0 0 0 0 0 0 0 0 0
 0 0 0 0 0 0 0 0 0 0 0 0 0 0 0 0 0 0 0 0 0 0 0 0 0 0 0 0 0 0 0 0 0 0 0 0
 0 0 0 0 0 0 0 0 0 0 0 0 0 0 0 0 0 0 0 0 0 0 0 0 0 0 0 0 0 0 0 0 0 0 0 0
 0 0 0 0 0 0 0 0 0 0 0 0 0 0 0 0 0 0 0 0 0 0 0 0 0 0 0 0 0 0 0 0 0 0 0 0
 0 0 0 0 0 0 0 0 0 0 0 0 0 0 0 0 0 0 0 0 0 0 0 0 0 0 0 0 0 0 0 0 0 0 0 0
 0 0 0 0 0 0 0 0 0 0 0 0 0 0 0 0 0 0 0 0 0 0 0 0 0 0 0 0 0 0 0 0 0 0 0 0
 0 0 0 0 0 0 0 0 0 0 0 0 0 0 0 0 0 0 0 0 0 0 0 0 0 0 0 0 0 0 0 0 0 0 0 0
 0 0 0 0 0 0 0 0 0 0 0 0 0 0 0 0 0 0 0 0 0 0 0 0 0 0 0 0 0 0 0 0 0 0 0 0
 0 0 0 0 0 0 0 0 0 0 0 0 0 0 0 0 0 0 0 0 0 0 0 0 0 0 0 0 0 0 0 0 0 0 0 0
 0 0 0 0 0 0 0 0 1.78061e-05 0.00172719 0.00360574 0.0105946 0.0120993 0.0124554 0.0147524 0.0171206 0.0266825 0.0428682 0.0675386 0.121331 0.153587 0.119568 0.100827 0.0573624 0.0630603 0.0341343 0.0324427 0.0444173 0.0211091 0.0280891 0.0125444 0.00206551 0 0 0 0
 0 0 0 0 0 0 0 0 0 0 0 0 0 0 0 0 0 0 0 0 0 0 0 0 0 0 0 0 0 0 0 0 0 0 0 0
 0 0 0 0 0 0 0.0133647 0.0140871 0.0187388 0.0205184 0.03894 0.0496705 0.03968 0.0493445 0.0407372 0.0367815 0.0215668 0.0243155 0.0234873 0.0199281 0.019796 0.0243948 0.0301388 0.0376714 0.0412746 0.0863199 0.0771752 0.113111 0.0741005 0.0525337 0.0229764 0.00759418 0.00175318 0 0 0
 0 0 0 0 0 0 0 0 0 0 0.00219441 0.00772107 0.0458388 0.0604681 0.0671733 0.0775358 0.0609151 0.0617685 0.073594 0.0568108 0.0755445 0.0548602 0.0670107 0.0636378 0.0643287 0.046367 0.0373049 0.0286899 0.0247887 0.0153202 0.00654259 0.00121912 0.000365735 0 0 0
 0 0 0 0 0 0 0 0 0 0 0 0 0.000112435 0.00938835 0.0111873 0.0202946 0.0414886 0.0713402 0.111592 0.104902 0.108894 0.110636 0.117776 0.105296 0.107544 0.0401394 0.0192827 0.0124803 0.00416011 0.0028671 0.000618394 0 0 0 0 0
 0 0 0 0 0 0 0 0 0 0 0.00291406 0.0102884 0.027416 0.0768956 0.0749926 0.110853 0.0956884 0.0897413 0.0766577 0.0534642 0.0500743 0.0551293 0.0594112 0.0620874 0.0668451 0.0424026 0.0208742 0.0120726 0.0048766 0.00582813 0.00118941 0.000297354 0 0 0 0
 0 0.00264628 0.0354308 0.0461629 0.0458689 0.0383711 0.0214643 0.0164657 0.0346957 0.0420465 0.0363128 0.0245516 0.0311673 0.0291091 0.0169068 0.0133784 0.00837989 0.0085269 0.0148486 0.0160247 0.0276389 0.0546898 0.0760071 0.122758 0.109233 0.0665981 0.0333725 0.0166128 0.00676272 0.00308733 0.000882094 0 0 0 0 0
 0 0 0 0 0 0 0 0.000805153 0.000690131 0.00759144 0.0133425 0.0154129 0.00931677 0.000345066 0.00356568 0.00563607 0.00851162 0.0253048 0.0502646 0.0516448 0.0657925 0.0565908 0.0611916 0.0827007 0.0866115 0.110766 0.145733 0.0935128 0.0569358 0.0249597 0.0138026 0.00621118 0.00161031 0.00115022 0 0
 0 0 0 0 0 0 0 0 0 0 0 0 0 0 0 0 0 0 0 0 0 0 0 0 0 0 0 0 0 0 0 0 0 0 0 0
 0.00147267 0.00158595 0.00478618 0.00569244 0.00954404 0.0108468 0.00647125 0.017049 0.0510054 0.094081 0.124002 0.0959785 0.0687766 0.0820023 0.061753 0.0591476 0.0492212 0.0479892 0.0443925 0.0268479 0.0217502 0.0140895 0.0121071 0.0120363 0.00920419 0.00665534 0.0049561 0.00860946 0.00930331 0.0156896 0.0114698 0.00855282 0.00243557 0.00046729 0 2.83206e-05
 0 0 0 0 0.000772559 0.00158375 0.000888443 0.00281984 0.00712685 0.0440552 0.0773331 0.111326 0.0921469 0.0852325 0.0710754 0.0886704 0.0786465 0.0553345 0.0373146 0.0185414 0.00753245 0.00457741 0.012979 0.0271748 0.0457355 0.0583668 0.034881 0.0177882 0.00938659 0.00492506 0.0015258 0.00185414 0.000309023 5.79419e-05 3.86279e-05 0
 0 0.00173294 0.00326652 0 0.00397197 0.00683976 0.00946217 0.0152591 0.00757587 0.0136028 0.0228656 0.0392903 0.0559909 0.0764795 0.0681675 0.0726916 0.0566044 0.0477403 0.0527397 0.0444891 0.0609904 0.0582453 0.0661739 0.0445044 0.0529084 0.0360697 0.0280645 0.0235558 0.0158879 0.00826598 0.00280645 0.00217768 0.000904811 0.00058276 9.20147e-05 0
 0 0 0 0 0 0 0 0 0 0 0 0 0 0 0 0 0 0 0 0 0 0 0 0 0 0 0 0 0 0 0 0 0 0 0 0
 0 0 0 0 0 0 0 0 0 0 0 0 0 0 0 0 0 0 0 0 0 0 0 0 0 0 0 0 0 0 0 0 0 0 0 0
 0 0 0 0 0 0 0 0 0 0 0 0 0 0 0 0 0 0 0 0 0 0 0 0 0 0 0 0 0 0 0 0 0 0 0 0
ppred_pel_tallas
 1.05905e-16 1.59027e-06 9.2388e-06 4.37195e-05 0.000167992 0.000523566 0.00132317 0.00271245 0.0045155 0.00612265 0.00681686 0.00637991 0.00536819 0.00475195 0.00533817 0.00753191 0.0114665 0.0171739 0.0245962 0.033485 0.0433135 0.0532756 0.0623896 0.0696788 0.0743768 0.0760875 0.0748518 0.0710961 0.0654936 0.0587876 0.0516396 0.0445411 0.037798 0.0315668 0.0259132 0.0208618
 1.18471e-16 4.16763e-06 2.44209e-05 0.000116009 0.000446516 0.00139227 0.00351678 0.00719665 0.0119329 0.0160368 0.0174809 0.0154908 0.0112464 0.00688844 0.00397027 0.00286683 0.00324443 0.0047163 0.00712091 0.0104818 0.0148838 0.0203814 0.0269448 0.0344303 0.0425651 0.0509488 0.0590731 0.0663627 0.072236 0.0761788 0.0778195 0.0769891 0.0737542 0.0684089 0.0614329 0.0534172
 1.29367e-16 1.77605e-06 1.03755e-05 4.92251e-05 0.000189362 0.000590341 0.00149129 0.00305293 0.00506676 0.00682341 0.00747516 0.00671258 0.00506563 0.00348601 0.00269366 0.00292416 0.00411941 0.00619085 0.00911878 0.0129184 0.017579 0.0230317 0.0291483 0.0357609 0.0426843 0.0497277 0.0566901 0.0633392 0.0693899 0.0744973 0.0782776 0.0803594 0.0804529 0.0784163 0.0743019 0.0683633
 1.26259e-16 1.26938e-05 7.4482e-05 0.000354016 0.00136292 0.00425007 0.0107353 0.021966 0.0364119 0.048903 0.0532235 0.0469647 0.0336584 0.0197262 0.00973835 0.00459623 0.00296362 0.00327942 0.00463713 0.00671261 0.00945632 0.0128923 0.0170362 0.0218677 0.0273191 0.0332656 0.0395152 0.0458025 0.0517927 0.0571007 0.0613274 0.0641103 0.0651782 0.0643973 0.0617967 0.0575713
 1.03191e-16 3.75668e-05 0.000220506 0.00104823 0.00403579 0.0125853 0.0317893 0.0650441 0.107814 0.144778 0.157515 0.138861 0.099231 0.0575679 0.0272957 0.0109285 0.00430551 0.00255539 0.00271211 0.00352133 0.00455635 0.00565522 0.00671364 0.00764335 0.00837927 0.00889115 0.00918685 0.00930366 0.00929186 0.00919615 0.00904215 0.00883205 0.00854957 0.00817097 0.00767732 0.00706402
 1.01852e-16 1.2883e-05 7.55361e-05 0.000358902 0.00138152 0.00430791 0.0108821 0.0222708 0.0369338 0.0496537 0.0541719 0.0481136 0.0351612 0.0219721 0.0133742 0.0105032 0.0122034 0.0169886 0.0238401 0.0320512 0.040883 0.0494105 0.0565843 0.0614212 0.0632291 0.0617764 0.0573503 0.0506747 0.0427258 0.0345034 0.026833 0.0202497 0.0149783 0.0109894 0.00809424 0.00604028
 1.02238e-16 3.24403e-05 0.000190403 0.000905098 0.00348469 0.0108667 0.0274484 0.0561627 0.0930946 0.12502 0.136036 0.119971 0.0858279 0.0499878 0.0240717 0.0102889 0.00508824 0.00429949 0.00538101 0.00724084 0.00946514 0.011831 0.0141359 0.0161778 0.0177825 0.0188328 0.0192836 0.0191581 0.018529 0.0174937 0.0161524 0.0145961 0.0129046 0.0111493 0.00939741 0.00771305
 1.014e-16 2.78988e-05 0.000163724 0.000778225 0.00299614 0.00934312 0.0236002 0.0482903 0.0800514 0.107521 0.117042 0.10333 0.0741643 0.0436801 0.0219402 0.0109253 0.007658 0.00859696 0.0115379 0.0154328 0.0197158 0.0239013 0.0274849 0.0299983 0.0311072 0.0306905 0.0288674 0.0259602 0.0224096 0.0186688 0.0151132 0.0119882 0.0094008 0.00734606 0.00575088 0.00451639
 1.01108e-16 3.16325e-05 0.000185652 0.000882492 0.00339762 0.0105952 0.0267626 0.0547602 0.0907726 0.12191 0.132674 0.117056 0.0838535 0.0490609 0.0240403 0.0109814 0.00645283 0.00640263 0.0083345 0.0111209 0.0142469 0.0173453 0.0200553 0.0220412 0.0230562 0.0229976 0.021928 0.0200515 0.0176579 0.0150522 0.0124938 0.0101605 0.00814245 0.00645773 0.00507922 0.00396058
 1.00984e-16 3.00158e-05 0.000176156 0.000837338 0.00322375 0.0100529 0.025393 0.0519583 0.0861298 0.115679 0.125907 0.111118 0.0796699 0.0467542 0.0231726 0.0110268 0.00708444 0.00751578 0.00994978 0.0132888 0.0169876 0.0206162 0.0237392 0.0259519 0.0269624 0.026659 0.0251349 0.0226578 0.0195987 0.0163438 0.0132172 0.0104366 0.00810492 0.00623073 0.00476354 0.00362805
 1.02602e-16 1.0983e-05 6.4384e-05 0.00030589 0.00117742 0.00367144 0.0092744 0.0189811 0.0314801 0.0423279 0.0461956 0.0410676 0.0300952 0.0189716 0.0118387 0.00969851 0.0116035 0.0163207 0.0230021 0.031043 0.039781 0.0483638 0.0558078 0.0611741 0.0637761 0.0633387 0.060057 0.0545284 0.0475917 0.0401246 0.03287 0.0263328 0.0207614 0.0161937 0.0125349 0.0096337
 1.08728e-16 8.55683e-06 5.0165e-05 0.000238345 0.000917449 0.00286079 0.00722644 0.0147888 0.0245241 0.0329654 0.0359526 0.0319026 0.0232522 0.014412 0.00857817 0.00650299 0.00743535 0.0104377 0.0149294 0.020591 0.0271278 0.0341417 0.041125 0.0475292 0.0528603 0.0567594 0.0590467 0.0597133 0.0588787 0.0567322 0.0534851 0.0493469 0.0445258 0.0392378 0.0337153 0.0282008
 1.07831e-16 2.49573e-05 0.000146469 0.000696231 0.0026805 0.00835884 0.0211138 0.0432018 0.0716127 0.0961767 0.104667 0.0923415 0.0661405 0.0386811 0.0189288 0.00861623 0.00504951 0.00505765 0.00671393 0.00919045 0.0121591 0.0154158 0.0187533 0.0219552 0.0248266 0.027222 0.0290592 0.0303103 0.030981 0.0310864 0.0306365 0.029636 0.0280975 0.0260578 0.0235918 0.0208132
 1.04286e-16 2.20555e-05 0.000129413 0.000615098 0.00236804 0.0073844 0.0186527 0.0381679 0.063275 0.0849995 0.0925568 0.0817853 0.0588579 0.034982 0.018159 0.0100125 0.00824874 0.0101141 0.0138791 0.0186781 0.0239668 0.0292109 0.0338297 0.0372758 0.0391518 0.0393014 0.037841 0.0351161 0.0316029 0.0277878 0.0240669 0.0206896 0.017755 0.0152469 0.0130868 0.0111828
 1.02663e-16 2.65198e-05 0.00015563 0.000739755 0.00284803 0.00888125 0.0224335 0.045903 0.0760934 0.102204 0.111251 0.0982102 0.0704738 0.0414757 0.0207779 0.0102608 0.00709507 0.00792093 0.0106586 0.0143379 0.0184567 0.0225941 0.0263082 0.0291771 0.0308821 0.0312765 0.0304123 0.028513 0.0259067 0.0229425 0.0199191 0.0170435 0.0144257 0.0120984 0.0100489 0.00824819
 1.02228e-16 2.44898e-05 0.000143706 0.000683054 0.0026297 0.00820037 0.0207137 0.0423847 0.0702638 0.0943816 0.102757 0.0907601 0.0652333 0.0386039 0.019732 0.0103907 0.00800274 0.00948853 0.0129241 0.017372 0.0222833 0.0271465 0.0314125 0.0345615 0.0362113 0.0362033 0.0346352 0.0318233 0.0282148 0.0242774 0.0204056 0.0168662 0.0137893 0.0111954 0.00903838 0.00724663
 1.02924e-16 2.07662e-05 0.000121842 0.000579098 0.00222942 0.00695212 0.0175608 0.035934 0.0595729 0.0800302 0.0871557 0.0770369 0.0554932 0.0330882 0.0173714 0.0098923 0.00851331 0.0106604 0.0147137 0.0198503 0.0255288 0.0311957 0.0362373 0.0400649 0.0422363 0.0425542 0.0411029 0.03821 0.0343511 0.0300308 0.0256807 0.0216003 0.0179472 0.0147654 0.0120299 0.00968834
 1.03711e-16 2.14588e-05 0.000125912 0.000598459 0.00230398 0.00718465 0.0181481 0.0371352 0.0615626 0.0826978 0.0900468 0.0795589 0.0572373 0.0339828 0.0175762 0.00959432 0.00780518 0.00953567 0.0131182 0.0177363 0.0228959 0.0281163 0.0328667 0.0366314 0.0390134 0.0398178 0.0390856 0.0370623 0.0341203 0.0306609 0.0270312 0.0234775 0.0201386 0.0170702 0.0142805 0.0117613
 1.04492e-16 1.81439e-05 0.000106445 0.000505901 0.00194759 0.00607324 0.0153409 0.0313918 0.0520446 0.0699223 0.0761625 0.0673549 0.048595 0.0291283 0.0155738 0.00931485 0.00851514 0.0109521 0.0152231 0.0205988 0.026569 0.0325863 0.0380335 0.0423122 0.0449661 0.0457795 0.0448147 0.0423737 0.0389046 0.0348843 0.0307192 0.0266903 0.022947 0.0195367 0.0164505 0.0136628
 1.02507e-16 3.18183e-05 0.000186747 0.000887713 0.00341774 0.0106579 0.026921 0.055084 0.0913078 0.122624 0.133438 0.1177 0.0842504 0.0491627 0.0238485 0.0104893 0.00561524 0.00514164 0.00656784 0.00879651 0.0113757 0.0140256 0.0164827 0.0184959 0.0198688 0.020499 0.0203936 0.0196554 0.0184465 0.0169438 0.0153002 0.0136251 0.0119822 0.0104017 0.00889682 0.00747792
 1.01655e-16 2.53361e-05 0.000148674 0.000706666 0.0027206 0.00848385 0.0214298 0.0438499 0.0726928 0.0976444 0.106309 0.0938974 0.0674877 0.0399366 0.0204095 0.0107389 0.00825487 0.00976555 0.0132721 0.0177935 0.0227491 0.0275976 0.0317622 0.0347034 0.0360341 0.0356104 0.0335639 0.0302597 0.0261996 0.0219016 0.017797 0.0141699 0.0111476 0.00873024 0.00683955 0.00536703
 1.02788e-16 1.9265e-05 0.000113025 0.000537178 0.00206801 0.00644875 0.0162894 0.0333327 0.0552623 0.0742446 0.0808692 0.0715139 0.0515881 0.030907 0.0164958 0.00981865 0.00891944 0.01143 0.0158508 0.0213965 0.0275136 0.0336107 0.0390251 0.0431193 0.0454146 0.0456967 0.0440565 0.0408494 0.0365924 0.0318361 0.0270535 0.0225757 0.0185804 0.0151207 0.0121723 0.00967819
 1.03368e-16 2.50006e-05 0.000146712 0.000697358 0.00268479 0.00837221 0.0211477 0.0432721 0.0717325 0.0963476 0.104879 0.0925916 0.0664562 0.0391404 0.0196633 0.00980488 0.00690723 0.00781377 0.0105748 0.0142853 0.0184781 0.0227577 0.0267016 0.0298985 0.0320264 0.0329181 0.0325883 0.0312109 0.0290601 0.026436 0.0236016 0.0207477 0.0179893 0.0153823 0.012951 0.0107096
 1.03689e-16 1.86794e-05 0.000109587 0.00052083 0.00200506 0.00625246 0.0157936 0.0323183 0.0535811 0.0719877 0.0784154 0.0693546 0.0500536 0.0300339 0.0161138 0.00972079 0.0089659 0.011558 0.0160426 0.0216497 0.027826 0.0339741 0.0394258 0.0435416 0.0458464 0.0461363 0.044517 0.0413598 0.0371937 0.032573 0.0279639 0.0236802 0.0198754 0.0165759 0.0137348 0.0112803
 1.0825e-16 1.07826e-06 6.23611e-06 2.94515e-05 0.000113069 0.0003523 0.00089053 0.001827 0.00304697 0.00414806 0.00466182 0.00446404 0.00396411 0.00386679 0.00478624 0.00708168 0.0109325 0.0164319 0.0235671 0.0321266 0.0416259 0.051313 0.0602673 0.0675705 0.0724984 0.074671 0.074113 0.071204 0.0665468 0.0608026 0.054551 0.0482125 0.0420405 0.0361612 0.0306324 0.0254925
pSPR Fmed_Fpbrs
0.521472   0.255602 0.255602
Fs Fmed_Fpbrs
0.37305   1.005 1.005
SSBpbr Bo_Bmed_Bpbrs
1.04678e+06  493529  215221 215221
Ro
21590.3
SPR SPRFo_SPRFmed_SPRFpbrs
443417 231230 113338
log_Ro
9.8
likeval ReclasPelacesDesembMPH_pf_preclas_ppelaces_ptallas_desvR_qrecl_qpela
 99.4801 125.154 0.116884 0.000569522 399.041 211.255 88.8689 0 50.057 0 0 0 0 0 0
q_reclas_q_pelaces
1 1
M
0.7
N
 6771.34 61520.8 30080.8 4030.65 0.142447
 9021.7 3198.89 27648.9 13519 1811.53
 1469.6 4096.08 1327.9 11477.4 6363.9
 4553.04 517.661 1023.45 331.791 4457.84
 51030.2 1930.39 187.386 370.475 1733.78
 16301.9 24553.1 899.933 87.3582 980.989
 56442.9 5596.05 5826.41 213.552 253.517
 66850.1 22024.1 1715.79 1786.42 143.207
 119891 22904.1 5206.26 405.595 456.144
 206276 44478.3 6348.06 1442.96 238.838
 59900.5 89195.1 16747.1 2390.19 633.235
 22741.5 23425.2 27469.8 5157.66 931.135
 51635.7 8898.27 7222.08 8469.02 1877.2
 27778.1 17553.4 2070.77 1680.7 2407.73
 19423.3 7062.75 2285.12 269.576 532.237
 14304.1 5399.67 1099.18 355.634 124.786
 11218 5443.66 1574.83 320.578 140.116
 11301.2 4430.73 1710.09 494.722 144.724
 8574.01 4693.67 1539.07 594.022 222.12
 27536.2 3529.17 1601.39 525.1 278.451
 35251.6 11424.1 1223.25 555.058 278.519
 32485.4 16355.3 4952.09 530.251 361.337
 58051.4 14723.2 6765.43 2048.45 368.808
 46975.8 25578.4 5756.12 2644.97 945.038
 1411.33 20544.3 9851.73 2217.02 1382.72
pred_Ctot
 237.701 4226.28 2066.45 276.892 0.00978566
 558.942 381.352 3296.13 1611.65 215.959
 313.316 1521.75 493.335 4264.02 2364.28
 483.144 102.756 203.156 65.8608 884.887
 1142.87 85.2775 8.27804 16.3662 76.5921
 3696.9 9613.57 352.361 34.2044 384.098
 8817.53 1582.66 1647.81 60.3964 71.699
 15226.8 8655.41 674.302 702.06 56.28
 22175.7 7524.28 1710.32 133.243 149.849
 19326 7857.85 1121.49 254.924 42.1949
 9280.13 25038.4 4701.14 670.96 177.758
 3516.16 6563.93 7697.23 1445.21 260.911
 11970.8 3549.4 2880.79 3378.18 748.788
 10126.3 10026.1 1182.78 959.98 1375.25
 6355.28 3719.55 1203.44 141.97 280.299
 2440.48 1651.98 336.283 108.803 38.1772
 1672.8 1476.48 427.138 86.9499 38.0035
 1343.72 977.352 377.221 109.128 31.9239
 1066.58 1079.35 353.922 136.6 51.0783
 3292.41 782.503 355.066 116.427 61.7393
 1672.15 1052.31 112.678 51.1283 25.6553
 2050.65 1985.13 601.062 64.3594 43.8574
 4738.01 2283.53 1049.3 317.709 57.2011
 4060.37 4188.39 942.548 433.107 154.747
 184.248 4938.12 2368.01 532.893 332.358
F
 0.0498959 0.0997917 0.0997917 0.0997917 0.0997917
 0.0896013 0.179203 0.179203 0.179203 0.179203
 0.343426 0.686853 0.686853 0.686853 0.686853
 0.158074 0.316148 0.316148 0.316148 0.316148
 0.0315783 0.0631566 0.0631566 0.0631566 0.0631566
 0.369219 0.738439 0.738439 0.738439 0.738439
 0.241092 0.482185 0.482185 0.482185 0.482185
 0.371138 0.742276 0.742276 0.742276 0.742276
 0.291583 0.583165 0.583165 0.583165 0.583165
 0.138389 0.276778 0.276778 0.276778 0.276778
 0.23887 0.47774 0.47774 0.47774 0.47774
 0.238336 0.476671 0.476671 0.476671 0.476671
 0.378967 0.757934 0.757934 0.757934 0.757934
 0.669413 1.33883 1.33883 1.33883 1.33883
 0.580136 1.16027 1.16027 1.16027 1.16027
 0.266096 0.532193 0.532193 0.532193 0.532193
 0.228953 0.457905 0.457905 0.457905 0.457905
 0.178693 0.357386 0.357386 0.357386 0.357386
 0.187672 0.375345 0.375345 0.375345 0.375345
 0.179777 0.359554 0.359554 0.359554 0.359554
 0.0679575 0.135915 0.135915 0.135915 0.135915
 0.0913635 0.182727 0.182727 0.182727 0.182727
 0.119582 0.239164 0.239164 0.239164 0.239164
 0.12705 0.2541 0.2541 0.2541 0.2541
 0.197807 0.395615 0.395615 0.395615 0.395615
nmprior
 10.6 11 7 0
nm_flota  nm_reclas  nm_pelaces    nm_pelaL
inf 12.6608 9.13011 17.7263
cv_recla  cv_pelaces  cv_mph
0.90218 1.26851 0.774272
 ------------------------------------------------
Talla a la edad & desviación 
 7.2 14.2025 17.0495 18.207 18.6776
 1.08 2.13037 2.55742 2.73105 2.80164
