    unsorted:	 8.201404891e-06 0.0008999975675 0.007069361379 2.644930706 26.90573075 19.91709535 47.74333466 66.31157483 86.78012322 168.8458014 150.8322573 219.0145330 320.7951400 385.8465230 414.4065879 468.8200526 556.9124465 639.7897969 705.6514300 729.1047279 795.2123940 886.0457401 948.7545902 1038.000488 1181.434108 1330.179724 1472.468393 1696.346328 1767.904070 2292.939411 2422.708676 2807.105117 2817.339485 3547.788844 3810.129279 3663.194236 3903.482895 4578.094364 15266.84378 196415.3078 207877.6545 276796.6628 341489.5650 379527.1694 417402.1735 426865.6854 461846.5767 482296.9698 531695.4997 564399.6190 613790.1004 705410.4861 782185.3692 891861.4831 969039.5549 1152534.158 1275765.947 1447589.588 1600385.339 1716886.596 1968265.589 2030690.723 2408685.210 2432294.423 2629478.822
      sorted:	 8.201404891e-06 0.0008999975675 0.007069361379 2.644930706 19.91709535 26.90573075 47.74333466 66.31157483 86.78012322 150.8322573 168.8458014 219.0145330 320.7951400 385.8465230 414.4065879 468.8200526 556.9124465 639.7897969 705.6514300 729.1047279 795.2123940 886.0457401 948.7545902 1038.000488 1181.434108 1330.179724 1472.468393 1696.346328 1767.904070 2292.939411 2422.708676 2807.105117 2817.339485 3547.788844 3663.194236 3810.129279 3903.482895 4578.094364 15266.84378 196415.3078 207877.6545 276796.6628 341489.5650 379527.1694 417402.1735 426865.6854 461846.5767 482296.9698 531695.4997 564399.6190 613790.1004 705410.4861 782185.3692 891861.4831 969039.5549 1152534.158 1275765.947 1447589.588 1600385.339 1716886.596 1968265.589 2030690.723 2408685.210 2432294.423 2629478.822
