years
 1997 1998 1999 2000 2001 2002 2003 2004 2005 2006 2007 2008 2009 2010 2011 2012 2013 2014 2015 2016 2017 2018 2019 2020 2021
reclasobs
 0 0 0 370054 412103 1.49427e+06 250295 1.28982e+06 931140 785840 897777 1.04006e+06 184774 17550 25797 100020 73551 82996 120727 218422 84188 347160 605670 569463 516374
reclaspred
 1.11329e+06 234072 605635 326662 416167 536329 1.11653e+06 860347 1.10146e+06 1.21333e+06 1.13238e+06 774069 449296 206776 137030 134816 160467 224145 242766 321715 509051 506310 839115 994451 1.15894e+06
pelacesobs
 0 0 0 0 0 0 0 0 0 2.06254e+06 1.5e+06 0 1.87456e+06 323000 250000 174000 83755 137374 0 501740 490994 745055 786931 1.00524e+06 1.33801e+06
pelacespred
 655305 231355 209009 228456 248590 247694 572351 554730 631077 722331 587189 415491 238289 88268 58064.6 65225.7 81333.3 114775 131170 167364 290412 301612 379108 535786 625209
mphobs
 0 0 0 0 0 112323 0 153150 637223 0 255016 313432 73983 77613 109348 50772 0 0 0 0 0 0 0 0 0
mphpred
 784948 427862 380580 352842 311518 476145 669701 895520 874806 1.05945e+06 1.1411e+06 816594 499646 266422 126972 111929 126100 171895 212388 238359 371453 475041 579270 791749 1.00929e+06
desembarqueobs
 350755 77701 442110 56441 14545 235359 269955 359681 431902 328805 639364 411747 362871 311530 167758 66681 60226 58785 57116 73181 50977 67692 138656 160484 209506
desembarquepred
 350762 77702.3 442143 56443.8 14545.1 235424 269980 359622 431845 328750 639367 411880 362961 311727 167719 66689.8 60245.1 58786.2 57111.1 73172.7 50975.5 67683.6 138648 160479 209498
Reclutas
 42951.9 44968.1 23414.3 26850.6 53520.2 41349.2 81680.7 87235.7 129672 137915 72330.4 40927.9 46766.4 28574.6 20022 17157.4 14500.2 15862.8 16675.3 31227.5 44133 48921.9 77712.5 91008.9 39114
log_desv_Rt
 0.0278366 0.0737089 -0.578899 -0.441956 0.247814 -0.0101908 0.670573 0.736369 1.13277 1.19439 0.548999 -0.0204336 0.11292 -0.379725 -0.735413 -0.889814 -1.05808 -0.968266 -0.918319 -0.290947 0.054964 0.15798 0.620772 0.778713 -0.0657639
SSB
 784948 427862 380580 352842 311518 476145 669701 895520 874806 1.05945e+06 1.1411e+06 816594 499646 266422 126972 111929 126100 171895 212388 238359 371453 475041 579270 791749 1.00929e+06
BT
 2.09066e+06 573785 773525 542937 597029 676788 1.74136e+06 1.66449e+06 2.00494e+06 1.98918e+06 1.82126e+06 1.23762e+06 887934 487235 287908 203248 239840 308909 323041 449579 736492 669996 900945 1.30321e+06 1.44286e+06
Ftot
 0.303109 0.319091 0.679315 0.167698 0.0341902 0.418043 0.233945 0.399854 0.376012 0.261595 0.532656 0.502895 0.748262 1.3091 1.10074 0.470277 0.360028 0.253235 0.227404 0.220172 0.0976272 0.130028 0.160422 0.156748 0.175258
BD_Bspro_t
 0.957129 0.75498 0.640273 0.43946 0.538416 0.699102 0.635756 0.670512 0.630999 0.624743 0.613608 0.458349 0.348016 0.249745 0.151071 0.159011 0.23057 0.364448 0.473998 0.564171 0.688828 0.786714 0.792881 0.791879 0.786892
BD_Bspro
 0.914943 0.49872 0.443607 0.411276 0.363109 0.554999 0.780609 1.04383 1.01968 1.2349 1.33008 0.951829 0.582392 0.310543 0.147999 0.130465 0.146983 0.200363 0.247562 0.277833 0.432969 0.553712 0.675202 0.92287 1.17644
BD_Bo
 0.799656 0.435879 0.387711 0.359453 0.317356 0.485067 0.682249 0.9123 0.891197 1.0793 1.16249 0.831895 0.509008 0.271414 0.129351 0.114026 0.128463 0.175116 0.216368 0.242825 0.378413 0.483942 0.590124 0.806584 1.0282
BD_Brms
 3.88934 2.12001 1.88573 1.7483 1.54354 2.35925 3.3183 4.43721 4.33458 5.24945 5.65406 4.04614 2.4757 1.32009 0.629132 0.554597 0.624812 0.851724 1.05236 1.18104 1.84051 2.35378 2.87023 3.92304 5.00094
S_f
 0.5 1 1 1 1
 0.5 1 1 1 1
 0.5 1 1 1 1
 0.5 1 1 1 1
 0.5 1 1 1 1
 0.5 1 1 1 1
 0.5 1 1 1 1
 0.5 1 1 1 1
 0.5 1 1 1 1
 0.5 1 1 1 1
 0.5 1 1 1 1
 0.5 1 1 1 1
 0.5 1 1 1 1
 0.5 1 1 1 1
 0.5 1 1 1 1
 0.5 1 1 1 1
 0.5 1 1 1 1
 0.5 1 1 1 1
 0.5 1 1 1 1
 0.5 1 1 1 1
 0.5 1 1 1 1
 0.5 1 1 1 1
 0.5 1 1 1 1
 0.5 1 1 1 1
 0.5 1 1 1 1
Scru_reclas
 0.5 1 1 1 1
 0.5 1 1 1 1
 0.5 1 1 1 1
 0.5 1 1 1 1
 0.5 1 1 1 1
 0.5 1 1 1 1
 0.5 1 1 1 1
 0.5 1 1 1 1
 0.5 1 1 1 1
 0.5 1 1 1 1
 0.5 1 1 1 1
 0.5 1 1 1 1
 0.5 1 1 1 1
 0.5 1 1 1 1
 0.5 1 1 1 1
 0.5 1 1 1 1
 0.5 1 1 1 1
 0.5 1 1 1 1
 0.5 1 1 1 1
 0.5 1 1 1 1
 0.5 1 1 1 1
 0.5 1 1 1 1
 0.5 1 1 1 1
 0.5 1 1 1 1
 0.5 1 1 1 1
Scru_pelaces
 0.5 1 1 1 1
 0.5 1 1 1 1
 0.5 1 1 1 1
 0.5 1 1 1 1
 0.5 1 1 1 1
 0.5 1 1 1 1
 0.5 1 1 1 1
 0.5 1 1 1 1
 0.5 1 1 1 1
 0.5 1 1 1 1
 0.5 1 1 1 1
 0.5 1 1 1 1
 0.5 1 1 1 1
 0.5 1 1 1 1
 0.5 1 1 1 1
 0.5 1 1 1 1
 0.5 1 1 1 1
 0.5 1 1 1 1
 0.5 1 1 1 1
 0.5 1 1 1 1
 0.5 1 1 1 1
 0.5 1 1 1 1
 0.5 1 1 1 1
 0.5 1 1 1 1
 0.5 1 1 1 1
pf_obs 
 0.256992 0.487395 0.22802 0.0275931 0
 0.321318 0.546541 0.124235 0.00734118 0.000564706
 0.182869 0.594174 0.210203 0.0122559 0.00049798
 0.330522 0.361315 0.267642 0.0388342 0.00168674
 0.649043 0.306663 0.0425973 0.00169635 0
 0.582887 0.30429 0.105238 0.00758474 0
 0.465427 0.430635 0.0974691 0.00646863 0
 0.296916 0.608066 0.0921331 0.00288517 0
 0.311714 0.524322 0.152257 0.0117073 0
 0.15457 0.633149 0.183074 0.0267441 0.00246327
 0.131901 0.49318 0.331252 0.0422183 0.00144891
 0.196976 0.569456 0.194076 0.0375587 0.00193317
 0.518974 0.381816 0.0799577 0.0180837 0.00116848
 0.0928022 0.601141 0.25162 0.0475244 0.00691264
 0.122501 0.610282 0.24278 0.0234846 0.000952079
 0.383417 0.481906 0.127806 0.00687128 0
 0.0376549 0.599619 0.316969 0.0457579 0
 0.0361596 0.667082 0.258105 0.0386534 0
 0.158088 0.579412 0.248529 0.0139706 0
 0.0477256 0.309471 0.559284 0.082774 0.000745712
 0.0406174 0.521527 0.379366 0.0568643 0.0016247
 0.151134 0.462217 0.34131 0.0453401 0
 0.294876 0.26143 0.354403 0.0886775 0.000613685
 0.281977 0.475581 0.204845 0.0348837 0.00271318
 0.0354234 0.537034 0.353287 0.0723622 0.0018943
pf_pred 
 0.460063 0.380631 0.142408 0.0168917 5.51275e-06
 0.460441 0.350878 0.133011 0.0497645 0.00590473
 0.314769 0.446587 0.155192 0.0588303 0.0246222
 0.471035 0.280131 0.162173 0.0563561 0.0303048
 0.588851 0.267784 0.0759238 0.0439536 0.0234877
 0.390817 0.45266 0.101944 0.028904 0.0256747
 0.603962 0.234349 0.120145 0.0270581 0.0144863
 0.501434 0.381561 0.0692355 0.0354953 0.0122738
 0.57826 0.29236 0.0990169 0.0179669 0.0123963
 0.507339 0.371271 0.0841502 0.0285001 0.00873947
 0.316401 0.471306 0.159985 0.0362612 0.0160469
 0.30013 0.363902 0.231633 0.0786275 0.0257078
 0.461188 0.268643 0.140476 0.0894168 0.0402764
 0.436673 0.384185 0.089317 0.0467049 0.0431198
 0.539591 0.322866 0.0938036 0.0218079 0.0219318
 0.558615 0.338771 0.0719589 0.0209065 0.00974851
 0.463465 0.399146 0.105448 0.0223985 0.00954193
 0.477774 0.343235 0.133157 0.0351782 0.0106555
 0.45541 0.361071 0.120618 0.0467935 0.0161067
 0.586681 0.2649 0.0984042 0.0328725 0.0171424
 0.549431 0.338574 0.0717783 0.026664 0.0135523
 0.462875 0.383962 0.115092 0.0243998 0.0136708
 0.531243 0.300629 0.120185 0.0360254 0.0119166
 0.481798 0.364532 0.0985533 0.0393996 0.0157165
 0.242973 0.49989 0.180885 0.0489033 0.0273492
pobs_RECLAS
 0 0 0 0 0
 0 0 0 0 0
 0 0 0 0 0
 0 0 0 0 0
 0.835266 0.146461 0.0176864 0.000547809 3.91292e-05
 0.385257 0.428462 0.181853 0.0044286 0
 0.867414 0.0963971 0.0333333 0.00285562 0
 0.441836 0.489002 0.0689373 0.000224442 0
 0.779404 0.147425 0.0564933 0.0165055 0.000172143
 0.814271 0.122319 0.05973 0.00367925 0
 0.40263 0.566651 0.0304383 0.000280538 0
 0.475488 0.404961 0.113038 0.00651328 0
 0.955842 0.0263864 0.0167828 0.000988607 0
 0.975058 0.0227948 0.00214734 0 0
 0.738997 0.206755 0.0527124 0.00153531 0
 0.850938 0.134255 0.0134407 0.00136685 0
 0.542534 0.407297 0.0501686 0 0
 0.764087 0.199537 0.0359546 0.000420521 0
 0.470689 0.182191 0.310203 0.0369168 0
 0.84361 0.089868 0.0606195 0.00523954 0.000663233
 0.607945 0.314616 0.071237 0.00620181 0
 0.523733 0.453247 0.0230204 0 0
 0.530135 0.295979 0.169645 0.0042399 0
 0.562478 0.366248 0.0663022 0.0049721 0
 0.250443 0.683176 0.0655157 0.000865301 0
ppred_RECLAS
 0.462933 0.378608 0.141651 0.0168019 5.48345e-06
 0.4635 0.348889 0.132257 0.0494823 0.00587125
 0.32202 0.441861 0.153549 0.0582077 0.0243616
 0.472456 0.279379 0.161737 0.0562047 0.0302234
 0.589099 0.267622 0.075878 0.0439271 0.0234735
 0.394957 0.449584 0.101252 0.0287075 0.0255002
 0.605975 0.233157 0.119534 0.0269205 0.0144126
 0.50553 0.378427 0.0686667 0.0352037 0.0121729
 0.581948 0.289803 0.0981509 0.0178098 0.0122879
 0.509748 0.369456 0.0837387 0.0283607 0.00869673
 0.321597 0.467724 0.158769 0.0359856 0.0159249
 0.304801 0.361473 0.230087 0.0781027 0.0255363
 0.470717 0.263891 0.137992 0.0878354 0.0395641
 0.458316 0.369425 0.0858855 0.0449105 0.0414631
 0.556265 0.311173 0.0904064 0.0210181 0.0211375
 0.563603 0.334943 0.0711459 0.0206703 0.00963836
 0.467029 0.396495 0.104748 0.0222497 0.00947854
 0.480087 0.341715 0.132568 0.0350224 0.0106083
 0.457431 0.359731 0.12017 0.0466199 0.0160469
 0.588581 0.263682 0.097952 0.0327214 0.0170637
 0.550202 0.337995 0.0716555 0.0266184 0.0135291
 0.463938 0.383202 0.114864 0.0243515 0.0136438
 0.532593 0.299764 0.119839 0.0359217 0.0118823
 0.483117 0.363605 0.0983026 0.0392993 0.0156765
 0.244079 0.49916 0.180621 0.0488319 0.0273093
pobs_PELACES
 0 0 0 0 0
 0 0 0 0 0
 0 0 0 0 0
 0 0 0 0 0
 0 0 0 0 0
 0 0 0 0 0
 0 0 0 0 0
 0 0 0 0 0
 0 0 0 0 0
 0 0 0 0 0
 0.450072 0.473896 0.0757376 0.000293798 0
 0 0 0 0 0
 0.463077 0.371075 0.160297 0.00555027 0
 0.529543 0.364841 0.0842815 0.0213345 0
 0.631943 0.363953 0.00410389 0 0
 0.735681 0.248677 0.0153453 0.000297389 0
 0.695825 0.281241 0.0229344 0 0
 0.275771 0.60734 0.115278 0.00161068 0
 0 0 0 0 0
 0.896147 0.0623911 0.0374545 0.00400742 0
 0.803859 0.145111 0.0509908 3.86294e-05 0
 0.739449 0.233085 0.0266225 0.000797448 4.60066e-05
 0.878498 0.100942 0.0204185 0.000141795 0
 0.694673 0.275183 0.0284847 0.00165964 0
 0.469039 0.446079 0.0841089 0.000773354 0
ppred_PELACES
 0.475388 0.369828 0.138366 0.0164123 5.35629e-06
 0.476615 0.340361 0.129024 0.0482727 0.00572773
 0.346963 0.425605 0.1479 0.0560663 0.0234654
 0.479358 0.275724 0.159621 0.0554694 0.029828
 0.590464 0.266733 0.075626 0.0437812 0.0233955
 0.411554 0.437251 0.0984742 0.0279201 0.0248007
 0.615153 0.227727 0.11675 0.0262935 0.0140769
 0.52201 0.365814 0.0663781 0.0340304 0.0117672
 0.596961 0.279396 0.0946262 0.0171702 0.0118466
 0.520529 0.361332 0.0818973 0.0277371 0.00850549
 0.341064 0.454302 0.154213 0.0349529 0.015468
 0.322663 0.352186 0.224175 0.076096 0.0248801
 0.501549 0.248519 0.129954 0.0827187 0.0372593
 0.512217 0.332665 0.0773394 0.0404417 0.0373373
 0.600522 0.280138 0.0813896 0.0189218 0.0190294
 0.582584 0.320374 0.0680513 0.0197712 0.00921913
 0.48184 0.385476 0.101837 0.0216314 0.00921514
 0.490524 0.334855 0.129907 0.0343193 0.0103954
 0.466758 0.353548 0.118105 0.0458185 0.0157711
 0.597349 0.258063 0.0958645 0.0320241 0.0167
 0.554186 0.335001 0.071021 0.0263827 0.0134093
 0.469278 0.379385 0.11372 0.0241089 0.0135079
 0.539177 0.295541 0.118151 0.0354157 0.0117149
 0.489578 0.35906 0.0970738 0.0388081 0.0154806
 0.249453 0.49561 0.179337 0.0484847 0.0271151
pobs_pel_tallas
 0 0 0 0 0 0 0 0 0 0 0 0 0 0 0 0 0 0 0 0 0 0 0 0 0 0 0 0 0 0 0 0 0 0 0 0
 0 0 0 0 0 0 0 0 0 0 0 0 0 0 0 0 0 0 0 0 0 0 0 0 0 0 0 0 0 0 0 0 0 0 0 0
 0 0 0 0 0 0 0 0 0 0 0 0 0 0 0 0 0 0 0 0 0 0 0 0 0 0 0 0 0 0 0 0 0 0 0 0
 0 0 0 0 0 0 0 0 0 0 0 0 0 0 0 0 0 0 0 0 0 0 0 0 0 0 0 0 0 0 0 0 0 0 0 0
 0 0 0 0 0 0 0 0 0 0 0 0 0 0 0 0 0 0 0 0 0 0 0 0 0 0 0 0 0 0 0 0 0 0 0 0
 0 0 0 0 0 0 0 0 0 0 0 0 0 0 0 0 0 0 0 0 0 0 0 0 0 0 0 0 0 0 0 0 0 0 0 0
 0 0 0 0 0 0 0 0 0 0 0 0 0 0 0 0 0 0 0 0 0 0 0 0 0 0 0 0 0 0 0 0 0 0 0 0
 0 0 0 0 0 0 0 0 0 0 0 0 0 0 0 0 0 0 0 0 0 0 0 0 0 0 0 0 0 0 0 0 0 0 0 0
 0 0 0 0 0 0 0 0 0 0 0 0 0 0 0 0 0 0 0 0 0 0 0 0 0 0 0 0 0 0 0 0 0 0 0 0
 0 0 0 0 0 0 0 0 0 0 0 0 0 0 0 0 0 0 0 0 0 0 0 0 0 0 0 0 0 0 0 0 0 0 0 0
 0 0 0 0 0 0 0 0 1.78061e-05 0.00172719 0.00360574 0.0105946 0.0120993 0.0124554 0.0147524 0.0171206 0.0266825 0.0428682 0.0675386 0.121331 0.153587 0.119568 0.100827 0.0573624 0.0630603 0.0341343 0.0324427 0.0444173 0.0211091 0.0280891 0.0125444 0.00206551 0 0 0 0
 0 0 0 0 0 0 0 0 0 0 0 0 0 0 0 0 0 0 0 0 0 0 0 0 0 0 0 0 0 0 0 0 0 0 0 0
 0 0 0 0 0 0 0.0133647 0.0140871 0.0187388 0.0205184 0.03894 0.0496705 0.03968 0.0493445 0.0407372 0.0367815 0.0215668 0.0243155 0.0234873 0.0199281 0.019796 0.0243948 0.0301388 0.0376714 0.0412746 0.0863199 0.0771752 0.113111 0.0741005 0.0525337 0.0229764 0.00759418 0.00175318 0 0 0
 0 0 0 0 0 0 0 0 0 0 0.00219441 0.00772107 0.0458388 0.0604681 0.0671733 0.0775358 0.0609151 0.0617685 0.073594 0.0568108 0.0755445 0.0548602 0.0670107 0.0636378 0.0643287 0.046367 0.0373049 0.0286899 0.0247887 0.0153202 0.00654259 0.00121912 0.000365735 0 0 0
 0 0 0 0 0 0 0 0 0 0 0 0 0.000112435 0.00938835 0.0111873 0.0202946 0.0414886 0.0713402 0.111592 0.104902 0.108894 0.110636 0.117776 0.105296 0.107544 0.0401394 0.0192827 0.0124803 0.00416011 0.0028671 0.000618394 0 0 0 0 0
 0 0 0 0 0 0 0 0 0 0 0.00291406 0.0102884 0.027416 0.0768956 0.0749926 0.110853 0.0956884 0.0897413 0.0766577 0.0534642 0.0500743 0.0551293 0.0594112 0.0620874 0.0668451 0.0424026 0.0208742 0.0120726 0.0048766 0.00582813 0.00118941 0.000297354 0 0 0 0
 0 0.00264628 0.0354308 0.0461629 0.0458689 0.0383711 0.0214643 0.0164657 0.0346957 0.0420465 0.0363128 0.0245516 0.0311673 0.0291091 0.0169068 0.0133784 0.00837989 0.0085269 0.0148486 0.0160247 0.0276389 0.0546898 0.0760071 0.122758 0.109233 0.0665981 0.0333725 0.0166128 0.00676272 0.00308733 0.000882094 0 0 0 0 0
 0 0 0 0 0 0 0 0.000805153 0.000690131 0.00759144 0.0133425 0.0154129 0.00931677 0.000345066 0.00356568 0.00563607 0.00851162 0.0253048 0.0502646 0.0516448 0.0657925 0.0565908 0.0611916 0.0827007 0.0866115 0.110766 0.145733 0.0935128 0.0569358 0.0249597 0.0138026 0.00621118 0.00161031 0.00115022 0 0
 0 0 0 0 0 0 0 0 0 0 0 0 0 0 0 0 0 0 0 0 0 0 0 0 0 0 0 0 0 0 0 0 0 0 0 0
 0.00147267 0.00158595 0.00478618 0.00569244 0.00954404 0.0108468 0.00647125 0.017049 0.0510054 0.094081 0.124002 0.0959785 0.0687766 0.0820023 0.061753 0.0591476 0.0492212 0.0479892 0.0443925 0.0268479 0.0217502 0.0140895 0.0121071 0.0120363 0.00920419 0.00665534 0.0049561 0.00860946 0.00930331 0.0156896 0.0114698 0.00855282 0.00243557 0.00046729 0 2.83206e-05
 0 0 0 0 0.000772559 0.00158375 0.000888443 0.00281984 0.00712685 0.0440552 0.0773331 0.111326 0.0921469 0.0852325 0.0710754 0.0886704 0.0786465 0.0553345 0.0373146 0.0185414 0.00753245 0.00457741 0.012979 0.0271748 0.0457355 0.0583668 0.034881 0.0177882 0.00938659 0.00492506 0.0015258 0.00185414 0.000309023 5.79419e-05 3.86279e-05 0
 0 0.00173294 0.00326652 0 0.00397197 0.00683976 0.00946217 0.0152591 0.00757587 0.0136028 0.0228656 0.0392903 0.0559909 0.0764795 0.0681675 0.0726916 0.0566044 0.0477403 0.0527397 0.0444891 0.0609904 0.0582453 0.0661739 0.0445044 0.0529084 0.0360697 0.0280645 0.0235558 0.0158879 0.00826598 0.00280645 0.00217768 0.000904811 0.00058276 9.20147e-05 0
 0 0 0 0 0 0 0 0 0 0 0 0 0 0 0 0 0 0 0 0 0 0 0 0 0 0 0 0 0 0 0 0 0 0 0 0
 0 0 0 0 0 0 0 0 0 0 0 0 0 0 0 0 0 0 0 0 0 0 0 0 0 0 0 0 0 0 0 0 0 0 0 0
 0 0 0 0 0 0 0 0 0 0 0 0 0 0 0 0 0 0 0 0 0 0 0 0 0 0 0 0 0 0 0 0 0 0 0 0
ppred_pel_tallas
 1.02649e-16 2.07571e-05 0.000121789 0.000578849 0.00222847 0.00694915 0.0175533 0.0359185 0.059547 0.0799945 0.0871147 0.0769955 0.0554523 0.0330417 0.0173074 0.00979491 0.00836562 0.0104468 0.0144237 0.0194827 0.0250969 0.0307301 0.0357855 0.0396854 0.0419891 0.0424876 0.0412421 0.0385489 0.0348515 0.0306286 0.0262977 0.0221585 0.0183825 0.0150371 0.0121241 0.00961671
 1.03869e-16 2.08093e-05 0.000122098 0.000580327 0.00223417 0.00696693 0.0175982 0.0360101 0.059698 0.0801948 0.0873259 0.0771657 0.0555392 0.0330221 0.0171668 0.00951101 0.00789953 0.00974715 0.0134389 0.0181776 0.0234697 0.0288262 0.0337047 0.0375777 0.0400389 0.0408885 0.0401676 0.0381264 0.035144 0.0316287 0.0279335 0.0243077 0.0208921 0.0177428 0.0148688 0.0122635
 1.05262e-16 1.51594e-05 8.89204e-05 0.000422577 0.00162676 0.00507274 0.0128137 0.0262214 0.0434757 0.0584195 0.0636584 0.056357 0.0407912 0.0247131 0.0136918 0.0089317 0.00894896 0.0119257 0.0167017 0.0226369 0.0292241 0.0358785 0.0419287 0.04672 0.0497507 0.0507793 0.0498657 0.04733 0.0436514 0.0393412 0.0348364 0.0304397 0.0263141 0.0225154 0.0190407 0.0158713
 1.05656e-16 2.09263e-05 0.000122791 0.000583634 0.00224692 0.00700672 0.0176986 0.0362151 0.0600361 0.0806434 0.0877999 0.0775503 0.0557413 0.0329931 0.0168796 0.00892334 0.00693545 0.0083062 0.0114235 0.0155281 0.0201999 0.0250508 0.0296495 0.0335657 0.0364511 0.0381059 0.0385075 0.0377898 0.0361854 0.0339555 0.0313307 0.028481 0.0255157 0.0225034 0.0194978 0.0165556
 1.03759e-16 2.57705e-05 0.000151232 0.000718849 0.00276754 0.00863025 0.0217995 0.0446057 0.073943 0.0993158 0.108108 0.0954369 0.0684869 0.0403128 0.0202076 0.0100002 0.00694353 0.00777565 0.010479 0.0141147 0.0181991 0.0223277 0.0260756 0.0290364 0.0309027 0.0315311 0.0309677 0.0294198 0.0271907 0.0245994 0.0219128 0.0193088 0.0168747 0.01463 0.0125593 0.0106413
 1.03659e-16 1.79762e-05 0.000105457 0.000501191 0.00192944 0.00601664 0.0151979 0.0310997 0.0515618 0.0692778 0.0754716 0.0667704 0.0482307 0.0290245 0.0157254 0.00972243 0.00921264 0.0120016 0.01669 0.0225229 0.0289361 0.0353083 0.0409417 0.0451687 0.0474948 0.0477095 0.0459279 0.0425432 0.0381147 0.0332282 0.0283766 0.0238921 0.0199367 0.0165371 0.0136401 0.0111643
 1.03293e-16 2.68457e-05 0.000157548 0.000748879 0.00288317 0.00899086 0.0227103 0.046469 0.0770304 0.103458 0.112606 0.0993813 0.0712596 0.0418289 0.0207534 0.00991929 0.00644664 0.00692697 0.00926324 0.0125037 0.0161943 0.0199827 0.0235021 0.026395 0.0283789 0.029302 0.0291677 0.0281152 0.0263702 0.0241825 0.0217722 0.0193015 0.0168705 0.0145331 0.0123185 0.0102487
 1.02781e-16 2.27896e-05 0.000133723 0.000635586 0.00244692 0.00763039 0.019274 0.0394392 0.0653823 0.0878292 0.0956351 0.0844985 0.0607955 0.0361037 0.0186863 0.0102159 0.00831713 0.0101408 0.013899 0.018701 0.0239929 0.0292341 0.0338371 0.037245 0.0390493 0.0390822 0.0374508 0.0344959 0.030697 0.0265531 0.0224818 0.0187615 0.0155235 0.0127821 0.0104821 0.00854468
 1.02578e-16 2.60544e-05 0.000152898 0.000726763 0.002798 0.00872525 0.0220394 0.0450968 0.0747574 0.100411 0.109302 0.0964963 0.0692588 0.0407908 0.0204907 0.0102117 0.00717992 0.00809919 0.0109278 0.0147095 0.0189419 0.023197 0.0270225 0.0299852 0.0317567 0.0321836 0.0313154 0.0293772 0.026702 0.0236457 0.0205143 0.0175225 0.014787 0.012347 0.0101952 0.00830707
 1.02631e-16 2.27249e-05 0.000133343 0.000633781 0.00243997 0.00760872 0.0192193 0.0393272 0.0651966 0.0875795 0.0953627 0.0842567 0.060619 0.035994 0.0186208 0.0101671 0.00826402 0.0100715 0.0138091 0.0185919 0.0238727 0.0291174 0.0337444 0.0372 0.0390743 0.0391929 0.0376515 0.0347769 0.0310348 0.0269137 0.0228269 0.0190549 0.0157374 0.0129008 0.0105039 0.00847967
 1.04261e-16 1.49034e-05 8.74147e-05 0.000415413 0.00159917 0.00498667 0.0125964 0.0257769 0.0427398 0.0574337 0.0625926 0.0554332 0.0401656 0.0244198 0.0136833 0.00915476 0.00938977 0.0126098 0.0176714 0.0239264 0.0308383 0.0377777 0.0440217 0.0488679 0.051782 0.0525132 0.0511401 0.0480259 0.0437088 0.0387645 0.0336881 0.0288266 0.0243696 0.0203814 0.0168522 0.0137451
 1.07075e-16 1.4097e-05 8.26895e-05 0.000392969 0.00151278 0.00471732 0.0119159 0.0243839 0.0404281 0.0543215 0.0591856 0.0523797 0.0378749 0.0228724 0.0125423 0.0079959 0.00785019 0.0104219 0.0146563 0.0200041 0.0260603 0.0323609 0.0383594 0.0435023 0.047336 0.0495926 0.0502285 0.0493989 0.0473879 0.0445205 0.0410896 0.0373181 0.0333587 0.0293165 0.0252794 0.021338
 1.06509e-16 2.18928e-05 0.000128468 0.000610628 0.00235086 0.00733087 0.0185173 0.0378901 0.0628115 0.0843677 0.0918447 0.0810989 0.0582398 0.0343667 0.0173883 0.00887792 0.00652596 0.00758737 0.0103723 0.0141013 0.0183707 0.0228307 0.0270991 0.0307953 0.0336108 0.0353675 0.0360415 0.0357427 0.0346629 0.0330132 0.0309727 0.0286656 0.0261653 0.0235163 0.02076 0.0179531
 1.04341e-16 2.23612e-05 0.000131211 0.000623651 0.00240098 0.00748713 0.0189121 0.0386985 0.0641537 0.0861767 0.0938303 0.082891 0.059611 0.0353444 0.0181917 0.00978563 0.0077885 0.00940305 0.0128828 0.0173741 0.0223679 0.0273793 0.0318809 0.0353692 0.037468 0.0380111 0.0370726 0.034931 0.0319846 0.0286483 0.0252662 0.0220643 0.0191467 0.0165252 0.0141629 0.0120131
 1.02786e-16 2.62097e-05 0.000153809 0.000731096 0.00281469 0.00877728 0.0221709 0.0453657 0.0752031 0.101009 0.109953 0.0970698 0.0696678 0.0410261 0.0205985 0.0102476 0.00718139 0.00808201 0.0108938 0.0146532 0.0188545 0.0230682 0.0268421 0.0297454 0.0314543 0.0318226 0.0309082 0.0289451 0.026273 0.0232514 0.0201857 0.0172848 0.0146562 0.0123273 0.0102791 0.00847717
 1.02181e-16 2.54292e-05 0.000149223 0.000709286 0.0027307 0.00851535 0.0215093 0.0440124 0.0729611 0.0980018 0.106691 0.094216 0.0676769 0.0399689 0.0202803 0.0104379 0.00775097 0.00901165 0.0122213 0.0164196 0.0210656 0.025672 0.0297199 0.0327185 0.0343063 0.0343322 0.0328862 0.0302641 0.026885 0.0231882 0.0195442 0.0162039 0.0132905 0.0108246 0.00876472 0.00704542
 1.02746e-16 2.1039e-05 0.000123443 0.000586709 0.00225872 0.00704349 0.0177916 0.0364062 0.0603558 0.0810817 0.0883002 0.078047 0.0562176 0.0335136 0.0175825 0.00999242 0.00857563 0.0107218 0.0147873 0.0199361 0.0256182 0.0312726 0.0362788 0.0400434 0.0421237 0.0423263 0.0407448 0.0377195 0.0337402 0.0293247 0.0249141 0.0208123 0.0171764 0.0140449 0.0113844 0.00913279
 1.03619e-16 2.14156e-05 0.000125658 0.000597252 0.00229934 0.00717016 0.0181115 0.0370604 0.0614386 0.0825316 0.0898665 0.0794015 0.057128 0.033926 0.0175616 0.00960996 0.00784494 0.00959971 0.01321 0.0178593 0.0230513 0.0283014 0.0330741 0.0368491 0.0392262 0.0400093 0.0392401 0.0371677 0.0341692 0.0306515 0.026967 0.0233661 0.0199909 0.0168984 0.0140969 0.0115772
 1.04104e-16 2.038e-05 0.000119577 0.000568337 0.002188 0.00682295 0.0172345 0.0352661 0.0584652 0.0785404 0.085529 0.075589 0.0544284 0.0324097 0.0169364 0.00952273 0.00806584 0.0100389 0.0138595 0.018737 0.0241689 0.0296491 0.0346151 0.0385229 0.0409572 0.0417205 0.0408674 0.0386703 0.0355339 0.0318897 0.0281061 0.0244381 0.0210223 0.0179034 0.0150755 0.0125176
 1.03326e-16 2.60705e-05 0.000152994 0.000727224 0.00279979 0.00873082 0.0220535 0.0451254 0.0748041 0.100472 0.109364 0.0965394 0.0692651 0.0407451 0.0203767 0.0100062 0.0068508 0.0076086 0.0102402 0.0138023 0.0178171 0.0218906 0.0256086 0.0285723 0.0304752 0.0311673 0.0306801 0.0292025 0.0270195 0.0244367 0.0217161 0.0190405 0.01651 0.0141617 0.0119985 0.010014
 1.02651e-16 2.41914e-05 0.000141955 0.00067473 0.00259765 0.00810043 0.0204613 0.0418681 0.0694074 0.0932314 0.101505 0.0896543 0.0644391 0.0381351 0.0194948 0.0102703 0.00791677 0.00939351 0.0128022 0.0172193 0.0221057 0.0269597 0.0312415 0.0344394 0.0361755 0.0362908 0.0348764 0.0322369 0.0288044 0.0250308 0.0212961 0.0178559 0.0148344 0.0122507 0.0100618 0.00820275
 1.03198e-16 2.0491e-05 0.000120226 0.000571417 0.00219985 0.0068599 0.0173279 0.0354573 0.0587828 0.0789691 0.086001 0.0760183 0.054764 0.0326625 0.0171649 0.00980187 0.00846661 0.0106215 0.01467 0.019801 0.0254801 0.0311591 0.0362296 0.0401063 0.0423486 0.0427575 0.041412 0.0386316 0.0348822 0.0306584 0.0263833 0.0223501 0.0187139 0.0155193 0.0127446 0.0103428
 1.03538e-16 2.35355e-05 0.000138108 0.000656445 0.00252726 0.00788093 0.0199068 0.0407334 0.0675255 0.0907014 0.0987446 0.0872031 0.0626485 0.0370181 0.0188198 0.00975069 0.00732995 0.00860115 0.0117302 0.0158458 0.0204652 0.0251518 0.0294325 0.0328483 0.0350446 0.0358452 0.0352817 0.0335667 0.0310248 0.0280068 0.0248162 0.0216686 0.0186867 0.0159213 0.0133834 0.0110711
 1.03552e-16 2.13752e-05 0.000125419 0.000596112 0.00229494 0.00715644 0.0180769 0.0369897 0.0613221 0.082377 0.0897032 0.0792692 0.0570589 0.0339369 0.0176618 0.00981343 0.00817654 0.0100913 0.0138901 0.018741 0.0241195 0.0295046 0.0343227 0.0380236 0.0401945 0.04065 0.0394669 0.0369467 0.0335261 0.0296657 0.0257553 0.0220603 0.0187154 0.0157527 0.0131455 0.0108483
 1.05641e-16 1.09104e-05 6.39686e-05 0.000303939 0.00116995 0.00364817 0.00921547 0.0188597 0.0312757 0.0420439 0.0458615 0.0407134 0.0297121 0.0184879 0.011121 0.00856782 0.00985284 0.0137376 0.0194039 0.0263276 0.0339845 0.0417072 0.0487137 0.0542393 0.0576974 0.0588053 0.0576335 0.0545583 0.0501436 0.0449939 0.0396285 0.0344108 0.0295406 0.0250894 0.021057 0.0174197
pSPR Fmed_Fpbrs
0.586735   0.255602 0.255602
Fs Fmed_Fpbrs
0.293798   1.005 1.005
SSBpbr Bo_Bmed_Bpbrs
981607  526863  201820 201820
Ro
41772.8
SPR SPRFo_SPRFmed_SPRFpbrs
857920 503372 219286
log_Ro
10.46
likeval ReclasPelacesDesembMPH_pf_preclas_ppelaces_ptallas_desvR_qrecl_qpela
 112.554 82.5127 0.00472935 0.000714209 343.224 206.78 81.1984 0 14.0282 0 0 0 0 0 0
q_reclas_q_pelaces
1 1
M
0.7
N
 42951.9 18946.7 7088.67 840.821 0.274409
 44968.1 18329.8 6948.48 2599.68 308.461
 23414.3 19037.4 6615.63 2507.86 1049.61
 26850.6 8278.72 4792.7 1665.49 895.598
 53520.2 12261.2 3476.38 2012.54 1075.45
 41349.2 26126.8 5884.08 1668.29 1481.9
 81680.7 16660.4 8541.36 1923.62 1029.86
 87235.7 36083.9 6547.52 3356.76 1160.72
 129672 35470 12013 2179.8 1503.95
 137915 53357 12093.6 4095.87 1255.99
 72330.4 60089.9 20397.4 4623.17 2045.92
 40927.9 27520.1 17517.2 5946.21 1944.15
 46766.4 15805.6 8264.93 5260.84 2369.66
 28574.6 15975.1 3713.97 1942.08 1793
 20022 7374.08 2142.42 498.08 500.911
 17157.4 5734.29 1218.03 353.88 165.011
 14500.2 6734.83 1779.24 377.932 161.002
 15862.8 6014.35 2333.26 616.411 186.712
 16675.3 6940.41 2318.48 899.452 309.597
 31227.5 7390.71 2745.48 917.144 478.275
 44133 13890.6 2944.83 1093.94 556.006
 48921.9 20871.7 6256.28 1326.34 743.129
 77712.5 22764.7 9100.84 2727.97 902.366
 91008.9 35616.4 9629.09 3849.51 1535.57
 39114 41786.9 15120.6 4087.94 2286.19
pred_Ctot
 4382.1 3625.51 1356.44 160.893 0.0525089
 4813.15 3667.86 1390.42 520.206 61.7242
 4944.81 7015.57 2437.95 924.183 386.797
 1560.64 928.136 537.314 186.72 100.406
 653.039 296.973 84.1999 48.7448 26.0479
 5676.99 6575.32 1480.84 419.858 372.949
 6528.48 2533.18 1298.7 292.483 156.588
 11500.2 8751 1587.9 814.075 281.495
 16157.2 8168.87 2766.64 502.016 346.366
 12252.5 8966.4 2032.27 688.293 211.063
 12350.1 18396.5 6244.68 1415.38 626.359
 6639.28 8050 5124.03 1739.35 568.692
 10724.9 6247.28 3266.78 2079.39 936.627
 10244.6 9013.19 2095.43 1095.72 1011.61
 6288.95 3763.01 1093.28 254.171 255.616
 2620.74 1589.34 337.595 98.0828 45.735
 1735.85 1494.95 394.943 83.8907 35.7381
 1366.69 981.838 380.903 100.629 30.4805
 1297.37 1028.62 343.615 133.305 45.8844
 2355.98 1063.78 395.169 132.008 68.8401
 1516.36 934.418 198.099 73.5891 37.4024
 2222.95 1843.97 552.727 117.179 65.6537
 4327.76 2449.07 979.087 293.48 97.0784
 4956.13 3749.84 1013.79 405.292 161.671
 2372.01 4880.15 1765.88 477.416 266.995
F
 0.151555 0.303109 0.303109 0.303109 0.303109
 0.159546 0.319091 0.319091 0.319091 0.319091
 0.339658 0.679315 0.679315 0.679315 0.679315
 0.0838488 0.167698 0.167698 0.167698 0.167698
 0.0170951 0.0341902 0.0341902 0.0341902 0.0341902
 0.209021 0.418043 0.418043 0.418043 0.418043
 0.116973 0.233945 0.233945 0.233945 0.233945
 0.199927 0.399854 0.399854 0.399854 0.399854
 0.188006 0.376012 0.376012 0.376012 0.376012
 0.130797 0.261595 0.261595 0.261595 0.261595
 0.266328 0.532656 0.532656 0.532656 0.532656
 0.251447 0.502895 0.502895 0.502895 0.502895
 0.374131 0.748262 0.748262 0.748262 0.748262
 0.654548 1.3091 1.3091 1.3091 1.3091
 0.550368 1.10074 1.10074 1.10074 1.10074
 0.235138 0.470277 0.470277 0.470277 0.470277
 0.180014 0.360028 0.360028 0.360028 0.360028
 0.126617 0.253235 0.253235 0.253235 0.253235
 0.113702 0.227404 0.227404 0.227404 0.227404
 0.110086 0.220172 0.220172 0.220172 0.220172
 0.0488136 0.0976272 0.0976272 0.0976272 0.0976272
 0.0650141 0.130028 0.130028 0.130028 0.130028
 0.0802108 0.160422 0.160422 0.160422 0.160422
 0.0783739 0.156748 0.156748 0.156748 0.156748
 0.0876289 0.175258 0.175258 0.175258 0.175258
nmprior
 10.6 11 7 0
nm_flota  nm_reclas  nm_pelaces    nm_pelaL
inf 14.6222 13.1813 28.5724
cv_recla  cv_pelaces  cv_mph
0.959634 1.02999 0.867064
 ------------------------------------------------
Talla a la edad & desviación 
 7.2 14.2025 17.0495 18.207 18.6776
 1.08 2.13037 2.55742 2.73105 2.80164
