    unsorted:	 2.477484274e-06 0.001097991146 0.0008999985831 19.99063340 20.85224223 6.902655130 33.91037273 39.89538985 72.66180944 147.6689756 144.6359735 111.4099363 286.8311975 372.1424553 418.0104672 457.6169163 572.2592501 600.1658856 638.7347423 714.7997989 700.4199256 773.4685790 788.6789189 822.7211992 842.7337370 902.6041462 909.9971539 885.0724354 946.9015887 963.9925896 1019.411701 1123.518402 1239.934159 1322.262064 1484.284232 1593.284915 2054.994951 5059.173615 112755.4826 195274.3808 228729.6808 282400.2537 346149.0824 408049.1612 434986.2741 495996.2827 596861.9446 587799.1741 692861.0757 773751.5680 846069.3059 909942.6320 1034190.708 1092892.827 1227666.854 1313565.633 1522198.073 1951774.133 1816864.636 2055429.583 2270518.573 2426747.673 2470252.352 2658781.057 2941247.382
      sorted:	 2.477484274e-06 0.0008999985831 0.001097991146 6.902655130 19.99063340 20.85224223 33.91037273 39.89538985 72.66180944 111.4099363 144.6359735 147.6689756 286.8311975 372.1424553 418.0104672 457.6169163 572.2592501 600.1658856 638.7347423 700.4199256 714.7997989 773.4685790 788.6789189 822.7211992 842.7337370 885.0724354 902.6041462 909.9971539 946.9015887 963.9925896 1019.411701 1123.518402 1239.934159 1322.262064 1484.284232 1593.284915 2054.994951 5059.173615 112755.4826 195274.3808 228729.6808 282400.2537 346149.0824 408049.1612 434986.2741 495996.2827 587799.1741 596861.9446 692861.0757 773751.5680 846069.3059 909942.6320 1034190.708 1092892.827 1227666.854 1313565.633 1522198.073 1816864.636 1951774.133 2055429.583 2270518.573 2426747.673 2470252.352 2658781.057 2941247.382
