years
 1997 1998 1999 2000 2001 2002 2003 2004 2005 2006 2007 2008 2009 2010 2011 2012 2013 2014 2015 2016 2017 2018 2019 2020 2021
reclasobs
 0 0 0 370054 412103 1.49427e+06 250295 1.28982e+06 931140 785840 897777 1.04006e+06 184774 17550 25797 100020 73551 82996 120727 218422 84188 347160 605670 569463 516374
reclaspred
 2.21707e+06 277362 349292 97854.6 230188 238382 517614 447056 566024 1.03997e+06 952090 598928 369440 161926 97458.7 92717 102202 120926 101666 167506 297975 262993 438794 520919 414606
pelacesobs
 0 0 0 0 0 0 0 0 0 2.06254e+06 1.5e+06 0 1.87456e+06 323000 250000 174000 83755 137374 0 501740 490994 745055 786931 1.00524e+06 1.33801e+06
pelacespred
 1.26166e+06 485003 131301 88421.4 199586 133295 474947 386333 492405 931682 684556 423934 297343 100895 63635.3 63798.6 72345.6 86991.3 70554.4 126189 246797 204327 271765 372403 273089
mphobs
 0 0 0 0 0 112323 0 153150 637223 0 255016 313432 73983 77613 109348 50772 0 0 0 0 0 0 0 0 0
mphpred
 861956 370881 153105 67028.7 43232.9 127246 133095 186247 201650 276911 507537 344599 180033 109032 46127.7 36906.9 40457.5 47715.2 50050 45874.8 98779 128916 143163 207380 231921
desembarqueobs
 350755 77701 442110 56441 14545 235359 269955 359681 431902 328805 639364 411747 362871 311530 167758 66681 60226 58785 57116 73181 50977 67692 138656 160484 209506
desembarquepred
 350745 77682.6 441577 56417.8 14543.5 235181 269841 359080 431412 328537 638616 411365 362229 311015 167407 66628 60201.5 58741.9 57065.7 73101.8 50963.1 67651.6 138573 160399 209396
Reclutas
 4689.03 7321.82 940.232 6144.76 54747.6 14123.8 55573.4 71008.8 86653.8 214836 49536.8 19969.8 57539.2 22220.6 14671.1 14456 9610.24 9560.97 6858.62 27325.8 29512.9 27931.8 60198.9 50121.3 873.891
log_desv_Rt
 -1.40702 -0.961386 -3.01387 -1.13665 1.05049 -0.304384 1.06546 1.31056 1.50968 2.41763 0.950472 0.0419743 1.10022 0.148774 -0.266363 -0.281132 -0.689416 -0.694555 -1.02674 0.355587 0.432584 0.377522 1.14541 0.9622 -3.08704
SSB
 2.06104e+06 886823 366093 160274 103375 304262 318246 445340 482170 662128 1.21358e+06 823979 430481 260708 110297 88248.9 96738.9 114093 119676 109692 236193 308253 342321 495871 554551
BT
 2.47766e+06 1.03898e+06 485579 225943 370013 421588 1.05123e+06 1.07446e+06 1.27201e+06 1.97201e+06 1.77881e+06 1.12693e+06 891817 474607 251783 168890 179263 203468 176635 287185 482196 431069 586639 799846 665238
Ftot
 0.149468 0.22619 0.937421 0.526324 0.166621 1.07483 0.92166 1.54683 1.42306 0.728427 0.759184 0.615747 1.25058 2.21702 2.4354 1.05959 0.82399 0.626232 0.629082 0.826868 0.261565 0.299859 0.404866 0.388799 0.44808
BD_Bspro_t
 0.981162 0.861014 0.635073 0.290209 0.356706 0.674111 0.491351 0.519629 0.490569 0.521734 0.631862 0.460637 0.314237 0.249623 0.141115 0.140768 0.200507 0.297847 0.361493 0.398741 0.612716 0.725429 0.710513 0.721758 0.689571
BD_Bspro
 5.24071 2.25496 0.93088 0.407536 0.262857 0.773661 0.809219 1.13239 1.22603 1.68362 3.08583 2.09517 1.0946 0.662915 0.280457 0.224394 0.245982 0.290109 0.304305 0.27892 0.600578 0.78381 0.870436 1.26087 1.41008
BD_Bo
 2.14861 0.924499 0.381646 0.167083 0.107767 0.317189 0.331767 0.46426 0.502654 0.690259 1.26514 0.858986 0.44877 0.271784 0.114983 0.0919981 0.100849 0.11894 0.12476 0.114353 0.246227 0.321349 0.356865 0.516938 0.578111
BD_Brms
 5.91802 2.5464 1.05119 0.460206 0.296828 0.873649 0.913803 1.27873 1.38449 1.90121 3.48465 2.36595 1.23607 0.74859 0.316703 0.253395 0.277773 0.327603 0.343633 0.314967 0.678196 0.885109 0.982931 1.42383 1.59232
S_f
 0.102801 0.68524 0.976395 0.998729 0.999933
 0.102801 0.68524 0.976395 0.998729 0.999933
 0.102801 0.68524 0.976395 0.998729 0.999933
 0.102801 0.68524 0.976395 0.998729 0.999933
 0.102801 0.68524 0.976395 0.998729 0.999933
 0.102801 0.68524 0.976395 0.998729 0.999933
 0.102801 0.68524 0.976395 0.998729 0.999933
 0.102801 0.68524 0.976395 0.998729 0.999933
 0.102801 0.68524 0.976395 0.998729 0.999933
 0.102801 0.68524 0.976395 0.998729 0.999933
 0.102801 0.68524 0.976395 0.998729 0.999933
 0.102801 0.68524 0.976395 0.998729 0.999933
 0.102801 0.68524 0.976395 0.998729 0.999933
 0.102801 0.68524 0.976395 0.998729 0.999933
 0.102801 0.68524 0.976395 0.998729 0.999933
 0.102801 0.68524 0.976395 0.998729 0.999933
 0.102801 0.68524 0.976395 0.998729 0.999933
 0.102801 0.68524 0.976395 0.998729 0.999933
 0.102801 0.68524 0.976395 0.998729 0.999933
 0.102801 0.68524 0.976395 0.998729 0.999933
 0.102801 0.68524 0.976395 0.998729 0.999933
 0.102801 0.68524 0.976395 0.998729 0.999933
 0.102801 0.68524 0.976395 0.998729 0.999933
 0.102801 0.68524 0.976395 0.998729 0.999933
 0.102801 0.68524 0.976395 0.998729 0.999933
Scru_reclas
 0.746643 0.936834 0.986779 0.997345 0.999471
 0.746643 0.936834 0.986779 0.997345 0.999471
 0.746643 0.936834 0.986779 0.997345 0.999471
 0.746643 0.936834 0.986779 0.997345 0.999471
 0.746643 0.936834 0.986779 0.997345 0.999471
 0.746643 0.936834 0.986779 0.997345 0.999471
 0.746643 0.936834 0.986779 0.997345 0.999471
 0.746643 0.936834 0.986779 0.997345 0.999471
 0.746643 0.936834 0.986779 0.997345 0.999471
 0.746643 0.936834 0.986779 0.997345 0.999471
 0.746643 0.936834 0.986779 0.997345 0.999471
 0.746643 0.936834 0.986779 0.997345 0.999471
 0.746643 0.936834 0.986779 0.997345 0.999471
 0.746643 0.936834 0.986779 0.997345 0.999471
 0.746643 0.936834 0.986779 0.997345 0.999471
 0.746643 0.936834 0.986779 0.997345 0.999471
 0.746643 0.936834 0.986779 0.997345 0.999471
 0.746643 0.936834 0.986779 0.997345 0.999471
 0.746643 0.936834 0.986779 0.997345 0.999471
 0.746643 0.936834 0.986779 0.997345 0.999471
 0.746643 0.936834 0.986779 0.997345 0.999471
 0.746643 0.936834 0.986779 0.997345 0.999471
 0.746643 0.936834 0.986779 0.997345 0.999471
 0.746643 0.936834 0.986779 0.997345 0.999471
 0.746643 0.936834 0.986779 0.997345 0.999471
Scru_pelaces
 1 1 1 1 1
 1 1 1 1 1
 1 1 1 1 1
 1 1 1 1 1
 1 1 1 1 1
 1 1 1 1 1
 1 1 1 1 1
 1 1 1 1 1
 1 1 1 1 1
 1 1 1 1 1
 1 1 1 1 1
 1 1 1 1 1
 1 1 1 1 1
 1 1 1 1 1
 1 1 1 1 1
 1 1 1 1 1
 1 1 1 1 1
 1 1 1 1 1
 1 1 1 1 1
 1 1 1 1 1
 1 1 1 1 1
 1 1 1 1 1
 1 1 1 1 1
 1 1 1 1 1
 1 1 1 1 1
pf_obs 
 0.256992 0.487395 0.22802 0.0275931 0
 0.321318 0.546541 0.124235 0.00734118 0.000564706
 0.182869 0.594174 0.210203 0.0122559 0.00049798
 0.330522 0.361315 0.267642 0.0388342 0.00168674
 0.649043 0.306663 0.0425973 0.00169635 0
 0.582887 0.30429 0.105238 0.00758474 0
 0.465427 0.430635 0.0974691 0.00646863 0
 0.296916 0.608066 0.0921331 0.00288517 0
 0.311714 0.524322 0.152257 0.0117073 0
 0.15457 0.633149 0.183074 0.0267441 0.00246327
 0.131901 0.49318 0.331252 0.0422183 0.00144891
 0.196976 0.569456 0.194076 0.0375587 0.00193317
 0.518974 0.381816 0.0799577 0.0180837 0.00116848
 0.0928022 0.601141 0.25162 0.0475244 0.00691264
 0.122501 0.610282 0.24278 0.0234846 0.000952079
 0.383417 0.481906 0.127806 0.00687128 0
 0.0376549 0.599619 0.316969 0.0457579 0
 0.0361596 0.667082 0.258105 0.0386534 0
 0.158088 0.579412 0.248529 0.0139706 0
 0.0477256 0.309471 0.559284 0.082774 0.000745712
 0.0406174 0.521527 0.379366 0.0568643 0.0016247
 0.151134 0.462217 0.34131 0.0453401 0
 0.294876 0.26143 0.354403 0.0886775 0.000613685
 0.281977 0.475581 0.204845 0.0348837 0.00271318
 0.0354234 0.537034 0.353287 0.0723622 0.0018943
pf_pred 
 0.00763062 0.655732 0.298483 0.0381527 1.8838e-06
 0.0206219 0.0406514 0.691346 0.21992 0.027461
 0.00715717 0.143887 0.0507229 0.59171 0.206524
 0.150144 0.0606158 0.177593 0.037778 0.573869
 0.640904 0.216204 0.0153216 0.0293792 0.0981915
 0.086012 0.840101 0.0510462 0.00250438 0.0203367
 0.411768 0.24847 0.323313 0.0115002 0.00494909
 0.345489 0.570747 0.0460024 0.0359939 0.00176734
 0.335534 0.558233 0.0987259 0.00420705 0.00330038
 0.459324 0.443488 0.0880747 0.00849454 0.000618223
 0.0717709 0.79459 0.117532 0.0146401 0.00146724
 0.0505019 0.329596 0.561208 0.0518183 0.00687566
 0.28086 0.225808 0.224484 0.244086 0.0247618
 0.152032 0.706321 0.064412 0.0359238 0.0413119
 0.233098 0.551601 0.197906 0.00816629 0.00922952
 0.288275 0.585783 0.107832 0.0167294 0.00138063
 0.17277 0.631802 0.17361 0.0187785 0.00303908
 0.187522 0.491405 0.269813 0.0457046 0.00555505
 0.144515 0.535639 0.225852 0.0793667 0.0146271
 0.465053 0.296413 0.173097 0.0466193 0.0188175
 0.248342 0.654384 0.0651609 0.0235158 0.00859649
 0.169838 0.536165 0.267026 0.0182179 0.00875367
 0.292354 0.393469 0.228992 0.0775517 0.00763253
 0.174544 0.603906 0.144876 0.0562929 0.0203814
 0.00345945 0.564357 0.347627 0.05581 0.0287462
pobs_RECLAS
 0 0 0 0 0
 0 0 0 0 0
 0 0 0 0 0
 0 0 0 0 0
 0.835266 0.146461 0.0176864 0.000547809 3.91292e-05
 0.385257 0.428462 0.181853 0.0044286 0
 0.867414 0.0963971 0.0333333 0.00285562 0
 0.441836 0.489002 0.0689373 0.000224442 0
 0.779404 0.147425 0.0564933 0.0165055 0.000172143
 0.814271 0.122319 0.05973 0.00367925 0
 0.40263 0.566651 0.0304383 0.000280538 0
 0.475488 0.404961 0.113038 0.00651328 0
 0.955842 0.0263864 0.0167828 0.000988607 0
 0.975058 0.0227948 0.00214734 0 0
 0.738997 0.206755 0.0527124 0.00153531 0
 0.850938 0.134255 0.0134407 0.00136685 0
 0.542534 0.407297 0.0501686 0 0
 0.764087 0.199537 0.0359546 0.000420521 0
 0.470689 0.182191 0.310203 0.0369168 0
 0.84361 0.089868 0.0606195 0.00523954 0.000663233
 0.607945 0.314616 0.071237 0.00620181 0
 0.523733 0.453247 0.0230204 0 0
 0.530135 0.295979 0.169645 0.0042399 0
 0.562478 0.366248 0.0663022 0.0049721 0
 0.250443 0.683176 0.0655157 0.000865301 0
ppred_RECLAS
 0.0431648 0.694436 0.232979 0.0294188 1.45389e-06
 0.131617 0.0484216 0.605822 0.190349 0.02379
 0.0509271 0.183746 0.046353 0.53285 0.186125
 0.564205 0.0419074 0.0894811 0.0187863 0.28562
 0.914471 0.057714 0.0030133 0.00570777 0.0190939
 0.351606 0.61043 0.0263467 0.00127294 0.0103446
 0.823379 0.0892633 0.0831861 0.00291598 0.00125587
 0.762741 0.215622 0.0119787 0.00920628 0.000452311
 0.754272 0.217048 0.0266854 0.0011178 0.000877462
 0.83098 0.145933 0.0209486 0.00199268 0.000145145
 0.307358 0.617769 0.0659586 0.00810222 0.00081267
 0.261436 0.312387 0.38631 0.0351936 0.00467373
 0.737613 0.104021 0.072697 0.0777735 0.00789538
 0.543426 0.40426 0.0240785 0.0131302 0.0151049
 0.684044 0.252884 0.0580871 0.00233957 0.00264487
 0.705847 0.255226 0.0334013 0.0051036 0.000421499
 0.553047 0.365679 0.072313 0.00771144 0.00124901
 0.586011 0.28099 0.112003 0.0187189 0.00227707
 0.507393 0.344058 0.105305 0.0365101 0.00673441
 0.846246 0.0975077 0.0409726 0.0108792 0.00439482
 0.647475 0.317928 0.0232683 0.00829356 0.00303454
 0.548406 0.322074 0.117769 0.00793492 0.00381612
 0.717232 0.178698 0.0761134 0.0254497 0.00250693
 0.551737 0.353665 0.0621263 0.0238342 0.00863706
 0.0208508 0.628351 0.282858 0.0448296 0.0231107
pobs_PELACES
 0 0 0 0 0
 0 0 0 0 0
 0 0 0 0 0
 0 0 0 0 0
 0 0 0 0 0
 0 0 0 0 0
 0 0 0 0 0
 0 0 0 0 0
 0 0 0 0 0
 0 0 0 0 0
 0.450072 0.473896 0.0757376 0.000293798 0
 0 0 0 0 0
 0.463077 0.371075 0.160297 0.00555027 0
 0.529543 0.364841 0.0842815 0.0213345 0
 0.631943 0.363953 0.00410389 0 0
 0.735681 0.248677 0.0153453 0.000297389 0
 0.695825 0.281241 0.0229344 0 0
 0.275771 0.60734 0.115278 0.00161068 0
 0 0 0 0 0
 0.896147 0.0623911 0.0374545 0.00400742 0
 0.803859 0.145111 0.0509908 3.86294e-05 0
 0.739449 0.233085 0.0266225 0.000797448 4.60066e-05
 0.878498 0.100942 0.0204185 0.000141795 0
 0.694673 0.275183 0.0284847 0.00165964 0
 0.469039 0.446079 0.0841089 0.000773354 0
ppred_PELACES
 0.0559951 0.697632 0.219036 0.0273351 1.34796e-06
 0.175976 0.0494026 0.574196 0.178203 0.0222227
 0.083805 0.201252 0.044048 0.497539 0.173356
 0.665976 0.0356311 0.0686673 0.0142085 0.215517
 0.934243 0.0455106 0.00222006 0.00415556 0.0138709
 0.457674 0.51507 0.0190349 0.000902748 0.00731746
 0.881936 0.0638303 0.0516878 0.00178052 0.000764932
 0.846765 0.141713 0.00644207 0.00484309 0.000237292
 0.83786 0.146171 0.0148813 0.00061031 0.0004778
 0.878201 0.106857 0.0135785 0.00127109 9.23612e-05
 0.394914 0.546717 0.0515195 0.00622657 0.000623022
 0.347541 0.294026 0.32537 0.0291951 0.00386792
 0.833028 0.0736232 0.0433178 0.0454312 0.00459997
 0.701738 0.271697 0.0124161 0.00659031 0.00755867
 0.82035 0.151355 0.0261201 0.00102238 0.00115221
 0.790049 0.185726 0.020842 0.00312632 0.000257541
 0.650488 0.292582 0.0507484 0.00532204 0.000859886
 0.674843 0.228646 0.0814733 0.0134102 0.00162741
 0.601386 0.287991 0.0787752 0.0268977 0.00494957
 0.894633 0.0700836 0.0258232 0.00674281 0.00271718
 0.709478 0.264035 0.0178906 0.00629708 0.00229891
 0.622839 0.275201 0.0928229 0.00617422 0.00296268
 0.780618 0.143402 0.0557755 0.0183968 0.00180804
 0.629128 0.298261 0.0479179 0.0181365 0.00655732
 0.0292472 0.644482 0.263829 0.0412343 0.0212082
pobs_pel_tallas
 0 0 0 0 0 0 0 0 0 0 0 0 0 0 0 0 0 0 0 0 0 0 0 0 0 0 0 0 0 0 0 0 0 0 0 0
 0 0 0 0 0 0 0 0 0 0 0 0 0 0 0 0 0 0 0 0 0 0 0 0 0 0 0 0 0 0 0 0 0 0 0 0
 0 0 0 0 0 0 0 0 0 0 0 0 0 0 0 0 0 0 0 0 0 0 0 0 0 0 0 0 0 0 0 0 0 0 0 0
 0 0 0 0 0 0 0 0 0 0 0 0 0 0 0 0 0 0 0 0 0 0 0 0 0 0 0 0 0 0 0 0 0 0 0 0
 0 0 0 0 0 0 0 0 0 0 0 0 0 0 0 0 0 0 0 0 0 0 0 0 0 0 0 0 0 0 0 0 0 0 0 0
 0 0 0 0 0 0 0 0 0 0 0 0 0 0 0 0 0 0 0 0 0 0 0 0 0 0 0 0 0 0 0 0 0 0 0 0
 0 0 0 0 0 0 0 0 0 0 0 0 0 0 0 0 0 0 0 0 0 0 0 0 0 0 0 0 0 0 0 0 0 0 0 0
 0 0 0 0 0 0 0 0 0 0 0 0 0 0 0 0 0 0 0 0 0 0 0 0 0 0 0 0 0 0 0 0 0 0 0 0
 0 0 0 0 0 0 0 0 0 0 0 0 0 0 0 0 0 0 0 0 0 0 0 0 0 0 0 0 0 0 0 0 0 0 0 0
 0 0 0 0 0 0 0 0 0 0 0 0 0 0 0 0 0 0 0 0 0 0 0 0 0 0 0 0 0 0 0 0 0 0 0 0
 0 0 0 0 0 0 0 0 1.78061e-05 0.00172719 0.00360574 0.0105946 0.0120993 0.0124554 0.0147524 0.0171206 0.0266825 0.0428682 0.0675386 0.121331 0.153587 0.119568 0.100827 0.0573624 0.0630603 0.0341343 0.0324427 0.0444173 0.0211091 0.0280891 0.0125444 0.00206551 0 0 0 0
 0 0 0 0 0 0 0 0 0 0 0 0 0 0 0 0 0 0 0 0 0 0 0 0 0 0 0 0 0 0 0 0 0 0 0 0
 0 0 0 0 0 0 0.0133647 0.0140871 0.0187388 0.0205184 0.03894 0.0496705 0.03968 0.0493445 0.0407372 0.0367815 0.0215668 0.0243155 0.0234873 0.0199281 0.019796 0.0243948 0.0301388 0.0376714 0.0412746 0.0863199 0.0771752 0.113111 0.0741005 0.0525337 0.0229764 0.00759418 0.00175318 0 0 0
 0 0 0 0 0 0 0 0 0 0 0.00219441 0.00772107 0.0458388 0.0604681 0.0671733 0.0775358 0.0609151 0.0617685 0.073594 0.0568108 0.0755445 0.0548602 0.0670107 0.0636378 0.0643287 0.046367 0.0373049 0.0286899 0.0247887 0.0153202 0.00654259 0.00121912 0.000365735 0 0 0
 0 0 0 0 0 0 0 0 0 0 0 0 0.000112435 0.00938835 0.0111873 0.0202946 0.0414886 0.0713402 0.111592 0.104902 0.108894 0.110636 0.117776 0.105296 0.107544 0.0401394 0.0192827 0.0124803 0.00416011 0.0028671 0.000618394 0 0 0 0 0
 0 0 0 0 0 0 0 0 0 0 0.00291406 0.0102884 0.027416 0.0768956 0.0749926 0.110853 0.0956884 0.0897413 0.0766577 0.0534642 0.0500743 0.0551293 0.0594112 0.0620874 0.0668451 0.0424026 0.0208742 0.0120726 0.0048766 0.00582813 0.00118941 0.000297354 0 0 0 0
 0 0.00264628 0.0354308 0.0461629 0.0458689 0.0383711 0.0214643 0.0164657 0.0346957 0.0420465 0.0363128 0.0245516 0.0311673 0.0291091 0.0169068 0.0133784 0.00837989 0.0085269 0.0148486 0.0160247 0.0276389 0.0546898 0.0760071 0.122758 0.109233 0.0665981 0.0333725 0.0166128 0.00676272 0.00308733 0.000882094 0 0 0 0 0
 0 0 0 0 0 0 0 0.000805153 0.000690131 0.00759144 0.0133425 0.0154129 0.00931677 0.000345066 0.00356568 0.00563607 0.00851162 0.0253048 0.0502646 0.0516448 0.0657925 0.0565908 0.0611916 0.0827007 0.0866115 0.110766 0.145733 0.0935128 0.0569358 0.0249597 0.0138026 0.00621118 0.00161031 0.00115022 0 0
 0 0 0 0 0 0 0 0 0 0 0 0 0 0 0 0 0 0 0 0 0 0 0 0 0 0 0 0 0 0 0 0 0 0 0 0
 0.00147267 0.00158595 0.00478618 0.00569244 0.00954404 0.0108468 0.00647125 0.017049 0.0510054 0.094081 0.124002 0.0959785 0.0687766 0.0820023 0.061753 0.0591476 0.0492212 0.0479892 0.0443925 0.0268479 0.0217502 0.0140895 0.0121071 0.0120363 0.00920419 0.00665534 0.0049561 0.00860946 0.00930331 0.0156896 0.0114698 0.00855282 0.00243557 0.00046729 0 2.83206e-05
 0 0 0 0 0.000772559 0.00158375 0.000888443 0.00281984 0.00712685 0.0440552 0.0773331 0.111326 0.0921469 0.0852325 0.0710754 0.0886704 0.0786465 0.0553345 0.0373146 0.0185414 0.00753245 0.00457741 0.012979 0.0271748 0.0457355 0.0583668 0.034881 0.0177882 0.00938659 0.00492506 0.0015258 0.00185414 0.000309023 5.79419e-05 3.86279e-05 0
 0 0.00173294 0.00326652 0 0.00397197 0.00683976 0.00946217 0.0152591 0.00757587 0.0136028 0.0228656 0.0392903 0.0559909 0.0764795 0.0681675 0.0726916 0.0566044 0.0477403 0.0527397 0.0444891 0.0609904 0.0582453 0.0661739 0.0445044 0.0529084 0.0360697 0.0280645 0.0235558 0.0158879 0.00826598 0.00280645 0.00217768 0.000904811 0.00058276 9.20147e-05 0
 0 0 0 0 0 0 0 0 0 0 0 0 0 0 0 0 0 0 0 0 0 0 0 0 0 0 0 0 0 0 0 0 0 0 0 0
 0 0 0 0 0 0 0 0 0 0 0 0 0 0 0 0 0 0 0 0 0 0 0 0 0 0 0 0 0 0 0 0 0 0 0 0
 0 0 0 0 0 0 0 0 0 0 0 0 0 0 0 0 0 0 0 0 0 0 0 0 0 0 0 0 0 0 0 0 0 0 0 0
ppred_pel_tallas
 1.04276e-16 2.48309e-06 1.44739e-05 6.8593e-05 0.000263736 0.000822124 0.00207739 0.00425618 0.00707623 0.00956713 0.0105796 0.00973316 0.00784301 0.00634542 0.00638724 0.00845626 0.0126054 0.0187546 0.0267531 0.0362654 0.0466603 0.0570068 0.0661934 0.0731388 0.0770278 0.0774925 0.074683 0.0691977 0.061912 0.0537608 0.0455511 0.0378523 0.0309758 0.0250219 0.0199586 0.0156957
 1.15329e-16 7.68922e-06 4.50964e-05 0.000214304 0.000824979 0.00257249 0.0064979 0.0132962 0.0220425 0.0296105 0.0322436 0.0284927 0.0205105 0.0122079 0.00638824 0.00365129 0.00326075 0.00436118 0.00650404 0.00959153 0.0136713 0.018791 0.0249227 0.0319255 0.0395289 0.0473333 0.0548342 0.0614667 0.0666715 0.0699707 0.0710412 0.0697688 0.0662718 0.0608828 0.0540977 0.0464987
 1.25887e-16 3.67419e-06 2.15159e-05 0.000102181 0.000393242 0.00122612 0.00309725 0.00633909 0.0105145 0.0141411 0.0154424 0.01375 0.0101244 0.00648065 0.00422478 0.00372776 0.00472738 0.00688853 0.01003 0.0140767 0.0189528 0.0245243 0.0305959 0.0369408 0.0433367 0.0495899 0.0555345 0.061009 0.0658236 0.0697385 0.0724689 0.0737239 0.0732674 0.0709814 0.0669135 0.0612877
 1.11545e-16 2.90534e-05 0.000170528 0.000810632 0.00312101 0.0097326 0.0245836 0.0503005 0.0833756 0.111962 0.121812 0.107389 0.0767461 0.0445355 0.0211433 0.0085229 0.00347301 0.00225257 0.00260648 0.00361654 0.00501551 0.00674517 0.008785 0.0111056 0.0136593 0.0163773 0.0191673 0.0219109 0.0244651 0.0266687 0.0283572 0.0293837 0.0296421 0.0290866 0.0277422 0.0257048
 1.00838e-16 4.07518e-05 0.000239206 0.00113713 0.00437811 0.0136528 0.0344857 0.070561 0.116958 0.157055 0.170865 0.150615 0.107597 0.0623538 0.0294371 0.0115609 0.00419683 0.00204702 0.00188525 0.00235025 0.00298863 0.00364391 0.00422866 0.00467413 0.00493244 0.00498565 0.00484905 0.00456529 0.00419179 0.00378574 0.00339163 0.00303485 0.00272196 0.00244591 0.00219341 0.00195168
 1.00811e-16 1.99903e-05 0.000117275 0.000557359 0.00214568 0.00669094 0.0169012 0.0345854 0.0573412 0.0770443 0.083936 0.074267 0.0536631 0.032327 0.0175718 0.0109422 0.0104285 0.0135755 0.018799 0.0252148 0.0321375 0.0388109 0.0444001 0.0481268 0.049444 0.04817 0.0445343 0.0391141 0.0326876 0.0260538 0.0198749 0.0145838 0.0103666 0.0072057 0.00495349 0.00340796
 1.00852e-16 3.84719e-05 0.000225819 0.00107348 0.00413304 0.0128886 0.0325553 0.0666115 0.110412 0.148267 0.161311 0.142208 0.101624 0.058958 0.027959 0.0112021 0.00442742 0.00264713 0.00282455 0.00367478 0.0047583 0.00590316 0.00699177 0.00791788 0.00859469 0.00896935 0.00903052 0.00880489 0.00834539 0.00771574 0.00697709 0.00618022 0.00536398 0.00455762 0.00378447 0.00306443
 1.00316e-16 3.69413e-05 0.000216826 0.00103072 0.00396835 0.012375 0.0312581 0.0639577 0.106015 0.14237 0.154913 0.13661 0.0977154 0.0568765 0.0273198 0.0115486 0.00550044 0.00440109 0.00532437 0.00699051 0.00889204 0.0107463 0.0123103 0.0133677 0.0137674 0.0134578 0.0124997 0.0110491 0.00931666 0.00751906 0.00583581 0.00438431 0.00321529 0.00232475 0.00167418 0.0012109
 1.00303e-16 3.65532e-05 0.000214547 0.00101988 0.00392663 0.0122448 0.0309295 0.0632854 0.104901 0.140874 0.153287 0.13518 0.0967008 0.0563027 0.0270759 0.0115003 0.00555976 0.00453293 0.00552565 0.0072702 0.00925991 0.0112073 0.0128619 0.0139991 0.0144597 0.0141865 0.0132372 0.0117677 0.00999143 0.00812938 0.00636676 0.00482704 0.00356706 0.00258844 0.0018575 0.00132526
 1.00276e-16 3.83107e-05 0.000224869 0.00106896 0.0041156 0.0128342 0.032418 0.0663307 0.109948 0.147647 0.160645 0.141643 0.101267 0.058846 0.0280829 0.0115572 0.00503937 0.00356769 0.00410891 0.0053547 0.00681752 0.00825999 0.00949402 0.0103543 0.0107235 0.0105577 0.00989691 0.00885224 0.00757696 0.00623033 0.00494619 0.00381437 0.0028771 0.00213731 0.00157282 0.00115056
 1.01153e-16 1.7255e-05 0.000101213 0.000480993 0.00185164 0.00577397 0.0145851 0.0298467 0.0494878 0.0665019 0.0724758 0.0641868 0.0465098 0.0282784 0.0158437 0.0105863 0.01082 0.0144614 0.0201499 0.0270854 0.0345872 0.0418669 0.0480402 0.0522761 0.0539813 0.0529434 0.0493809 0.0438783 0.0372355 0.0302797 0.0237031 0.0179659 0.0132782 0.00964358 0.0069334 0.00496233
 1.05899e-16 1.51798e-05 8.9051e-05 0.000423222 0.00162928 0.00508063 0.0128335 0.026261 0.043538 0.0584929 0.0637117 0.0563408 0.0406422 0.0243506 0.0130061 0.00777333 0.00713275 0.00925474 0.0130121 0.0178579 0.0234398 0.0293728 0.0351934 0.0404112 0.0445943 0.0474423 0.0488258 0.0487777 0.0474516 0.0450635 0.0418433 0.0380076 0.0337551 0.0292734 0.0247472 0.0203561
 1.02416e-16 3.63396e-05 0.0002133 0.00101396 0.00390387 0.0121739 0.0307502 0.0629181 0.10429 0.140048 0.152373 0.134337 0.0960184 0.0557454 0.0265101 0.0107531 0.00445941 0.0029263 0.0032914 0.00434279 0.00566166 0.00707668 0.00846412 0.00970986 0.0107197 0.0114344 0.0118367 0.0119456 0.0118026 0.0114547 0.0109417 0.0102913 0.00952198 0.0086497 0.00769549 0.00668904
 1.00845e-16 3.06227e-05 0.000179719 0.000854275 0.00328896 0.0102563 0.0259067 0.0530094 0.0878721 0.118019 0.128453 0.113364 0.0812793 0.0476954 0.0236323 0.0112325 0.0071955 0.00761013 0.0100519 0.0133945 0.0170745 0.0206476 0.0236665 0.0257201 0.0265191 0.0259649 0.0241736 0.0214423 0.0181729 0.0147777 0.0115971 0.00885256 0.00663812 0.00494365 0.00369406 0.00278855
 1.0051e-16 3.57899e-05 0.000210066 0.000998573 0.00384459 0.011989 0.0302833 0.0619632 0.10271 0.137933 0.150088 0.132365 0.0946988 0.0551614 0.0265729 0.0113663 0.00561447 0.00469939 0.00578995 0.00764428 0.0097613 0.0118502 0.013653 0.0149359 0.0155299 0.0153692 0.0145048 0.0130879 0.0113298 0.00945107 0.00763839 0.00601845 0.00465304 0.00355044 0.00268471 0.00201504
 1.00476e-16 3.447e-05 0.000202314 0.000961711 0.00370265 0.0115464 0.0291652 0.0596759 0.0989195 0.132846 0.144563 0.127514 0.0912769 0.053266 0.0258426 0.0113669 0.00607307 0.00552404 0.00699195 0.00926204 0.0118132 0.0143096 0.0164386 0.0179156 0.0185376 0.0182303 0.0170648 0.0152361 0.0130122 0.0106711 0.00844572 0.00649157 0.0048807 0.00361626 0.00265755 0.00194511
 1.01039e-16 2.83889e-05 0.000166602 0.000791914 0.00304885 0.00950749 0.0240153 0.0491397 0.0814587 0.10941 0.119093 0.105129 0.0754304 0.0443755 0.0221967 0.0109016 0.00745297 0.00824309 0.0110319 0.0147652 0.0188899 0.0229421 0.0264415 0.0289386 0.0301072 0.0298191 0.0281718 0.0254563 0.0220788 0.0184641 0.0149714 0.0118443 0.00920195 0.00706042 0.00537067 0.00405533
 1.01768e-16 2.94484e-05 0.000172828 0.000821523 0.00316287 0.00986309 0.0249135 0.0509769 0.0845022 0.113491 0.123519 0.108996 0.0781185 0.0457831 0.02258 0.0105628 0.00655429 0.00679729 0.00897684 0.0120417 0.0154972 0.0189724 0.0220918 0.0244986 0.0259216 0.0262334 0.0254736 0.0238264 0.0215662 0.0189879 0.0163473 0.0138265 0.0115278 0.00948916 0.00770872 0.00616807
 1.02368e-16 2.62477e-05 0.000154032 0.000732153 0.00281875 0.00878995 0.0222029 0.0454313 0.075312 0.101156 0.110114 0.0972162 0.0697813 0.0411099 0.0206717 0.0103348 0.00730561 0.00826256 0.0111456 0.014985 0.0192654 0.0235446 0.0273563 0.0302568 0.0319139 0.0321798 0.0311185 0.0289767 0.0261112 0.0229 0.0196645 0.016626 0.0138996 0.0115149 0.00945157 0.0076702
 1.00749e-16 3.90257e-05 0.00022907 0.00108894 0.00419255 0.0130741 0.0330241 0.0675705 0.112001 0.150402 0.163634 0.144258 0.103091 0.0598151 0.0283755 0.0113848 0.00452073 0.002721 0.00290017 0.00374724 0.00480674 0.00589418 0.00688221 0.00766003 0.00814416 0.00829439 0.00812064 0.00767622 0.00704125 0.00630179 0.00553206 0.00478439 0.00408792 0.00345353 0.00288167 0.00236913
 1.00664e-16 3.09599e-05 0.000181699 0.000863692 0.00332522 0.0103694 0.0261923 0.0535937 0.0888404 0.119319 0.129865 0.114605 0.0821559 0.0481845 0.0238276 0.0112471 0.00710214 0.00743569 0.00979719 0.0130529 0.0166436 0.0201341 0.0230884 0.0251054 0.0259012 0.0253766 0.0236411 0.0209806 0.0177836 0.0144505 0.011314 0.00859302 0.00638409 0.00468313 0.00342259 0.00250867
 1.01758e-16 2.71827e-05 0.000159522 0.000758256 0.00291926 0.00910339 0.0229946 0.0470511 0.0779964 0.104759 0.114032 0.100662 0.0722259 0.0424929 0.0212612 0.0104557 0.00717268 0.00796519 0.0106988 0.0143778 0.0184878 0.0225992 0.026262 0.029047 0.0306303 0.0308634 0.0298015 0.0276764 0.0248294 0.0216265 0.0183846 0.0153289 0.0125845 0.0101945 0.00815054 0.00642106
 1.01556e-16 3.40572e-05 0.000199893 0.000950214 0.00365839 0.0114084 0.0288166 0.0589623 0.0977356 0.131253 0.142821 0.125958 0.0901209 0.0525064 0.0253168 0.0108713 0.00543875 0.00463249 0.00576841 0.00767603 0.00989002 0.0121434 0.0141959 0.0158233 0.0168536 0.0172021 0.0168859 0.0160104 0.0147361 0.0132359 0.01166 0.0101152 0.00866239 0.00732671 0.00611277 0.00501807
 1.01708e-16 2.74577e-05 0.000161135 0.00076592 0.00294876 0.00919538 0.023227 0.0475267 0.0787853 0.10582 0.11519 0.101693 0.0729849 0.0429771 0.0215722 0.0107192 0.00748851 0.008397 0.0112805 0.0151157 0.0193569 0.0235382 0.027174 0.0298091 0.0311128 0.0309538 0.0294288 0.0268279 0.023556 0.0200345 0.0166161 0.0135369 0.0109079 0.00873908 0.00697906 0.00555269
 1.06363e-16 1.31465e-06 7.61888e-06 3.60142e-05 0.000138317 0.000431023 0.00108944 0.00223439 0.00372371 0.00506127 0.00566704 0.00537797 0.00467766 0.00440245 0.00526759 0.00766725 0.0117715 0.0176499 0.0252602 0.0343462 0.0443567 0.0544515 0.0636135 0.0708396 0.0753548 0.0767775 0.0751866 0.0710625 0.0651365 0.0582012 0.0509482 0.0438743 0.0372674 0.0312489 0.0258414 0.0210285
pSPR Fmed_Fpbrs
0.512631   0.413062 0.413062
Fs Fmed_Fpbrs
0.651084   1.005 1.005
SSBpbr Bo_Bmed_Bpbrs
959247  443778  348266 348266
Ro
19148.9
SPR SPRFo_SPRFmed_SPRFpbrs
393276 201606 162447
log_Ro
9.68
likeval ReclasPelacesDesembMPH_pf_preclas_ppelaces_ptallas_desvR_qrecl_qpela
 95.207 98.8557 0.121502 0.000180673 378.691 198.761 84.9912 0 58.2996 2.77707e-06 0 0 0 0 0
q_reclas_q_pelaces
0.789667 1
M
0.7
N
 4689.03 62797.2 20441.7 2558.14 0.126167
 7321.82 2293 28148.4 8772.63 1094.23
 940.232 3552.34 975.179 11208.1 3908.87
 6144.76 424.011 927.973 193.897 2942.61
 54747.6 2890.68 146.804 275.642 920.223
 14123.8 26725.2 1280.59 61.9552 502.734
 55573.4 6279.98 6354.02 222.653 95.7421
 71008.8 25102.3 1658.33 1282.98 62.9581
 86653.8 30077.8 4318.94 181.862 142.579
 214836 37174.7 5633.06 534.484 38.8655
 49536.8 98987.1 11206.4 1373.58 137.543
 19969.8 22752.4 29217.4 2651.75 351.534
 57539.2 9308.42 7409.31 7953.04 806.262
 22220.6 25126.1 1962.02 1085.11 1247.31
 14671.1 8785.54 2731.13 111.837 126.347
 14456 5671.88 822.24 125.784 10.3728
 9610.24 6437.79 1362.67 145.105 23.4639
 9560.97 4384.7 1817.67 302.676 36.7545
 6858.62 4451.82 1417.65 489.733 90.1749
 27325.8 3192.6 1436.54 380.896 153.618
 29512.9 12463.8 899.634 318.189 116.193
 27931.8 14266.9 5173.73 346.055 166.103
 60198.9 13449.5 5768.8 1917.1 188.489
 50121.3 28675.2 5060.73 1929.3 697.816
 873.891 23914.3 10909.3 1719.25 884.667
pred_Ctot
 51.4648 4422.59 2013.12 257.321 0.0127053
 121.189 238.896 4062.83 1292.4 161.38
 62.4676 1255.84 442.707 5164.42 1802.53
 233.478 94.2592 276.162 58.7457 892.382
 669.325 225.791 16.001 30.682 102.546
 1069.34 10444.5 634.629 31.1355 252.835
 3632.69 2192.05 2852.33 101.457 43.6618
 7576.88 12517 1008.87 789.377 38.7593
 8553.06 14229.9 2516.61 107.241 84.1297
 11195.4 10809.4 2146.69 207.042 15.0683
 2686.72 29745.2 4399.77 548.049 54.9256
 884.131 5770.2 9825.01 907.176 120.371
 5029.28 4043.48 4019.77 4370.77 443.402
 3299.89 15330.9 1398.08 779.736 896.687
 2370.74 5610.11 2012.82 83.0561 93.8698
 1079.71 2194 403.873 62.6584 5.17101
 564.083 2062.79 566.823 61.3106 9.92238
 430.303 1127.62 619.136 104.878 12.7471
 310.045 1149.17 484.549 170.275 31.3814
 1609.31 1025.74 599.001 161.326 65.1178
 563.985 1486.11 147.98 53.4044 19.5226
 610.856 1928.42 960.411 65.5245 31.4843
 1769.15 2381.04 1385.72 469.296 46.1874
 1415.55 4897.67 1174.94 456.535 165.293
 28.3682 4627.84 2850.61 457.653 235.724
F
 0.0153655 0.102421 0.14594 0.149278 0.149458
 0.0232526 0.154994 0.220851 0.225902 0.226175
 0.0963679 0.642358 0.915293 0.93623 0.937359
 0.0541067 0.360658 0.5139 0.525655 0.526289
 0.0171288 0.114175 0.162688 0.166409 0.16661
 0.110494 0.736517 1.04946 1.07347 1.07476
 0.0947477 0.631558 0.899904 0.920489 0.921598
 0.159015 1.05995 1.51031 1.54486 1.54672
 0.146292 0.975135 1.38946 1.42125 1.42296
 0.0748831 0.499147 0.711233 0.727502 0.728378
 0.078045 0.520223 0.741264 0.75822 0.759134
 0.0632995 0.421934 0.601212 0.614964 0.615706
 0.128561 0.856946 1.22106 1.24899 1.2505
 0.227912 1.51919 2.16468 2.2142 2.21687
 0.250361 1.66883 2.37791 2.4323 2.43523
 0.108927 0.726073 1.03458 1.05824 1.05952
 0.0847071 0.564631 0.80454 0.822943 0.823935
 0.0643773 0.429119 0.611449 0.625436 0.62619
 0.0646703 0.431072 0.614232 0.628282 0.62904
 0.0850029 0.566603 0.80735 0.825817 0.826813
 0.0268892 0.179235 0.255391 0.261233 0.261548
 0.0308258 0.205475 0.29278 0.299477 0.299838
 0.0416207 0.277431 0.39531 0.404352 0.404839
 0.039969 0.266421 0.379621 0.388305 0.388773
 0.0460631 0.307042 0.437503 0.447511 0.44805
nmprior
 10.6 11 7 0
nm_flota  nm_reclas  nm_pelaces    nm_pelaL
inf 25.2075 19.8977 48.8028
cv_recla  cv_pelaces  cv_mph
0.882591 1.12739 0.436099
 ------------------------------------------------
Talla a la edad & desviación 
 7.2 14.2025 17.0495 18.207 18.6776
 1.08 2.13037 2.55742 2.73105 2.80164
