years
 1997 1998 1999 2000 2001 2002 2003 2004 2005 2006 2007 2008 2009 2010 2011 2012 2013 2014 2015 2016 2017 2018 2019 2020 2021
reclasobs
 0 0 0 370054 412103 1.49427e+06 250295 1.28982e+06 931140 785840 897777 1.04006e+06 184774 17550 25797 100020 73551 82996 120727 218422 84188 347160 605670 569463 516374
reclaspred
 1.0292e+06 210823 437532 195006 305887 380700 818440 629785 699401 847137 820749 585321 349524 137314 75978.1 70856.2 80133.5 107449 119872 139934 215447 216827 359616 419065 402604
pelacesobs
 0 0 0 0 0 0 0 0 0 2.06254e+06 1.5e+06 0 1.87456e+06 323000 250000 174000 83755 137374 0 501740 490994 745055 786931 1.00524e+06 1.33801e+06
pelacespred
 3.16463e+06 949210 702359 671130 962393 847402 2.34531e+06 1.97521e+06 2.00831e+06 2.55738e+06 2.08444e+06 1.54544e+06 898847 273439 156256 158947 188270 268645 303626 339514 637074 622356 769830 1.07187e+06 996311
mphobs
 0 0 0 0 0 112323 0 153150 637223 0 255016 313432 73983 77613 109348 50772 0 0 0 0 0 0 0 0 0
mphpred
 332770 156759 143018 89628.3 85981.7 163923 207688 305700 274157 308794 385238 268740 168535 91573.5 41365.1 30760.9 30325.7 37911.9 47728.5 49558.4 69402.8 90002.5 108712 148307 173145
desembarqueobs
 350755 77701 442110 56441 14545 235359 269955 359681 431902 328805 639364 411747 362871 311530 167758 66681 60226 58785 57116 73181 50977 67692 138656 160484 209506
desembarquepred
 350739 77678.3 441813 56435.6 14544.7 235368 269973 359400 431699 328672 638702 411388 362517 311246 167378 66642.2 60230.5 58739.8 57068.7 73144.7 50973.1 67656.1 138616 160446 209455
Reclutas
 27984.2 42015.4 10456.6 15399.7 40839.4 23820 63878.2 61908.7 77866.9 115908 66783.8 48264.9 52612 28585.1 13234.5 10480.3 8069.6 9413.75 8955.14 12434.2 18264.3 22286.4 35336.2 37834.8 10053.3
log_desv_Rt
 0.0793966 0.485791 -0.905007 -0.517897 0.457403 -0.0817203 0.904733 0.873417 1.10276 1.50055 0.949216 0.62446 0.7107 0.100642 -0.669421 -0.902743 -1.16414 -1.01007 -1.06002 -0.731794 -0.347296 -0.148267 0.312664 0.380986 -0.944345
SSB
 568222 267674 244210 153045 146818 279907 354638 521998 468137 527282 657813 458887 287781 156366 70633 52525.7 51782.6 64736.5 81498.7 84623.4 118509 153684 185631 253242 295654
BT
 1.4482e+06 397642 468353 263415 354730 420679 1.18598e+06 1.09976e+06 1.19489e+06 1.28911e+06 1.27726e+06 898441 708656 400891 205391 114985 119921 147641 143144 176899 270805 243654 335288 475193 442763
Ftot
 0.537803 0.661078 1.32821 0.492312 0.0978129 0.867757 0.665239 0.98647 1.12824 0.743173 1.16843 1.09765 1.78281 3.14122 3.24513 1.48365 1.25766 0.951902 0.734224 0.883826 0.416007 0.496609 0.616043 0.621097 0.724332
BD_Bspro_t
 0.929554 0.656853 0.531878 0.264401 0.369763 0.581663 0.492522 0.546058 0.476879 0.460412 0.480009 0.326823 0.234574 0.157068 0.0870578 0.0801987 0.108666 0.180175 0.263561 0.32237 0.430209 0.560565 0.565785 0.565954 0.534809
BD_Bspro
 1.07037 0.504221 0.460022 0.288292 0.276563 0.527265 0.668035 0.983293 0.881835 0.993247 1.23913 0.86441 0.542097 0.294549 0.133052 0.0989434 0.0975435 0.121945 0.15352 0.159406 0.223236 0.289496 0.349676 0.477035 0.556927
BD_Bo
 0.752855 0.35465 0.323562 0.202774 0.194524 0.370858 0.469871 0.691611 0.620249 0.698612 0.871557 0.607993 0.381291 0.207175 0.0935839 0.069593 0.0686084 0.0857714 0.10798 0.11212 0.157016 0.20362 0.245949 0.335528 0.391722
BD_Brms
 2.45021 1.15423 1.05305 0.659939 0.633088 1.20698 1.52922 2.25089 2.01863 2.27367 2.83653 1.97875 1.24093 0.674261 0.304574 0.226494 0.22329 0.279148 0.351427 0.364901 0.511017 0.662694 0.800453 1.09199 1.27488
S_f
 0.123849 1 1 1 1
 0.123849 1 1 1 1
 0.123849 1 1 1 1
 0.123849 1 1 1 1
 0.123849 1 1 1 1
 0.123849 1 1 1 1
 0.123849 1 1 1 1
 0.123849 1 1 1 1
 0.123849 1 1 1 1
 0.123849 1 1 1 1
 0.123849 1 1 1 1
 0.123849 1 1 1 1
 0.123849 1 1 1 1
 0.123849 1 1 1 1
 0.123849 1 1 1 1
 0.123849 1 1 1 1
 0.123849 1 1 1 1
 0.123849 1 1 1 1
 0.123849 1 1 1 1
 0.123849 1 1 1 1
 0.123849 1 1 1 1
 0.123849 1 1 1 1
 0.123849 1 1 1 1
 0.123849 1 1 1 1
 0.123849 1 1 1 1
Scru_reclas
 0.35158 0.731813 0.932124 0.985737 0.997133
 0.35158 0.731813 0.932124 0.985737 0.997133
 0.35158 0.731813 0.932124 0.985737 0.997133
 0.35158 0.731813 0.932124 0.985737 0.997133
 0.35158 0.731813 0.932124 0.985737 0.997133
 0.35158 0.731813 0.932124 0.985737 0.997133
 0.35158 0.731813 0.932124 0.985737 0.997133
 0.35158 0.731813 0.932124 0.985737 0.997133
 0.35158 0.731813 0.932124 0.985737 0.997133
 0.35158 0.731813 0.932124 0.985737 0.997133
 0.35158 0.731813 0.932124 0.985737 0.997133
 0.35158 0.731813 0.932124 0.985737 0.997133
 0.35158 0.731813 0.932124 0.985737 0.997133
 0.35158 0.731813 0.932124 0.985737 0.997133
 0.35158 0.731813 0.932124 0.985737 0.997133
 0.35158 0.731813 0.932124 0.985737 0.997133
 0.35158 0.731813 0.932124 0.985737 0.997133
 0.35158 0.731813 0.932124 0.985737 0.997133
 0.35158 0.731813 0.932124 0.985737 0.997133
 0.35158 0.731813 0.932124 0.985737 0.997133
 0.35158 0.731813 0.932124 0.985737 0.997133
 0.35158 0.731813 0.932124 0.985737 0.997133
 0.35158 0.731813 0.932124 0.985737 0.997133
 0.35158 0.731813 0.932124 0.985737 0.997133
 0.35158 0.731813 0.932124 0.985737 0.997133
Scru_pelaces
 0.400654 0.859055 0.982323 0.99803 0.999784
 0.400654 0.859055 0.982323 0.99803 0.999784
 0.400654 0.859055 0.982323 0.99803 0.999784
 0.400654 0.859055 0.982323 0.99803 0.999784
 0.400654 0.859055 0.982323 0.99803 0.999784
 0.400654 0.859055 0.982323 0.99803 0.999784
 0.400654 0.859055 0.982323 0.99803 0.999784
 0.400654 0.859055 0.982323 0.99803 0.999784
 0.400654 0.859055 0.982323 0.99803 0.999784
 0.400654 0.859055 0.982323 0.99803 0.999784
 0.400654 0.859055 0.982323 0.99803 0.999784
 0.400654 0.859055 0.982323 0.99803 0.999784
 0.400654 0.859055 0.982323 0.99803 0.999784
 0.400654 0.859055 0.982323 0.99803 0.999784
 0.400654 0.859055 0.982323 0.99803 0.999784
 0.400654 0.859055 0.982323 0.99803 0.999784
 0.400654 0.859055 0.982323 0.99803 0.999784
 0.400654 0.859055 0.982323 0.99803 0.999784
 0.400654 0.859055 0.982323 0.99803 0.999784
 0.400654 0.859055 0.982323 0.99803 0.999784
 0.400654 0.859055 0.982323 0.99803 0.999784
 0.400654 0.859055 0.982323 0.99803 0.999784
 0.400654 0.859055 0.982323 0.99803 0.999784
 0.400654 0.859055 0.982323 0.99803 0.999784
 0.400654 0.859055 0.982323 0.99803 0.999784
pf_obs 
 0.256992 0.487395 0.22802 0.0275931 0
 0.321318 0.546541 0.124235 0.00734118 0.000564706
 0.182869 0.594174 0.210203 0.0122559 0.00049798
 0.330522 0.361315 0.267642 0.0388342 0.00168674
 0.649043 0.306663 0.0425973 0.00169635 0
 0.582887 0.30429 0.105238 0.00758474 0
 0.465427 0.430635 0.0974691 0.00646863 0
 0.296916 0.608066 0.0921331 0.00288517 0
 0.311714 0.524322 0.152257 0.0117073 0
 0.15457 0.633149 0.183074 0.0267441 0.00246327
 0.131901 0.49318 0.331252 0.0422183 0.00144891
 0.196976 0.569456 0.194076 0.0375587 0.00193317
 0.518974 0.381816 0.0799577 0.0180837 0.00116848
 0.0928022 0.601141 0.25162 0.0475244 0.00691264
 0.122501 0.610282 0.24278 0.0234846 0.000952079
 0.383417 0.481906 0.127806 0.00687128 0
 0.0376549 0.599619 0.316969 0.0457579 0
 0.0361596 0.667082 0.258105 0.0386534 0
 0.158088 0.579412 0.248529 0.0139706 0
 0.0477256 0.309471 0.559284 0.082774 0.000745712
 0.0406174 0.521527 0.379366 0.0568643 0.0016247
 0.151134 0.462217 0.34131 0.0453401 0
 0.294876 0.26143 0.354403 0.0886775 0.000613685
 0.281977 0.475581 0.204845 0.0348837 0.00271318
 0.0354234 0.537034 0.353287 0.0723622 0.0018943
pf_pred 
 0.171548 0.569349 0.230045 0.0290509 6.90373e-06
 0.258931 0.509456 0.159175 0.0643143 0.00812377
 0.0775855 0.736624 0.127724 0.0399062 0.0181607
 0.231884 0.446835 0.256569 0.0444869 0.020225
 0.356149 0.487974 0.0906781 0.0520667 0.0131322
 0.141568 0.707482 0.114405 0.0212593 0.0152858
 0.390648 0.412513 0.162226 0.026233 0.00837979
 0.245675 0.663344 0.0615913 0.0242216 0.00516795
 0.298777 0.57192 0.113707 0.0105577 0.00503781
 0.324571 0.582556 0.075747 0.0150598 0.00206552
 0.166641 0.709006 0.107254 0.0139458 0.00315294
 0.185916 0.611205 0.172606 0.0261108 0.00416264
 0.297408 0.539337 0.12257 0.034614 0.00607097
 0.267142 0.661046 0.0551262 0.012528 0.00415845
 0.283108 0.681567 0.0318638 0.0026572 0.00080432
 0.31589 0.654948 0.0277258 0.0012962 0.000140813
 0.239983 0.678924 0.0776354 0.00328652 0.000170339
 0.283461 0.597312 0.106505 0.0121789 0.000542288
 0.225966 0.650564 0.102925 0.0183523 0.00219204
 0.286518 0.553036 0.134853 0.021335 0.00425855
 0.285381 0.598401 0.0900838 0.0219661 0.00416892
 0.235102 0.611264 0.128649 0.0193669 0.0056187
 0.285999 0.543779 0.136032 0.0286297 0.00556033
 0.227597 0.630323 0.108208 0.0270692 0.00680352
 0.066376 0.715099 0.178329 0.0306137 0.00958313
pobs_RECLAS
 0 0 0 0 0
 0 0 0 0 0
 0 0 0 0 0
 0 0 0 0 0
 0.835266 0.146461 0.0176864 0.000547809 3.91292e-05
 0.385257 0.428462 0.181853 0.0044286 0
 0.867414 0.0963971 0.0333333 0.00285562 0
 0.441836 0.489002 0.0689373 0.000224442 0
 0.779404 0.147425 0.0564933 0.0165055 0.000172143
 0.814271 0.122319 0.05973 0.00367925 0
 0.40263 0.566651 0.0304383 0.000280538 0
 0.475488 0.404961 0.113038 0.00651328 0
 0.955842 0.0263864 0.0167828 0.000988607 0
 0.975058 0.0227948 0.00214734 0 0
 0.738997 0.206755 0.0527124 0.00153531 0
 0.850938 0.134255 0.0134407 0.00136685 0
 0.542534 0.407297 0.0501686 0 0
 0.764087 0.199537 0.0359546 0.000420521 0
 0.470689 0.182191 0.310203 0.0369168 0
 0.84361 0.089868 0.0606195 0.00523954 0.000663233
 0.607945 0.314616 0.071237 0.00620181 0
 0.523733 0.453247 0.0230204 0 0
 0.530135 0.295979 0.169645 0.0042399 0
 0.562478 0.366248 0.0663022 0.0049721 0
 0.250443 0.683176 0.0655157 0.000865301 0
ppred_RECLAS
 0.434156 0.357362 0.183914 0.0245612 5.90427e-06
 0.566098 0.27294 0.10862 0.0464119 0.00593023
 0.260497 0.5571 0.123037 0.0406526 0.0187143
 0.519528 0.249319 0.182342 0.033435 0.0153762
 0.667619 0.234554 0.0555163 0.0337106 0.00860076
 0.395657 0.473666 0.0975605 0.019172 0.0139443
 0.705451 0.182468 0.0913996 0.01563 0.00505053
 0.571081 0.364089 0.0430587 0.0179073 0.00386491
 0.63598 0.282163 0.0714542 0.00701609 0.00338657
 0.6555 0.285828 0.0473377 0.00995286 0.00138086
 0.454214 0.445454 0.0858305 0.011802 0.00269912
 0.478133 0.365831 0.13159 0.0210511 0.00339481
 0.654731 0.248172 0.0718371 0.0214538 0.0038063
 0.694754 0.267685 0.0284332 0.00683337 0.00229445
 0.719746 0.262803 0.0156492 0.00138008 0.000422574
 0.674833 0.307667 0.0165894 0.000820177 9.01299e-05
 0.574019 0.369611 0.053834 0.00241002 0.000126354
 0.614427 0.30703 0.0697305 0.00843235 0.000379807
 0.534468 0.374191 0.0754047 0.0142185 0.00171792
 0.612117 0.282499 0.0877399 0.0146797 0.002964
 0.603345 0.31715 0.0608126 0.0156815 0.00301057
 0.53865 0.348644 0.0934612 0.014879 0.00436659
 0.603546 0.282479 0.090007 0.0200327 0.00393565
 0.531965 0.362477 0.079259 0.0209678 0.00533094
 0.214831 0.563427 0.178964 0.0324898 0.010288
pobs_PELACES
 0 0 0 0 0
 0 0 0 0 0
 0 0 0 0 0
 0 0 0 0 0
 0 0 0 0 0
 0 0 0 0 0
 0 0 0 0 0
 0 0 0 0 0
 0 0 0 0 0
 0 0 0 0 0
 0.450072 0.473896 0.0757376 0.000293798 0
 0 0 0 0 0
 0.463077 0.371075 0.160297 0.00555027 0
 0.529543 0.364841 0.0842815 0.0213345 0
 0.631943 0.363953 0.00410389 0 0
 0.735681 0.248677 0.0153453 0.000297389 0
 0.695825 0.281241 0.0229344 0 0
 0.275771 0.60734 0.115278 0.00161068 0
 0 0 0 0 0
 0.896147 0.0623911 0.0374545 0.00400742 0
 0.803859 0.145111 0.0509908 3.86294e-05 0
 0.739449 0.233085 0.0266225 0.000797448 4.60066e-05
 0.878498 0.100942 0.0204185 0.000141795 0
 0.694673 0.275183 0.0284847 0.00165964 0
 0.469039 0.446079 0.0841089 0.000773354 0
ppred_PELACES
 0.475251 0.34493 0.159367 0.0204472 4.86767e-06
 0.615538 0.252521 0.0902189 0.0370357 0.00468633
 0.340662 0.511153 0.101347 0.0321713 0.0146664
 0.56103 0.240541 0.157936 0.0278225 0.0126711
 0.675131 0.237517 0.05047 0.0294429 0.00743913
 0.455663 0.43723 0.0808485 0.0152639 0.0109943
 0.746209 0.16403 0.0737634 0.0121188 0.00387798
 0.636291 0.314176 0.0333569 0.0133278 0.00284864
 0.706592 0.23304 0.0529807 0.0049979 0.00238904
 0.700003 0.253624 0.0377095 0.00761718 0.00104657
 0.536061 0.386292 0.0668211 0.00882736 0.00199925
 0.557988 0.320186 0.103396 0.0158913 0.00253787
 0.760905 0.177432 0.0461093 0.0132296 0.00232442
 0.847458 0.135629 0.0129334 0.00298624 0.000992974
 0.865115 0.127326 0.00680675 0.000576708 0.000174873
 0.756773 0.231434 0.0112031 0.000532127 5.79092e-05
 0.656127 0.302525 0.0395579 0.00170137 8.83362e-05
 0.675554 0.26407 0.0538419 0.0062553 0.000279018
 0.584739 0.341047 0.0616992 0.0111773 0.00133739
 0.670844 0.247001 0.0688715 0.0110703 0.00221357
 0.630072 0.302502 0.0520734 0.0129007 0.0024527
 0.573398 0.331169 0.0797001 0.01219 0.00354276
 0.645851 0.260572 0.0745382 0.0159384 0.00310092
 0.575279 0.337413 0.0662353 0.0168343 0.00423855
 0.252585 0.553439 0.157819 0.0275259 0.0086317
pobs_pel_tallas
 0 0 0 0 0 0 0 0 0 0 0 0 0 0 0 0 0 0 0 0 0 0 0 0 0 0 0 0 0 0 0 0 0 0 0 0
 0 0 0 0 0 0 0 0 0 0 0 0 0 0 0 0 0 0 0 0 0 0 0 0 0 0 0 0 0 0 0 0 0 0 0 0
 0 0 0 0 0 0 0 0 0 0 0 0 0 0 0 0 0 0 0 0 0 0 0 0 0 0 0 0 0 0 0 0 0 0 0 0
 0 0 0 0 0 0 0 0 0 0 0 0 0 0 0 0 0 0 0 0 0 0 0 0 0 0 0 0 0 0 0 0 0 0 0 0
 0 0 0 0 0 0 0 0 0 0 0 0 0 0 0 0 0 0 0 0 0 0 0 0 0 0 0 0 0 0 0 0 0 0 0 0
 0 0 0 0 0 0 0 0 0 0 0 0 0 0 0 0 0 0 0 0 0 0 0 0 0 0 0 0 0 0 0 0 0 0 0 0
 0 0 0 0 0 0 0 0 0 0 0 0 0 0 0 0 0 0 0 0 0 0 0 0 0 0 0 0 0 0 0 0 0 0 0 0
 0 0 0 0 0 0 0 0 0 0 0 0 0 0 0 0 0 0 0 0 0 0 0 0 0 0 0 0 0 0 0 0 0 0 0 0
 0 0 0 0 0 0 0 0 0 0 0 0 0 0 0 0 0 0 0 0 0 0 0 0 0 0 0 0 0 0 0 0 0 0 0 0
 0 0 0 0 0 0 0 0 0 0 0 0 0 0 0 0 0 0 0 0 0 0 0 0 0 0 0 0 0 0 0 0 0 0 0 0
 0 0 0 0 0 0 0 0 1.78061e-05 0.00172719 0.00360574 0.0105946 0.0120993 0.0124554 0.0147524 0.0171206 0.0266825 0.0428682 0.0675386 0.121331 0.153587 0.119568 0.100827 0.0573624 0.0630603 0.0341343 0.0324427 0.0444173 0.0211091 0.0280891 0.0125444 0.00206551 0 0 0 0
 0 0 0 0 0 0 0 0 0 0 0 0 0 0 0 0 0 0 0 0 0 0 0 0 0 0 0 0 0 0 0 0 0 0 0 0
 0 0 0 0 0 0 0.0133647 0.0140871 0.0187388 0.0205184 0.03894 0.0496705 0.03968 0.0493445 0.0407372 0.0367815 0.0215668 0.0243155 0.0234873 0.0199281 0.019796 0.0243948 0.0301388 0.0376714 0.0412746 0.0863199 0.0771752 0.113111 0.0741005 0.0525337 0.0229764 0.00759418 0.00175318 0 0 0
 0 0 0 0 0 0 0 0 0 0 0.00219441 0.00772107 0.0458388 0.0604681 0.0671733 0.0775358 0.0609151 0.0617685 0.073594 0.0568108 0.0755445 0.0548602 0.0670107 0.0636378 0.0643287 0.046367 0.0373049 0.0286899 0.0247887 0.0153202 0.00654259 0.00121912 0.000365735 0 0 0
 0 0 0 0 0 0 0 0 0 0 0 0 0.000112435 0.00938835 0.0111873 0.0202946 0.0414886 0.0713402 0.111592 0.104902 0.108894 0.110636 0.117776 0.105296 0.107544 0.0401394 0.0192827 0.0124803 0.00416011 0.0028671 0.000618394 0 0 0 0 0
 0 0 0 0 0 0 0 0 0 0 0.00291406 0.0102884 0.027416 0.0768956 0.0749926 0.110853 0.0956884 0.0897413 0.0766577 0.0534642 0.0500743 0.0551293 0.0594112 0.0620874 0.0668451 0.0424026 0.0208742 0.0120726 0.0048766 0.00582813 0.00118941 0.000297354 0 0 0 0
 0 0.00264628 0.0354308 0.0461629 0.0458689 0.0383711 0.0214643 0.0164657 0.0346957 0.0420465 0.0363128 0.0245516 0.0311673 0.0291091 0.0169068 0.0133784 0.00837989 0.0085269 0.0148486 0.0160247 0.0276389 0.0546898 0.0760071 0.122758 0.109233 0.0665981 0.0333725 0.0166128 0.00676272 0.00308733 0.000882094 0 0 0 0 0
 0 0 0 0 0 0 0 0.000805153 0.000690131 0.00759144 0.0133425 0.0154129 0.00931677 0.000345066 0.00356568 0.00563607 0.00851162 0.0253048 0.0502646 0.0516448 0.0657925 0.0565908 0.0611916 0.0827007 0.0866115 0.110766 0.145733 0.0935128 0.0569358 0.0249597 0.0138026 0.00621118 0.00161031 0.00115022 0 0
 0 0 0 0 0 0 0 0 0 0 0 0 0 0 0 0 0 0 0 0 0 0 0 0 0 0 0 0 0 0 0 0 0 0 0 0
 0.00147267 0.00158595 0.00478618 0.00569244 0.00954404 0.0108468 0.00647125 0.017049 0.0510054 0.094081 0.124002 0.0959785 0.0687766 0.0820023 0.061753 0.0591476 0.0492212 0.0479892 0.0443925 0.0268479 0.0217502 0.0140895 0.0121071 0.0120363 0.00920419 0.00665534 0.0049561 0.00860946 0.00930331 0.0156896 0.0114698 0.00855282 0.00243557 0.00046729 0 2.83206e-05
 0 0 0 0 0.000772559 0.00158375 0.000888443 0.00281984 0.00712685 0.0440552 0.0773331 0.111326 0.0921469 0.0852325 0.0710754 0.0886704 0.0786465 0.0553345 0.0373146 0.0185414 0.00753245 0.00457741 0.012979 0.0271748 0.0457355 0.0583668 0.034881 0.0177882 0.00938659 0.00492506 0.0015258 0.00185414 0.000309023 5.79419e-05 3.86279e-05 0
 0 0.00173294 0.00326652 0 0.00397197 0.00683976 0.00946217 0.0152591 0.00757587 0.0136028 0.0228656 0.0392903 0.0559909 0.0764795 0.0681675 0.0726916 0.0566044 0.0477403 0.0527397 0.0444891 0.0609904 0.0582453 0.0661739 0.0445044 0.0529084 0.0360697 0.0280645 0.0235558 0.0158879 0.00826598 0.00280645 0.00217768 0.000904811 0.00058276 9.20147e-05 0
 0 0 0 0 0 0 0 0 0 0 0 0 0 0 0 0 0 0 0 0 0 0 0 0 0 0 0 0 0 0 0 0 0 0 0 0
 0 0 0 0 0 0 0 0 0 0 0 0 0 0 0 0 0 0 0 0 0 0 0 0 0 0 0 0 0 0 0 0 0 0 0 0
 0 0 0 0 0 0 0 0 0 0 0 0 0 0 0 0 0 0 0 0 0 0 0 0 0 0 0 0 0 0 0 0 0 0 0 0
ppred_pel_tallas
 1.03078e-16 2.07502e-05 0.000121751 0.000578671 0.00222779 0.00694704 0.0175479 0.0359074 0.0595279 0.0799669 0.0870794 0.076952 0.0553943 0.0329539 0.0171646 0.00956345 0.00800525 0.00991566 0.013686 0.0185201 0.0239203 0.0293891 0.034371 0.0383232 0.0408227 0.0416556 0.0408526 0.0386605 0.0354628 0.0316812 0.0276887 0.0237603 0.0200641 0.0166813 0.0136403 0.0109453
 1.02855e-16 2.68634e-05 0.00015765 0.000749359 0.00288502 0.0089966 0.0227248 0.0464989 0.0770806 0.103528 0.112687 0.0994646 0.0713456 0.0419321 0.0209018 0.0101501 0.00680191 0.00744894 0.00998682 0.0134461 0.0173435 0.0212884 0.0248734 0.0277075 0.0294913 0.0300796 0.0295069 0.0279626 0.0257316 0.0231195 0.0203888 0.0177238 0.0152262 0.0129338 0.0108488 0.00896201
 1.03396e-16 1.4888e-05 8.73197e-05 0.00041495 0.00159737 0.00498105 0.0125822 0.0257484 0.042694 0.0573768 0.0625425 0.0554172 0.0402154 0.024572 0.0139853 0.00967202 0.0102053 0.0138145 0.0193441 0.0261076 0.0335019 0.0408098 0.0472149 0.0519369 0.0544018 0.054373 0.0519994 0.0477592 0.042327 0.0364079 0.0305956 0.0252903 0.0206859 0.0168107 0.0135923 0.0109204
 1.03869e-16 2.44863e-05 0.000143694 0.000683016 0.00262958 0.00820003 0.0207127 0.042382 0.0702567 0.0943642 0.102717 0.090676 0.0650662 0.0382918 0.0191826 0.00947861 0.00657482 0.00738184 0.00999881 0.0135562 0.0176211 0.0218357 0.0258148 0.0291754 0.0316056 0.0329244 0.0331081 0.0322741 0.0306321 0.0284237 0.0258694 0.0231406 0.0203562 0.017596 0.01492 0.0123823
 1.02154e-16 2.94612e-05 0.000172903 0.000821877 0.00316423 0.00986734 0.0249242 0.0509989 0.0845388 0.113541 0.123575 0.109049 0.0781639 0.0458249 0.0226282 0.0106303 0.00665334 0.00693788 0.00916406 0.0122727 0.0157585 0.0192377 0.0223241 0.0246548 0.0259616 0.0261296 0.0252197 0.0234428 0.0210984 0.0184998 0.0159095 0.0135032 0.0113658 0.00951009 0.00790811 0.00651856
 1.02329e-16 1.98996e-05 0.000116749 0.000554874 0.00213614 0.0066612 0.016826 0.034431 0.0570832 0.0766916 0.083536 0.0738757 0.0532992 0.0319463 0.017075 0.0101979 0.00929277 0.0119081 0.0164845 0.0221941 0.028444 0.0345996 0.0399566 0.0438463 0.0457802 0.0455615 0.0433273 0.0394995 0.0346699 0.0294568 0.0243812 0.0197949 0.0158681 0.0126235 0.00999222 0.00786844
 1.01699e-16 3.25577e-05 0.000191088 0.000908348 0.00349719 0.0109057 0.0275468 0.0563645 0.0934302 0.125474 0.136539 0.120435 0.0862048 0.0502976 0.0243883 0.0107076 0.00570272 0.00519123 0.00661095 0.00883518 0.0113974 0.0140076 0.0163928 0.0182947 0.0195129 0.0199463 0.0196093 0.018618 0.0171527 0.0154102 0.0135639 0.0117402 0.0100146 0.00842277 0.00697646 0.00567786
 1.01167e-16 2.77707e-05 0.000162971 0.000774645 0.00298235 0.00930012 0.0234916 0.0480682 0.0796833 0.107027 0.116506 0.102861 0.0738353 0.0435024 0.0218808 0.0109449 0.00773421 0.00872557 0.0117252 0.0156875 0.020043 0.0242992 0.0279426 0.0304951 0.0316146 0.0311746 0.0292935 0.0262972 0.0226337 0.018766 0.0150807 0.0118338 0.00914146 0.0070059 0.00535788 0.00409938
 1.01112e-16 3.08329e-05 0.000180956 0.000860166 0.00331165 0.0103271 0.0260854 0.0533748 0.0884767 0.118828 0.129325 0.114114 0.0817726 0.047897 0.0235701 0.0109354 0.00665823 0.00679577 0.00891564 0.0119105 0.0152593 0.0185756 0.021474 0.0235944 0.0246722 0.0245974 0.0234371 0.0214107 0.0188293 0.0160209 0.0132643 0.0107516 0.00858015 0.00677026 0.00529326 0.00409945
 1.00929e-16 3.05464e-05 0.000179272 0.000852156 0.00328081 0.0102309 0.0258425 0.0528778 0.0876536 0.117724 0.128129 0.11307 0.0810505 0.0475257 0.0234831 0.0110546 0.00694418 0.00724945 0.00955731 0.0127572 0.0163084 0.0197944 0.0227966 0.0249264 0.0259033 0.0256194 0.0241632 0.0217904 0.0188564 0.015731 0.0127255 0.0100492 0.00780157 0.00599221 0.00457382 0.00347518
 1.01472e-16 2.34032e-05 0.000137323 0.000652697 0.00251279 0.00783581 0.0197929 0.040501 0.0671429 0.090195 0.0982131 0.0867809 0.0624476 0.0371046 0.01924 0.010574 0.0086684 0.0105959 0.0145147 0.0194979 0.024959 0.0303198 0.0349529 0.0382663 0.0398292 0.0394721 0.0373234 0.0337656 0.0293336 0.0245863 0.0199957 0.0158818 0.0124003 0.00957198 0.00733205 0.00557924
 1.02237e-16 2.43568e-05 0.000142927 0.000679352 0.00261545 0.00815594 0.0206015 0.0421549 0.0698824 0.0938681 0.102194 0.0902554 0.0648536 0.0383453 0.0195383 0.0101913 0.00773785 0.00911526 0.0124164 0.016723 0.0215112 0.0262997 0.0305693 0.0338226 0.0356844 0.0359833 0.034784 0.0323558 0.0290939 0.0254209 0.0217013 0.0181923 0.0150346 0.0122747 0.00990063 0.00787564
 1.01276e-16 3.31989e-05 0.000194852 0.000926238 0.00356607 0.0111205 0.0280894 0.0574747 0.0952707 0.127946 0.139231 0.122813 0.0879149 0.051311 0.024908 0.0109819 0.0059099 0.00542455 0.0069064 0.0091948 0.0117977 0.0144005 0.0167075 0.0184442 0.0194068 0.0195062 0.0187853 0.0174004 0.0155763 0.0135507 0.0115259 0.00964107 0.00796815 0.00652469 0.00529544 0.00425232
 1.00377e-16 3.69713e-05 0.000217003 0.00103156 0.00397159 0.0123851 0.0312836 0.06401 0.106102 0.142486 0.155037 0.136717 0.097785 0.0569035 0.0273078 0.0115009 0.00541542 0.00427251 0.00514498 0.00675613 0.00860518 0.0104186 0.0119631 0.0130306 0.0134738 0.0132396 0.0123812 0.0110423 0.00941977 0.00771689 0.00610348 0.00469214 0.00353391 0.0026292 0.00194644 0.00144062
 1.00167e-16 3.77409e-05 0.000221522 0.00105304 0.00405432 0.012643 0.0319353 0.0653432 0.108311 0.145452 0.158262 0.139553 0.099799 0.0580453 0.0277989 0.0116095 0.00531895 0.00404417 0.00479521 0.00627162 0.00797059 0.00962657 0.0110185 0.0119513 0.0122886 0.0119842 0.0110935 0.00975761 0.00816799 0.00652155 0.00498221 0.0036579 0.00259621 0.00179472 0.00121897 0.000820733
 1.00256e-16 3.30209e-05 0.000193802 0.000921235 0.00354679 0.0110603 0.0279376 0.0571644 0.0947579 0.127262 0.138498 0.122194 0.087533 0.0512103 0.025086 0.0114431 0.00669509 0.00660484 0.0085561 0.0113586 0.0144598 0.0174621 0.0199791 0.0216586 0.0222535 0.0216806 0.0200417 0.017595 0.0146897 0.0116853 0.00888084 0.00647306 0.00454846 0.00310206 0.00207017 0.00136382
 1.00723e-16 2.86352e-05 0.000168047 0.000798781 0.00307529 0.00958994 0.0242236 0.0495659 0.0821654 0.110359 0.120128 0.106046 0.0760952 0.0447803 0.0224243 0.0110537 0.00760612 0.00844189 0.0112981 0.0151045 0.0192925 0.0233811 0.0268729 0.0293045 0.0303435 0.0298659 0.0279846 0.0250143 0.0213894 0.0175617 0.0139114 0.010694 0.00803055 0.00593022 0.00433086 0.00313893
 1.01079e-16 2.94808e-05 0.000173015 0.000822406 0.00316626 0.00987365 0.0249402 0.0510318 0.084594 0.113617 0.123664 0.109142 0.0782608 0.0459429 0.0228 0.0108996 0.00707121 0.00755721 0.0100321 0.0134194 0.0171825 0.0208951 0.0241222 0.026457 0.0276017 0.0274355 0.0260398 0.0236691 0.0206826 0.0174573 0.0143134 0.01147 0.00903675 0.00703354 0.0054231 0.00414337
 1.01434e-16 2.5524e-05 0.000149778 0.000711918 0.00274083 0.00854693 0.0215891 0.0441758 0.0732325 0.098368 0.107093 0.0945816 0.0679611 0.04018 0.0204668 0.0106617 0.00807021 0.00947479 0.0128652 0.0172642 0.0221054 0.026868 0.0309964 0.0339676 0.0354001 0.0351421 0.0333035 0.0302179 0.026353 0.022198 0.0181662 0.0145381 0.0114509 0.00892433 0.00690423 0.00530508
 1.01543e-16 2.92747e-05 0.000171807 0.000816665 0.00314416 0.00980474 0.0247661 0.0506755 0.084003 0.112822 0.122796 0.108368 0.0776904 0.0455766 0.0225603 0.0106902 0.00681416 0.00720023 0.0095439 0.012788 0.016419 0.0200386 0.0232412 0.0256441 0.0269617 0.0270689 0.0260244 0.0240463 0.0214496 0.0185685 0.0156893 0.0130115 0.0106402 0.00860454 0.00688578 0.00544536
 1.01396e-16 2.74991e-05 0.000161377 0.000767071 0.00295319 0.00920919 0.0232619 0.0475981 0.0789039 0.10598 0.115365 0.101849 0.0731016 0.043055 0.0216283 0.010775 0.00756237 0.008503 0.0114289 0.0153128 0.0196035 0.0238279 0.0274916 0.0301315 0.0314101 0.0311939 0.0295809 0.0268673 0.0234673 0.0198132 0.0162692 0.0130815 0.0103686 0.00814552 0.00636237 0.00494262
 1.01824e-16 2.50291e-05 0.000146873 0.000698112 0.00268767 0.00838117 0.0211704 0.043319 0.0718122 0.0964601 0.105016 0.0927466 0.0666419 0.0393987 0.020067 0.0104521 0.00791322 0.00929845 0.0126414 0.0169904 0.0217984 0.0265629 0.0307457 0.0338361 0.0354566 0.0354471 0.0338977 0.0311131 0.0275281 0.0236012 0.0197232 0.0161629 0.0130582 0.01044 0.00827201 0.00649017
 1.01836e-16 2.81855e-05 0.00016541 0.000786254 0.00302707 0.00943958 0.0238438 0.0487884 0.0808756 0.108624 0.118232 0.104354 0.0748425 0.0439658 0.0218746 0.0105523 0.00697531 0.00755953 0.0100887 0.0135379 0.0173945 0.0212461 0.024667 0.0272538 0.0287048 0.0288857 0.0278556 0.0258399 0.0231656 0.0201803 0.0171811 0.0143749 0.0118712 0.00970078 0.00784628 0.00627088
 1.01827e-16 2.51113e-05 0.000147355 0.000700403 0.00269649 0.00840867 0.0212399 0.0434612 0.072048 0.0967773 0.105362 0.0930545 0.0668677 0.0395414 0.0201562 0.0105245 0.00799764 0.00941271 0.0127945 0.0171837 0.0220244 0.0268045 0.0309762 0.0340221 0.0355633 0.0354451 0.0337691 0.0308565 0.0271594 0.0231515 0.0192327 0.0156742 0.0126093 0.0100588 0.00797423 0.00627897
 1.0377e-16 1.10493e-05 6.47787e-05 0.000307778 0.00118471 0.00369419 0.00933178 0.0190981 0.0316725 0.0425814 0.0464587 0.0412694 0.0301739 0.0188854 0.0115517 0.00915879 0.0107339 0.0150285 0.0212018 0.0286871 0.0368905 0.0450523 0.0522893 0.0577475 0.0607867 0.0611233 0.0588848 0.0545532 0.0488272 0.0424485 0.036052 0.0300797 0.0247653 0.020174 0.0162671 0.0129633
pSPR Fmed_Fpbrs
0.394763   0.357262 0.357262
Fs Fmed_Fpbrs
0.849004   1.005 1.005
SSBpbr Bo_Bmed_Bpbrs
754756  260212  231908 231908
Ro
25848.3
SPR SPRFo_SPRFmed_SPRFpbrs
530867 209567 189658
log_Ro
9.98
likeval ReclasPelacesDesembMPH_pf_preclas_ppelaces_ptallas_desvR_qrecl_qpela
 69.1182 13.3431 0.063365 0.000171356 324.668 187.831 79.8324 0 20.7997 1.48634e-05 0.000225943 0 0 0 0
q_reclas_q_pelaces
1.72687 8.48684
M
0.7
N
 27984.2 14006.2 5659.17 714.66 0.169834
 42015.4 13001.1 4062.07 1641.27 207.316
 10456.6 19224 3333.28 1041.45 473.95
 15399.7 4405 2529.32 438.562 199.382
 40839.4 7194.92 1337 767.696 193.628
 23820 20036.1 3239.97 602.068 432.896
 63878.2 10623.3 4177.77 675.573 215.803
 61908.7 29212.3 2712.35 1066.67 227.586
 77866.9 27207.4 5409.29 502.251 239.659
 115908 33625 4372.1 869.248 119.221
 66783.8 52497.1 7941.46 1032.59 233.454
 48264.9 28695.8 8103.77 1225.89 195.434
 52612 20921.2 4754.55 1342.69 235.496
 28585.1 20950.2 1747.09 397.042 131.791
 13234.5 9620.07 449.745 37.5054 11.3527
 10480.3 4396.99 186.137 8.70203 0.945344
 8069.6 4330.81 495.23 20.9645 1.08658
 9413.75 3429.26 611.461 69.9209 3.11336
 8955.14 4154.87 657.338 117.208 13.9996
 12434.2 4060.46 990.106 156.644 31.2668
 18264.3 5534.44 833.159 203.158 38.5571
 22286.4 8614.33 1813 272.931 79.1824
 35336.2 10406.9 2603.4 547.92 106.415
 37834.8 16258.4 2791.09 698.218 175.489
 10053.3 17397.2 4338.44 744.78 233.142
pred_Ctot
 1301.8 4320.52 1745.7 220.454 0.0523891
 2386.58 4695.68 1467.12 592.788 74.8773
 1151.51 10932.8 1895.66 592.281 269.538
 657.4 1266.79 727.384 126.122 57.3386
 353.893 484.883 90.1037 51.7369 13.0491
 1756.41 8777.61 1419.4 263.76 189.648
 3650.47 3854.79 1515.94 245.138 78.3062
 5156.54 13923.1 1292.76 508.393 108.472
 7361.87 14092.1 2801.75 260.141 124.132
 7368.84 13225.9 1719.71 341.907 46.8941
 6524.91 27761.5 4199.61 546.055 123.455
 4446.69 14618.6 4128.34 624.511 99.5609
 7592.23 13768.2 3128.96 883.625 154.98
 6774.89 16764.5 1398.04 317.718 105.461
 3223.34 7760.03 362.787 30.2537 9.15764
 1278.61 2650.99 112.224 5.24655 0.569959
 844.601 2389.42 273.231 11.5666 0.599493
 758.022 1597.31 284.812 32.5684 1.45017
 562.736 1620.14 256.321 45.7038 5.45896
 933.031 1800.94 439.142 69.4763 13.8678
 661.572 1387.22 208.833 50.9221 9.66442
 959.468 2494.62 525.025 79.0377 22.9304
 1875 3565 891.82 187.695 36.4534
 2023.5 5604.04 962.045 240.665 60.4883
 623.564 6717.94 1675.3 287.598 90.0281
F
 0.0666062 0.537803 0.537803 0.537803 0.537803
 0.0818736 0.661078 0.661078 0.661078 0.661078
 0.164497 1.32821 1.32821 1.32821 1.32821
 0.0609722 0.492312 0.492312 0.492312 0.492312
 0.012114 0.0978129 0.0978129 0.0978129 0.0978129
 0.107471 0.867757 0.867757 0.867757 0.867757
 0.082389 0.665239 0.665239 0.665239 0.665239
 0.122173 0.98647 0.98647 0.98647 0.98647
 0.139732 1.12824 1.12824 1.12824 1.12824
 0.0920409 0.743173 0.743173 0.743173 0.743173
 0.144708 1.16843 1.16843 1.16843 1.16843
 0.135943 1.09765 1.09765 1.09765 1.09765
 0.220799 1.78281 1.78281 1.78281 1.78281
 0.389036 3.14122 3.14122 3.14122 3.14122
 0.401904 3.24513 3.24513 3.24513 3.24513
 0.183748 1.48365 1.48365 1.48365 1.48365
 0.155759 1.25766 1.25766 1.25766 1.25766
 0.117892 0.951902 0.951902 0.951902 0.951902
 0.0909326 0.734224 0.734224 0.734224 0.734224
 0.109461 0.883826 0.883826 0.883826 0.883826
 0.051522 0.416007 0.416007 0.416007 0.416007
 0.0615043 0.496609 0.496609 0.496609 0.496609
 0.076296 0.616043 0.616043 0.616043 0.616043
 0.076922 0.621097 0.621097 0.621097 0.621097
 0.0897075 0.724332 0.724332 0.724332 0.724332
nmprior
 10.6 11 7 0
nm_flota  nm_reclas  nm_pelaces    nm_pelaL
inf 28.6485 11.6186 24.2494
cv_recla  cv_pelaces  cv_mph
0.752006 0.414191 0.424705
 ------------------------------------------------
Talla a la edad & desviación 
 7.2 14.2025 17.0495 18.207 18.6776
 1.08 2.13037 2.55742 2.73105 2.80164
