years
 1997 1998 1999 2000 2001 2002 2003 2004 2005 2006 2007 2008 2009 2010 2011 2012 2013 2014 2015 2016 2017 2018 2019 2020 2021
reclasobs
 0 0 0 370054 412103 1.49427e+06 250295 1.28982e+06 931140 785840 897777 1.04006e+06 184774 17550 25797 100020 73551 82996 120727 218422 84188 347160 605670 569463 516374
reclaspred
 1.85979e+06 235935 312133 105397 237009 246120 539147 446271 597891 1.01704e+06 904713 574840 358775 156793 95572.3 90269 101557 120999 105342 171726 293706 260609 441702 513925 401863
pelacesobs
 0 0 0 0 0 0 0 0 0 2.06254e+06 1.5e+06 0 1.87456e+06 323000 250000 174000 83755 137374 0 501740 490994 745055 786931 1.00524e+06 1.33801e+06
pelacespred
 1.2691e+06 463759 142245 110310 218421 156613 517593 417778 564419 968854 728768 473936 316737 108595 67494.2 67998.5 79549.7 96495.3 83341.6 139940 266244 225688 304085 412289 309579
mphobs
 0 0 0 0 0 112323 0 153150 637223 0 255016 313432 73983 77613 109348 50772 0 0 0 0 0 0 0 0 0
mphpred
 1.97788e+06 843385 371957 176335 130058 332600 373590 495172 525787 740343 1.25794e+06 879654 486570 275202 118036 92625.8 103844 125363 133796 128996 255323 331550 383392 547364 605908
desembarqueobs
 350755 77701 442110 56441 14545 235359 269955 359681 431902 328805 639364 411747 362871 311530 167758 66681 60226 58785 57116 73181 50977 67692 138656 160484 209506
desembarquepred
 350744 77680.3 441590 56420.5 14543.8 235231 269864 359186 431499 328576 638711 411408 362330 311103 167436 66636 60208.3 58746.8 57073.5 73117.1 50965.2 67655.8 138587 160412 209412
Reclutas
 8654.84 13029.3 1871.59 10197.4 55527.6 18412.7 56611 71774.5 97952.2 211029 54696.4 24911.7 53322.8 22871.6 14816.3 15181.6 10327.8 10205.7 8347.72 27769.7 31382.3 32296.6 63327 52809.9 1779.99
log_desv_Rt
 -0.974126 -0.565045 -2.50545 -0.810109 0.884635 -0.219205 0.903958 1.14128 1.45223 2.21975 0.869554 0.0830945 0.844118 -0.00235008 -0.43652 -0.412159 -0.797409 -0.809302 -1.01026 0.191699 0.314001 0.342718 1.01607 0.834454 -2.55563
SSB
 1.97788e+06 843385 371957 176335 130058 332600 373590 495172 525787 740343 1.25794e+06 879654 486570 275202 118036 92625.8 103844 125363 133796 128996 255323 331550 383392 547364 605908
BT
 2.49305e+06 998923 502286 263799 403449 463095 1.12254e+06 1.13375e+06 1.40155e+06 2.03911e+06 1.85758e+06 1.21764e+06 925912 490851 259513 176435 191163 220153 198764 310464 516855 468067 640865 867986 728005
Ftot
 0.125713 0.229477 0.876156 0.449891 0.106658 0.694723 0.622663 1.01424 0.942087 0.480259 0.53585 0.510056 0.966989 1.58853 1.73003 0.741278 0.570729 0.449482 0.442531 0.554402 0.177221 0.220483 0.29011 0.273035 0.336838
BD_Bspro_t
 0.980354 0.855224 0.640916 0.310723 0.401439 0.684514 0.5277 0.543546 0.512522 0.54838 0.640302 0.476848 0.340958 0.258144 0.148102 0.145723 0.212235 0.317733 0.387213 0.437412 0.629056 0.738797 0.732826 0.740061 0.70615
BD_Bspro
 4.20077 1.79125 0.789991 0.374514 0.276227 0.706403 0.79346 1.05169 1.11671 1.5724 2.67172 1.86828 1.03342 0.584497 0.250694 0.196726 0.220553 0.266256 0.284166 0.273973 0.542276 0.704172 0.814278 1.16253 1.28688
BD_Bo
 2.03189 0.866416 0.382114 0.18115 0.133609 0.341683 0.383792 0.508694 0.540145 0.76056 1.29229 0.903675 0.499857 0.282717 0.121259 0.0951551 0.10668 0.128786 0.13745 0.132519 0.262295 0.340604 0.393861 0.562311 0.622454
BD_Brms
 6.74785 2.87735 1.26899 0.601595 0.443713 1.13472 1.27456 1.68936 1.79381 2.5258 4.29168 3.00109 1.66001 0.938899 0.4027 0.316008 0.354282 0.427696 0.456467 0.440092 0.871077 1.13114 1.30801 1.86742 2.06716
S_f
 0.143031 1 1 1 1
 0.143031 1 1 1 1
 0.143031 1 1 1 1
 0.143031 1 1 1 1
 0.143031 1 1 1 1
 0.143031 1 1 1 1
 0.143031 1 1 1 1
 0.143031 1 1 1 1
 0.143031 1 1 1 1
 0.143031 1 1 1 1
 0.143031 1 1 1 1
 0.143031 1 1 1 1
 0.143031 1 1 1 1
 0.143031 1 1 1 1
 0.143031 1 1 1 1
 0.143031 1 1 1 1
 0.143031 1 1 1 1
 0.143031 1 1 1 1
 0.143031 1 1 1 1
 0.143031 1 1 1 1
 0.143031 1 1 1 1
 0.143031 1 1 1 1
 0.143031 1 1 1 1
 0.143031 1 1 1 1
 0.143031 1 1 1 1
Scru_reclas
 0.853832 1 1 1 1
 0.853832 1 1 1 1
 0.853832 1 1 1 1
 0.853832 1 1 1 1
 0.853832 1 1 1 1
 0.853832 1 1 1 1
 0.853832 1 1 1 1
 0.853832 1 1 1 1
 0.853832 1 1 1 1
 0.853832 1 1 1 1
 0.853832 1 1 1 1
 0.853832 1 1 1 1
 0.853832 1 1 1 1
 0.853832 1 1 1 1
 0.853832 1 1 1 1
 0.853832 1 1 1 1
 0.853832 1 1 1 1
 0.853832 1 1 1 1
 0.853832 1 1 1 1
 0.853832 1 1 1 1
 0.853832 1 1 1 1
 0.853832 1 1 1 1
 0.853832 1 1 1 1
 0.853832 1 1 1 1
 0.853832 1 1 1 1
Scru_pelaces
 1 1 1 1 1
 1 1 1 1 1
 1 1 1 1 1
 1 1 1 1 1
 1 1 1 1 1
 1 1 1 1 1
 1 1 1 1 1
 1 1 1 1 1
 1 1 1 1 1
 1 1 1 1 1
 1 1 1 1 1
 1 1 1 1 1
 1 1 1 1 1
 1 1 1 1 1
 1 1 1 1 1
 1 1 1 1 1
 1 1 1 1 1
 1 1 1 1 1
 1 1 1 1 1
 1 1 1 1 1
 1 1 1 1 1
 1 1 1 1 1
 1 1 1 1 1
 1 1 1 1 1
 1 1 1 1 1
pf_obs 
 0.256992 0.487395 0.22802 0.0275931 0
 0.321318 0.546541 0.124235 0.00734118 0.000564706
 0.182869 0.594174 0.210203 0.0122559 0.00049798
 0.330522 0.361315 0.267642 0.0388342 0.00168674
 0.649043 0.306663 0.0425973 0.00169635 0
 0.582887 0.30429 0.105238 0.00758474 0
 0.465427 0.430635 0.0974691 0.00646863 0
 0.296916 0.608066 0.0921331 0.00288517 0
 0.311714 0.524322 0.152257 0.0117073 0
 0.15457 0.633149 0.183074 0.0267441 0.00246327
 0.131901 0.49318 0.331252 0.0422183 0.00144891
 0.196976 0.569456 0.194076 0.0375587 0.00193317
 0.518974 0.381816 0.0799577 0.0180837 0.00116848
 0.0928022 0.601141 0.25162 0.0475244 0.00691264
 0.122501 0.610282 0.24278 0.0234846 0.000952079
 0.383417 0.481906 0.127806 0.00687128 0
 0.0376549 0.599619 0.316969 0.0457579 0
 0.0361596 0.667082 0.258105 0.0386534 0
 0.158088 0.579412 0.248529 0.0139706 0
 0.0477256 0.309471 0.559284 0.082774 0.000745712
 0.0406174 0.521527 0.379366 0.0568643 0.0016247
 0.151134 0.462217 0.34131 0.0453401 0
 0.294876 0.26143 0.354403 0.0886775 0.000613685
 0.281977 0.475581 0.204845 0.0348837 0.00271318
 0.0354234 0.537034 0.353287 0.0723622 0.0018943
pf_pred 
 0.0164778 0.635652 0.307255 0.040614 1.91855e-06
 0.0505086 0.1051 0.545731 0.26379 0.0348703
 0.0167057 0.288832 0.0768709 0.39915 0.218441
 0.247132 0.118091 0.186458 0.0496249 0.398693
 0.563475 0.323683 0.0176999 0.027947 0.0671953
 0.100746 0.813621 0.0634974 0.00347222 0.0186642
 0.391113 0.32067 0.26077 0.0203513 0.00709486
 0.326382 0.579281 0.0496826 0.0404021 0.00425234
 0.348172 0.554889 0.0833634 0.00714974 0.00642615
 0.420146 0.497767 0.0698796 0.0104983 0.00170967
 0.0773462 0.798497 0.10658 0.0149624 0.00261394
 0.0686954 0.403895 0.456439 0.0609237 0.010047
 0.26926 0.291826 0.190352 0.215115 0.0334478
 0.160062 0.67967 0.0640042 0.0417485 0.0545155
 0.234093 0.580515 0.150017 0.0141271 0.0212475
 0.292875 0.597758 0.0828944 0.0214217 0.00505129
 0.177517 0.664817 0.13328 0.0184827 0.00590258
 0.19517 0.537252 0.216285 0.0433599 0.00793325
 0.166864 0.565988 0.178331 0.0717917 0.0170258
 0.441578 0.354885 0.138272 0.0435666 0.0216983
 0.248678 0.660735 0.0575697 0.0224306 0.0105873
 0.19108 0.579233 0.201993 0.0175996 0.0100939
 0.295771 0.456141 0.177645 0.0619494 0.00849334
 0.176073 0.636008 0.121718 0.0474035 0.0187972
 0.0071491 0.626138 0.283074 0.0541743 0.0294646
pobs_RECLAS
 0 0 0 0 0
 0 0 0 0 0
 0 0 0 0 0
 0 0 0 0 0
 0.835266 0.146461 0.0176864 0.000547809 3.91292e-05
 0.385257 0.428462 0.181853 0.0044286 0
 0.867414 0.0963971 0.0333333 0.00285562 0
 0.441836 0.489002 0.0689373 0.000224442 0
 0.779404 0.147425 0.0564933 0.0165055 0.000172143
 0.814271 0.122319 0.05973 0.00367925 0
 0.40263 0.566651 0.0304383 0.000280538 0
 0.475488 0.404961 0.113038 0.00651328 0
 0.955842 0.0263864 0.0167828 0.000988607 0
 0.975058 0.0227948 0.00214734 0 0
 0.738997 0.206755 0.0527124 0.00153531 0
 0.850938 0.134255 0.0134407 0.00136685 0
 0.542534 0.407297 0.0501686 0 0
 0.764087 0.199537 0.0359546 0.000420521 0
 0.470689 0.182191 0.310203 0.0369168 0
 0.84361 0.089868 0.0606195 0.00523954 0.000663233
 0.607945 0.314616 0.071237 0.00620181 0
 0.523733 0.453247 0.0230204 0 0
 0.530135 0.295979 0.169645 0.0042399 0
 0.562478 0.366248 0.0663022 0.0049721 0
 0.250443 0.683176 0.0655157 0.000865301 0
ppred_RECLAS
 0.0914891 0.587172 0.283821 0.0375165 1.77222e-06
 0.24349 0.0837391 0.434813 0.210175 0.0277831
 0.098389 0.264838 0.0704852 0.365993 0.200295
 0.668849 0.0519429 0.0820143 0.0218276 0.175366
 0.885714 0.0847429 0.00463398 0.00731674 0.0175923
 0.413625 0.530536 0.0414046 0.00226412 0.0121703
 0.800607 0.10501 0.085395 0.00666449 0.00232337
 0.75989 0.206484 0.0177093 0.0144013 0.00151574
 0.775678 0.190961 0.0286889 0.00246053 0.00221152
 0.817184 0.156936 0.0220316 0.00330991 0.000539025
 0.341988 0.569467 0.0760103 0.0106708 0.00186419
 0.313304 0.297811 0.336554 0.044922 0.00740817
 0.705244 0.117713 0.0767813 0.08677 0.0134917
 0.575117 0.343811 0.0323765 0.0211185 0.0275767
 0.689795 0.235118 0.0607594 0.00572169 0.00860557
 0.7238 0.233481 0.0323782 0.0083672 0.00197301
 0.573094 0.34507 0.0691783 0.00959335 0.00306371
 0.598724 0.267866 0.107836 0.0216186 0.0039554
 0.551889 0.304422 0.0959171 0.0386139 0.0091575
 0.830822 0.107515 0.0418906 0.0131988 0.00657367
 0.666196 0.293557 0.0255775 0.00996564 0.00470382
 0.588199 0.294873 0.10283 0.00895954 0.00513856
 0.718467 0.182354 0.0710181 0.0247658 0.00339542
 0.564632 0.336071 0.0643168 0.0250483 0.00993257
 0.0420581 0.604123 0.273121 0.0522695 0.0284286
pobs_PELACES
 0 0 0 0 0
 0 0 0 0 0
 0 0 0 0 0
 0 0 0 0 0
 0 0 0 0 0
 0 0 0 0 0
 0 0 0 0 0
 0 0 0 0 0
 0 0 0 0 0
 0 0 0 0 0
 0.450072 0.473896 0.0757376 0.000293798 0
 0 0 0 0 0
 0.463077 0.371075 0.160297 0.00555027 0
 0.529543 0.364841 0.0842815 0.0213345 0
 0.631943 0.363953 0.00410389 0 0
 0.735681 0.248677 0.0153453 0.000297389 0
 0.695825 0.281241 0.0229344 0 0
 0.275771 0.60734 0.115278 0.00161068 0
 0 0 0 0 0
 0.896147 0.0623911 0.0374545 0.00400742 0
 0.803859 0.145111 0.0509908 3.86294e-05 0
 0.739449 0.233085 0.0266225 0.000797448 4.60066e-05
 0.878498 0.100942 0.0204185 0.000141795 0
 0.694673 0.275183 0.0284847 0.00165964 0
 0.469039 0.446079 0.0841089 0.000773354 0
ppred_PELACES
 0.108901 0.575918 0.278381 0.0367975 1.73826e-06
 0.286851 0.0789393 0.40989 0.198128 0.0261906
 0.140704 0.252409 0.0671771 0.348816 0.190895
 0.728739 0.0425488 0.0671817 0.01788 0.143651
 0.903425 0.0716102 0.00391585 0.00618286 0.014866
 0.501372 0.451144 0.0352087 0.00192531 0.0103491
 0.848669 0.0796984 0.0648111 0.00505806 0.00176334
 0.831588 0.144827 0.0124212 0.010101 0.00106313
 0.840921 0.135421 0.0203449 0.0017449 0.00156831
 0.857077 0.12269 0.017224 0.00258764 0.000421402
 0.414623 0.506606 0.0676199 0.0094929 0.00165841
 0.381673 0.268161 0.303046 0.0404495 0.00667059
 0.786488 0.0852676 0.0556181 0.0628536 0.00977298
 0.713004 0.232234 0.0218694 0.0142649 0.0186272
 0.809449 0.144427 0.037323 0.00351469 0.00528618
 0.791013 0.176664 0.0244989 0.00633104 0.00149288
 0.648832 0.283851 0.0569053 0.00789138 0.00252017
 0.664917 0.223679 0.0900479 0.0180525 0.00330293
 0.620454 0.257843 0.0812409 0.0327056 0.00775633
 0.870599 0.082236 0.0320412 0.0100955 0.00502806
 0.710779 0.254349 0.0221614 0.00863464 0.00407558
 0.640353 0.257528 0.0898065 0.00782482 0.00448776
 0.764396 0.152605 0.0594322 0.0207255 0.0028415
 0.621334 0.2923 0.0559401 0.021786 0.00863894
 0.053532 0.596887 0.269849 0.0516434 0.0280881
pobs_pel_tallas
 0 0 0 0 0 0 0 0 0 0 0 0 0 0 0 0 0 0 0 0 0 0 0 0 0 0 0 0 0 0 0 0 0 0 0 0
 0 0 0 0 0 0 0 0 0 0 0 0 0 0 0 0 0 0 0 0 0 0 0 0 0 0 0 0 0 0 0 0 0 0 0 0
 0 0 0 0 0 0 0 0 0 0 0 0 0 0 0 0 0 0 0 0 0 0 0 0 0 0 0 0 0 0 0 0 0 0 0 0
 0 0 0 0 0 0 0 0 0 0 0 0 0 0 0 0 0 0 0 0 0 0 0 0 0 0 0 0 0 0 0 0 0 0 0 0
 0 0 0 0 0 0 0 0 0 0 0 0 0 0 0 0 0 0 0 0 0 0 0 0 0 0 0 0 0 0 0 0 0 0 0 0
 0 0 0 0 0 0 0 0 0 0 0 0 0 0 0 0 0 0 0 0 0 0 0 0 0 0 0 0 0 0 0 0 0 0 0 0
 0 0 0 0 0 0 0 0 0 0 0 0 0 0 0 0 0 0 0 0 0 0 0 0 0 0 0 0 0 0 0 0 0 0 0 0
 0 0 0 0 0 0 0 0 0 0 0 0 0 0 0 0 0 0 0 0 0 0 0 0 0 0 0 0 0 0 0 0 0 0 0 0
 0 0 0 0 0 0 0 0 0 0 0 0 0 0 0 0 0 0 0 0 0 0 0 0 0 0 0 0 0 0 0 0 0 0 0 0
 0 0 0 0 0 0 0 0 0 0 0 0 0 0 0 0 0 0 0 0 0 0 0 0 0 0 0 0 0 0 0 0 0 0 0 0
 0 0 0 0 0 0 0 0 1.78061e-05 0.00172719 0.00360574 0.0105946 0.0120993 0.0124554 0.0147524 0.0171206 0.0266825 0.0428682 0.0675386 0.121331 0.153587 0.119568 0.100827 0.0573624 0.0630603 0.0341343 0.0324427 0.0444173 0.0211091 0.0280891 0.0125444 0.00206551 0 0 0 0
 0 0 0 0 0 0 0 0 0 0 0 0 0 0 0 0 0 0 0 0 0 0 0 0 0 0 0 0 0 0 0 0 0 0 0 0
 0 0 0 0 0 0 0.0133647 0.0140871 0.0187388 0.0205184 0.03894 0.0496705 0.03968 0.0493445 0.0407372 0.0367815 0.0215668 0.0243155 0.0234873 0.0199281 0.019796 0.0243948 0.0301388 0.0376714 0.0412746 0.0863199 0.0771752 0.113111 0.0741005 0.0525337 0.0229764 0.00759418 0.00175318 0 0 0
 0 0 0 0 0 0 0 0 0 0 0.00219441 0.00772107 0.0458388 0.0604681 0.0671733 0.0775358 0.0609151 0.0617685 0.073594 0.0568108 0.0755445 0.0548602 0.0670107 0.0636378 0.0643287 0.046367 0.0373049 0.0286899 0.0247887 0.0153202 0.00654259 0.00121912 0.000365735 0 0 0
 0 0 0 0 0 0 0 0 0 0 0 0 0.000112435 0.00938835 0.0111873 0.0202946 0.0414886 0.0713402 0.111592 0.104902 0.108894 0.110636 0.117776 0.105296 0.107544 0.0401394 0.0192827 0.0124803 0.00416011 0.0028671 0.000618394 0 0 0 0 0
 0 0 0 0 0 0 0 0 0 0 0.00291406 0.0102884 0.027416 0.0768956 0.0749926 0.110853 0.0956884 0.0897413 0.0766577 0.0534642 0.0500743 0.0551293 0.0594112 0.0620874 0.0668451 0.0424026 0.0208742 0.0120726 0.0048766 0.00582813 0.00118941 0.000297354 0 0 0 0
 0 0.00264628 0.0354308 0.0461629 0.0458689 0.0383711 0.0214643 0.0164657 0.0346957 0.0420465 0.0363128 0.0245516 0.0311673 0.0291091 0.0169068 0.0133784 0.00837989 0.0085269 0.0148486 0.0160247 0.0276389 0.0546898 0.0760071 0.122758 0.109233 0.0665981 0.0333725 0.0166128 0.00676272 0.00308733 0.000882094 0 0 0 0 0
 0 0 0 0 0 0 0 0.000805153 0.000690131 0.00759144 0.0133425 0.0154129 0.00931677 0.000345066 0.00356568 0.00563607 0.00851162 0.0253048 0.0502646 0.0516448 0.0657925 0.0565908 0.0611916 0.0827007 0.0866115 0.110766 0.145733 0.0935128 0.0569358 0.0249597 0.0138026 0.00621118 0.00161031 0.00115022 0 0
 0 0 0 0 0 0 0 0 0 0 0 0 0 0 0 0 0 0 0 0 0 0 0 0 0 0 0 0 0 0 0 0 0 0 0 0
 0.00147267 0.00158595 0.00478618 0.00569244 0.00954404 0.0108468 0.00647125 0.017049 0.0510054 0.094081 0.124002 0.0959785 0.0687766 0.0820023 0.061753 0.0591476 0.0492212 0.0479892 0.0443925 0.0268479 0.0217502 0.0140895 0.0121071 0.0120363 0.00920419 0.00665534 0.0049561 0.00860946 0.00930331 0.0156896 0.0114698 0.00855282 0.00243557 0.00046729 0 2.83206e-05
 0 0 0 0 0.000772559 0.00158375 0.000888443 0.00281984 0.00712685 0.0440552 0.0773331 0.111326 0.0921469 0.0852325 0.0710754 0.0886704 0.0786465 0.0553345 0.0373146 0.0185414 0.00753245 0.00457741 0.012979 0.0271748 0.0457355 0.0583668 0.034881 0.0177882 0.00938659 0.00492506 0.0015258 0.00185414 0.000309023 5.79419e-05 3.86279e-05 0
 0 0.00173294 0.00326652 0 0.00397197 0.00683976 0.00946217 0.0152591 0.00757587 0.0136028 0.0228656 0.0392903 0.0559909 0.0764795 0.0681675 0.0726916 0.0566044 0.0477403 0.0527397 0.0444891 0.0609904 0.0582453 0.0661739 0.0445044 0.0529084 0.0360697 0.0280645 0.0235558 0.0158879 0.00826598 0.00280645 0.00217768 0.000904811 0.00058276 9.20147e-05 0
 0 0 0 0 0 0 0 0 0 0 0 0 0 0 0 0 0 0 0 0 0 0 0 0 0 0 0 0 0 0 0 0 0 0 0 0
 0 0 0 0 0 0 0 0 0 0 0 0 0 0 0 0 0 0 0 0 0 0 0 0 0 0 0 0 0 0 0 0 0 0 0 0
 0 0 0 0 0 0 0 0 0 0 0 0 0 0 0 0 0 0 0 0 0 0 0 0 0 0 0 0 0 0 0 0 0 0 0 0
ppred_pel_tallas
 1.05404e-16 4.78525e-06 2.80004e-05 0.000132924 0.000511467 0.00159469 0.00402868 0.00824778 0.013689 0.0184365 0.0202013 0.0181491 0.0137126 0.00945927 0.00731837 0.00788418 0.0109105 0.0159949 0.0228205 0.0310466 0.0401495 0.0493725 0.0578023 0.0645326 0.0688532 0.0703984 0.0692092 0.0656848 0.0604534 0.0542081 0.047565 0.040981 0.0347395 0.0289838 0.023772 0.0191236
 1.13876e-16 1.25247e-05 7.3483e-05 0.000349254 0.00134456 0.0041928 0.0105907 0.0216704 0.0359233 0.0482506 0.052524 0.0463725 0.0332893 0.0196232 0.00990324 0.00504573 0.00376515 0.00455566 0.00655175 0.00944731 0.0131809 0.0177267 0.023007 0.0288646 0.03506 0.0412803 0.047157 0.0522929 0.0562991 0.0588388 0.0596747 0.0587077 0.0560011 0.0517762 0.0463857 0.0402619
 1.21942e-16 6.15753e-06 3.609e-05 0.000171456 0.000659951 0.00205783 0.00519813 0.010638 0.0176414 0.0237152 0.0258683 0.0229641 0.0167586 0.0104293 0.00628307 0.00487135 0.00566807 0.00801701 0.0115238 0.0159884 0.021238 0.0270368 0.0330828 0.0390547 0.0446716 0.0497347 0.0541363 0.057831 0.0607858 0.062933 0.0641493 0.064271 0.0631412 0.0606668 0.0568686 0.0519023
 1.08295e-16 3.17906e-05 0.000186597 0.000887022 0.00341513 0.0106498 0.0269004 0.0550408 0.0912328 0.122513 0.133291 0.117507 0.0839744 0.0487239 0.0231188 0.00929296 0.00373738 0.00234889 0.0026459 0.00360484 0.00491005 0.00647211 0.00824384 0.0101742 0.0122032 0.0142644 0.016285 0.0181841 0.0198711 0.0212468 0.022211 0.0226755 0.02258 0.0219054 0.020682 0.0189887
 1.00987e-16 3.94091e-05 0.000231321 0.00109964 0.00423374 0.0132026 0.0333486 0.0682345 0.113102 0.15188 0.165242 0.145674 0.104102 0.0603979 0.0286448 0.0114791 0.00453415 0.00269505 0.00284257 0.00364901 0.00465096 0.00565992 0.00654772 0.00720655 0.00756056 0.00758176 0.00729561 0.00677193 0.00610519 0.00539045 0.00470343 0.00408964 0.00356406 0.00311871 0.00273374 0.00238782
 1.01197e-16 2.18932e-05 0.000128452 0.00061051 0.00235034 0.0073292 0.0185134 0.0378834 0.062806 0.0843768 0.0918981 0.0812496 0.058573 0.0350141 0.0185434 0.0108059 0.00955477 0.0120721 0.0166279 0.0223086 0.0284744 0.0344564 0.039523 0.0429902 0.044372 0.0434975 0.0405519 0.0360216 0.0305695 0.0248784 0.0195172 0.0148605 0.0110744 0.00815368 0.00598438 0.00440747
 1.01203e-16 3.7022e-05 0.000217305 0.001033 0.00397718 0.0124025 0.0313276 0.0640996 0.106249 0.142679 0.155236 0.136864 0.0978297 0.0568078 0.0270356 0.0110009 0.00461471 0.00308584 0.00349591 0.00460476 0.00597644 0.00742351 0.00880472 0.00998852 0.0108665 0.011372 0.0114893 0.0112497 0.0107163 0.00996569 0.00907125 0.00809386 0.0070804 0.00606685 0.00508303 0.00415552
 1.00621e-16 3.62796e-05 0.000212941 0.00101225 0.00389723 0.0121532 0.030698 0.0628117 0.104116 0.13982 0.152139 0.134168 0.0959772 0.0558818 0.0268741 0.0114161 0.00552193 0.00450625 0.00549762 0.00723931 0.0092303 0.0111875 0.0128644 0.01404 0.0145575 0.0143597 0.013502 0.0121351 0.0104655 0.00870551 0.00703165 0.0055596 0.00434046 0.00337285 0.00262318 0.00204544
 1.00467e-16 3.66863e-05 0.000215329 0.0010236 0.00394096 0.0122895 0.0310423 0.0635162 0.105283 0.141387 0.153842 0.135664 0.097034 0.0564709 0.0271086 0.011432 0.00540645 0.0042915 0.0051841 0.00681873 0.00869923 0.0105541 0.0121505 0.0132797 0.0137916 0.013629 0.0128395 0.0115604 0.00998231 0.00830376 0.00669181 0.00525899 0.0040589 0.00309664 0.00234661 0.00177007
 1.00394e-16 3.73902e-05 0.000219463 0.00104326 0.00401664 0.0125256 0.0316385 0.0647359 0.107305 0.1441 0.15679 0.138255 0.0988679 0.057499 0.0275287 0.0114827 0.00524183 0.0039696 0.00470662 0.00616905 0.00786488 0.00953795 0.0109755 0.0119883 0.0124406 0.0122812 0.0115541 0.0103845 0.00894621 0.00741968 0.0059568 0.00465967 0.00357664 0.00271183 0.00204134 0.00152925
 1.01529e-16 1.81128e-05 0.000106253 0.000504961 0.00194393 0.0060618 0.0153121 0.0313338 0.0519516 0.069807 0.0760623 0.0673264 0.0487051 0.0294546 0.0162189 0.0104202 0.010262 0.0135414 0.0188345 0.0253355 0.0323976 0.0392894 0.045192 0.0493327 0.0511543 0.0504471 0.0473961 0.0425227 0.0365475 0.0302197 0.0241688 0.0188173 0.0143643 0.0108248 0.00809681 0.00602841
 1.06091e-16 1.6667e-05 9.77847e-05 0.000464749 0.00178918 0.00557927 0.014093 0.0288378 0.0478083 0.0642246 0.0699404 0.0618147 0.0445164 0.0265224 0.013893 0.00787861 0.00678057 0.00856543 0.0119856 0.0164538 0.021625 0.0271461 0.0325964 0.0375297 0.0415496 0.0443756 0.0458787 0.0460743 0.0450849 0.0430899 0.040283 0.0368499 0.0329661 0.0288036 0.0245382 0.0203468
 1.03434e-16 3.43107e-05 0.000201387 0.000957328 0.00368581 0.0114939 0.0290325 0.0594037 0.0984654 0.132228 0.143869 0.126851 0.090691 0.0527006 0.0251532 0.0103628 0.00454976 0.00328404 0.00387014 0.00516512 0.00676736 0.00850113 0.0102296 0.011822 0.0131675 0.014192 0.0148664 0.0152002 0.0152265 0.0149844 0.0145064 0.0138142 0.0129237 0.0118537 0.0106347 0.00931166
 1.01747e-16 3.11124e-05 0.000182597 0.000867967 0.00334169 0.0104207 0.026322 0.0538589 0.0892791 0.119905 0.130496 0.115144 0.0825042 0.0483119 0.0237483 0.0109734 0.0066181 0.00670001 0.00876119 0.0116824 0.0149389 0.0181452 0.0209212 0.0229166 0.0238806 0.0237196 0.0225178 0.0205094 0.0180146 0.0153619 0.0128214 0.010567 0.00867132 0.00712693 0.00587937 0.00485906
 1.00945e-16 3.53143e-05 0.000207274 0.000985303 0.0037935 0.0118297 0.0298808 0.0611397 0.101345 0.136099 0.148092 0.130603 0.0934345 0.0544176 0.0262011 0.0111854 0.00549541 0.00457612 0.00563769 0.00746091 0.00956003 0.0116582 0.0135104 0.0148925 0.0156389 0.0156785 0.0150481 0.0138779 0.0123543 0.0106744 0.00900575 0.00746399 0.00610849 0.00495305 0.00398333 0.00317351
 1.00693e-16 3.45117e-05 0.000202559 0.000962881 0.00370716 0.0115604 0.0292007 0.0597485 0.0990395 0.133006 0.144735 0.127661 0.0913719 0.0533003 0.0258201 0.0112908 0.00593903 0.00532092 0.00670691 0.00888664 0.0113489 0.0137719 0.0158585 0.0173378 0.0180149 0.0178155 0.016802 0.0151534 0.0131174 0.0109516 0.00887186 0.00702292 0.00547262 0.00422598 0.0032487 0.00249024
 1.0129e-16 2.83164e-05 0.000166177 0.000789894 0.00304107 0.00948325 0.0239541 0.0490143 0.0812507 0.10913 0.118787 0.104855 0.0752251 0.0442377 0.0220966 0.0108016 0.00732113 0.0080561 0.0107743 0.0144302 0.0184819 0.0224796 0.0259583 0.0284811 0.0297287 0.0295715 0.0280966 0.0255771 0.0223976 0.0189616 0.0156108 0.0125782 0.00997977 0.00783497 0.00610296 0.00471716
 1.02126e-16 2.90154e-05 0.000170286 0.000809442 0.00311636 0.00971803 0.0245471 0.0502271 0.0832593 0.111822 0.121702 0.107393 0.0769697 0.0451101 0.022249 0.0104105 0.00646526 0.00671367 0.00887798 0.0119267 0.0153776 0.0188703 0.0220391 0.024534 0.0260858 0.0265628 0.0259931 0.0245441 0.0224709 0.0200495 0.0175208 0.015058 0.0127615 0.0106735 0.00880168 0.00714003
 1.02724e-16 2.70779e-05 0.000158909 0.000755344 0.00290806 0.00906845 0.0229063 0.0468703 0.0776963 0.104355 0.113588 0.100261 0.0719191 0.0422738 0.0210804 0.0102497 0.00688354 0.00754517 0.0101109 0.0135993 0.0175175 0.0214654 0.0250265 0.027803 0.0294938 0.0299581 0.0292407 0.0275466 0.0251779 0.0224561 0.0196553 0.016965 0.0144859 0.0122491 0.0102464 0.00845691
 1.01064e-16 3.79782e-05 0.000222919 0.00105969 0.00407994 0.012723 0.0321371 0.0657558 0.108994 0.146365 0.159245 0.140397 0.100351 0.0582633 0.027711 0.0112436 0.00466232 0.00304671 0.00339643 0.00443214 0.00570013 0.00700379 0.00819801 0.00915352 0.00977187 0.0100043 0.00985992 0.00939761 0.00870723 0.00788546 0.00701549 0.00615581 0.00533909 0.00457819 0.0038753 0.00322961
 1.00885e-16 3.10163e-05 0.000182031 0.00086527 0.0033313 0.0103883 0.0262402 0.0536916 0.0890024 0.119536 0.130099 0.114806 0.0822885 0.0482392 0.0238119 0.0111689 0.00695978 0.00721868 0.00949229 0.0126511 0.0161464 0.0195579 0.0224659 0.0244838 0.0253364 0.0249246 0.0233486 0.0208769 0.0178769 0.0147273 0.0117431 0.00913191 0.00698607 0.00530372 0.0040242 0.00306314
 1.01838e-16 2.79457e-05 0.000164003 0.000779563 0.0030013 0.00935924 0.0236408 0.0483731 0.0801873 0.1077 0.117226 0.103467 0.0742069 0.0435944 0.0216937 0.0104724 0.00693397 0.00752669 0.0100557 0.0135078 0.0173777 0.0212585 0.024729 0.0273873 0.0289293 0.0292138 0.0282889 0.0263671 0.0237627 0.0208131 0.0178109 0.014964 0.0123884 0.0101255 0.00816998 0.00649636
 1.01739e-16 3.33502e-05 0.000195742 0.000930476 0.00358239 0.0111714 0.028218 0.0577376 0.0957058 0.128528 0.139859 0.123353 0.0882732 0.0514623 0.024874 0.0107856 0.00554931 0.00487451 0.00613431 0.00817893 0.0105431 0.01295 0.0151457 0.0168921 0.018006 0.0183971 0.018083 0.0171746 0.0158412 0.0142654 0.012605 0.0109725 0.00943156 0.00800841 0.00670817 0.00552898
 1.02042e-16 2.71177e-05 0.000159139 0.000756432 0.00291223 0.00908147 0.0229392 0.0469379 0.0778093 0.104509 0.113763 0.100432 0.0720792 0.042442 0.0213006 0.0105801 0.00738807 0.00828616 0.0111399 0.0149429 0.0191615 0.0233415 0.0270083 0.0297154 0.031135 0.0311325 0.0297932 0.0273905 0.024309 0.0209507 0.0176528 0.0146419 0.0120267 0.00982132 0.00798341 0.0064497
 1.07112e-16 2.37164e-06 1.38288e-05 6.55464e-05 0.00025204 0.000785676 0.00198521 0.00406683 0.00675965 0.00913382 0.0100866 0.00924727 0.00738414 0.00585448 0.00573467 0.00746982 0.0110942 0.016529 0.0236527 0.0322004 0.0416599 0.0512594 0.0600613 0.0671354 0.0717546 0.0735472 0.0725589 0.0692006 0.064113 0.0579956 0.0514611 0.0449535 0.0387367 0.0329343 0.0275902 0.0227201
pSPR Fmed_Fpbrs
0.530479   0.351116 0.351116
Fs Fmed_Fpbrs
0.475541   1.005 1.005
SSBpbr Bo_Bmed_Bpbrs
973418  467707  293112 293112
Ro
22925.4
SPR SPRFo_SPRFmed_SPRFpbrs
470837 249769 165318
log_Ro
9.86
likeval ReclasPelacesDesembMPH_pf_preclas_ppelaces_ptallas_desvR_qrecl_qpela
 92.0367 85.7703 0.0902269 0.000586077 356.159 195.095 83.0081 0 42.8453 8.30709e-06 0 0 0 0 0
q_reclas_q_pelaces
0.6647 1
M
0.7
N
 8654.84 50051.9 24193.6 3197.99 0.151069
 13029.3 4221.28 21918.9 10594.9 1400.54
 1871.59 6261.24 1666.39 8652.7 4735.33
 10197.4 819.937 1294.63 344.557 2768.22
 55527.6 4748.3 259.651 409.971 985.728
 18412.7 27156.7 2119.39 115.894 622.967
 56611 8278.59 6732.19 525.401 183.165
 71774.5 25716.8 2205.62 1793.62 188.779
 97952.2 30829.2 4631.6 397.234 357.032
 211029 42509.7 5967.78 896.565 146.007
 54696.4 97837.2 13058.9 1833.3 320.277
 24911.7 25157.5 28430.3 3794.77 625.802
 53322.8 11500.4 7501.47 8477.36 1318.13
 22871.6 23058.9 2171.45 1416.39 1849.53
 14816.3 9049.28 2338.52 220.218 331.213
 15181.6 5744.7 796.65 205.871 48.545
 10327.8 6780.56 1359.34 188.508 60.2013
 10205.7 4726.59 1902.81 381.468 69.7944
 8347.72 4752.42 1497.39 602.812 142.96
 27769.7 3891.1 1516.07 477.682 237.909
 31382.3 12738.7 1109.92 432.454 204.12
 32296.6 15194 5298.52 461.658 264.775
 63327 15540.2 6052.15 2110.54 289.358
 52809.9 30169.1 5773.72 2248.59 891.647
 1779.99 25220.2 11401.9 2182.09 1186.8
pred_Ctot
 111.032 4283.18 2070.36 273.668 0.0129277
 303.133 630.77 3275.26 1583.16 209.278
 159.685 2760.85 734.784 3815.35 2088.01
 458.746 219.21 346.119 92.1175 740.085
 605.108 347.599 19.0077 30.0119 72.1602
 1259.74 10173.6 793.981 43.4171 233.38
 3486.98 2858.94 2324.91 181.443 63.2544
 7028.82 12475.1 1069.94 870.083 91.5766
 8949.69 14263.3 2142.84 183.783 165.183
 10115.1 11983.8 1682.36 252.748 41.1606
 2915.05 30094 4016.84 563.909 98.515
 1265.8 7442.26 8410.45 1122.59 185.129
 4993.1 5411.57 3529.84 3989.05 620.25
 3387.1 14382.6 1354.41 883.447 1153.61
 2369.24 5875.36 1518.31 142.979 215.044
 1105.08 2255.48 312.78 80.8288 19.0597
 584.973 2190.77 439.197 60.906 19.4508
 458.711 1262.71 508.338 101.91 18.6457
 369.56 1253.52 394.957 159 37.7078
 1529.46 1229.18 478.921 150.898 75.1546
 565.719 1503.11 130.966 51.0276 24.0852
 722.358 2189.74 763.616 66.5337 38.159
 1855.55 2861.64 1114.47 388.645 53.2837
 1457.87 5266.1 1007.82 392.498 155.64
 60.3791 5288.17 2390.75 457.539 248.849
F
 0.0179808 0.125713 0.125713 0.125713 0.125713
 0.0328222 0.229477 0.229477 0.229477 0.229477
 0.125317 0.876156 0.876156 0.876156 0.876156
 0.0643482 0.449891 0.449891 0.449891 0.449891
 0.0152553 0.106658 0.106658 0.106658 0.106658
 0.0993667 0.694723 0.694723 0.694723 0.694723
 0.08906 0.622663 0.622663 0.622663 0.622663
 0.145067 1.01424 1.01424 1.01424 1.01424
 0.134747 0.942087 0.942087 0.942087 0.942087
 0.0686918 0.480259 0.480259 0.480259 0.480259
 0.076643 0.53585 0.53585 0.53585 0.53585
 0.0729537 0.510056 0.510056 0.510056 0.510056
 0.138309 0.966989 0.966989 0.966989 0.966989
 0.227209 1.58853 1.58853 1.58853 1.58853
 0.247447 1.73003 1.73003 1.73003 1.73003
 0.106025 0.741278 0.741278 0.741278 0.741278
 0.0816317 0.570729 0.570729 0.570729 0.570729
 0.0642897 0.449482 0.449482 0.449482 0.449482
 0.0632955 0.442531 0.442531 0.442531 0.442531
 0.0792965 0.554402 0.554402 0.554402 0.554402
 0.025348 0.177221 0.177221 0.177221 0.177221
 0.0315359 0.220483 0.220483 0.220483 0.220483
 0.0414946 0.29011 0.29011 0.29011 0.29011
 0.0390524 0.273035 0.273035 0.273035 0.273035
 0.0481781 0.336838 0.336838 0.336838 0.336838
nmprior
 10.6 11 7 0
nm_flota  nm_reclas  nm_pelaces    nm_pelaL
inf 27.1966 19.8909 48.7811
cv_recla  cv_pelaces  cv_mph
0.867772 1.05012 0.785444
 ------------------------------------------------
Talla a la edad & desviación 
 7.2 14.2025 17.0495 18.207 18.6776
 1.08 2.13037 2.55742 2.73105 2.80164
