years
 1997 1998 1999 2000 2001 2002 2003 2004 2005 2006 2007 2008 2009 2010 2011 2012 2013 2014 2015 2016 2017 2018 2019 2020 2021
reclasobs
 0 0 0 370054 412103 1.49427e+06 250295 1.28982e+06 931140 785840 897777 1.04006e+06 184774 17550 25797 100020 73551 82996 120727 218422 84188 347160 605670 569463 516374
reclaspred
 4.64324e+06 717960 871900 181910 233312 329596 657683 598984 643153 900231 992089 665117 355790 142371 78504.8 79881.2 90457.5 109684 119998 133526 211856 225428 380478 454945 400983
pelacesobs
 0 0 0 0 0 0 0 0 0 2.06254e+06 1.5e+06 0 1.87456e+06 323000 250000 174000 83755 137374 0 501740 490994 745055 786931 1.00524e+06 1.33801e+06
pelacespred
 5.92052e+06 2.13705e+06 526246 281671 685943 433641 2.17516e+06 1.58744e+06 1.70406e+06 2.57106e+06 1.84585e+06 1.29566e+06 902580 298808 177209 160333 178211 226140 216442 252121 512402 419809 569460 826482 486478
mphobs
 0 0 0 0 0 112323 0 153150 637223 0 255016 313432 73983 77613 109348 50772 0 0 0 0 0 0 0 0 0
mphpred
 1.04559e+06 444666 186537 67925 44836.5 137571 150019 268953 242120 282219 419233 258462 157929 92050.2 42250.5 31668.9 32006.3 35928.8 42047.6 42816.4 60147 79524.3 96821 138368 152557
desembarqueobs
 350755 77701 442110 56441 14545 235359 269955 359681 431902 328805 639364 411747 362871 311530 167758 66681 60226 58785 57116 73181 50977 67692 138656 160484 209506
desembarquepred
 350744 77679 441517 56411.1 14542.8 235156 269852 359055 431338 328476 637998 410938 362035 310855 167149 66578.4 60166.9 58680.2 57016.4 73080.1 50953.6 67610.8 138524 160340 209292
Reclutas
 8499.02 12448.1 1545.92 4857.75 42100.6 13195.5 64192.3 57949.6 68807.4 130831 54034.8 47328.4 55595.6 28938.8 13007.2 10801.2 7084.15 8142.65 8283.25 10791.6 16098.8 19988.5 33731.3 33782.4 1562.62
log_desv_Rt
 -0.752294 -0.370677 -2.45662 -1.31167 0.847817 -0.312373 1.26964 1.16733 1.33907 1.98166 1.09738 0.964865 1.12586 0.47294 -0.32674 -0.51259 -0.934385 -0.795129 -0.77801 -0.51348 -0.113501 0.102912 0.626182 0.627696 -2.44588
SSB
 1.62569e+06 691372 290029 105611 69712.3 213896 233252 418171 376450 438798 651829 401860 245549 143121 65691.5 49239.2 49763.7 55862.5 65376.1 66571.4 93517.3 123645 150538 215136 237197
BT
 2.09531e+06 828769 412310 159477 274028 323223 1.05677e+06 959666 1.0325e+06 1.27118e+06 1.19731e+06 834873 685108 392089 200289 112882 112011 129838 122742 148665 227699 204743 292305 416259 320369
Ftot
 0.189317 0.293829 1.26621 0.862886 0.266027 1.63379 1.49406 1.74493 1.98005 1.23491 1.59007 1.60634 2.8249 4.78421 4.95303 2.25307 1.8028 1.51908 1.26853 1.52296 0.719299 0.819663 0.99819 0.96699 1.19407
BD_Bspro_t
 0.975965 0.828302 0.575445 0.211726 0.264744 0.574057 0.413546 0.497573 0.419887 0.414954 0.474828 0.295209 0.206147 0.145833 0.0816747 0.0753337 0.104023 0.15815 0.222068 0.271513 0.37417 0.50552 0.51259 0.524544 0.4763
BD_Bspro
 4.38933 1.86669 0.783072 0.285146 0.188222 0.577516 0.629775 1.12905 1.01641 1.18474 1.75992 1.08501 0.662978 0.386423 0.177366 0.132945 0.134361 0.150828 0.176514 0.179741 0.252495 0.33384 0.406451 0.580862 0.640428
BD_Bo
 1.84444 0.784402 0.329055 0.119821 0.0790928 0.242678 0.264638 0.474439 0.427105 0.497842 0.739538 0.455934 0.27859 0.162379 0.0745309 0.0558647 0.0564599 0.0633793 0.0741731 0.0755292 0.106101 0.140283 0.170795 0.244084 0.269114
BD_Brms
 5.03733 2.14227 0.898678 0.327243 0.216009 0.662775 0.722749 1.29573 1.16646 1.35965 2.01974 1.24519 0.760853 0.443471 0.20355 0.152571 0.154197 0.173094 0.202573 0.206277 0.289771 0.383124 0.466455 0.666614 0.734974
S_f
 0.0857538 0.702817 0.983506 0.999335 0.999974
 0.0857538 0.702817 0.983506 0.999335 0.999974
 0.0857538 0.702817 0.983506 0.999335 0.999974
 0.0857538 0.702817 0.983506 0.999335 0.999974
 0.0857538 0.702817 0.983506 0.999335 0.999974
 0.0857538 0.702817 0.983506 0.999335 0.999974
 0.0857538 0.702817 0.983506 0.999335 0.999974
 0.0857538 0.702817 0.983506 0.999335 0.999974
 0.0857538 0.702817 0.983506 0.999335 0.999974
 0.0857538 0.702817 0.983506 0.999335 0.999974
 0.0857538 0.702817 0.983506 0.999335 0.999974
 0.0857538 0.702817 0.983506 0.999335 0.999974
 0.0857538 0.702817 0.983506 0.999335 0.999974
 0.0857538 0.702817 0.983506 0.999335 0.999974
 0.0857538 0.702817 0.983506 0.999335 0.999974
 0.0857538 0.702817 0.983506 0.999335 0.999974
 0.0857538 0.702817 0.983506 0.999335 0.999974
 0.0857538 0.702817 0.983506 0.999335 0.999974
 0.0857538 0.702817 0.983506 0.999335 0.999974
 0.0857538 0.702817 0.983506 0.999335 0.999974
 0.0857538 0.702817 0.983506 0.999335 0.999974
 0.0857538 0.702817 0.983506 0.999335 0.999974
 0.0857538 0.702817 0.983506 0.999335 0.999974
 0.0857538 0.702817 0.983506 0.999335 0.999974
 0.0857538 0.702817 0.983506 0.999335 0.999974
Scru_reclas
 0.197682 0.553569 0.861886 0.969141 0.993713
 0.197682 0.553569 0.861886 0.969141 0.993713
 0.197682 0.553569 0.861886 0.969141 0.993713
 0.197682 0.553569 0.861886 0.969141 0.993713
 0.197682 0.553569 0.861886 0.969141 0.993713
 0.197682 0.553569 0.861886 0.969141 0.993713
 0.197682 0.553569 0.861886 0.969141 0.993713
 0.197682 0.553569 0.861886 0.969141 0.993713
 0.197682 0.553569 0.861886 0.969141 0.993713
 0.197682 0.553569 0.861886 0.969141 0.993713
 0.197682 0.553569 0.861886 0.969141 0.993713
 0.197682 0.553569 0.861886 0.969141 0.993713
 0.197682 0.553569 0.861886 0.969141 0.993713
 0.197682 0.553569 0.861886 0.969141 0.993713
 0.197682 0.553569 0.861886 0.969141 0.993713
 0.197682 0.553569 0.861886 0.969141 0.993713
 0.197682 0.553569 0.861886 0.969141 0.993713
 0.197682 0.553569 0.861886 0.969141 0.993713
 0.197682 0.553569 0.861886 0.969141 0.993713
 0.197682 0.553569 0.861886 0.969141 0.993713
 0.197682 0.553569 0.861886 0.969141 0.993713
 0.197682 0.553569 0.861886 0.969141 0.993713
 0.197682 0.553569 0.861886 0.969141 0.993713
 0.197682 0.553569 0.861886 0.969141 0.993713
 0.197682 0.553569 0.861886 0.969141 0.993713
Scru_pelaces
 0.765304 0.999998 1 1 1
 0.765304 0.999998 1 1 1
 0.765304 0.999998 1 1 1
 0.765304 0.999998 1 1 1
 0.765304 0.999998 1 1 1
 0.765304 0.999998 1 1 1
 0.765304 0.999998 1 1 1
 0.765304 0.999998 1 1 1
 0.765304 0.999998 1 1 1
 0.765304 0.999998 1 1 1
 0.765304 0.999998 1 1 1
 0.765304 0.999998 1 1 1
 0.765304 0.999998 1 1 1
 0.765304 0.999998 1 1 1
 0.765304 0.999998 1 1 1
 0.765304 0.999998 1 1 1
 0.765304 0.999998 1 1 1
 0.765304 0.999998 1 1 1
 0.765304 0.999998 1 1 1
 0.765304 0.999998 1 1 1
 0.765304 0.999998 1 1 1
 0.765304 0.999998 1 1 1
 0.765304 0.999998 1 1 1
 0.765304 0.999998 1 1 1
 0.765304 0.999998 1 1 1
pf_obs 
 0.256992 0.487395 0.22802 0.0275931 0
 0.321318 0.546541 0.124235 0.00734118 0.000564706
 0.182869 0.594174 0.210203 0.0122559 0.00049798
 0.330522 0.361315 0.267642 0.0388342 0.00168674
 0.649043 0.306663 0.0425973 0.00169635 0
 0.582887 0.30429 0.105238 0.00758474 0
 0.465427 0.430635 0.0974691 0.00646863 0
 0.296916 0.608066 0.0921331 0.00288517 0
 0.311714 0.524322 0.152257 0.0117073 0
 0.15457 0.633149 0.183074 0.0267441 0.00246327
 0.131901 0.49318 0.331252 0.0422183 0.00144891
 0.196976 0.569456 0.194076 0.0375587 0.00193317
 0.518974 0.381816 0.0799577 0.0180837 0.00116848
 0.0928022 0.601141 0.25162 0.0475244 0.00691264
 0.122501 0.610282 0.24278 0.0234846 0.000952079
 0.383417 0.481906 0.127806 0.00687128 0
 0.0376549 0.599619 0.316969 0.0457579 0
 0.0361596 0.667082 0.258105 0.0386534 0
 0.158088 0.579412 0.248529 0.0139706 0
 0.0477256 0.309471 0.559284 0.082774 0.000745712
 0.0406174 0.521527 0.379366 0.0568643 0.0016247
 0.151134 0.462217 0.34131 0.0453401 0
 0.294876 0.26143 0.354403 0.0886775 0.000613685
 0.281977 0.475581 0.204845 0.0348837 0.00271318
 0.0354234 0.537034 0.353287 0.0723622 0.0018943
pf_pred 
 0.0145741 0.646815 0.299699 0.038909 3.03818e-06
 0.0367525 0.0928984 0.636533 0.207351 0.0264648
 0.0119663 0.279189 0.0956641 0.450658 0.162522
 0.141402 0.13173 0.299757 0.0591005 0.368012
 0.622024 0.25263 0.0285113 0.0405166 0.0563176
 0.0983196 0.840833 0.0454973 0.00354178 0.0118082
 0.53666 0.270965 0.185303 0.00533294 0.00173873
 0.265754 0.693819 0.029125 0.0108995 0.000402933
 0.310543 0.575016 0.111116 0.00241885 0.000906685
 0.396967 0.52719 0.0690612 0.00659174 0.000189936
 0.127627 0.769378 0.0951163 0.00719277 0.000686525
 0.19301 0.530346 0.258147 0.0171249 0.00137287
 0.328556 0.531403 0.109625 0.0284449 0.00197194
 0.274366 0.674453 0.0463071 0.0038563 0.00101848
 0.289315 0.681833 0.028328 0.000477767 4.64892e-05
 0.335254 0.639049 0.0254432 0.000249204 4.25419e-06
 0.211956 0.705164 0.0813638 0.00150183 1.43566e-05
 0.274322 0.574661 0.142436 0.00842948 0.000151631
 0.244752 0.627276 0.111955 0.0151329 0.00088319
 0.290369 0.561344 0.132804 0.0135939 0.00188944
 0.29586 0.588029 0.10151 0.0131195 0.00148166
 0.239748 0.598584 0.143591 0.0158481 0.00222863
 0.300467 0.524468 0.149767 0.0225282 0.00276954
 0.218639 0.637944 0.119353 0.0206633 0.00340179
 0.0121506 0.730254 0.226676 0.0258397 0.00507931
pobs_RECLAS
 0 0 0 0 0
 0 0 0 0 0
 0 0 0 0 0
 0 0 0 0 0
 0.835266 0.146461 0.0176864 0.000547809 3.91292e-05
 0.385257 0.428462 0.181853 0.0044286 0
 0.867414 0.0963971 0.0333333 0.00285562 0
 0.441836 0.489002 0.0689373 0.000224442 0
 0.779404 0.147425 0.0564933 0.0165055 0.000172143
 0.814271 0.122319 0.05973 0.00367925 0
 0.40263 0.566651 0.0304383 0.000280538 0
 0.475488 0.404961 0.113038 0.00651328 0
 0.955842 0.0263864 0.0167828 0.000988607 0
 0.975058 0.0227948 0.00214734 0 0
 0.738997 0.206755 0.0527124 0.00153531 0
 0.850938 0.134255 0.0134407 0.00136685 0
 0.542534 0.407297 0.0501686 0 0
 0.764087 0.199537 0.0359546 0.000420521 0
 0.470689 0.182191 0.310203 0.0369168 0
 0.84361 0.089868 0.0606195 0.00523954 0.000663233
 0.607945 0.314616 0.071237 0.00620181 0
 0.523733 0.453247 0.0230204 0 0
 0.530135 0.295979 0.169645 0.0042399 0
 0.562478 0.366248 0.0663022 0.0049721 0
 0.250443 0.683176 0.0655157 0.000865301 0
ppred_RECLAS
 0.040174 0.604666 0.310549 0.0446071 3.56911e-06
 0.0913308 0.0779218 0.590238 0.212692 0.0278166
 0.0331791 0.245115 0.0889076 0.462067 0.170731
 0.307002 0.0933929 0.229952 0.0500868 0.319566
 0.819858 0.112539 0.0140512 0.0220896 0.0314622
 0.261678 0.685494 0.038319 0.0032859 0.0112236
 0.785399 0.12308 0.0878047 0.00278529 0.000930385
 0.543603 0.429991 0.0184962 0.00762094 0.000288629
 0.603366 0.330289 0.0642171 0.00153734 0.000590344
 0.672705 0.283618 0.039404 0.00414978 0.000122511
 0.32117 0.595552 0.0762989 0.00635694 0.000621624
 0.434269 0.366481 0.184647 0.0134947 0.00110836
 0.649497 0.280229 0.053884 0.0153036 0.00108664
 0.663766 0.318063 0.0163081 0.00146684 0.000396582
 0.685358 0.305184 0.00927236 0.000168699 1.68034e-05
 0.637723 0.348485 0.0136428 0.000146742 2.56612e-06
 0.471147 0.472133 0.0555793 0.00112919 1.10586e-05
 0.547272 0.355005 0.091636 0.00597681 0.000110149
 0.502802 0.407954 0.0770644 0.011492 0.000687179
 0.566633 0.339083 0.0835207 0.009422 0.0013417
 0.556162 0.364409 0.0685107 0.00978606 0.00113243
 0.485427 0.396932 0.103238 0.0125895 0.001814
 0.564923 0.318901 0.0978709 0.0162572 0.00204779
 0.458962 0.434081 0.0874224 0.0167153 0.00281957
 0.0364752 0.698268 0.230432 0.0289874 0.00583812
pobs_PELACES
 0 0 0 0 0
 0 0 0 0 0
 0 0 0 0 0
 0 0 0 0 0
 0 0 0 0 0
 0 0 0 0 0
 0 0 0 0 0
 0 0 0 0 0
 0 0 0 0 0
 0 0 0 0 0
 0.450072 0.473896 0.0757376 0.000293798 0
 0 0 0 0 0
 0.463077 0.371075 0.160297 0.00555027 0
 0.529543 0.364841 0.0842815 0.0213345 0
 0.631943 0.363953 0.00410389 0 0
 0.735681 0.248677 0.0153453 0.000297389 0
 0.695825 0.281241 0.0229344 0 0
 0.275771 0.60734 0.115278 0.00161068 0
 0 0 0 0 0
 0.896147 0.0623911 0.0374545 0.00400742 0
 0.803859 0.145111 0.0509908 3.86294e-05 0
 0.739449 0.233085 0.0266225 0.000797448 4.60066e-05
 0.878498 0.100942 0.0204185 0.000141795 0
 0.694673 0.275183 0.0284847 0.00165964 0
 0.469039 0.446079 0.0841089 0.000773354 0
ppred_PELACES
 0.0977762 0.660728 0.214163 0.0273307 2.13263e-06
 0.26379 0.0989182 0.468325 0.149854 0.0191126
 0.130506 0.347633 0.0720238 0.330699 0.119138
 0.651464 0.0775737 0.113253 0.0218393 0.13587
 0.924852 0.0561138 0.00439039 0.00612966 0.00851413
 0.522924 0.458301 0.0141436 0.00106944 0.00356135
 0.929141 0.0501202 0.0199969 0.000559743 0.000182293
 0.789212 0.204182 0.0047992 0.00174261 6.43424e-05
 0.841093 0.143553 0.0149224 0.000314434 0.000117709
 0.857389 0.131171 0.0104397 0.000971485 2.79641e-05
 0.597386 0.373922 0.0265545 0.0019513 0.00018603
 0.73067 0.207452 0.0578512 0.00372864 0.000298572
 0.887397 0.100506 0.00955483 0.00237799 0.000164577
 0.920501 0.0776942 0.00164265 0.000128155 3.37577e-05
 0.928733 0.0703837 0.00086811 1.36875e-05 1.32825e-06
 0.858751 0.138398 0.00282446 2.67016e-05 4.55178e-07
 0.743484 0.240829 0.0154084 0.000275795 2.63317e-06
 0.796163 0.17687 0.0254742 0.00146595 2.63401e-05
 0.752812 0.22013 0.0237473 0.00312853 0.0001824
 0.808996 0.165664 0.0227601 0.00226532 0.000314506
 0.770347 0.203435 0.0229816 0.00290845 0.000328189
 0.725135 0.234145 0.0362542 0.00391499 0.00055006
 0.793675 0.170606 0.0306592 0.00450557 0.000553383
 0.707337 0.256369 0.0303208 0.00512981 0.000843737
 0.105145 0.736505 0.13976 0.0155384 0.00305131
pobs_pel_tallas
 0 0 0 0 0 0 0 0 0 0 0 0 0 0 0 0 0 0 0 0 0 0 0 0 0 0 0 0 0 0 0 0 0 0 0 0
 0 0 0 0 0 0 0 0 0 0 0 0 0 0 0 0 0 0 0 0 0 0 0 0 0 0 0 0 0 0 0 0 0 0 0 0
 0 0 0 0 0 0 0 0 0 0 0 0 0 0 0 0 0 0 0 0 0 0 0 0 0 0 0 0 0 0 0 0 0 0 0 0
 0 0 0 0 0 0 0 0 0 0 0 0 0 0 0 0 0 0 0 0 0 0 0 0 0 0 0 0 0 0 0 0 0 0 0 0
 0 0 0 0 0 0 0 0 0 0 0 0 0 0 0 0 0 0 0 0 0 0 0 0 0 0 0 0 0 0 0 0 0 0 0 0
 0 0 0 0 0 0 0 0 0 0 0 0 0 0 0 0 0 0 0 0 0 0 0 0 0 0 0 0 0 0 0 0 0 0 0 0
 0 0 0 0 0 0 0 0 0 0 0 0 0 0 0 0 0 0 0 0 0 0 0 0 0 0 0 0 0 0 0 0 0 0 0 0
 0 0 0 0 0 0 0 0 0 0 0 0 0 0 0 0 0 0 0 0 0 0 0 0 0 0 0 0 0 0 0 0 0 0 0 0
 0 0 0 0 0 0 0 0 0 0 0 0 0 0 0 0 0 0 0 0 0 0 0 0 0 0 0 0 0 0 0 0 0 0 0 0
 0 0 0 0 0 0 0 0 0 0 0 0 0 0 0 0 0 0 0 0 0 0 0 0 0 0 0 0 0 0 0 0 0 0 0 0
 0 0 0 0 0 0 0 0 1.78061e-05 0.00172719 0.00360574 0.0105946 0.0120993 0.0124554 0.0147524 0.0171206 0.0266825 0.0428682 0.0675386 0.121331 0.153587 0.119568 0.100827 0.0573624 0.0630603 0.0341343 0.0324427 0.0444173 0.0211091 0.0280891 0.0125444 0.00206551 0 0 0 0
 0 0 0 0 0 0 0 0 0 0 0 0 0 0 0 0 0 0 0 0 0 0 0 0 0 0 0 0 0 0 0 0 0 0 0 0
 0 0 0 0 0 0 0.0133647 0.0140871 0.0187388 0.0205184 0.03894 0.0496705 0.03968 0.0493445 0.0407372 0.0367815 0.0215668 0.0243155 0.0234873 0.0199281 0.019796 0.0243948 0.0301388 0.0376714 0.0412746 0.0863199 0.0771752 0.113111 0.0741005 0.0525337 0.0229764 0.00759418 0.00175318 0 0 0
 0 0 0 0 0 0 0 0 0 0 0.00219441 0.00772107 0.0458388 0.0604681 0.0671733 0.0775358 0.0609151 0.0617685 0.073594 0.0568108 0.0755445 0.0548602 0.0670107 0.0636378 0.0643287 0.046367 0.0373049 0.0286899 0.0247887 0.0153202 0.00654259 0.00121912 0.000365735 0 0 0
 0 0 0 0 0 0 0 0 0 0 0 0 0.000112435 0.00938835 0.0111873 0.0202946 0.0414886 0.0713402 0.111592 0.104902 0.108894 0.110636 0.117776 0.105296 0.107544 0.0401394 0.0192827 0.0124803 0.00416011 0.0028671 0.000618394 0 0 0 0 0
 0 0 0 0 0 0 0 0 0 0 0.00291406 0.0102884 0.027416 0.0768956 0.0749926 0.110853 0.0956884 0.0897413 0.0766577 0.0534642 0.0500743 0.0551293 0.0594112 0.0620874 0.0668451 0.0424026 0.0208742 0.0120726 0.0048766 0.00582813 0.00118941 0.000297354 0 0 0 0
 0 0.00264628 0.0354308 0.0461629 0.0458689 0.0383711 0.0214643 0.0164657 0.0346957 0.0420465 0.0363128 0.0245516 0.0311673 0.0291091 0.0169068 0.0133784 0.00837989 0.0085269 0.0148486 0.0160247 0.0276389 0.0546898 0.0760071 0.122758 0.109233 0.0665981 0.0333725 0.0166128 0.00676272 0.00308733 0.000882094 0 0 0 0 0
 0 0 0 0 0 0 0 0.000805153 0.000690131 0.00759144 0.0133425 0.0154129 0.00931677 0.000345066 0.00356568 0.00563607 0.00851162 0.0253048 0.0502646 0.0516448 0.0657925 0.0565908 0.0611916 0.0827007 0.0866115 0.110766 0.145733 0.0935128 0.0569358 0.0249597 0.0138026 0.00621118 0.00161031 0.00115022 0 0
 0 0 0 0 0 0 0 0 0 0 0 0 0 0 0 0 0 0 0 0 0 0 0 0 0 0 0 0 0 0 0 0 0 0 0 0
 0.00147267 0.00158595 0.00478618 0.00569244 0.00954404 0.0108468 0.00647125 0.017049 0.0510054 0.094081 0.124002 0.0959785 0.0687766 0.0820023 0.061753 0.0591476 0.0492212 0.0479892 0.0443925 0.0268479 0.0217502 0.0140895 0.0121071 0.0120363 0.00920419 0.00665534 0.0049561 0.00860946 0.00930331 0.0156896 0.0114698 0.00855282 0.00243557 0.00046729 0 2.83206e-05
 0 0 0 0 0.000772559 0.00158375 0.000888443 0.00281984 0.00712685 0.0440552 0.0773331 0.111326 0.0921469 0.0852325 0.0710754 0.0886704 0.0786465 0.0553345 0.0373146 0.0185414 0.00753245 0.00457741 0.012979 0.0271748 0.0457355 0.0583668 0.034881 0.0177882 0.00938659 0.00492506 0.0015258 0.00185414 0.000309023 5.79419e-05 3.86279e-05 0
 0 0.00173294 0.00326652 0 0.00397197 0.00683976 0.00946217 0.0152591 0.00757587 0.0136028 0.0228656 0.0392903 0.0559909 0.0764795 0.0681675 0.0726916 0.0566044 0.0477403 0.0527397 0.0444891 0.0609904 0.0582453 0.0661739 0.0445044 0.0529084 0.0360697 0.0280645 0.0235558 0.0158879 0.00826598 0.00280645 0.00217768 0.000904811 0.00058276 9.20147e-05 0
 0 0 0 0 0 0 0 0 0 0 0 0 0 0 0 0 0 0 0 0 0 0 0 0 0 0 0 0 0 0 0 0 0 0 0 0
 0 0 0 0 0 0 0 0 0 0 0 0 0 0 0 0 0 0 0 0 0 0 0 0 0 0 0 0 0 0 0 0 0 0 0 0
 0 0 0 0 0 0 0 0 0 0 0 0 0 0 0 0 0 0 0 0 0 0 0 0 0 0 0 0 0 0 0 0 0 0 0 0
ppred_pel_tallas
 1.04195e-16 4.30344e-06 2.51643e-05 0.000119424 0.000459462 0.0014325 0.00361909 0.00741033 0.0123032 0.0165825 0.0182025 0.0164303 0.0125787 0.00899146 0.00745133 0.00855009 0.0121211 0.0178355 0.0253976 0.0344272 0.0443086 0.0541565 0.0629179 0.0695677 0.0733313 0.0738558 0.0712775 0.0661566 0.059315 0.0516325 0.0438696 0.0365645 0.0300135 0.0243158 0.0194471 0.0153285
 1.12723e-16 1.15201e-05 6.7583e-05 0.0003212 0.00123654 0.00385591 0.00973976 0.0199296 0.0330385 0.0443791 0.0483179 0.0426788 0.0306812 0.018174 0.00933673 0.0050309 0.00409535 0.00516541 0.00745957 0.0106997 0.0148169 0.0197573 0.0254028 0.0315506 0.0379183 0.0441601 0.0498904 0.0547137 0.0582608 0.0602308 0.0604328 0.0588201 0.0555075 0.0507621 0.044971 0.0385858
 1.18066e-16 5.71692e-06 3.34941e-05 0.000159094 0.000612319 0.00190926 0.00482298 0.00987117 0.016373 0.0220202 0.0240458 0.021409 0.0157597 0.0100766 0.00654041 0.00571071 0.00714477 0.0102624 0.0146914 0.0201891 0.0264798 0.0331778 0.0398102 0.045898 0.0510533 0.0550506 0.0578473 0.0595445 0.060309 0.0602886 0.0595549 0.0580924 0.0558326 0.052712 0.0487297 0.043982
 1.08733e-16 2.84226e-05 0.00016682 0.000792994 0.00305308 0.00952076 0.0240486 0.0492061 0.0815629 0.109532 0.119179 0.105093 0.0751604 0.0437273 0.0209702 0.0088202 0.00416556 0.00336067 0.00420038 0.00576721 0.00775627 0.0100442 0.0125294 0.0151004 0.0176424 0.020049 0.022228 0.0240991 0.0255882 0.0266226 0.0271327 0.027062 0.0263809 0.0251009 0.0232813 0.0210276
 1.0069e-16 4.03428e-05 0.000236804 0.00112571 0.00433413 0.0135156 0.0341393 0.0698522 0.115783 0.155478 0.169153 0.149112 0.106537 0.0617673 0.0292125 0.0115641 0.00434419 0.00231118 0.00227127 0.00287193 0.00365372 0.00444606 0.00514397 0.00566179 0.00593924 0.00595354 0.00572383 0.00530423 0.00476855 0.00419168 0.00363391 0.00313239 0.00270075 0.00233463 0.0020202 0.00174191
 1.00554e-16 2.28332e-05 0.00013397 0.000636743 0.00245134 0.00764416 0.0193089 0.0395113 0.0655043 0.0880005 0.0958412 0.084727 0.0610609 0.036463 0.0192401 0.0110998 0.00968988 0.012167 0.0167208 0.022397 0.0285331 0.0344432 0.0393816 0.0426552 0.0437784 0.0425911 0.0393005 0.0344236 0.0286569 0.0227151 0.0171909 0.0124715 0.00872341 0.0059302 0.00395866 0.00262606
 1.00329e-16 4.05296e-05 0.000237901 0.00113093 0.00435422 0.0135783 0.0342975 0.0701759 0.116319 0.156198 0.169935 0.149799 0.107021 0.0620355 0.0293159 0.0115649 0.00428201 0.00220122 0.00211547 0.00267003 0.00340991 0.00417181 0.00485799 0.0053874 0.0056996 0.00576578 0.00559382 0.00522364 0.00471539 0.00413427 0.00353754 0.00296672 0.00244609 0.0019857 0.00158653 0.00124529
 1.00198e-16 3.44342e-05 0.000202102 0.000960701 0.00369875 0.0115342 0.0291346 0.0596133 0.0988162 0.132709 0.144417 0.127395 0.091212 0.0532688 0.0259194 0.0115279 0.00633761 0.00591834 0.00754092 0.0099793 0.0126912 0.0153126 0.0175004 0.0189444 0.0194285 0.0188821 0.0173987 0.0152097 0.0126268 0.0099696 0.00750288 0.00539962 0.00373385 0.00249775 0.00163113 0.00105153
 1.00276e-16 3.66941e-05 0.000215375 0.00102381 0.00394177 0.0122921 0.0310488 0.0635295 0.105306 0.141417 0.153877 0.135698 0.0970678 0.0565084 0.0271598 0.0115103 0.00552656 0.00446824 0.00542991 0.00714027 0.00909357 0.0110055 0.0126296 0.013745 0.0141954 0.0139243 0.0129886 0.0115411 0.00979167 0.00795773 0.0062215 0.00470467 0.0034635 0.00249997 0.00178126 0.00125931
 1.00226e-16 3.74042e-05 0.000219545 0.00104364 0.00401812 0.0125302 0.0316501 0.0647598 0.107344 0.144154 0.156851 0.138312 0.0989182 0.0575467 0.0275857 0.0115648 0.00536573 0.00415104 0.00495831 0.00649739 0.00826615 0.00999514 0.0114574 0.0124516 0.0128358 0.0125605 0.0116797 0.0103358 0.00872268 0.00704077 0.00545737 0.00408341 0.00296899 0.00211382 0.00148536 0.00103714
 1.00575e-16 2.60767e-05 0.00015302 0.000727325 0.00280014 0.00873188 0.0220563 0.045132 0.0748182 0.1005 0.109419 0.096647 0.0694699 0.0411211 0.0210354 0.0110996 0.00856508 0.0101439 0.013772 0.0184286 0.0235006 0.0284123 0.0325521 0.0353517 0.0364085 0.035583 0.0330325 0.0291658 0.0245393 0.0197268 0.0152071 0.0112972 0.00813892 0.00572955 0.00397344 0.00273494
 1.01031e-16 3.18818e-05 0.000187116 0.000889457 0.00342444 0.0106788 0.0269738 0.0551923 0.0914886 0.12287 0.133717 0.11797 0.0844949 0.0494092 0.024161 0.0109528 0.00632208 0.00618267 0.00802 0.0107041 0.0137281 0.0167383 0.0193895 0.0213588 0.0224065 0.0224285 0.0214765 0.0197376 0.0174813 0.0149938 0.0125214 0.0102364 0.00823049 0.00652945 0.00511675 0.00395703
 1.00258e-16 3.87114e-05 0.000227222 0.00108015 0.00415868 0.0129685 0.0327573 0.067025 0.111098 0.149192 0.162324 0.143119 0.102312 0.0594337 0.0283264 0.0115931 0.00495662 0.00340034 0.00385868 0.00501215 0.00637452 0.00771585 0.0088582 0.0096466 0.00997171 0.00979417 0.00915362 0.0081567 0.00694945 0.00568288 0.00448316 0.00343407 0.00257369 0.00190253 0.00139725 0.00102446
 1.00055e-16 4.01539e-05 0.000235693 0.00112042 0.00431377 0.0134522 0.0339789 0.0695243 0.11524 0.154751 0.168366 0.148431 0.106076 0.0615509 0.0292059 0.0117279 0.00466754 0.00281203 0.00297949 0.00381067 0.004824 0.00581588 0.00664374 0.00718781 0.0073657 0.00715078 0.00657892 0.00573869 0.00474922 0.00373264 0.00279022 0.00198813 0.0013547 0.000886907 0.000561588 0.000346952
 1.00036e-16 4.05126e-05 0.000237799 0.00113044 0.00435233 0.0135724 0.0342827 0.0701458 0.11627 0.156134 0.169868 0.14975 0.107009 0.0620721 0.0294154 0.0117461 0.00457175 0.00263041 0.00271174 0.0034477 0.00435978 0.00525351 0.00599785 0.00648412 0.00663789 0.00643543 0.00590977 0.00514177 0.00423997 0.00331555 0.0024606 0.00173517 0.00116478 0.000746335 0.000458305 0.000271283
 1.00087e-16 3.74638e-05 0.000219894 0.0010453 0.00402451 0.0125501 0.0317005 0.0648629 0.107515 0.144384 0.157103 0.138538 0.0990868 0.0576595 0.0276671 0.0116455 0.00547143 0.00430031 0.005163 0.00676211 0.00858611 0.010354 0.0118268 0.0127932 0.0131069 0.0127205 0.0116981 0.0101976 0.00843166 0.00661797 0.0049372 0.0035074 0.00237914 0.00154702 0.000969649 0.00059021
 1.00307e-16 3.24418e-05 0.000190401 0.000905067 0.00348453 0.0108662 0.0274472 0.0561611 0.0930952 0.12503 0.136073 0.120062 0.0860228 0.0503614 0.0247348 0.0113921 0.00681609 0.00684852 0.00891986 0.0118557 0.0151014 0.0182482 0.020895 0.0226749 0.0233292 0.0227692 0.0210979 0.0185808 0.0155785 0.0124626 0.00954297 0.00702457 0.00499877 0.00346284 0.0023536 0.00158169
 1.00471e-16 3.47363e-05 0.000203878 0.000969149 0.00373129 0.0116357 0.0293908 0.0601374 0.0996842 0.133872 0.145677 0.128491 0.0919644 0.0536428 0.0259801 0.0113505 0.00595522 0.00532064 0.00669863 0.00887039 0.0113211 0.0137269 0.0157891 0.0172355 0.0178705 0.0176203 0.0165487 0.0148373 0.0127379 0.0105127 0.00838243 0.00649631 0.00492559 0.00367714 0.00271667 0.00199181
 1.00525e-16 3.28477e-05 0.000192786 0.00091641 0.00352821 0.0110024 0.0277912 0.0568649 0.0942612 0.126594 0.137769 0.121546 0.0870588 0.0509125 0.0249026 0.0112972 0.00652642 0.00637521 0.00824445 0.0109582 0.0139798 0.0169303 0.0194425 0.0211795 0.0219013 0.0215203 0.0201219 0.0179385 0.0152891 0.0125043 0.00986108 0.00754434 0.00563948 0.00414973 0.00302597 0.00219655
 1.0047e-16 3.52954e-05 0.000207161 0.000984762 0.00379141 0.0118232 0.0298644 0.0611062 0.10129 0.136027 0.148018 0.130548 0.0934191 0.0544557 0.0263072 0.0113797 0.00580692 0.00503879 0.00628257 0.00830556 0.0105975 0.0128485 0.0147777 0.0161304 0.0167238 0.0164892 0.0154868 0.0138872 0.0119262 0.00984917 0.0078626 0.00610533 0.00464317 0.00348164 0.00258783 0.00191218
 1.00508e-16 3.36117e-05 0.000197273 0.000937743 0.00361036 0.0112586 0.0284383 0.0581886 0.0964548 0.129538 0.140968 0.124356 0.0890444 0.0520193 0.0253426 0.0113256 0.00630598 0.00596415 0.00764046 0.010141 0.0129371 0.0156708 0.0180015 0.0196174 0.0202963 0.0199567 0.0186766 0.0166697 0.01423 0.011662 0.0092212 0.00707828 0.00531241 0.00392717 0.00287801 0.00209969
 1.00752e-16 3.16415e-05 0.000185703 0.000882733 0.00339855 0.010598 0.0267699 0.0547752 0.0907979 0.121945 0.132716 0.117101 0.0839041 0.0491268 0.0241398 0.011139 0.00669687 0.0067622 0.00883428 0.011774 0.0150467 0.0182591 0.0210227 0.0229777 0.0238647 0.0235838 0.0222167 0.0200003 0.0172639 0.0143508 0.0115505 0.00905847 0.00696885 0.00529188 0.00398456 0.00298089
 1.00672e-16 3.46276e-05 0.00020324 0.000966118 0.00371962 0.0115993 0.0292989 0.0599494 0.0993723 0.133453 0.145219 0.128085 0.0916678 0.053458 0.0258687 0.0112651 0.00585886 0.00519019 0.00652138 0.00864196 0.0110461 0.0134204 0.0154772 0.0169533 0.0176578 0.017515 0.0165805 0.0150221 0.0130748 0.0109844 0.0089586 0.00713861 0.00559354 0.00433329 0.0033304 0.00254139
 1.0073e-16 3.08663e-05 0.00018115 0.000861082 0.00331518 0.010338 0.0261132 0.0534317 0.0885717 0.118958 0.129471 0.114254 0.0818975 0.0480196 0.0237217 0.0111572 0.0069941 0.00728748 0.00959671 0.0127971 0.0163399 0.0198023 0.0227604 0.0248223 0.0257073 0.0253117 0.023732 0.0212355 0.0181898 0.0149765 0.0119155 0.00922055 0.00699089 0.00523159 0.00388787 0.0028795
 1.02901e-16 4.62762e-06 2.70611e-05 0.000128427 0.000494101 0.0015405 0.00389199 0.00796924 0.0132315 0.017835 0.0195807 0.0176821 0.0135532 0.0097174 0.00809489 0.00932317 0.0132198 0.0194201 0.0275835 0.0372652 0.0477557 0.0580504 0.0669705 0.0733875 0.0764761 0.0759056 0.0719114 0.0652133 0.0568218 0.0477953 0.0390307 0.031139 0.0244222 0.0189282 0.0145438 0.0110861
pSPR Fmed_Fpbrs
0.371211   0.416155 0.416155
Fs Fmed_Fpbrs
1.24369   1.005 1.005
SSBpbr Bo_Bmed_Bpbrs
881400  283115  322729 322729
Ro
18033.7
SPR SPRFo_SPRFmed_SPRFpbrs
370373 137487 154133
log_Ro
9.62
likeval ReclasPelacesDesembMPH_pf_preclas_ppelaces_ptallas_desvR_qrecl_qpela
 71.2863 19.7035 0.281831 0.000165505 365.15 194.882 88.6752 0 43.239 6.27693e-05 0.000154102 0 0 0 0
q_reclas_q_pelaces
3.07308 5.84805
M
0.7
N
 8499.02 48428.7 16405.1 2098.77 0.163785
 12448.1 4152.52 21052.9 6762.53 862.637
 1545.92 6027.73 1677.34 7830.72 2823
 4857.75 688.692 1229.32 239.761 1492.32
 42100.6 2240.23 186.484 261.272 362.959
 13195.5 20435 922.757 71.2863 237.596
 64192.3 5696.02 3218.75 91.8838 29.9477
 57949.6 28043.7 989.77 367.724 13.59
 68807.4 24777.6 4085.29 88.3511 33.1091
 130831 28832.8 3059.73 289.384 8.33536
 54034.8 58440.5 6011.06 451.034 43.0363
 47328.4 23412.6 9492.28 624.848 50.0775
 55595.6 20478.2 3759.59 971.061 67.3063
 28938.8 21668.5 1396.5 116.019 30.6386
 13007.2 9534.54 372.856 6.2741 0.610448
 10801.2 4223.92 145.708 1.41886 0.024216
 7084.15 4421.35 430.533 7.8908 0.0754101
 8142.65 3013.98 618.419 36.3053 0.652856
 8283.25 3549.65 514.597 68.9336 4.02169
 10791.6 3689.36 722.749 73.3895 10.1973
 16098.8 4702.83 628.192 80.2559 9.05953
 19988.5 7516.21 1408.65 153.763 21.6133
 33731.3 9252.25 2098.01 312.386 38.3882
 33782.4 15376.3 2278.06 390.34 64.235
 1562.62 15440.9 3869.83 437.046 85.8781
pred_Ctot
 98.5208 4372.46 2025.96 263.024 0.0205381
 223.075 563.862 3863.54 1258.55 160.633
 115.115 2685.79 920.283 4335.31 1563.45
 250.241 233.124 530.484 104.591 651.275
 683.793 277.717 31.3425 44.54 61.9101
 1250.68 10695.8 578.749 45.0532 150.207
 5592.68 2823.81 1931.09 55.576 18.1198
 5842.15 15252.4 640.263 239.608 8.8578
 7803.62 14449.5 2792.23 60.7831 22.784
 9512.4 12632.9 1654.89 157.956 4.55138
 4992.49 30096.4 3720.75 281.366 26.8554
 4414.93 12131.2 5904.88 391.717 31.4033
 8722.48 14107.7 2910.31 755.156 52.351
 7170.27 17626.1 1210.19 100.78 26.6168
 3316.88 7816.94 324.769 5.4774 0.53298
 1380.01 2630.53 104.732 1.0258 0.0175116
 736.293 2449.6 282.642 5.21706 0.049872
 720.63 1509.61 374.173 22.1438 0.398326
 617.877 1583.56 282.63 38.2029 2.22961
 957.365 1850.79 437.863 44.82 6.22959
 695.035 1381.4 238.468 30.8205 3.48072
 979.686 2446 586.759 64.7605 9.1069
 1999.96 3490.94 996.87 149.951 18.4345
 1942.64 5668.24 1060.47 183.597 30.2255
 110.024 6612.45 2052.55 233.979 45.9931
F
 0.0162347 0.133055 0.186195 0.189192 0.189312
 0.025197 0.206508 0.288982 0.293634 0.293821
 0.108582 0.889911 1.24532 1.26536 1.26617
 0.0739958 0.606451 0.848653 0.862312 0.862863
 0.0228129 0.186969 0.26164 0.265851 0.26602
 0.140104 1.14825 1.60684 1.6327 1.63375
 0.128121 1.05005 1.46942 1.49307 1.49402
 0.149635 1.22637 1.71615 1.74377 1.74489
 0.169797 1.39161 1.94739 1.97874 1.98
 0.105898 0.867914 1.21454 1.23409 1.23487
 0.136355 1.11753 1.56385 1.58902 1.59003
 0.13775 1.12896 1.57985 1.60527 1.6063
 0.242246 1.98539 2.77831 2.82303 2.82483
 0.410264 3.36242 4.7053 4.78103 4.78408
 0.424741 3.48107 4.87134 4.94974 4.9529
 0.193209 1.58349 2.2159 2.25157 2.25301
 0.154597 1.26704 1.77306 1.8016 1.80275
 0.130267 1.06763 1.49402 1.51807 1.51904
 0.108781 0.891541 1.2476 1.26768 1.26849
 0.1306 1.07036 1.49784 1.52195 1.52292
 0.0616826 0.505535 0.707435 0.718821 0.71928
 0.0702893 0.576073 0.806144 0.819119 0.819642
 0.0855986 0.701545 0.981726 0.997527 0.998164
 0.0829231 0.679617 0.95104 0.966347 0.966964
 0.102396 0.839209 1.17437 1.19327 1.19403
nmprior
 10.6 11 7 0
nm_flota  nm_reclas  nm_pelaces    nm_pelaL
inf 18.006 12.6813 27.1714
cv_recla  cv_pelaces  cv_mph
0.763709 0.503319 0.417392
 ------------------------------------------------
Talla a la edad & desviación 
 7.2 14.2025 17.0495 18.207 18.6776
 1.08 2.13037 2.55742 2.73105 2.80164
