    unsorted:	 3.800750069e-06 1.904041065e-06 -1.222867683e-05 3.319205304e-05 0.0008999973127 0.007430698587 52.16741013 64.36041842 108.3679649 174.1178093 193.9448908 389.9949090 516.6916388 567.0720948 770.6469527 811.9448324 908.9531220 1047.408925 1188.479987 1303.477262 1418.537971 1524.592523 1718.230966 1991.559132 2067.841542 2411.905815 2497.491263 2970.302415 3239.460186 3472.398904 3860.065728 4020.283482 4362.412633 4815.060329 4906.225539 5445.419995 5472.566937 7211.144599 26017.25298 196493.9573 317781.9990 386436.9143 397155.7552 421728.6480 472506.8312 481294.6475 498943.5876 520667.6176 533093.2718 545580.1681 602595.7222 645264.5029 688201.2638 803487.3585 865889.5490 942227.7676 1134332.562 1180208.649 1424629.484 1673528.226 1912621.113 2098294.107 2339627.508 2611800.846 5247982.934
      sorted:	 -1.222867683e-05 1.904041065e-06 3.800750069e-06 3.319205304e-05 0.0008999973127 0.007430698587 52.16741013 64.36041842 108.3679649 174.1178093 193.9448908 389.9949090 516.6916388 567.0720948 770.6469527 811.9448324 908.9531220 1047.408925 1188.479987 1303.477262 1418.537971 1524.592523 1718.230966 1991.559132 2067.841542 2411.905815 2497.491263 2970.302415 3239.460186 3472.398904 3860.065728 4020.283482 4362.412633 4815.060329 4906.225539 5445.419995 5472.566937 7211.144599 26017.25298 196493.9573 317781.9990 386436.9143 397155.7552 421728.6480 472506.8312 481294.6475 498943.5876 520667.6176 533093.2718 545580.1681 602595.7222 645264.5029 688201.2638 803487.3585 865889.5490 942227.7676 1134332.562 1180208.649 1424629.484 1673528.226 1912621.113 2098294.107 2339627.508 2611800.846 5247982.934
