years
 1997 1998 1999 2000 2001 2002 2003 2004 2005 2006 2007 2008 2009 2010 2011 2012 2013 2014 2015 2016 2017 2018 2019 2020 2021
reclasobs
 0 0 0 370054 412103 1.49427e+06 250295 1.28982e+06 931140 785840 897777 1.04006e+06 184774 17550 25797 100020 73551 82996 120727 218422 84188 347160 605670 569463 516374
reclaspred
 501664 106985 184248 134142 267343 295109 660456 495383 677320 851538 711656 474949 300598 132561 84953 82137 96709.8 121593 115897 182296 284947 255848 439100 524575 450029
pelacesobs
 0 0 0 0 0 0 0 0 0 2.06254e+06 1.5e+06 0 1.87456e+06 323000 250000 174000 83755 137374 0 501740 490994 745055 786931 1.00524e+06 1.33801e+06
pelacespred
 677386 159401 137704 171957 308863 272563 773375 632271 829401 1.0357e+06 787039 546765 347899 124163 78422.6 81916.1 101100 129992 126638 193209 340861 298354 404103 572487 501499
mphobs
 0 0 0 0 0 112323 0 153150 637223 0 255016 313432 73983 77613 109348 50772 0 0 0 0 0 0 0 0 0
mphpred
 661566 297575 249184 170022 242886 484822 646655 793008 775952 1.01291e+06 1.30303e+06 944505 568250 306807 135117 108067 126214 162091 185121 196122 337287 421578 512287 722167 859075
desembarqueobs
 350755 77701 442110 56441 14545 235359 269955 359681 431902 328805 639364 411747 362871 311530 167758 66681 60226 58785 57116 73181 50977 67692 138656 160484 209506
desembarquepred
 350736 77674.9 441737 56432.3 14544.8 235350 269952 359480 431723 328683 639038 411655 362708 311447 167586 66662.5 60228.8 58768.7 57095.3 73152.9 50971.2 67671.4 138625 160454 209467
Reclutas
 24607.8 40195.4 10953.2 32430.7 63129.2 34262 68925.4 81515.6 124839 177455 65013.5 35132.5 47016.1 22301.6 15485.2 17244.3 12582 12993.9 12811.4 31446.4 37347.7 43651.9 74761 74303.9 10249.3
log_desv_Rt
 -0.349182 0.141507 -1.15862 -0.0731401 0.592939 -0.0182076 0.68078 0.84855 1.27478 1.62647 0.62235 0.00688092 0.298245 -0.447586 -0.812361 -0.704762 -1.01998 -0.987766 -1.00191 -0.103961 0.0680261 0.224002 0.762051 0.755918 -1.22504
SSB
 661566 297575 249184 170022 242886 484822 646655 793008 775952 1.01291e+06 1.30303e+06 944505 568250 306807 135117 108067 126214 162091 185121 196122 337287 421578 512287 722167 859075
BT
 1.45918e+06 427994 479866 368126 564847 671740 1.57233e+06 1.53115e+06 1.87794e+06 2.16384e+06 1.9703e+06 1.35156e+06 979490 520470 281112 201585 229983 280050 276285 405860 651217 598188 819443 1.15674e+06 1.07064e+06
Ftot
 0.43278 0.590697 1.29498 0.410619 0.055314 0.454316 0.328829 0.611355 0.602841 0.350424 0.521585 0.474279 0.798216 1.38558 1.47062 0.619954 0.458867 0.337805 0.310037 0.351176 0.135303 0.171482 0.212214 0.20653 0.230504
BD_Bspro_t
 0.940304 0.680184 0.538261 0.287474 0.4955 0.711817 0.634876 0.648053 0.609172 0.62516 0.653336 0.501762 0.382863 0.283471 0.167106 0.167875 0.251396 0.381081 0.470779 0.543917 0.692711 0.785042 0.787358 0.791101 0.774738
BD_Bspro
 0.923207 0.415262 0.347733 0.237264 0.338944 0.676563 0.9024 1.10663 1.08283 1.4135 1.81836 1.31804 0.792986 0.428146 0.188554 0.150806 0.17613 0.226196 0.258334 0.273686 0.47068 0.588307 0.71489 1.00778 1.19883
BD_Bo
 0.702733 0.316092 0.26469 0.180602 0.258 0.51499 0.686894 0.842354 0.824237 1.07594 1.38411 1.00328 0.60361 0.325899 0.143525 0.114791 0.134067 0.172177 0.19664 0.208326 0.358275 0.447811 0.544165 0.767105 0.912532
BD_Brms
 2.35512 1.05934 0.887075 0.605265 0.864654 1.72593 2.30204 2.82304 2.76233 3.60588 4.63868 3.36236 2.02292 1.09221 0.481006 0.384709 0.449311 0.577031 0.659016 0.698179 1.20072 1.50078 1.8237 2.57086 3.05824
S_f
 0.151673 1 1 1 1
 0.151673 1 1 1 1
 0.151673 1 1 1 1
 0.151673 1 1 1 1
 0.151673 1 1 1 1
 0.151673 1 1 1 1
 0.151673 1 1 1 1
 0.151673 1 1 1 1
 0.151673 1 1 1 1
 0.151673 1 1 1 1
 0.151673 1 1 1 1
 0.151673 1 1 1 1
 0.151673 1 1 1 1
 0.151673 1 1 1 1
 0.151673 1 1 1 1
 0.151673 1 1 1 1
 0.151673 1 1 1 1
 0.151673 1 1 1 1
 0.151673 1 1 1 1
 0.151673 1 1 1 1
 0.151673 1 1 1 1
 0.151673 1 1 1 1
 0.151673 1 1 1 1
 0.151673 1 1 1 1
 0.151673 1 1 1 1
Scru_reclas
 1 1 1 1 1
 1 1 1 1 1
 1 1 1 1 1
 1 1 1 1 1
 1 1 1 1 1
 1 1 1 1 1
 1 1 1 1 1
 1 1 1 1 1
 1 1 1 1 1
 1 1 1 1 1
 1 1 1 1 1
 1 1 1 1 1
 1 1 1 1 1
 1 1 1 1 1
 1 1 1 1 1
 1 1 1 1 1
 1 1 1 1 1
 1 1 1 1 1
 1 1 1 1 1
 1 1 1 1 1
 1 1 1 1 1
 1 1 1 1 1
 1 1 1 1 1
 1 1 1 1 1
 1 1 1 1 1
Scru_pelaces
 1 1 1 1 1
 1 1 1 1 1
 1 1 1 1 1
 1 1 1 1 1
 1 1 1 1 1
 1 1 1 1 1
 1 1 1 1 1
 1 1 1 1 1
 1 1 1 1 1
 1 1 1 1 1
 1 1 1 1 1
 1 1 1 1 1
 1 1 1 1 1
 1 1 1 1 1
 1 1 1 1 1
 1 1 1 1 1
 1 1 1 1 1
 1 1 1 1 1
 1 1 1 1 1
 1 1 1 1 1
 1 1 1 1 1
 1 1 1 1 1
 1 1 1 1 1
 1 1 1 1 1
 1 1 1 1 1
pf_obs 
 0.256992 0.487395 0.22802 0.0275931 0
 0.321318 0.546541 0.124235 0.00734118 0.000564706
 0.182869 0.594174 0.210203 0.0122559 0.00049798
 0.330522 0.361315 0.267642 0.0388342 0.00168674
 0.649043 0.306663 0.0425973 0.00169635 0
 0.582887 0.30429 0.105238 0.00758474 0
 0.465427 0.430635 0.0974691 0.00646863 0
 0.296916 0.608066 0.0921331 0.00288517 0
 0.311714 0.524322 0.152257 0.0117073 0
 0.15457 0.633149 0.183074 0.0267441 0.00246327
 0.131901 0.49318 0.331252 0.0422183 0.00144891
 0.196976 0.569456 0.194076 0.0375587 0.00193317
 0.518974 0.381816 0.0799577 0.0180837 0.00116848
 0.0928022 0.601141 0.25162 0.0475244 0.00691264
 0.122501 0.610282 0.24278 0.0234846 0.000952079
 0.383417 0.481906 0.127806 0.00687128 0
 0.0376549 0.599619 0.316969 0.0457579 0
 0.0361596 0.667082 0.258105 0.0386534 0
 0.158088 0.579412 0.248529 0.0139706 0
 0.0477256 0.309471 0.559284 0.082774 0.000745712
 0.0406174 0.521527 0.379366 0.0568643 0.0016247
 0.151134 0.462217 0.34131 0.0453401 0
 0.294876 0.26143 0.354403 0.0886775 0.000613685
 0.281977 0.475581 0.204845 0.0348837 0.00271318
 0.0354234 0.537034 0.353287 0.0723622 0.0018943
pf_pred 
 0.151226 0.57781 0.240059 0.0308974 7.9548e-06
 0.279762 0.426544 0.199935 0.0830657 0.0106939
 0.0970641 0.699272 0.120615 0.0565363 0.0265127
 0.426184 0.334161 0.185599 0.0320133 0.0220426
 0.356288 0.551578 0.053654 0.0298003 0.0086794
 0.134346 0.683276 0.156275 0.0152014 0.0109022
 0.293858 0.396292 0.24457 0.0559365 0.00934344
 0.264215 0.561402 0.0978649 0.0603968 0.016121
 0.32597 0.513867 0.122204 0.0213028 0.0166561
 0.304639 0.564207 0.0999892 0.0237786 0.00738612
 0.0990234 0.697412 0.165169 0.0292714 0.00912336
 0.092853 0.438928 0.362431 0.0858352 0.019953
 0.210088 0.36343 0.206356 0.170392 0.0497348
 0.156181 0.610878 0.107174 0.0608533 0.0649143
 0.230765 0.551228 0.157825 0.0276892 0.0324931
 0.300118 0.567945 0.0945449 0.0270698 0.0103223
 0.186283 0.645889 0.13619 0.0226714 0.00896641
 0.199966 0.523301 0.219658 0.0463163 0.0107595
 0.189733 0.534883 0.180129 0.0756097 0.0196464
 0.364219 0.408279 0.150181 0.0505754 0.0267454
 0.247467 0.615249 0.0881595 0.0324285 0.0166958
 0.213214 0.549313 0.194151 0.02782 0.0155019
 0.276903 0.477145 0.171717 0.0606923 0.0135426
 0.199423 0.589704 0.139148 0.0500772 0.0216488
 0.0295875 0.625564 0.254015 0.0599379 0.030896
pobs_RECLAS
 0 0 0 0 0
 0 0 0 0 0
 0 0 0 0 0
 0 0 0 0 0
 0.835266 0.146461 0.0176864 0.000547809 3.91292e-05
 0.385257 0.428462 0.181853 0.0044286 0
 0.867414 0.0963971 0.0333333 0.00285562 0
 0.441836 0.489002 0.0689373 0.000224442 0
 0.779404 0.147425 0.0564933 0.0165055 0.000172143
 0.814271 0.122319 0.05973 0.00367925 0
 0.40263 0.566651 0.0304383 0.000280538 0
 0.475488 0.404961 0.113038 0.00651328 0
 0.955842 0.0263864 0.0167828 0.000988607 0
 0.975058 0.0227948 0.00214734 0 0
 0.738997 0.206755 0.0527124 0.00153531 0
 0.850938 0.134255 0.0134407 0.00136685 0
 0.542534 0.407297 0.0501686 0 0
 0.764087 0.199537 0.0359546 0.000420521 0
 0.470689 0.182191 0.310203 0.0369168 0
 0.84361 0.089868 0.0606195 0.00523954 0.000663233
 0.607945 0.314616 0.071237 0.00620181 0
 0.523733 0.453247 0.0230204 0 0
 0.530135 0.295979 0.169645 0.0042399 0
 0.562478 0.366248 0.0663022 0.0049721 0
 0.250443 0.683176 0.0655157 0.000865301 0
ppred_RECLAS
 0.54726 0.308207 0.128049 0.0164808 4.24313e-06
 0.727706 0.16126 0.0755876 0.0314039 0.00404296
 0.445997 0.429043 0.0740044 0.0346883 0.0162671
 0.834156 0.0965791 0.0536417 0.00925248 0.00637075
 0.785389 0.183894 0.017888 0.0099353 0.00289367
 0.513337 0.384132 0.0878562 0.00854609 0.00612911
 0.736859 0.147677 0.0911379 0.0208445 0.00348179
 0.712275 0.219534 0.0382696 0.0236179 0.00630402
 0.76912 0.176019 0.0418594 0.00729702 0.00570534
 0.747016 0.205268 0.0363778 0.00865108 0.0026872
 0.429023 0.441972 0.104673 0.0185502 0.00578176
 0.41068 0.285146 0.23545 0.0557621 0.0129623
 0.651477 0.160352 0.0910478 0.0751799 0.0219439
 0.584168 0.301039 0.0528149 0.0299884 0.0319896
 0.697604 0.216694 0.0620431 0.010885 0.0127734
 0.747388 0.204992 0.0341247 0.00977044 0.00372569
 0.608847 0.310478 0.0654665 0.0108981 0.00431015
 0.627287 0.243791 0.102332 0.0215775 0.00501257
 0.61142 0.256514 0.0863843 0.0362601 0.00942183
 0.794297 0.132096 0.0485903 0.0163634 0.00865334
 0.685944 0.256763 0.0367917 0.0135335 0.00696771
 0.643353 0.249002 0.0880079 0.0126107 0.00702696
 0.718766 0.185576 0.066786 0.0236051 0.00526712
 0.624324 0.276722 0.0652958 0.023499 0.0101588
 0.169253 0.53553 0.217456 0.0513114 0.0264493
pobs_PELACES
 0 0 0 0 0
 0 0 0 0 0
 0 0 0 0 0
 0 0 0 0 0
 0 0 0 0 0
 0 0 0 0 0
 0 0 0 0 0
 0 0 0 0 0
 0 0 0 0 0
 0 0 0 0 0
 0.450072 0.473896 0.0757376 0.000293798 0
 0 0 0 0 0
 0.463077 0.371075 0.160297 0.00555027 0
 0.529543 0.364841 0.0842815 0.0213345 0
 0.631943 0.363953 0.00410389 0 0
 0.735681 0.248677 0.0153453 0.000297389 0
 0.695825 0.281241 0.0229344 0 0
 0.275771 0.60734 0.115278 0.00161068 0
 0 0 0 0 0
 0.896147 0.0623911 0.0374545 0.00400742 0
 0.803859 0.145111 0.0509908 3.86294e-05 0
 0.739449 0.233085 0.0266225 0.000797448 4.60066e-05
 0.878498 0.100942 0.0204185 0.000141795 0
 0.694673 0.275183 0.0284847 0.00165964 0
 0.469039 0.446079 0.0841089 0.000773354 0
ppred_PELACES
 0.577071 0.287912 0.119617 0.0153956 3.96373e-06
 0.759215 0.142599 0.0668409 0.02777 0.00357512
 0.536353 0.359068 0.0619345 0.0290307 0.013614
 0.849454 0.0876703 0.0486936 0.00839901 0.0057831
 0.787988 0.181667 0.0176714 0.009815 0.00285864
 0.545014 0.359128 0.0821376 0.00798982 0.00573016
 0.754316 0.13788 0.085092 0.0194617 0.00325082
 0.746041 0.19377 0.0337785 0.0208462 0.00556422
 0.797721 0.154214 0.0366739 0.00639307 0.00499856
 0.765102 0.190593 0.033777 0.00803259 0.00249508
 0.465101 0.414045 0.098059 0.0173781 0.00541643
 0.443151 0.269434 0.222477 0.0526896 0.0122481
 0.700356 0.137863 0.0782785 0.0646361 0.0188663
 0.674321 0.235773 0.0413645 0.0234868 0.0250542
 0.776886 0.159881 0.0457766 0.00803114 0.00942449
 0.77873 0.179558 0.0298907 0.00855818 0.00326342
 0.638977 0.286563 0.0604237 0.0100586 0.00397814
 0.649117 0.229512 0.0963384 0.0203136 0.00471897
 0.631831 0.24304 0.0818468 0.0343555 0.00892693
 0.809896 0.122079 0.0449055 0.0151225 0.00799713
 0.694046 0.250139 0.0358426 0.0131843 0.00678796
 0.65429 0.241365 0.0853089 0.012224 0.00681146
 0.730617 0.177756 0.0639716 0.0226103 0.00504516
 0.637785 0.266807 0.0629563 0.022657 0.00979484
 0.178521 0.529556 0.21503 0.0507389 0.0261542
pobs_pel_tallas
 0 0 0 0 0 0 0 0 0 0 0 0 0 0 0 0 0 0 0 0 0 0 0 0 0 0 0 0 0 0 0 0 0 0 0 0
 0 0 0 0 0 0 0 0 0 0 0 0 0 0 0 0 0 0 0 0 0 0 0 0 0 0 0 0 0 0 0 0 0 0 0 0
 0 0 0 0 0 0 0 0 0 0 0 0 0 0 0 0 0 0 0 0 0 0 0 0 0 0 0 0 0 0 0 0 0 0 0 0
 0 0 0 0 0 0 0 0 0 0 0 0 0 0 0 0 0 0 0 0 0 0 0 0 0 0 0 0 0 0 0 0 0 0 0 0
 0 0 0 0 0 0 0 0 0 0 0 0 0 0 0 0 0 0 0 0 0 0 0 0 0 0 0 0 0 0 0 0 0 0 0 0
 0 0 0 0 0 0 0 0 0 0 0 0 0 0 0 0 0 0 0 0 0 0 0 0 0 0 0 0 0 0 0 0 0 0 0 0
 0 0 0 0 0 0 0 0 0 0 0 0 0 0 0 0 0 0 0 0 0 0 0 0 0 0 0 0 0 0 0 0 0 0 0 0
 0 0 0 0 0 0 0 0 0 0 0 0 0 0 0 0 0 0 0 0 0 0 0 0 0 0 0 0 0 0 0 0 0 0 0 0
 0 0 0 0 0 0 0 0 0 0 0 0 0 0 0 0 0 0 0 0 0 0 0 0 0 0 0 0 0 0 0 0 0 0 0 0
 0 0 0 0 0 0 0 0 0 0 0 0 0 0 0 0 0 0 0 0 0 0 0 0 0 0 0 0 0 0 0 0 0 0 0 0
 0 0 0 0 0 0 0 0 1.78061e-05 0.00172719 0.00360574 0.0105946 0.0120993 0.0124554 0.0147524 0.0171206 0.0266825 0.0428682 0.0675386 0.121331 0.153587 0.119568 0.100827 0.0573624 0.0630603 0.0341343 0.0324427 0.0444173 0.0211091 0.0280891 0.0125444 0.00206551 0 0 0 0
 0 0 0 0 0 0 0 0 0 0 0 0 0 0 0 0 0 0 0 0 0 0 0 0 0 0 0 0 0 0 0 0 0 0 0 0
 0 0 0 0 0 0 0.0133647 0.0140871 0.0187388 0.0205184 0.03894 0.0496705 0.03968 0.0493445 0.0407372 0.0367815 0.0215668 0.0243155 0.0234873 0.0199281 0.019796 0.0243948 0.0301388 0.0376714 0.0412746 0.0863199 0.0771752 0.113111 0.0741005 0.0525337 0.0229764 0.00759418 0.00175318 0 0 0
 0 0 0 0 0 0 0 0 0 0 0.00219441 0.00772107 0.0458388 0.0604681 0.0671733 0.0775358 0.0609151 0.0617685 0.073594 0.0568108 0.0755445 0.0548602 0.0670107 0.0636378 0.0643287 0.046367 0.0373049 0.0286899 0.0247887 0.0153202 0.00654259 0.00121912 0.000365735 0 0 0
 0 0 0 0 0 0 0 0 0 0 0 0 0.000112435 0.00938835 0.0111873 0.0202946 0.0414886 0.0713402 0.111592 0.104902 0.108894 0.110636 0.117776 0.105296 0.107544 0.0401394 0.0192827 0.0124803 0.00416011 0.0028671 0.000618394 0 0 0 0 0
 0 0 0 0 0 0 0 0 0 0 0.00291406 0.0102884 0.027416 0.0768956 0.0749926 0.110853 0.0956884 0.0897413 0.0766577 0.0534642 0.0500743 0.0551293 0.0594112 0.0620874 0.0668451 0.0424026 0.0208742 0.0120726 0.0048766 0.00582813 0.00118941 0.000297354 0 0 0 0
 0 0.00264628 0.0354308 0.0461629 0.0458689 0.0383711 0.0214643 0.0164657 0.0346957 0.0420465 0.0363128 0.0245516 0.0311673 0.0291091 0.0169068 0.0133784 0.00837989 0.0085269 0.0148486 0.0160247 0.0276389 0.0546898 0.0760071 0.122758 0.109233 0.0665981 0.0333725 0.0166128 0.00676272 0.00308733 0.000882094 0 0 0 0 0
 0 0 0 0 0 0 0 0.000805153 0.000690131 0.00759144 0.0133425 0.0154129 0.00931677 0.000345066 0.00356568 0.00563607 0.00851162 0.0253048 0.0502646 0.0516448 0.0657925 0.0565908 0.0611916 0.0827007 0.0866115 0.110766 0.145733 0.0935128 0.0569358 0.0249597 0.0138026 0.00621118 0.00161031 0.00115022 0 0
 0 0 0 0 0 0 0 0 0 0 0 0 0 0 0 0 0 0 0 0 0 0 0 0 0 0 0 0 0 0 0 0 0 0 0 0
 0.00147267 0.00158595 0.00478618 0.00569244 0.00954404 0.0108468 0.00647125 0.017049 0.0510054 0.094081 0.124002 0.0959785 0.0687766 0.0820023 0.061753 0.0591476 0.0492212 0.0479892 0.0443925 0.0268479 0.0217502 0.0140895 0.0121071 0.0120363 0.00920419 0.00665534 0.0049561 0.00860946 0.00930331 0.0156896 0.0114698 0.00855282 0.00243557 0.00046729 0 2.83206e-05
 0 0 0 0 0.000772559 0.00158375 0.000888443 0.00281984 0.00712685 0.0440552 0.0773331 0.111326 0.0921469 0.0852325 0.0710754 0.0886704 0.0786465 0.0553345 0.0373146 0.0185414 0.00753245 0.00457741 0.012979 0.0271748 0.0457355 0.0583668 0.034881 0.0177882 0.00938659 0.00492506 0.0015258 0.00185414 0.000309023 5.79419e-05 3.86279e-05 0
 0 0.00173294 0.00326652 0 0.00397197 0.00683976 0.00946217 0.0152591 0.00757587 0.0136028 0.0228656 0.0392903 0.0559909 0.0764795 0.0681675 0.0726916 0.0566044 0.0477403 0.0527397 0.0444891 0.0609904 0.0582453 0.0661739 0.0445044 0.0529084 0.0360697 0.0280645 0.0235558 0.0158879 0.00826598 0.00280645 0.00217768 0.000904811 0.00058276 9.20147e-05 0
 0 0 0 0 0 0 0 0 0 0 0 0 0 0 0 0 0 0 0 0 0 0 0 0 0 0 0 0 0 0 0 0 0 0 0 0
 0 0 0 0 0 0 0 0 0 0 0 0 0 0 0 0 0 0 0 0 0 0 0 0 0 0 0 0 0 0 0 0 0 0 0 0
 0 0 0 0 0 0 0 0 0 0 0 0 0 0 0 0 0 0 0 0 0 0 0 0 0 0 0 0 0 0 0 0 0 0 0 0
ppred_pel_tallas
 1.02322e-16 2.51876e-05 0.000147807 0.000702561 0.00270482 0.00843465 0.0213054 0.043595 0.0722685 0.0970694 0.10567 0.0933013 0.066991 0.0395064 0.0199409 0.0100961 0.00730092 0.00837814 0.0113584 0.0153138 0.0197456 0.0242173 0.028261 0.0314248 0.0333611 0.0338994 0.0330768 0.0311122 0.0283385 0.025118 0.0217691 0.0185227 0.0155155 0.0128068 0.0104089 0.00831245
 1.02117e-16 3.31239e-05 0.000194414 0.000924165 0.0035581 0.0110956 0.0280266 0.0573459 0.0950564 0.127655 0.138907 0.12251 0.0876605 0.0510867 0.0246587 0.0106352 0.00539169 0.00466629 0.00585309 0.00781757 0.0101095 0.0124695 0.0146615 0.0164619 0.0176955 0.0182693 0.0181874 0.0175383 0.0164637 0.0151189 0.0136398 0.0121245 0.0106323 0.00919325 0.00782322 0.00653474
 1.0263e-16 2.34148e-05 0.000137393 0.000653038 0.00251412 0.00783994 0.0198033 0.0405222 0.0671771 0.0902386 0.0982544 0.0868028 0.0624315 0.0370311 0.0190852 0.0103041 0.00823868 0.00995511 0.0136146 0.018307 0.0234767 0.0285896 0.033068 0.0363657 0.0380831 0.0380581 0.0363997 0.0334468 0.0296746 0.0255773 0.0215679 0.0179211 0.0147652 0.0121118 0.0099033 0.00805759
 1.01279e-16 3.70565e-05 0.000217507 0.00103396 0.00398087 0.012414 0.0313567 0.0641591 0.106348 0.142812 0.155382 0.136997 0.0979323 0.0568829 0.0270999 0.0110758 0.00471933 0.00323475 0.00369832 0.00486255 0.0062815 0.00775567 0.00913194 0.0102703 0.0110603 0.0114417 0.0114132 0.011026 0.0103648 0.00952415 0.00858857 0.00762106 0.00666202 0.00573463 0.0048529 0.00402795
 1.00781e-16 3.438e-05 0.000201785 0.000959201 0.00369299 0.0115162 0.0290891 0.0595202 0.0986612 0.132499 0.144184 0.127178 0.0910323 0.0531149 0.0257538 0.0113016 0.00600117 0.00542648 0.00685756 0.00908538 0.0115948 0.0140575 0.016169 0.0176524 0.0183104 0.0180705 0.0170012 0.0152909 0.0131975 0.0109875 0.00888224 0.00702761 0.00548862 0.00426465 0.00331462 0.00258163
 1.01826e-16 2.37925e-05 0.000139611 0.00066358 0.00255471 0.00796652 0.0201231 0.0411763 0.0682614 0.0916947 0.0998386 0.0881994 0.0634297 0.0376105 0.0193606 0.0104158 0.00828527 0.00998653 0.013651 0.0183555 0.023539 0.0286634 0.0331456 0.0364326 0.0381168 0.0380282 0.0362692 0.0331764 0.0292275 0.0249257 0.0206989 0.016841 0.0135011 0.0107097 0.00842296 0.00656527
 1.02074e-16 3.29101e-05 0.000193159 0.000918201 0.00353514 0.011024 0.0278457 0.0569758 0.0944428 0.126831 0.13801 0.121717 0.087091 0.0507501 0.0244876 0.0105479 0.00532981 0.00460064 0.00577419 0.0077279 0.0100205 0.0124005 0.0146385 0.0165144 0.0178509 0.0185471 0.0185935 0.0180617 0.0170767 0.0157806 0.0143026 0.0127418 0.0111655 0.00961735 0.00812812 0.00672478
 1.0152e-16 3.25514e-05 0.000191049 0.000908156 0.00349644 0.0109033 0.027541 0.0563527 0.0934114 0.125451 0.13652 0.120432 0.0862342 0.0503771 0.0245424 0.0109696 0.00611406 0.0057965 0.00744738 0.00991912 0.0127103 0.0154856 0.0179252 0.0197332 0.0206936 0.0207177 0.0198625 0.0183085 0.016309 0.0141278 0.0119847 0.010026 0.00832006 0.00687328 0.00565604 0.00462646
 1.01025e-16 3.48033e-05 0.000204273 0.000971034 0.00373855 0.0116583 0.029448 0.0602543 0.0998773 0.13413 0.145952 0.128722 0.0921039 0.0536725 0.0258982 0.011152 0.00562015 0.00481718 0.0059939 0.00794398 0.010178 0.0124072 0.0143715 0.0158325 0.0166146 0.016643 0.0159592 0.0147035 0.0130763 0.0112883 0.00951841 0.00788887 0.00646129 0.00524827 0.00423243 0.00338447
 1.00935e-16 3.33825e-05 0.000195928 0.000931353 0.00358576 0.0111819 0.0282445 0.0577921 0.0957972 0.128654 0.140004 0.1235 0.0884196 0.0516307 0.0251097 0.0111488 0.006108 0.00569677 0.00727735 0.00967317 0.012374 0.0150434 0.0173634 0.0190408 0.0198628 0.0197444 0.0187467 0.0170548 0.0149286 0.012639 0.0104146 0.00840954 0.00669849 0.00529105 0.0041565 0.00324762
 1.02378e-16 2.03102e-05 0.000119162 0.00056635 0.00218033 0.00679902 0.0171741 0.035143 0.0582628 0.0782737 0.085252 0.0753761 0.0543445 0.0324986 0.0172356 0.0100869 0.00897713 0.0113974 0.0157594 0.0212361 0.0272552 0.0332155 0.0384493 0.0423197 0.0443553 0.0443565 0.0424361 0.0389749 0.0345157 0.0296305 0.0248058 0.0203759 0.016511 0.0132478 0.0105402 0.00830782
 1.05629e-16 1.93475e-05 0.000113522 0.000539568 0.00207726 0.00647763 0.0163622 0.0334806 0.0555036 0.0745573 0.0811791 0.0717154 0.0515759 0.0305856 0.0157568 0.00851018 0.00683824 0.0083451 0.0115552 0.015776 0.0206195 0.0257155 0.0306413 0.0349633 0.0383145 0.0404604 0.0413309 0.0410052 0.0396649 0.0375329 0.0348227 0.031712 0.0283409 0.0248259 0.0212769 0.0178047
 1.04259e-16 3.05571e-05 0.000179346 0.000852529 0.00328229 0.0102355 0.025854 0.0529006 0.0876882 0.117762 0.128144 0.113024 0.0808875 0.0471695 0.0228252 0.00994591 0.00519739 0.00465948 0.00594012 0.00800409 0.0104454 0.0130306 0.0155426 0.0177701 0.019539 0.0207434 0.0213585 0.0214298 0.021046 0.020306 0.0192933 0.0180658 0.0166592 0.0151003 0.0134211 0.0116671
 1.02642e-16 2.94258e-05 0.000172695 0.000820891 0.00316044 0.00985549 0.0248943 0.0509377 0.0844373 0.113404 0.123426 0.108916 0.0780663 0.0457625 0.0225877 0.0105948 0.00660873 0.00687328 0.00907093 0.0121441 0.0155896 0.0190275 0.0220765 0.0243801 0.0256765 0.0258573 0.024988 0.0232814 0.0210359 0.0185602 0.0161087 0.0138465 0.011846 0.0101084 0.00859537 0.00725892
 1.01419e-16 3.38951e-05 0.00019894 0.00094568 0.00364093 0.0113539 0.0286791 0.0586811 0.0972698 0.130629 0.142145 0.125371 0.0897202 0.0523116 0.0252947 0.010984 0.00567137 0.00499379 0.00627688 0.00834502 0.0107159 0.013098 0.015224 0.0168463 0.0177804 0.0179436 0.017371 0.0161988 0.0146245 0.0128569 0.0110739 0.00939775 0.00789161 0.00657165 0.00542612 0.00443312
 1.0093e-16 3.39763e-05 0.000199415 0.000947934 0.0036496 0.011381 0.0287474 0.058821 0.0975022 0.130942 0.142491 0.125685 0.0899658 0.0524966 0.0254617 0.0111875 0.00596256 0.00541519 0.00686002 0.00910511 0.011644 0.0141539 0.0163343 0.0179095 0.0186797 0.0185659 0.0176263 0.0160365 0.0140413 0.0118961 0.00981539 0.00794314 0.00634802 0.00503735 0.00398067 0.00313241
 1.01483e-16 2.78868e-05 0.000163655 0.000777901 0.0029949 0.00933925 0.0235904 0.0482701 0.0800173 0.107474 0.116986 0.10327 0.0740975 0.0435939 0.0218111 0.010722 0.00734507 0.00813911 0.0109072 0.0146184 0.018734 0.0228031 0.026357 0.0289549 0.0302734 0.0301791 0.0287569 0.0262777 0.0231252 0.0197015 0.0163479 0.013297 0.010665 0.00847258 0.0066813 0.00522787
 1.02361e-16 2.83267e-05 0.000166242 0.000790215 0.00304233 0.00948718 0.023964 0.0490341 0.0812821 0.109167 0.118816 0.104854 0.0751647 0.0440832 0.0218003 0.010298 0.00652765 0.00688256 0.0091415 0.0122953 0.0158654 0.0194869 0.0227858 0.0254028 0.0270605 0.0276208 0.0271083 0.0256901 0.023622 0.0211823 0.0186141 0.0160928 0.013721 0.0115438 0.00957263 0.00780594
 1.02839e-16 2.75734e-05 0.000161819 0.000769183 0.00296134 0.00923463 0.0233261 0.047729 0.0791192 0.106264 0.115661 0.10208 0.0732003 0.0429788 0.0213427 0.0102296 0.00668009 0.00718887 0.00959378 0.0129043 0.0166375 0.0204129 0.0238385 0.0265389 0.0282283 0.0287701 0.0282007 0.0267058 0.0245623 0.0220654 0.0194673 0.016943 0.0145864 0.0124293 0.0104687 0.00869175
 1.01571e-16 3.53329e-05 0.000207385 0.000985835 0.00379555 0.0118361 0.029897 0.0611727 0.101399 0.13617 0.148164 0.130655 0.0934465 0.0543739 0.0260857 0.0109754 0.00515893 0.00407541 0.00493777 0.00654074 0.00842432 0.0103469 0.0121023 0.0135006 0.0143968 0.0147202 0.014486 0.0137839 0.0127491 0.0115265 0.0102401 0.00897623 0.00778222 0.00667521 0.00565618 0.00472172
 1.01361e-16 3.02865e-05 0.000177746 0.000844904 0.00325289 0.0101438 0.0256225 0.0524278 0.0869075 0.116722 0.127038 0.112107 0.0803591 0.0471183 0.0232781 0.0109525 0.00687321 0.00717193 0.00945734 0.0126306 0.0161589 0.0196335 0.0226434 0.0248074 0.0258494 0.0256627 0.024332 0.0221052 0.0193263 0.0163523 0.0134815 0.0109122 0.00873623 0.00695893 0.005533 0.00439084
 1.02028e-16 2.85527e-05 0.000167568 0.000796517 0.00306659 0.00956282 0.024155 0.0494252 0.0819305 0.110039 0.119767 0.105697 0.0757793 0.0444634 0.0220246 0.0104634 0.00670872 0.00712495 0.00946932 0.012716 0.0163692 0.0200437 0.0233453 0.0258978 0.0274159 0.0277656 0.0269886 0.0252791 0.0229257 0.0202379 0.0174836 0.0148523 0.0124495 0.0103129 0.00843907 0.00680811
 1.01979e-16 3.18783e-05 0.000187098 0.000889378 0.00342415 0.0106779 0.0269715 0.0551874 0.0914795 0.122856 0.133694 0.117935 0.0844361 0.0493074 0.0239861 0.0106637 0.00586846 0.00551008 0.00707963 0.00946651 0.0121984 0.0149689 0.0174852 0.0194711 0.0207158 0.0211172 0.0207003 0.019599 0.0180152 0.016165 0.0142345 0.0123541 0.0105962 0.00898722 0.00752839 0.00621243
 1.02217e-16 2.7834e-05 0.000163346 0.00077644 0.00298928 0.00932174 0.0235461 0.0481794 0.0798664 0.107269 0.11676 0.10306 0.0739251 0.043449 0.0216583 0.0105154 0.00703815 0.00768917 0.0102794 0.0137923 0.0177132 0.0216228 0.025088 0.0276997 0.0291544 0.0293211 0.0282671 0.0262286 0.0235436 0.020567 0.0175982 0.0148403 0.012394 0.0102787 0.00846612 0.00691075
 1.06191e-16 7.81889e-06 4.58154e-05 0.000217629 0.000837621 0.00261181 0.00659776 0.0135039 0.0223996 0.0301285 0.0329083 0.0293189 0.0216239 0.0139056 0.00915615 0.00814582 0.010264 0.0146919 0.0208643 0.0283527 0.0366406 0.0450269 0.0526777 0.0587719 0.0626736 0.064067 0.0630099 0.0598852 0.0552778 0.0498204 0.0440616 0.0383917 0.0330341 0.0280816 0.0235536 0.0194446
pSPR Fmed_Fpbrs
0.569314   0.348385 0.348385
Fs Fmed_Fpbrs
0.403861   1.005 1.005
SSBpbr Bo_Bmed_Bpbrs
941419  488892  280905 280905
Ro
34891.6
SPR SPRFo_SPRFmed_SPRFpbrs
716595 407968 249651
log_Ro
10.28
likeval ReclasPelacesDesembMPH_pf_preclas_ppelaces_ptallas_desvR_qrecl_qpela
 79.0543 56.6491 0.018853 0.000770994 315.905 191.582 78.3516 0 20.6488 2.74059e-05 0 0 0 0 0
q_reclas_q_pelaces
0.476241 1
M
0.7
N
 24607.8 16651.1 6917.95 890.391 0.229239
 40195.4 11443.5 5363.94 2228.52 286.901
 10953.2 18249.9 3147.87 1475.51 691.94
 32430.7 4469.23 2482.29 428.162 294.809
 63129.2 15132.2 1471.96 817.553 238.114
 34262 31087.1 7110.06 691.621 496.019
 68925.4 15881.1 9800.94 2241.61 374.431
 81515.6 32562.1 5676.31 3503.1 935.039
 124839 36894.7 8774.02 1529.51 1195.88
 177455 56576.2 10026.5 2384.42 740.647
 65013.5 83560.3 19789.7 3507.15 1093.11
 35132.5 29829.1 24630.5 5833.27 1355.99
 47016.1 16235.3 9218.44 7611.84 2221.78
 22301.6 20685.3 3629.06 2060.59 2198.1
 15485.2 8975.55 2569.85 450.859 529.08
 17244.3 6152.32 1024.17 293.236 111.817
 12582 7794.76 1643.58 273.604 108.209
 12993.9 5827.99 2446.32 515.823 119.829
 12811.4 6130.3 2064.46 866.563 225.168
 31446.4 6069.73 2232.69 751.886 397.614
 37347.7 14805.8 2121.53 780.384 401.781
 43651.9 18169.6 6421.91 920.2 512.755
 74761 21120.4 7600.9 2686.49 599.45
 74303.9 35949.3 8482.66 3052.78 1319.74
 10249.3 35760.3 14520.8 3426.34 1766.17
pred_Ctot
 1128.62 4312.29 1791.6 230.592 0.0593679
 2490.09 3796.56 1779.57 739.348 95.184
 1420.7 10235 1765.41 827.506 388.06
 1413.32 1108.15 615.486 106.163 73.0983
 379.483 587.486 57.1469 31.7403 9.24444
 1647.25 8377.83 1916.13 186.388 133.675
 2418.54 3261.6 2012.88 460.374 76.8993
 5219.36 11090 1933.24 1193.09 318.457
 7886.39 12432.3 2956.55 515.392 402.971
 6626.19 12272 2174.86 517.208 160.655
 3572.6 25161.5 5959.04 1056.06 329.156
 1760.99 8324.43 6873.64 1627.9 378.416
 3882.52 6716.34 3813.54 3148.92 919.121
 3076.99 12035.2 2111.48 1198.9 1278.91
 2255.27 5387.16 1542.43 270.607 317.556
 1119.03 2117.66 352.524 100.933 38.4881
 610.795 2117.78 446.548 74.3362 29.3996
 468.112 1225.03 514.21 108.425 25.1877
 424.383 1196.4 402.902 169.119 43.944
 1176.67 1319.01 485.184 163.392 86.4054
 546.23 1358.03 194.593 71.5791 36.8526
 807.19 2079.6 735.022 105.322 58.6876
 1706.17 2939.98 1058.06 373.962 83.4442
 1650.95 4881.95 1151.95 414.571 179.223
 253.756 5365.12 2178.55 514.054 264.978
F
 0.065641 0.43278 0.43278 0.43278 0.43278
 0.0895929 0.590697 0.590697 0.590697 0.590697
 0.196413 1.29498 1.29498 1.29498 1.29498
 0.0622799 0.410619 0.410619 0.410619 0.410619
 0.00838965 0.055314 0.055314 0.055314 0.055314
 0.0689075 0.454316 0.454316 0.454316 0.454316
 0.0498745 0.328829 0.328829 0.328829 0.328829
 0.0927262 0.611355 0.611355 0.611355 0.611355
 0.0914347 0.602841 0.602841 0.602841 0.602841
 0.05315 0.350424 0.350424 0.350424 0.350424
 0.0791104 0.521585 0.521585 0.521585 0.521585
 0.0719353 0.474279 0.474279 0.474279 0.474279
 0.121068 0.798216 0.798216 0.798216 0.798216
 0.210155 1.38558 1.38558 1.38558 1.38558
 0.223054 1.47062 1.47062 1.47062 1.47062
 0.0940303 0.619954 0.619954 0.619954 0.619954
 0.0695978 0.458867 0.458867 0.458867 0.458867
 0.051236 0.337805 0.337805 0.337805 0.337805
 0.0470243 0.310037 0.310037 0.310037 0.310037
 0.0532639 0.351176 0.351176 0.351176 0.351176
 0.0205219 0.135303 0.135303 0.135303 0.135303
 0.0260092 0.171482 0.171482 0.171482 0.171482
 0.0321871 0.212214 0.212214 0.212214 0.212214
 0.0313251 0.20653 0.20653 0.20653 0.20653
 0.0349612 0.230504 0.230504 0.230504 0.230504
nmprior
 10.6 11 7 0
nm_flota  nm_reclas  nm_pelaces    nm_pelaL
inf 22.1664 19.9237 48.8855
cv_recla  cv_pelaces  cv_mph
0.804244 0.853431 0.900873
 ------------------------------------------------
Talla a la edad & desviación 
 7.2 14.2025 17.0495 18.207 18.6776
 1.08 2.13037 2.55742 2.73105 2.80164
