years
 1997 1998 1999 2000 2001 2002 2003 2004 2005 2006 2007 2008 2009 2010 2011 2012 2013 2014 2015 2016 2017 2018 2019 2020 2021
reclasobs
 0 0 0 370054 412103 1.49427e+06 250295 1.28982e+06 931140 785840 897777 1.04006e+06 184774 17550 25797 100020 73551 82996 120727 218422 84188 347160 605670 569463 516374
reclaspred
 2.60023e+06 322124 406992 101962 227387 234263 491244 449467 529183 1.0729e+06 1.00536e+06 617914 373757 166678 98854.2 94045.9 102962 120859 98369.3 163413 300334 261784 432098 517579 408980
pelacesobs
 0 0 0 0 0 0 0 0 0 2.06254e+06 1.5e+06 0 1.87456e+06 323000 250000 174000 83755 137374 0 501740 490994 745055 786931 1.00524e+06 1.33801e+06
pelacespred
 1.35313e+06 535250 142467 85923 193891 121969 447457 376972 437164 943772 676488 400316 292311 99041.8 62224.4 61921 69418.1 82608.1 63691.4 119949 237553 192450 255709 347770 248224
mphobs
 0 0 0 0 0 112323 0 153150 637223 0 255016 313432 73983 77613 109348 50772 0 0 0 0 0 0 0 0 0
mphpred
 974771 419403 168817 74005.5 39720.9 126474 123351 179166 199243 263101 532881 350112 173086 110760 46591.6 37124.6 40399.6 47012.3 48574.2 42581.4 97962.3 127881 136829 202581 222976
desembarqueobs
 350755 77701 442110 56441 14545 235359 269955 359681 431902 328805 639364 411747 362871 311530 167758 66681 60226 58785 57116 73181 50977 67692 138656 160484 209506
desembarquepred
 350745 77683.8 441592 56417.7 14543.2 235141 269804 358998 431347 328507 638545 411299 362117 310945 167372 66620.3 60194.3 58734.2 57057.4 73087.3 50961.5 67646.7 138558 160386 209376
Reclutas
 2473.64 3869.26 479.514 2917.36 55314 10764.6 54721.3 72948.1 75938.2 229447 42671.7 15047.1 61785.1 22281.8 14558.2 14186.8 9286.75 9229.3 5851.96 27515 28557.5 24776.8 60025.8 46331.6 457.153
log_desv_Rt
 -1.86656 -1.41918 -3.50723 -1.70157 1.24078 -0.395981 1.23001 1.5175 1.55768 2.66343 0.981292 -0.0610611 1.35142 0.331524 -0.0940931 -0.119931 -0.543656 -0.549862 -1.00547 0.542487 0.579675 0.437663 1.32253 1.06358 -3.55498
SSB
 2.26086e+06 972752 391550 171646 92127.7 293340 286097 415552 462119 610229 1.23595e+06 812040 401452 256894 108063 86105.7 93701.7 109039 112662 98762.2 227211 296603 317359 469860 517164
BT
 2.6405e+06 1.12965e+06 507508 222306 360019 401128 1.00616e+06 1.05353e+06 1.17224e+06 1.99221e+06 1.76224e+06 1.08395e+06 884888 470768 248879 165491 173891 195611 164290 276049 465275 409893 558404 754076 620802
Ftot
 0.133873 0.204843 0.858115 0.488831 0.183665 1.11853 1.05286 1.65372 1.49774 0.779658 0.739573 0.614181 1.35446 2.26838 2.47638 1.08006 0.844978 0.653788 0.668463 0.923441 0.269238 0.309942 0.436495 0.406272 0.478994
BD_Bspro_t
 0.98285 0.871713 0.651308 0.305168 0.336034 0.671807 0.467287 0.50438 0.47843 0.501466 0.635323 0.455454 0.298255 0.246927 0.138847 0.137411 0.19389 0.286918 0.346349 0.373162 0.602793 0.716315 0.693823 0.710464 0.673648
BD_Bspro
 6.88255 2.96127 1.19196 0.522529 0.280457 0.892991 0.87094 1.26503 1.40679 1.85767 3.7625 2.47203 1.22211 0.78204 0.328968 0.262125 0.285248 0.331939 0.342967 0.300654 0.69168 0.902924 0.966109 1.43036 1.57436
BD_Bo
 2.31295 0.995164 0.400572 0.175601 0.0942504 0.300099 0.292688 0.425127 0.472767 0.624289 1.26443 0.83075 0.410701 0.262813 0.110553 0.0880896 0.0958606 0.111551 0.115257 0.101038 0.232446 0.303437 0.324671 0.480686 0.52908
BD_Brms
 6.40628 2.75635 1.10948 0.486371 0.26105 0.831197 0.810672 1.17749 1.30944 1.72912 3.50214 2.30097 1.13754 0.727924 0.306204 0.243986 0.26551 0.308969 0.319234 0.279849 0.643817 0.840443 0.899256 1.33138 1.46542
S_f
 0.102216 0.697486 0.979032 0.998944 0.999948
 0.102216 0.697486 0.979032 0.998944 0.999948
 0.102216 0.697486 0.979032 0.998944 0.999948
 0.102216 0.697486 0.979032 0.998944 0.999948
 0.102216 0.697486 0.979032 0.998944 0.999948
 0.102216 0.697486 0.979032 0.998944 0.999948
 0.102216 0.697486 0.979032 0.998944 0.999948
 0.102216 0.697486 0.979032 0.998944 0.999948
 0.102216 0.697486 0.979032 0.998944 0.999948
 0.102216 0.697486 0.979032 0.998944 0.999948
 0.102216 0.697486 0.979032 0.998944 0.999948
 0.102216 0.697486 0.979032 0.998944 0.999948
 0.102216 0.697486 0.979032 0.998944 0.999948
 0.102216 0.697486 0.979032 0.998944 0.999948
 0.102216 0.697486 0.979032 0.998944 0.999948
 0.102216 0.697486 0.979032 0.998944 0.999948
 0.102216 0.697486 0.979032 0.998944 0.999948
 0.102216 0.697486 0.979032 0.998944 0.999948
 0.102216 0.697486 0.979032 0.998944 0.999948
 0.102216 0.697486 0.979032 0.998944 0.999948
 0.102216 0.697486 0.979032 0.998944 0.999948
 0.102216 0.697486 0.979032 0.998944 0.999948
 0.102216 0.697486 0.979032 0.998944 0.999948
 0.102216 0.697486 0.979032 0.998944 0.999948
 0.102216 0.697486 0.979032 0.998944 0.999948
Scru_reclas
 0.694847 0.91974 0.982956 0.996566 0.999316
 0.694847 0.91974 0.982956 0.996566 0.999316
 0.694847 0.91974 0.982956 0.996566 0.999316
 0.694847 0.91974 0.982956 0.996566 0.999316
 0.694847 0.91974 0.982956 0.996566 0.999316
 0.694847 0.91974 0.982956 0.996566 0.999316
 0.694847 0.91974 0.982956 0.996566 0.999316
 0.694847 0.91974 0.982956 0.996566 0.999316
 0.694847 0.91974 0.982956 0.996566 0.999316
 0.694847 0.91974 0.982956 0.996566 0.999316
 0.694847 0.91974 0.982956 0.996566 0.999316
 0.694847 0.91974 0.982956 0.996566 0.999316
 0.694847 0.91974 0.982956 0.996566 0.999316
 0.694847 0.91974 0.982956 0.996566 0.999316
 0.694847 0.91974 0.982956 0.996566 0.999316
 0.694847 0.91974 0.982956 0.996566 0.999316
 0.694847 0.91974 0.982956 0.996566 0.999316
 0.694847 0.91974 0.982956 0.996566 0.999316
 0.694847 0.91974 0.982956 0.996566 0.999316
 0.694847 0.91974 0.982956 0.996566 0.999316
 0.694847 0.91974 0.982956 0.996566 0.999316
 0.694847 0.91974 0.982956 0.996566 0.999316
 0.694847 0.91974 0.982956 0.996566 0.999316
 0.694847 0.91974 0.982956 0.996566 0.999316
 0.694847 0.91974 0.982956 0.996566 0.999316
Scru_pelaces
 1 1 1 1 1
 1 1 1 1 1
 1 1 1 1 1
 1 1 1 1 1
 1 1 1 1 1
 1 1 1 1 1
 1 1 1 1 1
 1 1 1 1 1
 1 1 1 1 1
 1 1 1 1 1
 1 1 1 1 1
 1 1 1 1 1
 1 1 1 1 1
 1 1 1 1 1
 1 1 1 1 1
 1 1 1 1 1
 1 1 1 1 1
 1 1 1 1 1
 1 1 1 1 1
 1 1 1 1 1
 1 1 1 1 1
 1 1 1 1 1
 1 1 1 1 1
 1 1 1 1 1
 1 1 1 1 1
pf_obs 
 0.256992 0.487395 0.22802 0.0275931 0
 0.321318 0.546541 0.124235 0.00734118 0.000564706
 0.182869 0.594174 0.210203 0.0122559 0.00049798
 0.330522 0.361315 0.267642 0.0388342 0.00168674
 0.649043 0.306663 0.0425973 0.00169635 0
 0.582887 0.30429 0.105238 0.00758474 0
 0.465427 0.430635 0.0974691 0.00646863 0
 0.296916 0.608066 0.0921331 0.00288517 0
 0.311714 0.524322 0.152257 0.0117073 0
 0.15457 0.633149 0.183074 0.0267441 0.00246327
 0.131901 0.49318 0.331252 0.0422183 0.00144891
 0.196976 0.569456 0.194076 0.0375587 0.00193317
 0.518974 0.381816 0.0799577 0.0180837 0.00116848
 0.0928022 0.601141 0.25162 0.0475244 0.00691264
 0.122501 0.610282 0.24278 0.0234846 0.000952079
 0.383417 0.481906 0.127806 0.00687128 0
 0.0376549 0.599619 0.316969 0.0457579 0
 0.0361596 0.667082 0.258105 0.0386534 0
 0.158088 0.579412 0.248529 0.0139706 0
 0.0477256 0.309471 0.559284 0.082774 0.000745712
 0.0406174 0.521527 0.379366 0.0568643 0.0016247
 0.151134 0.462217 0.34131 0.0453401 0
 0.294876 0.26143 0.354403 0.0886775 0.000613685
 0.281977 0.475581 0.204845 0.0348837 0.00271318
 0.0354234 0.537034 0.353287 0.0723622 0.0018943
pf_pred 
 0.00359758 0.657619 0.300476 0.0383058 1.42474e-06
 0.00999461 0.0202526 0.710401 0.230561 0.0287908
 0.00349843 0.0757915 0.0268678 0.658611 0.235232
 0.0756302 0.0340834 0.106468 0.0235578 0.760261
 0.721016 0.116869 0.00896708 0.0187426 0.134405
 0.0678194 0.884052 0.0246715 0.00132546 0.0221316
 0.448837 0.206569 0.334021 0.00551346 0.00505944
 0.366629 0.569869 0.0318234 0.0307379 0.000940578
 0.308375 0.596058 0.0903524 0.00266798 0.00254647
 0.50596 0.401177 0.0853696 0.00709928 0.000393511
 0.0594072 0.831345 0.095328 0.0128265 0.00109349
 0.03871 0.295546 0.614451 0.0449193 0.0063746
 0.322999 0.181418 0.201469 0.272015 0.0220989
 0.149852 0.741533 0.0434578 0.0270829 0.0380742
 0.232375 0.556863 0.197849 0.0053335 0.00757867
 0.286026 0.594085 0.102793 0.0161036 0.000992701
 0.169956 0.63936 0.170276 0.01758 0.00282807
 0.187215 0.497001 0.266303 0.0443258 0.00515515
 0.130906 0.553502 0.223891 0.0776622 0.0140392
 0.501405 0.268996 0.168254 0.0438703 0.0174756
 0.244024 0.676289 0.0523309 0.0202132 0.007143
 0.155961 0.547175 0.274581 0.0147467 0.00753615
 0.308568 0.374117 0.231114 0.0798692 0.00633227
 0.166632 0.630656 0.129284 0.0538353 0.0195929
 0.00192205 0.560687 0.359761 0.0499466 0.0276831
pobs_RECLAS
 0 0 0 0 0
 0 0 0 0 0
 0 0 0 0 0
 0 0 0 0 0
 0.835266 0.146461 0.0176864 0.000547809 3.91292e-05
 0.385257 0.428462 0.181853 0.0044286 0
 0.867414 0.0963971 0.0333333 0.00285562 0
 0.441836 0.489002 0.0689373 0.000224442 0
 0.779404 0.147425 0.0564933 0.0165055 0.000172143
 0.814271 0.122319 0.05973 0.00367925 0
 0.40263 0.566651 0.0304383 0.000280538 0
 0.475488 0.404961 0.113038 0.00651328 0
 0.955842 0.0263864 0.0167828 0.000988607 0
 0.975058 0.0227948 0.00214734 0 0
 0.738997 0.206755 0.0527124 0.00153531 0
 0.850938 0.134255 0.0134407 0.00136685 0
 0.542534 0.407297 0.0501686 0 0
 0.764087 0.199537 0.0359546 0.000420521 0
 0.470689 0.182191 0.310203 0.0369168 0
 0.84361 0.089868 0.0606195 0.00523954 0.000663233
 0.607945 0.314616 0.071237 0.00620181 0
 0.523733 0.453247 0.0230204 0 0
 0.530135 0.295979 0.169645 0.0042399 0
 0.562478 0.366248 0.0663022 0.0049721 0
 0.250443 0.683176 0.0655157 0.000865301 0
ppred_RECLAS
 0.0199689 0.704569 0.244495 0.0309653 1.15372e-06
 0.0644122 0.0251203 0.668127 0.215397 0.0269439
 0.0244269 0.0982764 0.0258023 0.627136 0.224358
 0.3626 0.0310263 0.0728781 0.0160079 0.517488
 0.939918 0.0293477 0.00170826 0.00354686 0.0254791
 0.288161 0.684708 0.0139623 0.000742977 0.0124254
 0.842165 0.0710004 0.0841924 0.00137687 0.00126551
 0.774105 0.209513 0.00825984 0.00788075 0.000241501
 0.724382 0.247332 0.0267581 0.000781159 0.000746699
 0.852184 0.126129 0.0199504 0.00164548 9.13599e-05
 0.258078 0.675855 0.0577075 0.00770212 0.000657716
 0.205533 0.295882 0.460434 0.0334025 0.00474822
 0.771046 0.0774593 0.0619736 0.0827853 0.00673592
 0.530024 0.428212 0.0168649 0.010342 0.0145574
 0.677053 0.258487 0.0605733 0.00160443 0.00228252
 0.696502 0.264468 0.0335081 0.00520029 0.000321083
 0.539477 0.377221 0.0744511 0.00762194 0.00122815
 0.575957 0.287631 0.115175 0.0190217 0.00221597
 0.468958 0.372685 0.112591 0.0387496 0.00701664
 0.860915 0.0853931 0.0394331 0.0101921 0.00406663
 0.633219 0.336804 0.0197291 0.00756883 0.00267931
 0.513428 0.345072 0.130941 0.00698405 0.00357528
 0.725673 0.167509 0.077949 0.026745 0.00212406
 0.527383 0.380596 0.0588293 0.0243236 0.00886755
 0.0112492 0.623384 0.300876 0.0414678 0.0230229
pobs_PELACES
 0 0 0 0 0
 0 0 0 0 0
 0 0 0 0 0
 0 0 0 0 0
 0 0 0 0 0
 0 0 0 0 0
 0 0 0 0 0
 0 0 0 0 0
 0 0 0 0 0
 0 0 0 0 0
 0.450072 0.473896 0.0757376 0.000293798 0
 0 0 0 0 0
 0.463077 0.371075 0.160297 0.00555027 0
 0.529543 0.364841 0.0842815 0.0213345 0
 0.631943 0.363953 0.00410389 0 0
 0.735681 0.248677 0.0153453 0.000297389 0
 0.695825 0.281241 0.0229344 0 0
 0.275771 0.60734 0.115278 0.00161068 0
 0 0 0 0 0
 0.896147 0.0623911 0.0374545 0.00400742 0
 0.803859 0.145111 0.0509908 3.86294e-05 0
 0.739449 0.233085 0.0266225 0.000797448 4.60066e-05
 0.878498 0.100942 0.0204185 0.000141795 0
 0.694673 0.275183 0.0284847 0.00165964 0
 0.469039 0.446079 0.0841089 0.000773354 0
ppred_PELACES
 0.0275259 0.714682 0.229186 0.0286048 1.06279e-06
 0.0937943 0.026545 0.648159 0.205828 0.0256743
 0.0434972 0.111702 0.0253381 0.604028 0.215435
 0.483735 0.0284073 0.0596628 0.0128847 0.415311
 0.957567 0.0217875 0.00116656 0.00238617 0.0170931
 0.40183 0.579044 0.00995776 0.000518818 0.00864954
 0.904566 0.0468496 0.0471374 0.000755107 0.000691886
 0.864366 0.127718 0.0040403 0.00376113 0.000114878
 0.826396 0.158835 0.0139901 0.000398894 0.00038006
 0.900679 0.0864093 0.0118952 0.000962751 5.32927e-05
 0.350056 0.598921 0.0446722 0.00585239 0.000498262
 0.294326 0.283722 0.390203 0.0278085 0.00394133
 0.868985 0.0505449 0.0333648 0.043571 0.00353386
 0.704586 0.275422 0.00822101 0.00489892 0.0068716
 0.826353 0.146534 0.0255264 0.000656129 0.000930102
 0.793073 0.184012 0.019732 0.00299913 0.000184601
 0.652415 0.291934 0.0498419 0.00500502 0.00080403
 0.680278 0.225725 0.0795888 0.0129094 0.00149944
 0.580658 0.30572 0.0812164 0.0274491 0.00495562
 0.912351 0.0570253 0.0226139 0.00573023 0.00227936
 0.708255 0.269941 0.01443 0.00545062 0.001924
 0.603993 0.288565 0.0995482 0.00522648 0.00266791
 0.799134 0.127909 0.0534802 0.0180471 0.00142913
 0.620203 0.312202 0.0434814 0.017685 0.00642874
 0.0169401 0.645522 0.278834 0.037786 0.0209177
pobs_pel_tallas
 0 0 0 0 0 0 0 0 0 0 0 0 0 0 0 0 0 0 0 0 0 0 0 0 0 0 0 0 0 0 0 0 0 0 0 0
 0 0 0 0 0 0 0 0 0 0 0 0 0 0 0 0 0 0 0 0 0 0 0 0 0 0 0 0 0 0 0 0 0 0 0 0
 0 0 0 0 0 0 0 0 0 0 0 0 0 0 0 0 0 0 0 0 0 0 0 0 0 0 0 0 0 0 0 0 0 0 0 0
 0 0 0 0 0 0 0 0 0 0 0 0 0 0 0 0 0 0 0 0 0 0 0 0 0 0 0 0 0 0 0 0 0 0 0 0
 0 0 0 0 0 0 0 0 0 0 0 0 0 0 0 0 0 0 0 0 0 0 0 0 0 0 0 0 0 0 0 0 0 0 0 0
 0 0 0 0 0 0 0 0 0 0 0 0 0 0 0 0 0 0 0 0 0 0 0 0 0 0 0 0 0 0 0 0 0 0 0 0
 0 0 0 0 0 0 0 0 0 0 0 0 0 0 0 0 0 0 0 0 0 0 0 0 0 0 0 0 0 0 0 0 0 0 0 0
 0 0 0 0 0 0 0 0 0 0 0 0 0 0 0 0 0 0 0 0 0 0 0 0 0 0 0 0 0 0 0 0 0 0 0 0
 0 0 0 0 0 0 0 0 0 0 0 0 0 0 0 0 0 0 0 0 0 0 0 0 0 0 0 0 0 0 0 0 0 0 0 0
 0 0 0 0 0 0 0 0 0 0 0 0 0 0 0 0 0 0 0 0 0 0 0 0 0 0 0 0 0 0 0 0 0 0 0 0
 0 0 0 0 0 0 0 0 1.78061e-05 0.00172719 0.00360574 0.0105946 0.0120993 0.0124554 0.0147524 0.0171206 0.0266825 0.0428682 0.0675386 0.121331 0.153587 0.119568 0.100827 0.0573624 0.0630603 0.0341343 0.0324427 0.0444173 0.0211091 0.0280891 0.0125444 0.00206551 0 0 0 0
 0 0 0 0 0 0 0 0 0 0 0 0 0 0 0 0 0 0 0 0 0 0 0 0 0 0 0 0 0 0 0 0 0 0 0 0
 0 0 0 0 0 0 0.0133647 0.0140871 0.0187388 0.0205184 0.03894 0.0496705 0.03968 0.0493445 0.0407372 0.0367815 0.0215668 0.0243155 0.0234873 0.0199281 0.019796 0.0243948 0.0301388 0.0376714 0.0412746 0.0863199 0.0771752 0.113111 0.0741005 0.0525337 0.0229764 0.00759418 0.00175318 0 0 0
 0 0 0 0 0 0 0 0 0 0 0.00219441 0.00772107 0.0458388 0.0604681 0.0671733 0.0775358 0.0609151 0.0617685 0.073594 0.0568108 0.0755445 0.0548602 0.0670107 0.0636378 0.0643287 0.046367 0.0373049 0.0286899 0.0247887 0.0153202 0.00654259 0.00121912 0.000365735 0 0 0
 0 0 0 0 0 0 0 0 0 0 0 0 0.000112435 0.00938835 0.0111873 0.0202946 0.0414886 0.0713402 0.111592 0.104902 0.108894 0.110636 0.117776 0.105296 0.107544 0.0401394 0.0192827 0.0124803 0.00416011 0.0028671 0.000618394 0 0 0 0 0
 0 0 0 0 0 0 0 0 0 0 0.00291406 0.0102884 0.027416 0.0768956 0.0749926 0.110853 0.0956884 0.0897413 0.0766577 0.0534642 0.0500743 0.0551293 0.0594112 0.0620874 0.0668451 0.0424026 0.0208742 0.0120726 0.0048766 0.00582813 0.00118941 0.000297354 0 0 0 0
 0 0.00264628 0.0354308 0.0461629 0.0458689 0.0383711 0.0214643 0.0164657 0.0346957 0.0420465 0.0363128 0.0245516 0.0311673 0.0291091 0.0169068 0.0133784 0.00837989 0.0085269 0.0148486 0.0160247 0.0276389 0.0546898 0.0760071 0.122758 0.109233 0.0665981 0.0333725 0.0166128 0.00676272 0.00308733 0.000882094 0 0 0 0 0
 0 0 0 0 0 0 0 0.000805153 0.000690131 0.00759144 0.0133425 0.0154129 0.00931677 0.000345066 0.00356568 0.00563607 0.00851162 0.0253048 0.0502646 0.0516448 0.0657925 0.0565908 0.0611916 0.0827007 0.0866115 0.110766 0.145733 0.0935128 0.0569358 0.0249597 0.0138026 0.00621118 0.00161031 0.00115022 0 0
 0 0 0 0 0 0 0 0 0 0 0 0 0 0 0 0 0 0 0 0 0 0 0 0 0 0 0 0 0 0 0 0 0 0 0 0
 0.00147267 0.00158595 0.00478618 0.00569244 0.00954404 0.0108468 0.00647125 0.017049 0.0510054 0.094081 0.124002 0.0959785 0.0687766 0.0820023 0.061753 0.0591476 0.0492212 0.0479892 0.0443925 0.0268479 0.0217502 0.0140895 0.0121071 0.0120363 0.00920419 0.00665534 0.0049561 0.00860946 0.00930331 0.0156896 0.0114698 0.00855282 0.00243557 0.00046729 0 2.83206e-05
 0 0 0 0 0.000772559 0.00158375 0.000888443 0.00281984 0.00712685 0.0440552 0.0773331 0.111326 0.0921469 0.0852325 0.0710754 0.0886704 0.0786465 0.0553345 0.0373146 0.0185414 0.00753245 0.00457741 0.012979 0.0271748 0.0457355 0.0583668 0.034881 0.0177882 0.00938659 0.00492506 0.0015258 0.00185414 0.000309023 5.79419e-05 3.86279e-05 0
 0 0.00173294 0.00326652 0 0.00397197 0.00683976 0.00946217 0.0152591 0.00757587 0.0136028 0.0228656 0.0392903 0.0559909 0.0764795 0.0681675 0.0726916 0.0566044 0.0477403 0.0527397 0.0444891 0.0609904 0.0582453 0.0661739 0.0445044 0.0529084 0.0360697 0.0280645 0.0235558 0.0158879 0.00826598 0.00280645 0.00217768 0.000904811 0.00058276 9.20147e-05 0
 0 0 0 0 0 0 0 0 0 0 0 0 0 0 0 0 0 0 0 0 0 0 0 0 0 0 0 0 0 0 0 0 0 0 0 0
 0 0 0 0 0 0 0 0 0 0 0 0 0 0 0 0 0 0 0 0 0 0 0 0 0 0 0 0 0 0 0 0 0 0 0 0
 0 0 0 0 0 0 0 0 0 0 0 0 0 0 0 0 0 0 0 0 0 0 0 0 0 0 0 0 0 0 0 0 0 0 0 0
ppred_pel_tallas
 1.04469e-16 1.24241e-06 7.18838e-06 3.39534e-05 0.000130359 0.000406187 0.00102679 0.00210671 0.003514 0.00478541 0.00538207 0.00516279 0.00460239 0.00451682 0.00561713 0.00831755 0.0128183 0.019208 0.0274366 0.0372046 0.0478798 0.0585123 0.0679645 0.075128 0.0791657 0.079698 0.0768743 0.0713033 0.0638771 0.0555495 0.047145 0.0392464 0.032174 0.0260334 0.0207961 0.0163743
 1.17482e-16 4.10494e-06 2.40553e-05 0.000114276 0.000439852 0.00137149 0.00346426 0.00708898 0.0117536 0.0157935 0.0172099 0.0152365 0.0110315 0.00669755 0.00375734 0.00257318 0.00281273 0.00409912 0.00628965 0.00943894 0.0136762 0.0191075 0.0257516 0.0334945 0.042061 0.0510092 0.0597535 0.0676195 0.0739267 0.0780852 0.0796875 0.0785764 0.0748725 0.0689518 0.0613843 0.052842
 1.31218e-16 1.91268e-06 1.11832e-05 5.30777e-05 0.000204217 0.000636679 0.00160827 0.00329184 0.00546112 0.00734804 0.00803291 0.00717332 0.00532734 0.00350165 0.00244602 0.00238278 0.0032181 0.00483471 0.0072103 0.0103911 0.0144314 0.0193547 0.0251387 0.0317129 0.0389577 0.0466983 0.054691 0.0626089 0.0700369 0.0764888 0.0814521 0.0844574 0.0851583 0.0833983 0.079253 0.073027
 1.20705e-16 2.11061e-05 0.000123872 0.000588829 0.00226702 0.00706946 0.0178568 0.0365368 0.0605621 0.0813281 0.0884875 0.07802 0.0557794 0.0324144 0.0154785 0.00640537 0.00289088 0.00224667 0.00287235 0.00414697 0.00592886 0.00823062 0.011088 0.0145168 0.0184954 0.0229513 0.0277506 0.0326916 0.0375089 0.0418898 0.045505 0.0480493 0.0492859 0.049084 0.0474411 0.0444869
 1.00905e-16 4.17679e-05 0.000245174 0.00116551 0.00448737 0.0139935 0.0353463 0.0723217 0.119875 0.16097 0.175119 0.154351 0.110235 0.0638207 0.0300131 0.0115832 0.00387928 0.00146397 0.00103081 0.00119555 0.00151701 0.00186924 0.00220282 0.00248516 0.00269391 0.00281971 0.00286726 0.00285226 0.00279557 0.00271647 0.00262752 0.0025326 0.00242814 0.00230659 0.00216062 0.00198644
 1.00752e-16 1.75578e-05 0.000102988 0.000489425 0.00188409 0.00587517 0.0148408 0.03037 0.050356 0.0676702 0.0737532 0.065328 0.0473578 0.0288358 0.0162296 0.0109496 0.0112834 0.0151097 0.0210343 0.0282226 0.0359515 0.0433807 0.0495736 0.0536571 0.0550209 0.0534676 0.0492646 0.0430708 0.0357712 0.0282719 0.0213221 0.0154089 0.0107376 0.00728093 0.00486329 0.00324718
 1.00743e-16 3.9458e-05 0.00023161 0.00110102 0.00423906 0.0132192 0.0333904 0.0683199 0.113243 0.152067 0.165441 0.145838 0.104194 0.0604008 0.0285523 0.0112812 0.00420938 0.00221475 0.00218149 0.00279842 0.00363082 0.00452693 0.00539571 0.00615697 0.00674344 0.00711083 0.00724369 0.00715366 0.00687202 0.00643952 0.00589771 0.00528377 0.00462943 0.00396208 0.00330641 0.00268505
 1.00234e-16 3.77082e-05 0.00022133 0.00105213 0.0040508 0.0126321 0.0319076 0.0652866 0.108217 0.145326 0.158125 0.139433 0.0997132 0.0579963 0.0277771 0.0116032 0.00532004 0.00404893 0.00480231 0.00628056 0.00798088 0.0096375 0.0110292 0.0119612 0.0122976 0.0119933 0.0111047 0.00977433 0.00819412 0.00656107 0.00503823 0.00373196 0.00268772 0.00190088 0.00133516 0.000941198
 1.00282e-16 3.60538e-05 0.000211614 0.00100593 0.00387293 0.0120774 0.0305065 0.06242 0.103467 0.13895 0.151196 0.133345 0.0954057 0.0555847 0.026798 0.011498 0.00572927 0.00483917 0.00597263 0.00787249 0.0100249 0.0121258 0.0139045 0.0151174 0.0155926 0.0152689 0.0142113 0.0125911 0.0106424 0.00860718 0.00668794 0.00501918 0.00366212 0.00261723 0.00184606 0.00129326
 1.00233e-16 3.929e-05 0.00023062 0.00109631 0.0042209 0.0131626 0.0332474 0.0680277 0.11276 0.151422 0.164746 0.145246 0.103814 0.0602678 0.0286523 0.0116025 0.00477077 0.00306142 0.00336342 0.0043448 0.005527 0.00669825 0.00770279 0.0084063 0.00871336 0.00858808 0.00806203 0.00722429 0.00619808 0.00511163 0.00407286 0.00315444 0.00239087 0.00178511 0.00131999 0.000969557
 1.01054e-16 1.53011e-05 8.97369e-05 0.000426425 0.00164152 0.00511871 0.01293 0.0264607 0.0438769 0.0589723 0.0642967 0.0570072 0.0414466 0.0254771 0.0147706 0.0106007 0.0115202 0.0157139 0.0219739 0.0295394 0.0376984 0.0455937 0.0522578 0.056782 0.058521 0.0572495 0.0532165 0.0470735 0.0397076 0.0320342 0.024817 0.0185616 0.0134946 0.00961268 0.00676485 0.00473708
 1.06772e-16 1.28591e-05 7.54271e-05 0.000358454 0.00137991 0.00430297 0.0108692 0.0222418 0.0368761 0.0495471 0.0539794 0.047762 0.0345143 0.0208014 0.0113361 0.00713185 0.00693317 0.00922224 0.0130703 0.0180272 0.0237882 0.0299982 0.0362129 0.0419476 0.0467562 0.0503029 0.0524021 0.053018 0.0522332 0.0502038 0.0471212 0.0431917 0.0386323 0.033673 0.0285555 0.0235215
 1.02153e-16 3.79065e-05 0.000222501 0.00105771 0.00407233 0.0126993 0.0320771 0.0656329 0.108789 0.146088 0.158937 0.140108 0.100109 0.0580505 0.0274749 0.0109153 0.00417034 0.00232412 0.00238772 0.00310487 0.00405984 0.00510728 0.00615902 0.00713674 0.00797413 0.00862608 0.00907307 0.00931774 0.00937623 0.00926803 0.00900898 0.00860953 0.00807797 0.00742579 0.00667275 0.00584844
 1.00696e-16 3.0747e-05 0.000180448 0.000857743 0.00330231 0.0102979 0.0260119 0.0532246 0.0882289 0.118499 0.128976 0.113826 0.0816129 0.0478959 0.0237402 0.0112976 0.00725462 0.00768372 0.0101493 0.0135176 0.0172193 0.0208032 0.0238153 0.0258395 0.0265841 0.025952 0.0240653 0.0212305 0.0178605 0.0143781 0.0111324 0.00834971 0.0061252 0.00444635 0.00323316 0.00237851
 1.00477e-16 3.60515e-05 0.000211602 0.00100588 0.00387271 0.0120767 0.0305048 0.0624164 0.103461 0.138941 0.151183 0.133327 0.0953801 0.0555432 0.0267287 0.0113846 0.00555253 0.0045787 0.00561117 0.00740131 0.00944971 0.0114714 0.0132159 0.0144566 0.0150299 0.0148718 0.0140319 0.0126566 0.0109505 0.00912743 0.00736847 0.0057966 0.00447201 0.00340295 0.0025645 0.00191715
 1.00452e-16 3.46018e-05 0.000203087 0.000965391 0.00371682 0.0115906 0.0292768 0.0599043 0.0992979 0.133354 0.145115 0.127999 0.0916213 0.0534605 0.0259249 0.0113826 0.00605194 0.00547808 0.00692242 0.00916634 0.0116887 0.0141554 0.0162567 0.0177105 0.0183162 0.0180004 0.0168347 0.015013 0.0128019 0.0104774 0.0082709 0.00633658 0.00474563 0.00350061 0.00256044 0.00186529
 1.01013e-16 2.8473e-05 0.000167095 0.000794259 0.00305788 0.00953565 0.0240865 0.0492852 0.0816999 0.109733 0.119445 0.105439 0.0756507 0.0445009 0.0222518 0.0109159 0.00744615 0.00822362 0.0110013 0.0147222 0.0188326 0.0228693 0.0263527 0.0288346 0.0299896 0.0296903 0.0280349 0.0253146 0.0219356 0.0183227 0.0148348 0.0117153 0.00908283 0.00695318 0.00527663 0.0039751
 1.01718e-16 2.96853e-05 0.000174219 0.000828137 0.00318834 0.0099425 0.025114 0.0513872 0.0851822 0.114404 0.124512 0.109869 0.0787378 0.0461333 0.022729 0.0105926 0.0065189 0.00671854 0.00885732 0.0118769 0.0152824 0.018706 0.0217766 0.0241419 0.0255345 0.0258294 0.0250662 0.023428 0.0211865 0.0186339 0.0160234 0.0135351 0.01127 0.0092649 0.00751738 0.0060083
 1.02428e-16 2.53446e-05 0.000148728 0.000706935 0.00272165 0.00848714 0.021438 0.0438665 0.0727188 0.0976754 0.106332 0.0938932 0.0674308 0.0397952 0.0201403 0.0102826 0.00753694 0.00870527 0.0117995 0.0158724 0.0204018 0.0249235 0.0289433 0.0319906 0.0337137 0.0339573 0.0327918 0.0304818 0.0274095 0.0239785 0.0205323 0.017307 0.0144243 0.0119147 0.00975419 0.00789827
 1.00644e-16 3.97978e-05 0.000233604 0.0011105 0.00427555 0.013333 0.0336779 0.0689082 0.114218 0.153378 0.166868 0.1471 0.105104 0.0609457 0.0288416 0.0114493 0.0043542 0.00238878 0.00240564 0.00307311 0.00393923 0.00483488 0.00565303 0.00630279 0.00671555 0.00685759 0.00673558 0.00639132 0.0058884 0.00529549 0.00467209 0.00406051 0.00348484 0.00295491 0.00247246 0.00203645
 1.00571e-16 3.09068e-05 0.000181387 0.000862206 0.0033195 0.0103515 0.0261472 0.0535015 0.0886878 0.119114 0.129644 0.114413 0.0820256 0.0481224 0.0238235 0.0112893 0.00718676 0.00756664 0.00998158 0.0132959 0.0169441 0.0204825 0.023465 0.025482 0.0262447 0.0256545 0.0238266 0.0210575 0.0177488 0.0143136 0.0110947 0.00831695 0.00607855 0.00437312 0.00312823 0.00224397
 1.01812e-16 2.63615e-05 0.000154699 0.000735326 0.00283097 0.00882805 0.0222991 0.0456282 0.0756384 0.101594 0.110592 0.0976379 0.0700843 0.0412893 0.0207637 0.0103843 0.00734585 0.00831325 0.0112184 0.015088 0.0194047 0.0237232 0.0275723 0.0305014 0.0321701 0.0324217 0.0313129 0.0290856 0.0260969 0.0227303 0.0193187 0.0160994 0.0132049 0.0106822 0.00852419 0.0066992
 1.01488e-16 3.48639e-05 0.000204631 0.000972741 0.00374514 0.0116789 0.0294999 0.0603602 0.100052 0.134362 0.146199 0.128927 0.0922212 0.053682 0.0257935 0.0109214 0.00523741 0.0042449 0.00519532 0.00689781 0.00889287 0.0109325 0.0128008 0.014297 0.0152662 0.0156303 0.0154012 0.0146685 0.0135711 0.0122596 0.0108652 0.00948208 0.00816532 0.00693952 0.00581223 0.00478532
 1.01628e-16 2.70691e-05 0.000158852 0.000755064 0.00290696 0.00906502 0.0228977 0.0468531 0.0776693 0.104323 0.113564 0.100268 0.0719835 0.042431 0.0213785 0.0107549 0.00767917 0.00872197 0.0117486 0.0157413 0.0201437 0.024471 0.0282149 0.0309001 0.0321826 0.0319296 0.030248 0.0274485 0.0239619 0.0202349 0.0166413 0.0134292 0.0107136 0.00850107 0.00673193 0.00532088
 1.06445e-16 7.78094e-07 4.4686e-06 2.10369e-05 8.06502e-05 0.00025119 0.000635202 0.001305 0.0021833 0.00299304 0.00341772 0.00339707 0.00326661 0.00359309 0.00490161 0.00755262 0.0117784 0.0177212 0.025384 0.034531 0.0446178 0.0548056 0.0640759 0.071421 0.0760593 0.0776003 0.076113 0.0720675 0.0661865 0.0592572 0.0519692 0.0448223 0.0381113 0.0319679 0.0264261 0.0214809
pSPR Fmed_Fpbrs
0.504195   0.411044 0.411044
Fs Fmed_Fpbrs
0.669083   1.005 1.005
SSBpbr Bo_Bmed_Bpbrs
977478  443965  352913 352913
Ro
15994.5
SPR SPRFo_SPRFmed_SPRFpbrs
328492 165624 135024
log_Ro
9.5
likeval ReclasPelacesDesembMPH_pf_preclas_ppelaces_ptallas_desvR_qrecl_qpela
 96.3441 105.705 0.156051 0.00018102 409.947 205.473 88.4608 0 78.6131 1.18565e-06 0 0 0 0 0
q_reclas_q_pelaces
0.857016 1
M
0.7
N
 2473.64 68617.3 22703.7 2839.92 0.105527
 3869.26 1211.68 31036.7 9889.36 1233.78
 479.514 1881.6 521.592 12611.7 4501.36
 2917.36 218.123 513.555 111.806 3605.3
 55314 1378.11 77.0233 158.029 1132.19
 10764.6 26957.3 602.064 31.9539 533.221
 54721.3 4768.02 6135.5 100.011 91.7184
 72948.1 24401.2 1136.07 1086.88 33.2426
 75938.2 30591.2 3823.59 111.753 106.609
 229447 32356.9 5344.44 438.169 24.2704
 42671.7 105212 9328.05 1237.07 105.387
 15047.1 19647.3 31191.2 2245.57 318.431
 61785.1 7017.48 6357.01 8489.54 689.328
 22281.8 26714.7 1354.84 838.194 1177.94
 14558.2 8774.98 2726.58 73.0118 103.712
 14186.8 5612.67 774.654 119.863 7.38435
 9286.75 6308.61 1312.2 133.621 21.4806
 9229.3 4230.07 1737.69 284.917 33.1114
 5851.96 4286.87 1331.37 454.97 82.1851
 27515 2714.07 1335.51 343.614 136.787
 28557.5 12432.8 707.769 268.537 94.8117
 24776.8 13796.3 5116.91 270.028 137.874
 60025.8 11920.1 5519.12 1875.94 148.607
 46331.6 28507.2 4365.7 1787.6 650.04
 457.153 22071.7 10663.1 1456.48 806.606
pred_Ctot
 24.1964 4422.97 2020.92 257.635 0.0095824
 57.7272 116.976 4103.16 1331.68 166.291
 29.1062 630.569 223.535 5479.5 1957.08
 102.552 46.2158 144.367 31.9436 1030.89
 740.642 120.05 9.21116 19.2527 138.064
 841.916 10974.7 306.275 16.4544 274.744
 4040.29 1859.47 3006.75 49.6305 45.5435
 8238.82 12806 715.129 690.735 21.1365
 7820.95 15117.1 2291.5 67.6648 64.5832
 12698.2 10068.4 2142.54 178.172 9.87602
 2244.15 31404.6 3601.08 484.53 41.3073
 660.859 5045.57 10489.9 766.865 108.828
 5790.95 3252.6 3612.08 4876.87 396.204
 3360.73 16630.4 974.628 607.387 853.889
 2375.69 5693.09 2022.71 54.5271 77.4806
 1073.23 2229.13 385.701 60.4241 3.72482
 555.394 2089.35 556.439 57.4492 9.24175
 430.723 1143.44 612.681 101.98 11.8604
 279.053 1179.9 477.269 165.553 29.9274
 1792.08 961.421 601.358 156.797 62.4598
 558.382 1547.5 119.745 46.2525 16.3448
 556.681 1953.07 980.078 52.6364 26.8992
 1888.56 2289.75 1414.51 488.831 38.7561
 1358.62 5141.99 1054.11 438.941 159.749
 15.7535 4595.5 2948.67 409.372 226.896
F
 0.0136839 0.0933746 0.131066 0.133732 0.133866
 0.0209381 0.142875 0.200547 0.204626 0.204832
 0.0877128 0.598523 0.840122 0.857208 0.85807
 0.0499662 0.340953 0.478581 0.488314 0.488805
 0.0187734 0.128104 0.179814 0.183471 0.183655
 0.114332 0.780161 1.09508 1.11735 1.11847
 0.107619 0.734356 1.03078 1.05175 1.05281
 0.169036 1.15344 1.61904 1.65197 1.65363
 0.153093 1.04466 1.46634 1.49616 1.49767
 0.0796933 0.543801 0.76331 0.778835 0.779618
 0.075596 0.515842 0.724065 0.738792 0.739534
 0.0627789 0.428383 0.601302 0.613532 0.614149
 0.138448 0.94472 1.32606 1.35303 1.35439
 0.231864 1.58217 2.22082 2.26599 2.26826
 0.253125 1.72724 2.42446 2.47377 2.47626
 0.110399 0.753324 1.05741 1.07891 1.08
 0.08637 0.58936 0.82726 0.844085 0.844933
 0.0668274 0.456008 0.64008 0.653098 0.653754
 0.0683274 0.466243 0.654446 0.667756 0.668428
 0.0943902 0.644087 0.904078 0.922465 0.923393
 0.0275204 0.18779 0.263593 0.268954 0.269224
 0.031681 0.216181 0.303443 0.309615 0.309926
 0.0446167 0.304449 0.427343 0.436034 0.436472
 0.0415274 0.283369 0.397753 0.405843 0.406251
 0.0489607 0.334092 0.468951 0.478488 0.478969
nmprior
 10.6 11 7 0
nm_flota  nm_reclas  nm_pelaces    nm_pelaL
inf 19.1739 15.6617 35.7511
cv_recla  cv_pelaces  cv_mph
0.887846 1.16579 0.436518
 ------------------------------------------------
Talla a la edad & desviación 
 7.2 14.2025 17.0495 18.207 18.6776
 1.08 2.13037 2.55742 2.73105 2.80164
