years
 1997 1998 1999 2000 2001 2002 2003 2004 2005 2006 2007 2008 2009 2010 2011 2012 2013 2014 2015 2016 2017 2018 2019 2020 2021
reclasobs
 0 0 0 370054 412103 1.49427e+06 250295 1.28982e+06 931140 785840 897777 1.04006e+06 184774 17550 25797 100020 73551 82996 120727 218422 84188 347160 605670 569463 516374
reclaspred
 3.61428e+06 435610 599876 165494 219947 286767 503937 431884 660069 1.15322e+06 1.30206e+06 825677 441074 200055 128555 117549 122889 153012 136706 186757 359679 349872 541069 590232 475285
pelacesobs
 0 0 0 0 0 0 0 0 0 2.06254e+06 1.5e+06 0 1.87456e+06 323000 250000 174000 83755 137374 0 501740 490994 745055 786931 1.00524e+06 1.33801e+06
pelacespred
 1.54239e+06 618698 187435 121997 126444 117264 265629 242352 360911 665011 669963 437684 238034 85603.8 53563.3 55817.2 60828.2 75863.7 70745.8 93348 197757 204802 239444 304945 238650
mphobs
 0 0 0 0 0 112323 0 153150 637223 0 255016 313432 73983 77613 109348 50772 0 0 0 0 0 0 0 0 0
mphpred
 2.58095e+06 1.10656e+06 467369 235788 117133 292939 299564 423442 469223 766772 1.31331e+06 906924 486783 265140 120173 101729 101861 122419 132414 123273 248057 338427 378116 500162 502190
desembarqueobs
 350755 77701 442110 56441 14545 235359 269955 359681 431902 328805 639364 411747 362871 311530 167758 66681 60226 58785 57116 73181 50977 67692 138656 160484 209506
desembarquepred
 350736 77680.5 441625 56417.2 14543.5 235106 269766 359128 431432 328566 638516 411243 362154 310863 167410 66629.1 60191.6 58739.1 57061.2 73110.1 50960.5 67648.5 138555 160370 209355
Reclutas
 4239.38 5923.65 869.82 3141.6 52299.7 13703.7 55100 66169.6 113746 221970 55126.8 19099.7 52853.4 27724.9 19458 14099.2 10995.2 10952.2 7522.05 28296.1 34553 30768.6 58039.7 44380.5 841.076
log_desv_Rt
 -1.50783 -1.17329 -3.09171 -1.80751 1.00475 -0.33458 1.0569 1.23998 1.78172 2.4503 1.05739 -0.00257173 1.01528 0.370086 0.0160114 -0.306126 -0.554782 -0.558708 -0.934405 0.390481 0.59025 0.474249 1.10888 0.840555 -3.12532
SSB
 2.58095e+06 1.10656e+06 467369 235788 117133 292939 299564 423442 469223 766772 1.31331e+06 906924 486783 265140 120173 101729 101861 122419 132414 123273 248057 338427 378116 500162 502190
BT
 3.0465e+06 1.28165e+06 594039 293942 373344 405126 1.01143e+06 986586 1.42401e+06 2.10885e+06 1.91142e+06 1.20951e+06 906467 483843 277026 180025 191234 220163 192365 303265 529735 470180 616198 775833 606637
Ftot
 0.0945376 0.172809 0.680949 0.326582 0.064625 0.754413 0.509758 0.774966 0.618335 0.275453 0.464832 0.471293 0.760651 1.34305 1.16369 0.53574 0.46592 0.367687 0.398149 0.375952 0.137838 0.187366 0.247266 0.262006 0.418383
BD_Bspro_t
 0.985032 0.885897 0.693651 0.377766 0.388892 0.669756 0.480856 0.509412 0.483909 0.547329 0.636372 0.470213 0.33307 0.246243 0.146214 0.148928 0.195723 0.291388 0.361002 0.406221 0.597148 0.71914 0.711137 0.701467 0.641367
BD_Bspro
 6.56269 2.81369 1.1884 0.599549 0.29784 0.744868 0.761715 1.0767 1.19312 1.9497 3.33941 2.30608 1.23776 0.674182 0.305568 0.258672 0.259007 0.311281 0.336694 0.313452 0.630746 0.860534 0.961452 1.27178 1.27694
BD_Bo
 2.42899 1.04141 0.439853 0.221906 0.110237 0.275692 0.281927 0.398512 0.441598 0.721628 1.23599 0.853529 0.458123 0.24953 0.113097 0.0957402 0.0958641 0.115212 0.124618 0.116016 0.233453 0.318502 0.355854 0.470715 0.472624
BD_Brms
 11.8141 5.06517 2.13934 1.0793 0.536167 1.3409 1.37123 1.93827 2.14783 3.50983 6.01155 4.15136 2.2282 1.21365 0.550079 0.465658 0.46626 0.560364 0.606112 0.564273 1.13546 1.54912 1.73079 2.28945 2.29873
S_f
 0.5 1 1 1 1
 0.5 1 1 1 1
 0.5 1 1 1 1
 0.5 1 1 1 1
 0.5 1 1 1 1
 0.5 1 1 1 1
 0.5 1 1 1 1
 0.5 1 1 1 1
 0.5 1 1 1 1
 0.5 1 1 1 1
 0.5 1 1 1 1
 0.5 1 1 1 1
 0.5 1 1 1 1
 0.5 1 1 1 1
 0.5 1 1 1 1
 0.5 1 1 1 1
 0.5 1 1 1 1
 0.5 1 1 1 1
 0.5 1 1 1 1
 0.5 1 1 1 1
 0.5 1 1 1 1
 0.5 1 1 1 1
 0.5 1 1 1 1
 0.5 1 1 1 1
 0.5 1 1 1 1
Scru_reclas
 0.5 1 1 1 1
 0.5 1 1 1 1
 0.5 1 1 1 1
 0.5 1 1 1 1
 0.5 1 1 1 1
 0.5 1 1 1 1
 0.5 1 1 1 1
 0.5 1 1 1 1
 0.5 1 1 1 1
 0.5 1 1 1 1
 0.5 1 1 1 1
 0.5 1 1 1 1
 0.5 1 1 1 1
 0.5 1 1 1 1
 0.5 1 1 1 1
 0.5 1 1 1 1
 0.5 1 1 1 1
 0.5 1 1 1 1
 0.5 1 1 1 1
 0.5 1 1 1 1
 0.5 1 1 1 1
 0.5 1 1 1 1
 0.5 1 1 1 1
 0.5 1 1 1 1
 0.5 1 1 1 1
Scru_pelaces
 0.5 1 1 1 1
 0.5 1 1 1 1
 0.5 1 1 1 1
 0.5 1 1 1 1
 0.5 1 1 1 1
 0.5 1 1 1 1
 0.5 1 1 1 1
 0.5 1 1 1 1
 0.5 1 1 1 1
 0.5 1 1 1 1
 0.5 1 1 1 1
 0.5 1 1 1 1
 0.5 1 1 1 1
 0.5 1 1 1 1
 0.5 1 1 1 1
 0.5 1 1 1 1
 0.5 1 1 1 1
 0.5 1 1 1 1
 0.5 1 1 1 1
 0.5 1 1 1 1
 0.5 1 1 1 1
 0.5 1 1 1 1
 0.5 1 1 1 1
 0.5 1 1 1 1
 0.5 1 1 1 1
pf_obs 
 0.256992 0.487395 0.22802 0.0275931 0
 0.321318 0.546541 0.124235 0.00734118 0.000564706
 0.182869 0.594174 0.210203 0.0122559 0.00049798
 0.330522 0.361315 0.267642 0.0388342 0.00168674
 0.649043 0.306663 0.0425973 0.00169635 0
 0.582887 0.30429 0.105238 0.00758474 0
 0.465427 0.430635 0.0974691 0.00646863 0
 0.296916 0.608066 0.0921331 0.00288517 0
 0.311714 0.524322 0.152257 0.0117073 0
 0.15457 0.633149 0.183074 0.0267441 0.00246327
 0.131901 0.49318 0.331252 0.0422183 0.00144891
 0.196976 0.569456 0.194076 0.0375587 0.00193317
 0.518974 0.381816 0.0799577 0.0180837 0.00116848
 0.0928022 0.601141 0.25162 0.0475244 0.00691264
 0.122501 0.610282 0.24278 0.0234846 0.000952079
 0.383417 0.481906 0.127806 0.00687128 0
 0.0376549 0.599619 0.316969 0.0457579 0
 0.0361596 0.667082 0.258105 0.0386534 0
 0.158088 0.579412 0.248529 0.0139706 0
 0.0477256 0.309471 0.559284 0.082774 0.000745712
 0.0406174 0.521527 0.379366 0.0568643 0.0016247
 0.151134 0.462217 0.34131 0.0453401 0
 0.294876 0.26143 0.354403 0.0886775 0.000613685
 0.281977 0.475581 0.204845 0.0348837 0.00271318
 0.0354234 0.537034 0.353287 0.0723622 0.0018943
pf_pred 
 0.0209548 0.625816 0.311358 0.0418701 1.22471e-06
 0.0605689 0.0395604 0.575207 0.286179 0.0384853
 0.0215687 0.11671 0.0362879 0.527625 0.297808
 0.219268 0.0400364 0.0883524 0.0274708 0.624872
 0.884255 0.0441761 0.00367009 0.00809916 0.0597994
 0.229243 0.724212 0.0177649 0.00147588 0.0273046
 0.737035 0.112415 0.141458 0.00346996 0.0056216
 0.611933 0.336412 0.0220821 0.0277872 0.00178589
 0.697931 0.241476 0.0525274 0.0034479 0.00461754
 0.706332 0.248861 0.0358196 0.00779171 0.0011964
 0.209532 0.663107 0.107929 0.0155346 0.00389806
 0.15495 0.319348 0.441 0.071778 0.0129237
 0.548572 0.133755 0.12005 0.165782 0.0318413
 0.426457 0.432169 0.0418879 0.037596 0.0618895
 0.544431 0.316625 0.104696 0.0101476 0.024101
 0.530265 0.363939 0.0735297 0.0243135 0.00795354
 0.450607 0.398637 0.116801 0.0235984 0.0103557
 0.471686 0.344888 0.133093 0.0389963 0.0113362
 0.375316 0.415519 0.136545 0.0526927 0.0199271
 0.741752 0.148317 0.0731222 0.0240288 0.0127795
 0.569413 0.372454 0.0333873 0.0164604 0.00828584
 0.42311 0.423056 0.133065 0.0119282 0.008841
 0.571858 0.260059 0.123261 0.0387699 0.00605131
 0.405843 0.440524 0.0933183 0.0442305 0.0160834
 0.0139394 0.58729 0.29566 0.062631 0.0404799
pobs_RECLAS
 0 0 0 0 0
 0 0 0 0 0
 0 0 0 0 0
 0 0 0 0 0
 0.835266 0.146461 0.0176864 0.000547809 3.91292e-05
 0.385257 0.428462 0.181853 0.0044286 0
 0.867414 0.0963971 0.0333333 0.00285562 0
 0.441836 0.489002 0.0689373 0.000224442 0
 0.779404 0.147425 0.0564933 0.0165055 0.000172143
 0.814271 0.122319 0.05973 0.00367925 0
 0.40263 0.566651 0.0304383 0.000280538 0
 0.475488 0.404961 0.113038 0.00651328 0
 0.955842 0.0263864 0.0167828 0.000988607 0
 0.975058 0.0227948 0.00214734 0 0
 0.738997 0.206755 0.0527124 0.00153531 0
 0.850938 0.134255 0.0134407 0.00136685 0
 0.542534 0.407297 0.0501686 0 0
 0.764087 0.199537 0.0359546 0.000420521 0
 0.470689 0.182191 0.310203 0.0369168 0
 0.84361 0.089868 0.0606195 0.00523954 0.000663233
 0.607945 0.314616 0.071237 0.00620181 0
 0.523733 0.453247 0.0230204 0 0
 0.530135 0.295979 0.169645 0.0042399 0
 0.562478 0.366248 0.0663022 0.0049721 0
 0.250443 0.683176 0.0655157 0.000865301 0
ppred_RECLAS
 0.0210165 0.625776 0.311338 0.0418675 1.22463e-06
 0.0609059 0.0395462 0.575 0.286076 0.0384715
 0.0222876 0.116625 0.0362612 0.527238 0.297589
 0.221445 0.0399248 0.0881061 0.0273942 0.62313
 0.884459 0.0440982 0.00366362 0.00808487 0.0596939
 0.23616 0.717712 0.0176054 0.00146263 0.0270595
 0.741381 0.110557 0.13912 0.00341261 0.00552869
 0.621449 0.328163 0.0215406 0.0271058 0.00174209
 0.704076 0.236564 0.051459 0.00337776 0.00452361
 0.708456 0.24706 0.0355604 0.00773534 0.00118774
 0.212854 0.66032 0.107475 0.0154693 0.00388168
 0.157628 0.318336 0.439603 0.0715506 0.0128828
 0.55826 0.130884 0.117474 0.162224 0.0311579
 0.448863 0.415286 0.0402515 0.0361273 0.0594717
 0.56252 0.304053 0.100539 0.00974468 0.023144
 0.536264 0.35929 0.0725906 0.0240029 0.00785196
 0.455564 0.395041 0.115747 0.0233855 0.0102622
 0.475355 0.342494 0.132169 0.0387256 0.0112575
 0.379145 0.412973 0.135708 0.0523698 0.019805
 0.744642 0.146658 0.0723041 0.02376 0.0126365
 0.570531 0.371486 0.0333006 0.0164176 0.00826431
 0.424694 0.421894 0.1327 0.0118954 0.00881673
 0.574061 0.258721 0.122627 0.0385704 0.00602016
 0.408174 0.438796 0.0929522 0.044057 0.0160203
 0.0141803 0.587146 0.295588 0.0626157 0.04047
pobs_PELACES
 0 0 0 0 0
 0 0 0 0 0
 0 0 0 0 0
 0 0 0 0 0
 0 0 0 0 0
 0 0 0 0 0
 0 0 0 0 0
 0 0 0 0 0
 0 0 0 0 0
 0 0 0 0 0
 0.450072 0.473896 0.0757376 0.000293798 0
 0 0 0 0 0
 0.463077 0.371075 0.160297 0.00555027 0
 0.529543 0.364841 0.0842815 0.0213345 0
 0.631943 0.363953 0.00410389 0 0
 0.735681 0.248677 0.0153453 0.000297389 0
 0.695825 0.281241 0.0229344 0 0
 0.275771 0.60734 0.115278 0.00161068 0
 0 0 0 0 0
 0.896147 0.0623911 0.0374545 0.00400742 0
 0.803859 0.145111 0.0509908 3.86294e-05 0
 0.739449 0.233085 0.0266225 0.000797448 4.60066e-05
 0.878498 0.100942 0.0204185 0.000141795 0
 0.694673 0.275183 0.0284847 0.00165964 0
 0.469039 0.446079 0.0841089 0.000773354 0
ppred_PELACES
 0.0213399 0.62557 0.311235 0.0418537 1.22422e-06
 0.0625573 0.0394766 0.573989 0.285573 0.0384038
 0.024872 0.116316 0.0361654 0.525844 0.296802
 0.230874 0.0394413 0.087039 0.0270624 0.615583
 0.885545 0.043684 0.0036292 0.00800893 0.0591333
 0.259346 0.695926 0.017071 0.00141824 0.0262381
 0.757178 0.103804 0.130623 0.00320416 0.00519099
 0.651031 0.302519 0.0198573 0.0249876 0.00160596
 0.724882 0.219931 0.047841 0.00314028 0.00420556
 0.717754 0.239181 0.0344263 0.00748865 0.00114986
 0.225987 0.649303 0.105682 0.0152112 0.00381691
 0.16823 0.31433 0.43407 0.07065 0.0127206
 0.588946 0.121792 0.109313 0.150955 0.0289935
 0.504084 0.373677 0.0362185 0.0325075 0.0535129
 0.60907 0.2717 0.0898408 0.0087078 0.0206814
 0.558163 0.342324 0.0691628 0.0228695 0.00748117
 0.474687 0.381165 0.111682 0.0225641 0.00990178
 0.490503 0.332605 0.128352 0.0376074 0.0109325
 0.394727 0.402608 0.132302 0.0510554 0.019308
 0.756257 0.139987 0.0690153 0.0226793 0.0120617
 0.576095 0.366674 0.0328692 0.0162049 0.00815725
 0.432264 0.416342 0.130954 0.0117389 0.00870071
 0.584006 0.252681 0.119764 0.0376699 0.00587961
 0.418658 0.431024 0.0913057 0.0432766 0.0157365
 0.0151784 0.586552 0.295289 0.0625523 0.0404291
pobs_pel_tallas
 0 0 0 0 0 0 0 0 0 0 0 0 0 0 0 0 0 0 0 0 0 0 0 0 0 0 0 0 0 0 0 0 0 0 0 0
 0 0 0 0 0 0 0 0 0 0 0 0 0 0 0 0 0 0 0 0 0 0 0 0 0 0 0 0 0 0 0 0 0 0 0 0
 0 0 0 0 0 0 0 0 0 0 0 0 0 0 0 0 0 0 0 0 0 0 0 0 0 0 0 0 0 0 0 0 0 0 0 0
 0 0 0 0 0 0 0 0 0 0 0 0 0 0 0 0 0 0 0 0 0 0 0 0 0 0 0 0 0 0 0 0 0 0 0 0
 0 0 0 0 0 0 0 0 0 0 0 0 0 0 0 0 0 0 0 0 0 0 0 0 0 0 0 0 0 0 0 0 0 0 0 0
 0 0 0 0 0 0 0 0 0 0 0 0 0 0 0 0 0 0 0 0 0 0 0 0 0 0 0 0 0 0 0 0 0 0 0 0
 0 0 0 0 0 0 0 0 0 0 0 0 0 0 0 0 0 0 0 0 0 0 0 0 0 0 0 0 0 0 0 0 0 0 0 0
 0 0 0 0 0 0 0 0 0 0 0 0 0 0 0 0 0 0 0 0 0 0 0 0 0 0 0 0 0 0 0 0 0 0 0 0
 0 0 0 0 0 0 0 0 0 0 0 0 0 0 0 0 0 0 0 0 0 0 0 0 0 0 0 0 0 0 0 0 0 0 0 0
 0 0 0 0 0 0 0 0 0 0 0 0 0 0 0 0 0 0 0 0 0 0 0 0 0 0 0 0 0 0 0 0 0 0 0 0
 0 0 0 0 0 0 0 0 1.78061e-05 0.00172719 0.00360574 0.0105946 0.0120993 0.0124554 0.0147524 0.0171206 0.0266825 0.0428682 0.0675386 0.121331 0.153587 0.119568 0.100827 0.0573624 0.0630603 0.0341343 0.0324427 0.0444173 0.0211091 0.0280891 0.0125444 0.00206551 0 0 0 0
 0 0 0 0 0 0 0 0 0 0 0 0 0 0 0 0 0 0 0 0 0 0 0 0 0 0 0 0 0 0 0 0 0 0 0 0
 0 0 0 0 0 0 0.0133647 0.0140871 0.0187388 0.0205184 0.03894 0.0496705 0.03968 0.0493445 0.0407372 0.0367815 0.0215668 0.0243155 0.0234873 0.0199281 0.019796 0.0243948 0.0301388 0.0376714 0.0412746 0.0863199 0.0771752 0.113111 0.0741005 0.0525337 0.0229764 0.00759418 0.00175318 0 0 0
 0 0 0 0 0 0 0 0 0 0 0.00219441 0.00772107 0.0458388 0.0604681 0.0671733 0.0775358 0.0609151 0.0617685 0.073594 0.0568108 0.0755445 0.0548602 0.0670107 0.0636378 0.0643287 0.046367 0.0373049 0.0286899 0.0247887 0.0153202 0.00654259 0.00121912 0.000365735 0 0 0
 0 0 0 0 0 0 0 0 0 0 0 0 0.000112435 0.00938835 0.0111873 0.0202946 0.0414886 0.0713402 0.111592 0.104902 0.108894 0.110636 0.117776 0.105296 0.107544 0.0401394 0.0192827 0.0124803 0.00416011 0.0028671 0.000618394 0 0 0 0 0
 0 0 0 0 0 0 0 0 0 0 0.00291406 0.0102884 0.027416 0.0768956 0.0749926 0.110853 0.0956884 0.0897413 0.0766577 0.0534642 0.0500743 0.0551293 0.0594112 0.0620874 0.0668451 0.0424026 0.0208742 0.0120726 0.0048766 0.00582813 0.00118941 0.000297354 0 0 0 0
 0 0.00264628 0.0354308 0.0461629 0.0458689 0.0383711 0.0214643 0.0164657 0.0346957 0.0420465 0.0363128 0.0245516 0.0311673 0.0291091 0.0169068 0.0133784 0.00837989 0.0085269 0.0148486 0.0160247 0.0276389 0.0546898 0.0760071 0.122758 0.109233 0.0665981 0.0333725 0.0166128 0.00676272 0.00308733 0.000882094 0 0 0 0 0
 0 0 0 0 0 0 0 0.000805153 0.000690131 0.00759144 0.0133425 0.0154129 0.00931677 0.000345066 0.00356568 0.00563607 0.00851162 0.0253048 0.0502646 0.0516448 0.0657925 0.0565908 0.0611916 0.0827007 0.0866115 0.110766 0.145733 0.0935128 0.0569358 0.0249597 0.0138026 0.00621118 0.00161031 0.00115022 0 0
 0 0 0 0 0 0 0 0 0 0 0 0 0 0 0 0 0 0 0 0 0 0 0 0 0 0 0 0 0 0 0 0 0 0 0 0
 0.00147267 0.00158595 0.00478618 0.00569244 0.00954404 0.0108468 0.00647125 0.017049 0.0510054 0.094081 0.124002 0.0959785 0.0687766 0.0820023 0.061753 0.0591476 0.0492212 0.0479892 0.0443925 0.0268479 0.0217502 0.0140895 0.0121071 0.0120363 0.00920419 0.00665534 0.0049561 0.00860946 0.00930331 0.0156896 0.0114698 0.00855282 0.00243557 0.00046729 0 2.83206e-05
 0 0 0 0 0.000772559 0.00158375 0.000888443 0.00281984 0.00712685 0.0440552 0.0773331 0.111326 0.0921469 0.0852325 0.0710754 0.0886704 0.0786465 0.0553345 0.0373146 0.0185414 0.00753245 0.00457741 0.012979 0.0271748 0.0457355 0.0583668 0.034881 0.0177882 0.00938659 0.00492506 0.0015258 0.00185414 0.000309023 5.79419e-05 3.86279e-05 0
 0 0.00173294 0.00326652 0 0.00397197 0.00683976 0.00946217 0.0152591 0.00757587 0.0136028 0.0228656 0.0392903 0.0559909 0.0764795 0.0681675 0.0726916 0.0566044 0.0477403 0.0527397 0.0444891 0.0609904 0.0582453 0.0661739 0.0445044 0.0529084 0.0360697 0.0280645 0.0235558 0.0158879 0.00826598 0.00280645 0.00217768 0.000904811 0.00058276 9.20147e-05 0
 0 0 0 0 0 0 0 0 0 0 0 0 0 0 0 0 0 0 0 0 0 0 0 0 0 0 0 0 0 0 0 0 0 0 0 0
 0 0 0 0 0 0 0 0 0 0 0 0 0 0 0 0 0 0 0 0 0 0 0 0 0 0 0 0 0 0 0 0 0 0 0 0
 0 0 0 0 0 0 0 0 0 0 0 0 0 0 0 0 0 0 0 0 0 0 0 0 0 0 0 0 0 0 0 0 0 0 0 0
ppred_pel_tallas
 1.0606e-16 9.69261e-07 5.59244e-06 2.63832e-05 0.00010124 0.000315403 0.000797377 0.00163668 0.00273258 0.0037291 0.00421447 0.00408984 0.00374075 0.00382617 0.00493399 0.00743129 0.0115241 0.0173287 0.0248381 0.0338243 0.0437638 0.0538466 0.0630834 0.0704886 0.0752874 0.0770769 0.075894 0.0721632 0.0665581 0.0598237 0.0526243 0.0454545 0.0386245 0.0322952 0.0265374 0.0213813
 1.19768e-16 2.74307e-06 1.60595e-05 7.62625e-05 0.000293488 0.000915064 0.00231138 0.00473016 0.00784409 0.0105447 0.0115022 0.0102116 0.00745548 0.00465255 0.0028427 0.00230142 0.00285096 0.0042926 0.00658891 0.00983312 0.0141591 0.0196668 0.0263699 0.0341574 0.0427688 0.0517875 0.0606601 0.0687426 0.0753729 0.0799591 0.0820673 0.0814917 0.0782905 0.072776 0.0654655 0.0569994
 1.32489e-16 1.10067e-06 6.4157e-06 3.04116e-05 0.000116946 0.000364527 0.000920841 0.00188535 0.00312999 0.00421826 0.00462936 0.00417653 0.00319392 0.00228037 0.00189786 0.00221749 0.00323862 0.00495208 0.00740101 0.0106579 0.0147829 0.0197973 0.0256746 0.0323403 0.0396732 0.0474996 0.0555805 0.0635949 0.0711336 0.0777131 0.0828192 0.0859753 0.0868225 0.0851891 0.0811346 0.0749503
 1.30942e-16 1.00803e-05 5.91409e-05 0.000281089 0.00108214 0.00337447 0.00852358 0.0174405 0.0289104 0.0388285 0.04226 0.0372929 0.0267324 0.0156793 0.00776599 0.00371526 0.00247829 0.00283487 0.00409376 0.00603658 0.00867294 0.0120775 0.0163184 0.0214257 0.0273704 0.0340455 0.0412492 0.0486764 0.0559249 0.0625215 0.0679689 0.0718071 0.0736805 0.0733933 0.0709429 0.0665255
 1.03105e-16 3.86282e-05 0.000226739 0.00107786 0.00414991 0.0129412 0.0326882 0.0668831 0.110861 0.148869 0.16196 0.142768 0.101995 0.0591164 0.0279263 0.0110001 0.00404972 0.00205894 0.00197693 0.00252213 0.00327477 0.00409687 0.00491508 0.00567115 0.0063219 0.00684579 0.00724427 0.00753544 0.00774277 0.00788306 0.00795857 0.0079558 0.00785099 0.00761951 0.00724554 0.00672915
 1.01744e-16 1.13495e-05 6.65292e-05 0.000316073 0.0012166 0.00379361 0.00958308 0.0196133 0.0325301 0.0437442 0.0477531 0.0424801 0.0311903 0.0197792 0.0125424 0.0105318 0.0127799 0.0180115 0.025327 0.0340493 0.043413 0.0524361 0.0600006 0.06506 0.0668798 0.0652188 0.0603903 0.0531746 0.0446209 0.0358023 0.0276039 0.0205981 0.0150233 0.0108433 0.00784993 0.00576574
 1.02241e-16 3.30337e-05 0.000193888 0.00092167 0.0035485 0.0110657 0.027951 0.0571909 0.0947985 0.127306 0.13852 0.12215 0.087364 0.0508357 0.0243926 0.0102764 0.004863 0.00390087 0.00480237 0.0064644 0.00848389 0.0106603 0.0128178 0.0147789 0.0163852 0.0175221 0.0181334 0.018219 0.0178223 0.0170119 0.015865 0.0144592 0.0128707 0.0111751 0.00944903 0.00776749
 1.01315e-16 2.84129e-05 0.000166742 0.000792577 0.0030514 0.00951545 0.0240354 0.0491809 0.0815273 0.109502 0.119196 0.105224 0.0755071 0.0444379 0.0222596 0.0109833 0.00757063 0.00841034 0.0112565 0.015046 0.0192136 0.0232811 0.0267551 0.0291783 0.0302255 0.0297804 0.0279623 0.0250895 0.0215958 0.0179266 0.0144502 0.0114066 0.00889899 0.00692047 0.00539652 0.00422735
 1.01056e-16 3.16299e-05 0.000185636 0.000882418 0.00339734 0.0105943 0.0267603 0.0547556 0.0907651 0.1219 0.132663 0.117048 0.0838507 0.0490648 0.0240525 0.011004 0.00648925 0.00645677 0.00840997 0.0112198 0.0143683 0.0174845 0.0202036 0.022186 0.0231831 0.0230923 0.0219791 0.0200523 0.0176076 0.0149556 0.0123602 0.0100021 0.00797215 0.00628736 0.00491841 0.00381612
 1.00878e-16 3.13198e-05 0.000183814 0.000873752 0.00336397 0.0104902 0.0264975 0.0542179 0.0898744 0.120705 0.131368 0.115916 0.0830645 0.0486537 0.0239419 0.0111058 0.00675606 0.00688498 0.0090175 0.0120232 0.0153665 0.0186484 0.0214732 0.0234745 0.0243881 0.0241129 0.022733 0.0204906 0.0177213 0.0147743 0.0119432 0.00942522 0.00731352 0.00561627 0.00428798 0.00326065
 1.02413e-16 9.8933e-06 5.79834e-05 0.000275454 0.00106022 0.00330595 0.00835124 0.0170925 0.0283508 0.0381291 0.0416361 0.0370688 0.0272829 0.0174315 0.0112797 0.00977236 0.0120971 0.0171715 0.0242312 0.0326883 0.0418548 0.050829 0.0585691 0.0640828 0.0666492 0.0659872 0.0623174 0.0562885 0.0488048 0.0408094 0.033098 0.0262079 0.0203982 0.0156993 0.0119969 0.00911494
 1.09287e-16 7.36201e-06 4.31515e-05 0.000205005 0.000789086 0.0024605 0.00621532 0.0127199 0.0210945 0.0283591 0.030939 0.027478 0.02008 0.0125511 0.00765874 0.00607356 0.00717752 0.0101927 0.0146434 0.0202676 0.0268084 0.0338997 0.0410615 0.0477627 0.0535086 0.0579182 0.0607677 0.0619897 0.0616401 0.0598524 0.0568 0.0526785 0.0477066 0.0421315 0.0362292 0.0302895
 1.08134e-16 2.56984e-05 0.000150822 0.00071693 0.0027602 0.0086074 0.0217416 0.0444862 0.0737409 0.0990325 0.107768 0.0950624 0.0680559 0.0397339 0.0193182 0.00858094 0.00473618 0.00451014 0.00591794 0.00811778 0.010796 0.013779 0.0168969 0.019969 0.0228261 0.0253321 0.0273952 0.0289613 0.0299986 0.0304822 0.0303858 0.0296876 0.0283846 0.0265086 0.0241378 0.0213953
 1.04254e-16 2.20082e-05 0.000129134 0.000613772 0.00236293 0.00736847 0.0186124 0.0380856 0.0631389 0.0848173 0.09236 0.0816156 0.0587447 0.0349326 0.0181659 0.0100675 0.00835123 0.0102703 0.0140973 0.0189632 0.024316 0.02961 0.0342528 0.0376872 0.039511 0.03957 0.0379901 0.0351313 0.0314873 0.027561 0.02376 0.0203397 0.0173984 0.0149142 0.0127995 0.0109524
 1.0263e-16 2.65821e-05 0.000155996 0.000741496 0.00285473 0.00890216 0.0224863 0.046011 0.0762725 0.102444 0.111512 0.0984397 0.0706361 0.0415665 0.0208146 0.0102646 0.00707947 0.00789117 0.010615 0.0142795 0.018383 0.0225063 0.0262092 0.0290716 0.0307755 0.0311741 0.0303181 0.0284291 0.0258331 0.0228773 0.0198593 0.016986 0.0143679 0.0120392 0.00998844 0.00818776
 1.02229e-16 2.43651e-05 0.000142974 0.000679574 0.00261629 0.00815858 0.0206082 0.0421687 0.0699059 0.0939013 0.102235 0.0903016 0.0649093 0.0384233 0.0196601 0.0103858 0.00803831 0.00955501 0.0130219 0.0175043 0.0224521 0.0273504 0.031646 0.0348148 0.0364718 0.0364575 0.0348707 0.0320306 0.0283885 0.0244163 0.020512 0.0169443 0.0138446 0.0112334 0.00906366 0.00726293
 1.02948e-16 2.07269e-05 0.000121611 0.000578001 0.0022252 0.00693895 0.0175275 0.0358659 0.0594601 0.0798787 0.0869908 0.0768913 0.0553888 0.0330269 0.0173411 0.0098781 0.0085047 0.0106521 0.0147039 0.0198389 0.0255172 0.0311861 0.0362331 0.0400697 0.0422542 0.0425884 0.0411555 0.0382812 0.034439 0.0301318 0.0257898 0.0217119 0.018056 0.0148667 0.0121202 0.00976571
 1.03734e-16 2.14146e-05 0.000125653 0.000597226 0.00229923 0.00716984 0.0181107 0.0370587 0.0614359 0.0825276 0.0898617 0.079396 0.0571214 0.0339167 0.017547 0.00958641 0.00780805 0.00954477 0.0131326 0.0177565 0.0229227 0.0281503 0.0329081 0.03668 0.0390686 0.0398788 0.0391513 0.0371317 0.0341924 0.0307345 0.0271053 0.0235507 0.0202097 0.0171377 0.0143429 0.0118176
 1.04666e-16 1.72411e-05 0.000101144 0.000480696 0.00185054 0.0057706 0.0145764 0.0298278 0.0494527 0.0664431 0.0723809 0.0640301 0.0462384 0.0278003 0.015018 0.00922127 0.0086814 0.0112985 0.0157425 0.0213099 0.0274884 0.0337157 0.039354 0.0437845 0.0465353 0.0473829 0.0463916 0.0438732 0.0402908 0.0361371 0.0318322 0.0276664 0.023794 0.0202644 0.0170683 0.0141798
 1.02369e-16 3.29948e-05 0.000193657 0.000920564 0.00354424 0.0110524 0.0279174 0.0571225 0.0946859 0.127158 0.138366 0.122031 0.0873158 0.0508819 0.0245524 0.0105771 0.00534496 0.00461096 0.0057803 0.00772487 0.00999937 0.0123493 0.0145439 0.0163639 0.0176368 0.0182695 0.0182631 0.0177004 0.0167159 0.0154571 0.0140528 0.0125955 0.0111412 0.00971896 0.00834518 0.0070348
 1.01525e-16 2.5148e-05 0.000147568 0.000701409 0.00270036 0.00842072 0.0212703 0.0435238 0.0721525 0.0969198 0.105523 0.0932106 0.0670101 0.039686 0.0203402 0.0107969 0.00841108 0.0100173 0.0136302 0.0182683 0.0233408 0.0282905 0.0325222 0.0354804 0.0367681 0.0362414 0.0340417 0.0305525 0.0262984 0.0218199 0.0175661 0.0138321 0.0107481 0.00831061 0.00643349 0.00499814
 1.02805e-16 1.88786e-05 0.000110756 0.000526388 0.00202646 0.00631919 0.0159621 0.0326632 0.0541527 0.0727552 0.0792501 0.0700899 0.0505779 0.0303357 0.016253 0.00977065 0.00897849 0.0115609 0.0160502 0.0216727 0.0278757 0.0340627 0.0395637 0.0437331 0.046085 0.0463999 0.044767 0.0415422 0.0372457 0.0324326 0.0275811 0.0230274 0.0189538 0.0154174 0.0123977 0.00984041
 1.03352e-16 2.54885e-05 0.000149578 0.000710984 0.00273726 0.00853582 0.0215609 0.0441176 0.0731336 0.0982281 0.106922 0.0943864 0.0677248 0.039848 0.0199455 0.00982507 0.00676964 0.00755592 0.0101955 0.0137717 0.0178222 0.0219644 0.0257927 0.0289114 0.0310099 0.0319248 0.0316667 0.0303979 0.0283772 0.0258885 0.0231814 0.0204377 0.017768 0.0152285 0.012846 0.0106384
 1.03659e-16 1.82857e-05 0.000107274 0.000509834 0.00196272 0.00612041 0.0154601 0.031636 0.0524505 0.0704705 0.0767676 0.0679089 0.0490355 0.0294736 0.0159049 0.00973581 0.00912592 0.0118382 0.0164486 0.0221942 0.0285135 0.0347935 0.0403467 0.0445165 0.0468166 0.0470407 0.0453028 0.0419905 0.0376537 0.0328676 0.028115 0.0237199 0.0198387 0.0164955 0.0136368 0.0111831
 1.08422e-16 6.98855e-07 4.0089e-06 1.88636e-05 7.23033e-05 0.000225175 0.000569422 0.00116997 0.00195787 0.00268546 0.00307027 0.00306033 0.00295965 0.00328145 0.00450417 0.00696174 0.0108763 0.0163918 0.0235284 0.0320914 0.0416061 0.051328 0.0603423 0.0677337 0.072777 0.0750859 0.0746738 0.0719058 0.0673691 0.0617114 0.0555034 0.0491623 0.0429445 0.0369841 0.0313502 0.0260932
pSPR Fmed_Fpbrs
0.516825   0.255602 0.255602
Fs Fmed_Fpbrs
0.379313   1.005 1.005
SSBpbr Bo_Bmed_Bpbrs
1.06256e+06  496028  218464 218464
Ro
19148.9
SPR SPRFo_SPRFmed_SPRFpbrs
393276 203255 100522
log_Ro
9.68
likeval ReclasPelacesDesembMPH_pf_preclas_ppelaces_ptallas_desvR_qrecl_qpela
 100.015 128.931 0.143754 0.000570624 418.203 214.919 90.9986 0 63.5179 0 0 0 0 0 0
q_reclas_q_pelaces
1 1
M
0.7
N
 4239.38 64624.1 32152 4323.67 0.126468
 5923.65 2008.02 29196.5 14526 1953.45
 869.82 2698.1 838.902 12197.6 6884.7
 3141.6 307.296 678.141 210.85 4796.15
 52299.7 1325.04 110.082 242.93 1793.65
 13703.7 25145.5 616.817 51.2443 948.047
 55100 4666.73 5872.42 144.05 233.372
 66169.6 21205.7 1391.94 1751.56 112.573
 113746 22303.4 4851.58 318.458 426.489
 221970 41463 5967.95 1298.19 199.333
 55126.8 96044.9 15632.5 2250.04 564.598
 19099.7 21698 29963.6 4876.93 878.098
 52853.4 7493.43 6725.64 9287.7 1783.86
 27724.9 17942.9 1739.11 1560.92 2569.54
 19458 7034.36 2325.99 225.446 535.444
 14099.2 5400.06 1091.02 360.759 118.013
 10995.2 5356.16 1569.36 317.072 139.141
 10952.2 4325.39 1669.17 489.07 142.172
 7522.05 4525.34 1487.08 573.866 217.023
 28296.1 3061.07 1509.15 495.924 263.752
 34553 11643.5 1043.74 514.579 259.029
 30768.6 16015.8 5037.51 451.57 334.697
 58039.7 13912.8 6594.32 2074.14 323.737
 44380.5 25469.8 5395.39 2557.28 929.895
 841.076 19332.7 9732.68 2061.72 1332.54
pred_Ctot
 141.146 4215.33 2097.22 282.026 0.00824929
 354.401 231.476 3365.65 1674.49 225.185
 184.075 996.047 309.694 4502.94 2541.6
 343.602 62.7387 138.452 43.0479 979.2
 1198.15 59.858 4.97291 10.9742 81.0273
 3164.48 9997.07 245.227 20.3731 376.914
 9047.16 1379.9 1736.41 42.5941 69.0057
 15630 8592.67 564.022 709.742 45.6153
 22144.6 7661.76 1666.64 109.398 146.51
 20702.7 7294.16 1049.88 228.377 35.0666
 8332.55 26370.1 4292.05 617.772 155.016
 2923.09 6024.43 8319.36 1354.08 243.803
 12290.1 2996.63 2689.59 3714.16 713.368
 10130.5 10266.2 995.046 893.093 1470.18
 6381.05 3711.03 1227.09 118.936 282.477
 2419.75 1660.75 335.537 110.949 36.2942
 1665.46 1473.38 431.703 87.2207 38.275
 1336.81 977.449 377.198 110.52 32.128
 987.757 1093.56 359.358 138.676 52.4442
 3525.2 704.881 347.515 114.198 60.7349
 1661.51 1086.8 97.4221 48.0303 24.1776
 1989.59 1989.33 625.712 56.0898 41.573
 4888.97 2223.32 1053.8 331.454 51.7342
 3948.64 4286.07 907.937 430.339 156.483
 115.56 4868.72 2451.07 519.221 335.585
F
 0.0472688 0.0945376 0.0945376 0.0945376 0.0945376
 0.0864047 0.172809 0.172809 0.172809 0.172809
 0.340474 0.680949 0.680949 0.680949 0.680949
 0.163291 0.326582 0.326582 0.326582 0.326582
 0.0323125 0.064625 0.064625 0.064625 0.064625
 0.377206 0.754413 0.754413 0.754413 0.754413
 0.254879 0.509758 0.509758 0.509758 0.509758
 0.387483 0.774966 0.774966 0.774966 0.774966
 0.309168 0.618335 0.618335 0.618335 0.618335
 0.137727 0.275453 0.275453 0.275453 0.275453
 0.232416 0.464832 0.464832 0.464832 0.464832
 0.235646 0.471293 0.471293 0.471293 0.471293
 0.380326 0.760651 0.760651 0.760651 0.760651
 0.671525 1.34305 1.34305 1.34305 1.34305
 0.581845 1.16369 1.16369 1.16369 1.16369
 0.26787 0.53574 0.53574 0.53574 0.53574
 0.23296 0.46592 0.46592 0.46592 0.46592
 0.183843 0.367687 0.367687 0.367687 0.367687
 0.199074 0.398149 0.398149 0.398149 0.398149
 0.187976 0.375952 0.375952 0.375952 0.375952
 0.068919 0.137838 0.137838 0.137838 0.137838
 0.0936832 0.187366 0.187366 0.187366 0.187366
 0.123633 0.247266 0.247266 0.247266 0.247266
 0.131003 0.262006 0.262006 0.262006 0.262006
 0.209192 0.418383 0.418383 0.418383 0.418383
nmprior
 10.6 11 7 0
nm_flota  nm_reclas  nm_pelaces    nm_pelaL
inf 11.5143 8.622 16.4547
cv_recla  cv_pelaces  cv_mph
0.9046 1.28751 0.775021
 ------------------------------------------------
Talla a la edad & desviación 
 7.2 14.2025 17.0495 18.207 18.6776
 1.08 2.13037 2.55742 2.73105 2.80164
