years
 1997 1998 1999 2000 2001 2002 2003 2004 2005 2006 2007 2008 2009 2010 2011 2012 2013 2014 2015 2016 2017 2018 2019 2020 2021
reclasobs
 0 0 0 370054 412103 1.49427e+06 250295 1.28982e+06 931140 785840 897777 1.04006e+06 184774 17550 25797 100020 73551 82996 120727 218422 84188 347160 605670 569463 516374
reclaspred
 3.11516e+06 393939 582598 178460 233546 303599 569111 478846 744965 1.1439e+06 1.23303e+06 807093 444113 201666 129539 119472 127851 162867 154537 205796 373162 369773 581052 632879 540161
pelacesobs
 0 0 0 0 0 0 0 0 0 2.06254e+06 1.5e+06 0 1.87456e+06 323000 250000 174000 83755 137374 0 501740 490994 745055 786931 1.00524e+06 1.33801e+06
pelacespred
 1.35947e+06 537724 179970 129458 135414 125563 297053 275229 413780 663361 634266 429051 237982 86152.7 54094.1 56872.9 63501.7 81243.6 80725.5 103507 207347 216300 257524 330737 274887
mphobs
 0 0 0 0 0 112323 0 153150 637223 0 255016 313432 73983 77613 109348 50772 0 0 0 0 0 0 0 0 0
mphpred
 2.22236e+06 967999 443665 239189 136553 299924 335892 474791 524339 833591 1.23437e+06 874798 491144 265278 121394 102694 104923 129108 144386 142935 259802 353152 406617 532331 555322
desembarqueobs
 350755 77701 442110 56441 14545 235359 269955 359681 431902 328805 639364 411747 362871 311530 167758 66681 60226 58785 57116 73181 50977 67692 138656 160484 209506
desembarquepred
 350735 77680.7 441661 56421.3 14543.8 235172 269820 359238 431524 328589 638640 411362 362314 311032 167470 66641.8 60204 58750.4 57074.3 73124.2 50963.3 67656.3 138577 160397 209393
Reclutas
 10737.9 13707.3 2569.82 6611.25 49574.6 19083.3 57980.9 68431.7 124608 192217 63701.9 26289.9 50565.6 27835.9 19406.4 14545.1 11481.2 11685.4 9601.23 27140.8 35972.6 34192.8 58538.7 50024.6 2422.87
log_desv_Rt
 -0.818467 -0.574318 -2.24841 -1.30347 0.711234 -0.243431 0.86787 1.03359 1.63293 2.06638 0.96197 0.0769418 0.731027 0.13408 -0.226642 -0.514993 -0.75153 -0.733906 -0.930354 0.108794 0.390512 0.339772 0.877444 0.72027 -2.30729
SSB
 2.22236e+06 967999 443665 239189 136553 299924 335892 474791 524339 833591 1.23437e+06 874798 491144 265278 121394 102694 104923 129108 144386 142935 259802 353152 406617 532331 555322
BT
 2.82265e+06 1.13771e+06 587865 314664 382653 425587 1.08619e+06 1.06053e+06 1.56652e+06 2.02472e+06 1.8734e+06 1.21609e+06 898888 484012 278177 182817 197615 232607 214981 319352 553056 495432 649649 836159 676418
Ftot
 0.109582 0.190881 0.700037 0.303605 0.0608645 0.716504 0.452962 0.702795 0.550497 0.277486 0.490115 0.48206 0.755742 1.33452 1.15598 0.527635 0.448553 0.346061 0.353654 0.341693 0.132903 0.177428 0.230522 0.24471 0.36985
BD_Bspro_t
 0.98277 0.8722 0.681881 0.376507 0.409214 0.660838 0.50133 0.532908 0.510532 0.566158 0.623361 0.463867 0.336207 0.246017 0.146227 0.149114 0.200037 0.302065 0.380974 0.440482 0.60816 0.729312 0.726353 0.71549 0.665504
BD_Bspro
 4.44515 1.93619 0.887417 0.478424 0.273133 0.599906 0.67185 0.949674 1.04878 1.66734 2.46897 1.74977 0.982384 0.530608 0.242812 0.205407 0.209866 0.258241 0.2888 0.285897 0.519655 0.706372 0.813312 1.06477 1.11075
BD_Bo
 2.17017 0.945266 0.433246 0.233572 0.133346 0.29288 0.328004 0.463641 0.512025 0.814014 1.20538 0.854254 0.47961 0.259048 0.118543 0.100282 0.102459 0.126076 0.140995 0.139578 0.253701 0.344858 0.397067 0.51983 0.542281
BD_Brms
 10.5552 4.59755 2.10721 1.13604 0.648565 1.4245 1.59534 2.25504 2.49037 3.95918 5.86267 4.15489 2.33271 1.25995 0.576567 0.487748 0.498335 0.613204 0.685768 0.678874 1.23394 1.67731 1.93124 2.52833 2.63753
S_f
 0.5 1 1 1 1
 0.5 1 1 1 1
 0.5 1 1 1 1
 0.5 1 1 1 1
 0.5 1 1 1 1
 0.5 1 1 1 1
 0.5 1 1 1 1
 0.5 1 1 1 1
 0.5 1 1 1 1
 0.5 1 1 1 1
 0.5 1 1 1 1
 0.5 1 1 1 1
 0.5 1 1 1 1
 0.5 1 1 1 1
 0.5 1 1 1 1
 0.5 1 1 1 1
 0.5 1 1 1 1
 0.5 1 1 1 1
 0.5 1 1 1 1
 0.5 1 1 1 1
 0.5 1 1 1 1
 0.5 1 1 1 1
 0.5 1 1 1 1
 0.5 1 1 1 1
 0.5 1 1 1 1
Scru_reclas
 0.5 1 1 1 1
 0.5 1 1 1 1
 0.5 1 1 1 1
 0.5 1 1 1 1
 0.5 1 1 1 1
 0.5 1 1 1 1
 0.5 1 1 1 1
 0.5 1 1 1 1
 0.5 1 1 1 1
 0.5 1 1 1 1
 0.5 1 1 1 1
 0.5 1 1 1 1
 0.5 1 1 1 1
 0.5 1 1 1 1
 0.5 1 1 1 1
 0.5 1 1 1 1
 0.5 1 1 1 1
 0.5 1 1 1 1
 0.5 1 1 1 1
 0.5 1 1 1 1
 0.5 1 1 1 1
 0.5 1 1 1 1
 0.5 1 1 1 1
 0.5 1 1 1 1
 0.5 1 1 1 1
Scru_pelaces
 0.5 1 1 1 1
 0.5 1 1 1 1
 0.5 1 1 1 1
 0.5 1 1 1 1
 0.5 1 1 1 1
 0.5 1 1 1 1
 0.5 1 1 1 1
 0.5 1 1 1 1
 0.5 1 1 1 1
 0.5 1 1 1 1
 0.5 1 1 1 1
 0.5 1 1 1 1
 0.5 1 1 1 1
 0.5 1 1 1 1
 0.5 1 1 1 1
 0.5 1 1 1 1
 0.5 1 1 1 1
 0.5 1 1 1 1
 0.5 1 1 1 1
 0.5 1 1 1 1
 0.5 1 1 1 1
 0.5 1 1 1 1
 0.5 1 1 1 1
 0.5 1 1 1 1
 0.5 1 1 1 1
pf_obs 
 0.256992 0.487395 0.22802 0.0275931 0
 0.321318 0.546541 0.124235 0.00734118 0.000564706
 0.182869 0.594174 0.210203 0.0122559 0.00049798
 0.330522 0.361315 0.267642 0.0388342 0.00168674
 0.649043 0.306663 0.0425973 0.00169635 0
 0.582887 0.30429 0.105238 0.00758474 0
 0.465427 0.430635 0.0974691 0.00646863 0
 0.296916 0.608066 0.0921331 0.00288517 0
 0.311714 0.524322 0.152257 0.0117073 0
 0.15457 0.633149 0.183074 0.0267441 0.00246327
 0.131901 0.49318 0.331252 0.0422183 0.00144891
 0.196976 0.569456 0.194076 0.0375587 0.00193317
 0.518974 0.381816 0.0799577 0.0180837 0.00116848
 0.0928022 0.601141 0.25162 0.0475244 0.00691264
 0.122501 0.610282 0.24278 0.0234846 0.000952079
 0.383417 0.481906 0.127806 0.00687128 0
 0.0376549 0.599619 0.316969 0.0457579 0
 0.0361596 0.667082 0.258105 0.0386534 0
 0.158088 0.579412 0.248529 0.0139706 0
 0.0477256 0.309471 0.559284 0.082774 0.000745712
 0.0406174 0.521527 0.379366 0.0568643 0.0016247
 0.151134 0.462217 0.34131 0.0453401 0
 0.294876 0.26143 0.354403 0.0886775 0.000613685
 0.281977 0.475581 0.204845 0.0348837 0.00271318
 0.0354234 0.537034 0.353287 0.0723622 0.0018943
pf_pred 
 0.059574 0.610632 0.291011 0.0387819 1.73831e-06
 0.140521 0.0993327 0.493573 0.235224 0.0313488
 0.0577746 0.241819 0.0809482 0.402223 0.217235
 0.339974 0.0867238 0.147136 0.0492534 0.376913
 0.824978 0.0926337 0.0108254 0.0183665 0.0531967
 0.294535 0.638847 0.0352591 0.00412047 0.0272391
 0.709815 0.147619 0.129103 0.00712545 0.00633739
 0.592668 0.345477 0.0314656 0.0275189 0.00286966
 0.69522 0.238418 0.0562848 0.00512633 0.00495088
 0.64651 0.297978 0.0434251 0.0102516 0.00183545
 0.252983 0.596453 0.12692 0.0184964 0.00514834
 0.20472 0.349035 0.356303 0.0758182 0.0141246
 0.51598 0.180189 0.133346 0.136123 0.0343619
 0.428955 0.415763 0.0578081 0.0427799 0.0546947
 0.541969 0.319033 0.101201 0.0140711 0.0237264
 0.536622 0.357992 0.0734044 0.0232848 0.00869661
 0.453323 0.39916 0.113967 0.0233683 0.0101813
 0.474305 0.343851 0.132774 0.0379093 0.0111598
 0.413738 0.390486 0.128055 0.049447 0.018274
 0.690068 0.189038 0.0805228 0.0264064 0.0139649
 0.575196 0.352993 0.0437997 0.0186569 0.00935395
 0.439439 0.413503 0.122199 0.0151625 0.00969678
 0.551955 0.278906 0.124767 0.0368713 0.00750085
 0.424373 0.417126 0.098666 0.0441378 0.0156971
 0.0352053 0.59106 0.270826 0.0640605 0.0388488
pobs_RECLAS
 0 0 0 0 0
 0 0 0 0 0
 0 0 0 0 0
 0 0 0 0 0
 0.835266 0.146461 0.0176864 0.000547809 3.91292e-05
 0.385257 0.428462 0.181853 0.0044286 0
 0.867414 0.0963971 0.0333333 0.00285562 0
 0.441836 0.489002 0.0689373 0.000224442 0
 0.779404 0.147425 0.0564933 0.0165055 0.000172143
 0.814271 0.122319 0.05973 0.00367925 0
 0.40263 0.566651 0.0304383 0.000280538 0
 0.475488 0.404961 0.113038 0.00651328 0
 0.955842 0.0263864 0.0167828 0.000988607 0
 0.975058 0.0227948 0.00214734 0 0
 0.738997 0.206755 0.0527124 0.00153531 0
 0.850938 0.134255 0.0134407 0.00136685 0
 0.542534 0.407297 0.0501686 0 0
 0.764087 0.199537 0.0359546 0.000420521 0
 0.470689 0.182191 0.310203 0.0369168 0
 0.84361 0.089868 0.0606195 0.00523954 0.000663233
 0.607945 0.314616 0.071237 0.00620181 0
 0.523733 0.453247 0.0230204 0 0
 0.530135 0.295979 0.169645 0.0042399 0
 0.562478 0.366248 0.0663022 0.0049721 0
 0.250443 0.683176 0.0655157 0.000865301 0
ppred_RECLAS
 0.0597724 0.610503 0.290949 0.0387737 1.73795e-06
 0.141324 0.09924 0.493112 0.235004 0.0313195
 0.0597014 0.241325 0.0807827 0.4014 0.216791
 0.342574 0.086382 0.146556 0.0490593 0.375428
 0.825248 0.0924906 0.0108087 0.0183381 0.0531145
 0.302073 0.63202 0.0348824 0.00407644 0.026948
 0.713769 0.145607 0.127344 0.00702836 0.00625104
 0.601101 0.338326 0.0308142 0.0269493 0.00281026
 0.700493 0.234293 0.0553111 0.00503765 0.00486523
 0.648873 0.295986 0.0431348 0.0101831 0.00182318
 0.257047 0.593207 0.126229 0.0183957 0.00512033
 0.208148 0.34753 0.354767 0.0754913 0.0140637
 0.525674 0.17658 0.130676 0.133397 0.0336738
 0.451169 0.399589 0.0555592 0.0411157 0.052567
 0.559896 0.306546 0.0972401 0.0135204 0.0227977
 0.542489 0.35346 0.0724751 0.02299 0.00858651
 0.458043 0.395714 0.112983 0.0231666 0.0100934
 0.477704 0.341628 0.131916 0.0376642 0.0110876
 0.41714 0.38822 0.127312 0.0491602 0.018168
 0.692928 0.187293 0.0797795 0.0261627 0.013836
 0.576266 0.352104 0.0436894 0.0186099 0.00933038
 0.440939 0.412397 0.121872 0.015122 0.00967082
 0.554001 0.277632 0.124197 0.0367029 0.00746659
 0.426547 0.415551 0.0982934 0.0439711 0.0156379
 0.0357124 0.590749 0.270683 0.0640268 0.0388283
pobs_PELACES
 0 0 0 0 0
 0 0 0 0 0
 0 0 0 0 0
 0 0 0 0 0
 0 0 0 0 0
 0 0 0 0 0
 0 0 0 0 0
 0 0 0 0 0
 0 0 0 0 0
 0 0 0 0 0
 0.450072 0.473896 0.0757376 0.000293798 0
 0 0 0 0 0
 0.463077 0.371075 0.160297 0.00555027 0
 0.529543 0.364841 0.0842815 0.0213345 0
 0.631943 0.363953 0.00410389 0 0
 0.735681 0.248677 0.0153453 0.000297389 0
 0.695825 0.281241 0.0229344 0 0
 0.275771 0.60734 0.115278 0.00161068 0
 0 0 0 0 0
 0.896147 0.0623911 0.0374545 0.00400742 0
 0.803859 0.145111 0.0509908 3.86294e-05 0
 0.739449 0.233085 0.0266225 0.000797448 4.60066e-05
 0.878498 0.100942 0.0204185 0.000141795 0
 0.694673 0.275183 0.0284847 0.00165964 0
 0.469039 0.446079 0.0841089 0.000773354 0
ppred_PELACES
 0.0607967 0.609838 0.290633 0.0387315 1.73605e-06
 0.145189 0.0987932 0.490893 0.233946 0.0311785
 0.066525 0.239573 0.0801965 0.398487 0.215218
 0.353944 0.0848882 0.144022 0.0482109 0.368935
 0.826692 0.0917266 0.0107194 0.0181866 0.0526758
 0.327564 0.608936 0.0336083 0.00392755 0.0259637
 0.728791 0.137965 0.120661 0.00665949 0.00592296
 0.628553 0.315042 0.0286935 0.0250946 0.00261685
 0.719196 0.219662 0.0518571 0.00472306 0.00456141
 0.659232 0.287254 0.0418622 0.00988267 0.00176939
 0.272792 0.580636 0.123554 0.0180059 0.00501182
 0.221562 0.341643 0.348757 0.0742125 0.0138255
 0.556626 0.165057 0.122148 0.124692 0.0314764
 0.506062 0.359623 0.0500024 0.0370034 0.0473094
 0.606226 0.274275 0.0870036 0.0120971 0.0203978
 0.564003 0.336838 0.069067 0.0219089 0.00818273
 0.476465 0.382263 0.109143 0.0223792 0.00975032
 0.491965 0.3323 0.128314 0.0366358 0.0107849
 0.431392 0.378727 0.124199 0.0479581 0.0177237
 0.704793 0.180057 0.0766971 0.0251519 0.0133014
 0.581612 0.347662 0.0431382 0.0183752 0.00921268
 0.448168 0.407064 0.120296 0.0149264 0.00954578
 0.563379 0.271794 0.121586 0.0359312 0.0073096
 0.436451 0.408373 0.0965957 0.0432116 0.0153678
 0.0378745 0.589425 0.270076 0.0638832 0.0387413
pobs_pel_tallas
 0 0 0 0 0 0 0 0 0 0 0 0 0 0 0 0 0 0 0 0 0 0 0 0 0 0 0 0 0 0 0 0 0 0 0 0
 0 0 0 0 0 0 0 0 0 0 0 0 0 0 0 0 0 0 0 0 0 0 0 0 0 0 0 0 0 0 0 0 0 0 0 0
 0 0 0 0 0 0 0 0 0 0 0 0 0 0 0 0 0 0 0 0 0 0 0 0 0 0 0 0 0 0 0 0 0 0 0 0
 0 0 0 0 0 0 0 0 0 0 0 0 0 0 0 0 0 0 0 0 0 0 0 0 0 0 0 0 0 0 0 0 0 0 0 0
 0 0 0 0 0 0 0 0 0 0 0 0 0 0 0 0 0 0 0 0 0 0 0 0 0 0 0 0 0 0 0 0 0 0 0 0
 0 0 0 0 0 0 0 0 0 0 0 0 0 0 0 0 0 0 0 0 0 0 0 0 0 0 0 0 0 0 0 0 0 0 0 0
 0 0 0 0 0 0 0 0 0 0 0 0 0 0 0 0 0 0 0 0 0 0 0 0 0 0 0 0 0 0 0 0 0 0 0 0
 0 0 0 0 0 0 0 0 0 0 0 0 0 0 0 0 0 0 0 0 0 0 0 0 0 0 0 0 0 0 0 0 0 0 0 0
 0 0 0 0 0 0 0 0 0 0 0 0 0 0 0 0 0 0 0 0 0 0 0 0 0 0 0 0 0 0 0 0 0 0 0 0
 0 0 0 0 0 0 0 0 0 0 0 0 0 0 0 0 0 0 0 0 0 0 0 0 0 0 0 0 0 0 0 0 0 0 0 0
 0 0 0 0 0 0 0 0 1.78061e-05 0.00172719 0.00360574 0.0105946 0.0120993 0.0124554 0.0147524 0.0171206 0.0266825 0.0428682 0.0675386 0.121331 0.153587 0.119568 0.100827 0.0573624 0.0630603 0.0341343 0.0324427 0.0444173 0.0211091 0.0280891 0.0125444 0.00206551 0 0 0 0
 0 0 0 0 0 0 0 0 0 0 0 0 0 0 0 0 0 0 0 0 0 0 0 0 0 0 0 0 0 0 0 0 0 0 0 0
 0 0 0 0 0 0 0.0133647 0.0140871 0.0187388 0.0205184 0.03894 0.0496705 0.03968 0.0493445 0.0407372 0.0367815 0.0215668 0.0243155 0.0234873 0.0199281 0.019796 0.0243948 0.0301388 0.0376714 0.0412746 0.0863199 0.0771752 0.113111 0.0741005 0.0525337 0.0229764 0.00759418 0.00175318 0 0 0
 0 0 0 0 0 0 0 0 0 0 0.00219441 0.00772107 0.0458388 0.0604681 0.0671733 0.0775358 0.0609151 0.0617685 0.073594 0.0568108 0.0755445 0.0548602 0.0670107 0.0636378 0.0643287 0.046367 0.0373049 0.0286899 0.0247887 0.0153202 0.00654259 0.00121912 0.000365735 0 0 0
 0 0 0 0 0 0 0 0 0 0 0 0 0.000112435 0.00938835 0.0111873 0.0202946 0.0414886 0.0713402 0.111592 0.104902 0.108894 0.110636 0.117776 0.105296 0.107544 0.0401394 0.0192827 0.0124803 0.00416011 0.0028671 0.000618394 0 0 0 0 0
 0 0 0 0 0 0 0 0 0 0 0.00291406 0.0102884 0.027416 0.0768956 0.0749926 0.110853 0.0956884 0.0897413 0.0766577 0.0534642 0.0500743 0.0551293 0.0594112 0.0620874 0.0668451 0.0424026 0.0208742 0.0120726 0.0048766 0.00582813 0.00118941 0.000297354 0 0 0 0
 0 0.00264628 0.0354308 0.0461629 0.0458689 0.0383711 0.0214643 0.0164657 0.0346957 0.0420465 0.0363128 0.0245516 0.0311673 0.0291091 0.0169068 0.0133784 0.00837989 0.0085269 0.0148486 0.0160247 0.0276389 0.0546898 0.0760071 0.122758 0.109233 0.0665981 0.0333725 0.0166128 0.00676272 0.00308733 0.000882094 0 0 0 0 0
 0 0 0 0 0 0 0 0.000805153 0.000690131 0.00759144 0.0133425 0.0154129 0.00931677 0.000345066 0.00356568 0.00563607 0.00851162 0.0253048 0.0502646 0.0516448 0.0657925 0.0565908 0.0611916 0.0827007 0.0866115 0.110766 0.145733 0.0935128 0.0569358 0.0249597 0.0138026 0.00621118 0.00161031 0.00115022 0 0
 0 0 0 0 0 0 0 0 0 0 0 0 0 0 0 0 0 0 0 0 0 0 0 0 0 0 0 0 0 0 0 0 0 0 0 0
 0.00147267 0.00158595 0.00478618 0.00569244 0.00954404 0.0108468 0.00647125 0.017049 0.0510054 0.094081 0.124002 0.0959785 0.0687766 0.0820023 0.061753 0.0591476 0.0492212 0.0479892 0.0443925 0.0268479 0.0217502 0.0140895 0.0121071 0.0120363 0.00920419 0.00665534 0.0049561 0.00860946 0.00930331 0.0156896 0.0114698 0.00855282 0.00243557 0.00046729 0 2.83206e-05
 0 0 0 0 0.000772559 0.00158375 0.000888443 0.00281984 0.00712685 0.0440552 0.0773331 0.111326 0.0921469 0.0852325 0.0710754 0.0886704 0.0786465 0.0553345 0.0373146 0.0185414 0.00753245 0.00457741 0.012979 0.0271748 0.0457355 0.0583668 0.034881 0.0177882 0.00938659 0.00492506 0.0015258 0.00185414 0.000309023 5.79419e-05 3.86279e-05 0
 0 0.00173294 0.00326652 0 0.00397197 0.00683976 0.00946217 0.0152591 0.00757587 0.0136028 0.0228656 0.0392903 0.0559909 0.0764795 0.0681675 0.0726916 0.0566044 0.0477403 0.0527397 0.0444891 0.0609904 0.0582453 0.0661739 0.0445044 0.0529084 0.0360697 0.0280645 0.0235558 0.0158879 0.00826598 0.00280645 0.00217768 0.000904811 0.00058276 9.20147e-05 0
 0 0 0 0 0 0 0 0 0 0 0 0 0 0 0 0 0 0 0 0 0 0 0 0 0 0 0 0 0 0 0 0 0 0 0 0
 0 0 0 0 0 0 0 0 0 0 0 0 0 0 0 0 0 0 0 0 0 0 0 0 0 0 0 0 0 0 0 0 0 0 0 0
 0 0 0 0 0 0 0 0 0 0 0 0 0 0 0 0 0 0 0 0 0 0 0 0 0 0 0 0 0 0 0 0 0 0 0 0
ppred_pel_tallas
 1.05656e-16 2.68907e-06 1.56908e-05 7.43955e-05 0.000286106 0.000891904 0.00225354 0.00461598 0.00767027 0.0103578 0.0114212 0.0104309 0.0082455 0.00638552 0.00604531 0.00769657 0.0113434 0.016869 0.0241252 0.0328287 0.0424481 0.0521871 0.0610796 0.0681665 0.0726976 0.074288 0.0729847 0.069214 0.0636451 0.0570149 0.0499775 0.0430171 0.0364324 0.0303728 0.024896 0.020019
 1.16496e-16 6.34848e-06 3.72212e-05 0.000176857 0.000680782 0.00212281 0.0053621 0.0109726 0.0181923 0.0244444 0.0266339 0.023573 0.0170507 0.010313 0.00569936 0.00373721 0.00385424 0.00537576 0.00795007 0.0114934 0.0160154 0.0214994 0.0278483 0.0348678 0.0422667 0.0496694 0.0566381 0.0627039 0.0674101 0.0703631 0.0712868 0.0700689 0.0667879 0.0617094 0.0552536 0.0479351
 1.24966e-16 2.92238e-06 1.70983e-05 8.11703e-05 0.000312333 0.000973798 0.00245995 0.00503543 0.00835476 0.0112445 0.0123004 0.0110025 0.00821 0.00546892 0.00393079 0.00393324 0.00531387 0.00784565 0.0114047 0.0159205 0.0212838 0.0273025 0.0337114 0.0402162 0.0465455 0.0524864 0.0578905 0.0626473 0.0666422 0.0697202 0.0716772 0.0722865 0.0713544 0.0687805 0.0646072 0.0590356
 1.20968e-16 1.54492e-05 9.06552e-05 0.000430899 0.00165893 0.00517313 0.0130669 0.0267369 0.0443204 0.0595247 0.0647843 0.0571673 0.0409729 0.0240173 0.0118617 0.00559861 0.00359137 0.00392088 0.00545266 0.00774652 0.0106822 0.0142185 0.0183024 0.0228482 0.0277391 0.032829 0.0379413 0.0428641 0.0473493 0.0511216 0.0539012 0.0554404 0.0555645 0.0542079 0.0514323 0.0474266
 1.03269e-16 3.60639e-05 0.00021168 0.00100626 0.00387421 0.0120814 0.0305165 0.0624401 0.103498 0.138986 0.151221 0.13333 0.0953176 0.0553764 0.0264048 0.0108303 0.00467299 0.00326642 0.00376478 0.00495219 0.00639193 0.00788762 0.00929051 0.0104692 0.0113267 0.0118201 0.0119656 0.0118279 0.0114953 0.0110526 0.0105595 0.0100415 0.00949412 0.00889595 0.00822457 0.00746933
 1.02024e-16 1.43207e-05 8.39802e-05 0.000399055 0.00153613 0.00479007 0.0120999 0.0247623 0.0410622 0.0551935 0.0601883 0.0533919 0.0388773 0.0240154 0.0141318 0.0104395 0.0116049 0.0159441 0.0223273 0.0300226 0.0383211 0.0463572 0.0531524 0.0577887 0.0596164 0.0584124 0.0544343 0.0483455 0.0410442 0.0334522 0.0263318 0.0201793 0.0152062 0.0113915 0.00856861 0.00651349
 1.02264e-16 3.17972e-05 0.000186626 0.000887138 0.00341554 0.010651 0.0269036 0.0550482 0.0912479 0.122542 0.133344 0.117607 0.0841612 0.0490654 0.0237179 0.0102924 0.00531653 0.00470806 0.00597539 0.00803929 0.0104755 0.0130386 0.0154987 0.0176291 0.0192394 0.0202092 0.0205048 0.0201727 0.0193149 0.0180576 0.0165236 0.0148175 0.013022 0.0112042 0.00942204 0.00772865
 1.01495e-16 2.74333e-05 0.00016099 0.000765228 0.00294609 0.00918705 0.023206 0.0474838 0.0787147 0.105727 0.115092 0.101615 0.0729469 0.0429912 0.0216462 0.0108649 0.00772493 0.00874795 0.0117677 0.0157503 0.0201306 0.0244172 0.0280975 0.0306941 0.0318654 0.0314856 0.0296727 0.0267512 0.023166 0.0193755 0.01576 0.0125689 0.00991245 0.00778807 0.00612467 0.00482525
 1.01184e-16 3.1382e-05 0.000184181 0.000875499 0.0033707 0.0105112 0.0265505 0.0543262 0.0900533 0.120944 0.131624 0.116132 0.0831972 0.0486877 0.0238777 0.0109415 0.00647721 0.0064666 0.00843397 0.0112599 0.0144306 0.017577 0.0203354 0.0223662 0.0234195 0.0233903 0.0223398 0.0204721 0.0180775 0.0154619 0.0128857 0.0105279 0.00847975 0.00676045 0.00534439 0.00418693
 1.01111e-16 2.877e-05 0.00016884 0.000802552 0.00308981 0.00963524 0.024338 0.0497998 0.0825528 0.110878 0.120689 0.106533 0.0764249 0.0449355 0.0224303 0.0109391 0.00737898 0.0080901 0.010801 0.0144464 0.0184732 0.0224239 0.0258275 0.0282444 0.0293573 0.0290444 0.0274058 0.024731 0.0214221 0.017897 0.014507 0.0114881 0.00895176 0.00690785 0.00530226 0.00405431
 1.02796e-16 1.19314e-05 6.99554e-05 0.000332384 0.00127944 0.00398959 0.010078 0.020625 0.034204 0.0459828 0.0501642 0.0445476 0.0325415 0.0203092 0.0123197 0.00962511 0.0111594 0.0155588 0.0219026 0.0295718 0.0379276 0.046162 0.0533441 0.0585827 0.0612219 0.060992 0.058065 0.0529921 0.0465527 0.0395655 0.0327255 0.0265081 0.0211519 0.0167012 0.0130788 0.0101559
 1.08258e-16 9.68841e-06 5.68075e-05 0.000269923 0.00103903 0.00323993 0.00818413 0.0167484 0.0277723 0.0373276 0.0406996 0.0360898 0.0262495 0.0161605 0.0094244 0.00686886 0.00761563 0.0105756 0.0150698 0.0207273 0.0272235 0.0341363 0.0409391 0.0470735 0.0520484 0.0555251 0.057359 0.0575878 0.05638 0.0539678 0.0505907 0.0464677 0.0417967 0.0367679 0.0315778 0.02643
 1.07544e-16 2.42909e-05 0.000142555 0.000677617 0.00260882 0.00813532 0.0205492 0.0420468 0.0696989 0.0936087 0.101878 0.0898957 0.06442 0.0377382 0.0185854 0.00865916 0.00534876 0.00557577 0.00746541 0.0102015 0.0134413 0.0169516 0.0204896 0.0238051 0.026679 0.0289582 0.0305705 0.0315143 0.0318319 0.0315772 0.0307947 0.0295143 0.0277624 0.0255794 0.0230355 0.0202345
 1.0431e-16 2.20939e-05 0.000129639 0.000616172 0.00237217 0.0073973 0.0186853 0.0382345 0.0633853 0.0851471 0.0927159 0.0819222 0.0589485 0.03502 0.0181498 0.00996191 0.00815642 0.009974 0.0136837 0.0184229 0.023655 0.0288553 0.033454 0.0369124 0.0388372 0.03907 0.0377187 0.035115 0.0317191 0.0280031 0.0243522 0.0210109 0.018079 0.0155462 0.0133423 0.0113847
 1.02694e-16 2.64582e-05 0.000155269 0.000738036 0.00284141 0.00886062 0.0223814 0.0457964 0.0759167 0.101967 0.110994 0.0979837 0.0703135 0.041386 0.0207413 0.0102566 0.00710969 0.00794916 0.0107 0.0143936 0.0185271 0.0226783 0.0264035 0.0292792 0.030986 0.0313773 0.0305061 0.0285976 0.025982 0.02301 0.0199813 0.0171031 0.0144848 0.0121579 0.0101086 0.00830705
 1.02226e-16 2.46196e-05 0.000144469 0.00068668 0.00264365 0.0082439 0.0208237 0.0426097 0.0706365 0.0948819 0.1033 0.0912376 0.0655708 0.0387922 0.0198071 0.010396 0.00796606 0.00941983 0.0128231 0.0172353 0.0221087 0.0269354 0.0311707 0.0342991 0.0359411 0.0359394 0.0343904 0.0316073 0.0280332 0.0241316 0.0202935 0.0167832 0.01373 0.0111542 0.00901046 0.0072282
 1.02899e-16 2.08044e-05 0.000122066 0.000580164 0.00223353 0.00696492 0.0175931 0.0360001 0.0596826 0.0801775 0.0873161 0.0771785 0.0555948 0.0331479 0.0174012 0.0099067 0.00852263 0.0106698 0.0147252 0.0198638 0.0255432 0.0312085 0.0362452 0.0400637 0.042222 0.0425231 0.0410528 0.0381405 0.034264 0.0299299 0.025571 0.0214875 0.017837 0.0146626 0.011938 0.00960956
 1.03693e-16 2.14783e-05 0.000126027 0.000599005 0.00230609 0.00719121 0.0181647 0.0371691 0.0616189 0.0827733 0.0901289 0.0796313 0.057289 0.0340127 0.0175902 0.00959951 0.00780657 0.0095356 0.0131174 0.0177348 0.0228933 0.0281122 0.0328603 0.0366221 0.0390003 0.0398003 0.039063 0.0370343 0.0340868 0.0306224 0.0269885 0.0234318 0.0200915 0.0170232 0.0142352 0.0117192
 1.04363e-16 1.88389e-05 0.000110527 0.000525308 0.00202232 0.00630627 0.0159294 0.0325961 0.0540403 0.0726011 0.0790741 0.0699148 0.0504091 0.03015 0.0160006 0.0093848 0.00838385 0.0106806 0.0148164 0.0200424 0.0258503 0.0317045 0.0370038 0.0411659 0.043747 0.044537 0.0435966 0.0412198 0.0378426 0.033929 0.0298748 0.0259534 0.0223103 0.0189917 0.0159891 0.0132774
 1.02634e-16 3.07523e-05 0.000180488 0.000857949 0.00330314 0.0103005 0.0260183 0.0532371 0.0882471 0.118515 0.128974 0.113777 0.0814731 0.0476049 0.0232105 0.0104096 0.00585981 0.00562198 0.00728072 0.00976656 0.0126215 0.0155431 0.0182379 0.0204259 0.0218895 0.0225176 0.0223229 0.021426 0.0200144 0.0182912 0.0164316 0.0145597 0.0127463 0.0110227 0.00939924 0.00788206
 1.01788e-16 2.53878e-05 0.000148978 0.000708115 0.00272618 0.00850126 0.0214737 0.0439398 0.0728415 0.0978435 0.106524 0.0940827 0.0676113 0.0399904 0.0204015 0.0106779 0.00814116 0.00959178 0.0130282 0.0174729 0.0223535 0.0271409 0.0312712 0.0342164 0.0355957 0.0352645 0.0333461 0.0301911 0.0262834 0.0221238 0.0181298 0.0145775 0.0115922 0.00917733 0.00726149 0.00574476
 1.028e-16 1.95716e-05 0.000114826 0.000545739 0.00210097 0.00655154 0.016549 0.033864 0.0561426 0.0754263 0.0821535 0.072643 0.052388 0.0313569 0.0166826 0.00984688 0.00885713 0.0113032 0.0156607 0.0211355 0.027175 0.0331932 0.038535 0.042571 0.0448291 0.0450986 0.0434714 0.0402999 0.0360963 0.0314052 0.0266935 0.0222872 0.0183598 0.0149615 0.012066 0.00961533
 1.03391e-16 2.45899e-05 0.0001443 0.000685889 0.00264063 0.00823449 0.0207998 0.0425604 0.0705532 0.0947648 0.103159 0.0910808 0.0653883 0.0385445 0.0194251 0.0097869 0.00702148 0.00802845 0.0108907 0.014713 0.0190243 0.0234181 0.0274583 0.0307204 0.0328731 0.0337459 0.0333573 0.0318908 0.0296334 0.0268987 0.0239607 0.0210176 0.0181874 0.015526 0.0130553 0.010786
 1.03708e-16 1.90607e-05 0.000111826 0.000531479 0.00204607 0.00638033 0.0161166 0.0329791 0.054676 0.073457 0.0800113 0.0707552 0.0510408 0.0305789 0.0163202 0.00971288 0.00882133 0.0113019 0.0156706 0.0211502 0.027194 0.0332191 0.0385744 0.0426361 0.0449399 0.0452836 0.0437664 0.040745 0.0367299 0.032257 0.0277776 0.0235964 0.0198638 0.0166084 0.0137886 0.0113392
 1.08032e-16 1.68856e-06 9.81925e-06 4.64865e-05 0.000178658 0.000556838 0.00140717 0.00288408 0.00479904 0.00650056 0.00722051 0.00671792 0.00557077 0.0047907 0.00520857 0.00722236 0.0109413 0.0163762 0.0234631 0.0319672 0.0413953 0.0509925 0.059838 0.0670158 0.0718075 0.0738405 0.07315 0.0701265 0.0653835 0.0595909 0.0533334 0.0470322 0.0409367 0.0351652 0.0297653 0.0247639
pSPR Fmed_Fpbrs
0.526405   0.255602 0.255602
Fs Fmed_Fpbrs
0.366502   1.005 1.005
SSBpbr Bo_Bmed_Bpbrs
1.02405e+06  487862  210547 210547
Ro
24343
SPR SPRFo_SPRFmed_SPRFpbrs
499952 263177 127789
log_Ro
9.92
likeval ReclasPelacesDesembMPH_pf_preclas_ppelaces_ptallas_desvR_qrecl_qpela
 99.0721 120.736 0.0904148 0.000571199 381.482 208.377 86.956 0 38.5256 0 0 0 0 0 0
q_reclas_q_pelaces
1 1
M
0.7
N
 10737.9 56360.3 26859.8 3579.5 0.160443
 13707.3 5047.97 25082.8 11953.8 1593.11
 2569.82 6187.22 2071.15 10291.3 5558.22
 6611.25 899.261 1525.69 510.721 3908.31
 49574.6 2820.66 329.629 559.251 1619.82
 19083.3 23880.1 1317.99 154.023 1018.2
 57980.9 6623.09 5792.37 319.692 284.334
 68431.7 22957.2 2090.91 1828.65 190.691
 124608 23913.4 5645.39 514.173 496.575
 192217 46989.5 6847.9 1616.63 289.44
 63701.9 83086.5 17680.1 2576.56 717.169
 26289.9 24758.2 25273.8 5378.04 1001.91
 50565.6 10259 7592.02 7750.11 1956.39
 27835.9 17208.5 2392.68 1770.67 2263.82
 19406.4 7092.7 2249.89 312.827 527.482
 14545.1 5406.57 1108.59 351.658 131.341
 11481.2 5547.98 1584.04 324.8 141.511
 11685.4 4555.97 1759.24 502.292 147.865
 9601.23 4880.8 1600.6 618.053 228.412
 27140.8 3995.08 1701.75 558.067 295.13
 35972.6 11361.1 1409.69 600.472 301.056
 34192.8 16715 4939.62 612.913 391.971
 58538.7 15538.2 6950.94 2054.15 417.882
 50024.6 25904.8 6127.46 2741.09 974.839
 2422.87 21980.6 10071.6 2382.31 1444.73
pred_Ctot
 413.035 4233.59 2017.62 268.88 0.012052
 902.29 637.817 3169.24 1510.38 201.291
 556.873 2330.83 780.237 3876.91 2093.87
 675.535 172.322 292.363 97.8676 748.934
 1070.52 120.204 14.0474 23.8329 69.0298
 4218.18 9149.25 504.964 59.0113 390.104
 8561.64 1780.55 1557.22 85.9457 76.4403
 14878.9 8673.17 789.939 690.86 72.0425
 21906.6 7512.61 1773.55 161.532 156.004
 18052.1 8320.28 1212.53 286.251 51.2503
 10098.3 23808.5 5066.24 738.316 205.505
 4106.07 7000.61 7146.38 1520.69 283.298
 11694.1 4083.77 3022.13 3085.06 778.772
 10123.2 9811.89 1364.26 1009.6 1290.78
 6331.62 3727.14 1182.3 164.388 277.187
 2462.69 1642.91 336.871 106.86 39.9109
 1680.43 1479.65 422.464 86.6241 37.7411
 1348.64 977.704 377.53 107.791 31.7316
 1130.57 1067.03 349.921 135.118 49.9352
 3095.74 848.053 361.237 118.463 62.6485
 1669.63 1024.64 127.138 54.1559 27.1519
 2098.26 1974.43 583.484 72.3992 46.3009
 4613.76 2331.36 1042.92 308.205 62.6993
 4172.55 4101.3 970.112 433.975 154.339
 297.334 4991.92 2287.32 541.037 328.106
F
 0.0547909 0.109582 0.109582 0.109582 0.109582
 0.0954406 0.190881 0.190881 0.190881 0.190881
 0.350019 0.700037 0.700037 0.700037 0.700037
 0.151803 0.303605 0.303605 0.303605 0.303605
 0.0304322 0.0608645 0.0608645 0.0608645 0.0608645
 0.358252 0.716504 0.716504 0.716504 0.716504
 0.226481 0.452962 0.452962 0.452962 0.452962
 0.351397 0.702795 0.702795 0.702795 0.702795
 0.275248 0.550497 0.550497 0.550497 0.550497
 0.138743 0.277486 0.277486 0.277486 0.277486
 0.245057 0.490115 0.490115 0.490115 0.490115
 0.24103 0.48206 0.48206 0.48206 0.48206
 0.377871 0.755742 0.755742 0.755742 0.755742
 0.667259 1.33452 1.33452 1.33452 1.33452
 0.577988 1.15598 1.15598 1.15598 1.15598
 0.263817 0.527635 0.527635 0.527635 0.527635
 0.224277 0.448553 0.448553 0.448553 0.448553
 0.17303 0.346061 0.346061 0.346061 0.346061
 0.176827 0.353654 0.353654 0.353654 0.353654
 0.170847 0.341693 0.341693 0.341693 0.341693
 0.0664514 0.132903 0.132903 0.132903 0.132903
 0.0887142 0.177428 0.177428 0.177428 0.177428
 0.115261 0.230522 0.230522 0.230522 0.230522
 0.122355 0.24471 0.24471 0.24471 0.24471
 0.184925 0.36985 0.36985 0.36985 0.36985
nmprior
 10.6 11 7 0
nm_flota  nm_reclas  nm_pelaces    nm_pelaL
inf 13.9087 9.68866 19.1489
cv_recla  cv_pelaces  cv_mph
0.900328 1.24592 0.775411
 ------------------------------------------------
Talla a la edad & desviación 
 7.2 14.2025 17.0495 18.207 18.6776
 1.08 2.13037 2.55742 2.73105 2.80164
