years
 1997 1998 1999 2000 2001 2002 2003 2004 2005 2006 2007 2008 2009 2010 2011 2012 2013 2014 2015 2016 2017 2018 2019 2020 2021
reclasobs
 0 0 0 370054 412103 1.49427e+06 250295 1.28982e+06 931140 785840 897777 1.04006e+06 184774 17550 25797 100020 73551 82996 120727 218422 84188 347160 605670 569463 516374
reclaspred
 2.04057e+06 299268 533228 203484 270243 345753 685087 566559 847989 1.14815e+06 1.17604e+06 789577 446151 203397 131267 123006 135965 178320 178617 235870 403695 402357 642239 710451 664486
pelacesobs
 0 0 0 0 0 0 0 0 0 2.06254e+06 1.5e+06 0 1.87456e+06 323000 250000 174000 83755 137374 0 501740 490994 745055 786931 1.00524e+06 1.33801e+06
pelacespred
 961153 361963 164580 142941 158197 147359 354606 337483 476597 670641 605284 420980 237729 86777 55010.5 58800.9 67909.3 89687.9 94369.7 119856 226563 236324 286077 375718 344984
mphobs
 0 0 0 0 0 112323 0 153150 637223 0 255016 313432 73983 77613 109348 50772 0 0 0 0 0 0 0 0 0
mphpred
 1.45617e+06 665344 383821 244437 177833 328558 404162 566900 612834 904190 1.17464e+06 844522 494390 265445 122979 104681 110085 139828 162012 169378 285625 381102 448907 589020 651526
desembarqueobs
 350755 77701 442110 56441 14545 235359 269955 359681 431902 328805 639364 411747 362871 311530 167758 66681 60226 58785 57116 73181 50977 67692 138656 160484 209506
desembarquepred
 350733 77681.9 441759 56428.9 14544.3 235268 269884 359378 431631 328631 638844 411526 362525 311258 167551 66658.2 60219.2 58763.9 57088.8 73142.2 50967.5 67666.1 138604 160430 209438
Reclutas
 23690.2 28939.4 8460.54 13400.2 47040.9 25630.9 63166.1 73716.5 130341 167322 69137.5 33107.3 48729.8 28022.1 19464.4 15230 12248.8 12759.3 11879.8 27387.7 37906.4 38232.8 61632.1 59248.4 7759.67
log_desv_Rt
 -0.267184 -0.067042 -1.29683 -0.836974 0.418772 -0.188444 0.713522 0.867981 1.43791 1.68768 0.803852 0.0675097 0.454046 -0.0992506 -0.463658 -0.708978 -0.926821 -0.885983 -0.957404 -0.122151 0.202874 0.21145 0.688939 0.649495 -1.38331
SSB
 1.45617e+06 665344 383821 244437 177833 328558 404162 566900 612834 904190 1.17464e+06 844522 494390 265445 122979 104681 110085 139828 162012 169378 285625 381102 448907 589020 651526
BT
 2.31864e+06 819795 592833 353912 417359 473184 1.2242e+06 1.20077e+06 1.71027e+06 1.9711e+06 1.83872e+06 1.22251e+06 892561 484519 280323 187677 208079 251890 244916 350674 595846 537139 706370 939312 820708
Ftot
 0.16669 0.250376 0.761253 0.267248 0.0526111 0.635174 0.378012 0.5987 0.485488 0.276333 0.513191 0.492733 0.752645 1.3257 1.14276 0.51328 0.422742 0.316808 0.307188 0.298851 0.122925 0.163237 0.208885 0.218444 0.302515
BD_Bspro_t
 0.974438 0.826108 0.64736 0.370091 0.43898 0.649792 0.531724 0.56995 0.547196 0.585044 0.613892 0.458575 0.339716 0.246437 0.146987 0.150704 0.207443 0.318629 0.408072 0.481052 0.630278 0.745439 0.746298 0.73689 0.701701
BD_Bspro
 2.29115 1.04686 0.603908 0.3846 0.279804 0.516956 0.635911 0.891965 0.964238 1.42266 1.84819 1.32878 0.777878 0.417654 0.193496 0.164706 0.173208 0.220007 0.254911 0.266501 0.449405 0.599628 0.706313 0.926769 1.02512
BD_Bo
 1.52074 0.694843 0.400839 0.255275 0.185718 0.343126 0.422081 0.592035 0.640005 0.944279 1.22672 0.881966 0.51631 0.277214 0.128431 0.109322 0.114965 0.146028 0.169195 0.176888 0.298289 0.397998 0.46881 0.615136 0.680413
BD_Brms
 7.3965 3.37955 1.94959 1.2416 0.903289 1.66888 2.0529 2.87952 3.11284 4.59275 5.96648 4.28967 2.51121 1.34831 0.62466 0.531717 0.559165 0.710245 0.822926 0.860343 1.45081 1.93577 2.28018 2.99188 3.30937
S_f
 0.5 1 1 1 1
 0.5 1 1 1 1
 0.5 1 1 1 1
 0.5 1 1 1 1
 0.5 1 1 1 1
 0.5 1 1 1 1
 0.5 1 1 1 1
 0.5 1 1 1 1
 0.5 1 1 1 1
 0.5 1 1 1 1
 0.5 1 1 1 1
 0.5 1 1 1 1
 0.5 1 1 1 1
 0.5 1 1 1 1
 0.5 1 1 1 1
 0.5 1 1 1 1
 0.5 1 1 1 1
 0.5 1 1 1 1
 0.5 1 1 1 1
 0.5 1 1 1 1
 0.5 1 1 1 1
 0.5 1 1 1 1
 0.5 1 1 1 1
 0.5 1 1 1 1
 0.5 1 1 1 1
Scru_reclas
 0.5 1 1 1 1
 0.5 1 1 1 1
 0.5 1 1 1 1
 0.5 1 1 1 1
 0.5 1 1 1 1
 0.5 1 1 1 1
 0.5 1 1 1 1
 0.5 1 1 1 1
 0.5 1 1 1 1
 0.5 1 1 1 1
 0.5 1 1 1 1
 0.5 1 1 1 1
 0.5 1 1 1 1
 0.5 1 1 1 1
 0.5 1 1 1 1
 0.5 1 1 1 1
 0.5 1 1 1 1
 0.5 1 1 1 1
 0.5 1 1 1 1
 0.5 1 1 1 1
 0.5 1 1 1 1
 0.5 1 1 1 1
 0.5 1 1 1 1
 0.5 1 1 1 1
 0.5 1 1 1 1
Scru_pelaces
 0.5 1 1 1 1
 0.5 1 1 1 1
 0.5 1 1 1 1
 0.5 1 1 1 1
 0.5 1 1 1 1
 0.5 1 1 1 1
 0.5 1 1 1 1
 0.5 1 1 1 1
 0.5 1 1 1 1
 0.5 1 1 1 1
 0.5 1 1 1 1
 0.5 1 1 1 1
 0.5 1 1 1 1
 0.5 1 1 1 1
 0.5 1 1 1 1
 0.5 1 1 1 1
 0.5 1 1 1 1
 0.5 1 1 1 1
 0.5 1 1 1 1
 0.5 1 1 1 1
 0.5 1 1 1 1
 0.5 1 1 1 1
 0.5 1 1 1 1
 0.5 1 1 1 1
 0.5 1 1 1 1
pf_obs 
 0.256992 0.487395 0.22802 0.0275931 0
 0.321318 0.546541 0.124235 0.00734118 0.000564706
 0.182869 0.594174 0.210203 0.0122559 0.00049798
 0.330522 0.361315 0.267642 0.0388342 0.00168674
 0.649043 0.306663 0.0425973 0.00169635 0
 0.582887 0.30429 0.105238 0.00758474 0
 0.465427 0.430635 0.0974691 0.00646863 0
 0.296916 0.608066 0.0921331 0.00288517 0
 0.311714 0.524322 0.152257 0.0117073 0
 0.15457 0.633149 0.183074 0.0267441 0.00246327
 0.131901 0.49318 0.331252 0.0422183 0.00144891
 0.196976 0.569456 0.194076 0.0375587 0.00193317
 0.518974 0.381816 0.0799577 0.0180837 0.00116848
 0.0928022 0.601141 0.25162 0.0475244 0.00691264
 0.122501 0.610282 0.24278 0.0234846 0.000952079
 0.383417 0.481906 0.127806 0.00687128 0
 0.0376549 0.599619 0.316969 0.0457579 0
 0.0361596 0.667082 0.258105 0.0386534 0
 0.158088 0.579412 0.248529 0.0139706 0
 0.0477256 0.309471 0.559284 0.082774 0.000745712
 0.0406174 0.521527 0.379366 0.0568643 0.0016247
 0.151134 0.462217 0.34131 0.0453401 0
 0.294876 0.26143 0.354403 0.0886775 0.000613685
 0.281977 0.475581 0.204845 0.0348837 0.00271318
 0.0354234 0.537034 0.353287 0.0723622 0.0018943
pf_pred 
 0.18051 0.549515 0.238961 0.0310115 2.99215e-06
 0.308241 0.218566 0.317303 0.137982 0.0179085
 0.15952 0.411107 0.135664 0.196949 0.0967605
 0.443931 0.179723 0.184084 0.0607468 0.131516
 0.721177 0.176464 0.0330826 0.0338853 0.0353909
 0.349771 0.546191 0.0658443 0.0123442 0.0258492
 0.675924 0.18317 0.118361 0.0142686 0.0082766
 0.568899 0.35487 0.0430858 0.0278412 0.00530315
 0.66838 0.251761 0.0657373 0.00798134 0.00613976
 0.589837 0.337546 0.0551293 0.0143948 0.00309216
 0.286639 0.539952 0.142708 0.0233076 0.00739315
 0.249972 0.362349 0.293439 0.0775553 0.0166844
 0.489309 0.222226 0.139362 0.112859 0.0362452
 0.431492 0.401499 0.0726737 0.045575 0.0487609
 0.539991 0.321113 0.0980932 0.0177555 0.0230479
 0.54428 0.35107 0.0730514 0.0223157 0.00928256
 0.456679 0.399517 0.110781 0.0230516 0.00997091
 0.475896 0.343482 0.132816 0.0368282 0.010978
 0.438249 0.373864 0.123135 0.0476134 0.0171381
 0.645078 0.2237 0.0873329 0.0287637 0.0151256
 0.570268 0.343123 0.0545881 0.0213113 0.0107101
 0.450614 0.402801 0.117042 0.0186204 0.0109227
 0.537959 0.292063 0.124625 0.0362122 0.00914053
 0.444961 0.395159 0.101063 0.0431241 0.0156934
 0.0899852 0.573787 0.239377 0.0612209 0.03563
pobs_RECLAS
 0 0 0 0 0
 0 0 0 0 0
 0 0 0 0 0
 0 0 0 0 0
 0.835266 0.146461 0.0176864 0.000547809 3.91292e-05
 0.385257 0.428462 0.181853 0.0044286 0
 0.867414 0.0963971 0.0333333 0.00285562 0
 0.441836 0.489002 0.0689373 0.000224442 0
 0.779404 0.147425 0.0564933 0.0165055 0.000172143
 0.814271 0.122319 0.05973 0.00367925 0
 0.40263 0.566651 0.0304383 0.000280538 0
 0.475488 0.404961 0.113038 0.00651328 0
 0.955842 0.0263864 0.0167828 0.000988607 0
 0.975058 0.0227948 0.00214734 0 0
 0.738997 0.206755 0.0527124 0.00153531 0
 0.850938 0.134255 0.0134407 0.00136685 0
 0.542534 0.407297 0.0501686 0 0
 0.764087 0.199537 0.0359546 0.000420521 0
 0.470689 0.182191 0.310203 0.0369168 0
 0.84361 0.089868 0.0606195 0.00523954 0.000663233
 0.607945 0.314616 0.071237 0.00620181 0
 0.523733 0.453247 0.0230204 0 0
 0.530135 0.295979 0.169645 0.0042399 0
 0.562478 0.366248 0.0663022 0.0049721 0
 0.250443 0.683176 0.0655157 0.000865301 0
ppred_RECLAS
 0.181349 0.548952 0.238716 0.0309797 2.98908e-06
 0.310194 0.217949 0.316407 0.137592 0.0178579
 0.164853 0.408499 0.134803 0.195699 0.0961466
 0.446375 0.178933 0.183275 0.0604799 0.130938
 0.7215 0.176259 0.0330443 0.0338461 0.0353499
 0.356722 0.540352 0.0651404 0.0122122 0.0255729
 0.679254 0.181288 0.117145 0.014122 0.00819155
 0.575763 0.34922 0.0423998 0.0273979 0.00521872
 0.673046 0.248219 0.0648124 0.00786905 0.00605338
 0.592328 0.335497 0.0547946 0.0143074 0.00307339
 0.291313 0.536414 0.141773 0.0231549 0.00734471
 0.254034 0.360387 0.29185 0.0771353 0.0165941
 0.498961 0.218025 0.136728 0.110726 0.0355602
 0.453507 0.38595 0.0698594 0.0438101 0.0468726
 0.557625 0.308803 0.0943328 0.0170748 0.0221644
 0.549919 0.346726 0.0721476 0.0220396 0.00916771
 0.461052 0.396302 0.109889 0.022866 0.00989066
 0.478939 0.341487 0.132045 0.0366144 0.0109143
 0.441141 0.37194 0.122501 0.0473682 0.0170499
 0.647671 0.222065 0.0866948 0.0285536 0.0150151
 0.571252 0.342337 0.0544631 0.0212625 0.0106855
 0.451984 0.401797 0.11675 0.018574 0.0108955
 0.53979 0.290906 0.124131 0.0360688 0.00910432
 0.446879 0.393793 0.100713 0.042975 0.0156392
 0.0909328 0.57319 0.239127 0.0611571 0.0355929
pobs_PELACES
 0 0 0 0 0
 0 0 0 0 0
 0 0 0 0 0
 0 0 0 0 0
 0 0 0 0 0
 0 0 0 0 0
 0 0 0 0 0
 0 0 0 0 0
 0 0 0 0 0
 0 0 0 0 0
 0.450072 0.473896 0.0757376 0.000293798 0
 0 0 0 0 0
 0.463077 0.371075 0.160297 0.00555027 0
 0.529543 0.364841 0.0842815 0.0213345 0
 0.631943 0.363953 0.00410389 0 0
 0.735681 0.248677 0.0153453 0.000297389 0
 0.695825 0.281241 0.0229344 0 0
 0.275771 0.60734 0.115278 0.00161068 0
 0 0 0 0 0
 0.896147 0.0623911 0.0374545 0.00400742 0
 0.803859 0.145111 0.0509908 3.86294e-05 0
 0.739449 0.233085 0.0266225 0.000797448 4.60066e-05
 0.878498 0.100942 0.0204185 0.000141795 0
 0.694673 0.275183 0.0284847 0.00165964 0
 0.469039 0.446079 0.0841089 0.000773354 0
ppred_PELACES
 0.185468 0.54619 0.237515 0.0308238 2.97404e-06
 0.319102 0.215135 0.312321 0.135815 0.0176273
 0.182881 0.39968 0.131893 0.191475 0.0940711
 0.457296 0.175403 0.179659 0.0592868 0.128355
 0.723241 0.175158 0.0328377 0.0336345 0.035129
 0.381116 0.519862 0.0626703 0.0117491 0.0246031
 0.692688 0.173695 0.112238 0.0135305 0.00784845
 0.599694 0.329521 0.0400081 0.0258524 0.00492433
 0.690424 0.235026 0.0613676 0.00745081 0.00573164
 0.60329 0.326475 0.0533212 0.0139227 0.00299074
 0.309098 0.522952 0.138215 0.0225738 0.00716038
 0.269746 0.352796 0.285703 0.0755106 0.0162446
 0.529972 0.204531 0.128265 0.103872 0.0333593
 0.508057 0.347426 0.0628862 0.0394371 0.0421939
 0.603504 0.276777 0.0845496 0.015304 0.0198657
 0.57078 0.330656 0.0688036 0.0210181 0.00874279
 0.478425 0.383527 0.106347 0.022129 0.00957184
 0.491996 0.33293 0.128736 0.0356969 0.0106408
 0.453672 0.3636 0.119754 0.0463062 0.0166676
 0.65884 0.215026 0.0839466 0.0276484 0.0145391
 0.576212 0.338376 0.053833 0.0210165 0.0105619
 0.458664 0.396899 0.115327 0.0183476 0.0107627
 0.548339 0.285501 0.121825 0.0353987 0.00893519
 0.455805 0.387439 0.099088 0.0422816 0.0153868
 0.0951441 0.570534 0.23802 0.0608738 0.035428
pobs_pel_tallas
 0 0 0 0 0 0 0 0 0 0 0 0 0 0 0 0 0 0 0 0 0 0 0 0 0 0 0 0 0 0 0 0 0 0 0 0
 0 0 0 0 0 0 0 0 0 0 0 0 0 0 0 0 0 0 0 0 0 0 0 0 0 0 0 0 0 0 0 0 0 0 0 0
 0 0 0 0 0 0 0 0 0 0 0 0 0 0 0 0 0 0 0 0 0 0 0 0 0 0 0 0 0 0 0 0 0 0 0 0
 0 0 0 0 0 0 0 0 0 0 0 0 0 0 0 0 0 0 0 0 0 0 0 0 0 0 0 0 0 0 0 0 0 0 0 0
 0 0 0 0 0 0 0 0 0 0 0 0 0 0 0 0 0 0 0 0 0 0 0 0 0 0 0 0 0 0 0 0 0 0 0 0
 0 0 0 0 0 0 0 0 0 0 0 0 0 0 0 0 0 0 0 0 0 0 0 0 0 0 0 0 0 0 0 0 0 0 0 0
 0 0 0 0 0 0 0 0 0 0 0 0 0 0 0 0 0 0 0 0 0 0 0 0 0 0 0 0 0 0 0 0 0 0 0 0
 0 0 0 0 0 0 0 0 0 0 0 0 0 0 0 0 0 0 0 0 0 0 0 0 0 0 0 0 0 0 0 0 0 0 0 0
 0 0 0 0 0 0 0 0 0 0 0 0 0 0 0 0 0 0 0 0 0 0 0 0 0 0 0 0 0 0 0 0 0 0 0 0
 0 0 0 0 0 0 0 0 0 0 0 0 0 0 0 0 0 0 0 0 0 0 0 0 0 0 0 0 0 0 0 0 0 0 0 0
 0 0 0 0 0 0 0 0 1.78061e-05 0.00172719 0.00360574 0.0105946 0.0120993 0.0124554 0.0147524 0.0171206 0.0266825 0.0428682 0.0675386 0.121331 0.153587 0.119568 0.100827 0.0573624 0.0630603 0.0341343 0.0324427 0.0444173 0.0211091 0.0280891 0.0125444 0.00206551 0 0 0 0
 0 0 0 0 0 0 0 0 0 0 0 0 0 0 0 0 0 0 0 0 0 0 0 0 0 0 0 0 0 0 0 0 0 0 0 0
 0 0 0 0 0 0 0.0133647 0.0140871 0.0187388 0.0205184 0.03894 0.0496705 0.03968 0.0493445 0.0407372 0.0367815 0.0215668 0.0243155 0.0234873 0.0199281 0.019796 0.0243948 0.0301388 0.0376714 0.0412746 0.0863199 0.0771752 0.113111 0.0741005 0.0525337 0.0229764 0.00759418 0.00175318 0 0 0
 0 0 0 0 0 0 0 0 0 0 0.00219441 0.00772107 0.0458388 0.0604681 0.0671733 0.0775358 0.0609151 0.0617685 0.073594 0.0568108 0.0755445 0.0548602 0.0670107 0.0636378 0.0643287 0.046367 0.0373049 0.0286899 0.0247887 0.0153202 0.00654259 0.00121912 0.000365735 0 0 0
 0 0 0 0 0 0 0 0 0 0 0 0 0.000112435 0.00938835 0.0111873 0.0202946 0.0414886 0.0713402 0.111592 0.104902 0.108894 0.110636 0.117776 0.105296 0.107544 0.0401394 0.0192827 0.0124803 0.00416011 0.0028671 0.000618394 0 0 0 0 0
 0 0 0 0 0 0 0 0 0 0 0.00291406 0.0102884 0.027416 0.0768956 0.0749926 0.110853 0.0956884 0.0897413 0.0766577 0.0534642 0.0500743 0.0551293 0.0594112 0.0620874 0.0668451 0.0424026 0.0208742 0.0120726 0.0048766 0.00582813 0.00118941 0.000297354 0 0 0 0
 0 0.00264628 0.0354308 0.0461629 0.0458689 0.0383711 0.0214643 0.0164657 0.0346957 0.0420465 0.0363128 0.0245516 0.0311673 0.0291091 0.0169068 0.0133784 0.00837989 0.0085269 0.0148486 0.0160247 0.0276389 0.0546898 0.0760071 0.122758 0.109233 0.0665981 0.0333725 0.0166128 0.00676272 0.00308733 0.000882094 0 0 0 0 0
 0 0 0 0 0 0 0 0.000805153 0.000690131 0.00759144 0.0133425 0.0154129 0.00931677 0.000345066 0.00356568 0.00563607 0.00851162 0.0253048 0.0502646 0.0516448 0.0657925 0.0565908 0.0611916 0.0827007 0.0866115 0.110766 0.145733 0.0935128 0.0569358 0.0249597 0.0138026 0.00621118 0.00161031 0.00115022 0 0
 0 0 0 0 0 0 0 0 0 0 0 0 0 0 0 0 0 0 0 0 0 0 0 0 0 0 0 0 0 0 0 0 0 0 0 0
 0.00147267 0.00158595 0.00478618 0.00569244 0.00954404 0.0108468 0.00647125 0.017049 0.0510054 0.094081 0.124002 0.0959785 0.0687766 0.0820023 0.061753 0.0591476 0.0492212 0.0479892 0.0443925 0.0268479 0.0217502 0.0140895 0.0121071 0.0120363 0.00920419 0.00665534 0.0049561 0.00860946 0.00930331 0.0156896 0.0114698 0.00855282 0.00243557 0.00046729 0 2.83206e-05
 0 0 0 0 0.000772559 0.00158375 0.000888443 0.00281984 0.00712685 0.0440552 0.0773331 0.111326 0.0921469 0.0852325 0.0710754 0.0886704 0.0786465 0.0553345 0.0373146 0.0185414 0.00753245 0.00457741 0.012979 0.0271748 0.0457355 0.0583668 0.034881 0.0177882 0.00938659 0.00492506 0.0015258 0.00185414 0.000309023 5.79419e-05 3.86279e-05 0
 0 0.00173294 0.00326652 0 0.00397197 0.00683976 0.00946217 0.0152591 0.00757587 0.0136028 0.0228656 0.0392903 0.0559909 0.0764795 0.0681675 0.0726916 0.0566044 0.0477403 0.0527397 0.0444891 0.0609904 0.0582453 0.0661739 0.0445044 0.0529084 0.0360697 0.0280645 0.0235558 0.0158879 0.00826598 0.00280645 0.00217768 0.000904811 0.00058276 9.20147e-05 0
 0 0 0 0 0 0 0 0 0 0 0 0 0 0 0 0 0 0 0 0 0 0 0 0 0 0 0 0 0 0 0 0 0 0 0 0
 0 0 0 0 0 0 0 0 0 0 0 0 0 0 0 0 0 0 0 0 0 0 0 0 0 0 0 0 0 0 0 0 0 0 0 0
 0 0 0 0 0 0 0 0 0 0 0 0 0 0 0 0 0 0 0 0 0 0 0 0 0 0 0 0 0 0 0 0 0 0 0 0
ppred_pel_tallas
 1.04609e-16 8.12264e-06 4.75968e-05 0.000226094 0.000870206 0.00271341 0.00685443 0.0140292 0.0232708 0.0312998 0.0341865 0.0304549 0.0224555 0.0144283 0.0094793 0.0084062 0.0105711 0.0151195 0.0214602 0.0291447 0.0376328 0.0461934 0.0539571 0.0600679 0.0638622 0.0650102 0.0635732 0.0599558 0.0547796 0.0487234 0.0423853 0.0362022 0.030436 0.0252061 0.0205446 0.0164444
 1.09994e-16 1.39363e-05 8.17584e-05 0.00038857 0.00149589 0.00466468 0.0117828 0.0241105 0.0399713 0.0536971 0.0584773 0.0516865 0.0372298 0.022197 0.0116599 0.00667257 0.00582939 0.00745225 0.0105291 0.0146092 0.0194502 0.0248037 0.0303559 0.0357514 0.0406452 0.0447508 0.0478678 0.0498832 0.0507533 0.050482 0.0491055 0.0466927 0.0433552 0.0392567 0.0346141 0.0296829
 1.12978e-16 8.0032e-06 4.69107e-05 0.000222866 0.000857835 0.00267488 0.00675692 0.0138286 0.0229339 0.0308345 0.0336462 0.0298977 0.0218808 0.0137384 0.00848361 0.00684627 0.00814518 0.0115087 0.0163712 0.0223748 0.0291494 0.0362055 0.0429561 0.048815 0.0533172 0.0562104 0.0574876 0.0573466 0.0560996 0.0540665 0.0514931 0.0485174 0.0451849 0.0414963 0.0374612 0.0331359
 1.10643e-16 1.99601e-05 0.000117128 0.000556733 0.00214338 0.00668387 0.016883 0.0345456 0.057266 0.0769154 0.0837226 0.0739048 0.0530252 0.0311937 0.0156084 0.00769184 0.00533082 0.00602739 0.00826569 0.0113858 0.0150977 0.01918 0.0233848 0.0274465 0.0311216 0.0342246 0.036645 0.0383389 0.0393041 0.0395529 0.0390943 0.0379335 0.0360872 0.0336019 0.0305698 0.0271299
 1.03321e-16 3.15564e-05 0.000185209 0.000880398 0.00338958 0.0105701 0.0266992 0.0546301 0.0905558 0.121615 0.132343 0.116742 0.0835793 0.0488012 0.0237288 0.0105299 0.00576615 0.0053871 0.0069081 0.00923003 0.0118877 0.0145831 0.0170352 0.0189827 0.0202313 0.0206951 0.0204112 0.0195198 0.0182192 0.0167118 0.01516 0.0136628 0.0122576 0.0109377 0.00967768 0.0084547
 1.02613e-16 1.66522e-05 9.76765e-05 0.000464187 0.00178694 0.00557222 0.0140755 0.0288037 0.0477584 0.0641775 0.0699415 0.0619399 0.0448763 0.0272748 0.0152634 0.0101742 0.0103806 0.0138753 0.0193527 0.0260522 0.0333334 0.0404545 0.0465814 0.0509259 0.0529207 0.0523529 0.0494117 0.0446274 0.0387301 0.0324746 0.0264897 0.0211903 0.0167632 0.0132101 0.0104185 0.00823211
 1.02482e-16 3.02244e-05 0.000177388 0.000843216 0.00324641 0.0101236 0.0255715 0.0523228 0.0867316 0.11648 0.126759 0.111823 0.0800745 0.046789 0.0228158 0.0102398 0.00577873 0.0055651 0.00723095 0.00973255 0.0126278 0.015626 0.0184421 0.020798 0.0224692 0.0233272 0.0233591 0.0226556 0.0213754 0.0197001 0.0177961 0.0157925 0.0137782 0.0118111 0.00993187 0.00817457
 1.01794e-16 2.61755e-05 0.000153604 0.000730112 0.00281088 0.0087654 0.0221409 0.0453048 0.0751034 0.100879 0.109822 0.0969791 0.0696569 0.0411282 0.0208492 0.0106971 0.00789796 0.00914414 0.0123718 0.0165855 0.0212221 0.0257759 0.0297123 0.032531 0.0338712 0.033595 0.0318176 0.0288688 0.0252043 0.0212954 0.0175345 0.0141807 0.0113513 0.00904921 0.00720821 0.00573597
 1.01472e-16 3.0128e-05 0.000176817 0.000840489 0.00323589 0.0100908 0.0254886 0.0521538 0.086453 0.116111 0.12637 0.111511 0.0799185 0.0468331 0.023088 0.0107823 0.00666227 0.00688002 0.00906166 0.0121253 0.0155584 0.0189759 0.021991 0.0242401 0.0254536 0.0255151 0.0244842 0.0225725 0.0200832 0.017337 0.0146076 0.0120841 0.00986433 0.00797216 0.00638539 0.00506283
 1.01482e-16 2.63323e-05 0.000154525 0.000734488 0.00282773 0.00881794 0.0222736 0.0455763 0.0755534 0.101483 0.110479 0.0975565 0.0700663 0.0413595 0.0209473 0.0107165 0.00787533 0.00909557 0.0123019 0.0164957 0.0211152 0.0256575 0.0295907 0.0324154 0.0337689 0.0335084 0.0317422 0.0287923 0.0251079 0.0211574 0.0173348 0.0139055 0.0109963 0.00862147 0.00672465 0.00522075
 1.03243e-16 1.35123e-05 7.92415e-05 0.000376543 0.00144948 0.00451987 0.0114173 0.0233651 0.0387441 0.0520742 0.0567776 0.0503451 0.0366129 0.0225268 0.0131006 0.0094678 0.0103643 0.0142072 0.0199556 0.0269691 0.034652 0.0422763 0.0490048 0.0540317 0.0567562 0.0569174 0.0546461 0.0504099 0.0448814 0.0387723 0.0326908 0.0270577 0.0220925 0.0178504 0.0142853 0.0113089
 1.07525e-16 1.17897e-05 6.91435e-05 0.000328569 0.00126483 0.00394407 0.00996273 0.0203876 0.0338044 0.0454279 0.0495124 0.0438588 0.0318007 0.0193792 0.0109453 0.00746412 0.00781863 0.0106373 0.0150609 0.0206295 0.0269728 0.0336394 0.0400826 0.0457372 0.0501249 0.0529409 0.0540952 0.0536928 0.0519715 0.0492215 0.0457195 0.0416936 0.0373227 0.0327549 0.0281303 0.0235923
 1.07016e-16 2.31303e-05 0.000135737 0.000645197 0.00248398 0.007746 0.0195659 0.0400351 0.0663657 0.0891364 0.0970221 0.0856378 0.0614277 0.0361041 0.0180017 0.00875782 0.00590734 0.00653316 0.00885038 0.0120612 0.0157947 0.0197624 0.0236554 0.0271611 0.0300173 0.0320577 0.0332316 0.0335889 0.0332417 0.0323181 0.0309266 0.029143 0.0270176 0.0245948 0.0219332 0.0191157
 1.04333e-16 2.21804e-05 0.000130148 0.000618595 0.00238151 0.0074264 0.0187588 0.0383848 0.0636341 0.0854802 0.0930757 0.0822334 0.0591575 0.0351146 0.0181447 0.00987392 0.00798899 0.00971812 0.0133262 0.0179561 0.023084 0.0282037 0.0327645 0.0362435 0.038255 0.0386366 0.0374803 0.035093 0.0319062 0.0283655 0.0248371 0.0215569 0.0186269 0.0160473 0.0137636 0.0117101
 1.02745e-16 2.63396e-05 0.000154572 0.000734724 0.00282866 0.00882084 0.0222809 0.0455908 0.0755761 0.10151 0.110497 0.0975473 0.0700048 0.0412133 0.0206715 0.0102496 0.00713956 0.00800614 0.0107835 0.0145058 0.018669 0.0228479 0.0265953 0.0294847 0.0311947 0.0315789 0.0306923 0.0287638 0.0261273 0.0231372 0.0200953 0.0172093 0.0145875 0.0122597 0.0102099 0.00840633
 1.02216e-16 2.49148e-05 0.000146203 0.000694924 0.0026754 0.0083429 0.0210737 0.0431212 0.0714843 0.0960197 0.104537 0.0923236 0.0663386 0.0392207 0.0199786 0.0104096 0.00788494 0.009267 0.0125981 0.0169305 0.0217193 0.0264643 0.0306305 0.0337117 0.0353351 0.0353457 0.0338374 0.0311167 0.0276176 0.0237944 0.0200302 0.0165842 0.0135833 0.0110482 0.00893487 0.00717479
 1.02843e-16 2.089e-05 0.000122568 0.00058255 0.00224271 0.00699357 0.0176655 0.0361482 0.0599281 0.0805072 0.0876749 0.0774952 0.055822 0.0332815 0.0174678 0.00993877 0.00854322 0.0106906 0.0147504 0.0198935 0.0255746 0.0312363 0.0362621 0.0400606 0.0421896 0.0424535 0.0409411 0.0379859 0.0340703 0.0297051 0.0253265 0.021236 0.017591 0.0144328 0.0117324 0.0094328
 1.0366e-16 2.14797e-05 0.000126035 0.000599043 0.00230623 0.00719166 0.0181658 0.0371715 0.0616227 0.0827786 0.0901348 0.0796368 0.0572937 0.0340169 0.017595 0.00960637 0.00781694 0.00955093 0.013139 0.0177633 0.022929 0.0281541 0.0329062 0.0366686 0.0390434 0.0398355 0.0390863 0.0370425 0.0340783 0.0305969 0.0269476 0.0233779 0.0200281 0.0169542 0.0141645 0.0116503
 1.04189e-16 1.98098e-05 0.000116228 0.000552415 0.00212669 0.00663177 0.0167516 0.0342782 0.056828 0.0763429 0.0831409 0.0734901 0.0529424 0.0315759 0.0165942 0.00947847 0.00819412 0.010292 0.0142352 0.0192484 0.0248257 0.030449 0.0355405 0.0395408 0.0420235 0.0427868 0.0418883 0.03961 0.0363698 0.0326131 0.0287197 0.0249521 0.0214502 0.018259 0.0153706 0.0127616
 1.02892e-16 2.875e-05 0.000168729 0.00080204 0.00308786 0.00962918 0.0243226 0.0497679 0.0824978 0.110799 0.120587 0.106406 0.0762546 0.0446762 0.0220076 0.0102522 0.00630743 0.00650681 0.00859547 0.0115568 0.0149225 0.0183484 0.0214866 0.0240041 0.025644 0.0262784 0.0259299 0.0247515 0.0229761 0.0208543 0.0186014 0.0163686 0.0142398 0.0122481 0.0103994 0.00869271
 1.02091e-16 2.5152e-05 0.000147594 0.000701539 0.00270086 0.00842231 0.0212743 0.0435317 0.0721649 0.0969341 0.105533 0.093205 0.0669751 0.0396035 0.020185 0.0105344 0.00799797 0.00940651 0.0127804 0.0171572 0.0219793 0.0267333 0.0308716 0.033879 0.0353804 0.0352273 0.0335286 0.0306126 0.0269369 0.022977 0.0191308 0.0156633 0.012698 0.0102447 0.00824439 0.00661215
 1.029e-16 2.00289e-05 0.000117511 0.000558508 0.00215014 0.00670487 0.0169363 0.0346563 0.0574556 0.0771885 0.084068 0.0743244 0.0535756 0.0320178 0.016943 0.00985879 0.00871679 0.0110439 0.0152793 0.0206179 0.026512 0.0323886 0.0376099 0.0415627 0.0437877 0.0440799 0.0425285 0.0394763 0.0354207 0.0308899 0.0263358 0.0220727 0.0182666 0.014964 0.0121383 0.00973318
 1.03457e-16 2.39346e-05 0.000140452 0.000667592 0.00257018 0.00801478 0.0202449 0.041425 0.0686717 0.0922396 0.100416 0.0886704 0.0636842 0.037593 0.0190438 0.00975594 0.00720008 0.00836532 0.0113865 0.0153841 0.0198811 0.0244537 0.0286444 0.0320083 0.0341996 0.0350434 0.0345643 0.032961 0.0305411 0.027639 0.0245457 0.0214704 0.018535 0.0157945 0.0132662 0.0109553
 1.03705e-16 1.99037e-05 0.000116778 0.000555022 0.00213672 0.00666304 0.0168306 0.03444 0.0570968 0.0767058 0.0835407 0.0738542 0.053228 0.0317927 0.0167923 0.00972194 0.00854327 0.0107971 0.0149334 0.0201568 0.0259324 0.0317043 0.0368546 0.0407906 0.0430689 0.0434929 0.0421501 0.0393713 0.035633 0.0314367 0.027206 0.0232283 0.0196477 0.0164957 0.013739 0.0113233
 1.07312e-16 4.18495e-06 2.44771e-05 0.000116176 0.000446987 0.00139362 0.00352078 0.00720852 0.0119662 0.0161225 0.0176824 0.0159252 0.0121161 0.00851838 0.00684433 0.00764521 0.0107383 0.0157969 0.0225512 0.0306836 0.0396848 0.0488134 0.0571761 0.0638891 0.0682656 0.0699597 0.0690247 0.0658609 0.0610844 0.0553618 0.0492709 0.0432226 0.0374523 0.0320603 0.0270732 0.0224952
pSPR Fmed_Fpbrs
0.538265   0.255602 0.255602
Fs Fmed_Fpbrs
0.351161   1.005 1.005
SSBpbr Bo_Bmed_Bpbrs
957545  467536  196873 196873
Ro
30946
SPR SPRFo_SPRFmed_SPRFpbrs
635563 342101 162451
log_Ro
10.16
likeval ReclasPelacesDesembMPH_pf_preclas_ppelaces_ptallas_desvR_qrecl_qpela
 99.2048 108.714 0.0390363 0.000591966 353.98 205.022 83.6858 0 22.0877 0 0 0 0 0 0
q_reclas_q_pelaces
1 1
M
0.7
N
 23690.2 37381.3 16255.6 2109.59 0.203544
 28939.4 10823.5 15712.9 6832.88 886.832
 8460.54 12679.9 4184.3 6074.53 2984.41
 13400.2 2871.36 2941.04 970.53 2101.18
 47040.9 5822.01 1091.48 1117.97 1167.64
 25630.9 22753.3 2742.95 514.236 1076.83
 63166.1 9264.72 5986.68 721.705 418.629
 73716.5 25965.3 3152.52 2037.09 388.023
 130341 27136.4 7085.58 860.279 661.782
 167322 50775.3 8292.8 2165.33 465.137
 69137.5 72367.3 19126.5 3123.81 990.87
 33107.3 26562.5 21511 5685.3 1223.08
 48729.8 12850.6 8058.83 6526.24 2095.94
 28022.1 16609.4 3006.4 1885.37 2017.17
 19464.4 7171.73 2190.81 396.55 514.753
 15230 5458.67 1135.85 346.979 144.332
 12248.8 5851.09 1622.43 337.599 146.028
 12759.3 4923.66 1903.86 527.917 157.366
 11879.8 5407.88 1781.12 688.719 247.9
 27387.7 5059.39 1975.2 650.546 342.095
 37906.4 11712.6 1863.39 727.471 365.592
 38232.8 17701.6 5143.55 818.298 480.013
 61632.1 17497.8 7466.44 2169.52 547.62
 59248.4 27570.3 7051.15 3008.78 1094.93
 7759.67 26377.6 11004.4 2814.39 1637.95
pred_Ctot
 1368.97 4167.48 1812.26 235.189 0.0226922
 2466.71 1749.08 2539.22 1104.2 143.313
 1968.66 5073.52 1674.24 2430.57 1194.13
 1214.73 491.776 503.709 166.222 359.868
 879.653 215.241 40.3523 41.3315 43.1679
 5107.87 7976.29 961.556 180.268 377.488
 7909.02 2143.28 1384.95 166.958 96.845
 13952.8 8703.54 1056.72 682.832 130.065
 20487.1 7716.95 2014.97 244.643 188.195
 15652.7 8957.59 1462.99 382 82.0579
 11420.2 21512.7 5685.76 928.62 294.557
 5273.41 7644.11 6190.38 1636.1 351.975
 11230.5 5100.47 3198.6 2590.3 831.892
 10141 9436.08 1707.99 1071.11 1145.99
 6294.42 3743.06 1143.43 206.967 268.659
 2516.1 1622.93 337.703 103.161 42.9115
 1698.88 1486.23 412.113 85.7534 37.0925
 1356.58 979.125 378.604 104.982 31.2939
 1227.25 1046.95 344.821 133.334 47.9927
 2757.45 956.228 373.314 122.954 64.6561
 1630.85 981.263 156.111 60.9462 30.6286
 2165.21 1935.46 562.386 89.4712 52.4838
 4422.32 2400.91 1024.49 297.684 75.1401
 4436.63 3940.07 1007.68 429.983 156.477
 790.217 5038.79 2102.12 537.62 312.89
F
 0.083345 0.16669 0.16669 0.16669 0.16669
 0.125188 0.250376 0.250376 0.250376 0.250376
 0.380626 0.761253 0.761253 0.761253 0.761253
 0.133624 0.267248 0.267248 0.267248 0.267248
 0.0263055 0.0526111 0.0526111 0.0526111 0.0526111
 0.317587 0.635174 0.635174 0.635174 0.635174
 0.189006 0.378012 0.378012 0.378012 0.378012
 0.29935 0.5987 0.5987 0.5987 0.5987
 0.242744 0.485488 0.485488 0.485488 0.485488
 0.138167 0.276333 0.276333 0.276333 0.276333
 0.256596 0.513191 0.513191 0.513191 0.513191
 0.246366 0.492733 0.492733 0.492733 0.492733
 0.376323 0.752645 0.752645 0.752645 0.752645
 0.662848 1.3257 1.3257 1.3257 1.3257
 0.571381 1.14276 1.14276 1.14276 1.14276
 0.25664 0.51328 0.51328 0.51328 0.51328
 0.211371 0.422742 0.422742 0.422742 0.422742
 0.158404 0.316808 0.316808 0.316808 0.316808
 0.153594 0.307188 0.307188 0.307188 0.307188
 0.149425 0.298851 0.298851 0.298851 0.298851
 0.0614626 0.122925 0.122925 0.122925 0.122925
 0.0816187 0.163237 0.163237 0.163237 0.163237
 0.104443 0.208885 0.208885 0.208885 0.208885
 0.109222 0.218444 0.218444 0.218444 0.218444
 0.151258 0.302515 0.302515 0.302515 0.302515
nmprior
 10.6 11 7 0
nm_flota  nm_reclas  nm_pelaces    nm_pelaL
inf 14.8298 10.9963 22.5746
cv_recla  cv_pelaces  cv_mph
0.900931 1.18226 0.789381
 ------------------------------------------------
Talla a la edad & desviación 
 7.2 14.2025 17.0495 18.207 18.6776
 1.08 2.13037 2.55742 2.73105 2.80164
