years
 1997 1998 1999 2000 2001 2002 2003 2004 2005 2006 2007 2008 2009 2010 2011 2012 2013 2014 2015 2016 2017 2018 2019 2020 2021
reclasobs
 0 0 0 370054 412103 1.49427e+06 250295 1.28982e+06 931140 785840 897777 1.04006e+06 184774 17550 25797 100020 73551 82996 120727 218422 84188 347160 605670 569463 516374
reclaspred
 444335 132453 460245 330695 431413 507581 1.075e+06 670964 684924 561200 425887 284498 174136 85432.9 64461.4 68237.5 87279.6 121873 130255 184652 261200 238760 419438 542372 609765
pelacesobs
 0 0 0 0 0 0 0 0 0 2.06254e+06 1.5e+06 0 1.87456e+06 323000 250000 174000 83755 137374 0 501740 490994 745055 786931 1.00524e+06 1.33801e+06
pelacespred
 1.82391e+06 492703 1.00785e+06 1.11333e+06 1.22715e+06 1.22877e+06 2.82072e+06 2.31326e+06 2.03292e+06 1.70396e+06 1.16797e+06 799719 487592 205530 151640 168872 223780 313010 346766 476247 741846 665974 921087 1.41299e+06 1.64314e+06
mphobs
 0 0 0 0 0 112323 0 153150 637223 0 255016 313432 73983 77613 109348 50772 0 0 0 0 0 0 0 0 0
mphpred
 155277 109296 146013 203192 192544 271122 407243 459834 369296 339137 286776 198446 122837 65752.5 34687.1 31469.9 38642.8 54461.9 68679.8 79379.2 116182 134657 170081 246246 332612
desembarqueobs
 350755 77701 442110 56441 14545 235359 269955 359681 431902 328805 639364 411747 362871 311530 167758 66681 60226 58785 57116 73181 50977 67692 138656 160484 209506
desembarquepred
 350785 77707.9 442162 56443.7 14545.6 235395 269987 359725 431993 328882 639812 412127 363397 312173 167876 66699.4 60246.5 58790.3 57116.6 73186.9 50979.9 67691.9 138664 160495 209512
Reclutas
 86022.4 108059 70456.2 101136 164947 123453 181101 150323 159909 140973 69334.6 41757.3 42705.3 25302.5 20886.8 27891.1 24204.6 27725.5 31787.9 55044.2 68780.4 90307.5 148606 181937 81629.8
log_desv_Rt
 0.182362 0.410434 -0.0172528 0.344217 0.83338 0.543615 0.926808 0.740542 0.802362 0.676321 -0.0333007 -0.54037 -0.517922 -1.04134 -1.23313 -0.943936 -1.0857 -0.949893 -0.81316 -0.264108 -0.0413259 0.230976 0.729052 0.931417 0.12995
SSB
 1.02805e+06 723621 966714 1.34528e+06 1.27478e+06 1.79503e+06 2.69626e+06 3.04444e+06 2.44502e+06 2.24534e+06 1.89867e+06 1.31386e+06 813272 435331 229654 208355 255844 360579 454712 525550 769210 891533 1.12606e+06 1.63033e+06 2.20214e+06
BT
 3.54023e+06 1.00448e+06 2.03109e+06 2.03514e+06 2.18875e+06 2.36669e+06 5.19071e+06 4.51778e+06 4.00609e+06 3.34617e+06 2.66302e+06 1.80406e+06 1.22501e+06 668161 413934 355368 447054 602579 664623 905275 1.35862e+06 1.24514e+06 1.72998e+06 2.63937e+06 3.08532e+06
Ftot
 0.282624 0.201634 0.267528 0.0487358 0.0108103 0.115437 0.0722898 0.149276 0.177864 0.158221 0.360301 0.338759 0.526966 0.89892 0.76823 0.296957 0.212325 0.141338 0.119061 0.122903 0.0587072 0.078465 0.0923721 0.0875221 0.0849296
BD_Bspro_t
 0.966074 0.838994 0.822075 0.74764 0.825521 0.898316 0.877845 0.878675 0.833364 0.791611 0.745129 0.602023 0.491489 0.380023 0.266392 0.291496 0.420131 0.590951 0.694739 0.765738 0.838338 0.886904 0.891403 0.895712 0.898169
BD_Bspro
 0.69831 0.491524 0.656647 0.913793 0.865906 1.21929 1.83145 2.06796 1.6608 1.52517 1.28968 0.892451 0.55242 0.295701 0.155994 0.141526 0.173784 0.244926 0.308866 0.356983 0.522491 0.60558 0.764886 1.10742 1.49582
BD_Bo
 0.604857 0.425745 0.568769 0.791502 0.750024 1.05611 1.58635 1.79121 1.43854 1.32106 1.11709 0.773017 0.478491 0.256128 0.135118 0.122586 0.150527 0.212148 0.267531 0.309209 0.452568 0.524536 0.662523 0.959213 1.29564
BD_Brms
 2.1505 1.51369 2.0222 2.8141 2.66662 3.75489 5.6401 6.36845 5.11455 4.69687 3.97169 2.74837 1.70122 0.910636 0.480397 0.435842 0.535182 0.754268 0.951178 1.09936 1.60905 1.86493 2.35553 3.41038 4.6065
S_f
 0.207598 1 1 1 1
 0.207598 1 1 1 1
 0.207598 1 1 1 1
 0.207598 1 1 1 1
 0.207598 1 1 1 1
 0.207598 1 1 1 1
 0.207598 1 1 1 1
 0.207598 1 1 1 1
 0.207598 1 1 1 1
 0.207598 1 1 1 1
 0.207598 1 1 1 1
 0.207598 1 1 1 1
 0.207598 1 1 1 1
 0.207598 1 1 1 1
 0.207598 1 1 1 1
 0.207598 1 1 1 1
 0.207598 1 1 1 1
 0.207598 1 1 1 1
 0.207598 1 1 1 1
 0.207598 1 1 1 1
 0.207598 1 1 1 1
 0.207598 1 1 1 1
 0.207598 1 1 1 1
 0.207598 1 1 1 1
 0.207598 1 1 1 1
Scru_reclas
 1 1 1 1 1
 1 1 1 1 1
 1 1 1 1 1
 1 1 1 1 1
 1 1 1 1 1
 1 1 1 1 1
 1 1 1 1 1
 1 1 1 1 1
 1 1 1 1 1
 1 1 1 1 1
 1 1 1 1 1
 1 1 1 1 1
 1 1 1 1 1
 1 1 1 1 1
 1 1 1 1 1
 1 1 1 1 1
 1 1 1 1 1
 1 1 1 1 1
 1 1 1 1 1
 1 1 1 1 1
 1 1 1 1 1
 1 1 1 1 1
 1 1 1 1 1
 1 1 1 1 1
 1 1 1 1 1
Scru_pelaces
 0.997553 1 1 1 1
 0.997553 1 1 1 1
 0.997553 1 1 1 1
 0.997553 1 1 1 1
 0.997553 1 1 1 1
 0.997553 1 1 1 1
 0.997553 1 1 1 1
 0.997553 1 1 1 1
 0.997553 1 1 1 1
 0.997553 1 1 1 1
 0.997553 1 1 1 1
 0.997553 1 1 1 1
 0.997553 1 1 1 1
 0.997553 1 1 1 1
 0.997553 1 1 1 1
 0.997553 1 1 1 1
 0.997553 1 1 1 1
 0.997553 1 1 1 1
 0.997553 1 1 1 1
 0.997553 1 1 1 1
 0.997553 1 1 1 1
 0.997553 1 1 1 1
 0.997553 1 1 1 1
 0.997553 1 1 1 1
 0.997553 1 1 1 1
pf_obs 
 0.256992 0.487395 0.22802 0.0275931 0
 0.321318 0.546541 0.124235 0.00734118 0.000564706
 0.182869 0.594174 0.210203 0.0122559 0.00049798
 0.330522 0.361315 0.267642 0.0388342 0.00168674
 0.649043 0.306663 0.0425973 0.00169635 0
 0.582887 0.30429 0.105238 0.00758474 0
 0.465427 0.430635 0.0974691 0.00646863 0
 0.296916 0.608066 0.0921331 0.00288517 0
 0.311714 0.524322 0.152257 0.0117073 0
 0.15457 0.633149 0.183074 0.0267441 0.00246327
 0.131901 0.49318 0.331252 0.0422183 0.00144891
 0.196976 0.569456 0.194076 0.0375587 0.00193317
 0.518974 0.381816 0.0799577 0.0180837 0.00116848
 0.0928022 0.601141 0.25162 0.0475244 0.00691264
 0.122501 0.610282 0.24278 0.0234846 0.000952079
 0.383417 0.481906 0.127806 0.00687128 0
 0.0376549 0.599619 0.316969 0.0457579 0
 0.0361596 0.667082 0.258105 0.0386534 0
 0.158088 0.579412 0.248529 0.0139706 0
 0.0477256 0.309471 0.559284 0.082774 0.000745712
 0.0406174 0.521527 0.379366 0.0568643 0.0016247
 0.151134 0.462217 0.34131 0.0453401 0
 0.294876 0.26143 0.354403 0.0886775 0.000613685
 0.281977 0.475581 0.204845 0.0348837 0.00271318
 0.0354234 0.537034 0.353287 0.0723622 0.0018943
pf_pred 
 0.392518 0.428966 0.15967 0.0188363 9.39838e-06
 0.317499 0.532089 0.106212 0.0395342 0.00466618
 0.181106 0.581782 0.184856 0.0368997 0.0153559
 0.260496 0.403729 0.238551 0.0757974 0.0214266
 0.304823 0.4409 0.138822 0.0820254 0.0334303
 0.18156 0.556312 0.166248 0.052345 0.0435345
 0.254299 0.394801 0.238514 0.0712777 0.0411076
 0.189174 0.510117 0.159206 0.0961827 0.0453201
 0.210187 0.43106 0.225703 0.0704414 0.0626084
 0.190116 0.470803 0.185062 0.0968983 0.0571206
 0.11623 0.484572 0.232063 0.0912185 0.0759172
 0.115062 0.378279 0.277801 0.13304 0.0958176
 0.187298 0.343128 0.200726 0.147409 0.121438
 0.177118 0.482334 0.143781 0.0841106 0.112656
 0.246309 0.462758 0.170531 0.0508346 0.0695677
 0.33424 0.4616 0.125352 0.0461936 0.0326146
 0.233592 0.562954 0.141064 0.0383073 0.0240836
 0.245021 0.466317 0.212032 0.0531305 0.023499
 0.243202 0.472863 0.175374 0.0797417 0.0288191
 0.324378 0.418978 0.160357 0.0594727 0.036815
 0.279589 0.511189 0.129746 0.0496582 0.0298178
 0.272917 0.477985 0.176755 0.0448626 0.0274805
 0.320019 0.443249 0.155628 0.0575498 0.0235543
 0.274236 0.509909 0.140706 0.0494028 0.0257459
 0.114033 0.57967 0.215199 0.0593827 0.0317153
pobs_RECLAS
 0 0 0 0 0
 0 0 0 0 0
 0 0 0 0 0
 0 0 0 0 0
 0.835266 0.146461 0.0176864 0.000547809 3.91292e-05
 0.385257 0.428462 0.181853 0.0044286 0
 0.867414 0.0963971 0.0333333 0.00285562 0
 0.441836 0.489002 0.0689373 0.000224442 0
 0.779404 0.147425 0.0564933 0.0165055 0.000172143
 0.814271 0.122319 0.05973 0.00367925 0
 0.40263 0.566651 0.0304383 0.000280538 0
 0.475488 0.404961 0.113038 0.00651328 0
 0.955842 0.0263864 0.0167828 0.000988607 0
 0.975058 0.0227948 0.00214734 0 0
 0.738997 0.206755 0.0527124 0.00153531 0
 0.850938 0.134255 0.0134407 0.00136685 0
 0.542534 0.407297 0.0501686 0 0
 0.764087 0.199537 0.0359546 0.000420521 0
 0.470689 0.182191 0.310203 0.0369168 0
 0.84361 0.089868 0.0606195 0.00523954 0.000663233
 0.607945 0.314616 0.071237 0.00620181 0
 0.523733 0.453247 0.0230204 0 0
 0.530135 0.295979 0.169645 0.0042399 0
 0.562478 0.366248 0.0663022 0.0049721 0
 0.250443 0.683176 0.0655157 0.000865301 0
ppred_RECLAS
 0.759777 0.169631 0.06314 0.00744863 3.71651e-06
 0.693743 0.238763 0.0476601 0.0177401 0.00209384
 0.519567 0.341323 0.108452 0.0216485 0.00900907
 0.629735 0.202144 0.119441 0.0379512 0.0107281
 0.67879 0.20372 0.0641434 0.0379003 0.0154467
 0.518028 0.327607 0.0979021 0.0308255 0.025637
 0.622425 0.199902 0.120768 0.0360904 0.0208142
 0.531078 0.295014 0.0920732 0.055625 0.0262098
 0.564079 0.237915 0.124572 0.0388787 0.0345554
 0.532733 0.271633 0.106772 0.055906 0.0329561
 0.392944 0.332849 0.159403 0.0626575 0.0521471
 0.389851 0.260817 0.191539 0.0917286 0.0660645
 0.534768 0.196424 0.114906 0.0843846 0.0695175
 0.526963 0.277272 0.0826534 0.0483514 0.0647607
 0.625139 0.23016 0.0848166 0.0252834 0.0346006
 0.71097 0.200397 0.0544197 0.0200543 0.0141592
 0.597603 0.295574 0.0740645 0.0201129 0.0126449
 0.611604 0.239895 0.109079 0.0273328 0.012089
 0.608963 0.244328 0.0906158 0.0412025 0.0148908
 0.699443 0.186386 0.0713361 0.026457 0.0163775
 0.652143 0.246832 0.0626492 0.0239779 0.0143978
 0.644767 0.23353 0.0863575 0.0219187 0.0134262
 0.694879 0.198895 0.0698332 0.0258237 0.0105693
 0.646394 0.248438 0.0685546 0.02407 0.0125439
 0.383701 0.403232 0.149698 0.041308 0.0220619
pobs_PELACES
 0 0 0 0 0
 0 0 0 0 0
 0 0 0 0 0
 0 0 0 0 0
 0 0 0 0 0
 0 0 0 0 0
 0 0 0 0 0
 0 0 0 0 0
 0 0 0 0 0
 0 0 0 0 0
 0.450072 0.473896 0.0757376 0.000293798 0
 0 0 0 0 0
 0.463077 0.371075 0.160297 0.00555027 0
 0.529543 0.364841 0.0842815 0.0213345 0
 0.631943 0.363953 0.00410389 0 0
 0.735681 0.248677 0.0153453 0.000297389 0
 0.695825 0.281241 0.0229344 0 0
 0.275771 0.60734 0.115278 0.00161068 0
 0 0 0 0 0
 0.896147 0.0623911 0.0374545 0.00400742 0
 0.803859 0.145111 0.0509908 3.86294e-05 0
 0.739449 0.233085 0.0266225 0.000797448 4.60066e-05
 0.878498 0.100942 0.0204185 0.000141795 0
 0.694673 0.275183 0.0284847 0.00165964 0
 0.469039 0.446079 0.0841089 0.000773354 0
ppred_PELACES
 0.772575 0.160593 0.0597761 0.00705179 3.5185e-06
 0.70432 0.230517 0.0460142 0.0171274 0.00202153
 0.536389 0.329372 0.104655 0.0208905 0.00869362
 0.632133 0.200836 0.118667 0.0377055 0.0106587
 0.678872 0.203668 0.0641269 0.0378906 0.0154427
 0.52495 0.322903 0.0964962 0.0303828 0.0252689
 0.626284 0.197859 0.119534 0.0357216 0.0206015
 0.540177 0.289289 0.0902865 0.0545456 0.0257012
 0.574881 0.23202 0.121485 0.0379153 0.0336992
 0.542409 0.266008 0.104562 0.0547484 0.0322736
 0.415035 0.320737 0.153602 0.0603773 0.0502494
 0.410522 0.251981 0.18505 0.0886209 0.0638263
 0.568233 0.182295 0.106641 0.0783147 0.064517
 0.584328 0.243647 0.07263 0.0424878 0.0569071
 0.67037 0.202389 0.0745827 0.0222328 0.0304257
 0.726175 0.189855 0.0515569 0.0189993 0.0134143
 0.610297 0.286251 0.0717281 0.0194785 0.012246
 0.61977 0.234852 0.106786 0.0267582 0.0118348
 0.615772 0.240074 0.089038 0.0404851 0.0146316
 0.705647 0.182539 0.0698637 0.0259109 0.0160394
 0.655064 0.244759 0.0621231 0.0237766 0.0142769
 0.648895 0.230817 0.0853541 0.021664 0.0132702
 0.699462 0.195908 0.0687844 0.0254359 0.0104106
 0.651051 0.245166 0.0676517 0.023753 0.0123787
 0.388384 0.400168 0.14856 0.0409941 0.0218943
pobs_pel_tallas
 0 0 0 0 0 0 0 0 0 0 0 0 0 0 0 0 0 0 0 0 0 0 0 0 0 0 0 0 0 0 0 0 0 0 0 0
 0 0 0 0 0 0 0 0 0 0 0 0 0 0 0 0 0 0 0 0 0 0 0 0 0 0 0 0 0 0 0 0 0 0 0 0
 0 0 0 0 0 0 0 0 0 0 0 0 0 0 0 0 0 0 0 0 0 0 0 0 0 0 0 0 0 0 0 0 0 0 0 0
 0 0 0 0 0 0 0 0 0 0 0 0 0 0 0 0 0 0 0 0 0 0 0 0 0 0 0 0 0 0 0 0 0 0 0 0
 0 0 0 0 0 0 0 0 0 0 0 0 0 0 0 0 0 0 0 0 0 0 0 0 0 0 0 0 0 0 0 0 0 0 0 0
 0 0 0 0 0 0 0 0 0 0 0 0 0 0 0 0 0 0 0 0 0 0 0 0 0 0 0 0 0 0 0 0 0 0 0 0
 0 0 0 0 0 0 0 0 0 0 0 0 0 0 0 0 0 0 0 0 0 0 0 0 0 0 0 0 0 0 0 0 0 0 0 0
 0 0 0 0 0 0 0 0 0 0 0 0 0 0 0 0 0 0 0 0 0 0 0 0 0 0 0 0 0 0 0 0 0 0 0 0
 0 0 0 0 0 0 0 0 0 0 0 0 0 0 0 0 0 0 0 0 0 0 0 0 0 0 0 0 0 0 0 0 0 0 0 0
 0 0 0 0 0 0 0 0 0 0 0 0 0 0 0 0 0 0 0 0 0 0 0 0 0 0 0 0 0 0 0 0 0 0 0 0
 0 0 0 0 0 0 0 0 1.78061e-05 0.00172719 0.00360574 0.0105946 0.0120993 0.0124554 0.0147524 0.0171206 0.0266825 0.0428682 0.0675386 0.121331 0.153587 0.119568 0.100827 0.0573624 0.0630603 0.0341343 0.0324427 0.0444173 0.0211091 0.0280891 0.0125444 0.00206551 0 0 0 0
 0 0 0 0 0 0 0 0 0 0 0 0 0 0 0 0 0 0 0 0 0 0 0 0 0 0 0 0 0 0 0 0 0 0 0 0
 0 0 0 0 0 0 0.0133647 0.0140871 0.0187388 0.0205184 0.03894 0.0496705 0.03968 0.0493445 0.0407372 0.0367815 0.0215668 0.0243155 0.0234873 0.0199281 0.019796 0.0243948 0.0301388 0.0376714 0.0412746 0.0863199 0.0771752 0.113111 0.0741005 0.0525337 0.0229764 0.00759418 0.00175318 0 0 0
 0 0 0 0 0 0 0 0 0 0 0.00219441 0.00772107 0.0458388 0.0604681 0.0671733 0.0775358 0.0609151 0.0617685 0.073594 0.0568108 0.0755445 0.0548602 0.0670107 0.0636378 0.0643287 0.046367 0.0373049 0.0286899 0.0247887 0.0153202 0.00654259 0.00121912 0.000365735 0 0 0
 0 0 0 0 0 0 0 0 0 0 0 0 0.000112435 0.00938835 0.0111873 0.0202946 0.0414886 0.0713402 0.111592 0.104902 0.108894 0.110636 0.117776 0.105296 0.107544 0.0401394 0.0192827 0.0124803 0.00416011 0.0028671 0.000618394 0 0 0 0 0
 0 0 0 0 0 0 0 0 0 0 0.00291406 0.0102884 0.027416 0.0768956 0.0749926 0.110853 0.0956884 0.0897413 0.0766577 0.0534642 0.0500743 0.0551293 0.0594112 0.0620874 0.0668451 0.0424026 0.0208742 0.0120726 0.0048766 0.00582813 0.00118941 0.000297354 0 0 0 0
 0 0.00264628 0.0354308 0.0461629 0.0458689 0.0383711 0.0214643 0.0164657 0.0346957 0.0420465 0.0363128 0.0245516 0.0311673 0.0291091 0.0169068 0.0133784 0.00837989 0.0085269 0.0148486 0.0160247 0.0276389 0.0546898 0.0760071 0.122758 0.109233 0.0665981 0.0333725 0.0166128 0.00676272 0.00308733 0.000882094 0 0 0 0 0
 0 0 0 0 0 0 0 0.000805153 0.000690131 0.00759144 0.0133425 0.0154129 0.00931677 0.000345066 0.00356568 0.00563607 0.00851162 0.0253048 0.0502646 0.0516448 0.0657925 0.0565908 0.0611916 0.0827007 0.0866115 0.110766 0.145733 0.0935128 0.0569358 0.0249597 0.0138026 0.00621118 0.00161031 0.00115022 0 0
 0 0 0 0 0 0 0 0 0 0 0 0 0 0 0 0 0 0 0 0 0 0 0 0 0 0 0 0 0 0 0 0 0 0 0 0
 0.00147267 0.00158595 0.00478618 0.00569244 0.00954404 0.0108468 0.00647125 0.017049 0.0510054 0.094081 0.124002 0.0959785 0.0687766 0.0820023 0.061753 0.0591476 0.0492212 0.0479892 0.0443925 0.0268479 0.0217502 0.0140895 0.0121071 0.0120363 0.00920419 0.00665534 0.0049561 0.00860946 0.00930331 0.0156896 0.0114698 0.00855282 0.00243557 0.00046729 0 2.83206e-05
 0 0 0 0 0.000772559 0.00158375 0.000888443 0.00281984 0.00712685 0.0440552 0.0773331 0.111326 0.0921469 0.0852325 0.0710754 0.0886704 0.0786465 0.0553345 0.0373146 0.0185414 0.00753245 0.00457741 0.012979 0.0271748 0.0457355 0.0583668 0.034881 0.0177882 0.00938659 0.00492506 0.0015258 0.00185414 0.000309023 5.79419e-05 3.86279e-05 0
 0 0.00173294 0.00326652 0 0.00397197 0.00683976 0.00946217 0.0152591 0.00757587 0.0136028 0.0228656 0.0392903 0.0559909 0.0764795 0.0681675 0.0726916 0.0566044 0.0477403 0.0527397 0.0444891 0.0609904 0.0582453 0.0661739 0.0445044 0.0529084 0.0360697 0.0280645 0.0235558 0.0158879 0.00826598 0.00280645 0.00217768 0.000904811 0.00058276 9.20147e-05 0
 0 0 0 0 0 0 0 0 0 0 0 0 0 0 0 0 0 0 0 0 0 0 0 0 0 0 0 0 0 0 0 0 0 0 0 0
 0 0 0 0 0 0 0 0 0 0 0 0 0 0 0 0 0 0 0 0 0 0 0 0 0 0 0 0 0 0 0 0 0 0 0 0
 0 0 0 0 0 0 0 0 0 0 0 0 0 0 0 0 0 0 0 0 0 0 0 0 0 0 0 0 0 0 0 0 0 0 0 0
ppred_pel_tallas
 1.01144e-16 3.37072e-05 0.000197837 0.000940434 0.00362073 0.0112909 0.02852 0.0583555 0.0967303 0.129905 0.141358 0.124678 0.0892278 0.0520316 0.0251729 0.010955 0.00569226 0.00504799 0.00636439 0.00847334 0.0108948 0.0133367 0.0155289 0.0172191 0.0182157 0.0184282 0.0178834 0.0167105 0.0151022 0.0132666 0.0113854 0.00958855 0.00795064 0.00650063 0.00523912 0.00415408
 1.01412e-16 3.07337e-05 0.000180374 0.000857398 0.003301 0.0102938 0.0260015 0.0532031 0.088192 0.118446 0.128908 0.113745 0.0815061 0.0477363 0.0234825 0.0108807 0.00660589 0.0067278 0.00882218 0.0117867 0.0151047 0.0183948 0.0212778 0.0233998 0.0245012 0.0244749 0.0233878 0.0214559 0.0189838 0.0162907 0.0136457 0.0112312 0.00913649 0.00737593 0.00591819 0.00471411
 1.02717e-16 2.34153e-05 0.000137399 0.00065307 0.00251425 0.00784036 0.0198044 0.040524 0.0671794 0.0902395 0.0982494 0.0867842 0.0623874 0.0369437 0.0189287 0.0100436 0.00783191 0.00935782 0.0127906 0.0172413 0.0221894 0.0271459 0.0315795 0.0349803 0.0369635 0.0373525 0.0362123 0.0338161 0.030565 0.0268868 0.0231488 0.0196078 0.0164023 0.013576 0.0111152 0.0089841
 1.03544e-16 2.75849e-05 0.00016189 0.00076953 0.0029627 0.00923885 0.0233367 0.0477504 0.0791536 0.106307 0.115699 0.102092 0.0731634 0.0428654 0.0211175 0.00984377 0.00607142 0.00628929 0.00834387 0.0112731 0.0146432 0.0181392 0.0214387 0.0242253 0.0262431 0.0273465 0.0275207 0.0268671 0.0255618 0.0238037 0.0217707 0.019597 0.017371 0.0151491 0.0129729 0.0108826
 1.03001e-16 2.9623e-05 0.000173855 0.000826414 0.00318171 0.00992185 0.0250618 0.0512803 0.0850043 0.114163 0.124244 0.109622 0.0785345 0.0459622 0.0225481 0.010347 0.00615202 0.0061774 0.00809639 0.010866 0.0140176 0.0172201 0.020145 0.0224806 0.0239893 0.0245572 0.0242132 0.0231083 0.0214671 0.0195267 0.0174868 0.0154821 0.0135808 0.0118023 0.0101413 0.00858889
 1.037e-16 2.29161e-05 0.000134469 0.000639143 0.00246063 0.00767315 0.019382 0.0396598 0.0657468 0.0883152 0.0961546 0.0849346 0.0610595 0.0361608 0.0185342 0.00984547 0.00769203 0.00920264 0.0125881 0.0169814 0.0218769 0.0268001 0.0312352 0.0346873 0.0367824 0.0373484 0.0364461 0.0343364 0.0314005 0.0280415 0.0246008 0.021311 0.0182911 0.0155719 0.0131351 0.0109479
 1.03952e-16 2.73298e-05 0.000160393 0.000762411 0.00293529 0.00915338 0.0231208 0.0473087 0.0784213 0.105324 0.114628 0.101147 0.0724856 0.0424673 0.0209196 0.00974907 0.00601066 0.00622665 0.00826499 0.0111749 0.0145298 0.0180213 0.0213338 0.0241563 0.0262369 0.0274298 0.0277169 0.0271921 0.0260218 0.0243937 0.0224753 0.0203914 0.0182247 0.0160283 0.0138442 0.0117157
 1.04452e-16 2.35787e-05 0.000138362 0.000657659 0.00253193 0.00789551 0.0199436 0.0408087 0.0676501 0.090868 0.098924 0.0873569 0.0627488 0.0370567 0.0188011 0.00967813 0.00719806 0.00839554 0.0114317 0.015436 0.0199318 0.0244937 0.0286645 0.0320032 0.0341733 0.035013 0.0345627 0.033036 0.0307494 0.0280372 0.0251795 0.0223644 0.019686 0.0171696 0.0148066 0.0125848
 1.04678e-16 2.50897e-05 0.000147238 0.000699867 0.00269446 0.00840238 0.0212238 0.0434277 0.0719895 0.0966901 0.105245 0.0928973 0.0666383 0.0391727 0.0195413 0.00951804 0.00642403 0.00708526 0.00954934 0.0129272 0.0167864 0.0207801 0.0245419 0.0277117 0.030002 0.0312534 0.0314588 0.0307432 0.0293149 0.0274031 0.0252072 0.0228697 0.0204768 0.0180758 0.0156983 0.0133783
 1.04961e-16 2.36751e-05 0.00013893 0.000660363 0.00254235 0.00792802 0.0200257 0.0409764 0.0679275 0.0912386 0.0993222 0.0876959 0.0629649 0.0371295 0.0187374 0.00948281 0.00685806 0.00788197 0.0107125 0.0144909 0.0187663 0.023149 0.027221 0.0305753 0.0328948 0.0340162 0.0339561 0.0328852 0.0310676 0.0287858 0.0262782 0.0237072 0.0211592 0.018667 0.0162408 0.0138926
 1.06708e-16 1.81233e-05 0.000106331 0.000505372 0.00194558 0.00606698 0.015325 0.0313588 0.051988 0.0698406 0.0760587 0.0672281 0.0484274 0.028876 0.0151644 0.00864987 0.00747649 0.00941442 0.0130753 0.0177751 0.0230836 0.0285615 0.0337114 0.0380403 0.0411562 0.0428463 0.0431078 0.0421206 0.0401769 0.0375943 0.0346447 0.031518 0.0283226 0.0251121 0.0219196 0.0187835
 1.08737e-16 1.79238e-05 0.000105166 0.000499846 0.00192433 0.00600073 0.0151575 0.0310157 0.0514175 0.0690689 0.0752045 0.0664402 0.0477886 0.0283527 0.0146312 0.00794406 0.00643653 0.00789598 0.0109641 0.0150097 0.0196855 0.0246622 0.029562 0.0339957 0.0376324 0.0402565 0.0417937 0.0422944 0.0418883 0.0407293 0.0389535 0.0366615 0.0339271 0.0308183 0.0274199 0.0238445
 1.07279e-16 2.47977e-05 0.000145529 0.00069175 0.00266323 0.00830499 0.0209778 0.0429239 0.0711531 0.0955627 0.104007 0.0917799 0.0657824 0.0385606 0.0190346 0.00894017 0.00561343 0.00590956 0.00790711 0.0107584 0.0140924 0.0176453 0.0211442 0.0243157 0.0269317 0.0288491 0.0300263 0.0305082 0.0303907 0.0297792 0.0287568 0.0273741 0.0256577 0.0236302 0.0213307 0.0188267
 1.0523e-16 2.5502e-05 0.000149658 0.000711369 0.00273875 0.00854047 0.0215727 0.0441415 0.0731729 0.0982797 0.106976 0.0944268 0.0677389 0.0398263 0.0198784 0.00969796 0.00655977 0.00723309 0.00972556 0.0131223 0.0169701 0.0209036 0.0245416 0.0275185 0.0295546 0.0305145 0.030428 0.0294651 0.0278769 0.0259239 0.0238181 0.021693 0.0196062 0.0175631 0.015549 0.0135562
 1.03311e-16 2.92522e-05 0.000171679 0.000816066 0.00314187 0.0097976 0.024748 0.0506381 0.0839399 0.112734 0.122689 0.108251 0.0775557 0.0453956 0.0222821 0.0102457 0.00612178 0.006174 0.00810702 0.0108927 0.0140695 0.0173104 0.0202897 0.0226966 0.0242923 0.0249591 0.0247192 0.0237156 0.0221641 0.0202944 0.0183005 0.0163144 0.0144049 0.012594 0.010881 0.0092625
 1.02074e-16 3.1685e-05 0.000185963 0.000883977 0.00340335 0.010613 0.0268077 0.0548522 0.0909244 0.122111 0.132887 0.117229 0.0839456 0.0490501 0.0239153 0.0107236 0.0060286 0.00576674 0.00744199 0.00994242 0.0127843 0.0156441 0.0182102 0.0201912 0.0213689 0.0216452 0.0210597 0.0197705 0.0180062 0.0160076 0.0139776 0.0120536 0.0103043 0.00874484 0.00736052 0.00612773
 1.02354e-16 2.66362e-05 0.000156312 0.000742996 0.0028605 0.00892015 0.0225318 0.0461042 0.0764272 0.102653 0.111743 0.0986497 0.0708014 0.0416931 0.0209317 0.0104097 0.00728794 0.00819241 0.0110305 0.0148184 0.019037 0.0232443 0.0269765 0.0297939 0.0313697 0.0315617 0.0304398 0.0282561 0.025372 0.0221678 0.0189656 0.0159851 0.0133365 0.0110434 0.00907775 0.00739262
 1.03065e-16 2.70472e-05 0.00015873 0.0007545 0.00290482 0.00905835 0.0228808 0.0468179 0.0776088 0.104236 0.113453 0.100131 0.071802 0.0421568 0.0209335 0.0100335 0.00655579 0.00706558 0.00944729 0.0127366 0.0164681 0.020277 0.0237845 0.0266235 0.0285075 0.0292887 0.0289819 0.0277443 0.0258223 0.023485 0.0209674 0.0184393 0.0160017 0.0137023 0.01156 0.00958471
 1.03417e-16 2.6873e-05 0.000157707 0.000749637 0.00288609 0.00899994 0.0227333 0.0465161 0.0771087 0.103564 0.112724 0.0994906 0.0713497 0.0419052 0.0208341 0.0100277 0.00660564 0.00715575 0.00957477 0.0129006 0.0166641 0.0204946 0.0240074 0.0268325 0.0286845 0.0294221 0.0290708 0.0278008 0.0258702 0.0235553 0.0210924 0.0186449 0.0163022 0.0140974 0.0120353 0.0101146
 1.02692e-16 3.07897e-05 0.000180707 0.00085899 0.00330715 0.010313 0.0260499 0.0533017 0.0883542 0.118659 0.129131 0.113916 0.0815749 0.0476682 0.0232484 0.0104381 0.00589114 0.00566324 0.00733498 0.0098335 0.0126973 0.0156199 0.0183045 0.020469 0.021896 0.0224772 0.0222312 0.021286 0.0198366 0.018092 0.0162307 0.0143766 0.0125972 0.0109177 0.00934224 0.00787039
 1.02446e-16 2.85865e-05 0.000167767 0.000797459 0.00307021 0.00957414 0.0241836 0.0494837 0.0820276 0.110169 0.119909 0.105823 0.0758715 0.0445206 0.0220584 0.0104876 0.00673303 0.00715339 0.00950079 0.0127446 0.0163842 0.0200303 0.0232859 0.025776 0.0272208 0.0274969 0.0266599 0.0249189 0.0225748 0.0199437 0.0172921 0.0148 0.0125567 0.0105804 0.00884846 0.00732575
 1.02652e-16 2.8317e-05 0.000166185 0.000789944 0.00304129 0.00948393 0.0239557 0.0490173 0.0812542 0.10913 0.118776 0.104818 0.07514 0.0440699 0.0217959 0.0102992 0.00653178 0.00688766 0.00914522 0.0122941 0.0158541 0.019459 0.0227343 0.0253221 0.0269484 0.0274806 0.0269503 0.0255312 0.0234848 0.0210916 0.0185928 0.0161578 0.0138802 0.0117944 0.00990154 0.00819193
 1.02401e-16 3.05205e-05 0.000179125 0.000851469 0.00327818 0.0102227 0.0258217 0.052835 0.0875811 0.117622 0.128006 0.112932 0.0808879 0.0473029 0.0231373 0.0105016 0.00608457 0.00598004 0.00778866 0.0104392 0.0134586 0.0165212 0.0193075 0.0215144 0.0229104 0.0233842 0.0229627 0.0217934 0.0200964 0.0181074 0.0160278 0.0139974 0.012092 0.0103378 0.0087341 0.00727264
 1.02435e-16 2.84116e-05 0.000166739 0.000792575 0.00305141 0.0095155 0.0240355 0.0491806 0.0815253 0.109495 0.119176 0.105178 0.0754116 0.0442572 0.0219399 0.0104516 0.00673759 0.00718024 0.00954655 0.0128125 0.0164797 0.0201591 0.0234531 0.0259847 0.0274717 0.027787 0.0269826 0.025264 0.0229291 0.0202923 0.0176198 0.0150934 0.0128055 0.0107785 0.00899462 0.00742303
 1.04671e-16 1.69645e-05 9.95203e-05 0.000472976 0.00182082 0.0056779 0.0143423 0.0293487 0.0486585 0.0653766 0.0712206 0.0630068 0.0455067 0.0273749 0.0148149 0.00913854 0.00864839 0.0112821 0.0157342 0.0213136 0.0275153 0.0337819 0.0394789 0.043988 0.0468338 0.0477857 0.0468968 0.0444665 0.0409457 0.0368183 0.0325006 0.0282847 0.0243323 0.0207035 0.0174015 0.0144113
pSPR Fmed_Fpbrs
0.77202   0.331263 0.331263
Fs Fmed_Fpbrs
0.154348   1.005 1.005
SSBpbr Bo_Bmed_Bpbrs
1.69966e+06  1.22719e+06  478051 478051
Ro
71682.4
SPR SPRFo_SPRFmed_SPRFpbrs
1.4722e+06 1.13656e+06 487685
log_Ro
11
likeval ReclasPelacesDesembMPH_pf_preclas_ppelaces_ptallas_desvR_qrecl_qpela
 63.707 24.3351 0.0429674 0.00021686 321.667 204.78 78.8841 0 16.8882 0.000121945 4.4321e-09 0 0 0 0
q_reclas_q_pelaces
0.209125 1.00952
M
0.7
N
 86022.4 21481.3 7995.78 943.262 0.470642
 108059 40283.2 8041.05 2993.04 353.265
 70456.2 51460.8 16351.2 3263.91 1358.28
 101136 33097.4 19556.2 6213.8 1756.53
 164947 49716.9 15653.9 9249.37 3769.68
 123453 81726.7 24423.2 7689.9 6395.56
 181101 59853.2 36159.7 10806 6232.05
 150323 88592.3 27649.5 16704.1 7870.78
 159909 72370.4 37893.1 11826.3 10511.3
 140973 76530 30082.2 15751 9285.07
 69334.6 67742.9 32442.3 12752.3 10613.2
 41757.3 31949.2 23462.8 11236.4 8092.68
 42705.3 19327.9 11306.6 8303.36 6840.45
 25302.5 19009.3 5666.57 3314.88 4439.87
 20886.8 10425.9 3842.05 1145.3 1567.35
 27891.1 8843.06 2401.42 884.95 624.812
 24204.6 13022.3 3263.09 886.125 557.103
 27725.5 11501.4 5229.61 1310.42 579.585
 31787.9 13370 4958.62 2254.66 814.847
 55044.2 15400 5894.09 2185.99 1353.18
 68780.4 26645.6 6762.99 2588.42 1554.24
 90307.5 33741.6 12477.4 3166.92 1939.89
 148606 44120.8 15491.1 5728.48 2344.59
 181937 72393.8 19976.6 7013.9 3655.24
 81629.8 88720.6 32937.1 9088.75 4854.15
pred_Ctot
 3537.26 3865.72 1438.9 169.747 0.0846955
 3193.53 5351.96 1068.32 397.65 46.9342
 2746.19 8821.83 2803.06 559.526 232.848
 732.593 1135.41 670.879 213.166 60.2582
 265.951 384.675 121.119 71.5653 29.1672
 2105.26 6450.68 1927.72 606.963 504.801
 1941.65 3014.42 1821.13 544.226 313.868
 3304.72 8911.34 2781.21 1680.23 791.707
 4177.81 8568.03 4486.22 1400.14 1244.44
 3282.18 8127.97 3194.92 1672.86 986.133
 3609.14 15046.8 7205.96 2832.49 2357.36
 2047.66 6731.92 4943.79 2367.6 1705.19
 3202.73 5867.36 3432.34 2520.65 2076.55
 3131.23 8527.07 2541.88 1486.97 1991.61
 2234.8 4198.68 1547.26 461.231 631.199
 1203.48 1662.07 451.35 166.328 117.434
 752.525 1813.58 454.443 123.409 77.5864
 577.523 1099.12 499.766 125.23 55.3879
 558.916 1086.71 403.038 183.259 66.2309
 998.706 1289.96 493.711 183.107 113.347
 599.611 1096.31 278.257 106.498 63.9478
 1050.34 1839.55 680.249 172.656 105.76
 2032.13 2814.66 988.245 365.444 149.571
 2358.35 4385.06 1210.03 424.849 221.406
 1027.02 5220.72 1938.17 534.823 285.64
F
 0.0586724 0.282624 0.282624 0.282624 0.282624
 0.0418589 0.201634 0.201634 0.201634 0.201634
 0.0555384 0.267528 0.267528 0.267528 0.267528
 0.0101175 0.0487358 0.0487358 0.0487358 0.0487358
 0.00224419 0.0108103 0.0108103 0.0108103 0.0108103
 0.0239645 0.115437 0.115437 0.115437 0.115437
 0.0150072 0.0722898 0.0722898 0.0722898 0.0722898
 0.0309895 0.149276 0.149276 0.149276 0.149276
 0.0369244 0.177864 0.177864 0.177864 0.177864
 0.0328464 0.158221 0.158221 0.158221 0.158221
 0.0747979 0.360301 0.360301 0.360301 0.360301
 0.0703257 0.338759 0.338759 0.338759 0.338759
 0.109397 0.526966 0.526966 0.526966 0.526966
 0.186614 0.89892 0.89892 0.89892 0.89892
 0.159483 0.76823 0.76823 0.76823 0.76823
 0.0616478 0.296957 0.296957 0.296957 0.296957
 0.0440783 0.212325 0.212325 0.212325 0.212325
 0.0293414 0.141338 0.141338 0.141338 0.141338
 0.0247168 0.119061 0.119061 0.119061 0.119061
 0.0255144 0.122903 0.122903 0.122903 0.122903
 0.0121875 0.0587072 0.0587072 0.0587072 0.0587072
 0.0162892 0.078465 0.078465 0.078465 0.078465
 0.0191763 0.0923721 0.0923721 0.0923721 0.0923721
 0.0181694 0.0875221 0.0875221 0.0875221 0.0875221
 0.0176312 0.0849296 0.0849296 0.0849296 0.0849296
nmprior
 10.6 11 7 0
nm_flota  nm_reclas  nm_pelaces    nm_pelaL
inf 11.944 21.429 53.7407
cv_recla  cv_pelaces  cv_mph
0.721969 0.559356 0.47778
 ------------------------------------------------
Talla a la edad & desviación 
 7.2 14.2025 17.0495 18.207 18.6776
 1.08 2.13037 2.55742 2.73105 2.80164
