years
 1997 1998 1999 2000 2001 2002 2003 2004 2005 2006 2007 2008 2009 2010 2011 2012 2013 2014 2015 2016 2017 2018 2019 2020 2021
reclasobs
 0 0 0 370054 412103 1.49427e+06 250295 1.28982e+06 931140 785840 897777 1.04006e+06 184774 17550 25797 100020 73551 82996 120727 218422 84188 347160 605670 569463 516374
reclaspred
 2.26521e+06 711778 2.6022e+06 1.6729e+06 1.65052e+06 1.92571e+06 3.5337e+06 2.12514e+06 2.04736e+06 1.64609e+06 1.27564e+06 844193 488841 230490 169313 190998 263995 413809 494782 671214 992644 998061 1.81392e+06 2.50458e+06 4.06853e+06
pelacesobs
 0 0 0 0 0 0 0 0 0 2.06254e+06 1.5e+06 0 1.87456e+06 323000 250000 174000 83755 137374 0 501740 490994 745055 786931 1.00524e+06 1.33801e+06
pelacespred
 1.73669e+06 723340 1.01711e+06 1.24546e+06 1.04698e+06 1.0262e+06 1.77782e+06 1.57226e+06 1.23588e+06 1.04033e+06 695039 467619 263634 101842 75554.4 96095.9 138754 218977 277166 363251 580706 609616 838414 1.37397e+06 2.27226e+06
mphobs
 0 0 0 0 0 112323 0 153150 637223 0 255016 313432 73983 77613 109348 50772 0 0 0 0 0 0 0 0 0
mphpred
 1.44183e+06 1.16035e+06 1.38436e+06 1.85966e+06 1.46651e+06 1.66677e+06 2.31056e+06 2.47816e+06 1.89014e+06 1.65099e+06 1.34268e+06 896297 550351 288780 149774 150015 196221 305728 417334 506891 749753 917888 1.20383e+06 1.85056e+06 2.97947e+06
desembarqueobs
 350755 77701 442110 56441 14545 235359 269955 359681 431902 328805 639364 411747 362871 311530 167758 66681 60226 58785 57116 73181 50977 67692 138656 160484 209506
desembarquepred
 350801 77719.1 442363 56448.6 14545.5 235481 270038 359889 432230 329054 640693 412643 363863 312647 168013 66731 60268.7 58805.7 57129.7 73199.9 50983.4 67700.5 138680 160506 209520
Reclutas
 148343 131190 82914.2 88874.5 123201 105718 146314 117959 122346 108244 68438.8 45075.3 44220.4 30033.5 23022.6 24605.2 23598.8 28451 33019.9 52938.6 76058.8 99039 172218 259706 277778
log_desv_Rt
 0.667283 0.544401 0.0855618 0.15498 0.481574 0.328532 0.653511 0.438096 0.474605 0.352145 -0.106304 -0.523911 -0.543059 -0.929931 -1.19577 -1.12929 -1.17105 -0.984061 -0.835134 -0.363113 -0.000737549 0.263269 0.816516 1.22731 1.29458
SSB
 1.44183e+06 1.16035e+06 1.38436e+06 1.85966e+06 1.46651e+06 1.66677e+06 2.31056e+06 2.47816e+06 1.89014e+06 1.65099e+06 1.34268e+06 896297 550351 288780 149774 150015 196221 305728 417334 506891 749753 917888 1.20383e+06 1.85056e+06 2.97947e+06
BT
 5.69714e+06 1.52533e+06 2.65533e+06 2.54708e+06 2.21059e+06 2.17566e+06 4.34505e+06 3.65485e+06 3.09756e+06 2.49667e+06 2.02909e+06 1.35267e+06 931827 517159 330419 275118 374803 544826 627316 871071 1.38765e+06 1.29589e+06 1.8866e+06 3.21958e+06 5.36415e+06
Ftot
 0.150627 0.106388 0.164967 0.0330039 0.00863141 0.118987 0.0745774 0.164369 0.204396 0.193647 0.475919 0.463606 0.69251 1.19473 0.909774 0.335576 0.220979 0.138205 0.112432 0.106255 0.0501978 0.0662286 0.0746126 0.0625928 0.0503298
BD_Bspro_t
 0.980545 0.890868 0.863712 0.796867 0.838013 0.888017 0.858163 0.853508 0.792547 0.732379 0.668595 0.501174 0.387572 0.277292 0.179258 0.206764 0.323564 0.508825 0.641169 0.733803 0.817681 0.878698 0.889701 0.899848 0.916621
BD_Bspro
 0.922337 0.742278 0.885578 1.18962 0.938123 1.06623 1.47806 1.58528 1.20912 1.05614 0.858914 0.573361 0.352059 0.184732 0.0958103 0.0959644 0.125523 0.195575 0.266968 0.324258 0.479617 0.587173 0.770089 1.1838 1.90597
BD_Bo
 0.853002 0.686478 0.819006 1.10019 0.867601 0.986079 1.36695 1.46611 1.11823 0.976746 0.794346 0.530259 0.325594 0.170845 0.0886079 0.0887504 0.116086 0.180872 0.246899 0.299882 0.443562 0.543033 0.712198 1.09481 1.76269
BD_Brms
 4.1488 3.33887 3.98345 5.35109 4.21981 4.79606 6.64854 7.13081 5.4388 4.75066 3.86351 2.57906 1.58361 0.830952 0.430968 0.431661 0.564617 0.879721 1.20086 1.45856 2.15738 2.64119 3.46396 5.32491 8.57331
S_f
 0.5 1 1 1 1
 0.5 1 1 1 1
 0.5 1 1 1 1
 0.5 1 1 1 1
 0.5 1 1 1 1
 0.5 1 1 1 1
 0.5 1 1 1 1
 0.5 1 1 1 1
 0.5 1 1 1 1
 0.5 1 1 1 1
 0.5 1 1 1 1
 0.5 1 1 1 1
 0.5 1 1 1 1
 0.5 1 1 1 1
 0.5 1 1 1 1
 0.5 1 1 1 1
 0.5 1 1 1 1
 0.5 1 1 1 1
 0.5 1 1 1 1
 0.5 1 1 1 1
 0.5 1 1 1 1
 0.5 1 1 1 1
 0.5 1 1 1 1
 0.5 1 1 1 1
 0.5 1 1 1 1
Scru_reclas
 0.5 1 1 1 1
 0.5 1 1 1 1
 0.5 1 1 1 1
 0.5 1 1 1 1
 0.5 1 1 1 1
 0.5 1 1 1 1
 0.5 1 1 1 1
 0.5 1 1 1 1
 0.5 1 1 1 1
 0.5 1 1 1 1
 0.5 1 1 1 1
 0.5 1 1 1 1
 0.5 1 1 1 1
 0.5 1 1 1 1
 0.5 1 1 1 1
 0.5 1 1 1 1
 0.5 1 1 1 1
 0.5 1 1 1 1
 0.5 1 1 1 1
 0.5 1 1 1 1
 0.5 1 1 1 1
 0.5 1 1 1 1
 0.5 1 1 1 1
 0.5 1 1 1 1
 0.5 1 1 1 1
Scru_pelaces
 0.5 1 1 1 1
 0.5 1 1 1 1
 0.5 1 1 1 1
 0.5 1 1 1 1
 0.5 1 1 1 1
 0.5 1 1 1 1
 0.5 1 1 1 1
 0.5 1 1 1 1
 0.5 1 1 1 1
 0.5 1 1 1 1
 0.5 1 1 1 1
 0.5 1 1 1 1
 0.5 1 1 1 1
 0.5 1 1 1 1
 0.5 1 1 1 1
 0.5 1 1 1 1
 0.5 1 1 1 1
 0.5 1 1 1 1
 0.5 1 1 1 1
 0.5 1 1 1 1
 0.5 1 1 1 1
 0.5 1 1 1 1
 0.5 1 1 1 1
 0.5 1 1 1 1
 0.5 1 1 1 1
pf_obs 
 0.256992 0.487395 0.22802 0.0275931 0
 0.321318 0.546541 0.124235 0.00734118 0.000564706
 0.182869 0.594174 0.210203 0.0122559 0.00049798
 0.330522 0.361315 0.267642 0.0388342 0.00168674
 0.649043 0.306663 0.0425973 0.00169635 0
 0.582887 0.30429 0.105238 0.00758474 0
 0.465427 0.430635 0.0974691 0.00646863 0
 0.296916 0.608066 0.0921331 0.00288517 0
 0.311714 0.524322 0.152257 0.0117073 0
 0.15457 0.633149 0.183074 0.0267441 0.00246327
 0.131901 0.49318 0.331252 0.0422183 0.00144891
 0.196976 0.569456 0.194076 0.0375587 0.00193317
 0.518974 0.381816 0.0799577 0.0180837 0.00116848
 0.0928022 0.601141 0.25162 0.0475244 0.00691264
 0.122501 0.610282 0.24278 0.0234846 0.000952079
 0.383417 0.481906 0.127806 0.00687128 0
 0.0376549 0.599619 0.316969 0.0457579 0
 0.0361596 0.667082 0.258105 0.0386534 0
 0.158088 0.579412 0.248529 0.0139706 0
 0.0477256 0.309471 0.559284 0.082774 0.000745712
 0.0406174 0.521527 0.379366 0.0568643 0.0016247
 0.151134 0.462217 0.34131 0.0453401 0
 0.294876 0.26143 0.354403 0.0886775 0.000613685
 0.281977 0.475581 0.204845 0.0348837 0.00271318
 0.0354234 0.537034 0.353287 0.0723622 0.0018943
pf_pred 
 0.669105 0.23652 0.0846764 0.00969455 4.36522e-06
 0.44271 0.450543 0.0763016 0.0273167 0.00312888
 0.301561 0.433599 0.214111 0.0362607 0.0144686
 0.359319 0.304354 0.208795 0.103103 0.0244282
 0.430164 0.30257 0.126965 0.0871011 0.0532009
 0.349038 0.391968 0.13752 0.0577062 0.0637682
 0.441495 0.29369 0.159454 0.0559438 0.0494164
 0.350281 0.401213 0.130677 0.0709492 0.0468799
 0.38591 0.325753 0.178053 0.0579929 0.052291
 0.370122 0.359808 0.143263 0.0783057 0.0485016
 0.300049 0.387732 0.178351 0.0710128 0.0628562
 0.314941 0.34007 0.191104 0.0879048 0.0659809
 0.423292 0.295821 0.139435 0.0783561 0.063096
 0.437374 0.362145 0.102836 0.0484716 0.0491729
 0.537167 0.32094 0.0913322 0.025935 0.0246257
 0.57852 0.317814 0.0718841 0.0204566 0.0113246
 0.473681 0.395551 0.0986051 0.0223028 0.00986044
 0.478651 0.342636 0.13431 0.0334816 0.0109211
 0.457158 0.356265 0.122621 0.0480661 0.0158906
 0.525946 0.300955 0.113604 0.0391006 0.0203941
 0.517635 0.335592 0.0931797 0.0351732 0.0184203
 0.483114 0.354173 0.113203 0.0314318 0.0180784
 0.546734 0.297206 0.106933 0.0341787 0.0149483
 0.531951 0.332914 0.0886075 0.0318806 0.0146465
 0.439599 0.391268 0.120301 0.0320191 0.0168129
pobs_RECLAS
 0 0 0 0 0
 0 0 0 0 0
 0 0 0 0 0
 0 0 0 0 0
 0.835266 0.146461 0.0176864 0.000547809 3.91292e-05
 0.385257 0.428462 0.181853 0.0044286 0
 0.867414 0.0963971 0.0333333 0.00285562 0
 0.441836 0.489002 0.0689373 0.000224442 0
 0.779404 0.147425 0.0564933 0.0165055 0.000172143
 0.814271 0.122319 0.05973 0.00367925 0
 0.40263 0.566651 0.0304383 0.000280538 0
 0.475488 0.404961 0.113038 0.00651328 0
 0.955842 0.0263864 0.0167828 0.000988607 0
 0.975058 0.0227948 0.00214734 0 0
 0.738997 0.206755 0.0527124 0.00153531 0
 0.850938 0.134255 0.0134407 0.00136685 0
 0.542534 0.407297 0.0501686 0 0
 0.764087 0.199537 0.0359546 0.000420521 0
 0.470689 0.182191 0.310203 0.0369168 0
 0.84361 0.089868 0.0606195 0.00523954 0.000663233
 0.607945 0.314616 0.071237 0.00620181 0
 0.523733 0.453247 0.0230204 0 0
 0.530135 0.295979 0.169645 0.0042399 0
 0.562478 0.366248 0.0663022 0.0049721 0
 0.250443 0.683176 0.0655157 0.000865301 0
ppred_RECLAS
 0.670221 0.235722 0.0843908 0.00966184 4.35049e-06
 0.443554 0.44986 0.076186 0.0272753 0.00312414
 0.302741 0.432866 0.213749 0.0361994 0.0144442
 0.359547 0.304246 0.208721 0.103066 0.0244195
 0.430225 0.302537 0.126951 0.0870917 0.0531952
 0.349918 0.391438 0.137334 0.0576282 0.0636819
 0.442069 0.293388 0.159291 0.0558863 0.0493656
 0.351551 0.400429 0.130422 0.0708105 0.0467883
 0.387613 0.32485 0.177559 0.057832 0.052146
 0.371695 0.358909 0.142905 0.0781102 0.0483805
 0.304388 0.385328 0.177245 0.0705726 0.0624666
 0.319244 0.337933 0.189903 0.0873526 0.0655664
 0.431693 0.291512 0.137404 0.0772147 0.0621769
 0.4562 0.350028 0.099395 0.0468498 0.0475275
 0.549762 0.312206 0.0888469 0.0252293 0.0239556
 0.581713 0.315407 0.0713395 0.0203016 0.0112388
 0.475644 0.394076 0.0982373 0.0222196 0.00982366
 0.479794 0.341885 0.134016 0.0334082 0.0108971
 0.45806 0.355673 0.122417 0.0479862 0.0158641
 0.526798 0.300415 0.1134 0.0390303 0.0203575
 0.518017 0.335326 0.0931059 0.0351454 0.0184058
 0.483625 0.353822 0.113091 0.0314006 0.0180605
 0.547311 0.296827 0.106797 0.0341352 0.0149293
 0.532432 0.332572 0.0885165 0.0318478 0.0146315
 0.439976 0.391004 0.12022 0.0319975 0.0168016
pobs_PELACES
 0 0 0 0 0
 0 0 0 0 0
 0 0 0 0 0
 0 0 0 0 0
 0 0 0 0 0
 0 0 0 0 0
 0 0 0 0 0
 0 0 0 0 0
 0 0 0 0 0
 0 0 0 0 0
 0.450072 0.473896 0.0757376 0.000293798 0
 0 0 0 0 0
 0.463077 0.371075 0.160297 0.00555027 0
 0.529543 0.364841 0.0842815 0.0213345 0
 0.631943 0.363953 0.00410389 0 0
 0.735681 0.248677 0.0153453 0.000297389 0
 0.695825 0.281241 0.0229344 0 0
 0.275771 0.60734 0.115278 0.00161068 0
 0 0 0 0 0
 0.896147 0.0623911 0.0374545 0.00400742 0
 0.803859 0.145111 0.0509908 3.86294e-05 0
 0.739449 0.233085 0.0266225 0.000797448 4.60066e-05
 0.878498 0.100942 0.0204185 0.000141795 0
 0.694673 0.275183 0.0284847 0.00165964 0
 0.469039 0.446079 0.0841089 0.000773354 0
ppred_PELACES
 0.675691 0.231812 0.082991 0.00950158 4.27833e-06
 0.447891 0.446354 0.0755922 0.0270628 0.00309979
 0.308518 0.42928 0.211978 0.0358995 0.0143245
 0.360801 0.30365 0.208312 0.102864 0.0243717
 0.430575 0.302352 0.126873 0.0870383 0.0531626
 0.354397 0.388741 0.136388 0.0572311 0.0632432
 0.445106 0.291791 0.158423 0.0555821 0.0490969
 0.357758 0.396596 0.129173 0.0701327 0.0463404
 0.395648 0.320587 0.175229 0.0570732 0.0514618
 0.379187 0.35463 0.141201 0.0771788 0.0478036
 0.321265 0.375979 0.172945 0.0688603 0.060951
 0.336093 0.329569 0.185203 0.0851906 0.0639436
 0.459916 0.277035 0.13058 0.0733802 0.0590891
 0.50537 0.318378 0.0904078 0.0426136 0.0432302
 0.586575 0.286679 0.0815826 0.0231665 0.021997
 0.595122 0.305296 0.0690526 0.0196508 0.0108785
 0.484745 0.387236 0.0965323 0.0218339 0.00965316
 0.485488 0.338143 0.132549 0.0330425 0.0107779
 0.462669 0.352648 0.121376 0.0475781 0.0157292
 0.531166 0.297641 0.112353 0.03867 0.0201696
 0.520085 0.333887 0.0927065 0.0349946 0.0183268
 0.486355 0.351952 0.112493 0.0312347 0.017965
 0.55036 0.294828 0.106078 0.0339053 0.0148287
 0.535002 0.330744 0.08803 0.0316728 0.014551
 0.442024 0.389575 0.119781 0.0318805 0.0167402
pobs_pel_tallas
 0 0 0 0 0 0 0 0 0 0 0 0 0 0 0 0 0 0 0 0 0 0 0 0 0 0 0 0 0 0 0 0 0 0 0 0
 0 0 0 0 0 0 0 0 0 0 0 0 0 0 0 0 0 0 0 0 0 0 0 0 0 0 0 0 0 0 0 0 0 0 0 0
 0 0 0 0 0 0 0 0 0 0 0 0 0 0 0 0 0 0 0 0 0 0 0 0 0 0 0 0 0 0 0 0 0 0 0 0
 0 0 0 0 0 0 0 0 0 0 0 0 0 0 0 0 0 0 0 0 0 0 0 0 0 0 0 0 0 0 0 0 0 0 0 0
 0 0 0 0 0 0 0 0 0 0 0 0 0 0 0 0 0 0 0 0 0 0 0 0 0 0 0 0 0 0 0 0 0 0 0 0
 0 0 0 0 0 0 0 0 0 0 0 0 0 0 0 0 0 0 0 0 0 0 0 0 0 0 0 0 0 0 0 0 0 0 0 0
 0 0 0 0 0 0 0 0 0 0 0 0 0 0 0 0 0 0 0 0 0 0 0 0 0 0 0 0 0 0 0 0 0 0 0 0
 0 0 0 0 0 0 0 0 0 0 0 0 0 0 0 0 0 0 0 0 0 0 0 0 0 0 0 0 0 0 0 0 0 0 0 0
 0 0 0 0 0 0 0 0 0 0 0 0 0 0 0 0 0 0 0 0 0 0 0 0 0 0 0 0 0 0 0 0 0 0 0 0
 0 0 0 0 0 0 0 0 0 0 0 0 0 0 0 0 0 0 0 0 0 0 0 0 0 0 0 0 0 0 0 0 0 0 0 0
 0 0 0 0 0 0 0 0 1.78061e-05 0.00172719 0.00360574 0.0105946 0.0120993 0.0124554 0.0147524 0.0171206 0.0266825 0.0428682 0.0675386 0.121331 0.153587 0.119568 0.100827 0.0573624 0.0630603 0.0341343 0.0324427 0.0444173 0.0211091 0.0280891 0.0125444 0.00206551 0 0 0 0
 0 0 0 0 0 0 0 0 0 0 0 0 0 0 0 0 0 0 0 0 0 0 0 0 0 0 0 0 0 0 0 0 0 0 0 0
 0 0 0 0 0 0 0.0133647 0.0140871 0.0187388 0.0205184 0.03894 0.0496705 0.03968 0.0493445 0.0407372 0.0367815 0.0215668 0.0243155 0.0234873 0.0199281 0.019796 0.0243948 0.0301388 0.0376714 0.0412746 0.0863199 0.0771752 0.113111 0.0741005 0.0525337 0.0229764 0.00759418 0.00175318 0 0 0
 0 0 0 0 0 0 0 0 0 0 0.00219441 0.00772107 0.0458388 0.0604681 0.0671733 0.0775358 0.0609151 0.0617685 0.073594 0.0568108 0.0755445 0.0548602 0.0670107 0.0636378 0.0643287 0.046367 0.0373049 0.0286899 0.0247887 0.0153202 0.00654259 0.00121912 0.000365735 0 0 0
 0 0 0 0 0 0 0 0 0 0 0 0 0.000112435 0.00938835 0.0111873 0.0202946 0.0414886 0.0713402 0.111592 0.104902 0.108894 0.110636 0.117776 0.105296 0.107544 0.0401394 0.0192827 0.0124803 0.00416011 0.0028671 0.000618394 0 0 0 0 0
 0 0 0 0 0 0 0 0 0 0 0.00291406 0.0102884 0.027416 0.0768956 0.0749926 0.110853 0.0956884 0.0897413 0.0766577 0.0534642 0.0500743 0.0551293 0.0594112 0.0620874 0.0668451 0.0424026 0.0208742 0.0120726 0.0048766 0.00582813 0.00118941 0.000297354 0 0 0 0
 0 0.00264628 0.0354308 0.0461629 0.0458689 0.0383711 0.0214643 0.0164657 0.0346957 0.0420465 0.0363128 0.0245516 0.0311673 0.0291091 0.0169068 0.0133784 0.00837989 0.0085269 0.0148486 0.0160247 0.0276389 0.0546898 0.0760071 0.122758 0.109233 0.0665981 0.0333725 0.0166128 0.00676272 0.00308733 0.000882094 0 0 0 0 0
 0 0 0 0 0 0 0 0.000805153 0.000690131 0.00759144 0.0133425 0.0154129 0.00931677 0.000345066 0.00356568 0.00563607 0.00851162 0.0253048 0.0502646 0.0516448 0.0657925 0.0565908 0.0611916 0.0827007 0.0866115 0.110766 0.145733 0.0935128 0.0569358 0.0249597 0.0138026 0.00621118 0.00161031 0.00115022 0 0
 0 0 0 0 0 0 0 0 0 0 0 0 0 0 0 0 0 0 0 0 0 0 0 0 0 0 0 0 0 0 0 0 0 0 0 0
 0.00147267 0.00158595 0.00478618 0.00569244 0.00954404 0.0108468 0.00647125 0.017049 0.0510054 0.094081 0.124002 0.0959785 0.0687766 0.0820023 0.061753 0.0591476 0.0492212 0.0479892 0.0443925 0.0268479 0.0217502 0.0140895 0.0121071 0.0120363 0.00920419 0.00665534 0.0049561 0.00860946 0.00930331 0.0156896 0.0114698 0.00855282 0.00243557 0.00046729 0 2.83206e-05
 0 0 0 0 0.000772559 0.00158375 0.000888443 0.00281984 0.00712685 0.0440552 0.0773331 0.111326 0.0921469 0.0852325 0.0710754 0.0886704 0.0786465 0.0553345 0.0373146 0.0185414 0.00753245 0.00457741 0.012979 0.0271748 0.0457355 0.0583668 0.034881 0.0177882 0.00938659 0.00492506 0.0015258 0.00185414 0.000309023 5.79419e-05 3.86279e-05 0
 0 0.00173294 0.00326652 0 0.00397197 0.00683976 0.00946217 0.0152591 0.00757587 0.0136028 0.0228656 0.0392903 0.0559909 0.0764795 0.0681675 0.0726916 0.0566044 0.0477403 0.0527397 0.0444891 0.0609904 0.0582453 0.0661739 0.0445044 0.0529084 0.0360697 0.0280645 0.0235558 0.0158879 0.00826598 0.00280645 0.00217768 0.000904811 0.00058276 9.20147e-05 0
 0 0 0 0 0 0 0 0 0 0 0 0 0 0 0 0 0 0 0 0 0 0 0 0 0 0 0 0 0 0 0 0 0 0 0 0
 0 0 0 0 0 0 0 0 0 0 0 0 0 0 0 0 0 0 0 0 0 0 0 0 0 0 0 0 0 0 0 0 0 0 0 0
 0 0 0 0 0 0 0 0 0 0 0 0 0 0 0 0 0 0 0 0 0 0 0 0 0 0 0 0 0 0 0 0 0 0 0 0
ppred_pel_tallas
 1.01581e-16 2.94855e-05 0.000173046 0.000822558 0.00316685 0.00987551 0.0249448 0.0510411 0.0846086 0.113634 0.123676 0.109136 0.078222 0.0458504 0.0226255 0.0106047 0.00660743 0.00687246 0.0090813 0.0121793 0.0156678 0.0191703 0.0223052 0.0247098 0.0261092 0.0263749 0.0255483 0.0238191 0.0214691 0.0188014 0.0160799 0.0134931 0.0111476 0.0090833 0.00729816 0.00577156
 1.02294e-16 1.9561e-05 0.00011476 0.00054542 0.00209973 0.00654767 0.0165393 0.0338443 0.0561111 0.075387 0.0821188 0.0726317 0.0524218 0.0314607 0.0168886 0.0101995 0.0094126 0.0121226 0.0167965 0.0226132 0.0289743 0.0352334 0.0406721 0.0446089 0.0465467 0.0462876 0.0439743 0.0400407 0.0350934 0.0297651 0.024588 0.0199201 0.0159332 0.0126474 0.00998987 0.00785012
 1.05052e-16 1.34833e-05 7.90797e-05 0.000375791 0.00144662 0.00451097 0.0113948 0.0233182 0.0386638 0.051959 0.0566326 0.0501704 0.0363862 0.0221904 0.0125588 0.00859139 0.00900011 0.0121954 0.0171598 0.0233172 0.0301822 0.0371726 0.043608 0.0488148 0.0522628 0.0536742 0.0530697 0.0507318 0.0471105 0.0427018 0.0379448 0.0331636 0.0285581 0.0242313 0.02023 0.0165798
 1.0773e-16 1.57579e-05 9.24455e-05 0.000439361 0.00169142 0.00527441 0.013323 0.0272625 0.045198 0.0607222 0.0661371 0.0584789 0.0421698 0.0252356 0.0134213 0.00792747 0.00716476 0.00921979 0.0129073 0.0176463 0.0230628 0.0287594 0.0342712 0.039123 0.0429176 0.0454081 0.0465302 0.0463818 0.0451663 0.0431212 0.0404613 0.0373517 0.0339108 0.0302329 0.026413 0.0225611
 1.07375e-16 1.88001e-05 0.000110306 0.000524274 0.00201836 0.00629397 0.0158983 0.0325317 0.0539315 0.0724486 0.0788912 0.0697133 0.0501775 0.0298389 0.0155224 0.00862074 0.00719353 0.00891583 0.0123444 0.0167804 0.0218042 0.0270028 0.0319126 0.036076 0.0391303 0.0408796 0.0413233 0.0406271 0.0390565 0.0368949 0.0343774 0.0316592 0.02882 0.0258925 0.0228979 0.0198719
 1.06985e-16 1.54819e-05 9.08178e-05 0.000431606 0.00166154 0.00518119 0.0130876 0.0267816 0.0444031 0.0596615 0.0650011 0.05752 0.0415772 0.0250782 0.0136944 0.00863637 0.00837011 0.0110272 0.015425 0.020934 0.027084 0.0333477 0.0391208 0.0438127 0.0469676 0.0483606 0.0480334 0.0462565 0.0434369 0.0400051 0.0363213 0.0326261 0.0290399 0.0255968 0.022292 0.0191206
 1.06548e-16 1.94334e-05 0.000114025 0.000541956 0.00208645 0.00650628 0.0164346 0.0336289 0.0557499 0.0748895 0.0815444 0.0720467 0.0518326 0.0307743 0.0159197 0.00870007 0.00710136 0.00871481 0.0120488 0.0163891 0.0213194 0.0264367 0.0312888 0.0354245 0.0384805 0.0402513 0.0407186 0.0400277 0.0384258 0.0361859 0.0335448 0.0306714 0.0276681 0.0245943 0.0214954 0.0184241
 1.06538e-16 1.56288e-05 9.16792e-05 0.0004357 0.0016773 0.00523034 0.0132118 0.0270356 0.0448244 0.0602279 0.0656189 0.0580683 0.0419772 0.0253266 0.0138427 0.00874826 0.00849514 0.0111964 0.015656 0.0212336 0.027448 0.0337585 0.039547 0.0442106 0.0472869 0.0485511 0.0480536 0.0460801 0.0430567 0.0394336 0.0355876 0.0317705 0.0281083 0.0246352 0.0213421 0.0182169
 1.06958e-16 1.7278e-05 0.000101368 0.000481778 0.00185473 0.00578369 0.0146094 0.0298947 0.0495613 0.0665822 0.0725147 0.0641059 0.0462012 0.0275945 0.0145764 0.00845002 0.00745685 0.009481 0.0132056 0.0179796 0.0233857 0.0289899 0.0342957 0.0388068 0.0421234 0.04402 0.0444776 0.043658 0.0418362 0.0393165 0.0363637 0.0331676 0.0298448 0.0264626 0.0230713 0.0197277
 1.07006e-16 1.65615e-05 9.7159e-05 0.000461759 0.00177765 0.00554329 0.0140022 0.0286526 0.0475034 0.0638217 0.0695189 0.0614831 0.0443664 0.0266097 0.0142581 0.00857989 0.00790728 0.0102232 0.014262 0.0193761 0.0251191 0.0310099 0.0364994 0.0410471 0.0442298 0.0458279 0.0458593 0.0445456 0.0422314 0.0392852 0.0360171 0.0326369 0.0292555 0.0259156 0.0226325 0.0194267
 1.07792e-16 1.40368e-05 8.23344e-05 0.000391277 0.00150627 0.00469699 0.0118645 0.024279 0.0402548 0.0540905 0.0589388 0.0521728 0.0377502 0.0228464 0.0126158 0.00817223 0.00814372 0.0108548 0.0152474 0.0207559 0.0269474 0.0333234 0.0393037 0.0443122 0.0478923 0.0497989 0.0500349 0.0488176 0.0464958 0.0434468 0.0399922 0.0363542 0.0326574 0.0289593 0.0252921 0.0216942
 1.08652e-16 1.46815e-05 8.61237e-05 0.000409301 0.00157568 0.00491346 0.0124113 0.0253973 0.0421071 0.0565739 0.06163 0.0545201 0.0393726 0.0236769 0.0128022 0.00788735 0.00747232 0.0097889 0.0137342 0.0187489 0.0244443 0.0303908 0.0360865 0.0410255 0.0447954 0.0471556 0.0480701 0.0476812 0.0462411 0.0440299 0.0412878 0.0381839 0.0348214 0.0312647 0.0275736 0.0238258
 1.07227e-16 2.00785e-05 0.000117814 0.000559971 0.00215581 0.00672261 0.016981 0.0347468 0.0576023 0.0773754 0.0842448 0.0744173 0.0535049 0.0317004 0.0162755 0.00869664 0.00686962 0.00829529 0.0114289 0.0155401 0.0202192 0.0250842 0.0297105 0.0336772 0.0366476 0.0384339 0.0390242 0.0385569 0.0372613 0.0353847 0.0331334 0.0306454 0.0279946 0.0252171 0.0223416 0.019413
 1.04872e-16 2.20621e-05 0.000129456 0.000615311 0.00236887 0.00738701 0.0186592 0.0381809 0.0632954 0.0850232 0.0925725 0.0817756 0.0587996 0.0348451 0.0179017 0.00957803 0.00756631 0.00910755 0.0124832 0.0168605 0.0217517 0.026696 0.0311914 0.0347548 0.0370206 0.0378186 0.0372036 0.0354219 0.0328336 0.0298156 0.0266816 0.023639 0.0207864 0.0181421 0.0156846 0.0133869
 1.03076e-16 2.56018e-05 0.00015024 0.000714125 0.00274934 0.0085735 0.0216562 0.0443126 0.0734578 0.098666 0.107406 0.0948288 0.0680763 0.040123 0.0202083 0.010158 0.00725111 0.00825193 0.0111539 0.0150121 0.0193223 0.0236489 0.027531 0.0305288 0.0323119 0.0327306 0.0318439 0.0298891 0.0272114 0.0241749 0.0210875 0.0181589 0.0154952 0.0131219 0.0110185 0.00915055
 1.02264e-16 2.59753e-05 0.000152431 0.000724537 0.00278943 0.00869849 0.0219719 0.0449588 0.0745293 0.100106 0.108976 0.0962222 0.0690911 0.04075 0.0205769 0.0104282 0.00754618 0.00864786 0.011692 0.0157072 0.0201622 0.0245894 0.0284945 0.0314095 0.0329882 0.033084 0.0317783 0.0293482 0.0261874 0.0227095 0.0192636 0.0160864 0.0132952 0.0109113 0.00889842 0.00719901
 1.02698e-16 2.11657e-05 0.000124186 0.000590244 0.00227233 0.00708594 0.0178988 0.0366256 0.0607195 0.0815701 0.0888318 0.0785162 0.056554 0.0337109 0.0176799 0.0100379 0.00860281 0.0107475 0.0148171 0.0199693 0.0256505 0.0312957 0.036282 0.0400139 0.0420491 0.0421967 0.0405552 0.0374714 0.0334419 0.0289905 0.0245622 0.0204622 0.0168461 0.0137487 0.0111316 0.00892723
 1.03631e-16 2.11961e-05 0.00012437 0.000591125 0.00227574 0.00709658 0.0179256 0.0366801 0.0608085 0.0816858 0.0889472 0.0785933 0.0565554 0.0336036 0.0174273 0.00958864 0.00788772 0.00968765 0.0133419 0.0180403 0.023286 0.0285906 0.0334132 0.0372283 0.0396312 0.0404232 0.0396461 0.0375509 0.0345182 0.030959 0.0272299 0.0235844 0.0201669 0.0170361 0.0142009 0.011653
 1.04208e-16 2.02017e-05 0.00011853 0.00056336 0.00216884 0.0067632 0.0170836 0.0349573 0.0579533 0.077853 0.0847812 0.0749297 0.0539571 0.0321363 0.0168068 0.00947117 0.00804679 0.0100307 0.0138553 0.0187379 0.0241794 0.0296763 0.0346683 0.0386121 0.0410923 0.0419092 0.041114 0.0389738 0.0358882 0.0322834 0.028524 0.024863 0.021437 0.0182928 0.0154276 0.0128245
 1.03964e-16 2.31862e-05 0.000136057 0.000646697 0.00248972 0.00776389 0.0196112 0.0401285 0.066523 0.0893554 0.0972807 0.0859141 0.0617307 0.0364922 0.0185829 0.0096776 0.00733537 0.0086461 0.0118037 0.0159481 0.0205993 0.0253201 0.0296365 0.0330889 0.0353234 0.0361655 0.0356492 0.0339893 0.0315114 0.0285645 0.0254481 0.022371 0.019448 0.0167225 0.0141994 0.0118739
 1.03484e-16 2.27044e-05 0.000133225 0.000633228 0.00243785 0.00760211 0.0192026 0.0392928 0.0651387 0.0874996 0.0952699 0.0841607 0.0605197 0.0358745 0.0184486 0.00989835 0.00784861 0.00945805 0.012953 0.0174674 0.0224861 0.0275186 0.032031 0.0355119 0.0375764 0.0380508 0.0370042 0.0347135 0.0315814 0.0280323 0.0244255 0.0210053 0.0178959 0.0151273 0.012676 0.0105021
 1.03625e-16 2.12345e-05 0.000124593 0.000592186 0.00227983 0.00710931 0.0179578 0.0367461 0.0609181 0.081834 0.0891112 0.0787443 0.0566774 0.0337026 0.0175268 0.00971858 0.00807724 0.00996148 0.0137177 0.0185243 0.0238676 0.0292377 0.0340723 0.0378292 0.0400972 0.0406853 0.0396568 0.0372947 0.0340152 0.0302613 0.0264113 0.0227271 0.0193476 0.0163152 0.0136166 0.01122
 1.0346e-16 2.4023e-05 0.00014097 0.000670055 0.00257966 0.00804434 0.0203196 0.0415779 0.0689253 0.0925808 0.100789 0.0890034 0.0639312 0.0377545 0.0191541 0.00985778 0.00732834 0.00854341 0.0116277 0.0156915 0.0202454 0.024851 0.029036 0.0323448 0.0344285 0.0351183 0.0344551 0.0326609 0.0300688 0.0270357 0.0238679 0.0207791 0.0178867 0.0152327 0.0128175 0.0106286
 1.03126e-16 2.33548e-05 0.000137044 0.000651381 0.00250775 0.00782009 0.0197531 0.0404193 0.0670058 0.0900063 0.0979959 0.0865609 0.0622284 0.0368524 0.0188869 0.0100291 0.00782847 0.00935646 0.0127858 0.0172279 0.0221614 0.0270964 0.0315023 0.0348719 0.0368253 0.0371935 0.0360498 0.0336754 0.0304763 0.0268811 0.0232522 0.0198366 0.0167596 0.0140502 0.0116819 0.00960963
 1.03705e-16 1.9303e-05 0.00011325 0.000538252 0.00207215 0.00646168 0.016322 0.0333993 0.055372 0.0743901 0.0810225 0.0716371 0.0516501 0.0308905 0.0163896 0.00960564 0.00857025 0.0109061 0.0151138 0.0204203 0.0262974 0.0321889 0.0374728 0.0415491 0.0439645 0.044511 0.0432642 0.0405443 0.0368201 0.0325896 0.0282781 0.0241798 0.0204501 0.0171344 0.0142141 0.0116477
pSPR Fmed_Fpbrs
0.755553   0.255602 0.255602
Fs Fmed_Fpbrs
0.142421   1.005 1.005
SSBpbr Bo_Bmed_Bpbrs
1.6903e+06  1.1926e+06  347529 347529
Ro
76115
SPR SPRFo_SPRFmed_SPRFpbrs
1.56323e+06 1.18111e+06 399565
log_Ro
11.06
likeval ReclasPelacesDesembMPH_pf_preclas_ppelaces_ptallas_desvR_qrecl_qpela
 259.558 50.2867 0.1764 0.00135482 349.834 222.719 81.5469 0 18.4986 0 0 0 0 0 0
q_reclas_q_pelaces
1 1
M
0.7
N
 148343 27087.7 9697.68 1110.28 0.499932
 131190 68320.8 11570.4 4142.33 474.466
 82914.2 61772.1 30503 5165.83 2061.25
 88874.5 37914.1 26010.1 12843.8 3043.07
 123201 43411.4 18216.3 12496.9 7633.05
 105718 60916.4 21372.2 8968.22 9910.33
 146314 49465.9 26856.7 9422.54 8323.14
 117959 69998 22798.7 12378.2 8178.96
 122346 53955.3 29491.4 9605.5 8661.09
 108244 54852.7 21840.4 11937.7 7394.07
 68438.8 48792 22443.6 8936.22 7909.8
 45075.3 26788.7 15054.1 6924.63 5197.59
 44220.4 17752.6 8367.66 4702.25 3786.47
 30033.5 15532.4 4410.64 2078.95 2109.03
 23022.6 8206.68 2335.44 663.179 629.7
 24605.2 7254.25 1640.78 466.931 258.489
 23598.8 10331.2 2575.42 582.515 257.54
 28451 10493 4113.15 1025.35 334.45
 33019.9 13185 4538.07 1778.88 588.094
 52938.6 15500.8 5851.21 2013.89 1050.41
 76058.8 24928.3 6921.55 2612.73 1368.29
 99039 36833.5 11773 3268.86 1880.13
 172218 47579.4 17118.8 5471.64 2393.06
 259706 82389.2 21928.5 7889.77 3624.7
 277778 124993 38430.9 10228.7 5370.99
pred_Ctot
 7773.33 2747.77 983.73 112.627 0.050713
 4902.6 4989.35 844.97 302.508 34.6495
 4743.58 6820.56 3367.99 570.384 227.593
 1047.07 886.903 608.44 300.447 71.1849
 381.651 268.447 112.646 77.278 47.201
 4406.41 4948.38 1736.11 728.51 805.039
 3859.72 2567.55 1394.01 489.081 432.016
 6724.95 7702.78 2508.84 1362.13 900.035
 8598.42 7258.07 3967.18 1292.13 1165.09
 7224.15 7022.83 2796.24 1528.39 946.668
 10566.6 13654.5 6280.84 2500.8 2213.56
 6797.02 7339.35 4124.39 1897.15 1423.99
 9494.19 6635.08 3127.44 1757.48 1415.21
 10050.1 8321.43 2362.98 1113.79 1129.9
 6210.82 3710.76 1056 299.865 284.727
 2759.89 1516.16 342.93 97.5901 54.0251
 1786.65 1491.95 371.923 84.1224 37.192
 1371.62 981.858 384.879 95.9447 31.2954
 1302.34 1014.92 349.32 136.93 45.2688
 1975.92 1130.65 426.796 146.896 76.6184
 1357.76 880.26 244.411 92.2597 48.3168
 2324.4 1704.03 544.653 151.227 86.9804
 4545.16 2470.76 888.967 284.137 124.269
 5765.18 3608.05 960.31 345.515 158.736
 4971.64 4425.05 1360.55 362.12 190.146
F
 0.0753137 0.150627 0.150627 0.150627 0.150627
 0.053194 0.106388 0.106388 0.106388 0.106388
 0.0824836 0.164967 0.164967 0.164967 0.164967
 0.016502 0.0330039 0.0330039 0.0330039 0.0330039
 0.0043157 0.00863141 0.00863141 0.00863141 0.00863141
 0.0594935 0.118987 0.118987 0.118987 0.118987
 0.0372887 0.0745774 0.0745774 0.0745774 0.0745774
 0.0821846 0.164369 0.164369 0.164369 0.164369
 0.102198 0.204396 0.204396 0.204396 0.204396
 0.0968236 0.193647 0.193647 0.193647 0.193647
 0.23796 0.475919 0.475919 0.475919 0.475919
 0.231803 0.463606 0.463606 0.463606 0.463606
 0.346255 0.69251 0.69251 0.69251 0.69251
 0.597366 1.19473 1.19473 1.19473 1.19473
 0.454887 0.909774 0.909774 0.909774 0.909774
 0.167788 0.335576 0.335576 0.335576 0.335576
 0.11049 0.220979 0.220979 0.220979 0.220979
 0.0691024 0.138205 0.138205 0.138205 0.138205
 0.056216 0.112432 0.112432 0.112432 0.112432
 0.0531277 0.106255 0.106255 0.106255 0.106255
 0.0250989 0.0501978 0.0501978 0.0501978 0.0501978
 0.0331143 0.0662286 0.0662286 0.0662286 0.0662286
 0.0373063 0.0746126 0.0746126 0.0746126 0.0746126
 0.0312964 0.0625928 0.0625928 0.0625928 0.0625928
 0.0251649 0.0503298 0.0503298 0.0503298 0.0503298
nmprior
 10.6 11 7 0
nm_flota  nm_reclas  nm_pelaces    nm_pelaL
inf 11.3205 15.2991 34.679
cv_recla  cv_pelaces  cv_mph
1.45728 0.804079 1.19421
 ------------------------------------------------
Talla a la edad & desviación 
 7.2 14.2025 17.0495 18.207 18.6776
 1.08 2.13037 2.55742 2.73105 2.80164
