    unsorted:	 -7.098569793e-05 0.0008999971467 0.003418860003 1.264113360 16.26196262 20.96487892 37.08345522 68.73995450 113.9629750 135.7162979 296.8530705 335.5895139 408.1850852 484.8235567 579.4446631 610.8582175 683.4405252 729.4915183 797.9517631 818.2227074 878.6849657 909.8185313 957.8081536 1013.024841 1064.669475 1139.915083 1133.681020 1205.552477 1254.375757 1323.221984 1380.432622 1527.511402 1656.621204 1952.445094 2070.154707 2115.670107 2418.790799 2745.844810 36908.65566 196203.8608 208528.3758 470521.4390 503437.2566 436444.8156 586443.9827 635696.6024 672417.5004 706030.3181 737998.8700 774632.5102 809168.3572 898973.5623 997474.3782 1153416.280 1209958.857 1342162.588 1513780.245 1653553.194 1757942.948 1870879.733 2052372.717 2229277.525 2406839.176 2499054.815 5621448.120
      sorted:	 -7.098569793e-05 0.0008999971467 0.003418860003 1.264113360 16.26196262 20.96487892 37.08345522 68.73995450 113.9629750 135.7162979 296.8530705 335.5895139 408.1850852 484.8235567 579.4446631 610.8582175 683.4405252 729.4915183 797.9517631 818.2227074 878.6849657 909.8185313 957.8081536 1013.024841 1064.669475 1133.681020 1139.915083 1205.552477 1254.375757 1323.221984 1380.432622 1527.511402 1656.621204 1952.445094 2070.154707 2115.670107 2418.790799 2745.844810 36908.65566 196203.8608 208528.3758 436444.8156 470521.4390 503437.2566 586443.9827 635696.6024 672417.5004 706030.3181 737998.8700 774632.5102 809168.3572 898973.5623 997474.3782 1153416.280 1209958.857 1342162.588 1513780.245 1653553.194 1757942.948 1870879.733 2052372.717 2229277.525 2406839.176 2499054.815 5621448.120
