years
 1997 1998 1999 2000 2001 2002 2003 2004 2005 2006 2007 2008 2009 2010 2011 2012 2013 2014 2015 2016 2017 2018 2019 2020 2021
reclasobs
 0 0 0 370054 412103 1.49427e+06 250295 1.28982e+06 931140 785840 897777 1.04006e+06 184774 17550 25797 100020 73551 82996 120727 218422 84188 347160 605670 569463 516374
reclaspred
 2.23734e+06 358890 766098 386630 458708 586873 1.25449e+06 977501 1.13026e+06 1.1208e+06 1.08715e+06 806924 481572 221315 147501 145381 167114 224527 237185 315692 497396 507304 858858 978868 1.15167e+06
pelacesobs
 0 0 0 0 0 0 0 0 0 2.06254e+06 1.5e+06 0 1.87456e+06 323000 250000 174000 83755 137374 0 501740 490994 745055 786931 1.00524e+06 1.33801e+06
pelacespred
 1.21552e+06 433476 265485 277467 277085 274502 646803 640554 644953 667726 565642 434910 256255 96609.2 63936 71223.4 85548.4 115127 128511 163648 283837 299697 385490 531754 622772
mphobs
 0 0 0 0 0 112323 0 153150 637223 0 255016 313432 73983 77613 109348 50772 0 0 0 0 0 0 0 0 0
mphpred
 1.68141e+06 774172 495416 427847 352819 515447 746490 1.0176e+06 961943 1.00931e+06 1.04366e+06 838929 534831 285049 135849 121807 133642 175679 207748 234303 362675 466948 593763 791197 991821
desembarqueobs
 350755 77701 442110 56441 14545 235359 269955 359681 431902 328805 639364 411747 362871 311530 167758 66681 60226 58785 57116 73181 50977 67692 138656 160484 209506
desembarquepred
 350950 77775 442866 56460.4 14545.8 235545 270540 359716 431541 328425 638803 411447 362796 311972 167579 66650 60246.6 58824.5 57130.6 73241.2 51009 67672.4 138658 160524 209490
Reclutas
 42796.6 36046.3 19412 29126.5 56031 45412.6 91137.4 94074.1 109383 121328 95841.3 44169 44183.6 27340.7 20722.3 17249.7 14352 14761.9 16931.5 30332.4 43498.2 53403.5 73892.8 88065.1 43849.2
log_desv_Rt
 0.0242136 -0.147439 -0.766356 -0.360598 0.293661 0.0835455 0.780123 0.811839 0.96261 1.06626 0.830449 0.0557776 0.0561081 -0.423869 -0.701035 -0.884453 -1.06836 -1.0402 -0.903072 -0.320029 0.040474 0.245631 0.570371 0.745832 0.0485121
SSB
 1.68141e+06 774172 495416 427847 352819 515447 746490 1.0176e+06 961943 1.00931e+06 1.04366e+06 838929 534831 285049 135849 121807 133642 175679 207748 234303 362675 466948 593763 791197 991821
BT
 3.09405e+06 951765 852814 638796 654859 730977 1.93897e+06 1.84816e+06 1.95561e+06 1.84385e+06 1.84703e+06 1.28112e+06 913052 503166 301945 214772 247513 305763 319038 440090 722141 672411 905580 1.29015e+06 1.45708e+06
Ftot
 0.152311 0.209643 0.544057 0.141943 0.0310251 0.383332 0.208963 0.353122 0.366048 0.282474 0.554177 0.482832 0.700421 1.23391 1.02906 0.43684 0.34599 0.252929 0.232764 0.224515 0.0999684 0.129764 0.156769 0.159259 0.176362
BD_Bspro_t
 0.977011 0.84891 0.713403 0.507183 0.597762 0.738853 0.671024 0.701781 0.652007 0.614417 0.597486 0.468452 0.36388 0.25977 0.158144 0.170629 0.242621 0.372169 0.471473 0.562466 0.685115 0.784699 0.796549 0.791397 0.784679
BD_Bspro
 1.95987 0.902382 0.577461 0.498703 0.411249 0.600809 0.870115 1.18612 1.12125 1.17646 1.21651 0.977864 0.623404 0.332255 0.158347 0.14198 0.155775 0.204773 0.242153 0.273106 0.422738 0.544279 0.692096 0.922227 1.15608
BD_Bo
 1.57694 0.726072 0.464635 0.401265 0.330898 0.483422 0.70011 0.954374 0.902177 0.946598 0.978821 0.786806 0.501602 0.267339 0.127409 0.114239 0.125339 0.164764 0.194841 0.219746 0.340142 0.437937 0.556873 0.74204 0.930199
BD_Brms
 7.66988 3.53145 2.25988 1.95166 1.60941 2.35125 3.40517 4.64185 4.38798 4.60403 4.76076 3.82684 2.43967 1.30027 0.619686 0.555633 0.609621 0.801372 0.94766 1.06879 1.65437 2.13002 2.7085 3.60911 4.52427
S_f
 0.5 1 1 1 1
 0.5 1 1 1 1
 0.5 1 1 1 1
 0.5 1 1 1 1
 0.5 1 1 1 1
 0.5 1 1 1 1
 0.5 1 1 1 1
 0.5 1 1 1 1
 0.5 1 1 1 1
 0.5 1 1 1 1
 0.5 1 1 1 1
 0.5 1 1 1 1
 0.5 1 1 1 1
 0.5 1 1 1 1
 0.5 1 1 1 1
 0.5 1 1 1 1
 0.5 1 1 1 1
 0.5 1 1 1 1
 0.5 1 1 1 1
 0.5 1 1 1 1
 0.5 1 1 1 1
 0.5 1 1 1 1
 0.5 1 1 1 1
 0.5 1 1 1 1
 0.5 1 1 1 1
Scru_reclas
 0.5 1 1 1 1
 0.5 1 1 1 1
 0.5 1 1 1 1
 0.5 1 1 1 1
 0.5 1 1 1 1
 0.5 1 1 1 1
 0.5 1 1 1 1
 0.5 1 1 1 1
 0.5 1 1 1 1
 0.5 1 1 1 1
 0.5 1 1 1 1
 0.5 1 1 1 1
 0.5 1 1 1 1
 0.5 1 1 1 1
 0.5 1 1 1 1
 0.5 1 1 1 1
 0.5 1 1 1 1
 0.5 1 1 1 1
 0.5 1 1 1 1
 0.5 1 1 1 1
 0.5 1 1 1 1
 0.5 1 1 1 1
 0.5 1 1 1 1
 0.5 1 1 1 1
 0.5 1 1 1 1
Scru_pelaces
 0.5 1 1 1 1
 0.5 1 1 1 1
 0.5 1 1 1 1
 0.5 1 1 1 1
 0.5 1 1 1 1
 0.5 1 1 1 1
 0.5 1 1 1 1
 0.5 1 1 1 1
 0.5 1 1 1 1
 0.5 1 1 1 1
 0.5 1 1 1 1
 0.5 1 1 1 1
 0.5 1 1 1 1
 0.5 1 1 1 1
 0.5 1 1 1 1
 0.5 1 1 1 1
 0.5 1 1 1 1
 0.5 1 1 1 1
 0.5 1 1 1 1
 0.5 1 1 1 1
 0.5 1 1 1 1
 0.5 1 1 1 1
 0.5 1 1 1 1
 0.5 1 1 1 1
 0.5 1 1 1 1
pf_obs 
 0.256992 0.487395 0.22802 0.0275931 0
 0.321318 0.546541 0.124235 0.00734118 0.000564706
 0.182869 0.594174 0.210203 0.0122559 0.00049798
 0.330522 0.361315 0.267642 0.0388342 0.00168674
 0.649043 0.306663 0.0425973 0.00169635 0
 0.582887 0.30429 0.105238 0.00758474 0
 0.465427 0.430635 0.0974691 0.00646863 0
 0.296916 0.608066 0.0921331 0.00288517 0
 0.311714 0.524322 0.152257 0.0117073 0
 0.15457 0.633149 0.183074 0.0267441 0.00246327
 0.131901 0.49318 0.331252 0.0422183 0.00144891
 0.196976 0.569456 0.194076 0.0375587 0.00193317
 0.518974 0.381816 0.0799577 0.0180837 0.00116848
 0.0928022 0.601141 0.25162 0.0475244 0.00691264
 0.122501 0.610282 0.24278 0.0234846 0.000952079
 0.383417 0.481906 0.127806 0.00687128 0
 0.0376549 0.599619 0.316969 0.0457579 0
 0.0361596 0.667082 0.258105 0.0386534 0
 0.158088 0.579412 0.248529 0.0139706 0
 0.0477256 0.309471 0.559284 0.082774 0.000745712
 0.0406174 0.521527 0.379366 0.0568643 0.0016247
 0.151134 0.462217 0.34131 0.0453401 0
 0.294876 0.26143 0.354403 0.0886775 0.000613685
 0.281977 0.475581 0.204845 0.0348837 0.00271318
 0.0354234 0.537034 0.353287 0.0723622 0.0018943
pf_pred 
 0.309532 0.347592 0.172609 0.0857151 0.0845522
 0.316412 0.330523 0.177738 0.0882619 0.0870645
 0.250171 0.371662 0.182849 0.0983262 0.0969923
 0.473245 0.231414 0.14639 0.0720203 0.0769318
 0.577041 0.275614 0.0647312 0.0409483 0.041665
 0.397149 0.442193 0.10469 0.0245877 0.0313801
 0.603907 0.235911 0.117494 0.027817 0.0148711
 0.487032 0.391889 0.0721143 0.0359162 0.0130491
 0.505528 0.335136 0.121727 0.0223998 0.0152094
 0.497261 0.34917 0.104084 0.0378051 0.0116804
 0.411686 0.401283 0.129899 0.0387218 0.0184098
 0.296275 0.438028 0.18123 0.0586658 0.0258021
 0.42078 0.285227 0.182994 0.0757118 0.0352879
 0.416349 0.374637 0.102925 0.0660339 0.0400546
 0.538467 0.312843 0.0954415 0.0262209 0.0270268
 0.539272 0.351224 0.0742254 0.0226445 0.0126336
 0.448943 0.400476 0.114792 0.0242593 0.0115301
 0.455207 0.350292 0.141352 0.040517 0.0126323
 0.469483 0.340827 0.121967 0.0492172 0.018506
 0.581764 0.273604 0.0929174 0.0332512 0.0184629
 0.552528 0.334654 0.073804 0.0250643 0.0139498
 0.489558 0.366256 0.107833 0.0237815 0.0125713
 0.505807 0.328905 0.118599 0.034918 0.0117715
 0.477947 0.355799 0.110649 0.0398984 0.015707
 0.270355 0.479396 0.170554 0.05304 0.0266548
pobs_RECLAS
 0 0 0 0 0
 0 0 0 0 0
 0 0 0 0 0
 0 0 0 0 0
 0.835266 0.146461 0.0176864 0.000547809 3.91292e-05
 0.385257 0.428462 0.181853 0.0044286 0
 0.867414 0.0963971 0.0333333 0.00285562 0
 0.441836 0.489002 0.0689373 0.000224442 0
 0.779404 0.147425 0.0564933 0.0165055 0.000172143
 0.814271 0.122319 0.05973 0.00367925 0
 0.40263 0.566651 0.0304383 0.000280538 0
 0.475488 0.404961 0.113038 0.00651328 0
 0.955842 0.0263864 0.0167828 0.000988607 0
 0.975058 0.0227948 0.00214734 0 0
 0.738997 0.206755 0.0527124 0.00153531 0
 0.850938 0.134255 0.0134407 0.00136685 0
 0.542534 0.407297 0.0501686 0 0
 0.764087 0.199537 0.0359546 0.000420521 0
 0.470689 0.182191 0.310203 0.0369168 0
 0.84361 0.089868 0.0606195 0.00523954 0.000663233
 0.607945 0.314616 0.071237 0.00620181 0
 0.523733 0.453247 0.0230204 0 0
 0.530135 0.295979 0.169645 0.0042399 0
 0.562478 0.366248 0.0663022 0.0049721 0
 0.250443 0.683176 0.0655157 0.000865301 0
ppred_RECLAS
 0.310625 0.347041 0.172336 0.0855793 0.0844183
 0.318015 0.329749 0.177321 0.088055 0.0868605
 0.254816 0.369359 0.181716 0.0977171 0.0963914
 0.474421 0.230897 0.146063 0.0718595 0.07676
 0.577268 0.275467 0.0646966 0.0409264 0.0416428
 0.40087 0.439464 0.104044 0.0244359 0.0311864
 0.605669 0.234861 0.116972 0.0276933 0.014805
 0.490525 0.38922 0.0716233 0.0356717 0.0129602
 0.509185 0.332658 0.120826 0.0222342 0.0150969
 0.499907 0.347332 0.103536 0.0376061 0.0116189
 0.417811 0.397105 0.128547 0.0383187 0.0182181
 0.300666 0.435294 0.180099 0.0582997 0.0256411
 0.429303 0.281029 0.180301 0.0745976 0.0347686
 0.435909 0.362082 0.0994757 0.0638209 0.0387123
 0.553558 0.302615 0.092321 0.0253636 0.0261432
 0.543835 0.347746 0.0734903 0.0224203 0.0125085
 0.452316 0.398025 0.114089 0.0241109 0.0114595
 0.457503 0.348815 0.140756 0.0403463 0.012579
 0.471569 0.339486 0.121488 0.0490236 0.0184332
 0.583715 0.272328 0.092484 0.0330961 0.0183768
 0.553319 0.334063 0.0736737 0.02502 0.0139251
 0.490624 0.365491 0.107608 0.0237318 0.012545
 0.507127 0.328026 0.118282 0.0348247 0.0117401
 0.479289 0.354884 0.110364 0.0397958 0.0156667
 0.271549 0.478612 0.170275 0.0529532 0.0266111
pobs_PELACES
 0 0 0 0 0
 0 0 0 0 0
 0 0 0 0 0
 0 0 0 0 0
 0 0 0 0 0
 0 0 0 0 0
 0 0 0 0 0
 0 0 0 0 0
 0 0 0 0 0
 0 0 0 0 0
 0.450072 0.473896 0.0757376 0.000293798 0
 0 0 0 0 0
 0.463077 0.371075 0.160297 0.00555027 0
 0.529543 0.364841 0.0842815 0.0213345 0
 0.631943 0.363953 0.00410389 0 0
 0.735681 0.248677 0.0153453 0.000297389 0
 0.695825 0.281241 0.0229344 0 0
 0.275771 0.60734 0.115278 0.00161068 0
 0 0 0 0 0
 0.896147 0.0623911 0.0374545 0.00400742 0
 0.803859 0.145111 0.0509908 3.86294e-05 0
 0.739449 0.233085 0.0266225 0.000797448 4.60066e-05
 0.878498 0.100942 0.0204185 0.000141795 0
 0.694673 0.275183 0.0284847 0.00165964 0
 0.469039 0.446079 0.0841089 0.000773354 0
ppred_PELACES
 0.316032 0.344319 0.170984 0.0849081 0.0837562
 0.325564 0.326099 0.175358 0.0870803 0.085899
 0.272234 0.360726 0.177469 0.0954331 0.0941384
 0.480264 0.22833 0.144439 0.0710606 0.0759067
 0.578516 0.274653 0.0645055 0.0408055 0.0415197
 0.416152 0.428254 0.10139 0.0238126 0.0303909
 0.613873 0.229975 0.114538 0.0271171 0.0144969
 0.50509 0.378093 0.0695757 0.0346519 0.0125897
 0.524266 0.322436 0.117114 0.021551 0.014633
 0.511557 0.33924 0.101125 0.03673 0.0113483
 0.440206 0.38183 0.123602 0.0368447 0.0175173
 0.317679 0.424705 0.175717 0.0568815 0.0250173
 0.457819 0.266987 0.171292 0.0708702 0.0330313
 0.486457 0.329636 0.0905618 0.058102 0.0352433
 0.595043 0.274495 0.0837422 0.0230067 0.0237139
 0.561653 0.334163 0.0706198 0.0215445 0.0120199
 0.466493 0.387722 0.111136 0.0234868 0.0111629
 0.467878 0.342145 0.138065 0.0395747 0.0123385
 0.481149 0.333332 0.119285 0.0481349 0.018099
 0.592688 0.266458 0.0904906 0.0323828 0.0179807
 0.557392 0.331016 0.0730019 0.0247919 0.0137982
 0.495976 0.361651 0.106478 0.0234825 0.0124132
 0.513591 0.323725 0.116731 0.034368 0.0115861
 0.485851 0.350412 0.108973 0.0392944 0.0154692
 0.277343 0.474805 0.168921 0.052532 0.0263995
pobs_pel_tallas
 0 0 0 0 0 0 0 0 0 0 0 0 0 0 0 0 0 0 0 0 0 0 0 0 0 0 0 0 0 0 0 0 0 0 0 0
 0 0 0 0 0 0 0 0 0 0 0 0 0 0 0 0 0 0 0 0 0 0 0 0 0 0 0 0 0 0 0 0 0 0 0 0
 0 0 0 0 0 0 0 0 0 0 0 0 0 0 0 0 0 0 0 0 0 0 0 0 0 0 0 0 0 0 0 0 0 0 0 0
 0 0 0 0 0 0 0 0 0 0 0 0 0 0 0 0 0 0 0 0 0 0 0 0 0 0 0 0 0 0 0 0 0 0 0 0
 0 0 0 0 0 0 0 0 0 0 0 0 0 0 0 0 0 0 0 0 0 0 0 0 0 0 0 0 0 0 0 0 0 0 0 0
 0 0 0 0 0 0 0 0 0 0 0 0 0 0 0 0 0 0 0 0 0 0 0 0 0 0 0 0 0 0 0 0 0 0 0 0
 0 0 0 0 0 0 0 0 0 0 0 0 0 0 0 0 0 0 0 0 0 0 0 0 0 0 0 0 0 0 0 0 0 0 0 0
 0 0 0 0 0 0 0 0 0 0 0 0 0 0 0 0 0 0 0 0 0 0 0 0 0 0 0 0 0 0 0 0 0 0 0 0
 0 0 0 0 0 0 0 0 0 0 0 0 0 0 0 0 0 0 0 0 0 0 0 0 0 0 0 0 0 0 0 0 0 0 0 0
 0 0 0 0 0 0 0 0 0 0 0 0 0 0 0 0 0 0 0 0 0 0 0 0 0 0 0 0 0 0 0 0 0 0 0 0
 0 0 0 0 0 0 0 0 1.78061e-05 0.00172719 0.00360574 0.0105946 0.0120993 0.0124554 0.0147524 0.0171206 0.0266825 0.0428682 0.0675386 0.121331 0.153587 0.119568 0.100827 0.0573624 0.0630603 0.0341343 0.0324427 0.0444173 0.0211091 0.0280891 0.0125444 0.00206551 0 0 0 0
 0 0 0 0 0 0 0 0 0 0 0 0 0 0 0 0 0 0 0 0 0 0 0 0 0 0 0 0 0 0 0 0 0 0 0 0
 0 0 0 0 0 0 0.0133647 0.0140871 0.0187388 0.0205184 0.03894 0.0496705 0.03968 0.0493445 0.0407372 0.0367815 0.0215668 0.0243155 0.0234873 0.0199281 0.019796 0.0243948 0.0301388 0.0376714 0.0412746 0.0863199 0.0771752 0.113111 0.0741005 0.0525337 0.0229764 0.00759418 0.00175318 0 0 0
 0 0 0 0 0 0 0 0 0 0 0.00219441 0.00772107 0.0458388 0.0604681 0.0671733 0.0775358 0.0609151 0.0617685 0.073594 0.0568108 0.0755445 0.0548602 0.0670107 0.0636378 0.0643287 0.046367 0.0373049 0.0286899 0.0247887 0.0153202 0.00654259 0.00121912 0.000365735 0 0 0
 0 0 0 0 0 0 0 0 0 0 0 0 0.000112435 0.00938835 0.0111873 0.0202946 0.0414886 0.0713402 0.111592 0.104902 0.108894 0.110636 0.117776 0.105296 0.107544 0.0401394 0.0192827 0.0124803 0.00416011 0.0028671 0.000618394 0 0 0 0 0
 0 0 0 0 0 0 0 0 0 0 0.00291406 0.0102884 0.027416 0.0768956 0.0749926 0.110853 0.0956884 0.0897413 0.0766577 0.0534642 0.0500743 0.0551293 0.0594112 0.0620874 0.0668451 0.0424026 0.0208742 0.0120726 0.0048766 0.00582813 0.00118941 0.000297354 0 0 0 0
 0 0.00264628 0.0354308 0.0461629 0.0458689 0.0383711 0.0214643 0.0164657 0.0346957 0.0420465 0.0363128 0.0245516 0.0311673 0.0291091 0.0169068 0.0133784 0.00837989 0.0085269 0.0148486 0.0160247 0.0276389 0.0546898 0.0760071 0.122758 0.109233 0.0665981 0.0333725 0.0166128 0.00676272 0.00308733 0.000882094 0 0 0 0 0
 0 0 0 0 0 0 0 0.000805153 0.000690131 0.00759144 0.0133425 0.0154129 0.00931677 0.000345066 0.00356568 0.00563607 0.00851162 0.0253048 0.0502646 0.0516448 0.0657925 0.0565908 0.0611916 0.0827007 0.0866115 0.110766 0.145733 0.0935128 0.0569358 0.0249597 0.0138026 0.00621118 0.00161031 0.00115022 0 0
 0 0 0 0 0 0 0 0 0 0 0 0 0 0 0 0 0 0 0 0 0 0 0 0 0 0 0 0 0 0 0 0 0 0 0 0
 0.00147267 0.00158595 0.00478618 0.00569244 0.00954404 0.0108468 0.00647125 0.017049 0.0510054 0.094081 0.124002 0.0959785 0.0687766 0.0820023 0.061753 0.0591476 0.0492212 0.0479892 0.0443925 0.0268479 0.0217502 0.0140895 0.0121071 0.0120363 0.00920419 0.00665534 0.0049561 0.00860946 0.00930331 0.0156896 0.0114698 0.00855282 0.00243557 0.00046729 0 2.83206e-05
 0 0 0 0 0.000772559 0.00158375 0.000888443 0.00281984 0.00712685 0.0440552 0.0773331 0.111326 0.0921469 0.0852325 0.0710754 0.0886704 0.0786465 0.0553345 0.0373146 0.0185414 0.00753245 0.00457741 0.012979 0.0271748 0.0457355 0.0583668 0.034881 0.0177882 0.00938659 0.00492506 0.0015258 0.00185414 0.000309023 5.79419e-05 3.86279e-05 0
 0 0.00173294 0.00326652 0 0.00397197 0.00683976 0.00946217 0.0152591 0.00757587 0.0136028 0.0228656 0.0392903 0.0559909 0.0764795 0.0681675 0.0726916 0.0566044 0.0477403 0.0527397 0.0444891 0.0609904 0.0582453 0.0661739 0.0445044 0.0529084 0.0360697 0.0280645 0.0235558 0.0158879 0.00826598 0.00280645 0.00217768 0.000904811 0.00058276 9.20147e-05 0
 0 0 0 0 0 0 0 0 0 0 0 0 0 0 0 0 0 0 0 0 0 0 0 0 0 0 0 0 0 0 0 0 0 0 0 0
 0 0 0 0 0 0 0 0 0 0 0 0 0 0 0 0 0 0 0 0 0 0 0 0 0 0 0 0 0 0 0 0 0 0 0 0
 0 0 0 0 0 0 0 0 0 0 0 0 0 0 0 0 0 0 0 0 0 0 0 0 0 0 0 0 0 0 0 0 0 0 0 0
ppred_pel_tallas
 1.09371e-16 1.38072e-05 8.099e-05 0.000384892 0.00148169 0.00462037 0.011671 0.0238827 0.0395971 0.0532047 0.0579681 0.0513006 0.0370911 0.0223919 0.0122652 0.00779809 0.00763351 0.0101208 0.0142256 0.0194106 0.0252829 0.0313965 0.0372298 0.0422603 0.0460667 0.0484114 0.0492723 0.0488131 0.0473097 0.0450609 0.0423163 0.0392434 0.0359332 0.0324326 0.0287826 0.0250455
 1.09602e-16 1.42221e-05 8.34273e-05 0.000396483 0.00152633 0.00475957 0.0120226 0.0246019 0.0407887 0.0548031 0.0597029 0.0528198 0.0381544 0.0229637 0.0124521 0.00772665 0.00737734 0.00969555 0.0136159 0.0185974 0.0242621 0.0301897 0.035889 0.0408644 0.0447126 0.0471986 0.0482868 0.0481138 0.0469205 0.0449704 0.0424841 0.0396101 0.0364323 0.0330001 0.029364 0.0255996
 1.10315e-16 1.18981e-05 6.97799e-05 0.000331595 0.00127648 0.00398042 0.0100545 0.0205755 0.0341159 0.0458461 0.0499674 0.0442597 0.0320866 0.0195432 0.0110178 0.00747989 0.0077952 0.0105702 0.0149263 0.0203871 0.0265694 0.0330146 0.0391801 0.0445203 0.0485953 0.0511553 0.0521746 0.05182 0.0503733 0.0481387 0.0453684 0.0422284 0.0388069 0.0351485 0.0312953 0.0273154
 1.08114e-16 2.09638e-05 0.000123016 0.000584712 0.00225109 0.00701974 0.0177314 0.0362819 0.0601454 0.0807861 0.0879443 0.0776518 0.0557576 0.0328889 0.0166173 0.00844889 0.00617302 0.0071653 0.00981649 0.0133946 0.0175332 0.0219207 0.0262142 0.0300664 0.0331873 0.0353967 0.036645 0.0369961 0.0365834 0.0355567 0.0340412 0.0321213 0.0298487 0.0272642 0.0244215 0.0214008
 1.04348e-16 2.52498e-05 0.000148175 0.000704311 0.00271156 0.00845569 0.0213585 0.0437036 0.0724479 0.0973089 0.105927 0.0935184 0.067126 0.0395437 0.019881 0.00993562 0.0070212 0.0079454 0.0107313 0.0144534 0.0186266 0.022838 0.026653 0.0296578 0.0315423 0.0321669 0.031587 0.0300232 0.0277921 0.0252218 0.0225818 0.0200456 0.0176892 0.0155179 0.0135017 0.0116083
 1.03818e-16 1.81763e-05 0.000106633 0.000506783 0.00195098 0.00608379 0.0153675 0.0314467 0.0521366 0.0700489 0.0763085 0.0675031 0.0487433 0.0292996 0.0158143 0.00968576 0.00908556 0.0117911 0.0163884 0.0221204 0.0284305 0.0347102 0.0402765 0.0444753 0.046821 0.0471046 0.045435 0.0421922 0.0379188 0.0331832 0.0284643 0.024085 0.0202032 0.0168462 0.0139647 0.011483
 1.03311e-16 2.67899e-05 0.00015722 0.000747321 0.00287718 0.00897216 0.0226631 0.0463724 0.0768703 0.103244 0.112373 0.099177 0.0711162 0.041751 0.0207264 0.00992566 0.00647583 0.00697605 0.00933336 0.0125965 0.0163097 0.0201175 0.0236498 0.0265461 0.0285223 0.0294273 0.0292666 0.0281836 0.0264086 0.0241952 0.0217667 0.0192861 0.0168533 0.0145201 0.0123134 0.0102527
 1.0289e-16 2.20523e-05 0.000129393 0.000614999 0.00236765 0.00738319 0.0186496 0.0381618 0.0632653 0.0849876 0.0925469 0.081784 0.058873 0.0350234 0.01824 0.0101524 0.00847324 0.0104537 0.0143652 0.0193368 0.0248115 0.0302342 0.0349985 0.0385287 0.0404023 0.0404454 0.0387679 0.0357214 0.0318007 0.0275209 0.0233136 0.0194662 0.0161149 0.0132748 0.0108898 0.00887887
 1.03192e-16 2.28864e-05 0.000134294 0.000638312 0.00245743 0.00766317 0.0193568 0.0396082 0.0656614 0.0882005 0.0960301 0.0848254 0.0609827 0.036119 0.0185197 0.00984974 0.00771102 0.0092378 0.0126451 0.0170685 0.0220039 0.0269763 0.0314677 0.0349777 0.0371244 0.0377257 0.0368314 0.034693 0.0316861 0.0282137 0.0246239 0.0211621 0.0179644 0.0150804 0.0125086 0.0102286
 1.03339e-16 2.23329e-05 0.000131043 0.000622852 0.0023979 0.00747753 0.0188879 0.0386489 0.0640718 0.0860674 0.0937133 0.0827923 0.0595503 0.0353291 0.0182222 0.00986417 0.00792459 0.00961316 0.0131868 0.0177906 0.0229088 0.0280448 0.0326553 0.0362184 0.0383401 0.0388399 0.0377835 0.0354488 0.0322421 0.0285946 0.0248733 0.021331 0.0181003 0.0152187 0.0126693 0.0104169
 1.03964e-16 1.92234e-05 0.000112784 0.000536036 0.00206362 0.00643508 0.0162548 0.0332618 0.0551438 0.0740831 0.0806868 0.0713374 0.0514277 0.0307448 0.0162895 0.00951203 0.00845075 0.0107379 0.0148822 0.0201187 0.0259295 0.0317712 0.0370354 0.0411339 0.04362 0.044285 0.0431958 0.0406569 0.0371178 0.033057 0.0288836 0.0248811 0.0212007 0.0178899 0.0149364 0.012308
 1.05757e-16 1.38825e-05 8.14237e-05 0.000386937 0.00148954 0.00464481 0.0117328 0.0240098 0.03981 0.0534974 0.0583045 0.0516399 0.0374266 0.0227741 0.0127977 0.00861978 0.0089031 0.0120015 0.0168625 0.022896 0.0296152 0.0364446 0.042716 0.0477724 0.0511024 0.0524477 0.051845 0.0495874 0.0461274 0.0419539 0.0374894 0.0330334 0.0287564 0.0247313 0.0209788 0.017506
 1.06498e-16 1.99868e-05 0.000117276 0.000557417 0.00214598 0.00669195 0.0169035 0.0345882 0.0573393 0.0770216 0.0838585 0.0740731 0.0532512 0.0315379 0.0161706 0.00860792 0.00676563 0.00815841 0.0112542 0.0153349 0.0200051 0.0248968 0.0295971 0.0336893 0.0368298 0.0388115 0.0395921 0.0392746 0.038055 0.0361579 0.0337829 0.0310795 0.0281492 0.0250651 0.021896 0.0187208
 1.05037e-16 2.12379e-05 0.000124616 0.000592298 0.00228026 0.00711069 0.0179613 0.0367529 0.0609289 0.0818464 0.0891195 0.078739 0.0566461 0.033629 0.0173877 0.0094818 0.00770099 0.00939808 0.0129211 0.0174611 0.0225298 0.0276545 0.0323166 0.0360166 0.0383761 0.0392188 0.0386007 0.0367758 0.0341148 0.031006 0.027772 0.0246254 0.0216677 0.0189176 0.0163539 0.0139508
 1.03177e-16 2.59705e-05 0.000152406 0.000724425 0.00278901 0.00869719 0.0219686 0.0449517 0.0745168 0.100087 0.108949 0.096182 0.069028 0.0406442 0.0203973 0.0101327 0.00708345 0.00796285 0.010736 0.014452 0.0186152 0.0228068 0.0265856 0.0295301 0.0313219 0.0318141 0.0310576 0.0292732 0.0267843 0.023933 0.0210092 0.0182108 0.0156393 0.0133214 0.0112423 0.00937479
 1.02414e-16 2.4517e-05 0.000143867 0.000683817 0.00263263 0.00820954 0.0207369 0.042432 0.070342 0.0944863 0.10287 0.0908565 0.0652959 0.0386275 0.0197193 0.0103443 0.00792025 0.00936309 0.0127476 0.0171386 0.0219932 0.0268083 0.0310444 0.0341903 0.0358691 0.0359233 0.0344459 0.0317443 0.0282541 0.0244309 0.0206588 0.017197 0.0141721 0.0116042 0.00944948 0.0076405
 1.03033e-16 2.03699e-05 0.000119514 0.000568031 0.00218681 0.00681923 0.0172252 0.0352472 0.0584349 0.0785026 0.0854953 0.0755771 0.0544586 0.0325053 0.0171277 0.00985173 0.00858698 0.0108132 0.0149424 0.0201625 0.0259313 0.0316883 0.036811 0.0407015 0.0429115 0.0432407 0.0417752 0.0388478 0.0349412 0.0305675 0.026164 0.0220335 0.0183349 0.0151115 0.0123372 0.00995831
 1.04008e-16 2.04284e-05 0.000119862 0.000569695 0.00219323 0.00683927 0.0172757 0.0353503 0.0586045 0.0787267 0.0857294 0.0757603 0.054539 0.0324503 0.0169119 0.00943767 0.00791679 0.00981556 0.0135507 0.0183385 0.0236891 0.029113 0.0340649 0.0380135 0.0405477 0.041463 0.0407959 0.0387926 0.0358297 0.0323143 0.0285995 0.0249366 0.0214696 0.0182588 0.0153177 0.0126444
 1.04302e-16 2.10067e-05 0.000123258 0.000585841 0.0022554 0.00703315 0.0177654 0.0363523 0.0602649 0.0809554 0.0881515 0.0778891 0.0560463 0.0332965 0.0172596 0.0094829 0.00778568 0.0095544 0.013158 0.0177956 0.0229786 0.0282284 0.0330161 0.0368282 0.0392704 0.0401505 0.0395112 0.037598 0.0347802 0.0314528 0.0279534 0.0245164 0.0212691 0.0182569 0.0154812 0.0129323
 1.03325e-16 2.58676e-05 0.000151802 0.000721556 0.00277796 0.00866275 0.0218816 0.0447736 0.0742214 0.0996897 0.108515 0.0957958 0.0687438 0.0404629 0.0202808 0.0100334 0.00696356 0.00779737 0.0105104 0.0141613 0.0182655 0.0224173 0.0261892 0.029171 0.0310496 0.0316752 0.0310873 0.0294884 0.0271802 0.0244843 0.0216743 0.0189392 0.0163796 0.0140279 0.0118798 0.00992092
 1.02641e-16 2.43311e-05 0.000142775 0.00067863 0.00261266 0.00814726 0.0205796 0.0421101 0.0698084 0.0937695 0.102089 0.0901673 0.0648007 0.0383348 0.0195706 0.0102678 0.00786448 0.00930088 0.0126678 0.0170393 0.0218787 0.0266895 0.0309381 0.0341184 0.035856 0.0359923 0.0346152 0.032024 0.0286436 0.0249192 0.0212258 0.0178164 0.0148146 0.0122411 0.0100555 0.00819578
 1.03017e-16 2.16544e-05 0.000127058 0.0006039 0.00232492 0.00724994 0.0183131 0.037473 0.0621232 0.0834529 0.0908743 0.0803028 0.0578001 0.034372 0.0178777 0.00991658 0.00824298 0.010161 0.0139804 0.0188575 0.0242607 0.0296623 0.0344811 0.0381595 0.0402781 0.0406482 0.0393468 0.0366799 0.0330932 0.0290595 0.0249828 0.0211429 0.0176869 0.0146562 0.0120286 0.00975796
 1.03485e-16 2.24209e-05 0.000131562 0.00062532 0.00240741 0.00750718 0.0189628 0.038802 0.0643251 0.0864064 0.0940788 0.0831067 0.059758 0.0354154 0.0181994 0.00974503 0.00770768 0.0092838 0.0127268 0.0171889 0.0221716 0.0272013 0.0317597 0.0353458 0.0375759 0.0382655 0.0374613 0.0354105 0.0324836 0.029078 0.0255358 0.0220973 0.0188956 0.0159793 0.013349 0.0109889
 1.03735e-16 2.12124e-05 0.000124464 0.000591572 0.00227746 0.00710193 0.0179392 0.0367079 0.0608549 0.0817489 0.0890183 0.0786615 0.0566163 0.0336634 0.017501 0.00969578 0.00804876 0.00992115 0.0136613 0.0184492 0.0237733 0.0291267 0.0339503 0.0377052 0.039983 0.040594 0.0396011 0.037285 0.0340583 0.0303593 0.0265614 0.0229217 0.0195756 0.0165632 0.0138708 0.0114671
 1.05592e-16 1.21257e-05 7.11053e-05 0.000337872 0.00130061 0.00405562 0.0102446 0.0209653 0.0347651 0.0467275 0.0509514 0.045187 0.0328794 0.0202655 0.0118511 0.00866313 0.00958039 0.0131984 0.0186013 0.0252321 0.0325724 0.0399797 0.0467054 0.0520177 0.0553559 0.0564497 0.0553666 0.0524659 0.0482858 0.0434021 0.0383083 0.0333485 0.02871 0.0244587 0.020593 0.0170905
pSPR Fmed_Fpbrs
0.608984   0.255602 0.255602
Fs Fmed_Fpbrs
0.269989   1.005 1.005
SSBpbr Bo_Bmed_Bpbrs
1.06625e+06  596014  219222 219222
Ro
41772.8
SPR SPRFo_SPRFmed_SPRFpbrs
857920 522459 219286
log_Ro
10.46
likeval ReclasPelacesDesembMPH_pf_preclas_ppelaces_ptallas_desvR_qrecl_qpela
 116.453 78.9623 0.0909199 0.000772542 347.164 209.582 81.1869 0 14.4453 0 0 0 0 0 0
q_reclas_q_pelaces
1 1
M
0.7
N
 42796.6 24834.8 12332.6 6124.18 6041.1
 36046.3 19693.8 10590.2 5258.96 5187.62
 19412 16118.8 7930.05 4264.35 4206.5
 29126.5 7343.83 4645.63 2285.54 2441.41
 56031 13472.8 3164.25 2001.67 2036.71
 45412.6 27395.9 6486.03 1523.32 1944.14
 91137.4 18617.9 9272.57 2195.3 1173.62
 94074.1 40767.5 7501.93 3736.31 1357.48
 109383 39154.8 14221.6 2617.03 1776.95
 121328 45233.2 13483.6 4897.46 1513.14
 95841.3 52314 16934.6 5048.04 2400.02
 44169 36075.2 14925.7 4831.61 2125.01
 44183.6 17229.2 11053.8 4573.39 2131.58
 27340.7 15458.2 4246.88 2724.68 1652.73
 20722.3 7325.94 2234.98 614.022 632.895
 17249.7 6151.4 1300 396.6 221.267
 14352 6885.19 1973.56 417.079 198.231
 14761.9 5994.81 2419.07 693.398 216.185
 16931.5 6459.71 2311.66 932.816 350.744
 30332.4 7484.18 2541.67 909.555 505.036
 43498.2 13463.2 2969.15 1008.34 561.202
 53403.5 20547.4 6049.59 1334.17 705.263
 73892.8 24853.4 8961.8 2638.54 889.502
 88065.1 33927.7 10551 3804.57 1497.77
 43849.2 40384.5 14367.5 4468.11 2245.41
pred_Ctot
 2266.82 2545.55 1264.08 627.725 619.209
 2595.41 2711.16 1457.91 723.979 714.157
 3377.34 5017.48 2468.48 1327.42 1309.41
 1440.99 704.636 445.745 219.296 234.251
 620.82 296.524 69.6422 44.0549 44.826
 5759.6 6412.85 1518.25 356.58 455.086
 6541.76 2555.48 1272.74 301.324 161.089
 11062.1 8901.1 1637.96 815.778 296.389
 13296.3 8814.69 3201.63 589.156 400.035
 11587 8136.2 2425.33 880.918 272.172
 16948.8 16520.6 5347.87 1594.15 757.918
 6908.41 10213.7 4225.83 1367.94 601.641
 9578.94 6493.12 4165.81 1723.56 803.321
 9376.32 8436.95 2317.91 1487.11 902.044
 6172.89 3586.37 1094.12 300.591 309.83
 2464.89 1605.37 339.268 103.503 57.7453
 1656.08 1477.29 423.45 89.489 42.5327
 1270.39 977.592 394.485 113.075 35.2541
 1346.78 977.715 349.883 141.187 53.0872
 2331.4 1096.46 372.363 133.253 73.9894
 1529.6 926.443 204.317 69.387 38.618
 2421.79 1811.83 533.441 117.644 62.1888
 4024.55 2617 943.654 277.832 93.6623
 4869.99 3625.37 1127.44 406.54 160.045
 2675.28 4743.85 1687.71 524.856 263.761
F
 0.0761556 0.152311 0.152311 0.152311 0.152311
 0.104822 0.209643 0.209643 0.209643 0.209643
 0.272029 0.544057 0.544057 0.544057 0.544057
 0.0709717 0.141943 0.141943 0.141943 0.141943
 0.0155126 0.0310251 0.0310251 0.0310251 0.0310251
 0.191666 0.383332 0.383332 0.383332 0.383332
 0.104482 0.208963 0.208963 0.208963 0.208963
 0.176561 0.353122 0.353122 0.353122 0.353122
 0.183024 0.366048 0.366048 0.366048 0.366048
 0.141237 0.282474 0.282474 0.282474 0.282474
 0.277088 0.554177 0.554177 0.554177 0.554177
 0.241416 0.482832 0.482832 0.482832 0.482832
 0.35021 0.700421 0.700421 0.700421 0.700421
 0.616955 1.23391 1.23391 1.23391 1.23391
 0.51453 1.02906 1.02906 1.02906 1.02906
 0.21842 0.43684 0.43684 0.43684 0.43684
 0.172995 0.34599 0.34599 0.34599 0.34599
 0.126465 0.252929 0.252929 0.252929 0.252929
 0.116382 0.232764 0.232764 0.232764 0.232764
 0.112257 0.224515 0.224515 0.224515 0.224515
 0.0499842 0.0999684 0.0999684 0.0999684 0.0999684
 0.0648819 0.129764 0.129764 0.129764 0.129764
 0.0783845 0.156769 0.156769 0.156769 0.156769
 0.0796297 0.159259 0.159259 0.159259 0.159259
 0.0881811 0.176362 0.176362 0.176362 0.176362
nmprior
 10.6 11 7 0
nm_flota  nm_reclas  nm_pelaces    nm_pelaL
inf 13.7656 13.4832 29.4259
cv_recla  cv_pelaces  cv_mph
0.976115 1.00759 0.901777
 ------------------------------------------------
Talla a la edad & desviación 
 7.2 14.2025 17.0495 18.207 18.6776
 1.08 2.13037 2.55742 2.73105 2.80164
