years
 1997 1998 1999 2000 2001 2002 2003 2004 2005 2006 2007 2008 2009 2010 2011 2012 2013 2014 2015 2016 2017 2018 2019 2020 2021
reclasobs
 0 0 0 370054 412103 1.49427e+06 250295 1.28982e+06 931140 785840 897777 1.04006e+06 184774 17550 25797 100020 73551 82996 120727 218422 84188 347160 605670 569463 516374
reclaspred
 381200 94338.2 231660 176046 301918 354880 799495 566645 701321 725275 590537 397243 246761 111639 75512.7 75651.2 92737.1 122392 123659 185162 278046 252267 435071 536083 516529
pelacesobs
 0 0 0 0 0 0 0 0 0 2.06254e+06 1.5e+06 0 1.87456e+06 323000 250000 174000 83755 137374 0 501740 490994 745055 786931 1.00524e+06 1.33801e+06
pelacespred
 782284 175215 264026 308340 462270 447509 1.2024e+06 1.00427e+06 1.13652e+06 1.1751e+06 865115 603766 374588 139175 92799.6 100160 128592 172687 179509 260527 437161 387339 527307 771845 764733
mphobs
 0 0 0 0 0 112323 0 153150 637223 0 255016 313432 73983 77613 109348 50772 0 0 0 0 0 0 0 0 0
mphpred
 586011 307073 326425 325404 406364 720536 1.05497e+06 1.2805e+06 1.17189e+06 1.33468e+06 1.42343e+06 1.02118e+06 625969 332370 153564 128763 154886 208428 249781 277158 441622 536696 663953 940189 1.18016e+06
desembarqueobs
 350755 77701 442110 56441 14545 235359 269955 359681 431902 328805 639364 411747 362871 311530 167758 66681 60226 58785 57116 73181 50977 67692 138656 160484 209506
desembarquepred
 350749 77690.5 441973 56439.6 14545 235385 269976 359620 431854 328763 639326 411842 362982 311736 167707 66680.5 60239.3 58780.2 57106.4 73170.4 50974.9 67680.9 138644 160475 209492
Reclutas
 35465.2 48127.3 22963.4 46170.3 82985.7 54285.6 95141.7 100390 139519 157845 67408.6 38518.8 44349 22824.6 16853.9 19757.5 15409.9 16604 17708.8 36851.7 45217.5 55389.6 91557.7 100512 25832
log_desv_Rt
 -0.223692 0.0816055 -0.658345 0.0400913 0.626423 0.202014 0.763122 0.816813 1.14596 1.26937 0.418529 -0.141099 -0.000155279 -0.664404 -0.967662 -0.808712 -1.05724 -0.982602 -0.918182 -0.185344 0.0192405 0.222147 0.724725 0.818028 -0.540632
SSB
 586011 307073 326425 325404 406364 720536 1.05497e+06 1.2805e+06 1.17189e+06 1.33468e+06 1.42343e+06 1.02118e+06 625969 332370 153564 128763 154886 208428 249781 277158 441622 536696 663953 940189 1.18016e+06
BT
 1.67044e+06 448471 713131 612113 839334 985817 2.33823e+06 2.20313e+06 2.4293e+06 2.41797e+06 2.1196e+06 1.45761e+06 1.0276e+06 548639 308063 234382 279466 356386 370873 526406 824096 757402 1.03992e+06 1.51415e+06 1.54106e+06
Ftot
 0.516094 0.531098 0.923119 0.204911 0.0331259 0.29574 0.192319 0.364488 0.382767 0.264735 0.478918 0.438019 0.709426 1.24853 1.24451 0.504555 0.364825 0.255458 0.224181 0.241466 0.103155 0.133088 0.161047 0.156593 0.164144
BD_Bspro_t
 0.934234 0.688708 0.60679 0.426878 0.609472 0.780803 0.736397 0.748891 0.70255 0.688648 0.677704 0.52805 0.412898 0.305745 0.188403 0.196124 0.29544 0.445166 0.547875 0.628602 0.747119 0.823819 0.828063 0.831766 0.825635
BD_Bspro
 0.643282 0.337083 0.358326 0.357205 0.446078 0.790953 1.15807 1.40564 1.28642 1.46512 1.56254 1.12098 0.687145 0.364852 0.168572 0.141347 0.170023 0.228798 0.274192 0.304245 0.484781 0.589147 0.728841 1.03207 1.29549
BD_Bo
 0.540414 0.283179 0.301026 0.300084 0.374745 0.664471 0.972879 1.18087 1.08071 1.23083 1.31267 0.941726 0.577263 0.306508 0.141616 0.118744 0.142834 0.19221 0.230346 0.255593 0.407259 0.494935 0.612291 0.867033 1.08833
BD_Brms
 1.84488 0.966723 1.02765 1.02443 1.27931 2.26838 3.32123 4.03126 3.68934 4.20182 4.48122 3.21488 1.97067 1.04636 0.48345 0.405372 0.487611 0.656171 0.786359 0.872548 1.39031 1.68962 2.09025 2.95989 3.71536
S_f
 0.169168 1 1 1 1
 0.169168 1 1 1 1
 0.169168 1 1 1 1
 0.169168 1 1 1 1
 0.169168 1 1 1 1
 0.169168 1 1 1 1
 0.169168 1 1 1 1
 0.169168 1 1 1 1
 0.169168 1 1 1 1
 0.169168 1 1 1 1
 0.169168 1 1 1 1
 0.169168 1 1 1 1
 0.169168 1 1 1 1
 0.169168 1 1 1 1
 0.169168 1 1 1 1
 0.169168 1 1 1 1
 0.169168 1 1 1 1
 0.169168 1 1 1 1
 0.169168 1 1 1 1
 0.169168 1 1 1 1
 0.169168 1 1 1 1
 0.169168 1 1 1 1
 0.169168 1 1 1 1
 0.169168 1 1 1 1
 0.169168 1 1 1 1
Scru_reclas
 1 1 1 1 1
 1 1 1 1 1
 1 1 1 1 1
 1 1 1 1 1
 1 1 1 1 1
 1 1 1 1 1
 1 1 1 1 1
 1 1 1 1 1
 1 1 1 1 1
 1 1 1 1 1
 1 1 1 1 1
 1 1 1 1 1
 1 1 1 1 1
 1 1 1 1 1
 1 1 1 1 1
 1 1 1 1 1
 1 1 1 1 1
 1 1 1 1 1
 1 1 1 1 1
 1 1 1 1 1
 1 1 1 1 1
 1 1 1 1 1
 1 1 1 1 1
 1 1 1 1 1
 1 1 1 1 1
Scru_pelaces
 1 1 1 1 1
 1 1 1 1 1
 1 1 1 1 1
 1 1 1 1 1
 1 1 1 1 1
 1 1 1 1 1
 1 1 1 1 1
 1 1 1 1 1
 1 1 1 1 1
 1 1 1 1 1
 1 1 1 1 1
 1 1 1 1 1
 1 1 1 1 1
 1 1 1 1 1
 1 1 1 1 1
 1 1 1 1 1
 1 1 1 1 1
 1 1 1 1 1
 1 1 1 1 1
 1 1 1 1 1
 1 1 1 1 1
 1 1 1 1 1
 1 1 1 1 1
 1 1 1 1 1
 1 1 1 1 1
pf_obs 
 0.256992 0.487395 0.22802 0.0275931 0
 0.321318 0.546541 0.124235 0.00734118 0.000564706
 0.182869 0.594174 0.210203 0.0122559 0.00049798
 0.330522 0.361315 0.267642 0.0388342 0.00168674
 0.649043 0.306663 0.0425973 0.00169635 0
 0.582887 0.30429 0.105238 0.00758474 0
 0.465427 0.430635 0.0974691 0.00646863 0
 0.296916 0.608066 0.0921331 0.00288517 0
 0.311714 0.524322 0.152257 0.0117073 0
 0.15457 0.633149 0.183074 0.0267441 0.00246327
 0.131901 0.49318 0.331252 0.0422183 0.00144891
 0.196976 0.569456 0.194076 0.0375587 0.00193317
 0.518974 0.381816 0.0799577 0.0180837 0.00116848
 0.0928022 0.601141 0.25162 0.0475244 0.00691264
 0.122501 0.610282 0.24278 0.0234846 0.000952079
 0.383417 0.481906 0.127806 0.00687128 0
 0.0376549 0.599619 0.316969 0.0457579 0
 0.0361596 0.667082 0.258105 0.0386534 0
 0.158088 0.579412 0.248529 0.0139706 0
 0.0477256 0.309471 0.559284 0.082774 0.000745712
 0.0406174 0.521527 0.379366 0.0568643 0.0016247
 0.151134 0.462217 0.34131 0.0453401 0
 0.294876 0.26143 0.354403 0.0886775 0.000613685
 0.281977 0.475581 0.204845 0.0348837 0.00271318
 0.0354234 0.537034 0.353287 0.0723622 0.0018943
pf_pred 
 0.263521 0.513194 0.199001 0.0242737 1.0697e-05
 0.30709 0.50638 0.129978 0.0504017 0.00615059
 0.157198 0.650733 0.140364 0.0360289 0.0156758
 0.354083 0.410829 0.181513 0.0391527 0.0144223
 0.333869 0.520345 0.0927259 0.0409682 0.0120921
 0.157438 0.632381 0.164182 0.0292573 0.0167418
 0.27351 0.406617 0.240079 0.0623304 0.0174632
 0.230439 0.545625 0.125337 0.0740029 0.0245959
 0.28098 0.487585 0.164089 0.0376935 0.0296523
 0.249362 0.551756 0.134867 0.0453873 0.0186279
 0.110372 0.613877 0.202691 0.049544 0.0235163
 0.105687 0.429466 0.320762 0.10591 0.0381753
 0.199298 0.370739 0.206477 0.154214 0.0692724
 0.166112 0.563529 0.125181 0.0697175 0.075461
 0.2421 0.523127 0.158656 0.0352435 0.0408736
 0.314492 0.535347 0.103646 0.0314341 0.0150809
 0.203418 0.618 0.139464 0.0270009 0.0121177
 0.21557 0.503972 0.217583 0.049102 0.0137728
 0.210126 0.511098 0.179104 0.077326 0.0223448
 0.338037 0.42109 0.15586 0.0546179 0.0303946
 0.258674 0.572223 0.107571 0.0398155 0.0217171
 0.233597 0.524221 0.186938 0.035142 0.0201019
 0.286325 0.469075 0.167307 0.0596619 0.0176313
 0.226228 0.556298 0.142938 0.0509823 0.023553
 0.0584141 0.612382 0.236679 0.0608134 0.0317113
pobs_RECLAS
 0 0 0 0 0
 0 0 0 0 0
 0 0 0 0 0
 0 0 0 0 0
 0.835266 0.146461 0.0176864 0.000547809 3.91292e-05
 0.385257 0.428462 0.181853 0.0044286 0
 0.867414 0.0963971 0.0333333 0.00285562 0
 0.441836 0.489002 0.0689373 0.000224442 0
 0.779404 0.147425 0.0564933 0.0165055 0.000172143
 0.814271 0.122319 0.05973 0.00367925 0
 0.40263 0.566651 0.0304383 0.000280538 0
 0.475488 0.404961 0.113038 0.00651328 0
 0.955842 0.0263864 0.0167828 0.000988607 0
 0.975058 0.0227948 0.00214734 0 0
 0.738997 0.206755 0.0527124 0.00153531 0
 0.850938 0.134255 0.0134407 0.00136685 0
 0.542534 0.407297 0.0501686 0 0
 0.764087 0.199537 0.0359546 0.000420521 0
 0.470689 0.182191 0.310203 0.0369168 0
 0.84361 0.089868 0.0606195 0.00523954 0.000663233
 0.607945 0.314616 0.071237 0.00620181 0
 0.523733 0.453247 0.0230204 0 0
 0.530135 0.295979 0.169645 0.0042399 0
 0.562478 0.366248 0.0663022 0.0049721 0
 0.250443 0.683176 0.0655157 0.000865301 0
ppred_RECLAS
 0.686606 0.218379 0.084681 0.0103292 4.55189e-06
 0.730983 0.196598 0.0504629 0.019568 0.00238792
 0.543574 0.352409 0.0760154 0.0195117 0.00848937
 0.766245 0.148678 0.0656888 0.0141692 0.00521938
 0.74796 0.19688 0.0350841 0.0155009 0.00457521
 0.52924 0.353327 0.0917323 0.0163468 0.00935407
 0.692254 0.172246 0.101699 0.0264036 0.00739755
 0.644225 0.252247 0.0579446 0.0342122 0.0113709
 0.70295 0.201436 0.0677904 0.0155724 0.0122503
 0.666039 0.245478 0.0600026 0.020193 0.00828763
 0.430916 0.39269 0.129659 0.0316927 0.0150431
 0.418201 0.279391 0.208673 0.0688998 0.0248351
 0.608201 0.181409 0.101033 0.07546 0.0338963
 0.57017 0.290473 0.064525 0.0359361 0.0388966
 0.680097 0.220807 0.0669674 0.014876 0.0172524
 0.737272 0.205177 0.0397234 0.0120475 0.00577992
 0.606958 0.304928 0.068813 0.0133225 0.005979
 0.622468 0.242553 0.104719 0.0236319 0.00662858
 0.614307 0.249568 0.0874561 0.0377581 0.0109109
 0.753749 0.156646 0.0579799 0.0203179 0.0113068
 0.674668 0.251121 0.0472076 0.0174731 0.00953059
 0.644706 0.243022 0.0866618 0.0162913 0.00931897
 0.70523 0.193742 0.0691031 0.0246422 0.00728227
 0.63544 0.262098 0.0673447 0.0240201 0.0110969
 0.270085 0.474717 0.183473 0.0471424 0.0245825
pobs_PELACES
 0 0 0 0 0
 0 0 0 0 0
 0 0 0 0 0
 0 0 0 0 0
 0 0 0 0 0
 0 0 0 0 0
 0 0 0 0 0
 0 0 0 0 0
 0 0 0 0 0
 0 0 0 0 0
 0.450072 0.473896 0.0757376 0.000293798 0
 0 0 0 0 0
 0.463077 0.371075 0.160297 0.00555027 0
 0.529543 0.364841 0.0842815 0.0213345 0
 0.631943 0.363953 0.00410389 0 0
 0.735681 0.248677 0.0153453 0.000297389 0
 0.695825 0.281241 0.0229344 0 0
 0.275771 0.60734 0.115278 0.00161068 0
 0 0 0 0 0
 0.896147 0.0623911 0.0374545 0.00400742 0
 0.803859 0.145111 0.0509908 3.86294e-05 0
 0.739449 0.233085 0.0266225 0.000797448 4.60066e-05
 0.878498 0.100942 0.0204185 0.000141795 0
 0.694673 0.275183 0.0284847 0.00165964 0
 0.469039 0.446079 0.0841089 0.000773354 0
ppred_PELACES
 0.716222 0.197742 0.0766785 0.00935308 4.12173e-06
 0.758639 0.176387 0.0452753 0.0175564 0.00214244
 0.605357 0.304707 0.0657258 0.0168706 0.00734023
 0.776157 0.142373 0.0629034 0.0135684 0.00499806
 0.749668 0.195545 0.0348463 0.0153958 0.0045442
 0.549383 0.338208 0.0878072 0.0156473 0.00895383
 0.703372 0.166023 0.0980249 0.0254497 0.00713029
 0.666786 0.236251 0.0542701 0.0320427 0.0106498
 0.724388 0.186899 0.0628981 0.0144485 0.0113662
 0.681984 0.233757 0.0571377 0.0192288 0.00789192
 0.463364 0.370299 0.122266 0.0298856 0.0141854
 0.447675 0.265237 0.198102 0.0654094 0.023577
 0.653456 0.160456 0.0893632 0.066744 0.0299811
 0.651323 0.235631 0.0523425 0.0291513 0.0315528
 0.749403 0.17297 0.0524591 0.0116532 0.0135147
 0.763176 0.184947 0.0358067 0.0108596 0.00521003
 0.630548 0.286626 0.0646829 0.0125229 0.00562015
 0.638781 0.232072 0.100194 0.0226108 0.00634217
 0.628764 0.240213 0.084178 0.0363428 0.0105019
 0.76583 0.148961 0.0551355 0.0193211 0.0107521
 0.680844 0.246353 0.0463113 0.0171414 0.00934964
 0.65302 0.237335 0.0846341 0.0159101 0.00910092
 0.714325 0.187765 0.0669709 0.0238819 0.00705758
 0.645327 0.25499 0.0655183 0.0233687 0.010796
 0.279048 0.468887 0.18122 0.0465635 0.0242807
pobs_pel_tallas
 0 0 0 0 0 0 0 0 0 0 0 0 0 0 0 0 0 0 0 0 0 0 0 0 0 0 0 0 0 0 0 0 0 0 0 0
 0 0 0 0 0 0 0 0 0 0 0 0 0 0 0 0 0 0 0 0 0 0 0 0 0 0 0 0 0 0 0 0 0 0 0 0
 0 0 0 0 0 0 0 0 0 0 0 0 0 0 0 0 0 0 0 0 0 0 0 0 0 0 0 0 0 0 0 0 0 0 0 0
 0 0 0 0 0 0 0 0 0 0 0 0 0 0 0 0 0 0 0 0 0 0 0 0 0 0 0 0 0 0 0 0 0 0 0 0
 0 0 0 0 0 0 0 0 0 0 0 0 0 0 0 0 0 0 0 0 0 0 0 0 0 0 0 0 0 0 0 0 0 0 0 0
 0 0 0 0 0 0 0 0 0 0 0 0 0 0 0 0 0 0 0 0 0 0 0 0 0 0 0 0 0 0 0 0 0 0 0 0
 0 0 0 0 0 0 0 0 0 0 0 0 0 0 0 0 0 0 0 0 0 0 0 0 0 0 0 0 0 0 0 0 0 0 0 0
 0 0 0 0 0 0 0 0 0 0 0 0 0 0 0 0 0 0 0 0 0 0 0 0 0 0 0 0 0 0 0 0 0 0 0 0
 0 0 0 0 0 0 0 0 0 0 0 0 0 0 0 0 0 0 0 0 0 0 0 0 0 0 0 0 0 0 0 0 0 0 0 0
 0 0 0 0 0 0 0 0 0 0 0 0 0 0 0 0 0 0 0 0 0 0 0 0 0 0 0 0 0 0 0 0 0 0 0 0
 0 0 0 0 0 0 0 0 1.78061e-05 0.00172719 0.00360574 0.0105946 0.0120993 0.0124554 0.0147524 0.0171206 0.0266825 0.0428682 0.0675386 0.121331 0.153587 0.119568 0.100827 0.0573624 0.0630603 0.0341343 0.0324427 0.0444173 0.0211091 0.0280891 0.0125444 0.00206551 0 0 0 0
 0 0 0 0 0 0 0 0 0 0 0 0 0 0 0 0 0 0 0 0 0 0 0 0 0 0 0 0 0 0 0 0 0 0 0 0
 0 0 0 0 0 0 0.0133647 0.0140871 0.0187388 0.0205184 0.03894 0.0496705 0.03968 0.0493445 0.0407372 0.0367815 0.0215668 0.0243155 0.0234873 0.0199281 0.019796 0.0243948 0.0301388 0.0376714 0.0412746 0.0863199 0.0771752 0.113111 0.0741005 0.0525337 0.0229764 0.00759418 0.00175318 0 0 0
 0 0 0 0 0 0 0 0 0 0 0.00219441 0.00772107 0.0458388 0.0604681 0.0671733 0.0775358 0.0609151 0.0617685 0.073594 0.0568108 0.0755445 0.0548602 0.0670107 0.0636378 0.0643287 0.046367 0.0373049 0.0286899 0.0247887 0.0153202 0.00654259 0.00121912 0.000365735 0 0 0
 0 0 0 0 0 0 0 0 0 0 0 0 0.000112435 0.00938835 0.0111873 0.0202946 0.0414886 0.0713402 0.111592 0.104902 0.108894 0.110636 0.117776 0.105296 0.107544 0.0401394 0.0192827 0.0124803 0.00416011 0.0028671 0.000618394 0 0 0 0 0
 0 0 0 0 0 0 0 0 0 0 0.00291406 0.0102884 0.027416 0.0768956 0.0749926 0.110853 0.0956884 0.0897413 0.0766577 0.0534642 0.0500743 0.0551293 0.0594112 0.0620874 0.0668451 0.0424026 0.0208742 0.0120726 0.0048766 0.00582813 0.00118941 0.000297354 0 0 0 0
 0 0.00264628 0.0354308 0.0461629 0.0458689 0.0383711 0.0214643 0.0164657 0.0346957 0.0420465 0.0363128 0.0245516 0.0311673 0.0291091 0.0169068 0.0133784 0.00837989 0.0085269 0.0148486 0.0160247 0.0276389 0.0546898 0.0760071 0.122758 0.109233 0.0665981 0.0333725 0.0166128 0.00676272 0.00308733 0.000882094 0 0 0 0 0
 0 0 0 0 0 0 0 0.000805153 0.000690131 0.00759144 0.0133425 0.0154129 0.00931677 0.000345066 0.00356568 0.00563607 0.00851162 0.0253048 0.0502646 0.0516448 0.0657925 0.0565908 0.0611916 0.0827007 0.0866115 0.110766 0.145733 0.0935128 0.0569358 0.0249597 0.0138026 0.00621118 0.00161031 0.00115022 0 0
 0 0 0 0 0 0 0 0 0 0 0 0 0 0 0 0 0 0 0 0 0 0 0 0 0 0 0 0 0 0 0 0 0 0 0 0
 0.00147267 0.00158595 0.00478618 0.00569244 0.00954404 0.0108468 0.00647125 0.017049 0.0510054 0.094081 0.124002 0.0959785 0.0687766 0.0820023 0.061753 0.0591476 0.0492212 0.0479892 0.0443925 0.0268479 0.0217502 0.0140895 0.0121071 0.0120363 0.00920419 0.00665534 0.0049561 0.00860946 0.00930331 0.0156896 0.0114698 0.00855282 0.00243557 0.00046729 0 2.83206e-05
 0 0 0 0 0.000772559 0.00158375 0.000888443 0.00281984 0.00712685 0.0440552 0.0773331 0.111326 0.0921469 0.0852325 0.0710754 0.0886704 0.0786465 0.0553345 0.0373146 0.0185414 0.00753245 0.00457741 0.012979 0.0271748 0.0457355 0.0583668 0.034881 0.0177882 0.00938659 0.00492506 0.0015258 0.00185414 0.000309023 5.79419e-05 3.86279e-05 0
 0 0.00173294 0.00326652 0 0.00397197 0.00683976 0.00946217 0.0152591 0.00757587 0.0136028 0.0228656 0.0392903 0.0559909 0.0764795 0.0681675 0.0726916 0.0566044 0.0477403 0.0527397 0.0444891 0.0609904 0.0582453 0.0661739 0.0445044 0.0529084 0.0360697 0.0280645 0.0235558 0.0158879 0.00826598 0.00280645 0.00217768 0.000904811 0.00058276 9.20147e-05 0
 0 0 0 0 0 0 0 0 0 0 0 0 0 0 0 0 0 0 0 0 0 0 0 0 0 0 0 0 0 0 0 0 0 0 0 0
 0 0 0 0 0 0 0 0 0 0 0 0 0 0 0 0 0 0 0 0 0 0 0 0 0 0 0 0 0 0 0 0 0 0 0 0
 0 0 0 0 0 0 0 0 0 0 0 0 0 0 0 0 0 0 0 0 0 0 0 0 0 0 0 0 0 0 0 0 0 0 0 0
ppred_pel_tallas
 1.01475e-16 3.12515e-05 0.000183416 0.000871869 0.00335673 0.0104676 0.0264404 0.0541009 0.0896793 0.12044 0.131071 0.115634 0.0828189 0.0484227 0.0236674 0.0107116 0.00616249 0.00601754 0.0078173 0.0104626 0.0134675 0.0164975 0.0192248 0.0213389 0.0226029 0.0229033 0.0222705 0.0208603 0.0189069 0.016664 0.0143534 0.0121347 0.0101004 0.00828809 0.00670114 0.00532785
 1.01404e-16 3.31001e-05 0.000194271 0.00092348 0.00355545 0.0110873 0.0280058 0.0573035 0.094987 0.127565 0.138816 0.122447 0.0876525 0.051157 0.0248319 0.0109461 0.00588775 0.00540235 0.00687873 0.00916059 0.0117586 0.0143605 0.0166733 0.0184244 0.0194115 0.0195455 0.0188679 0.0175321 0.015759 0.0137819 0.0117987 0.00994515 0.00829065 0.00685181 0.00561385 0.0045504
 1.01955e-16 2.64215e-05 0.00015505 0.000736993 0.00283738 0.00884805 0.0223496 0.0457317 0.0758104 0.101826 0.110847 0.0978703 0.0702661 0.0414262 0.0208869 0.0105333 0.00755674 0.00861439 0.011628 0.0156099 0.0200226 0.0243965 0.0282365 0.0310753 0.0325682 0.0325717 0.0311713 0.0286494 0.025406 0.0218607 0.0183681 0.0151694 0.0123837 0.0100321 0.0080756 0.00645191
 1.0164e-16 3.38626e-05 0.000198751 0.000944784 0.00363749 0.0113432 0.0286519 0.0586254 0.0971771 0.130503 0.142005 0.125239 0.089607 0.0522086 0.0251762 0.0108166 0.00542062 0.00462781 0.00577077 0.00768725 0.00991608 0.0121929 0.0142793 0.0159513 0.0170357 0.0174445 0.0171897 0.0163706 0.0151415 0.0136704 0.0121044 0.01055 0.00907018 0.00769399 0.0064311 0.00528419
 1.013e-16 3.27097e-05 0.000191978 0.000912572 0.00351345 0.0109564 0.0276749 0.0566267 0.0938657 0.126061 0.137184 0.121018 0.0866546 0.0506239 0.0246649 0.0110279 0.00615113 0.00583447 0.0074951 0.00997846 0.0127787 0.0155564 0.0179877 0.019773 0.020694 0.0206619 0.019736 0.0181014 0.0160179 0.0137562 0.0115435 0.00953188 0.00779348 0.0063366 0.00513098 0.00413217
 1.02313e-16 2.39822e-05 0.000140726 0.000668888 0.00257515 0.00803027 0.0202841 0.0415056 0.0688066 0.092425 0.100629 0.0888846 0.0638949 0.0378313 0.0193734 0.0102616 0.00797715 0.0095089 0.0129765 0.0174633 0.0224298 0.0273695 0.0317353 0.0350062 0.0367944 0.0369317 0.0355024 0.0328082 0.0292819 0.0253809 0.0214948 0.0178919 0.0147104 0.0119832 0.00967879 0.00774002
 1.02654e-16 3.06899e-05 0.000180122 0.000856214 0.00329646 0.0102797 0.0259657 0.0531294 0.0880682 0.118274 0.128708 0.113536 0.0812872 0.0474687 0.0230932 0.0102721 0.00566683 0.00534581 0.00690278 0.00928082 0.0120395 0.014898 0.017585 0.0198372 0.0214433 0.022284 0.0223496 0.0217281 0.0205702 0.0190462 0.0173092 0.015475 0.0136203 0.011793 0.0100267 0.00835147
 1.02447e-16 2.90973e-05 0.000170766 0.000811721 0.00312513 0.00974539 0.0246162 0.0503686 0.0834941 0.112138 0.122049 0.107704 0.0772028 0.0452679 0.0223655 0.0105281 0.00661893 0.00692701 0.00916306 0.0122825 0.0157868 0.019297 0.0224301 0.0248254 0.0262148 0.0264809 0.0256794 0.0240132 0.021773 0.0192628 0.0167375 0.0143673 0.0122347 0.0103536 0.00869947 0.00723701
 1.01982e-16 3.1607e-05 0.000185505 0.000881801 0.00339497 0.0105869 0.0267417 0.0547172 0.0907005 0.12181 0.132559 0.116939 0.0837362 0.0489243 0.0238477 0.0106832 0.0059931 0.00572441 0.00738894 0.00988019 0.0127192 0.015587 0.018176 0.0201964 0.021429 0.0217704 0.0212523 0.0200225 0.0182998 0.0163176 0.0142758 0.0123134 0.0105049 0.00887437 0.00741695 0.00611783
 1.01917e-16 2.97599e-05 0.000174656 0.000830217 0.00319634 0.00996747 0.0251771 0.0515163 0.0853964 0.114692 0.124826 0.11015 0.0789457 0.0462682 0.0228193 0.0106734 0.00661824 0.00685411 0.00903759 0.0121011 0.0155391 0.0189714 0.0220161 0.0243138 0.0255978 0.0257523 0.0248351 0.023052 0.0206983 0.0180845 0.0154733 0.0130434 0.0108844 0.00901508 0.00741203 0.00603687
 1.03546e-16 2.02327e-05 0.000118711 0.000564215 0.00217212 0.00677343 0.0171094 0.0350104 0.0580418 0.0779733 0.0849159 0.0750577 0.0540688 0.0322417 0.0169328 0.00965332 0.00832298 0.0104377 0.0144245 0.0194882 0.0251088 0.0307542 0.035832 0.0397703 0.0421347 0.0427226 0.0415998 0.0390641 0.0355552 0.0315423 0.0274279 0.0234931 0.0198895 0.0166665 0.0138135 0.0112981
 1.06248e-16 1.95445e-05 0.000114679 0.000545071 0.00209845 0.00654371 0.0165291 0.0338221 0.0560694 0.0753165 0.0820037 0.0724389 0.0520853 0.0308657 0.0158602 0.00849955 0.00675089 0.0081895 0.0113223 0.0154506 0.0201878 0.0251706 0.0299868 0.0342162 0.0375061 0.0396353 0.0405436 0.040315 0.0391296 0.0372019 0.0347305 0.0318732 0.0287481 0.02545 0.0220707 0.0187095
 1.05016e-16 2.8513e-05 0.000167343 0.00079546 0.00306255 0.00955025 0.0241232 0.0493594 0.0818193 0.109883 0.119579 0.105489 0.075538 0.0441369 0.0215208 0.00965753 0.00545326 0.00526426 0.00686453 0.00928121 0.0121129 0.0151043 0.018006 0.0205732 0.0226047 0.0239793 0.024671 0.0247356 0.0242793 0.0234192 0.0222538 0.0208496 0.0192464 0.017472 0.01556 0.0135591
 1.03296e-16 2.84229e-05 0.000166807 0.000792901 0.00305267 0.00951942 0.0240454 0.0492008 0.0815584 0.109539 0.119221 0.105212 0.0754235 0.044239 0.021884 0.0103468 0.00656692 0.00692227 0.00917904 0.0123177 0.0158504 0.0194041 0.0226011 0.0250849 0.0265905 0.027001 0.0263698 0.0248936 0.0228533 0.0205403 0.0181949 0.0159729 0.0139437 0.0121122 0.0104497 0.00892212
 1.01834e-16 3.26972e-05 0.000191907 0.000912238 0.00351217 0.0109524 0.0276648 0.0566059 0.0938306 0.126012 0.137126 0.120956 0.0865853 0.0505342 0.0245298 0.010814 0.00581987 0.00534619 0.00681604 0.00909047 0.0116901 0.0143108 0.0166666 0.0184903 0.0195813 0.0198476 0.0193231 0.0181493 0.0165333 0.0146942 0.0128181 0.0110328 0.00940422 0.00794998 0.00666003 0.00551536
 1.01186e-16 3.32983e-05 0.000195434 0.000929006 0.00357673 0.0111537 0.0281733 0.0576465 0.0955557 0.128329 0.139649 0.123185 0.0881883 0.0514844 0.0250178 0.0110731 0.00601805 0.00557258 0.0071069 0.00945125 0.0121032 0.014736 0.0170416 0.0187361 0.0196119 0.019584 0.0187072 0.017156 0.0151757 0.0130227 0.0109129 0.00899169 0.00732943 0.00593586 0.00478395 0.00383262
 1.01705e-16 2.75192e-05 0.000161497 0.000767643 0.0029554 0.00921608 0.0232792 0.0476336 0.0789622 0.106057 0.115445 0.101912 0.0731292 0.043036 0.021554 0.0106325 0.00733203 0.00816052 0.0109518 0.0146888 0.0188383 0.0229518 0.0265616 0.0292266 0.0306219 0.030611 0.0292739 0.026876 0.0237944 0.0204254 0.0171053 0.0140637 0.0114161 0.00918508 0.00733588 0.00581054
 1.02572e-16 2.78761e-05 0.000163597 0.000777636 0.0029939 0.00933614 0.0235824 0.0482535 0.0799884 0.10743 0.116928 0.103191 0.0739816 0.043407 0.0214992 0.0102118 0.00654854 0.00696338 0.00927224 0.0124813 0.0161159 0.0198101 0.0231868 0.0258829 0.0276169 0.028247 0.0277948 0.0264247 0.0243908 0.0219697 0.0194032 0.0168658 0.0144605 0.0122337 0.0101996 0.00836025
 1.03013e-16 2.74396e-05 0.000161033 0.000765449 0.00294697 0.0091898 0.0232128 0.0474973 0.0787351 0.105748 0.115099 0.101584 0.0728429 0.0427663 0.0212326 0.0101695 0.00663191 0.00713225 0.00951995 0.0128114 0.016529 0.0202977 0.0237306 0.0264571 0.0281932 0.0288016 0.0283142 0.0269098 0.0248563 0.02244 0.0199059 0.0174237 0.0150854 0.0129234 0.0109378 0.00912044
 1.01998e-16 3.34125e-05 0.000196108 0.000932219 0.00358911 0.0111923 0.0282709 0.0578457 0.0958849 0.128768 0.140119 0.123581 0.0884308 0.0515438 0.0248941 0.0107612 0.00548874 0.00477672 0.00599323 0.00798811 0.0102992 0.0126554 0.0148098 0.0165315 0.0176435 0.0180591 0.0177962 0.0169629 0.0157227 0.0142506 0.0126964 0.0111642 0.00971072 0.00835661 0.0071034 0.00594787
 1.01764e-16 2.97107e-05 0.000174366 0.000828835 0.00319102 0.00995087 0.0251352 0.0514307 0.0852547 0.114503 0.124623 0.109977 0.078836 0.0462323 0.0228541 0.0107768 0.00679722 0.00712355 0.00941354 0.0125928 0.0161417 0.0196611 0.0227482 0.0250264 0.0262201 0.0262163 0.0250876 0.0230649 0.0204729 0.0176503 0.014881 0.0123552 0.0101634 0.0083164 0.0067773 0.00549188
 1.02251e-16 2.84971e-05 0.000167242 0.000794968 0.00306063 0.00954423 0.0241081 0.049329 0.0817711 0.109825 0.119533 0.105489 0.0756259 0.0443654 0.0219613 0.0104089 0.00664209 0.00703186 0.00934065 0.0125472 0.0161611 0.0198044 0.02309 0.0256491 0.0272008 0.0276121 0.0269214 0.0253158 0.0230739 0.020495 0.017837 0.0152819 0.0129304 0.0108186 0.00894431 0.00729087
 1.02163e-16 3.11683e-05 0.000182929 0.000869554 0.00334782 0.0104399 0.0263703 0.0539573 0.089441 0.120119 0.13072 0.115319 0.0825817 0.048261 0.0235456 0.0105845 0.00599027 0.00576901 0.00746905 0.0100001 0.0128888 0.0158179 0.0184796 0.0205826 0.0219046 0.0223381 0.0219094 0.02076 0.0191025 0.0171643 0.0151408 0.0131687 0.0113229 0.00963038 0.0080917 0.00669897
 1.02321e-16 2.81624e-05 0.000165275 0.000785614 0.0030246 0.0094319 0.0238243 0.0487486 0.0808096 0.108535 0.118134 0.104264 0.0747711 0.0439101 0.0218212 0.0104839 0.0068748 0.00741102 0.00987842 0.013256 0.0170376 0.0208205 0.0241908 0.026757 0.028227 0.0284723 0.0275515 0.0256844 0.0231871 0.0203927 0.0175827 0.0149488 0.0125874 0.0105196 0.00872303 0.00716011
 1.0546e-16 1.21998e-05 7.1541e-05 0.000339944 0.00130859 0.00408051 0.0103075 0.0210939 0.0349781 0.0470131 0.0512609 0.045457 0.0330662 0.0203616 0.0118737 0.00863281 0.00950797 0.0130848 0.018443 0.0250276 0.0323258 0.0397035 0.0464202 0.0517503 0.0551345 0.056298 0.0552987 0.0524822 0.0483726 0.0435342 0.0384541 0.0334765 0.0287947 0.0244843 0.0205549 0.0169946
pSPR Fmed_Fpbrs
0.634742   0.342927 0.342927
Fs Fmed_Fpbrs
0.304275   1.005 1.005
SSBpbr Bo_Bmed_Bpbrs
1.08438e+06  634080  317643 317643
Ro
44355.9
SPR SPRFo_SPRFmed_SPRFpbrs
910971 578232 312397
log_Ro
10.52
likeval ReclasPelacesDesembMPH_pf_preclas_ppelaces_ptallas_desvR_qrecl_qpela
 69.6819 38.1031 0.00509913 0.00101721 313.595 194.32 77.6496 0 16.4208 4.99559e-05 0 0 0 0 0
q_reclas_q_pelaces
0.367307 1
M
0.7
N
 35465.2 13977.1 5419.9 661.108 0.291338
 48127.3 16139.1 4142.61 1606.38 196.029
 22963.4 21845.7 4712.17 1209.52 526.253
 46170.3 9754.59 4309.78 929.628 342.438
 82985.7 22146.3 3946.49 1743.64 514.65
 54285.6 40979.2 10639.2 1895.91 1084.89
 95141.7 25641.9 15139.8 3930.65 1101.26
 100390 45733.6 10505.6 6202.83 2061.6
 139519 46871 15773.7 3623.43 2850.44
 157845 64939.2 15873.2 5341.88 2192.42
 67408.6 74950.7 24747.3 6049.02 2871.2
 38518.8 30869.1 23055.7 7612.55 2743.96
 44349 17761.8 9892.11 7388.27 3318.78
 22824.6 19532.5 4338.9 2416.48 2615.55
 16853.9 9176.35 2783.04 618.219 716.978
 19757.5 6780.5 1312.74 398.133 191.009
 15409.9 9008.59 2032.97 393.592 176.64
 16604 7194.32 3106.05 700.943 196.609
 17708.8 7896.56 2767.19 1194.7 345.231
 36851.7 8466.68 3133.8 1098.18 611.131
 45217.5 17567.5 3302.48 1222.36 666.726
 55389.6 22065.9 7868.74 1479.22 846.145
 91557.7 26893.3 9592.16 3420.58 1010.85
 100512 44244.3 11368.3 4054.79 1873.25
 25832 48607.7 18786.4 4827.06 2517.08
pred_Ctot
 2143.12 4173.62 1618.41 197.41 0.0869949
 2989.53 4929.61 1265.34 490.661 59.8761
 2409.25 9973.25 2151.25 552.185 240.251
 1133.54 1315.2 581.084 125.341 46.1707
 333.611 519.944 92.6544 40.9366 12.0828
 1910.63 7674.45 1992.48 355.061 203.176
 2194.36 3262.28 1926.15 500.075 140.107
 4332.56 10258.5 2356.51 1391.35 462.436
 6314.72 10958 3687.74 847.123 666.404
 4984.52 11029.1 2695.87 907.254 372.356
 3790.37 21081.6 6960.74 1701.42 807.591
 1986.91 8073.96 6030.32 1991.1 717.696
 3631.99 6756.31 3762.81 2810.39 1262.41
 3163.56 10732.3 2384.05 1327.75 1437.14
 2329.16 5032.81 1526.37 339.065 393.23
 1168.22 1988.61 385.005 116.766 56.0198
 665.649 2022.3 456.372 88.3558 39.6531
 506.304 1183.67 511.032 115.325 32.3477
 474.982 1155.32 404.858 174.792 50.5095
 1063.27 1324.51 490.244 171.796 95.604
 563.115 1245.69 234.173 86.6753 47.2765
 887.97 1992.72 710.606 133.585 76.4133
 1772.45 2903.73 1035.69 369.328 109.144
 1892.61 4653.94 1195.8 426.514 197.042
 509.576 5342.11 2064.67 530.506 276.634
F
 0.0873063 0.516094 0.516094 0.516094 0.516094
 0.0898446 0.531098 0.531098 0.531098 0.531098
 0.156162 0.923119 0.923119 0.923119 0.923119
 0.0346643 0.204911 0.204911 0.204911 0.204911
 0.00560383 0.0331259 0.0331259 0.0331259 0.0331259
 0.0500297 0.29574 0.29574 0.29574 0.29574
 0.0325341 0.192319 0.192319 0.192319 0.192319
 0.0616597 0.364488 0.364488 0.364488 0.364488
 0.0647518 0.382767 0.382767 0.382767 0.382767
 0.0447846 0.264735 0.264735 0.264735 0.264735
 0.0810175 0.478918 0.478918 0.478918 0.478918
 0.0740986 0.438019 0.438019 0.438019 0.438019
 0.120012 0.709426 0.709426 0.709426 0.709426
 0.211211 1.24853 1.24853 1.24853 1.24853
 0.210531 1.24451 1.24451 1.24451 1.24451
 0.0853543 0.504555 0.504555 0.504555 0.504555
 0.0617166 0.364825 0.364825 0.364825 0.364825
 0.0432152 0.255458 0.255458 0.255458 0.255458
 0.0379242 0.224181 0.224181 0.224181 0.224181
 0.0408482 0.241466 0.241466 0.241466 0.241466
 0.0174505 0.103155 0.103155 0.103155 0.103155
 0.0225142 0.133088 0.133088 0.133088 0.133088
 0.0272439 0.161047 0.161047 0.161047 0.161047
 0.0264905 0.156593 0.156593 0.156593 0.156593
 0.0277678 0.164144 0.164144 0.164144 0.164144
nmprior
 10.6 11 7 0
nm_flota  nm_reclas  nm_pelaces    nm_pelaL
inf 16.508 19.9737 49.0451
cv_recla  cv_pelaces  cv_mph
0.755066 0.699926 1.03477
 ------------------------------------------------
Talla a la edad & desviación 
 7.2 14.2025 17.0495 18.207 18.6776
 1.08 2.13037 2.55742 2.73105 2.80164
