years
 1997 1998 1999 2000 2001 2002 2003 2004 2005 2006 2007 2008 2009 2010 2011 2012 2013 2014 2015 2016 2017 2018 2019 2020 2021
reclasobs
 0 0 0 370054 412103 1.49427e+06 250295 1.28982e+06 931140 785840 897777 1.04006e+06 184774 17550 25797 100020 73551 82996 120727 218422 84188 347160 605670 569463 516374
reclaspred
 439176 131476 460762 331575 429830 505813 1.06913e+06 664932 675626 549059 416265 279074 171633 86117.1 66108 69846.4 88601.7 123364 131405 185716 262147 239329 420307 543407 611685
pelacesobs
 0 0 0 0 0 0 0 0 0 2.06254e+06 1.5e+06 0 1.87456e+06 323000 250000 174000 83755 137374 0 501740 490994 745055 786931 1.00524e+06 1.33801e+06
pelacespred
 1.78519e+06 488346 1.00054e+06 1.10769e+06 1.21227e+06 1.21629e+06 2.77773e+06 2.28071e+06 1.99149e+06 1.6584e+06 1.13885e+06 782212 480909 209994 157055 173201 226833 314940 348254 476355 738496 663066 916609 1.40557e+06 1.63521e+06
mphobs
 0 0 0 0 0 112323 0 153150 637223 0 255016 313432 73983 77613 109348 50772 0 0 0 0 0 0 0 0 0
mphpred
 156141 110854 148630 208761 196661 275502 414323 466866 374087 341735 286781 199256 124036 67194.8 36571.2 33362.1 40407.2 56514.2 71016.1 81791.5 119296 137932 174105 252016 340493
desembarqueobs
 350755 77701 442110 56441 14545 235359 269955 359681 431902 328805 639364 411747 362871 311530 167758 66681 60226 58785 57116 73181 50977 67692 138656 160484 209506
desembarquepred
 350765 77704.5 442151 56442.5 14545.1 235389 269978 359715 431980 328875 639810 412127 363396 312176 167882 66699.3 60244.4 58789.4 57116 73184.5 50978.4 67690.6 138660 160490 209509
Reclutas
 91661.7 115586 75723.3 108753 177248 132371 193631 158930 167108 144955 70800.6 42300.4 43371.9 26114.6 21918.8 29799.5 26135.4 29940.3 34241.6 59520.4 74447.3 97469.7 160575 196818 88011.6
log_desv_Rt
 0.18586 0.417768 -0.00515854 0.356834 0.845303 0.553363 0.933708 0.736217 0.786397 0.644177 -0.072377 -0.587448 -0.562434 -1.06975 -1.2449 -0.937754 -1.06895 -0.933041 -0.798803 -0.245926 -0.0221535 0.247297 0.746515 0.950036 0.145224
SSB
 1.10079e+06 781518 1.04784e+06 1.47176e+06 1.38646e+06 1.94228e+06 2.92097e+06 3.2914e+06 2.63731e+06 2.40923e+06 2.0218e+06 1.40475e+06 874449 473722 257826 235202 284870 398424 500662 576629 841035 972418 1.22744e+06 1.77671e+06 2.40047e+06
BT
 3.77533e+06 1.08087e+06 2.18934e+06 2.2157e+06 2.37037e+06 2.55457e+06 5.59027e+06 4.85295e+06 4.27486e+06 3.55127e+06 2.80908e+06 1.90872e+06 1.29653e+06 713247 451170 393012 491611 660107 727323 987311 1.47938e+06 1.35428e+06 1.87977e+06 2.86777e+06 3.35316e+06
Ftot
 0.261491 0.185743 0.245107 0.0444692 0.00992524 0.106419 0.0665576 0.137705 0.164364 0.147264 0.33733 0.315845 0.486872 0.815582 0.676386 0.262342 0.190524 0.127482 0.108005 0.111775 0.053589 0.0717816 0.0845679 0.080109 0.0777591
BD_Bspro_t
 0.968486 0.849117 0.83363 0.764068 0.837267 0.905363 0.886206 0.886825 0.843696 0.803124 0.757326 0.618563 0.510621 0.401811 0.290923 0.318967 0.449061 0.617575 0.716852 0.78325 0.850672 0.895643 0.899615 0.903517 0.905796
BD_Bspro
 0.704177 0.499937 0.670303 0.941486 0.886917 1.24248 1.86854 2.10551 1.68709 1.54118 1.29335 0.898621 0.559385 0.30304 0.164931 0.150459 0.182232 0.254872 0.320273 0.368869 0.53801 0.622056 0.785191 1.13656 1.53558
BD_Bo
 0.610429 0.43338 0.581064 0.816145 0.76884 1.07706 1.61978 1.8252 1.46248 1.336 1.12116 0.778986 0.484913 0.262696 0.142974 0.130428 0.157971 0.22094 0.277635 0.319761 0.466384 0.539241 0.680657 0.98525 1.33114
BD_Brms
 1.10987 0.787963 1.05648 1.4839 1.39789 1.9583 2.94506 3.31854 2.65906 2.42909 2.03848 1.41634 0.88166 0.477629 0.259952 0.237142 0.28722 0.40171 0.504791 0.581384 0.84797 0.980437 1.23756 1.79136 2.42026
S_f
 0.211897 1 1 1 1
 0.211897 1 1 1 1
 0.211897 1 1 1 1
 0.211897 1 1 1 1
 0.211897 1 1 1 1
 0.211897 1 1 1 1
 0.211897 1 1 1 1
 0.211897 1 1 1 1
 0.211897 1 1 1 1
 0.211897 1 1 1 1
 0.211897 1 1 1 1
 0.211897 1 1 1 1
 0.211897 1 1 1 1
 0.211897 1 1 1 1
 0.211897 1 1 1 1
 0.211897 1 1 1 1
 0.211897 1 1 1 1
 0.211897 1 1 1 1
 0.211897 1 1 1 1
 0.211897 1 1 1 1
 0.211897 1 1 1 1
 0.211897 1 1 1 1
 0.211897 1 1 1 1
 0.211897 1 1 1 1
 0.211897 1 1 1 1
Scru_reclas
 1 1 1 1 1
 1 1 1 1 1
 1 1 1 1 1
 1 1 1 1 1
 1 1 1 1 1
 1 1 1 1 1
 1 1 1 1 1
 1 1 1 1 1
 1 1 1 1 1
 1 1 1 1 1
 1 1 1 1 1
 1 1 1 1 1
 1 1 1 1 1
 1 1 1 1 1
 1 1 1 1 1
 1 1 1 1 1
 1 1 1 1 1
 1 1 1 1 1
 1 1 1 1 1
 1 1 1 1 1
 1 1 1 1 1
 1 1 1 1 1
 1 1 1 1 1
 1 1 1 1 1
 1 1 1 1 1
Scru_pelaces
 1 1 1 1 1
 1 1 1 1 1
 1 1 1 1 1
 1 1 1 1 1
 1 1 1 1 1
 1 1 1 1 1
 1 1 1 1 1
 1 1 1 1 1
 1 1 1 1 1
 1 1 1 1 1
 1 1 1 1 1
 1 1 1 1 1
 1 1 1 1 1
 1 1 1 1 1
 1 1 1 1 1
 1 1 1 1 1
 1 1 1 1 1
 1 1 1 1 1
 1 1 1 1 1
 1 1 1 1 1
 1 1 1 1 1
 1 1 1 1 1
 1 1 1 1 1
 1 1 1 1 1
 1 1 1 1 1
pf_obs 
 0.256992 0.487395 0.22802 0.0275931 0
 0.321318 0.546541 0.124235 0.00734118 0.000564706
 0.182869 0.594174 0.210203 0.0122559 0.00049798
 0.330522 0.361315 0.267642 0.0388342 0.00168674
 0.649043 0.306663 0.0425973 0.00169635 0
 0.582887 0.30429 0.105238 0.00758474 0
 0.465427 0.430635 0.0974691 0.00646863 0
 0.296916 0.608066 0.0921331 0.00288517 0
 0.311714 0.524322 0.152257 0.0117073 0
 0.15457 0.633149 0.183074 0.0267441 0.00246327
 0.131901 0.49318 0.331252 0.0422183 0.00144891
 0.196976 0.569456 0.194076 0.0375587 0.00193317
 0.518974 0.381816 0.0799577 0.0180837 0.00116848
 0.0928022 0.601141 0.25162 0.0475244 0.00691264
 0.122501 0.610282 0.24278 0.0234846 0.000952079
 0.383417 0.481906 0.127806 0.00687128 0
 0.0376549 0.599619 0.316969 0.0457579 0
 0.0361596 0.667082 0.258105 0.0386534 0
 0.158088 0.579412 0.248529 0.0139706 0
 0.0477256 0.309471 0.559284 0.082774 0.000745712
 0.0406174 0.521527 0.379366 0.0568643 0.0016247
 0.151134 0.462217 0.34131 0.0453401 0
 0.294876 0.26143 0.354403 0.0886775 0.000613685
 0.281977 0.475581 0.204845 0.0348837 0.00271318
 0.0354234 0.537034 0.353287 0.0723622 0.0018943
pf_pred 
 0.39486 0.427193 0.159148 0.0187891 9.30257e-06
 0.319822 0.527797 0.107572 0.0400752 0.00473366
 0.182561 0.577794 0.185957 0.0379005 0.0157874
 0.261646 0.399133 0.239773 0.0771686 0.0222794
 0.30752 0.436525 0.138362 0.0831186 0.0344741
 0.183389 0.553607 0.165793 0.0525499 0.0446619
 0.255858 0.391647 0.238968 0.0715655 0.0419621
 0.188957 0.507406 0.159806 0.0975075 0.0463234
 0.208467 0.426599 0.228311 0.0719058 0.0647177
 0.18742 0.464946 0.187359 0.100272 0.0600039
 0.114597 0.475924 0.234297 0.0944146 0.0807669
 0.112373 0.369023 0.278761 0.137234 0.102608
 0.183067 0.333284 0.201073 0.151891 0.130685
 0.173628 0.470471 0.145197 0.0875983 0.123106
 0.2389 0.451134 0.17647 0.0544621 0.0790336
 0.328925 0.449553 0.131305 0.0513626 0.0388546
 0.233724 0.553588 0.142479 0.0416152 0.0285931
 0.245076 0.460883 0.212427 0.0546734 0.0269409
 0.243489 0.467918 0.176186 0.0812067 0.0311995
 0.326404 0.413874 0.160644 0.0604876 0.0385909
 0.282204 0.506875 0.129595 0.0503019 0.0310241
 0.275096 0.474924 0.176525 0.0451328 0.0283227
 0.322914 0.439405 0.155718 0.0578789 0.0240845
 0.277118 0.50623 0.140599 0.049826 0.0262264
 0.115049 0.577084 0.215598 0.0598796 0.0323898
pobs_RECLAS
 0 0 0 0 0
 0 0 0 0 0
 0 0 0 0 0
 0 0 0 0 0
 0.835266 0.146461 0.0176864 0.000547809 3.91292e-05
 0.385257 0.428462 0.181853 0.0044286 0
 0.867414 0.0963971 0.0333333 0.00285562 0
 0.441836 0.489002 0.0689373 0.000224442 0
 0.779404 0.147425 0.0564933 0.0165055 0.000172143
 0.814271 0.122319 0.05973 0.00367925 0
 0.40263 0.566651 0.0304383 0.000280538 0
 0.475488 0.404961 0.113038 0.00651328 0
 0.955842 0.0263864 0.0167828 0.000988607 0
 0.975058 0.0227948 0.00214734 0 0
 0.738997 0.206755 0.0527124 0.00153531 0
 0.850938 0.134255 0.0134407 0.00136685 0
 0.542534 0.407297 0.0501686 0 0
 0.764087 0.199537 0.0359546 0.000420521 0
 0.470689 0.182191 0.310203 0.0369168 0
 0.84361 0.089868 0.0606195 0.00523954 0.000663233
 0.607945 0.314616 0.071237 0.00620181 0
 0.523733 0.453247 0.0230204 0 0
 0.530135 0.295979 0.169645 0.0042399 0
 0.562478 0.366248 0.0663022 0.0049721 0
 0.250443 0.683176 0.0655157 0.000865301 0
ppred_RECLAS
 0.757549 0.171156 0.0637631 0.00752793 3.72711e-06
 0.691441 0.239432 0.0487994 0.0181799 0.00214739
 0.516509 0.341748 0.109988 0.0224171 0.00933777
 0.626288 0.202018 0.121359 0.0390582 0.0112765
 0.677077 0.203564 0.0645219 0.0387606 0.0160763
 0.515842 0.328226 0.0982965 0.0311562 0.0264794
 0.619459 0.200281 0.122204 0.0365974 0.0214587
 0.525444 0.296892 0.0935054 0.0570534 0.0271047
 0.556261 0.239155 0.127993 0.0403109 0.0362812
 0.52307 0.272892 0.109967 0.058853 0.0352183
 0.383857 0.331191 0.163045 0.0657022 0.0562049
 0.378287 0.258472 0.195251 0.0961218 0.0718692
 0.521794 0.195093 0.117702 0.0889123 0.076499
 0.513477 0.276988 0.0854839 0.0515732 0.0724781
 0.608545 0.232031 0.0907636 0.0280114 0.0406492
 0.701242 0.200138 0.058456 0.0228663 0.0172978
 0.592509 0.294388 0.0757679 0.0221302 0.0152053
 0.6066 0.240171 0.110698 0.0284909 0.0140392
 0.604294 0.244753 0.0921573 0.0424766 0.0163194
 0.696934 0.186211 0.0722775 0.0272148 0.0173629
 0.650367 0.246895 0.0631246 0.0245016 0.0151116
 0.642494 0.234221 0.087058 0.0222585 0.0139681
 0.693254 0.199067 0.0705461 0.0262214 0.0109112
 0.644913 0.248665 0.0690639 0.024475 0.0128827
 0.381133 0.403568 0.150772 0.0418752 0.022651
pobs_PELACES
 0 0 0 0 0
 0 0 0 0 0
 0 0 0 0 0
 0 0 0 0 0
 0 0 0 0 0
 0 0 0 0 0
 0 0 0 0 0
 0 0 0 0 0
 0 0 0 0 0
 0 0 0 0 0
 0.450072 0.473896 0.0757376 0.000293798 0
 0 0 0 0 0
 0.463077 0.371075 0.160297 0.00555027 0
 0.529543 0.364841 0.0842815 0.0213345 0
 0.631943 0.363953 0.00410389 0 0
 0.735681 0.248677 0.0153453 0.000297389 0
 0.695825 0.281241 0.0229344 0 0
 0.275771 0.60734 0.115278 0.00161068 0
 0 0 0 0 0
 0.896147 0.0623911 0.0374545 0.00400742 0
 0.803859 0.145111 0.0509908 3.86294e-05 0
 0.739449 0.233085 0.0266225 0.000797448 4.60066e-05
 0.878498 0.100942 0.0204185 0.000141795 0
 0.694673 0.275183 0.0284847 0.00165964 0
 0.469039 0.446079 0.0841089 0.000773354 0
ppred_PELACES
 0.76982 0.162494 0.0605359 0.00714692 3.53847e-06
 0.701651 0.231509 0.0471847 0.0175783 0.00207634
 0.532406 0.330512 0.106372 0.02168 0.00903075
 0.628991 0.200557 0.120482 0.0387757 0.011195
 0.677641 0.203209 0.0644092 0.0386928 0.0160482
 0.522751 0.323542 0.0968938 0.0307116 0.0261016
 0.62353 0.198138 0.120896 0.0362058 0.0212291
 0.534365 0.291311 0.0917476 0.0559809 0.0265951
 0.566785 0.233482 0.124957 0.0393548 0.0354207
 0.532615 0.267431 0.107766 0.0576752 0.0345134
 0.404806 0.31993 0.157501 0.0634682 0.0542939
 0.39779 0.250363 0.189126 0.0931065 0.0696147
 0.55326 0.182256 0.109957 0.0830618 0.0714652
 0.566118 0.247018 0.0762346 0.045993 0.064636
 0.649561 0.207719 0.0812535 0.0250764 0.03639
 0.715337 0.190696 0.0556981 0.0217875 0.0164817
 0.604415 0.285786 0.0735541 0.0214836 0.014761
 0.614484 0.235358 0.10848 0.02792 0.0137579
 0.61099 0.240611 0.0905977 0.0417578 0.0160433
 0.703038 0.18246 0.0708216 0.0266666 0.0170132
 0.65353 0.244662 0.0625536 0.02428 0.0149749
 0.646771 0.231419 0.0860166 0.0219922 0.013801
 0.697911 0.196045 0.069475 0.0258233 0.0107456
 0.64967 0.245334 0.0681387 0.0241472 0.0127101
 0.385915 0.40045 0.149607 0.0415517 0.022476
pobs_pel_tallas
 0 0 0 0 0 0 0 0 0 0 0 0 0 0 0 0 0 0 0 0 0 0 0 0 0 0 0 0 0 0 0 0 0 0 0 0
 0 0 0 0 0 0 0 0 0 0 0 0 0 0 0 0 0 0 0 0 0 0 0 0 0 0 0 0 0 0 0 0 0 0 0 0
 0 0 0 0 0 0 0 0 0 0 0 0 0 0 0 0 0 0 0 0 0 0 0 0 0 0 0 0 0 0 0 0 0 0 0 0
 0 0 0 0 0 0 0 0 0 0 0 0 0 0 0 0 0 0 0 0 0 0 0 0 0 0 0 0 0 0 0 0 0 0 0 0
 0 0 0 0 0 0 0 0 0 0 0 0 0 0 0 0 0 0 0 0 0 0 0 0 0 0 0 0 0 0 0 0 0 0 0 0
 0 0 0 0 0 0 0 0 0 0 0 0 0 0 0 0 0 0 0 0 0 0 0 0 0 0 0 0 0 0 0 0 0 0 0 0
 0 0 0 0 0 0 0 0 0 0 0 0 0 0 0 0 0 0 0 0 0 0 0 0 0 0 0 0 0 0 0 0 0 0 0 0
 0 0 0 0 0 0 0 0 0 0 0 0 0 0 0 0 0 0 0 0 0 0 0 0 0 0 0 0 0 0 0 0 0 0 0 0
 0 0 0 0 0 0 0 0 0 0 0 0 0 0 0 0 0 0 0 0 0 0 0 0 0 0 0 0 0 0 0 0 0 0 0 0
 0 0 0 0 0 0 0 0 0 0 0 0 0 0 0 0 0 0 0 0 0 0 0 0 0 0 0 0 0 0 0 0 0 0 0 0
 0 0 0 0 0 0 0 0 1.78061e-05 0.00172719 0.00360574 0.0105946 0.0120993 0.0124554 0.0147524 0.0171206 0.0266825 0.0428682 0.0675386 0.121331 0.153587 0.119568 0.100827 0.0573624 0.0630603 0.0341343 0.0324427 0.0444173 0.0211091 0.0280891 0.0125444 0.00206551 0 0 0 0
 0 0 0 0 0 0 0 0 0 0 0 0 0 0 0 0 0 0 0 0 0 0 0 0 0 0 0 0 0 0 0 0 0 0 0 0
 0 0 0 0 0 0 0.0133647 0.0140871 0.0187388 0.0205184 0.03894 0.0496705 0.03968 0.0493445 0.0407372 0.0367815 0.0215668 0.0243155 0.0234873 0.0199281 0.019796 0.0243948 0.0301388 0.0376714 0.0412746 0.0863199 0.0771752 0.113111 0.0741005 0.0525337 0.0229764 0.00759418 0.00175318 0 0 0
 0 0 0 0 0 0 0 0 0 0 0.00219441 0.00772107 0.0458388 0.0604681 0.0671733 0.0775358 0.0609151 0.0617685 0.073594 0.0568108 0.0755445 0.0548602 0.0670107 0.0636378 0.0643287 0.046367 0.0373049 0.0286899 0.0247887 0.0153202 0.00654259 0.00121912 0.000365735 0 0 0
 0 0 0 0 0 0 0 0 0 0 0 0 0.000112435 0.00938835 0.0111873 0.0202946 0.0414886 0.0713402 0.111592 0.104902 0.108894 0.110636 0.117776 0.105296 0.107544 0.0401394 0.0192827 0.0124803 0.00416011 0.0028671 0.000618394 0 0 0 0 0
 0 0 0 0 0 0 0 0 0 0 0.00291406 0.0102884 0.027416 0.0768956 0.0749926 0.110853 0.0956884 0.0897413 0.0766577 0.0534642 0.0500743 0.0551293 0.0594112 0.0620874 0.0668451 0.0424026 0.0208742 0.0120726 0.0048766 0.00582813 0.00118941 0.000297354 0 0 0 0
 0 0.00264628 0.0354308 0.0461629 0.0458689 0.0383711 0.0214643 0.0164657 0.0346957 0.0420465 0.0363128 0.0245516 0.0311673 0.0291091 0.0169068 0.0133784 0.00837989 0.0085269 0.0148486 0.0160247 0.0276389 0.0546898 0.0760071 0.122758 0.109233 0.0665981 0.0333725 0.0166128 0.00676272 0.00308733 0.000882094 0 0 0 0 0
 0 0 0 0 0 0 0 0.000805153 0.000690131 0.00759144 0.0133425 0.0154129 0.00931677 0.000345066 0.00356568 0.00563607 0.00851162 0.0253048 0.0502646 0.0516448 0.0657925 0.0565908 0.0611916 0.0827007 0.0866115 0.110766 0.145733 0.0935128 0.0569358 0.0249597 0.0138026 0.00621118 0.00161031 0.00115022 0 0
 0 0 0 0 0 0 0 0 0 0 0 0 0 0 0 0 0 0 0 0 0 0 0 0 0 0 0 0 0 0 0 0 0 0 0 0
 0.00147267 0.00158595 0.00478618 0.00569244 0.00954404 0.0108468 0.00647125 0.017049 0.0510054 0.094081 0.124002 0.0959785 0.0687766 0.0820023 0.061753 0.0591476 0.0492212 0.0479892 0.0443925 0.0268479 0.0217502 0.0140895 0.0121071 0.0120363 0.00920419 0.00665534 0.0049561 0.00860946 0.00930331 0.0156896 0.0114698 0.00855282 0.00243557 0.00046729 0 2.83206e-05
 0 0 0 0 0.000772559 0.00158375 0.000888443 0.00281984 0.00712685 0.0440552 0.0773331 0.111326 0.0921469 0.0852325 0.0710754 0.0886704 0.0786465 0.0553345 0.0373146 0.0185414 0.00753245 0.00457741 0.012979 0.0271748 0.0457355 0.0583668 0.034881 0.0177882 0.00938659 0.00492506 0.0015258 0.00185414 0.000309023 5.79419e-05 3.86279e-05 0
 0 0.00173294 0.00326652 0 0.00397197 0.00683976 0.00946217 0.0152591 0.00757587 0.0136028 0.0228656 0.0392903 0.0559909 0.0764795 0.0681675 0.0726916 0.0566044 0.0477403 0.0527397 0.0444891 0.0609904 0.0582453 0.0661739 0.0445044 0.0529084 0.0360697 0.0280645 0.0235558 0.0158879 0.00826598 0.00280645 0.00217768 0.000904811 0.00058276 9.20147e-05 0
 0 0 0 0 0 0 0 0 0 0 0 0 0 0 0 0 0 0 0 0 0 0 0 0 0 0 0 0 0 0 0 0 0 0 0 0
 0 0 0 0 0 0 0 0 0 0 0 0 0 0 0 0 0 0 0 0 0 0 0 0 0 0 0 0 0 0 0 0 0 0 0 0
 0 0 0 0 0 0 0 0 0 0 0 0 0 0 0 0 0 0 0 0 0 0 0 0 0 0 0 0 0 0 0 0 0 0 0 0
ppred_pel_tallas
 1.01159e-16 3.35871e-05 0.000197132 0.000937082 0.00360783 0.0112507 0.0284183 0.0581475 0.0963855 0.129442 0.140855 0.124236 0.0889146 0.0518554 0.0250998 0.0109439 0.00571647 0.00509719 0.00643793 0.00857387 0.0110246 0.0134958 0.0157145 0.0174251 0.0184342 0.0186499 0.0180993 0.0169131 0.0152862 0.0134293 0.0115258 0.00970763 0.00805005 0.00658242 0.0053054 0.00420689
 1.01447e-16 3.06174e-05 0.000179691 0.000854151 0.0032885 0.0102548 0.025903 0.0530016 0.0878581 0.117997 0.128421 0.113316 0.0812013 0.047563 0.0234069 0.0108619 0.00661672 0.00675678 0.00886738 0.0118499 0.0151884 0.0185007 0.0214061 0.0235491 0.0246686 0.0246565 0.0235789 0.0216517 0.0191798 0.0164825 0.0138297 0.0114039 0.00929501 0.00751811 0.00604254 0.00482001
 1.02785e-16 2.32416e-05 0.000136379 0.000648222 0.00249558 0.00778215 0.0196573 0.0402232 0.0666809 0.0895701 0.0975215 0.0861435 0.0619317 0.0366837 0.0188137 0.0100121 0.00784269 0.00939308 0.0128468 0.0173208 0.0222959 0.0272824 0.0317474 0.0351794 0.0371916 0.037606 0.0364861 0.0341046 0.030862 0.0271859 0.0234433 0.0198914 0.016669 0.0138206 0.0113337 0.00917403
 1.03632e-16 2.74479e-05 0.000161086 0.000765707 0.00294797 0.00919294 0.0232207 0.0475132 0.0787603 0.105779 0.115125 0.101586 0.0728019 0.0426565 0.02102 0.00980762 0.00606217 0.0062908 0.00835149 0.0112876 0.0146677 0.0181782 0.0214977 0.0243098 0.0263587 0.0274972 0.0277085 0.0270913 0.0258186 0.0240862 0.0220699 0.0199022 0.0176714 0.0154345 0.0132352 0.0111157
 1.0306e-16 2.95693e-05 0.00017354 0.000824916 0.00317594 0.00990386 0.0250164 0.0511873 0.0848502 0.113956 0.124019 0.109423 0.0783923 0.0458791 0.0225076 0.010329 0.00614235 0.00616893 0.00808654 0.0108545 0.0140055 0.0172096 0.0201393 0.0224838 0.0240058 0.0245914 0.0242684 0.0231865 0.0215681 0.0196486 0.0176258 0.0156328 0.0137372 0.0119583 0.010291 0.00872758
 1.03756e-16 2.28203e-05 0.000133906 0.000636467 0.00245033 0.00764102 0.0193008 0.0394937 0.0654716 0.0879457 0.0957528 0.0845809 0.0608079 0.0360172 0.0184704 0.00982768 0.00769731 0.00922098 0.0126173 0.0170226 0.0219318 0.02687 0.0313209 0.0347885 0.0368981 0.0374771 0.0365861 0.0344855 0.0315567 0.0282026 0.0247644 0.0214742 0.0184508 0.0157249 0.0132783 0.0110785
 1.04017e-16 2.72097e-05 0.000159688 0.00075906 0.00292238 0.00911314 0.0230191 0.0471007 0.0780766 0.104861 0.114125 0.100704 0.0721697 0.0422859 0.0208372 0.00972235 0.00601035 0.0062395 0.00828774 0.0112087 0.0145771 0.0180853 0.0214171 0.0242614 0.0263652 0.0275821 0.0278923 0.0273885 0.0262355 0.0246198 0.0227077 0.0206235 0.0184498 0.0162402 0.0140379 0.0118874
 1.04564e-16 2.33254e-05 0.000136875 0.000650587 0.0025047 0.0078106 0.0197291 0.0403698 0.0669228 0.0898916 0.0978623 0.0864225 0.0620845 0.0366784 0.0186349 0.00963488 0.00721797 0.00845299 0.0115218 0.0155621 0.0200988 0.024705 0.0289208 0.0323024 0.0345104 0.0353814 0.0349548 0.033444 0.0311658 0.0284549 0.0255917 0.0227643 0.0200667 0.0175246 0.0151301 0.0128725
 1.04858e-16 2.47368e-05 0.000145166 0.000690015 0.00265653 0.00828409 0.0209251 0.0428164 0.0709763 0.0953298 0.103765 0.0915946 0.0657107 0.0386414 0.0193024 0.00944544 0.00643241 0.00713676 0.0096353 0.0130514 0.0169561 0.0210028 0.0248237 0.0280562 0.0304101 0.0317233 0.0319853 0.0313185 0.0299282 0.0280413 0.025855 0.0235107 0.0210948 0.0186555 0.0162272 0.0138474
 1.05212e-16 2.32481e-05 0.000136423 0.000648444 0.00249646 0.0077849 0.0196642 0.0402368 0.0667017 0.0895927 0.0975321 0.0861195 0.061842 0.0364854 0.0184459 0.00939082 0.00686159 0.00793431 0.0108022 0.0146218 0.0189469 0.0233887 0.027528 0.030956 0.0333529 0.0345524 0.0345677 0.0335654 0.031806 0.0295677 0.0270856 0.0245194 0.0219544 0.0194242 0.0169416 0.0145225
 1.07058e-16 1.76773e-05 0.000103713 0.000492923 0.00189765 0.00591751 0.0149474 0.0305863 0.0507076 0.0681212 0.0741883 0.0655797 0.0472506 0.0281956 0.0148465 0.00853137 0.0074449 0.00941669 0.0130956 0.0178152 0.0231525 0.028673 0.0338819 0.0382882 0.0414993 0.0432995 0.0436806 0.0428145 0.0409841 0.0384976 0.0356188 0.0325313 0.0293407 0.0261013 0.0228496 0.0196304
 1.09219e-16 1.73685e-05 0.000101906 0.000484349 0.00186466 0.00581466 0.0146875 0.0300541 0.0498235 0.0669284 0.0728759 0.0643877 0.0463224 0.0275036 0.0142315 0.00778985 0.00638656 0.00788286 0.0109668 0.0150293 0.0197331 0.0247554 0.0297234 0.0342513 0.0380085 0.0407764 0.0424738 0.0431405 0.0428934 0.0418733 0.0402042 0.0379778 0.0352631 0.032128 0.0286615 0.0249834
 1.07814e-16 2.41448e-05 0.000141696 0.000673528 0.00259307 0.0080862 0.0204252 0.0417931 0.0692789 0.0930461 0.10127 0.0893679 0.0640616 0.037568 0.018575 0.00877608 0.00558169 0.00593402 0.00796578 0.0108538 0.0142368 0.0178558 0.0214406 0.0247191 0.0274623 0.0295239 0.0308564 0.0314959 0.0315279 0.0310464 0.0301239 0.0288023 0.027103 0.0250471 0.0226769 0.0200663
 1.05764e-16 2.47081e-05 0.000144997 0.000689208 0.00265342 0.00827439 0.0209006 0.0427663 0.0708937 0.0952197 0.103648 0.0914964 0.0656521 0.0386304 0.0193395 0.00953182 0.00657375 0.00734088 0.00990614 0.0133822 0.0173239 0.0213661 0.0251249 0.0282307 0.0303996 0.0314916 0.0315323 0.0306872 0.0292021 0.0273322 0.0252833 0.0231835 0.0210863 0.0189958 0.0168991 0.0147933
 1.03784e-16 2.83451e-05 0.000166352 0.000790744 0.00304437 0.00949356 0.02398 0.0490668 0.0813357 0.109237 0.118887 0.104904 0.0751741 0.0440348 0.0216763 0.0100727 0.00616448 0.00633739 0.00837062 0.0112668 0.0145719 0.0179566 0.021089 0.0236507 0.0253951 0.0261978 0.0260759 0.0251684 0.0236882 0.0218619 0.0198811 0.0178755 0.0159129 0.0140169 0.0121903 0.010436
 1.02372e-16 3.12125e-05 0.000183188 0.000870787 0.00335257 0.0104547 0.0264076 0.0540338 0.0895678 0.12029 0.130906 0.115484 0.0827017 0.048335 0.0235886 0.0106149 0.00602171 0.00580869 0.00751905 0.0100582 0.0129485 0.0158683 0.0185062 0.0205698 0.0218384 0.0222106 0.0217214 0.0205231 0.0188384 0.0169018 0.0149114 0.0130006 0.0112368 0.00963625 0.00818747 0.00687219
 1.02566e-16 2.63797e-05 0.000154807 0.000735837 0.00283294 0.0088342 0.0223147 0.0456599 0.0756909 0.101664 0.110667 0.0977017 0.0701246 0.0413017 0.0207487 0.0103412 0.00726921 0.00819281 0.0110408 0.0148394 0.0190738 0.0233045 0.0270695 0.0299304 0.0315601 0.031815 0.030762 0.0286489 0.0258317 0.0226854 0.0195272 0.0165727 0.0139306 0.0116241 0.00962705 0.00789576
 1.03219e-16 2.68168e-05 0.000157377 0.000748068 0.00288005 0.00898111 0.0226857 0.0464187 0.0769472 0.103347 0.112487 0.09928 0.0711955 0.0418083 0.0207746 0.00998115 0.00655341 0.00708743 0.0094867 0.0127952 0.0165505 0.0203886 0.0239306 0.0268087 0.0287356 0.0295619 0.0293003 0.0281058 0.0262219 0.0239151 0.0214181 0.0188986 0.0164567 0.0141402 0.0119694 0.00995636
 1.03549e-16 2.66646e-05 0.000156483 0.000743818 0.00286368 0.00893008 0.0225568 0.046155 0.0765103 0.102761 0.11185 0.0987209 0.0708012 0.0415902 0.0206908 0.00998124 0.00660484 0.00717753 0.00961328 0.0129574 0.0167435 0.0206013 0.024146 0.0270068 0.0288974 0.0296749 0.0293632 0.0281302 0.0262319 0.0239423 0.0214955 0.0190537 0.0167051 0.0144834 0.0123945 0.0104392
 1.02777e-16 3.06759e-05 0.000180039 0.000855815 0.00329492 0.0102749 0.0259536 0.0531047 0.0880276 0.118221 0.128654 0.113496 0.081275 0.0474951 0.0231681 0.0104091 0.00588503 0.0056667 0.00734421 0.00984902 0.0127214 0.0156559 0.0183562 0.0205403 0.0219908 0.0225985 0.0223807 0.0214636 0.0200402 0.0183174 0.0164719 0.014626 0.0128467 0.0111595 0.00956905 0.00807659
 1.02502e-16 2.85196e-05 0.000167374 0.000795592 0.00306302 0.00955172 0.024127 0.0493678 0.0818355 0.109912 0.119629 0.105576 0.075695 0.0444186 0.0220108 0.0104699 0.00672844 0.00715393 0.00950407 0.0127508 0.0163947 0.020047 0.0233111 0.0258124 0.027271 0.0275632 0.0267437 0.0250207 0.0226937 0.0200775 0.0174374 0.0149522 0.0127108 0.0107313 0.00899157 0.00745717
 1.02698e-16 2.82244e-05 0.000165642 0.00078736 0.00303133 0.00945289 0.0238773 0.0488569 0.0809884 0.108773 0.118388 0.104477 0.074897 0.0439312 0.0217344 0.0102821 0.00653705 0.00690567 0.00917401 0.0123347 0.0159085 0.0195285 0.0228198 0.0254234 0.0270645 0.0276099 0.0270906 0.02568 0.0236396 0.0212494 0.0187508 0.0163129 0.0140292 0.0119344 0.0100299 0.00830656
 1.0244e-16 3.04529e-05 0.000178728 0.000849582 0.00327092 0.0102 0.0257645 0.0527179 0.087387 0.117362 0.127722 0.112682 0.08071 0.0472006 0.0230907 0.0104863 0.006084 0.00598668 0.00780062 0.010457 0.0134838 0.0165554 0.0193523 0.0215713 0.0229805 0.0234679 0.0230599 0.0219029 0.0202165 0.0182353 0.0161601 0.0141303 0.0122216 0.0104605 0.00884688 0.00737318
 1.02471e-16 2.83513e-05 0.000166386 0.000790894 0.00304494 0.00949531 0.0239845 0.0490763 0.0813524 0.109263 0.118923 0.104955 0.0752532 0.0441662 0.0218986 0.0104384 0.00673763 0.00718695 0.00955827 0.0128297 0.0165037 0.0201913 0.0234946 0.0260367 0.0275348 0.0278616 0.0270684 0.0253601 0.023034 0.0204039 0.0177355 0.01521 0.0129197 0.0108873 0.00909532 0.00751351
 1.04733e-16 1.68568e-05 9.88883e-05 0.000469971 0.00180925 0.00564182 0.0142511 0.0291623 0.0483495 0.0649617 0.0707693 0.0626094 0.0452235 0.0272123 0.0147411 0.00911477 0.00864838 0.011294 0.0157551 0.0213444 0.0275583 0.0338397 0.0395538 0.0440819 0.0469482 0.0479209 0.0470522 0.0446405 0.0411352 0.0370191 0.0327077 0.0284924 0.0245348 0.0208952 0.0175777 0.0145686
pSPR Fmed_Fpbrs
0.787221   0.6 0.325
Fs Fmed_Fpbrs
0.141163   0.339773 1.02776
SSBpbr Bo_Bmed_Bpbrs
1.80331e+06  1.32944e+06  991821 495910
Ro
76115
SPR SPRFo_SPRFmed_SPRFpbrs
1.56323e+06 1.23061e+06 508051
log_Ro
11.06
likeval ReclasPelacesDesembMPH_pf_preclas_ppelaces_ptallas_desvR_qrecl_qpela
 64.7527 24.5308 0.0428049 0.000210691 322.853 206.303 79.2974 0 17.0819 0.000135114 3.47739e-07 2.62308e-15 0 0 0
q_reclas_q_pelaces
0.192598 0.919527
M
0.7
N
 91661.7 22957.3 8552.58 1009.72 0.499918
 115586 43064.4 8777.08 3269.84 386.231
 75723.3 55182.9 17760.1 3619.74 1507.79
 108753 35699.9 21446.2 6902.23 1992.75
 177248 53498.6 16957 10186.6 4225
 132371 87833.7 26304.2 8337.42 7085.93
 193631 64267.8 39213.7 11743.6 6885.82
 158930 94807.6 29859.4 18219.1 8655.43
 167108 76652.5 41023.5 12920.2 11628.7
 144955 80143.1 32295.2 17284 10342.9
 70800.6 69770.9 34348.2 13841.3 11840.5
 42300.4 32733.2 24726.8 12173 9101.61
 43371.9 19645.9 11852.6 8953.48 7703.45
 26114.6 19426.6 5995.43 3617.09 5083.27
 21918.8 10909.9 4267.65 1317.08 1911.3
 29799.5 9431.16 2754.64 1077.54 815.131
 26135.4 13997.8 3602.68 1052.27 722.993
 29940.3 12464.9 5745.27 1478.69 728.638
 34241.6 14471.6 5449.03 2511.54 964.928
 59520.4 16619.1 6450.68 2428.89 1549.62
 74447.3 28865.1 7380.05 2864.55 1766.73
 97469.7 36552 13586.1 3473.6 2179.83
 160575 47671.4 16893.9 6279.33 2612.95
 196818 78322.9 21753.3 7708.98 4057.7
 88011.6 96092 35899.8 9970.74 5393.33
pred_Ctot
 3564.62 3856.51 1436.72 169.62 0.0839795
 3215.44 5306.39 1081.51 402.91 47.5914
 2764.48 8749.41 2815.91 573.919 239.065
 733.915 1119.57 672.563 216.458 62.4937
 267.837 380.196 120.507 72.3928 30.0256
 2125.41 6416.11 1921.48 609.036 517.616
 1951.73 2987.56 1822.89 545.916 320.095
 3292.47 8841.26 2784.53 1699.01 807.159
 4121.86 8434.83 4514.22 1421.74 1279.62
 3208.54 7959.66 3207.5 1716.61 1027.24
 3527.04 14647.9 7211.17 2905.88 2485.83
 1976.97 6492.16 4904.21 2414.34 1805.18
 3075.77 5599.63 3378.3 2551.99 2195.7
 3010.54 8157.52 2517.57 1518.87 2134.54
 2122.29 4007.69 1567.69 483.819 702.102
 1162.55 1588.89 464.081 181.535 137.327
 745.435 1765.6 454.42 132.726 91.194
 574.758 1080.87 498.191 128.222 63.1826
 557.913 1072.15 403.699 186.071 71.4881
 1003.29 1272.15 493.781 185.924 118.619
 604.923 1086.52 277.794 107.825 66.502
 1059.06 1828.35 679.583 173.751 109.036
 2053.06 2793.69 990.037 367.988 153.127
 2384.77 4356.41 1209.94 428.783 225.694
 1035.35 5193.28 1940.2 538.867 291.482
F
 0.0554093 0.261491 0.261491 0.261491 0.261491
 0.0393585 0.185743 0.185743 0.185743 0.185743
 0.0519376 0.245107 0.245107 0.245107 0.245107
 0.00942291 0.0444692 0.0444692 0.0444692 0.0444692
 0.00210313 0.00992524 0.00992524 0.00992524 0.00992524
 0.0225498 0.106419 0.106419 0.106419 0.106419
 0.0141034 0.0665576 0.0665576 0.0665576 0.0665576
 0.0291794 0.137705 0.137705 0.137705 0.137705
 0.0348284 0.164364 0.164364 0.164364 0.164364
 0.0312048 0.147264 0.147264 0.147264 0.147264
 0.0714794 0.33733 0.33733 0.33733 0.33733
 0.0669267 0.315845 0.315845 0.315845 0.315845
 0.103167 0.486872 0.486872 0.486872 0.486872
 0.17282 0.815582 0.815582 0.815582 0.815582
 0.143324 0.676386 0.676386 0.676386 0.676386
 0.0555895 0.262342 0.262342 0.262342 0.262342
 0.0403716 0.190524 0.190524 0.190524 0.190524
 0.0270132 0.127482 0.127482 0.127482 0.127482
 0.022886 0.108005 0.108005 0.108005 0.108005
 0.0236848 0.111775 0.111775 0.111775 0.111775
 0.0113554 0.053589 0.053589 0.053589 0.053589
 0.0152103 0.0717816 0.0717816 0.0717816 0.0717816
 0.0179197 0.0845679 0.0845679 0.0845679 0.0845679
 0.0169749 0.080109 0.080109 0.080109 0.080109
 0.0164769 0.0777591 0.0777591 0.0777591 0.0777591
nmprior
 10.6 11 7 0
nm_flota  nm_reclas  nm_pelaces    nm_pelaL
inf 11.6417 21.1962 52.9828
cv_recla  cv_pelaces  cv_mph
0.72787 0.561602 0.470935
 ------------------------------------------------
Talla a la edad & desviación 
 7.2 14.2025 17.0495 18.207 18.6776
 1.08 2.13037 2.55742 2.73105 2.80164
