years
 1997 1998 1999 2000 2001 2002 2003 2004 2005 2006 2007 2008 2009 2010 2011 2012 2013 2014 2015 2016 2017
reclasobs
 0 0 0 370054 412103 1.49427e+06 250295 1.28982e+06 931140 785840 897777 1.04006e+06 184774 17550 25797 100020 73551 82996 120727 218422 84188
reclaspred
 1.13205e+06 232601 588595 312161 400305 515476 1.0719e+06 831681 1.07834e+06 1.20532e+06 1.13294e+06 774287 448910 206446 136497 133894 158904 221463 236418 283839 360157
pelacesobs
 0 0 0 0 0 0 0 0 0 2.06254e+06 1.5e+06 0 1.87456e+06 323000 250000 174000 83755 137374 0 501740 490994
pelacespred
 656257 231492 201452 217903 238673 236593 549856 533066 616852 716310 586921 415340 238104 88102 57782.1 64721.6 80466.7 113300 127713 147533 203755
mphobs
 0 0 0 0 0 112323 0 153150 637223 0 255016 313432 73983 77613 109348 50772 0 0 0 0 0
mphpred
 800065 429390 373396 338118 297467 459572 641713 862468 850118 1.04542e+06 1.14037e+06 817255 499070 266239 126599 111304 124989 169969 208930 223273 292086
desembarqueobs
 350755 77701 442110 56441 14545 235359 269955 359681 431902 328805 639364 411747 362871 311530 167758 66681 60226 58785 57116 73181 50977
desembarquepred
 350759 77700.4 442115 56442.9 14545.1 235416 269975 359606 431829 328740 639323 411852 362928 311691 167707 66687.6 60243.2 58784.5 57109.4 73170.8 50977.4
Reclutas
 41515.6 43953.8 22374.8 25750.8 52473.3 39898 79887 86109.9 129971 139627 72288.5 40529.2 46874.2 28527.2 19972.6 17036.9 14381.4 15694.8 15580.7 23866.9 22795.3
log_desv_Rt
 0.124647 0.181717 -0.493485 -0.352956 0.358883 0.0849053 0.779192 0.854203 1.26589 1.33755 0.679243 0.100601 0.246047 -0.250565 -0.607059 -0.766037 -0.935486 -0.848095 -0.855392 -0.42893 -0.474869
SSB
 800065 429390 373396 338118 297467 459572 641713 862468 850118 1.04542e+06 1.14037e+06 817255 499070 266239 126599 111304 124989 169969 208930 223273 292086
BT
 2.06864e+06 574156 752591 520853 576469 654615 1.68873e+06 1.61948e+06 1.97901e+06 1.9825e+06 1.82005e+06 1.23598e+06 887855 486878 287215 202079 237861 305605 314223 392375 496328
Ftot
 0.298147 0.321038 0.697572 0.1754 0.0355427 0.434348 0.243549 0.413258 0.383905 0.26331 0.532368 0.502712 0.748817 1.31074 1.10451 0.473379 0.363469 0.256244 0.23339 0.248991 0.137629
BD_Bspro_t
 0.95759 0.755721 0.63618 0.429954 0.528481 0.692595 0.626412 0.662297 0.624318 0.621342 0.612871 0.457874 0.347224 0.249329 0.150624 0.158241 0.228964 0.361823 0.469813 0.547472 0.635856
BD_Bspro
 1.0567 0.567126 0.493171 0.446577 0.392886 0.60699 0.847557 1.13912 1.12281 1.38077 1.50617 1.07941 0.659157 0.351641 0.167209 0.147007 0.165083 0.22449 0.275949 0.294893 0.385779
BD_Bo
 0.827124 0.443912 0.386025 0.349553 0.307527 0.475115 0.663417 0.891637 0.87887 1.08078 1.17894 0.844896 0.515949 0.275244 0.130881 0.115068 0.129217 0.175717 0.215996 0.230825 0.301965
BD_Brms
 3.9594 2.12498 1.84788 1.67329 1.47212 2.27435 3.17574 4.26822 4.2071 5.17364 5.64351 4.04447 2.46982 1.31758 0.62652 0.550824 0.618553 0.841149 1.03396 1.10494 1.44549
S_f
 0.5 1 1 1 1
 0.5 1 1 1 1
 0.5 1 1 1 1
 0.5 1 1 1 1
 0.5 1 1 1 1
 0.5 1 1 1 1
 0.5 1 1 1 1
 0.5 1 1 1 1
 0.5 1 1 1 1
 0.5 1 1 1 1
 0.5 1 1 1 1
 0.5 1 1 1 1
 0.5 1 1 1 1
 0.5 1 1 1 1
 0.5 1 1 1 1
 0.5 1 1 1 1
 0.5 1 1 1 1
 0.5 1 1 1 1
 0.5 1 1 1 1
 0.5 1 1 1 1
 0.5 1 1 1 1
Scru_reclas
 0.5 1 1 1 1
 0.5 1 1 1 1
 0.5 1 1 1 1
 0.5 1 1 1 1
 0.5 1 1 1 1
 0.5 1 1 1 1
 0.5 1 1 1 1
 0.5 1 1 1 1
 0.5 1 1 1 1
 0.5 1 1 1 1
 0.5 1 1 1 1
 0.5 1 1 1 1
 0.5 1 1 1 1
 0.5 1 1 1 1
 0.5 1 1 1 1
 0.5 1 1 1 1
 0.5 1 1 1 1
 0.5 1 1 1 1
 0.5 1 1 1 1
 0.5 1 1 1 1
 0.5 1 1 1 1
Scru_pelaces
 0.5 1 1 1 1
 0.5 1 1 1 1
 0.5 1 1 1 1
 0.5 1 1 1 1
 0.5 1 1 1 1
 0.5 1 1 1 1
 0.5 1 1 1 1
 0.5 1 1 1 1
 0.5 1 1 1 1
 0.5 1 1 1 1
 0.5 1 1 1 1
 0.5 1 1 1 1
 0.5 1 1 1 1
 0.5 1 1 1 1
 0.5 1 1 1 1
 0.5 1 1 1 1
 0.5 1 1 1 1
 0.5 1 1 1 1
 0.5 1 1 1 1
 0.5 1 1 1 1
 0.5 1 1 1 1
pf_obs 
 0.256992 0.487395 0.22802 0.0275931 0
 0.321318 0.546541 0.124235 0.00734118 0.000564706
 0.182869 0.594174 0.210203 0.0122559 0.00049798
 0.330522 0.361315 0.267642 0.0388342 0.00168674
 0.649043 0.306663 0.0425973 0.00169635 0
 0.582887 0.30429 0.105238 0.00758474 0
 0.465427 0.430635 0.0974691 0.00646863 0
 0.296916 0.608066 0.0921331 0.00288517 0
 0.311714 0.524322 0.152257 0.0117073 0
 0.15457 0.633149 0.183074 0.0267441 0.00246327
 0.131901 0.49318 0.331252 0.0422183 0.00144891
 0.196976 0.569456 0.194076 0.0375587 0.00193317
 0.518974 0.381816 0.0799577 0.0180837 0.00116848
 0.0928022 0.601141 0.25162 0.0475244 0.00691264
 0.122501 0.610282 0.24278 0.0234846 0.000952079
 0.383417 0.481906 0.127806 0.00687128 0
 0.0376549 0.599619 0.316969 0.0457579 0
 0.0361596 0.667082 0.258105 0.0386534 0
 0.158088 0.579412 0.248529 0.0139706 0
 0.0477256 0.309471 0.559284 0.082774 0.000745712
 0.0406174 0.521527 0.379366 0.0568643 0.0016247
pf_pred 
 0.444087 0.390957 0.147372 0.0175795 4.83564e-06
 0.456851 0.344985 0.139363 0.0525331 0.00626821
 0.309791 0.447652 0.154062 0.0622359 0.0262592
 0.472564 0.277041 0.1624 0.0558908 0.0321044
 0.595884 0.26397 0.0736129 0.0431515 0.0233813
 0.38972 0.456888 0.100196 0.0279415 0.0252541
 0.609641 0.231022 0.119288 0.0261601 0.0138888
 0.507143 0.379532 0.0670678 0.0346305 0.0116266
 0.585979 0.289366 0.0959931 0.0169631 0.0116996
 0.512995 0.370067 0.0817298 0.0271127 0.00809563
 0.315325 0.475426 0.159005 0.0351165 0.0151279
 0.297652 0.364301 0.234733 0.0785061 0.0248073
 0.46271 0.266288 0.140566 0.0905723 0.0398637
 0.436317 0.385197 0.0884596 0.0466955 0.0433302
 0.539679 0.322721 0.0940306 0.0215939 0.0219762
 0.558194 0.339224 0.0719182 0.0209547 0.00970958
 0.46368 0.398909 0.105506 0.0223681 0.00953725
 0.477915 0.343365 0.13293 0.035158 0.0106319
 0.44205 0.37011 0.123539 0.0478264 0.0164747
 0.534751 0.292547 0.114561 0.038239 0.0199032
 0.444029 0.39569 0.100784 0.0394667 0.0200303
pobs_RECLAS
 0 0 0 0 0
 0 0 0 0 0
 0 0 0 0 0
 0 0 0 0 0
 0.835266 0.146461 0.0176864 0.000547809 3.91292e-05
 0.385257 0.428462 0.181853 0.0044286 0
 0.867414 0.0963971 0.0333333 0.00285562 0
 0.441836 0.489002 0.0689373 0.000224442 0
 0.779404 0.147425 0.0564933 0.0165055 0.000172143
 0.814271 0.122319 0.05973 0.00367925 0
 0.40263 0.566651 0.0304383 0.000280538 0
 0.475488 0.404961 0.113038 0.00651328 0
 0.955842 0.0263864 0.0167828 0.000988607 0
 0.975058 0.0227948 0.00214734 0 0
 0.738997 0.206755 0.0527124 0.00153531 0
 0.850938 0.134255 0.0134407 0.00136685 0
 0.542534 0.407297 0.0501686 0 0
 0.764087 0.199537 0.0359546 0.000420521 0
 0.470689 0.182191 0.310203 0.0369168 0
 0.84361 0.089868 0.0606195 0.00523954 0.000663233
 0.607945 0.314616 0.071237 0.00620181 0
ppred_RECLAS
 0.446882 0.388991 0.146631 0.0174911 4.81134e-06
 0.459929 0.34303 0.138573 0.0522353 0.00623268
 0.317255 0.442811 0.152396 0.0615629 0.0259752
 0.474062 0.276254 0.161939 0.055732 0.0320132
 0.596141 0.263802 0.0735661 0.0431241 0.0233665
 0.394068 0.453633 0.0994822 0.0277424 0.0250742
 0.611743 0.229778 0.118646 0.0260192 0.013814
 0.511416 0.376241 0.0664863 0.0343303 0.0115258
 0.589746 0.286733 0.0951196 0.0168088 0.0115931
 0.515422 0.368222 0.0813225 0.0269776 0.00805528
 0.320507 0.471827 0.157802 0.0348507 0.0150133
 0.302299 0.361891 0.23318 0.0779867 0.0246432
 0.472253 0.261558 0.13807 0.0889636 0.0391556
 0.457999 0.370381 0.0850571 0.0448994 0.0416636
 0.556438 0.310971 0.0906071 0.0208077 0.0211761
 0.563226 0.33536 0.0710991 0.020716 0.00959899
 0.467287 0.396226 0.104796 0.0222176 0.00947309
 0.480261 0.341822 0.132332 0.0350001 0.0105841
 0.444124 0.368735 0.123079 0.0476487 0.0164134
 0.537009 0.291126 0.114004 0.0380534 0.0198066
 0.445154 0.394889 0.10058 0.0393868 0.0199898
pobs_PELACES
 0 0 0 0 0
 0 0 0 0 0
 0 0 0 0 0
 0 0 0 0 0
 0 0 0 0 0
 0 0 0 0 0
 0 0 0 0 0
 0 0 0 0 0
 0 0 0 0 0
 0 0 0 0 0
 0.450072 0.473896 0.0757376 0.000293798 0
 0 0 0 0 0
 0.463077 0.371075 0.160297 0.00555027 0
 0.529543 0.364841 0.0842815 0.0213345 0
 0.631943 0.363953 0.00410389 0 0
 0.735681 0.248677 0.0153453 0.000297389 0
 0.695825 0.281241 0.0229344 0 0
 0.275771 0.60734 0.115278 0.00161068 0
 0 0 0 0 0
 0.896147 0.0623911 0.0374545 0.00400742 0
 0.803859 0.145111 0.0509908 3.86294e-05 0
ppred_PELACES
 0.459071 0.380419 0.1434 0.0171056 4.70531e-06
 0.473112 0.334657 0.13519 0.0509603 0.00608054
 0.342693 0.426313 0.146718 0.0592692 0.0250074
 0.481283 0.272461 0.159715 0.0549669 0.0315737
 0.597552 0.262881 0.0733091 0.0429734 0.0232848
 0.411304 0.440729 0.0966524 0.0269533 0.0243609
 0.621244 0.224155 0.115743 0.0253825 0.013476
 0.528434 0.363136 0.0641705 0.0331345 0.0111243
 0.60498 0.276085 0.0915875 0.0161846 0.0111626
 0.526264 0.359984 0.0795029 0.026374 0.00787505
 0.339931 0.458339 0.153291 0.0338545 0.0145842
 0.320075 0.352671 0.227239 0.0759998 0.0240153
 0.503113 0.246263 0.129996 0.0837614 0.036866
 0.511965 0.333503 0.076588 0.0404288 0.0375152
 0.600839 0.279842 0.0815372 0.0187248 0.0190563
 0.582336 0.320687 0.0679882 0.0198096 0.009179
 0.482241 0.385103 0.101854 0.021594 0.00920717
 0.490822 0.334877 0.129643 0.0342889 0.0103691
 0.45365 0.362415 0.12097 0.0468321 0.0161321
 0.547207 0.284714 0.111493 0.0372152 0.0193703
 0.45077 0.390892 0.0995619 0.0389882 0.0197874
pobs_pel_tallas
 0 0 0 0 0 0 0 0 0 0 0 0 0 0 0 0 0 0 0 0 0 0 0 0 0 0 0 0 0 0 0 0 0 0 0 0
 0 0 0 0 0 0 0 0 0 0 0 0 0 0 0 0 0 0 0 0 0 0 0 0 0 0 0 0 0 0 0 0 0 0 0 0
 0 0 0 0 0 0 0 0 0 0 0 0 0 0 0 0 0 0 0 0 0 0 0 0 0 0 0 0 0 0 0 0 0 0 0 0
 0 0 0 0 0 0 0 0 0 0 0 0 0 0 0 0 0 0 0 0 0 0 0 0 0 0 0 0 0 0 0 0 0 0 0 0
 0 0 0 0 0 0 0 0 0 0 0 0 0 0 0 0 0 0 0 0 0 0 0 0 0 0 0 0 0 0 0 0 0 0 0 0
 0 0 0 0 0 0 0 0 0 0 0 0 0 0 0 0 0 0 0 0 0 0 0 0 0 0 0 0 0 0 0 0 0 0 0 0
 0 0 0 0 0 0 0 0 0 0 0 0 0 0 0 0 0 0 0 0 0 0 0 0 0 0 0 0 0 0 0 0 0 0 0 0
 0 0 0 0 0 0 0 0 0 0 0 0 0 0 0 0 0 0 0 0 0 0 0 0 0 0 0 0 0 0 0 0 0 0 0 0
 0 0 0 0 0 0 0 0 0 0 0 0 0 0 0 0 0 0 0 0 0 0 0 0 0 0 0 0 0 0 0 0 0 0 0 0
 0 0 0 0 0 0 0 0 0 0 0 0 0 0 0 0 0 0 0 0 0 0 0 0 0 0 0 0 0 0 0 0 0 0 0 0
 0 0 0 0 0 0 0 0 1.78061e-05 0.00172719 0.00360574 0.0105946 0.0120993 0.0124554 0.0147524 0.0171206 0.0266825 0.0428682 0.0675386 0.121331 0.153587 0.119568 0.100827 0.0573624 0.0630603 0.0341343 0.0324427 0.0444173 0.0211091 0.0280891 0.0125444 0.00206551 0 0 0 0
 0 0 0 0 0 0 0 0 0 0 0 0 0 0 0 0 0 0 0 0 0 0 0 0 0 0 0 0 0 0 0 0 0 0 0 0
 0 0 0 0 0 0 0.0133647 0.0140871 0.0187388 0.0205184 0.03894 0.0496705 0.03968 0.0493445 0.0407372 0.0367815 0.0215668 0.0243155 0.0234873 0.0199281 0.019796 0.0243948 0.0301388 0.0376714 0.0412746 0.0863199 0.0771752 0.113111 0.0741005 0.0525337 0.0229764 0.00759418 0.00175318 0 0 0
 0 0 0 0 0 0 0 0 0 0 0.00219441 0.00772107 0.0458388 0.0604681 0.0671733 0.0775358 0.0609151 0.0617685 0.073594 0.0568108 0.0755445 0.0548602 0.0670107 0.0636378 0.0643287 0.046367 0.0373049 0.0286899 0.0247887 0.0153202 0.00654259 0.00121912 0.000365735 0 0 0
 0 0 0 0 0 0 0 0 0 0 0 0 0.000112435 0.00938835 0.0111873 0.0202946 0.0414886 0.0713402 0.111592 0.104902 0.108894 0.110636 0.117776 0.105296 0.107544 0.0401394 0.0192827 0.0124803 0.00416011 0.0028671 0.000618394 0 0 0 0 0
 0 0 0 0 0 0 0 0 0 0 0.00291406 0.0102884 0.027416 0.0768956 0.0749926 0.110853 0.0956884 0.0897413 0.0766577 0.0534642 0.0500743 0.0551293 0.0594112 0.0620874 0.0668451 0.0424026 0.0208742 0.0120726 0.0048766 0.00582813 0.00118941 0.000297354 0 0 0 0
 0 0.00264628 0.0354308 0.0461629 0.0458689 0.0383711 0.0214643 0.0164657 0.0346957 0.0420465 0.0363128 0.0245516 0.0311673 0.0291091 0.0169068 0.0133784 0.00837989 0.0085269 0.0148486 0.0160247 0.0276389 0.0546898 0.0760071 0.122758 0.109233 0.0665981 0.0333725 0.0166128 0.00676272 0.00308733 0.000882094 0 0 0 0 0
 0 0 0 0 0 0 0 0.000805153 0.000690131 0.00759144 0.0133425 0.0154129 0.00931677 0.000345066 0.00356568 0.00563607 0.00851162 0.0253048 0.0502646 0.0516448 0.0657925 0.0565908 0.0611916 0.0827007 0.0866115 0.110766 0.145733 0.0935128 0.0569358 0.0249597 0.0138026 0.00621118 0.00161031 0.00115022 0 0
 0 0 0 0 0 0 0 0 0 0 0 0 0 0 0 0 0 0 0 0 0 0 0 0 0 0 0 0 0 0 0 0 0 0 0 0
 0.00147267 0.00158595 0.00478618 0.00569244 0.00954404 0.0108468 0.00647125 0.017049 0.0510054 0.094081 0.124002 0.0959785 0.0687766 0.0820023 0.061753 0.0591476 0.0492212 0.0479892 0.0443925 0.0268479 0.0217502 0.0140895 0.0121071 0.0120363 0.00920419 0.00665534 0.0049561 0.00860946 0.00930331 0.0156896 0.0114698 0.00855282 0.00243557 0.00046729 0 2.83206e-05
 0 0 0 0 0.000772559 0.00158375 0.000888443 0.00281984 0.00712685 0.0440552 0.0773331 0.111326 0.0921469 0.0852325 0.0710754 0.0886704 0.0786465 0.0553345 0.0373146 0.0185414 0.00753245 0.00457741 0.012979 0.0271748 0.0457355 0.0583668 0.034881 0.0177882 0.00938659 0.00492506 0.0015258 0.00185414 0.000309023 5.79419e-05 3.86279e-05 0
ppred_pel_tallas
 1.02748e-16 2.0046e-05 0.000117613 0.000558996 0.00215202 0.00671076 0.0169511 0.0346865 0.0575054 0.077254 0.0841361 0.0743767 0.0535963 0.0319963 0.0168705 0.0097229 0.00849938 0.010724 0.0148395 0.0200522 0.025834 0.0316364 0.0368462 0.0408692 0.0432516 0.0437778 0.0425097 0.0397511 0.0359572 0.0316193 0.0271663 0.0229063 0.0190161 0.0155655 0.0125575 0.00996533
 1.04064e-16 2.06564e-05 0.000121201 0.000576062 0.00221775 0.00691572 0.0174688 0.0357454 0.0592591 0.079605 0.0866832 0.0765966 0.055127 0.0327721 0.0170279 0.00942065 0.00781081 0.00963306 0.0132865 0.0179835 0.0232397 0.028576 0.0334599 0.0373719 0.0399092 0.0408699 0.0402863 0.0383947 0.0355579 0.0321686 0.0285672 0.024996 0.0215945 0.0184224 0.0154961 0.0128185
 1.05427e-16 1.49732e-05 8.78273e-05 0.000417381 0.00160675 0.00501034 0.0126561 0.0258989 0.0429413 0.0577019 0.062878 0.0556696 0.0403015 0.0244319 0.0135642 0.00889053 0.0089486 0.0119453 0.0167355 0.0226857 0.0292905 0.0359656 0.0420392 0.0468565 0.0499157 0.0509748 0.0500935 0.0475915 0.0439467 0.0396687 0.0351921 0.0308169 0.0267037 0.0229064 0.0194215 0.0162304
 1.0572e-16 2.10101e-05 0.000123284 0.000585975 0.00225594 0.00703484 0.0177696 0.0363604 0.0602768 0.0809664 0.0881505 0.0778575 0.0559567 0.0331098 0.0169194 0.00891224 0.00688885 0.00822778 0.0113105 0.0153766 0.0200086 0.024823 0.0293939 0.0332963 0.0361852 0.0378618 0.0383019 0.0376347 0.0360874 0.0339148 0.0313423 0.028536 0.0256032 0.0226123 0.0196174 0.0166773
 1.03691e-16 2.60794e-05 0.000153046 0.000727473 0.00280075 0.0087338 0.022061 0.0451408 0.0748299 0.100506 0.109402 0.0965752 0.0692944 0.0407695 0.0204017 0.0100388 0.00689688 0.00767222 0.0103221 0.0138985 0.0179176 0.0219788 0.0256631 0.0285701 0.0303972 0.0310041 0.030437 0.0289014 0.0266972 0.0241398 0.0214923 0.0189305 0.0165397 0.0143382 0.0123099 0.0104325
 1.0358e-16 1.79654e-05 0.000105393 0.000500889 0.00192828 0.006013 0.0151888 0.031081 0.0515308 0.0692365 0.0754274 0.0667333 0.0482081 0.0290192 0.0157376 0.00975266 0.00926384 0.0120785 0.0167977 0.0226643 0.0291105 0.0355095 0.0411575 0.0453818 0.047685 0.0478568 0.0460157 0.0425616 0.0380614 0.0331088 0.0282034 0.0236811 0.0197055 0.0163022 0.013415 0.0109591
 1.03218e-16 2.71111e-05 0.000159106 0.00075629 0.00291171 0.00907985 0.0229351 0.0469289 0.0777925 0.104481 0.113718 0.100359 0.0719532 0.0422206 0.0209191 0.00995064 0.00640384 0.00683424 0.00912337 0.0123118 0.0159456 0.0196763 0.0231423 0.0259916 0.0279456 0.0288546 0.0287214 0.027683 0.0259613 0.0238022 0.021423 0.0189836 0.0165835 0.0142764 0.0120917 0.0100515
 1.02688e-16 2.30697e-05 0.000135367 0.000643403 0.00247702 0.00772426 0.0195111 0.0399243 0.0661863 0.0889085 0.0968085 0.085531 0.0615289 0.0365203 0.018867 0.0102589 0.00828746 0.0100657 0.0137831 0.0185397 0.0237807 0.0289678 0.0335172 0.0368763 0.0386402 0.0386434 0.0369941 0.0340328 0.0302375 0.0261058 0.0220539 0.0183592 0.0151519 0.0124454 0.0101837 0.00828624
 1.02468e-16 2.6404e-05 0.00015495 0.000736521 0.00283558 0.00884242 0.0223354 0.0457023 0.0757609 0.101758 0.110767 0.097785 0.0701743 0.0413108 0.0207164 0.0102654 0.007143 0.0080057 0.0107832 0.0145082 0.0186768 0.0228639 0.0266219 0.029523 0.0312433 0.0316325 0.0307415 0.0287951 0.0261249 0.0230848 0.0199793 0.0170213 0.0143263 0.011932 0.00982969 0.00799273
 1.02521e-16 2.2975e-05 0.000134811 0.000640761 0.00246685 0.00769253 0.019431 0.0397603 0.0659145 0.0885433 0.0964108 0.0851794 0.0612757 0.0363693 0.0187882 0.0102154 0.00825318 0.0100277 0.0137379 0.0184904 0.0237355 0.0289398 0.0335232 0.0369341 0.038765 0.0388435 0.0372675 0.0343652 0.0306035 0.0264724 0.0223855 0.018624 0.0153271 0.0125202 0.0101603 0.00817814
 1.04171e-16 1.48541e-05 8.71252e-05 0.000414036 0.00159386 0.00497013 0.0125546 0.0256915 0.0425983 0.0572441 0.0623872 0.0552543 0.0400425 0.024358 0.013672 0.00918148 0.00944887 0.0127028 0.0178033 0.0241014 0.0310565 0.0380333 0.0443019 0.0491539 0.0520508 0.0527416 0.0513078 0.0481194 0.0437229 0.0387026 0.0335607 0.0286493 0.0241601 0.0201571 0.0166283 0.0135335
 1.07075e-16 1.39841e-05 8.2027e-05 0.000389819 0.00150066 0.00467951 0.0118204 0.0241884 0.0401042 0.0538866 0.0587127 0.0519634 0.0375787 0.0227031 0.0124669 0.00797448 0.00785588 0.0104432 0.0146912 0.0200547 0.0261299 0.0324526 0.0384755 0.0436439 0.0475021 0.0497806 0.0504337 0.0496148 0.0476068 0.044734 0.0412895 0.0374973 0.0335118 0.0294404 0.0253734 0.021404
 1.06527e-16 2.19609e-05 0.000128868 0.00061253 0.00235819 0.00735371 0.018575 0.0380081 0.0630071 0.0846301 0.0921296 0.0813488 0.0584155 0.0344629 0.0174231 0.00887306 0.00649468 0.00753349 0.0102944 0.0139968 0.0182387 0.0226735 0.0269224 0.0306085 0.0334256 0.035196 0.0358945 0.0356279 0.0345839 0.0329694 0.0309601 0.028678 0.0261953 0.0235566 0.0208045 0.017997
 1.04338e-16 2.23503e-05 0.000131147 0.000623345 0.0023998 0.00748346 0.0189029 0.0386795 0.0641223 0.0861346 0.0937847 0.0828512 0.0595835 0.0353303 0.0181886 0.00979054 0.00779996 0.00942114 0.0129083 0.0174076 0.0224093 0.0274271 0.0319324 0.0354205 0.0375146 0.0380488 0.0370981 0.0349425 0.0319823 0.028634 0.0252431 0.022036 0.0191169 0.016497 0.0141385 0.0119936
 1.02783e-16 2.62235e-05 0.00015389 0.000731483 0.00281618 0.00878192 0.0221826 0.0453897 0.0752428 0.101062 0.110011 0.0971207 0.0697037 0.0410462 0.0206066 0.0102483 0.0071777 0.00807503 0.0108835 0.0146394 0.018837 0.0230471 0.0268181 0.0297195 0.0314279 0.0317969 0.0308846 0.0289241 0.026255 0.0232364 0.0201731 0.0172741 0.0146469 0.0123189 0.0102713 0.00846991
 1.0218e-16 2.54183e-05 0.00014916 0.000708984 0.00272954 0.00851172 0.0215001 0.0439937 0.07293 0.0979602 0.106645 0.0941763 0.0676489 0.0399535 0.0202745 0.0104382 0.0077552 0.0090191 0.0122322 0.0164341 0.021084 0.0256939 0.0297446 0.0327448 0.0343327 0.034357 0.0329079 0.0302818 0.0268982 0.023197 0.0195491 0.0162056 0.01329 0.0108227 0.00876203 0.00704253
 1.02744e-16 2.10564e-05 0.000123545 0.000587196 0.0022606 0.00704935 0.0178064 0.0364365 0.0604059 0.081149 0.0883733 0.0781113 0.0562631 0.0335389 0.0175926 0.00999318 0.00857077 0.0107127 0.0147739 0.0199179 0.0255951 0.0312446 0.0362468 0.0400087 0.0420881 0.0422916 0.0407126 0.0376911 0.0337162 0.0293053 0.0248988 0.0208006 0.0171675 0.0140381 0.0113791 0.00912858
 1.03613e-16 2.14286e-05 0.000125735 0.000597615 0.00230073 0.00717452 0.0181225 0.0370829 0.061476 0.0825817 0.0899211 0.0794496 0.0571624 0.0339458 0.0175708 0.00961328 0.00784562 0.00959927 0.0132088 0.0178573 0.0230481 0.0282966 0.0330671 0.0368395 0.0392135 0.0399932 0.0392207 0.0371451 0.034144 0.0306245 0.0269392 0.0233385 0.0199646 0.0168742 0.0140753 0.0115588
 1.04199e-16 1.98088e-05 0.000116223 0.000552389 0.00212659 0.00663145 0.0167508 0.0342765 0.0568252 0.076339 0.0831365 0.0734856 0.052938 0.0315708 0.0165871 0.00946753 0.00817734 0.0102674 0.0142012 0.0192042 0.024772 0.0303884 0.0354773 0.0394811 0.0419741 0.0427538 0.0418766 0.0396217 0.0364042 0.0326666 0.0287868 0.0250262 0.021525 0.0183289 0.0154318 0.0128119
 1.0386e-16 2.38852e-05 0.000140162 0.000666213 0.00256487 0.00799823 0.0202031 0.0413395 0.0685298 0.092049 0.100208 0.0884865 0.0635511 0.0375125 0.0189992 0.00972668 0.00717008 0.00832409 0.0113268 0.0153004 0.0197692 0.0243117 0.0284738 0.0318153 0.0339961 0.0348466 0.0343963 0.0328468 0.0305059 0.0277044 0.024727 0.0217731 0.0189536 0.0163126 0.0138582 0.0115895
 1.03805e-16 1.96843e-05 0.000115489 0.000548897 0.00211314 0.00658949 0.0166448 0.0340599 0.0564669 0.0758603 0.0826217 0.0730462 0.0526555 0.0314703 0.0166578 0.00970007 0.00858489 0.0108828 0.0150613 0.0203309 0.0261559 0.0319765 0.0371698 0.0411381 0.0434345 0.0438614 0.0425078 0.039708 0.0359433 0.0317199 0.0274647 0.0234667 0.0198703 0.0167055 0.0139375 0.01151
pSPR Fmed_Fpbrs
0.546127   0.258902 0.258902
Fs Fmed_Fpbrs
0.344259   1.005 1.005
SSBpbr Bo_Bmed_Bpbrs
967285  479896  202067 202067
Ro
36650.3
SPR SPRFo_SPRFmed_SPRFpbrs
757133 413490 196023
log_Ro
10.3292
likeval ReclasPelacesDesembMPH_pf_preclas_ppelaces_ptallas_desvR_qrecl_qpela
 98.5058 74.3255 0.0037828 0.00070091 280.705 165.412 57.9228 0 13.2871 0 0 0 0 0 0
q_reclas_q_pelaces
1 1
M
0.7
N
 41515.6 19467 7338.13 875.339 0.240783
 43953.8 17760.8 7174.8 2704.55 322.705
 22374.8 18589.9 6397.82 2584.51 1090.48
 25750.8 7839.31 4595.36 1581.52 908.445
 52473.3 11713.8 3266.6 1914.87 1037.56
 39898 25598.5 5613.77 1565.5 1414.93
 79887 15945.1 8233.28 1805.57 958.603
 86109.9 35122.4 6206.54 3204.76 1075.94
 129971 34778.3 11537.2 2038.77 1406.15
 139627 53269 11764.5 3902.73 1165.32
 72288.5 60783.5 20328.9 4489.67 1934.11
 40529.2 27508.1 17724.5 5927.94 1873.18
 46874.2 15653.1 8262.84 5324.07 2343.29
 28527.2 16007.5 3676.09 1940.51 1800.66
 19972.6 7355.78 2143.24 492.19 500.904
 17036.9 5709.36 1210.43 352.681 163.419
 14381.4 6677.18 1766.02 374.41 159.64
 15694.8 5954.82 2305.34 609.729 184.384
 15580.7 6856.55 2288.64 886.018 305.205
 23866.9 6884.93 2696.12 899.935 468.411
 22795.3 10464.6 2665.37 1043.75 529.73
pred_Ctot
 4170.67 3671.69 1384.05 165.098 0.0454142
 4731.31 3572.79 1443.29 544.052 64.9159
 4833.95 6985.12 2403.97 971.124 409.746
 1562.84 916.215 537.081 184.839 106.174
 665.395 294.763 82.2 48.1852 26.1088
 5671.71 6649.23 1458.18 406.641 367.53
 6633.44 2513.72 1297.96 284.645 151.122
 11698.9 8755.16 1547.14 798.868 268.205
 16506.5 8151.19 2704.05 477.837 329.567
 12481.3 9003.82 1988.51 659.66 196.969
 12337 18601 6221.05 1373.93 591.874
 6572.48 8044.18 5183.17 1733.5 547.773
 10756.4 6190.26 3267.68 2105.49 926.692
 10237.1 9037.72 2075.49 1095.6 1016.64
 6290.22 3761.47 1095.97 251.687 256.143
 2617.78 1590.87 337.277 98.2719 45.5353
 1736.8 1494.19 395.193 83.7841 35.7236
 1367.39 982.424 380.333 100.593 30.4196
 1242.51 1040.3 347.24 134.43 46.3066
 2023.7 1107.1 433.54 144.711 75.321
 1094.52 975.361 248.429 97.284 49.374
F
 0.149073 0.298147 0.298147 0.298147 0.298147
 0.160519 0.321038 0.321038 0.321038 0.321038
 0.348786 0.697572 0.697572 0.697572 0.697572
 0.0877002 0.1754 0.1754 0.1754 0.1754
 0.0177713 0.0355427 0.0355427 0.0355427 0.0355427
 0.217174 0.434348 0.434348 0.434348 0.434348
 0.121774 0.243549 0.243549 0.243549 0.243549
 0.206629 0.413258 0.413258 0.413258 0.413258
 0.191953 0.383905 0.383905 0.383905 0.383905
 0.131655 0.26331 0.26331 0.26331 0.26331
 0.266184 0.532368 0.532368 0.532368 0.532368
 0.251356 0.502712 0.502712 0.502712 0.502712
 0.374408 0.748817 0.748817 0.748817 0.748817
 0.65537 1.31074 1.31074 1.31074 1.31074
 0.552255 1.10451 1.10451 1.10451 1.10451
 0.236689 0.473379 0.473379 0.473379 0.473379
 0.181734 0.363469 0.363469 0.363469 0.363469
 0.128122 0.256244 0.256244 0.256244 0.256244
 0.116695 0.23339 0.23339 0.23339 0.23339
 0.124496 0.248991 0.248991 0.248991 0.248991
 0.0688145 0.137629 0.137629 0.137629 0.137629
YTP_r0W_actual
 11492.4 23993.9 8446.57 4338.87 2705.69
YTP_p0W_proyectada
 71731.5 107535 67049.9 22418.2 14356.9
CTP_r0_actual
 1094.52 975.361 248.429 97.284 49.374
CTP_p0_proyectada
 8439 5096.46 2184.04 556.283 312.106
Wmedp
 8.5 21.1 30.7 40.3 46
nmprior
 10.6 11 7 0
nm_flota  nm_reclas  nm_pelaces    nm_pelaL
inf 9.66724 15.8071 15.8071
cv_recla  cv_pelaces  cv_mph
0.992501 1.15666 0.88249
 ------------------------------------------------
Talla a la edad & desviaci?n 
 7.2 14.2025 17.0495 18.207 18.6776
 1.08 2.13037 2.55742 2.73105 2.80164
