years
 1997 1998 1999 2000 2001 2002 2003 2004 2005 2006 2007 2008 2009 2010 2011 2012 2013 2014 2015 2016 2017 2018 2019 2020
reclasobs
 0 0 0 370054 412103 1.49427e+06 250295 1.28982e+06 931140 785840 897777 1.04006e+06 184774 17550 25797 100020 73551 82996 120727 218422 84188 347160 605670 569463
reclaspred
 484601 124943 316763 218236 356019 435320 953080 654216 741076 761393 643877 446642 276767 115531 68989 65761.7 79097.8 106002 113984 155882 235827 222797 383813 457575
pelacesobs
 0 0 0 0 0 0 0 0 0 2.06254e+06 1.5e+06 0 1.87456e+06 323000 250000 174000 83755 137374 0 501740 490994 745055 786931 1.00524e+06
pelacespred
 1.92648e+06 440723 663036 740501 1.0615e+06 1.04976e+06 2.6458e+06 2.16385e+06 2.19724e+06 2.29276e+06 1.69503e+06 1.23192e+06 736680 237188 142429 150792 190966 270614 296188 394026 692276 641302 851851 1.21205e+06
mphobs
 0 0 0 0 0 112323 0 153150 637223 0 255016 313432 73983 77613 109348 50772 0 0 0 0 0 0 0 0
mphpred
 177500 97538.3 108201 105588 123846 210845 300466 369470 317671 339664 355200 250658 157926 82222.7 34986.7 27904.1 31437.9 41533.9 52062.5 59109.9 89302.2 110326 138418 193471
desembarqueobs
 350755 77701 442110 56441 14545 235359 269955 359681 431902 328805 639364 411747 362871 311530 167758 66681 60226 58785 57116 73181 50977 67692 138656 160484
desembarquepred
 350761 77699.5 442090 56444 14545.3 235434 270017 359673 431943 328811 639314 411780 362936 311621 167586 66676.7 60252.3 58778.3 57100.7 73177.4 50979.4 67682.1 138656 160491
Reclutas
 36400.7 44186.6 22877.9 34895.6 62049.2 43690.2 78105.4 76397.8 99700.2 117209 66973.7 46077.2 45809.8 24702.1 14488.7 13443.4 10205.9 11728.7 12598.8 20349 26689.3 34742.7 54569.7 56968.3
log_desv_Rt
 0.0289875 0.22282 -0.43543 -0.0132404 0.562327 0.211522 0.792459 0.770353 1.03657 1.19836 0.638699 0.264717 0.258898 -0.358714 -0.892229 -0.967116 -1.24263 -1.10357 -1.032 -0.552571 -0.281339 -0.0176312 0.433877 0.476893
SSB
 451262 247974 275082 268438 314857 536035 763880 939312 807622 863535 903032 637252 401498 209037 88947.5 70941.2 79925.2 105592 132360 150276 227035 280483 351903 491865
BT
 1.54834e+06 377564 658358 491196 640568 754260 1.81291e+06 1.66316e+06 1.73118e+06 1.67216e+06 1.54647e+06 1.07984e+06 792680 432610 228472 145769 163960 208551 216455 293652 452318 417620 579512 825382
Ftot
 0.949762 0.87004 1.50302 0.319805 0.0552632 0.519397 0.328128 0.649997 0.73501 0.543795 1.01091 0.887473 1.41106 2.77053 3.19419 1.36266 0.998225 0.68266 0.5506 0.579047 0.266698 0.324862 0.386276 0.388497
BD_Bspro_t
 0.911182 0.640245 0.5611 0.380517 0.545769 0.723736 0.67039 0.686862 0.619928 0.590969 0.571277 0.413485 0.310413 0.210807 0.113899 0.112465 0.168417 0.275476 0.377833 0.467118 0.596758 0.705633 0.716557 0.720682
BD_Bspro
 0.620264 0.340843 0.378103 0.368972 0.432775 0.736786 1.04996 1.2911 1.11009 1.18694 1.24123 0.875911 0.551864 0.287323 0.122259 0.0975096 0.109858 0.145138 0.18193 0.206557 0.312062 0.385527 0.483695 0.676074
BD_Bo
 0.515094 0.283051 0.313993 0.30641 0.359395 0.611859 0.871934 1.07218 0.921864 0.985685 1.03077 0.727394 0.458292 0.238606 0.10153 0.0809762 0.091231 0.120529 0.151083 0.171534 0.25915 0.320159 0.401681 0.561441
BD_Brms
 1.43604 0.789121 0.875387 0.854246 1.00196 1.70581 2.43088 2.98915 2.57008 2.74801 2.8737 2.02791 1.27768 0.665212 0.283056 0.225755 0.254344 0.336025 0.421206 0.478222 0.722488 0.892576 1.11985 1.56525
S_f
 0.108154 0.697348 0.977668 0.998799 0.999937
 0.108154 0.697348 0.977668 0.998799 0.999937
 0.108154 0.697348 0.977668 0.998799 0.999937
 0.108154 0.697348 0.977668 0.998799 0.999937
 0.108154 0.697348 0.977668 0.998799 0.999937
 0.108154 0.697348 0.977668 0.998799 0.999937
 0.108154 0.697348 0.977668 0.998799 0.999937
 0.108154 0.697348 0.977668 0.998799 0.999937
 0.108154 0.697348 0.977668 0.998799 0.999937
 0.108154 0.697348 0.977668 0.998799 0.999937
 0.108154 0.697348 0.977668 0.998799 0.999937
 0.108154 0.697348 0.977668 0.998799 0.999937
 0.108154 0.697348 0.977668 0.998799 0.999937
 0.108154 0.697348 0.977668 0.998799 0.999937
 0.108154 0.697348 0.977668 0.998799 0.999937
 0.108154 0.697348 0.977668 0.998799 0.999937
 0.108154 0.697348 0.977668 0.998799 0.999937
 0.108154 0.697348 0.977668 0.998799 0.999937
 0.108154 0.697348 0.977668 0.998799 0.999937
 0.108154 0.697348 0.977668 0.998799 0.999937
 0.108154 0.697348 0.977668 0.998799 0.999937
 0.108154 0.697348 0.977668 0.998799 0.999937
 0.108154 0.697348 0.977668 0.998799 0.999937
 0.108154 0.697348 0.977668 0.998799 0.999937
Scru_reclas
 0.773893 1 1 1 1
 0.773893 1 1 1 1
 0.773893 1 1 1 1
 0.773893 1 1 1 1
 0.773893 1 1 1 1
 0.773893 1 1 1 1
 0.773893 1 1 1 1
 0.773893 1 1 1 1
 0.773893 1 1 1 1
 0.773893 1 1 1 1
 0.773893 1 1 1 1
 0.773893 1 1 1 1
 0.773893 1 1 1 1
 0.773893 1 1 1 1
 0.773893 1 1 1 1
 0.773893 1 1 1 1
 0.773893 1 1 1 1
 0.773893 1 1 1 1
 0.773893 1 1 1 1
 0.773893 1 1 1 1
 0.773893 1 1 1 1
 0.773893 1 1 1 1
 0.773893 1 1 1 1
 0.773893 1 1 1 1
Scru_pelaces
 0.722627 1 1 1 1
 0.722627 1 1 1 1
 0.722627 1 1 1 1
 0.722627 1 1 1 1
 0.722627 1 1 1 1
 0.722627 1 1 1 1
 0.722627 1 1 1 1
 0.722627 1 1 1 1
 0.722627 1 1 1 1
 0.722627 1 1 1 1
 0.722627 1 1 1 1
 0.722627 1 1 1 1
 0.722627 1 1 1 1
 0.722627 1 1 1 1
 0.722627 1 1 1 1
 0.722627 1 1 1 1
 0.722627 1 1 1 1
 0.722627 1 1 1 1
 0.722627 1 1 1 1
 0.722627 1 1 1 1
 0.722627 1 1 1 1
 0.722627 1 1 1 1
 0.722627 1 1 1 1
 0.722627 1 1 1 1
pf_obs 
 0.256992 0.487395 0.22802 0.0275931 0
 0.321318 0.546541 0.124235 0.00734118 0.000564706
 0.182869 0.594174 0.210203 0.0122559 0.00049798
 0.330522 0.361315 0.267642 0.0388342 0.00168674
 0.649043 0.306663 0.0425973 0.00169635 0
 0.582887 0.30429 0.105238 0.00758474 0
 0.465427 0.430635 0.0974691 0.00646863 0
 0.296916 0.608066 0.0921331 0.00288517 0
 0.311714 0.524322 0.152257 0.0117073 0
 0.15457 0.633149 0.183074 0.0267441 0.00246327
 0.131901 0.49318 0.331252 0.0422183 0.00144891
 0.196976 0.569456 0.194076 0.0375587 0.00193317
 0.518974 0.381816 0.0799577 0.0180837 0.00116848
 0.0928022 0.601141 0.25162 0.0475244 0.00691264
 0.122501 0.610282 0.24278 0.0234846 0.000952079
 0.383417 0.481906 0.127806 0.00687128 0
 0.0376549 0.599619 0.316969 0.0457579 0
 0.0361596 0.667082 0.258105 0.0386534 0
 0.158088 0.579412 0.248529 0.0139706 0
 0.0477256 0.309471 0.559284 0.082774 0.000745712
 0.0406174 0.521527 0.379366 0.0568643 0.0016247
 0.151134 0.462217 0.34131 0.0453401 0
 0.294876 0.26143 0.354403 0.0886775 0.000613685
 0.281977 0.475581 0.204845 0.0348837 0.00271318
pf_pred 
 0.30731 0.473753 0.195556 0.0233688 1.29118e-05
 0.288435 0.555218 0.121904 0.030873 0.00357052
 0.160856 0.638445 0.171021 0.0233037 0.00637395
 0.27915 0.459153 0.223218 0.0329903 0.00548865
 0.287616 0.493175 0.157399 0.0529099 0.00890085
 0.147646 0.585946 0.202165 0.0464045 0.0178389
 0.251959 0.392474 0.273288 0.0628474 0.019432
 0.203374 0.546822 0.154298 0.0738262 0.0216804
 0.251654 0.480141 0.207379 0.0379893 0.0228358
 0.244052 0.53583 0.162433 0.0449103 0.0127745
 0.14256 0.590115 0.210601 0.042163 0.0145613
 0.146575 0.492584 0.283528 0.0613516 0.0159617
 0.220771 0.464229 0.21721 0.0773736 0.0204158
 0.212208 0.603304 0.13445 0.0349424 0.0150951
 0.284517 0.599946 0.102863 0.00939846 0.00327563
 0.333802 0.592013 0.0692563 0.00442214 0.000506391
 0.22147 0.633314 0.135635 0.00896683 0.000613166
 0.24435 0.516122 0.210249 0.027407 0.00187098
 0.223055 0.538136 0.183861 0.0484027 0.00654489
 0.28837 0.466171 0.190022 0.0429515 0.0124858
 0.253287 0.542552 0.151761 0.0408211 0.0115792
 0.230551 0.507271 0.208027 0.0404991 0.0136526
 0.26481 0.472639 0.193872 0.054771 0.0139086
 0.205706 0.548436 0.178648 0.049958 0.017252
pobs_RECLAS
 0 0 0 0 0
 0 0 0 0 0
 0 0 0 0 0
 0 0 0 0 0
 0.835266 0.146461 0.0176864 0.000547809 3.91292e-05
 0.385257 0.428462 0.181853 0.0044286 0
 0.867414 0.0963971 0.0333333 0.00285562 0
 0.441836 0.489002 0.0689373 0.000224442 0
 0.779404 0.147425 0.0564933 0.0165055 0.000172143
 0.814271 0.122319 0.05973 0.00367925 0
 0.40263 0.566651 0.0304383 0.000280538 0
 0.475488 0.404961 0.113038 0.00651328 0
 0.955842 0.0263864 0.0167828 0.000988607 0
 0.975058 0.0227948 0.00214734 0 0
 0.738997 0.206755 0.0527124 0.00153531 0
 0.850938 0.134255 0.0134407 0.00136685 0
 0.542534 0.407297 0.0501686 0 0
 0.764087 0.199537 0.0359546 0.000420521 0
 0.470689 0.182191 0.310203 0.0369168 0
 0.84361 0.089868 0.0606195 0.00523954 0.000663233
 0.607945 0.314616 0.071237 0.00620181 0
 0.523733 0.453247 0.0230204 0 0
 0.530135 0.295979 0.169645 0.0042399 0
 0.562478 0.366248 0.0663022 0.0049721 0
ppred_RECLAS
 0.72063 0.211894 0.0604227 0.00704919 3.88986e-06
 0.694024 0.256201 0.0390116 0.00964874 0.00111449
 0.53301 0.386151 0.0691578 0.0091748 0.00250588
 0.686646 0.223448 0.0769333 0.0111235 0.00184847
 0.689205 0.236376 0.0537587 0.0176875 0.0029721
 0.493896 0.38393 0.0932185 0.0209218 0.00803319
 0.664599 0.204737 0.100941 0.022709 0.00701324
 0.592212 0.309611 0.0611769 0.0286091 0.00839132
 0.661294 0.244075 0.0735598 0.0131666 0.00790481
 0.643996 0.276588 0.0589526 0.0159362 0.00452755
 0.492588 0.387233 0.0951689 0.0185962 0.00641405
 0.507915 0.32696 0.130408 0.0275563 0.00716017
 0.640169 0.247694 0.0779585 0.0270507 0.00712759
 0.651938 0.294442 0.039457 0.00989615 0.00426699
 0.740013 0.234127 0.023122 0.00203165 0.000706603
 0.737817 0.241775 0.0190848 0.00118734 0.000135777
 0.613755 0.333614 0.0492361 0.00317712 0.000216976
 0.648267 0.265731 0.0757013 0.00964378 0.00065754
 0.617984 0.291542 0.0700186 0.0180217 0.00243391
 0.698468 0.220444 0.0630974 0.0139428 0.00404822
 0.650383 0.276292 0.0548128 0.0144253 0.0040871
 0.627447 0.273069 0.0792967 0.0151024 0.00508519
 0.671404 0.236336 0.068522 0.018935 0.00480273
 0.591252 0.310853 0.071567 0.0195757 0.00675211
pobs_PELACES
 0 0 0 0 0
 0 0 0 0 0
 0 0 0 0 0
 0 0 0 0 0
 0 0 0 0 0
 0 0 0 0 0
 0 0 0 0 0
 0 0 0 0 0
 0 0 0 0 0
 0 0 0 0 0
 0.450072 0.473896 0.0757376 0.000293798 0
 0 0 0 0 0
 0.463077 0.371075 0.160297 0.00555027 0
 0.529543 0.364841 0.0842815 0.0213345 0
 0.631943 0.363953 0.00410389 0 0
 0.735681 0.248677 0.0153453 0.000297389 0
 0.695825 0.281241 0.0229344 0 0
 0.275771 0.60734 0.115278 0.00161068 0
 0 0 0 0 0
 0.896147 0.0623911 0.0374545 0.00400742 0
 0.803859 0.145111 0.0509908 3.86294e-05 0
 0.739449 0.233085 0.0266225 0.000797448 4.60066e-05
 0.878498 0.100942 0.0204185 0.000141795 0
 0.694673 0.275183 0.0284847 0.00165964 0
ppred_PELACES
 0.747325 0.195651 0.0510985 0.00592203 3.26671e-06
 0.717579 0.239539 0.0336538 0.00827326 0.000955301
 0.593606 0.34385 0.0535883 0.00703515 0.0019204
 0.687105 0.225024 0.0752173 0.0108511 0.001803
 0.676965 0.245993 0.0556604 0.0183061 0.00307599
 0.504905 0.379957 0.0879262 0.0196627 0.00754825
 0.666197 0.206205 0.0986254 0.0221372 0.00683583
 0.60957 0.300776 0.055963 0.0260524 0.00763956
 0.681849 0.233624 0.065782 0.0117142 0.00703092
 0.655015 0.27105 0.054938 0.0147947 0.00420239
 0.529979 0.366566 0.0820468 0.0159195 0.00548874
 0.540635 0.313642 0.115237 0.0242002 0.00628603
 0.694587 0.218758 0.0604257 0.0207617 0.00546761
 0.756539 0.213522 0.0221443 0.00544771 0.00234648
 0.835416 0.15211 0.0111791 0.000960631 0.000333705
 0.775628 0.208842 0.0145328 0.000895592 0.000102362
 0.645844 0.309637 0.0416666 0.00267002 0.000182276
 0.666152 0.256084 0.0684887 0.00868351 0.000591915
 0.629843 0.28591 0.0652562 0.0167315 0.00225921
 0.710624 0.214616 0.0582255 0.0128144 0.00371978
 0.647772 0.279812 0.0541585 0.0142266 0.0040304
 0.628073 0.274815 0.0774413 0.0147156 0.00495436
 0.675069 0.236071 0.0660427 0.0182008 0.00461583
 0.595031 0.310659 0.0689975 0.0188218 0.00649112
pobs_pel_tallas
 0 0 0 0 0 0 0 0 0 0 0 0 0 0 0 0 0 0 0 0 0 0 0 0 0 0 0 0 0 0 0 0 0 0 0 0
 0 0 0 0 0 0 0 0 0 0 0 0 0 0 0 0 0 0 0 0 0 0 0 0 0 0 0 0 0 0 0 0 0 0 0 0
 0 0 0 0 0 0 0 0 0 0 0 0 0 0 0 0 0 0 0 0 0 0 0 0 0 0 0 0 0 0 0 0 0 0 0 0
 0 0 0 0 0 0 0 0 0 0 0 0 0 0 0 0 0 0 0 0 0 0 0 0 0 0 0 0 0 0 0 0 0 0 0 0
 0 0 0 0 0 0 0 0 0 0 0 0 0 0 0 0 0 0 0 0 0 0 0 0 0 0 0 0 0 0 0 0 0 0 0 0
 0 0 0 0 0 0 0 0 0 0 0 0 0 0 0 0 0 0 0 0 0 0 0 0 0 0 0 0 0 0 0 0 0 0 0 0
 0 0 0 0 0 0 0 0 0 0 0 0 0 0 0 0 0 0 0 0 0 0 0 0 0 0 0 0 0 0 0 0 0 0 0 0
 0 0 0 0 0 0 0 0 0 0 0 0 0 0 0 0 0 0 0 0 0 0 0 0 0 0 0 0 0 0 0 0 0 0 0 0
 0 0 0 0 0 0 0 0 0 0 0 0 0 0 0 0 0 0 0 0 0 0 0 0 0 0 0 0 0 0 0 0 0 0 0 0
 0 0 0 0 0 0 0 0 0 0 0 0 0 0 0 0 0 0 0 0 0 0 0 0 0 0 0 0 0 0 0 0 0 0 0 0
 0 0 0 0 0 0 0 0 1.78061e-05 0.00172719 0.00360574 0.0105946 0.0120993 0.0124554 0.0147524 0.0171206 0.0266825 0.0428682 0.0675386 0.121331 0.153587 0.119568 0.100827 0.0573624 0.0630603 0.0341343 0.0324427 0.0444173 0.0211091 0.0280891 0.0125444 0.00206551 0 0 0 0
 0 0 0 0 0 0 0 0 0 0 0 0 0 0 0 0 0 0 0 0 0 0 0 0 0 0 0 0 0 0 0 0 0 0 0 0
 0 0 0 0 0 0 0.0133647 0.0140871 0.0187388 0.0205184 0.03894 0.0496705 0.03968 0.0493445 0.0407372 0.0367815 0.0215668 0.0243155 0.0234873 0.0199281 0.019796 0.0243948 0.0301388 0.0376714 0.0412746 0.0863199 0.0771752 0.113111 0.0741005 0.0525337 0.0229764 0.00759418 0.00175318 0 0 0
 0 0 0 0 0 0 0 0 0 0 0.00219441 0.00772107 0.0458388 0.0604681 0.0671733 0.0775358 0.0609151 0.0617685 0.073594 0.0568108 0.0755445 0.0548602 0.0670107 0.0636378 0.0643287 0.046367 0.0373049 0.0286899 0.0247887 0.0153202 0.00654259 0.00121912 0.000365735 0 0 0
 0 0 0 0 0 0 0 0 0 0 0 0 0.000112435 0.00938835 0.0111873 0.0202946 0.0414886 0.0713402 0.111592 0.104902 0.108894 0.110636 0.117776 0.105296 0.107544 0.0401394 0.0192827 0.0124803 0.00416011 0.0028671 0.000618394 0 0 0 0 0
 0 0 0 0 0 0 0 0 0 0 0.00291406 0.0102884 0.027416 0.0768956 0.0749926 0.110853 0.0956884 0.0897413 0.0766577 0.0534642 0.0500743 0.0551293 0.0594112 0.0620874 0.0668451 0.0424026 0.0208742 0.0120726 0.0048766 0.00582813 0.00118941 0.000297354 0 0 0 0
 0 0.00264628 0.0354308 0.0461629 0.0458689 0.0383711 0.0214643 0.0164657 0.0346957 0.0420465 0.0363128 0.0245516 0.0311673 0.0291091 0.0169068 0.0133784 0.00837989 0.0085269 0.0148486 0.0160247 0.0276389 0.0546898 0.0760071 0.122758 0.109233 0.0665981 0.0333725 0.0166128 0.00676272 0.00308733 0.000882094 0 0 0 0 0
 0 0 0 0 0 0 0 0.000805153 0.000690131 0.00759144 0.0133425 0.0154129 0.00931677 0.000345066 0.00356568 0.00563607 0.00851162 0.0253048 0.0502646 0.0516448 0.0657925 0.0565908 0.0611916 0.0827007 0.0866115 0.110766 0.145733 0.0935128 0.0569358 0.0249597 0.0138026 0.00621118 0.00161031 0.00115022 0 0
 0 0 0 0 0 0 0 0 0 0 0 0 0 0 0 0 0 0 0 0 0 0 0 0 0 0 0 0 0 0 0 0 0 0 0 0
 0.00147267 0.00158595 0.00478618 0.00569244 0.00954404 0.0108468 0.00647125 0.017049 0.0510054 0.094081 0.124002 0.0959785 0.0687766 0.0820023 0.061753 0.0591476 0.0492212 0.0479892 0.0443925 0.0268479 0.0217502 0.0140895 0.0121071 0.0120363 0.00920419 0.00665534 0.0049561 0.00860946 0.00930331 0.0156896 0.0114698 0.00855282 0.00243557 0.00046729 0 2.83206e-05
 0 0 0 0 0.000772559 0.00158375 0.000888443 0.00281984 0.00712685 0.0440552 0.0773331 0.111326 0.0921469 0.0852325 0.0710754 0.0886704 0.0786465 0.0553345 0.0373146 0.0185414 0.00753245 0.00457741 0.012979 0.0271748 0.0457355 0.0583668 0.034881 0.0177882 0.00938659 0.00492506 0.0015258 0.00185414 0.000309023 5.79419e-05 3.86279e-05 0
 0 0.00173294 0.00326652 0 0.00397197 0.00683976 0.00946217 0.0152591 0.00757587 0.0136028 0.0228656 0.0392903 0.0559909 0.0764795 0.0681675 0.0726916 0.0566044 0.0477403 0.0527397 0.0444891 0.0609904 0.0582453 0.0661739 0.0445044 0.0529084 0.0360697 0.0280645 0.0235558 0.0158879 0.00826598 0.00280645 0.00217768 0.000904811 0.00058276 9.20147e-05 0
 0 0 0 0 0 0 0 0 0 0 0 0 0 0 0 0 0 0 0 0 0 0 0 0 0 0 0 0 0 0 0 0 0 0 0 0
 0 0 0 0 0 0 0 0 0 0 0 0 0 0 0 0 0 0 0 0 0 0 0 0 0 0 0 0 0 0 0 0 0 0 0 0
ppred_pel_tallas
 1.00993e-16 3.26076e-05 0.000191378 0.000909721 0.00350247 0.0109221 0.0275884 0.0564497 0.0935724 0.125667 0.136756 0.120642 0.0863873 0.0504727 0.0246005 0.0110155 0.00616836 0.00587398 0.00755911 0.0100739 0.0129141 0.01574 0.0182252 0.0200658 0.021037 0.0210421 0.020132 0.0184848 0.0163562 0.0140168 0.0116985 0.00956251 0.00769349 0.00611317 0.0048036 0.0037294
 1.00885e-16 3.13122e-05 0.000183769 0.000873539 0.00336314 0.0104876 0.026491 0.0542047 0.0898524 0.120676 0.131336 0.115888 0.0830449 0.0486432 0.0239384 0.0111069 0.00676034 0.00689205 0.00902748 0.0120362 0.0153824 0.0186666 0.0214925 0.0234933 0.024405 0.0241264 0.0227423 0.0204956 0.0177226 0.0147732 0.0119414 0.00942409 0.00731435 0.00561973 0.00429415 0.0032691
 1.01205e-16 2.59107e-05 0.000152048 0.00072271 0.00278238 0.00867651 0.0219164 0.0448455 0.0743426 0.0998588 0.108716 0.0960122 0.0689844 0.0407756 0.0207525 0.0107811 0.00812334 0.00951012 0.0128981 0.0172933 0.0221202 0.0268512 0.030925 0.0338153 0.0351408 0.0347545 0.0327754 0.0295499 0.0255595 0.0213063 0.0172136 0.0135666 0.0105024 0.0080357 0.00610371 0.00461065
 1.01599e-16 2.99829e-05 0.000175966 0.000836445 0.00322033 0.0100423 0.025366 0.0519028 0.0860367 0.115551 0.125759 0.110968 0.0795208 0.0465827 0.0229329 0.0106578 0.00651786 0.00668374 0.00879637 0.0117865 0.0151555 0.0185347 0.0215536 0.0238614 0.0251932 0.0254272 0.0246068 0.0229193 0.0206404 0.0180655 0.0154502 0.0129752 0.0107404 0.00878012 0.00708803 0.00564046
 1.01644e-16 2.95416e-05 0.000173373 0.000824114 0.00317284 0.00989418 0.024992 0.0511377 0.0847691 0.113851 0.123914 0.109353 0.0783907 0.0459762 0.0227371 0.0107382 0.00679601 0.00714199 0.00944874 0.012649 0.0162264 0.0197829 0.0229157 0.0252463 0.0264955 0.0265449 0.0254605 0.0234665 0.0208817 0.0180416 0.01523 0.0126404 0.0103699 0.00843748 0.00681518 0.00545659
 1.02401e-16 2.20445e-05 0.000129346 0.000614777 0.00236679 0.00738051 0.0186429 0.0381479 0.0632425 0.0849573 0.0925145 0.0817571 0.0588574 0.0350217 0.0182532 0.0101826 0.00852512 0.0105347 0.0144845 0.0195037 0.0250334 0.0305147 0.0353347 0.0389097 0.040808 0.040847 0.0391297 0.0360043 0.0319665 0.0275375 0.0231598 0.0191356 0.0156174 0.012636 0.0101478 0.00807927
 1.02548e-16 2.90705e-05 0.000170611 0.00081099 0.00312232 0.00973665 0.0245941 0.0503232 0.083418 0.112034 0.121929 0.107584 0.0770863 0.0451381 0.0221882 0.0102582 0.00620701 0.00632528 0.0083342 0.0112118 0.0144953 0.0178516 0.0209445 0.0234502 0.0251149 0.0258063 0.0255348 0.0244365 0.0227266 0.0206417 0.0183902 0.0161246 0.0139379 0.0118768 0.00996209 0.00820556
 1.02145e-16 2.6605e-05 0.000156128 0.000742118 0.00285712 0.00890959 0.0225051 0.0460497 0.0763373 0.102534 0.111616 0.0985449 0.0707422 0.0416902 0.0209892 0.0105341 0.00749343 0.00849876 0.0114565 0.0153743 0.0197162 0.0240182 0.0277929 0.0305814 0.032047 0.0320514 0.0306827 0.0282219 0.0250645 0.021623 0.0182434 0.0151573 0.0124753 0.0102109 0.00832006 0.00673771
 1.01742e-16 2.9754e-05 0.000174622 0.000830052 0.00319571 0.00996549 0.0251721 0.0515061 0.0853795 0.114669 0.124802 0.110129 0.0789309 0.0462607 0.0228179 0.0106769 0.00662651 0.00686842 0.00906034 0.0121354 0.0155885 0.0190392 0.0221044 0.0244225 0.0257239 0.0258891 0.0249716 0.0231743 0.0207907 0.0181319 0.0154636 0.0129695 0.010746 0.00881863 0.00717003 0.00576585
 1.01573e-16 2.85854e-05 0.000167758 0.000797412 0.00307002 0.00957354 0.0241821 0.0494808 0.0820236 0.110166 0.119912 0.105839 0.0759125 0.0446043 0.0222101 0.0107422 0.00713392 0.00774825 0.0103326 0.0138395 0.0177377 0.0215962 0.0249719 0.0274485 0.0287211 0.0286638 0.0273565 0.0250543 0.0221179 0.0189246 0.0157936 0.0129412 0.0104739 0.00840917 0.00670955 0.00531586
 1.02088e-16 2.31372e-05 0.000135763 0.000645286 0.00248427 0.00774685 0.0195682 0.0400411 0.06638 0.089169 0.0970929 0.085784 0.0617148 0.0366384 0.0189425 0.0103233 0.00836699 0.0101795 0.0139454 0.0187612 0.0240671 0.0293179 0.0339204 0.0373112 0.0390748 0.0390374 0.0373021 0.0342098 0.0302442 0.0259142 0.0216514 0.0177511 0.0143616 0.0115122 0.00915794 0.00722383
 1.02864e-16 2.35998e-05 0.000138483 0.000658229 0.00253412 0.00790232 0.0199608 0.0408441 0.0677096 0.09095 0.099019 0.0874544 0.0628484 0.037175 0.0189708 0.00994359 0.00761129 0.00901175 0.0123024 0.0165979 0.0213937 0.0262236 0.0305822 0.0339816 0.0360491 0.0366066 0.0357022 0.0335807 0.0306088 0.027181 0.023639 0.0202255 0.017077 0.0142452 0.0117313 0.00951662
 1.01898e-16 3.03089e-05 0.000177881 0.000845548 0.00325538 0.0101516 0.0256421 0.0524677 0.0869728 0.116808 0.127124 0.112167 0.0803678 0.0470546 0.0231195 0.0106675 0.00641869 0.00649833 0.00852028 0.0114062 0.0146599 0.0179209 0.0208309 0.0230525 0.0243332 0.0245601 0.0237809 0.0221816 0.0200315 0.0176155 0.0151762 0.0128801 0.0108134 0.00899855 0.00742017 0.00604951
 1.00681e-16 3.301e-05 0.000193739 0.000920943 0.00354567 0.0110568 0.0279287 0.0571462 0.0947272 0.127219 0.138448 0.122141 0.0874752 0.0511371 0.0249773 0.0112718 0.00642991 0.00621378 0.00801179 0.010646 0.0135851 0.0164594 0.0189131 0.0206203 0.0213485 0.0210127 0.0196952 0.0176197 0.0150935 0.0124343 0.00990746 0.00768914 0.00585945 0.0044198 0.00332198 0.00249729
 1.00257e-16 3.64469e-05 0.000213923 0.00101691 0.00391519 0.0122092 0.0308394 0.0631011 0.104596 0.140465 0.152843 0.134792 0.0964302 0.0561598 0.0270344 0.0115292 0.00564184 0.00466589 0.00571472 0.00752062 0.00957155 0.0115716 0.0132606 0.0144056 0.0148428 0.0145149 0.0134855 0.0119205 0.0100456 0.00809351 0.00625864 0.00466954 0.00338387 0.00240058 0.00168112 0.00117075
 1.0031e-16 3.38421e-05 0.000198625 0.000944172 0.00363511 0.0113357 0.0286332 0.0585876 0.0971162 0.130427 0.141936 0.125211 0.0896601 0.0523857 0.0255334 0.011431 0.00639127 0.00606432 0.00776988 0.0103016 0.0131208 0.0158598 0.0181684 0.0197278 0.0203134 0.0198473 0.0184177 0.0162534 0.0136655 0.0109747 0.00844893 0.00626517 0.00450275 0.00315994 0.00218303 0.0014959
 1.00793e-16 2.81871e-05 0.000165416 0.00078627 0.00302711 0.00943971 0.0238441 0.0487895 0.0808788 0.108632 0.118251 0.104396 0.0749262 0.0441227 0.0221511 0.0110119 0.00769588 0.00862453 0.011571 0.0154772 0.0197732 0.0239699 0.0275586 0.0300653 0.0311492 0.0306826 0.0287797 0.0257608 0.0220691 0.0181652 0.014437 0.0111452 0.00841372 0.00625253 0.00459916 0.00335938
 1.01382e-16 2.90705e-05 0.000170607 0.000810959 0.00312219 0.00973622 0.024593 0.0503214 0.0834165 0.112035 0.121942 0.107621 0.0771674 0.0452959 0.0224698 0.0107279 0.0069443 0.00741587 0.0098534 0.0132016 0.0169394 0.0206556 0.0239293 0.0263634 0.0276633 0.0277012 0.026542 0.0244167 0.0216573 0.0186159 0.0155942 0.012802 0.0103498 0.00826691 0.00653113 0.00509822
 1.01701e-16 2.74885e-05 0.000161316 0.000766784 0.00295209 0.00920577 0.0232532 0.0475803 0.0788739 0.105938 0.115316 0.101798 0.073047 0.0429872 0.0215286 0.0106187 0.00732101 0.00814776 0.0109355 0.0146689 0.018816 0.0229297 0.0265436 0.0292176 0.0306267 0.030634 0.0293179 0.0269413 0.0238788 0.0205241 0.0172118 0.0141707 0.0115165 0.0092729 0.00740712 0.00586331
 1.01511e-16 3.1008e-05 0.000181985 0.000865063 0.00333052 0.0103859 0.026234 0.0536786 0.0889799 0.119502 0.130054 0.114747 0.0822035 0.0481037 0.0235872 0.0108021 0.006388 0.00637604 0.0083228 0.0111264 0.0142847 0.0174391 0.0202356 0.0223422 0.0235115 0.023635 0.0227634 0.0210851 0.0188717 0.0164109 0.0139482 0.0116533 0.00961479 0.0078555 0.00635836 0.00509027
 1.01538e-16 2.827e-05 0.000165905 0.000788602 0.0030361 0.00946774 0.0239149 0.0489341 0.0811177 0.108951 0.118591 0.10468 0.0750956 0.0441532 0.022039 0.010748 0.00725257 0.00795884 0.0106389 0.0142514 0.0182598 0.0222213 0.0256787 0.0282027 0.0294792 0.0293804 0.0279909 0.0255773 0.022515 0.0191964 0.015953 0.0130091 0.0104746 0.00836606 0.00664252 0.00524004
 1.01927e-16 2.74109e-05 0.000160862 0.000764626 0.00294379 0.00917987 0.0231878 0.0474463 0.0786515 0.105639 0.114988 0.101503 0.072825 0.0428352 0.0214134 0.0104983 0.00715928 0.00791784 0.0106196 0.0142598 0.0183207 0.0223728 0.025968 0.0286813 0.030195 0.0303687 0.0292658 0.0271256 0.0242947 0.0211406 0.0179777 0.0150243 0.0123953 0.0101219 0.00818441 0.0065422
 1.01856e-16 2.94585e-05 0.000172887 0.000821803 0.00316395 0.00986644 0.0249219 0.0509942 0.0845311 0.11353 0.123563 0.109039 0.0781561 0.0458195 0.0226243 0.0106269 0.00665033 0.00693626 0.00916649 0.0122838 0.0157845 0.0192867 0.0224039 0.0247715 0.0261166 0.0263179 0.0254279 0.0236495 0.0212764 0.0186201 0.0159461 0.0134378 0.0111914 0.00923236 0.00754441 0.00609493
 1.02031e-16 2.59715e-05 0.000152408 0.000724429 0.00278901 0.00869718 0.0219686 0.0449521 0.0745183 0.100092 0.108962 0.0962124 0.0690903 0.0407621 0.0206061 0.0104806 0.00763012 0.00877313 0.0118678 0.0159398 0.0204515 0.0249268 0.0288618 0.0317794 0.0333277 0.0333587 0.0319578 0.0294106 0.0261225 0.0225194 0.0189617 0.0156947 0.0128405 0.0104221 0.00840194 0.00671863
pSPR Fmed_Fpbrs
0.506493   0.408691 0.408691
Fs Fmed_Fpbrs
0.657048   1.005 1.005
SSBpbr Bo_Bmed_Bpbrs
876075  399923  314240 314240
Ro
35360.7
SPR SPRFo_SPRFmed_SPRFpbrs
727531 368490 297335
log_Ro
10.2934
likeval ReclasPelacesDesembMPH_pf_preclas_ppelaces_ptallas_desvR_qrecl_qpela
 63.8993 15.0556 0.00832076 0.000202583 297.996 179.354 69.7255 0 15.7858 9.00608e-06 7.881e-05 0 0 0 0
q_reclas_q_pelaces
0.653602 3.53602
M
0.7
N
 36400.7 10957.5 3569.49 420.632 0.232238
 44186.6 16311.5 2805.86 700.381 80.9384
 22877.9 19971.8 4415.62 595.174 162.696
 34895.6 9656.33 3477.09 504.44 83.8417
 62049.2 16739.5 3836.64 1263.05 212.243
 43690.2 30629.1 7998.35 1805.02 693.263
 78105.4 20510.7 10588.3 2390.34 738.351
 76397.8 37433.7 8102.15 3815.04 1119.4
 99700.2 35362.6 11814.1 2131.12 1279.99
 117209 45726.3 10518.1 2859.66 812.693
 66973.7 54879.7 15540.7 3069.29 1059.24
 46077.2 29813.6 13466.3 2872.34 746.717
 45809.8 20787.1 7973.23 2808.18 740.52
 24702.1 19528.7 3858.72 996.549 430.366
 14488.7 9090.62 1404.75 127.668 44.4833
 13443.4 5093.21 486.646 30.7153 3.51514
 10205.9 5760.98 977.909 63.7717 4.35765
 11728.7 4549.44 1426.18 183 12.4823
 12598.8 5409.75 1403.48 363.34 49.0862
 20349 5894.67 1829.87 406.834 118.161
 26689.3 9491.57 1954.73 515.885 146.187
 34742.7 12876.7 3913.46 747.897 251.874
 54569.7 16657.1 5098.14 1414.56 358.87
 56968.3 25989.7 6318.4 1735.38 598.704
pred_Ctot
 2570.73 3963.07 1635.88 195.487 0.108011
 2869.37 5523.33 1212.7 307.126 35.5198
 2491.73 9889.77 2649.19 360.984 98.7351
 854.88 1406.13 683.592 101.031 16.8087
 266.008 456.123 145.574 48.9349 8.23215
 1721.96 6833.72 2357.79 541.202 208.05
 1962.46 3056.92 2128.59 489.508 151.352
 3744.98 10069.3 2841.28 1359.45 399.228
 5504.35 10502 4535.94 830.927 499.479
 4830.95 10606.6 3215.33 888.988 252.869
 5019.98 20779.8 7415.91 1484.69 512.749
 3049.59 10248.5 5898.97 1276.46 332.092
 4704.12 9891.65 4628.24 1648.65 435.013
 4679.54 13303.8 2964.85 770.536 332.871
 3104.67 6546.64 1122.44 102.556 35.7438
 1336.13 2369.68 277.215 17.7007 2.02695
 755.83 2161.36 462.893 30.6018 2.0926
 602.895 1273.45 518.756 67.6223 4.61633
 525.607 1268.06 433.252 114.056 15.4224
 891.598 1441.33 587.519 132.8 38.6041
 546.641 1170.93 327.53 88.0997 24.9902
 864.385 1901.87 779.938 151.84 51.1865
 1609.63 2872.91 1178.44 332.923 84.5429
 1689.87 4505.4 1467.59 410.405 141.725
F
 0.10272 0.662314 0.928552 0.948622 0.949702
 0.0940981 0.606721 0.85061 0.868996 0.869985
 0.162557 1.04813 1.46945 1.50121 1.50292
 0.0345882 0.223016 0.312663 0.319421 0.319785
 0.00597692 0.0385376 0.054029 0.0551968 0.0552597
 0.0561748 0.3622 0.507798 0.518774 0.519364
 0.0354882 0.228819 0.3208 0.327734 0.328107
 0.0702996 0.453274 0.635481 0.649216 0.649956
 0.0794941 0.512558 0.718596 0.734128 0.734964
 0.0588134 0.379214 0.53165 0.543142 0.54376
 0.109334 0.704955 0.988334 1.0097 1.01085
 0.0959835 0.618877 0.867653 0.886407 0.887416
 0.152611 0.983998 1.37955 1.40936 1.41097
 0.299644 1.93202 2.70866 2.76721 2.77036
 0.345464 2.22746 3.12286 3.19036 3.19399
 0.147377 0.950246 1.33223 1.36102 1.36257
 0.107962 0.69611 0.975932 0.997026 0.998162
 0.0738322 0.476051 0.667415 0.68184 0.682617
 0.0595494 0.383959 0.538304 0.549939 0.550565
 0.0626261 0.403797 0.566116 0.578352 0.57901
 0.0288444 0.185981 0.260742 0.266378 0.266681
 0.035135 0.226542 0.317607 0.324472 0.324841
 0.0417772 0.269369 0.37765 0.385812 0.386252
 0.0420175 0.270918 0.379821 0.388031 0.388473
YTP_r0W_actual
 13519 85602.6 40358.7 14774.6 6235.89
YTP_p0W_proyectada
 16155.1 215792 143662 41680.9 17336.8
CTP_r0_actual
 1689.87 4505.4 1467.59 410.405 141.725
CTP_p0_proyectada
 1900.6 10227.1 4679.55 1034.26 376.887
Wmedp
 8.5 21.1 30.7 40.3 46
nmprior
 10.6 11 7 0
nm_flota  nm_reclas  nm_pelaces    nm_pelaL
inf 19.5699 14.0889 23.9141
cv_recla  cv_pelaces  cv_mph
0.740073 0.456576 0.461785
 ------------------------------------------------
Talla a la edad & desviaci?n 
 7.2 14.2025 17.0495 18.207 18.6776
 1.08 2.13037 2.55742 2.73105 2.80164
