years
 1997 1998 1999 2000 2001 2002 2003 2004 2005 2006 2007 2008 2009 2010 2011 2012 2013 2014 2015 2016 2017
reclasobs
 0 0 0 370054 412103 1.49427e+06 250295 1.28982e+06 931140 785840 897777 1.04006e+06 184774 17550 25797 100020 73551 82996 120727 218422 84188
reclaspred
 3.4731e+06 597863 1.69435e+06 1.06449e+06 1.00844e+06 1.08104e+06 1.78855e+06 932043 783363 578213 385360 275786 230080 212246 384234 629204 863583 1.3015e+06 1.36787e+06 1.47429e+06 1.52303e+06
pelacesobs
 0 0 0 0 0 0 0 0 0 2.06254e+06 1.5e+06 0 1.87456e+06 323000 250000 174000 83755 137374 0 501740 490994
pelacespred
 1.90447e+06 736007 685210 786454 638432 561585 863256 648536 432697 323997 161487 125922 105202 89081.7 191038 335904 486895 712400 816788 853797 934611
mphobs
 0 0 0 0 0 112323 0 153150 637223 0 255016 313432 73983 77613 109348 50772 0 0 0 0 0
mphpred
 2.56836e+06 1.24087e+06 956080 1.17528e+06 918386 965625 1.22102e+06 1.13734e+06 761858 580711 432702 255782 210842 181510 235890 475129 659675 1.00441e+06 1.22886e+06 1.27308e+06 1.35286e+06
desembarqueobs
 350755 77701 442110 56441 14545 235359 269955 359681 431902 328805 639364 411747 362871 311530 167758 66681 60226 58785 57116 73181 50977
desembarquepred
 350797 77714.2 442320 56447.1 14545.1 235332 269814 358731 429819 326821 632590 410492 362624 312847 168150 66732.2 60260.7 58803.5 57128.9 73197.8 50980.7
Reclutas
 63423.7 63423.7 63423.7 63423.7 63423.7 63423.7 63423.7 63423.7 63423.7 63423.7 63423.7 63423.7 63423.7 63423.7 63423.7 63423.7 63423.7 63423.7 63423.7 63423.7 63423.7
log_desv_Rt
 0 0 0 0 0 0 0 0 0 0 0 0 0 0 0 0 0 0 0 0 0
SSB
 2.56836e+06 1.24087e+06 956080 1.17528e+06 918386 965625 1.22102e+06 1.13734e+06 761858 580711 432702 255782 210842 181510 235890 475129 659675 1.00441e+06 1.22886e+06 1.27308e+06 1.35286e+06
BT
 4.64889e+06 1.51546e+06 1.92753e+06 1.65086e+06 1.32195e+06 1.28218e+06 2.14724e+06 1.78333e+06 1.3975e+06 1.05289e+06 981310 733165 641608 516380 660948 793806 1.1429e+06 1.56709e+06 1.67581e+06 1.78799e+06 1.97343e+06
Ftot
 0.0984089 0.126443 0.251909 0.0518125 0.0141224 0.210547 0.146572 0.368411 0.519238 0.534556 1.41982 1.3194 1.39244 1.31289 0.419341 0.103345 0.068133 0.044167 0.0408323 0.0485197 0.0327408
BD_Bspro_t
 0.985069 0.900643 0.832053 0.73538 0.789379 0.836556 0.767895 0.730886 0.609833 0.494252 0.39307 0.223766 0.190416 0.179724 0.225326 0.395891 0.559059 0.734335 0.819093 0.863262 0.887236
BD_Bspro
 1.96024 0.947062 0.729706 0.897005 0.700937 0.736991 0.931914 0.868048 0.58147 0.443214 0.33025 0.19522 0.16092 0.138533 0.180038 0.362632 0.503482 0.766593 0.937902 0.97165 1.03254
BD_Bo
 1.8881 0.912209 0.702852 0.863994 0.675141 0.709869 0.897619 0.836102 0.560071 0.426903 0.318096 0.188035 0.154998 0.133435 0.173412 0.349286 0.484953 0.738381 0.903386 0.935892 0.994544
BD_Brms
 9.03822 4.36669 3.36451 4.13589 3.23186 3.3981 4.29685 4.00237 2.68103 2.04356 1.52271 0.900114 0.741968 0.638746 0.830114 1.67201 2.32144 3.53459 4.32446 4.48006 4.76082
S_f
 0.5 1 1 1 1
 0.5 1 1 1 1
 0.5 1 1 1 1
 0.5 1 1 1 1
 0.5 1 1 1 1
 0.5 1 1 1 1
 0.5 1 1 1 1
 0.5 1 1 1 1
 0.5 1 1 1 1
 0.5 1 1 1 1
 0.5 1 1 1 1
 0.5 1 1 1 1
 0.5 1 1 1 1
 0.5 1 1 1 1
 0.5 1 1 1 1
 0.5 1 1 1 1
 0.5 1 1 1 1
 0.5 1 1 1 1
 0.5 1 1 1 1
 0.5 1 1 1 1
 0.5 1 1 1 1
Scru_reclas
 0.5 1 1 1 1
 0.5 1 1 1 1
 0.5 1 1 1 1
 0.5 1 1 1 1
 0.5 1 1 1 1
 0.5 1 1 1 1
 0.5 1 1 1 1
 0.5 1 1 1 1
 0.5 1 1 1 1
 0.5 1 1 1 1
 0.5 1 1 1 1
 0.5 1 1 1 1
 0.5 1 1 1 1
 0.5 1 1 1 1
 0.5 1 1 1 1
 0.5 1 1 1 1
 0.5 1 1 1 1
 0.5 1 1 1 1
 0.5 1 1 1 1
 0.5 1 1 1 1
 0.5 1 1 1 1
Scru_pelaces
 0.5 1 1 1 1
 0.5 1 1 1 1
 0.5 1 1 1 1
 0.5 1 1 1 1
 0.5 1 1 1 1
 0.5 1 1 1 1
 0.5 1 1 1 1
 0.5 1 1 1 1
 0.5 1 1 1 1
 0.5 1 1 1 1
 0.5 1 1 1 1
 0.5 1 1 1 1
 0.5 1 1 1 1
 0.5 1 1 1 1
 0.5 1 1 1 1
 0.5 1 1 1 1
 0.5 1 1 1 1
 0.5 1 1 1 1
 0.5 1 1 1 1
 0.5 1 1 1 1
 0.5 1 1 1 1
pf_obs 
 0.256992 0.487395 0.22802 0.0275931 0
 0.321318 0.546541 0.124235 0.00734118 0.000564706
 0.182869 0.594174 0.210203 0.0122559 0.00049798
 0.330522 0.361315 0.267642 0.0388342 0.00168674
 0.649043 0.306663 0.0425973 0.00169635 0
 0.582887 0.30429 0.105238 0.00758474 0
 0.465427 0.430635 0.0974691 0.00646863 0
 0.296916 0.608066 0.0921331 0.00288517 0
 0.311714 0.524322 0.152257 0.0117073 0
 0.15457 0.633149 0.183074 0.0267441 0.00246327
 0.131901 0.49318 0.331252 0.0422183 0.00144891
 0.196976 0.569456 0.194076 0.0375587 0.00193317
 0.518974 0.381816 0.0799577 0.0180837 0.00116848
 0.0928022 0.601141 0.25162 0.0475244 0.00691264
 0.122501 0.610282 0.24278 0.0234846 0.000952079
 0.383417 0.481906 0.127806 0.00687128 0
 0.0376549 0.599619 0.316969 0.0457579 0
 0.0361596 0.667082 0.258105 0.0386534 0
 0.158088 0.579412 0.248529 0.0139706 0
 0.0477256 0.309471 0.559284 0.082774 0.000745712
 0.0406174 0.521527 0.379366 0.0568643 0.0016247
pf_pred 
 0.30195 0.351408 0.174504 0.0866563 0.0854807
 0.338518 0.311392 0.17624 0.0875184 0.0863311
 0.368131 0.325251 0.14434 0.0816929 0.0805846
 0.391088 0.338577 0.139153 0.0617535 0.0694278
 0.369689 0.356662 0.152159 0.0625365 0.0589538
 0.364566 0.343639 0.165112 0.0704402 0.0562425
 0.388093 0.336087 0.149162 0.0716696 0.0549887
 0.399942 0.341665 0.141921 0.0629875 0.0534847
 0.445826 0.331017 0.127063 0.0527793 0.0433151
 0.487153 0.334454 0.106557 0.0409022 0.0309334
 0.539571 0.317627 0.0931285 0.0296706 0.0200026
 0.672223 0.257904 0.048202 0.0141329 0.00753823
 0.683437 0.272797 0.0344366 0.00643616 0.00289363
 0.691019 0.269028 0.034429 0.00434615 0.00117749
 0.64866 0.306189 0.0393125 0.00503103 0.000807158
 0.506053 0.398456 0.0832196 0.0106848 0.00158677
 0.422006 0.392122 0.149939 0.0313156 0.0046178
 0.386204 0.36714 0.167336 0.0639857 0.0153344
 0.367854 0.354168 0.166272 0.0757837 0.0359228
 0.35963 0.346247 0.164787 0.0773625 0.0519745
 0.356166 0.342777 0.162781 0.077471 0.0608051
pobs_RECLAS
 0 0 0 0 0
 0 0 0 0 0
 0 0 0 0 0
 0 0 0 0 0
 0.835266 0.146461 0.0176864 0.000547809 3.91292e-05
 0.385257 0.428462 0.181853 0.0044286 0
 0.867414 0.0963971 0.0333333 0.00285562 0
 0.441836 0.489002 0.0689373 0.000224442 0
 0.779404 0.147425 0.0564933 0.0165055 0.000172143
 0.814271 0.122319 0.05973 0.00367925 0
 0.40263 0.566651 0.0304383 0.000280538 0
 0.475488 0.404961 0.113038 0.00651328 0
 0.955842 0.0263864 0.0167828 0.000988607 0
 0.975058 0.0227948 0.00214734 0 0
 0.738997 0.206755 0.0527124 0.00153531 0
 0.850938 0.134255 0.0134407 0.00136685 0
 0.542534 0.407297 0.0501686 0 0
 0.764087 0.199537 0.0359546 0.000420521 0
 0.470689 0.182191 0.310203 0.0369168 0
 0.84361 0.089868 0.0606195 0.00523954 0.000663233
 0.607945 0.314616 0.071237 0.00620181 0
ppred_RECLAS
 0.302613 0.351075 0.174339 0.086574 0.0853995
 0.339447 0.310955 0.175993 0.0873955 0.0862099
 0.370276 0.324147 0.14385 0.0814156 0.0803111
 0.391464 0.338368 0.139067 0.0617153 0.0693849
 0.369786 0.356607 0.152136 0.0625269 0.0589448
 0.36629 0.342707 0.164664 0.0702491 0.0560899
 0.389256 0.335448 0.148879 0.0715334 0.0548842
 0.403488 0.339646 0.141082 0.0626153 0.0531686
 0.451542 0.327603 0.125752 0.0522349 0.0428683
 0.493159 0.330538 0.105309 0.0404232 0.0305712
 0.564097 0.300708 0.0881679 0.0280901 0.0189371
 0.691441 0.242783 0.0453758 0.0133042 0.00709625
 0.703885 0.255176 0.0322122 0.00602043 0.00270672
 0.709474 0.25296 0.0323727 0.00408657 0.00110716
 0.652621 0.302737 0.0388693 0.00497431 0.000798057
 0.506882 0.397787 0.08308 0.0106669 0.00158411
 0.422521 0.391772 0.149805 0.0312877 0.00461368
 0.386521 0.36695 0.167249 0.0639527 0.0153265
 0.36814 0.354008 0.166196 0.0757494 0.0359065
 0.35997 0.346063 0.164699 0.0773214 0.051947
 0.356391 0.342657 0.162724 0.077444 0.0607839
pobs_PELACES
 0 0 0 0 0
 0 0 0 0 0
 0 0 0 0 0
 0 0 0 0 0
 0 0 0 0 0
 0 0 0 0 0
 0 0 0 0 0
 0 0 0 0 0
 0 0 0 0 0
 0 0 0 0 0
 0.450072 0.473896 0.0757376 0.000293798 0
 0 0 0 0 0
 0.463077 0.371075 0.160297 0.00555027 0
 0.529543 0.364841 0.0842815 0.0213345 0
 0.631943 0.363953 0.00410389 0 0
 0.735681 0.248677 0.0153453 0.000297389 0
 0.695825 0.281241 0.0229344 0 0
 0.275771 0.60734 0.115278 0.00161068 0
 0 0 0 0 0
 0.896147 0.0623911 0.0374545 0.00400742 0
 0.803859 0.145111 0.0509908 3.86294e-05 0
ppred_PELACES
 0.306051 0.349344 0.173479 0.0861472 0.0849786
 0.34414 0.308746 0.174742 0.0867745 0.0855973
 0.380019 0.319132 0.141624 0.080156 0.0790686
 0.393503 0.337235 0.138601 0.0615086 0.0691524
 0.370329 0.356299 0.152005 0.062473 0.058894
 0.374391 0.338326 0.162559 0.0693511 0.0553729
 0.39502 0.332282 0.147474 0.0708583 0.0543662
 0.4182 0.331269 0.137603 0.061071 0.0518573
 0.472835 0.314884 0.12087 0.050207 0.041204
 0.515204 0.316161 0.100728 0.038665 0.0292414
 0.620595 0.261733 0.0767403 0.0244493 0.0164826
 0.735861 0.207832 0.0388436 0.011389 0.00607468
 0.749438 0.215921 0.0272568 0.00509427 0.00229033
 0.752028 0.215908 0.027631 0.003488 0.000944993
 0.668137 0.289215 0.0371331 0.00475213 0.000762411
 0.511143 0.39435 0.082362 0.0105747 0.00157042
 0.425266 0.38991 0.149093 0.0311389 0.00459175
 0.388251 0.365916 0.166778 0.0637724 0.0152833
 0.369709 0.353129 0.165784 0.0755613 0.0358174
 0.361816 0.345064 0.164224 0.0770983 0.0517971
 0.357631 0.341997 0.16241 0.0772948 0.0606668
pobs_pel_tallas
 0 0 0 0 0 0 0 0 0 0 0 0 0 0 0 0 0 0 0 0 0 0 0 0 0 0 0 0 0 0 0 0 0 0 0 0
 0 0 0 0 0 0 0 0 0 0 0 0 0 0 0 0 0 0 0 0 0 0 0 0 0 0 0 0 0 0 0 0 0 0 0 0
 0 0 0 0 0 0 0 0 0 0 0 0 0 0 0 0 0 0 0 0 0 0 0 0 0 0 0 0 0 0 0 0 0 0 0 0
 0 0 0 0 0 0 0 0 0 0 0 0 0 0 0 0 0 0 0 0 0 0 0 0 0 0 0 0 0 0 0 0 0 0 0 0
 0 0 0 0 0 0 0 0 0 0 0 0 0 0 0 0 0 0 0 0 0 0 0 0 0 0 0 0 0 0 0 0 0 0 0 0
 0 0 0 0 0 0 0 0 0 0 0 0 0 0 0 0 0 0 0 0 0 0 0 0 0 0 0 0 0 0 0 0 0 0 0 0
 0 0 0 0 0 0 0 0 0 0 0 0 0 0 0 0 0 0 0 0 0 0 0 0 0 0 0 0 0 0 0 0 0 0 0 0
 0 0 0 0 0 0 0 0 0 0 0 0 0 0 0 0 0 0 0 0 0 0 0 0 0 0 0 0 0 0 0 0 0 0 0 0
 0 0 0 0 0 0 0 0 0 0 0 0 0 0 0 0 0 0 0 0 0 0 0 0 0 0 0 0 0 0 0 0 0 0 0 0
 0 0 0 0 0 0 0 0 0 0 0 0 0 0 0 0 0 0 0 0 0 0 0 0 0 0 0 0 0 0 0 0 0 0 0 0
 0 0 0 0 0 0 0 0 1.78061e-05 0.00172719 0.00360574 0.0105946 0.0120993 0.0124554 0.0147524 0.0171206 0.0266825 0.0428682 0.0675386 0.121331 0.153587 0.119568 0.100827 0.0573624 0.0630603 0.0341343 0.0324427 0.0444173 0.0211091 0.0280891 0.0125444 0.00206551 0 0 0 0
 0 0 0 0 0 0 0 0 0 0 0 0 0 0 0 0 0 0 0 0 0 0 0 0 0 0 0 0 0 0 0 0 0 0 0 0
 0 0 0 0 0 0 0.0133647 0.0140871 0.0187388 0.0205184 0.03894 0.0496705 0.03968 0.0493445 0.0407372 0.0367815 0.0215668 0.0243155 0.0234873 0.0199281 0.019796 0.0243948 0.0301388 0.0376714 0.0412746 0.0863199 0.0771752 0.113111 0.0741005 0.0525337 0.0229764 0.00759418 0.00175318 0 0 0
 0 0 0 0 0 0 0 0 0 0 0.00219441 0.00772107 0.0458388 0.0604681 0.0671733 0.0775358 0.0609151 0.0617685 0.073594 0.0568108 0.0755445 0.0548602 0.0670107 0.0636378 0.0643287 0.046367 0.0373049 0.0286899 0.0247887 0.0153202 0.00654259 0.00121912 0.000365735 0 0 0
 0 0 0 0 0 0 0 0 0 0 0 0 0.000112435 0.00938835 0.0111873 0.0202946 0.0414886 0.0713402 0.111592 0.104902 0.108894 0.110636 0.117776 0.105296 0.107544 0.0401394 0.0192827 0.0124803 0.00416011 0.0028671 0.000618394 0 0 0 0 0
 0 0 0 0 0 0 0 0 0 0 0.00291406 0.0102884 0.027416 0.0768956 0.0749926 0.110853 0.0956884 0.0897413 0.0766577 0.0534642 0.0500743 0.0551293 0.0594112 0.0620874 0.0668451 0.0424026 0.0208742 0.0120726 0.0048766 0.00582813 0.00118941 0.000297354 0 0 0 0
 0 0.00264628 0.0354308 0.0461629 0.0458689 0.0383711 0.0214643 0.0164657 0.0346957 0.0420465 0.0363128 0.0245516 0.0311673 0.0291091 0.0169068 0.0133784 0.00837989 0.0085269 0.0148486 0.0160247 0.0276389 0.0546898 0.0760071 0.122758 0.109233 0.0665981 0.0333725 0.0166128 0.00676272 0.00308733 0.000882094 0 0 0 0 0
 0 0 0 0 0 0 0 0.000805153 0.000690131 0.00759144 0.0133425 0.0154129 0.00931677 0.000345066 0.00356568 0.00563607 0.00851162 0.0253048 0.0502646 0.0516448 0.0657925 0.0565908 0.0611916 0.0827007 0.0866115 0.110766 0.145733 0.0935128 0.0569358 0.0249597 0.0138026 0.00621118 0.00161031 0.00115022 0 0
 0 0 0 0 0 0 0 0 0 0 0 0 0 0 0 0 0 0 0 0 0 0 0 0 0 0 0 0 0 0 0 0 0 0 0 0
 0.00147267 0.00158595 0.00478618 0.00569244 0.00954404 0.0108468 0.00647125 0.017049 0.0510054 0.094081 0.124002 0.0959785 0.0687766 0.0820023 0.061753 0.0591476 0.0492212 0.0479892 0.0443925 0.0268479 0.0217502 0.0140895 0.0121071 0.0120363 0.00920419 0.00665534 0.0049561 0.00860946 0.00930331 0.0156896 0.0114698 0.00855282 0.00243557 0.00046729 0 2.83206e-05
 0 0 0 0 0.000772559 0.00158375 0.000888443 0.00281984 0.00712685 0.0440552 0.0773331 0.111326 0.0921469 0.0852325 0.0710754 0.0886704 0.0786465 0.0553345 0.0373146 0.0185414 0.00753245 0.00457741 0.012979 0.0271748 0.0457355 0.0583668 0.034881 0.0177882 0.00938659 0.00492506 0.0015258 0.00185414 0.000309023 5.79419e-05 3.86279e-05 0
ppred_pel_tallas
 1.09508e-16 1.33722e-05 7.84354e-05 0.000372747 0.00143493 0.00447453 0.0113026 0.023129 0.038348 0.0515279 0.0561453 0.0496972 0.035953 0.0217472 0.0119891 0.00773913 0.0076918 0.0102553 0.0144305 0.0196935 0.0256518 0.0318547 0.0377732 0.042877 0.046739 0.0491179 0.0499914 0.0495255 0.0480002 0.0457185 0.0429339 0.0398161 0.0364576 0.0329059 0.0292026 0.025411
 1.09563e-16 1.50314e-05 8.81803e-05 0.000419083 0.00161335 0.00503094 0.012708 0.0260043 0.0431126 0.0579221 0.0630918 0.0557967 0.0402584 0.0241374 0.0129203 0.00776022 0.00714934 0.00926834 0.0129877 0.0177472 0.0231769 0.0288784 0.0343877 0.0392356 0.0430369 0.045563 0.0467704 0.0467766 0.0457965 0.0440669 0.0417863 0.0390889 0.0360524 0.0327269 0.0291679 0.0254577
 1.08564e-16 1.65963e-05 9.73665e-05 0.000462754 0.00178149 0.00555528 0.0140324 0.0287142 0.0476045 0.0639544 0.0696554 0.0615845 0.0443976 0.0265445 0.0140714 0.00823514 0.00735164 0.00939279 0.0130955 0.0178329 0.023199 0.0287691 0.0340584 0.0385852 0.0419656 0.0439892 0.044648 0.0441073 0.0426356 0.0405189 0.0379933 0.0352123 0.0322533 0.0291482 0.025921 0.0226152
 1.07423e-16 1.7185e-05 0.000100821 0.000479174 0.0018447 0.0057524 0.0145304 0.0297332 0.0492939 0.0662244 0.0721286 0.0637732 0.0459798 0.0274991 0.0145924 0.00856119 0.00766079 0.00978754 0.0136266 0.0185174 0.0240241 0.029689 0.0349921 0.0394214 0.0425745 0.044241 0.0444332 0.043355 0.0413247 0.0386819 0.0357102 0.0325985 0.0294441 0.0262823 0.0231264 0.0199989
 1.07173e-16 1.61753e-05 9.48916e-05 0.00045098 0.00173614 0.00541386 0.0136753 0.0279837 0.0463948 0.0623332 0.0679003 0.060058 0.0433521 0.0260296 0.0139991 0.00850461 0.00792338 0.0102905 0.0143727 0.0195359 0.0253376 0.0312962 0.0368601 0.0414846 0.044742 0.0464075 0.046494 0.0452193 0.0429254 0.0399795 0.0366924 0.033276 0.029845 0.0264462 0.0230995 0.0198296
 1.07389e-16 1.63518e-05 9.5929e-05 0.000455915 0.00175515 0.00547314 0.013825 0.0282899 0.0469018 0.0630126 0.0686354 0.0606967 0.0437881 0.0262413 0.0140224 0.00838066 0.00766791 0.0098936 0.0138136 0.0187995 0.0244271 0.0302417 0.0357213 0.040347 0.0437053 0.0455701 0.0459354 0.0449862 0.0430249 0.0403797 0.037331 0.0340733 0.0307174 0.0273184 0.0239124 0.0205437
 1.07177e-16 1.7251e-05 0.000101209 0.000481018 0.00185181 0.00577456 0.0145863 0.0298476 0.0494835 0.0664786 0.0724042 0.0640138 0.0461467 0.0275858 0.0146147 0.0085379 0.00760227 0.00969546 0.0134989 0.0183535 0.0238286 0.0294732 0.0347744 0.0392246 0.0424223 0.0441523 0.0444175 0.0434088 0.0414315 0.0388145 0.0358357 0.0326847 0.0294653 0.0262234 0.0229847 0.0197831
 1.06583e-16 1.82617e-05 0.000107143 0.000509228 0.00196042 0.00611328 0.0154419 0.0315982 0.052385 0.0703744 0.0766416 0.0677467 0.0488083 0.0291176 0.0153173 0.00877669 0.00762683 0.00961999 0.0133534 0.0181304 0.023506 0.0290242 0.0341705 0.0384387 0.0414323 0.0429441 0.0429888 0.0417715 0.039613 0.0368571 0.0337941 0.0306216 0.0274454 0.0243073 0.0212238 0.018215
 1.05469e-16 2.06434e-05 0.000121127 0.000575714 0.00221641 0.00691158 0.0174583 0.0357238 0.0592227 0.0795543 0.0866233 0.0765328 0.0550572 0.0326826 0.0168937 0.00920724 0.00747727 0.00913528 0.0125831 0.0170447 0.0220583 0.0271773 0.031908 0.0357683 0.0383844 0.0395676 0.0393443 0.0379263 0.0356376 0.032824 0.0297782 0.0266997 0.0236943 0.0207997 0.0180224 0.0153678
 1.04228e-16 2.24909e-05 0.000131973 0.000627279 0.00241496 0.00753072 0.0190222 0.0389236 0.0645264 0.0866759 0.09437 0.0833587 0.0599276 0.0354928 0.0181962 0.00967417 0.00757008 0.0090685 0.0124168 0.0167683 0.0216317 0.026546 0.0310092 0.0345373 0.036762 0.0375091 0.0368288 0.034964 0.0322733 0.0291367 0.0258754 0.0227074 0.0197447 0.0170185 0.0145173 0.0122197
 1.02785e-16 2.70842e-05 0.000158945 0.000755517 0.00290872 0.00907053 0.0229116 0.0468811 0.0777143 0.104379 0.113615 0.100287 0.0719416 0.0422948 0.021105 0.0102849 0.00693621 0.00762162 0.0102157 0.013734 0.0176788 0.021644 0.0252068 0.0279651 0.029616 0.030021 0.0292318 0.0274627 0.0250266 0.0222544 0.0194267 0.0167352 0.0142786 0.0120825 0.0101312 0.00839598
 1.01295e-16 3.21081e-05 0.000188445 0.000895774 0.00344876 0.0107546 0.0271654 0.0555843 0.0921383 0.123743 0.134665 0.118805 0.0850899 0.0497502 0.0243146 0.0109993 0.00631503 0.00614423 0.00795202 0.0105987 0.0135731 0.0165205 0.0190971 0.0209841 0.0219489 0.0218971 0.0208915 0.0191298 0.0168894 0.0144598 0.0120847 0.00992792 0.00806818 0.0065156 0.00523846 0.00418902
 1.0074e-16 3.27005e-05 0.000191922 0.000912302 0.0035124 0.0109531 0.0276667 0.05661 0.0938385 0.126026 0.137151 0.120999 0.0866638 0.0506753 0.0247753 0.0112208 0.00645743 0.00628931 0.0081304 0.0108131 0.013808 0.0167435 0.0192603 0.021028 0.0218096 0.0215163 0.0202276 0.0181658 0.0156376 0.0129615 0.0104042 0.00814393 0.00626366 0.00476797 0.00361213 0.00273079
 1.00627e-16 3.28134e-05 0.000192585 0.000915453 0.00352453 0.0109909 0.0277622 0.0568055 0.0941627 0.126461 0.137624 0.121416 0.0869615 0.0508472 0.0248551 0.0112497 0.00646381 0.00628655 0.0081226 0.0108002 0.0137881 0.0167142 0.0192183 0.0209697 0.0217311 0.021414 0.0200983 0.0180076 0.0154502 0.0127465 0.0101655 0.00788758 0.00599716 0.0044999 0.00335124 0.00248512
 1.00821e-16 2.91584e-05 0.00017112 0.000813391 0.00313154 0.00976537 0.0246667 0.0504724 0.0836676 0.112375 0.122318 0.107969 0.0774515 0.0455316 0.0227137 0.0110533 0.00742368 0.00811332 0.010818 0.0144563 0.018467 0.022387 0.0257405 0.028085 0.0291029 0.0286756 0.0269101 0.0241059 0.0206761 0.0170503 0.0135889 0.010534 0.00799889 0.00599152 0.00445233 0.0032929
 1.01735e-16 2.2317e-05 0.000130945 0.000622375 0.00239605 0.00747173 0.0188733 0.0386195 0.0640245 0.0860085 0.0936612 0.0827748 0.0595997 0.0354826 0.0185282 0.0103899 0.00875664 0.0108482 0.0149123 0.0200587 0.0257077 0.0312755 0.0361229 0.0396434 0.041392 0.0411869 0.039147 0.0356499 0.0312286 0.0264428 0.021768 0.0175295 0.0138908 0.010882 0.00844921 0.00650231
 1.03528e-16 1.85724e-05 0.000108961 0.000517859 0.00199363 0.00621682 0.0157035 0.0321339 0.0532746 0.071574 0.0779597 0.0689396 0.0497282 0.0297874 0.0158896 0.00944715 0.00857687 0.0110009 0.0152828 0.0206781 0.0266699 0.0327051 0.0381597 0.0424266 0.0450401 0.0457752 0.0446873 0.0420766 0.0383948 0.0341299 0.0297063 0.025427 0.0214654 0.0178906 0.0147094 0.0119039
 1.05393e-16 1.69573e-05 9.94814e-05 0.000472797 0.00182014 0.0056758 0.0143369 0.0293376 0.0486391 0.0653477 0.0711819 0.0629554 0.0454322 0.0272557 0.0146166 0.00881422 0.00814178 0.0105336 0.014692 0.0199491 0.0258402 0.0318618 0.0374377 0.0419999 0.0451012 0.0465074 0.0462336 0.0445131 0.0417155 0.038244 0.0344501 0.0305861 0.0268017 0.02317 0.0197254 0.0164934
 1.06739e-16 1.61482e-05 9.47326e-05 0.000450224 0.00173323 0.00540478 0.0136524 0.0279368 0.046317 0.0622285 0.067786 0.0599563 0.0432773 0.025982 0.013969 0.00848014 0.00789591 0.0102558 0.0143309 0.0194912 0.0252989 0.0312769 0.0368766 0.0415538 0.0448767 0.0466123 0.0467615 0.0455282 0.0432421 0.0402623 0.036898 0.033367 0.0297964 0.0262493 0.0227633 0.0193783
 1.07514e-16 1.58037e-05 9.27108e-05 0.000440614 0.00169624 0.00528941 0.0133609 0.0273404 0.0453283 0.0609003 0.0663393 0.0586772 0.042355 0.0254305 0.0136768 0.00831017 0.0077473 0.0100719 0.0140842 0.0191722 0.0249122 0.0308427 0.0364318 0.0411506 0.0445774 0.0464816 0.0468573 0.0458928 0.0438959 0.0412009 0.0380931 0.0347703 0.0313452 0.0278741 0.024394 0.020951
 1.07908e-16 1.56211e-05 9.16389e-05 0.000435519 0.00167662 0.00522824 0.0132064 0.0270243 0.0448041 0.0601962 0.0655727 0.058 0.0418681 0.0251419 0.0135285 0.00823117 0.00768591 0.00999997 0.013989 0.0190495 0.0247639 0.0306771 0.036264 0.0410021 0.0444743 0.0464516 0.0469258 0.0460796 0.044212 0.0416471 0.0386595 0.0354377 0.0320869 0.0286588 0.0251891 0.0217252
pSPR Fmed_Fpbrs
0.709394   0.258902 0.258902
Fs Fmed_Fpbrs
0.179228   1.005 1.005
SSBpbr Bo_Bmed_Bpbrs
1.36029e+06  896965  284166 284166
Ro
63423.7
SPR SPRFo_SPRFmed_SPRFpbrs
1.31023e+06 929467 339220
log_Ro
10.8776
likeval ReclasPelacesDesembMPH_pf_preclas_ppelaces_ptallas_desvR_qrecl_qpela
 317.225 140.877 1.07565 0.000820593 295.752 175.04 63.6225 0 0 0 0 0 0 0 0
q_reclas_q_pelaces
1 1
M
0.7
N
 63423.7 37706.7 18724.6 9298.36 9172.22
 63423.7 29983.1 16969.7 8426.9 8312.58
 63423.7 29565.8 13120.7 7425.99 7325.25
 63423.7 27768 11412.5 5064.63 5694.03
 63423.7 30689.9 13092.9 5381.11 5072.83
 63423.7 31273.7 15026.4 6410.57 5118.48
 63423.7 28348.2 12581.5 6045.19 4638.19
 63423.7 29269.7 12158.1 5396 4581.91
 63423.7 26196.7 10055.7 4176.95 3427.95
 63423.7 24293.7 7739.94 2971.01 2246.91
 63423.7 24108.4 7068.6 2252.04 1518.23
 63423.7 15485.9 2894.3 848.611 452.634
 63423.7 16283.3 2055.52 384.175 172.721
 63423.7 15699.4 2009.13 253.623 68.7134
 63423.7 16336.4 2097.47 268.425 43.065
 63423.7 25538 5333.75 684.815 101.7
 63423.7 29909.2 11436.6 2388.6 352.224
 63423.7 30440.4 13874.2 5305.21 1271.41
 63423.7 30807.4 14463.2 6592.06 3124.75
 63423.7 30858.8 14686.4 6894.83 4632.17
 63423.7 30740.4 14598.3 6947.65 5453.04
pred_Ctot
 2196.24 2555.97 1269.26 630.294 621.743
 2804.63 2579.89 1460.16 725.092 715.255
 5437.35 4804 2131.92 1206.61 1190.25
 1168.21 1011.36 415.662 184.463 207.386
 321.073 309.759 132.15 54.3127 51.2011
 4585.42 4322.21 2076.74 885.979 707.403
 3236.86 2803.1 1244.07 597.754 458.628
 7755.47 6625.39 2752.06 1221.42 1037.15
 10586.4 7860.19 3017.17 1253.28 1028.54
 10863.6 7458.4 2376.23 912.127 689.821
 24137.4 14208.8 4166.04 1327.29 894.802
 22871.6 8774.9 1640.02 480.855 256.48
 23797.5 9498.89 1199.1 224.11 100.757
 22787.7 8871.71 1135.36 143.323 38.8299
 8732.3 4121.94 529.227 67.7281 10.866
 2303.91 1814.05 378.875 48.6448 7.2241
 1530.69 1422.29 543.855 113.587 16.7495
 997.506 948.265 432.203 165.265 39.6063
 922.869 888.536 417.142 190.126 90.123
 1094.76 1054.02 501.634 235.502 158.218
 741.31 713.442 338.805 161.245 126.557
F
 0.0492045 0.0984089 0.0984089 0.0984089 0.0984089
 0.0632215 0.126443 0.126443 0.126443 0.126443
 0.125955 0.251909 0.251909 0.251909 0.251909
 0.0259062 0.0518125 0.0518125 0.0518125 0.0518125
 0.00706122 0.0141224 0.0141224 0.0141224 0.0141224
 0.105273 0.210547 0.210547 0.210547 0.210547
 0.073286 0.146572 0.146572 0.146572 0.146572
 0.184205 0.368411 0.368411 0.368411 0.368411
 0.259619 0.519238 0.519238 0.519238 0.519238
 0.267278 0.534556 0.534556 0.534556 0.534556
 0.709909 1.41982 1.41982 1.41982 1.41982
 0.6597 1.3194 1.3194 1.3194 1.3194
 0.696218 1.39244 1.39244 1.39244 1.39244
 0.656443 1.31289 1.31289 1.31289 1.31289
 0.20967 0.419341 0.419341 0.419341 0.419341
 0.0516727 0.103345 0.103345 0.103345 0.103345
 0.0340665 0.068133 0.068133 0.068133 0.068133
 0.0220835 0.044167 0.044167 0.044167 0.044167
 0.0204161 0.0408323 0.0408323 0.0408323 0.0408323
 0.0242599 0.0485197 0.0485197 0.0485197 0.0485197
 0.0163704 0.0327408 0.0327408 0.0327408 0.0327408
YTP_r0W_actual
 7783.75 17550.7 11519.4 7191.53 6935.34
YTP_p0W_proyectada
 157596 315308 218745 136363 109678
CTP_r0_actual
 741.31 713.442 338.805 161.245 126.557
CTP_p0_proyectada
 18540.7 14943.5 7125.25 3383.7 2384.31
Wmedp
 8.5 21.1 30.7 40.3 46
nmprior
 10.6 11 7 0
nm_flota  nm_reclas  nm_pelaces    nm_pelaL
inf 6.53845 6.25182 6.25182
cv_recla  cv_pelaces  cv_mph
1.78108 1.59241 0.954867
 ------------------------------------------------
Talla a la edad & desviaci?n 
 7.2 14.2025 17.0495 18.207 18.6776
 1.08 2.13037 2.55742 2.73105 2.80164
