years
 1997 1998 1999 2000 2001 2002 2003 2004 2005 2006 2007 2008 2009 2010 2011 2012 2013 2014 2015 2016 2017 2018
reclasobs
 0 0 0 370054 412103 1.49427e+06 250295 1.28982e+06 931140 785840 897777 1.04006e+06 184774 17550 25797 100020 73551 82996 120727 218422 84188 347160
reclaspred
 3.46224e+06 595832 1.68789e+06 1.06028e+06 1.00477e+06 1.07701e+06 1.78153e+06 928004 779227 574640 381623 272256 226767 208967 380032 624246 858986 1.29583e+06 1.36271e+06 1.46908e+06 1.51785e+06 1.10923e+06
pelacesobs
 0 0 0 0 0 0 0 0 0 2.06254e+06 1.5e+06 0 1.87456e+06 323000 250000 174000 83755 137374 0 501740 490994 745055
pelacespred
 1.89838e+06 733369 682486 783246 636048 559314 859751 645357 430100 321673 159476 123960 103338 87341.2 188752 333055 484007 709176 813527 850646 931356 739855
mphobs
 0 0 0 0 0 112323 0 153150 637223 0 255016 313432 73983 77613 109348 50772 0 0 0 0 0 0
mphpred
 2.56057e+06 1.23675e+06 952646 1.17052e+06 914906 962163 1.21625e+06 1.13265e+06 758115 577231 429319 252616 207749 178524 232504 470831 655483 999744 1.22398e+06 1.26844e+06 1.34817e+06 1.1666e+06
desembarqueobs
 350755 77701 442110 56441 14545 235359 269955 359681 431902 328805 639364 411747 362871 311530 167758 66681 60226 58785 57116 73181 50977 67692
desembarquepred
 350797 77714.1 442318 56447 14545.1 235327 269808 358702 429759 326764 632361 410406 362559 312833 168152 66732.8 60261.4 58804.3 57130.4 73201.4 50982.8 67694.9
Reclutas
 63234.5 63234.5 63234.5 63234.5 63234.5 63234.5 63234.5 63234.5 63234.5 63234.5 63234.5 63234.5 63234.5 63234.5 63234.5 63234.5 63234.5 63234.5 63234.5 63234.5 63234.5 63234.5
log_desv_Rt
 0 0 0 0 0 0 0 0 0 0 0 0 0 0 0 0 0 0 0 0 0 0
SSB
 2.56057e+06 1.23675e+06 952646 1.17052e+06 914906 962163 1.21625e+06 1.13265e+06 758115 577231 429319 252616 207749 178524 232504 470831 655483 999744 1.22398e+06 1.26844e+06 1.34817e+06 1.1666e+06
BT
 4.63502e+06 1.51057e+06 1.92126e+06 1.64456e+06 1.31718e+06 1.27782e+06 2.13967e+06 1.7768e+06 1.3919e+06 1.04795e+06 976495 728422 637000 512131 655948 788229 1.13702e+06 1.56057e+06 1.66947e+06 1.78175e+06 1.96683e+06 1.48228e+06
Ftot
 0.0987158 0.126871 0.252856 0.0520175 0.014174 0.211318 0.147141 0.369943 0.521814 0.537657 1.43131 1.33443 1.41037 1.33141 0.423887 0.104163 0.0684971 0.0443606 0.0409874 0.0486938 0.0328538 0.0595988
BD_Bspro_t
 0.985022 0.900345 0.831545 0.734592 0.788742 0.836052 0.767188 0.730053 0.608654 0.492761 0.391163 0.221658 0.188184 0.177296 0.222755 0.393484 0.557169 0.733111 0.818277 0.86269 0.886806 0.904774
BD_Bspro
 1.9613 0.947307 0.729691 0.896572 0.700784 0.736981 0.931604 0.86757 0.580688 0.442137 0.328842 0.193495 0.159128 0.136743 0.178089 0.360639 0.502076 0.765766 0.93752 0.971579 1.03265 0.893573
BD_Bo
 1.89157 0.913626 0.703747 0.864695 0.675868 0.710777 0.898482 0.836724 0.560042 0.426417 0.31715 0.186615 0.153471 0.131881 0.171757 0.347817 0.484224 0.73854 0.904187 0.937035 0.995935 0.861802
BD_Brms
 9.09713 4.39391 3.38453 4.15858 3.25045 3.41835 4.32107 4.02406 2.69341 2.05077 1.52527 0.897489 0.738087 0.634256 0.826033 1.67276 2.32878 3.55187 4.34851 4.50649 4.78976 4.14467
S_f
 0.5 1 1 1 1
 0.5 1 1 1 1
 0.5 1 1 1 1
 0.5 1 1 1 1
 0.5 1 1 1 1
 0.5 1 1 1 1
 0.5 1 1 1 1
 0.5 1 1 1 1
 0.5 1 1 1 1
 0.5 1 1 1 1
 0.5 1 1 1 1
 0.5 1 1 1 1
 0.5 1 1 1 1
 0.5 1 1 1 1
 0.5 1 1 1 1
 0.5 1 1 1 1
 0.5 1 1 1 1
 0.5 1 1 1 1
 0.5 1 1 1 1
 0.5 1 1 1 1
 0.5 1 1 1 1
 0.5 1 1 1 1
Scru_reclas
 0.5 1 1 1 1
 0.5 1 1 1 1
 0.5 1 1 1 1
 0.5 1 1 1 1
 0.5 1 1 1 1
 0.5 1 1 1 1
 0.5 1 1 1 1
 0.5 1 1 1 1
 0.5 1 1 1 1
 0.5 1 1 1 1
 0.5 1 1 1 1
 0.5 1 1 1 1
 0.5 1 1 1 1
 0.5 1 1 1 1
 0.5 1 1 1 1
 0.5 1 1 1 1
 0.5 1 1 1 1
 0.5 1 1 1 1
 0.5 1 1 1 1
 0.5 1 1 1 1
 0.5 1 1 1 1
 0.5 1 1 1 1
Scru_pelaces
 0.5 1 1 1 1
 0.5 1 1 1 1
 0.5 1 1 1 1
 0.5 1 1 1 1
 0.5 1 1 1 1
 0.5 1 1 1 1
 0.5 1 1 1 1
 0.5 1 1 1 1
 0.5 1 1 1 1
 0.5 1 1 1 1
 0.5 1 1 1 1
 0.5 1 1 1 1
 0.5 1 1 1 1
 0.5 1 1 1 1
 0.5 1 1 1 1
 0.5 1 1 1 1
 0.5 1 1 1 1
 0.5 1 1 1 1
 0.5 1 1 1 1
 0.5 1 1 1 1
 0.5 1 1 1 1
 0.5 1 1 1 1
pf_obs 
 0.256992 0.487395 0.22802 0.0275931 0
 0.321318 0.546541 0.124235 0.00734118 0.000564706
 0.182869 0.594174 0.210203 0.0122559 0.00049798
 0.330522 0.361315 0.267642 0.0388342 0.00168674
 0.649043 0.306663 0.0425973 0.00169635 0
 0.582887 0.30429 0.105238 0.00758474 0
 0.465427 0.430635 0.0974691 0.00646863 0
 0.296916 0.608066 0.0921331 0.00288517 0
 0.311714 0.524322 0.152257 0.0117073 0
 0.15457 0.633149 0.183074 0.0267441 0.00246327
 0.131901 0.49318 0.331252 0.0422183 0.00144891
 0.196976 0.569456 0.194076 0.0375587 0.00193317
 0.518974 0.381816 0.0799577 0.0180837 0.00116848
 0.0928022 0.601141 0.25162 0.0475244 0.00691264
 0.122501 0.610282 0.24278 0.0234846 0.000952079
 0.383417 0.481906 0.127806 0.00687128 0
 0.0376549 0.599619 0.316969 0.0457579 0
 0.0361596 0.667082 0.258105 0.0386534 0
 0.158088 0.579412 0.248529 0.0139706 0
 0.0477256 0.309471 0.559284 0.082774 0.000745712
 0.0406174 0.521527 0.379366 0.0568643 0.0016247
 0.151134 0.462217 0.34131 0.0453401 0
pf_pred 
 0.301964 0.351401 0.174501 0.0866545 0.085479
 0.338591 0.311383 0.176208 0.0875024 0.0863153
 0.368277 0.325247 0.144285 0.0816493 0.0805416
 0.391307 0.338592 0.139064 0.061691 0.0693469
 0.369814 0.356742 0.152106 0.0624716 0.0588662
 0.364668 0.343671 0.165106 0.0703972 0.0561573
 0.388285 0.336082 0.149099 0.07163 0.0549046
 0.400184 0.34167 0.141828 0.0629203 0.0533981
 0.446282 0.33094 0.1269 0.0526763 0.0432018
 0.487851 0.334306 0.106291 0.0407574 0.030794
 0.540651 0.317252 0.0927548 0.0294909 0.0198523
 0.674367 0.256678 0.0476242 0.0139239 0.00740714
 0.68606 0.271097 0.0337712 0.00626593 0.00280653
 0.694015 0.267054 0.0336176 0.00418783 0.00112504
 0.651566 0.304455 0.0383837 0.00483186 0.000763619
 0.507345 0.398496 0.0822737 0.0103725 0.00151208
 0.422548 0.392434 0.149657 0.0308982 0.00446331
 0.386479 0.367318 0.167318 0.0638077 0.0150767
 0.368008 0.354271 0.166273 0.0757397 0.0357085
 0.359731 0.346304 0.164785 0.0773403 0.051839
 0.356244 0.342814 0.162771 0.0774531 0.0607174
 0.353656 0.341032 0.162585 0.0771971 0.0655297
pobs_RECLAS
 0 0 0 0 0
 0 0 0 0 0
 0 0 0 0 0
 0 0 0 0 0
 0.835266 0.146461 0.0176864 0.000547809 3.91292e-05
 0.385257 0.428462 0.181853 0.0044286 0
 0.867414 0.0963971 0.0333333 0.00285562 0
 0.441836 0.489002 0.0689373 0.000224442 0
 0.779404 0.147425 0.0564933 0.0165055 0.000172143
 0.814271 0.122319 0.05973 0.00367925 0
 0.40263 0.566651 0.0304383 0.000280538 0
 0.475488 0.404961 0.113038 0.00651328 0
 0.955842 0.0263864 0.0167828 0.000988607 0
 0.975058 0.0227948 0.00214734 0 0
 0.738997 0.206755 0.0527124 0.00153531 0
 0.850938 0.134255 0.0134407 0.00136685 0
 0.542534 0.407297 0.0501686 0 0
 0.764087 0.199537 0.0359546 0.000420521 0
 0.470689 0.182191 0.310203 0.0369168 0
 0.84361 0.089868 0.0606195 0.00523954 0.000663233
 0.607945 0.314616 0.071237 0.00620181 0
 0.523733 0.453247 0.0230204 0 0
ppred_RECLAS
 0.302629 0.351067 0.174335 0.086572 0.0853975
 0.339523 0.310944 0.17596 0.0873791 0.0861937
 0.370432 0.324137 0.143793 0.0813708 0.0802669
 0.391685 0.338381 0.138977 0.0616527 0.0693038
 0.369911 0.356687 0.152082 0.062462 0.0588572
 0.3664 0.342734 0.164656 0.0702053 0.0560042
 0.389452 0.33544 0.148814 0.0714932 0.0547997
 0.403749 0.339639 0.140985 0.0625463 0.0530807
 0.452038 0.3275 0.12558 0.0521287 0.0427527
 0.493905 0.330355 0.105035 0.0402757 0.03043
 0.56547 0.30011 0.0877431 0.0278975 0.0187796
 0.693846 0.241323 0.0447753 0.0130909 0.00696404
 0.706808 0.25318 0.0315392 0.0058518 0.00262104
 0.712756 0.250698 0.0315586 0.00393134 0.00105613
 0.655567 0.300959 0.0379429 0.00477638 0.00075485
 0.508181 0.39782 0.0821342 0.0103549 0.00150952
 0.423066 0.392082 0.149522 0.0308704 0.0044593
 0.386797 0.367128 0.167232 0.0637746 0.0150689
 0.368296 0.354109 0.166198 0.0757052 0.0356922
 0.360072 0.34612 0.164698 0.0772991 0.0518114
 0.35647 0.342694 0.162714 0.077426 0.0606961
 0.354075 0.340811 0.16248 0.0771471 0.0654873
pobs_PELACES
 0 0 0 0 0
 0 0 0 0 0
 0 0 0 0 0
 0 0 0 0 0
 0 0 0 0 0
 0 0 0 0 0
 0 0 0 0 0
 0 0 0 0 0
 0 0 0 0 0
 0 0 0 0 0
 0.450072 0.473896 0.0757376 0.000293798 0
 0 0 0 0 0
 0.463077 0.371075 0.160297 0.00555027 0
 0.529543 0.364841 0.0842815 0.0213345 0
 0.631943 0.363953 0.00410389 0 0
 0.735681 0.248677 0.0153453 0.000297389 0
 0.695825 0.281241 0.0229344 0 0
 0.275771 0.60734 0.115278 0.00161068 0
 0 0 0 0 0
 0.896147 0.0623911 0.0374545 0.00400742 0
 0.803859 0.145111 0.0509908 3.86294e-05 0
 0.739449 0.233085 0.0266225 0.000797448 4.60066e-05
ppred_PELACES
 0.306078 0.349331 0.173472 0.0861439 0.0849753
 0.344233 0.308727 0.174705 0.086756 0.085579
 0.380213 0.319101 0.141559 0.0801066 0.0790198
 0.393732 0.337243 0.13851 0.0614452 0.0690706
 0.370457 0.356378 0.151951 0.062408 0.0588063
 0.374531 0.338336 0.162543 0.0693043 0.0552854
 0.395241 0.33226 0.147403 0.0708154 0.0542802
 0.418526 0.331222 0.137491 0.0609962 0.0517652
 0.47344 0.314709 0.120676 0.0500927 0.0410829
 0.516077 0.315882 0.100433 0.0385112 0.0290969
 0.622355 0.260822 0.0762565 0.0242453 0.0163211
 0.73853 0.206101 0.0382402 0.0111803 0.00594762
 0.752622 0.213618 0.026611 0.00493741 0.00221148
 0.75556 0.21334 0.0268559 0.00334551 0.000898753
 0.671184 0.287313 0.0362226 0.00455982 0.000720626
 0.512476 0.394346 0.0814169 0.0102645 0.00149634
 0.425827 0.390205 0.148807 0.0307227 0.00443796
 0.388535 0.366087 0.166758 0.0635939 0.0150262
 0.36987 0.353227 0.165783 0.0755165 0.0356032
 0.361926 0.345117 0.164221 0.0770752 0.0516613
 0.357714 0.342031 0.1624 0.0772762 0.0605787
 0.356327 0.339623 0.161913 0.0768781 0.0652589
pobs_pel_tallas
 0 0 0 0 0 0 0 0 0 0 0 0 0 0 0 0 0 0 0 0 0 0 0 0 0 0 0 0 0 0 0 0 0 0 0 0
 0 0 0 0 0 0 0 0 0 0 0 0 0 0 0 0 0 0 0 0 0 0 0 0 0 0 0 0 0 0 0 0 0 0 0 0
 0 0 0 0 0 0 0 0 0 0 0 0 0 0 0 0 0 0 0 0 0 0 0 0 0 0 0 0 0 0 0 0 0 0 0 0
 0 0 0 0 0 0 0 0 0 0 0 0 0 0 0 0 0 0 0 0 0 0 0 0 0 0 0 0 0 0 0 0 0 0 0 0
 0 0 0 0 0 0 0 0 0 0 0 0 0 0 0 0 0 0 0 0 0 0 0 0 0 0 0 0 0 0 0 0 0 0 0 0
 0 0 0 0 0 0 0 0 0 0 0 0 0 0 0 0 0 0 0 0 0 0 0 0 0 0 0 0 0 0 0 0 0 0 0 0
 0 0 0 0 0 0 0 0 0 0 0 0 0 0 0 0 0 0 0 0 0 0 0 0 0 0 0 0 0 0 0 0 0 0 0 0
 0 0 0 0 0 0 0 0 0 0 0 0 0 0 0 0 0 0 0 0 0 0 0 0 0 0 0 0 0 0 0 0 0 0 0 0
 0 0 0 0 0 0 0 0 0 0 0 0 0 0 0 0 0 0 0 0 0 0 0 0 0 0 0 0 0 0 0 0 0 0 0 0
 0 0 0 0 0 0 0 0 0 0 0 0 0 0 0 0 0 0 0 0 0 0 0 0 0 0 0 0 0 0 0 0 0 0 0 0
 0 0 0 0 0 0 0 0 1.78061e-05 0.00172719 0.00360574 0.0105946 0.0120993 0.0124554 0.0147524 0.0171206 0.0266825 0.0428682 0.0675386 0.121331 0.153587 0.119568 0.100827 0.0573624 0.0630603 0.0341343 0.0324427 0.0444173 0.0211091 0.0280891 0.0125444 0.00206551 0 0 0 0
 0 0 0 0 0 0 0 0 0 0 0 0 0 0 0 0 0 0 0 0 0 0 0 0 0 0 0 0 0 0 0 0 0 0 0 0
 0 0 0 0 0 0 0.0133647 0.0140871 0.0187388 0.0205184 0.03894 0.0496705 0.03968 0.0493445 0.0407372 0.0367815 0.0215668 0.0243155 0.0234873 0.0199281 0.019796 0.0243948 0.0301388 0.0376714 0.0412746 0.0863199 0.0771752 0.113111 0.0741005 0.0525337 0.0229764 0.00759418 0.00175318 0 0 0
 0 0 0 0 0 0 0 0 0 0 0.00219441 0.00772107 0.0458388 0.0604681 0.0671733 0.0775358 0.0609151 0.0617685 0.073594 0.0568108 0.0755445 0.0548602 0.0670107 0.0636378 0.0643287 0.046367 0.0373049 0.0286899 0.0247887 0.0153202 0.00654259 0.00121912 0.000365735 0 0 0
 0 0 0 0 0 0 0 0 0 0 0 0 0.000112435 0.00938835 0.0111873 0.0202946 0.0414886 0.0713402 0.111592 0.104902 0.108894 0.110636 0.117776 0.105296 0.107544 0.0401394 0.0192827 0.0124803 0.00416011 0.0028671 0.000618394 0 0 0 0 0
 0 0 0 0 0 0 0 0 0 0 0.00291406 0.0102884 0.027416 0.0768956 0.0749926 0.110853 0.0956884 0.0897413 0.0766577 0.0534642 0.0500743 0.0551293 0.0594112 0.0620874 0.0668451 0.0424026 0.0208742 0.0120726 0.0048766 0.00582813 0.00118941 0.000297354 0 0 0 0
 0 0.00264628 0.0354308 0.0461629 0.0458689 0.0383711 0.0214643 0.0164657 0.0346957 0.0420465 0.0363128 0.0245516 0.0311673 0.0291091 0.0169068 0.0133784 0.00837989 0.0085269 0.0148486 0.0160247 0.0276389 0.0546898 0.0760071 0.122758 0.109233 0.0665981 0.0333725 0.0166128 0.00676272 0.00308733 0.000882094 0 0 0 0 0
 0 0 0 0 0 0 0 0.000805153 0.000690131 0.00759144 0.0133425 0.0154129 0.00931677 0.000345066 0.00356568 0.00563607 0.00851162 0.0253048 0.0502646 0.0516448 0.0657925 0.0565908 0.0611916 0.0827007 0.0866115 0.110766 0.145733 0.0935128 0.0569358 0.0249597 0.0138026 0.00621118 0.00161031 0.00115022 0 0
 0 0 0 0 0 0 0 0 0 0 0 0 0 0 0 0 0 0 0 0 0 0 0 0 0 0 0 0 0 0 0 0 0 0 0 0
 0.00147267 0.00158595 0.00478618 0.00569244 0.00954404 0.0108468 0.00647125 0.017049 0.0510054 0.094081 0.124002 0.0959785 0.0687766 0.0820023 0.061753 0.0591476 0.0492212 0.0479892 0.0443925 0.0268479 0.0217502 0.0140895 0.0121071 0.0120363 0.00920419 0.00665534 0.0049561 0.00860946 0.00930331 0.0156896 0.0114698 0.00855282 0.00243557 0.00046729 0 2.83206e-05
 0 0 0 0 0.000772559 0.00158375 0.000888443 0.00281984 0.00712685 0.0440552 0.0773331 0.111326 0.0921469 0.0852325 0.0710754 0.0886704 0.0786465 0.0553345 0.0373146 0.0185414 0.00753245 0.00457741 0.012979 0.0271748 0.0457355 0.0583668 0.034881 0.0177882 0.00938659 0.00492506 0.0015258 0.00185414 0.000309023 5.79419e-05 3.86279e-05 0
 0 0.00173294 0.00326652 0 0.00397197 0.00683976 0.00946217 0.0152591 0.00757587 0.0136028 0.0228656 0.0392903 0.0559909 0.0764795 0.0681675 0.0726916 0.0566044 0.0477403 0.0527397 0.0444891 0.0609904 0.0582453 0.0661739 0.0445044 0.0529084 0.0360697 0.0280645 0.0235558 0.0158879 0.00826598 0.00280645 0.00217768 0.000904811 0.00058276 9.20147e-05 0
ppred_pel_tallas
 1.09507e-16 1.33734e-05 7.84423e-05 0.00037278 0.00143505 0.00447493 0.0113036 0.0231311 0.0383514 0.0515324 0.0561502 0.0497016 0.0359561 0.021749 0.0119898 0.00773929 0.00769164 0.0102549 0.01443 0.0196927 0.0256508 0.0318534 0.0377717 0.0428754 0.0467372 0.049116 0.0499894 0.0495235 0.0479983 0.0457167 0.0429322 0.0398145 0.0364562 0.0329046 0.0292015 0.02541
 1.09561e-16 1.50355e-05 8.82041e-05 0.000419196 0.00161379 0.0050323 0.0127114 0.0260113 0.0431242 0.0579377 0.0631088 0.0558116 0.0402691 0.0241435 0.012923 0.00776104 0.00714922 0.00926771 0.0129867 0.0177457 0.0231749 0.0288757 0.0343844 0.0392315 0.0430322 0.0455575 0.0467643 0.04677 0.0457895 0.0440596 0.041779 0.0390817 0.0360454 0.0327204 0.0291619 0.0254524
 1.08559e-16 1.66047e-05 9.74163e-05 0.00046299 0.0017824 0.00555812 0.0140396 0.0287289 0.0476289 0.0639871 0.0696909 0.0616158 0.0444198 0.0265573 0.0140772 0.00823694 0.00735153 0.0093917 0.0130937 0.0178302 0.0231953 0.0287642 0.0340522 0.0385775 0.0419564 0.0439784 0.0446358 0.0440938 0.042621 0.0405035 0.0379774 0.0351963 0.0322377 0.0291334 0.0259073 0.0226029
 1.07415e-16 1.7195e-05 0.00010088 0.000479452 0.00184578 0.00575575 0.0145388 0.0297505 0.0493226 0.0662629 0.0721705 0.0638101 0.0460062 0.0275143 0.0145994 0.00856374 0.00766133 0.00978724 0.0136258 0.018516 0.024022 0.0296858 0.0349876 0.039415 0.0425661 0.0442302 0.04442 0.0433392 0.0413067 0.0386621 0.035689 0.0325766 0.0294222 0.0262612 0.0231067 0.019981
 1.07166e-16 1.61809e-05 9.49244e-05 0.000451135 0.00173674 0.00541573 0.01368 0.0279933 0.0464108 0.0623547 0.0679237 0.0600787 0.043367 0.0260384 0.0140035 0.00850677 0.00792484 0.0102921 0.0143746 0.0195383 0.0253404 0.031299 0.0368625 0.0414861 0.0447418 0.0464051 0.0464889 0.0452112 0.0429143 0.0399656 0.0366762 0.0332583 0.0298265 0.0264277 0.0230818 0.0198131
 1.07383e-16 1.63579e-05 9.59649e-05 0.000456086 0.00175581 0.00547519 0.0138302 0.0283005 0.0469194 0.0630362 0.0686611 0.0607194 0.0438042 0.0262507 0.0140268 0.00838231 0.00766838 0.00989362 0.0138134 0.0187991 0.0244264 0.0302405 0.0357194 0.0403441 0.0437012 0.0455645 0.0459282 0.0449773 0.0430143 0.0403675 0.0373176 0.034059 0.0307027 0.0273038 0.0238983 0.0205306
 1.07171e-16 1.72606e-05 0.000101265 0.000481286 0.00185284 0.00577778 0.0145945 0.0298643 0.0495111 0.0665157 0.0724445 0.0640493 0.046172 0.0276004 0.0146213 0.00854009 0.00760237 0.00969455 0.0134972 0.0183511 0.0238251 0.0294686 0.0347683 0.0392169 0.0424128 0.044141 0.0444042 0.0433937 0.0414149 0.0387966 0.0358169 0.0326656 0.0294464 0.0262051 0.0229676 0.0197676
 1.06575e-16 1.82759e-05 0.000107226 0.000509625 0.00196195 0.00611803 0.0154539 0.0316228 0.0524258 0.0704292 0.0767011 0.0677991 0.0488456 0.029139 0.015327 0.00877975 0.00762671 0.00961825 0.0133504 0.018126 0.0235 0.0290163 0.0341603 0.0384261 0.0414171 0.0429263 0.0429685 0.0417489 0.0395885 0.0368312 0.0337673 0.0305946 0.0274189 0.0242821 0.0212004 0.018194
 1.05457e-16 2.06697e-05 0.000121282 0.00057645 0.00221925 0.00692041 0.0174806 0.0357694 0.0592983 0.0796559 0.0867338 0.07663 0.0551264 0.0327221 0.0169112 0.00921206 0.00747569 0.00913004 0.0125747 0.0170329 0.0220425 0.0271572 0.0318832 0.035739 0.0383509 0.0395304 0.039304 0.0378837 0.0355934 0.0327791 0.0297334 0.026656 0.0236524 0.0207605 0.0179867 0.015336
 1.04212e-16 2.2529e-05 0.000132197 0.000628341 0.00241904 0.00754347 0.0190544 0.0389895 0.0646356 0.0868225 0.0945294 0.083499 0.0600274 0.0355496 0.0182213 0.00968085 0.00756739 0.0090603 0.0124038 0.0167501 0.0216075 0.0265152 0.0309716 0.0344931 0.0367118 0.0374538 0.0367696 0.0349019 0.0322097 0.0290728 0.0258123 0.0226464 0.0196869 0.0169649 0.0144687 0.0121768
 1.02764e-16 2.71609e-05 0.000159396 0.000757659 0.00291697 0.00909624 0.0229765 0.047014 0.0779345 0.104675 0.113936 0.100569 0.0721422 0.0424083 0.0211536 0.010295 0.00692548 0.00759723 0.0101786 0.0136828 0.0176121 0.0215612 0.0251088 0.027854 0.0294951 0.0298943 0.0291034 0.0273361 0.0249047 0.0221391 0.0193194 0.0166367 0.0141893 0.0120027 0.0100612 0.00833567
 1.01273e-16 3.22244e-05 0.000189128 0.000899022 0.00346127 0.0107936 0.0272639 0.0557859 0.0924723 0.124191 0.135153 0.119234 0.0853936 0.0499213 0.0243862 0.0110112 0.00629348 0.00609941 0.00788482 0.0105067 0.0134542 0.0163745 0.0189264 0.0207939 0.0217463 0.0216901 0.0206882 0.0189366 0.0167109 0.0142987 0.0119418 0.00980272 0.00795965 0.00642246 0.00515944 0.00412292
 1.00721e-16 3.28392e-05 0.000192736 0.000916175 0.00352731 0.0109996 0.0277841 0.0568503 0.0942368 0.126561 0.137732 0.12151 0.0870256 0.0508786 0.0248593 0.0112327 0.00642811 0.00623049 0.00804276 0.0106936 0.013654 0.0165553 0.0190416 0.0207861 0.0215545 0.0212592 0.019979 0.0179343 0.0154291 0.0127787 0.0102473 0.00801138 0.00615292 0.00467627 0.00353687 0.00266971
 1.00608e-16 3.29673e-05 0.000193489 0.000919751 0.00354108 0.0110425 0.0278926 0.0570722 0.0946046 0.127055 0.138269 0.121983 0.0873629 0.0510726 0.0249481 0.0112628 0.00643097 0.00622083 0.00802468 0.0106666 0.0136161 0.0165039 0.018974 0.0206995 0.0214462 0.0211269 0.019821 0.0177497 0.0152184 0.012544 0.00999252 0.00774229 0.00587674 0.00440117 0.00327114 0.00242095
 1.00799e-16 2.92911e-05 0.000171899 0.000817098 0.00314581 0.00980988 0.0247791 0.0507024 0.0840488 0.112887 0.122874 0.108458 0.0777981 0.0457271 0.0227958 0.0110675 0.00739992 0.00806338 0.0107429 0.0143533 0.0183336 0.0222228 0.0255478 0.0278694 0.0288723 0.0284389 0.0266762 0.0238825 0.0204689 0.0168626 0.0134223 0.0103884 0.00787362 0.00588527 0.00436365 0.00322023
 1.01707e-16 2.23752e-05 0.000131286 0.000623997 0.00240229 0.0074912 0.0189225 0.0387202 0.0641913 0.0862325 0.0939048 0.0829895 0.0597528 0.0355708 0.0185687 0.0104039 0.00875843 0.0108443 0.0149046 0.0200464 0.0256895 0.0312497 0.0360876 0.0395967 0.0413326 0.0411138 0.0390605 0.035551 0.0311195 0.0263267 0.0216487 0.0174112 0.0137774 0.010777 0.00835525 0.00642098
 1.03503e-16 1.85968e-05 0.000109105 0.000518542 0.00199626 0.00622501 0.0157242 0.0321762 0.0533448 0.0716683 0.0780623 0.0690302 0.0497932 0.0298255 0.0159085 0.00945606 0.00858238 0.0110064 0.0152895 0.0206862 0.0266787 0.0327136 0.038166 0.0424284 0.0450349 0.0457606 0.0446617 0.0420389 0.0383454 0.0340702 0.0296384 0.025354 0.0213905 0.017817 0.0146399 0.0118406
 1.05374e-16 1.69697e-05 9.95542e-05 0.000473143 0.00182147 0.00567995 0.0143474 0.029359 0.0486747 0.0653955 0.0712339 0.0630013 0.0454652 0.0272751 0.0146263 0.00881906 0.00814511 0.0105372 0.0146966 0.0199549 0.025847 0.0318688 0.0374442 0.0420044 0.0451025 0.0465038 0.046224 0.0444967 0.0416919 0.0382138 0.0344141 0.0305457 0.0267587 0.0231263 0.0196826 0.0164531
 1.06727e-16 1.61553e-05 9.4774e-05 0.000450421 0.00173399 0.00540715 0.0136583 0.027949 0.0463372 0.0622558 0.0678156 0.0599824 0.0432961 0.0259931 0.0139746 0.00848292 0.00789783 0.0102579 0.0143336 0.0194946 0.0253029 0.0312812 0.0368806 0.0415567 0.0448778 0.0466108 0.0467565 0.0455194 0.0432291 0.0402453 0.0368775 0.0333438 0.0297714 0.0262236 0.0227379 0.0193541
 1.07506e-16 1.58085e-05 9.27389e-05 0.000440747 0.00169675 0.00529101 0.013365 0.0273487 0.045342 0.0609187 0.0663594 0.0586949 0.0423677 0.025438 0.0136805 0.00831192 0.00774839 0.010073 0.0140856 0.0191739 0.0249142 0.0308447 0.0364336 0.0411517 0.0445773 0.0464799 0.0468535 0.0458866 0.0438872 0.0411898 0.03808 0.0347556 0.0313295 0.0278579 0.0243781 0.0209359
 1.07903e-16 1.56247e-05 9.16603e-05 0.000435621 0.00167701 0.00522946 0.0132095 0.0270306 0.0448146 0.0602102 0.065588 0.0580134 0.0418777 0.0251475 0.0135313 0.00823243 0.00768663 0.0100006 0.0139899 0.0190505 0.024765 0.0306781 0.0362648 0.0410023 0.0444737 0.0464498 0.0469225 0.0460746 0.0442053 0.0416389 0.03865 0.0354271 0.0320757 0.0286474 0.025178 0.0217147
 1.081e-16 1.55641e-05 9.13047e-05 0.00043393 0.0016705 0.00520917 0.0131582 0.0269257 0.0446407 0.0599765 0.0653332 0.0577876 0.0417137 0.0250471 0.0134738 0.00819235 0.00764441 0.00994427 0.0139126 0.0189494 0.0246407 0.0305355 0.0361137 0.0408568 0.0443511 0.0463682 0.0468983 0.0461202 0.0443272 0.0418369 0.0389176 0.0357525 0.0324431 0.0290392 0.0255762 0.0221028
pSPR Fmed_Fpbrs
0.718744   0.25793 0.25793
Fs Fmed_Fpbrs
0.171456   1.005 1.005
SSBpbr Bo_Bmed_Bpbrs
1.35368e+06  905262  281470 281470
Ro
63234.5
SPR SPRFo_SPRFmed_SPRFpbrs
1.30555e+06 938354 336740
log_Ro
10.8746
likeval ReclasPelacesDesembMPH_pf_preclas_ppelaces_ptallas_desvR_qrecl_qpela
 323.377 141.924 1.14161 0.000812695 310.83 186.709 71.1358 0 0 0 0 0 0 0 0
q_reclas_q_pelaces
1 1
M
0.7
N
 63234.5 37594.2 18668.7 9270.62 9144.85
 63234.5 29889 16913.9 8399.18 8285.23
 63234.5 29471.2 13073.9 7398.4 7298.03
 63234.5 27672 11365.2 5041.81 5667.5
 63234.5 30595.1 13045 5357.73 5048.53
 63234.5 31179.6 14979.3 6386.78 5094.87
 63234.5 28252.7 12534 6021.57 4615.55
 63234.5 29174 12110.2 5372.55 4559.48
 63234.5 26098.5 10007.5 4154.14 3406.97
 63234.5 24190.1 7691.11 2949.17 2228.22
 63234.5 23999.2 7016.65 2230.91 1501.77
 63234.5 15351.2 2848.28 832.751 443.002
 63234.5 16113.1 2007.25 372.427 166.811
 63234.5 15512.8 1952.8 243.265 65.3518
 63234.5 16137.5 2034.51 256.111 40.4753
 63234.5 25404 5244.92 661.245 96.3948
 63234.5 29807.7 11367.3 2346.9 339.016
 63234.5 30344.1 13822.1 5271.14 1245.49
 63234.5 30712.5 14414.6 6566.04 3095.64
 63234.5 30764.3 14638.9 6870.61 4605.17
 63234.5 30646 14551 6923.96 5427.86
 63234.5 30889.7 14726.5 6992.29 5935.49
pred_Ctot
 2196.36 2555.95 1269.25 630.289 621.738
 2805.45 2580.02 1460 725.016 715.18
 5440.39 4804.73 2131.46 1206.17 1189.81
 1169.28 1011.76 415.542 184.342 207.218
 321.281 309.924 132.144 54.273 51.1408
 4587.72 4323.57 2077.13 885.635 706.489
 3239.33 2803.82 1243.88 597.586 458.051
 7761.93 6627 2750.88 1220.4 1035.7
 10601.4 7861.46 3014.49 1251.32 1026.25
 10886.9 7460.4 2372 909.545 687.201
 24206.3 14204.2 4152.88 1320.38 888.837
 22995.7 8752.63 1623.97 474.8 252.581
 23948.9 9463.43 1178.88 218.731 97.9701
 22957.1 8833.8 1112.03 138.528 37.2148
 8792.12 4108.26 517.943 65.2004 10.3042
 2314.79 1818.16 375.378 47.3252 6.89896
 1534.15 1424.82 543.361 112.183 16.205
 998.847 949.327 432.431 164.91 38.9656
 923.58 889.104 417.292 190.082 89.6166
 1095.37 1054.49 501.766 235.499 157.848
 741.631 713.671 338.858 161.242 126.402
 1337.47 1289.73 614.871 291.947 247.823
F
 0.0493579 0.0987158 0.0987158 0.0987158 0.0987158
 0.0634353 0.126871 0.126871 0.126871 0.126871
 0.126428 0.252856 0.252856 0.252856 0.252856
 0.0260087 0.0520175 0.0520175 0.0520175 0.0520175
 0.00708701 0.014174 0.014174 0.014174 0.014174
 0.105659 0.211318 0.211318 0.211318 0.211318
 0.0735707 0.147141 0.147141 0.147141 0.147141
 0.184971 0.369943 0.369943 0.369943 0.369943
 0.260907 0.521814 0.521814 0.521814 0.521814
 0.268829 0.537657 0.537657 0.537657 0.537657
 0.715653 1.43131 1.43131 1.43131 1.43131
 0.667214 1.33443 1.33443 1.33443 1.33443
 0.705186 1.41037 1.41037 1.41037 1.41037
 0.665704 1.33141 1.33141 1.33141 1.33141
 0.211943 0.423887 0.423887 0.423887 0.423887
 0.0520813 0.104163 0.104163 0.104163 0.104163
 0.0342485 0.0684971 0.0684971 0.0684971 0.0684971
 0.0221803 0.0443606 0.0443606 0.0443606 0.0443606
 0.0204937 0.0409874 0.0409874 0.0409874 0.0409874
 0.0243469 0.0486938 0.0486938 0.0486938 0.0486938
 0.0164269 0.0328538 0.0328538 0.0328538 0.0328538
 0.0297994 0.0595988 0.0595988 0.0595988 0.0595988
YTP_r0W_actual
 8024.8 22441.3 17154.9 11152.4 8921.62
YTP_p0W_proyectada
 157126 310173 213983 133916 106534
CTP_r0_actual
 1337.47 1289.73 614.871 291.947 247.823
CTP_p0_proyectada
 18485.4 14700.2 6970.11 3322.97 2315.95
Wmedp
 8.5 21.1 30.7 40.3 46
nmprior
 10.6 11 7 0
nm_flota  nm_reclas  nm_pelaces    nm_pelaL
inf 6.72211 5.87504 5.87504
cv_recla  cv_pelaces  cv_mph
1.75031 1.52394 0.924915
 ------------------------------------------------
Talla a la edad & desviaci?n 
 7.2 14.2025 17.0495 18.207 18.6776
 1.08 2.13037 2.55742 2.73105 2.80164
