years
 1997 1998 1999 2000 2001 2002 2003 2004 2005 2006 2007 2008 2009 2010 2011 2012 2013 2014 2015 2016 2017 2018 2019
reclasobs
 0 0 0 370054 412103 1.49427e+06 250295 1.28982e+06 931140 785840 897777 1.04006e+06 184774 17550 25797 100020 73551 82996 120727 218422 84188 347160 605670
reclaspred
 473592 122496 310893 216214 353833 431739 946075 647422 732001 748757 632506 439457 272560 113959 68014.1 64504.3 77641.1 104526 112319 154149 234691 222628 388654
pelacesobs
 0 0 0 0 0 0 0 0 0 2.06254e+06 1.5e+06 0 1.87456e+06 323000 250000 174000 83755 137374 0 501740 490994 745055 786931
pelacespred
 1.89865e+06 446586 663155 755110 1.08231e+06 1.09097e+06 2.68025e+06 2.21358e+06 2.2204e+06 2.31797e+06 1.72323e+06 1.25574e+06 743913 239153 141529 151234 191819 273865 302769 400405 708210 667591 895212
mphobs
 0 0 0 0 0 112323 0 153150 637223 0 255016 313432 73983 77613 109348 50772 0 0 0 0 0 0 0
mphpred
 175424 96430.8 107439 105394 124486 212216 302920 371263 318375 339212 353540 250352 157931 82097.1 34961.4 27753.3 31182.9 41346.3 52083.7 59099.1 89676.4 111550 141002
desembarqueobs
 350755 77701 442110 56441 14545 235359 269955 359681 431902 328805 639364 411747 362871 311530 167758 66681 60226 58785 57116 73181 50977 67692 138656
desembarquepred
 350761 77699.3 442088 56443.9 14545.3 235433 270016 359675 431945 328814 639320 411781 362938 311624 167587 66677.5 60253.1 58778.8 57101 73177.8 50979.3 67681.7 138653
Reclutas
 36374.7 44306.4 23009.6 35528.6 62898.8 44232.1 78573.9 76709.2 99834.3 117005 67425 46107.5 45557.4 24631.9 14405.1 13399.8 10254 11847.9 12620.9 20574 27285.9 35549.4 57299
log_desv_Rt
 0.0414974 0.238755 -0.416462 0.017963 0.589153 0.237075 0.811664 0.787647 1.05114 1.20984 0.658641 0.278602 0.266599 -0.348333 -0.884791 -0.957136 -1.22471 -1.08022 -1.01702 -0.528349 -0.246005 0.0185482 0.495908
SSB
 450007 247369 275608 270362 319337 544388 777065 952382 816712 870163 906917 642216 405132 210599 89684.7 71194.2 79991.9 106064 133608 151604 230042 286154 361705
BT
 1.54634e+06 377133 660656 496593 649500 764966 1.83327e+06 1.68006e+06 1.7425e+06 1.67862e+06 1.55361e+06 1.08555e+06 795361 434041 228897 145910 164359 209900 217956 296409 459936 426054 598729
Ftot
 0.958978 0.877489 1.50832 0.318891 0.0547866 0.512585 0.323269 0.643169 0.72914 0.541914 1.00992 0.882916 1.40063 2.75631 3.18501 1.36603 1.00363 0.683015 0.547686 0.576365 0.264427 0.319401 0.376451
BD_Bspro_t
 0.910757 0.639692 0.561649 0.382251 0.549295 0.726877 0.674153 0.689894 0.62273 0.593095 0.572717 0.415751 0.312639 0.212279 0.114887 0.113061 0.168945 0.276971 0.380653 0.469777 0.600292 0.710088 0.722346
BD_Bspro
 0.625712 0.343954 0.38322 0.375926 0.444022 0.756944 1.08047 1.32424 1.1356 1.20992 1.26102 0.892969 0.563317 0.292828 0.124702 0.098992 0.111225 0.147476 0.185775 0.210798 0.319862 0.397884 0.502933
BD_Bo
 0.511716 0.28129 0.313402 0.307437 0.363127 0.619039 0.883623 1.08298 0.928707 0.989488 1.03128 0.730282 0.460688 0.239479 0.101983 0.080957 0.0909611 0.120608 0.151929 0.172393 0.261587 0.325394 0.411305
BD_Brms
 1.41564 0.778176 0.867013 0.85051 1.00457 1.71254 2.4445 2.99602 2.56922 2.73737 2.85299 2.02029 1.27447 0.662507 0.282131 0.223964 0.25164 0.333656 0.420305 0.476917 0.72367 0.900188 1.13786
S_f
 0.106358 0.693376 0.977255 0.998777 0.999936
 0.106358 0.693376 0.977255 0.998777 0.999936
 0.106358 0.693376 0.977255 0.998777 0.999936
 0.106358 0.693376 0.977255 0.998777 0.999936
 0.106358 0.693376 0.977255 0.998777 0.999936
 0.106358 0.693376 0.977255 0.998777 0.999936
 0.106358 0.693376 0.977255 0.998777 0.999936
 0.106358 0.693376 0.977255 0.998777 0.999936
 0.106358 0.693376 0.977255 0.998777 0.999936
 0.106358 0.693376 0.977255 0.998777 0.999936
 0.106358 0.693376 0.977255 0.998777 0.999936
 0.106358 0.693376 0.977255 0.998777 0.999936
 0.106358 0.693376 0.977255 0.998777 0.999936
 0.106358 0.693376 0.977255 0.998777 0.999936
 0.106358 0.693376 0.977255 0.998777 0.999936
 0.106358 0.693376 0.977255 0.998777 0.999936
 0.106358 0.693376 0.977255 0.998777 0.999936
 0.106358 0.693376 0.977255 0.998777 0.999936
 0.106358 0.693376 0.977255 0.998777 0.999936
 0.106358 0.693376 0.977255 0.998777 0.999936
 0.106358 0.693376 0.977255 0.998777 0.999936
 0.106358 0.693376 0.977255 0.998777 0.999936
 0.106358 0.693376 0.977255 0.998777 0.999936
Scru_reclas
 0.787092 1 1 1 1
 0.787092 1 1 1 1
 0.787092 1 1 1 1
 0.787092 1 1 1 1
 0.787092 1 1 1 1
 0.787092 1 1 1 1
 0.787092 1 1 1 1
 0.787092 1 1 1 1
 0.787092 1 1 1 1
 0.787092 1 1 1 1
 0.787092 1 1 1 1
 0.787092 1 1 1 1
 0.787092 1 1 1 1
 0.787092 1 1 1 1
 0.787092 1 1 1 1
 0.787092 1 1 1 1
 0.787092 1 1 1 1
 0.787092 1 1 1 1
 0.787092 1 1 1 1
 0.787092 1 1 1 1
 0.787092 1 1 1 1
 0.787092 1 1 1 1
 0.787092 1 1 1 1
Scru_pelaces
 0.685095 1 1 1 1
 0.685095 1 1 1 1
 0.685095 1 1 1 1
 0.685095 1 1 1 1
 0.685095 1 1 1 1
 0.685095 1 1 1 1
 0.685095 1 1 1 1
 0.685095 1 1 1 1
 0.685095 1 1 1 1
 0.685095 1 1 1 1
 0.685095 1 1 1 1
 0.685095 1 1 1 1
 0.685095 1 1 1 1
 0.685095 1 1 1 1
 0.685095 1 1 1 1
 0.685095 1 1 1 1
 0.685095 1 1 1 1
 0.685095 1 1 1 1
 0.685095 1 1 1 1
 0.685095 1 1 1 1
 0.685095 1 1 1 1
 0.685095 1 1 1 1
 0.685095 1 1 1 1
pf_obs 
 0.256992 0.487395 0.22802 0.0275931 0
 0.321318 0.546541 0.124235 0.00734118 0.000564706
 0.182869 0.594174 0.210203 0.0122559 0.00049798
 0.330522 0.361315 0.267642 0.0388342 0.00168674
 0.649043 0.306663 0.0425973 0.00169635 0
 0.582887 0.30429 0.105238 0.00758474 0
 0.465427 0.430635 0.0974691 0.00646863 0
 0.296916 0.608066 0.0921331 0.00288517 0
 0.311714 0.524322 0.152257 0.0117073 0
 0.15457 0.633149 0.183074 0.0267441 0.00246327
 0.131901 0.49318 0.331252 0.0422183 0.00144891
 0.196976 0.569456 0.194076 0.0375587 0.00193317
 0.518974 0.381816 0.0799577 0.0180837 0.00116848
 0.0928022 0.601141 0.25162 0.0475244 0.00691264
 0.122501 0.610282 0.24278 0.0234846 0.000952079
 0.383417 0.481906 0.127806 0.00687128 0
 0.0376549 0.599619 0.316969 0.0457579 0
 0.0361596 0.667082 0.258105 0.0386534 0
 0.158088 0.579412 0.248529 0.0139706 0
 0.0477256 0.309471 0.559284 0.082774 0.000745712
 0.0406174 0.521527 0.379366 0.0568643 0.0016247
 0.151134 0.462217 0.34131 0.0453401 0
 0.294876 0.26143 0.354403 0.0886775 0.000613685
pf_pred 
 0.305474 0.474819 0.196235 0.0234594 1.28414e-05
 0.287076 0.55666 0.122046 0.0306724 0.00354604
 0.159815 0.63984 0.171013 0.0230746 0.00625828
 0.278799 0.459237 0.223886 0.0327049 0.00537357
 0.284604 0.496005 0.157733 0.0528851 0.00877393
 0.145503 0.585892 0.204319 0.0464995 0.0177869
 0.246981 0.392699 0.276717 0.0640139 0.019589
 0.199772 0.545904 0.156619 0.0754719 0.0222323
 0.247244 0.480106 0.21013 0.0389395 0.0235801
 0.240013 0.535982 0.164828 0.0459301 0.0132464
 0.141462 0.588343 0.212354 0.0428779 0.014963
 0.14393 0.493827 0.284232 0.0617694 0.0162411
 0.215883 0.464246 0.220902 0.0782101 0.0207596
 0.208722 0.602721 0.137079 0.036008 0.0154709
 0.279206 0.602515 0.105143 0.00972042 0.0034154
 0.329744 0.593909 0.0712368 0.00457955 0.000531106
 0.220344 0.633081 0.136754 0.00918832 0.00063291
 0.243145 0.517341 0.210201 0.0274108 0.0019013
 0.21932 0.540754 0.1851 0.04829 0.00653512
 0.286381 0.46491 0.192791 0.0434154 0.0125023
 0.252762 0.542539 0.151764 0.0412952 0.0116399
 0.228512 0.509132 0.208278 0.040345 0.0137336
 0.266408 0.470332 0.194784 0.0546415 0.013835
pobs_RECLAS
 0 0 0 0 0
 0 0 0 0 0
 0 0 0 0 0
 0 0 0 0 0
 0.835266 0.146461 0.0176864 0.000547809 3.91292e-05
 0.385257 0.428462 0.181853 0.0044286 0
 0.867414 0.0963971 0.0333333 0.00285562 0
 0.441836 0.489002 0.0689373 0.000224442 0
 0.779404 0.147425 0.0564933 0.0165055 0.000172143
 0.814271 0.122319 0.05973 0.00367925 0
 0.40263 0.566651 0.0304383 0.000280538 0
 0.475488 0.404961 0.113038 0.00651328 0
 0.955842 0.0263864 0.0167828 0.000988607 0
 0.975058 0.0227948 0.00214734 0 0
 0.738997 0.206755 0.0527124 0.00153531 0
 0.850938 0.134255 0.0134407 0.00136685 0
 0.542534 0.407297 0.0501686 0 0
 0.764087 0.199537 0.0359546 0.000420521 0
 0.470689 0.182191 0.310203 0.0369168 0
 0.84361 0.089868 0.0606195 0.00523954 0.000663233
 0.607945 0.314616 0.071237 0.00620181 0
 0.523733 0.453247 0.0230204 0 0
 0.530135 0.295979 0.169645 0.0042399 0
ppred_RECLAS
 0.724882 0.208916 0.0592821 0.00691553 3.78054e-06
 0.698746 0.252622 0.0381829 0.0093671 0.00108154
 0.538204 0.382539 0.0679238 0.00891825 0.00241528
 0.692574 0.219506 0.0753841 0.0107686 0.00176722
 0.69222 0.234658 0.0528951 0.0173514 0.00287535
 0.496942 0.381338 0.093099 0.0207087 0.00791182
 0.665545 0.203574 0.101038 0.0228566 0.00698605
 0.594082 0.307135 0.0613825 0.0288985 0.00850228
 0.662785 0.242247 0.0735927 0.0133197 0.00805574
 0.645855 0.274425 0.0590181 0.0160725 0.00462968
 0.497818 0.382522 0.0945448 0.0186241 0.00649064
 0.50992 0.326081 0.129353 0.0274396 0.00720543
 0.640386 0.246776 0.0785721 0.0270862 0.00717937
 0.653333 0.292499 0.0397709 0.0100765 0.00432101
 0.740027 0.233825 0.0233467 0.00207431 0.000727285
 0.739887 0.239502 0.0192655 0.00120613 0.000139681
 0.619138 0.328801 0.0486528 0.0031892 0.000219389
 0.653363 0.262392 0.0741458 0.009445 0.00065432
 0.61969 0.290624 0.069555 0.0177338 0.00239699
 0.702793 0.216672 0.0627542 0.0138097 0.00397187
 0.656345 0.271739 0.0536269 0.0142711 0.00401785
 0.631478 0.27071 0.0780106 0.0147772 0.00502421
 0.679648 0.230249 0.067058 0.018393 0.00465143
pobs_PELACES
 0 0 0 0 0
 0 0 0 0 0
 0 0 0 0 0
 0 0 0 0 0
 0 0 0 0 0
 0 0 0 0 0
 0 0 0 0 0
 0 0 0 0 0
 0 0 0 0 0
 0 0 0 0 0
 0.450072 0.473896 0.0757376 0.000293798 0
 0 0 0 0 0
 0.463077 0.371075 0.160297 0.00555027 0
 0.529543 0.364841 0.0842815 0.0213345 0
 0.631943 0.363953 0.00410389 0 0
 0.735681 0.248677 0.0153453 0.000297389 0
 0.695825 0.281241 0.0229344 0 0
 0.275771 0.60734 0.115278 0.00161068 0
 0 0 0 0 0
 0.896147 0.0623911 0.0374545 0.00400742 0
 0.803859 0.145111 0.0509908 3.86294e-05 0
 0.739449 0.233085 0.0266225 0.000797448 4.60066e-05
 0.878498 0.100942 0.0204185 0.000141795 0
ppred_PELACES
 0.738241 0.203001 0.0526543 0.00610068 3.33386e-06
 0.707972 0.248096 0.0345396 0.00842067 0.000971935
 0.581667 0.354637 0.0546719 0.00710182 0.00192223
 0.677807 0.232024 0.0773378 0.0110226 0.0018087
 0.664539 0.25608 0.0574285 0.0188312 0.0031205
 0.489973 0.391136 0.091014 0.0201713 0.00770501
 0.651102 0.214917 0.103486 0.0233567 0.00713802
 0.594213 0.311594 0.0586324 0.027478 0.00808236
 0.667584 0.243401 0.0690614 0.012435 0.00751857
 0.640718 0.281604 0.0575643 0.0156163 0.00449735
 0.517544 0.375702 0.0844765 0.0165218 0.00575577
 0.5248 0.324947 0.11867 0.0250161 0.00656682
 0.679134 0.229223 0.0640086 0.0218473 0.00578766
 0.743785 0.224297 0.0235573 0.00585287 0.00250719
 0.825027 0.161596 0.0119725 0.00103994 0.000364176
 0.765096 0.218379 0.0154563 0.000958311 0.000110923
 0.635045 0.318999 0.0429667 0.00279647 0.000192299
 0.655362 0.264905 0.0702162 0.00890115 0.000616482
 0.614817 0.297921 0.0677353 0.0172028 0.00232473
 0.700164 0.221799 0.0608627 0.0133387 0.00383557
 0.637544 0.288109 0.0554665 0.014733 0.00414745
 0.615295 0.284861 0.0796686 0.0150571 0.00511874
 0.667362 0.241479 0.0678916 0.0185719 0.00469599
pobs_pel_tallas
 0 0 0 0 0 0 0 0 0 0 0 0 0 0 0 0 0 0 0 0 0 0 0 0 0 0 0 0 0 0 0 0 0 0 0 0
 0 0 0 0 0 0 0 0 0 0 0 0 0 0 0 0 0 0 0 0 0 0 0 0 0 0 0 0 0 0 0 0 0 0 0 0
 0 0 0 0 0 0 0 0 0 0 0 0 0 0 0 0 0 0 0 0 0 0 0 0 0 0 0 0 0 0 0 0 0 0 0 0
 0 0 0 0 0 0 0 0 0 0 0 0 0 0 0 0 0 0 0 0 0 0 0 0 0 0 0 0 0 0 0 0 0 0 0 0
 0 0 0 0 0 0 0 0 0 0 0 0 0 0 0 0 0 0 0 0 0 0 0 0 0 0 0 0 0 0 0 0 0 0 0 0
 0 0 0 0 0 0 0 0 0 0 0 0 0 0 0 0 0 0 0 0 0 0 0 0 0 0 0 0 0 0 0 0 0 0 0 0
 0 0 0 0 0 0 0 0 0 0 0 0 0 0 0 0 0 0 0 0 0 0 0 0 0 0 0 0 0 0 0 0 0 0 0 0
 0 0 0 0 0 0 0 0 0 0 0 0 0 0 0 0 0 0 0 0 0 0 0 0 0 0 0 0 0 0 0 0 0 0 0 0
 0 0 0 0 0 0 0 0 0 0 0 0 0 0 0 0 0 0 0 0 0 0 0 0 0 0 0 0 0 0 0 0 0 0 0 0
 0 0 0 0 0 0 0 0 0 0 0 0 0 0 0 0 0 0 0 0 0 0 0 0 0 0 0 0 0 0 0 0 0 0 0 0
 0 0 0 0 0 0 0 0 1.78061e-05 0.00172719 0.00360574 0.0105946 0.0120993 0.0124554 0.0147524 0.0171206 0.0266825 0.0428682 0.0675386 0.121331 0.153587 0.119568 0.100827 0.0573624 0.0630603 0.0341343 0.0324427 0.0444173 0.0211091 0.0280891 0.0125444 0.00206551 0 0 0 0
 0 0 0 0 0 0 0 0 0 0 0 0 0 0 0 0 0 0 0 0 0 0 0 0 0 0 0 0 0 0 0 0 0 0 0 0
 0 0 0 0 0 0 0.0133647 0.0140871 0.0187388 0.0205184 0.03894 0.0496705 0.03968 0.0493445 0.0407372 0.0367815 0.0215668 0.0243155 0.0234873 0.0199281 0.019796 0.0243948 0.0301388 0.0376714 0.0412746 0.0863199 0.0771752 0.113111 0.0741005 0.0525337 0.0229764 0.00759418 0.00175318 0 0 0
 0 0 0 0 0 0 0 0 0 0 0.00219441 0.00772107 0.0458388 0.0604681 0.0671733 0.0775358 0.0609151 0.0617685 0.073594 0.0568108 0.0755445 0.0548602 0.0670107 0.0636378 0.0643287 0.046367 0.0373049 0.0286899 0.0247887 0.0153202 0.00654259 0.00121912 0.000365735 0 0 0
 0 0 0 0 0 0 0 0 0 0 0 0 0.000112435 0.00938835 0.0111873 0.0202946 0.0414886 0.0713402 0.111592 0.104902 0.108894 0.110636 0.117776 0.105296 0.107544 0.0401394 0.0192827 0.0124803 0.00416011 0.0028671 0.000618394 0 0 0 0 0
 0 0 0 0 0 0 0 0 0 0 0.00291406 0.0102884 0.027416 0.0768956 0.0749926 0.110853 0.0956884 0.0897413 0.0766577 0.0534642 0.0500743 0.0551293 0.0594112 0.0620874 0.0668451 0.0424026 0.0208742 0.0120726 0.0048766 0.00582813 0.00118941 0.000297354 0 0 0 0
 0 0.00264628 0.0354308 0.0461629 0.0458689 0.0383711 0.0214643 0.0164657 0.0346957 0.0420465 0.0363128 0.0245516 0.0311673 0.0291091 0.0169068 0.0133784 0.00837989 0.0085269 0.0148486 0.0160247 0.0276389 0.0546898 0.0760071 0.122758 0.109233 0.0665981 0.0333725 0.0166128 0.00676272 0.00308733 0.000882094 0 0 0 0 0
 0 0 0 0 0 0 0 0.000805153 0.000690131 0.00759144 0.0133425 0.0154129 0.00931677 0.000345066 0.00356568 0.00563607 0.00851162 0.0253048 0.0502646 0.0516448 0.0657925 0.0565908 0.0611916 0.0827007 0.0866115 0.110766 0.145733 0.0935128 0.0569358 0.0249597 0.0138026 0.00621118 0.00161031 0.00115022 0 0
 0 0 0 0 0 0 0 0 0 0 0 0 0 0 0 0 0 0 0 0 0 0 0 0 0 0 0 0 0 0 0 0 0 0 0 0
 0.00147267 0.00158595 0.00478618 0.00569244 0.00954404 0.0108468 0.00647125 0.017049 0.0510054 0.094081 0.124002 0.0959785 0.0687766 0.0820023 0.061753 0.0591476 0.0492212 0.0479892 0.0443925 0.0268479 0.0217502 0.0140895 0.0121071 0.0120363 0.00920419 0.00665534 0.0049561 0.00860946 0.00930331 0.0156896 0.0114698 0.00855282 0.00243557 0.00046729 0 2.83206e-05
 0 0 0 0 0.000772559 0.00158375 0.000888443 0.00281984 0.00712685 0.0440552 0.0773331 0.111326 0.0921469 0.0852325 0.0710754 0.0886704 0.0786465 0.0553345 0.0373146 0.0185414 0.00753245 0.00457741 0.012979 0.0271748 0.0457355 0.0583668 0.034881 0.0177882 0.00938659 0.00492506 0.0015258 0.00185414 0.000309023 5.79419e-05 3.86279e-05 0
 0 0.00173294 0.00326652 0 0.00397197 0.00683976 0.00946217 0.0152591 0.00757587 0.0136028 0.0228656 0.0392903 0.0559909 0.0764795 0.0681675 0.0726916 0.0566044 0.0477403 0.0527397 0.0444891 0.0609904 0.0582453 0.0661739 0.0445044 0.0529084 0.0360697 0.0280645 0.0235558 0.0158879 0.00826598 0.00280645 0.00217768 0.000904811 0.00058276 9.20147e-05 0
 0 0 0 0 0 0 0 0 0 0 0 0 0 0 0 0 0 0 0 0 0 0 0 0 0 0 0 0 0 0 0 0 0 0 0 0
ppred_pel_tallas
 1.01024e-16 3.22117e-05 0.000189054 0.000898668 0.00345991 0.0107894 0.0272532 0.0557639 0.0924359 0.124142 0.135099 0.119185 0.0853565 0.0498952 0.0243653 0.0109888 0.00626383 0.00605929 0.00783363 0.0104472 0.0133931 0.0163228 0.0188983 0.0208044 0.0218079 0.021809 0.0208606 0.0191479 0.0169365 0.0145075 0.0121017 0.00988633 0.00794922 0.00631265 0.00495768 0.00384728
 1.00906e-16 3.08937e-05 0.000181311 0.000861852 0.00331814 0.0103473 0.0261365 0.0534795 0.0886506 0.119063 0.129584 0.114349 0.0819562 0.0480349 0.023694 0.0110858 0.00687251 0.00710456 0.00934073 0.0124608 0.0159254 0.0193243 0.0222478 0.0243161 0.0252556 0.0249622 0.0235238 0.0211922 0.0183164 0.015259 0.0123246 0.00971758 0.0075341 0.00578185 0.00441281 0.00335566
 1.01226e-16 2.53905e-05 0.000148993 0.000708186 0.00272645 0.0085021 0.0214759 0.0439443 0.0728491 0.0978543 0.106537 0.0940987 0.0676316 0.0400203 0.0204497 0.0107565 0.00826509 0.00977769 0.0132923 0.0178274 0.022803 0.0276778 0.0318736 0.0348476 0.0362069 0.0358002 0.0337508 0.0304165 0.0262948 0.021904 0.017681 0.0139204 0.0107632 0.00822427 0.00623844 0.00470627
 1.01637e-16 2.95778e-05 0.000173587 0.000825132 0.00317677 0.00990642 0.0250229 0.0512008 0.0848735 0.11399 0.124062 0.109477 0.0784648 0.0459901 0.0226893 0.0106257 0.00660811 0.00686242 0.00906211 0.0121487 0.0156216 0.0191037 0.0222137 0.0245897 0.025959 0.0261958 0.0253455 0.0236012 0.0212477 0.0185899 0.0158915 0.013339 0.0110356 0.0090164 0.00727476 0.00578597
 1.01692e-16 2.90002e-05 0.000170194 0.000808997 0.00311463 0.00971265 0.0245335 0.0501996 0.0832146 0.111764 0.121647 0.10736 0.0769807 0.0451864 0.0224155 0.0107018 0.00692668 0.00739554 0.00982422 0.0131594 0.0168811 0.0205791 0.0238346 0.026254 0.0275467 0.0275898 0.0264525 0.0243689 0.0216715 0.0187101 0.0157807 0.0130849 0.0107236 0.0087166 0.00703413 0.00562735
 1.02473e-16 2.13938e-05 0.000125525 0.000596609 0.00229684 0.00716237 0.0180919 0.0370206 0.0613743 0.0824497 0.0897894 0.0793619 0.0571615 0.0340696 0.0178616 0.0101302 0.00866867 0.0108195 0.0149082 0.0200811 0.0257764 0.0314217 0.0363868 0.0400706 0.0420288 0.0420729 0.0403087 0.0370943 0.0329394 0.0283806 0.0238731 0.0197283 0.0161032 0.01303 0.0104641 0.00833036
 1.02676e-16 2.84127e-05 0.000166748 0.000792624 0.00305161 0.00951611 0.024037 0.0491835 0.0815293 0.109498 0.119173 0.10516 0.0753674 0.0441673 0.0217778 0.010181 0.00631412 0.00655703 0.00868431 0.0116932 0.0151209 0.0186248 0.0218556 0.0244756 0.0262201 0.0269509 0.0266781 0.0255426 0.0237681 0.0216003 0.0192561 0.0168941 0.0146112 0.0124568 0.0104529 0.00861269
 1.02256e-16 2.59358e-05 0.000152199 0.000723433 0.00278517 0.00868523 0.0219384 0.0448903 0.0744159 0.0999545 0.108813 0.0960809 0.0689967 0.0407087 0.0205822 0.0104731 0.00762989 0.00877499 0.0118687 0.0159368 0.020441 0.0249048 0.028824 0.0317233 0.0332537 0.0332714 0.0318669 0.0293305 0.0260708 0.0225141 0.0190182 0.0158225 0.0130415 0.0106895 0.00872137 0.00707067
 1.01839e-16 2.91324e-05 0.000170972 0.000812696 0.00312888 0.00975708 0.0246457 0.0504291 0.0835947 0.112274 0.122198 0.10784 0.0773091 0.0453482 0.0224385 0.0106182 0.00674998 0.00712027 0.00943679 0.0126499 0.0162524 0.0198527 0.0230525 0.0254753 0.02684 0.0270215 0.0260754 0.0242121 0.0217368 0.0189728 0.0161964 0.0135988 0.0112802 0.00926756 0.00754323 0.00607203
 1.01656e-16 2.79625e-05 0.0001641 0.000780018 0.00300305 0.00936467 0.0236546 0.0484015 0.0802348 0.107765 0.117302 0.103546 0.0742884 0.0436921 0.0218341 0.0106903 0.00726862 0.00801681 0.0107324 0.0143844 0.0184389 0.0224524 0.0259654 0.0285455 0.0298756 0.0298248 0.0284754 0.026092 0.0230484 0.0197362 0.0164864 0.0135236 0.0109582 0.00880864 0.00703655 0.00558095
 1.02159e-16 2.25954e-05 0.000132581 0.000630157 0.00242601 0.00756518 0.0191093 0.0391023 0.0648242 0.0870808 0.0948234 0.0837892 0.0603022 0.0358449 0.0186153 0.0102778 0.00848364 0.0104124 0.0142921 0.0192339 0.0246756 0.0300612 0.0347832 0.0382643 0.0400785 0.0400473 0.0382762 0.0351138 0.0310555 0.0266223 0.0222561 0.0182592 0.0147838 0.0118599 0.00944188 0.00745331
 1.02957e-16 2.29098e-05 0.000134431 0.000638963 0.00245994 0.00767098 0.0193765 0.0396486 0.0657284 0.0882907 0.0961288 0.0849138 0.0610489 0.0361635 0.0185523 0.00988274 0.00775517 0.00930141 0.0127344 0.0171875 0.0221534 0.027153 0.031663 0.0351782 0.0373129 0.0378829 0.0369386 0.0347344 0.0316507 0.0280968 0.024427 0.0208927 0.0176352 0.0147075 0.0121102 0.00982344
 1.02005e-16 2.96355e-05 0.000173926 0.000826746 0.00318298 0.0099258 0.0250719 0.0513009 0.0850393 0.114212 0.124303 0.109687 0.0786107 0.0460656 0.0227078 0.0106027 0.00655059 0.00676841 0.00892426 0.0119585 0.0153729 0.0187951 0.0218506 0.0241858 0.025536 0.0257825 0.0249746 0.0233064 0.0210596 0.018532 0.0159775 0.0135703 0.011401 0.00949338 0.00783209 0.00638761
 1.00726e-16 3.24543e-05 0.000190476 0.000905426 0.00348592 0.0108705 0.0274581 0.0561833 0.0931316 0.125078 0.136121 0.120096 0.0860287 0.0503277 0.0246495 0.0112382 0.00657002 0.00648286 0.00840944 0.0111858 0.0142765 0.0172986 0.0198794 0.0216767 0.022446 0.0220981 0.0207188 0.0185431 0.0158931 0.0131024 0.0104495 0.00811924 0.00619582 0.00468085 0.00352398 0.00265337
 1.00276e-16 3.59943e-05 0.000211264 0.00100427 0.00386652 0.0120574 0.030456 0.0623168 0.103296 0.13872 0.150947 0.133127 0.0952532 0.0555028 0.0267714 0.0115086 0.00576654 0.00490072 0.00606045 0.00798893 0.0101699 0.0122957 0.0140909 0.0153085 0.0157741 0.015427 0.0143348 0.0126733 0.0106824 0.00860919 0.00666016 0.00497182 0.00360546 0.00256003 0.00179463 0.00125123
 1.00329e-16 3.33833e-05 0.00019593 0.000931359 0.00358577 0.0111819 0.0282446 0.0577926 0.0957987 0.128658 0.140014 0.123523 0.0884667 0.0517194 0.0252664 0.0114094 0.00651661 0.00630079 0.00811818 0.0107735 0.013724 0.01659 0.0190062 0.0206394 0.0212546 0.0207702 0.0192782 0.0170176 0.0143134 0.011501 0.00886016 0.00657603 0.00473162 0.00332527 0.00230108 0.00157967
 1.00819e-16 2.77166e-05 0.000162653 0.000773132 0.00297652 0.00928194 0.0234456 0.0479743 0.0795278 0.106819 0.116281 0.102665 0.0737019 0.0434382 0.0218751 0.0109859 0.00781838 0.00885812 0.0119157 0.015945 0.020372 0.0246962 0.028394 0.0309772 0.0320948 0.0316149 0.0296554 0.0265462 0.0227436 0.0187223 0.0148817 0.0114905 0.00867628 0.00644932 0.00474532 0.00346727
 1.01418e-16 2.86004e-05 0.000167846 0.000797832 0.00307164 0.00957858 0.0241949 0.0495068 0.0820665 0.110224 0.119973 0.10589 0.0759431 0.0446102 0.022191 0.010697 0.00705894 0.00763781 0.010182 0.0136482 0.0175123 0.0213523 0.0247333 0.027245 0.0285825 0.0286143 0.0274081 0.0252032 0.0223439 0.0191947 0.0160682 0.0131814 0.0106485 0.0084992 0.00671026 0.0052352
 1.01759e-16 2.68337e-05 0.000157471 0.000748503 0.0028817 0.00898625 0.0226987 0.0464459 0.076994 0.103415 0.112574 0.0993883 0.0713416 0.0420315 0.0211388 0.010573 0.00747651 0.00845069 0.0113845 0.0152795 0.0195999 0.0238838 0.027646 0.0304281 0.0318916 0.031894 0.0305171 0.0280356 0.02484 0.021341 0.0178875 0.0147182 0.0119536 0.0096184 0.00767804 0.00607403
 1.01574e-16 3.05522e-05 0.000179309 0.000852336 0.00328151 0.0102331 0.025848 0.0528889 0.0876711 0.117746 0.128145 0.113068 0.0810144 0.0474347 0.0233092 0.0107594 0.0064791 0.00656159 0.00860015 0.0115055 0.0147741 0.0180389 0.0209349 0.0231189 0.0243351 0.0244708 0.0235779 0.0218503 0.0195682 0.0170284 0.0144841 0.0121107 0.00999989 0.00817578 0.0066213 0.00530288
 1.01582e-16 2.78243e-05 0.000163288 0.000776157 0.00298818 0.00931831 0.0235375 0.0481619 0.079838 0.107233 0.116725 0.10304 0.073935 0.043503 0.0217742 0.0107179 0.00735982 0.00816707 0.0109473 0.0146705 0.0187973 0.0228748 0.0264329 0.0290295 0.0303416 0.0302375 0.0288046 0.0263178 0.0231636 0.0197462 0.0164071 0.0133773 0.0107695 0.00860074 0.00682862 0.00538704
 1.01981e-16 2.68541e-05 0.000157592 0.000749078 0.00288392 0.00899318 0.0227162 0.0464816 0.0770528 0.103493 0.112656 0.0994541 0.0713744 0.0420219 0.0210809 0.0104579 0.00728903 0.00817177 0.0109963 0.0147724 0.0189791 0.0231746 0.0268953 0.0297008 0.031262 0.0314336 0.0302821 0.0280561 0.0251155 0.021842 0.0185618 0.0155012 0.0127793 0.0104282 0.00842686 0.00673251
 1.01901e-16 2.91227e-05 0.000170914 0.000812424 0.00312784 0.00975383 0.0246375 0.0504123 0.0835667 0.112236 0.122157 0.107802 0.0772801 0.0453269 0.0224201 0.0105965 0.00671912 0.00707544 0.00937428 0.0125676 0.0161505 0.0197349 0.0229258 0.0253502 0.026729 0.0269377 0.02603 0.0242129 0.021787 0.0190703 0.0163346 0.0137675 0.0114674 0.00946074 0.0077311 0.00624537
pSPR Fmed_Fpbrs
0.504768   0.411474 0.411474
Fs Fmed_Fpbrs
0.668897   1.005 1.005
SSBpbr Bo_Bmed_Bpbrs
879408  399926  317883 317883
Ro
34896.1
SPR SPRFo_SPRFmed_SPRFpbrs
719191 363025 295928
log_Ro
10.2801
likeval ReclasPelacesDesembMPH_pf_preclas_ppelaces_ptallas_desvR_qrecl_qpela
 63.5167 14.9842 0.00829796 0.000203542 285.365 169.279 64.1036 0 15.5187 1.02728e-05 8.23884e-05 0 0 0 0
q_reclas_q_pelaces
0.634968 3.63772
M
0.7
N
 36374.7 10933.7 3554.96 419.005 0.229186
 44306.4 16311.6 2792.46 691.549 79.8879
 23009.6 20041.4 4408.12 588.247 159.451
 35528.6 9732.69 3497.22 501.292 82.2819
 62898.8 17054.6 3874.36 1271.67 210.739
 44232.1 31053.2 8153.39 1823.65 696.938
 78573.9 20799.6 10808 2453.48 750.039
 76709.2 37699.9 8254.72 3913.26 1151.76
 99834.3 35574 11985.5 2186.38 1322.87
 117005 45876.9 10655.2 2918.72 841
 67425 54848.6 15645.9 3115.72 1086.49
 46107.5 30072.2 13522.1 2895.8 760.806
 45557.4 20844.1 8096.32 2833.43 751.629
 24631.9 19492 3919.29 1022.9 439.342
 14405.1 9123.79 1431.68 131.637 46.2393
 13399.8 5097.91 497.817 31.6279 3.6657
 10254 5754.32 981.829 65.0579 4.47802
 11847.9 4576.43 1424.84 182.841 12.6717
 12620.9 5471.25 1415.29 362.975 49.0772
 20574 5912.71 1858.47 411.521 118.399
 27285.9 9609.24 1968.89 525.45 147.956
 35549.4 13174 3972.43 755.07 256.769
 57299 17063.7 5242.41 1443.75 365.191
pred_Ctot
 2551.56 3966.06 1639.11 195.952 0.107262
 2854.57 5535.21 1213.57 304.994 35.2605
 2475.44 9910.73 2648.88 357.412 96.9371
 853.743 1406.28 685.587 100.149 16.455
 262.905 458.188 145.707 48.853 8.10498
 1693.12 6817.62 2377.52 541.082 206.974
 1913.64 3042.68 2144.04 495.988 151.778
 3662.01 10006.9 2870.97 1383.47 407.539
 5381.52 10450 4573.69 847.558 513.245
 4728.51 10559.4 3247.28 904.872 260.967
 4969.19 20667 7459.47 1506.19 525.614
 2988.24 10252.7 5901.15 1282.44 337.193
 4573.69 9835.51 4680.02 1656.96 439.814
 4577.63 13218.7 3006.37 789.717 339.304
 3035.22 6549.86 1143 105.67 37.1284
 1314.1 2366.87 283.895 18.2506 2.11658
 751.22 2158.37 466.235 31.3258 2.15778
 599.537 1275.64 518.306 67.5883 4.68815
 515.344 1270.63 434.936 113.468 15.3558
 882.897 1433.29 594.363 133.847 38.5437
 545.076 1169.97 327.276 89.0523 25.1012
 855.59 1906.28 779.829 151.059 51.4209
 1621.04 2861.88 1185.23 332.484 84.1833
F
 0.101995 0.664932 0.937165 0.957804 0.958916
 0.0933283 0.608429 0.85753 0.876415 0.877432
 0.160423 1.04583 1.47401 1.50647 1.50822
 0.0339167 0.221111 0.311637 0.3185 0.31887
 0.00582701 0.0379877 0.0535404 0.0547195 0.054783
 0.0545177 0.355414 0.500926 0.511958 0.512552
 0.0343823 0.224147 0.315916 0.322873 0.323248
 0.0684064 0.445958 0.62854 0.642382 0.643127
 0.0775501 0.505568 0.712555 0.728248 0.729093
 0.0576371 0.37575 0.529588 0.541251 0.541879
 0.107413 0.700254 0.986949 1.00868 1.00986
 0.0939055 0.612193 0.862834 0.881836 0.882859
 0.148968 0.97116 1.36877 1.39891 1.40054
 0.293156 1.91116 2.69361 2.75294 2.75613
 0.338752 2.20841 3.11257 3.18111 3.1848
 0.145288 0.94717 1.33496 1.36436 1.36594
 0.106744 0.695891 0.9808 1.0024 1.00356
 0.0726444 0.473586 0.667479 0.682179 0.682971
 0.058251 0.379752 0.535229 0.547016 0.547651
 0.0613012 0.399637 0.563255 0.575659 0.576327
 0.028124 0.183347 0.258413 0.264104 0.26441
 0.033971 0.221465 0.312136 0.31901 0.319381
 0.0400387 0.261022 0.367888 0.37599 0.376426
YTP_r0W_actual
 10698.9 69257.6 39586.5 14496.3 4613.24
YTP_p0W_proyectada
 15499.1 216571 95234.3 34997.5 14642.6
CTP_r0_actual
 1621.04 2861.88 1185.23 332.484 84.1833
CTP_p0_proyectada
 1823.43 10264 3102.1 868.423 318.317
Wmedp
 8.5 21.1 30.7 40.3 46
nmprior
 10.6 11 7 0
nm_flota  nm_reclas  nm_pelaces    nm_pelaL
inf 17.3235 13.425 17.4063
cv_recla  cv_pelaces  cv_mph
0.756075 0.474092 0.462877
 ------------------------------------------------
Talla a la edad & desviaci?n 
 7.2 14.2025 17.0495 18.207 18.6776
 1.08 2.13037 2.55742 2.73105 2.80164
