years
 1997 1998 1999 2000 2001 2002 2003 2004 2005 2006 2007 2008 2009 2010 2011 2012 2013 2014 2015 2016 2017
reclasobs
 0 0 0 370054 412103 1.49427e+06 250295 1.28982e+06 931140 785840 897777 1.04006e+06 184774 17550 25797 100020 73551 82996 120727 218422 84188
reclaspred
 468669 120530 301922 219566 361217 423415 940237 636450 720912 722804 596672 415368 264619 111935 67067.9 62066.3 75412.2 102367 106266 135954 159702
pelacesobs
 0 0 0 0 0 0 0 0 0 2.06254e+06 1.5e+06 0 1.87456e+06 323000 250000 174000 83755 137374 0 501740 490994
pelacespred
 1.91504e+06 486921 690533 826884 1.17837e+06 1.24526e+06 2.85105e+06 2.40635e+06 2.34391e+06 2.42714e+06 1.82189e+06 1.33774e+06 786619 254281 141727 154225 199201 289309 323075 386861 535844
mphobs
 0 0 0 0 0 112323 0 153150 637223 0 255016 313432 73983 77613 109348 50772 0 0 0 0 0
mphpred
 175660 96448.1 106898 107001 129039 219520 316284 377261 321594 337947 348034 248477 158323 82838.7 34629 26695.7 30500.6 41018.7 52138.9 57031.3 74612.1
desembarqueobs
 350755 77701 442110 56441 14545 235359 269955 359681 431902 328805 639364 411747 362871 311530 167758 66681 60226 58785 57116 73181 50977
desembarquepred
 350761 77699.1 442084 56443.3 14545.2 235421 270007 359670 431938 328813 639316 411775 362946 311612 167584 66677.4 60252.1 58778.4 57100.5 73178 50982.2
Reclutas
 36797.8 44984.2 23769.6 39066.3 67117.1 48248.7 79095.2 79355.3 101409 117495 68891.8 46760.5 45285.5 24050.4 14252.8 13756.2 10574 12353.3 12486.4 17743.9 15079.7
log_desv_Rt
 0.0914452 0.292317 -0.345587 0.151266 0.692445 0.362375 0.856658 0.859942 1.10516 1.2524 0.718544 0.331045 0.298993 -0.333841 -0.857039 -0.892507 -1.15559 -1.00007 -0.989357 -0.637954 -0.800647
SSB
 472165 259248 287336 287615 346851 590059 850155 1.01406e+06 864428 908385 935498 667895 425565 222666 93081.1 71756.7 81984 110256 140147 153297 200554
BT
 1.58152e+06 390853 682202 533788 699690 825767 1.92076e+06 1.7659e+06 1.80611e+06 1.72321e+06 1.5923e+06 1.1169e+06 814421 441933 230751 147718 168323 217847 224520 282645 340308
Ftot
 0.857852 0.792789 1.36805 0.285547 0.0484015 0.453007 0.283051 0.575953 0.655803 0.494637 0.937397 0.817889 1.27149 2.45101 2.86965 1.27404 0.926097 0.625274 0.50062 0.550506 0.294626
BD_Bspro_t
 0.916438 0.650568 0.572618 0.396301 0.569099 0.742664 0.692838 0.70275 0.636177 0.603566 0.580955 0.42549 0.323616 0.222158 0.118721 0.113991 0.172792 0.285178 0.391839 0.471689 0.565958
BD_Bspro
 0.6806 0.373691 0.414178 0.41458 0.499966 0.850536 1.22545 1.46171 1.24602 1.30939 1.34847 0.962733 0.613428 0.320961 0.134171 0.103433 0.118175 0.158928 0.202014 0.220969 0.289087
BD_Bo
 0.49964 0.274333 0.304056 0.304351 0.367034 0.624394 0.899625 1.07307 0.914729 0.961244 0.989934 0.706759 0.450328 0.235623 0.0984974 0.0759322 0.0867546 0.116672 0.148302 0.162218 0.212224
BD_Brms
 0.908437 0.498788 0.552828 0.553365 0.667334 1.13526 1.63568 1.95103 1.66314 1.74772 1.79988 1.28502 0.818779 0.428406 0.179086 0.138058 0.157736 0.212131 0.26964 0.294941 0.385862
S_f
 0.12192 0.725133 0.98044 0.998951 0.999945
 0.12192 0.725133 0.98044 0.998951 0.999945
 0.12192 0.725133 0.98044 0.998951 0.999945
 0.12192 0.725133 0.98044 0.998951 0.999945
 0.12192 0.725133 0.98044 0.998951 0.999945
 0.12192 0.725133 0.98044 0.998951 0.999945
 0.12192 0.725133 0.98044 0.998951 0.999945
 0.12192 0.725133 0.98044 0.998951 0.999945
 0.12192 0.725133 0.98044 0.998951 0.999945
 0.12192 0.725133 0.98044 0.998951 0.999945
 0.12192 0.725133 0.98044 0.998951 0.999945
 0.12192 0.725133 0.98044 0.998951 0.999945
 0.12192 0.725133 0.98044 0.998951 0.999945
 0.12192 0.725133 0.98044 0.998951 0.999945
 0.12192 0.725133 0.98044 0.998951 0.999945
 0.12192 0.725133 0.98044 0.998951 0.999945
 0.12192 0.725133 0.98044 0.998951 0.999945
 0.12192 0.725133 0.98044 0.998951 0.999945
 0.12192 0.725133 0.98044 0.998951 0.999945
 0.12192 0.725133 0.98044 0.998951 0.999945
 0.12192 0.725133 0.98044 0.998951 0.999945
Scru_reclas
 0.959128 1 1 1 1
 0.959128 1 1 1 1
 0.959128 1 1 1 1
 0.959128 1 1 1 1
 0.959128 1 1 1 1
 0.959128 1 1 1 1
 0.959128 1 1 1 1
 0.959128 1 1 1 1
 0.959128 1 1 1 1
 0.959128 1 1 1 1
 0.959128 1 1 1 1
 0.959128 1 1 1 1
 0.959128 1 1 1 1
 0.959128 1 1 1 1
 0.959128 1 1 1 1
 0.959128 1 1 1 1
 0.959128 1 1 1 1
 0.959128 1 1 1 1
 0.959128 1 1 1 1
 0.959128 1 1 1 1
 0.959128 1 1 1 1
Scru_pelaces
 0.626339 1 1 1 1
 0.626339 1 1 1 1
 0.626339 1 1 1 1
 0.626339 1 1 1 1
 0.626339 1 1 1 1
 0.626339 1 1 1 1
 0.626339 1 1 1 1
 0.626339 1 1 1 1
 0.626339 1 1 1 1
 0.626339 1 1 1 1
 0.626339 1 1 1 1
 0.626339 1 1 1 1
 0.626339 1 1 1 1
 0.626339 1 1 1 1
 0.626339 1 1 1 1
 0.626339 1 1 1 1
 0.626339 1 1 1 1
 0.626339 1 1 1 1
 0.626339 1 1 1 1
 0.626339 1 1 1 1
 0.626339 1 1 1 1
pf_obs 
 0.256992 0.487395 0.22802 0.0275931 0
 0.321318 0.546541 0.124235 0.00734118 0.000564706
 0.182869 0.594174 0.210203 0.0122559 0.00049798
 0.330522 0.361315 0.267642 0.0388342 0.00168674
 0.649043 0.306663 0.0425973 0.00169635 0
 0.582887 0.30429 0.105238 0.00758474 0
 0.465427 0.430635 0.0974691 0.00646863 0
 0.296916 0.608066 0.0921331 0.00288517 0
 0.311714 0.524322 0.152257 0.0117073 0
 0.15457 0.633149 0.183074 0.0267441 0.00246327
 0.131901 0.49318 0.331252 0.0422183 0.00144891
 0.196976 0.569456 0.194076 0.0375587 0.00193317
 0.518974 0.381816 0.0799577 0.0180837 0.00116848
 0.0928022 0.601141 0.25162 0.0475244 0.00691264
 0.122501 0.610282 0.24278 0.0234846 0.000952079
 0.383417 0.481906 0.127806 0.00687128 0
 0.0376549 0.599619 0.316969 0.0457579 0
 0.0361596 0.667082 0.258105 0.0386534 0
 0.158088 0.579412 0.248529 0.0139706 0
 0.0477256 0.309471 0.559284 0.082774 0.000745712
 0.0406174 0.521527 0.379366 0.0568643 0.0016247
pf_pred 
 0.314238 0.470005 0.192708 0.0230376 1.13952e-05
 0.301017 0.537059 0.124582 0.0334512 0.00389079
 0.171039 0.625762 0.169643 0.0259792 0.00757638
 0.308857 0.436048 0.21371 0.034749 0.00663715
 0.301808 0.494689 0.143203 0.0506882 0.00961223
 0.158904 0.577591 0.201898 0.0435894 0.0180173
 0.249101 0.394453 0.270294 0.0663651 0.0197865
 0.212713 0.522355 0.160851 0.0793283 0.0247531
 0.258151 0.471071 0.20131 0.0425852 0.0268828
 0.251658 0.521645 0.163371 0.0473891 0.0159359
 0.153094 0.575643 0.208668 0.0454091 0.0171865
 0.154056 0.487384 0.275324 0.0644594 0.0187764
 0.223497 0.454078 0.217745 0.0808961 0.0237837
 0.210668 0.586631 0.1423 0.0412412 0.0191604
 0.286787 0.577535 0.116704 0.0135248 0.00544865
 0.354836 0.562977 0.0745617 0.00661183 0.0010136
 0.237735 0.621657 0.129181 0.0103984 0.00102819
 0.262264 0.505309 0.20278 0.0273009 0.00234613
 0.225933 0.538036 0.179794 0.0492186 0.00701793
 0.273902 0.465322 0.200051 0.0465158 0.0142096
 0.188765 0.568092 0.175508 0.0521765 0.0154584
pobs_RECLAS
 0 0 0 0 0
 0 0 0 0 0
 0 0 0 0 0
 0 0 0 0 0
 0.835266 0.146461 0.0176864 0.000547809 3.91292e-05
 0.385257 0.428462 0.181853 0.0044286 0
 0.867414 0.0963971 0.0333333 0.00285562 0
 0.441836 0.489002 0.0689373 0.000224442 0
 0.779404 0.147425 0.0564933 0.0165055 0.000172143
 0.814271 0.122319 0.05973 0.00367925 0
 0.40263 0.566651 0.0304383 0.000280538 0
 0.475488 0.404961 0.113038 0.00651328 0
 0.955842 0.0263864 0.0167828 0.000988607 0
 0.975058 0.0227948 0.00214734 0 0
 0.738997 0.206755 0.0527124 0.00153531 0
 0.850938 0.134255 0.0134407 0.00136685 0
 0.542534 0.407297 0.0501686 0 0
 0.764087 0.199537 0.0359546 0.000420521 0
 0.470689 0.182191 0.310203 0.0369168 0
 0.84361 0.089868 0.0606195 0.00523954 0.000663233
 0.607945 0.314616 0.071237 0.00620181 0
ppred_RECLAS
 0.749925 0.187981 0.0555818 0.00650865 3.21585e-06
 0.732325 0.219946 0.0368954 0.00970609 0.00112771
 0.580503 0.341812 0.0651012 0.00974526 0.00283859
 0.740991 0.181263 0.0653346 0.0104221 0.00198862
 0.72804 0.208825 0.0446755 0.0155195 0.0029401
 0.545801 0.340878 0.0872264 0.0184685 0.00762588
 0.686845 0.188473 0.0949863 0.0228801 0.00681469
 0.635808 0.266433 0.0598204 0.0289236 0.00901563
 0.695053 0.215397 0.0669235 0.0138763 0.00875039
 0.681368 0.242126 0.0554391 0.0157692 0.0052973
 0.544143 0.340961 0.0888141 0.0189263 0.00715526
 0.551612 0.293274 0.119677 0.0274494 0.00798703
 0.669363 0.220722 0.074772 0.0271659 0.00797738
 0.672325 0.268016 0.0422467 0.0118944 0.00551753
 0.761823 0.207745 0.0262936 0.00295165 0.00118708
 0.778851 0.200515 0.018758 0.00162665 0.000249071
 0.663604 0.289413 0.0432379 0.00340838 0.000336645
 0.695751 0.228081 0.0666201 0.00879217 0.000754763
 0.650037 0.26529 0.0648004 0.0173947 0.00247766
 0.709966 0.206123 0.0646685 0.0147429 0.00449893
 0.593687 0.309451 0.0702934 0.0205011 0.00606772
pobs_PELACES
 0 0 0 0 0
 0 0 0 0 0
 0 0 0 0 0
 0 0 0 0 0
 0 0 0 0 0
 0 0 0 0 0
 0 0 0 0 0
 0 0 0 0 0
 0 0 0 0 0
 0 0 0 0 0
 0.450072 0.473896 0.0757376 0.000293798 0
 0 0 0 0 0
 0.463077 0.371075 0.160297 0.00555027 0
 0.529543 0.364841 0.0842815 0.0213345 0
 0.631943 0.363953 0.00410389 0 0
 0.735681 0.248677 0.0153453 0.000297389 0
 0.695825 0.281241 0.0229344 0 0
 0.275771 0.60734 0.115278 0.00161068 0
 0 0 0 0 0
 0.896147 0.0623911 0.0374545 0.00400742 0
 0.803859 0.145111 0.0509908 3.86294e-05 0
ppred_PELACES
 0.702752 0.227407 0.0625509 0.00728645 3.59914e-06
 0.679157 0.266755 0.0418563 0.010958 0.00127283
 0.547761 0.376159 0.0638435 0.00947745 0.00275935
 0.665762 0.235612 0.0829054 0.0132019 0.00251879
 0.638571 0.277791 0.0591882 0.0205549 0.00389397
 0.464387 0.405834 0.0999591 0.0211059 0.00871361
 0.60473 0.240187 0.118196 0.0284217 0.00846444
 0.564362 0.32292 0.0690689 0.0332781 0.010371
 0.63285 0.263569 0.0774887 0.0160027 0.0100891
 0.608841 0.30024 0.0659393 0.0186993 0.00628059
 0.489286 0.389567 0.0937693 0.0198682 0.00750903
 0.491888 0.340303 0.129622 0.0295821 0.00860527
 0.638164 0.250185 0.0761434 0.0274501 0.00805747
 0.693327 0.259834 0.0333154 0.00924047 0.00428298
 0.79181 0.186759 0.018561 0.0020474 0.000822642
 0.749522 0.229299 0.0192674 0.00165787 0.000253746
 0.610214 0.338919 0.0468335 0.00367099 0.000362473
 0.63147 0.279898 0.0775598 0.0101969 0.000875174
 0.57516 0.325357 0.0761901 0.0203896 0.00290378
 0.643844 0.256534 0.0768366 0.0174581 0.00532654
 0.504431 0.379692 0.0841346 0.0244937 0.00724873
pobs_pel_tallas
 0 0 0 0 0 0 0 0 0 0 0 0 0 0 0 0 0 0 0 0 0 0 0 0 0 0 0 0 0 0 0 0 0 0 0 0
 0 0 0 0 0 0 0 0 0 0 0 0 0 0 0 0 0 0 0 0 0 0 0 0 0 0 0 0 0 0 0 0 0 0 0 0
 0 0 0 0 0 0 0 0 0 0 0 0 0 0 0 0 0 0 0 0 0 0 0 0 0 0 0 0 0 0 0 0 0 0 0 0
 0 0 0 0 0 0 0 0 0 0 0 0 0 0 0 0 0 0 0 0 0 0 0 0 0 0 0 0 0 0 0 0 0 0 0 0
 0 0 0 0 0 0 0 0 0 0 0 0 0 0 0 0 0 0 0 0 0 0 0 0 0 0 0 0 0 0 0 0 0 0 0 0
 0 0 0 0 0 0 0 0 0 0 0 0 0 0 0 0 0 0 0 0 0 0 0 0 0 0 0 0 0 0 0 0 0 0 0 0
 0 0 0 0 0 0 0 0 0 0 0 0 0 0 0 0 0 0 0 0 0 0 0 0 0 0 0 0 0 0 0 0 0 0 0 0
 0 0 0 0 0 0 0 0 0 0 0 0 0 0 0 0 0 0 0 0 0 0 0 0 0 0 0 0 0 0 0 0 0 0 0 0
 0 0 0 0 0 0 0 0 0 0 0 0 0 0 0 0 0 0 0 0 0 0 0 0 0 0 0 0 0 0 0 0 0 0 0 0
 0 0 0 0 0 0 0 0 0 0 0 0 0 0 0 0 0 0 0 0 0 0 0 0 0 0 0 0 0 0 0 0 0 0 0 0
 0 0 0 0 0 0 0 0 1.78061e-05 0.00172719 0.00360574 0.0105946 0.0120993 0.0124554 0.0147524 0.0171206 0.0266825 0.0428682 0.0675386 0.121331 0.153587 0.119568 0.100827 0.0573624 0.0630603 0.0341343 0.0324427 0.0444173 0.0211091 0.0280891 0.0125444 0.00206551 0 0 0 0
 0 0 0 0 0 0 0 0 0 0 0 0 0 0 0 0 0 0 0 0 0 0 0 0 0 0 0 0 0 0 0 0 0 0 0 0
 0 0 0 0 0 0 0.0133647 0.0140871 0.0187388 0.0205184 0.03894 0.0496705 0.03968 0.0493445 0.0407372 0.0367815 0.0215668 0.0243155 0.0234873 0.0199281 0.019796 0.0243948 0.0301388 0.0376714 0.0412746 0.0863199 0.0771752 0.113111 0.0741005 0.0525337 0.0229764 0.00759418 0.00175318 0 0 0
 0 0 0 0 0 0 0 0 0 0 0.00219441 0.00772107 0.0458388 0.0604681 0.0671733 0.0775358 0.0609151 0.0617685 0.073594 0.0568108 0.0755445 0.0548602 0.0670107 0.0636378 0.0643287 0.046367 0.0373049 0.0286899 0.0247887 0.0153202 0.00654259 0.00121912 0.000365735 0 0 0
 0 0 0 0 0 0 0 0 0 0 0 0 0.000112435 0.00938835 0.0111873 0.0202946 0.0414886 0.0713402 0.111592 0.104902 0.108894 0.110636 0.117776 0.105296 0.107544 0.0401394 0.0192827 0.0124803 0.00416011 0.0028671 0.000618394 0 0 0 0 0
 0 0 0 0 0 0 0 0 0 0 0.00291406 0.0102884 0.027416 0.0768956 0.0749926 0.110853 0.0956884 0.0897413 0.0766577 0.0534642 0.0500743 0.0551293 0.0594112 0.0620874 0.0668451 0.0424026 0.0208742 0.0120726 0.0048766 0.00582813 0.00118941 0.000297354 0 0 0 0
 0 0.00264628 0.0354308 0.0461629 0.0458689 0.0383711 0.0214643 0.0164657 0.0346957 0.0420465 0.0363128 0.0245516 0.0311673 0.0291091 0.0169068 0.0133784 0.00837989 0.0085269 0.0148486 0.0160247 0.0276389 0.0546898 0.0760071 0.122758 0.109233 0.0665981 0.0333725 0.0166128 0.00676272 0.00308733 0.000882094 0 0 0 0 0
 0 0 0 0 0 0 0 0.000805153 0.000690131 0.00759144 0.0133425 0.0154129 0.00931677 0.000345066 0.00356568 0.00563607 0.00851162 0.0253048 0.0502646 0.0516448 0.0657925 0.0565908 0.0611916 0.0827007 0.0866115 0.110766 0.145733 0.0935128 0.0569358 0.0249597 0.0138026 0.00621118 0.00161031 0.00115022 0 0
 0 0 0 0 0 0 0 0 0 0 0 0 0 0 0 0 0 0 0 0 0 0 0 0 0 0 0 0 0 0 0 0 0 0 0 0
 0.00147267 0.00158595 0.00478618 0.00569244 0.00954404 0.0108468 0.00647125 0.017049 0.0510054 0.094081 0.124002 0.0959785 0.0687766 0.0820023 0.061753 0.0591476 0.0492212 0.0479892 0.0443925 0.0268479 0.0217502 0.0140895 0.0121071 0.0120363 0.00920419 0.00665534 0.0049561 0.00860946 0.00930331 0.0156896 0.0114698 0.00855282 0.00243557 0.00046729 0 2.83206e-05
 0 0 0 0 0.000772559 0.00158375 0.000888443 0.00281984 0.00712685 0.0440552 0.0773331 0.111326 0.0921469 0.0852325 0.0710754 0.0886704 0.0786465 0.0553345 0.0373146 0.0185414 0.00753245 0.00457741 0.012979 0.0271748 0.0457355 0.0583668 0.034881 0.0177882 0.00938659 0.00492506 0.0015258 0.00185414 0.000309023 5.79419e-05 3.86279e-05 0
ppred_pel_tallas
 1.01213e-16 3.06653e-05 0.000179972 0.000855489 0.00329365 0.0102709 0.0259436 0.0530846 0.0879956 0.118182 0.128621 0.11349 0.0813222 0.0476257 0.0234229 0.0108449 0.00657471 0.00669166 0.00877891 0.0117395 0.0150617 0.0183687 0.0212844 0.0234557 0.0246199 0.0246629 0.023641 0.0217584 0.019309 0.0166051 0.0139144 0.0114241 0.00923337 0.00736945 0.0058142 0.00452953
 1.01118e-16 2.9638e-05 0.000173938 0.000826792 0.00318315 0.00992631 0.0250732 0.051304 0.0850453 0.114223 0.124324 0.109724 0.0786784 0.0461882 0.0229217 0.0109571 0.00710609 0.0075899 0.0100687 0.0134576 0.0172145 0.0209083 0.0241005 0.0263825 0.0274585 0.027213 0.0257362 0.0232935 0.0202544 0.0170041 0.0138663 0.0110592 0.0086868 0.00676006 0.00523162 0.00402999
 1.01484e-16 2.3913e-05 0.000140316 0.000666931 0.0025676 0.00800673 0.0202246 0.0413843 0.0686066 0.0921595 0.100348 0.0886564 0.0637739 0.0378458 0.0195385 0.010601 0.00853376 0.0103397 0.0141362 0.0189838 0.0242998 0.0295188 0.0340296 0.037256 0.0387793 0.0384347 0.0363476 0.032891 0.0285856 0.0239751 0.0195183 0.0155257 0.0121476 0.00940297 0.00722778 0.00552289
 1.01826e-16 2.90527e-05 0.000170504 0.000810475 0.00312033 0.00973043 0.0245784 0.0502913 0.083366 0.111966 0.121862 0.10754 0.0770874 0.0452045 0.0223426 0.0105322 0.00664342 0.00697312 0.00923796 0.0123971 0.0159538 0.0195287 0.0227356 0.0252069 0.0266639 0.026976 0.0261846 0.0244807 0.0221478 0.0194905 0.0167725 0.0141813 0.0118217 0.00973185 0.0079088 0.00633249
 1.01819e-16 2.78687e-05 0.000163549 0.000777403 0.00299298 0.00933328 0.0235753 0.0482392 0.0799658 0.107404 0.116908 0.103196 0.074035 0.0435374 0.0217463 0.0106304 0.00720698 0.0079358 0.0106229 0.0142434 0.0182692 0.0222636 0.0257739 0.0283739 0.0297497 0.0297696 0.0285113 0.0262309 0.0232917 0.0200745 0.0169013 0.0139904 0.01145 0.0092991 0.00750292 0.00600582
 1.02684e-16 2.02787e-05 0.000118978 0.000565477 0.00217697 0.00678854 0.0171477 0.0350888 0.0581727 0.0781521 0.0851179 0.0752537 0.0542478 0.032424 0.0171656 0.00999913 0.00884986 0.0112119 0.0155012 0.0208968 0.0268368 0.032733 0.0379325 0.0418113 0.0439062 0.0440182 0.0422525 0.0389753 0.0347101 0.0300093 0.0253422 0.021031 0.01724 0.0140057 0.0112866 0.00900973
 1.03129e-16 2.63917e-05 0.000154881 0.0007362 0.00283435 0.00883861 0.0223257 0.0456823 0.0757268 0.101709 0.110706 0.0977137 0.0700843 0.04118 0.0205078 0.00992897 0.00661966 0.00723405 0.00971083 0.0131074 0.0169623 0.0209064 0.0245524 0.0275231 0.0295219 0.0303921 0.0301423 0.028926 0.026989 0.024602 0.022004 0.0193704 0.0168092 0.0143764 0.0120994 0.00999609
 1.02714e-16 2.46347e-05 0.000144558 0.000687109 0.00264531 0.00824908 0.0208367 0.0426363 0.0706802 0.0949395 0.10336 0.0912827 0.065587 0.0387692 0.0197357 0.0102627 0.00775087 0.00909848 0.0123724 0.0166403 0.0213704 0.0260771 0.0302406 0.0333678 0.035094 0.0352641 0.0339632 0.031481 0.0282292 0.0246386 0.0210712 0.0177701 0.0148534 0.0123399 0.0101904 0.00834609
 1.02208e-16 2.76187e-05 0.000162083 0.000770434 0.00296615 0.00924962 0.0233639 0.0478067 0.0792485 0.10644 0.115856 0.102263 0.0733538 0.0431141 0.0214934 0.0104395 0.00699447 0.00765012 0.0102367 0.0137486 0.0176782 0.0216122 0.025122 0.0278005 0.0293421 0.0296094 0.0286588 0.0267137 0.0240992 0.02116 0.0181906 0.0153948 0.0128799 0.0106754 0.00876479 0.00711407
 1.0197e-16 2.65732e-05 0.000155942 0.000741231 0.0028537 0.00889894 0.0224782 0.0459946 0.0762461 0.102411 0.111482 0.0984275 0.0706586 0.0416424 0.0209678 0.0105281 0.00749589 0.00850751 0.0114729 0.0154016 0.019759 0.0240816 0.0278815 0.0306981 0.0321913 0.0322184 0.0308625 0.0283998 0.0252225 0.0217423 0.0183073 0.0151544 0.0124012 0.0100692 0.00812149 0.00649856
 1.02492e-16 2.13638e-05 0.000125349 0.000595772 0.00229362 0.00715232 0.0180665 0.0369687 0.0612881 0.0823339 0.0896631 0.0792499 0.05708 0.0340194 0.0178323 0.0101092 0.00864623 0.0107899 0.0148687 0.0200311 0.0257177 0.0313587 0.0363263 0.0400215 0.0420003 0.0420733 0.0403436 0.0371649 0.0330429 0.0285098 0.0240184 0.0198787 0.0162484 0.0131617 0.0105768 0.00842153
 1.0337e-16 2.14753e-05 0.000126008 0.000598915 0.00230574 0.00719012 0.0181619 0.0371636 0.0616099 0.082762 0.0901184 0.0796262 0.0572947 0.0340347 0.0176358 0.00967866 0.00793242 0.00972314 0.0133807 0.0180829 0.0233262 0.0286169 0.0334093 0.0371744 0.039506 0.0402075 0.0393257 0.0371197 0.0339797 0.0303266 0.0265254 0.0228355 0.0194041 0.0162891 0.013496 0.0110107
 1.02483e-16 2.78498e-05 0.000163441 0.000776894 0.00299103 0.0093272 0.0235599 0.0482075 0.0799125 0.10733 0.116822 0.103107 0.0739404 0.0434214 0.0215773 0.0103658 0.00679809 0.00733305 0.00978397 0.0131452 0.016921 0.0207182 0.024131 0.0267738 0.028355 0.0287407 0.027978 0.0262703 0.0239159 0.0212315 0.0184873 0.0158697 0.0134768 0.0113376 0.00944088 0.00776226
 1.01076e-16 3.02555e-05 0.000177564 0.000844034 0.00324953 0.0101333 0.0255961 0.0523738 0.0868184 0.116604 0.126911 0.112 0.0802937 0.0471027 0.0233125 0.0110385 0.0070193 0.007392 0.00976614 0.0130378 0.0166633 0.0202186 0.0232762 0.0254394 0.0264232 0.0261198 0.0246227 0.0221966 0.0192071 0.0160333 0.0129924 0.0102957 0.00804081 0.00623251 0.00481786 0.00372047
 1.00434e-16 3.45469e-05 0.000202765 0.000963855 0.0037109 0.0115721 0.0292302 0.059809 0.09914 0.133142 0.144885 0.127798 0.0914809 0.0533857 0.0259018 0.0113948 0.00609007 0.00554051 0.00701149 0.0092846 0.0118363 0.0143287 0.0164474 0.0179064 0.0185027 0.018163 0.0169612 0.0150958 0.0128389 0.010472 0.00823083 0.00627209 0.00466758 0.00341883 0.00248266 0.00179669
 1.00418e-16 3.27046e-05 0.000191945 0.00091241 0.00351281 0.0109544 0.0276699 0.0566167 0.09385 0.126043 0.137172 0.121024 0.0866966 0.050724 0.0248538 0.0113479 0.00665562 0.00658204 0.00853808 0.0113471 0.0144638 0.0174959 0.0200612 0.0218094 0.0224928 0.0220236 0.0204958 0.0181572 0.0153459 0.0124112 0.00964525 0.00724169 0.00528833 0.00378524 0.00267637 0.00188143
 1.00919e-16 2.66347e-05 0.000156299 0.00074292 0.00286019 0.00891917 0.0225294 0.0460996 0.0764211 0.102649 0.11175 0.0986829 0.0708838 0.041859 0.0212311 0.010911 0.00807618 0.00935991 0.0126594 0.0169562 0.0216697 0.0262752 0.0302179 0.0329792 0.0341857 0.0336966 0.0316355 0.0283518 0.0243285 0.0200685 0.0159949 0.0123927 0.00939728 0.00702024 0.00519437 0.003818
 1.01584e-16 2.75592e-05 0.000161732 0.000768762 0.00295971 0.00922953 0.0233132 0.047703 0.0790771 0.106211 0.115611 0.102055 0.0732247 0.0430777 0.0215482 0.0105865 0.00724674 0.00803172 0.010774 0.01446 0.018564 0.0226472 0.0262516 0.0289433 0.0303991 0.0304778 0.0292478 0.0269585 0.02397 0.0206645 0.0173699 0.0143147 0.0116203 0.00932007 0.00739227 0.00579129
 1.02024e-16 2.51056e-05 0.000147323 0.000700252 0.00269592 0.00840688 0.0212353 0.0434519 0.0720322 0.096755 0.105335 0.0930249 0.0668335 0.0394954 0.0200855 0.0104119 0.00782315 0.00915578 0.0124379 0.0167185 0.021456 0.026157 0.0302939 0.033366 0.0350031 0.0350478 0.0335872 0.0309178 0.0274631 0.0236685 0.0199125 0.0164545 0.0134258 0.0108544 0.00870477 0.00691583
 1.02024e-16 2.80978e-05 0.000164896 0.000783811 0.00301766 0.00941025 0.0237697 0.0486368 0.0806242 0.108286 0.117864 0.104028 0.0746049 0.0438197 0.0217899 0.0104917 0.00691053 0.00747316 0.00997143 0.0133864 0.0172114 0.021041 0.0244569 0.027062 0.0285581 0.0288103 0.0278729 0.0259627 0.0233963 0.0205101 0.0175923 0.0148433 0.01237 0.0102037 0.00833035 0.00671803
 1.02499e-16 2.20237e-05 0.000129225 0.000614199 0.00236457 0.00737358 0.0186254 0.0381121 0.0631831 0.0848774 0.0924276 0.0816802 0.058802 0.0349885 0.0182356 0.0101721 0.00851549 0.0105221 0.0144666 0.0194788 0.0250007 0.0304739 0.0352868 0.0388571 0.0407548 0.0407988 0.0390933 0.0359868 0.0319746 0.0275765 0.0232325 0.0192418 0.0157536 0.0127959 0.0103227 0.00825973
pSPR Fmed_Fpbrs
0.502653   0.6 0.325
Fs Fmed_Fpbrs
0.652213   0.432703 1.45488
SSBpbr Bo_Bmed_Bpbrs
945010  427762  519756 259878
Ro
33582.1
SPR SPRFo_SPRFmed_SPRFpbrs
693749 348715 225468
log_Ro
10.2417
likeval ReclasPelacesDesembMPH_pf_preclas_ppelaces_ptallas_desvR_qrecl_qpela
 58.9489 14.4051 0.00803008 0.000209922 255.712 146.731 55.4448 0 16.4311 1.87122e-05 8.806e-05 6.6106e-15 0 0 0
q_reclas_q_pelaces
0.541735 3.80024
M
0.7
N
 36797.8 11459.4 3780.41 446.216 0.220564
 44984.2 16458.6 3054.92 809.58 94.0988
 23769.6 20280.4 4599.61 697.308 203.249
 39066.3 9990.29 3734.58 597.311 113.988
 67117.1 18736 4033.18 1401.68 265.549
 48248.7 33133.2 8983.12 1909.99 788.839
 79095.2 22672.2 11846.7 2861.09 852.277
 79355.3 37945.2 9169.55 4457.25 1389.74
 101409 36734.5 12410 2588.82 1633.04
 117495 46488.4 11338.1 3239.84 1088.62
 68891.8 54931.5 16127.5 3466.72 1311.24
 46760.5 30516 13823.2 3194.61 929.921
 45285.5 21016.8 8374.33 3078.55 904.6
 24050.4 19258.8 4150.9 1195.49 555.233
 14252.8 8858.04 1617.14 186.423 75.0817
 13756.2 4988.26 549.059 48.1779 7.38164
 10574 5848.33 983.377 78.1855 7.72592
 12353.3 4690.27 1483.81 196.962 16.9134
 12486.4 5684.2 1480.06 399.145 56.8676
 17743.9 5833.41 1963.4 449.894 137.327
 15079.7 8239.35 1943.35 568.325 168.232
pred_Ctot
 2643.91 3954.49 1621.39 193.832 0.0958758
 2997.26 5347.55 1240.47 333.077 38.741
 2651.48 9700.68 2629.83 402.734 117.45
 963.206 1359.87 666.478 108.369 20.6987
 284.094 465.654 134.798 47.7132 9.04806
 1870.43 6798.73 2376.51 513.083 212.079
 1933.36 3061.49 2097.84 515.082 153.57
 3885.7 9542.03 2938.32 1449.12 452.173
 5630.03 10273.6 4390.37 928.742 586.289
 4962.39 10286.2 3221.48 934.454 314.235
 5386.15 20252.3 7341.36 1597.58 604.655
 3209.99 10155.4 5736.8 1343.11 391.236
 4718.78 9587.13 4597.34 1707.99 502.155
 4545.22 12656.7 3070.16 889.791 413.391
 3087.4 6217.45 1256.38 145.602 58.6574
 1436.09 2278.48 301.766 26.7594 4.10226
 817.228 2136.98 444.066 35.7451 3.53447
 654.969 1261.94 506.416 68.1802 5.85914
 533.571 1270.64 424.608 116.236 16.5738
 831.581 1412.74 607.364 141.224 43.1412
 383.434 1153.95 356.506 105.985 31.4004
F
 0.104589 0.622057 0.841072 0.856952 0.857805
 0.0966568 0.574877 0.777282 0.791957 0.792745
 0.166793 0.992017 1.34129 1.36661 1.36797
 0.0348139 0.20706 0.279962 0.285248 0.285532
 0.00590111 0.0350975 0.0474548 0.0483508 0.0483989
 0.0552306 0.32849 0.444146 0.452532 0.452982
 0.0345096 0.20525 0.277515 0.282754 0.283036
 0.0702201 0.417642 0.564687 0.575349 0.575921
 0.0799555 0.475544 0.642975 0.655115 0.655767
 0.0603061 0.358677 0.484962 0.494118 0.494609
 0.114287 0.679737 0.919061 0.936413 0.937345
 0.099717 0.593078 0.801891 0.817032 0.817844
 0.15502 0.921996 1.24662 1.27015 1.27142
 0.298827 1.7773 2.40306 2.44844 2.45087
 0.349867 2.08087 2.81352 2.86664 2.86949
 0.155331 0.92385 1.24912 1.27271 1.27397
 0.11291 0.671543 0.907982 0.925125 0.926046
 0.0762333 0.453406 0.613043 0.624618 0.625239
 0.0610355 0.363016 0.490827 0.500094 0.500592
 0.0671176 0.39919 0.539738 0.549928 0.550475
 0.0359208 0.213643 0.288863 0.294317 0.29461
YTP_r0W_actual
 4026.06 28387.3 12121.2 4726.93 1720.74
YTP_p0W_proyectada
 8055.75 30059.3 25844.1 7537.4 3430.73
CTP_r0_actual
 383.434 1153.95 356.506 105.985 31.4004
CTP_p0_proyectada
 947.735 1424.61 841.828 187.032 74.5811
Wmedp
 8.5 21.1 30.7 40.3 46
nmprior
 10.6 11 7 0
nm_flota  nm_reclas  nm_pelaces    nm_pelaL
inf 21.4265 15.6052 15.6052
cv_recla  cv_pelaces  cv_mph
0.767782 0.509208 0.482956
 ------------------------------------------------
Talla a la edad & desviaci?n 
 7.2 14.2025 17.0495 18.207 18.6776
 1.08 2.13037 2.55742 2.73105 2.80164
