years
 1997 1998 1999 2000 2001 2002 2003 2004 2005 2006 2007 2008 2009 2010 2011 2012 2013 2014 2015 2016 2017 2018 2019
reclasobs
 0 0 0 370054 412103 1.49427e+06 250295 1.28982e+06 931140 785840 897777 1.04006e+06 184774 17550 25797 100020 73551 82996 120727 218422 84188 347160 605670
reclaspred
 3.4555e+06 594573 1.68388e+06 1.05767e+06 1.00249e+06 1.07452e+06 1.77717e+06 925501 776664 572426 379309 270073 224720 206942 377433 621174 856138 1.29231e+06 1.35952e+06 1.46585e+06 1.51463e+06 1.10692e+06 1.38367e+06
pelacesobs
 0 0 0 0 0 0 0 0 0 2.06254e+06 1.5e+06 0 1.87456e+06 323000 250000 174000 83755 137374 0 501740 490994 745055 786931
pelacespred
 1.8946e+06 731734 680797 781259 634570 557907 857579 643387 428491 320234 158233 122749 102189 86269.1 187340 331291 482218 707178 811505 848693 929339 738259 692899
mphobs
 0 0 0 0 0 112323 0 153150 637223 0 255016 313432 73983 77613 109348 50772 0 0 0 0 0 0 0
mphpred
 2.55575e+06 1.23421e+06 950517 1.16757e+06 912749 960016 1.2133e+06 1.12975e+06 755796 575075 427223 250660 205839 176680 230410 468169 652886 996851 1.22095e+06 1.26557e+06 1.34527e+06 1.16417e+06 1.10663e+06
desembarqueobs
 350755 77701 442110 56441 14545 235359 269955 359681 431902 328805 639364 411747 362871 311530 167758 66681 60226 58785 57116 73181 50977 67692 138656
desembarquepred
 350797 77714 442317 56447 14545.1 235324 269804 358684 429721 326728 632214 410350 362516 312822 168152 66733 60261.7 58804.7 57131.1 73203.1 50983.9 67698.8 138663
Reclutas
 63117.2 63117.2 63117.2 63117.2 63117.2 63117.2 63117.2 63117.2 63117.2 63117.2 63117.2 63117.2 63117.2 63117.2 63117.2 63117.2 63117.2 63117.2 63117.2 63117.2 63117.2 63117.2 63117.2
log_desv_Rt
 0 0 0 0 0 0 0 0 0 0 0 0 0 0 0 0 0 0 0 0 0 0 0
SSB
 2.55575e+06 1.23421e+06 950517 1.16757e+06 912749 960016 1.2133e+06 1.12975e+06 755796 575075 427223 250660 205839 176680 230410 468169 652886 996851 1.22095e+06 1.26557e+06 1.34527e+06 1.16417e+06 1.10663e+06
BT
 4.62642e+06 1.50753e+06 1.91737e+06 1.64066e+06 1.31423e+06 1.27512e+06 2.13498e+06 1.77275e+06 1.38844e+06 1.0449e+06 973512 725487 634150 509503 652854 784775 1.13338e+06 1.55653e+06 1.66554e+06 1.77788e+06 1.96275e+06 1.47926e+06 1.44924e+06
Ftot
 0.0989069 0.127137 0.253447 0.0521454 0.0142062 0.2118 0.147497 0.370898 0.523421 0.539595 1.4385 1.34389 1.42168 1.3431 0.426747 0.104675 0.0687245 0.0444814 0.041084 0.0488019 0.0329241 0.0597262 0.0976375
BD_Bspro_t
 0.984994 0.90016 0.831229 0.734101 0.788345 0.835737 0.766747 0.729535 0.607919 0.491833 0.389977 0.22035 0.1868 0.175791 0.22116 0.391987 0.555993 0.732348 0.817768 0.862334 0.886538 0.904564 0.885325
BD_Bspro
 1.96473 0.948795 0.730709 0.897565 0.701675 0.738012 0.932723 0.868494 0.581018 0.442089 0.328427 0.192695 0.158239 0.135823 0.177128 0.359905 0.501906 0.766329 0.938601 0.972903 1.03417 0.894953 0.850724
BD_Bo
 1.88532 0.910447 0.701176 0.861288 0.673315 0.708184 0.895025 0.833392 0.557535 0.424221 0.315153 0.184906 0.151843 0.130333 0.169969 0.345358 0.48162 0.735356 0.900666 0.933581 0.992374 0.858781 0.81634
BD_Brms
 9.12688 4.4075 3.39441 4.16952 3.25954 3.42834 4.33284 4.03447 2.69904 2.05366 1.52567 0.895136 0.735076 0.630947 0.822822 1.67189 2.33153 3.55988 4.36015 4.51949 4.80411 4.15738 3.95193
S_f
 0.5 1 1 1 1
 0.5 1 1 1 1
 0.5 1 1 1 1
 0.5 1 1 1 1
 0.5 1 1 1 1
 0.5 1 1 1 1
 0.5 1 1 1 1
 0.5 1 1 1 1
 0.5 1 1 1 1
 0.5 1 1 1 1
 0.5 1 1 1 1
 0.5 1 1 1 1
 0.5 1 1 1 1
 0.5 1 1 1 1
 0.5 1 1 1 1
 0.5 1 1 1 1
 0.5 1 1 1 1
 0.5 1 1 1 1
 0.5 1 1 1 1
 0.5 1 1 1 1
 0.5 1 1 1 1
 0.5 1 1 1 1
 0.5 1 1 1 1
Scru_reclas
 0.5 1 1 1 1
 0.5 1 1 1 1
 0.5 1 1 1 1
 0.5 1 1 1 1
 0.5 1 1 1 1
 0.5 1 1 1 1
 0.5 1 1 1 1
 0.5 1 1 1 1
 0.5 1 1 1 1
 0.5 1 1 1 1
 0.5 1 1 1 1
 0.5 1 1 1 1
 0.5 1 1 1 1
 0.5 1 1 1 1
 0.5 1 1 1 1
 0.5 1 1 1 1
 0.5 1 1 1 1
 0.5 1 1 1 1
 0.5 1 1 1 1
 0.5 1 1 1 1
 0.5 1 1 1 1
 0.5 1 1 1 1
 0.5 1 1 1 1
Scru_pelaces
 0.5 1 1 1 1
 0.5 1 1 1 1
 0.5 1 1 1 1
 0.5 1 1 1 1
 0.5 1 1 1 1
 0.5 1 1 1 1
 0.5 1 1 1 1
 0.5 1 1 1 1
 0.5 1 1 1 1
 0.5 1 1 1 1
 0.5 1 1 1 1
 0.5 1 1 1 1
 0.5 1 1 1 1
 0.5 1 1 1 1
 0.5 1 1 1 1
 0.5 1 1 1 1
 0.5 1 1 1 1
 0.5 1 1 1 1
 0.5 1 1 1 1
 0.5 1 1 1 1
 0.5 1 1 1 1
 0.5 1 1 1 1
 0.5 1 1 1 1
pf_obs 
 0.256992 0.487395 0.22802 0.0275931 0
 0.321318 0.546541 0.124235 0.00734118 0.000564706
 0.182869 0.594174 0.210203 0.0122559 0.00049798
 0.330522 0.361315 0.267642 0.0388342 0.00168674
 0.649043 0.306663 0.0425973 0.00169635 0
 0.582887 0.30429 0.105238 0.00758474 0
 0.465427 0.430635 0.0974691 0.00646863 0
 0.296916 0.608066 0.0921331 0.00288517 0
 0.311714 0.524322 0.152257 0.0117073 0
 0.15457 0.633149 0.183074 0.0267441 0.00246327
 0.131901 0.49318 0.331252 0.0422183 0.00144891
 0.196976 0.569456 0.194076 0.0375587 0.00193317
 0.518974 0.381816 0.0799577 0.0180837 0.00116848
 0.0928022 0.601141 0.25162 0.0475244 0.00691264
 0.122501 0.610282 0.24278 0.0234846 0.000952079
 0.383417 0.481906 0.127806 0.00687128 0
 0.0376549 0.599619 0.316969 0.0457579 0
 0.0361596 0.667082 0.258105 0.0386534 0
 0.158088 0.579412 0.248529 0.0139706 0
 0.0477256 0.309471 0.559284 0.082774 0.000745712
 0.0406174 0.521527 0.379366 0.0568643 0.0016247
 0.151134 0.462217 0.34131 0.0453401 0
 0.294876 0.26143 0.354403 0.0886775 0.000613685
pf_pred 
 0.301973 0.351397 0.174499 0.0866535 0.0854779
 0.338636 0.311377 0.176188 0.0874924 0.0863055
 0.368368 0.325244 0.144251 0.0816222 0.0805149
 0.391444 0.3386 0.139008 0.0616521 0.0692965
 0.369893 0.356792 0.152072 0.0624312 0.0588117
 0.364732 0.343691 0.165103 0.0703703 0.0561042
 0.388404 0.336079 0.149059 0.0716053 0.0548522
 0.400335 0.341673 0.14177 0.0628784 0.0533442
 0.446567 0.330892 0.126798 0.0526121 0.0431313
 0.488287 0.334213 0.106125 0.0406672 0.0307073
 0.541324 0.317016 0.0925218 0.0293791 0.0197589
 0.675705 0.255909 0.0472652 0.0137944 0.00732618
 0.687699 0.270028 0.033359 0.00616125 0.00275318
 0.69589 0.265811 0.0331155 0.00409107 0.00109324
 0.653388 0.303356 0.0378078 0.00471021 0.000737395
 0.508154 0.398517 0.0816814 0.0101801 0.00146682
 0.422887 0.392629 0.149479 0.0306376 0.0043686
 0.38665 0.36743 0.167307 0.0636959 0.0149169
 0.368104 0.354335 0.166274 0.0757121 0.0355749
 0.359794 0.34634 0.164785 0.0773264 0.0517545
 0.356293 0.342837 0.162766 0.0774419 0.0606627
 0.353695 0.341049 0.162579 0.0771861 0.0654915
 0.358236 0.338046 0.160269 0.0764008 0.0670486
pobs_RECLAS
 0 0 0 0 0
 0 0 0 0 0
 0 0 0 0 0
 0 0 0 0 0
 0.835266 0.146461 0.0176864 0.000547809 3.91292e-05
 0.385257 0.428462 0.181853 0.0044286 0
 0.867414 0.0963971 0.0333333 0.00285562 0
 0.441836 0.489002 0.0689373 0.000224442 0
 0.779404 0.147425 0.0564933 0.0165055 0.000172143
 0.814271 0.122319 0.05973 0.00367925 0
 0.40263 0.566651 0.0304383 0.000280538 0
 0.475488 0.404961 0.113038 0.00651328 0
 0.955842 0.0263864 0.0167828 0.000988607 0
 0.975058 0.0227948 0.00214734 0 0
 0.738997 0.206755 0.0527124 0.00153531 0
 0.850938 0.134255 0.0134407 0.00136685 0
 0.542534 0.407297 0.0501686 0 0
 0.764087 0.199537 0.0359546 0.000420521 0
 0.470689 0.182191 0.310203 0.0369168 0
 0.84361 0.089868 0.0606195 0.00523954 0.000663233
 0.607945 0.314616 0.071237 0.00620181 0
 0.523733 0.453247 0.0230204 0 0
 0.530135 0.295979 0.169645 0.0042399 0
ppred_RECLAS
 0.302639 0.351062 0.174332 0.0865707 0.0853963
 0.339571 0.310938 0.175939 0.0873688 0.0861836
 0.370529 0.324131 0.143757 0.0813429 0.0802394
 0.391823 0.338389 0.138921 0.0616136 0.0692533
 0.36999 0.356737 0.152049 0.0624216 0.0588026
 0.366468 0.342752 0.164651 0.070178 0.0559508
 0.389575 0.335436 0.148774 0.0714681 0.0547471
 0.403912 0.339635 0.140924 0.0625033 0.0530259
 0.452347 0.327436 0.125474 0.0520626 0.0426808
 0.49437 0.330241 0.104864 0.0401838 0.0303423
 0.566328 0.299734 0.0874781 0.0277776 0.0186818
 0.695349 0.240408 0.0444021 0.0129589 0.00688241
 0.708637 0.251924 0.0311225 0.00574817 0.00256859
 0.71481 0.249273 0.0310552 0.00383654 0.00102522
 0.657415 0.299832 0.0373687 0.0046555 0.00072883
 0.508994 0.397837 0.0815419 0.0101627 0.00146431
 0.423407 0.392275 0.149344 0.03061 0.00436466
 0.38697 0.367238 0.16722 0.0636628 0.0149091
 0.368393 0.354173 0.166198 0.0756776 0.0355587
 0.360136 0.346155 0.164697 0.0772851 0.0517268
 0.356519 0.342716 0.162708 0.0774148 0.0606414
 0.354115 0.340827 0.162473 0.0771359 0.0654489
 0.358952 0.337668 0.16009 0.0763155 0.0669737
pobs_PELACES
 0 0 0 0 0
 0 0 0 0 0
 0 0 0 0 0
 0 0 0 0 0
 0 0 0 0 0
 0 0 0 0 0
 0 0 0 0 0
 0 0 0 0 0
 0 0 0 0 0
 0 0 0 0 0
 0.450072 0.473896 0.0757376 0.000293798 0
 0 0 0 0 0
 0.463077 0.371075 0.160297 0.00555027 0
 0.529543 0.364841 0.0842815 0.0213345 0
 0.631943 0.363953 0.00410389 0 0
 0.735681 0.248677 0.0153453 0.000297389 0
 0.695825 0.281241 0.0229344 0 0
 0.275771 0.60734 0.115278 0.00161068 0
 0 0 0 0 0
 0.896147 0.0623911 0.0374545 0.00400742 0
 0.803859 0.145111 0.0509908 3.86294e-05 0
 0.739449 0.233085 0.0266225 0.000797448 4.60066e-05
 0.878498 0.100942 0.0204185 0.000141795 0
ppred_PELACES
 0.306095 0.349322 0.173468 0.0861418 0.0849732
 0.344291 0.308715 0.174682 0.0867444 0.0855676
 0.380334 0.319082 0.141518 0.0800758 0.0789895
 0.393875 0.337247 0.138452 0.0614057 0.0690196
 0.370536 0.356427 0.151917 0.0623674 0.0587516
 0.374619 0.338342 0.162533 0.0692751 0.055231
 0.395378 0.332247 0.14736 0.0707887 0.0542267
 0.418729 0.331192 0.137421 0.0609497 0.0517079
 0.473817 0.314599 0.120555 0.0500216 0.0410075
 0.516622 0.315707 0.100249 0.0384154 0.0290069
 0.623455 0.260251 0.0759548 0.0241185 0.0162209
 0.740196 0.205018 0.0378658 0.0110512 0.00586926
 0.75461 0.212174 0.0262119 0.0048412 0.00216331
 0.757767 0.211726 0.0263775 0.00325866 0.000870801
 0.673093 0.286111 0.0356585 0.00444244 0.000695475
 0.51331 0.39434 0.0808251 0.0100734 0.00145144
 0.426178 0.39039 0.148626 0.0304629 0.00434369
 0.388712 0.366194 0.166745 0.0634818 0.0148667
 0.369971 0.353287 0.165783 0.0754884 0.0354698
 0.361994 0.34515 0.164218 0.0770608 0.0515766
 0.357766 0.342052 0.162393 0.0772647 0.0605239
 0.356372 0.339636 0.161905 0.0768664 0.0652202
 0.362668 0.335711 0.159163 0.0758732 0.0665856
pobs_pel_tallas
 0 0 0 0 0 0 0 0 0 0 0 0 0 0 0 0 0 0 0 0 0 0 0 0 0 0 0 0 0 0 0 0 0 0 0 0
 0 0 0 0 0 0 0 0 0 0 0 0 0 0 0 0 0 0 0 0 0 0 0 0 0 0 0 0 0 0 0 0 0 0 0 0
 0 0 0 0 0 0 0 0 0 0 0 0 0 0 0 0 0 0 0 0 0 0 0 0 0 0 0 0 0 0 0 0 0 0 0 0
 0 0 0 0 0 0 0 0 0 0 0 0 0 0 0 0 0 0 0 0 0 0 0 0 0 0 0 0 0 0 0 0 0 0 0 0
 0 0 0 0 0 0 0 0 0 0 0 0 0 0 0 0 0 0 0 0 0 0 0 0 0 0 0 0 0 0 0 0 0 0 0 0
 0 0 0 0 0 0 0 0 0 0 0 0 0 0 0 0 0 0 0 0 0 0 0 0 0 0 0 0 0 0 0 0 0 0 0 0
 0 0 0 0 0 0 0 0 0 0 0 0 0 0 0 0 0 0 0 0 0 0 0 0 0 0 0 0 0 0 0 0 0 0 0 0
 0 0 0 0 0 0 0 0 0 0 0 0 0 0 0 0 0 0 0 0 0 0 0 0 0 0 0 0 0 0 0 0 0 0 0 0
 0 0 0 0 0 0 0 0 0 0 0 0 0 0 0 0 0 0 0 0 0 0 0 0 0 0 0 0 0 0 0 0 0 0 0 0
 0 0 0 0 0 0 0 0 0 0 0 0 0 0 0 0 0 0 0 0 0 0 0 0 0 0 0 0 0 0 0 0 0 0 0 0
 0 0 0 0 0 0 0 0 1.78061e-05 0.00172719 0.00360574 0.0105946 0.0120993 0.0124554 0.0147524 0.0171206 0.0266825 0.0428682 0.0675386 0.121331 0.153587 0.119568 0.100827 0.0573624 0.0630603 0.0341343 0.0324427 0.0444173 0.0211091 0.0280891 0.0125444 0.00206551 0 0 0 0
 0 0 0 0 0 0 0 0 0 0 0 0 0 0 0 0 0 0 0 0 0 0 0 0 0 0 0 0 0 0 0 0 0 0 0 0
 0 0 0 0 0 0 0.0133647 0.0140871 0.0187388 0.0205184 0.03894 0.0496705 0.03968 0.0493445 0.0407372 0.0367815 0.0215668 0.0243155 0.0234873 0.0199281 0.019796 0.0243948 0.0301388 0.0376714 0.0412746 0.0863199 0.0771752 0.113111 0.0741005 0.0525337 0.0229764 0.00759418 0.00175318 0 0 0
 0 0 0 0 0 0 0 0 0 0 0.00219441 0.00772107 0.0458388 0.0604681 0.0671733 0.0775358 0.0609151 0.0617685 0.073594 0.0568108 0.0755445 0.0548602 0.0670107 0.0636378 0.0643287 0.046367 0.0373049 0.0286899 0.0247887 0.0153202 0.00654259 0.00121912 0.000365735 0 0 0
 0 0 0 0 0 0 0 0 0 0 0 0 0.000112435 0.00938835 0.0111873 0.0202946 0.0414886 0.0713402 0.111592 0.104902 0.108894 0.110636 0.117776 0.105296 0.107544 0.0401394 0.0192827 0.0124803 0.00416011 0.0028671 0.000618394 0 0 0 0 0
 0 0 0 0 0 0 0 0 0 0 0.00291406 0.0102884 0.027416 0.0768956 0.0749926 0.110853 0.0956884 0.0897413 0.0766577 0.0534642 0.0500743 0.0551293 0.0594112 0.0620874 0.0668451 0.0424026 0.0208742 0.0120726 0.0048766 0.00582813 0.00118941 0.000297354 0 0 0 0
 0 0.00264628 0.0354308 0.0461629 0.0458689 0.0383711 0.0214643 0.0164657 0.0346957 0.0420465 0.0363128 0.0245516 0.0311673 0.0291091 0.0169068 0.0133784 0.00837989 0.0085269 0.0148486 0.0160247 0.0276389 0.0546898 0.0760071 0.122758 0.109233 0.0665981 0.0333725 0.0166128 0.00676272 0.00308733 0.000882094 0 0 0 0 0
 0 0 0 0 0 0 0 0.000805153 0.000690131 0.00759144 0.0133425 0.0154129 0.00931677 0.000345066 0.00356568 0.00563607 0.00851162 0.0253048 0.0502646 0.0516448 0.0657925 0.0565908 0.0611916 0.0827007 0.0866115 0.110766 0.145733 0.0935128 0.0569358 0.0249597 0.0138026 0.00621118 0.00161031 0.00115022 0 0
 0 0 0 0 0 0 0 0 0 0 0 0 0 0 0 0 0 0 0 0 0 0 0 0 0 0 0 0 0 0 0 0 0 0 0 0
 0.00147267 0.00158595 0.00478618 0.00569244 0.00954404 0.0108468 0.00647125 0.017049 0.0510054 0.094081 0.124002 0.0959785 0.0687766 0.0820023 0.061753 0.0591476 0.0492212 0.0479892 0.0443925 0.0268479 0.0217502 0.0140895 0.0121071 0.0120363 0.00920419 0.00665534 0.0049561 0.00860946 0.00930331 0.0156896 0.0114698 0.00855282 0.00243557 0.00046729 0 2.83206e-05
 0 0 0 0 0.000772559 0.00158375 0.000888443 0.00281984 0.00712685 0.0440552 0.0773331 0.111326 0.0921469 0.0852325 0.0710754 0.0886704 0.0786465 0.0553345 0.0373146 0.0185414 0.00753245 0.00457741 0.012979 0.0271748 0.0457355 0.0583668 0.034881 0.0177882 0.00938659 0.00492506 0.0015258 0.00185414 0.000309023 5.79419e-05 3.86279e-05 0
 0 0.00173294 0.00326652 0 0.00397197 0.00683976 0.00946217 0.0152591 0.00757587 0.0136028 0.0228656 0.0392903 0.0559909 0.0764795 0.0681675 0.0726916 0.0566044 0.0477403 0.0527397 0.0444891 0.0609904 0.0582453 0.0661739 0.0445044 0.0529084 0.0360697 0.0280645 0.0235558 0.0158879 0.00826598 0.00280645 0.00217768 0.000904811 0.00058276 9.20147e-05 0
 0 0 0 0 0 0 0 0 0 0 0 0 0 0 0 0 0 0 0 0 0 0 0 0 0 0 0 0 0 0 0 0 0 0 0 0
ppred_pel_tallas
 1.09507e-16 1.33741e-05 7.84466e-05 0.0003728 0.00143513 0.00447517 0.0113042 0.0231323 0.0383535 0.0515353 0.0561533 0.0497043 0.035958 0.0217501 0.0119903 0.00773939 0.00769154 0.0102547 0.0144296 0.0196922 0.0256502 0.0318527 0.0377708 0.0428743 0.0467361 0.0491148 0.0499882 0.0495223 0.0479971 0.0457156 0.0429312 0.0398136 0.0364553 0.0329038 0.0292008 0.0254094
 1.0956e-16 1.5038e-05 8.82189e-05 0.000419267 0.00161406 0.00503315 0.0127136 0.0260157 0.0431315 0.0579475 0.0631194 0.055821 0.0402757 0.0241473 0.0129247 0.00776155 0.00714914 0.00926731 0.012986 0.0177448 0.0231736 0.0288741 0.0343823 0.039229 0.0430292 0.0455541 0.0467606 0.0467659 0.0457851 0.0440551 0.0417744 0.0390771 0.0360411 0.0327163 0.0291582 0.0254491
 1.08556e-16 1.661e-05 9.74472e-05 0.000463138 0.00178297 0.00555989 0.0140441 0.028738 0.047644 0.0640074 0.069713 0.0616352 0.0444337 0.0265652 0.0140808 0.00823806 0.00735146 0.00939101 0.0130925 0.0178286 0.023193 0.0287612 0.0340483 0.0385727 0.0419506 0.0439717 0.0446282 0.0440854 0.0426119 0.0404939 0.0379675 0.0351864 0.032228 0.0291242 0.0258987 0.0225953
 1.07411e-16 1.72012e-05 0.000100916 0.000479626 0.00184645 0.00575784 0.0145441 0.0297613 0.0493405 0.0662869 0.0721966 0.0638331 0.0460226 0.0275238 0.0146038 0.00856533 0.00766167 0.00978706 0.0136253 0.0185152 0.0240206 0.0296838 0.0349847 0.0394111 0.0425609 0.0442235 0.0444117 0.0433294 0.0412955 0.0386497 0.0356757 0.032563 0.0294086 0.026248 0.0230944 0.0199699
 1.07161e-16 1.61844e-05 9.49448e-05 0.000451232 0.00173712 0.00541689 0.0136829 0.0279994 0.0464207 0.0623681 0.0679383 0.0600916 0.0433762 0.0260438 0.0140062 0.00850812 0.00792575 0.010293 0.0143759 0.0195398 0.0253421 0.0313008 0.036864 0.041487 0.0447418 0.0464036 0.0464857 0.0452062 0.0429073 0.039957 0.0366661 0.0332473 0.029815 0.0264162 0.0230707 0.0198029
 1.07379e-16 1.63617e-05 9.59874e-05 0.000456193 0.00175622 0.00547647 0.0138334 0.0283071 0.0469303 0.0630509 0.0686771 0.0607335 0.0438143 0.0262565 0.0140295 0.00838333 0.00766867 0.00989364 0.0138133 0.0187988 0.0244259 0.0302397 0.0357182 0.0403423 0.0436987 0.045561 0.0459237 0.0449718 0.0430076 0.04036 0.0373092 0.0340501 0.0306935 0.0272946 0.0238895 0.0205223
 1.07167e-16 1.72666e-05 0.000101301 0.000481454 0.00185348 0.00577979 0.0145995 0.0298746 0.0495283 0.0665387 0.0724696 0.0640714 0.0461878 0.0276094 0.0146254 0.00854144 0.00760243 0.00969398 0.0134962 0.0183496 0.023823 0.0294657 0.0347645 0.0392121 0.0424069 0.0441339 0.044396 0.0433844 0.0414045 0.0387854 0.0358052 0.0326537 0.0294345 0.0261937 0.0229569 0.0197579
 1.0657e-16 1.82848e-05 0.000107278 0.000509872 0.0019629 0.006121 0.0154614 0.0316381 0.0524512 0.0704633 0.0767382 0.0678318 0.0488689 0.0291523 0.015333 0.00878165 0.00762664 0.00961716 0.0133485 0.0181233 0.0234963 0.0290113 0.0341539 0.0384182 0.0414076 0.0429152 0.0429558 0.0417348 0.0395732 0.036815 0.0337506 0.0305778 0.0274024 0.0242664 0.0211858 0.0181809
 1.05449e-16 2.06862e-05 0.000121378 0.000576909 0.00222101 0.00692592 0.0174946 0.0357979 0.0593456 0.0797193 0.0868027 0.0766907 0.0551695 0.0327467 0.0169221 0.00921506 0.00747471 0.00912677 0.0125695 0.0170255 0.0220327 0.0271446 0.0318678 0.0357208 0.03833 0.0395072 0.0392789 0.0378571 0.0355659 0.0327511 0.0297055 0.0266287 0.0236263 0.0207361 0.0179645 0.0153162
 1.04202e-16 2.25527e-05 0.000132336 0.000629004 0.00242159 0.00755142 0.0190745 0.0390306 0.0647037 0.086914 0.0946289 0.0835866 0.0600896 0.0355851 0.0182369 0.00968501 0.00756569 0.00905516 0.0123957 0.0167387 0.0215923 0.0264959 0.0309481 0.0344655 0.0366804 0.0374193 0.0367326 0.0348632 0.0321701 0.029033 0.025773 0.0226084 0.0196508 0.0169315 0.0144385 0.0121501
 1.0275e-16 2.72089e-05 0.000159677 0.000758997 0.00292212 0.00911231 0.0230171 0.047097 0.0780721 0.10486 0.114137 0.100746 0.0722675 0.0424793 0.0211839 0.0103013 0.00691875 0.00758195 0.0101554 0.0136508 0.0175703 0.0215094 0.0250474 0.0277844 0.0294194 0.0298151 0.0290231 0.027257 0.0248285 0.0220672 0.0192524 0.0165752 0.0141336 0.011953 0.0100175 0.00829813
 1.01259e-16 3.2297e-05 0.000189554 0.000901048 0.00346907 0.010818 0.0273254 0.0559116 0.0926807 0.124471 0.135457 0.119501 0.085583 0.0500281 0.0244308 0.0110187 0.00627998 0.00607137 0.00784277 0.0104491 0.0133798 0.0162832 0.0188197 0.0206749 0.0216196 0.0215608 0.0205612 0.018816 0.0165997 0.0141984 0.0118528 0.00972489 0.00789225 0.00636466 0.00511044 0.00408196
 1.00709e-16 3.29258e-05 0.000193245 0.000918594 0.00353662 0.0110286 0.0278575 0.0570004 0.0944855 0.126895 0.138095 0.121829 0.0872514 0.0510055 0.0249117 0.0112402 0.0064097 0.00619362 0.00798783 0.0106186 0.0135575 0.0164374 0.0189047 0.0206347 0.0213949 0.0210983 0.0198236 0.0177898 0.0152991 0.0126649 0.0101497 0.00792909 0.00608427 0.00461951 0.00349036 0.002632
 1.00597e-16 3.30635e-05 0.000194053 0.000922436 0.00355142 0.0110748 0.027974 0.0572388 0.0948807 0.127425 0.138672 0.122337 0.0876136 0.0512135 0.0250062 0.0112709 0.00641033 0.00617959 0.00796325 0.0105828 0.0135082 0.0163721 0.0188209 0.0205302 0.0212678 0.0209472 0.0196475 0.0175887 0.0150738 0.0124178 0.00988493 0.00765211 0.00580215 0.00434013 0.00322171 0.00238141
 1.00785e-16 2.93743e-05 0.000172388 0.000819421 0.00315476 0.00983778 0.0248496 0.0508466 0.0842877 0.113208 0.123223 0.108764 0.0780154 0.0458495 0.0228471 0.0110763 0.00738487 0.00803184 0.0106955 0.0142883 0.0182495 0.0221192 0.0254265 0.0277337 0.0287272 0.0282901 0.0265295 0.0237425 0.0203392 0.0167454 0.0133184 0.0102979 0.00779588 0.00581946 0.0043088 0.00317535
 1.0169e-16 2.24115e-05 0.0001315 0.000625013 0.0024062 0.0075034 0.0189533 0.0387832 0.0642958 0.0863727 0.0940573 0.0831238 0.0598486 0.0356259 0.0185941 0.0104126 0.00875948 0.0108418 0.0148995 0.0200386 0.025678 0.0312333 0.0360651 0.0395672 0.0412951 0.0410679 0.0390061 0.035489 0.0310512 0.0262542 0.0215743 0.0173374 0.0137068 0.0107117 0.00829682 0.00637045
 1.03487e-16 1.86121e-05 0.000109194 0.000518968 0.0019979 0.00623014 0.0157372 0.0322027 0.0533887 0.0717273 0.0781265 0.0690869 0.0498338 0.0298493 0.0159203 0.00946162 0.00858582 0.0110098 0.0152936 0.0206912 0.0266843 0.0327188 0.0381698 0.0424294 0.0450315 0.0457514 0.0446456 0.0420154 0.0383145 0.0340328 0.0295961 0.0253085 0.0213438 0.0177711 0.0145965 0.0118011
 1.05363e-16 1.69775e-05 9.95996e-05 0.000473359 0.00182231 0.00568255 0.014354 0.0293724 0.0486969 0.0654254 0.0712664 0.06303 0.0454857 0.0272872 0.0146324 0.00882209 0.00814719 0.0105395 0.0146995 0.0199585 0.0258511 0.0318732 0.0374482 0.0420073 0.0451032 0.0465016 0.046218 0.0444864 0.0416772 0.0381949 0.0343916 0.0305206 0.0267319 0.023099 0.0196559 0.0164279
 1.0672e-16 1.61597e-05 9.47999e-05 0.000450544 0.00173446 0.00540862 0.013662 0.0279566 0.0463498 0.0622727 0.0678341 0.0599988 0.0433078 0.026 0.013978 0.00848465 0.00789904 0.0102593 0.0143353 0.0194967 0.0253054 0.0312838 0.036883 0.0415586 0.0448785 0.0466098 0.0467535 0.0455138 0.043221 0.0402347 0.0368647 0.0333293 0.0297558 0.0262076 0.022722 0.019339
 1.07502e-16 1.58115e-05 9.27564e-05 0.000440831 0.00169707 0.00529201 0.0133675 0.0273539 0.0453505 0.0609302 0.0663719 0.0587059 0.0423756 0.0254426 0.0136828 0.00831301 0.00774908 0.0100737 0.0140864 0.019175 0.0249154 0.030846 0.0364347 0.0411523 0.0445772 0.0464788 0.0468511 0.0458827 0.0438818 0.041183 0.0380718 0.0347464 0.0313197 0.0278479 0.0243682 0.0209265
 1.079e-16 1.5627e-05 9.16736e-05 0.000435684 0.00167725 0.00523022 0.0132114 0.0270345 0.0448211 0.0602189 0.0655975 0.0580218 0.0418837 0.0251511 0.013533 0.00823321 0.00768708 0.0100011 0.0139904 0.0190511 0.0247657 0.0306788 0.0362653 0.0410025 0.0444733 0.0464486 0.0469205 0.0460716 0.0442012 0.0416337 0.038644 0.0354205 0.0320687 0.0286403 0.025171 0.0217082
 1.08098e-16 1.55661e-05 9.13163e-05 0.000433986 0.00167072 0.00520983 0.0131599 0.0269291 0.0446463 0.0599841 0.0653415 0.0577949 0.0417189 0.0250502 0.0134753 0.00819298 0.00764471 0.00994451 0.0139129 0.0189497 0.024641 0.0305357 0.0361137 0.0408566 0.0443503 0.0463669 0.0468963 0.0461174 0.0443236 0.0418326 0.0389127 0.0357472 0.0324376 0.0290336 0.0255707 0.0220977
 1.08088e-16 1.58404e-05 9.29273e-05 0.000441645 0.00170021 0.00530181 0.0133922 0.0274044 0.045434 0.0610415 0.0664907 0.0588054 0.0424352 0.0254538 0.0136443 0.00822156 0.00759426 0.00983909 0.0137543 0.0187317 0.0243579 0.0301862 0.0357026 0.0403952 0.0438552 0.0458576 0.0463929 0.0456377 0.0438817 0.0414378 0.0385703 0.0354586 0.0322015 0.0288468 0.0254286 0.0219946
pSPR Fmed_Fpbrs
0.722443   0.256568 0.256568
Fs Fmed_Fpbrs
0.167895   1.005 1.005
SSBpbr Bo_Bmed_Bpbrs
1.3556e+06  911566  280024 280024
Ro
63117.2
SPR SPRFo_SPRFmed_SPRFpbrs
1.30081e+06 939764 333747
log_Ro
10.8727
likeval ReclasPelacesDesembMPH_pf_preclas_ppelaces_ptallas_desvR_qrecl_qpela
 326.31 142.676 1.18514 0.000807818 326.572 199.67 78.4447 0 0 0 0 0 0 0 0
q_reclas_q_pelaces
1 1
M
0.7
N
 63117.2 37524.5 18634.1 9253.42 9127.88
 63117.2 29830.7 16879.3 8381.99 8268.28
 63117.2 29412.6 13045 7381.29 7281.16
 63117.2 27612.5 11335.9 5027.67 5651.06
 63117.2 30536.4 13015.3 5343.24 5033.46
 63117.2 31121.2 14950 6372.03 5080.23
 63117.2 28193.5 12504.5 6006.93 4601.52
 63117.2 29114.7 12080.5 5358.01 4545.58
 63117.2 26037.7 9977.64 4140.01 3393.97
 63117.2 24125.8 7660.85 2935.64 2216.66
 63117.2 23931.5 6984.46 2217.83 1491.6
 63117.2 15267.7 2819.87 822.985 437.085
 63117.2 16007.4 1977.54 365.242 163.21
 63117.2 15396.7 1918.17 236.969 63.3245
 63117.2 16013.6 1995.81 248.644 38.9258
 63117.2 25320.6 5189.79 646.813 93.1972
 63117.2 29744.8 11324.2 2321.05 330.957
 63117.2 30284.3 13789.8 5249.95 1229.48
 63117.2 30653.7 14384.5 6549.9 3077.61
 63117.2 30705.8 14609.4 6855.6 4588.44
 63117.2 30587.5 14521.8 6909.29 5412.26
 63117.2 30831.3 14697.4 6977.74 5920.53
 63117.2 30420.9 14422.7 6875.34 6033.74
pred_Ctot
 2196.44 2555.93 1269.24 630.285 621.735
 2805.96 2580.09 1459.91 724.968 715.133
 5442.29 4805.18 2131.17 1205.89 1189.53
 1169.95 1012.01 415.467 184.266 207.114
 321.41 310.027 132.14 54.2483 51.1032
 4589.16 4324.42 2077.37 885.42 705.92
 3240.88 2804.27 1243.76 597.48 457.691
 7765.95 6628 2750.15 1219.76 1034.81
 10610.7 7862.23 3012.81 1250.1 1024.83
 10901.4 7461.62 2369.34 907.933 685.568
 24249.3 14201.1 4144.63 1316.07 885.125
 23073.2 8738.49 1613.96 471.036 250.166
 24043.6 9440.8 1166.31 215.412 96.2575
 23063.3 8809.53 1097.52 135.587 36.2324
 8829.67 4099.46 510.922 63.6523 9.96492
 2321.6 1820.71 373.178 46.5098 6.70145
 1536.31 1426.39 543.044 111.304 15.8708
 999.682 949.987 432.572 164.685 38.5675
 924.019 889.454 417.383 190.053 89.3006
 1095.74 1054.77 501.845 235.495 157.616
 741.827 713.81 338.889 161.24 126.304
 1337.8 1289.97 614.931 291.945 247.712
 2168.85 2046.62 970.312 462.55 405.93
F
 0.0494535 0.0989069 0.0989069 0.0989069 0.0989069
 0.0635685 0.127137 0.127137 0.127137 0.127137
 0.126723 0.253447 0.253447 0.253447 0.253447
 0.0260727 0.0521454 0.0521454 0.0521454 0.0521454
 0.00710309 0.0142062 0.0142062 0.0142062 0.0142062
 0.1059 0.2118 0.2118 0.2118 0.2118
 0.0737483 0.147497 0.147497 0.147497 0.147497
 0.185449 0.370898 0.370898 0.370898 0.370898
 0.261711 0.523421 0.523421 0.523421 0.523421
 0.269797 0.539595 0.539595 0.539595 0.539595
 0.719252 1.4385 1.4385 1.4385 1.4385
 0.671943 1.34389 1.34389 1.34389 1.34389
 0.71084 1.42168 1.42168 1.42168 1.42168
 0.671552 1.3431 1.3431 1.3431 1.3431
 0.213374 0.426747 0.426747 0.426747 0.426747
 0.0523377 0.104675 0.104675 0.104675 0.104675
 0.0343623 0.0687245 0.0687245 0.0687245 0.0687245
 0.0222407 0.0444814 0.0444814 0.0444814 0.0444814
 0.020542 0.041084 0.041084 0.041084 0.041084
 0.024401 0.0488019 0.0488019 0.0488019 0.0488019
 0.016462 0.0329241 0.0329241 0.0329241 0.0329241
 0.0298631 0.0597262 0.0597262 0.0597262 0.0597262
 0.0488188 0.0976375 0.0976375 0.0976375 0.0976375
YTP_r0W_actual
 14314.4 49528.1 32408.4 20167.2 22244.9
YTP_p0W_proyectada
 156834 303765 202869 126258 99642.3
CTP_r0_actual
 2168.85 2046.62 970.312 462.55 405.93
CTP_p0_proyectada
 18451.1 14396.5 6608.12 3132.95 2166.14
Wmedp
 8.5 21.1 30.7 40.3 46
nmprior
 10.6 11 7 0
nm_flota  nm_reclas  nm_pelaces    nm_pelaL
inf 7.08706 5.297 6.25796
cv_recla  cv_pelaces  cv_mph
1.71371 1.46292 0.922136
 ------------------------------------------------
Talla a la edad & desviaci?n 
 7.2 14.2025 17.0495 18.207 18.6776
 1.08 2.13037 2.55742 2.73105 2.80164
