years
 1997 1998 1999 2000 2001 2002 2003 2004 2005 2006 2007 2008 2009 2010 2011 2012 2013 2014 2015 2016 2017 2018 2019 2020
reclasobs
 0 0 0 370054 412103 1.49427e+06 250295 1.28982e+06 931140 785840 897777 1.04006e+06 184774 17550 25797 100020 73551 82996 120727 218422 84188 347160 605670 569463
reclaspred
 377876 103886 320170 238078 355899 425409 942663 631041 706201 640604 504180 338151 207719 97131.6 69251.7 71567.6 90246.5 123192 128875 187980 275630 253460 436944 501937
pelacesobs
 0 0 0 0 0 0 0 0 0 2.06254e+06 1.5e+06 0 1.87456e+06 323000 250000 174000 83755 137374 0 501740 490994 745055 786931 1.00524e+06
pelacespred
 1.07646e+06 262582 500473 563209 719775 721801 1.81764e+06 1.51784e+06 1.50203e+06 1.3769e+06 977203 676164 413657 161813 113488 125349 164927 227558 245912 347626 565335 507912 692181 953482
mphobs
 0 0 0 0 0 112323 0 153150 637223 0 255016 313432 73983 77613 109348 50772 0 0 0 0 0 0 0 0
mphpred
 690579 420995 518629 643176 692792 1.09771e+06 1.663e+06 1.96808e+06 1.69254e+06 1.71587e+06 1.607e+06 1.13196e+06 697594 369346 180604 157836 193524 268568 332021 378487 578177 690903 871013 1.21108e+06
desembarqueobs
 350755 77701 442110 56441 14545 235359 269955 359681 431902 328805 639364 411747 362871 311530 167758 66681 60226 58785 57116 73181 50977 67692 138656 160484
desembarquepred
 350761 77700.9 442105 56442.1 14545.1 235393 269981 359683 431931 328825 639575 411993 363201 311970 167799 66691.8 60243.9 58786.1 57112.3 73179.4 50977.1 67686.3 138653 160483
Reclutas
 51214.9 66020.9 39825 65801.7 113385 81562 130694 123011 149380 146521 68227.1 40184.3 42992.9 23703.2 18502.9 23036.4 18975.2 21129.3 23567.4 44523.7 56002.1 71956.9 112406 105814
log_desv_Rt
 -0.078179 0.175763 -0.329714 0.172437 0.716583 0.387155 0.85865 0.798069 0.992286 0.97296 0.208633 -0.320733 -0.253175 -0.848597 -1.09628 -0.877132 -1.07107 -0.963547 -0.854343 -0.218188 0.0111796 0.261858 0.707912 0.647479
SSB
 690579 420995 518629 643176 692792 1.09771e+06 1.663e+06 1.96808e+06 1.69254e+06 1.71587e+06 1.607e+06 1.13196e+06 697594 369346 180604 157836 193524 268568 332021 378487 578177 690903 871013 1.21108e+06
BT
 2.21494e+06 601687 1.13904e+06 1.06832e+06 1.29995e+06 1.47783e+06 3.43852e+06 3.12618e+06 3.08514e+06 2.78329e+06 2.32991e+06 1.5913e+06 1.09864e+06 590795 346352 279662 344753 454504 489640 682277 1.05375e+06 972923 1.33471e+06 1.84037e+06
Ftot
 0.433648 0.362916 0.532887 0.101925 0.0195508 0.190218 0.118611 0.232026 0.258806 0.2057 0.424561 0.393975 0.624567 1.09267 1.01443 0.399727 0.285026 0.193278 0.165288 0.172747 0.078203 0.101905 0.12072 0.121322
BD_Bspro_t
 0.946766 0.752432 0.712127 0.589697 0.72204 0.843437 0.814792 0.822085 0.774209 0.741386 0.70764 0.559589 0.446086 0.334861 0.217892 0.233278 0.347975 0.512077 0.619556 0.699173 0.79473 0.85787 0.863389 0.863924
BD_Bspro
 0.606086 0.369485 0.455174 0.564482 0.608028 0.963406 1.45953 1.72728 1.48545 1.50593 1.41038 0.993464 0.612242 0.324156 0.158507 0.138524 0.169846 0.235708 0.291397 0.332178 0.507436 0.60637 0.764443 1.0629
BD_Bo
 0.541785 0.330286 0.406884 0.504595 0.543521 0.861196 1.30468 1.54403 1.32786 1.34617 1.26075 0.888066 0.547288 0.289766 0.141691 0.123828 0.151827 0.210701 0.260483 0.296937 0.453601 0.542039 0.683342 0.950138
BD_Brms
 1.89451 1.15494 1.42279 1.76447 1.90058 3.01143 4.56221 5.39915 4.64325 4.70728 4.40859 3.10539 1.91376 1.01325 0.495464 0.433001 0.530907 0.73678 0.910855 1.03833 1.58615 1.8954 2.38951 3.32244
S_f
 0.191307 1 1 1 1
 0.191307 1 1 1 1
 0.191307 1 1 1 1
 0.191307 1 1 1 1
 0.191307 1 1 1 1
 0.191307 1 1 1 1
 0.191307 1 1 1 1
 0.191307 1 1 1 1
 0.191307 1 1 1 1
 0.191307 1 1 1 1
 0.191307 1 1 1 1
 0.191307 1 1 1 1
 0.191307 1 1 1 1
 0.191307 1 1 1 1
 0.191307 1 1 1 1
 0.191307 1 1 1 1
 0.191307 1 1 1 1
 0.191307 1 1 1 1
 0.191307 1 1 1 1
 0.191307 1 1 1 1
 0.191307 1 1 1 1
 0.191307 1 1 1 1
 0.191307 1 1 1 1
 0.191307 1 1 1 1
Scru_reclas
 1 1 1 1 1
 1 1 1 1 1
 1 1 1 1 1
 1 1 1 1 1
 1 1 1 1 1
 1 1 1 1 1
 1 1 1 1 1
 1 1 1 1 1
 1 1 1 1 1
 1 1 1 1 1
 1 1 1 1 1
 1 1 1 1 1
 1 1 1 1 1
 1 1 1 1 1
 1 1 1 1 1
 1 1 1 1 1
 1 1 1 1 1
 1 1 1 1 1
 1 1 1 1 1
 1 1 1 1 1
 1 1 1 1 1
 1 1 1 1 1
 1 1 1 1 1
 1 1 1 1 1
Scru_pelaces
 1 1 1 1 1
 1 1 1 1 1
 1 1 1 1 1
 1 1 1 1 1
 1 1 1 1 1
 1 1 1 1 1
 1 1 1 1 1
 1 1 1 1 1
 1 1 1 1 1
 1 1 1 1 1
 1 1 1 1 1
 1 1 1 1 1
 1 1 1 1 1
 1 1 1 1 1
 1 1 1 1 1
 1 1 1 1 1
 1 1 1 1 1
 1 1 1 1 1
 1 1 1 1 1
 1 1 1 1 1
 1 1 1 1 1
 1 1 1 1 1
 1 1 1 1 1
 1 1 1 1 1
pf_obs 
 0.256992 0.487395 0.22802 0.0275931 0
 0.321318 0.546541 0.124235 0.00734118 0.000564706
 0.182869 0.594174 0.210203 0.0122559 0.00049798
 0.330522 0.361315 0.267642 0.0388342 0.00168674
 0.649043 0.306663 0.0425973 0.00169635 0
 0.582887 0.30429 0.105238 0.00758474 0
 0.465427 0.430635 0.0974691 0.00646863 0
 0.296916 0.608066 0.0921331 0.00288517 0
 0.311714 0.524322 0.152257 0.0117073 0
 0.15457 0.633149 0.183074 0.0267441 0.00246327
 0.131901 0.49318 0.331252 0.0422183 0.00144891
 0.196976 0.569456 0.194076 0.0375587 0.00193317
 0.518974 0.381816 0.0799577 0.0180837 0.00116848
 0.0928022 0.601141 0.25162 0.0475244 0.00691264
 0.122501 0.610282 0.24278 0.0234846 0.000952079
 0.383417 0.481906 0.127806 0.00687128 0
 0.0376549 0.599619 0.316969 0.0457579 0
 0.0361596 0.667082 0.258105 0.0386534 0
 0.158088 0.579412 0.248529 0.0139706 0
 0.0477256 0.309471 0.559284 0.082774 0.000745712
 0.0406174 0.521527 0.379366 0.0568643 0.0016247
 0.151134 0.462217 0.34131 0.0453401 0
 0.294876 0.26143 0.354403 0.0886775 0.000613685
 0.281977 0.475581 0.204845 0.0348837 0.00271318
pf_pred 
 0.340857 0.463951 0.17444 0.0207413 1.09153e-05
 0.319466 0.522681 0.111107 0.0417752 0.00496976
 0.181509 0.608898 0.160977 0.0342192 0.0143967
 0.304253 0.416381 0.207827 0.0549442 0.0165934
 0.324702 0.476354 0.119061 0.0594268 0.0204557
 0.175751 0.591126 0.164445 0.0411018 0.0275766
 0.268115 0.401636 0.236845 0.0658875 0.0275172
 0.21201 0.527176 0.143126 0.0844018 0.0332856
 0.246114 0.459957 0.196642 0.0533877 0.0438986
 0.219164 0.513684 0.162993 0.0696833 0.034475
 0.117476 0.544714 0.222233 0.0705151 0.0450616
 0.114481 0.406499 0.295662 0.120625 0.0627332
 0.196983 0.359875 0.203425 0.147959 0.0917581
 0.176322 0.521443 0.135448 0.076564 0.0902233
 0.251857 0.491625 0.162393 0.0421826 0.0519426
 0.331605 0.496644 0.112862 0.0372803 0.0216082
 0.222663 0.588897 0.140019 0.0318191 0.0166025
 0.23415 0.483054 0.214241 0.0509391 0.0176158
 0.231046 0.488958 0.176606 0.0783269 0.0250638
 0.33416 0.418684 0.157161 0.0567644 0.0332318
 0.275784 0.535581 0.118614 0.0445241 0.0254962
 0.259702 0.498568 0.178767 0.0395912 0.0233715
 0.296327 0.462754 0.162251 0.0581769 0.0204902
 0.213147 0.550261 0.155589 0.0545528 0.0264498
pobs_RECLAS
 0 0 0 0 0
 0 0 0 0 0
 0 0 0 0 0
 0 0 0 0 0
 0.835266 0.146461 0.0176864 0.000547809 3.91292e-05
 0.385257 0.428462 0.181853 0.0044286 0
 0.867414 0.0963971 0.0333333 0.00285562 0
 0.441836 0.489002 0.0689373 0.000224442 0
 0.779404 0.147425 0.0564933 0.0165055 0.000172143
 0.814271 0.122319 0.05973 0.00367925 0
 0.40263 0.566651 0.0304383 0.000280538 0
 0.475488 0.404961 0.113038 0.00651328 0
 0.955842 0.0263864 0.0167828 0.000988607 0
 0.975058 0.0227948 0.00214734 0 0
 0.738997 0.206755 0.0527124 0.00153531 0
 0.850938 0.134255 0.0134407 0.00136685 0
 0.542534 0.407297 0.0501686 0 0
 0.764087 0.199537 0.0359546 0.000420521 0
 0.470689 0.182191 0.310203 0.0369168 0
 0.84361 0.089868 0.0606195 0.00523954 0.000663233
 0.607945 0.314616 0.071237 0.00620181 0
 0.523733 0.453247 0.0230204 0 0
 0.530135 0.295979 0.169645 0.0042399 0
 0.562478 0.366248 0.0663022 0.0049721 0
ppred_RECLAS
 0.735356 0.186275 0.0700374 0.00832758 4.38246e-06
 0.714989 0.218902 0.0465323 0.0174957 0.00208136
 0.545774 0.337911 0.089335 0.0189901 0.0079895
 0.696762 0.181478 0.0905807 0.0239472 0.00723218
 0.715563 0.200641 0.0501489 0.0250307 0.00861599
 0.529661 0.337313 0.0938366 0.0234538 0.015736
 0.658309 0.187509 0.110574 0.0307605 0.0128468
 0.587582 0.275913 0.0749096 0.0441742 0.017421
 0.633937 0.22334 0.0954831 0.0259233 0.0213158
 0.59739 0.264863 0.0840415 0.0359297 0.0177758
 0.416823 0.35995 0.146853 0.0465968 0.029777
 0.409161 0.271226 0.197273 0.0804836 0.041857
 0.572694 0.191499 0.108248 0.0787326 0.0488268
 0.551986 0.283622 0.0736727 0.0416446 0.0490742
 0.657383 0.225143 0.0743688 0.0193178 0.0237874
 0.726679 0.203089 0.0461515 0.0152447 0.00883605
 0.60352 0.300366 0.0714166 0.0162293 0.00846807
 0.617594 0.2412 0.106975 0.025435 0.00879597
 0.613076 0.246035 0.0888648 0.0394128 0.0126117
 0.725855 0.172384 0.0647075 0.0233715 0.0136825
 0.666478 0.24665 0.0546253 0.0205046 0.0117417
 0.64829 0.236866 0.0849308 0.0188095 0.0111036
 0.688956 0.204551 0.0717198 0.0257159 0.00905729
 0.587604 0.288396 0.0815456 0.0285916 0.0138626
pobs_PELACES
 0 0 0 0 0
 0 0 0 0 0
 0 0 0 0 0
 0 0 0 0 0
 0 0 0 0 0
 0 0 0 0 0
 0 0 0 0 0
 0 0 0 0 0
 0 0 0 0 0
 0 0 0 0 0
 0.450072 0.473896 0.0757376 0.000293798 0
 0 0 0 0 0
 0.463077 0.371075 0.160297 0.00555027 0
 0.529543 0.364841 0.0842815 0.0213345 0
 0.631943 0.363953 0.00410389 0 0
 0.735681 0.248677 0.0153453 0.000297389 0
 0.695825 0.281241 0.0229344 0 0
 0.275771 0.60734 0.115278 0.00161068 0
 0 0 0 0 0
 0.896147 0.0623911 0.0374545 0.00400742 0
 0.803859 0.145111 0.0509908 3.86294e-05 0
 0.739449 0.233085 0.0266225 0.000797448 4.60066e-05
 0.878498 0.100942 0.0204185 0.000141795 0
 0.694673 0.275183 0.0284847 0.00165964 0
ppred_PELACES
 0.757256 0.17086 0.0642415 0.00763843 4.01979e-06
 0.734308 0.204064 0.0433782 0.0163097 0.00194028
 0.580742 0.311897 0.0824576 0.0175282 0.00737443
 0.702478 0.178057 0.0888732 0.0234958 0.00709585
 0.716624 0.199893 0.0499619 0.0249374 0.00858386
 0.542285 0.328259 0.0913179 0.0228243 0.0153136
 0.665393 0.183622 0.108282 0.0301228 0.0125805
 0.602501 0.265932 0.0721997 0.0425762 0.0167908
 0.649812 0.213655 0.0913424 0.0247992 0.0203914
 0.61052 0.256225 0.0813008 0.034758 0.0171961
 0.444596 0.342808 0.139859 0.0443777 0.0283589
 0.4348 0.259456 0.188712 0.0769911 0.0400407
 0.612902 0.173479 0.0980618 0.0713241 0.0442323
 0.62253 0.238964 0.0620723 0.0350873 0.041347
 0.715525 0.186936 0.0617484 0.0160395 0.0197507
 0.747347 0.187731 0.0426617 0.0140919 0.00816789
 0.62157 0.286691 0.0681653 0.0154905 0.00808255
 0.6297 0.233564 0.103589 0.0246299 0.00851752
 0.623486 0.239416 0.086474 0.0383524 0.0122724
 0.734932 0.166676 0.0625649 0.0225977 0.0132294
 0.671101 0.243231 0.0538681 0.0202204 0.011579
 0.654466 0.232707 0.0834395 0.0184792 0.0109086
 0.695818 0.200039 0.0701377 0.0251486 0.00885749
 0.595427 0.282926 0.0799987 0.0280492 0.0135996
pobs_pel_tallas
 0 0 0 0 0 0 0 0 0 0 0 0 0 0 0 0 0 0 0 0 0 0 0 0 0 0 0 0 0 0 0 0 0 0 0 0
 0 0 0 0 0 0 0 0 0 0 0 0 0 0 0 0 0 0 0 0 0 0 0 0 0 0 0 0 0 0 0 0 0 0 0 0
 0 0 0 0 0 0 0 0 0 0 0 0 0 0 0 0 0 0 0 0 0 0 0 0 0 0 0 0 0 0 0 0 0 0 0 0
 0 0 0 0 0 0 0 0 0 0 0 0 0 0 0 0 0 0 0 0 0 0 0 0 0 0 0 0 0 0 0 0 0 0 0 0
 0 0 0 0 0 0 0 0 0 0 0 0 0 0 0 0 0 0 0 0 0 0 0 0 0 0 0 0 0 0 0 0 0 0 0 0
 0 0 0 0 0 0 0 0 0 0 0 0 0 0 0 0 0 0 0 0 0 0 0 0 0 0 0 0 0 0 0 0 0 0 0 0
 0 0 0 0 0 0 0 0 0 0 0 0 0 0 0 0 0 0 0 0 0 0 0 0 0 0 0 0 0 0 0 0 0 0 0 0
 0 0 0 0 0 0 0 0 0 0 0 0 0 0 0 0 0 0 0 0 0 0 0 0 0 0 0 0 0 0 0 0 0 0 0 0
 0 0 0 0 0 0 0 0 0 0 0 0 0 0 0 0 0 0 0 0 0 0 0 0 0 0 0 0 0 0 0 0 0 0 0 0
 0 0 0 0 0 0 0 0 0 0 0 0 0 0 0 0 0 0 0 0 0 0 0 0 0 0 0 0 0 0 0 0 0 0 0 0
 0 0 0 0 0 0 0 0 1.78061e-05 0.00172719 0.00360574 0.0105946 0.0120993 0.0124554 0.0147524 0.0171206 0.0266825 0.0428682 0.0675386 0.121331 0.153587 0.119568 0.100827 0.0573624 0.0630603 0.0341343 0.0324427 0.0444173 0.0211091 0.0280891 0.0125444 0.00206551 0 0 0 0
 0 0 0 0 0 0 0 0 0 0 0 0 0 0 0 0 0 0 0 0 0 0 0 0 0 0 0 0 0 0 0 0 0 0 0 0
 0 0 0 0 0 0 0.0133647 0.0140871 0.0187388 0.0205184 0.03894 0.0496705 0.03968 0.0493445 0.0407372 0.0367815 0.0215668 0.0243155 0.0234873 0.0199281 0.019796 0.0243948 0.0301388 0.0376714 0.0412746 0.0863199 0.0771752 0.113111 0.0741005 0.0525337 0.0229764 0.00759418 0.00175318 0 0 0
 0 0 0 0 0 0 0 0 0 0 0.00219441 0.00772107 0.0458388 0.0604681 0.0671733 0.0775358 0.0609151 0.0617685 0.073594 0.0568108 0.0755445 0.0548602 0.0670107 0.0636378 0.0643287 0.046367 0.0373049 0.0286899 0.0247887 0.0153202 0.00654259 0.00121912 0.000365735 0 0 0
 0 0 0 0 0 0 0 0 0 0 0 0 0.000112435 0.00938835 0.0111873 0.0202946 0.0414886 0.0713402 0.111592 0.104902 0.108894 0.110636 0.117776 0.105296 0.107544 0.0401394 0.0192827 0.0124803 0.00416011 0.0028671 0.000618394 0 0 0 0 0
 0 0 0 0 0 0 0 0 0 0 0.00291406 0.0102884 0.027416 0.0768956 0.0749926 0.110853 0.0956884 0.0897413 0.0766577 0.0534642 0.0500743 0.0551293 0.0594112 0.0620874 0.0668451 0.0424026 0.0208742 0.0120726 0.0048766 0.00582813 0.00118941 0.000297354 0 0 0 0
 0 0.00264628 0.0354308 0.0461629 0.0458689 0.0383711 0.0214643 0.0164657 0.0346957 0.0420465 0.0363128 0.0245516 0.0311673 0.0291091 0.0169068 0.0133784 0.00837989 0.0085269 0.0148486 0.0160247 0.0276389 0.0546898 0.0760071 0.122758 0.109233 0.0665981 0.0333725 0.0166128 0.00676272 0.00308733 0.000882094 0 0 0 0 0
 0 0 0 0 0 0 0 0.000805153 0.000690131 0.00759144 0.0133425 0.0154129 0.00931677 0.000345066 0.00356568 0.00563607 0.00851162 0.0253048 0.0502646 0.0516448 0.0657925 0.0565908 0.0611916 0.0827007 0.0866115 0.110766 0.145733 0.0935128 0.0569358 0.0249597 0.0138026 0.00621118 0.00161031 0.00115022 0 0
 0 0 0 0 0 0 0 0 0 0 0 0 0 0 0 0 0 0 0 0 0 0 0 0 0 0 0 0 0 0 0 0 0 0 0 0
 0.00147267 0.00158595 0.00478618 0.00569244 0.00954404 0.0108468 0.00647125 0.017049 0.0510054 0.094081 0.124002 0.0959785 0.0687766 0.0820023 0.061753 0.0591476 0.0492212 0.0479892 0.0443925 0.0268479 0.0217502 0.0140895 0.0121071 0.0120363 0.00920419 0.00665534 0.0049561 0.00860946 0.00930331 0.0156896 0.0114698 0.00855282 0.00243557 0.00046729 0 2.83206e-05
 0 0 0 0 0.000772559 0.00158375 0.000888443 0.00281984 0.00712685 0.0440552 0.0773331 0.111326 0.0921469 0.0852325 0.0710754 0.0886704 0.0786465 0.0553345 0.0373146 0.0185414 0.00753245 0.00457741 0.012979 0.0271748 0.0457355 0.0583668 0.034881 0.0177882 0.00938659 0.00492506 0.0015258 0.00185414 0.000309023 5.79419e-05 3.86279e-05 0
 0 0.00173294 0.00326652 0 0.00397197 0.00683976 0.00946217 0.0152591 0.00757587 0.0136028 0.0228656 0.0392903 0.0559909 0.0764795 0.0681675 0.0726916 0.0566044 0.0477403 0.0527397 0.0444891 0.0609904 0.0582453 0.0661739 0.0445044 0.0529084 0.0360697 0.0280645 0.0235558 0.0158879 0.00826598 0.00280645 0.00217768 0.000904811 0.00058276 9.20147e-05 0
 0 0 0 0 0 0 0 0 0 0 0 0 0 0 0 0 0 0 0 0 0 0 0 0 0 0 0 0 0 0 0 0 0 0 0 0
 0 0 0 0 0 0 0 0 0 0 0 0 0 0 0 0 0 0 0 0 0 0 0 0 0 0 0 0 0 0 0 0 0 0 0 0
ppred_pel_tallas
 1.01231e-16 3.30396e-05 0.000193917 0.000921795 0.00354897 0.0110671 0.0279547 0.057199 0.0948136 0.127332 0.138562 0.12222 0.0874859 0.0510511 0.0247646 0.0108904 0.00582253 0.00531516 0.00676437 0.00902065 0.0116022 0.0142051 0.0165433 0.0183484 0.0194164 0.0196505 0.0190789 0.017838 0.0161325 0.0141832 0.0121829 0.0102699 0.00852357 0.00697523 0.00562605 0.00446388
 1.01334e-16 3.20403e-05 0.000188047 0.000893882 0.00344148 0.0107319 0.027108 0.0554669 0.0919436 0.123481 0.13438 0.118552 0.0849053 0.0496358 0.0242469 0.010949 0.00625987 0.00607062 0.00785305 0.0104727 0.013424 0.0163585 0.0189385 0.0208503 0.021863 0.0218799 0.0209578 0.0192847 0.0171271 0.0147648 0.0124338 0.0102947 0.00842674 0.00684416 0.00552164 0.00441859
 1.0222e-16 2.53485e-05 0.00014875 0.00070704 0.00272205 0.0084884 0.0214412 0.043873 0.0727299 0.0976907 0.10635 0.0939124 0.0674516 0.0398216 0.0201797 0.0103448 0.00763353 0.00884838 0.0119999 0.0161368 0.0207296 0.0253041 0.0293549 0.0324011 0.0340845 0.0342486 0.032969 0.0305211 0.0273011 0.0237279 0.0201586 0.0168391 0.0138966 0.0113622 0.00920903 0.00738678
 1.02459e-16 3.06514e-05 0.000179895 0.000855132 0.00329229 0.0102667 0.0259329 0.0530623 0.0879573 0.118126 0.12855 0.113403 0.081205 0.0474477 0.023133 0.0103741 0.00584008 0.00560591 0.00726585 0.00975626 0.0126232 0.0155675 0.0182976 0.0205335 0.0220548 0.022744 0.0226053 0.0217499 0.0203565 0.0186225 0.0167219 0.0147825 0.0128832 0.0110656 0.00935145 0.00775657
 1.02033e-16 3.1269e-05 0.000183519 0.000872357 0.00335861 0.0104735 0.0264553 0.0541312 0.0897296 0.120508 0.131145 0.115699 0.0828657 0.0484503 0.0236808 0.0107168 0.00616219 0.00601061 0.00779876 0.0104239 0.0133969 0.0163813 0.0190498 0.0210958 0.0222907 0.0225334 0.0218685 0.0204657 0.0185691 0.0164354 0.0142806 0.0122504 0.010417 0.00879524 0.00736755 0.00610642
 1.02904e-16 2.36723e-05 0.000138908 0.000660244 0.00254187 0.0079265 0.0200219 0.0409692 0.0679173 0.0912301 0.0993265 0.0877321 0.0630614 0.0373277 0.0190973 0.0100871 0.0078099 0.00929465 0.0126884 0.0170924 0.0219835 0.0268732 0.0312333 0.0345589 0.0364718 0.0368034 0.0356262 0.0332203 0.0299912 0.0263676 0.0227138 0.0192799 0.0161945 0.01349 0.0111414 0.00910379
 1.0322e-16 2.90345e-05 0.000170402 0.000810001 0.00311852 0.0097248 0.0245641 0.0502617 0.0833156 0.111894 0.121772 0.107434 0.0769543 0.045011 0.0220336 0.0100332 0.00586577 0.00582365 0.00763534 0.010295 0.0133668 0.0165533 0.0195579 0.0220908 0.0239187 0.0249091 0.0250495 0.0244343 0.023226 0.0216081 0.0197445 0.0177585 0.0157311 0.013713 0.011741 0.00985026
 1.0336e-16 2.62954e-05 0.000154314 0.000733498 0.00282394 0.00880614 0.0222438 0.0455147 0.0754497 0.101339 0.110308 0.0973753 0.0698688 0.0411079 0.020572 0.0101236 0.00695554 0.00773585 0.0104035 0.0140004 0.0180361 0.0221036 0.0257774 0.0286515 0.0304201 0.0309431 0.0302706 0.0286155 0.0262878 0.0236133 0.0208654 0.0182275 0.0157901 0.0135732 0.0115594 0.00972273
 1.03172e-16 2.83563e-05 0.000166418 0.000791052 0.00304556 0.00949725 0.0239894 0.049086 0.0813676 0.109281 0.118936 0.104951 0.0752152 0.0440743 0.0217246 0.0101436 0.00627346 0.00650031 0.00860248 0.0115792 0.0149698 0.0184346 0.0216292 0.0242219 0.0259552 0.0266971 0.0264637 0.0253987 0.0237251 0.0216843 0.0194845 0.0172726 0.0151321 0.013099 0.0111847 0.00939498
 1.03236e-16 2.66447e-05 0.000156365 0.000743253 0.0028615 0.00892328 0.0225396 0.04612 0.0764527 0.102685 0.111771 0.0986588 0.0707741 0.0416092 0.0207647 0.0101228 0.00683393 0.00751845 0.0100887 0.0135803 0.0175087 0.0214795 0.0250814 0.027921 0.0296992 0.030275 0.0296894 0.0281403 0.0259202 0.0233392 0.0206602 0.0180628 0.0156401 0.0134194 0.0113923 0.00954174
 1.04947e-16 1.94133e-05 0.000113902 0.00054136 0.00208413 0.00649906 0.0164164 0.0335921 0.0556902 0.0748136 0.081473 0.0720101 0.0518639 0.0309083 0.0161996 0.00918639 0.00787315 0.00986131 0.0136514 0.018497 0.0239225 0.0294449 0.0345225 0.038626 0.041344 0.0424688 0.0420304 0.0402647 0.0375347 0.0342317 0.0306922 0.0271526 0.0237456 0.0205256 0.0175065 0.0146932
 1.0728e-16 1.89828e-05 0.000111382 0.000529397 0.0020381 0.00635553 0.0160537 0.0328495 0.0544572 0.0731511 0.0796468 0.0703587 0.0505935 0.0299897 0.0154251 0.0082915 0.00661704 0.00804991 0.0111436 0.0152231 0.019917 0.0248759 0.0297023 0.0339902 0.0373977 0.0397081 0.0408577 0.0409187 0.0400521 0.038448 0.0362791 0.0336781 0.0307427 0.027554 0.0241979 0.0207766
 1.05967e-16 2.67451e-05 0.000156963 0.000746111 0.00287254 0.00895771 0.0226265 0.0462971 0.076744 0.103069 0.11217 0.098968 0.0709007 0.0414924 0.0203537 0.00934275 0.00557138 0.00563372 0.00744831 0.0101002 0.0131996 0.0164827 0.0196841 0.022541 0.0248362 0.0264373 0.0273126 0.0275167 0.0271567 0.0263502 0.0251942 0.0237521 0.0220603 0.0201454 0.018043 0.0158094
 1.04097e-16 2.71676e-05 0.000159437 0.00075786 0.00291775 0.00909868 0.0229827 0.0470264 0.0779544 0.1047 0.113958 0.100576 0.0721208 0.0423424 0.0210219 0.0100678 0.00656363 0.00705574 0.00941414 0.0126644 0.0163337 0.0200526 0.0234417 0.0261405 0.0278773 0.0285268 0.0281315 0.0268759 0.0250277 0.0228647 0.0206153 0.0184261 0.0163625 0.0144305 0.0126088 0.0108751
 1.02412e-16 3.12206e-05 0.000183236 0.000871015 0.00335344 0.0104574 0.0264146 0.0540479 0.0895911 0.120321 0.130939 0.115511 0.0827172 0.0483361 0.0235743 0.0105838 0.00597031 0.00573227 0.00741318 0.00992075 0.0127817 0.0156799 0.0183098 0.0203836 0.0216826 0.0221038 0.0216771 0.0205468 0.0189268 0.0170438 0.0150903 0.0131977 0.0114344 0.00982003 0.00834816 0.00700538
 1.01533e-16 3.26081e-05 0.000191382 0.000909743 0.00350256 0.0109224 0.0275891 0.0564511 0.0935745 0.125669 0.136757 0.120638 0.0863745 0.0504454 0.0245503 0.0109305 0.00603346 0.00567186 0.00727303 0.00969154 0.0124322 0.0151684 0.0175895 0.0194071 0.0204083 0.0205022 0.0197377 0.0182832 0.0163785 0.0142747 0.0121839 0.0102491 0.00854064 0.00707096 0.00581816 0.00474823
 1.01972e-16 2.71278e-05 0.000159198 0.000756716 0.00291333 0.00908489 0.0229479 0.0469556 0.0778384 0.104548 0.113804 0.100466 0.0720977 0.0424415 0.0212797 0.0105364 0.00731663 0.0081809 0.0109956 0.0147582 0.0189416 0.0230997 0.026766 0.0294997 0.0309744 0.0310511 0.0298052 0.0274963 0.024495 0.0211912 0.0179155 0.0148936 0.0122393 0.0099761 0.0080724 0.00647522
 1.02791e-16 2.74802e-05 0.000161272 0.000766585 0.00295135 0.00920345 0.0232473 0.0475678 0.0788518 0.105904 0.115268 0.101729 0.0729408 0.0428105 0.0212301 0.0101285 0.00655496 0.00701665 0.0093622 0.0126118 0.016295 0.0200462 0.023487 0.0262522 0.0280576 0.0287582 0.0283725 0.0270615 0.0250759 0.0226891 0.0201401 0.0176018 0.0151763 0.0129112 0.0108231 0.00891792
 1.03197e-16 2.72094e-05 0.000159682 0.000759024 0.00292223 0.00911266 0.023018 0.0470986 0.0780743 0.104861 0.114134 0.100733 0.072235 0.0424141 0.0210664 0.0101048 0.00661014 0.00712535 0.00951928 0.0128175 0.0165468 0.020335 0.0237974 0.0265647 0.0283532 0.0290236 0.0286048 0.0272705 0.025283 0.0229229 0.0204299 0.0179706 0.0156354 0.0134572 0.0114385 0.00957466
 1.02338e-16 3.2066e-05 0.000188201 0.000894623 0.00344435 0.0107409 0.0271306 0.0555128 0.0920187 0.123579 0.134478 0.118619 0.0849118 0.0495557 0.024052 0.0105999 0.00570261 0.00524266 0.00669718 0.00895541 0.0115549 0.0142058 0.0166347 0.0185835 0.0198541 0.0203487 0.020086 0.019185 0.0178266 0.0162044 0.0144838 0.0127796 0.0111546 0.00963171 0.00821348 0.00689777
 1.0208e-16 2.92857e-05 0.000171872 0.000816976 0.00314536 0.00980848 0.0247755 0.0506947 0.0840349 0.112865 0.122841 0.108405 0.0777113 0.0455773 0.0225391 0.0106438 0.00673577 0.00707984 0.00936993 0.0125499 0.0161102 0.0196594 0.0228012 0.0251632 0.0264703 0.0266053 0.0256317 0.0237673 0.0213218 0.0186196 0.0159335 0.0134467 0.0112486 0.00935357 0.00773241 0.0063409
 1.02406e-16 2.856e-05 0.000167612 0.000796726 0.00306739 0.00956535 0.0241614 0.0494381 0.0819517 0.110067 0.119795 0.105717 0.0757836 0.0444454 0.0219777 0.0103782 0.00657174 0.00692023 0.00918153 0.0123349 0.0158944 0.0194888 0.0227397 0.0252856 0.0268513 0.0273054 0.0266835 0.0251663 0.0230235 0.020544 0.017977 0.0154973 0.0132014 0.0111238 0.00926314 0.00760512
 1.02339e-16 3.03618e-05 0.000178193 0.000847036 0.00326111 0.0101695 0.0256873 0.05256 0.0871253 0.117011 0.127341 0.112349 0.0804767 0.0470754 0.0230504 0.0105033 0.00614248 0.00608368 0.00794014 0.010644 0.0137199 0.0168366 0.0196677 0.0219033 0.0233072 0.0237658 0.0233075 0.0220841 0.0203223 0.0182646 0.0161188 0.0140296 0.0120757 0.0102848 0.00865613 0.0071803
 1.02828e-16 2.59876e-05 0.000152505 0.000724897 0.00279082 0.00870284 0.0219829 0.044981 0.0745656 0.100153 0.109023 0.0962515 0.0690871 0.0406976 0.0204583 0.0102188 0.00721308 0.00815337 0.0110019 0.0148018 0.0190475 0.0233067 0.0271234 0.0300629 0.0317985 0.0321825 0.0312733 0.0293061 0.026623 0.0235856 0.0205005 0.0175771 0.0149232 0.0125659 0.0104865 0.00865146
pSPR Fmed_Fpbrs
0.696311   0.335976 0.335976
Fs Fmed_Fpbrs
0.228154   1.005 1.005
SSBpbr Bo_Bmed_Bpbrs
1.27464e+06  823812  364515 364515
Ro
55379.5
SPR SPRFo_SPRFmed_SPRFpbrs
1.13941e+06 793383 382814
log_Ro
10.742
likeval ReclasPelacesDesembMPH_pf_preclas_ppelaces_ptallas_desvR_qrecl_qpela
 64.7701 27.0769 0.0175355 0.00133573 304.678 187.929 70.8791 0 15.1226 7.86616e-05 0 0 0 0 0
q_reclas_q_pelaces
0.284565 1
M
0.7
N
 51214.9 15459.8 5812.72 691.143 0.36372
 66020.9 23407.8 4975.85 1870.86 222.566
 39825 30586 8086.16 1718.89 723.169
 65801.7 17859.7 8914.3 2356.71 711.738
 113385 32045.2 8009.47 3997.75 1376.09
 81562 56095.3 15605.1 3900.38 2616.9
 130694 39055.1 23030.8 6406.91 2675.77
 123011 63444.6 17225 10157.6 4005.86
 149380 58433.5 24981.6 6782.43 5576.93
 146521 70596.7 22400.5 9576.72 4737.97
 68227.1 69952.5 28539.3 9055.6 5786.84
 40184.3 31237.5 22720.2 9269.44 4820.75
 42992.9 18506.2 10460.9 7608.61 4718.56
 23703.2 18945.2 4921.13 2781.74 3278.02
 18502.9 9550.33 3154.65 819.441 1009.04
 23036.4 7567.49 1719.7 568.049 329.249
 18975.2 10597.4 2519.69 572.595 298.766
 21129.3 8922.77 3957.37 940.926 325.392
 23567.4 10111.6 3652.19 1619.8 518.319
 44523.7 11339 4256.29 1537.32 899.998
 56002.1 21391.1 4737.45 1778.29 1018.32
 71956.9 27396.8 9823.43 2175.58 1284.29
 112406 35042.9 12286.8 4405.55 1551.66
 105814 54545 15422.9 5407.59 2621.86
pred_Ctot
 2946.35 4010.37 1507.86 179.287 0.0943513
 3197.43 5231.34 1112.04 418.114 49.7407
 2792.27 9367.1 2476.42 526.418 221.474
 914.831 1251.98 624.897 165.207 49.8933
 304.483 446.691 111.647 55.7263 19.1819
 2100.56 7065.09 1965.43 491.245 329.594
 2111.51 3163.03 1865.24 518.889 216.708
 3850.82 9575.28 2599.66 1533.02 604.578
 5204.31 9726.21 4158.18 1128.93 928.277
 4075.36 9551.96 3030.86 1295.76 641.062
 3845.71 17831.8 7275.06 2308.39 1475.14
 2107.23 7482.32 5442.18 2220.31 1154.71
 3506.25 6405.7 3620.92 2633.63 1633.27
 3254.51 9624.67 2500.07 1413.2 1665.32
 2373.66 4633.38 1530.49 397.555 489.539
 1225.06 1834.77 416.948 137.726 79.8277
 726.463 1921.34 456.829 103.814 54.1675
 552.78 1140.39 505.78 120.257 41.5874
 528.518 1118.49 403.986 179.173 57.3336
 1042.88 1306.67 490.481 177.156 103.713
 598.574 1162.45 257.446 96.6372 55.3382
 1000.21 1920.17 688.496 152.48 90.0119
 1848.01 2885.9 1011.86 362.813 127.785
 1748.22 4513.2 1276.13 447.439 216.94
F
 0.08296 0.433648 0.433648 0.433648 0.433648
 0.0694285 0.362916 0.362916 0.362916 0.362916
 0.101945 0.532887 0.532887 0.532887 0.532887
 0.0194991 0.101925 0.101925 0.101925 0.101925
 0.00374021 0.0195508 0.0195508 0.0195508 0.0195508
 0.0363902 0.190218 0.190218 0.190218 0.190218
 0.0226912 0.118611 0.118611 0.118611 0.118611
 0.0443883 0.232026 0.232026 0.232026 0.232026
 0.0495115 0.258806 0.258806 0.258806 0.258806
 0.039352 0.2057 0.2057 0.2057 0.2057
 0.0812216 0.424561 0.424561 0.424561 0.424561
 0.0753704 0.393975 0.393975 0.393975 0.393975
 0.119484 0.624567 0.624567 0.624567 0.624567
 0.209036 1.09267 1.09267 1.09267 1.09267
 0.194067 1.01443 1.01443 1.01443 1.01443
 0.0764707 0.399727 0.399727 0.399727 0.399727
 0.0545276 0.285026 0.285026 0.285026 0.285026
 0.0369756 0.193278 0.193278 0.193278 0.193278
 0.0316209 0.165288 0.165288 0.165288 0.165288
 0.0330477 0.172747 0.172747 0.172747 0.172747
 0.0149608 0.078203 0.078203 0.078203 0.078203
 0.0194951 0.101905 0.101905 0.101905 0.101905
 0.0230946 0.12072 0.12072 0.12072 0.12072
 0.0232098 0.121322 0.121322 0.121322 0.121322
YTP_r0W_actual
 13985.8 85750.9 35093.6 16107.8 9545.35
YTP_p0W_proyectada
 51070.2 522465 355233 131853 75979.9
CTP_r0_actual
 1748.22 4513.2 1276.13 447.439 216.94
CTP_p0_proyectada
 6008.26 24761.4 11571.1 3271.79 1651.74
Wmedp
 8.5 21.1 30.7 40.3 46
nmprior
 10.6 11 7 0
nm_flota  nm_reclas  nm_pelaces    nm_pelaL
inf 14.9075 18.9145 34.0528
cv_recla  cv_pelaces  cv_mph
0.745099 0.612299 1.18576
 ------------------------------------------------
Talla a la edad & desviaci?n 
 7.2 14.2025 17.0495 18.207 18.6776
 1.08 2.13037 2.55742 2.73105 2.80164
