years
 1997 1998 1999 2000 2001 2002 2003 2004 2005 2006 2007 2008 2009 2010 2011 2012 2013 2014 2015 2016 2017
reclasobs
 0 0 0 370054 412103 1.49427e+06 250295 1.28982e+06 931140 785840 897777 1.04006e+06 184774 17550 25797 100020 73551 82996 120727 218422 84188
reclaspred
 374706 101668 310610 231228 347800 415847 922216 618667 694822 632013 497896 333855 205014 95925.9 68354.4 70588.8 89052.1 121604 125239 165168 192514
pelacesobs
 0 0 0 0 0 0 0 0 0 2.06254e+06 1.5e+06 0 1.87456e+06 323000 250000 174000 83755 137374 0 501740 490994
pelacespred
 1.0742e+06 264101 492679 556765 715864 718360 1.81198e+06 1.51512e+06 1.50538e+06 1.38368e+06 983446 680354 416324 163124 114218 126040 165851 228868 244014 312678 399876
mphobs
 0 0 0 0 0 112323 0 153150 637223 0 255016 313432 73983 77613 109348 50772 0 0 0 0 0
mphpred
 142008 85644.7 103933 127962 138431 220623 334152 395962 341386 347322 326209 230003 141703 75018.3 36691.4 32003.6 39246.2 54487.5 67236.9 73925.3 98022.7
desembarqueobs
 350755 77701 442110 56441 14545 235359 269955 359681 431902 328805 639364 411747 362871 311530 167758 66681 60226 58785 57116 73181 50977
desembarquepred
 350760 77700.2 442096 56441.8 14545.1 235391 269979 359679 431925 328821 639556 411981 363188 311955 167794 66691 60243 58785.5 57111.6 73179.1 50978.5
Reclutas
 50533.6 65292.8 39139.4 65535.3 113524 81055.5 130582 123247 150376 147678 68363.9 40019.6 42997.7 23726.8 18552.5 23149.6 19076.8 21242.4 22552.9 35768.5 29031.6
log_desv_Rt
 0.030111 0.286353 -0.225399 0.290061 0.839482 0.502607 0.979472 0.92166 1.12061 1.10251 0.332316 -0.203158 -0.131382 -0.725923 -0.971923 -0.750551 -0.944056 -0.836528 -0.776664 -0.31546 -0.524142
SSB
 703691 424395 515017 634091 685967 1.09325e+06 1.65582e+06 1.96211e+06 1.69167e+06 1.72108e+06 1.61646e+06 1.13973e+06 702181 371738 181817 158587 194476 270001 333178 366321 485732
BT
 2.21081e+06 604250 1.12613e+06 1.05672e+06 1.29293e+06 1.47141e+06 3.42903e+06 3.12068e+06 3.09114e+06 2.79512e+06 2.34089e+06 1.59879e+06 1.10347e+06 593177 347753 280888 346397 456840 486259 620200 758412
Ftot
 0.419305 0.358539 0.53471 0.102738 0.0195631 0.190385 0.118497 0.231374 0.2572 0.203884 0.42058 0.390226 0.617785 1.08058 1.00009 0.395227 0.281777 0.191185 0.164409 0.180417 0.0957243
BD_Bspro_t
 0.947914 0.753957 0.710732 0.586372 0.720243 0.842964 0.813992 0.821442 0.773945 0.741703 0.708524 0.560845 0.447365 0.336134 0.218936 0.233987 0.348845 0.51299 0.619858 0.691495 0.764591
BD_Bspro
 0.694679 0.41896 0.508421 0.62597 0.677182 1.07925 1.63462 1.93698 1.67 1.69904 1.59576 1.12514 0.693188 0.366977 0.179488 0.156556 0.191986 0.266544 0.328912 0.36163 0.479511
BD_Bo
 0.545493 0.328985 0.399235 0.491539 0.531753 0.847474 1.28357 1.521 1.31136 1.33416 1.25306 0.883507 0.544322 0.288167 0.140942 0.122935 0.150756 0.209302 0.258276 0.283968 0.376533
BD_Brms
 1.89976 1.14574 1.39039 1.71186 1.85191 2.95145 4.47023 5.29711 4.567 4.64641 4.36397 3.07694 1.89568 1.00358 0.490851 0.428139 0.525028 0.728924 0.899483 0.988959 1.31133
S_f
 0.200442 1 1 1 1
 0.200442 1 1 1 1
 0.200442 1 1 1 1
 0.200442 1 1 1 1
 0.200442 1 1 1 1
 0.200442 1 1 1 1
 0.200442 1 1 1 1
 0.200442 1 1 1 1
 0.200442 1 1 1 1
 0.200442 1 1 1 1
 0.200442 1 1 1 1
 0.200442 1 1 1 1
 0.200442 1 1 1 1
 0.200442 1 1 1 1
 0.200442 1 1 1 1
 0.200442 1 1 1 1
 0.200442 1 1 1 1
 0.200442 1 1 1 1
 0.200442 1 1 1 1
 0.200442 1 1 1 1
 0.200442 1 1 1 1
Scru_reclas
 1 1 1 1 1
 1 1 1 1 1
 1 1 1 1 1
 1 1 1 1 1
 1 1 1 1 1
 1 1 1 1 1
 1 1 1 1 1
 1 1 1 1 1
 1 1 1 1 1
 1 1 1 1 1
 1 1 1 1 1
 1 1 1 1 1
 1 1 1 1 1
 1 1 1 1 1
 1 1 1 1 1
 1 1 1 1 1
 1 1 1 1 1
 1 1 1 1 1
 1 1 1 1 1
 1 1 1 1 1
 1 1 1 1 1
Scru_pelaces
 1 1 1 1 1
 1 1 1 1 1
 1 1 1 1 1
 1 1 1 1 1
 1 1 1 1 1
 1 1 1 1 1
 1 1 1 1 1
 1 1 1 1 1
 1 1 1 1 1
 1 1 1 1 1
 1 1 1 1 1
 1 1 1 1 1
 1 1 1 1 1
 1 1 1 1 1
 1 1 1 1 1
 1 1 1 1 1
 1 1 1 1 1
 1 1 1 1 1
 1 1 1 1 1
 1 1 1 1 1
 1 1 1 1 1
pf_obs 
 0.256992 0.487395 0.22802 0.0275931 0
 0.321318 0.546541 0.124235 0.00734118 0.000564706
 0.182869 0.594174 0.210203 0.0122559 0.00049798
 0.330522 0.361315 0.267642 0.0388342 0.00168674
 0.649043 0.306663 0.0425973 0.00169635 0
 0.582887 0.30429 0.105238 0.00758474 0
 0.465427 0.430635 0.0974691 0.00646863 0
 0.296916 0.608066 0.0921331 0.00288517 0
 0.311714 0.524322 0.152257 0.0117073 0
 0.15457 0.633149 0.183074 0.0267441 0.00246327
 0.131901 0.49318 0.331252 0.0422183 0.00144891
 0.196976 0.569456 0.194076 0.0375587 0.00193317
 0.518974 0.381816 0.0799577 0.0180837 0.00116848
 0.0928022 0.601141 0.25162 0.0475244 0.00691264
 0.122501 0.610282 0.24278 0.0234846 0.000952079
 0.383417 0.481906 0.127806 0.00687128 0
 0.0376549 0.599619 0.316969 0.0457579 0
 0.0361596 0.667082 0.258105 0.0386534 0
 0.158088 0.579412 0.248529 0.0139706 0
 0.0477256 0.309471 0.559284 0.082774 0.000745712
 0.0406174 0.521527 0.379366 0.0568643 0.0016247
pf_pred 
 0.340677 0.46376 0.174741 0.0208132 9.4035e-06
 0.326849 0.510127 0.114669 0.0432063 0.00514858
 0.18706 0.602151 0.15974 0.0359072 0.0151417
 0.317186 0.406739 0.204491 0.0542479 0.0173363
 0.337306 0.46933 0.115183 0.0579092 0.0202717
 0.18185 0.588438 0.162685 0.0399262 0.0271
 0.278151 0.395055 0.23504 0.0649813 0.0267723
 0.220553 0.522022 0.140884 0.0838198 0.0327211
 0.256019 0.454315 0.193999 0.0523569 0.0433101
 0.227809 0.508685 0.160911 0.0687113 0.0338837
 0.121668 0.542393 0.221302 0.0700038 0.0446336
 0.118069 0.402462 0.296085 0.120805 0.062579
 0.203477 0.353905 0.201985 0.148597 0.0920358
 0.182156 0.515338 0.134407 0.0767105 0.0913885
 0.259728 0.483259 0.161948 0.0422384 0.0528262
 0.342226 0.486473 0.111827 0.0374753 0.0219982
 0.23087 0.582211 0.13824 0.0317778 0.0169005
 0.242513 0.477282 0.212108 0.0503629 0.0177342
 0.230472 0.488872 0.176837 0.0785879 0.0252306
 0.302847 0.43 0.169719 0.0613916 0.0360421
 0.197724 0.562921 0.147633 0.05827 0.0334521
pobs_RECLAS
 0 0 0 0 0
 0 0 0 0 0
 0 0 0 0 0
 0 0 0 0 0
 0.835266 0.146461 0.0176864 0.000547809 3.91292e-05
 0.385257 0.428462 0.181853 0.0044286 0
 0.867414 0.0963971 0.0333333 0.00285562 0
 0.441836 0.489002 0.0689373 0.000224442 0
 0.779404 0.147425 0.0564933 0.0165055 0.000172143
 0.814271 0.122319 0.05973 0.00367925 0
 0.40263 0.566651 0.0304383 0.000280538 0
 0.475488 0.404961 0.113038 0.00651328 0
 0.955842 0.0263864 0.0167828 0.000988607 0
 0.975058 0.0227948 0.00214734 0 0
 0.738997 0.206755 0.0527124 0.00153531 0
 0.850938 0.134255 0.0134407 0.00136685 0
 0.542534 0.407297 0.0501686 0 0
 0.764087 0.199537 0.0359546 0.000420521 0
 0.470689 0.182191 0.310203 0.0369168 0
 0.84361 0.089868 0.0606195 0.00523954 0.000663233
 0.607945 0.314616 0.071237 0.00620181 0
ppred_RECLAS
 0.725744 0.192908 0.0726862 0.00865758 3.91154e-06
 0.712246 0.218066 0.049018 0.0184695 0.00220088
 0.543324 0.338264 0.0897353 0.0201712 0.00850599
 0.699656 0.178909 0.089948 0.0238616 0.00762557
 0.717649 0.199966 0.0490756 0.0246732 0.00863708
 0.528366 0.339214 0.0937822 0.023016 0.0156222
 0.659172 0.186529 0.110976 0.0306815 0.0126408
 0.58845 0.275629 0.0743872 0.044257 0.0172768
 0.635278 0.222719 0.0951041 0.0256669 0.0212319
 0.5981 0.264754 0.0837489 0.035762 0.0176354
 0.415028 0.361236 0.147388 0.0466227 0.0297262
 0.406203 0.270974 0.199352 0.0813373 0.0421339
 0.570954 0.19063 0.108799 0.0800418 0.049575
 0.549694 0.283746 0.0740048 0.0422369 0.0503186
 0.655645 0.2248 0.0753343 0.0196482 0.0245734
 0.726742 0.202094 0.0464561 0.0155683 0.00913866
 0.603468 0.300164 0.071271 0.0163833 0.00871319
 0.617403 0.241069 0.107133 0.0254376 0.0089573
 0.601145 0.253388 0.0916568 0.040733 0.0130773
 0.68634 0.193463 0.0763592 0.027621 0.0162159
 0.552663 0.313876 0.0823178 0.0324905 0.0186524
pobs_PELACES
 0 0 0 0 0
 0 0 0 0 0
 0 0 0 0 0
 0 0 0 0 0
 0 0 0 0 0
 0 0 0 0 0
 0 0 0 0 0
 0 0 0 0 0
 0 0 0 0 0
 0 0 0 0 0
 0.450072 0.473896 0.0757376 0.000293798 0
 0 0 0 0 0
 0.463077 0.371075 0.160297 0.00555027 0
 0.529543 0.364841 0.0842815 0.0213345 0
 0.631943 0.363953 0.00410389 0 0
 0.735681 0.248677 0.0153453 0.000297389 0
 0.695825 0.281241 0.0229344 0 0
 0.275771 0.60734 0.115278 0.00161068 0
 0 0 0 0 0
 0.896147 0.0623911 0.0374545 0.00400742 0
 0.803859 0.145111 0.0509908 3.86294e-05 0
ppred_PELACES
 0.747207 0.177812 0.0669979 0.00798005 3.60543e-06
 0.731239 0.203672 0.0457825 0.0172505 0.00205561
 0.578061 0.312534 0.0829097 0.0186369 0.00785899
 0.705321 0.175534 0.0882513 0.0234115 0.00748173
 0.718693 0.199226 0.048894 0.0245819 0.00860512
 0.540863 0.330225 0.0912971 0.0224062 0.0152083
 0.666161 0.182704 0.108701 0.0300524 0.0123816
 0.603151 0.265783 0.07173 0.0426761 0.0166597
 0.650853 0.213208 0.0910428 0.0245708 0.0203252
 0.61096 0.256282 0.0810691 0.0346177 0.0170711
 0.442198 0.344458 0.140542 0.0444573 0.0283455
 0.431258 0.25954 0.19094 0.0779053 0.0403561
 0.610342 0.17313 0.0988108 0.0726936 0.0450238
 0.618821 0.240187 0.0626442 0.035753 0.0425941
 0.712555 0.187648 0.0628841 0.016401 0.0205123
 0.746955 0.187145 0.0430198 0.0144167 0.00846267
 0.621115 0.286806 0.0680992 0.0156542 0.00832542
 0.629247 0.233607 0.103817 0.0246502 0.00868003
 0.611499 0.24681 0.0892774 0.0396756 0.0127378
 0.696496 0.187199 0.0738868 0.0267267 0.0156908
 0.558899 0.309501 0.0811703 0.0320376 0.0183924
pobs_pel_tallas
 0 0 0 0 0 0 0 0 0 0 0 0 0 0 0 0 0 0 0 0 0 0 0 0 0 0 0 0 0 0 0 0 0 0 0 0
 0 0 0 0 0 0 0 0 0 0 0 0 0 0 0 0 0 0 0 0 0 0 0 0 0 0 0 0 0 0 0 0 0 0 0 0
 0 0 0 0 0 0 0 0 0 0 0 0 0 0 0 0 0 0 0 0 0 0 0 0 0 0 0 0 0 0 0 0 0 0 0 0
 0 0 0 0 0 0 0 0 0 0 0 0 0 0 0 0 0 0 0 0 0 0 0 0 0 0 0 0 0 0 0 0 0 0 0 0
 0 0 0 0 0 0 0 0 0 0 0 0 0 0 0 0 0 0 0 0 0 0 0 0 0 0 0 0 0 0 0 0 0 0 0 0
 0 0 0 0 0 0 0 0 0 0 0 0 0 0 0 0 0 0 0 0 0 0 0 0 0 0 0 0 0 0 0 0 0 0 0 0
 0 0 0 0 0 0 0 0 0 0 0 0 0 0 0 0 0 0 0 0 0 0 0 0 0 0 0 0 0 0 0 0 0 0 0 0
 0 0 0 0 0 0 0 0 0 0 0 0 0 0 0 0 0 0 0 0 0 0 0 0 0 0 0 0 0 0 0 0 0 0 0 0
 0 0 0 0 0 0 0 0 0 0 0 0 0 0 0 0 0 0 0 0 0 0 0 0 0 0 0 0 0 0 0 0 0 0 0 0
 0 0 0 0 0 0 0 0 0 0 0 0 0 0 0 0 0 0 0 0 0 0 0 0 0 0 0 0 0 0 0 0 0 0 0 0
 0 0 0 0 0 0 0 0 1.78061e-05 0.00172719 0.00360574 0.0105946 0.0120993 0.0124554 0.0147524 0.0171206 0.0266825 0.0428682 0.0675386 0.121331 0.153587 0.119568 0.100827 0.0573624 0.0630603 0.0341343 0.0324427 0.0444173 0.0211091 0.0280891 0.0125444 0.00206551 0 0 0 0
 0 0 0 0 0 0 0 0 0 0 0 0 0 0 0 0 0 0 0 0 0 0 0 0 0 0 0 0 0 0 0 0 0 0 0 0
 0 0 0 0 0 0 0.0133647 0.0140871 0.0187388 0.0205184 0.03894 0.0496705 0.03968 0.0493445 0.0407372 0.0367815 0.0215668 0.0243155 0.0234873 0.0199281 0.019796 0.0243948 0.0301388 0.0376714 0.0412746 0.0863199 0.0771752 0.113111 0.0741005 0.0525337 0.0229764 0.00759418 0.00175318 0 0 0
 0 0 0 0 0 0 0 0 0 0 0.00219441 0.00772107 0.0458388 0.0604681 0.0671733 0.0775358 0.0609151 0.0617685 0.073594 0.0568108 0.0755445 0.0548602 0.0670107 0.0636378 0.0643287 0.046367 0.0373049 0.0286899 0.0247887 0.0153202 0.00654259 0.00121912 0.000365735 0 0 0
 0 0 0 0 0 0 0 0 0 0 0 0 0.000112435 0.00938835 0.0111873 0.0202946 0.0414886 0.0713402 0.111592 0.104902 0.108894 0.110636 0.117776 0.105296 0.107544 0.0401394 0.0192827 0.0124803 0.00416011 0.0028671 0.000618394 0 0 0 0 0
 0 0 0 0 0 0 0 0 0 0 0.00291406 0.0102884 0.027416 0.0768956 0.0749926 0.110853 0.0956884 0.0897413 0.0766577 0.0534642 0.0500743 0.0551293 0.0594112 0.0620874 0.0668451 0.0424026 0.0208742 0.0120726 0.0048766 0.00582813 0.00118941 0.000297354 0 0 0 0
 0 0.00264628 0.0354308 0.0461629 0.0458689 0.0383711 0.0214643 0.0164657 0.0346957 0.0420465 0.0363128 0.0245516 0.0311673 0.0291091 0.0169068 0.0133784 0.00837989 0.0085269 0.0148486 0.0160247 0.0276389 0.0546898 0.0760071 0.122758 0.109233 0.0665981 0.0333725 0.0166128 0.00676272 0.00308733 0.000882094 0 0 0 0 0
 0 0 0 0 0 0 0 0.000805153 0.000690131 0.00759144 0.0133425 0.0154129 0.00931677 0.000345066 0.00356568 0.00563607 0.00851162 0.0253048 0.0502646 0.0516448 0.0657925 0.0565908 0.0611916 0.0827007 0.0866115 0.110766 0.145733 0.0935128 0.0569358 0.0249597 0.0138026 0.00621118 0.00161031 0.00115022 0 0
 0 0 0 0 0 0 0 0 0 0 0 0 0 0 0 0 0 0 0 0 0 0 0 0 0 0 0 0 0 0 0 0 0 0 0 0
 0.00147267 0.00158595 0.00478618 0.00569244 0.00954404 0.0108468 0.00647125 0.017049 0.0510054 0.094081 0.124002 0.0959785 0.0687766 0.0820023 0.061753 0.0591476 0.0492212 0.0479892 0.0443925 0.0268479 0.0217502 0.0140895 0.0121071 0.0120363 0.00920419 0.00665534 0.0049561 0.00860946 0.00930331 0.0156896 0.0114698 0.00855282 0.00243557 0.00046729 0 2.83206e-05
 0 0 0 0 0.000772559 0.00158375 0.000888443 0.00281984 0.00712685 0.0440552 0.0773331 0.111326 0.0921469 0.0852325 0.0710754 0.0886704 0.0786465 0.0553345 0.0373146 0.0185414 0.00753245 0.00457741 0.012979 0.0271748 0.0457355 0.0583668 0.034881 0.0177882 0.00938659 0.00492506 0.0015258 0.00185414 0.000309023 5.79419e-05 3.86279e-05 0
ppred_pel_tallas
 1.01284e-16 3.26017e-05 0.000191345 0.000909568 0.00350189 0.0109203 0.0275838 0.0564402 0.0935562 0.125644 0.136727 0.120607 0.0863435 0.0504086 0.0244979 0.01085 0.00591114 0.00549508 0.00703322 0.00938814 0.0120766 0.0147866 0.0172212 0.0191012 0.0202144 0.0204599 0.0198667 0.0185769 0.0168033 0.0147755 0.012694 0.0107028 0.00888469 0.00727211 0.00586648 0.0046553
 1.01406e-16 3.19064e-05 0.000187261 0.000890147 0.0034271 0.0106871 0.0269948 0.0552351 0.0915594 0.122965 0.133819 0.118057 0.0845521 0.0494315 0.0241512 0.010913 0.00624987 0.00607077 0.00785886 0.0104851 0.0134463 0.0163955 0.0189962 0.0209347 0.0219798 0.0220333 0.0211494 0.019513 0.0173873 0.0150486 0.012731 0.0105937 0.0087163 0.00711431 0.00576473 0.00462979
 1.02287e-16 2.52316e-05 0.000148064 0.000703776 0.00270949 0.00844921 0.0213422 0.0436705 0.0723942 0.0972401 0.10586 0.0934809 0.0671446 0.039646 0.0201012 0.0103217 0.00763784 0.00886762 0.0120312 0.0161814 0.0207896 0.0253815 0.0294511 0.0325166 0.034219 0.0344011 0.0331379 0.0307042 0.0274959 0.0239314 0.0203669 0.0170479 0.0141011 0.0115577 0.00939101 0.00755153
 1.02465e-16 3.07752e-05 0.000180622 0.000858591 0.00330561 0.0103082 0.0260378 0.0532769 0.0883129 0.118604 0.129069 0.113859 0.0815272 0.0476276 0.0232052 0.0103801 0.00580649 0.00554236 0.0071721 0.00962899 0.0124602 0.0153695 0.0180697 0.0202846 0.0217966 0.0224896 0.022367 0.0215373 0.0201759 0.0184762 0.016609 0.0146998 0.012826 0.0110289 0.0093305 0.00774713
 1.02006e-16 3.13592e-05 0.000184049 0.000874876 0.00336831 0.0105037 0.0265316 0.0542875 0.0899886 0.120855 0.131523 0.116032 0.0831023 0.0485851 0.0237401 0.0107322 0.00615516 0.00599014 0.00776646 0.0103784 0.0133362 0.0163039 0.0189551 0.0209844 0.0221643 0.0223946 0.0217205 0.0203121 0.0184137 0.0162819 0.0141325 0.0121109 0.0102889 0.00868064 0.00726784 0.00602216
 1.02885e-16 2.36104e-05 0.000138544 0.000658514 0.00253521 0.00790573 0.0199695 0.0408619 0.0677395 0.0909914 0.0990673 0.0875048 0.0629015 0.03724 0.0190652 0.0100907 0.00783718 0.00934194 0.0127569 0.0171844 0.0220999 0.0270122 0.0313899 0.0347251 0.0366375 0.0369579 0.0357601 0.0333266 0.0300665 0.026412 0.0227303 0.0192737 0.0161716 0.0134564 0.0111026 0.00906387
 1.03214e-16 2.9068e-05 0.000170599 0.000810936 0.00312212 0.00973603 0.0245925 0.0503197 0.0834117 0.112023 0.121913 0.107557 0.077041 0.045059 0.022052 0.0100329 0.00585383 0.00580232 0.00760438 0.0102535 0.0133144 0.016491 0.0194879 0.0220167 0.0238448 0.0248398 0.0249887 0.0243842 0.0231876 0.0215805 0.0197259 0.0177463 0.0157228 0.0137064 0.0117348 0.0098435
 1.0335e-16 2.63237e-05 0.00015448 0.000734289 0.00282699 0.00881564 0.0222677 0.0455638 0.075531 0.101448 0.110427 0.0974798 0.0699432 0.0411504 0.0205909 0.0101289 0.00695415 0.00773062 0.010395 0.0139883 0.0180196 0.0220822 0.0257506 0.0286193 0.0303827 0.030901 0.0302246 0.0285667 0.0262374 0.0235627 0.0208159 0.0181805 0.0157467 0.0135342 0.0115254 0.00969394
 1.03156e-16 2.84017e-05 0.000166684 0.00079232 0.00305044 0.00951247 0.0240278 0.0491646 0.0814979 0.109456 0.119126 0.105118 0.075334 0.0441418 0.0217538 0.0101505 0.0062685 0.00648794 0.00858341 0.0115527 0.014935 0.018391 0.021577 0.0241619 0.0258887 0.0266261 0.02639 0.0253241 0.0236512 0.0216124 0.0194157 0.0172077 0.0150721 0.0130445 0.0111361 0.00935277
 1.03222e-16 2.66639e-05 0.000156478 0.000743788 0.00286356 0.0089297 0.0225559 0.0461532 0.0765077 0.102759 0.111851 0.0987297 0.0708248 0.0416385 0.0207785 0.0101281 0.00683554 0.00751872 0.0100883 0.0135792 0.0175064 0.0214755 0.0250747 0.0279108 0.0296846 0.0302553 0.0296642 0.0281095 0.0258843 0.0232992 0.0206172 0.0180184 0.0155959 0.0133769 0.0113528 0.00950625
 1.0496e-16 1.93087e-05 0.000113288 0.000538442 0.0020729 0.00646402 0.0163279 0.033411 0.0553901 0.0744107 0.0810352 0.0716252 0.0515912 0.0307549 0.0161359 0.00917668 0.00789418 0.00990409 0.0137154 0.0185844 0.0240354 0.0295833 0.034684 0.0388054 0.0415343 0.042662 0.0422186 0.0404414 0.0376952 0.0343735 0.0308146 0.0272564 0.0238321 0.0205965 0.0175638 0.0147386
 1.07358e-16 1.88283e-05 0.000110476 0.000525087 0.00202151 0.00630378 0.015923 0.032582 0.0540138 0.0725558 0.0789993 0.0697883 0.0501868 0.0297555 0.0153176 0.00825485 0.00661308 0.00806126 0.0111657 0.0152575 0.0199672 0.0249463 0.0297978 0.0341152 0.0375556 0.0399009 0.041085 0.0411779 0.0403378 0.0387524 0.0365926 0.0339904 0.0310436 0.0278344 0.0244509 0.0209975
 1.06061e-16 2.66335e-05 0.000156307 0.000742995 0.00286054 0.00892029 0.022532 0.0461037 0.0764234 0.102639 0.111702 0.0985552 0.0706058 0.0413216 0.0202731 0.00931151 0.00556097 0.00563056 0.00744815 0.0101033 0.013208 0.0165002 0.0197153 0.0225913 0.024911 0.0265415 0.0274495 0.0276877 0.0273602 0.026582 0.0254476 0.0240186 0.0223304 0.0204095 0.0182928 0.0160377
 1.04187e-16 2.70059e-05 0.000158488 0.000753347 0.00290037 0.0090445 0.0228458 0.0467463 0.0774903 0.104077 0.113281 0.0999802 0.0716967 0.0421006 0.0209153 0.0100391 0.00657469 0.00708987 0.00946795 0.0127398 0.0164335 0.0201789 0.0235951 0.0263199 0.0280803 0.0287499 0.0283709 0.0271279 0.0252885 0.0231309 0.020883 0.0186914 0.0166209 0.0146772 0.012839 0.0110848
 1.02476e-16 3.10911e-05 0.000182476 0.000867399 0.00333952 0.010414 0.0263049 0.0538235 0.0892193 0.119821 0.130396 0.115033 0.0823771 0.0481417 0.0234876 0.0105587 0.00597589 0.00575487 0.00744985 0.00997299 0.0128521 0.0157709 0.0184229 0.0205193 0.0218402 0.0222816 0.0218726 0.0207567 0.0191472 0.0172704 0.0153182 0.0134219 0.0116499 0.0100221 0.00853283 0.00716967
 1.01563e-16 3.2591e-05 0.000191282 0.000909266 0.00350072 0.0109167 0.0275747 0.0564215 0.0935254 0.125603 0.136685 0.120574 0.0863285 0.0504175 0.0245349 0.0109206 0.00602387 0.00565953 0.00725648 0.0096703 0.0124067 0.0151402 0.0175613 0.0193823 0.0203909 0.0204962 0.0197462 0.0183081 0.0164199 0.0143313 0.0122528 0.0103265 0.00862229 0.00715277 0.00589654 0.00482035
 1.01988e-16 2.71079e-05 0.000159082 0.000756163 0.0029112 0.00907824 0.0229311 0.0469212 0.0777815 0.104472 0.113721 0.100393 0.0720456 0.0424117 0.0212663 0.0105324 0.00731725 0.00818396 0.0110005 0.0147652 0.018951 0.0231116 0.0267807 0.0295173 0.0309948 0.0310743 0.029831 0.0275248 0.0245261 0.0212246 0.0179508 0.0149304 0.0122769 0.0100136 0.00810872 0.00650945
 1.02803e-16 2.74604e-05 0.000161156 0.000766034 0.00294922 0.00919683 0.0232306 0.0475336 0.0787951 0.105828 0.115185 0.101656 0.0728888 0.0427806 0.0212165 0.0101241 0.00655484 0.00701867 0.00936579 0.0126171 0.0163025 0.0200564 0.0235004 0.0262691 0.0280783 0.0287829 0.028401 0.0270935 0.0251109 0.0227263 0.0201785 0.0176403 0.0152139 0.0129468 0.0108558 0.00894713
 1.03307e-16 2.6687e-05 0.000156614 0.00074444 0.00286608 0.00893754 0.0225756 0.0461936 0.0765744 0.102848 0.111946 0.0988084 0.0708707 0.0416445 0.0207428 0.0100474 0.00670123 0.00731818 0.0098093 0.0132151 0.0170617 0.0209687 0.0245404 0.0273959 0.0292428 0.0299374 0.0295094 0.0281375 0.0260918 0.0236615 0.0210934 0.018559 0.0161514 0.0139046 0.0118214 0.00989711
 1.02762e-16 3.03909e-05 0.000178365 0.000847856 0.00326428 0.0101793 0.0257122 0.0526108 0.0872092 0.117122 0.12746 0.112447 0.0805319 0.0470779 0.0229964 0.010386 0.0059479 0.0057918 0.00753085 0.0101044 0.0130514 0.016061 0.0188289 0.0210656 0.0225472 0.0231613 0.0229253 0.0219687 0.02049 0.0187023 0.0167883 0.0148755 0.0130341 0.011292 0.00965504 0.00812494
 1.03214e-16 2.43959e-05 0.000143158 0.000680454 0.00261969 0.00816918 0.0206349 0.0422232 0.0699953 0.0940187 0.102356 0.0903909 0.0649361 0.0383643 0.0194927 0.0100779 0.00754342 0.00881801 0.0119912 0.0161486 0.0207778 0.0254155 0.0295655 0.0327542 0.034627 0.0350258 0.0340179 0.0318643 0.0289414 0.0256456 0.0223107 0.0191629 0.0163147 0.0137904 0.0115641 0.00959459
pSPR Fmed_Fpbrs
0.674111   0.337138 0.337138
Fs Fmed_Fpbrs
0.253035   1.005 1.005
SSBpbr Bo_Bmed_Bpbrs
1.29001e+06  805111  370411 370411
Ro
49034.7
SPR SPRFo_SPRFmed_SPRFpbrs
1.01297e+06 682857 341512
log_Ro
10.6203
likeval ReclasPelacesDesembMPH_pf_preclas_ppelaces_ptallas_desvR_qrecl_qpela
 60.0626 26.5498 0.0161218 0.000186645 260.985 155.229 57.4724 0 14.2051 8.09806e-05 0 0 0 0 0
q_reclas_q_pelaces
0.279379 1
M
0.7
N
 50533.6 15883.6 5984.8 712.843 0.322066
 65292.8 23071.4 5186.1 1954.08 232.853
 39139.4 30175 8004.9 1799.38 758.783
 65535.3 17460.7 8778.49 2328.78 744.219
 113524 31880.5 7824.13 3933.65 1377.01
 81055.5 56153.5 15524.7 3810.08 2586.1
 130582 38743.9 23050.9 6372.86 2625.62
 123247 63323 17089.7 10167.6 3969.18
 150376 58428.9 24950 6733.56 5570.07
 147678 70922.5 22434.7 9579.97 4724.18
 68363.9 70398.3 28723.2 9085.93 5793.09
 40019.6 31203.9 22956.2 9366.36 4851.91
 42997.7 18378 10488.9 7716.52 4779.33
 23726.8 18865.1 4920.29 2808.16 3345.48
 18552.5 9487.85 3179.54 829.269 1037.14
 23149.6 7539.41 1733.11 580.796 340.93
 19076.8 10620.2 2521.66 579.662 308.284
 21242.4 8953.03 3978.8 944.726 332.664
 22552.9 10152.1 3672.26 1631.98 523.946
 35768.5 10836.4 4277.07 1547.12 908.293
 29031.6 17131.3 4492.87 1773.32 1018.04
pred_Ctot
 2943.84 4007.41 1509.96 179.849 0.0812569
 3269.71 5103.18 1147.12 432.224 51.505
 2878.54 9266.1 2458.13 552.551 233.006
 961.785 1233.33 620.067 164.493 52.5677
 319.587 444.675 109.132 54.8671 19.2068
 2187.41 7078.09 1956.87 480.257 325.976
 2207.27 3134.96 1865.16 515.658 212.451
 4027.53 9532.68 2572.7 1530.64 597.522
 5450.24 9671.65 4129.94 1114.6 922.005
 4262.84 9518.67 3011.02 1285.75 634.043
 3994.2 17806.1 7265.07 2298.14 1465.27
 2175.18 7414.54 5454.77 2225.6 1152.89
 3627.37 6309.03 3600.77 2649.03 1640.71
 3364.7 9519.1 2482.71 1416.96 1688.09
 2451.74 4561.79 1528.74 398.715 498.661
 1273.81 1810.72 416.237 139.488 81.8804
 755.856 1906.13 452.591 104.039 55.3313
 575.628 1132.88 503.459 119.541 42.0938
 526.789 1117.42 404.197 179.628 57.6696
 915.534 1299.93 513.076 185.592 108.958
 397.221 1130.89 296.589 117.062 67.2041
F
 0.0840465 0.419305 0.419305 0.419305 0.419305
 0.0718663 0.358539 0.358539 0.358539 0.358539
 0.107178 0.53471 0.53471 0.53471 0.53471
 0.0205931 0.102738 0.102738 0.102738 0.102738
 0.00392128 0.0195631 0.0195631 0.0195631 0.0195631
 0.0381611 0.190385 0.190385 0.190385 0.190385
 0.0237517 0.118497 0.118497 0.118497 0.118497
 0.046377 0.231374 0.231374 0.231374 0.231374
 0.0515538 0.2572 0.2572 0.2572 0.2572
 0.040867 0.203884 0.203884 0.203884 0.203884
 0.084302 0.42058 0.42058 0.42058 0.42058
 0.0782178 0.390226 0.390226 0.390226 0.390226
 0.12383 0.617785 0.617785 0.617785 0.617785
 0.216593 1.08058 1.08058 1.08058 1.08058
 0.200461 1.00009 1.00009 1.00009 1.00009
 0.0792202 0.395227 0.395227 0.395227 0.395227
 0.0564801 0.281777 0.281777 0.281777 0.281777
 0.0383215 0.191185 0.191185 0.191185 0.191185
 0.0329546 0.164409 0.164409 0.164409 0.164409
 0.0361632 0.180417 0.180417 0.180417 0.180417
 0.0191872 0.0957243 0.0957243 0.0957243 0.0957243
YTP_r0W_actual
 4170.82 27819.9 10084 5220.98 3682.78
YTP_p0W_proyectada
 35335.3 143923 114463 39406.4 25764.7
CTP_r0_actual
 397.221 1130.89 296.589 117.062 67.2041
CTP_p0_proyectada
 4157.09 6821 3728.43 977.825 560.102
Wmedp
 8.5 21.1 30.7 40.3 46
nmprior
 10.6 11 7 0
nm_flota  nm_reclas  nm_pelaces    nm_pelaL
inf 14.8206 14.6423 14.6423
cv_recla  cv_pelaces  cv_mph
0.775001 0.691301 0.455394
 ------------------------------------------------
Talla a la edad & desviaci?n 
 7.2 14.2025 17.0495 18.207 18.6776
 1.08 2.13037 2.55742 2.73105 2.80164
