years
 1997 1998 1999 2000 2001 2002 2003 2004 2005 2006 2007 2008 2009 2010 2011 2012 2013 2014 2015 2016 2017 2018 2019 2020
reclasobs
 0 0 0 370054 412103 1.49427e+06 250295 1.28982e+06 931140 785840 897777 1.04006e+06 184774 17550 25797 100020 73551 82996 120727 218422 84188 347160 605670 569463
reclaspred
 1.12309e+06 233156 595917 318471 407232 524598 1.09149e+06 844304 1.08854e+06 1.20882e+06 1.13264e+06 774177 449087 206600 136704 134163 159159 221717 239526 317999 507457 507880 836074 933046
pelacesobs
 0 0 0 0 0 0 0 0 0 2.06254e+06 1.5e+06 0 1.87456e+06 323000 250000 174000 83755 137374 0 501740 490994 745055 786931 1.00524e+06
pelacespred
 655537 231300 204718 222489 243001 241445 559730 542595 623124 718945 587011 415400 238189 88179.3 57891.1 64870.1 80614.2 113444 129299 165265 289391 302201 377730 505365
mphobs
 0 0 0 0 0 112323 0 153150 637223 0 255016 313432 73983 77613 109348 50772 0 0 0 0 0 0 0 0
mphpred
 792924 428494 376443 344501 303604 466812 653981 876999 861005 1.05161e+06 1.14064e+06 816938 499329 266326 126759 111516 125236 170189 209759 235090 368770 475504 580799 770242
desembarqueobs
 350755 77701 442110 56441 14545 235359 269955 359681 431902 328805 639364 411747 362871 311530 167758 66681 60226 58785 57116 73181 50977 67692 138656 160484
desembarquepred
 350760 77701.3 442128 56443.3 14545.1 235420 269978 359613 431836 328745 639342 411864 362943 311707 167712 66688.6 60244.2 58785.4 57110.4 73171.6 50975.2 67682.7 138645 160477
Reclutas
 42149.2 44399.3 22836.2 26235.9 52928.2 40537.5 80678.2 86609.8 129840 138858 72310.8 40710.6 46826.6 28548.2 19986.5 17057.4 14381.3 15700.3 16465.4 31156 44499.1 49335.5 74663.4 75684
log_desv_Rt
 0.0219071 0.0739143 -0.590963 -0.45218 0.249628 -0.0170802 0.671159 0.742105 1.14699 1.21414 0.561665 -0.0128204 0.127143 -0.367716 -0.724249 -0.882725 -1.05338 -0.965626 -0.918045 -0.280302 0.0761596 0.179335 0.593681 0.607258
SSB
 792924 428494 376443 344501 303604 466812 653981 876999 861005 1.05161e+06 1.14064e+06 816938 499329 266326 126759 111516 125236 170189 209759 235090 368770 475504 580799 770242
BT
 2.07782e+06 573738 761722 530468 585438 664313 1.71186e+06 1.6393e+06 1.99045e+06 1.98537e+06 1.82054e+06 1.23671e+06 887894 487043 287473 202397 238141 305891 319141 445501 736071 671568 893491 1.21341e+06
Ftot
 0.300494 0.320303 0.689612 0.171963 0.0349391 0.427063 0.239239 0.407247 0.380382 0.262558 0.532518 0.502801 0.748562 1.30997 1.10304 0.472471 0.362905 0.255959 0.230429 0.222711 0.0979326 0.129628 0.160989 0.166929
BD_Bspro_t
 0.957365 0.755301 0.637921 0.434106 0.532858 0.695456 0.630558 0.665954 0.627291 0.622848 0.613185 0.458078 0.347576 0.249516 0.150815 0.158504 0.229331 0.362143 0.470913 0.56084 0.687269 0.786763 0.793016 0.786808
BD_Bspro
 0.9346 0.505055 0.443704 0.406055 0.35785 0.550219 0.770831 1.0337 1.01484 1.2395 1.34444 0.962904 0.588546 0.313912 0.149407 0.131441 0.147613 0.200597 0.247238 0.277095 0.434659 0.560464 0.684573 0.907865
BD_Bo
 0.833568 0.450458 0.395739 0.362159 0.319166 0.490739 0.687502 0.921952 0.905138 1.10551 1.1991 0.858812 0.524923 0.279978 0.133256 0.117232 0.131656 0.178912 0.220511 0.24714 0.387672 0.499877 0.610569 0.809723
BD_Brms
 4.05786 2.19286 1.92648 1.76301 1.55372 2.38895 3.3468 4.48812 4.40627 5.38169 5.83731 4.18075 2.55536 1.36295 0.648699 0.570692 0.640907 0.870956 1.07346 1.20309 1.88721 2.43343 2.97229 3.94178
S_f
 0.5 1 1 1 1
 0.5 1 1 1 1
 0.5 1 1 1 1
 0.5 1 1 1 1
 0.5 1 1 1 1
 0.5 1 1 1 1
 0.5 1 1 1 1
 0.5 1 1 1 1
 0.5 1 1 1 1
 0.5 1 1 1 1
 0.5 1 1 1 1
 0.5 1 1 1 1
 0.5 1 1 1 1
 0.5 1 1 1 1
 0.5 1 1 1 1
 0.5 1 1 1 1
 0.5 1 1 1 1
 0.5 1 1 1 1
 0.5 1 1 1 1
 0.5 1 1 1 1
 0.5 1 1 1 1
 0.5 1 1 1 1
 0.5 1 1 1 1
 0.5 1 1 1 1
Scru_reclas
 0.5 1 1 1 1
 0.5 1 1 1 1
 0.5 1 1 1 1
 0.5 1 1 1 1
 0.5 1 1 1 1
 0.5 1 1 1 1
 0.5 1 1 1 1
 0.5 1 1 1 1
 0.5 1 1 1 1
 0.5 1 1 1 1
 0.5 1 1 1 1
 0.5 1 1 1 1
 0.5 1 1 1 1
 0.5 1 1 1 1
 0.5 1 1 1 1
 0.5 1 1 1 1
 0.5 1 1 1 1
 0.5 1 1 1 1
 0.5 1 1 1 1
 0.5 1 1 1 1
 0.5 1 1 1 1
 0.5 1 1 1 1
 0.5 1 1 1 1
 0.5 1 1 1 1
Scru_pelaces
 0.5 1 1 1 1
 0.5 1 1 1 1
 0.5 1 1 1 1
 0.5 1 1 1 1
 0.5 1 1 1 1
 0.5 1 1 1 1
 0.5 1 1 1 1
 0.5 1 1 1 1
 0.5 1 1 1 1
 0.5 1 1 1 1
 0.5 1 1 1 1
 0.5 1 1 1 1
 0.5 1 1 1 1
 0.5 1 1 1 1
 0.5 1 1 1 1
 0.5 1 1 1 1
 0.5 1 1 1 1
 0.5 1 1 1 1
 0.5 1 1 1 1
 0.5 1 1 1 1
 0.5 1 1 1 1
 0.5 1 1 1 1
 0.5 1 1 1 1
 0.5 1 1 1 1
pf_obs 
 0.256992 0.487395 0.22802 0.0275931 0
 0.321318 0.546541 0.124235 0.00734118 0.000564706
 0.182869 0.594174 0.210203 0.0122559 0.00049798
 0.330522 0.361315 0.267642 0.0388342 0.00168674
 0.649043 0.306663 0.0425973 0.00169635 0
 0.582887 0.30429 0.105238 0.00758474 0
 0.465427 0.430635 0.0974691 0.00646863 0
 0.296916 0.608066 0.0921331 0.00288517 0
 0.311714 0.524322 0.152257 0.0117073 0
 0.15457 0.633149 0.183074 0.0267441 0.00246327
 0.131901 0.49318 0.331252 0.0422183 0.00144891
 0.196976 0.569456 0.194076 0.0375587 0.00193317
 0.518974 0.381816 0.0799577 0.0180837 0.00116848
 0.0928022 0.601141 0.25162 0.0475244 0.00691264
 0.122501 0.610282 0.24278 0.0234846 0.000952079
 0.383417 0.481906 0.127806 0.00687128 0
 0.0376549 0.599619 0.316969 0.0457579 0
 0.0361596 0.667082 0.258105 0.0386534 0
 0.158088 0.579412 0.248529 0.0139706 0
 0.0477256 0.309471 0.559284 0.082774 0.000745712
 0.0406174 0.521527 0.379366 0.0568643 0.0016247
 0.151134 0.462217 0.34131 0.0453401 0
 0.294876 0.26143 0.354403 0.0886775 0.000613685
 0.281977 0.475581 0.204845 0.0348837 0.00271318
pf_pred 
 0.451307 0.3863 0.145121 0.0172667 5.44297e-06
 0.45853 0.347654 0.136453 0.0512612 0.00610107
 0.312109 0.447174 0.154554 0.0606618 0.0255011
 0.471934 0.278461 0.16226 0.0560807 0.0312647
 0.592724 0.265709 0.0746514 0.0434995 0.023416
 0.390242 0.45497 0.100985 0.0283719 0.0254318
 0.607118 0.232512 0.11966 0.0265596 0.0141507
 0.504608 0.380441 0.0680294 0.0350105 0.0119112
 0.58255 0.290708 0.0973324 0.0174047 0.0120045
 0.510471 0.370623 0.0828045 0.0277239 0.00837684
 0.315825 0.473576 0.159445 0.035623 0.0155308
 0.298779 0.364131 0.233329 0.0785578 0.0252033
 0.462025 0.267355 0.140528 0.090048 0.0400442
 0.436468 0.384748 0.0888495 0.0467012 0.0432332
 0.539541 0.32285 0.0939515 0.0216961 0.021961
 0.558033 0.339264 0.0720101 0.0209554 0.00973752
 0.463179 0.399186 0.105652 0.022425 0.00955822
 0.477735 0.343227 0.133135 0.0352365 0.0106669
 0.45537 0.361176 0.120564 0.0467655 0.0161242
 0.58975 0.263001 0.0976493 0.0325962 0.0170032
 0.553192 0.336863 0.0704825 0.0261694 0.0132923
 0.46401 0.384816 0.113975 0.0238472 0.0133516
 0.519541 0.308626 0.123368 0.0365394 0.0119256
 0.443032 0.386318 0.109618 0.0438182 0.0172139
pobs_RECLAS
 0 0 0 0 0
 0 0 0 0 0
 0 0 0 0 0
 0 0 0 0 0
 0.835266 0.146461 0.0176864 0.000547809 3.91292e-05
 0.385257 0.428462 0.181853 0.0044286 0
 0.867414 0.0963971 0.0333333 0.00285562 0
 0.441836 0.489002 0.0689373 0.000224442 0
 0.779404 0.147425 0.0564933 0.0165055 0.000172143
 0.814271 0.122319 0.05973 0.00367925 0
 0.40263 0.566651 0.0304383 0.000280538 0
 0.475488 0.404961 0.113038 0.00651328 0
 0.955842 0.0263864 0.0167828 0.000988607 0
 0.975058 0.0227948 0.00214734 0 0
 0.738997 0.206755 0.0527124 0.00153531 0
 0.850938 0.134255 0.0134407 0.00136685 0
 0.542534 0.407297 0.0501686 0 0
 0.764087 0.199537 0.0359546 0.000420521 0
 0.470689 0.182191 0.310203 0.0369168 0
 0.84361 0.089868 0.0606195 0.00523954 0.000663233
 0.607945 0.314616 0.071237 0.00620181 0
 0.523733 0.453247 0.0230204 0 0
 0.530135 0.295979 0.169645 0.0042399 0
 0.562478 0.366248 0.0663022 0.0049721 0
ppred_RECLAS
 0.454137 0.384307 0.144372 0.0171777 5.4149e-06
 0.461602 0.345682 0.135679 0.0509704 0.00606646
 0.319482 0.442381 0.152897 0.0600116 0.0252277
 0.473398 0.277689 0.16181 0.0559253 0.031178
 0.592977 0.265544 0.074605 0.0434725 0.0234015
 0.394496 0.451795 0.10028 0.028174 0.0252544
 0.60918 0.231292 0.119031 0.0264202 0.0140764
 0.508802 0.37722 0.0674535 0.0347141 0.0118103
 0.586282 0.288109 0.0964623 0.0172491 0.0118972
 0.512891 0.368792 0.0823953 0.0275869 0.00833544
 0.321014 0.469985 0.158235 0.0353529 0.015413
 0.303437 0.361712 0.231779 0.0780359 0.0250359
 0.471562 0.262616 0.138036 0.0884517 0.0393343
 0.458132 0.369957 0.0854339 0.0449059 0.0415712
 0.556268 0.311122 0.0905386 0.020908 0.0211633
 0.563052 0.335411 0.0711923 0.0207174 0.00962693
 0.466779 0.396509 0.104943 0.0222746 0.00949412
 0.480078 0.341687 0.132537 0.0350784 0.010619
 0.457423 0.359815 0.120109 0.0465893 0.0160635
 0.591672 0.261769 0.097192 0.0324435 0.0169236
 0.553965 0.336281 0.0703607 0.0261241 0.0132693
 0.46507 0.384055 0.11375 0.0238001 0.0133252
 0.5209 0.307753 0.123019 0.036436 0.0118918
 0.444433 0.385346 0.109343 0.043708 0.0171706
pobs_PELACES
 0 0 0 0 0
 0 0 0 0 0
 0 0 0 0 0
 0 0 0 0 0
 0 0 0 0 0
 0 0 0 0 0
 0 0 0 0 0
 0 0 0 0 0
 0 0 0 0 0
 0 0 0 0 0
 0.450072 0.473896 0.0757376 0.000293798 0
 0 0 0 0 0
 0.463077 0.371075 0.160297 0.00555027 0
 0.529543 0.364841 0.0842815 0.0213345 0
 0.631943 0.363953 0.00410389 0 0
 0.735681 0.248677 0.0153453 0.000297389 0
 0.695825 0.281241 0.0229344 0 0
 0.275771 0.60734 0.115278 0.00161068 0
 0 0 0 0 0
 0.896147 0.0623911 0.0374545 0.00400742 0
 0.803859 0.145111 0.0509908 3.86294e-05 0
 0.739449 0.233085 0.0266225 0.000797448 4.60066e-05
 0.878498 0.100942 0.0204185 0.000141795 0
 0.694673 0.275183 0.0284847 0.00165964 0
ppred_PELACES
 0.466454 0.375636 0.141115 0.0167901 5.29272e-06
 0.47476 0.337234 0.132363 0.0497247 0.0059182
 0.344712 0.42598 0.147229 0.0577867 0.0242924
 0.480476 0.273957 0.159635 0.0551736 0.0307589
 0.594368 0.264636 0.0743501 0.0433239 0.0233215
 0.411447 0.439147 0.097473 0.0273853 0.0245474
 0.618537 0.225755 0.116182 0.0257877 0.0137394
 0.525579 0.364336 0.0651496 0.0335284 0.011407
 0.601419 0.277568 0.092933 0.016618 0.0114619
 0.523706 0.360603 0.0805658 0.0269744 0.00815036
 0.340459 0.456525 0.153704 0.0343404 0.0149716
 0.321253 0.35246 0.225851 0.07604 0.0243955
 0.502409 0.247286 0.129979 0.0832884 0.0370381
 0.512067 0.333133 0.0769301 0.0404361 0.0374333
 0.600616 0.280028 0.0814899 0.0188184 0.0190482
 0.582128 0.320768 0.0680842 0.019813 0.00920664
 0.481708 0.385408 0.102005 0.0216509 0.0092283
 0.490626 0.334755 0.129848 0.0343667 0.0104036
 0.466874 0.353548 0.118017 0.0457778 0.0157837
 0.600519 0.256097 0.0950862 0.0317406 0.0165569
 0.557954 0.333274 0.0697314 0.0258905 0.0131506
 0.470395 0.380232 0.112618 0.0235632 0.0131925
 0.527525 0.303497 0.121318 0.0359322 0.0117274
 0.451244 0.380622 0.108002 0.0431722 0.0169601
pobs_pel_tallas
 0 0 0 0 0 0 0 0 0 0 0 0 0 0 0 0 0 0 0 0 0 0 0 0 0 0 0 0 0 0 0 0 0 0 0 0
 0 0 0 0 0 0 0 0 0 0 0 0 0 0 0 0 0 0 0 0 0 0 0 0 0 0 0 0 0 0 0 0 0 0 0 0
 0 0 0 0 0 0 0 0 0 0 0 0 0 0 0 0 0 0 0 0 0 0 0 0 0 0 0 0 0 0 0 0 0 0 0 0
 0 0 0 0 0 0 0 0 0 0 0 0 0 0 0 0 0 0 0 0 0 0 0 0 0 0 0 0 0 0 0 0 0 0 0 0
 0 0 0 0 0 0 0 0 0 0 0 0 0 0 0 0 0 0 0 0 0 0 0 0 0 0 0 0 0 0 0 0 0 0 0 0
 0 0 0 0 0 0 0 0 0 0 0 0 0 0 0 0 0 0 0 0 0 0 0 0 0 0 0 0 0 0 0 0 0 0 0 0
 0 0 0 0 0 0 0 0 0 0 0 0 0 0 0 0 0 0 0 0 0 0 0 0 0 0 0 0 0 0 0 0 0 0 0 0
 0 0 0 0 0 0 0 0 0 0 0 0 0 0 0 0 0 0 0 0 0 0 0 0 0 0 0 0 0 0 0 0 0 0 0 0
 0 0 0 0 0 0 0 0 0 0 0 0 0 0 0 0 0 0 0 0 0 0 0 0 0 0 0 0 0 0 0 0 0 0 0 0
 0 0 0 0 0 0 0 0 0 0 0 0 0 0 0 0 0 0 0 0 0 0 0 0 0 0 0 0 0 0 0 0 0 0 0 0
 0 0 0 0 0 0 0 0 1.78061e-05 0.00172719 0.00360574 0.0105946 0.0120993 0.0124554 0.0147524 0.0171206 0.0266825 0.0428682 0.0675386 0.121331 0.153587 0.119568 0.100827 0.0573624 0.0630603 0.0341343 0.0324427 0.0444173 0.0211091 0.0280891 0.0125444 0.00206551 0 0 0 0
 0 0 0 0 0 0 0 0 0 0 0 0 0 0 0 0 0 0 0 0 0 0 0 0 0 0 0 0 0 0 0 0 0 0 0 0
 0 0 0 0 0 0 0.0133647 0.0140871 0.0187388 0.0205184 0.03894 0.0496705 0.03968 0.0493445 0.0407372 0.0367815 0.0215668 0.0243155 0.0234873 0.0199281 0.019796 0.0243948 0.0301388 0.0376714 0.0412746 0.0863199 0.0771752 0.113111 0.0741005 0.0525337 0.0229764 0.00759418 0.00175318 0 0 0
 0 0 0 0 0 0 0 0 0 0 0.00219441 0.00772107 0.0458388 0.0604681 0.0671733 0.0775358 0.0609151 0.0617685 0.073594 0.0568108 0.0755445 0.0548602 0.0670107 0.0636378 0.0643287 0.046367 0.0373049 0.0286899 0.0247887 0.0153202 0.00654259 0.00121912 0.000365735 0 0 0
 0 0 0 0 0 0 0 0 0 0 0 0 0.000112435 0.00938835 0.0111873 0.0202946 0.0414886 0.0713402 0.111592 0.104902 0.108894 0.110636 0.117776 0.105296 0.107544 0.0401394 0.0192827 0.0124803 0.00416011 0.0028671 0.000618394 0 0 0 0 0
 0 0 0 0 0 0 0 0 0 0 0.00291406 0.0102884 0.027416 0.0768956 0.0749926 0.110853 0.0956884 0.0897413 0.0766577 0.0534642 0.0500743 0.0551293 0.0594112 0.0620874 0.0668451 0.0424026 0.0208742 0.0120726 0.0048766 0.00582813 0.00118941 0.000297354 0 0 0 0
 0 0.00264628 0.0354308 0.0461629 0.0458689 0.0383711 0.0214643 0.0164657 0.0346957 0.0420465 0.0363128 0.0245516 0.0311673 0.0291091 0.0169068 0.0133784 0.00837989 0.0085269 0.0148486 0.0160247 0.0276389 0.0546898 0.0760071 0.122758 0.109233 0.0665981 0.0333725 0.0166128 0.00676272 0.00308733 0.000882094 0 0 0 0 0
 0 0 0 0 0 0 0 0.000805153 0.000690131 0.00759144 0.0133425 0.0154129 0.00931677 0.000345066 0.00356568 0.00563607 0.00851162 0.0253048 0.0502646 0.0516448 0.0657925 0.0565908 0.0611916 0.0827007 0.0866115 0.110766 0.145733 0.0935128 0.0569358 0.0249597 0.0138026 0.00621118 0.00161031 0.00115022 0 0
 0 0 0 0 0 0 0 0 0 0 0 0 0 0 0 0 0 0 0 0 0 0 0 0 0 0 0 0 0 0 0 0 0 0 0 0
 0.00147267 0.00158595 0.00478618 0.00569244 0.00954404 0.0108468 0.00647125 0.017049 0.0510054 0.094081 0.124002 0.0959785 0.0687766 0.0820023 0.061753 0.0591476 0.0492212 0.0479892 0.0443925 0.0268479 0.0217502 0.0140895 0.0121071 0.0120363 0.00920419 0.00665534 0.0049561 0.00860946 0.00930331 0.0156896 0.0114698 0.00855282 0.00243557 0.00046729 0 2.83206e-05
 0 0 0 0 0.000772559 0.00158375 0.000888443 0.00281984 0.00712685 0.0440552 0.0773331 0.111326 0.0921469 0.0852325 0.0710754 0.0886704 0.0786465 0.0553345 0.0373146 0.0185414 0.00753245 0.00457741 0.012979 0.0271748 0.0457355 0.0583668 0.034881 0.0177882 0.00938659 0.00492506 0.0015258 0.00185414 0.000309023 5.79419e-05 3.86279e-05 0
 0 0.00173294 0.00326652 0 0.00397197 0.00683976 0.00946217 0.0152591 0.00757587 0.0136028 0.0228656 0.0392903 0.0559909 0.0764795 0.0681675 0.0726916 0.0566044 0.0477403 0.0527397 0.0444891 0.0609904 0.0582453 0.0661739 0.0445044 0.0529084 0.0360697 0.0280645 0.0235558 0.0158879 0.00826598 0.00280645 0.00217768 0.000904811 0.00058276 9.20147e-05 0
 0 0 0 0 0 0 0 0 0 0 0 0 0 0 0 0 0 0 0 0 0 0 0 0 0 0 0 0 0 0 0 0 0 0 0 0
 0 0 0 0 0 0 0 0 0 0 0 0 0 0 0 0 0 0 0 0 0 0 0 0 0 0 0 0 0 0 0 0 0 0 0 0
ppred_pel_tallas
 1.02703e-16 2.03678e-05 0.000119503 0.000567979 0.00218661 0.00681862 0.0172236 0.035244 0.0584291 0.078494 0.0854838 0.0755616 0.0544361 0.0324693 0.0170682 0.00975556 0.00843899 0.0105988 0.0146516 0.0197949 0.0255009 0.0312268 0.0363668 0.0403341 0.0426808 0.0431943 0.0419363 0.0392071 0.0354567 0.0311707 0.0267728 0.0225674 0.0187288 0.0153258 0.0123609 0.00980712
 1.03974e-16 2.07283e-05 0.000121623 0.000578069 0.00222547 0.00693982 0.0175297 0.0358699 0.0594656 0.0798825 0.0869855 0.0768643 0.0553208 0.0328894 0.0170927 0.00946217 0.00785099 0.00968443 0.013355 0.0180706 0.0233428 0.0286878 0.0335688 0.0374627 0.039965 0.0408748 0.0402285 0.0382687 0.0353655 0.031919 0.028275 0.0246792 0.0212715 0.0181101 0.0152079 0.0125636
 1.0535e-16 1.50612e-05 8.83441e-05 0.000419838 0.00161621 0.00503984 0.0127306 0.0260514 0.043194 0.0580412 0.063247 0.0559946 0.040533 0.0245649 0.0136245 0.00890998 0.00894874 0.011936 0.0167194 0.0226625 0.0292589 0.0359241 0.0419865 0.0467914 0.0498371 0.0508817 0.0499851 0.0474672 0.0438065 0.0395136 0.0350239 0.0306389 0.0265203 0.0227227 0.0192428 0.0160622
 1.05689e-16 2.0975e-05 0.000123077 0.000584994 0.00225216 0.00702305 0.0177398 0.0362995 0.0601759 0.080831 0.0880036 0.0777288 0.0558667 0.0330613 0.0169034 0.00891814 0.00691034 0.00826355 0.0113619 0.0154454 0.0200954 0.0249261 0.0295093 0.0334174 0.036304 0.0379698 0.0383915 0.0377004 0.0361263 0.0339269 0.0313302 0.0285038 0.0255563 0.0225559 0.0195566 0.0166162
 1.03721e-16 2.59407e-05 0.000152231 0.000723599 0.00278583 0.00868728 0.0219435 0.0449004 0.0744315 0.0999715 0.108821 0.0960639 0.0689317 0.0405644 0.0203146 0.0100217 0.00691823 0.00771927 0.0103934 0.0139967 0.0180454 0.0221371 0.0258501 0.0287813 0.0306258 0.0312421 0.0306762 0.0291345 0.0269186 0.0243453 0.0216797 0.0190985 0.0166881 0.014467 0.0124196 0.0105241
 1.03615e-16 1.79716e-05 0.00010543 0.000501063 0.00192895 0.00601509 0.015194 0.0310918 0.0515486 0.0692602 0.0754529 0.0667549 0.0482218 0.0290235 0.015733 0.00973923 0.00924061 0.0120435 0.0167486 0.0225998 0.0290309 0.0354175 0.0410587 0.045284 0.0475974 0.0477884 0.0459741 0.0425513 0.0380834 0.0331606 0.0282795 0.0237743 0.0198079 0.0164063 0.0135148 0.0110501
 1.03251e-16 2.69931e-05 0.000158413 0.000752996 0.00289903 0.00904029 0.0228352 0.0467245 0.0774538 0.104027 0.113224 0.0999246 0.071645 0.0420466 0.0208455 0.00993682 0.00642304 0.00687572 0.00918591 0.0123975 0.0160567 0.0198131 0.0233029 0.0261716 0.0281388 0.0290539 0.02892 0.0278751 0.0261428 0.0239708 0.0215776 0.0191241 0.0167102 0.0143897 0.0121917 0.0101384
 1.02729e-16 2.29452e-05 0.000134636 0.000639929 0.00246364 0.00768254 0.0194058 0.0397087 0.065829 0.0884288 0.096287 0.0850721 0.061203 0.0363352 0.0187868 0.0102399 0.00830079 0.0100993 0.0138349 0.0186118 0.0238755 0.0290867 0.03366 0.0370408 0.0388225 0.0388388 0.0371973 0.0342387 0.0304415 0.0263042 0.0222435 0.0185373 0.0153163 0.0125943 0.0103155 0.00840037
 1.02517e-16 2.62488e-05 0.000154039 0.000732187 0.00281889 0.00879038 0.022204 0.0454334 0.0753153 0.101159 0.110116 0.0972127 0.0697677 0.0410799 0.0206162 0.0102417 0.00715959 0.00804751 0.0108479 0.0145981 0.0187952 0.0230126 0.0268006 0.0297291 0.031472 0.0318778 0.0309967 0.0290537 0.026381 0.0233334 0.0202162 0.017243 0.0145299 0.0121153 0.009991 0.00813138
 1.02569e-16 2.28634e-05 0.000134156 0.000637648 0.00245486 0.00765516 0.0193366 0.0395672 0.0655943 0.0881135 0.0959434 0.0847679 0.0609828 0.036202 0.0187137 0.010194 0.0082583 0.0100477 0.0137703 0.0185364 0.0237976 0.0290201 0.033623 0.0370539 0.038904 0.0390002 0.0374392 0.0345489 0.0307955 0.0266685 0.0225813 0.0188149 0.0155086 0.0126884 0.010312 0.00831122
 1.04211e-16 1.48771e-05 8.726e-05 0.000414677 0.00159633 0.00497784 0.012574 0.0257313 0.0426642 0.0573324 0.0624829 0.0553377 0.0400999 0.024387 0.0136776 0.00916968 0.00942235 0.012661 0.017744 0.0240227 0.0309583 0.0379182 0.0441757 0.0490249 0.0519294 0.0526382 0.0512315 0.0480762 0.0437152 0.0387289 0.0336162 0.0287272 0.0242524 0.020256 0.0167272 0.0136269
 1.07074e-16 1.40355e-05 8.23285e-05 0.000391253 0.00150618 0.00469672 0.0118638 0.0242774 0.0402516 0.0540845 0.0589279 0.0521529 0.0377135 0.0227802 0.0125013 0.00798434 0.00785346 0.0104338 0.0146756 0.0200321 0.0260988 0.0324116 0.0384235 0.0435803 0.0474273 0.0496957 0.0503408 0.0495168 0.0475071 0.0446365 0.0411979 0.0374149 0.0334411 0.0293828 0.0253294 0.0213727
 1.06519e-16 2.19302e-05 0.000128688 0.000611673 0.00235489 0.00734343 0.0185491 0.037955 0.062919 0.084512 0.0920013 0.0812363 0.0583364 0.0344196 0.0174075 0.00887532 0.00650887 0.00755791 0.0103297 0.0140441 0.0182985 0.0227447 0.0270024 0.0306931 0.0335094 0.0352736 0.035961 0.0356797 0.0346194 0.0329889 0.0309654 0.0286719 0.0261812 0.0235378 0.0207838 0.0179766
 1.0434e-16 2.23547e-05 0.000131173 0.000623469 0.00240028 0.00748495 0.0189066 0.0386872 0.064135 0.0861516 0.0938031 0.0828673 0.0595946 0.0353359 0.0181897 0.00978828 0.0077949 0.0094132 0.0128971 0.0173929 0.0223912 0.0274062 0.03191 0.0353983 0.0374945 0.0380327 0.0370875 0.0349382 0.0319841 0.0286411 0.0252541 0.0220493 0.0191307 0.01651 0.0141498 0.0120025
 1.02785e-16 2.62138e-05 0.000153833 0.000731211 0.00281513 0.00877866 0.0221743 0.0453728 0.0752149 0.101025 0.10997 0.0970848 0.0696784 0.041032 0.0206008 0.0102477 0.00718002 0.00807953 0.0108902 0.0146484 0.0188485 0.023061 0.0268341 0.0297369 0.0314459 0.0318147 0.0309014 0.0289394 0.0262685 0.023248 0.0201831 0.0172827 0.0146543 0.0123254 0.0102772 0.00847512
 1.02182e-16 2.54093e-05 0.000149106 0.000708731 0.00272856 0.00850868 0.0214925 0.043978 0.072904 0.0979252 0.106607 0.0941429 0.0676252 0.03994 0.0202687 0.0104368 0.0077561 0.00902144 0.0122358 0.0164392 0.0210907 0.0257024 0.0297549 0.0327567 0.0343459 0.0343713 0.0329229 0.030297 0.0269134 0.0232117 0.0195631 0.0162188 0.0133021 0.0108335 0.00877153 0.00705065
 1.02749e-16 2.10332e-05 0.000123409 0.000586548 0.0022581 0.00704156 0.0177867 0.0363962 0.0603392 0.0810594 0.088276 0.0780257 0.0562023 0.0335046 0.0175781 0.0099904 0.00857448 0.0107207 0.0147861 0.0199347 0.0256169 0.0312715 0.0362785 0.0400444 0.0421265 0.0423315 0.0407525 0.0377298 0.0337528 0.0293391 0.0249296 0.0208282 0.017192 0.0140595 0.0113975 0.00914405
 1.0362e-16 2.14201e-05 0.000125685 0.000597377 0.00229982 0.00717166 0.0181153 0.0370681 0.0614515 0.0825488 0.0898853 0.0794179 0.0571397 0.0339325 0.0175642 0.00961006 0.00784354 0.00959714 0.0132062 0.0178542 0.0230447 0.0282934 0.0330649 0.0368391 0.0392159 0.0399991 0.0392308 0.0371595 0.0341625 0.0306464 0.0269635 0.0233642 0.0199902 0.0168987 0.0140979 0.0115787
 1.04101e-16 2.03851e-05 0.000119607 0.000568478 0.00218854 0.00682465 0.0172388 0.0352749 0.0584797 0.07856 0.0855503 0.0756077 0.0544417 0.0324174 0.0169399 0.00952394 0.00806598 0.0100386 0.0138587 0.0187359 0.0241673 0.0296467 0.0346119 0.0385187 0.0409519 0.0417139 0.0408597 0.0386615 0.0355243 0.0318795 0.0280957 0.0244279 0.0210126 0.0178946 0.0150677 0.0125109
 1.03298e-16 2.62086e-05 0.000153805 0.000731081 0.00281464 0.00877713 0.0221705 0.0453647 0.0752008 0.101004 0.109942 0.0970483 0.0696259 0.0409486 0.0204622 0.0100213 0.00682652 0.00755731 0.0101631 0.0136966 0.0176803 0.0217222 0.0254111 0.0283514 0.0302389 0.0309247 0.0304402 0.0289728 0.0268055 0.0242416 0.0215413 0.0188859 0.0163749 0.014045 0.0118989 0.00993037
 1.02603e-16 2.43557e-05 0.00014292 0.000679315 0.0026153 0.00815548 0.0206003 0.0421527 0.069879 0.0938644 0.102193 0.0902597 0.064869 0.0383789 0.0195999 0.010294 0.00789691 0.00934587 0.0127291 0.0171179 0.0219729 0.0267937 0.0310432 0.0342124 0.0359258 0.0360257 0.0346035 0.0319637 0.028537 0.0247742 0.0210542 0.0176316 0.0146299 0.0120677 0.00990132 0.00806521
 1.03149e-16 2.05397e-05 0.000120512 0.000572776 0.00220508 0.00687622 0.0173691 0.0355417 0.0589227 0.079157 0.0862055 0.0761989 0.0548938 0.0327392 0.0172038 0.00982177 0.00848095 0.0106373 0.0146901 0.0198257 0.0255081 0.0311873 0.0362534 0.0401199 0.0423458 0.0427323 0.0413604 0.0385517 0.0347749 0.0305276 0.026235 0.0221917 0.0185533 0.0153636 0.0125997 0.0102131
 1.03604e-16 2.30277e-05 0.000135126 0.000642269 0.00247267 0.0077107 0.0194768 0.0398537 0.0660677 0.0887446 0.0966178 0.0853334 0.0613238 0.0362727 0.01851 0.00970283 0.00743103 0.00880729 0.0120384 0.0162673 0.0210095 0.0258193 0.0302112 0.0337139 0.0359632 0.0367782 0.0361917 0.0344223 0.0318039 0.0286974 0.025415 0.0221786 0.0191146 0.0162754 0.0136721 0.0113025
 1.03934e-16 1.97046e-05 0.000115609 0.000549468 0.00211534 0.00659636 0.0166622 0.0340953 0.0565254 0.075938 0.082704 0.0731137 0.0526925 0.0314693 0.0166153 0.00961073 0.00843794 0.0106638 0.0147564 0.0199327 0.0256688 0.0314206 0.0365822 0.0405699 0.0429443 0.0435053 0.0423295 0.0397305 0.036165 0.0321158 0.0279918 0.0240727 0.0205015 0.0173152 0.0144899 0.0119832
pSPR Fmed_Fpbrs
0.577971   0.255421 0.255421
Fs Fmed_Fpbrs
0.303353   1.005 1.005
SSBpbr Bo_Bmed_Bpbrs
951242  502228  195405 195405
Ro
41235.9
SPR SPRFo_SPRFmed_SPRFpbrs
848411 490356 216702
log_Ro
10.4471
likeval ReclasPelacesDesembMPH_pf_preclas_ppelaces_ptallas_desvR_qrecl_qpela
 108.025 80.1277 0.00423717 0.000706707 329.819 196.36 73.7287 0 13.7591 0 0 0 0 0 0
q_reclas_q_pelaces
1 1
M
0.7
N
 42149.2 19225.4 7222.41 859.334 0.270887
 44399.3 18010.7 7069.15 2655.66 316.075
 22836.2 18785.2 6492.61 2548.33 1071.27
 26235.9 8032.85 4680.75 1617.78 901.902
 52928.2 11955 3358.77 1957.16 1053.55
 40537.5 25828.2 5732.82 1610.65 1443.74
 80678.2 16259.8 8367.91 1857.34 989.572
 86609.8 35546.7 6356.37 3271.23 1112.93
 129840 35085.6 11747 2100.57 1448.82
 138858 53309.4 11910.4 3987.72 1204.9
 72310.8 60471.4 20359.6 4548.74 1983.14
 40710.6 27514.5 17630.9 5936 1904.42
 46826.6 15722.4 8264.04 5295.47 2354.88
 28548.2 15993.3 3693.32 1941.29 1797.13
 19986.5 7364.02 2142.98 494.876 500.919
 17057.4 5717.54 1213.57 353.157 164.104
 14381.3 6688.22 1770.16 375.723 160.145
 15700.3 5956.44 2310.45 611.502 185.116
 16465.4 6859.97 2289.92 888.237 306.254
 31156 7286.69 2705.47 903.107 471.089
 44499.1 13841.2 2896.02 1075.26 546.161
 49335.5 21041.6 6232.13 1303.96 730.059
 74663.4 22961.8 9178.59 2718.53 887.262
 75684 34209.2 9706.93 3880.19 1524.32
pred_Ctot
 4265.5 3651.09 1371.6 163.196 0.0514439
 4769.08 3615.88 1419.22 533.158 63.456
 4885.38 6999.53 2419.2 949.527 399.163
 1562.25 921.793 537.13 185.645 103.496
 659.853 295.801 83.106 48.426 26.068
 5674.74 6615.99 1468.48 412.574 369.82
 6586.72 2522.57 1298.21 288.15 153.523
 11610.5 8753.56 1565.29 805.556 274.064
 16350.9 8159.55 2731.91 488.513 336.94
 12379.1 8987.73 2008.03 672.313 203.141
 12343.9 18509.6 6231.83 1392.31 607.014
 6602.94 8047.19 5156.52 1736.11 556.986
 10742.4 6216.18 3267.36 2093.67 931.052
 10240.2 9026.77 2084.54 1095.68 1014.32
 6288.07 3762.64 1094.95 252.857 255.944
 2616.4 1590.68 337.628 98.252 45.6555
 1734.3 1494.69 395.597 83.967 35.7893
 1366.44 981.717 380.799 100.785 30.51
 1297.23 1028.9 343.455 133.223 45.9338
 2376.39 1059.76 393.476 131.346 68.514
 1533.61 933.886 195.398 72.5493 36.8502
 2235.04 1853.58 548.996 114.867 64.3118
 4172.16 2478.41 990.705 293.428 95.768
 4379.56 3818.91 1083.62 433.161 170.166
F
 0.150247 0.300494 0.300494 0.300494 0.300494
 0.160152 0.320303 0.320303 0.320303 0.320303
 0.344806 0.689612 0.689612 0.689612 0.689612
 0.0859816 0.171963 0.171963 0.171963 0.171963
 0.0174695 0.0349391 0.0349391 0.0349391 0.0349391
 0.213531 0.427063 0.427063 0.427063 0.427063
 0.11962 0.239239 0.239239 0.239239 0.239239
 0.203624 0.407247 0.407247 0.407247 0.407247
 0.190191 0.380382 0.380382 0.380382 0.380382
 0.131279 0.262558 0.262558 0.262558 0.262558
 0.266259 0.532518 0.532518 0.532518 0.532518
 0.251401 0.502801 0.502801 0.502801 0.502801
 0.374281 0.748562 0.748562 0.748562 0.748562
 0.654987 1.30997 1.30997 1.30997 1.30997
 0.55152 1.10304 1.10304 1.10304 1.10304
 0.236236 0.472471 0.472471 0.472471 0.472471
 0.181453 0.362905 0.362905 0.362905 0.362905
 0.12798 0.255959 0.255959 0.255959 0.255959
 0.115214 0.230429 0.230429 0.230429 0.230429
 0.111356 0.222711 0.222711 0.222711 0.222711
 0.0489663 0.0979326 0.0979326 0.0979326 0.0979326
 0.0648142 0.129628 0.129628 0.129628 0.129628
 0.0804947 0.160989 0.160989 0.160989 0.160989
 0.0834645 0.166929 0.166929 0.166929 0.166929
YTP_r0W_actual
 35036.4 72559.3 29799.7 15593.8 7487.32
YTP_p0W_proyectada
 87528 351842 212860 79286.7 51379
CTP_r0_actual
 4379.56 3818.91 1083.62 433.161 170.166
CTP_p0_proyectada
 10297.4 16675 6933.56 1967.41 1116.94
Wmedp
 8.5 21.1 30.7 40.3 46
nmprior
 10.6 11 7 0
nm_flota  nm_reclas  nm_pelaces    nm_pelaL
inf 14.3532 13.0378 21.7893
cv_recla  cv_pelaces  cv_mph
0.962251 1.05331 0.862497
 ------------------------------------------------
Talla a la edad & desviaci?n 
 7.2 14.2025 17.0495 18.207 18.6776
 1.08 2.13037 2.55742 2.73105 2.80164
