years
 1997 1998 1999 2000 2001 2002 2003 2004 2005 2006 2007 2008 2009 2010 2011 2012 2013 2014 2015 2016 2017 2018 2019
reclasobs
 0 0 0 370054 412103 1.49427e+06 250295 1.28982e+06 931140 785840 897777 1.04006e+06 184774 17550 25797 100020 73551 82996 120727 218422 84188 347160 605670
reclaspred
 1.12555e+06 232981 593786 316648 405235 521970 1.08585e+06 840681 1.08562e+06 1.20781e+06 1.13272e+06 774209 449041 206560 136630 134017 158871 221217 239002 318241 509724 503820 799970
pelacesobs
 0 0 0 0 0 0 0 0 0 2.06254e+06 1.5e+06 0 1.87456e+06 323000 250000 174000 83755 137374 0 501740 490994 745055 786931
pelacespred
 655693 231333 203771 221163 241753 240047 556891 539858 621325 718186 586982 415383 238167 88159.4 57852.1 64790.5 80456.1 113170 128985 165353 290633 301011 363035
mphobs
 0 0 0 0 0 112323 0 153150 637223 0 255016 313432 73983 77613 109348 50772 0 0 0 0 0 0 0
mphpred
 794892 428714 375550 342653 301834 464724 650451 872825 857883 1.04983e+06 1.14055e+06 817027 499258 266306 126711 111423 125044 169824 209263 234817 369960 476876 564654
desembarqueobs
 350755 77701 442110 56441 14545 235359 269955 359681 431902 328805 639364 411747 362871 311530 167758 66681 60226 58785 57116 73181 50977 67692 138656
desembarquepred
 350760 77701 442124 56443.2 14545.1 235419 269977 359611 431834 328743 639337 411861 362938 311703 167711 66688.3 60244 58785.2 57110.2 73171.3 50975 67682.3 138645
Reclutas
 41967.6 44271.3 22704.4 26096.8 52796.6 40354.1 80451.3 86467 129878 139076 72305.3 40659.7 46840.5 28542.1 19978.6 17035.1 14355.9 15671.6 16457.2 31333 44785.4 46354.1 68865.4
log_desv_Rt
 0.051212 0.104651 -0.563127 -0.423872 0.280762 0.012007 0.701967 0.774077 1.18091 1.24934 0.595211 0.0195529 0.161063 -0.334304 -0.691023 -0.850411 -1.02152 -0.933835 -0.884923 -0.241015 0.116197 0.150623 0.546468
SSB
 794892 428714 375550 342653 301834 464724 650451 872825 857883 1.04983e+06 1.14055e+06 817027 499258 266306 126711 111423 125044 169824 209263 234817 369960 476876 564654
BT
 2.0751e+06 573816 759087 527691 582850 661519 1.70521e+06 1.63362e+06 1.98718e+06 1.98453e+06 1.8204e+06 1.23651e+06 887889 487000 287375 202207 237769 305286 318546 446161 739437 665454 858069
Ftot
 0.299847 0.320535 0.691911 0.172942 0.035111 0.429137 0.240463 0.408954 0.381385 0.262774 0.532478 0.502775 0.748628 1.31017 1.10356 0.472966 0.363544 0.256527 0.230927 0.222546 0.0974995 0.130658 0.168171
BD_Bspro_t
 0.957426 0.755406 0.637411 0.432909 0.531602 0.694634 0.629373 0.66491 0.626443 0.622417 0.613094 0.458019 0.347477 0.249465 0.150757 0.15839 0.229056 0.361649 0.470329 0.560576 0.687919 0.787001 0.788329
BD_Bspro
 0.967315 0.521707 0.457011 0.416979 0.367306 0.565529 0.791542 1.06215 1.04397 1.27756 1.38795 0.99425 0.607553 0.324071 0.154196 0.135592 0.152168 0.206661 0.254655 0.285752 0.450209 0.580317 0.687135
BD_Bo
 0.84641 0.456499 0.399889 0.36486 0.321396 0.494843 0.692607 0.929393 0.913483 1.11788 1.21447 0.869979 0.531615 0.283565 0.134923 0.118645 0.133149 0.18083 0.222826 0.250036 0.393937 0.507783 0.60125
BD_Brms
 4.09749 2.20992 1.93587 1.7663 1.55589 2.39555 3.35293 4.49922 4.42219 5.41166 5.87929 4.21159 2.57356 1.37275 0.653166 0.574362 0.644576 0.875404 1.0787 1.21043 1.90706 2.45819 2.91067
S_f
 0.5 1 1 1 1
 0.5 1 1 1 1
 0.5 1 1 1 1
 0.5 1 1 1 1
 0.5 1 1 1 1
 0.5 1 1 1 1
 0.5 1 1 1 1
 0.5 1 1 1 1
 0.5 1 1 1 1
 0.5 1 1 1 1
 0.5 1 1 1 1
 0.5 1 1 1 1
 0.5 1 1 1 1
 0.5 1 1 1 1
 0.5 1 1 1 1
 0.5 1 1 1 1
 0.5 1 1 1 1
 0.5 1 1 1 1
 0.5 1 1 1 1
 0.5 1 1 1 1
 0.5 1 1 1 1
 0.5 1 1 1 1
 0.5 1 1 1 1
Scru_reclas
 0.5 1 1 1 1
 0.5 1 1 1 1
 0.5 1 1 1 1
 0.5 1 1 1 1
 0.5 1 1 1 1
 0.5 1 1 1 1
 0.5 1 1 1 1
 0.5 1 1 1 1
 0.5 1 1 1 1
 0.5 1 1 1 1
 0.5 1 1 1 1
 0.5 1 1 1 1
 0.5 1 1 1 1
 0.5 1 1 1 1
 0.5 1 1 1 1
 0.5 1 1 1 1
 0.5 1 1 1 1
 0.5 1 1 1 1
 0.5 1 1 1 1
 0.5 1 1 1 1
 0.5 1 1 1 1
 0.5 1 1 1 1
 0.5 1 1 1 1
Scru_pelaces
 0.5 1 1 1 1
 0.5 1 1 1 1
 0.5 1 1 1 1
 0.5 1 1 1 1
 0.5 1 1 1 1
 0.5 1 1 1 1
 0.5 1 1 1 1
 0.5 1 1 1 1
 0.5 1 1 1 1
 0.5 1 1 1 1
 0.5 1 1 1 1
 0.5 1 1 1 1
 0.5 1 1 1 1
 0.5 1 1 1 1
 0.5 1 1 1 1
 0.5 1 1 1 1
 0.5 1 1 1 1
 0.5 1 1 1 1
 0.5 1 1 1 1
 0.5 1 1 1 1
 0.5 1 1 1 1
 0.5 1 1 1 1
 0.5 1 1 1 1
pf_obs 
 0.256992 0.487395 0.22802 0.0275931 0
 0.321318 0.546541 0.124235 0.00734118 0.000564706
 0.182869 0.594174 0.210203 0.0122559 0.00049798
 0.330522 0.361315 0.267642 0.0388342 0.00168674
 0.649043 0.306663 0.0425973 0.00169635 0
 0.582887 0.30429 0.105238 0.00758474 0
 0.465427 0.430635 0.0974691 0.00646863 0
 0.296916 0.608066 0.0921331 0.00288517 0
 0.311714 0.524322 0.152257 0.0117073 0
 0.15457 0.633149 0.183074 0.0267441 0.00246327
 0.131901 0.49318 0.331252 0.0422183 0.00144891
 0.196976 0.569456 0.194076 0.0375587 0.00193317
 0.518974 0.381816 0.0799577 0.0180837 0.00116848
 0.0928022 0.601141 0.25162 0.0475244 0.00691264
 0.122501 0.610282 0.24278 0.0234846 0.000952079
 0.383417 0.481906 0.127806 0.00687128 0
 0.0376549 0.599619 0.316969 0.0457579 0
 0.0361596 0.667082 0.258105 0.0386534 0
 0.158088 0.579412 0.248529 0.0139706 0
 0.0477256 0.309471 0.559284 0.082774 0.000745712
 0.0406174 0.521527 0.379366 0.0568643 0.0016247
 0.151134 0.462217 0.34131 0.0453401 0
 0.294876 0.26143 0.354403 0.0886775 0.000613685
pf_pred 
 0.449266 0.387618 0.145756 0.0173548 5.26268e-06
 0.458065 0.346901 0.137269 0.0516174 0.00614782
 0.311465 0.44731 0.154412 0.0611009 0.0257123
 0.472122 0.278063 0.162293 0.0560237 0.0314976
 0.593621 0.26522 0.0743569 0.0433988 0.0234041
 0.390098 0.455511 0.100762 0.0282495 0.0253796
 0.607838 0.232089 0.119552 0.0264456 0.0140753
 0.505332 0.380182 0.0677546 0.0349013 0.0118294
 0.583529 0.290327 0.0969493 0.0172779 0.0119167
 0.51119 0.370468 0.0824975 0.0275485 0.00829575
 0.315686 0.474101 0.15932 0.035478 0.0154148
 0.298462 0.36418 0.233726 0.0785424 0.0250895
 0.462219 0.267055 0.140539 0.0901958 0.0399921
 0.436421 0.384878 0.0887404 0.0467001 0.0432605
 0.539531 0.322845 0.0939856 0.02167 0.021968
 0.557903 0.339375 0.072021 0.0209665 0.00973486
 0.463135 0.399181 0.105693 0.0224299 0.00956148
 0.477828 0.343167 0.133097 0.0352407 0.0106667
 0.455842 0.360929 0.120416 0.0467033 0.0161088
 0.59147 0.262091 0.0971301 0.0324054 0.0169034
 0.553763 0.337017 0.0700696 0.0259676 0.0131827
 0.447114 0.397191 0.117588 0.0244478 0.0136598
 0.509234 0.307527 0.131638 0.0389712 0.0126297
pobs_RECLAS
 0 0 0 0 0
 0 0 0 0 0
 0 0 0 0 0
 0 0 0 0 0
 0.835266 0.146461 0.0176864 0.000547809 3.91292e-05
 0.385257 0.428462 0.181853 0.0044286 0
 0.867414 0.0963971 0.0333333 0.00285562 0
 0.441836 0.489002 0.0689373 0.000224442 0
 0.779404 0.147425 0.0564933 0.0165055 0.000172143
 0.814271 0.122319 0.05973 0.00367925 0
 0.40263 0.566651 0.0304383 0.000280538 0
 0.475488 0.404961 0.113038 0.00651328 0
 0.955842 0.0263864 0.0167828 0.000988607 0
 0.975058 0.0227948 0.00214734 0 0
 0.738997 0.206755 0.0527124 0.00153531 0
 0.850938 0.134255 0.0134407 0.00136685 0
 0.542534 0.407297 0.0501686 0 0
 0.764087 0.199537 0.0359546 0.000420521 0
 0.470689 0.182191 0.310203 0.0369168 0
 0.84361 0.089868 0.0606195 0.00523954 0.000663233
 0.607945 0.314616 0.071237 0.00620181 0
 0.523733 0.453247 0.0230204 0 0
 0.530135 0.295979 0.169645 0.0042399 0
ppred_RECLAS
 0.452086 0.385633 0.14501 0.017266 5.23573e-06
 0.461139 0.344933 0.136491 0.0513246 0.00611295
 0.318865 0.442503 0.152752 0.0604443 0.025436
 0.473595 0.277287 0.16184 0.0558673 0.0314097
 0.593875 0.265054 0.0743104 0.0433716 0.0233894
 0.394379 0.452314 0.100054 0.0280512 0.0252015
 0.609912 0.230862 0.11892 0.0263058 0.0140009
 0.509549 0.376942 0.0671771 0.0346038 0.0117286
 0.587271 0.287718 0.0960782 0.0171227 0.0118096
 0.513612 0.368633 0.0820888 0.027412 0.00825465
 0.320874 0.470507 0.158112 0.0352091 0.015298
 0.303117 0.361764 0.232175 0.0780213 0.024923
 0.471757 0.262318 0.138046 0.088596 0.0392827
 0.458089 0.370081 0.0853286 0.0449046 0.0415973
 0.55627 0.311109 0.0905691 0.0208823 0.0211694
 0.56293 0.335516 0.0712021 0.0207281 0.00962417
 0.466743 0.396498 0.104983 0.0222791 0.00949722
 0.480178 0.341623 0.132498 0.0350822 0.0106187
 0.457901 0.359564 0.119961 0.0465266 0.0160479
 0.593387 0.260861 0.0966743 0.0322533 0.0168241
 0.554531 0.336437 0.069949 0.0259229 0.01316
 0.448176 0.396428 0.117362 0.0244008 0.0136335
 0.510665 0.30663 0.131255 0.0388576 0.0125929
pobs_PELACES
 0 0 0 0 0
 0 0 0 0 0
 0 0 0 0 0
 0 0 0 0 0
 0 0 0 0 0
 0 0 0 0 0
 0 0 0 0 0
 0 0 0 0 0
 0 0 0 0 0
 0 0 0 0 0
 0.450072 0.473896 0.0757376 0.000293798 0
 0 0 0 0 0
 0.463077 0.371075 0.160297 0.00555027 0
 0.529543 0.364841 0.0842815 0.0213345 0
 0.631943 0.363953 0.00410389 0 0
 0.735681 0.248677 0.0153453 0.000297389 0
 0.695825 0.281241 0.0229344 0 0
 0.275771 0.60734 0.115278 0.00161068 0
 0 0 0 0 0
 0.896147 0.0623911 0.0374545 0.00400742 0
 0.803859 0.145111 0.0509908 3.86294e-05 0
 0.739449 0.233085 0.0266225 0.000797448 4.60066e-05
 0.878498 0.100942 0.0204185 0.000141795 0
ppred_PELACES
 0.464368 0.376989 0.141759 0.0168789 5.11836e-06
 0.474305 0.336505 0.133156 0.0500705 0.00596359
 0.344156 0.426072 0.14708 0.0581999 0.0244915
 0.480714 0.273537 0.159652 0.0551118 0.0309849
 0.595271 0.264142 0.0740549 0.0432225 0.023309
 0.411412 0.439593 0.0972406 0.0272623 0.0244927
 0.619309 0.2253 0.116055 0.0256721 0.0136636
 0.526394 0.363995 0.0648697 0.0334152 0.0113258
 0.602436 0.277147 0.092548 0.0164935 0.0113757
 0.524435 0.36043 0.0802621 0.026802 0.00807097
 0.340313 0.45704 0.153586 0.0342013 0.0148601
 0.320921 0.352521 0.226243 0.076028 0.0242863
 0.502608 0.246998 0.129984 0.0834217 0.0369885
 0.512032 0.333242 0.0768347 0.0404347 0.0374565
 0.600638 0.280002 0.0815131 0.0187943 0.0190527
 0.582027 0.320856 0.068091 0.0198224 0.00920366
 0.481698 0.385378 0.102039 0.0216543 0.00923087
 0.49075 0.334675 0.129803 0.0343687 0.0104028
 0.467373 0.353281 0.117865 0.0457137 0.0157675
 0.602216 0.255197 0.0945753 0.0315531 0.0164588
 0.558502 0.333438 0.0693255 0.0256919 0.0130427
 0.453514 0.392593 0.116226 0.0241648 0.0135017
 0.517596 0.302287 0.129395 0.0383072 0.0124145
pobs_pel_tallas
 0 0 0 0 0 0 0 0 0 0 0 0 0 0 0 0 0 0 0 0 0 0 0 0 0 0 0 0 0 0 0 0 0 0 0 0
 0 0 0 0 0 0 0 0 0 0 0 0 0 0 0 0 0 0 0 0 0 0 0 0 0 0 0 0 0 0 0 0 0 0 0 0
 0 0 0 0 0 0 0 0 0 0 0 0 0 0 0 0 0 0 0 0 0 0 0 0 0 0 0 0 0 0 0 0 0 0 0 0
 0 0 0 0 0 0 0 0 0 0 0 0 0 0 0 0 0 0 0 0 0 0 0 0 0 0 0 0 0 0 0 0 0 0 0 0
 0 0 0 0 0 0 0 0 0 0 0 0 0 0 0 0 0 0 0 0 0 0 0 0 0 0 0 0 0 0 0 0 0 0 0 0
 0 0 0 0 0 0 0 0 0 0 0 0 0 0 0 0 0 0 0 0 0 0 0 0 0 0 0 0 0 0 0 0 0 0 0 0
 0 0 0 0 0 0 0 0 0 0 0 0 0 0 0 0 0 0 0 0 0 0 0 0 0 0 0 0 0 0 0 0 0 0 0 0
 0 0 0 0 0 0 0 0 0 0 0 0 0 0 0 0 0 0 0 0 0 0 0 0 0 0 0 0 0 0 0 0 0 0 0 0
 0 0 0 0 0 0 0 0 0 0 0 0 0 0 0 0 0 0 0 0 0 0 0 0 0 0 0 0 0 0 0 0 0 0 0 0
 0 0 0 0 0 0 0 0 0 0 0 0 0 0 0 0 0 0 0 0 0 0 0 0 0 0 0 0 0 0 0 0 0 0 0 0
 0 0 0 0 0 0 0 0 1.78061e-05 0.00172719 0.00360574 0.0105946 0.0120993 0.0124554 0.0147524 0.0171206 0.0266825 0.0428682 0.0675386 0.121331 0.153587 0.119568 0.100827 0.0573624 0.0630603 0.0341343 0.0324427 0.0444173 0.0211091 0.0280891 0.0125444 0.00206551 0 0 0 0
 0 0 0 0 0 0 0 0 0 0 0 0 0 0 0 0 0 0 0 0 0 0 0 0 0 0 0 0 0 0 0 0 0 0 0 0
 0 0 0 0 0 0 0.0133647 0.0140871 0.0187388 0.0205184 0.03894 0.0496705 0.03968 0.0493445 0.0407372 0.0367815 0.0215668 0.0243155 0.0234873 0.0199281 0.019796 0.0243948 0.0301388 0.0376714 0.0412746 0.0863199 0.0771752 0.113111 0.0741005 0.0525337 0.0229764 0.00759418 0.00175318 0 0 0
 0 0 0 0 0 0 0 0 0 0 0.00219441 0.00772107 0.0458388 0.0604681 0.0671733 0.0775358 0.0609151 0.0617685 0.073594 0.0568108 0.0755445 0.0548602 0.0670107 0.0636378 0.0643287 0.046367 0.0373049 0.0286899 0.0247887 0.0153202 0.00654259 0.00121912 0.000365735 0 0 0
 0 0 0 0 0 0 0 0 0 0 0 0 0.000112435 0.00938835 0.0111873 0.0202946 0.0414886 0.0713402 0.111592 0.104902 0.108894 0.110636 0.117776 0.105296 0.107544 0.0401394 0.0192827 0.0124803 0.00416011 0.0028671 0.000618394 0 0 0 0 0
 0 0 0 0 0 0 0 0 0 0 0.00291406 0.0102884 0.027416 0.0768956 0.0749926 0.110853 0.0956884 0.0897413 0.0766577 0.0534642 0.0500743 0.0551293 0.0594112 0.0620874 0.0668451 0.0424026 0.0208742 0.0120726 0.0048766 0.00582813 0.00118941 0.000297354 0 0 0 0
 0 0.00264628 0.0354308 0.0461629 0.0458689 0.0383711 0.0214643 0.0164657 0.0346957 0.0420465 0.0363128 0.0245516 0.0311673 0.0291091 0.0169068 0.0133784 0.00837989 0.0085269 0.0148486 0.0160247 0.0276389 0.0546898 0.0760071 0.122758 0.109233 0.0665981 0.0333725 0.0166128 0.00676272 0.00308733 0.000882094 0 0 0 0 0
 0 0 0 0 0 0 0 0.000805153 0.000690131 0.00759144 0.0133425 0.0154129 0.00931677 0.000345066 0.00356568 0.00563607 0.00851162 0.0253048 0.0502646 0.0516448 0.0657925 0.0565908 0.0611916 0.0827007 0.0866115 0.110766 0.145733 0.0935128 0.0569358 0.0249597 0.0138026 0.00621118 0.00161031 0.00115022 0 0
 0 0 0 0 0 0 0 0 0 0 0 0 0 0 0 0 0 0 0 0 0 0 0 0 0 0 0 0 0 0 0 0 0 0 0 0
 0.00147267 0.00158595 0.00478618 0.00569244 0.00954404 0.0108468 0.00647125 0.017049 0.0510054 0.094081 0.124002 0.0959785 0.0687766 0.0820023 0.061753 0.0591476 0.0492212 0.0479892 0.0443925 0.0268479 0.0217502 0.0140895 0.0121071 0.0120363 0.00920419 0.00665534 0.0049561 0.00860946 0.00930331 0.0156896 0.0114698 0.00855282 0.00243557 0.00046729 0 2.83206e-05
 0 0 0 0 0.000772559 0.00158375 0.000888443 0.00281984 0.00712685 0.0440552 0.0773331 0.111326 0.0921469 0.0852325 0.0710754 0.0886704 0.0786465 0.0553345 0.0373146 0.0185414 0.00753245 0.00457741 0.012979 0.0271748 0.0457355 0.0583668 0.034881 0.0177882 0.00938659 0.00492506 0.0015258 0.00185414 0.000309023 5.79419e-05 3.86279e-05 0
 0 0.00173294 0.00326652 0 0.00397197 0.00683976 0.00946217 0.0152591 0.00757587 0.0136028 0.0228656 0.0392903 0.0559909 0.0764795 0.0681675 0.0726916 0.0566044 0.0477403 0.0527397 0.0444891 0.0609904 0.0582453 0.0661739 0.0445044 0.0529084 0.0360697 0.0280645 0.0235558 0.0158879 0.00826598 0.00280645 0.00217768 0.000904811 0.00058276 9.20147e-05 0
 0 0 0 0 0 0 0 0 0 0 0 0 0 0 0 0 0 0 0 0 0 0 0 0 0 0 0 0 0 0 0 0 0 0 0 0
ppred_pel_tallas
 1.02716e-16 2.02769e-05 0.000118969 0.000565441 0.00217684 0.00678814 0.0171466 0.0350865 0.0581681 0.0781437 0.085103 0.0752268 0.0541988 0.0323357 0.0170123 0.00974635 0.00845608 0.0106342 0.0147047 0.0198676 0.0255951 0.0313426 0.0365024 0.0404854 0.0428422 0.0433593 0.0420983 0.0393608 0.0355981 0.0312974 0.0268839 0.022663 0.0188099 0.0153934 0.0124163 0.00985174
 1.03999e-16 2.07085e-05 0.000121507 0.000577514 0.00222334 0.00693316 0.0175129 0.0358355 0.0594086 0.0798059 0.086902 0.0767904 0.0552673 0.0328569 0.0170747 0.00945055 0.00783965 0.00966988 0.0133356 0.0180459 0.0233135 0.028656 0.0335378 0.0374366 0.0399487 0.0408729 0.0402442 0.0383035 0.035419 0.0319886 0.0283566 0.0247678 0.0213618 0.0181975 0.0152886 0.012635
 1.05371e-16 1.5037e-05 8.82018e-05 0.000419161 0.00161361 0.00503172 0.0127101 0.0260094 0.0431244 0.0579477 0.0631453 0.0559051 0.0404692 0.0245283 0.0136079 0.00890462 0.0089487 0.0119386 0.0167238 0.0226688 0.0292676 0.0359355 0.042001 0.0468093 0.0498586 0.0509072 0.0500148 0.0475013 0.0438451 0.0395563 0.0350702 0.030688 0.0265709 0.0227734 0.0192922 0.0161088
 1.05697e-16 2.09854e-05 0.000123138 0.000585284 0.00225328 0.00702653 0.0177486 0.0363175 0.0602057 0.080871 0.088047 0.0777669 0.0558933 0.0330757 0.0169083 0.00891661 0.00690434 0.0082535 0.0113474 0.015426 0.0200709 0.024897 0.0294767 0.0333831 0.0362702 0.0379389 0.0383657 0.0376812 0.0361144 0.0339225 0.0313325 0.0285117 0.0255684 0.0225707 0.0195727 0.0166325
 1.03712e-16 2.598e-05 0.000152463 0.000724698 0.00279006 0.00870048 0.0219769 0.0449686 0.0745445 0.100123 0.108986 0.0962089 0.0690346 0.0406226 0.0203394 0.0100266 0.00691223 0.00770602 0.0103733 0.013969 0.0180093 0.0220925 0.0257973 0.0287216 0.0305612 0.0311748 0.0306085 0.0290684 0.0268557 0.0242869 0.0216263 0.0190506 0.0166456 0.0144301 0.0123881 0.0104978
 1.03605e-16 1.79701e-05 0.000105421 0.00050102 0.00192878 0.00601457 0.0151927 0.0310891 0.0515442 0.0692543 0.0754466 0.0667496 0.0482185 0.0290226 0.0157344 0.00974307 0.00924716 0.0120533 0.0167624 0.0226179 0.0290532 0.0354433 0.0410864 0.0453115 0.0476219 0.0478074 0.0459856 0.0425538 0.0380768 0.0331456 0.0282576 0.0237476 0.0197786 0.0163765 0.0134863 0.0110241
 1.03242e-16 2.70268e-05 0.000158611 0.000753936 0.00290265 0.00905158 0.0228637 0.0467828 0.0775505 0.104157 0.113365 0.100049 0.071733 0.0420963 0.0208665 0.00994079 0.00641759 0.00686392 0.00916812 0.0123731 0.0160251 0.0197742 0.0232572 0.0261203 0.0280837 0.0289971 0.0288634 0.0278202 0.026091 0.0239226 0.0215333 0.0190839 0.0166739 0.0143572 0.012163 0.0101135
 1.02717e-16 2.29808e-05 0.000134845 0.000640921 0.00246746 0.00769445 0.0194358 0.0397703 0.065931 0.0885658 0.0964359 0.0852031 0.0612961 0.036388 0.0188097 0.0102453 0.008297 0.0100897 0.0138202 0.0185913 0.0238485 0.0290528 0.0336193 0.0369939 0.0387705 0.0387831 0.0371393 0.0341799 0.0303832 0.0262475 0.0221893 0.0184864 0.0152693 0.0125516 0.0102778 0.00836766
 1.02503e-16 2.62931e-05 0.000154299 0.000733425 0.00282366 0.00880525 0.0222415 0.0455102 0.0754426 0.10133 0.110302 0.0973762 0.0698839 0.0411459 0.0206449 0.0102485 0.00715488 0.00803561 0.0108295 0.0145725 0.0187614 0.0229702 0.0267497 0.0296704 0.0314068 0.0318078 0.0309238 0.0289798 0.0263078 0.0232623 0.0201484 0.0171795 0.0144716 0.0120628 0.00994476 0.00809162
 1.02555e-16 2.28952e-05 0.000134343 0.000638535 0.00245828 0.00766581 0.0193635 0.0396222 0.0656855 0.088236 0.0960766 0.0848852 0.0610663 0.0362497 0.0187349 0.0102001 0.00825688 0.0100421 0.0137611 0.0185234 0.0237801 0.0289974 0.0335947 0.0370199 0.0388645 0.0389556 0.0373903 0.0344966 0.0307408 0.0266125 0.0225253 0.0187603 0.0154566 0.0126403 0.0102685 0.00827307
 1.04199e-16 1.48707e-05 8.72227e-05 0.000414499 0.00159565 0.0049757 0.0125687 0.0257202 0.0426459 0.0573079 0.0624564 0.0553146 0.040084 0.024379 0.0136762 0.00917306 0.00942988 0.0126729 0.0177608 0.024045 0.0309861 0.0379508 0.0442114 0.0490614 0.0519637 0.0526673 0.0512529 0.0480882 0.0437171 0.0387211 0.0336002 0.0287048 0.0242259 0.0202276 0.0166988 0.0136002
 1.07074e-16 1.4021e-05 8.22437e-05 0.00039085 0.00150463 0.00469188 0.0118516 0.0242524 0.0402102 0.0540289 0.0588674 0.0520996 0.0376756 0.0227585 0.0124916 0.00798159 0.00785417 0.0104365 0.0146801 0.0200386 0.0261076 0.0324232 0.0384383 0.0435983 0.0474484 0.0497197 0.050367 0.0495444 0.0475351 0.0446638 0.0412235 0.0374379 0.0334608 0.0293988 0.0253415 0.0213813
 1.06521e-16 2.19389e-05 0.000128739 0.000611915 0.00235582 0.00734633 0.0185564 0.03797 0.0629439 0.0845454 0.0920376 0.0812681 0.0583587 0.0344319 0.0174119 0.00887469 0.00650488 0.00755103 0.0103198 0.0140308 0.0182817 0.0227246 0.0269799 0.0306693 0.0334858 0.0352517 0.0359422 0.035665 0.0346094 0.0329833 0.0309638 0.0286735 0.0261851 0.023543 0.0207896 0.0179823
 1.04339e-16 2.23532e-05 0.000131164 0.000623426 0.00240011 0.00748444 0.0189053 0.0386846 0.0641306 0.0861458 0.0937968 0.0828618 0.0595907 0.035334 0.0181892 0.00978889 0.00779638 0.00941555 0.0129005 0.0173973 0.0223966 0.0274124 0.0319167 0.035405 0.0375007 0.0380377 0.037091 0.0349399 0.031984 0.0286395 0.0252513 0.0220458 0.019127 0.0165065 0.0141467 0.0120002
 1.02785e-16 2.62148e-05 0.000153839 0.000731238 0.00281523 0.00877898 0.0221752 0.0453745 0.0752177 0.101029 0.109974 0.0970884 0.0696809 0.0410334 0.0206013 0.0102477 0.00717969 0.00807895 0.0108893 0.0146472 0.018847 0.0230594 0.0268322 0.0297349 0.0314439 0.0318129 0.0308997 0.028938 0.0262674 0.0232472 0.0201825 0.0172822 0.0146539 0.012325 0.0102767 0.00847464
 1.02183e-16 2.54049e-05 0.00014908 0.000708607 0.00272809 0.00850721 0.0214887 0.0439703 0.0728914 0.0979083 0.106589 0.0941266 0.0676137 0.0399336 0.0202661 0.0104365 0.00775724 0.00902363 0.012239 0.0164436 0.0210963 0.0257092 0.0297626 0.0327652 0.0343547 0.0343799 0.032931 0.0303043 0.0269197 0.0232169 0.0195673 0.0162221 0.0133046 0.0108355 0.00877301 0.00705178
 1.0275e-16 2.10328e-05 0.000123406 0.000586535 0.00225806 0.00704142 0.0177864 0.0363955 0.060338 0.0810578 0.0882742 0.0780241 0.0562011 0.0335039 0.0175776 0.00999003 0.00857404 0.0107201 0.0147853 0.0199336 0.0256156 0.0312701 0.0362771 0.0400432 0.0421256 0.042331 0.0407527 0.0377307 0.0337544 0.0293412 0.0249322 0.020831 0.0171948 0.0140622 0.0114 0.0091462
 1.03619e-16 2.14255e-05 0.000125716 0.000597528 0.0023004 0.00717346 0.0181198 0.0370774 0.061467 0.0825696 0.0899078 0.0794378 0.0571537 0.0339404 0.0175675 0.00961061 0.00784253 0.00959504 0.013203 0.0178498 0.0230392 0.0282866 0.0330568 0.0368301 0.0392063 0.0399893 0.0392211 0.0371504 0.0341541 0.0306389 0.026957 0.0233585 0.0199855 0.0168948 0.0140947 0.0115762
 1.04096e-16 2.04068e-05 0.000119734 0.000569085 0.00219088 0.00683194 0.0172572 0.0353125 0.0585422 0.0786438 0.0856414 0.0756879 0.0544986 0.0324496 0.0169537 0.00952672 0.00806279 0.0100314 0.0138479 0.0187209 0.0241478 0.0296225 0.0345833 0.0384864 0.0409168 0.0416773 0.0408227 0.0386252 0.0354896 0.031847 0.0280658 0.0244008 0.0209884 0.0178733 0.0150493 0.0124953
 1.03279e-16 2.62826e-05 0.000154239 0.000733146 0.00282259 0.00880193 0.0222331 0.0454929 0.0754132 0.101289 0.110252 0.0973208 0.0698193 0.041058 0.0205089 0.0100308 0.00681576 0.00753317 0.0101264 0.0136461 0.0176144 0.0216405 0.0253145 0.028242 0.0301201 0.0308005 0.0303147 0.0288497 0.0266876 0.0241311 0.0214393 0.0187931 0.0162917 0.0139716 0.0118352 0.00987625
 1.02585e-16 2.43796e-05 0.00014306 0.000679982 0.00261787 0.00816349 0.0206206 0.042194 0.0699476 0.0939565 0.102293 0.0903481 0.0649322 0.0384158 0.0196176 0.0103014 0.00790021 0.0093481 0.0127312 0.0171199 0.0219742 0.0267932 0.0310397 0.0342042 0.0359113 0.0360035 0.0345728 0.0319243 0.0284896 0.0247202 0.0209956 0.0175709 0.0145696 0.01201 0.00984817 0.00801796
 1.03239e-16 1.98041e-05 0.000116192 0.000552238 0.002126 0.0066296 0.0167462 0.0342672 0.0568106 0.0763221 0.0831246 0.0734908 0.052976 0.0316619 0.0167594 0.0097599 0.00863906 0.0109531 0.0151604 0.0204671 0.026334 0.0321965 0.0374254 0.0414152 0.0437106 0.0441065 0.0426864 0.0397829 0.0358799 0.0314916 0.0270571 0.0228809 0.0191238 0.015831 0.0129788 0.0105171
 1.03832e-16 2.25948e-05 0.000132584 0.000630184 0.00242614 0.00756561 0.0191103 0.0391038 0.0648248 0.0870755 0.0948021 0.0837332 0.0601813 0.035612 0.0182009 0.00958718 0.0073998 0.00880949 0.0120597 0.0163106 0.0210859 0.0259444 0.0304037 0.0339933 0.0363475 0.0372801 0.036816 0.0351636 0.0326459 0.0296137 0.026372 0.0231393 0.0200429 0.0171397 0.0144484 0.0119758
pSPR Fmed_Fpbrs
0.570881   0.256568 0.256568
Fs Fmed_Fpbrs
0.312477   1.005 1.005
SSBpbr Bo_Bmed_Bpbrs
939134  489177  193995 193995
Ro
39872.4
SPR SPRFo_SPRFmed_SPRFpbrs
821752 469122 210835
log_Ro
10.4134
likeval ReclasPelacesDesembMPH_pf_preclas_ppelaces_ptallas_desvR_qrecl_qpela
 106.501 77.8894 0.00413967 0.000705021 316.165 185.704 67.7423 0 13.0851 0 0 0 0 0 0
q_reclas_q_pelaces
1 1
M
0.7
N
 41967.6 19292.7 7254.63 863.792 0.261936
 44271.3 17938.9 7098.47 2669.24 317.916
 22704.4 18728.9 6465.23 2558.3 1076.58
 26096.8 7977.32 4656.01 1607.26 903.63
 52796.6 11885.8 3332.29 1944.91 1048.85
 40354.1 25761.8 5698.66 1597.68 1435.36
 80451.3 16169.5 8329.1 1842.45 980.619
 86467 35425.1 6313.32 3252.07 1102.26
 129878 34997.8 11686.9 2082.79 1436.51
 139076 53298.1 11868.7 3963.32 1193.48
 72305.3 60560 20350.9 4531.83 1969.03
 40659.7 27513 17657.4 5933.7 1895.45
 46840.5 15703 8263.78 5303.57 2351.56
 28542.1 15997.5 3688.51 1941.1 1798.13
 19978.6 7361.74 2143.12 494.134 500.929
 17035.1 5713.79 1212.56 352.997 163.898
 14355.9 6677.82 1768.12 375.225 159.952
 15671.6 5944.04 2305.38 610.409 184.759
 16457.2 6845.47 2283.85 885.786 305.523
 31333 7281.23 2698.4 900.266 469.6
 44785.4 13921 2894.33 1072.63 544.529
 46354.1 21181.6 6270.76 1303.76 728.456
 68865.4 21563 9230.15 2732.56 885.564
pred_Ctot
 4238.57 3656.96 1375.13 163.733 0.0496504
 4758.53 3603.72 1426 536.218 63.8656
 4871.06 6995.56 2414.87 955.569 402.119
 1562.48 920.247 537.107 185.41 104.241
 661.427 295.514 82.8503 48.356 26.0774
 5673.99 6625.42 1465.58 410.89 369.147
 6600.04 2520.07 1298.12 287.153 152.833
 11635.8 8754.06 1560.11 803.635 272.384
 16395.3 8157.24 2723.96 485.453 334.82
 12408.2 8992.41 2002.47 668.688 201.364
 12342.1 18535.6 6228.79 1387.06 602.661
 6594.39 8046.41 5164.06 1735.36 554.341
 10746.4 6208.89 3267.46 2097.01 929.796
 10239.2 9029.91 2082 1095.67 1014.97
 6287.88 3762.55 1095.34 252.55 256.023
 2615.44 1590.98 337.633 98.2906 45.6368
 1734.05 1494.6 395.733 83.9812 35.7998
 1366.8 981.612 380.717 100.804 30.5116
 1299.25 1028.73 343.213 133.115 45.9136
 2388.2 1058.25 392.186 130.845 68.2517
 1536.8 935.29 194.457 72.0653 36.5845
 2116.18 1879.9 556.539 115.711 64.6515
 4013.55 2423.79 1037.51 307.153 99.5417
F
 0.149924 0.299847 0.299847 0.299847 0.299847
 0.160267 0.320535 0.320535 0.320535 0.320535
 0.345955 0.691911 0.691911 0.691911 0.691911
 0.0864712 0.172942 0.172942 0.172942 0.172942
 0.0175555 0.035111 0.035111 0.035111 0.035111
 0.214568 0.429137 0.429137 0.429137 0.429137
 0.120231 0.240463 0.240463 0.240463 0.240463
 0.204477 0.408954 0.408954 0.408954 0.408954
 0.190693 0.381385 0.381385 0.381385 0.381385
 0.131387 0.262774 0.262774 0.262774 0.262774
 0.266239 0.532478 0.532478 0.532478 0.532478
 0.251388 0.502775 0.502775 0.502775 0.502775
 0.374314 0.748628 0.748628 0.748628 0.748628
 0.655085 1.31017 1.31017 1.31017 1.31017
 0.55178 1.10356 1.10356 1.10356 1.10356
 0.236483 0.472966 0.472966 0.472966 0.472966
 0.181772 0.363544 0.363544 0.363544 0.363544
 0.128264 0.256527 0.256527 0.256527 0.256527
 0.115463 0.230927 0.230927 0.230927 0.230927
 0.111273 0.222546 0.222546 0.222546 0.222546
 0.0487498 0.0974995 0.0974995 0.0974995 0.0974995
 0.0653289 0.130658 0.130658 0.130658 0.130658
 0.0840855 0.168171 0.168171 0.168171 0.168171
YTP_r0W_actual
 26489.4 58655.6 34652.9 13391.9 5454.88
YTP_p0W_proyectada
 79111.7 319945 134005 75298.7 36124.7
CTP_r0_actual
 4013.55 2423.79 1037.51 307.153 99.5417
CTP_p0_proyectada
 9307.25 15163.3 4364.99 1868.45 785.32
Wmedp
 8.5 21.1 30.7 40.3 46
nmprior
 10.6 11 7 0
nm_flota  nm_reclas  nm_pelaces    nm_pelaL
inf 13.7154 13.4329 17.4176
cv_recla  cv_pelaces  cv_mph
0.979037 1.0809 0.861468
 ------------------------------------------------
Talla a la edad & desviaci?n 
 7.2 14.2025 17.0495 18.207 18.6776
 1.08 2.13037 2.55742 2.73105 2.80164
