years
 1997 1998 1999 2000 2001 2002 2003 2004 2005 2006 2007 2008 2009 2010 2011 2012 2013 2014 2015 2016 2017
reclasobs
 0 0 0 370054 412103 1.49427e+06 250295 1.28982e+06 931140 785840 897777 1.04006e+06 184774 17550 25797 100020 73551 82996 120727 218422 84188
reclaspred
 374707 101668 310610 231227 347798 415845 922211 618664 694821 632013 497897 333855 205014 95926 68354.4 70588.9 89052.4 121604 125240 165169 192515
pelacesobs
 0 0 0 0 0 0 0 0 0 2.06254e+06 1.5e+06 0 1.87456e+06 323000 250000 174000 83755 137374 0 501740 490994
pelacespred
 1.07419e+06 264098 492673 556758 715855 718349 1.81196e+06 1.5151e+06 1.50536e+06 1.38367e+06 983437 680348 416320 163122 114216 126039 165850 228867 244012 312676 399874
mphobs
 0 0 0 0 0 112323 0 153150 637223 0 255016 313432 73983 77613 109348 50772 0 0 0 0 0
mphpred
 703687 424392 515012 634083 685958 1.09323e+06 1.6558e+06 1.96208e+06 1.69164e+06 1.72106e+06 1.61645e+06 1.13972e+06 702174 371735 181815 158586 194475 270000 333176 366319 485729
desembarqueobs
 350755 77701 442110 56441 14545 235359 269955 359681 431902 328805 639364 411747 362871 311530 167758 66681 60226 58785 57116 73181 50977
desembarquepred
 350760 77700.2 442096 56441.8 14545.1 235391 269979 359679 431925 328821 639556 411981 363188 311955 167794 66691 60243 58785.5 57111.6 73179.1 50978.5
Reclutas
 50533.3 65292.3 39139 65534.5 113522 81054.5 130580 123246 150376 147678 68363.8 40019.6 42997.7 23726.8 18552.5 23149.5 19076.7 21242.3 22552.8 35768.4 29031.5
log_desv_Rt
 0.0301111 0.286352 -0.225402 0.290055 0.839473 0.5026 0.979464 0.921657 1.12062 1.10251 0.332321 -0.203153 -0.131375 -0.725918 -0.971919 -0.750548 -0.944055 -0.836527 -0.776663 -0.315459 -0.524141
SSB
 703687 424392 515012 634083 685958 1.09323e+06 1.6558e+06 1.96208e+06 1.69164e+06 1.72106e+06 1.61645e+06 1.13972e+06 702174 371735 181815 158586 194475 270000 333176 366319 485729
BT
 2.2108e+06 604246 1.12612e+06 1.05671e+06 1.29291e+06 1.47139e+06 3.42898e+06 3.12064e+06 3.0911e+06 2.79509e+06 2.34087e+06 1.59878e+06 1.10346e+06 593173 347751 280886 346395 456837 486256 620196 758408
Ftot
 0.419308 0.358542 0.534715 0.10274 0.0195634 0.190387 0.118499 0.231377 0.257204 0.203886 0.420584 0.39023 0.617791 1.08059 1.00011 0.395232 0.28178 0.191186 0.16441 0.180418 0.0957248
BD_Bspro_t
 0.947913 0.753956 0.71073 0.586369 0.72024 0.842962 0.81399 0.82144 0.773942 0.741701 0.708522 0.560843 0.447363 0.336131 0.218934 0.233985 0.348843 0.512988 0.619856 0.691494 0.76459
BD_Bspro
 0.694679 0.418959 0.508419 0.625966 0.677177 1.07924 1.6346 1.93696 1.66999 1.69903 1.59575 1.12513 0.693186 0.366976 0.179487 0.156556 0.191985 0.266543 0.328911 0.36163 0.479511
BD_Bo
 0.545494 0.328986 0.399234 0.491537 0.53175 0.847468 1.28356 1.52099 1.31135 1.33416 1.25306 0.883506 0.544321 0.288166 0.140941 0.122935 0.150756 0.209302 0.258276 0.283968 0.376534
BD_Brms
 1.89976 1.14574 1.39039 1.71185 1.8519 2.95143 4.4702 5.29706 4.56697 4.64639 4.36396 3.07694 1.89568 1.00358 0.490849 0.428137 0.525028 0.728924 0.899484 0.98896 1.31133
S_f
 0.200442 1 1 1 1
 0.200442 1 1 1 1
 0.200442 1 1 1 1
 0.200442 1 1 1 1
 0.200442 1 1 1 1
 0.200442 1 1 1 1
 0.200442 1 1 1 1
 0.200442 1 1 1 1
 0.200442 1 1 1 1
 0.200442 1 1 1 1
 0.200442 1 1 1 1
 0.200442 1 1 1 1
 0.200442 1 1 1 1
 0.200442 1 1 1 1
 0.200442 1 1 1 1
 0.200442 1 1 1 1
 0.200442 1 1 1 1
 0.200442 1 1 1 1
 0.200442 1 1 1 1
 0.200442 1 1 1 1
 0.200442 1 1 1 1
Scru_reclas
 1 1 1 1 1
 1 1 1 1 1
 1 1 1 1 1
 1 1 1 1 1
 1 1 1 1 1
 1 1 1 1 1
 1 1 1 1 1
 1 1 1 1 1
 1 1 1 1 1
 1 1 1 1 1
 1 1 1 1 1
 1 1 1 1 1
 1 1 1 1 1
 1 1 1 1 1
 1 1 1 1 1
 1 1 1 1 1
 1 1 1 1 1
 1 1 1 1 1
 1 1 1 1 1
 1 1 1 1 1
 1 1 1 1 1
Scru_pelaces
 1 1 1 1 1
 1 1 1 1 1
 1 1 1 1 1
 1 1 1 1 1
 1 1 1 1 1
 1 1 1 1 1
 1 1 1 1 1
 1 1 1 1 1
 1 1 1 1 1
 1 1 1 1 1
 1 1 1 1 1
 1 1 1 1 1
 1 1 1 1 1
 1 1 1 1 1
 1 1 1 1 1
 1 1 1 1 1
 1 1 1 1 1
 1 1 1 1 1
 1 1 1 1 1
 1 1 1 1 1
 1 1 1 1 1
pf_obs 
 0.256992 0.487395 0.22802 0.0275931 0
 0.321318 0.546541 0.124235 0.00734118 0.000564706
 0.182869 0.594174 0.210203 0.0122559 0.00049798
 0.330522 0.361315 0.267642 0.0388342 0.00168674
 0.649043 0.306663 0.0425973 0.00169635 0
 0.582887 0.30429 0.105238 0.00758474 0
 0.465427 0.430635 0.0974691 0.00646863 0
 0.296916 0.608066 0.0921331 0.00288517 0
 0.311714 0.524322 0.152257 0.0117073 0
 0.15457 0.633149 0.183074 0.0267441 0.00246327
 0.131901 0.49318 0.331252 0.0422183 0.00144891
 0.196976 0.569456 0.194076 0.0375587 0.00193317
 0.518974 0.381816 0.0799577 0.0180837 0.00116848
 0.0928022 0.601141 0.25162 0.0475244 0.00691264
 0.122501 0.610282 0.24278 0.0234846 0.000952079
 0.383417 0.481906 0.127806 0.00687128 0
 0.0376549 0.599619 0.316969 0.0457579 0
 0.0361596 0.667082 0.258105 0.0386534 0
 0.158088 0.579412 0.248529 0.0139706 0
 0.0477256 0.309471 0.559284 0.082774 0.000745712
 0.0406174 0.521527 0.379366 0.0568643 0.0016247
pf_pred 
 0.340677 0.46376 0.174741 0.0208132 9.4035e-06
 0.326849 0.510128 0.114669 0.0432062 0.00514857
 0.187059 0.602152 0.15974 0.0359071 0.0151417
 0.317185 0.40674 0.204491 0.0542478 0.0173362
 0.337305 0.469331 0.115183 0.0579092 0.0202716
 0.18185 0.588438 0.162685 0.0399263 0.0271
 0.278151 0.395056 0.235039 0.0649813 0.0267723
 0.220554 0.522022 0.140884 0.0838194 0.032721
 0.25602 0.454316 0.193998 0.0523565 0.0433097
 0.22781 0.508686 0.16091 0.0687104 0.0338831
 0.121668 0.542395 0.221301 0.0700031 0.0446328
 0.118069 0.402463 0.296085 0.120805 0.0625779
 0.203478 0.353906 0.201985 0.148596 0.0920345
 0.182156 0.51534 0.134407 0.0767099 0.091387
 0.259729 0.48326 0.161948 0.0422378 0.0528251
 0.342227 0.486474 0.111826 0.0374746 0.0219975
 0.23087 0.582213 0.13824 0.0317773 0.0169
 0.242512 0.477283 0.212108 0.0503627 0.0177338
 0.230471 0.488873 0.176837 0.0785879 0.0252303
 0.302847 0.43 0.169719 0.0613915 0.0360419
 0.197724 0.562922 0.147633 0.0582699 0.033452
pobs_RECLAS
 0 0 0 0 0
 0 0 0 0 0
 0 0 0 0 0
 0 0 0 0 0
 0.835266 0.146461 0.0176864 0.000547809 3.91292e-05
 0.385257 0.428462 0.181853 0.0044286 0
 0.867414 0.0963971 0.0333333 0.00285562 0
 0.441836 0.489002 0.0689373 0.000224442 0
 0.779404 0.147425 0.0564933 0.0165055 0.000172143
 0.814271 0.122319 0.05973 0.00367925 0
 0.40263 0.566651 0.0304383 0.000280538 0
 0.475488 0.404961 0.113038 0.00651328 0
 0.955842 0.0263864 0.0167828 0.000988607 0
 0.975058 0.0227948 0.00214734 0 0
 0.738997 0.206755 0.0527124 0.00153531 0
 0.850938 0.134255 0.0134407 0.00136685 0
 0.542534 0.407297 0.0501686 0 0
 0.764087 0.199537 0.0359546 0.000420521 0
 0.470689 0.182191 0.310203 0.0369168 0
 0.84361 0.089868 0.0606195 0.00523954 0.000663233
 0.607945 0.314616 0.071237 0.00620181 0
ppred_RECLAS
 0.725744 0.192908 0.0726862 0.00865757 3.91153e-06
 0.712246 0.218066 0.0490178 0.0184695 0.00220087
 0.543324 0.338264 0.0897352 0.0201711 0.00850595
 0.699656 0.178909 0.0899479 0.0238615 0.00762553
 0.717648 0.199966 0.0490757 0.0246732 0.00863706
 0.528366 0.339213 0.0937822 0.0230161 0.0156222
 0.659173 0.186529 0.110976 0.0306815 0.0126408
 0.588452 0.275628 0.0743868 0.0442566 0.0172767
 0.635281 0.222718 0.0951031 0.0256666 0.0212316
 0.598102 0.264754 0.0837482 0.0357614 0.017635
 0.415029 0.361236 0.147387 0.0466222 0.0297255
 0.406205 0.270974 0.199351 0.0813366 0.042133
 0.570956 0.19063 0.108798 0.0800409 0.049574
 0.549696 0.283746 0.0740043 0.0422364 0.0503176
 0.655647 0.224799 0.0753335 0.0196479 0.0245727
 0.726744 0.202094 0.0464556 0.0155679 0.00913835
 0.603469 0.300165 0.0712707 0.0163831 0.00871294
 0.617404 0.241069 0.107133 0.0254375 0.00895711
 0.601145 0.253388 0.0916567 0.040733 0.0130772
 0.686341 0.193463 0.0763591 0.0276209 0.0162158
 0.552663 0.313876 0.0823176 0.0324904 0.0186523
pobs_PELACES
 0 0 0 0 0
 0 0 0 0 0
 0 0 0 0 0
 0 0 0 0 0
 0 0 0 0 0
 0 0 0 0 0
 0 0 0 0 0
 0 0 0 0 0
 0 0 0 0 0
 0 0 0 0 0
 0.450072 0.473896 0.0757376 0.000293798 0
 0 0 0 0 0
 0.463077 0.371075 0.160297 0.00555027 0
 0.529543 0.364841 0.0842815 0.0213345 0
 0.631943 0.363953 0.00410389 0 0
 0.735681 0.248677 0.0153453 0.000297389 0
 0.695825 0.281241 0.0229344 0 0
 0.275771 0.60734 0.115278 0.00161068 0
 0 0 0 0 0
 0.896147 0.0623911 0.0374545 0.00400742 0
 0.803859 0.145111 0.0509908 3.86294e-05 0
ppred_PELACES
 0.747207 0.177811 0.0669978 0.00798003 3.60542e-06
 0.731239 0.203672 0.0457824 0.0172504 0.0020556
 0.578061 0.312534 0.0829095 0.0186368 0.00785895
 0.705321 0.175535 0.0882512 0.0234114 0.00748168
 0.718693 0.199226 0.0488941 0.0245819 0.0086051
 0.540864 0.330225 0.0912971 0.0224062 0.0152082
 0.666162 0.182704 0.1087 0.0300523 0.0123816
 0.603153 0.265782 0.0717296 0.0426757 0.0166596
 0.650856 0.213207 0.0910418 0.0245705 0.0203249
 0.610962 0.256282 0.0810683 0.0346171 0.0170707
 0.442199 0.344458 0.140541 0.0444567 0.0283448
 0.43126 0.259541 0.190939 0.0779046 0.0403552
 0.610345 0.17313 0.0988101 0.0726928 0.0450229
 0.618824 0.240187 0.0626436 0.0357525 0.0425931
 0.712558 0.187647 0.0628832 0.0164007 0.0205116
 0.746957 0.187145 0.0430192 0.0144164 0.00846237
 0.621116 0.286806 0.0680989 0.0156539 0.00832518
 0.629247 0.233607 0.103817 0.0246501 0.00867984
 0.611499 0.24681 0.0892773 0.0396755 0.0127377
 0.696497 0.187199 0.0738866 0.0267266 0.0156907
 0.558899 0.309501 0.0811702 0.0320375 0.0183923
pobs_pel_tallas
 0 0 0 0 0 0 0 0 0 0 0 0 0 0 0 0 0 0 0 0 0 0 0 0 0 0 0 0 0 0 0 0 0 0 0 0
 0 0 0 0 0 0 0 0 0 0 0 0 0 0 0 0 0 0 0 0 0 0 0 0 0 0 0 0 0 0 0 0 0 0 0 0
 0 0 0 0 0 0 0 0 0 0 0 0 0 0 0 0 0 0 0 0 0 0 0 0 0 0 0 0 0 0 0 0 0 0 0 0
 0 0 0 0 0 0 0 0 0 0 0 0 0 0 0 0 0 0 0 0 0 0 0 0 0 0 0 0 0 0 0 0 0 0 0 0
 0 0 0 0 0 0 0 0 0 0 0 0 0 0 0 0 0 0 0 0 0 0 0 0 0 0 0 0 0 0 0 0 0 0 0 0
 0 0 0 0 0 0 0 0 0 0 0 0 0 0 0 0 0 0 0 0 0 0 0 0 0 0 0 0 0 0 0 0 0 0 0 0
 0 0 0 0 0 0 0 0 0 0 0 0 0 0 0 0 0 0 0 0 0 0 0 0 0 0 0 0 0 0 0 0 0 0 0 0
 0 0 0 0 0 0 0 0 0 0 0 0 0 0 0 0 0 0 0 0 0 0 0 0 0 0 0 0 0 0 0 0 0 0 0 0
 0 0 0 0 0 0 0 0 0 0 0 0 0 0 0 0 0 0 0 0 0 0 0 0 0 0 0 0 0 0 0 0 0 0 0 0
 0 0 0 0 0 0 0 0 0 0 0 0 0 0 0 0 0 0 0 0 0 0 0 0 0 0 0 0 0 0 0 0 0 0 0 0
 0 0 0 0 0 0 0 0 1.78061e-05 0.00172719 0.00360574 0.0105946 0.0120993 0.0124554 0.0147524 0.0171206 0.0266825 0.0428682 0.0675386 0.121331 0.153587 0.119568 0.100827 0.0573624 0.0630603 0.0341343 0.0324427 0.0444173 0.0211091 0.0280891 0.0125444 0.00206551 0 0 0 0
 0 0 0 0 0 0 0 0 0 0 0 0 0 0 0 0 0 0 0 0 0 0 0 0 0 0 0 0 0 0 0 0 0 0 0 0
 0 0 0 0 0 0 0.0133647 0.0140871 0.0187388 0.0205184 0.03894 0.0496705 0.03968 0.0493445 0.0407372 0.0367815 0.0215668 0.0243155 0.0234873 0.0199281 0.019796 0.0243948 0.0301388 0.0376714 0.0412746 0.0863199 0.0771752 0.113111 0.0741005 0.0525337 0.0229764 0.00759418 0.00175318 0 0 0
 0 0 0 0 0 0 0 0 0 0 0.00219441 0.00772107 0.0458388 0.0604681 0.0671733 0.0775358 0.0609151 0.0617685 0.073594 0.0568108 0.0755445 0.0548602 0.0670107 0.0636378 0.0643287 0.046367 0.0373049 0.0286899 0.0247887 0.0153202 0.00654259 0.00121912 0.000365735 0 0 0
 0 0 0 0 0 0 0 0 0 0 0 0 0.000112435 0.00938835 0.0111873 0.0202946 0.0414886 0.0713402 0.111592 0.104902 0.108894 0.110636 0.117776 0.105296 0.107544 0.0401394 0.0192827 0.0124803 0.00416011 0.0028671 0.000618394 0 0 0 0 0
 0 0 0 0 0 0 0 0 0 0 0.00291406 0.0102884 0.027416 0.0768956 0.0749926 0.110853 0.0956884 0.0897413 0.0766577 0.0534642 0.0500743 0.0551293 0.0594112 0.0620874 0.0668451 0.0424026 0.0208742 0.0120726 0.0048766 0.00582813 0.00118941 0.000297354 0 0 0 0
 0 0.00264628 0.0354308 0.0461629 0.0458689 0.0383711 0.0214643 0.0164657 0.0346957 0.0420465 0.0363128 0.0245516 0.0311673 0.0291091 0.0169068 0.0133784 0.00837989 0.0085269 0.0148486 0.0160247 0.0276389 0.0546898 0.0760071 0.122758 0.109233 0.0665981 0.0333725 0.0166128 0.00676272 0.00308733 0.000882094 0 0 0 0 0
 0 0 0 0 0 0 0 0.000805153 0.000690131 0.00759144 0.0133425 0.0154129 0.00931677 0.000345066 0.00356568 0.00563607 0.00851162 0.0253048 0.0502646 0.0516448 0.0657925 0.0565908 0.0611916 0.0827007 0.0866115 0.110766 0.145733 0.0935128 0.0569358 0.0249597 0.0138026 0.00621118 0.00161031 0.00115022 0 0
 0 0 0 0 0 0 0 0 0 0 0 0 0 0 0 0 0 0 0 0 0 0 0 0 0 0 0 0 0 0 0 0 0 0 0 0
 0.00147267 0.00158595 0.00478618 0.00569244 0.00954404 0.0108468 0.00647125 0.017049 0.0510054 0.094081 0.124002 0.0959785 0.0687766 0.0820023 0.061753 0.0591476 0.0492212 0.0479892 0.0443925 0.0268479 0.0217502 0.0140895 0.0121071 0.0120363 0.00920419 0.00665534 0.0049561 0.00860946 0.00930331 0.0156896 0.0114698 0.00855282 0.00243557 0.00046729 0 2.83206e-05
 0 0 0 0 0.000772559 0.00158375 0.000888443 0.00281984 0.00712685 0.0440552 0.0773331 0.111326 0.0921469 0.0852325 0.0710754 0.0886704 0.0786465 0.0553345 0.0373146 0.0185414 0.00753245 0.00457741 0.012979 0.0271748 0.0457355 0.0583668 0.034881 0.0177882 0.00938659 0.00492506 0.0015258 0.00185414 0.000309023 5.79419e-05 3.86279e-05 0
ppred_pel_tallas
 1.01284e-16 3.26017e-05 0.000191345 0.000909569 0.00350189 0.0109203 0.0275838 0.0564403 0.0935562 0.125644 0.136727 0.120607 0.0863436 0.0504086 0.024498 0.01085 0.00591114 0.00549507 0.00703321 0.00938812 0.0120766 0.0147866 0.0172212 0.0191012 0.0202143 0.0204598 0.0198667 0.0185769 0.0168032 0.0147754 0.012694 0.0107028 0.00888468 0.0072721 0.00586647 0.00465529
 1.01406e-16 3.19064e-05 0.000187261 0.000890147 0.0034271 0.0106871 0.0269948 0.0552352 0.0915595 0.122965 0.133819 0.118057 0.0845521 0.0494315 0.0241512 0.010913 0.00624987 0.00607076 0.00785885 0.010485 0.0134463 0.0163955 0.0189962 0.0209347 0.0219798 0.0220333 0.0211494 0.019513 0.0173872 0.0150486 0.012731 0.0105937 0.00871627 0.00711429 0.00576471 0.00462978
 1.02287e-16 2.52316e-05 0.000148064 0.000703777 0.00270949 0.00844922 0.0213423 0.0436705 0.0723943 0.0972402 0.105861 0.093481 0.0671446 0.039646 0.0201012 0.0103217 0.00763784 0.00886762 0.0120312 0.0161814 0.0207896 0.0253815 0.0294511 0.0325166 0.034219 0.034401 0.0331378 0.0307042 0.0274959 0.0239313 0.0203668 0.0170478 0.0141011 0.0115577 0.00939098 0.00755151
 1.02465e-16 3.07752e-05 0.000180622 0.000858591 0.00330561 0.0103082 0.0260378 0.0532769 0.0883129 0.118604 0.129069 0.113859 0.0815272 0.0476276 0.0232052 0.0103801 0.0058065 0.00554237 0.0071721 0.00962899 0.0124602 0.0153695 0.0180697 0.0202846 0.0217966 0.0224896 0.022367 0.0215373 0.0201759 0.0184762 0.016609 0.0146997 0.0128259 0.0110289 0.00933048 0.00774711
 1.02006e-16 3.13592e-05 0.000184049 0.000874876 0.0033683 0.0105037 0.0265316 0.0542875 0.0899886 0.120855 0.131523 0.116032 0.0831022 0.048585 0.0237401 0.0107322 0.00615517 0.00599015 0.00776647 0.0103784 0.0133362 0.016304 0.0189552 0.0209844 0.0221643 0.0223946 0.0217205 0.0203121 0.0184138 0.0162819 0.0141325 0.0121109 0.0102889 0.00868065 0.00726784 0.00602216
 1.02885e-16 2.36104e-05 0.000138544 0.000658515 0.00253522 0.00790574 0.0199695 0.0408619 0.0677396 0.0909915 0.0990675 0.087505 0.0629016 0.0372401 0.0190653 0.0100907 0.00783717 0.00934192 0.0127569 0.0171844 0.0220999 0.0270121 0.0313898 0.034725 0.0366374 0.0369578 0.03576 0.0333266 0.0300665 0.0264119 0.0227303 0.0192736 0.0161716 0.0134564 0.0111026 0.00906387
 1.03214e-16 2.9068e-05 0.000170599 0.000810936 0.00312213 0.00973604 0.0245925 0.0503198 0.0834118 0.112023 0.121913 0.107558 0.0770411 0.0450591 0.022052 0.0100329 0.00585383 0.00580232 0.00760438 0.0102535 0.0133144 0.016491 0.0194879 0.0220167 0.0238448 0.0248398 0.0249886 0.0243842 0.0231875 0.0215804 0.0197258 0.0177463 0.0157227 0.0137064 0.0117347 0.00984347
 1.0335e-16 2.63238e-05 0.000154481 0.000734291 0.002827 0.00881566 0.0222678 0.0455639 0.0755312 0.101448 0.110428 0.0974801 0.0699434 0.0411506 0.0205909 0.0101289 0.00695413 0.00773059 0.0103949 0.0139882 0.0180195 0.0220821 0.0257505 0.0286192 0.0303826 0.0309008 0.0302244 0.0285665 0.0262373 0.0235626 0.0208158 0.0181804 0.0157466 0.0135341 0.0115253 0.00969387
 1.03156e-16 2.84018e-05 0.000166685 0.000792323 0.00305045 0.00951251 0.0240279 0.0491648 0.0814983 0.109456 0.119127 0.105118 0.0753343 0.0441419 0.0217539 0.0101505 0.0062685 0.00648792 0.00858337 0.0115527 0.0149349 0.0183909 0.0215768 0.0241618 0.0258886 0.026626 0.0263898 0.0253239 0.023651 0.0216123 0.0194155 0.0172076 0.0150719 0.0130443 0.011136 0.00935265
 1.03222e-16 2.6664e-05 0.000156478 0.000743791 0.00286357 0.00892973 0.0225559 0.0461534 0.076508 0.102759 0.111851 0.09873 0.070825 0.0416386 0.0207785 0.0101281 0.00683554 0.00751871 0.0100883 0.0135791 0.0175064 0.0214754 0.0250747 0.0279107 0.0296845 0.0302552 0.029664 0.0281094 0.0258842 0.023299 0.0206171 0.0180182 0.0155957 0.0133767 0.0113527 0.00950613
 1.0496e-16 1.93088e-05 0.000113289 0.000538444 0.00207291 0.00646404 0.0163279 0.0334111 0.0553904 0.074411 0.0810355 0.0716255 0.0515915 0.030755 0.016136 0.0091767 0.00789419 0.00990409 0.0137154 0.0185844 0.0240354 0.0295833 0.034684 0.0388054 0.0415342 0.0426619 0.0422185 0.0404413 0.0376951 0.0343734 0.0308145 0.0272562 0.0238319 0.0205964 0.0175636 0.0147385
 1.07358e-16 1.88284e-05 0.000110476 0.00052509 0.00202152 0.00630381 0.0159231 0.0325822 0.0540141 0.0725562 0.0789997 0.0697887 0.0501871 0.0297557 0.0153177 0.00825488 0.00661308 0.00806125 0.0111657 0.0152575 0.0199672 0.0249463 0.0297977 0.0341151 0.0375555 0.0399007 0.0410849 0.0411778 0.0403376 0.0387522 0.0365924 0.0339902 0.0310434 0.0278342 0.0244507 0.0209973
 1.06061e-16 2.66336e-05 0.000156308 0.000742998 0.00286055 0.00892033 0.0225321 0.0461039 0.0764238 0.102639 0.111703 0.0985556 0.0706061 0.0413218 0.0202732 0.00931154 0.00556097 0.00563055 0.00744813 0.0101032 0.013208 0.0165001 0.0197153 0.0225912 0.0249109 0.0265414 0.0274494 0.0276875 0.02736 0.0265818 0.0254474 0.0240183 0.0223301 0.0204093 0.0182926 0.0160375
 1.04187e-16 2.7006e-05 0.000158488 0.00075335 0.00290039 0.00904454 0.0228459 0.0467465 0.0774906 0.104077 0.113281 0.0999806 0.071697 0.0421008 0.0209153 0.0100392 0.00657468 0.00708985 0.00946792 0.0127397 0.0164335 0.0201788 0.023595 0.0263198 0.0280802 0.0287498 0.0283708 0.0271277 0.0252884 0.0231307 0.0208828 0.0186912 0.0166207 0.014677 0.0128388 0.0110846
 1.02476e-16 3.10912e-05 0.000182476 0.000867403 0.00333954 0.010414 0.026305 0.0538238 0.0892196 0.119822 0.130396 0.115034 0.0823775 0.0481419 0.0234877 0.0105588 0.00597588 0.00575484 0.00744981 0.00997293 0.012852 0.0157708 0.0184228 0.0205191 0.0218401 0.0222815 0.0218724 0.0207565 0.019147 0.0172702 0.015318 0.0134217 0.0116497 0.010022 0.00853267 0.00716953
 1.01563e-16 3.25911e-05 0.000191282 0.000909268 0.00350073 0.0109167 0.0275747 0.0564216 0.0935256 0.125604 0.136685 0.120574 0.0863286 0.0504176 0.0245349 0.0109206 0.00602386 0.00565952 0.00725646 0.00967027 0.0124067 0.0151402 0.0175612 0.0193822 0.0203908 0.0204961 0.0197461 0.018308 0.0164198 0.0143312 0.0122526 0.0103263 0.00862217 0.00715266 0.00589644 0.00482026
 1.01988e-16 2.7108e-05 0.000159082 0.000756164 0.0029112 0.00907825 0.0229311 0.0469213 0.0777816 0.104472 0.113721 0.100393 0.0720457 0.0424118 0.0212663 0.0105324 0.00731725 0.00818396 0.0110005 0.0147652 0.018951 0.0231116 0.0267807 0.0295173 0.0309948 0.0310742 0.029831 0.0275248 0.024526 0.0212245 0.0179508 0.0149304 0.0122768 0.0100135 0.00810865 0.00650939
 1.02803e-16 2.74604e-05 0.000161156 0.000766034 0.00294922 0.00919684 0.0232306 0.0475336 0.0787951 0.105828 0.115185 0.101657 0.0728889 0.0427806 0.0212165 0.0101241 0.00655484 0.00701866 0.00936579 0.0126171 0.0163025 0.0200564 0.0235004 0.0262691 0.0280783 0.0287828 0.028401 0.0270935 0.0251109 0.0227262 0.0201785 0.0176403 0.0152138 0.0129468 0.0108558 0.0089471
 1.03307e-16 2.6687e-05 0.000156615 0.00074444 0.00286608 0.00893754 0.0225756 0.0461937 0.0765745 0.102848 0.111946 0.0988085 0.0708708 0.0416445 0.0207428 0.0100474 0.00670123 0.00731818 0.0098093 0.0132151 0.0170617 0.0209687 0.0245404 0.0273959 0.0292427 0.0299374 0.0295094 0.0281375 0.0260918 0.0236615 0.0210934 0.018559 0.0161514 0.0139046 0.0118213 0.00989709
 1.02762e-16 3.03909e-05 0.000178365 0.000847857 0.00326428 0.0101793 0.0257122 0.0526108 0.0872092 0.117122 0.12746 0.112447 0.080532 0.047078 0.0229964 0.010386 0.0059479 0.00579179 0.00753084 0.0101043 0.0130514 0.0160609 0.0188289 0.0210655 0.0225471 0.0231613 0.0229253 0.0219687 0.02049 0.0187023 0.0167883 0.0148755 0.0130341 0.011292 0.00965502 0.00812491
 1.03214e-16 2.43959e-05 0.000143158 0.000680454 0.00261969 0.00816919 0.0206349 0.0422233 0.0699953 0.0940187 0.102356 0.090391 0.0649361 0.0383643 0.0194927 0.0100779 0.00754342 0.00881801 0.0119912 0.0161486 0.0207778 0.0254155 0.0295655 0.0327542 0.034627 0.0350258 0.0340179 0.0318643 0.0289414 0.0256456 0.0223107 0.0191629 0.0163147 0.0137904 0.0115641 0.00959456
pSPR Fmed_Fpbrs
0.674109   0.337138 0.337138
Fs Fmed_Fpbrs
0.253038   1.005 1.005
SSBpbr Bo_Bmed_Bpbrs
1.29e+06  805101  370409 370409
Ro
49034.4
SPR SPRFo_SPRFmed_SPRFpbrs
1.01297e+06 682851 341510
log_Ro
10.6203
likeval ReclasPelacesDesembMPH_pf_preclas_ppelaces_ptallas_desvR_qrecl_qpela
 60.0627 26.5502 0.0161215 0.00133929 260.985 155.229 57.4724 0 14.205 8.09795e-05 0 0 0 0 0
q_reclas_q_pelaces
0.279382 1
M
0.7
N
 50533.3 15883.5 5984.77 712.839 0.322064
 65292.3 23071.2 5186.06 1954.06 232.851
 39139 30174.8 8004.83 1799.36 758.774
 65534.5 17460.5 8778.39 2328.74 744.206
 113522 31880.2 7824.04 3933.59 1376.99
 81054.5 56152.7 15524.5 3810.03 2586.07
 130580 38743.4 23050.5 6372.76 2625.58
 123246 63322.1 17089.5 10167.4 3969.11
 150376 58428.4 24949.6 6733.43 5569.94
 147678 70922.2 22434.4 9579.76 4724.06
 68363.8 70398.1 28723 9085.78 5792.94
 40019.6 31203.8 22956.1 9366.25 4851.79
 42997.7 18377.9 10488.8 7716.44 4779.24
 23726.8 18865.2 4920.25 2808.13 3345.42
 18552.5 9487.83 3179.51 829.254 1037.11
 23149.5 7539.38 1733.08 580.782 340.918
 19076.7 10620.2 2521.64 579.651 308.274
 21242.3 8952.99 3978.78 944.716 332.655
 22552.8 10152 3672.24 1631.97 523.938
 35768.4 10836.3 4277.05 1547.11 908.284
 29031.5 17131.2 4492.85 1773.31 1018.03
pred_Ctot
 2943.83 4007.41 1509.96 179.849 0.0812569
 3269.71 5103.19 1147.12 432.224 51.505
 2878.53 9266.11 2458.13 552.549 233.005
 961.782 1233.33 620.067 164.492 52.5675
 319.586 444.675 109.132 54.8671 19.2067
 2187.41 7078.09 1956.88 480.258 325.976
 2207.27 3134.96 1865.15 515.659 212.451
 4027.55 9532.69 2572.7 1530.63 597.521
 5450.28 9671.69 4129.92 1114.59 921.996
 4262.87 9518.73 3011.01 1285.74 634.034
 3994.22 17806.2 7265.07 2298.12 1465.24
 2175.19 7414.59 5454.78 2225.59 1152.87
 3627.4 6309.08 3600.77 2649.02 1640.7
 3364.72 9519.17 2482.71 1416.96 1688.07
 2451.76 4561.82 1528.73 398.711 498.651
 1273.82 1810.73 416.234 139.486 81.8781
 755.857 1906.14 452.591 104.037 55.3298
 575.627 1132.88 503.46 119.541 42.093
 526.789 1117.42 404.197 179.628 57.669
 915.533 1299.93 513.076 185.592 108.958
 397.221 1130.89 296.589 117.062 67.2038
F
 0.0840468 0.419308 0.419308 0.419308 0.419308
 0.0718667 0.358542 0.358542 0.358542 0.358542
 0.107179 0.534715 0.534715 0.534715 0.534715
 0.0205933 0.10274 0.10274 0.10274 0.10274
 0.00392132 0.0195634 0.0195634 0.0195634 0.0195634
 0.0381616 0.190387 0.190387 0.190387 0.190387
 0.0237521 0.118499 0.118499 0.118499 0.118499
 0.0463776 0.231377 0.231377 0.231377 0.231377
 0.0515544 0.257204 0.257204 0.257204 0.257204
 0.0408673 0.203886 0.203886 0.203886 0.203886
 0.0843025 0.420584 0.420584 0.420584 0.420584
 0.0782183 0.39023 0.39023 0.39023 0.39023
 0.123831 0.617791 0.617791 0.617791 0.617791
 0.216595 1.08059 1.08059 1.08059 1.08059
 0.200463 1.00011 1.00011 1.00011 1.00011
 0.0792209 0.395232 0.395232 0.395232 0.395232
 0.0564803 0.28178 0.28178 0.28178 0.28178
 0.0383216 0.191186 0.191186 0.191186 0.191186
 0.0329547 0.16441 0.16441 0.16441 0.16441
 0.0361633 0.180418 0.180418 0.180418 0.180418
 0.0191872 0.0957248 0.0957248 0.0957248 0.0957248
YTP_r0W_actual
 4170.82 27819.9 10084 5220.97 3682.77
YTP_p0W_proyectada
 35335.1 143922 114462 39406.1 25764.5
CTP_r0_actual
 397.221 1130.89 296.589 117.062 67.2038
CTP_p0_proyectada
 4157.07 6820.97 3728.41 977.819 560.098
Wmedp
 8.5 21.1 30.7 40.3 46
nmprior
 10.6 11 7 0
nm_flota  nm_reclas  nm_pelaces    nm_pelaL
inf 14.8207 14.6423 14.6423
cv_recla  cv_pelaces  cv_mph
0.775001 0.691306 1.21988
 ------------------------------------------------
Talla a la edad & desviaci?n 
 7.2 14.2025 17.0495 18.207 18.6776
 1.08 2.13037 2.55742 2.73105 2.80164
