    unsorted:	 4.537053256e-06 0.0008999725916 0.007650791763 0.1666996662 10.68642173 28.85672885 35.26931278 84.01758450 83.39362280 67.03404776 142.8177597 228.4355470 264.9803052 551.2492476 397.0876779 513.3876134 687.3903423 769.7609734 827.0537767 829.6176496 962.9026989 1111.707187 1263.047405 1493.426967 1704.695561 1825.976407 2115.041500 2353.397768 2727.461617 2903.247845 3079.209398 3602.744594 4228.940485 4314.885831 4604.980690 4774.983609 13373.27338 223171.8675 428356.2254 437036.6664 394980.7736 376375.5105 341281.0854 275590.4205 492974.1250 523734.7539 586758.1265 639733.4933 710787.2737 830600.8567 996104.8289 1153416.911 1289875.759 1492846.975 1694063.336 1995572.758 2132604.678 2366251.868 2638769.466 28234618.14
      sorted:	 4.537053256e-06 0.0008999725916 0.007650791763 0.1666996662 10.68642173 28.85672885 35.26931278 67.03404776 83.39362280 84.01758450 142.8177597 228.4355470 264.9803052 397.0876779 513.3876134 551.2492476 687.3903423 769.7609734 827.0537767 829.6176496 962.9026989 1111.707187 1263.047405 1493.426967 1704.695561 1825.976407 2115.041500 2353.397768 2727.461617 2903.247845 3079.209398 3602.744594 4228.940485 4314.885831 4604.980690 4774.983609 13373.27338 223171.8675 275590.4205 341281.0854 376375.5105 394980.7736 428356.2254 437036.6664 492974.1250 523734.7539 586758.1265 639733.4933 710787.2737 830600.8567 996104.8289 1153416.911 1289875.759 1492846.975 1694063.336 1995572.758 2132604.678 2366251.868 2638769.466 28234618.14
