    unsorted:	 1.216753900e-05 0.0008999922696 0.007902239340 0.06915124137 8.485220017 25.68795671 32.94222735 110.7123342 66.95959961 82.50292774 134.5970161 224.6614643 257.6150737 388.2680109 531.9229827 499.7964323 670.6935221 754.1981624 800.4617655 828.7314738 917.4858340 1067.724801 1125.639810 1414.090058 1474.729972 1768.838261 1894.456713 2280.714787 2614.299434 2709.137272 2978.955438 3063.743161 3550.714243 4220.867812 4592.020957 4627.569030 4891.843365 10518.80491 213508.4630 426542.9418 397515.3779 438789.6991 376782.4810 341688.7342 472815.8693 274909.0411 525766.8683 565810.6329 621230.9247 716325.0921 824359.5410 911798.1486 1057974.344 1194661.982 1343252.213 1516145.220 1775926.473 1995608.610 2271947.203 2379524.406 2648496.937 29550199.75
      sorted:	 1.216753900e-05 0.0008999922696 0.007902239340 0.06915124137 8.485220017 25.68795671 32.94222735 66.95959961 82.50292774 110.7123342 134.5970161 224.6614643 257.6150737 388.2680109 499.7964323 531.9229827 670.6935221 754.1981624 800.4617655 828.7314738 917.4858340 1067.724801 1125.639810 1414.090058 1474.729972 1768.838261 1894.456713 2280.714787 2614.299434 2709.137272 2978.955438 3063.743161 3550.714243 4220.867812 4592.020957 4627.569030 4891.843365 10518.80491 213508.4630 274909.0411 341688.7342 376782.4810 397515.3779 426542.9418 438789.6991 472815.8693 525766.8683 565810.6329 621230.9247 716325.0921 824359.5410 911798.1486 1057974.344 1194661.982 1343252.213 1516145.220 1775926.473 1995608.610 2271947.203 2379524.406 2648496.937 29550199.75
