years
 1997 1998 1999 2000 2001 2002 2003 2004 2005 2006 2007 2008 2009 2010 2011 2012 2013 2014 2015 2016 2017 2018 2019 2020
reclasobs
 0 0 0 370054 412103 1.49427e+06 250295 1.28982e+06 931140 785840 897777 1.04006e+06 184774 17550 25797 100020 73551 82996 120727 218422 84188 347160 605670 569463
reclaspred
 377875 103885 320170 238078 355900 425411 942669 631044 706203 640604 504180 338151 207718 97131.7 69251.8 71567.6 90246.3 123191 128874 187979 275629 253459 436942 501935
pelacesobs
 0 0 0 0 0 0 0 0 0 2.06254e+06 1.5e+06 0 1.87456e+06 323000 250000 174000 83755 137374 0 501740 490994 745055 786931 1.00524e+06
pelacespred
 1.07646e+06 262584 500478 563215 719784 721811 1.81766e+06 1.51787e+06 1.50205e+06 1.37692e+06 977211 676169 413660 161815 113490 125350 164928 227560 245913 347628 565338 507914 692184 953486
mphobs
 0 0 0 0 0 112323 0 153150 637223 0 255016 313432 73983 77613 109348 50772 0 0 0 0 0 0 0 0
mphpred
 139819 85237.5 105005 130222 140268 222252 336704 398473 342685 347409 325365 229185 141240 74780.5 36566.5 31956.6 39182.2 54376 67223.1 76631 117061 139885 176351 245203
desembarqueobs
 350755 77701 442110 56441 14545 235359 269955 359681 431902 328805 639364 411747 362871 311530 167758 66681 60226 58785 57116 73181 50977 67692 138656 160484
desembarquepred
 350761 77700.9 442105 56442.1 14545.1 235393 269981 359683 431931 328825 639575 411993 363201 311970 167799 66691.8 60243.9 58786.1 57112.3 73179.4 50977.1 67686.3 138653 160483
Reclutas
 51215.1 66021.3 39825.3 65802.4 113387 81562.9 130696 123012 149381 146521 68227.2 40184.3 42992.8 23703.2 18503 23036.5 18975.3 21129.4 23567.5 44523.8 56002.2 71957.2 112407 105815
log_desv_Rt
 -0.0781791 0.175764 -0.329711 0.172443 0.716591 0.387162 0.858657 0.798072 0.992286 0.972958 0.20863 -0.320738 -0.253181 -0.848601 -1.09628 -0.877135 -1.07108 -0.963548 -0.854344 -0.218189 0.0111781 0.261857 0.707911 0.647478
SSB
 690583 420998 518633 643183 692800 1.09773e+06 1.66302e+06 1.9681e+06 1.69256e+06 1.71589e+06 1.60701e+06 1.13197e+06 697600 369349 180606 157837 193525 268569 332023 378489 578180 690906 871017 1.21109e+06
BT
 2.21495e+06 601690 1.13905e+06 1.06833e+06 1.29996e+06 1.47785e+06 3.43856e+06 3.12622e+06 3.08517e+06 2.78331e+06 2.32992e+06 1.59131e+06 1.09865e+06 590798 346354 279663 344754 454506 489643 682280 1.05376e+06 972926 1.33472e+06 1.84037e+06
Ftot
 0.433645 0.362914 0.532882 0.101924 0.0195506 0.190216 0.11861 0.232022 0.258802 0.205698 0.424557 0.393972 0.624561 1.09266 1.01441 0.399723 0.285024 0.193277 0.165287 0.172746 0.0782026 0.101904 0.120719 0.121321
BD_Bspro_t
 0.946767 0.752433 0.712129 0.5897 0.722042 0.843439 0.814794 0.822087 0.774211 0.741388 0.707642 0.559591 0.446088 0.334863 0.217894 0.23328 0.347977 0.512079 0.619557 0.699174 0.794731 0.857871 0.863389 0.863925
BD_Bspro
 0.606086 0.369486 0.455176 0.564485 0.608032 0.963414 1.45954 1.72729 1.48546 1.50594 1.41039 0.993468 0.612244 0.324157 0.158508 0.138525 0.169846 0.235708 0.291398 0.332179 0.507436 0.60637 0.764443 1.0629
BD_Bo
 0.541784 0.330286 0.406884 0.504597 0.543524 0.861202 1.30469 1.54404 1.32787 1.34617 1.26075 0.888067 0.547289 0.289766 0.141691 0.123828 0.151827 0.210701 0.260482 0.296937 0.4536 0.542038 0.68334 0.950136
BD_Brms
 1.89451 1.15494 1.42279 1.76448 1.90059 3.01145 4.56225 5.3992 4.64328 4.7073 4.4086 3.10539 1.91376 1.01325 0.495466 0.433003 0.530908 0.73678 0.910854 1.03833 1.58615 1.8954 2.3895 3.32244
S_f
 0.191308 1 1 1 1
 0.191308 1 1 1 1
 0.191308 1 1 1 1
 0.191308 1 1 1 1
 0.191308 1 1 1 1
 0.191308 1 1 1 1
 0.191308 1 1 1 1
 0.191308 1 1 1 1
 0.191308 1 1 1 1
 0.191308 1 1 1 1
 0.191308 1 1 1 1
 0.191308 1 1 1 1
 0.191308 1 1 1 1
 0.191308 1 1 1 1
 0.191308 1 1 1 1
 0.191308 1 1 1 1
 0.191308 1 1 1 1
 0.191308 1 1 1 1
 0.191308 1 1 1 1
 0.191308 1 1 1 1
 0.191308 1 1 1 1
 0.191308 1 1 1 1
 0.191308 1 1 1 1
 0.191308 1 1 1 1
Scru_reclas
 1 1 1 1 1
 1 1 1 1 1
 1 1 1 1 1
 1 1 1 1 1
 1 1 1 1 1
 1 1 1 1 1
 1 1 1 1 1
 1 1 1 1 1
 1 1 1 1 1
 1 1 1 1 1
 1 1 1 1 1
 1 1 1 1 1
 1 1 1 1 1
 1 1 1 1 1
 1 1 1 1 1
 1 1 1 1 1
 1 1 1 1 1
 1 1 1 1 1
 1 1 1 1 1
 1 1 1 1 1
 1 1 1 1 1
 1 1 1 1 1
 1 1 1 1 1
 1 1 1 1 1
Scru_pelaces
 1 1 1 1 1
 1 1 1 1 1
 1 1 1 1 1
 1 1 1 1 1
 1 1 1 1 1
 1 1 1 1 1
 1 1 1 1 1
 1 1 1 1 1
 1 1 1 1 1
 1 1 1 1 1
 1 1 1 1 1
 1 1 1 1 1
 1 1 1 1 1
 1 1 1 1 1
 1 1 1 1 1
 1 1 1 1 1
 1 1 1 1 1
 1 1 1 1 1
 1 1 1 1 1
 1 1 1 1 1
 1 1 1 1 1
 1 1 1 1 1
 1 1 1 1 1
 1 1 1 1 1
pf_obs 
 0.256992 0.487395 0.22802 0.0275931 0
 0.321318 0.546541 0.124235 0.00734118 0.000564706
 0.182869 0.594174 0.210203 0.0122559 0.00049798
 0.330522 0.361315 0.267642 0.0388342 0.00168674
 0.649043 0.306663 0.0425973 0.00169635 0
 0.582887 0.30429 0.105238 0.00758474 0
 0.465427 0.430635 0.0974691 0.00646863 0
 0.296916 0.608066 0.0921331 0.00288517 0
 0.311714 0.524322 0.152257 0.0117073 0
 0.15457 0.633149 0.183074 0.0267441 0.00246327
 0.131901 0.49318 0.331252 0.0422183 0.00144891
 0.196976 0.569456 0.194076 0.0375587 0.00193317
 0.518974 0.381816 0.0799577 0.0180837 0.00116848
 0.0928022 0.601141 0.25162 0.0475244 0.00691264
 0.122501 0.610282 0.24278 0.0234846 0.000952079
 0.383417 0.481906 0.127806 0.00687128 0
 0.0376549 0.599619 0.316969 0.0457579 0
 0.0361596 0.667082 0.258105 0.0386534 0
 0.158088 0.579412 0.248529 0.0139706 0
 0.0477256 0.309471 0.559284 0.082774 0.000745712
 0.0406174 0.521527 0.379366 0.0568643 0.0016247
 0.151134 0.462217 0.34131 0.0453401 0
 0.294876 0.26143 0.354403 0.0886775 0.000613685
 0.281977 0.475581 0.204845 0.0348837 0.00271318
pf_pred 
 0.340857 0.46395 0.17444 0.0207413 1.09153e-05
 0.319467 0.522681 0.111108 0.0417752 0.00496977
 0.181509 0.608898 0.160977 0.0342193 0.0143967
 0.304254 0.416381 0.207827 0.0549443 0.0165935
 0.324703 0.476353 0.119061 0.0594268 0.0204557
 0.175751 0.591126 0.164444 0.0411017 0.0275766
 0.268115 0.401635 0.236845 0.0658875 0.0275172
 0.21201 0.527176 0.143127 0.0844022 0.0332857
 0.246113 0.459957 0.196643 0.0533881 0.0438991
 0.219163 0.513683 0.162994 0.0696842 0.0344755
 0.117476 0.544713 0.222234 0.0705158 0.0450624
 0.114481 0.406497 0.295662 0.120625 0.0627342
 0.196982 0.359874 0.203425 0.14796 0.0917593
 0.176322 0.521441 0.135448 0.0765646 0.0902247
 0.251856 0.491624 0.162394 0.0421831 0.0519437
 0.331604 0.496643 0.112863 0.0372809 0.0216088
 0.222663 0.588895 0.14002 0.0318196 0.0166029
 0.23415 0.483054 0.214241 0.0509394 0.0176162
 0.231046 0.488957 0.176605 0.078327 0.0250641
 0.33416 0.418683 0.157161 0.0567645 0.0332319
 0.275784 0.535581 0.118615 0.0445242 0.0254963
 0.259703 0.498568 0.178767 0.0395913 0.0233715
 0.296328 0.462754 0.162251 0.0581769 0.0204903
 0.213148 0.55026 0.155589 0.0545528 0.0264498
pobs_RECLAS
 0 0 0 0 0
 0 0 0 0 0
 0 0 0 0 0
 0 0 0 0 0
 0.835266 0.146461 0.0176864 0.000547809 3.91292e-05
 0.385257 0.428462 0.181853 0.0044286 0
 0.867414 0.0963971 0.0333333 0.00285562 0
 0.441836 0.489002 0.0689373 0.000224442 0
 0.779404 0.147425 0.0564933 0.0165055 0.000172143
 0.814271 0.122319 0.05973 0.00367925 0
 0.40263 0.566651 0.0304383 0.000280538 0
 0.475488 0.404961 0.113038 0.00651328 0
 0.955842 0.0263864 0.0167828 0.000988607 0
 0.975058 0.0227948 0.00214734 0 0
 0.738997 0.206755 0.0527124 0.00153531 0
 0.850938 0.134255 0.0134407 0.00136685 0
 0.542534 0.407297 0.0501686 0 0
 0.764087 0.199537 0.0359546 0.000420521 0
 0.470689 0.182191 0.310203 0.0369168 0
 0.84361 0.089868 0.0606195 0.00523954 0.000663233
 0.607945 0.314616 0.071237 0.00620181 0
 0.523733 0.453247 0.0230204 0 0
 0.530135 0.295979 0.169645 0.0042399 0
 0.562478 0.366248 0.0663022 0.0049721 0
ppred_RECLAS
 0.735355 0.186275 0.0700374 0.00832758 4.38246e-06
 0.714989 0.218902 0.0465324 0.0174957 0.00208137
 0.545774 0.337911 0.0893351 0.0189902 0.00798952
 0.696762 0.181478 0.0905808 0.0239473 0.00723221
 0.715563 0.200641 0.0501488 0.0250307 0.008616
 0.52966 0.337313 0.0938366 0.0234538 0.015736
 0.658308 0.187509 0.110575 0.0307606 0.0128468
 0.58758 0.275914 0.0749099 0.0441745 0.0174211
 0.633935 0.223341 0.0954841 0.0259236 0.0213161
 0.597389 0.264863 0.0840422 0.0359302 0.0177761
 0.416821 0.35995 0.146854 0.0465974 0.0297776
 0.409159 0.271225 0.197273 0.0804842 0.0418578
 0.572692 0.191499 0.108248 0.0787334 0.0488277
 0.551984 0.283622 0.0736732 0.0416451 0.0490751
 0.657381 0.225143 0.0743696 0.0193181 0.0237881
 0.726678 0.203089 0.0461521 0.015245 0.00883633
 0.60352 0.300366 0.0714169 0.0162296 0.0084683
 0.617594 0.2412 0.106975 0.0254352 0.00879615
 0.613075 0.246035 0.0888649 0.0394128 0.0126118
 0.725854 0.172384 0.0647076 0.0233716 0.0136826
 0.666478 0.24665 0.0546254 0.0205046 0.0117418
 0.64829 0.236866 0.0849308 0.0188095 0.0111036
 0.688956 0.204551 0.0717198 0.0257159 0.00905731
 0.587604 0.288396 0.0815456 0.0285916 0.0138626
pobs_PELACES
 0 0 0 0 0
 0 0 0 0 0
 0 0 0 0 0
 0 0 0 0 0
 0 0 0 0 0
 0 0 0 0 0
 0 0 0 0 0
 0 0 0 0 0
 0 0 0 0 0
 0 0 0 0 0
 0.450072 0.473896 0.0757376 0.000293798 0
 0 0 0 0 0
 0.463077 0.371075 0.160297 0.00555027 0
 0.529543 0.364841 0.0842815 0.0213345 0
 0.631943 0.363953 0.00410389 0 0
 0.735681 0.248677 0.0153453 0.000297389 0
 0.695825 0.281241 0.0229344 0 0
 0.275771 0.60734 0.115278 0.00161068 0
 0 0 0 0 0
 0.896147 0.0623911 0.0374545 0.00400742 0
 0.803859 0.145111 0.0509908 3.86294e-05 0
 0.739449 0.233085 0.0266225 0.000797448 4.60066e-05
 0.878498 0.100942 0.0204185 0.000141795 0
 0.694673 0.275183 0.0284847 0.00165964 0
ppred_PELACES
 0.757256 0.17086 0.0642416 0.00763844 4.0198e-06
 0.734308 0.204064 0.0433784 0.0163098 0.00194029
 0.580742 0.311897 0.0824578 0.0175283 0.00737446
 0.702478 0.178057 0.0888733 0.0234959 0.00709588
 0.716624 0.199893 0.0499618 0.0249374 0.00858387
 0.542285 0.32826 0.0913179 0.0228243 0.0153136
 0.665392 0.183622 0.108282 0.0301229 0.0125805
 0.6025 0.265933 0.0722 0.0425765 0.0167909
 0.64981 0.213656 0.0913434 0.0247995 0.0203917
 0.610518 0.256225 0.0813015 0.0347585 0.0171964
 0.444595 0.342808 0.13986 0.0443782 0.0283594
 0.434798 0.259456 0.188713 0.0769918 0.0400415
 0.6129 0.17348 0.0980625 0.0713249 0.0442332
 0.622527 0.238964 0.0620729 0.0350878 0.0413479
 0.715523 0.186937 0.0617492 0.0160399 0.0197513
 0.747345 0.187732 0.0426622 0.0140922 0.00816815
 0.62157 0.286691 0.0681656 0.0154907 0.00808277
 0.629699 0.233564 0.103589 0.02463 0.0085177
 0.623485 0.239416 0.0864741 0.0383525 0.0122725
 0.734932 0.166676 0.062565 0.0225977 0.0132295
 0.671101 0.243231 0.0538682 0.0202204 0.011579
 0.654466 0.232707 0.0834395 0.0184793 0.0109087
 0.695817 0.200039 0.0701378 0.0251486 0.00885752
 0.595427 0.282926 0.0799987 0.0280492 0.0135996
pobs_pel_tallas
 0 0 0 0 0 0 0 0 0 0 0 0 0 0 0 0 0 0 0 0 0 0 0 0 0 0 0 0 0 0 0 0 0 0 0 0
 0 0 0 0 0 0 0 0 0 0 0 0 0 0 0 0 0 0 0 0 0 0 0 0 0 0 0 0 0 0 0 0 0 0 0 0
 0 0 0 0 0 0 0 0 0 0 0 0 0 0 0 0 0 0 0 0 0 0 0 0 0 0 0 0 0 0 0 0 0 0 0 0
 0 0 0 0 0 0 0 0 0 0 0 0 0 0 0 0 0 0 0 0 0 0 0 0 0 0 0 0 0 0 0 0 0 0 0 0
 0 0 0 0 0 0 0 0 0 0 0 0 0 0 0 0 0 0 0 0 0 0 0 0 0 0 0 0 0 0 0 0 0 0 0 0
 0 0 0 0 0 0 0 0 0 0 0 0 0 0 0 0 0 0 0 0 0 0 0 0 0 0 0 0 0 0 0 0 0 0 0 0
 0 0 0 0 0 0 0 0 0 0 0 0 0 0 0 0 0 0 0 0 0 0 0 0 0 0 0 0 0 0 0 0 0 0 0 0
 0 0 0 0 0 0 0 0 0 0 0 0 0 0 0 0 0 0 0 0 0 0 0 0 0 0 0 0 0 0 0 0 0 0 0 0
 0 0 0 0 0 0 0 0 0 0 0 0 0 0 0 0 0 0 0 0 0 0 0 0 0 0 0 0 0 0 0 0 0 0 0 0
 0 0 0 0 0 0 0 0 0 0 0 0 0 0 0 0 0 0 0 0 0 0 0 0 0 0 0 0 0 0 0 0 0 0 0 0
 0 0 0 0 0 0 0 0 1.78061e-05 0.00172719 0.00360574 0.0105946 0.0120993 0.0124554 0.0147524 0.0171206 0.0266825 0.0428682 0.0675386 0.121331 0.153587 0.119568 0.100827 0.0573624 0.0630603 0.0341343 0.0324427 0.0444173 0.0211091 0.0280891 0.0125444 0.00206551 0 0 0 0
 0 0 0 0 0 0 0 0 0 0 0 0 0 0 0 0 0 0 0 0 0 0 0 0 0 0 0 0 0 0 0 0 0 0 0 0
 0 0 0 0 0 0 0.0133647 0.0140871 0.0187388 0.0205184 0.03894 0.0496705 0.03968 0.0493445 0.0407372 0.0367815 0.0215668 0.0243155 0.0234873 0.0199281 0.019796 0.0243948 0.0301388 0.0376714 0.0412746 0.0863199 0.0771752 0.113111 0.0741005 0.0525337 0.0229764 0.00759418 0.00175318 0 0 0
 0 0 0 0 0 0 0 0 0 0 0.00219441 0.00772107 0.0458388 0.0604681 0.0671733 0.0775358 0.0609151 0.0617685 0.073594 0.0568108 0.0755445 0.0548602 0.0670107 0.0636378 0.0643287 0.046367 0.0373049 0.0286899 0.0247887 0.0153202 0.00654259 0.00121912 0.000365735 0 0 0
 0 0 0 0 0 0 0 0 0 0 0 0 0.000112435 0.00938835 0.0111873 0.0202946 0.0414886 0.0713402 0.111592 0.104902 0.108894 0.110636 0.117776 0.105296 0.107544 0.0401394 0.0192827 0.0124803 0.00416011 0.0028671 0.000618394 0 0 0 0 0
 0 0 0 0 0 0 0 0 0 0 0.00291406 0.0102884 0.027416 0.0768956 0.0749926 0.110853 0.0956884 0.0897413 0.0766577 0.0534642 0.0500743 0.0551293 0.0594112 0.0620874 0.0668451 0.0424026 0.0208742 0.0120726 0.0048766 0.00582813 0.00118941 0.000297354 0 0 0 0
 0 0.00264628 0.0354308 0.0461629 0.0458689 0.0383711 0.0214643 0.0164657 0.0346957 0.0420465 0.0363128 0.0245516 0.0311673 0.0291091 0.0169068 0.0133784 0.00837989 0.0085269 0.0148486 0.0160247 0.0276389 0.0546898 0.0760071 0.122758 0.109233 0.0665981 0.0333725 0.0166128 0.00676272 0.00308733 0.000882094 0 0 0 0 0
 0 0 0 0 0 0 0 0.000805153 0.000690131 0.00759144 0.0133425 0.0154129 0.00931677 0.000345066 0.00356568 0.00563607 0.00851162 0.0253048 0.0502646 0.0516448 0.0657925 0.0565908 0.0611916 0.0827007 0.0866115 0.110766 0.145733 0.0935128 0.0569358 0.0249597 0.0138026 0.00621118 0.00161031 0.00115022 0 0
 0 0 0 0 0 0 0 0 0 0 0 0 0 0 0 0 0 0 0 0 0 0 0 0 0 0 0 0 0 0 0 0 0 0 0 0
 0.00147267 0.00158595 0.00478618 0.00569244 0.00954404 0.0108468 0.00647125 0.017049 0.0510054 0.094081 0.124002 0.0959785 0.0687766 0.0820023 0.061753 0.0591476 0.0492212 0.0479892 0.0443925 0.0268479 0.0217502 0.0140895 0.0121071 0.0120363 0.00920419 0.00665534 0.0049561 0.00860946 0.00930331 0.0156896 0.0114698 0.00855282 0.00243557 0.00046729 0 2.83206e-05
 0 0 0 0 0.000772559 0.00158375 0.000888443 0.00281984 0.00712685 0.0440552 0.0773331 0.111326 0.0921469 0.0852325 0.0710754 0.0886704 0.0786465 0.0553345 0.0373146 0.0185414 0.00753245 0.00457741 0.012979 0.0271748 0.0457355 0.0583668 0.034881 0.0177882 0.00938659 0.00492506 0.0015258 0.00185414 0.000309023 5.79419e-05 3.86279e-05 0
 0 0.00173294 0.00326652 0 0.00397197 0.00683976 0.00946217 0.0152591 0.00757587 0.0136028 0.0228656 0.0392903 0.0559909 0.0764795 0.0681675 0.0726916 0.0566044 0.0477403 0.0527397 0.0444891 0.0609904 0.0582453 0.0661739 0.0445044 0.0529084 0.0360697 0.0280645 0.0235558 0.0158879 0.00826598 0.00280645 0.00217768 0.000904811 0.00058276 9.20147e-05 0
 0 0 0 0 0 0 0 0 0 0 0 0 0 0 0 0 0 0 0 0 0 0 0 0 0 0 0 0 0 0 0 0 0 0 0 0
 0 0 0 0 0 0 0 0 0 0 0 0 0 0 0 0 0 0 0 0 0 0 0 0 0 0 0 0 0 0 0 0 0 0 0 0
ppred_pel_tallas
 1.01231e-16 3.30396e-05 0.000193917 0.000921795 0.00354896 0.0110671 0.0279547 0.0571989 0.0948135 0.127332 0.138562 0.12222 0.0874858 0.0510511 0.0247646 0.0108904 0.00582254 0.00531517 0.00676438 0.00902067 0.0116022 0.0142051 0.0165433 0.0183484 0.0194164 0.0196506 0.0190789 0.0178381 0.0161325 0.0141832 0.0121829 0.0102699 0.00852358 0.00697524 0.00562606 0.00446388
 1.01334e-16 3.20402e-05 0.000188047 0.000893882 0.00344148 0.0107319 0.027108 0.0554669 0.0919436 0.123481 0.13438 0.118552 0.0849052 0.0496358 0.0242468 0.010949 0.00625987 0.00607062 0.00785306 0.0104727 0.013424 0.0163585 0.0189385 0.0208503 0.021863 0.0218799 0.0209578 0.0192847 0.0171272 0.0147648 0.0124339 0.0102947 0.00842675 0.00684418 0.00552165 0.0044186
 1.0222e-16 2.53485e-05 0.00014875 0.00070704 0.00272205 0.00848839 0.0214412 0.043873 0.0727298 0.0976907 0.10635 0.0939123 0.0674516 0.0398216 0.0201797 0.0103448 0.00763353 0.00884839 0.0119999 0.0161368 0.0207296 0.0253041 0.0293549 0.0324012 0.0340846 0.0342486 0.0329691 0.0305211 0.0273011 0.023728 0.0201587 0.0168392 0.0138966 0.0113623 0.00920905 0.0073868
 1.02459e-16 3.06514e-05 0.000179895 0.000855132 0.00329229 0.0102667 0.0259329 0.0530623 0.0879573 0.118126 0.12855 0.113403 0.081205 0.0474477 0.023133 0.0103741 0.00584008 0.0056059 0.00726585 0.00975625 0.0126232 0.0155674 0.0182975 0.0205335 0.0220547 0.0227439 0.0226053 0.0217499 0.0203565 0.0186225 0.0167219 0.0147825 0.0128832 0.0110656 0.00935147 0.00775658
 1.02033e-16 3.1269e-05 0.000183519 0.000872358 0.00335861 0.0104735 0.0264553 0.0541313 0.0897297 0.120508 0.131145 0.115699 0.0828657 0.0484503 0.0236808 0.0107168 0.00616219 0.0060106 0.00779875 0.0104239 0.0133969 0.0163813 0.0190497 0.0210957 0.0222907 0.0225334 0.0218685 0.0204657 0.0185691 0.0164354 0.0142806 0.0122503 0.010417 0.00879523 0.00736754 0.00610642
 1.02904e-16 2.36723e-05 0.000138908 0.000660243 0.00254187 0.00792649 0.0200219 0.0409692 0.0679172 0.0912299 0.0993263 0.087732 0.0630613 0.0373277 0.0190973 0.0100871 0.00780991 0.00929467 0.0126884 0.0170925 0.0219836 0.0268732 0.0312333 0.0345589 0.0364719 0.0368034 0.0356262 0.0332203 0.0299912 0.0263676 0.0227138 0.0192799 0.0161946 0.01349 0.0111414 0.0091038
 1.0322e-16 2.90345e-05 0.000170402 0.00081 0.00311852 0.0097248 0.0245641 0.0502617 0.0833155 0.111894 0.121772 0.107434 0.0769543 0.045011 0.0220336 0.0100332 0.00586577 0.00582365 0.00763534 0.010295 0.0133668 0.0165533 0.0195579 0.0220908 0.0239188 0.0249091 0.0250496 0.0244343 0.0232261 0.0216081 0.0197446 0.0177586 0.0157311 0.013713 0.011741 0.00985029
 1.0336e-16 2.62953e-05 0.000154313 0.000733496 0.00282393 0.00880612 0.0222437 0.0455146 0.0754495 0.101339 0.110308 0.097375 0.0698686 0.0411078 0.0205719 0.0101235 0.00695555 0.00773588 0.0104035 0.0140005 0.0180362 0.0221037 0.0257775 0.0286516 0.0304203 0.0309433 0.0302708 0.0286157 0.0262879 0.0236134 0.0208655 0.0182276 0.0157902 0.0135733 0.0115595 0.00972279
 1.03172e-16 2.83562e-05 0.000166417 0.00079105 0.00304555 0.00949722 0.0239893 0.0490858 0.0813673 0.109281 0.118936 0.10495 0.0752149 0.0440741 0.0217245 0.0101436 0.00627347 0.00650033 0.00860251 0.0115793 0.0149698 0.0184347 0.0216293 0.0242221 0.0259553 0.0266973 0.0264639 0.0253989 0.0237253 0.0216845 0.0194847 0.0172727 0.0151322 0.0130992 0.0111848 0.00939509
 1.03236e-16 2.66446e-05 0.000156365 0.000743251 0.00286149 0.00892325 0.0225395 0.0461199 0.0764524 0.102685 0.11177 0.0986585 0.0707739 0.041609 0.0207646 0.0101228 0.00683393 0.00751846 0.0100887 0.0135803 0.0175087 0.0214796 0.0250815 0.027921 0.0296993 0.0302751 0.0296895 0.0281404 0.0259203 0.0233394 0.0206604 0.0180629 0.0156402 0.0134195 0.0113924 0.00954185
 1.04948e-16 1.94132e-05 0.000113902 0.000541358 0.00208413 0.00649903 0.0164163 0.033592 0.05569 0.0748133 0.0814727 0.0720098 0.0518637 0.0309082 0.0161996 0.00918637 0.00787315 0.00986132 0.0136514 0.018497 0.0239226 0.0294449 0.0345226 0.038626 0.041344 0.0424689 0.0420305 0.0402648 0.0375348 0.0342318 0.0306923 0.0271528 0.0237457 0.0205257 0.0175066 0.0146933
 1.0728e-16 1.89827e-05 0.000111382 0.000529395 0.00203809 0.0063555 0.0160537 0.0328493 0.0544569 0.0731507 0.0796464 0.0703583 0.0505933 0.0299895 0.015425 0.00829148 0.00661703 0.00804992 0.0111436 0.0152232 0.0199171 0.0248759 0.0297023 0.0339903 0.0373978 0.0397082 0.0408578 0.0409189 0.0400523 0.0384482 0.0362793 0.0336783 0.0307429 0.0275542 0.0241981 0.0207768
 1.05967e-16 2.6745e-05 0.000156962 0.000746108 0.00287253 0.00895767 0.0226264 0.0462969 0.0767437 0.103069 0.11217 0.0989676 0.0709004 0.0414923 0.0203536 0.00934273 0.00557138 0.00563373 0.00744833 0.0101003 0.0131996 0.0164827 0.0196842 0.0225411 0.0248363 0.0264375 0.0273127 0.0275169 0.0271569 0.0263504 0.0251944 0.0237523 0.0220605 0.0201456 0.0180433 0.0158096
 1.04097e-16 2.71674e-05 0.000159436 0.000757856 0.00291774 0.00909865 0.0229826 0.0470262 0.0779541 0.104699 0.113958 0.100576 0.0721205 0.0423422 0.0210218 0.0100677 0.00656364 0.00705576 0.00941417 0.0126645 0.0163338 0.0200527 0.0234418 0.0261406 0.0278774 0.0285269 0.0281316 0.0268761 0.0250279 0.0228649 0.0206154 0.0184263 0.0163626 0.0144307 0.0126089 0.0108752
 1.02412e-16 3.12204e-05 0.000183235 0.000871011 0.00335343 0.0104573 0.0264144 0.0540477 0.0895908 0.12032 0.130938 0.115511 0.0827169 0.0483359 0.0235742 0.0105838 0.00597032 0.00573229 0.00741322 0.00992081 0.0127818 0.01568 0.01831 0.0203837 0.0216828 0.022104 0.0216773 0.020547 0.018927 0.017044 0.0150905 0.0131979 0.0114345 0.00982019 0.0083483 0.00700551
 1.01533e-16 3.26081e-05 0.000191382 0.000909741 0.00350255 0.0109224 0.0275891 0.056451 0.0935743 0.125669 0.136756 0.120637 0.0863743 0.0504453 0.0245502 0.0109305 0.00603346 0.00567187 0.00727305 0.00969157 0.0124322 0.0151684 0.0175896 0.0194072 0.0204083 0.0205023 0.0197378 0.0182834 0.0163786 0.0142748 0.012184 0.0102492 0.00854075 0.00707106 0.00581826 0.00474831
 1.01972e-16 2.71277e-05 0.000159198 0.000756716 0.00291333 0.00908488 0.0229478 0.0469555 0.0778383 0.104548 0.113804 0.100466 0.0720976 0.0424415 0.0212797 0.0105363 0.00731663 0.0081809 0.0109956 0.0147582 0.0189416 0.0230997 0.026766 0.0294997 0.0309745 0.0310511 0.0298052 0.0274964 0.0244951 0.0211913 0.0179156 0.0148937 0.0122394 0.00997616 0.00807246 0.00647527
 1.02791e-16 2.74802e-05 0.000161272 0.000766585 0.00295134 0.00920344 0.0232473 0.0475678 0.0788517 0.105904 0.115268 0.101729 0.0729407 0.0428104 0.0212301 0.0101285 0.00655496 0.00701666 0.0093622 0.0126118 0.016295 0.0200462 0.023487 0.0262522 0.0280576 0.0287582 0.0283725 0.0270615 0.0250759 0.0226891 0.0201402 0.0176018 0.0151763 0.0129113 0.0108232 0.00891795
 1.03197e-16 2.72094e-05 0.000159682 0.000759024 0.00292223 0.00911266 0.023018 0.0470986 0.0780742 0.104861 0.114134 0.100733 0.0722349 0.042414 0.0210664 0.0101048 0.00661014 0.00712535 0.00951928 0.0128175 0.0165468 0.020335 0.0237974 0.0265647 0.0283532 0.0290236 0.0286048 0.0272705 0.025283 0.0229229 0.02043 0.0179707 0.0156355 0.0134572 0.0114385 0.00957468
 1.02338e-16 3.20659e-05 0.000188201 0.000894623 0.00344435 0.0107409 0.0271306 0.0555128 0.0920186 0.123579 0.134478 0.118619 0.0849117 0.0495556 0.024052 0.0105999 0.00570261 0.00524266 0.00669719 0.00895542 0.011555 0.0142058 0.0166347 0.0185835 0.0198541 0.0203487 0.020086 0.019185 0.0178267 0.0162044 0.0144838 0.0127797 0.0111546 0.00963173 0.0082135 0.00689778
 1.0208e-16 2.92857e-05 0.000171872 0.000816976 0.00314536 0.00980847 0.0247755 0.0506947 0.0840348 0.112865 0.122841 0.108405 0.0777112 0.0455773 0.0225391 0.0106438 0.00673577 0.00707984 0.00936993 0.0125499 0.0161102 0.0196594 0.0228012 0.0251632 0.0264703 0.0266053 0.0256317 0.0237673 0.0213218 0.0186197 0.0159335 0.0134467 0.0112486 0.00935358 0.00773242 0.00634091
 1.02406e-16 2.856e-05 0.000167612 0.000796726 0.00306739 0.00956534 0.0241614 0.0494381 0.0819517 0.110067 0.119795 0.105717 0.0757836 0.0444454 0.0219777 0.0103782 0.00657173 0.00692023 0.00918153 0.0123349 0.0158944 0.0194888 0.0227397 0.0252856 0.0268513 0.0273054 0.0266835 0.0251663 0.0230235 0.020544 0.017977 0.0154973 0.0132014 0.0111239 0.00926315 0.00760513
 1.02339e-16 3.03618e-05 0.000178193 0.000847036 0.00326111 0.0101695 0.0256873 0.05256 0.0871253 0.117011 0.127341 0.112349 0.0804767 0.0470754 0.0230504 0.0105033 0.00614248 0.00608368 0.00794014 0.010644 0.0137199 0.0168366 0.0196677 0.0219033 0.0233072 0.0237658 0.0233075 0.0220841 0.0203223 0.0182646 0.0161188 0.0140296 0.0120757 0.0102848 0.00865613 0.00718031
 1.02828e-16 2.59876e-05 0.000152505 0.000724897 0.00279082 0.00870284 0.0219829 0.044981 0.0745656 0.100153 0.109023 0.0962515 0.0690871 0.0406976 0.0204583 0.0102188 0.00721308 0.00815337 0.0110019 0.0148018 0.0190475 0.0233067 0.0271234 0.0300629 0.0317985 0.0321825 0.0312733 0.0293061 0.0266231 0.0235856 0.0205005 0.0175771 0.0149232 0.0125659 0.0104865 0.00865147
pSPR Fmed_Fpbrs
0.696313   0.335976 0.335976
Fs Fmed_Fpbrs
0.228152   1.005 1.005
SSBpbr Bo_Bmed_Bpbrs
1.27465e+06  823820  364518 364518
Ro
55379.7
SPR SPRFo_SPRFmed_SPRFpbrs
1.13941e+06 793388 382815
log_Ro
10.742
likeval ReclasPelacesDesembMPH_pf_preclas_ppelaces_ptallas_desvR_qrecl_qpela
 64.77 27.0765 0.0175359 0.000187798 304.678 187.929 70.8791 0 15.1227 7.86626e-05 0 0 0 0 0
q_reclas_q_pelaces
0.284563 1
M
0.7
N
 51215.1 15459.9 5812.74 691.146 0.363722
 66021.3 23407.9 4975.88 1870.88 222.568
 39825.3 30586.2 8086.22 1718.91 723.176
 65802.4 17859.9 8914.39 2356.74 711.749
 113387 32045.5 8009.55 3997.79 1376.11
 81562.9 56096 15605.2 3900.42 2616.94
 130696 39055.6 23031.2 6407 2675.81
 123012 63445.4 17225.2 10157.8 4005.92
 149381 58434 24982 6782.55 5577.05
 146521 70597 22400.8 9576.91 4738.07
 68227.2 69952.7 28539.5 9055.73 5786.97
 40184.3 31237.6 22720.4 9269.53 4820.85
 42992.8 18506.2 10461 7608.69 4718.64
 23703.2 18945.2 4921.16 2781.77 3278.08
 18503 9550.35 3154.68 819.454 1009.06
 23036.5 7567.52 1719.73 568.062 329.26
 18975.3 10597.4 2519.71 572.606 298.775
 21129.4 8922.8 3957.39 940.935 325.4
 23567.5 10111.7 3652.21 1619.81 518.326
 44523.8 11339 4256.31 1537.33 900.005
 56002.2 21391.1 4737.47 1778.3 1018.32
 71957.2 27396.9 9823.46 2175.59 1284.3
 112407 35043 12286.8 4405.57 1551.67
 105815 54545.2 15422.9 5407.61 2621.87
pred_Ctot
 2946.35 4010.37 1507.85 179.287 0.0943513
 3197.43 5231.33 1112.04 418.114 49.7407
 2792.28 9367.09 2476.42 526.419 221.474
 914.833 1251.98 624.897 165.207 49.8934
 304.484 446.691 111.647 55.7263 19.182
 2100.57 7065.09 1965.42 491.244 329.594
 2111.51 3163.03 1865.25 518.889 216.708
 3850.8 9575.27 2599.66 1533.02 604.579
 5204.27 9726.18 4158.19 1128.94 928.284
 4075.33 9551.92 3030.87 1295.77 641.07
 3845.69 17831.8 7275.06 2308.41 1475.17
 2107.22 7482.28 5442.17 2220.31 1154.73
 3506.22 6405.66 3620.91 2633.64 1633.29
 3254.49 9624.6 2500.07 1413.21 1665.34
 2373.64 4633.35 1530.5 397.559 489.548
 1225.05 1834.76 416.951 137.728 79.8298
 726.462 1921.34 456.83 103.815 54.1688
 552.781 1140.39 505.78 120.258 41.5882
 528.519 1118.49 403.986 179.173 57.3341
 1042.88 1306.67 490.481 177.156 103.713
 598.575 1162.45 257.447 96.6374 55.3384
 1000.21 1920.16 688.496 152.48 90.0122
 1848.01 2885.9 1011.86 362.813 127.785
 1748.23 4513.2 1276.13 447.439 216.94
F
 0.0829598 0.433645 0.433645 0.433645 0.433645
 0.0694282 0.362914 0.362914 0.362914 0.362914
 0.101945 0.532882 0.532882 0.532882 0.532882
 0.0194989 0.101924 0.101924 0.101924 0.101924
 0.00374017 0.0195506 0.0195506 0.0195506 0.0195506
 0.0363898 0.190216 0.190216 0.190216 0.190216
 0.0226909 0.11861 0.11861 0.11861 0.11861
 0.0443877 0.232022 0.232022 0.232022 0.232022
 0.0495109 0.258802 0.258802 0.258802 0.258802
 0.0393517 0.205698 0.205698 0.205698 0.205698
 0.0812211 0.424557 0.424557 0.424557 0.424557
 0.0753699 0.393972 0.393972 0.393972 0.393972
 0.119483 0.624561 0.624561 0.624561 0.624561
 0.209035 1.09266 1.09266 1.09266 1.09266
 0.194065 1.01441 1.01441 1.01441 1.01441
 0.0764701 0.399723 0.399723 0.399723 0.399723
 0.0545274 0.285024 0.285024 0.285024 0.285024
 0.0369755 0.193277 0.193277 0.193277 0.193277
 0.0316208 0.165287 0.165287 0.165287 0.165287
 0.0330476 0.172746 0.172746 0.172746 0.172746
 0.0149608 0.0782026 0.0782026 0.0782026 0.0782026
 0.0194951 0.101904 0.101904 0.101904 0.101904
 0.0230945 0.120719 0.120719 0.120719 0.120719
 0.0232097 0.121321 0.121321 0.121321 0.121321
YTP_r0W_actual
 13985.8 85750.8 35093.6 16107.8 9545.36
YTP_p0W_proyectada
 51070.5 522467 355235 131854 75980.3
CTP_r0_actual
 1748.23 4513.2 1276.13 447.439 216.94
CTP_p0_proyectada
 6008.29 24761.5 11571.2 3271.81 1651.75
Wmedp
 8.5 21.1 30.7 40.3 46
nmprior
 10.6 11 7 0
nm_flota  nm_reclas  nm_pelaces    nm_pelaL
inf 14.9074 18.9146 34.053
cv_recla  cv_pelaces  cv_mph
0.745098 0.612295 0.444615
 ------------------------------------------------
Talla a la edad & desviaci?n 
 7.2 14.2025 17.0495 18.207 18.6776
 1.08 2.13037 2.55742 2.73105 2.80164
