years
 1997 1998 1999 2000 2001 2002 2003 2004 2005 2006 2007 2008 2009 2010 2011 2012 2013 2014 2015 2016 2017 2018 2019 2020 2021
reclasobs
 0 0 0 370054 412103 1.49427e+06 250295 1.28982e+06 931140 785840 897777 1.04006e+06 184774 17550 25797 100020 73551 82996 120727 218422 84188 347160 605670 569463 516374
reclaspred
 1.30725e+06 179771 232493 106379 248134 254141 560514 454472 624889 1.00015e+06 856424 552363 352802 153574 94258.1 88893.1 100730 120672 106295 177140 292971 256202 431482 496067 417822
pelacesobs
 0 0 0 0 0 0 0 0 0 2.06254e+06 1.5e+06 0 1.87456e+06 323000 250000 174000 83755 137374 0 501740 490994 745055 786931 1.00524e+06 1.33801e+06
pelacespred
 1.0276e+06 344084 112902 112189 232396 177402 547603 444504 612609 980189 745176 496587 327939 113536 69506.1 70564.5 83473.4 102197 90595.3 149944 279686 237731 315591 425616 345209
mphobs
 0 0 0 0 0 112323 0 153150 637223 0 255016 313432 73983 77613 109348 50772 0 0 0 0 0 0 0 0 0
mphpred
 559412 236707 113295 52683 56366.1 133467 155502 197539 207925 292987 469906 333993 190242 106298 45479.3 35299 40066.5 48934 52803.4 52074.3 100505 128926 149070 208807 241458
desembarqueobs
 350755 77701 442110 56441 14545 235359 269955 359681 431902 328805 639364 411747 362871 311530 167758 66681 60226 58785 57116 73181 50977 67692 138656 160484 209506
desembarquepred
 350741 77676.3 441557 56420.4 14544.2 235265 269888 359249 431547 328597 638768 411456 362411 311158 167461 66640.7 60212.5 58751.6 57078.5 73125.7 50966.3 67658.8 138595 160422 209433
Reclutas
 12128.9 20371.6 3006.19 18019.4 55548.1 21306.5 56613 73156.1 104522 204566 58086 27844.3 51645.4 22381.1 14728.1 15650 10710.6 10624.2 9101.72 28697.8 32301.6 33661.7 63282.4 54388.2 3042.25
log_desv_Rt
 -0.756655 -0.238103 -2.15157 -0.360794 0.765004 -0.193232 0.783994 1.04035 1.39715 2.06865 0.80968 0.0743834 0.692157 -0.14403 -0.562489 -0.501776 -0.881013 -0.889106 -1.04378 0.104576 0.222872 0.264117 0.895362 0.743903 -2.13965
SSB
 1.50881e+06 638428 305571 142093 152026 359979 419410 532789 560802 790224 1.2674e+06 900821 513106 286698 122663 95205.9 108065 131981 142418 140451 271075 347729 402060 563179 651244
BT
 2.06376e+06 781024 444170 264774 428144 500477 1.17366e+06 1.18493e+06 1.48828e+06 2.06028e+06 1.88835e+06 1.25876e+06 945242 500435 263855 181112 198196 230358 211782 328369 541053 489698 661602 892618 785479
Ftot
 0.167911 0.300998 1.08199 0.542504 0.0888966 0.633871 0.540449 0.937736 0.870511 0.448557 0.532145 0.496976 0.905017 1.50971 1.65502 0.717606 0.54479 0.424147 0.41301 0.5037 0.166917 0.209886 0.276009 0.266277 0.299444
BD_Bspro_t
 0.974138 0.817498 0.592016 0.264379 0.423817 0.685848 0.548338 0.558718 0.529322 0.564709 0.642876 0.483949 0.353934 0.26654 0.15304 0.149631 0.220264 0.330605 0.403478 0.459271 0.643329 0.74845 0.74238 0.745853 0.717378
BD_Bspro
 2.8387 1.20115 0.574907 0.267336 0.286025 0.677271 0.789086 1.0024 1.0551 1.48674 2.3845 1.69482 0.965368 0.539399 0.230781 0.179122 0.203315 0.248312 0.267947 0.264247 0.510006 0.654224 0.756443 1.05957 1.22526
BD_Bo
 1.61022 0.681341 0.32611 0.151644 0.162245 0.384175 0.447601 0.568601 0.598496 0.84334 1.35259 0.96137 0.547595 0.305969 0.130908 0.101605 0.115328 0.140853 0.15199 0.149891 0.289296 0.371102 0.429085 0.601033 0.695018
BD_Brms
 5.36212 2.2689 1.08596 0.504981 0.540284 1.27932 1.49053 1.89347 1.99302 2.80836 4.50418 3.20141 1.82352 1.01889 0.435931 0.338351 0.384048 0.469046 0.506135 0.499146 0.96337 1.23579 1.42887 2.00147 2.31444
S_f
 0.145692 1 1 1 1
 0.145692 1 1 1 1
 0.145692 1 1 1 1
 0.145692 1 1 1 1
 0.145692 1 1 1 1
 0.145692 1 1 1 1
 0.145692 1 1 1 1
 0.145692 1 1 1 1
 0.145692 1 1 1 1
 0.145692 1 1 1 1
 0.145692 1 1 1 1
 0.145692 1 1 1 1
 0.145692 1 1 1 1
 0.145692 1 1 1 1
 0.145692 1 1 1 1
 0.145692 1 1 1 1
 0.145692 1 1 1 1
 0.145692 1 1 1 1
 0.145692 1 1 1 1
 0.145692 1 1 1 1
 0.145692 1 1 1 1
 0.145692 1 1 1 1
 0.145692 1 1 1 1
 0.145692 1 1 1 1
 0.145692 1 1 1 1
Scru_reclas
 0.939339 1 1 1 1
 0.939339 1 1 1 1
 0.939339 1 1 1 1
 0.939339 1 1 1 1
 0.939339 1 1 1 1
 0.939339 1 1 1 1
 0.939339 1 1 1 1
 0.939339 1 1 1 1
 0.939339 1 1 1 1
 0.939339 1 1 1 1
 0.939339 1 1 1 1
 0.939339 1 1 1 1
 0.939339 1 1 1 1
 0.939339 1 1 1 1
 0.939339 1 1 1 1
 0.939339 1 1 1 1
 0.939339 1 1 1 1
 0.939339 1 1 1 1
 0.939339 1 1 1 1
 0.939339 1 1 1 1
 0.939339 1 1 1 1
 0.939339 1 1 1 1
 0.939339 1 1 1 1
 0.939339 1 1 1 1
 0.939339 1 1 1 1
Scru_pelaces
 1 1 1 1 1
 1 1 1 1 1
 1 1 1 1 1
 1 1 1 1 1
 1 1 1 1 1
 1 1 1 1 1
 1 1 1 1 1
 1 1 1 1 1
 1 1 1 1 1
 1 1 1 1 1
 1 1 1 1 1
 1 1 1 1 1
 1 1 1 1 1
 1 1 1 1 1
 1 1 1 1 1
 1 1 1 1 1
 1 1 1 1 1
 1 1 1 1 1
 1 1 1 1 1
 1 1 1 1 1
 1 1 1 1 1
 1 1 1 1 1
 1 1 1 1 1
 1 1 1 1 1
 1 1 1 1 1
pf_obs 
 0.256992 0.487395 0.22802 0.0275931 0
 0.321318 0.546541 0.124235 0.00734118 0.000564706
 0.182869 0.594174 0.210203 0.0122559 0.00049798
 0.330522 0.361315 0.267642 0.0388342 0.00168674
 0.649043 0.306663 0.0425973 0.00169635 0
 0.582887 0.30429 0.105238 0.00758474 0
 0.465427 0.430635 0.0974691 0.00646863 0
 0.296916 0.608066 0.0921331 0.00288517 0
 0.311714 0.524322 0.152257 0.0117073 0
 0.15457 0.633149 0.183074 0.0267441 0.00246327
 0.131901 0.49318 0.331252 0.0422183 0.00144891
 0.196976 0.569456 0.194076 0.0375587 0.00193317
 0.518974 0.381816 0.0799577 0.0180837 0.00116848
 0.0928022 0.601141 0.25162 0.0475244 0.00691264
 0.122501 0.610282 0.24278 0.0234846 0.000952079
 0.383417 0.481906 0.127806 0.00687128 0
 0.0376549 0.599619 0.316969 0.0457579 0
 0.0361596 0.667082 0.258105 0.0386534 0
 0.158088 0.579412 0.248529 0.0139706 0
 0.0477256 0.309471 0.559284 0.082774 0.000745712
 0.0406174 0.521527 0.379366 0.0568643 0.0016247
 0.151134 0.462217 0.34131 0.0453401 0
 0.294876 0.26143 0.354403 0.0886775 0.000613685
 0.281977 0.475581 0.204845 0.0348837 0.00271318
 0.0841818 0.532909 0.334909 0.0458182 0.00218182
pf_pred 
 0.0310084 0.629272 0.299614 0.0401021 2.80493e-06
 0.0978456 0.17356 0.473156 0.225283 0.0301553
 0.029251 0.449498 0.10028 0.273383 0.147589
 0.399183 0.159795 0.204212 0.0455585 0.191252
 0.464329 0.458865 0.0204274 0.0261054 0.0302727
 0.109374 0.767085 0.105828 0.00471117 0.0130025
 0.357464 0.344824 0.256415 0.0353754 0.00592119
 0.320084 0.566546 0.0608415 0.0452424 0.00728646
 0.352407 0.543592 0.0866596 0.0093064 0.00803489
 0.395351 0.516047 0.0743728 0.0118565 0.00237259
 0.0836131 0.777577 0.11847 0.0170739 0.0032666
 0.0754427 0.415459 0.431982 0.0658157 0.0113001
 0.249838 0.313177 0.196363 0.204173 0.0364482
 0.155821 0.661935 0.0760831 0.0477044 0.0584563
 0.230671 0.568749 0.157278 0.0180776 0.0252242
 0.298359 0.585078 0.0861726 0.0238297 0.00656078
 0.179352 0.662592 0.131798 0.0194117 0.00684591
 0.195793 0.533208 0.218805 0.043523 0.00867093
 0.172849 0.556837 0.179225 0.0735459 0.0175437
 0.428557 0.364257 0.139477 0.0448925 0.0228162
 0.247214 0.653861 0.0630577 0.0241454 0.0117213
 0.193686 0.572152 0.20339 0.0196147 0.0111567
 0.289041 0.459328 0.178555 0.063473 0.009603
 0.180608 0.623945 0.126272 0.0490858 0.0200891
 0.0119 0.625152 0.276375 0.0559321 0.0306409
pobs_RECLAS
 0 0 0 0 0
 0 0 0 0 0
 0 0 0 0 0
 0 0 0 0 0
 0.835266 0.146461 0.0176864 0.000547809 3.91292e-05
 0.385257 0.428462 0.181853 0.0044286 0
 0.867414 0.0963971 0.0333333 0.00285562 0
 0.441836 0.489002 0.0689373 0.000224442 0
 0.779404 0.147425 0.0564933 0.0165055 0.000172143
 0.814271 0.122319 0.05973 0.00367925 0
 0.40263 0.566651 0.0304383 0.000280538 0
 0.475488 0.404961 0.113038 0.00651328 0
 0.955842 0.0263864 0.0167828 0.000988607 0
 0.975058 0.0227948 0.00214734 0 0
 0.738997 0.206755 0.0527124 0.00153531 0
 0.850938 0.134255 0.0134407 0.00136685 0
 0.542534 0.407297 0.0501686 0 0
 0.764087 0.199537 0.0359546 0.000420521 0
 0.470689 0.182191 0.310203 0.0369168 0
 0.84361 0.089868 0.0606195 0.00523954 0.000663233
 0.607945 0.314616 0.071237 0.00620181 0
 0.523733 0.453247 0.0230204 0 0
 0.530135 0.295979 0.169645 0.0042399 0
 0.562478 0.366248 0.0663022 0.0049721 0
 0.250443 0.683176 0.0655157 0.000865301 0
ppred_RECLAS
 0.172374 0.537468 0.255904 0.0342516 2.39572e-06
 0.415991 0.112354 0.306297 0.145837 0.019521
 0.176542 0.381296 0.085065 0.231902 0.125195
 0.816554 0.04879 0.0623516 0.0139103 0.0583946
 0.848832 0.129494 0.00576469 0.00736705 0.00854306
 0.453527 0.47067 0.0649343 0.00289069 0.00797809
 0.788426 0.113544 0.0844323 0.0116484 0.00194973
 0.76686 0.194266 0.0208623 0.0155134 0.0024985
 0.790447 0.175899 0.0280419 0.00301143 0.00259999
 0.812889 0.159693 0.0230149 0.00366904 0.000734206
 0.379154 0.526803 0.0802624 0.0115674 0.0022131
 0.352517 0.290953 0.302524 0.0460918 0.00791366
 0.698605 0.125826 0.0788937 0.0820313 0.0146439
 0.582919 0.32704 0.0375901 0.0235692 0.0288813
 0.699262 0.22233 0.0614817 0.00706673 0.00986039
 0.743475 0.213909 0.0315053 0.00871231 0.00239867
 0.594237 0.327614 0.0651664 0.00959796 0.00338491
 0.617496 0.253609 0.10407 0.0207008 0.00412415
 0.580602 0.282338 0.090874 0.0372907 0.00889534
 0.833523 0.106118 0.0406336 0.0130784 0.006647
 0.681249 0.276864 0.0267005 0.0102239 0.00496313
 0.610537 0.276359 0.0982408 0.00947424 0.00538886
 0.727167 0.176269 0.0685211 0.024358 0.00368519
 0.590834 0.311569 0.0630545 0.0245112 0.0100315
 0.07329 0.586312 0.259204 0.0524571 0.0287372
pobs_PELACES
 0 0 0 0 0
 0 0 0 0 0
 0 0 0 0 0
 0 0 0 0 0
 0 0 0 0 0
 0 0 0 0 0
 0 0 0 0 0
 0 0 0 0 0
 0 0 0 0 0
 0 0 0 0 0
 0.450072 0.473896 0.0757376 0.000293798 0
 0 0 0 0 0
 0.463077 0.371075 0.160297 0.00555027 0
 0.529543 0.364841 0.0842815 0.0213345 0
 0.631943 0.363953 0.00410389 0 0
 0.735681 0.248677 0.0153453 0.000297389 0
 0.695825 0.281241 0.0229344 0 0
 0.275771 0.60734 0.115278 0.00161068 0
 0 0 0 0 0
 0.896147 0.0623911 0.0374545 0.00400742 0
 0.803859 0.145111 0.0509908 3.86294e-05 0
 0.739449 0.233085 0.0266225 0.000797448 4.60066e-05
 0.878498 0.100942 0.0204185 0.000141795 0
 0.694673 0.275183 0.0284847 0.00165964 0
 0.469039 0.446079 0.0841089 0.000773354 0
ppred_PELACES
 0.188623 0.526916 0.25088 0.0335791 2.34868e-06
 0.452192 0.105389 0.287311 0.136797 0.0183109
 0.236432 0.353564 0.0788782 0.215036 0.11609
 0.846666 0.040781 0.0521165 0.0116269 0.048809
 0.859737 0.120152 0.00534883 0.00683559 0.00792676
 0.513709 0.418836 0.0577832 0.00257235 0.00709948
 0.822066 0.0954904 0.0710078 0.00979633 0.00163972
 0.820186 0.149831 0.0160904 0.011965 0.00192701
 0.836938 0.136875 0.0218207 0.00234333 0.00202316
 0.83996 0.136589 0.0196852 0.00313821 0.000627983
 0.430321 0.483386 0.0736475 0.0106141 0.00203071
 0.400038 0.269599 0.280321 0.042709 0.00733285
 0.761039 0.0997613 0.0625507 0.0650384 0.0116104
 0.694866 0.239261 0.0275008 0.0172431 0.0211294
 0.797856 0.149441 0.0413254 0.00474996 0.00662774
 0.790674 0.174551 0.0257085 0.00710928 0.00195732
 0.645124 0.286527 0.0569937 0.00839427 0.0029604
 0.659504 0.225757 0.0926405 0.0184273 0.00367121
 0.62346 0.253486 0.0815877 0.03348 0.00798633
 0.860012 0.0892333 0.0341683 0.0109975 0.00558938
 0.704569 0.256608 0.024747 0.00947586 0.00460002
 0.639068 0.256114 0.091044 0.00878019 0.00499409
 0.754116 0.158858 0.0617528 0.0219521 0.00332118
 0.623648 0.286582 0.0579977 0.0225454 0.00922704
 0.0839217 0.579585 0.25623 0.0518553 0.0284075
pobs_pel_tallas
 0 0 0 0 0 0 0 0 0 0 0 0 0 0 0 0 0 0 0 0 0 0 0 0 0 0 0 0 0 0 0 0 0 0 0 0
 0 0 0 0 0 0 0 0 0 0 0 0 0 0 0 0 0 0 0 0 0 0 0 0 0 0 0 0 0 0 0 0 0 0 0 0
 0 0 0 0 0 0 0 0 0 0 0 0 0 0 0 0 0 0 0 0 0 0 0 0 0 0 0 0 0 0 0 0 0 0 0 0
 0 0 0 0 0 0 0 0 0 0 0 0 0 0 0 0 0 0 0 0 0 0 0 0 0 0 0 0 0 0 0 0 0 0 0 0
 0 0 0 0 0 0 0 0 0 0 0 0 0 0 0 0 0 0 0 0 0 0 0 0 0 0 0 0 0 0 0 0 0 0 0 0
 0 0 0 0 0 0 0 0 0 0 0 0 0 0 0 0 0 0 0 0 0 0 0 0 0 0 0 0 0 0 0 0 0 0 0 0
 0 0 0 0 0 0 0 0 0 0 0 0 0 0 0 0 0 0 0 0 0 0 0 0 0 0 0 0 0 0 0 0 0 0 0 0
 0 0 0 0 0 0 0 0 0 0 0 0 0 0 0 0 0 0 0 0 0 0 0 0 0 0 0 0 0 0 0 0 0 0 0 0
 0 0 0 0 0 0 0 0 0 0 0 0 0 0 0 0 0 0 0 0 0 0 0 0 0 0 0 0 0 0 0 0 0 0 0 0
 0 0 0 0 0 0 0 0 0 0 0 0 0 0 0 0 0 0 0 0 0 0 0 0 0 0 0 0 0 0 0 0 0 0 0 0
 0 0 0 0 0 0 0 0 1.78061e-05 0.00172719 0.00360574 0.0105946 0.0120993 0.0124554 0.0147524 0.0171206 0.0266825 0.0428682 0.0675386 0.121331 0.153587 0.119568 0.100827 0.0573624 0.0630603 0.0341343 0.0324427 0.0444173 0.0211091 0.0280891 0.0125444 0.00206551 0 0 0 0
 0 0 0 0 0 0 0 0 0 0 0 0 0 0 0 0 0 0 0 0 0 0 0 0 0 0 0 0 0 0 0 0 0 0 0 0
 0 0 0 0 0 0 0.0133647 0.0140871 0.0187388 0.0205184 0.03894 0.0496705 0.03968 0.0493445 0.0407372 0.0367815 0.0215668 0.0243155 0.0234873 0.0199281 0.019796 0.0243948 0.0301388 0.0376714 0.0412746 0.0863199 0.0771752 0.113111 0.0741005 0.0525337 0.0229764 0.00759418 0.00175318 0 0 0
 0 0 0 0 0 0 0 0 0 0 0.00219441 0.00772107 0.0458388 0.0604681 0.0671733 0.0775358 0.0609151 0.0617685 0.073594 0.0568108 0.0755445 0.0548602 0.0670107 0.0636378 0.0643287 0.046367 0.0373049 0.0286899 0.0247887 0.0153202 0.00654259 0.00121912 0.000365735 0 0 0
 0 0 0 0 0 0 0 0 0 0 0 0 0.000112435 0.00938835 0.0111873 0.0202946 0.0414886 0.0713402 0.111592 0.104902 0.108894 0.110636 0.117776 0.105296 0.107544 0.0401394 0.0192827 0.0124803 0.00416011 0.0028671 0.000618394 0 0 0 0 0
 0 0 0 0 0 0 0 0 0 0 0.00291406 0.0102884 0.027416 0.0768956 0.0749926 0.110853 0.0956884 0.0897413 0.0766577 0.0534642 0.0500743 0.0551293 0.0594112 0.0620874 0.0668451 0.0424026 0.0208742 0.0120726 0.0048766 0.00582813 0.00118941 0.000297354 0 0 0 0
 0 0.00264628 0.0354308 0.0461629 0.0458689 0.0383711 0.0214643 0.0164657 0.0346957 0.0420465 0.0363128 0.0245516 0.0311673 0.0291091 0.0169068 0.0133784 0.00837989 0.0085269 0.0148486 0.0160247 0.0276389 0.0546898 0.0760071 0.122758 0.109233 0.0665981 0.0333725 0.0166128 0.00676272 0.00308733 0.000882094 0 0 0 0 0
 0 0 0 0 0 0 0 0.000805153 0.000690131 0.00759144 0.0133425 0.0154129 0.00931677 0.000345066 0.00356568 0.00563607 0.00851162 0.0253048 0.0502646 0.0516448 0.0657925 0.0565908 0.0611916 0.0827007 0.0866115 0.110766 0.145733 0.0935128 0.0569358 0.0249597 0.0138026 0.00621118 0.00161031 0.00115022 0 0
 0 0 0 0 0 0 0 0 0 0 0 0 0 0 0 0 0 0 0 0 0 0 0 0 0 0 0 0 0 0 0 0 0 0 0 0
 0.00147267 0.00158595 0.00478618 0.00569244 0.00954404 0.0108468 0.00647125 0.017049 0.0510054 0.094081 0.124002 0.0959785 0.0687766 0.0820023 0.061753 0.0591476 0.0492212 0.0479892 0.0443925 0.0268479 0.0217502 0.0140895 0.0121071 0.0120363 0.00920419 0.00665534 0.0049561 0.00860946 0.00930331 0.0156896 0.0114698 0.00855282 0.00243557 0.00046729 0 2.83206e-05
 0 0 0 0 0.000772559 0.00158375 0.000888443 0.00281984 0.00712685 0.0440552 0.0773331 0.111326 0.0921469 0.0852325 0.0710754 0.0886704 0.0786465 0.0553345 0.0373146 0.0185414 0.00753245 0.00457741 0.012979 0.0271748 0.0457355 0.0583668 0.034881 0.0177882 0.00938659 0.00492506 0.0015258 0.00185414 0.000309023 5.79419e-05 3.86279e-05 0
 0 0.00173294 0.00326652 0 0.00397197 0.00683976 0.00946217 0.0152591 0.00757587 0.0136028 0.0228656 0.0392903 0.0559909 0.0764795 0.0681675 0.0726916 0.0566044 0.0477403 0.0527397 0.0444891 0.0609904 0.0582453 0.0661739 0.0445044 0.0529084 0.0360697 0.0280645 0.0235558 0.0158879 0.00826598 0.00280645 0.00217768 0.000904811 0.00058276 9.20147e-05 0
 0 0 0 0 0 0 0 0 0 0 0 0 0 0 0 0 0 0 0 0 0 0 0 0 0 0 0 0 0 0 0 0 0 0 0 0
 0 0 0 0 0 0 0 0 0 0 0 0 0 0 0 0 0 0 0 0 0 0 0 0 0 0 0 0 0 0 0 0 0 0 0 0
 0 0 0 0 0 0 0 0 0 0 0 0 0 0 0 0 0 0 0 0 0 0 0 0 0 0 0 0 0 0 0 0 0 0 0 0
ppred_pel_tallas
 1.04887e-16 8.25946e-06 4.84017e-05 0.000229924 0.000884961 0.00275943 0.00697065 0.0142669 0.0236642 0.0318265 0.0347553 0.0309464 0.0227851 0.0145759 0.00946785 0.00826089 0.0102959 0.0146979 0.0208685 0.0283672 0.0366742 0.0450875 0.0527696 0.0588915 0.0628051 0.0641779 0.0630506 0.0597919 0.0549799 0.0492514 0.0431717 0.0371589 0.0314711 0.0262372 0.0215068 0.0172946
 1.09669e-16 1.97351e-05 0.000115813 0.000550492 0.00211937 0.006609 0.0166938 0.034158 0.0566219 0.0760454 0.0827625 0.0730264 0.052328 0.0306498 0.0150917 0.00704143 0.00439596 0.00468527 0.00643375 0.00904253 0.0123092 0.0161197 0.0203337 0.0247647 0.0291925 0.0333814 0.0370981 0.0401233 0.0422637 0.0433646 0.0433269 0.0421253 0.0398231 0.0365732 0.0326064 0.0282035
 1.14049e-16 1.03362e-05 6.06122e-05 0.000288015 0.00110869 0.00345718 0.00873288 0.0178712 0.0296331 0.0398257 0.0434156 0.0384796 0.0279468 0.0171224 0.00983358 0.00694134 0.00748047 0.0102571 0.0145159 0.0198382 0.0258712 0.0321855 0.0382744 0.0436355 0.0478734 0.0507779 0.0523479 0.0527524 0.0522473 0.0510805 0.0494223 0.0473406 0.0448233 0.0418271 0.038334 0.0343881
 1.03434e-16 3.69329e-05 0.000216786 0.00103055 0.00396773 0.0123731 0.0312532 0.063947 0.105995 0.142334 0.154852 0.136504 0.097527 0.0565396 0.0267349 0.0105794 0.00397972 0.0021484 0.00217912 0.00285829 0.0037958 0.00486796 0.00600679 0.0071497 0.00823736 0.00921962 0.010059 0.0107294 0.0112116 0.011489 0.0115462 0.0113708 0.0109591 0.0103213 0.00948498 0.00849448
 1.00721e-16 3.7506e-05 0.000220144 0.00104649 0.0040291 0.0125644 0.0317366 0.0649367 0.107637 0.144546 0.157275 0.13868 0.0991675 0.0576639 0.02759 0.0114774 0.0051921 0.00388087 0.00457417 0.00598466 0.00762132 0.0092319 0.0106097 0.0115727 0.0119931 0.0118263 0.0111213 0.0100054 0.00865091 0.00723367 0.00589758 0.00473444 0.0037812 0.00303095 0.0024506 0.00199821
 1.01377e-16 2.24299e-05 0.000131606 0.00062551 0.00240811 0.00750933 0.0189683 0.0388141 0.0643477 0.0864443 0.0941403 0.083209 0.0599357 0.0357291 0.0187412 0.0106406 0.00911018 0.0113568 0.0156131 0.0209673 0.0268093 0.0325168 0.03741 0.0408494 0.0423742 0.0418104 0.0393103 0.0353038 0.0303854 0.0251734 0.0201868 0.0157741 0.0120991 0.0091739 0.00691408 0.00519438
 1.01453e-16 3.58626e-05 0.000210497 0.00100063 0.00385254 0.0120138 0.0303459 0.062091 0.10292 0.13821 0.150379 0.132593 0.0948008 0.0550979 0.0263138 0.0108676 0.00480758 0.00350005 0.0041204 0.00546207 0.00708832 0.00879463 0.0104159 0.0117964 0.0128088 0.0133765 0.0134849 0.0131751 0.0125263 0.0116321 0.0105806 0.00944269 0.00827117 0.00710454 0.00597372 0.00490631
 1.00779e-16 3.57827e-05 0.000210023 0.000998372 0.00384382 0.0119866 0.0302772 0.0619508 0.102689 0.137905 0.150057 0.132336 0.0946761 0.0551432 0.0265547 0.0113422 0.00557827 0.00464479 0.0057109 0.0075354 0.009619 0.011674 0.0134468 0.0147087 0.0152961 0.0151476 0.0143173 0.012957 0.0112758 0.00948947 0.00777734 0.00625738 0.00498235 0.00395238 0.00313561 0.00248823
 1.0053e-16 3.65126e-05 0.00021431 0.00101875 0.00392229 0.0122313 0.0308953 0.0632155 0.104785 0.140718 0.153114 0.135023 0.0965789 0.0562119 0.0269953 0.0114034 0.00542177 0.00433344 0.00524962 0.00691038 0.00882053 0.0107074 0.0123362 0.0134959 0.0140344 0.0138928 0.013118 0.0118473 0.0102714 0.00858935 0.00696872 0.00552246 0.00430463 0.00332097 0.0025467 0.00194415
 1.00462e-16 3.66444e-05 0.000215084 0.00102243 0.00393645 0.0122755 0.0310069 0.0634437 0.105163 0.141226 0.153667 0.13551 0.0969256 0.056411 0.0270858 0.0114326 0.00542186 0.0043189 0.0052239 0.00687215 0.00876676 0.0106347 0.0122414 0.0133763 0.0138885 0.0137203 0.0129203 0.0116273 0.0100338 0.00834021 0.0067151 0.00527178 0.00406404 0.00309672 0.00234363 0.00176543
 1.01663e-16 1.87964e-05 0.000110268 0.000524055 0.00201746 0.00629109 0.0158912 0.0325186 0.0539148 0.0724411 0.0789226 0.0698347 0.0504685 0.0304192 0.0165666 0.010369 0.00994467 0.0129962 0.0180475 0.0242824 0.0310708 0.0377129 0.0434276 0.0474761 0.0493234 0.0487635 0.0459651 0.0414163 0.0357957 0.02981 0.0240548 0.0189314 0.0146319 0.0111761 0.0084745 0.00639124
 1.05878e-16 1.74678e-05 0.000102486 0.0004871 0.00187524 0.00584764 0.0147709 0.0302248 0.0501072 0.0673115 0.0732983 0.0647734 0.0466274 0.0277401 0.0144567 0.0080788 0.00681606 0.00852698 0.0118958 0.0163032 0.0213902 0.0267966 0.0320993 0.0368534 0.0406698 0.0432809 0.0445754 0.0445891 0.0434642 0.0413956 0.038586 0.0352209 0.0314674 0.0274825 0.0234227 0.0194452
 1.03698e-16 3.32016e-05 0.000194875 0.000926364 0.00356658 0.0111221 0.0280934 0.0574822 0.0952811 0.127954 0.139222 0.122764 0.0877926 0.0510629 0.0244593 0.0102297 0.00472545 0.00366724 0.0044494 0.00596152 0.00780193 0.00977946 0.0117354 0.0135169 0.0149952 0.0160868 0.0167627 0.0170411 0.016969 0.0166006 0.0159814 0.0151424 0.0141049 0.0128905 0.0115309 0.0100726
 1.02049e-16 3.03217e-05 0.000177955 0.000845895 0.00325671 0.0101557 0.0256526 0.0524893 0.0870092 0.116858 0.127183 0.112228 0.0804325 0.0471337 0.0232344 0.0108463 0.00669269 0.00689802 0.00906898 0.0121116 0.0155051 0.018858 0.0217807 0.0239122 0.0249922 0.0249208 0.0237795 0.0218026 0.0193129 0.0166419 0.0140624 0.01175 0.0097791 0.00814397 0.00679296 0.00566043
 1.01109e-16 3.4809e-05 0.000204307 0.000971196 0.00373918 0.0116603 0.029453 0.0602644 0.0998939 0.134151 0.145975 0.12874 0.0921114 0.0536664 0.025876 0.0111096 0.00555172 0.00471558 0.00585261 0.00775948 0.00995226 0.0121496 0.0140992 0.0155692 0.0163874 0.016478 0.0158766 0.0147142 0.01318 0.0114741 0.00976711 0.00817695 0.00676472 0.00554583 0.00450781 0.00362711
 1.00758e-16 3.44969e-05 0.000202472 0.000962468 0.00370556 0.0115555 0.0291882 0.0597228 0.0989969 0.132949 0.144672 0.127605 0.0913293 0.053271 0.0257976 0.0112671 0.0059069 0.005275 0.00664345 0.00880387 0.0112477 0.0136567 0.0157373 0.0172216 0.0179168 0.0177482 0.0167759 0.0151747 0.0131872 0.0110656 0.00902187 0.0071978 0.00566029 0.00441498 0.00342933 0.00265525
 1.0133e-16 2.81548e-05 0.000165228 0.000785383 0.0030237 0.00942908 0.0238173 0.0487344 0.0807868 0.108507 0.11811 0.10426 0.0748037 0.0440008 0.0219985 0.0107871 0.00735431 0.00812304 0.010874 0.0145659 0.0186562 0.0226922 0.0262046 0.0287527 0.0300143 0.0298588 0.0283743 0.0258365 0.0226332 0.0191716 0.0157959 0.012741 0.0101231 0.00796148 0.00621455 0.00481498
 1.02194e-16 2.87795e-05 0.000168901 0.000802855 0.003091 0.00963895 0.0243473 0.0498184 0.082582 0.110912 0.120714 0.106523 0.0763515 0.0447586 0.0220959 0.010373 0.00648842 0.00677425 0.0089722 0.0120584 0.0155518 0.0190903 0.0223051 0.0248428 0.0264313 0.0269363 0.0263845 0.0249434 0.0228683 0.0204362 0.0178893 0.0154017 0.0130751 0.010953 0.00904478 0.00734599
 1.02765e-16 2.72088e-05 0.000159677 0.000759 0.00292213 0.00911235 0.0230172 0.0470972 0.0780722 0.104859 0.114135 0.100741 0.0722568 0.0424586 0.0211471 0.0102401 0.00682313 0.00744119 0.00996054 0.0133977 0.0172629 0.0211619 0.0246854 0.0274425 0.0291361 0.0296267 0.0289564 0.0273243 0.0250247 0.0223711 0.019631 0.0169896 0.0145454 0.0123299 0.0103368 0.00854764
 1.01154e-16 3.75168e-05 0.00022021 0.00104681 0.00403034 0.0125683 0.0317464 0.0649565 0.107669 0.144587 0.157313 0.138698 0.0991469 0.057585 0.0274277 0.0111972 0.00474953 0.00322699 0.00366642 0.00480139 0.006177 0.00758874 0.00888078 0.00991323 0.0105795 0.0108271 0.0106662 0.0101613 0.0094102 0.00851815 0.00757549 0.0066456 0.00576361 0.00494304 0.00418575 0.00349038
 1.00976e-16 3.07456e-05 0.000180441 0.000857714 0.00330221 0.0102976 0.026011 0.0532227 0.0882253 0.118492 0.128965 0.113808 0.0815791 0.0478355 0.0236354 0.0111245 0.00698392 0.00728452 0.00959514 0.0127951 0.0163371 0.0197991 0.0227584 0.0248246 0.0257192 0.0253407 0.0237878 0.0213287 0.018331 0.0151743 0.0121744 0.00953975 0.00736371 0.00564562 0.00432637 0.00332344
 1.01911e-16 2.78896e-05 0.000163674 0.000777998 0.00299528 0.00934045 0.0235934 0.048276 0.0800263 0.107483 0.11699 0.103259 0.0740567 0.0435047 0.0216464 0.0104451 0.00691059 0.00749826 0.0100183 0.0134605 0.017322 0.0211987 0.0246719 0.0273418 0.0289054 0.029221 0.0283346 0.0264551 0.0238926 0.0209803 0.0180072 0.015179 0.0126109 0.0103447 0.00837676 0.0066839
 1.01838e-16 3.29022e-05 0.000193111 0.000917967 0.00353423 0.0110212 0.0278386 0.0569614 0.0944194 0.126802 0.137982 0.121703 0.087103 0.050802 0.0245959 0.0107354 0.00562594 0.00503766 0.00637988 0.00851572 0.0109794 0.0134872 0.015776 0.0175977 0.0187621 0.019175 0.0188546 0.0179161 0.0165353 0.0149018 0.0131795 0.0114846 0.00988333 0.00840252 0.00704749 0.00581644
 1.02123e-16 2.72183e-05 0.00015973 0.000759245 0.00292307 0.00911525 0.0230246 0.0471125 0.0780985 0.104897 0.114184 0.1008 0.0723352 0.0425767 0.0213387 0.0105507 0.00730701 0.00815505 0.0109531 0.0146948 0.0188517 0.0229777 0.0266078 0.0293039 0.0307436 0.0307926 0.0295315 0.0272245 0.0242447 0.0209824 0.0177656 0.0148148 0.0122368 0.0100469 0.00820642 0.00665682
 1.06936e-16 3.69604e-06 2.16058e-05 0.000102523 0.000394416 0.00122967 0.00310668 0.00636132 0.0105622 0.0142382 0.015635 0.0141266 0.0108447 0.00780881 0.00656088 0.00762469 0.0108773 0.01606 0.0229433 0.0312232 0.0403875 0.0496831 0.0581993 0.0650341 0.0694837 0.0711904 0.0702022 0.0669219 0.0619746 0.0560412 0.0497169 0.043431 0.0374363 0.0318485 0.0267056 0.0220186
pSPR Fmed_Fpbrs
0.534696   0.350296 0.350296
Fs Fmed_Fpbrs
0.466493   1.005 1.005
SSBpbr Bo_Bmed_Bpbrs
937018  454169  281383 281383
Ro
25848.3
SPR SPRFo_SPRFmed_SPRFpbrs
531514 284198 186187
log_Ro
9.98
likeval ReclasPelacesDesembMPH_pf_preclas_ppelaces_ptallas_desvR_qrecl_qpela
 90.2744 78.917 0.0729134 0.000180953 340.717 192.66 81.1239 0 33.8727 1.25193e-05 0 0 0 0 0
q_reclas_q_pelaces
0.60569 1
M
0.7
N
 12128.9 38165.8 18171.8 2432.22 0.170121
 20371.6 5877.47 16023 7629.03 1021.18
 3006.19 9682.2 2160.04 5888.67 3179.06
 18019.4 1275.12 1629.55 363.543 1526.13
 55548.1 8268.17 368.076 470.386 545.475
 21306.5 27229.4 3756.61 167.234 461.552
 56613 9647.16 7173.74 989.699 165.657
 73156.1 25984.5 2790.48 2075.03 334.192
 104522 31689.2 5051.9 542.525 468.401
 204566 45721.6 6589.41 1050.49 210.211
 58086 95158.2 14498.1 2089.46 399.759
 27844.3 26692.9 27754.4 4228.6 726.022
 51645.4 12861.3 8064.08 8384.8 1496.82
 22381.1 22478.2 2583.66 1619.96 1985.08
 14728.1 8919.71 2466.6 283.512 395.592
 15650 5746.74 846.403 234.059 64.4411
 10710.6 7000.06 1392.4 205.078 72.3247
 10624.2 4912.88 2016.03 401.012 79.8923
 9101.72 4959.69 1596.34 655.066 156.26
 28697.8 4255.84 1629.6 524.506 266.576
 32301.6 13242.6 1277.1 489.013 237.39
 33661.7 15655.1 5565.12 536.695 305.267
 63282.4 16212.5 6302.29 2240.35 338.949
 54388.2 30186.5 6109.07 2374.78 971.912
 3042.25 25980.7 11485.9 2324.48 1273.4
pred_Ctot
 211.094 4283.85 2039.67 273 0.0190949
 630.179 1117.82 3047.38 1450.95 194.216
 318.177 4889.41 1090.8 2973.72 1605.39
 989.327 396.034 506.115 112.911 473.995
 514.438 508.384 22.6319 28.9226 33.5396
 1358.92 9530.68 1314.87 58.5342 161.55
 3096.87 2987.37 2221.44 306.474 51.298
 6771.55 11985.6 1287.14 957.129 154.149
 9019.35 13912.4 2217.92 238.184 205.641
 9342.02 12194 1757.41 280.166 56.0636
 3130.28 29110.6 4435.22 639.205 122.294
 1404.51 7734.54 8042.14 1225.28 210.373
 4623.16 5795.23 3633.63 3778.14 674.459
 3218.48 13672.3 1571.5 985.333 1207.41
 2301.09 5673.62 1568.95 180.336 251.627
 1124.03 2204.21 324.645 89.7754 24.7169
 590.439 2181.29 433.886 63.9045 22.5372
 459.493 1251.35 513.498 102.141 20.3492
 383.581 1235.72 397.73 163.211 38.9324
 1466.52 1246.48 477.289 153.621 78.0769
 558.892 1478.22 142.558 54.5868 26.499
 730.342 2157.44 766.933 73.9622 42.069
 1797.94 2857.19 1110.67 394.826 59.7342
 1491.69 5153.33 1042.92 405.413 165.921
 93.6331 4918.89 2174.61 440.092 241.092
F
 0.0244632 0.167911 0.167911 0.167911 0.167911
 0.0438528 0.300998 0.300998 0.300998 0.300998
 0.157636 1.08199 1.08199 1.08199 1.08199
 0.0790383 0.542504 0.542504 0.542504 0.542504
 0.0129515 0.0888966 0.0888966 0.0888966 0.0888966
 0.0923497 0.633871 0.633871 0.633871 0.633871
 0.0787389 0.540449 0.540449 0.540449 0.540449
 0.13662 0.937736 0.937736 0.937736 0.937736
 0.126826 0.870511 0.870511 0.870511 0.870511
 0.065351 0.448557 0.448557 0.448557 0.448557
 0.077529 0.532145 0.532145 0.532145 0.532145
 0.0724052 0.496976 0.496976 0.496976 0.496976
 0.131853 0.905017 0.905017 0.905017 0.905017
 0.219951 1.50971 1.50971 1.50971 1.50971
 0.241123 1.65502 1.65502 1.65502 1.65502
 0.104549 0.717606 0.717606 0.717606 0.717606
 0.0793714 0.54479 0.54479 0.54479 0.54479
 0.0617947 0.424147 0.424147 0.424147 0.424147
 0.0601722 0.41301 0.41301 0.41301 0.41301
 0.0733849 0.5037 0.5037 0.5037 0.5037
 0.0243184 0.166917 0.166917 0.166917 0.166917
 0.0305786 0.209886 0.209886 0.209886 0.209886
 0.0402122 0.276009 0.276009 0.276009 0.276009
 0.0387943 0.266277 0.266277 0.266277 0.266277
 0.0436265 0.299444 0.299444 0.299444 0.299444
YTP_r0W_actual
 1048.69 108216 71762 18087.8 10318.7
YTP_p0W_proyectada
 21082.5 14926.9 143902 82989.1 26251.5
 21082.5 111160 3955.85 34122.1 20367.7
CTP_r0_actual
 93.6331 4918.89 2174.61 440.092 241.092
CTP_p0_proyectada
 2480.3 697.521 4612.25 2039.04 564.549
 2480.3 5194.37 126.79 838.38 438.014
Wmedp
 8.5 21.4 31.2 40.7 46.5
nmprior
 10.6 11 7 0
nm_flota  nm_reclas  nm_pelaces    nm_pelaL
inf 30.3655 22.1391 56.0671
cv_recla  cv_pelaces  cv_mph
0.859424 1.0073 0.436437
 ------------------------------------------------
Talla a la edad & desviaci?n 
 7.2 14.2025 17.0495 18.207 18.6776
 1.08 2.13037 2.55742 2.73105 2.80164
