years
 1997 1998 1999 2000 2001 2002 2003 2004 2005 2006 2007 2008 2009 2010 2011 2012 2013 2014 2015 2016 2017 2018 2019 2020 2021
reclasobs
 0 0 0 370054 412103 1.49427e+06 250295 1.28982e+06 931140 785840 897777 1.04006e+06 184774 17550 25797 100020 73551 82996 120727 218422 84188 347160 605670 569463 516374
reclaspred
 4.04013e+06 815719 2.39907e+06 1.49599e+06 1.51298e+06 1.79041e+06 3.43695e+06 1.97098e+06 1.77289e+06 1.46998e+06 1.17967e+06 804640 480114 231292 165639 175066 221609 334887 387552 534542 827768 833646 1.58109e+06 2.11875e+06 3.3639e+06
pelacesobs
 0 0 0 0 0 0 0 0 0 2.06254e+06 1.5e+06 0 1.87456e+06 323000 250000 174000 83755 137374 0 501740 490994 745055 786931 1.00524e+06 1.33801e+06
pelacespred
 2.44163e+06 973002 930764 1.11278e+06 953217 943685 1.74459e+06 1.46825e+06 1.06827e+06 920821 631842 440153 257183 101940 73453.8 87570.7 115875 175730 215193 286899 476889 504346 721589 1.15477e+06 1.83339e+06
mphobs
 0 0 0 0 0 112323 0 153150 637223 0 255016 313432 73983 77613 109348 50772 0 0 0 0 0 0 0 0 0
mphpred
 2.90815e+06 1.59548e+06 1.34383e+06 1.6337e+06 1.33209e+06 1.53524e+06 2.2022e+06 2.44183e+06 1.6295e+06 1.44717e+06 1.22914e+06 840729 534458 288654 149163 142149 170435 248691 333162 391198 621664 759381 1.02614e+06 1.62465e+06 2.45473e+06
desembarqueobs
 350755 77701 442110 56441 14545 235359 269955 359681 431902 328805 639364 411747 362871 311530 167758 66681 60226 58785 57116 73181 50977 67692 138656 160484 209506
desembarquepred
 350359 77588.3 441729 56335.8 14514.5 235640 270611 360042 431859 329149 641408 412844 364140 312684 168099 66774.8 60361.7 58935.3 57215.1 73069.9 50871.8 67521.5 138375 160291 209508
Reclutas
 114025 96454.2 63672 95722 114330 103998 158496 71932.1 119215 112816 71257.1 48383 45872.2 29905.7 21969.7 21093.3 19240.7 23807.2 24618.1 49522.4 61968.2 88655.9 163296 185148 218073
log_desv_Rt
 0.524173 0.356824 -0.0585 0.349203 0.526845 0.432131 0.853487 0.0634772 0.568688 0.513511 0.0540493 -0.333095 -0.386386 -0.814196 -1.12258 -1.16329 -1.25522 -1.04225 -1.00876 -0.30982 -0.0856227 0.272518 0.88332 1.00891 1.17259
SSB
 2.90815e+06 1.59548e+06 1.34383e+06 1.6337e+06 1.33209e+06 1.53524e+06 2.2022e+06 2.44183e+06 1.6295e+06 1.44717e+06 1.22914e+06 840729 534458 288654 149163 142149 170435 248691 333162 391198 621664 759381 1.02614e+06 1.62465e+06 2.45473e+06
BT
 6.4089e+06 1.96212e+06 2.36471e+06 2.32924e+06 2.01932e+06 2.02373e+06 4.36726e+06 3.30304e+06 2.78201e+06 2.29249e+06 1.91765e+06 1.30929e+06 922387 516232 323919 252611 318965 449162 494618 722272 1.14381e+06 1.09136e+06 1.66026e+06 2.64347e+06 4.30814e+06
Ftot
 0.0845783 0.0927196 0.17849 0.0368267 0.00939564 0.127996 0.0768341 0.177083 0.235398 0.216629 0.513698 0.485864 0.705048 1.19112 0.928196 0.365464 0.262919 0.170824 0.143476 0.133006 0.0600322 0.0790261 0.0853632 0.0738394 0.0608329
BD_Bspro_t
 0.987505 0.920781 0.871244 0.790673 0.841086 0.890029 0.856555 0.850665 0.767309 0.707524 0.65097 0.484783 0.377719 0.273121 0.175716 0.195367 0.290838 0.456191 0.587589 0.681021 0.787889 0.856263 0.872709 0.886025 0.897583
BD_Bspro
 2.09498 1.14936 0.968068 1.17689 0.959614 1.10596 1.58642 1.75905 1.17386 1.04251 0.885447 0.605646 0.385014 0.207941 0.107455 0.102401 0.122779 0.179152 0.240004 0.281812 0.447835 0.547044 0.73921 1.17037 1.76834
BD_Bo
 1.73729 0.953122 0.802785 0.975954 0.795775 0.917134 1.31557 1.45872 0.973444 0.86452 0.734271 0.502241 0.319279 0.172438 0.0891084 0.0849179 0.101816 0.148565 0.199027 0.233697 0.371374 0.453645 0.613002 0.970547 1.46643
BD_Brms
 8.45007 4.63592 3.90469 4.74697 3.87059 4.46088 6.39883 7.09511 4.73477 4.20496 3.57144 2.44287 1.55295 0.838728 0.433417 0.413035 0.495226 0.722609 0.968053 1.13669 1.80634 2.2065 2.9816 4.72067 7.13259
S_f
 0.5 1 1 1 1
 0.5 1 1 1 1
 0.5 1 1 1 1
 0.5 1 1 1 1
 0.5 1 1 1 1
 0.5 1 1 1 1
 0.5 1 1 1 1
 0.5 1 1 1 1
 0.5 1 1 1 1
 0.5 1 1 1 1
 0.5 1 1 1 1
 0.5 1 1 1 1
 0.5 1 1 1 1
 0.5 1 1 1 1
 0.5 1 1 1 1
 0.5 1 1 1 1
 0.5 1 1 1 1
 0.5 1 1 1 1
 0.5 1 1 1 1
 0.5 1 1 1 1
 0.5 1 1 1 1
 0.5 1 1 1 1
 0.5 1 1 1 1
 0.5 1 1 1 1
 0.5 1 1 1 1
Scru_reclas
 0.5 1 1 1 1
 0.5 1 1 1 1
 0.5 1 1 1 1
 0.5 1 1 1 1
 0.5 1 1 1 1
 0.5 1 1 1 1
 0.5 1 1 1 1
 0.5 1 1 1 1
 0.5 1 1 1 1
 0.5 1 1 1 1
 0.5 1 1 1 1
 0.5 1 1 1 1
 0.5 1 1 1 1
 0.5 1 1 1 1
 0.5 1 1 1 1
 0.5 1 1 1 1
 0.5 1 1 1 1
 0.5 1 1 1 1
 0.5 1 1 1 1
 0.5 1 1 1 1
 0.5 1 1 1 1
 0.5 1 1 1 1
 0.5 1 1 1 1
 0.5 1 1 1 1
 0.5 1 1 1 1
Scru_pelaces
 0.5 1 1 1 1
 0.5 1 1 1 1
 0.5 1 1 1 1
 0.5 1 1 1 1
 0.5 1 1 1 1
 0.5 1 1 1 1
 0.5 1 1 1 1
 0.5 1 1 1 1
 0.5 1 1 1 1
 0.5 1 1 1 1
 0.5 1 1 1 1
 0.5 1 1 1 1
 0.5 1 1 1 1
 0.5 1 1 1 1
 0.5 1 1 1 1
 0.5 1 1 1 1
 0.5 1 1 1 1
 0.5 1 1 1 1
 0.5 1 1 1 1
 0.5 1 1 1 1
 0.5 1 1 1 1
 0.5 1 1 1 1
 0.5 1 1 1 1
 0.5 1 1 1 1
 0.5 1 1 1 1
pf_obs 
 0.256992 0.487395 0.22802 0.0275931 0
 0.321318 0.546541 0.124235 0.00734118 0.000564706
 0.182869 0.594174 0.210203 0.0122559 0.00049798
 0.330522 0.361315 0.267642 0.0388342 0.00168674
 0.649043 0.306663 0.0425973 0.00169635 0
 0.582887 0.30429 0.105238 0.00758474 0
 0.465427 0.430635 0.0974691 0.00646863 0
 0.296916 0.608066 0.0921331 0.00288517 0
 0.311714 0.524322 0.152257 0.0117073 0
 0.15457 0.633149 0.183074 0.0267441 0.00246327
 0.131901 0.49318 0.331252 0.0422183 0.00144891
 0.196976 0.569456 0.194076 0.0375587 0.00193317
 0.518974 0.381816 0.0799577 0.0180837 0.00116848
 0.0928022 0.601141 0.25162 0.0475244 0.00691264
 0.122501 0.610282 0.24278 0.0234846 0.000952079
 0.383417 0.481906 0.127806 0.00687128 0
 0.0376549 0.599619 0.316969 0.0457579 0
 0.0361596 0.667082 0.258105 0.0386534 0
 0.158088 0.579412 0.248529 0.0139706 0
 0.0477256 0.309471 0.559284 0.082774 0.000745712
 0.0406174 0.521527 0.379366 0.0568643 0.0016247
 0.151134 0.462217 0.34131 0.0453401 0
 0.294876 0.26143 0.354403 0.0886775 0.000613685
 0.281977 0.475581 0.204845 0.0348837 0.00271318
 0.0841818 0.532909 0.334909 0.0458182 0.00218182
pf_pred 
 0.421447 0.291252 0.144631 0.0718218 0.0708475
 0.351845 0.388061 0.130935 0.0650204 0.0641383
 0.276065 0.381555 0.204989 0.0691649 0.0682266
 0.426199 0.255445 0.167792 0.0901455 0.060419
 0.42419 0.345572 0.102497 0.0673267 0.0604142
 0.360698 0.381231 0.154881 0.045938 0.0572517
 0.47285 0.284225 0.144862 0.0588523 0.0392105
 0.241973 0.490473 0.144257 0.0735244 0.0497715
 0.435095 0.22692 0.218689 0.0643206 0.0549744
 0.411332 0.366338 0.0893093 0.0860697 0.046951
 0.320155 0.406448 0.17014 0.0414782 0.0617792
 0.338124 0.346034 0.188828 0.0790435 0.0479713
 0.431211 0.307676 0.136512 0.0744933 0.0501079
 0.431867 0.370405 0.106957 0.0474556 0.0433151
 0.525073 0.326926 0.096492 0.0278629 0.0236462
 0.553319 0.333263 0.0780738 0.0230434 0.012301
 0.461069 0.395385 0.107098 0.0250899 0.0113583
 0.488774 0.33154 0.131826 0.0357076 0.0121523
 0.438461 0.374811 0.121097 0.0481501 0.0174811
 0.581069 0.259425 0.106466 0.0343978 0.0186427
 0.503177 0.36879 0.0792845 0.0325378 0.01621
 0.504146 0.333811 0.120284 0.0258594 0.0158996
 0.570312 0.290141 0.0939437 0.0338514 0.0117521
 0.469564 0.387812 0.0963053 0.0311824 0.015137
 0.445333 0.357109 0.144438 0.0358682 0.0172513
pobs_RECLAS
 0 0 0 0 0
 0 0 0 0 0
 0 0 0 0 0
 0 0 0 0 0
 0.835266 0.146461 0.0176864 0.000547809 3.91292e-05
 0.385257 0.428462 0.181853 0.0044286 0
 0.867414 0.0963971 0.0333333 0.00285562 0
 0.441836 0.489002 0.0689373 0.000224442 0
 0.779404 0.147425 0.0564933 0.0165055 0.000172143
 0.814271 0.122319 0.05973 0.00367925 0
 0.40263 0.566651 0.0304383 0.000280538 0
 0.475488 0.404961 0.113038 0.00651328 0
 0.955842 0.0263864 0.0167828 0.000988607 0
 0.975058 0.0227948 0.00214734 0 0
 0.738997 0.206755 0.0527124 0.00153531 0
 0.850938 0.134255 0.0134407 0.00136685 0
 0.542534 0.407297 0.0501686 0 0
 0.764087 0.199537 0.0359546 0.000420521 0
 0.470689 0.182191 0.310203 0.0369168 0
 0.84361 0.089868 0.0606195 0.00523954 0.000663233
 0.607945 0.314616 0.071237 0.00620181 0
 0.523733 0.453247 0.0230204 0 0
 0.530135 0.295979 0.169645 0.0042399 0
 0.562478 0.366248 0.0663022 0.0049721 0
 0.250443 0.683176 0.0655157 0.000865301 0
ppred_RECLAS
 0.422097 0.290925 0.144469 0.0717412 0.0707679
 0.352517 0.387659 0.130799 0.064953 0.0640718
 0.277292 0.380908 0.204641 0.0690476 0.0681109
 0.42647 0.255324 0.167713 0.090103 0.0603905
 0.424257 0.345531 0.102486 0.0673189 0.0604071
 0.361668 0.380653 0.154646 0.0458683 0.0571649
 0.473449 0.283902 0.144698 0.0587854 0.039166
 0.243089 0.489751 0.144045 0.0734162 0.0496982
 0.437183 0.226082 0.217881 0.0640829 0.0547712
 0.413195 0.365179 0.0890267 0.0857973 0.0468024
 0.325134 0.403471 0.168894 0.0411745 0.0613268
 0.342873 0.343551 0.187473 0.0784764 0.0476272
 0.439866 0.302994 0.134435 0.0733598 0.0493454
 0.450559 0.358218 0.103438 0.0458943 0.04189
 0.538089 0.317966 0.0938474 0.0270992 0.0229981
 0.556925 0.330572 0.0774436 0.0228574 0.0122017
 0.46348 0.393616 0.106619 0.0249777 0.0113075
 0.490231 0.330595 0.131451 0.0356059 0.0121176
 0.439637 0.374026 0.120843 0.0480493 0.0174445
 0.582136 0.258764 0.106195 0.0343102 0.0185952
 0.503639 0.368448 0.0792108 0.0325076 0.016195
 0.504765 0.333394 0.120134 0.0258271 0.0158797
 0.570971 0.289696 0.0937996 0.0337994 0.0117341
 0.470137 0.387392 0.0962012 0.0311487 0.0151206
 0.445796 0.356811 0.144317 0.0358383 0.0172369
pobs_PELACES
 0 0 0 0 0
 0 0 0 0 0
 0 0 0 0 0
 0 0 0 0 0
 0 0 0 0 0
 0 0 0 0 0
 0 0 0 0 0
 0 0 0 0 0
 0 0 0 0 0
 0 0 0 0 0
 0.450072 0.473896 0.0757376 0.000293798 0
 0 0 0 0 0
 0.463077 0.371075 0.160297 0.00555027 0
 0.529543 0.364841 0.0842815 0.0213345 0
 0.631943 0.363953 0.00410389 0 0
 0.735681 0.248677 0.0153453 0.000297389 0
 0.695825 0.281241 0.0229344 0 0
 0.275771 0.60734 0.115278 0.00161068 0
 0 0 0 0 0
 0.896147 0.0623911 0.0374545 0.00400742 0
 0.803859 0.145111 0.0509908 3.86294e-05 0
 0.739449 0.233085 0.0266225 0.000797448 4.60066e-05
 0.878498 0.100942 0.0204185 0.000141795 0
 0.694673 0.275183 0.0284847 0.00165964 0
 0.469039 0.446079 0.0841089 0.000773354 0
ppred_PELACES
 0.425505 0.289209 0.143617 0.0713181 0.0703506
 0.356017 0.385564 0.130092 0.0646019 0.0637255
 0.283232 0.377777 0.202959 0.0684801 0.0675511
 0.427957 0.254662 0.167278 0.0898694 0.0602339
 0.424636 0.345304 0.102418 0.0672746 0.0603674
 0.366557 0.377738 0.153461 0.045517 0.056727
 0.476611 0.282197 0.143829 0.0584325 0.0389308
 0.248506 0.486247 0.143014 0.0728908 0.0493426
 0.446762 0.222234 0.214173 0.0629922 0.053839
 0.421888 0.359769 0.0877079 0.0845263 0.0461091
 0.344 0.392192 0.164172 0.0400234 0.0596124
 0.361156 0.333992 0.182257 0.0762929 0.046302
 0.468698 0.287398 0.127515 0.0695837 0.0468055
 0.499531 0.32629 0.094219 0.0418037 0.0381564
 0.575861 0.291965 0.0861732 0.0248832 0.0211175
 0.57175 0.319512 0.0748524 0.0220926 0.0117934
 0.474283 0.385691 0.104472 0.0244747 0.0110798
 0.497276 0.326026 0.129634 0.0351138 0.0119502
 0.445477 0.370128 0.119583 0.0475485 0.0172626
 0.587464 0.255464 0.104841 0.0338726 0.0183581
 0.506115 0.36661 0.0788157 0.0323454 0.0161142
 0.508024 0.3312 0.119344 0.0256571 0.0157752
 0.574418 0.287368 0.093046 0.0335279 0.0116398
 0.473173 0.385173 0.0956499 0.0309702 0.015034
 0.448277 0.355214 0.143671 0.0356779 0.0171598
pobs_pel_tallas
 0 0 0 0 0 0 0 0 0 0 0 0 0 0 0 0 0 0 0 0 0 0 0 0 0 0 0 0 0 0 0 0 0 0 0 0
 0 0 0 0 0 0 0 0 0 0 0 0 0 0 0 0 0 0 0 0 0 0 0 0 0 0 0 0 0 0 0 0 0 0 0 0
 0 0 0 0 0 0 0 0 0 0 0 0 0 0 0 0 0 0 0 0 0 0 0 0 0 0 0 0 0 0 0 0 0 0 0 0
 0 0 0 0 0 0 0 0 0 0 0 0 0 0 0 0 0 0 0 0 0 0 0 0 0 0 0 0 0 0 0 0 0 0 0 0
 0 0 0 0 0 0 0 0 0 0 0 0 0 0 0 0 0 0 0 0 0 0 0 0 0 0 0 0 0 0 0 0 0 0 0 0
 0 0 0 0 0 0 0 0 0 0 0 0 0 0 0 0 0 0 0 0 0 0 0 0 0 0 0 0 0 0 0 0 0 0 0 0
 0 0 0 0 0 0 0 0 0 0 0 0 0 0 0 0 0 0 0 0 0 0 0 0 0 0 0 0 0 0 0 0 0 0 0 0
 0 0 0 0 0 0 0 0 0 0 0 0 0 0 0 0 0 0 0 0 0 0 0 0 0 0 0 0 0 0 0 0 0 0 0 0
 0 0 0 0 0 0 0 0 0 0 0 0 0 0 0 0 0 0 0 0 0 0 0 0 0 0 0 0 0 0 0 0 0 0 0 0
 0 0 0 0 0 0 0 0 0 0 0 0 0 0 0 0 0 0 0 0 0 0 0 0 0 0 0 0 0 0 0 0 0 0 0 0
 0 0 0 0 0 0 0 0 1.78061e-05 0.00172719 0.00360574 0.0105946 0.0120993 0.0124554 0.0147524 0.0171206 0.0266825 0.0428682 0.0675386 0.121331 0.153587 0.119568 0.100827 0.0573624 0.0630603 0.0341343 0.0324427 0.0444173 0.0211091 0.0280891 0.0125444 0.00206551 0 0 0 0
 0 0 0 0 0 0 0 0 0 0 0 0 0 0 0 0 0 0 0 0 0 0 0 0 0 0 0 0 0 0 0 0 0 0 0 0
 0 0 0 0 0 0 0.0133647 0.0140871 0.0187388 0.0205184 0.03894 0.0496705 0.03968 0.0493445 0.0407372 0.0367815 0.0215668 0.0243155 0.0234873 0.0199281 0.019796 0.0243948 0.0301388 0.0376714 0.0412746 0.0863199 0.0771752 0.113111 0.0741005 0.0525337 0.0229764 0.00759418 0.00175318 0 0 0
 0 0 0 0 0 0 0 0 0 0 0.00219441 0.00772107 0.0458388 0.0604681 0.0671733 0.0775358 0.0609151 0.0617685 0.073594 0.0568108 0.0755445 0.0548602 0.0670107 0.0636378 0.0643287 0.046367 0.0373049 0.0286899 0.0247887 0.0153202 0.00654259 0.00121912 0.000365735 0 0 0
 0 0 0 0 0 0 0 0 0 0 0 0 0.000112435 0.00938835 0.0111873 0.0202946 0.0414886 0.0713402 0.111592 0.104902 0.108894 0.110636 0.117776 0.105296 0.107544 0.0401394 0.0192827 0.0124803 0.00416011 0.0028671 0.000618394 0 0 0 0 0
 0 0 0 0 0 0 0 0 0 0 0.00291406 0.0102884 0.027416 0.0768956 0.0749926 0.110853 0.0956884 0.0897413 0.0766577 0.0534642 0.0500743 0.0551293 0.0594112 0.0620874 0.0668451 0.0424026 0.0208742 0.0120726 0.0048766 0.00582813 0.00118941 0.000297354 0 0 0 0
 0 0.00264628 0.0354308 0.0461629 0.0458689 0.0383711 0.0214643 0.0164657 0.0346957 0.0420465 0.0363128 0.0245516 0.0311673 0.0291091 0.0169068 0.0133784 0.00837989 0.0085269 0.0148486 0.0160247 0.0276389 0.0546898 0.0760071 0.122758 0.109233 0.0665981 0.0333725 0.0166128 0.00676272 0.00308733 0.000882094 0 0 0 0 0
 0 0 0 0 0 0 0 0.000805153 0.000690131 0.00759144 0.0133425 0.0154129 0.00931677 0.000345066 0.00356568 0.00563607 0.00851162 0.0253048 0.0502646 0.0516448 0.0657925 0.0565908 0.0611916 0.0827007 0.0866115 0.110766 0.145733 0.0935128 0.0569358 0.0249597 0.0138026 0.00621118 0.00161031 0.00115022 0 0
 0 0 0 0 0 0 0 0 0 0 0 0 0 0 0 0 0 0 0 0 0 0 0 0 0 0 0 0 0 0 0 0 0 0 0 0
 0.00147267 0.00158595 0.00478618 0.00569244 0.00954404 0.0108468 0.00647125 0.017049 0.0510054 0.094081 0.124002 0.0959785 0.0687766 0.0820023 0.061753 0.0591476 0.0492212 0.0479892 0.0443925 0.0268479 0.0217502 0.0140895 0.0121071 0.0120363 0.00920419 0.00665534 0.0049561 0.00860946 0.00930331 0.0156896 0.0114698 0.00855282 0.00243557 0.00046729 0 2.83206e-05
 0 0 0 0 0.000772559 0.00158375 0.000888443 0.00281984 0.00712685 0.0440552 0.0773331 0.111326 0.0921469 0.0852325 0.0710754 0.0886704 0.0786465 0.0553345 0.0373146 0.0185414 0.00753245 0.00457741 0.012979 0.0271748 0.0457355 0.0583668 0.034881 0.0177882 0.00938659 0.00492506 0.0015258 0.00185414 0.000309023 5.79419e-05 3.86279e-05 0
 0 0.00173294 0.00326652 0 0.00397197 0.00683976 0.00946217 0.0152591 0.00757587 0.0136028 0.0228656 0.0392903 0.0559909 0.0764795 0.0681675 0.0726916 0.0566044 0.0477403 0.0527397 0.0444891 0.0609904 0.0582453 0.0661739 0.0445044 0.0529084 0.0360697 0.0280645 0.0235558 0.0158879 0.00826598 0.00280645 0.00217768 0.000904811 0.00058276 9.20147e-05 0
 0 0 0 0 0 0 0 0 0 0 0 0 0 0 0 0 0 0 0 0 0 0 0 0 0 0 0 0 0 0 0 0 0 0 0 0
 0 0 0 0 0 0 0 0 0 0 0 0 0 0 0 0 0 0 0 0 0 0 0 0 0 0 0 0 0 0 0 0 0 0 0 0
 0 0 0 0 0 0 0 0 0 0 0 0 0 0 0 0 0 0 0 0 0 0 0 0 0 0 0 0 0 0 0 0 0 0 0 0
ppred_pel_tallas
 1.07871e-16 1.85785e-05 0.000109007 0.000518098 0.00199459 0.00621983 0.015711 0.0321484 0.0532959 0.071594 0.0779589 0.0688854 0.0495726 0.0294615 0.0152942 0.00844475 0.00699426 0.00864596 0.011978 0.0163086 0.0212369 0.0263714 0.031271 0.0354963 0.0386935 0.0406629 0.041386 0.0410003 0.0397376 0.0378487 0.0355434 0.0329623 0.0301819 0.0272416 0.0241758 0.0210368
 1.0717e-16 1.55524e-05 9.12318e-05 0.000433575 0.00166912 0.00520484 0.0131473 0.0269037 0.0446055 0.059933 0.0652956 0.0577776 0.0417569 0.0251735 0.0137228 0.0086184 0.00831684 0.0109393 0.0152977 0.0207611 0.0268623 0.0330786 0.0388124 0.0434795 0.0466299 0.0480421 0.0477585 0.046047 0.0433094 0.0399694 0.0363793 0.0327718 0.0292608 0.0258754 0.0226077 0.0194521
 1.08514e-16 1.23785e-05 7.25986e-05 0.000344991 0.00132805 0.00414123 0.0104608 0.0214068 0.0354942 0.0476985 0.0519866 0.0460489 0.033385 0.0203366 0.0114692 0.00779121 0.00812145 0.0110074 0.0155301 0.0211862 0.0275659 0.0341784 0.0404434 0.0457787 0.0497148 0.0519876 0.0525754 0.0516686 0.0495891 0.0466919 0.0432839 0.039583 0.0357202 0.0317698 0.0277876 0.0238394
 1.0836e-16 1.86841e-05 0.000109629 0.000521065 0.00200603 0.0062555 0.0158011 0.0323325 0.0536 0.0719996 0.0783928 0.0692504 0.0497954 0.0295141 0.015176 0.00815044 0.00649632 0.00789903 0.0109356 0.014944 0.0195621 0.0244518 0.0292295 0.0335044 0.036949 0.0393578 0.0406722 0.0409624 0.0403787 0.0390932 0.0372545 0.0349682 0.0323046 0.0293217 0.0260893 0.0227024
 1.06699e-16 1.85428e-05 0.000108792 0.000517067 0.0019906 0.00620738 0.0156796 0.0320846 0.0531916 0.0714585 0.0778234 0.0687942 0.049569 0.0295832 0.0155829 0.00895922 0.00781365 0.00986083 0.0136697 0.0185222 0.0239522 0.0294813 0.0345741 0.038711 0.0414944 0.0427324 0.0424701 0.0409531 0.0385447 0.0356239 0.0325017 0.0293786 0.0263456 0.0234171 0.0205757 0.017809
 1.06517e-16 1.60118e-05 9.39293e-05 0.0004464 0.0017185 0.00535884 0.0135363 0.0276996 0.0459245 0.0617035 0.0672201 0.05947 0.0429573 0.0258518 0.0140106 0.00867531 0.00824911 0.0107925 0.0150822 0.0204768 0.0265113 0.0326709 0.0383658 0.043017 0.0461735 0.047606 0.0473433 0.0456373 0.0428756 0.0394739 0.0357855 0.0320535 0.0284094 0.0249029 0.0215455 0.0183453
 1.05961e-16 2.08067e-05 0.000122089 0.000580293 0.00223406 0.0069666 0.0175973 0.0360078 0.0596926 0.0801827 0.0873 0.0771126 0.0554352 0.0328287 0.0168262 0.00894403 0.00700803 0.00842421 0.0115879 0.0157394 0.0204524 0.0253304 0.0299336 0.0338264 0.0366601 0.0382414 0.0385602 0.0377664 0.0361087 0.0338604 0.0312572 0.0284663 0.0255871 0.0226737 0.019764 0.0169012
 1.06999e-16 1.08685e-05 6.3724e-05 0.000302779 0.00116549 0.00363426 0.00918033 0.0187877 0.0311561 0.0418822 0.045683 0.0405498 0.0295817 0.0183847 0.0110199 0.00843583 0.00965603 0.0134431 0.0189811 0.0257511 0.0332396 0.0407967 0.0476637 0.0531019 0.0565496 0.0577434 0.0567641 0.0539862 0.0499593 0.0452619 0.0403784 0.0356328 0.0311846 0.0270706 0.0232652 0.0197322
 1.07793e-16 1.95029e-05 0.000114439 0.000543938 0.0020941 0.00653017 0.0164948 0.0337517 0.0559516 0.0751547 0.0818183 0.0722532 0.0519043 0.0306632 0.0155819 0.00807306 0.00609431 0.00722006 0.00996836 0.0136698 0.0179882 0.0226284 0.0272538 0.031511 0.0350887 0.0377688 0.0394515 0.0401455 0.0399337 0.038931 0.0372508 0.0349917 0.0322439 0.0291031 0.0256841 0.0221241
 1.06422e-16 1.84235e-05 0.00010809 0.000513729 0.00197774 0.00616728 0.0155783 0.0318775 0.0528487 0.0709993 0.0773269 0.0683639 0.0492777 0.0294469 0.0155793 0.00906306 0.00801769 0.0101752 0.0141114 0.0191028 0.0246685 0.0303086 0.0354642 0.039596 0.0422953 0.0433722 0.0428872 0.0411118 0.0384406 0.0352822 0.0319706 0.0287183 0.0256184 0.0226786 0.0198693 0.0171641
 1.06619e-16 1.50288e-05 8.81569e-05 0.000418955 0.00161283 0.00502929 0.0127039 0.0259965 0.0431021 0.057915 0.0631024 0.0558497 0.0403916 0.0244065 0.0134068 0.00857613 0.00843485 0.0111774 0.0156602 0.0212698 0.0275393 0.0339374 0.0398514 0.0446788 0.0479497 0.0494243 0.0491312 0.0473316 0.0444285 0.0408554 0.0369824 0.0330659 0.0292468 0.0255804 0.0220811 0.0187587
 1.07481e-16 1.57745e-05 9.25404e-05 0.000439806 0.00169313 0.00527972 0.0133364 0.0272902 0.0452448 0.0607873 0.0662143 0.0585618 0.0422615 0.0253539 0.0135989 0.00820772 0.00759769 0.00985591 0.0137884 0.0187922 0.0244573 0.0303391 0.0359227 0.040692 0.0442298 0.0462986 0.0468744 0.0461195 0.0443126 0.041763 0.0387391 0.0354334 0.0319643 0.0284026 0.0248044 0.0212352
 1.06482e-16 2.04618e-05 0.000120064 0.000570665 0.00219698 0.00685099 0.0173052 0.0354104 0.0587025 0.0788535 0.085855 0.0758415 0.0545329 0.0323174 0.0166064 0.00889513 0.00704919 0.00852013 0.0117298 0.0159268 0.020684 0.0255999 0.0302299 0.0341354 0.0369691 0.0385433 0.0388575 0.0380722 0.0364457 0.0342558 0.0317366 0.0290469 0.0262728 0.0234531 0.0206115 0.0177813
 1.04664e-16 2.18078e-05 0.000127962 0.000608208 0.00234152 0.00730172 0.0184438 0.0377402 0.0625652 0.0840433 0.0915085 0.0808424 0.0581432 0.0344854 0.0177709 0.00959505 0.00768178 0.00930767 0.0127743 0.0172536 0.0222526 0.0272996 0.0318787 0.0354935 0.0377682 0.0385283 0.0378306 0.0359301 0.0331991 0.0300292 0.0267476 0.0235725 0.0206104 0.0178838 0.015372 0.013047
 1.03161e-16 2.51349e-05 0.000147498 0.000701089 0.00269915 0.00841697 0.0212608 0.0435037 0.0721172 0.0968664 0.105449 0.0931079 0.0668549 0.0394313 0.0199122 0.0100954 0.00731491 0.0083985 0.0113777 0.015322 0.019728 0.0241549 0.0281338 0.0312162 0.0330644 0.0335241 0.0326523 0.0306882 0.0279802 0.024897 0.021751 0.0187558 0.0160207 0.0135739 0.0113977 0.00945987
 1.02477e-16 2.49567e-05 0.000146449 0.000696099 0.00267993 0.00835702 0.0211094 0.0431941 0.0716048 0.0961806 0.104709 0.0924701 0.0664307 0.0392489 0.0199448 0.0103145 0.00772106 0.00901984 0.0122519 0.0164754 0.0211576 0.0258156 0.0299334 0.033021 0.0347155 0.0348614 0.0335412 0.0310415 0.0277708 0.0241587 0.0205679 0.0172448 0.0143119 0.011793 0.00965252 0.00783327
 1.02968e-16 2.07094e-05 0.000121508 0.000577511 0.00222331 0.00693306 0.0175127 0.0358355 0.0594098 0.0798115 0.0869186 0.0768299 0.0553496 0.0330136 0.0173524 0.00991284 0.00856485 0.0107421 0.0148285 0.0200002 0.025712 0.0314047 0.0364588 0.0402807 0.0424265 0.0427007 0.0411933 0.03824 0.0343256 0.0299627 0.0255879 0.021502 0.0178605 0.0147027 0.0119973 0.00968636
 1.03712e-16 2.17097e-05 0.000127386 0.000605466 0.00233096 0.00726879 0.0183606 0.03757 0.0622831 0.0836648 0.0910972 0.0804812 0.0578883 0.0343441 0.0177168 0.00959706 0.00772252 0.00938563 0.0128992 0.0174413 0.0225214 0.027667 0.0323569 0.0360848 0.0384597 0.0392882 0.0386078 0.0366562 0.0337954 0.0304169 0.0268597 0.023365 0.0200701 0.0170318 0.0142607 0.0117522
 1.04259e-16 1.94527e-05 0.000114132 0.000542446 0.0020883 0.00651206 0.0164492 0.0336595 0.0558028 0.0749668 0.0816455 0.0721759 0.0520122 0.0310543 0.0163808 0.00945219 0.00827659 0.0104535 0.0144744 0.0195731 0.0252416 0.030954 0.0361224 0.0401779 0.0426874 0.0434467 0.0425162 0.0401844 0.0368786 0.033053 0.0290945 0.0252702 0.0217212 0.0184916 0.0155716 0.0129354
 1.03594e-16 2.56394e-05 0.000150463 0.000715193 0.00275347 0.00858637 0.0216886 0.0443788 0.0735667 0.0988097 0.107555 0.0949451 0.0681253 0.0400828 0.0200611 0.00987791 0.00679899 0.00758013 0.0102186 0.0137894 0.0178242 0.0219358 0.0257155 0.0287673 0.0307844 0.0316115 0.0312708 0.0299384 0.0278852 0.0254038 0.0227463 0.0200906 0.0175369 0.0151274 0.0128734 0.0107788
 1.03103e-16 2.20966e-05 0.000129654 0.000616242 0.00237244 0.00739812 0.0186874 0.0382388 0.0633928 0.0851579 0.0927296 0.0819392 0.0589712 0.0350548 0.0182071 0.0100568 0.00830793 0.0102046 0.0140171 0.0188805 0.0242505 0.0295897 0.0343105 0.0378535 0.039805 0.0399894 0.038504 0.0356785 0.0319816 0.0279031 0.0238545 0.0201123 0.0168101 0.0139685 0.011542 0.00946242
 1.03421e-16 2.21785e-05 0.000130138 0.000618549 0.00238133 0.00742587 0.0187574 0.0383819 0.0636289 0.0854722 0.0930643 0.0822168 0.0591317 0.0350717 0.0180731 0.00975841 0.00781299 0.00946695 0.0129926 0.0175465 0.022625 0.0277443 0.0323735 0.0359995 0.0382303 0.0388788 0.0379954 0.035837 0.032787 0.0292571 0.0256014 0.0220694 0.0187985 0.0158382 0.0131868 0.0108244
 1.03111e-16 2.50718e-05 0.000147128 0.000699331 0.00269238 0.00839587 0.0212075 0.0433946 0.0719362 0.096623 0.105184 0.0928718 0.0666818 0.0393222 0.0198444 0.0100407 0.00725147 0.00831266 0.0112625 0.0151763 0.0195573 0.0239721 0.0279589 0.0310747 0.0329829 0.0335257 0.0327513 0.0308865 0.0282661 0.0252467 0.0221329 0.0191354 0.0163665 0.0138618 0.0116132 0.00959913
 1.0325e-16 2.0661e-05 0.000121224 0.00057616 0.00221811 0.00691684 0.0174717 0.0357516 0.0592708 0.0796247 0.0867152 0.0766501 0.05522 0.0329362 0.0173113 0.0098886 0.00854267 0.0107129 0.0147866 0.0199415 0.0256337 0.0313056 0.0363404 0.0401479 0.0422885 0.0425706 0.0410876 0.0381774 0.0343242 0.0300378 0.0257495 0.0217524 0.0181938 0.0151048 0.0124478 0.010161
 1.04183e-16 1.95743e-05 0.000114846 0.000545847 0.0021014 0.00655291 0.0165524 0.0338705 0.0561521 0.0754348 0.0821516 0.0726147 0.05231 0.0311953 0.0163885 0.00935349 0.00808098 0.0101535 0.0140566 0.0190303 0.0245824 0.0302085 0.0353432 0.039435 0.0420573 0.0429985 0.042297 0.0402097 0.0371283 0.0334765 0.0296216 0.0258247 0.0222348 0.018914 0.0158749 0.0131142
pSPR Fmed_Fpbrs
0.740187   0.255595 0.255595
Fs Fmed_Fpbrs
0.153863   1.005 1.005
SSBpbr Bo_Bmed_Bpbrs
1.67395e+06  1.15534e+06  344157 344157
Ro
67507.9
SPR SPRFo_SPRFmed_SPRFpbrs
1.38815e+06 1.02749e+06 354805
log_Ro
10.94
likeval ReclasPelacesDesembMPH_pf_preclas_ppelaces_ptallas_desvR_qrecl_qpela
 224.846 52.236 0.518806 0.00128134 350.413 220.761 81.0624 0 17.8903 0 0 0 0 0 0
q_reclas_q_pelaces
1 1
M
0.7
N
 114025 40134.8 19930.4 9897.13 9762.86
 96454.2 54278.5 18314 9094.47 8971.09
 63672 45727.9 24567.1 8289.14 8176.69
 95722 28919 18995.8 10205.4 6840.07
 114330 46666.9 13841.5 9091.97 8158.49
 103998 56508.5 22957.4 6809.22 8486.22
 158496 48442.5 24689.9 10030.6 6682.94
 71932.1 75740.7 22276.8 11353.9 7685.89
 119215 32693.6 31507.7 9267.01 7920.45
 112816 52627.2 12830 12364.6 6744.87
 71257.1 50271.6 21043.8 5130.24 7641.18
 48383 27369.9 14935.5 6252.03 3794.35
 45872.2 18844.4 8361.03 4562.54 3068.99
 29905.7 16011.9 4623.58 2051.42 1872.44
 21969.7 8186.51 2416.24 697.71 592.12
 21093.3 6859.04 1606.88 474.268 253.172
 19240.7 8725.26 2363.41 553.678 250.652
 23807.2 8377.65 3331.1 902.294 307.075
 24618.1 10854.5 3506.94 1394.42 506.249
 49522.4 11378.7 4669.73 1508.73 817.692
 61968.2 23009.8 4946.77 2030.12 1011.39
 88655.9 29862.6 10760.6 2313.37 1422.37
 163296 42319.6 13702.5 4937.52 1714.15
 185148 77702.2 19295.8 6247.72 3032.86
 218073 88609.4 35839.3 8899.96 4280.56
pred_Ctot
 3403.83 2352.31 1168.12 580.071 572.202
 3150.84 3475.16 1172.55 582.27 574.371
 3929.75 5431.39 2917.99 984.553 971.196
 1257.31 753.576 494.996 265.934 178.239
 385.463 314.022 93.1399 61.1801 54.8986
 4653.77 4918.69 1998.29 592.697 738.669
 4305.47 2587.97 1319.02 535.871 357.026
 4405.9 8930.65 2626.67 1338.75 906.251
 9584.66 4998.8 4817.47 1416.91 1211.02
 8380.94 7464.19 1819.69 1753.68 956.634
 11780.7 14956 6260.61 1526.27 2273.28
 7610.17 7788.19 4249.95 1779.03 1079.69
 10001.1 7135.97 3166.14 1727.73 1162.16
 9984.16 8563.24 2472.71 1097.11 1001.38
 6024.27 3750.9 1107.07 319.677 271.297
 2560.27 1542.04 361.257 106.625 56.9179
 1717.52 1472.84 398.947 93.4618 42.3106
 1408.59 955.459 379.908 102.905 35.0214
 1230.69 1052.03 339.898 135.149 49.0664
 2300.28 1026.98 421.467 136.17 73.8009
 1320.09 967.524 208.003 85.3631 42.5271
 2475.8 1639.31 590.704 126.993 78.081
 4919.05 2502.52 810.282 291.974 101.364
 4836.61 3994.54 991.965 321.185 155.914
 4706.68 3774.24 1526.54 379.087 182.327
F
 0.0422891 0.0845783 0.0845783 0.0845783 0.0845783
 0.0463598 0.0927196 0.0927196 0.0927196 0.0927196
 0.0892451 0.17849 0.17849 0.17849 0.17849
 0.0184134 0.0368267 0.0368267 0.0368267 0.0368267
 0.00469782 0.00939564 0.00939564 0.00939564 0.00939564
 0.0639981 0.127996 0.127996 0.127996 0.127996
 0.038417 0.0768341 0.0768341 0.0768341 0.0768341
 0.0885417 0.177083 0.177083 0.177083 0.177083
 0.117699 0.235398 0.235398 0.235398 0.235398
 0.108315 0.216629 0.216629 0.216629 0.216629
 0.256849 0.513698 0.513698 0.513698 0.513698
 0.242932 0.485864 0.485864 0.485864 0.485864
 0.352524 0.705048 0.705048 0.705048 0.705048
 0.595561 1.19112 1.19112 1.19112 1.19112
 0.464098 0.928196 0.928196 0.928196 0.928196
 0.182732 0.365464 0.365464 0.365464 0.365464
 0.131459 0.262919 0.262919 0.262919 0.262919
 0.0854122 0.170824 0.170824 0.170824 0.170824
 0.0717381 0.143476 0.143476 0.143476 0.143476
 0.0665032 0.133006 0.133006 0.133006 0.133006
 0.0300161 0.0600322 0.0600322 0.0600322 0.0600322
 0.039513 0.0790261 0.0790261 0.0790261 0.0790261
 0.0426816 0.0853632 0.0853632 0.0853632 0.0853632
 0.0369197 0.0738394 0.0738394 0.0738394 0.0738394
 0.0304164 0.0608329 0.0608329 0.0608329 0.0608329
YTP_r0W_actual
 52714.8 83033.4 50376 15580.5 7803.6
YTP_p0W_proyectada
 198196 1.08422e+06 623052 328733 136850
 198196 247339 287332 147738 80679.7
CTP_r0_actual
 4706.68 3774.24 1526.54 379.087 182.327
CTP_p0_proyectada
 23317.2 50664.3 19969.6 8076.99 2943
 23317.2 11557.9 9209.37 3629.93 1735.05
Wmedp
 8.5 21.4 31.2 40.7 46.5
nmprior
 10.6 11 7 0
nm_flota  nm_reclas  nm_pelaces    nm_pelaL
inf 10.2295 14.3445 31.8928
cv_recla  cv_pelaces  cv_mph
1.35634 0.819515 1.16137
 ------------------------------------------------
Talla a la edad & desviaci?n 
 7.2 14.2025 17.0495 18.207 18.6776
 1.08 2.13037 2.55742 2.73105 2.80164
