years
 1997 1998 1999 2000 2001 2002 2003 2004 2005 2006 2007 2008 2009 2010 2011 2012 2013 2014 2015 2016 2017 2018 2019 2020 2021
reclasobs
 0 0 0 370054 412103 1.49427e+06 250295 1.28982e+06 931140 785840 897777 1.04006e+06 184774 17550 25797 100020 73551 82996 120727 218422 84188 347160 605670 569463 516374
reclaspred
 1.13039e+06 283361 866345 519642 613754 784598 1.61435e+06 1.15957e+06 1.33587e+06 1.30631e+06 1.14519e+06 779576 454715 210538 143424 147127 184458 268569 302502 403642 618321 613533 1.04042e+06 1.29228e+06 1.83799e+06
pelacesobs
 0 0 0 0 0 0 0 0 0 2.06254e+06 1.5e+06 0 1.87456e+06 323000 250000 174000 83755 137374 0 501740 490994 745055 786931 1.00524e+06 1.33801e+06
pelacespred
 746559 274269 317946 371435 373577 382047 822191 785678 777103 791176 600484 421386 241439 90284.7 61483.3 71941 94557.3 139139 165669 213119 356087 369345 474824 702570 978077
mphobs
 0 0 0 0 0 112323 0 153150 637223 0 255016 313432 73983 77613 109348 50772 0 0 0 0 0 0 0 0 0
mphpred
 773724 485747 504515 558835 488616 678722 989705 1.25061e+06 1.12621e+06 1.20309e+06 1.16822e+06 821051 507292 269160 131186 119894 142068 203125 260604 302025 458208 573444 711510 1.00401e+06 1.44502e+06
desembarqueobs
 350755 77701 442110 56441 14545 235359 269955 359681 431902 328805 639364 411747 362871 311530 167758 66681 60226 58785 57116 73181 50977 67692 138656 160484 209506
desembarquepred
 350790 77715.8 442328 56448.5 14545.4 235472 270015 359741 431985 328846 639770 412123 363252 312034 167825 66707.3 60257.1 58796.1 57120.6 73186.4 50979.5 67692 138666 160498 209514
Reclutas
 59058 57471 34013.3 38670.2 66647.3 56459.4 99574.2 97250.5 126726 125245 71845.2 43431.6 45908.8 29007.2 20706.5 18956.5 16658.4 18836.1 20665 35969.6 50984.3 59060.9 95769.5 123570 85620.6
log_desv_Rt
 0.166275 0.139035 -0.385495 -0.257174 0.287169 0.121277 0.688658 0.665045 0.929785 0.918027 0.36227 -0.141058 -0.0855883 -0.544702 -0.881797 -0.970096 -1.09933 -0.976468 -0.883806 -0.32957 0.0192733 0.166325 0.649699 0.904561 0.537681
SSB
 773724 485747 504515 558835 488616 678722 989705 1.25061e+06 1.12621e+06 1.20309e+06 1.16822e+06 821051 507292 269160 131186 119894 142068 203125 260604 302025 458208 573444 711510 1.00401e+06 1.44502e+06
BT
 2.51533e+06 656527 1.0451e+06 833980 855780 941895 2.31201e+06 2.13329e+06 2.26858e+06 2.08352e+06 1.8502e+06 1.25771e+06 892056 491738 296439 219173 271051 364165 395229 547320 882522 806479 1.10368e+06 1.68169e+06 2.2478e+06
Ftot
 0.298938 0.26467 0.483889 0.105819 0.0231953 0.288713 0.162462 0.29868 0.311195 0.243226 0.527248 0.499858 0.740328 1.29023 1.05722 0.432364 0.314276 0.211952 0.183064 0.175963 0.080453 0.107464 0.129646 0.120901 0.110997
BD_Bspro_t
 0.959462 0.776538 0.700408 0.547349 0.638266 0.764021 0.718602 0.740143 0.688591 0.657046 0.624618 0.465876 0.356535 0.254718 0.156384 0.169022 0.253144 0.404233 0.525094 0.620726 0.731941 0.817425 0.825384 0.829118 0.838326
BD_Bspro
 0.75238 0.472347 0.490597 0.543419 0.475137 0.659999 0.962403 1.21611 1.09514 1.1699 1.136 0.798402 0.493298 0.261735 0.127567 0.116586 0.138149 0.197521 0.253415 0.293693 0.445568 0.557625 0.691882 0.976318 1.40516
BD_Bo
 0.702604 0.441097 0.45814 0.507468 0.443703 0.616335 0.898732 1.13566 1.02269 1.0925 1.06084 0.745581 0.460662 0.244419 0.119128 0.108873 0.129009 0.184454 0.236649 0.274263 0.41609 0.520734 0.646109 0.911727 1.3122
BD_Brms
 3.41742 2.14547 2.22836 2.46829 2.15814 2.99781 4.37137 5.52376 4.97429 5.31385 5.15986 3.62646 2.24063 1.18884 0.579428 0.529553 0.627491 0.897171 1.15105 1.334 2.02383 2.53281 3.14263 4.43458 6.38243
S_f
 0.5 1 1 1 1
 0.5 1 1 1 1
 0.5 1 1 1 1
 0.5 1 1 1 1
 0.5 1 1 1 1
 0.5 1 1 1 1
 0.5 1 1 1 1
 0.5 1 1 1 1
 0.5 1 1 1 1
 0.5 1 1 1 1
 0.5 1 1 1 1
 0.5 1 1 1 1
 0.5 1 1 1 1
 0.5 1 1 1 1
 0.5 1 1 1 1
 0.5 1 1 1 1
 0.5 1 1 1 1
 0.5 1 1 1 1
 0.5 1 1 1 1
 0.5 1 1 1 1
 0.5 1 1 1 1
 0.5 1 1 1 1
 0.5 1 1 1 1
 0.5 1 1 1 1
 0.5 1 1 1 1
Scru_reclas
 0.5 1 1 1 1
 0.5 1 1 1 1
 0.5 1 1 1 1
 0.5 1 1 1 1
 0.5 1 1 1 1
 0.5 1 1 1 1
 0.5 1 1 1 1
 0.5 1 1 1 1
 0.5 1 1 1 1
 0.5 1 1 1 1
 0.5 1 1 1 1
 0.5 1 1 1 1
 0.5 1 1 1 1
 0.5 1 1 1 1
 0.5 1 1 1 1
 0.5 1 1 1 1
 0.5 1 1 1 1
 0.5 1 1 1 1
 0.5 1 1 1 1
 0.5 1 1 1 1
 0.5 1 1 1 1
 0.5 1 1 1 1
 0.5 1 1 1 1
 0.5 1 1 1 1
 0.5 1 1 1 1
Scru_pelaces
 0.5 1 1 1 1
 0.5 1 1 1 1
 0.5 1 1 1 1
 0.5 1 1 1 1
 0.5 1 1 1 1
 0.5 1 1 1 1
 0.5 1 1 1 1
 0.5 1 1 1 1
 0.5 1 1 1 1
 0.5 1 1 1 1
 0.5 1 1 1 1
 0.5 1 1 1 1
 0.5 1 1 1 1
 0.5 1 1 1 1
 0.5 1 1 1 1
 0.5 1 1 1 1
 0.5 1 1 1 1
 0.5 1 1 1 1
 0.5 1 1 1 1
 0.5 1 1 1 1
 0.5 1 1 1 1
 0.5 1 1 1 1
 0.5 1 1 1 1
 0.5 1 1 1 1
 0.5 1 1 1 1
pf_obs 
 0.256992 0.487395 0.22802 0.0275931 0
 0.321318 0.546541 0.124235 0.00734118 0.000564706
 0.182869 0.594174 0.210203 0.0122559 0.00049798
 0.330522 0.361315 0.267642 0.0388342 0.00168674
 0.649043 0.306663 0.0425973 0.00169635 0
 0.582887 0.30429 0.105238 0.00758474 0
 0.465427 0.430635 0.0974691 0.00646863 0
 0.296916 0.608066 0.0921331 0.00288517 0
 0.311714 0.524322 0.152257 0.0117073 0
 0.15457 0.633149 0.183074 0.0267441 0.00246327
 0.131901 0.49318 0.331252 0.0422183 0.00144891
 0.196976 0.569456 0.194076 0.0375587 0.00193317
 0.518974 0.381816 0.0799577 0.0180837 0.00116848
 0.0928022 0.601141 0.25162 0.0475244 0.00691264
 0.122501 0.610282 0.24278 0.0234846 0.000952079
 0.383417 0.481906 0.127806 0.00687128 0
 0.0376549 0.599619 0.316969 0.0457579 0
 0.0361596 0.667082 0.258105 0.0386534 0
 0.158088 0.579412 0.248529 0.0139706 0
 0.0477256 0.309471 0.559284 0.082774 0.000745712
 0.0406174 0.521527 0.379366 0.0568643 0.0016247
 0.151134 0.462217 0.34131 0.0453401 0
 0.294876 0.26143 0.354403 0.0886775 0.000613685
 0.281977 0.475581 0.204845 0.0348837 0.00271318
 0.0841818 0.532909 0.334909 0.0458182 0.00218182
pf_pred 
 0.56628 0.309881 0.11109 0.0127433 5.91232e-06
 0.471121 0.391366 0.0982494 0.0352216 0.00404222
 0.330865 0.440148 0.169448 0.0425387 0.0169999
 0.442831 0.296788 0.171275 0.0659374 0.0231683
 0.533105 0.28989 0.0942855 0.0544117 0.0283076
 0.389991 0.425073 0.114825 0.0373464 0.032765
 0.552685 0.260104 0.130454 0.0352396 0.0215171
 0.45043 0.39639 0.0890707 0.044673 0.0194359
 0.510564 0.313787 0.126692 0.0284682 0.02049
 0.45991 0.375538 0.105497 0.0425945 0.0164601
 0.319554 0.439658 0.167426 0.0470338 0.0263283
 0.314814 0.358465 0.211104 0.0803908 0.0352253
 0.449464 0.283849 0.139521 0.0821657 0.0449999
 0.439295 0.376283 0.0950856 0.0467378 0.0425988
 0.540441 0.322656 0.0918742 0.0232164 0.0218127
 0.56706 0.331406 0.0712869 0.0202985 0.00994861
 0.467611 0.398354 0.102601 0.0220699 0.00936429
 0.478433 0.343151 0.133497 0.0343839 0.0105343
 0.457799 0.358341 0.120966 0.0470599 0.0158344
 0.56083 0.281135 0.104446 0.0352579 0.0183318
 0.536107 0.338008 0.0805855 0.0299386 0.0153611
 0.46625 0.375097 0.1156 0.0275605 0.0154927
 0.532566 0.300545 0.117283 0.0361449 0.0134616
 0.500005 0.351355 0.0955709 0.0372949 0.0157745
 0.338584 0.44594 0.151419 0.0411869 0.0228706
pobs_RECLAS
 0 0 0 0 0
 0 0 0 0 0
 0 0 0 0 0
 0 0 0 0 0
 0.835266 0.146461 0.0176864 0.000547809 3.91292e-05
 0.385257 0.428462 0.181853 0.0044286 0
 0.867414 0.0963971 0.0333333 0.00285562 0
 0.441836 0.489002 0.0689373 0.000224442 0
 0.779404 0.147425 0.0564933 0.0165055 0.000172143
 0.814271 0.122319 0.05973 0.00367925 0
 0.40263 0.566651 0.0304383 0.000280538 0
 0.475488 0.404961 0.113038 0.00651328 0
 0.955842 0.0263864 0.0167828 0.000988607 0
 0.975058 0.0227948 0.00214734 0 0
 0.738997 0.206755 0.0527124 0.00153531 0
 0.850938 0.134255 0.0134407 0.00136685 0
 0.542534 0.407297 0.0501686 0 0
 0.764087 0.199537 0.0359546 0.000420521 0
 0.470689 0.182191 0.310203 0.0369168 0
 0.84361 0.089868 0.0606195 0.00523954 0.000663233
 0.607945 0.314616 0.071237 0.00620181 0
 0.523733 0.453247 0.0230204 0 0
 0.530135 0.295979 0.169645 0.0042399 0
 0.562478 0.366248 0.0663022 0.0049721 0
 0.250443 0.683176 0.0655157 0.000865301 0
ppred_RECLAS
 0.569066 0.30789 0.110376 0.0126615 5.87435e-06
 0.473558 0.389563 0.0977967 0.0350594 0.00402359
 0.335538 0.437075 0.168265 0.0422416 0.0168812
 0.443671 0.296341 0.171017 0.065838 0.0231333
 0.533276 0.289784 0.094251 0.0543917 0.0282973
 0.392581 0.423268 0.114338 0.0371878 0.0326259
 0.554045 0.259314 0.130058 0.0351325 0.0214517
 0.453238 0.394365 0.0886156 0.0444447 0.0193366
 0.513544 0.311876 0.12592 0.0282948 0.0203652
 0.462104 0.374013 0.105069 0.0424215 0.0163932
 0.324705 0.436329 0.166159 0.0466778 0.026129
 0.319571 0.355977 0.209639 0.0798328 0.0349807
 0.458814 0.279028 0.137152 0.0807702 0.0442356
 0.460484 0.362063 0.0914923 0.0449715 0.040989
 0.556137 0.311636 0.0887363 0.0224234 0.0210677
 0.571507 0.328002 0.0705547 0.02009 0.00984643
 0.470618 0.396104 0.102021 0.0219452 0.00931138
 0.480304 0.34192 0.133019 0.0342606 0.0104965
 0.459366 0.357305 0.120616 0.0469239 0.0157886
 0.562314 0.280185 0.104092 0.0351387 0.0182698
 0.536735 0.33755 0.0804764 0.0298981 0.0153403
 0.467111 0.374492 0.115413 0.027516 0.0154677
 0.533626 0.299863 0.117017 0.0360629 0.013431
 0.50099 0.350662 0.0953825 0.0372214 0.0157434
 0.339387 0.445398 0.151235 0.0411369 0.0228428
pobs_PELACES
 0 0 0 0 0
 0 0 0 0 0
 0 0 0 0 0
 0 0 0 0 0
 0 0 0 0 0
 0 0 0 0 0
 0 0 0 0 0
 0 0 0 0 0
 0 0 0 0 0
 0 0 0 0 0
 0.450072 0.473896 0.0757376 0.000293798 0
 0 0 0 0 0
 0.463077 0.371075 0.160297 0.00555027 0
 0.529543 0.364841 0.0842815 0.0213345 0
 0.631943 0.363953 0.00410389 0 0
 0.735681 0.248677 0.0153453 0.000297389 0
 0.695825 0.281241 0.0229344 0 0
 0.275771 0.60734 0.115278 0.00161068 0
 0 0 0 0 0
 0.896147 0.0623911 0.0374545 0.00400742 0
 0.803859 0.145111 0.0509908 3.86294e-05 0
 0.739449 0.233085 0.0266225 0.000797448 4.60066e-05
 0.878498 0.100942 0.0204185 0.000141795 0
 0.694673 0.275183 0.0284847 0.00165964 0
 0.469039 0.446079 0.0841089 0.000773354 0
ppred_PELACES
 0.581118 0.299279 0.107289 0.0123074 5.71006e-06
 0.484456 0.381498 0.0957722 0.0343336 0.0039403
 0.353566 0.425216 0.1637 0.0410955 0.0164232
 0.447985 0.294043 0.169691 0.0653275 0.022954
 0.534229 0.289192 0.0940586 0.0542807 0.0282395
 0.403997 0.415313 0.112189 0.0364889 0.0320127
 0.560658 0.255468 0.128129 0.0346115 0.0211335
 0.465477 0.385538 0.086632 0.0434499 0.0189037
 0.52636 0.303659 0.122603 0.0275494 0.0198287
 0.472093 0.367067 0.103117 0.0416337 0.0160888
 0.344064 0.423821 0.161396 0.0453396 0.02538
 0.337766 0.346458 0.204033 0.077698 0.0340454
 0.489261 0.26333 0.129436 0.0762261 0.041747
 0.513621 0.326404 0.0824814 0.0405424 0.036952
 0.598673 0.281771 0.0802325 0.0202745 0.0190487
 0.588881 0.314703 0.0676939 0.0192754 0.00944719
 0.483554 0.386425 0.0995283 0.021409 0.00908385
 0.489038 0.336174 0.130783 0.0336848 0.0103201
 0.466876 0.352342 0.118941 0.0462721 0.0155693
 0.569447 0.275619 0.102396 0.0345661 0.0179721
 0.540034 0.335146 0.0799033 0.0296852 0.0152311
 0.471527 0.371388 0.114457 0.027288 0.0153395
 0.538946 0.296443 0.115682 0.0356515 0.0132778
 0.505977 0.347158 0.0944293 0.0368495 0.015586
 0.343506 0.442622 0.150292 0.0408804 0.0227004
pobs_pel_tallas
 0 0 0 0 0 0 0 0 0 0 0 0 0 0 0 0 0 0 0 0 0 0 0 0 0 0 0 0 0 0 0 0 0 0 0 0
 0 0 0 0 0 0 0 0 0 0 0 0 0 0 0 0 0 0 0 0 0 0 0 0 0 0 0 0 0 0 0 0 0 0 0 0
 0 0 0 0 0 0 0 0 0 0 0 0 0 0 0 0 0 0 0 0 0 0 0 0 0 0 0 0 0 0 0 0 0 0 0 0
 0 0 0 0 0 0 0 0 0 0 0 0 0 0 0 0 0 0 0 0 0 0 0 0 0 0 0 0 0 0 0 0 0 0 0 0
 0 0 0 0 0 0 0 0 0 0 0 0 0 0 0 0 0 0 0 0 0 0 0 0 0 0 0 0 0 0 0 0 0 0 0 0
 0 0 0 0 0 0 0 0 0 0 0 0 0 0 0 0 0 0 0 0 0 0 0 0 0 0 0 0 0 0 0 0 0 0 0 0
 0 0 0 0 0 0 0 0 0 0 0 0 0 0 0 0 0 0 0 0 0 0 0 0 0 0 0 0 0 0 0 0 0 0 0 0
 0 0 0 0 0 0 0 0 0 0 0 0 0 0 0 0 0 0 0 0 0 0 0 0 0 0 0 0 0 0 0 0 0 0 0 0
 0 0 0 0 0 0 0 0 0 0 0 0 0 0 0 0 0 0 0 0 0 0 0 0 0 0 0 0 0 0 0 0 0 0 0 0
 0 0 0 0 0 0 0 0 0 0 0 0 0 0 0 0 0 0 0 0 0 0 0 0 0 0 0 0 0 0 0 0 0 0 0 0
 0 0 0 0 0 0 0 0 1.78061e-05 0.00172719 0.00360574 0.0105946 0.0120993 0.0124554 0.0147524 0.0171206 0.0266825 0.0428682 0.0675386 0.121331 0.153587 0.119568 0.100827 0.0573624 0.0630603 0.0341343 0.0324427 0.0444173 0.0211091 0.0280891 0.0125444 0.00206551 0 0 0 0
 0 0 0 0 0 0 0 0 0 0 0 0 0 0 0 0 0 0 0 0 0 0 0 0 0 0 0 0 0 0 0 0 0 0 0 0
 0 0 0 0 0 0 0.0133647 0.0140871 0.0187388 0.0205184 0.03894 0.0496705 0.03968 0.0493445 0.0407372 0.0367815 0.0215668 0.0243155 0.0234873 0.0199281 0.019796 0.0243948 0.0301388 0.0376714 0.0412746 0.0863199 0.0771752 0.113111 0.0741005 0.0525337 0.0229764 0.00759418 0.00175318 0 0 0
 0 0 0 0 0 0 0 0 0 0 0.00219441 0.00772107 0.0458388 0.0604681 0.0671733 0.0775358 0.0609151 0.0617685 0.073594 0.0568108 0.0755445 0.0548602 0.0670107 0.0636378 0.0643287 0.046367 0.0373049 0.0286899 0.0247887 0.0153202 0.00654259 0.00121912 0.000365735 0 0 0
 0 0 0 0 0 0 0 0 0 0 0 0 0.000112435 0.00938835 0.0111873 0.0202946 0.0414886 0.0713402 0.111592 0.104902 0.108894 0.110636 0.117776 0.105296 0.107544 0.0401394 0.0192827 0.0124803 0.00416011 0.0028671 0.000618394 0 0 0 0 0
 0 0 0 0 0 0 0 0 0 0 0.00291406 0.0102884 0.027416 0.0768956 0.0749926 0.110853 0.0956884 0.0897413 0.0766577 0.0534642 0.0500743 0.0551293 0.0594112 0.0620874 0.0668451 0.0424026 0.0208742 0.0120726 0.0048766 0.00582813 0.00118941 0.000297354 0 0 0 0
 0 0.00264628 0.0354308 0.0461629 0.0458689 0.0383711 0.0214643 0.0164657 0.0346957 0.0420465 0.0363128 0.0245516 0.0311673 0.0291091 0.0169068 0.0133784 0.00837989 0.0085269 0.0148486 0.0160247 0.0276389 0.0546898 0.0760071 0.122758 0.109233 0.0665981 0.0333725 0.0166128 0.00676272 0.00308733 0.000882094 0 0 0 0 0
 0 0 0 0 0 0 0 0.000805153 0.000690131 0.00759144 0.0133425 0.0154129 0.00931677 0.000345066 0.00356568 0.00563607 0.00851162 0.0253048 0.0502646 0.0516448 0.0657925 0.0565908 0.0611916 0.0827007 0.0866115 0.110766 0.145733 0.0935128 0.0569358 0.0249597 0.0138026 0.00621118 0.00161031 0.00115022 0 0
 0 0 0 0 0 0 0 0 0 0 0 0 0 0 0 0 0 0 0 0 0 0 0 0 0 0 0 0 0 0 0 0 0 0 0 0
 0.00147267 0.00158595 0.00478618 0.00569244 0.00954404 0.0108468 0.00647125 0.017049 0.0510054 0.094081 0.124002 0.0959785 0.0687766 0.0820023 0.061753 0.0591476 0.0492212 0.0479892 0.0443925 0.0268479 0.0217502 0.0140895 0.0121071 0.0120363 0.00920419 0.00665534 0.0049561 0.00860946 0.00930331 0.0156896 0.0114698 0.00855282 0.00243557 0.00046729 0 2.83206e-05
 0 0 0 0 0.000772559 0.00158375 0.000888443 0.00281984 0.00712685 0.0440552 0.0773331 0.111326 0.0921469 0.0852325 0.0710754 0.0886704 0.0786465 0.0553345 0.0373146 0.0185414 0.00753245 0.00457741 0.012979 0.0271748 0.0457355 0.0583668 0.034881 0.0177882 0.00938659 0.00492506 0.0015258 0.00185414 0.000309023 5.79419e-05 3.86279e-05 0
 0 0.00173294 0.00326652 0 0.00397197 0.00683976 0.00946217 0.0152591 0.00757587 0.0136028 0.0228656 0.0392903 0.0559909 0.0764795 0.0681675 0.0726916 0.0566044 0.0477403 0.0527397 0.0444891 0.0609904 0.0582453 0.0661739 0.0445044 0.0529084 0.0360697 0.0280645 0.0235558 0.0158879 0.00826598 0.00280645 0.00217768 0.000904811 0.00058276 9.20147e-05 0
 0 0 0 0 0 0 0 0 0 0 0 0 0 0 0 0 0 0 0 0 0 0 0 0 0 0 0 0 0 0 0 0 0 0 0 0
 0 0 0 0 0 0 0 0 0 0 0 0 0 0 0 0 0 0 0 0 0 0 0 0 0 0 0 0 0 0 0 0 0 0 0 0
 0 0 0 0 0 0 0 0 0 0 0 0 0 0 0 0 0 0 0 0 0 0 0 0 0 0 0 0 0 0 0 0 0 0 0 0
ppred_pel_tallas
 1.02044e-16 2.53645e-05 0.000148845 0.000707492 0.0027238 0.00849384 0.0214549 0.043901 0.072776 0.0977518 0.106414 0.0939629 0.0674752 0.0398101 0.0201274 0.0102437 0.00747098 0.00860944 0.0116723 0.0157171 0.0202293 0.0247533 0.028802 0.0319081 0.0337166 0.0340615 0.0329962 0.0307655 0.0277328 0.0242896 0.0207764 0.0174364 0.0144075 0.0117411 0.00943482 0.0074621
 1.02848e-16 2.11528e-05 0.000124112 0.000589889 0.00227097 0.00708169 0.0178881 0.0366036 0.0606828 0.0815204 0.0887765 0.0784645 0.0565106 0.0336726 0.0176374 0.00997864 0.00851405 0.0106172 0.0146353 0.0197305 0.0253558 0.0309559 0.0359179 0.0396558 0.0417328 0.0419585 0.0404258 0.0374708 0.0335763 0.0292516 0.0249291 0.0209055 0.017332 0.014244 0.0116072 0.00936075
 1.04642e-16 1.54473e-05 9.06108e-05 0.000430613 0.0016577 0.00516922 0.0130574 0.0267201 0.0443023 0.0595294 0.0648659 0.0574213 0.0415514 0.0251534 0.0138995 0.00901299 0.00897852 0.0119409 0.0167173 0.0226583 0.0292529 0.0359139 0.0419664 0.0467513 0.049761 0.0507474 0.0497651 0.0471312 0.0433256 0.0388655 0.0341984 0.0296415 0.0253738 0.0214658 0.0179262 0.0147418
 1.05822e-16 1.95591e-05 0.000114763 0.000545461 0.00209994 0.00654836 0.0165408 0.0338464 0.0561104 0.0753739 0.0820721 0.0725133 0.0521694 0.0309765 0.0160283 0.00876618 0.00716338 0.00879612 0.0121633 0.0165457 0.021523 0.026687 0.0315784 0.0357379 0.0387932 0.0405312 0.040928 0.0401267 0.0383771 0.0359594 0.0331221 0.0300491 0.0268599 0.0236298 0.0204179 0.0172854
 1.04615e-16 2.33193e-05 0.00013684 0.000650419 0.00250406 0.00780859 0.0197241 0.0403594 0.0669055 0.0898682 0.0978364 0.0863987 0.0620652 0.0366626 0.018619 0.00961391 0.0071872 0.00840825 0.0114599 0.0154815 0.0200005 0.0245934 0.0288036 0.0321904 0.0344159 0.035316 0.0349278 0.0334602 0.0312252 0.0285525 0.0257189 0.0229104 0.0202209 0.017677 0.0152732 0.0130009
 1.04478e-16 1.76458e-05 0.000103519 0.000491984 0.001894 0.00590611 0.0149187 0.0305283 0.050614 0.0680034 0.0740807 0.0655337 0.0473241 0.0284525 0.0153686 0.00943199 0.00887087 0.0115319 0.0160478 0.0216904 0.0279261 0.0341704 0.0397645 0.0440737 0.0466217 0.0471951 0.0458825 0.0430317 0.0391456 0.0347532 0.0303008 0.0260902 0.0222718 0.0188782 0.0158753 0.0132091
 1.04079e-16 2.44705e-05 0.000143601 0.000682569 0.00262786 0.00819465 0.0206992 0.0423544 0.0702112 0.0943043 0.102655 0.0906278 0.0650466 0.0383101 0.0192465 0.00959876 0.00676683 0.00766369 0.010385 0.0140506 0.01821 0.0224834 0.0264637 0.0297522 0.0320332 0.0331372 0.0330669 0.0319759 0.0301131 0.0277523 0.0251336 0.0224312 0.0197512 0.0171493 0.0146562 0.0122977
 1.03732e-16 2.03254e-05 0.000119253 0.000566792 0.00218204 0.00680437 0.0171876 0.0351704 0.0583073 0.078331 0.0853079 0.0754099 0.0543349 0.0324248 0.0170729 0.00980036 0.00851935 0.0107134 0.0147968 0.0199591 0.0256609 0.0313471 0.0364032 0.040242 0.0424269 0.0427693 0.0413644 0.0385497 0.0348064 0.0306382 0.0264674 0.0225768 0.0191029 0.0160677 0.0134281 0.0111205
 1.03713e-16 2.29769e-05 0.000134828 0.000640851 0.00246721 0.00769368 0.0194338 0.0397657 0.0659219 0.0885488 0.0964048 0.0851459 0.0611902 0.0361959 0.0184749 0.00969119 0.00743025 0.00881153 0.0120459 0.016278 0.0210239 0.0258378 0.0302341 0.0337416 0.0359961 0.0368169 0.0362372 0.034476 0.0318676 0.0287729 0.0255042 0.0222825 0.0192334 0.016408 0.0138159 0.0114536
 1.03766e-16 2.06132e-05 0.000120945 0.000574836 0.00221302 0.00690097 0.0174316 0.0356695 0.0591341 0.0794397 0.08651 0.07646 0.0550642 0.0328055 0.0171741 0.00970377 0.00826878 0.0103125 0.0142297 0.0192118 0.0247369 0.0302761 0.0352443 0.0390789 0.041356 0.0418838 0.0407366 0.0382181 0.0347698 0.0308582 0.0268783 0.0230999 0.019661 0.0165965 0.0138827 0.0114774
 1.05173e-16 1.50329e-05 8.81781e-05 0.000419048 0.00161317 0.00503037 0.0127067 0.0260024 0.0431127 0.057932 0.0631279 0.055889 0.0404562 0.0245177 0.0135975 0.0088915 0.00893061 0.0119143 0.016694 0.0226362 0.0292379 0.0359171 0.0420041 0.0468441 0.0499325 0.0510217 0.0501639 0.0476703 0.0440124 0.0396967 0.0351591 0.0307061 0.026508 0.0226298 0.0190784 0.0158431
 1.0727e-16 1.47552e-05 8.65546e-05 0.000411346 0.00158354 0.00493798 0.0124732 0.0255242 0.042318 0.0568586 0.0619438 0.0548063 0.039598 0.0238499 0.0129636 0.00809013 0.0077683 0.0102247 0.0143495 0.0195713 0.0254813 0.0316211 0.0374548 0.0424422 0.0461438 0.0483055 0.0488939 0.0480708 0.046122 0.0433694 0.0400977 0.0365178 0.0327669 0.0289338 0.0250905 0.0213149
 1.06494e-16 2.13575e-05 0.000125324 0.000595679 0.00229331 0.00715137 0.018064 0.0369626 0.0612745 0.0823052 0.0896044 0.0791326 0.0568537 0.0336011 0.0170975 0.00888713 0.00672605 0.00794278 0.0108892 0.0147962 0.0192511 0.0238842 0.0282894 0.032064 0.0348846 0.0365695 0.0371036 0.0366163 0.035325 0.0334664 0.0312409 0.0287862 0.0261809 0.0234672 0.02068 0.0178667
 1.04397e-16 2.24222e-05 0.000131569 0.000625356 0.00240755 0.00750761 0.0189639 0.0388043 0.0643289 0.0864114 0.0940843 0.0831117 0.0597617 0.0354177 0.0182 0.00974323 0.00770101 0.00926727 0.0126919 0.0171232 0.0220587 0.0270225 0.0314976 0.034989 0.0371249 0.0377382 0.0368961 0.034865 0.0320296 0.0287912 0.0254842 0.0223289 0.0194292 0.0168008 0.014413 0.0122263
 1.02818e-16 2.61291e-05 0.000153336 0.000728847 0.00280603 0.00875028 0.0221027 0.0452262 0.0749718 0.100699 0.109616 0.0967734 0.0694581 0.0409088 0.0205509 0.0102425 0.00720118 0.00812002 0.0109496 0.0147284 0.01895 0.0231829 0.0269724 0.0298858 0.0315979 0.0319623 0.0310384 0.0290621 0.0263757 0.023341 0.0202649 0.0173568 0.014724 0.0123926 0.0103426 0.00853832
 1.02168e-16 2.57035e-05 0.000150834 0.000716946 0.00276019 0.00860733 0.0217416 0.0444877 0.0737488 0.0990591 0.107839 0.0952252 0.0683904 0.0403674 0.0204402 0.0104512 0.00767667 0.00887124 0.0120145 0.0161393 0.0207074 0.0252384 0.0292223 0.0321771 0.0337472 0.0337837 0.0323743 0.0298087 0.0264979 0.0228724 0.0192957 0.0160142 0.0131488 0.0107203 0.00868835 0.00698968
 1.02699e-16 2.11137e-05 0.000123882 0.000588795 0.00226676 0.00706854 0.0178549 0.0365357 0.0605704 0.0813699 0.0886139 0.0783239 0.0564161 0.0336299 0.0176398 0.010019 0.00859137 0.0107366 0.0148047 0.0199559 0.0256383 0.0312884 0.0362846 0.040032 0.042088 0.0422602 0.0406446 0.0375849 0.0335745 0.0291347 0.024709 0.0206024 0.0169718 0.0138544 0.0112142 0.00898674
 1.03606e-16 2.13509e-05 0.000125278 0.000595445 0.00229238 0.00714846 0.0180567 0.0369482 0.0612528 0.0822822 0.0895955 0.0791634 0.0569598 0.0338321 0.0175241 0.0096072 0.00786312 0.00963394 0.0132605 0.0179281 0.0231398 0.0284092 0.0331987 0.0369858 0.0393686 0.04015 0.0393722 0.0372852 0.0342679 0.0307294 0.0270239 0.0234035 0.0200113 0.016905 0.0140928 0.0115659
 1.04121e-16 2.03851e-05 0.000119607 0.00056848 0.00218855 0.00682467 0.0172389 0.035275 0.0584799 0.0785601 0.0855502 0.075607 0.0544399 0.0324137 0.0169333 0.0095128 0.0080485 0.0100128 0.0138229 0.018689 0.02411 0.0295813 0.0345429 0.0384521 0.0408947 0.0416729 0.0408401 0.0386662 0.0355532 0.03193 0.0281627 0.0245052 0.0210938 0.0179739 0.0151407 0.0125747
 1.03571e-16 2.48545e-05 0.000145854 0.000693275 0.00266907 0.00832317 0.0210238 0.0430187 0.0713129 0.0957852 0.10427 0.0920606 0.0660902 0.0389549 0.0196254 0.00987598 0.0070681 0.00806527 0.0109262 0.0147422 0.0190335 0.0233864 0.0273601 0.0305289 0.0325655 0.0333095 0.0327946 0.031222 0.0288958 0.0261421 0.0232403 0.0203852 0.0176836 0.015175 0.0128624 0.0107393
 1.02976e-16 2.35744e-05 0.000138333 0.000657507 0.00253133 0.00789364 0.0199389 0.0407994 0.067636 0.0908529 0.0989176 0.0873751 0.0628137 0.037199 0.0190642 0.0101219 0.0078978 0.00943412 0.0128841 0.0173477 0.0222951 0.0272281 0.0316085 0.0349236 0.0367921 0.0370488 0.0357761 0.0332683 0.0299465 0.0262529 0.0225598 0.0191193 0.0160559 0.0133931 0.0110958 0.00910902
 1.03401e-16 2.05887e-05 0.000120801 0.00057415 0.00221038 0.00689273 0.0174108 0.0356269 0.0590637 0.0793456 0.0864088 0.0763734 0.0550082 0.032785 0.0171869 0.00974822 0.00834823 0.010435 0.0144053 0.0194495 0.025041 0.0306435 0.0356626 0.0395254 0.0417998 0.0422879 0.0410629 0.0384318 0.0348439 0.0307769 0.0266388 0.0227128 0.0191487 0.0159908 0.0132208 0.0107981
 1.03585e-16 2.35255e-05 0.000138049 0.000656165 0.00252618 0.00787757 0.0198983 0.040716 0.0674968 0.0906628 0.0987028 0.0871667 0.0626233 0.0370052 0.0188169 0.009755 0.00733999 0.00861669 0.0117515 0.0158728 0.0204968 0.0251858 0.0294654 0.0328761 0.0350633 0.0358517 0.0352752 0.0335486 0.030999 0.0279789 0.0247927 0.0216554 0.0186882 0.0159396 0.0134179 0.0111193
 1.03449e-16 2.20898e-05 0.000129616 0.000616065 0.00237177 0.00739602 0.018682 0.0382278 0.0633739 0.085131 0.0926964 0.0819002 0.0589223 0.034984 0.0180944 0.00987513 0.00802552 0.0097884 0.013439 0.0181258 0.0233275 0.028537 0.0331992 0.0367819 0.0388857 0.0393312 0.0381924 0.0357603 0.0324567 0.0287268 0.0249471 0.0213743 0.0181386 0.0152713 0.012747 0.0105217
 1.04743e-16 1.50093e-05 8.80378e-05 0.000418378 0.00161059 0.00502229 0.0126863 0.0259609 0.0430444 0.0578417 0.0630337 0.0558156 0.0404246 0.0245413 0.0136871 0.00906281 0.00920771 0.0123269 0.0172696 0.023391 0.0301662 0.0369841 0.0431431 0.0479607 0.0509168 0.0517654 0.0505785 0.0477032 0.0436541 0.0389809 0.0341544 0.0295026 0.0252023 0.0213122 0.0178234 0.0147044
pSPR Fmed_Fpbrs
0.637587   0.255595 0.255595
Fs Fmed_Fpbrs
0.241397   1.005 1.005
SSBpbr Bo_Bmed_Bpbrs
1.10122e+06  647064  226406 226406
Ro
50011.1
SPR SPRFo_SPRFmed_SPRFpbrs
1.02837e+06 655674 262846
log_Ro
10.64
likeval ReclasPelacesDesembMPH_pf_preclas_ppelaces_ptallas_desvR_qrecl_qpela
 139.465 67.5251 0.0313464 0.000861907 343.05 210.696 80.9403 0 13.5635 0 0 0 0 0 0
q_reclas_q_pelaces
1 1
M
0.7
N
 59058 17216.3 6171.9 707.991 0.328475
 57471 25255.7 6340.24 2272.93 260.853
 34013.3 25001.7 9625.17 2416.32 965.647
 38670.2 13260.7 7652.69 2946.13 1035.17
 66647.3 18213.5 5923.85 3418.62 1778.54
 56459.4 32714.4 8837.16 2874.25 2521.66
 99574.2 24268.2 12171.6 3287.91 2007.58
 97250.5 45589.3 10244.1 5137.88 2235.34
 126726 41593.7 16793.5 3773.57 2716.04
 125245 53862.4 15131.1 6109.21 2360.82
 71845.2 55072.9 20972.4 5891.61 3297.97
 43431.6 27409.5 16141.8 6146.97 2693.45
 45908.8 16798 8256.76 4862.5 2663.06
 29007.2 15744.5 3978.6 1955.61 1782.43
 20706.5 7556.65 2151.71 543.73 510.855
 18956.5 6060.76 1303.7 371.219 181.941
 16658.4 7583.43 1953.21 420.143 178.267
 18836.1 7069.41 2750.24 708.359 217.022
 20665 8413.19 2840.06 1104.88 371.762
 35969.6 9364.32 3478.97 1174.4 610.612
 50984.3 16357.6 3899.87 1448.85 743.389
 59060.9 24319.8 7495.03 1786.91 1004.48
 95769.5 27794.5 10846.3 3342.69 1244.93
 123570 44572.7 12124.1 4731.21 2001.14
 85620.6 57763.4 19613.5 5335.01 2962.47
pred_Ctot
 5947.71 3254.71 1166.79 133.845 0.0620979
 5162.36 4288.43 1076.58 385.945 44.293
 5330.42 7091.04 2729.91 685.323 273.879
 1437.56 963.464 556.01 214.053 75.2111
 553.04 300.73 97.8111 56.4463 29.3661
 5503.61 5998.69 1620.43 527.038 462.385
 5613.27 2641.72 1324.94 357.907 218.535
 9786.17 8612.09 1935.17 970.578 422.269
 13250.9 8143.85 3288.09 738.848 531.787
 10386.7 8481.21 2382.56 961.96 371.736
 12156.5 16725.5 6369.27 1789.27 1001.59
 7007.38 7979 4698.92 1789.4 784.072
 10433.7 6589.15 3238.79 1907.36 1044.61
 10287.6 8811.98 2226.76 1094.53 997.6
 6301.34 3762.05 1071.22 270.694 254.328
 2683.59 1568.37 337.362 96.0617 47.0814
 1757.94 1497.58 385.719 82.9699 35.2042
 1370.49 982.968 382.408 98.4939 30.1759
 1306.8 1022.89 345.3 134.334 45.1996
 2189.77 1097.7 407.81 137.665 71.5768
 1449.04 913.599 217.814 80.9208 41.5195
 2228.92 1793.16 552.627 131.753 74.0629
 4339.21 2448.77 955.591 294.5 109.681
 5231.16 3675.95 999.884 390.188 165.036
 3334.92 4392.34 1491.42 405.675 225.267
F
 0.149469 0.298938 0.298938 0.298938 0.298938
 0.132335 0.26467 0.26467 0.26467 0.26467
 0.241944 0.483889 0.483889 0.483889 0.483889
 0.0529093 0.105819 0.105819 0.105819 0.105819
 0.0115977 0.0231953 0.0231953 0.0231953 0.0231953
 0.144356 0.288713 0.288713 0.288713 0.288713
 0.0812312 0.162462 0.162462 0.162462 0.162462
 0.14934 0.29868 0.29868 0.29868 0.29868
 0.155597 0.311195 0.311195 0.311195 0.311195
 0.121613 0.243226 0.243226 0.243226 0.243226
 0.263624 0.527248 0.527248 0.527248 0.527248
 0.249929 0.499858 0.499858 0.499858 0.499858
 0.370164 0.740328 0.740328 0.740328 0.740328
 0.645116 1.29023 1.29023 1.29023 1.29023
 0.528612 1.05722 1.05722 1.05722 1.05722
 0.216182 0.432364 0.432364 0.432364 0.432364
 0.157138 0.314276 0.314276 0.314276 0.314276
 0.105976 0.211952 0.211952 0.211952 0.211952
 0.0915322 0.183064 0.183064 0.183064 0.183064
 0.0879817 0.175963 0.175963 0.175963 0.175963
 0.0402265 0.080453 0.080453 0.080453 0.080453
 0.0537319 0.107464 0.107464 0.107464 0.107464
 0.064823 0.129646 0.129646 0.129646 0.129646
 0.0604507 0.120901 0.120901 0.120901 0.120901
 0.0554986 0.110997 0.110997 0.110997 0.110997
YTP_r0W_actual
 37351.2 96631.5 49216.8 16673.3 9641.42
YTP_p0W_proyectada
 123517 415144 386288 171102 76804.1
 123517 154143 110019 91596.5 41992.8
CTP_r0_actual
 3334.92 4392.34 1491.42 405.675 225.267
CTP_p0_proyectada
 14531.4 19399.3 12381 4203.97 1651.7
 14531.4 7202.95 3526.25 2250.53 903.07
Wmedp
 8.5 21.4 31.2 40.7 46.5
nmprior
 10.6 11 7 0
nm_flota  nm_reclas  nm_pelaces    nm_pelaL
inf 13.8679 14.4054 32.069
cv_recla  cv_pelaces  cv_mph
1.06821 0.931761 0.952508
 ------------------------------------------------
Talla a la edad & desviaci?n 
 7.2 14.2025 17.0495 18.207 18.6776
 1.08 2.13037 2.55742 2.73105 2.80164
