years
 1997 1998 1999 2000 2001 2002 2003 2004 2005 2006 2007 2008 2009 2010 2011 2012 2013 2014 2015 2016 2017 2018 2019 2020 2021
reclasobs
 0 0 0 370054 412103 1.49427e+06 250295 1.28982e+06 931140 785840 897777 1.04006e+06 184774 17550 25797 100020 73551 82996 120727 218422 84188 347160 605670 569463 516374
reclaspred
 1.86747e+06 236715 313235 105584 237317 245932 538279 446501 598252 1.01928e+06 905442 575100 359418 157056 95751.6 90357.2 101601 120958 105137 172401 295497 259742 432429 495959 418429
pelacesobs
 0 0 0 0 0 0 0 0 0 2.06254e+06 1.5e+06 0 1.87456e+06 323000 250000 174000 83755 137374 0 501740 490994 745055 786931 1.00524e+06 1.33801e+06
pelacespred
 1.2739e+06 466200 142916 110579 218392 156497 515758 417402 563845 969638 729380 474241 317109 108729 67530.7 68017 79532.6 96403.7 83157.9 140367 267716 225390 297787 397392 312825
mphobs
 0 0 0 0 0 112323 0 153150 637223 0 255016 313432 73983 77613 109348 50772 0 0 0 0 0 0 0 0 0
mphpred
 1.98729e+06 847501 373360 177183 129972 332434 372993 493748 525518 740040 1.25908e+06 880447 487031 275598 118141 92635.2 103850 125305 133617 128839 256389 333167 379269 531715 605623
desembarqueobs
 350755 77701 442110 56441 14545 235359 269955 359681 431902 328805 639364 411747 362871 311530 167758 66681 60226 58785 57116 73181 50977 67692 138656 160484 209506
desembarquepred
 350744 77680.3 441591 56420.5 14543.8 235230 269863 359184 431498 328575 638709 411406 362328 311100 167435 66635.8 60208.1 58746.7 57073.4 73117 50965.1 67655.5 138585 160412 209420
Reclutas
 8583.88 12897.8 1854.61 10111.2 55538.3 18401.8 56410 71916.5 97891.1 211365 54680.4 24862 53377.2 22857.8 14828.6 15191.4 10324.2 10192.7 8320.65 27943.9 31585.6 31406.2 61220.6 50747.5 2029.49
log_desv_Rt
 -0.982359 -0.575191 -2.51457 -0.818598 0.884828 -0.219799 0.900401 1.14326 1.45161 2.22134 0.869261 0.0810956 0.845139 -0.00295062 -0.43569 -0.411515 -0.797758 -0.810572 -1.0135 0.197955 0.320457 0.314762 0.982238 0.794617 -2.42446
SSB
 1.98729e+06 847501 373360 177183 129972 332434 372993 493748 525518 740040 1.25908e+06 880447 487031 275598 118141 92635.2 103850 125305 133617 128839 256389 333167 379269 531715 605623
BT
 2.50163e+06 1.00331e+06 503603 264299 403395 462864 1.11944e+06 1.13286e+06 1.40056e+06 2.0404e+06 1.85867e+06 1.21819e+06 926576 491092 259612 176464 191134 219989 198436 311211 519481 467562 629946 841638 727657
Ftot
 0.125071 0.228328 0.872544 0.44739 0.106308 0.69478 0.622018 1.01426 0.939577 0.478619 0.534978 0.509346 0.964354 1.58391 1.72476 0.739948 0.569893 0.449158 0.442907 0.553324 0.176112 0.219383 0.294359 0.282053 0.32411
BD_Bspro_t
 0.980449 0.855828 0.64182 0.311786 0.401512 0.684651 0.527399 0.54293 0.512407 0.548222 0.640381 0.476936 0.341099 0.258374 0.148182 0.145686 0.212158 0.317506 0.386744 0.437022 0.629825 0.739457 0.730437 0.734381 0.701947
BD_Bspro
 4.21562 1.7978 0.792007 0.375856 0.275708 0.70519 0.791228 1.04738 1.11478 1.56984 2.67087 1.86769 1.03314 0.584625 0.250611 0.196506 0.220296 0.265808 0.28344 0.273305 0.543877 0.706746 0.804541 1.12792 1.2847
BD_Bo
 2.04227 0.870948 0.38369 0.182084 0.133567 0.341631 0.383312 0.507408 0.540057 0.760514 1.29391 0.904805 0.500505 0.283223 0.121409 0.095198 0.106723 0.128772 0.137313 0.132403 0.263482 0.342385 0.389762 0.546425 0.622378
BD_Brms
 6.79521 2.89789 1.27664 0.605847 0.444417 1.1367 1.27539 1.68829 1.79692 2.53045 4.30521 3.01055 1.66532 0.942364 0.403962 0.316751 0.355097 0.42846 0.45688 0.440543 0.876681 1.13921 1.29685 1.81811 2.07083
S_f
 0.144904 1 1 1 1
 0.144904 1 1 1 1
 0.144904 1 1 1 1
 0.144904 1 1 1 1
 0.144904 1 1 1 1
 0.144904 1 1 1 1
 0.144904 1 1 1 1
 0.144904 1 1 1 1
 0.144904 1 1 1 1
 0.144904 1 1 1 1
 0.144904 1 1 1 1
 0.144904 1 1 1 1
 0.144904 1 1 1 1
 0.144904 1 1 1 1
 0.144904 1 1 1 1
 0.144904 1 1 1 1
 0.144904 1 1 1 1
 0.144904 1 1 1 1
 0.144904 1 1 1 1
 0.144904 1 1 1 1
 0.144904 1 1 1 1
 0.144904 1 1 1 1
 0.144904 1 1 1 1
 0.144904 1 1 1 1
 0.144904 1 1 1 1
Scru_reclas
 0.856447 1 1 1 1
 0.856447 1 1 1 1
 0.856447 1 1 1 1
 0.856447 1 1 1 1
 0.856447 1 1 1 1
 0.856447 1 1 1 1
 0.856447 1 1 1 1
 0.856447 1 1 1 1
 0.856447 1 1 1 1
 0.856447 1 1 1 1
 0.856447 1 1 1 1
 0.856447 1 1 1 1
 0.856447 1 1 1 1
 0.856447 1 1 1 1
 0.856447 1 1 1 1
 0.856447 1 1 1 1
 0.856447 1 1 1 1
 0.856447 1 1 1 1
 0.856447 1 1 1 1
 0.856447 1 1 1 1
 0.856447 1 1 1 1
 0.856447 1 1 1 1
 0.856447 1 1 1 1
 0.856447 1 1 1 1
 0.856447 1 1 1 1
Scru_pelaces
 1 1 1 1 1
 1 1 1 1 1
 1 1 1 1 1
 1 1 1 1 1
 1 1 1 1 1
 1 1 1 1 1
 1 1 1 1 1
 1 1 1 1 1
 1 1 1 1 1
 1 1 1 1 1
 1 1 1 1 1
 1 1 1 1 1
 1 1 1 1 1
 1 1 1 1 1
 1 1 1 1 1
 1 1 1 1 1
 1 1 1 1 1
 1 1 1 1 1
 1 1 1 1 1
 1 1 1 1 1
 1 1 1 1 1
 1 1 1 1 1
 1 1 1 1 1
 1 1 1 1 1
 1 1 1 1 1
pf_obs 
 0.256992 0.487395 0.22802 0.0275931 0
 0.321318 0.546541 0.124235 0.00734118 0.000564706
 0.182869 0.594174 0.210203 0.0122559 0.00049798
 0.330522 0.361315 0.267642 0.0388342 0.00168674
 0.649043 0.306663 0.0425973 0.00169635 0
 0.582887 0.30429 0.105238 0.00758474 0
 0.465427 0.430635 0.0974691 0.00646863 0
 0.296916 0.608066 0.0921331 0.00288517 0
 0.311714 0.524322 0.152257 0.0117073 0
 0.15457 0.633149 0.183074 0.0267441 0.00246327
 0.131901 0.49318 0.331252 0.0422183 0.00144891
 0.196976 0.569456 0.194076 0.0375587 0.00193317
 0.518974 0.381816 0.0799577 0.0180837 0.00116848
 0.0928022 0.601141 0.25162 0.0475244 0.00691264
 0.122501 0.610282 0.24278 0.0234846 0.000952079
 0.383417 0.481906 0.127806 0.00687128 0
 0.0376549 0.599619 0.316969 0.0457579 0
 0.0361596 0.667082 0.258105 0.0386534 0
 0.158088 0.579412 0.248529 0.0139706 0
 0.0477256 0.309471 0.559284 0.082774 0.000745712
 0.0406174 0.521527 0.379366 0.0568643 0.0016247
 0.151134 0.462217 0.34131 0.0453401 0
 0.294876 0.26143 0.354403 0.0886775 0.000613685
 0.281977 0.475581 0.204845 0.0348837 0.00271318
 0.0841818 0.532909 0.334909 0.0458182 0.00218182
pf_pred 
 0.0164716 0.635601 0.307309 0.0406173 1.90936e-06
 0.0504283 0.103823 0.546561 0.264259 0.034929
 0.0167304 0.285673 0.0762726 0.401528 0.219796
 0.247387 0.116625 0.184776 0.0493338 0.401879
 0.568014 0.319204 0.0174766 0.0276893 0.0676158
 0.101867 0.813006 0.0629021 0.00344393 0.0187808
 0.393492 0.319206 0.260071 0.0201217 0.00710941
 0.330405 0.575495 0.0495246 0.0403499 0.00422488
 0.350764 0.553024 0.0826916 0.00711608 0.00640484
 0.423832 0.494323 0.0697167 0.0104245 0.00170451
 0.0781464 0.797885 0.106359 0.0150003 0.00260968
 0.0693315 0.402963 0.456741 0.0608839 0.0100806
 0.271802 0.290109 0.189685 0.214999 0.0334048
 0.16139 0.678257 0.0638835 0.0417695 0.0546998
 0.236286 0.577783 0.150378 0.0141638 0.0213885
 0.295651 0.594871 0.0828253 0.0215567 0.00509641
 0.179314 0.66322 0.132991 0.0185166 0.00595865
 0.197055 0.535673 0.21599 0.0433109 0.00797083
 0.168406 0.564634 0.178099 0.0718115 0.01705
 0.446953 0.351183 0.137061 0.0432323 0.0215706
 0.251389 0.658952 0.0569326 0.0222199 0.0105056
 0.187763 0.581727 0.202903 0.0175305 0.0100768
 0.294949 0.45095 0.181988 0.0634762 0.00863667
 0.17719 0.632943 0.121439 0.0490084 0.0194197
 0.00855264 0.624994 0.281893 0.0540849 0.0304757
pobs_RECLAS
 0 0 0 0 0
 0 0 0 0 0
 0 0 0 0 0
 0 0 0 0 0
 0.835266 0.146461 0.0176864 0.000547809 3.91292e-05
 0.385257 0.428462 0.181853 0.0044286 0
 0.867414 0.0963971 0.0333333 0.00285562 0
 0.441836 0.489002 0.0689373 0.000224442 0
 0.779404 0.147425 0.0564933 0.0165055 0.000172143
 0.814271 0.122319 0.05973 0.00367925 0
 0.40263 0.566651 0.0304383 0.000280538 0
 0.475488 0.404961 0.113038 0.00651328 0
 0.955842 0.0263864 0.0167828 0.000988607 0
 0.975058 0.0227948 0.00214734 0 0
 0.738997 0.206755 0.0527124 0.00153531 0
 0.850938 0.134255 0.0134407 0.00136685 0
 0.542534 0.407297 0.0501686 0 0
 0.764087 0.199537 0.0359546 0.000420521 0
 0.470689 0.182191 0.310203 0.0369168 0
 0.84361 0.089868 0.0606195 0.00523954 0.000663233
 0.607945 0.314616 0.071237 0.00620181 0
 0.523733 0.453247 0.0230204 0 0
 0.530135 0.295979 0.169645 0.0042399 0
 0.562478 0.366248 0.0663022 0.0049721 0
 0.250443 0.683176 0.0655157 0.000865301 0
ppred_RECLAS
 0.0906292 0.587677 0.284138 0.0375548 1.76539e-06
 0.241334 0.0829496 0.436678 0.211131 0.0279067
 0.097595 0.262179 0.0699999 0.368506 0.20172
 0.666886 0.0516192 0.0817837 0.0218357 0.177876
 0.886571 0.0838154 0.00458894 0.00727056 0.0177543
 0.41418 0.530295 0.0410288 0.00224635 0.01225
 0.800588 0.104951 0.0855079 0.00661573 0.00233748
 0.761375 0.20509 0.0176492 0.0143796 0.00150563
 0.775856 0.190928 0.0285487 0.00245678 0.00221123
 0.817923 0.156212 0.0220314 0.00329427 0.000538647
 0.342227 0.569317 0.0758905 0.0107032 0.00186209
 0.313266 0.297344 0.337026 0.0449259 0.00743844
 0.70576 0.117223 0.0766451 0.0868739 0.0134977
 0.57485 0.343856 0.032387 0.0211759 0.0277312
 0.690025 0.23451 0.0610352 0.00574877 0.00868111
 0.724435 0.232733 0.032404 0.0084337 0.00199389
 0.573621 0.344569 0.0690941 0.00962013 0.00309575
 0.599187 0.267397 0.107818 0.0216199 0.00397887
 0.552156 0.304076 0.0959127 0.0386731 0.00918204
 0.832453 0.106392 0.041523 0.0130973 0.00653486
 0.667178 0.292961 0.0253115 0.00987867 0.00467066
 0.58051 0.30044 0.104792 0.00905386 0.00520426
 0.715702 0.181837 0.0733829 0.0255955 0.00348257
 0.564223 0.33522 0.0643165 0.0259559 0.0102851
 0.0494527 0.599211 0.270264 0.0518538 0.0292185
pobs_PELACES
 0 0 0 0 0
 0 0 0 0 0
 0 0 0 0 0
 0 0 0 0 0
 0 0 0 0 0
 0 0 0 0 0
 0 0 0 0 0
 0 0 0 0 0
 0 0 0 0 0
 0 0 0 0 0
 0.450072 0.473896 0.0757376 0.000293798 0
 0 0 0 0 0
 0.463077 0.371075 0.160297 0.00555027 0
 0.529543 0.364841 0.0842815 0.0213345 0
 0.631943 0.363953 0.00410389 0 0
 0.735681 0.248677 0.0153453 0.000297389 0
 0.695825 0.281241 0.0229344 0 0
 0.275771 0.60734 0.115278 0.00161068 0
 0 0 0 0 0
 0.896147 0.0623911 0.0374545 0.00400742 0
 0.803859 0.145111 0.0509908 3.86294e-05 0
 0.739449 0.233085 0.0266225 0.000797448 4.60066e-05
 0.878498 0.100942 0.0204185 0.000141795 0
 0.694673 0.275183 0.0284847 0.00165964 0
 0.469039 0.446079 0.0841089 0.000773354 0
ppred_PELACES
 0.107578 0.576723 0.278842 0.0368548 1.73249e-06
 0.28374 0.0783131 0.41227 0.19933 0.0263469
 0.139067 0.25013 0.0667829 0.35157 0.19245
 0.726183 0.0424306 0.0672255 0.0179487 0.146212
 0.903884 0.0710225 0.00388852 0.00616083 0.0150444
 0.501076 0.451635 0.0349429 0.00191314 0.0104329
 0.848188 0.0798988 0.0650971 0.00503655 0.00177952
 0.832214 0.144207 0.0124098 0.0101108 0.00105866
 0.840475 0.135884 0.0203183 0.0017485 0.00157374
 0.857216 0.122501 0.0172769 0.00258335 0.000422404
 0.413998 0.507198 0.0676099 0.00953535 0.00165892
 0.380788 0.268108 0.303889 0.0405086 0.00670707
 0.786166 0.0851903 0.0557007 0.0631343 0.00980928
 0.711685 0.233186 0.0219633 0.0143604 0.0188059
 0.808748 0.144691 0.0376583 0.00354695 0.00535618
 0.790896 0.176603 0.0245888 0.00639967 0.001513
 0.648492 0.284064 0.0569614 0.00793087 0.00255215
 0.664583 0.223769 0.0902262 0.0180924 0.00332968
 0.619948 0.258047 0.081394 0.032819 0.00779211
 0.871492 0.0816023 0.0318481 0.0100456 0.00501223
 0.710971 0.254413 0.0219809 0.00857881 0.00405608
 0.632216 0.263408 0.0918751 0.00793789 0.00456279
 0.761563 0.152504 0.0615454 0.0214666 0.00292079
 0.620782 0.291712 0.0559688 0.0225871 0.00895016
 0.0624091 0.591044 0.26658 0.051147 0.0288202
pobs_pel_tallas
 0 0 0 0 0 0 0 0 0 0 0 0 0 0 0 0 0 0 0 0 0 0 0 0 0 0 0 0 0 0 0 0 0 0 0 0
 0 0 0 0 0 0 0 0 0 0 0 0 0 0 0 0 0 0 0 0 0 0 0 0 0 0 0 0 0 0 0 0 0 0 0 0
 0 0 0 0 0 0 0 0 0 0 0 0 0 0 0 0 0 0 0 0 0 0 0 0 0 0 0 0 0 0 0 0 0 0 0 0
 0 0 0 0 0 0 0 0 0 0 0 0 0 0 0 0 0 0 0 0 0 0 0 0 0 0 0 0 0 0 0 0 0 0 0 0
 0 0 0 0 0 0 0 0 0 0 0 0 0 0 0 0 0 0 0 0 0 0 0 0 0 0 0 0 0 0 0 0 0 0 0 0
 0 0 0 0 0 0 0 0 0 0 0 0 0 0 0 0 0 0 0 0 0 0 0 0 0 0 0 0 0 0 0 0 0 0 0 0
 0 0 0 0 0 0 0 0 0 0 0 0 0 0 0 0 0 0 0 0 0 0 0 0 0 0 0 0 0 0 0 0 0 0 0 0
 0 0 0 0 0 0 0 0 0 0 0 0 0 0 0 0 0 0 0 0 0 0 0 0 0 0 0 0 0 0 0 0 0 0 0 0
 0 0 0 0 0 0 0 0 0 0 0 0 0 0 0 0 0 0 0 0 0 0 0 0 0 0 0 0 0 0 0 0 0 0 0 0
 0 0 0 0 0 0 0 0 0 0 0 0 0 0 0 0 0 0 0 0 0 0 0 0 0 0 0 0 0 0 0 0 0 0 0 0
 0 0 0 0 0 0 0 0 1.78061e-05 0.00172719 0.00360574 0.0105946 0.0120993 0.0124554 0.0147524 0.0171206 0.0266825 0.0428682 0.0675386 0.121331 0.153587 0.119568 0.100827 0.0573624 0.0630603 0.0341343 0.0324427 0.0444173 0.0211091 0.0280891 0.0125444 0.00206551 0 0 0 0
 0 0 0 0 0 0 0 0 0 0 0 0 0 0 0 0 0 0 0 0 0 0 0 0 0 0 0 0 0 0 0 0 0 0 0 0
 0 0 0 0 0 0 0.0133647 0.0140871 0.0187388 0.0205184 0.03894 0.0496705 0.03968 0.0493445 0.0407372 0.0367815 0.0215668 0.0243155 0.0234873 0.0199281 0.019796 0.0243948 0.0301388 0.0376714 0.0412746 0.0863199 0.0771752 0.113111 0.0741005 0.0525337 0.0229764 0.00759418 0.00175318 0 0 0
 0 0 0 0 0 0 0 0 0 0 0.00219441 0.00772107 0.0458388 0.0604681 0.0671733 0.0775358 0.0609151 0.0617685 0.073594 0.0568108 0.0755445 0.0548602 0.0670107 0.0636378 0.0643287 0.046367 0.0373049 0.0286899 0.0247887 0.0153202 0.00654259 0.00121912 0.000365735 0 0 0
 0 0 0 0 0 0 0 0 0 0 0 0 0.000112435 0.00938835 0.0111873 0.0202946 0.0414886 0.0713402 0.111592 0.104902 0.108894 0.110636 0.117776 0.105296 0.107544 0.0401394 0.0192827 0.0124803 0.00416011 0.0028671 0.000618394 0 0 0 0 0
 0 0 0 0 0 0 0 0 0 0 0.00291406 0.0102884 0.027416 0.0768956 0.0749926 0.110853 0.0956884 0.0897413 0.0766577 0.0534642 0.0500743 0.0551293 0.0594112 0.0620874 0.0668451 0.0424026 0.0208742 0.0120726 0.0048766 0.00582813 0.00118941 0.000297354 0 0 0 0
 0 0.00264628 0.0354308 0.0461629 0.0458689 0.0383711 0.0214643 0.0164657 0.0346957 0.0420465 0.0363128 0.0245516 0.0311673 0.0291091 0.0169068 0.0133784 0.00837989 0.0085269 0.0148486 0.0160247 0.0276389 0.0546898 0.0760071 0.122758 0.109233 0.0665981 0.0333725 0.0166128 0.00676272 0.00308733 0.000882094 0 0 0 0 0
 0 0 0 0 0 0 0 0.000805153 0.000690131 0.00759144 0.0133425 0.0154129 0.00931677 0.000345066 0.00356568 0.00563607 0.00851162 0.0253048 0.0502646 0.0516448 0.0657925 0.0565908 0.0611916 0.0827007 0.0866115 0.110766 0.145733 0.0935128 0.0569358 0.0249597 0.0138026 0.00621118 0.00161031 0.00115022 0 0
 0 0 0 0 0 0 0 0 0 0 0 0 0 0 0 0 0 0 0 0 0 0 0 0 0 0 0 0 0 0 0 0 0 0 0 0
 0.00147267 0.00158595 0.00478618 0.00569244 0.00954404 0.0108468 0.00647125 0.017049 0.0510054 0.094081 0.124002 0.0959785 0.0687766 0.0820023 0.061753 0.0591476 0.0492212 0.0479892 0.0443925 0.0268479 0.0217502 0.0140895 0.0121071 0.0120363 0.00920419 0.00665534 0.0049561 0.00860946 0.00930331 0.0156896 0.0114698 0.00855282 0.00243557 0.00046729 0 2.83206e-05
 0 0 0 0 0.000772559 0.00158375 0.000888443 0.00281984 0.00712685 0.0440552 0.0773331 0.111326 0.0921469 0.0852325 0.0710754 0.0886704 0.0786465 0.0553345 0.0373146 0.0185414 0.00753245 0.00457741 0.012979 0.0271748 0.0457355 0.0583668 0.034881 0.0177882 0.00938659 0.00492506 0.0015258 0.00185414 0.000309023 5.79419e-05 3.86279e-05 0
 0 0.00173294 0.00326652 0 0.00397197 0.00683976 0.00946217 0.0152591 0.00757587 0.0136028 0.0228656 0.0392903 0.0559909 0.0764795 0.0681675 0.0726916 0.0566044 0.0477403 0.0527397 0.0444891 0.0609904 0.0582453 0.0661739 0.0445044 0.0529084 0.0360697 0.0280645 0.0235558 0.0158879 0.00826598 0.00280645 0.00217768 0.000904811 0.00058276 9.20147e-05 0
 0 0 0 0 0 0 0 0 0 0 0 0 0 0 0 0 0 0 0 0 0 0 0 0 0 0 0 0 0 0 0 0 0 0 0 0
 0 0 0 0 0 0 0 0 0 0 0 0 0 0 0 0 0 0 0 0 0 0 0 0 0 0 0 0 0 0 0 0 0 0 0 0
 0 0 0 0 0 0 0 0 0 0 0 0 0 0 0 0 0 0 0 0 0 0 0 0 0 0 0 0 0 0 0 0 0 0 0 0
ppred_pel_tallas
 1.05413e-16 4.7276e-06 2.76619e-05 0.000131314 0.000505269 0.00157536 0.00397986 0.00814789 0.0135234 0.0182143 0.0199598 0.0179367 0.013562 0.00937433 0.00728266 0.00787785 0.0109206 0.0160162 0.0228526 0.0310907 0.0402068 0.0494431 0.0578853 0.0646258 0.0689532 0.0705014 0.0693113 0.0657826 0.0605444 0.0542907 0.0476384 0.041045 0.0347943 0.02903 0.0238101 0.0191545
 1.13959e-16 1.2389e-05 7.26864e-05 0.000345467 0.00132998 0.00414733 0.0104758 0.0214354 0.0355337 0.0477275 0.0519549 0.0458708 0.0329307 0.0194153 0.00980487 0.00500696 0.00375138 0.00455041 0.00655005 0.00944979 0.013191 0.0177497 0.0230496 0.0289342 0.0351638 0.041424 0.0473437 0.052522 0.056566 0.0591353 0.0599896 0.0590284 0.0563148 0.0520717 0.0466539 0.0404969
 1.22103e-16 6.08606e-06 3.56707e-05 0.000169463 0.000652278 0.0020339 0.00513769 0.0105143 0.0174363 0.0234396 0.025568 0.0226983 0.0165663 0.010313 0.00621902 0.00483038 0.00562827 0.00796559 0.0114542 0.0158981 0.0211283 0.0269131 0.0329549 0.0389368 0.0445803 0.0496869 0.054147 0.0579104 0.060938 0.0631557 0.0644336 0.0646033 0.0635046 0.0610434 0.0572412 0.0522559
 1.08417e-16 3.16792e-05 0.000185942 0.000883912 0.00340315 0.0106124 0.026806 0.0548478 0.0909129 0.122083 0.132824 0.117095 0.0836803 0.0485539 0.0230393 0.00926326 0.00372923 0.00234886 0.00264977 0.00361258 0.00492341 0.00649386 0.00827753 0.010224 0.0122736 0.0143596 0.0164087 0.0183386 0.0200568 0.0214621 0.022452 0.0229362 0.0228525 0.0221811 0.020952 0.0192447
 1.00994e-16 3.9429e-05 0.000231438 0.0011002 0.00423589 0.0132093 0.0333655 0.0682691 0.113159 0.151957 0.165325 0.145747 0.104153 0.0604263 0.0286553 0.0114783 0.00452599 0.00268073 0.00282176 0.00362101 0.00461542 0.00561732 0.0064995 0.00715505 0.00750876 0.00753285 0.00725249 0.0067368 0.00607922 0.00537383 0.00469544 0.00408894 0.00356899 0.00312755 0.00274491 0.00240001
 1.01197e-16 2.18803e-05 0.000128376 0.00061015 0.00234896 0.00732487 0.0185024 0.0378611 0.0627689 0.0843271 0.0918442 0.0812023 0.0585398 0.034996 0.0185371 0.0108073 0.00956136 0.0120833 0.0166439 0.0223299 0.0285011 0.0344878 0.0395579 0.0430263 0.044407 0.0435289 0.0405777 0.0360405 0.0305811 0.0248834 0.0195168 0.0148564 0.0110683 0.00814705 0.00597831 0.0044026
 1.01207e-16 3.7001e-05 0.000217182 0.00103242 0.00397493 0.0123955 0.0313099 0.0640633 0.106189 0.142598 0.155148 0.136786 0.0977748 0.0567767 0.0270221 0.0109978 0.00461708 0.0030917 0.00350498 0.00461741 0.00599312 0.00744453 0.00883005 0.0100178 0.010899 0.0114069 0.0115255 0.011286 0.0107519 0.00999967 0.00910289 0.00812261 0.00710587 0.00608882 0.00510145 0.00417052
 1.00621e-16 3.63069e-05 0.000213102 0.00101301 0.00390017 0.0121623 0.0307211 0.062859 0.104194 0.139925 0.152254 0.134269 0.0960481 0.0559212 0.0268897 0.0114169 0.00551371 0.00449106 0.00547534 0.0072092 0.00919192 0.0111412 0.0128115 0.0139829 0.014499 0.014303 0.0134499 0.0120899 0.0104282 0.00867644 0.00701014 0.00554451 0.00433041 0.0033665 0.00261935 0.00204325
 1.00467e-16 3.66669e-05 0.000215215 0.00102306 0.00393887 0.012283 0.0310259 0.0634826 0.105228 0.141312 0.153761 0.135592 0.0969836 0.0564429 0.0270976 0.0114316 0.0054126 0.00430274 0.00520056 0.00684094 0.00872747 0.010588 0.0121892 0.0133213 0.013834 0.0136698 0.0128766 0.0115922 0.0100081 0.00832347 0.00670596 0.00526852 0.00406489 0.00310015 0.00234852 0.00177103
 1.00394e-16 3.73963e-05 0.000219499 0.00104343 0.00401729 0.0125276 0.0316436 0.0647465 0.107322 0.144123 0.156816 0.138277 0.0988836 0.0575076 0.0275319 0.0114824 0.00523928 0.00396514 0.00470018 0.00616042 0.00785399 0.00952499 0.010961 0.0119729 0.0124253 0.012267 0.0115418 0.0103748 0.00893924 0.00741536 0.00595478 0.00465942 0.00357759 0.00271346 0.00204322 0.00153108
 1.01531e-16 1.80856e-05 0.000106093 0.000504201 0.001941 0.00605267 0.015289 0.0312867 0.0518735 0.0697021 0.0759483 0.0672264 0.0486343 0.0294152 0.0162032 0.0104191 0.0102698 0.0135559 0.0188558 0.0253643 0.0324344 0.0393337 0.0452428 0.0493877 0.0512107 0.050502 0.0474469 0.0425673 0.0365849 0.0302497 0.0241919 0.0188346 0.014377 0.010834 0.00810351 0.0060334
 1.06107e-16 1.66284e-05 9.7558e-05 0.000463671 0.00178503 0.00556634 0.0140603 0.0287709 0.0476974 0.0640758 0.0697786 0.0616721 0.0444147 0.0264637 0.0138658 0.00786893 0.00677879 0.00856714 0.0119896 0.0164606 0.0216355 0.0271617 0.0326186 0.0375599 0.041589 0.0444249 0.0459379 0.0461425 0.0451603 0.0431699 0.0403647 0.0369302 0.0330419 0.0288726 0.0245988 0.020398
 1.03447e-16 3.42966e-05 0.000201305 0.000956936 0.0036843 0.0114892 0.0290206 0.0593793 0.0984251 0.132174 0.14381 0.126799 0.0906539 0.052679 0.0251429 0.0103586 0.00454794 0.00328288 0.00386905 0.0051641 0.00676669 0.00850133 0.0102314 0.0118262 0.013175 0.0142037 0.0148829 0.0152216 0.0152528 0.015015 0.0145403 0.0138502 0.0129603 0.0118896 0.0106686 0.0093426
 1.0176e-16 3.10549e-05 0.000182259 0.000866362 0.00333551 0.0104015 0.0262733 0.0537593 0.089114 0.119684 0.130255 0.114932 0.0823542 0.0482276 0.0237134 0.0109682 0.00662996 0.00672392 0.0087968 0.0117309 0.0150013 0.0182212 0.0210094 0.0230139 0.023983 0.0238226 0.0226175 0.0206024 0.0180989 0.0154368 0.0128872 0.0106244 0.00872137 0.00717067 0.00591755 0.0048922
 1.00954e-16 3.52838e-05 0.000207095 0.00098445 0.00379021 0.0118194 0.0298549 0.0610868 0.101257 0.135981 0.147964 0.13049 0.0933544 0.054372 0.0261812 0.0111805 0.00549831 0.00458383 0.0056497 0.00747771 0.00958227 0.0116863 0.0135445 0.0149321 0.0156833 0.0157265 0.0150985 0.0139294 0.0124058 0.0107246 0.00905379 0.00750896 0.00614968 0.00498992 0.00401555 0.00320095
 1.00698e-16 3.45066e-05 0.000202529 0.000962738 0.0037066 0.0115587 0.0291964 0.0597396 0.0990248 0.132987 0.144714 0.127642 0.0913583 0.0532923 0.0258161 0.011289 0.00593793 0.00531986 0.00670564 0.00888515 0.0113473 0.0137705 0.0158577 0.0173379 0.0180165 0.0178191 0.0168079 0.0151618 0.0131281 0.0109642 0.00888594 0.00703781 0.00548764 0.0042405 0.00326219 0.00250232
 1.01293e-16 2.83015e-05 0.00016609 0.00078948 0.00303948 0.00947828 0.0239415 0.0489886 0.0812081 0.109072 0.118725 0.1048 0.0751863 0.0442158 0.0220874 0.0108 0.00732373 0.00806159 0.0107826 0.0144415 0.0184965 0.0224976 0.0259793 0.0285046 0.0297538 0.0295971 0.0281219 0.0256014 0.0224203 0.0189823 0.0156295 0.012595 0.00999472 0.00784817 0.00611449 0.00472711
 1.02132e-16 2.90008e-05 0.000170201 0.000809035 0.00311479 0.00971315 0.0245347 0.0502019 0.0832175 0.111766 0.121641 0.10734 0.0769315 0.0450883 0.0222393 0.0104078 0.00646611 0.00671655 0.00888259 0.0119332 0.0153864 0.0188817 0.0220532 0.0245507 0.0261051 0.0265844 0.0260164 0.0245687 0.0224962 0.020075 0.0175458 0.0150819 0.0127838 0.0106937 0.00881953 0.00715535
 1.02732e-16 2.70559e-05 0.000158779 0.000754729 0.00290569 0.00906106 0.0228876 0.0468321 0.0776331 0.10427 0.113495 0.100179 0.0718614 0.042241 0.0210661 0.0102462 0.00688574 0.00755087 0.0101197 0.0136116 0.0175337 0.0214858 0.025051 0.0278314 0.0295253 0.029992 0.0292762 0.0275828 0.0252141 0.0224916 0.0196895 0.0169974 0.0145161 0.0122766 0.0102709 0.00847831
 1.01059e-16 3.80171e-05 0.000223148 0.00106078 0.00408412 0.012736 0.03217 0.0658232 0.109106 0.146515 0.159408 0.14054 0.100453 0.0583203 0.0277346 0.0112471 0.00465427 0.00303047 0.00337219 0.00439906 0.00565749 0.00695163 0.00813733 0.00908631 0.00970086 0.00993258 0.00979034 0.00933262 0.00864846 0.00783371 0.00697088 0.00611795 0.00530733 0.00455182 0.00385363 0.00321203
 1.0088e-16 3.10247e-05 0.00018208 0.000865504 0.0033322 0.0103911 0.0262473 0.0537062 0.0890265 0.119568 0.130134 0.114837 0.0823107 0.0482521 0.0238182 0.0111716 0.00696098 0.00721951 0.0094931 0.0126519 0.0161469 0.0195577 0.0224646 0.0244807 0.025331 0.0249164 0.0233373 0.0208626 0.0178598 0.0147079 0.0117223 0.00911063 0.0069652 0.00528407 0.00400639 0.00304758
 1.01877e-16 2.75911e-05 0.000161921 0.000769662 0.00296318 0.00924036 0.0233405 0.0477588 0.0791692 0.106333 0.115741 0.102161 0.0732824 0.0430749 0.0214792 0.0104421 0.00700939 0.00767779 0.0102809 0.0138152 0.0177738 0.0217431 0.0252925 0.028011 0.0295876 0.0298779 0.0289312 0.0269646 0.0242999 0.0212821 0.0182106 0.0152982 0.0126635 0.0103488 0.00834886 0.00663747
 1.01798e-16 3.32267e-05 0.000195017 0.000927028 0.00356912 0.01113 0.0281134 0.0575236 0.0953511 0.128052 0.139341 0.122897 0.0879476 0.0512745 0.0247872 0.0107549 0.00554399 0.00488045 0.00614776 0.00820095 0.0105767 0.0129993 0.0152151 0.0169858 0.0181279 0.0185494 0.0182658 0.0173859 0.0160762 0.0145169 0.0128646 0.0112306 0.00967916 0.00823767 0.00691315 0.00570608
 1.02084e-16 2.70936e-05 0.000158997 0.000755759 0.00290964 0.00907339 0.0229188 0.0468962 0.0777401 0.104416 0.113662 0.100343 0.0720147 0.0424034 0.0212801 0.0105682 0.00737768 0.00827335 0.0111228 0.014921 0.0191353 0.0233125 0.0269794 0.0296903 0.0311182 0.0311283 0.0298054 0.0274215 0.0243597 0.0210199 0.0177378 0.0147387 0.0121304 0.00992708 0.00808659 0.00654641
 1.07081e-16 2.75848e-06 1.61004e-05 7.63473e-05 0.000293629 0.000915369 0.00231279 0.00473705 0.00787037 0.0106247 0.011707 0.0106719 0.00839364 0.00642284 0.00597158 0.0075077 0.0110193 0.0163749 0.0234217 0.0318839 0.0412502 0.0507553 0.0594711 0.0664765 0.0710519 0.0728297 0.0718552 0.0685357 0.0635052 0.0574562 0.0509949 0.04456 0.0384122 0.032673 0.0273853 0.0225641
pSPR Fmed_Fpbrs
0.530567   0.350545 0.350545
Fs Fmed_Fpbrs
0.474596   1.005 1.005
SSBpbr Bo_Bmed_Bpbrs
973079  467630  292454 292454
Ro
22925.4
SPR SPRFo_SPRFmed_SPRFpbrs
471410 250115 165251
log_Ro
9.86
likeval ReclasPelacesDesembMPH_pf_preclas_ppelaces_ptallas_desvR_qrecl_qpela
 92.1891 86.0753 0.0907127 0.000586305 357.8 194.736 82.5873 0 41.8764 8.33431e-06 0 0 0 0 0
q_reclas_q_pelaces
0.664255 1
M
0.7
N
 8583.88 50289.5 24314.6 3213.69 0.151071
 12897.8 4186.07 22037.1 10654.8 1408.32
 1854.61 6196.4 1654.39 8709.36 4767.5
 10111.2 811.59 1285.86 343.314 2796.67
 55538.3 4705.9 257.651 408.213 996.833
 18401.8 27157.9 2101.2 115.042 627.358
 56410 8262.85 6732.11 520.862 184.032
 71916.5 25598 2202.85 1794.76 187.922
 97891.1 30831.4 4610.11 396.726 357.074
 211365 42423.7 5983.22 894.649 146.284
 54680.4 97928.2 13053.9 1841.06 320.299
 24862 25128 28481.6 3796.61 628.611
 53377.2 11467.7 7498.02 8498.68 1320.45
 22857.8 23049.5 2170.98 1419.47 1858.89
 14828.6 9023.02 2348.4 221.19 334.015
 15191.4 5735.24 798.531 207.832 49.1353
 10324.2 6776.82 1358.91 189.204 60.8858
 10192.7 4720.47 1903.35 381.665 70.2406
 8320.65 4742.61 1495.93 603.177 143.21
 27943.9 3875.06 1512.37 477.038 238.016
 31585.6 12807.4 1106.54 431.865 204.187
 31406.2 15289.7 5332.97 460.761 264.851
 61220.6 15107.9 6097.02 2126.6 289.349
 50747.5 29131.8 5589.32 2255.66 893.806
 2029.49 24191.3 10911.1 2093.43 1179.6
pred_Ctot
 110.987 4282.73 2070.67 273.683 0.0128654
 302.446 622.681 3278.03 1584.91 209.489
 159.57 2724.67 727.468 3829.67 2096.36
 458.168 215.992 342.21 91.3676 744.29
 611.099 343.416 18.8022 29.7896 72.7445
 1274.86 10174.7 787.214 43.1004 235.039
 3514.82 2851.27 2323.06 179.734 63.504
 7129.28 12417.7 1068.61 870.644 91.1619
 9031.65 14239.5 2129.19 183.228 164.915
 10225.9 11926.6 1682.07 251.513 41.125
 2946.44 30083.5 4010.15 565.572 98.3956
 1277.56 7425.32 8416.28 1121.9 185.754
 5046.75 5386.67 3522.01 3992.05 620.251
 3416.09 14356.4 1352.2 884.118 1157.81
 2392.45 5850.17 1522.61 143.411 216.562
 1117.69 2248.87 313.116 81.4938 19.2667
 591.317 2187.08 438.56 61.0618 19.6496
 463.634 1260.34 508.183 101.902 18.7538
 373.36 1251.8 394.848 159.208 37.8001
 1555.58 1222.26 477.029 150.466 75.0744
 573.19 1502.47 129.811 50.6633 23.9538
 708.012 2193.56 765.101 66.1037 37.9972
 1843 2817.77 1137.16 396.633 53.9665
 1464.99 5233.13 1004.05 405.198 160.56
 67.1441 4906.63 2213.05 424.604 239.255
F
 0.0181233 0.125071 0.125071 0.125071 0.125071
 0.0330856 0.228328 0.228328 0.228328 0.228328
 0.126435 0.872544 0.872544 0.872544 0.872544
 0.0648287 0.44739 0.44739 0.44739 0.44739
 0.0154044 0.106308 0.106308 0.106308 0.106308
 0.100677 0.69478 0.69478 0.69478 0.69478
 0.090133 0.622018 0.622018 0.622018 0.622018
 0.14697 1.01426 1.01426 1.01426 1.01426
 0.136149 0.939577 0.939577 0.939577 0.939577
 0.0693538 0.478619 0.478619 0.478619 0.478619
 0.0775205 0.534978 0.534978 0.534978 0.534978
 0.0738063 0.509346 0.509346 0.509346 0.509346
 0.139739 0.964354 0.964354 0.964354 0.964354
 0.229515 1.58391 1.58391 1.58391 1.58391
 0.249925 1.72476 1.72476 1.72476 1.72476
 0.107222 0.739948 0.739948 0.739948 0.739948
 0.0825799 0.569893 0.569893 0.569893 0.569893
 0.0650849 0.449158 0.449158 0.449158 0.449158
 0.0641791 0.442907 0.442907 0.442907 0.442907
 0.0801789 0.553324 0.553324 0.553324 0.553324
 0.0255194 0.176112 0.176112 0.176112 0.176112
 0.0317894 0.219383 0.219383 0.219383 0.219383
 0.0426539 0.294359 0.294359 0.294359 0.294359
 0.0408706 0.282053 0.282053 0.282053 0.282053
 0.0469648 0.32411 0.32411 0.32411 0.32411
YTP_r0W_actual
 752.013 107946 73030.7 17451.2 10240.1
YTP_p0W_proyectada
 20034.1 9924.6 130727 76915.1 22915
 20034.1 106254 2630.16 30997.8 18877
CTP_r0_actual
 67.1441 4906.63 2213.05 424.604 239.255
CTP_p0_proyectada
 2356.96 463.766 4189.95 1889.81 492.795
 2356.96 4965.13 84.2999 761.618 405.956
Wmedp
 8.5 21.4 31.2 40.7 46.5
nmprior
 10.6 11 7 0
nm_flota  nm_reclas  nm_pelaces    nm_pelaL
inf 27.334 19.7648 48.3794
cv_recla  cv_pelaces  cv_mph
0.86849 1.05199 0.785598
 ------------------------------------------------
Talla a la edad & desviaci?n 
 7.2 14.2025 17.0495 18.207 18.6776
 1.08 2.13037 2.55742 2.73105 2.80164
