years
 1997 1998 1999 2000 2001 2002 2003 2004 2005 2006 2007 2008 2009 2010 2011 2012 2013 2014 2015 2016 2017 2018 2019 2020 2021
reclasobs
 0 0 0 370054 412103 1.49427e+06 250295 1.28982e+06 931140 785840 897777 1.04006e+06 184774 17550 25797 100020 73551 82996 120727 218422 84188 347160 605670 569463 516374
reclaspred
 3.73338e+06 445144 602058 161194 216902 281411 473789 417970 619522 1.16132e+06 1.34143e+06 835083 439129 199328 128212 116901 120959 148758 127853 179788 359807 343017 515348 554542 467703
pelacesobs
 0 0 0 0 0 0 0 0 0 2.06254e+06 1.5e+06 0 1.87456e+06 323000 250000 174000 83755 137374 0 501740 490994 745055 786931 1.00524e+06 1.33801e+06
pelacespred
 1.58605e+06 637841 188700 119286 124284 114774 250320 232324 334881 667867 690311 441985 238006 85373 53375.1 55459.6 59795.3 73542.1 65835 89679.6 196620 201648 228639 284649 226784
mphobs
 0 0 0 0 0 112323 0 153150 637223 0 255016 313432 73983 77613 109348 50772 0 0 0 0 0 0 0 0 0
mphpred
 2.66697e+06 1.13941e+06 471947 233869 111709 292052 284190 400642 451530 730360 1.36101e+06 923083 484043 265198 119631 101453 100719 119687 126809 113898 247256 336310 362931 474860 479979
desembarqueobs
 350755 77701 442110 56441 14545 235359 269955 359681 431902 328805 639364 411747 362871 311530 167758 66681 60226 58785 57116 73181 50977 67692 138656 160484 209506
desembarquepred
 350736 77680.5 441615 56415.8 14543.4 235079 269740 359085 431384 328560 638472 411193 362084 310789 167384 66623.5 60185.8 58733.7 57054.5 73104.6 50959.5 67644.8 138542 160357 209347
Reclutas
 2653.59 3875.88 527.23 2164.85 53364.3 11261 53200.1 67431.4 105529 239635 49191.2 15435.3 54250 27654.9 19506.7 13919.9 10794.4 10583.9 6383.07 29637.4 34131.8 28193.7 56465.3 40110.8 604.072
log_desv_Rt
 -1.85633 -1.47747 -3.47236 -2.0599 1.1449 -0.410901 1.14182 1.37887 1.82674 2.64687 1.06347 -0.0955889 1.16136 0.487558 0.138514 -0.198924 -0.453221 -0.472906 -0.978596 0.556793 0.697985 0.506855 1.20138 0.859401 -3.33631
SSB
 2.66697e+06 1.13941e+06 471947 233869 111709 292052 284190 400642 451530 730360 1.36101e+06 923083 484043 265198 119631 101453 100719 119687 126809 113898 247256 336310 362931 474860 479979
BT
 3.09946e+06 1.31546e+06 595151 287055 372135 398438 971919 968172 1.34419e+06 2.16258e+06 1.93003e+06 1.20588e+06 911013 483852 276651 179028 188739 214624 181090 299847 525816 461258 594542 729234 578864
Ftot
 0.0915389 0.169145 0.678582 0.334992 0.0655324 0.767145 0.541087 0.799707 0.656666 0.273663 0.451548 0.466037 0.763886 1.34693 1.16642 0.538511 0.473032 0.377867 0.424623 0.390391 0.137784 0.191039 0.259381 0.278496 0.424885
BD_Bspro_t
 0.985486 0.888705 0.695807 0.37696 0.381916 0.672322 0.470185 0.498449 0.474238 0.536288 0.643904 0.47342 0.331488 0.246625 0.146409 0.149133 0.194126 0.286931 0.351135 0.388496 0.596294 0.716607 0.702312 0.690193 0.625698
BD_Bspro
 7.63673 3.26263 1.35139 0.669671 0.319873 0.836276 0.813764 1.14722 1.29293 2.09135 3.89718 2.6432 1.38603 0.759379 0.342556 0.290505 0.288404 0.342716 0.363112 0.326142 0.708004 0.963004 1.03923 1.35974 1.3744
BD_Bo
 2.48586 1.06203 0.439897 0.217987 0.104123 0.272219 0.264891 0.373434 0.420866 0.680762 1.26858 0.860396 0.451172 0.247188 0.111507 0.0945632 0.0938792 0.111559 0.118198 0.106164 0.230465 0.313471 0.338284 0.442612 0.447384
BD_Brms
 12.091 5.16564 2.13963 1.06027 0.506447 1.32406 1.28841 1.81636 2.04707 3.31118 6.17031 4.18491 2.19447 1.20231 0.542361 0.459949 0.456622 0.542614 0.574906 0.516373 1.12097 1.5247 1.64539 2.15284 2.17605
S_f
 0.5 1 1 1 1
 0.5 1 1 1 1
 0.5 1 1 1 1
 0.5 1 1 1 1
 0.5 1 1 1 1
 0.5 1 1 1 1
 0.5 1 1 1 1
 0.5 1 1 1 1
 0.5 1 1 1 1
 0.5 1 1 1 1
 0.5 1 1 1 1
 0.5 1 1 1 1
 0.5 1 1 1 1
 0.5 1 1 1 1
 0.5 1 1 1 1
 0.5 1 1 1 1
 0.5 1 1 1 1
 0.5 1 1 1 1
 0.5 1 1 1 1
 0.5 1 1 1 1
 0.5 1 1 1 1
 0.5 1 1 1 1
 0.5 1 1 1 1
 0.5 1 1 1 1
 0.5 1 1 1 1
Scru_reclas
 0.5 1 1 1 1
 0.5 1 1 1 1
 0.5 1 1 1 1
 0.5 1 1 1 1
 0.5 1 1 1 1
 0.5 1 1 1 1
 0.5 1 1 1 1
 0.5 1 1 1 1
 0.5 1 1 1 1
 0.5 1 1 1 1
 0.5 1 1 1 1
 0.5 1 1 1 1
 0.5 1 1 1 1
 0.5 1 1 1 1
 0.5 1 1 1 1
 0.5 1 1 1 1
 0.5 1 1 1 1
 0.5 1 1 1 1
 0.5 1 1 1 1
 0.5 1 1 1 1
 0.5 1 1 1 1
 0.5 1 1 1 1
 0.5 1 1 1 1
 0.5 1 1 1 1
 0.5 1 1 1 1
Scru_pelaces
 0.5 1 1 1 1
 0.5 1 1 1 1
 0.5 1 1 1 1
 0.5 1 1 1 1
 0.5 1 1 1 1
 0.5 1 1 1 1
 0.5 1 1 1 1
 0.5 1 1 1 1
 0.5 1 1 1 1
 0.5 1 1 1 1
 0.5 1 1 1 1
 0.5 1 1 1 1
 0.5 1 1 1 1
 0.5 1 1 1 1
 0.5 1 1 1 1
 0.5 1 1 1 1
 0.5 1 1 1 1
 0.5 1 1 1 1
 0.5 1 1 1 1
 0.5 1 1 1 1
 0.5 1 1 1 1
 0.5 1 1 1 1
 0.5 1 1 1 1
 0.5 1 1 1 1
 0.5 1 1 1 1
pf_obs 
 0.256992 0.487395 0.22802 0.0275931 0
 0.321318 0.546541 0.124235 0.00734118 0.000564706
 0.182869 0.594174 0.210203 0.0122559 0.00049798
 0.330522 0.361315 0.267642 0.0388342 0.00168674
 0.649043 0.306663 0.0425973 0.00169635 0
 0.582887 0.30429 0.105238 0.00758474 0
 0.465427 0.430635 0.0974691 0.00646863 0
 0.296916 0.608066 0.0921331 0.00288517 0
 0.311714 0.524322 0.152257 0.0117073 0
 0.15457 0.633149 0.183074 0.0267441 0.00246327
 0.131901 0.49318 0.331252 0.0422183 0.00144891
 0.196976 0.569456 0.194076 0.0375587 0.00193317
 0.518974 0.381816 0.0799577 0.0180837 0.00116848
 0.0928022 0.601141 0.25162 0.0475244 0.00691264
 0.122501 0.610282 0.24278 0.0234846 0.000952079
 0.383417 0.481906 0.127806 0.00687128 0
 0.0376549 0.599619 0.316969 0.0457579 0
 0.0361596 0.667082 0.258105 0.0386534 0
 0.158088 0.579412 0.248529 0.0139706 0
 0.0477256 0.309471 0.559284 0.082774 0.000745712
 0.0406174 0.521527 0.379366 0.0568643 0.0016247
 0.151134 0.462217 0.34131 0.0453401 0
 0.294876 0.26143 0.354403 0.0886775 0.000613685
 0.281977 0.475581 0.204845 0.0348837 0.00271318
 0.0841818 0.532909 0.334909 0.0458182 0.00218182
pf_pred 
 0.0127894 0.628261 0.316308 0.0426405 1.06092e-06
 0.0397126 0.02487 0.595299 0.299714 0.0404044
 0.0134561 0.0787768 0.0235098 0.562741 0.321516
 0.167673 0.0269164 0.0643131 0.0191933 0.721904
 0.901494 0.030282 0.00220626 0.00527157 0.0607458
 0.195239 0.763793 0.0125943 0.000917582 0.0274565
 0.74745 0.0958405 0.148732 0.00245245 0.00552523
 0.631283 0.322303 0.0176134 0.0273337 0.00146613
 0.685781 0.255617 0.0512252 0.00279939 0.0045773
 0.739047 0.2196 0.0336411 0.00674162 0.000970827
 0.182843 0.702506 0.0964818 0.0147803 0.00338849
 0.128478 0.294622 0.495958 0.0681146 0.0128269
 0.567679 0.109203 0.109232 0.183877 0.0300092
 0.424591 0.441801 0.033749 0.033758 0.0661014
 0.54579 0.315077 0.106827 0.00816046 0.0241459
 0.527282 0.366778 0.0734883 0.0249162 0.00753511
 0.449136 0.398484 0.118231 0.0236889 0.0104607
 0.468825 0.346303 0.133732 0.0396786 0.0114607
 0.347057 0.433091 0.143335 0.0553517 0.0211665
 0.774055 0.123394 0.0680214 0.0225122 0.012018
 0.562336 0.387214 0.0275521 0.0151883 0.00771014
 0.403194 0.434274 0.143796 0.0102318 0.0085036
 0.579577 0.247175 0.126067 0.0417431 0.00543877
 0.392595 0.454407 0.0899504 0.0458776 0.0171702
 0.010987 0.576992 0.308238 0.0610159 0.0427671
pobs_RECLAS
 0 0 0 0 0
 0 0 0 0 0
 0 0 0 0 0
 0 0 0 0 0
 0.835266 0.146461 0.0176864 0.000547809 3.91292e-05
 0.385257 0.428462 0.181853 0.0044286 0
 0.867414 0.0963971 0.0333333 0.00285562 0
 0.441836 0.489002 0.0689373 0.000224442 0
 0.779404 0.147425 0.0564933 0.0165055 0.000172143
 0.814271 0.122319 0.05973 0.00367925 0
 0.40263 0.566651 0.0304383 0.000280538 0
 0.475488 0.404961 0.113038 0.00651328 0
 0.955842 0.0263864 0.0167828 0.000988607 0
 0.975058 0.0227948 0.00214734 0 0
 0.738997 0.206755 0.0527124 0.00153531 0
 0.850938 0.134255 0.0134407 0.00136685 0
 0.542534 0.407297 0.0501686 0 0
 0.764087 0.199537 0.0359546 0.000420521 0
 0.470689 0.182191 0.310203 0.0369168 0
 0.84361 0.089868 0.0606195 0.00523954 0.000663233
 0.607945 0.314616 0.071237 0.00620181 0
 0.523733 0.453247 0.0230204 0 0
 0.530135 0.295979 0.169645 0.0042399 0
 0.562478 0.366248 0.0663022 0.0049721 0
 0.250443 0.683176 0.0655157 0.000865301 0
ppred_RECLAS
 0.0128261 0.628237 0.316297 0.0426389 1.06088e-06
 0.0399329 0.0248643 0.595163 0.299645 0.0403951
 0.0139063 0.0787408 0.0234991 0.562484 0.321369
 0.169506 0.0268571 0.0641714 0.019151 0.720314
 0.901674 0.0302268 0.00220224 0.00526195 0.0606349
 0.201549 0.757804 0.0124955 0.000910388 0.0272412
 0.752034 0.094101 0.146032 0.00240794 0.00542495
 0.64103 0.313783 0.0171478 0.0266112 0.00142737
 0.692607 0.250064 0.0501125 0.00273858 0.00447787
 0.741006 0.217951 0.0333885 0.00669101 0.000963539
 0.185729 0.700026 0.0961411 0.0147281 0.00337652
 0.130736 0.293859 0.494673 0.0679381 0.0127936
 0.577331 0.106765 0.106793 0.179772 0.0293392
 0.447075 0.424537 0.0324302 0.0324389 0.0635185
 0.563932 0.302492 0.10256 0.00783452 0.0231815
 0.533328 0.362087 0.0725484 0.0245975 0.00743874
 0.454191 0.394827 0.117146 0.0234716 0.0103647
 0.472621 0.343828 0.132777 0.0393951 0.0113788
 0.351081 0.430421 0.142451 0.0550106 0.0210361
 0.776821 0.121883 0.0671886 0.0222366 0.0118708
 0.563458 0.38622 0.0274815 0.0151493 0.00769036
 0.404791 0.433112 0.143411 0.0102044 0.00848084
 0.581899 0.245809 0.12537 0.0415125 0.00540872
 0.395078 0.452549 0.0895826 0.04569 0.0171
 0.0111813 0.576879 0.308177 0.061004 0.0427587
pobs_PELACES
 0 0 0 0 0
 0 0 0 0 0
 0 0 0 0 0
 0 0 0 0 0
 0 0 0 0 0
 0 0 0 0 0
 0 0 0 0 0
 0 0 0 0 0
 0 0 0 0 0
 0 0 0 0 0
 0.450072 0.473896 0.0757376 0.000293798 0
 0 0 0 0 0
 0.463077 0.371075 0.160297 0.00555027 0
 0.529543 0.364841 0.0842815 0.0213345 0
 0.631943 0.363953 0.00410389 0 0
 0.735681 0.248677 0.0153453 0.000297389 0
 0.695825 0.281241 0.0229344 0 0
 0.275771 0.60734 0.115278 0.00161068 0
 0 0 0 0 0
 0.896147 0.0623911 0.0374545 0.00400742 0
 0.803859 0.145111 0.0509908 3.86294e-05 0
 0.739449 0.233085 0.0266225 0.000797448 4.60066e-05
 0.878498 0.100942 0.0204185 0.000141795 0
 0.694673 0.275183 0.0284847 0.00165964 0
 0.469039 0.446079 0.0841089 0.000773354 0
ppred_PELACES
 0.0130188 0.628115 0.316235 0.0426306 1.06067e-06
 0.0410167 0.0248362 0.594491 0.299307 0.0403495
 0.0155283 0.0786113 0.0234604 0.561559 0.320841
 0.17743 0.0266009 0.0635592 0.0189683 0.713442
 0.902629 0.0299333 0.00218086 0.00521087 0.0600463
 0.222689 0.73774 0.0121647 0.000886284 0.02652
 0.768306 0.087926 0.13645 0.00224993 0.00506896
 0.670797 0.287764 0.0157259 0.0244045 0.00130901
 0.715182 0.2317 0.0464322 0.00253746 0.00414902
 0.749577 0.210738 0.0322836 0.00646958 0.000931652
 0.197261 0.690111 0.0947795 0.0145195 0.0033287
 0.139725 0.29082 0.489558 0.0672355 0.0126613
 0.607751 0.0990806 0.0991071 0.166834 0.0272276
 0.502437 0.38203 0.0291831 0.0291909 0.0571587
 0.610543 0.270159 0.0915975 0.00699709 0.0207036
 0.555364 0.34499 0.0691228 0.0234361 0.0070875
 0.473599 0.380788 0.11298 0.0226369 0.00999613
 0.488183 0.333683 0.128859 0.0382326 0.011043
 0.367205 0.419727 0.138912 0.0536437 0.0205134
 0.787789 0.115893 0.0638866 0.0211438 0.0112875
 0.569042 0.38128 0.02713 0.0149556 0.007592
 0.412408 0.42757 0.141576 0.0100738 0.00837231
 0.592274 0.23971 0.12226 0.0404824 0.00527451
 0.406112 0.444295 0.0879487 0.0448566 0.0167881
 0.0119836 0.576411 0.307927 0.0609545 0.042724
pobs_pel_tallas
 0 0 0 0 0 0 0 0 0 0 0 0 0 0 0 0 0 0 0 0 0 0 0 0 0 0 0 0 0 0 0 0 0 0 0 0
 0 0 0 0 0 0 0 0 0 0 0 0 0 0 0 0 0 0 0 0 0 0 0 0 0 0 0 0 0 0 0 0 0 0 0 0
 0 0 0 0 0 0 0 0 0 0 0 0 0 0 0 0 0 0 0 0 0 0 0 0 0 0 0 0 0 0 0 0 0 0 0 0
 0 0 0 0 0 0 0 0 0 0 0 0 0 0 0 0 0 0 0 0 0 0 0 0 0 0 0 0 0 0 0 0 0 0 0 0
 0 0 0 0 0 0 0 0 0 0 0 0 0 0 0 0 0 0 0 0 0 0 0 0 0 0 0 0 0 0 0 0 0 0 0 0
 0 0 0 0 0 0 0 0 0 0 0 0 0 0 0 0 0 0 0 0 0 0 0 0 0 0 0 0 0 0 0 0 0 0 0 0
 0 0 0 0 0 0 0 0 0 0 0 0 0 0 0 0 0 0 0 0 0 0 0 0 0 0 0 0 0 0 0 0 0 0 0 0
 0 0 0 0 0 0 0 0 0 0 0 0 0 0 0 0 0 0 0 0 0 0 0 0 0 0 0 0 0 0 0 0 0 0 0 0
 0 0 0 0 0 0 0 0 0 0 0 0 0 0 0 0 0 0 0 0 0 0 0 0 0 0 0 0 0 0 0 0 0 0 0 0
 0 0 0 0 0 0 0 0 0 0 0 0 0 0 0 0 0 0 0 0 0 0 0 0 0 0 0 0 0 0 0 0 0 0 0 0
 0 0 0 0 0 0 0 0 1.78061e-05 0.00172719 0.00360574 0.0105946 0.0120993 0.0124554 0.0147524 0.0171206 0.0266825 0.0428682 0.0675386 0.121331 0.153587 0.119568 0.100827 0.0573624 0.0630603 0.0341343 0.0324427 0.0444173 0.0211091 0.0280891 0.0125444 0.00206551 0 0 0 0
 0 0 0 0 0 0 0 0 0 0 0 0 0 0 0 0 0 0 0 0 0 0 0 0 0 0 0 0 0 0 0 0 0 0 0 0
 0 0 0 0 0 0 0.0133647 0.0140871 0.0187388 0.0205184 0.03894 0.0496705 0.03968 0.0493445 0.0407372 0.0367815 0.0215668 0.0243155 0.0234873 0.0199281 0.019796 0.0243948 0.0301388 0.0376714 0.0412746 0.0863199 0.0771752 0.113111 0.0741005 0.0525337 0.0229764 0.00759418 0.00175318 0 0 0
 0 0 0 0 0 0 0 0 0 0 0.00219441 0.00772107 0.0458388 0.0604681 0.0671733 0.0775358 0.0609151 0.0617685 0.073594 0.0568108 0.0755445 0.0548602 0.0670107 0.0636378 0.0643287 0.046367 0.0373049 0.0286899 0.0247887 0.0153202 0.00654259 0.00121912 0.000365735 0 0 0
 0 0 0 0 0 0 0 0 0 0 0 0 0.000112435 0.00938835 0.0111873 0.0202946 0.0414886 0.0713402 0.111592 0.104902 0.108894 0.110636 0.117776 0.105296 0.107544 0.0401394 0.0192827 0.0124803 0.00416011 0.0028671 0.000618394 0 0 0 0 0
 0 0 0 0 0 0 0 0 0 0 0.00291406 0.0102884 0.027416 0.0768956 0.0749926 0.110853 0.0956884 0.0897413 0.0766577 0.0534642 0.0500743 0.0551293 0.0594112 0.0620874 0.0668451 0.0424026 0.0208742 0.0120726 0.0048766 0.00582813 0.00118941 0.000297354 0 0 0 0
 0 0.00264628 0.0354308 0.0461629 0.0458689 0.0383711 0.0214643 0.0164657 0.0346957 0.0420465 0.0363128 0.0245516 0.0311673 0.0291091 0.0169068 0.0133784 0.00837989 0.0085269 0.0148486 0.0160247 0.0276389 0.0546898 0.0760071 0.122758 0.109233 0.0665981 0.0333725 0.0166128 0.00676272 0.00308733 0.000882094 0 0 0 0 0
 0 0 0 0 0 0 0 0.000805153 0.000690131 0.00759144 0.0133425 0.0154129 0.00931677 0.000345066 0.00356568 0.00563607 0.00851162 0.0253048 0.0502646 0.0516448 0.0657925 0.0565908 0.0611916 0.0827007 0.0866115 0.110766 0.145733 0.0935128 0.0569358 0.0249597 0.0138026 0.00621118 0.00161031 0.00115022 0 0
 0 0 0 0 0 0 0 0 0 0 0 0 0 0 0 0 0 0 0 0 0 0 0 0 0 0 0 0 0 0 0 0 0 0 0 0
 0.00147267 0.00158595 0.00478618 0.00569244 0.00954404 0.0108468 0.00647125 0.017049 0.0510054 0.094081 0.124002 0.0959785 0.0687766 0.0820023 0.061753 0.0591476 0.0492212 0.0479892 0.0443925 0.0268479 0.0217502 0.0140895 0.0121071 0.0120363 0.00920419 0.00665534 0.0049561 0.00860946 0.00930331 0.0156896 0.0114698 0.00855282 0.00243557 0.00046729 0 2.83206e-05
 0 0 0 0 0.000772559 0.00158375 0.000888443 0.00281984 0.00712685 0.0440552 0.0773331 0.111326 0.0921469 0.0852325 0.0710754 0.0886704 0.0786465 0.0553345 0.0373146 0.0185414 0.00753245 0.00457741 0.012979 0.0271748 0.0457355 0.0583668 0.034881 0.0177882 0.00938659 0.00492506 0.0015258 0.00185414 0.000309023 5.79419e-05 3.86279e-05 0
 0 0.00173294 0.00326652 0 0.00397197 0.00683976 0.00946217 0.0152591 0.00757587 0.0136028 0.0228656 0.0392903 0.0559909 0.0764795 0.0681675 0.0726916 0.0566044 0.0477403 0.0527397 0.0444891 0.0609904 0.0582453 0.0661739 0.0445044 0.0529084 0.0360697 0.0280645 0.0235558 0.0158879 0.00826598 0.00280645 0.00217768 0.000904811 0.00058276 9.20147e-05 0
 0 0 0 0 0 0 0 0 0 0 0 0 0 0 0 0 0 0 0 0 0 0 0 0 0 0 0 0 0 0 0 0 0 0 0 0
 0 0 0 0 0 0 0 0 0 0 0 0 0 0 0 0 0 0 0 0 0 0 0 0 0 0 0 0 0 0 0 0 0 0 0 0
 0 0 0 0 0 0 0 0 0 0 0 0 0 0 0 0 0 0 0 0 0 0 0 0 0 0 0 0 0 0 0 0 0 0 0 0
ppred_pel_tallas
 1.06159e-16 6.06537e-07 3.46267e-06 1.62574e-05 6.22527e-05 0.000193821 0.000490274 0.00100835 0.0016912 0.00233102 0.00269432 0.00275189 0.00278942 0.00328398 0.00469532 0.00736821 0.0115511 0.0174092 0.0249655 0.0340044 0.0440047 0.054155 0.063462 0.0709359 0.0757972 0.0776391 0.0764953 0.0727884 0.0671911 0.0604484 0.0532252 0.0460179 0.0391385 0.0327512 0.0269302 0.0217095
 1.20617e-16 1.80324e-06 1.05431e-05 5.00399e-05 0.000192529 0.00060023 0.00151612 0.0031029 0.00514655 0.00692147 0.00755797 0.00672915 0.00495552 0.00317947 0.0021024 0.00193439 0.00260073 0.00402685 0.00625702 0.00943 0.013711 0.0192294 0.0260262 0.0340112 0.0429313 0.0523598 0.0617144 0.0703072 0.0774245 0.0824245 0.0848336 0.0844222 0.0812428 0.075619 0.0680924 0.0593348
 1.34646e-16 6.91579e-07 4.01779e-06 1.90201e-05 7.30997e-05 0.000227806 0.00057545 0.00117836 0.00195709 0.00264009 0.00290409 0.00263594 0.00205019 0.00153053 0.0013808 0.00173076 0.0026125 0.00406381 0.00616673 0.00903197 0.0127693 0.0174644 0.0231625 0.0298559 0.0374691 0.0458406 0.0547044 0.0636766 0.0722602 0.0798741 0.0859121 0.089824 0.0912026 0.0898557 0.085848 0.0794974
 1.34899e-16 7.74908e-06 4.54565e-05 0.000216035 0.000831676 0.00259341 0.00655069 0.0134037 0.022219 0.0298422 0.0324816 0.0286686 0.0205611 0.0120823 0.00602944 0.00296761 0.00210571 0.00252838 0.00373597 0.00560223 0.00818533 0.0115991 0.0159516 0.0213108 0.027678 0.0349602 0.0429487 0.0513079 0.0595832 0.0672315 0.073676 0.0783771 0.0809084 0.081022 0.0786871 0.0741001
 1.03026e-16 3.93726e-05 0.00023111 0.00109865 0.00422994 0.0131908 0.0333186 0.0681729 0.112999 0.151738 0.165078 0.145507 0.103934 0.0602029 0.0283694 0.0110519 0.00387282 0.00171454 0.00146675 0.00182876 0.00238549 0.0030156 0.00366712 0.00430253 0.00489374 0.00542505 0.00589333 0.00630322 0.00665956 0.00695991 0.00719052 0.00732733 0.00734181 0.00720913 0.00691597 0.00646585
 1.01683e-16 9.7528e-06 5.71511e-05 0.00027148 0.0010449 0.00325814 0.00823057 0.0168462 0.0279449 0.0375909 0.0410689 0.0366123 0.0270513 0.0174873 0.0116608 0.0105356 0.0133397 0.0190167 0.026792 0.0360214 0.0459146 0.0554349 0.0633976 0.068694 0.0705478 0.0687069 0.0635089 0.0557869 0.0466597 0.0372703 0.0285609 0.02114 0.0152593 0.0108773 0.00776832 0.00563243
 1.0228e-16 3.35183e-05 0.000196734 0.000935204 0.00360062 0.0112282 0.0283615 0.0580308 0.0961901 0.129174 0.140548 0.123929 0.0886152 0.0515217 0.0246432 0.0102469 0.004649 0.00353096 0.00426818 0.00574988 0.00758419 0.00959212 0.011623 0.0135223 0.0151461 0.0163816 0.0171607 0.0174603 0.0172951 0.016705 0.015745 0.0144798 0.012982 0.0113323 0.00961685 0.00792223
 1.01217e-16 2.92742e-05 0.0001718 0.000816626 0.003144 0.00980422 0.0247648 0.0506732 0.0840003 0.112822 0.122803 0.108395 0.0777521 0.0456984 0.0227782 0.011053 0.00738125 0.00803425 0.010697 0.0142834 0.0182322 0.0220829 0.0253651 0.0276441 0.0286118 0.0281594 0.0264026 0.0236469 0.0203072 0.0168089 0.0135036 0.0106191 0.00825269 0.00639557 0.00497443 0.00389175
 1.01016e-16 3.12074e-05 0.000183155 0.000870618 0.0033519 0.0104526 0.0264024 0.0540234 0.0895518 0.120272 0.130895 0.115496 0.0827567 0.0484606 0.0238233 0.0110119 0.00664818 0.00673879 0.00882006 0.0117711 0.0150668 0.0183204 0.0211481 0.0231929 0.0241944 0.0240471 0.0228234 0.0207475 0.018135 0.0153166 0.0125729 0.0100951 0.00797795 0.00623723 0.00483856 0.00372614
 1.00793e-16 3.27063e-05 0.000191957 0.000912468 0.00351304 0.0109551 0.0276717 0.0566203 0.0938555 0.126048 0.137174 0.121017 0.0866711 0.0506683 0.0247511 0.0111751 0.00638396 0.0061804 0.0079792 0.0106162 0.0135678 0.0164706 0.0189737 0.0207535 0.0215765 0.0213525 0.0201542 0.0181931 0.0157636 0.0131721 0.0106766 0.00845107 0.00657828 0.00506675 0.003878 0.00295379
 1.02225e-16 8.64233e-06 5.06354e-05 0.000240513 0.000925676 0.00288636 0.00729145 0.0149244 0.0247583 0.0333086 0.0364014 0.0324774 0.024053 0.0156608 0.0106336 0.0098496 0.012652 0.0181307 0.0256174 0.0345444 0.044195 0.053612 0.0616879 0.0673708 0.0699009 0.0689906 0.064889 0.0583025 0.0502089 0.0416247 0.0334041 0.0261209 0.0200458 0.0152001 0.0114476 0.00858451
 1.09946e-16 6.11825e-06 3.58513e-05 0.000170303 0.000655482 0.00204386 0.00516291 0.0105665 0.0175246 0.0235639 0.0257185 0.0228675 0.0167676 0.0105943 0.00666636 0.00556779 0.0068172 0.00980224 0.0141581 0.0196871 0.026179 0.0333114 0.0406435 0.0476708 0.0539022 0.0589312 0.0624802 0.0644067 0.0646853 0.0633766 0.0606034 0.0565417 0.0514216 0.0455277 0.039189 0.0327535
 1.08445e-16 2.65174e-05 0.000155633 0.000739804 0.00284828 0.00888208 0.0224354 0.0459056 0.0760929 0.102189 0.111196 0.0980707 0.0701756 0.0409027 0.0197581 0.00855774 0.00441465 0.00394152 0.00508879 0.00699809 0.00936975 0.012061 0.0149405 0.0178648 0.0206918 0.0232966 0.0255788 0.0274588 0.028868 0.0297408 0.0300141 0.029638 0.0285921 0.0269017 0.0246465 0.0219577
 1.04213e-16 2.19366e-05 0.000128714 0.000611771 0.00235522 0.00734443 0.0185517 0.0379614 0.0629333 0.0845419 0.0920623 0.0813574 0.0585695 0.0348496 0.0181614 0.010126 0.00846738 0.0104493 0.0143484 0.0192924 0.0247205 0.0300746 0.034749 0.038175 0.0399448 0.039906 0.0381945 0.0351869 0.0313958 0.0273422 0.0234475 0.0199736 0.0170187 0.0145549 0.0124851 0.0106967
 1.02597e-16 2.66463e-05 0.000156373 0.000743288 0.00286163 0.00892368 0.0225406 0.0461222 0.0764568 0.102692 0.111781 0.0986757 0.0708028 0.0416594 0.0208515 0.0102669 0.00706099 0.00785698 0.0105653 0.014213 0.0182994 0.0224072 0.0260984 0.0289545 0.0306589 0.0310642 0.0302198 0.0283448 0.0257625 0.022818 0.0198072 0.016937 0.0143186 0.0119875 0.009934 0.00813161
 1.02231e-16 2.42432e-05 0.000142258 0.000676169 0.00260318 0.00811769 0.0205049 0.0419574 0.0695557 0.0934313 0.101724 0.0898531 0.0645924 0.0382466 0.0195898 0.0103812 0.00807342 0.0096205 0.0131181 0.0176345 0.0226181 0.027551 0.0318754 0.0350635 0.0367273 0.0367065 0.0351009 0.0322329 0.0285576 0.0245512 0.0206148 0.0170196 0.0138978 0.0112698 0.00908789 0.00727862
 1.02973e-16 2.06794e-05 0.000121332 0.000576677 0.0022201 0.00692305 0.0174874 0.0357837 0.0593238 0.0796957 0.0867916 0.0767157 0.0552632 0.0329538 0.0173059 0.00986331 0.00849798 0.0106475 0.0146996 0.0198351 0.0255153 0.0311883 0.0362424 0.0400895 0.0422878 0.0426383 0.041223 0.038366 0.0345389 0.0302431 0.0259076 0.0218306 0.0181704 0.0149725 0.0122141 0.00984598
 1.03768e-16 2.13135e-05 0.000125059 0.000594403 0.00228836 0.00713594 0.0180251 0.0368835 0.0611455 0.0821379 0.089438 0.0790232 0.0568567 0.0337666 0.0174823 0.00957179 0.00782017 0.0095739 0.0131772 0.0178183 0.0230036 0.0282511 0.0330282 0.0368171 0.0392192 0.0400385 0.0393157 0.0372967 0.0343544 0.0308911 0.0272545 0.0236909 0.0203395 0.0172559 0.0144485 0.0119099
 1.04911e-16 1.60417e-05 9.41013e-05 0.000447209 0.0017216 0.0053685 0.0135608 0.0277499 0.046009 0.0618205 0.0673565 0.0596121 0.0431063 0.0260339 0.0142758 0.00909096 0.00889289 0.0117447 0.0164134 0.0222294 0.0286789 0.0351805 0.0410705 0.0457038 0.048588 0.0494896 0.0484743 0.0458663 0.0421466 0.0378277 0.0333466 0.0290054 0.0249647 0.0212764 0.0179319 0.0149051
 1.02199e-16 3.43688e-05 0.000201725 0.000958928 0.00369196 0.0115131 0.029081 0.059503 0.098631 0.132453 0.14412 0.127089 0.0908965 0.0528912 0.0253772 0.010684 0.00503607 0.0040012 0.00487444 0.00649146 0.00841419 0.0104169 0.0123062 0.0138998 0.0150521 0.0156815 0.0157824 0.0154154 0.0146836 0.0137015 0.0125701 0.0113633 0.0101277 0.008891 0.00767266 0.00649248
 1.01378e-16 2.4841e-05 0.000145765 0.000692833 0.00266733 0.00831773 0.0210102 0.0429916 0.0712708 0.0957371 0.10424 0.0920874 0.066225 0.039266 0.0202074 0.0108589 0.00861474 0.0103525 0.0141093 0.0189055 0.0241381 0.0292289 0.0335589 0.0365512 0.0377959 0.0371477 0.0347605 0.0310406 0.0265413 0.021832 0.0173847 0.0135082 0.0103371 0.00786391 0.00599275 0.00459298
 1.02887e-16 1.80132e-05 0.000105675 0.000502228 0.00193344 0.00602909 0.0152294 0.031164 0.0516682 0.06942 0.0756249 0.0669019 0.0483169 0.0290589 0.0157134 0.00966995 0.00912105 0.011869 0.0165164 0.0223156 0.0287139 0.0351026 0.0407938 0.0451235 0.0475897 0.0479632 0.0463308 0.0430531 0.03866 0.0337186 0.0287193 0.0240087 0.0197777 0.0160899 0.0129299 0.0102473
 1.03452e-16 2.58485e-05 0.000151692 0.00072104 0.00277598 0.00865658 0.021866 0.0447415 0.0741675 0.0996153 0.108429 0.0957068 0.0686521 0.0403534 0.0201241 0.00979045 0.00659042 0.00725079 0.00975569 0.0131834 0.0170814 0.021085 0.0248096 0.0278791 0.0299952 0.0309971 0.0308859 0.0298057 0.0279909 0.0257016 0.0231674 0.0205577 0.0179784 0.0154878 0.0131195 0.0109005
 1.03719e-16 1.77391e-05 0.000104065 0.000494571 0.00190395 0.00593714 0.0149971 0.030689 0.0508811 0.0683643 0.0744795 0.0658996 0.0476169 0.0286852 0.0155963 0.00972557 0.00929915 0.0121547 0.0169109 0.0228165 0.0293031 0.0357403 0.0414202 0.045667 0.0479817 0.0481555 0.0463107 0.0428516 0.0383501 0.0334026 0.0285086 0.0240018 0.0200408 0.0166463 0.0137579 0.0112885
 1.0865e-16 5.59166e-07 3.18966e-06 1.49708e-05 5.73181e-05 0.000178447 0.000451378 0.000928372 0.00155717 0.00214662 0.00248206 0.00253711 0.00257561 0.00303829 0.00435101 0.00683542 0.0107269 0.016187 0.0232501 0.0317338 0.0411774 0.0508529 0.0598625 0.0673043 0.0724593 0.0749368 0.0747355 0.0721974 0.0678829 0.0624144 0.0563437 0.0500781 0.043874 0.0378731 0.032158 0.0267944
pSPR Fmed_Fpbrs
0.5123   0.255595 0.255595
Fs Fmed_Fpbrs
0.385522   1.005 1.005
SSBpbr Bo_Bmed_Bpbrs
1.07286e+06  495982  220574 220574
Ro
16983.5
SPR SPRFo_SPRFmed_SPRFpbrs
349229 178910 89261.3
log_Ro
9.56
likeval ReclasPelacesDesembMPH_pf_preclas_ppelaces_ptallas_desvR_qrecl_qpela
 100.666 132.665 0.170804 0.000572647 440.31 219.202 92.9241 0 77.0776 0 0 0 0 0 0
q_reclas_q_pelaces
1 1
M
0.7
N
 2653.59 66492.3 33476.6 4512.88 0.112283
 3875.88 1258.78 30130.8 15169.8 2045.05
 527.23 1768.62 527.82 12634.1 7218.37
 2164.85 186.484 445.579 132.977 5001.55
 53364.3 909.239 66.2446 158.283 1823.93
 11261 25645.7 422.875 30.8095 921.901
 53200.1 3810.54 5913.46 97.5077 219.679
 67431.4 20156.3 1101.51 1709.4 91.6891
 105529 22449.2 4498.79 245.853 401.996
 239635 37737.3 5781.08 1158.52 166.833
 49191.2 103781 14253.3 2183.5 500.581
 15435.3 19490.8 32810.2 4506.13 848.563
 54250 6071.69 6073.32 10223.6 1668.52
 27654.9 18387.3 1404.6 1404.97 2751.08
 19506.7 7002.99 2374.37 181.377 536.674
 13919.9 5406.21 1083.2 367.258 111.065
 10794.4 5280.73 1566.8 313.927 138.626
 10583.9 4231.29 1634 484.812 140.032
 6383.07 4351 1440 556.085 212.647
 29637.4 2563.41 1413.09 467.674 249.665
 34131.8 12107.7 861.523 474.92 241.087
 28193.7 15821 5238.62 372.754 309.793
 56465.3 12725.2 6490.24 2149.04 280.001
 40110.8 24629.3 4875.39 2486.6 930.638
 604.072 17329.3 9257.55 1832.54 1284.46
pred_Ctot
 85.6024 4205.09 2117.12 285.402 0.00710098
 227.15 142.253 3405.03 1714.32 231.107
 111.241 651.244 194.355 4652.16 2657.96
 242.432 38.9175 92.988 27.7509 1043.78
 1239.46 41.6346 3.03338 7.24785 83.5191
 2637.37 10317.6 170.129 12.3951 370.895
 9211.11 1181.08 1832.88 30.2225 68.0895
 16353.3 8349.24 456.274 708.078 37.9799
 21644.9 8067.88 1616.79 88.3553 144.47
 22213.7 6600.55 1011.16 202.634 29.1803
 7243.23 27829.4 3822.08 585.514 134.233
 2338.53 5362.63 9027.29 1239.8 233.471
 12660.1 2435.39 2436.04 4100.75 669.251
 10126.5 10536.9 804.909 805.125 1576.51
 6408.58 3699.58 1254.34 95.8188 283.517
 2399.93 1669.39 334.483 113.406 34.2961
 1657.49 1470.57 436.32 87.4217 38.6041
 1324.75 978.543 377.885 112.119 32.3843
 888.906 1109.26 367.119 141.771 54.2132
 3822.31 609.322 335.893 111.166 59.3454
 1640.63 1129.71 80.3842 44.3123 22.4945
 1857.34 2000.51 662.407 47.1335 39.1724
 4976.34 2122.28 1082.43 358.413 46.6982
 3779.91 4375.04 866.044 441.71 165.315
 84.17 4420.25 2361.36 467.434 327.632
F
 0.0457694 0.0915389 0.0915389 0.0915389 0.0915389
 0.0845724 0.169145 0.169145 0.169145 0.169145
 0.339291 0.678582 0.678582 0.678582 0.678582
 0.167496 0.334992 0.334992 0.334992 0.334992
 0.0327662 0.0655324 0.0655324 0.0655324 0.0655324
 0.383572 0.767145 0.767145 0.767145 0.767145
 0.270543 0.541087 0.541087 0.541087 0.541087
 0.399854 0.799707 0.799707 0.799707 0.799707
 0.328333 0.656666 0.656666 0.656666 0.656666
 0.136832 0.273663 0.273663 0.273663 0.273663
 0.225774 0.451548 0.451548 0.451548 0.451548
 0.233018 0.466037 0.466037 0.466037 0.466037
 0.381943 0.763886 0.763886 0.763886 0.763886
 0.673465 1.34693 1.34693 1.34693 1.34693
 0.58321 1.16642 1.16642 1.16642 1.16642
 0.269255 0.538511 0.538511 0.538511 0.538511
 0.236516 0.473032 0.473032 0.473032 0.473032
 0.188934 0.377867 0.377867 0.377867 0.377867
 0.212312 0.424623 0.424623 0.424623 0.424623
 0.195195 0.390391 0.390391 0.390391 0.390391
 0.068892 0.137784 0.137784 0.137784 0.137784
 0.0955193 0.191039 0.191039 0.191039 0.191039
 0.12969 0.259381 0.259381 0.259381 0.259381
 0.139248 0.278496 0.278496 0.278496 0.278496
 0.212442 0.424885 0.424885 0.424885 0.424885
YTP_r0W_actual
 942.704 97245.6 77924.9 19211.5 14022.7
YTP_p0W_proyectada
 56547.8 2503.51 84668.1 59003.1 17676.9
 56547.8 70568.8 663.465 20076.5 14480.9
CTP_r0_actual
 84.17 4420.25 2361.36 467.434 327.632
CTP_p0_proyectada
 6652.68 116.986 2713.72 1449.71 380.148
 6652.68 3297.61 21.2649 493.28 311.417
Wmedp
 8.5 21.4 31.2 40.7 46.5
nmprior
 10.6 11 7 0
nm_flota  nm_reclas  nm_pelaces    nm_pelaL
inf 10.4857 8.15098 15.2958
cv_recla  cv_pelaces  cv_mph
0.907539 1.30602 0.776393
 ------------------------------------------------
Talla a la edad & desviaci?n 
 7.2 14.2025 17.0495 18.207 18.6776
 1.08 2.13037 2.55742 2.73105 2.80164
