years
 1997 1998 1999 2000 2001 2002 2003 2004 2005 2006 2007 2008 2009 2010 2011 2012 2013 2014 2015 2016 2017 2018 2019 2020 2021
reclasobs
 0 0 0 370054 412103 1.49427e+06 250295 1.28982e+06 931140 785840 897777 1.04006e+06 184774 17550 25797 100020 73551 82996 120727 218422 84188 347160 605670 569463 516374
reclaspred
 482867 124811 317958 217891 354619 436624 952892 655007 740404 762046 646481 448068 276231 114981 68629 65824.4 79117.6 105933 114354 155581 234736 219554 372165 461640 540519
pelacesobs
 0 0 0 0 0 0 0 0 0 2.06254e+06 1.5e+06 0 1.87456e+06 323000 250000 174000 83755 137374 0 501740 490994 745055 786931 1.00524e+06 1.33801e+06
pelacespred
 1.94652e+06 437702 668250 738668 1.05964e+06 1.0379e+06 2.65588e+06 2.15957e+06 2.20198e+06 2.29498e+06 1.69036e+06 1.22663e+06 735698 236847 143752 151434 191371 270483 294953 393094 688309 627526 819386 1.21017e+06 1.42029e+06
mphobs
 0 0 0 0 0 112323 0 153150 637223 0 255016 313432 73983 77613 109348 50772 0 0 0 0 0 0 0 0 0
mphpred
 177277 97554.3 108504 105829 123674 210478 299671 369963 317974 340156 355841 250592 157592 81919.8 34965.8 28024.8 31529.8 41578 52055.9 59143.7 89073.2 109489 134729 187880 254408
desembarqueobs
 350755 77701 442110 56441 14545 235359 269955 359681 431902 328805 639364 411747 362871 311530 167758 66681 60226 58785 57116 73181 50977 67692 138656 160484 209506
desembarquepred
 350761 77699.6 442093 56444.1 14545.3 235437 270019 359675 431946 328813 639318 411783 362937 311625 167586 66676.8 60252.5 58778.4 57100.8 73177.7 50979.6 67682.6 138661 160500 209513
Reclutas
 36403.6 44160.4 22861.1 34513.5 61628.4 43260.4 78246.1 76050 99405 116988 66671.6 45983.1 45844.6 24796.6 14506.5 13402.6 10159.8 11664.4 12580.5 20166.8 26329.7 33230.8 52449.6 62258.5 27150.6
log_desv_Rt
 0.0424236 0.235583 -0.422808 -0.0108956 0.568878 0.214992 0.807614 0.779146 1.04696 1.20983 0.647534 0.276029 0.273012 -0.341539 -0.877651 -0.956797 -1.2338 -1.0957 -1.0201 -0.548207 -0.281548 -0.0487664 0.407607 0.57905 -0.250846
SSB
 447749 246392 274048 267291 312363 531605 756879 934413 803106 859132 898747 632920 398029 206905 88313 70782.2 79634.7 105013 131477 149379 224972 276537 340285 474529 642557
BT
 1.54469e+06 375848 657152 487991 635846 748296 1.80682e+06 1.65551e+06 1.7242e+06 1.66621e+06 1.54026e+06 1.07467e+06 789427 431228 228071 145469 163388 207498 215409 291678 447474 409336 560255 828870 944538
Ftot
 0.968583 0.88418 1.52286 0.323824 0.0561094 0.527506 0.33361 0.658804 0.745284 0.551252 1.02367 0.899674 1.43614 2.83169 3.25811 1.38127 1.01178 0.692434 0.558576 0.587242 0.271337 0.332208 0.403431 0.40555 0.367973
BD_Bspro_t
 0.910215 0.638759 0.56009 0.379576 0.543845 0.722052 0.668475 0.685829 0.618599 0.58977 0.570094 0.411902 0.308589 0.209083 0.113198 0.112234 0.167864 0.274325 0.376276 0.465693 0.594726 0.702796 0.709788 0.714056 0.717334
BD_Bspro
 0.624067 0.343419 0.381965 0.372547 0.435369 0.740945 1.05493 1.30237 1.11936 1.19745 1.25266 0.882157 0.554769 0.288381 0.12309 0.0986555 0.110994 0.146366 0.183252 0.208203 0.313563 0.385434 0.474286 0.661393 0.895589
BD_Bo
 0.507114 0.279061 0.310383 0.30273 0.353778 0.602088 0.85723 1.0583 0.909586 0.97304 1.01791 0.716836 0.450802 0.234337 0.100022 0.080167 0.0901931 0.118937 0.148909 0.169184 0.2548 0.313202 0.385402 0.537445 0.727751
BD_Brms
 1.40505 0.773186 0.859971 0.838766 0.980205 1.66819 2.37511 2.93221 2.52017 2.69598 2.82029 1.98612 1.24903 0.649272 0.277129 0.222117 0.249896 0.329535 0.41258 0.468755 0.705968 0.86778 1.06782 1.48908 2.01636
S_f
 0.105564 0.69159 0.977068 0.998766 0.999935
 0.105564 0.69159 0.977068 0.998766 0.999935
 0.105564 0.69159 0.977068 0.998766 0.999935
 0.105564 0.69159 0.977068 0.998766 0.999935
 0.105564 0.69159 0.977068 0.998766 0.999935
 0.105564 0.69159 0.977068 0.998766 0.999935
 0.105564 0.69159 0.977068 0.998766 0.999935
 0.105564 0.69159 0.977068 0.998766 0.999935
 0.105564 0.69159 0.977068 0.998766 0.999935
 0.105564 0.69159 0.977068 0.998766 0.999935
 0.105564 0.69159 0.977068 0.998766 0.999935
 0.105564 0.69159 0.977068 0.998766 0.999935
 0.105564 0.69159 0.977068 0.998766 0.999935
 0.105564 0.69159 0.977068 0.998766 0.999935
 0.105564 0.69159 0.977068 0.998766 0.999935
 0.105564 0.69159 0.977068 0.998766 0.999935
 0.105564 0.69159 0.977068 0.998766 0.999935
 0.105564 0.69159 0.977068 0.998766 0.999935
 0.105564 0.69159 0.977068 0.998766 0.999935
 0.105564 0.69159 0.977068 0.998766 0.999935
 0.105564 0.69159 0.977068 0.998766 0.999935
 0.105564 0.69159 0.977068 0.998766 0.999935
 0.105564 0.69159 0.977068 0.998766 0.999935
 0.105564 0.69159 0.977068 0.998766 0.999935
 0.105564 0.69159 0.977068 0.998766 0.999935
Scru_reclas
 0.748899 1 1 1 1
 0.748899 1 1 1 1
 0.748899 1 1 1 1
 0.748899 1 1 1 1
 0.748899 1 1 1 1
 0.748899 1 1 1 1
 0.748899 1 1 1 1
 0.748899 1 1 1 1
 0.748899 1 1 1 1
 0.748899 1 1 1 1
 0.748899 1 1 1 1
 0.748899 1 1 1 1
 0.748899 1 1 1 1
 0.748899 1 1 1 1
 0.748899 1 1 1 1
 0.748899 1 1 1 1
 0.748899 1 1 1 1
 0.748899 1 1 1 1
 0.748899 1 1 1 1
 0.748899 1 1 1 1
 0.748899 1 1 1 1
 0.748899 1 1 1 1
 0.748899 1 1 1 1
 0.748899 1 1 1 1
 0.748899 1 1 1 1
Scru_pelaces
 0.739925 1 1 1 1
 0.739925 1 1 1 1
 0.739925 1 1 1 1
 0.739925 1 1 1 1
 0.739925 1 1 1 1
 0.739925 1 1 1 1
 0.739925 1 1 1 1
 0.739925 1 1 1 1
 0.739925 1 1 1 1
 0.739925 1 1 1 1
 0.739925 1 1 1 1
 0.739925 1 1 1 1
 0.739925 1 1 1 1
 0.739925 1 1 1 1
 0.739925 1 1 1 1
 0.739925 1 1 1 1
 0.739925 1 1 1 1
 0.739925 1 1 1 1
 0.739925 1 1 1 1
 0.739925 1 1 1 1
 0.739925 1 1 1 1
 0.739925 1 1 1 1
 0.739925 1 1 1 1
 0.739925 1 1 1 1
 0.739925 1 1 1 1
pf_obs 
 0.256992 0.487395 0.22802 0.0275931 0
 0.321318 0.546541 0.124235 0.00734118 0.000564706
 0.182869 0.594174 0.210203 0.0122559 0.00049798
 0.330522 0.361315 0.267642 0.0388342 0.00168674
 0.649043 0.306663 0.0425973 0.00169635 0
 0.582887 0.30429 0.105238 0.00758474 0
 0.465427 0.430635 0.0974691 0.00646863 0
 0.296916 0.608066 0.0921331 0.00288517 0
 0.311714 0.524322 0.152257 0.0117073 0
 0.15457 0.633149 0.183074 0.0267441 0.00246327
 0.131901 0.49318 0.331252 0.0422183 0.00144891
 0.196976 0.569456 0.194076 0.0375587 0.00193317
 0.518974 0.381816 0.0799577 0.0180837 0.00116848
 0.0928022 0.601141 0.25162 0.0475244 0.00691264
 0.122501 0.610282 0.24278 0.0234846 0.000952079
 0.383417 0.481906 0.127806 0.00687128 0
 0.0376549 0.599619 0.316969 0.0457579 0
 0.0361596 0.667082 0.258105 0.0386534 0
 0.158088 0.579412 0.248529 0.0139706 0
 0.0477256 0.309471 0.559284 0.082774 0.000745712
 0.0406174 0.521527 0.379366 0.0568643 0.0016247
 0.151134 0.462217 0.34131 0.0453401 0
 0.294876 0.26143 0.354403 0.0886775 0.000613685
 0.281977 0.475581 0.204845 0.0348837 0.00271318
 0.0841818 0.532909 0.334909 0.0458182 0.00218182
pf_pred 
 0.306257 0.474274 0.196034 0.0234218 1.2915e-05
 0.286039 0.558859 0.121273 0.0303267 0.00350255
 0.159104 0.640548 0.171412 0.0227891 0.00614713
 0.273847 0.462963 0.225194 0.0327105 0.00528627
 0.284219 0.493234 0.160306 0.0534467 0.00879434
 0.145292 0.58695 0.202831 0.0470538 0.0178736
 0.250817 0.392192 0.274834 0.0626581 0.0194987
 0.200433 0.550512 0.154108 0.073525 0.0214223
 0.248839 0.481266 0.209674 0.0376909 0.0225307
 0.241415 0.537824 0.163232 0.0450053 0.0125235
 0.140466 0.591704 0.211506 0.0419572 0.014368
 0.14492 0.493389 0.285046 0.0609778 0.0156675
 0.219424 0.466196 0.217591 0.0768226 0.0199667
 0.211958 0.606003 0.133526 0.0340161 0.014497
 0.283321 0.604205 0.100682 0.00880546 0.00298723
 0.330151 0.596889 0.0684157 0.0040992 0.000444787
 0.218505 0.635605 0.136623 0.00871205 0.000555246
 0.241178 0.51795 0.21174 0.0273412 0.0017905
 0.22097 0.539229 0.185014 0.0483351 0.00645127
 0.283885 0.46952 0.191264 0.0429664 0.0123652
 0.249028 0.544397 0.154071 0.0409855 0.0115182
 0.221995 0.511276 0.211663 0.0413266 0.01374
 0.26108 0.469467 0.198987 0.0562112 0.0142551
 0.225631 0.535161 0.172815 0.0493677 0.0170261
 0.0898391 0.585222 0.250136 0.0544364 0.0203663
pobs_RECLAS
 0 0 0 0 0
 0 0 0 0 0
 0 0 0 0 0
 0 0 0 0 0
 0.835266 0.146461 0.0176864 0.000547809 3.91292e-05
 0.385257 0.428462 0.181853 0.0044286 0
 0.867414 0.0963971 0.0333333 0.00285562 0
 0.441836 0.489002 0.0689373 0.000224442 0
 0.779404 0.147425 0.0564933 0.0165055 0.000172143
 0.814271 0.122319 0.05973 0.00367925 0
 0.40263 0.566651 0.0304383 0.000280538 0
 0.475488 0.404961 0.113038 0.00651328 0
 0.955842 0.0263864 0.0167828 0.000988607 0
 0.975058 0.0227948 0.00214734 0 0
 0.738997 0.206755 0.0527124 0.00153531 0
 0.850938 0.134255 0.0134407 0.00136685 0
 0.542534 0.407297 0.0501686 0 0
 0.764087 0.199537 0.0359546 0.000420521 0
 0.470689 0.182191 0.310203 0.0369168 0
 0.84361 0.089868 0.0606195 0.00523954 0.000663233
 0.607945 0.314616 0.071237 0.00620181 0
 0.523733 0.453247 0.0230204 0 0
 0.530135 0.295979 0.169645 0.0042399 0
 0.562478 0.366248 0.0663022 0.0049721 0
 0.250443 0.683176 0.0655157 0.000865301 0
ppred_RECLAS
 0.716862 0.215162 0.0608761 0.00709563 3.90743e-06
 0.688168 0.262093 0.039097 0.00954146 0.00110055
 0.526112 0.392878 0.0695863 0.00899963 0.00242398
 0.677708 0.230514 0.0787835 0.0111885 0.00180598
 0.682616 0.240973 0.0553808 0.0180617 0.00296847
 0.485601 0.390697 0.0942356 0.021362 0.0081045
 0.660297 0.207635 0.102206 0.0227813 0.00708086
 0.584088 0.317163 0.0616558 0.028732 0.00836087
 0.654802 0.249073 0.075079 0.0131783 0.00786763
 0.63727 0.282386 0.0597683 0.0161014 0.00447498
 0.484685 0.394178 0.0961676 0.0186063 0.00636315
 0.501232 0.332303 0.131872 0.0275291 0.00706408
 0.635374 0.252295 0.0783996 0.0269398 0.0069917
 0.649211 0.29831 0.0388758 0.00954365 0.00405923
 0.736645 0.238358 0.0224709 0.00188687 0.000638719
 0.731449 0.248304 0.0190171 0.00110931 0.000120195
 0.606044 0.340641 0.0500066 0.00311025 0.000197962
 0.641027 0.271624 0.0770031 0.00971079 0.00063513
 0.611687 0.296783 0.0709928 0.0181216 0.0024157
 0.690714 0.226773 0.0643341 0.0141196 0.0040584
 0.641884 0.282987 0.0563553 0.0146589 0.0041147
 0.612691 0.283793 0.0825303 0.0157542 0.00523156
 0.664651 0.239549 0.0711696 0.0196522 0.00497775
 0.61602 0.292823 0.0662752 0.0185068 0.00637494
 0.355265 0.464647 0.13936 0.029649 0.0110792
pobs_PELACES
 0 0 0 0 0
 0 0 0 0 0
 0 0 0 0 0
 0 0 0 0 0
 0 0 0 0 0
 0 0 0 0 0
 0 0 0 0 0
 0 0 0 0 0
 0 0 0 0 0
 0 0 0 0 0
 0.450072 0.473896 0.0757376 0.000293798 0
 0 0 0 0 0
 0.463077 0.371075 0.160297 0.00555027 0
 0.529543 0.364841 0.0842815 0.0213345 0
 0.631943 0.363953 0.00410389 0 0
 0.735681 0.248677 0.0153453 0.000297389 0
 0.695825 0.281241 0.0229344 0 0
 0.275771 0.60734 0.115278 0.00161068 0
 0 0 0 0 0
 0.896147 0.0623911 0.0374545 0.00400742 0
 0.803859 0.145111 0.0509908 3.86294e-05 0
 0.739449 0.233085 0.0266225 0.000797448 4.60066e-05
 0.878498 0.100942 0.0204185 0.000141795 0
 0.694673 0.275183 0.0284847 0.00165964 0
 0.469039 0.446079 0.0841089 0.000773354 0
ppred_PELACES
 0.755013 0.190183 0.0491161 0.00568533 3.12964e-06
 0.723829 0.235165 0.0322764 0.0078272 0.000902512
 0.601169 0.338462 0.0519362 0.00664408 0.00178848
 0.690512 0.223287 0.0740206 0.0104878 0.00169266
 0.682636 0.24127 0.0551569 0.0179815 0.00295521
 0.511069 0.375813 0.0862511 0.0194783 0.00738834
 0.674671 0.201312 0.0960278 0.0213531 0.0066361
 0.615319 0.29772 0.0543933 0.0252283 0.00733946
 0.688188 0.229385 0.0644562 0.0112535 0.00671657
 0.661408 0.26664 0.0535797 0.0143774 0.00399497
 0.536637 0.362388 0.0802838 0.0154197 0.00527128
 0.548542 0.309299 0.112769 0.02339 0.00599989
 0.703007 0.214021 0.0580903 0.0197569 0.00512467
 0.766279 0.2061 0.02057 0.00494838 0.00210241
 0.84187 0.146829 0.0101835 0.000835389 0.00028243
 0.780115 0.205203 0.0137985 0.000796978 8.63071e-05
 0.651755 0.304885 0.0406883 0.00251242 0.000159849
 0.672012 0.252086 0.0669512 0.00840139 0.000549343
 0.637085 0.280821 0.0637311 0.0162031 0.00215948
 0.714976 0.21208 0.0569275 0.0124416 0.00357529
 0.652348 0.276208 0.0536171 0.0139196 0.00390676
 0.626967 0.275638 0.0776888 0.0147947 0.00491233
 0.681565 0.229965 0.0657741 0.0181099 0.00458639
 0.633715 0.281889 0.061409 0.0170982 0.00588881
 0.371184 0.457604 0.132571 0.0281305 0.0105103
pobs_pel_tallas
 0 0 0 0 0 0 0 0 0 0 0 0 0 0 0 0 0 0 0 0 0 0 0 0 0 0 0 0 0 0 0 0 0 0 0 0
 0 0 0 0 0 0 0 0 0 0 0 0 0 0 0 0 0 0 0 0 0 0 0 0 0 0 0 0 0 0 0 0 0 0 0 0
 0 0 0 0 0 0 0 0 0 0 0 0 0 0 0 0 0 0 0 0 0 0 0 0 0 0 0 0 0 0 0 0 0 0 0 0
 0 0 0 0 0 0 0 0 0 0 0 0 0 0 0 0 0 0 0 0 0 0 0 0 0 0 0 0 0 0 0 0 0 0 0 0
 0 0 0 0 0 0 0 0 0 0 0 0 0 0 0 0 0 0 0 0 0 0 0 0 0 0 0 0 0 0 0 0 0 0 0 0
 0 0 0 0 0 0 0 0 0 0 0 0 0 0 0 0 0 0 0 0 0 0 0 0 0 0 0 0 0 0 0 0 0 0 0 0
 0 0 0 0 0 0 0 0 0 0 0 0 0 0 0 0 0 0 0 0 0 0 0 0 0 0 0 0 0 0 0 0 0 0 0 0
 0 0 0 0 0 0 0 0 0 0 0 0 0 0 0 0 0 0 0 0 0 0 0 0 0 0 0 0 0 0 0 0 0 0 0 0
 0 0 0 0 0 0 0 0 0 0 0 0 0 0 0 0 0 0 0 0 0 0 0 0 0 0 0 0 0 0 0 0 0 0 0 0
 0 0 0 0 0 0 0 0 0 0 0 0 0 0 0 0 0 0 0 0 0 0 0 0 0 0 0 0 0 0 0 0 0 0 0 0
 0 0 0 0 0 0 0 0 1.78061e-05 0.00172719 0.00360574 0.0105946 0.0120993 0.0124554 0.0147524 0.0171206 0.0266825 0.0428682 0.0675386 0.121331 0.153587 0.119568 0.100827 0.0573624 0.0630603 0.0341343 0.0324427 0.0444173 0.0211091 0.0280891 0.0125444 0.00206551 0 0 0 0
 0 0 0 0 0 0 0 0 0 0 0 0 0 0 0 0 0 0 0 0 0 0 0 0 0 0 0 0 0 0 0 0 0 0 0 0
 0 0 0 0 0 0 0.0133647 0.0140871 0.0187388 0.0205184 0.03894 0.0496705 0.03968 0.0493445 0.0407372 0.0367815 0.0215668 0.0243155 0.0234873 0.0199281 0.019796 0.0243948 0.0301388 0.0376714 0.0412746 0.0863199 0.0771752 0.113111 0.0741005 0.0525337 0.0229764 0.00759418 0.00175318 0 0 0
 0 0 0 0 0 0 0 0 0 0 0.00219441 0.00772107 0.0458388 0.0604681 0.0671733 0.0775358 0.0609151 0.0617685 0.073594 0.0568108 0.0755445 0.0548602 0.0670107 0.0636378 0.0643287 0.046367 0.0373049 0.0286899 0.0247887 0.0153202 0.00654259 0.00121912 0.000365735 0 0 0
 0 0 0 0 0 0 0 0 0 0 0 0 0.000112435 0.00938835 0.0111873 0.0202946 0.0414886 0.0713402 0.111592 0.104902 0.108894 0.110636 0.117776 0.105296 0.107544 0.0401394 0.0192827 0.0124803 0.00416011 0.0028671 0.000618394 0 0 0 0 0
 0 0 0 0 0 0 0 0 0 0 0.00291406 0.0102884 0.027416 0.0768956 0.0749926 0.110853 0.0956884 0.0897413 0.0766577 0.0534642 0.0500743 0.0551293 0.0594112 0.0620874 0.0668451 0.0424026 0.0208742 0.0120726 0.0048766 0.00582813 0.00118941 0.000297354 0 0 0 0
 0 0.00264628 0.0354308 0.0461629 0.0458689 0.0383711 0.0214643 0.0164657 0.0346957 0.0420465 0.0363128 0.0245516 0.0311673 0.0291091 0.0169068 0.0133784 0.00837989 0.0085269 0.0148486 0.0160247 0.0276389 0.0546898 0.0760071 0.122758 0.109233 0.0665981 0.0333725 0.0166128 0.00676272 0.00308733 0.000882094 0 0 0 0 0
 0 0 0 0 0 0 0 0.000805153 0.000690131 0.00759144 0.0133425 0.0154129 0.00931677 0.000345066 0.00356568 0.00563607 0.00851162 0.0253048 0.0502646 0.0516448 0.0657925 0.0565908 0.0611916 0.0827007 0.0866115 0.110766 0.145733 0.0935128 0.0569358 0.0249597 0.0138026 0.00621118 0.00161031 0.00115022 0 0
 0 0 0 0 0 0 0 0 0 0 0 0 0 0 0 0 0 0 0 0 0 0 0 0 0 0 0 0 0 0 0 0 0 0 0 0
 0.00147267 0.00158595 0.00478618 0.00569244 0.00954404 0.0108468 0.00647125 0.017049 0.0510054 0.094081 0.124002 0.0959785 0.0687766 0.0820023 0.061753 0.0591476 0.0492212 0.0479892 0.0443925 0.0268479 0.0217502 0.0140895 0.0121071 0.0120363 0.00920419 0.00665534 0.0049561 0.00860946 0.00930331 0.0156896 0.0114698 0.00855282 0.00243557 0.00046729 0 2.83206e-05
 0 0 0 0 0.000772559 0.00158375 0.000888443 0.00281984 0.00712685 0.0440552 0.0773331 0.111326 0.0921469 0.0852325 0.0710754 0.0886704 0.0786465 0.0553345 0.0373146 0.0185414 0.00753245 0.00457741 0.012979 0.0271748 0.0457355 0.0583668 0.034881 0.0177882 0.00938659 0.00492506 0.0015258 0.00185414 0.000309023 5.79419e-05 3.86279e-05 0
 0 0.00173294 0.00326652 0 0.00397197 0.00683976 0.00946217 0.0152591 0.00757587 0.0136028 0.0228656 0.0392903 0.0559909 0.0764795 0.0681675 0.0726916 0.0566044 0.0477403 0.0527397 0.0444891 0.0609904 0.0582453 0.0661739 0.0445044 0.0529084 0.0360697 0.0280645 0.0235558 0.0158879 0.00826598 0.00280645 0.00217768 0.000904811 0.00058276 9.20147e-05 0
 0 0 0 0 0 0 0 0 0 0 0 0 0 0 0 0 0 0 0 0 0 0 0 0 0 0 0 0 0 0 0 0 0 0 0 0
 0 0 0 0 0 0 0 0 0 0 0 0 0 0 0 0 0 0 0 0 0 0 0 0 0 0 0 0 0 0 0 0 0 0 0 0
 0 0 0 0 0 0 0 0 0 0 0 0 0 0 0 0 0 0 0 0 0 0 0 0 0 0 0 0 0 0 0 0 0 0 0 0
ppred_pel_tallas
 1.00955e-16 3.29425e-05 0.000193345 0.000919074 0.00353848 0.0110344 0.0278721 0.0570301 0.0945343 0.126958 0.138159 0.121875 0.0872609 0.0509637 0.0248036 0.0110449 0.0060984 0.00573313 0.00734899 0.00978696 0.0125441 0.0152871 0.0176981 0.0194817 0.0204194 0.0204179 0.0195269 0.0179202 0.0158467 0.01357 0.0113158 0.00924088 0.00742732 0.00589592 0.00462877 0.00359094
 1.00846e-16 3.15846e-05 0.000185369 0.000881144 0.00339243 0.0105789 0.0267216 0.0546766 0.0906345 0.121725 0.132477 0.116891 0.0837554 0.0490427 0.0241041 0.0111317 0.00670487 0.00677967 0.0088597 0.0118071 0.0150869 0.0183048 0.0210713 0.0230263 0.0239108 0.0236261 0.0222562 0.0200402 0.0173094 0.0144081 0.0116252 0.00915465 0.00708745 0.00543066 0.00413834 0.0031424
 1.0116e-16 2.62403e-05 0.000153983 0.000731913 0.00281781 0.00878701 0.0221955 0.0454165 0.0752889 0.101129 0.110096 0.0972257 0.0698439 0.0412588 0.0209524 0.0108103 0.00805478 0.009372 0.0126921 0.0170121 0.0217578 0.0264078 0.0304094 0.0332443 0.0345377 0.0341452 0.032185 0.0289987 0.0250615 0.0208685 0.0168366 0.0132472 0.0102351 0.00781422 0.00592211 0.00446361
 1.01564e-16 3.01314e-05 0.000176838 0.000840591 0.00323629 0.010092 0.0254918 0.0521601 0.0864631 0.116124 0.126382 0.111515 0.0799092 0.0468026 0.0230269 0.0106774 0.00649713 0.00663653 0.00872446 0.0116871 0.0150258 0.0183734 0.0213622 0.0236439 0.0249561 0.0251782 0.024354 0.0226701 0.0204007 0.01784 0.0152417 0.0127857 0.0105711 0.00863148 0.00696011 0.00553278
 1.01618e-16 2.97887e-05 0.000174824 0.000831014 0.00319941 0.00997703 0.0252013 0.0515658 0.0854786 0.114803 0.124949 0.110262 0.079034 0.0463364 0.0228833 0.0107539 0.00673494 0.0070242 0.00927455 0.0124125 0.0159234 0.0194151 0.022492 0.0247829 0.0260136 0.0260677 0.0250095 0.0230582 0.0205263 0.0177423 0.0149845 0.0124427 0.0102121 0.00831195 0.00671522 0.00537692
 1.02362e-16 2.2313e-05 0.000130924 0.000622276 0.00239567 0.00747056 0.0188703 0.0386133 0.0640137 0.0859924 0.0936396 0.0827462 0.0595582 0.0354162 0.0184175 0.0102086 0.00847269 0.0104272 0.0143237 0.0192836 0.0247491 0.0301659 0.0349275 0.0384566 0.0403266 0.0403572 0.038651 0.0355529 0.0315539 0.0271701 0.0228393 0.0188608 0.0153849 0.0124419 0.00998786 0.00794962
 1.02473e-16 2.94398e-05 0.00017278 0.000821301 0.00316203 0.00986046 0.0249068 0.050963 0.0844784 0.113457 0.123476 0.108945 0.0780513 0.0456831 0.0224188 0.0103016 0.00614702 0.00619539 0.00813799 0.010942 0.0141448 0.0174185 0.0204344 0.0228762 0.0244963 0.0251657 0.024895 0.0238173 0.0221432 0.020104 0.0179037 0.0156912 0.0135574 0.0115478 0.00968247 0.00797245
 1.02079e-16 2.68556e-05 0.0001576 0.000749113 0.00288405 0.00899359 0.0227173 0.0464838 0.0770567 0.103499 0.112665 0.0994682 0.0713974 0.0420609 0.0211472 0.0105663 0.0074571 0.00841716 0.0113326 0.0152035 0.0194937 0.0237424 0.0274668 0.0302124 0.0316465 0.0316329 0.0302599 0.0278068 0.0246667 0.021249 0.0178973 0.0148415 0.012191 0.00995879 0.00810027 0.00654986
 1.01691e-16 3.00303e-05 0.000176244 0.000837766 0.00322541 0.0100581 0.0254061 0.0519848 0.0861727 0.115734 0.125959 0.111146 0.0796518 0.0466666 0.0229872 0.0107042 0.00657346 0.00675923 0.00889692 0.011912 0.0153 0.0186855 0.0216917 0.0239637 0.0252366 0.0253932 0.0244865 0.0227159 0.0203701 0.0177548 0.0151313 0.0126804 0.0104969 0.00860586 0.0069901 0.00561563
 1.01529e-16 2.8864e-05 0.000169394 0.00080519 0.00309997 0.00966694 0.024418 0.0499635 0.0828234 0.11124 0.121079 0.106865 0.0766392 0.0450132 0.02238 0.0107683 0.00707828 0.00763495 0.0101633 0.0136082 0.0174393 0.0212308 0.0245463 0.0269763 0.0282208 0.0281566 0.0268626 0.0245904 0.0216953 0.0185492 0.0154665 0.0126601 0.0102349 0.00820774 0.00654152 0.00517743
 1.02034e-16 2.34274e-05 0.000137467 0.000653387 0.00251546 0.00784412 0.0198139 0.0405438 0.0672131 0.0902873 0.0983084 0.0868527 0.0624724 0.0370655 0.0191217 0.0103543 0.00831504 0.0100704 0.0137814 0.0185364 0.0237761 0.0289598 0.0335008 0.0368422 0.0385734 0.0385232 0.0367944 0.0337249 0.0297941 0.0255059 0.0212877 0.0174318 0.0140848 0.0112751 0.00895783 0.00705764
 1.02786e-16 2.39444e-05 0.000140507 0.00066785 0.00257116 0.00801785 0.0202527 0.0414411 0.068699 0.0922782 0.100463 0.0887242 0.0637492 0.0376843 0.0191872 0.00998628 0.00755873 0.00889564 0.0121264 0.0163556 0.0210782 0.0258329 0.0301207 0.0334605 0.0354849 0.0360191 0.0351114 0.0330044 0.0300608 0.0266708 0.0231723 0.0198052 0.016704 0.0139193 0.0114516 0.00928133
 1.01813e-16 3.06758e-05 0.000180035 0.000855792 0.00329482 0.0102746 0.0259528 0.0531034 0.0880263 0.118222 0.128662 0.113519 0.0813268 0.0475965 0.0233494 0.010712 0.00636136 0.0063727 0.00833022 0.0111448 0.01432 0.0175006 0.0203353 0.0224941 0.0237302 0.023934 0.0231533 0.0215711 0.0194525 0.0170777 0.0146848 0.0124374 0.0104199 0.00865367 0.00712282 0.00579795
 1.00628e-16 3.34344e-05 0.000196232 0.000932793 0.0035913 0.0111991 0.0282881 0.0578815 0.0959458 0.128855 0.140226 0.123703 0.0885812 0.0517578 0.0252321 0.011305 0.00633482 0.00602591 0.00773266 0.010266 0.0130966 0.0158638 0.0182234 0.0198607 0.0205515 0.0202145 0.0189297 0.0169142 0.0144655 0.0118912 0.00944827 0.00730693 0.00554454 0.00416203 0.00311219 0.00232777
 1.00235e-16 3.67281e-05 0.000215574 0.00102476 0.00394542 0.0123035 0.0310775 0.0635883 0.105403 0.141549 0.15402 0.135826 0.0971624 0.0565699 0.0272011 0.0115476 0.00557324 0.0045331 0.00551813 0.00725344 0.00922888 0.0111549 0.0127798 0.0138786 0.0142933 0.0139692 0.0129681 0.0114507 0.00963551 0.00774776 0.00597538 0.00444258 0.00320488 0.00226093 0.00157297 0.00108759
 1.00295e-16 3.40377e-05 0.000199773 0.000949631 0.00365613 0.0114013 0.0287988 0.0589264 0.0976776 0.13118 0.142755 0.125931 0.0901693 0.0526709 0.0256495 0.0114441 0.00634404 0.00597267 0.00763414 0.010117 0.012884 0.0155718 0.0178358 0.019363 0.0199327 0.0194687 0.0180582 0.0159263 0.0133793 0.0107328 0.00825012 0.00610538 0.00437637 0.0030611 0.0021064 0.00143698
 1.00771e-16 2.84446e-05 0.000166928 0.000793461 0.0030548 0.00952605 0.0240622 0.0492357 0.0816182 0.109625 0.11933 0.105344 0.0755969 0.0444985 0.0223043 0.0110296 0.00763428 0.00850473 0.0113934 0.0152358 0.0194634 0.0235928 0.0271231 0.0295872 0.03065 0.0301857 0.0283071 0.0253302 0.0216914 0.017845 0.0141728 0.010932 0.00824415 0.00611915 0.00449511 0.00327889
 1.01347e-16 2.93259e-05 0.000172106 0.000818089 0.00314964 0.00982183 0.0248093 0.0507639 0.0841497 0.11302 0.123011 0.108561 0.0778336 0.0456708 0.0226256 0.010752 0.00689359 0.00731239 0.00969867 0.01299 0.0166663 0.0203207 0.0235385 0.0259292 0.0272024 0.0272331 0.0260854 0.0239872 0.021266 0.0182687 0.0152926 0.0125445 0.0101332 0.00808688 0.00638362 0.00497926
 1.01654e-16 2.7804e-05 0.000163169 0.000775596 0.00298602 0.00931158 0.0235205 0.0481271 0.07978 0.107155 0.116638 0.10296 0.0738701 0.0434501 0.0217205 0.0106473 0.00725651 0.00801722 0.0107407 0.0144028 0.018473 0.02251 0.0260551 0.0286761 0.0300541 0.0300547 0.0287553 0.0264147 0.0234012 0.0201022 0.0168465 0.0138591 0.0112538 0.00905354 0.00722582 0.00571535
 1.01472e-16 3.11976e-05 0.000183099 0.000870358 0.00335091 0.0104495 0.0263946 0.0540072 0.0895244 0.120233 0.130849 0.115445 0.082699 0.0483836 0.0237054 0.0108242 0.00635688 0.00630888 0.00822142 0.0109871 0.0141038 0.0172157 0.0199726 0.0220465 0.0231932 0.0233057 0.0224349 0.0207676 0.018573 0.016136 0.0136997 0.011432 0.00942051 0.0076874 0.00621527 0.00497075
 1.01512e-16 2.84694e-05 0.000167076 0.000794169 0.00305754 0.0095346 0.0240838 0.0492796 0.0816902 0.109719 0.119426 0.105414 0.0756151 0.0444445 0.0221581 0.0107626 0.00720633 0.00786828 0.0105046 0.0140688 0.0180254 0.021936 0.0253491 0.0278407 0.0291008 0.0290029 0.0276309 0.0252477 0.0222236 0.0189465 0.0157433 0.0128359 0.0103326 0.00825007 0.00654796 0.00516321
 1.01931e-16 2.73627e-05 0.000160578 0.000763279 0.0029386 0.0091637 0.0231469 0.0473627 0.0785131 0.105453 0.114786 0.101326 0.0726993 0.0427646 0.0213844 0.0104944 0.00716986 0.00793887 0.0106509 0.0143025 0.0183756 0.0224399 0.0260459 0.0287673 0.0302857 0.0304598 0.0293535 0.0272068 0.0243673 0.0212035 0.0180309 0.0150684 0.0124312 0.0101508 0.00820725 0.00655999
 1.01846e-16 2.97415e-05 0.000174549 0.000829705 0.00319437 0.00996133 0.0251616 0.0514846 0.0853437 0.114621 0.124748 0.11008 0.0788918 0.0462297 0.0227878 0.0106382 0.00656991 0.00678584 0.00894537 0.0119845 0.0154026 0.0188252 0.0218756 0.0241984 0.0255273 0.0257429 0.0248954 0.0231806 0.0208833 0.0183053 0.0157045 0.0132592 0.0110631 0.00914214 0.00748159 0.00605119
 1.01827e-16 2.76571e-05 0.000162307 0.000771494 0.00297023 0.00926233 0.0233961 0.0478726 0.0793582 0.106588 0.116022 0.102418 0.0734843 0.0432294 0.021622 0.0106185 0.00726174 0.00804052 0.0107778 0.014454 0.0185396 0.0225926 0.0261538 0.0287903 0.0301833 0.030199 0.028916 0.0265944 0.0236032 0.0203296 0.0171011 0.0141403 0.0115577 0.0093732 0.0075518 0.00603679
 1.03489e-16 1.62168e-05 9.51255e-05 0.000452071 0.00174031 0.00542682 0.0137081 0.0280517 0.0465102 0.0624967 0.0681004 0.0602873 0.0436312 0.0264237 0.0146201 0.00950446 0.00948302 0.0126015 0.0176057 0.0237953 0.0306097 0.0374059 0.0434523 0.0480432 0.0506487 0.0510316 0.049293 0.0458251 0.0411979 0.0360164 0.0307979 0.0259015 0.0215169 0.0176969 0.0144123 0.0116007
pSPR Fmed_Fpbrs
0.509968   0.410923 0.410923
Fs Fmed_Fpbrs
0.653144   1.005 1.005
SSBpbr Bo_Bmed_Bpbrs
882935  406122  318671 318671
Ro
34891.6
SPR SPRFo_SPRFmed_SPRFpbrs
717469 365886 294824
log_Ro
10.28
likeval ReclasPelacesDesembMPH_pf_preclas_ppelaces_ptallas_desvR_qrecl_qpela
 63.8257 15.0378 0.00842496 0.00020222 309.468 189.568 76.7483 0 15.9827 8.17921e-06 7.82439e-05 0 0 0 0
q_reclas_q_pelaces
0.6668 3.51999
M
0.7
N
 36403.6 10868.1 3530.84 415.897 0.229157
 44160.4 16320.5 2762.05 680.564 78.5394
 22861.1 19975.2 4397.03 578.144 155.857
 34513.5 9666.6 3460.08 493.116 79.6107
 61628.4 16562.9 3837.12 1252.19 205.805
 43260.4 30423 7911.84 1803.81 684.554
 78246.1 20318.9 10489.6 2346.56 729.497
 76050 37511.3 8011.11 3760.01 1094.57
 99405 35228.1 11810.9 2089.94 1248.27
 116988 45628.3 10448 2831.56 787.213
 66671.6 54810.4 15475.9 3027.7 1036.06
 45983.1 29716.9 13408.9 2826.66 725.712
 45844.6 20765.7 7920.95 2764.56 718.088
 24796.6 19563.2 3819.35 966.869 411.922
 14506.5 9131.96 1370.65 119.234 40.4385
 13402.6 5107.21 476.399 28.2091 3.05894
 10159.8 5752.5 975.681 61.3541 3.9074
 11664.4 4534.14 1418.92 180.288 11.7965
 12580.5 5384.09 1394.81 358.202 47.7657
 20166.8 5889.56 1816.92 401.314 115.389
 26329.7 9412.57 1948.48 508.326 142.708
 33230.8 12705.7 3874.4 742.254 246.531
 52449.6 15933.3 5014.33 1390.69 352.335
 62258.5 24959.7 5985.86 1678.87 578.449
 27150.6 29621 9363.23 2000.01 747.521
pred_Ctot
 2559.63 3963.87 1638.4 195.754 0.10794
 2845.44 5559.38 1206.39 301.682 34.8425
 2464.27 9921.1 2654.92 352.968 95.2096
 835.794 1412.99 687.302 99.8342 16.134
 261.833 454.385 147.679 49.237 8.10166
 1690.54 6829.41 2360.02 547.491 207.967
 1951.22 3051.04 2138.06 487.446 151.69
 3689.19 10132.8 2836.53 1353.31 394.301
 5433.46 10508.6 4578.27 822.99 491.962
 4772.24 10631.6 3226.74 889.655 247.563
 4941.97 20817.7 7441.34 1476.17 505.505
 3012.66 10256.8 5925.66 1267.63 325.704
 4678.67 9940.47 4639.58 1638.05 425.739
 4687.58 13402.1 2953 752.287 320.609
 3096.71 6603.98 1100.46 96.244 32.6506
 1318.83 2384.34 273.294 16.3747 1.77675
 744.749 2166.39 465.663 29.694 1.89249
 593.807 1275.25 521.327 67.3171 4.4084
 519.832 1268.54 435.246 113.708 15.1766
 874.909 1447.02 589.459 132.419 38.1083
 535.567 1170.8 331.348 88.1444 24.7713
 825.247 1900.63 786.84 153.628 51.0774
 1576.56 2834.92 1201.6 339.437 86.0809
 1881.05 4461.54 1440.72 411.57 141.943
 745.603 4856.94 2075.96 451.785 169.026
F
 0.102248 0.669863 0.946371 0.967388 0.96852
 0.0933378 0.611491 0.863904 0.883089 0.884123
 0.16076 1.0532 1.48794 1.52099 1.52277
 0.0341843 0.223954 0.316398 0.323425 0.323803
 0.00592314 0.0388047 0.0548226 0.0560401 0.0561057
 0.0556858 0.364818 0.515409 0.526855 0.527472
 0.0352173 0.230722 0.32596 0.333199 0.333589
 0.0695461 0.455622 0.643696 0.657991 0.658761
 0.0786753 0.515431 0.728193 0.744364 0.745235
 0.0581925 0.381241 0.538611 0.550572 0.551217
 0.108063 0.707958 1.00019 1.0224 1.0236
 0.0949734 0.622206 0.879042 0.898564 0.899615
 0.151605 0.993219 1.4032 1.43437 1.43604
 0.298925 1.95837 2.76675 2.82819 2.8315
 0.34394 2.25328 3.1834 3.25409 3.2579
 0.145813 0.955273 1.34959 1.37957 1.38118
 0.106808 0.699738 0.988578 1.01053 1.01171
 0.0730962 0.47888 0.676554 0.691579 0.692389
 0.0589657 0.386306 0.545767 0.557887 0.55854
 0.0619917 0.406131 0.573775 0.586517 0.587203
 0.0286435 0.187654 0.265115 0.271003 0.27132
 0.0350693 0.229752 0.32459 0.331798 0.332187
 0.0425878 0.279009 0.394179 0.402933 0.403404
 0.0428115 0.280474 0.39625 0.40505 0.405524
 0.0388448 0.254487 0.359535 0.367519 0.367949
YTP_r0W_actual
 8350.75 106853 68506.6 18568.4 7234.33
YTP_p0W_proyectada
 15978.2 104007 169092 63657 20723.9
 15978.2 92438.3 47653.2 41608.2 15654.2
CTP_r0_actual
 745.603 4856.94 2075.96 451.785 169.026
CTP_p0_proyectada
 1879.79 4860.15 5419.6 1564.05 445.675
 1879.79 4319.55 1527.34 1022.31 336.65
Wmedp
 8.5 21.4 31.2 40.7 46.5
nmprior
 10.6 11 7 0
nm_flota  nm_reclas  nm_pelaces    nm_pelaL
inf 18.8199 16.2557 37.5239
cv_recla  cv_pelaces  cv_mph
0.722641 0.439708 0.461371
 ------------------------------------------------
Talla a la edad & desviaci?n 
 7.2 14.2025 17.0495 18.207 18.6776
 1.08 2.13037 2.55742 2.73105 2.80164
