years
 1997 1998 1999 2000 2001 2002 2003 2004 2005 2006 2007 2008 2009 2010 2011 2012 2013 2014 2015 2016 2017 2018 2019 2020 2021
reclasobs
 0 0 0 370054 412103 1.49427e+06 250295 1.28982e+06 931140 785840 897777 1.04006e+06 184774 17550 25797 100020 73551 82996 120727 218422 84188 347160 605670 569463 516374
reclaspred
 459375 137759 483992 345947 442385 518380 1.08847e+06 671960 677396 546815 413400 276524 169497 84503.9 64590.5 68345.9 87509.8 122862 131165 184568 259962 235952 411704 532398 648191
pelacesobs
 0 0 0 0 0 0 0 0 0 2.06254e+06 1.5e+06 0 1.87456e+06 323000 250000 174000 83755 137374 0 501740 490994 745055 786931 1.00524e+06 1.33801e+06
pelacespred
 1.8916e+06 546142 1.08349e+06 1.22177e+06 1.3073e+06 1.33162e+06 2.93088e+06 2.43885e+06 2.09409e+06 1.74521e+06 1.20002e+06 823465 499975 216103 158786 176553 233099 327803 366894 494439 763786 694215 945833 1.4431e+06 1.78054e+06
mphobs
 0 0 0 0 0 112323 0 153150 637223 0 255016 313432 73983 77613 109348 50772 0 0 0 0 0 0 0 0 0
mphpred
 1.13817e+06 815461 1.09324e+06 1.5389e+06 1.43268e+06 1.98221e+06 2.96743e+06 3.323e+06 2.64273e+06 2.39479e+06 1.99573e+06 1.38234e+06 858480 462362 249596 227483 277232 391630 496052 571277 829363 957044 1.19902e+06 1.72656e+06 2.42941e+06
desembarqueobs
 350755 77701 442110 56441 14545 235359 269955 359681 431902 328805 639364 411747 362871 311530 167758 66681 60226 58785 57116 73181 50977 67692 138656 160484 209506
desembarquepred
 350765 77704.7 442155 56442.6 14545.1 235390 269979 359718 431987 328881 639834 412140 363415 312195 167886 66700.5 60245.5 58789.9 57116.3 73185.2 50978.6 67691.1 138662 160492 209510
Reclutas
 95659.8 119594 78318.9 110569 178778 133983 193940 157738 164425 142116 70593.9 42244.5 42882.3 25950.4 21656.8 29332.6 26010.2 30020 33931.1 58484.1 73353.2 94552.1 155735 192712 94352.8
log_desv_Rt
 0.228553 0.451858 0.0285443 0.373397 0.8539 0.565467 0.935304 0.728688 0.770211 0.624397 -0.0753015 -0.588771 -0.573785 -1.07606 -1.25693 -0.953546 -1.07376 -0.930381 -0.807913 -0.26349 -0.0369583 0.216906 0.715913 0.928952 0.214796
SSB
 1.13817e+06 815461 1.09324e+06 1.5389e+06 1.43268e+06 1.98221e+06 2.96743e+06 3.323e+06 2.64273e+06 2.39479e+06 1.99573e+06 1.38234e+06 858480 462362 249596 227483 277232 391630 496052 571277 829363 957044 1.19902e+06 1.72656e+06 2.42941e+06
BT
 3.92612e+06 1.12503e+06 2.2734e+06 2.30013e+06 2.42914e+06 2.60345e+06 5.64593e+06 4.88018e+06 4.26094e+06 3.51964e+06 2.77887e+06 1.8834e+06 1.27604e+06 700115 440446 382490 482245 653027 720714 975555 1.45852e+06 1.32948e+06 1.83329e+06 2.79379e+06 3.41366e+06
Ftot
 0.25215 0.177499 0.23408 0.0425416 0.00961817 0.104328 0.0654698 0.136454 0.164061 0.148247 0.342194 0.321243 0.496242 0.837602 0.699249 0.270771 0.195129 0.129375 0.108762 0.112731 0.054312 0.0729511 0.0866744 0.0823815 0.0739766
BD_Bspro_t
 0.969659 0.854419 0.839359 0.771852 0.841603 0.907107 0.887872 0.887896 0.844083 0.802336 0.755152 0.615078 0.506256 0.395906 0.284083 0.311341 0.441712 0.612627 0.714182 0.781062 0.848547 0.893966 0.897384 0.900984 0.904889
BD_Bspro
 0.727198 0.521015 0.698493 0.983236 0.915372 1.26647 1.89596 2.12313 1.68849 1.53008 1.27512 0.88321 0.548501 0.295413 0.159472 0.145344 0.17713 0.250221 0.316938 0.365001 0.529898 0.611476 0.766081 1.10313 1.5522
BD_Bo
 0.62828 0.450144 0.603479 0.84949 0.790857 1.0942 1.63806 1.83433 1.45881 1.32195 1.10167 0.76307 0.473891 0.255229 0.13778 0.125573 0.153035 0.216184 0.273826 0.315351 0.457818 0.528299 0.661874 0.953079 1.34106
BD_Brms
 2.24952 1.61171 2.16072 3.04155 2.83161 3.91771 5.86496 6.56771 5.2232 4.73315 3.94445 2.73212 1.69674 0.913832 0.493312 0.449608 0.547934 0.774035 0.980417 1.1291 1.63919 1.89154 2.3698 3.41244 4.80159
S_f
 0.214284 1 1 1 1
 0.214284 1 1 1 1
 0.214284 1 1 1 1
 0.214284 1 1 1 1
 0.214284 1 1 1 1
 0.214284 1 1 1 1
 0.214284 1 1 1 1
 0.214284 1 1 1 1
 0.214284 1 1 1 1
 0.214284 1 1 1 1
 0.214284 1 1 1 1
 0.214284 1 1 1 1
 0.214284 1 1 1 1
 0.214284 1 1 1 1
 0.214284 1 1 1 1
 0.214284 1 1 1 1
 0.214284 1 1 1 1
 0.214284 1 1 1 1
 0.214284 1 1 1 1
 0.214284 1 1 1 1
 0.214284 1 1 1 1
 0.214284 1 1 1 1
 0.214284 1 1 1 1
 0.214284 1 1 1 1
 0.214284 1 1 1 1
Scru_reclas
 1 1 1 1 1
 1 1 1 1 1
 1 1 1 1 1
 1 1 1 1 1
 1 1 1 1 1
 1 1 1 1 1
 1 1 1 1 1
 1 1 1 1 1
 1 1 1 1 1
 1 1 1 1 1
 1 1 1 1 1
 1 1 1 1 1
 1 1 1 1 1
 1 1 1 1 1
 1 1 1 1 1
 1 1 1 1 1
 1 1 1 1 1
 1 1 1 1 1
 1 1 1 1 1
 1 1 1 1 1
 1 1 1 1 1
 1 1 1 1 1
 1 1 1 1 1
 1 1 1 1 1
 1 1 1 1 1
Scru_pelaces
 0.917004 1 1 1 1
 0.917004 1 1 1 1
 0.917004 1 1 1 1
 0.917004 1 1 1 1
 0.917004 1 1 1 1
 0.917004 1 1 1 1
 0.917004 1 1 1 1
 0.917004 1 1 1 1
 0.917004 1 1 1 1
 0.917004 1 1 1 1
 0.917004 1 1 1 1
 0.917004 1 1 1 1
 0.917004 1 1 1 1
 0.917004 1 1 1 1
 0.917004 1 1 1 1
 0.917004 1 1 1 1
 0.917004 1 1 1 1
 0.917004 1 1 1 1
 0.917004 1 1 1 1
 0.917004 1 1 1 1
 0.917004 1 1 1 1
 0.917004 1 1 1 1
 0.917004 1 1 1 1
 0.917004 1 1 1 1
 0.917004 1 1 1 1
pf_obs 
 0.256992 0.487395 0.22802 0.0275931 0
 0.321318 0.546541 0.124235 0.00734118 0.000564706
 0.182869 0.594174 0.210203 0.0122559 0.00049798
 0.330522 0.361315 0.267642 0.0388342 0.00168674
 0.649043 0.306663 0.0425973 0.00169635 0
 0.582887 0.30429 0.105238 0.00758474 0
 0.465427 0.430635 0.0974691 0.00646863 0
 0.296916 0.608066 0.0921331 0.00288517 0
 0.311714 0.524322 0.152257 0.0117073 0
 0.15457 0.633149 0.183074 0.0267441 0.00246327
 0.131901 0.49318 0.331252 0.0422183 0.00144891
 0.196976 0.569456 0.194076 0.0375587 0.00193317
 0.518974 0.381816 0.0799577 0.0180837 0.00116848
 0.0928022 0.601141 0.25162 0.0475244 0.00691264
 0.122501 0.610282 0.24278 0.0234846 0.000952079
 0.383417 0.481906 0.127806 0.00687128 0
 0.0376549 0.599619 0.316969 0.0457579 0
 0.0361596 0.667082 0.258105 0.0386534 0
 0.158088 0.579412 0.248529 0.0139706 0
 0.0477256 0.309471 0.559284 0.082774 0.000745712
 0.0406174 0.521527 0.379366 0.0568643 0.0016247
 0.151134 0.462217 0.34131 0.0453401 0
 0.294876 0.26143 0.354403 0.0886775 0.000613685
 0.281977 0.475581 0.204845 0.0348837 0.00271318
 0.0841818 0.532909 0.334909 0.0458182 0.00218182
pf_pred 
 0.400294 0.423456 0.157641 0.0186008 8.9657e-06
 0.31978 0.528639 0.107032 0.039845 0.00470378
 0.182721 0.57507 0.188235 0.0381113 0.0158627
 0.258648 0.3979 0.241667 0.0791036 0.022682
 0.305922 0.43304 0.140105 0.0850934 0.0358398
 0.184549 0.549451 0.165959 0.0536942 0.0463468
 0.255458 0.391014 0.238207 0.0719496 0.0433715
 0.188378 0.505127 0.160963 0.0980596 0.0474727
 0.20765 0.423941 0.229285 0.0730639 0.0660595
 0.187574 0.461571 0.187723 0.101529 0.0616044
 0.11718 0.472353 0.233202 0.0948442 0.0824206
 0.114919 0.371371 0.274861 0.135699 0.10315
 0.185322 0.335546 0.201039 0.148794 0.129299
 0.177703 0.469685 0.145232 0.0870142 0.120365
 0.244223 0.452863 0.17302 0.0535 0.0763934
 0.334607 0.449868 0.129144 0.0493404 0.0370419
 0.239304 0.552284 0.140906 0.04045 0.0270564
 0.250469 0.461418 0.209177 0.053368 0.0255679
 0.244831 0.470364 0.175329 0.0794826 0.029994
 0.326828 0.413017 0.16204 0.0604007 0.0377146
 0.284635 0.503821 0.12979 0.0509208 0.0308326
 0.274412 0.475539 0.176106 0.0453669 0.0285761
 0.324453 0.436216 0.156854 0.0580877 0.0243897
 0.281356 0.502757 0.139403 0.0501263 0.0263576
 0.126167 0.571964 0.211185 0.0585567 0.0321273
pobs_RECLAS
 0 0 0 0 0
 0 0 0 0 0
 0 0 0 0 0
 0 0 0 0 0
 0.835266 0.146461 0.0176864 0.000547809 3.91292e-05
 0.385257 0.428462 0.181853 0.0044286 0
 0.867414 0.0963971 0.0333333 0.00285562 0
 0.441836 0.489002 0.0689373 0.000224442 0
 0.779404 0.147425 0.0564933 0.0165055 0.000172143
 0.814271 0.122319 0.05973 0.00367925 0
 0.40263 0.566651 0.0304383 0.000280538 0
 0.475488 0.404961 0.113038 0.00651328 0
 0.955842 0.0263864 0.0167828 0.000988607 0
 0.975058 0.0227948 0.00214734 0 0
 0.738997 0.206755 0.0527124 0.00153531 0
 0.850938 0.134255 0.0134407 0.00136685 0
 0.542534 0.407297 0.0501686 0 0
 0.764087 0.199537 0.0359546 0.000420521 0
 0.470689 0.182191 0.310203 0.0369168 0
 0.84361 0.089868 0.0606195 0.00523954 0.000663233
 0.607945 0.314616 0.071237 0.00620181 0
 0.523733 0.453247 0.0230204 0 0
 0.530135 0.295979 0.169645 0.0042399 0
 0.562478 0.366248 0.0663022 0.0049721 0
 0.250443 0.683176 0.0655157 0.000865301 0
ppred_RECLAS
 0.759534 0.169794 0.0632096 0.00745842 3.595e-06
 0.688895 0.241778 0.048952 0.0182235 0.00215132
 0.513795 0.342113 0.111982 0.0226727 0.00943683
 0.619977 0.203967 0.12388 0.0405491 0.011627
 0.672969 0.204037 0.0660138 0.0400938 0.0168868
 0.514943 0.326831 0.098718 0.031939 0.0275686
 0.616303 0.201507 0.122759 0.037079 0.0223513
 0.521685 0.297687 0.0948608 0.0577897 0.0279772
 0.55226 0.23956 0.129564 0.0412868 0.0373288
 0.520536 0.272402 0.110787 0.0599183 0.0363566
 0.387249 0.327853 0.161862 0.0658299 0.0572068
 0.381681 0.25944 0.192018 0.0947999 0.0720607
 0.52292 0.196498 0.117729 0.0871345 0.0757184
 0.518263 0.275162 0.0850834 0.0509767 0.0705152
 0.613291 0.231717 0.0885295 0.0273744 0.0390883
 0.704364 0.199877 0.0573788 0.0219221 0.0164578
 0.597316 0.292358 0.0745904 0.0214127 0.0143226
 0.610847 0.239566 0.108604 0.0277085 0.0132748
 0.60336 0.247051 0.0920888 0.041747 0.0157539
 0.69498 0.187142 0.0734217 0.0273681 0.0170888
 0.650549 0.246113 0.0634016 0.0248745 0.0150615
 0.639139 0.236503 0.087584 0.0225626 0.0142119
 0.692387 0.198632 0.071424 0.0264504 0.0111059
 0.647192 0.246822 0.0684378 0.0246088 0.0129399
 0.403415 0.390492 0.144181 0.0399779 0.021934
pobs_PELACES
 0 0 0 0 0
 0 0 0 0 0
 0 0 0 0 0
 0 0 0 0 0
 0 0 0 0 0
 0 0 0 0 0
 0 0 0 0 0
 0 0 0 0 0
 0 0 0 0 0
 0 0 0 0 0
 0.450072 0.473896 0.0757376 0.000293798 0
 0 0 0 0 0
 0.463077 0.371075 0.160297 0.00555027 0
 0.529543 0.364841 0.0842815 0.0213345 0
 0.631943 0.363953 0.00410389 0 0
 0.735681 0.248677 0.0153453 0.000297389 0
 0.695825 0.281241 0.0229344 0 0
 0.275771 0.60734 0.115278 0.00161068 0
 0 0 0 0 0
 0.896147 0.0623911 0.0374545 0.00400742 0
 0.803859 0.145111 0.0509908 3.86294e-05 0
 0.739449 0.233085 0.0266225 0.000797448 4.60066e-05
 0.878498 0.100942 0.0204185 0.000141795 0
 0.694673 0.275183 0.0284847 0.00165964 0
 0.469039 0.446079 0.0841089 0.000773354 0
ppred_PELACES
 0.755629 0.172551 0.0642361 0.00757954 3.65338e-06
 0.680123 0.248595 0.0503323 0.0187373 0.00221198
 0.50731 0.346676 0.113476 0.0229751 0.00956269
 0.602008 0.213611 0.129738 0.0424665 0.0121767
 0.654187 0.215755 0.0698051 0.0423964 0.0178566
 0.50005 0.336866 0.101749 0.0329197 0.028415
 0.599701 0.210226 0.128071 0.0386833 0.0233185
 0.508882 0.305656 0.0973999 0.0593365 0.028726
 0.541331 0.245407 0.132727 0.0422946 0.03824
 0.508496 0.279242 0.113569 0.061423 0.0372696
 0.387743 0.327588 0.161731 0.0657768 0.0571607
 0.380891 0.259772 0.192264 0.094921 0.0721527
 0.533392 0.192184 0.115145 0.0852218 0.0740563
 0.550729 0.256617 0.0793492 0.0475411 0.0657628
 0.635487 0.218417 0.0834481 0.0258032 0.0368447
 0.70093 0.202199 0.0580453 0.0221767 0.016649
 0.588616 0.298674 0.076202 0.0218753 0.0146321
 0.598153 0.247381 0.112146 0.0286123 0.0137078
 0.589292 0.255813 0.0953548 0.0432275 0.0163126
 0.682675 0.194691 0.0763836 0.0284722 0.0177782
 0.633879 0.257854 0.0664261 0.0260611 0.01578
 0.623376 0.246834 0.0914099 0.0235482 0.0148328
 0.678554 0.207565 0.0746359 0.0276399 0.0116054
 0.632146 0.257347 0.0713564 0.0256582 0.0134917
 0.38729 0.401047 0.148078 0.0410584 0.0225269
pobs_pel_tallas
 0 0 0 0 0 0 0 0 0 0 0 0 0 0 0 0 0 0 0 0 0 0 0 0 0 0 0 0 0 0 0 0 0 0 0 0
 0 0 0 0 0 0 0 0 0 0 0 0 0 0 0 0 0 0 0 0 0 0 0 0 0 0 0 0 0 0 0 0 0 0 0 0
 0 0 0 0 0 0 0 0 0 0 0 0 0 0 0 0 0 0 0 0 0 0 0 0 0 0 0 0 0 0 0 0 0 0 0 0
 0 0 0 0 0 0 0 0 0 0 0 0 0 0 0 0 0 0 0 0 0 0 0 0 0 0 0 0 0 0 0 0 0 0 0 0
 0 0 0 0 0 0 0 0 0 0 0 0 0 0 0 0 0 0 0 0 0 0 0 0 0 0 0 0 0 0 0 0 0 0 0 0
 0 0 0 0 0 0 0 0 0 0 0 0 0 0 0 0 0 0 0 0 0 0 0 0 0 0 0 0 0 0 0 0 0 0 0 0
 0 0 0 0 0 0 0 0 0 0 0 0 0 0 0 0 0 0 0 0 0 0 0 0 0 0 0 0 0 0 0 0 0 0 0 0
 0 0 0 0 0 0 0 0 0 0 0 0 0 0 0 0 0 0 0 0 0 0 0 0 0 0 0 0 0 0 0 0 0 0 0 0
 0 0 0 0 0 0 0 0 0 0 0 0 0 0 0 0 0 0 0 0 0 0 0 0 0 0 0 0 0 0 0 0 0 0 0 0
 0 0 0 0 0 0 0 0 0 0 0 0 0 0 0 0 0 0 0 0 0 0 0 0 0 0 0 0 0 0 0 0 0 0 0 0
 0 0 0 0 0 0 0 0 1.78061e-05 0.00172719 0.00360574 0.0105946 0.0120993 0.0124554 0.0147524 0.0171206 0.0266825 0.0428682 0.0675386 0.121331 0.153587 0.119568 0.100827 0.0573624 0.0630603 0.0341343 0.0324427 0.0444173 0.0211091 0.0280891 0.0125444 0.00206551 0 0 0 0
 0 0 0 0 0 0 0 0 0 0 0 0 0 0 0 0 0 0 0 0 0 0 0 0 0 0 0 0 0 0 0 0 0 0 0 0
 0 0 0 0 0 0 0.0133647 0.0140871 0.0187388 0.0205184 0.03894 0.0496705 0.03968 0.0493445 0.0407372 0.0367815 0.0215668 0.0243155 0.0234873 0.0199281 0.019796 0.0243948 0.0301388 0.0376714 0.0412746 0.0863199 0.0771752 0.113111 0.0741005 0.0525337 0.0229764 0.00759418 0.00175318 0 0 0
 0 0 0 0 0 0 0 0 0 0 0.00219441 0.00772107 0.0458388 0.0604681 0.0671733 0.0775358 0.0609151 0.0617685 0.073594 0.0568108 0.0755445 0.0548602 0.0670107 0.0636378 0.0643287 0.046367 0.0373049 0.0286899 0.0247887 0.0153202 0.00654259 0.00121912 0.000365735 0 0 0
 0 0 0 0 0 0 0 0 0 0 0 0 0.000112435 0.00938835 0.0111873 0.0202946 0.0414886 0.0713402 0.111592 0.104902 0.108894 0.110636 0.117776 0.105296 0.107544 0.0401394 0.0192827 0.0124803 0.00416011 0.0028671 0.000618394 0 0 0 0 0
 0 0 0 0 0 0 0 0 0 0 0.00291406 0.0102884 0.027416 0.0768956 0.0749926 0.110853 0.0956884 0.0897413 0.0766577 0.0534642 0.0500743 0.0551293 0.0594112 0.0620874 0.0668451 0.0424026 0.0208742 0.0120726 0.0048766 0.00582813 0.00118941 0.000297354 0 0 0 0
 0 0.00264628 0.0354308 0.0461629 0.0458689 0.0383711 0.0214643 0.0164657 0.0346957 0.0420465 0.0363128 0.0245516 0.0311673 0.0291091 0.0169068 0.0133784 0.00837989 0.0085269 0.0148486 0.0160247 0.0276389 0.0546898 0.0760071 0.122758 0.109233 0.0665981 0.0333725 0.0166128 0.00676272 0.00308733 0.000882094 0 0 0 0 0
 0 0 0 0 0 0 0 0.000805153 0.000690131 0.00759144 0.0133425 0.0154129 0.00931677 0.000345066 0.00356568 0.00563607 0.00851162 0.0253048 0.0502646 0.0516448 0.0657925 0.0565908 0.0611916 0.0827007 0.0866115 0.110766 0.145733 0.0935128 0.0569358 0.0249597 0.0138026 0.00621118 0.00161031 0.00115022 0 0
 0 0 0 0 0 0 0 0 0 0 0 0 0 0 0 0 0 0 0 0 0 0 0 0 0 0 0 0 0 0 0 0 0 0 0 0
 0.00147267 0.00158595 0.00478618 0.00569244 0.00954404 0.0108468 0.00647125 0.017049 0.0510054 0.094081 0.124002 0.0959785 0.0687766 0.0820023 0.061753 0.0591476 0.0492212 0.0479892 0.0443925 0.0268479 0.0217502 0.0140895 0.0121071 0.0120363 0.00920419 0.00665534 0.0049561 0.00860946 0.00930331 0.0156896 0.0114698 0.00855282 0.00243557 0.00046729 0 2.83206e-05
 0 0 0 0 0.000772559 0.00158375 0.000888443 0.00281984 0.00712685 0.0440552 0.0773331 0.111326 0.0921469 0.0852325 0.0710754 0.0886704 0.0786465 0.0553345 0.0373146 0.0185414 0.00753245 0.00457741 0.012979 0.0271748 0.0457355 0.0583668 0.034881 0.0177882 0.00938659 0.00492506 0.0015258 0.00185414 0.000309023 5.79419e-05 3.86279e-05 0
 0 0.00173294 0.00326652 0 0.00397197 0.00683976 0.00946217 0.0152591 0.00757587 0.0136028 0.0228656 0.0392903 0.0559909 0.0764795 0.0681675 0.0726916 0.0566044 0.0477403 0.0527397 0.0444891 0.0609904 0.0582453 0.0661739 0.0445044 0.0529084 0.0360697 0.0280645 0.0235558 0.0158879 0.00826598 0.00280645 0.00217768 0.000904811 0.00058276 9.20147e-05 0
 0 0 0 0 0 0 0 0 0 0 0 0 0 0 0 0 0 0 0 0 0 0 0 0 0 0 0 0 0 0 0 0 0 0 0 0
 0 0 0 0 0 0 0 0 0 0 0 0 0 0 0 0 0 0 0 0 0 0 0 0 0 0 0 0 0 0 0 0 0 0 0 0
 0 0 0 0 0 0 0 0 0 0 0 0 0 0 0 0 0 0 0 0 0 0 0 0 0 0 0 0 0 0 0 0 0 0 0 0
ppred_pel_tallas
 1.01229e-16 3.29688e-05 0.000193501 0.000919817 0.00354135 0.0110434 0.0278947 0.0570762 0.0946101 0.127059 0.138265 0.121959 0.0873019 0.0509489 0.0247246 0.0108891 0.0058451 0.00535642 0.00682475 0.00910216 0.011706 0.01433 0.0166855 0.0185016 0.0195725 0.019801 0.0192158 0.0179556 0.0162276 0.0142555 0.0122342 0.0103035 0.00854362 0.00698556 0.00563001 0.00446407
 1.01543e-16 2.96794e-05 0.000174182 0.000827959 0.00318765 0.00994034 0.0251086 0.0513763 0.0851647 0.114382 0.124492 0.109863 0.0787578 0.0461933 0.0228474 0.010795 0.00683713 0.0071872 0.00950553 0.0127178 0.0163025 0.0198567 0.0229731 0.0252701 0.0264675 0.0264495 0.0252874 0.0232134 0.0205552 0.0176562 0.0148063 0.0122017 0.00993896 0.00803395 0.00645351 0.00514539
 1.02961e-16 2.2148e-05 0.000129957 0.000617688 0.00237801 0.00741551 0.0187312 0.0383285 0.0635409 0.0853553 0.0929404 0.0821157 0.059077 0.0350752 0.0181407 0.0098996 0.00804557 0.00981507 0.01348 0.0181882 0.0234182 0.0286621 0.0333623 0.0369818 0.0391144 0.0395721 0.03842 0.035942 0.0325567 0.0287108 0.0247884 0.0210587 0.0176681 0.0146641 0.0120356 0.00974809
 1.0394e-16 2.62719e-05 0.00015418 0.000732874 0.00282155 0.00879871 0.0222249 0.0454758 0.0753838 0.101246 0.110197 0.0972515 0.0697248 0.0409128 0.0202715 0.00964519 0.0062152 0.00664808 0.00889766 0.0120433 0.0156564 0.0194106 0.022965 0.025983 0.0281913 0.0294324 0.0296866 0.029057 0.0277256 0.025899 0.0237626 0.0214565 0.0190747 0.0166785 0.0143158 0.0120335
 1.03353e-16 2.85471e-05 0.000167538 0.000796377 0.00306606 0.00956118 0.0241509 0.0494164 0.0819153 0.110016 0.119736 0.105656 0.0757194 0.0443668 0.0218629 0.0101975 0.00629049 0.00650148 0.00859124 0.0115495 0.01491 0.0183298 0.0214628 0.0239794 0.0256273 0.026284 0.0259776 0.0248645 0.0231784 0.0211663 0.0190359 0.0169273 0.0149116 0.0130094 0.011217 0.00952799
 1.04013e-16 2.1831e-05 0.000128097 0.000608846 0.00234397 0.00730936 0.0184631 0.0377798 0.0626311 0.0841328 0.0916083 0.0809362 0.058223 0.0345574 0.0178533 0.00971173 0.00785835 0.009569 0.0131423 0.0177432 0.0228661 0.0280218 0.0326741 0.0363068 0.0385296 0.039162 0.0382656 0.03611 0.0330899 0.0296227 0.0260614 0.0226462 0.0194998 0.0166541 0.0140908 0.0117778
 1.04306e-16 2.61711e-05 0.000153589 0.000730064 0.00281074 0.00876498 0.0221397 0.0453014 0.0750947 0.100858 0.109774 0.0968765 0.0694531 0.0407476 0.0201789 0.00958349 0.00615261 0.00656539 0.0087842 0.0118941 0.0154716 0.0191967 0.0227356 0.0257584 0.027997 0.0292958 0.0296339 0.0291094 0.0278965 0.0261924 0.0241728 0.0219689 0.0196676 0.0173253 0.0149876 0.0127019
 1.04864e-16 2.22148e-05 0.000130353 0.000619579 0.00238531 0.00743828 0.0187887 0.0384457 0.063734 0.0856111 0.0932094 0.0823304 0.0591817 0.0350376 0.0179386 0.00949891 0.00738965 0.0088302 0.0120924 0.0163464 0.0211174 0.0259634 0.0304031 0.0339709 0.0363106 0.0372496 0.0368283 0.0352685 0.0329009 0.0300749 0.027083 0.0241214 0.0212886 0.0186116 0.0160834 0.0136939
 1.05205e-16 2.36274e-05 0.000138652 0.000659043 0.00253728 0.00791219 0.0199857 0.0408944 0.0677911 0.0910538 0.0991169 0.0875052 0.0628072 0.036995 0.0185935 0.00928739 0.00656907 0.00746212 0.0101337 0.0137415 0.0178594 0.0221295 0.0261664 0.0295897 0.0320936 0.0335066 0.0338161 0.0331486 0.0317173 0.0297583 0.0274768 0.0250201 0.022478 0.019902 0.0173293 0.0148011
 1.05556e-16 2.21969e-05 0.000130251 0.000619097 0.00238346 0.00743252 0.0187741 0.0384157 0.0636836 0.0855412 0.0931277 0.082245 0.0590915 0.0349267 0.0177765 0.00924498 0.00699711 0.0082513 0.0112862 0.0152904 0.0198199 0.0244743 0.0288173 0.0324224 0.0349553 0.0362417 0.0362934 0.0352826 0.0334786 0.0311693 0.0285979 0.0259294 0.0232518 0.0206004 0.0179893 0.0154369
 1.07334e-16 1.69335e-05 9.93455e-05 0.00047216 0.0018177 0.0056682 0.0143177 0.0292979 0.0485723 0.0652547 0.071072 0.0628379 0.0453034 0.0270905 0.0143688 0.00842126 0.00752986 0.00962474 0.0134153 0.0182582 0.0237328 0.0293974 0.0347467 0.039278 0.0425894 0.0444595 0.0448788 0.0440218 0.0421764 0.039656 0.0367286 0.0335804 0.0303187 0.0269982 0.0236569 0.0203417
 1.09447e-16 1.6632e-05 9.75816e-05 0.000463788 0.00178549 0.00556777 0.0140639 0.0287782 0.047709 0.06409 0.0697904 0.061674 0.0443972 0.026415 0.0137688 0.00769804 0.00649775 0.00812891 0.0113392 0.015541 0.0203975 0.0255759 0.0306897 0.0353389 0.0391822 0.0419955 0.0436983 0.0443363 0.0440357 0.0429466 0.0412007 0.0388945 0.0360989 0.0328822 0.029333 0.0255715
 1.08086e-16 2.32789e-05 0.000136611 0.000649353 0.00249999 0.00779592 0.0196919 0.040293 0.0667927 0.0897086 0.0976416 0.0861764 0.0617962 0.0362847 0.0180249 0.00865812 0.00569679 0.00620035 0.00837189 0.0114144 0.0149684 0.0187649 0.0225192 0.0259441 0.0287986 0.0309294 0.0322881 0.0329154 0.0329047 0.0323585 0.0313565 0.0299455 0.0281496 0.0259914 0.0235145 0.0207947
 1.05917e-16 2.40374e-05 0.000141059 0.000670484 0.00258133 0.00804956 0.0203327 0.0416045 0.0689682 0.092635 0.100839 0.0890261 0.0639008 0.0376427 0.0189244 0.00945874 0.00669161 0.00758969 0.01028 0.0138944 0.0179866 0.022181 0.026079 0.0292966 0.0315386 0.0326596 0.0326867 0.0317921 0.0302323 0.0282734 0.0261303 0.0239375 0.0217516 0.0195774 0.0174019 0.0152217
 1.03865e-16 2.77318e-05 0.000162751 0.00077362 0.00297844 0.00928794 0.0234607 0.0480043 0.0795748 0.106874 0.116319 0.102647 0.0735758 0.0431377 0.0213078 0.0100243 0.00630133 0.00660803 0.00877277 0.0118144 0.0152757 0.0188147 0.0220827 0.0247452 0.0265436 0.0273483 0.0271795 0.0261862 0.0245949 0.0226471 0.0205464 0.0184308 0.0163722 0.0143945 0.0124992 0.010687
 1.0243e-16 3.05848e-05 0.000179502 0.000853259 0.00328507 0.0102442 0.025876 0.0529461 0.0877654 0.11787 0.128277 0.113174 0.0810666 0.0474187 0.0232147 0.010571 0.00617055 0.00609875 0.00794901 0.0106429 0.0136991 0.0167818 0.0195618 0.0217288 0.0230496 0.023417 0.0228699 0.0215713 0.0197595 0.0176852 0.01556 0.013527 0.0116581 0.00997015 0.00845029 0.00707756
 1.02615e-16 2.56913e-05 0.000150764 0.000716616 0.00275893 0.00860339 0.0217317 0.0444672 0.0737143 0.0990115 0.107784 0.0951684 0.0683321 0.0402978 0.0203404 0.0102958 0.00743684 0.00851747 0.0115215 0.0154929 0.0199122 0.0243242 0.0282468 0.0312215 0.0329069 0.0331534 0.032032 0.0298027 0.0268392 0.0235348 0.0202224 0.0171285 0.014367 0.0119623 0.00988628 0.00809241
 1.03297e-16 2.61052e-05 0.000153198 0.000728198 0.00280354 0.00874253 0.022083 0.0451858 0.074904 0.100605 0.109506 0.0966602 0.0693403 0.0407664 0.0203452 0.00992211 0.00670767 0.00739492 0.00994453 0.0134196 0.0173545 0.0213711 0.0250715 0.0280696 0.0300639 0.0308986 0.0305894 0.0293012 0.0272929 0.0248467 0.0222092 0.0195581 0.0169984 0.0145797 0.0123217 0.0102349
 1.03685e-16 2.57191e-05 0.000150931 0.000717418 0.00276203 0.00861308 0.0217561 0.0445169 0.0737955 0.0991169 0.10789 0.0952394 0.068335 0.0402032 0.0201157 0.00989506 0.00679761 0.00756796 0.0101962 0.0137534 0.0177699 0.0218579 0.0256088 0.0286286 0.0306132 0.0314116 0.0310505 0.0297104 0.0276653 0.0252089 0.022592 0.0199882 0.0174923 0.0151396 0.0129356 0.0108795
 1.02957e-16 2.97885e-05 0.000174828 0.000831038 0.00319952 0.00997738 0.0252021 0.0515672 0.0854796 0.114801 0.124936 0.110227 0.0789569 0.0461869 0.0226167 0.0103089 0.00603562 0.00598824 0.00782865 0.010514 0.0135837 0.0167191 0.0196051 0.0219409 0.0234941 0.0241478 0.0239199 0.0229445 0.021427 0.0195879 0.0176155 0.0156409 0.0137358 0.0119282 0.0102239 0.00862465
 1.0266e-16 2.76633e-05 0.000162345 0.000771682 0.00297096 0.00926462 0.0234018 0.0478841 0.0793767 0.106611 0.116042 0.102423 0.0734603 0.0431604 0.0214863 0.0103858 0.00689345 0.0074932 0.0100117 0.0134448 0.0172905 0.021145 0.0245917 0.0272358 0.0287821 0.0290998 0.0282461 0.0264397 0.0239953 0.0212442 0.0184652 0.0158466 0.013482 0.0113907 0.00954987 0.00792396
 1.02881e-16 2.72049e-05 0.000159655 0.000758894 0.00292173 0.00911109 0.023014 0.0470906 0.0780612 0.104844 0.114117 0.100722 0.0722361 0.0424325 0.0211086 0.0101797 0.0067299 0.00730438 0.00977132 0.0131519 0.0169644 0.0208244 0.0243333 0.0271086 0.0288573 0.0294374 0.0288822 0.027377 0.0252007 0.0226521 0.0199887 0.0173906 0.0149574 0.0127258 0.0106971 0.00886122
 1.0262e-16 2.96093e-05 0.000173775 0.000826029 0.00318023 0.00991723 0.0250502 0.0512564 0.0849649 0.114111 0.124188 0.109575 0.0785063 0.0459567 0.0225659 0.0103899 0.00622531 0.00628956 0.00825721 0.0110839 0.0142969 0.0175582 0.0205308 0.0228935 0.0244008 0.0249331 0.0245175 0.0233077 0.0215348 0.0194463 0.0172538 0.0151045 0.0130786 0.0112047 0.00948365 0.0079086
 1.02609e-16 2.75877e-05 0.000161902 0.000769573 0.00296284 0.0092393 0.0233379 0.0477533 0.0791598 0.10632 0.115725 0.102143 0.0732609 0.0430451 0.0214322 0.0103656 0.00688832 0.00749473 0.0100182 0.013458 0.017314 0.0211835 0.0246503 0.0273191 0.0288934 0.0292395 0.0284114 0.0266238 0.0241882 0.0214335 0.0186382 0.0159921 0.0135915 0.0114601 0.00957959 0.00791826
 1.04697e-16 1.69168e-05 9.92406e-05 0.000471646 0.00181569 0.00566193 0.0143019 0.0292662 0.0485218 0.065193 0.071021 0.0628315 0.0453825 0.0273052 0.0147863 0.00913469 0.00865881 0.0113027 0.0157646 0.0213546 0.0275675 0.0338447 0.0395506 0.0440656 0.0469138 0.0478643 0.0469711 0.0445346 0.0410071 0.0368737 0.0325515 0.0283328 0.0243791 0.0207498 0.0174473 0.0144562
pSPR Fmed_Fpbrs
0.787094   0.329295 0.329295
Fs Fmed_Fpbrs
0.141072   1.005 1.005
SSBpbr Bo_Bmed_Bpbrs
1.81156e+06  1.33529e+06  505960 505960
Ro
76115
SPR SPRFo_SPRFmed_SPRFpbrs
1.56514e+06 1.23191e+06 515393
log_Ro
11.06
likeval ReclasPelacesDesembMPH_pf_preclas_ppelaces_ptallas_desvR_qrecl_qpela
 64.5294 24.6818 0.0458739 0.00191461 322.987 206.356 79.5091 0 17.1858 0.000134049 0 0 0 0 0
q_reclas_q_pelaces
0.193855 1
M
0.7
N
 95659.8 23611.6 8789.93 1037.17 0.499921
 119594 45004.7 9111.95 3392.12 400.447
 78318.9 57172.2 18713.9 3788.95 1577.03
 110569 36989.3 22465.6 7353.58 2108.55
 178778 54408.8 17603.3 10691.5 4503.05
 133983 88595.7 26760 8657.88 7473.15
 193940 65063 39636.7 11972.1 7216.83
 157738 94966.1 30261.8 18435.6 8925.07
 164425 76072.9 41143.5 13110.7 11853.9
 142116 78830.5 32060.7 17339.8 10521.3
 70593.9 68366 33752.5 13727.3 11929.1
 42244.5 32577.3 24111.3 11903.8 9048.5
 42882.3 19582.5 11732.6 8683.62 7545.92
 25950.4 19146.6 5920.34 3547.1 4906.64
 21656.8 10769.3 4114.52 1272.26 1816.68
 29332.6 9257.94 2657.68 1015.39 762.294
 26010.2 13745 3506.82 1006.7 673.37
 30020 12387.3 5615.6 1432.73 686.402
 33931.1 14499.9 5404.87 2450.21 924.624
 58484.1 16461.5 6458.38 2407.38 1503.18
 73353.2 28349.2 7303.07 2865.23 1734.9
 94552.1 36004.7 13333.6 3434.88 2163.6
 155735 46224.9 16621.5 6155.44 2584.53
 192712 75912.8 21048.8 7568.71 3979.8
 94352.8 94023.4 34716.1 9625.95 5281.32
pred_Ctot
 3629.79 3839.82 1429.46 168.669 0.0812994
 3216.94 5318.03 1076.73 400.835 47.3194
 2763.51 8697.45 2846.9 576.402 239.91
 721.965 1110.66 674.565 220.802 63.3123
 264.745 374.752 121.247 73.6398 31.0157
 2132.96 6350.4 1918.11 620.583 535.663
 1944.62 2976.51 1813.3 547.701 330.156
 3274.44 8780.27 2797.91 1704.5 825.185
 4093.19 8356.7 4519.66 1440.23 1302.16
 3201.57 7878.22 3204.11 1732.92 1051.48
 3604.71 14530.6 7173.78 2917.61 2535.43
 2029.02 6556.92 4852.94 2395.91 1821.21
 3130.18 5667.53 3395.64 2513.2 2183.92
 3098.13 8188.64 2532.02 1517.03 2098.48
 2186.08 4053.64 1548.73 478.886 683.809
 1193.13 1604.13 460.496 175.937 132.083
 767.864 1772.13 452.132 129.793 86.817
 591.244 1089.2 493.77 125.978 60.3543
 562.896 1081.42 403.103 182.74 68.9598
 1005.24 1270.33 498.392 185.777 116
 610.8 1081.15 278.517 109.271 66.1638
 1055.66 1829.38 677.474 174.525 109.931
 2063.17 2773.86 997.42 369.374 155.092
 2427.57 4337.84 1202.78 432.494 227.415
 1068.14 4842.28 1787.91 495.744 271.992
F
 0.0540317 0.25215 0.25215 0.25215 0.25215
 0.038035 0.177499 0.177499 0.177499 0.177499
 0.0501596 0.23408 0.23408 0.23408 0.23408
 0.00911597 0.0425416 0.0425416 0.0425416 0.0425416
 0.00206102 0.00961817 0.00961817 0.00961817 0.00961817
 0.0223558 0.104328 0.104328 0.104328 0.104328
 0.0140291 0.0654698 0.0654698 0.0654698 0.0654698
 0.0292398 0.136454 0.136454 0.136454 0.136454
 0.0351556 0.164061 0.164061 0.164061 0.164061
 0.0317669 0.148247 0.148247 0.148247 0.148247
 0.0733266 0.342194 0.342194 0.342194 0.342194
 0.068837 0.321243 0.321243 0.321243 0.321243
 0.106337 0.496242 0.496242 0.496242 0.496242
 0.179484 0.837602 0.837602 0.837602 0.837602
 0.149838 0.699249 0.699249 0.699249 0.699249
 0.0580219 0.270771 0.270771 0.270771 0.270771
 0.041813 0.195129 0.195129 0.195129 0.195129
 0.0277228 0.129375 0.129375 0.129375 0.129375
 0.023306 0.108762 0.108762 0.108762 0.108762
 0.0241564 0.112731 0.112731 0.112731 0.112731
 0.0116382 0.054312 0.054312 0.054312 0.054312
 0.0156322 0.0729511 0.0729511 0.0729511 0.0729511
 0.0185729 0.0866744 0.0866744 0.0866744 0.0866744
 0.017653 0.0823815 0.0823815 0.0823815 0.0823815
 0.015852 0.0739766 0.0739766 0.0739766 0.0739766
YTP_r0W_actual
 11963.1 106530 59000.9 20375.1 11641.2
YTP_p0W_proyectada
 88314.5 475986 652488 314273 145473
 88314.5 304343 126143 154718 77130.8
CTP_r0_actual
 1068.14 4842.28 1787.91 495.744 271.992
CTP_p0_proyectada
 10389.9 22242.3 20913.1 7721.7 3128.44
 10389.9 14221.6 4043.04 3801.42 1658.73
Wmedp
 8.5 21.4 31.2 40.7 46.5
nmprior
 10.6 11 7 0
nm_flota  nm_reclas  nm_pelaces    nm_pelaL
inf 11.5762 20.0304 49.2262
cv_recla  cv_pelaces  cv_mph
0.726614 0.563327 1.41964
 ------------------------------------------------
Talla a la edad & desviaci?n 
 7.2 14.2025 17.0495 18.207 18.6776
 1.08 2.13037 2.55742 2.73105 2.80164
