years
 1997 1998 1999 2000 2001 2002 2003 2004 2005 2006 2007 2008 2009 2010 2011 2012 2013 2014 2015 2016 2017 2018 2019 2020 2021
reclasobs
 0 0 0 370054 412103 1.49427e+06 250295 1.28982e+06 931140 785840 897777 1.04006e+06 184774 17550 25797 100020 73551 82996 120727 218422 84188 347160 605670 569463 516374
reclaspred
 453747 133407 453135 324615 430859 506928 1.07965e+06 680275 703155 588339 448870 298686 181897 85541.2 62141.7 65560.7 84822.7 118807 127516 181646 258040 234905 409466 526690 630774
pelacesobs
 0 0 0 0 0 0 0 0 0 2.06254e+06 1.5e+06 0 1.87456e+06 323000 250000 174000 83755 137374 0 501740 490994 745055 786931 1.00524e+06 1.33801e+06
pelacespred
 1.88132e+06 499903 1.00623e+06 1.11234e+06 1.24736e+06 1.24943e+06 2.88948e+06 2.37395e+06 2.11825e+06 1.80922e+06 1.242e+06 848676 510383 200995 143187 161603 218091 309048 343548 473866 745311 668065 915041 1.39454e+06 1.68272e+06
mphobs
 0 0 0 0 0 112323 0 153150 637223 0 255016 313432 73983 77613 109348 50772 0 0 0 0 0 0 0 0 0
mphpred
 163053 112074 147797 200809 193233 276029 413654 469782 379855 353827 305272 210260 129159 67784.8 33634.7 30000.6 37583.2 53540.1 67911.4 78859.3 116172 135223 169504 243564 339961
desembarqueobs
 350755 77701 442110 56441 14545 235359 269955 359681 431902 328805 639364 411747 362871 311530 167758 66681 60226 58785 57116 73181 50977 67692 138656 160484 209506
desembarquepred
 350766 77705.1 442160 56443 14545.1 235397 269984 359718 431988 328876 639783 412110 363371 312140 167853 66699.2 60248 58789.4 57115.3 73185 50978.7 67690.1 138662 160493 209511
Reclutas
 75228.2 93747.1 60342.6 86910.9 142333 106853 158120 134761 147361 134779 67471.8 41344 42091.9 24194.8 19160.3 24479 20799.7 23823.8 27287 46961.5 58531.9 75862.7 124249 151552 71787.1
log_desv_Rt
 0.168282 0.388356 -0.0522065 0.312639 0.805924 0.519207 0.911108 0.751257 0.840643 0.751395 0.0594655 -0.430318 -0.41239 -0.966106 -1.1994 -0.954428 -1.1173 -0.981561 -0.845835 -0.302916 -0.0826736 0.17668 0.670044 0.868681 0.12146
SSB
 898183 617362 814143 1.10617e+06 1.06443e+06 1.52051e+06 2.27862e+06 2.58781e+06 2.09244e+06 1.94907e+06 1.6816e+06 1.15822e+06 711476 373395 185278 165259 207028 294927 374092 434399 639937 744882 933719 1.34168e+06 1.87269e+06
BT
 3.1008e+06 863555 1.73095e+06 1.69468e+06 1.84918e+06 2.01654e+06 4.45173e+06 3.90043e+06 3.51813e+06 2.98079e+06 2.40987e+06 1.628e+06 1.10887e+06 596829 355002 293588 371140 502383 553720 758353 1.14093e+06 1.04348e+06 1.4408e+06 2.18449e+06 2.63223e+06
Ftot
 0.32879 0.238849 0.322583 0.059423 0.0129536 0.136923 0.0859104 0.176429 0.209056 0.182557 0.408965 0.386449 0.609688 1.07406 0.976158 0.377266 0.263011 0.173988 0.145057 0.149263 0.0707639 0.094372 0.112078 0.106977 0.096718
BD_Bspro_t
 0.960714 0.816419 0.795367 0.70941 0.798126 0.881947 0.858489 0.859979 0.810323 0.766886 0.720214 0.569877 0.45584 0.341046 0.224032 0.24268 0.36457 0.535792 0.64714 0.726811 0.810316 0.866706 0.871464 0.875937 0.880012
BD_Bspro
 0.687045 0.472237 0.62276 0.846136 0.814211 1.16308 1.74298 1.97949 1.60057 1.49089 1.2863 0.885957 0.544228 0.28562 0.141724 0.126411 0.158362 0.225598 0.286153 0.332284 0.489505 0.569781 0.714228 1.02629 1.43247
BD_Bo
 0.594035 0.408307 0.538453 0.731589 0.703986 1.00563 1.50702 1.71151 1.38389 1.28906 1.11217 0.766018 0.470552 0.246954 0.122538 0.109298 0.136923 0.195057 0.247415 0.2873 0.423238 0.492646 0.617538 0.887352 1.23855
BD_Brms
 2.0971 1.44143 1.90088 2.5827 2.48525 3.55013 5.32018 6.04208 4.88549 4.55072 3.92623 2.70424 1.66117 0.871811 0.432591 0.385851 0.483374 0.688603 0.873438 1.01424 1.49414 1.73917 2.18007 3.13258 4.37239
S_f
 0.200957 1 1 1 1
 0.200957 1 1 1 1
 0.200957 1 1 1 1
 0.200957 1 1 1 1
 0.200957 1 1 1 1
 0.200957 1 1 1 1
 0.200957 1 1 1 1
 0.200957 1 1 1 1
 0.200957 1 1 1 1
 0.200957 1 1 1 1
 0.200957 1 1 1 1
 0.200957 1 1 1 1
 0.200957 1 1 1 1
 0.200957 1 1 1 1
 0.200957 1 1 1 1
 0.200957 1 1 1 1
 0.200957 1 1 1 1
 0.200957 1 1 1 1
 0.200957 1 1 1 1
 0.200957 1 1 1 1
 0.200957 1 1 1 1
 0.200957 1 1 1 1
 0.200957 1 1 1 1
 0.200957 1 1 1 1
 0.200957 1 1 1 1
Scru_reclas
 1 1 1 1 1
 1 1 1 1 1
 1 1 1 1 1
 1 1 1 1 1
 1 1 1 1 1
 1 1 1 1 1
 1 1 1 1 1
 1 1 1 1 1
 1 1 1 1 1
 1 1 1 1 1
 1 1 1 1 1
 1 1 1 1 1
 1 1 1 1 1
 1 1 1 1 1
 1 1 1 1 1
 1 1 1 1 1
 1 1 1 1 1
 1 1 1 1 1
 1 1 1 1 1
 1 1 1 1 1
 1 1 1 1 1
 1 1 1 1 1
 1 1 1 1 1
 1 1 1 1 1
 1 1 1 1 1
Scru_pelaces
 0.973253 1 1 1 1
 0.973253 1 1 1 1
 0.973253 1 1 1 1
 0.973253 1 1 1 1
 0.973253 1 1 1 1
 0.973253 1 1 1 1
 0.973253 1 1 1 1
 0.973253 1 1 1 1
 0.973253 1 1 1 1
 0.973253 1 1 1 1
 0.973253 1 1 1 1
 0.973253 1 1 1 1
 0.973253 1 1 1 1
 0.973253 1 1 1 1
 0.973253 1 1 1 1
 0.973253 1 1 1 1
 0.973253 1 1 1 1
 0.973253 1 1 1 1
 0.973253 1 1 1 1
 0.973253 1 1 1 1
 0.973253 1 1 1 1
 0.973253 1 1 1 1
 0.973253 1 1 1 1
 0.973253 1 1 1 1
 0.973253 1 1 1 1
pf_obs 
 0.256992 0.487395 0.22802 0.0275931 0
 0.321318 0.546541 0.124235 0.00734118 0.000564706
 0.182869 0.594174 0.210203 0.0122559 0.00049798
 0.330522 0.361315 0.267642 0.0388342 0.00168674
 0.649043 0.306663 0.0425973 0.00169635 0
 0.582887 0.30429 0.105238 0.00758474 0
 0.465427 0.430635 0.0974691 0.00646863 0
 0.296916 0.608066 0.0921331 0.00288517 0
 0.311714 0.524322 0.152257 0.0117073 0
 0.15457 0.633149 0.183074 0.0267441 0.00246327
 0.131901 0.49318 0.331252 0.0422183 0.00144891
 0.196976 0.569456 0.194076 0.0375587 0.00193317
 0.518974 0.381816 0.0799577 0.0180837 0.00116848
 0.0928022 0.601141 0.25162 0.0475244 0.00691264
 0.122501 0.610282 0.24278 0.0234846 0.000952079
 0.383417 0.481906 0.127806 0.00687128 0
 0.0376549 0.599619 0.316969 0.0457579 0
 0.0361596 0.667082 0.258105 0.0386534 0
 0.158088 0.579412 0.248529 0.0139706 0
 0.0477256 0.309471 0.559284 0.082774 0.000745712
 0.0406174 0.521527 0.379366 0.0568643 0.0016247
 0.151134 0.462217 0.34131 0.0453401 0
 0.294876 0.26143 0.354403 0.0886775 0.000613685
 0.281977 0.475581 0.204845 0.0348837 0.00271318
 0.0841818 0.532909 0.334909 0.0458182 0.00218182
pf_pred 
 0.386996 0.433063 0.160967 0.0189633 9.55686e-06
 0.314679 0.538024 0.10406 0.0386783 0.00455894
 0.17969 0.589058 0.181549 0.0351135 0.0145899
 0.26171 0.412146 0.234202 0.0721816 0.0197614
 0.302711 0.449281 0.138448 0.0786733 0.0308856
 0.179501 0.561897 0.166624 0.0513461 0.0406319
 0.253947 0.400339 0.236753 0.0702065 0.0387546
 0.192173 0.515185 0.157034 0.0928672 0.0427404
 0.216831 0.440003 0.218852 0.0667084 0.0576063
 0.198515 0.482784 0.179054 0.0890588 0.0505883
 0.121344 0.502961 0.226304 0.083931 0.0654593
 0.122157 0.398145 0.27459 0.12355 0.081559
 0.197769 0.363231 0.199108 0.137319 0.102573
 0.185787 0.504975 0.140015 0.0767507 0.0924719
 0.262383 0.484507 0.156979 0.0435259 0.0526053
 0.34574 0.483683 0.112044 0.036302 0.0222308
 0.235257 0.579503 0.136945 0.0317231 0.0165724
 0.247342 0.47654 0.209235 0.0494452 0.0174375
 0.243872 0.483085 0.172875 0.0759045 0.0242632
 0.322913 0.427568 0.159416 0.0570481 0.0330549
 0.276532 0.519024 0.129103 0.0481353 0.0272064
 0.267027 0.485631 0.177446 0.0441384 0.0257582
 0.314826 0.448205 0.157004 0.0573681 0.0225975
 0.270146 0.515493 0.140224 0.0491196 0.0250177
 0.117783 0.581396 0.212468 0.0577954 0.0305569
pobs_RECLAS
 0 0 0 0 0
 0 0 0 0 0
 0 0 0 0 0
 0 0 0 0 0
 0.835266 0.146461 0.0176864 0.000547809 3.91292e-05
 0.385257 0.428462 0.181853 0.0044286 0
 0.867414 0.0963971 0.0333333 0.00285562 0
 0.441836 0.489002 0.0689373 0.000224442 0
 0.779404 0.147425 0.0564933 0.0165055 0.000172143
 0.814271 0.122319 0.05973 0.00367925 0
 0.40263 0.566651 0.0304383 0.000280538 0
 0.475488 0.404961 0.113038 0.00651328 0
 0.955842 0.0263864 0.0167828 0.000988607 0
 0.975058 0.0227948 0.00214734 0 0
 0.738997 0.206755 0.0527124 0.00153531 0
 0.850938 0.134255 0.0134407 0.00136685 0
 0.542534 0.407297 0.0501686 0 0
 0.764087 0.199537 0.0359546 0.000420521 0
 0.470689 0.182191 0.310203 0.0369168 0
 0.84361 0.089868 0.0606195 0.00523954 0.000663233
 0.607945 0.314616 0.071237 0.00620181 0
 0.523733 0.453247 0.0230204 0 0
 0.530135 0.295979 0.169645 0.0042399 0
 0.562478 0.366248 0.0663022 0.0049721 0
 0.250443 0.683176 0.0655157 0.000865301 0
ppred_RECLAS
 0.762076 0.168084 0.0624759 0.00736021 3.70929e-06
 0.698378 0.236794 0.0457984 0.017023 0.00200647
 0.526265 0.340185 0.104846 0.0202783 0.00842575
 0.638867 0.2016 0.114559 0.0353075 0.00966625
 0.683705 0.203797 0.0628011 0.0356868 0.0140099
 0.522983 0.326673 0.0968711 0.0298513 0.0236224
 0.629776 0.198666 0.117487 0.0348395 0.0192317
 0.544403 0.290554 0.088564 0.0523751 0.0241046
 0.582196 0.234732 0.116753 0.0355875 0.0307317
 0.554483 0.268363 0.0995295 0.0495046 0.0281202
 0.413447 0.335755 0.151071 0.0560287 0.0436978
 0.414873 0.265384 0.183028 0.0823523 0.0543632
 0.561392 0.198591 0.108859 0.0750774 0.0560802
 0.554828 0.276095 0.0765536 0.0419635 0.0505591
 0.657516 0.224962 0.072887 0.0202096 0.0244253
 0.729047 0.200311 0.0464018 0.015034 0.00920659
 0.608413 0.296735 0.0701226 0.0162438 0.00848588
 0.622706 0.238881 0.104886 0.024786 0.00874111
 0.617896 0.244124 0.0873615 0.0383579 0.0122612
 0.705165 0.186183 0.069417 0.0248414 0.0143936
 0.656199 0.246646 0.0613514 0.0228745 0.0129288
 0.645569 0.234828 0.0858046 0.0213433 0.0124554
 0.696922 0.198258 0.0694485 0.025376 0.00999569
 0.649349 0.247663 0.0673691 0.023599 0.0120195
 0.400331 0.395193 0.144421 0.0392853 0.0207704
pobs_PELACES
 0 0 0 0 0
 0 0 0 0 0
 0 0 0 0 0
 0 0 0 0 0
 0 0 0 0 0
 0 0 0 0 0
 0 0 0 0 0
 0 0 0 0 0
 0 0 0 0 0
 0 0 0 0 0
 0.450072 0.473896 0.0757376 0.000293798 0
 0 0 0 0 0
 0.463077 0.371075 0.160297 0.00555027 0
 0.529543 0.364841 0.0842815 0.0213345 0
 0.631943 0.363953 0.00410389 0 0
 0.735681 0.248677 0.0153453 0.000297389 0
 0.695825 0.281241 0.0229344 0 0
 0.275771 0.60734 0.115278 0.00161068 0
 0 0 0 0 0
 0.896147 0.0623911 0.0374545 0.00400742 0
 0.803859 0.145111 0.0509908 3.86294e-05 0
 0.739449 0.233085 0.0266225 0.000797448 4.60066e-05
 0.878498 0.100942 0.0204185 0.000141795 0
 0.694673 0.275183 0.0284847 0.00165964 0
 0.469039 0.446079 0.0841089 0.000773354 0
ppred_PELACES
 0.772711 0.160571 0.0596834 0.00703123 3.54349e-06
 0.70588 0.230905 0.0446594 0.0165996 0.00195657
 0.540686 0.329829 0.101654 0.019661 0.00816926
 0.636223 0.203076 0.115398 0.035566 0.00973703
 0.678559 0.207113 0.063823 0.0362674 0.0142379
 0.525226 0.325136 0.0964156 0.029711 0.0235113
 0.628736 0.199224 0.117817 0.0349374 0.0192858
 0.549212 0.287486 0.087629 0.0518222 0.0238502
 0.588994 0.230913 0.114853 0.0350085 0.0302317
 0.559671 0.265238 0.0983705 0.0489281 0.0277928
 0.433151 0.324476 0.145996 0.0541466 0.0422299
 0.433136 0.257101 0.177315 0.0797819 0.0526664
 0.593986 0.183833 0.10077 0.0694983 0.0519128
 0.616874 0.237615 0.065884 0.0361149 0.0435125
 0.707346 0.192231 0.0622822 0.0172691 0.0208715
 0.743103 0.189919 0.0439946 0.0142541 0.00872898
 0.618429 0.289144 0.068329 0.0158283 0.00826883
 0.627105 0.236096 0.103663 0.024497 0.0086392
 0.620522 0.242446 0.0867611 0.0380942 0.012177
 0.707705 0.184579 0.068819 0.0246274 0.0142696
 0.65429 0.248016 0.0616921 0.0230015 0.0130006
 0.645059 0.235166 0.085928 0.021374 0.0124734
 0.697438 0.19792 0.0693304 0.0253329 0.00997869
 0.649599 0.247487 0.0673211 0.0235822 0.012011
 0.399944 0.395447 0.144514 0.0393106 0.0207838
pobs_pel_tallas
 0 0 0 0 0 0 0 0 0 0 0 0 0 0 0 0 0 0 0 0 0 0 0 0 0 0 0 0 0 0 0 0 0 0 0 0
 0 0 0 0 0 0 0 0 0 0 0 0 0 0 0 0 0 0 0 0 0 0 0 0 0 0 0 0 0 0 0 0 0 0 0 0
 0 0 0 0 0 0 0 0 0 0 0 0 0 0 0 0 0 0 0 0 0 0 0 0 0 0 0 0 0 0 0 0 0 0 0 0
 0 0 0 0 0 0 0 0 0 0 0 0 0 0 0 0 0 0 0 0 0 0 0 0 0 0 0 0 0 0 0 0 0 0 0 0
 0 0 0 0 0 0 0 0 0 0 0 0 0 0 0 0 0 0 0 0 0 0 0 0 0 0 0 0 0 0 0 0 0 0 0 0
 0 0 0 0 0 0 0 0 0 0 0 0 0 0 0 0 0 0 0 0 0 0 0 0 0 0 0 0 0 0 0 0 0 0 0 0
 0 0 0 0 0 0 0 0 0 0 0 0 0 0 0 0 0 0 0 0 0 0 0 0 0 0 0 0 0 0 0 0 0 0 0 0
 0 0 0 0 0 0 0 0 0 0 0 0 0 0 0 0 0 0 0 0 0 0 0 0 0 0 0 0 0 0 0 0 0 0 0 0
 0 0 0 0 0 0 0 0 0 0 0 0 0 0 0 0 0 0 0 0 0 0 0 0 0 0 0 0 0 0 0 0 0 0 0 0
 0 0 0 0 0 0 0 0 0 0 0 0 0 0 0 0 0 0 0 0 0 0 0 0 0 0 0 0 0 0 0 0 0 0 0 0
 0 0 0 0 0 0 0 0 1.78061e-05 0.00172719 0.00360574 0.0105946 0.0120993 0.0124554 0.0147524 0.0171206 0.0266825 0.0428682 0.0675386 0.121331 0.153587 0.119568 0.100827 0.0573624 0.0630603 0.0341343 0.0324427 0.0444173 0.0211091 0.0280891 0.0125444 0.00206551 0 0 0 0
 0 0 0 0 0 0 0 0 0 0 0 0 0 0 0 0 0 0 0 0 0 0 0 0 0 0 0 0 0 0 0 0 0 0 0 0
 0 0 0 0 0 0 0.0133647 0.0140871 0.0187388 0.0205184 0.03894 0.0496705 0.03968 0.0493445 0.0407372 0.0367815 0.0215668 0.0243155 0.0234873 0.0199281 0.019796 0.0243948 0.0301388 0.0376714 0.0412746 0.0863199 0.0771752 0.113111 0.0741005 0.0525337 0.0229764 0.00759418 0.00175318 0 0 0
 0 0 0 0 0 0 0 0 0 0 0.00219441 0.00772107 0.0458388 0.0604681 0.0671733 0.0775358 0.0609151 0.0617685 0.073594 0.0568108 0.0755445 0.0548602 0.0670107 0.0636378 0.0643287 0.046367 0.0373049 0.0286899 0.0247887 0.0153202 0.00654259 0.00121912 0.000365735 0 0 0
 0 0 0 0 0 0 0 0 0 0 0 0 0.000112435 0.00938835 0.0111873 0.0202946 0.0414886 0.0713402 0.111592 0.104902 0.108894 0.110636 0.117776 0.105296 0.107544 0.0401394 0.0192827 0.0124803 0.00416011 0.0028671 0.000618394 0 0 0 0 0
 0 0 0 0 0 0 0 0 0 0 0.00291406 0.0102884 0.027416 0.0768956 0.0749926 0.110853 0.0956884 0.0897413 0.0766577 0.0534642 0.0500743 0.0551293 0.0594112 0.0620874 0.0668451 0.0424026 0.0208742 0.0120726 0.0048766 0.00582813 0.00118941 0.000297354 0 0 0 0
 0 0.00264628 0.0354308 0.0461629 0.0458689 0.0383711 0.0214643 0.0164657 0.0346957 0.0420465 0.0363128 0.0245516 0.0311673 0.0291091 0.0169068 0.0133784 0.00837989 0.0085269 0.0148486 0.0160247 0.0276389 0.0546898 0.0760071 0.122758 0.109233 0.0665981 0.0333725 0.0166128 0.00676272 0.00308733 0.000882094 0 0 0 0 0
 0 0 0 0 0 0 0 0.000805153 0.000690131 0.00759144 0.0133425 0.0154129 0.00931677 0.000345066 0.00356568 0.00563607 0.00851162 0.0253048 0.0502646 0.0516448 0.0657925 0.0565908 0.0611916 0.0827007 0.0866115 0.110766 0.145733 0.0935128 0.0569358 0.0249597 0.0138026 0.00621118 0.00161031 0.00115022 0 0
 0 0 0 0 0 0 0 0 0 0 0 0 0 0 0 0 0 0 0 0 0 0 0 0 0 0 0 0 0 0 0 0 0 0 0 0
 0.00147267 0.00158595 0.00478618 0.00569244 0.00954404 0.0108468 0.00647125 0.017049 0.0510054 0.094081 0.124002 0.0959785 0.0687766 0.0820023 0.061753 0.0591476 0.0492212 0.0479892 0.0443925 0.0268479 0.0217502 0.0140895 0.0121071 0.0120363 0.00920419 0.00665534 0.0049561 0.00860946 0.00930331 0.0156896 0.0114698 0.00855282 0.00243557 0.00046729 0 2.83206e-05
 0 0 0 0 0.000772559 0.00158375 0.000888443 0.00281984 0.00712685 0.0440552 0.0773331 0.111326 0.0921469 0.0852325 0.0710754 0.0886704 0.0786465 0.0553345 0.0373146 0.0185414 0.00753245 0.00457741 0.012979 0.0271748 0.0457355 0.0583668 0.034881 0.0177882 0.00938659 0.00492506 0.0015258 0.00185414 0.000309023 5.79419e-05 3.86279e-05 0
 0 0.00173294 0.00326652 0 0.00397197 0.00683976 0.00946217 0.0152591 0.00757587 0.0136028 0.0228656 0.0392903 0.0559909 0.0764795 0.0681675 0.0726916 0.0566044 0.0477403 0.0527397 0.0444891 0.0609904 0.0582453 0.0661739 0.0445044 0.0529084 0.0360697 0.0280645 0.0235558 0.0158879 0.00826598 0.00280645 0.00217768 0.000904811 0.00058276 9.20147e-05 0
 0 0 0 0 0 0 0 0 0 0 0 0 0 0 0 0 0 0 0 0 0 0 0 0 0 0 0 0 0 0 0 0 0 0 0 0
 0 0 0 0 0 0 0 0 0 0 0 0 0 0 0 0 0 0 0 0 0 0 0 0 0 0 0 0 0 0 0 0 0 0 0 0
 0 0 0 0 0 0 0 0 0 0 0 0 0 0 0 0 0 0 0 0 0 0 0 0 0 0 0 0 0 0 0 0 0 0 0 0
ppred_pel_tallas
 1.01142e-16 3.37131e-05 0.000197872 0.000940599 0.00362137 0.0112929 0.028525 0.0583658 0.0967472 0.129927 0.141383 0.1247 0.0892433 0.0520405 0.0251769 0.0109562 0.00569211 0.0050471 0.0063629 0.00847117 0.0108919 0.0133328 0.0155239 0.0172129 0.0182083 0.0184198 0.017874 0.0167003 0.0150914 0.0132557 0.0113745 0.0095781 0.0079409 0.00649183 0.00523142 0.00414757
 1.01372e-16 3.08018e-05 0.000180773 0.000859297 0.00330831 0.0103166 0.0260591 0.0533209 0.0883873 0.118708 0.129194 0.113997 0.081686 0.0478408 0.0235322 0.0109007 0.00661373 0.0067318 0.0088249 0.0117878 0.0151024 0.0183864 0.0212596 0.0233676 0.0244511 0.0244037 0.0232938 0.0213394 0.0188473 0.0161386 0.0134841 0.0110669 0.00897615 0.00722555 0.00578238 0.00459583
 1.02608e-16 2.36027e-05 0.000138499 0.000658299 0.00253438 0.00790314 0.0199629 0.0408485 0.0677173 0.0909617 0.0990351 0.0874766 0.0628817 0.0372296 0.0190623 0.0100934 0.00784506 0.00935642 0.0127809 0.0172222 0.0221564 0.0270924 0.0314978 0.0348623 0.0368015 0.037141 0.0359487 0.0335022 0.0302071 0.0264951 0.0227369 0.019191 0.0159958 0.0131935 0.0107677 0.0086789
 1.03382e-16 2.77634e-05 0.000162938 0.000774509 0.00298187 0.00929864 0.0234877 0.0480594 0.0796658 0.106995 0.116448 0.102753 0.0736372 0.0431435 0.0212552 0.00990869 0.00611148 0.00632882 0.0083918 0.0113301 0.0147046 0.0181957 0.0214767 0.0242276 0.0261917 0.0272249 0.0273172 0.0265771 0.025189 0.0233601 0.021275 0.0190719 0.0168406 0.0146358 0.0124956 0.0104548
 1.02885e-16 2.96094e-05 0.000173776 0.000826034 0.00318025 0.00991729 0.0250503 0.0512567 0.0849654 0.114111 0.124189 0.109574 0.0785047 0.045953 0.0225588 0.0103774 0.00620461 0.00625698 0.00820834 0.011014 0.0142016 0.0174345 0.0203782 0.0227155 0.0242052 0.0247329 0.0243301 0.0231537 0.0214356 0.0194211 0.0173164 0.0152614 0.0133269 0.0115325 0.00987137 0.00833193
 1.03595e-16 2.29283e-05 0.00013454 0.00063948 0.00246193 0.0076772 0.0193922 0.0396807 0.0657816 0.088362 0.0962061 0.0849811 0.0610953 0.0361867 0.018556 0.00987071 0.0077276 0.00925421 0.01266 0.0170761 0.0219941 0.0269358 0.0313814 0.0348322 0.0369118 0.0374477 0.0365025 0.0343408 0.0313488 0.0279352 0.0244463 0.0211183 0.0180724 0.01534 0.0129021 0.0107244
 1.0384e-16 2.74367e-05 0.00016102 0.000765395 0.00294677 0.0091892 0.0232113 0.0474938 0.0787282 0.105736 0.115077 0.101544 0.0727697 0.0426341 0.0210025 0.00978849 0.00603553 0.00625168 0.00829572 0.0112119 0.0145705 0.0180603 0.0213628 0.0241651 0.0262143 0.0273655 0.0276032 0.0270254 0.0258033 0.0241298 0.0221764 0.0200708 0.0178966 0.0157065 0.0135406 0.0114394
 1.04233e-16 2.39726e-05 0.000140675 0.000668654 0.00257427 0.00802754 0.0202771 0.041491 0.068781 0.0923863 0.100575 0.0888107 0.0637838 0.0376494 0.0190672 0.00975834 0.00718751 0.00833646 0.0113339 0.0152955 0.0197408 0.0242447 0.0283515 0.0316229 0.033725 0.0344989 0.0339879 0.0324079 0.0300782 0.0273354 0.0244622 0.0216482 0.0189885 0.0165078 0.0141955 0.0120363
 1.04322e-16 2.57051e-05 0.000150851 0.000717043 0.0027606 0.00860861 0.0217448 0.0444935 0.0737561 0.0990621 0.107825 0.0951696 0.0682579 0.0401036 0.0199661 0.00965848 0.00643119 0.00702772 0.00944451 0.01277 0.0165634 0.0204758 0.0241409 0.0272002 0.0293695 0.030495 0.0305757 0.0297447 0.0282183 0.0262336 0.023996 0.021652 0.0192888 0.0169509 0.014665 0.0124572
 1.04463e-16 2.44278e-05 0.000143349 0.000681372 0.00262324 0.00818027 0.0206629 0.0422801 0.0700883 0.09414 0.102478 0.090476 0.0649472 0.0382706 0.0192612 0.00966172 0.00687822 0.00782884 0.010609 0.014332 0.0185366 0.0228291 0.0267901 0.0300134 0.0321848 0.0331464 0.0329224 0.0316934 0.0297346 0.0273394 0.024756 0.0221536 0.0196215 0.0171913 0.0148675 0.0126534
 1.06012e-16 1.89134e-05 0.000110969 0.000527422 0.00203047 0.00633173 0.0159937 0.0327271 0.054256 0.0728862 0.0793725 0.0701497 0.0505158 0.0300886 0.0157409 0.00888212 0.00756762 0.00946254 0.013112 0.0178001 0.0230799 0.0285011 0.0335567 0.0377473 0.0406793 0.0421448 0.0421531 0.0409023 0.0387059 0.035904 0.0327876 0.0295604 0.0263372 0.0231708 0.0200862 0.0171091
 1.07804e-16 1.89101e-05 0.000110956 0.000527371 0.0020303 0.0063312 0.0159923 0.0327237 0.0542486 0.0728708 0.0793412 0.0700877 0.0503964 0.0298683 0.0153543 0.00823985 0.0065597 0.00797036 0.0110306 0.015069 0.0197175 0.0246316 0.0294207 0.0336864 0.0370944 0.0394345 0.040647 0.0408047 0.0400649 0.0386106 0.0366034 0.0341631 0.0313735 0.028303 0.025028 0.0216453
 1.06305e-16 2.59207e-05 0.000152122 0.000723094 0.00278391 0.00868133 0.0219284 0.0448688 0.0743769 0.0998916 0.108716 0.0959299 0.068745 0.0402729 0.0198339 0.00923687 0.00569078 0.00590129 0.00785352 0.0106567 0.0139213 0.017373 0.0207315 0.0237188 0.0261067 0.0277575 0.0286413 0.0288201 0.0284114 0.0275432 0.0263204 0.0248104 0.0230502 0.0210646 0.0188873 0.016573
 1.04287e-16 2.69209e-05 0.000157989 0.000750975 0.00289124 0.00901603 0.0227739 0.0465992 0.0772463 0.103749 0.112924 0.0996642 0.0714686 0.0419635 0.0208414 0.00999454 0.0065342 0.0070395 0.00940138 0.0126557 0.0163349 0.0200731 0.0234943 0.0262397 0.0280378 0.0287611 0.0284474 0.0272751 0.0255041 0.0234052 0.0212007 0.019034 0.0169692 0.015014 0.0131503 0.0113611
 1.02516e-16 3.08641e-05 0.000181143 0.000861063 0.00331512 0.0103379 0.0261127 0.0534303 0.0885677 0.118947 0.129445 0.114198 0.0817866 0.0478115 0.0233543 0.010546 0.00603444 0.00586653 0.00761438 0.0101956 0.0131363 0.0161142 0.0188162 0.0209465 0.0222809 0.0227138 0.0222767 0.0211185 0.0194591 0.0175315 0.0155329 0.0135978 0.0117953 0.0101445 0.0086379 0.00726105
 1.01585e-16 3.24232e-05 0.000190296 0.000904579 0.00348267 0.0108604 0.0274325 0.0561307 0.0930434 0.124956 0.135982 0.119956 0.0858907 0.0501715 0.0244332 0.0109061 0.00605935 0.00573072 0.00736261 0.00981515 0.0125934 0.0153685 0.0178267 0.019676 0.0207009 0.020809 0.0200488 0.0185897 0.0166734 0.0145531 0.0124425 0.010486 0.00875462 0.00726139 0.00598478 0.00489121
 1.01995e-16 2.69909e-05 0.000158395 0.000752895 0.00289862 0.00903901 0.022832 0.0467184 0.0774455 0.104021 0.113231 0.0999623 0.0717411 0.0422415 0.0211977 0.010526 0.00734777 0.00824213 0.0110864 0.0148817 0.0190999 0.0232922 0.0269883 0.0297437 0.0312295 0.0313055 0.030048 0.0277193 0.0246931 0.0213626 0.0180612 0.0150165 0.0123428 0.0100635 0.00814634 0.00653773
 1.02794e-16 2.73671e-05 0.000160608 0.000763429 0.00293919 0.00916555 0.0231515 0.0473719 0.0785272 0.105469 0.114795 0.101314 0.0726471 0.0426469 0.0211653 0.0101249 0.00658845 0.00707875 0.00945333 0.012735 0.016452 0.0202356 0.0237035 0.0264864 0.0282975 0.0289911 0.0285868 0.0272484 0.0252306 0.0228108 0.0202313 0.017667 0.0152211 0.012941 0.0108425 0.0089305
 1.03189e-16 2.70803e-05 0.000158924 0.000755419 0.00290835 0.00906937 0.0229086 0.0468749 0.0777035 0.104363 0.113593 0.100258 0.0718998 0.0422277 0.0209933 0.0101022 0.00665083 0.00719996 0.0096286 0.0129653 0.0167351 0.020562 0.0240566 0.0268447 0.0286394 0.0293004 0.0288578 0.0274887 0.0254602 0.0230578 0.0205254 0.0180323 0.0156703 0.0134723 0.0114402 0.00956819
 1.02551e-16 3.08795e-05 0.000181234 0.000861496 0.00331679 0.0103431 0.0261259 0.0534572 0.088612 0.119006 0.129508 0.11425 0.081815 0.0478114 0.0233234 0.0104804 0.00592651 0.00570587 0.00739121 0.00990499 0.012782 0.0157119 0.018394 0.0205426 0.0219387 0.0224743 0.0221705 0.0211602 0.0196445 0.0178386 0.0159266 0.0140364 0.0122374 0.0105551 0.00899191 0.00754474
 1.02355e-16 2.85529e-05 0.000167569 0.000796518 0.00306659 0.00956284 0.0241551 0.0494253 0.0819309 0.11004 0.119769 0.105702 0.0757883 0.0444801 0.0220538 0.010511 0.00678154 0.00722911 0.00960805 0.0128869 0.0165618 0.0202385 0.0235142 0.0260091 0.0274399 0.0276825 0.0267951 0.0249919 0.0225806 0.0198844 0.0171757 0.0146389 0.0123655 0.0103736 0.0086396 0.00712567
 1.02614e-16 2.81499e-05 0.000165204 0.000785278 0.00302332 0.00942789 0.0238142 0.0487278 0.0807744 0.108486 0.118076 0.104204 0.074707 0.0438303 0.021704 0.0103002 0.00659149 0.00699472 0.00930153 0.012505 0.0161226 0.019782 0.023102 0.0257176 0.0273501 0.0278652 0.0272963 0.0258223 0.0237116 0.021252 0.0186911 0.0162027 0.0138829 0.0117666 0.00985391 0.00813363
 1.02386e-16 3.04323e-05 0.000178607 0.000849007 0.0032687 0.0101931 0.0257471 0.0526822 0.0873279 0.117283 0.127637 0.112608 0.080659 0.0471755 0.0230873 0.0104995 0.00611201 0.00603053 0.00786281 0.0105396 0.013587 0.0166766 0.0194856 0.0217077 0.0231093 0.0235777 0.023141 0.0219482 0.020223 0.0182039 0.0160952 0.014039 0.0121121 0.0103413 0.00872569 0.00725645
 1.02408e-16 2.83483e-05 0.000166368 0.000790809 0.00304461 0.00949428 0.0239819 0.049071 0.0813436 0.109251 0.118911 0.104946 0.0752488 0.0441686 0.0219088 0.0104583 0.00676999 0.00723526 0.00962585 0.0129186 0.0166135 0.0203182 0.0236311 0.026172 0.0276561 0.0279559 0.0271251 0.0253721 0.0229991 0.020325 0.0176197 0.015067 0.0127606 0.0107227 0.00893447 0.00736369
 1.04503e-16 1.74684e-05 0.000102479 0.000487043 0.00187498 0.00584681 0.0147689 0.0302217 0.0501053 0.0673188 0.0733321 0.0648648 0.0468266 0.0281249 0.0151408 0.00921677 0.00859642 0.0111493 0.0155285 0.0210272 0.0271381 0.0333079 0.0389089 0.0433299 0.0461022 0.0469994 0.0460765 0.0436325 0.0401163 0.0360092 0.0317251 0.0275544 0.0236571 0.0200915 0.0168587 0.0139413
pSPR Fmed_Fpbrs
0.739081   0.333265 0.333265
Fs Fmed_Fpbrs
0.184583   1.005 1.005
SSBpbr Bo_Bmed_Bpbrs
1.512e+06  1.04189e+06  428298 428298
Ro
63576.6
SPR SPRFo_SPRFmed_SPRFpbrs
1.30731e+06 966210 435682
log_Ro
10.88
likeval ReclasPelacesDesembMPH_pf_preclas_ppelaces_ptallas_desvR_qrecl_qpela
 62.1472 23.5081 0.0381116 0.000225986 319.374 201.82 78.2238 0 16.3632 9.76596e-05 2.08749e-06 0 0 0 0
q_reclas_q_pelaces
0.246508 1.2282
M
0.7
N
 75228.2 18921.6 7033.05 828.555 0.417563
 93747.1 34968.7 6763.32 2513.89 296.307
 60342.6 44371.7 13675.5 2644.98 1099
 86910.9 28084.4 15958.9 4918.59 1346.58
 142333 42646.4 13141.7 7467.77 2931.7
 106853 70496.7 20905 6441.98 5097.76
 158120 51621.4 30527.9 9052.72 4997.18
 134761 77176 23524.1 13911.7 6402.6
 147361 64589.2 32125.8 9792.31 8456.18
 134779 70166.9 26023.3 12943.6 7352.4
 67471.8 64518.6 29029.7 10766.5 8396.95
 41344 30862 21284.7 9576.91 6322.01
 42091.9 18996.7 10413.2 7181.72 5364.5
 24194.8 18491.9 5127.3 2810.57 3386.28
 19160.3 9682.31 3137.04 869.814 1051.26
 24479 7819.93 1811.48 586.913 359.416
 20799.7 11268.4 2662.88 616.854 322.249
 23823.8 9797.1 4301.62 1016.53 358.495
 27287 11424 4088.17 1795 573.778
 46961.5 13161 4907 1756.01 1017.47
 58531.9 22631.3 5629.36 2098.87 1186.3
 75862.7 28655.6 10470.6 2604.48 1519.91
 124249 36964.6 12948.5 4731.29 1863.67
 151552 60326.2 16409.9 5748.28 2927.73
 71787.1 73657.7 26917.8 7322.16 3871.28
pred_Ctot
 3472.32 3885.65 1444.27 170.148 0.0857487
 3168.37 5417.13 1047.73 389.435 45.902
 2734.15 8963.06 2762.44 534.285 221.998
 742.452 1169.23 664.414 204.774 56.0618
 266.15 395.018 121.727 69.1713 27.1553
 2088.92 6539.01 1939.07 597.534 472.849
 1948.28 3071.41 1816.37 538.625 297.326
 3382.8 9068.78 2764.27 1634.74 752.356
 4370.58 8869.01 4411.32 1344.62 1161.15
 3498.9 8509.23 3155.88 1569.69 891.635
 3846.6 15943.8 7173.82 2660.61 2075.05
 2231.66 7273.61 5016.41 2257.1 1489.98
 3515.4 6456.52 3539.2 2440.89 1823.26
 3420.21 9296.22 2577.58 1412.93 1702.34
 2482.34 4583.8 1485.14 411.787 497.686
 1290.97 1806.03 418.365 135.549 83.008
 772.437 1902.72 449.641 104.159 54.4133
 589.885 1136.5 499.002 117.921 41.5866
 564.731 1118.67 400.325 175.771 56.1858
 999.727 1323.74 493.546 176.619 102.337
 594.85 1116.48 277.715 103.544 58.5239
 1026.04 1866.02 681.833 169.601 98.9751
 1992.63 2836.83 993.725 363.1 143.026
 2320.92 4428.77 1204.71 422.003 214.936
 994.851 4910.73 1794.6 488.166 258.097
F
 0.0660725 0.32879 0.32879 0.32879 0.32879
 0.0479983 0.238849 0.238849 0.238849 0.238849
 0.0648251 0.322583 0.322583 0.322583 0.322583
 0.0119414 0.059423 0.059423 0.059423 0.059423
 0.00260312 0.0129536 0.0129536 0.0129536 0.0129536
 0.0275156 0.136923 0.136923 0.136923 0.136923
 0.0172643 0.0859104 0.0859104 0.0859104 0.0859104
 0.0354545 0.176429 0.176429 0.176429 0.176429
 0.0420111 0.209056 0.209056 0.209056 0.209056
 0.036686 0.182557 0.182557 0.182557 0.182557
 0.0821842 0.408965 0.408965 0.408965 0.408965
 0.0776594 0.386449 0.386449 0.386449 0.386449
 0.122521 0.609688 0.609688 0.609688 0.609688
 0.215838 1.07406 1.07406 1.07406 1.07406
 0.196165 0.976158 0.976158 0.976158 0.976158
 0.075814 0.377266 0.377266 0.377266 0.377266
 0.0528539 0.263011 0.263011 0.263011 0.263011
 0.034964 0.173988 0.173988 0.173988 0.173988
 0.0291501 0.145057 0.145057 0.145057 0.145057
 0.0299954 0.149263 0.149263 0.149263 0.149263
 0.0142205 0.0707639 0.0707639 0.0707639 0.0707639
 0.0189647 0.094372 0.094372 0.094372 0.094372
 0.0225227 0.112078 0.112078 0.112078 0.112078
 0.0214977 0.106977 0.106977 0.106977 0.106977
 0.0194361 0.096718 0.096718 0.096718 0.096718
YTP_r0W_actual
 11142.3 108036 59221.9 20063.6 11046.6
YTP_p0W_proyectada
 66264 360852 499664 238199 107401
 66264 245380 95630.8 118480 58460.2
CTP_r0_actual
 994.851 4910.73 1794.6 488.166 258.097
CTP_p0_proyectada
 7795.76 16862.2 16014.9 5852.56 2309.69
 7795.76 11466.3 3065.09 2911.06 1257.21
Wmedp
 8.5 21.4 31.2 40.7 46.5
nmprior
 10.6 11 7 0
nm_flota  nm_reclas  nm_pelaces    nm_pelaL
inf 12.6561 21.1175 52.7273
cv_recla  cv_pelaces  cv_mph
0.713076 0.54977 0.48773
 ------------------------------------------------
Talla a la edad & desviaci?n 
 7.2 14.2025 17.0495 18.207 18.6776
 1.08 2.13037 2.55742 2.73105 2.80164
