years
 1997 1998 1999 2000 2001 2002 2003 2004 2005 2006 2007 2008 2009 2010 2011 2012 2013 2014 2015 2016 2017 2018 2019 2020 2021
reclasobs
 0 0 0 370054 412103 1.49427e+06 250295 1.28982e+06 931140 785840 897777 1.04006e+06 184774 17550 25797 100020 73551 82996 120727 218422 84188 347160 605670 569463 516374
reclaspred
 601238 144620 349380 212554 341283 419961 908330 641491 734613 798522 687967 466146 288476 119303 69545.4 67714.4 81364.4 105411 112977 153530 234139 221282 374452 449341 497146
pelacesobs
 0 0 0 0 0 0 0 0 0 2.06254e+06 1.5e+06 0 1.87456e+06 323000 250000 174000 83755 137374 0 501740 490994 745055 786931 1.00524e+06 1.33801e+06
pelacespred
 2.22597e+06 490034 661461 667920 964997 860547 2.47481e+06 1.93481e+06 2.08769e+06 2.26328e+06 1.63031e+06 1.1585e+06 733681 235251 146608 148303 186113 251168 262955 362933 642068 559333 745263 1.07511e+06 1.12968e+06
mphobs
 0 0 0 0 0 112323 0 153150 637223 0 255016 313432 73983 77613 109348 50772 0 0 0 0 0 0 0 0 0
mphpred
 223591 117552 121414 107249 116194 200142 276369 350401 306995 337882 373316 255167 157979 83866.2 35517.2 28278.8 32359 41496.4 50204.1 57203.9 86782.4 107386 132462 182995 235274
desembarqueobs
 350755 77701 442110 56441 14545 235359 269955 359681 431902 328805 639364 411747 362871 311530 167758 66681 60226 58785 57116 73181 50977 67692 138656 160484 209506
desembarquepred
 350753 77693.4 442014 56441.9 14545.1 235416 269999 359602 431869 328766 639108 411678 362830 311497 167521 66664 60240.9 58765.3 57092.2 73168.5 50976.1 67673.7 138646 160481 209496
Reclutas
 35052.9 44549 19452.8 28732 56539.5 37515 74115.6 73222.6 96894.8 122489 63562.5 45669.2 49309.8 26019.2 14585.9 13392.4 9600.6 10654 11977.1 18935.1 24627.5 31313.6 49021.3 53999.1 20088.2
log_desv_Rt
 0.0646124 0.304346 -0.524252 -0.134233 0.542695 0.132497 0.813382 0.801259 1.08138 1.31578 0.659779 0.329179 0.405877 -0.23341 -0.812188 -0.897554 -1.23042 -1.12631 -1.00924 -0.551228 -0.288381 -0.0481919 0.400011 0.496723 -0.49211
SSB
 523064 274998 284034 250896 271821 468208 646533 819722 718179 790433 873328 596933 369573 196195 83088.1 66154.7 75699.9 97075.7 117446 133822 203017 251217 309878 428094 550395
BT
 1.58988e+06 407749 623416 440003 566958 662242 1.63293e+06 1.50493e+06 1.60829e+06 1.61724e+06 1.49023e+06 1.03168e+06 774745 423722 222275 140211 155141 191562 196714 266842 410472 375653 514917 739835 791517
Ftot
 0.605493 0.605471 1.10254 0.277421 0.0509567 0.477871 0.32652 0.592029 0.665719 0.465144 0.829438 0.795428 1.28878 2.33795 2.56884 1.0743 0.785805 0.585421 0.488918 0.51566 0.230698 0.291771 0.353007 0.353152 0.349041
BD_Bspro_t
 0.925271 0.664058 0.570324 0.365362 0.511176 0.696999 0.633265 0.655478 0.588579 0.564955 0.557787 0.391975 0.288136 0.196294 0.104577 0.102566 0.156186 0.252914 0.344278 0.433667 0.565161 0.677732 0.686821 0.689327 0.680478
BD_Bspro
 0.774123 0.406991 0.420364 0.37132 0.402289 0.692937 0.956853 1.21317 1.06289 1.16982 1.29251 0.883447 0.546959 0.290364 0.122968 0.0979075 0.112034 0.14367 0.173818 0.198053 0.30046 0.371796 0.458612 0.633569 0.814571
BD_Bo
 0.615798 0.323752 0.33439 0.295377 0.320012 0.551216 0.761156 0.965049 0.845503 0.930568 1.02816 0.702762 0.435094 0.230978 0.0978187 0.0778832 0.0891206 0.114286 0.138268 0.157547 0.239009 0.295755 0.364816 0.50399 0.647974
BD_Brms
 2.06247 1.08433 1.11996 0.989295 1.0718 1.84617 2.54931 3.2322 2.83181 3.11672 3.44358 2.35374 1.45724 0.773606 0.327621 0.260851 0.298488 0.382774 0.463096 0.527665 0.800505 0.990562 1.22186 1.68799 2.17023
S_f
 0.151147 1 1 1 1
 0.151147 1 1 1 1
 0.151147 1 1 1 1
 0.151147 1 1 1 1
 0.151147 1 1 1 1
 0.151147 1 1 1 1
 0.151147 1 1 1 1
 0.151147 1 1 1 1
 0.151147 1 1 1 1
 0.151147 1 1 1 1
 0.151147 1 1 1 1
 0.151147 1 1 1 1
 0.151147 1 1 1 1
 0.151147 1 1 1 1
 0.151147 1 1 1 1
 0.151147 1 1 1 1
 0.151147 1 1 1 1
 0.151147 1 1 1 1
 0.151147 1 1 1 1
 0.151147 1 1 1 1
 0.151147 1 1 1 1
 0.151147 1 1 1 1
 0.151147 1 1 1 1
 0.151147 1 1 1 1
 0.151147 1 1 1 1
Scru_reclas
 0.685329 1 1 1 1
 0.685329 1 1 1 1
 0.685329 1 1 1 1
 0.685329 1 1 1 1
 0.685329 1 1 1 1
 0.685329 1 1 1 1
 0.685329 1 1 1 1
 0.685329 1 1 1 1
 0.685329 1 1 1 1
 0.685329 1 1 1 1
 0.685329 1 1 1 1
 0.685329 1 1 1 1
 0.685329 1 1 1 1
 0.685329 1 1 1 1
 0.685329 1 1 1 1
 0.685329 1 1 1 1
 0.685329 1 1 1 1
 0.685329 1 1 1 1
 0.685329 1 1 1 1
 0.685329 1 1 1 1
 0.685329 1 1 1 1
 0.685329 1 1 1 1
 0.685329 1 1 1 1
 0.685329 1 1 1 1
 0.685329 1 1 1 1
Scru_pelaces
 0.885256 1 1 1 1
 0.885256 1 1 1 1
 0.885256 1 1 1 1
 0.885256 1 1 1 1
 0.885256 1 1 1 1
 0.885256 1 1 1 1
 0.885256 1 1 1 1
 0.885256 1 1 1 1
 0.885256 1 1 1 1
 0.885256 1 1 1 1
 0.885256 1 1 1 1
 0.885256 1 1 1 1
 0.885256 1 1 1 1
 0.885256 1 1 1 1
 0.885256 1 1 1 1
 0.885256 1 1 1 1
 0.885256 1 1 1 1
 0.885256 1 1 1 1
 0.885256 1 1 1 1
 0.885256 1 1 1 1
 0.885256 1 1 1 1
 0.885256 1 1 1 1
 0.885256 1 1 1 1
 0.885256 1 1 1 1
 0.885256 1 1 1 1
pf_obs 
 0.256992 0.487395 0.22802 0.0275931 0
 0.321318 0.546541 0.124235 0.00734118 0.000564706
 0.182869 0.594174 0.210203 0.0122559 0.00049798
 0.330522 0.361315 0.267642 0.0388342 0.00168674
 0.649043 0.306663 0.0425973 0.00169635 0
 0.582887 0.30429 0.105238 0.00758474 0
 0.465427 0.430635 0.0974691 0.00646863 0
 0.296916 0.608066 0.0921331 0.00288517 0
 0.311714 0.524322 0.152257 0.0117073 0
 0.15457 0.633149 0.183074 0.0267441 0.00246327
 0.131901 0.49318 0.331252 0.0422183 0.00144891
 0.196976 0.569456 0.194076 0.0375587 0.00193317
 0.518974 0.381816 0.0799577 0.0180837 0.00116848
 0.0928022 0.601141 0.25162 0.0475244 0.00691264
 0.122501 0.610282 0.24278 0.0234846 0.000952079
 0.383417 0.481906 0.127806 0.00687128 0
 0.0376549 0.599619 0.316969 0.0457579 0
 0.0361596 0.667082 0.258105 0.0386534 0
 0.158088 0.579412 0.248529 0.0139706 0
 0.0477256 0.309471 0.559284 0.082774 0.000745712
 0.0406174 0.521527 0.379366 0.0568643 0.0016247
 0.151134 0.462217 0.34131 0.0453401 0
 0.294876 0.26143 0.354403 0.0886775 0.000613685
 0.281977 0.475581 0.204845 0.0348837 0.00271318
 0.0841818 0.532909 0.334909 0.0458182 0.00218182
pf_pred 
 0.270811 0.509808 0.195706 0.0236667 8.91299e-06
 0.287285 0.547744 0.115339 0.0442762 0.00535635
 0.141324 0.672153 0.143349 0.0301849 0.0129892
 0.27879 0.474477 0.193137 0.0411899 0.0124057
 0.321768 0.505452 0.11367 0.0462696 0.0128398
 0.155465 0.64421 0.149293 0.0335741 0.0174589
 0.306148 0.420781 0.208297 0.0482721 0.0165009
 0.231446 0.594739 0.105408 0.0521798 0.016226
 0.288008 0.518174 0.149985 0.0265825 0.017251
 0.283777 0.564866 0.110155 0.0318842 0.00931823
 0.147342 0.654142 0.156564 0.0305316 0.0114201
 0.1715 0.526023 0.232054 0.0555405 0.0148822
 0.274853 0.487051 0.151169 0.066688 0.0202382
 0.242383 0.629598 0.085985 0.0266877 0.0153461
 0.308429 0.613044 0.065258 0.00891236 0.00435682
 0.353421 0.599078 0.0421077 0.00448233 0.00091141
 0.22502 0.668632 0.0985345 0.00692575 0.000887146
 0.257188 0.550106 0.166262 0.0245016 0.00194275
 0.251179 0.564531 0.13648 0.0412493 0.00656078
 0.314829 0.505983 0.135089 0.0326588 0.0114406
 0.270641 0.58116 0.109442 0.0292191 0.00953851
 0.246193 0.552478 0.16042 0.0302097 0.0106984
 0.287549 0.50827 0.149648 0.0434524 0.0110806
 0.234 0.58238 0.130996 0.0385687 0.0140548
 0.0873069 0.644314 0.204046 0.0458965 0.0184374
pobs_RECLAS
 0 0 0 0 0
 0 0 0 0 0
 0 0 0 0 0
 0 0 0 0 0
 0.835266 0.146461 0.0176864 0.000547809 3.91292e-05
 0.385257 0.428462 0.181853 0.0044286 0
 0.867414 0.0963971 0.0333333 0.00285562 0
 0.441836 0.489002 0.0689373 0.000224442 0
 0.779404 0.147425 0.0564933 0.0165055 0.000172143
 0.814271 0.122319 0.05973 0.00367925 0
 0.40263 0.566651 0.0304383 0.000280538 0
 0.475488 0.404961 0.113038 0.00651328 0
 0.955842 0.0263864 0.0167828 0.000988607 0
 0.975058 0.0227948 0.00214734 0 0
 0.738997 0.206755 0.0527124 0.00153531 0
 0.850938 0.134255 0.0134407 0.00136685 0
 0.542534 0.407297 0.0501686 0 0
 0.764087 0.199537 0.0359546 0.000420521 0
 0.470689 0.182191 0.310203 0.0369168 0
 0.84361 0.089868 0.0606195 0.00523954 0.000663233
 0.607945 0.314616 0.071237 0.00620181 0
 0.523733 0.453247 0.0230204 0 0
 0.530135 0.295979 0.169645 0.0042399 0
 0.562478 0.366248 0.0663022 0.0049721 0
 0.250443 0.683176 0.0655157 0.000865301 0
ppred_RECLAS
 0.637654 0.253332 0.0972494 0.0117604 4.42901e-06
 0.656357 0.264101 0.0556117 0.0213483 0.00258262
 0.452173 0.428828 0.091455 0.0192577 0.008287
 0.64057 0.236466 0.096254 0.0205279 0.00618265
 0.683217 0.236082 0.053092 0.0216113 0.00599713
 0.462994 0.409627 0.0949292 0.0213484 0.0111014
 0.671218 0.199388 0.098702 0.0228738 0.00781898
 0.58765 0.319094 0.0565544 0.0279959 0.0087057
 0.658483 0.248549 0.0719423 0.0127507 0.00827467
 0.649577 0.276369 0.0538949 0.0155998 0.00455909
 0.455977 0.417364 0.099893 0.0194802 0.00728638
 0.50006 0.317417 0.140028 0.0335147 0.00898032
 0.661068 0.227647 0.0706562 0.0311698 0.00945927
 0.664819 0.278543 0.038041 0.011807 0.00678934
 0.743929 0.226994 0.0241633 0.00330001 0.00161321
 0.731983 0.248327 0.0174543 0.001858 0.000377794
 0.5836 0.359259 0.052943 0.00372123 0.000476667
 0.620851 0.280787 0.0848642 0.0125062 0.000991629
 0.611281 0.293053 0.0708479 0.0214128 0.00340576
 0.683468 0.233752 0.0624078 0.0150876 0.00528531
 0.630347 0.294543 0.0554671 0.0148088 0.00483429
 0.601164 0.292314 0.0848778 0.0159838 0.0056605
 0.651713 0.248472 0.0731565 0.0212421 0.00541686
 0.586142 0.314651 0.0707752 0.020838 0.00759358
 0.30717 0.489102 0.154892 0.0348403 0.0139959
pobs_PELACES
 0 0 0 0 0
 0 0 0 0 0
 0 0 0 0 0
 0 0 0 0 0
 0 0 0 0 0
 0 0 0 0 0
 0 0 0 0 0
 0 0 0 0 0
 0 0 0 0 0
 0 0 0 0 0
 0.450072 0.473896 0.0757376 0.000293798 0
 0 0 0 0 0
 0.463077 0.371075 0.160297 0.00555027 0
 0.529543 0.364841 0.0842815 0.0213345 0
 0.631943 0.363953 0.00410389 0 0
 0.735681 0.248677 0.0153453 0.000297389 0
 0.695825 0.281241 0.0229344 0 0
 0.275771 0.60734 0.115278 0.00161068 0
 0 0 0 0 0
 0.896147 0.0623911 0.0374545 0.00400742 0
 0.803859 0.145111 0.0509908 3.86294e-05 0
 0.739449 0.233085 0.0266225 0.000797448 4.60066e-05
 0.878498 0.100942 0.0204185 0.000141795 0
 0.694673 0.275183 0.0284847 0.00165964 0
 0.469039 0.446079 0.0841089 0.000773354 0
ppred_PELACES
 0.729243 0.189298 0.072668 0.00878776 3.30951e-06
 0.745107 0.195893 0.0412493 0.0158348 0.00191563
 0.592166 0.319244 0.0680844 0.0143365 0.00616931
 0.713312 0.188609 0.0767738 0.0163734 0.00493138
 0.738628 0.194788 0.0438054 0.0178311 0.00494813
 0.560094 0.335559 0.0777643 0.0174882 0.00909406
 0.742908 0.155911 0.0771801 0.0178862 0.00611405
 0.684834 0.243889 0.0432255 0.0213977 0.00665392
 0.750073 0.181892 0.0526484 0.00933112 0.00605553
 0.731737 0.211572 0.0412587 0.0119423 0.00349016
 0.577317 0.324274 0.0776126 0.0151352 0.00566121
 0.61752 0.242841 0.107129 0.0256405 0.00687042
 0.783308 0.145543 0.0451732 0.019928 0.00604767
 0.831421 0.140093 0.0191327 0.00593833 0.00341469
 0.885143 0.101816 0.0108382 0.00148018 0.000723588
 0.826585 0.160674 0.0112934 0.00120218 0.000244443
 0.692891 0.264966 0.0390473 0.00274454 0.000351559
 0.71364 0.21207 0.0640955 0.00944557 0.000748948
 0.69965 0.226431 0.0547417 0.0165449 0.00263151
 0.763177 0.174888 0.0466922 0.0112882 0.00395435
 0.70147 0.237871 0.044795 0.0119595 0.00390416
 0.678748 0.235451 0.0683668 0.0128745 0.00455938
 0.727393 0.19448 0.05726 0.0166263 0.00423981
 0.66884 0.251777 0.0566328 0.0166741 0.00607622
 0.387073 0.432694 0.137029 0.0308222 0.0123818
pobs_pel_tallas
 0 0 0 0 0 0 0 0 0 0 0 0 0 0 0 0 0 0 0 0 0 0 0 0 0 0 0 0 0 0 0 0 0 0 0 0
 0 0 0 0 0 0 0 0 0 0 0 0 0 0 0 0 0 0 0 0 0 0 0 0 0 0 0 0 0 0 0 0 0 0 0 0
 0 0 0 0 0 0 0 0 0 0 0 0 0 0 0 0 0 0 0 0 0 0 0 0 0 0 0 0 0 0 0 0 0 0 0 0
 0 0 0 0 0 0 0 0 0 0 0 0 0 0 0 0 0 0 0 0 0 0 0 0 0 0 0 0 0 0 0 0 0 0 0 0
 0 0 0 0 0 0 0 0 0 0 0 0 0 0 0 0 0 0 0 0 0 0 0 0 0 0 0 0 0 0 0 0 0 0 0 0
 0 0 0 0 0 0 0 0 0 0 0 0 0 0 0 0 0 0 0 0 0 0 0 0 0 0 0 0 0 0 0 0 0 0 0 0
 0 0 0 0 0 0 0 0 0 0 0 0 0 0 0 0 0 0 0 0 0 0 0 0 0 0 0 0 0 0 0 0 0 0 0 0
 0 0 0 0 0 0 0 0 0 0 0 0 0 0 0 0 0 0 0 0 0 0 0 0 0 0 0 0 0 0 0 0 0 0 0 0
 0 0 0 0 0 0 0 0 0 0 0 0 0 0 0 0 0 0 0 0 0 0 0 0 0 0 0 0 0 0 0 0 0 0 0 0
 0 0 0 0 0 0 0 0 0 0 0 0 0 0 0 0 0 0 0 0 0 0 0 0 0 0 0 0 0 0 0 0 0 0 0 0
 0 0 0 0 0 0 0 0 1.78061e-05 0.00172719 0.00360574 0.0105946 0.0120993 0.0124554 0.0147524 0.0171206 0.0266825 0.0428682 0.0675386 0.121331 0.153587 0.119568 0.100827 0.0573624 0.0630603 0.0341343 0.0324427 0.0444173 0.0211091 0.0280891 0.0125444 0.00206551 0 0 0 0
 0 0 0 0 0 0 0 0 0 0 0 0 0 0 0 0 0 0 0 0 0 0 0 0 0 0 0 0 0 0 0 0 0 0 0 0
 0 0 0 0 0 0 0.0133647 0.0140871 0.0187388 0.0205184 0.03894 0.0496705 0.03968 0.0493445 0.0407372 0.0367815 0.0215668 0.0243155 0.0234873 0.0199281 0.019796 0.0243948 0.0301388 0.0376714 0.0412746 0.0863199 0.0771752 0.113111 0.0741005 0.0525337 0.0229764 0.00759418 0.00175318 0 0 0
 0 0 0 0 0 0 0 0 0 0 0.00219441 0.00772107 0.0458388 0.0604681 0.0671733 0.0775358 0.0609151 0.0617685 0.073594 0.0568108 0.0755445 0.0548602 0.0670107 0.0636378 0.0643287 0.046367 0.0373049 0.0286899 0.0247887 0.0153202 0.00654259 0.00121912 0.000365735 0 0 0
 0 0 0 0 0 0 0 0 0 0 0 0 0.000112435 0.00938835 0.0111873 0.0202946 0.0414886 0.0713402 0.111592 0.104902 0.108894 0.110636 0.117776 0.105296 0.107544 0.0401394 0.0192827 0.0124803 0.00416011 0.0028671 0.000618394 0 0 0 0 0
 0 0 0 0 0 0 0 0 0 0 0.00291406 0.0102884 0.027416 0.0768956 0.0749926 0.110853 0.0956884 0.0897413 0.0766577 0.0534642 0.0500743 0.0551293 0.0594112 0.0620874 0.0668451 0.0424026 0.0208742 0.0120726 0.0048766 0.00582813 0.00118941 0.000297354 0 0 0 0
 0 0.00264628 0.0354308 0.0461629 0.0458689 0.0383711 0.0214643 0.0164657 0.0346957 0.0420465 0.0363128 0.0245516 0.0311673 0.0291091 0.0169068 0.0133784 0.00837989 0.0085269 0.0148486 0.0160247 0.0276389 0.0546898 0.0760071 0.122758 0.109233 0.0665981 0.0333725 0.0166128 0.00676272 0.00308733 0.000882094 0 0 0 0 0
 0 0 0 0 0 0 0 0.000805153 0.000690131 0.00759144 0.0133425 0.0154129 0.00931677 0.000345066 0.00356568 0.00563607 0.00851162 0.0253048 0.0502646 0.0516448 0.0657925 0.0565908 0.0611916 0.0827007 0.0866115 0.110766 0.145733 0.0935128 0.0569358 0.0249597 0.0138026 0.00621118 0.00161031 0.00115022 0 0
 0 0 0 0 0 0 0 0 0 0 0 0 0 0 0 0 0 0 0 0 0 0 0 0 0 0 0 0 0 0 0 0 0 0 0 0
 0.00147267 0.00158595 0.00478618 0.00569244 0.00954404 0.0108468 0.00647125 0.017049 0.0510054 0.094081 0.124002 0.0959785 0.0687766 0.0820023 0.061753 0.0591476 0.0492212 0.0479892 0.0443925 0.0268479 0.0217502 0.0140895 0.0121071 0.0120363 0.00920419 0.00665534 0.0049561 0.00860946 0.00930331 0.0156896 0.0114698 0.00855282 0.00243557 0.00046729 0 2.83206e-05
 0 0 0 0 0.000772559 0.00158375 0.000888443 0.00281984 0.00712685 0.0440552 0.0773331 0.111326 0.0921469 0.0852325 0.0710754 0.0886704 0.0786465 0.0553345 0.0373146 0.0185414 0.00753245 0.00457741 0.012979 0.0271748 0.0457355 0.0583668 0.034881 0.0177882 0.00938659 0.00492506 0.0015258 0.00185414 0.000309023 5.79419e-05 3.86279e-05 0
 0 0.00173294 0.00326652 0 0.00397197 0.00683976 0.00946217 0.0152591 0.00757587 0.0136028 0.0228656 0.0392903 0.0559909 0.0764795 0.0681675 0.0726916 0.0566044 0.0477403 0.0527397 0.0444891 0.0609904 0.0582453 0.0661739 0.0445044 0.0529084 0.0360697 0.0280645 0.0235558 0.0158879 0.00826598 0.00280645 0.00217768 0.000904811 0.00058276 9.20147e-05 0
 0 0 0 0 0 0 0 0 0 0 0 0 0 0 0 0 0 0 0 0 0 0 0 0 0 0 0 0 0 0 0 0 0 0 0 0
 0 0 0 0 0 0 0 0 0 0 0 0 0 0 0 0 0 0 0 0 0 0 0 0 0 0 0 0 0 0 0 0 0 0 0 0
 0 0 0 0 0 0 0 0 0 0 0 0 0 0 0 0 0 0 0 0 0 0 0 0 0 0 0 0 0 0 0 0 0 0 0 0
ppred_pel_tallas
 1.01396e-16 3.18189e-05 0.000186748 0.000887711 0.00341773 0.0106579 0.0269209 0.0550839 0.0913085 0.122627 0.133448 0.117724 0.0842999 0.049257 0.024016 0.0107691 0.00605588 0.00579653 0.00748578 0.0100084 0.0128798 0.0157748 0.018379 0.0203948 0.0215959 0.0218742 0.0212593 0.019901 0.0180246 0.0158733 0.0136599 0.0115374 0.00959415 0.00786565 0.00635454 0.00504886
 1.01284e-16 3.25108e-05 0.00019081 0.000907021 0.00349207 0.0108897 0.0275065 0.0562822 0.0932947 0.125294 0.136351 0.120284 0.0861316 0.0503241 0.0245296 0.0109861 0.00615483 0.00586283 0.00754415 0.0100518 0.0128827 0.015698 0.0181729 0.0200061 0.0209761 0.0209905 0.0201038 0.0184968 0.0164255 0.0141585 0.0119225 0.00987138 0.00808102 0.00656481 0.0052981 0.0042417
 1.01852e-16 2.58469e-05 0.000151676 0.000720946 0.0027756 0.00865536 0.021863 0.044736 0.0741604 0.0996121 0.108442 0.0957586 0.0687763 0.0406007 0.0205684 0.0105329 0.00775561 0.008973 0.0121521 0.0163176 0.0209237 0.0254817 0.0294729 0.032407 0.0339234 0.0338727 0.0323469 0.0296449 0.0261898 0.0224257 0.0187284 0.0153536 0.0124285 0.00997577 0.00795341 0.0062935
 1.01945e-16 3.11242e-05 0.00018267 0.000868323 0.00334308 0.0104251 0.0263329 0.0538808 0.0893143 0.119949 0.130535 0.115157 0.0824679 0.0481989 0.0235236 0.010589 0.00601346 0.00580991 0.00753087 0.0100877 0.0130069 0.0159695 0.0186649 0.0207979 0.0221413 0.0225831 0.0221454 0.0209672 0.0192606 0.0172553 0.0151515 0.0130927 0.0111621 0.0093947 0.00779782 0.006368
 1.0153e-16 3.22282e-05 0.000189151 0.000899135 0.00346171 0.010795 0.0272674 0.0557928 0.0924836 0.124205 0.135166 0.119239 0.0853851 0.0498912 0.0243247 0.0109052 0.00612559 0.00585055 0.00753785 0.0100518 0.0128949 0.015732 0.0182413 0.0201234 0.0211574 0.0212489 0.0204486 0.0189312 0.0169456 0.014753 0.0125737 0.0105567 0.00877583 0.00724451 0.00594069 0.00482948
 1.0224e-16 2.44491e-05 0.000143468 0.000681922 0.00262534 0.00818678 0.0206794 0.0423144 0.0701472 0.0942248 0.102585 0.0906072 0.0651202 0.0385305 0.0196828 0.0103464 0.00794779 0.00941266 0.0128217 0.017242 0.0221299 0.0269804 0.0312504 0.0344248 0.0361222 0.0361811 0.034692 0.031961 0.0284242 0.0245401 0.0206974 0.0171609 0.0140639 0.0114325 0.00922818 0.00738667
 1.02047e-16 3.24134e-05 0.000190242 0.000904326 0.00348171 0.0108574 0.0274249 0.0561149 0.0930163 0.124917 0.135932 0.119895 0.0858111 0.0500521 0.0242401 0.0105935 0.00557325 0.00501514 0.00637047 0.00852324 0.0110186 0.0135803 0.0159503 0.0178828 0.019185 0.0197548 0.0195977 0.0188129 0.0175595 0.0160132 0.0143286 0.0126197 0.0109563 0.00937511 0.00789402 0.00652499
 1.0174e-16 2.98846e-05 0.000175387 0.00083369 0.00320971 0.0100092 0.0252824 0.0517319 0.0857539 0.115173 0.125352 0.110618 0.0792899 0.0464881 0.0229612 0.0107948 0.00676497 0.00705628 0.00931228 0.0124536 0.0159608 0.0194376 0.0224852 0.0247313 0.0259036 0.0258914 0.0247676 0.0227615 0.0201952 0.0174042 0.0146693 0.0121778 0.0100183 0.00820018 0.00668585 0.00542088
 1.01411e-16 3.27268e-05 0.00019208 0.000913058 0.00351532 0.0109622 0.0276897 0.0566568 0.0939153 0.126126 0.137253 0.121072 0.0866785 0.0506089 0.0246038 0.0109105 0.00596172 0.00555399 0.00710659 0.00947392 0.0121659 0.0148639 0.0172654 0.0190886 0.0201226 0.0202736 0.0195819 0.0182037 0.016366 0.0143093 0.0122392 0.0102982 0.00856126 0.007049 0.00574907 0.0046362
 1.01229e-16 3.19285e-05 0.00018739 0.000890757 0.00342945 0.0106944 0.0270132 0.055273 0.0916224 0.12305 0.133913 0.118144 0.084623 0.04949 0.0242112 0.0109928 0.00636738 0.00624212 0.0080966 0.0107956 0.0138265 0.0168296 0.0194549 0.0213772 0.022359 0.022303 0.0212725 0.019468 0.0171718 0.0146793 0.0122395 0.0100212 0.00810644 0.0065078 0.00519474 0.00411982
 1.01992e-16 2.51997e-05 0.000147875 0.000702878 0.00270602 0.0084384 0.021315 0.0436148 0.0723022 0.0971174 0.10573 0.0933716 0.0670797 0.039635 0.0201457 0.0104256 0.00781211 0.00912921 0.0123974 0.0166628 0.0213839 0.0260679 0.0301887 0.033247 0.0348733 0.0349105 0.0334454 0.0307739 0.0273187 0.0235247 0.0197704 0.0163154 0.0132918 0.0107281 0.00858897 0.00681317
 1.02802e-16 2.69495e-05 0.000158156 0.000751767 0.00289429 0.00902551 0.0227978 0.0466483 0.0773279 0.103859 0.113045 0.0997759 0.0715579 0.0420347 0.0209121 0.0100883 0.00667622 0.0072554 0.0097172 0.0130959 0.0169185 0.0208081 0.0243716 0.0272292 0.0290853 0.02979 0.029363 0.0279733 0.0258832 0.0233786 0.0207101 0.0180587 0.0155317 0.0131791 0.0110177 0.00905297
 1.01657e-16 3.41745e-05 0.000200582 0.000953489 0.003671 0.0114477 0.0289159 0.0591656 0.0980724 0.131705 0.143313 0.126393 0.0904326 0.0526895 0.0254075 0.0109138 0.00546394 0.00465521 0.00579258 0.00769918 0.00990523 0.0121401 0.0141609 0.0157426 0.0167153 0.0169996 0.0166204 0.0156926 0.0143851 0.0128775 0.0113222 0.00982418 0.00843814 0.00718041 0.00604587 0.00502321
 1.00681e-16 3.62722e-05 0.000212898 0.00101204 0.00389645 0.0121507 0.0306917 0.062799 0.104095 0.139791 0.152107 0.134137 0.0959503 0.0558562 0.0268436 0.0113721 0.00545572 0.00440967 0.00536435 0.00706662 0.00902111 0.0109519 0.0126202 0.0138109 0.0143698 0.0142378 0.0134639 0.0121886 0.0106067 0.00892031 0.00729826 0.00585293 0.00463624 0.00365099 0.00286965 0.00225276
 1.00272e-16 3.86131e-05 0.000226645 0.0010774 0.00414812 0.0129356 0.0326741 0.0668548 0.110816 0.148813 0.161912 0.142757 0.102056 0.0592888 0.0282653 0.011582 0.00497328 0.00343599 0.00391253 0.00508631 0.00647105 0.00783536 0.00899924 0.00980553 0.0101431 0.00997151 0.00933021 0.00832649 0.00710764 0.00582618 0.00460974 0.00354333 0.00266597 0.00197882 0.00145897 0.0010733
 1.00266e-16 3.60622e-05 0.000211663 0.00100617 0.00387382 0.0120802 0.0305135 0.0624344 0.103491 0.138982 0.151232 0.133377 0.0954306 0.0556029 0.0268136 0.0115162 0.00575495 0.00487598 0.00602312 0.00793759 0.0101032 0.0122132 0.0139937 0.0151992 0.0156565 0.0153055 0.0142139 0.0125572 0.010574 0.00851074 0.00657273 0.00489577 0.00354057 0.00250574 0.00175014 0.00121558
 1.00752e-16 3.02367e-05 0.000177453 0.000843505 0.0032475 0.010127 0.0255801 0.0523411 0.0867642 0.116531 0.126834 0.111935 0.0802534 0.0470923 0.0233321 0.0110889 0.00710573 0.00752349 0.00995289 0.0132877 0.0169789 0.0205939 0.023695 0.0258757 0.0268431 0.0264856 0.0248981 0.0223515 0.0192214 0.0158993 0.0127152 0.00989164 0.00753536 0.00565703 0.00420607 0.00310514
 1.01339e-16 3.11394e-05 0.000182757 0.000868732 0.00334465 0.0104299 0.0263453 0.0539063 0.0893572 0.120009 0.130605 0.115231 0.0825463 0.0482966 0.0236674 0.010815 0.00636317 0.00632584 0.00824955 0.0110295 0.0141646 0.0172991 0.0200818 0.0221828 0.0233551 0.0234881 0.0226287 0.0209602 0.0187495 0.016281 0.0137996 0.0114771 0.00940646 0.00761602 0.00609414 0.00481187
 1.01543e-16 3.053e-05 0.000179178 0.000851714 0.00327911 0.0102256 0.0258291 0.0528503 0.0876072 0.11766 0.128053 0.112989 0.080963 0.0474149 0.0233184 0.0107952 0.00654263 0.00665746 0.0087336 0.0116793 0.014986 0.0182798 0.0211883 0.0233624 0.0245438 0.0246213 0.0236531 0.0218426 0.0194808 0.0168743 0.0142834 0.0118865 0.00977419 0.00796656 0.00644064 0.00515669
 1.01293e-16 3.32979e-05 0.000195433 0.000929003 0.00357672 0.0111537 0.0281733 0.0576462 0.095555 0.128328 0.139645 0.123176 0.0881716 0.0514532 0.0249629 0.0109821 0.00587582 0.00536313 0.00681677 0.00907402 0.0116443 0.0142162 0.0164983 0.0182197 0.0191791 0.0192884 0.018589 0.0172342 0.0154448 0.0134544 0.0114619 0.00960441 0.00795289 0.00652503 0.00530633 0.0042697
 1.01307e-16 3.06097e-05 0.000179645 0.000853933 0.00328766 0.0102522 0.0258964 0.0529881 0.0878359 0.117968 0.128391 0.113292 0.0811915 0.0475716 0.0234377 0.0109204 0.00671139 0.00689777 0.00906427 0.0121083 0.0155067 0.0188671 0.021798 0.0239343 0.0250094 0.0249153 0.0237251 0.0216663 0.0190588 0.0162369 0.0134827 0.0109867 0.00884143 0.0070601 0.00560683 0.00442615
 1.01703e-16 2.96189e-05 0.000173828 0.000826279 0.00318118 0.00992019 0.0250577 0.051272 0.0849915 0.114149 0.124236 0.109631 0.0785781 0.0460619 0.0227346 0.010663 0.00665169 0.00692112 0.00914004 0.0122457 0.0157329 0.0192191 0.0223182 0.0246652 0.0259873 0.0261628 0.0252441 0.0234344 0.0210285 0.0183393 0.015635 0.013102 0.0108392 0.00887448 0.00719263 0.00576086
 1.01646e-16 3.17384e-05 0.000186275 0.000885462 0.00340907 0.0106308 0.0268527 0.0549444 0.0910773 0.122317 0.133112 0.11743 0.0840948 0.0491481 0.0239832 0.0107881 0.00611228 0.0058865 0.00761006 0.0101666 0.0130664 0.0159776 0.0185792 0.0205701 0.0217243 0.0219398 0.021257 0.0198393 0.0179248 0.0157664 0.0135801 0.0115157 0.00965199 0.00801174 0.00658404 0.00534546
 1.01743e-16 2.91875e-05 0.000171294 0.000814229 0.00313478 0.00977548 0.0246922 0.0505243 0.0837526 0.112486 0.122431 0.108049 0.0774672 0.0454569 0.0225217 0.0107058 0.00686784 0.00728741 0.00966544 0.0129442 0.0166059 0.0202459 0.0234524 0.0258387 0.027119 0.0271728 0.026068 0.0240342 0.0213978 0.018502 0.0156365 0.0129987 0.0106868 0.00871907 0.00706598 0.0056793
 1.03724e-16 1.69087e-05 9.91896e-05 0.000471397 0.00181473 0.0056589 0.0142943 0.0292509 0.0484972 0.0651626 0.0709949 0.0628248 0.0454134 0.0273948 0.0149629 0.00943736 0.00913761 0.0120134 0.0167579 0.0226607 0.0291801 0.0357074 0.0415518 0.046045 0.0486816 0.0492293 0.0477723 0.0446677 0.0404398 0.0356473 0.0307696 0.0261411 0.0219415 0.018227 0.01498 0.0121547
pSPR Fmed_Fpbrs
0.492651   0.348573 0.348573
Fs Fmed_Fpbrs
0.548718   1.005 1.005
SSBpbr Bo_Bmed_Bpbrs
849410  375992  253611 253611
Ro
32859.6
SPR SPRFo_SPRFmed_SPRFpbrs
675686 332878 235526
log_Ro
10.22
likeval ReclasPelacesDesembMPH_pf_preclas_ppelaces_ptallas_desvR_qrecl_qpela
 64.5333 14.4622 0.0147571 0.000196406 315.225 188.734 79.1669 0 16.6298 3.85134e-06 7.11028e-05 0 0 0 0
q_reclas_q_pelaces
0.757227 3.31897
M
0.7
N
 35052.9 12340.6 4737.32 572.886 0.215751
 44549 15884.4 3344.79 1284 155.333
 19452.8 20187.7 4305.39 906.587 390.124
 28732 8177.17 3328.54 709.87 213.801
 56539.5 13682 3076.91 1252.46 347.559
 37515 27861.3 6456.73 1452.04 755.075
 74115.6 17331.3 8579.43 1988.25 679.645
 73222.6 35032.4 6208.95 3073.59 955.775
 96894.8 33248.9 9623.85 1705.68 1106.92
 122489 43510.6 8485.01 2455.98 717.766
 63562.5 56696.9 13570 2646.29 989.821
 45669.2 27845.1 12283.8 2940.04 787.79
 49309.8 20109.6 6241.55 2753.44 835.602
 26019.2 20152.5 2752.24 854.232 491.205
 14585.9 9074.43 965.965 131.923 64.4907
 13392.4 4912.51 345.288 36.7556 7.47367
 9600.6 5653.72 833.173 58.5617 7.5014
 10654 4233.6 1279.55 188.564 14.9514
 11977.1 4842.59 1170.74 353.839 56.2789
 18935.1 5524 1474.81 356.548 124.902
 24627.5 8697.85 1637.94 437.303 142.757
 31313.6 11810.6 3429.37 645.806 228.705
 49021.3 14879 4380.77 1272.02 324.373
 53999.1 23078.5 5191.1 1528.39 556.961
 20088.2 25421.4 8050.61 1810.84 727.447
pred_Ctot
 2216.33 4172.3 1601.67 193.69 0.0729444
 2816.66 5370.3 1130.82 434.102 52.5158
 2168.18 10312.1 2199.23 463.093 199.279
 850.573 1447.6 589.251 125.668 37.8491
 312.107 490.275 110.257 44.8803 12.4543
 1887.84 7822.8 1812.9 407.699 212.007
 2574.03 3537.84 1751.32 405.861 138.736
 4530.8 11642.6 2063.48 1021.47 317.641
 6709.29 12071.1 3493.98 619.253 401.871
 6004.82 11952.8 2330.91 674.68 197.177
 5425.21 24085.9 5764.79 1124.19 420.495
 3746.46 11491.1 5069.26 1213.29 325.104
 6347.49 11248 3491.12 1540.1 467.382
 5684.45 14765.6 2016.55 625.89 359.903
 3451.26 6859.85 730.225 99.7277 48.752
 1457.13 2469.95 173.607 18.4803 3.75767
 778.543 2313.39 340.918 23.9623 3.06942
 652.161 1394.92 421.597 62.1296 4.92632
 616.202 1384.93 334.818 101.194 16.0952
 1025.65 1648.39 440.092 106.396 37.2714
 608.16 1305.93 245.928 65.6585 21.4341
 974.023 2185.79 634.676 119.52 42.3266
 1837.39 3247.76 956.222 277.653 70.8033
 2024.77 5039.27 1133.5 333.73 121.614
 744.672 5495.58 1740.38 391.467 157.259
F
 0.0915184 0.605493 0.605493 0.605493 0.605493
 0.0915151 0.605471 0.605471 0.605471 0.605471
 0.166646 1.10254 1.10254 1.10254 1.10254
 0.0419313 0.277421 0.277421 0.277421 0.277421
 0.00770196 0.0509567 0.0509567 0.0509567 0.0509567
 0.0722288 0.477871 0.477871 0.477871 0.477871
 0.0493526 0.32652 0.32652 0.32652 0.32652
 0.0894835 0.592029 0.592029 0.592029 0.592029
 0.100621 0.665719 0.665719 0.665719 0.665719
 0.0703051 0.465144 0.465144 0.465144 0.465144
 0.125367 0.829438 0.829438 0.829438 0.829438
 0.120227 0.795428 0.795428 0.795428 0.795428
 0.194795 1.28878 1.28878 1.28878 1.28878
 0.353375 2.33795 2.33795 2.33795 2.33795
 0.388272 2.56884 2.56884 2.56884 2.56884
 0.162377 1.0743 1.0743 1.0743 1.0743
 0.118772 0.785805 0.785805 0.785805 0.785805
 0.0884846 0.585421 0.585421 0.585421 0.585421
 0.0738985 0.488918 0.488918 0.488918 0.488918
 0.0779405 0.51566 0.51566 0.51566 0.51566
 0.0348694 0.230698 0.230698 0.230698 0.230698
 0.0441003 0.291771 0.291771 0.291771 0.291771
 0.053356 0.353007 0.353007 0.353007 0.353007
 0.0533779 0.353152 0.353152 0.353152 0.353152
 0.0527565 0.349041 0.349041 0.349041 0.349041
YTP_r0W_actual
 8340.32 120903 57432.5 16089.3 6730.69
YTP_p0W_proyectada
 20398.8 97668.3 133991 55353.7 19207.9
 20398.8 103349 25883.5 31772 13585.2
CTP_r0_actual
 744.672 5495.58 1740.38 391.467 157.259
CTP_p0_proyectada
 2399.86 4563.94 4294.59 1360.04 413.072
 2399.86 4829.41 829.598 780.639 292.155
Wmedp
 8.5 21.4 31.2 40.7 46.5
nmprior
 10.6 11 7 0
nm_flota  nm_reclas  nm_pelaces    nm_pelaL
inf 22.5676 16.6397 38.6801
cv_recla  cv_pelaces  cv_mph
0.726636 0.43121 0.45469
 ------------------------------------------------
Talla a la edad & desviaci?n 
 7.2 14.2025 17.0495 18.207 18.6776
 1.08 2.13037 2.55742 2.73105 2.80164
