years
 1997 1998 1999 2000 2001 2002 2003 2004 2005 2006 2007 2008 2009 2010 2011 2012 2013 2014 2015 2016 2017 2018 2019 2020 2021
reclasobs
 0 0 0 370054 412103 1.49427e+06 250295 1.28982e+06 931140 785840 897777 1.04006e+06 184774 17550 25797 100020 73551 82996 120727 218422 84188 347160 605670 569463 516374
reclaspred
 450523 133330 458352 328652 431828 507964 1.07839e+06 675956 693910 574046 436486 290836 177453 85215.3 63144.9 66821.6 85995.8 120260 128889 183261 259643 236208 411886 529815 635720
pelacesobs
 0 0 0 0 0 0 0 0 0 2.06254e+06 1.5e+06 0 1.87456e+06 323000 250000 174000 83755 137374 0 501740 490994 745055 786931 1.00524e+06 1.33801e+06
pelacespred
 1.86049e+06 497456 1.0106e+06 1.11486e+06 1.23821e+06 1.23811e+06 2.85606e+06 2.34145e+06 2.07291e+06 1.75163e+06 1.20009e+06 820187 496640 202319 147000 164950 220674 310564 344613 474950 743007 664529 911663 1.39024e+06 1.67543e+06
mphobs
 0 0 0 0 0 112323 0 153150 637223 0 255016 313432 73983 77613 109348 50772 0 0 0 0 0 0 0 0 0
mphpred
 162136 112857 149727 206034 196447 278264 417441 472542 380636 351789 300195 207101 127626 67610.4 34591.5 31154.5 38692.7 54838.6 69341.7 80399.2 118079 137035 171808 246962 344845
desembarqueobs
 350755 77701 442110 56441 14545 235359 269955 359681 431902 328805 639364 411747 362871 311530 167758 66681 60226 58785 57116 73181 50977 67692 138656 160484 209506
desembarquepred
 350766 77705 442157 56442.8 14545.1 235394 269982 359718 431986 328877 639799 412121 363387 312162 167866 66699.4 60246.7 58789.4 57115.6 73184.9 50978.6 67690.3 138662 160492 209510
Reclutas
 80721.1 100921 65405.2 93926.6 153448 115063 169425 142392 153441 137667 68223.5 41450.7 42319 24684.2 19994.2 26155.6 22433.5 25684.4 29516.4 50920.4 63456.3 82187.5 134742 164532 77789.9
log_desv_Rt
 0.178756 0.402091 -0.0316433 0.330269 0.821117 0.533236 0.920164 0.746343 0.821068 0.71259 0.0105436 -0.48774 -0.467009 -1.00608 -1.2168 -0.94818 -1.10169 -0.966359 -0.8273 -0.281982 -0.0618933 0.196759 0.691116 0.89086 0.141767
SSB
 965196 671835 891325 1.22652e+06 1.16945e+06 1.6565e+06 2.48503e+06 2.81304e+06 2.26592e+06 2.0942e+06 1.78706e+06 1.23287e+06 759757 402484 205923 185463 230337 326454 412790 478616 702924 815769 1.02277e+06 1.47017e+06 2.05286e+06
BT
 3.3254e+06 935519 1.88205e+06 1.86531e+06 2.0179e+06 2.18995e+06 4.81631e+06 4.20457e+06 3.75747e+06 3.15894e+06 2.53189e+06 1.71186e+06 1.16353e+06 630057 382503 322839 407427 550401 607265 829823 1.2465e+06 1.13924e+06 1.57231e+06 2.38459e+06 2.87599e+06
Ftot
 0.302894 0.218093 0.292042 0.0534958 0.0117802 0.125337 0.078549 0.161822 0.192342 0.169686 0.383701 0.361943 0.567251 0.983739 0.866182 0.334392 0.235846 0.156511 0.13122 0.135061 0.0642855 0.0859536 0.10206 0.0973505 0.0880379
BD_Bspro_t
 0.963692 0.828731 0.809803 0.729987 0.812791 0.890664 0.868761 0.869865 0.8224 0.779678 0.732889 0.585916 0.473365 0.359963 0.244311 0.26627 0.392156 0.563741 0.671481 0.747026 0.824984 0.877225 0.881499 0.885592 0.889388
BD_Bspro
 0.69531 0.483977 0.642094 0.883564 0.842447 1.19332 1.79017 2.02646 1.63233 1.50862 1.28736 0.888138 0.547315 0.289942 0.148343 0.133604 0.165931 0.235171 0.297367 0.344786 0.506373 0.587665 0.736787 1.05908 1.47884
BD_Bo
 0.601722 0.418835 0.555669 0.764638 0.729055 1.0327 1.54921 1.7537 1.41262 1.30556 1.11409 0.768596 0.473647 0.250917 0.128376 0.115621 0.143597 0.203518 0.257342 0.298379 0.438216 0.508566 0.637617 0.91653 1.27979
BD_Brms
 2.13448 1.48573 1.97112 2.71239 2.58617 3.66327 5.49551 6.22088 5.01097 4.6312 3.95198 2.72643 1.68016 0.890073 0.455388 0.410141 0.509379 0.721935 0.912864 1.05843 1.55448 1.80403 2.26181 3.25119 4.5398
S_f
 0.205501 1 1 1 1
 0.205501 1 1 1 1
 0.205501 1 1 1 1
 0.205501 1 1 1 1
 0.205501 1 1 1 1
 0.205501 1 1 1 1
 0.205501 1 1 1 1
 0.205501 1 1 1 1
 0.205501 1 1 1 1
 0.205501 1 1 1 1
 0.205501 1 1 1 1
 0.205501 1 1 1 1
 0.205501 1 1 1 1
 0.205501 1 1 1 1
 0.205501 1 1 1 1
 0.205501 1 1 1 1
 0.205501 1 1 1 1
 0.205501 1 1 1 1
 0.205501 1 1 1 1
 0.205501 1 1 1 1
 0.205501 1 1 1 1
 0.205501 1 1 1 1
 0.205501 1 1 1 1
 0.205501 1 1 1 1
 0.205501 1 1 1 1
Scru_reclas
 1 1 1 1 1
 1 1 1 1 1
 1 1 1 1 1
 1 1 1 1 1
 1 1 1 1 1
 1 1 1 1 1
 1 1 1 1 1
 1 1 1 1 1
 1 1 1 1 1
 1 1 1 1 1
 1 1 1 1 1
 1 1 1 1 1
 1 1 1 1 1
 1 1 1 1 1
 1 1 1 1 1
 1 1 1 1 1
 1 1 1 1 1
 1 1 1 1 1
 1 1 1 1 1
 1 1 1 1 1
 1 1 1 1 1
 1 1 1 1 1
 1 1 1 1 1
 1 1 1 1 1
 1 1 1 1 1
Scru_pelaces
 0.99155 1 1 1 1
 0.99155 1 1 1 1
 0.99155 1 1 1 1
 0.99155 1 1 1 1
 0.99155 1 1 1 1
 0.99155 1 1 1 1
 0.99155 1 1 1 1
 0.99155 1 1 1 1
 0.99155 1 1 1 1
 0.99155 1 1 1 1
 0.99155 1 1 1 1
 0.99155 1 1 1 1
 0.99155 1 1 1 1
 0.99155 1 1 1 1
 0.99155 1 1 1 1
 0.99155 1 1 1 1
 0.99155 1 1 1 1
 0.99155 1 1 1 1
 0.99155 1 1 1 1
 0.99155 1 1 1 1
 0.99155 1 1 1 1
 0.99155 1 1 1 1
 0.99155 1 1 1 1
 0.99155 1 1 1 1
 0.99155 1 1 1 1
pf_obs 
 0.256992 0.487395 0.22802 0.0275931 0
 0.321318 0.546541 0.124235 0.00734118 0.000564706
 0.182869 0.594174 0.210203 0.0122559 0.00049798
 0.330522 0.361315 0.267642 0.0388342 0.00168674
 0.649043 0.306663 0.0425973 0.00169635 0
 0.582887 0.30429 0.105238 0.00758474 0
 0.465427 0.430635 0.0974691 0.00646863 0
 0.296916 0.608066 0.0921331 0.00288517 0
 0.311714 0.524322 0.152257 0.0117073 0
 0.15457 0.633149 0.183074 0.0267441 0.00246327
 0.131901 0.49318 0.331252 0.0422183 0.00144891
 0.196976 0.569456 0.194076 0.0375587 0.00193317
 0.518974 0.381816 0.0799577 0.0180837 0.00116848
 0.0928022 0.601141 0.25162 0.0475244 0.00691264
 0.122501 0.610282 0.24278 0.0234846 0.000952079
 0.383417 0.481906 0.127806 0.00687128 0
 0.0376549 0.599619 0.316969 0.0457579 0
 0.0361596 0.667082 0.258105 0.0386534 0
 0.158088 0.579412 0.248529 0.0139706 0
 0.0477256 0.309471 0.559284 0.082774 0.000745712
 0.0406174 0.521527 0.379366 0.0568643 0.0016247
 0.151134 0.462217 0.34131 0.0453401 0
 0.294876 0.26143 0.354403 0.0886775 0.000613685
 0.281977 0.475581 0.204845 0.0348837 0.00271318
 0.0841818 0.532909 0.334909 0.0458182 0.00218182
pf_pred 
 0.390711 0.430345 0.160066 0.0188679 9.44245e-06
 0.316869 0.534024 0.105316 0.039172 0.00461973
 0.18102 0.58437 0.183402 0.0361689 0.0150396
 0.261667 0.406981 0.236431 0.0742027 0.0207185
 0.304707 0.443935 0.138552 0.0804904 0.0323149
 0.181353 0.55824 0.166266 0.0518917 0.0422487
 0.255035 0.396893 0.237353 0.070693 0.0400266
 0.19134 0.51194 0.158082 0.0945375 0.0440996
 0.214135 0.434762 0.222274 0.0686361 0.0601933
 0.19491 0.475946 0.182091 0.093095 0.0539576
 0.119139 0.493076 0.229247 0.0877072 0.0708303
 0.119055 0.387312 0.276319 0.12847 0.0888442
 0.193372 0.352439 0.199686 0.142462 0.11204
 0.182174 0.493115 0.141876 0.0803845 0.102451
 0.25552 0.472649 0.163903 0.047157 0.0607713
 0.341539 0.471535 0.118674 0.041153 0.0270988
 0.2352 0.570685 0.139009 0.0349851 0.0201207
 0.246966 0.470467 0.210848 0.051359 0.0203597
 0.244966 0.476646 0.173926 0.077948 0.0265135
 0.324857 0.422702 0.159364 0.0581511 0.0349261
 0.278899 0.514342 0.12945 0.0488044 0.0285045
 0.269567 0.481714 0.177404 0.0446495 0.026665
 0.317793 0.444183 0.156975 0.0578102 0.023239
 0.273002 0.511442 0.140348 0.0495991 0.0256091
 0.118986 0.578115 0.213089 0.0584752 0.031335
pobs_RECLAS
 0 0 0 0 0
 0 0 0 0 0
 0 0 0 0 0
 0 0 0 0 0
 0.835266 0.146461 0.0176864 0.000547809 3.91292e-05
 0.385257 0.428462 0.181853 0.0044286 0
 0.867414 0.0963971 0.0333333 0.00285562 0
 0.441836 0.489002 0.0689373 0.000224442 0
 0.779404 0.147425 0.0564933 0.0165055 0.000172143
 0.814271 0.122319 0.05973 0.00367925 0
 0.40263 0.566651 0.0304383 0.000280538 0
 0.475488 0.404961 0.113038 0.00651328 0
 0.955842 0.0263864 0.0167828 0.000988607 0
 0.975058 0.0227948 0.00214734 0 0
 0.738997 0.206755 0.0527124 0.00153531 0
 0.850938 0.134255 0.0134407 0.00136685 0
 0.542534 0.407297 0.0501686 0 0
 0.764087 0.199537 0.0359546 0.000420521 0
 0.470689 0.182191 0.310203 0.0369168 0
 0.84361 0.089868 0.0606195 0.00523954 0.000663233
 0.607945 0.314616 0.071237 0.00620181 0
 0.523733 0.453247 0.0230204 0 0
 0.530135 0.295979 0.169645 0.0042399 0
 0.562478 0.366248 0.0663022 0.0049721 0
 0.250443 0.683176 0.0655157 0.000865301 0
ppred_RECLAS
 0.760505 0.169157 0.0629178 0.00741646 3.71158e-06
 0.695502 0.238035 0.0469432 0.0174605 0.00205919
 0.522378 0.340799 0.106958 0.0210934 0.00877094
 0.633567 0.201984 0.11734 0.0368266 0.0102825
 0.68089 0.203747 0.0635896 0.0369416 0.0148312
 0.520355 0.327073 0.0974152 0.0304033 0.0247535
 0.625795 0.199364 0.119225 0.03551 0.0201059
 0.537289 0.29293 0.0904539 0.0540938 0.0252336
 0.572584 0.236458 0.12089 0.0373298 0.0327379
 0.543094 0.270109 0.103341 0.0528334 0.0306221
 0.402517 0.334451 0.155497 0.0594913 0.0480438
 0.401934 0.262943 0.187591 0.087217 0.0603156
 0.547969 0.197506 0.111903 0.0798351 0.062787
 0.540507 0.277055 0.0797125 0.0451638 0.0575617
 0.641342 0.227702 0.0789612 0.0227182 0.0292769
 0.72022 0.200356 0.0504246 0.017486 0.0115143
 0.602555 0.296569 0.0722391 0.0181808 0.0104562
 0.616705 0.239468 0.107322 0.0261418 0.0103631
 0.613811 0.243797 0.0889605 0.0398693 0.0135613
 0.702176 0.186466 0.0702999 0.0256521 0.0154069
 0.653733 0.246983 0.0621611 0.0234355 0.0136876
 0.643301 0.23524 0.0866335 0.0218041 0.0130216
 0.694972 0.198603 0.0701864 0.0258481 0.0103906
 0.647416 0.248042 0.0680669 0.0240549 0.01242
 0.397614 0.395281 0.145698 0.0399819 0.0214251
pobs_PELACES
 0 0 0 0 0
 0 0 0 0 0
 0 0 0 0 0
 0 0 0 0 0
 0 0 0 0 0
 0 0 0 0 0
 0 0 0 0 0
 0 0 0 0 0
 0 0 0 0 0
 0 0 0 0 0
 0.450072 0.473896 0.0757376 0.000293798 0
 0 0 0 0 0
 0.463077 0.371075 0.160297 0.00555027 0
 0.529543 0.364841 0.0842815 0.0213345 0
 0.631943 0.363953 0.00410389 0 0
 0.735681 0.248677 0.0153453 0.000297389 0
 0.695825 0.281241 0.0229344 0 0
 0.275771 0.60734 0.115278 0.00161068 0
 0 0 0 0 0
 0.896147 0.0623911 0.0374545 0.00400742 0
 0.803859 0.145111 0.0509908 3.86294e-05 0
 0.739449 0.233085 0.0266225 0.000797448 4.60066e-05
 0.878498 0.100942 0.0204185 0.000141795 0
 0.694673 0.275183 0.0284847 0.00165964 0
 0.469039 0.446079 0.0841089 0.000773354 0
ppred_PELACES
 0.773184 0.160202 0.0595869 0.00702382 3.51508e-06
 0.705716 0.230051 0.0453686 0.0168748 0.00199012
 0.539333 0.328702 0.103161 0.0203446 0.00845959
 0.634852 0.201275 0.116928 0.0366974 0.0102465
 0.679716 0.204497 0.0638235 0.0370775 0.0148857
 0.526436 0.322926 0.0961802 0.0300179 0.0244397
 0.628626 0.197856 0.118323 0.0352413 0.0199538
 0.545716 0.287595 0.0888066 0.0531087 0.024774
 0.582816 0.230797 0.117996 0.0364361 0.0319542
 0.552014 0.264837 0.101323 0.051802 0.0300243
 0.424856 0.321946 0.149683 0.0572671 0.0462475
 0.42287 0.253738 0.181024 0.0841639 0.0582042
 0.582418 0.182454 0.103375 0.0737509 0.0580021
 0.601524 0.240264 0.0691273 0.0391664 0.049918
 0.689933 0.196853 0.0682635 0.0196403 0.0253105
 0.735894 0.189131 0.0475995 0.0165063 0.0108692
 0.615258 0.28709 0.0699301 0.0175997 0.010122
 0.624369 0.23468 0.105176 0.025619 0.0101559
 0.619937 0.239931 0.0875495 0.0392369 0.0133462
 0.707776 0.182959 0.068978 0.0251697 0.0151172
 0.655625 0.245633 0.0618214 0.0233074 0.0136128
 0.646519 0.233118 0.0858521 0.0216074 0.0129041
 0.698832 0.19609 0.0692982 0.025521 0.0102591
 0.651295 0.245313 0.067318 0.0237902 0.0122834
 0.401116 0.392983 0.144851 0.0397495 0.0213005
pobs_pel_tallas
 0 0 0 0 0 0 0 0 0 0 0 0 0 0 0 0 0 0 0 0 0 0 0 0 0 0 0 0 0 0 0 0 0 0 0 0
 0 0 0 0 0 0 0 0 0 0 0 0 0 0 0 0 0 0 0 0 0 0 0 0 0 0 0 0 0 0 0 0 0 0 0 0
 0 0 0 0 0 0 0 0 0 0 0 0 0 0 0 0 0 0 0 0 0 0 0 0 0 0 0 0 0 0 0 0 0 0 0 0
 0 0 0 0 0 0 0 0 0 0 0 0 0 0 0 0 0 0 0 0 0 0 0 0 0 0 0 0 0 0 0 0 0 0 0 0
 0 0 0 0 0 0 0 0 0 0 0 0 0 0 0 0 0 0 0 0 0 0 0 0 0 0 0 0 0 0 0 0 0 0 0 0
 0 0 0 0 0 0 0 0 0 0 0 0 0 0 0 0 0 0 0 0 0 0 0 0 0 0 0 0 0 0 0 0 0 0 0 0
 0 0 0 0 0 0 0 0 0 0 0 0 0 0 0 0 0 0 0 0 0 0 0 0 0 0 0 0 0 0 0 0 0 0 0 0
 0 0 0 0 0 0 0 0 0 0 0 0 0 0 0 0 0 0 0 0 0 0 0 0 0 0 0 0 0 0 0 0 0 0 0 0
 0 0 0 0 0 0 0 0 0 0 0 0 0 0 0 0 0 0 0 0 0 0 0 0 0 0 0 0 0 0 0 0 0 0 0 0
 0 0 0 0 0 0 0 0 0 0 0 0 0 0 0 0 0 0 0 0 0 0 0 0 0 0 0 0 0 0 0 0 0 0 0 0
 0 0 0 0 0 0 0 0 1.78061e-05 0.00172719 0.00360574 0.0105946 0.0120993 0.0124554 0.0147524 0.0171206 0.0266825 0.0428682 0.0675386 0.121331 0.153587 0.119568 0.100827 0.0573624 0.0630603 0.0341343 0.0324427 0.0444173 0.0211091 0.0280891 0.0125444 0.00206551 0 0 0 0
 0 0 0 0 0 0 0 0 0 0 0 0 0 0 0 0 0 0 0 0 0 0 0 0 0 0 0 0 0 0 0 0 0 0 0 0
 0 0 0 0 0 0 0.0133647 0.0140871 0.0187388 0.0205184 0.03894 0.0496705 0.03968 0.0493445 0.0407372 0.0367815 0.0215668 0.0243155 0.0234873 0.0199281 0.019796 0.0243948 0.0301388 0.0376714 0.0412746 0.0863199 0.0771752 0.113111 0.0741005 0.0525337 0.0229764 0.00759418 0.00175318 0 0 0
 0 0 0 0 0 0 0 0 0 0 0.00219441 0.00772107 0.0458388 0.0604681 0.0671733 0.0775358 0.0609151 0.0617685 0.073594 0.0568108 0.0755445 0.0548602 0.0670107 0.0636378 0.0643287 0.046367 0.0373049 0.0286899 0.0247887 0.0153202 0.00654259 0.00121912 0.000365735 0 0 0
 0 0 0 0 0 0 0 0 0 0 0 0 0.000112435 0.00938835 0.0111873 0.0202946 0.0414886 0.0713402 0.111592 0.104902 0.108894 0.110636 0.117776 0.105296 0.107544 0.0401394 0.0192827 0.0124803 0.00416011 0.0028671 0.000618394 0 0 0 0 0
 0 0 0 0 0 0 0 0 0 0 0.00291406 0.0102884 0.027416 0.0768956 0.0749926 0.110853 0.0956884 0.0897413 0.0766577 0.0534642 0.0500743 0.0551293 0.0594112 0.0620874 0.0668451 0.0424026 0.0208742 0.0120726 0.0048766 0.00582813 0.00118941 0.000297354 0 0 0 0
 0 0.00264628 0.0354308 0.0461629 0.0458689 0.0383711 0.0214643 0.0164657 0.0346957 0.0420465 0.0363128 0.0245516 0.0311673 0.0291091 0.0169068 0.0133784 0.00837989 0.0085269 0.0148486 0.0160247 0.0276389 0.0546898 0.0760071 0.122758 0.109233 0.0665981 0.0333725 0.0166128 0.00676272 0.00308733 0.000882094 0 0 0 0 0
 0 0 0 0 0 0 0 0.000805153 0.000690131 0.00759144 0.0133425 0.0154129 0.00931677 0.000345066 0.00356568 0.00563607 0.00851162 0.0253048 0.0502646 0.0516448 0.0657925 0.0565908 0.0611916 0.0827007 0.0866115 0.110766 0.145733 0.0935128 0.0569358 0.0249597 0.0138026 0.00621118 0.00161031 0.00115022 0 0
 0 0 0 0 0 0 0 0 0 0 0 0 0 0 0 0 0 0 0 0 0 0 0 0 0 0 0 0 0 0 0 0 0 0 0 0
 0.00147267 0.00158595 0.00478618 0.00569244 0.00954404 0.0108468 0.00647125 0.017049 0.0510054 0.094081 0.124002 0.0959785 0.0687766 0.0820023 0.061753 0.0591476 0.0492212 0.0479892 0.0443925 0.0268479 0.0217502 0.0140895 0.0121071 0.0120363 0.00920419 0.00665534 0.0049561 0.00860946 0.00930331 0.0156896 0.0114698 0.00855282 0.00243557 0.00046729 0 2.83206e-05
 0 0 0 0 0.000772559 0.00158375 0.000888443 0.00281984 0.00712685 0.0440552 0.0773331 0.111326 0.0921469 0.0852325 0.0710754 0.0886704 0.0786465 0.0553345 0.0373146 0.0185414 0.00753245 0.00457741 0.012979 0.0271748 0.0457355 0.0583668 0.034881 0.0177882 0.00938659 0.00492506 0.0015258 0.00185414 0.000309023 5.79419e-05 3.86279e-05 0
 0 0.00173294 0.00326652 0 0.00397197 0.00683976 0.00946217 0.0152591 0.00757587 0.0136028 0.0228656 0.0392903 0.0559909 0.0764795 0.0681675 0.0726916 0.0566044 0.0477403 0.0527397 0.0444891 0.0609904 0.0582453 0.0661739 0.0445044 0.0529084 0.0360697 0.0280645 0.0235558 0.0158879 0.00826598 0.00280645 0.00217768 0.000904811 0.00058276 9.20147e-05 0
 0 0 0 0 0 0 0 0 0 0 0 0 0 0 0 0 0 0 0 0 0 0 0 0 0 0 0 0 0 0 0 0 0 0 0 0
 0 0 0 0 0 0 0 0 0 0 0 0 0 0 0 0 0 0 0 0 0 0 0 0 0 0 0 0 0 0 0 0 0 0 0 0
 0 0 0 0 0 0 0 0 0 0 0 0 0 0 0 0 0 0 0 0 0 0 0 0 0 0 0 0 0 0 0 0 0 0 0 0
ppred_pel_tallas
 1.0114e-16 3.37337e-05 0.000197993 0.000941175 0.00362359 0.0112998 0.0285424 0.0584015 0.0968065 0.130007 0.141469 0.124776 0.089297 0.0520706 0.0251893 0.0109577 0.00568733 0.00503772 0.00634899 0.00845223 0.0108675 0.0133031 0.0154896 0.0171751 0.0181687 0.0183802 0.0178362 0.0166656 0.0150608 0.0132295 0.0113528 0.0095604 0.00792674 0.00648064 0.00522269 0.00414084
 1.01392e-16 3.07946e-05 0.000180731 0.000859097 0.00330754 0.0103142 0.026053 0.0533085 0.0883667 0.11868 0.129163 0.113969 0.0816656 0.0478272 0.0235224 0.010891 0.006601 0.00671378 0.00880014 0.0117557 0.0150634 0.0183424 0.0212139 0.0233248 0.0244163 0.0243818 0.0232889 0.0213533 0.0188801 0.0161881 0.0135465 0.0111374 0.00904981 0.00729781 0.0058496 0.00465553
 1.02666e-16 2.35436e-05 0.000138152 0.000656651 0.00252804 0.00788336 0.019913 0.0407463 0.0675478 0.090734 0.0987871 0.0872576 0.0627243 0.0371363 0.0190146 0.0100684 0.00782634 0.0093353 0.0127539 0.0171888 0.0221184 0.0270537 0.0314643 0.0348416 0.0368018 0.0371698 0.0360115 0.0336011 0.0303407 0.0266584 0.022922 0.0193882 0.0161953 0.0133861 0.0109459 0.00883746
 1.03466e-16 2.77036e-05 0.000162587 0.000772841 0.00297544 0.0092786 0.0234371 0.0479559 0.0794941 0.106764 0.116196 0.102531 0.0734766 0.0430469 0.021203 0.00987689 0.00608227 0.00629219 0.00834311 0.0112682 0.0146312 0.0181159 0.0213988 0.0241627 0.0261521 0.0272224 0.0273609 0.0266718 0.0253344 0.0235506 0.0215007 0.0193202 0.017098 0.0148894 0.0127345 0.0106711
 1.02943e-16 2.96598e-05 0.000174072 0.000827442 0.00318567 0.00993419 0.025093 0.0513441 0.0851101 0.114305 0.124399 0.109758 0.0786331 0.0460209 0.0225789 0.0103643 0.00616651 0.00619486 0.00811944 0.0108953 0.0140525 0.017258 0.020182 0.0225112 0.0240074 0.0245567 0.024189 0.0230574 0.0213888 0.019423 0.017362 0.015342 0.0134324 0.0116525 0.00999642 0.0084541
 1.03644e-16 2.2981e-05 0.00013485 0.000640952 0.0024676 0.00769487 0.0194369 0.0397721 0.0659329 0.088565 0.0964264 0.0851741 0.0612304 0.0362595 0.0185799 0.00986198 0.00769554 0.00920076 0.012583 0.016973 0.0218639 0.0267808 0.0312076 0.0346492 0.0367316 0.0372832 0.0363652 0.0342393 0.0312879 0.0279153 0.024464 0.0211673 0.018145 0.0154281 0.0129978 0.010821
 1.03888e-16 2.74319e-05 0.000160992 0.000765261 0.00294626 0.0091876 0.0232072 0.0474855 0.0787144 0.105717 0.115057 0.101525 0.0727547 0.0426224 0.0209911 0.00977408 0.00601454 0.00622108 0.00825314 0.0111561 0.0145017 0.0179811 0.0212782 0.0240822 0.0261414 0.0273111 0.0275743 0.0270266 0.0258362 0.0241925 0.0222642 0.0201772 0.0180143 0.0158282 0.0136598 0.011551
 1.04337e-16 2.38202e-05 0.00013978 0.000664399 0.00255788 0.00797644 0.020148 0.0412269 0.0683433 0.0917986 0.0999359 0.0882476 0.0633822 0.0374181 0.0189608 0.00972157 0.0071826 0.00834598 0.0113531 0.0153253 0.0197843 0.0243059 0.0284348 0.0317325 0.0338648 0.0346717 0.0341947 0.032648 0.0303482 0.0276299 0.0247735 0.0219673 0.0193054 0.0168128 0.0144802 0.0122938
 1.04496e-16 2.54357e-05 0.00014927 0.000709524 0.00273165 0.00851833 0.0215167 0.0440269 0.0729828 0.0980237 0.106695 0.0941744 0.0675479 0.0396942 0.0197767 0.00959124 0.006419 0.00703949 0.00947166 0.0128142 0.0166306 0.020574 0.0242788 0.027387 0.0296134 0.0308017 0.0309477 0.0301798 0.0287096 0.0267692 0.0245602 0.0222267 0.0198549 0.0174909 0.0151637 0.0129036
 1.04708e-16 2.40939e-05 0.000141389 0.000672052 0.00258736 0.00806837 0.0203802 0.0417018 0.0691298 0.0928528 0.101078 0.0892421 0.0640665 0.037762 0.0190245 0.00957516 0.00685797 0.00783563 0.0106314 0.0143716 0.0186003 0.0229269 0.0269338 0.0302157 0.0324576 0.0334996 0.0333616 0.0322186 0.0303391 0.02801 0.0254737 0.0228953 0.0203623 0.0179069 0.0155367 0.0132593
 1.06359e-16 1.85516e-05 0.000108845 0.000517325 0.0019916 0.00621049 0.0156875 0.0321005 0.0532174 0.0714915 0.0778548 0.0688112 0.0495581 0.0295306 0.0154721 0.00876782 0.00751339 0.00942196 0.0130693 0.0177545 0.0230394 0.0284799 0.0335749 0.0378291 0.0408507 0.0424293 0.0425683 0.0414556 0.0393935 0.0367096 0.0336848 0.030515 0.0273118 0.0241281 0.0209933 0.0179395
 1.08264e-16 1.84622e-05 0.000108327 0.000514874 0.00198219 0.00618116 0.0156133 0.0319483 0.0529632 0.0711445 0.0774627 0.0684308 0.0492106 0.0291768 0.0150199 0.00809542 0.00648783 0.00791291 0.0109673 0.0149984 0.0196489 0.0245828 0.0294172 0.0337595 0.0372779 0.03976 0.0411385 0.0414743 0.0409098 0.0396124 0.03773 0.035372 0.0326171 0.0295335 0.0262019 0.022727
 1.06772e-16 2.54162e-05 0.00014916 0.000709014 0.0027297 0.00851228 0.0215014 0.0439952 0.0729287 0.0979469 0.106601 0.0940651 0.067413 0.0395014 0.0194707 0.00909673 0.00564523 0.00588894 0.00785504 0.0106726 0.0139611 0.0174522 0.02087 0.0239398 0.0264341 0.0282132 0.0292411 0.0295713 0.0293099 0.0285732 0.0274549 0.0260136 0.024281 0.0222808 0.0200493 0.0176474
 1.04738e-16 2.62516e-05 0.000154059 0.000732295 0.00281932 0.00879173 0.0222073 0.04544 0.0753251 0.101169 0.110118 0.0971939 0.0697092 0.0409549 0.0203861 0.00985277 0.00654329 0.00712639 0.00954811 0.0128676 0.0166244 0.0204532 0.0239758 0.0268305 0.0287421 0.0295795 0.0293764 0.0283071 0.0266266 0.0246007 0.0224463 0.0203019 0.0182283 0.0162323 0.0142975 0.0124113
 1.02891e-16 3.0105e-05 0.000176686 0.000839873 0.00323353 0.0100835 0.02547 0.0521154 0.0863884 0.116021 0.126264 0.111398 0.0797939 0.0466733 0.0228485 0.0104031 0.00607331 0.00600799 0.00784176 0.0105179 0.0135685 0.0166694 0.0195016 0.0217626 0.0232215 0.0237668 0.0234254 0.0223432 0.0207375 0.0188397 0.016845 0.0148868 0.0130338 0.0113069 0.00970181 0.00820965
 1.01813e-16 3.21088e-05 0.000188451 0.000895805 0.00344889 0.010755 0.0271664 0.0555862 0.092141 0.123745 0.134663 0.118794 0.0850611 0.0496915 0.0242083 0.0108211 0.0060349 0.00572925 0.00737297 0.00983859 0.0126368 0.0154423 0.0179435 0.0198498 0.0209452 0.0211347 0.0204626 0.0190917 0.0172565 0.0152031 0.0131392 0.0112052 0.00947097 0.00795052 0.00662582 0.00546836
 1.02164e-16 2.68526e-05 0.000157583 0.000749035 0.00288375 0.00899266 0.0227149 0.0464789 0.0770484 0.103487 0.11265 0.0994497 0.071373 0.0420246 0.0210886 0.0104717 0.00731036 0.00820186 0.0110354 0.0148186 0.019028 0.0232187 0.0269247 0.0297049 0.0312319 0.0313649 0.030177 0.0279245 0.0249744 0.0217128 0.0184668 0.0154594 0.0128031 0.0105212 0.00858377 0.00694058
 1.02925e-16 2.72478e-05 0.000159908 0.000760099 0.00292637 0.00912557 0.0230506 0.0471653 0.0781846 0.105009 0.114294 0.100872 0.0723303 0.042461 0.0210733 0.0100816 0.00656186 0.00705248 0.00942125 0.0126964 0.0164096 0.0201952 0.0236737 0.0264783 0.028323 0.0290615 0.0287105 0.0274299 0.0254689 0.0230997 0.0205599 0.0180214 0.015586 0.0133012 0.0111846 0.00924401
 1.03293e-16 2.70547e-05 0.000158774 0.000754706 0.00290561 0.00906081 0.022887 0.0468307 0.0776301 0.104265 0.113485 0.100161 0.0718281 0.0421806 0.0209607 0.0100714 0.00661123 0.00714401 0.00955133 0.0128643 0.0166113 0.0204205 0.0239069 0.0267006 0.0285167 0.0292153 0.0288238 0.0275146 0.0255487 0.0232052 0.0207227 0.0182665 0.0159265 0.0137359 0.0116979 0.00980923
 1.02611e-16 3.08825e-05 0.000181252 0.000861581 0.00331712 0.0103441 0.0261285 0.0534625 0.0886207 0.119017 0.12952 0.11426 0.0818202 0.0478107 0.023316 0.0104652 0.00590156 0.00566847 0.00733871 0.00983564 0.0126959 0.0156117 0.0182851 0.0204334 0.0218389 0.0223939 0.0221185 0.0211427 0.019664 0.0178941 0.0160136 0.0141479 0.0123654 0.0106912 0.00912842 0.00767518
 1.02395e-16 2.8611e-05 0.00016791 0.000798142 0.00307285 0.00958234 0.0242043 0.0495261 0.0820979 0.110264 0.120012 0.105915 0.0759376 0.0445607 0.0220807 0.0105023 0.00674761 0.00717236 0.00952642 0.0127777 0.0164242 0.020075 0.0233315 0.0258173 0.0272519 0.0275115 0.0266531 0.0248874 0.0225177 0.0198626 0.0171908 0.0146839 0.0124318 0.010453 0.00872432 0.00720956
 1.02641e-16 2.82135e-05 0.000165577 0.000787054 0.00303016 0.00944922 0.0238681 0.0488379 0.080957 0.108731 0.118342 0.104438 0.0748711 0.0439202 0.0217367 0.0102961 0.00656282 0.00694516 0.00922973 0.0124086 0.0160004 0.019636 0.0229373 0.0255426 0.0271755 0.0277021 0.0271549 0.0257101 0.0236326 0.0212064 0.018676 0.0162131 0.0139123 0.0118086 0.00990278 0.00818447
 1.02404e-16 3.0493e-05 0.000178964 0.000850703 0.00327523 0.0102135 0.0257985 0.0527875 0.0875023 0.117517 0.127891 0.112831 0.0808159 0.0472618 0.0231193 0.0104968 0.00608665 0.00598622 0.00779849 0.0104531 0.0134774 0.0165454 0.0193374 0.0215498 0.0229511 0.023429 0.0230107 0.0218431 0.0201463 0.0181559 0.0160735 0.014039 0.0121285 0.0103686 0.00875902 0.00729186
 1.02427e-16 2.84222e-05 0.000166802 0.000792873 0.00305256 0.00951907 0.0240445 0.0491991 0.0815559 0.109536 0.119221 0.105217 0.0754399 0.0442738 0.0219481 0.0104556 0.00674003 0.00718266 0.00954946 0.0128159 0.0164833 0.0201623 0.0234549 0.0259841 0.0274676 0.0277784 0.026969 0.0252452 0.0229055 0.0202649 0.0175899 0.0150625 0.012775 0.0107497 0.0089686 0.00740036
 1.04546e-16 1.75194e-05 0.000102779 0.000488467 0.00188047 0.00586391 0.0148121 0.03031 0.0502517 0.0675152 0.0735452 0.0650512 0.0469569 0.0281944 0.0151623 0.0092056 0.00856115 0.0110913 0.0154456 0.0209166 0.0269992 0.0331437 0.0387265 0.0431401 0.0459185 0.0468356 0.0459447 0.0435413 0.0400694 0.0360055 0.0317594 0.0276187 0.0237419 0.0201877 0.0169581 0.0140374
pSPR Fmed_Fpbrs
0.756341   0.331906 0.331906
Fs Fmed_Fpbrs
0.168297   1.005 1.005
SSBpbr Bo_Bmed_Bpbrs
1.60406e+06  1.13301e+06  452192 452192
Ro
67507.9
SPR SPRFo_SPRFmed_SPRFpbrs
1.38815e+06 1.04992e+06 460736
log_Ro
10.94
likeval ReclasPelacesDesembMPH_pf_preclas_ppelaces_ptallas_desvR_qrecl_qpela
 62.9644 23.9633 0.0408718 0.00022179 320.51 203.344 78.5366 0 16.5852 0.00010964 5.20822e-07 0 0 0 0
q_reclas_q_pelaces
0.226781 1.10813
M
0.7
N
 80721.1 20250.3 7532.09 887.847 0.444324
 100921 37665.9 7428.15 2762.89 325.84
 65405.2 47919.2 15039.2 2965.91 1233.27
 93926.6 30587.3 17769.3 5576.83 1557.13
 153448 46132.6 14398 8364.36 3358.08
 115063 76015.7 22640.5 7066.11 5753.02
 169425 55685.7 33301.6 9918.52 5615.9
 142392 82786.6 25563.7 15287.8 7131.41
 153441 68397.2 34968.4 10797.9 9469.69
 137667 73243.3 28022 14326.4 8303.54
 68223.5 66020.4 30695 11743.6 9483.82
 41450.7 31310 22337.4 10385.4 7182.09
 42319 19108.3 10826.5 7723.91 6074.54
 24684.2 18702.6 5381 3048.79 3885.71
 19994.2 10014.2 3472.68 999.136 1287.59
 26155.6 8309.83 2091.38 725.237 477.561
 22433.5 12125.9 2953.67 743.365 427.526
 25684.4 10613.1 4756.45 1158.59 459.287
 29516.4 12350.8 4506.75 2019.78 687.016
 50920.4 14267.4 5379 1962.77 1178.86
 63456.3 24594.1 6189.9 2333.67 1362.99
 82187.5 31097.9 11452.7 2882.43 1721.41
 134742 40098.5 14170.8 5218.81 2097.9
 164532 65522.1 17980.4 6354.27 3280.84
 77789.9 80085.9 29519.1 8100.53 4340.82
pred_Ctot
 3515.9 3872.56 1440.39 169.787 0.08497
 3189.3 5374.97 1060.01 394.268 46.4978
 2749.41 8875.66 2785.58 549.349 228.427
 738.996 1149.39 667.724 209.562 58.5129
 266.865 388.802 121.345 70.4942 28.3017
 2107.28 6486.63 1931.98 602.97 490.921
 1952.83 3039.06 1817.44 541.304 306.488
 3355.84 8978.71 2772.54 1658.05 773.445
 4286.41 8702.76 4449.32 1373.91 1204.91
 3399.72 8301.68 3176.13 1623.81 941.155
 3737.12 15466.6 7190.94 2751.17 2221.78
 2146 6981.42 4980.74 2315.71 1601.44
 3371.38 6144.68 3481.47 2483.78 1953.39
 3287.32 8898.24 2560.14 1450.54 1848.72
 2368.82 4381.75 1519.48 437.175 563.387
 1254.15 1731.51 435.777 151.117 99.5087
 765.424 1857.21 452.384 113.854 65.4799
 585.734 1115.82 500.074 121.809 48.2875
 565.639 1100.6 401.603 179.986 61.221
 1004.03 1306.44 492.545 179.727 107.946
 599.372 1105.35 278.198 104.884 61.258
 1035.92 1851.18 681.748 171.584 102.471
 2013.64 2814.48 994.64 366.304 147.25
 2346.37 4395.7 1206.25 426.29 220.103
 1004.08 4878.48 1798.18 493.449 264.424
F
 0.0622452 0.302894 0.302894 0.302894 0.302894
 0.0448185 0.218093 0.218093 0.218093 0.218093
 0.060015 0.292042 0.292042 0.292042 0.292042
 0.0109935 0.0534958 0.0534958 0.0534958 0.0534958
 0.00242084 0.0117802 0.0117802 0.0117802 0.0117802
 0.0257568 0.125337 0.125337 0.125337 0.125337
 0.0161419 0.078549 0.078549 0.078549 0.078549
 0.0332547 0.161822 0.161822 0.161822 0.161822
 0.0395264 0.192342 0.192342 0.192342 0.192342
 0.0348707 0.169686 0.169686 0.169686 0.169686
 0.078851 0.383701 0.383701 0.383701 0.383701
 0.0743798 0.361943 0.361943 0.361943 0.361943
 0.116571 0.567251 0.567251 0.567251 0.567251
 0.20216 0.983739 0.983739 0.983739 0.983739
 0.178001 0.866182 0.866182 0.866182 0.866182
 0.0687179 0.334392 0.334392 0.334392 0.334392
 0.0484666 0.235846 0.235846 0.235846 0.235846
 0.0321632 0.156511 0.156511 0.156511 0.156511
 0.0269658 0.13122 0.13122 0.13122 0.13122
 0.0277552 0.135061 0.135061 0.135061 0.135061
 0.0132108 0.0642855 0.0642855 0.0642855 0.0642855
 0.0176636 0.0859536 0.0859536 0.0859536 0.0859536
 0.0209735 0.10206 0.10206 0.10206 0.10206
 0.0200057 0.0973505 0.0973505 0.0973505 0.0973505
 0.0180919 0.0880379 0.0880379 0.0880379 0.0880379
YTP_r0W_actual
 11245.7 107327 59339.8 20280.8 11317.3
YTP_p0W_proyectada
 73184 391552 548006 263495 120178
 73184 264317 103767 129943 64668.5
CTP_r0_actual
 1004.08 4878.48 1798.18 493.449 264.424
CTP_p0_proyectada
 8609.89 18296.8 17564.3 6474.08 2584.48
 8609.89 12351.3 3325.86 3192.71 1390.72
Wmedp
 8.5 21.4 31.2 40.7 46.5
nmprior
 10.6 11 7 0
nm_flota  nm_reclas  nm_pelaces    nm_pelaL
inf 12.2773 21.4028 53.6553
cv_recla  cv_pelaces  cv_mph
0.717749 0.555067 0.48318
 ------------------------------------------------
Talla a la edad & desviaci?n 
 7.2 14.2025 17.0495 18.207 18.6776
 1.08 2.13037 2.55742 2.73105 2.80164
