years
 1997 1998 1999 2000 2001 2002 2003 2004 2005 2006 2007 2008 2009 2010 2011 2012 2013 2014 2015 2016 2017 2018 2019 2020 2021
reclasobs
 0 0 0 370054 412103 1.49427e+06 250295 1.28982e+06 931140 785840 897777 1.04006e+06 184774 17550 25797 100020 73551 82996 120727 218422 84188 347160 605670 569463 516374
reclaspred
 2.17081e+06 357189 624376 186375 260590 350850 697838 634608 671816 854444 914450 690372 383756 147101 81899.2 76796.6 80581.1 108461 132802 135376 202026 218580 356867 399405 366974
pelacesobs
 0 0 0 0 0 0 0 0 0 2.06254e+06 1.5e+06 0 1.87456e+06 323000 250000 174000 83755 137374 0 501740 490994 745055 786931 1.00524e+06 1.33801e+06
pelacespred
 5.02684e+06 1.57011e+06 798894 492745 799196 754043 2.11232e+06 2.04553e+06 1.92009e+06 2.66515e+06 2.35766e+06 1.80254e+06 989517 307718 172651 178807 189048 275219 341706 306692 598794 617283 713184 966254 758676
mphobs
 0 0 0 0 0 112323 0 153150 637223 0 255016 313432 73983 77613 109348 50772 0 0 0 0 0 0 0 0 0
mphpred
 513515 205688 163491 68986.9 54432 143098 161402 287661 257688 284870 384477 277530 172591 96358.9 45957.8 32322.5 29293.4 35456.7 46734.9 44861 57286.2 77985.2 92664.2 125065 137556
desembarqueobs
 350755 77701 442110 56441 14545 235359 269955 359681 431902 328805 639364 411747 362871 311530 167758 66681 60226 58785 57116 73181 50977 67692 138656 160484 209506
desembarquepred
 350733 77664.1 441511 56417.2 14543.4 235201 269895 359116 431413 328512 638195 411054 362150 310945 167222 66602.4 60189.5 58699.1 57032.7 73093.1 50960.1 67620.9 138539 160367 209355
Reclutas
 14011.4 42054.4 3118.46 6913.3 39061.3 14848.9 63687.4 58085.6 67115.9 112430 69764 48363.4 53637.8 29492.9 12403.1 9506.04 7263.92 9037.17 7877.46 9360.54 15796.5 18705.2 29977.4 29771.3 3068.78
log_desv_Rt
 -0.372376 0.726719 -1.87491 -1.0788 0.652887 -0.314316 1.14174 1.04967 1.19418 1.71009 1.23287 0.8665 0.97001 0.371906 -0.494296 -0.760317 -1.02933 -0.810899 -0.948239 -0.775741 -0.252455 -0.0834415 0.388201 0.3813 -1.89097
SSB
 747491 299406 237984 100420 79233.2 208299 234943 418729 375101 414667 559659 403984 251230 140264 66897.9 47049.8 42640.5 51612.1 68029.1 65301.3 83387.9 113518 134885 182050 200231
BT
 1.26654e+06 436984 370480 163450 270823 322267 1.05291e+06 962608 1.02046e+06 1.14729e+06 1.1943e+06 843175 681540 393558 198963 105998 105818 131212 123686 139974 214418 190282 264040 363021 289051
Ftot
 0.452704 0.71542 1.7273 0.910509 0.238838 1.68471 1.51114 1.77002 2.02747 1.35516 1.94445 1.68223 2.77895 4.95303 4.95303 2.43632 2.22146 1.72004 1.22436 1.58622 0.83348 0.916507 1.14622 1.18833 1.41779
BD_Bspro_t
 0.946027 0.67733 0.528395 0.195711 0.254389 0.518307 0.399461 0.49203 0.417214 0.400016 0.436348 0.298234 0.209349 0.141591 0.082112 0.0718855 0.0905321 0.148601 0.229938 0.267171 0.348169 0.485468 0.485183 0.482668 0.429446
BD_Bspro
 1.78781 0.716106 0.569199 0.24018 0.189506 0.4982 0.561926 1.0015 0.897148 0.991781 1.33856 0.966229 0.600879 0.335476 0.160003 0.112531 0.101986 0.123443 0.162709 0.156184 0.199443 0.271507 0.322612 0.435418 0.478903
BD_Bo
 0.997847 0.399686 0.317692 0.134053 0.105771 0.278065 0.313633 0.558974 0.500733 0.553551 0.747104 0.539289 0.335374 0.187242 0.0893039 0.0628081 0.0569221 0.0688985 0.090814 0.0871726 0.111317 0.151539 0.180062 0.243024 0.267294
BD_Brms
 1.81427 0.726702 0.577622 0.243734 0.19231 0.505572 0.570241 1.01632 0.910423 1.00646 1.35837 0.980526 0.60977 0.34044 0.162371 0.114197 0.103495 0.12527 0.165116 0.158496 0.202394 0.275525 0.327386 0.441861 0.485989
S_f
 0.0797622 0.700935 0.984466 0.999417 0.999978
 0.0797622 0.700935 0.984466 0.999417 0.999978
 0.0797622 0.700935 0.984466 0.999417 0.999978
 0.0797622 0.700935 0.984466 0.999417 0.999978
 0.0797622 0.700935 0.984466 0.999417 0.999978
 0.0797622 0.700935 0.984466 0.999417 0.999978
 0.0797622 0.700935 0.984466 0.999417 0.999978
 0.0797622 0.700935 0.984466 0.999417 0.999978
 0.0797622 0.700935 0.984466 0.999417 0.999978
 0.0797622 0.700935 0.984466 0.999417 0.999978
 0.0797622 0.700935 0.984466 0.999417 0.999978
 0.0797622 0.700935 0.984466 0.999417 0.999978
 0.0797622 0.700935 0.984466 0.999417 0.999978
 0.0797622 0.700935 0.984466 0.999417 0.999978
 0.0797622 0.700935 0.984466 0.999417 0.999978
 0.0797622 0.700935 0.984466 0.999417 0.999978
 0.0797622 0.700935 0.984466 0.999417 0.999978
 0.0797622 0.700935 0.984466 0.999417 0.999978
 0.0797622 0.700935 0.984466 0.999417 0.999978
 0.0797622 0.700935 0.984466 0.999417 0.999978
 0.0797622 0.700935 0.984466 0.999417 0.999978
 0.0797622 0.700935 0.984466 0.999417 0.999978
 0.0797622 0.700935 0.984466 0.999417 0.999978
 0.0797622 0.700935 0.984466 0.999417 0.999978
 0.0797622 0.700935 0.984466 0.999417 0.999978
Scru_reclas
 0.172644 0.512232 0.840892 0.963765 0.992585
 0.172644 0.512232 0.840892 0.963765 0.992585
 0.172644 0.512232 0.840892 0.963765 0.992585
 0.172644 0.512232 0.840892 0.963765 0.992585
 0.172644 0.512232 0.840892 0.963765 0.992585
 0.172644 0.512232 0.840892 0.963765 0.992585
 0.172644 0.512232 0.840892 0.963765 0.992585
 0.172644 0.512232 0.840892 0.963765 0.992585
 0.172644 0.512232 0.840892 0.963765 0.992585
 0.172644 0.512232 0.840892 0.963765 0.992585
 0.172644 0.512232 0.840892 0.963765 0.992585
 0.172644 0.512232 0.840892 0.963765 0.992585
 0.172644 0.512232 0.840892 0.963765 0.992585
 0.172644 0.512232 0.840892 0.963765 0.992585
 0.172644 0.512232 0.840892 0.963765 0.992585
 0.172644 0.512232 0.840892 0.963765 0.992585
 0.172644 0.512232 0.840892 0.963765 0.992585
 0.172644 0.512232 0.840892 0.963765 0.992585
 0.172644 0.512232 0.840892 0.963765 0.992585
 0.172644 0.512232 0.840892 0.963765 0.992585
 0.172644 0.512232 0.840892 0.963765 0.992585
 0.172644 0.512232 0.840892 0.963765 0.992585
 0.172644 0.512232 0.840892 0.963765 0.992585
 0.172644 0.512232 0.840892 0.963765 0.992585
 0.172644 0.512232 0.840892 0.963765 0.992585
Scru_pelaces
 0.314882 1 1 1 1
 0.314882 1 1 1 1
 0.314882 1 1 1 1
 0.314882 1 1 1 1
 0.314882 1 1 1 1
 0.314882 1 1 1 1
 0.314882 1 1 1 1
 0.314882 1 1 1 1
 0.314882 1 1 1 1
 0.314882 1 1 1 1
 0.314882 1 1 1 1
 0.314882 1 1 1 1
 0.314882 1 1 1 1
 0.314882 1 1 1 1
 0.314882 1 1 1 1
 0.314882 1 1 1 1
 0.314882 1 1 1 1
 0.314882 1 1 1 1
 0.314882 1 1 1 1
 0.314882 1 1 1 1
 0.314882 1 1 1 1
 0.314882 1 1 1 1
 0.314882 1 1 1 1
 0.314882 1 1 1 1
 0.314882 1 1 1 1
pf_obs 
 0.256992 0.487395 0.22802 0.0275931 0
 0.321318 0.546541 0.124235 0.00734118 0.000564706
 0.182869 0.594174 0.210203 0.0122559 0.00049798
 0.330522 0.361315 0.267642 0.0388342 0.00168674
 0.649043 0.306663 0.0425973 0.00169635 0
 0.582887 0.30429 0.105238 0.00758474 0
 0.465427 0.430635 0.0974691 0.00646863 0
 0.296916 0.608066 0.0921331 0.00288517 0
 0.311714 0.524322 0.152257 0.0117073 0
 0.15457 0.633149 0.183074 0.0267441 0.00246327
 0.131901 0.49318 0.331252 0.0422183 0.00144891
 0.196976 0.569456 0.194076 0.0375587 0.00193317
 0.518974 0.381816 0.0799577 0.0180837 0.00116848
 0.0928022 0.601141 0.25162 0.0475244 0.00691264
 0.122501 0.610282 0.24278 0.0234846 0.000952079
 0.383417 0.481906 0.127806 0.00687128 0
 0.0376549 0.599619 0.316969 0.0457579 0
 0.0361596 0.667082 0.258105 0.0386534 0
 0.158088 0.579412 0.248529 0.0139706 0
 0.0477256 0.309471 0.559284 0.082774 0.000745712
 0.0406174 0.521527 0.379366 0.0568643 0.0016247
 0.151134 0.462217 0.34131 0.0453401 0
 0.294876 0.26143 0.354403 0.0886775 0.000613685
 0.281977 0.475581 0.204845 0.0348837 0.00271318
 0.0841818 0.532909 0.334909 0.0458182 0.00218182
pf_pred 
 0.0515742 0.631415 0.279607 0.0373983 5.17283e-06
 0.219695 0.255666 0.393172 0.11621 0.0152579
 0.0208966 0.76487 0.0933811 0.0910535 0.0297994
 0.150899 0.204811 0.563848 0.0357107 0.0447311
 0.507132 0.341502 0.0516625 0.0875094 0.0121933
 0.107465 0.804229 0.0678076 0.00707476 0.013424
 0.508375 0.311904 0.170042 0.00748818 0.00219083
 0.253871 0.702714 0.0331021 0.00977259 0.000539713
 0.292033 0.592882 0.111583 0.00269085 0.000811001
 0.356284 0.563668 0.0731716 0.00667376 0.000201963
 0.181089 0.719604 0.0920186 0.00667884 0.00061012
 0.179639 0.643757 0.165378 0.0104286 0.000797503
 0.297465 0.549753 0.133712 0.0178932 0.00117622
 0.272271 0.672356 0.0498078 0.00489752 0.000667072
 0.262273 0.711992 0.0252571 0.000433016 4.48159e-05
 0.30431 0.667419 0.0280357 0.000230841 4.04647e-06
 0.242772 0.68013 0.0756875 0.00139913 1.12476e-05
 0.306243 0.59339 0.0953638 0.00491534 8.81317e-05
 0.212501 0.681989 0.0970095 0.00808956 0.000410927
 0.253261 0.572432 0.160099 0.0130914 0.00111685
 0.310144 0.569732 0.103334 0.0154592 0.00133036
 0.230926 0.629247 0.123658 0.0139533 0.0022166
 0.2865 0.542865 0.150263 0.0180651 0.00230744
 0.21783 0.647654 0.113684 0.0184018 0.00243108
 0.0276339 0.74916 0.199318 0.0202705 0.00361782
pobs_RECLAS
 0 0 0 0 0
 0 0 0 0 0
 0 0 0 0 0
 0 0 0 0 0
 0.835266 0.146461 0.0176864 0.000547809 3.91292e-05
 0.385257 0.428462 0.181853 0.0044286 0
 0.867414 0.0963971 0.0333333 0.00285562 0
 0.441836 0.489002 0.0689373 0.000224442 0
 0.779404 0.147425 0.0564933 0.0165055 0.000172143
 0.814271 0.122319 0.05973 0.00367925 0
 0.40263 0.566651 0.0304383 0.000280538 0
 0.475488 0.404961 0.113038 0.00651328 0
 0.955842 0.0263864 0.0167828 0.000988607 0
 0.975058 0.0227948 0.00214734 0 0
 0.738997 0.206755 0.0527124 0.00153531 0
 0.850938 0.134255 0.0134407 0.00136685 0
 0.542534 0.407297 0.0501686 0 0
 0.764087 0.199537 0.0359546 0.000420521 0
 0.470689 0.182191 0.310203 0.0369168 0
 0.84361 0.089868 0.0606195 0.00523954 0.000663233
 0.607945 0.314616 0.071237 0.00620181 0
 0.523733 0.453247 0.0230204 0 0
 0.530135 0.295979 0.169645 0.0042399 0
 0.562478 0.366248 0.0663022 0.0049721 0
 0.250443 0.683176 0.0655157 0.000865301 0
ppred_RECLAS
 0.134477 0.544702 0.278749 0.0420657 5.98888e-06
 0.435059 0.164947 0.290203 0.0967206 0.0130708
 0.0643831 0.706613 0.0929158 0.1018 0.0342874
 0.330995 0.144456 0.450876 0.0321825 0.0414912
 0.73999 0.166616 0.0293137 0.0560423 0.00803767
 0.283303 0.638404 0.0581575 0.00681933 0.0133165
 0.765074 0.143703 0.0857009 0.00424447 0.00127804
 0.531108 0.438915 0.0221969 0.00736185 0.000418419
 0.584525 0.344798 0.0682564 0.00184695 0.000572847
 0.637308 0.313024 0.0449144 0.00460993 0.00014358
 0.427924 0.498546 0.0675123 0.00550048 0.000517099
 0.416339 0.449371 0.124753 0.00884116 0.000695812
 0.615088 0.301424 0.071993 0.0107672 0.000728266
 0.670979 0.309323 0.0175316 0.00189984 0.000266116
 0.657535 0.333232 0.00904408 0.000170884 1.81882e-05
 0.612078 0.371919 0.015854 0.00014617 2.63657e-06
 0.529116 0.421358 0.0485126 0.00100529 8.31631e-06
 0.5924 0.344431 0.059651 0.00345481 6.37495e-05
 0.458103 0.461516 0.0731544 0.00686815 0.000359076
 0.52161 0.358402 0.109079 0.0100282 0.000880476
 0.575069 0.341505 0.0704863 0.0118869 0.00105288
 0.476248 0.417104 0.0929025 0.0118141 0.00193169
 0.551733 0.330255 0.102335 0.0138553 0.00182145
 0.463486 0.433859 0.085046 0.0155009 0.00210768
 0.0822792 0.688697 0.201706 0.0230789 0.00423928
pobs_PELACES
 0 0 0 0 0
 0 0 0 0 0
 0 0 0 0 0
 0 0 0 0 0
 0 0 0 0 0
 0 0 0 0 0
 0 0 0 0 0
 0 0 0 0 0
 0 0 0 0 0
 0 0 0 0 0
 0.450072 0.473896 0.0757376 0.000293798 0
 0 0 0 0 0
 0.463077 0.371075 0.160297 0.00555027 0
 0.529543 0.364841 0.0842815 0.0213345 0
 0.631943 0.363953 0.00410389 0 0
 0.735681 0.248677 0.0153453 0.000297389 0
 0.695825 0.281241 0.0229344 0 0
 0.275771 0.60734 0.115278 0.00161068 0
 0 0 0 0 0
 0.896147 0.0623911 0.0374545 0.00400742 0
 0.803859 0.145111 0.0509908 3.86294e-05 0
 0.739449 0.233085 0.0266225 0.000797448 4.60066e-05
 0.878498 0.100942 0.0204185 0.000141795 0
 0.694673 0.275183 0.0284847 0.00165964 0
 0.469039 0.446079 0.0841089 0.000773354 0
ppred_PELACES
 0.159055 0.628479 0.187792 0.0246712 3.41016e-06
 0.550391 0.192892 0.193342 0.0560248 0.00735037
 0.0951187 0.784225 0.0534425 0.050654 0.0165601
 0.463208 0.179543 0.313487 0.0194357 0.0243258
 0.769707 0.176641 0.0185125 0.0308439 0.00429504
 0.355571 0.607193 0.028781 0.00292012 0.00553499
 0.83571 0.123261 0.0388747 0.00166739 0.000487348
 0.611124 0.376087 0.00981754 0.00281627 0.000155367
 0.685162 0.285494 0.0284784 0.000665659 0.00020039
 0.698476 0.278146 0.0214161 0.00190509 5.75984e-05
 0.526572 0.440787 0.0303124 0.00213423 0.000194743
 0.514302 0.420875 0.0608092 0.00372899 0.000284867
 0.749289 0.222347 0.024943 0.00321051 0.000210738
 0.845265 0.151109 0.00328216 0.000302839 4.11501e-05
 0.834302 0.163962 0.00170539 2.74358e-05 2.83275e-06
 0.712788 0.281349 0.00581652 4.62307e-05 8.09318e-07
 0.636153 0.343901 0.0195927 0.000350382 2.81323e-06
 0.676265 0.295811 0.0265683 0.00133123 2.38436e-05
 0.521533 0.437567 0.0376767 0.00306774 0.000155693
 0.61593 0.32725 0.0523026 0.00416269 0.000354768
 0.621874 0.333208 0.0387509 0.00567844 0.000488287
 0.53022 0.41192 0.0512956 0.00566577 0.00089934
 0.623517 0.315837 0.0535534 0.0062906 0.000802797
 0.530711 0.416788 0.0445307 0.00704022 0.000929271
 0.112755 0.755426 0.118031 0.0117011 0.00208637
pobs_pel_tallas
 0 0 0 0 0 0 0 0 0 0 0 0 0 0 0 0 0 0 0 0 0 0 0 0 0 0 0 0 0 0 0 0 0 0 0 0
 0 0 0 0 0 0 0 0 0 0 0 0 0 0 0 0 0 0 0 0 0 0 0 0 0 0 0 0 0 0 0 0 0 0 0 0
 0 0 0 0 0 0 0 0 0 0 0 0 0 0 0 0 0 0 0 0 0 0 0 0 0 0 0 0 0 0 0 0 0 0 0 0
 0 0 0 0 0 0 0 0 0 0 0 0 0 0 0 0 0 0 0 0 0 0 0 0 0 0 0 0 0 0 0 0 0 0 0 0
 0 0 0 0 0 0 0 0 0 0 0 0 0 0 0 0 0 0 0 0 0 0 0 0 0 0 0 0 0 0 0 0 0 0 0 0
 0 0 0 0 0 0 0 0 0 0 0 0 0 0 0 0 0 0 0 0 0 0 0 0 0 0 0 0 0 0 0 0 0 0 0 0
 0 0 0 0 0 0 0 0 0 0 0 0 0 0 0 0 0 0 0 0 0 0 0 0 0 0 0 0 0 0 0 0 0 0 0 0
 0 0 0 0 0 0 0 0 0 0 0 0 0 0 0 0 0 0 0 0 0 0 0 0 0 0 0 0 0 0 0 0 0 0 0 0
 0 0 0 0 0 0 0 0 0 0 0 0 0 0 0 0 0 0 0 0 0 0 0 0 0 0 0 0 0 0 0 0 0 0 0 0
 0 0 0 0 0 0 0 0 0 0 0 0 0 0 0 0 0 0 0 0 0 0 0 0 0 0 0 0 0 0 0 0 0 0 0 0
 0 0 0 0 0 0 0 0 1.78061e-05 0.00172719 0.00360574 0.0105946 0.0120993 0.0124554 0.0147524 0.0171206 0.0266825 0.0428682 0.0675386 0.121331 0.153587 0.119568 0.100827 0.0573624 0.0630603 0.0341343 0.0324427 0.0444173 0.0211091 0.0280891 0.0125444 0.00206551 0 0 0 0
 0 0 0 0 0 0 0 0 0 0 0 0 0 0 0 0 0 0 0 0 0 0 0 0 0 0 0 0 0 0 0 0 0 0 0 0
 0 0 0 0 0 0 0.0133647 0.0140871 0.0187388 0.0205184 0.03894 0.0496705 0.03968 0.0493445 0.0407372 0.0367815 0.0215668 0.0243155 0.0234873 0.0199281 0.019796 0.0243948 0.0301388 0.0376714 0.0412746 0.0863199 0.0771752 0.113111 0.0741005 0.0525337 0.0229764 0.00759418 0.00175318 0 0 0
 0 0 0 0 0 0 0 0 0 0 0.00219441 0.00772107 0.0458388 0.0604681 0.0671733 0.0775358 0.0609151 0.0617685 0.073594 0.0568108 0.0755445 0.0548602 0.0670107 0.0636378 0.0643287 0.046367 0.0373049 0.0286899 0.0247887 0.0153202 0.00654259 0.00121912 0.000365735 0 0 0
 0 0 0 0 0 0 0 0 0 0 0 0 0.000112435 0.00938835 0.0111873 0.0202946 0.0414886 0.0713402 0.111592 0.104902 0.108894 0.110636 0.117776 0.105296 0.107544 0.0401394 0.0192827 0.0124803 0.00416011 0.0028671 0.000618394 0 0 0 0 0
 0 0 0 0 0 0 0 0 0 0 0.00291406 0.0102884 0.027416 0.0768956 0.0749926 0.110853 0.0956884 0.0897413 0.0766577 0.0534642 0.0500743 0.0551293 0.0594112 0.0620874 0.0668451 0.0424026 0.0208742 0.0120726 0.0048766 0.00582813 0.00118941 0.000297354 0 0 0 0
 0 0.00264628 0.0354308 0.0461629 0.0458689 0.0383711 0.0214643 0.0164657 0.0346957 0.0420465 0.0363128 0.0245516 0.0311673 0.0291091 0.0169068 0.0133784 0.00837989 0.0085269 0.0148486 0.0160247 0.0276389 0.0546898 0.0760071 0.122758 0.109233 0.0665981 0.0333725 0.0166128 0.00676272 0.00308733 0.000882094 0 0 0 0 0
 0 0 0 0 0 0 0 0.000805153 0.000690131 0.00759144 0.0133425 0.0154129 0.00931677 0.000345066 0.00356568 0.00563607 0.00851162 0.0253048 0.0502646 0.0516448 0.0657925 0.0565908 0.0611916 0.0827007 0.0866115 0.110766 0.145733 0.0935128 0.0569358 0.0249597 0.0138026 0.00621118 0.00161031 0.00115022 0 0
 0 0 0 0 0 0 0 0 0 0 0 0 0 0 0 0 0 0 0 0 0 0 0 0 0 0 0 0 0 0 0 0 0 0 0 0
 0.00147267 0.00158595 0.00478618 0.00569244 0.00954404 0.0108468 0.00647125 0.017049 0.0510054 0.094081 0.124002 0.0959785 0.0687766 0.0820023 0.061753 0.0591476 0.0492212 0.0479892 0.0443925 0.0268479 0.0217502 0.0140895 0.0121071 0.0120363 0.00920419 0.00665534 0.0049561 0.00860946 0.00930331 0.0156896 0.0114698 0.00855282 0.00243557 0.00046729 0 2.83206e-05
 0 0 0 0 0.000772559 0.00158375 0.000888443 0.00281984 0.00712685 0.0440552 0.0773331 0.111326 0.0921469 0.0852325 0.0710754 0.0886704 0.0786465 0.0553345 0.0373146 0.0185414 0.00753245 0.00457741 0.012979 0.0271748 0.0457355 0.0583668 0.034881 0.0177882 0.00938659 0.00492506 0.0015258 0.00185414 0.000309023 5.79419e-05 3.86279e-05 0
 0 0.00173294 0.00326652 0 0.00397197 0.00683976 0.00946217 0.0152591 0.00757587 0.0136028 0.0228656 0.0392903 0.0559909 0.0764795 0.0681675 0.0726916 0.0566044 0.0477403 0.0527397 0.0444891 0.0609904 0.0582453 0.0661739 0.0445044 0.0529084 0.0360697 0.0280645 0.0235558 0.0158879 0.00826598 0.00280645 0.00217768 0.000904811 0.00058276 9.20147e-05 0
 0 0 0 0 0 0 0 0 0 0 0 0 0 0 0 0 0 0 0 0 0 0 0 0 0 0 0 0 0 0 0 0 0 0 0 0
 0 0 0 0 0 0 0 0 0 0 0 0 0 0 0 0 0 0 0 0 0 0 0 0 0 0 0 0 0 0 0 0 0 0 0 0
 0 0 0 0 0 0 0 0 0 0 0 0 0 0 0 0 0 0 0 0 0 0 0 0 0 0 0 0 0 0 0 0 0 0 0 0
ppred_pel_tallas
 1.03719e-16 6.97409e-06 4.08465e-05 0.000193986 0.000746557 0.0023278 0.0058805 0.0120371 0.019971 0.0268757 0.0293916 0.0262716 0.0195615 0.0129413 0.0091334 0.00888921 0.0117262 0.0169529 0.0240559 0.0325743 0.0418894 0.0511494 0.0593507 0.0655203 0.0689275 0.0692466 0.0666202 0.0615962 0.0549712 0.0475939 0.0401951 0.0332882 0.0271505 0.0218662 0.0173985 0.0136576
 1.05076e-16 2.40205e-05 0.000140964 0.000670045 0.00257965 0.00804435 0.0203195 0.041577 0.0689211 0.0925671 0.100752 0.0889207 0.0637619 0.0374347 0.0185891 0.0089188 0.00585789 0.00637376 0.00861474 0.0117611 0.0154429 0.01938 0.0232692 0.026796 0.0296843 0.0317423 0.0328861 0.0331322 0.032569 0.0313188 0.0295076 0.0272502 0.0246513 0.0218144 0.0188501 0.0158768
 1.03529e-16 4.19208e-06 2.45004e-05 0.000116245 0.000447184 0.00139418 0.00352246 0.00721347 0.01198 0.0161581 0.0177659 0.0161052 0.0124762 0.00919276 0.00803248 0.00961847 0.0138286 0.0203577 0.0288872 0.0389532 0.0497963 0.0603438 0.0693471 0.0756255 0.0783368 0.0771799 0.0724655 0.0650197 0.0559679 0.0464657 0.0374684 0.0295977 0.0231203 0.0180163 0.0140903 0.0110809
 1.06313e-16 2.02187e-05 0.000118645 0.000563937 0.00217111 0.00677033 0.0171014 0.0349925 0.0580072 0.0779119 0.0848096 0.0748699 0.0537301 0.031634 0.015878 0.00790979 0.00559766 0.00642105 0.00885339 0.0122315 0.0162595 0.0206994 0.0252716 0.0296618 0.0335643 0.0367243 0.0389657 0.0401966 0.0403974 0.0396035 0.0378904 0.0353683 0.032182 0.0285107 0.0245611 0.020551
 1.01581e-16 3.35826e-05 0.000197105 0.00093695 0.00360732 0.0112491 0.0284143 0.0581394 0.0963724 0.129425 0.140839 0.124228 0.0889221 0.0518859 0.0251625 0.0110512 0.00588348 0.00533893 0.00676447 0.00898412 0.0115007 0.0139996 0.0161892 0.0178027 0.0186473 0.0186479 0.0178617 0.0164578 0.0146697 0.0127371 0.0108568 0.00915529 0.00768618 0.00644627 0.00540054 0.00450529
 1.00966e-16 1.55419e-05 9.11499e-05 0.000433141 0.00166737 0.00519934 0.0131337 0.0268775 0.044568 0.0599008 0.0653083 0.0579024 0.0420935 0.0258668 0.0149821 0.0107307 0.0116399 0.0158627 0.0221685 0.0297813 0.0379758 0.0458804 0.0525145 0.0569597 0.0585687 0.057123 0.0528886 0.04654 0.03899 0.0311768 0.0238795 0.0176094 0.0125891 0.00880281 0.00608263 0.00419633
 1.00673e-16 3.64586e-05 0.000213994 0.00101725 0.00391652 0.0122133 0.0308498 0.0631223 0.10463 0.140509 0.152884 0.134814 0.0964153 0.0560887 0.0268842 0.0112684 0.00522928 0.00405622 0.00486832 0.00641733 0.00822488 0.0100395 0.0116484 0.012858 0.013524 0.0135818 0.0130588 0.0120623 0.0107487 0.00928534 0.00781679 0.00644537 0.00522722 0.00418038 0.00329871 0.00256502
 1.00366e-16 2.66758e-05 0.000156537 0.000744045 0.00286451 0.00893264 0.0225634 0.0461695 0.076538 0.102809 0.111931 0.0988612 0.0710509 0.0420358 0.0214637 0.0112603 0.00860894 0.0101409 0.0137411 0.0183639 0.0233846 0.0282206 0.0322563 0.0349226 0.0358211 0.0348215 0.0320952 0.0280679 0.0233132 0.0184191 0.0138735 0.00999503 0.0069206 0.00463645 0.00303245 0.0019574
 1.0053e-16 2.99005e-05 0.000175477 0.000834109 0.00321131 0.0100141 0.0252951 0.051758 0.0857984 0.115236 0.125429 0.110708 0.0794007 0.0466462 0.0232115 0.0111982 0.0073936 0.00798616 0.0106102 0.0141584 0.0180628 0.0218612 0.025082 0.0272895 0.0281732 0.0276216 0.0257485 0.0228594 0.0193725 0.0157209 0.0122675 0.00925439 0.00679307 0.00488672 0.00346904 0.00244342
 1.00463e-16 3.04808e-05 0.000178885 0.000850308 0.00327369 0.0102087 0.0257864 0.0527633 0.0874643 0.117472 0.12786 0.112845 0.0809171 0.047503 0.0235744 0.0112676 0.00730096 0.00778403 0.0103038 0.0137356 0.0175112 0.0211762 0.0242708 0.0263712 0.0271774 0.0265845 0.0247079 0.0218501 0.0184233 0.0148528 0.0114938 0.00858185 0.00622286 0.00441579 0.00309103 0.00214933
 1.00657e-16 2.29916e-05 0.000134901 0.000641174 0.00246841 0.00769739 0.0194433 0.0397862 0.0659595 0.0886103 0.0965009 0.0852997 0.0614506 0.0366499 0.0192556 0.0109798 0.0094473 0.0117921 0.0161948 0.0217073 0.0276853 0.0334689 0.0383402 0.04163 0.0428641 0.0418788 0.0388602 0.0342914 0.0288291 0.0231507 0.0178211 0.013214 0.00949659 0.00666492 0.00460543 0.00315721
 1.01142e-16 2.24558e-05 0.000131758 0.000626232 0.00241089 0.00751801 0.0189902 0.0388589 0.064422 0.0865444 0.0942497 0.0833066 0.060008 0.0357762 0.0187733 0.0106705 0.00914858 0.0114118 0.0156905 0.0210711 0.0269407 0.0326735 0.0375851 0.0410317 0.0425485 0.0419594 0.0394161 0.0353506 0.0303612 0.0250713 0.0200061 0.01552 0.0117825 0.00880998 0.00652092 0.0047911
 1.00547e-16 3.26942e-05 0.000191885 0.000912123 0.00351171 0.0109509 0.0276612 0.0565989 0.0938204 0.126002 0.137126 0.120981 0.086658 0.0506866 0.0248079 0.011281 0.00655434 0.00643366 0.00833228 0.0110787 0.014136 0.0171226 0.019668 0.0214318 0.0221712 0.0217972 0.0203951 0.0181989 0.0155298 0.0127212 0.0100523 0.00770976 0.00578016 0.00426737 0.00312256 0.00227425
 1.00109e-16 3.68763e-05 0.000216444 0.00102889 0.00396133 0.0123531 0.0312029 0.0638448 0.105828 0.14212 0.154643 0.136377 0.0975596 0.0568078 0.0273279 0.0116223 0.00563877 0.00461317 0.00562287 0.00738436 0.00938021 0.0113134 0.0129247 0.0139839 0.0143311 0.0139143 0.0128033 0.0111701 0.00924655 0.00726994 0.0054372 0.00387699 0.00264447 0.00173379 0.00109999 0.000681351
 1.00079e-16 3.63988e-05 0.000213639 0.00101556 0.00390998 0.0121929 0.0307984 0.0630173 0.104457 0.14028 0.152644 0.134622 0.0963223 0.0561235 0.0270663 0.0116268 0.00581149 0.00492165 0.006072 0.00798856 0.0101462 0.0122308 0.0139628 0.0150927 0.0154476 0.0149726 0.0137448 0.0119529 0.00985002 0.00769535 0.00570355 0.00401455 0.0026877 0.00171556 0.00104773 0.000615404
 1.00176e-16 3.11049e-05 0.000182549 0.000867728 0.00334076 0.0104178 0.0263147 0.0538442 0.0892561 0.119878 0.130478 0.115153 0.0825661 0.0484594 0.0240269 0.0114457 0.00736353 0.00780627 0.0103076 0.0137166 0.0174517 0.0210497 0.0240447 0.02601 0.0266484 0.0258636 0.0237858 0.0207361 0.0171464 0.0134596 0.0100427 0.00713581 0.00484171 0.00314947 0.00197505 0.00120297
 1.00403e-16 2.77659e-05 0.00016294 0.000774491 0.00298175 0.00929824 0.0234868 0.0480587 0.0796684 0.10701 0.116494 0.102865 0.0738712 0.0435899 0.0220467 0.0112265 0.00817815 0.00938343 0.012643 0.0168916 0.0215254 0.026005 0.0297656 0.0322848 0.0331943 0.0323689 0.0299576 0.0263418 0.0220384 0.0175797 0.0134095 0.00982023 0.00694177 0.00476866 0.00320866 0.00213195
 1.00521e-16 2.9513e-05 0.000173201 0.000823287 0.00316964 0.00988418 0.0249668 0.0510865 0.0846856 0.113743 0.123807 0.109284 0.0783964 0.0460904 0.0229983 0.0112003 0.00753128 0.00823273 0.0109692 0.0146413 0.0186748 0.0225938 0.0259107 0.0281743 0.029064 0.0284662 0.0265008 0.0234866 0.0198591 0.0160688 0.0124925 0.00938089 0.00684827 0.0048961 0.00345336 0.00241758
 1.00791e-16 2.27718e-05 0.000133611 0.000635041 0.0024448 0.00762375 0.0192573 0.0394056 0.0653285 0.0877629 0.0955785 0.0844855 0.0608665 0.0363066 0.0190847 0.0108979 0.00939515 0.0117398 0.0161318 0.0216335 0.027608 0.0334015 0.038302 0.0416439 0.0429538 0.0420641 0.0391534 0.0346938 0.0293303 0.0237291 0.0184474 0.0138553 0.0101207 0.00724467 0.00512084 0.00359679
 1.01009e-16 2.68835e-05 0.000157761 0.000749872 0.00288696 0.00900266 0.0227402 0.0465309 0.0771357 0.103608 0.11279 0.0995935 0.0715206 0.0422002 0.0213401 0.0108631 0.00791484 0.00909395 0.0122793 0.016451 0.0210382 0.0255328 0.0293989 0.0321346 0.0333766 0.0329847 0.0310723 0.0279701 0.0241379 0.0200559 0.0161294 0.0126329 0.00969902 0.00734361 0.00550775 0.00409991
 1.00877e-16 2.71428e-05 0.000159283 0.000757108 0.00291482 0.00908954 0.0229597 0.04698 0.0778802 0.104608 0.113879 0.100556 0.0722129 0.0426114 0.0215525 0.0109775 0.00800391 0.00919574 0.0124085 0.016608 0.0212125 0.025703 0.0295342 0.0321973 0.0333279 0.0327916 0.0307152 0.0274472 0.0234673 0.019273 0.0152816 0.0117721 0.00887417 0.00659423 0.00486044 0.00356736
 1.011e-16 2.31495e-05 0.000135831 0.0006456 0.00248546 0.00775057 0.0195776 0.0400608 0.0664138 0.0892181 0.0971559 0.0858623 0.0618205 0.0367997 0.0192057 0.0107509 0.00903369 0.0111638 0.0153149 0.0205528 0.0262643 0.0318335 0.0365903 0.0399059 0.0413289 0.0406912 0.0381471 0.0341253 0.0292165 0.0240344 0.0190944 0.0147418 0.0111384 0.00829456 0.0061239 0.00449853
 1.01117e-16 2.72138e-05 0.000159701 0.0007591 0.0029225 0.00911347 0.0230201 0.0471035 0.0780845 0.104881 0.114172 0.100805 0.0723722 0.0426654 0.0215063 0.0108352 0.00775642 0.00882271 0.0118876 0.0159263 0.0203761 0.0247447 0.028515 0.0312024 0.0324551 0.0321353 0.0303492 0.0274117 0.023762 0.0198593 0.0160912 0.0127208 0.00987597 0.00757329 0.0057589 0.00434842
 1.01054e-16 2.31711e-05 0.000135958 0.000646201 0.00248777 0.00775777 0.0195958 0.040098 0.0664757 0.0893016 0.0972477 0.0859456 0.061885 0.0368471 0.0192468 0.0107994 0.00910199 0.0112618 0.0154495 0.0207264 0.0264736 0.0320672 0.0368297 0.0401261 0.0415022 0.0407924 0.0381582 0.034039 0.029038 0.0237802 0.0187889 0.0144129 0.0108129 0.00799439 0.00586417 0.00428683
 1.02422e-16 4.96018e-06 2.90119e-05 0.000137698 0.00052979 0.00165179 0.00417311 0.00854458 0.0141857 0.0191177 0.0209797 0.0189241 0.0144594 0.0102807 0.00843179 0.0095778 0.0135036 0.0198019 0.0280999 0.0379271 0.0485468 0.0589229 0.0678445 0.0741574 0.0770245 0.0761232 0.0717166 0.0645685 0.0557407 0.0463407 0.0373026 0.0292575 0.0225095 0.0170923 0.012868 0.00962406
pSPR Fmed_Fpbrs
0.345127   0.6 0.325
Fs Fmed_Fpbrs
1.43909   0.454448 1.60065
SSBpbr Bo_Bmed_Bpbrs
749104  221081  412007 206004
Ro
20333
SPR SPRFo_SPRFmed_SPRFpbrs
418104 144299 135884
log_Ro
9.74
likeval ReclasPelacesDesembMPH_pf_preclas_ppelaces_ptallas_desvR_qrecl_qpela
 71.6417 14.5242 0.208423 0.000158935 341.061 193.378 83.4641 0 33.2774 8.12463e-05 0.000306784 2.90054e-14 0 0 0
q_reclas_q_pelaces
3.58685 12.0841
M
0.7
N
 14011.4 22016 7317.98 966.817 0.133666
 42054.4 6711.08 7960.18 2327.19 305.426
 3118.46 19725.3 2018.38 1954.52 639.499
 6913.3 1349.27 2918.81 183.018 229.163
 39061.3 3192.56 353.935 591.443 82.3683
 14848.9 19031.2 1341 138.932 263.548
 63687.4 6446.6 2901.45 126.803 37.0883
 58085.6 28035 1109.98 325.481 17.9709
 67115.9 25046.6 4026.06 96.5035 29.0789
 112430 28352.2 3003.01 271.666 8.21872
 69764 50111 5445.69 392.783 35.8729
 48363.4 29666.7 6368.14 398.75 30.4854
 53637.8 21000.9 4530.77 603.635 39.6739
 29492.9 21340.3 1486.91 145.891 19.8697
 12403.1 9865.92 329.178 5.63142 0.582789
 9506.04 4149.07 152.183 1.24671 0.0218497
 7263.92 3886.86 373.507 6.86621 0.0551862
 9037.17 3021.43 406.775 20.8216 0.373233
 7877.46 3912.4 449.372 37.1491 1.88646
 9360.54 3547.87 823.621 66.8539 5.70187
 15796.5 4095.89 579.559 85.8098 7.38163
 18705.2 7339.78 1134.02 126.689 20.1182
 29977.4 8633.94 1917.26 228.435 29.1681
 29771.3 13585.7 1919.9 308.041 40.6823
 3068.78 13447.1 2933.15 295.94 52.8028
pred_Ctot
 358.104 4384.21 1941.44 259.674 0.0359173
 1683.05 1958.63 3012.04 890.27 116.889
 290.945 10649.4 1300.15 1267.75 414.9
 349.738 474.689 1306.83 82.7663 103.673
 530.668 357.351 54.0601 91.5707 12.7592
 1353.19 10126.8 853.829 89.085 169.034
 5237.13 3213.14 1751.72 77.141 22.5692
 5545.14 15348.9 723.027 213.456 11.7886
 7274.65 14768.9 2779.58 67.03 20.2023
 8335.85 13187.9 1711.97 156.143 4.72525
 7272.69 28899.9 3695.55 268.228 24.503
 4401.28 15772.5 4051.86 255.508 19.5393
 7767.45 14355.2 3491.51 467.228 30.7136
 7080.81 17485.6 1295.32 127.367 17.3482
 2977.8 8083.82 286.764 4.91638 0.508831
 1220.98 2677.88 112.487 0.926199 0.0162356
 856.963 2400.8 267.17 4.93879 0.039703
 839.814 1627.26 261.518 13.4794 0.241685
 530.074 1701.19 241.985 20.179 1.02504
 805.891 1821.51 509.445 41.6576 3.55389
 733.49 1347.41 244.385 36.5608 3.14629
 952.316 2594.95 509.952 57.5419 9.14103
 1893.57 3587.97 993.139 119.398 15.2506
 1946.78 5788.21 1016.02 164.461 21.727
 237.527 6439.39 1713.23 174.235 31.0969
F
 0.0361086 0.317316 0.445672 0.45244 0.452694
 0.0570635 0.501464 0.704307 0.715003 0.715405
 0.137773 1.21072 1.70047 1.72629 1.72726
 0.0726242 0.638208 0.896366 0.909978 0.910489
 0.0190502 0.16741 0.235128 0.238699 0.238833
 0.134376 1.18087 1.65854 1.68372 1.68467
 0.120531 1.05921 1.48766 1.51025 1.5111
 0.14118 1.24067 1.74252 1.76898 1.76998
 0.161715 1.42112 1.99597 2.02628 2.02742
 0.108091 0.949882 1.33411 1.35437 1.35513
 0.155094 1.36293 1.91424 1.94332 1.94441
 0.134178 1.17913 1.65609 1.68124 1.68219
 0.221655 1.94787 2.73579 2.77733 2.77889
 0.395065 3.47176 4.87609 4.95014 4.95293
 0.395065 3.47176 4.87609 4.95014 4.95293
 0.194326 1.7077 2.39847 2.4349 2.43627
 0.177188 1.5571 2.18695 2.22016 2.22141
 0.137194 1.20564 1.69332 1.71904 1.72
 0.0976576 0.858197 1.20534 1.22365 1.22433
 0.12652 1.11184 1.56158 1.58529 1.58618
 0.0664802 0.584216 0.820533 0.832994 0.833462
 0.0731026 0.642412 0.90227 0.915972 0.916487
 0.0914254 0.803429 1.12842 1.14556 1.1462
 0.0947838 0.832943 1.16987 1.18764 1.1883
 0.113086 0.993778 1.39577 1.41696 1.41776
YTP_r0W_actual
 2660.3 141667 56536.6 7161.05 1330.95
YTP_p0W_proyectada
 3028.51 5819.2 20525 3955.46 500.325
 3028.51 28438.5 4080.89 8605.3 1875
CTP_r0_actual
 237.527 6439.39 1713.23 174.235 31.0969
CTP_p0_proyectada
 356.296 271.925 657.853 97.1857 10.7597
 356.296 1328.9 130.798 211.432 40.3227
Wmedp
 8.5 21.4 31.2 40.7 46.5
nmprior
 10.6 11 7 0
nm_flota  nm_reclas  nm_pelaces    nm_pelaL
inf 21.5204 7.92947 14.7577
cv_recla  cv_pelaces  cv_mph
0.76561 0.432134 0.409023
 ------------------------------------------------
Talla a la edad & desviaci?n 
 7.2 14.2025 17.0495 18.207 18.6776
 1.08 2.13037 2.55742 2.73105 2.80164
