years
 1997 1998 1999 2000 2001 2002 2003 2004 2005 2006 2007 2008 2009 2010 2011 2012 2013 2014 2015 2016 2017 2018 2019 2020 2021
reclasobs
 0 0 0 370054 412103 1.49427e+06 250295 1.28982e+06 931140 785840 897777 1.04006e+06 184774 17550 25797 100020 73551 82996 120727 218422 84188 347160 605670 569463 516374
reclaspred
 2.66134e+06 479209 1.177e+06 618455 663409 834567 1.71188e+06 1.10535e+06 1.25385e+06 1.19967e+06 1.0279e+06 750602 464260 230786 162149 156766 176205 241051 268556 376647 595596 583841 933783 1.12046e+06 1.49926e+06
pelacesobs
 0 0 0 0 0 0 0 0 0 2.06254e+06 1.5e+06 0 1.87456e+06 323000 250000 174000 83755 137374 0 501740 490994 745055 786931 1.00524e+06 1.33801e+06
pelacespred
 1.52922e+06 572748 422865 456998 410039 410412 878768 759111 733321 724189 533231 404639 245196 101277 71278.3 77778.5 91240.3 124352 145928 196207 341693 352859 429061 608301 791309
mphobs
 0 0 0 0 0 112323 0 153150 637223 0 255016 313432 73983 77613 109348 50772 0 0 0 0 0 0 0 0 0
mphpred
 1.96137e+06 983943 714215 703613 537113 724827 1.04616e+06 1.30068e+06 1.00913e+06 1.15788e+06 1.02656e+06 766557 513403 282094 150197 132692 142121 186175 228934 275704 435575 555758 653111 882514 1.21895e+06
desembarqueobs
 350755 77701 442110 56441 14545 235359 269955 359681 431902 328805 639364 411747 362871 311530 167758 66681 60226 58785 57116 73181 50977 67692 138656 160484 209506
desembarquepred
 350904 77641.1 442081 56389.6 14518.6 235389 270327 359061 432187 329243 640445 412256 363085 311310 167794 66689.1 60258.1 58781.8 57031.8 73017.8 50932.1 67593.3 138375 160408 209416
Reclutas
 64479 52748.1 26095.3 35536.4 72296.1 56678.5 107246 66560.5 141591 97675.9 83560.7 53424.4 45205.3 31515.6 20194.6 17306.1 14761.7 16352.7 20504.1 35269.6 50750.7 50738.1 83679.3 106160 59045.6
log_desv_Rt
 0.314095 0.113282 -0.590489 -0.281688 0.428525 0.18515 0.822878 0.345867 1.1007 0.72941 0.573329 0.126024 -0.0410302 -0.401763 -0.846831 -1.00118 -1.16021 -1.05785 -0.831621 -0.289222 0.0746799 0.074433 0.574747 0.812702 0.226065
SSB
 1.96137e+06 983943 714215 703613 537113 724827 1.04616e+06 1.30068e+06 1.00913e+06 1.15788e+06 1.02656e+06 766557 513403 282094 150197 132692 142121 186175 228934 275704 435575 555758 653111 882514 1.21895e+06
BT
 3.99802e+06 1.21105e+06 1.18065e+06 980488 936102 994188 2.46583e+06 1.98507e+06 2.24534e+06 1.88477e+06 1.75904e+06 1.25493e+06 894397 514042 315188 227302 259644 328316 358939 513733 855437 765183 1.0019e+06 1.47036e+06 1.80877e+06
Ftot
 0.128246 0.157298 0.359179 0.0888956 0.0214215 0.271649 0.15347 0.312141 0.331504 0.264679 0.58567 0.51892 0.725625 1.18991 0.943777 0.406192 0.328579 0.235709 0.205614 0.188021 0.0834336 0.112721 0.144018 0.139212 0.135787
BD_Bspro_t
 0.980879 0.87732 0.781647 0.623792 0.688052 0.797369 0.741588 0.750194 0.669267 0.650278 0.597202 0.450932 0.358013 0.26095 0.171493 0.180609 0.251239 0.383633 0.495129 0.60136 0.722505 0.81175 0.812341 0.810767 0.814615
BD_Bspro
 2.0252 1.01597 0.737459 0.726512 0.554593 0.748416 1.08021 1.34301 1.04197 1.19556 1.05997 0.791504 0.530111 0.291274 0.155085 0.137011 0.146746 0.192234 0.236384 0.284677 0.449751 0.573845 0.674366 0.911235 1.25862
BD_Bo
 1.6689 0.837223 0.607715 0.598694 0.457021 0.616744 0.890165 1.10673 0.858653 0.985219 0.873488 0.652252 0.436846 0.240029 0.1278 0.112906 0.120929 0.158414 0.194796 0.234592 0.370624 0.472886 0.555722 0.750918 1.03718
BD_Brms
 8.11743 4.07219 2.95588 2.91201 2.22292 2.9998 4.3297 5.38304 4.17643 4.79204 4.24859 3.17251 2.12479 1.16749 0.621612 0.549167 0.588189 0.770514 0.947476 1.14104 1.80269 2.30009 2.703 3.65241 5.04479
S_f
 0.5 1 1 1 1
 0.5 1 1 1 1
 0.5 1 1 1 1
 0.5 1 1 1 1
 0.5 1 1 1 1
 0.5 1 1 1 1
 0.5 1 1 1 1
 0.5 1 1 1 1
 0.5 1 1 1 1
 0.5 1 1 1 1
 0.5 1 1 1 1
 0.5 1 1 1 1
 0.5 1 1 1 1
 0.5 1 1 1 1
 0.5 1 1 1 1
 0.5 1 1 1 1
 0.5 1 1 1 1
 0.5 1 1 1 1
 0.5 1 1 1 1
 0.5 1 1 1 1
 0.5 1 1 1 1
 0.5 1 1 1 1
 0.5 1 1 1 1
 0.5 1 1 1 1
 0.5 1 1 1 1
Scru_reclas
 0.5 1 1 1 1
 0.5 1 1 1 1
 0.5 1 1 1 1
 0.5 1 1 1 1
 0.5 1 1 1 1
 0.5 1 1 1 1
 0.5 1 1 1 1
 0.5 1 1 1 1
 0.5 1 1 1 1
 0.5 1 1 1 1
 0.5 1 1 1 1
 0.5 1 1 1 1
 0.5 1 1 1 1
 0.5 1 1 1 1
 0.5 1 1 1 1
 0.5 1 1 1 1
 0.5 1 1 1 1
 0.5 1 1 1 1
 0.5 1 1 1 1
 0.5 1 1 1 1
 0.5 1 1 1 1
 0.5 1 1 1 1
 0.5 1 1 1 1
 0.5 1 1 1 1
 0.5 1 1 1 1
Scru_pelaces
 0.5 1 1 1 1
 0.5 1 1 1 1
 0.5 1 1 1 1
 0.5 1 1 1 1
 0.5 1 1 1 1
 0.5 1 1 1 1
 0.5 1 1 1 1
 0.5 1 1 1 1
 0.5 1 1 1 1
 0.5 1 1 1 1
 0.5 1 1 1 1
 0.5 1 1 1 1
 0.5 1 1 1 1
 0.5 1 1 1 1
 0.5 1 1 1 1
 0.5 1 1 1 1
 0.5 1 1 1 1
 0.5 1 1 1 1
 0.5 1 1 1 1
 0.5 1 1 1 1
 0.5 1 1 1 1
 0.5 1 1 1 1
 0.5 1 1 1 1
 0.5 1 1 1 1
 0.5 1 1 1 1
pf_obs 
 0.256992 0.487395 0.22802 0.0275931 0
 0.321318 0.546541 0.124235 0.00734118 0.000564706
 0.182869 0.594174 0.210203 0.0122559 0.00049798
 0.330522 0.361315 0.267642 0.0388342 0.00168674
 0.649043 0.306663 0.0425973 0.00169635 0
 0.582887 0.30429 0.105238 0.00758474 0
 0.465427 0.430635 0.0974691 0.00646863 0
 0.296916 0.608066 0.0921331 0.00288517 0
 0.311714 0.524322 0.152257 0.0117073 0
 0.15457 0.633149 0.183074 0.0267441 0.00246327
 0.131901 0.49318 0.331252 0.0422183 0.00144891
 0.196976 0.569456 0.194076 0.0375587 0.00193317
 0.518974 0.381816 0.0799577 0.0180837 0.00116848
 0.0928022 0.601141 0.25162 0.0475244 0.00691264
 0.122501 0.610282 0.24278 0.0234846 0.000952079
 0.383417 0.481906 0.127806 0.00687128 0
 0.0376549 0.599619 0.316969 0.0457579 0
 0.0361596 0.667082 0.258105 0.0386534 0
 0.158088 0.579412 0.248529 0.0139706 0
 0.0477256 0.309471 0.559284 0.082774 0.000745712
 0.0406174 0.521527 0.379366 0.0568643 0.0016247
 0.151134 0.462217 0.34131 0.0453401 0
 0.294876 0.26143 0.354403 0.0886775 0.000613685
 0.281977 0.475581 0.204845 0.0348837 0.00271318
 0.0841818 0.532909 0.334909 0.0458182 0.00218182
pf_pred 
 0.373427 0.315426 0.156636 0.0777831 0.0767279
 0.334339 0.367959 0.149868 0.0744221 0.0734124
 0.229412 0.394761 0.207747 0.0846141 0.0834662
 0.399629 0.238861 0.185196 0.0974612 0.0788524
 0.553944 0.257451 0.0750377 0.0581789 0.0553885
 0.376456 0.44532 0.102865 0.0299816 0.0453763
 0.560917 0.248627 0.136019 0.0314193 0.0230174
 0.343978 0.477202 0.101256 0.0553951 0.0221699
 0.589278 0.219461 0.139126 0.0295207 0.0226138
 0.397141 0.457869 0.0774728 0.0491134 0.0184042
 0.39404 0.355717 0.190058 0.0321585 0.0280261
 0.368295 0.3837 0.145586 0.0777864 0.0246321
 0.423695 0.331959 0.148416 0.0563132 0.0396158
 0.448801 0.356338 0.112242 0.0501827 0.0324356
 0.496618 0.353793 0.0967063 0.0304614 0.0224217
 0.521876 0.346615 0.092429 0.0252647 0.0138158
 0.444938 0.394505 0.116396 0.0310384 0.0131235
 0.468688 0.339004 0.136681 0.0403269 0.0153005
 0.492486 0.331741 0.112152 0.0452179 0.0184031
 0.573592 0.286967 0.0911471 0.0308142 0.0174801
 0.545169 0.336332 0.0797487 0.02533 0.0134211
 0.433169 0.402732 0.121346 0.0287727 0.0139811
 0.525935 0.290163 0.130662 0.0393692 0.013871
 0.496866 0.351186 0.0930032 0.0418798 0.0170646
 0.293737 0.475042 0.161392 0.0427407 0.0270885
pobs_RECLAS
 0 0 0 0 0
 0 0 0 0 0
 0 0 0 0 0
 0 0 0 0 0
 0.835266 0.146461 0.0176864 0.000547809 3.91292e-05
 0.385257 0.428462 0.181853 0.0044286 0
 0.867414 0.0963971 0.0333333 0.00285562 0
 0.441836 0.489002 0.0689373 0.000224442 0
 0.779404 0.147425 0.0564933 0.0165055 0.000172143
 0.814271 0.122319 0.05973 0.00367925 0
 0.40263 0.566651 0.0304383 0.000280538 0
 0.475488 0.404961 0.113038 0.00651328 0
 0.955842 0.0263864 0.0167828 0.000988607 0
 0.975058 0.0227948 0.00214734 0 0
 0.738997 0.206755 0.0527124 0.00153531 0
 0.850938 0.134255 0.0134407 0.00136685 0
 0.542534 0.407297 0.0501686 0 0
 0.764087 0.199537 0.0359546 0.000420521 0
 0.470689 0.182191 0.310203 0.0369168 0
 0.84361 0.089868 0.0606195 0.00523954 0.000663233
 0.607945 0.314616 0.071237 0.00620181 0
 0.523733 0.453247 0.0230204 0 0
 0.530135 0.295979 0.169645 0.0042399 0
 0.562478 0.366248 0.0663022 0.0049721 0
 0.250443 0.683176 0.0655157 0.000865301 0
ppred_RECLAS
 0.374413 0.31493 0.15639 0.0776607 0.0766072
 0.33552 0.367306 0.149602 0.07429 0.0732822
 0.231947 0.393462 0.207063 0.0843358 0.0831917
 0.400304 0.238593 0.184988 0.0973517 0.0787637
 0.554101 0.25736 0.0750113 0.0581585 0.0553691
 0.378828 0.443626 0.102474 0.0298676 0.0452037
 0.562186 0.247909 0.135626 0.0313285 0.0229509
 0.346685 0.475232 0.100838 0.0551665 0.0220784
 0.592399 0.217794 0.138069 0.0292964 0.0224419
 0.399484 0.456089 0.0771717 0.0489225 0.0183327
 0.400555 0.351892 0.188015 0.0318127 0.0277248
 0.373683 0.380427 0.144344 0.0771229 0.024422
 0.432672 0.326789 0.146105 0.0554361 0.0389987
 0.467594 0.344189 0.108416 0.0484718 0.0313297
 0.510009 0.344381 0.0941336 0.029651 0.0218252
 0.526047 0.343591 0.0916228 0.0250443 0.0136953
 0.448093 0.392262 0.115734 0.030862 0.013049
 0.470805 0.337653 0.136136 0.0401661 0.0152395
 0.494293 0.33056 0.111753 0.0450569 0.0183375
 0.575184 0.285895 0.0908069 0.0306991 0.0174148
 0.54582 0.33585 0.0796346 0.0252938 0.0134019
 0.434064 0.402096 0.121154 0.0287272 0.013959
 0.527131 0.289431 0.130332 0.0392699 0.013836
 0.49802 0.350381 0.0927899 0.0417837 0.0170254
 0.294669 0.474415 0.161179 0.0426843 0.0270528
pobs_PELACES
 0 0 0 0 0
 0 0 0 0 0
 0 0 0 0 0
 0 0 0 0 0
 0 0 0 0 0
 0 0 0 0 0
 0 0 0 0 0
 0 0 0 0 0
 0 0 0 0 0
 0 0 0 0 0
 0.450072 0.473896 0.0757376 0.000293798 0
 0 0 0 0 0
 0.463077 0.371075 0.160297 0.00555027 0
 0.529543 0.364841 0.0842815 0.0213345 0
 0.631943 0.363953 0.00410389 0 0
 0.735681 0.248677 0.0153453 0.000297389 0
 0.695825 0.281241 0.0229344 0 0
 0.275771 0.60734 0.115278 0.00161068 0
 0 0 0 0 0
 0.896147 0.0623911 0.0374545 0.00400742 0
 0.803859 0.145111 0.0509908 3.86294e-05 0
 0.739449 0.233085 0.0266225 0.000797448 4.60066e-05
 0.878498 0.100942 0.0204185 0.000141795 0
 0.694673 0.275183 0.0284847 0.00165964 0
 0.469039 0.446079 0.0841089 0.000773354 0
ppred_PELACES
 0.379382 0.312428 0.155147 0.0770438 0.0759986
 0.341331 0.364094 0.148293 0.0736403 0.0726413
 0.242672 0.387968 0.204172 0.0831581 0.08203
 0.40383 0.23719 0.1839 0.0967792 0.0783006
 0.554974 0.256856 0.0748645 0.0580446 0.0552607
 0.389432 0.436054 0.100725 0.0293577 0.0444321
 0.568409 0.244385 0.133698 0.0308833 0.0226247
 0.35844 0.466681 0.0990237 0.0541739 0.0216811
 0.605537 0.210774 0.133619 0.0283521 0.0217186
 0.410005 0.448098 0.0758196 0.0480654 0.0180115
 0.423965 0.33815 0.180673 0.0305703 0.0266421
 0.393929 0.36813 0.139678 0.0746299 0.0236326
 0.462264 0.309743 0.138484 0.0525445 0.0369645
 0.516626 0.312491 0.0984311 0.0440078 0.0284444
 0.548786 0.317127 0.0866842 0.0273045 0.020098
 0.542721 0.331503 0.0883993 0.0241632 0.0132135
 0.461535 0.382708 0.112916 0.0301103 0.0127311
 0.480505 0.331464 0.133641 0.0394299 0.0149602
 0.502774 0.325016 0.109878 0.0443012 0.01803
 0.582746 0.280806 0.0891904 0.0301526 0.0171048
 0.54923 0.333328 0.0790366 0.0251038 0.0133012
 0.438639 0.398846 0.120175 0.028495 0.0138461
 0.53305 0.285808 0.128701 0.0387783 0.0136628
 0.503763 0.346373 0.0917284 0.0413057 0.0168307
 0.299347 0.471269 0.16011 0.0424012 0.0268734
pobs_pel_tallas
 0 0 0 0 0 0 0 0 0 0 0 0 0 0 0 0 0 0 0 0 0 0 0 0 0 0 0 0 0 0 0 0 0 0 0 0
 0 0 0 0 0 0 0 0 0 0 0 0 0 0 0 0 0 0 0 0 0 0 0 0 0 0 0 0 0 0 0 0 0 0 0 0
 0 0 0 0 0 0 0 0 0 0 0 0 0 0 0 0 0 0 0 0 0 0 0 0 0 0 0 0 0 0 0 0 0 0 0 0
 0 0 0 0 0 0 0 0 0 0 0 0 0 0 0 0 0 0 0 0 0 0 0 0 0 0 0 0 0 0 0 0 0 0 0 0
 0 0 0 0 0 0 0 0 0 0 0 0 0 0 0 0 0 0 0 0 0 0 0 0 0 0 0 0 0 0 0 0 0 0 0 0
 0 0 0 0 0 0 0 0 0 0 0 0 0 0 0 0 0 0 0 0 0 0 0 0 0 0 0 0 0 0 0 0 0 0 0 0
 0 0 0 0 0 0 0 0 0 0 0 0 0 0 0 0 0 0 0 0 0 0 0 0 0 0 0 0 0 0 0 0 0 0 0 0
 0 0 0 0 0 0 0 0 0 0 0 0 0 0 0 0 0 0 0 0 0 0 0 0 0 0 0 0 0 0 0 0 0 0 0 0
 0 0 0 0 0 0 0 0 0 0 0 0 0 0 0 0 0 0 0 0 0 0 0 0 0 0 0 0 0 0 0 0 0 0 0 0
 0 0 0 0 0 0 0 0 0 0 0 0 0 0 0 0 0 0 0 0 0 0 0 0 0 0 0 0 0 0 0 0 0 0 0 0
 0 0 0 0 0 0 0 0 1.78061e-05 0.00172719 0.00360574 0.0105946 0.0120993 0.0124554 0.0147524 0.0171206 0.0266825 0.0428682 0.0675386 0.121331 0.153587 0.119568 0.100827 0.0573624 0.0630603 0.0341343 0.0324427 0.0444173 0.0211091 0.0280891 0.0125444 0.00206551 0 0 0 0
 0 0 0 0 0 0 0 0 0 0 0 0 0 0 0 0 0 0 0 0 0 0 0 0 0 0 0 0 0 0 0 0 0 0 0 0
 0 0 0 0 0 0 0.0133647 0.0140871 0.0187388 0.0205184 0.03894 0.0496705 0.03968 0.0493445 0.0407372 0.0367815 0.0215668 0.0243155 0.0234873 0.0199281 0.019796 0.0243948 0.0301388 0.0376714 0.0412746 0.0863199 0.0771752 0.113111 0.0741005 0.0525337 0.0229764 0.00759418 0.00175318 0 0 0
 0 0 0 0 0 0 0 0 0 0 0.00219441 0.00772107 0.0458388 0.0604681 0.0671733 0.0775358 0.0609151 0.0617685 0.073594 0.0568108 0.0755445 0.0548602 0.0670107 0.0636378 0.0643287 0.046367 0.0373049 0.0286899 0.0247887 0.0153202 0.00654259 0.00121912 0.000365735 0 0 0
 0 0 0 0 0 0 0 0 0 0 0 0 0.000112435 0.00938835 0.0111873 0.0202946 0.0414886 0.0713402 0.111592 0.104902 0.108894 0.110636 0.117776 0.105296 0.107544 0.0401394 0.0192827 0.0124803 0.00416011 0.0028671 0.000618394 0 0 0 0 0
 0 0 0 0 0 0 0 0 0 0 0.00291406 0.0102884 0.027416 0.0768956 0.0749926 0.110853 0.0956884 0.0897413 0.0766577 0.0534642 0.0500743 0.0551293 0.0594112 0.0620874 0.0668451 0.0424026 0.0208742 0.0120726 0.0048766 0.00582813 0.00118941 0.000297354 0 0 0 0
 0 0.00264628 0.0354308 0.0461629 0.0458689 0.0383711 0.0214643 0.0164657 0.0346957 0.0420465 0.0363128 0.0245516 0.0311673 0.0291091 0.0169068 0.0133784 0.00837989 0.0085269 0.0148486 0.0160247 0.0276389 0.0546898 0.0760071 0.122758 0.109233 0.0665981 0.0333725 0.0166128 0.00676272 0.00308733 0.000882094 0 0 0 0 0
 0 0 0 0 0 0 0 0.000805153 0.000690131 0.00759144 0.0133425 0.0154129 0.00931677 0.000345066 0.00356568 0.00563607 0.00851162 0.0253048 0.0502646 0.0516448 0.0657925 0.0565908 0.0611916 0.0827007 0.0866115 0.110766 0.145733 0.0935128 0.0569358 0.0249597 0.0138026 0.00621118 0.00161031 0.00115022 0 0
 0 0 0 0 0 0 0 0 0 0 0 0 0 0 0 0 0 0 0 0 0 0 0 0 0 0 0 0 0 0 0 0 0 0 0 0
 0.00147267 0.00158595 0.00478618 0.00569244 0.00954404 0.0108468 0.00647125 0.017049 0.0510054 0.094081 0.124002 0.0959785 0.0687766 0.0820023 0.061753 0.0591476 0.0492212 0.0479892 0.0443925 0.0268479 0.0217502 0.0140895 0.0121071 0.0120363 0.00920419 0.00665534 0.0049561 0.00860946 0.00930331 0.0156896 0.0114698 0.00855282 0.00243557 0.00046729 0 2.83206e-05
 0 0 0 0 0.000772559 0.00158375 0.000888443 0.00281984 0.00712685 0.0440552 0.0773331 0.111326 0.0921469 0.0852325 0.0710754 0.0886704 0.0786465 0.0553345 0.0373146 0.0185414 0.00753245 0.00457741 0.012979 0.0271748 0.0457355 0.0583668 0.034881 0.0177882 0.00938659 0.00492506 0.0015258 0.00185414 0.000309023 5.79419e-05 3.86279e-05 0
 0 0.00173294 0.00326652 0 0.00397197 0.00683976 0.00946217 0.0152591 0.00757587 0.0136028 0.0228656 0.0392903 0.0559909 0.0764795 0.0681675 0.0726916 0.0566044 0.0477403 0.0527397 0.0444891 0.0609904 0.0582453 0.0661739 0.0445044 0.0529084 0.0360697 0.0280645 0.0235558 0.0158879 0.00826598 0.00280645 0.00217768 0.000904811 0.00058276 9.20147e-05 0
 0 0 0 0 0 0 0 0 0 0 0 0 0 0 0 0 0 0 0 0 0 0 0 0 0 0 0 0 0 0 0 0 0 0 0 0
 0 0 0 0 0 0 0 0 0 0 0 0 0 0 0 0 0 0 0 0 0 0 0 0 0 0 0 0 0 0 0 0 0 0 0 0
 0 0 0 0 0 0 0 0 0 0 0 0 0 0 0 0 0 0 0 0 0 0 0 0 0 0 0 0 0 0 0 0 0 0 0 0
ppred_pel_tallas
 1.08503e-16 1.65683e-05 9.72027e-05 0.000461976 0.0017785 0.00554595 0.0140089 0.0286659 0.0475243 0.0638463 0.0695364 0.0614766 0.0443139 0.026483 0.014018 0.0081723 0.00726358 0.00926733 0.0129249 0.0176156 0.0229416 0.0284886 0.0337816 0.0383461 0.0418 0.0439275 0.0447087 0.044292 0.0429278 0.0408873 0.038397 0.0356086 0.032605 0.0294287 0.0261167 0.0227257
 1.08149e-16 1.49112e-05 8.74693e-05 0.000415692 0.00160027 0.00499015 0.012605 0.025794 0.0427655 0.0574606 0.0626017 0.0553932 0.0400322 0.0241313 0.0131513 0.00825695 0.00797143 0.0104989 0.0147089 0.0200093 0.0259673 0.0320985 0.0378439 0.0426516 0.0460877 0.0479243 0.0481737 0.0470539 0.0449058 0.0420925 0.0389166 0.035579 0.0321824 0.0287639 0.0253383 0.0219318
 1.09715e-16 1.06103e-05 6.22167e-05 0.000295632 0.00113801 0.00354858 0.00896379 0.0183439 0.0304179 0.0408831 0.0445751 0.0395238 0.0287409 0.0176806 0.0102821 0.00744313 0.00818666 0.0112972 0.0160002 0.0218517 0.0284568 0.0353211 0.0418547 0.0474637 0.0516687 0.0541977 0.0550243 0.054335 0.0524472 0.0497089 0.0464164 0.0427758 0.0389066 0.0348756 0.0307376 0.0265648
 1.09672e-16 1.76313e-05 0.000103451 0.000491694 0.00189294 0.00590287 0.0149103 0.0305098 0.0505785 0.0679411 0.0739744 0.0653485 0.0469923 0.0278585 0.0143365 0.0077217 0.0061874 0.00755713 0.0104989 0.0144015 0.0189392 0.0238085 0.02866 0.0331304 0.0369055 0.0397731 0.0416462 0.0425485 0.042573 0.0418337 0.0404297 0.0384325 0.0358976 0.0328862 0.0294868 0.0258239
 1.05724e-16 2.42225e-05 0.000142145 0.00067565 0.00260122 0.00811158 0.0204893 0.041925 0.0694995 0.0933484 0.101615 0.0897099 0.0643888 0.0379245 0.0190554 0.00950636 0.00670225 0.00758502 0.0102663 0.0138707 0.0179491 0.0221243 0.0259971 0.0291831 0.0313875 0.0324666 0.0324492 0.0315106 0.02991 0.0279161 0.0257464 0.0235367 0.0213442 0.0191737 0.0170115 0.0148531
 1.04657e-16 1.70115e-05 9.97933e-05 0.000474267 0.00182578 0.00569336 0.0143814 0.029429 0.0487924 0.0655591 0.0714263 0.0632053 0.0456855 0.027553 0.0150377 0.00946536 0.00914231 0.0120021 0.0167253 0.0225935 0.0290582 0.0355071 0.0412491 0.0456215 0.0481316 0.0485666 0.0470342 0.0439151 0.039752 0.0351116 0.0304675 0.0261347 0.0222627 0.0188716 0.0159085 0.0132992
 1.04096e-16 2.48081e-05 0.000145584 0.000691997 0.00266416 0.00830787 0.0209851 0.0429394 0.0711805 0.0956049 0.104067 0.0918667 0.0659182 0.0387882 0.0194213 0.00957885 0.00661878 0.00740771 0.0100156 0.0135568 0.017589 0.021747 0.0256414 0.028889 0.0311838 0.0323571 0.032403 0.0314588 0.0297531 0.0275402 0.0250452 0.0224339 0.0198111 0.0172364 0.0147477 0.0123793
 1.04433e-16 1.56614e-05 9.18641e-05 0.000436564 0.0016806 0.00524063 0.0132378 0.0270895 0.0449156 0.0603561 0.0657734 0.0582406 0.0421786 0.0256011 0.0142675 0.00942767 0.00955183 0.0127587 0.0178359 0.0240963 0.0309765 0.0378253 0.0439027 0.0484993 0.0510888 0.0514463 0.0496913 0.046237 0.0416708 0.0366059 0.0315555 0.026862 0.0226888 0.0190592 0.0159162 0.0131785
 1.03955e-16 2.64257e-05 0.000155083 0.000737167 0.00283809 0.00885026 0.0223551 0.0457422 0.0758253 0.101839 0.110841 0.0978176 0.0701256 0.0411378 0.0203639 0.00965737 0.00618113 0.00658085 0.00879816 0.0119085 0.0154841 0.0192018 0.0227247 0.0257198 0.0279163 0.0291571 0.0294214 0.0288095 0.0275002 0.0256972 0.0235841 0.0213006 0.0189408 0.0165668 0.0142269 0.011968
 1.03716e-16 1.7909e-05 0.000105062 0.000499312 0.0019222 0.00599405 0.0151409 0.0309831 0.0513688 0.0690194 0.0751927 0.0665296 0.0480698 0.0289535 0.0157334 0.00979704 0.00935173 0.0122122 0.0169817 0.0228995 0.0293899 0.0358161 0.0414644 0.0456556 0.0478916 0.0479689 0.0460197 0.0424614 0.037879 0.0328799 0.0279699 0.0234834 0.0195741 0.0162538 0.0134514 0.0110688
 1.04971e-16 1.85136e-05 0.00010862 0.000516251 0.00198746 0.00619757 0.0156548 0.0320339 0.0531075 0.0713455 0.0777 0.0686845 0.0494888 0.0295336 0.0155547 0.00894261 0.00780483 0.00986469 0.0137009 0.0186057 0.0241232 0.0297817 0.035046 0.0393854 0.0423783 0.0437962 0.04364 0.0421125 0.0395453 0.0363065 0.0327227 0.0290351 0.0253951 0.0218862 0.0185556 0.0154397
 1.05772e-16 1.72049e-05 0.000100935 0.000479708 0.00184675 0.00575878 0.0145465 0.0297664 0.04935 0.0663023 0.0722203 0.0638706 0.0460856 0.0276333 0.0147925 0.00887792 0.00815376 0.0105197 0.0146551 0.0198799 0.0257227 0.0316761 0.0371634 0.0416198 0.0446067 0.0459031 0.0455407 0.0437699 0.0409739 0.0375636 0.0338886 0.0301908 0.0266018 0.0231723 0.0199143 0.0168353
 1.056e-16 2.01823e-05 0.00011842 0.000562846 0.00216687 0.00675709 0.0170681 0.0349253 0.0578991 0.0777767 0.0846888 0.0748262 0.053835 0.0319685 0.016546 0.00905344 0.00739661 0.00906886 0.0125123 0.0169727 0.0220011 0.0271618 0.0319694 0.0359466 0.0387179 0.0400853 0.0400589 0.0388294 0.0366984 0.0339927 0.0309927 0.0278945 0.0248097 0.0217888 0.0188558 0.0160341
 1.04341e-16 2.25527e-05 0.000132337 0.000629007 0.00242161 0.00755147 0.0190746 0.0390308 0.064704 0.0869141 0.0946282 0.0835843 0.0600842 0.0355743 0.0182174 0.00965222 0.0075139 0.00897798 0.0122872 0.0165948 0.0214128 0.0262858 0.0307184 0.0342329 0.0364656 0.0372441 0.0366167 0.0348213 0.0322097 0.0291537 0.025967 0.0228617 0.019946 0.0172493 0.0147604 0.01246
 1.03212e-16 2.39553e-05 0.00014057 0.00066815 0.00257232 0.00802144 0.0202617 0.0414598 0.0687301 0.0923204 0.10051 0.0887689 0.063788 0.0377203 0.0192291 0.0100451 0.00764516 0.0090181 0.012289 0.0165554 0.0213026 0.0260582 0.0303134 0.0335821 0.0354998 0.0359033 0.0348606 0.0326385 0.0296231 0.0262215 0.0227778 0.0195261 0.0165847 0.0139808 0.0116898 0.00967015
 1.02811e-16 2.36914e-05 0.00013902 0.000660776 0.00254392 0.00793289 0.0200381 0.0410022 0.0679721 0.0913039 0.0994075 0.0878052 0.063117 0.037367 0.0191289 0.010122 0.00785814 0.00936384 0.0127839 0.0172168 0.0221352 0.0270454 0.0314138 0.0347309 0.0366159 0.0369009 0.0356622 0.0331864 0.0298869 0.0261999 0.0224958 0.0190283 0.015927 0.0132228 0.010888 0.00887355
 1.03358e-16 2.01535e-05 0.000118244 0.000561995 0.00216357 0.00674676 0.0170421 0.0348726 0.0578138 0.0776683 0.0845867 0.0747739 0.0538799 0.03216 0.0169463 0.00974881 0.00850011 0.010708 0.0148035 0.0199858 0.0257217 0.0314604 0.036589 0.0405181 0.0428038 0.0432452 0.0419216 0.0391541 0.0354103 0.0311865 0.0269064 0.0228627 0.0192094 0.0159898 0.0131816 0.0107387
 1.04059e-16 2.09786e-05 0.000123093 0.000585057 0.00225238 0.00702374 0.0177416 0.0363036 0.0601842 0.080847 0.0880333 0.0777845 0.0559707 0.0332508 0.0172348 0.00946815 0.00777347 0.00954173 0.0131456 0.0177871 0.0229807 0.0282499 0.0330671 0.0369178 0.0394042 0.0403277 0.0397227 0.0378261 0.035 0.031636 0.0280728 0.0245509 0.0212073 0.0180991 0.0152392 0.0126267
 1.04031e-16 2.19493e-05 0.000128793 0.000612156 0.00235672 0.00734912 0.0185635 0.0379852 0.0629712 0.0845885 0.0921015 0.0813649 0.0585161 0.0347007 0.0178712 0.00963266 0.00769366 0.00931319 0.0127829 0.0172714 0.0222854 0.0273534 0.0319583 0.0356001 0.0378968 0.0386655 0.0379538 0.036008 0.0331956 0.0299078 0.0264782 0.0231373 0.0200076 0.0171295 0.0144987 0.0120987
 1.03193e-16 2.54346e-05 0.000149259 0.000709463 0.0027314 0.00851753 0.0215148 0.0440233 0.0729781 0.0980215 0.106703 0.0942072 0.0676267 0.0398514 0.0200595 0.0100643 0.00716223 0.00813961 0.0110053 0.0148249 0.0191037 0.0234163 0.0273118 0.030358 0.0322273 0.0327666 0.0320241 0.0302219 0.0276872 0.0247676 0.0217588 0.0188641 0.0161902 0.0137687 0.0115894 0.00962928
 1.02715e-16 2.39753e-05 0.000140686 0.000668698 0.00257442 0.00802801 0.0202783 0.0414939 0.068787 0.0923982 0.100598 0.0888549 0.0638674 0.0378027 0.0193359 0.010205 0.00788955 0.00937797 0.0127906 0.0172136 0.0221132 0.0269912 0.0313108 0.0345613 0.0363638 0.0365549 0.0352191 0.0326528 0.0292795 0.0255441 0.0218223 0.0183689 0.0153106 0.0126722 0.0104175 0.00848892
 1.03462e-16 1.91557e-05 0.000112385 0.000534137 0.0020563 0.00641226 0.0161972 0.033144 0.0549491 0.0738231 0.0804077 0.0711003 0.0512778 0.0306973 0.0163408 0.00966028 0.00870748 0.0111262 0.0154278 0.0208388 0.0268226 0.0328091 0.0381604 0.0422615 0.044649 0.0451126 0.0437339 0.0408465 0.0369376 0.0325245 0.0280494 0.0238191 0.0199954 0.0166253 0.0136872 0.0111339
 1.03891e-16 2.32679e-05 0.000136538 0.000648984 0.00249853 0.00779136 0.0196805 0.0402704 0.0667579 0.0896699 0.0976205 0.0862079 0.061928 0.0365814 0.0185781 0.00959465 0.00717788 0.00840611 0.0114697 0.0155142 0.0200722 0.0247241 0.0290139 0.0324963 0.0348231 0.035814 0.0354859 0.034028 0.0317372 0.0289372 0.0259105 0.0228602 0.0199063 0.0171057 0.0144817 0.012048
 1.03621e-16 2.19932e-05 0.000129049 0.000613369 0.00236139 0.00736366 0.0186003 0.0380605 0.0630966 0.0847586 0.092291 0.0815425 0.058666 0.0348338 0.0180205 0.00984088 0.00800487 0.00976781 0.0134128 0.0180924 0.0232877 0.0284935 0.0331571 0.0367486 0.0388706 0.0393446 0.0382444 0.0358595 0.0326088 0.0289336 0.0252059 0.021678 0.0184762 0.015629 0.0131097 0.0108746
 1.05139e-16 1.3085e-05 7.67375e-05 0.000364649 0.00140371 0.00437714 0.0110568 0.0226269 0.0375191 0.0504251 0.0549727 0.0487281 0.0354012 0.0217109 0.0125028 0.00886441 0.00956375 0.0130674 0.01838 0.0249105 0.0321299 0.0393949 0.0459601 0.0510994 0.0542591 0.0551774 0.0539307 0.0508877 0.0465957 0.0416389 0.0365171 0.0315781 0.0270092 0.0228719 0.0191562 0.0158289
pSPR Fmed_Fpbrs
0.648658   0.255595 0.255595
Fs Fmed_Fpbrs
0.230878   1.005 1.005
SSBpbr Bo_Bmed_Bpbrs
1.17525e+06  703571  241625 241625
Ro
47098.7
SPR SPRFo_SPRFmed_SPRFpbrs
968481 628213 247539
log_Ro
10.58
likeval ReclasPelacesDesembMPH_pf_preclas_ppelaces_ptallas_desvR_qrecl_qpela
 137.37 68.6425 0.160865 0.000872269 345.157 212.858 81.7061 0 13.6366 0 0 0 0 0 0
q_reclas_q_pelaces
1 1
M
0.7
N
 64479 28001.1 13904.9 6904.99 6811.32
 52748.1 30030.6 12231.3 6073.88 5991.48
 26095.3 24212.7 12742.2 5189.82 5119.42
 35536.4 10828.3 8395.52 4418.23 3574.63
 72296.1 16879.7 4919.81 3814.48 3631.53
 56678.5 35518.7 8204.54 2391.33 3619.21
 107246 24571.1 13442.3 3105.08 2274.74
 66560.5 49322.8 10465.7 5725.56 2291.45
 141591 28276.8 17925.9 3803.64 2913.7
 97675.9 59572.4 10079.8 6390.05 2394.53
 83560.7 42492 22703.4 3841.48 3347.85
 53424.4 30961.3 11747.6 6276.69 1987.6
 45205.3 20466.9 9150.58 3471.98 2442.5
 31515.6 15617.7 4919.38 2199.42 1421.59
 20194.6 8632.46 2359.61 743.25 547.084
 17306.1 6255.9 1668.21 455.992 249.356
 14761.7 7014.4 2069.55 551.871 233.34
 16352.7 6219.86 2507.75 739.895 280.725
 20504.1 7217.73 2440.1 983.81 400.397
 35269.6 9187.25 2918.08 986.516 559.626
 50750.7 15942.9 3780.27 1200.7 636.19
 50738.1 24172.3 7283.26 1726.96 839.155
 83679.3 23815 10724 3231.21 1138.45
 106160 38666.9 10240 4611.11 1878.87
 59045.6 49172.8 16706 4424.19 2804
pred_Ctot
 2890.82 2441.81 1212.57 602.144 593.975
 2882.28 3172.1 1291.98 641.579 632.875
 3117.13 5363.78 2822.74 1149.69 1134.09
 1113.91 665.793 516.209 271.66 219.79
 554.254 257.595 75.0796 58.2114 55.4195
 5217.57 6172 1425.68 415.536 628.901
 5722.29 2536.42 1387.62 320.53 234.816
 6979.53 9682.73 2054.55 1124 449.842
 15702.9 5848.12 3707.38 786.658 602.603
 8774.08 10115.7 1711.62 1085.07 406.606
 15514.1 14005.2 7482.96 1266.14 1103.44
 8912.49 9285.29 3523.09 1882.38 596.081
 10100.3 7913.48 3538.06 1342.43 944.39
 10513.4 8347.41 2629.34 1175.56 759.822
 5612.73 3998.53 1092.97 344.271 253.408
 2314.5 1537.22 409.919 112.048 61.2725
 1623.69 1439.65 424.758 113.267 47.8912
 1316.37 952.137 383.887 113.263 42.9733
 1449.23 976.209 330.028 133.062 54.1544
 2288.28 1144.82 363.621 122.929 69.7347
 1494.86 922.226 218.672 69.4553 36.8008
 2006.18 1865.22 562.002 133.258 64.7522
 4198.52 2316.36 1043.07 314.283 110.731
 5154.12 3642.95 964.746 434.43 177.015
 2798.25 4525.44 1537.48 407.164 258.056
F
 0.0641232 0.128246 0.128246 0.128246 0.128246
 0.0786492 0.157298 0.157298 0.157298 0.157298
 0.17959 0.359179 0.359179 0.359179 0.359179
 0.0444478 0.0888956 0.0888956 0.0888956 0.0888956
 0.0107108 0.0214215 0.0214215 0.0214215 0.0214215
 0.135825 0.271649 0.271649 0.271649 0.271649
 0.076735 0.15347 0.15347 0.15347 0.15347
 0.156071 0.312141 0.312141 0.312141 0.312141
 0.165752 0.331504 0.331504 0.331504 0.331504
 0.132339 0.264679 0.264679 0.264679 0.264679
 0.292835 0.58567 0.58567 0.58567 0.58567
 0.25946 0.51892 0.51892 0.51892 0.51892
 0.362813 0.725625 0.725625 0.725625 0.725625
 0.594953 1.18991 1.18991 1.18991 1.18991
 0.471888 0.943777 0.943777 0.943777 0.943777
 0.203096 0.406192 0.406192 0.406192 0.406192
 0.16429 0.328579 0.328579 0.328579 0.328579
 0.117854 0.235709 0.235709 0.235709 0.235709
 0.102807 0.205614 0.205614 0.205614 0.205614
 0.0940103 0.188021 0.188021 0.188021 0.188021
 0.0417168 0.0834336 0.0834336 0.0834336 0.0834336
 0.0563605 0.112721 0.112721 0.112721 0.112721
 0.0720089 0.144018 0.144018 0.144018 0.144018
 0.0696059 0.139212 0.139212 0.139212 0.139212
 0.0678933 0.135787 0.135787 0.135787 0.135787
YTP_r0W_actual
 31340.4 99559.7 50736.8 16734.5 11044.8
YTP_p0W_proyectada
 107245 282765 320788 142170 61664.2
 107245 133836 74936.6 76065.2 34892.1
CTP_r0_actual
 2798.25 4525.44 1537.48 407.164 258.056
CTP_p0_proyectada
 12617.1 13213.3 10281.7 3493.11 1326.11
 12617.1 6254.04 2401.81 1868.92 750.367
Wmedp
 8.5 21.4 31.2 40.7 46.5
nmprior
 10.6 11 7 0
nm_flota  nm_reclas  nm_pelaces    nm_pelaL
inf 13.7711 13.3283 28.9872
cv_recla  cv_pelaces  cv_mph
1.06016 0.93944 0.958216
 ------------------------------------------------
Talla a la edad & desviaci?n 
 7.2 14.2025 17.0495 18.207 18.6776
 1.08 2.13037 2.55742 2.73105 2.80164
