years
 1997 1998 1999 2000 2001 2002 2003 2004 2005 2006 2007 2008 2009 2010 2011 2012 2013 2014 2015 2016 2017 2018 2019 2020 2021
reclasobs
 0 0 0 370054 412103 1.49427e+06 250295 1.28982e+06 931140 785840 897777 1.04006e+06 184774 17550 25797 100020 73551 82996 120727 218422 84188 347160 605670 569463 516374
reclaspred
 1.50471e+06 285157 605331 206049 202411 212202 452159 585724 1.00664e+06 1.27778e+06 1.13277e+06 587978 389649 201559 144751 150110 152221 178762 159226 223073 343341 347077 621309 597561 600921
pelacesobs
 0 0 0 0 0 0 0 0 0 2.06254e+06 1.5e+06 0 1.87456e+06 323000 250000 174000 83755 137374 0 501740 490994 745055 786931 1.00524e+06 1.33801e+06
pelacespred
 859771 300749 176113 147960 123351 80801.4 231106 337053 569450 754192 578234 299641 207571 84844.7 62935.6 73613.1 78713.1 90026 84901.9 111766 188590 196062 264543 323586 295202
mphobs
 0 0 0 0 0 112323 0 153150 637223 0 255016 313432 73983 77613 109348 50772 0 0 0 0 0 0 0 0 0
mphpred
 1.13795e+06 540247 415025 270546 151446 216861 254328 437317 740371 1.0474e+06 1.23133e+06 695567 347768 280213 118364 130416 127986 150518 146896 155437 262710 300405 436392 511475 574787
desembarqueobs
 350755 77701 442110 56441 14545 235359 269955 359681 431902 328805 639364 411747 362871 311530 167758 66681 60226 58785 57116 73181 50977 67692 138656 160484 209506
desembarquepred
 350803 77721.1 441880 56602.9 14617.4 235932 269386 359323 431716 328898 638629 412955 361814 310999 167637 66623.3 59825 58503.6 57085.8 73241.3 50806.7 67473.9 138595 160259 209402
Reclutas
 40795.5 50459.3 4460.56 5492.66 30704.7 25271.3 51743.4 111387 138778 165045 31691.4 15802.6 84605.1 19463.4 25876.1 14545.6 12415.4 9252.88 12057.5 27508.4 24202.7 51870.9 41651.6 57013.9 5032.64
log_desv_Rt
 0.396328 0.608922 -1.81697 -1.60883 0.11217 -0.0825763 0.634051 1.40077 1.62063 1.79398 0.143802 -0.552073 1.12575 -0.34371 -0.0589248 -0.634958 -0.793305 -1.08731 -0.82256 0.0022449 -0.12578 0.636513 0.417094 0.73105 -1.6963
SSB
 1.13795e+06 540247 415025 270546 151446 216861 254328 437317 740371 1.0474e+06 1.23133e+06 695567 347768 280213 118364 130416 127986 150518 146896 155437 262710 300405 436392 511475 574787
BT
 2.43097e+06 709007 574208 343795 312776 349805 919396 1.29706e+06 1.91752e+06 2.121e+06 1.68832e+06 959139 912452 469175 309979 213998 229452 240395 228961 335459 473050 481372 631750 843513 713472
Ftot
 0.225347 0.262954 0.676178 0.264521 0.0705263 1.00042 0.565359 0.582791 0.41077 0.248817 0.530691 0.652916 0.860309 1.32751 1.05293 0.422994 0.376267 0.314394 0.343754 0.316151 0.143849 0.188525 0.215705 0.258803 0.33356
BD_Bspro_t
 0.966806 0.799521 0.666089 0.386801 0.381043 0.531863 0.416423 0.510606 0.585932 0.61152 0.616054 0.408373 0.273256 0.26295 0.144869 0.178114 0.223691 0.328415 0.381417 0.460016 0.609564 0.699804 0.738719 0.707356 0.671329
BD_Bspro
 2.01628 0.957238 0.735364 0.479368 0.268339 0.384246 0.450631 0.774862 1.31183 1.85583 2.18173 1.23244 0.616194 0.496497 0.209724 0.231077 0.226773 0.266696 0.260279 0.275411 0.465484 0.532273 0.773223 0.906258 1.01844
BD_Bo
 1.24439 0.590778 0.453844 0.295852 0.165611 0.237145 0.278116 0.478222 0.809621 1.14537 1.3465 0.760626 0.380296 0.306423 0.129435 0.142614 0.139957 0.164597 0.160636 0.169975 0.287283 0.328503 0.47721 0.559315 0.628549
BD_Brms
 6.05263 2.87351 2.20747 1.439 0.805521 1.15346 1.35274 2.32604 3.93794 5.57098 6.54928 3.69963 1.84973 1.49042 0.629564 0.693664 0.680744 0.800586 0.781323 0.826748 1.39732 1.59782 2.32112 2.72047 3.05722
S_f
 0.5 1 1 1 1
 0.5 1 1 1 1
 0.5 1 1 1 1
 0.5 1 1 1 1
 0.5 1 1 1 1
 0.5 1 1 1 1
 0.5 1 1 1 1
 0.5 1 1 1 1
 0.5 1 1 1 1
 0.5 1 1 1 1
 0.5 1 1 1 1
 0.5 1 1 1 1
 0.5 1 1 1 1
 0.5 1 1 1 1
 0.5 1 1 1 1
 0.5 1 1 1 1
 0.5 1 1 1 1
 0.5 1 1 1 1
 0.5 1 1 1 1
 0.5 1 1 1 1
 0.5 1 1 1 1
 0.5 1 1 1 1
 0.5 1 1 1 1
 0.5 1 1 1 1
 0.5 1 1 1 1
Scru_reclas
 0.5 1 1 1 1
 0.5 1 1 1 1
 0.5 1 1 1 1
 0.5 1 1 1 1
 0.5 1 1 1 1
 0.5 1 1 1 1
 0.5 1 1 1 1
 0.5 1 1 1 1
 0.5 1 1 1 1
 0.5 1 1 1 1
 0.5 1 1 1 1
 0.5 1 1 1 1
 0.5 1 1 1 1
 0.5 1 1 1 1
 0.5 1 1 1 1
 0.5 1 1 1 1
 0.5 1 1 1 1
 0.5 1 1 1 1
 0.5 1 1 1 1
 0.5 1 1 1 1
 0.5 1 1 1 1
 0.5 1 1 1 1
 0.5 1 1 1 1
 0.5 1 1 1 1
 0.5 1 1 1 1
Scru_pelaces
 0.5 1 1 1 1
 0.5 1 1 1 1
 0.5 1 1 1 1
 0.5 1 1 1 1
 0.5 1 1 1 1
 0.5 1 1 1 1
 0.5 1 1 1 1
 0.5 1 1 1 1
 0.5 1 1 1 1
 0.5 1 1 1 1
 0.5 1 1 1 1
 0.5 1 1 1 1
 0.5 1 1 1 1
 0.5 1 1 1 1
 0.5 1 1 1 1
 0.5 1 1 1 1
 0.5 1 1 1 1
 0.5 1 1 1 1
 0.5 1 1 1 1
 0.5 1 1 1 1
 0.5 1 1 1 1
 0.5 1 1 1 1
 0.5 1 1 1 1
 0.5 1 1 1 1
 0.5 1 1 1 1
pf_obs 
 0.256992 0.487395 0.22802 0.0275931 0
 0.321318 0.546541 0.124235 0.00734118 0.000564706
 0.182869 0.594174 0.210203 0.0122559 0.00049798
 0.330522 0.361315 0.267642 0.0388342 0.00168674
 0.649043 0.306663 0.0425973 0.00169635 0
 0.582887 0.30429 0.105238 0.00758474 0
 0.465427 0.430635 0.0974691 0.00646863 0
 0.296916 0.608066 0.0921331 0.00288517 0
 0.311714 0.524322 0.152257 0.0117073 0
 0.15457 0.633149 0.183074 0.0267441 0.00246327
 0.131901 0.49318 0.331252 0.0422183 0.00144891
 0.196976 0.569456 0.194076 0.0375587 0.00193317
 0.518974 0.381816 0.0799577 0.0180837 0.00116848
 0.0928022 0.601141 0.25162 0.0475244 0.00691264
 0.122501 0.610282 0.24278 0.0234846 0.000952079
 0.383417 0.481906 0.127806 0.00687128 0
 0.0376549 0.599619 0.316969 0.0457579 0
 0.0361596 0.667082 0.258105 0.0386534 0
 0.158088 0.579412 0.248529 0.0139706 0
 0.0477256 0.309471 0.559284 0.082774 0.000745712
 0.0406174 0.521527 0.379366 0.0568643 0.0016247
 0.151134 0.462217 0.34131 0.0453401 0
 0.294876 0.26143 0.354403 0.0886775 0.000613685
 0.281977 0.475581 0.204845 0.0348837 0.00271318
 0.0841818 0.532909 0.334909 0.0458182 0.00218182
pf_pred 
 0.397742 0.303185 0.150557 0.0747646 0.0737504
 0.463002 0.314056 0.112232 0.0557329 0.0549768
 0.0703027 0.604575 0.190144 0.0679505 0.0670286
 0.223206 0.121347 0.426231 0.134053 0.0951617
 0.714042 0.109441 0.0275747 0.096856 0.0520864
 0.46502 0.447192 0.0335979 0.00846529 0.0457245
 0.728429 0.190907 0.0674278 0.0050659 0.00817076
 0.736623 0.227501 0.0252199 0.00890761 0.00174864
 0.613894 0.335623 0.043606 0.00483401 0.00204253
 0.54801 0.353392 0.0857072 0.0111356 0.00175604
 0.149945 0.614192 0.184411 0.0447248 0.00672725
 0.17904 0.239767 0.419931 0.126084 0.0351784
 0.753853 0.0852665 0.0469862 0.082292 0.0316019
 0.287332 0.633119 0.0275561 0.0151848 0.0368078
 0.636505 0.20041 0.144881 0.00630586 0.0118978
 0.464573 0.443949 0.050436 0.0364614 0.00458121
 0.432225 0.376166 0.158872 0.0180491 0.0146876
 0.378596 0.391104 0.15258 0.0644416 0.0132786
 0.485475 0.294095 0.138736 0.0541248 0.0275698
 0.66341 0.227463 0.062375 0.0294248 0.0173267
 0.465004 0.434402 0.06798 0.0186415 0.0139722
 0.608721 0.252066 0.113037 0.0176893 0.00848651
 0.416313 0.447406 0.0877933 0.0393702 0.00911689
 0.494385 0.304743 0.153972 0.0302136 0.0166866
 0.0685471 0.631587 0.180734 0.0913164 0.0278151
pobs_RECLAS
 0 0 0 0 0
 0 0 0 0 0
 0 0 0 0 0
 0 0 0 0 0
 0.835266 0.146461 0.0176864 0.000547809 3.91292e-05
 0.385257 0.428462 0.181853 0.0044286 0
 0.867414 0.0963971 0.0333333 0.00285562 0
 0.441836 0.489002 0.0689373 0.000224442 0
 0.779404 0.147425 0.0564933 0.0165055 0.000172143
 0.814271 0.122319 0.05973 0.00367925 0
 0.40263 0.566651 0.0304383 0.000280538 0
 0.475488 0.404961 0.113038 0.00651328 0
 0.955842 0.0263864 0.0167828 0.000988607 0
 0.975058 0.0227948 0.00214734 0 0
 0.738997 0.206755 0.0527124 0.00153531 0
 0.850938 0.134255 0.0134407 0.00136685 0
 0.542534 0.407297 0.0501686 0 0
 0.764087 0.199537 0.0359546 0.000420521 0
 0.470689 0.182191 0.310203 0.0369168 0
 0.84361 0.089868 0.0606195 0.00523954 0.000663233
 0.607945 0.314616 0.071237 0.00620181 0
 0.523733 0.453247 0.0230204 0 0
 0.530135 0.295979 0.169645 0.0042399 0
 0.562478 0.366248 0.0663022 0.0049721 0
 0.250443 0.683176 0.0655157 0.000865301 0
ppred_RECLAS
 0.399674 0.302213 0.150075 0.0745248 0.0735138
 0.465414 0.312645 0.111728 0.0554825 0.0547298
 0.0725036 0.603143 0.189694 0.0677896 0.06687
 0.224905 0.121082 0.425299 0.13376 0.0949536
 0.714489 0.10927 0.0275316 0.0967044 0.0520049
 0.47957 0.43503 0.0326841 0.00823506 0.044481
 0.733527 0.187323 0.0661618 0.00497079 0.00801736
 0.741833 0.223001 0.0247211 0.00873142 0.00171405
 0.617908 0.332134 0.0431528 0.00478376 0.0020213
 0.550256 0.351635 0.0852813 0.0110802 0.00174732
 0.153004 0.611982 0.183747 0.0445638 0.00670305
 0.183734 0.238396 0.41753 0.125363 0.0349772
 0.762433 0.0822945 0.0453484 0.0794236 0.0305004
 0.305991 0.616543 0.0268346 0.0147872 0.0358441
 0.650952 0.192445 0.139123 0.00605525 0.011425
 0.468959 0.440312 0.0500228 0.0361627 0.00454368
 0.435948 0.3737 0.157831 0.0179308 0.0145913
 0.381443 0.389312 0.151881 0.0641464 0.0132178
 0.48885 0.292165 0.137826 0.0537697 0.0273889
 0.666122 0.225631 0.0618725 0.0291878 0.0171872
 0.466196 0.433434 0.0678285 0.0186 0.0139411
 0.610276 0.251064 0.112588 0.017619 0.00845279
 0.418174 0.44598 0.0875135 0.0392448 0.00908784
 0.496764 0.303309 0.153248 0.0300714 0.0166081
 0.0693824 0.631021 0.180572 0.0912345 0.0277902
pobs_PELACES
 0 0 0 0 0
 0 0 0 0 0
 0 0 0 0 0
 0 0 0 0 0
 0 0 0 0 0
 0 0 0 0 0
 0 0 0 0 0
 0 0 0 0 0
 0 0 0 0 0
 0 0 0 0 0
 0.450072 0.473896 0.0757376 0.000293798 0
 0 0 0 0 0
 0.463077 0.371075 0.160297 0.00555027 0
 0.529543 0.364841 0.0842815 0.0213345 0
 0.631943 0.363953 0.00410389 0 0
 0.735681 0.248677 0.0153453 0.000297389 0
 0.695825 0.281241 0.0229344 0 0
 0.275771 0.60734 0.115278 0.00161068 0
 0 0 0 0 0
 0.896147 0.0623911 0.0374545 0.00400742 0
 0.803859 0.145111 0.0509908 3.86294e-05 0
 0.739449 0.233085 0.0266225 0.000797448 4.60066e-05
 0.878498 0.100942 0.0204185 0.000141795 0
 0.694673 0.275183 0.0284847 0.00165964 0
 0.469039 0.446079 0.0841089 0.000773354 0
ppred_PELACES
 0.408628 0.297706 0.147836 0.0734133 0.0724174
 0.476224 0.306323 0.109469 0.0543606 0.0536232
 0.0803735 0.598026 0.188084 0.0672144 0.0663026
 0.232605 0.119879 0.421075 0.132431 0.0940104
 0.716857 0.108364 0.0273032 0.0959024 0.0515736
 0.520814 0.400554 0.0300939 0.00758243 0.0409558
 0.75136 0.174787 0.0617343 0.00463814 0.00748083
 0.759817 0.207466 0.022999 0.00812317 0.00159465
 0.633777 0.31834 0.0413605 0.00458508 0.00193735
 0.560394 0.343709 0.0833589 0.0108305 0.00170793
 0.164699 0.603532 0.18121 0.0439485 0.00661049
 0.200444 0.233516 0.408982 0.122797 0.0342612
 0.787181 0.0737216 0.0406244 0.0711499 0.0273231
 0.354368 0.573566 0.0249641 0.0137565 0.0333455
 0.689323 0.171289 0.123829 0.00538958 0.010169
 0.486371 0.425875 0.0483826 0.034977 0.0043947
 0.45127 0.363548 0.153543 0.0174437 0.0141949
 0.393755 0.381563 0.148858 0.0628696 0.0129547
 0.503028 0.284061 0.134003 0.0522782 0.0266292
 0.677621 0.21786 0.0597415 0.0281825 0.0165952
 0.472107 0.428635 0.0670774 0.018394 0.0137867
 0.617649 0.246315 0.110458 0.0172857 0.00829289
 0.426858 0.439324 0.0862074 0.038659 0.0089522
 0.507439 0.296875 0.149997 0.0294335 0.0162558
 0.0730214 0.628553 0.179866 0.0908778 0.0276815
pobs_pel_tallas
 0 0 0 0 0 0 0 0 0 0 0 0 0 0 0 0 0 0 0 0 0 0 0 0 0 0 0 0 0 0 0 0 0 0 0 0
 0 0 0 0 0 0 0 0 0 0 0 0 0 0 0 0 0 0 0 0 0 0 0 0 0 0 0 0 0 0 0 0 0 0 0 0
 0 0 0 0 0 0 0 0 0 0 0 0 0 0 0 0 0 0 0 0 0 0 0 0 0 0 0 0 0 0 0 0 0 0 0 0
 0 0 0 0 0 0 0 0 0 0 0 0 0 0 0 0 0 0 0 0 0 0 0 0 0 0 0 0 0 0 0 0 0 0 0 0
 0 0 0 0 0 0 0 0 0 0 0 0 0 0 0 0 0 0 0 0 0 0 0 0 0 0 0 0 0 0 0 0 0 0 0 0
 0 0 0 0 0 0 0 0 0 0 0 0 0 0 0 0 0 0 0 0 0 0 0 0 0 0 0 0 0 0 0 0 0 0 0 0
 0 0 0 0 0 0 0 0 0 0 0 0 0 0 0 0 0 0 0 0 0 0 0 0 0 0 0 0 0 0 0 0 0 0 0 0
 0 0 0 0 0 0 0 0 0 0 0 0 0 0 0 0 0 0 0 0 0 0 0 0 0 0 0 0 0 0 0 0 0 0 0 0
 0 0 0 0 0 0 0 0 0 0 0 0 0 0 0 0 0 0 0 0 0 0 0 0 0 0 0 0 0 0 0 0 0 0 0 0
 0 0 0 0 0 0 0 0 0 0 0 0 0 0 0 0 0 0 0 0 0 0 0 0 0 0 0 0 0 0 0 0 0 0 0 0
 0 0 0 0 0 0 0 0 1.78061e-05 0.00172719 0.00360574 0.0105946 0.0120993 0.0124554 0.0147524 0.0171206 0.0266825 0.0428682 0.0675386 0.121331 0.153587 0.119568 0.100827 0.0573624 0.0630603 0.0341343 0.0324427 0.0444173 0.0211091 0.0280891 0.0125444 0.00206551 0 0 0 0
 0 0 0 0 0 0 0 0 0 0 0 0 0 0 0 0 0 0 0 0 0 0 0 0 0 0 0 0 0 0 0 0 0 0 0 0
 0 0 0 0 0 0 0.0133647 0.0140871 0.0187388 0.0205184 0.03894 0.0496705 0.03968 0.0493445 0.0407372 0.0367815 0.0215668 0.0243155 0.0234873 0.0199281 0.019796 0.0243948 0.0301388 0.0376714 0.0412746 0.0863199 0.0771752 0.113111 0.0741005 0.0525337 0.0229764 0.00759418 0.00175318 0 0 0
 0 0 0 0 0 0 0 0 0 0 0.00219441 0.00772107 0.0458388 0.0604681 0.0671733 0.0775358 0.0609151 0.0617685 0.073594 0.0568108 0.0755445 0.0548602 0.0670107 0.0636378 0.0643287 0.046367 0.0373049 0.0286899 0.0247887 0.0153202 0.00654259 0.00121912 0.000365735 0 0 0
 0 0 0 0 0 0 0 0 0 0 0 0 0.000112435 0.00938835 0.0111873 0.0202946 0.0414886 0.0713402 0.111592 0.104902 0.108894 0.110636 0.117776 0.105296 0.107544 0.0401394 0.0192827 0.0124803 0.00416011 0.0028671 0.000618394 0 0 0 0 0
 0 0 0 0 0 0 0 0 0 0 0.00291406 0.0102884 0.027416 0.0768956 0.0749926 0.110853 0.0956884 0.0897413 0.0766577 0.0534642 0.0500743 0.0551293 0.0594112 0.0620874 0.0668451 0.0424026 0.0208742 0.0120726 0.0048766 0.00582813 0.00118941 0.000297354 0 0 0 0
 0 0.00264628 0.0354308 0.0461629 0.0458689 0.0383711 0.0214643 0.0164657 0.0346957 0.0420465 0.0363128 0.0245516 0.0311673 0.0291091 0.0169068 0.0133784 0.00837989 0.0085269 0.0148486 0.0160247 0.0276389 0.0546898 0.0760071 0.122758 0.109233 0.0665981 0.0333725 0.0166128 0.00676272 0.00308733 0.000882094 0 0 0 0 0
 0 0 0 0 0 0 0 0.000805153 0.000690131 0.00759144 0.0133425 0.0154129 0.00931677 0.000345066 0.00356568 0.00563607 0.00851162 0.0253048 0.0502646 0.0516448 0.0657925 0.0565908 0.0611916 0.0827007 0.0866115 0.110766 0.145733 0.0935128 0.0569358 0.0249597 0.0138026 0.00621118 0.00161031 0.00115022 0 0
 0 0 0 0 0 0 0 0 0 0 0 0 0 0 0 0 0 0 0 0 0 0 0 0 0 0 0 0 0 0 0 0 0 0 0 0
 0.00147267 0.00158595 0.00478618 0.00569244 0.00954404 0.0108468 0.00647125 0.017049 0.0510054 0.094081 0.124002 0.0959785 0.0687766 0.0820023 0.061753 0.0591476 0.0492212 0.0479892 0.0443925 0.0268479 0.0217502 0.0140895 0.0121071 0.0120363 0.00920419 0.00665534 0.0049561 0.00860946 0.00930331 0.0156896 0.0114698 0.00855282 0.00243557 0.00046729 0 2.83206e-05
 0 0 0 0 0.000772559 0.00158375 0.000888443 0.00281984 0.00712685 0.0440552 0.0773331 0.111326 0.0921469 0.0852325 0.0710754 0.0886704 0.0786465 0.0553345 0.0373146 0.0185414 0.00753245 0.00457741 0.012979 0.0271748 0.0457355 0.0583668 0.034881 0.0177882 0.00938659 0.00492506 0.0015258 0.00185414 0.000309023 5.79419e-05 3.86279e-05 0
 0 0.00173294 0.00326652 0 0.00397197 0.00683976 0.00946217 0.0152591 0.00757587 0.0136028 0.0228656 0.0392903 0.0559909 0.0764795 0.0681675 0.0726916 0.0566044 0.0477403 0.0527397 0.0444891 0.0609904 0.0582453 0.0661739 0.0445044 0.0529084 0.0360697 0.0280645 0.0235558 0.0158879 0.00826598 0.00280645 0.00217768 0.000904811 0.00058276 9.20147e-05 0
 0 0 0 0 0 0 0 0 0 0 0 0 0 0 0 0 0 0 0 0 0 0 0 0 0 0 0 0 0 0 0 0 0 0 0 0
 0 0 0 0 0 0 0 0 0 0 0 0 0 0 0 0 0 0 0 0 0 0 0 0 0 0 0 0 0 0 0 0 0 0 0 0
 0 0 0 0 0 0 0 0 0 0 0 0 0 0 0 0 0 0 0 0 0 0 0 0 0 0 0 0 0 0 0 0 0 0 0 0
ppred_pel_tallas
 1.08102e-16 1.78429e-05 0.000104687 0.000497562 0.00191552 0.00597324 0.0150881 0.0308741 0.0511839 0.0687589 0.0748769 0.0661743 0.0476484 0.0283716 0.0148272 0.00834506 0.00709281 0.00887333 0.0123245 0.0167869 0.0218607 0.0271461 0.0321897 0.0365391 0.0398302 0.0418575 0.0426019 0.0422048 0.040905 0.0389606 0.0365876 0.0339306 0.0310686 0.0280419 0.024886 0.0216548
 1.06028e-16 2.07907e-05 0.000121993 0.000579833 0.00223228 0.00696105 0.0175833 0.0359794 0.0596461 0.080122 0.0872388 0.0770701 0.0554297 0.0328756 0.0169416 0.00915024 0.00733516 0.00890577 0.012252 0.0165972 0.0214867 0.0264875 0.0311223 0.0349264 0.0375402 0.038783 0.0386819 0.0374414 0.0353715 0.0327997 0.0299989 0.0271494 0.0243405 0.0215976 0.0189198 0.0163103
 1.08273e-16 3.54179e-06 2.06992e-05 9.82109e-05 0.000377809 0.00117789 0.00297589 0.00609381 0.0101192 0.0136445 0.0149922 0.0135674 0.0104612 0.00761849 0.00652978 0.00771235 0.0110624 0.0163394 0.0233181 0.031684 0.0409047 0.0502027 0.0586465 0.0653247 0.0695428 0.0709733 0.0697128 0.0662215 0.0611779 0.0552989 0.0491887 0.0432556 0.037706 0.0325939 0.0278929 0.02356
 1.1496e-16 1.01609e-05 5.96018e-05 0.000283253 0.00109043 0.00340028 0.00858889 0.0175749 0.0291362 0.0391407 0.0426235 0.0376702 0.0271269 0.0161621 0.00847628 0.00484775 0.00427301 0.00556716 0.00805289 0.0114855 0.0157907 0.0208939 0.0266548 0.0328568 0.0392194 0.0454172 0.0511018 0.0559225 0.059551 0.0617111 0.0622122 0.0609811 0.058085 0.0537319 0.0482512 0.0420498
 1.06129e-16 3.12752e-05 0.000183565 0.000872594 0.00335955 0.0104765 0.0264627 0.0541457 0.089751 0.120528 0.131147 0.115652 0.0827246 0.0481522 0.0231346 0.00979597 0.00470717 0.00384342 0.00475397 0.00639231 0.00837495 0.0105133 0.0126488 0.014631 0.0163381 0.0176973 0.0186909 0.0193441 0.0197012 0.0198003 0.0196556 0.019256 0.0185756 0.0175929 0.0163088 0.0147572
 1.02732e-16 2.27388e-05 0.000133421 0.000634146 0.00244137 0.00761306 0.0192303 0.03935 0.0652353 0.0876345 0.0954304 0.084335 0.0607156 0.0361313 0.0188373 0.0105139 0.00880036 0.010857 0.0148914 0.0199896 0.0255575 0.0310013 0.0356778 0.0389852 0.040495 0.0400531 0.0378154 0.0341981 0.0297674 0.0251023 0.0206782 0.0167996 0.013591 0.0110335 0.00902267 0.00742526
 1.01443e-16 3.27827e-05 0.000192408 0.000914621 0.00352134 0.010981 0.0277371 0.0567538 0.0940758 0.126341 0.137485 0.121273 0.0868147 0.0506723 0.0246049 0.010861 0.00586514 0.00540582 0.00689947 0.00920342 0.0118351 0.0144862 0.0168655 0.0186999 0.0197829 0.0200182 0.0194369 0.0181812 0.0164614 0.0145033 0.0125022 0.0105963 0.00886189 0.00732597 0.00598497 0.00482289
 1.00748e-16 3.31527e-05 0.000194577 0.000924929 0.00356102 0.0111047 0.0280496 0.0573935 0.095137 0.127769 0.139045 0.122663 0.0878412 0.0513344 0.0250427 0.011249 0.00634469 0.00607178 0.007808 0.010374 0.0132434 0.016055 0.0184632 0.0201512 0.0208924 0.0206028 0.0193603 0.0173797 0.0149565 0.0123967 0.00995596 0.00780387 0.00601804 0.00460067 0.00350679 0.00267216
 1.00939e-16 2.76613e-05 0.000162328 0.000771588 0.00297058 0.00926341 0.0233988 0.0478785 0.079369 0.106606 0.116049 0.10246 0.0735547 0.0433514 0.0218314 0.010964 0.00780295 0.00884093 0.0118931 0.0159157 0.0203362 0.0246557 0.0283524 0.0309399 0.0320683 0.0316069 0.029673 0.0265958 0.0228294 0.018846 0.0150418 0.0116826 0.00889327 0.00668219 0.00498407 0.00370194
 1.01748e-16 2.44626e-05 0.000143546 0.000682291 0.00262675 0.00819119 0.0206905 0.0423373 0.0701854 0.0942768 0.102644 0.0906632 0.06517 0.0385792 0.0197431 0.0104351 0.00808335 0.00961373 0.013105 0.0176187 0.022602 0.0275363 0.0318627 0.035051 0.0367088 0.0366701 0.035029 0.032103 0.0283454 0.0242345 0.0201785 0.0164593 0.0132223 0.0105007 0.00825752 0.00642547
 1.04588e-16 7.21916e-06 4.22877e-05 0.000200843 0.000772966 0.00241016 0.00608852 0.0124625 0.0206755 0.0278195 0.0304126 0.0271578 0.0201646 0.0132303 0.00915631 0.00870027 0.0113429 0.0163555 0.0232079 0.0314458 0.0404752 0.0494831 0.0575108 0.0636268 0.0671295 0.0677013 0.0654696 0.0609453 0.0548738 0.0480486 0.0411498 0.0346519 0.0288086 0.0236959 0.0192825 0.0154938
 1.11702e-16 8.76322e-06 5.13857e-05 0.000244169 0.000939906 0.00293085 0.00740328 0.0151499 0.0251199 0.0337574 0.0367928 0.0325925 0.0236343 0.0144102 0.00815946 0.00561224 0.00596226 0.00822965 0.0118341 0.0165112 0.0220763 0.0282838 0.0347967 0.0412185 0.0471497 0.0522402 0.056223 0.0589205 0.0602341 0.0601283 0.0586218 0.0557914 0.0517824 0.0468147 0.0411762 0.0351978
 1.04323e-16 3.43404e-05 0.000201563 0.000958166 0.00368904 0.011504 0.0290579 0.0594556 0.0985512 0.132342 0.14399 0.126951 0.0907478 0.0527038 0.0250987 0.0102434 0.00434975 0.00298059 0.00343849 0.00458565 0.00603302 0.00762404 0.00924518 0.0107892 0.0121643 0.0133066 0.0141864 0.0148009 0.0151617 0.0152805 0.0151597 0.0147929 0.0141723 0.0132996 0.0121959 0.0109051
 1.02572e-16 1.5488e-05 9.08368e-05 0.000431659 0.00166168 0.0051816 0.0130889 0.0267854 0.0444145 0.0596918 0.0650734 0.0576774 0.0418937 0.0256722 0.0147425 0.0103795 0.0111046 0.0150717 0.0210595 0.0283148 0.0361516 0.0437531 0.0502003 0.0546318 0.0564389 0.0554131 0.0517965 0.0462104 0.0394941 0.0325056 0.0259509 0.0202839 0.0156919 0.0121459 0.00948422 0.00749643
 1.02475e-16 3.00776e-05 0.000176527 0.00083912 0.00323064 0.0100744 0.0254473 0.0520686 0.0863102 0.115914 0.126143 0.111279 0.0796847 0.0465602 0.0227027 0.010187 0.00574732 0.00553623 0.00719898 0.00969946 0.0126006 0.0156161 0.018464 0.0208676 0.0226006 0.0235299 0.0236347 0.0229961 0.0217636 0.0201121 0.0182045 0.0161712 0.0141059 0.0120744 0.010126 0.00830277
 1.02233e-16 2.1238e-05 0.000124608 0.000592241 0.00228001 0.00710987 0.0179593 0.0367497 0.0609261 0.0818505 0.0891448 0.0788107 0.056805 0.0339379 0.0179391 0.0104024 0.00914795 0.0115419 0.0159137 0.0213915 0.0273748 0.0332394 0.0382999 0.041911 0.0436073 0.0432126 0.0408783 0.0370335 0.03227 0.0271995 0.0223307 0.0179992 0.0143558 0.0114031 0.00905293 0.00718345
 1.03561e-16 1.97052e-05 0.000115614 0.000549494 0.00211544 0.00659668 0.016663 0.0340968 0.0565275 0.0759396 0.0827026 0.073105 0.0526701 0.031424 0.0165339 0.00947594 0.00822926 0.0103611 0.0143455 0.0194128 0.0250593 0.0307656 0.0359493 0.040042 0.042605 0.0434212 0.0425329 0.0402093 0.0368616 0.032937 0.0288263 0.0248118 0.0210585 0.0176379 0.0145652 0.0118331
 1.05003e-16 1.7198e-05 0.000100893 0.000479504 0.00184596 0.00575631 0.0145403 0.0297538 0.0493294 0.0662759 0.0721947 0.0638554 0.046091 0.0276693 0.0148711 0.00901638 0.00837523 0.0108513 0.0151232 0.0205031 0.0265044 0.0325976 0.0381804 0.0426632 0.0455893 0.0467303 0.0461242 0.0440397 0.0408881 0.0371124 0.0330943 0.0291026 0.0252885 0.0217138 0.018393 0.0153282
 1.05036e-16 2.19588e-05 0.000128852 0.000612445 0.00235785 0.00735265 0.0185724 0.038003 0.0629997 0.0846234 0.0921307 0.0813698 0.0584743 0.0345852 0.0176462 0.0092484 0.00708706 0.00841462 0.0115303 0.0156297 0.0202673 0.0250353 0.0294868 0.0331818 0.0357727 0.0370735 0.0370878 0.0359851 0.0340373 0.0315414 0.0287543 0.0258586 0.0229615 0.0201165 0.0173528 0.0146986
 1.02663e-16 2.9569e-05 0.000173537 0.000824899 0.00317587 0.00990364 0.0250159 0.0511863 0.0848489 0.113956 0.124022 0.109433 0.0784157 0.0459258 0.0225916 0.0104695 0.00636327 0.00649631 0.00854362 0.0114549 0.0147458 0.0180631 0.0210538 0.0233846 0.024805 0.0252008 0.0246145 0.0232226 0.0212817 0.0190616 0.0167891 0.0146166 0.0126196 0.0108146 0.00918617 0.00771106
 1.02369e-16 2.06162e-05 0.000120957 0.000574883 0.00221318 0.00690145 0.0174329 0.0356725 0.0591409 0.0794538 0.0865384 0.0765162 0.0551723 0.0330048 0.0175237 0.0102842 0.00917889 0.0116583 0.0161042 0.0216667 0.0277518 0.0337342 0.0389238 0.042668 0.0444923 0.0442108 0.0419653 0.0381771 0.0334326 0.0283413 0.0234138 0.0189908 0.0152319 0.0121497 0.00966676 0.00767079
 1.0263e-16 2.69552e-05 0.000158189 0.000751925 0.0028949 0.00902741 0.0228026 0.0466581 0.0773443 0.103881 0.11307 0.0998 0.0715793 0.0420555 0.0209378 0.0101261 0.00673387 0.00734086 0.00983748 0.0132557 0.0171184 0.0210429 0.0246294 0.0274914 0.0293291 0.0299903 0.029497 0.0280233 0.025839 0.0232393 0.0204831 0.0177589 0.015179 0.0127959 0.0106264 0.00867362
 1.03114e-16 1.86436e-05 0.000109375 0.000519818 0.00200116 0.00624028 0.0157628 0.0322556 0.0534776 0.0718504 0.0782704 0.0692373 0.0499926 0.0300444 0.0162045 0.00990525 0.0092683 0.01201 0.0166752 0.0224819 0.0288538 0.0351621 0.0407036 0.0448081 0.0469822 0.0470212 0.0450505 0.0414772 0.036876 0.0318475 0.0268965 0.0223625 0.0184095 0.0150611 0.0122569 0.00990583
 1.03997e-16 2.21517e-05 0.000129983 0.00061782 0.00237854 0.00741716 0.0187354 0.0383366 0.0635529 0.0853674 0.0929431 0.082093 0.0590063 0.0349246 0.0178648 0.00943608 0.00731722 0.00873834 0.0119818 0.0162289 0.0210165 0.025914 0.0304477 0.0341518 0.0366586 0.037773 0.037503 0.0360361 0.033673 0.0307462 0.0275494 0.0242984 0.0211269 0.0181049 0.015268 0.0126403
 1.07174e-16 3.22248e-06 1.88217e-05 8.92784e-05 0.000343406 0.00107059 0.00270491 0.0055396 0.00920149 0.0124148 0.0136613 0.0124108 0.00967095 0.00723326 0.00648429 0.00793203 0.0115194 0.0170534 0.0243305 0.033029 0.0425863 0.0521787 0.0608221 0.0675566 0.0716556 0.0727845 0.071061 0.0669908 0.0613127 0.0548075 0.0481347 0.0417432 0.0358618 0.0305496 0.0257727 0.0214711
pSPR Fmed_Fpbrs
0.517235   0.255595 0.255595
Fs Fmed_Fpbrs
0.378778   1.005 1.005
SSBpbr Bo_Bmed_Bpbrs
914466  427270  188010 188010
Ro
27446.7
SPR SPRFo_SPRFmed_SPRFpbrs
564381 291917 144253
log_Ro
10.04
likeval ReclasPelacesDesembMPH_pf_preclas_ppelaces_ptallas_desvR_qrecl_qpela
 106.135 117.144 0.80044 0.000480529 364.84 218.507 91.463 0 32.3035 0 0 0 0 0 0
q_reclas_q_pelaces
1 1
M
0.7
N
 40795.5 16317.6 8103.08 4023.87 3969.28
 50459.3 18099.8 6468.2 3212.01 3168.44
 4460.56 21970.2 6909.83 2469.32 2435.82
 5492.66 1579.62 5548.41 1745.02 1238.75
 30704.7 2389.66 602.097 2114.86 1137.31
 25271.3 14719.2 1105.86 278.632 1505.01
 51743.4 7609.95 2687.81 201.937 325.704
 111387 19367.9 2147.06 758.334 148.868
 138778 41331.3 5369.99 595.298 251.533
 165045 56119.8 13610.6 1768.37 278.866
 31691.4 72371.5 21729.5 5270.01 792.686
 15802.6 12069.7 21139 6346.99 1770.86
 84605.1 5661.64 3119.85 5464.13 2098.35
 19463.4 27326 1189.35 655.39 1588.66
 25876.1 4976.77 3597.83 156.593 295.458
 14545.6 7590.18 862.302 623.379 78.3249
 12415.4 5846.19 2469.12 280.511 228.268
 9252.88 5107.99 1992.76 841.637 173.425
 12057.5 3926.46 1852.27 722.621 368.084
 27508.4 5042.02 1382.63 652.241 384.07
 24202.7 11662.9 1825.14 500.49 375.129
 51870.9 11184.6 5015.66 784.904 376.562
 41651.6 23441.2 4599.81 2062.75 477.667
 57013.9 18568.9 9381.98 1841 1016.76
 5032.64 24875.7 7118.41 3596.6 1095.53
pred_Ctot
 3146.66 2398.6 1191.11 591.487 583.463
 4504.82 3055.64 1091.98 542.259 534.903
 938.275 8068.78 2537.7 906.882 894.579
 493.12 268.087 941.654 296.158 210.236
 766.663 117.506 29.6068 103.994 55.9248
 7360.71 7078.51 531.814 133.995 723.764
 9313.19 2440.81 862.086 64.7691 104.466
 20591.2 6359.46 704.987 248.999 48.8807
 18750.8 10251.3 1331.9 147.65 62.387
 13985.1 9018.47 2187.23 284.177 44.8139
 5393.43 22092.1 6633.16 1608.72 241.975
 3225.25 4319.21 7564.7 2271.3 633.709
 21801.3 2465.89 1358.83 2379.87 913.921
 7050.8 15536 676.194 372.617 903.22
 7849.31 2471.43 1786.66 77.7631 146.723
 2018.54 1928.93 219.141 158.423 19.9051
 1547.94 1347.17 568.974 64.6398 52.6011
 976.784 1009.05 393.659 166.26 34.2591
 1382.99 837.796 395.222 154.187 78.5388
 2919.07 1000.86 274.456 129.472 76.2392
 1212.97 1133.14 177.327 48.6266 36.4468
 3374.02 1397.15 626.542 98.048 47.039
 3081.66 3311.81 649.868 291.428 67.4855
 5014.12 3090.74 1561.61 306.43 169.237
 561.348 5172.21 1480.07 747.811 227.784
F
 0.112674 0.225347 0.225347 0.225347 0.225347
 0.131477 0.262954 0.262954 0.262954 0.262954
 0.338089 0.676178 0.676178 0.676178 0.676178
 0.13226 0.264521 0.264521 0.264521 0.264521
 0.0352632 0.0705263 0.0705263 0.0705263 0.0705263
 0.500212 1.00042 1.00042 1.00042 1.00042
 0.282679 0.565359 0.565359 0.565359 0.565359
 0.291395 0.582791 0.582791 0.582791 0.582791
 0.205385 0.41077 0.41077 0.41077 0.41077
 0.124408 0.248817 0.248817 0.248817 0.248817
 0.265345 0.530691 0.530691 0.530691 0.530691
 0.326458 0.652916 0.652916 0.652916 0.652916
 0.430155 0.860309 0.860309 0.860309 0.860309
 0.663755 1.32751 1.32751 1.32751 1.32751
 0.526465 1.05293 1.05293 1.05293 1.05293
 0.211497 0.422994 0.422994 0.422994 0.422994
 0.188134 0.376267 0.376267 0.376267 0.376267
 0.157197 0.314394 0.314394 0.314394 0.314394
 0.171877 0.343754 0.343754 0.343754 0.343754
 0.158076 0.316151 0.316151 0.316151 0.316151
 0.0719247 0.143849 0.143849 0.143849 0.143849
 0.0942627 0.188525 0.188525 0.188525 0.188525
 0.107852 0.215705 0.215705 0.215705 0.215705
 0.129401 0.258803 0.258803 0.258803 0.258803
 0.16678 0.33356 0.33356 0.33356 0.33356
YTP_r0W_actual
 6287.1 113789 48842.4 30735 9749.16
YTP_p0W_proyectada
 63572.2 21831.7 133161 49707.7 38901.6
 63572.2 79334.9 5785.71 31575.1 12199.6
CTP_r0_actual
 561.348 5172.21 1480.07 747.811 227.784
CTP_p0_proyectada
 7479.09 1020.17 4267.98 1221.32 836.593
 7479.09 3707.24 185.44 775.802 262.356
Wmedp
 8.5 21.4 31.2 40.7 46.5
nmprior
 10.6 11 7 0
nm_flota  nm_reclas  nm_pelaces    nm_pelaL
inf 8.6087 5.7437 9.70396
cv_recla  cv_pelaces  cv_mph
0.931868 1.22725 0.71121
 ------------------------------------------------
Talla a la edad & desviaci?n 
 7.2 14.2025 17.0495 18.207 18.6776
 1.08 2.13037 2.55742 2.73105 2.80164
