years
 1997 1998 1999 2000 2001 2002 2003 2004 2005 2006 2007 2008 2009 2010 2011 2012 2013 2014 2015 2016 2017 2018 2019 2020 2021
reclasobs
 0 0 0 370054 412103 1.49427e+06 250295 1.28982e+06 931140 785840 897777 1.04006e+06 184774 17550 25797 100020 73551 82996 120727 218422 84188 347160 605670 569463 516374
reclaspred
 513314 126374 301816 205352 338667 401920 878162 607663 704483 742385 613524 422647 271881 114741 66455 63662.1 77193.5 100022 105083 149706 220823 203451 350367 429658 455413
pelacesobs
 0 0 0 0 0 0 0 0 0 2.06254e+06 1.5e+06 0 1.87456e+06 323000 250000 174000 83755 137374 0 501740 490994 745055 786931 1.00524e+06 1.33801e+06
pelacespred
 2.20884e+06 459563 678570 719853 1.05152e+06 956462 2.63402e+06 2.07672e+06 2.2433e+06 2.34731e+06 1.6778e+06 1.21146e+06 780363 256102 153615 156933 199655 269310 279542 400335 679708 582600 796983 1.1692e+06 1.2082e+06
mphobs
 0 0 0 0 0 112323 0 153150 637223 0 255016 313432 73983 77613 109348 50772 0 0 0 0 0 0 0 0 0
mphpred
 203622 108227 113367 105392 122909 211247 299296 359384 314522 342405 369306 256459 162290 87376.4 35914.7 27440.7 32669.7 42588 51511.3 58962.2 90613.7 108900 135568 190976 248105
desembarqueobs
 350755 77701 442110 56441 14545 235359 269955 359681 431902 328805 639364 411747 362871 311530 167758 66681 60226 58785 57116 73181 50977 67692 138656 160484 209506
desembarquepred
 350756 77695.2 442033 56442.1 14545.2 235404 269992 359616 431875 328773 639164 411715 362873 311517 167541 66665.3 60240.2 58768.1 57094.3 73169.7 50976.1 67676.1 138649 160481 209497
Reclutas
 35833.4 45066.6 20914.1 35301.9 63437 44580.8 74767.9 78800.5 102697 125348 64882.1 46748.8 48480.3 24233.3 14212.2 14448.3 10264.5 11337 12820.9 21435.2 25852.5 34461.5 54988.5 60325 20911
log_desv_Rt
 0.0266365 0.255897 -0.511822 0.0116907 0.597803 0.245057 0.762144 0.814674 1.07954 1.27885 0.620327 0.292544 0.328912 -0.364516 -0.898145 -0.881667 -1.22355 -1.12417 -1.00117 -0.487209 -0.299839 -0.012402 0.45488 0.547502 -0.511968
SSB
 524672 278867 292112 271562 316699 544319 771193 926021 810426 882272 951587 660815 418171 225142 92541.1 70706.2 84179.8 109736 132729 151927 233483 280601 349317 492086 639289
BT
 1.61269e+06 412572 650413 496502 648945 764759 1.78012e+06 1.66142e+06 1.75359e+06 1.73532e+06 1.58356e+06 1.10804e+06 822103 443996 229571 149197 168552 210251 217593 300817 453281 416655 576965 838591 896390
Ftot
 0.601691 0.591416 1.06331 0.251793 0.0432768 0.402959 0.267557 0.520419 0.579515 0.412447 0.751084 0.706568 1.11055 1.97479 2.26922 0.986256 0.692946 0.509153 0.42878 0.448577 0.198902 0.260034 0.310144 0.303764 0.297661
BD_Bspro_t
 0.925931 0.667267 0.577486 0.383283 0.548066 0.727699 0.671826 0.682244 0.618752 0.593099 0.581015 0.418024 0.315865 0.221144 0.116213 0.110493 0.173536 0.28073 0.375914 0.467861 0.60065 0.702583 0.712963 0.718831 0.712341
BD_Bspro
 0.731282 0.388681 0.407143 0.3785 0.441411 0.758665 1.07488 1.29068 1.12956 1.2297 1.32631 0.921036 0.582842 0.313801 0.128983 0.0985495 0.117329 0.152949 0.184996 0.211755 0.325427 0.391099 0.486874 0.685865 0.891034
BD_Bo
 0.589058 0.313088 0.327959 0.304887 0.355563 0.611116 0.865831 1.03966 0.909879 0.990542 1.06836 0.741908 0.469487 0.252771 0.103897 0.079383 0.0945102 0.123203 0.149017 0.170572 0.262136 0.315036 0.392184 0.552474 0.717741
BD_Brms
 1.98579 1.05546 1.10559 1.02781 1.19865 2.06015 2.91882 3.50482 3.06731 3.33924 3.60158 2.50106 1.5827 0.852122 0.350251 0.26761 0.318605 0.415331 0.502354 0.575017 0.883692 1.06202 1.3221 1.86246 2.41959
S_f
 0.157313 1 1 1 1
 0.157313 1 1 1 1
 0.157313 1 1 1 1
 0.157313 1 1 1 1
 0.157313 1 1 1 1
 0.157313 1 1 1 1
 0.157313 1 1 1 1
 0.157313 1 1 1 1
 0.157313 1 1 1 1
 0.157313 1 1 1 1
 0.157313 1 1 1 1
 0.157313 1 1 1 1
 0.157313 1 1 1 1
 0.157313 1 1 1 1
 0.157313 1 1 1 1
 0.157313 1 1 1 1
 0.157313 1 1 1 1
 0.157313 1 1 1 1
 0.157313 1 1 1 1
 0.157313 1 1 1 1
 0.157313 1 1 1 1
 0.157313 1 1 1 1
 0.157313 1 1 1 1
 0.157313 1 1 1 1
 0.157313 1 1 1 1
Scru_reclas
 0.879485 1 1 1 1
 0.879485 1 1 1 1
 0.879485 1 1 1 1
 0.879485 1 1 1 1
 0.879485 1 1 1 1
 0.879485 1 1 1 1
 0.879485 1 1 1 1
 0.879485 1 1 1 1
 0.879485 1 1 1 1
 0.879485 1 1 1 1
 0.879485 1 1 1 1
 0.879485 1 1 1 1
 0.879485 1 1 1 1
 0.879485 1 1 1 1
 0.879485 1 1 1 1
 0.879485 1 1 1 1
 0.879485 1 1 1 1
 0.879485 1 1 1 1
 0.879485 1 1 1 1
 0.879485 1 1 1 1
 0.879485 1 1 1 1
 0.879485 1 1 1 1
 0.879485 1 1 1 1
 0.879485 1 1 1 1
 0.879485 1 1 1 1
Scru_pelaces
 1 1 1 1 1
 1 1 1 1 1
 1 1 1 1 1
 1 1 1 1 1
 1 1 1 1 1
 1 1 1 1 1
 1 1 1 1 1
 1 1 1 1 1
 1 1 1 1 1
 1 1 1 1 1
 1 1 1 1 1
 1 1 1 1 1
 1 1 1 1 1
 1 1 1 1 1
 1 1 1 1 1
 1 1 1 1 1
 1 1 1 1 1
 1 1 1 1 1
 1 1 1 1 1
 1 1 1 1 1
 1 1 1 1 1
 1 1 1 1 1
 1 1 1 1 1
 1 1 1 1 1
 1 1 1 1 1
pf_obs 
 0.256992 0.487395 0.22802 0.0275931 0
 0.321318 0.546541 0.124235 0.00734118 0.000564706
 0.182869 0.594174 0.210203 0.0122559 0.00049798
 0.330522 0.361315 0.267642 0.0388342 0.00168674
 0.649043 0.306663 0.0425973 0.00169635 0
 0.582887 0.30429 0.105238 0.00758474 0
 0.465427 0.430635 0.0974691 0.00646863 0
 0.296916 0.608066 0.0921331 0.00288517 0
 0.311714 0.524322 0.152257 0.0117073 0
 0.15457 0.633149 0.183074 0.0267441 0.00246327
 0.131901 0.49318 0.331252 0.0422183 0.00144891
 0.196976 0.569456 0.194076 0.0375587 0.00193317
 0.518974 0.381816 0.0799577 0.0180837 0.00116848
 0.0928022 0.601141 0.25162 0.0475244 0.00691264
 0.122501 0.610282 0.24278 0.0234846 0.000952079
 0.383417 0.481906 0.127806 0.00687128 0
 0.0376549 0.599619 0.316969 0.0457579 0
 0.0361596 0.667082 0.258105 0.0386534 0
 0.158088 0.579412 0.248529 0.0139706 0
 0.0477256 0.309471 0.559284 0.082774 0.000745712
 0.0406174 0.521527 0.379366 0.0568643 0.0016247
 0.151134 0.462217 0.34131 0.0453401 0
 0.294876 0.26143 0.354403 0.0886775 0.000613685
 0.281977 0.475581 0.204845 0.0348837 0.00271318
 0.0841818 0.532909 0.334909 0.0458182 0.00218182
pf_pred 
 0.283217 0.501858 0.191771 0.0231432 1.05366e-05
 0.293581 0.545143 0.112918 0.0431484 0.00520959
 0.151818 0.661213 0.144284 0.0298861 0.012799
 0.314348 0.453919 0.180651 0.03942 0.011662
 0.31578 0.524683 0.105618 0.0420337 0.0118857
 0.162485 0.627837 0.160788 0.0323664 0.0165235
 0.272297 0.436623 0.218206 0.0558823 0.0169918
 0.233946 0.559295 0.124056 0.0619981 0.0207055
 0.281751 0.513372 0.14958 0.033178 0.0221185
 0.273787 0.558018 0.120218 0.0350277 0.012949
 0.144433 0.637799 0.167332 0.0360497 0.0143867
 0.16655 0.508054 0.242572 0.0636408 0.0191823
 0.254227 0.479942 0.162045 0.0773692 0.0264167
 0.212801 0.624185 0.104908 0.0354206 0.022686
 0.289973 0.592076 0.0935251 0.0157189 0.00870643
 0.365785 0.571384 0.0523939 0.0082762 0.00216144
 0.222755 0.667014 0.0993105 0.00910642 0.00181413
 0.251594 0.538822 0.17986 0.0267791 0.00294473
 0.248851 0.550443 0.1445 0.0482346 0.00797127
 0.324136 0.487858 0.137771 0.0361672 0.0140679
 0.258654 0.586709 0.111621 0.0315218 0.0114937
 0.253476 0.529452 0.171793 0.0326836 0.0125953
 0.29476 0.500558 0.145165 0.0471023 0.0124145
 0.23518 0.577619 0.13287 0.0385331 0.0157984
 0.0816789 0.636881 0.212554 0.0488938 0.019993
pobs_RECLAS
 0 0 0 0 0
 0 0 0 0 0
 0 0 0 0 0
 0 0 0 0 0
 0.835266 0.146461 0.0176864 0.000547809 3.91292e-05
 0.385257 0.428462 0.181853 0.0044286 0
 0.867414 0.0963971 0.0333333 0.00285562 0
 0.441836 0.489002 0.0689373 0.000224442 0
 0.779404 0.147425 0.0564933 0.0165055 0.000172143
 0.814271 0.122319 0.05973 0.00367925 0
 0.40263 0.566651 0.0304383 0.000280538 0
 0.475488 0.404961 0.113038 0.00651328 0
 0.955842 0.0263864 0.0167828 0.000988607 0
 0.975058 0.0227948 0.00214734 0 0
 0.738997 0.206755 0.0527124 0.00153531 0
 0.850938 0.134255 0.0134407 0.00136685 0
 0.542534 0.407297 0.0501686 0 0
 0.764087 0.199537 0.0359546 0.000420521 0
 0.470689 0.182191 0.310203 0.0369168 0
 0.84361 0.089868 0.0606195 0.00523954 0.000663233
 0.607945 0.314616 0.071237 0.00620181 0
 0.523733 0.453247 0.0230204 0 0
 0.530135 0.295979 0.169645 0.0042399 0
 0.562478 0.366248 0.0663022 0.0049721 0
 0.250443 0.683176 0.0655157 0.000865301 0
ppred_RECLAS
 0.697621 0.211712 0.0808997 0.0097631 4.44492e-06
 0.707966 0.225363 0.0466803 0.0178376 0.00215365
 0.523956 0.371107 0.0809796 0.0167737 0.00718345
 0.722322 0.18383 0.0731608 0.0159645 0.00472295
 0.721126 0.21385 0.0430476 0.0171321 0.00484439
 0.526791 0.354737 0.0908478 0.0182875 0.00933605
 0.680043 0.191975 0.0959411 0.0245704 0.00747098
 0.638971 0.263587 0.0584656 0.0292187 0.00975815
 0.695651 0.217535 0.0633827 0.0140588 0.00937246
 0.684038 0.242783 0.0523049 0.0152399 0.00563388
 0.500166 0.372611 0.0977576 0.0210607 0.00840491
 0.541076 0.279751 0.133568 0.0350427 0.0105624
 0.678365 0.206988 0.0698866 0.0333676 0.0113929
 0.657661 0.271447 0.0456225 0.0154038 0.00986574
 0.754557 0.20467 0.0323299 0.00543374 0.00300965
 0.778382 0.199663 0.0183084 0.00289201 0.000755287
 0.628053 0.319197 0.0475246 0.00435784 0.000868146
 0.660592 0.24436 0.081568 0.0121445 0.00133546
 0.655762 0.252258 0.0662218 0.022105 0.00365309
 0.734198 0.191863 0.0541823 0.0142237 0.00553256
 0.663602 0.266229 0.0506499 0.0143036 0.00521546
 0.658425 0.242252 0.0786047 0.0149545 0.00576303
 0.704253 0.209912 0.0608759 0.0197527 0.00520612
 0.636511 0.274519 0.0631478 0.0183132 0.00750833
 0.336116 0.460422 0.153662 0.0353469 0.0144536
pobs_PELACES
 0 0 0 0 0
 0 0 0 0 0
 0 0 0 0 0
 0 0 0 0 0
 0 0 0 0 0
 0 0 0 0 0
 0 0 0 0 0
 0 0 0 0 0
 0 0 0 0 0
 0 0 0 0 0
 0.450072 0.473896 0.0757376 0.000293798 0
 0 0 0 0 0
 0.463077 0.371075 0.160297 0.00555027 0
 0.529543 0.364841 0.0842815 0.0213345 0
 0.631943 0.363953 0.00410389 0 0
 0.735681 0.248677 0.0153453 0.000297389 0
 0.695825 0.281241 0.0229344 0 0
 0.275771 0.60734 0.115278 0.00161068 0
 0 0 0 0 0
 0.896147 0.0623911 0.0374545 0.00400742 0
 0.803859 0.145111 0.0509908 3.86294e-05 0
 0.739449 0.233085 0.0266225 0.000797448 4.60066e-05
 0.878498 0.100942 0.0204185 0.000141795 0
 0.694673 0.275183 0.0284847 0.00165964 0
 0.469039 0.446079 0.0841089 0.000773354 0
ppred_PELACES
 0.756159 0.170726 0.0652382 0.00787304 3.58442e-06
 0.764662 0.181611 0.0376178 0.0143746 0.00173554
 0.62715 0.290661 0.0634254 0.0131376 0.00562627
 0.760322 0.158673 0.0631487 0.0137797 0.00407661
 0.748477 0.192876 0.0388256 0.0154518 0.00436926
 0.586071 0.310299 0.0794672 0.0159966 0.00816652
 0.722479 0.166513 0.0832164 0.0213116 0.0064801
 0.699316 0.219529 0.0486933 0.0243349 0.00812711
 0.753292 0.176336 0.0513786 0.0113962 0.0075974
 0.734096 0.204319 0.0440181 0.0128254 0.00474129
 0.583692 0.310345 0.0814215 0.0175413 0.00700038
 0.620008 0.231636 0.110595 0.0290156 0.00874574
 0.765579 0.150861 0.0509362 0.0243197 0.00830363
 0.790918 0.165785 0.0278637 0.00940778 0.00602544
 0.867901 0.110155 0.0174002 0.00292448 0.00161982
 0.840096 0.144062 0.01321 0.00208667 0.000544961
 0.699515 0.257869 0.0383937 0.00352056 0.000701349
 0.718279 0.202827 0.0677044 0.0100804 0.00110848
 0.709328 0.213005 0.0559172 0.0186653 0.00308464
 0.780604 0.158366 0.0447227 0.0117404 0.00456664
 0.703311 0.234803 0.044671 0.0126151 0.0045998
 0.702037 0.211322 0.0685686 0.0130451 0.00502722
 0.746929 0.179622 0.0520916 0.0169024 0.00445489
 0.684201 0.238502 0.0548628 0.0159105 0.00652324
 0.384745 0.426696 0.142406 0.0327578 0.0133949
pobs_pel_tallas
 0 0 0 0 0 0 0 0 0 0 0 0 0 0 0 0 0 0 0 0 0 0 0 0 0 0 0 0 0 0 0 0 0 0 0 0
 0 0 0 0 0 0 0 0 0 0 0 0 0 0 0 0 0 0 0 0 0 0 0 0 0 0 0 0 0 0 0 0 0 0 0 0
 0 0 0 0 0 0 0 0 0 0 0 0 0 0 0 0 0 0 0 0 0 0 0 0 0 0 0 0 0 0 0 0 0 0 0 0
 0 0 0 0 0 0 0 0 0 0 0 0 0 0 0 0 0 0 0 0 0 0 0 0 0 0 0 0 0 0 0 0 0 0 0 0
 0 0 0 0 0 0 0 0 0 0 0 0 0 0 0 0 0 0 0 0 0 0 0 0 0 0 0 0 0 0 0 0 0 0 0 0
 0 0 0 0 0 0 0 0 0 0 0 0 0 0 0 0 0 0 0 0 0 0 0 0 0 0 0 0 0 0 0 0 0 0 0 0
 0 0 0 0 0 0 0 0 0 0 0 0 0 0 0 0 0 0 0 0 0 0 0 0 0 0 0 0 0 0 0 0 0 0 0 0
 0 0 0 0 0 0 0 0 0 0 0 0 0 0 0 0 0 0 0 0 0 0 0 0 0 0 0 0 0 0 0 0 0 0 0 0
 0 0 0 0 0 0 0 0 0 0 0 0 0 0 0 0 0 0 0 0 0 0 0 0 0 0 0 0 0 0 0 0 0 0 0 0
 0 0 0 0 0 0 0 0 0 0 0 0 0 0 0 0 0 0 0 0 0 0 0 0 0 0 0 0 0 0 0 0 0 0 0 0
 0 0 0 0 0 0 0 0 1.78061e-05 0.00172719 0.00360574 0.0105946 0.0120993 0.0124554 0.0147524 0.0171206 0.0266825 0.0428682 0.0675386 0.121331 0.153587 0.119568 0.100827 0.0573624 0.0630603 0.0341343 0.0324427 0.0444173 0.0211091 0.0280891 0.0125444 0.00206551 0 0 0 0
 0 0 0 0 0 0 0 0 0 0 0 0 0 0 0 0 0 0 0 0 0 0 0 0 0 0 0 0 0 0 0 0 0 0 0 0
 0 0 0 0 0 0 0.0133647 0.0140871 0.0187388 0.0205184 0.03894 0.0496705 0.03968 0.0493445 0.0407372 0.0367815 0.0215668 0.0243155 0.0234873 0.0199281 0.019796 0.0243948 0.0301388 0.0376714 0.0412746 0.0863199 0.0771752 0.113111 0.0741005 0.0525337 0.0229764 0.00759418 0.00175318 0 0 0
 0 0 0 0 0 0 0 0 0 0 0.00219441 0.00772107 0.0458388 0.0604681 0.0671733 0.0775358 0.0609151 0.0617685 0.073594 0.0568108 0.0755445 0.0548602 0.0670107 0.0636378 0.0643287 0.046367 0.0373049 0.0286899 0.0247887 0.0153202 0.00654259 0.00121912 0.000365735 0 0 0
 0 0 0 0 0 0 0 0 0 0 0 0 0.000112435 0.00938835 0.0111873 0.0202946 0.0414886 0.0713402 0.111592 0.104902 0.108894 0.110636 0.117776 0.105296 0.107544 0.0401394 0.0192827 0.0124803 0.00416011 0.0028671 0.000618394 0 0 0 0 0
 0 0 0 0 0 0 0 0 0 0 0.00291406 0.0102884 0.027416 0.0768956 0.0749926 0.110853 0.0956884 0.0897413 0.0766577 0.0534642 0.0500743 0.0551293 0.0594112 0.0620874 0.0668451 0.0424026 0.0208742 0.0120726 0.0048766 0.00582813 0.00118941 0.000297354 0 0 0 0
 0 0.00264628 0.0354308 0.0461629 0.0458689 0.0383711 0.0214643 0.0164657 0.0346957 0.0420465 0.0363128 0.0245516 0.0311673 0.0291091 0.0169068 0.0133784 0.00837989 0.0085269 0.0148486 0.0160247 0.0276389 0.0546898 0.0760071 0.122758 0.109233 0.0665981 0.0333725 0.0166128 0.00676272 0.00308733 0.000882094 0 0 0 0 0
 0 0 0 0 0 0 0 0.000805153 0.000690131 0.00759144 0.0133425 0.0154129 0.00931677 0.000345066 0.00356568 0.00563607 0.00851162 0.0253048 0.0502646 0.0516448 0.0657925 0.0565908 0.0611916 0.0827007 0.0866115 0.110766 0.145733 0.0935128 0.0569358 0.0249597 0.0138026 0.00621118 0.00161031 0.00115022 0 0
 0 0 0 0 0 0 0 0 0 0 0 0 0 0 0 0 0 0 0 0 0 0 0 0 0 0 0 0 0 0 0 0 0 0 0 0
 0.00147267 0.00158595 0.00478618 0.00569244 0.00954404 0.0108468 0.00647125 0.017049 0.0510054 0.094081 0.124002 0.0959785 0.0687766 0.0820023 0.061753 0.0591476 0.0492212 0.0479892 0.0443925 0.0268479 0.0217502 0.0140895 0.0121071 0.0120363 0.00920419 0.00665534 0.0049561 0.00860946 0.00930331 0.0156896 0.0114698 0.00855282 0.00243557 0.00046729 0 2.83206e-05
 0 0 0 0 0.000772559 0.00158375 0.000888443 0.00281984 0.00712685 0.0440552 0.0773331 0.111326 0.0921469 0.0852325 0.0710754 0.0886704 0.0786465 0.0553345 0.0373146 0.0185414 0.00753245 0.00457741 0.012979 0.0271748 0.0457355 0.0583668 0.034881 0.0177882 0.00938659 0.00492506 0.0015258 0.00185414 0.000309023 5.79419e-05 3.86279e-05 0
 0 0.00173294 0.00326652 0 0.00397197 0.00683976 0.00946217 0.0152591 0.00757587 0.0136028 0.0228656 0.0392903 0.0559909 0.0764795 0.0681675 0.0726916 0.0566044 0.0477403 0.0527397 0.0444891 0.0609904 0.0582453 0.0661739 0.0445044 0.0529084 0.0360697 0.0280645 0.0235558 0.0158879 0.00826598 0.00280645 0.00217768 0.000904811 0.00058276 9.20147e-05 0
 0 0 0 0 0 0 0 0 0 0 0 0 0 0 0 0 0 0 0 0 0 0 0 0 0 0 0 0 0 0 0 0 0 0 0 0
 0 0 0 0 0 0 0 0 0 0 0 0 0 0 0 0 0 0 0 0 0 0 0 0 0 0 0 0 0 0 0 0 0 0 0 0
 0 0 0 0 0 0 0 0 0 0 0 0 0 0 0 0 0 0 0 0 0 0 0 0 0 0 0 0 0 0 0 0 0 0 0 0
ppred_pel_tallas
 1.01253e-16 3.29918e-05 0.000193636 0.00092046 0.00354383 0.0110511 0.0279142 0.0571161 0.0946762 0.127147 0.138361 0.122043 0.0873596 0.0509781 0.0247305 0.0108777 0.00581923 0.00531564 0.00676708 0.00902597 0.0116114 0.01422 0.0165659 0.0183808 0.0194606 0.019708 0.0191498 0.0179216 0.0162268 0.014285 0.0122883 0.0103747 0.00862384 0.00706753 0.0057079 0.00453386
 1.01169e-16 3.33629e-05 0.000195814 0.000930813 0.00358368 0.0111754 0.0282281 0.0577585 0.0957413 0.128578 0.13992 0.123421 0.0883533 0.0515723 0.0250448 0.0110585 0.00597285 0.00549881 0.00700201 0.00931257 0.011931 0.0145353 0.016823 0.0185144 0.0194045 0.0194079 0.018576 0.0170769 0.015149 0.0130417 0.010966 0.00906465 0.00740798 0.00600805 0.00484145 0.00387113
 1.0171e-16 2.73712e-05 0.000160627 0.000763509 0.00293948 0.00916644 0.0231539 0.0473771 0.0785372 0.105487 0.114826 0.101368 0.0727457 0.0428239 0.0214729 0.0106339 0.00738542 0.00825581 0.0110904 0.0148748 0.0190736 0.0232328 0.0268784 0.0295637 0.0309597 0.0309295 0.0295557 0.0271091 0.0239738 0.0205527 0.0171876 0.0141111 0.0114395 0.00919422 0.00733833 0.0058113
 1.01613e-16 3.31728e-05 0.0001947 0.000925521 0.00356331 0.0111119 0.0280677 0.0574301 0.0951963 0.127845 0.139117 0.122703 0.0878162 0.0512132 0.0247861 0.0108028 0.0056383 0.00502662 0.00635478 0.00847594 0.0109204 0.0134029 0.0156588 0.0174395 0.0185546 0.0189105 0.0185271 0.0175227 0.0160768 0.0143839 0.0126129 0.0108847 0.00926878 0.00779385 0.00646473 0.00527727
 1.0135e-16 3.26576e-05 0.000191672 0.000911121 0.00350786 0.0109389 0.0276309 0.0565366 0.0937163 0.12586 0.136965 0.120824 0.0865133 0.0505369 0.0246142 0.0109914 0.00611202 0.0057827 0.00742565 0.00989019 0.0126744 0.0154433 0.0178773 0.0196803 0.0206353 0.020652 0.0197851 0.0182132 0.0161886 0.0139752 0.0117951 0.00979797 0.0080565 0.00658172 0.00534758 0.00431432
 1.02161e-16 2.55808e-05 0.000150114 0.000713524 0.00274702 0.00856625 0.0216379 0.0442754 0.0733967 0.098586 0.107324 0.0947691 0.0680609 0.0401689 0.0203327 0.0103855 0.0076168 0.00879763 0.0119194 0.0160229 0.020577 0.0251086 0.0291145 0.0321166 0.0337595 0.0338894 0.032584 0.0301197 0.0268938 0.0233253 0.0197709 0.0164755 0.0135651 0.0110688 0.00895736 0.00717791
 1.02271e-16 3.1523e-05 0.000185013 0.000879468 0.003386 0.0105589 0.026671 0.0545724 0.0904599 0.121486 0.132202 0.116614 0.0834826 0.0487342 0.0236773 0.0104769 0.00569916 0.00530044 0.00680445 0.00912203 0.0117995 0.0145499 0.0170993 0.0191857 0.0206026 0.0212404 0.0211032 0.0202953 0.0189844 0.0173554 0.0155719 0.0137539 0.0119755 0.0102759 0.0086755 0.00718871
 1.01979e-16 3.0515e-05 0.000179091 0.000851302 0.00327753 0.0102207 0.0258166 0.0528248 0.0875647 0.117602 0.127989 0.112929 0.0809113 0.047368 0.0232644 0.0107184 0.00642628 0.0064851 0.00849065 0.0113558 0.0145799 0.0178008 0.0206595 0.0228202 0.0240341 0.0241944 0.0233566 0.0217147 0.0195453 0.0171378 0.0147353 0.0125013 0.010515 0.00878975 0.00730056 0.00601003
 1.01534e-16 3.28669e-05 0.000192903 0.000916973 0.0035304 0.0110092 0.0278084 0.0568997 0.0943177 0.126666 0.137839 0.121585 0.0870384 0.0508034 0.0246692 0.0108902 0.00588093 0.00541841 0.00691109 0.00921159 0.0118341 0.014468 0.0168204 0.0186182 0.0196573 0.0198456 0.019221 0.0179325 0.016197 0.0142442 0.0122702 0.0104103 0.00873506 0.00726373 0.00598486 0.00487572
 1.01354e-16 3.2031e-05 0.000187993 0.000893625 0.00344049 0.0107288 0.0271002 0.055451 0.0919172 0.123445 0.134341 0.118518 0.0848814 0.0496227 0.0242419 0.0109492 0.00626334 0.00607675 0.00786194 0.0104846 0.0134389 0.0163761 0.018958 0.0208705 0.0218824 0.0218971 0.0209717 0.0192946 0.0171331 0.0147675 0.0124348 0.0102955 0.00842912 0.00684962 0.00553114 0.00443247
 1.02187e-16 2.54771e-05 0.000149505 0.000710629 0.00273587 0.00853149 0.0215501 0.0440957 0.073099 0.0981862 0.106889 0.0943861 0.0677878 0.0400118 0.0202608 0.0103613 0.0076149 0.00880652 0.0119363 0.016049 0.0206152 0.0251621 0.0291867 0.0322107 0.0338776 0.0340321 0.0327502 0.0303064 0.0270956 0.0235353 0.0199812 0.0166781 0.0137526 0.0112355 0.00909939 0.00729377
 1.03052e-16 2.70575e-05 0.000158791 0.000754789 0.00290593 0.00906182 0.0228895 0.0468358 0.0776384 0.104275 0.113495 0.100167 0.0718241 0.0421628 0.0209237 0.0100077 0.00651199 0.00700013 0.00935658 0.0126189 0.0163255 0.0201163 0.0236176 0.0264663 0.0283775 0.029202 0.0289499 0.0277712 0.0259043 0.0236109 0.0211212 0.0186029 0.0161579 0.0138376 0.0116658 0.00965783
 1.01996e-16 3.34017e-05 0.000196044 0.000931914 0.00358793 0.0111887 0.0282616 0.0578268 0.0958537 0.128727 0.140074 0.123542 0.0884049 0.0515328 0.0248962 0.0107745 0.00551323 0.00481373 0.00604446 0.00805432 0.0103791 0.0127449 0.0149022 0.0166179 0.0177145 0.0181064 0.0178143 0.0169505 0.015683 0.0141904 0.0126248 0.0110905 0.00964296 0.0083004 0.00706141 0.00592007
 1.01055e-16 3.45071e-05 0.000202533 0.00096276 0.00370669 0.011559 0.0291971 0.0597409 0.0990267 0.132988 0.144713 0.127636 0.0913417 0.0532581 0.0257539 0.0111844 0.00577326 0.00507554 0.00636405 0.00843564 0.0107918 0.013128 0.0151662 0.0166524 0.0174022 0.0173419 0.016524 0.0151081 0.0133172 0.0113834 0.00950101 0.00779974 0.00634049 0.00512881 0.00413671 0.0033237
 1.0046e-16 3.78617e-05 0.000222232 0.00105642 0.00406734 0.0126837 0.0320378 0.065553 0.108658 0.145917 0.158764 0.139987 0.100089 0.0581748 0.0277873 0.0114786 0.00507173 0.00366538 0.0042632 0.00557171 0.00710635 0.00862753 0.0099428 0.0108818 0.0113222 0.0112166 0.0106023 0.00958941 0.00833083 0.006986 0.00568903 0.00453016 0.0035524 0.00276012 0.00213345 0.00164241
 1.00332e-16 3.66506e-05 0.000215119 0.0010226 0.0039371 0.0122775 0.031012 0.0634542 0.105181 0.14125 0.153695 0.135538 0.0969539 0.0564436 0.0271315 0.011503 0.00553005 0.0044779 0.00544451 0.00715983 0.00911811 0.0110347 0.0126626 0.0137808 0.0142332 0.0139636 0.0130298 0.0115858 0.00984188 0.00801583 0.00628945 0.00478346 0.00355269 0.0025976 0.00188404 0.00136314
 1.00783e-16 3.05253e-05 0.000179148 0.000851564 0.00327853 0.0102238 0.0258245 0.0528411 0.0875929 0.117643 0.128042 0.112995 0.0810021 0.0475077 0.0234934 0.0110916 0.00700971 0.00734922 0.009698 0.0129436 0.0165408 0.0200662 0.0230938 0.0252279 0.0261833 0.025851 0.0243227 0.0218608 0.01883 0.01561 0.0125206 0.00977788 0.00748507 0.00565258 0.00423165 0.00314782
 1.01426e-16 3.13414e-05 0.000183944 0.000874375 0.00336637 0.0104977 0.0265164 0.0542564 0.0899372 0.120787 0.131449 0.11597 0.0830635 0.0485741 0.0237569 0.0107777 0.00623466 0.00611344 0.00794567 0.0106251 0.0136583 0.0167027 0.0194222 0.0215003 0.0226983 0.0229064 0.0221639 0.0206395 0.0185821 0.0162582 0.0138982 0.0116652 0.0096496 0.00788228 0.00635763 0.00505425
 1.01649e-16 3.09514e-05 0.000181653 0.000863485 0.00332444 0.0103669 0.0261861 0.0535807 0.0888175 0.119284 0.129817 0.114536 0.0820514 0.0480119 0.023537 0.0107705 0.0063576 0.00633674 0.00826925 0.0110563 0.0141985 0.0173403 0.0201313 0.0222428 0.0234298 0.0235847 0.0227573 0.021133 0.0189791 0.0165781 0.0141701 0.0119203 0.00991363 0.00817113 0.00667546 0.00539476
 1.01304e-16 3.40571e-05 0.000199892 0.000950204 0.00365835 0.0114082 0.0288163 0.0589618 0.0977351 0.131253 0.142825 0.125969 0.0901448 0.0525531 0.0254 0.0110101 0.00565624 0.00495366 0.00621482 0.00825904 0.0106034 0.0129577 0.0150565 0.0166545 0.0175686 0.0177168 0.0171342 0.015956 0.0143784 0.0126093 0.0108259 0.00915036 0.00764658 0.00633152 0.00519427 0.00421341
 1.0136e-16 3.06899e-05 0.000180116 0.000856173 0.00329628 0.0102791 0.0259643 0.0531271 0.0880661 0.118277 0.128726 0.113586 0.0813977 0.0476834 0.0234761 0.0109103 0.00666764 0.00682398 0.00895789 0.0119658 0.0153267 0.0186528 0.0215575 0.0236808 0.0247592 0.0246857 0.0235317 0.0215204 0.0189663 0.0161979 0.0134921 0.0110358 0.00891982 0.00715702 0.00571244 0.00453224
 1.01726e-16 3.06334e-05 0.000179787 0.000854611 0.00329028 0.0102604 0.025917 0.05303 0.0879047 0.118058 0.128483 0.113361 0.0812117 0.0475255 0.0233079 0.0106823 0.00633005 0.00633249 0.00827841 0.0110826 0.0142524 0.0174367 0.0202876 0.0224767 0.0237563 0.0240123 0.0232856 0.0217506 0.0196641 0.0173003 0.0148948 0.0126131 0.0105451 0.00871993 0.00713004 0.0057534
 1.01588e-16 3.25896e-05 0.000191274 0.00090923 0.00350058 0.0109162 0.0275736 0.0564193 0.0935215 0.125597 0.136677 0.120563 0.086313 0.0503927 0.0244937 0.0108534 0.0059194 0.00550613 0.0070446 0.00939581 0.0120744 0.0147664 0.0171743 0.0190199 0.0200952 0.0203057 0.019689 0.0183954 0.0166441 0.0146676 0.0126642 0.0107705 0.00905843 0.00754781 0.00622819 0.00507808
 1.01709e-16 2.98568e-05 0.000175225 0.000832917 0.00320674 0.00999988 0.025259 0.0516839 0.0856743 0.115066 0.125234 0.110511 0.0792088 0.0464306 0.0229146 0.0107431 0.00669423 0.00695608 0.00917629 0.0122805 0.0157562 0.0192151 0.0222665 0.0245437 0.0257758 0.0258476 0.0248224 0.0229161 0.0204365 0.0177069 0.0150009 0.0125045 0.0103107 0.00843725 0.00685714 0.00552597
 1.03912e-16 1.68069e-05 9.85928e-05 0.000468561 0.00180381 0.00562485 0.0142083 0.0290748 0.0482053 0.0647702 0.0705667 0.0624445 0.0451356 0.0272215 0.014858 0.00935638 0.00904581 0.011889 0.0165888 0.0224429 0.028918 0.0354155 0.041255 0.0457768 0.0484797 0.04913 0.0478034 0.0448438 0.0407598 0.0360944 0.0313146 0.0267475 0.0225709 0.0188441 0.0155562 0.0126698
pSPR Fmed_Fpbrs
0.522011   0.346637 0.346637
Fs Fmed_Fpbrs
0.485358   1.005 1.005
SSBpbr Bo_Bmed_Bpbrs
890696  420418  264214 264214
Ro
34891.6
SPR SPRFo_SPRFmed_SPRFpbrs
717469 374526 248701
log_Ro
10.28
likeval ReclasPelacesDesembMPH_pf_preclas_ppelaces_ptallas_desvR_qrecl_qpela
 65.9555 14.2078 0.0116774 0.000202591 313.648 189.814 78.5189 0 16.5916 1.5272e-05 5.80286e-05 0 0 0 0
q_reclas_q_pelaces
0.574777 2.95578
M
0.7
N
 35833.4 12323.8 4709.19 568.312 0.25874
 45066.6 16187.3 3352.95 1281.23 154.692
 20914.1 20391.2 4449.59 921.662 394.709
 35301.9 8785.92 3496.62 763.001 225.727
 63437 16849.6 3391.79 1349.86 381.696
 44580.8 31288.2 8012.87 1612.98 823.449
 74767.9 20778.4 10384.2 2659.37 808.619
 78800.5 35598.3 7895.99 3946.09 1317.87
 102697 36055.2 10505.3 2330.16 1553.43
 125348 46554.1 10029.6 2922.28 1080.31
 64882.1 58335.6 15304.8 3297.25 1315.86
 46748.8 28628.9 13669 3586.17 1080.93
 48480.3 20772.6 7013.59 3348.66 1143.36
 24233.3 20215.6 3397.66 1147.17 734.734
 14212.2 8820.42 1393.28 234.171 129.704
 14448.3 4938.8 452.871 71.536 18.6826
 10264.5 6143.7 914.724 83.877 16.7095
 11337 4570.79 1525.74 227.165 24.9799
 12820.9 5196.45 1364.15 455.358 75.2527
 21435.2 5951.39 1680.68 441.205 171.614
 25852.5 9919.17 1887.11 532.922 194.317
 34461.5 12442.5 4037.26 768.086 295.998
 54988.5 16427.2 4763.97 1545.79 407.417
 60325 26006.2 5982.22 1734.88 711.292
 20911 28558.7 9531.21 2192.47 896.516
pred_Ctot
 2340.11 4146.66 1584.53 191.224 0.0870598
 2894.86 5375.4 1113.43 425.466 51.3693
 2339.17 10187.8 2223.08 460.476 197.203
 988.223 1427 567.916 123.926 36.6623
 309.658 514.511 103.57 41.2188 11.6553
 1976.51 7637.14 1955.86 393.712 200.996
 2221.63 3562.33 1780.31 455.935 138.633
 4475.81 10700.3 2373.42 1186.14 396.133
 6469.25 11787.5 3434.48 761.795 507.86
 5684.52 11585.9 2496.05 727.266 268.855
 5235.56 23119.6 6065.6 1306.76 521.503
 3559.51 10858.1 5184.25 1360.13 409.965
 5645.27 10657.4 3598.32 1718.03 586.6
 4737.66 13896.4 2335.6 788.581 505.066
 3131.93 6394.88 1010.14 169.776 94.0362
 1506.71 2353.6 215.817 34.0907 8.90324
 767.199 2297.29 342.039 31.3637 6.24812
 630.481 1350.26 450.72 67.1069 7.37933
 603.771 1335.51 350.592 117.029 19.3402
 1054.62 1587.3 448.256 117.674 45.7715
 573.774 1301.5 247.609 69.925 25.4965
 995.703 2079.79 674.838 128.387 49.4768
 1888.43 3206.9 930.021 301.768 79.5357
 2029.97 4985.74 1146.87 332.6 136.364
 689.82 5378.79 1795.12 412.933 168.851
F
 0.0946536 0.601691 0.601691 0.601691 0.601691
 0.0930373 0.591416 0.591416 0.591416 0.591416
 0.167272 1.06331 1.06331 1.06331 1.06331
 0.0396103 0.251793 0.251793 0.251793 0.251793
 0.00680798 0.0432768 0.0432768 0.0432768 0.0432768
 0.0633905 0.402959 0.402959 0.402959 0.402959
 0.04209 0.267557 0.267557 0.267557 0.267557
 0.0818685 0.520419 0.520419 0.520419 0.520419
 0.091165 0.579515 0.579515 0.579515 0.579515
 0.0648832 0.412447 0.412447 0.412447 0.412447
 0.118155 0.751084 0.751084 0.751084 0.751084
 0.111152 0.706568 0.706568 0.706568 0.706568
 0.174704 1.11055 1.11055 1.11055 1.11055
 0.310659 1.97479 1.97479 1.97479 1.97479
 0.356977 2.26922 2.26922 2.26922 2.26922
 0.155151 0.986256 0.986256 0.986256 0.986256
 0.109009 0.692946 0.692946 0.692946 0.692946
 0.0800963 0.509153 0.509153 0.509153 0.509153
 0.0674525 0.42878 0.42878 0.42878 0.42878
 0.0705668 0.448577 0.448577 0.448577 0.448577
 0.0312898 0.198902 0.198902 0.198902 0.198902
 0.0409066 0.260034 0.260034 0.260034 0.260034
 0.0487895 0.310144 0.310144 0.310144 0.310144
 0.0477858 0.303764 0.303764 0.303764 0.303764
 0.0468258 0.297661 0.297661 0.297661 0.297661
YTP_r0W_actual
 7725.98 118333 59239.1 16971.6 7226.84
YTP_p0W_proyectada
 23049.4 102273 158464 68989 24816.8
 23049.4 111805 27103.9 37574.9 16931.7
CTP_r0_actual
 689.82 5378.79 1795.12 412.933 168.851
CTP_p0_proyectada
 2711.69 4779.13 5078.97 1695.06 533.694
 2711.69 5224.56 868.714 923.216 364.122
Wmedp
 8.5 21.4 31.2 40.7 46.5
nmprior
 10.6 11 7 0
nm_flota  nm_reclas  nm_pelaces    nm_pelaL
inf 18.0721 17.3384 40.805
cv_recla  cv_pelaces  cv_mph
0.734599 0.427402 0.461794
 ------------------------------------------------
Talla a la edad & desviaci?n 
 7.2 14.2025 17.0495 18.207 18.6776
 1.08 2.13037 2.55742 2.73105 2.80164
