years
 1997 1998 1999 2000 2001 2002 2003 2004 2005 2006 2007 2008 2009 2010 2011 2012 2013 2014 2015 2016 2017 2018 2019 2020 2021
reclasobs
 0 0 0 370054 412103 1.49427e+06 250295 1.28982e+06 931140 785840 897777 1.04006e+06 184774 17550 25797 100020 73551 82996 120727 218422 84188 347160 605670 569463 516374
reclaspred
 3.77306e+06 448280 602546 159581 215989 279292 455568 414269 601266 1.16532e+06 1.36091e+06 839472 438153 199028 128074 116651 120148 146837 123606 176837 359996 339743 507470 548497 457302
pelacesobs
 0 0 0 0 0 0 0 0 0 2.06254e+06 1.5e+06 0 1.87456e+06 323000 250000 174000 83755 137374 0 501740 490994 745055 786931 1.00524e+06 1.33801e+06
pelacespred
 1.60065e+06 644208 189052 118245 123599 113818 240139 229317 322690 669279 700349 443964 238006 85286.3 53299.8 55321 59362.2 72493.5 63485.5 88134.1 196071 200075 225290 280616 221253
mphobs
 0 0 0 0 0 112323 0 153150 637223 0 255016 313432 73983 77613 109348 50772 0 0 0 0 0 0 0 0 0
mphpred
 2.69568e+06 1.15035e+06 473341 233079 109791 291954 275986 386909 447835 711419 1.38529e+06 930515 482658 265302 119387 101358 100250 118498 124170 109485 247374 334880 357110 470006 471538
desembarqueobs
 350755 77701 442110 56441 14545 235359 269955 359681 431902 328805 639364 411747 362871 311530 167758 66681 60226 58785 57116 73181 50977 67692 138656 160484 209506
desembarquepred
 350736 77680.4 441611 56415.3 14543.3 235066 269726 359070 431362 328557 638454 411172 362052 310757 167372 66620.9 60183.1 58731.1 57051.2 73102.3 50959.1 67643.2 138537 160351 209339
Reclutas
 2128.48 3166.89 418.703 1812.35 53811.1 10161.3 51465.4 69736.3 100301 248788 45966 13741 54970.7 27606.2 19534.3 13843.5 10706.9 10402.5 5824.62 30387.8 33748.1 27247.3 56847.5 39069.3 480.795
log_desv_Rt
 -2.01684 -1.61949 -3.64284 -2.17762 1.21323 -0.453655 1.16867 1.47248 1.83593 2.74436 1.05566 -0.151862 1.23456 0.545795 0.199925 -0.144428 -0.401357 -0.430194 -1.01015 0.641795 0.74668 0.532708 1.26813 0.893093 -3.50456
SSB
 2.69568e+06 1.15035e+06 473341 233079 109791 291954 275986 386909 447835 711419 1.38529e+06 930515 482658 265302 119387 101358 100250 118498 124170 109485 247374 334880 357110 470006 471538
BT
 3.11726e+06 1.32668e+06 595454 284465 372030 395771 942488 966932 1.30229e+06 2.19034e+06 1.93831e+06 1.20414e+06 913392 483884 276512 178629 187685 212074 175697 298873 523216 457255 589171 719299 568731
Ftot
 0.0905815 0.167973 0.678049 0.33826 0.0658096 0.772264 0.561884 0.807018 0.675326 0.272791 0.445253 0.463626 0.76553 1.34851 1.16752 0.539585 0.476085 0.382648 0.4386 0.396873 0.137709 0.192847 0.26334 0.281486 0.434155
BD_Bspro_t
 0.985632 0.889608 0.696456 0.37654 0.3793 0.673257 0.463727 0.491707 0.47185 0.530226 0.647572 0.474864 0.330769 0.246889 0.146537 0.149278 0.193471 0.284973 0.346366 0.379787 0.596355 0.715133 0.698822 0.6877 0.62119
BD_Bspro
 8.19626 3.49766 1.4392 0.708679 0.33382 0.887689 0.83914 1.1764 1.36165 2.16308 4.21198 2.82924 1.46753 0.806654 0.362998 0.30818 0.304812 0.360293 0.377541 0.332892 0.752144 1.01821 1.0858 1.42906 1.43372
BD_Bo
 2.50243 1.06788 0.439408 0.21637 0.10192 0.271024 0.256201 0.359172 0.41573 0.660419 1.28598 0.863808 0.448057 0.246283 0.110828 0.0940918 0.0930633 0.110003 0.115269 0.101637 0.22964 0.310873 0.331509 0.436312 0.437734
BD_Brms
 12.1717 5.19411 2.13725 1.05241 0.495732 1.31824 1.24615 1.74699 2.02208 3.21223 6.25491 4.2015 2.17932 1.1979 0.539061 0.457656 0.452654 0.535045 0.560658 0.494353 1.11695 1.51206 1.61244 2.12219 2.12911
S_f
 0.5 1 1 1 1
 0.5 1 1 1 1
 0.5 1 1 1 1
 0.5 1 1 1 1
 0.5 1 1 1 1
 0.5 1 1 1 1
 0.5 1 1 1 1
 0.5 1 1 1 1
 0.5 1 1 1 1
 0.5 1 1 1 1
 0.5 1 1 1 1
 0.5 1 1 1 1
 0.5 1 1 1 1
 0.5 1 1 1 1
 0.5 1 1 1 1
 0.5 1 1 1 1
 0.5 1 1 1 1
 0.5 1 1 1 1
 0.5 1 1 1 1
 0.5 1 1 1 1
 0.5 1 1 1 1
 0.5 1 1 1 1
 0.5 1 1 1 1
 0.5 1 1 1 1
 0.5 1 1 1 1
Scru_reclas
 0.5 1 1 1 1
 0.5 1 1 1 1
 0.5 1 1 1 1
 0.5 1 1 1 1
 0.5 1 1 1 1
 0.5 1 1 1 1
 0.5 1 1 1 1
 0.5 1 1 1 1
 0.5 1 1 1 1
 0.5 1 1 1 1
 0.5 1 1 1 1
 0.5 1 1 1 1
 0.5 1 1 1 1
 0.5 1 1 1 1
 0.5 1 1 1 1
 0.5 1 1 1 1
 0.5 1 1 1 1
 0.5 1 1 1 1
 0.5 1 1 1 1
 0.5 1 1 1 1
 0.5 1 1 1 1
 0.5 1 1 1 1
 0.5 1 1 1 1
 0.5 1 1 1 1
 0.5 1 1 1 1
Scru_pelaces
 0.5 1 1 1 1
 0.5 1 1 1 1
 0.5 1 1 1 1
 0.5 1 1 1 1
 0.5 1 1 1 1
 0.5 1 1 1 1
 0.5 1 1 1 1
 0.5 1 1 1 1
 0.5 1 1 1 1
 0.5 1 1 1 1
 0.5 1 1 1 1
 0.5 1 1 1 1
 0.5 1 1 1 1
 0.5 1 1 1 1
 0.5 1 1 1 1
 0.5 1 1 1 1
 0.5 1 1 1 1
 0.5 1 1 1 1
 0.5 1 1 1 1
 0.5 1 1 1 1
 0.5 1 1 1 1
 0.5 1 1 1 1
 0.5 1 1 1 1
 0.5 1 1 1 1
 0.5 1 1 1 1
pf_obs 
 0.256992 0.487395 0.22802 0.0275931 0
 0.321318 0.546541 0.124235 0.00734118 0.000564706
 0.182869 0.594174 0.210203 0.0122559 0.00049798
 0.330522 0.361315 0.267642 0.0388342 0.00168674
 0.649043 0.306663 0.0425973 0.00169635 0
 0.582887 0.30429 0.105238 0.00758474 0
 0.465427 0.430635 0.0974691 0.00646863 0
 0.296916 0.608066 0.0921331 0.00288517 0
 0.311714 0.524322 0.152257 0.0117073 0
 0.15457 0.633149 0.183074 0.0267441 0.00246327
 0.131901 0.49318 0.331252 0.0422183 0.00144891
 0.196976 0.569456 0.194076 0.0375587 0.00193317
 0.518974 0.381816 0.0799577 0.0180837 0.00116848
 0.0928022 0.601141 0.25162 0.0475244 0.00691264
 0.122501 0.610282 0.24278 0.0234846 0.000952079
 0.383417 0.481906 0.127806 0.00687128 0
 0.0376549 0.599619 0.316969 0.0457579 0
 0.0361596 0.667082 0.258105 0.0386534 0
 0.158088 0.579412 0.248529 0.0139706 0
 0.0477256 0.309471 0.559284 0.082774 0.000745712
 0.0406174 0.521527 0.379366 0.0568643 0.0016247
 0.151134 0.462217 0.34131 0.0453401 0
 0.294876 0.26143 0.354403 0.0886775 0.000613685
 0.281977 0.475581 0.204845 0.0348837 0.00271318
 0.0841818 0.532909 0.334909 0.0458182 0.00218182
pf_pred 
 0.0101744 0.628938 0.317983 0.0429036 9.91667e-07
 0.0324804 0.0199828 0.602068 0.304397 0.0410715
 0.0107972 0.0650791 0.0190865 0.575064 0.329974
 0.14609 0.0222381 0.0547152 0.016047 0.760909
 0.90775 0.0252724 0.00174428 0.00429167 0.0609418
 0.179049 0.781946 0.0106856 0.000737509 0.0275817
 0.749287 0.0890376 0.153994 0.00210438 0.00557709
 0.649806 0.306734 0.0154342 0.026694 0.00133154
 0.672175 0.270699 0.0500362 0.00251772 0.00457169
 0.755708 0.203703 0.0335164 0.00619518 0.000877768
 0.169065 0.722897 0.0900877 0.0148226 0.00312802
 0.115905 0.279996 0.525554 0.0654948 0.0130503
 0.577231 0.0976449 0.102968 0.193271 0.0288848
 0.423404 0.446736 0.0299932 0.0316282 0.0682387
 0.546489 0.314178 0.107953 0.00724782 0.0241327
 0.525925 0.368095 0.0734197 0.0252274 0.00733328
 0.448413 0.398442 0.118909 0.0237175 0.0105184
 0.46699 0.347259 0.134178 0.0400435 0.0115292
 0.331114 0.442779 0.14731 0.0569193 0.0218775
 0.790056 0.111165 0.0653885 0.0217544 0.0116365
 0.556794 0.396293 0.0248404 0.0146114 0.00746139
 0.396312 0.436576 0.149424 0.00936616 0.00832263
 0.58709 0.239934 0.125093 0.0428147 0.00506841
 0.387247 0.462083 0.0875518 0.0456464 0.0174725
 0.00894493 0.572972 0.31528 0.0597368 0.0430662
pobs_RECLAS
 0 0 0 0 0
 0 0 0 0 0
 0 0 0 0 0
 0 0 0 0 0
 0.835266 0.146461 0.0176864 0.000547809 3.91292e-05
 0.385257 0.428462 0.181853 0.0044286 0
 0.867414 0.0963971 0.0333333 0.00285562 0
 0.441836 0.489002 0.0689373 0.000224442 0
 0.779404 0.147425 0.0564933 0.0165055 0.000172143
 0.814271 0.122319 0.05973 0.00367925 0
 0.40263 0.566651 0.0304383 0.000280538 0
 0.475488 0.404961 0.113038 0.00651328 0
 0.955842 0.0263864 0.0167828 0.000988607 0
 0.975058 0.0227948 0.00214734 0 0
 0.738997 0.206755 0.0527124 0.00153531 0
 0.850938 0.134255 0.0134407 0.00136685 0
 0.542534 0.407297 0.0501686 0 0
 0.764087 0.199537 0.0359546 0.000420521 0
 0.470689 0.182191 0.310203 0.0369168 0
 0.84361 0.089868 0.0606195 0.00523954 0.000663233
 0.607945 0.314616 0.071237 0.00620181 0
 0.523733 0.453247 0.0230204 0 0
 0.530135 0.295979 0.169645 0.0042399 0
 0.562478 0.366248 0.0663022 0.0049721 0
 0.250443 0.683176 0.0655157 0.000865301 0
ppred_RECLAS
 0.0102033 0.62892 0.317973 0.0429023 9.91638e-07
 0.0326605 0.0199791 0.601956 0.304341 0.0410639
 0.011159 0.0650553 0.0190795 0.574853 0.329853
 0.14775 0.0221949 0.0546089 0.0160158 0.759431
 0.90792 0.0252258 0.00174106 0.00428375 0.0608293
 0.185013 0.776265 0.010608 0.000732152 0.0273814
 0.754087 0.0873332 0.151046 0.0020641 0.00547034
 0.659452 0.298285 0.0150091 0.0259587 0.00129487
 0.679435 0.264704 0.0489281 0.00246196 0.00447044
 0.757576 0.202145 0.0332601 0.00614782 0.000871056
 0.171729 0.720579 0.0897989 0.0147751 0.00311799
 0.117957 0.279346 0.524334 0.0653427 0.01302
 0.586855 0.0954222 0.100624 0.188872 0.0282272
 0.445915 0.429294 0.0288222 0.0303934 0.0655746
 0.564651 0.301596 0.10363 0.00695756 0.0231663
 0.531989 0.363386 0.0724806 0.0249047 0.00723947
 0.453509 0.39476 0.117811 0.0234984 0.0104212
 0.470846 0.344747 0.133207 0.0397538 0.0114458
 0.335219 0.440061 0.146406 0.05657 0.0217433
 0.792735 0.109746 0.0645541 0.0214768 0.011488
 0.557919 0.395287 0.0247773 0.0145743 0.00744245
 0.397918 0.435414 0.149026 0.00934124 0.0083005
 0.589443 0.238566 0.12438 0.0425707 0.00503952
 0.389751 0.460194 0.087194 0.0454599 0.0174011
 0.00910802 0.572878 0.315228 0.0597269 0.0430591
pobs_PELACES
 0 0 0 0 0
 0 0 0 0 0
 0 0 0 0 0
 0 0 0 0 0
 0 0 0 0 0
 0 0 0 0 0
 0 0 0 0 0
 0 0 0 0 0
 0 0 0 0 0
 0 0 0 0 0
 0.450072 0.473896 0.0757376 0.000293798 0
 0 0 0 0 0
 0.463077 0.371075 0.160297 0.00555027 0
 0.529543 0.364841 0.0842815 0.0213345 0
 0.631943 0.363953 0.00410389 0 0
 0.735681 0.248677 0.0153453 0.000297389 0
 0.695825 0.281241 0.0229344 0 0
 0.275771 0.60734 0.115278 0.00161068 0
 0 0 0 0 0
 0.896147 0.0623911 0.0374545 0.00400742 0
 0.803859 0.145111 0.0509908 3.86294e-05 0
 0.739449 0.233085 0.0266225 0.000797448 4.60066e-05
 0.878498 0.100942 0.0204185 0.000141795 0
 0.694673 0.275183 0.0284847 0.00165964 0
 0.469039 0.446079 0.0841089 0.000773354 0
ppred_PELACES
 0.0103554 0.628823 0.317925 0.0428957 9.91486e-07
 0.0335476 0.0199608 0.601404 0.304062 0.0410262
 0.0124635 0.0649695 0.0190544 0.574095 0.329418
 0.154917 0.0220082 0.0541496 0.0158811 0.753044
 0.908824 0.0249782 0.00172397 0.0042417 0.0602322
 0.205002 0.757226 0.0103478 0.000714195 0.0267098
 0.770871 0.0813722 0.140736 0.00192321 0.00509696
 0.688692 0.272674 0.0137204 0.0237299 0.00118369
 0.703205 0.245077 0.0453001 0.00227941 0.00413896
 0.765746 0.195332 0.0321392 0.00594062 0.0008417
 0.182432 0.711268 0.0886385 0.0145842 0.0030777
 0.126151 0.276751 0.519463 0.0647357 0.0128991
 0.617108 0.0884348 0.0932557 0.175041 0.0261603
 0.501329 0.386361 0.0259397 0.0273538 0.0590165
 0.611281 0.269292 0.0925301 0.00621234 0.0206849
 0.554078 0.346235 0.0690596 0.0237293 0.00689778
 0.473039 0.380653 0.1136 0.0226586 0.0100488
 0.486601 0.334483 0.129241 0.0385702 0.011105
 0.351534 0.429262 0.142813 0.0551817 0.0212097
 0.803288 0.104158 0.0612672 0.0203833 0.0109031
 0.563516 0.390283 0.0244637 0.0143898 0.00734823
 0.405565 0.429884 0.147133 0.00922259 0.00819506
 0.599916 0.232481 0.121207 0.0414848 0.00491097
 0.400852 0.451822 0.0856078 0.0446329 0.0170846
 0.0097778 0.572491 0.315015 0.0596866 0.04303
pobs_pel_tallas
 0 0 0 0 0 0 0 0 0 0 0 0 0 0 0 0 0 0 0 0 0 0 0 0 0 0 0 0 0 0 0 0 0 0 0 0
 0 0 0 0 0 0 0 0 0 0 0 0 0 0 0 0 0 0 0 0 0 0 0 0 0 0 0 0 0 0 0 0 0 0 0 0
 0 0 0 0 0 0 0 0 0 0 0 0 0 0 0 0 0 0 0 0 0 0 0 0 0 0 0 0 0 0 0 0 0 0 0 0
 0 0 0 0 0 0 0 0 0 0 0 0 0 0 0 0 0 0 0 0 0 0 0 0 0 0 0 0 0 0 0 0 0 0 0 0
 0 0 0 0 0 0 0 0 0 0 0 0 0 0 0 0 0 0 0 0 0 0 0 0 0 0 0 0 0 0 0 0 0 0 0 0
 0 0 0 0 0 0 0 0 0 0 0 0 0 0 0 0 0 0 0 0 0 0 0 0 0 0 0 0 0 0 0 0 0 0 0 0
 0 0 0 0 0 0 0 0 0 0 0 0 0 0 0 0 0 0 0 0 0 0 0 0 0 0 0 0 0 0 0 0 0 0 0 0
 0 0 0 0 0 0 0 0 0 0 0 0 0 0 0 0 0 0 0 0 0 0 0 0 0 0 0 0 0 0 0 0 0 0 0 0
 0 0 0 0 0 0 0 0 0 0 0 0 0 0 0 0 0 0 0 0 0 0 0 0 0 0 0 0 0 0 0 0 0 0 0 0
 0 0 0 0 0 0 0 0 0 0 0 0 0 0 0 0 0 0 0 0 0 0 0 0 0 0 0 0 0 0 0 0 0 0 0 0
 0 0 0 0 0 0 0 0 1.78061e-05 0.00172719 0.00360574 0.0105946 0.0120993 0.0124554 0.0147524 0.0171206 0.0266825 0.0428682 0.0675386 0.121331 0.153587 0.119568 0.100827 0.0573624 0.0630603 0.0341343 0.0324427 0.0444173 0.0211091 0.0280891 0.0125444 0.00206551 0 0 0 0
 0 0 0 0 0 0 0 0 0 0 0 0 0 0 0 0 0 0 0 0 0 0 0 0 0 0 0 0 0 0 0 0 0 0 0 0
 0 0 0 0 0 0 0.0133647 0.0140871 0.0187388 0.0205184 0.03894 0.0496705 0.03968 0.0493445 0.0407372 0.0367815 0.0215668 0.0243155 0.0234873 0.0199281 0.019796 0.0243948 0.0301388 0.0376714 0.0412746 0.0863199 0.0771752 0.113111 0.0741005 0.0525337 0.0229764 0.00759418 0.00175318 0 0 0
 0 0 0 0 0 0 0 0 0 0 0.00219441 0.00772107 0.0458388 0.0604681 0.0671733 0.0775358 0.0609151 0.0617685 0.073594 0.0568108 0.0755445 0.0548602 0.0670107 0.0636378 0.0643287 0.046367 0.0373049 0.0286899 0.0247887 0.0153202 0.00654259 0.00121912 0.000365735 0 0 0
 0 0 0 0 0 0 0 0 0 0 0 0 0.000112435 0.00938835 0.0111873 0.0202946 0.0414886 0.0713402 0.111592 0.104902 0.108894 0.110636 0.117776 0.105296 0.107544 0.0401394 0.0192827 0.0124803 0.00416011 0.0028671 0.000618394 0 0 0 0 0
 0 0 0 0 0 0 0 0 0 0 0.00291406 0.0102884 0.027416 0.0768956 0.0749926 0.110853 0.0956884 0.0897413 0.0766577 0.0534642 0.0500743 0.0551293 0.0594112 0.0620874 0.0668451 0.0424026 0.0208742 0.0120726 0.0048766 0.00582813 0.00118941 0.000297354 0 0 0 0
 0 0.00264628 0.0354308 0.0461629 0.0458689 0.0383711 0.0214643 0.0164657 0.0346957 0.0420465 0.0363128 0.0245516 0.0311673 0.0291091 0.0169068 0.0133784 0.00837989 0.0085269 0.0148486 0.0160247 0.0276389 0.0546898 0.0760071 0.122758 0.109233 0.0665981 0.0333725 0.0166128 0.00676272 0.00308733 0.000882094 0 0 0 0 0
 0 0 0 0 0 0 0 0.000805153 0.000690131 0.00759144 0.0133425 0.0154129 0.00931677 0.000345066 0.00356568 0.00563607 0.00851162 0.0253048 0.0502646 0.0516448 0.0657925 0.0565908 0.0611916 0.0827007 0.0866115 0.110766 0.145733 0.0935128 0.0569358 0.0249597 0.0138026 0.00621118 0.00161031 0.00115022 0 0
 0 0 0 0 0 0 0 0 0 0 0 0 0 0 0 0 0 0 0 0 0 0 0 0 0 0 0 0 0 0 0 0 0 0 0 0
 0.00147267 0.00158595 0.00478618 0.00569244 0.00954404 0.0108468 0.00647125 0.017049 0.0510054 0.094081 0.124002 0.0959785 0.0687766 0.0820023 0.061753 0.0591476 0.0492212 0.0479892 0.0443925 0.0268479 0.0217502 0.0140895 0.0121071 0.0120363 0.00920419 0.00665534 0.0049561 0.00860946 0.00930331 0.0156896 0.0114698 0.00855282 0.00243557 0.00046729 0 2.83206e-05
 0 0 0 0 0.000772559 0.00158375 0.000888443 0.00281984 0.00712685 0.0440552 0.0773331 0.111326 0.0921469 0.0852325 0.0710754 0.0886704 0.0786465 0.0553345 0.0373146 0.0185414 0.00753245 0.00457741 0.012979 0.0271748 0.0457355 0.0583668 0.034881 0.0177882 0.00938659 0.00492506 0.0015258 0.00185414 0.000309023 5.79419e-05 3.86279e-05 0
 0 0.00173294 0.00326652 0 0.00397197 0.00683976 0.00946217 0.0152591 0.00757587 0.0136028 0.0228656 0.0392903 0.0559909 0.0764795 0.0681675 0.0726916 0.0566044 0.0477403 0.0527397 0.0444891 0.0609904 0.0582453 0.0661739 0.0445044 0.0529084 0.0360697 0.0280645 0.0235558 0.0158879 0.00826598 0.00280645 0.00217768 0.000904811 0.00058276 9.20147e-05 0
 0 0 0 0 0 0 0 0 0 0 0 0 0 0 0 0 0 0 0 0 0 0 0 0 0 0 0 0 0 0 0 0 0 0 0 0
 0 0 0 0 0 0 0 0 0 0 0 0 0 0 0 0 0 0 0 0 0 0 0 0 0 0 0 0 0 0 0 0 0 0 0 0
 0 0 0 0 0 0 0 0 0 0 0 0 0 0 0 0 0 0 0 0 0 0 0 0 0 0 0 0 0 0 0 0 0 0 0 0
ppred_pel_tallas
 1.06192e-16 4.90433e-07 2.78096e-06 1.30163e-05 4.97734e-05 0.000154904 0.000391975 0.00080723 0.00135787 0.00188351 0.00220771 0.00232356 0.00248474 0.0031101 0.00461834 0.00734704 0.0115582 0.0174327 0.0250032 0.0340579 0.0440769 0.054248 0.0635772 0.0710733 0.0759554 0.0778155 0.076686 0.0729889 0.0673962 0.0606528 0.0534235 0.0462049 0.0393101 0.032904 0.0270623 0.0218201
 1.20909e-16 1.47736e-06 8.63034e-06 4.09473e-05 0.000157522 0.000491063 0.00124037 0.00253866 0.0042112 0.00566515 0.0061904 0.00552181 0.004089 0.00266931 0.00184681 0.00180896 0.00251685 0.00393894 0.00614782 0.00929787 0.013565 0.0190883 0.0259181 0.0339711 0.0429967 0.0525647 0.0620828 0.0708485 0.0781308 0.0832709 0.0857818 0.0854258 0.0822536 0.0765924 0.068992 0.0601348
 1.35411e-16 5.57341e-07 3.23107e-06 1.52829e-05 5.87158e-05 0.000182954 0.000462142 0.000946423 0.00157226 0.00212218 0.00233763 0.00212943 0.00167271 0.00128023 0.00120352 0.00155829 0.00238693 0.00374239 0.00571966 0.00844279 0.0120393 0.0166179 0.02225 0.0289517 0.0366641 0.04523 0.0543736 0.0636886 0.0726461 0.0806301 0.0870015 0.0911836 0.0927523 0.091508 0.0875176 0.0811084
 1.36508e-16 6.76711e-06 3.96921e-05 0.000188632 0.000726171 0.0022644 0.00571963 0.0117033 0.0194004 0.026057 0.0283629 0.0250365 0.017963 0.0105699 0.00530309 0.00266131 0.00196243 0.00241971 0.00361413 0.0054578 0.0080284 0.011455 0.0158606 0.0213282 0.0278701 0.0353989 0.0437033 0.052436 0.0611215 0.0691896 0.0760317 0.0810763 0.0838687 0.0841398 0.0818474 0.0771878
 1.02993e-16 3.96425e-05 0.000232696 0.00110619 0.00425897 0.0132813 0.0335472 0.0686406 0.113774 0.152778 0.166208 0.146501 0.104637 0.060597 0.0285303 0.011071 0.00380927 0.00159057 0.00128306 0.0015791 0.00206531 0.00262629 0.00321778 0.00380969 0.00437932 0.00491306 0.00540609 0.00585817 0.00626743 0.00662454 0.00691 0.00709608 0.00715259 0.00705472 0.00679015 0.00636368
 1.01667e-16 8.98234e-06 5.26261e-05 0.000249964 0.000962045 0.00299976 0.00757797 0.0155111 0.0257325 0.0346218 0.0378435 0.0337805 0.025053 0.0163792 0.0112315 0.0105311 0.0135998 0.019487 0.0274784 0.0369461 0.0470888 0.0568443 0.0649969 0.070409 0.0722845 0.070366 0.0650019 0.0570496 0.0476596 0.0380072 0.0290609 0.0214459 0.0154202 0.01094 0.00777205 0.00560627
 1.02329e-16 3.36299e-05 0.00019739 0.000938324 0.00361263 0.0112657 0.0284561 0.0582243 0.0965108 0.129604 0.141014 0.124336 0.0888988 0.0516708 0.024685 0.0102138 0.00455841 0.00338489 0.00406071 0.00547537 0.00724295 0.00919389 0.0111881 0.0130802 0.0147314 0.0160287 0.0168975 0.0173034 0.0172475 0.0167566 0.0158757 0.0146636 0.0131926 0.011546 0.00981592 0.00809529
 1.01155e-16 3.00539e-05 0.000176379 0.000838398 0.00322783 0.0100657 0.0254252 0.0520242 0.0862392 0.115827 0.126069 0.111264 0.0797818 0.0468342 0.0232383 0.0111003 0.00718504 0.00765727 0.0101398 0.013527 0.0172633 0.0209067 0.0240106 0.0261632 0.0270728 0.026637 0.0249663 0.0223507 0.0191841 0.01587 0.0127414 0.010014 0.00777928 0.00602818 0.00469032 0.0036725
 1.00995e-16 3.06857e-05 0.000180091 0.000856049 0.0032958 0.0102776 0.0259605 0.0531194 0.0880537 0.118261 0.128711 0.113578 0.0814039 0.0477109 0.0235338 0.0110107 0.00682727 0.00706165 0.00929107 0.0124055 0.0158723 0.0192869 0.0222445 0.024368 0.0253832 0.0251812 0.0238417 0.0216056 0.0188104 0.0158092 0.0129006 0.0102875 0.00806937 0.00626042 0.0048211 0.00368874
 1.00764e-16 3.34107e-05 0.000196094 0.000932139 0.00358879 0.0111913 0.0282683 0.0578409 0.0958782 0.128763 0.140124 0.123608 0.088502 0.051689 0.025157 0.0112016 0.00618126 0.0058023 0.00742375 0.00986492 0.0126096 0.0153138 0.0176508 0.0193203 0.020105 0.0199199 0.0188306 0.0170314 0.014793 0.0123982 0.0100854 0.00801548 0.00626617 0.00484675 0.00372339 0.00284408
 1.02135e-16 7.99656e-06 4.68423e-05 0.000222475 0.000856221 0.00266976 0.00674437 0.0138052 0.0229038 0.0308202 0.0336992 0.0301074 0.0223858 0.0147469 0.0103003 0.00988999 0.0129392 0.0186269 0.0263343 0.0355041 0.0454045 0.0550498 0.0632984 0.0690674 0.0715774 0.0705373 0.0662114 0.0593363 0.0509277 0.0420403 0.0335587 0.0260751 0.0198658 0.0149474 0.0111716 0.00832015
 1.10292e-16 5.52588e-06 3.23747e-05 0.000153778 0.000591857 0.00184545 0.00466174 0.00954092 0.0158244 0.02128 0.0232315 0.0206697 0.0151856 0.00965357 0.0061782 0.00530111 0.00660525 0.0095569 0.0138447 0.0193038 0.0257495 0.0328844 0.0402914 0.0474819 0.0539686 0.0593318 0.0632641 0.0655817 0.0662131 0.0651777 0.0625698 0.0585537 0.0533653 0.0473092 0.0407435 0.0340481
 1.0859e-16 2.6925e-05 0.000158027 0.000751187 0.00289211 0.00901877 0.0227806 0.0466119 0.0772633 0.103759 0.112902 0.0995681 0.0712314 0.0414864 0.0199805 0.00855212 0.00426392 0.00367222 0.00469512 0.00646552 0.00868996 0.01124 0.0140025 0.0168516 0.0196583 0.0223034 0.0246832 0.0267066 0.0282885 0.0293442 0.0297938 0.0295735 0.0286546 0.0270582 0.0248646 0.0222075
 1.04192e-16 2.18885e-05 0.000128431 0.000610424 0.00235004 0.00732826 0.0185109 0.0378779 0.062795 0.0843565 0.0918615 0.0811826 0.0584494 0.0347899 0.0181514 0.0101537 0.00852752 0.0105433 0.0144808 0.0194664 0.0249351 0.0303224 0.0350154 0.0384398 0.0401844 0.0400978 0.0383206 0.0352376 0.0313713 0.0272518 0.0233075 0.0198038 0.0168392 0.0143828 0.0123329 0.0105718
 1.02582e-16 2.66784e-05 0.000156562 0.000744186 0.00286509 0.00893446 0.0225679 0.0461779 0.0765491 0.102815 0.111916 0.0987938 0.0708862 0.0417057 0.0208694 0.0102672 0.00705033 0.00783778 0.0105375 0.0141759 0.0182529 0.0223523 0.0260372 0.0288905 0.0305957 0.0310056 0.0301687 0.0283027 0.0257293 0.0227922 0.0197865 0.0169187 0.0143006 0.0119683 0.00991295 0.008109
 1.02231e-16 2.41872e-05 0.000141929 0.000674605 0.00259716 0.00809891 0.0204574 0.0418604 0.0693949 0.0932155 0.10149 0.0896472 0.0644469 0.0381655 0.0195577 0.0103793 0.00808982 0.00965097 0.0131628 0.0176949 0.0226952 0.027644 0.0319817 0.0351786 0.0368453 0.0368211 0.0352066 0.0323254 0.0286346 0.0246122 0.020661 0.0170531 0.0139213 0.0112857 0.00909848 0.00728549
 1.02985e-16 2.0655e-05 0.000121189 0.000575995 0.00221748 0.00691487 0.0174667 0.0357414 0.0592538 0.0796016 0.0866893 0.0766255 0.0551987 0.0329163 0.0172882 0.00985625 0.00849538 0.0106464 0.0146991 0.0198354 0.0255171 0.0311927 0.0362506 0.040103 0.0423078 0.042666 0.0412587 0.0384094 0.0345889 0.0302978 0.0259648 0.0218879 0.0182253 0.015023 0.0122589 0.0098841
 1.03788e-16 2.12445e-05 0.000124654 0.000592477 0.00228095 0.00711283 0.0179667 0.0367641 0.0609475 0.0818721 0.0891491 0.0787691 0.0566763 0.0336644 0.0174385 0.00956249 0.00782949 0.00959533 0.0132099 0.0178634 0.0230623 0.0283242 0.0331148 0.0369155 0.0393264 0.0401512 0.0394303 0.0374101 0.0344642 0.0309955 0.0273523 0.0237812 0.0204218 0.0173298 0.0145137 0.0119662
 1.05055e-16 1.53588e-05 9.0091e-05 0.000428142 0.00164818 0.00513954 0.0129825 0.0265667 0.0440482 0.0591884 0.0644956 0.0570964 0.0413226 0.0250274 0.0138521 0.00901477 0.0090102 0.0119942 0.0167889 0.0227445 0.0293464 0.0360028 0.0420354 0.0467844 0.0497462 0.0506813 0.0496562 0.0470014 0.0432079 0.0387991 0.0342208 0.0297818 0.0256463 0.0218677 0.0184378 0.0153308
 1.02114e-16 3.50441e-05 0.000205691 0.000977785 0.00376456 0.0117395 0.0296529 0.0606731 0.10057 0.135056 0.146949 0.129575 0.0926566 0.0538791 0.0257832 0.0107375 0.00488581 0.00370379 0.00443238 0.00588938 0.00764012 0.00947285 0.0112125 0.0126945 0.0137867 0.0144131 0.0145648 0.0142918 0.013682 0.012834 0.0118353 0.0107508 0.00962245 0.00847712 0.00733576 0.00622039
 1.01313e-16 2.46004e-05 0.000144351 0.000686111 0.00264145 0.00823701 0.0208063 0.0425745 0.0705797 0.0948099 0.103233 0.0912051 0.0656056 0.0389291 0.0200897 0.0108847 0.00873866 0.0105625 0.0144114 0.0193091 0.0246456 0.0298301 0.0342292 0.0372527 0.0384822 0.0377712 0.0352803 0.0314291 0.0267879 0.0219425 0.0173785 0.0134133 0.010184 0.00768127 0.00580396 0.00441491
 1.02929e-16 1.7715e-05 0.000103923 0.000493902 0.00190138 0.00592911 0.0149768 0.0306473 0.0508118 0.0682704 0.0743749 0.0658019 0.0475351 0.0286141 0.0155191 0.00962131 0.00914842 0.0119431 0.0166328 0.0224797 0.028933 0.0353821 0.0411357 0.0455251 0.0480439 0.0484589 0.046854 0.043588 0.0391903 0.0342289 0.0291955 0.0244395 0.0201547 0.0164086 0.0131892 0.0104498
 1.03452e-16 2.61815e-05 0.000153648 0.000730337 0.00281178 0.00876822 0.0221479 0.0453185 0.0751235 0.100898 0.109823 0.0969313 0.0695175 0.0408358 0.0203159 0.00980285 0.00649434 0.00707153 0.00949215 0.0128266 0.0166257 0.0205339 0.0241783 0.0271937 0.02929 0.0303089 0.0302489 0.029246 0.027524 0.0253314 0.0228885 0.0203581 0.0178429 0.015401 0.0130676 0.0108722
 1.03695e-16 1.75101e-05 0.000102719 0.000488174 0.00187932 0.00586032 0.0148031 0.030292 0.0502234 0.0674818 0.0735211 0.065059 0.0470256 0.0283612 0.0154781 0.00973996 0.00940108 0.0123307 0.0171652 0.0231568 0.0297317 0.0362495 0.0419902 0.0462668 0.0485737 0.0487008 0.046776 0.0432144 0.0386016 0.0335475 0.0285624 0.0239864 0.01998 0.0165618 0.0136671 0.0112033
 1.0872e-16 4.62843e-07 2.62447e-06 1.22845e-05 4.69764e-05 0.000146197 0.000369915 0.000761666 0.00128075 0.00177517 0.00207725 0.00217858 0.00231583 0.00288042 0.00426291 0.00677756 0.0106697 0.0161138 0.023153 0.0316117 0.0410352 0.0507019 0.0597206 0.0671939 0.0724045 0.0749586 0.0748481 0.0724046 0.068177 0.0627775 0.0567505 0.0505006 0.0442851 0.0382508 0.0324871 0.0270671
pSPR Fmed_Fpbrs
0.510226   0.255595 0.255595
Fs Fmed_Fpbrs
0.388388   1.005 1.005
SSBpbr Bo_Bmed_Bpbrs
1.07722e+06  495767  221472 221472
Ro
15994.5
SPR SPRFo_SPRFmed_SPRFpbrs
328892 167809 84063.1
log_Ro
9.5
likeval ReclasPelacesDesembMPH_pf_preclas_ppelaces_ptallas_desvR_qrecl_qpela
 100.868 134.087 0.183659 0.000572881 451.115 222.025 94.216 0 84.9227 0 0 0 0 0 0
q_reclas_q_pelaces
1 1
M
0.7
N
 2128.48 67100.9 33925.3 4577.34 0.1058
 3166.89 1010.17 30435.7 15387.9 2076.24
 418.703 1445.95 424.07 12776.9 7331.46
 1812.35 148.137 364.48 106.895 5068.72
 53811.1 759.947 52.4509 129.052 1832.53
 10161.3 25856.8 353.343 24.3874 912.053
 51465.4 3429.65 5931.7 81.0588 214.825
 69736.3 19297.4 971.002 1679.38 83.7706
 100301 23131.9 4275.71 215.145 390.661
 248788 35534.8 5846.75 1080.72 153.122
 45966 107792 13433.1 2210.22 466.423
 13741 18270.3 34293.4 4273.65 851.558
 54970.7 5411.73 5706.75 10711.6 1600.87
 27606.2 18616.2 1249.87 1318 2843.63
 19534.3 6985.13 2400.13 161.141 536.544
 13843.5 5410.87 1079.24 370.834 107.797
 10706.9 5248.93 1566.47 312.446 138.566
 10402.5 4190.6 1619.21 483.231 139.13
 5824.62 4266.21 1419.35 548.423 210.792
 30387.8 2322.85 1366.33 454.57 243.151
 33748.1 12374.1 775.63 456.235 232.979
 27247.3 15643.7 5354.27 335.616 298.223
 56847.5 12286.8 6405.93 2192.51 259.55
 39069.3 24747 4688.86 2444.61 935.747
 480.795 16854.1 9274.02 1757.17 1266.8
pred_Ctot
 67.9589 4200.94 2123.94 286.571 0.00662376
 184.361 113.424 3417.38 1727.78 233.125
 88.2832 532.12 156.061 4702.02 2698.04
 204.794 31.174 76.7014 22.4951 1066.67
 1255.05 34.9414 2.41163 5.93363 84.2576
 2393.19 10451.6 142.824 9.85762 368.66
 9212.94 1094.77 1893.44 25.8746 68.5737
 17041.4 8044.19 404.767 700.059 34.9201
 21075.4 8487.51 1568.84 78.9405 143.341
 22992.9 6197.79 1019.76 188.493 26.7067
 6682.87 28574.9 3561.02 585.915 123.645
 2072.12 5005.71 9395.74 1170.9 233.311
 12851.6 2173.98 2292.49 4303.02 643.094
 10117.4 10674.9 716.697 755.767 1630.59
 6422.29 3692.19 1268.66 85.1758 283.606
 2390.98 1673.45 333.783 114.69 33.3388
 1653.61 1469.33 438.501 87.4628 38.7886
 1317.17 979.465 378.456 112.945 32.5187
 835.352 1117.06 371.642 143.599 55.1938
 3978.66 559.817 329.291 109.554 58.6007
 1621.33 1153.97 72.3328 42.547 21.7269
 1811.26 1995.28 682.911 42.8061 38.0369
 5082.15 2076.99 1082.87 370.627 43.8748
 3718.89 4437.57 840.796 438.361 167.796
 68.3199 4376.27 2408.05 456.259 328.932
F
 0.0452907 0.0905815 0.0905815 0.0905815 0.0905815
 0.0839866 0.167973 0.167973 0.167973 0.167973
 0.339024 0.678049 0.678049 0.678049 0.678049
 0.16913 0.33826 0.33826 0.33826 0.33826
 0.0329048 0.0658096 0.0658096 0.0658096 0.0658096
 0.386132 0.772264 0.772264 0.772264 0.772264
 0.280942 0.561884 0.561884 0.561884 0.561884
 0.403509 0.807018 0.807018 0.807018 0.807018
 0.337663 0.675326 0.675326 0.675326 0.675326
 0.136396 0.272791 0.272791 0.272791 0.272791
 0.222626 0.445253 0.445253 0.445253 0.445253
 0.231813 0.463626 0.463626 0.463626 0.463626
 0.382765 0.76553 0.76553 0.76553 0.76553
 0.674257 1.34851 1.34851 1.34851 1.34851
 0.583761 1.16752 1.16752 1.16752 1.16752
 0.269792 0.539585 0.539585 0.539585 0.539585
 0.238043 0.476085 0.476085 0.476085 0.476085
 0.191324 0.382648 0.382648 0.382648 0.382648
 0.2193 0.4386 0.4386 0.4386 0.4386
 0.198437 0.396873 0.396873 0.396873 0.396873
 0.0688544 0.137709 0.137709 0.137709 0.137709
 0.0964233 0.192847 0.192847 0.192847 0.192847
 0.13167 0.26334 0.26334 0.26334 0.26334
 0.140743 0.281486 0.281486 0.281486 0.281486
 0.217078 0.434155 0.434155 0.434155 0.434155
YTP_r0W_actual
 765.183 96277.9 79465.8 18752.3 14078.3
YTP_p0W_proyectada
 56042.1 1983.39 81586.6 58562.7 16755.4
 56042.1 69937.7 525.625 19345.8 14372.8
CTP_r0_actual
 68.3199 4376.27 2408.05 456.259 328.932
CTP_p0_proyectada
 6593.19 92.6816 2614.96 1438.89 360.332
 6593.19 3268.12 16.847 475.327 309.092
Wmedp
 8.5 21.4 31.2 40.7 46.5
nmprior
 10.6 11 7 0
nm_flota  nm_reclas  nm_pelaces    nm_pelaL
inf 9.98793 7.9759 14.8701
cv_recla  cv_pelaces  cv_mph
0.90845 1.313 0.776552
 ------------------------------------------------
Talla a la edad & desviaci?n 
 7.2 14.2025 17.0495 18.207 18.6776
 1.08 2.13037 2.55742 2.73105 2.80164
