years
 1997 1998 1999 2000 2001 2002 2003 2004 2005 2006 2007 2008 2009 2010 2011 2012 2013 2014 2015 2016 2017 2018 2019 2020 2021
reclasobs
 0 0 0 370054 412103 1.49427e+06 250295 1.28982e+06 931140 785840 897777 1.04006e+06 184774 17550 25797 100020 73551 82996 120727 218422 84188 347160 605670 569463 516374
reclaspred
 661227 155455 362976 209953 336840 416763 900935 642860 728755 808422 720998 499761 307159 125594 71916.3 67448.8 79601.2 106120 114816 148269 226815 216227 360287 428284 477526
pelacesobs
 0 0 0 0 0 0 0 0 0 2.06254e+06 1.5e+06 0 1.87456e+06 323000 250000 174000 83755 137374 0 501740 490994 745055 786931 1.00524e+06 1.33801e+06
pelacespred
 2.38787e+06 617536 689577 726890 1.0294e+06 978294 2.53409e+06 2.08395e+06 2.14521e+06 2.43702e+06 1.86809e+06 1.35131e+06 807751 252866 148702 153611 191173 269054 294597 371480 668415 620805 788723 1.11734e+06 1.22722e+06
mphobs
 0 0 0 0 0 112323 0 153150 637223 0 255016 313432 73983 77613 109348 50772 0 0 0 0 0 0 0 0 0
mphpred
 240230 124038 125067 103646 110444 192447 261321 339391 297547 328163 371541 259765 162587 85976.6 37095.7 28716.7 30891.3 39846.2 49688.1 54845.2 80795.6 101262 123081 167933 214997
desembarqueobs
 350755 77701 442110 56441 14545 235359 269955 359681 431902 328805 639364 411747 362871 311530 167758 66681 60226 58785 57116 73181 50977 67692 138656 160484 209506
desembarquepred
 350750 77691.1 441987 56441.6 14545.1 235416 269999 359574 431847 328753 639044 411618 362763 311448 167494 66664.3 60244.9 58763.4 57089.4 73166.9 50977 67672.8 138646 160483 209499
Reclutas
 33781.9 43454.8 17498.6 25316.5 51634.9 33900 70553.1 69380.6 90939.9 118841 66792.8 46865.1 49422.9 26871 14164.8 12114.3 9187.97 10537.2 10864.6 16602 22571.4 27793.9 43469.5 48232.2 18660.6
log_desv_Rt
 0.0876815 0.339476 -0.570121 -0.200788 0.511954 0.0911698 0.824121 0.807362 1.07795 1.34554 0.76935 0.415029 0.468168 -0.141197 -0.781482 -0.937859 -1.21435 -1.07733 -1.04674 -0.622723 -0.31556 -0.107428 0.339816 0.443782 -0.505829
SSB
 517579 267242 269458 223307 237952 414629 563020 731224 641070 707031 800491 559668 350296 185238 79923.2 61870.5 66555.8 85849.3 107054 118165 174075 218171 265180 361813 463215
BT
 1.54945e+06 397798 583379 391828 506463 593753 1.4975e+06 1.38075e+06 1.47926e+06 1.5045e+06 1.42995e+06 998167 755084 417366 217358 130776 142614 178323 180064 236670 363487 329663 448312 640932 684436
Ftot
 0.614051 0.630932 1.179 0.316302 0.0586186 0.548469 0.381754 0.672308 0.762044 0.527176 0.917953 0.857652 1.37762 2.5153 2.71584 1.17851 0.917277 0.673284 0.539726 0.596519 0.272306 0.339182 0.417769 0.422395 0.419668
BD_Bspro_t
 0.923917 0.657463 0.55663 0.339768 0.479311 0.670888 0.601463 0.628803 0.559712 0.536547 0.534626 0.375639 0.275681 0.185322 0.0998389 0.0955336 0.138769 0.229203 0.322633 0.402071 0.526511 0.645659 0.651876 0.651909 0.641329
BD_Bspro
 0.813371 0.419969 0.423451 0.350925 0.37394 0.651587 0.884782 1.14911 1.00744 1.11109 1.25797 0.879515 0.550488 0.2911 0.125599 0.0972291 0.104592 0.134912 0.168234 0.185695 0.273558 0.342854 0.416729 0.568587 0.727939
BD_Bo
 0.634317 0.327518 0.330233 0.273673 0.291622 0.508148 0.690008 0.896149 0.785661 0.8665 0.981039 0.6859 0.429305 0.227018 0.0979497 0.0758252 0.0815672 0.105212 0.131199 0.144817 0.213337 0.267379 0.324991 0.443419 0.567692
BD_Brms
 1.1533 0.595487 0.600424 0.497587 0.530221 0.923905 1.25456 1.62936 1.42848 1.57546 1.78371 1.24709 0.780554 0.41276 0.17809 0.137864 0.148304 0.191295 0.238544 0.263303 0.387886 0.486143 0.590892 0.806217 1.03217
S_f
 0.144441 1 1 1 1
 0.144441 1 1 1 1
 0.144441 1 1 1 1
 0.144441 1 1 1 1
 0.144441 1 1 1 1
 0.144441 1 1 1 1
 0.144441 1 1 1 1
 0.144441 1 1 1 1
 0.144441 1 1 1 1
 0.144441 1 1 1 1
 0.144441 1 1 1 1
 0.144441 1 1 1 1
 0.144441 1 1 1 1
 0.144441 1 1 1 1
 0.144441 1 1 1 1
 0.144441 1 1 1 1
 0.144441 1 1 1 1
 0.144441 1 1 1 1
 0.144441 1 1 1 1
 0.144441 1 1 1 1
 0.144441 1 1 1 1
 0.144441 1 1 1 1
 0.144441 1 1 1 1
 0.144441 1 1 1 1
 0.144441 1 1 1 1
Scru_reclas
 0.602098 0.950157 0.995853 0.99967 0.999974
 0.602098 0.950157 0.995853 0.99967 0.999974
 0.602098 0.950157 0.995853 0.99967 0.999974
 0.602098 0.950157 0.995853 0.99967 0.999974
 0.602098 0.950157 0.995853 0.99967 0.999974
 0.602098 0.950157 0.995853 0.99967 0.999974
 0.602098 0.950157 0.995853 0.99967 0.999974
 0.602098 0.950157 0.995853 0.99967 0.999974
 0.602098 0.950157 0.995853 0.99967 0.999974
 0.602098 0.950157 0.995853 0.99967 0.999974
 0.602098 0.950157 0.995853 0.99967 0.999974
 0.602098 0.950157 0.995853 0.99967 0.999974
 0.602098 0.950157 0.995853 0.99967 0.999974
 0.602098 0.950157 0.995853 0.99967 0.999974
 0.602098 0.950157 0.995853 0.99967 0.999974
 0.602098 0.950157 0.995853 0.99967 0.999974
 0.602098 0.950157 0.995853 0.99967 0.999974
 0.602098 0.950157 0.995853 0.99967 0.999974
 0.602098 0.950157 0.995853 0.99967 0.999974
 0.602098 0.950157 0.995853 0.99967 0.999974
 0.602098 0.950157 0.995853 0.99967 0.999974
 0.602098 0.950157 0.995853 0.99967 0.999974
 0.602098 0.950157 0.995853 0.99967 0.999974
 0.602098 0.950157 0.995853 0.99967 0.999974
 0.602098 0.950157 0.995853 0.99967 0.999974
Scru_pelaces
 0.62183 1 1 1 1
 0.62183 1 1 1 1
 0.62183 1 1 1 1
 0.62183 1 1 1 1
 0.62183 1 1 1 1
 0.62183 1 1 1 1
 0.62183 1 1 1 1
 0.62183 1 1 1 1
 0.62183 1 1 1 1
 0.62183 1 1 1 1
 0.62183 1 1 1 1
 0.62183 1 1 1 1
 0.62183 1 1 1 1
 0.62183 1 1 1 1
 0.62183 1 1 1 1
 0.62183 1 1 1 1
 0.62183 1 1 1 1
 0.62183 1 1 1 1
 0.62183 1 1 1 1
 0.62183 1 1 1 1
 0.62183 1 1 1 1
 0.62183 1 1 1 1
 0.62183 1 1 1 1
 0.62183 1 1 1 1
 0.62183 1 1 1 1
pf_obs 
 0.256992 0.487395 0.22802 0.0275931 0
 0.321318 0.546541 0.124235 0.00734118 0.000564706
 0.182869 0.594174 0.210203 0.0122559 0.00049798
 0.330522 0.361315 0.267642 0.0388342 0.00168674
 0.649043 0.306663 0.0425973 0.00169635 0
 0.582887 0.30429 0.105238 0.00758474 0
 0.465427 0.430635 0.0974691 0.00646863 0
 0.296916 0.608066 0.0921331 0.00288517 0
 0.311714 0.524322 0.152257 0.0117073 0
 0.15457 0.633149 0.183074 0.0267441 0.00246327
 0.131901 0.49318 0.331252 0.0422183 0.00144891
 0.196976 0.569456 0.194076 0.0375587 0.00193317
 0.518974 0.381816 0.0799577 0.0180837 0.00116848
 0.0928022 0.601141 0.25162 0.0475244 0.00691264
 0.122501 0.610282 0.24278 0.0234846 0.000952079
 0.383417 0.481906 0.127806 0.00687128 0
 0.0376549 0.599619 0.316969 0.0457579 0
 0.0361596 0.667082 0.258105 0.0386534 0
 0.158088 0.579412 0.248529 0.0139706 0
 0.0477256 0.309471 0.559284 0.082774 0.000745712
 0.0406174 0.521527 0.379366 0.0568643 0.0016247
 0.151134 0.462217 0.34131 0.0453401 0
 0.294876 0.26143 0.354403 0.0886775 0.000613685
 0.281977 0.475581 0.204845 0.0348837 0.00271318
 0.0841818 0.532909 0.334909 0.0458182 0.00218182
pf_pred 
 0.256129 0.519038 0.200442 0.024383 8.58439e-06
 0.280887 0.549635 0.118253 0.045667 0.00555718
 0.130199 0.685202 0.141094 0.0303561 0.0131495
 0.269131 0.480466 0.197259 0.0406188 0.0125246
 0.322115 0.507415 0.112066 0.0460095 0.0123954
 0.153104 0.653698 0.144614 0.0319388 0.0166454
 0.318889 0.423644 0.198733 0.0439645 0.0147702
 0.233708 0.610276 0.0970403 0.045522 0.0134538
 0.290614 0.530347 0.142587 0.0226728 0.0137793
 0.292452 0.57079 0.102242 0.0274884 0.00702737
 0.159981 0.662073 0.143551 0.0257135 0.00868057
 0.175306 0.559624 0.208919 0.0452979 0.0108531
 0.274377 0.504414 0.150108 0.0560384 0.0150614
 0.251547 0.632061 0.0809092 0.0240777 0.0114046
 0.300478 0.634174 0.0551861 0.00706429 0.00309801
 0.337425 0.618791 0.0396931 0.00345412 0.000636061
 0.236978 0.661639 0.0946833 0.00607358 0.000625852
 0.272204 0.563939 0.142085 0.020333 0.00143869
 0.239147 0.596681 0.12721 0.0320507 0.00491112
 0.305307 0.514151 0.141586 0.0301854 0.00877063
 0.276945 0.581324 0.104897 0.0288863 0.0079478
 0.240677 0.570843 0.151535 0.0273437 0.00960162
 0.286224 0.515051 0.149398 0.0396588 0.00966912
 0.235982 0.590858 0.12495 0.0362435 0.0119668
 0.0916666 0.658411 0.193279 0.0408732 0.0157704
pobs_RECLAS
 0 0 0 0 0
 0 0 0 0 0
 0 0 0 0 0
 0 0 0 0 0
 0.835266 0.146461 0.0176864 0.000547809 3.91292e-05
 0.385257 0.428462 0.181853 0.0044286 0
 0.867414 0.0963971 0.0333333 0.00285562 0
 0.441836 0.489002 0.0689373 0.000224442 0
 0.779404 0.147425 0.0564933 0.0165055 0.000172143
 0.814271 0.122319 0.05973 0.00367925 0
 0.40263 0.566651 0.0304383 0.000280538 0
 0.475488 0.404961 0.113038 0.00651328 0
 0.955842 0.0263864 0.0167828 0.000988607 0
 0.975058 0.0227948 0.00214734 0 0
 0.738997 0.206755 0.0527124 0.00153531 0
 0.850938 0.134255 0.0134407 0.00136685 0
 0.542534 0.407297 0.0501686 0 0
 0.764087 0.199537 0.0359546 0.000420521 0
 0.470689 0.182191 0.310203 0.0369168 0
 0.84361 0.089868 0.0606195 0.00523954 0.000663233
 0.607945 0.314616 0.071237 0.00620181 0
 0.523733 0.453247 0.0230204 0 0
 0.530135 0.295979 0.169645 0.0042399 0
 0.562478 0.366248 0.0663022 0.0049721 0
 0.250443 0.683176 0.0655157 0.000865301 0
ppred_RECLAS
 0.608995 0.268881 0.10883 0.0132895 4.6802e-06
 0.639654 0.272257 0.0613928 0.0237995 0.00289702
 0.420863 0.451524 0.0974474 0.021046 0.00911935
 0.618366 0.246744 0.106175 0.0219468 0.00676926
 0.673768 0.241191 0.0558304 0.0230094 0.00620083
 0.449182 0.420451 0.0974871 0.0216131 0.0112675
 0.673943 0.199113 0.097897 0.0217401 0.00730602
 0.582262 0.329358 0.0548901 0.0258478 0.00764155
 0.653472 0.255908 0.0721113 0.0115104 0.00699752
 0.650839 0.279024 0.0523838 0.0141376 0.00361536
 0.47205 0.411847 0.0935916 0.0168288 0.00568292
 0.496397 0.336443 0.131641 0.0286519 0.00686694
 0.652841 0.237746 0.0741532 0.0277889 0.0074711
 0.675407 0.272028 0.0364966 0.0109026 0.00516568
 0.736137 0.238129 0.0217188 0.00279084 0.00122428
 0.713465 0.266746 0.0179337 0.00156658 0.000288567
 0.594101 0.34972 0.0524533 0.00337757 0.000348148
 0.630732 0.283032 0.0747399 0.0107366 0.000759911
 0.586362 0.320992 0.0717252 0.0181406 0.00278052
 0.665376 0.244547 0.0705816 0.0151053 0.00439032
 0.628512 0.29582 0.0559464 0.0154654 0.00425647
 0.583941 0.309033 0.0859808 0.0155743 0.00547049
 0.640805 0.255694 0.0777347 0.0207144 0.00505186
 0.57949 0.321615 0.0712836 0.020756 0.00685529
 0.309927 0.493546 0.151851 0.0322352 0.0124413
pobs_PELACES
 0 0 0 0 0
 0 0 0 0 0
 0 0 0 0 0
 0 0 0 0 0
 0 0 0 0 0
 0 0 0 0 0
 0 0 0 0 0
 0 0 0 0 0
 0 0 0 0 0
 0 0 0 0 0
 0.450072 0.473896 0.0757376 0.000293798 0
 0 0 0 0 0
 0.463077 0.371075 0.160297 0.00555027 0
 0.529543 0.364841 0.0842815 0.0213345 0
 0.631943 0.363953 0.00410389 0 0
 0.735681 0.248677 0.0153453 0.000297389 0
 0.695825 0.281241 0.0229344 0 0
 0.275771 0.60734 0.115278 0.00161068 0
 0 0 0 0 0
 0.896147 0.0623911 0.0374545 0.00400742 0
 0.803859 0.145111 0.0509908 3.86294e-05 0
 0.739449 0.233085 0.0266225 0.000797448 4.60066e-05
 0.878498 0.100942 0.0204185 0.000141795 0
 0.694673 0.275183 0.0284847 0.00165964 0
 0.469039 0.446079 0.0841089 0.000773354 0
ppred_PELACES
 0.648428 0.24531 0.0947338 0.011524 4.0572e-06
 0.678016 0.2461 0.0529481 0.0204474 0.00248824
 0.50128 0.392876 0.0808993 0.0174054 0.00753955
 0.638688 0.237523 0.0975171 0.0200803 0.00619166
 0.675971 0.242544 0.0535674 0.0219925 0.00592498
 0.485788 0.396907 0.0878053 0.0193923 0.0101066
 0.697061 0.188425 0.0883909 0.0195542 0.00656939
 0.625523 0.298234 0.0474223 0.022246 0.00657471
 0.699072 0.224978 0.0604866 0.009618 0.00584529
 0.681817 0.256683 0.0459781 0.0123615 0.00316019
 0.534613 0.366802 0.0795303 0.0142458 0.00480921
 0.555882 0.301372 0.112508 0.0243941 0.00584468
 0.734304 0.184698 0.0549641 0.0205192 0.00551494
 0.80716 0.162851 0.0208463 0.00620365 0.0029384
 0.855502 0.130999 0.0113996 0.00145925 0.000639946
 0.7737 0.211346 0.0135571 0.00117974 0.000217245
 0.651911 0.301839 0.0431944 0.00277076 0.000285512
 0.672047 0.254117 0.0640253 0.00916229 0.000648289
 0.620805 0.297375 0.063399 0.0159735 0.00244761
 0.700468 0.221688 0.0610478 0.0130151 0.00378165
 0.644151 0.286097 0.0516247 0.0142163 0.00391148
 0.605377 0.296669 0.0787533 0.0142106 0.00499
 0.666302 0.240792 0.069845 0.0185409 0.00452042
 0.606388 0.304402 0.0643726 0.0186722 0.00616516
 0.334599 0.48232 0.141587 0.0299417 0.0115526
pobs_pel_tallas
 0 0 0 0 0 0 0 0 0 0 0 0 0 0 0 0 0 0 0 0 0 0 0 0 0 0 0 0 0 0 0 0 0 0 0 0
 0 0 0 0 0 0 0 0 0 0 0 0 0 0 0 0 0 0 0 0 0 0 0 0 0 0 0 0 0 0 0 0 0 0 0 0
 0 0 0 0 0 0 0 0 0 0 0 0 0 0 0 0 0 0 0 0 0 0 0 0 0 0 0 0 0 0 0 0 0 0 0 0
 0 0 0 0 0 0 0 0 0 0 0 0 0 0 0 0 0 0 0 0 0 0 0 0 0 0 0 0 0 0 0 0 0 0 0 0
 0 0 0 0 0 0 0 0 0 0 0 0 0 0 0 0 0 0 0 0 0 0 0 0 0 0 0 0 0 0 0 0 0 0 0 0
 0 0 0 0 0 0 0 0 0 0 0 0 0 0 0 0 0 0 0 0 0 0 0 0 0 0 0 0 0 0 0 0 0 0 0 0
 0 0 0 0 0 0 0 0 0 0 0 0 0 0 0 0 0 0 0 0 0 0 0 0 0 0 0 0 0 0 0 0 0 0 0 0
 0 0 0 0 0 0 0 0 0 0 0 0 0 0 0 0 0 0 0 0 0 0 0 0 0 0 0 0 0 0 0 0 0 0 0 0
 0 0 0 0 0 0 0 0 0 0 0 0 0 0 0 0 0 0 0 0 0 0 0 0 0 0 0 0 0 0 0 0 0 0 0 0
 0 0 0 0 0 0 0 0 0 0 0 0 0 0 0 0 0 0 0 0 0 0 0 0 0 0 0 0 0 0 0 0 0 0 0 0
 0 0 0 0 0 0 0 0 1.78061e-05 0.00172719 0.00360574 0.0105946 0.0120993 0.0124554 0.0147524 0.0171206 0.0266825 0.0428682 0.0675386 0.121331 0.153587 0.119568 0.100827 0.0573624 0.0630603 0.0341343 0.0324427 0.0444173 0.0211091 0.0280891 0.0125444 0.00206551 0 0 0 0
 0 0 0 0 0 0 0 0 0 0 0 0 0 0 0 0 0 0 0 0 0 0 0 0 0 0 0 0 0 0 0 0 0 0 0 0
 0 0 0 0 0 0 0.0133647 0.0140871 0.0187388 0.0205184 0.03894 0.0496705 0.03968 0.0493445 0.0407372 0.0367815 0.0215668 0.0243155 0.0234873 0.0199281 0.019796 0.0243948 0.0301388 0.0376714 0.0412746 0.0863199 0.0771752 0.113111 0.0741005 0.0525337 0.0229764 0.00759418 0.00175318 0 0 0
 0 0 0 0 0 0 0 0 0 0 0.00219441 0.00772107 0.0458388 0.0604681 0.0671733 0.0775358 0.0609151 0.0617685 0.073594 0.0568108 0.0755445 0.0548602 0.0670107 0.0636378 0.0643287 0.046367 0.0373049 0.0286899 0.0247887 0.0153202 0.00654259 0.00121912 0.000365735 0 0 0
 0 0 0 0 0 0 0 0 0 0 0 0 0.000112435 0.00938835 0.0111873 0.0202946 0.0414886 0.0713402 0.111592 0.104902 0.108894 0.110636 0.117776 0.105296 0.107544 0.0401394 0.0192827 0.0124803 0.00416011 0.0028671 0.000618394 0 0 0 0 0
 0 0 0 0 0 0 0 0 0 0 0.00291406 0.0102884 0.027416 0.0768956 0.0749926 0.110853 0.0956884 0.0897413 0.0766577 0.0534642 0.0500743 0.0551293 0.0594112 0.0620874 0.0668451 0.0424026 0.0208742 0.0120726 0.0048766 0.00582813 0.00118941 0.000297354 0 0 0 0
 0 0.00264628 0.0354308 0.0461629 0.0458689 0.0383711 0.0214643 0.0164657 0.0346957 0.0420465 0.0363128 0.0245516 0.0311673 0.0291091 0.0169068 0.0133784 0.00837989 0.0085269 0.0148486 0.0160247 0.0276389 0.0546898 0.0760071 0.122758 0.109233 0.0665981 0.0333725 0.0166128 0.00676272 0.00308733 0.000882094 0 0 0 0 0
 0 0 0 0 0 0 0 0.000805153 0.000690131 0.00759144 0.0133425 0.0154129 0.00931677 0.000345066 0.00356568 0.00563607 0.00851162 0.0253048 0.0502646 0.0516448 0.0657925 0.0565908 0.0611916 0.0827007 0.0866115 0.110766 0.145733 0.0935128 0.0569358 0.0249597 0.0138026 0.00621118 0.00161031 0.00115022 0 0
 0 0 0 0 0 0 0 0 0 0 0 0 0 0 0 0 0 0 0 0 0 0 0 0 0 0 0 0 0 0 0 0 0 0 0 0
 0.00147267 0.00158595 0.00478618 0.00569244 0.00954404 0.0108468 0.00647125 0.017049 0.0510054 0.094081 0.124002 0.0959785 0.0687766 0.0820023 0.061753 0.0591476 0.0492212 0.0479892 0.0443925 0.0268479 0.0217502 0.0140895 0.0121071 0.0120363 0.00920419 0.00665534 0.0049561 0.00860946 0.00930331 0.0156896 0.0114698 0.00855282 0.00243557 0.00046729 0 2.83206e-05
 0 0 0 0 0.000772559 0.00158375 0.000888443 0.00281984 0.00712685 0.0440552 0.0773331 0.111326 0.0921469 0.0852325 0.0710754 0.0886704 0.0786465 0.0553345 0.0373146 0.0185414 0.00753245 0.00457741 0.012979 0.0271748 0.0457355 0.0583668 0.034881 0.0177882 0.00938659 0.00492506 0.0015258 0.00185414 0.000309023 5.79419e-05 3.86279e-05 0
 0 0.00173294 0.00326652 0 0.00397197 0.00683976 0.00946217 0.0152591 0.00757587 0.0136028 0.0228656 0.0392903 0.0559909 0.0764795 0.0681675 0.0726916 0.0566044 0.0477403 0.0527397 0.0444891 0.0609904 0.0582453 0.0661739 0.0445044 0.0529084 0.0360697 0.0280645 0.0235558 0.0158879 0.00826598 0.00280645 0.00217768 0.000904811 0.00058276 9.20147e-05 0
 0 0 0 0 0 0 0 0 0 0 0 0 0 0 0 0 0 0 0 0 0 0 0 0 0 0 0 0 0 0 0 0 0 0 0 0
 0 0 0 0 0 0 0 0 0 0 0 0 0 0 0 0 0 0 0 0 0 0 0 0 0 0 0 0 0 0 0 0 0 0 0 0
 0 0 0 0 0 0 0 0 0 0 0 0 0 0 0 0 0 0 0 0 0 0 0 0 0 0 0 0 0 0 0 0 0 0 0 0
ppred_pel_tallas
 1.01821e-16 2.82973e-05 0.000166068 0.000789384 0.00303912 0.00947718 0.0239387 0.0489826 0.0811971 0.109055 0.118697 0.104757 0.0751138 0.0440902 0.0218721 0.0104454 0.00676998 0.00724565 0.00965095 0.0129677 0.0166995 0.0204564 0.0238364 0.0264549 0.0280183 0.0283861 0.0275964 0.0258426 0.0234159 0.0206314 0.0177642 0.0150126 0.0124912 0.0102463 0.00828184 0.00658289
 1.01651e-16 2.95874e-05 0.000173643 0.000825394 0.00317777 0.00990954 0.0250308 0.0512171 0.0849008 0.114028 0.124106 0.109522 0.0785114 0.0460457 0.022769 0.010749 0.00679691 0.00713791 0.00944062 0.0126359 0.0162065 0.019754 0.0228757 0.0251934 0.0264289 0.0264648 0.0253689 0.0233667 0.0207786 0.0179406 0.0151367 0.0125595 0.0103046 0.00838948 0.0067841 0.00544055
 1.02227e-16 2.18869e-05 0.00012842 0.00061037 0.00234982 0.00732759 0.0185092 0.0378745 0.0627897 0.0843503 0.0918571 0.0811843 0.058463 0.034823 0.0182152 0.0102647 0.00870856 0.0108233 0.0148925 0.0200424 0.0257018 0.0312924 0.0361799 0.0397622 0.0415966 0.0415011 0.0395913 0.0362377 0.0319639 0.0273184 0.0227652 0.0186192 0.0150362 0.0120422 0.00958319 0.00757274
 1.02442e-16 2.78723e-05 0.000163574 0.000777526 0.00299347 0.00933481 0.0235791 0.0482467 0.0799772 0.107416 0.116913 0.103181 0.0739804 0.0434186 0.0215274 0.0102625 0.00662951 0.00708365 0.00944005 0.0127014 0.0163868 0.0201217 0.0235196 0.0262095 0.027905 0.0284648 0.027916 0.0264335 0.0242839 0.0217564 0.0191033 0.0165056 0.0140684 0.0118368 0.00982025 0.00801507
 1.01873e-16 2.94981e-05 0.000173118 0.000822902 0.00316818 0.00987964 0.0249553 0.0510625 0.0846444 0.113683 0.123731 0.109189 0.0782699 0.0458982 0.0226851 0.0106914 0.00673714 0.00705886 0.00933311 0.0124963 0.0160367 0.0195622 0.0226768 0.0250084 0.0262824 0.0263818 0.0253708 0.023468 0.0209844 0.0182463 0.0155287 0.0130175 0.0108045 0.00890605 0.00729375 0.00592316
 1.02515e-16 2.12116e-05 0.000124455 0.000591519 0.00227724 0.00710124 0.0179375 0.0367048 0.0608509 0.0817474 0.0890266 0.0786927 0.0566903 0.0338106 0.0177655 0.0101382 0.00874418 0.010951 0.0150979 0.0203343 0.0260942 0.0317976 0.0368052 0.0405084 0.0424578 0.0424653 0.0406416 0.0373537 0.0331224 0.0284943 0.0239323 0.0197514 0.0161086 0.0130327 0.0104743 0.00835298
 1.02296e-16 3.04156e-05 0.00017851 0.000848544 0.00326692 0.0101876 0.025733 0.0526535 0.08728 0.117218 0.127564 0.11254 0.0806008 0.0471231 0.0230276 0.0104161 0.00598808 0.00585144 0.00761827 0.0102271 0.0132155 0.0162693 0.0190798 0.0213508 0.0228512 0.0234612 0.023192 0.0221696 0.0205925 0.0186783 0.0166185 0.0145527 0.0125654 0.0106981 0.00896827 0.00738472
 1.01842e-16 2.73005e-05 0.000160212 0.000761532 0.00293187 0.0091427 0.0230939 0.0472544 0.0783341 0.105214 0.114531 0.101112 0.0725704 0.0427378 0.0214611 0.0106789 0.00747951 0.00840073 0.0112913 0.015134 0.0193853 0.0235806 0.0272352 0.0298946 0.031228 0.0311038 0.0296175 0.0270573 0.0238255 0.0203403 0.0169517 0.0138927 0.0112725 0.00910015 0.0073247 0.00587248
 1.01536e-16 3.05047e-05 0.00017903 0.000851009 0.0032764 0.0102171 0.0258077 0.0528066 0.0875347 0.117563 0.127947 0.112895 0.0808945 0.0473728 0.0232941 0.0107781 0.00652486 0.0066346 0.00870387 0.0116431 0.0149456 0.0182398 0.0211552 0.0233439 0.0245469 0.0246514 0.0237121 0.0219281 0.0195864 0.0169906 0.0143996 0.0119924 0.009862 0.00803189 0.0064827 0.00517781
 1.01309e-16 2.97536e-05 0.000174617 0.000830025 0.0031956 0.00996513 0.0251712 0.0515045 0.0853774 0.114668 0.124806 0.110144 0.0789665 0.0463317 0.0229454 0.0108899 0.00696054 0.00736166 0.00974579 0.0130305 0.0166835 0.0202888 0.0234248 0.0256979 0.0268213 0.0266802 0.0253556 0.0230959 0.0202493 0.0171796 0.0141932 0.0114969 0.00919079 0.00728807 0.00574805 0.00450828
 1.01963e-16 2.33393e-05 0.000136949 0.000650925 0.00250598 0.00781456 0.0197392 0.040391 0.06696 0.0899479 0.0979401 0.0865306 0.0622476 0.0369459 0.0190853 0.010375 0.00837808 0.0101736 0.013929 0.018733 0.0240226 0.0292508 0.0338233 0.0371766 0.0388958 0.0388089 0.0370219 0.0338793 0.0298693 0.0255045 0.0212198 0.0173122 0.0139307 0.0111032 0.00878262 0.00689043
 1.02807e-16 2.42641e-05 0.000142385 0.000676779 0.00260555 0.00812507 0.0205235 0.0419952 0.0696171 0.0935104 0.101801 0.0898994 0.0645786 0.0381444 0.0193658 0.009989 0.00745206 0.00870221 0.0118437 0.0159742 0.0205931 0.0252494 0.0294569 0.0327465 0.0347592 0.0353228 0.0344817 0.0324689 0.0296345 0.0263557 0.0229592 0.0196776 0.0166423 0.0139041 0.0114657 0.00931146
 1.01804e-16 3.20393e-05 0.000188043 0.000893868 0.00344143 0.0107318 0.0271077 0.055466 0.0919416 0.123476 0.134371 0.118534 0.0848713 0.0495731 0.0241367 0.0107661 0.00597311 0.00564647 0.00726212 0.00969851 0.0124727 0.0152666 0.0177755 0.0197141 0.0208676 0.0211377 0.0205603 0.0192867 0.0175382 0.0155497 0.0135212 0.0115905 0.00982992 0.00826006 0.00687181 0.00564598
 1.007e-16 3.52152e-05 0.000206691 0.000982526 0.0037828 0.0117963 0.0297965 0.0609675 0.10106 0.135718 0.147681 0.13025 0.0932027 0.054324 0.0262331 0.01133 0.0057563 0.00497196 0.0061912 0.00818595 0.0104504 0.0126798 0.0145993 0.0159593 0.0165809 0.0163967 0.015465 0.0139514 0.0120847 0.0101019 0.00820128 0.00651487 0.00510345 0.0039699 0.00308102 0.00238915
 1.00285e-16 3.73219e-05 0.000219061 0.00104134 0.00400927 0.0125026 0.0315805 0.0646173 0.107108 0.143837 0.156506 0.138008 0.0987011 0.0574211 0.027527 0.0115429 0.00535987 0.00415145 0.00496214 0.00650501 0.00827936 0.0100166 0.0114903 0.0124993 0.0129019 0.0126474 0.011789 0.0104674 0.00887471 0.00720953 0.00563769 0.00426917 0.0031537 0.00229132 0.00165037 0.00118567
 1.00313e-16 3.37582e-05 0.000198132 0.000941827 0.00362608 0.0113076 0.0285621 0.0584421 0.0968751 0.130103 0.141584 0.124903 0.0894429 0.052266 0.0254885 0.0114336 0.00642455 0.00612277 0.00785454 0.010415 0.0132638 0.0160299 0.0183592 0.0199294 0.0205136 0.0200335 0.0185793 0.0163832 0.0137608 0.0110374 0.00848392 0.00627945 0.00450364 0.00315392 0.00217503 0.00148905
 1.00821e-16 2.84513e-05 0.000166968 0.000793649 0.00305553 0.00952832 0.0240679 0.0492474 0.0816375 0.109651 0.119357 0.105366 0.0756097 0.0444992 0.0222921 0.0110031 0.00759046 0.00843931 0.0113023 0.0151166 0.0193173 0.0234257 0.0269457 0.0294148 0.0304999 0.0300747 0.0282484 0.0253311 0.021752 0.0179585 0.0143272 0.0111122 0.00843474 0.0063063 0.00466811 0.00343073
 1.01337e-16 2.93275e-05 0.000172116 0.000818133 0.00314981 0.00982235 0.0248106 0.0507666 0.0841542 0.113026 0.123019 0.108568 0.0778409 0.0456792 0.0226375 0.0107703 0.00692156 0.00735329 0.00975505 0.0130629 0.0167543 0.0204194 0.0236403 0.0260237 0.0272787 0.0272808 0.0260974 0.0239607 0.0212032 0.0181766 0.0151812 0.0124251 0.0100164 0.00798129 0.00629481 0.00490971
 1.01661e-16 2.70948e-05 0.000159004 0.00075579 0.00290976 0.00907376 0.0229198 0.0468981 0.0777435 0.104422 0.113669 0.100352 0.0720285 0.0424258 0.0213178 0.0106305 0.0074761 0.00842085 0.0113319 0.0152011 0.0194893 0.0237339 0.02745 0.0301807 0.0315896 0.0315374 0.0301094 0.0275842 0.0243559 0.0208385 0.0173826 0.0142272 0.0114919 0.00919846 0.00730883 0.00576025
 1.01563e-16 3.05654e-05 0.000179387 0.000852706 0.00328294 0.0102375 0.0258592 0.0529119 0.0877092 0.117797 0.128201 0.113117 0.0810492 0.0474546 0.023318 0.0107618 0.00647828 0.00655896 0.00859604 0.0114998 0.0147667 0.0180297 0.0209239 0.0231063 0.024321 0.0244553 0.0235611 0.0218323 0.0195489 0.0170076 0.0144619 0.0120873 0.00997563 0.00815118 0.00659704 0.00527969
 1.01498e-16 2.81123e-05 0.000164979 0.000784198 0.00301914 0.00941485 0.0237813 0.0486609 0.0806649 0.108343 0.117932 0.104102 0.0746904 0.0439336 0.0219638 0.0107682 0.00733878 0.00810373 0.0108469 0.0145287 0.0186076 0.0226321 0.0261348 0.0286774 0.0299401 0.0297946 0.0283306 0.0258243 0.0226629 0.019251 0.0159292 0.0129275 0.0103572 0.00823288 0.00650967 0.00511854
 1.01937e-16 2.64221e-05 0.000155055 0.000737014 0.00283747 0.00884831 0.0223503 0.0457329 0.0758123 0.101828 0.110848 0.097867 0.0702555 0.0414036 0.0208455 0.0104641 0.00744871 0.00845602 0.0114101 0.015329 0.0196848 0.0240201 0.027852 0.0307226 0.0322906 0.0324078 0.0311471 0.0287724 0.0256634 0.0222217 0.0187905 0.0156067 0.0127937 0.0103828 0.008348 0.00664046
 1.01919e-16 2.90764e-05 0.000170643 0.000811135 0.00312287 0.00973834 0.0245984 0.0503323 0.083434 0.112058 0.121963 0.107631 0.0771573 0.0452547 0.0223843 0.0105795 0.00670853 0.00706508 0.00936204 0.0125536 0.0161365 0.0197238 0.0229219 0.0253583 0.0267539 0.0269832 0.0260982 0.0243035 0.0218968 0.0191941 0.0164655 0.0138983 0.0115912 0.00957215 0.0078265 0.00632321
 1.01943e-16 2.64664e-05 0.000155314 0.000738247 0.00284221 0.00886311 0.0223877 0.0458095 0.0759394 0.102 0.111036 0.0980361 0.070384 0.0414933 0.0209163 0.0105409 0.00755302 0.00860378 0.0116112 0.0155861 0.0199906 0.0243554 0.028186 0.0310155 0.0325002 0.0324971 0.0310923 0.0285685 0.0253257 0.0217835 0.0182962 0.0151043 0.0123265 0.00998313 0.00803476 0.00641852
 1.03736e-16 1.46226e-05 8.57635e-05 0.000407558 0.00156891 0.00489232 0.0123581 0.0252895 0.0419327 0.0563524 0.0614224 0.0544164 0.0394713 0.0240823 0.0136453 0.00935076 0.00979492 0.0132404 0.0185616 0.0251023 0.0322975 0.0394758 0.0458673 0.0507282 0.0534994 0.0539296 0.0521237 0.0484931 0.0436364 0.0381895 0.0326962 0.0275345 0.0229044 0.0188627 0.0153799 0.0123924
pSPR Fmed_Fpbrs
0.465219   0.6 0.325
Fs Fmed_Fpbrs
0.616874   0.358708 1.13397
SSBpbr Bo_Bmed_Bpbrs
815962  338803  448779 224390
Ro
30946
SPR SPRFo_SPRFmed_SPRFpbrs
636338 296036 206810
log_Ro
10.16
likeval ReclasPelacesDesembMPH_pf_preclas_ppelaces_ptallas_desvR_qrecl_qpela
 66.023 13.8917 0.0196302 0.000190189 316.502 188.38 78.1022 0 17.1581 4.53837e-07 0.000118655 7.73044e-16 0 0 0
q_reclas_q_pelaces
0.908952 4.71019
M
0.7
N
 33781.9 12290.9 4746.48 577.393 0.20328
 43454.8 15351.8 3302.92 1275.52 155.217
 17498.6 19699.4 4056.42 872.733 378.044
 25316.5 7328.92 3008.95 619.589 191.047
 51634.9 12010.4 2652.56 1089.03 293.394
 33900 25425 5624.61 1242.23 647.408
 70553.1 15552.1 7295.53 1613.95 542.219
 69380.6 33156 5272.16 2473.19 730.941
 90939.9 31265 8405.76 1336.6 812.315
 118841 40452.5 7246.04 1948.14 498.038
 66792.8 54687.6 11857.4 2123.95 717.02
 46865.1 29049.6 10844.8 2351.38 563.377
 49422.9 20561 6118.72 2284.24 613.934
 26871 20114.2 2574.79 766.231 362.93
 14164.8 9278.84 807.449 103.36 45.3281
 12114.3 4751.62 304.798 26.5237 4.88423
 9187.97 5074.17 726.134 46.5788 4.79971
 10537.2 3996.43 1006.91 144.093 10.1955
 10864.6 4747.72 1012.19 255.024 39.0772
 16602 4990.57 1374.29 292.993 85.1315
 22571.4 7563.7 1364.83 375.844 103.41
 27793.9 10776.3 2860.67 516.193 181.259
 43469.5 13142.2 3812.06 1011.94 246.72
 48232.2 20322.3 4297.6 1246.58 411.594
 18660.6 22533.8 6614.89 1398.86 539.733
pred_Ctot
 2072.59 4200.04 1621.97 197.307 0.0694648
 2736.43 5354.6 1152.04 444.892 54.1386
 1989.96 10472.6 2156.48 463.963 200.976
 815.243 1455.41 597.532 123.041 37.9392
 313.236 493.429 108.977 44.7413 12.0537
 1865.38 7964.5 1761.94 389.135 202.804
 2730.75 3627.81 1701.82 376.483 126.483
 4643.47 12125.4 1928.07 904.464 267.311
 6860.09 12519.1 3365.83 535.202 325.267
 6293.88 12284 2200.37 591.581 151.237
 6010.58 24874.4 5393.29 966.07 326.133
 3955.13 12625.9 4713.49 1021.98 244.861
 6487.29 11926.2 3549.11 1324.95 356.107
 6010.89 15103.5 1933.38 575.353 272.52
 3380.64 7135.01 620.892 79.4794 34.8553
 1377.12 2525.44 161.997 14.0971 2.59592
 826.238 2306.84 330.118 21.1759 2.18207
 706.211 1463.09 368.629 52.7523 3.73255
 588.63 1468.65 313.11 78.8887 12.0881
 990.576 1668.18 459.379 97.9374 28.4565
 627.491 1317.14 237.671 65.4494 18.0078
 958.371 2273.09 603.41 108.882 38.2335
 1837.03 3305.68 958.858 254.537 62.0579
 2060.27 5158.56 1090.89 316.428 104.478
 792.09 5689.32 1670.12 353.185 136.272
F
 0.088694 0.614051 0.614051 0.614051 0.614051
 0.0911322 0.630932 0.630932 0.630932 0.630932
 0.170295 1.179 1.179 1.179 1.179
 0.0456869 0.316302 0.316302 0.316302 0.316302
 0.00846691 0.0586186 0.0586186 0.0586186 0.0586186
 0.0792212 0.548469 0.548469 0.548469 0.548469
 0.0551408 0.381754 0.381754 0.381754 0.381754
 0.0971085 0.672308 0.672308 0.672308 0.672308
 0.11007 0.762044 0.762044 0.762044 0.762044
 0.0761457 0.527176 0.527176 0.527176 0.527176
 0.13259 0.917953 0.917953 0.917953 0.917953
 0.12388 0.857652 0.857652 0.857652 0.857652
 0.198985 1.37762 1.37762 1.37762 1.37762
 0.363312 2.5153 2.5153 2.5153 2.5153
 0.392278 2.71584 2.71584 2.71584 2.71584
 0.170224 1.17851 1.17851 1.17851 1.17851
 0.132492 0.917277 0.917277 0.917277 0.917277
 0.0972495 0.673284 0.673284 0.673284 0.673284
 0.0779584 0.539726 0.539726 0.539726 0.539726
 0.0861616 0.596519 0.596519 0.596519 0.596519
 0.039332 0.272306 0.272306 0.272306 0.272306
 0.0489916 0.339182 0.339182 0.339182 0.339182
 0.0603428 0.417769 0.417769 0.417769 0.417769
 0.061011 0.422395 0.422395 0.422395 0.422395
 0.0606171 0.419668 0.419668 0.419668 0.419668
YTP_r0W_actual
 8871.41 125165 55114.1 14515.9 5832.43
YTP_p0W_proyectada
 6591.23 41300 50776.7 19444.3 6231.25
 6591.23 47537.8 20888.1 22978.1 10380
CTP_r0_actual
 792.09 5689.32 1670.12 353.185 136.272
CTP_p0_proyectada
 775.439 1929.91 1627.46 477.747 134.005
 775.439 2221.39 669.492 564.572 223.226
Wmedp
 8.5 21.4 31.2 40.7 46.5
nmprior
 10.6 11 7 0
nm_flota  nm_reclas  nm_pelaces    nm_pelaL
inf 22.8515 13.3561 29.0658
cv_recla  cv_pelaces  cv_mph
0.734975 0.422619 0.447436
 ------------------------------------------------
Talla a la edad & desviaci?n 
 7.2 14.2025 17.0495 18.207 18.6776
 1.08 2.13037 2.55742 2.73105 2.80164
