years
 1997 1998 1999 2000 2001 2002 2003 2004 2005 2006 2007 2008 2009 2010 2011 2012 2013 2014 2015 2016 2017 2018 2019 2020 2021
reclasobs
 0 0 0 370054 412103 1.49427e+06 250295 1.28982e+06 931140 785840 897777 1.04006e+06 184774 17550 25797 100020 73551 82996 120727 218422 84188 347160 605670 569463 516374
reclaspred
 1.18153e+06 219314 433313 156291 267743 339122 715785 598134 680790 907591 910927 626767 358047 146317 81896.9 79161.4 89224.3 108704 116549 137416 218871 222078 369492 423627 409603
pelacesobs
 0 0 0 0 0 0 0 0 0 2.06254e+06 1.5e+06 0 1.87456e+06 323000 250000 174000 83755 137374 0 501740 490994 745055 786931 1.00524e+06 1.33801e+06
pelacespred
 2.55782e+06 637994 462771 367996 765650 507155 2.26353e+06 1.66394e+06 1.92993e+06 2.60957e+06 1.88217e+06 1.35769e+06 921512 310224 183720 167358 187749 239756 229683 286092 560701 457927 605788 839952 607888
mphobs
 0 0 0 0 0 112323 0 153150 637223 0 255016 313432 73983 77613 109348 50772 0 0 0 0 0 0 0 0 0
mphpred
 352864 144987 138763 68949 63414.7 145297 169717 273863 253936 302978 408683 267831 165113 93246 43051.1 31679.4 32637 37346.5 43615.1 45525.3 66342.3 85687.7 103678 141731 163695
desembarqueobs
 350755 77701 442110 56441 14545 235359 269955 359681 431902 328805 639364 411747 362871 311530 167758 66681 60226 58785 57116 73181 50977 67692 138656 160484 209506
desembarquepred
 350731 77664.5 441577 56423.9 14544.1 235260 269927 359205 431507 328561 638281 411152 362239 310984 167216 66602.7 60188 58706.8 57037.5 73107.9 50962 67632.7 138566 160396 209387
Reclutas
 17934.3 45565.3 5421.51 10783.1 40844.7 17744 62940.8 60589.3 77197.6 125696 58804.3 46953.5 52819 28386 12913.6 11232.7 7412.59 8437.59 8734.34 12246 17263.3 21544.3 34337.3 34250.9 4523.61
log_desv_Rt
 -0.245531 0.686901 -1.44187 -0.754267 0.577531 -0.256196 1.00995 0.971874 1.21412 1.70162 0.94197 0.716913 0.834626 0.213653 -0.573967 -0.713419 -1.12907 -0.999548 -0.964982 -0.627045 -0.283663 -0.0621331 0.403988 0.401469 -1.62293
SSB
 590545 242647 232231 115392 106129 243165 284034 458332 424981 507056 683963 448236 276330 156054 72049.3 53017.9 54620.6 62502.2 72993.2 76190.2 111029 143405 173514 237198 273957
BT
 1.19978e+06 378456 393089 199081 309220 366649 1.09938e+06 1.02249e+06 1.14585e+06 1.32044e+06 1.26108e+06 882214 702770 400938 205274 118464 119364 139125 133271 167284 255614 230853 320032 443745 378801
Ftot
 0.662786 0.944996 1.99196 0.820615 0.186923 1.51242 1.21498 1.73352 1.8672 1.15753 1.64302 1.5109 2.61291 4.73589 4.95303 2.29225 1.79483 1.44821 1.22692 1.4198 0.6541 0.754893 0.927408 0.956678 1.04428
BD_Bspro_t
 0.930521 0.631115 0.520842 0.215975 0.304944 0.549882 0.440649 0.515212 0.452043 0.451261 0.488846 0.320867 0.227879 0.15891 0.0901344 0.082035 0.115088 0.176186 0.244245 0.301569 0.416972 0.544633 0.549693 0.550385 0.511922
BD_Bspro
 1.25272 0.514726 0.49263 0.244779 0.225132 0.515825 0.602519 0.972256 0.90151 1.07562 1.45089 0.950841 0.586176 0.331037 0.152838 0.112467 0.115866 0.132586 0.15484 0.161622 0.235525 0.304204 0.368074 0.503166 0.581143
BD_Bo
 0.796024 0.327076 0.313035 0.155542 0.143057 0.327775 0.382863 0.617808 0.572853 0.683486 0.921948 0.6042 0.372478 0.210354 0.0971189 0.0714655 0.0736258 0.0842498 0.0983912 0.102701 0.149662 0.193303 0.233888 0.319731 0.36928
BD_Brms
 2.06606 0.848916 0.812474 0.403704 0.371301 0.85073 0.99371 1.6035 1.48682 1.77397 2.39289 1.56818 0.966756 0.545966 0.252069 0.185487 0.191094 0.218668 0.255371 0.266556 0.388442 0.501711 0.607049 0.829852 0.958456
S_f
 0.0783166 0.617511 0.968429 0.998287 0.99991
 0.0783166 0.617511 0.968429 0.998287 0.99991
 0.0783166 0.617511 0.968429 0.998287 0.99991
 0.0783166 0.617511 0.968429 0.998287 0.99991
 0.0783166 0.617511 0.968429 0.998287 0.99991
 0.0783166 0.617511 0.968429 0.998287 0.99991
 0.0783166 0.617511 0.968429 0.998287 0.99991
 0.0783166 0.617511 0.968429 0.998287 0.99991
 0.0783166 0.617511 0.968429 0.998287 0.99991
 0.0783166 0.617511 0.968429 0.998287 0.99991
 0.0783166 0.617511 0.968429 0.998287 0.99991
 0.0783166 0.617511 0.968429 0.998287 0.99991
 0.0783166 0.617511 0.968429 0.998287 0.99991
 0.0783166 0.617511 0.968429 0.998287 0.99991
 0.0783166 0.617511 0.968429 0.998287 0.99991
 0.0783166 0.617511 0.968429 0.998287 0.99991
 0.0783166 0.617511 0.968429 0.998287 0.99991
 0.0783166 0.617511 0.968429 0.998287 0.99991
 0.0783166 0.617511 0.968429 0.998287 0.99991
 0.0783166 0.617511 0.968429 0.998287 0.99991
 0.0783166 0.617511 0.968429 0.998287 0.99991
 0.0783166 0.617511 0.968429 0.998287 0.99991
 0.0783166 0.617511 0.968429 0.998287 0.99991
 0.0783166 0.617511 0.968429 0.998287 0.99991
 0.0783166 0.617511 0.968429 0.998287 0.99991
Scru_reclas
 0.305043 0.688377 0.917472 0.98244 0.996461
 0.305043 0.688377 0.917472 0.98244 0.996461
 0.305043 0.688377 0.917472 0.98244 0.996461
 0.305043 0.688377 0.917472 0.98244 0.996461
 0.305043 0.688377 0.917472 0.98244 0.996461
 0.305043 0.688377 0.917472 0.98244 0.996461
 0.305043 0.688377 0.917472 0.98244 0.996461
 0.305043 0.688377 0.917472 0.98244 0.996461
 0.305043 0.688377 0.917472 0.98244 0.996461
 0.305043 0.688377 0.917472 0.98244 0.996461
 0.305043 0.688377 0.917472 0.98244 0.996461
 0.305043 0.688377 0.917472 0.98244 0.996461
 0.305043 0.688377 0.917472 0.98244 0.996461
 0.305043 0.688377 0.917472 0.98244 0.996461
 0.305043 0.688377 0.917472 0.98244 0.996461
 0.305043 0.688377 0.917472 0.98244 0.996461
 0.305043 0.688377 0.917472 0.98244 0.996461
 0.305043 0.688377 0.917472 0.98244 0.996461
 0.305043 0.688377 0.917472 0.98244 0.996461
 0.305043 0.688377 0.917472 0.98244 0.996461
 0.305043 0.688377 0.917472 0.98244 0.996461
 0.305043 0.688377 0.917472 0.98244 0.996461
 0.305043 0.688377 0.917472 0.98244 0.996461
 0.305043 0.688377 0.917472 0.98244 0.996461
 0.305043 0.688377 0.917472 0.98244 0.996461
Scru_pelaces
 0.844024 1 1 1 1
 0.844024 1 1 1 1
 0.844024 1 1 1 1
 0.844024 1 1 1 1
 0.844024 1 1 1 1
 0.844024 1 1 1 1
 0.844024 1 1 1 1
 0.844024 1 1 1 1
 0.844024 1 1 1 1
 0.844024 1 1 1 1
 0.844024 1 1 1 1
 0.844024 1 1 1 1
 0.844024 1 1 1 1
 0.844024 1 1 1 1
 0.844024 1 1 1 1
 0.844024 1 1 1 1
 0.844024 1 1 1 1
 0.844024 1 1 1 1
 0.844024 1 1 1 1
 0.844024 1 1 1 1
 0.844024 1 1 1 1
 0.844024 1 1 1 1
 0.844024 1 1 1 1
 0.844024 1 1 1 1
 0.844024 1 1 1 1
pf_obs 
 0.256992 0.487395 0.22802 0.0275931 0
 0.321318 0.546541 0.124235 0.00734118 0.000564706
 0.182869 0.594174 0.210203 0.0122559 0.00049798
 0.330522 0.361315 0.267642 0.0388342 0.00168674
 0.649043 0.306663 0.0425973 0.00169635 0
 0.582887 0.30429 0.105238 0.00758474 0
 0.465427 0.430635 0.0974691 0.00646863 0
 0.296916 0.608066 0.0921331 0.00288517 0
 0.311714 0.524322 0.152257 0.0117073 0
 0.15457 0.633149 0.183074 0.0267441 0.00246327
 0.131901 0.49318 0.331252 0.0422183 0.00144891
 0.196976 0.569456 0.194076 0.0375587 0.00193317
 0.518974 0.381816 0.0799577 0.0180837 0.00116848
 0.0928022 0.601141 0.25162 0.0475244 0.00691264
 0.122501 0.610282 0.24278 0.0234846 0.000952079
 0.383417 0.481906 0.127806 0.00687128 0
 0.0376549 0.599619 0.316969 0.0457579 0
 0.0361596 0.667082 0.258105 0.0386534 0
 0.158088 0.579412 0.248529 0.0139706 0
 0.0477256 0.309471 0.559284 0.082774 0.000745712
 0.0406174 0.521527 0.379366 0.0568643 0.0016247
 0.151134 0.462217 0.34131 0.0453401 0
 0.294876 0.26143 0.354403 0.0886775 0.000613685
 0.281977 0.475581 0.204845 0.0348837 0.00271318
 0.0841818 0.532909 0.334909 0.0458182 0.00218182
pf_pred 
 0.0916448 0.608608 0.265054 0.0346861 7.65149e-06
 0.276605 0.327441 0.309979 0.0763819 0.00959273
 0.0388802 0.783268 0.109118 0.0543593 0.0143735
 0.191269 0.267605 0.496546 0.0281027 0.0164779
 0.42793 0.396946 0.0830535 0.0847926 0.00727786
 0.116482 0.746298 0.108003 0.0140963 0.0151211
 0.436004 0.327138 0.21861 0.0145464 0.00370102
 0.260205 0.665406 0.0548563 0.0181004 0.00143176
 0.307678 0.556746 0.129428 0.00461023 0.00153775
 0.344153 0.553558 0.0928453 0.0090433 0.000400966
 0.134343 0.722378 0.131189 0.0110254 0.00106466
 0.170291 0.529794 0.275781 0.0222117 0.00192181
 0.285952 0.523349 0.1517 0.036031 0.00296853
 0.256124 0.665355 0.0700997 0.00681655 0.00160525
 0.270427 0.684816 0.0438722 0.000801595 8.31119e-05
 0.329851 0.629602 0.0401218 0.000417926 7.23591e-06
 0.204699 0.693792 0.0991424 0.00234396 2.29573e-05
 0.255827 0.558499 0.17479 0.0106462 0.000237842
 0.234198 0.603707 0.140359 0.0205304 0.00120606
 0.28773 0.53615 0.155647 0.0178531 0.00262079
 0.272555 0.583314 0.12485 0.0171513 0.00212966
 0.226923 0.569873 0.178317 0.0216752 0.00321178
 0.272924 0.513223 0.178719 0.0309922 0.00414137
 0.207072 0.610061 0.149874 0.027782 0.00521062
 0.0309432 0.674487 0.254596 0.0330401 0.00693387
pobs_RECLAS
 0 0 0 0 0
 0 0 0 0 0
 0 0 0 0 0
 0 0 0 0 0
 0.835266 0.146461 0.0176864 0.000547809 3.91292e-05
 0.385257 0.428462 0.181853 0.0044286 0
 0.867414 0.0963971 0.0333333 0.00285562 0
 0.441836 0.489002 0.0689373 0.000224442 0
 0.779404 0.147425 0.0564933 0.0165055 0.000172143
 0.814271 0.122319 0.05973 0.00367925 0
 0.40263 0.566651 0.0304383 0.000280538 0
 0.475488 0.404961 0.113038 0.00651328 0
 0.955842 0.0263864 0.0167828 0.000988607 0
 0.975058 0.0227948 0.00214734 0 0
 0.738997 0.206755 0.0527124 0.00153531 0
 0.850938 0.134255 0.0134407 0.00136685 0
 0.542534 0.407297 0.0501686 0 0
 0.764087 0.199537 0.0359546 0.000420521 0
 0.470689 0.182191 0.310203 0.0369168 0
 0.84361 0.089868 0.0606195 0.00523954 0.000663233
 0.607945 0.314616 0.071237 0.00620181 0
 0.523733 0.453247 0.0230204 0 0
 0.530135 0.295979 0.169645 0.0042399 0
 0.562478 0.366248 0.0663022 0.0049721 0
 0.250443 0.683176 0.0655157 0.000865301 0
ppred_RECLAS
 0.277082 0.512452 0.185322 0.0251382 5.61465e-06
 0.60679 0.196952 0.152438 0.0388762 0.00494307
 0.142962 0.730845 0.0765622 0.0391535 0.0104768
 0.492143 0.19015 0.290564 0.0170321 0.0101111
 0.732981 0.193358 0.0342249 0.0362821 0.00315338
 0.340499 0.575732 0.065412 0.00880105 0.0095561
 0.757472 0.153197 0.0822225 0.00565262 0.00145592
 0.581105 0.38544 0.0244787 0.00831103 0.000665361
 0.645037 0.299402 0.0529673 0.00193903 0.000654552
 0.666545 0.290092 0.0392357 0.00394998 0.000177298
 0.38142 0.535838 0.0755634 0.00653955 0.000639156
 0.457236 0.375452 0.153455 0.0127412 0.00111585
 0.64506 0.282239 0.0575868 0.0139516 0.00116279
 0.665102 0.315255 0.0175457 0.00169438 0.000403059
 0.683924 0.30586 0.0100155 0.00018119 1.89737e-05
 0.669659 0.315518 0.0146638 0.000156335 2.7387e-06
 0.50689 0.443379 0.0485391 0.00118019 1.16985e-05
 0.577682 0.334418 0.0825941 0.00518867 0.000117335
 0.542136 0.376396 0.070225 0.0106118 0.000631072
 0.615656 0.304836 0.0699942 0.00828243 0.00123073
 0.58163 0.346818 0.0616668 0.00878138 0.00110402
 0.525741 0.365922 0.0946314 0.0119178 0.00178798
 0.590591 0.304826 0.0868787 0.0155945 0.00210972
 0.498445 0.40236 0.0807599 0.0154929 0.00294184
 0.110384 0.655762 0.201121 0.026997 0.00573583
pobs_PELACES
 0 0 0 0 0
 0 0 0 0 0
 0 0 0 0 0
 0 0 0 0 0
 0 0 0 0 0
 0 0 0 0 0
 0 0 0 0 0
 0 0 0 0 0
 0 0 0 0 0
 0 0 0 0 0
 0.450072 0.473896 0.0757376 0.000293798 0
 0 0 0 0 0
 0.463077 0.371075 0.160297 0.00555027 0
 0.529543 0.364841 0.0842815 0.0213345 0
 0.631943 0.363953 0.00410389 0 0
 0.735681 0.248677 0.0153453 0.000297389 0
 0.695825 0.281241 0.0229344 0 0
 0.275771 0.60734 0.115278 0.00161068 0
 0 0 0 0 0
 0.896147 0.0623911 0.0374545 0.00400742 0
 0.803859 0.145111 0.0509908 3.86294e-05 0
 0.739449 0.233085 0.0266225 0.000797448 4.60066e-05
 0.878498 0.100942 0.0204185 0.000141795 0
 0.694673 0.275183 0.0284847 0.00165964 0
 0.469039 0.446079 0.0841089 0.000773354 0
ppred_PELACES
 0.474574 0.409554 0.102917 0.0129522 2.85117e-06
 0.807154 0.116261 0.0605165 0.0142793 0.00178915
 0.325726 0.613347 0.0382779 0.0179253 0.00472395
 0.727917 0.1276 0.133033 0.00722374 0.00422618
 0.854658 0.114498 0.0148802 0.0147044 0.00125989
 0.574962 0.389986 0.0279034 0.00345421 0.00369478
 0.894577 0.0765229 0.0267708 0.00169828 0.000430981
 0.787935 0.201564 0.00785772 0.00244924 0.000193142
 0.837286 0.146364 0.01565 0.000525278 0.000174646
 0.830514 0.154448 0.0137072 0.00127407 5.63484e-05
 0.623841 0.343493 0.0300468 0.00238941 0.000230045
 0.703557 0.231813 0.0596775 0.00455892 0.000393325
 0.858721 0.123918 0.0140173 0.00309079 0.000253622
 0.900894 0.096529 0.00232926 0.000200485 4.69012e-05
 0.910222 0.0885305 0.00122568 1.9721e-05 2.03068e-06
 0.85546 0.140739 0.00376346 3.66331e-05 6.31941e-07
 0.737215 0.246001 0.0164143 0.000366174 3.57516e-06
 0.785006 0.184392 0.0288935 0.00167108 3.72286e-05
 0.749701 0.219682 0.026679 0.00371965 0.000217949
 0.809634 0.163486 0.0238949 0.00260382 0.00038118
 0.758581 0.211393 0.0261443 0.00345443 0.000428038
 0.722591 0.230863 0.0410458 0.00479164 0.000708473
 0.77991 0.179194 0.0344173 0.00571678 0.000762143
 0.706305 0.252488 0.0340363 0.00604048 0.00113027
 0.238237 0.617063 0.125822 0.015611 0.00326825
pobs_pel_tallas
 0 0 0 0 0 0 0 0 0 0 0 0 0 0 0 0 0 0 0 0 0 0 0 0 0 0 0 0 0 0 0 0 0 0 0 0
 0 0 0 0 0 0 0 0 0 0 0 0 0 0 0 0 0 0 0 0 0 0 0 0 0 0 0 0 0 0 0 0 0 0 0 0
 0 0 0 0 0 0 0 0 0 0 0 0 0 0 0 0 0 0 0 0 0 0 0 0 0 0 0 0 0 0 0 0 0 0 0 0
 0 0 0 0 0 0 0 0 0 0 0 0 0 0 0 0 0 0 0 0 0 0 0 0 0 0 0 0 0 0 0 0 0 0 0 0
 0 0 0 0 0 0 0 0 0 0 0 0 0 0 0 0 0 0 0 0 0 0 0 0 0 0 0 0 0 0 0 0 0 0 0 0
 0 0 0 0 0 0 0 0 0 0 0 0 0 0 0 0 0 0 0 0 0 0 0 0 0 0 0 0 0 0 0 0 0 0 0 0
 0 0 0 0 0 0 0 0 0 0 0 0 0 0 0 0 0 0 0 0 0 0 0 0 0 0 0 0 0 0 0 0 0 0 0 0
 0 0 0 0 0 0 0 0 0 0 0 0 0 0 0 0 0 0 0 0 0 0 0 0 0 0 0 0 0 0 0 0 0 0 0 0
 0 0 0 0 0 0 0 0 0 0 0 0 0 0 0 0 0 0 0 0 0 0 0 0 0 0 0 0 0 0 0 0 0 0 0 0
 0 0 0 0 0 0 0 0 0 0 0 0 0 0 0 0 0 0 0 0 0 0 0 0 0 0 0 0 0 0 0 0 0 0 0 0
 0 0 0 0 0 0 0 0 1.78061e-05 0.00172719 0.00360574 0.0105946 0.0120993 0.0124554 0.0147524 0.0171206 0.0266825 0.0428682 0.0675386 0.121331 0.153587 0.119568 0.100827 0.0573624 0.0630603 0.0341343 0.0324427 0.0444173 0.0211091 0.0280891 0.0125444 0.00206551 0 0 0 0
 0 0 0 0 0 0 0 0 0 0 0 0 0 0 0 0 0 0 0 0 0 0 0 0 0 0 0 0 0 0 0 0 0 0 0 0
 0 0 0 0 0 0 0.0133647 0.0140871 0.0187388 0.0205184 0.03894 0.0496705 0.03968 0.0493445 0.0407372 0.0367815 0.0215668 0.0243155 0.0234873 0.0199281 0.019796 0.0243948 0.0301388 0.0376714 0.0412746 0.0863199 0.0771752 0.113111 0.0741005 0.0525337 0.0229764 0.00759418 0.00175318 0 0 0
 0 0 0 0 0 0 0 0 0 0 0.00219441 0.00772107 0.0458388 0.0604681 0.0671733 0.0775358 0.0609151 0.0617685 0.073594 0.0568108 0.0755445 0.0548602 0.0670107 0.0636378 0.0643287 0.046367 0.0373049 0.0286899 0.0247887 0.0153202 0.00654259 0.00121912 0.000365735 0 0 0
 0 0 0 0 0 0 0 0 0 0 0 0 0.000112435 0.00938835 0.0111873 0.0202946 0.0414886 0.0713402 0.111592 0.104902 0.108894 0.110636 0.117776 0.105296 0.107544 0.0401394 0.0192827 0.0124803 0.00416011 0.0028671 0.000618394 0 0 0 0 0
 0 0 0 0 0 0 0 0 0 0 0.00291406 0.0102884 0.027416 0.0768956 0.0749926 0.110853 0.0956884 0.0897413 0.0766577 0.0534642 0.0500743 0.0551293 0.0594112 0.0620874 0.0668451 0.0424026 0.0208742 0.0120726 0.0048766 0.00582813 0.00118941 0.000297354 0 0 0 0
 0 0.00264628 0.0354308 0.0461629 0.0458689 0.0383711 0.0214643 0.0164657 0.0346957 0.0420465 0.0363128 0.0245516 0.0311673 0.0291091 0.0169068 0.0133784 0.00837989 0.0085269 0.0148486 0.0160247 0.0276389 0.0546898 0.0760071 0.122758 0.109233 0.0665981 0.0333725 0.0166128 0.00676272 0.00308733 0.000882094 0 0 0 0 0
 0 0 0 0 0 0 0 0.000805153 0.000690131 0.00759144 0.0133425 0.0154129 0.00931677 0.000345066 0.00356568 0.00563607 0.00851162 0.0253048 0.0502646 0.0516448 0.0657925 0.0565908 0.0611916 0.0827007 0.0866115 0.110766 0.145733 0.0935128 0.0569358 0.0249597 0.0138026 0.00621118 0.00161031 0.00115022 0 0
 0 0 0 0 0 0 0 0 0 0 0 0 0 0 0 0 0 0 0 0 0 0 0 0 0 0 0 0 0 0 0 0 0 0 0 0
 0.00147267 0.00158595 0.00478618 0.00569244 0.00954404 0.0108468 0.00647125 0.017049 0.0510054 0.094081 0.124002 0.0959785 0.0687766 0.0820023 0.061753 0.0591476 0.0492212 0.0479892 0.0443925 0.0268479 0.0217502 0.0140895 0.0121071 0.0120363 0.00920419 0.00665534 0.0049561 0.00860946 0.00930331 0.0156896 0.0114698 0.00855282 0.00243557 0.00046729 0 2.83206e-05
 0 0 0 0 0.000772559 0.00158375 0.000888443 0.00281984 0.00712685 0.0440552 0.0773331 0.111326 0.0921469 0.0852325 0.0710754 0.0886704 0.0786465 0.0553345 0.0373146 0.0185414 0.00753245 0.00457741 0.012979 0.0271748 0.0457355 0.0583668 0.034881 0.0177882 0.00938659 0.00492506 0.0015258 0.00185414 0.000309023 5.79419e-05 3.86279e-05 0
 0 0.00173294 0.00326652 0 0.00397197 0.00683976 0.00946217 0.0152591 0.00757587 0.0136028 0.0228656 0.0392903 0.0559909 0.0764795 0.0681675 0.0726916 0.0566044 0.0477403 0.0527397 0.0444891 0.0609904 0.0582453 0.0661739 0.0445044 0.0529084 0.0360697 0.0280645 0.0235558 0.0158879 0.00826598 0.00280645 0.00217768 0.000904811 0.00058276 9.20147e-05 0
 0 0 0 0 0 0 0 0 0 0 0 0 0 0 0 0 0 0 0 0 0 0 0 0 0 0 0 0 0 0 0 0 0 0 0 0
 0 0 0 0 0 0 0 0 0 0 0 0 0 0 0 0 0 0 0 0 0 0 0 0 0 0 0 0 0 0 0 0 0 0 0 0
 0 0 0 0 0 0 0 0 0 0 0 0 0 0 0 0 0 0 0 0 0 0 0 0 0 0 0 0 0 0 0 0 0 0 0 0
ppred_pel_tallas
 1.0204e-16 2.07231e-05 0.000121586 0.000577877 0.00222471 0.00693743 0.0175237 0.0358583 0.0594483 0.0798651 0.0869822 0.0768985 0.055426 0.033113 0.0175026 0.0101515 0.00893598 0.0112921 0.0155986 0.021016 0.0269714 0.0328673 0.0380412 0.0418609 0.0438574 0.0438309 0.0418909 0.0384137 0.0339372 0.0290306 0.0241803 0.0197237 0.0158363 0.0125609 0.00985669 0.00764631
 1.01472e-16 3.52132e-05 0.000206683 0.000982497 0.0037827 0.011796 0.0297958 0.0609655 0.101055 0.135708 0.147661 0.130209 0.0931229 0.0541763 0.025974 0.0109001 0.00508329 0.00397889 0.0048119 0.0063862 0.00825062 0.0101728 0.0119551 0.0134126 0.0144002 0.0148401 0.0147341 0.0141543 0.0132177 0.0120545 0.0107804 0.00948165 0.00821281 0.00700397 0.00587152 0.00482691
 1.0158e-16 1.42407e-05 8.35105e-05 0.000396821 0.00152753 0.00476324 0.0120322 0.0246237 0.0408326 0.0548856 0.0598544 0.0531004 0.0386751 0.0239103 0.0141052 0.0104694 0.0116806 0.016067 0.0225052 0.0302646 0.0386324 0.0467363 0.0535893 0.0582637 0.060102 0.0588753 0.0548393 0.0486593 0.0412388 0.0335078 0.0262386 0.019938 0.0148281 0.0108972 0.00798632 0.00587599
 1.02376e-16 3.17587e-05 0.0001864 0.000886069 0.00341142 0.0106382 0.0268712 0.0549818 0.0911376 0.122393 0.13318 0.117458 0.0840435 0.0489755 0.0236349 0.0101899 0.00516953 0.00449596 0.00568341 0.00766141 0.0100185 0.0125253 0.0149689 0.017136 0.0188422 0.0199629 0.0204501 0.0203273 0.0196705 0.0185817 0.0171662 0.0155199 0.013727 0.0118636 0.0100014 0.00820917
 1.00813e-16 3.72844e-05 0.000218843 0.00104031 0.00400529 0.0124902 0.0315491 0.064553 0.107001 0.143692 0.156344 0.137857 0.0985748 0.0573106 0.027405 0.0113737 0.00510665 0.00377998 0.00444428 0.00582474 0.00744048 0.00904937 0.0104543 0.01148 0.0120003 0.0119659 0.0114138 0.0104547 0.00924225 0.00793524 0.00666549 0.00551953 0.00453628 0.00371683 0.00304007 0.00247744
 1.00815e-16 2.50995e-05 0.000147282 0.000700042 0.00269508 0.00840427 0.0212288 0.043439 0.0720125 0.0967338 0.105326 0.093049 0.0669212 0.039688 0.0204414 0.0110109 0.00876459 0.0105471 0.0143728 0.019247 0.0245526 0.0296956 0.0340398 0.0369934 0.0381368 0.0373237 0.0347167 0.0307398 0.0259699 0.0210017 0.0163306 0.0122833 0.00900521 0.00649199 0.00464395 0.00332114
 1.00484e-16 3.90235e-05 0.000229057 0.00108887 0.00419229 0.0130733 0.0330221 0.0675665 0.111995 0.150394 0.163627 0.144255 0.103097 0.0598333 0.0284124 0.0114486 0.00462202 0.00287194 0.00311206 0.00402744 0.00515521 0.00630051 0.00732426 0.00810488 0.00855167 0.00862281 0.00833294 0.00774585 0.00695586 0.00606436 0.00515947 0.00430405 0.00353346 0.00286047 0.00228357 0.00179479
 1.00271e-16 3.43785e-05 0.000201775 0.000959147 0.00369277 0.0115156 0.0290874 0.0595169 0.0986562 0.132494 0.144183 0.127187 0.091061 0.053176 0.0258659 0.0114902 0.00629791 0.00586595 0.00747046 0.0098893 0.0125842 0.0151953 0.0173843 0.0188444 0.0193611 0.0188627 0.0174386 0.0153142 0.0127938 0.01019 0.00776238 0.00568092 0.00401937 0.00277188 0.00188173 0.00127071
 1.00297e-16 3.65282e-05 0.0002144 0.00101918 0.00392394 0.0122365 0.0309083 0.0632421 0.104829 0.140778 0.153182 0.135088 0.0966353 0.0562655 0.0270597 0.0114965 0.00556248 0.00453985 0.00553649 0.00728557 0.00928056 0.0112339 0.0128946 0.0140376 0.0145034 0.0142341 0.0132871 0.0118178 0.0100398 0.00817395 0.00640582 0.00485928 0.00359171 0.00260536 0.00186715 0.00132859
 1.00292e-16 3.62332e-05 0.000212668 0.00101094 0.00389222 0.0121375 0.0306584 0.0627309 0.103982 0.139641 0.151947 0.134004 0.0958712 0.0558431 0.0268986 0.0115 0.00567027 0.00473188 0.00581573 0.00766074 0.00975541 0.0118015 0.0135353 0.0147199 0.015188 0.0148801 0.0138589 0.0122905 0.0104019 0.00842814 0.00656538 0.00494412 0.00362375 0.00260481 0.00185019 0.00130652
 1.00632e-16 2.7229e-05 0.000159788 0.000759507 0.00292406 0.00911832 0.0230324 0.0471289 0.0781272 0.10494 0.114243 0.100881 0.0724565 0.0427744 0.0216702 0.0110942 0.00815703 0.00941239 0.0127062 0.0169942 0.0216812 0.0262317 0.0300827 0.0327109 0.0337446 0.0330519 0.0307726 0.027277 0.0230706 0.0186764 0.0145312 0.0109256 0.00799161 0.00573011 0.00405812 0.00285638
 1.01098e-16 3.07006e-05 0.000180179 0.000856472 0.00329743 0.0102827 0.0259734 0.0531456 0.0880968 0.118318 0.12877 0.113624 0.0814224 0.0476932 0.0234724 0.010895 0.00664111 0.00678596 0.00890881 0.0119084 0.0152674 0.0186017 0.0215277 0.0236858 0.02481 0.0247867 0.0236778 0.0216963 0.0191474 0.0163541 0.0135931 0.0110567 0.00884584 0.00698578 0.00545406 0.00420691
 1.00358e-16 3.74619e-05 0.000219884 0.00104526 0.00402434 0.0125496 0.0316992 0.0648601 0.10751 0.144376 0.157091 0.13852 0.0990586 0.0576114 0.0275852 0.0115107 0.00526067 0.00398923 0.00473059 0.00619725 0.00789467 0.00956439 0.0109916 0.0119857 0.012411 0.0122175 0.0114524 0.0102451 0.00877339 0.00722188 0.00574506 0.00444596 0.00337221 0.00252582 0.00187991 0.00139539
 1.00074e-16 3.92998e-05 0.000230677 0.00109657 0.00422192 0.0131657 0.0332555 0.0680442 0.112787 0.15146 0.16479 0.145289 0.103856 0.0603139 0.0287148 0.0116976 0.00491636 0.00327508 0.00365956 0.00473051 0.00599734 0.00723256 0.00826372 0.00894266 0.00916699 0.00890344 0.00819634 0.00715543 0.00592845 0.00466691 0.00349646 0.00249928 0.00171064 0.00112697 0.000719729 0.000449702
 1.00048e-16 3.97062e-05 0.000233063 0.00110792 0.00426562 0.013302 0.0335997 0.0687484 0.113954 0.153026 0.166492 0.146785 0.104913 0.0609054 0.0289538 0.0117209 0.00481195 0.0030754 0.00336467 0.00433032 0.00548491 0.00661084 0.00754825 0.00816116 0.00835596 0.00810273 0.00744291 0.0064781 0.00534469 0.00418244 0.00310712 0.00219427 0.00147603 0.00094858 0.000584957 0.000348294
 1.00101e-16 3.73204e-05 0.000219052 0.0010413 0.00400909 0.012502 0.031579 0.0646144 0.107104 0.143832 0.156502 0.13801 0.0987129 0.0574493 0.0275802 0.0116329 0.0055015 0.0043608 0.00525325 0.00688537 0.0087451 0.0105487 0.0120534 0.0130445 0.0133726 0.0129891 0.0119585 0.0104405 0.00865053 0.00680947 0.00510063 0.00364402 0.00249135 0.0016377 0.00104173 0.000646468
 1.00326e-16 3.21687e-05 0.000188797 0.00089744 0.00345517 0.0107746 0.0272159 0.0556878 0.0923109 0.123977 0.134929 0.119057 0.0853117 0.0499632 0.0245731 0.0113746 0.00688343 0.00697856 0.0091123 0.0121172 0.0154367 0.0186558 0.0213653 0.0231902 0.0238661 0.023302 0.0216025 0.0190382 0.0159767 0.0127971 0.0098156 0.00724149 0.00516826 0.00359356 0.00245343 0.00165723
 1.0053e-16 3.42501e-05 0.000201023 0.000955574 0.00367902 0.0114727 0.0289791 0.0592951 0.0982882 0.131998 0.14364 0.126701 0.0906958 0.0529289 0.025683 0.011304 0.00605099 0.00551656 0.00699186 0.00927161 0.0118396 0.0143635 0.0165326 0.018063 0.01875 0.0185151 0.017423 0.0156609 0.013489 0.011179 0.00896006 0.00698745 0.00533618 0.0040149 0.00298984 0.00220857
 1.00589e-16 3.27121e-05 0.00019199 0.000912624 0.00351364 0.0109569 0.0276764 0.05663 0.0938718 0.126071 0.137201 0.121045 0.0867008 0.0507054 0.0248055 0.0112606 0.0065161 0.00637518 0.00825022 0.0109708 0.0140029 0.0169691 0.019503 0.0212684 0.0220242 0.0216814 0.0203225 0.0181763 0.0155583 0.0127958 0.0101636 0.00784556 0.0059277 0.00441504 0.00326116 0.00239752
 1.005e-16 3.53232e-05 0.000207324 0.000985537 0.00379439 0.0118325 0.0298879 0.0611543 0.101369 0.136134 0.148134 0.130649 0.0934886 0.0544909 0.0263144 0.0113661 0.00577598 0.00498998 0.00621352 0.00821429 0.0104842 0.0127165 0.0146341 0.0159851 0.016589 0.0163766 0.0154065 0.0138451 0.0119239 0.00988351 0.00792682 0.0061905 0.00473978 0.00358094 0.00268277 0.00199784
 1.00579e-16 3.30989e-05 0.000194262 0.000923426 0.00355523 0.0110867 0.0280041 0.0573003 0.0949826 0.127562 0.13882 0.122468 0.0877065 0.0512663 0.0250292 0.0112765 0.00640682 0.00617047 0.00794915 0.0105632 0.0134825 0.0163398 0.0187822 0.0204858 0.0212185 0.0208944 0.0195924 0.0175324 0.0150174 0.012362 0.00983042 0.00759945 0.00575191 0.00429289 0.00317805 0.00234187
 1.00856e-16 3.15305e-05 0.000185051 0.000879636 0.00338662 0.0105608 0.0266759 0.054583 0.0904792 0.121517 0.132249 0.116689 0.0836064 0.0489481 0.0240442 0.011082 0.00664614 0.00669975 0.00875225 0.011671 0.014927 0.0181327 0.0209051 0.0228891 0.0238266 0.0236157 0.0223326 0.0202054 0.0175534 0.0147106 0.0119595 0.00949191 0.00740184 0.00570261 0.00435643 0.00330343
 1.0078e-16 3.40277e-05 0.000199717 0.00094937 0.00365513 0.0113982 0.0287909 0.0589101 0.0976499 0.131141 0.142706 0.125875 0.0901014 0.0525747 0.0254979 0.0112006 0.00596568 0.00541502 0.00685936 0.00910535 0.0116463 0.0141593 0.0163434 0.0179221 0.0186943 0.0185787 0.0176317 0.0160268 0.0140082 0.0118315 0.0097132 0.00780066 0.00616667 0.00482287 0.00374241 0.00288211
 1.00826e-16 3.08211e-05 0.000180885 0.000859824 0.00331033 0.0103229 0.026075 0.0533537 0.0884422 0.118783 0.129281 0.114084 0.0817723 0.047939 0.0236685 0.0111103 0.00693614 0.00720691 0.00948657 0.0126548 0.0161681 0.0196099 0.022563 0.0246408 0.0255655 0.0252319 0.0237316 0.0213232 0.0183645 0.0152272 0.0122238 0.00956365 0.00734538 0.00557638 0.00420633 0.00316049
 1.02677e-16 1.04262e-05 6.11147e-05 0.000290347 0.00111757 0.00348481 0.00880298 0.0180166 0.0298816 0.0401819 0.0438622 0.039014 0.0286353 0.0181402 0.011474 0.00960461 0.0116497 0.016452 0.0232096 0.0313367 0.0401747 0.0488685 0.0564285 0.0619077 0.0646112 0.0642564 0.0610324 0.0555325 0.0485936 0.041094 0.0337788 0.0271574 0.0214843 0.0168044 0.0130307 0.0100191
pSPR Fmed_Fpbrs
0.378877   0.435287 0.435287
Fs Fmed_Fpbrs
1.31566   1.005 1.005
SSBpbr Bo_Bmed_Bpbrs
741868  243983  285832 285832
Ro
22925.4
SPR SPRFo_SPRFmed_SPRFpbrs
471410 178606 205199
log_Ro
9.86
likeval ReclasPelacesDesembMPH_pf_preclas_ppelaces_ptallas_desvR_qrecl_qpela
 74.1479 16.4676 0.17499 0.00016336 323.217 189.418 84.3186 0 27.1336 2.55808e-05 0.000134543 0 0 0 0
q_reclas_q_pelaces
2.04767 5.20817
M
0.7
N
 17934.3 17573.8 5356.46 685.282 0.150986
 45565.3 8455.41 5795.78 1399.96 175.633
 5421.51 21012.9 2342.6 1152.54 304.551
 10783.1 2303.36 3049.82 169.008 98.9858
 40844.7 5021.41 689.1 684.117 58.631
 17744 19988.1 2221.72 285.535 306.045
 62940.8 7827.18 3900.88 255.027 64.8256
 60589.3 28418.5 1835.54 597.248 47.2078
 77197.6 26268.1 4838.36 170.086 56.6931
 125696 33119.9 4117.89 393.894 17.4479
 58804.3 57009.2 8047.41 666.549 64.3155
 46953.5 25675.6 10263.9 814.001 70.3717
 52819 20714.4 5015.54 1179.9 97.161
 28386 21375.3 2048.96 198.32 46.6916
 12913.6 9727.91 569.939 10.3679 1.07473
 11232.7 4350.86 226.83 2.337 0.0404392
 7412.59 4661.35 524.602 12.2353 0.119749
 8437.59 3198.28 764.126 45.8087 1.02253
 8734.34 3740.72 649.422 93.3393 5.47815
 12246 3939.98 870.788 98.288 14.4162
 17263.3 5441.23 814.187 109.336 13.5598
 21544.3 8144.6 1804.15 214.592 31.761
 34337.3 10084.4 2537.55 431.293 57.5704
 34250.9 15856.8 2824.43 513.283 96.167
 4523.61 15780.7 4361.62 555.344 116.428
pred_Ctot
 654.364 4345.6 1892.54 247.666 0.0546333
 2347.64 2779.1 2630.89 648.278 81.4167
 568.27 11448.2 1594.86 794.511 210.082
 484.502 677.868 1257.8 71.1869 41.74
 427.24 396.306 82.9195 84.6558 7.26612
 1435.19 9195.23 1330.72 173.682 186.309
 4131.16 3099.65 2071.34 137.828 35.0674
 5575.21 14257.1 1175.36 387.824 30.6771
 7616.81 13782.7 3204.11 114.13 38.0683
 7875.38 12667.3 2124.62 206.941 9.17547
 5144.18 27660.9 5023.43 422.179 40.7675
 3794.12 11803.9 6144.46 494.882 42.8183
 7112.76 13017.8 3773.37 896.235 73.8392
 6462.12 16787.2 1768.65 171.985 40.5012
 3053.13 7731.58 495.318 9.05001 0.938335
 1341.29 2560.18 163.149 1.69943 0.0294237
 704.744 2388.61 341.331 8.06989 0.0790382
 654.908 1429.74 447.456 27.254 0.608867
 578.68 1491.7 346.813 50.7286 2.98007
 932.758 1738.08 504.573 57.8758 8.49603
 621.812 1330.78 284.835 39.1292 4.85864
 892.501 2241.34 701.329 85.2498 12.6321
 1737.26 3266.86 1137.61 197.277 26.3613
 1785.8 5261.18 1292.52 239.592 44.9365
 256.683 5595.07 2111.95 274.077 57.5185
F
 0.0519071 0.409278 0.641861 0.661651 0.662726
 0.0740089 0.583546 0.915162 0.943378 0.944911
 0.156003 1.23006 1.92907 1.98855 1.99178
 0.0642678 0.506739 0.794707 0.819209 0.820541
 0.0146391 0.115427 0.181021 0.186602 0.186906
 0.118447 0.933935 1.46467 1.50983 1.51228
 0.0951533 0.750265 1.17662 1.2129 1.21487
 0.135763 1.07047 1.67879 1.73055 1.73336
 0.146233 1.15302 1.80825 1.864 1.86703
 0.0906535 0.714785 1.12098 1.15554 1.15742
 0.128675 1.01458 1.59114 1.6402 1.64287
 0.118329 0.932998 1.4632 1.50831 1.51077
 0.204634 1.6135 2.53041 2.60843 2.61267
 0.370899 2.92446 4.58637 4.72778 4.73546
 0.387905 3.05855 4.79666 4.94455 4.95258
 0.179521 1.41549 2.21988 2.28832 2.29204
 0.140565 1.10833 1.73817 1.79176 1.79467
 0.113419 0.894287 1.40249 1.44573 1.44808
 0.0960878 0.757634 1.18818 1.22481 1.2268
 0.111194 0.87674 1.37497 1.41737 1.41967
 0.0512269 0.403914 0.633449 0.65298 0.654041
 0.0591206 0.466155 0.73106 0.7536 0.754825
 0.0726314 0.572684 0.898128 0.925819 0.927324
 0.0749237 0.590759 0.926474 0.955039 0.956591
 0.0817842 0.644853 1.01131 1.04249 1.04418
YTP_r0W_actual
 2874.85 123092 69694.3 11264.6 2461.79
YTP_p0W_proyectada
 7305.59 15259.2 60623.3 15448 2561.6
 7305.59 53183.4 8147.18 15129 3801.85
CTP_r0_actual
 256.683 5595.07 2111.95 274.077 57.5185
CTP_p0_proyectada
 859.481 713.049 1943.06 379.559 55.0883
 859.481 2485.21 261.127 371.72 81.7602
Wmedp
 8.5 21.4 31.2 40.7 46.5
nmprior
 10.6 11 7 0
nm_flota  nm_reclas  nm_pelaces    nm_pelaL
inf 23.3354 13.7472 30.1771
cv_recla  cv_pelaces  cv_mph
0.778887 0.460137 0.414678
 ------------------------------------------------
Talla a la edad & desviaci?n 
 7.2 14.2025 17.0495 18.207 18.6776
 1.08 2.13037 2.55742 2.73105 2.80164
