years
 1997 1998 1999 2000 2001 2002 2003 2004 2005 2006 2007 2008 2009 2010 2011 2012 2013 2014 2015 2016 2017 2018 2019 2020 2021
reclasobs
 0 0 0 370054 412103 1.49427e+06 250295 1.28982e+06 931140 785840 897777 1.04006e+06 184774 17550 25797 100020 73551 82996 120727 218422 84188 347160 605670 569463 516374
reclaspred
 3.53404e+06 429080 597846 168017 222073 289820 517761 440751 679861 1.15004e+06 1.28434e+06 821164 441908 200430 128751 117923 123900 155047 140659 190992 363645 354492 540908 577974 506335
pelacesobs
 0 0 0 0 0 0 0 0 0 2.06254e+06 1.5e+06 0 1.87456e+06 323000 250000 174000 83755 137374 0 501740 490994 745055 786931 1.00524e+06 1.33801e+06
pelacespred
 1.51302e+06 605758 186423 123536 127901 118722 272305 248580 373375 664040 660791 435598 238040 85728.5 53670.3 56022.9 61371.2 76974.9 72948.1 95585.4 200514 207743 239820 299423 247494
mphobs
 0 0 0 0 0 112323 0 153150 637223 0 255016 313432 73983 77613 109348 50772 0 0 0 0 0 0 0 0 0
mphpred
 2.52311e+06 1.08439e+06 463980 236745 120541 293769 307074 434110 480326 783211 1.29246e+06 899135 487958 265157 120447 101905 102479 123791 134962 127714 250845 343091 381403 493041 511104
desembarqueobs
 350755 77701 442110 56441 14545 235359 269955 359681 431902 328805 639364 411747 362871 311530 167758 66681 60226 58785 57116 73181 50977 67692 138656 160484 209506
desembarquepred
 350736 77680.6 441632 56418 14543.5 235121 269779 359152 431454 328570 638541 411269 362189 310900 167423 66631.9 60194.4 58741.7 57064.3 73113.3 50961.1 67650.1 138558 160376 209373
Reclutas
 5305.34 7246.29 1113.86 3751.31 51718.4 14926.3 55747 66350.6 116886 214235 57545.4 20851.1 52250.2 27751 19439.6 14192.9 11095 11107.1 8021.93 27999.1 35166.5 30850 56019.8 43577.6 1254.48
log_desv_Rt
 -1.34353 -1.03176 -2.90441 -1.69014 0.933569 -0.309118 1.00858 1.18271 1.74896 2.35483 1.04033 0.0251641 0.943799 0.311028 -0.0449303 -0.359502 -0.605746 -0.604663 -0.930065 0.319928 0.54785 0.416892 1.01346 0.7623 -2.78553
SSB
 2.52311e+06 1.08439e+06 463980 236745 120541 293769 307074 434110 480326 783211 1.29246e+06 899135 487958 265157 120447 101905 102479 123791 134962 127714 250845 343091 381403 493041 511104
BT
 3.01088e+06 1.25875e+06 593130 297976 374506 408917 1.02747e+06 1.00011e+06 1.4596e+06 2.08591e+06 1.90227e+06 1.21116e+06 904495 483862 277250 180582 192531 222744 197424 306711 537228 475616 613895 764535 617639
Ftot
 0.0966712 0.175412 0.683147 0.321843 0.0640063 0.747301 0.496554 0.760183 0.601119 0.276158 0.47107 0.47386 0.759284 1.34105 1.16214 0.534152 0.462275 0.363003 0.387356 0.367741 0.136349 0.184956 0.247328 0.267469 0.393652
BD_Bspro_t
 0.984709 0.883914 0.692028 0.377975 0.392957 0.668131 0.485548 0.514454 0.489603 0.552105 0.632981 0.468657 0.333822 0.246132 0.146166 0.148893 0.196587 0.293598 0.365375 0.414323 0.599819 0.7222 0.712943 0.699026 0.641252
BD_Bspro
 6.03465 2.59359 1.10973 0.566235 0.288305 0.702623 0.734446 1.03828 1.14882 1.87325 3.09124 2.15051 1.16707 0.63419 0.28808 0.243732 0.245104 0.296077 0.322797 0.305461 0.599959 0.820587 0.912221 1.17923 1.22243
BD_Bo
 2.39261 1.0283 0.439982 0.2245 0.114307 0.278575 0.291192 0.411657 0.455483 0.742703 1.22561 0.85263 0.46272 0.251443 0.114218 0.0966346 0.0971784 0.117388 0.127982 0.121109 0.237871 0.325345 0.361676 0.46754 0.484669
BD_Brms
 11.6375 5.00159 2.14004 1.09195 0.55598 1.35497 1.41634 2.00227 2.21544 3.61245 5.96129 4.14713 2.25064 1.223 0.555546 0.470024 0.472669 0.570968 0.622496 0.589064 1.15699 1.58246 1.75917 2.27408 2.3574
S_f
 0.5 1 1 1 1
 0.5 1 1 1 1
 0.5 1 1 1 1
 0.5 1 1 1 1
 0.5 1 1 1 1
 0.5 1 1 1 1
 0.5 1 1 1 1
 0.5 1 1 1 1
 0.5 1 1 1 1
 0.5 1 1 1 1
 0.5 1 1 1 1
 0.5 1 1 1 1
 0.5 1 1 1 1
 0.5 1 1 1 1
 0.5 1 1 1 1
 0.5 1 1 1 1
 0.5 1 1 1 1
 0.5 1 1 1 1
 0.5 1 1 1 1
 0.5 1 1 1 1
 0.5 1 1 1 1
 0.5 1 1 1 1
 0.5 1 1 1 1
 0.5 1 1 1 1
 0.5 1 1 1 1
Scru_reclas
 0.5 1 1 1 1
 0.5 1 1 1 1
 0.5 1 1 1 1
 0.5 1 1 1 1
 0.5 1 1 1 1
 0.5 1 1 1 1
 0.5 1 1 1 1
 0.5 1 1 1 1
 0.5 1 1 1 1
 0.5 1 1 1 1
 0.5 1 1 1 1
 0.5 1 1 1 1
 0.5 1 1 1 1
 0.5 1 1 1 1
 0.5 1 1 1 1
 0.5 1 1 1 1
 0.5 1 1 1 1
 0.5 1 1 1 1
 0.5 1 1 1 1
 0.5 1 1 1 1
 0.5 1 1 1 1
 0.5 1 1 1 1
 0.5 1 1 1 1
 0.5 1 1 1 1
 0.5 1 1 1 1
Scru_pelaces
 0.5 1 1 1 1
 0.5 1 1 1 1
 0.5 1 1 1 1
 0.5 1 1 1 1
 0.5 1 1 1 1
 0.5 1 1 1 1
 0.5 1 1 1 1
 0.5 1 1 1 1
 0.5 1 1 1 1
 0.5 1 1 1 1
 0.5 1 1 1 1
 0.5 1 1 1 1
 0.5 1 1 1 1
 0.5 1 1 1 1
 0.5 1 1 1 1
 0.5 1 1 1 1
 0.5 1 1 1 1
 0.5 1 1 1 1
 0.5 1 1 1 1
 0.5 1 1 1 1
 0.5 1 1 1 1
 0.5 1 1 1 1
 0.5 1 1 1 1
 0.5 1 1 1 1
 0.5 1 1 1 1
pf_obs 
 0.256992 0.487395 0.22802 0.0275931 0
 0.321318 0.546541 0.124235 0.00734118 0.000564706
 0.182869 0.594174 0.210203 0.0122559 0.00049798
 0.330522 0.361315 0.267642 0.0388342 0.00168674
 0.649043 0.306663 0.0425973 0.00169635 0
 0.582887 0.30429 0.105238 0.00758474 0
 0.465427 0.430635 0.0974691 0.00646863 0
 0.296916 0.608066 0.0921331 0.00288517 0
 0.311714 0.524322 0.152257 0.0117073 0
 0.15457 0.633149 0.183074 0.0267441 0.00246327
 0.131901 0.49318 0.331252 0.0422183 0.00144891
 0.196976 0.569456 0.194076 0.0375587 0.00193317
 0.518974 0.381816 0.0799577 0.0180837 0.00116848
 0.0928022 0.601141 0.25162 0.0475244 0.00691264
 0.122501 0.610282 0.24278 0.0234846 0.000952079
 0.383417 0.481906 0.127806 0.00687128 0
 0.0376549 0.599619 0.316969 0.0457579 0
 0.0361596 0.667082 0.258105 0.0386534 0
 0.158088 0.579412 0.248529 0.0139706 0
 0.0477256 0.309471 0.559284 0.082774 0.000745712
 0.0406174 0.521527 0.379366 0.0568643 0.0016247
 0.151134 0.462217 0.34131 0.0453401 0
 0.294876 0.26143 0.354403 0.0886775 0.000613685
 0.281977 0.475581 0.204845 0.0348837 0.00271318
 0.0841818 0.532909 0.334909 0.0458182 0.00218182
pf_pred 
 0.0266861 0.623873 0.308075 0.0413647 1.32211e-06
 0.0740432 0.0493946 0.561857 0.277451 0.0372541
 0.0271318 0.140008 0.0444284 0.505368 0.283065
 0.246494 0.0482606 0.101493 0.0322068 0.571545
 0.873584 0.0528309 0.004713 0.00991159 0.0589609
 0.245291 0.704634 0.0209271 0.00186689 0.0272814
 0.730921 0.120751 0.138486 0.00411293 0.00572869
 0.606473 0.339517 0.0242374 0.0277971 0.00197543
 0.699678 0.238733 0.0531357 0.00379325 0.00465952
 0.69145 0.261586 0.0373325 0.00830924 0.00132182
 0.221062 0.645832 0.112847 0.016105 0.00415478
 0.16731 0.328528 0.41801 0.0730391 0.013113
 0.540105 0.145275 0.12413 0.157939 0.0325514
 0.427144 0.42794 0.0457768 0.0391139 0.0600246
 0.543815 0.317256 0.103784 0.0111018 0.0240431
 0.531711 0.362571 0.0735221 0.0240513 0.00814462
 0.451193 0.398792 0.116148 0.0235525 0.0103139
 0.472356 0.344601 0.133009 0.0387389 0.0112954
 0.386221 0.408441 0.134105 0.0517619 0.0194714
 0.729334 0.158284 0.0747847 0.0245544 0.0130427
 0.572968 0.36599 0.0356969 0.0168658 0.00847907
 0.420069 0.426878 0.131175 0.0127942 0.00908387
 0.560942 0.265309 0.127894 0.0393004 0.00655472
 0.407446 0.434235 0.0956674 0.046117 0.0165348
 0.0210464 0.585001 0.288696 0.0636033 0.0416533
pobs_RECLAS
 0 0 0 0 0
 0 0 0 0 0
 0 0 0 0 0
 0 0 0 0 0
 0.835266 0.146461 0.0176864 0.000547809 3.91292e-05
 0.385257 0.428462 0.181853 0.0044286 0
 0.867414 0.0963971 0.0333333 0.00285562 0
 0.441836 0.489002 0.0689373 0.000224442 0
 0.779404 0.147425 0.0564933 0.0165055 0.000172143
 0.814271 0.122319 0.05973 0.00367925 0
 0.40263 0.566651 0.0304383 0.000280538 0
 0.475488 0.404961 0.113038 0.00651328 0
 0.955842 0.0263864 0.0167828 0.000988607 0
 0.975058 0.0227948 0.00214734 0 0
 0.738997 0.206755 0.0527124 0.00153531 0
 0.850938 0.134255 0.0134407 0.00136685 0
 0.542534 0.407297 0.0501686 0 0
 0.764087 0.199537 0.0359546 0.000420521 0
 0.470689 0.182191 0.310203 0.0369168 0
 0.84361 0.089868 0.0606195 0.00523954 0.000663233
 0.607945 0.314616 0.071237 0.00620181 0
 0.523733 0.453247 0.0230204 0 0
 0.530135 0.295979 0.169645 0.0042399 0
 0.562478 0.366248 0.0663022 0.0049721 0
 0.250443 0.683176 0.0655157 0.000865301 0
ppred_RECLAS
 0.0267663 0.623821 0.30805 0.0413613 1.322e-06
 0.0744562 0.0493725 0.561606 0.277327 0.0372375
 0.028035 0.139878 0.0443872 0.504898 0.282802
 0.248812 0.0481121 0.101181 0.0321077 0.569787
 0.873802 0.0527397 0.00470487 0.00989449 0.0588592
 0.252436 0.697962 0.020729 0.00184922 0.0270231
 0.735181 0.11884 0.136293 0.00404781 0.005638
 0.615781 0.331487 0.0236642 0.0271396 0.0019287
 0.70557 0.23405 0.0520933 0.00371884 0.00456811
 0.693643 0.259728 0.0370673 0.0082502 0.00131243
 0.224577 0.642917 0.112337 0.0160323 0.00413603
 0.17018 0.327396 0.416569 0.0727874 0.0130678
 0.549801 0.142212 0.121513 0.15461 0.0318651
 0.449507 0.411235 0.0439898 0.0375871 0.0576815
 0.561872 0.304698 0.0996761 0.0106624 0.0230914
 0.537684 0.357946 0.0725843 0.0237446 0.00804073
 0.4561 0.395226 0.11511 0.0233419 0.0102216
 0.475966 0.342243 0.132099 0.0384739 0.0112182
 0.389956 0.405955 0.133289 0.0514469 0.0193529
 0.73223 0.156591 0.0739846 0.0242917 0.0129032
 0.574071 0.365045 0.0356047 0.0168222 0.00845717
 0.421626 0.425732 0.130823 0.0127598 0.00905948
 0.563159 0.263969 0.127248 0.0391019 0.00652162
 0.409839 0.432482 0.095281 0.0459308 0.016468
 0.0213798 0.584801 0.288598 0.0635817 0.0416392
pobs_PELACES
 0 0 0 0 0
 0 0 0 0 0
 0 0 0 0 0
 0 0 0 0 0
 0 0 0 0 0
 0 0 0 0 0
 0 0 0 0 0
 0 0 0 0 0
 0 0 0 0 0
 0 0 0 0 0
 0.450072 0.473896 0.0757376 0.000293798 0
 0 0 0 0 0
 0.463077 0.371075 0.160297 0.00555027 0
 0.529543 0.364841 0.0842815 0.0213345 0
 0.631943 0.363953 0.00410389 0 0
 0.735681 0.248677 0.0153453 0.000297389 0
 0.695825 0.281241 0.0229344 0 0
 0.275771 0.60734 0.115278 0.00161068 0
 0 0 0 0 0
 0.896147 0.0623911 0.0374545 0.00400742 0
 0.803859 0.145111 0.0509908 3.86294e-05 0
 0.739449 0.233085 0.0266225 0.000797448 4.60066e-05
 0.878498 0.100942 0.0204185 0.000141795 0
 0.694673 0.275183 0.0284847 0.00165964 0
 0.469039 0.446079 0.0841089 0.000773354 0
ppred_PELACES
 0.0271849 0.623553 0.307917 0.0413435 1.32143e-06
 0.0764755 0.0492648 0.560381 0.276722 0.0371562
 0.0312755 0.139411 0.0442392 0.503215 0.281859
 0.258869 0.047468 0.0998266 0.0316778 0.562159
 0.874962 0.0522549 0.00466162 0.00980354 0.0583182
 0.276407 0.675582 0.0200643 0.00178992 0.0261566
 0.750822 0.111821 0.128244 0.00380874 0.005305
 0.644994 0.306282 0.0218649 0.0250761 0.00178206
 0.725747 0.218011 0.0485235 0.00346399 0.00425506
 0.703239 0.251592 0.0359061 0.00799176 0.00127132
 0.238401 0.631455 0.110335 0.0157465 0.00406229
 0.181508 0.322926 0.410883 0.0717938 0.0128894
 0.580578 0.13249 0.113206 0.14404 0.0296867
 0.504652 0.37004 0.0395832 0.0338218 0.0519033
 0.608382 0.272353 0.0890949 0.00953049 0.0206401
 0.559506 0.341051 0.0691582 0.0226238 0.0076612
 0.475076 0.381437 0.111094 0.0225276 0.00986501
 0.490922 0.332475 0.128329 0.0373758 0.010898
 0.405263 0.395769 0.129945 0.0501561 0.0188673
 0.743958 0.149732 0.0707442 0.0232278 0.012338
 0.579563 0.360338 0.0351457 0.0166053 0.00834813
 0.429085 0.420241 0.129135 0.0125953 0.00894264
 0.573172 0.257919 0.124332 0.0382057 0.00637214
 0.420554 0.424629 0.0935511 0.0450969 0.016169
 0.0227819 0.583964 0.288184 0.0634906 0.0415795
pobs_pel_tallas
 0 0 0 0 0 0 0 0 0 0 0 0 0 0 0 0 0 0 0 0 0 0 0 0 0 0 0 0 0 0 0 0 0 0 0 0
 0 0 0 0 0 0 0 0 0 0 0 0 0 0 0 0 0 0 0 0 0 0 0 0 0 0 0 0 0 0 0 0 0 0 0 0
 0 0 0 0 0 0 0 0 0 0 0 0 0 0 0 0 0 0 0 0 0 0 0 0 0 0 0 0 0 0 0 0 0 0 0 0
 0 0 0 0 0 0 0 0 0 0 0 0 0 0 0 0 0 0 0 0 0 0 0 0 0 0 0 0 0 0 0 0 0 0 0 0
 0 0 0 0 0 0 0 0 0 0 0 0 0 0 0 0 0 0 0 0 0 0 0 0 0 0 0 0 0 0 0 0 0 0 0 0
 0 0 0 0 0 0 0 0 0 0 0 0 0 0 0 0 0 0 0 0 0 0 0 0 0 0 0 0 0 0 0 0 0 0 0 0
 0 0 0 0 0 0 0 0 0 0 0 0 0 0 0 0 0 0 0 0 0 0 0 0 0 0 0 0 0 0 0 0 0 0 0 0
 0 0 0 0 0 0 0 0 0 0 0 0 0 0 0 0 0 0 0 0 0 0 0 0 0 0 0 0 0 0 0 0 0 0 0 0
 0 0 0 0 0 0 0 0 0 0 0 0 0 0 0 0 0 0 0 0 0 0 0 0 0 0 0 0 0 0 0 0 0 0 0 0
 0 0 0 0 0 0 0 0 0 0 0 0 0 0 0 0 0 0 0 0 0 0 0 0 0 0 0 0 0 0 0 0 0 0 0 0
 0 0 0 0 0 0 0 0 1.78061e-05 0.00172719 0.00360574 0.0105946 0.0120993 0.0124554 0.0147524 0.0171206 0.0266825 0.0428682 0.0675386 0.121331 0.153587 0.119568 0.100827 0.0573624 0.0630603 0.0341343 0.0324427 0.0444173 0.0211091 0.0280891 0.0125444 0.00206551 0 0 0 0
 0 0 0 0 0 0 0 0 0 0 0 0 0 0 0 0 0 0 0 0 0 0 0 0 0 0 0 0 0 0 0 0 0 0 0 0
 0 0 0 0 0 0 0.0133647 0.0140871 0.0187388 0.0205184 0.03894 0.0496705 0.03968 0.0493445 0.0407372 0.0367815 0.0215668 0.0243155 0.0234873 0.0199281 0.019796 0.0243948 0.0301388 0.0376714 0.0412746 0.0863199 0.0771752 0.113111 0.0741005 0.0525337 0.0229764 0.00759418 0.00175318 0 0 0
 0 0 0 0 0 0 0 0 0 0 0.00219441 0.00772107 0.0458388 0.0604681 0.0671733 0.0775358 0.0609151 0.0617685 0.073594 0.0568108 0.0755445 0.0548602 0.0670107 0.0636378 0.0643287 0.046367 0.0373049 0.0286899 0.0247887 0.0153202 0.00654259 0.00121912 0.000365735 0 0 0
 0 0 0 0 0 0 0 0 0 0 0 0 0.000112435 0.00938835 0.0111873 0.0202946 0.0414886 0.0713402 0.111592 0.104902 0.108894 0.110636 0.117776 0.105296 0.107544 0.0401394 0.0192827 0.0124803 0.00416011 0.0028671 0.000618394 0 0 0 0 0
 0 0 0 0 0 0 0 0 0 0 0.00291406 0.0102884 0.027416 0.0768956 0.0749926 0.110853 0.0956884 0.0897413 0.0766577 0.0534642 0.0500743 0.0551293 0.0594112 0.0620874 0.0668451 0.0424026 0.0208742 0.0120726 0.0048766 0.00582813 0.00118941 0.000297354 0 0 0 0
 0 0.00264628 0.0354308 0.0461629 0.0458689 0.0383711 0.0214643 0.0164657 0.0346957 0.0420465 0.0363128 0.0245516 0.0311673 0.0291091 0.0169068 0.0133784 0.00837989 0.0085269 0.0148486 0.0160247 0.0276389 0.0546898 0.0760071 0.122758 0.109233 0.0665981 0.0333725 0.0166128 0.00676272 0.00308733 0.000882094 0 0 0 0 0
 0 0 0 0 0 0 0 0.000805153 0.000690131 0.00759144 0.0133425 0.0154129 0.00931677 0.000345066 0.00356568 0.00563607 0.00851162 0.0253048 0.0502646 0.0516448 0.0657925 0.0565908 0.0611916 0.0827007 0.0866115 0.110766 0.145733 0.0935128 0.0569358 0.0249597 0.0138026 0.00621118 0.00161031 0.00115022 0 0
 0 0 0 0 0 0 0 0 0 0 0 0 0 0 0 0 0 0 0 0 0 0 0 0 0 0 0 0 0 0 0 0 0 0 0 0
 0.00147267 0.00158595 0.00478618 0.00569244 0.00954404 0.0108468 0.00647125 0.017049 0.0510054 0.094081 0.124002 0.0959785 0.0687766 0.0820023 0.061753 0.0591476 0.0492212 0.0479892 0.0443925 0.0268479 0.0217502 0.0140895 0.0121071 0.0120363 0.00920419 0.00665534 0.0049561 0.00860946 0.00930331 0.0156896 0.0114698 0.00855282 0.00243557 0.00046729 0 2.83206e-05
 0 0 0 0 0.000772559 0.00158375 0.000888443 0.00281984 0.00712685 0.0440552 0.0773331 0.111326 0.0921469 0.0852325 0.0710754 0.0886704 0.0786465 0.0553345 0.0373146 0.0185414 0.00753245 0.00457741 0.012979 0.0271748 0.0457355 0.0583668 0.034881 0.0177882 0.00938659 0.00492506 0.0015258 0.00185414 0.000309023 5.79419e-05 3.86279e-05 0
 0 0.00173294 0.00326652 0 0.00397197 0.00683976 0.00946217 0.0152591 0.00757587 0.0136028 0.0228656 0.0392903 0.0559909 0.0764795 0.0681675 0.0726916 0.0566044 0.0477403 0.0527397 0.0444891 0.0609904 0.0582453 0.0661739 0.0445044 0.0529084 0.0360697 0.0280645 0.0235558 0.0158879 0.00826598 0.00280645 0.00217768 0.000904811 0.00058276 9.20147e-05 0
 0 0 0 0 0 0 0 0 0 0 0 0 0 0 0 0 0 0 0 0 0 0 0 0 0 0 0 0 0 0 0 0 0 0 0 0
 0 0 0 0 0 0 0 0 0 0 0 0 0 0 0 0 0 0 0 0 0 0 0 0 0 0 0 0 0 0 0 0 0 0 0 0
 0 0 0 0 0 0 0 0 0 0 0 0 0 0 0 0 0 0 0 0 0 0 0 0 0 0 0 0 0 0 0 0 0 0 0 0
ppred_pel_tallas
 1.05995e-16 1.22404e-06 7.08844e-06 3.34958e-05 0.000128626 0.000400806 0.00101309 0.00207804 0.00346406 0.00471111 0.00528219 0.00502947 0.0044086 0.0042063 0.00510037 0.00747349 0.0115019 0.0172673 0.0247418 0.0336889 0.0435837 0.0536177 0.0628044 0.0701618 0.0749185 0.0766743 0.075468 0.071725 0.066119 0.0593945 0.0522148 0.0450735 0.0382787 0.0319899 0.0262753 0.021163
 1.19216e-16 3.35034e-06 1.96239e-05 9.32062e-05 0.000358722 0.00111849 0.00282523 0.0057816 0.00958709 0.0128859 0.0140508 0.0124619 0.00907134 0.00560538 0.00332283 0.00254155 0.00301728 0.00447115 0.00681284 0.0101059 0.0144635 0.0199664 0.0266098 0.0342689 0.042678 0.0514274 0.0599828 0.0677292 0.0740387 0.078352 0.0802619 0.0795782 0.0763625 0.0709196 0.0637509 0.0554758
 1.31135e-16 1.38091e-06 8.05863e-06 3.82171e-05 0.00014699 0.000458213 0.00115751 0.00236977 0.00393357 0.00529927 0.00581051 0.00522979 0.00397271 0.00278484 0.00223562 0.00252336 0.00362406 0.00549582 0.00815557 0.0116512 0.0160121 0.0212201 0.0272042 0.0338489 0.041005 0.0484914 0.0560855 0.0635052 0.0703953 0.0763331 0.0808611 0.0835485 0.0840665 0.0822564 0.0781746 0.0720957
 1.28789e-16 1.13014e-05 6.6309e-05 0.000315164 0.00121334 0.0037836 0.00955701 0.0195551 0.0324155 0.0435357 0.0473825 0.0418115 0.0299674 0.017568 0.00868368 0.00412037 0.00269476 0.00302723 0.00432605 0.0063238 0.00900319 0.0124163 0.0166078 0.0215854 0.0273029 0.0336452 0.0404145 0.0473236 0.0540002 0.060011 0.0649029 0.0682607 0.0697672 0.0692552 0.066737 0.0624085
 1.03146e-16 3.81671e-05 0.000224031 0.00106499 0.00410033 0.0127866 0.0322977 0.0660842 0.109537 0.147092 0.160029 0.141071 0.100794 0.0584436 0.0276521 0.0109687 0.00416036 0.00227388 0.00229525 0.00295477 0.00382966 0.00477159 0.0056938 0.00652508 0.00721279 0.00773166 0.00808594 0.00830206 0.0084151 0.00845395 0.00843091 0.00833923 0.00815828 0.00786376 0.00743841 0.00688025
 1.01789e-16 1.20926e-05 7.08937e-05 0.000336827 0.00129652 0.00404282 0.0102125 0.020901 0.034664 0.0466078 0.0508636 0.0452102 0.0331152 0.0208431 0.0129477 0.0105217 0.0125065 0.0175247 0.0246188 0.0330971 0.0422067 0.0509924 0.0583688 0.0633196 0.0651304 0.0635649 0.0589241 0.0519618 0.0436928 0.0351557 0.0272074 0.0204028 0.0149735 0.0108867 0.00794288 0.00587636
 1.02236e-16 3.27568e-05 0.000192262 0.000913938 0.00351873 0.0109728 0.0277165 0.0567112 0.0940035 0.126239 0.137361 0.121133 0.0866475 0.0504405 0.0242436 0.0102835 0.00497007 0.00408979 0.00507644 0.00683203 0.00894832 0.0112141 0.0134409 0.0154395 0.0170441 0.0181389 0.0186729 0.0186572 0.0181493 0.0172313 0.0159916 0.0145141 0.0128767 0.0111531 0.00941545 0.00773343
 1.01356e-16 2.81498e-05 0.000165197 0.000785233 0.00302312 0.00942726 0.0238127 0.0487252 0.080772 0.108489 0.118094 0.104255 0.0748202 0.0440507 0.0220971 0.0109552 0.00761786 0.00850955 0.0114056 0.0152507 0.0194788 0.0236078 0.0271384 0.0296073 0.0306848 0.0302518 0.0284281 0.0255342 0.022008 0.0182991 0.0147799 0.0116932 0.00914429 0.00712708 0.0055676 0.00436631
 1.01078e-16 3.16675e-05 0.000185857 0.00088347 0.00340139 0.0106069 0.0267922 0.0548209 0.0908732 0.122045 0.132821 0.117186 0.0839468 0.0491158 0.024068 0.0109951 0.00646225 0.00641266 0.008347 0.011136 0.0142637 0.0173614 0.0200678 0.022046 0.0230491 0.0229749 0.0218871 0.0199915 0.0175799 0.0149592 0.0123901 0.0100515 0.0080335 0.00635368 0.00498392 0.00387664
 1.00926e-16 3.06874e-05 0.0001801 0.000856093 0.00329597 0.0102781 0.0259619 0.0531221 0.0880584 0.118268 0.12872 0.113589 0.0814186 0.0477331 0.0235698 0.011069 0.00691768 0.00719439 0.00947448 0.0126433 0.0161604 0.0196116 0.0225815 0.024685 0.0256443 0.0253533 0.0239006 0.0215411 0.0186279 0.0155287 0.012552 0.00990519 0.00768618 0.00590327 0.00450838 0.00342977
 1.02503e-16 1.04339e-05 6.11588e-05 0.000290554 0.00111837 0.00348728 0.00880923 0.0180295 0.0299033 0.0402122 0.0438982 0.0390528 0.0286783 0.0181959 0.0115577 0.00973684 0.011854 0.016752 0.0236251 0.0318769 0.0408319 0.0496129 0.0572066 0.0626471 0.0652304 0.0646783 0.061199 0.0554159 0.0482009 0.0404652 0.0329782 0.0262616 0.0205692 0.0159351 0.0122545 0.00936359
 1.09007e-16 7.94125e-06 4.65515e-05 0.000221168 0.000851313 0.00265455 0.00670549 0.0137229 0.0227571 0.0305922 0.0333697 0.0296235 0.0216189 0.0134553 0.00810815 0.00628786 0.00731209 0.0103256 0.0148016 0.0204498 0.0269942 0.0340521 0.0411291 0.0476845 0.0532238 0.0573768 0.0599419 0.0608814 0.0602838 0.0583111 0.0551563 0.0510221 0.0461223 0.0406883 0.0349743 0.0292462
 1.07987e-16 2.5334e-05 0.000148682 0.000706751 0.00272101 0.00848517 0.0214329 0.0438546 0.0726943 0.0976281 0.106243 0.0937243 0.0671137 0.0392156 0.0191257 0.00859662 0.00488765 0.00477554 0.00630404 0.00863833 0.0114579 0.0145743 0.0177997 0.0209362 0.0238018 0.0262559 0.0282112 0.0296259 0.0304865 0.0307871 0.0305191 0.0296735 0.0282549 0.0262979 0.0238791 0.0211174
 1.0427e-16 2.20328e-05 0.000129279 0.000614461 0.00236558 0.00737674 0.0186334 0.0381283 0.0632096 0.084912 0.0924623 0.081704 0.0588038 0.0349589 0.0181633 0.0100407 0.00830069 0.0101931 0.0139895 0.0188222 0.0241432 0.0294122 0.0340429 0.0374827 0.0393318 0.0394351 0.0379138 0.0351209 0.0315413 0.02767 0.0239088 0.0205102 0.0175728 0.0150774 0.0129408 0.0110662
 1.02646e-16 2.65521e-05 0.00015582 0.000740659 0.00285151 0.00889211 0.0224609 0.0459591 0.0761864 0.102329 0.111387 0.0983294 0.0705581 0.0415229 0.020797 0.0102629 0.00708716 0.00790575 0.0106363 0.014308 0.018419 0.0225491 0.0262574 0.0291229 0.0308272 0.0312236 0.0303634 0.0284692 0.025868 0.022908 0.0198873 0.0170129 0.014395 0.0120671 0.0100171 0.00821656
 1.02229e-16 2.44237e-05 0.000143318 0.000681208 0.00262259 0.0081782 0.0206577 0.0422702 0.0700739 0.0941268 0.10248 0.0905169 0.0650615 0.0385081 0.0196938 0.0103881 0.00802153 0.00952368 0.0129758 0.017442 0.0223726 0.0272544 0.0315361 0.0346956 0.0363492 0.036338 0.03476 0.0319333 0.0283071 0.0243513 0.0204623 0.0169079 0.013819 0.0112159 0.00905208 0.00725554
 1.02937e-16 2.07439e-05 0.000121711 0.000578475 0.00222702 0.00694464 0.0175419 0.0358953 0.0595088 0.0799441 0.087062 0.0769542 0.0554339 0.0330535 0.0173544 0.00988466 0.00850908 0.0106566 0.0147095 0.0198456 0.0255244 0.0311927 0.0362375 0.0400701 0.0422486 0.0425752 0.0411335 0.0382502 0.0343999 0.0300862 0.0257402 0.0216608 0.018006 0.01482 0.0120785 0.00972997
 1.03724e-16 2.14329e-05 0.00012576 0.000597736 0.0023012 0.00717597 0.0181262 0.0370904 0.0614883 0.082598 0.0899383 0.0794634 0.0571694 0.0339441 0.0175591 0.00958974 0.00780696 0.00954115 0.0131268 0.0177484 0.022912 0.0281367 0.0328915 0.0366604 0.0390463 0.0398541 0.0391246 0.0371033 0.0341627 0.030704 0.0270744 0.0235199 0.0201795 0.0171089 0.0143161 0.0117933
 1.04579e-16 1.77003e-05 0.000103841 0.000493516 0.0018999 0.00592453 0.0149652 0.0306233 0.050771 0.0682126 0.0743043 0.0657211 0.0474369 0.0284756 0.0153004 0.00926847 0.00859622 0.0111214 0.015477 0.0209465 0.0270187 0.0331389 0.0386799 0.0430331 0.045735 0.0465657 0.0455886 0.0431105 0.0395866 0.0355015 0.0312684 0.0271728 0.0233663 0.0198975 0.0167572 0.0139197
 1.02428e-16 3.24589e-05 0.000190509 0.0009056 0.00348662 0.0108727 0.0274636 0.0561939 0.0931472 0.125092 0.136121 0.120059 0.0859198 0.0500993 0.0242327 0.0105387 0.00547049 0.00485627 0.00614401 0.00821953 0.0106343 0.0131221 0.0154367 0.0173445 0.0186617 0.0192911 0.0192366 0.0185906 0.0175005 0.0161275 0.0146118 0.0130537 0.0115127 0.0100184 0.00858557 0.00722688
 1.01577e-16 2.52989e-05 0.000148455 0.000705627 0.0027166 0.00847137 0.0213983 0.0437855 0.072586 0.0975014 0.106155 0.0937637 0.0673976 0.0398952 0.0204103 0.0107744 0.00832341 0.00987097 0.0134203 0.0179885 0.0229901 0.0278764 0.0320627 0.0350027 0.0363054 0.0358272 0.0337047 0.0303117 0.0261603 0.0217793 0.0176079 0.0139353 0.0108899 0.00846992 0.00659313 0.00514593
 1.02821e-16 1.87401e-05 0.000109943 0.000522521 0.00201157 0.00627276 0.0158448 0.0324233 0.0537551 0.0722216 0.0786705 0.0695813 0.0502193 0.0301376 0.0161776 0.00977265 0.00902952 0.0116516 0.0161817 0.0218489 0.028098 0.0343273 0.0398608 0.0440475 0.0463981 0.0466927 0.0450234 0.0417517 0.0374048 0.0325441 0.027653 0.0230702 0.0189784 0.0154331 0.012411 0.00985519
 1.0346e-16 2.50163e-05 0.000146805 0.0006978 0.0026865 0.00837753 0.0211611 0.0432995 0.0717778 0.0964081 0.104944 0.092646 0.0664893 0.0391481 0.0196453 0.00976041 0.00683204 0.00770092 0.0104172 0.0140787 0.0182242 0.022466 0.0263904 0.0295935 0.0317575 0.0327143 0.032473 0.0311975 0.0291501 0.0266191 0.0238582 0.0210529 0.0183166 0.015708 0.013256 0.0109808
 1.03772e-16 1.83681e-05 0.000107759 0.000512139 0.0019716 0.0061481 0.01553 0.031779 0.0526873 0.070788 0.0771116 0.0682087 0.0492423 0.0295784 0.0159263 0.00969533 0.00903375 0.0116926 0.0162423 0.021921 0.0281734 0.034396 0.0399121 0.0440746 0.0464029 0.0466914 0.0450483 0.0418505 0.0376346 0.0329622 0.0283051 0.0239801 0.0201412 0.0168137 0.0139483 0.0114713
 1.08406e-16 1.03028e-06 5.95493e-06 2.81159e-05 0.000107928 0.00033627 0.000850034 0.0017441 0.00290941 0.00396288 0.00445914 0.0042825 0.00382815 0.00377539 0.00471957 0.00701481 0.0108443 0.0163068 0.023395 0.0319032 0.0413545 0.0510065 0.0599487 0.067271 0.0722537 0.0745153 0.0740733 0.0712948 0.0667679 0.0611395 0.0549779 0.048697 0.0425488 0.0366623 0.0311016 0.0259125
pSPR Fmed_Fpbrs
0.518933   0.255595 0.255595
Fs Fmed_Fpbrs
0.376481   1.005 1.005
SSBpbr Bo_Bmed_Bpbrs
1.05454e+06  494510  216809 216809
Ro
20333
SPR SPRFo_SPRFmed_SPRFpbrs
418104 216968 106865
log_Ro
9.74
likeval ReclasPelacesDesembMPH_pf_preclas_ppelaces_ptallas_desvR_qrecl_qpela
 99.8146 127.598 0.13065 0.000569851 409.638 212.64 89.4845 0 55.4054 0 0 0 0 0 0
q_reclas_q_pelaces
1 1
M
0.7
N
 5305.34 63336.1 31276.1 4199.39 0.134221
 7246.29 2510.24 28553.7 14100.1 1893.26
 1113.86 3296.24 1045.99 11898 6664.28
 3751.31 393.079 826.658 262.322 4655.2
 51718.4 1585.95 141.481 297.54 1769.97
 14926.3 24873.7 738.73 65.9016 963.039
 55747 5101.2 5850.4 173.752 242.011
 66350.6 21596.8 1541.76 1768.19 125.658
 116886 22530.3 5014.65 357.986 439.739
 214235 42976 6133.36 1365.12 217.162
 57545.4 92665.3 16191.5 2310.78 596.136
 20851.1 22579.4 28729.5 5019.92 901.245
 52250.2 8170.08 6980.92 8882.33 1830.65
 27751 17750.3 1898.75 1622.38 2489.73
 19439.6 7048.04 2305.63 246.633 534.133
 14192.9 5399.17 1094.84 358.157 121.284
 11095 5396.05 1571.6 318.689 139.557
 11107.1 4372.61 1687.74 491.555 143.327
 8021.93 4600.11 1510.38 582.975 219.299
 27999.1 3282.16 1550.73 509.157 270.452
 35166.5 11568.7 1128.35 533.115 268.017
 30850 16312.3 5012.59 488.904 347.122
 56019.8 13966.5 6732.62 2068.86 345.055
 43577.6 24582.6 5415.86 2610.75 936.058
 1254.48 18931.2 9342.48 2058.26 1347.94
pred_Ctot
 180.538 4220.64 2084.2 279.842 0.00894435
 439.812 293.401 3337.4 1648.04 221.287
 236.372 1219.75 387.061 4402.77 2466.06
 404.744 79.2441 166.653 52.8837 938.481
 1173.65 70.9777 6.33187 13.3161 79.2134
 3419.33 9822.51 291.721 26.0242 380.3
 8941.18 1477.12 1694.06 50.3124 70.0777
 15420.6 8632.82 616.28 706.791 50.2287
 22202 7575.41 1686.09 120.366 147.855
 20029.3 7577.41 1081.42 240.695 38.2895
 8803.22 25718.6 4493.82 641.339 165.453
 3206.77 6296.76 8011.83 1399.91 251.332
 12131.4 3263.05 2788.11 3547.52 731.146
 10128.9 10147.7 1085.5 927.507 1423.36
 6368.5 3715.32 1215.39 130.011 281.564
 2429.42 1656.61 335.926 109.892 37.2132
 1668.72 1474.92 429.569 87.108 38.1453
 1339.78 977.42 377.265 109.878 32.0382
 1027.21 1086.3 356.671 137.668 51.7868
 3418 741.792 350.476 115.073 61.1241
 1673.29 1068.83 104.249 49.2547 24.7622
 1970.22 2002.16 615.24 60.0076 42.6054
 4719.93 2232.39 1076.14 330.685 55.1533
 3953.4 4213.34 928.25 447.469 160.435
 163.027 4531.46 2236.26 492.676 322.65
F
 0.0483356 0.0966712 0.0966712 0.0966712 0.0966712
 0.0877061 0.175412 0.175412 0.175412 0.175412
 0.341574 0.683147 0.683147 0.683147 0.683147
 0.160922 0.321843 0.321843 0.321843 0.321843
 0.0320032 0.0640063 0.0640063 0.0640063 0.0640063
 0.37365 0.747301 0.747301 0.747301 0.747301
 0.248277 0.496554 0.496554 0.496554 0.496554
 0.380091 0.760183 0.760183 0.760183 0.760183
 0.30056 0.601119 0.601119 0.601119 0.601119
 0.138079 0.276158 0.276158 0.276158 0.276158
 0.235535 0.47107 0.47107 0.47107 0.47107
 0.23693 0.47386 0.47386 0.47386 0.47386
 0.379642 0.759284 0.759284 0.759284 0.759284
 0.670524 1.34105 1.34105 1.34105 1.34105
 0.581069 1.16214 1.16214 1.16214 1.16214
 0.267076 0.534152 0.534152 0.534152 0.534152
 0.231138 0.462275 0.462275 0.462275 0.462275
 0.181501 0.363003 0.363003 0.363003 0.363003
 0.193678 0.387356 0.387356 0.387356 0.387356
 0.183871 0.367741 0.367741 0.367741 0.367741
 0.0681746 0.136349 0.136349 0.136349 0.136349
 0.0924779 0.184956 0.184956 0.184956 0.184956
 0.123664 0.247328 0.247328 0.247328 0.247328
 0.133735 0.267469 0.267469 0.267469 0.267469
 0.196826 0.393652 0.393652 0.393652 0.393652
YTP_r0W_actual
 1825.9 99692.1 73796.6 20249 13809.4
YTP_p0W_proyectada
 58443.7 5280.88 95429.1 61433.5 20643.4
 58443.7 72934.8 1399.51 22628.1 15077.4
CTP_r0_actual
 163.027 4531.46 2236.26 492.676 322.65
CTP_p0_proyectada
 6875.73 246.77 3058.63 1509.42 443.944
 6875.73 3408.17 44.856 555.974 324.245
Wmedp
 8.5 21.4 31.2 40.7 46.5
nmprior
 10.6 11 7 0
nm_flota  nm_reclas  nm_pelaces    nm_pelaL
inf 12.1012 8.83207 16.9778
cv_recla  cv_pelaces  cv_mph
0.903695 1.28084 0.774496
 ------------------------------------------------
Talla a la edad & desviaci?n 
 7.2 14.2025 17.0495 18.207 18.6776
 1.08 2.13037 2.55742 2.73105 2.80164
