years
 1997 1998 1999 2000 2001 2002 2003 2004 2005 2006 2007 2008 2009 2010 2011 2012 2013 2014 2015 2016 2017 2018 2019 2020 2021
reclasobs
 0 0 0 370054 412103 1.49427e+06 250295 1.28982e+06 931140 785840 897777 1.04006e+06 184774 17550 25797 100020 73551 82996 120727 218422 84188 347160 605670 569463 516374
reclaspred
 3.08455e+06 587617 1.5882e+06 879849 831303 946947 1.91523e+06 1.31786e+06 1.45972e+06 1.34658e+06 1.13372e+06 786199 479876 231920 162228 162517 196578 295220 328582 421561 650342 637575 1.0719e+06 1.36901e+06 1.95861e+06
pelacesobs
 0 0 0 0 0 0 0 0 0 2.06254e+06 1.5e+06 0 1.87456e+06 323000 250000 174000 83755 137374 0 501740 490994 745055 786931 1.00524e+06 1.33801e+06
pelacespred
 1.81837e+06 700097 595890 657717 526809 480188 984846 912102 856932 823241 598027 427412 256822 102316 71789 80866.3 102592 153653 181570 225282 375368 386738 492745 740434 1.04728e+06
mphobs
 0 0 0 0 0 112323 0 153150 637223 0 255016 313432 73983 77613 109348 50772 0 0 0 0 0 0 0 0 0
mphpred
 2.24893e+06 1.17764e+06 923084 1.01124e+06 732894 833574 1.17776e+06 1.46937e+06 1.24058e+06 1.29003e+06 1.15781e+06 819860 525772 292944 146655 136828 151221 221013 287994 319017 479962 604162 728196 1.05997e+06 1.52691e+06
desembarqueobs
 350755 77701 442110 56441 14545 235359 269955 359681 431902 328805 639364 411747 362871 311530 167758 66681 60226 58785 57116 73181 50977 67692 138656 160484 209506
desembarquepred
 350728 77691.2 442465 56447 14530.6 235309 270072 359922 432297 328858 639140 411762 363340 311779 167638 66655.2 60288.2 58840 57154.9 73196.5 50957.6 67741.4 138727 160579 209891
Reclutas
 81447.9 67402.6 40177.5 42610.7 67367.2 62546.5 115782 93811.7 132320 110562 75025.8 47796.6 48607.1 28073 21791.6 17815.7 18340.8 20859.2 19815.9 37346 54315.3 56625.1 106142 126159 96351.7
log_desv_Rt
 0.427719 0.238438 -0.278938 -0.22014 0.237914 0.163666 0.779461 0.569045 0.912981 0.733331 0.345587 -0.105291 -0.0884759 -0.637436 -0.890721 -1.09216 -1.06312 -0.93445 -0.985759 -0.352019 0.0225615 0.0642079 0.692535 0.865302 0.59576
SSB
 2.24893e+06 1.17764e+06 923084 1.01124e+06 732894 833574 1.17776e+06 1.46937e+06 1.24058e+06 1.29003e+06 1.15781e+06 819860 525772 292944 146655 136828 151221 221013 287994 319017 479962 604162 728196 1.05997e+06 1.52691e+06
BT
 4.78245e+06 1.44998e+06 1.59343e+06 1.36103e+06 1.13257e+06 1.13162e+06 2.71424e+06 2.35699e+06 2.43905e+06 2.10271e+06 1.85753e+06 1.28202e+06 926525 513911 320056 233911 291806 397998 422128 574101 930583 834655 1.15379e+06 1.7555e+06 2.41477e+06
Ftot
 0.110721 0.128599 0.268353 0.0626428 0.0171123 0.239872 0.137168 0.263455 0.28545 0.235994 0.531954 0.495552 0.704241 1.18416 0.943782 0.392038 0.295466 0.193193 0.168768 0.16858 0.0764761 0.103506 0.12593 0.114223 0.104394
BD_Bspro_t
 0.983577 0.895461 0.822589 0.701833 0.747031 0.816517 0.764281 0.776585 0.712849 0.674788 0.625961 0.469446 0.367677 0.272116 0.17147 0.188298 0.265928 0.427638 0.552653 0.635804 0.742616 0.826127 0.829794 0.836772 0.845388
BD_Bspro
 2.05953 1.07846 0.845346 0.926074 0.671173 0.763374 1.07858 1.34563 1.1361 1.18139 1.06031 0.750815 0.481494 0.268273 0.134305 0.125305 0.138485 0.202401 0.263741 0.292151 0.439542 0.553282 0.666871 0.970703 1.39832
BD_Bo
 1.72792 0.904816 0.709234 0.776963 0.563105 0.64046 0.904912 1.12897 0.953173 0.991173 0.889583 0.629923 0.403966 0.225077 0.11268 0.105129 0.116187 0.169811 0.221275 0.24511 0.36877 0.464196 0.559495 0.814406 1.17317
BD_Brms
 8.40448 4.40096 3.44966 3.77909 2.7389 3.11515 4.40143 5.49121 4.63617 4.821 4.32687 3.0639 1.96487 1.09476 0.548066 0.511343 0.565127 0.82595 1.07626 1.1922 1.79367 2.25782 2.72135 3.96122 5.70622
S_f
 0.5 1 1 1 1
 0.5 1 1 1 1
 0.5 1 1 1 1
 0.5 1 1 1 1
 0.5 1 1 1 1
 0.5 1 1 1 1
 0.5 1 1 1 1
 0.5 1 1 1 1
 0.5 1 1 1 1
 0.5 1 1 1 1
 0.5 1 1 1 1
 0.5 1 1 1 1
 0.5 1 1 1 1
 0.5 1 1 1 1
 0.5 1 1 1 1
 0.5 1 1 1 1
 0.5 1 1 1 1
 0.5 1 1 1 1
 0.5 1 1 1 1
 0.5 1 1 1 1
 0.5 1 1 1 1
 0.5 1 1 1 1
 0.5 1 1 1 1
 0.5 1 1 1 1
 0.5 1 1 1 1
Scru_reclas
 0.5 1 1 1 1
 0.5 1 1 1 1
 0.5 1 1 1 1
 0.5 1 1 1 1
 0.5 1 1 1 1
 0.5 1 1 1 1
 0.5 1 1 1 1
 0.5 1 1 1 1
 0.5 1 1 1 1
 0.5 1 1 1 1
 0.5 1 1 1 1
 0.5 1 1 1 1
 0.5 1 1 1 1
 0.5 1 1 1 1
 0.5 1 1 1 1
 0.5 1 1 1 1
 0.5 1 1 1 1
 0.5 1 1 1 1
 0.5 1 1 1 1
 0.5 1 1 1 1
 0.5 1 1 1 1
 0.5 1 1 1 1
 0.5 1 1 1 1
 0.5 1 1 1 1
 0.5 1 1 1 1
Scru_pelaces
 0.5 1 1 1 1
 0.5 1 1 1 1
 0.5 1 1 1 1
 0.5 1 1 1 1
 0.5 1 1 1 1
 0.5 1 1 1 1
 0.5 1 1 1 1
 0.5 1 1 1 1
 0.5 1 1 1 1
 0.5 1 1 1 1
 0.5 1 1 1 1
 0.5 1 1 1 1
 0.5 1 1 1 1
 0.5 1 1 1 1
 0.5 1 1 1 1
 0.5 1 1 1 1
 0.5 1 1 1 1
 0.5 1 1 1 1
 0.5 1 1 1 1
 0.5 1 1 1 1
 0.5 1 1 1 1
 0.5 1 1 1 1
 0.5 1 1 1 1
 0.5 1 1 1 1
 0.5 1 1 1 1
pf_obs 
 0.256992 0.487395 0.22802 0.0275931 0
 0.321318 0.546541 0.124235 0.00734118 0.000564706
 0.182869 0.594174 0.210203 0.0122559 0.00049798
 0.330522 0.361315 0.267642 0.0388342 0.00168674
 0.649043 0.306663 0.0425973 0.00169635 0
 0.582887 0.30429 0.105238 0.00758474 0
 0.465427 0.430635 0.0974691 0.00646863 0
 0.296916 0.608066 0.0921331 0.00288517 0
 0.311714 0.524322 0.152257 0.0117073 0
 0.15457 0.633149 0.183074 0.0267441 0.00246327
 0.131901 0.49318 0.331252 0.0422183 0.00144891
 0.196976 0.569456 0.194076 0.0375587 0.00193317
 0.518974 0.381816 0.0799577 0.0180837 0.00116848
 0.0928022 0.601141 0.25162 0.0475244 0.00691264
 0.122501 0.610282 0.24278 0.0234846 0.000952079
 0.383417 0.481906 0.127806 0.00687128 0
 0.0376549 0.599619 0.316969 0.0457579 0
 0.0361596 0.667082 0.258105 0.0386534 0
 0.158088 0.579412 0.248529 0.0139706 0
 0.0477256 0.309471 0.559284 0.082774 0.000745712
 0.0406174 0.521527 0.379366 0.0568643 0.0016247
 0.151134 0.462217 0.34131 0.0453401 0
 0.294876 0.26143 0.354403 0.0886775 0.000613685
 0.281977 0.475581 0.204845 0.0348837 0.00271318
 0.0841818 0.532909 0.334909 0.0458182 0.00218182
pf_pred 
 0.399472 0.302315 0.150125 0.0745499 0.0735385
 0.3438 0.379631 0.139229 0.0691391 0.0682011
 0.260854 0.384922 0.204929 0.0751572 0.0741376
 0.348771 0.281705 0.192435 0.102451 0.0746375
 0.46234 0.280422 0.111275 0.0760128 0.0699505
 0.386003 0.38893 0.117386 0.04658 0.0611008
 0.554034 0.255926 0.120379 0.0363325 0.0333287
 0.399851 0.432651 0.0961218 0.0452124 0.0261636
 0.503746 0.292632 0.146792 0.0326128 0.0242169
 0.412478 0.404144 0.108135 0.0542436 0.0210001
 0.339837 0.39633 0.181485 0.0485593 0.033789
 0.336185 0.362684 0.180784 0.0827837 0.0375628
 0.448998 0.297276 0.138627 0.0691001 0.0459994
 0.407959 0.395546 0.106012 0.0494362 0.041046
 0.530501 0.312873 0.104643 0.0280459 0.0239373
 0.518293 0.36184 0.0798791 0.0267162 0.0132718
 0.486933 0.362683 0.112963 0.0249375 0.0124839
 0.482549 0.348715 0.119278 0.0371509 0.012307
 0.420227 0.384602 0.131527 0.0449889 0.0186544
 0.563664 0.263243 0.114824 0.039268 0.019001
 0.542002 0.33456 0.0744705 0.0324835 0.0164841
 0.441078 0.395412 0.119441 0.0265866 0.0174818
 0.558416 0.273367 0.119006 0.0359478 0.0132632
 0.486061 0.372 0.0878691 0.0382526 0.015818
 0.355214 0.426475 0.158018 0.037325 0.0229681
pobs_RECLAS
 0 0 0 0 0
 0 0 0 0 0
 0 0 0 0 0
 0 0 0 0 0
 0.835266 0.146461 0.0176864 0.000547809 3.91292e-05
 0.385257 0.428462 0.181853 0.0044286 0
 0.867414 0.0963971 0.0333333 0.00285562 0
 0.441836 0.489002 0.0689373 0.000224442 0
 0.779404 0.147425 0.0564933 0.0165055 0.000172143
 0.814271 0.122319 0.05973 0.00367925 0
 0.40263 0.566651 0.0304383 0.000280538 0
 0.475488 0.404961 0.113038 0.00651328 0
 0.955842 0.0263864 0.0167828 0.000988607 0
 0.975058 0.0227948 0.00214734 0 0
 0.738997 0.206755 0.0527124 0.00153531 0
 0.850938 0.134255 0.0134407 0.00136685 0
 0.542534 0.407297 0.0501686 0 0
 0.764087 0.199537 0.0359546 0.000420521 0
 0.470689 0.182191 0.310203 0.0369168 0
 0.84361 0.089868 0.0606195 0.00523954 0.000663233
 0.607945 0.314616 0.071237 0.00620181 0
 0.523733 0.453247 0.0230204 0 0
 0.530135 0.295979 0.169645 0.0042399 0
 0.562478 0.366248 0.0663022 0.0049721 0
 0.250443 0.683176 0.0655157 0.000865301 0
ppred_RECLAS
 0.40033 0.301883 0.14991 0.0744433 0.0734334
 0.344753 0.379079 0.139027 0.0690387 0.0681021
 0.262776 0.383921 0.204396 0.0749618 0.0739449
 0.34921 0.281515 0.192306 0.102382 0.0745872
 0.462465 0.280357 0.111249 0.0759951 0.0699342
 0.388063 0.387625 0.116992 0.0464237 0.0608959
 0.555155 0.255283 0.120076 0.0362412 0.0332449
 0.402187 0.430967 0.0957478 0.0450365 0.0260618
 0.506426 0.291051 0.146 0.0324367 0.0240861
 0.414543 0.402723 0.107755 0.054053 0.0209262
 0.345213 0.393102 0.180007 0.0481638 0.0335138
 0.341047 0.360028 0.17946 0.0821773 0.0372877
 0.457708 0.292577 0.136436 0.0680078 0.0452723
 0.426229 0.38334 0.102741 0.0479106 0.0397793
 0.543819 0.303998 0.101675 0.0272504 0.0232583
 0.52228 0.358845 0.079218 0.0264951 0.0131619
 0.489728 0.360707 0.112347 0.0248016 0.0124159
 0.484228 0.347584 0.118891 0.0370304 0.0122671
 0.421628 0.383673 0.131209 0.0448802 0.0186093
 0.565075 0.262391 0.114453 0.039141 0.0189395
 0.542595 0.334127 0.074374 0.0324414 0.0164627
 0.441897 0.394833 0.119266 0.0265476 0.0174562
 0.559433 0.272737 0.118732 0.035865 0.0132326
 0.486985 0.37133 0.087711 0.0381837 0.0157896
 0.355983 0.425967 0.15783 0.0372805 0.0229407
pobs_PELACES
 0 0 0 0 0
 0 0 0 0 0
 0 0 0 0 0
 0 0 0 0 0
 0 0 0 0 0
 0 0 0 0 0
 0 0 0 0 0
 0 0 0 0 0
 0 0 0 0 0
 0 0 0 0 0
 0.450072 0.473896 0.0757376 0.000293798 0
 0 0 0 0 0
 0.463077 0.371075 0.160297 0.00555027 0
 0.529543 0.364841 0.0842815 0.0213345 0
 0.631943 0.363953 0.00410389 0 0
 0.735681 0.248677 0.0153453 0.000297389 0
 0.695825 0.281241 0.0229344 0 0
 0.275771 0.60734 0.115278 0.00161068 0
 0 0 0 0 0
 0.896147 0.0623911 0.0374545 0.00400742 0
 0.803859 0.145111 0.0509908 3.86294e-05 0
 0.739449 0.233085 0.0266225 0.000797448 4.60066e-05
 0.878498 0.100942 0.0204185 0.000141795 0
 0.694673 0.275183 0.0284847 0.00165964 0
 0.469039 0.446079 0.0841089 0.000773354 0
ppred_PELACES
 0.404724 0.299671 0.148812 0.0738979 0.0728954
 0.349562 0.376297 0.138006 0.068532 0.0676023
 0.271443 0.379408 0.201993 0.0740805 0.0730755
 0.351563 0.280497 0.191611 0.102011 0.0743175
 0.463167 0.279991 0.111103 0.0758959 0.0698429
 0.397502 0.381646 0.115188 0.0457076 0.0599565
 0.560737 0.252079 0.11857 0.0357864 0.0328277
 0.412681 0.423402 0.0940669 0.0442459 0.0256043
 0.518194 0.284112 0.142519 0.0316633 0.0235119
 0.424023 0.396202 0.10601 0.0531777 0.0205874
 0.365314 0.381035 0.174481 0.0466853 0.032485
 0.359654 0.349862 0.174392 0.0798569 0.0362348
 0.48666 0.276957 0.129152 0.064377 0.0428553
 0.474555 0.351053 0.0940875 0.0438753 0.0364289
 0.582112 0.278479 0.0931398 0.0249629 0.0213059
 0.538391 0.346743 0.0765464 0.0256016 0.012718
 0.501915 0.352092 0.109664 0.0242093 0.0121193
 0.492192 0.342216 0.117055 0.0364585 0.0120777
 0.428433 0.379159 0.129666 0.0443522 0.0183904
 0.571898 0.258275 0.112658 0.0385269 0.0186424
 0.545725 0.33184 0.0738651 0.0322194 0.0163501
 0.446113 0.391851 0.118365 0.0263471 0.0173243
 0.564548 0.269571 0.117354 0.0354486 0.013079
 0.491695 0.367922 0.0869058 0.0378332 0.0156446
 0.359941 0.423348 0.15686 0.0370514 0.0227997
pobs_pel_tallas
 0 0 0 0 0 0 0 0 0 0 0 0 0 0 0 0 0 0 0 0 0 0 0 0 0 0 0 0 0 0 0 0 0 0 0 0
 0 0 0 0 0 0 0 0 0 0 0 0 0 0 0 0 0 0 0 0 0 0 0 0 0 0 0 0 0 0 0 0 0 0 0 0
 0 0 0 0 0 0 0 0 0 0 0 0 0 0 0 0 0 0 0 0 0 0 0 0 0 0 0 0 0 0 0 0 0 0 0 0
 0 0 0 0 0 0 0 0 0 0 0 0 0 0 0 0 0 0 0 0 0 0 0 0 0 0 0 0 0 0 0 0 0 0 0 0
 0 0 0 0 0 0 0 0 0 0 0 0 0 0 0 0 0 0 0 0 0 0 0 0 0 0 0 0 0 0 0 0 0 0 0 0
 0 0 0 0 0 0 0 0 0 0 0 0 0 0 0 0 0 0 0 0 0 0 0 0 0 0 0 0 0 0 0 0 0 0 0 0
 0 0 0 0 0 0 0 0 0 0 0 0 0 0 0 0 0 0 0 0 0 0 0 0 0 0 0 0 0 0 0 0 0 0 0 0
 0 0 0 0 0 0 0 0 0 0 0 0 0 0 0 0 0 0 0 0 0 0 0 0 0 0 0 0 0 0 0 0 0 0 0 0
 0 0 0 0 0 0 0 0 0 0 0 0 0 0 0 0 0 0 0 0 0 0 0 0 0 0 0 0 0 0 0 0 0 0 0 0
 0 0 0 0 0 0 0 0 0 0 0 0 0 0 0 0 0 0 0 0 0 0 0 0 0 0 0 0 0 0 0 0 0 0 0 0
 0 0 0 0 0 0 0 0 1.78061e-05 0.00172719 0.00360574 0.0105946 0.0120993 0.0124554 0.0147524 0.0171206 0.0266825 0.0428682 0.0675386 0.121331 0.153587 0.119568 0.100827 0.0573624 0.0630603 0.0341343 0.0324427 0.0444173 0.0211091 0.0280891 0.0125444 0.00206551 0 0 0 0
 0 0 0 0 0 0 0 0 0 0 0 0 0 0 0 0 0 0 0 0 0 0 0 0 0 0 0 0 0 0 0 0 0 0 0 0
 0 0 0 0 0 0 0.0133647 0.0140871 0.0187388 0.0205184 0.03894 0.0496705 0.03968 0.0493445 0.0407372 0.0367815 0.0215668 0.0243155 0.0234873 0.0199281 0.019796 0.0243948 0.0301388 0.0376714 0.0412746 0.0863199 0.0771752 0.113111 0.0741005 0.0525337 0.0229764 0.00759418 0.00175318 0 0 0
 0 0 0 0 0 0 0 0 0 0 0.00219441 0.00772107 0.0458388 0.0604681 0.0671733 0.0775358 0.0609151 0.0617685 0.073594 0.0568108 0.0755445 0.0548602 0.0670107 0.0636378 0.0643287 0.046367 0.0373049 0.0286899 0.0247887 0.0153202 0.00654259 0.00121912 0.000365735 0 0 0
 0 0 0 0 0 0 0 0 0 0 0 0 0.000112435 0.00938835 0.0111873 0.0202946 0.0414886 0.0713402 0.111592 0.104902 0.108894 0.110636 0.117776 0.105296 0.107544 0.0401394 0.0192827 0.0124803 0.00416011 0.0028671 0.000618394 0 0 0 0 0
 0 0 0 0 0 0 0 0 0 0 0.00291406 0.0102884 0.027416 0.0768956 0.0749926 0.110853 0.0956884 0.0897413 0.0766577 0.0534642 0.0500743 0.0551293 0.0594112 0.0620874 0.0668451 0.0424026 0.0208742 0.0120726 0.0048766 0.00582813 0.00118941 0.000297354 0 0 0 0
 0 0.00264628 0.0354308 0.0461629 0.0458689 0.0383711 0.0214643 0.0164657 0.0346957 0.0420465 0.0363128 0.0245516 0.0311673 0.0291091 0.0169068 0.0133784 0.00837989 0.0085269 0.0148486 0.0160247 0.0276389 0.0546898 0.0760071 0.122758 0.109233 0.0665981 0.0333725 0.0166128 0.00676272 0.00308733 0.000882094 0 0 0 0 0
 0 0 0 0 0 0 0 0.000805153 0.000690131 0.00759144 0.0133425 0.0154129 0.00931677 0.000345066 0.00356568 0.00563607 0.00851162 0.0253048 0.0502646 0.0516448 0.0657925 0.0565908 0.0611916 0.0827007 0.0866115 0.110766 0.145733 0.0935128 0.0569358 0.0249597 0.0138026 0.00621118 0.00161031 0.00115022 0 0
 0 0 0 0 0 0 0 0 0 0 0 0 0 0 0 0 0 0 0 0 0 0 0 0 0 0 0 0 0 0 0 0 0 0 0 0
 0.00147267 0.00158595 0.00478618 0.00569244 0.00954404 0.0108468 0.00647125 0.017049 0.0510054 0.094081 0.124002 0.0959785 0.0687766 0.0820023 0.061753 0.0591476 0.0492212 0.0479892 0.0443925 0.0268479 0.0217502 0.0140895 0.0121071 0.0120363 0.00920419 0.00665534 0.0049561 0.00860946 0.00930331 0.0156896 0.0114698 0.00855282 0.00243557 0.00046729 0 2.83206e-05
 0 0 0 0 0.000772559 0.00158375 0.000888443 0.00281984 0.00712685 0.0440552 0.0773331 0.111326 0.0921469 0.0852325 0.0710754 0.0886704 0.0786465 0.0553345 0.0373146 0.0185414 0.00753245 0.00457741 0.012979 0.0271748 0.0457355 0.0583668 0.034881 0.0177882 0.00938659 0.00492506 0.0015258 0.00185414 0.000309023 5.79419e-05 3.86279e-05 0
 0 0.00173294 0.00326652 0 0.00397197 0.00683976 0.00946217 0.0152591 0.00757587 0.0136028 0.0228656 0.0392903 0.0559909 0.0764795 0.0681675 0.0726916 0.0566044 0.0477403 0.0527397 0.0444891 0.0609904 0.0582453 0.0661739 0.0445044 0.0529084 0.0360697 0.0280645 0.0235558 0.0158879 0.00826598 0.00280645 0.00217768 0.000904811 0.00058276 9.20147e-05 0
 0 0 0 0 0 0 0 0 0 0 0 0 0 0 0 0 0 0 0 0 0 0 0 0 0 0 0 0 0 0 0 0 0 0 0 0
 0 0 0 0 0 0 0 0 0 0 0 0 0 0 0 0 0 0 0 0 0 0 0 0 0 0 0 0 0 0 0 0 0 0 0 0
 0 0 0 0 0 0 0 0 0 0 0 0 0 0 0 0 0 0 0 0 0 0 0 0 0 0 0 0 0 0 0 0 0 0 0 0
ppred_pel_tallas
 1.08156e-16 1.76728e-05 0.000103688 0.000492812 0.00189723 0.0059162 0.0149441 0.0305794 0.0506955 0.0681032 0.0741641 0.0655473 0.0472033 0.0281195 0.0147192 0.008322 0.0071156 0.00892592 0.0124046 0.0168975 0.0220049 0.0273253 0.0324022 0.0367803 0.0400932 0.0421338 0.0428831 0.0424834 0.041175 0.0392177 0.0368291 0.0341546 0.0312737 0.028227 0.0250503 0.0217978
 1.07596e-16 1.52706e-05 8.95781e-05 0.000425715 0.00163886 0.00511048 0.012909 0.026416 0.0437968 0.0588464 0.0641116 0.0567297 0.0409992 0.024716 0.0134726 0.00846116 0.00816756 0.0107495 0.0150441 0.0204376 0.0264774 0.0326576 0.0383972 0.0431259 0.0464006 0.0479972 0.0479448 0.0464898 0.0440077 0.0408957 0.0374849 0.0339941 0.0305322 0.027132 0.0237954 0.0205305
 1.08951e-16 1.18645e-05 6.95808e-05 0.000330644 0.00127281 0.00396897 0.0100256 0.0205165 0.0340187 0.0457173 0.0498318 0.0441511 0.0320326 0.0195598 0.0111157 0.00767579 0.00811785 0.0110579 0.015619 0.0213159 0.0277446 0.0344154 0.040748 0.0461593 0.0501788 0.0525412 0.0532229 0.0524115 0.050425 0.047613 0.044276 0.0406255 0.036787 0.0328309 0.0288124 0.0247991
 1.0979e-16 1.5354e-05 9.00766e-05 0.000428104 0.00164809 0.00513929 0.0129816 0.0265639 0.0440395 0.0591645 0.0644372 0.0569679 0.0410632 0.0245393 0.0129895 0.00757799 0.00675206 0.00864617 0.0121102 0.0165912 0.0217473 0.0272222 0.032598 0.0374454 0.0414012 0.0442337 0.0458695 0.0463742 0.0459002 0.0446236 0.0426963 0.0402262 0.0372871 0.0339438 0.030279 0.0264072
 1.0754e-16 2.02203e-05 0.000118646 0.000563929 0.00217105 0.00677012 0.017101 0.0349924 0.0580094 0.0779221 0.08484 0.0749426 0.0538814 0.0319211 0.016384 0.00874594 0.00689619 0.00831571 0.0114459 0.015548 0.0202065 0.0250347 0.0296052 0.0334978 0.0363808 0.0380764 0.0385859 0.0380626 0.036749 0.0349004 0.0327243 0.030352 0.0278442 0.0252195 0.0224891 0.019682
 1.06132e-16 1.73612e-05 0.000101851 0.000484063 0.00186351 0.00581105 0.0146786 0.0300367 0.0497982 0.0669052 0.0728786 0.0644567 0.0465169 0.0279084 0.0149689 0.0090269 0.00833133 0.0107609 0.0149773 0.0202839 0.0261904 0.0321681 0.0376201 0.0419675 0.0447701 0.0458205 0.0451789 0.0431343 0.0401113 0.0365556 0.0328382 0.0292045 0.0257723 0.0225655 0.0195619 0.0167345
 1.04529e-16 2.44738e-05 0.00014362 0.000682664 0.00262822 0.00819579 0.0207021 0.0423602 0.0702208 0.0943168 0.102668 0.0906368 0.0650483 0.0383014 0.019224 0.0095576 0.00669983 0.00756181 0.0102386 0.0138513 0.0179531 0.0221701 0.0261032 0.0293622 0.0316394 0.0327714 0.0327637 0.0317689 0.030031 0.0278155 0.0253515 0.022801 0.0202579 0.017767 0.015351 0.0130315
 1.0419e-16 1.80248e-05 0.000105743 0.000502557 0.0019347 0.00603305 0.0152394 0.0311844 0.0517017 0.0694645 0.0756717 0.0669392 0.048335 0.0290519 0.0156765 0.00959537 0.0089953 0.0116727 0.0162265 0.0219082 0.0281691 0.0344101 0.0399585 0.0441704 0.0465672 0.0469426 0.0454023 0.0423177 0.038218 0.0336563 0.0290956 0.0248451 0.0210528 0.0177408 0.0148595 0.0123375
 1.04303e-16 2.26201e-05 0.000132734 0.000630903 0.00242892 0.00757426 0.0191322 0.0391483 0.0648981 0.0871725 0.0949037 0.0838136 0.0602186 0.0355931 0.0181162 0.00942254 0.00713257 0.00841138 0.011504 0.0155819 0.0201894 0.0249134 0.0293023 0.0329119 0.0353914 0.0365534 0.0364036 0.0351166 0.0329741 0.0302861 0.0273251 0.0242892 0.0212994 0.0184186 0.0156796 0.0131079
 1.04424e-16 1.85183e-05 0.000108643 0.000516347 0.00198781 0.00619867 0.0156577 0.0320401 0.0531193 0.0713657 0.0777339 0.0687425 0.0495914 0.0297158 0.0158697 0.00946209 0.00861528 0.0110564 0.0153491 0.0207444 0.0267182 0.0327104 0.038093 0.0422612 0.0447597 0.0453829 0.0442116 0.0415721 0.0379375 0.0338061 0.0295973 0.0255946 0.0219394 0.0186639 0.0157392 0.0131195
 1.05723e-16 1.59578e-05 9.36118e-05 0.00044489 0.00171268 0.0053407 0.0134905 0.0276058 0.0457692 0.0614954 0.0669949 0.0592742 0.0428233 0.0257861 0.0140025 0.00871293 0.00832936 0.010922 0.0152734 0.0207436 0.0268652 0.0331173 0.0389007 0.0436242 0.0468235 0.0482566 0.0479426 0.0461278 0.0432005 0.0395841 0.0356464 0.0316503 0.0277501 0.0240185 0.0204863 0.0171749
 1.07027e-16 1.57097e-05 9.21583e-05 0.000437986 0.00168612 0.00525785 0.0132812 0.0271774 0.0450581 0.060538 0.0659465 0.058334 0.0421167 0.0253062 0.0136442 0.0083433 0.00783328 0.0102121 0.0142882 0.0194506 0.025272 0.0312833 0.0369423 0.0417092 0.0451521 0.0470333 0.0473434 0.0462723 0.0441337 0.041272 0.0379848 0.0344838 0.0308954 0.027288 0.023708 0.0202065
 1.06139e-16 2.12447e-05 0.00012466 0.00059252 0.00228114 0.00711342 0.0179681 0.0367665 0.06095 0.0818706 0.0891346 0.0787259 0.0565791 0.0334741 0.0170978 0.00899212 0.00693049 0.00825868 0.0113356 0.0153875 0.0199875 0.0247451 0.0292303 0.0330187 0.0357731 0.0373094 0.0376238 0.0368677 0.035288 0.0331518 0.0306863 0.0280475 0.0253233 0.0225562 0.0197742 0.0170131
 1.0466e-16 2.07198e-05 0.000121572 0.000577824 0.00222453 0.00693687 0.0175223 0.0358549 0.0594409 0.0798503 0.0869529 0.0768413 0.0553169 0.0329122 0.0171497 0.00956366 0.00800993 0.00991406 0.0136636 0.0184555 0.0237842 0.0291466 0.0339874 0.037773 0.0401015 0.0407899 0.0399069 0.0377356 0.0346867 0.0311905 0.0276067 0.0241746 0.0210097 0.0181336 0.0155182 0.0131253
 1.03267e-16 2.54069e-05 0.000149096 0.00070869 0.00272842 0.00850826 0.0214913 0.0439753 0.0728985 0.0979145 0.106587 0.0941031 0.06755 0.0398022 0.0200275 0.0100365 0.0071284 0.00809283 0.0109416 0.0147429 0.0190052 0.0233067 0.0272003 0.0302569 0.0321502 0.032726 0.0320295 0.0302775 0.0277917 0.0249142 0.0219368 0.019061 0.0163934 0.0139674 0.0117752 0.00979694
 1.02674e-16 2.35032e-05 0.000137913 0.000655513 0.00252365 0.00786967 0.0198784 0.0406757 0.0674312 0.0905789 0.098622 0.0871207 0.0626453 0.0371282 0.0190811 0.0102159 0.00807028 0.00969766 0.013255 0.0178375 0.0229027 0.0279348 0.0323754 0.035694 0.0374985 0.0376226 0.0361592 0.0334223 0.0298584 0.0259355 0.022048 0.0184623 0.0153094 0.0126117 0.010327 0.00838996
 1.0307e-16 2.1913e-05 0.000128577 0.000611123 0.00235274 0.00733668 0.0185321 0.0379212 0.0628659 0.0844493 0.0919561 0.0812511 0.058466 0.0347346 0.0180051 0.00989031 0.00811214 0.00993893 0.0136608 0.0184307 0.0237244 0.0290272 0.0337735 0.0374194 0.0395546 0.0399913 0.0387991 0.0362699 0.0328315 0.0289389 0.0249819 0.0212317 0.0178332 0.01483 0.012206 0.00992211
 1.03591e-16 2.14886e-05 0.000126086 0.000599286 0.00230717 0.00719457 0.0181732 0.0371866 0.0616481 0.0828134 0.0901745 0.0796763 0.0573316 0.0340584 0.017651 0.00969133 0.00794664 0.00974069 0.013401 0.0181029 0.0233402 0.0286169 0.0333858 0.0371183 0.0394111 0.0400732 0.0391589 0.0369353 0.0337993 0.0301755 0.0264282 0.0228117 0.0194645 0.016434 0.0137157 0.0112872
 1.04348e-16 1.87099e-05 0.00010977 0.000521707 0.00200845 0.00626303 0.0158202 0.0323726 0.05367 0.0721039 0.0785334 0.0694387 0.0500704 0.0299564 0.0159143 0.00936023 0.00839035 0.0107052 0.014857 0.020102 0.025933 0.0318146 0.0371446 0.0413388 0.0439509 0.0447682 0.0438483 0.0414827 0.0381054 0.03418 0.0301028 0.0261493 0.022468 0.019109 0.0160672 0.0133209
 1.03879e-16 2.49608e-05 0.000146479 0.000696251 0.00268053 0.00835892 0.0211141 0.0432033 0.0716184 0.096194 0.104711 0.0924404 0.066342 0.0390617 0.0196025 0.00973959 0.00681729 0.00768271 0.0103894 0.0140364 0.0181624 0.0223803 0.0262781 0.0294553 0.031599 0.0325473 0.0323158 0.031074 0.0290871 0.0266426 0.0239895 0.0213043 0.0186888 0.0161892 0.0138233 0.0116032
 1.03028e-16 2.38224e-05 0.000139789 0.000664432 0.002558 0.00797678 0.0201489 0.0412291 0.0683481 0.0918087 0.0999565 0.0882885 0.0634612 0.037564 0.019217 0.0101476 0.00785169 0.00933753 0.0127379 0.0171454 0.02203 0.0268975 0.0312153 0.0344772 0.0363076 0.0365456 0.0352756 0.0327915 0.029512 0.0258752 0.0222488 0.0188796 0.0158871 0.0132905 0.0110509 0.00911071
 1.03523e-16 1.94814e-05 0.000114298 0.00054323 0.00209132 0.00652145 0.016473 0.0337083 0.0558842 0.075078 0.0817712 0.072298 0.0521241 0.0311689 0.0165281 0.00967197 0.00861267 0.0109493 0.0151673 0.0204854 0.0263698 0.0322598 0.0375284 0.0415721 0.0439356 0.0444121 0.0430816 0.0402707 0.0364569 0.0321468 0.0277731 0.0236351 0.0198907 0.0165847 0.0136955 0.0111769
 1.03583e-16 2.46407e-05 0.000144599 0.00068731 0.0026461 0.00825156 0.0208429 0.0426486 0.0706993 0.0949608 0.103372 0.0912668 0.065518 0.0386133 0.0194457 0.00977396 0.00698298 0.00796478 0.010798 0.0145866 0.0188613 0.0232189 0.0272279 0.0304686 0.0326143 0.0334973 0.0331375 0.0317172 0.0295207 0.0268569 0.0239945 0.0211259 0.0183633 0.0157579 0.0133279 0.0110822
 1.03385e-16 2.14679e-05 0.000125963 0.000598692 0.00230487 0.00718741 0.0181551 0.0371498 0.0615878 0.0827344 0.0900938 0.0796177 0.057317 0.0341047 0.017775 0.00991665 0.00830611 0.010272 0.0141369 0.0190591 0.0245024 0.0299314 0.0347578 0.0384197 0.0404986 0.0408128 0.0394517 0.0367365 0.0331271 0.0291059 0.025079 0.0213202 0.0179644 0.0150367 0.0124991 0.0102925
 1.04704e-16 1.57252e-05 9.22426e-05 0.000438372 0.00168757 0.00526238 0.0132927 0.0272015 0.0451002 0.0606006 0.0660306 0.0584462 0.0422799 0.0255681 0.014081 0.00905896 0.00895376 0.0118724 0.0166087 0.0225036 0.0290438 0.0356435 0.0416312 0.046352 0.0493035 0.0502429 0.0492291 0.0465829 0.0427864 0.038357 0.0337405 0.0292506 0.025061 0.0212361 0.0177779 0.0146673
pSPR Fmed_Fpbrs
0.68198   0.255595 0.255595
Fs Fmed_Fpbrs
0.200903   1.005 1.005
SSBpbr Bo_Bmed_Bpbrs
1.30152e+06  822537  267587 267587
Ro
53103.6
SPR SPRFo_SPRFmed_SPRFpbrs
1.09196e+06 744695 279099
log_Ro
10.7
likeval ReclasPelacesDesembMPH_pf_preclas_ppelaces_ptallas_desvR_qrecl_qpela
 160.229 59.3079 0.0670664 0.000973333 344.572 215.589 81.3214 0 13.8472 0 0 0 0 0 0
q_reclas_q_pelaces
1 1
M
0.7
N
 81447.9 31571.2 15677.8 7785.36 7679.74
 67402.6 38267.6 14034.6 6969.36 6874.82
 40177.5 31386.7 16709.9 6128.34 6045.21
 42610.7 17446.3 11917.8 6344.9 4622.39
 67367.2 20507.3 8137.53 5558.83 5115.5
 62546.5 33168.6 10010.9 3972.42 5210.78
 115782 27549.2 12958.2 3911.02 3587.67
 93811.7 53684.4 11927 5610.06 3246.45
 132320 40835.9 20484.5 4551.02 3379.4
 110562 56968.6 15242.9 7646.26 2960.2
 75025.8 48792.6 22342.9 5978.19 4159.81
 47796.6 28555.6 14233.9 6517.9 2957.48
 48607.1 18526 8639.14 4306.28 2866.65
 28073 16973.4 4549.13 2121.37 1761.34
 21791.6 7711.61 2579.21 691.268 590.001
 17815.7 6750.61 1490.25 498.427 247.602
 18340.8 7272.23 2265.04 500.027 250.317
 20859.2 7856.93 2687.46 837.05 277.29
 19815.9 9404.59 3216.21 1100.1 456.151
 37346 9044.01 3944.93 1349.1 652.799
 54315.3 17046.3 3794.38 1655.08 839.888
 56625.1 25960.3 7841.73 1745.51 1147.75
 106142 26701 11623.9 3511.18 1295.47
 126159 49492.2 11690.4 5089.26 2104.49
 96351.7 59171.2 21924.2 5178.66 3186.71
pred_Ctot
 3164.69 2394.99 1189.32 590.597 582.585
 3029.98 3345.77 1227.05 609.337 601.071
 3656.28 5395.28 2872.39 1053.44 1039.15
 946.653 764.618 522.318 278.077 202.585
 412.965 250.475 99.3913 67.8952 62.4803
 5119.23 5158.04 1556.79 617.75 810.328
 5541.21 2559.67 1203.98 363.383 333.339
 8390.22 9078.46 2016.96 948.708 549.001
 12761.7 7413.4 3718.77 826.197 613.499
 8910.29 8730.26 2335.92 1171.76 453.641
 12795.3 14922.4 6833.17 1828.32 1272.2
 7652.15 8255.32 4114.95 1884.3 854.994
 10587.1 7009.57 3268.73 1629.33 1084.63
 9330.38 9046.5 2424.6 1130.65 938.758
 6056.62 3572.01 1194.69 320.195 273.288
 2306.57 1610.3 355.487 118.896 59.0636
 1827.01 1360.81 423.845 93.5673 46.8404
 1389 1003.77 343.338 106.938 35.4254
 1158.84 1060.6 362.706 124.064 51.4423
 2181.67 1018.89 444.43 151.987 73.5435
 1468.69 906.574 201.796 88.022 44.6677
 2060.07 1846.79 557.852 124.174 81.6495
 4675.15 2288.67 996.34 300.961 111.041
 5053.16 3867.37 913.502 397.68 164.447
 3534.74 4243.84 1572.43 371.421 228.555
F
 0.0553604 0.110721 0.110721 0.110721 0.110721
 0.0642997 0.128599 0.128599 0.128599 0.128599
 0.134176 0.268353 0.268353 0.268353 0.268353
 0.0313214 0.0626428 0.0626428 0.0626428 0.0626428
 0.00855615 0.0171123 0.0171123 0.0171123 0.0171123
 0.119936 0.239872 0.239872 0.239872 0.239872
 0.0685841 0.137168 0.137168 0.137168 0.137168
 0.131728 0.263455 0.263455 0.263455 0.263455
 0.142725 0.28545 0.28545 0.28545 0.28545
 0.117997 0.235994 0.235994 0.235994 0.235994
 0.265977 0.531954 0.531954 0.531954 0.531954
 0.247776 0.495552 0.495552 0.495552 0.495552
 0.352121 0.704241 0.704241 0.704241 0.704241
 0.592082 1.18416 1.18416 1.18416 1.18416
 0.471891 0.943782 0.943782 0.943782 0.943782
 0.196019 0.392038 0.392038 0.392038 0.392038
 0.147733 0.295466 0.295466 0.295466 0.295466
 0.0965967 0.193193 0.193193 0.193193 0.193193
 0.0843838 0.168768 0.168768 0.168768 0.168768
 0.0842902 0.16858 0.16858 0.16858 0.16858
 0.0382381 0.0764761 0.0764761 0.0764761 0.0764761
 0.0517531 0.103506 0.103506 0.103506 0.103506
 0.0629651 0.12593 0.12593 0.12593 0.12593
 0.0571116 0.114223 0.114223 0.114223 0.114223
 0.0521969 0.104394 0.104394 0.104394 0.104394
YTP_r0W_actual
 39589 93364.6 51890.3 15265.4 9782.16
YTP_p0W_proyectada
 130015 468720 398325 192526 75200.1
 130015 162252 124217 94450.6 47250.9
CTP_r0_actual
 3534.74 4243.84 1572.43 371.421 228.555
CTP_p0_proyectada
 15295.9 21902.8 12766.8 4730.38 1617.21
 15295.9 7581.88 3981.33 2320.65 1016.15
Wmedp
 8.5 21.4 31.2 40.7 46.5
nmprior
 10.6 11 7 0
nm_flota  nm_reclas  nm_pelaces    nm_pelaL
inf 12.7971 13.5357 29.575
cv_recla  cv_pelaces  cv_mph
1.14497 0.87323 1.01221
 ------------------------------------------------
Talla a la edad & desviaci?n 
 7.2 14.2025 17.0495 18.207 18.6776
 1.08 2.13037 2.55742 2.73105 2.80164
