    unsorted:	 0.001173774690 0.0008999960715 23.16085427 2.537379981 29.44760774 8.334490115 33.23601241 44.51573017 65.82288749 96.44082611 156.6977849 128.3095627 238.1643332 301.9805005 379.5483748 436.8375616 495.4635181 698.2743257 696.5057525 710.6086189 618.2432550 584.8544511 793.9663886 812.9873103 852.3614445 902.2420959 876.8260404 919.1325842 940.4513840 965.3211252 982.5139096 1016.499117 1084.121836 1220.648570 1319.153771 1378.458301 1524.268920 1924.678999 5508.473249 195337.6566 230800.9548 281181.7796 409699.8413 345298.5347 439251.3970 503752.9939 601102.3340 589656.5374 704780.1760 790060.6629 867921.0354 920631.7700 1076253.794 1141903.886 1247329.426 1324748.448 1528166.628 1825507.778 1971513.303 2067966.885 2291104.069 2422646.943 2473329.335 2637831.502 2864931.655
      sorted:	 0.0008999960715 0.001173774690 2.537379981 8.334490115 23.16085427 29.44760774 33.23601241 44.51573017 65.82288749 96.44082611 128.3095627 156.6977849 238.1643332 301.9805005 379.5483748 436.8375616 495.4635181 584.8544511 618.2432550 696.5057525 698.2743257 710.6086189 793.9663886 812.9873103 852.3614445 876.8260404 902.2420959 919.1325842 940.4513840 965.3211252 982.5139096 1016.499117 1084.121836 1220.648570 1319.153771 1378.458301 1524.268920 1924.678999 5508.473249 195337.6566 230800.9548 281181.7796 345298.5347 409699.8413 439251.3970 503752.9939 589656.5374 601102.3340 704780.1760 790060.6629 867921.0354 920631.7700 1076253.794 1141903.886 1247329.426 1324748.448 1528166.628 1825507.778 1971513.303 2067966.885 2291104.069 2422646.943 2473329.335 2637831.502 2864931.655
