years
 1997 1998 1999 2000 2001 2002 2003 2004 2005 2006 2007 2008 2009 2010 2011 2012 2013 2014 2015 2016 2017 2018 2019 2020 2021
reclasobs
 0 0 0 370054 412103 1.49427e+06 250295 1.28982e+06 931140 785840 897777 1.04006e+06 184774 17550 25797 100020 73551 82996 120727 218422 84188 347160 605670 569463 516374
reclaspred
 371827 94801.3 250863 190157 314220 372529 837636 584934 703486 698546 563686 379040 234560 106997 73428.9 74221.6 91793.6 122422 125073 185671 276182 249153 426418 525906 558696
pelacesobs
 0 0 0 0 0 0 0 0 0 2.06254e+06 1.5e+06 0 1.87456e+06 323000 250000 174000 83755 137374 0 501740 490994 745055 786931 1.00524e+06 1.33801e+06
pelacespred
 838778 191234 314134 362509 519928 510763 1.35066e+06 1.13065e+06 1.23049e+06 1.22499e+06 892839 621991 384030 144538 97734.5 106260 137528 186314 196097 282140 467846 413397 557886 816503 865925
mphobs
 0 0 0 0 0 112323 0 153150 637223 0 255016 313432 73983 77613 109348 50772 0 0 0 0 0 0 0 0 0
mphpred
 599918 327400 364587 390936 468794 806820 1.19845e+06 1.44733e+06 1.30236e+06 1.43318e+06 1.4686e+06 1.04861e+06 644096 341306 160001 135736 164325 223312 270263 302501 475213 572866 704078 990113 1.30085e+06
desembarqueobs
 350755 77701 442110 56441 14545 235359 269955 359681 431902 328805 639364 411747 362871 311530 167758 66681 60226 58785 57116 73181 50977 67692 138656 160484 209506
desembarquepred
 350753 77694 442018 56440.5 14545 235389 269978 359642 431879 328782 639396 411885 363045 311803 167734 66684 60240.9 58782.1 57108.3 73173.4 50975.6 67682.6 138648 160480 209498
Reclutas
 38820.6 51615 26871.1 50787.1 90207.4 60922.7 104003 106400 142583 154194 67705.1 39042.6 43873.6 23025.7 17276.7 20576.8 16302.4 17738.1 19190.5 38718.9 47663 57771.8 94867.5 106121 32344.2
log_desv_Rt
 -0.193294 0.0915675 -0.561194 0.0753973 0.649867 0.257362 0.792175 0.81496 1.10768 1.18597 0.362917 -0.187591 -0.0709318 -0.715634 -1.00289 -0.828083 -1.06093 -0.976527 -0.897829 -0.195917 0.0119107 0.204256 0.700237 0.812337 -0.375809
SSB
 599918 327400 364587 390936 468794 806820 1.19845e+06 1.44733e+06 1.30236e+06 1.43318e+06 1.4686e+06 1.04861e+06 644096 341306 160001 135736 164325 223312 270263 302501 475213 572866 704078 990113 1.30085e+06
BT
 1.77701e+06 476002 804156 709082 942477 1.09928e+06 2.60337e+06 2.43043e+06 2.59794e+06 2.50841e+06 2.17188e+06 1.49136e+06 1.04476e+06 558660 317245 245346 295531 380750 400540 565089 879112 804045 1.09485e+06 1.59431e+06 1.7159e+06
Ftot
 0.504335 0.488567 0.806519 0.16926 0.028713 0.262218 0.167631 0.319819 0.341331 0.24618 0.46415 0.426115 0.685391 1.20633 1.17969 0.47428 0.341285 0.23656 0.205883 0.219537 0.0956444 0.124337 0.151583 0.148279 0.14268
BD_Bspro_t
 0.936504 0.702506 0.63359 0.47036 0.640997 0.799004 0.760135 0.771505 0.724338 0.704102 0.685627 0.536321 0.421662 0.313052 0.195605 0.20529 0.308909 0.463163 0.567927 0.649034 0.760687 0.833133 0.83626 0.838942 0.836342
BD_Bspro
 0.619442 0.338055 0.376452 0.403659 0.48405 0.833078 1.23745 1.49443 1.34475 1.47983 1.51639 1.08274 0.665057 0.352413 0.165208 0.140153 0.169673 0.23058 0.279059 0.312346 0.490679 0.59151 0.726992 1.02234 1.34319
BD_Bo
 0.527941 0.288119 0.320845 0.344033 0.412549 0.71002 1.05466 1.27368 1.14611 1.26123 1.2924 0.922802 0.566818 0.300357 0.140804 0.11945 0.144609 0.19652 0.237838 0.266208 0.418198 0.504135 0.619604 0.871321 1.14478
BD_Brms
 1.81513 0.990593 1.10311 1.18283 1.4184 2.44114 3.62606 4.37908 3.94047 4.33629 4.44344 3.17272 1.9488 1.03267 0.484104 0.410687 0.497186 0.675661 0.817718 0.915258 1.43782 1.73328 2.13028 2.99572 3.9359
S_f
 0.175953 1 1 1 1
 0.175953 1 1 1 1
 0.175953 1 1 1 1
 0.175953 1 1 1 1
 0.175953 1 1 1 1
 0.175953 1 1 1 1
 0.175953 1 1 1 1
 0.175953 1 1 1 1
 0.175953 1 1 1 1
 0.175953 1 1 1 1
 0.175953 1 1 1 1
 0.175953 1 1 1 1
 0.175953 1 1 1 1
 0.175953 1 1 1 1
 0.175953 1 1 1 1
 0.175953 1 1 1 1
 0.175953 1 1 1 1
 0.175953 1 1 1 1
 0.175953 1 1 1 1
 0.175953 1 1 1 1
 0.175953 1 1 1 1
 0.175953 1 1 1 1
 0.175953 1 1 1 1
 0.175953 1 1 1 1
 0.175953 1 1 1 1
Scru_reclas
 1 1 1 1 1
 1 1 1 1 1
 1 1 1 1 1
 1 1 1 1 1
 1 1 1 1 1
 1 1 1 1 1
 1 1 1 1 1
 1 1 1 1 1
 1 1 1 1 1
 1 1 1 1 1
 1 1 1 1 1
 1 1 1 1 1
 1 1 1 1 1
 1 1 1 1 1
 1 1 1 1 1
 1 1 1 1 1
 1 1 1 1 1
 1 1 1 1 1
 1 1 1 1 1
 1 1 1 1 1
 1 1 1 1 1
 1 1 1 1 1
 1 1 1 1 1
 1 1 1 1 1
 1 1 1 1 1
Scru_pelaces
 1 1 1 1 1
 1 1 1 1 1
 1 1 1 1 1
 1 1 1 1 1
 1 1 1 1 1
 1 1 1 1 1
 1 1 1 1 1
 1 1 1 1 1
 1 1 1 1 1
 1 1 1 1 1
 1 1 1 1 1
 1 1 1 1 1
 1 1 1 1 1
 1 1 1 1 1
 1 1 1 1 1
 1 1 1 1 1
 1 1 1 1 1
 1 1 1 1 1
 1 1 1 1 1
 1 1 1 1 1
 1 1 1 1 1
 1 1 1 1 1
 1 1 1 1 1
 1 1 1 1 1
 1 1 1 1 1
pf_obs 
 0.256992 0.487395 0.22802 0.0275931 0
 0.321318 0.546541 0.124235 0.00734118 0.000564706
 0.182869 0.594174 0.210203 0.0122559 0.00049798
 0.330522 0.361315 0.267642 0.0388342 0.00168674
 0.649043 0.306663 0.0425973 0.00169635 0
 0.582887 0.30429 0.105238 0.00758474 0
 0.465427 0.430635 0.0974691 0.00646863 0
 0.296916 0.608066 0.0921331 0.00288517 0
 0.311714 0.524322 0.152257 0.0117073 0
 0.15457 0.633149 0.183074 0.0267441 0.00246327
 0.131901 0.49318 0.331252 0.0422183 0.00144891
 0.196976 0.569456 0.194076 0.0375587 0.00193317
 0.518974 0.381816 0.0799577 0.0180837 0.00116848
 0.0928022 0.601141 0.25162 0.0475244 0.00691264
 0.122501 0.610282 0.24278 0.0234846 0.000952079
 0.383417 0.481906 0.127806 0.00687128 0
 0.0376549 0.599619 0.316969 0.0457579 0
 0.0361596 0.667082 0.258105 0.0386534 0
 0.158088 0.579412 0.248529 0.0139706 0
 0.0477256 0.309471 0.559284 0.082774 0.000745712
 0.0406174 0.521527 0.379366 0.0568643 0.0016247
 0.151134 0.462217 0.34131 0.0453401 0
 0.294876 0.26143 0.354403 0.0886775 0.000613685
 0.281977 0.475581 0.204845 0.0348837 0.00271318
 0.0841818 0.532909 0.334909 0.0458182 0.00218182
pf_pred 
 0.287561 0.498222 0.191105 0.0231012 1.09447e-05
 0.312252 0.512358 0.122654 0.0470468 0.00568983
 0.167558 0.637044 0.145567 0.0348474 0.0149831
 0.340461 0.415213 0.186976 0.0427246 0.0146255
 0.332548 0.507574 0.100651 0.0453246 0.0139022
 0.163673 0.620185 0.164368 0.032594 0.0191794
 0.272589 0.405281 0.238878 0.0633099 0.0199417
 0.225594 0.539945 0.130631 0.076996 0.0268339
 0.271503 0.479483 0.173622 0.0420053 0.0333871
 0.240568 0.541784 0.143252 0.051872 0.0225245
 0.113189 0.593246 0.209431 0.0553752 0.0287585
 0.108882 0.42346 0.312847 0.110443 0.0443678
 0.199152 0.368117 0.205635 0.15192 0.0751769
 0.16975 0.550913 0.1284 0.0717256 0.0792118
 0.246154 0.513606 0.159412 0.0371536 0.0436751
 0.320535 0.523798 0.106058 0.032918 0.0166909
 0.209585 0.609276 0.13964 0.0282742 0.0132253
 0.221534 0.497533 0.216551 0.0496315 0.0147499
 0.216821 0.504181 0.178313 0.0776109 0.023074
 0.33694 0.420401 0.156214 0.0552482 0.031196
 0.263381 0.561266 0.11118 0.0413127 0.0228611
 0.236954 0.518809 0.186096 0.0368633 0.0212778
 0.290335 0.462381 0.168133 0.0603091 0.0188421
 0.23458 0.546428 0.142684 0.0518834 0.0244249
 0.0706019 0.605144 0.231483 0.0604451 0.0323264
pobs_RECLAS
 0 0 0 0 0
 0 0 0 0 0
 0 0 0 0 0
 0 0 0 0 0
 0.835266 0.146461 0.0176864 0.000547809 3.91292e-05
 0.385257 0.428462 0.181853 0.0044286 0
 0.867414 0.0963971 0.0333333 0.00285562 0
 0.441836 0.489002 0.0689373 0.000224442 0
 0.779404 0.147425 0.0564933 0.0165055 0.000172143
 0.814271 0.122319 0.05973 0.00367925 0
 0.40263 0.566651 0.0304383 0.000280538 0
 0.475488 0.404961 0.113038 0.00651328 0
 0.955842 0.0263864 0.0167828 0.000988607 0
 0.975058 0.0227948 0.00214734 0 0
 0.738997 0.206755 0.0527124 0.00153531 0
 0.850938 0.134255 0.0134407 0.00136685 0
 0.542534 0.407297 0.0501686 0 0
 0.764087 0.199537 0.0359546 0.000420521 0
 0.470689 0.182191 0.310203 0.0369168 0
 0.84361 0.089868 0.0606195 0.00523954 0.000663233
 0.607945 0.314616 0.071237 0.00620181 0
 0.523733 0.453247 0.0230204 0 0
 0.530135 0.295979 0.169645 0.0042399 0
 0.562478 0.366248 0.0663022 0.0049721 0
 0.250443 0.683176 0.0655157 0.000865301 0
ppred_RECLAS
 0.70354 0.20732 0.0795226 0.0096129 4.55433e-06
 0.727208 0.203224 0.04865 0.0186609 0.00225684
 0.549335 0.344881 0.0788066 0.0188656 0.00811151
 0.747532 0.158942 0.0715734 0.0163548 0.00559857
 0.739285 0.198265 0.0393157 0.0177043 0.00543036
 0.530359 0.348266 0.0923011 0.0183032 0.0107702
 0.682462 0.176918 0.104278 0.0276368 0.00870518
 0.627948 0.259409 0.06276 0.0369916 0.012892
 0.683813 0.208108 0.0753566 0.0182314 0.0144909
 0.646132 0.252452 0.0667502 0.0241705 0.0104956
 0.427877 0.382731 0.135114 0.0357251 0.0185535
 0.416468 0.277295 0.204862 0.0723215 0.0290534
 0.597909 0.184824 0.103245 0.0762763 0.0377449
 0.56532 0.288433 0.067224 0.0375522 0.0414716
 0.674219 0.221959 0.0688911 0.0160562 0.0188746
 0.734503 0.204671 0.0414416 0.0128625 0.00652187
 0.606096 0.303633 0.0695898 0.0140905 0.00659085
 0.62111 0.242156 0.105399 0.0241563 0.00717899
 0.614134 0.248406 0.0878534 0.0382382 0.0113683
 0.745155 0.16158 0.0600406 0.0212345 0.0119901
 0.671282 0.250466 0.0496143 0.0184359 0.0102019
 0.639829 0.244887 0.0878407 0.0174001 0.0100435
 0.700968 0.194834 0.0708464 0.0254125 0.00793951
 0.63711 0.259064 0.0676472 0.0245982 0.01158
 0.303151 0.453728 0.173562 0.0453209 0.0242379
pobs_PELACES
 0 0 0 0 0
 0 0 0 0 0
 0 0 0 0 0
 0 0 0 0 0
 0 0 0 0 0
 0 0 0 0 0
 0 0 0 0 0
 0 0 0 0 0
 0 0 0 0 0
 0 0 0 0 0
 0.450072 0.473896 0.0757376 0.000293798 0
 0 0 0 0 0
 0.463077 0.371075 0.160297 0.00555027 0
 0.529543 0.364841 0.0842815 0.0213345 0
 0.631943 0.363953 0.00410389 0 0
 0.735681 0.248677 0.0153453 0.000297389 0
 0.695825 0.281241 0.0229344 0 0
 0.275771 0.60734 0.115278 0.00161068 0
 0 0 0 0 0
 0.896147 0.0623911 0.0374545 0.00400742 0
 0.803859 0.145111 0.0509908 3.86294e-05 0
 0.739449 0.233085 0.0266225 0.000797448 4.60066e-05
 0.878498 0.100942 0.0204185 0.000141795 0
 0.694673 0.275183 0.0284847 0.00165964 0
 0.469039 0.446079 0.0841089 0.000773354 0
ppred_PELACES
 0.731325 0.187889 0.0720694 0.00871193 4.12747e-06
 0.752755 0.184192 0.0440939 0.0169133 0.00204549
 0.602838 0.303937 0.0694506 0.0166258 0.0071485
 0.756119 0.153535 0.0691389 0.0157985 0.00540814
 0.740787 0.197122 0.0390891 0.0176023 0.00539908
 0.548074 0.33513 0.0888194 0.0176128 0.010364
 0.692257 0.171461 0.101061 0.0267843 0.00843665
 0.648031 0.245406 0.0593723 0.0349949 0.0121961
 0.703531 0.19513 0.0706572 0.0170944 0.0135872
 0.661285 0.241642 0.063892 0.0231355 0.0100462
 0.459017 0.361899 0.12776 0.0337806 0.0175436
 0.444872 0.263797 0.19489 0.0688012 0.0276392
 0.64179 0.164654 0.0919778 0.0679521 0.0336257
 0.643554 0.23652 0.0551249 0.0307935 0.0340075
 0.740415 0.176859 0.054893 0.0127937 0.0150394
 0.758882 0.185877 0.0376362 0.0116814 0.00592299
 0.628021 0.286732 0.0657163 0.0133062 0.00622399
 0.636127 0.232559 0.101221 0.0231989 0.00689446
 0.627314 0.239921 0.0848527 0.0369321 0.01098
 0.756325 0.154498 0.057409 0.0203038 0.0114646
 0.676995 0.246113 0.0487519 0.0181155 0.0100245
 0.647583 0.239615 0.0859495 0.0170255 0.00982727
 0.709536 0.189251 0.0688164 0.0246844 0.00771202
 0.64638 0.252447 0.0659192 0.0239698 0.0112842
 0.311409 0.448351 0.171506 0.0447837 0.0239506
pobs_pel_tallas
 0 0 0 0 0 0 0 0 0 0 0 0 0 0 0 0 0 0 0 0 0 0 0 0 0 0 0 0 0 0 0 0 0 0 0 0
 0 0 0 0 0 0 0 0 0 0 0 0 0 0 0 0 0 0 0 0 0 0 0 0 0 0 0 0 0 0 0 0 0 0 0 0
 0 0 0 0 0 0 0 0 0 0 0 0 0 0 0 0 0 0 0 0 0 0 0 0 0 0 0 0 0 0 0 0 0 0 0 0
 0 0 0 0 0 0 0 0 0 0 0 0 0 0 0 0 0 0 0 0 0 0 0 0 0 0 0 0 0 0 0 0 0 0 0 0
 0 0 0 0 0 0 0 0 0 0 0 0 0 0 0 0 0 0 0 0 0 0 0 0 0 0 0 0 0 0 0 0 0 0 0 0
 0 0 0 0 0 0 0 0 0 0 0 0 0 0 0 0 0 0 0 0 0 0 0 0 0 0 0 0 0 0 0 0 0 0 0 0
 0 0 0 0 0 0 0 0 0 0 0 0 0 0 0 0 0 0 0 0 0 0 0 0 0 0 0 0 0 0 0 0 0 0 0 0
 0 0 0 0 0 0 0 0 0 0 0 0 0 0 0 0 0 0 0 0 0 0 0 0 0 0 0 0 0 0 0 0 0 0 0 0
 0 0 0 0 0 0 0 0 0 0 0 0 0 0 0 0 0 0 0 0 0 0 0 0 0 0 0 0 0 0 0 0 0 0 0 0
 0 0 0 0 0 0 0 0 0 0 0 0 0 0 0 0 0 0 0 0 0 0 0 0 0 0 0 0 0 0 0 0 0 0 0 0
 0 0 0 0 0 0 0 0 1.78061e-05 0.00172719 0.00360574 0.0105946 0.0120993 0.0124554 0.0147524 0.0171206 0.0266825 0.0428682 0.0675386 0.121331 0.153587 0.119568 0.100827 0.0573624 0.0630603 0.0341343 0.0324427 0.0444173 0.0211091 0.0280891 0.0125444 0.00206551 0 0 0 0
 0 0 0 0 0 0 0 0 0 0 0 0 0 0 0 0 0 0 0 0 0 0 0 0 0 0 0 0 0 0 0 0 0 0 0 0
 0 0 0 0 0 0 0.0133647 0.0140871 0.0187388 0.0205184 0.03894 0.0496705 0.03968 0.0493445 0.0407372 0.0367815 0.0215668 0.0243155 0.0234873 0.0199281 0.019796 0.0243948 0.0301388 0.0376714 0.0412746 0.0863199 0.0771752 0.113111 0.0741005 0.0525337 0.0229764 0.00759418 0.00175318 0 0 0
 0 0 0 0 0 0 0 0 0 0 0.00219441 0.00772107 0.0458388 0.0604681 0.0671733 0.0775358 0.0609151 0.0617685 0.073594 0.0568108 0.0755445 0.0548602 0.0670107 0.0636378 0.0643287 0.046367 0.0373049 0.0286899 0.0247887 0.0153202 0.00654259 0.00121912 0.000365735 0 0 0
 0 0 0 0 0 0 0 0 0 0 0 0 0.000112435 0.00938835 0.0111873 0.0202946 0.0414886 0.0713402 0.111592 0.104902 0.108894 0.110636 0.117776 0.105296 0.107544 0.0401394 0.0192827 0.0124803 0.00416011 0.0028671 0.000618394 0 0 0 0 0
 0 0 0 0 0 0 0 0 0 0 0.00291406 0.0102884 0.027416 0.0768956 0.0749926 0.110853 0.0956884 0.0897413 0.0766577 0.0534642 0.0500743 0.0551293 0.0594112 0.0620874 0.0668451 0.0424026 0.0208742 0.0120726 0.0048766 0.00582813 0.00118941 0.000297354 0 0 0 0
 0 0.00264628 0.0354308 0.0461629 0.0458689 0.0383711 0.0214643 0.0164657 0.0346957 0.0420465 0.0363128 0.0245516 0.0311673 0.0291091 0.0169068 0.0133784 0.00837989 0.0085269 0.0148486 0.0160247 0.0276389 0.0546898 0.0760071 0.122758 0.109233 0.0665981 0.0333725 0.0166128 0.00676272 0.00308733 0.000882094 0 0 0 0 0
 0 0 0 0 0 0 0 0.000805153 0.000690131 0.00759144 0.0133425 0.0154129 0.00931677 0.000345066 0.00356568 0.00563607 0.00851162 0.0253048 0.0502646 0.0516448 0.0657925 0.0565908 0.0611916 0.0827007 0.0866115 0.110766 0.145733 0.0935128 0.0569358 0.0249597 0.0138026 0.00621118 0.00161031 0.00115022 0 0
 0 0 0 0 0 0 0 0 0 0 0 0 0 0 0 0 0 0 0 0 0 0 0 0 0 0 0 0 0 0 0 0 0 0 0 0
 0.00147267 0.00158595 0.00478618 0.00569244 0.00954404 0.0108468 0.00647125 0.017049 0.0510054 0.094081 0.124002 0.0959785 0.0687766 0.0820023 0.061753 0.0591476 0.0492212 0.0479892 0.0443925 0.0268479 0.0217502 0.0140895 0.0121071 0.0120363 0.00920419 0.00665534 0.0049561 0.00860946 0.00930331 0.0156896 0.0114698 0.00855282 0.00243557 0.00046729 0 2.83206e-05
 0 0 0 0 0.000772559 0.00158375 0.000888443 0.00281984 0.00712685 0.0440552 0.0773331 0.111326 0.0921469 0.0852325 0.0710754 0.0886704 0.0786465 0.0553345 0.0373146 0.0185414 0.00753245 0.00457741 0.012979 0.0271748 0.0457355 0.0583668 0.034881 0.0177882 0.00938659 0.00492506 0.0015258 0.00185414 0.000309023 5.79419e-05 3.86279e-05 0
 0 0.00173294 0.00326652 0 0.00397197 0.00683976 0.00946217 0.0152591 0.00757587 0.0136028 0.0228656 0.0392903 0.0559909 0.0764795 0.0681675 0.0726916 0.0566044 0.0477403 0.0527397 0.0444891 0.0609904 0.0582453 0.0661739 0.0445044 0.0529084 0.0360697 0.0280645 0.0235558 0.0158879 0.00826598 0.00280645 0.00217768 0.000904811 0.00058276 9.20147e-05 0
 0 0 0 0 0 0 0 0 0 0 0 0 0 0 0 0 0 0 0 0 0 0 0 0 0 0 0 0 0 0 0 0 0 0 0 0
 0 0 0 0 0 0 0 0 0 0 0 0 0 0 0 0 0 0 0 0 0 0 0 0 0 0 0 0 0 0 0 0 0 0 0 0
 0 0 0 0 0 0 0 0 0 0 0 0 0 0 0 0 0 0 0 0 0 0 0 0 0 0 0 0 0 0 0 0 0 0 0 0
ppred_pel_tallas
 1.01384e-16 3.19096e-05 0.000187281 0.000890245 0.00342748 0.0106883 0.0269978 0.0552412 0.0915691 0.122977 0.133828 0.118058 0.0845367 0.0493903 0.0240714 0.0107778 0.00603797 0.00575991 0.00743099 0.00993348 0.0127829 0.015656 0.0182402 0.0202405 0.021432 0.0217075 0.0210965 0.0197477 0.0178848 0.0157492 0.0135522 0.0114456 0.0095172 0.00780207 0.00630283 0.00500754
 1.01363e-16 3.28438e-05 0.000192766 0.000916324 0.00352789 0.0110014 0.0277887 0.0568595 0.0942512 0.126578 0.137744 0.121506 0.0869901 0.0507928 0.0246967 0.0109572 0.0059941 0.00558812 0.00714799 0.00952192 0.0122153 0.0149056 0.0172868 0.019075 0.02006 0.020151 0.0193944 0.0179543 0.0160651 0.0139739 0.01189 0.00995623 0.00824484 0.00677136 0.00551745 0.00445201
 1.01991e-16 2.63117e-05 0.000154406 0.000733927 0.00282558 0.00881124 0.0222567 0.0455415 0.0754951 0.101403 0.110387 0.0974641 0.0699757 0.0412574 0.0208065 0.0105007 0.00754377 0.00860773 0.0116238 0.015609 0.0200286 0.0244148 0.0282737 0.0311386 0.0326642 0.032705 0.0313433 0.0288576 0.0256436 0.0221176 0.0186322 0.0154277 0.0126247 0.0102468 0.00825832 0.0066004
 1.01828e-16 3.29893e-05 0.000193623 0.000920403 0.00354361 0.0110504 0.0279125 0.0571125 0.0946698 0.127137 0.138346 0.122021 0.0873245 0.0509185 0.0246289 0.01071 0.00555631 0.00492578 0.00622191 0.00830829 0.010724 0.013193 0.0154598 0.0172832 0.0184758 0.0189417 0.0186926 0.0178335 0.0165288 0.014958 0.0132782 0.0116033 0.0100013 0.00850418 0.00712361 0.00586423
 1.01477e-16 3.23225e-05 0.000189704 0.000901764 0.00347183 0.0108266 0.0273471 0.055956 0.0927541 0.124568 0.135561 0.119589 0.085637 0.0500411 0.0244029 0.0109485 0.00616071 0.00589165 0.00759056 0.0101165 0.0129678 0.0158051 0.0183026 0.0201585 0.021151 0.0211878 0.0203247 0.018743 0.0166993 0.0144615 0.0122548 0.0102302 0.00846042 0.00695575 0.00568932 0.00462099
 1.0246e-16 2.3925e-05 0.000140391 0.000667293 0.00256901 0.00801113 0.0202357 0.0414066 0.0686425 0.0922044 0.100388 0.0886709 0.063739 0.0377343 0.0193152 0.0102174 0.00792743 0.0094414 0.0128843 0.0173435 0.022284 0.0272047 0.031564 0.0348458 0.0366654 0.0368545 0.0354941 0.0328794 0.0294357 0.025612 0.0217908 0.0182353 0.0150812 0.0123614 0.0100466 0.00808281
 1.02806e-16 3.02054e-05 0.000177278 0.00084269 0.00324439 0.0101173 0.0255555 0.0522902 0.0866773 0.116407 0.126679 0.111751 0.0800197 0.0467504 0.0227848 0.010205 0.00572961 0.00549245 0.00712672 0.00959027 0.0124437 0.0154009 0.0181825 0.0205171 0.0221866 0.0230676 0.02315 0.0225239 0.0213442 0.0197857 0.0180052 0.0161213 0.0142123 0.0123269 0.0104997 0.00876203
 1.02696e-16 2.82798e-05 0.000165966 0.000788899 0.00303726 0.00947136 0.023924 0.0489525 0.0811472 0.108987 0.118624 0.104691 0.075064 0.0440559 0.0218451 0.0104149 0.00672472 0.00717424 0.00954069 0.0128044 0.0164686 0.0201455 0.0234386 0.0259735 0.0274703 0.0278051 0.0270324 0.0253588 0.0230818 0.020513 0.0179135 0.0154582 0.0132323 0.0112513 0.00949268 0.00792333
 1.02289e-16 3.06979e-05 0.000180167 0.000856422 0.00329725 0.0102822 0.0259719 0.0531423 0.0880904 0.118306 0.128749 0.113587 0.0813544 0.0475704 0.0232583 0.0105396 0.00608293 0.00595835 0.00775203 0.0103866 0.0133872 0.016428 0.0191898 0.02137 0.0227376 0.0231816 0.0227297 0.02153 0.0198041 0.0177895 0.0156898 0.0136472 0.0117393 0.00999364 0.00840926 0.00697657
 1.02251e-16 2.88577e-05 0.000169359 0.000805028 0.00309936 0.00966503 0.0244132 0.0499534 0.082806 0.111214 0.121045 0.106823 0.0765812 0.0449233 0.0222322 0.0105274 0.00670187 0.00707794 0.00938599 0.0125874 0.0161812 0.019781 0.0229936 0.0254478 0.0268662 0.0271254 0.0262795 0.0245345 0.0221879 0.0195534 0.0168965 0.0143982 0.0121501 0.0101735 0.00844864 0.00694213
 1.03912e-16 2.00429e-05 0.000117597 0.000558921 0.00215174 0.00670988 0.0169489 0.0346818 0.057497 0.0772411 0.0841177 0.0743501 0.0535547 0.0319264 0.0167516 0.00952618 0.00818901 0.0102602 0.0141842 0.0191785 0.0247359 0.0303386 0.0354097 0.0393897 0.0418513 0.0425904 0.0416623 0.0393464 0.0360598 0.032249 0.0282975 0.0244738 0.0209246 0.0177014 0.0148012 0.0122026
 1.06509e-16 1.94222e-05 0.000113962 0.000541658 0.00208531 0.00650274 0.0164256 0.0336103 0.0557184 0.074845 0.0814905 0.0719858 0.0517601 0.0306741 0.0157638 0.00845157 0.00671741 0.00815247 0.0112737 0.0153877 0.0201113 0.0250846 0.0298991 0.0341384 0.0374527 0.0396224 0.040587 0.040428 0.0393212 0.0374752 0.0350821 0.0322932 0.0292211 0.0259565 0.0225891 0.0192185
 1.05266e-16 2.80045e-05 0.000164357 0.000781265 0.00300789 0.0093798 0.0236927 0.0484785 0.0803594 0.107923 0.117448 0.103614 0.0742049 0.0433777 0.0211878 0.00957158 0.00549449 0.00538135 0.00704767 0.00953698 0.0124507 0.0155303 0.0185211 0.0211721 0.023277 0.0247114 0.0254477 0.0255423 0.0251023 0.0242463 0.0230731 0.0216493 0.0200142 0.0181955 0.0162273 0.0141603
 1.03507e-16 2.80842e-05 0.000164819 0.000783446 0.00301626 0.0094059 0.0237587 0.0486141 0.080586 0.108233 0.117801 0.103961 0.0745324 0.0437273 0.0216514 0.0102716 0.00656612 0.00695844 0.00924276 0.0124117 0.0159815 0.0195802 0.0228294 0.0253718 0.0269402 0.0274156 0.0268481 0.0254313 0.0234423 0.0211689 0.0188481 0.0166334 0.0145933 0.0127332 0.0110264 0.00944221
 1.0198e-16 3.23055e-05 0.000189606 0.000901302 0.00347006 0.0108211 0.0273331 0.0559273 0.0927059 0.124502 0.135485 0.119512 0.0855594 0.0499516 0.0242774 0.0107548 0.00586262 0.00545283 0.00698037 0.00931854 0.0119894 0.0146853 0.0171147 0.0190047 0.0201497 0.0204549 0.019953 0.0187869 0.0171655 0.0153106 0.0134104 0.0115938 0.00992759 0.00842995 0.0070917 0.00589518
 1.01274e-16 3.31111e-05 0.000194335 0.000923781 0.00355661 0.0110909 0.0280149 0.0573222 0.0950182 0.127608 0.138865 0.122494 0.0876966 0.0512031 0.024892 0.0110361 0.00602492 0.0056035 0.00715755 0.0095238 0.0122015 0.0148638 0.0172017 0.0189295 0.0198382 0.0198412 0.0189918 0.017463 0.0154991 0.0133556 0.0112476 0.00932017 0.0076437 0.00622871 0.0050495 0.00406675
 1.01775e-16 2.74091e-05 0.00016085 0.000764568 0.00294356 0.00917916 0.023186 0.0474427 0.0786459 0.105632 0.114983 0.101505 0.072839 0.042869 0.0214773 0.0106064 0.00732914 0.00816842 0.0109672 0.0147124 0.0188725 0.0229994 0.0266257 0.0293102 0.0307275 0.0307402 0.0294272 0.0270523 0.023991 0.020638 0.0173281 0.0142901 0.0116391 0.00939807 0.0075331 0.00598762
 1.02632e-16 2.77604e-05 0.000162917 0.000774406 0.00298146 0.00929736 0.0234845 0.0480531 0.0796562 0.106984 0.116443 0.102764 0.0736775 0.0432329 0.0214208 0.010188 0.00655126 0.00698022 0.00930032 0.0125218 0.0161713 0.0198826 0.0232785 0.0259949 0.0277496 0.0283997 0.027966 0.026612 0.0245909 0.0221783 0.0196155 0.0170766 0.0146644 0.0124258 0.0103755 0.00851692
 1.03065e-16 2.73763e-05 0.000160662 0.000763684 0.00294017 0.00916861 0.0231593 0.0473878 0.0785536 0.105504 0.114834 0.10135 0.0726758 0.0426693 0.0211865 0.010151 0.00662485 0.00712876 0.00951755 0.0128102 0.0165303 0.0203038 0.0237446 0.0264824 0.0282335 0.0288599 0.0283927 0.027009 0.0249751 0.0225757 0.0200539 0.0175788 0.0152417 0.0130752 0.0110802 0.00924955
 1.02099e-16 3.29983e-05 0.000193676 0.000920654 0.00354458 0.0110534 0.0279201 0.0571281 0.0946956 0.127172 0.138384 0.122054 0.0873484 0.0509325 0.0246356 0.0107125 0.00555588 0.00492206 0.00621258 0.00828937 0.0106901 0.0131376 0.0153769 0.0171685 0.0183287 0.0187676 0.0185031 0.0176471 0.0163686 0.0148483 0.0132412 0.0116548 0.0101477 0.00874124 0.00743727 0.00623282
 1.01864e-16 2.95428e-05 0.000173381 0.00082415 0.00317298 0.00989462 0.0249931 0.05114 0.0847729 0.113856 0.123919 0.109357 0.0783934 0.0459768 0.0227353 0.0107337 0.00678771 0.00712814 0.00942678 0.0126158 0.0161784 0.0197169 0.0228293 0.0251394 0.0263708 0.0264089 0.0253238 0.023343 0.0207878 0.0179932 0.0152409 0.0127194 0.0105192 0.00865217 0.00708371 0.00576247
 1.02343e-16 2.82602e-05 0.000165851 0.000788353 0.00303515 0.0094648 0.0239074 0.0489186 0.0810908 0.108911 0.11854 0.104615 0.0750052 0.0440127 0.0218081 0.0103723 0.00666669 0.00709448 0.00943737 0.0126816 0.0163376 0.0200255 0.0233551 0.0259542 0.0275389 0.0279746 0.0272991 0.0256999 0.023457 0.0208707 0.0182002 0.0156279 0.0132548 0.0111175 0.00921411 0.00752895
 1.02248e-16 3.09595e-05 0.000181703 0.000863727 0.00332538 0.0103699 0.0261935 0.0535956 0.0888416 0.119314 0.129845 0.114549 0.082034 0.0479488 0.0234079 0.0105476 0.00600469 0.00581352 0.00753954 0.0100994 0.0130212 0.0159867 0.0186861 0.0208259 0.0221814 0.0226436 0.0222373 0.0211036 0.0194546 0.0175178 0.0154887 0.013504 0.0116391 0.00992182 0.00835369 0.00692842
 1.02369e-16 2.82082e-05 0.000165545 0.000786894 0.00302954 0.00944728 0.0238632 0.0488281 0.0809412 0.108711 0.118325 0.104432 0.0748877 0.0439715 0.0218387 0.0104707 0.00683812 0.00735157 0.00979356 0.013143 0.016896 0.0206536 0.0240061 0.0265659 0.0280437 0.028311 0.027425 0.0256013 0.0231512 0.0204024 0.0176323 0.0150295 0.012689 0.0106322 0.00883776 0.00726999
 1.05239e-16 1.361e-05 7.98222e-05 0.000379319 0.0014602 0.0045533 0.0115017 0.0235371 0.0390272 0.0524482 0.0571684 0.0506512 0.036748 0.0224367 0.012743 0.00878046 0.00925034 0.0125465 0.0176345 0.0239193 0.0308908 0.0379376 0.0443512 0.0494379 0.0526636 0.0537668 0.0528036 0.0501059 0.0461757 0.041553 0.0367034 0.0319556 0.027493 0.0233866 0.019644 0.0162524
pSPR Fmed_Fpbrs
0.653401   0.340856 0.340856
Fs Fmed_Fpbrs
0.279568   1.005 1.005
SSBpbr Bo_Bmed_Bpbrs
1.13634e+06  685666  330509 330509
Ro
47098.7
SPR SPRFo_SPRFmed_SPRFpbrs
968481 632807 330112
log_Ro
10.58
likeval ReclasPelacesDesembMPH_pf_preclas_ppelaces_ptallas_desvR_qrecl_qpela
 68.0652 34.4249 0.00674561 0.00109776 314.245 195.417 77.6468 0 15.8509 5.73443e-05 0 0 0 0 0
q_reclas_q_pelaces
0.341957 1
M
0.7
N
 38820.6 14081.9 5401.44 652.94 0.309345
 51615 17640.7 4223.03 1619.85 195.904
 26871.1 23519.9 5374.38 1286.58 553.181
 50787.1 11578.4 5213.9 1191.39 407.838
 90207.4 24480.1 4854.38 2185.99 670.497
 60922.7 44569.9 11812.4 2342.38 1378.34
 104003 28889.2 17027.7 4512.85 1421.48
 106400 50145.3 12131.9 7150.7 2492.1
 142583 49945.5 18085.4 4375.49 3477.77
 154194 66677.2 17630 6383.87 2772.08
 67705.1 73324.8 25885.5 6844.33 3554.53
 39042.6 30984.7 22891.1 8081.14 3246.4
 43873.6 17987.5 10048 7423.37 3673.42
 23025.7 19311.8 4500.94 2514.28 2776.7
 17276.7 9247.51 2870.22 668.953 786.373
 20576.8 6971.21 1411.52 438.105 222.138
 16302.4 9400.01 2154.39 436.219 204.042
 17738.1 7623.69 3318.21 760.502 226.013
 19190.5 8449.39 2988.29 1300.65 386.688
 38718.9 9190.68 3415.11 1207.82 681.998
 47663 18498.7 3664.36 1361.62 753.477
 57771.8 23273.8 8348.27 1653.69 954.522
 94867.5 28067.8 10206.1 3660.93 1143.77
 106121 45869.9 11977.6 4355.35 2050.35
 32344.2 51341.1 19639.3 5128.23 2742.61
pred_Ctot
 2382.9 4128.55 1583.6 191.43 0.0906944
 3072.9 5042.16 1207.05 462.991 55.9941
 2577.69 9800.17 2239.38 536.086 230.497
 1073.57 1309.28 589.587 134.723 46.1183
 327.021 499.138 98.9786 44.5713 13.6711
 1980.82 7505.63 1989.22 394.46 232.114
 2177.59 3237.61 1908.29 505.754 159.305
 4200.69 10054.1 2432.43 1433.71 499.663
 5997.88 10592.5 3835.57 927.957 737.569
 4712.61 10613.3 2806.24 1016.15 441.244
 3836.54 20108 7098.65 1876.94 974.769
 2037.01 7922.3 5852.9 2066.22 830.054
 3609.66 6672.17 3727.16 2753.58 1362.59
 3205.81 10404.3 2424.89 1354.57 1495.95
 2356.96 4917.84 1526.39 355.75 418.195
 1190.52 1945.46 393.915 122.262 61.9924
 685.686 1993.33 456.852 92.5029 43.2685
 521.329 1170.83 509.602 116.796 34.7104
 492.039 1144.16 404.653 176.125 52.3626
 1057.46 1319.4 490.267 173.392 97.9062
 572.584 1220.18 241.702 89.8128 49.6996
 900.221 1971.03 707.005 140.049 80.8373
 1798.4 2864.08 1041.45 373.567 116.712
 1968.38 4585.11 1197.27 435.356 204.951
 577.53 4950.14 1893.55 494.447 264.433
F
 0.0887393 0.504335 0.504335 0.504335 0.504335
 0.0859649 0.488567 0.488567 0.488567 0.488567
 0.14191 0.806519 0.806519 0.806519 0.806519
 0.0297818 0.16926 0.16926 0.16926 0.16926
 0.00505214 0.028713 0.028713 0.028713 0.028713
 0.046138 0.262218 0.262218 0.262218 0.262218
 0.0294952 0.167631 0.167631 0.167631 0.167631
 0.0562731 0.319819 0.319819 0.319819 0.319819
 0.0600582 0.341331 0.341331 0.341331 0.341331
 0.0433161 0.24618 0.24618 0.24618 0.24618
 0.0816686 0.46415 0.46415 0.46415 0.46415
 0.0749763 0.426115 0.426115 0.426115 0.426115
 0.120597 0.685391 0.685391 0.685391 0.685391
 0.212257 1.20633 1.20633 1.20633 1.20633
 0.207569 1.17969 1.17969 1.17969 1.17969
 0.083451 0.47428 0.47428 0.47428 0.47428
 0.0600501 0.341285 0.341285 0.341285 0.341285
 0.0416234 0.23656 0.23656 0.23656 0.23656
 0.0362258 0.205883 0.205883 0.205883 0.205883
 0.0386282 0.219537 0.219537 0.219537 0.219537
 0.0168289 0.0956444 0.0956444 0.0956444 0.0956444
 0.0218775 0.124337 0.124337 0.124337 0.124337
 0.0266716 0.151583 0.151583 0.151583 0.151583
 0.0260901 0.148279 0.148279 0.148279 0.148279
 0.025105 0.14268 0.14268 0.14268 0.14268
YTP_r0W_actual
 6468.34 108903 62487.2 20321.8 11317.7
YTP_p0W_proyectada
 42637.1 161665 332632 165983 70838.6
 42637.1 182940 42843.6 78873.7 40736.6
CTP_r0_actual
 577.53 4950.14 1893.55 494.447 264.433
CTP_p0_proyectada
 5016.13 7554.46 10661.3 4078.21 1523.41
 5016.13 8548.6 1373.19 1937.93 876.055
Wmedp
 8.5 21.4 31.2 40.7 46.5
nmprior
 10.6 11 7 0
nm_flota  nm_reclas  nm_pelaces    nm_pelaL
inf 15.6062 20.2445 49.9112
cv_recla  cv_pelaces  cv_mph
0.746256 0.665286 1.07496
 ------------------------------------------------
Talla a la edad & desviaci?n 
 7.2 14.2025 17.0495 18.207 18.6776
 1.08 2.13037 2.55742 2.73105 2.80164
