years
 1997 1998 1999 2000 2001 2002 2003 2004 2005 2006 2007 2008 2009 2010 2011 2012 2013 2014 2015 2016 2017 2018 2019 2020 2021
reclasobs
 0 0 0 370054 412103 1.49427e+06 250295 1.28982e+06 931140 785840 897777 1.04006e+06 184774 17550 25797 100020 73551 82996 120727 218422 84188 347160 605670 569463 516374
reclaspred
 2.51368e+06 301801 392686 107336 231228 236863 501997 442051 548094 1.07987e+06 993472 607425 371088 163757 98383.2 92781.9 102931 120409 100094 166404 299091 259188 426638 491982 405907
pelacesobs
 0 0 0 0 0 0 0 0 0 2.06254e+06 1.5e+06 0 1.87456e+06 323000 250000 174000 83755 137374 0 501740 490994 745055 786931 1.00524e+06 1.33801e+06
pelacespred
 1.46489e+06 569392 162601 104860 204334 133309 467053 384959 477046 978665 718025 444002 306407 103904 64644.3 64421.6 73929.4 87857.8 71055.4 127488 249641 205190 270636 355597 267038
mphobs
 0 0 0 0 0 112323 0 153150 637223 0 255016 313432 73983 77613 109348 50772 0 0 0 0 0 0 0 0 0
mphpred
 2.41094e+06 1.02505e+06 422427 197101 107554 306243 314047 436413 476788 656724 1.28279e+06 866242 450511 264717 113206 88636.7 98057 115745 120273 109915 237301 311015 340034 486691 539668
desembarqueobs
 350755 77701 442110 56441 14545 235359 269955 359681 431902 328805 639364 411747 362871 311530 167758 66681 60226 58785 57116 73181 50977 67692 138656 160484 209506
desembarquepred
 350745 77682.6 441601 56419.4 14543.3 235170 269808 359059 431401 328532 638601 411305 362163 310985 167381 66624.7 60198.2 58736 57062.2 73097.7 50962.7 67648.4 138565 160392 209393
Reclutas
 3682.62 5516.6 721.77 3992.65 55599.6 13248.6 55020.6 71977.4 83732 231369 46435.2 18299 57392.3 23189.4 14649.5 14644.9 9722.34 9503.92 6809.43 27611.8 29994.1 27041.4 59799.5 44782.9 833.331
log_desv_Rt
 -1.58862 -1.18448 -3.21829 -1.50779 1.12593 -0.308352 1.11546 1.38411 1.53538 2.55177 0.945814 0.0145998 1.15767 0.251451 -0.207837 -0.208151 -0.617818 -0.640541 -0.973936 0.425998 0.508755 0.405125 1.19875 0.909581 -3.07457
SSB
 2.41094e+06 1.02505e+06 422427 197101 107554 306243 314047 436413 476788 656724 1.28279e+06 866242 450511 264717 113206 88636.7 98057 115745 120273 109915 237301 311015 340034 486691 539668
BT
 2.84138e+06 1.19055e+06 543718 255787 378544 421217 1.03801e+06 1.06968e+06 1.24414e+06 2.05455e+06 1.83554e+06 1.16283e+06 909976 481789 253615 169959 181017 204707 176774 288266 486736 431529 582017 765321 646092
Ftot
 0.101905 0.190135 0.771659 0.41171 0.132632 0.766227 0.781588 1.16121 1.06589 0.541973 0.522375 0.517984 1.06999 1.66947 1.81963 0.781446 0.609497 0.492227 0.499084 0.664069 0.189712 0.236668 0.333967 0.306939 0.368299
BD_Bspro_t
 0.983904 0.87759 0.670632 0.337629 0.370537 0.680135 0.490922 0.514986 0.486433 0.518965 0.6436 0.470796 0.32234 0.250556 0.1434 0.140199 0.201367 0.299069 0.360864 0.397968 0.611193 0.724662 0.707601 0.716363 0.67653
BD_Bspro
 6.50156 2.76423 1.13916 0.531521 0.29004 0.825843 0.846887 1.17687 1.28575 1.77098 3.45929 2.33599 1.21489 0.713861 0.305283 0.239026 0.26443 0.312129 0.324339 0.296407 0.639927 0.838712 0.916968 1.31246 1.45532
BD_Bo
 2.38671 1.01475 0.418183 0.195121 0.106473 0.303166 0.310891 0.432028 0.471997 0.650126 1.2699 0.857539 0.445985 0.262058 0.112069 0.0877462 0.0970718 0.114582 0.119065 0.10881 0.234917 0.30789 0.336618 0.481801 0.534246
BD_Brms
 7.89566 3.35696 1.38342 0.645493 0.352232 1.00292 1.02848 1.42922 1.56145 2.15073 4.20105 2.83688 1.47539 0.866931 0.370743 0.290279 0.32113 0.379058 0.393886 0.359964 0.777144 1.01855 1.11359 1.59388 1.76738
S_f
 0.139439 1 1 1 1
 0.139439 1 1 1 1
 0.139439 1 1 1 1
 0.139439 1 1 1 1
 0.139439 1 1 1 1
 0.139439 1 1 1 1
 0.139439 1 1 1 1
 0.139439 1 1 1 1
 0.139439 1 1 1 1
 0.139439 1 1 1 1
 0.139439 1 1 1 1
 0.139439 1 1 1 1
 0.139439 1 1 1 1
 0.139439 1 1 1 1
 0.139439 1 1 1 1
 0.139439 1 1 1 1
 0.139439 1 1 1 1
 0.139439 1 1 1 1
 0.139439 1 1 1 1
 0.139439 1 1 1 1
 0.139439 1 1 1 1
 0.139439 1 1 1 1
 0.139439 1 1 1 1
 0.139439 1 1 1 1
 0.139439 1 1 1 1
Scru_reclas
 0.789772 1 1 1 1
 0.789772 1 1 1 1
 0.789772 1 1 1 1
 0.789772 1 1 1 1
 0.789772 1 1 1 1
 0.789772 1 1 1 1
 0.789772 1 1 1 1
 0.789772 1 1 1 1
 0.789772 1 1 1 1
 0.789772 1 1 1 1
 0.789772 1 1 1 1
 0.789772 1 1 1 1
 0.789772 1 1 1 1
 0.789772 1 1 1 1
 0.789772 1 1 1 1
 0.789772 1 1 1 1
 0.789772 1 1 1 1
 0.789772 1 1 1 1
 0.789772 1 1 1 1
 0.789772 1 1 1 1
 0.789772 1 1 1 1
 0.789772 1 1 1 1
 0.789772 1 1 1 1
 0.789772 1 1 1 1
 0.789772 1 1 1 1
Scru_pelaces
 1 1 1 1 1
 1 1 1 1 1
 1 1 1 1 1
 1 1 1 1 1
 1 1 1 1 1
 1 1 1 1 1
 1 1 1 1 1
 1 1 1 1 1
 1 1 1 1 1
 1 1 1 1 1
 1 1 1 1 1
 1 1 1 1 1
 1 1 1 1 1
 1 1 1 1 1
 1 1 1 1 1
 1 1 1 1 1
 1 1 1 1 1
 1 1 1 1 1
 1 1 1 1 1
 1 1 1 1 1
 1 1 1 1 1
 1 1 1 1 1
 1 1 1 1 1
 1 1 1 1 1
 1 1 1 1 1
pf_obs 
 0.256992 0.487395 0.22802 0.0275931 0
 0.321318 0.546541 0.124235 0.00734118 0.000564706
 0.182869 0.594174 0.210203 0.0122559 0.00049798
 0.330522 0.361315 0.267642 0.0388342 0.00168674
 0.649043 0.306663 0.0425973 0.00169635 0
 0.582887 0.30429 0.105238 0.00758474 0
 0.465427 0.430635 0.0974691 0.00646863 0
 0.296916 0.608066 0.0921331 0.00288517 0
 0.311714 0.524322 0.152257 0.0117073 0
 0.15457 0.633149 0.183074 0.0267441 0.00246327
 0.131901 0.49318 0.331252 0.0422183 0.00144891
 0.196976 0.569456 0.194076 0.0375587 0.00193317
 0.518974 0.381816 0.0799577 0.0180837 0.00116848
 0.0928022 0.601141 0.25162 0.0475244 0.00691264
 0.122501 0.610282 0.24278 0.0234846 0.000952079
 0.383417 0.481906 0.127806 0.00687128 0
 0.0376549 0.599619 0.316969 0.0457579 0
 0.0361596 0.667082 0.258105 0.0386534 0
 0.158088 0.579412 0.248529 0.0139706 0
 0.0477256 0.309471 0.559284 0.082774 0.000745712
 0.0406174 0.521527 0.379366 0.0568643 0.0016247
 0.151134 0.462217 0.34131 0.0453401 0
 0.294876 0.26143 0.354403 0.0886775 0.000613685
 0.281977 0.475581 0.204845 0.0348837 0.00271318
 0.0841818 0.532909 0.334909 0.0458182 0.00218182
pf_pred 
 0.00559717 0.638417 0.31467 0.041315 1.24888e-06
 0.0182921 0.0399386 0.604626 0.298014 0.0391294
 0.00628163 0.12706 0.035258 0.533767 0.297633
 0.112333 0.0558979 0.106353 0.0295119 0.695904
 0.696322 0.15998 0.0090489 0.0172167 0.117432
 0.0777926 0.872459 0.0262076 0.00148237 0.022058
 0.446077 0.261488 0.27666 0.00831053 0.00746473
 0.351515 0.580986 0.0318637 0.0337125 0.0019223
 0.326049 0.591251 0.0740925 0.00406354 0.00454447
 0.484136 0.442659 0.0642222 0.00804799 0.000935009
 0.0618183 0.84276 0.0818805 0.0118794 0.00166162
 0.0517272 0.360665 0.527843 0.0512839 0.00848113
 0.314047 0.230765 0.173126 0.253374 0.0286883
 0.160112 0.715193 0.0419494 0.0314715 0.0512745
 0.233836 0.591386 0.14883 0.00872955 0.0172192
 0.289266 0.608215 0.0791323 0.0199146 0.00347216
 0.173587 0.671937 0.132194 0.0171992 0.00508305
 0.193453 0.541934 0.215151 0.0423277 0.00713465
 0.150645 0.583892 0.17837 0.0708137 0.0162798
 0.489236 0.316725 0.133393 0.0407495 0.019897
 0.245458 0.683446 0.0440863 0.0185676 0.00844166
 0.169478 0.597169 0.211365 0.0136343 0.00835299
 0.310842 0.428428 0.187472 0.0663551 0.0069026
 0.163485 0.662748 0.108025 0.04727 0.0184715
 0.00385291 0.617409 0.300064 0.0489093 0.0297649
pobs_RECLAS
 0 0 0 0 0
 0 0 0 0 0
 0 0 0 0 0
 0 0 0 0 0
 0.835266 0.146461 0.0176864 0.000547809 3.91292e-05
 0.385257 0.428462 0.181853 0.0044286 0
 0.867414 0.0963971 0.0333333 0.00285562 0
 0.441836 0.489002 0.0689373 0.000224442 0
 0.779404 0.147425 0.0564933 0.0165055 0.000172143
 0.814271 0.122319 0.05973 0.00367925 0
 0.40263 0.566651 0.0304383 0.000280538 0
 0.475488 0.404961 0.113038 0.00651328 0
 0.955842 0.0263864 0.0167828 0.000988607 0
 0.975058 0.0227948 0.00214734 0 0
 0.738997 0.206755 0.0527124 0.00153531 0
 0.850938 0.134255 0.0134407 0.00136685 0
 0.542534 0.407297 0.0501686 0 0
 0.764087 0.199537 0.0359546 0.000420521 0
 0.470689 0.182191 0.310203 0.0369168 0
 0.84361 0.089868 0.0606195 0.00523954 0.000663233
 0.607945 0.314616 0.071237 0.00620181 0
 0.523733 0.453247 0.0230204 0 0
 0.530135 0.295979 0.169645 0.0042399 0
 0.562478 0.366248 0.0663022 0.0049721 0
 0.250443 0.683176 0.0655157 0.000865301 0
ppred_RECLAS
 0.0310602 0.622069 0.306612 0.0402571 1.2169e-06
 0.0964068 0.0367607 0.556515 0.274301 0.0360158
 0.036683 0.123173 0.0341794 0.517437 0.288527
 0.424134 0.0362633 0.0689956 0.0191456 0.451462
 0.928989 0.037409 0.00211595 0.00402588 0.0274598
 0.336806 0.627418 0.0188469 0.00106603 0.0158627
 0.829248 0.0806059 0.085283 0.0025618 0.00230107
 0.774056 0.202426 0.0111019 0.0117461 0.000669766
 0.751175 0.218291 0.0273551 0.00150027 0.00167783
 0.846728 0.131521 0.0190815 0.00239119 0.000277807
 0.279108 0.647571 0.0629163 0.00912808 0.00127678
 0.242651 0.288049 0.421568 0.0409585 0.00677355
 0.740827 0.0871898 0.0654119 0.0957321 0.0108393
 0.565766 0.369764 0.0216884 0.0162712 0.0265096
 0.681683 0.245702 0.061834 0.00362686 0.00715404
 0.710513 0.247731 0.0322312 0.00811138 0.00141424
 0.554436 0.362277 0.0712728 0.009273 0.00274055
 0.584296 0.27932 0.110891 0.0218162 0.00367729
 0.509802 0.336988 0.102945 0.0408695 0.00939575
 0.850862 0.0924805 0.0389495 0.0118985 0.00580972
 0.650675 0.31641 0.0204103 0.0085961 0.00390817
 0.539615 0.33103 0.117167 0.00755794 0.00463033
 0.722915 0.172255 0.0753756 0.0266789 0.00277527
 0.530115 0.372277 0.0606798 0.0265524 0.0103757
 0.0219402 0.606198 0.294616 0.0480213 0.0292245
pobs_PELACES
 0 0 0 0 0
 0 0 0 0 0
 0 0 0 0 0
 0 0 0 0 0
 0 0 0 0 0
 0 0 0 0 0
 0 0 0 0 0
 0 0 0 0 0
 0 0 0 0 0
 0 0 0 0 0
 0.450072 0.473896 0.0757376 0.000293798 0
 0 0 0 0 0
 0.463077 0.371075 0.160297 0.00555027 0
 0.529543 0.364841 0.0842815 0.0213345 0
 0.631943 0.363953 0.00410389 0 0
 0.735681 0.248677 0.0153453 0.000297389 0
 0.695825 0.281241 0.0229344 0 0
 0.275771 0.60734 0.115278 0.00161068 0
 0 0 0 0 0
 0.896147 0.0623911 0.0374545 0.00400742 0
 0.803859 0.145111 0.0509908 3.86294e-05 0
 0.739449 0.233085 0.0266225 0.000797448 4.60066e-05
 0.878498 0.100942 0.0204185 0.000141795 0
 0.694673 0.275183 0.0284847 0.00165964 0
 0.469039 0.446079 0.0841089 0.000773354 0
ppred_PELACES
 0.0401049 0.616263 0.30375 0.0398813 1.20554e-06
 0.124794 0.0356058 0.539032 0.265684 0.0348844
 0.0566301 0.120623 0.0334716 0.506723 0.282553
 0.511774 0.0307444 0.0584953 0.0162319 0.382755
 0.945057 0.0289446 0.00163718 0.00311496 0.0212466
 0.444245 0.525775 0.0157937 0.000893332 0.0132929
 0.884758 0.0544018 0.0575584 0.00172898 0.00155302
 0.8578 0.127399 0.0069871 0.00739252 0.000421524
 0.838024 0.1421 0.0178072 0.000976622 0.00109221
 0.890815 0.0936911 0.013593 0.0017034 0.0001979
 0.362499 0.572661 0.0556383 0.00807216 0.00112908
 0.319713 0.258739 0.378672 0.0367908 0.00608432
 0.830636 0.0569765 0.0427452 0.0625588 0.00708322
 0.726058 0.233271 0.0136824 0.0102649 0.0167239
 0.819694 0.139174 0.035025 0.00205438 0.0040523
 0.795077 0.175364 0.0228159 0.00574191 0.00100111
 0.65197 0.282975 0.0556712 0.00724315 0.00214064
 0.671776 0.22054 0.0875554 0.0172252 0.00290344
 0.602755 0.273087 0.0834239 0.0331197 0.00761411
 0.897152 0.063776 0.0268602 0.00820537 0.00400648
 0.713388 0.259607 0.0167462 0.00705289 0.00320656
 0.613492 0.277911 0.0983652 0.00634514 0.00388731
 0.784117 0.134208 0.0587269 0.0207861 0.00216228
 0.60916 0.309652 0.0504721 0.0220857 0.00863031
 0.0305711 0.600849 0.292016 0.0475975 0.0289666
pobs_pel_tallas
 0 0 0 0 0 0 0 0 0 0 0 0 0 0 0 0 0 0 0 0 0 0 0 0 0 0 0 0 0 0 0 0 0 0 0 0
 0 0 0 0 0 0 0 0 0 0 0 0 0 0 0 0 0 0 0 0 0 0 0 0 0 0 0 0 0 0 0 0 0 0 0 0
 0 0 0 0 0 0 0 0 0 0 0 0 0 0 0 0 0 0 0 0 0 0 0 0 0 0 0 0 0 0 0 0 0 0 0 0
 0 0 0 0 0 0 0 0 0 0 0 0 0 0 0 0 0 0 0 0 0 0 0 0 0 0 0 0 0 0 0 0 0 0 0 0
 0 0 0 0 0 0 0 0 0 0 0 0 0 0 0 0 0 0 0 0 0 0 0 0 0 0 0 0 0 0 0 0 0 0 0 0
 0 0 0 0 0 0 0 0 0 0 0 0 0 0 0 0 0 0 0 0 0 0 0 0 0 0 0 0 0 0 0 0 0 0 0 0
 0 0 0 0 0 0 0 0 0 0 0 0 0 0 0 0 0 0 0 0 0 0 0 0 0 0 0 0 0 0 0 0 0 0 0 0
 0 0 0 0 0 0 0 0 0 0 0 0 0 0 0 0 0 0 0 0 0 0 0 0 0 0 0 0 0 0 0 0 0 0 0 0
 0 0 0 0 0 0 0 0 0 0 0 0 0 0 0 0 0 0 0 0 0 0 0 0 0 0 0 0 0 0 0 0 0 0 0 0
 0 0 0 0 0 0 0 0 0 0 0 0 0 0 0 0 0 0 0 0 0 0 0 0 0 0 0 0 0 0 0 0 0 0 0 0
 0 0 0 0 0 0 0 0 1.78061e-05 0.00172719 0.00360574 0.0105946 0.0120993 0.0124554 0.0147524 0.0171206 0.0266825 0.0428682 0.0675386 0.121331 0.153587 0.119568 0.100827 0.0573624 0.0630603 0.0341343 0.0324427 0.0444173 0.0211091 0.0280891 0.0125444 0.00206551 0 0 0 0
 0 0 0 0 0 0 0 0 0 0 0 0 0 0 0 0 0 0 0 0 0 0 0 0 0 0 0 0 0 0 0 0 0 0 0 0
 0 0 0 0 0 0 0.0133647 0.0140871 0.0187388 0.0205184 0.03894 0.0496705 0.03968 0.0493445 0.0407372 0.0367815 0.0215668 0.0243155 0.0234873 0.0199281 0.019796 0.0243948 0.0301388 0.0376714 0.0412746 0.0863199 0.0771752 0.113111 0.0741005 0.0525337 0.0229764 0.00759418 0.00175318 0 0 0
 0 0 0 0 0 0 0 0 0 0 0.00219441 0.00772107 0.0458388 0.0604681 0.0671733 0.0775358 0.0609151 0.0617685 0.073594 0.0568108 0.0755445 0.0548602 0.0670107 0.0636378 0.0643287 0.046367 0.0373049 0.0286899 0.0247887 0.0153202 0.00654259 0.00121912 0.000365735 0 0 0
 0 0 0 0 0 0 0 0 0 0 0 0 0.000112435 0.00938835 0.0111873 0.0202946 0.0414886 0.0713402 0.111592 0.104902 0.108894 0.110636 0.117776 0.105296 0.107544 0.0401394 0.0192827 0.0124803 0.00416011 0.0028671 0.000618394 0 0 0 0 0
 0 0 0 0 0 0 0 0 0 0 0.00291406 0.0102884 0.027416 0.0768956 0.0749926 0.110853 0.0956884 0.0897413 0.0766577 0.0534642 0.0500743 0.0551293 0.0594112 0.0620874 0.0668451 0.0424026 0.0208742 0.0120726 0.0048766 0.00582813 0.00118941 0.000297354 0 0 0 0
 0 0.00264628 0.0354308 0.0461629 0.0458689 0.0383711 0.0214643 0.0164657 0.0346957 0.0420465 0.0363128 0.0245516 0.0311673 0.0291091 0.0169068 0.0133784 0.00837989 0.0085269 0.0148486 0.0160247 0.0276389 0.0546898 0.0760071 0.122758 0.109233 0.0665981 0.0333725 0.0166128 0.00676272 0.00308733 0.000882094 0 0 0 0 0
 0 0 0 0 0 0 0 0.000805153 0.000690131 0.00759144 0.0133425 0.0154129 0.00931677 0.000345066 0.00356568 0.00563607 0.00851162 0.0253048 0.0502646 0.0516448 0.0657925 0.0565908 0.0611916 0.0827007 0.0866115 0.110766 0.145733 0.0935128 0.0569358 0.0249597 0.0138026 0.00621118 0.00161031 0.00115022 0 0
 0 0 0 0 0 0 0 0 0 0 0 0 0 0 0 0 0 0 0 0 0 0 0 0 0 0 0 0 0 0 0 0 0 0 0 0
 0.00147267 0.00158595 0.00478618 0.00569244 0.00954404 0.0108468 0.00647125 0.017049 0.0510054 0.094081 0.124002 0.0959785 0.0687766 0.0820023 0.061753 0.0591476 0.0492212 0.0479892 0.0443925 0.0268479 0.0217502 0.0140895 0.0121071 0.0120363 0.00920419 0.00665534 0.0049561 0.00860946 0.00930331 0.0156896 0.0114698 0.00855282 0.00243557 0.00046729 0 2.83206e-05
 0 0 0 0 0.000772559 0.00158375 0.000888443 0.00281984 0.00712685 0.0440552 0.0773331 0.111326 0.0921469 0.0852325 0.0710754 0.0886704 0.0786465 0.0553345 0.0373146 0.0185414 0.00753245 0.00457741 0.012979 0.0271748 0.0457355 0.0583668 0.034881 0.0177882 0.00938659 0.00492506 0.0015258 0.00185414 0.000309023 5.79419e-05 3.86279e-05 0
 0 0.00173294 0.00326652 0 0.00397197 0.00683976 0.00946217 0.0152591 0.00757587 0.0136028 0.0228656 0.0392903 0.0559909 0.0764795 0.0681675 0.0726916 0.0566044 0.0477403 0.0527397 0.0444891 0.0609904 0.0582453 0.0661739 0.0445044 0.0529084 0.0360697 0.0280645 0.0235558 0.0158879 0.00826598 0.00280645 0.00217768 0.000904811 0.00058276 9.20147e-05 0
 0 0 0 0 0 0 0 0 0 0 0 0 0 0 0 0 0 0 0 0 0 0 0 0 0 0 0 0 0 0 0 0 0 0 0 0
 0 0 0 0 0 0 0 0 0 0 0 0 0 0 0 0 0 0 0 0 0 0 0 0 0 0 0 0 0 0 0 0 0 0 0 0
 0 0 0 0 0 0 0 0 0 0 0 0 0 0 0 0 0 0 0 0 0 0 0 0 0 0 0 0 0 0 0 0 0 0 0 0
ppred_pel_tallas
 1.05883e-16 1.78711e-06 1.03948e-05 4.92163e-05 0.000189157 0.00058957 0.00148989 0.00305353 0.00508072 0.00688126 0.00764114 0.00710404 0.00588012 0.00503775 0.00545268 0.00754115 0.0114127 0.0170726 0.0244473 0.0332836 0.0430566 0.0529654 0.0620347 0.069294 0.0739811 0.075701 0.0744928 0.070778 0.0652236 0.0585667 0.0514638 0.0444033 0.0376901 0.0314813 0.0258441 0.0208048
 1.18423e-16 5.45666e-06 3.19911e-05 0.000152004 0.000585116 0.00182449 0.00460851 0.00943021 0.0156342 0.0210045 0.0228786 0.0202325 0.0145984 0.00875926 0.00471861 0.00292468 0.00288802 0.00404561 0.00613354 0.00914425 0.0131748 0.0183133 0.0245732 0.0318516 0.0399053 0.0483442 0.0566491 0.0642154 0.0704216 0.0747123 0.0766812 0.0761361 0.0731333 0.0679665 0.0611219 0.0532001
 1.31129e-16 2.48569e-06 1.45465e-05 6.90652e-05 0.00026577 0.000828628 0.00209312 0.00428395 0.00710577 0.00955712 0.0104378 0.00929676 0.00685212 0.00440091 0.00289943 0.0026101 0.0033764 0.00500547 0.00742514 0.0106534 0.0147248 0.0196436 0.025369 0.0318159 0.0388591 0.0463293 0.054002 0.0615807 0.0686873 0.0748733 0.0796575 0.0825907 0.0833318 0.0817154 0.0777953 0.0718467
 1.19283e-16 2.23289e-05 0.000131051 0.000622955 0.00239841 0.00747921 0.0188918 0.0386545 0.0640722 0.0860415 0.0936152 0.0825397 0.0590072 0.0342829 0.0163564 0.0067417 0.00299685 0.00227162 0.00286454 0.00410804 0.00583973 0.00805947 0.0107925 0.0140464 0.0177948 0.0219667 0.0264363 0.0310175 0.0354665 0.0394965 0.0428051 0.045112 0.0461999 0.0459496 0.0443612 0.0415575
 1.01133e-16 4.12227e-05 0.000241972 0.00115029 0.00442876 0.0138108 0.0348847 0.0713772 0.11831 0.158869 0.172835 0.152342 0.10881 0.063015 0.0296707 0.0115154 0.0039617 0.0016459 0.00130545 0.00157188 0.00200384 0.00246794 0.0029045 0.00327088 0.00353735 0.00369152 0.00373992 0.00370399 0.00361227 0.00349144 0.00335937 0.00322235 0.00307663 0.00291283 0.0027214 0.00249711
 1.01048e-16 1.94051e-05 0.000113838 0.00054102 0.00208276 0.00649473 0.0164057 0.0335715 0.055661 0.074789 0.0814851 0.0721129 0.0521381 0.0314712 0.0172204 0.0108963 0.0105589 0.0138323 0.0191787 0.0257288 0.0327932 0.0396033 0.0453082 0.0491152 0.0504675 0.0491817 0.0454937 0.0399932 0.0334746 0.0267514 0.0204967 0.0151478 0.0108901 0.00770064 0.00542528 0.00385564
 1.00967e-16 3.85946e-05 0.00022654 0.00107691 0.00414625 0.0129298 0.0326594 0.0668242 0.110764 0.14874 0.161823 0.142654 0.101932 0.0591148 0.0279923 0.0111445 0.00429461 0.00243734 0.00252785 0.00328296 0.00427229 0.00533776 0.00637722 0.00729781 0.00802044 0.00849176 0.0086911 0.00862867 0.00833727 0.00786107 0.0072459 0.00653369 0.00576138 0.00496217 0.00416719 0.00340578
 1.00415e-16 3.74219e-05 0.000219649 0.00104414 0.00402003 0.0125361 0.0316652 0.0647907 0.107395 0.144222 0.156924 0.138375 0.0989582 0.0575605 0.0275746 0.0115297 0.00530401 0.00405687 0.00482479 0.00631919 0.008042 0.00972991 0.0111632 0.0121475 0.0125462 0.0123116 0.0114965 0.010238 0.00872235 0.00714073 0.00565155 0.00435811 0.00330501 0.00248892 0.00187677 0.00142374
 1.00384e-16 3.65602e-05 0.000214589 0.00102008 0.00392739 0.0122472 0.0309355 0.0632977 0.104921 0.140901 0.153315 0.135203 0.0967127 0.0563006 0.027058 0.0114641 0.00550047 0.00444454 0.00540238 0.00710877 0.00906169 0.01098 0.0126199 0.0137627 0.0142525 0.0140314 0.0131526 0.0117642 0.0100702 0.0082823 0.00657844 0.0050778 0.00383615 0.00285694 0.00211022 0.00155166
 1.00292e-16 3.88602e-05 0.000228096 0.0010843 0.00417469 0.0130184 0.0328834 0.0672829 0.111525 0.149765 0.162946 0.143663 0.102693 0.0596384 0.0283928 0.0115666 0.00486358 0.00324652 0.00363893 0.00472033 0.0060102 0.00728819 0.00838724 0.00916193 0.00950857 0.00938769 0.00883269 0.00793911 0.00683938 0.00567143 0.00455137 0.00355741 0.00272683 0.00206314 0.0015484 0.00115544
 1.01307e-16 1.58426e-05 9.29187e-05 0.000441556 0.00169979 0.00530043 0.013389 0.0273996 0.0454325 0.0610588 0.0665607 0.0589887 0.042831 0.0262167 0.0150024 0.0104872 0.0111544 0.0151131 0.0211157 0.0283984 0.0362718 0.043916 0.0504065 0.0548726 0.0566924 0.0556422 0.0519487 0.0462217 0.039296 0.0320355 0.0251629 0.0191587 0.0142427 0.0104193 0.00755528 0.00545897
 1.07009e-16 1.3965e-05 8.19224e-05 0.000389339 0.00149884 0.00467384 0.0118059 0.0241583 0.0400519 0.0538093 0.0586099 0.0518286 0.0373862 0.0223987 0.0119639 0.00715726 0.00658842 0.00858737 0.0121371 0.0167615 0.022168 0.028034 0.0339567 0.0394919 0.0442245 0.0478317 0.0501216 0.0510335 0.0506133 0.0489766 0.0462778 0.0426947 0.0384264 0.0336946 0.0287408 0.0238118
 1.03107e-16 3.62346e-05 0.000212685 0.00101104 0.00389264 0.0121389 0.0306617 0.0627369 0.103989 0.139643 0.151928 0.133937 0.0957135 0.0555308 0.0263379 0.0105622 0.00419513 0.00254506 0.00276106 0.0036457 0.00480109 0.00608338 0.00739937 0.00866235 0.00979573 0.0107429 0.011472 0.0119725 0.0122465 0.0122994 0.0121339 0.0117503 0.0111519 0.010352 0.00937931 0.00827877
 1.01405e-16 3.16816e-05 0.000185939 0.000883855 0.00340287 0.0106115 0.0268039 0.0548448 0.0909132 0.1221 0.132883 0.117247 0.0840057 0.0491793 0.0241525 0.0111218 0.00665377 0.00668954 0.00872342 0.0116138 0.0148261 0.0179694 0.0206604 0.0225477 0.0233822 0.0230761 0.0217225 0.0195669 0.0169425 0.0141895 0.0115875 0.00931555 0.00744688 0.00597008 0.00482294 0.00392585
 1.00803e-16 3.57608e-05 0.000209896 0.000997769 0.00384149 0.0119794 0.0302589 0.0619133 0.102627 0.13782 0.149963 0.132248 0.0946024 0.0550789 0.0264841 0.0112451 0.00543442 0.00443642 0.00542506 0.00716772 0.00917799 0.0111843 0.0129492 0.0142566 0.014947 0.0149528 0.0143111 0.0131493 0.0116495 0.010004 0.00837653 0.0068803 0.00557341 0.00446914 0.00355277 0.00279773
 1.00626e-16 3.46889e-05 0.000203599 0.000967826 0.0037262 0.0116198 0.0293507 0.0600553 0.099548 0.133689 0.145477 0.128315 0.0918365 0.0535651 0.0259366 0.0113217 0.00592604 0.00528202 0.00664548 0.00880019 0.0112338 0.0136253 0.0156794 0.0171271 0.0177757 0.0175524 0.0165206 0.0148598 0.012818 0.0106525 0.00857928 0.0067426 0.00520988 0.00398541 0.00303384 0.00230329
 1.01232e-16 2.84532e-05 0.00016698 0.000793712 0.00305578 0.0095291 0.0240699 0.0492513 0.0816434 0.109657 0.11936 0.10536 0.075584 0.0444426 0.0221874 0.0108268 0.00731316 0.00802912 0.0107312 0.0143692 0.0184001 0.0223748 0.0258291 0.0283277 0.0295526 0.0293752 0.0278839 0.0253521 0.0221649 0.0187259 0.0153772 0.0123517 0.00976517 0.00763656 0.0059242 0.00456041
 1.02043e-16 2.93143e-05 0.000172042 0.000817787 0.00314849 0.00981824 0.0248002 0.050745 0.0841176 0.112974 0.122955 0.108495 0.0777522 0.0455539 0.0224402 0.0104534 0.006429 0.00662676 0.00874459 0.0117417 0.015135 0.0185671 0.0216769 0.0241192 0.0256292 0.0260779 0.0254941 0.0240446 0.0219826 0.0195817 0.0170807 0.0146511 0.0123918 0.010344 0.00851423 0.00689494
 1.02768e-16 2.63068e-05 0.00015438 0.000733811 0.00282514 0.00880988 0.0222532 0.0455341 0.0754821 0.101383 0.110358 0.0974234 0.0699123 0.0411516 0.0206274 0.0102062 0.00708286 0.00792587 0.010673 0.0143621 0.0184943 0.0226505 0.0263901 0.0292923 0.031039 0.031483 0.0306747 0.0288345 0.0262862 0.0233736 0.0203899 0.0175374 0.0149227 0.0125777 0.0104912 0.00863797
 1.00872e-16 3.91353e-05 0.000229714 0.001092 0.00420434 0.0131109 0.0331169 0.0677605 0.112316 0.150824 0.164092 0.144658 0.10337 0.0599612 0.028416 0.011351 0.00442959 0.00257377 0.00269015 0.0034677 0.00445663 0.00548167 0.00642615 0.00718897 0.00769292 0.00789893 0.00781221 0.00747645 0.00695926 0.00633382 0.00566349 0.00499321 0.00434875 0.0037413 0.00317428 0.00264907
 1.00715e-16 3.11302e-05 0.000182699 0.000868448 0.00334354 0.0104265 0.0263366 0.0538888 0.0893294 0.119975 0.130578 0.115231 0.0825973 0.0484286 0.023921 0.0112457 0.00704065 0.00732552 0.00963625 0.0128355 0.0163665 0.0198002 0.0227077 0.024695 0.0254834 0.0249758 0.0232798 0.0206763 0.017547 0.0142847 0.0112155 0.00855327 0.00639171 0.0047258 0.00348845 0.00258728
 1.01887e-16 2.67753e-05 0.000157129 0.000746882 0.00287547 0.00896681 0.0226496 0.0463452 0.0768266 0.103189 0.112324 0.0991584 0.0711569 0.0418832 0.0209921 0.0103832 0.00720028 0.00805157 0.0108363 0.0145724 0.0187487 0.0229338 0.0266741 0.0295354 0.031189 0.0314823 0.0304668 0.0283722 0.0255385 0.0223313 0.0190681 0.0159754 0.0131803 0.0107291 0.0086169 0.00681643
 1.01693e-16 3.42094e-05 0.000200788 0.000954468 0.00367478 0.0114595 0.0289457 0.0592263 0.0981728 0.131839 0.143457 0.126514 0.0905069 0.0527083 0.0253712 0.0108215 0.00530768 0.00442163 0.00546833 0.00727763 0.00939264 0.0115598 0.0135542 0.0151652 0.0162294 0.0166628 0.016475 0.0157564 0.0146486 0.013306 0.0118632 0.0104171 0.00902527 0.00771457 0.00649544 0.00537319
 1.0198e-16 2.65875e-05 0.000156025 0.000741623 0.00285521 0.00890364 0.0224901 0.046019 0.0762868 0.102466 0.111544 0.0984866 0.0707104 0.0416916 0.0210267 0.0106128 0.00762301 0.00869222 0.0117265 0.0157279 0.0201507 0.0245169 0.0283242 0.031101 0.0325033 0.032394 0.0308711 0.0282326 0.0248949 0.0212907 0.0177822 0.0146107 0.0118892 0.0096275 0.00777311 0.00625062
 1.0733e-16 1.37067e-06 7.95161e-06 3.76046e-05 0.000144456 0.000450175 0.00113777 0.00233295 0.00388591 0.00527553 0.00589082 0.00555309 0.00475454 0.00434993 0.00506133 0.00727147 0.0111309 0.0166965 0.0239303 0.0326035 0.0422146 0.0519916 0.0609909 0.0682729 0.0730978 0.07508 0.0742507 0.0710077 0.0659811 0.059864 0.053268 0.0466415 0.0402586 0.034257 0.028697 0.0236106
pSPR Fmed_Fpbrs
0.51639   0.352282 0.352282
Fs Fmed_Fpbrs
0.504881   1.005 1.005
SSBpbr Bo_Bmed_Bpbrs
1.01015e+06  471123  305350 305350
Ro
18033.7
SPR SPRFo_SPRFmed_SPRFpbrs
370825 191490 130635
log_Ro
9.62
likeval ReclasPelacesDesembMPH_pf_preclas_ppelaces_ptallas_desvR_qrecl_qpela
 94.9858 97.2841 0.137008 0.000545526 395.91 201.322 86.455 0 64.4393 4.40873e-06 0 0 0 0 0
q_reclas_q_pelaces
0.742646 1
M
0.7
N
 3682.62 60860.5 29997.6 3938.57 0.119056
 5516.6 1802.93 27294.4 13453.1 1766.4
 721.77 2667.79 740.285 11207.1 6249.15
 3992.65 321.857 612.375 169.928 4006.98
 55599.6 1872.07 105.89 201.469 1374.19
 13248.6 27104 814.171 46.0517 685.257
 55020.6 5912.39 6255.46 187.906 168.782
 71977.4 24501.2 1343.75 1421.72 81.0669
 83732 30399.7 3809.54 208.931 233.658
 231369 35837.5 5199.4 651.563 75.698
 46435.2 106532 10350.4 1501.66 210.043
 18299 21439.2 31376.8 3048.49 504.147
 57392.3 8453.81 6342.26 9282.07 1050.96
 23189.4 24550 1439.97 1080.3 1760.07
 14649.5 9123.99 2296.16 134.681 265.66
 14644.9 5644.49 734.381 184.816 32.2231
 9722.34 6521.66 1283.04 166.931 49.3349
 9503.92 4434.61 1760.56 346.365 58.3823
 6809.43 4406.45 1346.1 534.409 122.859
 27611.8 3154.14 1328.41 405.809 198.146
 29994.1 12499 806.258 339.567 154.382
 27041.4 14505.8 5134.25 331.19 202.902
 59799.5 12992.5 5685.27 2012.28 209.327
 44782.9 28344.4 4620.03 2021.64 789.987
 833.331 21306.8 10355.2 1687.86 1027.19
pred_Ctot
 37.397 4265.53 2102.44 276.043 0.00834426
 103.96 226.984 3436.28 1693.71 222.385
 53.2818 1077.75 299.064 4527.5 2524.57
 160.731 79.9812 152.175 42.227 995.731
 733.478 168.516 9.53175 18.1354 123.698
 971.461 10895.1 327.276 18.5116 275.456
 4111.47 2410.12 2549.96 76.5977 68.802
 7810.71 12909.6 708.014 749.096 42.7137
 8388.14 15210.9 1906.15 104.541 116.914
 12164.2 11122.1 1613.63 202.211 23.4927
 2355.85 32117 3120.41 452.718 63.3234
 920.827 6420.41 9396.45 912.936 150.978
 5770.18 4239.99 3180.95 4655.4 527.108
 3510.21 15679.5 919.677 689.964 1124.11
 2395.68 6058.82 1524.78 89.4354 176.413
 1094.17 2300.62 299.324 75.3285 13.1337
 572.483 2216.02 435.97 56.7223 16.7637
 455.181 1275.13 506.234 99.5941 16.7873
 330.536 1281.14 391.369 155.376 35.7203
 1765.59 1143.02 481.399 147.06 71.8056
 563.993 1570.36 101.298 42.663 19.3965
 632.505 2228.68 788.831 50.8843 31.174
 1962.05 2704.26 1183.34 418.837 43.5696
 1352.66 5483.54 893.796 391.109 152.832
 30.0895 4821.69 2343.37 381.96 232.451
F
 0.0142095 0.101905 0.101905 0.101905 0.101905
 0.0265122 0.190135 0.190135 0.190135 0.190135
 0.107599 0.771659 0.771659 0.771659 0.771659
 0.0574083 0.41171 0.41171 0.41171 0.41171
 0.0184941 0.132632 0.132632 0.132632 0.132632
 0.106842 0.766227 0.766227 0.766227 0.766227
 0.108984 0.781588 0.781588 0.781588 0.781588
 0.161918 1.16121 1.16121 1.16121 1.16121
 0.148627 1.06589 1.06589 1.06589 1.06589
 0.0755722 0.541973 0.541973 0.541973 0.541973
 0.0728393 0.522375 0.522375 0.522375 0.522375
 0.0722272 0.517984 0.517984 0.517984 0.517984
 0.149199 1.06999 1.06999 1.06999 1.06999
 0.232789 1.66947 1.66947 1.66947 1.66947
 0.253728 1.81963 1.81963 1.81963 1.81963
 0.108964 0.781446 0.781446 0.781446 0.781446
 0.0849876 0.609497 0.609497 0.609497 0.609497
 0.0686356 0.492227 0.492227 0.492227 0.492227
 0.0695918 0.499084 0.499084 0.499084 0.499084
 0.092597 0.664069 0.664069 0.664069 0.664069
 0.0264532 0.189712 0.189712 0.189712 0.189712
 0.0330007 0.236668 0.236668 0.236668 0.236668
 0.046568 0.333967 0.333967 0.333967 0.333967
 0.0427993 0.306939 0.306939 0.306939 0.306939
 0.0513552 0.368299 0.368299 0.368299 0.368299
YTP_r0W_actual
 337.003 106077 77331.1 15698.6 9948.9
YTP_p0W_proyectada
 17976.4 4057.31 110162 69841.4 17475
 17976.4 99387.7 1075.24 26121.6 17140.9
CTP_r0_actual
 30.0895 4821.69 2343.37 381.96 232.451
CTP_p0_proyectada
 2114.87 189.594 3530.84 1716.01 375.806
 2114.87 4644.29 34.4629 641.809 368.621
Wmedp
 8.5 21.4 31.2 40.7 46.5
nmprior
 10.6 11 7 0
nm_flota  nm_reclas  nm_pelaces    nm_pelaL
inf 21.8609 17.7022 41.9213
cv_recla  cv_pelaces  cv_mph
0.881565 1.11839 0.757785
 ------------------------------------------------
Talla a la edad & desviaci?n 
 7.2 14.2025 17.0495 18.207 18.6776
 1.08 2.13037 2.55742 2.73105 2.80164
