years
 1997 1998 1999 2000 2001 2002 2003 2004 2005 2006 2007 2008 2009 2010 2011 2012 2013 2014 2015 2016 2017 2018 2019 2020 2021
reclasobs
 0 0 0 370054 412103 1.49427e+06 250295 1.28982e+06 931140 785840 897777 1.04006e+06 184774 17550 25797 100020 73551 82996 120727 218422 84188 347160 605670 569463 516374
reclaspred
 1.07771e+06 212356 427116 183967 293286 363340 784688 607451 698101 874378 830623 563890 335943 134683 74567.6 73175.9 85333.8 107222 114354 142849 225268 224968 374568 429730 438196
pelacesobs
 0 0 0 0 0 0 0 0 0 2.06254e+06 1.5e+06 0 1.87456e+06 323000 250000 174000 83755 137374 0 501740 490994 745055 786931 1.00524e+06 1.33801e+06
pelacespred
 2.80175e+06 688767 554711 479516 795856 591162 2.20435e+06 1.66176e+06 1.89864e+06 2.40977e+06 1.73343e+06 1.22902e+06 829035 267213 162023 152684 181018 233842 232078 301977 575502 487148 639511 887937 758284
mphobs
 0 0 0 0 0 112323 0 153150 637223 0 255016 313432 73983 77613 109348 50772 0 0 0 0 0 0 0 0 0
mphpred
 358583 164751 144575 87977.8 83195.7 162722 204037 299538 274660 321016 408137 266235 163742 91873.1 40434.4 31135.2 33160.6 39653.6 46399.4 50303.3 74802.3 95942.5 116501 158220 187908
desembarqueobs
 350755 77701 442110 56441 14545 235359 269955 359681 431902 328805 639364 411747 362871 311530 167758 66681 60226 58785 57116 73181 50977 67692 138656 160484 209506
desembarquepred
 350737 77675.6 441763 56432.9 14544.6 235345 269956 359370 431664 328647 638589 411351 362479 311183 167338 66626.5 60213.7 58729.4 57061.8 73137.3 50968.9 67649.6 138604 160434 209440
Reclutas
 26215.2 42019.8 9477.52 14919.8 41857.5 23308.1 63583.9 62902.6 81711.3 123313 59198.9 46946.3 54279.6 28061.5 13593.7 11574.6 7964.3 8777.14 9441.63 13788.9 18954.7 23559.1 37060.2 37805.9 8806.83
log_desv_Rt
 0.014095 0.485896 -1.00332 -0.549556 0.482027 -0.103444 0.900115 0.889343 1.15095 1.56248 0.828659 0.59676 0.741903 0.0821543 -0.642637 -0.80343 -1.17728 -1.08009 -1.00712 -0.628383 -0.310193 -0.0927331 0.360298 0.380221 -1.07672
SSB
 623158 286311 251247 152891 144580 282784 354582 520547 477314 557873 709274 462673 284557 159660 70268.2 54107.8 57627.6 68911.3 80634.4 87418.8 129994 166732 202459 274960 326553
BT
 1.46073e+06 418553 463256 260809 356890 422296 1.1823e+06 1.10405e+06 1.23196e+06 1.36242e+06 1.28721e+06 894436 713573 400807 206427 120661 125458 147927 144443 187148 288475 261424 359118 499244 464674
Ftot
 0.473573 0.619945 1.27786 0.492756 0.0984661 0.854029 0.660293 0.980875 1.08967 0.688967 1.06225 1.08377 1.795 3.04345 3.22846 1.41046 1.09479 0.88355 0.7457 0.836949 0.372442 0.453715 0.558854 0.568111 0.621643
BD_Bspro_t
 0.93611 0.671661 0.540147 0.265092 0.368794 0.5868 0.493516 0.545889 0.482326 0.474403 0.498611 0.327793 0.232959 0.161029 0.0872248 0.0826604 0.119376 0.189069 0.260891 0.329779 0.452603 0.579705 0.586601 0.585712 0.554954
BD_Bspro
 1.17242 0.53867 0.4727 0.287652 0.272016 0.532035 0.667118 0.979367 0.898028 1.04959 1.33444 0.870481 0.53537 0.300388 0.132204 0.101799 0.108422 0.129651 0.151707 0.164471 0.244573 0.313693 0.38091 0.517314 0.614383
BD_Bo
 0.815861 0.374849 0.328942 0.20017 0.18929 0.370231 0.464232 0.68152 0.624918 0.730388 0.928608 0.605748 0.372552 0.209033 0.0919978 0.07084 0.0754482 0.0902212 0.10557 0.114452 0.170193 0.218292 0.265067 0.359987 0.427535
BD_Brms
 2.67131 1.22734 1.07703 0.655403 0.619778 1.21222 1.52 2.23145 2.04612 2.39146 3.04047 1.98336 1.21982 0.684422 0.301222 0.231946 0.247035 0.295405 0.345659 0.374742 0.557251 0.714738 0.867888 1.17868 1.39985
S_f
 0.129651 1 1 1 1
 0.129651 1 1 1 1
 0.129651 1 1 1 1
 0.129651 1 1 1 1
 0.129651 1 1 1 1
 0.129651 1 1 1 1
 0.129651 1 1 1 1
 0.129651 1 1 1 1
 0.129651 1 1 1 1
 0.129651 1 1 1 1
 0.129651 1 1 1 1
 0.129651 1 1 1 1
 0.129651 1 1 1 1
 0.129651 1 1 1 1
 0.129651 1 1 1 1
 0.129651 1 1 1 1
 0.129651 1 1 1 1
 0.129651 1 1 1 1
 0.129651 1 1 1 1
 0.129651 1 1 1 1
 0.129651 1 1 1 1
 0.129651 1 1 1 1
 0.129651 1 1 1 1
 0.129651 1 1 1 1
 0.129651 1 1 1 1
Scru_reclas
 0.379871 0.755072 0.939448 0.987355 0.997462
 0.379871 0.755072 0.939448 0.987355 0.997462
 0.379871 0.755072 0.939448 0.987355 0.997462
 0.379871 0.755072 0.939448 0.987355 0.997462
 0.379871 0.755072 0.939448 0.987355 0.997462
 0.379871 0.755072 0.939448 0.987355 0.997462
 0.379871 0.755072 0.939448 0.987355 0.997462
 0.379871 0.755072 0.939448 0.987355 0.997462
 0.379871 0.755072 0.939448 0.987355 0.997462
 0.379871 0.755072 0.939448 0.987355 0.997462
 0.379871 0.755072 0.939448 0.987355 0.997462
 0.379871 0.755072 0.939448 0.987355 0.997462
 0.379871 0.755072 0.939448 0.987355 0.997462
 0.379871 0.755072 0.939448 0.987355 0.997462
 0.379871 0.755072 0.939448 0.987355 0.997462
 0.379871 0.755072 0.939448 0.987355 0.997462
 0.379871 0.755072 0.939448 0.987355 0.997462
 0.379871 0.755072 0.939448 0.987355 0.997462
 0.379871 0.755072 0.939448 0.987355 0.997462
 0.379871 0.755072 0.939448 0.987355 0.997462
 0.379871 0.755072 0.939448 0.987355 0.997462
 0.379871 0.755072 0.939448 0.987355 0.997462
 0.379871 0.755072 0.939448 0.987355 0.997462
 0.379871 0.755072 0.939448 0.987355 0.997462
 0.379871 0.755072 0.939448 0.987355 0.997462
Scru_pelaces
 0.816025 1 1 1 1
 0.816025 1 1 1 1
 0.816025 1 1 1 1
 0.816025 1 1 1 1
 0.816025 1 1 1 1
 0.816025 1 1 1 1
 0.816025 1 1 1 1
 0.816025 1 1 1 1
 0.816025 1 1 1 1
 0.816025 1 1 1 1
 0.816025 1 1 1 1
 0.816025 1 1 1 1
 0.816025 1 1 1 1
 0.816025 1 1 1 1
 0.816025 1 1 1 1
 0.816025 1 1 1 1
 0.816025 1 1 1 1
 0.816025 1 1 1 1
 0.816025 1 1 1 1
 0.816025 1 1 1 1
 0.816025 1 1 1 1
 0.816025 1 1 1 1
 0.816025 1 1 1 1
 0.816025 1 1 1 1
 0.816025 1 1 1 1
pf_obs 
 0.256992 0.487395 0.22802 0.0275931 0
 0.321318 0.546541 0.124235 0.00734118 0.000564706
 0.182869 0.594174 0.210203 0.0122559 0.00049798
 0.330522 0.361315 0.267642 0.0388342 0.00168674
 0.649043 0.306663 0.0425973 0.00169635 0
 0.582887 0.30429 0.105238 0.00758474 0
 0.465427 0.430635 0.0974691 0.00646863 0
 0.296916 0.608066 0.0921331 0.00288517 0
 0.311714 0.524322 0.152257 0.0117073 0
 0.15457 0.633149 0.183074 0.0267441 0.00246327
 0.131901 0.49318 0.331252 0.0422183 0.00144891
 0.196976 0.569456 0.194076 0.0375587 0.00193317
 0.518974 0.381816 0.0799577 0.0180837 0.00116848
 0.0928022 0.601141 0.25162 0.0475244 0.00691264
 0.122501 0.610282 0.24278 0.0234846 0.000952079
 0.383417 0.481906 0.127806 0.00687128 0
 0.0376549 0.599619 0.316969 0.0457579 0
 0.0361596 0.667082 0.258105 0.0386534 0
 0.158088 0.579412 0.248529 0.0139706 0
 0.0477256 0.309471 0.559284 0.082774 0.000745712
 0.0406174 0.521527 0.379366 0.0568643 0.0016247
 0.151134 0.462217 0.34131 0.0453401 0
 0.294876 0.26143 0.354403 0.0886775 0.000613685
 0.281977 0.475581 0.204845 0.0348837 0.00271318
 0.0841818 0.532909 0.334909 0.0458182 0.00218182
pf_pred 
 0.150851 0.580189 0.238452 0.0305014 6.35317e-06
 0.261079 0.46922 0.184276 0.0757357 0.00968969
 0.0717799 0.732326 0.124394 0.0488532 0.022647
 0.239234 0.411939 0.275209 0.0467476 0.0268699
 0.380204 0.469021 0.0816414 0.0545433 0.0145901
 0.141986 0.714175 0.108849 0.018947 0.0160442
 0.401522 0.398181 0.166719 0.0254099 0.00816845
 0.257864 0.652218 0.0598241 0.0250484 0.00504493
 0.313844 0.560921 0.110062 0.0100953 0.00507825
 0.333682 0.574655 0.0749333 0.0147031 0.00202703
 0.143149 0.724996 0.113717 0.0148283 0.00331068
 0.192704 0.559241 0.209884 0.0329206 0.00525118
 0.319792 0.520565 0.11059 0.0415046 0.00754849
 0.264798 0.667008 0.052189 0.0110872 0.0049178
 0.299363 0.661391 0.0356056 0.00278591 0.000854364
 0.340439 0.631723 0.026279 0.00141471 0.000144639
 0.219276 0.698703 0.0785593 0.00326798 0.000193917
 0.264149 0.584466 0.135481 0.0152329 0.000671274
 0.250549 0.610231 0.110578 0.0256323 0.00300899
 0.30849 0.546994 0.11767 0.0213227 0.00552287
 0.278693 0.606978 0.0904359 0.0194548 0.00443844
 0.239322 0.59497 0.139443 0.0207761 0.00548905
 0.286607 0.53722 0.137795 0.032295 0.00608302
 0.220602 0.627021 0.114747 0.0294322 0.0081973
 0.0574728 0.701676 0.193764 0.0354593 0.0116283
pobs_RECLAS
 0 0 0 0 0
 0 0 0 0 0
 0 0 0 0 0
 0 0 0 0 0
 0.835266 0.146461 0.0176864 0.000547809 3.91292e-05
 0.385257 0.428462 0.181853 0.0044286 0
 0.867414 0.0963971 0.0333333 0.00285562 0
 0.441836 0.489002 0.0689373 0.000224442 0
 0.779404 0.147425 0.0564933 0.0165055 0.000172143
 0.814271 0.122319 0.05973 0.00367925 0
 0.40263 0.566651 0.0304383 0.000280538 0
 0.475488 0.404961 0.113038 0.00651328 0
 0.955842 0.0263864 0.0167828 0.000988607 0
 0.975058 0.0227948 0.00214734 0 0
 0.738997 0.206755 0.0527124 0.00153531 0
 0.850938 0.134255 0.0134407 0.00136685 0
 0.542534 0.407297 0.0501686 0 0
 0.764087 0.199537 0.0359546 0.000420521 0
 0.470689 0.182191 0.310203 0.0369168 0
 0.84361 0.089868 0.0606195 0.00523954 0.000663233
 0.607945 0.314616 0.071237 0.00620181 0
 0.523733 0.453247 0.0230204 0 0
 0.530135 0.295979 0.169645 0.0042399 0
 0.562478 0.366248 0.0663022 0.0049721 0
 0.250443 0.683176 0.0655157 0.000865301 0
ppred_RECLAS
 0.397493 0.381308 0.194981 0.0262127 5.51575e-06
 0.567004 0.250726 0.122511 0.0529187 0.00683977
 0.243798 0.564573 0.119317 0.0492485 0.023064
 0.53031 0.227367 0.188992 0.0337396 0.0195916
 0.69167 0.218715 0.0473676 0.0332593 0.00898781
 0.397865 0.480173 0.0910543 0.0166579 0.0142502
 0.716091 0.174018 0.0906532 0.0145212 0.00471587
 0.587542 0.35116 0.0400749 0.0176351 0.00358818
 0.65236 0.271674 0.0663234 0.00639368 0.00324914
 0.664416 0.279571 0.045357 0.0093536 0.00130273
 0.407443 0.482566 0.0941738 0.0129062 0.00291103
 0.487039 0.329598 0.153904 0.025371 0.00408837
 0.679645 0.230848 0.0610172 0.0240676 0.00442201
 0.68767 0.276686 0.0269352 0.00601398 0.00269485
 0.734229 0.247414 0.0165718 0.00136276 0.000422199
 0.69658 0.287605 0.0148855 0.000842216 8.69885e-05
 0.540377 0.400936 0.0560874 0.00245215 0.000146996
 0.588067 0.311127 0.0897307 0.0106034 0.000472048
 0.567787 0.335857 0.0757205 0.0184473 0.00218771
 0.637839 0.2719 0.0727744 0.0138597 0.0036266
 0.596078 0.326547 0.0605338 0.0136862 0.00315436
 0.544015 0.337905 0.0985326 0.0154294 0.00411818
 0.604099 0.280245 0.0894344 0.0220296 0.00419192
 0.521336 0.366416 0.083429 0.0224905 0.00632807
 0.188698 0.566731 0.194714 0.0374503 0.012407
pobs_PELACES
 0 0 0 0 0
 0 0 0 0 0
 0 0 0 0 0
 0 0 0 0 0
 0 0 0 0 0
 0 0 0 0 0
 0 0 0 0 0
 0 0 0 0 0
 0 0 0 0 0
 0 0 0 0 0
 0.450072 0.473896 0.0757376 0.000293798 0
 0 0 0 0 0
 0.463077 0.371075 0.160297 0.00555027 0
 0.529543 0.364841 0.0842815 0.0213345 0
 0.631943 0.363953 0.00410389 0 0
 0.735681 0.248677 0.0153453 0.000297389 0
 0.695825 0.281241 0.0229344 0 0
 0.275771 0.60734 0.115278 0.00161068 0
 0 0 0 0 0
 0.896147 0.0623911 0.0374545 0.00400742 0
 0.803859 0.145111 0.0509908 3.86294e-05 0
 0.739449 0.233085 0.0266225 0.000797448 4.60066e-05
 0.878498 0.100942 0.0204185 0.000141795 0
 0.694673 0.275183 0.0284847 0.00165964 0
 0.469039 0.446079 0.0841089 0.000773354 0
ppred_PELACES
 0.569638 0.294049 0.120851 0.0154586 3.21988e-06
 0.735675 0.167848 0.0659186 0.0270919 0.00346616
 0.443719 0.438882 0.0745494 0.0292777 0.0135723
 0.702377 0.161157 0.107666 0.0182884 0.0105119
 0.79972 0.151559 0.0263815 0.017625 0.00471463
 0.588419 0.342583 0.0522136 0.00908871 0.00769626
 0.842968 0.104477 0.0437446 0.00666719 0.00214328
 0.759684 0.2112 0.0193721 0.00811111 0.00163364
 0.813226 0.152685 0.0299592 0.00274798 0.00138232
 0.802058 0.170712 0.0222603 0.00436783 0.000602166
 0.611221 0.328952 0.0515967 0.00672806 0.00150215
 0.693877 0.212062 0.079587 0.0124833 0.00199122
 0.859549 0.107488 0.022835 0.00856999 0.00155863
 0.897604 0.0928983 0.00726869 0.00154418 0.000684933
 0.919904 0.0756093 0.00407039 0.000318481 9.76698e-05
 0.849444 0.144202 0.00599863 0.000322933 3.30162e-05
 0.728213 0.243233 0.0273482 0.00113765 6.75066e-05
 0.758367 0.191922 0.0444881 0.00500207 0.000220428
 0.734467 0.216208 0.0391782 0.00908163 0.0010661
 0.792862 0.163849 0.0352475 0.00638707 0.00165434
 0.734947 0.223042 0.0332318 0.0071489 0.00163096
 0.699412 0.235107 0.0551021 0.00820986 0.00216905
 0.755586 0.184056 0.0472097 0.0110645 0.00208409
 0.686095 0.252535 0.0462146 0.0118539 0.00330149
 0.324621 0.502795 0.138844 0.0254088 0.00833243
pobs_pel_tallas
 0 0 0 0 0 0 0 0 0 0 0 0 0 0 0 0 0 0 0 0 0 0 0 0 0 0 0 0 0 0 0 0 0 0 0 0
 0 0 0 0 0 0 0 0 0 0 0 0 0 0 0 0 0 0 0 0 0 0 0 0 0 0 0 0 0 0 0 0 0 0 0 0
 0 0 0 0 0 0 0 0 0 0 0 0 0 0 0 0 0 0 0 0 0 0 0 0 0 0 0 0 0 0 0 0 0 0 0 0
 0 0 0 0 0 0 0 0 0 0 0 0 0 0 0 0 0 0 0 0 0 0 0 0 0 0 0 0 0 0 0 0 0 0 0 0
 0 0 0 0 0 0 0 0 0 0 0 0 0 0 0 0 0 0 0 0 0 0 0 0 0 0 0 0 0 0 0 0 0 0 0 0
 0 0 0 0 0 0 0 0 0 0 0 0 0 0 0 0 0 0 0 0 0 0 0 0 0 0 0 0 0 0 0 0 0 0 0 0
 0 0 0 0 0 0 0 0 0 0 0 0 0 0 0 0 0 0 0 0 0 0 0 0 0 0 0 0 0 0 0 0 0 0 0 0
 0 0 0 0 0 0 0 0 0 0 0 0 0 0 0 0 0 0 0 0 0 0 0 0 0 0 0 0 0 0 0 0 0 0 0 0
 0 0 0 0 0 0 0 0 0 0 0 0 0 0 0 0 0 0 0 0 0 0 0 0 0 0 0 0 0 0 0 0 0 0 0 0
 0 0 0 0 0 0 0 0 0 0 0 0 0 0 0 0 0 0 0 0 0 0 0 0 0 0 0 0 0 0 0 0 0 0 0 0
 0 0 0 0 0 0 0 0 1.78061e-05 0.00172719 0.00360574 0.0105946 0.0120993 0.0124554 0.0147524 0.0171206 0.0266825 0.0428682 0.0675386 0.121331 0.153587 0.119568 0.100827 0.0573624 0.0630603 0.0341343 0.0324427 0.0444173 0.0211091 0.0280891 0.0125444 0.00206551 0 0 0 0
 0 0 0 0 0 0 0 0 0 0 0 0 0 0 0 0 0 0 0 0 0 0 0 0 0 0 0 0 0 0 0 0 0 0 0 0
 0 0 0 0 0 0 0.0133647 0.0140871 0.0187388 0.0205184 0.03894 0.0496705 0.03968 0.0493445 0.0407372 0.0367815 0.0215668 0.0243155 0.0234873 0.0199281 0.019796 0.0243948 0.0301388 0.0376714 0.0412746 0.0863199 0.0771752 0.113111 0.0741005 0.0525337 0.0229764 0.00759418 0.00175318 0 0 0
 0 0 0 0 0 0 0 0 0 0 0.00219441 0.00772107 0.0458388 0.0604681 0.0671733 0.0775358 0.0609151 0.0617685 0.073594 0.0568108 0.0755445 0.0548602 0.0670107 0.0636378 0.0643287 0.046367 0.0373049 0.0286899 0.0247887 0.0153202 0.00654259 0.00121912 0.000365735 0 0 0
 0 0 0 0 0 0 0 0 0 0 0 0 0.000112435 0.00938835 0.0111873 0.0202946 0.0414886 0.0713402 0.111592 0.104902 0.108894 0.110636 0.117776 0.105296 0.107544 0.0401394 0.0192827 0.0124803 0.00416011 0.0028671 0.000618394 0 0 0 0 0
 0 0 0 0 0 0 0 0 0 0 0.00291406 0.0102884 0.027416 0.0768956 0.0749926 0.110853 0.0956884 0.0897413 0.0766577 0.0534642 0.0500743 0.0551293 0.0594112 0.0620874 0.0668451 0.0424026 0.0208742 0.0120726 0.0048766 0.00582813 0.00118941 0.000297354 0 0 0 0
 0 0.00264628 0.0354308 0.0461629 0.0458689 0.0383711 0.0214643 0.0164657 0.0346957 0.0420465 0.0363128 0.0245516 0.0311673 0.0291091 0.0169068 0.0133784 0.00837989 0.0085269 0.0148486 0.0160247 0.0276389 0.0546898 0.0760071 0.122758 0.109233 0.0665981 0.0333725 0.0166128 0.00676272 0.00308733 0.000882094 0 0 0 0 0
 0 0 0 0 0 0 0 0.000805153 0.000690131 0.00759144 0.0133425 0.0154129 0.00931677 0.000345066 0.00356568 0.00563607 0.00851162 0.0253048 0.0502646 0.0516448 0.0657925 0.0565908 0.0611916 0.0827007 0.0866115 0.110766 0.145733 0.0935128 0.0569358 0.0249597 0.0138026 0.00621118 0.00161031 0.00115022 0 0
 0 0 0 0 0 0 0 0 0 0 0 0 0 0 0 0 0 0 0 0 0 0 0 0 0 0 0 0 0 0 0 0 0 0 0 0
 0.00147267 0.00158595 0.00478618 0.00569244 0.00954404 0.0108468 0.00647125 0.017049 0.0510054 0.094081 0.124002 0.0959785 0.0687766 0.0820023 0.061753 0.0591476 0.0492212 0.0479892 0.0443925 0.0268479 0.0217502 0.0140895 0.0121071 0.0120363 0.00920419 0.00665534 0.0049561 0.00860946 0.00930331 0.0156896 0.0114698 0.00855282 0.00243557 0.00046729 0 2.83206e-05
 0 0 0 0 0.000772559 0.00158375 0.000888443 0.00281984 0.00712685 0.0440552 0.0773331 0.111326 0.0921469 0.0852325 0.0710754 0.0886704 0.0786465 0.0553345 0.0373146 0.0185414 0.00753245 0.00457741 0.012979 0.0271748 0.0457355 0.0583668 0.034881 0.0177882 0.00938659 0.00492506 0.0015258 0.00185414 0.000309023 5.79419e-05 3.86279e-05 0
 0 0.00173294 0.00326652 0 0.00397197 0.00683976 0.00946217 0.0152591 0.00757587 0.0136028 0.0228656 0.0392903 0.0559909 0.0764795 0.0681675 0.0726916 0.0566044 0.0477403 0.0527397 0.0444891 0.0609904 0.0582453 0.0661739 0.0445044 0.0529084 0.0360697 0.0280645 0.0235558 0.0158879 0.00826598 0.00280645 0.00217768 0.000904811 0.00058276 9.20147e-05 0
 0 0 0 0 0 0 0 0 0 0 0 0 0 0 0 0 0 0 0 0 0 0 0 0 0 0 0 0 0 0 0 0 0 0 0 0
 0 0 0 0 0 0 0 0 0 0 0 0 0 0 0 0 0 0 0 0 0 0 0 0 0 0 0 0 0 0 0 0 0 0 0 0
 0 0 0 0 0 0 0 0 0 0 0 0 0 0 0 0 0 0 0 0 0 0 0 0 0 0 0 0 0 0 0 0 0 0 0 0
ppred_pel_tallas
 1.02343e-16 2.48637e-05 0.000145906 0.000693518 0.00267 0.00832606 0.0210312 0.0430339 0.0713386 0.0958213 0.104314 0.0921095 0.0661478 0.0390343 0.0197492 0.0100754 0.00738088 0.0085325 0.0115868 0.0156242 0.0201438 0.0247013 0.0288193 0.0320366 0.0339986 0.034532 0.0336759 0.031655 0.0288109 0.0255146 0.0220919 0.0187791 0.0157153 0.0129604 0.0105256 0.00840028
 1.02084e-16 3.20985e-05 0.000188392 0.000895529 0.00344784 0.0107518 0.0271581 0.055569 0.0921119 0.123704 0.134615 0.118741 0.085 0.0496101 0.024084 0.0106236 0.00572913 0.00527945 0.00674924 0.00902614 0.0116461 0.0143167 0.0167618 0.0187199 0.0199895 0.0204702 0.020179 0.019235 0.0178205 0.0161322 0.0143401 0.0125645 0.0108736 0.00929593 0.00783835 0.00650142
 1.02842e-16 1.93788e-05 0.000113691 0.000540338 0.00208017 0.00648666 0.0163852 0.0335289 0.0555881 0.0746842 0.0813527 0.0719525 0.0519284 0.0311582 0.0167149 0.0100776 0.00928356 0.0119503 0.0165607 0.0223052 0.0285966 0.0348019 0.0402174 0.0441748 0.0461862 0.0460556 0.0439198 0.0401994 0.0354822 0.0303804 0.0254067 0.0209031 0.0170309 0.0138056 0.0111548 0.00897367
 1.02701e-16 3.06463e-05 0.000179867 0.000855001 0.00329179 0.0102651 0.0259289 0.0530541 0.0879433 0.118106 0.128525 0.113372 0.0811651 0.0473883 0.0230374 0.0102195 0.00559996 0.00525262 0.00677633 0.00911932 0.0118476 0.0146877 0.017376 0.0196547 0.0213143 0.0222324 0.0223912 0.0218671 0.0207982 0.0193436 0.0176491 0.0158281 0.0139599 0.0120982 0.0102846 0.00855709
 1.0125e-16 3.48904e-05 0.000204784 0.000973465 0.00374792 0.0116875 0.0295218 0.0604052 0.100127 0.134465 0.146316 0.129041 0.0923278 0.0537939 0.0259399 0.0111406 0.00557121 0.00473337 0.00587049 0.00777411 0.00995648 0.0121332 0.01405 0.0154754 0.01624 0.0162746 0.0156229 0.0144254 0.0128791 0.0111888 0.0095254 0.008002 0.00667124 0.00553787 0.00457886 0.00376213
 1.01525e-16 2.56844e-05 0.00015072 0.000716397 0.00275807 0.00860071 0.0217249 0.0444537 0.0736932 0.0989867 0.107767 0.0951752 0.0683856 0.0404268 0.0205845 0.0107096 0.00808897 0.00948333 0.0128681 0.0172583 0.0220833 0.0268191 0.0309084 0.0338279 0.0351989 0.0348745 0.0329724 0.029835 0.0259382 0.0217771 0.0177675 0.014188 0.01117 0.00872503 0.00678921 0.00526822
 1.00985e-16 3.67743e-05 0.000215849 0.00102608 0.0039505 0.0123193 0.0311175 0.0636698 0.105537 0.141725 0.154203 0.135967 0.0972164 0.0565081 0.0269982 0.0111668 0.00496009 0.00362257 0.00425068 0.00559658 0.00719902 0.00883396 0.0103202 0.0114923 0.012224 0.0124529 0.0121913 0.0115167 0.0105477 0.00941299 0.00822541 0.00706644 0.00598391 0.00499864 0.00411525 0.00333167
 1.00699e-16 3.3147e-05 0.000194544 0.000924768 0.0035604 0.0111028 0.0280448 0.0573836 0.0951206 0.127747 0.139022 0.122645 0.0878321 0.0513373 0.0250591 0.0112817 0.0063978 0.00615071 0.00791771 0.0105171 0.0134181 0.0162541 0.0186731 0.0203532 0.0210654 0.0207268 0.0194198 0.0173667 0.0148721 0.0122503 0.00976324 0.00758388 0.00578993 0.00438106 0.00330807 0.00250189
 1.00635e-16 3.54793e-05 0.000208242 0.000989903 0.0038112 0.0118849 0.0300203 0.0614252 0.101818 0.136735 0.148786 0.131218 0.0938827 0.0546942 0.0263633 0.0113036 0.0056238 0.0047478 0.00587025 0.00776023 0.00991984 0.0120582 0.0139159 0.0152566 0.0159087 0.015803 0.0149877 0.0136108 0.0118811 0.010017 0.00820392 0.00656816 0.00517243 0.00402703 0.00310915 0.00238169
 1.0055e-16 3.49931e-05 0.000205386 0.00097632 0.0037589 0.0117218 0.0296083 0.0605824 0.100422 0.134862 0.146752 0.129435 0.0926305 0.0540124 0.0261235 0.0113525 0.00586897 0.00516392 0.00646877 0.00855886 0.0109226 0.0132444 0.0152357 0.0166346 0.0172533 0.0170212 0.0160006 0.0143669 0.0123627 0.0102397 0.00820932 0.00641312 0.0049175 0.00372699 0.00280702 0.00210649
 1.01142e-16 2.66782e-05 0.000156555 0.000744141 0.0028649 0.00893385 0.0225664 0.0461754 0.0765464 0.102817 0.11193 0.0988363 0.0709822 0.0418934 0.0212051 0.0108273 0.00792958 0.00913812 0.0123484 0.0165471 0.0211645 0.0256912 0.0295895 0.0323554 0.0336243 0.0332551 0.0313616 0.0282749 0.0244558 0.0203846 0.0164661 0.0129738 0.0100389 0.00767593 0.00582511 0.00439505
 1.01721e-16 3.02777e-05 0.000177698 0.000844681 0.00325204 0.0101412 0.0256158 0.0524138 0.0868834 0.116687 0.126992 0.112048 0.0802764 0.0469894 0.0230662 0.010608 0.00633748 0.00638429 0.0083674 0.011215 0.0144393 0.0176897 0.0206171 0.0228896 0.0242543 0.0245906 0.0239318 0.0224449 0.0203807 0.0180095 0.0155666 0.0132203 0.0110664 0.00914254 0.00745036 0.00597647
 1.00727e-16 3.74974e-05 0.000220094 0.00104626 0.0040282 0.0125616 0.0317295 0.0649221 0.107613 0.144512 0.157236 0.138639 0.0991253 0.0576132 0.0275171 0.0113642 0.00501849 0.00362698 0.00422439 0.00553284 0.00707642 0.00862222 0.00998342 0.0109935 0.0115307 0.0115442 0.0110637 0.010188 0.00905721 0.00781834 0.00659537 0.00547238 0.00449084 0.00365803 0.00296051 0.00237701
 1.00219e-16 3.91561e-05 0.000229834 0.00109256 0.0042065 0.0131176 0.033134 0.0677956 0.112375 0.150906 0.164187 0.144756 0.103472 0.0600846 0.0285942 0.0116291 0.00485864 0.0032058 0.00356918 0.00461741 0.00586634 0.00709507 0.00813758 0.00885068 0.00913392 0.00895196 0.00834279 0.00740653 0.00627967 0.00510299 0.00399382 0.00302969 0.00224523 0.00163977 0.00119026 0.00086421
 1.00099e-16 4.01278e-05 0.00023554 0.0011197 0.00431097 0.0134434 0.0339569 0.0694792 0.115165 0.154651 0.168256 0.148333 0.106004 0.0615048 0.0291762 0.0117025 0.00463686 0.00276968 0.00292183 0.00373648 0.0047349 0.00571688 0.00654333 0.00709729 0.00729763 0.00711688 0.00658791 0.00579457 0.00485049 0.00387261 0.00295829 0.00217165 0.00154097 0.00106482 0.00072278 0.000486216
 1.00145e-16 3.70582e-05 0.000217512 0.00103398 0.00398091 0.0124141 0.031357 0.0641602 0.106351 0.142821 0.155404 0.137044 0.0980278 0.0570624 0.0274167 0.0116023 0.00554442 0.00445355 0.00539342 0.00707825 0.00899592 0.0108589 0.0124193 0.0134566 0.0138172 0.0134499 0.0124187 0.0108855 0.0090688 0.00719317 0.00544534 0.00394799 0.00275466 0.00186164 0.00122841 0.000798663
 1.0051e-16 3.17761e-05 0.000186492 0.000886484 0.00341298 0.010643 0.0268836 0.055008 0.0911839 0.122464 0.133282 0.117605 0.0842733 0.0493594 0.0242845 0.011256 0.00683376 0.00694942 0.00908903 0.0121021 0.0154415 0.0186988 0.0214697 0.0233822 0.0241703 0.0237373 0.0221775 0.019748 0.0168021 0.0137063 0.0107682 0.00819374 0.00607861 0.00442752 0.00318668 0.0022768
 1.00877e-16 3.30889e-05 0.000194204 0.000923157 0.0035542 0.0110835 0.0279959 0.0572835 0.0949543 0.127522 0.138773 0.122417 0.0876491 0.051191 0.0249151 0.0110957 0.00612714 0.00575907 0.0073786 0.00981989 0.0125757 0.0153091 0.0176992 0.0194486 0.0203389 0.0202789 0.0193233 0.0176521 0.0155214 0.0132011 0.0109213 0.00884087 0.00704107 0.00553966 0.00431413 0.0033244
 1.00989e-16 3.20477e-05 0.000188089 0.000894081 0.00344224 0.0107343 0.0271141 0.0554793 0.0919645 0.12351 0.134414 0.118588 0.0849448 0.0496861 0.0243218 0.0110673 0.00644334 0.00634168 0.00823124 0.0109693 0.014036 0.0170637 0.0196935 0.021593 0.0225203 0.0223787 0.021237 0.0193055 0.016879 0.0142658 0.0117261 0.00943633 0.00748246 0.00587668 0.00458504 0.00355439
 1.00851e-16 3.45919e-05 0.000203031 0.000965126 0.0037158 0.0115874 0.0292688 0.0598877 0.0992699 0.133315 0.145068 0.127948 0.0915627 0.0533824 0.0258056 0.0111928 0.00575769 0.00504451 0.0063199 0.00837926 0.0107252 0.0130551 0.015093 0.0165854 0.0173469 0.0173009 0.016495 0.0150836 0.0132853 0.0113295 0.00941099 0.00766292 0.00615196 0.00489065 0.00385772 0.00301779
 1.00867e-16 3.20689e-05 0.000188213 0.000894668 0.0034445 0.0107413 0.0271319 0.0555158 0.0920251 0.123592 0.134505 0.118671 0.0850116 0.0497395 0.0243745 0.0111355 0.00654286 0.00648622 0.00843114 0.0112294 0.0143529 0.0174231 0.0200698 0.021951 0.0228201 0.022582 0.0213141 0.0192408 0.0166737 0.0139371 0.0113039 0.00895708 0.00698377 0.00539198 0.0041402 0.00316621
 1.01243e-16 3.05199e-05 0.000179118 0.000851427 0.00327801 0.0102221 0.0258204 0.0528326 0.087578 0.117622 0.128013 0.112959 0.0809512 0.0474282 0.0233625 0.0108782 0.00667692 0.00685809 0.00901505 0.0120509 0.0154472 0.018816 0.0217696 0.0239447 0.0250737 0.025044 0.0239209 0.0219225 0.0193592 0.0165583 0.0137983 0.0112707 0.00907336 0.00722734 0.00570576 0.00446142
 1.01208e-16 3.29673e-05 0.000193491 0.000919769 0.00354116 0.0110428 0.0278932 0.0570732 0.0946055 0.127053 0.138262 0.121962 0.0873156 0.0509807 0.0247841 0.0109893 0.00600199 0.00558684 0.00714252 0.00951287 0.0122016 0.0148853 0.0172572 0.0190323 0.0199996 0.0200675 0.019282 0.0178076 0.01588 0.0137487 0.011626 0.00965852 0.00792186 0.00643436 0.00517923 0.00412543
 1.013e-16 2.99399e-05 0.000175712 0.000835229 0.00321563 0.0100276 0.0253291 0.0518274 0.0859125 0.115387 0.125586 0.110829 0.0794507 0.0466015 0.0230525 0.0108964 0.00690609 0.00726043 0.00959724 0.0128297 0.0164276 0.0199803 0.0230725 0.0253169 0.0264311 0.0263013 0.0250066 0.0227908 0.0199955 0.0169782 0.0140399 0.0113843 0.00911 0.00723066 0.005707 0.00447833
 1.03398e-16 1.41883e-05 8.32122e-05 0.000395424 0.00152219 0.0047466 0.01199 0.0245367 0.0406854 0.0546792 0.0596069 0.0528274 0.0383609 0.0234887 0.0134587 0.00944079 0.0100872 0.0137218 0.0192511 0.0260222 0.0334528 0.040842 0.0473857 0.0523086 0.0550309 0.0552975 0.0532275 0.0492627 0.0440408 0.0382382 0.032433 0.0270261 0.0222278 0.0180942 0.0145865 0.0116269
pSPR Fmed_Fpbrs
0.405438   0.355416 0.355416
Fs Fmed_Fpbrs
0.804589   1.005 1.005
SSBpbr Bo_Bmed_Bpbrs
763804  271485  233277 233277
Ro
25848.3
SPR SPRFo_SPRFmed_SPRFpbrs
531514 215496 188908
log_Ro
9.98
likeval ReclasPelacesDesembMPH_pf_preclas_ppelaces_ptallas_desvR_qrecl_qpela
 69.1729 14.8517 0.0837854 0.000171597 324.169 187.383 82.8351 0 21.2693 1.04875e-05 0.000117902 0 0 0 0
q_reclas_q_pelaces
1.58233 4.68706
M
0.7
N
 26215.2 15547.1 6389.73 817.337 0.170244
 42019.8 12242.8 4808.11 1976.09 252.822
 9477.52 19254.9 3270.67 1284.49 595.453
 14919.8 3987.83 2664.2 452.547 260.118
 41857.5 6950.42 1209.84 808.277 216.211
 23308.1 20522.2 3127.82 544.453 461.039
 63583.9 10361.3 4338.27 661.204 212.555
 62902.6 28984.2 2658.55 1113.14 224.194
 81711.3 27506.3 5397.18 495.052 249.026
 123313 35230.6 4593.97 901.411 124.272
 59198.9 56002.9 8784.15 1145.43 255.736
 46946.3 25615.1 9613.38 1507.87 240.522
 54279.6 20256.9 4303.42 1615.08 293.736
 28061.5 21358 1671.12 355.018 157.471
 13593.7 9391.58 505.591 39.5592 12.1318
 11574.6 4441.69 184.77 9.94697 1.01697
 7964.3 4787.21 538.255 22.3908 1.32864
 8777.14 3431.61 795.458 89.4381 3.9413
 9441.63 3886.85 704.322 163.264 19.1657
 13788.9 4256.5 915.668 165.925 42.977
 18954.7 6143.23 915.302 196.902 44.9215
 23559.1 8968.91 2102.04 313.191 82.7451
 37060.2 11030.8 2829.35 663.115 124.903
 37805.9 17117.3 3132.51 803.478 223.781
 8806.83 17440.8 4816.16 881.37 289.032
pred_Ctot
 1126.73 4333.54 1781.04 227.821 0.047453
 2344.71 4214 1654.96 680.172 87.0217
 1050.63 10718.9 1820.74 715.056 331.481
 666.502 1147.65 766.728 130.238 74.859
 382.133 471.4 82.0555 54.8199 14.6641
 1768.22 8893.99 1355.55 235.957 199.807
 3770.31 3738.94 1565.5 238.6 76.7021
 5441.9 13764.2 1262.51 528.615 106.467
 7805.55 13950.6 2737.33 251.079 126.3
 7617.28 13118.2 1710.58 335.642 46.273
 5521.17 27962.7 4385.99 571.921 127.691
 4461.78 12948.4 4859.55 762.228 121.583
 8214.23 13371.3 2840.64 1066.09 193.892
 6730.3 16953.1 1326.47 281.8 124.994
 3424.7 7566.28 407.326 31.8706 9.77388
 1405.87 2608.74 108.521 5.84215 0.597294
 764.151 2434.89 273.77 11.3885 0.675777
 687.736 1521.71 352.736 39.6602 1.74772
 629.236 1532.55 277.708 64.3735 7.55686
 1026.13 1819.46 391.406 70.9252 18.3707
 644.387 1403.44 209.104 44.9829 10.2625
 971.203 2414.47 565.878 84.3123 22.2753
 1870.63 3506.34 899.365 210.784 39.7028
 1938.87 5510.87 1008.5 258.678 72.0457
 492.721 6015.56 1661.16 303.997 99.6912
F
 0.0613991 0.473573 0.473573 0.473573 0.473573
 0.0803762 0.619945 0.619945 0.619945 0.619945
 0.165675 1.27786 1.27786 1.27786 1.27786
 0.0638861 0.492756 0.492756 0.492756 0.492756
 0.0127662 0.0984661 0.0984661 0.0984661 0.0984661
 0.110725 0.854029 0.854029 0.854029 0.854029
 0.0856074 0.660293 0.660293 0.660293 0.660293
 0.127171 0.980875 0.980875 0.980875 0.980875
 0.141277 1.08967 1.08967 1.08967 1.08967
 0.089325 0.688967 0.688967 0.688967 0.688967
 0.137721 1.06225 1.06225 1.06225 1.06225
 0.140512 1.08377 1.08377 1.08377 1.08377
 0.232723 1.795 1.795 1.795 1.795
 0.394586 3.04345 3.04345 3.04345 3.04345
 0.418572 3.22846 3.22846 3.22846 3.22846
 0.182867 1.41046 1.41046 1.41046 1.41046
 0.14194 1.09479 1.09479 1.09479 1.09479
 0.114553 0.88355 0.88355 0.88355 0.88355
 0.0966804 0.7457 0.7457 0.7457 0.7457
 0.108511 0.836949 0.836949 0.836949 0.836949
 0.0482874 0.372442 0.372442 0.372442 0.372442
 0.0588245 0.453715 0.453715 0.453715 0.453715
 0.0724557 0.558854 0.558854 0.558854 0.558854
 0.0736559 0.568111 0.568111 0.568111 0.568111
 0.0805964 0.621643 0.621643 0.621643 0.621643
YTP_r0W_actual
 5518.48 132342 54818.2 12494.3 4266.78
YTP_p0W_proyectada
 13087.3 41642.8 69992.8 25213.2 6677.56
 13087.3 78256.2 11035.9 16596.7 6187.98
CTP_r0_actual
 492.721 6015.56 1661.16 303.997 99.6912
CTP_p0_proyectada
 1539.68 1945.93 2243.36 619.49 143.603
 1539.68 3656.83 353.716 407.781 133.075
Wmedp
 8.5 21.4 31.2 40.7 46.5
nmprior
 10.6 11 7 0
nm_flota  nm_reclas  nm_pelaces    nm_pelaL
inf 31.6139 12.8725 27.7052
cv_recla  cv_pelaces  cv_mph
0.752303 0.436979 0.425004
 ------------------------------------------------
Talla a la edad & desviaci?n 
 7.2 14.2025 17.0495 18.207 18.6776
 1.08 2.13037 2.55742 2.73105 2.80164
