years
 1997 1998 1999 2000 2001 2002 2003 2004 2005 2006 2007 2008 2009 2010 2011 2012 2013 2014 2015 2016 2017 2018 2019 2020 2021
reclasobs
 0 0 0 370054 412103 1.49427e+06 250295 1.28982e+06 931140 785840 897777 1.04006e+06 184774 17550 25797 100020 73551 82996 120727 218422 84188 347160 605670 569463 516374
reclaspred
 2.70181e+06 320757 413941 107982 232384 234302 484360 445614 523576 1.11842e+06 1.03375e+06 618887 376406 167177 99616.4 93779.1 103502 119988 96915 165048 301370 256631 421668 489781 397382
pelacesobs
 0 0 0 0 0 0 0 0 0 2.06254e+06 1.5e+06 0 1.87456e+06 323000 250000 174000 83755 137374 0 501740 490994 745055 786931 1.00524e+06 1.33801e+06
pelacespred
 1.50476e+06 591803 165853 102359 201061 126509 444414 377920 437488 993926 717856 432950 304208 102854 63580.3 63165.2 71949.6 84747 66059 123605 243288 196965 260310 339960 250832
mphobs
 0 0 0 0 0 112323 0 153150 637223 0 255016 313432 73983 77613 109348 50772 0 0 0 0 0 0 0 0 0
mphpred
 2.50597e+06 1.06392e+06 431598 199559 101642 300253 293032 412847 462547 621358 1.30845e+06 866336 436537 262686 111937 87083.8 96088.3 112343 115241 102149 231988 303120 322720 470953 515607
desembarqueobs
 350755 77701 442110 56441 14545 235359 269955 359681 431902 328805 639364 411747 362871 311530 167758 66681 60226 58785 57116 73181 50977 67692 138656 160484 209506
desembarquepred
 350746 77683 441599 56418.9 14543.1 235144 269779 359000 431359 328511 638555 411257 362084 310933 167355 66619.1 60193.2 58730.6 57056.5 73087.6 50961.7 67644.9 138554 160383 209379
Reclutas
 2390.76 3660.93 461.434 2630.75 55785.1 11020 53769.3 73659 76006.6 243644 41424.9 14913.4 59642.5 23161 14489.7 14498.3 9491.3 9240.01 6069.39 27944.3 29205.1 24804.6 60203.8 42180.9 534.791
log_desv_Rt
 -1.90063 -1.47453 -3.54566 -1.80498 1.24926 -0.372529 1.21246 1.5272 1.55858 2.72346 0.951637 -0.0699818 1.31612 0.370224 -0.0988093 -0.0982109 -0.521869 -0.548701 -0.968987 0.557967 0.602099 0.438784 1.32549 0.969722 -3.39812
SSB
 2.50597e+06 1.06392e+06 431598 199559 101642 300253 293032 412847 462547 621358 1.30845e+06 866336 436537 262686 111937 87083.8 96088.3 112343 115241 102149 231988 303120 322720 470953 515607
BT
 2.91236e+06 1.23118e+06 550717 251692 372762 409068 1.00039e+06 1.05465e+06 1.17267e+06 2.08075e+06 1.83395e+06 1.14247e+06 907792 479766 251484 167699 177414 199148 167853 281422 475148 416942 564036 736313 617376
Ftot
 0.0978312 0.183497 0.75662 0.409027 0.141791 0.785267 0.86146 1.23227 1.11167 0.573393 0.510142 0.517451 1.11881 1.68766 1.84804 0.798983 0.623933 0.509687 0.524419 0.72308 0.193509 0.243861 0.355506 0.31558 0.38788
BD_Bspro_t
 0.984515 0.881498 0.675449 0.341053 0.360723 0.678859 0.474933 0.502297 0.478007 0.505621 0.647729 0.469866 0.314929 0.249315 0.142471 0.138248 0.197721 0.292499 0.350761 0.380621 0.605604 0.71871 0.696254 0.70944 0.66597
BD_Bspro
 7.61944 3.23486 1.31228 0.606762 0.309045 0.912924 0.890967 1.25527 1.40638 1.88925 3.97836 2.63411 1.3273 0.7987 0.340347 0.264779 0.292158 0.341579 0.350391 0.310585 0.705362 0.92164 0.981233 1.43194 1.56771
BD_Bo
 2.45529 1.0424 0.422869 0.195523 0.0995866 0.294181 0.287105 0.404497 0.453192 0.608792 1.28199 0.848815 0.427708 0.257373 0.109673 0.0853225 0.094145 0.11007 0.11291 0.100083 0.227296 0.296989 0.316193 0.461428 0.505179
BD_Brms
 8.10435 3.44073 1.39579 0.645377 0.328712 0.971023 0.947668 1.33515 1.49588 2.00948 4.23154 2.80174 1.41176 0.849529 0.362007 0.28163 0.310751 0.363317 0.37269 0.330351 0.750252 0.980293 1.04368 1.52307 1.66748
S_f
 0.137313 1 1 1 1
 0.137313 1 1 1 1
 0.137313 1 1 1 1
 0.137313 1 1 1 1
 0.137313 1 1 1 1
 0.137313 1 1 1 1
 0.137313 1 1 1 1
 0.137313 1 1 1 1
 0.137313 1 1 1 1
 0.137313 1 1 1 1
 0.137313 1 1 1 1
 0.137313 1 1 1 1
 0.137313 1 1 1 1
 0.137313 1 1 1 1
 0.137313 1 1 1 1
 0.137313 1 1 1 1
 0.137313 1 1 1 1
 0.137313 1 1 1 1
 0.137313 1 1 1 1
 0.137313 1 1 1 1
 0.137313 1 1 1 1
 0.137313 1 1 1 1
 0.137313 1 1 1 1
 0.137313 1 1 1 1
 0.137313 1 1 1 1
Scru_reclas
 0.778649 1 1 1 1
 0.778649 1 1 1 1
 0.778649 1 1 1 1
 0.778649 1 1 1 1
 0.778649 1 1 1 1
 0.778649 1 1 1 1
 0.778649 1 1 1 1
 0.778649 1 1 1 1
 0.778649 1 1 1 1
 0.778649 1 1 1 1
 0.778649 1 1 1 1
 0.778649 1 1 1 1
 0.778649 1 1 1 1
 0.778649 1 1 1 1
 0.778649 1 1 1 1
 0.778649 1 1 1 1
 0.778649 1 1 1 1
 0.778649 1 1 1 1
 0.778649 1 1 1 1
 0.778649 1 1 1 1
 0.778649 1 1 1 1
 0.778649 1 1 1 1
 0.778649 1 1 1 1
 0.778649 1 1 1 1
 0.778649 1 1 1 1
Scru_pelaces
 1 1 1 1 1
 1 1 1 1 1
 1 1 1 1 1
 1 1 1 1 1
 1 1 1 1 1
 1 1 1 1 1
 1 1 1 1 1
 1 1 1 1 1
 1 1 1 1 1
 1 1 1 1 1
 1 1 1 1 1
 1 1 1 1 1
 1 1 1 1 1
 1 1 1 1 1
 1 1 1 1 1
 1 1 1 1 1
 1 1 1 1 1
 1 1 1 1 1
 1 1 1 1 1
 1 1 1 1 1
 1 1 1 1 1
 1 1 1 1 1
 1 1 1 1 1
 1 1 1 1 1
 1 1 1 1 1
pf_obs 
 0.256992 0.487395 0.22802 0.0275931 0
 0.321318 0.546541 0.124235 0.00734118 0.000564706
 0.182869 0.594174 0.210203 0.0122559 0.00049798
 0.330522 0.361315 0.267642 0.0388342 0.00168674
 0.649043 0.306663 0.0425973 0.00169635 0
 0.582887 0.30429 0.105238 0.00758474 0
 0.465427 0.430635 0.0974691 0.00646863 0
 0.296916 0.608066 0.0921331 0.00288517 0
 0.311714 0.524322 0.152257 0.0117073 0
 0.15457 0.633149 0.183074 0.0267441 0.00246327
 0.131901 0.49318 0.331252 0.0422183 0.00144891
 0.196976 0.569456 0.194076 0.0375587 0.00193317
 0.518974 0.381816 0.0799577 0.0180837 0.00116848
 0.0928022 0.601141 0.25162 0.0475244 0.00691264
 0.122501 0.610282 0.24278 0.0234846 0.000952079
 0.383417 0.481906 0.127806 0.00687128 0
 0.0376549 0.599619 0.316969 0.0457579 0
 0.0361596 0.667082 0.258105 0.0386534 0
 0.158088 0.579412 0.248529 0.0139706 0
 0.0477256 0.309471 0.559284 0.082774 0.000745712
 0.0406174 0.521527 0.379366 0.0568643 0.0016247
 0.151134 0.462217 0.34131 0.0453401 0
 0.294876 0.26143 0.354403 0.0886775 0.000613685
 0.281977 0.475581 0.204845 0.0348837 0.00271318
 0.0841818 0.532909 0.334909 0.0458182 0.00218182
pf_pred 
 0.00344295 0.63844 0.316591 0.0415251 1.06806e-06
 0.0116773 0.0254049 0.616889 0.305904 0.0401245
 0.00399643 0.0856763 0.0234001 0.568206 0.318721
 0.0772726 0.0380477 0.0761002 0.0207846 0.787795
 0.736716 0.112619 0.00621251 0.0124258 0.132027
 0.0655519 0.893526 0.0175044 0.000965615 0.0224523
 0.467549 0.230546 0.288684 0.00565539 0.00756597
 0.369054 0.573398 0.0249181 0.0312018 0.001429
 0.304925 0.619276 0.0688859 0.00299357 0.00392015
 0.519177 0.409282 0.0637391 0.00709009 0.000711596
 0.0528883 0.864733 0.0701215 0.0109203 0.00133665
 0.0424384 0.329731 0.573223 0.0464828 0.008125
 0.33836 0.195175 0.160624 0.279239 0.0266015
 0.157062 0.733409 0.0323096 0.02659 0.0506292
 0.230954 0.594355 0.151992 0.00669583 0.0160029
 0.288161 0.610804 0.0780847 0.0199682 0.00298209
 0.170816 0.676748 0.1308 0.0167214 0.00491467
 0.191751 0.543842 0.215799 0.041709 0.00689922
 0.1398 0.593945 0.179154 0.071089 0.0160126
 0.517105 0.292773 0.131274 0.0395967 0.0192513
 0.239624 0.698418 0.0375646 0.0168433 0.00755055
 0.15903 0.602247 0.219271 0.0117936 0.00765855
 0.324767 0.410675 0.189459 0.0689797 0.00611937
 0.155692 0.681225 0.0991872 0.0457585 0.0181381
 0.00257075 0.609228 0.313218 0.0456049 0.0293788
pobs_RECLAS
 0 0 0 0 0
 0 0 0 0 0
 0 0 0 0 0
 0 0 0 0 0
 0.835266 0.146461 0.0176864 0.000547809 3.91292e-05
 0.385257 0.428462 0.181853 0.0044286 0
 0.867414 0.0963971 0.0333333 0.00285562 0
 0.441836 0.489002 0.0689373 0.000224442 0
 0.779404 0.147425 0.0564933 0.0165055 0.000172143
 0.814271 0.122319 0.05973 0.00367925 0
 0.40263 0.566651 0.0304383 0.000280538 0
 0.475488 0.404961 0.113038 0.00651328 0
 0.955842 0.0263864 0.0167828 0.000988607 0
 0.975058 0.0227948 0.00214734 0 0
 0.738997 0.206755 0.0527124 0.00153531 0
 0.850938 0.134255 0.0134407 0.00136685 0
 0.542534 0.407297 0.0501686 0 0
 0.764087 0.199537 0.0359546 0.000420521 0
 0.470689 0.182191 0.310203 0.0369168 0
 0.84361 0.089868 0.0606195 0.00523954 0.000663233
 0.607945 0.314616 0.071237 0.00620181 0
 0.523733 0.453247 0.0230204 0 0
 0.530135 0.295979 0.169645 0.0042399 0
 0.562478 0.366248 0.0663022 0.0049721 0
 0.250443 0.683176 0.0655157 0.000865301 0
ppred_RECLAS
 0.0193141 0.628272 0.311549 0.0408638 1.05105e-06
 0.063413 0.0240751 0.584597 0.289891 0.0380241
 0.0235927 0.0839906 0.0229397 0.557027 0.31245
 0.327904 0.0277132 0.0554298 0.0151391 0.573814
 0.941152 0.0251721 0.0013886 0.00277737 0.0295101
 0.297636 0.671605 0.0131569 0.00072579 0.016876
 0.842529 0.0681835 0.0853777 0.00167257 0.00223762
 0.78897 0.191782 0.00833424 0.0104359 0.000477952
 0.733886 0.237094 0.0263734 0.00114611 0.00150085
 0.864546 0.1153 0.0179561 0.00199737 0.000200466
 0.247082 0.68743 0.0557439 0.00868121 0.00106258
 0.206742 0.273154 0.474866 0.0385071 0.00673087
 0.762915 0.0699369 0.0575563 0.100059 0.00953209
 0.561267 0.381725 0.0168165 0.0138396 0.0263515
 0.679609 0.247614 0.063321 0.00278954 0.00666694
 0.71007 0.248779 0.0318037 0.008133 0.0012146
 0.55029 0.367036 0.0709396 0.00906887 0.00266548
 0.582315 0.281045 0.11152 0.0215542 0.00356536
 0.488835 0.352946 0.10646 0.0422439 0.00951534
 0.865328 0.0816502 0.0366104 0.0110429 0.0053689
 0.643755 0.327217 0.0175995 0.00789128 0.00353752
 0.521078 0.342972 0.124872 0.00671629 0.00436145
 0.736157 0.160469 0.0740298 0.0269534 0.00239111
 0.516082 0.390446 0.0568495 0.0262266 0.0103959
 0.0147684 0.601777 0.309388 0.0450472 0.0290195
pobs_PELACES
 0 0 0 0 0
 0 0 0 0 0
 0 0 0 0 0
 0 0 0 0 0
 0 0 0 0 0
 0 0 0 0 0
 0 0 0 0 0
 0 0 0 0 0
 0 0 0 0 0
 0 0 0 0 0
 0.450072 0.473896 0.0757376 0.000293798 0
 0 0 0 0 0
 0.463077 0.371075 0.160297 0.00555027 0
 0.529543 0.364841 0.0842815 0.0213345 0
 0.631943 0.363953 0.00410389 0 0
 0.735681 0.248677 0.0153453 0.000297389 0
 0.695825 0.281241 0.0229344 0 0
 0.275771 0.60734 0.115278 0.00161068 0
 0 0 0 0 0
 0.896147 0.0623911 0.0374545 0.00400742 0
 0.803859 0.145111 0.0509908 3.86294e-05 0
 0.739449 0.233085 0.0266225 0.000797448 4.60066e-05
 0.878498 0.100942 0.0204185 0.000141795 0
 0.694673 0.275183 0.0284847 0.00165964 0
 0.469039 0.446079 0.0841089 0.000773354 0
ppred_PELACES
 0.0253482 0.624406 0.309632 0.0406124 1.04458e-06
 0.0839277 0.0235477 0.571792 0.283542 0.0371912
 0.0370637 0.0828318 0.0226232 0.549342 0.30814
 0.41313 0.024199 0.0484009 0.0132194 0.50105
 0.955328 0.0191083 0.0010541 0.00210833 0.0224014
 0.404963 0.568979 0.0111464 0.000614884 0.0142972
 0.897762 0.0442679 0.0554312 0.00108591 0.00145277
 0.872109 0.116226 0.00505082 0.00632452 0.000289655
 0.829361 0.152031 0.0169113 0.000734914 0.000962388
 0.906107 0.0799225 0.0124466 0.00138452 0.000138957
 0.327655 0.613865 0.0497785 0.0077522 0.000948873
 0.279454 0.248116 0.431339 0.0349774 0.0061139
 0.850361 0.0441416 0.0363274 0.0631537 0.00601631
 0.726504 0.237959 0.010483 0.00862728 0.016427
 0.821755 0.137756 0.0352278 0.00155192 0.00370907
 0.797925 0.173393 0.0221664 0.00566852 0.000846547
 0.652413 0.283687 0.0548302 0.00700945 0.00206019
 0.674274 0.219169 0.0869673 0.0168088 0.0027804
 0.587786 0.284622 0.0858516 0.0340663 0.00767336
 0.910219 0.0544332 0.0244069 0.00736193 0.00357925
 0.710329 0.266067 0.0143105 0.00641657 0.00287644
 0.599643 0.286709 0.104387 0.00561451 0.00364597
 0.798588 0.122499 0.0565128 0.0205757 0.00182532
 0.599741 0.322947 0.0470214 0.0216926 0.00859869
 0.0210461 0.597943 0.307416 0.0447602 0.0288346
pobs_pel_tallas
 0 0 0 0 0 0 0 0 0 0 0 0 0 0 0 0 0 0 0 0 0 0 0 0 0 0 0 0 0 0 0 0 0 0 0 0
 0 0 0 0 0 0 0 0 0 0 0 0 0 0 0 0 0 0 0 0 0 0 0 0 0 0 0 0 0 0 0 0 0 0 0 0
 0 0 0 0 0 0 0 0 0 0 0 0 0 0 0 0 0 0 0 0 0 0 0 0 0 0 0 0 0 0 0 0 0 0 0 0
 0 0 0 0 0 0 0 0 0 0 0 0 0 0 0 0 0 0 0 0 0 0 0 0 0 0 0 0 0 0 0 0 0 0 0 0
 0 0 0 0 0 0 0 0 0 0 0 0 0 0 0 0 0 0 0 0 0 0 0 0 0 0 0 0 0 0 0 0 0 0 0 0
 0 0 0 0 0 0 0 0 0 0 0 0 0 0 0 0 0 0 0 0 0 0 0 0 0 0 0 0 0 0 0 0 0 0 0 0
 0 0 0 0 0 0 0 0 0 0 0 0 0 0 0 0 0 0 0 0 0 0 0 0 0 0 0 0 0 0 0 0 0 0 0 0
 0 0 0 0 0 0 0 0 0 0 0 0 0 0 0 0 0 0 0 0 0 0 0 0 0 0 0 0 0 0 0 0 0 0 0 0
 0 0 0 0 0 0 0 0 0 0 0 0 0 0 0 0 0 0 0 0 0 0 0 0 0 0 0 0 0 0 0 0 0 0 0 0
 0 0 0 0 0 0 0 0 0 0 0 0 0 0 0 0 0 0 0 0 0 0 0 0 0 0 0 0 0 0 0 0 0 0 0 0
 0 0 0 0 0 0 0 0 1.78061e-05 0.00172719 0.00360574 0.0105946 0.0120993 0.0124554 0.0147524 0.0171206 0.0266825 0.0428682 0.0675386 0.121331 0.153587 0.119568 0.100827 0.0573624 0.0630603 0.0341343 0.0324427 0.0444173 0.0211091 0.0280891 0.0125444 0.00206551 0 0 0 0
 0 0 0 0 0 0 0 0 0 0 0 0 0 0 0 0 0 0 0 0 0 0 0 0 0 0 0 0 0 0 0 0 0 0 0 0
 0 0 0 0 0 0 0.0133647 0.0140871 0.0187388 0.0205184 0.03894 0.0496705 0.03968 0.0493445 0.0407372 0.0367815 0.0215668 0.0243155 0.0234873 0.0199281 0.019796 0.0243948 0.0301388 0.0376714 0.0412746 0.0863199 0.0771752 0.113111 0.0741005 0.0525337 0.0229764 0.00759418 0.00175318 0 0 0
 0 0 0 0 0 0 0 0 0 0 0.00219441 0.00772107 0.0458388 0.0604681 0.0671733 0.0775358 0.0609151 0.0617685 0.073594 0.0568108 0.0755445 0.0548602 0.0670107 0.0636378 0.0643287 0.046367 0.0373049 0.0286899 0.0247887 0.0153202 0.00654259 0.00121912 0.000365735 0 0 0
 0 0 0 0 0 0 0 0 0 0 0 0 0.000112435 0.00938835 0.0111873 0.0202946 0.0414886 0.0713402 0.111592 0.104902 0.108894 0.110636 0.117776 0.105296 0.107544 0.0401394 0.0192827 0.0124803 0.00416011 0.0028671 0.000618394 0 0 0 0 0
 0 0 0 0 0 0 0 0 0 0 0.00291406 0.0102884 0.027416 0.0768956 0.0749926 0.110853 0.0956884 0.0897413 0.0766577 0.0534642 0.0500743 0.0551293 0.0594112 0.0620874 0.0668451 0.0424026 0.0208742 0.0120726 0.0048766 0.00582813 0.00118941 0.000297354 0 0 0 0
 0 0.00264628 0.0354308 0.0461629 0.0458689 0.0383711 0.0214643 0.0164657 0.0346957 0.0420465 0.0363128 0.0245516 0.0311673 0.0291091 0.0169068 0.0133784 0.00837989 0.0085269 0.0148486 0.0160247 0.0276389 0.0546898 0.0760071 0.122758 0.109233 0.0665981 0.0333725 0.0166128 0.00676272 0.00308733 0.000882094 0 0 0 0 0
 0 0 0 0 0 0 0 0.000805153 0.000690131 0.00759144 0.0133425 0.0154129 0.00931677 0.000345066 0.00356568 0.00563607 0.00851162 0.0253048 0.0502646 0.0516448 0.0657925 0.0565908 0.0611916 0.0827007 0.0866115 0.110766 0.145733 0.0935128 0.0569358 0.0249597 0.0138026 0.00621118 0.00161031 0.00115022 0 0
 0 0 0 0 0 0 0 0 0 0 0 0 0 0 0 0 0 0 0 0 0 0 0 0 0 0 0 0 0 0 0 0 0 0 0 0
 0.00147267 0.00158595 0.00478618 0.00569244 0.00954404 0.0108468 0.00647125 0.017049 0.0510054 0.094081 0.124002 0.0959785 0.0687766 0.0820023 0.061753 0.0591476 0.0492212 0.0479892 0.0443925 0.0268479 0.0217502 0.0140895 0.0121071 0.0120363 0.00920419 0.00665534 0.0049561 0.00860946 0.00930331 0.0156896 0.0114698 0.00855282 0.00243557 0.00046729 0 2.83206e-05
 0 0 0 0 0.000772559 0.00158375 0.000888443 0.00281984 0.00712685 0.0440552 0.0773331 0.111326 0.0921469 0.0852325 0.0710754 0.0886704 0.0786465 0.0553345 0.0373146 0.0185414 0.00753245 0.00457741 0.012979 0.0271748 0.0457355 0.0583668 0.034881 0.0177882 0.00938659 0.00492506 0.0015258 0.00185414 0.000309023 5.79419e-05 3.86279e-05 0
 0 0.00173294 0.00326652 0 0.00397197 0.00683976 0.00946217 0.0152591 0.00757587 0.0136028 0.0228656 0.0392903 0.0559909 0.0764795 0.0681675 0.0726916 0.0566044 0.0477403 0.0527397 0.0444891 0.0609904 0.0582453 0.0661739 0.0445044 0.0529084 0.0360697 0.0280645 0.0235558 0.0158879 0.00826598 0.00280645 0.00217768 0.000904811 0.00058276 9.20147e-05 0
 0 0 0 0 0 0 0 0 0 0 0 0 0 0 0 0 0 0 0 0 0 0 0 0 0 0 0 0 0 0 0 0 0 0 0 0
 0 0 0 0 0 0 0 0 0 0 0 0 0 0 0 0 0 0 0 0 0 0 0 0 0 0 0 0 0 0 0 0 0 0 0 0
 0 0 0 0 0 0 0 0 0 0 0 0 0 0 0 0 0 0 0 0 0 0 0 0 0 0 0 0 0 0 0 0 0 0 0 0
ppred_pel_tallas
 1.05995e-16 1.14399e-06 6.61839e-06 3.12609e-05 0.000120021 0.000373971 0.000945312 0.00193936 0.00323423 0.00440258 0.00494679 0.00473444 0.00419921 0.00408773 0.00504965 0.00746287 0.0115131 0.017293 0.0247812 0.0337438 0.0436561 0.0537086 0.0629137 0.0702875 0.0750572 0.0768214 0.0756181 0.0718727 0.0662592 0.059523 0.0523283 0.0451698 0.038357 0.0320502 0.026319 0.0211921
 1.19605e-16 3.67427e-06 2.15279e-05 0.000102263 0.000393604 0.00122727 0.00309997 0.00634356 0.0105178 0.0141336 0.0154025 0.0136398 0.00988307 0.00601594 0.00340459 0.00237881 0.00264954 0.00389134 0.0059922 0.0090206 0.0131148 0.0183937 0.0248954 0.0325327 0.0410624 0.0500752 0.0590128 0.0672164 0.074003 0.0787596 0.0810349 0.0806118 0.0775437 0.072143 0.0649301 0.0565488
 1.33623e-16 1.63084e-06 9.53158e-06 4.52322e-05 0.000174021 0.000542523 0.0013704 0.00280492 0.00465322 0.0062607 0.00684344 0.00610929 0.00453337 0.00297321 0.00206833 0.00201098 0.00272808 0.0041332 0.00623008 0.00909182 0.0128093 0.0174543 0.0230603 0.0296096 0.0370218 0.0451377 0.0537014 0.0623469 0.0706009 0.0779089 0.0836904 0.0874165 0.0886946 0.0873383 0.0834096 0.0772154
 1.24562e-16 1.80271e-05 0.000105796 0.000502896 0.00193616 0.0060377 0.0152506 0.0312044 0.0517235 0.0694595 0.0755759 0.06664 0.0476529 0.0277116 0.0132716 0.00556425 0.00263188 0.0021931 0.00290069 0.00424918 0.00614702 0.00863694 0.0117804 0.0156156 0.0201359 0.0252721 0.0308772 0.0367188 0.0424828 0.0477942 0.0522537 0.0554868 0.0571976 0.0572139 0.0555157 0.0522416
 1.01141e-16 4.16701e-05 0.0002446 0.00116278 0.00447687 0.0139608 0.0352637 0.0721525 0.119595 0.160594 0.174708 0.153988 0.109973 0.063663 0.0299279 0.0115312 0.00383124 0.00140307 0.000948665 0.00108905 0.00138756 0.00172325 0.00205213 0.00234648 0.0025872 0.00276565 0.00288418 0.00295345 0.00298726 0.00299703 0.0029878 0.0029573 0.00289771 0.0027995 0.00265542 0.00246367
 1.01033e-16 1.7694e-05 0.000103788 0.000493233 0.00189876 0.00592091 0.0149563 0.0306063 0.0507474 0.0681949 0.0743216 0.0658236 0.0476999 0.0290099 0.0162664 0.010885 0.0111345 0.0148735 0.0206984 0.0277759 0.0353923 0.0427226 0.0488472 0.0529093 0.0543088 0.0528507 0.0487953 0.0427863 0.0356887 0.0283874 0.0216133 0.0158406 0.0112677 0.0078663 0.00546449 0.00383125
 1.00907e-16 3.91612e-05 0.000229868 0.00109274 0.00420717 0.0131197 0.0331392 0.067806 0.112391 0.150923 0.164196 0.14474 0.103408 0.0599427 0.0283313 0.0111866 0.00416409 0.00218121 0.00214772 0.00276563 0.00360776 0.00452819 0.00544062 0.00626767 0.00694166 0.007414 0.00766112 0.00768378 0.00750139 0.0071441 0.00664585 0.0060405 0.00536101 0.00463984 0.00390945 0.00320129
 1.00341e-16 3.80454e-05 0.000223311 0.00106155 0.00408707 0.0127452 0.0321932 0.065871 0.109186 0.146625 0.159535 0.14067 0.100583 0.0584715 0.0279476 0.0115761 0.00516054 0.00377532 0.00440703 0.00575081 0.00731216 0.00884116 0.0101355 0.0110178 0.0113638 0.011131 0.0103687 0.00920345 0.00780664 0.00635408 0.00499118 0.00381259 0.00285879 0.002126 0.00158286 0.00118709
 1.0036e-16 3.61828e-05 0.000212372 0.00100954 0.00388681 0.0121207 0.0306158 0.0626437 0.103838 0.139447 0.151735 0.133816 0.0957347 0.0557592 0.0268501 0.0114657 0.00563389 0.00468384 0.00575113 0.00757829 0.00965742 0.0116943 0.0134293 0.0146289 0.015127 0.014863 0.013896 0.0123863 0.0105544 0.00862874 0.00680096 0.005199 0.00388207 0.00285263 0.00207679 0.00150502
 1.00257e-16 3.95264e-05 0.000232009 0.00110291 0.00424633 0.0132418 0.0334477 0.0684374 0.113439 0.152333 0.165736 0.146114 0.104426 0.0606062 0.028781 0.0115989 0.00468306 0.00290538 0.00313636 0.00403935 0.00513977 0.00623446 0.0071781 0.0078461 0.00814962 0.0080545 0.00758859 0.00683267 0.00589905 0.00490487 0.00394893 0.00309797 0.00238413 0.00181097 0.00136389 0.00102044
 1.01218e-16 1.43249e-05 8.40046e-05 0.000399169 0.00153657 0.00479144 0.0121034 0.0247694 0.0410742 0.0552101 0.0602077 0.0534123 0.0388991 0.0240427 0.0141725 0.0105045 0.0117078 0.0161001 0.022552 0.03033 0.0387196 0.0468465 0.0537202 0.0584089 0.0602501 0.0590096 0.0549391 0.0487015 0.041201 0.0333713 0.025992 0.0195794 0.0143664 0.0103515 0.00738366 0.00524798
 1.07692e-16 1.22092e-05 7.1615e-05 0.000340337 0.00131017 0.00408549 0.0103198 0.0211175 0.0350116 0.0470409 0.0512458 0.045336 0.0327455 0.0197048 0.0106852 0.00664672 0.00639803 0.00850484 0.0121011 0.0167856 0.0223055 0.028365 0.0345803 0.040515 0.0457451 0.0499198 0.0528006 0.0542689 0.05431 0.0529877 0.050423 0.0467835 0.042283 0.0371776 0.031756 0.0263157
 1.02982e-16 3.70941e-05 0.000217733 0.00103504 0.00398505 0.0124271 0.0313896 0.0642261 0.106457 0.142956 0.155529 0.137102 0.097957 0.0567945 0.0268658 0.0106489 0.00403283 0.00220907 0.00225718 0.00295548 0.00390799 0.00498543 0.00611455 0.00722883 0.00826745 0.00918188 0.00993925 0.0105199 0.0109119 0.0111049 0.0110876 0.01085 0.0103893 0.00971553 0.00885632 0.00785647
 1.01291e-16 3.17012e-05 0.000186054 0.000884399 0.00340496 0.010618 0.0268204 0.0548786 0.0909694 0.122175 0.132967 0.117323 0.0840649 0.0492239 0.0241926 0.0111706 0.00672355 0.00679055 0.00886326 0.0117962 0.015049 0.0182233 0.0209277 0.0228041 0.0235997 0.0232273 0.0217856 0.0195295 0.0168034 0.0139589 0.0112844 0.00896442 0.00707376 0.00559901 0.00447354 0.00361201
 1.00772e-16 3.58507e-05 0.000210423 0.00100028 0.00385115 0.0120095 0.0303349 0.0620689 0.102884 0.138166 0.150339 0.132579 0.0948368 0.0552109 0.0265392 0.0112541 0.00541738 0.00440134 0.00537272 0.00709646 0.00908644 0.0110727 0.0128199 0.0141138 0.0147965 0.0148007 0.014163 0.0130093 0.0115201 0.00988565 0.00826875 0.00678178 0.00548289 0.00438577 0.00347625 0.00272825
 1.00606e-16 3.4813e-05 0.000204328 0.000971292 0.00373954 0.0116614 0.0294558 0.0602704 0.0999045 0.134168 0.145997 0.128772 0.0921603 0.0537473 0.0260123 0.0113332 0.00590112 0.00523134 0.00656976 0.00869675 0.0111003 0.0134619 0.0154891 0.016916 0.0175521 0.0173257 0.0163 0.0146528 0.0126297 0.0104855 0.00843405 0.00661814 0.00510436 0.00389678 0.00296012 0.00224271
 1.01208e-16 2.84725e-05 0.000167094 0.000794252 0.00305785 0.00953558 0.0240863 0.0492848 0.081699 0.109732 0.119441 0.105432 0.0756362 0.0444742 0.0222049 0.0108381 0.00732417 0.00804323 0.01075 0.0143931 0.0184283 0.0224054 0.0258588 0.0283524 0.0295677 0.0293764 0.0278678 0.0253174 0.0221123 0.0186579 0.0152978 0.0122659 0.00967803 0.00755262 0.00584706 0.00449246
 1.02014e-16 2.94232e-05 0.000172681 0.000820827 0.0031602 0.00985475 0.0248924 0.0509337 0.0844302 0.113394 0.123411 0.108897 0.0780368 0.0457148 0.0225087 0.0104671 0.00641266 0.00659049 0.00868963 0.0116661 0.0150367 0.0184455 0.0215333 0.0239572 0.025454 0.0258954 0.0253105 0.0238652 0.0218112 0.0194211 0.0169325 0.014516 0.0122702 0.0102359 0.00841969 0.0068138
 1.02841e-16 2.56546e-05 0.00015055 0.000715599 0.00275502 0.00859121 0.0217009 0.0444041 0.0736094 0.0988694 0.107627 0.0950226 0.0682127 0.0401982 0.0202364 0.0101565 0.00723107 0.0082177 0.0111064 0.0149521 0.0192523 0.0235743 0.0274595 0.0304695 0.032273 0.0327175 0.0318565 0.0299212 0.0272505 0.024204 0.0210882 0.0181146 0.0153943 0.01296 0.0107989 0.00888367
 1.00785e-16 3.97047e-05 0.000233058 0.0011079 0.00426555 0.0133018 0.0335991 0.068747 0.113951 0.153019 0.166477 0.146754 0.104854 0.0607959 0.0287614 0.0114014 0.00431115 0.00233524 0.00233451 0.00298247 0.00383159 0.00471749 0.00553798 0.00620617 0.00665559 0.0068519 0.00679819 0.00653017 0.00610391 0.00558046 0.00501286 0.00443908 0.00388134 0.00335002 0.00284935 0.00238203
 1.00645e-16 3.09971e-05 0.000181917 0.000864728 0.00332921 0.0103818 0.0262237 0.053658 0.0889471 0.119462 0.130022 0.114744 0.082257 0.0482469 0.0238642 0.0112738 0.00713101 0.00747392 0.0098483 0.0131175 0.0167194 0.0202155 0.0231664 0.0251687 0.0259378 0.025376 0.0235963 0.0208899 0.0176511 0.0142855 0.0111293 0.00840284 0.00620169 0.00451916 0.00328402 0.00239855
 1.01939e-16 2.61718e-05 0.000153586 0.000730032 0.00281059 0.00876449 0.0221386 0.0452997 0.0750939 0.100863 0.109796 0.0969357 0.0695816 0.0409957 0.020621 0.0103215 0.00731303 0.00828597 0.0111885 0.0150558 0.0193755 0.0237065 0.0275811 0.0305509 0.0322758 0.0325965 0.0315645 0.0294148 0.0264965 0.0231859 0.0198104 0.0166043 0.0137005 0.0111487 0.00894639 0.00706738
 1.01635e-16 3.48399e-05 0.000204491 0.000972074 0.00374257 0.0116709 0.0294796 0.0603188 0.0999833 0.134269 0.146097 0.128834 0.092149 0.0536282 0.0257459 0.0108642 0.005156 0.00412708 0.00503204 0.00668454 0.00863175 0.0106343 0.0124858 0.0139933 0.0150065 0.0154469 0.01532 0.0147051 0.013728 0.0125262 0.0112203 0.00989779 0.00861146 0.00738763 0.00623856 0.00517242
 1.0192e-16 2.61773e-05 0.000153615 0.000730166 0.00281109 0.00876606 0.0221426 0.0453081 0.0751088 0.100886 0.109828 0.0969811 0.0696512 0.0411107 0.0208143 0.0106373 0.00780372 0.00900493 0.0121785 0.0163333 0.020914 0.0254249 0.0293421 0.0321745 0.0335656 0.033376 0.031713 0.0288934 0.0253573 0.0215614 0.0178871 0.0145874 0.0117792 0.00946926 0.00759811 0.00608131
 1.07444e-16 9.55256e-07 5.51295e-06 2.60113e-05 9.9819e-05 0.000310978 0.000786166 0.00161354 0.00269342 0.00367415 0.00414846 0.00401682 0.00365623 0.00371193 0.00475769 0.00714893 0.0110834 0.0166737 0.0239181 0.0326057 0.0422451 0.0520708 0.0611443 0.0685273 0.0734776 0.0756015 0.0749178 0.0718087 0.0668888 0.0608383 0.0542613 0.047605 0.0411488 0.035041 0.0293552 0.024137
pSPR Fmed_Fpbrs
0.509945   0.35296 0.35296
Fs Fmed_Fpbrs
0.519155   1.005 1.005
SSBpbr Bo_Bmed_Bpbrs
1.02064e+06  469439  309214 309214
Ro
15994.5
SPR SPRFo_SPRFmed_SPRFpbrs
328892 167717 116086
log_Ro
9.5
likeval ReclasPelacesDesembMPH_pf_preclas_ppelaces_ptallas_desvR_qrecl_qpela
 96.2479 101.544 0.163069 0.000534474 416.783 205.884 88.8362 0 78.3152 3.43466e-06 0 0 0 0 0
q_reclas_q_pelaces
0.769036 1
M
0.7
N
 2390.76 63165.4 31322.6 4108.37 0.10567
 3660.93 1171.38 28443.6 14104.7 1850.07
 461.434 1772.73 484.171 11756.8 6594.67
 2630.75 206.53 413.086 112.823 4276.29
 55785.1 1235.04 68.1301 136.269 1447.88
 11020 27167.9 532.226 29.3598 682.671
 53769.3 4913.01 6151.96 120.518 161.234
 73659 23722.3 1030.9 1290.86 59.1199
 76006.6 30884 3435.42 149.293 195.503
 243644 32400.5 5045.85 561.282 56.3329
 41424.9 111829 9068.26 1412.24 172.858
 14913.4 19179.3 33342.4 2703.75 472.604
 59642.5 6897.85 5676.76 9868.81 940.148
 23161 25399.8 1118.96 920.878 1753.42
 14489.7 9122.37 2332.82 102.77 245.618
 14498.3 5582.72 713.691 182.509 27.2562
 9491.3 6451.57 1246.94 159.408 46.8525
 9240.01 4326.25 1716.68 331.794 54.8831
 6069.39 4278.3 1290.48 512.068 115.342
 27944.3 2804.56 1257.52 379.309 184.414
 29205.1 12565.1 675.817 303.024 135.841
 24804.6 14122.5 5141.86 276.556 179.591
 60203.8 11912 5495.4 2000.81 177.497
 42180.9 28472 4145.56 1912.49 758.087
 534.791 20058.1 10312.3 1501.49 967.262
pred_Ctot
 22.9603 4257.63 2111.28 276.923 0.00712266
 65.6045 142.728 3465.77 1718.61 225.425
 32.9434 706.247 192.891 4683.84 2627.28
 103.667 51.044 102.094 27.8842 1056.89
 774.416 118.381 6.53042 13.0617 138.783
 815.156 11111.2 217.672 12.0077 279.201
 4343.53 2141.77 2681.88 52.5385 70.2879
 8326.96 12937.6 562.227 704.007 32.2426
 7806.71 15854.7 1763.62 76.6416 100.364
 13327.2 10506.2 1636.17 182.002 18.2666
 2023.62 33086.5 2683 417.833 51.143
 738.641 5738.97 9976.95 809.034 141.416
 6162.66 3554.78 2925.5 5085.86 484.502
 3491.63 16304.4 718.271 591.12 1125.53
 2369.81 6098.64 1559.57 68.7054 164.205
 1090.29 2311.04 295.442 75.5519 11.2831
 563.226 2231.42 431.283 55.1349 16.205
 450.987 1279.08 507.547 98.0971 16.2266
 304.528 1293.8 390.255 154.855 34.8807
 1910.42 1081.64 484.986 146.288 71.1229
 551.582 1607.66 86.4686 38.7709 17.3803
 588.579 2228.95 811.537 43.6487 28.3448
 2068.62 2615.81 1206.77 439.37 38.9776
 1289.67 5642.91 821.615 379.039 150.247
 20.0099 4742.04 2437.99 354.975 228.675
F
 0.0134335 0.0978312 0.0978312 0.0978312 0.0978312
 0.0251966 0.183497 0.183497 0.183497 0.183497
 0.103894 0.75662 0.75662 0.75662 0.75662
 0.0561648 0.409027 0.409027 0.409027 0.409027
 0.0194697 0.141791 0.141791 0.141791 0.141791
 0.107828 0.785267 0.785267 0.785267 0.785267
 0.11829 0.86146 0.86146 0.86146 0.86146
 0.169208 1.23227 1.23227 1.23227 1.23227
 0.152647 1.11167 1.11167 1.11167 1.11167
 0.0787344 0.573393 0.573393 0.573393 0.573393
 0.0700493 0.510142 0.510142 0.510142 0.510142
 0.071053 0.517451 0.517451 0.517451 0.517451
 0.153627 1.11881 1.11881 1.11881 1.11881
 0.231739 1.68766 1.68766 1.68766 1.68766
 0.25376 1.84804 1.84804 1.84804 1.84804
 0.109711 0.798983 0.798983 0.798983 0.798983
 0.0856743 0.623933 0.623933 0.623933 0.623933
 0.0699868 0.509687 0.509687 0.509687 0.509687
 0.0720097 0.524419 0.524419 0.524419 0.524419
 0.0992886 0.72308 0.72308 0.72308 0.72308
 0.0265713 0.193508 0.193509 0.193509 0.193509
 0.0334853 0.243861 0.243861 0.243861 0.243861
 0.0488158 0.355506 0.355506 0.355506 0.355506
 0.0433334 0.31558 0.31558 0.31558 0.31558
 0.053261 0.38788 0.38788 0.38788 0.38788
YTP_r0W_actual
 224.111 104325 80453.7 14589.5 9787.3
YTP_p0W_proyectada
 17232.7 2598.82 101695 68203.5 15168.4
 17232.7 96868.3 688.724 24113.9 16738.9
CTP_r0_actual
 20.0099 4742.04 2437.99 354.975 228.675
CTP_p0_proyectada
 2027.38 121.44 3259.46 1675.76 326.202
 2027.38 4526.56 22.0745 592.48 359.977
Wmedp
 8.5 21.4 31.2 40.7 46.5
nmprior
 10.6 11 7 0
nm_flota  nm_reclas  nm_pelaces    nm_pelaL
inf 17.7843 14.522 32.4067
cv_recla  cv_pelaces  cv_mph
0.887402 1.14261 0.750069
 ------------------------------------------------
Talla a la edad & desviaci?n 
 7.2 14.2025 17.0495 18.207 18.6776
 1.08 2.13037 2.55742 2.73105 2.80164
