years
 1997 1998 1999 2000 2001 2002 2003 2004 2005 2006 2007 2008 2009 2010 2011 2012 2013 2014 2015 2016 2017 2018 2019 2020 2021
reclasobs
 0 0 0 370054 412103 1.49427e+06 250295 1.28982e+06 931140 785840 897777 1.04006e+06 184774 17550 25797 100020 73551 82996 120727 218422 84188 347160 605670 569463 516374
reclaspred
 1.09137e+06 259638 756002 441266 535908 689243 1.42964e+06 1.05252e+06 1.25321e+06 1.27154e+06 1.13759e+06 776249 452450 209079 141063 142679 175906 252770 281370 374555 578916 573931 962971 1.17485e+06 1.60703e+06
pelacesobs
 0 0 0 0 0 0 0 0 0 2.06254e+06 1.5e+06 0 1.87456e+06 323000 250000 174000 83755 137374 0 501740 490994 745055 786931 1.00524e+06 1.33801e+06
pelacespred
 696818 251376 272569 312981 324050 330005 729706 702111 725244 765573 594015 418513 240053 89481.9 60217.8 69511.6 89836.7 130470 153450 196850 332417 344488 438251 637125 851142
mphobs
 0 0 0 0 0 112323 0 153150 637223 0 255016 313432 73983 77613 109348 50772 0 0 0 0 0 0 0 0 0
mphpred
 755390 452722 450531 473692 418247 599901 869373 1.1216e+06 1.03745e+06 1.15212e+06 1.15543e+06 817550 504185 267977 129616 116983 136352 192007 243486 279523 427124 537636 661532 920889 1.28918e+06
desembarqueobs
 350755 77701 442110 56441 14545 235359 269955 359681 431902 328805 639364 411747 362871 311530 167758 66681 60226 58785 57116 73181 50977 67692 138656 160484 209506
desembarquepred
 350782 77712.3 442281 56447.4 14545.4 235461 270006 359707 431941 328814 639636 412044 363158 311936 167792 66702.1 60253.8 58793.3 57118 73182.5 50978.3 67689.6 138662 160493 209511
Reclutas
 52878.5 52470.6 30119.4 34296.5 61567.7 51045.1 93366.8 93992.5 127701 128952 72142.6 42789.3 46175 28864.3 20457.9 18321.9 15893 17781.2 19275 34234.9 48456 55073.3 88455.5 110708 68353.2
log_desv_Rt
 0.115752 0.108009 -0.447074 -0.317202 0.267892 0.0804649 0.684291 0.69097 0.997445 1.0072 0.4264 -0.0959555 -0.0198059 -0.48964 -0.833875 -0.944145 -1.08637 -0.9741 -0.893436 -0.319 0.028412 0.156421 0.630255 0.854651 0.372443
SSB
 755390 452722 450531 473692 418247 599901 869373 1.1216e+06 1.03745e+06 1.15212e+06 1.15543e+06 817550 504185 267977 129616 116983 136352 192007 243486 279523 427124 537636 661532 920889 1.28918e+06
BT
 2.32691e+06 612170 935591 716269 753605 839815 2.10361e+06 1.96565e+06 2.1752e+06 2.04586e+06 1.83712e+06 1.24988e+06 889940 489932 293292 213438 259917 344513 369713 512458 829684 756046 1.02559e+06 1.53297e+06 1.95247e+06
Ftot
 0.309311 0.288373 0.551192 0.124476 0.0265604 0.327688 0.183239 0.328416 0.331327 0.249779 0.530527 0.501799 0.743661 1.29757 1.07292 0.445347 0.329196 0.225001 0.196631 0.189471 0.0859027 0.114824 0.13998 0.132887 0.126816
BD_Bspro_t
 0.957548 0.764537 0.6767 0.507975 0.603763 0.741909 0.691912 0.718221 0.670199 0.646104 0.620189 0.462765 0.353415 0.252797 0.154377 0.165331 0.245144 0.390573 0.50807 0.602445 0.717915 0.807327 0.814397 0.816328 0.822118
BD_Bspro
 0.779974 0.467456 0.465194 0.489108 0.431858 0.619424 0.897666 1.1581 1.07122 1.18961 1.19303 0.844157 0.520593 0.276698 0.133834 0.12079 0.14079 0.198256 0.25141 0.28862 0.441024 0.555133 0.683062 0.950859 1.33113
BD_Bo
 0.717148 0.429803 0.427723 0.449711 0.397073 0.569531 0.82536 1.06482 0.984932 1.09379 1.09693 0.776162 0.47866 0.25441 0.123054 0.111061 0.129449 0.182287 0.231159 0.265372 0.405501 0.510418 0.628042 0.874269 1.22391
BD_Brms
 3.48816 2.09053 2.08042 2.18736 1.93134 2.77016 4.0145 5.17922 4.79064 5.32012 5.33541 3.7752 2.32817 1.23744 0.598525 0.540191 0.629634 0.886629 1.12434 1.29075 1.97233 2.48264 3.05475 4.25238 5.95302
S_f
 0.5 1 1 1 1
 0.5 1 1 1 1
 0.5 1 1 1 1
 0.5 1 1 1 1
 0.5 1 1 1 1
 0.5 1 1 1 1
 0.5 1 1 1 1
 0.5 1 1 1 1
 0.5 1 1 1 1
 0.5 1 1 1 1
 0.5 1 1 1 1
 0.5 1 1 1 1
 0.5 1 1 1 1
 0.5 1 1 1 1
 0.5 1 1 1 1
 0.5 1 1 1 1
 0.5 1 1 1 1
 0.5 1 1 1 1
 0.5 1 1 1 1
 0.5 1 1 1 1
 0.5 1 1 1 1
 0.5 1 1 1 1
 0.5 1 1 1 1
 0.5 1 1 1 1
 0.5 1 1 1 1
Scru_reclas
 0.5 1 1 1 1
 0.5 1 1 1 1
 0.5 1 1 1 1
 0.5 1 1 1 1
 0.5 1 1 1 1
 0.5 1 1 1 1
 0.5 1 1 1 1
 0.5 1 1 1 1
 0.5 1 1 1 1
 0.5 1 1 1 1
 0.5 1 1 1 1
 0.5 1 1 1 1
 0.5 1 1 1 1
 0.5 1 1 1 1
 0.5 1 1 1 1
 0.5 1 1 1 1
 0.5 1 1 1 1
 0.5 1 1 1 1
 0.5 1 1 1 1
 0.5 1 1 1 1
 0.5 1 1 1 1
 0.5 1 1 1 1
 0.5 1 1 1 1
 0.5 1 1 1 1
 0.5 1 1 1 1
Scru_pelaces
 0.5 1 1 1 1
 0.5 1 1 1 1
 0.5 1 1 1 1
 0.5 1 1 1 1
 0.5 1 1 1 1
 0.5 1 1 1 1
 0.5 1 1 1 1
 0.5 1 1 1 1
 0.5 1 1 1 1
 0.5 1 1 1 1
 0.5 1 1 1 1
 0.5 1 1 1 1
 0.5 1 1 1 1
 0.5 1 1 1 1
 0.5 1 1 1 1
 0.5 1 1 1 1
 0.5 1 1 1 1
 0.5 1 1 1 1
 0.5 1 1 1 1
 0.5 1 1 1 1
 0.5 1 1 1 1
 0.5 1 1 1 1
 0.5 1 1 1 1
 0.5 1 1 1 1
 0.5 1 1 1 1
pf_obs 
 0.256992 0.487395 0.22802 0.0275931 0
 0.321318 0.546541 0.124235 0.00734118 0.000564706
 0.182869 0.594174 0.210203 0.0122559 0.00049798
 0.330522 0.361315 0.267642 0.0388342 0.00168674
 0.649043 0.306663 0.0425973 0.00169635 0
 0.582887 0.30429 0.105238 0.00758474 0
 0.465427 0.430635 0.0974691 0.00646863 0
 0.296916 0.608066 0.0921331 0.00288517 0
 0.311714 0.524322 0.152257 0.0117073 0
 0.15457 0.633149 0.183074 0.0267441 0.00246327
 0.131901 0.49318 0.331252 0.0422183 0.00144891
 0.196976 0.569456 0.194076 0.0375587 0.00193317
 0.518974 0.381816 0.0799577 0.0180837 0.00116848
 0.0928022 0.601141 0.25162 0.0475244 0.00691264
 0.122501 0.610282 0.24278 0.0234846 0.000952079
 0.383417 0.481906 0.127806 0.00687128 0
 0.0376549 0.599619 0.316969 0.0457579 0
 0.0361596 0.667082 0.258105 0.0386534 0
 0.158088 0.579412 0.248529 0.0139706 0
 0.0477256 0.309471 0.559284 0.082774 0.000745712
 0.0406174 0.521527 0.379366 0.0568643 0.0016247
 0.151134 0.462217 0.34131 0.0453401 0
 0.294876 0.26143 0.354403 0.0886775 0.000613685
 0.281977 0.475581 0.204845 0.0348837 0.00271318
 0.0841818 0.532909 0.334909 0.0458182 0.00218182
pf_pred 
 0.537748 0.329279 0.119189 0.0137787 5.89315e-06
 0.470893 0.379795 0.10636 0.0384992 0.00445256
 0.330021 0.441621 0.163916 0.045904 0.0185376
 0.454487 0.292891 0.166518 0.0618061 0.0242984
 0.550576 0.284556 0.0885196 0.0503261 0.0260231
 0.392166 0.432586 0.11096 0.0345173 0.0297716
 0.569658 0.252402 0.126637 0.0324829 0.0188203
 0.46707 0.392283 0.0824914 0.0413882 0.0167672
 0.53233 0.307906 0.1176 0.0247296 0.017434
 0.474951 0.375259 0.0986195 0.0376662 0.0135046
 0.319659 0.449198 0.165201 0.0434154 0.022527
 0.311309 0.360557 0.216652 0.0796777 0.0318046
 0.45308 0.279839 0.139827 0.0840196 0.0432338
 0.438597 0.378689 0.0934882 0.0467132 0.0425126
 0.540185 0.322811 0.0924146 0.0228147 0.0217745
 0.56446 0.333733 0.0714736 0.0204615 0.0098725
 0.466327 0.398648 0.103463 0.0221581 0.00940409
 0.478267 0.343177 0.133379 0.0346165 0.01056
 0.45741 0.35898 0.120772 0.0469391 0.0158987
 0.56837 0.276544 0.102605 0.0345196 0.0179606
 0.540027 0.338273 0.0779732 0.0289302 0.0147971
 0.463855 0.378712 0.115778 0.0266874 0.0149662
 0.530984 0.300751 0.118856 0.0363361 0.0130727
 0.494068 0.355169 0.0966753 0.0382057 0.0158823
 0.31384 0.45955 0.159082 0.0433013 0.0242263
pobs_RECLAS
 0 0 0 0 0
 0 0 0 0 0
 0 0 0 0 0
 0 0 0 0 0
 0.835266 0.146461 0.0176864 0.000547809 3.91292e-05
 0.385257 0.428462 0.181853 0.0044286 0
 0.867414 0.0963971 0.0333333 0.00285562 0
 0.441836 0.489002 0.0689373 0.000224442 0
 0.779404 0.147425 0.0564933 0.0165055 0.000172143
 0.814271 0.122319 0.05973 0.00367925 0
 0.40263 0.566651 0.0304383 0.000280538 0
 0.475488 0.404961 0.113038 0.00651328 0
 0.955842 0.0263864 0.0167828 0.000988607 0
 0.975058 0.0227948 0.00214734 0 0
 0.738997 0.206755 0.0527124 0.00153531 0
 0.850938 0.134255 0.0134407 0.00136685 0
 0.542534 0.407297 0.0501686 0 0
 0.764087 0.199537 0.0359546 0.000420521 0
 0.470689 0.182191 0.310203 0.0369168 0
 0.84361 0.089868 0.0606195 0.00523954 0.000663233
 0.607945 0.314616 0.071237 0.00620181 0
 0.523733 0.453247 0.0230204 0 0
 0.530135 0.295979 0.169645 0.0042399 0
 0.562478 0.366248 0.0663022 0.0049721 0
 0.250443 0.683176 0.0655157 0.000865301 0
ppred_RECLAS
 0.54069 0.327183 0.118431 0.013691 5.85565e-06
 0.473599 0.377852 0.105816 0.0383023 0.00442979
 0.335583 0.437955 0.162555 0.045523 0.0183837
 0.455496 0.292349 0.166209 0.0616917 0.0242534
 0.550771 0.284432 0.0884811 0.0503042 0.0260118
 0.395203 0.430424 0.110405 0.0343449 0.0296229
 0.571206 0.251494 0.126181 0.032366 0.0187525
 0.470248 0.389944 0.0819996 0.0411415 0.0166672
 0.53554 0.305793 0.116793 0.0245598 0.0173144
 0.477225 0.373634 0.0981924 0.0375031 0.0134461
 0.324854 0.445768 0.163939 0.0430838 0.0223549
 0.316061 0.358069 0.215157 0.0791278 0.0315851
 0.462503 0.275018 0.137418 0.082572 0.0424889
 0.459965 0.364275 0.0899298 0.0449352 0.0408945
 0.556231 0.311546 0.0891897 0.0220186 0.0210147
 0.569088 0.330186 0.070714 0.0202441 0.00976758
 0.469513 0.396268 0.102845 0.0220258 0.00934795
 0.480275 0.341857 0.132866 0.0344834 0.0105194
 0.459114 0.357853 0.120393 0.0467918 0.0158488
 0.569981 0.275512 0.102222 0.0343907 0.0178936
 0.5407 0.337778 0.0778591 0.0288878 0.0147754
 0.464781 0.378058 0.115578 0.0266413 0.0149404
 0.532141 0.300009 0.118563 0.0362465 0.0130404
 0.495163 0.3544 0.096466 0.038123 0.0158479
 0.314736 0.45895 0.158874 0.0432448 0.0241947
pobs_PELACES
 0 0 0 0 0
 0 0 0 0 0
 0 0 0 0 0
 0 0 0 0 0
 0 0 0 0 0
 0 0 0 0 0
 0 0 0 0 0
 0 0 0 0 0
 0 0 0 0 0
 0 0 0 0 0
 0.450072 0.473896 0.0757376 0.000293798 0
 0 0 0 0 0
 0.463077 0.371075 0.160297 0.00555027 0
 0.529543 0.364841 0.0842815 0.0213345 0
 0.631943 0.363953 0.00410389 0 0
 0.735681 0.248677 0.0153453 0.000297389 0
 0.695825 0.281241 0.0229344 0 0
 0.275771 0.60734 0.115278 0.00161068 0
 0 0 0 0 0
 0.896147 0.0623911 0.0374545 0.00400742 0
 0.803859 0.145111 0.0509908 3.86294e-05 0
 0.739449 0.233085 0.0266225 0.000797448 4.60066e-05
 0.878498 0.100942 0.0204185 0.000141795 0
 0.694673 0.275183 0.0284847 0.00165964 0
 0.469039 0.446079 0.0841089 0.000773354 0
ppred_PELACES
 0.553335 0.318175 0.11517 0.0133141 5.69443e-06
 0.485474 0.369328 0.103429 0.0374383 0.00432986
 0.356155 0.424395 0.157522 0.0441135 0.0178145
 0.460595 0.289612 0.164653 0.0611141 0.0240263
 0.551855 0.283745 0.0882675 0.0501828 0.025949
 0.408197 0.421177 0.108033 0.033607 0.0289864
 0.578595 0.24716 0.124007 0.0318083 0.0184294
 0.483765 0.379994 0.0799072 0.0400917 0.0162419
 0.549109 0.29686 0.113381 0.0238423 0.0168086
 0.487515 0.366279 0.0962596 0.0367649 0.0131815
 0.344339 0.432903 0.159208 0.0418404 0.0217098
 0.334225 0.348559 0.209443 0.0770263 0.0307462
 0.493109 0.259358 0.129593 0.0778703 0.0400695
 0.513401 0.32823 0.0810314 0.0404889 0.036848
 0.599387 0.281249 0.0805162 0.0198773 0.018971
 0.587009 0.316454 0.0677732 0.0194022 0.00936137
 0.483061 0.386148 0.100219 0.0214633 0.00910921
 0.489547 0.335757 0.130495 0.0338681 0.0103317
 0.467181 0.352516 0.118597 0.0460939 0.0156124
 0.577626 0.270614 0.100405 0.0337793 0.0175754
 0.544218 0.335191 0.0772628 0.0286666 0.0146623
 0.469497 0.374727 0.11456 0.0264066 0.0148088
 0.537887 0.296325 0.117107 0.0358014 0.0128803
 0.500644 0.350552 0.0954186 0.0377091 0.0156758
 0.319266 0.455916 0.157824 0.0429589 0.0240347
pobs_pel_tallas
 0 0 0 0 0 0 0 0 0 0 0 0 0 0 0 0 0 0 0 0 0 0 0 0 0 0 0 0 0 0 0 0 0 0 0 0
 0 0 0 0 0 0 0 0 0 0 0 0 0 0 0 0 0 0 0 0 0 0 0 0 0 0 0 0 0 0 0 0 0 0 0 0
 0 0 0 0 0 0 0 0 0 0 0 0 0 0 0 0 0 0 0 0 0 0 0 0 0 0 0 0 0 0 0 0 0 0 0 0
 0 0 0 0 0 0 0 0 0 0 0 0 0 0 0 0 0 0 0 0 0 0 0 0 0 0 0 0 0 0 0 0 0 0 0 0
 0 0 0 0 0 0 0 0 0 0 0 0 0 0 0 0 0 0 0 0 0 0 0 0 0 0 0 0 0 0 0 0 0 0 0 0
 0 0 0 0 0 0 0 0 0 0 0 0 0 0 0 0 0 0 0 0 0 0 0 0 0 0 0 0 0 0 0 0 0 0 0 0
 0 0 0 0 0 0 0 0 0 0 0 0 0 0 0 0 0 0 0 0 0 0 0 0 0 0 0 0 0 0 0 0 0 0 0 0
 0 0 0 0 0 0 0 0 0 0 0 0 0 0 0 0 0 0 0 0 0 0 0 0 0 0 0 0 0 0 0 0 0 0 0 0
 0 0 0 0 0 0 0 0 0 0 0 0 0 0 0 0 0 0 0 0 0 0 0 0 0 0 0 0 0 0 0 0 0 0 0 0
 0 0 0 0 0 0 0 0 0 0 0 0 0 0 0 0 0 0 0 0 0 0 0 0 0 0 0 0 0 0 0 0 0 0 0 0
 0 0 0 0 0 0 0 0 1.78061e-05 0.00172719 0.00360574 0.0105946 0.0120993 0.0124554 0.0147524 0.0171206 0.0266825 0.0428682 0.0675386 0.121331 0.153587 0.119568 0.100827 0.0573624 0.0630603 0.0341343 0.0324427 0.0444173 0.0211091 0.0280891 0.0125444 0.00206551 0 0 0 0
 0 0 0 0 0 0 0 0 0 0 0 0 0 0 0 0 0 0 0 0 0 0 0 0 0 0 0 0 0 0 0 0 0 0 0 0
 0 0 0 0 0 0 0.0133647 0.0140871 0.0187388 0.0205184 0.03894 0.0496705 0.03968 0.0493445 0.0407372 0.0367815 0.0215668 0.0243155 0.0234873 0.0199281 0.019796 0.0243948 0.0301388 0.0376714 0.0412746 0.0863199 0.0771752 0.113111 0.0741005 0.0525337 0.0229764 0.00759418 0.00175318 0 0 0
 0 0 0 0 0 0 0 0 0 0 0.00219441 0.00772107 0.0458388 0.0604681 0.0671733 0.0775358 0.0609151 0.0617685 0.073594 0.0568108 0.0755445 0.0548602 0.0670107 0.0636378 0.0643287 0.046367 0.0373049 0.0286899 0.0247887 0.0153202 0.00654259 0.00121912 0.000365735 0 0 0
 0 0 0 0 0 0 0 0 0 0 0 0 0.000112435 0.00938835 0.0111873 0.0202946 0.0414886 0.0713402 0.111592 0.104902 0.108894 0.110636 0.117776 0.105296 0.107544 0.0401394 0.0192827 0.0124803 0.00416011 0.0028671 0.000618394 0 0 0 0 0
 0 0 0 0 0 0 0 0 0 0 0.00291406 0.0102884 0.027416 0.0768956 0.0749926 0.110853 0.0956884 0.0897413 0.0766577 0.0534642 0.0500743 0.0551293 0.0594112 0.0620874 0.0668451 0.0424026 0.0208742 0.0120726 0.0048766 0.00582813 0.00118941 0.000297354 0 0 0 0
 0 0.00264628 0.0354308 0.0461629 0.0458689 0.0383711 0.0214643 0.0164657 0.0346957 0.0420465 0.0363128 0.0245516 0.0311673 0.0291091 0.0169068 0.0133784 0.00837989 0.0085269 0.0148486 0.0160247 0.0276389 0.0546898 0.0760071 0.122758 0.109233 0.0665981 0.0333725 0.0166128 0.00676272 0.00308733 0.000882094 0 0 0 0 0
 0 0 0 0 0 0 0 0.000805153 0.000690131 0.00759144 0.0133425 0.0154129 0.00931677 0.000345066 0.00356568 0.00563607 0.00851162 0.0253048 0.0502646 0.0516448 0.0657925 0.0565908 0.0611916 0.0827007 0.0866115 0.110766 0.145733 0.0935128 0.0569358 0.0249597 0.0138026 0.00621118 0.00161031 0.00115022 0 0
 0 0 0 0 0 0 0 0 0 0 0 0 0 0 0 0 0 0 0 0 0 0 0 0 0 0 0 0 0 0 0 0 0 0 0 0
 0.00147267 0.00158595 0.00478618 0.00569244 0.00954404 0.0108468 0.00647125 0.017049 0.0510054 0.094081 0.124002 0.0959785 0.0687766 0.0820023 0.061753 0.0591476 0.0492212 0.0479892 0.0443925 0.0268479 0.0217502 0.0140895 0.0121071 0.0120363 0.00920419 0.00665534 0.0049561 0.00860946 0.00930331 0.0156896 0.0114698 0.00855282 0.00243557 0.00046729 0 2.83206e-05
 0 0 0 0 0.000772559 0.00158375 0.000888443 0.00281984 0.00712685 0.0440552 0.0773331 0.111326 0.0921469 0.0852325 0.0710754 0.0886704 0.0786465 0.0553345 0.0373146 0.0185414 0.00753245 0.00457741 0.012979 0.0271748 0.0457355 0.0583668 0.034881 0.0177882 0.00938659 0.00492506 0.0015258 0.00185414 0.000309023 5.79419e-05 3.86279e-05 0
 0 0.00173294 0.00326652 0 0.00397197 0.00683976 0.00946217 0.0152591 0.00757587 0.0136028 0.0228656 0.0392903 0.0559909 0.0764795 0.0681675 0.0726916 0.0566044 0.0477403 0.0527397 0.0444891 0.0609904 0.0582453 0.0661739 0.0445044 0.0529084 0.0360697 0.0280645 0.0235558 0.0158879 0.00826598 0.00280645 0.00217768 0.000904811 0.00058276 9.20147e-05 0
 0 0 0 0 0 0 0 0 0 0 0 0 0 0 0 0 0 0 0 0 0 0 0 0 0 0 0 0 0 0 0 0 0 0 0 0
 0 0 0 0 0 0 0 0 0 0 0 0 0 0 0 0 0 0 0 0 0 0 0 0 0 0 0 0 0 0 0 0 0 0 0 0
 0 0 0 0 0 0 0 0 0 0 0 0 0 0 0 0 0 0 0 0 0 0 0 0 0 0 0 0 0 0 0 0 0 0 0 0
ppred_pel_tallas
 1.02197e-16 2.41538e-05 0.000141736 0.000673688 0.00259364 0.00808794 0.0204297 0.0418034 0.0692998 0.0930857 0.101343 0.0895046 0.0643165 0.0380327 0.0193884 0.0101291 0.00771126 0.00909992 0.0124059 0.0167205 0.0215254 0.0263432 0.0306576 0.0339716 0.0359074 0.0362879 0.035169 0.0328095 0.0295949 0.0259405 0.0222074 0.0186543 0.0154278 0.0125834 0.0101194 0.00800885
 1.03078e-16 2.11968e-05 0.000124371 0.000591123 0.00227573 0.00709652 0.0179255 0.0366801 0.0608093 0.0816893 0.0889577 0.0786179 0.0566067 0.0337011 0.0175999 0.00987555 0.00833708 0.0103507 0.0142627 0.0192416 0.024754 0.0302633 0.0351771 0.0389269 0.0410857 0.041462 0.0401354 0.0374192 0.0337681 0.0296642 0.025518 0.021613 0.0180973 0.0150111 0.012331 0.0100096
 1.04723e-16 1.55602e-05 9.12735e-05 0.000433764 0.00166983 0.00520706 0.013153 0.0269156 0.0446263 0.0599644 0.0653388 0.0578373 0.0418468 0.025321 0.0139716 0.00902882 0.00896374 0.0119056 0.0166619 0.0225791 0.0291454 0.0357745 0.0417934 0.0465458 0.0495273 0.0504933 0.0495013 0.0468707 0.0430825 0.0386534 0.0340287 0.0295221 0.025308 0.0214522 0.0179588 0.0148112
 1.05655e-16 2.01088e-05 0.00011799 0.000560806 0.00215902 0.00673261 0.0170062 0.0347986 0.0576886 0.0774925 0.0843756 0.0745405 0.0536103 0.0317967 0.0163876 0.00885776 0.00711641 0.00866543 0.0119585 0.0162585 0.0211417 0.0262036 0.0309906 0.0350508 0.0380187 0.0396861 0.0400326 0.0392025 0.0374454 0.0350407 0.0322354 0.0292118 0.0260873 0.0229344 0.0198083 0.016766
 1.04283e-16 2.40877e-05 0.000141351 0.000671869 0.00258665 0.00806614 0.0203746 0.0416904 0.0691115 0.0928298 0.101057 0.0892331 0.0640809 0.0378121 0.0191264 0.00975077 0.00713567 0.00824689 0.0112042 0.0151214 0.0195207 0.0239819 0.0280556 0.0313091 0.0334123 0.0342075 0.0337357 0.032208 0.0299371 0.0272532 0.0244335 0.0216636 0.019037 0.0165784 0.0142784 0.0121234
 1.0418e-16 1.78292e-05 0.000104595 0.000497098 0.00191369 0.00596751 0.0150738 0.0308457 0.0511402 0.0687104 0.0748511 0.0662155 0.047817 0.0287499 0.0155308 0.00953346 0.00896677 0.0116538 0.0162108 0.0218988 0.0281748 0.0344437 0.0400357 0.0443075 0.0467777 0.0472343 0.045774 0.0427576 0.0387048 0.0341615 0.0295878 0.025295 0.0214374 0.0180461 0.0150816 0.0124816
 1.03795e-16 2.52524e-05 0.000148192 0.000704396 0.0027119 0.00845673 0.0213612 0.0437087 0.0724558 0.0973176 0.105931 0.0935098 0.0670931 0.039471 0.0197472 0.00971215 0.00667383 0.00743955 0.0100414 0.0135751 0.017588 0.0217081 0.0255402 0.0286978 0.0308754 0.0319093 0.0318033 0.0307077 0.0288656 0.0265449 0.0239807 0.0213442 0.0187401 0.0162233 0.0138234 0.0115643
 1.03395e-16 2.11226e-05 0.000123934 0.000589047 0.00226773 0.00707159 0.0178626 0.0365514 0.0605962 0.0814038 0.0886491 0.0783508 0.0564264 0.0336177 0.0175998 0.00994296 0.00846677 0.0105472 0.0145331 0.0195872 0.0251648 0.0307139 0.0356274 0.0393265 0.0413829 0.0416146 0.0401215 0.0372434 0.033463 0.0292844 0.02513 0.0212825 0.0178773 0.0149339 0.0124048 0.0102208
 1.03311e-16 2.39686e-05 0.00014065 0.000668534 0.0025738 0.00802607 0.0202734 0.0414835 0.0687689 0.092371 0.100561 0.0888041 0.0637918 0.0376798 0.0191304 0.00986885 0.00736522 0.0086052 0.0117181 0.0158154 0.020406 0.0250482 0.0292655 0.0325971 0.0346894 0.0353705 0.0346795 0.0328394 0.0301862 0.0270816 0.0238379 0.0206757 0.0177183 0.015013 0.0125635 0.0103586
 1.03365e-16 2.12856e-05 0.000124892 0.000593605 0.00228528 0.00712632 0.0180008 0.0368341 0.0610645 0.0820316 0.0893292 0.0789434 0.0568347 0.0338242 0.0176409 0.0098615 0.00828335 0.0102597 0.0141292 0.0190586 0.0245164 0.0299707 0.0348355 0.0385493 0.0406918 0.0410762 0.0397849 0.0371305 0.0335644 0.0295627 0.0255284 0.0217362 0.0183254 0.0153285 0.0127157 0.0104362
 1.04854e-16 1.50453e-05 8.825e-05 0.000419388 0.00161448 0.00503444 0.012717 0.0260235 0.043148 0.0579801 0.0631822 0.0559416 0.040504 0.0245661 0.013659 0.00898291 0.00907015 0.0121201 0.0169813 0.0230142 0.0297049 0.0364569 0.0425846 0.0474187 0.0504457 0.0514174 0.0503939 0.0477027 0.0438358 0.0393213 0.0346136 0.0300321 0.0257535 0.0218428 0.0183021 0.0151122
 1.0717e-16 1.46009e-05 8.56487e-05 0.000407039 0.00156696 0.00488626 0.0123426 0.0252569 0.0418751 0.0562641 0.0612976 0.0542383 0.0391956 0.0236235 0.0128697 0.00807618 0.00780038 0.0102902 0.0144487 0.0197092 0.025663 0.031849 0.0377275 0.0427535 0.0464833 0.0486588 0.0492445 0.0484016 0.0464169 0.0436149 0.0402841 0.0366399 0.0328246 0.0289315 0.0250369 0.0212215
 1.06473e-16 2.15252e-05 0.000126309 0.00060036 0.00231133 0.00720758 0.0182059 0.037253 0.0617559 0.0829512 0.0903062 0.079749 0.0572889 0.0338431 0.0171925 0.00889084 0.00667376 0.0078469 0.010749 0.0146071 0.0190108 0.0235955 0.0279612 0.0317114 0.0345263 0.0362254 0.0367913 0.0363484 0.0351077 0.0332992 0.0311182 0.0286993 0.0261198 0.023423 0.0206454 0.0178368
 1.04371e-16 2.24127e-05 0.000131513 0.00062509 0.00240652 0.00750442 0.0189558 0.0387878 0.0643016 0.0863749 0.094045 0.083078 0.0597396 0.0354089 0.0182034 0.00975777 0.00772708 0.0093068 0.0127472 0.0171957 0.0221478 0.0271249 0.031607 0.0350964 0.0372201 0.0378113 0.036939 0.0348735 0.0320034 0.0287341 0.025403 0.0222323 0.0193261 0.0166991 0.0143188 0.0121437
 1.02805e-16 2.61602e-05 0.000153519 0.000729715 0.00280937 0.0087607 0.022129 0.04528 0.0750611 0.100818 0.109746 0.0968879 0.0695392 0.0409544 0.0205698 0.0102455 0.00719504 0.00810756 0.0109311 0.0147033 0.0189179 0.023144 0.0269277 0.0298369 0.0315468 0.0319113 0.0309892 0.0290159 0.0263331 0.0233019 0.0202286 0.0173228 0.0146915 0.0123615 0.0103129 0.00851038
 1.0217e-16 2.56219e-05 0.000150355 0.000714669 0.00275143 0.00857999 0.0216726 0.0443464 0.0735146 0.0987448 0.107498 0.0949252 0.0681784 0.0402492 0.0203931 0.0104479 0.00769975 0.00891444 0.012078 0.0162253 0.0208172 0.0253711 0.0293743 0.0323421 0.033917 0.0339495 0.032528 0.0299442 0.0266117 0.0229637 0.0193659 0.016066 0.0131859 0.0107461 0.00870605 0.00700161
 1.02712e-16 2.10922e-05 0.000123755 0.000588194 0.00226444 0.00706133 0.0178367 0.0364984 0.0605086 0.0812869 0.0885236 0.0782442 0.0563589 0.0335964 0.0176233 0.0100113 0.00858682 0.0107323 0.0147997 0.0199502 0.0256325 0.0312839 0.036283 0.0400354 0.0420985 0.0422795 0.0406738 0.037624 0.0336226 0.0291897 0.0247681 0.0206628 0.0170305 0.0139088 0.0112627 0.00902808
 1.03609e-16 2.13731e-05 0.000125409 0.000596064 0.00229476 0.00715589 0.0180755 0.0369867 0.0613165 0.0823676 0.0896884 0.0792451 0.0570175 0.0338644 0.0175372 0.00960851 0.00785746 0.00962306 0.0132444 0.0179061 0.0231114 0.0283746 0.0331585 0.0369415 0.0393222 0.0401037 0.0393282 0.0372454 0.0342337 0.0307014 0.0270023 0.0233879 0.0200011 0.0168992 0.0140906 0.0115663
 1.04112e-16 2.03984e-05 0.000119685 0.000568851 0.00218998 0.00682912 0.0172501 0.035298 0.058518 0.0786113 0.0856059 0.0756562 0.0544752 0.0324344 0.0169435 0.00951762 0.00805145 0.0100156 0.0138263 0.018693 0.0241141 0.0295849 0.0345448 0.0384511 0.0408893 0.0416621 0.0408231 0.0386428 0.035524 0.0318961 0.0281256 0.0244669 0.0210561 0.0179385 0.0151088 0.012547
 1.03496e-16 2.5211e-05 0.000147947 0.000703228 0.00270739 0.00844268 0.0213257 0.0436363 0.0723364 0.0971591 0.105763 0.0933737 0.0670212 0.0394802 0.0198465 0.00991551 0.0070065 0.00793451 0.0107295 0.0144724 0.0186839 0.022956 0.0268552 0.0299637 0.0319601 0.032687 0.0321777 0.03063 0.0283428 0.0256364 0.0227855 0.0199814 0.0173292 0.0148674 0.012599 0.0105174
 1.02877e-16 2.37568e-05 0.000139403 0.000662599 0.00255094 0.00795477 0.0200933 0.0411154 0.0681597 0.0915561 0.0996824 0.088049 0.0632944 0.0374761 0.019192 0.0101666 0.00790474 0.0094241 0.0128627 0.0173134 0.0222437 0.027154 0.0315057 0.0347861 0.0366149 0.0368287 0.0355125 0.0329639 0.0296074 0.0258882 0.0221812 0.0187396 0.0156877 0.013048 0.0107828 0.00883417
 1.03348e-16 2.05003e-05 0.000120281 0.000571682 0.00220087 0.00686308 0.0173359 0.0354737 0.0588099 0.0790051 0.0860391 0.0760494 0.0547809 0.0326616 0.0171443 0.00975886 0.00839566 0.0105151 0.0145209 0.0196044 0.0252365 0.0308763 0.0359237 0.0398007 0.0420714 0.0425372 0.0412731 0.0385907 0.0349453 0.0308209 0.0266311 0.0226627 0.0190677 0.0158905 0.0131118 0.0106889
 1.03591e-16 2.34792e-05 0.000137777 0.000654876 0.00252121 0.00786209 0.0198592 0.040636 0.0673641 0.0904847 0.098509 0.086996 0.0625015 0.0369349 0.0187842 0.00974325 0.00733764 0.0086185 0.0117561 0.0158809 0.0205098 0.0252056 0.0294941 0.0329156 0.0351152 0.0359168 0.0353529 0.0336372 0.0310956 0.0280794 0.0248925 0.0217499 0.0187736 0.016013 0.0134779 0.0111656
 1.03497e-16 2.18574e-05 0.000128251 0.000609576 0.00234678 0.00731811 0.0184852 0.0378251 0.0627067 0.0842353 0.0917228 0.0810442 0.0583155 0.0346419 0.0179509 0.00985045 0.00806738 0.00987614 0.0135707 0.0183061 0.0235607 0.0288235 0.0335342 0.0371556 0.0392844 0.0397392 0.0385946 0.036144 0.032813 0.0290508 0.0252372 0.021631 0.0183637 0.0154668 0.0129148 0.0106637
 1.04988e-16 1.39529e-05 8.18347e-05 0.000388885 0.00149703 0.00466815 0.0117918 0.0241307 0.0400113 0.0537702 0.058608 0.0519231 0.0376631 0.02298 0.0130236 0.00893168 0.00936837 0.0126821 0.017808 0.0241325 0.0311312 0.0381792 0.0445548 0.0495549 0.0526426 0.0535626 0.0523861 0.0494671 0.0453322 0.0405443 0.035586 0.0307939 0.0263503 0.0223174 0.0186884 0.0154344
pSPR Fmed_Fpbrs
0.620023   0.255595 0.255595
Fs Fmed_Fpbrs
0.258709   1.005 1.005
SSBpbr Bo_Bmed_Bpbrs
1.05332e+06  600420  216558 216558
Ro
47098.7
SPR SPRFo_SPRFmed_SPRFpbrs
968481 600481 247539
log_Ro
10.58
likeval ReclasPelacesDesembMPH_pf_preclas_ppelaces_ptallas_desvR_qrecl_qpela
 128.875 72.0317 0.0191423 0.000807752 342.704 209.273 80.9613 0 13.4687 0 0 0 0 0 0
q_reclas_q_pelaces
1 1
M
0.7
N
 52878.5 17285.2 6256.74 723.303 0.309356
 52470.6 22496.1 6299.95 2280.4 263.735
 30119.4 22557.5 8372.63 2344.72 946.879
 34296.5 11354.1 6455.13 2395.94 941.937
 61567.7 16003.4 4978.35 2830.35 1463.54
 51045.1 30170.3 7738.78 2407.38 2076.39
 93366.8 21517.5 10795.9 2769.19 1604.44
 93992.5 42305.5 8896.22 4463.48 1808.24
 127701 39607 15127.3 3181.05 2242.6
 128952 53732.9 14121.2 5393.38 1933.71
 72142.6 56517.5 20785.3 5462.47 2834.31
 42789.3 27477.9 16511 6072.2 2423.81
 46175 16533.5 8261.3 4964.06 2554.35
 28864.3 15809.5 3902.93 1950.18 1774.81
 20457.9 7491.87 2144.78 529.488 505.348
 18321.9 5941.19 1272.39 364.261 175.753
 15893 7282.15 1889.97 404.764 171.786
 17781.2 6694.46 2601.87 675.276 205.998
 19275 7890.38 2654.56 1031.72 349.452
 34234.9 8675.42 3218.81 1082.91 563.439
 48456 15463.9 3564.5 1322.52 676.439
 55073.3 23050.9 7047.03 1624.37 910.944
 88455.5 25822.7 10205 3119.84 1122.43
 110708 40956.5 11148.2 4405.71 1831.47
 68353.2 51441.9 17807.6 4847.13 2711.88
pred_Ctot
 5497.89 3366.52 1218.58 140.873 0.0602511
 5109.15 4120.74 1154 417.713 48.3099
 5301.03 7093.62 2632.93 737.342 297.764
 1493.66 962.581 547.257 203.125 79.856
 584.573 302.127 93.9855 53.4337 27.63
 5600.45 6177.68 1584.6 492.936 425.164
 5909.67 2618.44 1313.74 336.98 195.243
 10333.8 8679.13 1825.09 915.701 370.968
 14155.4 8187.64 3127.14 657.592 463.594
 10966.7 8664.77 2277.14 869.717 311.823
 12274.3 17248.4 6343.39 1667.07 864.993
 6927.73 8023.68 4821.29 1773.11 707.765
 10534.2 6506.29 3251 1953.46 1005.19
 10280.4 8876.23 2191.3 1094.93 996.469
 6298.34 3763.85 1077.52 266.01 253.882
 2664.29 1575.24 337.361 96.5798 46.5989
 1751.17 1497.02 388.53 83.2092 35.3147
 1369.51 982.68 381.928 99.1237 30.2384
 1305.38 1024.47 344.664 133.957 45.3723
 2237.57 1088.71 403.939 135.897 70.7077
 1468.72 920.003 212.064 78.6817 40.2437
 2217.2 1810.22 553.414 127.564 71.5377
 4317.52 2445.46 966.437 295.455 106.296
 5137.81 3693.4 1005.33 397.301 165.16
 3031.29 4438.66 1536.53 418.235 233.995
F
 0.154655 0.309311 0.309311 0.309311 0.309311
 0.144187 0.288373 0.288373 0.288373 0.288373
 0.275596 0.551192 0.551192 0.551192 0.551192
 0.0622382 0.124476 0.124476 0.124476 0.124476
 0.0132802 0.0265604 0.0265604 0.0265604 0.0265604
 0.163844 0.327688 0.327688 0.327688 0.327688
 0.0916195 0.183239 0.183239 0.183239 0.183239
 0.164208 0.328416 0.328416 0.328416 0.328416
 0.165664 0.331327 0.331327 0.331327 0.331327
 0.124889 0.249779 0.249779 0.249779 0.249779
 0.265264 0.530527 0.530527 0.530527 0.530527
 0.250899 0.501799 0.501799 0.501799 0.501799
 0.371831 0.743661 0.743661 0.743661 0.743661
 0.648786 1.29757 1.29757 1.29757 1.29757
 0.53646 1.07292 1.07292 1.07292 1.07292
 0.222674 0.445347 0.445347 0.445347 0.445347
 0.164598 0.329196 0.329196 0.329196 0.329196
 0.1125 0.225001 0.225001 0.225001 0.225001
 0.0983154 0.196631 0.196631 0.196631 0.196631
 0.0947355 0.189471 0.189471 0.189471 0.189471
 0.0429514 0.0859027 0.0859027 0.0859027 0.0859027
 0.0574119 0.114824 0.114824 0.114824 0.114824
 0.0699898 0.13998 0.13998 0.13998 0.13998
 0.0664434 0.132887 0.132887 0.132887 0.132887
 0.0634082 0.126816 0.126816 0.126816 0.126816
YTP_r0W_actual
 33950.4 97650.6 50705.4 17189.5 10015
YTP_p0W_proyectada
 112271 328809 338614 152909 68353.6
 112271 140108 87139.1 80292.1 37527.8
CTP_r0_actual
 3031.29 4438.66 1536.53 418.235 233.995
CTP_p0_proyectada
 13208.3 15364.9 10853 3756.98 1469.97
 13208.3 6547.1 2792.92 1972.78 807.05
Wmedp
 8.5 21.4 31.2 40.7 46.5
nmprior
 10.6 11 7 0
nm_flota  nm_reclas  nm_pelaces    nm_pelaL
inf 14.1454 14.0521 31.0502
cv_recla  cv_pelaces  cv_mph
1.02686 0.962352 0.922098
 ------------------------------------------------
Talla a la edad & desviaci?n 
 7.2 14.2025 17.0495 18.207 18.6776
 1.08 2.13037 2.55742 2.73105 2.80164
