    unsorted:	 -9.277788883e-05 0.001981166346 0.0008999970680 36.23320508 34.57836587 50.37418060 42.54710085 23.23119005 8.549893369 81.87568355 116.4314039 102.7749841 255.4435503 337.1415585 394.9837383 433.0823349 629.3686246 617.6973348 663.5637215 538.5289988 701.4397155 758.7822055 766.0898347 822.1716179 852.0669387 855.3700366 890.5118879 928.9451748 966.5815081 987.9040409 1020.573575 1201.828812 1273.950390 1394.397985 1571.190900 1680.520066 2209.951838 4830.227903 57449.47038 195470.0396 233646.0408 301236.2871 339919.4656 393404.0259 424730.6179 553773.2681 561356.8939 517105.0261 653450.6375 730832.7670 816053.1687 861533.0301 1038358.002 1177671.513 1277015.064 1484766.553 1703994.984 1778496.649 1923065.516 1993738.364 2243938.845 2366254.224 2449913.058 2562238.017 2870177.708
      sorted:	 -9.277788883e-05 0.0008999970680 0.001981166346 8.549893369 23.23119005 34.57836587 36.23320508 42.54710085 50.37418060 81.87568355 102.7749841 116.4314039 255.4435503 337.1415585 394.9837383 433.0823349 538.5289988 617.6973348 629.3686246 663.5637215 701.4397155 758.7822055 766.0898347 822.1716179 852.0669387 855.3700366 890.5118879 928.9451748 966.5815081 987.9040409 1020.573575 1201.828812 1273.950390 1394.397985 1571.190900 1680.520066 2209.951838 4830.227903 57449.47038 195470.0396 233646.0408 301236.2871 339919.4656 393404.0259 424730.6179 517105.0261 553773.2681 561356.8939 653450.6375 730832.7670 816053.1687 861533.0301 1038358.002 1177671.513 1277015.064 1484766.553 1703994.984 1778496.649 1923065.516 1993738.364 2243938.845 2366254.224 2449913.058 2562238.017 2870177.708
