years
 1997 1998 1999 2000 2001 2002 2003 2004 2005 2006 2007 2008 2009 2010 2011 2012 2013 2014 2015 2016 2017 2018 2019 2020 2021
reclasobs
 0 0 0 370054 412103 1.49427e+06 250295 1.28982e+06 931140 785840 897777 1.04006e+06 184774 17550 25797 100020 73551 82996 120727 218422 84188 347160 605670 569463 516374
reclaspred
 1.37012e+06 249400 478106 181948 281912 352524 754489 603267 686163 885057 866539 585683 342761 136794 75206.9 74498.7 86507.1 107978 115487 140566 222720 225991 376071 430032 428427
pelacesobs
 0 0 0 0 0 0 0 0 0 2.06254e+06 1.5e+06 0 1.87456e+06 323000 250000 174000 83755 137374 0 501740 490994 745055 786931 1.00524e+06 1.33801e+06
pelacespred
 3.04883e+06 800726 537285 437192 764671 540477 2.17833e+06 1.62887e+06 1.85121e+06 2.44336e+06 1.75407e+06 1.24132e+06 849490 274812 165436 153669 180262 231059 226972 288743 560171 470519 618857 856122 681191
mphobs
 0 0 0 0 0 112323 0 153150 637223 0 255016 313432 73983 77613 109348 50772 0 0 0 0 0 0 0 0 0
mphpred
 424307 187655 153365 84199.6 74512.4 154986 189175 290466 267290 313199 412308 265088 162813 92471 41091 31441.3 33015.4 38956.6 45371.7 48556.3 71344.3 92359.9 111941 152426 177594
desembarqueobs
 350755 77701 442110 56441 14545 235359 269955 359681 431902 328805 639364 411747 362871 311530 167758 66681 60226 58785 57116 73181 50977 67692 138656 160484 209506
desembarquepred
 350735 77672 441693 56428.8 14544.3 235309 269935 359298 431599 328612 638454 411260 362387 311111 167295 66615.9 60204.6 58718.4 57052.5 73126.7 50966.1 67641.4 138589 160416 209415
Reclutas
 23112.1 41290.9 7174.76 12165.3 40644.8 20799.4 62918.3 61455 78222.4 124179 58027.3 47251.6 55176.9 28385.1 13386.1 11280.5 7720.65 8518.3 9081.43 12879.6 18079.1 22377.8 35542.8 35600.2 6758.16
log_desv_Rt
 -0.0518887 0.528397 -1.22168 -0.693661 0.512626 -0.157321 0.949592 0.92606 1.16731 1.62948 0.868669 0.663241 0.818299 0.153619 -0.598031 -0.769174 -1.14835 -1.05003 -0.986013 -0.636603 -0.297487 -0.0841742 0.378492 0.380105 -1.28149
SSB
 704152 311419 254515 139732 123656 257204 313943 482038 443577 519764 684240 439923 270193 153459 68191.9 52177.9 54790.3 64649.8 75296 80580.9 118398 153275 185770 252956 294724
BT
 1.46613e+06 446178 437819 232442 327864 388386 1.12914e+06 1.05229e+06 1.17033e+06 1.32484e+06 1.2538e+06 872245 704215 397493 203921 117612 120950 141576 136961 174700 269313 243427 336025 465284 415548
Ftot
 0.404422 0.582263 1.25696 0.552904 0.11641 0.956516 0.773637 1.07293 1.1989 0.749884 1.11102 1.1561 1.92448 3.2071 3.37136 1.48618 1.16756 0.957673 0.807575 0.922359 0.413378 0.497724 0.614425 0.621767 0.69888
BD_Bspro_t
 0.943514 0.689147 0.544596 0.24978 0.338257 0.567329 0.466146 0.526868 0.462706 0.456192 0.488379 0.315886 0.223084 0.15496 0.0844525 0.079537 0.113587 0.178869 0.247428 0.311529 0.429569 0.558738 0.565228 0.564983 0.52853
BD_Bspro
 1.40673 0.622141 0.508459 0.279151 0.247035 0.513832 0.627183 0.962996 0.886161 1.03836 1.36695 0.878859 0.539781 0.306574 0.136231 0.104239 0.109458 0.129155 0.150423 0.160981 0.236531 0.306206 0.371123 0.505344 0.588788
BD_Bo
 0.923535 0.408444 0.33381 0.183267 0.162182 0.337337 0.411754 0.63222 0.581777 0.6817 0.897419 0.576983 0.354373 0.20127 0.0894375 0.0684342 0.0718605 0.0847918 0.0987549 0.105686 0.155286 0.201028 0.243647 0.331765 0.386547
BD_Brms
 3.00839 1.3305 1.08738 0.596986 0.528303 1.09887 1.34128 2.05944 1.89512 2.22062 2.92332 1.87951 1.15436 0.655632 0.29134 0.222923 0.234084 0.276207 0.321692 0.344271 0.50584 0.654844 0.793675 1.08072 1.25917
S_f
 0.12478 1 1 1 1
 0.12478 1 1 1 1
 0.12478 1 1 1 1
 0.12478 1 1 1 1
 0.12478 1 1 1 1
 0.12478 1 1 1 1
 0.12478 1 1 1 1
 0.12478 1 1 1 1
 0.12478 1 1 1 1
 0.12478 1 1 1 1
 0.12478 1 1 1 1
 0.12478 1 1 1 1
 0.12478 1 1 1 1
 0.12478 1 1 1 1
 0.12478 1 1 1 1
 0.12478 1 1 1 1
 0.12478 1 1 1 1
 0.12478 1 1 1 1
 0.12478 1 1 1 1
 0.12478 1 1 1 1
 0.12478 1 1 1 1
 0.12478 1 1 1 1
 0.12478 1 1 1 1
 0.12478 1 1 1 1
 0.12478 1 1 1 1
Scru_reclas
 0.327204 0.709938 0.924911 0.984124 0.996805
 0.327204 0.709938 0.924911 0.984124 0.996805
 0.327204 0.709938 0.924911 0.984124 0.996805
 0.327204 0.709938 0.924911 0.984124 0.996805
 0.327204 0.709938 0.924911 0.984124 0.996805
 0.327204 0.709938 0.924911 0.984124 0.996805
 0.327204 0.709938 0.924911 0.984124 0.996805
 0.327204 0.709938 0.924911 0.984124 0.996805
 0.327204 0.709938 0.924911 0.984124 0.996805
 0.327204 0.709938 0.924911 0.984124 0.996805
 0.327204 0.709938 0.924911 0.984124 0.996805
 0.327204 0.709938 0.924911 0.984124 0.996805
 0.327204 0.709938 0.924911 0.984124 0.996805
 0.327204 0.709938 0.924911 0.984124 0.996805
 0.327204 0.709938 0.924911 0.984124 0.996805
 0.327204 0.709938 0.924911 0.984124 0.996805
 0.327204 0.709938 0.924911 0.984124 0.996805
 0.327204 0.709938 0.924911 0.984124 0.996805
 0.327204 0.709938 0.924911 0.984124 0.996805
 0.327204 0.709938 0.924911 0.984124 0.996805
 0.327204 0.709938 0.924911 0.984124 0.996805
 0.327204 0.709938 0.924911 0.984124 0.996805
 0.327204 0.709938 0.924911 0.984124 0.996805
 0.327204 0.709938 0.924911 0.984124 0.996805
 0.327204 0.709938 0.924911 0.984124 0.996805
Scru_pelaces
 0.800798 1 1 1 1
 0.800798 1 1 1 1
 0.800798 1 1 1 1
 0.800798 1 1 1 1
 0.800798 1 1 1 1
 0.800798 1 1 1 1
 0.800798 1 1 1 1
 0.800798 1 1 1 1
 0.800798 1 1 1 1
 0.800798 1 1 1 1
 0.800798 1 1 1 1
 0.800798 1 1 1 1
 0.800798 1 1 1 1
 0.800798 1 1 1 1
 0.800798 1 1 1 1
 0.800798 1 1 1 1
 0.800798 1 1 1 1
 0.800798 1 1 1 1
 0.800798 1 1 1 1
 0.800798 1 1 1 1
 0.800798 1 1 1 1
 0.800798 1 1 1 1
 0.800798 1 1 1 1
 0.800798 1 1 1 1
 0.800798 1 1 1 1
pf_obs 
 0.256992 0.487395 0.22802 0.0275931 0
 0.321318 0.546541 0.124235 0.00734118 0.000564706
 0.182869 0.594174 0.210203 0.0122559 0.00049798
 0.330522 0.361315 0.267642 0.0388342 0.00168674
 0.649043 0.306663 0.0425973 0.00169635 0
 0.582887 0.30429 0.105238 0.00758474 0
 0.465427 0.430635 0.0974691 0.00646863 0
 0.296916 0.608066 0.0921331 0.00288517 0
 0.311714 0.524322 0.152257 0.0117073 0
 0.15457 0.633149 0.183074 0.0267441 0.00246327
 0.131901 0.49318 0.331252 0.0422183 0.00144891
 0.196976 0.569456 0.194076 0.0375587 0.00193317
 0.518974 0.381816 0.0799577 0.0180837 0.00116848
 0.0928022 0.601141 0.25162 0.0475244 0.00691264
 0.122501 0.610282 0.24278 0.0234846 0.000952079
 0.383417 0.481906 0.127806 0.00687128 0
 0.0376549 0.599619 0.316969 0.0457579 0
 0.0361596 0.667082 0.258105 0.0386534 0
 0.158088 0.579412 0.248529 0.0139706 0
 0.0477256 0.309471 0.559284 0.082774 0.000745712
 0.0406174 0.521527 0.379366 0.0568643 0.0016247
 0.151134 0.462217 0.34131 0.0453401 0
 0.294876 0.26143 0.354403 0.0886775 0.000613685
 0.281977 0.475581 0.204845 0.0348837 0.00271318
 0.0841818 0.532909 0.334909 0.0458182 0.00218182
pf_pred 
 0.112984 0.600136 0.25378 0.0330945 5.39161e-06
 0.244962 0.419723 0.226867 0.0959357 0.0125126
 0.0529428 0.736669 0.116954 0.0632157 0.0302187
 0.222023 0.364025 0.321993 0.0511197 0.0408395
 0.414246 0.440486 0.0679729 0.0601243 0.0171711
 0.135152 0.741339 0.0928787 0.0143324 0.0162981
 0.432149 0.382895 0.158542 0.019863 0.00655062
 0.260816 0.666063 0.0493045 0.0204151 0.00340122
 0.314304 0.571266 0.10311 0.00763261 0.0036869
 0.346305 0.571693 0.0683177 0.012331 0.0013537
 0.140102 0.741441 0.103598 0.01238 0.00247982
 0.196868 0.563814 0.20635 0.0288322 0.00413564
 0.327797 0.527248 0.101761 0.0372435 0.00595027
 0.267702 0.673629 0.0460173 0.00888154 0.00376989
 0.295529 0.671025 0.0307666 0.00210175 0.000577828
 0.336568 0.638682 0.0235751 0.00108092 9.41414e-05
 0.217625 0.705189 0.0743061 0.00274279 0.00013671
 0.265431 0.592068 0.128442 0.013534 0.000524469
 0.249687 0.620724 0.10445 0.0226592 0.00248013
 0.304175 0.558259 0.113807 0.0191504 0.00460918
 0.281723 0.610771 0.0862522 0.0175834 0.00367091
 0.238086 0.60554 0.132969 0.0187777 0.00462722
 0.288303 0.543231 0.133891 0.0294007 0.00517505
 0.217494 0.638869 0.109636 0.0270222 0.00697818
 0.0475887 0.718048 0.191344 0.0328365 0.0101832
pobs_RECLAS
 0 0 0 0 0
 0 0 0 0 0
 0 0 0 0 0
 0 0 0 0 0
 0.835266 0.146461 0.0176864 0.000547809 3.91292e-05
 0.385257 0.428462 0.181853 0.0044286 0
 0.867414 0.0963971 0.0333333 0.00285562 0
 0.441836 0.489002 0.0689373 0.000224442 0
 0.779404 0.147425 0.0564933 0.0165055 0.000172143
 0.814271 0.122319 0.05973 0.00367925 0
 0.40263 0.566651 0.0304383 0.000280538 0
 0.475488 0.404961 0.113038 0.00651328 0
 0.955842 0.0263864 0.0167828 0.000988607 0
 0.975058 0.0227948 0.00214734 0 0
 0.738997 0.206755 0.0527124 0.00153531 0
 0.850938 0.134255 0.0134407 0.00136685 0
 0.542534 0.407297 0.0501686 0 0
 0.764087 0.199537 0.0359546 0.000420521 0
 0.470689 0.182191 0.310203 0.0369168 0
 0.84361 0.089868 0.0606195 0.00523954 0.000663233
 0.607945 0.314616 0.071237 0.00620181 0
 0.523733 0.453247 0.0230204 0 0
 0.530135 0.295979 0.169645 0.0042399 0
 0.562478 0.366248 0.0663022 0.0049721 0
 0.250443 0.683176 0.0655157 0.000865301 0
ppred_RECLAS
 0.305061 0.427031 0.235259 0.0326434 5.38664e-06
 0.521699 0.23186 0.163273 0.0734636 0.00970512
 0.178508 0.593827 0.122824 0.0706386 0.0342021
 0.483532 0.206211 0.237632 0.0401419 0.0324825
 0.707552 0.202388 0.0406881 0.0382941 0.0110775
 0.374955 0.511958 0.0835629 0.0137204 0.0158032
 0.730734 0.164651 0.0888195 0.0118402 0.00395509
 0.582142 0.364592 0.0351608 0.0154908 0.00261406
 0.643803 0.282084 0.0663318 0.00522448 0.00255618
 0.666477 0.280528 0.0436745 0.00838766 0.000932667
 0.390274 0.503957 0.0917374 0.0116645 0.00236662
 0.480292 0.333574 0.159053 0.0236463 0.00343549
 0.680394 0.234107 0.0588655 0.0229235 0.00370959
 0.688978 0.27891 0.0248224 0.00509754 0.0021916
 0.728304 0.255045 0.0152348 0.00110736 0.000308366
 0.684798 0.300009 0.0144272 0.000703841 6.20898e-05
 0.527225 0.413648 0.0567844 0.00223022 0.000112594
 0.577919 0.320838 0.0906779 0.0101665 0.000399046
 0.55454 0.34926 0.0765664 0.0176736 0.00195936
 0.62199 0.285347 0.0757855 0.0135689 0.00330789
 0.587007 0.335133 0.0616578 0.0133743 0.00282814
 0.528866 0.351647 0.100599 0.0151159 0.00377288
 0.592864 0.288851 0.0927509 0.0216709 0.0038636
 0.503826 0.382395 0.0854938 0.0224207 0.00586451
 0.153063 0.592068 0.205547 0.0375323 0.0117895
pobs_PELACES
 0 0 0 0 0
 0 0 0 0 0
 0 0 0 0 0
 0 0 0 0 0
 0 0 0 0 0
 0 0 0 0 0
 0 0 0 0 0
 0 0 0 0 0
 0 0 0 0 0
 0 0 0 0 0
 0.450072 0.473896 0.0757376 0.000293798 0
 0 0 0 0 0
 0.463077 0.371075 0.160297 0.00555027 0
 0.529543 0.364841 0.0842815 0.0213345 0
 0.631943 0.363953 0.00410389 0 0
 0.735681 0.248677 0.0153453 0.000297389 0
 0.695825 0.281241 0.0229344 0 0
 0.275771 0.60734 0.115278 0.00161068 0
 0 0 0 0 0
 0.896147 0.0623911 0.0374545 0.00400742 0
 0.803859 0.145111 0.0509908 3.86294e-05 0
 0.739449 0.233085 0.0266225 0.000797448 4.60066e-05
 0.878498 0.100942 0.0204185 0.000141795 0
 0.694673 0.275183 0.0284847 0.00165964 0
 0.469039 0.446079 0.0841089 0.000773354 0
ppred_PELACES
 0.485555 0.348063 0.147186 0.0191939 3.12699e-06
 0.719988 0.155657 0.0841355 0.0355785 0.0046404
 0.368725 0.491038 0.0779574 0.0421373 0.0201427
 0.691019 0.144576 0.127883 0.0203027 0.0162198
 0.8253 0.131374 0.0202728 0.017932 0.00512126
 0.58981 0.35161 0.0440516 0.00679774 0.00773006
 0.866692 0.0898883 0.0372193 0.00466302 0.00153782
 0.773137 0.204422 0.0151321 0.0062656 0.00104387
 0.823657 0.146914 0.0265172 0.0019629 0.000948171
 0.817623 0.159499 0.0190603 0.00344027 0.000377675
 0.61526 0.331739 0.0463521 0.00553912 0.00110954
 0.710351 0.203339 0.0744201 0.0103983 0.00149151
 0.873502 0.0992194 0.0191498 0.00700863 0.00111974
 0.908839 0.0838572 0.0057285 0.00110562 0.000469297
 0.926 0.0704865 0.00323182 0.000220774 6.06968e-05
 0.854331 0.140235 0.00517635 0.000237337 2.06705e-05
 0.736608 0.237407 0.0250157 0.000923381 4.60245e-05
 0.768859 0.186301 0.0404159 0.00425863 0.00016503
 0.742387 0.21312 0.0358619 0.00777982 0.00085153
 0.798636 0.161554 0.0329345 0.00554192 0.00133385
 0.744638 0.217141 0.0306643 0.00625124 0.00130508
 0.705701 0.233897 0.0513609 0.00725311 0.00178732
 0.76474 0.179571 0.0442591 0.00971874 0.00171067
 0.691044 0.252244 0.0432876 0.0106691 0.00275519
 0.292984 0.533038 0.142043 0.024376 0.00755945
pobs_pel_tallas
 0 0 0 0 0 0 0 0 0 0 0 0 0 0 0 0 0 0 0 0 0 0 0 0 0 0 0 0 0 0 0 0 0 0 0 0
 0 0 0 0 0 0 0 0 0 0 0 0 0 0 0 0 0 0 0 0 0 0 0 0 0 0 0 0 0 0 0 0 0 0 0 0
 0 0 0 0 0 0 0 0 0 0 0 0 0 0 0 0 0 0 0 0 0 0 0 0 0 0 0 0 0 0 0 0 0 0 0 0
 0 0 0 0 0 0 0 0 0 0 0 0 0 0 0 0 0 0 0 0 0 0 0 0 0 0 0 0 0 0 0 0 0 0 0 0
 0 0 0 0 0 0 0 0 0 0 0 0 0 0 0 0 0 0 0 0 0 0 0 0 0 0 0 0 0 0 0 0 0 0 0 0
 0 0 0 0 0 0 0 0 0 0 0 0 0 0 0 0 0 0 0 0 0 0 0 0 0 0 0 0 0 0 0 0 0 0 0 0
 0 0 0 0 0 0 0 0 0 0 0 0 0 0 0 0 0 0 0 0 0 0 0 0 0 0 0 0 0 0 0 0 0 0 0 0
 0 0 0 0 0 0 0 0 0 0 0 0 0 0 0 0 0 0 0 0 0 0 0 0 0 0 0 0 0 0 0 0 0 0 0 0
 0 0 0 0 0 0 0 0 0 0 0 0 0 0 0 0 0 0 0 0 0 0 0 0 0 0 0 0 0 0 0 0 0 0 0 0
 0 0 0 0 0 0 0 0 0 0 0 0 0 0 0 0 0 0 0 0 0 0 0 0 0 0 0 0 0 0 0 0 0 0 0 0
 0 0 0 0 0 0 0 0 1.78061e-05 0.00172719 0.00360574 0.0105946 0.0120993 0.0124554 0.0147524 0.0171206 0.0266825 0.0428682 0.0675386 0.121331 0.153587 0.119568 0.100827 0.0573624 0.0630603 0.0341343 0.0324427 0.0444173 0.0211091 0.0280891 0.0125444 0.00206551 0 0 0 0
 0 0 0 0 0 0 0 0 0 0 0 0 0 0 0 0 0 0 0 0 0 0 0 0 0 0 0 0 0 0 0 0 0 0 0 0
 0 0 0 0 0 0 0.0133647 0.0140871 0.0187388 0.0205184 0.03894 0.0496705 0.03968 0.0493445 0.0407372 0.0367815 0.0215668 0.0243155 0.0234873 0.0199281 0.019796 0.0243948 0.0301388 0.0376714 0.0412746 0.0863199 0.0771752 0.113111 0.0741005 0.0525337 0.0229764 0.00759418 0.00175318 0 0 0
 0 0 0 0 0 0 0 0 0 0 0.00219441 0.00772107 0.0458388 0.0604681 0.0671733 0.0775358 0.0609151 0.0617685 0.073594 0.0568108 0.0755445 0.0548602 0.0670107 0.0636378 0.0643287 0.046367 0.0373049 0.0286899 0.0247887 0.0153202 0.00654259 0.00121912 0.000365735 0 0 0
 0 0 0 0 0 0 0 0 0 0 0 0 0.000112435 0.00938835 0.0111873 0.0202946 0.0414886 0.0713402 0.111592 0.104902 0.108894 0.110636 0.117776 0.105296 0.107544 0.0401394 0.0192827 0.0124803 0.00416011 0.0028671 0.000618394 0 0 0 0 0
 0 0 0 0 0 0 0 0 0 0 0.00291406 0.0102884 0.027416 0.0768956 0.0749926 0.110853 0.0956884 0.0897413 0.0766577 0.0534642 0.0500743 0.0551293 0.0594112 0.0620874 0.0668451 0.0424026 0.0208742 0.0120726 0.0048766 0.00582813 0.00118941 0.000297354 0 0 0 0
 0 0.00264628 0.0354308 0.0461629 0.0458689 0.0383711 0.0214643 0.0164657 0.0346957 0.0420465 0.0363128 0.0245516 0.0311673 0.0291091 0.0169068 0.0133784 0.00837989 0.0085269 0.0148486 0.0160247 0.0276389 0.0546898 0.0760071 0.122758 0.109233 0.0665981 0.0333725 0.0166128 0.00676272 0.00308733 0.000882094 0 0 0 0 0
 0 0 0 0 0 0 0 0.000805153 0.000690131 0.00759144 0.0133425 0.0154129 0.00931677 0.000345066 0.00356568 0.00563607 0.00851162 0.0253048 0.0502646 0.0516448 0.0657925 0.0565908 0.0611916 0.0827007 0.0866115 0.110766 0.145733 0.0935128 0.0569358 0.0249597 0.0138026 0.00621118 0.00161031 0.00115022 0 0
 0 0 0 0 0 0 0 0 0 0 0 0 0 0 0 0 0 0 0 0 0 0 0 0 0 0 0 0 0 0 0 0 0 0 0 0
 0.00147267 0.00158595 0.00478618 0.00569244 0.00954404 0.0108468 0.00647125 0.017049 0.0510054 0.094081 0.124002 0.0959785 0.0687766 0.0820023 0.061753 0.0591476 0.0492212 0.0479892 0.0443925 0.0268479 0.0217502 0.0140895 0.0121071 0.0120363 0.00920419 0.00665534 0.0049561 0.00860946 0.00930331 0.0156896 0.0114698 0.00855282 0.00243557 0.00046729 0 2.83206e-05
 0 0 0 0 0.000772559 0.00158375 0.000888443 0.00281984 0.00712685 0.0440552 0.0773331 0.111326 0.0921469 0.0852325 0.0710754 0.0886704 0.0786465 0.0553345 0.0373146 0.0185414 0.00753245 0.00457741 0.012979 0.0271748 0.0457355 0.0583668 0.034881 0.0177882 0.00938659 0.00492506 0.0015258 0.00185414 0.000309023 5.79419e-05 3.86279e-05 0
 0 0.00173294 0.00326652 0 0.00397197 0.00683976 0.00946217 0.0152591 0.00757587 0.0136028 0.0228656 0.0392903 0.0559909 0.0764795 0.0681675 0.0726916 0.0566044 0.0477403 0.0527397 0.0444891 0.0609904 0.0582453 0.0661739 0.0445044 0.0529084 0.0360697 0.0280645 0.0235558 0.0158879 0.00826598 0.00280645 0.00217768 0.000904811 0.00058276 9.20147e-05 0
 0 0 0 0 0 0 0 0 0 0 0 0 0 0 0 0 0 0 0 0 0 0 0 0 0 0 0 0 0 0 0 0 0 0 0 0
 0 0 0 0 0 0 0 0 0 0 0 0 0 0 0 0 0 0 0 0 0 0 0 0 0 0 0 0 0 0 0 0 0 0 0 0
 0 0 0 0 0 0 0 0 0 0 0 0 0 0 0 0 0 0 0 0 0 0 0 0 0 0 0 0 0 0 0 0 0 0 0 0
ppred_pel_tallas
 1.02863e-16 2.11996e-05 0.000124389 0.000591212 0.00227607 0.00709761 0.0179283 0.0366856 0.0608179 0.0816992 0.0889643 0.0786141 0.0565828 0.033645 0.0174948 0.0096991 0.00806194 0.00994881 0.0137125 0.0185372 0.023915 0.0293405 0.0342525 0.0381051 0.040477 0.0411604 0.040198 0.0378517 0.0345213 0.0306427 0.0265991 0.0226694 0.0190192 0.0157221 0.0127949 0.0102291
 1.02685e-16 3.1414e-05 0.000184374 0.000876432 0.00337431 0.0105225 0.0265789 0.0543839 0.0901473 0.121065 0.131742 0.116203 0.083177 0.0485329 0.0235372 0.0103437 0.00552727 0.00505729 0.00646838 0.00868252 0.0112603 0.013933 0.0164464 0.018556 0.020066 0.0208674 0.0209533 0.0204073 0.0193701 0.0179988 0.0164325 0.0147737 0.0130882 0.0114151 0.00978185 0.00821478
 1.03656e-16 1.61108e-05 9.45004e-05 0.000449093 0.00172883 0.00539102 0.0136178 0.027867 0.046205 0.0620893 0.0676639 0.0599184 0.0434021 0.0263601 0.014719 0.0097658 0.00992665 0.013263 0.0185198 0.0249762 0.0320339 0.0390002 0.0450928 0.0495672 0.0518797 0.0518123 0.049518 0.0454644 0.0403044 0.0347154 0.0292617 0.0243164 0.0200509 0.0164757 0.0135066 0.0110268
 1.03319e-16 3.01504e-05 0.000176957 0.00084117 0.00323855 0.0100991 0.0255095 0.0521958 0.0865202 0.116194 0.126441 0.111528 0.0798319 0.0465837 0.0225981 0.00994479 0.0053409 0.004925 0.00634105 0.00856736 0.0111968 0.0139851 0.0166974 0.0190991 0.0209909 0.0222425 0.0228105 0.0227301 0.0220916 0.021008 0.0195891 0.0179275 0.0160989 0.0141684 0.0121993 0.0102571
 1.01187e-16 3.60049e-05 0.00021133 0.00100459 0.00386775 0.0120612 0.0304657 0.0623363 0.103328 0.13876 0.150984 0.133143 0.0952311 0.0554213 0.0266043 0.0112195 0.00530812 0.00421979 0.00510849 0.00673669 0.00862321 0.010508 0.012169 0.0134057 0.0140726 0.0141104 0.0135581 0.0125377 0.0112196 0.00978043 0.00836622 0.00707268 0.00594275 0.00497813 0.00415706 0.00345087
 1.01335e-16 2.57455e-05 0.000151077 0.000718094 0.0027646 0.00862108 0.0217764 0.0445591 0.0738681 0.0992222 0.108025 0.0954071 0.0685608 0.0405475 0.0206773 0.0108079 0.00822194 0.00967287 0.013129 0.0175968 0.0224942 0.0272828 0.0313899 0.0342799 0.0355675 0.0351085 0.033032 0.0296996 0.0256098 0.0212795 0.0171414 0.0134836 0.010439 0.00801375 0.00613381 0.0046926
 1.0079e-16 3.78082e-05 0.00022192 0.00105494 0.00406165 0.0126659 0.031993 0.065461 0.108506 0.14571 0.158534 0.139775 0.0999164 0.0580311 0.0276385 0.0112801 0.00477927 0.00323996 0.00367503 0.00480697 0.00617581 0.00757363 0.00884151 0.00983671 0.0104506 0.01063 0.0103862 0.00978718 0.00893614 0.00794529 0.00691289 0.00591004 0.00497839 0.00413585 0.00338589 0.00272579
 1.00546e-16 3.37333e-05 0.000197987 0.000941138 0.00362343 0.0112993 0.0285412 0.0583993 0.096804 0.130007 0.141478 0.124806 0.0893659 0.0522058 0.0254309 0.0113603 0.00631781 0.00596716 0.00763793 0.0101307 0.0129135 0.0156266 0.017928 0.0195065 0.0201416 0.0197557 0.018432 0.0163902 0.0139296 0.0113585 0.00893376 0.00682426 0.00510508 0.00377397 0.00278008 0.00205242
 1.00537e-16 3.5934e-05 0.000210912 0.0010026 0.00386008 0.0120373 0.0304053 0.0622129 0.103123 0.138488 0.150691 0.132893 0.095071 0.0553659 0.0266485 0.0113594 0.00555362 0.00459333 0.00563627 0.00743801 0.00950048 0.0115389 0.0133026 0.0145642 0.0151595 0.0150235 0.0142046 0.0128481 0.0111573 0.00934504 0.00759129 0.00601851 0.00468677 0.00360477 0.00274853 0.00207988
 1.00459e-16 3.56713e-05 0.000209369 0.000995257 0.00383182 0.0119492 0.0301827 0.0617575 0.102369 0.137476 0.149593 0.131932 0.0943991 0.0550063 0.0265344 0.0114114 0.00572619 0.0048772 0.00604141 0.00797578 0.0101715 0.0123261 0.0141685 0.0154539 0.0160075 0.0157645 0.0147848 0.0132343 0.0113417 0.00934395 0.00744004 0.00576284 0.00437419 0.00327737 0.00243852 0.001808
 1.01009e-16 2.68544e-05 0.00015759 0.000749059 0.00288383 0.00899289 0.0227155 0.0464805 0.0770522 0.103496 0.112669 0.0994893 0.0714509 0.0421695 0.0213436 0.0108955 0.00797547 0.0091862 0.0124078 0.0166183 0.021242 0.0257641 0.0296418 0.0323677 0.0335761 0.0331284 0.0311444 0.0279641 0.0240582 0.0199161 0.0159499 0.0124366 0.00950739 0.00717364 0.00537016 0.003999
 1.0155e-16 3.09957e-05 0.000181914 0.000864726 0.00332922 0.0103819 0.0262238 0.0536577 0.0889449 0.119454 0.13 0.114693 0.0821538 0.0480515 0.0235189 0.0107001 0.00623296 0.00614975 0.00801111 0.0107237 0.0137989 0.0168953 0.0196765 0.0218245 0.0230974 0.023381 0.0227093 0.0212455 0.0192328 0.0169335 0.0145753 0.0123211 0.0102633 0.00843684 0.00684159 0.0054622
 1.00598e-16 3.81055e-05 0.000223665 0.00106324 0.00409357 0.0127655 0.0322445 0.0659756 0.109359 0.146856 0.159783 0.14088 0.100714 0.05851 0.0278956 0.0114341 0.00491717 0.00340946 0.00389638 0.00508243 0.0064921 0.00790144 0.00913616 0.0100425 0.0105087 0.0104893 0.0100136 0.00917511 0.00810583 0.0069436 0.00580466 0.00476752 0.00387043 0.0031191 0.00249939 0.00198944
 1.00169e-16 3.96457e-05 0.000232709 0.00110623 0.00425913 0.0132818 0.0335486 0.0686438 0.113781 0.152793 0.166237 0.146558 0.104747 0.060799 0.0288855 0.0116628 0.00474185 0.00297858 0.00323255 0.00415978 0.00527924 0.00638097 0.00731311 0.00794619 0.00818984 0.00801269 0.00744987 0.00659271 0.00556542 0.00449601 0.00349108 0.00262092 0.00191675 0.00137754 0.000981721 0.000699079
 1.0008e-16 4.03934e-05 0.0002371 0.00112711 0.00433953 0.0135325 0.0341818 0.0699394 0.115928 0.155674 0.169369 0.14931 0.106695 0.0618917 0.0293329 0.0117187 0.0045701 0.00264136 0.00273212 0.00347887 0.00440478 0.00531597 0.00608141 0.00659193 0.00677211 0.00659669 0.00609679 0.00535114 0.00446623 0.00355154 0.00269816 0.00196595 0.00138113 0.000942048 0.000629167 0.000415257
 1.00129e-16 3.72712e-05 0.000218763 0.00103992 0.0040038 0.0124855 0.0315374 0.0645291 0.106962 0.143642 0.156295 0.137828 0.0985824 0.0573731 0.0275431 0.0116165 0.00549288 0.0043536 0.00524538 0.00687698 0.00873766 0.0105448 0.0120565 0.0130587 0.013402 0.013037 0.0120267 0.010529 0.00875701 0.00692977 0.00522915 0.00377453 0.00261781 0.00175497 0.00114605 0.000735643
 1.00467e-16 3.21419e-05 0.00018864 0.000896697 0.00345231 0.0107657 0.0271933 0.0556417 0.0922342 0.123874 0.134814 0.118952 0.0852274 0.0498961 0.0245072 0.0112895 0.00675942 0.00679865 0.00886377 0.0117943 0.0150441 0.0182117 0.020902 0.0227517 0.0235023 0.0230601 0.0215186 0.0191304 0.0162419 0.0132123 0.0103425 0.00783375 0.00577899 0.00418176 0.00298814 0.00211913
 1.00789e-16 3.35462e-05 0.000196889 0.000935924 0.00360336 0.0112367 0.0283831 0.0580757 0.0962672 0.129285 0.140689 0.124102 0.0888446 0.051867 0.0252027 0.0111531 0.00605854 0.00560655 0.00714704 0.00950044 0.0121591 0.014792 0.0170867 0.018755 0.0195857 0.0194922 0.0185299 0.0168765 0.0147834 0.0125151 0.0102964 0.00828219 0.00655066 0.00511739 0.0039581 0.00303113
 1.00886e-16 3.23929e-05 0.000190116 0.000903719 0.00347935 0.01085 0.0274064 0.0560774 0.0929557 0.12484 0.135861 0.119861 0.0858493 0.0502003 0.0245457 0.0111219 0.0064092 0.00625271 0.00809302 0.0107763 0.0137811 0.0167422 0.0193052 0.0211428 0.0220175 0.0218358 0.0206683 0.0187255 0.0163012 0.0137025 0.0111879 0.00893245 0.00702054 0.00546267 0.00422288 0.0032457
 1.00774e-16 3.48435e-05 0.000204508 0.000972151 0.00374285 0.0116717 0.0294819 0.0603237 0.0999924 0.134285 0.146122 0.128876 0.0922219 0.0537571 0.0259685 0.0112322 0.00573229 0.00497892 0.00621816 0.00823735 0.0105379 0.0128193 0.0148087 0.0162563 0.01698 0.0169055 0.0160816 0.0146627 0.0128664 0.0109214 0.00902099 0.00729735 0.00581614 0.00458875 0.00359258 0.00279073
 1.00782e-16 3.24912e-05 0.000190693 0.000906461 0.00348991 0.0108829 0.0274895 0.0562475 0.0932378 0.12522 0.136274 0.120227 0.0861147 0.0503619 0.0246365 0.0111825 0.00647004 0.00633149 0.00819822 0.0109099 0.0139387 0.0169128 0.0194709 0.0212801 0.0221009 0.021842 0.0205803 0.0185363 0.0160155 0.0133358 0.0107639 0.00847909 0.00656591 0.00503132 0.0038334 0.00290968
 1.01139e-16 3.07941e-05 0.000180728 0.000859082 0.00330748 0.010314 0.0260525 0.0533075 0.0883653 0.118679 0.129163 0.113971 0.0816716 0.0478405 0.0235471 0.010933 0.00666774 0.00681391 0.00894206 0.0119457 0.0153034 0.0186276 0.0215319 0.0236553 0.0247328 0.0246548 0.0234893 0.021457 0.0188708 0.0160594 0.0133025 0.0107915 0.00862335 0.00681696 0.0053426 0.00414971
 1.01101e-16 3.33663e-05 0.000195834 0.000930908 0.00358405 0.0111765 0.028231 0.0577644 0.095751 0.128591 0.139933 0.123432 0.0883594 0.0515721 0.0250378 0.011044 0.00594945 0.00546474 0.00695604 0.00925499 0.0118645 0.0144655 0.0167578 0.0184636 0.0193775 0.0194115 0.0186124 0.0171429 0.0152358 0.0131366 0.0110543 0.00913309 0.00744667 0.0060121 0.0048113 0.00381184
 1.01193e-16 3.01557e-05 0.000176978 0.000841252 0.00323883 0.0100999 0.0255118 0.0522012 0.086532 0.116218 0.126491 0.111626 0.0800188 0.0469281 0.0232017 0.0109461 0.00690919 0.00724101 0.00956131 0.0127753 0.0163497 0.019873 0.0229299 0.0251337 0.0262034 0.0260273 0.0246873 0.0224303 0.0196013 0.0165605 0.0136113 0.0109582 0.00869982 0.00684821 0.00536157 0.00417608
 1.03381e-16 1.28101e-05 7.51178e-05 0.000356936 0.00137399 0.00428445 0.0108227 0.0221485 0.0367278 0.0493677 0.0538359 0.0477585 0.0347792 0.0214928 0.0126665 0.00939214 0.0104891 0.0144699 0.0203505 0.0275102 0.0353525 0.0431381 0.0500144 0.0551601 0.0579624 0.0581546 0.0558683 0.0515782 0.0459678 0.0397604 0.0335742 0.027837 0.0227719 0.0184361 0.0147835 0.0117258
pSPR Fmed_Fpbrs
0.390932   0.356986 0.356986
Fs Fmed_Fpbrs
0.862417   1.005 1.005
SSBpbr Bo_Bmed_Bpbrs
762453  259945  234063 234063
Ro
24343
SPR SPRFo_SPRFmed_SPRFpbrs
500561 195685 178693
log_Ro
9.92
likeval ReclasPelacesDesembMPH_pf_preclas_ppelaces_ptallas_desvR_qrecl_qpela
 69.782 15.682 0.115697 0.000168373 328.799 187.797 84.0033 0 23.5854 1.93453e-05 0.000128494 0 0 0 0
q_reclas_q_pelaces
1.865 5.01634
M
0.7
N
 23112.1 17798 7526.26 981.47 0.159897
 41290.9 10912.3 5898.3 2494.22 325.314
 7174.76 19067.5 3027.17 1636.24 782.163
 12165.3 3045.69 2694.01 427.703 341.691
 40644.8 5638.36 870.074 769.609 219.796
 20799.4 19892.6 2492.24 384.586 437.332
 62918.3 9166.63 3795.55 475.526 156.824
 61455 28369.2 2099.99 869.526 144.866
 78222.4 26693.6 4818.04 356.65 172.278
 124179 33446.9 3996.93 721.423 79.1982
 58027.3 56157.3 7846.55 937.67 187.824
 47251.6 25085.3 9180.96 1282.81 184.003
 55176.9 20312.3 3920.37 1434.82 229.235
 28385.1 21550.7 1472.18 284.137 120.606
 13386.1 9446.86 433.141 29.5889 8.13481
 11280.5 4364.64 161.108 7.38684 0.643346
 7720.65 4653.53 490.344 18.0996 0.902148
 8518.3 3314.18 718.974 75.7585 2.93579
 9081.43 3753.61 631.624 137.023 14.9977
 12879.6 4077.41 831.223 139.871 33.6645
 18079.1 5700.48 805.013 164.11 34.2615
 22377.8 8526.48 1872.31 264.405 65.1548
 35542.8 10443.3 2573.98 565.214 99.4876
 35600.2 16347.4 2805.38 691.444 178.558
 6758.16 16358.8 4359.26 748.093 231.998
pred_Ctot
 820.355 4357.49 1842.66 240.293 0.0391475
 2089.72 3580.57 1935.36 818.407 106.743
 755.815 10516.7 1669.64 902.471 431.404
 585.571 960.095 849.235 134.825 107.712
 421.874 448.598 69.2247 61.2315 17.4874
 1694.52 9294.83 1164.5 179.699 204.344
 4187.11 3709.88 1536.12 192.453 63.4692
 5580.98 14252.5 1055.03 436.846 72.7798
 7884.13 14329.9 2586.46 191.46 92.4837
 8020.52 13240.6 1582.26 285.588 31.3521
 5445.61 28818.9 4026.72 481.196 96.3879
 4603.08 13182.9 4824.8 674.143 96.6977
 8589.05 13815.1 2666.38 975.867 155.911
 6888.61 17334.1 1184.14 228.543 97.0082
 3386.44 7689.23 352.553 24.0838 6.62129
 1387.93 2633.78 97.2181 4.45747 0.388217
 759.107 2459.8 259.19 9.56723 0.476864
 694.781 1549.77 336.205 35.4261 1.37283
 629.707 1565.46 263.421 57.1462 6.25486
 1013.69 1860.46 379.273 63.8207 15.3606
 655.6 1421.33 200.718 40.9186 8.54261
 972.57 2473.61 543.174 76.7062 18.902
 1894.85 3570.35 879.987 193.234 34.0126
 1919.82 5639.29 967.76 238.525 61.5963
 407.936 6155.19 1640.22 281.479 87.2919
F
 0.0504637 0.404422 0.404422 0.404422 0.404422
 0.0726547 0.582263 0.582263 0.582263 0.582263
 0.156843 1.25696 1.25696 1.25696 1.25696
 0.0689913 0.552904 0.552904 0.552904 0.552904
 0.0145257 0.11641 0.11641 0.11641 0.11641
 0.119354 0.956516 0.956516 0.956516 0.956516
 0.0965343 0.773637 0.773637 0.773637 0.773637
 0.133881 1.07293 1.07293 1.07293 1.07293
 0.149598 1.1989 1.1989 1.1989 1.1989
 0.0935704 0.749884 0.749884 0.749884 0.749884
 0.138633 1.11102 1.11102 1.11102 1.11102
 0.144257 1.1561 1.1561 1.1561 1.1561
 0.240137 1.92448 1.92448 1.92448 1.92448
 0.400181 3.2071 3.2071 3.2071 3.2071
 0.420678 3.37136 3.37136 3.37136 3.37136
 0.185446 1.48618 1.48618 1.48618 1.48618
 0.145687 1.16756 1.16756 1.16756 1.16756
 0.119498 0.957673 0.957673 0.957673 0.957673
 0.100769 0.807575 0.807575 0.807575 0.807575
 0.115092 0.922359 0.922359 0.922359 0.922359
 0.0515812 0.413378 0.413378 0.413378 0.413378
 0.0621059 0.497724 0.497724 0.497724 0.497724
 0.0766679 0.614425 0.614425 0.614425 0.614425
 0.077584 0.621767 0.621767 0.621767 0.621767
 0.0872061 0.69888 0.69888 0.69888 0.69888
YTP_r0W_actual
 4568.88 135414 54127.3 11568.8 3736.09
YTP_p0W_proyectada
 11955.8 31745.3 60771 21125 5164.41
 11955.8 74487.9 8412.94 14410 5184.62
CTP_r0_actual
 407.936 6155.19 1640.22 281.479 87.2919
CTP_p0_proyectada
 1406.56 1483.42 1947.79 519.042 111.063
 1406.56 3480.74 269.645 354.054 111.497
Wmedp
 8.5 21.4 31.2 40.7 46.5
nmprior
 10.6 11 7 0
nm_flota  nm_reclas  nm_pelaces    nm_pelaL
inf 27.7359 12.2327 25.9285
cv_recla  cv_pelaces  cv_mph
0.755608 0.449028 0.420992
 ------------------------------------------------
Talla a la edad & desviaci?n 
 7.2 14.2025 17.0495 18.207 18.6776
 1.08 2.13037 2.55742 2.73105 2.80164
