years
 1997 1998 1999 2000 2001 2002 2003 2004 2005 2006 2007 2008 2009 2010 2011 2012 2013 2014 2015 2016 2017 2018 2019 2020 2021
reclasobs
 0 0 0 370054 412103 1.49427e+06 250295 1.28982e+06 931140 785840 897777 1.04006e+06 184774 17550 25797 100020 73551 82996 120727 218422 84188 347160 605670 569463 516374
reclaspred
 368331 99537.2 296691 222597 342412 409352 911916 617382 703433 651830 516311 346537 213145 98975.8 69864.2 71830.4 90182.9 122430 127317 186011 272067 246147 423637 529896 587588
pelacesobs
 0 0 0 0 0 0 0 0 0 2.06254e+06 1.5e+06 0 1.87456e+06 323000 250000 174000 83755 137374 0 501740 490994 745055 786931 1.00524e+06 1.33801e+06
pelacespred
 994975 237667 441523 500537 660647 660964 1.68799e+06 1.41182e+06 1.43017e+06 1.33643e+06 954885 661932 405638 156993 109057 120052 157404 216279 232208 328798 533866 473713 642596 953789 1.05777e+06
mphobs
 0 0 0 0 0 112323 0 153150 637223 0 255016 313432 73983 77613 109348 50772 0 0 0 0 0 0 0 0 0
mphpred
 655077 387743 467805 562208 624531 1.0135e+06 1.53161e+06 1.82405e+06 1.58716e+06 1.64157e+06 1.5705e+06 1.11013e+06 683550 361690 174846 151668 185490 256203 315135 357362 547539 651465 806101 1.14108e+06 1.53117e+06
desembarqueobs
 350755 77701 442110 56441 14545 235359 269955 359681 431902 328805 639364 411747 362871 311530 167758 66681 60226 58785 57116 73181 50977 67692 138656 160484 209506
desembarquepred
 350759 77699.3 442086 56441.8 14545.1 235392 269980 359674 431919 328814 639529 411965 363162 311928 167783 66690 60243.3 58785.2 57111.4 73178.1 50976.8 67685.7 138653 160485 209503
Reclutas
 47181.7 61334.2 35943.4 61596.2 107010 75783.9 123502 118720 147889 148360 68071.1 39870.7 43142.9 23484.2 18155 22364.6 18244.8 20199.7 22340.1 42711.5 52904.7 65454 107204 123829 44520.9
log_desv_Rt
 -0.118239 0.144093 -0.3903 0.148355 0.700678 0.355642 0.84401 0.804524 1.02422 1.0274 0.248308 -0.286604 -0.207727 -0.815918 -1.0733 -0.864766 -1.06837 -0.966578 -0.865861 -0.217777 -0.00375283 0.209103 0.702485 0.84666 -0.176287
SSB
 655077 387743 467805 562208 624531 1.0135e+06 1.53161e+06 1.82405e+06 1.58716e+06 1.64157e+06 1.5705e+06 1.11013e+06 683550 361690 174846 151668 185490 256203 315135 357362 547539 651465 806101 1.14108e+06 1.53117e+06
BT
 2.06571e+06 557574 1.03322e+06 956155 1.19419e+06 1.36871e+06 3.20654e+06 2.93584e+06 2.95619e+06 2.71013e+06 2.28816e+06 1.56506e+06 1.0841e+06 581906 338193 270146 331244 434334 465140 648610 997412 911932 1.24638e+06 1.83995e+06 2.05887e+06
Ftot
 0.460206 0.399075 0.600824 0.116875 0.0216669 0.206652 0.12945 0.251302 0.277165 0.215159 0.434512 0.402066 0.639986 1.12254 1.05731 0.418562 0.298939 0.203689 0.174875 0.183968 0.0828463 0.108739 0.131403 0.12761 0.120127
BD_Bspro_t
 0.943248 0.7368 0.690323 0.55779 0.70147 0.832667 0.801959 0.810412 0.762569 0.732508 0.702163 0.553761 0.439896 0.329112 0.211851 0.22575 0.33778 0.499738 0.606815 0.686826 0.785769 0.850568 0.854136 0.857299 0.857403
BD_Bspro
 0.599909 0.355089 0.428409 0.514862 0.571936 0.928147 1.40263 1.67044 1.4535 1.50332 1.43824 1.01664 0.625985 0.33123 0.160121 0.138895 0.169869 0.234627 0.288596 0.327267 0.501428 0.596602 0.738215 1.04499 1.40223
BD_Bo
 0.520103 0.307851 0.371417 0.446369 0.495851 0.804675 1.21604 1.44822 1.26014 1.30334 1.24691 0.881399 0.54271 0.287166 0.13882 0.120418 0.147271 0.203415 0.250204 0.28373 0.434723 0.517236 0.64001 0.905971 1.21569
BD_Brms
 1.8065 1.06927 1.29006 1.55039 1.72226 2.79491 4.22371 5.03016 4.37689 4.52693 4.33093 3.0614 1.88502 0.997427 0.48217 0.418252 0.511522 0.706528 0.869043 0.985492 1.50994 1.79654 2.22297 3.14675 4.2225
S_f
 0.185592 1 1 1 1
 0.185592 1 1 1 1
 0.185592 1 1 1 1
 0.185592 1 1 1 1
 0.185592 1 1 1 1
 0.185592 1 1 1 1
 0.185592 1 1 1 1
 0.185592 1 1 1 1
 0.185592 1 1 1 1
 0.185592 1 1 1 1
 0.185592 1 1 1 1
 0.185592 1 1 1 1
 0.185592 1 1 1 1
 0.185592 1 1 1 1
 0.185592 1 1 1 1
 0.185592 1 1 1 1
 0.185592 1 1 1 1
 0.185592 1 1 1 1
 0.185592 1 1 1 1
 0.185592 1 1 1 1
 0.185592 1 1 1 1
 0.185592 1 1 1 1
 0.185592 1 1 1 1
 0.185592 1 1 1 1
 0.185592 1 1 1 1
Scru_reclas
 1 1 1 1 1
 1 1 1 1 1
 1 1 1 1 1
 1 1 1 1 1
 1 1 1 1 1
 1 1 1 1 1
 1 1 1 1 1
 1 1 1 1 1
 1 1 1 1 1
 1 1 1 1 1
 1 1 1 1 1
 1 1 1 1 1
 1 1 1 1 1
 1 1 1 1 1
 1 1 1 1 1
 1 1 1 1 1
 1 1 1 1 1
 1 1 1 1 1
 1 1 1 1 1
 1 1 1 1 1
 1 1 1 1 1
 1 1 1 1 1
 1 1 1 1 1
 1 1 1 1 1
 1 1 1 1 1
Scru_pelaces
 1 1 1 1 1
 1 1 1 1 1
 1 1 1 1 1
 1 1 1 1 1
 1 1 1 1 1
 1 1 1 1 1
 1 1 1 1 1
 1 1 1 1 1
 1 1 1 1 1
 1 1 1 1 1
 1 1 1 1 1
 1 1 1 1 1
 1 1 1 1 1
 1 1 1 1 1
 1 1 1 1 1
 1 1 1 1 1
 1 1 1 1 1
 1 1 1 1 1
 1 1 1 1 1
 1 1 1 1 1
 1 1 1 1 1
 1 1 1 1 1
 1 1 1 1 1
 1 1 1 1 1
 1 1 1 1 1
pf_obs 
 0.256992 0.487395 0.22802 0.0275931 0
 0.321318 0.546541 0.124235 0.00734118 0.000564706
 0.182869 0.594174 0.210203 0.0122559 0.00049798
 0.330522 0.361315 0.267642 0.0388342 0.00168674
 0.649043 0.306663 0.0425973 0.00169635 0
 0.582887 0.30429 0.105238 0.00758474 0
 0.465427 0.430635 0.0974691 0.00646863 0
 0.296916 0.608066 0.0921331 0.00288517 0
 0.311714 0.524322 0.152257 0.0117073 0
 0.15457 0.633149 0.183074 0.0267441 0.00246327
 0.131901 0.49318 0.331252 0.0422183 0.00144891
 0.196976 0.569456 0.194076 0.0375587 0.00193317
 0.518974 0.381816 0.0799577 0.0180837 0.00116848
 0.0928022 0.601141 0.25162 0.0475244 0.00691264
 0.122501 0.610282 0.24278 0.0234846 0.000952079
 0.383417 0.481906 0.127806 0.00687128 0
 0.0376549 0.599619 0.316969 0.0457579 0
 0.0361596 0.667082 0.258105 0.0386534 0
 0.158088 0.579412 0.248529 0.0139706 0
 0.0477256 0.309471 0.559284 0.082774 0.000745712
 0.0406174 0.521527 0.379366 0.0568643 0.0016247
 0.151134 0.462217 0.34131 0.0453401 0
 0.294876 0.26143 0.354403 0.0886775 0.000613685
 0.281977 0.475581 0.204845 0.0348837 0.00271318
 0.0841818 0.532909 0.334909 0.0458182 0.00218182
pf_pred 
 0.326624 0.47331 0.178728 0.0213266 1.11137e-05
 0.317049 0.522177 0.113007 0.0426726 0.00509455
 0.178231 0.617207 0.156405 0.0338484 0.0143075
 0.312474 0.418641 0.201951 0.0511762 0.0157567
 0.325289 0.486444 0.114638 0.0553008 0.0183284
 0.171446 0.599891 0.164859 0.0388513 0.0249533
 0.267428 0.403581 0.238196 0.0654597 0.0253346
 0.213654 0.531658 0.14031 0.0828118 0.0315657
 0.250496 0.466149 0.19158 0.0505599 0.0412153
 0.22245 0.522498 0.158628 0.0651935 0.0312306
 0.115451 0.557287 0.219913 0.0667646 0.0405837
 0.112099 0.411316 0.300261 0.118487 0.0578381
 0.195892 0.362714 0.204474 0.149266 0.0876548
 0.173322 0.529687 0.133965 0.0755205 0.0875046
 0.248812 0.498537 0.161885 0.0409428 0.0498242
 0.326876 0.505277 0.111394 0.0361719 0.0202812
 0.217732 0.595398 0.140273 0.0309247 0.0156722
 0.229225 0.487805 0.215374 0.0507409 0.0168556
 0.225535 0.493926 0.177546 0.0783896 0.0246031
 0.331552 0.420956 0.157841 0.0567375 0.0329128
 0.268565 0.544337 0.117825 0.0441797 0.0250931
 0.247161 0.506397 0.183403 0.0396988 0.02334
 0.29852 0.456157 0.165017 0.0597644 0.0205421
 0.247066 0.533782 0.142509 0.0515535 0.0250888
 0.0856253 0.596308 0.225489 0.0602011 0.0323764
pobs_RECLAS
 0 0 0 0 0
 0 0 0 0 0
 0 0 0 0 0
 0 0 0 0 0
 0.835266 0.146461 0.0176864 0.000547809 3.91292e-05
 0.385257 0.428462 0.181853 0.0044286 0
 0.867414 0.0963971 0.0333333 0.00285562 0
 0.441836 0.489002 0.0689373 0.000224442 0
 0.779404 0.147425 0.0564933 0.0165055 0.000172143
 0.814271 0.122319 0.05973 0.00367925 0
 0.40263 0.566651 0.0304383 0.000280538 0
 0.475488 0.404961 0.113038 0.00651328 0
 0.955842 0.0263864 0.0167828 0.000988607 0
 0.975058 0.0227948 0.00214734 0 0
 0.738997 0.206755 0.0527124 0.00153531 0
 0.850938 0.134255 0.0134407 0.00136685 0
 0.542534 0.407297 0.0501686 0 0
 0.764087 0.199537 0.0359546 0.000420521 0
 0.470689 0.182191 0.310203 0.0369168 0
 0.84361 0.089868 0.0606195 0.00523954 0.000663233
 0.607945 0.314616 0.071237 0.00620181 0
 0.523733 0.453247 0.0230204 0 0
 0.530135 0.295979 0.169645 0.0042399 0
 0.562478 0.366248 0.0663022 0.0049721 0
 0.250443 0.683176 0.0655157 0.000865301 0
ppred_RECLAS
 0.729209 0.190337 0.0718736 0.00857629 4.46927e-06
 0.71947 0.214491 0.0464188 0.0175283 0.00209265
 0.549358 0.338465 0.0857698 0.0185618 0.00784597
 0.711293 0.175797 0.0848039 0.02149 0.00661659
 0.722255 0.200245 0.0471906 0.0227646 0.00754489
 0.530014 0.34028 0.0935138 0.0220379 0.0141544
 0.664464 0.18485 0.1091 0.0299822 0.0116039
 0.5976 0.272068 0.0718015 0.0423776 0.0161533
 0.646637 0.219772 0.0903226 0.0238371 0.0194314
 0.60938 0.262489 0.0796903 0.0327514 0.0156894
 0.419647 0.365636 0.144285 0.0438043 0.026627
 0.410948 0.272875 0.199199 0.0786066 0.038371
 0.578833 0.189979 0.107097 0.0781809 0.045911
 0.555412 0.284866 0.0720466 0.040615 0.0470601
 0.661842 0.224423 0.0728747 0.018431 0.0224291
 0.728768 0.203599 0.0448858 0.0145753 0.00817221
 0.604163 0.301278 0.0709796 0.0156483 0.00793033
 0.618393 0.24151 0.106631 0.0251216 0.00834512
 0.613001 0.246814 0.0887196 0.0391712 0.0122941
 0.729685 0.170232 0.0638299 0.0229442 0.0133097
 0.665179 0.249175 0.0539356 0.0202236 0.0114866
 0.640142 0.242059 0.0876667 0.0189761 0.0111565
 0.697773 0.196531 0.0710962 0.025749 0.00885038
 0.64027 0.255026 0.068087 0.0246308 0.0119867
 0.336746 0.43254 0.163561 0.0436677 0.0234847
pobs_PELACES
 0 0 0 0 0
 0 0 0 0 0
 0 0 0 0 0
 0 0 0 0 0
 0 0 0 0 0
 0 0 0 0 0
 0 0 0 0 0
 0 0 0 0 0
 0 0 0 0 0
 0 0 0 0 0
 0.450072 0.473896 0.0757376 0.000293798 0
 0 0 0 0 0
 0.463077 0.371075 0.160297 0.00555027 0
 0.529543 0.364841 0.0842815 0.0213345 0
 0.631943 0.363953 0.00410389 0 0
 0.735681 0.248677 0.0153453 0.000297389 0
 0.695825 0.281241 0.0229344 0 0
 0.275771 0.60734 0.115278 0.00161068 0
 0 0 0 0 0
 0.896147 0.0623911 0.0374545 0.00400742 0
 0.803859 0.145111 0.0509908 3.86294e-05 0
 0.739449 0.233085 0.0266225 0.000797448 4.60066e-05
 0.878498 0.100942 0.0204185 0.000141795 0
 0.694673 0.275183 0.0284847 0.00165964 0
 0.469039 0.446079 0.0841089 0.000773354 0
ppred_PELACES
 0.752929 0.173664 0.0655778 0.00782505 4.07778e-06
 0.740599 0.198335 0.0429226 0.0162081 0.00193503
 0.588931 0.308742 0.0782378 0.0169318 0.00715696
 0.7177 0.171895 0.0829218 0.0210131 0.00646975
 0.723422 0.199404 0.0469924 0.022669 0.0075132
 0.543822 0.330283 0.0907664 0.0213904 0.0137386
 0.672176 0.180602 0.106592 0.0292931 0.0113372
 0.613729 0.261163 0.0689236 0.0406791 0.0155058
 0.663466 0.209305 0.086021 0.0227018 0.018506
 0.623054 0.2533 0.0769006 0.0316049 0.0151401
 0.448324 0.347569 0.137156 0.0416398 0.0253113
 0.437334 0.260652 0.190276 0.0750856 0.0366523
 0.620102 0.171363 0.0966028 0.0705201 0.0414122
 0.628141 0.238266 0.0602607 0.0339709 0.0393616
 0.722254 0.18433 0.0598556 0.0151383 0.0184221
 0.750423 0.187343 0.0413021 0.0134116 0.00751974
 0.623207 0.286784 0.0675647 0.0148954 0.0075488
 0.631224 0.233389 0.103045 0.0242769 0.0080645
 0.624089 0.239743 0.0861776 0.0380489 0.0119419
 0.739325 0.16416 0.0615534 0.0221259 0.012835
 0.67012 0.245498 0.0531397 0.0199252 0.0113171
 0.646846 0.237549 0.0860335 0.0186225 0.0109487
 0.705168 0.191723 0.0693565 0.025119 0.00863383
 0.64813 0.249453 0.0665992 0.0240926 0.0117248
 0.343994 0.427813 0.161774 0.0431905 0.023228
pobs_pel_tallas
 0 0 0 0 0 0 0 0 0 0 0 0 0 0 0 0 0 0 0 0 0 0 0 0 0 0 0 0 0 0 0 0 0 0 0 0
 0 0 0 0 0 0 0 0 0 0 0 0 0 0 0 0 0 0 0 0 0 0 0 0 0 0 0 0 0 0 0 0 0 0 0 0
 0 0 0 0 0 0 0 0 0 0 0 0 0 0 0 0 0 0 0 0 0 0 0 0 0 0 0 0 0 0 0 0 0 0 0 0
 0 0 0 0 0 0 0 0 0 0 0 0 0 0 0 0 0 0 0 0 0 0 0 0 0 0 0 0 0 0 0 0 0 0 0 0
 0 0 0 0 0 0 0 0 0 0 0 0 0 0 0 0 0 0 0 0 0 0 0 0 0 0 0 0 0 0 0 0 0 0 0 0
 0 0 0 0 0 0 0 0 0 0 0 0 0 0 0 0 0 0 0 0 0 0 0 0 0 0 0 0 0 0 0 0 0 0 0 0
 0 0 0 0 0 0 0 0 0 0 0 0 0 0 0 0 0 0 0 0 0 0 0 0 0 0 0 0 0 0 0 0 0 0 0 0
 0 0 0 0 0 0 0 0 0 0 0 0 0 0 0 0 0 0 0 0 0 0 0 0 0 0 0 0 0 0 0 0 0 0 0 0
 0 0 0 0 0 0 0 0 0 0 0 0 0 0 0 0 0 0 0 0 0 0 0 0 0 0 0 0 0 0 0 0 0 0 0 0
 0 0 0 0 0 0 0 0 0 0 0 0 0 0 0 0 0 0 0 0 0 0 0 0 0 0 0 0 0 0 0 0 0 0 0 0
 0 0 0 0 0 0 0 0 1.78061e-05 0.00172719 0.00360574 0.0105946 0.0120993 0.0124554 0.0147524 0.0171206 0.0266825 0.0428682 0.0675386 0.121331 0.153587 0.119568 0.100827 0.0573624 0.0630603 0.0341343 0.0324427 0.0444173 0.0211091 0.0280891 0.0125444 0.00206551 0 0 0 0
 0 0 0 0 0 0 0 0 0 0 0 0 0 0 0 0 0 0 0 0 0 0 0 0 0 0 0 0 0 0 0 0 0 0 0 0
 0 0 0 0 0 0 0.0133647 0.0140871 0.0187388 0.0205184 0.03894 0.0496705 0.03968 0.0493445 0.0407372 0.0367815 0.0215668 0.0243155 0.0234873 0.0199281 0.019796 0.0243948 0.0301388 0.0376714 0.0412746 0.0863199 0.0771752 0.113111 0.0741005 0.0525337 0.0229764 0.00759418 0.00175318 0 0 0
 0 0 0 0 0 0 0 0 0 0 0.00219441 0.00772107 0.0458388 0.0604681 0.0671733 0.0775358 0.0609151 0.0617685 0.073594 0.0568108 0.0755445 0.0548602 0.0670107 0.0636378 0.0643287 0.046367 0.0373049 0.0286899 0.0247887 0.0153202 0.00654259 0.00121912 0.000365735 0 0 0
 0 0 0 0 0 0 0 0 0 0 0 0 0.000112435 0.00938835 0.0111873 0.0202946 0.0414886 0.0713402 0.111592 0.104902 0.108894 0.110636 0.117776 0.105296 0.107544 0.0401394 0.0192827 0.0124803 0.00416011 0.0028671 0.000618394 0 0 0 0 0
 0 0 0 0 0 0 0 0 0 0 0.00291406 0.0102884 0.027416 0.0768956 0.0749926 0.110853 0.0956884 0.0897413 0.0766577 0.0534642 0.0500743 0.0551293 0.0594112 0.0620874 0.0668451 0.0424026 0.0208742 0.0120726 0.0048766 0.00582813 0.00118941 0.000297354 0 0 0 0
 0 0.00264628 0.0354308 0.0461629 0.0458689 0.0383711 0.0214643 0.0164657 0.0346957 0.0420465 0.0363128 0.0245516 0.0311673 0.0291091 0.0169068 0.0133784 0.00837989 0.0085269 0.0148486 0.0160247 0.0276389 0.0546898 0.0760071 0.122758 0.109233 0.0665981 0.0333725 0.0166128 0.00676272 0.00308733 0.000882094 0 0 0 0 0
 0 0 0 0 0 0 0 0.000805153 0.000690131 0.00759144 0.0133425 0.0154129 0.00931677 0.000345066 0.00356568 0.00563607 0.00851162 0.0253048 0.0502646 0.0516448 0.0657925 0.0565908 0.0611916 0.0827007 0.0866115 0.110766 0.145733 0.0935128 0.0569358 0.0249597 0.0138026 0.00621118 0.00161031 0.00115022 0 0
 0 0 0 0 0 0 0 0 0 0 0 0 0 0 0 0 0 0 0 0 0 0 0 0 0 0 0 0 0 0 0 0 0 0 0 0
 0.00147267 0.00158595 0.00478618 0.00569244 0.00954404 0.0108468 0.00647125 0.017049 0.0510054 0.094081 0.124002 0.0959785 0.0687766 0.0820023 0.061753 0.0591476 0.0492212 0.0479892 0.0443925 0.0268479 0.0217502 0.0140895 0.0121071 0.0120363 0.00920419 0.00665534 0.0049561 0.00860946 0.00930331 0.0156896 0.0114698 0.00855282 0.00243557 0.00046729 0 2.83206e-05
 0 0 0 0 0.000772559 0.00158375 0.000888443 0.00281984 0.00712685 0.0440552 0.0773331 0.111326 0.0921469 0.0852325 0.0710754 0.0886704 0.0786465 0.0553345 0.0373146 0.0185414 0.00753245 0.00457741 0.012979 0.0271748 0.0457355 0.0583668 0.034881 0.0177882 0.00938659 0.00492506 0.0015258 0.00185414 0.000309023 5.79419e-05 3.86279e-05 0
 0 0.00173294 0.00326652 0 0.00397197 0.00683976 0.00946217 0.0152591 0.00757587 0.0136028 0.0228656 0.0392903 0.0559909 0.0764795 0.0681675 0.0726916 0.0566044 0.0477403 0.0527397 0.0444891 0.0609904 0.0582453 0.0661739 0.0445044 0.0529084 0.0360697 0.0280645 0.0235558 0.0158879 0.00826598 0.00280645 0.00217768 0.000904811 0.00058276 9.20147e-05 0
 0 0 0 0 0 0 0 0 0 0 0 0 0 0 0 0 0 0 0 0 0 0 0 0 0 0 0 0 0 0 0 0 0 0 0 0
 0 0 0 0 0 0 0 0 0 0 0 0 0 0 0 0 0 0 0 0 0 0 0 0 0 0 0 0 0 0 0 0 0 0 0 0
 0 0 0 0 0 0 0 0 0 0 0 0 0 0 0 0 0 0 0 0 0 0 0 0 0 0 0 0 0 0 0 0 0 0 0 0
ppred_pel_tallas
 1.01257e-16 3.2851e-05 0.00019281 0.00091653 0.00352869 0.0110039 0.027795 0.0568722 0.0942721 0.126605 0.137772 0.121525 0.0869936 0.0507738 0.0246487 0.0108712 0.00585794 0.00538858 0.00687451 0.00917154 0.0117975 0.0144452 0.0168244 0.0186621 0.019751 0.0199925 0.019415 0.0181569 0.0164258 0.0144461 0.0124135 0.0104685 0.00869193 0.00711571 0.00574131 0.00455664
 1.01322e-16 3.23144e-05 0.000189657 0.000901536 0.00347095 0.0108238 0.0273402 0.0559419 0.0927307 0.124537 0.135528 0.11956 0.0856181 0.0500338 0.0244062 0.0109616 0.00618463 0.00592882 0.00764427 0.0101899 0.0130626 0.0159212 0.018437 0.0203049 0.0213002 0.0213286 0.0204443 0.0188292 0.0167414 0.0144519 0.0121897 0.0101103 0.00829087 0.00674575 0.00545097 0.00436797
 1.02128e-16 2.57055e-05 0.000150846 0.000717005 0.00276042 0.00860805 0.0217434 0.0444914 0.0737547 0.0990665 0.107846 0.0952285 0.0683868 0.0403532 0.020411 0.010401 0.00759785 0.00875571 0.0118558 0.0159353 0.020463 0.0249673 0.0289475 0.0319279 0.0335553 0.0336768 0.0323703 0.0299115 0.0266961 0.0231415 0.0196028 0.0163241 0.0134304 0.0109506 0.0088549 0.00709046
 1.02258e-16 3.13149e-05 0.000183791 0.000873655 0.00336361 0.0104891 0.0264946 0.0542116 0.0898622 0.120683 0.13133 0.115849 0.0829429 0.0484352 0.0235621 0.010477 0.00577151 0.0054306 0.0069943 0.00937778 0.0121242 0.0149396 0.0175415 0.0196595 0.0210819 0.0216975 0.0215132 0.0206401 0.0192545 0.0175507 0.0156995 0.0138257 0.0120054 0.0102774 0.00865999 0.00716499
 1.01863e-16 3.15654e-05 0.000185259 0.000880631 0.00339046 0.0105728 0.0267062 0.0546446 0.0905805 0.12165 0.132387 0.116794 0.0836459 0.0488988 0.0238857 0.0107849 0.00616642 0.00598407 0.00774992 0.0103503 0.0132923 0.016238 0.0188602 0.0208529 0.0219894 0.0221706 0.0214447 0.019985 0.0180398 0.0158695 0.0136935 0.0116595 0.00984008 0.00824903 0.00686605 0.00565995
 1.02774e-16 2.37394e-05 0.000139302 0.000662115 0.00254908 0.00794897 0.0200787 0.0410853 0.0681098 0.0914887 0.0996083 0.0879815 0.0632416 0.0374364 0.0191564 0.0101238 0.0078444 0.00933853 0.0127474 0.0171683 0.0220749 0.0269749 0.0313362 0.0346506 0.0365378 0.0368293 0.0355998 0.0331338 0.0298425 0.0261603 0.0224569 0.0189862 0.0158791 0.0131682 0.0108275 0.00880957
 1.03109e-16 2.93302e-05 0.000172138 0.000818254 0.0031503 0.0098239 0.0248144 0.0507739 0.0841644 0.113034 0.123011 0.108524 0.0777284 0.0454504 0.0222236 0.0100772 0.00583239 0.00574153 0.00750909 0.01012 0.0131375 0.016267 0.0192159 0.0216992 0.0234872 0.0244495 0.0245744 0.023955 0.022752 0.021147 0.0193021 0.0173396 0.01534 0.0133537 0.0114172 0.00956446
 1.03186e-16 2.67848e-05 0.000157187 0.00074716 0.00287654 0.00897018 0.0226581 0.0463625 0.0768547 0.103225 0.112359 0.0991795 0.0711504 0.0418358 0.0208876 0.0101982 0.00690305 0.00760393 0.0101999 0.0137176 0.0176645 0.021638 0.0252192 0.0280094 0.0297091 0.030182 0.0294795 0.0278137 0.025492 0.0228374 0.0201209 0.0175242 0.0151365 0.0129769 0.0110265 0.00925715
 1.02935e-16 2.89515e-05 0.000169913 0.000807668 0.00310953 0.00969676 0.0244933 0.0501171 0.0830765 0.111575 0.121431 0.107146 0.0767763 0.0449641 0.0221165 0.0102478 0.00623054 0.00637074 0.00839777 0.0112912 0.0145862 0.0179462 0.0210325 0.0235203 0.0251583 0.0258201 0.0255247 0.0244177 0.0227226 0.0206806 0.0184993 0.0163252 0.0142405 0.012279 0.0104488 0.00875144
 1.02968e-16 2.71911e-05 0.000159574 0.000758506 0.00292023 0.00910643 0.0230022 0.0470665 0.0780214 0.104791 0.114061 0.100675 0.0722092 0.0424297 0.021131 0.0102293 0.00681173 0.00742514 0.00993683 0.0133637 0.0172163 0.0211011 0.0246102 0.0273544 0.0290395 0.0295286 0.0288667 0.0272546 0.0249877 0.0223785 0.019692 0.0171091 0.0147231 0.0125597 0.0106076 0.00884499
 1.04674e-16 1.9576e-05 0.000114857 0.0005459 0.00210161 0.00655355 0.016554 0.0338738 0.0561573 0.0754411 0.0821566 0.0726148 0.0523007 0.031171 0.0163415 0.00927286 0.00795269 0.00996137 0.013785 0.018668 0.0241267 0.0296694 0.0347457 0.0388183 0.0414721 0.0424999 0.0419379 0.0400328 0.0371611 0.033728 0.0300819 0.0264676 0.0230216 0.019798 0.0168066 0.0140461
 1.07079e-16 1.90933e-05 0.000112031 0.000532482 0.00204998 0.00639257 0.0161473 0.0330409 0.0547745 0.0735773 0.0801107 0.0707681 0.0508872 0.0301622 0.0155109 0.00833285 0.00664398 0.00807824 0.0111799 0.0152693 0.0199719 0.0249354 0.0297595 0.0340354 0.037419 0.0396929 0.0407941 0.0407974 0.0398677 0.0382 0.035972 0.0333214 0.0303498 0.0271406 0.023781 0.0203724
 1.05786e-16 2.7059e-05 0.000158806 0.000754873 0.00290627 0.00906291 0.0228922 0.0468408 0.077645 0.104279 0.113486 0.100126 0.0717243 0.0419626 0.0205621 0.00940067 0.00555362 0.00557292 0.00735143 0.00996383 0.0130179 0.0162512 0.0194009 0.0222067 0.0244541 0.0260128 0.0268519 0.0270268 0.0266446 0.0258233 0.0246606 0.023221 0.0215415 0.0196494 0.0175798 0.0153875
 1.0394e-16 2.74122e-05 0.000160873 0.000764689 0.00294404 0.00918068 0.0231898 0.0474501 0.0786568 0.105643 0.114984 0.10148 0.0727644 0.0427119 0.0211897 0.0101217 0.00656365 0.00702882 0.00936707 0.0125953 0.0162376 0.0199241 0.0232758 0.025933 0.0276252 0.0282289 0.0277884 0.0264907 0.0246058 0.0224141 0.0201461 0.0179504 0.0158931 0.0139802 0.0121888 0.0104946
 1.02291e-16 3.15138e-05 0.000184958 0.000879202 0.00338497 0.0105557 0.0266629 0.0545559 0.0904331 0.121451 0.132168 0.116593 0.0834858 0.0487732 0.0237651 0.0106311 0.005943 0.0056594 0.00729991 0.00976286 0.0125736 0.015418 0.0179943 0.0200183 0.0212749 0.0216633 0.0212141 0.0200716 0.0184486 0.0165707 0.0146294 0.0127558 0.0110177 0.00943456 0.00799896 0.0066963
 1.0146e-16 3.27423e-05 0.00019217 0.000913487 0.00351697 0.0109673 0.0277027 0.0566834 0.0939595 0.126186 0.137319 0.121133 0.0867272 0.0506478 0.024642 0.0109597 0.00603282 0.00565606 0.00724564 0.0096513 0.0123762 0.0150936 0.017493 0.0192867 0.0202625 0.0203308 0.0195418 0.0180652 0.0161422 0.0140255 0.0119281 0.0099937 0.00829278 0.00683723 0.00560412 0.00455791
 1.01918e-16 2.71992e-05 0.000159618 0.000758709 0.002921 0.00910881 0.0230083 0.0470792 0.0780434 0.104823 0.114103 0.10073 0.072286 0.0425503 0.0213303 0.010555 0.00732112 0.00817968 0.0109911 0.0147502 0.0189286 0.0230795 0.0267362 0.0294575 0.0309172 0.0309766 0.0297122 0.0273847 0.0243662 0.0210479 0.0177616 0.0147341 0.0120795 0.0098213 0.00792723 0.00634338
 1.0275e-16 2.75467e-05 0.000161662 0.000768441 0.00295849 0.00922573 0.0233036 0.0476829 0.0790426 0.106161 0.115547 0.101975 0.0731157 0.0429109 0.0212757 0.0101433 0.00655511 0.00700953 0.00934966 0.0125933 0.0162692 0.0200115 0.0234421 0.0261958 0.0279888 0.0286767 0.0282785 0.0269558 0.0249602 0.0225657 0.0200119 0.0174722 0.015049 0.0127896 0.0107102 0.00881619
 1.03167e-16 2.72357e-05 0.000159837 0.000759759 0.00292506 0.00912149 0.0230403 0.0471442 0.0781499 0.104962 0.114244 0.10083 0.0723049 0.0424551 0.0210868 0.0101145 0.00661627 0.00713155 0.00952693 0.0128268 0.0165571 0.0203451 0.0238053 0.0265679 0.0283489 0.0290093 0.0285785 0.027231 0.0252305 0.0228587 0.0203565 0.017891 0.0155531 0.0133756 0.0113607 0.00950317
 1.02288e-16 3.22574e-05 0.000189326 0.000899969 0.00346493 0.0108051 0.0272927 0.0558445 0.0925684 0.124317 0.13528 0.119325 0.0854122 0.0498384 0.0241718 0.0106229 0.00567232 0.00517658 0.00659735 0.00881825 0.0113769 0.013986 0.016376 0.0182926 0.0195408 0.0200242 0.0197613 0.0188698 0.017528 0.0159267 0.0142293 0.0125491 0.010948 0.00944867 0.00805357 0.00676042
 1.02048e-16 2.9243e-05 0.000171621 0.000815783 0.00314077 0.00979415 0.0247393 0.0506207 0.0839122 0.1127 0.122662 0.108249 0.0776025 0.0455197 0.0225221 0.0106548 0.00676787 0.00713207 0.00944447 0.012649 0.0162342 0.0198053 0.0229621 0.0253291 0.026629 0.0267443 0.0257404 0.0238385 0.0213531 0.0186129 0.0158944 0.0133834 0.0111698 0.00926792 0.00764696 0.00626094
 1.02451e-16 2.8228e-05 0.000165662 0.000787455 0.0030317 0.00945403 0.0238802 0.0488628 0.0809984 0.108787 0.118404 0.104494 0.0749168 0.0439569 0.0217732 0.0103437 0.00663288 0.00704775 0.00937306 0.0125975 0.0162346 0.0199077 0.0232307 0.0258346 0.0274381 0.0279066 0.027276 0.02573 0.0235435 0.0210113 0.0183877 0.0158515 0.0135015 0.0113738 0.00946755 0.00776883
 1.02314e-16 3.07692e-05 0.000180585 0.000858412 0.00330492 0.0103061 0.0260323 0.0532658 0.088295 0.118581 0.129047 0.113848 0.0815364 0.0476675 0.0232884 0.010524 0.00603364 0.00587738 0.00763605 0.0102318 0.0131929 0.0161983 0.0189348 0.0211052 0.0224821 0.0229551 0.0225496 0.0214082 0.0197457 0.0177921 0.0157448 0.0137416 0.0118582 0.0101222 0.00853486 0.00708961
 1.02403e-16 2.82844e-05 0.000165992 0.000789023 0.00303773 0.00947284 0.0239277 0.0489602 0.08116 0.109005 0.118644 0.104711 0.0750835 0.0440776 0.0218751 0.010461 0.00679638 0.00728133 0.00969254 0.013008 0.0167262 0.0204523 0.0237816 0.026331 0.0278139 0.0281026 0.027252 0.0254734 0.0230725 0.0203715 0.017643 0.0150726 0.0127541 0.0107094 0.00891861 0.00734806
 1.05006e-16 1.503e-05 8.81609e-05 0.000418966 0.00161285 0.00502937 0.0127042 0.0259973 0.0431044 0.0579211 0.063117 0.0558815 0.0404555 0.0245266 0.0136193 0.00893063 0.00899329 0.0120079 0.0168254 0.0228101 0.0294541 0.0361693 0.0422788 0.0471208 0.0501865 0.0512273 0.0502981 0.0477168 0.0439633 0.0395537 0.0349324 0.0304124 0.0261677 0.0222646 0.0187088 0.0154869
pSPR Fmed_Fpbrs
0.689587   0.337907 0.337907
Fs Fmed_Fpbrs
0.236478   1.005 1.005
SSBpbr Bo_Bmed_Bpbrs
1.25951e+06  805568  362623 362623
Ro
53103.6
SPR SPRFo_SPRFmed_SPRFpbrs
1.09196e+06 753001 368981
log_Ro
10.7
likeval ReclasPelacesDesembMPH_pf_preclas_ppelaces_ptallas_desvR_qrecl_qpela
 65.5068 28.7527 0.0139815 0.00127218 315.625 197.844 77.8589 0 15.5571 7.34636e-05 0 0 0 0 0
q_reclas_q_pelaces
0.296841 1
M
0.7
N
 47181.7 14853.6 5608.89 669.279 0.348774
 61334.2 21511.7 4655.43 1757.95 209.876
 35943.4 28283.3 7167.23 1551.09 655.637
 61596.2 15965.6 7701.76 1951.69 600.909
 107010 29931.4 7053.76 3402.72 1127.76
 75783.9 52926.3 14544.9 3427.72 2201.55
 123502 36217.2 21375.6 5874.32 2273.52
 118720 59873.3 15801.2 9325.94 3554.81
 147889 56268.2 23125.3 6103.01 4975.03
 148360 69757.4 21178 8703.83 4169.52
 68071.1 70789.7 27934.6 8480.8 5155.17
 39870.7 31184.2 22764.5 8983.17 4385.04
 43142.9 18375.5 10358.9 7561.99 4440.7
 23484.2 19024.8 4811.62 2712.47 3142.9
 18155 9468.7 3074.67 777.627 946.31
 22364.6 7409.15 1633.43 530.408 297.394
 18244.8 10275.9 2420.94 533.724 270.484
 20199.7 8571.11 3784.29 891.558 296.166
 22340.1 9658.75 3471.92 1532.91 481.114
 42711.5 10739.5 4026.87 1447.49 839.676
 52904.7 20498 4436.92 1663.66 944.922
 65454 25870.8 9369.68 2028.13 1192.39
 107204 31854.1 11523.4 4173.44 1434.48
 123829 51953.2 13870.5 5017.71 2441.9
 44520.9 60052.6 22708.4 6062.69 3260.54
pred_Ctot
 2791.52 4045.18 1527.51 182.27 0.0949842
 3162.42 5208.48 1127.19 425.64 50.8158
 2745.11 9506.2 2408.95 521.331 220.364
 951.715 1275.07 615.091 155.869 47.9908
 308.913 461.955 108.866 52.5168 17.4057
 2055.25 7191.32 1976.28 465.738 299.133
 2111.34 3186.26 1880.55 516.802 200.016
 3901.13 9707.57 2561.93 1512.06 576.361
 5348.49 9953.04 4090.54 1079.54 880.013
 4186.26 9832.8 2985.19 1226.87 587.723
 3810.49 18393.4 7258.28 2203.58 1339.48
 2070.66 7597.69 5546.32 2188.65 1068.37
 3498.71 6478.22 3651.98 2665.95 1565.55
 3214.58 9824 2484.62 1400.66 1622.93
 2352.78 4714.19 1530.79 387.158 471.141
 1207.53 1866.57 411.507 133.625 74.9219
 710.41 1942.65 457.677 100.9 51.1348
 540.09 1149.34 507.455 119.554 39.7144
 514.026 1125.73 404.653 178.661 56.074
 1033.09 1311.67 491.821 176.789 102.554
 581.04 1177.67 254.915 95.5827 54.2888
 941.541 1929.08 698.659 151.229 88.9119
 1860.07 2842.31 1028.22 372.392 127.998
 2087.17 4509.28 1203.89 435.513 211.945
 706.838 4922.54 1861.41 496.961 267.268
F
 0.0854105 0.460206 0.460206 0.460206 0.460206
 0.0740652 0.399075 0.399075 0.399075 0.399075
 0.111508 0.600824 0.600824 0.600824 0.600824
 0.0216911 0.116875 0.116875 0.116875 0.116875
 0.0040212 0.0216669 0.0216669 0.0216669 0.0216669
 0.0383529 0.206652 0.206652 0.206652 0.206652
 0.0240248 0.12945 0.12945 0.12945 0.12945
 0.0466396 0.251302 0.251302 0.251302 0.251302
 0.0514396 0.277165 0.277165 0.277165 0.277165
 0.0399318 0.215159 0.215159 0.215159 0.215159
 0.0806419 0.434512 0.434512 0.434512 0.434512
 0.0746203 0.402066 0.402066 0.402066 0.402066
 0.118776 0.639986 0.639986 0.639986 0.639986
 0.208335 1.12254 1.12254 1.12254 1.12254
 0.196228 1.05731 1.05731 1.05731 1.05731
 0.0776816 0.418562 0.418562 0.418562 0.418562
 0.0554807 0.298939 0.298939 0.298939 0.298939
 0.0378031 0.203689 0.203689 0.203689 0.203689
 0.0324553 0.174875 0.174875 0.174875 0.174875
 0.0341429 0.183968 0.183968 0.183968 0.183968
 0.0153756 0.0828463 0.0828463 0.0828463 0.0828463
 0.020181 0.108739 0.108739 0.108739 0.108739
 0.0243874 0.131403 0.131403 0.131403 0.131403
 0.0236834 0.12761 0.12761 0.12761 0.12761
 0.0222947 0.120127 0.120127 0.120127 0.120127
YTP_r0W_actual
 7916.59 108296 61426.7 20425.1 11439.1
YTP_p0W_proyectada
 51416.2 223154 397947 196299 86244.9
 51416.2 207994 59138.9 94361.2 48177
CTP_r0_actual
 706.838 4922.54 1861.41 496.961 267.268
CTP_p0_proyectada
 6048.96 10427.8 12754.7 4823.08 1854.73
 6048.96 9719.34 1895.48 2318.46 1036.06
Wmedp
 8.5 21.4 31.2 40.7 46.5
nmprior
 10.6 11 7 0
nm_flota  nm_reclas  nm_pelaces    nm_pelaL
inf 14.2017 20.7445 51.5197
cv_recla  cv_pelaces  cv_mph
0.732096 0.608011 1.15721
 ------------------------------------------------
Talla a la edad & desviaci?n 
 7.2 14.2025 17.0495 18.207 18.6776
 1.08 2.13037 2.55742 2.73105 2.80164
