years
 1997 1998 1999 2000 2001 2002 2003 2004 2005 2006 2007 2008 2009 2010 2011 2012 2013 2014 2015 2016 2017 2018 2019 2020 2021
reclasobs
 0 0 0 370054 412103 1.49427e+06 250295 1.28982e+06 931140 785840 897777 1.04006e+06 184774 17550 25797 100020 73551 82996 120727 218422 84188 347160 605670 569463 516374
reclaspred
 368330 99536.8 296690 222597 342413 409353 911919 617384 703435 651832 516312 346538 213146 98976.1 69864.4 71830.5 90182.7 122430 127317 186010 272067 246146 423636 529894 587585
pelacesobs
 0 0 0 0 0 0 0 0 0 2.06254e+06 1.5e+06 0 1.87456e+06 323000 250000 174000 83755 137374 0 501740 490994 745055 786931 1.00524e+06 1.33801e+06
pelacespred
 994973 237666 441521 500536 660649 660967 1.688e+06 1.41182e+06 1.43017e+06 1.33643e+06 954891 661936 405640 156994 109057 120052 157404 216279 232208 328798 533865 473712 642595 953787 1.05776e+06
mphobs
 0 0 0 0 0 112323 0 153150 637223 0 255016 313432 73983 77613 109348 50772 0 0 0 0 0 0 0 0 0
mphpred
 138291 81855 98756.5 118685 131843 213957 323336 385072 335062 346548 331544 234358 144303 76355.6 36911.4 32018.2 39158.2 54086.3 66527.1 75441.5 115589 137529 170173 240890 323241
desembarqueobs
 350755 77701 442110 56441 14545 235359 269955 359681 431902 328805 639364 411747 362871 311530 167758 66681 60226 58785 57116 73181 50977 67692 138656 160484 209506
desembarquepred
 350759 77699.3 442086 56441.8 14545.1 235392 269980 359674 431919 328814 639529 411965 363162 311928 167783 66690 60243.3 58785.2 57111.4 73178.1 50976.8 67685.7 138653 160485 209503
Reclutas
 47181.5 61334.1 35943.3 61596.3 107011 75784.2 123502 118721 147890 148361 68071.2 39870.6 43142.8 23484.2 18154.9 22364.6 18244.7 20199.7 22340.1 42711.5 52904.6 65453.9 107204 123829 44520.5
log_desv_Rt
 -0.118243 0.144091 -0.390303 0.148358 0.700684 0.355645 0.844016 0.804528 1.02422 1.0274 0.24831 -0.286605 -0.207728 -0.815919 -1.0733 -0.864767 -1.06837 -0.966579 -0.865863 -0.217777 -0.00375362 0.209102 0.702484 0.846658 -0.176294
SSB
 655077 387742 467803 562206 624531 1.0135e+06 1.53162e+06 1.82406e+06 1.58717e+06 1.64158e+06 1.5705e+06 1.11014e+06 683554 361692 174847 151669 185490 256203 315135 357362 547539 651465 806100 1.14108e+06 1.53117e+06
BT
 2.0657e+06 557573 1.03322e+06 956154 1.19419e+06 1.36872e+06 3.20656e+06 2.93585e+06 2.9562e+06 2.71015e+06 2.28817e+06 1.56507e+06 1.0841e+06 581909 338195 270146 331244 434334 465139 648609 997411 911931 1.24638e+06 1.83995e+06 2.05887e+06
Ftot
 0.460206 0.399076 0.600826 0.116876 0.0216669 0.206651 0.129449 0.2513 0.277163 0.215158 0.434509 0.402064 0.639982 1.12254 1.0573 0.41856 0.298939 0.203689 0.174875 0.183968 0.0828464 0.108739 0.131403 0.12761 0.120128
BD_Bspro_t
 0.943248 0.736799 0.690322 0.55779 0.70147 0.832667 0.80196 0.810413 0.76257 0.732509 0.702164 0.553762 0.439897 0.329113 0.211852 0.225751 0.337781 0.499738 0.606815 0.686826 0.785769 0.850568 0.854136 0.857299 0.857403
BD_Bspro
 0.599909 0.355088 0.428407 0.51486 0.571936 0.928151 1.40264 1.67045 1.45351 1.50333 1.43824 1.01665 0.625988 0.331232 0.160122 0.138896 0.169869 0.234627 0.288596 0.327267 0.501427 0.596601 0.738214 1.04498 1.40222
BD_Bo
 0.520102 0.30785 0.371415 0.446367 0.49585 0.804677 1.21604 1.44823 1.26014 1.30334 1.24691 0.881402 0.542712 0.287168 0.138821 0.120418 0.147271 0.203414 0.250203 0.28373 0.434722 0.517234 0.640008 0.905968 1.21568
BD_Brms
 1.80649 1.06927 1.29005 1.55038 1.72226 2.79492 4.22372 5.03018 4.37691 4.52694 4.33094 3.06141 1.88502 0.997431 0.482173 0.418253 0.511522 0.706527 0.869041 0.98549 1.50994 1.79653 2.22297 3.14674 4.22248
S_f
 0.185592 1 1 1 1
 0.185592 1 1 1 1
 0.185592 1 1 1 1
 0.185592 1 1 1 1
 0.185592 1 1 1 1
 0.185592 1 1 1 1
 0.185592 1 1 1 1
 0.185592 1 1 1 1
 0.185592 1 1 1 1
 0.185592 1 1 1 1
 0.185592 1 1 1 1
 0.185592 1 1 1 1
 0.185592 1 1 1 1
 0.185592 1 1 1 1
 0.185592 1 1 1 1
 0.185592 1 1 1 1
 0.185592 1 1 1 1
 0.185592 1 1 1 1
 0.185592 1 1 1 1
 0.185592 1 1 1 1
 0.185592 1 1 1 1
 0.185592 1 1 1 1
 0.185592 1 1 1 1
 0.185592 1 1 1 1
 0.185592 1 1 1 1
Scru_reclas
 1 1 1 1 1
 1 1 1 1 1
 1 1 1 1 1
 1 1 1 1 1
 1 1 1 1 1
 1 1 1 1 1
 1 1 1 1 1
 1 1 1 1 1
 1 1 1 1 1
 1 1 1 1 1
 1 1 1 1 1
 1 1 1 1 1
 1 1 1 1 1
 1 1 1 1 1
 1 1 1 1 1
 1 1 1 1 1
 1 1 1 1 1
 1 1 1 1 1
 1 1 1 1 1
 1 1 1 1 1
 1 1 1 1 1
 1 1 1 1 1
 1 1 1 1 1
 1 1 1 1 1
 1 1 1 1 1
Scru_pelaces
 1 1 1 1 1
 1 1 1 1 1
 1 1 1 1 1
 1 1 1 1 1
 1 1 1 1 1
 1 1 1 1 1
 1 1 1 1 1
 1 1 1 1 1
 1 1 1 1 1
 1 1 1 1 1
 1 1 1 1 1
 1 1 1 1 1
 1 1 1 1 1
 1 1 1 1 1
 1 1 1 1 1
 1 1 1 1 1
 1 1 1 1 1
 1 1 1 1 1
 1 1 1 1 1
 1 1 1 1 1
 1 1 1 1 1
 1 1 1 1 1
 1 1 1 1 1
 1 1 1 1 1
 1 1 1 1 1
pf_obs 
 0.256992 0.487395 0.22802 0.0275931 0
 0.321318 0.546541 0.124235 0.00734118 0.000564706
 0.182869 0.594174 0.210203 0.0122559 0.00049798
 0.330522 0.361315 0.267642 0.0388342 0.00168674
 0.649043 0.306663 0.0425973 0.00169635 0
 0.582887 0.30429 0.105238 0.00758474 0
 0.465427 0.430635 0.0974691 0.00646863 0
 0.296916 0.608066 0.0921331 0.00288517 0
 0.311714 0.524322 0.152257 0.0117073 0
 0.15457 0.633149 0.183074 0.0267441 0.00246327
 0.131901 0.49318 0.331252 0.0422183 0.00144891
 0.196976 0.569456 0.194076 0.0375587 0.00193317
 0.518974 0.381816 0.0799577 0.0180837 0.00116848
 0.0928022 0.601141 0.25162 0.0475244 0.00691264
 0.122501 0.610282 0.24278 0.0234846 0.000952079
 0.383417 0.481906 0.127806 0.00687128 0
 0.0376549 0.599619 0.316969 0.0457579 0
 0.0361596 0.667082 0.258105 0.0386534 0
 0.158088 0.579412 0.248529 0.0139706 0
 0.0477256 0.309471 0.559284 0.082774 0.000745712
 0.0406174 0.521527 0.379366 0.0568643 0.0016247
 0.151134 0.462217 0.34131 0.0453401 0
 0.294876 0.26143 0.354403 0.0886775 0.000613685
 0.281977 0.475581 0.204845 0.0348837 0.00271318
 0.0841818 0.532909 0.334909 0.0458182 0.00218182
pf_pred 
 0.326623 0.473311 0.178728 0.0213267 1.11137e-05
 0.31705 0.522176 0.113007 0.0426728 0.00509457
 0.178231 0.617207 0.156405 0.0338484 0.0143075
 0.312476 0.418641 0.201951 0.0511759 0.0157567
 0.32529 0.486444 0.114637 0.0553004 0.0183282
 0.171446 0.599892 0.164858 0.0388509 0.0249531
 0.267429 0.403581 0.238197 0.0654596 0.0253344
 0.213654 0.531659 0.14031 0.082812 0.0315657
 0.250495 0.466149 0.19158 0.0505599 0.0412154
 0.22245 0.522497 0.158628 0.0651939 0.0312307
 0.115451 0.557287 0.219913 0.0667648 0.040584
 0.112098 0.411315 0.300261 0.118487 0.0578386
 0.195891 0.362713 0.204474 0.149267 0.0876555
 0.173322 0.529686 0.133965 0.075521 0.0875056
 0.248811 0.498536 0.161885 0.0409432 0.049825
 0.326874 0.505277 0.111395 0.0361723 0.0202816
 0.217732 0.595397 0.140273 0.030925 0.0156725
 0.229225 0.487804 0.215374 0.0507411 0.0168558
 0.225535 0.493926 0.177546 0.0783897 0.0246032
 0.331552 0.420956 0.157841 0.0567375 0.0329129
 0.268565 0.544337 0.117825 0.0441796 0.0250931
 0.247161 0.506398 0.183403 0.0396987 0.02334
 0.29852 0.456157 0.165017 0.0597644 0.0205421
 0.247066 0.533782 0.142509 0.0515535 0.0250888
 0.0856249 0.596309 0.225489 0.0602012 0.0323765
pobs_RECLAS
 0 0 0 0 0
 0 0 0 0 0
 0 0 0 0 0
 0 0 0 0 0
 0.835266 0.146461 0.0176864 0.000547809 3.91292e-05
 0.385257 0.428462 0.181853 0.0044286 0
 0.867414 0.0963971 0.0333333 0.00285562 0
 0.441836 0.489002 0.0689373 0.000224442 0
 0.779404 0.147425 0.0564933 0.0165055 0.000172143
 0.814271 0.122319 0.05973 0.00367925 0
 0.40263 0.566651 0.0304383 0.000280538 0
 0.475488 0.404961 0.113038 0.00651328 0
 0.955842 0.0263864 0.0167828 0.000988607 0
 0.975058 0.0227948 0.00214734 0 0
 0.738997 0.206755 0.0527124 0.00153531 0
 0.850938 0.134255 0.0134407 0.00136685 0
 0.542534 0.407297 0.0501686 0 0
 0.764087 0.199537 0.0359546 0.000420521 0
 0.470689 0.182191 0.310203 0.0369168 0
 0.84361 0.089868 0.0606195 0.00523954 0.000663233
 0.607945 0.314616 0.071237 0.00620181 0
 0.523733 0.453247 0.0230204 0 0
 0.530135 0.295979 0.169645 0.0042399 0
 0.562478 0.366248 0.0663022 0.0049721 0
 0.250443 0.683176 0.0655157 0.000865301 0
ppred_RECLAS
 0.729208 0.190338 0.0718738 0.00857632 4.46928e-06
 0.71947 0.21449 0.046419 0.0175284 0.00209266
 0.549358 0.338465 0.0857696 0.0185618 0.00784598
 0.711294 0.175796 0.0848034 0.0214898 0.00661656
 0.722256 0.200245 0.0471902 0.0227644 0.0075448
 0.530014 0.340281 0.0935137 0.0220377 0.0141543
 0.664464 0.18485 0.1091 0.0299821 0.0116038
 0.597599 0.272068 0.0718015 0.0423778 0.0161533
 0.646637 0.219772 0.090323 0.0238371 0.0194315
 0.60938 0.262488 0.0796905 0.0327516 0.0156895
 0.419646 0.365637 0.144285 0.0438045 0.0266272
 0.410947 0.272875 0.1992 0.078607 0.0383714
 0.578831 0.189978 0.107098 0.0781816 0.0459114
 0.55541 0.284867 0.0720469 0.0406154 0.0470607
 0.66184 0.224424 0.0728753 0.0184312 0.0224295
 0.728767 0.203599 0.0448862 0.0145755 0.0081724
 0.604163 0.301278 0.0709798 0.0156484 0.00793049
 0.618392 0.24151 0.106631 0.0251217 0.00834524
 0.613 0.246814 0.0887196 0.0391712 0.0122942
 0.729685 0.170231 0.0638298 0.0229442 0.0133097
 0.665179 0.249175 0.0539355 0.0202236 0.0114866
 0.640142 0.242059 0.0876667 0.018976 0.0111565
 0.697773 0.196531 0.0710962 0.025749 0.00885038
 0.64027 0.255026 0.068087 0.0246308 0.0119867
 0.336745 0.432541 0.163562 0.0436678 0.0234847
pobs_PELACES
 0 0 0 0 0
 0 0 0 0 0
 0 0 0 0 0
 0 0 0 0 0
 0 0 0 0 0
 0 0 0 0 0
 0 0 0 0 0
 0 0 0 0 0
 0 0 0 0 0
 0 0 0 0 0
 0.450072 0.473896 0.0757376 0.000293798 0
 0 0 0 0 0
 0.463077 0.371075 0.160297 0.00555027 0
 0.529543 0.364841 0.0842815 0.0213345 0
 0.631943 0.363953 0.00410389 0 0
 0.735681 0.248677 0.0153453 0.000297389 0
 0.695825 0.281241 0.0229344 0 0
 0.275771 0.60734 0.115278 0.00161068 0
 0 0 0 0 0
 0.896147 0.0623911 0.0374545 0.00400742 0
 0.803859 0.145111 0.0509908 3.86294e-05 0
 0.739449 0.233085 0.0266225 0.000797448 4.60066e-05
 0.878498 0.100942 0.0204185 0.000141795 0
 0.694673 0.275183 0.0284847 0.00165964 0
 0.469039 0.446079 0.0841089 0.000773354 0
ppred_PELACES
 0.752928 0.173665 0.065578 0.00782508 4.07779e-06
 0.740599 0.198335 0.0429226 0.0162081 0.00193504
 0.588932 0.308742 0.0782376 0.0169318 0.00715697
 0.717701 0.171895 0.0829214 0.0210129 0.00646972
 0.723423 0.199404 0.046992 0.0226688 0.00751311
 0.543822 0.330283 0.0907663 0.0213902 0.0137385
 0.672176 0.180602 0.106592 0.029293 0.0113371
 0.613728 0.261163 0.0689236 0.0406792 0.0155058
 0.663465 0.209305 0.0860214 0.0227019 0.0185061
 0.623054 0.2533 0.0769009 0.0316051 0.0151402
 0.448323 0.34757 0.137156 0.04164 0.0253115
 0.437332 0.260652 0.190277 0.075086 0.0366526
 0.6201 0.171363 0.0966033 0.0705207 0.0414127
 0.628139 0.238266 0.060261 0.0339712 0.0393622
 0.722252 0.184331 0.0598562 0.0151385 0.0184225
 0.750422 0.187344 0.0413025 0.0134118 0.00751991
 0.623207 0.286784 0.0675649 0.0148956 0.00754895
 0.631224 0.233389 0.103045 0.024277 0.00806462
 0.624089 0.239743 0.0861776 0.0380489 0.011942
 0.739326 0.16416 0.0615533 0.0221259 0.012835
 0.67012 0.245498 0.0531397 0.0199252 0.0113171
 0.646846 0.237549 0.0860335 0.0186225 0.0109487
 0.705168 0.191723 0.0693566 0.025119 0.00863382
 0.64813 0.249453 0.0665992 0.0240926 0.0117248
 0.343993 0.427814 0.161774 0.0431906 0.0232281
pobs_pel_tallas
 0 0 0 0 0 0 0 0 0 0 0 0 0 0 0 0 0 0 0 0 0 0 0 0 0 0 0 0 0 0 0 0 0 0 0 0
 0 0 0 0 0 0 0 0 0 0 0 0 0 0 0 0 0 0 0 0 0 0 0 0 0 0 0 0 0 0 0 0 0 0 0 0
 0 0 0 0 0 0 0 0 0 0 0 0 0 0 0 0 0 0 0 0 0 0 0 0 0 0 0 0 0 0 0 0 0 0 0 0
 0 0 0 0 0 0 0 0 0 0 0 0 0 0 0 0 0 0 0 0 0 0 0 0 0 0 0 0 0 0 0 0 0 0 0 0
 0 0 0 0 0 0 0 0 0 0 0 0 0 0 0 0 0 0 0 0 0 0 0 0 0 0 0 0 0 0 0 0 0 0 0 0
 0 0 0 0 0 0 0 0 0 0 0 0 0 0 0 0 0 0 0 0 0 0 0 0 0 0 0 0 0 0 0 0 0 0 0 0
 0 0 0 0 0 0 0 0 0 0 0 0 0 0 0 0 0 0 0 0 0 0 0 0 0 0 0 0 0 0 0 0 0 0 0 0
 0 0 0 0 0 0 0 0 0 0 0 0 0 0 0 0 0 0 0 0 0 0 0 0 0 0 0 0 0 0 0 0 0 0 0 0
 0 0 0 0 0 0 0 0 0 0 0 0 0 0 0 0 0 0 0 0 0 0 0 0 0 0 0 0 0 0 0 0 0 0 0 0
 0 0 0 0 0 0 0 0 0 0 0 0 0 0 0 0 0 0 0 0 0 0 0 0 0 0 0 0 0 0 0 0 0 0 0 0
 0 0 0 0 0 0 0 0 1.78061e-05 0.00172719 0.00360574 0.0105946 0.0120993 0.0124554 0.0147524 0.0171206 0.0266825 0.0428682 0.0675386 0.121331 0.153587 0.119568 0.100827 0.0573624 0.0630603 0.0341343 0.0324427 0.0444173 0.0211091 0.0280891 0.0125444 0.00206551 0 0 0 0
 0 0 0 0 0 0 0 0 0 0 0 0 0 0 0 0 0 0 0 0 0 0 0 0 0 0 0 0 0 0 0 0 0 0 0 0
 0 0 0 0 0 0 0.0133647 0.0140871 0.0187388 0.0205184 0.03894 0.0496705 0.03968 0.0493445 0.0407372 0.0367815 0.0215668 0.0243155 0.0234873 0.0199281 0.019796 0.0243948 0.0301388 0.0376714 0.0412746 0.0863199 0.0771752 0.113111 0.0741005 0.0525337 0.0229764 0.00759418 0.00175318 0 0 0
 0 0 0 0 0 0 0 0 0 0 0.00219441 0.00772107 0.0458388 0.0604681 0.0671733 0.0775358 0.0609151 0.0617685 0.073594 0.0568108 0.0755445 0.0548602 0.0670107 0.0636378 0.0643287 0.046367 0.0373049 0.0286899 0.0247887 0.0153202 0.00654259 0.00121912 0.000365735 0 0 0
 0 0 0 0 0 0 0 0 0 0 0 0 0.000112435 0.00938835 0.0111873 0.0202946 0.0414886 0.0713402 0.111592 0.104902 0.108894 0.110636 0.117776 0.105296 0.107544 0.0401394 0.0192827 0.0124803 0.00416011 0.0028671 0.000618394 0 0 0 0 0
 0 0 0 0 0 0 0 0 0 0 0.00291406 0.0102884 0.027416 0.0768956 0.0749926 0.110853 0.0956884 0.0897413 0.0766577 0.0534642 0.0500743 0.0551293 0.0594112 0.0620874 0.0668451 0.0424026 0.0208742 0.0120726 0.0048766 0.00582813 0.00118941 0.000297354 0 0 0 0
 0 0.00264628 0.0354308 0.0461629 0.0458689 0.0383711 0.0214643 0.0164657 0.0346957 0.0420465 0.0363128 0.0245516 0.0311673 0.0291091 0.0169068 0.0133784 0.00837989 0.0085269 0.0148486 0.0160247 0.0276389 0.0546898 0.0760071 0.122758 0.109233 0.0665981 0.0333725 0.0166128 0.00676272 0.00308733 0.000882094 0 0 0 0 0
 0 0 0 0 0 0 0 0.000805153 0.000690131 0.00759144 0.0133425 0.0154129 0.00931677 0.000345066 0.00356568 0.00563607 0.00851162 0.0253048 0.0502646 0.0516448 0.0657925 0.0565908 0.0611916 0.0827007 0.0866115 0.110766 0.145733 0.0935128 0.0569358 0.0249597 0.0138026 0.00621118 0.00161031 0.00115022 0 0
 0 0 0 0 0 0 0 0 0 0 0 0 0 0 0 0 0 0 0 0 0 0 0 0 0 0 0 0 0 0 0 0 0 0 0 0
 0.00147267 0.00158595 0.00478618 0.00569244 0.00954404 0.0108468 0.00647125 0.017049 0.0510054 0.094081 0.124002 0.0959785 0.0687766 0.0820023 0.061753 0.0591476 0.0492212 0.0479892 0.0443925 0.0268479 0.0217502 0.0140895 0.0121071 0.0120363 0.00920419 0.00665534 0.0049561 0.00860946 0.00930331 0.0156896 0.0114698 0.00855282 0.00243557 0.00046729 0 2.83206e-05
 0 0 0 0 0.000772559 0.00158375 0.000888443 0.00281984 0.00712685 0.0440552 0.0773331 0.111326 0.0921469 0.0852325 0.0710754 0.0886704 0.0786465 0.0553345 0.0373146 0.0185414 0.00753245 0.00457741 0.012979 0.0271748 0.0457355 0.0583668 0.034881 0.0177882 0.00938659 0.00492506 0.0015258 0.00185414 0.000309023 5.79419e-05 3.86279e-05 0
 0 0.00173294 0.00326652 0 0.00397197 0.00683976 0.00946217 0.0152591 0.00757587 0.0136028 0.0228656 0.0392903 0.0559909 0.0764795 0.0681675 0.0726916 0.0566044 0.0477403 0.0527397 0.0444891 0.0609904 0.0582453 0.0661739 0.0445044 0.0529084 0.0360697 0.0280645 0.0235558 0.0158879 0.00826598 0.00280645 0.00217768 0.000904811 0.00058276 9.20147e-05 0
 0 0 0 0 0 0 0 0 0 0 0 0 0 0 0 0 0 0 0 0 0 0 0 0 0 0 0 0 0 0 0 0 0 0 0 0
 0 0 0 0 0 0 0 0 0 0 0 0 0 0 0 0 0 0 0 0 0 0 0 0 0 0 0 0 0 0 0 0 0 0 0 0
 0 0 0 0 0 0 0 0 0 0 0 0 0 0 0 0 0 0 0 0 0 0 0 0 0 0 0 0 0 0 0 0 0 0 0 0
ppred_pel_tallas
 1.01257e-16 3.2851e-05 0.000192809 0.000916529 0.00352869 0.0110039 0.0277949 0.0568722 0.094272 0.126605 0.137772 0.121525 0.0869935 0.0507738 0.0246487 0.0108712 0.00585795 0.0053886 0.00687453 0.00917157 0.0117975 0.0144453 0.0168244 0.0186621 0.019751 0.0199926 0.019415 0.0181569 0.0164259 0.0144462 0.0124135 0.0104685 0.00869196 0.00711573 0.00574132 0.00455666
 1.01322e-16 3.23144e-05 0.000189657 0.000901536 0.00347095 0.0108238 0.0273402 0.0559419 0.0927307 0.124537 0.135528 0.11956 0.0856181 0.0500338 0.0244062 0.0109616 0.00618462 0.00592881 0.00764425 0.0101899 0.0130626 0.0159211 0.0184369 0.0203048 0.0213002 0.0213286 0.0204443 0.0188292 0.0167414 0.0144519 0.0121897 0.0101103 0.00829088 0.00674576 0.00545098 0.00436798
 1.02128e-16 2.57055e-05 0.000150846 0.000717005 0.00276042 0.00860805 0.0217434 0.0444914 0.0737547 0.0990666 0.107846 0.0952286 0.0683868 0.0403532 0.020411 0.010401 0.00759785 0.00875571 0.0118558 0.0159353 0.020463 0.0249673 0.0289475 0.0319279 0.0335553 0.0336768 0.0323703 0.0299115 0.026696 0.0231414 0.0196028 0.0163241 0.0134304 0.0109506 0.00885489 0.00709045
 1.02258e-16 3.13149e-05 0.000183791 0.000873656 0.00336362 0.0104891 0.0264947 0.0542118 0.0898623 0.120684 0.131331 0.115849 0.0829431 0.0484353 0.0235621 0.010477 0.0057715 0.00543058 0.00699427 0.00937773 0.0121242 0.0149395 0.0175414 0.0196594 0.0210818 0.0216974 0.0215131 0.02064 0.0192544 0.0175507 0.0156994 0.0138256 0.0120053 0.0102773 0.00865994 0.00716495
 1.01863e-16 3.15654e-05 0.00018526 0.000880632 0.00339047 0.0105728 0.0267062 0.0546447 0.0905806 0.12165 0.132388 0.116794 0.083646 0.0488989 0.0238858 0.0107849 0.00616642 0.00598406 0.0077499 0.0103503 0.0132922 0.016238 0.0188601 0.0208529 0.0219893 0.0221706 0.0214446 0.0199849 0.0180397 0.0158695 0.0136935 0.0116594 0.00984001 0.00824897 0.006866 0.00565991
 1.02774e-16 2.37394e-05 0.000139301 0.000662115 0.00254907 0.00794896 0.0200787 0.0410853 0.0681098 0.0914887 0.0996082 0.0879815 0.0632416 0.0374363 0.0191564 0.0101238 0.00784441 0.00933855 0.0127474 0.0171684 0.022075 0.0269749 0.0313362 0.0346506 0.0365379 0.0368293 0.0355999 0.0331339 0.0298425 0.0261603 0.0224569 0.0189862 0.0158791 0.0131682 0.0108275 0.00880954
 1.03109e-16 2.93302e-05 0.000172138 0.000818254 0.0031503 0.00982391 0.0248144 0.0507739 0.0841644 0.113034 0.123011 0.108524 0.0777284 0.0454504 0.0222236 0.0100772 0.00583239 0.00574153 0.00750908 0.01012 0.0131375 0.0162669 0.0192159 0.0216992 0.0234872 0.0244495 0.0245743 0.0239549 0.022752 0.021147 0.0193021 0.0173396 0.01534 0.0133537 0.0114172 0.00956446
 1.03186e-16 2.67847e-05 0.000157187 0.000747159 0.00287654 0.00897017 0.0226581 0.0463624 0.0768546 0.103225 0.112359 0.0991794 0.0711503 0.0418358 0.0208876 0.0101982 0.00690306 0.00760394 0.0101999 0.0137176 0.0176645 0.021638 0.0252192 0.0280095 0.0297091 0.030182 0.0294796 0.0278137 0.025492 0.0228374 0.0201209 0.0175242 0.0151366 0.012977 0.0110265 0.00925716
 1.02935e-16 2.89515e-05 0.000169912 0.000807667 0.00310953 0.00969675 0.0244933 0.050117 0.0830764 0.111575 0.121431 0.107146 0.0767762 0.0449641 0.0221165 0.0102478 0.00623055 0.00637075 0.00839778 0.0112912 0.0145862 0.0179463 0.0210326 0.0235204 0.0251584 0.0258201 0.0255247 0.0244177 0.0227227 0.0206806 0.0184994 0.0163253 0.0142406 0.0122791 0.0104488 0.00875147
 1.02968e-16 2.71911e-05 0.000159573 0.000758506 0.00292023 0.00910642 0.0230022 0.0470665 0.0780214 0.104791 0.114061 0.100675 0.0722091 0.0424297 0.021131 0.0102293 0.00681173 0.00742514 0.00993683 0.0133637 0.0172163 0.0211011 0.0246102 0.0273545 0.0290396 0.0295287 0.0288667 0.0272546 0.0249877 0.0223786 0.0196921 0.0171091 0.0147231 0.0125597 0.0106076 0.00884502
 1.04674e-16 1.95759e-05 0.000114857 0.000545898 0.0021016 0.00655354 0.016554 0.0338737 0.0561571 0.0754409 0.0821564 0.0726146 0.0523006 0.0311709 0.0163414 0.00927285 0.0079527 0.00996138 0.013785 0.018668 0.0241267 0.0296695 0.0347457 0.0388184 0.0414721 0.0425 0.041938 0.0400329 0.0371612 0.0337281 0.030082 0.0264677 0.0230217 0.019798 0.0168067 0.0140462
 1.07079e-16 1.90932e-05 0.000112031 0.00053248 0.00204997 0.00639254 0.0161472 0.0330408 0.0547743 0.073577 0.0801104 0.0707678 0.050887 0.0301621 0.0155109 0.00833283 0.00664398 0.00807825 0.0111799 0.0152693 0.0199719 0.0249354 0.0297596 0.0340355 0.0374191 0.039693 0.0407942 0.0407976 0.0398678 0.0382001 0.0359721 0.0333216 0.0303499 0.0271408 0.0237811 0.0203725
 1.05786e-16 2.70589e-05 0.000158805 0.000754871 0.00290626 0.00906288 0.0228921 0.0468407 0.0776448 0.104279 0.113486 0.100126 0.0717241 0.0419625 0.020562 0.00940065 0.00555362 0.00557292 0.00735144 0.00996384 0.0130179 0.0162513 0.0194009 0.0222067 0.0244542 0.0260129 0.026852 0.0270269 0.0266447 0.0258234 0.0246608 0.0232211 0.0215417 0.0196495 0.0175799 0.0153876
 1.0394e-16 2.74121e-05 0.000160873 0.000764686 0.00294403 0.00918065 0.0231897 0.04745 0.0786566 0.105643 0.114983 0.101479 0.0727642 0.0427117 0.0211896 0.0101217 0.00656365 0.00702883 0.00936709 0.0125953 0.0162377 0.0199242 0.0232758 0.025933 0.0276253 0.028229 0.0277885 0.0264909 0.024606 0.0224142 0.0201463 0.0179505 0.0158933 0.0139803 0.0121889 0.0104947
 1.02291e-16 3.15138e-05 0.000184958 0.0008792 0.00338496 0.0105557 0.0266628 0.0545558 0.0904329 0.121451 0.132167 0.116592 0.0834855 0.0487731 0.023765 0.0106311 0.005943 0.00565942 0.00729994 0.00976291 0.0125736 0.0154181 0.0179944 0.0200184 0.0212751 0.0216634 0.0212142 0.0200717 0.0184487 0.0165708 0.0146296 0.0127559 0.0110178 0.00943467 0.00799906 0.00669639
 1.0146e-16 3.27422e-05 0.00019217 0.000913485 0.00351696 0.0109673 0.0277026 0.0566833 0.0939593 0.126186 0.137319 0.121132 0.0867271 0.0506477 0.024642 0.0109597 0.00603282 0.00565607 0.00724566 0.00965132 0.0123763 0.0150937 0.0174931 0.0192867 0.0202626 0.0203309 0.0195419 0.0180653 0.0161423 0.0140256 0.0119282 0.00999378 0.00829285 0.0068373 0.00560418 0.00455796
 1.01918e-16 2.71991e-05 0.000159618 0.000758709 0.002921 0.00910881 0.0230083 0.0470792 0.0780433 0.104823 0.114103 0.10073 0.0722859 0.0425503 0.0213303 0.010555 0.00732111 0.00817968 0.0109911 0.0147502 0.0189286 0.0230795 0.0267362 0.0294575 0.0309172 0.0309766 0.0297122 0.0273848 0.0243662 0.0210479 0.0177616 0.0147341 0.0120796 0.00982135 0.00792728 0.00634342
 1.0275e-16 2.75466e-05 0.000161662 0.000768441 0.00295849 0.00922573 0.0233036 0.0476829 0.0790426 0.106161 0.115547 0.101975 0.0731157 0.0429109 0.0212757 0.0101433 0.00655511 0.00700953 0.00934966 0.0125933 0.0162692 0.0200115 0.0234421 0.0261958 0.0279888 0.0286767 0.0282785 0.0269558 0.0249602 0.0225657 0.020012 0.0174722 0.015049 0.0127896 0.0107103 0.00881621
 1.03167e-16 2.72357e-05 0.000159836 0.000759759 0.00292506 0.00912148 0.0230402 0.0471442 0.0781499 0.104962 0.114244 0.10083 0.0723049 0.0424551 0.0210868 0.0101145 0.00661627 0.00713155 0.00952693 0.0128268 0.0165571 0.0203451 0.0238053 0.0265679 0.0283489 0.0290093 0.0285785 0.027231 0.0252305 0.0228587 0.0203565 0.017891 0.0155531 0.0133756 0.0113607 0.00950318
 1.02288e-16 3.22574e-05 0.000189326 0.000899969 0.00346493 0.0108051 0.0272927 0.0558446 0.0925684 0.124317 0.13528 0.119325 0.0854122 0.0498384 0.0241718 0.0106229 0.00567231 0.00517658 0.00659735 0.00881824 0.0113769 0.013986 0.016376 0.0182926 0.0195408 0.0200242 0.0197613 0.0188698 0.017528 0.0159267 0.0142293 0.0125491 0.010948 0.00944867 0.00805357 0.00676042
 1.02048e-16 2.9243e-05 0.000171621 0.000815783 0.00314077 0.00979415 0.0247393 0.0506207 0.0839122 0.1127 0.122662 0.108249 0.0776025 0.0455197 0.0225221 0.0106548 0.00676787 0.00713207 0.00944447 0.012649 0.0162342 0.0198053 0.0229621 0.0253291 0.026629 0.0267443 0.0257403 0.0238385 0.021353 0.0186129 0.0158944 0.0133834 0.0111698 0.00926791 0.00764695 0.00626093
 1.02451e-16 2.8228e-05 0.000165662 0.000787455 0.0030317 0.00945402 0.0238802 0.0488628 0.0809984 0.108787 0.118404 0.104494 0.0749168 0.0439569 0.0217732 0.0103437 0.00663288 0.00704775 0.00937306 0.0125975 0.0162346 0.0199077 0.0232307 0.0258346 0.0274381 0.0279066 0.027276 0.02573 0.0235435 0.0210113 0.0183877 0.0158515 0.0135015 0.0113738 0.00946755 0.00776883
 1.02314e-16 3.07692e-05 0.000180585 0.000858412 0.00330492 0.0103061 0.0260323 0.0532658 0.088295 0.118581 0.129047 0.113848 0.0815364 0.0476675 0.0232884 0.010524 0.00603364 0.00587738 0.00763605 0.0102318 0.0131929 0.0161983 0.0189348 0.0211052 0.0224821 0.0229551 0.0225496 0.0214082 0.0197457 0.0177921 0.0157448 0.0137416 0.0118582 0.0101222 0.00853486 0.00708961
 1.02403e-16 2.82844e-05 0.000165992 0.000789023 0.00303773 0.00947284 0.0239277 0.0489602 0.08116 0.109005 0.118644 0.104711 0.0750835 0.0440776 0.021875 0.010461 0.00679638 0.00728133 0.00969255 0.013008 0.0167262 0.0204523 0.0237816 0.026331 0.0278139 0.0281026 0.027252 0.0254734 0.0230725 0.0203715 0.017643 0.0150726 0.0127541 0.0107094 0.00891862 0.00734807
 1.05006e-16 1.503e-05 8.81606e-05 0.000418964 0.00161285 0.00502935 0.0127041 0.0259972 0.0431042 0.0579209 0.0631168 0.0558813 0.0404554 0.0245266 0.0136192 0.00893062 0.00899329 0.0120079 0.0168254 0.0228101 0.0294542 0.0361694 0.0422788 0.0471209 0.0501866 0.0512274 0.0502982 0.0477168 0.0439634 0.0395538 0.0349325 0.0304125 0.0261677 0.0222646 0.0187089 0.0154869
pSPR Fmed_Fpbrs
0.689587   0.337907 0.337907
Fs Fmed_Fpbrs
0.236477   1.005 1.005
SSBpbr Bo_Bmed_Bpbrs
1.25952e+06  805570  362624 362624
Ro
53103.6
SPR SPRFo_SPRFmed_SPRFpbrs
1.09196e+06 753001 368981
log_Ro
10.7
likeval ReclasPelacesDesembMPH_pf_preclas_ppelaces_ptallas_desvR_qrecl_qpela
 65.5068 28.7524 0.0139815 0.000183526 315.625 197.845 77.8589 0 15.5572 7.34638e-05 0 0 0 0 0
q_reclas_q_pelaces
0.29684 1
M
0.7
N
 47181.5 14853.6 5608.89 669.279 0.348774
 61334.1 21511.6 4655.43 1757.95 209.876
 35943.3 28283.3 7167.2 1551.09 655.637
 61596.3 15965.6 7701.73 1951.68 600.907
 107011 29931.5 7053.74 3402.7 1127.76
 75784.2 52926.7 14545 3427.71 2201.54
 123502 36217.3 21375.7 5874.34 2273.51
 118721 59873.6 15801.2 9326.01 3554.82
 147890 56268.4 23125.5 6103.04 4975.07
 148361 69757.6 21178.2 8703.91 4169.55
 68071.2 70789.9 27934.7 8480.86 5155.22
 39870.6 31184.2 22764.6 8983.23 4385.09
 43142.8 18375.5 10358.9 7562.06 4440.75
 23484.2 19024.7 4811.64 2712.49 3142.94
 18154.9 9468.71 3074.69 777.635 946.327
 22364.6 7409.16 1633.45 530.415 297.401
 18244.7 10275.9 2420.94 533.729 270.489
 20199.7 8571.1 3784.29 891.561 296.17
 22340.1 9658.73 3471.92 1532.91 481.117
 42711.5 10739.5 4026.86 1447.49 839.677
 52904.6 20497.9 4436.91 1663.66 944.922
 65453.9 25870.8 9369.67 2028.13 1192.39
 107204 31854.1 11523.4 4173.43 1434.48
 123829 51953.1 13870.5 5017.71 2441.9
 44520.5 60052.5 22708.3 6062.68 3260.54
pred_Ctot
 2791.51 4045.18 1527.51 182.27 0.0949842
 3162.42 5208.47 1127.19 425.641 50.816
 2745.11 9506.21 2408.95 521.333 220.364
 951.721 1275.07 615.09 155.869 47.9908
 308.915 461.956 108.866 52.5165 17.4055
 2055.25 7191.33 1976.28 465.734 299.131
 2111.34 3186.26 1880.55 516.801 200.014
 3901.12 9707.58 2561.92 1512.07 576.359
 5348.48 9953.03 4090.55 1079.54 880.015
 4186.25 9832.78 2985.2 1226.87 587.725
 3810.48 18393.4 7258.28 2203.59 1339.48
 2070.64 7597.66 5546.32 2188.65 1068.37
 3498.69 6478.18 3651.98 2665.96 1565.56
 3214.56 9823.95 2484.62 1400.67 1622.94
 2352.76 4714.17 1530.79 387.16 471.147
 1207.52 1866.57 411.509 133.626 74.9233
 710.408 1942.64 457.677 100.901 51.1357
 540.089 1149.34 507.455 119.554 39.7149
 514.026 1125.73 404.653 178.661 56.0743
 1033.09 1311.66 491.821 176.789 102.554
 581.04 1177.67 254.915 95.5826 54.2888
 941.542 1929.08 698.659 151.229 88.9118
 1860.07 2842.31 1028.22 372.392 127.997
 2087.17 4509.28 1203.89 435.513 211.945
 706.835 4922.54 1861.41 496.962 267.268
F
 0.0854105 0.460206 0.460206 0.460206 0.460206
 0.0740654 0.399076 0.399076 0.399076 0.399076
 0.111508 0.600826 0.600826 0.600826 0.600826
 0.0216912 0.116876 0.116876 0.116876 0.116876
 0.0040212 0.0216669 0.0216669 0.0216669 0.0216669
 0.0383528 0.206651 0.206651 0.206651 0.206651
 0.0240247 0.129449 0.129449 0.129449 0.129449
 0.0466393 0.2513 0.2513 0.2513 0.2513
 0.0514393 0.277163 0.277163 0.277163 0.277163
 0.0399316 0.215158 0.215158 0.215158 0.215158
 0.0806415 0.434509 0.434509 0.434509 0.434509
 0.0746199 0.402064 0.402064 0.402064 0.402064
 0.118776 0.639982 0.639982 0.639982 0.639982
 0.208334 1.12254 1.12254 1.12254 1.12254
 0.196226 1.0573 1.0573 1.0573 1.0573
 0.0776813 0.41856 0.41856 0.41856 0.41856
 0.0554806 0.298939 0.298939 0.298939 0.298939
 0.0378031 0.203689 0.203689 0.203689 0.203689
 0.0324553 0.174875 0.174875 0.174875 0.174875
 0.034143 0.183968 0.183968 0.183968 0.183968
 0.0153756 0.0828464 0.0828464 0.0828464 0.0828464
 0.0201811 0.108739 0.108739 0.108739 0.108739
 0.0243874 0.131403 0.131403 0.131403 0.131403
 0.0236834 0.12761 0.12761 0.12761 0.12761
 0.0222947 0.120128 0.120128 0.120128 0.120128
YTP_r0W_actual
 7916.55 108296 61426.7 20425.1 11439.1
YTP_p0W_proyectada
 51416.1 223152 397946 196299 86244.7
 51416.1 207993 59138.5 94360.9 48176.9
CTP_r0_actual
 706.835 4922.54 1861.41 496.962 267.268
CTP_p0_proyectada
 6048.96 10427.7 12754.7 4823.07 1854.72
 6048.96 9719.32 1895.46 2318.45 1036.06
Wmedp
 8.5 21.4 31.2 40.7 46.5
nmprior
 10.6 11 7 0
nm_flota  nm_reclas  nm_pelaces    nm_pelaL
inf 14.2017 20.7446 51.5199
cv_recla  cv_pelaces  cv_mph
0.732096 0.608008 0.439529
 ------------------------------------------------
Talla a la edad & desviaci?n 
 7.2 14.2025 17.0495 18.207 18.6776
 1.08 2.13037 2.55742 2.73105 2.80164
