years
 1997 1998 1999 2000 2001 2002 2003 2004 2005 2006 2007 2008 2009 2010 2011 2012 2013 2014 2015 2016 2017 2018 2019 2020 2021
reclasobs
 0 0 0 370054 412103 1.49427e+06 250295 1.28982e+06 931140 785840 897777 1.04006e+06 184774 17550 25797 100020 73551 82996 120727 218422 84188 347160 605670 569463 516374
reclaspred
 504525 107268 184948 134285 267329 295100 660282 495402 677482 851541 711684 474942 300599 132577 84992.1 82140.9 96695.5 121575 115901 182643 285695 254259 430572 509749 472444
pelacesobs
 0 0 0 0 0 0 0 0 0 2.06254e+06 1.5e+06 0 1.87456e+06 323000 250000 174000 83755 137374 0 501740 490994 745055 786931 1.00524e+06 1.33801e+06
pelacespred
 680226 160618 138259 172334 309027 272700 773374 632635 829945 1.03622e+06 787464 547022 348068 124245 78487.7 81964 101137 130031 126703 193672 341910 297446 397003 556513 510768
mphobs
 0 0 0 0 0 112323 0 153150 637223 0 255016 313432 73983 77613 109348 50772 0 0 0 0 0 0 0 0 0
mphpred
 665904 299658 250082 170799 243111 484971 646888 793247 776473 1.01359e+06 1.30361e+06 944981 568579 306981 135201 108125 126261 162134 185173 196317 338212 422533 506932 705168 866691
desembarqueobs
 350755 77701 442110 56441 14545 235359 269955 359681 431902 328805 639364 411747 362871 311530 167758 66681 60226 58785 57116 73181 50977 67692 138656 160484 209506
desembarquepred
 350736 77675 441737 56432.3 14544.8 235349 269952 359480 431722 328682 639037 411654 362708 311446 167586 66662.5 60228.7 58768.7 57095.3 73152.9 50971.1 67671.3 138625 160455 209472
Reclutas
 24622.1 40136.9 10976.8 32395.2 63138.9 34292.3 68919.9 81575.9 124921 177498 65049.4 35129.5 47020.4 22310.5 15505.2 17253.1 12586.7 12998.6 12824.5 31557.9 37467.2 42626.8 72622.3 72144.7 10973.2
log_desv_Rt
 -0.348601 0.140051 -1.15646 -0.0742358 0.593092 -0.0173228 0.6807 0.849289 1.27544 1.62672 0.622903 0.00679662 0.298338 -0.447188 -0.811072 -0.704253 -1.0196 -0.987405 -1.00088 -0.10042 0.0712223 0.200238 0.733028 0.726428 -1.15679
SSB
 665904 299658 250082 170799 243111 484971 646888 793247 776473 1.01359e+06 1.30361e+06 944981 568579 306981 135201 108125 126261 162134 185173 196317 338212 422533 506932 705168 866691
BT
 1.46436e+06 430187 481084 368795 565140 671962 1.57248e+06 1.53166e+06 1.87895e+06 2.16472e+06 1.97109e+06 1.35204e+06 979781 520600 281246 201666 230052 280121 276396 406671 653093 596591 807019 1.12841e+06 1.08108e+06
Ftot
 0.429049 0.585842 1.28871 0.407782 0.0551332 0.453908 0.328126 0.609895 0.600829 0.349396 0.520988 0.473794 0.796739 1.38323 1.4668 0.618599 0.458068 0.337302 0.309686 0.350007 0.134715 0.171094 0.215056 0.21197 0.219806
BD_Bspro_t
 0.940747 0.681718 0.539219 0.288403 0.495812 0.711977 0.634978 0.648137 0.609326 0.625257 0.653358 0.501805 0.382948 0.283548 0.16716 0.167895 0.251375 0.381001 0.470691 0.544036 0.69313 0.785236 0.785431 0.787118 0.772724
BD_Bspro
 0.92813 0.417661 0.348562 0.238058 0.338846 0.675947 0.901625 1.10562 1.08224 1.41273 1.81696 1.3171 0.792479 0.427866 0.188442 0.150703 0.175981 0.225981 0.258093 0.273625 0.471397 0.588922 0.706557 0.982856 1.20798
BD_Bo
 0.707907 0.31856 0.265857 0.181573 0.258446 0.515561 0.687691 0.843283 0.825451 1.07752 1.38584 1.00459 0.604443 0.326344 0.143729 0.114945 0.134225 0.172361 0.196854 0.208701 0.359546 0.449185 0.538908 0.749648 0.921359
BD_Brms
 2.37699 1.06965 0.892687 0.609681 0.867804 1.73114 2.30911 2.83155 2.77168 3.61808 4.65334 3.37318 2.02959 1.09579 0.48261 0.385959 0.450697 0.578751 0.660991 0.70077 1.20727 1.50826 1.80953 2.51715 3.09372
S_f
 0.153554 1 1 1 1
 0.153554 1 1 1 1
 0.153554 1 1 1 1
 0.153554 1 1 1 1
 0.153554 1 1 1 1
 0.153554 1 1 1 1
 0.153554 1 1 1 1
 0.153554 1 1 1 1
 0.153554 1 1 1 1
 0.153554 1 1 1 1
 0.153554 1 1 1 1
 0.153554 1 1 1 1
 0.153554 1 1 1 1
 0.153554 1 1 1 1
 0.153554 1 1 1 1
 0.153554 1 1 1 1
 0.153554 1 1 1 1
 0.153554 1 1 1 1
 0.153554 1 1 1 1
 0.153554 1 1 1 1
 0.153554 1 1 1 1
 0.153554 1 1 1 1
 0.153554 1 1 1 1
 0.153554 1 1 1 1
 0.153554 1 1 1 1
Scru_reclas
 1 1 1 1 1
 1 1 1 1 1
 1 1 1 1 1
 1 1 1 1 1
 1 1 1 1 1
 1 1 1 1 1
 1 1 1 1 1
 1 1 1 1 1
 1 1 1 1 1
 1 1 1 1 1
 1 1 1 1 1
 1 1 1 1 1
 1 1 1 1 1
 1 1 1 1 1
 1 1 1 1 1
 1 1 1 1 1
 1 1 1 1 1
 1 1 1 1 1
 1 1 1 1 1
 1 1 1 1 1
 1 1 1 1 1
 1 1 1 1 1
 1 1 1 1 1
 1 1 1 1 1
 1 1 1 1 1
Scru_pelaces
 1 1 1 1 1
 1 1 1 1 1
 1 1 1 1 1
 1 1 1 1 1
 1 1 1 1 1
 1 1 1 1 1
 1 1 1 1 1
 1 1 1 1 1
 1 1 1 1 1
 1 1 1 1 1
 1 1 1 1 1
 1 1 1 1 1
 1 1 1 1 1
 1 1 1 1 1
 1 1 1 1 1
 1 1 1 1 1
 1 1 1 1 1
 1 1 1 1 1
 1 1 1 1 1
 1 1 1 1 1
 1 1 1 1 1
 1 1 1 1 1
 1 1 1 1 1
 1 1 1 1 1
 1 1 1 1 1
pf_obs 
 0.256992 0.487395 0.22802 0.0275931 0
 0.321318 0.546541 0.124235 0.00734118 0.000564706
 0.182869 0.594174 0.210203 0.0122559 0.00049798
 0.330522 0.361315 0.267642 0.0388342 0.00168674
 0.649043 0.306663 0.0425973 0.00169635 0
 0.582887 0.30429 0.105238 0.00758474 0
 0.465427 0.430635 0.0974691 0.00646863 0
 0.296916 0.608066 0.0921331 0.00288517 0
 0.311714 0.524322 0.152257 0.0117073 0
 0.15457 0.633149 0.183074 0.0267441 0.00246327
 0.131901 0.49318 0.331252 0.0422183 0.00144891
 0.196976 0.569456 0.194076 0.0375587 0.00193317
 0.518974 0.381816 0.0799577 0.0180837 0.00116848
 0.0928022 0.601141 0.25162 0.0475244 0.00691264
 0.122501 0.610282 0.24278 0.0234846 0.000952079
 0.383417 0.481906 0.127806 0.00687128 0
 0.0376549 0.599619 0.316969 0.0457579 0
 0.0361596 0.667082 0.258105 0.0386534 0
 0.158088 0.579412 0.248529 0.0139706 0
 0.0477256 0.309471 0.559284 0.082774 0.000745712
 0.0406174 0.521527 0.379366 0.0568643 0.0016247
 0.151134 0.462217 0.34131 0.0453401 0
 0.294876 0.26143 0.354403 0.0886775 0.000613685
 0.281977 0.475581 0.204845 0.0348837 0.00271318
 0.0841818 0.532909 0.334909 0.0458182 0.00218182
pf_pred 
 0.151797 0.577371 0.239942 0.0308822 7.89538e-06
 0.280622 0.424257 0.200888 0.0834846 0.0107478
 0.0980304 0.696754 0.121027 0.0573071 0.0268815
 0.427799 0.332344 0.185285 0.0321843 0.022388
 0.359207 0.548479 0.0536173 0.0298923 0.0088042
 0.135826 0.682142 0.155808 0.0152313 0.0109926
 0.296246 0.394893 0.243801 0.0556868 0.00937257
 0.266615 0.559367 0.0976454 0.060285 0.0160873
 0.328541 0.511734 0.121825 0.0212663 0.0166332
 0.307111 0.561954 0.0997885 0.023756 0.00739044
 0.100113 0.696323 0.165096 0.0293168 0.00915051
 0.0938254 0.438225 0.362094 0.0858516 0.0200034
 0.211978 0.362251 0.205902 0.170132 0.0497365
 0.157693 0.609344 0.107092 0.060871 0.0649998
 0.232938 0.549088 0.157687 0.0277136 0.0325731
 0.302651 0.56547 0.0944033 0.0271108 0.0103649
 0.188132 0.644201 0.135958 0.0226978 0.00901044
 0.20193 0.521825 0.219195 0.0462611 0.010789
 0.191727 0.533439 0.179702 0.0754849 0.0196465
 0.367633 0.406101 0.14933 0.0503054 0.0266309
 0.249782 0.613517 0.0877883 0.0322811 0.0166316
 0.210731 0.550988 0.194863 0.027883 0.0155355
 0.276644 0.472823 0.174897 0.0618542 0.0137821
 0.201212 0.586451 0.138794 0.05134 0.0222026
 0.0328427 0.623751 0.25212 0.059669 0.0316166
pobs_RECLAS
 0 0 0 0 0
 0 0 0 0 0
 0 0 0 0 0
 0 0 0 0 0
 0.835266 0.146461 0.0176864 0.000547809 3.91292e-05
 0.385257 0.428462 0.181853 0.0044286 0
 0.867414 0.0963971 0.0333333 0.00285562 0
 0.441836 0.489002 0.0689373 0.000224442 0
 0.779404 0.147425 0.0564933 0.0165055 0.000172143
 0.814271 0.122319 0.05973 0.00367925 0
 0.40263 0.566651 0.0304383 0.000280538 0
 0.475488 0.404961 0.113038 0.00651328 0
 0.955842 0.0263864 0.0167828 0.000988607 0
 0.975058 0.0227948 0.00214734 0 0
 0.738997 0.206755 0.0527124 0.00153531 0
 0.850938 0.134255 0.0134407 0.00136685 0
 0.542534 0.407297 0.0501686 0 0
 0.764087 0.199537 0.0359546 0.000420521 0
 0.470689 0.182191 0.310203 0.0369168 0
 0.84361 0.089868 0.0606195 0.00523954 0.000663233
 0.607945 0.314616 0.071237 0.00620181 0
 0.523733 0.453247 0.0230204 0 0
 0.530135 0.295979 0.169645 0.0042399 0
 0.562478 0.366248 0.0663022 0.0049721 0
 0.250443 0.683176 0.0655157 0.000865301 0
ppred_RECLAS
 0.545219 0.309569 0.12865 0.0165581 4.23327e-06
 0.726001 0.161592 0.076515 0.0317979 0.00409366
 0.445396 0.42842 0.0744172 0.035237 0.0165289
 0.833324 0.096808 0.0539715 0.00937493 0.00652137
 0.785451 0.183641 0.017952 0.0100085 0.00294781
 0.513402 0.3841 0.0877324 0.00857641 0.00618972
 0.736679 0.147756 0.0912223 0.0208361 0.0035069
 0.712228 0.219489 0.0383149 0.0236551 0.00631246
 0.768958 0.176083 0.0419189 0.00731753 0.00572332
 0.746865 0.2053 0.036456 0.00867885 0.00269997
 0.428954 0.44187 0.104766 0.0186038 0.00580669
 0.410455 0.285103 0.235574 0.0558539 0.0130139
 0.651197 0.160344 0.0911389 0.0753058 0.022015
 0.583818 0.301075 0.052914 0.0300762 0.0321162
 0.697409 0.216605 0.0622045 0.0109325 0.0128495
 0.747293 0.204916 0.03421 0.00982445 0.00375607
 0.608778 0.310427 0.0655156 0.0109376 0.00434195
 0.627247 0.243727 0.102379 0.0216071 0.0050392
 0.611548 0.256368 0.0863639 0.0362776 0.009442
 0.794666 0.131864 0.0484885 0.0163345 0.00864724
 0.685949 0.256827 0.0367494 0.0135133 0.0069622
 0.637081 0.253353 0.0896011 0.012821 0.00714345
 0.716039 0.185612 0.0686576 0.0242815 0.00541029
 0.624133 0.275953 0.0653093 0.0241579 0.0104474
 0.182985 0.52692 0.212981 0.0504059 0.0267084
pobs_PELACES
 0 0 0 0 0
 0 0 0 0 0
 0 0 0 0 0
 0 0 0 0 0
 0 0 0 0 0
 0 0 0 0 0
 0 0 0 0 0
 0 0 0 0 0
 0 0 0 0 0
 0 0 0 0 0
 0.450072 0.473896 0.0757376 0.000293798 0
 0 0 0 0 0
 0.463077 0.371075 0.160297 0.00555027 0
 0.529543 0.364841 0.0842815 0.0213345 0
 0.631943 0.363953 0.00410389 0 0
 0.735681 0.248677 0.0153453 0.000297389 0
 0.695825 0.281241 0.0229344 0 0
 0.275771 0.60734 0.115278 0.00161068 0
 0 0 0 0 0
 0.896147 0.0623911 0.0374545 0.00400742 0
 0.803859 0.145111 0.0509908 3.86294e-05 0
 0.739449 0.233085 0.0266225 0.000797448 4.60066e-05
 0.878498 0.100942 0.0204185 0.000141795 0
 0.694673 0.275183 0.0284847 0.00165964 0
 0.469039 0.446079 0.0841089 0.000773354 0
ppred_PELACES
 0.57474 0.289474 0.120299 0.0154833 3.95848e-06
 0.757325 0.143119 0.0677677 0.0281627 0.00362567
 0.535113 0.359116 0.062379 0.0295368 0.0138551
 0.84855 0.0879643 0.0490411 0.0085185 0.00592563
 0.788035 0.181429 0.0177359 0.00988793 0.00291231
 0.54498 0.359173 0.0820389 0.00801983 0.00578803
 0.754069 0.137998 0.0851979 0.0194601 0.0032753
 0.745848 0.193846 0.0338386 0.0208915 0.00557498
 0.797423 0.154389 0.0367544 0.006416 0.0050182
 0.764868 0.190699 0.0338632 0.0080616 0.00250794
 0.464909 0.414048 0.0981697 0.0174324 0.00544108
 0.442816 0.269454 0.222643 0.052788 0.0122996
 0.699907 0.137952 0.0784114 0.0647894 0.0189406
 0.673672 0.236073 0.0414899 0.0235827 0.0251823
 0.776382 0.160073 0.0459698 0.0080792 0.00949588
 0.778513 0.179601 0.0299837 0.00861074 0.00329204
 0.638793 0.286611 0.0604891 0.0100984 0.00400883
 0.648999 0.229505 0.0964047 0.0203462 0.00474514
 0.631889 0.242944 0.0818416 0.034378 0.00894759
 0.81016 0.121914 0.0448297 0.015102 0.00799474
 0.693998 0.250244 0.0358075 0.013167 0.00678376
 0.648057 0.245691 0.0868913 0.0124333 0.00692741
 0.728093 0.177732 0.0657431 0.0232508 0.00518063
 0.637917 0.265832 0.0629141 0.0232719 0.0100642
 0.192343 0.520884 0.210541 0.0498285 0.0264025
pobs_pel_tallas
 0 0 0 0 0 0 0 0 0 0 0 0 0 0 0 0 0 0 0 0 0 0 0 0 0 0 0 0 0 0 0 0 0 0 0 0
 0 0 0 0 0 0 0 0 0 0 0 0 0 0 0 0 0 0 0 0 0 0 0 0 0 0 0 0 0 0 0 0 0 0 0 0
 0 0 0 0 0 0 0 0 0 0 0 0 0 0 0 0 0 0 0 0 0 0 0 0 0 0 0 0 0 0 0 0 0 0 0 0
 0 0 0 0 0 0 0 0 0 0 0 0 0 0 0 0 0 0 0 0 0 0 0 0 0 0 0 0 0 0 0 0 0 0 0 0
 0 0 0 0 0 0 0 0 0 0 0 0 0 0 0 0 0 0 0 0 0 0 0 0 0 0 0 0 0 0 0 0 0 0 0 0
 0 0 0 0 0 0 0 0 0 0 0 0 0 0 0 0 0 0 0 0 0 0 0 0 0 0 0 0 0 0 0 0 0 0 0 0
 0 0 0 0 0 0 0 0 0 0 0 0 0 0 0 0 0 0 0 0 0 0 0 0 0 0 0 0 0 0 0 0 0 0 0 0
 0 0 0 0 0 0 0 0 0 0 0 0 0 0 0 0 0 0 0 0 0 0 0 0 0 0 0 0 0 0 0 0 0 0 0 0
 0 0 0 0 0 0 0 0 0 0 0 0 0 0 0 0 0 0 0 0 0 0 0 0 0 0 0 0 0 0 0 0 0 0 0 0
 0 0 0 0 0 0 0 0 0 0 0 0 0 0 0 0 0 0 0 0 0 0 0 0 0 0 0 0 0 0 0 0 0 0 0 0
 0 0 0 0 0 0 0 0 1.78061e-05 0.00172719 0.00360574 0.0105946 0.0120993 0.0124554 0.0147524 0.0171206 0.0266825 0.0428682 0.0675386 0.121331 0.153587 0.119568 0.100827 0.0573624 0.0630603 0.0341343 0.0324427 0.0444173 0.0211091 0.0280891 0.0125444 0.00206551 0 0 0 0
 0 0 0 0 0 0 0 0 0 0 0 0 0 0 0 0 0 0 0 0 0 0 0 0 0 0 0 0 0 0 0 0 0 0 0 0
 0 0 0 0 0 0 0.0133647 0.0140871 0.0187388 0.0205184 0.03894 0.0496705 0.03968 0.0493445 0.0407372 0.0367815 0.0215668 0.0243155 0.0234873 0.0199281 0.019796 0.0243948 0.0301388 0.0376714 0.0412746 0.0863199 0.0771752 0.113111 0.0741005 0.0525337 0.0229764 0.00759418 0.00175318 0 0 0
 0 0 0 0 0 0 0 0 0 0 0.00219441 0.00772107 0.0458388 0.0604681 0.0671733 0.0775358 0.0609151 0.0617685 0.073594 0.0568108 0.0755445 0.0548602 0.0670107 0.0636378 0.0643287 0.046367 0.0373049 0.0286899 0.0247887 0.0153202 0.00654259 0.00121912 0.000365735 0 0 0
 0 0 0 0 0 0 0 0 0 0 0 0 0.000112435 0.00938835 0.0111873 0.0202946 0.0414886 0.0713402 0.111592 0.104902 0.108894 0.110636 0.117776 0.105296 0.107544 0.0401394 0.0192827 0.0124803 0.00416011 0.0028671 0.000618394 0 0 0 0 0
 0 0 0 0 0 0 0 0 0 0 0.00291406 0.0102884 0.027416 0.0768956 0.0749926 0.110853 0.0956884 0.0897413 0.0766577 0.0534642 0.0500743 0.0551293 0.0594112 0.0620874 0.0668451 0.0424026 0.0208742 0.0120726 0.0048766 0.00582813 0.00118941 0.000297354 0 0 0 0
 0 0.00264628 0.0354308 0.0461629 0.0458689 0.0383711 0.0214643 0.0164657 0.0346957 0.0420465 0.0363128 0.0245516 0.0311673 0.0291091 0.0169068 0.0133784 0.00837989 0.0085269 0.0148486 0.0160247 0.0276389 0.0546898 0.0760071 0.122758 0.109233 0.0665981 0.0333725 0.0166128 0.00676272 0.00308733 0.000882094 0 0 0 0 0
 0 0 0 0 0 0 0 0.000805153 0.000690131 0.00759144 0.0133425 0.0154129 0.00931677 0.000345066 0.00356568 0.00563607 0.00851162 0.0253048 0.0502646 0.0516448 0.0657925 0.0565908 0.0611916 0.0827007 0.0866115 0.110766 0.145733 0.0935128 0.0569358 0.0249597 0.0138026 0.00621118 0.00161031 0.00115022 0 0
 0 0 0 0 0 0 0 0 0 0 0 0 0 0 0 0 0 0 0 0 0 0 0 0 0 0 0 0 0 0 0 0 0 0 0 0
 0.00147267 0.00158595 0.00478618 0.00569244 0.00954404 0.0108468 0.00647125 0.017049 0.0510054 0.094081 0.124002 0.0959785 0.0687766 0.0820023 0.061753 0.0591476 0.0492212 0.0479892 0.0443925 0.0268479 0.0217502 0.0140895 0.0121071 0.0120363 0.00920419 0.00665534 0.0049561 0.00860946 0.00930331 0.0156896 0.0114698 0.00855282 0.00243557 0.00046729 0 2.83206e-05
 0 0 0 0 0.000772559 0.00158375 0.000888443 0.00281984 0.00712685 0.0440552 0.0773331 0.111326 0.0921469 0.0852325 0.0710754 0.0886704 0.0786465 0.0553345 0.0373146 0.0185414 0.00753245 0.00457741 0.012979 0.0271748 0.0457355 0.0583668 0.034881 0.0177882 0.00938659 0.00492506 0.0015258 0.00185414 0.000309023 5.79419e-05 3.86279e-05 0
 0 0.00173294 0.00326652 0 0.00397197 0.00683976 0.00946217 0.0152591 0.00757587 0.0136028 0.0228656 0.0392903 0.0559909 0.0764795 0.0681675 0.0726916 0.0566044 0.0477403 0.0527397 0.0444891 0.0609904 0.0582453 0.0661739 0.0445044 0.0529084 0.0360697 0.0280645 0.0235558 0.0158879 0.00826598 0.00280645 0.00217768 0.000904811 0.00058276 9.20147e-05 0
 0 0 0 0 0 0 0 0 0 0 0 0 0 0 0 0 0 0 0 0 0 0 0 0 0 0 0 0 0 0 0 0 0 0 0 0
 0 0 0 0 0 0 0 0 0 0 0 0 0 0 0 0 0 0 0 0 0 0 0 0 0 0 0 0 0 0 0 0 0 0 0 0
 0 0 0 0 0 0 0 0 0 0 0 0 0 0 0 0 0 0 0 0 0 0 0 0 0 0 0 0 0 0 0 0 0 0 0 0
ppred_pel_tallas
 1.02335e-16 2.5086e-05 0.000147211 0.000699725 0.0026939 0.00840059 0.0212194 0.043419 0.0719768 0.0966779 0.105244 0.0929272 0.0667259 0.0393571 0.0198788 0.0100862 0.00732074 0.00841879 0.0114192 0.015397 0.0198533 0.0243494 0.0284153 0.0315967 0.0335438 0.0340854 0.0332588 0.0312838 0.0284953 0.0252575 0.0218905 0.0186264 0.0156027 0.0128791 0.0104677 0.00835957
 1.02146e-16 3.30415e-05 0.00019393 0.000921866 0.00354925 0.011068 0.0279569 0.0572032 0.0948199 0.127338 0.138562 0.122206 0.0874443 0.0509634 0.024604 0.0106202 0.00539664 0.00468279 0.00587949 0.00785501 0.0101598 0.0125341 0.0147412 0.0165568 0.0178045 0.0183908 0.0183189 0.017677 0.0166063 0.0152622 0.0137804 0.0122591 0.0107579 0.00930741 0.00792413 0.0066214
 1.02665e-16 2.33607e-05 0.000137076 0.000651529 0.00250831 0.00782183 0.0197576 0.0404285 0.0670219 0.0900302 0.0980278 0.0866031 0.0622891 0.0369492 0.0190476 0.0102912 0.00823714 0.00995879 0.0136219 0.0183181 0.0234929 0.0286123 0.0330987 0.0364059 0.038134 0.0381207 0.0364741 0.0335327 0.0297708 0.0256817 0.0216777 0.018033 0.0148758 0.0122177 0.0100017 0.00814609
 1.01295e-16 3.70171e-05 0.000217276 0.00103286 0.00397663 0.0124008 0.0313233 0.0640909 0.106235 0.14266 0.155217 0.136851 0.097829 0.056824 0.027074 0.011069 0.00472226 0.00324345 0.00371203 0.00488183 0.00630714 0.00778828 0.00917173 0.010317 0.0111133 0.0114999 0.0114754 0.0110908 0.0104309 0.00959027 0.00865341 0.00768339 0.00672068 0.00578862 0.00490141 0.00407043
 1.00787e-16 3.4382e-05 0.000201797 0.000959258 0.00369321 0.0115169 0.0290908 0.0595237 0.098667 0.132507 0.144192 0.127185 0.0910373 0.0531172 0.0257538 0.0112998 0.00599765 0.00542104 0.00684988 0.00907522 0.0115822 0.0140427 0.0161529 0.0176362 0.0182954 0.018058 0.0169926 0.0152868 0.0131983 0.0109928 0.00889154 0.00703987 0.00550273 0.00427954 0.00332934 0.00259545
 1.01828e-16 2.37911e-05 0.000139602 0.000663539 0.00255455 0.00796602 0.0201218 0.0411738 0.0682572 0.091689 0.0998324 0.088194 0.0634258 0.0376084 0.0193598 0.0104158 0.00828576 0.00998739 0.0136522 0.0183571 0.023541 0.0286656 0.033148 0.036435 0.038119 0.03803 0.0362706 0.0331773 0.0292282 0.0249264 0.0206998 0.0168422 0.0135028 0.010712 0.00842579 0.00656849
 1.02077e-16 3.28994e-05 0.000193096 0.000917901 0.00353398 0.0110204 0.0278366 0.0569572 0.0944119 0.12679 0.137965 0.121678 0.0870629 0.0507341 0.0244808 0.0105464 0.0053312 0.0046039 0.00577918 0.00773481 0.0100295 0.0124118 0.014652 0.0165298 0.0178678 0.018565 0.0186118 0.0180799 0.0170943 0.0157972 0.014318 0.0127559 0.0111782 0.00962844 0.00813766 0.0067328
 1.01522e-16 3.2543e-05 0.000191 0.000907922 0.00349554 0.0109005 0.0275339 0.0563381 0.0933873 0.125418 0.136485 0.120401 0.0862123 0.0503646 0.024537 0.0109682 0.00611488 0.00579864 0.00745071 0.00992376 0.0127164 0.0154933 0.0179345 0.019744 0.0207055 0.0207306 0.019876 0.0183223 0.0163228 0.0141413 0.0119978 0.0100384 0.00833159 0.00688379 0.0056654 0.00463461
 1.01028e-16 3.47903e-05 0.000204197 0.000970671 0.00373715 0.011654 0.029437 0.0602318 0.09984 0.134079 0.145898 0.128674 0.0920699 0.0536533 0.0258901 0.0111505 0.00562229 0.00482179 0.00600087 0.00795354 0.0101904 0.0124225 0.0143895 0.0158528 0.0166363 0.0166655 0.0159816 0.0147251 0.0130966 0.011307 0.00953539 0.00790405 0.0064747 0.00525997 0.00424248 0.00339296
 1.00938e-16 3.33723e-05 0.000195868 0.000931069 0.00358466 0.0111784 0.0282359 0.0577745 0.0957679 0.128615 0.139961 0.123463 0.0883929 0.0516156 0.0251032 0.0111473 0.00610922 0.00569971 0.00728186 0.00967943 0.0123822 0.0150537 0.0173757 0.0190548 0.0198783 0.0197609 0.0187637 0.0170719 0.0149453 0.012655 0.0104297 0.00842349 0.00671117 0.00530236 0.00416636 0.00325602
 1.02382e-16 2.03018e-05 0.000119112 0.000566116 0.00217943 0.00679621 0.017167 0.0351285 0.0582387 0.0782414 0.0852169 0.0753452 0.0543224 0.0324858 0.0172297 0.0100849 0.00897688 0.0113979 0.0157605 0.0212378 0.0272578 0.0332191 0.0384543 0.0423262 0.0443636 0.0443667 0.0424482 0.0389888 0.0345312 0.0296471 0.024823 0.0203931 0.0165277 0.0132635 0.0105545 0.0083204
 1.05637e-16 1.93329e-05 0.000113436 0.00053916 0.00207569 0.00647273 0.0163498 0.0334553 0.0554617 0.0745009 0.0811179 0.0716614 0.0515374 0.0305635 0.0157466 0.00850679 0.00683798 0.00834634 0.0115575 0.0157795 0.0206245 0.0257225 0.0306506 0.0349752 0.0383293 0.0404784 0.041352 0.0410291 0.0396912 0.037561 0.0348519 0.0317412 0.0283693 0.0248528 0.0213014 0.0178265
 1.0427e-16 3.05375e-05 0.000179231 0.000851982 0.00328018 0.0102289 0.0258374 0.0528667 0.087632 0.117686 0.128062 0.112951 0.080836 0.04714 0.0228119 0.00994191 0.00519791 0.00466241 0.00594498 0.00801108 0.0104549 0.013043 0.0155582 0.017789 0.0195613 0.020769 0.0213872 0.0214612 0.0210795 0.0203409 0.0193291 0.0181014 0.0166939 0.0151331 0.0134514 0.0116942
 1.02653e-16 2.93975e-05 0.000172529 0.000820101 0.0031574 0.00984601 0.0248703 0.0508887 0.084356 0.113295 0.123307 0.108812 0.0779922 0.0457205 0.0225696 0.0105907 0.00661204 0.00688131 0.00908324 0.0121611 0.0156119 0.0190552 0.0221095 0.0244177 0.0257179 0.0259012 0.0250332 0.0233268 0.0210808 0.0186038 0.0161505 0.0138862 0.0118833 0.0101428 0.00862663 0.00728672
 1.01427e-16 3.38731e-05 0.000198811 0.000945067 0.00363857 0.0113466 0.0286605 0.058643 0.0972067 0.130544 0.142053 0.12529 0.0896626 0.0522788 0.0252804 0.0109804 0.00567343 0.00499928 0.00628543 0.00835695 0.0107317 0.0131179 0.015248 0.0168742 0.0178116 0.0179774 0.0174065 0.0162352 0.014661 0.0128928 0.0111085 0.00943051 0.00792204 0.00659935 0.00545077 0.00445453
 1.00934e-16 3.39668e-05 0.000199359 0.000947669 0.00364858 0.0113778 0.0287394 0.0588045 0.097475 0.130906 0.142451 0.12565 0.0899409 0.0524823 0.0254553 0.0111856 0.00596286 0.00541668 0.00686247 0.00910864 0.0116488 0.0141602 0.0163422 0.0179191 0.018691 0.0185788 0.0176407 0.0160521 0.0140578 0.0119132 0.00983257 0.00796004 0.00636421 0.00505245 0.00399435 0.00314447
 1.01487e-16 2.78787e-05 0.000163607 0.000777677 0.00299403 0.00933656 0.0235836 0.0482562 0.0799942 0.107443 0.116953 0.10324 0.0740764 0.0435819 0.0218057 0.0107205 0.00734548 0.00814061 0.0109097 0.0146218 0.0187386 0.022809 0.0263643 0.0289636 0.0302834 0.0301904 0.0287691 0.0262908 0.0231388 0.0197154 0.0163618 0.0133106 0.010678 0.00848474 0.00669236 0.00523766
 1.02365e-16 2.83216e-05 0.000166212 0.000790072 0.00304178 0.00948545 0.0239596 0.0490252 0.0812673 0.109148 0.118795 0.104835 0.0751512 0.0440753 0.0217966 0.0102967 0.00652735 0.00688269 0.00914189 0.012296 0.0158665 0.0194886 0.0227882 0.0254061 0.027065 0.0276265 0.0271154 0.0256985 0.0236315 0.0211928 0.0186252 0.016104 0.013732 0.0115543 0.00958231 0.00781456
 1.02841e-16 2.75759e-05 0.000161834 0.000769253 0.00296162 0.00923548 0.0233282 0.0477334 0.0791265 0.106274 0.115672 0.102089 0.0732068 0.0429823 0.0213439 0.0102293 0.00667872 0.00718656 0.00959045 0.0128999 0.0166318 0.0204062 0.0238309 0.026531 0.0282205 0.0287629 0.0281946 0.0267012 0.0245594 0.0220641 0.0194676 0.0169445 0.0145889 0.0124323 0.010472 0.00869507
 1.01569e-16 3.53444e-05 0.000207453 0.000986156 0.00379679 0.01184 0.0299067 0.0611927 0.101432 0.136214 0.148212 0.130697 0.0934766 0.0543908 0.0260928 0.0109767 0.00515687 0.00407108 0.00493126 0.00653181 0.00841276 0.0103326 0.0120856 0.013482 0.0143769 0.0146997 0.0144658 0.0137646 0.0127312 0.0115103 0.0102256 0.00896362 0.00777135 0.00666598 0.00564845 0.00471537
 1.0136e-16 3.02844e-05 0.000177734 0.000844845 0.00325266 0.0101431 0.0256207 0.0524241 0.0869015 0.116714 0.127029 0.112099 0.0803537 0.0471154 0.0232773 0.010953 0.00687469 0.00717435 0.00946079 0.0126352 0.0161647 0.0196402 0.0226509 0.0248151 0.0258568 0.0256692 0.0243371 0.0221086 0.0193279 0.0163522 0.01348 0.0109096 0.00873293 0.00695533 0.00552943 0.00438753
 1.02065e-16 2.82811e-05 0.000165973 0.000788933 0.00303738 0.00947176 0.023925 0.0489546 0.0811506 0.108992 0.118629 0.104697 0.0750708 0.0440649 0.0218592 0.0104384 0.0067637 0.00723656 0.00963605 0.0129438 0.0166631 0.0204039 0.023765 0.0263636 0.0279093 0.0282657 0.0274752 0.0257353 0.0233399 0.020604 0.0178002 0.0151216 0.0126753 0.0104999 0.00859209 0.00693145
 1.02033e-16 3.17682e-05 0.000186452 0.000886306 0.00341232 0.010641 0.0268783 0.0549967 0.0911636 0.122431 0.133233 0.117528 0.0841461 0.0491403 0.0239091 0.0106369 0.0058646 0.00551665 0.00709337 0.00948838 0.0122311 0.0150158 0.01755 0.0195574 0.0208264 0.021254 0.0208631 0.019786 0.0182222 0.0163861 0.0144622 0.0125806 0.0108137 0.00918905 0.00770939 0.0063694
 1.0225e-16 2.78397e-05 0.00016338 0.000776601 0.0029899 0.00932367 0.023551 0.0481894 0.0798829 0.107292 0.116784 0.10308 0.0739386 0.0434545 0.0216566 0.0105072 0.00702323 0.00766637 0.0102472 0.0137497 0.0176601 0.0215607 0.0250201 0.0276307 0.0290902 0.0292679 0.02823 0.0262116 0.0235483 0.0205929 0.0176428 0.0148997 0.0124635 0.0103534 0.00854149 0.00698298
 1.06105e-16 8.42125e-06 4.93526e-05 0.000234447 0.000902378 0.00281375 0.00710784 0.0145475 0.0241291 0.03245 0.0354316 0.0315376 0.0231966 0.0147922 0.00952788 0.00820957 0.010155 0.0144634 0.0205209 0.0278817 0.0360302 0.044275 0.0517958 0.0577849 0.0616175 0.0629834 0.06194 0.0588646 0.0543332 0.0489681 0.0433089 0.0377393 0.032478 0.0276156 0.0231702 0.0191358
pSPR Fmed_Fpbrs
0.569701   0.347816 0.347816
Fs Fmed_Fpbrs
0.402624   1.005 1.005
SSBpbr Bo_Bmed_Bpbrs
940666  488865  280145 280145
Ro
34891.6
SPR SPRFo_SPRFmed_SPRFpbrs
717469 408743 249547
log_Ro
10.28
likeval ReclasPelacesDesembMPH_pf_preclas_ppelaces_ptallas_desvR_qrecl_qpela
 79.1414 56.7202 0.0188553 0.00077148 316.539 191.475 78.2087 0 20.2768 2.74371e-05 0 0 0 0 0
q_reclas_q_pelaces
0.47604 1
M
0.7
N
 24622.1 16763.8 6966.65 896.656 0.22924
 40136.9 11447.4 5420.41 2252.6 290
 10976.8 18216.7 3164.26 1498.3 702.82
 32395.2 4472.28 2493.34 433.097 301.27
 63138.9 15110.5 1477.15 823.529 242.555
 34292.3 31089.5 7101.17 694.185 501.004
 68919.9 15882.6 9805.69 2239.72 376.965
 81575.9 32542.9 5680.83 3507.27 935.927
 124921 36887.9 8781.66 1532.96 1198.99
 177498 56566.7 10044.8 2391.3 743.927
 65049.4 83538.6 19806.8 3517.17 1097.8
 35129.5 29819.1 24638.8 5841.78 1361.13
 47020.4 16220.7 9219.81 7618.1 2227.08
 22310.5 20660.8 3631.15 2063.94 2203.93
 15505.2 8958.98 2572.84 452.178 531.467
 17253.1 6146.86 1026.2 294.703 112.67
 12586.7 7791.27 1644.34 274.517 108.976
 12998.6 5825.84 2447.18 516.476 120.452
 12824.5 6129.09 2064.73 867.304 225.734
 31557.9 6072.72 2233.03 752.252 398.23
 37467.2 14851.2 2125.06 781.417 402.594
 42626.8 18224.8 6445.39 922.272 513.859
 72622.3 20619 7626.94 2697.35 601.011
 72144.7 34891.7 8257.77 3054.54 1320.97
 10973.2 34678.7 14017.1 3317.41 1757.79
pred_Ctot
 1133.3 4310.58 1791.38 230.563 0.058946
 2496.21 3773.87 1786.95 742.617 95.6045
 1433.54 10188.9 1769.83 838.026 393.1
 1419.19 1102.53 614.671 106.769 74.2705
 382.978 584.775 57.1655 31.8704 9.38682
 1667.07 8372.33 1912.33 186.942 134.919
 2442.55 3255.88 2010.14 459.137 77.2767
 5273.22 11063.4 1931.27 1192.34 318.18
 7959.9 12398.3 2951.59 515.242 402.99
 6688.81 12239.2 2173.37 517.4 160.962
 3613.35 25132.2 5958.78 1058.12 330.267
 1780.22 8314.75 6870.27 1628.92 379.538
 3921.59 6701.63 3809.19 3147.44 920.124
 3108.13 12010.1 2110.78 1199.76 1281.14
 2278.12 5370.04 1542.17 271.037 318.563
 1130.53 2112.28 352.638 101.271 38.7176
 617.321 2113.83 446.122 74.4786 29.5661
 473.264 1223.01 513.731 108.423 25.2863
 429.496 1194.98 402.558 169.097 44.0109
 1191.25 1315.9 483.878 163.006 86.2929
 552.321 1356.62 194.119 71.3805 36.776
 796.11 2081.55 736.162 105.338 58.6906
 1699.76 2905.13 1074.6 380.046 84.68
 1664.7 4851.9 1148.29 424.752 183.689
 262.421 4983.93 2014.5 476.77 252.624
F
 0.0658819 0.429049 0.429049 0.429049 0.429049
 0.0899581 0.585842 0.585842 0.585842 0.585842
 0.197886 1.28871 1.28871 1.28871 1.28871
 0.0626164 0.407782 0.407782 0.407782 0.407782
 0.0084659 0.0551332 0.0551332 0.0551332 0.0551332
 0.0696992 0.453908 0.453908 0.453908 0.453908
 0.0503849 0.328126 0.328126 0.328126 0.328126
 0.0936515 0.609895 0.609895 0.609895 0.609895
 0.0922594 0.600829 0.600829 0.600829 0.600829
 0.0536511 0.349396 0.349396 0.349396 0.349396
 0.0799996 0.520988 0.520988 0.520988 0.520988
 0.0727528 0.473794 0.473794 0.473794 0.473794
 0.122342 0.796739 0.796739 0.796739 0.796739
 0.2124 1.38323 1.38323 1.38323 1.38323
 0.225232 1.4668 1.4668 1.4668 1.4668
 0.0949881 0.618599 0.618599 0.618599 0.618599
 0.070338 0.458068 0.458068 0.458068 0.458068
 0.0517938 0.337302 0.337302 0.337302 0.337302
 0.0475533 0.309686 0.309686 0.309686 0.309686
 0.0537448 0.350007 0.350007 0.350007 0.350007
 0.020686 0.134715 0.134715 0.134715 0.134715
 0.0262721 0.171094 0.171094 0.171094 0.171094
 0.0330227 0.215056 0.215056 0.215056 0.215056
 0.0325487 0.21197 0.21197 0.21197 0.21197
 0.033752 0.219806 0.219806 0.219806 0.219806
YTP_r0W_actual
 2939.12 109646 66478.7 19595.2 10812.3
YTP_p0W_proyectada
 27145.8 54374.8 208001 109674 41475.7
 27145.8 135190 14410.1 49321.2 26916.8
CTP_r0_actual
 262.421 4983.93 2014.5 476.77 252.624
CTP_p0_proyectada
 3193.62 2540.88 6666.71 2694.69 891.951
 3193.62 6317.31 461.862 1211.82 578.855
Wmedp
 8.5 21.4 31.2 40.7 46.5
nmprior
 10.6 11 7 0
nm_flota  nm_reclas  nm_pelaces    nm_pelaL
inf 22.2735 19.9092 48.8394
cv_recla  cv_pelaces  cv_mph
0.804687 0.853967 0.901157
 ------------------------------------------------
Talla a la edad & desviaci?n 
 7.2 14.2025 17.0495 18.207 18.6776
 1.08 2.13037 2.55742 2.73105 2.80164
