years
 1997 1998 1999 2000 2001 2002 2003 2004 2005 2006 2007 2008 2009 2010 2011 2012 2013 2014 2015 2016 2017 2018 2019 2020 2021
reclasobs
 0 0 0 370054 412103 1.49427e+06 250295 1.28982e+06 931140 785840 897777 1.04006e+06 184774 17550 25797 100020 73551 82996 120727 218422 84188 347160 605670 569463 516374
reclaspred
 678152 185900 564783 174907 211141 254866 572909 353625 576616 1.13054e+06 1.33604e+06 862285 450362 195818 123742 114710 121365 144023 107971 175373 379951 338303 485986 529044 437470
pelacesobs
 0 0 0 0 0 0 0 0 0 2.06254e+06 1.5e+06 0 1.87456e+06 323000 250000 174000 83755 137374 0 501740 490994 745055 786931 1.00524e+06 1.33801e+06
pelacespred
 275118 116273 146644 123215 124942 102240 314597 193305 318063 649195 689847 457363 243804 83737.4 51231.9 54170.3 59792.5 70880.9 55163.1 87468 203673 201770 217111 269021 209876
mphobs
 0 0 0 0 0 112323 0 153150 637223 0 255016 313432 73983 77613 109348 50772 0 0 0 0 0 0 0 0 0
mphpred
 593137 179829 377760 238442 131536 263172 306624 467907 341897 739519 1.31161e+06 958933 497820 266231 114931 98621.5 100242 119153 115594 95129.7 264859 340989 345691 451801 453507
desembarqueobs
 350755 77701 442110 56441 14545 235359 269955 359681 431902 328805 639364 411747 362871 311530 167758 66681 60226 58785 57116 73181 50977 67692 138656 160484 209506
desembarquepred
 350621 77645.5 441339 56398.3 14552.7 235165 269830 359254 431444 328550 638584 411250 361924 310690 167535 66653.8 60221 58726.9 57047.6 73116.4 50952.4 67645.1 138551 160284 209347
Reclutas
 1345.33 92094.3 290.098 1760.48 43051.9 18062.2 70545.4 29257.7 129680 222150 67955.6 11218.6 52299.1 26228.5 19836.8 14263.3 10927.3 9284.07 3612.83 35839.5 31771.3 24583.9 55845.6 38562.9 294.476
log_desv_Rt
 -2.53561 1.69057 -4.06978 -2.26666 0.930163 0.0615742 1.42401 0.543898 2.03282 2.57111 1.38661 -0.414672 1.12473 0.4346 0.155296 -0.174554 -0.440978 -0.603944 -1.54775 0.746805 0.626317 0.369847 1.19035 0.820047 -4.0548
SSB
 593137 179829 377760 238442 131536 263172 306624 467907 341897 739519 1.31161e+06 958933 497820 266231 114931 98621.5 100242 119153 115594 95129.7 264859 340989 345691 451801 453507
BT
 753836 358013 477787 289231 347070 383473 1.19873e+06 805499 1.39005e+06 2.07866e+06 1.9832e+06 1.22094e+06 915874 480401 273188 177131 188969 205356 156596 312034 528799 457417 573525 696632 547452
Ftot
 0.487956 0.401836 0.719543 0.309253 0.0673421 0.842147 0.4509 0.923695 0.70702 0.280912 0.453716 0.451857 0.745378 1.36588 1.20588 0.548722 0.471797 0.38974 0.49899 0.400846 0.130492 0.193643 0.274808 0.291515 0.453044
BD_Bspro_t
 0.925179 0.605143 0.647142 0.349166 0.332522 0.550953 0.457152 0.508099 0.40695 0.53841 0.637341 0.48265 0.335346 0.245388 0.141002 0.146326 0.194489 0.286537 0.330031 0.350187 0.612127 0.716155 0.691321 0.679091 0.612234
BD_Bspro
 1.69842 0.51493 1.08169 0.682765 0.376646 0.75358 0.878002 1.33983 0.979004 2.11757 3.75573 2.74585 1.42548 0.762337 0.3291 0.282397 0.287038 0.341187 0.330997 0.272399 0.758409 0.976403 0.989868 1.29371 1.29859
BD_Bo
 0.691554 0.209667 0.44044 0.278006 0.153361 0.30684 0.357501 0.545545 0.398627 0.862226 1.52924 1.11805 0.580421 0.310406 0.134002 0.114985 0.116875 0.138923 0.134774 0.110914 0.308806 0.397568 0.40305 0.526767 0.528756
BD_Brms
 3.36367 1.01981 2.14227 1.3522 0.745938 1.49245 1.73886 2.65349 1.93889 4.19381 7.43813 5.4381 2.82313 1.50979 0.651774 0.559281 0.568472 0.675713 0.655531 0.53948 1.50201 1.93374 1.96041 2.56216 2.57183
S_f
 0.5 1 1 1 1
 0.5 1 1 1 1
 0.5 1 1 1 1
 0.5 1 1 1 1
 0.5 1 1 1 1
 0.5 1 1 1 1
 0.5 1 1 1 1
 0.5 1 1 1 1
 0.5 1 1 1 1
 0.5 1 1 1 1
 0.5 1 1 1 1
 0.5 1 1 1 1
 0.5 1 1 1 1
 0.5 1 1 1 1
 0.5 1 1 1 1
 0.5 1 1 1 1
 0.5 1 1 1 1
 0.5 1 1 1 1
 0.5 1 1 1 1
 0.5 1 1 1 1
 0.5 1 1 1 1
 0.5 1 1 1 1
 0.5 1 1 1 1
 0.5 1 1 1 1
 0.5 1 1 1 1
Scru_reclas
 0.5 1 1 1 1
 0.5 1 1 1 1
 0.5 1 1 1 1
 0.5 1 1 1 1
 0.5 1 1 1 1
 0.5 1 1 1 1
 0.5 1 1 1 1
 0.5 1 1 1 1
 0.5 1 1 1 1
 0.5 1 1 1 1
 0.5 1 1 1 1
 0.5 1 1 1 1
 0.5 1 1 1 1
 0.5 1 1 1 1
 0.5 1 1 1 1
 0.5 1 1 1 1
 0.5 1 1 1 1
 0.5 1 1 1 1
 0.5 1 1 1 1
 0.5 1 1 1 1
 0.5 1 1 1 1
 0.5 1 1 1 1
 0.5 1 1 1 1
 0.5 1 1 1 1
 0.5 1 1 1 1
Scru_pelaces
 0.5 1 1 1 1
 0.5 1 1 1 1
 0.5 1 1 1 1
 0.5 1 1 1 1
 0.5 1 1 1 1
 0.5 1 1 1 1
 0.5 1 1 1 1
 0.5 1 1 1 1
 0.5 1 1 1 1
 0.5 1 1 1 1
 0.5 1 1 1 1
 0.5 1 1 1 1
 0.5 1 1 1 1
 0.5 1 1 1 1
 0.5 1 1 1 1
 0.5 1 1 1 1
 0.5 1 1 1 1
 0.5 1 1 1 1
 0.5 1 1 1 1
 0.5 1 1 1 1
 0.5 1 1 1 1
 0.5 1 1 1 1
 0.5 1 1 1 1
 0.5 1 1 1 1
 0.5 1 1 1 1
pf_obs 
 0.256992 0.487395 0.22802 0.0275931 0
 0.321318 0.546541 0.124235 0.00734118 0.000564706
 0.182869 0.594174 0.210203 0.0122559 0.00049798
 0.330522 0.361315 0.267642 0.0388342 0.00168674
 0.649043 0.306663 0.0425973 0.00169635 0
 0.582887 0.30429 0.105238 0.00758474 0
 0.465427 0.430635 0.0974691 0.00646863 0
 0.296916 0.608066 0.0921331 0.00288517 0
 0.311714 0.524322 0.152257 0.0117073 0
 0.15457 0.633149 0.183074 0.0267441 0.00246327
 0.131901 0.49318 0.331252 0.0422183 0.00144891
 0.196976 0.569456 0.194076 0.0375587 0.00193317
 0.518974 0.381816 0.0799577 0.0180837 0.00116848
 0.0928022 0.601141 0.25162 0.0475244 0.00691264
 0.122501 0.610282 0.24278 0.0234846 0.000952079
 0.383417 0.481906 0.127806 0.00687128 0
 0.0376549 0.599619 0.316969 0.0457579 0
 0.0361596 0.667082 0.258105 0.0386534 0
 0.158088 0.579412 0.248529 0.0139706 0
 0.0477256 0.309471 0.559284 0.082774 0.000745712
 0.0406174 0.521527 0.379366 0.0568643 0.0016247
 0.151134 0.462217 0.34131 0.0453401 0
 0.294876 0.26143 0.354403 0.0886775 0.000613685
 0.281977 0.475581 0.204845 0.0348837 0.00271318
 0.0841818 0.532909 0.334909 0.0458182 0.00218182
pf_pred 
 0.0357646 0.48541 0.241048 0.119701 0.118077
 0.88297 0.00922867 0.0542686 0.026949 0.0265834
 0.00420945 0.940351 0.00437182 0.0257082 0.0253595
 0.0884943 0.00946609 0.85182 0.00396023 0.0462598
 0.836264 0.0286712 0.00140267 0.126221 0.0074415
 0.319815 0.620571 0.0104387 0.000510687 0.0486643
 0.783007 0.119011 0.0893944 0.00150372 0.00708373
 0.358149 0.572344 0.0381216 0.0286348 0.00275074
 0.829634 0.101692 0.0612376 0.0040788 0.00335808
 0.706528 0.270968 0.013433 0.00808922 0.000982379
 0.246316 0.63251 0.111882 0.00554647 0.00374564
 0.0891667 0.389291 0.437691 0.0774213 0.00643005
 0.554837 0.0813068 0.155512 0.174847 0.0334966
 0.415666 0.442504 0.0259047 0.0495469 0.0663791
 0.564563 0.299271 0.103116 0.00603654 0.0270141
 0.539392 0.364387 0.0661313 0.0227861 0.00730337
 0.450822 0.402894 0.115725 0.0210026 0.00955608
 0.434337 0.369613 0.143828 0.0413126 0.0109091
 0.250193 0.474131 0.180131 0.0700947 0.0254502
 0.858679 0.0616032 0.0504085 0.019151 0.0101581
 0.51111 0.455532 0.0145412 0.0118988 0.00691833
 0.372438 0.429564 0.184489 0.00588915 0.00762085
 0.597811 0.223774 0.122124 0.0524498 0.00384087
 0.39297 0.46308 0.080092 0.0437101 0.0201473
 0.00568131 0.581399 0.315001 0.0544809 0.0434377
pobs_RECLAS
 0 0 0 0 0
 0 0 0 0 0
 0 0 0 0 0
 0 0 0 0 0
 0.835266 0.146461 0.0176864 0.000547809 3.91292e-05
 0.385257 0.428462 0.181853 0.0044286 0
 0.867414 0.0963971 0.0333333 0.00285562 0
 0.441836 0.489002 0.0689373 0.000224442 0
 0.779404 0.147425 0.0564933 0.0165055 0.000172143
 0.814271 0.122319 0.05973 0.00367925 0
 0.40263 0.566651 0.0304383 0.000280538 0
 0.475488 0.404961 0.113038 0.00651328 0
 0.955842 0.0263864 0.0167828 0.000988607 0
 0.975058 0.0227948 0.00214734 0 0
 0.738997 0.206755 0.0527124 0.00153531 0
 0.850938 0.134255 0.0134407 0.00136685 0
 0.542534 0.407297 0.0501686 0 0
 0.764087 0.199537 0.0359546 0.000420521 0
 0.470689 0.182191 0.310203 0.0369168 0
 0.84361 0.089868 0.0606195 0.00523954 0.000663233
 0.607945 0.314616 0.071237 0.00620181 0
 0.523733 0.453247 0.0230204 0 0
 0.530135 0.295979 0.169645 0.0042399 0
 0.562478 0.366248 0.0663022 0.0049721 0
 0.250443 0.683176 0.0655157 0.000865301 0
ppred_RECLAS
 0.0365053 0.485037 0.240862 0.119609 0.117986
 0.884664 0.00909514 0.0534834 0.0265591 0.0261988
 0.00436407 0.940205 0.00437114 0.0257042 0.0253555
 0.0894538 0.00945612 0.850923 0.00395606 0.0462111
 0.836549 0.0286212 0.00140022 0.126001 0.00742853
 0.329764 0.611494 0.010286 0.000503217 0.0479524
 0.786245 0.117235 0.0880605 0.00148128 0.00697804
 0.370166 0.561628 0.0374078 0.0280987 0.00269923
 0.834571 0.0987446 0.0594629 0.00396059 0.00326076
 0.708703 0.268959 0.0133335 0.00802926 0.000975097
 0.24992 0.629485 0.111347 0.00551995 0.00372773
 0.0907395 0.388619 0.436935 0.0772876 0.00641895
 0.564224 0.0795924 0.152233 0.17116 0.0327903
 0.438526 0.425192 0.0248913 0.0476086 0.0637823
 0.583451 0.286289 0.0986432 0.0057747 0.0258423
 0.545572 0.359499 0.0652441 0.0224804 0.00720538
 0.455863 0.399196 0.114663 0.0208098 0.00946838
 0.438236 0.367065 0.142837 0.0410279 0.0108339
 0.254326 0.471518 0.179138 0.0697083 0.02531
 0.860662 0.0607389 0.0497012 0.0188823 0.0100156
 0.512182 0.454532 0.0145093 0.0118726 0.00690315
 0.374014 0.428484 0.184025 0.00587435 0.0076017
 0.60027 0.222406 0.121378 0.0521292 0.00381739
 0.395598 0.461075 0.0797453 0.0435209 0.0200601
 0.00579127 0.581335 0.314966 0.0544749 0.0434329
pobs_PELACES
 0 0 0 0 0
 0 0 0 0 0
 0 0 0 0 0
 0 0 0 0 0
 0 0 0 0 0
 0 0 0 0 0
 0 0 0 0 0
 0 0 0 0 0
 0 0 0 0 0
 0 0 0 0 0
 0.450072 0.473896 0.0757376 0.000293798 0
 0 0 0 0 0
 0.463077 0.371075 0.160297 0.00555027 0
 0.529543 0.364841 0.0842815 0.0213345 0
 0.631943 0.363953 0.00410389 0 0
 0.735681 0.248677 0.0153453 0.000297389 0
 0.695825 0.281241 0.0229344 0 0
 0.275771 0.60734 0.115278 0.00161068 0
 0 0 0 0 0
 0.896147 0.0623911 0.0374545 0.00400742 0
 0.803859 0.145111 0.0509908 3.86294e-05 0
 0.739449 0.233085 0.0266225 0.000797448 4.60066e-05
 0.878498 0.100942 0.0204185 0.000141795 0
 0.694673 0.275183 0.0284847 0.00165964 0
 0.469039 0.446079 0.0841089 0.000773354 0
ppred_PELACES
 0.0394453 0.483557 0.240127 0.119244 0.117626
 0.891258 0.00857511 0.0504254 0.0250405 0.0247008
 0.00491151 0.939688 0.00436874 0.0256901 0.0253416
 0.093698 0.00941205 0.846957 0.00393762 0.0459957
 0.838063 0.0283562 0.00138725 0.124834 0.00735974
 0.361168 0.582843 0.00980408 0.000479639 0.0457056
 0.798483 0.110523 0.0830191 0.00139648 0.00657855
 0.406346 0.529367 0.035259 0.0264846 0.00254418
 0.850055 0.0895021 0.0538972 0.00358988 0.00295555
 0.718178 0.260211 0.0128998 0.00776809 0.000943379
 0.264215 0.617489 0.109225 0.00541475 0.00365669
 0.0970814 0.385908 0.433888 0.0767485 0.00637418
 0.594189 0.0741194 0.141765 0.159391 0.0305355
 0.494556 0.382762 0.0224074 0.0428577 0.0574174
 0.630864 0.253703 0.0874152 0.0051174 0.0229008
 0.567911 0.341826 0.0620367 0.0213753 0.00685117
 0.475229 0.384988 0.110582 0.0200692 0.00913138
 0.454126 0.356683 0.138797 0.0398674 0.0105275
 0.270253 0.461446 0.175311 0.0682194 0.0247694
 0.868406 0.0573631 0.0469389 0.0178329 0.00945892
 0.51756 0.449521 0.0143494 0.0117418 0.00682704
 0.381524 0.423344 0.181817 0.00580388 0.0075105
 0.611099 0.216381 0.11809 0.050717 0.00371398
 0.407155 0.452259 0.0782205 0.0426887 0.0196765
 0.00623796 0.581074 0.314824 0.0544504 0.0434133
pobs_pel_tallas
 0 0 0 0 0 0 0 0 0 0 0 0 0 0 0 0 0 0 0 0 0 0 0 0 0 0 0 0 0 0 0 0 0 0 0 0
 0 0 0 0 0 0 0 0 0 0 0 0 0 0 0 0 0 0 0 0 0 0 0 0 0 0 0 0 0 0 0 0 0 0 0 0
 0 0 0 0 0 0 0 0 0 0 0 0 0 0 0 0 0 0 0 0 0 0 0 0 0 0 0 0 0 0 0 0 0 0 0 0
 0 0 0 0 0 0 0 0 0 0 0 0 0 0 0 0 0 0 0 0 0 0 0 0 0 0 0 0 0 0 0 0 0 0 0 0
 0 0 0 0 0 0 0 0 0 0 0 0 0 0 0 0 0 0 0 0 0 0 0 0 0 0 0 0 0 0 0 0 0 0 0 0
 0 0 0 0 0 0 0 0 0 0 0 0 0 0 0 0 0 0 0 0 0 0 0 0 0 0 0 0 0 0 0 0 0 0 0 0
 0 0 0 0 0 0 0 0 0 0 0 0 0 0 0 0 0 0 0 0 0 0 0 0 0 0 0 0 0 0 0 0 0 0 0 0
 0 0 0 0 0 0 0 0 0 0 0 0 0 0 0 0 0 0 0 0 0 0 0 0 0 0 0 0 0 0 0 0 0 0 0 0
 0 0 0 0 0 0 0 0 0 0 0 0 0 0 0 0 0 0 0 0 0 0 0 0 0 0 0 0 0 0 0 0 0 0 0 0
 0 0 0 0 0 0 0 0 0 0 0 0 0 0 0 0 0 0 0 0 0 0 0 0 0 0 0 0 0 0 0 0 0 0 0 0
 0 0 0 0 0 0 0 0 1.78061e-05 0.00172719 0.00360574 0.0105946 0.0120993 0.0124554 0.0147524 0.0171206 0.0266825 0.0428682 0.0675386 0.121331 0.153587 0.119568 0.100827 0.0573624 0.0630603 0.0341343 0.0324427 0.0444173 0.0211091 0.0280891 0.0125444 0.00206551 0 0 0 0
 0 0 0 0 0 0 0 0 0 0 0 0 0 0 0 0 0 0 0 0 0 0 0 0 0 0 0 0 0 0 0 0 0 0 0 0
 0 0 0 0 0 0 0.0133647 0.0140871 0.0187388 0.0205184 0.03894 0.0496705 0.03968 0.0493445 0.0407372 0.0367815 0.0215668 0.0243155 0.0234873 0.0199281 0.019796 0.0243948 0.0301388 0.0376714 0.0412746 0.0863199 0.0771752 0.113111 0.0741005 0.0525337 0.0229764 0.00759418 0.00175318 0 0 0
 0 0 0 0 0 0 0 0 0 0 0.00219441 0.00772107 0.0458388 0.0604681 0.0671733 0.0775358 0.0609151 0.0617685 0.073594 0.0568108 0.0755445 0.0548602 0.0670107 0.0636378 0.0643287 0.046367 0.0373049 0.0286899 0.0247887 0.0153202 0.00654259 0.00121912 0.000365735 0 0 0
 0 0 0 0 0 0 0 0 0 0 0 0 0.000112435 0.00938835 0.0111873 0.0202946 0.0414886 0.0713402 0.111592 0.104902 0.108894 0.110636 0.117776 0.105296 0.107544 0.0401394 0.0192827 0.0124803 0.00416011 0.0028671 0.000618394 0 0 0 0 0
 0 0 0 0 0 0 0 0 0 0 0.00291406 0.0102884 0.027416 0.0768956 0.0749926 0.110853 0.0956884 0.0897413 0.0766577 0.0534642 0.0500743 0.0551293 0.0594112 0.0620874 0.0668451 0.0424026 0.0208742 0.0120726 0.0048766 0.00582813 0.00118941 0.000297354 0 0 0 0
 0 0.00264628 0.0354308 0.0461629 0.0458689 0.0383711 0.0214643 0.0164657 0.0346957 0.0420465 0.0363128 0.0245516 0.0311673 0.0291091 0.0169068 0.0133784 0.00837989 0.0085269 0.0148486 0.0160247 0.0276389 0.0546898 0.0760071 0.122758 0.109233 0.0665981 0.0333725 0.0166128 0.00676272 0.00308733 0.000882094 0 0 0 0 0
 0 0 0 0 0 0 0 0.000805153 0.000690131 0.00759144 0.0133425 0.0154129 0.00931677 0.000345066 0.00356568 0.00563607 0.00851162 0.0253048 0.0502646 0.0516448 0.0657925 0.0565908 0.0611916 0.0827007 0.0866115 0.110766 0.145733 0.0935128 0.0569358 0.0249597 0.0138026 0.00621118 0.00161031 0.00115022 0 0
 0 0 0 0 0 0 0 0 0 0 0 0 0 0 0 0 0 0 0 0 0 0 0 0 0 0 0 0 0 0 0 0 0 0 0 0
 0.00147267 0.00158595 0.00478618 0.00569244 0.00954404 0.0108468 0.00647125 0.017049 0.0510054 0.094081 0.124002 0.0959785 0.0687766 0.0820023 0.061753 0.0591476 0.0492212 0.0479892 0.0443925 0.0268479 0.0217502 0.0140895 0.0121071 0.0120363 0.00920419 0.00665534 0.0049561 0.00860946 0.00930331 0.0156896 0.0114698 0.00855282 0.00243557 0.00046729 0 2.83206e-05
 0 0 0 0 0.000772559 0.00158375 0.000888443 0.00281984 0.00712685 0.0440552 0.0773331 0.111326 0.0921469 0.0852325 0.0710754 0.0886704 0.0786465 0.0553345 0.0373146 0.0185414 0.00753245 0.00457741 0.012979 0.0271748 0.0457355 0.0583668 0.034881 0.0177882 0.00938659 0.00492506 0.0015258 0.00185414 0.000309023 5.79419e-05 3.86279e-05 0
 0 0.00173294 0.00326652 0 0.00397197 0.00683976 0.00946217 0.0152591 0.00757587 0.0136028 0.0228656 0.0392903 0.0559909 0.0764795 0.0681675 0.0726916 0.0566044 0.0477403 0.0527397 0.0444891 0.0609904 0.0582453 0.0661739 0.0445044 0.0529084 0.0360697 0.0280645 0.0235558 0.0158879 0.00826598 0.00280645 0.00217768 0.000904811 0.00058276 9.20147e-05 0
 0 0 0 0 0 0 0 0 0 0 0 0 0 0 0 0 0 0 0 0 0 0 0 0 0 0 0 0 0 0 0 0 0 0 0 0
 0 0 0 0 0 0 0 0 0 0 0 0 0 0 0 0 0 0 0 0 0 0 0 0 0 0 0 0 0 0 0 0 0 0 0 0
 0 0 0 0 0 0 0 0 0 0 0 0 0 0 0 0 0 0 0 0 0 0 0 0 0 0 0 0 0 0 0 0 0 0 0 0
ppred_pel_tallas
 1.1316e-16 1.75245e-06 1.02049e-05 4.8343e-05 0.000185846 0.000579282 0.00146374 0.002999 0.0049865 0.00674315 0.00746034 0.00687203 0.00555591 0.00452995 0.00461253 0.00616428 0.00924861 0.013847 0.0199043 0.0272479 0.0355054 0.0440926 0.0522851 0.0593498 0.0646955 0.0679884 0.0691974 0.0685524 0.0664411 0.0632829 0.0594285 0.0551129 0.0504641 0.0455479 0.0404219 0.0351735
 1.02734e-16 3.88761e-05 0.000228197 0.0010848 0.00417664 0.0130245 0.0328987 0.0673136 0.111574 0.149823 0.162991 0.143659 0.102595 0.0593897 0.0279165 0.0107566 0.00358487 0.0013503 0.000991411 0.00124297 0.00172327 0.00234597 0.00309146 0.0039433 0.00487455 0.00584569 0.00680564 0.00769486 0.00845035 0.00901253 0.00933295 0.00938157 0.00915194 0.0086627 0.00795532 0.00708808
 1.02435e-16 2.64807e-07 1.42985e-06 6.53421e-06 2.47164e-05 7.66963e-05 0.000194786 0.00040596 0.000700891 0.0010258 0.0013391 0.00171111 0.00238061 0.00372016 0.00615768 0.0101175 0.0159729 0.0239639 0.0340671 0.0458637 0.0584718 0.0706019 0.0807528 0.0875163 0.0899066 0.0876058 0.0810449 0.0712851 0.0597479 0.0478833 0.0368834 0.0275139 0.0200864 0.0145411 0.0105867 0.00784121
 1.14311e-16 4.10078e-06 2.40306e-05 0.000114158 0.000439397 0.00137007 0.00346066 0.00708156 0.0117411 0.0157764 0.01719 0.0152164 0.0110118 0.00667632 0.00373155 0.00254174 0.00278055 0.00408211 0.00632012 0.00957009 0.0139829 0.0196801 0.0266805 0.034846 0.0438487 0.0531668 0.06212 0.0699434 0.0758928 0.079362 0.0799847 0.0776988 0.072759 0.0656883 0.0571886 0.0480251
 1.04663e-16 3.65571e-05 0.000214581 0.00102007 0.00392739 0.0122473 0.0309354 0.0632967 0.104916 0.140885 0.153272 0.135105 0.096511 0.0559184 0.0263804 0.010333 0.00371895 0.00179606 0.00168872 0.00220362 0.00297091 0.0038927 0.00493208 0.00605876 0.00724094 0.00844522 0.00963539 0.010769 0.011794 0.0126484 0.0132644 0.0135783 0.0135424 0.0131364 0.0123753 0.0113089
 1.02482e-16 1.57848e-05 9.25786e-05 0.000439939 0.00169356 0.005281 0.0133399 0.0272992 0.0452664 0.0608363 0.0663202 0.0587803 0.0426899 0.0261503 0.014999 0.0105329 0.0112416 0.0152398 0.0212787 0.0285869 0.0364631 0.0440741 0.0504854 0.0548248 0.0564806 0.0552521 0.0514001 0.0455727 0.0386386 0.0314828 0.0248299 0.0191418 0.0146019 0.0111678 0.00865837 0.00684181
 1.0157e-16 3.48349e-05 0.000204462 0.000971941 0.00374206 0.0116693 0.0294756 0.0603105 0.0999692 0.13425 0.146074 0.128808 0.0921183 0.0535867 0.0256822 0.0107634 0.00500098 0.00390133 0.00472316 0.00628923 0.00816091 0.0101165 0.0119669 0.013532 0.0146645 0.0152769 0.015354 0.0149468 0.0141504 0.0130771 0.0118326 0.0105021 0.00914813 0.00781527 0.00653765 0.00534414
 1.01702e-16 1.77527e-05 0.000104137 0.000494897 0.00190518 0.00594094 0.0150068 0.0307094 0.0509173 0.0684198 0.074558 0.0660118 0.0477908 0.0289748 0.0160858 0.0105297 0.0105568 0.0140134 0.0194995 0.0262066 0.0334665 0.0405158 0.0465017 0.0506242 0.0523144 0.0513716 0.0480108 0.0427987 0.0365061 0.0299264 0.0237177 0.0183114 0.013896 0.0104621 0.00787643 0.00595665
 1.01056e-16 3.70828e-05 0.000217661 0.0010347 0.00398369 0.0124228 0.0313789 0.0642046 0.106423 0.142914 0.155493 0.137095 0.0980053 0.0569302 0.0271316 0.0111046 0.00475605 0.00328735 0.00377268 0.00496276 0.00640917 0.00790898 0.0093048 0.010452 0.0112363 0.0115944 0.0115244 0.011079 0.0103462 0.0094261 0.00840943 0.00736595 0.00634229 0.00536665 0.00445621 0.00362312
 1.00579e-16 3.13391e-05 0.000183926 0.000874278 0.00336598 0.0104965 0.0265134 0.0542506 0.0899291 0.12078 0.131454 0.116003 0.0831486 0.0487476 0.0240705 0.011302 0.00705663 0.0073259 0.00962819 0.0128178 0.0163341 0.0197457 0.0226223 0.0245692 0.0253084 0.0247449 0.0229899 0.0203289 0.0171489 0.0138471 0.0107534 0.00808357 0.00593133 0.00428994 0.00308933 0.0022333
 1.02109e-16 1.15589e-05 6.77651e-05 0.000321963 0.00123931 0.00386442 0.00976185 0.0199785 0.0331334 0.0445483 0.0486117 0.0431986 0.0316202 0.0198607 0.0122681 0.00988312 0.0116939 0.016391 0.0230779 0.0311248 0.0398557 0.0484073 0.0557863 0.0610468 0.0634998 0.0628744 0.0593769 0.0536216 0.0464675 0.0388127 0.0314176 0.0247988 0.0192095 0.0146854 0.0111233 0.00835934
 1.0922e-16 4.26249e-06 2.4948e-05 0.000118449 0.000455798 0.00142113 0.00359007 0.00734899 0.0121942 0.0164143 0.0179617 0.0160809 0.0120305 0.00807292 0.00589543 0.00599468 0.00812898 0.011945 0.0172118 0.0237377 0.0312295 0.0392293 0.0471431 0.054332 0.0602259 0.0644193 0.0667223 0.0671496 0.065868 0.0631246 0.059187 0.0543129 0.0487479 0.0427372 0.0365357 0.030404
 1.08941e-16 2.59252e-05 0.000152158 0.000723288 0.0027847 0.0086838 0.0219345 0.0448806 0.0743933 0.0999047 0.108707 0.0958655 0.0685767 0.039929 0.0192108 0.00819263 0.00404864 0.00346922 0.00446097 0.00620573 0.00844225 0.0110695 0.0139972 0.0171126 0.0202839 0.0233697 0.0262257 0.0287082 0.0306766 0.0319999 0.0325683 0.0323112 0.0312148 0.0293325 0.0267861 0.0237524
 1.04599e-16 2.1593e-05 0.000126696 0.000602179 0.00231829 0.00722926 0.0182608 0.0373662 0.0619468 0.0832173 0.0906214 0.0800879 0.0576641 0.0343279 0.0179208 0.0100415 0.00845302 0.0104645 0.0143804 0.0193405 0.0247884 0.0301676 0.0348738 0.03834 0.0401597 0.0401823 0.0385439 0.0356201 0.0319205 0.0279609 0.0241551 0.0207567 0.017856 0.0154188 0.0133445 0.0115207
 1.0257e-16 2.75317e-05 0.000161573 0.000768012 0.00295683 0.00922055 0.0232905 0.0476564 0.0789991 0.106104 0.115489 0.101934 0.0731086 0.0429509 0.0213769 0.0103256 0.00684575 0.00743974 0.00994704 0.0133719 0.0172193 0.0210919 0.0245779 0.0272844 0.0289135 0.0293263 0.0285677 0.0268416 0.0244494 0.0217128 0.0189076 0.0162261 0.013772 0.011578 0.00963572 0.00792146
 1.02047e-16 2.47902e-05 0.00014547 0.000691438 0.00266197 0.00830102 0.020968 0.0429049 0.0711261 0.0955396 0.104017 0.0918713 0.0660281 0.0390665 0.0199539 0.0104833 0.00804383 0.00951564 0.0129491 0.0173938 0.0222934 0.0271314 0.0313544 0.0344399 0.0360061 0.0358983 0.0342214 0.0313016 0.0275969 0.0235851 0.0196679 0.0161155 0.0130577 0.0105109 0.00842212 0.00671183
 1.02812e-16 2.07507e-05 0.00012175 0.000578663 0.00222774 0.00694689 0.0175476 0.035907 0.0595283 0.0799705 0.0870915 0.076982 0.0554579 0.0330755 0.0173799 0.00992102 0.00856395 0.0107373 0.0148222 0.0199938 0.0257076 0.0314045 0.0364652 0.0402954 0.0424496 0.0427297 0.0412224 0.0382608 0.0343275 0.0299349 0.0255212 0.0213907 0.0177039 0.0145052 0.0117684 0.00943865
 1.03949e-16 1.98294e-05 0.000116344 0.000552965 0.00212881 0.00663838 0.0167683 0.0343122 0.0568843 0.0764181 0.0832214 0.073558 0.0529845 0.0315873 0.0165756 0.00942998 0.00811266 0.0101722 0.0140725 0.0190431 0.0245863 0.0301936 0.0352966 0.0393414 0.0419014 0.042767 0.0419812 0.0398072 0.0366443 0.0329234 0.0290175 0.0251915 0.0215959 0.0182913 0.0152877 0.0125773
 1.06141e-16 1.1816e-05 6.92883e-05 0.000329236 0.00126736 0.00395196 0.00998277 0.0204294 0.0338765 0.0455333 0.0496495 0.044033 0.0320413 0.0197521 0.0115571 0.00845845 0.00936609 0.0129151 0.0182178 0.024738 0.0319775 0.039317 0.0460324 0.0514126 0.0549079 0.0562458 0.0554769 0.052931 0.0491097 0.0445518 0.0397194 0.034936 0.0303806 0.0261224 0.0221723 0.0185267
 1.0174e-16 3.78816e-05 0.000222354 0.00105701 0.00406963 0.0126908 0.0320558 0.0655894 0.108717 0.145992 0.158834 0.140022 0.100056 0.0580376 0.0275023 0.0109847 0.00428923 0.00250529 0.00264565 0.0034512 0.00449868 0.00563118 0.00674641 0.00775184 0.00856966 0.0091486 0.00946996 0.00954438 0.00940197 0.00908012 0.00861373 0.00803101 0.00735453 0.0066052 0.00580649 0.00498618
 1.01073e-16 2.25989e-05 0.000132596 0.00063021 0.0024262 0.00756574 0.0191108 0.0391059 0.0648321 0.0870972 0.0948566 0.0838549 0.0604285 0.0360777 0.0190232 0.010954 0.00954147 0.0119721 0.0164563 0.0220541 0.0281168 0.0339742 0.0388975 0.0422086 0.043431 0.0424054 0.0393297 0.0347031 0.0291986 0.023506 0.018195 0.0136361 0.00998583 0.00722573 0.00522716 0.00381707
 1.0327e-16 1.66665e-05 9.77683e-05 0.000464641 0.00178872 0.00557778 0.0140894 0.0288316 0.0478021 0.0642287 0.0699775 0.0619249 0.044764 0.0270056 0.0147557 0.00931692 0.00903577 0.0118959 0.0166152 0.0225008 0.029026 0.0355963 0.0415316 0.0461671 0.0489903 0.0497497 0.0484998 0.0455633 0.0414325 0.0366443 0.0316712 0.0268585 0.022411 0.0184196 0.0149028 0.0118461
 1.03664e-16 2.66684e-05 0.000156508 0.000743939 0.00286416 0.00893156 0.0225605 0.0461624 0.0765219 0.102775 0.11186 0.098718 0.0707736 0.0415228 0.0205633 0.00976567 0.00626658 0.00667958 0.00892457 0.0120639 0.0156598 0.019379 0.0228758 0.0258104 0.0279106 0.0290236 0.0291395 0.0283737 0.0269216 0.0250019 0.0228085 0.0204854 0.0181254 0.0157846 0.0135026 0.011317
 1.03644e-16 1.77849e-05 0.000104333 0.000495845 0.00190885 0.00595242 0.0150357 0.030768 0.0510123 0.0685411 0.0746734 0.0660743 0.0477499 0.0287788 0.0156712 0.00980801 0.00941222 0.0123159 0.0171321 0.023102 0.029647 0.0361244 0.0418133 0.0460276 0.0482641 0.0483172 0.046321 0.0426979 0.0380402 0.0329634 0.0279806 0.023432 0.019475 0.0161225 0.013303 0.0109167
 1.08558e-16 3.08842e-07 1.71955e-06 7.98063e-06 3.04024e-05 9.45095e-05 0.000239367 0.000494619 0.000838366 0.00118187 0.00143377 0.0016161 0.00192432 0.00267436 0.00420469 0.00682278 0.0107944 0.0163157 0.0234414 0.0319959 0.0415169 0.0512703 0.0603501 0.0678457 0.0730307 0.0755099 0.0752811 0.0726888 0.0682991 0.0627418 0.0565766 0.0502185 0.0439298 0.0378574 0.0320866 0.0266845
pSPR Fmed_Fpbrs
0.477892   0.255595 0.255595
Fs Fmed_Fpbrs
0.435686   1.005 1.005
SSBpbr Bo_Bmed_Bpbrs
857687  366997  176336 176336
Ro
16983.5
SPR SPRFo_SPRFmed_SPRFpbrs
349229 166894 89261.3
log_Ro
9.56
likeval ReclasPelacesDesembMPH_pf_preclas_ppelaces_ptallas_desvR_qrecl_qpela
 106.167 137.265 0.171084 0.000594472 434.609 222.541 95.2878 0 98.749 0 0 0 0 0 0
q_reclas_q_pelaces
1 1
M
0.7
N
 1345.33 10097.1 5014.05 2489.91 2456.13
 92094.3 523.435 3078.03 1528.5 1507.77
 290.098 37408.4 173.917 1022.71 1008.83
 1760.48 100.529 9046.27 42.0573 491.276
 43051.9 748.982 36.642 3297.28 194.395
 18062.2 20671.1 347.711 17.0109 1621
 70545.4 5886.99 4421.99 74.3829 350.405
 29257.7 27960.9 1862.36 1398.9 134.382
 129680 9154.96 5513.01 367.2 302.317
 222150 45220.9 2241.79 1349.98 163.946
 67955.6 95860.9 16956.4 840.603 567.676
 11218.6 26896.5 30240.5 5349.11 444.259
 52299.1 4444.4 8500.63 9557.49 1830.99
 26228.5 17890.9 1047.35 2003.23 2683.78
 19836.8 6579.16 2266.9 132.707 593.877
 14263.3 5390.29 978.265 337.069 108.037
 10927.3 5383.45 1546.32 280.636 127.688
 9284.07 4286.06 1667.85 479.065 126.503
 3612.83 3794.04 1441.42 560.903 203.655
 35839.5 1397.93 1143.9 434.586 230.513
 31771.3 14565.1 464.938 380.448 221.205
 24583.9 14780.6 6347.97 202.636 262.221
 55845.6 11081.4 6047.67 2597.35 190.202
 38562.9 24171.8 4180.63 2281.57 1051.65
 294.476 16552.5 8968.07 1551.07 1236.67
pred_Ctot
 212.423 2883.09 1431.7 710.961 701.316
 12195.8 127.468 749.568 372.224 367.175
 64.355 14376.3 66.8374 393.033 387.701
 183.009 19.5762 1761.59 8.18988 95.6668
 1027.15 35.2156 1.72283 155.031 9.14006
 4572.97 8873.43 149.261 7.30222 695.841
 10374.1 1576.77 1184.38 19.9227 93.8523
 7991.07 12770.2 850.574 638.905 61.3748
 28340.6 3473.83 2091.9 139.333 114.713
 21105.3 8094.34 401.271 241.641 29.3456
 10049.6 25806.2 4564.75 226.294 152.821
 1652.92 7216.44 8113.64 1435.19 119.196
 11954.6 1751.85 3350.69 3767.27 721.721
 9703.45 10330 604.729 1156.64 1549.58
 6685.19 3543.77 1221.04 71.4809 319.884
 2500.39 1689.15 306.557 105.627 33.8553
 1673.97 1496 429.705 77.9857 35.4831
 1195.53 1017.37 395.892 113.714 30.0276
 581.999 1102.92 419.02 163.054 59.2023
 4735.41 339.727 277.991 105.614 56.0195
 1448.65 1291.12 41.2145 33.7248 19.6087
 1640.68 1892.33 812.718 25.9431 33.5717
 5197.14 1945.4 1061.7 455.979 33.391
 3793.28 4470.04 773.116 421.927 194.479
 43.4904 4450.61 2411.33 417.051 332.515
F
 0.243978 0.487956 0.487956 0.487956 0.487956
 0.200918 0.401836 0.401836 0.401836 0.401836
 0.359772 0.719543 0.719543 0.719543 0.719543
 0.154627 0.309253 0.309253 0.309253 0.309253
 0.033671 0.0673421 0.0673421 0.0673421 0.0673421
 0.421073 0.842147 0.842147 0.842147 0.842147
 0.22545 0.4509 0.4509 0.4509 0.4509
 0.461847 0.923695 0.923695 0.923695 0.923695
 0.35351 0.70702 0.70702 0.70702 0.70702
 0.140456 0.280912 0.280912 0.280912 0.280912
 0.226858 0.453716 0.453716 0.453716 0.453716
 0.225928 0.451857 0.451857 0.451857 0.451857
 0.372689 0.745378 0.745378 0.745378 0.745378
 0.682939 1.36588 1.36588 1.36588 1.36588
 0.602941 1.20588 1.20588 1.20588 1.20588
 0.274361 0.548722 0.548722 0.548722 0.548722
 0.235898 0.471797 0.471797 0.471797 0.471797
 0.19487 0.38974 0.38974 0.38974 0.38974
 0.249495 0.49899 0.49899 0.49899 0.49899
 0.200423 0.400846 0.400846 0.400846 0.400846
 0.065246 0.130492 0.130492 0.130492 0.130492
 0.0968213 0.193643 0.193643 0.193643 0.193643
 0.137404 0.274808 0.274808 0.274808 0.274808
 0.145758 0.291515 0.291515 0.291515 0.291515
 0.226522 0.453044 0.453044 0.453044 0.453044
YTP_r0W_actual
 487.092 97913.4 79573.8 17140.8 14231.6
YTP_p0W_proyectada
 55303.3 1203.36 78627.1 55571.1 14447.4
 55303.3 69015.7 318.908 18644 13638.6
CTP_r0_actual
 43.4904 4450.61 2411.33 417.051 332.515
CTP_p0_proyectada
 6506.27 56.2319 2520.1 1365.38 310.696
 6506.27 3225.03 10.2214 458.084 293.303
Wmedp
 8.5 21.4 31.2 40.7 46.5
nmprior
 10.6 11 7 0
nm_flota  nm_reclas  nm_pelaces    nm_pelaL
inf 12.2306 9.84428 19.5497
cv_recla  cv_pelaces  cv_mph
0.932006 1.32847 0.79105
 ------------------------------------------------
Talla a la edad & desviaci?n 
 7.2 14.2025 17.0495 18.207 18.6776
 1.08 2.13037 2.55742 2.73105 2.80164
