years
 1997 1998 1999 2000 2001 2002 2003 2004 2005 2006 2007 2008 2009 2010 2011 2012 2013 2014 2015 2016 2017 2018 2019 2020 2021
reclasobs
 0 0 0 370054 412103 1.49427e+06 250295 1.28982e+06 931140 785840 897777 1.04006e+06 184774 17550 25797 100020 73551 82996 120727 218422 84188 347160 605670 569463 516374
reclaspred
 5.88214e+06 928465 1.0892e+06 197279 222536 329546 638671 604138 628830 894400 1.0258e+06 678273 355672 141335 77132.1 79960.6 90955 110051 121416 132285 209180 226152 374312 437752 417519
pelacesobs
 0 0 0 0 0 0 0 0 0 2.06254e+06 1.5e+06 0 1.87456e+06 323000 250000 174000 83755 137374 0 501740 490994 745055 786931 1.00524e+06 1.33801e+06
pelacespred
 6.77051e+06 2.53006e+06 555484 253366 679805 417873 2.21792e+06 1.60295e+06 1.64895e+06 2.61867e+06 1.85289e+06 1.30114e+06 922543 304475 179270 160722 178328 225458 215263 244216 505901 408871 544988 772108 457700
mphobs
 0 0 0 0 0 112323 0 153150 637223 0 255016 313432 73983 77613 109348 50772 0 0 0 0 0 0 0 0 0
mphpred
 1.27099e+06 535596 207797 69629.7 41184.1 143284 151019 282744 249797 286593 445690 265123 164079 96482.8 44214.4 33178.8 33322.5 37159.6 43507.6 43929 60674.7 81231.3 97095.9 136876 153155
desembarqueobs
 350755 77701 442110 56441 14545 235359 269955 359681 431902 328805 639364 411747 362871 311530 167758 66681 60226 58785 57116 73181 50977 67692 138656 160484 209506
desembarquepred
 350744 77680.1 441511 56406.5 14542.1 235117 269815 358995 431257 328435 637879 410838 361951 310800 167117 66566.4 60157.1 58667.7 57006.8 73067.2 50949.3 67600.1 138503 160320 209277
Reclutas
 4911.7 6944.91 878.341 3279.21 42648.7 11324.7 65075.9 56992.3 65045.4 133549 51014 48542.8 56424.6 28969 12842.6 10620.7 6965.98 8018 8147.1 10226.7 15782 18993.9 32178 31211.4 1062.79
log_desv_Rt
 -1.18063 -0.834236 -2.90197 -1.58464 0.980752 -0.345256 1.40331 1.27067 1.40284 2.12222 1.15985 1.1102 1.26066 0.59398 -0.219475 -0.409438 -0.831206 -0.690556 -0.674583 -0.447241 -0.0133722 0.171874 0.699038 0.668537 -2.71134
SSB
 1.8319e+06 771963 299500 100358 59359.2 206518 217666 407523 360036 413071 642379 382126 236490 139062 63726.9 47821.2 48028.3 53558.7 62708.2 63315.6 87451.4 117080 139946 197282 220745
BT
 2.22778e+06 910354 415044 146189 264849 310666 1.04995e+06 942200 988840 1.25746e+06 1.1696e+06 821741 680944 390004 198360 110869 109466 126564 119220 142083 218699 194914 275985 385426 296746
Ftot
 0.16067 0.260088 1.2018 0.91808 0.310284 1.64344 1.63554 1.73729 2.0356 1.28524 1.56238 1.66691 2.90516 4.78895 4.95303 2.25176 1.81326 1.55314 1.2863 1.568 0.75089 0.845421 1.05302 1.03099 1.20421
BD_Bspro_t
 0.978695 0.843352 0.583199 0.204951 0.242854 0.575604 0.400532 0.491565 0.407626 0.400318 0.470784 0.284208 0.199692 0.141687 0.0790889 0.0730244 0.100404 0.152347 0.214799 0.261491 0.358784 0.491811 0.493991 0.502729 0.453398
BD_Bspro
 5.56991 2.34716 0.910634 0.305141 0.180482 0.627921 0.661817 1.23908 1.09469 1.25595 1.95316 1.16186 0.71905 0.42282 0.193763 0.145401 0.146031 0.162846 0.190665 0.192512 0.265897 0.355983 0.425507 0.599838 0.671177
BD_Bo
 1.99399 0.840267 0.326 0.109238 0.0646114 0.224791 0.236926 0.443581 0.391892 0.44962 0.699218 0.415937 0.257415 0.151367 0.0693656 0.0520524 0.0522779 0.0582976 0.0682567 0.0689178 0.0951892 0.127439 0.152328 0.214738 0.240276
BD_Brms
 5.54187 2.33535 0.90605 0.303605 0.179574 0.62476 0.658485 1.23284 1.08918 1.24963 1.94333 1.15601 0.71543 0.420692 0.192787 0.144669 0.145295 0.162026 0.189705 0.191543 0.264558 0.354191 0.423365 0.596818 0.667798
S_f
 0.0853924 0.73965 0.988565 0.99962 0.999988
 0.0853924 0.73965 0.988565 0.99962 0.999988
 0.0853924 0.73965 0.988565 0.99962 0.999988
 0.0853924 0.73965 0.988565 0.99962 0.999988
 0.0853924 0.73965 0.988565 0.99962 0.999988
 0.0853924 0.73965 0.988565 0.99962 0.999988
 0.0853924 0.73965 0.988565 0.99962 0.999988
 0.0853924 0.73965 0.988565 0.99962 0.999988
 0.0853924 0.73965 0.988565 0.99962 0.999988
 0.0853924 0.73965 0.988565 0.99962 0.999988
 0.0853924 0.73965 0.988565 0.99962 0.999988
 0.0853924 0.73965 0.988565 0.99962 0.999988
 0.0853924 0.73965 0.988565 0.99962 0.999988
 0.0853924 0.73965 0.988565 0.99962 0.999988
 0.0853924 0.73965 0.988565 0.99962 0.999988
 0.0853924 0.73965 0.988565 0.99962 0.999988
 0.0853924 0.73965 0.988565 0.99962 0.999988
 0.0853924 0.73965 0.988565 0.99962 0.999988
 0.0853924 0.73965 0.988565 0.99962 0.999988
 0.0853924 0.73965 0.988565 0.99962 0.999988
 0.0853924 0.73965 0.988565 0.99962 0.999988
 0.0853924 0.73965 0.988565 0.99962 0.999988
 0.0853924 0.73965 0.988565 0.99962 0.999988
 0.0853924 0.73965 0.988565 0.99962 0.999988
 0.0853924 0.73965 0.988565 0.99962 0.999988
Scru_reclas
 0.166546 0.501409 0.835013 0.962222 0.992259
 0.166546 0.501409 0.835013 0.962222 0.992259
 0.166546 0.501409 0.835013 0.962222 0.992259
 0.166546 0.501409 0.835013 0.962222 0.992259
 0.166546 0.501409 0.835013 0.962222 0.992259
 0.166546 0.501409 0.835013 0.962222 0.992259
 0.166546 0.501409 0.835013 0.962222 0.992259
 0.166546 0.501409 0.835013 0.962222 0.992259
 0.166546 0.501409 0.835013 0.962222 0.992259
 0.166546 0.501409 0.835013 0.962222 0.992259
 0.166546 0.501409 0.835013 0.962222 0.992259
 0.166546 0.501409 0.835013 0.962222 0.992259
 0.166546 0.501409 0.835013 0.962222 0.992259
 0.166546 0.501409 0.835013 0.962222 0.992259
 0.166546 0.501409 0.835013 0.962222 0.992259
 0.166546 0.501409 0.835013 0.962222 0.992259
 0.166546 0.501409 0.835013 0.962222 0.992259
 0.166546 0.501409 0.835013 0.962222 0.992259
 0.166546 0.501409 0.835013 0.962222 0.992259
 0.166546 0.501409 0.835013 0.962222 0.992259
 0.166546 0.501409 0.835013 0.962222 0.992259
 0.166546 0.501409 0.835013 0.962222 0.992259
 0.166546 0.501409 0.835013 0.962222 0.992259
 0.166546 0.501409 0.835013 0.962222 0.992259
 0.166546 0.501409 0.835013 0.962222 0.992259
Scru_pelaces
 0.753867 1 1 1 1
 0.753867 1 1 1 1
 0.753867 1 1 1 1
 0.753867 1 1 1 1
 0.753867 1 1 1 1
 0.753867 1 1 1 1
 0.753867 1 1 1 1
 0.753867 1 1 1 1
 0.753867 1 1 1 1
 0.753867 1 1 1 1
 0.753867 1 1 1 1
 0.753867 1 1 1 1
 0.753867 1 1 1 1
 0.753867 1 1 1 1
 0.753867 1 1 1 1
 0.753867 1 1 1 1
 0.753867 1 1 1 1
 0.753867 1 1 1 1
 0.753867 1 1 1 1
 0.753867 1 1 1 1
 0.753867 1 1 1 1
 0.753867 1 1 1 1
 0.753867 1 1 1 1
 0.753867 1 1 1 1
 0.753867 1 1 1 1
pf_obs 
 0.256992 0.487395 0.22802 0.0275931 0
 0.321318 0.546541 0.124235 0.00734118 0.000564706
 0.182869 0.594174 0.210203 0.0122559 0.00049798
 0.330522 0.361315 0.267642 0.0388342 0.00168674
 0.649043 0.306663 0.0425973 0.00169635 0
 0.582887 0.30429 0.105238 0.00758474 0
 0.465427 0.430635 0.0974691 0.00646863 0
 0.296916 0.608066 0.0921331 0.00288517 0
 0.311714 0.524322 0.152257 0.0117073 0
 0.15457 0.633149 0.183074 0.0267441 0.00246327
 0.131901 0.49318 0.331252 0.0422183 0.00144891
 0.196976 0.569456 0.194076 0.0375587 0.00193317
 0.518974 0.381816 0.0799577 0.0180837 0.00116848
 0.0928022 0.601141 0.25162 0.0475244 0.00691264
 0.122501 0.610282 0.24278 0.0234846 0.000952079
 0.383417 0.481906 0.127806 0.00687128 0
 0.0376549 0.599619 0.316969 0.0457579 0
 0.0361596 0.667082 0.258105 0.0386534 0
 0.158088 0.579412 0.248529 0.0139706 0
 0.0477256 0.309471 0.559284 0.082774 0.000745712
 0.0406174 0.521527 0.379366 0.0568643 0.0016247
 0.151134 0.462217 0.34131 0.0453401 0
 0.294876 0.26143 0.354403 0.0886775 0.000613685
 0.281977 0.475581 0.204845 0.0348837 0.00271318
 0.0841818 0.532909 0.334909 0.0458182 0.00218182
pf_pred 
 0.00717948 0.644797 0.307974 0.0400487 1.68841e-06
 0.0187587 0.0522849 0.664421 0.234409 0.0301259
 0.00700277 0.169689 0.0594708 0.548281 0.215557
 0.114742 0.0931515 0.199678 0.0435818 0.548847
 0.696733 0.195171 0.0166243 0.0233655 0.0681061
 0.0842638 0.874793 0.0293729 0.00179951 0.00977095
 0.572143 0.245368 0.177753 0.00342064 0.00131557
 0.25835 0.711359 0.021234 0.00882725 0.000229753
 0.300385 0.590523 0.106558 0.00178912 0.000744909
 0.413121 0.519514 0.0613438 0.00588475 0.000136216
 0.117501 0.794469 0.0815647 0.00589814 0.000567297
 0.202673 0.524877 0.255973 0.0152918 0.001185
 0.333124 0.54727 0.0923529 0.0256411 0.00161199
 0.272155 0.684089 0.0399293 0.00297808 0.000848414
 0.284666 0.690995 0.0238996 0.000402476 3.65079e-05
 0.32912 0.649326 0.0213453 0.000205438 3.56665e-06
 0.208587 0.715705 0.0744521 0.00124423 1.18372e-05
 0.273378 0.587605 0.131312 0.00758003 0.000124752
 0.24227 0.641342 0.102286 0.013337 0.000765153
 0.281874 0.579187 0.125075 0.0122138 0.00165007
 0.299108 0.594034 0.093775 0.0118032 0.00127904
 0.232574 0.619939 0.131592 0.013976 0.00191872
 0.29932 0.533927 0.144101 0.020246 0.00240475
 0.21317 0.656008 0.109103 0.0188154 0.00290361
 0.00890006 0.749544 0.214248 0.0228432 0.00446511
pobs_RECLAS
 0 0 0 0 0
 0 0 0 0 0
 0 0 0 0 0
 0 0 0 0 0
 0.835266 0.146461 0.0176864 0.000547809 3.91292e-05
 0.385257 0.428462 0.181853 0.0044286 0
 0.867414 0.0963971 0.0333333 0.00285562 0
 0.441836 0.489002 0.0689373 0.000224442 0
 0.779404 0.147425 0.0564933 0.0165055 0.000172143
 0.814271 0.122319 0.05973 0.00367925 0
 0.40263 0.566651 0.0304383 0.000280538 0
 0.475488 0.404961 0.113038 0.00651328 0
 0.955842 0.0263864 0.0167828 0.000988607 0
 0.975058 0.0227948 0.00214734 0 0
 0.738997 0.206755 0.0527124 0.00153531 0
 0.850938 0.134255 0.0134407 0.00136685 0
 0.542534 0.407297 0.0501686 0 0
 0.764087 0.199537 0.0359546 0.000420521 0
 0.470689 0.182191 0.310203 0.0369168 0
 0.84361 0.089868 0.0606195 0.00523954 0.000663233
 0.607945 0.314616 0.071237 0.00620181 0
 0.523733 0.453247 0.0230204 0 0
 0.530135 0.295979 0.169645 0.0042399 0
 0.562478 0.366248 0.0663022 0.0049721 0
 0.250443 0.683176 0.0655157 0.000865301 0
ppred_RECLAS
 0.0188181 0.58354 0.346324 0.0513163 2.23015e-06
 0.0418049 0.0400438 0.630939 0.253613 0.0335988
 0.0165971 0.12951 0.0542679 0.569028 0.230597
 0.228384 0.0611237 0.15884 0.0394565 0.512196
 0.853893 0.0819952 0.00864914 0.0138495 0.0416133
 0.228017 0.730307 0.0285642 0.00198779 0.0111249
 0.801518 0.106136 0.0896105 0.00195885 0.000776517
 0.530751 0.446349 0.0154242 0.00728127 0.000195336
 0.587481 0.340894 0.0697272 0.00132808 0.000569918
 0.682725 0.274403 0.0385648 0.00420672 0.000100369
 0.295915 0.622496 0.0748309 0.00614815 0.000609517
 0.438176 0.349225 0.198085 0.0134409 0.00107356
 0.652016 0.281197 0.0500572 0.0157117 0.00101794
 0.666205 0.316001 0.0160583 0.00134188 0.000393849
 0.686516 0.304301 0.00899795 0.000169628 1.58517e-05
 0.629731 0.357037 0.0130864 0.000142764 2.55454e-06
 0.461658 0.479762 0.0574791 0.00109052 1.06935e-05
 0.538703 0.360593 0.0944075 0.00619206 0.000105041
 0.492174 0.41638 0.0790352 0.011718 0.000692953
 0.549199 0.350896 0.0886943 0.00984051 0.00137031
 0.552208 0.366014 0.0705403 0.0101084 0.00112912
 0.466604 0.41228 0.106428 0.0128665 0.0018208
 0.554059 0.322335 0.104802 0.0167529 0.00205111
 0.44385 0.446281 0.0895104 0.017564 0.00279394
 0.0258203 0.700097 0.239228 0.0290095 0.00584492
pobs_PELACES
 0 0 0 0 0
 0 0 0 0 0
 0 0 0 0 0
 0 0 0 0 0
 0 0 0 0 0
 0 0 0 0 0
 0 0 0 0 0
 0 0 0 0 0
 0 0 0 0 0
 0 0 0 0 0
 0.450072 0.473896 0.0757376 0.000293798 0
 0 0 0 0 0
 0.463077 0.371075 0.160297 0.00555027 0
 0.529543 0.364841 0.0842815 0.0213345 0
 0.631943 0.363953 0.00410389 0 0
 0.735681 0.248677 0.0153453 0.000297389 0
 0.695825 0.281241 0.0229344 0 0
 0.275771 0.60734 0.115278 0.00161068 0
 0 0 0 0 0
 0.896147 0.0623911 0.0374545 0.00400742 0
 0.803859 0.145111 0.0509908 3.86294e-05 0
 0.739449 0.233085 0.0266225 0.000797448 4.60066e-05
 0.878498 0.100942 0.0204185 0.000141795 0
 0.694673 0.275183 0.0284847 0.00165964 0
 0.469039 0.446079 0.0841089 0.000773354 0
ppred_PELACES
 0.0514536 0.679034 0.23882 0.0306907 1.29338e-06
 0.152732 0.0609394 0.56438 0.196681 0.0252668
 0.0841253 0.223129 0.0508654 0.460816 0.181065
 0.607818 0.0587869 0.0850702 0.0182768 0.230049
 0.947614 0.0374947 0.00231518 0.00321346 0.00936276
 0.495588 0.490465 0.0100646 0.00060417 0.00327829
 0.943728 0.03868 0.0171449 0.000323298 0.000124256
 0.792935 0.201916 0.00363265 0.00147874 3.84614e-05
 0.84584 0.139345 0.0144796 0.000237558 9.88327e-05
 0.873097 0.11715 0.00889596 0.00083816 1.93896e-05
 0.585911 0.38757 0.0246069 0.00174447 0.000167677
 0.756208 0.185288 0.0550336 0.00322092 0.000249427
 0.898896 0.0912231 0.00768106 0.0020701 0.000130013
 0.929379 0.0690685 0.00142217 0.000101343 2.88276e-05
 0.936473 0.0627723 0.000742018 1.19217e-05 1.07971e-06
 0.864705 0.132842 0.00243003 2.28172e-05 3.95809e-07
 0.752415 0.23291 0.0144373 0.000236133 2.24489e-06
 0.805303 0.169841 0.0235032 0.00133018 2.18779e-05
 0.760317 0.214685 0.0220163 0.00281942 0.000161656
 0.812777 0.163096 0.0217632 0.00208342 0.000281284
 0.78182 0.194152 0.0211248 0.00261978 0.00028375
 0.726301 0.235579 0.0340675 0.00356306 0.00048891
 0.802298 0.163831 0.0293354 0.0040538 0.000481233
 0.713505 0.253014 0.0279982 0.00474968 0.000732577
 0.0823858 0.758898 0.141051 0.014778 0.00288696
pobs_pel_tallas
 0 0 0 0 0 0 0 0 0 0 0 0 0 0 0 0 0 0 0 0 0 0 0 0 0 0 0 0 0 0 0 0 0 0 0 0
 0 0 0 0 0 0 0 0 0 0 0 0 0 0 0 0 0 0 0 0 0 0 0 0 0 0 0 0 0 0 0 0 0 0 0 0
 0 0 0 0 0 0 0 0 0 0 0 0 0 0 0 0 0 0 0 0 0 0 0 0 0 0 0 0 0 0 0 0 0 0 0 0
 0 0 0 0 0 0 0 0 0 0 0 0 0 0 0 0 0 0 0 0 0 0 0 0 0 0 0 0 0 0 0 0 0 0 0 0
 0 0 0 0 0 0 0 0 0 0 0 0 0 0 0 0 0 0 0 0 0 0 0 0 0 0 0 0 0 0 0 0 0 0 0 0
 0 0 0 0 0 0 0 0 0 0 0 0 0 0 0 0 0 0 0 0 0 0 0 0 0 0 0 0 0 0 0 0 0 0 0 0
 0 0 0 0 0 0 0 0 0 0 0 0 0 0 0 0 0 0 0 0 0 0 0 0 0 0 0 0 0 0 0 0 0 0 0 0
 0 0 0 0 0 0 0 0 0 0 0 0 0 0 0 0 0 0 0 0 0 0 0 0 0 0 0 0 0 0 0 0 0 0 0 0
 0 0 0 0 0 0 0 0 0 0 0 0 0 0 0 0 0 0 0 0 0 0 0 0 0 0 0 0 0 0 0 0 0 0 0 0
 0 0 0 0 0 0 0 0 0 0 0 0 0 0 0 0 0 0 0 0 0 0 0 0 0 0 0 0 0 0 0 0 0 0 0 0
 0 0 0 0 0 0 0 0 1.78061e-05 0.00172719 0.00360574 0.0105946 0.0120993 0.0124554 0.0147524 0.0171206 0.0266825 0.0428682 0.0675386 0.121331 0.153587 0.119568 0.100827 0.0573624 0.0630603 0.0341343 0.0324427 0.0444173 0.0211091 0.0280891 0.0125444 0.00206551 0 0 0 0
 0 0 0 0 0 0 0 0 0 0 0 0 0 0 0 0 0 0 0 0 0 0 0 0 0 0 0 0 0 0 0 0 0 0 0 0
 0 0 0 0 0 0 0.0133647 0.0140871 0.0187388 0.0205184 0.03894 0.0496705 0.03968 0.0493445 0.0407372 0.0367815 0.0215668 0.0243155 0.0234873 0.0199281 0.019796 0.0243948 0.0301388 0.0376714 0.0412746 0.0863199 0.0771752 0.113111 0.0741005 0.0525337 0.0229764 0.00759418 0.00175318 0 0 0
 0 0 0 0 0 0 0 0 0 0 0.00219441 0.00772107 0.0458388 0.0604681 0.0671733 0.0775358 0.0609151 0.0617685 0.073594 0.0568108 0.0755445 0.0548602 0.0670107 0.0636378 0.0643287 0.046367 0.0373049 0.0286899 0.0247887 0.0153202 0.00654259 0.00121912 0.000365735 0 0 0
 0 0 0 0 0 0 0 0 0 0 0 0 0.000112435 0.00938835 0.0111873 0.0202946 0.0414886 0.0713402 0.111592 0.104902 0.108894 0.110636 0.117776 0.105296 0.107544 0.0401394 0.0192827 0.0124803 0.00416011 0.0028671 0.000618394 0 0 0 0 0
 0 0 0 0 0 0 0 0 0 0 0.00291406 0.0102884 0.027416 0.0768956 0.0749926 0.110853 0.0956884 0.0897413 0.0766577 0.0534642 0.0500743 0.0551293 0.0594112 0.0620874 0.0668451 0.0424026 0.0208742 0.0120726 0.0048766 0.00582813 0.00118941 0.000297354 0 0 0 0
 0 0.00264628 0.0354308 0.0461629 0.0458689 0.0383711 0.0214643 0.0164657 0.0346957 0.0420465 0.0363128 0.0245516 0.0311673 0.0291091 0.0169068 0.0133784 0.00837989 0.0085269 0.0148486 0.0160247 0.0276389 0.0546898 0.0760071 0.122758 0.109233 0.0665981 0.0333725 0.0166128 0.00676272 0.00308733 0.000882094 0 0 0 0 0
 0 0 0 0 0 0 0 0.000805153 0.000690131 0.00759144 0.0133425 0.0154129 0.00931677 0.000345066 0.00356568 0.00563607 0.00851162 0.0253048 0.0502646 0.0516448 0.0657925 0.0565908 0.0611916 0.0827007 0.0866115 0.110766 0.145733 0.0935128 0.0569358 0.0249597 0.0138026 0.00621118 0.00161031 0.00115022 0 0
 0 0 0 0 0 0 0 0 0 0 0 0 0 0 0 0 0 0 0 0 0 0 0 0 0 0 0 0 0 0 0 0 0 0 0 0
 0.00147267 0.00158595 0.00478618 0.00569244 0.00954404 0.0108468 0.00647125 0.017049 0.0510054 0.094081 0.124002 0.0959785 0.0687766 0.0820023 0.061753 0.0591476 0.0492212 0.0479892 0.0443925 0.0268479 0.0217502 0.0140895 0.0121071 0.0120363 0.00920419 0.00665534 0.0049561 0.00860946 0.00930331 0.0156896 0.0114698 0.00855282 0.00243557 0.00046729 0 2.83206e-05
 0 0 0 0 0.000772559 0.00158375 0.000888443 0.00281984 0.00712685 0.0440552 0.0773331 0.111326 0.0921469 0.0852325 0.0710754 0.0886704 0.0786465 0.0553345 0.0373146 0.0185414 0.00753245 0.00457741 0.012979 0.0271748 0.0457355 0.0583668 0.034881 0.0177882 0.00938659 0.00492506 0.0015258 0.00185414 0.000309023 5.79419e-05 3.86279e-05 0
 0 0.00173294 0.00326652 0 0.00397197 0.00683976 0.00946217 0.0152591 0.00757587 0.0136028 0.0228656 0.0392903 0.0559909 0.0764795 0.0681675 0.0726916 0.0566044 0.0477403 0.0527397 0.0444891 0.0609904 0.0582453 0.0661739 0.0445044 0.0529084 0.0360697 0.0280645 0.0235558 0.0158879 0.00826598 0.00280645 0.00217768 0.000904811 0.00058276 9.20147e-05 0
 0 0 0 0 0 0 0 0 0 0 0 0 0 0 0 0 0 0 0 0 0 0 0 0 0 0 0 0 0 0 0 0 0 0 0 0
 0 0 0 0 0 0 0 0 0 0 0 0 0 0 0 0 0 0 0 0 0 0 0 0 0 0 0 0 0 0 0 0 0 0 0 0
 0 0 0 0 0 0 0 0 0 0 0 0 0 0 0 0 0 0 0 0 0 0 0 0 0 0 0 0 0 0 0 0 0 0 0 0
ppred_pel_tallas
 1.04666e-16 2.28435e-06 1.33087e-05 6.30571e-05 0.000242428 0.000755679 0.00190953 0.0039126 0.00650627 0.00880035 0.00974165 0.00898572 0.00728986 0.00598631 0.00614585 0.00823738 0.0123313 0.0183723 0.0262307 0.0355912 0.0458476 0.0560988 0.0652646 0.072289 0.0763688 0.0771296 0.0746954 0.0696238 0.0627417 0.054938 0.0469849 0.0394329 0.0325919 0.0265753 0.0213742 0.0169257
 1.15971e-16 6.67611e-06 3.91476e-05 0.000186021 0.000716077 0.00223289 0.0056401 0.0115411 0.0191338 0.0257058 0.0279986 0.024758 0.0178583 0.0107028 0.00573784 0.00350123 0.00337511 0.00464012 0.00692899 0.0101738 0.0144241 0.019717 0.0260102 0.0331498 0.0408567 0.04873 0.0562707 0.0629245 0.0681431 0.0714565 0.0725438 0.0712864 0.0677936 0.0623874 0.0555552 0.0478745
 1.2509e-16 3.68909e-06 2.16013e-05 0.000102582 0.000394778 0.00123091 0.00310936 0.00636404 0.0105564 0.0141993 0.0155106 0.0138218 0.0102011 0.00657626 0.00436584 0.00395006 0.00507267 0.00740048 0.0107476 0.0150246 0.02013 0.0258941 0.0320814 0.0384283 0.0446882 0.0506621 0.0562014 0.0611815 0.0654628 0.0688593 0.0711352 0.0720361 0.0713472 0.0689554 0.0648994 0.0593839
 1.12604e-16 2.65184e-05 0.000155643 0.000739863 0.00284852 0.00888285 0.0224373 0.0459091 0.0760975 0.102191 0.111189 0.0980414 0.0701041 0.0407592 0.0194981 0.00811926 0.00371806 0.00289565 0.00360383 0.00500495 0.00684313 0.00904081 0.0115456 0.0142938 0.0172081 0.0202005 0.023172 0.0260082 0.028576 0.0307258 0.0323021 0.0331633 0.0332062 0.0323879 0.0307391 0.0283651
 1.00594e-16 4.13345e-05 0.000242628 0.0011534 0.00444076 0.0138482 0.0349792 0.0715706 0.118631 0.159301 0.173306 0.152762 0.10912 0.0632139 0.0298011 0.0116301 0.0041038 0.00184534 0.00158177 0.00193521 0.00245288 0.00298682 0.00346111 0.0038182 0.00401823 0.00404629 0.00391514 0.00366047 0.00333056 0.00297387 0.0026287 0.00231767 0.00204772 0.00181422 0.00160682 0.0014149
 1.00477e-16 2.16425e-05 0.000126977 0.000603489 0.0023233 0.00724485 0.0183003 0.0374479 0.0620851 0.083412 0.090857 0.0803521 0.057976 0.034757 0.0185883 0.0111122 0.0101222 0.0129386 0.0178441 0.0239079 0.0304484 0.036737 0.0419764 0.0454261 0.046568 0.045234 0.0416504 0.0363752 0.0301592 0.0237715 0.017849 0.0128074 0.00882361 0.00587706 0.00382094 0.00245479
 1.00274e-16 4.11652e-05 0.000241634 0.00114867 0.00442255 0.0137914 0.0348358 0.0712772 0.118144 0.158648 0.172596 0.152138 0.108677 0.0629639 0.0296955 0.011611 0.00413391 0.00191131 0.00168529 0.00208453 0.00265768 0.00325526 0.0037975 0.00422094 0.00447821 0.00454605 0.00442923 0.00415711 0.00377469 0.00333125 0.00287037 0.00242411 0.00201185 0.00164246 0.0013181 0.00103772
 1.00171e-16 3.45965e-05 0.000203055 0.000965231 0.0037162 0.0115886 0.0292719 0.0598944 0.099282 0.133334 0.145097 0.127993 0.0916357 0.0535078 0.0260199 0.0115457 0.00630939 0.00585851 0.00745084 0.00985565 0.0125309 0.0151149 0.0172681 0.018684 0.0191491 0.0185946 0.0171136 0.0149363 0.012372 0.00973774 0.00729605 0.00521819 0.00357714 0.00236449 0.00151972 0.000960191
 1.00264e-16 3.69009e-05 0.000216589 0.00102959 0.00396401 0.0123614 0.0312239 0.0638878 0.105899 0.142214 0.154743 0.136459 0.0976058 0.056809 0.0272806 0.0115208 0.00547143 0.00436369 0.00527576 0.0069313 0.0088263 0.0106817 0.0122576 0.0133398 0.0137762 0.0135123 0.012603 0.011197 0.00949794 0.00771696 0.00603099 0.00455823 0.00335332 0.0024182 0.00172097 0.00121497
 1.00195e-16 3.80885e-05 0.000223564 0.00106275 0.0040917 0.0127596 0.0322297 0.0659456 0.109309 0.146791 0.159717 0.14083 0.100698 0.058541 0.027985 0.0115989 0.00518172 0.00380268 0.00444485 0.00580137 0.00737607 0.00891699 0.0102193 0.0111031 0.0114416 0.0111909 0.0103996 0.0091952 0.00775139 0.00624739 0.00483284 0.00360686 0.00261407 0.00185393 0.00129702 0.000901446
 1.00544e-16 2.55769e-05 0.000150084 0.000713366 0.00274639 0.00856426 0.0216329 0.0442658 0.0733829 0.0985737 0.107327 0.0948106 0.0681751 0.0404055 0.0207626 0.011106 0.0087485 0.0104706 0.0142475 0.019068 0.0243106 0.0293819 0.0336482 0.036521 0.0375843 0.0366952 0.034019 0.0299825 0.025165 0.0201635 0.0154757 0.0114303 0.00817374 0.00570125 0.00391122 0.00266029
 1.00965e-16 3.29945e-05 0.000193651 0.000920527 0.00354408 0.0110519 0.0279162 0.0571203 0.0946836 0.127158 0.138376 0.122064 0.0873903 0.0510279 0.0248139 0.0110141 0.00603235 0.00563026 0.00720466 0.00959802 0.0123124 0.0150215 0.0174151 0.0192041 0.020173 0.0202266 0.0194089 0.0178836 0.0158889 0.0136782 0.0114702 0.00941855 0.00760663 0.00605947 0.00476514 0.00369502
 1.00217e-16 3.92124e-05 0.000230164 0.00109414 0.00421255 0.0131365 0.0331817 0.0678931 0.112537 0.151123 0.164422 0.144963 0.103617 0.0601647 0.0286242 0.0116272 0.00483623 0.00316645 0.00351217 0.004541 0.00576993 0.00698029 0.00800871 0.00871443 0.00899857 0.00882599 0.00823351 0.00731887 0.00621554 0.00506135 0.0039713 0.00302153 0.00224635 0.00164559 0.00119723 0.000870014
 1.00048e-16 4.05407e-05 0.000237965 0.00113122 0.00435536 0.0135819 0.0343065 0.0701945 0.116351 0.156242 0.169986 0.149853 0.107081 0.0621107 0.0294277 0.0117407 0.00455348 0.0026003 0.00266869 0.00339044 0.00428816 0.00516924 0.00590476 0.00638798 0.00654562 0.00635403 0.00584513 0.0050977 0.00421769 0.00331371 0.0024758 0.00176281 0.00119991 0.000784391 0.000495629 0.000305322
 1.00032e-16 4.08498e-05 0.00023978 0.00113986 0.00438859 0.0136855 0.0345683 0.07073 0.117238 0.157433 0.17128 0.15099 0.107885 0.0625598 0.0296082 0.0117564 0.00447097 0.00244385 0.00243803 0.00307775 0.00388823 0.00468473 0.00534827 0.00578165 0.00591847 0.00573756 0.00526842 0.00458318 0.00377869 0.00295412 0.00219161 0.00154472 0.00103621 0.000663289 0.000406726 0.000240269
 1.00079e-16 3.77232e-05 0.000221418 0.00105255 0.0040524 0.0126371 0.0319202 0.0653123 0.10826 0.145384 0.158189 0.139492 0.0997612 0.0580356 0.0278171 0.0116562 0.00539818 0.0041631 0.00496119 0.0064889 0.00823724 0.00993221 0.0113436 0.0122687 0.0125669 0.012193 0.0112088 0.00976611 0.00806916 0.00632723 0.00471382 0.00334225 0.00226096 0.00146459 0.000913183 0.000551942
 1.0029e-16 3.28309e-05 0.000192686 0.000915932 0.00352637 0.0109966 0.0277767 0.0568353 0.0942125 0.12653 0.137702 0.121493 0.0870351 0.0509269 0.0249621 0.0114119 0.00671217 0.00665148 0.00862933 0.0114618 0.0145975 0.0176376 0.0201935 0.0219104 0.0225382 0.0219914 0.0203701 0.0179314 0.0150245 0.0120091 0.00918513 0.0067508 0.00479435 0.00331286 0.00224483 0.0015034
 1.00436e-16 3.51346e-05 0.000206216 0.000980269 0.00377411 0.0117692 0.0297281 0.0608275 0.100828 0.135407 0.147345 0.129957 0.0930022 0.054225 0.0262187 0.0113807 0.00586435 0.00514181 0.00643299 0.00850858 0.0108559 0.0131595 0.0151318 0.0165113 0.0171107 0.0168595 0.01582 0.0141674 0.0121444 0.0100033 0.00795686 0.0061482 0.00464551 0.00345482 0.00254235 0.00185695
 1.00487e-16 3.31748e-05 0.000194707 0.000925542 0.00356338 0.011112 0.0280682 0.0574316 0.0952002 0.127854 0.139139 0.122751 0.0879116 0.0513916 0.0251004 0.0113251 0.00645673 0.00623568 0.00803652 0.0106745 0.0136144 0.0164835 0.0189231 0.0206049 0.0212952 0.0209092 0.0195313 0.0173893 0.0147953 0.012073 0.00949294 0.00723578 0.00538449 0.00394155 0.00285804 0.00206294
 1.00447e-16 3.54602e-05 0.000208129 0.000989361 0.00380912 0.0118784 0.0300038 0.0613916 0.101763 0.136662 0.148708 0.131155 0.0938488 0.0546976 0.0264078 0.0113954 0.00577437 0.00497228 0.00618309 0.00816953 0.0104218 0.012633 0.0145264 0.0158509 0.0164271 0.0161877 0.0151925 0.0136102 0.0116736 0.00962479 0.00766749 0.00593852 0.00450256 0.00336466 0.00249184 0.00183466
 1.00467e-16 3.41116e-05 0.000200208 0.000951701 0.0036641 0.0114262 0.0288616 0.0590548 0.0978901 0.131465 0.143062 0.126196 0.0903462 0.0527486 0.0256396 0.0113593 0.00618555 0.00573034 0.00729412 0.00967017 0.0123329 0.0149358 0.0171527 0.0186862 0.0193244 0.01899 0.0177583 0.0158339 0.0134983 0.0110428 0.00871171 0.00666809 0.00498729 0.00367226 0.00267978 0.00194677
 1.00706e-16 3.16924e-05 0.000186002 0.000884153 0.00340401 0.0106151 0.0268129 0.0548633 0.090944 0.122141 0.132929 0.11729 0.0840405 0.0492085 0.0241833 0.0111644 0.00671903 0.00678921 0.00886962 0.0118182 0.0150979 0.0183128 0.0210719 0.0230138 0.0238781 0.0235659 0.0221617 0.019906 0.0171325 0.0141886 0.0113671 0.0088649 0.00677612 0.0051096 0.00382001 0.0028386
 1.00632e-16 3.50033e-05 0.000205446 0.000976609 0.00376002 0.0117253 0.0296171 0.0606004 0.100451 0.134901 0.146793 0.129468 0.0926466 0.0540068 0.0260931 0.0112925 0.00577156 0.00501925 0.0062678 0.00829696 0.0106031 0.012881 0.0148535 0.0162677 0.0169405 0.0167991 0.0158973 0.0143964 0.0125223 0.0105114 0.00856366 0.00681469 0.00533103 0.00412217 0.00316162 0.00240737
 1.00678e-16 3.11351e-05 0.000182728 0.000868588 0.00334408 0.0104282 0.0263408 0.0538975 0.0893436 0.119994 0.130597 0.115244 0.0826003 0.0484169 0.0238905 0.0111905 0.0069531 0.00719683 0.00945923 0.0126076 0.016093 0.019496 0.022398 0.0244124 0.0252629 0.0248483 0.0232656 0.0207805 0.0177577 0.0145756 0.0115508 0.00889478 0.00670497 0.00498522 0.00367983 0.00270771
 1.02893e-16 3.63614e-06 2.12381e-05 0.00010074 0.000387489 0.00120803 0.00305222 0.00625119 0.0103845 0.0140141 0.0154293 0.014036 0.0109775 0.00828344 0.00752824 0.00929364 0.0135174 0.0199708 0.0283915 0.0383578 0.0491489 0.0597316 0.0688916 0.0754663 0.0786063 0.0779732 0.0738122 0.0668685 0.0581868 0.0488612 0.0398179 0.0316878 0.0247817 0.0191474 0.0146655 0.0111443
pSPR Fmed_Fpbrs
0.362159   0.409804 0.409804
Fs Fmed_Fpbrs
1.26153   1.005 1.005
SSBpbr Bo_Bmed_Bpbrs
918711  286784  330556 330556
Ro
15994.5
SPR SPRFo_SPRFmed_SPRFpbrs
328892 119111 134781
log_Ro
9.5
likeval ReclasPelacesDesembMPH_pf_preclas_ppelaces_ptallas_desvR_qrecl_qpela
 70.2729 20.9777 0.338247 0.000166729 388.537 197.594 90.7002 0 54.2143 8.29663e-05 0.000163058 0 0 0 0
q_reclas_q_pelaces
3.63542 6.15155
M
0.7
N
 4911.7 53320.5 19386.1 2494.98 0.10515
 6944.91 2405.84 23511.3 8213.04 1055.18
 878.341 3372.99 985.63 9028.33 3548.73
 3279.21 393.63 688.588 149.19 1878.37
 42648.7 1505.62 99.1221 137.973 402.038
 11324.7 20624.9 594.345 36.2202 196.633
 65075.9 4887.35 3037.19 58.1376 22.3557
 56992.3 28103.4 723.92 299.421 7.79194
 65045.4 24399.6 3860.93 64.5384 26.867
 133549 27146.8 2688.37 256.298 5.93138
 51014 59425 5210.28 374.708 36.0338
 48542.8 22168.8 9291.5 552.179 42.7823
 56424.6 20907.4 3208.35 888.035 55.8227
 28969 21863.7 1210.83 90.1592 25.6837
 12842.6 9557.1 314.328 5.28502 0.47937
 10620.7 4177.94 121.697 1.16655 0.02025
 6965.98 4351.51 392.313 6.52423 0.0620596
 8018 2962.99 565.156 32.4447 0.533878
 8147.1 3487.07 466.463 60.4446 3.46704
 10226.7 3624.88 668.748 64.9481 8.77288
 15782 4442.01 564.423 70.4805 7.63553
 18993.9 7350.38 1265.81 133.42 18.3121
 32178 8775.17 1953.14 272.521 32.3618
 31211.4 14605 1999.82 342.479 52.8397
 1062.79 14192.9 3383.09 358.386 70.0383
pred_Ctot
 48.1708 4326.27 2066.35 268.707 0.0113284
 109.844 306.162 3890.62 1372.62 176.407
 61.9759 1501.78 526.328 4852.4 1907.72
 178.629 145.018 310.857 67.8478 854.442
 803.226 225.002 19.1652 26.9368 78.5157
 1075.05 11160.7 374.744 22.9585 124.659
 6149.7 2637.35 1910.59 36.7668 14.1405
 5699.5 15693.4 468.448 194.74 5.06862
 7538.94 14820.7 2674.34 44.9026 18.6954
 10046.4 12633.7 1491.77 143.107 3.31253
 4617.63 31221.5 3205.38 231.789 22.294
 4669.9 12094 5898 352.347 27.3043
 9043.37 14856.8 2507.12 696.083 43.7609
 7158.44 17993.5 1050.25 78.3318 22.3157
 3263.49 7921.77 273.991 4.6141 0.418537
 1350.99 2665.39 87.6194 0.843292 0.0146406
 725.07 2487.87 258.803 4.32507 0.0411474
 721.715 1551.27 346.663 20.0112 0.329345
 613.357 1623.69 258.96 33.7654 1.93715
 928.828 1908.53 412.146 40.2467 5.43731
 707.533 1405.17 221.822 27.9201 3.02553
 955.354 2546.55 540.546 57.4099 7.88159
 2000.42 3568.34 963.058 135.308 16.0714
 1901.28 5850.99 973.099 167.816 25.8976
 75.1347 6327.69 1808.69 192.843 37.6947
F
 0.01372 0.11884 0.158833 0.160609 0.160668
 0.0222095 0.192374 0.257114 0.259989 0.260084
 0.102625 0.888911 1.18806 1.20134 1.20179
 0.0783971 0.679058 0.907582 0.917731 0.918069
 0.0264959 0.229502 0.306736 0.310166 0.31028
 0.140337 1.21557 1.62465 1.64282 1.64342
 0.139663 1.20973 1.61684 1.63492 1.63552
 0.148351 1.28498 1.71742 1.73663 1.73727
 0.173825 1.50563 2.01232 2.03483 2.03558
 0.10975 0.950626 1.27054 1.28475 1.28522
 0.133416 1.15562 1.54452 1.56179 1.56236
 0.142341 1.23293 1.64784 1.66627 1.66688
 0.248079 2.1488 2.87194 2.90405 2.90512
 0.40894 3.54214 4.73418 4.78713 4.78889
 0.422951 3.66351 4.89639 4.95115 4.95297
 0.192283 1.66551 2.22601 2.2509 2.25173
 0.154839 1.34118 1.79253 1.81257 1.81324
 0.132626 1.14878 1.53537 1.55255 1.55312
 0.10984 0.951411 1.27159 1.28581 1.28628
 0.133896 1.15977 1.55007 1.56741 1.56798
 0.0641203 0.555395 0.742303 0.750604 0.75088
 0.0721926 0.625315 0.835753 0.8451 0.84541
 0.0899203 0.778868 1.04098 1.05262 1.05301
 0.0880389 0.762572 1.0192 1.0306 1.03098
 0.102831 0.890696 1.19044 1.20376 1.2042
YTP_r0W_actual
 841.509 139209 59686.7 7925.85 1613.33
YTP_p0W_proyectada
 7167.24 4008.99 43205.3 10025.6 1376.02
 7167.24 54430.6 1679.74 10436.8 2462.06
CTP_r0_actual
 75.1347 6327.69 1808.69 192.843 37.6947
CTP_p0_proyectada
 843.205 187.336 1384.79 246.329 29.5918
 843.205 2543.48 53.8378 256.432 52.9475
Wmedp
 8.5 21.4 31.2 40.7 46.5
nmprior
 10.6 11 7 0
nm_flota  nm_reclas  nm_pelaces    nm_pelaL
inf 15.9075 11.928 25.0921
cv_recla  cv_pelaces  cv_mph
0.758261 0.51934 0.418932
 ------------------------------------------------
Talla a la edad & desviaci?n 
 7.2 14.2025 17.0495 18.207 18.6776
 1.08 2.13037 2.55742 2.73105 2.80164
