    unsorted:	 0.002776555295 0.0008999964449 19.66497112 4.890100898 12.58890509 22.70432125 42.17018512 78.96803058 92.04691663 85.03818443 52.71667906 59.47022742 210.5469395 300.2371836 319.3078983 415.1813782 469.3819727 518.3242521 604.2799914 657.9852916 703.0004363 723.7480976 747.7223225 832.6697597 837.0445849 859.9427215 895.7595487 926.2969239 952.9793266 1013.145257 1064.606071 1092.759158 1340.424607 1384.413148 1564.542752 1681.163714 1830.299516 2429.055089 4777.180621 195714.6708 210038.0141 343792.8415 360877.1126 298185.6584 410940.9814 500250.7213 493321.2955 571266.0984 595515.8740 671652.3398 754216.4758 790905.8480 977591.0068 1122475.257 1222399.536 1427222.919 1645728.580 1718032.804 1877722.969 1920909.714 2218900.012 2308845.977 2430091.526 2543888.958 2857886.039
      sorted:	 0.0008999964449 0.002776555295 4.890100898 12.58890509 19.66497112 22.70432125 42.17018512 52.71667906 59.47022742 78.96803058 85.03818443 92.04691663 210.5469395 300.2371836 319.3078983 415.1813782 469.3819727 518.3242521 604.2799914 657.9852916 703.0004363 723.7480976 747.7223225 832.6697597 837.0445849 859.9427215 895.7595487 926.2969239 952.9793266 1013.145257 1064.606071 1092.759158 1340.424607 1384.413148 1564.542752 1681.163714 1830.299516 2429.055089 4777.180621 195714.6708 210038.0141 298185.6584 343792.8415 360877.1126 410940.9814 493321.2955 500250.7213 571266.0984 595515.8740 671652.3398 754216.4758 790905.8480 977591.0068 1122475.257 1222399.536 1427222.919 1645728.580 1718032.804 1877722.969 1920909.714 2218900.012 2308845.977 2430091.526 2543888.958 2857886.039
