years
 1997 1998 1999 2000 2001 2002 2003 2004 2005 2006 2007 2008 2009 2010 2011 2012 2013 2014 2015 2016 2017 2018 2019 2020 2021
reclasobs
 0 0 0 370054 412103 1.49427e+06 250295 1.28982e+06 931140 785840 897777 1.04006e+06 184774 17550 25797 100020 73551 82996 120727 218422 84188 347160 605670 569463 516374
reclaspred
 456352 136779 480313 343646 440355 516347 1.08537e+06 670830 677024 547119 413847 276873 169728 84657.9 64726.4 68508.2 87709.2 123034 131260 184782 260320 236223 412124 532909 647977
pelacesobs
 0 0 0 0 0 0 0 0 0 2.06254e+06 1.5e+06 0 1.87456e+06 323000 250000 174000 83755 137374 0 501740 490994 745055 786931 1.00524e+06 1.33801e+06
pelacespred
 1.86274e+06 535972 1.06562e+06 1.20379e+06 1.291e+06 1.31367e+06 2.90314e+06 2.41454e+06 2.07742e+06 1.73294e+06 1.19305e+06 820222 498466 215286 158051 175449 231566 325476 364126 491251 758080 689013 939249 1.43243e+06 1.76429e+06
mphobs
 0 0 0 0 0 112323 0 153150 637223 0 255016 313432 73983 77613 109348 50772 0 0 0 0 0 0 0 0 0
mphpred
 162358 116142 155660 219023 204258 283145 424190 475497 378597 343479 286577 198608 123355 66455.2 35896.9 32717 39873.1 56307.9 71251.8 82017.9 119138 137488 172203 247952 348790
desembarqueobs
 350755 77701 442110 56441 14545 235359 269955 359681 431902 328805 639364 411747 362871 311530 167758 66681 60226 58785 57116 73181 50977 67692 138656 160484 209506
desembarquepred
 350765 77704.7 442154 56442.6 14545.1 235390 269979 359718 431986 328880 639830 412137 363411 312192 167886 66700.4 60245.4 58789.8 57116.3 73185.1 50978.6 67691 138662 160492 209510
Reclutas
 95039.6 118963 77906.3 110278 178545 133742 193919 157940 164807 142590 70654.9 42206.5 42897.8 25959.9 21683.7 29417.2 26079.1 30041.2 33959.7 58663.2 73526 94703.4 156051 193070 93985.1
log_desv_Rt
 0.222049 0.446567 0.0232615 0.370757 0.852594 0.563668 0.935196 0.729968 0.772532 0.62773 -0.0744377 -0.58967 -0.573425 -1.07569 -1.25568 -0.950664 -1.07111 -0.929675 -0.807069 -0.260432 -0.0346059 0.218506 0.717938 0.93081 0.210891
SSB
 1.13304e+06 810513 1.0863e+06 1.52849e+06 1.42545e+06 1.97597e+06 2.96028e+06 3.31833e+06 2.6421e+06 2.39702e+06 1.99992e+06 1.38602e+06 860855 463768 250512 228321 278260 392953 497242 572374 831426 959482 1.20175e+06 1.73037e+06 2.43409e+06
BT
 3.90348e+06 1.11852e+06 2.26034e+06 2.28699e+06 2.41997e+06 2.59584e+06 5.63766e+06 4.87633e+06 4.26307e+06 3.52472e+06 2.78388e+06 1.88726e+06 1.27877e+06 701697 441624 383765 483827 654655 722180 977780 1.46206e+06 1.3326e+06 1.8373e+06 2.79962e+06 3.4163e+06
Ftot
 0.253297 0.178631 0.235672 0.0428238 0.00966296 0.10464 0.0656243 0.136616 0.164071 0.148075 0.341374 0.320329 0.494808 0.834842 0.696588 0.269779 0.194409 0.128953 0.108527 0.11252 0.0541731 0.0727693 0.086486 0.0822031 0.0738447
BD_Bspro_t
 0.969505 0.853671 0.838508 0.770677 0.840939 0.906839 0.887616 0.887734 0.844029 0.802452 0.7555 0.615647 0.506898 0.396635 0.284865 0.31221 0.442739 0.613543 0.714757 0.781451 0.848899 0.894224 0.897602 0.901186 0.905058
BD_Bspro
 0.723925 0.517854 0.694058 0.976584 0.910748 1.26249 1.89138 2.12015 1.68809 1.53151 1.27779 0.885556 0.550019 0.296311 0.160058 0.145879 0.177787 0.251066 0.317698 0.365702 0.531216 0.613033 0.767822 1.10557 1.55519
BD_Bo
 0.625823 0.447677 0.600003 0.844243 0.787328 1.0914 1.63507 1.83284 1.45933 1.32397 1.10463 0.76555 0.475483 0.256157 0.138367 0.12611 0.153694 0.217043 0.274646 0.316144 0.459228 0.529958 0.663771 0.95575 1.34444
BD_Brms
 2.24058 1.60278 2.14814 3.02257 2.8188 3.90745 5.85391 6.56195 5.22472 4.74008 3.95482 2.74083 1.70233 0.917095 0.495385 0.451501 0.550256 0.77706 0.983289 1.13186 1.64414 1.89736 2.37644 3.42179 4.81337
S_f
 0.214224 1 1 1 1
 0.214224 1 1 1 1
 0.214224 1 1 1 1
 0.214224 1 1 1 1
 0.214224 1 1 1 1
 0.214224 1 1 1 1
 0.214224 1 1 1 1
 0.214224 1 1 1 1
 0.214224 1 1 1 1
 0.214224 1 1 1 1
 0.214224 1 1 1 1
 0.214224 1 1 1 1
 0.214224 1 1 1 1
 0.214224 1 1 1 1
 0.214224 1 1 1 1
 0.214224 1 1 1 1
 0.214224 1 1 1 1
 0.214224 1 1 1 1
 0.214224 1 1 1 1
 0.214224 1 1 1 1
 0.214224 1 1 1 1
 0.214224 1 1 1 1
 0.214224 1 1 1 1
 0.214224 1 1 1 1
 0.214224 1 1 1 1
Scru_reclas
 1 1 1 1 1
 1 1 1 1 1
 1 1 1 1 1
 1 1 1 1 1
 1 1 1 1 1
 1 1 1 1 1
 1 1 1 1 1
 1 1 1 1 1
 1 1 1 1 1
 1 1 1 1 1
 1 1 1 1 1
 1 1 1 1 1
 1 1 1 1 1
 1 1 1 1 1
 1 1 1 1 1
 1 1 1 1 1
 1 1 1 1 1
 1 1 1 1 1
 1 1 1 1 1
 1 1 1 1 1
 1 1 1 1 1
 1 1 1 1 1
 1 1 1 1 1
 1 1 1 1 1
 1 1 1 1 1
Scru_pelaces
 0.909529 0.980618 0.996088 0.99922 0.999845
 0.909529 0.980618 0.996088 0.99922 0.999845
 0.909529 0.980618 0.996088 0.99922 0.999845
 0.909529 0.980618 0.996088 0.99922 0.999845
 0.909529 0.980618 0.996088 0.99922 0.999845
 0.909529 0.980618 0.996088 0.99922 0.999845
 0.909529 0.980618 0.996088 0.99922 0.999845
 0.909529 0.980618 0.996088 0.99922 0.999845
 0.909529 0.980618 0.996088 0.99922 0.999845
 0.909529 0.980618 0.996088 0.99922 0.999845
 0.909529 0.980618 0.996088 0.99922 0.999845
 0.909529 0.980618 0.996088 0.99922 0.999845
 0.909529 0.980618 0.996088 0.99922 0.999845
 0.909529 0.980618 0.996088 0.99922 0.999845
 0.909529 0.980618 0.996088 0.99922 0.999845
 0.909529 0.980618 0.996088 0.99922 0.999845
 0.909529 0.980618 0.996088 0.99922 0.999845
 0.909529 0.980618 0.996088 0.99922 0.999845
 0.909529 0.980618 0.996088 0.99922 0.999845
 0.909529 0.980618 0.996088 0.99922 0.999845
 0.909529 0.980618 0.996088 0.99922 0.999845
 0.909529 0.980618 0.996088 0.99922 0.999845
 0.909529 0.980618 0.996088 0.99922 0.999845
 0.909529 0.980618 0.996088 0.99922 0.999845
 0.909529 0.980618 0.996088 0.99922 0.999845
pf_obs 
 0.256992 0.487395 0.22802 0.0275931 0
 0.321318 0.546541 0.124235 0.00734118 0.000564706
 0.182869 0.594174 0.210203 0.0122559 0.00049798
 0.330522 0.361315 0.267642 0.0388342 0.00168674
 0.649043 0.306663 0.0425973 0.00169635 0
 0.582887 0.30429 0.105238 0.00758474 0
 0.465427 0.430635 0.0974691 0.00646863 0
 0.296916 0.608066 0.0921331 0.00288517 0
 0.311714 0.524322 0.152257 0.0117073 0
 0.15457 0.633149 0.183074 0.0267441 0.00246327
 0.131901 0.49318 0.331252 0.0422183 0.00144891
 0.196976 0.569456 0.194076 0.0375587 0.00193317
 0.518974 0.381816 0.0799577 0.0180837 0.00116848
 0.0928022 0.601141 0.25162 0.0475244 0.00691264
 0.122501 0.610282 0.24278 0.0234846 0.000952079
 0.383417 0.481906 0.127806 0.00687128 0
 0.0376549 0.599619 0.316969 0.0457579 0
 0.0361596 0.667082 0.258105 0.0386534 0
 0.158088 0.579412 0.248529 0.0139706 0
 0.0477256 0.309471 0.559284 0.082774 0.000745712
 0.0406174 0.521527 0.379366 0.0568643 0.0016247
 0.151134 0.462217 0.34131 0.0453401 0
 0.294876 0.26143 0.354403 0.0886775 0.000613685
 0.281977 0.475581 0.204845 0.0348837 0.00271318
 0.0841818 0.532909 0.334909 0.0458182 0.00218182
pf_pred 
 0.399589 0.423938 0.157839 0.0186259 9.00734e-06
 0.320014 0.528207 0.107168 0.0399004 0.00471077
 0.182878 0.575278 0.187862 0.0381155 0.0158664
 0.259366 0.397894 0.241299 0.0787985 0.0226426
 0.306493 0.433358 0.139761 0.0847567 0.0356313
 0.184597 0.549953 0.165874 0.0534955 0.0460803
 0.255816 0.390963 0.238232 0.0718544 0.0431349
 0.18869 0.505357 0.160735 0.0979432 0.047275
 0.207965 0.424244 0.229093 0.0728658 0.0658317
 0.187821 0.461868 0.18764 0.101326 0.0613449
 0.116953 0.472876 0.233255 0.094763 0.0821531
 0.114528 0.371041 0.27548 0.135886 0.103065
 0.185019 0.334884 0.201176 0.149364 0.129558
 0.177352 0.469402 0.145152 0.0871978 0.120896
 0.243816 0.452475 0.173296 0.0535881 0.076825
 0.334472 0.44949 0.12927 0.0495098 0.0372584
 0.239088 0.552323 0.140879 0.0405157 0.0271948
 0.249907 0.461546 0.209447 0.053423 0.0256766
 0.24457 0.470011 0.175624 0.0796973 0.0300984
 0.327121 0.41264 0.161914 0.0605007 0.0378236
 0.284507 0.504138 0.129612 0.0508582 0.0308842
 0.27416 0.475636 0.176294 0.0453247 0.0285848
 0.324379 0.436098 0.156957 0.0581759 0.0243897
 0.281237 0.50282 0.139387 0.0501669 0.0263898
 0.125478 0.572338 0.211397 0.0586013 0.0321861
pobs_RECLAS
 0 0 0 0 0
 0 0 0 0 0
 0 0 0 0 0
 0 0 0 0 0
 0.835266 0.146461 0.0176864 0.000547809 3.91292e-05
 0.385257 0.428462 0.181853 0.0044286 0
 0.867414 0.0963971 0.0333333 0.00285562 0
 0.441836 0.489002 0.0689373 0.000224442 0
 0.779404 0.147425 0.0564933 0.0165055 0.000172143
 0.814271 0.122319 0.05973 0.00367925 0
 0.40263 0.566651 0.0304383 0.000280538 0
 0.475488 0.404961 0.113038 0.00651328 0
 0.955842 0.0263864 0.0167828 0.000988607 0
 0.975058 0.0227948 0.00214734 0 0
 0.738997 0.206755 0.0527124 0.00153531 0
 0.850938 0.134255 0.0134407 0.00136685 0
 0.542534 0.407297 0.0501686 0 0
 0.764087 0.199537 0.0359546 0.000420521 0
 0.470689 0.182191 0.310203 0.0369168 0
 0.84361 0.089868 0.0606195 0.00523954 0.000663233
 0.607945 0.314616 0.071237 0.00620181 0
 0.523733 0.453247 0.0230204 0 0
 0.530135 0.295979 0.169645 0.0042399 0
 0.562478 0.366248 0.0663022 0.0049721 0
 0.250443 0.683176 0.0655157 0.000865301 0
ppred_RECLAS
 0.759062 0.170121 0.0633389 0.00747437 3.61454e-06
 0.689199 0.241427 0.0489833 0.0182373 0.00215315
 0.514151 0.342052 0.1117 0.0226629 0.00943396
 0.620927 0.203651 0.123502 0.0403308 0.011589
 0.673622 0.203947 0.0657743 0.0398883 0.0167688
 0.515097 0.327046 0.0986418 0.0318126 0.027403
 0.616815 0.201309 0.122667 0.0369982 0.0222104
 0.522265 0.297576 0.0946476 0.0576732 0.0278376
 0.552801 0.239537 0.129351 0.0411415 0.0371699
 0.521008 0.272392 0.110663 0.0597583 0.0361788
 0.386779 0.328383 0.161981 0.065807 0.0570502
 0.380823 0.259455 0.192633 0.0950199 0.0720694
 0.522458 0.196227 0.11788 0.0875204 0.0759149
 0.517658 0.275224 0.085107 0.0511265 0.0708846
 0.612772 0.231704 0.0887417 0.0274415 0.0393407
 0.704282 0.199725 0.0574392 0.021999 0.0165552
 0.597087 0.292462 0.0745973 0.0214536 0.0144
 0.610195 0.239854 0.108845 0.0277626 0.0133435
 0.603085 0.246951 0.0922754 0.0418742 0.0158141
 0.695319 0.186844 0.0733152 0.0273949 0.0171266
 0.650467 0.246282 0.0633183 0.0248452 0.0150876
 0.638909 0.23662 0.087703 0.0225482 0.0142204
 0.692373 0.198567 0.0714664 0.026489 0.0111052
 0.647118 0.246863 0.0684328 0.0246298 0.0129563
 0.401975 0.391383 0.14456 0.0400734 0.0220099
pobs_PELACES
 0 0 0 0 0
 0 0 0 0 0
 0 0 0 0 0
 0 0 0 0 0
 0 0 0 0 0
 0 0 0 0 0
 0 0 0 0 0
 0 0 0 0 0
 0 0 0 0 0
 0 0 0 0 0
 0.450072 0.473896 0.0757376 0.000293798 0
 0 0 0 0 0
 0.463077 0.371075 0.160297 0.00555027 0
 0.529543 0.364841 0.0842815 0.0213345 0
 0.631943 0.363953 0.00410389 0 0
 0.735681 0.248677 0.0153453 0.000297389 0
 0.695825 0.281241 0.0229344 0 0
 0.275771 0.60734 0.115278 0.00161068 0
 0 0 0 0 0
 0.896147 0.0623911 0.0374545 0.00400742 0
 0.803859 0.145111 0.0509908 3.86294e-05 0
 0.739449 0.233085 0.0266225 0.000797448 4.60066e-05
 0.878498 0.100942 0.0204185 0.000141795 0
 0.694673 0.275183 0.0284847 0.00165964 0
 0.469039 0.446079 0.0841089 0.000773354 0
ppred_PELACES
 0.756437 0.171164 0.0647325 0.00766284 3.708e-06
 0.682159 0.245977 0.0506937 0.0189334 0.00223674
 0.509397 0.343717 0.114015 0.0232052 0.00966575
 0.603867 0.211178 0.130087 0.0426148 0.0122529
 0.655968 0.213589 0.0699706 0.0425665 0.017906
 0.501684 0.334233 0.1024 0.0331285 0.0285543
 0.601046 0.207926 0.128698 0.0389393 0.0233903
 0.510687 0.302803 0.0978293 0.0597994 0.0288819
 0.54274 0.242997 0.133289 0.0425275 0.0384462
 0.509938 0.276615 0.114151 0.0618359 0.0374601
 0.38803 0.325103 0.162893 0.0663857 0.0575879
 0.380294 0.25708 0.193881 0.095936 0.0728097
 0.533079 0.189872 0.115861 0.0862921 0.0748963
 0.550883 0.254313 0.0798816 0.0481384 0.0667834
 0.635857 0.216387 0.0841827 0.0261135 0.0374603
 0.702015 0.20014 0.0584667 0.0224629 0.0169149
 0.589978 0.29625 0.0767554 0.0221437 0.0148725
 0.598665 0.245371 0.113105 0.02894 0.0139181
 0.5902 0.253334 0.0961537 0.0437714 0.016541
 0.684049 0.192484 0.0767198 0.0287572 0.0179895
 0.635259 0.255706 0.0667782 0.0262853 0.015972
 0.624448 0.244679 0.0921209 0.0237585 0.0149931
 0.679705 0.205509 0.0751318 0.0279351 0.0117188
 0.633524 0.255071 0.0718237 0.0259315 0.0136495
 0.387189 0.398744 0.149602 0.0416016 0.0228635
pobs_pel_tallas
 0 0 0 0 0 0 0 0 0 0 0 0 0 0 0 0 0 0 0 0 0 0 0 0 0 0 0 0 0 0 0 0 0 0 0 0
 0 0 0 0 0 0 0 0 0 0 0 0 0 0 0 0 0 0 0 0 0 0 0 0 0 0 0 0 0 0 0 0 0 0 0 0
 0 0 0 0 0 0 0 0 0 0 0 0 0 0 0 0 0 0 0 0 0 0 0 0 0 0 0 0 0 0 0 0 0 0 0 0
 0 0 0 0 0 0 0 0 0 0 0 0 0 0 0 0 0 0 0 0 0 0 0 0 0 0 0 0 0 0 0 0 0 0 0 0
 0 0 0 0 0 0 0 0 0 0 0 0 0 0 0 0 0 0 0 0 0 0 0 0 0 0 0 0 0 0 0 0 0 0 0 0
 0 0 0 0 0 0 0 0 0 0 0 0 0 0 0 0 0 0 0 0 0 0 0 0 0 0 0 0 0 0 0 0 0 0 0 0
 0 0 0 0 0 0 0 0 0 0 0 0 0 0 0 0 0 0 0 0 0 0 0 0 0 0 0 0 0 0 0 0 0 0 0 0
 0 0 0 0 0 0 0 0 0 0 0 0 0 0 0 0 0 0 0 0 0 0 0 0 0 0 0 0 0 0 0 0 0 0 0 0
 0 0 0 0 0 0 0 0 0 0 0 0 0 0 0 0 0 0 0 0 0 0 0 0 0 0 0 0 0 0 0 0 0 0 0 0
 0 0 0 0 0 0 0 0 0 0 0 0 0 0 0 0 0 0 0 0 0 0 0 0 0 0 0 0 0 0 0 0 0 0 0 0
 0 0 0 0 0 0 0 0 1.78061e-05 0.00172719 0.00360574 0.0105946 0.0120993 0.0124554 0.0147524 0.0171206 0.0266825 0.0428682 0.0675386 0.121331 0.153587 0.119568 0.100827 0.0573624 0.0630603 0.0341343 0.0324427 0.0444173 0.0211091 0.0280891 0.0125444 0.00206551 0 0 0 0
 0 0 0 0 0 0 0 0 0 0 0 0 0 0 0 0 0 0 0 0 0 0 0 0 0 0 0 0 0 0 0 0 0 0 0 0
 0 0 0 0 0 0 0.0133647 0.0140871 0.0187388 0.0205184 0.03894 0.0496705 0.03968 0.0493445 0.0407372 0.0367815 0.0215668 0.0243155 0.0234873 0.0199281 0.019796 0.0243948 0.0301388 0.0376714 0.0412746 0.0863199 0.0771752 0.113111 0.0741005 0.0525337 0.0229764 0.00759418 0.00175318 0 0 0
 0 0 0 0 0 0 0 0 0 0 0.00219441 0.00772107 0.0458388 0.0604681 0.0671733 0.0775358 0.0609151 0.0617685 0.073594 0.0568108 0.0755445 0.0548602 0.0670107 0.0636378 0.0643287 0.046367 0.0373049 0.0286899 0.0247887 0.0153202 0.00654259 0.00121912 0.000365735 0 0 0
 0 0 0 0 0 0 0 0 0 0 0 0 0.000112435 0.00938835 0.0111873 0.0202946 0.0414886 0.0713402 0.111592 0.104902 0.108894 0.110636 0.117776 0.105296 0.107544 0.0401394 0.0192827 0.0124803 0.00416011 0.0028671 0.000618394 0 0 0 0 0
 0 0 0 0 0 0 0 0 0 0 0.00291406 0.0102884 0.027416 0.0768956 0.0749926 0.110853 0.0956884 0.0897413 0.0766577 0.0534642 0.0500743 0.0551293 0.0594112 0.0620874 0.0668451 0.0424026 0.0208742 0.0120726 0.0048766 0.00582813 0.00118941 0.000297354 0 0 0 0
 0 0.00264628 0.0354308 0.0461629 0.0458689 0.0383711 0.0214643 0.0164657 0.0346957 0.0420465 0.0363128 0.0245516 0.0311673 0.0291091 0.0169068 0.0133784 0.00837989 0.0085269 0.0148486 0.0160247 0.0276389 0.0546898 0.0760071 0.122758 0.109233 0.0665981 0.0333725 0.0166128 0.00676272 0.00308733 0.000882094 0 0 0 0 0
 0 0 0 0 0 0 0 0.000805153 0.000690131 0.00759144 0.0133425 0.0154129 0.00931677 0.000345066 0.00356568 0.00563607 0.00851162 0.0253048 0.0502646 0.0516448 0.0657925 0.0565908 0.0611916 0.0827007 0.0866115 0.110766 0.145733 0.0935128 0.0569358 0.0249597 0.0138026 0.00621118 0.00161031 0.00115022 0 0
 0 0 0 0 0 0 0 0 0 0 0 0 0 0 0 0 0 0 0 0 0 0 0 0 0 0 0 0 0 0 0 0 0 0 0 0
 0.00147267 0.00158595 0.00478618 0.00569244 0.00954404 0.0108468 0.00647125 0.017049 0.0510054 0.094081 0.124002 0.0959785 0.0687766 0.0820023 0.061753 0.0591476 0.0492212 0.0479892 0.0443925 0.0268479 0.0217502 0.0140895 0.0121071 0.0120363 0.00920419 0.00665534 0.0049561 0.00860946 0.00930331 0.0156896 0.0114698 0.00855282 0.00243557 0.00046729 0 2.83206e-05
 0 0 0 0 0.000772559 0.00158375 0.000888443 0.00281984 0.00712685 0.0440552 0.0773331 0.111326 0.0921469 0.0852325 0.0710754 0.0886704 0.0786465 0.0553345 0.0373146 0.0185414 0.00753245 0.00457741 0.012979 0.0271748 0.0457355 0.0583668 0.034881 0.0177882 0.00938659 0.00492506 0.0015258 0.00185414 0.000309023 5.79419e-05 3.86279e-05 0
 0 0.00173294 0.00326652 0 0.00397197 0.00683976 0.00946217 0.0152591 0.00757587 0.0136028 0.0228656 0.0392903 0.0559909 0.0764795 0.0681675 0.0726916 0.0566044 0.0477403 0.0527397 0.0444891 0.0609904 0.0582453 0.0661739 0.0445044 0.0529084 0.0360697 0.0280645 0.0235558 0.0158879 0.00826598 0.00280645 0.00217768 0.000904811 0.00058276 9.20147e-05 0
 0 0 0 0 0 0 0 0 0 0 0 0 0 0 0 0 0 0 0 0 0 0 0 0 0 0 0 0 0 0 0 0 0 0 0 0
 0 0 0 0 0 0 0 0 0 0 0 0 0 0 0 0 0 0 0 0 0 0 0 0 0 0 0 0 0 0 0 0 0 0 0 0
 0 0 0 0 0 0 0 0 0 0 0 0 0 0 0 0 0 0 0 0 0 0 0 0 0 0 0 0 0 0 0 0 0 0 0 0
ppred_pel_tallas
 1.01239e-16 3.30039e-05 0.000193707 0.000920799 0.00354513 0.0110552 0.0279244 0.0571371 0.094711 0.127194 0.138412 0.122088 0.0873923 0.0509979 0.0247414 0.0108847 0.00582602 0.00532431 0.00677864 0.00904065 0.0116288 0.0142387 0.0165841 0.0183959 0.0194697 0.0197084 0.0191396 0.0178999 0.0161939 0.0142426 0.0122389 0.0103214 0.00856978 0.00701552 0.00566018 0.00449191
 1.01555e-16 2.97681e-05 0.000174703 0.000830436 0.00319718 0.00997008 0.0251837 0.05153 0.0854193 0.114724 0.124864 0.110189 0.0789872 0.0463196 0.0228947 0.0107919 0.00680155 0.00712471 0.00941487 0.0125961 0.0161485 0.0196728 0.0227657 0.0250498 0.0262474 0.0262431 0.0251069 0.0230673 0.0204475 0.0175864 0.01477 0.0121923 0.00994882 0.00805575 0.00648112 0.00517422
 1.0298e-16 2.22389e-05 0.000130491 0.000620226 0.00238779 0.00744599 0.0188082 0.038486 0.0638019 0.0857054 0.0933207 0.0824492 0.0593116 0.0352038 0.0181876 0.00989386 0.00800503 0.009745 0.0133787 0.0180524 0.0232468 0.028458 0.0331332 0.0367399 0.0388746 0.0393499 0.0382292 0.0357922 0.0324521 0.0286503 0.0247667 0.0210676 0.0176982 0.0147067 0.0120832 0.00979532
 1.03953e-16 2.63529e-05 0.000154656 0.000735136 0.00283026 0.00882587 0.0222935 0.0456162 0.0756164 0.101558 0.110536 0.0975489 0.0699343 0.0410281 0.0203144 0.00964198 0.00618207 0.00659006 0.00881352 0.0119304 0.0155136 0.01924 0.0227729 0.0257791 0.0279878 0.029242 0.0295205 0.0289232 0.0276279 0.0258368 0.0237319 0.021451 0.0190871 0.0167021 0.0143446 0.0120633
 1.03363e-16 2.86246e-05 0.000167993 0.000798543 0.0030744 0.0095872 0.0242166 0.0495509 0.0821381 0.110315 0.120061 0.105941 0.0759202 0.0444777 0.0219049 0.010196 0.0062611 0.00644938 0.00851547 0.0114476 0.0147809 0.0181751 0.021288 0.0237929 0.0254397 0.0261069 0.0258209 0.0247355 0.0230806 0.0210998 0.0189975 0.0169118 0.0149129 0.0130217 0.0112353 0.00954849
 1.04036e-16 2.19021e-05 0.000128515 0.000610834 0.00235163 0.00733323 0.0185234 0.0379032 0.0628355 0.084407 0.091906 0.0811971 0.0584062 0.0346571 0.0178882 0.00970428 0.00782196 0.00950727 0.0130534 0.0176243 0.0227166 0.0278445 0.0324761 0.0360992 0.038326 0.0389765 0.0381103 0.0359932 0.0330151 0.0295883 0.0260619 0.0226738 0.0195455 0.0167095 0.014149 0.0118335
 1.04326e-16 2.62297e-05 0.000153933 0.0007317 0.00281704 0.00878462 0.0221893 0.045403 0.0752629 0.101083 0.110019 0.0970912 0.0696037 0.0408293 0.0202069 0.00957612 0.00612074 0.00651173 0.00870708 0.0117911 0.0153422 0.0190435 0.022565 0.0255802 0.0278231 0.0291386 0.0295039 0.0290137 0.027838 0.0261696 0.0241807 0.0220002 0.0197143 0.0173798 0.0150436 0.0127549
 1.04892e-16 2.22933e-05 0.000130815 0.000621774 0.00239376 0.00746463 0.0188553 0.0385819 0.0639597 0.0859138 0.0935381 0.0826186 0.059384 0.0351478 0.0179774 0.00949101 0.00734997 0.00876275 0.0119951 0.0162163 0.0209534 0.0257686 0.030185 0.0337416 0.0360849 0.0370429 0.036654 0.0351362 0.0328148 0.0300338 0.0270815 0.0241511 0.0213399 0.0186753 0.0161516 0.0137605
 1.05229e-16 2.36887e-05 0.000139012 0.000660756 0.00254387 0.00793276 0.0200376 0.0410007 0.0679672 0.0912901 0.0993734 0.0877299 0.0629648 0.0370804 0.0186227 0.00927956 0.00653551 0.00740566 0.0100525 0.0136331 0.017723 0.0219679 0.0259863 0.0294013 0.0319095 0.0333397 0.0336778 0.0330465 0.0316548 0.029734 0.0274855 0.0250543 0.0225295 0.0199626 0.0173923 0.0148615
 1.05586e-16 2.22597e-05 0.000130619 0.000620851 0.00239022 0.00745358 0.0188273 0.0385246 0.0638639 0.0857831 0.0933902 0.082475 0.0592526 0.0350136 0.0178056 0.0092354 0.00696029 0.00818984 0.011198 0.0151727 0.0196719 0.0242992 0.0286225 0.0322191 0.0347575 0.0360636 0.0361475 0.0351773 0.0334173 0.0311506 0.0286161 0.025976 0.0233175 0.0206759 0.0180671 0.0155112
 1.07391e-16 1.69459e-05 9.94185e-05 0.000472507 0.00181904 0.00567238 0.0143282 0.0293195 0.0486079 0.0653024 0.0711233 0.0628819 0.045332 0.0271015 0.0143634 0.00840074 0.00749332 0.00956928 0.0133375 0.0181557 0.0236061 0.0292508 0.0345887 0.0391207 0.0424472 0.0443468 0.0448074 0.0439993 0.0422046 0.0397313 0.0368428 0.0337224 0.0304763 0.02716 0.0238133 0.0204853
 1.09535e-16 1.66059e-05 9.74283e-05 0.00046306 0.00178269 0.00555903 0.0140418 0.028733 0.047634 0.0639891 0.0696801 0.0615754 0.0443239 0.0263667 0.0137352 0.00766603 0.00645653 0.00807077 0.0112591 0.0154368 0.0202705 0.0254319 0.0305389 0.035196 0.0390638 0.041918 0.0436749 0.0443749 0.0441375 0.043106 0.0414067 0.0391325 0.0363531 0.0331375 0.0295766 0.0257939
 1.08172e-16 2.32651e-05 0.00013653 0.00064897 0.00249851 0.00779132 0.0196803 0.0402692 0.0667532 0.0896554 0.0975832 0.0861237 0.061756 0.0362563 0.0180018 0.00863229 0.00566093 0.00614867 0.00830016 0.0113204 0.0148529 0.0186322 0.0223779 0.0258065 0.028679 0.0308423 0.0322456 0.0329256 0.03297 0.0324756 0.0315174 0.0301388 0.0283622 0.0262105 0.0237286 0.0209947
 1.05992e-16 2.4044e-05 0.000141098 0.00067067 0.00258204 0.00805179 0.0203383 0.041616 0.0689872 0.0926604 0.100866 0.0890488 0.0639144 0.0376453 0.0189157 0.00943799 0.00665665 0.00753709 0.0102062 0.013797 0.0178658 0.0220406 0.025927 0.0291444 0.0313999 0.0325486 0.0326153 0.0317685 0.0302596 0.0283493 0.0262481 0.0240873 0.021922 0.0197568 0.0175801 0.0153903
 1.03914e-16 2.77478e-05 0.000162845 0.000774069 0.00298017 0.00929333 0.0234743 0.0480321 0.0796209 0.106936 0.116386 0.102704 0.0736147 0.0431556 0.0213074 0.0100089 0.00627145 0.00656198 0.00870786 0.0117286 0.0151693 0.0186907 0.021948 0.0246095 0.0264185 0.0272456 0.0271093 0.0261549 0.0246047 0.0226957 0.0206279 0.0185367 0.0164931 0.0145212 0.0126239 0.0108037
 1.02458e-16 3.0632e-05 0.000179779 0.000854579 0.00329016 0.01026 0.0259161 0.053028 0.0879011 0.118052 0.128474 0.113347 0.0811877 0.0474838 0.0232361 0.0105629 0.00614153 0.00605053 0.00787985 0.0105506 0.0135832 0.0166447 0.0194093 0.0215699 0.0228951 0.0232784 0.0227569 0.0214907 0.0197141 0.0176739 0.0155784 0.0135685 0.0117151 0.0100355 0.00851766 0.00714217
 1.02642e-16 2.57506e-05 0.000151112 0.000718273 0.00276531 0.00862329 0.0217819 0.04457 0.0738847 0.09924 0.108032 0.0953857 0.0684843 0.0403801 0.0203681 0.0102873 0.00740294 0.00846071 0.01144 0.0153841 0.0197754 0.0241623 0.0280664 0.0310331 0.0327233 0.0329877 0.0318955 0.0297034 0.0267802 0.0235148 0.0202362 0.0171685 0.0144245 0.0120291 0.00995543 0.00815861
 1.03331e-16 2.61274e-05 0.000153329 0.000728821 0.00280594 0.00875 0.0221019 0.0452244 0.074968 0.100691 0.109599 0.0967409 0.0693957 0.0407938 0.0203494 0.00990864 0.0066788 0.00734975 0.00988072 0.0133353 0.0172499 0.0212492 0.0249389 0.0279358 0.0299401 0.0307961 0.0305174 0.0292656 0.0272951 0.0248842 0.0222757 0.0196453 0.0170973 0.0146821 0.0124205 0.0103252
 1.03725e-16 2.57586e-05 0.000151163 0.000718522 0.00276628 0.00862634 0.0217896 0.0445853 0.0739089 0.0992691 0.108055 0.0953835 0.068435 0.0402553 0.0201292 0.00988121 0.00676216 0.0075111 0.0101153 0.0136461 0.0176359 0.0217007 0.0254361 0.0284516 0.0304456 0.0312672 0.030941 0.0296436 0.0276439 0.0252305 0.0226499 0.0200733 0.0175942 0.0152486 0.0130434 0.0109799
 1.02981e-16 2.98483e-05 0.000175179 0.00083271 0.00320596 0.00999746 0.0252528 0.0516709 0.0856515 0.115031 0.125186 0.110446 0.0791109 0.0462707 0.022646 0.0103025 0.00600486 0.00593605 0.00775345 0.0104134 0.0134569 0.0165685 0.0194366 0.0217638 0.0233199 0.0239885 0.0237859 0.0228432 0.0213617 0.0195577 0.0176163 0.0156661 0.013778 0.0119802 0.0102794 0.00867903
 1.02681e-16 2.77234e-05 0.000162698 0.000773361 0.00297743 0.00928478 0.0234527 0.0479883 0.0795493 0.106843 0.116293 0.102643 0.0736152 0.0432448 0.0215161 0.0103801 0.00686363 0.00744239 0.00993846 0.0133467 0.0171668 0.0209981 0.0244272 0.0270626 0.0286115 0.0289433 0.0281138 0.0263386 0.0239288 0.0212113 0.0184619 0.0158668 0.0135184 0.0114365 0.00959925 0.00797239
 1.02905e-16 2.72516e-05 0.000159929 0.000760199 0.00292675 0.00912676 0.0230536 0.0471715 0.0781953 0.105024 0.114312 0.100893 0.0723556 0.0424966 0.0211291 0.0101708 0.00669975 0.0072546 0.00970007 0.0130571 0.0168455 0.0206843 0.0241781 0.0269478 0.0287023 0.0292998 0.028772 0.0273008 0.0251608 0.0226469 0.0200128 0.0174369 0.0150177 0.0127926 0.010764 0.0089237
 1.02641e-16 2.96594e-05 0.000174069 0.00082743 0.00318562 0.00993404 0.0250927 0.0513433 0.0851089 0.114304 0.124398 0.109758 0.078635 0.0460262 0.0225894 0.0103827 0.00619661 0.00624153 0.00818823 0.0109918 0.0141812 0.0174213 0.0203784 0.0227346 0.024246 0.0247936 0.0244028 0.0232244 0.0214857 0.01943 0.0172658 0.0151383 0.0131268 0.0112603 0.00954084 0.00796298
 1.02632e-16 2.76477e-05 0.000162254 0.000771249 0.0029693 0.00925943 0.0233887 0.0478573 0.0793321 0.106551 0.115976 0.102363 0.0734153 0.0431289 0.0214613 0.0103587 0.00685667 0.00744123 0.00994122 0.0133551 0.0171844 0.0210298 0.0244787 0.0271392 0.0287171 0.0290791 0.0282775 0.0265237 0.0241251 0.0214063 0.0186423 0.0160204 0.0136364 0.0115141 0.0096363 0.00797295
 1.04752e-16 1.69124e-05 9.92144e-05 0.000471522 0.00181522 0.00566044 0.0142982 0.0292585 0.0485089 0.0651756 0.0710016 0.0628132 0.045367 0.0272911 0.0147702 0.00911196 0.00862469 0.0112527 0.0156952 0.0212639 0.0274563 0.0337176 0.039416 0.0439352 0.0468014 0.0477832 0.0469319 0.0445438 0.0410653 0.0369763 0.0326896 0.0284948 0.0245527 0.0209235 0.0176117 0.0146046
pSPR Fmed_Fpbrs
0.787146   0.329313 0.329313
Fs Fmed_Fpbrs
0.141034   1.005 1.005
SSBpbr Bo_Bmed_Bpbrs
1.81049e+06  1.33459e+06  505692 505692
Ro
76115
SPR SPRFo_SPRFmed_SPRFpbrs
1.56514e+06 1.23199e+06 515420
log_Ro
11.06
likeval ReclasPelacesDesembMPH_pf_preclas_ppelaces_ptallas_desvR_qrecl_qpela
 64.5723 24.5495 0.0453413 0.000217528 322.967 206.345 79.6326 0 17.1602 0.000134237 0 0 0 0 0
q_reclas_q_pelaces
0.193632 1
M
0.7
N
 95039.6 23529.1 8760.28 1033.77 0.49992
 118963 44702.6 9069.73 3376.81 398.676
 77906.3 56857.3 18567.3 3767.13 1568.15
 110278 36782.4 22306.4 7284.35 2093.15
 178545 54262.2 17499.9 10612.7 4461.52
 133742 88479.3 26686.7 8606.63 7413.64
 193919 64942.1 39572.3 11935.6 7165.05
 157940 94953 30200.9 18402.8 8882.63
 164807 76168.4 41131.2 13082.3 11819.4
 142590 79014.3 32100.6 17334.4 10494.6
 70654.9 68597.3 33837 13746.7 11917.5
 42206.5 32611.9 24212.8 11943.4 9058.67
 42897.8 19569.1 11755.8 8728.13 7570.76
 25959.9 19159.9 5924.79 3559.22 4934.69
 21683.7 10780.2 4128.76 1276.73 1830.35
 29417.2 9275.1 2667.45 1021.62 768.815
 26079.1 13787.8 3516.81 1011.41 678.874
 30041.2 12422.2 5637.15 1437.85 691.07
 33959.7 14511.6 5422.37 2460.65 929.286
 58663.2 16476.4 6465.1 2415.74 1510.26
 73526 28437.5 7311.19 2868.81 1742.12
 94703.4 36090.6 13377 3439.18 2168.98
 156051 46300.9 16664.2 6176.59 2589.47
 193070 76070.1 21087.4 7589.6 3992.43
 93985.1 94202.4 34794.3 9645.32 5297.59
pred_Ctot
 3621.29 3841.96 1430.42 168.799 0.0816295
 3219.15 5313.46 1078.05 401.375 47.3876
 2766.48 8702.51 2841.88 576.591 240.019
 724.617 1111.64 674.142 220.147 63.259
 265.556 375.475 121.093 73.436 30.8722
 2134.84 6360.14 1918.31 618.668 532.913
 1948.43 2977.79 1814.51 547.282 328.539
 3281.58 8788.86 2795.4 1703.37 822.177
 4101.83 8367.66 4518.57 1437.18 1298.44
 3207.7 7888.01 3204.61 1730.5 1047.68
 3598.49 14549.7 7176.94 2915.73 2527.74
 2021.06 6547.69 4861.35 2397.95 1818.77
 3121.85 5650.55 3394.47 2520.23 2186.04
 3089.05 8175.85 2528.21 1518.78 2105.71
 2180.44 4046.46 1549.78 479.235 687.041
 1191.97 1601.87 460.686 176.441 132.78
 766.899 1771.64 451.884 129.958 87.2303
 589.594 1088.9 494.139 126.038 60.5776
 562.01 1080.06 403.575 183.141 69.1646
 1006.18 1269.22 498.024 186.091 116.34
 610.513 1081.81 278.131 109.135 66.2733
 1054.44 1829.32 678.038 174.322 109.939
 2062.32 2772.6 997.892 369.868 155.063
 2426.19 4337.75 1202.47 432.782 227.661
 1061.8 4843.12 1788.84 495.884 272.359
F
 0.0542624 0.253297 0.253297 0.253297 0.253297
 0.038267 0.178631 0.178631 0.178631 0.178631
 0.0504867 0.235672 0.235672 0.235672 0.235672
 0.00917389 0.0428238 0.0428238 0.0428238 0.0428238
 0.00207004 0.00966296 0.00966296 0.00966296 0.00966296
 0.0224164 0.10464 0.10464 0.10464 0.10464
 0.0140583 0.0656243 0.0656243 0.0656243 0.0656243
 0.0292664 0.136616 0.136616 0.136616 0.136616
 0.035148 0.164071 0.164071 0.164071 0.164071
 0.0317212 0.148075 0.148075 0.148075 0.148075
 0.0731305 0.341374 0.341374 0.341374 0.341374
 0.0686222 0.320329 0.320329 0.320329 0.320329
 0.106 0.494808 0.494808 0.494808 0.494808
 0.178843 0.834842 0.834842 0.834842 0.834842
 0.149226 0.696588 0.696588 0.696588 0.696588
 0.0577931 0.269779 0.269779 0.269779 0.269779
 0.041647 0.194409 0.194409 0.194409 0.194409
 0.0276248 0.128953 0.128953 0.128953 0.128953
 0.0232492 0.108527 0.108527 0.108527 0.108527
 0.0241045 0.11252 0.11252 0.11252 0.11252
 0.0116052 0.0541731 0.0541731 0.0541731 0.0541731
 0.0155889 0.0727693 0.0727693 0.0727693 0.0727693
 0.0185274 0.086486 0.086486 0.086486 0.086486
 0.0176099 0.0822031 0.0822031 0.0822031 0.0822031
 0.0158193 0.0738447 0.0738447 0.0738447 0.0738447
YTP_r0W_actual
 11892.1 106549 59031.7 20380.8 11657
YTP_p0W_proyectada
 88405.6 474146 653816 315022 145790
 88405.6 304752 125655 155033 77314.6
CTP_r0_actual
 1061.8 4843.12 1788.84 495.884 272.359
CTP_p0_proyectada
 10400.7 22156.4 20955.6 7740.11 3135.28
 10400.7 14240.7 4027.41 3809.16 1662.68
Wmedp
 8.5 21.4 31.2 40.7 46.5
nmprior
 10.6 11 7 0
nm_flota  nm_reclas  nm_pelaces    nm_pelaL
inf 11.5855 19.8854 48.7636
cv_recla  cv_pelaces  cv_mph
0.726855 0.561815 0.478515
 ------------------------------------------------
Talla a la edad & desviaci?n 
 7.2 14.2025 17.0495 18.207 18.6776
 1.08 2.13037 2.55742 2.73105 2.80164
