years
 1997 1998 1999 2000 2001 2002 2003 2004 2005 2006 2007 2008 2009 2010 2011 2012 2013 2014 2015 2016 2017 2018 2019 2020 2021
reclasobs
 0 0 0 370054 412103 1.49427e+06 250295 1.28982e+06 931140 785840 897777 1.04006e+06 184774 17550 25797 100020 73551 82996 120727 218422 84188 347160 605670 569463 516374
reclaspred
 1.52767e+06 320006 553999 157257 230615 318167 844328 541487 1.20698e+06 1.49684e+06 1.02766e+06 597053 459616 257086 135978 132814 149198 149659 106344 239373 506717 354414 503242 750961 787493
pelacesobs
 0 0 0 0 0 0 0 0 0 2.06254e+06 1.5e+06 0 1.87456e+06 323000 250000 174000 83755 137374 0 501740 490994 745055 786931 1.00524e+06 1.33801e+06
pelacespred
 1.09107e+06 368660 157742 113427 133245 132884 489996 329649 725366 904095 524179 318808 248251 115311 57406.1 64561.7 72833.9 75294.8 54776 121645 263509 225050 231981 373602 394607
mphobs
 0 0 0 0 0 112323 0 153150 637223 0 255016 313432 73983 77613 109348 50772 0 0 0 0 0 0 0 0 0
mphpred
 1.08061e+06 673670 398195 226772 121972 314520 425497 750704 592882 1.47627e+06 1.18245e+06 616043 434487 331202 143473 101080 132851 126427 118617 104172 387074 390344 337250 565378 738879
desembarqueobs
 350755 77701 442110 56441 14545 235359 269955 359681 431902 328805 639364 411747 362871 311530 167758 66681 60226 58785 57116 73181 50977 67692 138656 160484 209506
desembarquepred
 350642 77658.2 441072 56433.6 14540.9 234897 269885 358330 431395 328243 637684 411258 361950 310093 167052 66580.9 60097.9 58507.6 56862.4 73023.1 50872.8 67555 138444 160284 209594
Reclutas
 83705.4 24269.9 2151.89 629.325 55740.2 16999.9 106781 14205.8 269148 84125.7 19209.6 57882.2 78088.7 19851.1 14325.9 22680.3 6494.33 9420.84 1963.36 56317.7 22275.1 15764.7 82897.1 67509.6 3408.57
log_desv_Rt
 1.35506 0.116991 -2.3059 -3.53535 0.948458 -0.239038 1.59854 -0.418596 2.52302 1.36007 -0.116833 0.986165 1.2856 -0.0839845 -0.410177 0.049254 -1.20131 -0.82932 -2.39759 0.958765 0.0312249 -0.31447 1.34535 1.14003 -1.84595
SSB
 1.08061e+06 673670 398195 226772 121972 314520 425497 750704 592882 1.47627e+06 1.18245e+06 616043 434487 331202 143473 101080 132851 126427 118617 104172 387074 390344 337250 565378 738879
BT
 3.53296e+06 820190 528220 271179 394607 436527 1.75874e+06 1.02379e+06 2.70614e+06 2.16815e+06 1.56589e+06 1.11362e+06 977462 523256 276098 212271 198517 214588 152821 434613 598501 490750 645207 946578 884989
Ftot
 0.222228 0.234289 0.732442 0.343141 0.0616337 0.68478 0.308713 0.617678 0.345175 0.212125 0.580848 0.644525 0.734671 1.07193 1.09738 0.477292 0.384615 0.374082 0.504273 0.29535 0.0978311 0.18464 0.26563 0.20666 0.256315
BD_Bspro_t
 0.969814 0.824525 0.645053 0.342039 0.33136 0.635121 0.552277 0.624182 0.547246 0.693268 0.611519 0.390012 0.323501 0.301252 0.167356 0.143517 0.232905 0.295626 0.334491 0.375045 0.697858 0.739951 0.69176 0.727548 0.716124
BD_Bspro
 2.43404 1.51742 0.896921 0.510796 0.274737 0.708447 0.958418 1.69094 1.33545 3.32525 2.66342 1.38762 0.978667 0.746021 0.323169 0.22768 0.299242 0.284774 0.267182 0.234644 0.87187 0.879238 0.759644 1.2735 1.6643
BD_Bo
 1.11046 0.692278 0.409194 0.233036 0.125341 0.323208 0.43725 0.771439 0.609258 1.51705 1.21511 0.633059 0.446488 0.34035 0.147436 0.103872 0.13652 0.129919 0.121894 0.107049 0.397765 0.401126 0.346565 0.580995 0.759288
BD_Brms
 5.40119 3.36719 1.99029 1.13347 0.609648 1.57206 2.12675 3.75223 2.96339 7.37882 5.9102 3.07916 2.17169 1.65544 0.71712 0.505227 0.664025 0.63192 0.592883 0.520681 1.9347 1.95105 1.68567 2.82592 3.69313
S_f
 0.5 1 1 1 1
 0.5 1 1 1 1
 0.5 1 1 1 1
 0.5 1 1 1 1
 0.5 1 1 1 1
 0.5 1 1 1 1
 0.5 1 1 1 1
 0.5 1 1 1 1
 0.5 1 1 1 1
 0.5 1 1 1 1
 0.5 1 1 1 1
 0.5 1 1 1 1
 0.5 1 1 1 1
 0.5 1 1 1 1
 0.5 1 1 1 1
 0.5 1 1 1 1
 0.5 1 1 1 1
 0.5 1 1 1 1
 0.5 1 1 1 1
 0.5 1 1 1 1
 0.5 1 1 1 1
 0.5 1 1 1 1
 0.5 1 1 1 1
 0.5 1 1 1 1
 0.5 1 1 1 1
Scru_reclas
 0.5 1 1 1 1
 0.5 1 1 1 1
 0.5 1 1 1 1
 0.5 1 1 1 1
 0.5 1 1 1 1
 0.5 1 1 1 1
 0.5 1 1 1 1
 0.5 1 1 1 1
 0.5 1 1 1 1
 0.5 1 1 1 1
 0.5 1 1 1 1
 0.5 1 1 1 1
 0.5 1 1 1 1
 0.5 1 1 1 1
 0.5 1 1 1 1
 0.5 1 1 1 1
 0.5 1 1 1 1
 0.5 1 1 1 1
 0.5 1 1 1 1
 0.5 1 1 1 1
 0.5 1 1 1 1
 0.5 1 1 1 1
 0.5 1 1 1 1
 0.5 1 1 1 1
 0.5 1 1 1 1
Scru_pelaces
 0.5 1 1 1 1
 0.5 1 1 1 1
 0.5 1 1 1 1
 0.5 1 1 1 1
 0.5 1 1 1 1
 0.5 1 1 1 1
 0.5 1 1 1 1
 0.5 1 1 1 1
 0.5 1 1 1 1
 0.5 1 1 1 1
 0.5 1 1 1 1
 0.5 1 1 1 1
 0.5 1 1 1 1
 0.5 1 1 1 1
 0.5 1 1 1 1
 0.5 1 1 1 1
 0.5 1 1 1 1
 0.5 1 1 1 1
 0.5 1 1 1 1
 0.5 1 1 1 1
 0.5 1 1 1 1
 0.5 1 1 1 1
 0.5 1 1 1 1
 0.5 1 1 1 1
 0.5 1 1 1 1
pf_obs 
 0.256992 0.487395 0.22802 0.0275931 0
 0.321318 0.546541 0.124235 0.00734118 0.000564706
 0.182869 0.594174 0.210203 0.0122559 0.00049798
 0.330522 0.361315 0.267642 0.0388342 0.00168674
 0.649043 0.306663 0.0425973 0.00169635 0
 0.582887 0.30429 0.105238 0.00758474 0
 0.465427 0.430635 0.0974691 0.00646863 0
 0.296916 0.608066 0.0921331 0.00288517 0
 0.311714 0.524322 0.152257 0.0117073 0
 0.15457 0.633149 0.183074 0.0267441 0.00246327
 0.131901 0.49318 0.331252 0.0422183 0.00144891
 0.196976 0.569456 0.194076 0.0375587 0.00193317
 0.518974 0.381816 0.0799577 0.0180837 0.00116848
 0.0928022 0.601141 0.25162 0.0475244 0.00691264
 0.122501 0.610282 0.24278 0.0234846 0.000952079
 0.383417 0.481906 0.127806 0.00687128 0
 0.0376549 0.599619 0.316969 0.0457579 0
 0.0361596 0.667082 0.258105 0.0386534 0
 0.158088 0.579412 0.248529 0.0139706 0
 0.0477256 0.309471 0.559284 0.082774 0.000745712
 0.0406174 0.521527 0.379366 0.0568643 0.0016247
 0.151134 0.462217 0.34131 0.0453401 0
 0.294876 0.26143 0.354403 0.0886775 0.000613685
 0.281977 0.475581 0.204845 0.0348837 0.00271318
 0.0841818 0.532909 0.334909 0.0458182 0.00218182
pf_pred 
 0.632557 0.184976 0.0918565 0.0456146 0.0449958
 0.212317 0.618966 0.0849343 0.0421771 0.041605
 0.0407394 0.350769 0.478156 0.0656125 0.0647224
 0.041876 0.0917244 0.316813 0.431869 0.117718
 0.904282 0.00842665 0.00835668 0.0288637 0.0500709
 0.256712 0.706537 0.00323548 0.00320862 0.0303076
 0.813534 0.0855586 0.0959177 0.000439241 0.00455008
 0.138181 0.780037 0.0375254 0.0420688 0.00218828
 0.885991 0.0317118 0.0744874 0.00358338 0.0042262
 0.27001 0.689826 0.0111719 0.0262414 0.00275126
 0.112395 0.390605 0.469655 0.00760615 0.0197391
 0.516523 0.111806 0.16356 0.196661 0.0114504
 0.610248 0.28117 0.0251102 0.0367334 0.0467391
 0.265014 0.585168 0.108079 0.00965215 0.0320862
 0.433812 0.28391 0.224739 0.0415088 0.01603
 0.67537 0.221764 0.0515809 0.0408308 0.0104537
 0.24708 0.622793 0.088894 0.0206761 0.0205573
 0.447665 0.233787 0.263493 0.0376096 0.0174452
 0.153034 0.545219 0.127721 0.143949 0.030077
 0.921173 0.0232813 0.0357568 0.00837623 0.0114131
 0.312121 0.661868 0.00768218 0.0117987 0.00652991
 0.273161 0.350796 0.361823 0.00419961 0.0100197
 0.730899 0.118949 0.0724684 0.0747463 0.00293746
 0.455427 0.465218 0.035077 0.0213704 0.0229083
 0.0366804 0.61607 0.296648 0.022367 0.0282345
pobs_RECLAS
 0 0 0 0 0
 0 0 0 0 0
 0 0 0 0 0
 0 0 0 0 0
 0.835266 0.146461 0.0176864 0.000547809 3.91292e-05
 0.385257 0.428462 0.181853 0.0044286 0
 0.867414 0.0963971 0.0333333 0.00285562 0
 0.441836 0.489002 0.0689373 0.000224442 0
 0.779404 0.147425 0.0564933 0.0165055 0.000172143
 0.814271 0.122319 0.05973 0.00367925 0
 0.40263 0.566651 0.0304383 0.000280538 0
 0.475488 0.404961 0.113038 0.00651328 0
 0.955842 0.0263864 0.0167828 0.000988607 0
 0.975058 0.0227948 0.00214734 0 0
 0.738997 0.206755 0.0527124 0.00153531 0
 0.850938 0.134255 0.0134407 0.00136685 0
 0.542534 0.407297 0.0501686 0 0
 0.764087 0.199537 0.0359546 0.000420521 0
 0.470689 0.182191 0.310203 0.0369168 0
 0.84361 0.089868 0.0606195 0.00523954 0.000663233
 0.607945 0.314616 0.071237 0.00620181 0
 0.523733 0.453247 0.0230204 0 0
 0.530135 0.295979 0.169645 0.0042399 0
 0.562478 0.366248 0.0663022 0.0049721 0
 0.250443 0.683176 0.0655157 0.000865301 0
ppred_RECLAS
 0.634397 0.18405 0.0913965 0.0453861 0.0447704
 0.213732 0.617854 0.0847818 0.0421014 0.0415302
 0.0422163 0.350229 0.47742 0.0655114 0.0646227
 0.0424202 0.0916723 0.316633 0.431623 0.117651
 0.904446 0.00841219 0.00834234 0.0288142 0.049985
 0.263212 0.700358 0.00320719 0.00318056 0.0300426
 0.81532 0.0847395 0.0949994 0.000435036 0.00450652
 0.141704 0.776848 0.037372 0.0418968 0.00217933
 0.887356 0.0313322 0.0735957 0.00354048 0.00417561
 0.271491 0.688426 0.0111492 0.0261881 0.00274568
 0.115107 0.389411 0.46822 0.00758291 0.0196788
 0.524273 0.110014 0.160938 0.193508 0.0112669
 0.619085 0.274794 0.0245408 0.0359006 0.0456793
 0.277807 0.574983 0.106198 0.00948415 0.0315277
 0.45034 0.275622 0.218179 0.0402972 0.0155621
 0.679882 0.218682 0.050864 0.0402633 0.0103084
 0.249991 0.620385 0.0885503 0.0205962 0.0204778
 0.451387 0.232212 0.261717 0.0373561 0.0173276
 0.155937 0.543351 0.127283 0.143456 0.0299739
 0.921981 0.0230426 0.0353902 0.00829035 0.0112961
 0.312792 0.661223 0.00767469 0.0117872 0.00652354
 0.274429 0.350184 0.361192 0.00419229 0.0100022
 0.732826 0.118097 0.0719494 0.074211 0.00291643
 0.457231 0.463676 0.0349608 0.0212995 0.0228324
 0.0370141 0.615857 0.296545 0.0223592 0.0282247
pobs_PELACES
 0 0 0 0 0
 0 0 0 0 0
 0 0 0 0 0
 0 0 0 0 0
 0 0 0 0 0
 0 0 0 0 0
 0 0 0 0 0
 0 0 0 0 0
 0 0 0 0 0
 0 0 0 0 0
 0.450072 0.473896 0.0757376 0.000293798 0
 0 0 0 0 0
 0.463077 0.371075 0.160297 0.00555027 0
 0.529543 0.364841 0.0842815 0.0213345 0
 0.631943 0.363953 0.00410389 0 0
 0.735681 0.248677 0.0153453 0.000297389 0
 0.695825 0.281241 0.0229344 0 0
 0.275771 0.60734 0.115278 0.00161068 0
 0 0 0 0 0
 0.896147 0.0623911 0.0374545 0.00400742 0
 0.803859 0.145111 0.0509908 3.86294e-05 0
 0.739449 0.233085 0.0266225 0.000797448 4.60066e-05
 0.878498 0.100942 0.0204185 0.000141795 0
 0.694673 0.275183 0.0284847 0.00165964 0
 0.469039 0.446079 0.0841089 0.000773354 0
ppred_PELACES
 0.642859 0.17979 0.0892811 0.0443357 0.0437342
 0.220301 0.612693 0.0840735 0.0417497 0.0411833
 0.0473824 0.34834 0.474845 0.0651581 0.0642741
 0.0447806 0.0914463 0.315853 0.430559 0.117361
 0.905322 0.00833514 0.00826593 0.0285503 0.0495271
 0.285702 0.67898 0.00310929 0.00308347 0.0291255
 0.822867 0.0812766 0.0911172 0.000417258 0.00432236
 0.154558 0.765214 0.0368123 0.0412694 0.0021467
 0.892925 0.0297833 0.0699575 0.00336546 0.00396919
 0.278469 0.681832 0.0110424 0.0259373 0.00271938
 0.125235 0.384955 0.462861 0.00749612 0.0194535
 0.550704 0.103902 0.151997 0.182757 0.0106409
 0.64723 0.25449 0.0227275 0.0332479 0.0423041
 0.314644 0.545655 0.100781 0.00900039 0.0299196
 0.495443 0.253006 0.200276 0.0369905 0.0142851
 0.696774 0.207143 0.04818 0.0381387 0.00976445
 0.262077 0.610387 0.0871234 0.0202643 0.0201478
 0.466713 0.225725 0.254406 0.0363125 0.0168435
 0.167204 0.536097 0.125584 0.141541 0.0295738
 0.925415 0.0220284 0.0338325 0.00792544 0.0107988
 0.316272 0.657874 0.00763583 0.0117275 0.00649051
 0.280537 0.347237 0.358151 0.004157 0.00991804
 0.74132 0.114342 0.0696622 0.0718519 0.00282372
 0.465705 0.456437 0.0344149 0.020967 0.022476
 0.0385514 0.614874 0.296072 0.0223235 0.0281796
pobs_pel_tallas
 0 0 0 0 0 0 0 0 0 0 0 0 0 0 0 0 0 0 0 0 0 0 0 0 0 0 0 0 0 0 0 0 0 0 0 0
 0 0 0 0 0 0 0 0 0 0 0 0 0 0 0 0 0 0 0 0 0 0 0 0 0 0 0 0 0 0 0 0 0 0 0 0
 0 0 0 0 0 0 0 0 0 0 0 0 0 0 0 0 0 0 0 0 0 0 0 0 0 0 0 0 0 0 0 0 0 0 0 0
 0 0 0 0 0 0 0 0 0 0 0 0 0 0 0 0 0 0 0 0 0 0 0 0 0 0 0 0 0 0 0 0 0 0 0 0
 0 0 0 0 0 0 0 0 0 0 0 0 0 0 0 0 0 0 0 0 0 0 0 0 0 0 0 0 0 0 0 0 0 0 0 0
 0 0 0 0 0 0 0 0 0 0 0 0 0 0 0 0 0 0 0 0 0 0 0 0 0 0 0 0 0 0 0 0 0 0 0 0
 0 0 0 0 0 0 0 0 0 0 0 0 0 0 0 0 0 0 0 0 0 0 0 0 0 0 0 0 0 0 0 0 0 0 0 0
 0 0 0 0 0 0 0 0 0 0 0 0 0 0 0 0 0 0 0 0 0 0 0 0 0 0 0 0 0 0 0 0 0 0 0 0
 0 0 0 0 0 0 0 0 0 0 0 0 0 0 0 0 0 0 0 0 0 0 0 0 0 0 0 0 0 0 0 0 0 0 0 0
 0 0 0 0 0 0 0 0 0 0 0 0 0 0 0 0 0 0 0 0 0 0 0 0 0 0 0 0 0 0 0 0 0 0 0 0
 0 0 0 0 0 0 0 0 1.78061e-05 0.00172719 0.00360574 0.0105946 0.0120993 0.0124554 0.0147524 0.0171206 0.0266825 0.0428682 0.0675386 0.121331 0.153587 0.119568 0.100827 0.0573624 0.0630603 0.0341343 0.0324427 0.0444173 0.0211091 0.0280891 0.0125444 0.00206551 0 0 0 0
 0 0 0 0 0 0 0 0 0 0 0 0 0 0 0 0 0 0 0 0 0 0 0 0 0 0 0 0 0 0 0 0 0 0 0 0
 0 0 0 0 0 0 0.0133647 0.0140871 0.0187388 0.0205184 0.03894 0.0496705 0.03968 0.0493445 0.0407372 0.0367815 0.0215668 0.0243155 0.0234873 0.0199281 0.019796 0.0243948 0.0301388 0.0376714 0.0412746 0.0863199 0.0771752 0.113111 0.0741005 0.0525337 0.0229764 0.00759418 0.00175318 0 0 0
 0 0 0 0 0 0 0 0 0 0 0.00219441 0.00772107 0.0458388 0.0604681 0.0671733 0.0775358 0.0609151 0.0617685 0.073594 0.0568108 0.0755445 0.0548602 0.0670107 0.0636378 0.0643287 0.046367 0.0373049 0.0286899 0.0247887 0.0153202 0.00654259 0.00121912 0.000365735 0 0 0
 0 0 0 0 0 0 0 0 0 0 0 0 0.000112435 0.00938835 0.0111873 0.0202946 0.0414886 0.0713402 0.111592 0.104902 0.108894 0.110636 0.117776 0.105296 0.107544 0.0401394 0.0192827 0.0124803 0.00416011 0.0028671 0.000618394 0 0 0 0 0
 0 0 0 0 0 0 0 0 0 0 0.00291406 0.0102884 0.027416 0.0768956 0.0749926 0.110853 0.0956884 0.0897413 0.0766577 0.0534642 0.0500743 0.0551293 0.0594112 0.0620874 0.0668451 0.0424026 0.0208742 0.0120726 0.0048766 0.00582813 0.00118941 0.000297354 0 0 0 0
 0 0.00264628 0.0354308 0.0461629 0.0458689 0.0383711 0.0214643 0.0164657 0.0346957 0.0420465 0.0363128 0.0245516 0.0311673 0.0291091 0.0169068 0.0133784 0.00837989 0.0085269 0.0148486 0.0160247 0.0276389 0.0546898 0.0760071 0.122758 0.109233 0.0665981 0.0333725 0.0166128 0.00676272 0.00308733 0.000882094 0 0 0 0 0
 0 0 0 0 0 0 0 0.000805153 0.000690131 0.00759144 0.0133425 0.0154129 0.00931677 0.000345066 0.00356568 0.00563607 0.00851162 0.0253048 0.0502646 0.0516448 0.0657925 0.0565908 0.0611916 0.0827007 0.0866115 0.110766 0.145733 0.0935128 0.0569358 0.0249597 0.0138026 0.00621118 0.00161031 0.00115022 0 0
 0 0 0 0 0 0 0 0 0 0 0 0 0 0 0 0 0 0 0 0 0 0 0 0 0 0 0 0 0 0 0 0 0 0 0 0
 0.00147267 0.00158595 0.00478618 0.00569244 0.00954404 0.0108468 0.00647125 0.017049 0.0510054 0.094081 0.124002 0.0959785 0.0687766 0.0820023 0.061753 0.0591476 0.0492212 0.0479892 0.0443925 0.0268479 0.0217502 0.0140895 0.0121071 0.0120363 0.00920419 0.00665534 0.0049561 0.00860946 0.00930331 0.0156896 0.0114698 0.00855282 0.00243557 0.00046729 0 2.83206e-05
 0 0 0 0 0.000772559 0.00158375 0.000888443 0.00281984 0.00712685 0.0440552 0.0773331 0.111326 0.0921469 0.0852325 0.0710754 0.0886704 0.0786465 0.0553345 0.0373146 0.0185414 0.00753245 0.00457741 0.012979 0.0271748 0.0457355 0.0583668 0.034881 0.0177882 0.00938659 0.00492506 0.0015258 0.00185414 0.000309023 5.79419e-05 3.86279e-05 0
 0 0.00173294 0.00326652 0 0.00397197 0.00683976 0.00946217 0.0152591 0.00757587 0.0136028 0.0228656 0.0392903 0.0559909 0.0764795 0.0681675 0.0726916 0.0566044 0.0477403 0.0527397 0.0444891 0.0609904 0.0582453 0.0661739 0.0445044 0.0529084 0.0360697 0.0280645 0.0235558 0.0158879 0.00826598 0.00280645 0.00217768 0.000904811 0.00058276 9.20147e-05 0
 0 0 0 0 0 0 0 0 0 0 0 0 0 0 0 0 0 0 0 0 0 0 0 0 0 0 0 0 0 0 0 0 0 0 0 0
 0 0 0 0 0 0 0 0 0 0 0 0 0 0 0 0 0 0 0 0 0 0 0 0 0 0 0 0 0 0 0 0 0 0 0 0
 0 0 0 0 0 0 0 0 0 0 0 0 0 0 0 0 0 0 0 0 0 0 0 0 0 0 0 0 0 0 0 0 0 0 0 0
ppred_pel_tallas
 1.04893e-16 2.80517e-05 0.000164633 0.000782573 0.00301292 0.00939549 0.0237323 0.0485597 0.0804944 0.108105 0.11765 0.103799 0.0743543 0.0434982 0.021308 0.00972867 0.00572504 0.00571773 0.00751538 0.0101497 0.0132036 0.0163942 0.01944 0.0220667 0.0240542 0.0252785 0.0257281 0.0254883 0.0247033 0.023529 0.0220959 0.0204913 0.0187629 0.016935 0.0150291 0.0130778
 1.04752e-16 9.64368e-06 5.65218e-05 0.000268513 0.00103351 0.00322267 0.00814084 0.0166617 0.0276358 0.0371656 0.0405796 0.0361177 0.0265601 0.0169252 0.0108767 0.00932819 0.0114817 0.0162797 0.0229824 0.0310329 0.0397889 0.0484103 0.0559263 0.0614124 0.0641965 0.0640156 0.0610715 0.055959 0.0495022 0.0425523 0.0358144 0.0297494 0.0245611 0.0202496 0.0166947 0.013737
 1.12097e-16 2.09386e-06 1.22197e-05 5.79449e-05 0.000222854 0.000694718 0.00175517 0.00359438 0.00596998 0.00805363 0.00885931 0.00804173 0.00625361 0.0046575 0.00415761 0.00509741 0.00747056 0.0112081 0.0162666 0.0225605 0.0298726 0.0378188 0.0458777 0.0534686 0.06005 0.0652026 0.0686769 0.0703899 0.0703886 0.0687988 0.0657852 0.0615349 0.0562624 0.0502195 0.0436985 0.0370191
 1.24792e-16 1.96901e-06 1.15128e-05 5.46422e-05 0.000210236 0.000655444 0.00165565 0.00338877 0.00562174 0.00756361 0.00826717 0.00737934 0.00547405 0.00358734 0.00249196 0.00242029 0.00328373 0.00497598 0.00749554 0.0109164 0.01532 0.0207443 0.0271555 0.0344332 0.0423644 0.0506412 0.0588674 0.0665738 0.0732484 0.0783847 0.0815428 0.0824148 0.0808797 0.0770307 0.0711712 0.0637726
 1.03416e-16 3.94891e-05 0.000231797 0.00110191 0.00424253 0.01323 0.0334178 0.0683756 0.113334 0.152186 0.165561 0.145922 0.104206 0.060311 0.028328 0.0108751 0.0035548 0.00123088 0.000787752 0.000934701 0.00128026 0.00173645 0.00228834 0.00293081 0.00365498 0.00444494 0.00527598 0.00611341 0.00691269 0.0076218 0.00818621 0.00855586 0.00869309 0.00857917 0.00821825 0.00763756
 1.01733e-16 1.2498e-05 7.32736e-05 0.000348141 0.00134008 0.00417866 0.0105557 0.0216031 0.0358277 0.0481706 0.0525641 0.0467098 0.0341877 0.0214671 0.0132463 0.010645 0.0125585 0.0175548 0.024641 0.0331072 0.04219 0.050927 0.0582274 0.063073 0.0647526 0.0630386 0.0582458 0.0511453 0.0427689 0.0341691 0.0262106 0.0194487 0.0141083 0.010144 0.00734109 0.00541836
 1.01537e-16 3.5897e-05 0.0002107 0.0010016 0.00385628 0.0120255 0.0303753 0.062151 0.103019 0.138342 0.150519 0.13271 0.0948696 0.0551077 0.0262624 0.0107505 0.00461281 0.00321005 0.00371848 0.0049403 0.00645497 0.00807926 0.00967035 0.0110902 0.012219 0.0129742 0.0133213 0.0132714 0.0128693 0.0121779 0.0112636 0.0101888 0.00901011 0.00777981 0.00654812 0.00536281
 1.02291e-16 6.78312e-06 3.97138e-05 0.000188576 0.000725681 0.00226267 0.00571614 0.0117018 0.0194188 0.0261449 0.0286248 0.0256629 0.0192727 0.0130678 0.00974142 0.0100768 0.0136502 0.0198075 0.0280177 0.0377318 0.0481732 0.0582816 0.0668326 0.072673 0.0749859 0.0734894 0.0685048 0.0608626 0.0516882 0.0421368 0.0331645 0.0253942 0.0190938 0.0142405 0.0106308 0.00798942
 1.01305e-16 3.89497e-05 0.000228627 0.00108684 0.00418448 0.013049 0.0329605 0.0674402 0.111784 0.150108 0.163305 0.143948 0.102828 0.0595765 0.0281027 0.0110008 0.00394598 0.00188255 0.00174118 0.00224172 0.00297718 0.00382553 0.00472524 0.00561913 0.00644938 0.00716276 0.00771579 0.00807713 0.00822806 0.00816198 0.00788421 0.00741225 0.00677613 0.00601707 0.00518442 0.00433042
 1.01398e-16 1.21828e-05 7.14224e-05 0.000339339 0.00130619 0.00407298 0.0102887 0.021057 0.0349226 0.0469555 0.0512432 0.0455479 0.033363 0.021 0.0130465 0.0106033 0.0126035 0.0176584 0.0248021 0.0333355 0.0424972 0.0513219 0.0587136 0.0636467 0.0654016 0.0637423 0.0589764 0.0518689 0.0434489 0.0347687 0.0266968 0.0197958 0.0143011 0.0101796 0.00722964 0.00518152
 1.07863e-16 5.49022e-06 3.21556e-05 0.000152714 0.000587726 0.00183255 0.00462926 0.00947525 0.0157185 0.0211465 0.0231094 0.0206171 0.0152678 0.00994241 0.00676547 0.00631394 0.00820781 0.0119318 0.0171552 0.0236421 0.0310819 0.0390075 0.0468167 0.0538617 0.0595645 0.0635142 0.0655203 0.0656048 0.0639502 0.0608285 0.0565386 0.0513717 0.0456046 0.0395048 0.0333375 0.0273593
 1.08969e-16 2.40302e-05 0.00014103 0.000670379 0.00258097 0.00804849 0.0203298 0.0415975 0.0689525 0.0926016 0.10077 0.0888879 0.0636334 0.0371482 0.0180563 0.00801702 0.00443092 0.00424666 0.00562394 0.00779737 0.0105001 0.0135968 0.0169506 0.0204018 0.0237818 0.0269298 0.0297037 0.0319802 0.033651 0.0346213 0.0348138 0.0341828 0.032731 0.0305217 0.0276824 0.0243935
 1.03525e-16 2.82451e-05 0.000165762 0.000787928 0.00303352 0.00945969 0.0238945 0.0488923 0.0810475 0.108854 0.11848 0.104568 0.0749833 0.0440237 0.0218567 0.0104644 0.00681113 0.00729929 0.00970435 0.0129996 0.0166775 0.020338 0.023575 0.0260107 0.027372 0.0275528 0.0266348 0.0248562 0.0225432 0.0200264 0.0175708 0.0153385 0.0133874 0.0116974 0.0102088 0.00885689
 1.03316e-16 1.37549e-05 8.0664e-05 0.000383301 0.0014755 0.004601 0.0116223 0.0237845 0.0394399 0.0530102 0.0578003 0.0512567 0.0372862 0.0229612 0.0133879 0.00972186 0.0106766 0.0146376 0.0205371 0.0277085 0.0355254 0.0432238 0.0499311 0.0548152 0.0572677 0.0570442 0.0543159 0.0496082 0.0436574 0.0372314 0.0309754 0.0253226 0.0204797 0.0164695 0.0132025 0.0105448
 1.04864e-16 2.1627e-05 0.000126906 0.000603201 0.00232226 0.00724168 0.0182921 0.0374292 0.0620479 0.0833431 0.0907321 0.0801235 0.0575545 0.0339933 0.0172576 0.00890853 0.00667271 0.00784644 0.0107665 0.0146645 0.0191367 0.0238239 0.0283254 0.0322343 0.0352096 0.0370387 0.0376664 0.0371809 0.0357674 0.0336492 0.031038 0.0281069 0.0249883 0.0217867 0.0185952 0.0155049
 1.02519e-16 3.04037e-05 0.000178439 0.000848203 0.0032656 0.0101835 0.0257227 0.0526324 0.0872455 0.117173 0.127519 0.112508 0.0805968 0.0471578 0.0231128 0.0105679 0.0062279 0.00620249 0.00809873 0.0108415 0.0139463 0.0170716 0.0198814 0.0220602 0.0233725 0.0237132 0.0231266 0.0217845 0.0199335 0.0178314 0.0156931 0.013661 0.011803 0.0101301 0.00862315 0.00725662
 1.03074e-16 1.14653e-05 6.72164e-05 0.000319357 0.00122927 0.00383314 0.00968284 0.0198168 0.0328651 0.0441872 0.0482171 0.0428463 0.0313589 0.0196896 0.0121501 0.00977132 0.0115481 0.0161806 0.0227791 0.0307206 0.0393383 0.0477821 0.0550759 0.0602921 0.0627588 0.0622171 0.0588779 0.0533518 0.0464849 0.0391555 0.0320982 0.0258021 0.0204938 0.0161865 0.0127618 0.0100495
 1.0572e-16 2.03732e-05 0.000119548 0.000568224 0.0021876 0.00682175 0.0172313 0.0352587 0.0584496 0.0785095 0.0854689 0.0754733 0.0542093 0.0320085 0.0162352 0.00836181 0.00625117 0.00736582 0.0101547 0.0139164 0.0182985 0.0229914 0.027641 0.0318735 0.035356 0.037852 0.03925 0.0395575 0.0388698 0.0373283 0.0350856 0.0322879 0.0290746 0.0255853 0.0219666 0.0183702
 1.08203e-16 7.32533e-06 4.29181e-05 0.000203855 0.000784591 0.00244643 0.00618005 0.0126493 0.020983 0.0282265 0.0308396 0.0274966 0.0203246 0.0131573 0.00881062 0.0080213 0.0102318 0.0146838 0.0208457 0.0282987 0.0365252 0.0448226 0.0523618 0.0583361 0.0621359 0.0634807 0.0624675 0.0595135 0.0552228 0.0502243 0.0450365 0.0399965 0.0352589 0.0308454 0.026715 0.0228234
 1.01265e-16 4.0366e-05 0.000236943 0.00112638 0.00433671 0.0135237 0.0341596 0.0698936 0.115851 0.155567 0.169241 0.149173 0.106544 0.0616968 0.0290402 0.0112556 0.00385271 0.0015832 0.00125911 0.00155029 0.00203689 0.00260099 0.0031941 0.00377787 0.00431675 0.00478079 0.00514822 0.00540541 0.00554527 0.00556509 0.00546537 0.00525013 0.00492833 0.00451511 0.00403214 0.00350616
 1.01029e-16 1.38302e-05 8.10965e-05 0.000385336 0.00148329 0.00462528 0.0116838 0.0239111 0.0396527 0.0533049 0.0581444 0.051616 0.0376647 0.0234257 0.014065 0.0107811 0.0123114 0.0170438 0.0238795 0.0320729 0.0408654 0.0493183 0.0563712 0.0610341 0.0626144 0.0608883 0.0561592 0.0491739 0.0409351 0.0324682 0.0246197 0.0179384 0.0126537 0.00873202 0.00597328 0.00410898
 1.05804e-16 1.22603e-05 7.19062e-05 0.000341702 0.00131539 0.00410176 0.010361 0.0212025 0.0351552 0.0472415 0.051485 0.0455964 0.0330395 0.0200924 0.0112739 0.00758089 0.00784531 0.0106371 0.0150642 0.0206562 0.0270433 0.033775 0.0403008 0.0460439 0.0505046 0.0533495 0.0544567 0.0539033 0.0519118 0.0487758 0.0447971 0.0402482 0.0353647 0.0303535 0.0254044 0.020693
 1.03628e-16 3.23424e-05 0.000189829 0.000902372 0.0034742 0.010834 0.0273657 0.0559935 0.0928139 0.124642 0.135623 0.119601 0.0855532 0.0498061 0.0239431 0.0101623 0.00491835 0.0040492 0.00501863 0.0067396 0.00880666 0.0110112 0.0131712 0.01511 0.01668 0.0177882 0.0184061 0.0185623 0.0183207 0.0177548 0.0169281 0.0158859 0.0146597 0.0132776 0.0117748 0.0101995
 1.02408e-16 2.03381e-05 0.000119322 0.000567104 0.00218322 0.00680802 0.0171969 0.0351899 0.0583416 0.0783827 0.0853791 0.0755082 0.0544823 0.0326658 0.0174772 0.0104625 0.00955327 0.0122393 0.0169181 0.0227306 0.0290543 0.0352233 0.0405043 0.0442094 0.0458483 0.0452445 0.0425764 0.0383214 0.0331301 0.0276701 0.0224927 0.0179553 0.0142098 0.0112428 0.00894019 0.00715146
 1.06487e-16 1.71926e-06 9.99674e-06 4.73243e-05 0.000181874 0.000566858 0.00143251 0.00293613 0.00488607 0.0066197 0.00735613 0.00685172 0.00569748 0.00492702 0.00539108 0.00750034 0.0113707 0.0170152 0.024365 0.0331693 0.0429054 0.0527755 0.0618091 0.0690415 0.0737172 0.075448 0.0742785 0.0706337 0.0651808 0.0586533 0.0517004 0.0447994 0.0382421 0.0321719 0.0266433 0.0216738
pSPR Fmed_Fpbrs
0.533838   0.255595 0.255595
Fs Fmed_Fpbrs
0.356843   1.005 1.005
SSBpbr Bo_Bmed_Bpbrs
973121  470833  200069 200069
Ro
21590.3
SPR SPRFo_SPRFmed_SPRFpbrs
443958 237001 113473
log_Ro
9.8
likeval ReclasPelacesDesembMPH_pf_preclas_ppelaces_ptallas_desvR_qrecl_qpela
 120.92 101.408 0.741855 0.00060947 414.264 252.532 98.7736 0 69.1676 0 0 0 0 0 0
q_reclas_q_pelaces
1 1
M
0.7
N
 83705.4 12835.9 6374.11 3165.29 3122.35
 24269.9 37195.5 5103.96 2534.55 2500.17
 2151.89 10719.8 14612.8 2005.17 1977.97
 629.325 740.911 2559.08 3488.45 950.875
 55740.2 263.243 261.057 901.684 1564.18
 16999.9 26839.8 122.909 121.888 1151.32
 106781 5994.34 6720.11 30.7738 318.784
 14205.8 45441.6 2186.07 2450.75 127.48
 269148 5180.03 12167.3 585.333 690.336
 84125.7 112469 1821.45 4278.38 448.564
 19209.6 37571.7 45175.3 731.623 1898.67
 57882.2 7134.82 10437.5 12549.8 730.7
 78088.7 20824.9 1859.79 2720.67 3461.73
 19851.1 26856.6 4960.35 442.99 1472.61
 14325.9 5767.82 4565.73 843.281 325.66
 22680.3 4109.81 955.913 756.688 193.731
 6494.33 8871.58 1266.28 294.528 292.836
 9420.84 2660.79 2998.88 428.043 198.548
 1963.36 3880.19 908.955 1024.45 214.05
 56317.7 757.692 1163.71 272.605 371.439
 22275.1 24127.1 280.038 430.099 238.035
 15764.7 10533.4 10864.5 126.103 300.864
 82897.1 7138.16 4348.86 4485.56 176.279
 67509.6 36045.6 2717.81 1655.8 1774.96
 3408.57 30233.2 14557.8 1097.64 1385.59
pred_Ctot
 6371.35 1863.15 925.213 459.447 453.214
 1942.52 5663 777.075 385.884 380.649
 484.637 4172.76 5688.16 780.528 769.939
 72.064 157.848 545.201 743.199 202.58
 1218.66 11.3563 11.262 38.8985 67.4785
 3614.95 9949.27 45.5613 45.183 426.784
 11082.3 1165.51 1306.62 5.9835 61.9828
 2763.08 15597.7 750.363 841.214 43.7572
 30989.4 1109.19 2605.35 125.336 147.82
 6125.62 15649.8 253.452 595.33 62.4169
 3540.72 12305 14795.3 239.612 621.829
 11682.1 2528.69 3699.2 4447.84 258.972
 17632.1 8123.95 725.518 1061.35 1350.45
 6107.09 13484.9 2490.62 222.428 739.406
 4489.08 2937.89 2325.59 429.532 165.878
 3510.81 1152.81 268.135 212.253 54.3419
 826.195 2082.52 297.247 69.1377 68.7403
 1168.3 610.129 687.654 98.152 45.5278
 319.275 1137.49 266.463 300.321 62.7495
 5607.99 141.734 217.683 50.9935 69.4814
 766.91 1626.27 18.8758 28.9906 16.0446
 1005.15 1290.83 1331.4 15.4533 36.8696
 7471.75 1215.97 740.821 764.107 30.0287
 4794.75 4897.83 369.292 224.988 241.18
 297.046 4989.09 2402.33 181.133 228.65
F
 0.111114 0.222228 0.222228 0.222228 0.222228
 0.117144 0.234289 0.234289 0.234289 0.234289
 0.366221 0.732442 0.732442 0.732442 0.732442
 0.17157 0.343141 0.343141 0.343141 0.343141
 0.0308168 0.0616337 0.0616337 0.0616337 0.0616337
 0.34239 0.68478 0.68478 0.68478 0.68478
 0.154356 0.308713 0.308713 0.308713 0.308713
 0.308839 0.617678 0.617678 0.617678 0.617678
 0.172588 0.345175 0.345175 0.345175 0.345175
 0.106062 0.212125 0.212125 0.212125 0.212125
 0.290424 0.580848 0.580848 0.580848 0.580848
 0.322263 0.644525 0.644525 0.644525 0.644525
 0.367335 0.734671 0.734671 0.734671 0.734671
 0.535965 1.07193 1.07193 1.07193 1.07193
 0.548692 1.09738 1.09738 1.09738 1.09738
 0.238646 0.477292 0.477292 0.477292 0.477292
 0.192308 0.384615 0.384615 0.384615 0.384615
 0.187041 0.374082 0.374082 0.374082 0.374082
 0.252136 0.504273 0.504273 0.504273 0.504273
 0.147675 0.29535 0.29535 0.29535 0.29535
 0.0489156 0.0978311 0.0978311 0.0978311 0.0978311
 0.0923198 0.18464 0.18464 0.18464 0.18464
 0.132815 0.26563 0.26563 0.26563 0.26563
 0.10333 0.20666 0.20666 0.20666 0.20666
 0.128157 0.256315 0.256315 0.256315 0.256315
YTP_r0W_actual
 3326.92 109760 79276.7 7444.58 9786.2
YTP_p0W_proyectada
 68458.3 15368.7 174837 109820 13096
 68458.3 85432.5 4072.93 41457.2 26952.8
CTP_r0_actual
 297.046 4989.09 2402.33 181.133 228.65
CTP_p0_proyectada
 8053.91 718.165 5603.74 2698.29 281.635
 8053.91 3992.17 130.543 1018.6 579.629
Wmedp
 8.5 21.4 31.2 40.7 46.5
nmprior
 10.6 11 7 0
nm_flota  nm_reclas  nm_pelaces    nm_pelaL
inf 4.54212 5.97875 10.2234
cv_recla  cv_pelaces  cv_mph
0.994657 1.14185 0.800966
 ------------------------------------------------
Talla a la edad & desviaci?n 
 7.2 14.2025 17.0495 18.207 18.6776
 1.08 2.13037 2.55742 2.73105 2.80164
