years
 1997 1998 1999 2000 2001 2002 2003 2004 2005 2006 2007 2008 2009 2010 2011 2012 2013 2014 2015 2016 2017 2018 2019 2020 2021
reclasobs
 0 0 0 370054 412103 1.49427e+06 250295 1.28982e+06 931140 785840 897777 1.04006e+06 184774 17550 25797 100020 73551 82996 120727 218422 84188 347160 605670 569463 516374
reclaspred
 2.86122e+06 534920 1.40442e+06 766514 743701 876584 1.88361e+06 1.2596e+06 1.31658e+06 1.25964e+06 1.09349e+06 741506 450561 226014 157959 157677 188820 263243 291323 396900 610714 601979 1.00957e+06 1.26477e+06 1.70425e+06
pelacesobs
 0 0 0 0 0 0 0 0 0 2.06254e+06 1.5e+06 0 1.87456e+06 323000 250000 174000 83755 137374 0 501740 490994 745055 786931 1.00524e+06 1.33801e+06
pelacespred
 1.66283e+06 634216 516632 569748 468549 436681 964815 872350 767798 763814 569775 397857 238897 98755.3 68980.2 78080.8 97676.3 136425 159620 208299 351777 363276 462056 684017 904692
mphobs
 0 0 0 0 0 112323 0 153150 637223 0 255016 313432 73983 77613 109348 50772 0 0 0 0 0 0 0 0 0
mphpred
 2.09804e+06 1.07462e+06 829192 873058 648224 756446 1.1357e+06 1.45013e+06 1.13588e+06 1.16109e+06 1.12352e+06 778294 489097 279991 145653 130624 148505 203317 249721 295597 450666 568023 688792 985478 1.38094e+06
desembarqueobs
 350755 77701 442110 56441 14545 235359 269955 359681 431902 328805 639364 411747 362871 311530 167758 66681 60226 58785 57116 73181 50977 67692 138656 160484 209506
desembarquepred
 350664 77629.1 441820 56372.8 14526.6 235172 269932 359301 431770 328896 639914 412226 363007 311651 167825 66718.6 60358.2 58893.7 57157.7 73158.9 50960.3 67647 138654 160407 209347
Reclutas
 71942.1 63104 33279.5 41154.1 62499.3 67492 117690 78268.8 119116 124463 69720 44868.1 50990.9 30686.7 20319.5 18729.4 16269.8 17241.3 21316.4 35261.5 51200.7 54975.5 97752.2 116753 66309.1
log_desv_Rt
 0.363617 0.23254 -0.407303 -0.194922 0.222911 0.299764 0.855811 0.447904 0.867857 0.911767 0.332242 -0.108517 0.0194025 -0.488417 -0.900665 -0.982149 -1.12293 -1.06493 -0.852769 -0.349452 0.0235085 0.0946436 0.670191 0.847819 0.282083
SSB
 2.09804e+06 1.07462e+06 829192 873058 648224 756446 1.1357e+06 1.45013e+06 1.13588e+06 1.16109e+06 1.12352e+06 778294 489097 279991 145653 130624 148505 203317 249721 295597 450666 568023 688792 985478 1.38094e+06
BT
 4.35439e+06 1.32806e+06 1.40035e+06 1.19887e+06 1.01539e+06 1.05745e+06 2.68912e+06 2.23107e+06 2.22409e+06 2.03227e+06 1.78823e+06 1.21826e+06 897815 509055 310691 230453 276020 353619 386009 536141 875595 789861 1.08424e+06 1.63138e+06 2.04103e+06
Ftot
 0.119275 0.141049 0.302227 0.0717741 0.0191208 0.258682 0.139387 0.274861 0.315447 0.252145 0.551135 0.52463 0.746962 1.21261 0.96712 0.404217 0.307619 0.216505 0.190143 0.178852 0.0814213 0.109437 0.13357 0.123439 0.119536
BD_Bspro_t
 0.982253 0.886786 0.806407 0.671339 0.724422 0.802668 0.756917 0.770805 0.692654 0.652151 0.619191 0.455272 0.349804 0.262246 0.169391 0.179447 0.258964 0.403316 0.515042 0.61643 0.728994 0.815808 0.820872 0.82637 0.831494
BD_Bspro
 2.04016 1.04497 0.806318 0.848974 0.630342 0.735579 1.10437 1.41013 1.10454 1.12906 1.09252 0.756824 0.475605 0.272267 0.141635 0.12702 0.144408 0.197708 0.242832 0.287443 0.438234 0.552353 0.669791 0.958292 1.34284
BD_Bo
 1.69087 0.866066 0.66827 0.703623 0.522423 0.609642 0.91529 1.1687 0.915436 0.935757 0.905475 0.62725 0.394177 0.225653 0.117386 0.105273 0.119684 0.163859 0.201257 0.23823 0.363205 0.457786 0.555117 0.794225 1.11294
BD_Brms
 8.22427 4.21249 3.25042 3.42237 2.54103 2.96526 4.45191 5.6845 4.45262 4.55146 4.40417 3.0509 1.91725 1.09756 0.570958 0.512042 0.582137 0.796999 0.9789 1.15874 1.7666 2.22664 2.70005 3.86306 5.41324
S_f
 0.5 1 1 1 1
 0.5 1 1 1 1
 0.5 1 1 1 1
 0.5 1 1 1 1
 0.5 1 1 1 1
 0.5 1 1 1 1
 0.5 1 1 1 1
 0.5 1 1 1 1
 0.5 1 1 1 1
 0.5 1 1 1 1
 0.5 1 1 1 1
 0.5 1 1 1 1
 0.5 1 1 1 1
 0.5 1 1 1 1
 0.5 1 1 1 1
 0.5 1 1 1 1
 0.5 1 1 1 1
 0.5 1 1 1 1
 0.5 1 1 1 1
 0.5 1 1 1 1
 0.5 1 1 1 1
 0.5 1 1 1 1
 0.5 1 1 1 1
 0.5 1 1 1 1
 0.5 1 1 1 1
Scru_reclas
 0.5 1 1 1 1
 0.5 1 1 1 1
 0.5 1 1 1 1
 0.5 1 1 1 1
 0.5 1 1 1 1
 0.5 1 1 1 1
 0.5 1 1 1 1
 0.5 1 1 1 1
 0.5 1 1 1 1
 0.5 1 1 1 1
 0.5 1 1 1 1
 0.5 1 1 1 1
 0.5 1 1 1 1
 0.5 1 1 1 1
 0.5 1 1 1 1
 0.5 1 1 1 1
 0.5 1 1 1 1
 0.5 1 1 1 1
 0.5 1 1 1 1
 0.5 1 1 1 1
 0.5 1 1 1 1
 0.5 1 1 1 1
 0.5 1 1 1 1
 0.5 1 1 1 1
 0.5 1 1 1 1
Scru_pelaces
 0.5 1 1 1 1
 0.5 1 1 1 1
 0.5 1 1 1 1
 0.5 1 1 1 1
 0.5 1 1 1 1
 0.5 1 1 1 1
 0.5 1 1 1 1
 0.5 1 1 1 1
 0.5 1 1 1 1
 0.5 1 1 1 1
 0.5 1 1 1 1
 0.5 1 1 1 1
 0.5 1 1 1 1
 0.5 1 1 1 1
 0.5 1 1 1 1
 0.5 1 1 1 1
 0.5 1 1 1 1
 0.5 1 1 1 1
 0.5 1 1 1 1
 0.5 1 1 1 1
 0.5 1 1 1 1
 0.5 1 1 1 1
 0.5 1 1 1 1
 0.5 1 1 1 1
 0.5 1 1 1 1
pf_obs 
 0.256992 0.487395 0.22802 0.0275931 0
 0.321318 0.546541 0.124235 0.00734118 0.000564706
 0.182869 0.594174 0.210203 0.0122559 0.00049798
 0.330522 0.361315 0.267642 0.0388342 0.00168674
 0.649043 0.306663 0.0425973 0.00169635 0
 0.582887 0.30429 0.105238 0.00758474 0
 0.465427 0.430635 0.0974691 0.00646863 0
 0.296916 0.608066 0.0921331 0.00288517 0
 0.311714 0.524322 0.152257 0.0117073 0
 0.15457 0.633149 0.183074 0.0267441 0.00246327
 0.131901 0.49318 0.331252 0.0422183 0.00144891
 0.196976 0.569456 0.194076 0.0375587 0.00193317
 0.518974 0.381816 0.0799577 0.0180837 0.00116848
 0.0928022 0.601141 0.25162 0.0475244 0.00691264
 0.122501 0.610282 0.24278 0.0234846 0.000952079
 0.383417 0.481906 0.127806 0.00687128 0
 0.0376549 0.599619 0.316969 0.0457579 0
 0.0361596 0.667082 0.258105 0.0386534 0
 0.158088 0.579412 0.248529 0.0139706 0
 0.0477256 0.309471 0.559284 0.082774 0.000745712
 0.0406174 0.521527 0.379366 0.0568643 0.0016247
 0.151134 0.462217 0.34131 0.0453401 0
 0.294876 0.26143 0.354403 0.0886775 0.000613685
 0.281977 0.475581 0.204845 0.0348837 0.00271318
 0.0841818 0.532909 0.334909 0.0458182 0.00218182
pf_pred 
 0.384631 0.309786 0.153835 0.0763922 0.0753558
 0.35276 0.364964 0.142102 0.0705657 0.0696084
 0.244075 0.401774 0.199698 0.077754 0.0766992
 0.378134 0.25703 0.19391 0.0963813 0.0745447
 0.46848 0.294331 0.0980349 0.0739603 0.0651937
 0.425806 0.367071 0.114695 0.0382023 0.0542255
 0.558806 0.271331 0.10859 0.0339301 0.0273429
 0.355581 0.467144 0.109023 0.0436325 0.0246199
 0.505659 0.26905 0.163315 0.0381147 0.0238613
 0.47335 0.364138 0.0884489 0.053689 0.0203743
 0.320616 0.447693 0.160196 0.0389117 0.032583
 0.33345 0.350762 0.208095 0.0744618 0.0332318
 0.481766 0.279173 0.125802 0.0746339 0.0386247
 0.435469 0.394913 0.0913731 0.0411749 0.0370694
 0.505143 0.342984 0.106242 0.0245817 0.0210497
 0.545638 0.333149 0.0840129 0.0260235 0.0111773
 0.454727 0.397969 0.108006 0.0272369 0.0120604
 0.457029 0.3506 0.140402 0.0381043 0.013864
 0.481144 0.332938 0.120049 0.048075 0.0177944
 0.55754 0.292869 0.0959892 0.0346112 0.0189908
 0.541664 0.332822 0.0830791 0.0272296 0.0152054
 0.44929 0.389608 0.116985 0.0292018 0.0149156
 0.549764 0.282417 0.118726 0.0356491 0.013444
 0.486429 0.368338 0.0910993 0.0382976 0.015836
 0.292526 0.468589 0.17133 0.0423744 0.0251799
pobs_RECLAS
 0 0 0 0 0
 0 0 0 0 0
 0 0 0 0 0
 0 0 0 0 0
 0.835266 0.146461 0.0176864 0.000547809 3.91292e-05
 0.385257 0.428462 0.181853 0.0044286 0
 0.867414 0.0963971 0.0333333 0.00285562 0
 0.441836 0.489002 0.0689373 0.000224442 0
 0.779404 0.147425 0.0564933 0.0165055 0.000172143
 0.814271 0.122319 0.05973 0.00367925 0
 0.40263 0.566651 0.0304383 0.000280538 0
 0.475488 0.404961 0.113038 0.00651328 0
 0.955842 0.0263864 0.0167828 0.000988607 0
 0.975058 0.0227948 0.00214734 0 0
 0.738997 0.206755 0.0527124 0.00153531 0
 0.850938 0.134255 0.0134407 0.00136685 0
 0.542534 0.407297 0.0501686 0 0
 0.764087 0.199537 0.0359546 0.000420521 0
 0.470689 0.182191 0.310203 0.0369168 0
 0.84361 0.089868 0.0606195 0.00523954 0.000663233
 0.607945 0.314616 0.071237 0.00620181 0
 0.523733 0.453247 0.0230204 0 0
 0.530135 0.295979 0.169645 0.0042399 0
 0.562478 0.366248 0.0663022 0.0049721 0
 0.250443 0.683176 0.0655157 0.000865301 0
ppred_RECLAS
 0.385551 0.309323 0.153605 0.076278 0.0752432
 0.353831 0.36436 0.141867 0.070449 0.0694933
 0.246204 0.400642 0.199135 0.0775351 0.0764832
 0.378659 0.256813 0.193747 0.0962998 0.0744817
 0.468621 0.294253 0.098009 0.0739408 0.0651764
 0.428133 0.365584 0.11423 0.0380475 0.0540058
 0.559945 0.27063 0.10831 0.0338425 0.0272722
 0.357931 0.465441 0.108625 0.0434734 0.0245302
 0.508692 0.2674 0.162313 0.0378809 0.0237149
 0.475649 0.362548 0.0880628 0.0534547 0.0202854
 0.326096 0.444082 0.158904 0.0385978 0.0323201
 0.338679 0.34801 0.206462 0.0738777 0.0329711
 0.491309 0.274032 0.123485 0.0732595 0.0379135
 0.454709 0.381454 0.088259 0.0397716 0.035806
 0.519017 0.333368 0.103263 0.0238925 0.0204595
 0.549754 0.33013 0.0832518 0.0257878 0.011076
 0.457645 0.39584 0.107428 0.0270911 0.0119959
 0.458937 0.349368 0.139909 0.0379704 0.0138153
 0.482791 0.331881 0.119668 0.0479224 0.0177379
 0.559055 0.291866 0.0956604 0.0344926 0.0189257
 0.542299 0.332361 0.0829641 0.0271919 0.0151844
 0.450164 0.38899 0.116799 0.0291554 0.014892
 0.550854 0.281733 0.118439 0.0355627 0.0134114
 0.487437 0.367615 0.0909205 0.0382224 0.0158049
 0.293332 0.468055 0.171135 0.0423261 0.0251512
pobs_PELACES
 0 0 0 0 0
 0 0 0 0 0
 0 0 0 0 0
 0 0 0 0 0
 0 0 0 0 0
 0 0 0 0 0
 0 0 0 0 0
 0 0 0 0 0
 0 0 0 0 0
 0 0 0 0 0
 0.450072 0.473896 0.0757376 0.000293798 0
 0 0 0 0 0
 0.463077 0.371075 0.160297 0.00555027 0
 0.529543 0.364841 0.0842815 0.0213345 0
 0.631943 0.363953 0.00410389 0 0
 0.735681 0.248677 0.0153453 0.000297389 0
 0.695825 0.281241 0.0229344 0 0
 0.275771 0.60734 0.115278 0.00161068 0
 0 0 0 0 0
 0.896147 0.0623911 0.0374545 0.00400742 0
 0.803859 0.145111 0.0509908 3.86294e-05 0
 0.739449 0.233085 0.0266225 0.000797448 4.60066e-05
 0.878498 0.100942 0.0204185 0.000141795 0
 0.694673 0.275183 0.0284847 0.00165964 0
 0.469039 0.446079 0.0841089 0.000773354 0
ppred_PELACES
 0.390224 0.30697 0.152437 0.075698 0.074671
 0.35917 0.36135 0.140695 0.0698669 0.0689191
 0.255575 0.395661 0.19666 0.0765711 0.0755323
 0.38145 0.255659 0.192877 0.0958674 0.0741472
 0.469406 0.293818 0.0978641 0.0738314 0.0650801
 0.438613 0.358884 0.112137 0.0373502 0.053016
 0.565604 0.26715 0.106917 0.0334073 0.0269215
 0.368419 0.457838 0.106851 0.0427632 0.0241295
 0.521691 0.260324 0.158019 0.0368786 0.0230874
 0.486034 0.355367 0.0863187 0.0523959 0.0198836
 0.346387 0.43071 0.15412 0.0374356 0.031347
 0.358329 0.33767 0.200327 0.0716825 0.0319914
 0.522106 0.257442 0.116009 0.0688243 0.0356181
 0.504605 0.34655 0.080183 0.0361324 0.0325297
 0.558649 0.305899 0.0947543 0.0219238 0.0187737
 0.566202 0.31807 0.0802105 0.0248457 0.0106714
 0.470267 0.386627 0.104928 0.0264606 0.0117167
 0.46782 0.343633 0.137612 0.0373471 0.0135885
 0.490629 0.326852 0.117854 0.0471962 0.0174691
 0.566317 0.287059 0.0940851 0.0339246 0.0186141
 0.545631 0.329941 0.08236 0.0269939 0.0150738
 0.454637 0.385825 0.115849 0.0289182 0.0147708
 0.556301 0.278317 0.117002 0.0351315 0.0132488
 0.492527 0.363964 0.0900177 0.0378428 0.0156479
 0.297437 0.465336 0.170141 0.0420802 0.0250051
pobs_pel_tallas
 0 0 0 0 0 0 0 0 0 0 0 0 0 0 0 0 0 0 0 0 0 0 0 0 0 0 0 0 0 0 0 0 0 0 0 0
 0 0 0 0 0 0 0 0 0 0 0 0 0 0 0 0 0 0 0 0 0 0 0 0 0 0 0 0 0 0 0 0 0 0 0 0
 0 0 0 0 0 0 0 0 0 0 0 0 0 0 0 0 0 0 0 0 0 0 0 0 0 0 0 0 0 0 0 0 0 0 0 0
 0 0 0 0 0 0 0 0 0 0 0 0 0 0 0 0 0 0 0 0 0 0 0 0 0 0 0 0 0 0 0 0 0 0 0 0
 0 0 0 0 0 0 0 0 0 0 0 0 0 0 0 0 0 0 0 0 0 0 0 0 0 0 0 0 0 0 0 0 0 0 0 0
 0 0 0 0 0 0 0 0 0 0 0 0 0 0 0 0 0 0 0 0 0 0 0 0 0 0 0 0 0 0 0 0 0 0 0 0
 0 0 0 0 0 0 0 0 0 0 0 0 0 0 0 0 0 0 0 0 0 0 0 0 0 0 0 0 0 0 0 0 0 0 0 0
 0 0 0 0 0 0 0 0 0 0 0 0 0 0 0 0 0 0 0 0 0 0 0 0 0 0 0 0 0 0 0 0 0 0 0 0
 0 0 0 0 0 0 0 0 0 0 0 0 0 0 0 0 0 0 0 0 0 0 0 0 0 0 0 0 0 0 0 0 0 0 0 0
 0 0 0 0 0 0 0 0 0 0 0 0 0 0 0 0 0 0 0 0 0 0 0 0 0 0 0 0 0 0 0 0 0 0 0 0
 0 0 0 0 0 0 0 0 1.78061e-05 0.00172719 0.00360574 0.0105946 0.0120993 0.0124554 0.0147524 0.0171206 0.0266825 0.0428682 0.0675386 0.121331 0.153587 0.119568 0.100827 0.0573624 0.0630603 0.0341343 0.0324427 0.0444173 0.0211091 0.0280891 0.0125444 0.00206551 0 0 0 0
 0 0 0 0 0 0 0 0 0 0 0 0 0 0 0 0 0 0 0 0 0 0 0 0 0 0 0 0 0 0 0 0 0 0 0 0
 0 0 0 0 0 0 0.0133647 0.0140871 0.0187388 0.0205184 0.03894 0.0496705 0.03968 0.0493445 0.0407372 0.0367815 0.0215668 0.0243155 0.0234873 0.0199281 0.019796 0.0243948 0.0301388 0.0376714 0.0412746 0.0863199 0.0771752 0.113111 0.0741005 0.0525337 0.0229764 0.00759418 0.00175318 0 0 0
 0 0 0 0 0 0 0 0 0 0 0.00219441 0.00772107 0.0458388 0.0604681 0.0671733 0.0775358 0.0609151 0.0617685 0.073594 0.0568108 0.0755445 0.0548602 0.0670107 0.0636378 0.0643287 0.046367 0.0373049 0.0286899 0.0247887 0.0153202 0.00654259 0.00121912 0.000365735 0 0 0
 0 0 0 0 0 0 0 0 0 0 0 0 0.000112435 0.00938835 0.0111873 0.0202946 0.0414886 0.0713402 0.111592 0.104902 0.108894 0.110636 0.117776 0.105296 0.107544 0.0401394 0.0192827 0.0124803 0.00416011 0.0028671 0.000618394 0 0 0 0 0
 0 0 0 0 0 0 0 0 0 0 0.00291406 0.0102884 0.027416 0.0768956 0.0749926 0.110853 0.0956884 0.0897413 0.0766577 0.0534642 0.0500743 0.0551293 0.0594112 0.0620874 0.0668451 0.0424026 0.0208742 0.0120726 0.0048766 0.00582813 0.00118941 0.000297354 0 0 0 0
 0 0.00264628 0.0354308 0.0461629 0.0458689 0.0383711 0.0214643 0.0164657 0.0346957 0.0420465 0.0363128 0.0245516 0.0311673 0.0291091 0.0169068 0.0133784 0.00837989 0.0085269 0.0148486 0.0160247 0.0276389 0.0546898 0.0760071 0.122758 0.109233 0.0665981 0.0333725 0.0166128 0.00676272 0.00308733 0.000882094 0 0 0 0 0
 0 0 0 0 0 0 0 0.000805153 0.000690131 0.00759144 0.0133425 0.0154129 0.00931677 0.000345066 0.00356568 0.00563607 0.00851162 0.0253048 0.0502646 0.0516448 0.0657925 0.0565908 0.0611916 0.0827007 0.0866115 0.110766 0.145733 0.0935128 0.0569358 0.0249597 0.0138026 0.00621118 0.00161031 0.00115022 0 0
 0 0 0 0 0 0 0 0 0 0 0 0 0 0 0 0 0 0 0 0 0 0 0 0 0 0 0 0 0 0 0 0 0 0 0 0
 0.00147267 0.00158595 0.00478618 0.00569244 0.00954404 0.0108468 0.00647125 0.017049 0.0510054 0.094081 0.124002 0.0959785 0.0687766 0.0820023 0.061753 0.0591476 0.0492212 0.0479892 0.0443925 0.0268479 0.0217502 0.0140895 0.0121071 0.0120363 0.00920419 0.00665534 0.0049561 0.00860946 0.00930331 0.0156896 0.0114698 0.00855282 0.00243557 0.00046729 0 2.83206e-05
 0 0 0 0 0.000772559 0.00158375 0.000888443 0.00281984 0.00712685 0.0440552 0.0773331 0.111326 0.0921469 0.0852325 0.0710754 0.0886704 0.0786465 0.0553345 0.0373146 0.0185414 0.00753245 0.00457741 0.012979 0.0271748 0.0457355 0.0583668 0.034881 0.0177882 0.00938659 0.00492506 0.0015258 0.00185414 0.000309023 5.79419e-05 3.86279e-05 0
 0 0.00173294 0.00326652 0 0.00397197 0.00683976 0.00946217 0.0152591 0.00757587 0.0136028 0.0228656 0.0392903 0.0559909 0.0764795 0.0681675 0.0726916 0.0566044 0.0477403 0.0527397 0.0444891 0.0609904 0.0582453 0.0661739 0.0445044 0.0529084 0.0360697 0.0280645 0.0235558 0.0158879 0.00826598 0.00280645 0.00217768 0.000904811 0.00058276 9.20147e-05 0
 0 0 0 0 0 0 0 0 0 0 0 0 0 0 0 0 0 0 0 0 0 0 0 0 0 0 0 0 0 0 0 0 0 0 0 0
 0 0 0 0 0 0 0 0 0 0 0 0 0 0 0 0 0 0 0 0 0 0 0 0 0 0 0 0 0 0 0 0 0 0 0 0
 0 0 0 0 0 0 0 0 0 0 0 0 0 0 0 0 0 0 0 0 0 0 0 0 0 0 0 0 0 0 0 0 0 0 0 0
ppred_pel_tallas
 1.08354e-16 1.70408e-05 9.99773e-05 0.000475168 0.00182929 0.00570435 0.014409 0.0294845 0.048881 0.0656674 0.0715162 0.0632181 0.04555 0.0271831 0.014318 0.00823634 0.00720028 0.00912127 0.0127023 0.0173083 0.0225409 0.0279909 0.0331915 0.0376762 0.0410698 0.0431602 0.0439277 0.0435183 0.042178 0.040173 0.0377262 0.0349866 0.0320355 0.0289146 0.0256605 0.0223288
 1.07736e-16 1.56889e-05 9.20354e-05 0.0004374 0.00168386 0.00525081 0.0132634 0.0271411 0.0449982 0.0604583 0.0658618 0.0582641 0.042077 0.0253036 0.0136805 0.00842168 0.00796042 0.0103965 0.014535 0.0197562 0.0256187 0.0316371 0.0372549 0.0419244 0.0452171 0.0469117 0.0470275 0.0457897 0.0435465 0.0406676 0.037461 0.034131 0.0307807 0.0274444 0.0241312 0.020859
 1.09081e-16 1.11732e-05 6.5521e-05 0.00031134 0.00119848 0.00373716 0.00944015 0.0193186 0.0320337 0.0430533 0.0469375 0.0416091 0.0302372 0.0185606 0.0107216 0.00765666 0.0083271 0.0114433 0.0161825 0.0220745 0.0287067 0.035569 0.0420559 0.0475614 0.0516002 0.0539042 0.0544605 0.0534777 0.0513004 0.0483038 0.0448081 0.0410352 0.0371121 0.0331037 0.0290556 0.0250256
 1.0958e-16 1.66562e-05 9.77239e-05 0.000464465 0.0017881 0.00557591 0.0140845 0.0288202 0.0477785 0.064183 0.0698907 0.0617602 0.044454 0.0264383 0.0137618 0.00766386 0.00643553 0.00803387 0.0112052 0.0153637 0.0201769 0.0253185 0.0304088 0.0350549 0.0389193 0.0417788 0.0435495 0.0442705 0.0440591 0.0430564 0.0413859 0.0391385 0.0363823 0.033185 0.0296372 0.0258621
 1.07063e-16 2.04929e-05 0.000120246 0.000571529 0.00220031 0.00686136 0.0173315 0.035464 0.0587915 0.0789735 0.0859865 0.0759596 0.0546221 0.0323785 0.0166525 0.00894203 0.00710941 0.00860072 0.0118317 0.0160438 0.0208013 0.0256941 0.0302709 0.0340915 0.0368144 0.038266 0.0384666 0.0376006 0.0359476 0.0337991 0.0313917 0.0288739 0.0263108 0.0237141 0.0210795 0.0184166
 1.0547e-16 1.91529e-05 0.000112372 0.000534085 0.00205612 0.00641169 0.0161957 0.0331407 0.0549425 0.0738107 0.0803852 0.0710589 0.0512013 0.0305581 0.0160972 0.00925487 0.0080685 0.0101745 0.0140898 0.0190654 0.0246104 0.0302196 0.0353286 0.0393913 0.0419921 0.0429347 0.0422757 0.0402881 0.0373739 0.0339566 0.0303908 0.0269133 0.0236407 0.0206002 0.0177731 0.0151343
 1.04011e-16 2.46866e-05 0.000144869 0.000688595 0.00265105 0.00826698 0.0208819 0.0427283 0.0708313 0.0951377 0.103564 0.0914341 0.0656336 0.0386723 0.0194584 0.00975212 0.00693147 0.00788101 0.0106749 0.0144162 0.0186375 0.0229396 0.0268971 0.0300977 0.032222 0.0331095 0.0327843 0.0314308 0.0293317 0.0267907 0.0240679 0.0213448 0.0187215 0.0162373 0.0139006 0.0117138
 1.04263e-16 1.60962e-05 9.44174e-05 0.000448705 0.00172735 0.00538641 0.0136061 0.0278428 0.046164 0.0620317 0.0675943 0.0598405 0.0433106 0.0262348 0.0145249 0.00945579 0.00944582 0.0125548 0.0175364 0.0236931 0.0304654 0.0372124 0.0432069 0.0477507 0.0503242 0.0507023 0.0489981 0.0456129 0.0411204 0.0361218 0.0311227 0.0264631 0.0223094 0.0186907 0.0155572 0.0128331
 1.04674e-16 2.27717e-05 0.000133626 0.000635148 0.00244527 0.00762526 0.019261 0.0394117 0.065334 0.0877559 0.0955333 0.0843563 0.0605797 0.0357488 0.0180896 0.00923819 0.00679095 0.00788987 0.0107726 0.0146207 0.0190044 0.0235465 0.0278348 0.0314592 0.0340877 0.0355306 0.0357677 0.0349297 0.0332443 0.0309693 0.0283359 0.0255182 0.0226318 0.0197504 0.0169281 0.014217
 1.04071e-16 2.12205e-05 0.000124512 0.000591797 0.00227833 0.00710463 0.017946 0.0367219 0.0608782 0.0817805 0.0890534 0.0786943 0.0566436 0.033687 0.0175263 0.00972971 0.00809741 0.00998875 0.0137489 0.0185533 0.0238839 0.0292274 0.0340194 0.0377192 0.0399219 0.0404473 0.0393727 0.0369955 0.0337433 0.0300641 0.0263329 0.0228 0.0195865 0.0167144 0.0141511 0.0118505
 1.0508e-16 1.51345e-05 8.87738e-05 0.000421879 0.00162407 0.00506435 0.0127925 0.0261781 0.0434041 0.0583237 0.0635555 0.0562691 0.0407347 0.024693 0.0137061 0.00897872 0.00903197 0.0120524 0.016881 0.0228759 0.029524 0.0362322 0.0423192 0.047121 0.0501291 0.0510993 0.0500942 0.0474418 0.0436324 0.0391905 0.0345656 0.0300709 0.0258762 0.0220404 0.01856 0.0154121
 1.06912e-16 1.56515e-05 9.18175e-05 0.000436368 0.00167989 0.00523843 0.0132321 0.0270769 0.0448913 0.0603132 0.0656996 0.0581109 0.0419455 0.0251834 0.0135423 0.00822792 0.00767401 0.00998619 0.0139816 0.0190608 0.0248116 0.0307835 0.0364524 0.041291 0.0448704 0.0469426 0.047476 0.0466295 0.0446843 0.0419571 0.038729 0.0352089 0.0315338 0.0277919 0.0240543 0.0203957
 1.0576e-16 2.27895e-05 0.000133732 0.00063565 0.0024472 0.0076313 0.0192762 0.0394429 0.0653854 0.0878246 0.0956067 0.084418 0.0606171 0.0357568 0.0180672 0.0091825 0.00669332 0.00773578 0.0105433 0.0142964 0.0185676 0.0229868 0.0271537 0.0306746 0.0332371 0.0346712 0.034974 0.0342867 0.0328381 0.0308753 0.0286072 0.0261766 0.0236623 0.0211019 0.01852 0.0159499
 1.04013e-16 2.20299e-05 0.000129264 0.000614394 0.00236533 0.00737596 0.0186314 0.0381241 0.063202 0.0849 0.0924447 0.0816776 0.0587614 0.034887 0.0180413 0.00984115 0.00799125 0.00974106 0.0133695 0.0180267 0.0231926 0.0283622 0.0329843 0.0365328 0.0386156 0.0390611 0.0379508 0.0355811 0.0323753 0.0287756 0.0251504 0.0217439 0.0186711 0.0159473 0.0135335 0.0113763
 1.03076e-16 2.43849e-05 0.000143094 0.000680149 0.00261852 0.00816552 0.0206257 0.0422043 0.0699638 0.0939762 0.102309 0.0903482 0.0649025 0.0383386 0.0194692 0.0100493 0.00750334 0.0087618 0.0119167 0.016057 0.0206748 0.0253118 0.0294763 0.0326969 0.0346178 0.0350756 0.0341289 0.0320279 0.0291389 0.0258511 0.0224958 0.0193019 0.0163893 0.0137925 0.011496 0.00946767
 1.02595e-16 2.47147e-05 0.000145029 0.000689347 0.00265393 0.00827595 0.0209046 0.0427751 0.0709103 0.095248 0.103695 0.0915754 0.0657911 0.0388774 0.0197681 0.0102432 0.0076932 0.00900581 0.0122428 0.0164725 0.0211676 0.0258492 0.0300038 0.0331432 0.0349037 0.0351265 0.0338886 0.0314688 0.0282677 0.0247073 0.0211451 0.017825 0.0148705 0.0123088 0.0101099 0.00822326
 1.03073e-16 2.05344e-05 0.00012048 0.000572624 0.00220449 0.00687438 0.0173645 0.0355322 0.0589072 0.0791367 0.0861848 0.0761838 0.0548897 0.0327505 0.0172346 0.00987804 0.00857081 0.0107702 0.0148743 0.0200654 0.0257998 0.031518 0.0365997 0.04045 0.0426241 0.0429253 0.0414428 0.0385117 0.034616 0.0302674 0.0259015 0.021818 0.0181717 0.0150015 0.0122768 0.00994039
 1.03984e-16 2.0426e-05 0.000119847 0.000569625 0.00219296 0.00683843 0.0172736 0.035346 0.0585974 0.0787172 0.0857194 0.0757522 0.0545349 0.0324513 0.0169186 0.00945114 0.0079388 0.0098484 0.0135966 0.0183987 0.0237631 0.029198 0.0341556 0.0381023 0.0406259 0.0415218 0.0408282 0.0387943 0.0358001 0.0322563 0.028519 0.0248411 0.0213673 0.0181573 0.0152231 0.0125612
 1.04218e-16 2.14198e-05 0.000125684 0.000597376 0.00229981 0.00717165 0.0181153 0.037068 0.061451 0.0825475 0.0898819 0.0794104 0.0571242 0.0339032 0.0175121 0.00952268 0.00770488 0.00938903 0.0129108 0.0174581 0.0225435 0.0276958 0.032396 0.0361404 0.0385419 0.0394117 0.0387909 0.0369195 0.0341591 0.0308966 0.0274629 0.0240881 0.0208974 0.017936 0.0152061 0.012699
 1.03465e-16 2.47185e-05 0.000145054 0.000689471 0.00265442 0.00827749 0.0209084 0.0427827 0.0709221 0.0952613 0.103702 0.0915663 0.06575 0.0387839 0.0195934 0.00994801 0.00722804 0.00831635 0.0112804 0.0152089 0.0196106 0.0240551 0.028083 0.0312526 0.0332279 0.03385 0.0331645 0.0313935 0.0288663 0.0259327 0.0228904 0.0199444 0.0172026 0.0146984 0.0124241 0.0103606
 1.02909e-16 2.38182e-05 0.000139765 0.000664317 0.00255755 0.0079754 0.0201455 0.041222 0.0683362 0.0917927 0.0999387 0.0882722 0.063448 0.0375533 0.0192065 0.0101341 0.00783265 0.00931109 0.0127036 0.0171043 0.0219859 0.0268567 0.031186 0.0344685 0.0363273 0.0365979 0.0353594 0.0328995 0.0296311 0.0259886 0.0223389 0.0189315 0.0158908 0.0132429 0.0109557 0.00897746
 1.03455e-16 1.98528e-05 0.000116479 0.000553601 0.00213125 0.00664598 0.0167875 0.0343518 0.0569506 0.0765095 0.0833269 0.0736656 0.0530928 0.0317136 0.0167537 0.00970523 0.00853601 0.0107946 0.0149365 0.0201702 0.0259636 0.0317628 0.0369505 0.0409321 0.0432597 0.0437295 0.0424202 0.0396535 0.0358991 0.0316557 0.027349 0.0232738 0.0195852 0.0163275 0.0134797 0.0109965
 1.03578e-16 2.42815e-05 0.000142489 0.000677278 0.00260747 0.00813109 0.0205386 0.0420261 0.0696677 0.0935763 0.101868 0.0899461 0.0645857 0.0380956 0.0192437 0.00976885 0.00709956 0.00817715 0.0111085 0.0150054 0.0193938 0.0238593 0.0279562 0.031252 0.0334107 0.0342623 0.0338309 0.0323096 0.0299966 0.0272152 0.0242457 0.0212881 0.0184577 0.0158049 0.0133448 0.0110822
 1.03428e-16 2.1504e-05 0.000126175 0.000599703 0.00230876 0.00719955 0.0181858 0.0372126 0.0616917 0.0828735 0.0902444 0.0797484 0.0574059 0.0341473 0.0177785 0.00988911 0.00825046 0.0101858 0.0140159 0.0189 0.0243062 0.0297049 0.0345144 0.0381781 0.0402805 0.0406394 0.0393397 0.0366954 0.0331575 0.0291998 0.0252221 0.0214947 0.0181521 0.0152216 0.0126689 0.0104396
 1.05182e-16 1.30015e-05 7.6248e-05 0.000362323 0.00139475 0.00434921 0.0109862 0.0224825 0.0372797 0.0501031 0.0546213 0.0484157 0.0351723 0.0215667 0.0124133 0.00879246 0.00948028 0.0129542 0.0182275 0.0247167 0.031901 0.0391466 0.0457176 0.0508948 0.054127 0.0551482 0.0540247 0.0511103 0.0469359 0.0420707 0.0370048 0.032082 0.0274921 0.0233042 0.0195188 0.0161136
pSPR Fmed_Fpbrs
0.665104   0.255595 0.255595
Fs Fmed_Fpbrs
0.215779   1.005 1.005
SSBpbr Bo_Bmed_Bpbrs
1.2408e+06  763223  255103 255103
Ro
50011.1
SPR SPRFo_SPRFmed_SPRFpbrs
1.02837e+06 683972 262846
log_Ro
10.64
likeval ReclasPelacesDesembMPH_pf_preclas_ppelaces_ptallas_desvR_qrecl_qpela
 146.981 66.0036 0.0970058 0.000912001 344.435 212.36 81.3965 0 13.4522 0 0 0 0 0 0
q_reclas_q_pelaces
1 1
M
0.7
N
 71942.1 29732.6 14764.8 7331.97 7232.51
 63104 33657.1 13104.7 6507.59 6419.31
 33279.5 29202.7 14514.9 5651.5 5574.83
 41154.1 14208.3 10719.2 5327.86 4120.75
 62499.3 19716.1 6566.98 4954.32 4367.07
 67492 30740.9 9605.3 3199.31 4541.2
 117690 29449.2 11786 3682.65 2967.69
 78268.8 54508.8 12721.3 5091.27 2872.78
 119116 33876.4 20563.2 4799.06 3004.4
 124463 50520.4 12271.4 7448.81 2826.73
 69720 54485.8 19496.5 4735.69 3965.46
 44868.1 26282.9 15592.7 5579.5 2490.09
 50990.9 17140 7723.67 4582.18 2371.38
 30686.7 17429.5 4032.76 1817.26 1636.06
 20319.5 8310.51 2574.24 595.614 510.034
 18729.4 6221.55 1568.94 485.99 208.735
 16269.8 7598.78 2062.26 520.058 230.281
 17241.3 6927.53 2774.22 752.905 273.939
 21316.4 7683.37 2770.42 1109.45 410.65
 35261.5 9625.39 3154.77 1137.53 624.148
 51200.7 16012.4 3997.03 1310.05 731.551
 54975.5 24411.2 7329.78 1829.66 934.551
 97752.2 25846.4 10865.6 3262.55 1230.37
 116753 45406.3 11230.1 4721.07 1952.15
 66309.1 54507.8 19929.7 4929.12 2929.01
pred_Ctot
 3005.67 2420.79 1202.13 596.96 588.862
 3102.91 3210.25 1249.94 620.702 612.282
 3386.05 5573.8 2770.4 1078.68 1064.05
 1045.47 710.637 536.124 266.475 206.101
 427.903 268.838 89.5437 67.5543 59.547
 5933 5114.62 1598.11 532.294 755.556
 5720.9 2777.81 1111.72 347.367 279.929
 7285.21 9570.92 2233.68 893.95 504.418
 12613.9 6711.56 4073.95 950.785 595.228
 10679.7 8215.69 1995.59 1211.33 459.686
 12269.6 17132.7 6130.54 1489.11 1246.91
 7558.35 7950.76 4716.9 1687.83 753.269
 11676.5 6766.31 3049.06 1808.9 936.145
 10385.6 9418.39 2179.18 981.99 884.078
 5759.9 3910.88 1211.42 280.293 240.019
 2493.71 1522.58 383.961 118.935 51.083
 1682.97 1472.9 399.737 100.805 44.6363
 1280.14 982.031 393.267 106.73 38.833
 1397.96 967.353 348.802 139.682 51.7017
 2180.54 1145.41 375.413 135.364 74.2728
 1472.39 904.703 225.832 74.0176 41.3326
 2111.92 1831.38 549.894 137.265 70.1118
 4559.18 2342.08 984.595 295.637 111.491
 5043.55 3819.11 944.564 397.089 164.195
 2776.24 4447.17 1626.02 402.156 238.972
F
 0.0596375 0.119275 0.119275 0.119275 0.119275
 0.0705243 0.141049 0.141049 0.141049 0.141049
 0.151113 0.302227 0.302227 0.302227 0.302227
 0.035887 0.0717741 0.0717741 0.0717741 0.0717741
 0.00956041 0.0191208 0.0191208 0.0191208 0.0191208
 0.129341 0.258682 0.258682 0.258682 0.258682
 0.0696936 0.139387 0.139387 0.139387 0.139387
 0.13743 0.274861 0.274861 0.274861 0.274861
 0.157724 0.315447 0.315447 0.315447 0.315447
 0.126072 0.252145 0.252145 0.252145 0.252145
 0.275567 0.551135 0.551135 0.551135 0.551135
 0.262315 0.52463 0.52463 0.52463 0.52463
 0.373481 0.746962 0.746962 0.746962 0.746962
 0.606307 1.21261 1.21261 1.21261 1.21261
 0.48356 0.96712 0.96712 0.96712 0.96712
 0.202108 0.404217 0.404217 0.404217 0.404217
 0.153809 0.307619 0.307619 0.307619 0.307619
 0.108253 0.216505 0.216505 0.216505 0.216505
 0.0950716 0.190143 0.190143 0.190143 0.190143
 0.0894262 0.178852 0.178852 0.178852 0.178852
 0.0407106 0.0814213 0.0814213 0.0814213 0.0814213
 0.0547184 0.109437 0.109437 0.109437 0.109437
 0.0667848 0.13357 0.13357 0.13357 0.13357
 0.0617196 0.123439 0.123439 0.123439 0.123439
 0.059768 0.119536 0.119536 0.119536 0.119536
YTP_r0W_actual
 31093.8 97837.8 53658.7 16528.6 10228
YTP_p0W_proyectada
 116589 320140 361417 172382 70173.4
 116589 145498 84841.5 85699.2 42306.9
CTP_r0_actual
 2776.24 4447.17 1626.02 402.156 238.972
CTP_p0_proyectada
 13716.4 14959.8 11583.9 4235.42 1509.11
 13716.4 6798.95 2719.28 2105.63 909.826
Wmedp
 8.5 21.4 31.2 40.7 46.5
nmprior
 10.6 11 7 0
nm_flota  nm_reclas  nm_pelaces    nm_pelaL
inf 13.0587 13.583 29.7095
cv_recla  cv_pelaces  cv_mph
1.09662 0.921205 0.979797
 ------------------------------------------------
Talla a la edad & desviaci?n 
 7.2 14.2025 17.0495 18.207 18.6776
 1.08 2.13037 2.55742 2.73105 2.80164
