years
 1997 1998 1999 2000 2001 2002 2003 2004 2005 2006 2007 2008 2009 2010 2011 2012 2013 2014 2015 2016 2017 2018 2019 2020 2021
reclasobs
 0 0 0 370054 412103 1.49427e+06 250295 1.28982e+06 931140 785840 897777 1.04006e+06 184774 17550 25797 100020 73551 82996 120727 218422 84188 347160 605670 569463 516374
reclaspred
 1.19761e+06 240889 535351 165938 208201 284889 559081 336203 484897 1.10979e+06 1.2672e+06 725481 427738 213258 134007 124394 124468 149730 132536 203408 388927 343729 511691 588649 513599
pelacesobs
 0 0 0 0 0 0 0 0 0 2.06254e+06 1.5e+06 0 1.87456e+06 323000 250000 174000 83755 137374 0 501740 490994 745055 786931 1.00524e+06 1.33801e+06
pelacespred
 658759 229366 146697 116835 122267 114703 274109 182147 257430 632162 640621 375044 232757 92397.7 56706.1 59680.1 62022.7 74194.6 68360.6 101833 211335 205460 228726 299506 251470
mphobs
 0 0 0 0 0 112323 0 153150 637223 0 255016 313432 73983 77613 109348 50772 0 0 0 0 0 0 0 0 0
mphpred
 927591 412184 373333 224589 128042 266010 336069 402264 325930 632526 1.33935e+06 812540 425122 289944 122902 108449 105962 120718 128426 124811 278221 346027 355991 492399 518712
desembarqueobs
 350755 77701 442110 56441 14545 235359 269955 359681 431902 328805 639364 411747 362871 311530 167758 66681 60226 58785 57116 73181 50977 67692 138656 160484 209506
desembarquepred
 350894 77653.1 441015 56378 14563.9 235447 269719 359966 431767 328515 638458 412665 363212 311321 167627 66662.8 60224.2 58748.7 57116.6 73022.8 50980.5 67692.4 138438 160252 209113
Reclutas
 29906.3 58731.7 2461.67 3492.32 42567 30504.5 48986.6 42716.5 102838 255675 25710.3 16156.4 73517 22075.5 20597.7 14000.5 10304.3 10618.5 7593.9 33474.7 31552.6 25508 62396.6 43048.4 807.573
log_desv_Rt
 0.265824 0.940736 -2.23141 -1.88168 0.618836 0.285628 0.759302 0.62234 1.50091 2.41166 0.114646 -0.349926 1.16527 -0.0377762 -0.107067 -0.493151 -0.799685 -0.769647 -1.1049 0.378544 0.31941 0.106747 1.00127 0.630079 -3.34597
SSB
 927591 412184 373333 224589 128042 266010 336069 402264 325930 632526 1.33935e+06 812540 425122 289944 122902 108449 105962 120718 128426 124811 278221 346027 355991 492399 518712
BT
 1.89961e+06 576131 502664 282492 340908 415040 980975 815907 1.17799e+06 2.13716e+06 1.7702e+06 1.0878e+06 944794 489861 286450 187246 191762 216035 188243 333147 542362 465454 604564 761044 622988
Ftot
 0.282029 0.310329 0.755904 0.325533 0.0683428 0.763067 0.460082 0.974708 0.83208 0.286339 0.476469 0.534974 0.788387 1.26806 1.12353 0.507544 0.460263 0.375571 0.410692 0.345633 0.127568 0.190761 0.261075 0.262494 0.387784
BD_Bspro_t
 0.958338 0.756924 0.640681 0.34163 0.338469 0.578535 0.477562 0.471824 0.39292 0.50235 0.639242 0.439957 0.304117 0.262393 0.148376 0.154704 0.196761 0.286035 0.352492 0.409339 0.62248 0.720929 0.699521 0.698698 0.643026
BD_Bspro
 1.96769 0.874363 0.791949 0.476419 0.271616 0.564285 0.712902 0.853321 0.691392 1.34177 2.84116 1.72363 0.901809 0.615057 0.260711 0.230052 0.224777 0.256077 0.272429 0.264762 0.590188 0.734025 0.755161 1.04452 1.10034
BD_Bo
 1.06753 0.474368 0.429656 0.258472 0.14736 0.306141 0.38677 0.462952 0.375101 0.727952 1.54141 0.935123 0.489258 0.333687 0.141444 0.12481 0.121948 0.13893 0.147801 0.143641 0.320195 0.39823 0.409697 0.566684 0.596967
BD_Brms
 5.1924 2.30729 2.08982 1.25719 0.716747 1.48905 1.88122 2.25177 1.82447 3.54071 7.49732 4.54837 2.37972 1.62303 0.687972 0.607067 0.593148 0.675744 0.718893 0.69866 1.55741 1.93696 1.99274 2.75631 2.90361
S_f
 0.5 1 1 1 1
 0.5 1 1 1 1
 0.5 1 1 1 1
 0.5 1 1 1 1
 0.5 1 1 1 1
 0.5 1 1 1 1
 0.5 1 1 1 1
 0.5 1 1 1 1
 0.5 1 1 1 1
 0.5 1 1 1 1
 0.5 1 1 1 1
 0.5 1 1 1 1
 0.5 1 1 1 1
 0.5 1 1 1 1
 0.5 1 1 1 1
 0.5 1 1 1 1
 0.5 1 1 1 1
 0.5 1 1 1 1
 0.5 1 1 1 1
 0.5 1 1 1 1
 0.5 1 1 1 1
 0.5 1 1 1 1
 0.5 1 1 1 1
 0.5 1 1 1 1
 0.5 1 1 1 1
Scru_reclas
 0.5 1 1 1 1
 0.5 1 1 1 1
 0.5 1 1 1 1
 0.5 1 1 1 1
 0.5 1 1 1 1
 0.5 1 1 1 1
 0.5 1 1 1 1
 0.5 1 1 1 1
 0.5 1 1 1 1
 0.5 1 1 1 1
 0.5 1 1 1 1
 0.5 1 1 1 1
 0.5 1 1 1 1
 0.5 1 1 1 1
 0.5 1 1 1 1
 0.5 1 1 1 1
 0.5 1 1 1 1
 0.5 1 1 1 1
 0.5 1 1 1 1
 0.5 1 1 1 1
 0.5 1 1 1 1
 0.5 1 1 1 1
 0.5 1 1 1 1
 0.5 1 1 1 1
 0.5 1 1 1 1
Scru_pelaces
 0.5 1 1 1 1
 0.5 1 1 1 1
 0.5 1 1 1 1
 0.5 1 1 1 1
 0.5 1 1 1 1
 0.5 1 1 1 1
 0.5 1 1 1 1
 0.5 1 1 1 1
 0.5 1 1 1 1
 0.5 1 1 1 1
 0.5 1 1 1 1
 0.5 1 1 1 1
 0.5 1 1 1 1
 0.5 1 1 1 1
 0.5 1 1 1 1
 0.5 1 1 1 1
 0.5 1 1 1 1
 0.5 1 1 1 1
 0.5 1 1 1 1
 0.5 1 1 1 1
 0.5 1 1 1 1
 0.5 1 1 1 1
 0.5 1 1 1 1
 0.5 1 1 1 1
 0.5 1 1 1 1
pf_obs 
 0.256992 0.487395 0.22802 0.0275931 0
 0.321318 0.546541 0.124235 0.00734118 0.000564706
 0.182869 0.594174 0.210203 0.0122559 0.00049798
 0.330522 0.361315 0.267642 0.0388342 0.00168674
 0.649043 0.306663 0.0425973 0.00169635 0
 0.582887 0.30429 0.105238 0.00758474 0
 0.465427 0.430635 0.0974691 0.00646863 0
 0.296916 0.608066 0.0921331 0.00288517 0
 0.311714 0.524322 0.152257 0.0117073 0
 0.15457 0.633149 0.183074 0.0267441 0.00246327
 0.131901 0.49318 0.331252 0.0422183 0.00144891
 0.196976 0.569456 0.194076 0.0375587 0.00193317
 0.518974 0.381816 0.0799577 0.0180837 0.00116848
 0.0928022 0.601141 0.25162 0.0475244 0.00691264
 0.122501 0.610282 0.24278 0.0234846 0.000952079
 0.383417 0.481906 0.127806 0.00687128 0
 0.0376549 0.599619 0.316969 0.0457579 0
 0.0361596 0.667082 0.258105 0.0386534 0
 0.158088 0.579412 0.248529 0.0139706 0
 0.0477256 0.309471 0.559284 0.082774 0.000745712
 0.0406174 0.521527 0.379366 0.0568643 0.0016247
 0.151134 0.462217 0.34131 0.0453401 0
 0.294876 0.26143 0.354403 0.0886775 0.000613685
 0.281977 0.475581 0.204845 0.0348837 0.00271318
 0.0841818 0.532909 0.334909 0.0458182 0.00218182
pf_pred 
 0.369649 0.317328 0.15758 0.0782521 0.0771905
 0.576485 0.237099 0.0938445 0.0466018 0.0459696
 0.0411072 0.717795 0.134975 0.0534237 0.052699
 0.178347 0.0798727 0.555272 0.104414 0.0820944
 0.825593 0.0563173 0.0114794 0.0798046 0.0268053
 0.440437 0.507027 0.0169643 0.00345792 0.0321138
 0.633869 0.243334 0.111268 0.00372284 0.00780626
 0.515585 0.386786 0.0648854 0.0296697 0.00307425
 0.775134 0.166806 0.0463582 0.00777684 0.00392452
 0.783759 0.194344 0.0162431 0.00451424 0.00113945
 0.102653 0.796193 0.0909105 0.00759823 0.00264469
 0.157283 0.175536 0.591972 0.0675923 0.00761564
 0.680294 0.097237 0.0463398 0.156275 0.0198541
 0.323388 0.570912 0.0321482 0.0153207 0.0582311
 0.562633 0.25713 0.15208 0.00856368 0.0195929
 0.511246 0.383694 0.0617654 0.0365314 0.00676351
 0.4267 0.406104 0.131257 0.0211292 0.0148106
 0.471005 0.33331 0.138615 0.0448019 0.0122673
 0.386336 0.40814 0.129497 0.0538545 0.0221724
 0.774707 0.132163 0.0619396 0.0196525 0.0115379
 0.506159 0.436422 0.0336833 0.015786 0.00794923
 0.380697 0.421139 0.175124 0.0135162 0.0095243
 0.618033 0.215754 0.113028 0.0470011 0.00618378
 0.394138 0.470857 0.0762576 0.0399495 0.0187981
 0.0134544 0.575971 0.319086 0.0516775 0.0398115
pobs_RECLAS
 0 0 0 0 0
 0 0 0 0 0
 0 0 0 0 0
 0 0 0 0 0
 0.835266 0.146461 0.0176864 0.000547809 3.91292e-05
 0.385257 0.428462 0.181853 0.0044286 0
 0.867414 0.0963971 0.0333333 0.00285562 0
 0.441836 0.489002 0.0689373 0.000224442 0
 0.779404 0.147425 0.0564933 0.0165055 0.000172143
 0.814271 0.122319 0.05973 0.00367925 0
 0.40263 0.566651 0.0304383 0.000280538 0
 0.475488 0.404961 0.113038 0.00651328 0
 0.955842 0.0263864 0.0167828 0.000988607 0
 0.975058 0.0227948 0.00214734 0 0
 0.738997 0.206755 0.0527124 0.00153531 0
 0.850938 0.134255 0.0134407 0.00136685 0
 0.542534 0.407297 0.0501686 0 0
 0.764087 0.199537 0.0359546 0.000420521 0
 0.470689 0.182191 0.310203 0.0369168 0
 0.84361 0.089868 0.0606195 0.00523954 0.000663233
 0.607945 0.314616 0.071237 0.00620181 0
 0.523733 0.453247 0.0230204 0 0
 0.530135 0.295979 0.169645 0.0042399 0
 0.562478 0.366248 0.0663022 0.0049721 0
 0.250443 0.683176 0.0655157 0.000865301 0
ppred_RECLAS
 0.372114 0.316087 0.156964 0.0779461 0.0768887
 0.579385 0.235475 0.0932019 0.0462827 0.0456548
 0.0426663 0.716628 0.134756 0.0533369 0.0526133
 0.180203 0.0796922 0.554017 0.104178 0.0819089
 0.825898 0.0562188 0.0114594 0.0796651 0.0267585
 0.450164 0.498213 0.0166694 0.00339781 0.0315556
 0.638423 0.240308 0.109884 0.00367653 0.00770916
 0.5296 0.375596 0.0630082 0.0288113 0.00298531
 0.782811 0.161112 0.0447757 0.00751136 0.00379055
 0.785578 0.19271 0.0161065 0.00447628 0.00112986
 0.104567 0.794495 0.0907166 0.00758202 0.00263905
 0.160498 0.174867 0.589714 0.0673344 0.00758659
 0.689201 0.0945282 0.0450489 0.151921 0.019301
 0.341897 0.555294 0.0312688 0.0149016 0.0566382
 0.579637 0.247134 0.146168 0.00823075 0.0188311
 0.516845 0.379298 0.0610578 0.0361128 0.00668602
 0.431522 0.402688 0.130153 0.0209514 0.014686
 0.474774 0.330935 0.137628 0.0444828 0.0121799
 0.390365 0.405461 0.128647 0.0535009 0.0220268
 0.777072 0.130776 0.0612892 0.0194461 0.0114167
 0.507206 0.435497 0.033612 0.0157526 0.00793239
 0.382259 0.420076 0.174682 0.0134821 0.00950027
 0.620301 0.214473 0.112357 0.0467221 0.00614707
 0.396452 0.469058 0.0759664 0.0397969 0.0187263
 0.0136651 0.575848 0.319017 0.0516665 0.039803
pobs_PELACES
 0 0 0 0 0
 0 0 0 0 0
 0 0 0 0 0
 0 0 0 0 0
 0 0 0 0 0
 0 0 0 0 0
 0 0 0 0 0
 0 0 0 0 0
 0 0 0 0 0
 0 0 0 0 0
 0.450072 0.473896 0.0757376 0.000293798 0
 0 0 0 0 0
 0.463077 0.371075 0.160297 0.00555027 0
 0.529543 0.364841 0.0842815 0.0213345 0
 0.631943 0.363953 0.00410389 0 0
 0.735681 0.248677 0.0153453 0.000297389 0
 0.695825 0.281241 0.0229344 0 0
 0.275771 0.60734 0.115278 0.00161068 0
 0 0 0 0 0
 0.896147 0.0623911 0.0374545 0.00400742 0
 0.803859 0.145111 0.0509908 3.86294e-05 0
 0.739449 0.233085 0.0266225 0.000797448 4.60066e-05
 0.878498 0.100942 0.0204185 0.000141795 0
 0.694673 0.275183 0.0284847 0.00165964 0
 0.469039 0.446079 0.0841089 0.000773354 0
ppred_PELACES
 0.38305 0.310582 0.15423 0.0765885 0.0755495
 0.59181 0.228519 0.0904487 0.0449155 0.0443062
 0.0480615 0.712589 0.133997 0.0530363 0.0523168
 0.188275 0.0789075 0.548562 0.103153 0.0811024
 0.827514 0.0556972 0.011353 0.0789258 0.0265102
 0.481483 0.469835 0.0157199 0.00320427 0.0297582
 0.655756 0.228788 0.104616 0.00350029 0.0073396
 0.56939 0.343824 0.0576784 0.0263742 0.00273278
 0.805247 0.144469 0.0401503 0.00673542 0.00339898
 0.793429 0.185654 0.0155168 0.00431238 0.0010885
 0.11216 0.787758 0.0899474 0.00751773 0.00261667
 0.172751 0.172315 0.581107 0.0663517 0.00747586
 0.716358 0.0862683 0.0411125 0.138646 0.0176145
 0.390402 0.514367 0.0289641 0.0138033 0.0524637
 0.624024 0.221038 0.130734 0.00736164 0.0168427
 0.537716 0.362914 0.0584203 0.0345529 0.00639721
 0.45024 0.389429 0.125867 0.0202616 0.0142025
 0.490246 0.321187 0.133574 0.0431724 0.0118211
 0.406606 0.394659 0.125219 0.0520756 0.02144
 0.786795 0.125072 0.0586161 0.018598 0.0109188
 0.512466 0.430849 0.0332532 0.0155844 0.00784772
 0.389719 0.415003 0.172573 0.0133193 0.00938555
 0.630393 0.208773 0.109371 0.0454802 0.00598368
 0.40686 0.460969 0.0746563 0.0391106 0.0184033
 0.0145549 0.575329 0.31873 0.0516199 0.0397671
pobs_pel_tallas
 0 0 0 0 0 0 0 0 0 0 0 0 0 0 0 0 0 0 0 0 0 0 0 0 0 0 0 0 0 0 0 0 0 0 0 0
 0 0 0 0 0 0 0 0 0 0 0 0 0 0 0 0 0 0 0 0 0 0 0 0 0 0 0 0 0 0 0 0 0 0 0 0
 0 0 0 0 0 0 0 0 0 0 0 0 0 0 0 0 0 0 0 0 0 0 0 0 0 0 0 0 0 0 0 0 0 0 0 0
 0 0 0 0 0 0 0 0 0 0 0 0 0 0 0 0 0 0 0 0 0 0 0 0 0 0 0 0 0 0 0 0 0 0 0 0
 0 0 0 0 0 0 0 0 0 0 0 0 0 0 0 0 0 0 0 0 0 0 0 0 0 0 0 0 0 0 0 0 0 0 0 0
 0 0 0 0 0 0 0 0 0 0 0 0 0 0 0 0 0 0 0 0 0 0 0 0 0 0 0 0 0 0 0 0 0 0 0 0
 0 0 0 0 0 0 0 0 0 0 0 0 0 0 0 0 0 0 0 0 0 0 0 0 0 0 0 0 0 0 0 0 0 0 0 0
 0 0 0 0 0 0 0 0 0 0 0 0 0 0 0 0 0 0 0 0 0 0 0 0 0 0 0 0 0 0 0 0 0 0 0 0
 0 0 0 0 0 0 0 0 0 0 0 0 0 0 0 0 0 0 0 0 0 0 0 0 0 0 0 0 0 0 0 0 0 0 0 0
 0 0 0 0 0 0 0 0 0 0 0 0 0 0 0 0 0 0 0 0 0 0 0 0 0 0 0 0 0 0 0 0 0 0 0 0
 0 0 0 0 0 0 0 0 1.78061e-05 0.00172719 0.00360574 0.0105946 0.0120993 0.0124554 0.0147524 0.0171206 0.0266825 0.0428682 0.0675386 0.121331 0.153587 0.119568 0.100827 0.0573624 0.0630603 0.0341343 0.0324427 0.0444173 0.0211091 0.0280891 0.0125444 0.00206551 0 0 0 0
 0 0 0 0 0 0 0 0 0 0 0 0 0 0 0 0 0 0 0 0 0 0 0 0 0 0 0 0 0 0 0 0 0 0 0 0
 0 0 0 0 0 0 0.0133647 0.0140871 0.0187388 0.0205184 0.03894 0.0496705 0.03968 0.0493445 0.0407372 0.0367815 0.0215668 0.0243155 0.0234873 0.0199281 0.019796 0.0243948 0.0301388 0.0376714 0.0412746 0.0863199 0.0771752 0.113111 0.0741005 0.0525337 0.0229764 0.00759418 0.00175318 0 0 0
 0 0 0 0 0 0 0 0 0 0 0.00219441 0.00772107 0.0458388 0.0604681 0.0671733 0.0775358 0.0609151 0.0617685 0.073594 0.0568108 0.0755445 0.0548602 0.0670107 0.0636378 0.0643287 0.046367 0.0373049 0.0286899 0.0247887 0.0153202 0.00654259 0.00121912 0.000365735 0 0 0
 0 0 0 0 0 0 0 0 0 0 0 0 0.000112435 0.00938835 0.0111873 0.0202946 0.0414886 0.0713402 0.111592 0.104902 0.108894 0.110636 0.117776 0.105296 0.107544 0.0401394 0.0192827 0.0124803 0.00416011 0.0028671 0.000618394 0 0 0 0 0
 0 0 0 0 0 0 0 0 0 0 0.00291406 0.0102884 0.027416 0.0768956 0.0749926 0.110853 0.0956884 0.0897413 0.0766577 0.0534642 0.0500743 0.0551293 0.0594112 0.0620874 0.0668451 0.0424026 0.0208742 0.0120726 0.0048766 0.00582813 0.00118941 0.000297354 0 0 0 0
 0 0.00264628 0.0354308 0.0461629 0.0458689 0.0383711 0.0214643 0.0164657 0.0346957 0.0420465 0.0363128 0.0245516 0.0311673 0.0291091 0.0169068 0.0133784 0.00837989 0.0085269 0.0148486 0.0160247 0.0276389 0.0546898 0.0760071 0.122758 0.109233 0.0665981 0.0333725 0.0166128 0.00676272 0.00308733 0.000882094 0 0 0 0 0
 0 0 0 0 0 0 0 0.000805153 0.000690131 0.00759144 0.0133425 0.0154129 0.00931677 0.000345066 0.00356568 0.00563607 0.00851162 0.0253048 0.0502646 0.0516448 0.0657925 0.0565908 0.0611916 0.0827007 0.0866115 0.110766 0.145733 0.0935128 0.0569358 0.0249597 0.0138026 0.00621118 0.00161031 0.00115022 0 0
 0 0 0 0 0 0 0 0 0 0 0 0 0 0 0 0 0 0 0 0 0 0 0 0 0 0 0 0 0 0 0 0 0 0 0 0
 0.00147267 0.00158595 0.00478618 0.00569244 0.00954404 0.0108468 0.00647125 0.017049 0.0510054 0.094081 0.124002 0.0959785 0.0687766 0.0820023 0.061753 0.0591476 0.0492212 0.0479892 0.0443925 0.0268479 0.0217502 0.0140895 0.0121071 0.0120363 0.00920419 0.00665534 0.0049561 0.00860946 0.00930331 0.0156896 0.0114698 0.00855282 0.00243557 0.00046729 0 2.83206e-05
 0 0 0 0 0.000772559 0.00158375 0.000888443 0.00281984 0.00712685 0.0440552 0.0773331 0.111326 0.0921469 0.0852325 0.0710754 0.0886704 0.0786465 0.0553345 0.0373146 0.0185414 0.00753245 0.00457741 0.012979 0.0271748 0.0457355 0.0583668 0.034881 0.0177882 0.00938659 0.00492506 0.0015258 0.00185414 0.000309023 5.79419e-05 3.86279e-05 0
 0 0.00173294 0.00326652 0 0.00397197 0.00683976 0.00946217 0.0152591 0.00757587 0.0136028 0.0228656 0.0392903 0.0559909 0.0764795 0.0681675 0.0726916 0.0566044 0.0477403 0.0527397 0.0444891 0.0609904 0.0582453 0.0661739 0.0445044 0.0529084 0.0360697 0.0280645 0.0235558 0.0158879 0.00826598 0.00280645 0.00217768 0.000904811 0.00058276 9.20147e-05 0
 0 0 0 0 0 0 0 0 0 0 0 0 0 0 0 0 0 0 0 0 0 0 0 0 0 0 0 0 0 0 0 0 0 0 0 0
 0 0 0 0 0 0 0 0 0 0 0 0 0 0 0 0 0 0 0 0 0 0 0 0 0 0 0 0 0 0 0 0 0 0 0 0
 0 0 0 0 0 0 0 0 0 0 0 0 0 0 0 0 0 0 0 0 0 0 0 0 0 0 0 0 0 0 0 0 0 0 0 0
ppred_pel_tallas
 1.08453e-16 1.67281e-05 9.81413e-05 0.000466439 0.00179568 0.00559954 0.0141442 0.0289429 0.0479833 0.0644624 0.0702062 0.0620658 0.0447321 0.0267198 0.0141195 0.00819397 0.00724217 0.00921792 0.0128496 0.0175116 0.022806 0.0283202 0.0335819 0.0381195 0.041553 0.0436679 0.0444444 0.0440302 0.0426742 0.0406457 0.03817 0.0353982 0.0324123 0.0292547 0.0259624 0.0225914
 1.04973e-16 2.58277e-05 0.000151571 0.000720468 0.00277379 0.00864975 0.0218487 0.0447061 0.0741083 0.0995347 0.108338 0.0956196 0.0685742 0.0402764 0.0200274 0.00964632 0.00636717 0.00691477 0.00927384 0.0125282 0.0162376 0.0200575 0.0236292 0.0266054 0.0287144 0.0298152 0.0299184 0.0291643 0.027771 0.0259701 0.0239546 0.0218527 0.0197292 0.0176065 0.0154916 0.0133975
 1.06402e-16 2.13739e-06 1.24438e-05 5.89409e-05 0.000226572 0.000706228 0.00178466 0.00365731 0.00608386 0.00823538 0.00913293 0.00846317 0.00694693 0.00584821 0.00619269 0.00844698 0.0127025 0.018921 0.0269708 0.0365142 0.0469064 0.0571999 0.0662726 0.0730451 0.0767225 0.0769759 0.0740084 0.0684751 0.0612975 0.0534337 0.0456823 0.0385715 0.0323458 0.027026 0.0225031 0.018627
 1.15147e-16 8.22662e-06 4.82489e-05 0.000229287 0.000882655 0.00275235 0.00695223 0.014226 0.0235843 0.0316831 0.0345041 0.0304988 0.0219728 0.0131138 0.00692471 0.0040492 0.00369744 0.00494438 0.00728893 0.0105917 0.0148569 0.0200822 0.0261896 0.0329993 0.0402247 0.0474826 0.0543176 0.0602399 0.0647772 0.0675332 0.0682459 0.0668317 0.063406 0.0582698 0.051868 0.044723
 1.04131e-16 3.60982e-05 0.000211885 0.00100724 0.003878 0.0120932 0.0305464 0.0625009 0.103598 0.139118 0.151356 0.13343 0.0953482 0.0553117 0.02622 0.0104897 0.00412531 0.00245048 0.00262325 0.0034501 0.0045361 0.00574233 0.00698386 0.00818579 0.00928598 0.0102432 0.0110393 0.0116728 0.0121474 0.0124603 0.0125968 0.0125316 0.0122379 0.0116988 0.0109182 0.00992517
 1.01877e-16 2.10266e-05 0.000123363 0.000586312 0.00225717 0.00703863 0.0177794 0.0363819 0.0603177 0.0810371 0.0882691 0.078061 0.0563176 0.0337525 0.0180329 0.0107536 0.0097711 0.0124843 0.0172299 0.0231136 0.0294863 0.0356569 0.0408678 0.0444131 0.0457962 0.0448506 0.0417807 0.0371033 0.0315144 0.0257248 0.0203189 0.0156724 0.011939 0.00909183 0.00699298 0.00546236
 1.02023e-16 2.86162e-05 0.000167942 0.000798295 0.00307344 0.00958419 0.024209 0.0495355 0.0821131 0.110283 0.12003 0.105923 0.0759274 0.0445227 0.0220031 0.0103695 0.00654038 0.006871 0.00911675 0.0122585 0.0158141 0.0194173 0.0226926 0.0252793 0.026898 0.0274085 0.0268346 0.0253432 0.0231928 0.0206663 0.0180139 0.0154188 0.012992 0.0107851 0.0088131 0.00707478
 1.01965e-16 2.48548e-05 0.000145849 0.000693239 0.00266891 0.00832265 0.0210226 0.0430167 0.0713114 0.0957887 0.104288 0.0921112 0.0662014 0.0391706 0.0200098 0.0105169 0.00807394 0.0095528 0.0129979 0.0174549 0.0223643 0.0272061 0.0314236 0.0344919 0.0360283 0.0358796 0.034154 0.0311828 0.0274298 0.0233778 0.0194324 0.0158656 0.0128067 0.0102702 0.00820031 0.00651433
 1.01008e-16 3.51311e-05 0.000206198 0.000980188 0.0037738 0.0117683 0.0297257 0.0608224 0.100819 0.135393 0.147324 0.129926 0.0929519 0.0541397 0.0260735 0.0111418 0.00549065 0.00458962 0.00566429 0.00750248 0.0096212 0.0117447 0.0136284 0.0150476 0.0158353 0.0159183 0.0153305 0.0141985 0.0127052 0.0110444 0.00938172 0.007832 0.00645538 0.00526779 0.00425806 0.00340405
 1.0048e-16 3.46174e-05 0.000203179 0.000965825 0.00371849 0.0115958 0.02929 0.0599312 0.0993425 0.133414 0.14518 0.128058 0.0916647 0.0534887 0.0259438 0.0113995 0.00607282 0.00550669 0.00696066 0.00921423 0.011744 0.0142136 0.0163107 0.0177518 0.0183361 0.0179921 0.0167947 0.0149424 0.0127065 0.0103668 0.00815668 0.0062304 0.00465719 0.00343629 0.0025227 0.00185294
 1.01914e-16 4.9355e-06 2.88642e-05 0.000136989 0.000527052 0.00164324 0.00415156 0.00850071 0.0141138 0.0190238 0.0208843 0.0188561 0.0144459 0.0103434 0.00859303 0.00986919 0.0139687 0.020491 0.0290577 0.0391775 0.0500757 0.0606666 0.0696857 0.075934 0.0785515 0.0772225 0.0722497 0.0644612 0.0549961 0.0450355 0.0355701 0.0272621 0.0204192 0.0150559 0.0109996 0.00799692
 1.10935e-16 7.55378e-06 4.42894e-05 0.000210442 0.000810063 0.00252595 0.00638047 0.0130568 0.0216492 0.0290928 0.0317077 0.0280855 0.0203616 0.0124078 0.00701896 0.004832 0.00516801 0.00721045 0.010502 0.014872 0.0202273 0.0264192 0.0331984 0.0402235 0.0470926 0.0533831 0.058689 0.062652 0.0649873 0.0655088 0.064152 0.0609926 0.0562525 0.0502831 0.0435281 0.0364669
 1.06199e-16 3.12526e-05 0.000183434 0.000871977 0.00335718 0.0104691 0.026444 0.0541073 0.0896868 0.120441 0.131047 0.115553 0.08263 0.0480498 0.0229974 0.00958849 0.00439017 0.00337874 0.00411074 0.00555607 0.00735794 0.00936254 0.0114481 0.0134944 0.0153946 0.0170688 0.0184695 0.0195739 0.0203696 0.0208403 0.0209595 0.0206944 0.0200188 0.018929 0.0174564 0.01567
 1.03505e-16 1.70568e-05 0.000100053 0.000475485 0.00183044 0.00570788 0.0144181 0.0295048 0.0489202 0.0657368 0.0716359 0.0634287 0.0459293 0.0278635 0.0155002 0.010194 0.0102679 0.0136572 0.0190206 0.0255837 0.0327056 0.0396524 0.0456037 0.0497896 0.0516635 0.0510326 0.0481033 0.0434165 0.0377047 0.031715 0.0260585 0.0211239 0.0170665 0.0138552 0.0113485 0.00936856
 1.02968e-16 2.72323e-05 0.000159818 0.000759673 0.00292473 0.00912046 0.0230377 0.0471388 0.0781404 0.104948 0.114226 0.100805 0.0722688 0.0423977 0.0209919 0.00996073 0.00637884 0.00678607 0.00905539 0.0122255 0.0158444 0.0195668 0.0230339 0.0258945 0.0278682 0.0288003 0.0286862 0.0276546 0.025921 0.0237279 0.021294 0.0187853 0.0163109 0.0139352 0.0116974 0.00962655
 1.02434e-16 2.34744e-05 0.000137743 0.000654699 0.00252051 0.00785988 0.0198537 0.0406252 0.067348 0.0904684 0.0985052 0.0870257 0.0625948 0.037134 0.0191491 0.0103556 0.008299 0.0100379 0.013728 0.0184543 0.0236559 0.0287923 0.0332791 0.0365643 0.0382448 0.0381589 0.0364198 0.0333739 0.0295057 0.0253188 0.0212341 0.0175315 0.0143418 0.0116764 0.00947509 0.00765233
 1.03274e-16 1.96613e-05 0.000115354 0.000548252 0.00211065 0.00658174 0.0166253 0.0340199 0.0564006 0.0757712 0.0825248 0.072961 0.0525951 0.0314363 0.0166439 0.00969945 0.00859422 0.0109036 0.015099 0.0203944 0.0262565 0.0321264 0.0373795 0.0414135 0.0437727 0.0442479 0.0429148 0.0400955 0.0362634 0.0319234 0.0275091 0.0233242 0.0195326 0.0161861 0.0132694 0.0107405
 1.04037e-16 2.14029e-05 0.000125585 0.000596908 0.00229801 0.00716604 0.0181011 0.0370389 0.0614028 0.0824823 0.0898099 0.0793445 0.057072 0.0338625 0.0174738 0.00947484 0.00763682 0.0092925 0.0127812 0.0172958 0.0223561 0.0274992 0.0322137 0.0360005 0.0384724 0.0394337 0.0389132 0.0371351 0.0344448 0.0312169 0.0277762 0.0243544 0.0210851 0.0180268 0.0151964 0.0125987
 1.04698e-16 1.77588e-05 0.000104184 0.00049515 0.00190619 0.00594415 0.0150148 0.0307247 0.050939 0.0684381 0.0745492 0.0659362 0.0475887 0.0285598 0.015333 0.00926857 0.00857563 0.0110836 0.0154204 0.0208677 0.0269146 0.0330081 0.0385235 0.0428553 0.045543 0.0463695 0.0454001 0.0429423 0.0394508 0.0354083 0.0312247 0.0271814 0.023426 0.0200024 0.0168981 0.0140851
 1.02023e-16 3.43258e-05 0.000201472 0.000957723 0.00368731 0.0114986 0.0290444 0.0594283 0.0985073 0.132288 0.143942 0.126937 0.0907981 0.0528549 0.0253988 0.0107597 0.00516968 0.00420353 0.00515789 0.00686393 0.00887346 0.0109467 0.0128749 0.0144622 0.0155556 0.0160741 0.0160217 0.015476 0.0145608 0.0134114 0.012145 0.0108457 0.00956301 0.00832101 0.00713158 0.00600453
 1.01515e-16 2.2376e-05 0.000131289 0.000624001 0.00240229 0.00749121 0.0189226 0.0387205 0.0641929 0.0862374 0.0939175 0.0830182 0.0598115 0.0356815 0.0187639 0.0107275 0.00926365 0.0115868 0.0159301 0.021375 0.0272981 0.0330595 0.0379619 0.0413534 0.0427695 0.0420449 0.0393519 0.0351487 0.0300595 0.0247275 0.0196867 0.0152874 0.0116836 0.00886881 0.00673688 0.00514167
 1.03482e-16 1.70234e-05 9.98647e-05 0.000474609 0.0018271 0.00569749 0.0143918 0.0294501 0.0488271 0.0656043 0.0714719 0.063237 0.0456899 0.027519 0.0149544 0.00931828 0.00891324 0.0116734 0.0162876 0.0220548 0.0284522 0.0348967 0.0407229 0.0452812 0.0480713 0.0488486 0.0476677 0.0448448 0.0408606 0.0362377 0.031434 0.0267814 0.0224746 0.0185968 0.015163 0.0121577
 1.03463e-16 2.75094e-05 0.000161446 0.000767416 0.00295455 0.00921346 0.0232725 0.0476193 0.0789365 0.106016 0.115384 0.101819 0.0729767 0.0427748 0.0211076 0.00989682 0.00618051 0.00645833 0.00858113 0.0115842 0.0150257 0.018579 0.0219093 0.0246896 0.0266589 0.0276734 0.0277277 0.0269382 0.0254984 0.0236236 0.0215033 0.0192773 0.0170334 0.0148223 0.0126776 0.0106303
 1.03414e-16 1.77724e-05 0.000104259 0.000495491 0.00190749 0.00594816 0.015025 0.0307461 0.0509762 0.0684933 0.0746233 0.0660346 0.0477313 0.0287878 0.0157122 0.0098881 0.00954242 0.0125102 0.0174036 0.0234589 0.0300873 0.0366325 0.0423585 0.0465662 0.0487444 0.0486877 0.0465387 0.0427357 0.037891 0.0326401 0.0275129 0.0228605 0.0188445 0.0154762 0.0126777 0.0103403
 1.08344e-16 6.71287e-07 3.84789e-06 1.81001e-05 6.93665e-05 0.000216019 0.000546282 0.00112255 0.001879 0.00257873 0.00295202 0.00295101 0.00287052 0.00320768 0.00442826 0.00686127 0.0107296 0.0161806 0.0232403 0.0317234 0.041169 0.0508492 0.059866 0.0673158 0.0724766 0.0749534 0.0747401 0.072174 0.0678135 0.0622814 0.0561333 0.0497838 0.0434983 0.037428 0.0316633 0.0262751
pSPR Fmed_Fpbrs
0.491845   0.255595 0.255595
Fs Fmed_Fpbrs
0.414649   1.005 1.005
SSBpbr Bo_Bmed_Bpbrs
868912  383925  178644 178644
Ro
22925.4
SPR SPRFo_SPRFmed_SPRFpbrs
471410 231861 120490
log_Ro
9.86
likeval ReclasPelacesDesembMPH_pf_preclas_ppelaces_ptallas_desvR_qrecl_qpela
 110.097 125.316 0.170982 0.00055839 380.624 220.487 95.9433 0 50.0371 0 0 0 0 0 0
q_reclas_q_pelaces
1 1
M
0.7
N
 29906.3 13629.6 6768.26 3361.02 3315.42
 58731.7 12897.8 5104.98 2535.06 2500.67
 2461.67 24973.5 4696.06 1858.72 1833.5
 3492.32 837.685 5823.56 1095.07 860.986
 42567 1473.73 300.398 2088.36 701.453
 30504.5 20428 683.49 139.319 1293.86
 48986.6 10343.3 4729.61 158.245 331.817
 42716.5 19327.1 3242.22 1482.54 153.615
 102838 13029.7 3621.17 607.471 306.556
 255675 33687 2815.53 782.484 197.508
 25710.3 110028 12563.2 1050.02 365.478
 16156.4 10060.9 33929 3874.06 436.492
 73517 6140.04 2926.13 9867.98 1253.69
 22075.5 24614.2 1386.03 660.536 2510.57
 20597.7 5815 3439.3 193.668 443.092
 14000.5 5832.31 938.861 555.292 102.808
 10304.3 5394.19 1743.46 280.654 196.726
 10618.5 4065.06 1690.56 546.406 149.613
 7593.9 4370.22 1386.6 576.655 237.414
 33474.7 3070.99 1439.25 456.651 268.098
 31552.6 13984.8 1079.36 505.851 254.727
 25508 14700.3 6112.92 471.799 332.457
 62396.6 11514.6 6032.19 2508.4 330.022
 43048.4 27193.4 4404.1 2307.2 1085.64
 807.573 18747.8 10386.2 1682.1 1295.86
pred_Ctot
 2851.85 2448.19 1215.73 603.716 595.526
 6125.24 2519.21 997.111 495.15 488.433
 569.402 9942.64 1869.63 740.006 729.967
 380.819 170.55 1185.66 222.953 175.294
 1030.44 70.2908 14.3277 99.6058 33.4563
 7112.27 8187.57 273.943 55.8391 518.58
 7336.14 2816.25 1287.77 43.0866 90.3464
 12185.1 9141.09 1533.47 701.197 72.6551
 25778.2 5547.36 1541.71 258.63 130.515
 24730.7 6132.34 512.536 142.442 35.9541
 3973.66 30820.2 3519.1 294.123 102.374
 2769.29 3090.68 10422.9 1190.1 134.089
 17617.7 2518.16 1200.07 4047.07 514.165
 7728.19 13643.4 768.263 366.128 1391.58
 6573.85 3004.33 1776.92 100.059 228.924
 2289.9 1718.59 276.652 163.626 30.2942
 1543.7 1469.19 474.856 76.4403 53.5813
 1321.64 935.27 388.956 125.715 34.4222
 1025.87 1083.76 343.861 143.004 58.8759
 3858.97 658.332 308.533 97.893 57.4725
 1407.33 1213.43 93.6537 43.8917 22.1022
 1678.06 1856.33 771.926 59.5777 41.9819
 5532.97 1931.54 1011.89 420.779 55.3605
 3836.85 4583.69 742.352 388.9 182.995
 103.514 4431.35 2454.95 397.591 306.298
F
 0.141014 0.282029 0.282029 0.282029 0.282029
 0.155165 0.310329 0.310329 0.310329 0.310329
 0.377952 0.755904 0.755904 0.755904 0.755904
 0.162766 0.325533 0.325533 0.325533 0.325533
 0.0341714 0.0683428 0.0683428 0.0683428 0.0683428
 0.381534 0.763067 0.763067 0.763067 0.763067
 0.230041 0.460082 0.460082 0.460082 0.460082
 0.487354 0.974708 0.974708 0.974708 0.974708
 0.41604 0.83208 0.83208 0.83208 0.83208
 0.14317 0.286339 0.286339 0.286339 0.286339
 0.238235 0.476469 0.476469 0.476469 0.476469
 0.267487 0.534974 0.534974 0.534974 0.534974
 0.394193 0.788387 0.788387 0.788387 0.788387
 0.634029 1.26806 1.26806 1.26806 1.26806
 0.561764 1.12353 1.12353 1.12353 1.12353
 0.253772 0.507544 0.507544 0.507544 0.507544
 0.230131 0.460263 0.460263 0.460263 0.460263
 0.187785 0.375571 0.375571 0.375571 0.375571
 0.205346 0.410692 0.410692 0.410692 0.410692
 0.172817 0.345633 0.345633 0.345633 0.345633
 0.0637838 0.127568 0.127568 0.127568 0.127568
 0.0953803 0.190761 0.190761 0.190761 0.190761
 0.130537 0.261075 0.261075 0.261075 0.261075
 0.131247 0.262494 0.262494 0.262494 0.262494
 0.193892 0.387784 0.387784 0.387784 0.387784
YTP_r0W_actual
 1159.36 97489.7 81013.3 16341 13109.5
YTP_p0W_proyectada
 58709.9 3409.57 95061 68698.8 16995
 58709.9 73267 903.582 22540.9 16860.5
CTP_r0_actual
 103.514 4431.35 2454.95 397.591 306.298
CTP_p0_proyectada
 6907.05 159.326 3046.83 1687.93 365.484
 6907.05 3423.69 28.961 553.829 362.59
Wmedp
 8.5 21.4 31.2 40.7 46.5
nmprior
 10.6 11 7 0
nm_flota  nm_reclas  nm_pelaces    nm_pelaL
inf 12.2383 5.58791 9.3632
cv_recla  cv_pelaces  cv_mph
0.949101 1.26933 0.766668
 ------------------------------------------------
Talla a la edad & desviaci?n 
 7.2 14.2025 17.0495 18.207 18.6776
 1.08 2.13037 2.55742 2.73105 2.80164
