years
 1997 1998 1999 2000 2001 2002 2003 2004 2005 2006 2007 2008 2009 2010 2011 2012 2013 2014 2015 2016 2017 2018 2019 2020 2021
reclasobs
 0 0 0 370054 412103 1.49427e+06 250295 1.28982e+06 931140 785840 897777 1.04006e+06 184774 17550 25797 100020 73551 82996 120727 218422 84188 347160 605670 569463 516374
reclaspred
 3.90393e+06 600930 757928 174386 240913 331518 669719 598379 652749 905681 976878 657874 357203 143925 79761.4 80046.5 90335.1 109578 119359 134486 214000 224939 373868 431825 409981
pelacesobs
 0 0 0 0 0 0 0 0 0 2.06254e+06 1.5e+06 0 1.87456e+06 323000 250000 174000 83755 137374 0 501740 490994 745055 786931 1.00524e+06 1.33801e+06
pelacespred
 5.60489e+06 1.89165e+06 529704 322616 858632 475368 2.74505e+06 1.89514e+06 2.13319e+06 3.12197e+06 2.10545e+06 1.51944e+06 1.11388e+06 373171 224432 192839 212701 271018 248548 305303 615486 469027 645317 900406 521764
mphobs
 0 0 0 0 0 112323 0 153150 637223 0 255016 313432 73983 77613 109348 50772 0 0 0 0 0 0 0 0 0
mphpred
 971956 414821 187753 72083.8 50953.9 146273 161785 283255 257729 302315 439435 274937 167664 97333.1 44701.1 33401.4 33861.6 38112.6 44613.4 45667.1 64758.9 85203.5 102642 142476 160494
desembarqueobs
 350755 77701 442110 56441 14545 235359 269955 359681 431902 328805 639364 411747 362871 311530 167758 66681 60226 58785 57116 73181 50977 67692 138656 160484 209506
desembarquepred
 350742 77677.3 441514 56413.3 14543.1 235174 269867 359084 431375 328494 638047 410981 362076 310875 167160 66583.8 60170.8 58685.6 57020.5 73085.9 50955.2 67615 138531 160353 209326
Reclutas
 10871.1 17447.1 2044.4 5853.58 41753.7 14133.6 63582.6 58564.5 70606.5 129514 55348.6 46933.3 55149.8 28973 13113.2 10903.7 7140.74 8207.71 8362.6 11093.6 16328.2 20075.8 33038.2 32203.8 2203.94
log_desv_Rt
 -0.566137 -0.0930728 -2.23714 -1.18519 0.779545 -0.303688 1.2001 1.11788 1.30488 1.91154 1.06141 0.896482 1.05781 0.414121 -0.378626 -0.563141 -0.986428 -0.84717 -0.828475 -0.545877 -0.159348 0.0472728 0.545419 0.51984 -2.162
SSB
 1.45118e+06 619349 280326 107625 76076.8 218393 241553 422914 384803 451373 656099 410495 250331 145323 66741.1 49870 50557.1 56904.1 66610.2 68183.3 96688.4 127213 153249 212724 239626
BT
 1.96515e+06 756010 407407 166446 279596 330403 1.05866e+06 968448 1.05364e+06 1.27768e+06 1.2094e+06 841343 686941 393086 201250 113817 113168 131354 124434 152025 232844 208918 293305 407061 325206
Ftot
 0.21904 0.331798 1.34297 0.844686 0.244377 1.62699 1.42636 1.75372 1.95514 1.21341 1.60993 1.58777 2.78393 4.77956 4.95303 2.26299 1.80612 1.50928 1.26622 1.50538 0.705774 0.808612 0.996947 1.00222 1.15181
BD_Bspro_t
 0.97302 0.812164 0.567093 0.213547 0.274919 0.570496 0.419004 0.499797 0.425885 0.421803 0.476531 0.299883 0.209529 0.148063 0.0830112 0.0763077 0.105588 0.160595 0.225168 0.276144 0.381621 0.512293 0.51671 0.521346 0.474681
BD_Bspro
 3.68549 1.57293 0.711929 0.273329 0.193208 0.554641 0.613461 1.07405 0.977264 1.14633 1.66626 1.04251 0.635753 0.36907 0.169499 0.126652 0.128397 0.144517 0.169166 0.173162 0.245555 0.323077 0.3892 0.540244 0.608565
BD_Bo
 1.70228 0.726516 0.328831 0.126247 0.0892405 0.256182 0.28335 0.496092 0.451386 0.529474 0.769625 0.481524 0.293646 0.170469 0.0782894 0.0584991 0.0593051 0.0667504 0.0781358 0.0799812 0.113419 0.149225 0.179766 0.249532 0.281088
BD_Brms
 4.60431 1.96507 0.889417 0.341472 0.241376 0.692916 0.766401 1.34182 1.2209 1.43212 2.08167 1.30242 0.79425 0.461082 0.211756 0.158228 0.160408 0.180545 0.211341 0.216332 0.306773 0.403622 0.48623 0.674931 0.760284
S_f
 0.0870191 0.681005 0.979515 0.999067 0.999958
 0.0870191 0.681005 0.979515 0.999067 0.999958
 0.0870191 0.681005 0.979515 0.999067 0.999958
 0.0870191 0.681005 0.979515 0.999067 0.999958
 0.0870191 0.681005 0.979515 0.999067 0.999958
 0.0870191 0.681005 0.979515 0.999067 0.999958
 0.0870191 0.681005 0.979515 0.999067 0.999958
 0.0870191 0.681005 0.979515 0.999067 0.999958
 0.0870191 0.681005 0.979515 0.999067 0.999958
 0.0870191 0.681005 0.979515 0.999067 0.999958
 0.0870191 0.681005 0.979515 0.999067 0.999958
 0.0870191 0.681005 0.979515 0.999067 0.999958
 0.0870191 0.681005 0.979515 0.999067 0.999958
 0.0870191 0.681005 0.979515 0.999067 0.999958
 0.0870191 0.681005 0.979515 0.999067 0.999958
 0.0870191 0.681005 0.979515 0.999067 0.999958
 0.0870191 0.681005 0.979515 0.999067 0.999958
 0.0870191 0.681005 0.979515 0.999067 0.999958
 0.0870191 0.681005 0.979515 0.999067 0.999958
 0.0870191 0.681005 0.979515 0.999067 0.999958
 0.0870191 0.681005 0.979515 0.999067 0.999958
 0.0870191 0.681005 0.979515 0.999067 0.999958
 0.0870191 0.681005 0.979515 0.999067 0.999958
 0.0870191 0.681005 0.979515 0.999067 0.999958
 0.0870191 0.681005 0.979515 0.999067 0.999958
Scru_reclas
 0.217045 0.582483 0.875328 0.972478 0.994408
 0.217045 0.582483 0.875328 0.972478 0.994408
 0.217045 0.582483 0.875328 0.972478 0.994408
 0.217045 0.582483 0.875328 0.972478 0.994408
 0.217045 0.582483 0.875328 0.972478 0.994408
 0.217045 0.582483 0.875328 0.972478 0.994408
 0.217045 0.582483 0.875328 0.972478 0.994408
 0.217045 0.582483 0.875328 0.972478 0.994408
 0.217045 0.582483 0.875328 0.972478 0.994408
 0.217045 0.582483 0.875328 0.972478 0.994408
 0.217045 0.582483 0.875328 0.972478 0.994408
 0.217045 0.582483 0.875328 0.972478 0.994408
 0.217045 0.582483 0.875328 0.972478 0.994408
 0.217045 0.582483 0.875328 0.972478 0.994408
 0.217045 0.582483 0.875328 0.972478 0.994408
 0.217045 0.582483 0.875328 0.972478 0.994408
 0.217045 0.582483 0.875328 0.972478 0.994408
 0.217045 0.582483 0.875328 0.972478 0.994408
 0.217045 0.582483 0.875328 0.972478 0.994408
 0.217045 0.582483 0.875328 0.972478 0.994408
 0.217045 0.582483 0.875328 0.972478 0.994408
 0.217045 0.582483 0.875328 0.972478 0.994408
 0.217045 0.582483 0.875328 0.972478 0.994408
 0.217045 0.582483 0.875328 0.972478 0.994408
 0.217045 0.582483 0.875328 0.972478 0.994408
Scru_pelaces
 1 1 1 1 1
 1 1 1 1 1
 1 1 1 1 1
 1 1 1 1 1
 1 1 1 1 1
 1 1 1 1 1
 1 1 1 1 1
 1 1 1 1 1
 1 1 1 1 1
 1 1 1 1 1
 1 1 1 1 1
 1 1 1 1 1
 1 1 1 1 1
 1 1 1 1 1
 1 1 1 1 1
 1 1 1 1 1
 1 1 1 1 1
 1 1 1 1 1
 1 1 1 1 1
 1 1 1 1 1
 1 1 1 1 1
 1 1 1 1 1
 1 1 1 1 1
 1 1 1 1 1
 1 1 1 1 1
pf_obs 
 0.256992 0.487395 0.22802 0.0275931 0
 0.321318 0.546541 0.124235 0.00734118 0.000564706
 0.182869 0.594174 0.210203 0.0122559 0.00049798
 0.330522 0.361315 0.267642 0.0388342 0.00168674
 0.649043 0.306663 0.0425973 0.00169635 0
 0.582887 0.30429 0.105238 0.00758474 0
 0.465427 0.430635 0.0974691 0.00646863 0
 0.296916 0.608066 0.0921331 0.00288517 0
 0.311714 0.524322 0.152257 0.0117073 0
 0.15457 0.633149 0.183074 0.0267441 0.00246327
 0.131901 0.49318 0.331252 0.0422183 0.00144891
 0.196976 0.569456 0.194076 0.0375587 0.00193317
 0.518974 0.381816 0.0799577 0.0180837 0.00116848
 0.0928022 0.601141 0.25162 0.0475244 0.00691264
 0.122501 0.610282 0.24278 0.0234846 0.000952079
 0.383417 0.481906 0.127806 0.00687128 0
 0.0376549 0.599619 0.316969 0.0457579 0
 0.0361596 0.667082 0.258105 0.0386534 0
 0.158088 0.579412 0.248529 0.0139706 0
 0.0477256 0.309471 0.559284 0.082774 0.000745712
 0.0406174 0.521527 0.379366 0.0568643 0.0016247
 0.151134 0.462217 0.34131 0.0453401 0
 0.294876 0.26143 0.354403 0.0886775 0.000613685
 0.281977 0.475581 0.204845 0.0348837 0.00271318
 0.0841818 0.532909 0.334909 0.0458182 0.00218182
pf_pred 
 0.0217285 0.64579 0.294237 0.0382419 2.6546e-06
 0.0570716 0.124526 0.606282 0.18818 0.0239401
 0.015827 0.370259 0.115071 0.371758 0.127085
 0.155562 0.152455 0.368813 0.0624105 0.260759
 0.586441 0.278717 0.0363097 0.0532593 0.0452727
 0.106617 0.819568 0.0559068 0.00490223 0.0130061
 0.522718 0.279544 0.189139 0.00657852 0.00202018
 0.273706 0.679881 0.0337328 0.0121487 0.000531558
 0.318574 0.56458 0.113073 0.00277358 0.000998734
 0.393848 0.525627 0.0733485 0.00695493 0.00022149
 0.134364 0.754593 0.10233 0.00796161 0.000752326
 0.192379 0.528455 0.259682 0.0180112 0.00147247
 0.328932 0.521534 0.117769 0.0296308 0.00213473
 0.278562 0.665681 0.0502943 0.00435593 0.00110619
 0.29491 0.673269 0.031239 0.000529746 5.22046e-05
 0.342798 0.628825 0.0280919 0.000279871 4.7187e-06
 0.216747 0.696698 0.0848752 0.00166401 1.60181e-05
 0.278714 0.5644 0.147901 0.00881748 0.000167079
 0.249773 0.616718 0.116572 0.0160019 0.000934832
 0.298414 0.549229 0.136169 0.0141971 0.0019906
 0.298911 0.580465 0.105319 0.0137343 0.00157022
 0.241999 0.588706 0.150015 0.0168923 0.00238758
 0.299698 0.516962 0.156147 0.0241748 0.00301761
 0.219706 0.62868 0.125664 0.0222041 0.00374601
 0.0181634 0.715541 0.233582 0.0272609 0.00545283
pobs_RECLAS
 0 0 0 0 0
 0 0 0 0 0
 0 0 0 0 0
 0 0 0 0 0
 0.835266 0.146461 0.0176864 0.000547809 3.91292e-05
 0.385257 0.428462 0.181853 0.0044286 0
 0.867414 0.0963971 0.0333333 0.00285562 0
 0.441836 0.489002 0.0689373 0.000224442 0
 0.779404 0.147425 0.0564933 0.0165055 0.000172143
 0.814271 0.122319 0.05973 0.00367925 0
 0.40263 0.566651 0.0304383 0.000280538 0
 0.475488 0.404961 0.113038 0.00651328 0
 0.955842 0.0263864 0.0167828 0.000988607 0
 0.975058 0.0227948 0.00214734 0 0
 0.738997 0.206755 0.0527124 0.00153531 0
 0.850938 0.134255 0.0134407 0.00136685 0
 0.542534 0.407297 0.0501686 0 0
 0.764087 0.199537 0.0359546 0.000420521 0
 0.470689 0.182191 0.310203 0.0369168 0
 0.84361 0.089868 0.0606195 0.00523954 0.000663233
 0.607945 0.314616 0.071237 0.00620181 0
 0.523733 0.453247 0.0230204 0 0
 0.530135 0.295979 0.169645 0.0042399 0
 0.562478 0.366248 0.0663022 0.0049721 0
 0.250443 0.683176 0.0655157 0.000865301 0
ppred_RECLAS
 0.060341 0.609839 0.288927 0.0408898 2.89979e-06
 0.145214 0.107204 0.541015 0.182808 0.0237594
 0.0466503 0.345922 0.106045 0.37162 0.129763
 0.347122 0.111854 0.274763 0.0505418 0.21572
 0.800954 0.129306 0.0175046 0.0279569 0.0242784
 0.278607 0.662327 0.0436772 0.0041482 0.0112409
 0.777856 0.130942 0.0868966 0.00327708 0.00102791
 0.552519 0.419445 0.0199231 0.007766 0.000347048
 0.611721 0.324799 0.0612583 0.00162438 0.000597372
 0.669769 0.286275 0.0397345 0.00408934 0.000133028
 0.334566 0.581981 0.0763934 0.00643831 0.00062139
 0.436339 0.371997 0.177234 0.0133174 0.00111202
 0.648625 0.280269 0.0551056 0.0149034 0.00109627
 0.662542 0.319007 0.0165442 0.00151474 0.000392456
 0.68476 0.30554 0.00951202 0.000170253 1.71162e-05
 0.643557 0.342277 0.0140127 0.000150619 2.59329e-06
 0.477701 0.46691 0.0542274 0.00115034 1.13096e-05
 0.55394 0.350577 0.089583 0.00578829 0.000112028
 0.510633 0.402123 0.0753507 0.0112239 0.000669773
 0.57719 0.332119 0.0803154 0.0090757 0.00129976
 0.561031 0.361346 0.0670095 0.00950355 0.00110995
 0.490522 0.393262 0.101935 0.0124789 0.0018018
 0.566717 0.318129 0.096797 0.0162809 0.00207599
 0.462872 0.430875 0.0867341 0.0166491 0.00286928
 0.0542346 0.6875 0.224072 0.0283918 0.00580106
pobs_PELACES
 0 0 0 0 0
 0 0 0 0 0
 0 0 0 0 0
 0 0 0 0 0
 0 0 0 0 0
 0 0 0 0 0
 0 0 0 0 0
 0 0 0 0 0
 0 0 0 0 0
 0 0 0 0 0
 0.450072 0.473896 0.0757376 0.000293798 0
 0 0 0 0 0
 0.463077 0.371075 0.160297 0.00555027 0
 0.529543 0.364841 0.0842815 0.0213345 0
 0.631943 0.363953 0.00410389 0 0
 0.735681 0.248677 0.0153453 0.000297389 0
 0.695825 0.281241 0.0229344 0 0
 0.275771 0.60734 0.115278 0.00161068 0
 0 0 0 0 0
 0.896147 0.0623911 0.0374545 0.00400742 0
 0.803859 0.145111 0.0509908 3.86294e-05 0
 0.739449 0.233085 0.0266225 0.000797448 4.60066e-05
 0.878498 0.100942 0.0204185 0.000141795 0
 0.694673 0.275183 0.0284847 0.00165964 0
 0.469039 0.446079 0.0841089 0.000773354 0
ppred_PELACES
 0.17058 0.615392 0.189874 0.0241529 1.67497e-06
 0.419789 0.108207 0.3517 0.106738 0.0135654
 0.196271 0.416797 0.074489 0.232933 0.0795105
 0.721939 0.0734564 0.110487 0.018194 0.0759233
 0.929568 0.0533034 0.00468754 0.00672805 0.00571353
 0.596857 0.384339 0.0143682 0.00121546 0.0032195
 0.937712 0.0444726 0.017065 0.000573964 0.00017599
 0.827916 0.166069 0.00441627 0.00153205 6.69203e-05
 0.870117 0.117346 0.0121475 0.000286301 0.000102907
 0.879647 0.110443 0.00905155 0.000831954 2.64575e-05
 0.661859 0.312902 0.0233234 0.00175101 0.000165192
 0.769007 0.178957 0.0485224 0.00324829 0.000265131
 0.905017 0.0844334 0.00839742 0.00200782 0.000144317
 0.932861 0.0655836 0.00141343 0.000112944 2.85774e-05
 0.940037 0.0591969 0.000752863 1.17476e-05 1.15331e-06
 0.884973 0.112549 0.00245349 2.33933e-05 3.93632e-07
 0.785874 0.200884 0.0129949 0.000245251 2.35677e-06
 0.831498 0.14587 0.0213773 0.00123123 2.32936e-05
 0.795109 0.182034 0.0200365 0.00266453 0.000155439
 0.844373 0.13478 0.0186999 0.00188362 0.000263694
 0.808766 0.169022 0.019457 0.00247251 0.000282347
 0.768853 0.196019 0.031222 0.00342246 0.000483146
 0.827157 0.142306 0.0261182 0.00392878 0.00048977
 0.753851 0.214845 0.0260735 0.00447594 0.000754141
 0.178644 0.673288 0.130362 0.0147578 0.00294783
pobs_pel_tallas
 0 0 0 0 0 0 0 0 0 0 0 0 0 0 0 0 0 0 0 0 0 0 0 0 0 0 0 0 0 0 0 0 0 0 0 0
 0 0 0 0 0 0 0 0 0 0 0 0 0 0 0 0 0 0 0 0 0 0 0 0 0 0 0 0 0 0 0 0 0 0 0 0
 0 0 0 0 0 0 0 0 0 0 0 0 0 0 0 0 0 0 0 0 0 0 0 0 0 0 0 0 0 0 0 0 0 0 0 0
 0 0 0 0 0 0 0 0 0 0 0 0 0 0 0 0 0 0 0 0 0 0 0 0 0 0 0 0 0 0 0 0 0 0 0 0
 0 0 0 0 0 0 0 0 0 0 0 0 0 0 0 0 0 0 0 0 0 0 0 0 0 0 0 0 0 0 0 0 0 0 0 0
 0 0 0 0 0 0 0 0 0 0 0 0 0 0 0 0 0 0 0 0 0 0 0 0 0 0 0 0 0 0 0 0 0 0 0 0
 0 0 0 0 0 0 0 0 0 0 0 0 0 0 0 0 0 0 0 0 0 0 0 0 0 0 0 0 0 0 0 0 0 0 0 0
 0 0 0 0 0 0 0 0 0 0 0 0 0 0 0 0 0 0 0 0 0 0 0 0 0 0 0 0 0 0 0 0 0 0 0 0
 0 0 0 0 0 0 0 0 0 0 0 0 0 0 0 0 0 0 0 0 0 0 0 0 0 0 0 0 0 0 0 0 0 0 0 0
 0 0 0 0 0 0 0 0 0 0 0 0 0 0 0 0 0 0 0 0 0 0 0 0 0 0 0 0 0 0 0 0 0 0 0 0
 0 0 0 0 0 0 0 0 1.78061e-05 0.00172719 0.00360574 0.0105946 0.0120993 0.0124554 0.0147524 0.0171206 0.0266825 0.0428682 0.0675386 0.121331 0.153587 0.119568 0.100827 0.0573624 0.0630603 0.0341343 0.0324427 0.0444173 0.0211091 0.0280891 0.0125444 0.00206551 0 0 0 0
 0 0 0 0 0 0 0 0 0 0 0 0 0 0 0 0 0 0 0 0 0 0 0 0 0 0 0 0 0 0 0 0 0 0 0 0
 0 0 0 0 0 0 0.0133647 0.0140871 0.0187388 0.0205184 0.03894 0.0496705 0.03968 0.0493445 0.0407372 0.0367815 0.0215668 0.0243155 0.0234873 0.0199281 0.019796 0.0243948 0.0301388 0.0376714 0.0412746 0.0863199 0.0771752 0.113111 0.0741005 0.0525337 0.0229764 0.00759418 0.00175318 0 0 0
 0 0 0 0 0 0 0 0 0 0 0.00219441 0.00772107 0.0458388 0.0604681 0.0671733 0.0775358 0.0609151 0.0617685 0.073594 0.0568108 0.0755445 0.0548602 0.0670107 0.0636378 0.0643287 0.046367 0.0373049 0.0286899 0.0247887 0.0153202 0.00654259 0.00121912 0.000365735 0 0 0
 0 0 0 0 0 0 0 0 0 0 0 0 0.000112435 0.00938835 0.0111873 0.0202946 0.0414886 0.0713402 0.111592 0.104902 0.108894 0.110636 0.117776 0.105296 0.107544 0.0401394 0.0192827 0.0124803 0.00416011 0.0028671 0.000618394 0 0 0 0 0
 0 0 0 0 0 0 0 0 0 0 0.00291406 0.0102884 0.027416 0.0768956 0.0749926 0.110853 0.0956884 0.0897413 0.0766577 0.0534642 0.0500743 0.0551293 0.0594112 0.0620874 0.0668451 0.0424026 0.0208742 0.0120726 0.0048766 0.00582813 0.00118941 0.000297354 0 0 0 0
 0 0.00264628 0.0354308 0.0461629 0.0458689 0.0383711 0.0214643 0.0164657 0.0346957 0.0420465 0.0363128 0.0245516 0.0311673 0.0291091 0.0169068 0.0133784 0.00837989 0.0085269 0.0148486 0.0160247 0.0276389 0.0546898 0.0760071 0.122758 0.109233 0.0665981 0.0333725 0.0166128 0.00676272 0.00308733 0.000882094 0 0 0 0 0
 0 0 0 0 0 0 0 0.000805153 0.000690131 0.00759144 0.0133425 0.0154129 0.00931677 0.000345066 0.00356568 0.00563607 0.00851162 0.0253048 0.0502646 0.0516448 0.0657925 0.0565908 0.0611916 0.0827007 0.0866115 0.110766 0.145733 0.0935128 0.0569358 0.0249597 0.0138026 0.00621118 0.00161031 0.00115022 0 0
 0 0 0 0 0 0 0 0 0 0 0 0 0 0 0 0 0 0 0 0 0 0 0 0 0 0 0 0 0 0 0 0 0 0 0 0
 0.00147267 0.00158595 0.00478618 0.00569244 0.00954404 0.0108468 0.00647125 0.017049 0.0510054 0.094081 0.124002 0.0959785 0.0687766 0.0820023 0.061753 0.0591476 0.0492212 0.0479892 0.0443925 0.0268479 0.0217502 0.0140895 0.0121071 0.0120363 0.00920419 0.00665534 0.0049561 0.00860946 0.00930331 0.0156896 0.0114698 0.00855282 0.00243557 0.00046729 0 2.83206e-05
 0 0 0 0 0.000772559 0.00158375 0.000888443 0.00281984 0.00712685 0.0440552 0.0773331 0.111326 0.0921469 0.0852325 0.0710754 0.0886704 0.0786465 0.0553345 0.0373146 0.0185414 0.00753245 0.00457741 0.012979 0.0271748 0.0457355 0.0583668 0.034881 0.0177882 0.00938659 0.00492506 0.0015258 0.00185414 0.000309023 5.79419e-05 3.86279e-05 0
 0 0.00173294 0.00326652 0 0.00397197 0.00683976 0.00946217 0.0152591 0.00757587 0.0136028 0.0228656 0.0392903 0.0559909 0.0764795 0.0681675 0.0726916 0.0566044 0.0477403 0.0527397 0.0444891 0.0609904 0.0582453 0.0661739 0.0445044 0.0529084 0.0360697 0.0280645 0.0235558 0.0158879 0.00826598 0.00280645 0.00217768 0.000904811 0.00058276 9.20147e-05 0
 0 0 0 0 0 0 0 0 0 0 0 0 0 0 0 0 0 0 0 0 0 0 0 0 0 0 0 0 0 0 0 0 0 0 0 0
 0 0 0 0 0 0 0 0 0 0 0 0 0 0 0 0 0 0 0 0 0 0 0 0 0 0 0 0 0 0 0 0 0 0 0 0
 0 0 0 0 0 0 0 0 0 0 0 0 0 0 0 0 0 0 0 0 0 0 0 0 0 0 0 0 0 0 0 0 0 0 0 0
ppred_pel_tallas
 1.03726e-16 7.47612e-06 4.3795e-05 0.000208006 0.000800542 0.00249615 0.00630573 0.0129071 0.0214126 0.0288104 0.0314932 0.0281165 0.0208629 0.0136622 0.00941114 0.00888894 0.0115517 0.0166392 0.0235987 0.0319591 0.0411092 0.0502145 0.0582921 0.0643882 0.0677852 0.0681605 0.065649 0.0607818 0.0543336 0.0471316 0.0398888 0.0331078 0.027062 0.0218378 0.0174041 0.0136784
 1.0933e-16 1.83225e-05 0.000107519 0.000511059 0.00196754 0.00613553 0.0154979 0.0317111 0.0525663 0.0706003 0.076841 0.0678125 0.0486159 0.0285248 0.0141389 0.00675875 0.00444639 0.00492495 0.00683989 0.00964678 0.013162 0.0172735 0.0218325 0.0266342 0.031431 0.0359531 0.0399295 0.0431063 0.0452634 0.0462342 0.045925 0.044334 0.0415626 0.0378109 0.0333577 0.0285247
 1.12913e-16 8.5876e-06 5.03406e-05 0.000239169 0.000920602 0.00287061 0.00725134 0.0148403 0.0246112 0.0330879 0.0361005 0.0320674 0.0234445 0.0146718 0.00897433 0.00712366 0.00837482 0.0117775 0.0167112 0.0227824 0.0295921 0.0366224 0.0432616 0.0489087 0.0531008 0.0556083 0.0564657 0.0559243 0.0543509 0.0521095 0.0494703 0.0465717 0.043438 0.0400322 0.0363199 0.0323155
 1.05766e-16 3.14956e-05 0.000184861 0.000878765 0.00338332 0.0105506 0.0266498 0.0545285 0.0903846 0.121377 0.132063 0.116443 0.0832549 0.0483893 0.023116 0.00956385 0.00427142 0.00318412 0.00384399 0.00522237 0.00697353 0.00895814 0.0110667 0.0131838 0.0151958 0.0170033 0.0185297 0.0197194 0.0205328 0.0209399 0.0209176 0.0204543 0.0195575 0.0182613 0.0166302 0.0147552
 1.00583e-16 4.05483e-05 0.000238011 0.00113145 0.00435622 0.0135845 0.0343133 0.0702082 0.116373 0.156271 0.170014 0.149869 0.107074 0.0620708 0.0293412 0.0115891 0.00431229 0.0022415 0.00216644 0.00272874 0.0034692 0.00422019 0.0048807 0.00536883 0.00562694 0.00563304 0.00540511 0.00499457 0.00447186 0.00390879 0.00336359 0.00287278 0.00245056 0.00209397 0.00179072 0.00152647
 1.00522e-16 2.6054e-05 0.000152886 0.000726687 0.00279768 0.0087242 0.0220369 0.0450924 0.0747529 0.100413 0.109327 0.0965706 0.0694263 0.0411182 0.0210755 0.0111871 0.00870963 0.010359 0.0140704 0.0188165 0.0239722 0.0289461 0.03311 0.0358821 0.036854 0.0358898 0.0331612 0.0290992 0.0242854 0.019317 0.0146895 0.0107274 0.0075706 0.00520693 0.00352678 0.00237937
 1.00285e-16 4.09031e-05 0.000240095 0.00114136 0.00439437 0.0137035 0.0346138 0.0708231 0.117392 0.157638 0.171499 0.151174 0.107996 0.0625843 0.0295448 0.0116017 0.0042101 0.00205311 0.00189349 0.00236599 0.00301651 0.00368822 0.0042922 0.00475635 0.00502724 0.00507972 0.00492127 0.0045879 0.00413346 0.00361623 0.00308719 0.00258317 0.00212543 0.00172245 0.00137453 0.00107819
 1.00173e-16 3.61204e-05 0.000212004 0.00100779 0.00388006 0.0120996 0.0305627 0.062535 0.103658 0.139207 0.151477 0.133595 0.0955924 0.0557077 0.0268836 0.0115791 0.00583317 0.00498472 0.00617132 0.00812823 0.010332 0.0124673 0.0142513 0.0154314 0.0158314 0.0153936 0.0141936 0.0124191 0.0103231 0.00816492 0.00615977 0.00444818 0.00309049 0.00208065 0.00137014 0.000892419
 1.00226e-16 3.79586e-05 0.000222801 0.00105912 0.00407774 0.0127161 0.0321197 0.0657206 0.108936 0.146291 0.159172 0.14035 0.100357 0.0583448 0.0278959 0.0115703 0.00518204 0.00381786 0.0044718 0.0058419 0.00743374 0.00899583 0.0103231 0.0112347 0.0116027 0.0113809 0.0106158 0.00943253 0.00800254 0.00650356 0.00508454 0.00384495 0.00283073 0.00204348 0.00145631 0.00102992
 1.00195e-16 3.83739e-05 0.000225239 0.00107072 0.00412238 0.0128553 0.0324714 0.0664401 0.110129 0.147891 0.160911 0.141879 0.101439 0.058953 0.0281467 0.0116052 0.00509265 0.0036392 0.00420545 0.00547818 0.00696468 0.00842162 0.00965489 0.0104945 0.0108208 0.0105919 0.00985309 0.00872399 0.00736769 0.00595268 0.0046197 0.00346217 0.00252232 0.00180009 0.00126829 0.00088804
 1.00501e-16 2.88855e-05 0.000169516 0.000805761 0.00310216 0.00967373 0.0244353 0.049999 0.0828836 0.111325 0.12118 0.106978 0.0767707 0.0451916 0.0226551 0.0112074 0.00775988 0.00864034 0.0115622 0.0154384 0.0196842 0.0238014 0.027275 0.0296287 0.0305253 0.0298473 0.0277254 0.0245007 0.0206377 0.0166157 0.012835 0.00956037 0.00691112 0.00488552 0.00340453 0.00235565
 1.00872e-16 3.35523e-05 0.000196926 0.0009361 0.00360404 0.0112389 0.0283885 0.0580867 0.0962851 0.129308 0.140713 0.124119 0.0888493 0.051854 0.0251672 0.0110882 0.00595493 0.00545327 0.00693444 0.00922376 0.0118221 0.0144097 0.016686 0.0183724 0.0192626 0.0192673 0.0184327 0.016921 0.014966 0.0128156 0.0106826 0.00871573 0.00699373 0.00553781 0.0043326 0.00334638
 1.00223e-16 3.94791e-05 0.00023173 0.00110158 0.00424122 0.0132259 0.0334075 0.0683552 0.113302 0.15215 0.165538 0.145943 0.104309 0.0605481 0.0287725 0.0116284 0.00474559 0.00300278 0.00327336 0.00421935 0.00536159 0.00649028 0.00745288 0.00811871 0.00839573 0.00825062 0.0077164 0.00688231 0.0058707 0.00480818 0.00380057 0.00291822 0.00219325 0.00162632 0.00119813 0.000880965
 1.00047e-16 4.06924e-05 0.000238856 0.00113546 0.00437167 0.0136327 0.034435 0.0704574 0.116786 0.156827 0.170621 0.150411 0.107475 0.0623299 0.0295141 0.0117447 0.00450727 0.00251507 0.00254375 0.00322165 0.00407313 0.00491005 0.00560904 0.00606858 0.00621905 0.00603796 0.00555556 0.00484659 0.00401158 0.0031536 0.00235812 0.001681 0.00114615 0.000751041 0.000476143 0.000294646
 1.00031e-16 4.10051e-05 0.000240692 0.00114419 0.00440529 0.0137376 0.0346998 0.0709991 0.117684 0.158031 0.17193 0.151561 0.108288 0.0627843 0.0296966 0.0117605 0.00442356 0.00235645 0.00230993 0.0029047 0.00366782 0.00441908 0.00504523 0.00545442 0.00558399 0.00541395 0.00497206 0.00432633 0.00356801 0.00279061 0.00207155 0.00146135 0.00098149 0.000629361 0.000386885 0.000229348
 1.00073e-16 3.86062e-05 0.000226603 0.0010772 0.00414734 0.0129332 0.032668 0.0668424 0.110796 0.148787 0.161886 0.142739 0.102055 0.0593118 0.0283202 0.0116799 0.00512913 0.00366695 0.00423391 0.00550639 0.00698566 0.00842371 0.00962257 0.01041 0.0106667 0.0103541 0.00952423 0.00830541 0.00687029 0.00539592 0.00402913 0.00286591 0.00194743 0.00126942 0.000798331 0.000488107
 1.00259e-16 3.42886e-05 0.000201247 0.000956637 0.00368311 0.0114854 0.0290113 0.0593611 0.0983981 0.132147 0.143806 0.126855 0.0908233 0.0530382 0.0258006 0.0114645 0.00628903 0.00586341 0.00747167 0.00989575 0.0125995 0.0152248 0.0174337 0.0189198 0.0194671 0.0190017 0.0176092 0.015511 0.0130078 0.0104093 0.00797414 0.0058731 0.00418248 0.00290009 0.00197337 0.00132788
 1.00395e-16 3.62758e-05 0.000212919 0.00101214 0.00389682 0.0121519 0.0306946 0.0628049 0.104105 0.139805 0.152124 0.134155 0.0959698 0.0558813 0.0268812 0.011432 0.00554893 0.00454822 0.00555914 0.00732489 0.00934342 0.0113294 0.0130331 0.0142295 0.0147572 0.0145549 0.013675 0.0122671 0.0105383 0.00870463 0.00694806 0.00539153 0.00409394 0.0030612 0.00226533 0.00166349
 1.00443e-16 3.46906e-05 0.000203609 0.000967869 0.00372636 0.0116203 0.029352 0.060058 0.0995527 0.133696 0.145486 0.128326 0.0918519 0.053589 0.025976 0.0113858 0.00602623 0.00543023 0.00685225 0.00907159 0.011568 0.0140102 0.0160911 0.0175318 0.0181334 0.0178233 0.0166718 0.0148706 0.0126832 0.0103825 0.00819745 0.00628083 0.00470336 0.00346796 0.00253435 0.00184368
 1.00387e-16 3.68367e-05 0.000216213 0.0010278 0.00395713 0.01234 0.0311697 0.0637769 0.105715 0.141967 0.154473 0.136219 0.0974295 0.0566974 0.0272103 0.0114628 0.00540257 0.00426909 0.00514682 0.00676496 0.00862583 0.0104579 0.0120291 0.0131316 0.0136167 0.0134282 0.012615 0.0113157 0.00972198 0.0080333 0.0064175 0.00498751 0.00379693 0.00285034 0.00212114 0.00156918
 1.0043e-16 3.52855e-05 0.000207103 0.000984483 0.00379033 0.0118198 0.0298559 0.0610889 0.101261 0.135989 0.147977 0.130514 0.0933982 0.0544509 0.0263186 0.0114078 0.00585442 0.00510992 0.00638161 0.00843485 0.0107556 0.0130289 0.0149684 0.0163147 0.016883 0.0166053 0.0155461 0.0138826 0.0118586 0.00972691 0.0076996 0.00591841 0.00444918 0.00329514 0.00241958 0.00176865
 1.00648e-16 3.35463e-05 0.000196889 0.000935921 0.00360335 0.0112367 0.028383 0.0580756 0.0962672 0.129286 0.140692 0.124109 0.0888603 0.0518972 0.0252562 0.011242 0.00619777 0.00581188 0.00743195 0.00987172 0.0126121 0.0153072 0.0176284 0.0192743 0.0200271 0.0198027 0.0186687 0.0168226 0.0145392 0.0121052 0.00976234 0.00767433 0.00592005 0.00450863 0.00340483 0.00255426
 1.00576e-16 3.60864e-05 0.000211807 0.00100685 0.00387647 0.0120884 0.0305344 0.062477 0.103561 0.139075 0.151329 0.133453 0.095465 0.0555825 0.0267287 0.0113524 0.00548972 0.00448171 0.00547427 0.00722023 0.00922454 0.0112088 0.0129297 0.0141673 0.0147621 0.0146506 0.0138787 0.0125857 0.0109671 0.00922723 0.00753915 0.00602039 0.00472871 0.00367268 0.00282988 0.0021646
 1.0063e-16 3.28928e-05 0.000193051 0.000917672 0.00353308 0.0110176 0.0278295 0.0569432 0.0943908 0.126768 0.137957 0.121709 0.0871691 0.0509642 0.0249042 0.0112582 0.00644958 0.00625649 0.00807715 0.0107374 0.0137062 0.0166124 0.0190977 0.0208332 0.0215835 0.0212611 0.0199463 0.0178623 0.0153166 0.0126283 0.0100651 0.00780571 0.00593366 0.0044535 0.0033199 0.00246633
 1.02715e-16 7.82996e-06 4.58675e-05 0.000217848 0.000838416 0.00261425 0.0066041 0.0135179 0.0224267 0.0301765 0.0329912 0.029465 0.021887 0.0143777 0.00997652 0.00950441 0.0123932 0.0178408 0.0252514 0.0341003 0.0437031 0.0531334 0.0613121 0.0672071 0.0700627 0.0695753 0.0659575 0.0598648 0.0522179 0.0439824 0.0359764 0.0287579 0.0226035 0.0175585 0.0135218 0.0103287
pSPR Fmed_Fpbrs
0.373954   0.419715 0.419715
Fs Fmed_Fpbrs
1.24776   1.005 1.005
SSBpbr Bo_Bmed_Bpbrs
852492  276168  315179 315179
Ro
19148.9
SPR SPRFo_SPRFmed_SPRFpbrs
393755 147246 165265
log_Ro
9.68
likeval ReclasPelacesDesembMPH_pf_preclas_ppelaces_ptallas_desvR_qrecl_qpela
 72.2515 18.7859 0.258883 0.000163836 354.73 193.15 90.0571 0 37.6542 5.3741e-05 0.000151385 0 0 0 0
q_reclas_q_pelaces
2.82585 5.75729
M
0.7
N
 10871.1 43691.4 14232.4 1816.88 0.126019
 17447.1 5296.5 18689.9 5702.88 724.957
 2044.4 8417.38 2098.22 6705.87 2291.29
 5853.58 903.247 1674.86 279.608 1167.53
 41753.7 2700.8 252.336 363.618 308.844
 14133.6 20298 1135.56 98.6314 261.568
 63582.6 6092.01 3328.55 114.574 35.1679
 58564.5 27888.6 1145.24 408.768 17.8782
 70606.5 24966.2 4195.15 102.062 36.7378
 129514 29576.7 3274.17 306.923 9.76942
 55348.6 57869.9 6427.91 495.349 46.7876
 46933.3 23892.3 9600.62 659.48 53.8911
 55149.8 20298.8 4024.01 1006.6 72.5014
 28973 21494.5 1513.91 130.73 33.1947
 13113.2 9492.03 411.846 6.96428 0.686219
 10903.7 4231.73 161.608 1.59852 0.0269429
 7140.74 4446.78 450.005 8.74548 0.084153
 8207.71 3030.26 645.457 38.097 0.721561
 8362.6 3574.19 538.389 73.0832 4.2674
 11093.6 3719.48 749.341 77.347 10.8401
 16328.2 4832.53 662.597 85.17 9.731
 20075.8 7625.37 1483.99 164.819 23.2814
 33038.2 9291.99 2183.25 333.767 41.6388
 32203.8 15043 2340.18 408.317 68.8474
 2203.94 14656.3 3774.97 435.411 87.0467
pred_Ctot
 147.77 4391.84 2001.03 260.072 0.0180532
 357.692 780.458 3799.83 1179.4 150.043
 163.258 3819.28 1186.98 3834.75 1310.91
 299.599 293.614 710.301 120.197 502.199
 632.591 300.651 39.167 57.4505 48.8354
 1352.84 10399.4 709.394 62.2038 165.033
 5375.87 2874.96 1945.19 67.6565 20.7765
 6013.72 14938 741.16 266.924 11.6791
 8022.4 14217.4 2847.43 69.8448 25.1503
 9390.49 12532.5 1748.84 165.826 5.28097
 5245.67 29460 3995.05 310.828 29.3715
 4390.52 12060.5 5926.54 411.057 33.6051
 8652.81 13719.4 3098.01 779.461 56.1558
 7260.79 17351.1 1310.93 113.538 28.8332
 3384.58 7726.88 358.519 6.07971 0.599135
 1417.65 2600.52 116.175 1.15741 0.0195143
 753.682 2422.59 295.132 5.78615 0.0556988
 732.012 1482.33 388.446 23.1581 0.438814
 631.463 1559.15 294.71 40.455 2.36339
 986.984 1816.53 450.37 46.9559 6.58377
 701.974 1363.19 247.335 32.2543 3.68757
 984.991 2396.16 610.592 68.7553 9.71796
 1984.29 3422.78 1033.84 160.06 19.9794
 1944.02 5562.75 1111.91 196.469 33.1459
 152.038 5989.48 1955.22 228.189 45.6433
F
 0.0190607 0.149167 0.214553 0.218836 0.219031
 0.0288727 0.225956 0.325001 0.331488 0.331784
 0.116864 0.914568 1.31546 1.34172 1.34291
 0.0735038 0.575235 0.827383 0.843898 0.844651
 0.0212655 0.166422 0.239371 0.244149 0.244367
 0.141579 1.10799 1.59366 1.62547 1.62692
 0.124121 0.971359 1.39714 1.42503 1.4263
 0.152607 1.19429 1.7178 1.75208 1.75365
 0.170134 1.33146 1.91509 1.95331 1.95506
 0.10559 0.826339 1.18856 1.21228 1.21336
 0.140095 1.09637 1.57695 1.60843 1.60986
 0.138166 1.08128 1.55524 1.58629 1.5877
 0.242255 1.89587 2.7269 2.78133 2.78381
 0.415913 3.2549 4.68165 4.7751 4.77936
 0.431008 3.37304 4.85157 4.94841 4.95283
 0.196923 1.54111 2.21663 2.26088 2.2629
 0.157167 1.22998 1.76912 1.80444 1.80605
 0.131336 1.02782 1.47836 1.50787 1.50921
 0.110185 0.862299 1.24028 1.26504 1.26616
 0.130997 1.02517 1.47455 1.50398 1.50532
 0.0614158 0.480636 0.691317 0.705116 0.705745
 0.0703646 0.550668 0.792047 0.807857 0.808578
 0.0867534 0.678926 0.976525 0.996017 0.996906
 0.0872124 0.682518 0.981691 1.00129 1.00218
 0.100229 0.784386 1.12821 1.15073 1.15176
YTP_r0W_actual
 1702.83 131769 64522.2 9378.58 1953.53
YTP_p0W_proyectada
 7608.31 7850.86 49329.9 11901 1775.06
 7608.31 53356.3 3682.72 12091.7 2925.23
CTP_r0_actual
 152.038 5989.48 1955.22 228.189 45.6433
CTP_p0_proyectada
 895.095 366.863 1581.09 292.408 38.1733
 895.095 2493.28 118.036 297.093 62.9081
Wmedp
 8.5 21.4 31.2 40.7 46.5
nmprior
 10.6 11 7 0
nm_flota  nm_reclas  nm_pelaces    nm_pelaL
inf 19.1636 8.31313 15.6926
cv_recla  cv_pelaces  cv_mph
0.768862 0.49146 0.415281
 ------------------------------------------------
Talla a la edad & desviaci?n 
 7.2 14.2025 17.0495 18.207 18.6776
 1.08 2.13037 2.55742 2.73105 2.80164
