years
 1997 1998 1999 2000 2001 2002 2003 2004 2005 2006 2007 2008 2009 2010 2011 2012 2013 2014 2015 2016 2017 2018 2019 2020 2021
reclasobs
 0 0 0 370054 412103 1.49427e+06 250295 1.28982e+06 931140 785840 897777 1.04006e+06 184774 17550 25797 100020 73551 82996 120727 218422 84188 347160 605670 569463 516374
reclaspred
 3.42726e+06 420273 594589 171031 224944 293540 533081 451570 700924 1.14731e+06 1.26653e+06 816450 442711 200833 128981 118367 125074 157406 145043 195515 366462 359031 550344 587833 522381
pelacesobs
 0 0 0 0 0 0 0 0 0 2.06254e+06 1.5e+06 0 1.87456e+06 323000 250000 174000 83755 137374 0 501740 490994 745055 786931 1.00524e+06 1.33801e+06
pelacespred
 1.47394e+06 588485 184924 125320 129825 120534 279653 256147 386535 663384 651574 433409 238034 85865.1 53794.5 56267.1 62002.7 78262.1 75396.7 97991 202609 210325 244053 305416 256150
mphobs
 0 0 0 0 0 112323 0 153150 637223 0 255016 313432 73983 77613 109348 50772 0 0 0 0 0 0 0 0 0
mphpred
 2.44627e+06 1.05483e+06 459162 237699 124852 295079 315553 446111 493390 800084 1.27191e+06 890988 489100 265191 120746 102123 103198 125382 137865 132541 253372 346305 388111 500511 523858
desembarqueobs
 350755 77701 442110 56441 14545 235359 269955 359681 431902 328805 639364 411747 362871 311530 167758 66681 60226 58785 57116 73181 50977 67692 138656 160484 209506
desembarquepred
 350736 77680.6 441639 56418.9 14543.6 235136 269792 359179 431477 328576 638570 411298 362228 310941 167438 66635 60197.5 58744.5 57067.6 73116.7 50961.8 67652 138564 160382 209382
Reclutas
 6713.7 8952.6 1455.15 4522.13 51055.3 16252.8 56417.8 66828.3 119792 206548 59822.4 22675.6 51656.7 27777.3 19423.9 14299.4 11210.9 11285.8 8547.46 27655.9 35493.6 31696.8 56099.3 44895.1 1619.97
log_desv_Rt
 -1.16809 -0.880301 -2.69714 -1.56326 0.860665 -0.283981 0.960541 1.12988 1.71351 2.25829 1.01914 0.0490433 0.872375 0.251974 -0.105741 -0.41203 -0.655356 -0.648704 -0.926611 0.247596 0.497107 0.383972 0.954878 0.732084 -2.58983
SSB
 2.44627e+06 1.05483e+06 459162 237699 124852 295079 315553 446111 493390 800084 1.27191e+06 890988 489100 265191 120746 102123 103198 125382 137865 132541 253372 346305 388111 500511 523858
BT
 2.96335e+06 1.22811e+06 591801 302796 376305 413496 1.0449e+06 1.01707e+06 1.49578e+06 2.06372e+06 1.89262e+06 1.21284e+06 902539 483896 277515 181234 194041 225732 202999 310340 542402 481380 621650 778569 634233
Ftot
 0.0996646 0.179049 0.686694 0.316357 0.0631899 0.738774 0.482695 0.742936 0.583783 0.276759 0.477509 0.476573 0.75798 1.3389 1.16033 0.53227 0.458114 0.357723 0.376044 0.359361 0.135311 0.182653 0.243158 0.263083 0.381983
BD_Bspro_t
 0.984258 0.881155 0.689686 0.377936 0.39777 0.666095 0.490524 0.520037 0.496063 0.556899 0.629596 0.467034 0.334609 0.246056 0.146149 0.148903 0.197598 0.29615 0.370272 0.42287 0.602212 0.724504 0.716634 0.702465 0.647217
BD_Bspro
 5.51013 2.37596 1.03425 0.535409 0.281224 0.664656 0.710773 1.00485 1.11135 1.80216 2.86493 2.00692 1.10168 0.597334 0.271977 0.230028 0.232451 0.282418 0.310536 0.298544 0.570713 0.78004 0.874207 1.12738 1.17997
BD_Bo
 2.33879 1.00848 0.438989 0.227255 0.119366 0.282115 0.301689 0.426511 0.471713 0.764932 1.21603 0.851843 0.467611 0.25354 0.115441 0.0976358 0.0986643 0.119873 0.131808 0.126718 0.24224 0.33109 0.371059 0.478521 0.500842
BD_Brms
 11.3757 4.90519 2.13521 1.10536 0.580589 1.37219 1.4674 2.07452 2.29438 3.72058 5.91466 4.1433 2.27443 1.2332 0.561499 0.474894 0.479897 0.583054 0.641104 0.616347 1.17824 1.6104 1.80481 2.32749 2.43606
S_f
 0.5 1 1 1 1
 0.5 1 1 1 1
 0.5 1 1 1 1
 0.5 1 1 1 1
 0.5 1 1 1 1
 0.5 1 1 1 1
 0.5 1 1 1 1
 0.5 1 1 1 1
 0.5 1 1 1 1
 0.5 1 1 1 1
 0.5 1 1 1 1
 0.5 1 1 1 1
 0.5 1 1 1 1
 0.5 1 1 1 1
 0.5 1 1 1 1
 0.5 1 1 1 1
 0.5 1 1 1 1
 0.5 1 1 1 1
 0.5 1 1 1 1
 0.5 1 1 1 1
 0.5 1 1 1 1
 0.5 1 1 1 1
 0.5 1 1 1 1
 0.5 1 1 1 1
 0.5 1 1 1 1
Scru_reclas
 0.5 1 1 1 1
 0.5 1 1 1 1
 0.5 1 1 1 1
 0.5 1 1 1 1
 0.5 1 1 1 1
 0.5 1 1 1 1
 0.5 1 1 1 1
 0.5 1 1 1 1
 0.5 1 1 1 1
 0.5 1 1 1 1
 0.5 1 1 1 1
 0.5 1 1 1 1
 0.5 1 1 1 1
 0.5 1 1 1 1
 0.5 1 1 1 1
 0.5 1 1 1 1
 0.5 1 1 1 1
 0.5 1 1 1 1
 0.5 1 1 1 1
 0.5 1 1 1 1
 0.5 1 1 1 1
 0.5 1 1 1 1
 0.5 1 1 1 1
 0.5 1 1 1 1
 0.5 1 1 1 1
Scru_pelaces
 0.5 1 1 1 1
 0.5 1 1 1 1
 0.5 1 1 1 1
 0.5 1 1 1 1
 0.5 1 1 1 1
 0.5 1 1 1 1
 0.5 1 1 1 1
 0.5 1 1 1 1
 0.5 1 1 1 1
 0.5 1 1 1 1
 0.5 1 1 1 1
 0.5 1 1 1 1
 0.5 1 1 1 1
 0.5 1 1 1 1
 0.5 1 1 1 1
 0.5 1 1 1 1
 0.5 1 1 1 1
 0.5 1 1 1 1
 0.5 1 1 1 1
 0.5 1 1 1 1
 0.5 1 1 1 1
 0.5 1 1 1 1
 0.5 1 1 1 1
 0.5 1 1 1 1
 0.5 1 1 1 1
pf_obs 
 0.256992 0.487395 0.22802 0.0275931 0
 0.321318 0.546541 0.124235 0.00734118 0.000564706
 0.182869 0.594174 0.210203 0.0122559 0.00049798
 0.330522 0.361315 0.267642 0.0388342 0.00168674
 0.649043 0.306663 0.0425973 0.00169635 0
 0.582887 0.30429 0.105238 0.00758474 0
 0.465427 0.430635 0.0974691 0.00646863 0
 0.296916 0.608066 0.0921331 0.00288517 0
 0.311714 0.524322 0.152257 0.0117073 0
 0.15457 0.633149 0.183074 0.0267441 0.00246327
 0.131901 0.49318 0.331252 0.0422183 0.00144891
 0.196976 0.569456 0.194076 0.0375587 0.00193317
 0.518974 0.381816 0.0799577 0.0180837 0.00116848
 0.0928022 0.601141 0.25162 0.0475244 0.00691264
 0.122501 0.610282 0.24278 0.0234846 0.000952079
 0.383417 0.481906 0.127806 0.00687128 0
 0.0376549 0.599619 0.316969 0.0457579 0
 0.0361596 0.667082 0.258105 0.0386534 0
 0.158088 0.579412 0.248529 0.0139706 0
 0.0477256 0.309471 0.559284 0.082774 0.000745712
 0.0406174 0.521527 0.379366 0.0568643 0.0016247
 0.151134 0.462217 0.34131 0.0453401 0
 0.294876 0.26143 0.354403 0.0886775 0.000613685
 0.281977 0.475581 0.204845 0.0348837 0.00271318
 0.0841818 0.532909 0.334909 0.0458182 0.00218182
pf_pred 
 0.0345865 0.620969 0.30374 0.0407027 1.43613e-06
 0.0914664 0.0623575 0.544274 0.266226 0.0356768
 0.0346675 0.168766 0.0546726 0.477198 0.264696
 0.276582 0.058646 0.11622 0.0376501 0.510902
 0.860231 0.0637134 0.00616566 0.0122186 0.0576712
 0.261942 0.683507 0.0248669 0.00240641 0.0272775
 0.724179 0.129615 0.1354 0.00492602 0.00588024
 0.601663 0.341836 0.0265512 0.0277362 0.00221363
 0.699724 0.23743 0.0539317 0.004189 0.00472521
 0.676222 0.274278 0.0391401 0.00889058 0.0014695
 0.232373 0.628634 0.117743 0.0168023 0.00444743
 0.180013 0.33663 0.395836 0.0741403 0.0133805
 0.531674 0.157129 0.127756 0.150226 0.0332154
 0.427783 0.423721 0.0498225 0.0405087 0.0581653
 0.543183 0.317874 0.102886 0.0120976 0.0239595
 0.533281 0.361097 0.0734969 0.0237885 0.0083369
 0.45187 0.398923 0.115441 0.0234965 0.0102703
 0.473089 0.344296 0.132905 0.0384602 0.0112498
 0.396478 0.401797 0.131812 0.050882 0.0190312
 0.715939 0.168843 0.0767068 0.0251641 0.0133471
 0.574671 0.360826 0.0383397 0.0174181 0.0087449
 0.424601 0.424286 0.128196 0.0136215 0.00929532
 0.555856 0.270281 0.128203 0.0387359 0.00692458
 0.412161 0.428252 0.0971154 0.046065 0.0164064
 0.0263121 0.586109 0.282359 0.064031 0.0411892
pobs_RECLAS
 0 0 0 0 0
 0 0 0 0 0
 0 0 0 0 0
 0 0 0 0 0
 0.835266 0.146461 0.0176864 0.000547809 3.91292e-05
 0.385257 0.428462 0.181853 0.0044286 0
 0.867414 0.0963971 0.0333333 0.00285562 0
 0.441836 0.489002 0.0689373 0.000224442 0
 0.779404 0.147425 0.0564933 0.0165055 0.000172143
 0.814271 0.122319 0.05973 0.00367925 0
 0.40263 0.566651 0.0304383 0.000280538 0
 0.475488 0.404961 0.113038 0.00651328 0
 0.955842 0.0263864 0.0167828 0.000988607 0
 0.975058 0.0227948 0.00214734 0 0
 0.738997 0.206755 0.0527124 0.00153531 0
 0.850938 0.134255 0.0134407 0.00136685 0
 0.542534 0.407297 0.0501686 0 0
 0.764087 0.199537 0.0359546 0.000420521 0
 0.470689 0.182191 0.310203 0.0369168 0
 0.84361 0.089868 0.0606195 0.00523954 0.000663233
 0.607945 0.314616 0.071237 0.00620181 0
 0.523733 0.453247 0.0230204 0 0
 0.530135 0.295979 0.169645 0.0042399 0
 0.562478 0.366248 0.0663022 0.0049721 0
 0.250443 0.683176 0.0655157 0.000865301 0
ppred_RECLAS
 0.0346931 0.620901 0.303707 0.0406982 1.43598e-06
 0.091979 0.0623223 0.543967 0.266075 0.0356566
 0.0358209 0.168564 0.0546073 0.476628 0.26438
 0.279025 0.0584479 0.115827 0.0375229 0.509177
 0.860465 0.0636066 0.00615532 0.0121981 0.0575745
 0.269278 0.676714 0.0246197 0.00238249 0.0270064
 0.728347 0.127656 0.133354 0.00485158 0.00579139
 0.610712 0.33407 0.025948 0.0271061 0.00216334
 0.705384 0.232955 0.052915 0.00411003 0.00463613
 0.678479 0.272366 0.0388674 0.00882862 0.00145926
 0.236079 0.625599 0.117175 0.0167212 0.00442595
 0.183076 0.335372 0.394358 0.0738634 0.0133305
 0.541373 0.153875 0.12511 0.147114 0.0325275
 0.450097 0.407197 0.0478796 0.038929 0.0558971
 0.561203 0.305335 0.098827 0.0116204 0.0230144
 0.539223 0.356499 0.0725611 0.0234857 0.00823075
 0.45672 0.395393 0.114419 0.0232886 0.0101794
 0.476633 0.34198 0.132011 0.0382015 0.0111741
 0.400107 0.399381 0.131019 0.050576 0.0189168
 0.718837 0.16712 0.0759243 0.0249074 0.0132109
 0.575763 0.359899 0.0382413 0.0173734 0.00872244
 0.42614 0.423151 0.127853 0.0135851 0.00927046
 0.558034 0.268955 0.127574 0.0385459 0.00689063
 0.414515 0.426537 0.0967266 0.0458805 0.0163407
 0.0267108 0.585869 0.282243 0.0640048 0.0411723
pobs_PELACES
 0 0 0 0 0
 0 0 0 0 0
 0 0 0 0 0
 0 0 0 0 0
 0 0 0 0 0
 0 0 0 0 0
 0 0 0 0 0
 0 0 0 0 0
 0 0 0 0 0
 0 0 0 0 0
 0.450072 0.473896 0.0757376 0.000293798 0
 0 0 0 0 0
 0.463077 0.371075 0.160297 0.00555027 0
 0.529543 0.364841 0.0842815 0.0213345 0
 0.631943 0.363953 0.00410389 0 0
 0.735681 0.248677 0.0153453 0.000297389 0
 0.695825 0.281241 0.0229344 0 0
 0.275771 0.60734 0.115278 0.00161068 0
 0 0 0 0 0
 0.896147 0.0623911 0.0374545 0.00400742 0
 0.803859 0.145111 0.0509908 3.86294e-05 0
 0.739449 0.233085 0.0266225 0.000797448 4.60066e-05
 0.878498 0.100942 0.0204185 0.000141795 0
 0.694673 0.275183 0.0284847 0.00165964 0
 0.469039 0.446079 0.0841089 0.000773354 0
ppred_PELACES
 0.035248 0.620544 0.303532 0.0406748 1.43515e-06
 0.0944763 0.0621509 0.542471 0.265344 0.0355586
 0.0399468 0.167843 0.0543736 0.474588 0.263249
 0.289646 0.0575869 0.114121 0.0369702 0.501676
 0.861713 0.0630381 0.00610031 0.0120891 0.0570599
 0.293926 0.653887 0.0237893 0.00230213 0.0260954
 0.743816 0.120387 0.12576 0.00457532 0.00546161
 0.63943 0.309426 0.0240338 0.0251065 0.00200375
 0.724999 0.217445 0.0493921 0.0038364 0.00432747
 0.688358 0.263997 0.0376731 0.00855734 0.00141442
 0.250583 0.613722 0.11495 0.0164037 0.00434193
 0.19513 0.330424 0.388539 0.0727734 0.0131338
 0.572226 0.143524 0.116694 0.137218 0.0303393
 0.50516 0.366424 0.0430853 0.035031 0.0503
 0.607663 0.273006 0.0883631 0.01039 0.0205776
 0.560955 0.339685 0.0691389 0.022378 0.00784256
 0.475528 0.381704 0.110458 0.0224824 0.00982703
 0.491373 0.332349 0.128293 0.0371256 0.0108594
 0.415088 0.389407 0.127747 0.049313 0.0184444
 0.730664 0.16009 0.0727305 0.0238597 0.0126552
 0.581207 0.355281 0.0377505 0.0171504 0.00861051
 0.433526 0.417705 0.126208 0.0134103 0.00915114
 0.567905 0.262949 0.124725 0.0376851 0.00673673
 0.425087 0.418835 0.09498 0.045052 0.0160456
 0.0283991 0.584853 0.281754 0.0638938 0.0411009
pobs_pel_tallas
 0 0 0 0 0 0 0 0 0 0 0 0 0 0 0 0 0 0 0 0 0 0 0 0 0 0 0 0 0 0 0 0 0 0 0 0
 0 0 0 0 0 0 0 0 0 0 0 0 0 0 0 0 0 0 0 0 0 0 0 0 0 0 0 0 0 0 0 0 0 0 0 0
 0 0 0 0 0 0 0 0 0 0 0 0 0 0 0 0 0 0 0 0 0 0 0 0 0 0 0 0 0 0 0 0 0 0 0 0
 0 0 0 0 0 0 0 0 0 0 0 0 0 0 0 0 0 0 0 0 0 0 0 0 0 0 0 0 0 0 0 0 0 0 0 0
 0 0 0 0 0 0 0 0 0 0 0 0 0 0 0 0 0 0 0 0 0 0 0 0 0 0 0 0 0 0 0 0 0 0 0 0
 0 0 0 0 0 0 0 0 0 0 0 0 0 0 0 0 0 0 0 0 0 0 0 0 0 0 0 0 0 0 0 0 0 0 0 0
 0 0 0 0 0 0 0 0 0 0 0 0 0 0 0 0 0 0 0 0 0 0 0 0 0 0 0 0 0 0 0 0 0 0 0 0
 0 0 0 0 0 0 0 0 0 0 0 0 0 0 0 0 0 0 0 0 0 0 0 0 0 0 0 0 0 0 0 0 0 0 0 0
 0 0 0 0 0 0 0 0 0 0 0 0 0 0 0 0 0 0 0 0 0 0 0 0 0 0 0 0 0 0 0 0 0 0 0 0
 0 0 0 0 0 0 0 0 0 0 0 0 0 0 0 0 0 0 0 0 0 0 0 0 0 0 0 0 0 0 0 0 0 0 0 0
 0 0 0 0 0 0 0 0 1.78061e-05 0.00172719 0.00360574 0.0105946 0.0120993 0.0124554 0.0147524 0.0171206 0.0266825 0.0428682 0.0675386 0.121331 0.153587 0.119568 0.100827 0.0573624 0.0630603 0.0341343 0.0324427 0.0444173 0.0211091 0.0280891 0.0125444 0.00206551 0 0 0 0
 0 0 0 0 0 0 0 0 0 0 0 0 0 0 0 0 0 0 0 0 0 0 0 0 0 0 0 0 0 0 0 0 0 0 0 0
 0 0 0 0 0 0 0.0133647 0.0140871 0.0187388 0.0205184 0.03894 0.0496705 0.03968 0.0493445 0.0407372 0.0367815 0.0215668 0.0243155 0.0234873 0.0199281 0.019796 0.0243948 0.0301388 0.0376714 0.0412746 0.0863199 0.0771752 0.113111 0.0741005 0.0525337 0.0229764 0.00759418 0.00175318 0 0 0
 0 0 0 0 0 0 0 0 0 0 0.00219441 0.00772107 0.0458388 0.0604681 0.0671733 0.0775358 0.0609151 0.0617685 0.073594 0.0568108 0.0755445 0.0548602 0.0670107 0.0636378 0.0643287 0.046367 0.0373049 0.0286899 0.0247887 0.0153202 0.00654259 0.00121912 0.000365735 0 0 0
 0 0 0 0 0 0 0 0 0 0 0 0 0.000112435 0.00938835 0.0111873 0.0202946 0.0414886 0.0713402 0.111592 0.104902 0.108894 0.110636 0.117776 0.105296 0.107544 0.0401394 0.0192827 0.0124803 0.00416011 0.0028671 0.000618394 0 0 0 0 0
 0 0 0 0 0 0 0 0 0 0 0.00291406 0.0102884 0.027416 0.0768956 0.0749926 0.110853 0.0956884 0.0897413 0.0766577 0.0534642 0.0500743 0.0551293 0.0594112 0.0620874 0.0668451 0.0424026 0.0208742 0.0120726 0.0048766 0.00582813 0.00118941 0.000297354 0 0 0 0
 0 0.00264628 0.0354308 0.0461629 0.0458689 0.0383711 0.0214643 0.0164657 0.0346957 0.0420465 0.0363128 0.0245516 0.0311673 0.0291091 0.0169068 0.0133784 0.00837989 0.0085269 0.0148486 0.0160247 0.0276389 0.0546898 0.0760071 0.122758 0.109233 0.0665981 0.0333725 0.0166128 0.00676272 0.00308733 0.000882094 0 0 0 0 0
 0 0 0 0 0 0 0 0.000805153 0.000690131 0.00759144 0.0133425 0.0154129 0.00931677 0.000345066 0.00356568 0.00563607 0.00851162 0.0253048 0.0502646 0.0516448 0.0657925 0.0565908 0.0611916 0.0827007 0.0866115 0.110766 0.145733 0.0935128 0.0569358 0.0249597 0.0138026 0.00621118 0.00161031 0.00115022 0 0
 0 0 0 0 0 0 0 0 0 0 0 0 0 0 0 0 0 0 0 0 0 0 0 0 0 0 0 0 0 0 0 0 0 0 0 0
 0.00147267 0.00158595 0.00478618 0.00569244 0.00954404 0.0108468 0.00647125 0.017049 0.0510054 0.094081 0.124002 0.0959785 0.0687766 0.0820023 0.061753 0.0591476 0.0492212 0.0479892 0.0443925 0.0268479 0.0217502 0.0140895 0.0121071 0.0120363 0.00920419 0.00665534 0.0049561 0.00860946 0.00930331 0.0156896 0.0114698 0.00855282 0.00243557 0.00046729 0 2.83206e-05
 0 0 0 0 0.000772559 0.00158375 0.000888443 0.00281984 0.00712685 0.0440552 0.0773331 0.111326 0.0921469 0.0852325 0.0710754 0.0886704 0.0786465 0.0553345 0.0373146 0.0185414 0.00753245 0.00457741 0.012979 0.0271748 0.0457355 0.0583668 0.034881 0.0177882 0.00938659 0.00492506 0.0015258 0.00185414 0.000309023 5.79419e-05 3.86279e-05 0
 0 0.00173294 0.00326652 0 0.00397197 0.00683976 0.00946217 0.0152591 0.00757587 0.0136028 0.0228656 0.0392903 0.0559909 0.0764795 0.0681675 0.0726916 0.0566044 0.0477403 0.0527397 0.0444891 0.0609904 0.0582453 0.0661739 0.0445044 0.0529084 0.0360697 0.0280645 0.0235558 0.0158879 0.00826598 0.00280645 0.00217768 0.000904811 0.00058276 9.20147e-05 0
 0 0 0 0 0 0 0 0 0 0 0 0 0 0 0 0 0 0 0 0 0 0 0 0 0 0 0 0 0 0 0 0 0 0 0 0
 0 0 0 0 0 0 0 0 0 0 0 0 0 0 0 0 0 0 0 0 0 0 0 0 0 0 0 0 0 0 0 0 0 0 0 0
 0 0 0 0 0 0 0 0 0 0 0 0 0 0 0 0 0 0 0 0 0 0 0 0 0 0 0 0 0 0 0 0 0 0 0 0
ppred_pel_tallas
 1.05909e-16 1.5755e-06 9.1521e-06 4.33073e-05 0.000166405 0.000518616 0.00131067 0.00268687 0.00447311 0.00606574 0.00675498 0.00632546 0.00532951 0.00472996 0.00532861 0.00752959 0.011468 0.0171778 0.0246022 0.0334934 0.0433246 0.0532896 0.0624066 0.0696985 0.0743989 0.0761113 0.0748767 0.0711215 0.0655187 0.0588119 0.0516626 0.0445622 0.037817 0.0315836 0.0259275 0.0208737
 1.185e-16 4.13576e-06 2.42338e-05 0.00011512 0.000443091 0.00138159 0.00348981 0.00714147 0.0118414 0.0159139 0.0173472 0.0153726 0.0111616 0.00683839 0.003945 0.00285411 0.00323552 0.00470667 0.00710881 0.010467 0.0148673 0.0203651 0.0269316 0.0344238 0.0425694 0.0509674 0.0591086 0.0664161 0.0723064 0.0762637 0.0779149 0.0770902 0.0738561 0.068507 0.0615234 0.0534976
 1.29435e-16 1.76027e-06 1.0283e-05 4.87855e-05 0.00018767 0.000585064 0.00147796 0.00302564 0.0050215 0.00676255 0.00740869 0.00665341 0.00502208 0.00345821 0.00267573 0.00290876 0.00410059 0.00616452 0.00908232 0.0128704 0.0175198 0.0229632 0.0290749 0.0356889 0.0426212 0.0496816 0.0566681 0.0633466 0.0694293 0.0745684 0.0783773 0.0804821 0.0805918 0.0785637 0.0744505 0.0685065
 1.26351e-16 1.2644e-05 7.41899e-05 0.000352628 0.00135758 0.00423339 0.0106932 0.0218798 0.0362691 0.0487111 0.0530148 0.0467805 0.0335264 0.019649 0.00970048 0.00457893 0.00295355 0.00326972 0.00462505 0.00669743 0.00943853 0.0128734 0.0170188 0.0218555 0.0273166 0.0332776 0.0395463 0.0458564 0.0518719 0.0572057 0.0614569 0.0642609 0.0653449 0.0645738 0.0619762 0.057747
 1.03189e-16 3.75898e-05 0.000220641 0.00104887 0.00403827 0.012593 0.0318088 0.065084 0.10788 0.144867 0.157611 0.138946 0.0992909 0.0576015 0.0273093 0.01093 0.00429993 0.00254457 0.00269609 0.00349955 0.00452842 0.00562126 0.00667444 0.00760036 0.00833443 0.00884659 0.00914455 0.0092652 0.00925823 0.00916772 0.00901879 0.00881328 0.00853475 0.00815941 0.0076684 0.00705723
 1.0185e-16 1.28557e-05 7.53754e-05 0.000358138 0.00137858 0.00429873 0.0108589 0.0222234 0.0368552 0.0495483 0.0540574 0.0480131 0.0350904 0.0219331 0.0133595 0.010504 0.0122141 0.0170076 0.0238676 0.0320881 0.0409296 0.0494662 0.056647 0.0614878 0.0632957 0.0618389 0.057405 0.0507192 0.0427589 0.0345253 0.026845 0.0202538 0.0149769 0.0109847 0.00808794 0.00603367
 1.02237e-16 3.24517e-05 0.000190469 0.000905415 0.00348591 0.0108705 0.027458 0.0561823 0.0931272 0.125063 0.136084 0.120012 0.0858572 0.050004 0.0240779 0.0102887 0.00508408 0.00429208 0.00537024 0.00722638 0.00944686 0.0118092 0.0141113 0.0161516 0.0177563 0.0188081 0.0192618 0.0191401 0.0185153 0.0174841 0.0161464 0.0145929 0.0129033 0.0111491 0.00939773 0.00771348
 1.01399e-16 2.79074e-05 0.000163774 0.000778463 0.00299705 0.00934597 0.0236074 0.0483051 0.0800758 0.107554 0.117078 0.103362 0.0741865 0.0436927 0.0219455 0.0109263 0.0076567 0.00859409 0.0115335 0.0154268 0.019708 0.0238916 0.0274734 0.0299853 0.0310931 0.0306758 0.0288526 0.0259458 0.0223959 0.0186561 0.0151017 0.011978 0.00939181 0.00733835 0.0057444 0.00451106
 1.01107e-16 3.16349e-05 0.000185666 0.000882559 0.00339788 0.010596 0.0267646 0.0547644 0.0907795 0.121919 0.132684 0.117065 0.0838599 0.0490645 0.024042 0.0109819 0.00645287 0.00640242 0.00833411 0.0111203 0.0142461 0.0173441 0.0200537 0.0220392 0.0230536 0.0229945 0.0219244 0.0200474 0.0176534 0.0150475 0.0124889 0.0101557 0.00813788 0.00645349 0.00507542 0.00395728
 1.00981e-16 3.0039e-05 0.000176292 0.000837988 0.00322626 0.0100607 0.0254128 0.0519987 0.0861967 0.115769 0.126004 0.111203 0.0797305 0.0467882 0.0231864 0.0110283 0.00707874 0.00750476 0.00993348 0.0132666 0.0169592 0.0205817 0.0236994 0.0259083 0.0269169 0.0266139 0.0250922 0.022619 0.0195649 0.0163152 0.0131938 0.0104178 0.00808999 0.00621897 0.00475431 0.00362084
 1.02599e-16 1.09644e-05 6.42747e-05 0.00030537 0.00117542 0.0036652 0.00925863 0.0189488 0.0314267 0.0422562 0.0461178 0.0409993 0.0300472 0.0189453 0.0118292 0.00969985 0.011612 0.0163354 0.0230234 0.0310715 0.0398169 0.0484064 0.0558555 0.0612243 0.0638257 0.0633843 0.0600958 0.0545585 0.0476123 0.040136 0.0328734 0.0263301 0.0207546 0.0161846 0.0125251 0.00962422
 1.08738e-16 8.53552e-06 5.00398e-05 0.000237751 0.000915159 0.00285365 0.0072084 0.0147519 0.0244629 0.0328832 0.0358631 0.0318237 0.0231957 0.0143789 0.00856202 0.00649574 0.0074314 0.0104343 0.0149257 0.0205869 0.0271242 0.0341398 0.0411263 0.0475357 0.0528738 0.0567815 0.059078 0.0597536 0.0589268 0.056786 0.0535418 0.0494036 0.0445797 0.0392867 0.0337577 0.028236
 1.07836e-16 2.49702e-05 0.000146545 0.000696591 0.00268188 0.00836317 0.0211247 0.0432241 0.0716497 0.0962264 0.104721 0.0923889 0.0661738 0.0386994 0.0189356 0.00861551 0.00504389 0.00504788 0.00669973 0.00917133 0.0121348 0.0153867 0.0187203 0.0219201 0.0247912 0.0271888 0.0290301 0.0302869 0.0309642 0.0310764 0.0306327 0.0296376 0.0281032 0.0260664 0.0236019 0.0208238
 1.04286e-16 2.20548e-05 0.000129409 0.000615078 0.00236796 0.00738415 0.0186521 0.0381666 0.0632729 0.0849967 0.0925537 0.0817827 0.0588562 0.0349813 0.0181592 0.0100135 0.00825052 0.0101168 0.0138829 0.018683 0.0239728 0.0292177 0.0338369 0.0372828 0.0391578 0.0393058 0.0378434 0.0351162 0.0316007 0.0277837 0.0240615 0.0206834 0.0177487 0.0152411 0.0130818 0.0111788
 1.02662e-16 2.65208e-05 0.000155636 0.000739785 0.00284814 0.00888161 0.0224344 0.0459048 0.0760965 0.102208 0.111256 0.0982142 0.0704766 0.0414773 0.0207785 0.0102609 0.00709481 0.00792043 0.0106579 0.0143369 0.0184554 0.0225926 0.0263065 0.0291753 0.0308803 0.0312748 0.0304107 0.0285116 0.0259054 0.0229414 0.019918 0.0170425 0.0144246 0.0120973 0.0100478 0.0082471
 1.02228e-16 2.44868e-05 0.000143689 0.000682972 0.00262938 0.00819937 0.0207112 0.0423796 0.0702552 0.0943702 0.102744 0.0907491 0.0652256 0.0385996 0.0197303 0.0103906 0.00800354 0.00949004 0.0129264 0.0173751 0.0222871 0.0271512 0.0314179 0.0345674 0.0362173 0.0362092 0.0346408 0.0318283 0.028219 0.0242808 0.0204083 0.0168683 0.0137908 0.0111965 0.0090392 0.00724721
 1.02925e-16 2.07636e-05 0.000121826 0.000579025 0.00222914 0.00695124 0.0175586 0.0359294 0.0595654 0.0800201 0.0871447 0.0770272 0.0554863 0.0330842 0.0173696 0.00989182 0.00851346 0.0106609 0.0147146 0.0198515 0.0255304 0.0311977 0.0362399 0.0400679 0.0422398 0.0425581 0.0411072 0.0382145 0.0343557 0.0300354 0.0256852 0.0216045 0.0179511 0.0147689 0.0120329 0.00969093
 1.03713e-16 2.14525e-05 0.000125875 0.000598284 0.00230331 0.00718255 0.0181428 0.0371244 0.0615447 0.0826737 0.0900206 0.0795359 0.0572209 0.0339735 0.0175722 0.00959344 0.00780597 0.00953753 0.0131211 0.0177402 0.0229011 0.0281228 0.0328744 0.0366401 0.039023 0.039828 0.039096 0.0370727 0.0341304 0.0306706 0.0270403 0.0234859 0.0201463 0.0170771 0.0142864 0.0117665
 1.04497e-16 1.81284e-05 0.000106355 0.00050547 0.00194593 0.00606807 0.0153278 0.0313651 0.0520003 0.0698628 0.0760979 0.0672981 0.0485546 0.0291054 0.015564 0.00931264 0.00851703 0.0109567 0.01523 0.0206084 0.0265816 0.032602 0.0380522 0.0423336 0.0449896 0.0458044 0.0448403 0.0423993 0.0389297 0.0349083 0.0307418 0.0267113 0.0229661 0.0195539 0.0164656 0.0136758
 1.02496e-16 3.18796e-05 0.000187108 0.000889427 0.00342434 0.0106785 0.026973 0.0551903 0.091484 0.12286 0.133695 0.117926 0.0844106 0.0492529 0.0238861 0.0104955 0.00560361 0.00511761 0.00653184 0.00874725 0.011312 0.0139475 0.0163915 0.0183942 0.0197607 0.0203888 0.0202855 0.019553 0.0183524 0.0168593 0.0152258 0.0135604 0.0119266 0.0103544 0.00885709 0.00744501
 1.01644e-16 2.53705e-05 0.000148875 0.000707626 0.0027243 0.00849538 0.0214589 0.0439095 0.0727915 0.0977769 0.106453 0.0940242 0.0675778 0.0399879 0.020432 0.0107446 0.00825186 0.00975728 0.0132592 0.0177753 0.0227251 0.0275672 0.0317253 0.0346604 0.0359857 0.0355577 0.0335082 0.0302024 0.0261419 0.0218447 0.017742 0.0141178 0.0110993 0.00868642 0.00680078 0.00533359
 1.02817e-16 1.89336e-05 0.000111079 0.000527924 0.00203238 0.00633763 0.0160087 0.0327585 0.0543107 0.0729674 0.0794812 0.0702941 0.0507248 0.0304229 0.0162979 0.0097945 0.00899654 0.011581 0.0160749 0.0217015 0.0279055 0.0340883 0.0395778 0.0437273 0.0460514 0.0463328 0.0446641 0.041406 0.0370835 0.0322553 0.0274018 0.0228589 0.018807 0.0152997 0.012312 0.00978604
 1.03466e-16 2.47869e-05 0.000145457 0.000691393 0.00266183 0.00830059 0.0209668 0.0429019 0.071119 0.0955238 0.103983 0.0918021 0.065893 0.0388157 0.0195133 0.00975208 0.00689856 0.00782486 0.0105993 0.014325 0.0185385 0.0228456 0.0268247 0.0300643 0.032241 0.0331851 0.0329078 0.0315788 0.0294677 0.0268709 0.0240487 0.0211909 0.0184128 0.0157729 0.0132989 0.0110088
 1.03783e-16 1.85656e-05 0.000108919 0.000517653 0.00199283 0.00621432 0.0156972 0.0321212 0.0532543 0.0715489 0.077938 0.0689339 0.0497531 0.0298599 0.016032 0.00968932 0.00895589 0.0115556 0.0160436 0.0216544 0.0278366 0.0339942 0.0394599 0.0435951 0.0459247 0.046244 0.0446575 0.0415342 0.0374005 0.0328079 0.0282202 0.0239494 0.0201479 0.0168422 0.0139862 0.0115098
 1.08306e-16 1.27523e-06 7.393e-06 3.49526e-05 0.000134251 0.000418357 0.00105738 0.00216834 0.0036126 0.00490714 0.00548639 0.00518789 0.00447469 0.00414949 0.00489489 0.00708094 0.0108629 0.0163067 0.0233841 0.0318793 0.0413106 0.0509329 0.0598337 0.0671028 0.0720218 0.0742128 0.0736987 0.0708535 0.0662721 0.0606073 0.0544311 0.0481588 0.0420404 0.036201 0.0306991 0.0255746
pSPR Fmed_Fpbrs
0.52131   0.255595 0.255595
Fs Fmed_Fpbrs
0.373288   1.005 1.005
SSBpbr Bo_Bmed_Bpbrs
1.04595e+06  492969  215043 215043
Ro
21590.3
SPR SPRFo_SPRFmed_SPRFpbrs
443958 231440 113473
log_Ro
9.8
likeval ReclasPelacesDesembMPH_pf_preclas_ppelaces_ptallas_desvR_qrecl_qpela
 99.555 125.619 0.117189 0.000569522 400.072 210.924 88.4695 0 49.0009 0 0 0 0 0 0
q_reclas_q_pelaces
1 1
M
0.7
N
 6713.7 61593.2 30127.6 4037.25 0.142448
 8952.6 3171.86 27684.9 13541.8 1814.72
 1455.15 4065.02 1316.89 11494.1 6375.67
 4522.13 512.61 1015.85 329.09 4465.67
 51055.3 1917.08 185.519 367.647 1735.28
 16252.8 24564.8 893.699 86.4848 980.334
 56417.8 5578.26 5827.22 212.002 253.069
 66828.3 22008.7 1709.47 1785.76 142.522
 119792 22889 5199.19 403.833 455.525
 206548 44427.9 6339.98 1440.11 238.031
 59822.4 89313.4 16728.4 2387.19 631.87
 22675.6 23397.4 27512.6 5153.11 930.007
 51656.7 8872.9 7214.21 8483.05 1875.63
 27777.3 17560.1 2064.78 1678.79 2410.53
 19423.9 7062.28 2285.83 268.775 532.313
 14299.4 5399.67 1099.04 355.723 124.666
 11210.9 5441.63 1574.7 320.512 140.096
 11285.8 4427.49 1709.1 494.58 144.667
 8547.46 4686.47 1537.43 593.477 221.976
 27655.9 3517.01 1597.81 524.172 278.022
 35493.6 11474.9 1219.27 553.925 278.102
 31696.8 16472.6 4977.11 528.845 360.883
 56099.3 14366.4 6814.43 2058.95 368.066
 44895.1 24668.9 5594.21 2653.51 945.07
 1619.97 19546.3 9416.47 2135.39 1373.63
pred_Ctot
 235.384 4226.09 2067.15 277.008 0.00977381
 554.203 377.83 3297.8 1613.08 216.169
 310.172 1509.96 489.159 4269.51 2368.25
 480.159 101.812 201.763 65.3624 886.951
 1144.03 84.7331 8.19976 16.2496 76.6975
 3687.18 9621.27 350.034 33.8734 383.967
 8821.99 1578.97 1649.45 60.009 71.6334
 15233.3 8654.85 672.242 702.245 56.0463
 22178 7525.46 1709.39 132.772 149.767
 19350.2 7848.48 1120 254.405 42.0498
 9264 25061.7 4694.07 669.857 177.306
 3505.31 6555.03 7707.94 1443.7 260.551
 11976.3 3539.43 2877.77 3383.92 748.195
 10126.5 10030.3 1179.39 958.92 1376.89
 6355.72 3719.41 1203.85 141.553 280.347
 2439.98 1652.16 336.278 108.842 38.1447
 1672.44 1476.47 427.263 86.9643 38.012
 1343.05 977.421 377.304 109.185 31.9369
 1065.1 1079.39 354.101 136.69 51.1256
 3305.09 779.451 354.112 116.169 61.616
 1676.37 1052.57 111.841 50.8104 25.5098
 2000.1 1998.62 603.873 64.1648 43.786
 4651.14 2261.58 1072.74 324.123 57.9416
 4009.92 4166.47 944.837 448.166 159.618
 204.794 4561.85 2197.68 498.372 320.587
F
 0.0498323 0.0996646 0.0996646 0.0996646 0.0996646
 0.0895243 0.179049 0.179049 0.179049 0.179049
 0.343347 0.686694 0.686694 0.686694 0.686694
 0.158179 0.316357 0.316357 0.316357 0.316357
 0.031595 0.0631899 0.0631899 0.0631899 0.0631899
 0.369387 0.738774 0.738774 0.738774 0.738774
 0.241347 0.482695 0.482695 0.482695 0.482695
 0.371468 0.742936 0.742936 0.742936 0.742936
 0.291891 0.583783 0.583783 0.583783 0.583783
 0.138379 0.276759 0.276759 0.276759 0.276759
 0.238754 0.477509 0.477509 0.477509 0.477509
 0.238286 0.476573 0.476573 0.476573 0.476573
 0.37899 0.75798 0.75798 0.75798 0.75798
 0.669451 1.3389 1.3389 1.3389 1.3389
 0.580166 1.16033 1.16033 1.16033 1.16033
 0.266135 0.53227 0.53227 0.53227 0.53227
 0.229057 0.458114 0.458114 0.458114 0.458114
 0.178861 0.357723 0.357723 0.357723 0.357723
 0.188022 0.376044 0.376044 0.376044 0.376044
 0.179681 0.359361 0.359361 0.359361 0.359361
 0.0676556 0.135311 0.135311 0.135311 0.135311
 0.0913266 0.182653 0.182653 0.182653 0.182653
 0.121579 0.243158 0.243158 0.243158 0.243158
 0.131541 0.263083 0.263083 0.263083 0.263083
 0.190992 0.381983 0.381983 0.381983 0.381983
YTP_r0W_actual
 2293.69 100361 72523.4 20483.1 13721.1
YTP_p0W_proyectada
 59235.2 6859.38 99686.5 62646.8 21732.1
 59235.2 73922.6 1817.83 23637.6 15375.2
CTP_r0_actual
 204.794 4561.85 2197.68 498.372 320.587
CTP_p0_proyectada
 6968.85 320.532 3195.08 1539.23 467.357
 6968.85 3454.33 58.2638 580.777 330.648
Wmedp
 8.5 21.4 31.2 40.7 46.5
nmprior
 10.6 11 7 0
nm_flota  nm_reclas  nm_pelaces    nm_pelaL
inf 12.6961 9.09612 17.6406
cv_recla  cv_pelaces  cv_mph
0.902519 1.27086 0.774272
 ------------------------------------------------
Talla a la edad & desviaci?n 
 7.2 14.2025 17.0495 18.207 18.6776
 1.08 2.13037 2.55742 2.73105 2.80164
