years
 1997 1998 1999 2000 2001 2002 2003 2004 2005 2006 2007 2008 2009 2010 2011 2012 2013 2014 2015 2016 2017 2018 2019 2020 2021
reclasobs
 0 0 0 370054 412103 1.49427e+06 250295 1.28982e+06 931140 785840 897777 1.04006e+06 184774 17550 25797 100020 73551 82996 120727 218422 84188 347160 605670 569463 516374
reclaspred
 3.90547e+06 601064 757993 174415 240977 331460 669830 598451 652842 906082 977159 657923 357303 144020 79793.9 80057.5 90365.9 109602 119366 134504 214055 224987 373960 431965 410065
pelacesobs
 0 0 0 0 0 0 0 0 0 2.06254e+06 1.5e+06 0 1.87456e+06 323000 250000 174000 83755 137374 0 501740 490994 745055 786931 1.00524e+06 1.33801e+06
pelacespred
 5.35504e+06 1.86888e+06 509290 298475 696797 447034 2.16498e+06 1.5914e+06 1.74115e+06 2.56624e+06 1.85228e+06 1.30135e+06 899273 298483 177349 161136 179134 227732 218401 257899 520817 426710 565260 788980 509476
mphobs
 0 0 0 0 0 112323 0 153150 637223 0 255016 313432 73983 77613 109348 50772 0 0 0 0 0 0 0 0 0
mphpred
 1.08305e+06 462226 209175 80315.4 56769 162904 180197 315541 287031 336837 489583 306249 186771 108458 49808.1 37201.9 37724.1 42458.5 49692.2 50867.7 72141.2 94919.3 114346 158736 178804
desembarqueobs
 350755 77701 442110 56441 14545 235359 269955 359681 431902 328805 639364 411747 362871 311530 167758 66681 60226 58785 57116 73181 50977 67692 138656 160484 209506
desembarquepred
 350742 77677.3 441513 56413.4 14543.1 235174 269866 359084 431374 328495 638048 410982 362075 310876 167160 66583.6 60170.8 58685.6 57020.6 73086.1 50955.3 67615.1 138532 160353 209325
Reclutas
 10867.4 17436.3 2047.34 5855.07 41739.6 14134.6 63589.4 58537.5 70634.7 129515 55328.7 46937.1 55159.7 28972.9 13107.9 10905.6 7140.47 8205.88 8362.47 11093.8 16328.1 20075.1 33041.4 32201.7 2204.14
log_desv_Rt
 -0.566473 -0.0936913 -2.2357 -1.18494 0.779206 -0.303621 1.2002 1.11742 1.30528 1.91155 1.06105 0.896565 1.05799 0.414116 -0.379028 -0.562967 -0.986465 -0.847394 -0.828491 -0.545861 -0.159358 0.0472333 0.545517 0.519774 -2.16191
SSB
 1.45147e+06 619461 280330 107636 76080.2 218320 241495 422879 384670 451419 656125 410426 250306 145353 66751.4 49856.9 50556.7 56901.7 66596 68171.4 96681.6 127208 153243 212733 239629
BT
 1.96537e+06 756120 407453 166466 279535 330331 1.05868e+06 968235 1.05371e+06 1.27774e+06 1.20931e+06 841298 686972 393113 201235 113811 113166 131339 124418 152013 232835 208910 293309 407063 325212
Ftot
 0.219008 0.331743 1.34299 0.844645 0.244402 1.62785 1.42708 1.75423 1.95621 1.21352 1.61005 1.58822 2.78472 4.77921 4.95303 2.26402 1.80637 1.50956 1.2667 1.50589 0.705927 0.808743 0.997101 1.00228 1.15188
BD_Bspro_t
 0.973025 0.812191 0.567097 0.21357 0.274941 0.57042 0.418955 0.499773 0.425799 0.421828 0.476537 0.299845 0.209512 0.148091 0.0830226 0.0762889 0.105587 0.16059 0.225132 0.276111 0.381606 0.512282 0.516699 0.521358 0.474685
BD_Bspro
 3.68623 1.57322 0.711939 0.273359 0.193217 0.554455 0.613312 1.07396 0.976927 1.14645 1.66633 1.04234 0.635688 0.369145 0.169525 0.126619 0.128396 0.14451 0.16913 0.173132 0.245537 0.323064 0.389185 0.540268 0.608572
BD_Bo
 1.70255 0.726616 0.328821 0.126255 0.0892405 0.256084 0.283269 0.496028 0.45121 0.529505 0.769621 0.481422 0.293603 0.170496 0.0782981 0.0584811 0.059302 0.0667445 0.0781157 0.0799637 0.113405 0.149212 0.179751 0.249532 0.281079
BD_Brms
 4.6047 1.9652 0.889329 0.34147 0.24136 0.692605 0.766128 1.34156 1.22034 1.4321 2.08152 1.30205 0.794079 0.461123 0.211765 0.158168 0.160388 0.180517 0.211272 0.21627 0.306716 0.40356 0.486155 0.674884 0.760207
S_f
 0.0869939 0.680917 0.979505 0.999067 0.999958
 0.0869939 0.680917 0.979505 0.999067 0.999958
 0.0869939 0.680917 0.979505 0.999067 0.999958
 0.0869939 0.680917 0.979505 0.999067 0.999958
 0.0869939 0.680917 0.979505 0.999067 0.999958
 0.0869939 0.680917 0.979505 0.999067 0.999958
 0.0869939 0.680917 0.979505 0.999067 0.999958
 0.0869939 0.680917 0.979505 0.999067 0.999958
 0.0869939 0.680917 0.979505 0.999067 0.999958
 0.0869939 0.680917 0.979505 0.999067 0.999958
 0.0869939 0.680917 0.979505 0.999067 0.999958
 0.0869939 0.680917 0.979505 0.999067 0.999958
 0.0869939 0.680917 0.979505 0.999067 0.999958
 0.0869939 0.680917 0.979505 0.999067 0.999958
 0.0869939 0.680917 0.979505 0.999067 0.999958
 0.0869939 0.680917 0.979505 0.999067 0.999958
 0.0869939 0.680917 0.979505 0.999067 0.999958
 0.0869939 0.680917 0.979505 0.999067 0.999958
 0.0869939 0.680917 0.979505 0.999067 0.999958
 0.0869939 0.680917 0.979505 0.999067 0.999958
 0.0869939 0.680917 0.979505 0.999067 0.999958
 0.0869939 0.680917 0.979505 0.999067 0.999958
 0.0869939 0.680917 0.979505 0.999067 0.999958
 0.0869939 0.680917 0.979505 0.999067 0.999958
 0.0869939 0.680917 0.979505 0.999067 0.999958
Scru_reclas
 0.217185 0.582682 0.875418 0.9725 0.994413
 0.217185 0.582682 0.875418 0.9725 0.994413
 0.217185 0.582682 0.875418 0.9725 0.994413
 0.217185 0.582682 0.875418 0.9725 0.994413
 0.217185 0.582682 0.875418 0.9725 0.994413
 0.217185 0.582682 0.875418 0.9725 0.994413
 0.217185 0.582682 0.875418 0.9725 0.994413
 0.217185 0.582682 0.875418 0.9725 0.994413
 0.217185 0.582682 0.875418 0.9725 0.994413
 0.217185 0.582682 0.875418 0.9725 0.994413
 0.217185 0.582682 0.875418 0.9725 0.994413
 0.217185 0.582682 0.875418 0.9725 0.994413
 0.217185 0.582682 0.875418 0.9725 0.994413
 0.217185 0.582682 0.875418 0.9725 0.994413
 0.217185 0.582682 0.875418 0.9725 0.994413
 0.217185 0.582682 0.875418 0.9725 0.994413
 0.217185 0.582682 0.875418 0.9725 0.994413
 0.217185 0.582682 0.875418 0.9725 0.994413
 0.217185 0.582682 0.875418 0.9725 0.994413
 0.217185 0.582682 0.875418 0.9725 0.994413
 0.217185 0.582682 0.875418 0.9725 0.994413
 0.217185 0.582682 0.875418 0.9725 0.994413
 0.217185 0.582682 0.875418 0.9725 0.994413
 0.217185 0.582682 0.875418 0.9725 0.994413
 0.217185 0.582682 0.875418 0.9725 0.994413
Scru_pelaces
 0.769245 0.999998 1 1 1
 0.769245 0.999998 1 1 1
 0.769245 0.999998 1 1 1
 0.769245 0.999998 1 1 1
 0.769245 0.999998 1 1 1
 0.769245 0.999998 1 1 1
 0.769245 0.999998 1 1 1
 0.769245 0.999998 1 1 1
 0.769245 0.999998 1 1 1
 0.769245 0.999998 1 1 1
 0.769245 0.999998 1 1 1
 0.769245 0.999998 1 1 1
 0.769245 0.999998 1 1 1
 0.769245 0.999998 1 1 1
 0.769245 0.999998 1 1 1
 0.769245 0.999998 1 1 1
 0.769245 0.999998 1 1 1
 0.769245 0.999998 1 1 1
 0.769245 0.999998 1 1 1
 0.769245 0.999998 1 1 1
 0.769245 0.999998 1 1 1
 0.769245 0.999998 1 1 1
 0.769245 0.999998 1 1 1
 0.769245 0.999998 1 1 1
 0.769245 0.999998 1 1 1
pf_obs 
 0.256992 0.487395 0.22802 0.0275931 0
 0.321318 0.546541 0.124235 0.00734118 0.000564706
 0.182869 0.594174 0.210203 0.0122559 0.00049798
 0.330522 0.361315 0.267642 0.0388342 0.00168674
 0.649043 0.306663 0.0425973 0.00169635 0
 0.582887 0.30429 0.105238 0.00758474 0
 0.465427 0.430635 0.0974691 0.00646863 0
 0.296916 0.608066 0.0921331 0.00288517 0
 0.311714 0.524322 0.152257 0.0117073 0
 0.15457 0.633149 0.183074 0.0267441 0.00246327
 0.131901 0.49318 0.331252 0.0422183 0.00144891
 0.196976 0.569456 0.194076 0.0375587 0.00193317
 0.518974 0.381816 0.0799577 0.0180837 0.00116848
 0.0928022 0.601141 0.25162 0.0475244 0.00691264
 0.122501 0.610282 0.24278 0.0234846 0.000952079
 0.383417 0.481906 0.127806 0.00687128 0
 0.0376549 0.599619 0.316969 0.0457579 0
 0.0361596 0.667082 0.258105 0.0386534 0
 0.158088 0.579412 0.248529 0.0139706 0
 0.0477256 0.309471 0.559284 0.082774 0.000745712
 0.0406174 0.521527 0.379366 0.0568643 0.0016247
 0.151134 0.462217 0.34131 0.0453401 0
 0.294876 0.26143 0.354403 0.0886775 0.000613685
 0.281977 0.475581 0.204845 0.0348837 0.00271318
 0.0841818 0.532909 0.334909 0.0458182 0.00218182
pf_pred 
 0.0217129 0.645731 0.294277 0.0382765 2.65073e-06
 0.0570155 0.124463 0.60634 0.188219 0.0239632
 0.0158476 0.370054 0.115056 0.371889 0.127154
 0.155546 0.152653 0.368603 0.06239 0.260808
 0.586241 0.278839 0.0363764 0.0532499 0.0452937
 0.106648 0.819496 0.055937 0.00491109 0.0130071
 0.522808 0.279582 0.189015 0.00657576 0.00201929
 0.273588 0.680021 0.0337271 0.0121328 0.00053097
 0.318752 0.564403 0.113076 0.00277172 0.00099691
 0.393768 0.525788 0.0732754 0.00694715 0.000221011
 0.134294 0.754624 0.102377 0.00795337 0.000751417
 0.192402 0.528354 0.259753 0.0180197 0.0014709
 0.328963 0.52157 0.117711 0.029621 0.00213415
 0.278481 0.66578 0.0502837 0.00435052 0.00110496
 0.294746 0.673404 0.0312678 0.000529885 5.21637e-05
 0.342889 0.628715 0.0281111 0.000280148 4.71959e-06
 0.216708 0.696799 0.0848136 0.00166342 1.60165e-05
 0.27864 0.564442 0.147941 0.00880988 0.000166994
 0.249789 0.616688 0.116586 0.016003 0.000933823
 0.298422 0.549268 0.136129 0.0141915 0.00198953
 0.298886 0.580511 0.10531 0.013724 0.00156881
 0.241966 0.588732 0.150029 0.0168882 0.00238534
 0.299691 0.51696 0.156159 0.0241736 0.00301613
 0.219649 0.628738 0.125666 0.022202 0.00374495
 0.0181616 0.715494 0.233633 0.02726 0.00545182
pobs_RECLAS
 0 0 0 0 0
 0 0 0 0 0
 0 0 0 0 0
 0 0 0 0 0
 0.835266 0.146461 0.0176864 0.000547809 3.91292e-05
 0.385257 0.428462 0.181853 0.0044286 0
 0.867414 0.0963971 0.0333333 0.00285562 0
 0.441836 0.489002 0.0689373 0.000224442 0
 0.779404 0.147425 0.0564933 0.0165055 0.000172143
 0.814271 0.122319 0.05973 0.00367925 0
 0.40263 0.566651 0.0304383 0.000280538 0
 0.475488 0.404961 0.113038 0.00651328 0
 0.955842 0.0263864 0.0167828 0.000988607 0
 0.975058 0.0227948 0.00214734 0 0
 0.738997 0.206755 0.0527124 0.00153531 0
 0.850938 0.134255 0.0134407 0.00136685 0
 0.542534 0.407297 0.0501686 0 0
 0.764087 0.199537 0.0359546 0.000420521 0
 0.470689 0.182191 0.310203 0.0369168 0
 0.84361 0.089868 0.0606195 0.00523954 0.000663233
 0.607945 0.314616 0.071237 0.00620181 0
 0.523733 0.453247 0.0230204 0 0
 0.530135 0.295979 0.169645 0.0042399 0
 0.562478 0.366248 0.0663022 0.0049721 0
 0.250443 0.683176 0.0655157 0.000865301 0
ppred_RECLAS
 0.0603322 0.609855 0.288896 0.0409133 2.89455e-06
 0.145182 0.107182 0.541037 0.18282 0.0237785
 0.0467412 0.345799 0.106012 0.371652 0.129796
 0.347275 0.11201 0.274531 0.0505069 0.215677
 0.800922 0.129342 0.0175276 0.0279349 0.0242744
 0.278787 0.662153 0.0436738 0.00415273 0.0112335
 0.778036 0.130901 0.086764 0.00327254 0.00102644
 0.552502 0.419491 0.0199094 0.00775114 0.000346448
 0.612064 0.324521 0.0611978 0.00162148 0.000595605
 0.669807 0.286306 0.0396721 0.00408204 0.000132649
 0.334546 0.582006 0.0763996 0.00642859 0.000620332
 0.43653 0.371865 0.17718 0.0133147 0.00111007
 0.648797 0.280191 0.0550325 0.0148846 0.00109493
 0.662521 0.319042 0.0165333 0.00151203 0.000391795
 0.684672 0.305624 0.00951709 0.000170213 1.7094e-05
 0.64378 0.342058 0.0140089 0.00015061 2.59101e-06
 0.477769 0.466912 0.0541588 0.00114921 1.13011e-05
 0.553986 0.350561 0.0895613 0.00577979 0.000111901
 0.510794 0.402009 0.0753124 0.0112165 0.00066855
 0.57734 0.332058 0.0802384 0.0090652 0.00129805
 0.561134 0.361302 0.0669655 0.00949016 0.00110821
 0.490614 0.393225 0.101894 0.0124684 0.001799
 0.566848 0.318061 0.0967479 0.0162692 0.00207353
 0.462924 0.430875 0.0866956 0.0166384 0.00286683
 0.0542583 0.687509 0.224055 0.0283799 0.00579763
pobs_PELACES
 0 0 0 0 0
 0 0 0 0 0
 0 0 0 0 0
 0 0 0 0 0
 0 0 0 0 0
 0 0 0 0 0
 0 0 0 0 0
 0 0 0 0 0
 0 0 0 0 0
 0 0 0 0 0
 0.450072 0.473896 0.0757376 0.000293798 0
 0 0 0 0 0
 0.463077 0.371075 0.160297 0.00555027 0
 0.529543 0.364841 0.0842815 0.0213345 0
 0.631943 0.363953 0.00410389 0 0
 0.735681 0.248677 0.0153453 0.000297389 0
 0.695825 0.281241 0.0229344 0 0
 0.275771 0.60734 0.115278 0.00161068 0
 0 0 0 0 0
 0.896147 0.0623911 0.0374545 0.00400742 0
 0.803859 0.145111 0.0509908 3.86294e-05 0
 0.739449 0.233085 0.0266225 0.000797448 4.60066e-05
 0.878498 0.100942 0.0204185 0.000141795 0
 0.694673 0.275183 0.0284847 0.00165964 0
 0.469039 0.446079 0.0841089 0.000773354 0
ppred_PELACES
 0.136532 0.640622 0.19768 0.025165 1.74104e-06
 0.357381 0.119795 0.389549 0.118237 0.0150382
 0.158364 0.436313 0.0779969 0.244016 0.0833093
 0.666354 0.0882517 0.132475 0.0218197 0.0911
 0.910283 0.0678974 0.00597855 0.00856369 0.00727704
 0.532647 0.445549 0.0166615 0.0014112 0.00373152
 0.920561 0.0567357 0.0217471 0.000731596 0.000224317
 0.787218 0.205351 0.00545735 0.00189102 8.26165e-05
 0.837664 0.146668 0.0151822 0.000357563 0.000128372
 0.848966 0.138615 0.0113436 0.00104248 3.31178e-05
 0.600805 0.369395 0.0275406 0.00206448 0.000194732
 0.719276 0.217475 0.0589784 0.00394896 0.000321826
 0.879992 0.10669 0.0106008 0.00253498 0.000182218
 0.914398 0.0836203 0.00180104 0.000143765 3.63801e-05
 0.92337 0.0756508 0.000962484 1.5008e-05 1.47185e-06
 0.855559 0.141329 0.00308227 2.93966e-05 4.9425e-07
 0.738426 0.245414 0.0158581 0.000299393 2.87777e-06
 0.791469 0.180525 0.0264554 0.00152194 2.88038e-05
 0.749141 0.222877 0.0245305 0.00326191 0.000190069
 0.806758 0.16737 0.0232072 0.00233734 0.000327163
 0.7649 0.207803 0.0239134 0.00303676 0.000346729
 0.719002 0.2383 0.0379524 0.00415875 0.00058668
 0.786414 0.175855 0.0322726 0.00485387 0.000604825
 0.701981 0.260127 0.0315615 0.00541737 0.000912586
 0.143342 0.702216 0.135979 0.0153895 0.00307354
pobs_pel_tallas
 0 0 0 0 0 0 0 0 0 0 0 0 0 0 0 0 0 0 0 0 0 0 0 0 0 0 0 0 0 0 0 0 0 0 0 0
 0 0 0 0 0 0 0 0 0 0 0 0 0 0 0 0 0 0 0 0 0 0 0 0 0 0 0 0 0 0 0 0 0 0 0 0
 0 0 0 0 0 0 0 0 0 0 0 0 0 0 0 0 0 0 0 0 0 0 0 0 0 0 0 0 0 0 0 0 0 0 0 0
 0 0 0 0 0 0 0 0 0 0 0 0 0 0 0 0 0 0 0 0 0 0 0 0 0 0 0 0 0 0 0 0 0 0 0 0
 0 0 0 0 0 0 0 0 0 0 0 0 0 0 0 0 0 0 0 0 0 0 0 0 0 0 0 0 0 0 0 0 0 0 0 0
 0 0 0 0 0 0 0 0 0 0 0 0 0 0 0 0 0 0 0 0 0 0 0 0 0 0 0 0 0 0 0 0 0 0 0 0
 0 0 0 0 0 0 0 0 0 0 0 0 0 0 0 0 0 0 0 0 0 0 0 0 0 0 0 0 0 0 0 0 0 0 0 0
 0 0 0 0 0 0 0 0 0 0 0 0 0 0 0 0 0 0 0 0 0 0 0 0 0 0 0 0 0 0 0 0 0 0 0 0
 0 0 0 0 0 0 0 0 0 0 0 0 0 0 0 0 0 0 0 0 0 0 0 0 0 0 0 0 0 0 0 0 0 0 0 0
 0 0 0 0 0 0 0 0 0 0 0 0 0 0 0 0 0 0 0 0 0 0 0 0 0 0 0 0 0 0 0 0 0 0 0 0
 0 0 0 0 0 0 0 0 1.78061e-05 0.00172719 0.00360574 0.0105946 0.0120993 0.0124554 0.0147524 0.0171206 0.0266825 0.0428682 0.0675386 0.121331 0.153587 0.119568 0.100827 0.0573624 0.0630603 0.0341343 0.0324427 0.0444173 0.0211091 0.0280891 0.0125444 0.00206551 0 0 0 0
 0 0 0 0 0 0 0 0 0 0 0 0 0 0 0 0 0 0 0 0 0 0 0 0 0 0 0 0 0 0 0 0 0 0 0 0
 0 0 0 0 0 0 0.0133647 0.0140871 0.0187388 0.0205184 0.03894 0.0496705 0.03968 0.0493445 0.0407372 0.0367815 0.0215668 0.0243155 0.0234873 0.0199281 0.019796 0.0243948 0.0301388 0.0376714 0.0412746 0.0863199 0.0771752 0.113111 0.0741005 0.0525337 0.0229764 0.00759418 0.00175318 0 0 0
 0 0 0 0 0 0 0 0 0 0 0.00219441 0.00772107 0.0458388 0.0604681 0.0671733 0.0775358 0.0609151 0.0617685 0.073594 0.0568108 0.0755445 0.0548602 0.0670107 0.0636378 0.0643287 0.046367 0.0373049 0.0286899 0.0247887 0.0153202 0.00654259 0.00121912 0.000365735 0 0 0
 0 0 0 0 0 0 0 0 0 0 0 0 0.000112435 0.00938835 0.0111873 0.0202946 0.0414886 0.0713402 0.111592 0.104902 0.108894 0.110636 0.117776 0.105296 0.107544 0.0401394 0.0192827 0.0124803 0.00416011 0.0028671 0.000618394 0 0 0 0 0
 0 0 0 0 0 0 0 0 0 0 0.00291406 0.0102884 0.027416 0.0768956 0.0749926 0.110853 0.0956884 0.0897413 0.0766577 0.0534642 0.0500743 0.0551293 0.0594112 0.0620874 0.0668451 0.0424026 0.0208742 0.0120726 0.0048766 0.00582813 0.00118941 0.000297354 0 0 0 0
 0 0.00264628 0.0354308 0.0461629 0.0458689 0.0383711 0.0214643 0.0164657 0.0346957 0.0420465 0.0363128 0.0245516 0.0311673 0.0291091 0.0169068 0.0133784 0.00837989 0.0085269 0.0148486 0.0160247 0.0276389 0.0546898 0.0760071 0.122758 0.109233 0.0665981 0.0333725 0.0166128 0.00676272 0.00308733 0.000882094 0 0 0 0 0
 0 0 0 0 0 0 0 0.000805153 0.000690131 0.00759144 0.0133425 0.0154129 0.00931677 0.000345066 0.00356568 0.00563607 0.00851162 0.0253048 0.0502646 0.0516448 0.0657925 0.0565908 0.0611916 0.0827007 0.0866115 0.110766 0.145733 0.0935128 0.0569358 0.0249597 0.0138026 0.00621118 0.00161031 0.00115022 0 0
 0 0 0 0 0 0 0 0 0 0 0 0 0 0 0 0 0 0 0 0 0 0 0 0 0 0 0 0 0 0 0 0 0 0 0 0
 0.00147267 0.00158595 0.00478618 0.00569244 0.00954404 0.0108468 0.00647125 0.017049 0.0510054 0.094081 0.124002 0.0959785 0.0687766 0.0820023 0.061753 0.0591476 0.0492212 0.0479892 0.0443925 0.0268479 0.0217502 0.0140895 0.0121071 0.0120363 0.00920419 0.00665534 0.0049561 0.00860946 0.00930331 0.0156896 0.0114698 0.00855282 0.00243557 0.00046729 0 2.83206e-05
 0 0 0 0 0.000772559 0.00158375 0.000888443 0.00281984 0.00712685 0.0440552 0.0773331 0.111326 0.0921469 0.0852325 0.0710754 0.0886704 0.0786465 0.0553345 0.0373146 0.0185414 0.00753245 0.00457741 0.012979 0.0271748 0.0457355 0.0583668 0.034881 0.0177882 0.00938659 0.00492506 0.0015258 0.00185414 0.000309023 5.79419e-05 3.86279e-05 0
 0 0.00173294 0.00326652 0 0.00397197 0.00683976 0.00946217 0.0152591 0.00757587 0.0136028 0.0228656 0.0392903 0.0559909 0.0764795 0.0681675 0.0726916 0.0566044 0.0477403 0.0527397 0.0444891 0.0609904 0.0582453 0.0661739 0.0445044 0.0529084 0.0360697 0.0280645 0.0235558 0.0158879 0.00826598 0.00280645 0.00217768 0.000904811 0.00058276 9.20147e-05 0
 0 0 0 0 0 0 0 0 0 0 0 0 0 0 0 0 0 0 0 0 0 0 0 0 0 0 0 0 0 0 0 0 0 0 0 0
 0 0 0 0 0 0 0 0 0 0 0 0 0 0 0 0 0 0 0 0 0 0 0 0 0 0 0 0 0 0 0 0 0 0 0 0
 0 0 0 0 0 0 0 0 0 0 0 0 0 0 0 0 0 0 0 0 0 0 0 0 0 0 0 0 0 0 0 0 0 0 0 0
ppred_pel_tallas
 1.0388e-16 5.99251e-06 3.50826e-05 0.000166581 0.000641036 0.00199873 0.00504932 0.0103365 0.0171528 0.0230925 0.0252792 0.0226547 0.0169955 0.0114906 0.00851695 0.00876756 0.011876 0.0172843 0.0245589 0.0332685 0.042795 0.052274 0.060683 0.0670295 0.0705661 0.0709572 0.0683432 0.0632768 0.0565647 0.0490676 0.0415281 0.0344691 0.0281753 0.0227367 0.0181209 0.0142421
 1.10335e-16 1.56018e-05 9.15446e-05 0.000435113 0.00167513 0.00522363 0.0131945 0.0269983 0.0447554 0.0601133 0.0654366 0.0577711 0.0414675 0.0244332 0.0123047 0.00621189 0.0045324 0.00535605 0.00755432 0.0106791 0.0145747 0.0191284 0.0241776 0.0294958 0.0348089 0.0398181 0.0442231 0.0477427 0.050133 0.0512093 0.0508676 0.0491061 0.0460371 0.041882 0.0369496 0.0315965
 1.13527e-16 6.93545e-06 4.06392e-05 0.000193044 0.000743001 0.00231677 0.0058524 0.0119781 0.0198677 0.0267202 0.0291782 0.0259784 0.0191226 0.0122239 0.00792573 0.00689989 0.00859595 0.012287 0.0174861 0.0238495 0.03098 0.0383409 0.0452925 0.0512059 0.0555966 0.0582241 0.0591245 0.0585607 0.0569164 0.0545725 0.0518117 0.0487787 0.0454987 0.041933 0.0380456 0.0338518
 1.06916e-16 2.90725e-05 0.000170634 0.000811123 0.00312288 0.00973841 0.0245984 0.0503311 0.0834279 0.112037 0.121907 0.107503 0.0768944 0.0447569 0.0215027 0.0091102 0.00439934 0.00364183 0.00457916 0.00626465 0.008372 0.0107548 0.0132852 0.0158253 0.0182386 0.020406 0.0222355 0.0236608 0.0246347 0.0251211 0.0250929 0.0245361 0.0234597 0.0219047 0.0199481 0.0176991
 1.00742e-16 3.9708e-05 0.000233076 0.00110798 0.00426588 0.0133028 0.0336017 0.0687523 0.11396 0.153032 0.166494 0.146776 0.104884 0.0608411 0.0288351 0.0115208 0.00449649 0.00260709 0.00270957 0.00346772 0.00441801 0.0053756 0.00621707 0.00683888 0.00716768 0.00717546 0.00688512 0.00636216 0.00569632 0.00497904 0.00428452 0.00365928 0.0031214 0.00266713 0.00228081 0.00194418
 1.00605e-16 2.32566e-05 0.000136457 0.00064857 0.00249688 0.00778618 0.0196676 0.0402451 0.0667203 0.0896322 0.0976133 0.0862819 0.0621558 0.0370655 0.0194646 0.0110833 0.00951708 0.0118645 0.0162822 0.0218085 0.0277894 0.0335561 0.0383833 0.0415969 0.0427236 0.0416059 0.0384429 0.033734 0.0281536 0.022394 0.0170296 0.0124364 0.00877682 0.00603667 0.00408889 0.00275867
 1.00363e-16 4.01558e-05 0.000235706 0.00112049 0.00431402 0.013453 0.0339809 0.0695282 0.115246 0.154758 0.168369 0.148422 0.106047 0.0614891 0.0290921 0.0115367 0.00436745 0.00236927 0.00236505 0.00300992 0.00384684 0.00470459 0.00547504 0.00606696 0.0064123 0.00647899 0.00627662 0.0058511 0.00527119 0.00461124 0.00393631 0.00329337 0.00270955 0.00219564 0.00175203 0.00137423
 1.00214e-16 3.43474e-05 0.000201592 0.000958276 0.00368941 0.0115051 0.029061 0.0594628 0.0985667 0.132374 0.144053 0.127075 0.090985 0.0531406 0.0258653 0.0115179 0.00635206 0.00594941 0.00758781 0.0100438 0.012775 0.015416 0.0176221 0.0190813 0.0195759 0.0190345 0.0175505 0.0153562 0.0127643 0.0100956 0.00761615 0.0054997 0.00382089 0.00257221 0.00169369 0.00110303
 1.00282e-16 3.65447e-05 0.000214497 0.00101964 0.00392571 0.012242 0.0309222 0.0632706 0.104877 0.140842 0.153251 0.135149 0.0966793 0.0562915 0.0270729 0.0115033 0.00556747 0.00454539 0.00554351 0.00729417 0.00929025 0.0112435 0.0129026 0.014042 0.0145019 0.0142246 0.0132684 0.0117894 0.0100021 0.00812853 0.00635493 0.00480559 0.00353795 0.00255399 0.00182012 0.00128719
 1.00244e-16 3.70372e-05 0.000217389 0.00103339 0.00397866 0.0124071 0.0313393 0.0641239 0.106291 0.14274 0.155314 0.136962 0.0979635 0.0570132 0.0273712 0.0115459 0.00546332 0.00433625 0.00523144 0.00686775 0.00873993 0.0105693 0.0121171 0.0131707 0.0135801 0.0132926 0.0123651 0.0109479 0.00924547 0.00746944 0.00579644 0.00434368 0.0031642 0.00225788 0.0015906 0.00111355
 1.00592e-16 2.62256e-05 0.000153894 0.000731484 0.00281615 0.00878182 0.0221824 0.04539 0.0752458 0.101074 0.110042 0.0971937 0.0698548 0.0413329 0.0211142 0.0110934 0.00850379 0.0100367 0.0136168 0.0182204 0.0232375 0.0280987 0.0321995 0.0349782 0.0360367 0.0352364 0.0327314 0.0289245 0.0243641 0.019616 0.0151526 0.0112867 0.00815911 0.00576775 0.00401932 0.00278103
 1.01059e-16 3.13854e-05 0.000184201 0.000875595 0.00337106 0.0105123 0.0265534 0.0543322 0.0900631 0.120957 0.131638 0.116143 0.0832033 0.0486874 0.0238705 0.0109267 0.00645327 0.00643198 0.00838771 0.0112027 0.014366 0.0175114 0.0202778 0.0223273 0.0234092 0.0234151 0.0224009 0.020564 0.0181883 0.0155751 0.0129831 0.0105928 0.00850011 0.00673072 0.00526598 0.00406735
 1.00281e-16 3.83888e-05 0.000225327 0.00107114 0.004124 0.0128603 0.0324841 0.066466 0.110172 0.147948 0.160973 0.141932 0.101472 0.0589636 0.0281358 0.0115731 0.00503715 0.00355538 0.00408795 0.00532356 0.00677365 0.00820072 0.00941707 0.0102583 0.0106082 0.0104247 0.00974957 0.0086955 0.00741716 0.0060745 0.00480127 0.00368636 0.00277035 0.00205407 0.00151313 0.00111248
 1.0006e-16 3.98881e-05 0.000234132 0.001113 0.00428518 0.013363 0.0337538 0.0690637 0.114477 0.153727 0.167253 0.147453 0.105385 0.0611661 0.0290534 0.011719 0.00474591 0.00295751 0.00319305 0.00409944 0.00519221 0.00626025 0.00715158 0.00773749 0.00792934 0.00769843 0.00708335 0.00617938 0.00511471 0.00402077 0.00300652 0.00214318 0.00146124 0.000957483 0.000606995 0.000375596
 1.0004e-16 4.0279e-05 0.000236427 0.00112392 0.00432721 0.0134941 0.0340848 0.0697409 0.115599 0.155233 0.16889 0.148891 0.106402 0.0617341 0.0292817 0.0117389 0.00464148 0.00275954 0.00290119 0.00370378 0.0046862 0.00564727 0.00644757 0.0069705 0.00713608 0.00691879 0.00635409 0.00552887 0.00455978 0.00356629 0.00264737 0.00186757 0.00125432 0.000804318 0.000494442 0.000293114
 1.00091e-16 3.73247e-05 0.000219077 0.00104142 0.00400955 0.0125035 0.0315827 0.0646219 0.107116 0.143848 0.15652 0.138026 0.0987252 0.0574577 0.0275865 0.0116393 0.00551003 0.00437288 0.00526982 0.00690679 0.00877095 0.0105776 0.0120832 0.0130719 0.0133943 0.0130018 0.0119597 0.0104293 0.00862718 0.00677581 0.00505952 0.00359886 0.00244552 0.00159411 0.00100256 0.000612992
 1.00316e-16 3.22214e-05 0.000189107 0.000898914 0.00346084 0.0107923 0.0272606 0.0557793 0.0924624 0.124181 0.13515 0.119251 0.0854497 0.0500414 0.0246066 0.0113818 0.00687636 0.00696219 0.00908728 0.0120825 0.0153913 0.0185992 0.0212977 0.0231131 0.0237815 0.0232127 0.0215114 0.0189479 0.0158897 0.0127152 0.00974019 0.00717347 0.0051082 0.00354169 0.00240971 0.00162132
 1.00489e-16 3.45317e-05 0.000202676 0.000963437 0.00370929 0.0115671 0.0292176 0.059783 0.0990968 0.133084 0.14482 0.127738 0.0914314 0.053344 0.0258578 0.0113354 0.00600255 0.00541345 0.00683641 0.00905799 0.0115622 0.0140208 0.0161294 0.01761 0.018263 0.0180126 0.0169237 0.0151813 0.0130418 0.0107724 0.00859852 0.00667219 0.00506632 0.00378824 0.00280331 0.00205851
 1.00542e-16 3.26878e-05 0.000191847 0.000911943 0.00351102 0.0109488 0.0276558 0.0565877 0.0938019 0.125977 0.137099 0.120958 0.0866419 0.0506784 0.0248063 0.0112843 0.00656173 0.00644526 0.00834866 0.0111002 0.0141626 0.0171535 0.0197014 0.0214653 0.0222018 0.0218222 0.0204123 0.0182069 0.0155287 0.0127118 0.0100365 0.00768985 0.00575845 0.00424588 0.00310282 0.00225721
 1.0048e-16 3.51979e-05 0.000206589 0.000982039 0.00378092 0.0117905 0.0297818 0.0609373 0.10101 0.135651 0.14761 0.130189 0.0931649 0.0543131 0.0262486 0.0113721 0.00582889 0.00508216 0.00634702 0.00839335 0.0107104 0.0129862 0.0149373 0.0163063 0.0169084 0.0166741 0.0156642 0.0140506 0.0120714 0.00997431 0.00796779 0.00619206 0.00471368 0.00353833 0.00263295 0.0019477
 1.00528e-16 3.33743e-05 0.000195879 0.000931115 0.00358484 0.011179 0.0282372 0.0577774 0.0957733 0.128623 0.139974 0.123483 0.0884262 0.0516728 0.0252013 0.0113092 0.00636263 0.00607438 0.00780382 0.0103632 0.0132223 0.0160179 0.0184025 0.0200576 0.0207562 0.0204147 0.0191123 0.017067 0.0145785 0.0119577 0.0094652 0.00727533 0.00546905 0.0040503 0.00297394 0.00217376
 1.00787e-16 3.13742e-05 0.000184134 0.000875271 0.00336981 0.0105084 0.0265435 0.0543122 0.0900305 0.120915 0.131596 0.116117 0.0832068 0.0487344 0.0239766 0.0111135 0.00674959 0.00686999 0.00899555 0.0119945 0.0153316 0.0186087 0.0214306 0.0234315 0.0243466 0.0240737 0.0226951 0.0204507 0.0176747 0.0147156 0.0118675 0.00932906 0.00719641 0.00548058 0.00413875 0.00310477
 1.00711e-16 3.43112e-05 0.000201382 0.000957283 0.0036856 0.0114932 0.0290309 0.0594011 0.0984637 0.132233 0.143894 0.12692 0.0908427 0.0529944 0.0256772 0.0112379 0.0059259 0.00532461 0.00672173 0.00891533 0.0113982 0.013851 0.0159777 0.0175071 0.0182421 0.0181043 0.0171503 0.0155525 0.0135522 0.0114022 0.0093161 0.0074393 0.00584311 0.00453815 0.00349669 0.00267462
 1.00762e-16 3.06329e-05 0.000179779 0.000854566 0.00329009 0.0102598 0.0259155 0.0530274 0.0879017 0.118058 0.128493 0.113394 0.0812888 0.0476773 0.0235798 0.011136 0.00704186 0.00738412 0.00974097 0.0129941 0.016594 0.0201134 0.0231226 0.0252238 0.0261322 0.0257417 0.0241497 0.0216264 0.0185441 0.0152891 0.0121856 0.00945003 0.00718345 0.00539138 0.00401894 0.00298556
 1.02832e-16 6.29182e-06 3.68345e-05 0.000174898 0.000673039 0.00209852 0.00530145 0.0108528 0.0180101 0.0242486 0.0265495 0.0238044 0.0178818 0.0121348 0.00906473 0.00940401 0.0127693 0.0185685 0.0263285 0.0355643 0.0455809 0.0554165 0.0639468 0.0700952 0.0730737 0.0725654 0.0687923 0.0624379 0.0544625 0.0458732 0.0375232 0.0299944 0.0235756 0.0183137 0.0141034 0.010773
pSPR Fmed_Fpbrs
0.373944   0.419741 0.419741
Fs Fmed_Fpbrs
1.24798   1.005 1.005
SSBpbr Bo_Bmed_Bpbrs
852530  276172  315215 315215
Ro
19148.9
SPR SPRFo_SPRFmed_SPRFpbrs
393755 147242 165275
log_Ro
9.68
likeval ReclasPelacesDesembMPH_pf_preclas_ppelaces_ptallas_desvR_qrecl_qpela
 72.2741 19.1819 0.258802 0.000170369 354.732 193.137 87.0867 0 37.6448 5.37334e-05 0.000151353 0 0 0 0
q_reclas_q_pelaces
2.82564 5.75625
M
0.7
N
 10867.4 43696.6 14235.7 1818.69 0.125846
 17436.3 5294.77 18692.9 5704.38 725.699
 2047.34 8412.29 2097.68 6707.33 2292.22
 5855.07 904.574 1674.03 279.534 1167.82
 41739.6 2701.56 252.732 363.454 308.903
 14134.6 20291.2 1135.88 98.7842 261.521
 63589.4 6092.21 3325.95 114.511 35.1478
 58537.5 27890.9 1144.87 408.168 17.8556
 70634.7 24954.7 4194.66 101.979 36.6654
 129515 29587.2 3270.82 306.57 9.748
 55328.7 57871.7 6430.4 494.797 46.7273
 46937.1 23884.5 9601.51 659.672 53.8241
 55159.7 20300.5 4022.01 1006.27 72.4815
 28972.9 21498.4 1513.58 130.567 33.1575
 13107.9 9493.41 412.191 6.96552 0.685623
 10905.6 4230.56 161.701 1.59994 0.0269452
 7140.47 4447.41 449.654 8.74191 0.0841398
 8205.88 3030.22 645.541 38.0586 0.721089
 8362.47 3573.44 538.348 73.0734 4.26192
 11093.8 3719.39 749.022 77.3058 10.8328
 16328.1 4832.58 662.44 85.0929 9.72076
 20075.1 7625.33 1483.95 164.757 23.2564
 33041.4 9291.71 2183.19 333.716 41.614
 32201.7 15044.6 2340.07 408.249 68.823
 2204.14 14655.7 3775.57 435.37 87.0249
pred_Ctot
 147.656 4391.22 2001.2 260.295 0.018026
 357.31 779.995 3799.86 1179.55 150.175
 163.45 3816.68 1186.67 3835.61 1311.45
 299.577 294.005 709.918 120.161 502.307
 632.259 300.728 39.2319 57.4298 48.8492
 1353.24 10398.4 709.774 62.3159 165.045
 5377.52 2875.74 1944.18 67.6372 20.7701
 6010.97 14940.6 741.012 266.568 11.6659
 8027.54 14214.1 2847.75 69.8037 25.1065
 9388.77 12536.6 1747.13 165.644 5.26966
 5242.71 29459.8 3996.72 310.492 29.3346
 4390.86 12057.7 5927.89 411.233 33.5679
 8654.32 13721.4 3096.73 779.265 56.145
 7258.56 17353.4 1310.64 113.396 28.8006
 3382.41 7727.78 358.819 6.08079 0.598614
 1418.11 2600.22 116.261 1.15863 0.0195191
 753.547 2422.94 294.918 5.78413 0.0556934
 731.779 1482.37 388.532 23.137 0.438568
 631.507 1559.09 294.75 40.4582 2.36086
 987.041 1816.72 450.253 46.9388 6.58043
 701.917 1363.3 247.314 32.2301 3.68426
 984.83 2396.21 610.638 68.737 9.70864
 1984.23 3422.74 1033.91 160.051 19.9695
 1943.46 5563.07 1111.89 196.443 33.1353
 152.02 5988.95 1955.59 228.177 45.6337
F
 0.0190523 0.149126 0.214519 0.218803 0.218999
 0.0288596 0.225889 0.324944 0.331433 0.331729
 0.116832 0.914462 1.31546 1.34173 1.34293
 0.0734789 0.575133 0.827334 0.843857 0.84461
 0.0212615 0.166418 0.239393 0.244174 0.244392
 0.141613 1.10843 1.59449 1.62634 1.62779
 0.124147 0.971722 1.39783 1.42575 1.42702
 0.152607 1.19449 1.71828 1.7526 1.75416
 0.170178 1.33202 1.91612 1.95439 1.95613
 0.105569 0.826306 1.18865 1.21239 1.21347
 0.140064 1.09631 1.57705 1.60854 1.60998
 0.138166 1.08145 1.55567 1.58674 1.58816
 0.242254 1.89616 2.72765 2.78212 2.78461
 0.415762 3.25425 4.68126 4.77475 4.77901
 0.430883 3.3726 4.85152 4.94841 4.95283
 0.196956 1.54161 2.21762 2.26191 2.26393
 0.157143 1.22999 1.76935 1.80468 1.80629
 0.131323 1.02789 1.47862 1.50815 1.5095
 0.110195 0.862515 1.24074 1.26551 1.26664
 0.131003 1.02538 1.47502 1.50448 1.50582
 0.0614113 0.480677 0.691459 0.705268 0.705897
 0.0703557 0.550687 0.792168 0.807988 0.808709
 0.0867417 0.678943 0.976666 0.99617 0.997059
 0.0871922 0.682469 0.981738 1.00134 1.00224
 0.100207 0.784338 1.12828 1.15081 1.15184
YTP_r0W_actual
 1702.62 131757 64534.6 9378.06 1953.12
YTP_p0W_proyectada
 7605.95 7851 49329.7 11902.1 1774.73
 7605.95 53350.9 3683.44 12091.8 2925.51
CTP_r0_actual
 152.02 5988.95 1955.59 228.177 45.6337
CTP_p0_proyectada
 894.818 366.869 1581.08 292.436 38.1663
 894.818 2493.03 118.059 297.096 62.9141
Wmedp
 8.5 21.4 31.2 40.7 46.5
nmprior
 10.6 11 7 0
nm_flota  nm_reclas  nm_pelaces    nm_pelaL
inf 19.1775 13.2472 28.7581
cv_recla  cv_pelaces  cv_mph
0.768982 0.496613 0.42348
 ------------------------------------------------
Talla a la edad & desviaci?n 
 7.2 14.2025 17.0495 18.207 18.6776
 1.08 2.13037 2.55742 2.73105 2.80164
