years
 1997 1998 1999 2000 2001 2002 2003 2004 2005 2006 2007 2008 2009 2010 2011 2012 2013 2014 2015 2016 2017 2018 2019 2020 2021
reclasobs
 0 0 0 370054 412103 1.49427e+06 250295 1.28982e+06 931140 785840 897777 1.04006e+06 184774 17550 25797 100020 73551 82996 120727 218422 84188 347160 605670 569463 516374
reclaspred
 566538 113980 179703 126657 262486 283741 632854 482080 668442 887357 743624 493679 314140 137884 87350.2 83796.7 97673.3 121249 113513 181792 287251 254478 430714 505923 455617
pelacesobs
 0 0 0 0 0 0 0 0 0 2.06254e+06 1.5e+06 0 1.87456e+06 323000 250000 174000 83755 137374 0 501740 490994 745055 786931 1.00524e+06 1.33801e+06
pelacespred
 680141 168605 119780 152048 285757 245056 703860 572726 770890 1.01643e+06 775584 535984 343637 121729 75956.4 78738.9 96178.2 122188 116698 181355 324172 280820 374384 520120 462951
mphobs
 0 0 0 0 0 112323 0 153150 637223 0 255016 313432 73983 77613 109348 50772 0 0 0 0 0 0 0 0 0
mphpred
 238920 104051 80148.5 49136.3 71432.9 147103 190474 234021 232892 312379 422761 306199 182702 99270.3 43311.1 34260.7 39743.5 50417.3 56808.2 59339 104721 131636 156894 218343 264533
desembarqueobs
 350755 77701 442110 56441 14545 235359 269955 359681 431902 328805 639364 411747 362871 311530 167758 66681 60226 58785 57116 73181 50977 67692 138656 160484 209506
desembarquepred
 350735 77672 441675 56429.5 14544.7 235334 269941 359431 431683 328662 638969 411607 362638 311374 167555 66657.4 60225.2 58765 57091.8 73147.2 50970 67668.5 138618 160448 209464
Reclutas
 21850.6 38487.6 8676.66 29898 60261.1 30717.7 64703.8 78570.8 120599 183459 63963.2 33856.4 47888.3 22224.2 15228.4 16810.2 12059.3 12321.1 11834.1 30687.8 35972.2 40316.9 69835.8 67258.3 8376.91
log_desv_Rt
 -0.408018 0.158092 -1.33161 -0.0944538 0.606441 -0.067407 0.677575 0.871756 1.30023 1.71975 0.666063 0.0298839 0.376626 -0.391065 -0.76908 -0.67026 -1.00241 -0.98093 -1.02126 -0.0683808 0.0905008 0.204526 0.753902 0.716296 -1.36677
SSB
 728332 317191 244328 149789 217759 448435 580647 713399 709955 952268 1.28876e+06 933427 556957 302619 132031 104441 121155 153694 173176 180891 319234 401285 478280 665605 806411
BT
 1.4583e+06 447911 446587 332654 523492 622272 1.44883e+06 1.42256e+06 1.77285e+06 2.12828e+06 1.94788e+06 1.33145e+06 972018 515904 276453 195869 221108 266101 258499 384617 621186 566843 766568 1.063e+06 995662
Ftot
 0.383176 0.565156 1.3317 0.472952 0.0615712 0.495138 0.370919 0.685361 0.665343 0.372599 0.526402 0.479704 0.817924 1.41016 1.5141 0.644865 0.479956 0.358208 0.333301 0.382901 0.142675 0.180682 0.228953 0.225061 0.23752
BD_Bspro_t
 0.945743 0.693205 0.533418 0.264374 0.473399 0.698811 0.611312 0.623776 0.587651 0.610304 0.649731 0.497231 0.37668 0.27963 0.163501 0.16279 0.243065 0.3679 0.453609 0.523533 0.680693 0.776113 0.775275 0.777127 0.75967
BD_Bspro
 1.07791 0.469436 0.361599 0.221684 0.322278 0.663673 0.859343 1.05581 1.05072 1.40933 1.90733 1.38145 0.824283 0.447869 0.195403 0.154571 0.179307 0.227463 0.256297 0.267714 0.472459 0.593892 0.707843 0.985079 1.19347
BD_Bo
 0.79029 0.344174 0.265112 0.162531 0.236283 0.486583 0.630042 0.774087 0.77035 1.03328 1.39839 1.01283 0.604336 0.328362 0.143263 0.113326 0.131462 0.166769 0.187908 0.196279 0.346391 0.435422 0.518967 0.722227 0.875012
BD_Brms
 2.64367 1.15133 0.88685 0.543697 0.790411 1.62771 2.10761 2.58946 2.57697 3.4565 4.67789 3.38811 2.02162 1.09843 0.479241 0.379097 0.439765 0.557872 0.628588 0.65659 1.15874 1.45657 1.73604 2.41598 2.92708
S_f
 0.149992 1 1 1 1
 0.149992 1 1 1 1
 0.149992 1 1 1 1
 0.149992 1 1 1 1
 0.149992 1 1 1 1
 0.149992 1 1 1 1
 0.149992 1 1 1 1
 0.149992 1 1 1 1
 0.149992 1 1 1 1
 0.149992 1 1 1 1
 0.149992 1 1 1 1
 0.149992 1 1 1 1
 0.149992 1 1 1 1
 0.149992 1 1 1 1
 0.149992 1 1 1 1
 0.149992 1 1 1 1
 0.149992 1 1 1 1
 0.149992 1 1 1 1
 0.149992 1 1 1 1
 0.149992 1 1 1 1
 0.149992 1 1 1 1
 0.149992 1 1 1 1
 0.149992 1 1 1 1
 0.149992 1 1 1 1
 0.149992 1 1 1 1
Scru_reclas
 1 1 1 1 1
 1 1 1 1 1
 1 1 1 1 1
 1 1 1 1 1
 1 1 1 1 1
 1 1 1 1 1
 1 1 1 1 1
 1 1 1 1 1
 1 1 1 1 1
 1 1 1 1 1
 1 1 1 1 1
 1 1 1 1 1
 1 1 1 1 1
 1 1 1 1 1
 1 1 1 1 1
 1 1 1 1 1
 1 1 1 1 1
 1 1 1 1 1
 1 1 1 1 1
 1 1 1 1 1
 1 1 1 1 1
 1 1 1 1 1
 1 1 1 1 1
 1 1 1 1 1
 1 1 1 1 1
Scru_pelaces
 1 1 1 1 1
 1 1 1 1 1
 1 1 1 1 1
 1 1 1 1 1
 1 1 1 1 1
 1 1 1 1 1
 1 1 1 1 1
 1 1 1 1 1
 1 1 1 1 1
 1 1 1 1 1
 1 1 1 1 1
 1 1 1 1 1
 1 1 1 1 1
 1 1 1 1 1
 1 1 1 1 1
 1 1 1 1 1
 1 1 1 1 1
 1 1 1 1 1
 1 1 1 1 1
 1 1 1 1 1
 1 1 1 1 1
 1 1 1 1 1
 1 1 1 1 1
 1 1 1 1 1
 1 1 1 1 1
pf_obs 
 0.256992 0.487395 0.22802 0.0275931 0
 0.321318 0.546541 0.124235 0.00734118 0.000564706
 0.182869 0.594174 0.210203 0.0122559 0.00049798
 0.330522 0.361315 0.267642 0.0388342 0.00168674
 0.649043 0.306663 0.0425973 0.00169635 0
 0.582887 0.30429 0.105238 0.00758474 0
 0.465427 0.430635 0.0974691 0.00646863 0
 0.296916 0.608066 0.0921331 0.00288517 0
 0.311714 0.524322 0.152257 0.0117073 0
 0.15457 0.633149 0.183074 0.0267441 0.00246327
 0.131901 0.49318 0.331252 0.0422183 0.00144891
 0.196976 0.569456 0.194076 0.0375587 0.00193317
 0.518974 0.381816 0.0799577 0.0180837 0.00116848
 0.0928022 0.601141 0.25162 0.0475244 0.00691264
 0.122501 0.610282 0.24278 0.0234846 0.000952079
 0.383417 0.481906 0.127806 0.00687128 0
 0.0376549 0.599619 0.316969 0.0457579 0
 0.0361596 0.667082 0.258105 0.0386534 0
 0.158088 0.579412 0.248529 0.0139706 0
 0.0477256 0.309471 0.559284 0.082774 0.000745712
 0.0406174 0.521527 0.379366 0.0568643 0.0016247
 0.151134 0.462217 0.34131 0.0453401 0
 0.294876 0.26143 0.354403 0.0886775 0.000613685
 0.281977 0.475581 0.204845 0.0348837 0.00271318
 0.0841818 0.532909 0.334909 0.0458182 0.00218182
pf_pred 
 0.120749 0.59332 0.252828 0.0330956 6.92814e-06
 0.265335 0.385553 0.235582 0.100387 0.0131436
 0.0800314 0.700274 0.115296 0.0704483 0.0339502
 0.447608 0.297443 0.194066 0.0319518 0.0289318
 0.368381 0.550851 0.0434909 0.0283755 0.00890215
 0.129178 0.696804 0.151765 0.0119822 0.0102704
 0.304235 0.388284 0.246036 0.0535871 0.00785723
 0.276931 0.562199 0.0897765 0.0568869 0.0142068
 0.336645 0.519124 0.112142 0.0179077 0.0141811
 0.323994 0.557807 0.0924988 0.0199817 0.00571766
 0.0962354 0.716795 0.154279 0.0255834 0.00710795
 0.0896272 0.436504 0.375835 0.0808925 0.017141
 0.216412 0.355748 0.20514 0.176628 0.0460719
 0.155203 0.621605 0.101329 0.0584306 0.0634323
 0.229885 0.554853 0.15839 0.0258194 0.0310517
 0.299878 0.571634 0.0925736 0.0264264 0.00948857
 0.18431 0.650587 0.134803 0.0218307 0.00846946
 0.198542 0.525913 0.219772 0.0455371 0.0102356
 0.186353 0.53944 0.179933 0.0751917 0.0190818
 0.377837 0.399665 0.147514 0.049204 0.0257798
 0.247061 0.624954 0.0822149 0.030345 0.0154249
 0.20577 0.556625 0.197217 0.0259446 0.0144436
 0.276387 0.472728 0.175829 0.0622978 0.012758
 0.1948 0.595753 0.13683 0.0508932 0.0217246
 0.0265547 0.62556 0.257394 0.059117 0.0313744
pobs_RECLAS
 0 0 0 0 0
 0 0 0 0 0
 0 0 0 0 0
 0 0 0 0 0
 0.835266 0.146461 0.0176864 0.000547809 3.91292e-05
 0.385257 0.428462 0.181853 0.0044286 0
 0.867414 0.0963971 0.0333333 0.00285562 0
 0.441836 0.489002 0.0689373 0.000224442 0
 0.779404 0.147425 0.0564933 0.0165055 0.000172143
 0.814271 0.122319 0.05973 0.00367925 0
 0.40263 0.566651 0.0304383 0.000280538 0
 0.475488 0.404961 0.113038 0.00651328 0
 0.955842 0.0263864 0.0167828 0.000988607 0
 0.975058 0.0227948 0.00214734 0 0
 0.738997 0.206755 0.0527124 0.00153531 0
 0.850938 0.134255 0.0134407 0.00136685 0
 0.542534 0.407297 0.0501686 0 0
 0.764087 0.199537 0.0359546 0.000420521 0
 0.470689 0.182191 0.310203 0.0369168 0
 0.84361 0.089868 0.0606195 0.00523954 0.000663233
 0.607945 0.314616 0.071237 0.00620181 0
 0.523733 0.453247 0.0230204 0 0
 0.530135 0.295979 0.169645 0.0042399 0
 0.562478 0.366248 0.0663022 0.0049721 0
 0.250443 0.683176 0.0655157 0.000865301 0
ppred_RECLAS
 0.484114 0.348121 0.148343 0.0194183 4.06497e-06
 0.714847 0.149649 0.0914387 0.0389643 0.00510154
 0.398476 0.457877 0.0753866 0.0460629 0.0221984
 0.847983 0.0818555 0.0534064 0.00879304 0.00796195
 0.795951 0.177956 0.01405 0.00916691 0.0028759
 0.505722 0.395506 0.0861418 0.00680109 0.00582947
 0.749062 0.14004 0.0887366 0.019327 0.00283382
 0.728979 0.210724 0.0336501 0.0213224 0.00532498
 0.78055 0.171735 0.0370985 0.00592419 0.00469134
 0.765933 0.193141 0.0320278 0.00691868 0.00197974
 0.424127 0.456737 0.0983054 0.0163016 0.00452914
 0.404102 0.28572 0.246009 0.0529494 0.0112199
 0.662992 0.153001 0.0882274 0.0759648 0.0198148
 0.586017 0.30461 0.0496549 0.0286332 0.0310842
 0.700391 0.215863 0.0616209 0.0100449 0.0120805
 0.749742 0.20433 0.0330903 0.00944608 0.00339168
 0.608831 0.311993 0.0646454 0.010469 0.00406158
 0.628179 0.243987 0.101959 0.0211261 0.0047486
 0.609225 0.25908 0.0864174 0.0361127 0.00916451
 0.805813 0.124742 0.0460413 0.0153573 0.00804626
 0.68797 0.258991 0.0340712 0.0125755 0.00639231
 0.635697 0.255317 0.0904609 0.0119004 0.00662509
 0.720722 0.182449 0.0678612 0.0240438 0.00492394
 0.620371 0.280881 0.0645113 0.0239947 0.0102426
 0.155703 0.542566 0.223245 0.0512739 0.0272119
pobs_PELACES
 0 0 0 0 0
 0 0 0 0 0
 0 0 0 0 0
 0 0 0 0 0
 0 0 0 0 0
 0 0 0 0 0
 0 0 0 0 0
 0 0 0 0 0
 0 0 0 0 0
 0 0 0 0 0
 0.450072 0.473896 0.0757376 0.000293798 0
 0 0 0 0 0
 0.463077 0.371075 0.160297 0.00555027 0
 0.529543 0.364841 0.0842815 0.0213345 0
 0.631943 0.363953 0.00410389 0 0
 0.735681 0.248677 0.0153453 0.000297389 0
 0.695825 0.281241 0.0229344 0 0
 0.275771 0.60734 0.115278 0.00161068 0
 0 0 0 0 0
 0.896147 0.0623911 0.0374545 0.00400742 0
 0.803859 0.145111 0.0509908 3.86294e-05 0
 0.739449 0.233085 0.0266225 0.000797448 4.60066e-05
 0.878498 0.100942 0.0204185 0.000141795 0
 0.694673 0.275183 0.0284847 0.00165964 0
 0.469039 0.446079 0.0841089 0.000773354 0
ppred_PELACES
 0.510977 0.329993 0.140618 0.0184071 3.8533e-06
 0.746034 0.133282 0.0814381 0.0347028 0.00454359
 0.490432 0.38788 0.063862 0.0390211 0.0188049
 0.864307 0.0730656 0.0476715 0.00784883 0.00710698
 0.798742 0.175522 0.0138579 0.00904153 0.00283657
 0.540356 0.367792 0.0801058 0.00632453 0.005421
 0.768108 0.129411 0.0820015 0.0178601 0.00261874
 0.765252 0.182521 0.0291464 0.0184686 0.00461229
 0.810845 0.148028 0.0319772 0.00510638 0.00404372
 0.784147 0.178111 0.0295354 0.00638029 0.00182568
 0.460533 0.427863 0.0920907 0.015271 0.00424281
 0.436877 0.270005 0.232478 0.0500371 0.0106028
 0.712198 0.130662 0.0753453 0.0648732 0.0169216
 0.677669 0.237173 0.0386618 0.0222941 0.0242025
 0.781404 0.157494 0.0449588 0.00732879 0.00881396
 0.78213 0.177886 0.0288078 0.00822358 0.00295273
 0.640384 0.286827 0.0594309 0.00962458 0.00373396
 0.65133 0.228796 0.0956109 0.0198107 0.00445294
 0.631242 0.244483 0.0815485 0.0340781 0.00864817
 0.82207 0.114299 0.0421868 0.0140716 0.00737264
 0.696496 0.251915 0.0331402 0.0122318 0.00621765
 0.647351 0.247149 0.0875669 0.0115197 0.00641314
 0.733464 0.174125 0.0647651 0.0229468 0.00469929
 0.635122 0.269967 0.0620047 0.0230624 0.00984457
 0.164664 0.536808 0.220876 0.0507297 0.0269231
pobs_pel_tallas
 0 0 0 0 0 0 0 0 0 0 0 0 0 0 0 0 0 0 0 0 0 0 0 0 0 0 0 0 0 0 0 0 0 0 0 0
 0 0 0 0 0 0 0 0 0 0 0 0 0 0 0 0 0 0 0 0 0 0 0 0 0 0 0 0 0 0 0 0 0 0 0 0
 0 0 0 0 0 0 0 0 0 0 0 0 0 0 0 0 0 0 0 0 0 0 0 0 0 0 0 0 0 0 0 0 0 0 0 0
 0 0 0 0 0 0 0 0 0 0 0 0 0 0 0 0 0 0 0 0 0 0 0 0 0 0 0 0 0 0 0 0 0 0 0 0
 0 0 0 0 0 0 0 0 0 0 0 0 0 0 0 0 0 0 0 0 0 0 0 0 0 0 0 0 0 0 0 0 0 0 0 0
 0 0 0 0 0 0 0 0 0 0 0 0 0 0 0 0 0 0 0 0 0 0 0 0 0 0 0 0 0 0 0 0 0 0 0 0
 0 0 0 0 0 0 0 0 0 0 0 0 0 0 0 0 0 0 0 0 0 0 0 0 0 0 0 0 0 0 0 0 0 0 0 0
 0 0 0 0 0 0 0 0 0 0 0 0 0 0 0 0 0 0 0 0 0 0 0 0 0 0 0 0 0 0 0 0 0 0 0 0
 0 0 0 0 0 0 0 0 0 0 0 0 0 0 0 0 0 0 0 0 0 0 0 0 0 0 0 0 0 0 0 0 0 0 0 0
 0 0 0 0 0 0 0 0 0 0 0 0 0 0 0 0 0 0 0 0 0 0 0 0 0 0 0 0 0 0 0 0 0 0 0 0
 0 0 0 0 0 0 0 0 1.78061e-05 0.00172719 0.00360574 0.0105946 0.0120993 0.0124554 0.0147524 0.0171206 0.0266825 0.0428682 0.0675386 0.121331 0.153587 0.119568 0.100827 0.0573624 0.0630603 0.0341343 0.0324427 0.0444173 0.0211091 0.0280891 0.0125444 0.00206551 0 0 0 0
 0 0 0 0 0 0 0 0 0 0 0 0 0 0 0 0 0 0 0 0 0 0 0 0 0 0 0 0 0 0 0 0 0 0 0 0
 0 0 0 0 0 0 0.0133647 0.0140871 0.0187388 0.0205184 0.03894 0.0496705 0.03968 0.0493445 0.0407372 0.0367815 0.0215668 0.0243155 0.0234873 0.0199281 0.019796 0.0243948 0.0301388 0.0376714 0.0412746 0.0863199 0.0771752 0.113111 0.0741005 0.0525337 0.0229764 0.00759418 0.00175318 0 0 0
 0 0 0 0 0 0 0 0 0 0 0.00219441 0.00772107 0.0458388 0.0604681 0.0671733 0.0775358 0.0609151 0.0617685 0.073594 0.0568108 0.0755445 0.0548602 0.0670107 0.0636378 0.0643287 0.046367 0.0373049 0.0286899 0.0247887 0.0153202 0.00654259 0.00121912 0.000365735 0 0 0
 0 0 0 0 0 0 0 0 0 0 0 0 0.000112435 0.00938835 0.0111873 0.0202946 0.0414886 0.0713402 0.111592 0.104902 0.108894 0.110636 0.117776 0.105296 0.107544 0.0401394 0.0192827 0.0124803 0.00416011 0.0028671 0.000618394 0 0 0 0 0
 0 0 0 0 0 0 0 0 0 0 0.00291406 0.0102884 0.027416 0.0768956 0.0749926 0.110853 0.0956884 0.0897413 0.0766577 0.0534642 0.0500743 0.0551293 0.0594112 0.0620874 0.0668451 0.0424026 0.0208742 0.0120726 0.0048766 0.00582813 0.00118941 0.000297354 0 0 0 0
 0 0.00264628 0.0354308 0.0461629 0.0458689 0.0383711 0.0214643 0.0164657 0.0346957 0.0420465 0.0363128 0.0245516 0.0311673 0.0291091 0.0169068 0.0133784 0.00837989 0.0085269 0.0148486 0.0160247 0.0276389 0.0546898 0.0760071 0.122758 0.109233 0.0665981 0.0333725 0.0166128 0.00676272 0.00308733 0.000882094 0 0 0 0 0
 0 0 0 0 0 0 0 0.000805153 0.000690131 0.00759144 0.0133425 0.0154129 0.00931677 0.000345066 0.00356568 0.00563607 0.00851162 0.0253048 0.0502646 0.0516448 0.0657925 0.0565908 0.0611916 0.0827007 0.0866115 0.110766 0.145733 0.0935128 0.0569358 0.0249597 0.0138026 0.00621118 0.00161031 0.00115022 0 0
 0 0 0 0 0 0 0 0 0 0 0 0 0 0 0 0 0 0 0 0 0 0 0 0 0 0 0 0 0 0 0 0 0 0 0 0
 0.00147267 0.00158595 0.00478618 0.00569244 0.00954404 0.0108468 0.00647125 0.017049 0.0510054 0.094081 0.124002 0.0959785 0.0687766 0.0820023 0.061753 0.0591476 0.0492212 0.0479892 0.0443925 0.0268479 0.0217502 0.0140895 0.0121071 0.0120363 0.00920419 0.00665534 0.0049561 0.00860946 0.00930331 0.0156896 0.0114698 0.00855282 0.00243557 0.00046729 0 2.83206e-05
 0 0 0 0 0.000772559 0.00158375 0.000888443 0.00281984 0.00712685 0.0440552 0.0773331 0.111326 0.0921469 0.0852325 0.0710754 0.0886704 0.0786465 0.0553345 0.0373146 0.0185414 0.00753245 0.00457741 0.012979 0.0271748 0.0457355 0.0583668 0.034881 0.0177882 0.00938659 0.00492506 0.0015258 0.00185414 0.000309023 5.79419e-05 3.86279e-05 0
 0 0.00173294 0.00326652 0 0.00397197 0.00683976 0.00946217 0.0152591 0.00757587 0.0136028 0.0228656 0.0392903 0.0559909 0.0764795 0.0681675 0.0726916 0.0566044 0.0477403 0.0527397 0.0444891 0.0609904 0.0582453 0.0661739 0.0445044 0.0529084 0.0360697 0.0280645 0.0235558 0.0158879 0.00826598 0.00280645 0.00217768 0.000904811 0.00058276 9.20147e-05 0
 0 0 0 0 0 0 0 0 0 0 0 0 0 0 0 0 0 0 0 0 0 0 0 0 0 0 0 0 0 0 0 0 0 0 0 0
 0 0 0 0 0 0 0 0 0 0 0 0 0 0 0 0 0 0 0 0 0 0 0 0 0 0 0 0 0 0 0 0 0 0 0 0
 0 0 0 0 0 0 0 0 0 0 0 0 0 0 0 0 0 0 0 0 0 0 0 0 0 0 0 0 0 0 0 0 0 0 0 0
ppred_pel_tallas
 1.02737e-16 2.23074e-05 0.000130894 0.000622144 0.00239517 0.00746903 0.0188664 0.0386049 0.0639987 0.0859687 0.0936044 0.0826929 0.0594718 0.0352689 0.0181667 0.00979678 0.0078308 0.00948336 0.013018 0.0175889 0.0226921 0.0278435 0.0325101 0.0361741 0.0384354 0.0390967 0.0381973 0.0359844 0.0328361 0.0291647 0.0253328 0.0216049 0.018138 0.0150027 0.0122158 0.00977042
 1.02605e-16 3.25488e-05 0.000191039 0.000908119 0.00349632 0.010903 0.02754 0.0563502 0.0934057 0.125438 0.136494 0.120379 0.0861303 0.0501846 0.0242044 0.0104086 0.00523555 0.00449952 0.00564477 0.00756499 0.00982966 0.0121976 0.01445 0.0163759 0.0178044 0.0186354 0.018854 0.0185205 0.0177441 0.0166489 0.0153464 0.0139209 0.0124297 0.0109113 0.00939803 0.00792285
 1.03253e-16 2.14136e-05 0.000125642 0.000597165 0.00229898 0.00716904 0.0181087 0.0370551 0.0614313 0.0825258 0.0898711 0.0794311 0.057205 0.0340826 0.0178445 0.0100821 0.0085836 0.0106863 0.0147123 0.019808 0.0254143 0.0309659 0.0358424 0.0394561 0.0413767 0.0414293 0.0397302 0.0366422 0.0326733 0.0283501 0.0241107 0.0202437 0.0168809 0.0140302 0.0116278 0.0095867
 1.01303e-16 3.77035e-05 0.000221307 0.00105203 0.00405045 0.012631 0.0319047 0.0652804 0.108206 0.145306 0.158091 0.139376 0.0996132 0.0578186 0.0274696 0.0110949 0.00452466 0.00287466 0.00316984 0.00414779 0.00536972 0.00665483 0.00787335 0.0089075 0.00966269 0.010084 0.010164 0.00993755 0.00946713 0.00882437 0.00807427 0.00726679 0.00643616 0.00560522 0.00479146 0.00401138
 1.00698e-16 3.48487e-05 0.000204537 0.000972286 0.00374337 0.0116734 0.029486 0.0603321 0.100007 0.134305 0.146147 0.128905 0.092257 0.0538066 0.0260464 0.0113569 0.00592534 0.00526202 0.00660892 0.00874324 0.0111499 0.013507 0.0155197 0.0169208 0.0175207 0.0172516 0.0161823 0.0144978 0.0124506 0.0103004 0.00826284 0.00647913 0.00501117 0.00385635 0.00297217 0.0023006
 1.01728e-16 2.35898e-05 0.00013842 0.000657916 0.0025329 0.0078985 0.0199512 0.0408249 0.0676791 0.0909135 0.0989907 0.0874568 0.0629096 0.0373302 0.0192678 0.0104483 0.00840666 0.0101887 0.013941 0.0187424 0.0240248 0.0292377 0.033784 0.0370976 0.0387626 0.0386076 0.0367417 0.0335142 0.0294196 0.0249777 0.0206302 0.0166798 0.0132788 0.0104566 0.00816437 0.00632024
 1.01943e-16 3.35112e-05 0.000196689 0.000934983 0.00359976 0.0112255 0.0283547 0.0580172 0.0961686 0.129148 0.140528 0.123931 0.0886608 0.0516357 0.0248603 0.0106145 0.0052258 0.00437999 0.00544224 0.00727279 0.00943109 0.011675 0.013788 0.0155627 0.016832 0.0175001 0.0175563 0.0170666 0.0161469 0.0149298 0.0135364 0.0120601 0.0105655 0.00909489 0.00767901 0.00634481
 1.01324e-16 3.33886e-05 0.000195965 0.000931531 0.00358645 0.011184 0.0282499 0.0578032 0.0958153 0.128678 0.140028 0.123517 0.0884218 0.0516125 0.0250646 0.0110674 0.00597727 0.0055011 0.00700165 0.00930701 0.0119161 0.0145059 0.0167732 0.0184396 0.0193024 0.01928 0.0184289 0.0169222 0.0150023 0.0129206 0.0108869 0.00904022 0.00744496 0.00610593 0.0049928 0.00406305
 1.00867e-16 3.53753e-05 0.000207632 0.000987003 0.00380004 0.0118501 0.0299324 0.0612453 0.10152 0.136334 0.148349 0.13083 0.0936008 0.0545211 0.0262632 0.0112325 0.00554815 0.004647 0.00573329 0.007583 0.0097052 0.0118172 0.013668 0.0150288 0.0157322 0.0157088 0.0150014 0.0137484 0.0121463 0.0104009 0.00868654 0.00712205 0.00576637 0.00462998 0.00369337 0.00292491
 1.00782e-16 3.42124e-05 0.000200802 0.000954526 0.00367498 0.0114601 0.0289473 0.05923 0.0981802 0.131853 0.143481 0.126557 0.0905859 0.052851 0.0256196 0.0112329 0.00595217 0.00537394 0.00679356 0.00901122 0.0115186 0.0139934 0.0161367 0.0176745 0.0184087 0.0182613 0.0172914 0.0156749 0.0136573 0.0114946 0.00940241 0.00752613 0.00593556 0.00463877 0.00360517 0.0027882
 1.0217e-16 2.01116e-05 0.000117994 0.000560797 0.00215894 0.00673232 0.0170057 0.0347984 0.0576921 0.0775085 0.0844226 0.0746524 0.0538435 0.0322406 0.0171744 0.0101685 0.00917398 0.0117106 0.0162038 0.0218246 0.0279879 0.0340719 0.0393863 0.0432736 0.0452501 0.0451161 0.0429965 0.0392952 0.0345839 0.0294631 0.0244426 0.0198708 0.0159227 0.0126312 0.00994054 0.00775775
 1.05603e-16 1.9074e-05 0.000111916 0.000531933 0.00204786 0.00638596 0.0161306 0.0330069 0.0547184 0.073503 0.0800326 0.0707058 0.050857 0.0301738 0.0155715 0.00845406 0.00684563 0.00838764 0.0116278 0.0158839 0.0207717 0.0259215 0.0309091 0.035298 0.0387167 0.0409252 0.0418469 0.0415551 0.0402264 0.0380813 0.0353334 0.0321632 0.028717 0.0251185 0.0214852 0.0179354
 1.04132e-16 3.10732e-05 0.000182376 0.000866937 0.00333776 0.0104085 0.026291 0.0537947 0.0891699 0.11975 0.130306 0.114925 0.0822354 0.0479301 0.0231456 0.0100038 0.00510923 0.00447174 0.00565754 0.00761661 0.00994357 0.0124127 0.0148181 0.0169592 0.0186705 0.0198503 0.0204731 0.0205793 0.0202499 0.0195756 0.0186332 0.0174756 0.0161362 0.0146412 0.0130224 0.0113256
 1.02524e-16 2.95718e-05 0.000173552 0.000824966 0.00317613 0.00990442 0.0250179 0.0511905 0.0848564 0.113967 0.124038 0.109457 0.0784533 0.0459886 0.0226979 0.0106437 0.0066348 0.00689565 0.00909618 0.0121724 0.0156171 0.0190473 0.022079 0.0243535 0.0256088 0.0257377 0.0248093 0.0230413 0.0207383 0.0182143 0.0157285 0.0134486 0.0114478 0.00972576 0.00824151 0.00694326
 1.01354e-16 3.4092e-05 0.000200097 0.000951178 0.0036621 0.0114199 0.0288458 0.0590222 0.0978352 0.131388 0.14297 0.126097 0.0902352 0.0526031 0.0254192 0.0110098 0.00564363 0.00493096 0.00618147 0.00821365 0.010545 0.0128864 0.0149741 0.016564 0.0174742 0.0176236 0.0170473 0.0158799 0.0143169 0.0125648 0.0107999 0.00914322 0.00765755 0.00635898 0.00523576 0.00426583
 1.00888e-16 3.41244e-05 0.000200285 0.000952071 0.00366553 0.0114306 0.0288729 0.0590777 0.0979276 0.131514 0.143112 0.126231 0.0903535 0.0527162 0.0255559 0.0112078 0.00594302 0.0053698 0.00679072 0.00900931 0.0115188 0.0139981 0.0161491 0.0176986 0.0184492 0.018323 0.0173785 0.0157906 0.013803 0.0116695 0.00960348 0.00774794 0.00617092 0.00487933 0.00384227 0.00301371
 1.01443e-16 2.79481e-05 0.000164015 0.000779613 0.00300149 0.00935981 0.0236423 0.0483764 0.0801934 0.10771 0.117244 0.103497 0.0742595 0.0436879 0.0218555 0.0107394 0.00735115 0.00814129 0.0109078 0.0146171 0.0187293 0.0227926 0.0263379 0.0289239 0.0302273 0.0301154 0.0286741 0.026176 0.0230063 0.0195689 0.0162064 0.0131521 0.0105223 0.00833715 0.00655727 0.00511811
 1.02321e-16 2.84231e-05 0.000166809 0.000792907 0.00305269 0.0095195 0.0240456 0.0492012 0.0815589 0.109539 0.119221 0.105209 0.0754177 0.0442273 0.0218638 0.0103149 0.00652067 0.00686155 0.00910835 0.0122487 0.0158035 0.0194081 0.0226897 0.0252899 0.0269325 0.02748 0.0269577 0.0255326 0.0234607 0.0210204 0.0184547 0.0159387 0.0135751 0.0114089 0.00945079 0.0076987
 1.02813e-16 2.75478e-05 0.000161668 0.000768467 0.00295859 0.00922603 0.0233043 0.0476846 0.0790456 0.106166 0.115554 0.101987 0.0731352 0.0429445 0.021333 0.0102372 0.00670084 0.00722245 0.00964169 0.0129681 0.0167173 0.020507 0.0239424 0.0266462 0.028331 0.0288601 0.028271 0.0267515 0.0245814 0.0220589 0.0194386 0.0168971 0.0145292 0.0123663 0.0104049 0.00863095
 1.01465e-16 3.58635e-05 0.000210501 0.00100065 0.00385259 0.012014 0.0303463 0.0620919 0.102922 0.138215 0.150387 0.132609 0.0948317 0.0551546 0.0264129 0.0110312 0.00506242 0.00387368 0.00463501 0.00612618 0.00788819 0.00968812 0.0113317 0.0126409 0.0134798 0.0137822 0.0135623 0.012904 0.0119339 0.0107877 0.00958158 0.00839667 0.00727728 0.00623966 0.00528483 0.00440968
 1.01264e-16 3.03934e-05 0.000178374 0.000847886 0.00326437 0.0101796 0.025713 0.0526129 0.0872143 0.117135 0.127487 0.112503 0.0806436 0.0472861 0.0233629 0.0109951 0.00690303 0.00720413 0.00949777 0.0126799 0.0162139 0.0196876 0.0226868 0.0248277 0.0258336 0.0255988 0.0242115 0.021925 0.0190893 0.0160673 0.0131619 0.0105742 0.00839636 0.00663237 0.00523195 0.00412376
 1.0202e-16 2.82504e-05 0.000165793 0.000788074 0.00303408 0.00946145 0.023899 0.0489013 0.0810624 0.108874 0.118501 0.104585 0.0749923 0.0440231 0.0218464 0.0104455 0.00678566 0.00727265 0.00968796 0.0130135 0.0167512 0.0205091 0.0238831 0.0264882 0.0280321 0.0283777 0.0275679 0.0258023 0.0233772 0.0206107 0.0177781 0.0150747 0.0126093 0.0104209 0.0085062 0.00684436
 1.01985e-16 3.20023e-05 0.000187827 0.000892841 0.00343748 0.0107195 0.0270765 0.0554022 0.0918356 0.123333 0.134213 0.11839 0.0847569 0.0494842 0.0240525 0.01066 0.00581964 0.00542415 0.00695499 0.00929927 0.0119871 0.0147168 0.0172015 0.0191702 0.0204156 0.0208364 0.020455 0.0194005 0.0178683 0.0160682 0.0141813 0.0123349 0.0106002 0.00900486 0.00755169 0.00623585
 1.02221e-16 2.7718e-05 0.000162665 0.000773201 0.0029768 0.00928284 0.0234478 0.0479784 0.0795333 0.106822 0.116274 0.102634 0.0736246 0.0432828 0.0215947 0.0105165 0.00707998 0.00776384 0.0103879 0.0139381 0.0178976 0.0218431 0.0253364 0.027964 0.0294193 0.0295709 0.0284881 0.0264115 0.0236843 0.0206668 0.0176627 0.0148773 0.0124121 0.0102856 0.00846774 0.00691104
 1.06312e-16 7.21496e-06 4.22691e-05 0.000200768 0.000772699 0.00240935 0.00608637 0.0124576 0.0206656 0.0278008 0.030378 0.0270934 0.0200447 0.0130122 0.00877542 0.00806852 0.0103523 0.01489 0.0211655 0.0287686 0.0371836 0.0457017 0.0534782 0.0596801 0.063662 0.0651018 0.0640562 0.0609108 0.0562566 0.0507329 0.0448949 0.0391385 0.0336909 0.0286483 0.0240323 0.0198398
pSPR Fmed_Fpbrs
0.556947   0.348937 0.348937
Fs Fmed_Fpbrs
0.425111   1.005 1.005
SSBpbr Bo_Bmed_Bpbrs
921600  467203  275500 275500
Ro
32859.6
SPR SPRFo_SPRFmed_SPRFpbrs
675686 376322 235772
log_Ro
10.22
likeval ReclasPelacesDesembMPH_pf_preclas_ppelaces_ptallas_desvR_qrecl_qpela
 81.7632 61.7752 0.028299 0.0001706 318.825 191.281 78.6266 0 22.2324 2.35107e-05 0 0 0 0 0
q_reclas_q_pelaces
0.503036 1
M
0.7
N
 21850.6 18491.4 7879.65 1031.46 0.215922
 38487.6 10244.6 6259.69 2667.41 349.24
 8676.66 17559 2890.98 1766.45 851.283
 29898 3528.57 2302.21 379.044 343.218
 60261.1 13830.2 1091.92 712.422 223.506
 30717.7 29649.7 6457.75 509.854 437.015
 64703.8 14162.1 8973.83 1954.52 286.581
 78570.8 30392.2 4853.26 3075.27 768.009
 120599 35205.5 7605.14 1214.45 961.718
 183459 54199.7 8987.71 1941.54 555.56
 63963.2 86151.4 18542.7 3074.86 854.303
 33856.4 29351.7 25272.2 5439.43 1152.6
 47888.3 15645.4 9021.83 7767.9 2026.19
 22224.2 21035 3428.95 1977.28 2146.54
 15228.4 8932.22 2549.82 415.65 499.881
 16810.2 6025.86 975.862 278.573 100.024
 12059.3 7578.08 1570.19 254.285 98.6527
 12321.1 5572.52 2328.68 482.507 108.455
 11834.1 5798.43 1934.09 808.233 205.109
 30687.8 5590.07 2063.26 688.209 360.578
 35972.2 14388.5 1892.86 698.643 355.132
 40316.9 17485 6195.09 814.986 453.71
 69835.8 19485.5 7247.55 2567.87 525.875
 67258.3 33508.7 7696.12 2862.54 1221.92
 8376.91 32290.8 13286.4 3051.57 1619.52
pred_Ctot
 880.604 4327.01 1843.84 241.362 0.050526
 2260.66 3284.93 2007.17 855.302 111.984
 1142.89 10000.2 1646.48 1006.03 484.824
 1478.51 982.492 641.025 105.541 95.5655
 398.602 596.042 47.0589 30.7035 9.63248
 1587.99 8565.87 1865.66 147.298 126.255
 2526.26 3224.18 2043 444.969 65.2437
 5552.96 11273.1 1800.18 1140.69 284.871
 8285.15 12776.1 2759.92 440.726 349.009
 7194.53 12386.5 2054 443.709 126.965
 3508.28 26130.9 5624.25 932.646 259.121
 1697.41 8266.76 7117.78 1531.99 324.625
 4004.49 6582.76 3795.91 3268.32 852.515
 3084.35 12353.1 2013.7 1161.19 1260.59
 2254.26 5440.91 1553.18 253.186 304.494
 1120.81 2136.5 345.998 98.7696 35.4639
 604.907 2135.23 442.423 71.6484 27.7968
 464.962 1231.62 514.68 106.642 23.9705
 416.21 1204.81 401.871 167.937 42.6182
 1235.89 1307.29 482.512 160.944 84.3246
 548.415 1387.25 182.497 67.3584 34.2394
 776.441 2100.34 744.167 97.8977 54.5006
 1698.83 2905.65 1080.75 382.917 78.4178
 1608.73 4919.95 1129.99 420.295 179.41
 211.282 4977.24 2047.94 470.362 249.629
F
 0.0574736 0.383176 0.383176 0.383176 0.383176
 0.0847691 0.565156 0.565156 0.565156 0.565156
 0.199745 1.3317 1.3317 1.3317 1.3317
 0.0709392 0.472952 0.472952 0.472952 0.472952
 0.00923522 0.0615712 0.0615712 0.0615712 0.0615712
 0.074267 0.495138 0.495138 0.495138 0.495138
 0.0556351 0.370919 0.370919 0.370919 0.370919
 0.102799 0.685361 0.685361 0.685361 0.685361
 0.0997965 0.665343 0.665343 0.665343 0.665343
 0.055887 0.372599 0.372599 0.372599 0.372599
 0.0789564 0.526402 0.526402 0.526402 0.526402
 0.071952 0.479704 0.479704 0.479704 0.479704
 0.122682 0.817924 0.817924 0.817924 0.817924
 0.211514 1.41016 1.41016 1.41016 1.41016
 0.227103 1.5141 1.5141 1.5141 1.5141
 0.0967249 0.644865 0.644865 0.644865 0.644865
 0.0719898 0.479956 0.479956 0.479956 0.479956
 0.0537285 0.358208 0.358208 0.358208 0.358208
 0.0499926 0.333301 0.333301 0.333301 0.333301
 0.0574323 0.382901 0.382901 0.382901 0.382901
 0.0214001 0.142675 0.142675 0.142675 0.142675
 0.0271009 0.180682 0.180682 0.180682 0.180682
 0.0343413 0.228953 0.228953 0.228953 0.228953
 0.0337575 0.225061 0.225061 0.225061 0.225061
 0.0356261 0.23752 0.23752 0.23752 0.23752
YTP_r0W_actual
 2366.35 109499 67582.2 19331.9 10684.1
YTP_p0W_proyectada
 25156.2 41431.9 190279 102131 37294.6
 25156.2 128518 10980 45118.8 25065.7
CTP_r0_actual
 211.282 4977.24 2047.94 470.362 249.629
CTP_p0_proyectada
 2959.55 1936.07 6098.68 2509.37 802.034
 2959.55 6005.52 351.924 1108.57 539.047
Wmedp
 8.5 21.4 31.2 40.7 46.5
nmprior
 10.6 11 7 0
nm_flota  nm_reclas  nm_pelaces    nm_pelaL
inf 24.0719 20.3625 50.29
cv_recla  cv_pelaces  cv_mph
0.817907 0.891209 0.423767
 ------------------------------------------------
Talla a la edad & desviaci?n 
 7.2 14.2025 17.0495 18.207 18.6776
 1.08 2.13037 2.55742 2.73105 2.80164
