years
 1997 1998 1999 2000 2001 2002 2003 2004 2005 2006 2007 2008 2009 2010 2011 2012 2013 2014 2015 2016 2017 2018 2019 2020 2021
reclasobs
 0 0 0 370054 412103 1.49427e+06 250295 1.28982e+06 931140 785840 897777 1.04006e+06 184774 17550 25797 100020 73551 82996 120727 218422 84188 347160 605670 569463 516374
reclaspred
 400225 95684.9 216776 163944 291101 338212 761925 547849 697503 753295 618438 415842 259390 116524 77745 77144.4 93656.2 122243 122041 184810 280196 251765 428617 520324 525593
pelacesobs
 0 0 0 0 0 0 0 0 0 2.06254e+06 1.5e+06 0 1.87456e+06 323000 250000 174000 83755 137374 0 501740 490994 745055 786931 1.00524e+06 1.33801e+06
pelacespred
 744357 166228 224260 265077 414298 393769 1.07299e+06 893226 1.05133e+06 1.13257e+06 841780 587949 366768 134761 88636.9 94880.5 120698 160530 164657 241697 410449 360790 484420 697609 701608
mphobs
 0 0 0 0 0 112323 0 153150 637223 0 255016 313432 73983 77613 109348 50772 0 0 0 0 0 0 0 0 0
mphpred
 158222 79714.5 80245.7 73766.8 95316.1 173773 249874 304428 283370 334203 371834 267879 163758 87201.4 39763.3 32943.9 39340.5 52373.7 62106.2 68303.3 110695 135359 165009 230648 295665
desembarqueobs
 350755 77701 442110 56441 14545 235359 269955 359681 431902 328805 639364 411747 362871 311530 167758 66681 60226 58785 57116 73181 50977 67692 138656 160484 209506
desembarquepred
 350745 77686.8 441921 56438.3 14545 235379 269972 359594 431826 328744 639254 411796 362916 311666 167678 66676.5 60237.2 58777.8 57104.1 73166.8 50974.1 67678.7 138640 160472 209490
Reclutas
 32624.5 45472.8 19571.2 42081.5 76787.1 48449.9 87298.3 94955.8 136410 162030 67087.6 37897.4 44899.4 22676 16496.8 19039.4 14612.5 15588.9 16379.2 35333.6 43067 51008.3 84399.6 90702.2 22177
log_desv_Rt
 -0.247181 0.0848699 -0.758187 0.0073624 0.608792 0.148286 0.737086 0.821167 1.18342 1.35553 0.473755 -0.097361 0.0721797 -0.61094 -0.929078 -0.785735 -1.05036 -0.985683 -0.936233 -0.167412 0.0305127 0.199744 0.703318 0.775337 -0.63319
SSB
 589630 297064 299043 274899 355205 647580 931181 1.13448e+06 1.056e+06 1.24544e+06 1.38568e+06 998277 610259 324965 148182 122769 146606 195176 231445 254539 412514 504430 614923 859530 1.10182e+06
BT
 1.59724e+06 433688 640716 534658 753508 889356 2.10712e+06 2.00292e+06 2.27644e+06 2.34061e+06 2.0753e+06 1.42824e+06 1.01338e+06 540327 300308 224886 265271 334648 344294 492675 776181 709931 963417 1.38143e+06 1.42216e+06
Ftot
 0.507817 0.558005 1.02744 0.244049 0.0377741 0.331281 0.219647 0.413944 0.427453 0.283318 0.4913 0.448028 0.730454 1.28377 1.30044 0.532393 0.387267 0.274315 0.243099 0.264055 0.110349 0.142023 0.174974 0.172173 0.17013
BD_Bspro_t
 0.934147 0.681276 0.584947 0.388067 0.5794 0.762866 0.711908 0.725156 0.680109 0.673139 0.67053 0.520583 0.404883 0.299377 0.182198 0.187988 0.283058 0.427923 0.528079 0.608056 0.733796 0.814284 0.816618 0.818741 0.812311
BD_Bspro
 0.686442 0.345839 0.348143 0.320035 0.413526 0.753907 1.08407 1.32075 1.22939 1.44993 1.61319 1.16218 0.710458 0.378321 0.172512 0.142926 0.170677 0.227222 0.269446 0.296332 0.480245 0.587253 0.715888 1.00066 1.28273
BD_Bo
 0.567562 0.285946 0.287851 0.26461 0.34191 0.623343 0.89633 1.09202 1.01648 1.19883 1.33381 0.960914 0.587419 0.312802 0.142636 0.118174 0.141119 0.187871 0.222783 0.245012 0.397075 0.485551 0.591908 0.827361 1.06059
BD_Brms
 1.93206 0.973398 0.979884 0.90077 1.16391 2.12195 3.05123 3.71738 3.46024 4.08097 4.54049 3.27108 1.99965 1.06482 0.485551 0.402279 0.480389 0.639538 0.758382 0.834056 1.3517 1.65288 2.01494 2.81645 3.61038
S_f
 0.166545 1 1 1 1
 0.166545 1 1 1 1
 0.166545 1 1 1 1
 0.166545 1 1 1 1
 0.166545 1 1 1 1
 0.166545 1 1 1 1
 0.166545 1 1 1 1
 0.166545 1 1 1 1
 0.166545 1 1 1 1
 0.166545 1 1 1 1
 0.166545 1 1 1 1
 0.166545 1 1 1 1
 0.166545 1 1 1 1
 0.166545 1 1 1 1
 0.166545 1 1 1 1
 0.166545 1 1 1 1
 0.166545 1 1 1 1
 0.166545 1 1 1 1
 0.166545 1 1 1 1
 0.166545 1 1 1 1
 0.166545 1 1 1 1
 0.166545 1 1 1 1
 0.166545 1 1 1 1
 0.166545 1 1 1 1
 0.166545 1 1 1 1
Scru_reclas
 1 1 1 1 1
 1 1 1 1 1
 1 1 1 1 1
 1 1 1 1 1
 1 1 1 1 1
 1 1 1 1 1
 1 1 1 1 1
 1 1 1 1 1
 1 1 1 1 1
 1 1 1 1 1
 1 1 1 1 1
 1 1 1 1 1
 1 1 1 1 1
 1 1 1 1 1
 1 1 1 1 1
 1 1 1 1 1
 1 1 1 1 1
 1 1 1 1 1
 1 1 1 1 1
 1 1 1 1 1
 1 1 1 1 1
 1 1 1 1 1
 1 1 1 1 1
 1 1 1 1 1
 1 1 1 1 1
Scru_pelaces
 1 1 1 1 1
 1 1 1 1 1
 1 1 1 1 1
 1 1 1 1 1
 1 1 1 1 1
 1 1 1 1 1
 1 1 1 1 1
 1 1 1 1 1
 1 1 1 1 1
 1 1 1 1 1
 1 1 1 1 1
 1 1 1 1 1
 1 1 1 1 1
 1 1 1 1 1
 1 1 1 1 1
 1 1 1 1 1
 1 1 1 1 1
 1 1 1 1 1
 1 1 1 1 1
 1 1 1 1 1
 1 1 1 1 1
 1 1 1 1 1
 1 1 1 1 1
 1 1 1 1 1
 1 1 1 1 1
pf_obs 
 0.256992 0.487395 0.22802 0.0275931 0
 0.321318 0.546541 0.124235 0.00734118 0.000564706
 0.182869 0.594174 0.210203 0.0122559 0.00049798
 0.330522 0.361315 0.267642 0.0388342 0.00168674
 0.649043 0.306663 0.0425973 0.00169635 0
 0.582887 0.30429 0.105238 0.00758474 0
 0.465427 0.430635 0.0974691 0.00646863 0
 0.296916 0.608066 0.0921331 0.00288517 0
 0.311714 0.524322 0.152257 0.0117073 0
 0.15457 0.633149 0.183074 0.0267441 0.00246327
 0.131901 0.49318 0.331252 0.0422183 0.00144891
 0.196976 0.569456 0.194076 0.0375587 0.00193317
 0.518974 0.381816 0.0799577 0.0180837 0.00116848
 0.0928022 0.601141 0.25162 0.0475244 0.00691264
 0.122501 0.610282 0.24278 0.0234846 0.000952079
 0.383417 0.481906 0.127806 0.00687128 0
 0.0376549 0.599619 0.316969 0.0457579 0
 0.0361596 0.667082 0.258105 0.0386534 0
 0.158088 0.579412 0.248529 0.0139706 0
 0.0477256 0.309471 0.559284 0.082774 0.000745712
 0.0406174 0.521527 0.379366 0.0568643 0.0016247
 0.151134 0.462217 0.34131 0.0453401 0
 0.294876 0.26143 0.354403 0.0886775 0.000613685
 0.281977 0.475581 0.204845 0.0348837 0.00271318
 0.0841818 0.532909 0.334909 0.0458182 0.00218182
pf_pred 
 0.239534 0.5276 0.207298 0.0255572 1.01332e-05
 0.303998 0.492442 0.141227 0.0554892 0.0068438
 0.146848 0.661038 0.135926 0.0389821 0.0172055
 0.372074 0.398347 0.177882 0.0365772 0.0151198
 0.340749 0.527261 0.0837325 0.0373909 0.0108667
 0.153947 0.642609 0.162711 0.0258396 0.0148922
 0.279531 0.404472 0.240012 0.0607721 0.0152132
 0.239938 0.54805 0.119024 0.0706285 0.0223602
 0.295212 0.492066 0.153385 0.0333117 0.0260251
 0.263413 0.556492 0.125738 0.0391944 0.0151623
 0.109401 0.633 0.194617 0.043973 0.0190096
 0.104192 0.433007 0.328939 0.101133 0.032729
 0.203116 0.370031 0.206328 0.15674 0.0637851
 0.165365 0.573341 0.121331 0.0676539 0.0723089
 0.241838 0.528427 0.157813 0.0333965 0.0385249
 0.313354 0.541721 0.10101 0.0301664 0.013748
 0.20103 0.623322 0.138575 0.025839 0.0112335
 0.21363 0.507463 0.217591 0.0483741 0.0129414
 0.20741 0.515321 0.178928 0.076721 0.0216194
 0.345736 0.417502 0.153937 0.0534493 0.0293762
 0.258134 0.580494 0.102976 0.037968 0.0204287
 0.226533 0.531779 0.189115 0.0335477 0.0190247
 0.283232 0.467899 0.171104 0.0608493 0.0169156
 0.221497 0.560852 0.142081 0.051957 0.0236139
 0.0550769 0.613706 0.238616 0.0604488 0.0321519
pobs_RECLAS
 0 0 0 0 0
 0 0 0 0 0
 0 0 0 0 0
 0 0 0 0 0
 0.835266 0.146461 0.0176864 0.000547809 3.91292e-05
 0.385257 0.428462 0.181853 0.0044286 0
 0.867414 0.0963971 0.0333333 0.00285562 0
 0.441836 0.489002 0.0689373 0.000224442 0
 0.779404 0.147425 0.0564933 0.0165055 0.000172143
 0.814271 0.122319 0.05973 0.00367925 0
 0.40263 0.566651 0.0304383 0.000280538 0
 0.475488 0.404961 0.113038 0.00651328 0
 0.955842 0.0263864 0.0167828 0.000988607 0
 0.975058 0.0227948 0.00214734 0 0
 0.738997 0.206755 0.0527124 0.00153531 0
 0.850938 0.134255 0.0134407 0.00136685 0
 0.542534 0.407297 0.0501686 0 0
 0.764087 0.199537 0.0359546 0.000420521 0
 0.470689 0.182191 0.310203 0.0369168 0
 0.84361 0.089868 0.0606195 0.00523954 0.000663233
 0.607945 0.314616 0.071237 0.00620181 0
 0.523733 0.453247 0.0230204 0 0
 0.530135 0.295979 0.169645 0.0042399 0
 0.562478 0.366248 0.0663022 0.0049721 0
 0.250443 0.683176 0.0655157 0.000865301 0
ppred_RECLAS
 0.661905 0.234565 0.0921626 0.0113624 4.5051e-06
 0.731685 0.189841 0.0544443 0.0213916 0.00263835
 0.530689 0.363631 0.0747718 0.0214437 0.00946456
 0.783005 0.137658 0.0614715 0.0126401 0.00522502
 0.756651 0.194627 0.0309081 0.0138021 0.00401122
 0.527172 0.359131 0.0909336 0.0144408 0.0083227
 0.702281 0.167139 0.0991799 0.0251128 0.00628652
 0.660636 0.244702 0.0531437 0.0315353 0.00998373
 0.721123 0.194705 0.0606926 0.0131811 0.0102978
 0.685895 0.237306 0.0536187 0.0167138 0.00646571
 0.432593 0.403289 0.123992 0.0280155 0.0121112
 0.418348 0.281153 0.213582 0.0656659 0.0212511
 0.618087 0.17734 0.0988845 0.0751188 0.0305696
 0.573954 0.292667 0.0619344 0.0345345 0.0369106
 0.684948 0.219586 0.0655786 0.0138778 0.0160089
 0.73976 0.205313 0.0382832 0.0114331 0.00521052
 0.607583 0.306147 0.0680617 0.0126909 0.00551739
 0.623749 0.242804 0.10411 0.0231454 0.00619201
 0.614419 0.250695 0.0870453 0.0373234 0.0105175
 0.763168 0.151128 0.0557224 0.0193477 0.0106337
 0.677564 0.252299 0.0447562 0.016502 0.00887889
 0.639257 0.248021 0.0882029 0.0156466 0.00887306
 0.705503 0.192244 0.0703012 0.025001 0.00695006
 0.632973 0.264415 0.0669843 0.0244953 0.0111328
 0.261045 0.479934 0.186604 0.0472726 0.0251437
pobs_PELACES
 0 0 0 0 0
 0 0 0 0 0
 0 0 0 0 0
 0 0 0 0 0
 0 0 0 0 0
 0 0 0 0 0
 0 0 0 0 0
 0 0 0 0 0
 0 0 0 0 0
 0 0 0 0 0
 0.450072 0.473896 0.0757376 0.000293798 0
 0 0 0 0 0
 0.463077 0.371075 0.160297 0.00555027 0
 0.529543 0.364841 0.0842815 0.0213345 0
 0.631943 0.363953 0.00410389 0 0
 0.735681 0.248677 0.0153453 0.000297389 0
 0.695825 0.281241 0.0229344 0 0
 0.275771 0.60734 0.115278 0.00161068 0
 0 0 0 0 0
 0.896147 0.0623911 0.0374545 0.00400742 0
 0.803859 0.145111 0.0509908 3.86294e-05 0
 0.739449 0.233085 0.0266225 0.000797448 4.60066e-05
 0.878498 0.100942 0.0204185 0.000141795 0
 0.694673 0.275183 0.0284847 0.00165964 0
 0.469039 0.446079 0.0841089 0.000773354 0
ppred_PELACES
 0.692422 0.213393 0.0838439 0.0103369 4.09847e-06
 0.760725 0.169294 0.0485516 0.0190763 0.00235279
 0.600008 0.309921 0.0637278 0.0182764 0.00806661
 0.794193 0.130561 0.058302 0.0119884 0.00495562
 0.758559 0.193101 0.0306657 0.0136938 0.00397977
 0.549812 0.341935 0.0865795 0.0137494 0.0079242
 0.714756 0.160136 0.0950241 0.0240605 0.00602311
 0.685676 0.226646 0.0492225 0.0292084 0.00924708
 0.744142 0.178634 0.055683 0.0120931 0.00944786
 0.702436 0.22481 0.0507952 0.0158336 0.00612524
 0.466014 0.379534 0.116688 0.0263654 0.0113978
 0.448599 0.266531 0.202473 0.0622507 0.0201458
 0.664261 0.1559 0.0869292 0.0660368 0.0268737
 0.657256 0.235443 0.0498248 0.0277822 0.0296938
 0.756628 0.169627 0.0506584 0.0107204 0.0123666
 0.766947 0.183865 0.0342838 0.0102387 0.00466618
 0.632667 0.286577 0.063711 0.0118797 0.0051647
 0.641283 0.231489 0.099258 0.0220667 0.00590344
 0.630133 0.240478 0.0834978 0.0358023 0.0100888
 0.776043 0.142913 0.0526932 0.0182959 0.0100556
 0.684158 0.247139 0.0438408 0.0161645 0.00869729
 0.648215 0.241862 0.0860126 0.015258 0.00865272
 0.715402 0.185782 0.0679381 0.0241606 0.00671645
 0.643903 0.25654 0.0649894 0.0237658 0.0108013
 0.270172 0.474007 0.1843 0.0466887 0.0248331
pobs_pel_tallas
 0 0 0 0 0 0 0 0 0 0 0 0 0 0 0 0 0 0 0 0 0 0 0 0 0 0 0 0 0 0 0 0 0 0 0 0
 0 0 0 0 0 0 0 0 0 0 0 0 0 0 0 0 0 0 0 0 0 0 0 0 0 0 0 0 0 0 0 0 0 0 0 0
 0 0 0 0 0 0 0 0 0 0 0 0 0 0 0 0 0 0 0 0 0 0 0 0 0 0 0 0 0 0 0 0 0 0 0 0
 0 0 0 0 0 0 0 0 0 0 0 0 0 0 0 0 0 0 0 0 0 0 0 0 0 0 0 0 0 0 0 0 0 0 0 0
 0 0 0 0 0 0 0 0 0 0 0 0 0 0 0 0 0 0 0 0 0 0 0 0 0 0 0 0 0 0 0 0 0 0 0 0
 0 0 0 0 0 0 0 0 0 0 0 0 0 0 0 0 0 0 0 0 0 0 0 0 0 0 0 0 0 0 0 0 0 0 0 0
 0 0 0 0 0 0 0 0 0 0 0 0 0 0 0 0 0 0 0 0 0 0 0 0 0 0 0 0 0 0 0 0 0 0 0 0
 0 0 0 0 0 0 0 0 0 0 0 0 0 0 0 0 0 0 0 0 0 0 0 0 0 0 0 0 0 0 0 0 0 0 0 0
 0 0 0 0 0 0 0 0 0 0 0 0 0 0 0 0 0 0 0 0 0 0 0 0 0 0 0 0 0 0 0 0 0 0 0 0
 0 0 0 0 0 0 0 0 0 0 0 0 0 0 0 0 0 0 0 0 0 0 0 0 0 0 0 0 0 0 0 0 0 0 0 0
 0 0 0 0 0 0 0 0 1.78061e-05 0.00172719 0.00360574 0.0105946 0.0120993 0.0124554 0.0147524 0.0171206 0.0266825 0.0428682 0.0675386 0.121331 0.153587 0.119568 0.100827 0.0573624 0.0630603 0.0341343 0.0324427 0.0444173 0.0211091 0.0280891 0.0125444 0.00206551 0 0 0 0
 0 0 0 0 0 0 0 0 0 0 0 0 0 0 0 0 0 0 0 0 0 0 0 0 0 0 0 0 0 0 0 0 0 0 0 0
 0 0 0 0 0 0 0.0133647 0.0140871 0.0187388 0.0205184 0.03894 0.0496705 0.03968 0.0493445 0.0407372 0.0367815 0.0215668 0.0243155 0.0234873 0.0199281 0.019796 0.0243948 0.0301388 0.0376714 0.0412746 0.0863199 0.0771752 0.113111 0.0741005 0.0525337 0.0229764 0.00759418 0.00175318 0 0 0
 0 0 0 0 0 0 0 0 0 0 0.00219441 0.00772107 0.0458388 0.0604681 0.0671733 0.0775358 0.0609151 0.0617685 0.073594 0.0568108 0.0755445 0.0548602 0.0670107 0.0636378 0.0643287 0.046367 0.0373049 0.0286899 0.0247887 0.0153202 0.00654259 0.00121912 0.000365735 0 0 0
 0 0 0 0 0 0 0 0 0 0 0 0 0.000112435 0.00938835 0.0111873 0.0202946 0.0414886 0.0713402 0.111592 0.104902 0.108894 0.110636 0.117776 0.105296 0.107544 0.0401394 0.0192827 0.0124803 0.00416011 0.0028671 0.000618394 0 0 0 0 0
 0 0 0 0 0 0 0 0 0 0 0.00291406 0.0102884 0.027416 0.0768956 0.0749926 0.110853 0.0956884 0.0897413 0.0766577 0.0534642 0.0500743 0.0551293 0.0594112 0.0620874 0.0668451 0.0424026 0.0208742 0.0120726 0.0048766 0.00582813 0.00118941 0.000297354 0 0 0 0
 0 0.00264628 0.0354308 0.0461629 0.0458689 0.0383711 0.0214643 0.0164657 0.0346957 0.0420465 0.0363128 0.0245516 0.0311673 0.0291091 0.0169068 0.0133784 0.00837989 0.0085269 0.0148486 0.0160247 0.0276389 0.0546898 0.0760071 0.122758 0.109233 0.0665981 0.0333725 0.0166128 0.00676272 0.00308733 0.000882094 0 0 0 0 0
 0 0 0 0 0 0 0 0.000805153 0.000690131 0.00759144 0.0133425 0.0154129 0.00931677 0.000345066 0.00356568 0.00563607 0.00851162 0.0253048 0.0502646 0.0516448 0.0657925 0.0565908 0.0611916 0.0827007 0.0866115 0.110766 0.145733 0.0935128 0.0569358 0.0249597 0.0138026 0.00621118 0.00161031 0.00115022 0 0
 0 0 0 0 0 0 0 0 0 0 0 0 0 0 0 0 0 0 0 0 0 0 0 0 0 0 0 0 0 0 0 0 0 0 0 0
 0.00147267 0.00158595 0.00478618 0.00569244 0.00954404 0.0108468 0.00647125 0.017049 0.0510054 0.094081 0.124002 0.0959785 0.0687766 0.0820023 0.061753 0.0591476 0.0492212 0.0479892 0.0443925 0.0268479 0.0217502 0.0140895 0.0121071 0.0120363 0.00920419 0.00665534 0.0049561 0.00860946 0.00930331 0.0156896 0.0114698 0.00855282 0.00243557 0.00046729 0 2.83206e-05
 0 0 0 0 0.000772559 0.00158375 0.000888443 0.00281984 0.00712685 0.0440552 0.0773331 0.111326 0.0921469 0.0852325 0.0710754 0.0886704 0.0786465 0.0553345 0.0373146 0.0185414 0.00753245 0.00457741 0.012979 0.0271748 0.0457355 0.0583668 0.034881 0.0177882 0.00938659 0.00492506 0.0015258 0.00185414 0.000309023 5.79419e-05 3.86279e-05 0
 0 0.00173294 0.00326652 0 0.00397197 0.00683976 0.00946217 0.0152591 0.00757587 0.0136028 0.0228656 0.0392903 0.0559909 0.0764795 0.0681675 0.0726916 0.0566044 0.0477403 0.0527397 0.0444891 0.0609904 0.0582453 0.0661739 0.0445044 0.0529084 0.0360697 0.0280645 0.0235558 0.0158879 0.00826598 0.00280645 0.00217768 0.000904811 0.00058276 9.20147e-05 0
 0 0 0 0 0 0 0 0 0 0 0 0 0 0 0 0 0 0 0 0 0 0 0 0 0 0 0 0 0 0 0 0 0 0 0 0
 0 0 0 0 0 0 0 0 0 0 0 0 0 0 0 0 0 0 0 0 0 0 0 0 0 0 0 0 0 0 0 0 0 0 0 0
 0 0 0 0 0 0 0 0 0 0 0 0 0 0 0 0 0 0 0 0 0 0 0 0 0 0 0 0 0 0 0 0 0 0 0 0
ppred_pel_tallas
 1.01616e-16 3.02143e-05 0.000177326 0.000842911 0.00324523 0.0101199 0.0255621 0.052304 0.0867014 0.116443 0.126727 0.111815 0.0801121 0.0468984 0.0230313 0.0106084 0.00636053 0.0064262 0.00842978 0.0113012 0.0145522 0.0178303 0.0207835 0.0230767 0.0244539 0.024792 0.0241227 0.022613 0.0205147 0.0181005 0.0156091 0.0132126 0.0110111 0.00904566 0.00732109 0.00582579
 1.0151e-16 3.31908e-05 0.000194805 0.000926016 0.00356522 0.0111178 0.0280827 0.0574609 0.0952476 0.127914 0.139195 0.122776 0.08788 0.0512724 0.0248554 0.0109016 0.00578649 0.00524254 0.00665251 0.00886141 0.0113868 0.013927 0.0162006 0.0179457 0.0189658 0.0191722 0.0185995 0.0173892 0.0157471 0.0138916 0.0120085 0.0102263 0.00861206 0.0071847 0.00593463 0.00484222
 1.02011e-16 2.61885e-05 0.000153682 0.000730486 0.00281233 0.00876991 0.0221523 0.0453279 0.0751412 0.100928 0.109872 0.0970132 0.0696604 0.0410885 0.0207524 0.0105241 0.00762297 0.00873789 0.0118089 0.0158536 0.0203319 0.0247678 0.0286582 0.0315283 0.0330292 0.0330163 0.0315785 0.029005 0.0257041 0.0221034 0.0185637 0.0153288 0.0125182 0.010151 0.00818498 0.00655465
 1.01514e-16 3.46486e-05 0.000203367 0.00096673 0.00372199 0.0116067 0.0293175 0.0599872 0.0994339 0.133532 0.145297 0.128133 0.0916585 0.0533641 0.0256589 0.0108959 0.0052723 0.00432086 0.00531068 0.00705746 0.00910182 0.0111928 0.0131102 0.0146483 0.015648 0.0160284 0.0158 0.0150535 0.0139298 0.0125828 0.0111471 0.00972046 0.00836072 0.00709486 0.00593213 0.0048754
 1.01155e-16 3.30973e-05 0.000194253 0.000923391 0.0035551 0.0110863 0.028003 0.0572981 0.0949784 0.127555 0.138809 0.122448 0.0876717 0.0512045 0.0249221 0.011099 0.00612816 0.00575734 0.00737168 0.0098035 0.0125438 0.0152547 0.0176153 0.0193301 0.0201849 0.0200947 0.0191216 0.0174528 0.0153495 0.0130833 0.0108816 0.00889591 0.00719741 0.00579224 0.00464716 0.00371409
 1.02184e-16 2.4001e-05 0.000140837 0.000669411 0.00257716 0.00803655 0.0202999 0.0415381 0.0688606 0.0924978 0.100708 0.0889569 0.0639507 0.037872 0.0194081 0.0103023 0.00803458 0.00959199 0.0130919 0.0176145 0.0226157 0.027583 0.0319627 0.0352279 0.0369873 0.0370727 0.0355722 0.0327943 0.0291806 0.0251977 0.0212428 0.0175895 0.0143784 0.011642 0.00934652 0.00743086
 1.0251e-16 3.1186e-05 0.000183036 0.000870067 0.0033498 0.010446 0.0263858 0.053989 0.0894928 0.120187 0.130787 0.115365 0.0825849 0.0482033 0.0234071 0.0103376 0.00559767 0.00518842 0.00666335 0.00895062 0.0116092 0.014364 0.0169525 0.0191205 0.0206638 0.0214671 0.0215213 0.0209112 0.0197828 0.018301 0.0166144 0.0148355 0.0130394 0.0112729 0.00956874 0.00795603
 1.02209e-16 2.99206e-05 0.0001756 0.000834706 0.00321363 0.0100214 0.0253133 0.0517949 0.0858579 0.115311 0.125498 0.110738 0.0793563 0.0464874 0.0228874 0.0106383 0.0065065 0.00666928 0.00877052 0.0117407 0.0150801 0.0184193 0.0213894 0.0236445 0.0249281 0.02513 0.0243063 0.0226558 0.0204614 0.0180186 0.015575 0.013296 0.0112608 0.00948164 0.00793244 0.00657579
 1.01706e-16 3.2468e-05 0.000190561 0.000905838 0.00348752 0.0108755 0.0274707 0.0562088 0.0931725 0.125129 0.136167 0.120114 0.0859912 0.0502051 0.0244032 0.0108147 0.00590086 0.00549223 0.00703021 0.00938108 0.0120624 0.0147625 0.0171857 0.0190552 0.0201628 0.0204131 0.0198407 0.0185923 0.0168832 0.0149418 0.0129635 0.0110833 0.00937288 0.00785307 0.00651528 0.00534037
 1.01625e-16 3.06513e-05 0.000179891 0.000855102 0.00329216 0.0102663 0.0259319 0.0530606 0.0879557 0.118128 0.128562 0.113436 0.0812797 0.0475931 0.0233925 0.0108065 0.006518 0.00660685 0.00865686 0.0115725 0.0148452 0.018103 0.0209765 0.0231202 0.0242792 0.0243451 0.0233781 0.0215821 0.0192473 0.0166785 0.0141333 0.0117865 0.00972513 0.00796531 0.00648086 0.00522954
 1.03219e-16 2.03487e-05 0.00011939 0.000567445 0.00218455 0.0068122 0.0172074 0.0352108 0.0583743 0.0784206 0.0854044 0.0754928 0.0543895 0.0324473 0.0170668 0.00976984 0.00846583 0.0106364 0.0146972 0.0198424 0.0255396 0.0312414 0.036339 0.0402466 0.0425222 0.0429643 0.0416495 0.0388945 0.0351622 0.0309455 0.026666 0.0226175 0.0189563 0.0157293 0.0129179 0.0104787
 1.06042e-16 1.95849e-05 0.000114916 0.000546196 0.00210278 0.00655722 0.0165632 0.0338919 0.0561852 0.0754721 0.0821734 0.0725892 0.0521944 0.0309324 0.0158983 0.00852613 0.00677917 0.00822793 0.0113761 0.015523 0.02028 0.0252812 0.030111 0.0343458 0.0376296 0.0397389 0.0406126 0.0403357 0.0390907 0.0370963 0.0345563 0.031634 0.0284532 0.0251131 0.0217085 0.01834
 1.0481e-16 2.89839e-05 0.000170108 0.000808608 0.00311317 0.00970812 0.0245219 0.0501752 0.0831714 0.111698 0.121553 0.107225 0.0767716 0.0448377 0.0218252 0.00973052 0.00540465 0.00514032 0.0066732 0.00901564 0.0117645 0.0146683 0.0174841 0.0199736 0.021941 0.0232686 0.0239309 0.0239825 0.0235269 0.0226785 0.0215338 0.0201584 0.0185918 0.0168622 0.0150023 0.0130599
 1.03127e-16 2.86816e-05 0.000168326 0.000800121 0.00308047 0.00960612 0.0242644 0.0496488 0.082301 0.110536 0.120306 0.106167 0.0761049 0.0446313 0.0220644 0.0104089 0.00657467 0.00690518 0.00914502 0.012265 0.0157736 0.0192963 0.0224549 0.0248931 0.0263468 0.0267013 0.0260126 0.0244811 0.0223918 0.0200398 0.0176688 0.0154369 0.0134144 0.0116054 0.00997915 0.00849837
 1.01721e-16 3.30121e-05 0.000193756 0.000921029 0.00354602 0.0110579 0.0279314 0.0571514 0.0947347 0.127226 0.138446 0.122117 0.0874096 0.0510017 0.0247314 0.0108596 0.00578231 0.00525574 0.00667737 0.00889853 0.011439 0.0139978 0.0162936 0.0180643 0.0191133 0.0193513 0.0188124 0.017637 0.0160298 0.0142075 0.0123541 0.0105962 0.00899898 0.00757971 0.00632783 0.00522348
 1.01117e-16 3.34626e-05 0.000196399 0.000933595 0.00359439 0.0112088 0.0283125 0.0579312 0.0960275 0.128963 0.140338 0.123791 0.0886196 0.0517305 0.0251267 0.011103 0.00600798 0.00553943 0.00705404 0.00937652 0.0120032 0.0146079 0.0168842 0.0185495 0.0193982 0.0193466 0.0184506 0.0168853 0.0148965 0.0127407 0.0106341 0.00872198 0.00707433 0.00570033 0.00457195 0.00364682
 1.01648e-16 2.76117e-05 0.000162039 0.000770222 0.00296533 0.00924705 0.0233575 0.0477936 0.0792275 0.106413 0.115833 0.102254 0.0733726 0.0431762 0.0216185 0.0106548 0.00733492 0.00815459 0.0109399 0.0146702 0.0188111 0.0229133 0.0265091 0.0291575 0.0305339 0.0305026 0.0291446 0.0267268 0.0236277 0.0202451 0.0169164 0.0138722 0.0112279 0.00900596 0.00717069 0.00566288
 1.02519e-16 2.79852e-05 0.000164237 0.000780682 0.00300562 0.00937271 0.0236748 0.0484425 0.0803016 0.107851 0.117385 0.103593 0.0742681 0.0435709 0.0215723 0.010233 0.00654405 0.00694466 0.00924178 0.0124378 0.0160572 0.0197341 0.0230922 0.0257691 0.0274845 0.0280972 0.0276298 0.0262473 0.0242042 0.0217778 0.0192101 0.0166759 0.0142782 0.0120632 0.0100443 0.00822261
 1.02966e-16 2.74993e-05 0.000161384 0.000767116 0.00295339 0.00920981 0.0232634 0.0476007 0.0789065 0.105978 0.11535 0.101804 0.0730007 0.0428579 0.021276 0.0101867 0.00663834 0.00713517 0.00952169 0.0128119 0.0165268 0.0202907 0.023716 0.0264317 0.0281537 0.0287451 0.028239 0.0268153 0.0247436 0.0223121 0.0197668 0.0172786 0.0149398 0.0127824 0.0108061 0.00900136
 1.01894e-16 3.38576e-05 0.000198722 0.000944645 0.00363695 0.0113415 0.0286477 0.0586168 0.0971628 0.130484 0.141984 0.12522 0.0895935 0.0522003 0.0251713 0.0108126 0.00541505 0.00461825 0.00575429 0.00766013 0.00987387 0.012131 0.0141937 0.0158403 0.0169011 0.017293 0.0170335 0.0162267 0.0150301 0.0136121 0.0121168 0.0106445 0.00924981 0.00795254 0.00675397 0.00565065
 1.01665e-16 2.98552e-05 0.000175215 0.000832869 0.00320655 0.0099993 0.0252575 0.051681 0.0856696 0.11506 0.125229 0.110512 0.079218 0.0464542 0.0229596 0.0108194 0.00681394 0.00713223 0.00941973 0.012596 0.0161384 0.0196455 0.0227128 0.0249627 0.0261196 0.0260721 0.0248956 0.022825 0.0201893 0.0173314 0.0145388 0.0120033 0.00981578 0.00798589 0.00647423 0.00522347
 1.02229e-16 2.82878e-05 0.000166013 0.000789123 0.00303812 0.00947405 0.0239308 0.0489663 0.0811701 0.109018 0.118656 0.104719 0.0750819 0.0440622 0.0218409 0.0104016 0.00670326 0.00714584 0.00950839 0.0127747 0.0164522 0.0201572 0.0234953 0.0260904 0.0276565 0.0280583 0.0273355 0.02568 0.023377 0.0207326 0.0180112 0.0153994 0.0130005 0.0108515 0.0089498 0.00727774
 1.0217e-16 3.12152e-05 0.000183205 0.000870865 0.00335286 0.0104556 0.02641 0.0540386 0.0895756 0.1203 0.130916 0.115491 0.082702 0.0483261 0.0235674 0.0105776 0.00596324 0.00572391 0.00740446 0.00991415 0.0127814 0.0156915 0.0183399 0.0204381 0.0217655 0.0222147 0.0218102 0.0206904 0.0190637 0.0171541 0.0151539 0.0131981 0.0113612 0.00967135 0.00813034 0.00673217
 1.02328e-16 2.81003e-05 0.000164911 0.000783882 0.00301794 0.0094111 0.0237718 0.0486412 0.0806315 0.108296 0.117874 0.104036 0.0746102 0.0438208 0.0217864 0.0104831 0.00689499 0.00744771 0.00993193 0.0133279 0.0171287 0.0209296 0.0243143 0.0268889 0.0283602 0.0285991 0.0276655 0.0257811 0.0232645 0.0204515 0.0176254 0.014979 0.0126088 0.0105356 0.00873613 0.0071718
 1.05536e-16 1.1813e-05 6.92695e-05 0.000329144 0.001267 0.00395083 0.00997994 0.0204237 0.0338674 0.0455222 0.0496403 0.0440319 0.0320555 0.0197907 0.0116324 0.00858747 0.00957105 0.0132212 0.0186492 0.0253111 0.0326943 0.0401589 0.0469569 0.0523545 0.0557857 0.0569725 0.0559722 0.0531335 0.0489855 0.0440978 0.0389625 0.0339277 0.0291889 0.0248233 0.0208415 0.0172322
pSPR Fmed_Fpbrs
0.617596   0.34376 0.34376
Fs Fmed_Fpbrs
0.327625   1.005 1.005
SSBpbr Bo_Bmed_Bpbrs
1.03888e+06  589666  305182 305182
Ro
41772.8
SPR SPRFo_SPRFmed_SPRFpbrs
858966 530494 295278
log_Ro
10.46
likeval ReclasPelacesDesembMPH_pf_preclas_ppelaces_ptallas_desvR_qrecl_qpela
 71.803 42.2026 0.00515567 0.000167064 313.881 193.372 77.6291 0 16.8074 4.34428e-05 0 0 0 0 0
q_reclas_q_pelaces
0.392983 1
M
0.7
N
 32624.5 14286.2 5613.18 692.031 0.274384
 45472.8 14887 4269.42 1677.49 206.895
 19571.2 20577.2 4231.19 1213.46 535.581
 42081.5 8190.23 3657.36 752.048 310.872
 76787.1 20064.7 3186.4 1422.89 413.529
 48449.9 37892.2 9594.48 1523.67 878.135
 87298.3 22768 13510.5 3420.91 856.362
 94955.8 41793.9 9076.7 5386.08 1705.18
 136410 44012.4 13719.3 2979.53 2327.79
 162030 63084.4 14253.7 4443.1 1718.81
 67087.6 76753.1 23597.8 5331.86 2304.97
 37897.4 30697.3 23319.6 7169.63 2320.27
 44899.4 17466.2 9739.09 7398.42 3010.78
 22676 19742.4 4177.92 2329.6 2489.89
 16496.8 9092.95 2715.57 574.673 662.92
 19039.4 6596.8 1230.05 367.351 167.416
 14612.5 8652.44 1923.59 358.676 155.935
 15588.9 6803.13 2917.05 648.511 173.494
 16379.2 7395.53 2567.85 1101.05 310.267
 35333.6 7810.93 2879.96 999.969 549.592
 43067 16791.2 2978.65 1098.25 590.915
 51008.3 20997 7467.1 1324.61 751.178
 84399.6 24737.9 9046.31 3217.11 894.329
 90702.2 40707.9 10312.6 3771.16 1713.95
 22177 43768.2 17017.6 4311.08 2293.01
pred_Ctot
 1912.05 4211.49 1654.73 204.006 0.0808866
 2917.81 4726.53 1355.51 532.593 65.6877
 2235.58 10063.5 2069.31 593.455 261.932
 1208.24 1293.56 577.64 118.778 49.0988
 346.446 536.076 85.1324 38.016 11.0484
 1876.33 7832.22 1983.15 314.938 181.508
 2259.91 3270.02 1940.42 491.322 122.993
 4567.41 10432.6 2265.72 1344.47 425.645
 6768.84 11282.5 3516.91 763.795 596.722
 5385.28 11377.1 2570.61 801.298 309.982
 3808.52 22036.3 6775.1 1530.81 661.774
 1968.09 8179.13 6213.37 1910.31 618.222
 3724.73 6785.58 3783.62 2874.27 1169.68
 3178.05 11018.7 2331.79 1300.2 1389.66
 2339.31 5111.49 1526.53 323.045 372.652
 1167.77 2018.83 376.435 112.421 51.2345
 658.848 2042.85 454.161 84.6839 36.8164
 501.984 1192.43 511.291 113.669 30.4094
 468.479 1163.96 404.146 173.29 48.8319
 1096.06 1323.57 488.011 169.445 93.1286
 564.615 1269.71 225.238 83.0474 44.6836
 858.672 2015.7 716.839 127.162 72.1128
 1746.2 2884.72 1054.9 375.152 104.289
 1846.94 4676.63 1184.73 433.241 196.903
 446.29 4972.88 1933.52 489.819 260.528
F
 0.0845747 0.507817 0.507817 0.507817 0.507817
 0.0929332 0.558005 0.558005 0.558005 0.558005
 0.171115 1.02744 1.02744 1.02744 1.02744
 0.0406453 0.244049 0.244049 0.244049 0.244049
 0.0062911 0.0377741 0.0377741 0.0377741 0.0377741
 0.0551734 0.331281 0.331281 0.331281 0.331281
 0.0365812 0.219647 0.219647 0.219647 0.219647
 0.0689404 0.413944 0.413944 0.413944 0.413944
 0.0711904 0.427453 0.427453 0.427453 0.427453
 0.0471854 0.283318 0.283318 0.283318 0.283318
 0.0818238 0.4913 0.4913 0.4913 0.4913
 0.0746169 0.448028 0.448028 0.448028 0.448028
 0.121654 0.730454 0.730454 0.730454 0.730454
 0.213806 1.28377 1.28377 1.28377 1.28377
 0.216583 1.30044 1.30044 1.30044 1.30044
 0.0886677 0.532393 0.532393 0.532393 0.532393
 0.0644976 0.387267 0.387267 0.387267 0.387267
 0.0456858 0.274315 0.274315 0.274315 0.274315
 0.040487 0.243099 0.243099 0.243099 0.243099
 0.0439772 0.264055 0.264055 0.264055 0.264055
 0.0183782 0.110349 0.110349 0.110349 0.110349
 0.0236532 0.142023 0.142023 0.142023 0.142023
 0.0291411 0.174974 0.174974 0.174974 0.174974
 0.0286746 0.172173 0.172173 0.172173 0.172173
 0.0283343 0.17013 0.17013 0.17013 0.17013
YTP_r0W_actual
 4998.45 109403 63806.1 20131.6 11150.6
YTP_p0W_proyectada
 35352.6 110489 275890 139932 57466.3
 35352.6 161122 29281.2 65419 34342.9
CTP_r0_actual
 446.29 4972.88 1933.52 489.819 260.528
CTP_p0_proyectada
 4159.13 5163.05 8842.64 3438.13 1235.83
 4159.13 7529.07 938.5 1607.35 738.556
Wmedp
 8.5 21.4 31.2 40.7 46.5
nmprior
 10.6 11 7 0
nm_flota  nm_reclas  nm_pelaces    nm_pelaL
inf 17.5996 19.8346 48.6016
cv_recla  cv_pelaces  cv_mph
0.766472 0.736617 0.419353
 ------------------------------------------------
Talla a la edad & desviaci?n 
 7.2 14.2025 17.0495 18.207 18.6776
 1.08 2.13037 2.55742 2.73105 2.80164
