years
 1997 1998 1999 2000 2001 2002 2003 2004 2005 2006 2007 2008 2009 2010 2011 2012 2013 2014 2015 2016 2017 2018 2019 2020 2021
reclasobs
 0 0 0 370054 412103 1.49427e+06 250295 1.28982e+06 931140 785840 897777 1.04006e+06 184774 17550 25797 100020 73551 82996 120727 218422 84188 347160 605670 569463 516374
reclaspred
 1.78368e+06 536289 1.90639e+06 1.21738e+06 1.25324e+06 1.50496e+06 2.86492e+06 1.80878e+06 1.81897e+06 1.5318e+06 1.22513e+06 817949 475100 222476 159723 175575 236922 364744 430099 580778 864374 863686 1.5353e+06 2.05562e+06 3.40152e+06
pelacesobs
 0 0 0 0 0 0 0 0 0 2.06254e+06 1.5e+06 0 1.87456e+06 323000 250000 174000 83755 137374 0 501740 490994 745055 786931 1.00524e+06 1.33801e+06
pelacespred
 1.32579e+06 537368 737971 898805 787200 785708 1.44524e+06 1.3095e+06 1.08665e+06 956527 659379 449401 254607 97138.4 70306.4 87565.2 123652 191981 239610 312456 503756 526090 708150 1.12649e+06 1.83716e+06
mphobs
 0 0 0 0 0 112323 0 153150 637223 0 255016 313432 73983 77613 109348 50772 0 0 0 0 0 0 0 0 0
mphpred
 1.15484e+06 879992 1.02958e+06 1.34113e+06 1.08622e+06 1.29643e+06 1.83977e+06 2.06674e+06 1.64503e+06 1.50583e+06 1.27851e+06 865698 533517 280602 142641 139172 177590 270987 364500 437919 650446 798902 1.0288e+06 1.54074e+06 2.47556e+06
desembarqueobs
 350755 77701 442110 56441 14545 235359 269955 359681 431902 328805 639364 411747 362871 311530 167758 66681 60226 58785 57116 73181 50977 67692 138656 160484 209506
desembarquepred
 350803 77720.5 442382 56449.2 14545.5 235486 270035 359859 432171 328998 640433 412498 363694 312482 167966 66726.2 60267.1 58804.3 57128.4 73197.8 50982.9 67699.2 138679 160506 209520
Reclutas
 112486 102015 64199.8 70440.5 103175 89583.1 132560 112264 123046 111846 69471.6 44927.5 44673.3 29716.7 22240.5 22727.6 21273.2 25220.3 28889.1 47080.1 67281.9 84446.3 143722 208164 212316
log_desv_Rt
 0.510582 0.412871 -0.0502442 0.0425236 0.424179 0.282922 0.674793 0.508607 0.600315 0.504876 0.0286733 -0.407195 -0.412868 -0.820536 -1.11033 -1.08867 -1.1548 -0.984597 -0.848781 -0.360395 -0.00335354 0.223871 0.755636 1.12608 1.14583
SSB
 1.15484e+06 879992 1.02958e+06 1.34113e+06 1.08622e+06 1.29643e+06 1.83977e+06 2.06674e+06 1.64503e+06 1.50583e+06 1.27851e+06 865698 533517 280602 142641 139172 177590 270987 364500 437919 650446 798902 1.0288e+06 1.54074e+06 2.47556e+06
BT
 4.39757e+06 1.16621e+06 2.01808e+06 1.87236e+06 1.69284e+06 1.71914e+06 3.65501e+06 3.15389e+06 2.82695e+06 2.35274e+06 1.96232e+06 1.31723e+06 915219 506945 317939 255562 339466 483806 549215 761283 1.21393e+06 1.12479e+06 1.60423e+06 2.64917e+06 4.29085e+06
Ftot
 0.190849 0.140926 0.224312 0.0453232 0.011366 0.151941 0.0919009 0.192776 0.229692 0.207895 0.494611 0.477759 0.711095 1.23167 0.959551 0.364281 0.245838 0.156621 0.129207 0.122685 0.0576239 0.076486 0.0880831 0.0762062 0.0601644
BD_Bspro_t
 0.975098 0.861439 0.825399 0.739684 0.793566 0.860371 0.827313 0.82792 0.76715 0.711572 0.654358 0.488887 0.376873 0.268906 0.170753 0.193416 0.300487 0.477254 0.608514 0.703812 0.795262 0.86275 0.873087 0.882044 0.899006
BD_Bspro
 0.831922 0.633931 0.741694 0.966124 0.782493 0.933925 1.32533 1.48884 1.18505 1.08477 0.921016 0.623633 0.384336 0.20214 0.102756 0.100257 0.127933 0.195214 0.262579 0.315469 0.46857 0.575515 0.741127 1.10992 1.78335
BD_Bo
 0.784271 0.59762 0.69921 0.910785 0.737673 0.88043 1.24942 1.40356 1.11717 1.02263 0.868261 0.587912 0.362321 0.190562 0.0968705 0.0945144 0.120605 0.184032 0.247539 0.297399 0.44173 0.54255 0.698676 1.04635 1.6812
BD_Brms
 3.81464 2.90678 3.40091 4.43 3.58799 4.28235 6.07709 6.82683 5.43386 4.97403 4.22316 2.85956 1.76231 0.92688 0.471172 0.459712 0.586615 0.895121 1.20401 1.44653 2.14855 2.63892 3.39831 5.08936 8.17725
S_f
 0.5 1 1 1 1
 0.5 1 1 1 1
 0.5 1 1 1 1
 0.5 1 1 1 1
 0.5 1 1 1 1
 0.5 1 1 1 1
 0.5 1 1 1 1
 0.5 1 1 1 1
 0.5 1 1 1 1
 0.5 1 1 1 1
 0.5 1 1 1 1
 0.5 1 1 1 1
 0.5 1 1 1 1
 0.5 1 1 1 1
 0.5 1 1 1 1
 0.5 1 1 1 1
 0.5 1 1 1 1
 0.5 1 1 1 1
 0.5 1 1 1 1
 0.5 1 1 1 1
 0.5 1 1 1 1
 0.5 1 1 1 1
 0.5 1 1 1 1
 0.5 1 1 1 1
 0.5 1 1 1 1
Scru_reclas
 0.5 1 1 1 1
 0.5 1 1 1 1
 0.5 1 1 1 1
 0.5 1 1 1 1
 0.5 1 1 1 1
 0.5 1 1 1 1
 0.5 1 1 1 1
 0.5 1 1 1 1
 0.5 1 1 1 1
 0.5 1 1 1 1
 0.5 1 1 1 1
 0.5 1 1 1 1
 0.5 1 1 1 1
 0.5 1 1 1 1
 0.5 1 1 1 1
 0.5 1 1 1 1
 0.5 1 1 1 1
 0.5 1 1 1 1
 0.5 1 1 1 1
 0.5 1 1 1 1
 0.5 1 1 1 1
 0.5 1 1 1 1
 0.5 1 1 1 1
 0.5 1 1 1 1
 0.5 1 1 1 1
Scru_pelaces
 0.5 1 1 1 1
 0.5 1 1 1 1
 0.5 1 1 1 1
 0.5 1 1 1 1
 0.5 1 1 1 1
 0.5 1 1 1 1
 0.5 1 1 1 1
 0.5 1 1 1 1
 0.5 1 1 1 1
 0.5 1 1 1 1
 0.5 1 1 1 1
 0.5 1 1 1 1
 0.5 1 1 1 1
 0.5 1 1 1 1
 0.5 1 1 1 1
 0.5 1 1 1 1
 0.5 1 1 1 1
 0.5 1 1 1 1
 0.5 1 1 1 1
 0.5 1 1 1 1
 0.5 1 1 1 1
 0.5 1 1 1 1
 0.5 1 1 1 1
 0.5 1 1 1 1
 0.5 1 1 1 1
pf_obs 
 0.256992 0.487395 0.22802 0.0275931 0
 0.321318 0.546541 0.124235 0.00734118 0.000564706
 0.182869 0.594174 0.210203 0.0122559 0.00049798
 0.330522 0.361315 0.267642 0.0388342 0.00168674
 0.649043 0.306663 0.0425973 0.00169635 0
 0.582887 0.30429 0.105238 0.00758474 0
 0.465427 0.430635 0.0974691 0.00646863 0
 0.296916 0.608066 0.0921331 0.00288517 0
 0.311714 0.524322 0.152257 0.0117073 0
 0.15457 0.633149 0.183074 0.0267441 0.00246327
 0.131901 0.49318 0.331252 0.0422183 0.00144891
 0.196976 0.569456 0.194076 0.0375587 0.00193317
 0.518974 0.381816 0.0799577 0.0180837 0.00116848
 0.0928022 0.601141 0.25162 0.0475244 0.00691264
 0.122501 0.610282 0.24278 0.0234846 0.000952079
 0.383417 0.481906 0.127806 0.00687128 0
 0.0376549 0.599619 0.316969 0.0457579 0
 0.0361596 0.667082 0.258105 0.0386534 0
 0.158088 0.579412 0.248529 0.0139706 0
 0.0477256 0.309471 0.559284 0.082774 0.000745712
 0.0406174 0.521527 0.379366 0.0568643 0.0016247
 0.151134 0.462217 0.34131 0.0453401 0
 0.294876 0.26143 0.354403 0.0886775 0.000613685
 0.281977 0.475581 0.204845 0.0348837 0.00271318
 0.0841818 0.532909 0.334909 0.0458182 0.00218182
pf_pred 
 0.649742 0.250799 0.0892773 0.010177 4.91603e-06
 0.452087 0.436486 0.079786 0.0284015 0.00323916
 0.310754 0.435605 0.202059 0.0369347 0.0146472
 0.379591 0.304101 0.199908 0.0927288 0.0236719
 0.455634 0.301272 0.119155 0.0783294 0.045609
 0.362852 0.399346 0.131608 0.052052 0.0541415
 0.47115 0.28727 0.151415 0.0499003 0.0402641
 0.37563 0.40363 0.119906 0.0632003 0.0376344
 0.416723 0.326455 0.166025 0.0493209 0.0414764
 0.393384 0.366456 0.134415 0.0683597 0.0373851
 0.30798 0.400792 0.17593 0.064531 0.0507666
 0.318264 0.34579 0.194568 0.0854069 0.0559722
 0.431476 0.294421 0.13903 0.0782292 0.0568438
 0.439341 0.365916 0.100851 0.0476237 0.0462681
 0.539447 0.32139 0.0908254 0.0250327 0.0233053
 0.576589 0.321279 0.0712711 0.0201413 0.0107194
 0.472509 0.3965 0.0993944 0.0220492 0.00954742
 0.478759 0.342869 0.134077 0.0336105 0.0106845
 0.457567 0.356697 0.122176 0.0477763 0.0157838
 0.533574 0.29681 0.111538 0.0382037 0.0198749
 0.521408 0.33652 0.0904074 0.033974 0.0176906
 0.476759 0.360464 0.114457 0.0307492 0.0175721
 0.541459 0.298321 0.110376 0.0350472 0.0147962
 0.523047 0.337533 0.0907051 0.03356 0.015155
 0.427738 0.395682 0.124963 0.0335814 0.0180356
pobs_RECLAS
 0 0 0 0 0
 0 0 0 0 0
 0 0 0 0 0
 0 0 0 0 0
 0.835266 0.146461 0.0176864 0.000547809 3.91292e-05
 0.385257 0.428462 0.181853 0.0044286 0
 0.867414 0.0963971 0.0333333 0.00285562 0
 0.441836 0.489002 0.0689373 0.000224442 0
 0.779404 0.147425 0.0564933 0.0165055 0.000172143
 0.814271 0.122319 0.05973 0.00367925 0
 0.40263 0.566651 0.0304383 0.000280538 0
 0.475488 0.404961 0.113038 0.00651328 0
 0.955842 0.0263864 0.0167828 0.000988607 0
 0.975058 0.0227948 0.00214734 0 0
 0.738997 0.206755 0.0527124 0.00153531 0
 0.850938 0.134255 0.0134407 0.00136685 0
 0.542534 0.407297 0.0501686 0 0
 0.764087 0.199537 0.0359546 0.000420521 0
 0.470689 0.182191 0.310203 0.0369168 0
 0.84361 0.089868 0.0606195 0.00523954 0.000663233
 0.607945 0.314616 0.071237 0.00620181 0
 0.523733 0.453247 0.0230204 0 0
 0.530135 0.295979 0.169645 0.0042399 0
 0.562478 0.366248 0.0663022 0.0049721 0
 0.250443 0.683176 0.0655157 0.000865301 0
ppred_RECLAS
 0.651248 0.24972 0.0888933 0.0101333 4.89489e-06
 0.453247 0.435562 0.0796172 0.0283414 0.0032323
 0.312473 0.434519 0.201555 0.0368426 0.0146106
 0.379914 0.303942 0.199803 0.0926804 0.0236596
 0.455717 0.301226 0.119137 0.0783176 0.0456021
 0.364032 0.398607 0.131365 0.0519557 0.0540413
 0.471877 0.286875 0.151207 0.0498317 0.0402088
 0.377204 0.402612 0.119604 0.063041 0.0375395
 0.418728 0.325333 0.165455 0.0491514 0.0413338
 0.395133 0.365399 0.134028 0.0681626 0.0372773
 0.312615 0.398108 0.174752 0.0640988 0.0504266
 0.322767 0.343505 0.193282 0.0848427 0.0556024
 0.440237 0.289883 0.136888 0.0770237 0.0559678
 0.459077 0.353035 0.0973013 0.0459473 0.0446395
 0.553052 0.311896 0.0881423 0.0242932 0.0226168
 0.580136 0.318588 0.0706742 0.0199727 0.0106296
 0.474738 0.394824 0.0989743 0.021956 0.00950707
 0.480076 0.342003 0.133739 0.0335255 0.0106575
 0.458621 0.356004 0.121938 0.0476835 0.0157531
 0.534571 0.296175 0.111299 0.0381221 0.0198324
 0.521849 0.33621 0.0903241 0.0339427 0.0176743
 0.477355 0.360053 0.114326 0.0307141 0.017552
 0.542151 0.297872 0.11021 0.0349944 0.0147739
 0.523641 0.337112 0.0905921 0.0335182 0.0151361
 0.428191 0.395369 0.124865 0.0335548 0.0180213
pobs_PELACES
 0 0 0 0 0
 0 0 0 0 0
 0 0 0 0 0
 0 0 0 0 0
 0 0 0 0 0
 0 0 0 0 0
 0 0 0 0 0
 0 0 0 0 0
 0 0 0 0 0
 0 0 0 0 0
 0.450072 0.473896 0.0757376 0.000293798 0
 0 0 0 0 0
 0.463077 0.371075 0.160297 0.00555027 0
 0.529543 0.364841 0.0842815 0.0213345 0
 0.631943 0.363953 0.00410389 0 0
 0.735681 0.248677 0.0153453 0.000297389 0
 0.695825 0.281241 0.0229344 0 0
 0.275771 0.60734 0.115278 0.00161068 0
 0 0 0 0 0
 0.896147 0.0623911 0.0374545 0.00400742 0
 0.803859 0.145111 0.0509908 3.86294e-05 0
 0.739449 0.233085 0.0266225 0.000797448 4.60066e-05
 0.878498 0.100942 0.0204185 0.000141795 0
 0.694673 0.275183 0.0284847 0.00165964 0
 0.469039 0.446079 0.0841089 0.000773354 0
ppred_PELACES
 0.658366 0.244624 0.0870791 0.00992646 4.79499e-06
 0.459015 0.430967 0.0787772 0.0280424 0.0031982
 0.320479 0.429459 0.199208 0.0364135 0.0144405
 0.381678 0.303078 0.199235 0.0924169 0.0235923
 0.456182 0.300969 0.119035 0.0782506 0.0455631
 0.369855 0.394957 0.130162 0.0514799 0.0535464
 0.475657 0.284822 0.150125 0.049475 0.039921
 0.384705 0.397763 0.118163 0.0622818 0.0370874
 0.427979 0.320155 0.162821 0.048369 0.0406759
 0.403361 0.360429 0.132205 0.0672354 0.0367703
 0.330414 0.387799 0.170227 0.062439 0.0491209
 0.340234 0.334646 0.188298 0.0826545 0.0541684
 0.469321 0.274822 0.129776 0.0730217 0.0530599
 0.509791 0.319937 0.0881789 0.0416396 0.0404543
 0.591782 0.284869 0.0805044 0.0221881 0.020657
 0.594702 0.307535 0.0682224 0.0192798 0.0102608
 0.484862 0.387214 0.0970666 0.0215329 0.00932383
 0.486529 0.337758 0.132079 0.0331094 0.0105252
 0.463919 0.35252 0.120745 0.0472168 0.015599
 0.539604 0.292973 0.110096 0.0377098 0.019618
 0.524221 0.334542 0.089876 0.0337743 0.0175866
 0.480505 0.357883 0.113637 0.0305291 0.0174463
 0.545756 0.295526 0.109342 0.0347188 0.0146576
 0.526777 0.334893 0.0899958 0.0332976 0.0150365
 0.430623 0.393687 0.124333 0.0334121 0.0179446
pobs_pel_tallas
 0 0 0 0 0 0 0 0 0 0 0 0 0 0 0 0 0 0 0 0 0 0 0 0 0 0 0 0 0 0 0 0 0 0 0 0
 0 0 0 0 0 0 0 0 0 0 0 0 0 0 0 0 0 0 0 0 0 0 0 0 0 0 0 0 0 0 0 0 0 0 0 0
 0 0 0 0 0 0 0 0 0 0 0 0 0 0 0 0 0 0 0 0 0 0 0 0 0 0 0 0 0 0 0 0 0 0 0 0
 0 0 0 0 0 0 0 0 0 0 0 0 0 0 0 0 0 0 0 0 0 0 0 0 0 0 0 0 0 0 0 0 0 0 0 0
 0 0 0 0 0 0 0 0 0 0 0 0 0 0 0 0 0 0 0 0 0 0 0 0 0 0 0 0 0 0 0 0 0 0 0 0
 0 0 0 0 0 0 0 0 0 0 0 0 0 0 0 0 0 0 0 0 0 0 0 0 0 0 0 0 0 0 0 0 0 0 0 0
 0 0 0 0 0 0 0 0 0 0 0 0 0 0 0 0 0 0 0 0 0 0 0 0 0 0 0 0 0 0 0 0 0 0 0 0
 0 0 0 0 0 0 0 0 0 0 0 0 0 0 0 0 0 0 0 0 0 0 0 0 0 0 0 0 0 0 0 0 0 0 0 0
 0 0 0 0 0 0 0 0 0 0 0 0 0 0 0 0 0 0 0 0 0 0 0 0 0 0 0 0 0 0 0 0 0 0 0 0
 0 0 0 0 0 0 0 0 0 0 0 0 0 0 0 0 0 0 0 0 0 0 0 0 0 0 0 0 0 0 0 0 0 0 0 0
 0 0 0 0 0 0 0 0 1.78061e-05 0.00172719 0.00360574 0.0105946 0.0120993 0.0124554 0.0147524 0.0171206 0.0266825 0.0428682 0.0675386 0.121331 0.153587 0.119568 0.100827 0.0573624 0.0630603 0.0341343 0.0324427 0.0444173 0.0211091 0.0280891 0.0125444 0.00206551 0 0 0 0
 0 0 0 0 0 0 0 0 0 0 0 0 0 0 0 0 0 0 0 0 0 0 0 0 0 0 0 0 0 0 0 0 0 0 0 0
 0 0 0 0 0 0 0.0133647 0.0140871 0.0187388 0.0205184 0.03894 0.0496705 0.03968 0.0493445 0.0407372 0.0367815 0.0215668 0.0243155 0.0234873 0.0199281 0.019796 0.0243948 0.0301388 0.0376714 0.0412746 0.0863199 0.0771752 0.113111 0.0741005 0.0525337 0.0229764 0.00759418 0.00175318 0 0 0
 0 0 0 0 0 0 0 0 0 0 0.00219441 0.00772107 0.0458388 0.0604681 0.0671733 0.0775358 0.0609151 0.0617685 0.073594 0.0568108 0.0755445 0.0548602 0.0670107 0.0636378 0.0643287 0.046367 0.0373049 0.0286899 0.0247887 0.0153202 0.00654259 0.00121912 0.000365735 0 0 0
 0 0 0 0 0 0 0 0 0 0 0 0 0.000112435 0.00938835 0.0111873 0.0202946 0.0414886 0.0713402 0.111592 0.104902 0.108894 0.110636 0.117776 0.105296 0.107544 0.0401394 0.0192827 0.0124803 0.00416011 0.0028671 0.000618394 0 0 0 0 0
 0 0 0 0 0 0 0 0 0 0 0.00291406 0.0102884 0.027416 0.0768956 0.0749926 0.110853 0.0956884 0.0897413 0.0766577 0.0534642 0.0500743 0.0551293 0.0594112 0.0620874 0.0668451 0.0424026 0.0208742 0.0120726 0.0048766 0.00582813 0.00118941 0.000297354 0 0 0 0
 0 0.00264628 0.0354308 0.0461629 0.0458689 0.0383711 0.0214643 0.0164657 0.0346957 0.0420465 0.0363128 0.0245516 0.0311673 0.0291091 0.0169068 0.0133784 0.00837989 0.0085269 0.0148486 0.0160247 0.0276389 0.0546898 0.0760071 0.122758 0.109233 0.0665981 0.0333725 0.0166128 0.00676272 0.00308733 0.000882094 0 0 0 0 0
 0 0 0 0 0 0 0 0.000805153 0.000690131 0.00759144 0.0133425 0.0154129 0.00931677 0.000345066 0.00356568 0.00563607 0.00851162 0.0253048 0.0502646 0.0516448 0.0657925 0.0565908 0.0611916 0.0827007 0.0866115 0.110766 0.145733 0.0935128 0.0569358 0.0249597 0.0138026 0.00621118 0.00161031 0.00115022 0 0
 0 0 0 0 0 0 0 0 0 0 0 0 0 0 0 0 0 0 0 0 0 0 0 0 0 0 0 0 0 0 0 0 0 0 0 0
 0.00147267 0.00158595 0.00478618 0.00569244 0.00954404 0.0108468 0.00647125 0.017049 0.0510054 0.094081 0.124002 0.0959785 0.0687766 0.0820023 0.061753 0.0591476 0.0492212 0.0479892 0.0443925 0.0268479 0.0217502 0.0140895 0.0121071 0.0120363 0.00920419 0.00665534 0.0049561 0.00860946 0.00930331 0.0156896 0.0114698 0.00855282 0.00243557 0.00046729 0 2.83206e-05
 0 0 0 0 0.000772559 0.00158375 0.000888443 0.00281984 0.00712685 0.0440552 0.0773331 0.111326 0.0921469 0.0852325 0.0710754 0.0886704 0.0786465 0.0553345 0.0373146 0.0185414 0.00753245 0.00457741 0.012979 0.0271748 0.0457355 0.0583668 0.034881 0.0177882 0.00938659 0.00492506 0.0015258 0.00185414 0.000309023 5.79419e-05 3.86279e-05 0
 0 0.00173294 0.00326652 0 0.00397197 0.00683976 0.00946217 0.0152591 0.00757587 0.0136028 0.0228656 0.0392903 0.0559909 0.0764795 0.0681675 0.0726916 0.0566044 0.0477403 0.0527397 0.0444891 0.0609904 0.0582453 0.0661739 0.0445044 0.0529084 0.0360697 0.0280645 0.0235558 0.0158879 0.00826598 0.00280645 0.00217768 0.000904811 0.00058276 9.20147e-05 0
 0 0 0 0 0 0 0 0 0 0 0 0 0 0 0 0 0 0 0 0 0 0 0 0 0 0 0 0 0 0 0 0 0 0 0 0
 0 0 0 0 0 0 0 0 0 0 0 0 0 0 0 0 0 0 0 0 0 0 0 0 0 0 0 0 0 0 0 0 0 0 0 0
 0 0 0 0 0 0 0 0 0 0 0 0 0 0 0 0 0 0 0 0 0 0 0 0 0 0 0 0 0 0 0 0 0 0 0 0
ppred_pel_tallas
 1.01658e-16 2.87306e-05 0.000168612 0.000801479 0.00308569 0.0096224 0.0243055 0.0497331 0.082441 0.110725 0.120514 0.106357 0.076254 0.0447453 0.0221704 0.0105427 0.00677219 0.00720036 0.00956941 0.012845 0.016525 0.0202176 0.0235213 0.0260535 0.0275244 0.0277985 0.0269202 0.0250901 0.0226058 0.019788 0.0169152 0.0141864 0.0117142 0.00954013 0.00766175 0.00605675
 1.02372e-16 2.00455e-05 0.000117606 0.000558951 0.00215183 0.00671015 0.0169497 0.0346839 0.0575023 0.0772538 0.0841461 0.07441 0.0536732 0.0321475 0.0171409 0.010173 0.00920295 0.0117588 0.0162701 0.0219076 0.0280836 0.0341726 0.039481 0.04335 0.0452975 0.0451284 0.0429753 0.0392507 0.0345339 0.02943 0.0244489 0.0199346 0.0160539 0.0128297 0.0101968 0.00805467
 1.04894e-16 1.40049e-05 8.21417e-05 0.000390349 0.00150267 0.00468576 0.0118363 0.0242215 0.0401611 0.0539694 0.0588193 0.0520969 0.03776 0.0229814 0.0129223 0.00871581 0.00901403 0.0121571 0.0170833 0.0231963 0.0300026 0.0369164 0.0432568 0.0483517 0.0516757 0.0529586 0.052231 0.0497869 0.0460868 0.0416354 0.0368768 0.032135 0.0276057 0.0233835 0.0195045 0.0159832
 1.07205e-16 1.66682e-05 9.77896e-05 0.000464767 0.00178924 0.00557947 0.0140935 0.0288391 0.0478112 0.0642309 0.0699535 0.0618411 0.0445673 0.0266161 0.0140559 0.00814549 0.0071915 0.00915859 0.0127856 0.0174573 0.0227867 0.0283709 0.0337433 0.0384297 0.0420369 0.0443257 0.0452428 0.0448998 0.0435151 0.0413405 0.0386028 0.035474 0.0320746 0.0284947 0.02482 0.0211475
 1.06606e-16 1.99166e-05 0.000116862 0.000555439 0.00213836 0.00666816 0.0168435 0.0344656 0.0571369 0.0767524 0.0835724 0.0738372 0.0531178 0.0315311 0.0162987 0.0088849 0.0072216 0.00883454 0.0121878 0.0165415 0.0214607 0.0265269 0.0312747 0.0352475 0.0380866 0.0396035 0.0398079 0.0388794 0.0370989 0.0347657 0.0321292 0.0293553 0.0265292 0.023683 0.0208308 0.0179962
 1.06248e-16 1.61562e-05 9.47759e-05 0.000450422 0.00173398 0.00540711 0.0136583 0.0279492 0.0463386 0.0622609 0.0678299 0.0600157 0.0433647 0.0261232 0.0142045 0.00886494 0.00849578 0.0111396 0.0155566 0.0210879 0.0272461 0.0334891 0.0391992 0.0437751 0.0467563 0.0479211 0.0473237 0.0452544 0.0421454 0.0384531 0.0345608 0.0307257 0.0270769 0.0236491 0.02043 0.0174019
 1.0579e-16 2.07653e-05 0.000121845 0.000579134 0.00222959 0.00695268 0.0175621 0.0359359 0.0595735 0.0800231 0.087127 0.0769617 0.055331 0.0327756 0.0168148 0.00896367 0.00705382 0.00849769 0.0116941 0.0158832 0.0206367 0.0255536 0.0301887 0.0341006 0.0369357 0.0384975 0.0387755 0.0379215 0.0361888 0.0338571 0.0311693 0.0282996 0.0253539 0.0223909 0.0194511 0.0165782
 1.0568e-16 1.68038e-05 9.85777e-05 0.000468496 0.00180357 0.00562411 0.0142064 0.0290707 0.0481976 0.0647573 0.0705459 0.06241 0.0450757 0.0271155 0.014674 0.00905027 0.00856229 0.0111664 0.0155683 0.0210826 0.0272092 0.0333973 0.0390227 0.0434802 0.0463095 0.0472942 0.0464991 0.0442294 0.0409338 0.0370849 0.0330791 0.0291821 0.0255256 0.0221417 0.0190109 0.0161055
 1.05979e-16 1.86878e-05 0.000109645 0.000521126 0.00200624 0.00625614 0.0158028 0.0323364 0.0536084 0.0720164 0.0784255 0.0693136 0.0499156 0.0297349 0.0155634 0.00879486 0.00750992 0.00940421 0.0130435 0.0177239 0.0230073 0.0284508 0.0335535 0.0378191 0.0408523 0.0424373 0.0425706 0.0414341 0.0393254 0.0365719 0.033458 0.0301879 0.0268843 0.0236119 0.0204107 0.0173199
 1.06023e-16 1.76158e-05 0.000103348 0.000491183 0.00189093 0.00589656 0.0148945 0.0304784 0.0505299 0.0678859 0.073941 0.0653824 0.0471546 0.0282307 0.0150326 0.00889862 0.00804287 0.0103084 0.0143408 0.0194492 0.0251645 0.030989 0.0363595 0.0407252 0.0436594 0.0449489 0.0446273 0.0429415 0.0402667 0.0370029 0.033488 0.0299522 0.0265168 0.023224 0.0200792 0.0170853
 1.06984e-16 1.44362e-05 8.46784e-05 0.000402418 0.00154916 0.00483074 0.0122024 0.0249704 0.0414011 0.0556307 0.0606167 0.0536575 0.038823 0.0234927 0.0129668 0.00838926 0.00834693 0.011113 0.0155945 0.0212032 0.0274868 0.0339249 0.0399145 0.0448593 0.0482906 0.0499631 0.0498924 0.0483207 0.0456292 0.0422298 0.0384751 0.034611 0.0307754 0.0270293 0.0233989 0.0199096
 1.08154e-16 1.48622e-05 8.71844e-05 0.000414343 0.00159509 0.00497399 0.0125642 0.0257102 0.0426259 0.0572709 0.0623894 0.0551921 0.0398582 0.0239696 0.0129615 0.00798668 0.00756649 0.00990992 0.0138987 0.0189637 0.024708 0.0306922 0.0364038 0.0413269 0.0450417 0.0473054 0.048085 0.0475314 0.0459099 0.0435157 0.0406042 0.037358 0.0338903 0.0302715 0.0265631 0.02284
 1.06921e-16 2.04885e-05 0.000120221 0.000571417 0.00219989 0.00686004 0.0173281 0.035457 0.0587795 0.0789558 0.0859636 0.0759306 0.0545821 0.0323168 0.0165517 0.0087789 0.00685693 0.00823175 0.0113251 0.0153927 0.0200215 0.0248299 0.0293953 0.0332994 0.0362074 0.0379335 0.0384666 0.0379461 0.0366024 0.0346846 0.0324015 0.0298941 0.0272392 0.0244749 0.0216307 0.0187502
 1.04678e-16 2.22549e-05 0.000130588 0.000620692 0.00238959 0.00745162 0.0188224 0.0385148 0.0638489 0.0857665 0.0933814 0.0824891 0.0593104 0.0351431 0.0180461 0.00964092 0.00759832 0.00913377 0.0125124 0.0168932 0.0217837 0.0267193 0.0311946 0.0347239 0.0369407 0.0376758 0.0369877 0.0351282 0.0324639 0.0293788 0.0261926 0.0231165 0.0202513 0.0176152 0.0151841 0.0129276
 1.02964e-16 2.58288e-05 0.000151572 0.000720461 0.00277374 0.00864958 0.0218483 0.0447058 0.0741094 0.0995409 0.108357 0.0956659 0.0686715 0.0404621 0.0203573 0.010197 0.00723372 0.00820116 0.0110743 0.0149007 0.019175 0.0234628 0.0273054 0.0302658 0.0320156 0.0324068 0.0314988 0.0295292 0.0268426 0.0238028 0.0207177 0.017797 0.0151471 0.0127937 0.0107158 0.00887803
 1.02211e-16 2.5957e-05 0.000152323 0.000724026 0.00278746 0.00869236 0.0219564 0.0449271 0.0744768 0.100036 0.1089 0.0961564 0.0690467 0.0407295 0.0205769 0.0104451 0.00757908 0.00869862 0.0117635 0.0158018 0.0202795 0.024726 0.028643 0.0315591 0.0331261 0.0331972 0.0318559 0.029383 0.0261772 0.0226568 0.019175 0.0159713 0.0131638 0.0107737 0.00876329 0.00707293
 1.0268e-16 2.11708e-05 0.000124216 0.000590387 0.00227289 0.00708766 0.0179032 0.0366345 0.0607342 0.0815899 0.0888534 0.0785352 0.0565676 0.0337188 0.0176837 0.0100394 0.00860347 0.010748 0.0148178 0.0199704 0.0256521 0.031298 0.0362849 0.0400175 0.0420529 0.0422003 0.0405578 0.0374719 0.0334394 0.0289839 0.0245509 0.0204458 0.0168248 0.0137234 0.0111032 0.00889732
 1.03615e-16 2.12415e-05 0.000124636 0.000592392 0.00228062 0.0071118 0.0179641 0.0367588 0.0609388 0.0818607 0.0891375 0.0787607 0.0566743 0.0336713 0.0174569 0.00959603 0.00788357 0.00967646 0.0133245 0.0180159 0.0232537 0.0285498 0.0333638 0.0371709 0.0395668 0.0403534 0.0395726 0.0374754 0.0344425 0.0308847 0.0271582 0.0235165 0.020104 0.0169789 0.0141501 0.0116088
 1.04181e-16 2.02562e-05 0.00011885 0.000564881 0.00217469 0.00678146 0.0171297 0.0350517 0.0581097 0.0780631 0.0850096 0.0751309 0.0541005 0.0322186 0.0168442 0.00948326 0.00804687 0.0100247 0.0138449 0.0187223 0.0241576 0.0296468 0.0346298 0.0385637 0.0410331 0.0418391 0.0410334 0.0388838 0.0357904 0.0321804 0.0284185 0.0247582 0.021336 0.0181982 0.0153418 0.0127491
 1.03871e-16 2.3554e-05 0.000138216 0.000656964 0.00252925 0.00788716 0.0199225 0.0407655 0.0675788 0.0907726 0.0988213 0.0872691 0.0626919 0.0370357 0.0188138 0.00972312 0.00727928 0.00852225 0.0116161 0.01569 0.0202636 0.0249048 0.0291465 0.0325363 0.0347259 0.035544 0.0350247 0.0333801 0.0309315 0.0280233 0.0249509 0.0219203 0.0190446 0.0163664 0.0138899 0.0116101
 1.03368e-16 2.28848e-05 0.000134284 0.000638262 0.00245723 0.00766256 0.0193553 0.0396052 0.0656566 0.088195 0.0960263 0.0848275 0.0609961 0.0361504 0.0185785 0.00994846 0.00786471 0.00946184 0.012951 0.0174586 0.0224662 0.0274811 0.0319678 0.0354138 0.037435 0.0378592 0.0367586 0.0344147 0.0312347 0.0276477 0.0240163 0.0205873 0.0174847 0.0147373 0.0123189 0.010186
 1.03594e-16 2.09796e-05 0.000123097 0.000585069 0.00225242 0.00702385 0.017742 0.0363044 0.0601863 0.0808519 0.0880442 0.0778073 0.0560157 0.0333348 0.0173825 0.00971336 0.00815757 0.0101088 0.0139338 0.0188167 0.0242407 0.0296884 0.0345877 0.0383872 0.040669 0.0412397 0.0401649 0.037734 0.0343723 0.0305324 0.0266009 0.0228455 0.0194083 0.0163324 0.0136036 0.0111881
 1.03527e-16 2.38223e-05 0.000139792 0.000664452 0.00255809 0.00797707 0.0201496 0.0412303 0.0683491 0.0918072 0.0999473 0.0882625 0.0634036 0.0374523 0.0190181 0.00981627 0.0073329 0.00857265 0.011677 0.0157634 0.0203447 0.0249827 0.0292044 0.0325527 0.0346764 0.0354047 0.0347758 0.0330092 0.030436 0.0274112 0.0242401 0.0211369 0.0182197 0.0155326 0.0130788 0.0108488
 1.03234e-16 2.29963e-05 0.000134939 0.000641373 0.00246921 0.00769991 0.0194496 0.0397982 0.0659765 0.0886246 0.0964938 0.0852396 0.0612905 0.0363212 0.0186594 0.00998057 0.00787667 0.00946754 0.0129551 0.0174615 0.0224661 0.0274749 0.0319512 0.0353814 0.0373808 0.0377773 0.036644 0.0342639 0.0310465 0.0274238 0.0237612 0.0203078 0.01719 0.0144374 0.0120242 0.0099061
 1.0388e-16 1.8806e-05 0.000110332 0.000524379 0.00201874 0.0062951 0.0159013 0.0325385 0.0539453 0.0724748 0.07894 0.0698045 0.0503476 0.0301491 0.0160653 0.00952353 0.00861374 0.0110257 0.0153008 0.0206821 0.0266441 0.0326276 0.0380048 0.0421692 0.0446614 0.0452691 0.0440654 0.0413698 0.0376516 0.0334103 0.0290725 0.0249337 0.021151 0.0177719 0.0147802 0.0121379
pSPR Fmed_Fpbrs
0.724532   0.255595 0.255595
Fs Fmed_Fpbrs
0.165911   1.005 1.005
SSBpbr Bo_Bmed_Bpbrs
1.4725e+06  993246  302738 302738
Ro
67507.9
SPR SPRFo_SPRFmed_SPRFpbrs
1.38815e+06 1.00576e+06 354805
log_Ro
10.94
likeval ReclasPelacesDesembMPH_pf_preclas_ppelaces_ptallas_desvR_qrecl_qpela
 217.748 52.8365 0.125686 0.00119639 346.827 219.11 81.3063 0 16.4008 0 0 0 0 0 0
q_reclas_q_pelaces
1 1
M
0.7
N
 112486 22620.2 8052.14 917.892 0.443389
 102015 50774.9 9281.23 3303.85 376.8
 64199.8 47212.2 21899.8 4003.09 1587.5
 70440.5 28498.3 18734 8689.92 2218.37
 103175 34195.9 13524.7 8890.8 5176.87
 89583.1 50944.7 16789.3 6640.29 6906.85
 132560 41231.2 21732.3 7162.08 5779.02
 112264 62871.1 18677 9844.36 5862.1
 123046 50625.9 25746.8 7648.58 6432.07
 111846 54473.5 19980.8 10161.6 5557.28
 69471.6 50057.6 21973.1 8059.71 6340.58
 44927.5 26940 15158.5 6653.94 4360.72
 44673.3 17569.6 8296.66 4668.34 3392.16
 29716.7 15546.4 4284.8 2023.36 1965.76
 22240.5 7971.5 2252.76 620.891 578.045
 22727.6 6835.56 1516.37 428.53 228.067
 21273.2 9406.85 2358.1 523.112 226.51
 25220.3 9342.1 3653.19 915.779 291.119
 28889.1 11580.7 3966.6 1551.12 512.442
 47080.1 13448.4 5053.75 1731.01 900.53
 67281.9 21988.2 5907.22 2219.86 1155.9
 84446.3 32462.3 10307.6 2769.18 1582.49
 143722 40361.3 14933.3 4741.71 2001.85
 208164 68295.2 18352.9 6790.4 3066.4
 212316 99506.4 31425.9 8445.07 4535.59
pred_Ctot
 7403.24 2857.64 1017.24 115.959 0.0560139
 5011.98 4839.03 884.534 314.869 35.9104
 4930.27 6911.1 3205.77 585.988 232.385
 1136.58 910.544 598.567 277.65 70.8788
 420.619 278.119 109.998 72.3098 42.104
 4733.82 5209.93 1716.98 679.078 706.338
 4292.84 2617.44 1379.61 454.662 366.863
 7460.12 8016.2 2381.36 1255.18 747.43
 9664.76 7571.24 3850.51 1143.87 961.933
 7988.98 7442.12 2729.76 1388.27 759.231
 11103.4 14449.4 6342.67 2326.48 1830.25
 6960.68 7562.7 4255.35 1867.92 1224.16
 9811.04 6694.62 3161.32 1778.8 1292.53
 10177.2 8476.29 2336.18 1103.19 1071.78
 6264.67 3732.35 1054.77 290.708 270.647
 2750.4 1532.54 339.972 96.0767 51.1328
 1782.15 1495.47 374.883 83.1625 36.0098
 1372.36 982.833 384.333 96.3443 30.6271
 1304.63 1017.03 348.351 136.221 45.0032
 2021.68 1124.59 422.609 144.752 75.3049
 1376.51 888.412 238.675 89.6913 46.7031
 2283.72 1726.65 548.257 147.291 84.1718
 4464.68 2459.85 910.121 288.987 122.005
 5609.22 3619.74 972.732 359.901 162.524
 4532.74 4193.05 1324.24 355.863 191.123
F
 0.0954244 0.190849 0.190849 0.190849 0.190849
 0.0704632 0.140926 0.140926 0.140926 0.140926
 0.112156 0.224312 0.224312 0.224312 0.224312
 0.0226616 0.0453232 0.0453232 0.0453232 0.0453232
 0.00568301 0.011366 0.011366 0.011366 0.011366
 0.0759704 0.151941 0.151941 0.151941 0.151941
 0.0459504 0.0919009 0.0919009 0.0919009 0.0919009
 0.096388 0.192776 0.192776 0.192776 0.192776
 0.114846 0.229692 0.229692 0.229692 0.229692
 0.103947 0.207895 0.207895 0.207895 0.207895
 0.247305 0.494611 0.494611 0.494611 0.494611
 0.23888 0.477759 0.477759 0.477759 0.477759
 0.355548 0.711095 0.711095 0.711095 0.711095
 0.615837 1.23167 1.23167 1.23167 1.23167
 0.479775 0.959551 0.959551 0.959551 0.959551
 0.18214 0.364281 0.364281 0.364281 0.364281
 0.122919 0.245838 0.245838 0.245838 0.245838
 0.0783105 0.156621 0.156621 0.156621 0.156621
 0.0646037 0.129207 0.129207 0.129207 0.129207
 0.0613423 0.122685 0.122685 0.122685 0.122685
 0.0288119 0.0576239 0.0576239 0.0576239 0.0576239
 0.038243 0.076486 0.076486 0.076486 0.076486
 0.0440415 0.0880831 0.0880831 0.0880831 0.0880831
 0.0381031 0.0762062 0.0762062 0.0762062 0.0762062
 0.0300822 0.0601644 0.0601644 0.0601644 0.0601644
YTP_r0W_actual
 50766.7 92247 43699.9 14626 8180.06
YTP_p0W_proyectada
 199544 1.05595e+06 700142 288445 129970
 199544 249021 279841 166017 70791.8
CTP_r0_actual
 4532.74 4193.05 1324.24 355.863 191.123
CTP_p0_proyectada
 23475.8 49343.4 22440.4 7087.1 2795.04
 23475.8 11636.5 8969.26 4079.05 1522.4
Wmedp
 8.5 21.4 31.2 40.7 46.5
nmprior
 10.6 11 7 0
nm_flota  nm_reclas  nm_pelaces    nm_pelaL
inf 12.0137 15.3857 34.9343
cv_recla  cv_pelaces  cv_mph
1.33475 0.824212 1.12221
 ------------------------------------------------
Talla a la edad & desviaci?n 
 7.2 14.2025 17.0495 18.207 18.6776
 1.08 2.13037 2.55742 2.73105 2.80164
