years
 1997 1998 1999 2000 2001 2002 2003 2004 2005 2006 2007 2008 2009 2010 2011 2012 2013 2014 2015 2016 2017 2018 2019 2020 2021
reclasobs
 0 0 0 370054 412103 1.49427e+06 250295 1.28982e+06 931140 785840 897777 1.04006e+06 184774 17550 25797 100020 73551 82996 120727 218422 84188 347160 605670 569463 516374
reclaspred
 2.37507e+06 295630 374007 99703.6 229096 236675 507159 447437 553891 1.05244e+06 971120 605993 371766 163770 98172.9 93305.7 102529 120874 100347 166617 300783 262550 427651 500354 428810
pelacesobs
 0 0 0 0 0 0 0 0 0 2.06254e+06 1.5e+06 0 1.87456e+06 323000 250000 174000 83755 137374 0 501740 490994 745055 786931 1.00524e+06 1.33801e+06
pelacespred
 1.30619e+06 509090 137363 88103.4 197411 128967 463036 382054 473151 935575 681943 415801 295649 100224 63193.1 63163.3 71295 85317 67924.8 124285 245101 200235 260203 349242 265924
mphobs
 0 0 0 0 0 112323 0 153150 637223 0 255016 313432 73983 77613 109348 50772 0 0 0 0 0 0 0 0 0
mphpred
 911356 392361 160375 70600.1 41783.1 126817 129404 183128 200664 272398 516322 346784 177940 109693 46324.4 37020.7 40459.1 47466.5 49463.3 44682 98906.8 129390 139742 199374 228062
desembarqueobs
 350755 77701 442110 56441 14545 235359 269955 359681 431902 328805 639364 411747 362871 311530 167758 66681 60226 58785 57116 73181 50977 67692 138656 160484 209506
desembarquepred
 350745 77683.2 441586 56417.9 14543.4 235165 269827 359051 431389 328527 638588 411341 362190 310987 167394 66625.3 60198.8 58739.1 57062.8 73097.1 50962.4 67649.7 138566 160395 209398
Reclutas
 3748.78 5829.99 740.253 4640.92 55035.2 12933.8 55054.1 71751.8 83096.5 219837 47316.9 18259.1 59002.3 22268.8 14674.1 14366.6 9495.12 9424.62 6482.68 27531.2 29439.3 26112.6 57878.3 46809.2 822.24
log_desv_Rt
 -1.57082 -1.12923 -3.19301 -1.35733 1.11573 -0.3324 1.11607 1.38097 1.52776 2.50064 0.964624 0.012418 1.18533 0.21094 -0.206161 -0.227339 -0.641467 -0.648919 -1.02311 0.423075 0.490084 0.370175 1.1661 0.953835 -3.08797
SSB
 2.15496e+06 927765 379218 166939 98799.1 299867 305985 433020 474485 644103 1.22088e+06 819996 420751 259376 109537 87538.1 95668.4 112238 116959 105654 233872 305951 330431 471435 539268
BT
 2.55695e+06 1.08241e+06 497294 225749 366202 413728 1.03155e+06 1.06502e+06 1.23731e+06 1.97834e+06 1.77341e+06 1.11215e+06 889416 473215 250882 167731 177342 200465 171906 283747 479030 423773 566456 758203 646233
Ftot
 0.141913 0.215573 0.89511 0.503183 0.171446 1.09167 0.962283 1.58056 1.44299 0.739814 0.751516 0.614921 1.27932 2.22899 2.43859 1.06231 0.828965 0.63461 0.642983 0.855101 0.262423 0.301273 0.419248 0.408294 0.443205
BD_Bspro_t
 0.981997 0.866333 0.643655 0.298906 0.348742 0.673529 0.482748 0.513525 0.486055 0.514752 0.632759 0.458688 0.308838 0.24857 0.140271 0.139538 0.19802 0.293636 0.35547 0.389375 0.609816 0.723078 0.702486 0.711203 0.679071
BD_Bspro
 5.81128 2.5019 1.02263 0.450183 0.266431 0.80865 0.825149 1.16772 1.27954 1.73695 3.29234 2.21128 1.13464 0.699458 0.295388 0.236063 0.257988 0.302671 0.315403 0.284916 0.630681 0.825055 0.89107 1.27131 1.45424
BD_Bo
 2.22998 0.960061 0.392419 0.17275 0.102238 0.310306 0.316637 0.448094 0.491002 0.666525 1.26338 0.848541 0.435398 0.268405 0.11335 0.0905854 0.0989987 0.116145 0.121031 0.109332 0.242013 0.316601 0.341933 0.487846 0.55804
BD_Brms
 6.16871 2.65578 1.08553 0.477872 0.282818 0.858387 0.8759 1.23954 1.35824 1.84378 3.49484 2.34728 1.20442 0.742479 0.313557 0.250583 0.273856 0.321287 0.334803 0.30244 0.669472 0.875801 0.945877 1.34951 1.54368
S_f
 0.104739 0.690085 0.976948 0.998762 0.999935
 0.104739 0.690085 0.976948 0.998762 0.999935
 0.104739 0.690085 0.976948 0.998762 0.999935
 0.104739 0.690085 0.976948 0.998762 0.999935
 0.104739 0.690085 0.976948 0.998762 0.999935
 0.104739 0.690085 0.976948 0.998762 0.999935
 0.104739 0.690085 0.976948 0.998762 0.999935
 0.104739 0.690085 0.976948 0.998762 0.999935
 0.104739 0.690085 0.976948 0.998762 0.999935
 0.104739 0.690085 0.976948 0.998762 0.999935
 0.104739 0.690085 0.976948 0.998762 0.999935
 0.104739 0.690085 0.976948 0.998762 0.999935
 0.104739 0.690085 0.976948 0.998762 0.999935
 0.104739 0.690085 0.976948 0.998762 0.999935
 0.104739 0.690085 0.976948 0.998762 0.999935
 0.104739 0.690085 0.976948 0.998762 0.999935
 0.104739 0.690085 0.976948 0.998762 0.999935
 0.104739 0.690085 0.976948 0.998762 0.999935
 0.104739 0.690085 0.976948 0.998762 0.999935
 0.104739 0.690085 0.976948 0.998762 0.999935
 0.104739 0.690085 0.976948 0.998762 0.999935
 0.104739 0.690085 0.976948 0.998762 0.999935
 0.104739 0.690085 0.976948 0.998762 0.999935
 0.104739 0.690085 0.976948 0.998762 0.999935
 0.104739 0.690085 0.976948 0.998762 0.999935
Scru_reclas
 0.727932 0.930868 0.985458 0.997076 0.999418
 0.727932 0.930868 0.985458 0.997076 0.999418
 0.727932 0.930868 0.985458 0.997076 0.999418
 0.727932 0.930868 0.985458 0.997076 0.999418
 0.727932 0.930868 0.985458 0.997076 0.999418
 0.727932 0.930868 0.985458 0.997076 0.999418
 0.727932 0.930868 0.985458 0.997076 0.999418
 0.727932 0.930868 0.985458 0.997076 0.999418
 0.727932 0.930868 0.985458 0.997076 0.999418
 0.727932 0.930868 0.985458 0.997076 0.999418
 0.727932 0.930868 0.985458 0.997076 0.999418
 0.727932 0.930868 0.985458 0.997076 0.999418
 0.727932 0.930868 0.985458 0.997076 0.999418
 0.727932 0.930868 0.985458 0.997076 0.999418
 0.727932 0.930868 0.985458 0.997076 0.999418
 0.727932 0.930868 0.985458 0.997076 0.999418
 0.727932 0.930868 0.985458 0.997076 0.999418
 0.727932 0.930868 0.985458 0.997076 0.999418
 0.727932 0.930868 0.985458 0.997076 0.999418
 0.727932 0.930868 0.985458 0.997076 0.999418
 0.727932 0.930868 0.985458 0.997076 0.999418
 0.727932 0.930868 0.985458 0.997076 0.999418
 0.727932 0.930868 0.985458 0.997076 0.999418
 0.727932 0.930868 0.985458 0.997076 0.999418
 0.727932 0.930868 0.985458 0.997076 0.999418
Scru_pelaces
 1 1 1 1 1
 1 1 1 1 1
 1 1 1 1 1
 1 1 1 1 1
 1 1 1 1 1
 1 1 1 1 1
 1 1 1 1 1
 1 1 1 1 1
 1 1 1 1 1
 1 1 1 1 1
 1 1 1 1 1
 1 1 1 1 1
 1 1 1 1 1
 1 1 1 1 1
 1 1 1 1 1
 1 1 1 1 1
 1 1 1 1 1
 1 1 1 1 1
 1 1 1 1 1
 1 1 1 1 1
 1 1 1 1 1
 1 1 1 1 1
 1 1 1 1 1
 1 1 1 1 1
 1 1 1 1 1
pf_obs 
 0.256992 0.487395 0.22802 0.0275931 0
 0.321318 0.546541 0.124235 0.00734118 0.000564706
 0.182869 0.594174 0.210203 0.0122559 0.00049798
 0.330522 0.361315 0.267642 0.0388342 0.00168674
 0.649043 0.306663 0.0425973 0.00169635 0
 0.582887 0.30429 0.105238 0.00758474 0
 0.465427 0.430635 0.0974691 0.00646863 0
 0.296916 0.608066 0.0921331 0.00288517 0
 0.311714 0.524322 0.152257 0.0117073 0
 0.15457 0.633149 0.183074 0.0267441 0.00246327
 0.131901 0.49318 0.331252 0.0422183 0.00144891
 0.196976 0.569456 0.194076 0.0375587 0.00193317
 0.518974 0.381816 0.0799577 0.0180837 0.00116848
 0.0928022 0.601141 0.25162 0.0475244 0.00691264
 0.122501 0.610282 0.24278 0.0234846 0.000952079
 0.383417 0.481906 0.127806 0.00687128 0
 0.0376549 0.599619 0.316969 0.0457579 0
 0.0361596 0.667082 0.258105 0.0386534 0
 0.158088 0.579412 0.248529 0.0139706 0
 0.0477256 0.309471 0.559284 0.082774 0.000745712
 0.0406174 0.521527 0.379366 0.0568643 0.0016247
 0.151134 0.462217 0.34131 0.0453401 0
 0.294876 0.26143 0.354403 0.0886775 0.000613685
 0.281977 0.475581 0.204845 0.0348837 0.00271318
 0.0841818 0.532909 0.334909 0.0458182 0.00218182
pf_pred 
 0.00590897 0.656805 0.299108 0.0381757 1.69244e-06
 0.0160702 0.0315302 0.699921 0.224472 0.0280058
 0.00560637 0.113714 0.0404551 0.621414 0.21881
 0.117447 0.0492263 0.148757 0.0324783 0.652091
 0.678752 0.170038 0.0126606 0.0253273 0.113222
 0.0812695 0.856467 0.0387847 0.00201055 0.0214684
 0.428241 0.232844 0.3252 0.00866691 0.00504894
 0.358345 0.565529 0.0406117 0.0341249 0.00138913
 0.331285 0.567214 0.0948671 0.00361297 0.003021
 0.479616 0.425412 0.0865061 0.00793506 0.000531418
 0.0688659 0.805995 0.109727 0.0140775 0.00133535
 0.047324 0.318552 0.577806 0.0495701 0.00674735
 0.298489 0.209729 0.215912 0.252026 0.0238444
 0.153831 0.716114 0.056762 0.0329036 0.0403887
 0.23656 0.550059 0.197511 0.00715402 0.00871638
 0.291333 0.584962 0.105813 0.0166351 0.00125667
 0.174556 0.631889 0.172102 0.0184454 0.00300796
 0.190193 0.491422 0.26766 0.045264 0.00546089
 0.14217 0.539917 0.22464 0.0787809 0.0144918
 0.484159 0.283307 0.169154 0.0451772 0.0182024
 0.25157 0.658443 0.0598282 0.0221361 0.00802326
 0.163067 0.542219 0.269521 0.0168886 0.00830555
 0.296458 0.381675 0.234736 0.0798539 0.00727742
 0.174091 0.608343 0.139336 0.0574621 0.0207688
 0.003526 0.563144 0.350045 0.0538498 0.0294359
pobs_RECLAS
 0 0 0 0 0
 0 0 0 0 0
 0 0 0 0 0
 0 0 0 0 0
 0.835266 0.146461 0.0176864 0.000547809 3.91292e-05
 0.385257 0.428462 0.181853 0.0044286 0
 0.867414 0.0963971 0.0333333 0.00285562 0
 0.441836 0.489002 0.0689373 0.000224442 0
 0.779404 0.147425 0.0564933 0.0165055 0.000172143
 0.814271 0.122319 0.05973 0.00367925 0
 0.40263 0.566651 0.0304383 0.000280538 0
 0.475488 0.404961 0.113038 0.00651328 0
 0.955842 0.0263864 0.0167828 0.000988607 0
 0.975058 0.0227948 0.00214734 0 0
 0.738997 0.206755 0.0527124 0.00153531 0
 0.850938 0.134255 0.0134407 0.00136685 0
 0.542534 0.407297 0.0501686 0 0
 0.764087 0.199537 0.0359546 0.000420521 0
 0.470689 0.182191 0.310203 0.0369168 0
 0.84361 0.089868 0.0606195 0.00523954 0.000663233
 0.607945 0.314616 0.071237 0.00620181 0
 0.523733 0.453247 0.0230204 0 0
 0.530135 0.295979 0.169645 0.0042399 0
 0.562478 0.366248 0.0663022 0.0049721 0
 0.250443 0.683176 0.0655157 0.000865301 0
ppred_RECLAS
 0.0326036 0.699743 0.23764 0.0300113 1.33203e-06
 0.101549 0.0383558 0.633856 0.201118 0.025121
 0.0389713 0.146637 0.0378612 0.574152 0.202378
 0.484127 0.0385347 0.085938 0.0185497 0.372851
 0.925883 0.0447333 0.00248221 0.00491311 0.0219888
 0.330209 0.636704 0.0207096 0.00105893 0.0113183
 0.829148 0.0832511 0.0840989 0.0022121 0.00128998
 0.767354 0.212849 0.0106418 0.00879685 0.000358398
 0.74467 0.226828 0.026665 0.000999848 0.000836772
 0.838025 0.13927 0.0207036 0.00187603 0.000125774
 0.290739 0.637094 0.0633736 0.00803144 0.000762652
 0.24229 0.307836 0.410342 0.0347909 0.00474084
 0.748471 0.0948408 0.0693555 0.079778 0.00755496
 0.538399 0.412626 0.0216209 0.0122758 0.0150776
 0.681364 0.254662 0.0593126 0.0021009 0.00256106
 0.702215 0.258528 0.0336443 0.00521796 0.000394574
 0.548043 0.369633 0.0732989 0.00775788 0.00126644
 0.581912 0.283475 0.113377 0.0189474 0.00228841
 0.494087 0.353599 0.107995 0.0374266 0.00689214
 0.852092 0.0927407 0.0402659 0.0106186 0.00428285
 0.643596 0.323632 0.0218651 0.00800296 0.00290402
 0.527715 0.33654 0.124252 0.00770144 0.00379179
 0.715133 0.175598 0.0799281 0.0268878 0.00245316
 0.542683 0.361872 0.0613645 0.0250258 0.0090554
 0.0205334 0.624711 0.287168 0.0436824 0.023905
pobs_PELACES
 0 0 0 0 0
 0 0 0 0 0
 0 0 0 0 0
 0 0 0 0 0
 0 0 0 0 0
 0 0 0 0 0
 0 0 0 0 0
 0 0 0 0 0
 0 0 0 0 0
 0 0 0 0 0
 0.450072 0.473896 0.0757376 0.000293798 0
 0 0 0 0 0
 0.463077 0.371075 0.160297 0.00555027 0
 0.529543 0.364841 0.0842815 0.0213345 0
 0.631943 0.363953 0.00410389 0 0
 0.735681 0.248677 0.0153453 0.000297389 0
 0.695825 0.281241 0.0229344 0 0
 0.275771 0.60734 0.115278 0.00161068 0
 0 0 0 0 0
 0.896147 0.0623911 0.0374545 0.00400742 0
 0.803859 0.145111 0.0509908 3.86294e-05 0
 0.739449 0.233085 0.0266225 0.000797448 4.60066e-05
 0.878498 0.100942 0.0204185 0.000141795 0
 0.694673 0.275183 0.0284847 0.00165964 0
 0.469039 0.446079 0.0841089 0.000773354 0
ppred_PELACES
 0.0432106 0.705605 0.223336 0.0278477 1.23304e-06
 0.140006 0.0396665 0.606695 0.189962 0.0236699
 0.0658204 0.162919 0.0365066 0.543645 0.19111
 0.596126 0.0336683 0.0676266 0.0143749 0.288204
 0.944678 0.0345286 0.00178069 0.0034792 0.0155337
 0.439605 0.536825 0.0148743 0.000745813 0.00794953
 0.889431 0.0579891 0.0505167 0.00130422 0.000758491
 0.853385 0.136405 0.00554681 0.00448047 0.000182003
 0.834106 0.15035 0.0145638 0.000534152 0.000445735
 0.885894 0.0997981 0.0130661 0.00116396 7.78296e-05
 0.380313 0.563636 0.0493239 0.00614473 0.000581957
 0.330069 0.291209 0.345939 0.0288607 0.0039226
 0.845204 0.0654127 0.0400315 0.0450935 0.00425824
 0.70203 0.27354 0.0109635 0.00605433 0.00741232
 0.821842 0.149969 0.0261927 0.000900999 0.00109473
 0.790626 0.185393 0.0206098 0.0031351 0.000236419
 0.65078 0.29245 0.0506462 0.00526636 0.00085742
 0.676144 0.227857 0.0810649 0.0133285 0.00160561
 0.594318 0.293757 0.079744 0.0271877 0.00499367
 0.901424 0.06504 0.0246004 0.00637251 0.00256337
 0.709975 0.26538 0.0165208 0.00596511 0.00215926
 0.60808 0.286106 0.0969747 0.0059278 0.00291136
 0.78326 0.138698 0.0573145 0.0189985 0.00172902
 0.626258 0.301795 0.0465093 0.0186915 0.00674645
 0.0293777 0.641591 0.267143 0.0400349 0.0218538
pobs_pel_tallas
 0 0 0 0 0 0 0 0 0 0 0 0 0 0 0 0 0 0 0 0 0 0 0 0 0 0 0 0 0 0 0 0 0 0 0 0
 0 0 0 0 0 0 0 0 0 0 0 0 0 0 0 0 0 0 0 0 0 0 0 0 0 0 0 0 0 0 0 0 0 0 0 0
 0 0 0 0 0 0 0 0 0 0 0 0 0 0 0 0 0 0 0 0 0 0 0 0 0 0 0 0 0 0 0 0 0 0 0 0
 0 0 0 0 0 0 0 0 0 0 0 0 0 0 0 0 0 0 0 0 0 0 0 0 0 0 0 0 0 0 0 0 0 0 0 0
 0 0 0 0 0 0 0 0 0 0 0 0 0 0 0 0 0 0 0 0 0 0 0 0 0 0 0 0 0 0 0 0 0 0 0 0
 0 0 0 0 0 0 0 0 0 0 0 0 0 0 0 0 0 0 0 0 0 0 0 0 0 0 0 0 0 0 0 0 0 0 0 0
 0 0 0 0 0 0 0 0 0 0 0 0 0 0 0 0 0 0 0 0 0 0 0 0 0 0 0 0 0 0 0 0 0 0 0 0
 0 0 0 0 0 0 0 0 0 0 0 0 0 0 0 0 0 0 0 0 0 0 0 0 0 0 0 0 0 0 0 0 0 0 0 0
 0 0 0 0 0 0 0 0 0 0 0 0 0 0 0 0 0 0 0 0 0 0 0 0 0 0 0 0 0 0 0 0 0 0 0 0
 0 0 0 0 0 0 0 0 0 0 0 0 0 0 0 0 0 0 0 0 0 0 0 0 0 0 0 0 0 0 0 0 0 0 0 0
 0 0 0 0 0 0 0 0 1.78061e-05 0.00172719 0.00360574 0.0105946 0.0120993 0.0124554 0.0147524 0.0171206 0.0266825 0.0428682 0.0675386 0.121331 0.153587 0.119568 0.100827 0.0573624 0.0630603 0.0341343 0.0324427 0.0444173 0.0211091 0.0280891 0.0125444 0.00206551 0 0 0 0
 0 0 0 0 0 0 0 0 0 0 0 0 0 0 0 0 0 0 0 0 0 0 0 0 0 0 0 0 0 0 0 0 0 0 0 0
 0 0 0 0 0 0 0.0133647 0.0140871 0.0187388 0.0205184 0.03894 0.0496705 0.03968 0.0493445 0.0407372 0.0367815 0.0215668 0.0243155 0.0234873 0.0199281 0.019796 0.0243948 0.0301388 0.0376714 0.0412746 0.0863199 0.0771752 0.113111 0.0741005 0.0525337 0.0229764 0.00759418 0.00175318 0 0 0
 0 0 0 0 0 0 0 0 0 0 0.00219441 0.00772107 0.0458388 0.0604681 0.0671733 0.0775358 0.0609151 0.0617685 0.073594 0.0568108 0.0755445 0.0548602 0.0670107 0.0636378 0.0643287 0.046367 0.0373049 0.0286899 0.0247887 0.0153202 0.00654259 0.00121912 0.000365735 0 0 0
 0 0 0 0 0 0 0 0 0 0 0 0 0.000112435 0.00938835 0.0111873 0.0202946 0.0414886 0.0713402 0.111592 0.104902 0.108894 0.110636 0.117776 0.105296 0.107544 0.0401394 0.0192827 0.0124803 0.00416011 0.0028671 0.000618394 0 0 0 0 0
 0 0 0 0 0 0 0 0 0 0 0.00291406 0.0102884 0.027416 0.0768956 0.0749926 0.110853 0.0956884 0.0897413 0.0766577 0.0534642 0.0500743 0.0551293 0.0594112 0.0620874 0.0668451 0.0424026 0.0208742 0.0120726 0.0048766 0.00582813 0.00118941 0.000297354 0 0 0 0
 0 0.00264628 0.0354308 0.0461629 0.0458689 0.0383711 0.0214643 0.0164657 0.0346957 0.0420465 0.0363128 0.0245516 0.0311673 0.0291091 0.0169068 0.0133784 0.00837989 0.0085269 0.0148486 0.0160247 0.0276389 0.0546898 0.0760071 0.122758 0.109233 0.0665981 0.0333725 0.0166128 0.00676272 0.00308733 0.000882094 0 0 0 0 0
 0 0 0 0 0 0 0 0.000805153 0.000690131 0.00759144 0.0133425 0.0154129 0.00931677 0.000345066 0.00356568 0.00563607 0.00851162 0.0253048 0.0502646 0.0516448 0.0657925 0.0565908 0.0611916 0.0827007 0.0866115 0.110766 0.145733 0.0935128 0.0569358 0.0249597 0.0138026 0.00621118 0.00161031 0.00115022 0 0
 0 0 0 0 0 0 0 0 0 0 0 0 0 0 0 0 0 0 0 0 0 0 0 0 0 0 0 0 0 0 0 0 0 0 0 0
 0.00147267 0.00158595 0.00478618 0.00569244 0.00954404 0.0108468 0.00647125 0.017049 0.0510054 0.094081 0.124002 0.0959785 0.0687766 0.0820023 0.061753 0.0591476 0.0492212 0.0479892 0.0443925 0.0268479 0.0217502 0.0140895 0.0121071 0.0120363 0.00920419 0.00665534 0.0049561 0.00860946 0.00930331 0.0156896 0.0114698 0.00855282 0.00243557 0.00046729 0 2.83206e-05
 0 0 0 0 0.000772559 0.00158375 0.000888443 0.00281984 0.00712685 0.0440552 0.0773331 0.111326 0.0921469 0.0852325 0.0710754 0.0886704 0.0786465 0.0553345 0.0373146 0.0185414 0.00753245 0.00457741 0.012979 0.0271748 0.0457355 0.0583668 0.034881 0.0177882 0.00938659 0.00492506 0.0015258 0.00185414 0.000309023 5.79419e-05 3.86279e-05 0
 0 0.00173294 0.00326652 0 0.00397197 0.00683976 0.00946217 0.0152591 0.00757587 0.0136028 0.0228656 0.0392903 0.0559909 0.0764795 0.0681675 0.0726916 0.0566044 0.0477403 0.0527397 0.0444891 0.0609904 0.0582453 0.0661739 0.0445044 0.0529084 0.0360697 0.0280645 0.0235558 0.0158879 0.00826598 0.00280645 0.00217768 0.000904811 0.00058276 9.20147e-05 0
 0 0 0 0 0 0 0 0 0 0 0 0 0 0 0 0 0 0 0 0 0 0 0 0 0 0 0 0 0 0 0 0 0 0 0 0
 0 0 0 0 0 0 0 0 0 0 0 0 0 0 0 0 0 0 0 0 0 0 0 0 0 0 0 0 0 0 0 0 0 0 0 0
 0 0 0 0 0 0 0 0 0 0 0 0 0 0 0 0 0 0 0 0 0 0 0 0 0 0 0 0 0 0 0 0 0 0 0 0
ppred_pel_tallas
 1.04357e-16 1.92596e-06 1.12023e-05 5.30377e-05 0.000203842 0.000635343 0.00160561 0.00329094 0.00547658 0.00741989 0.0082457 0.00768105 0.0063883 0.00552527 0.00604317 0.0083969 0.0127056 0.018965 0.0270694 0.0366994 0.0472229 0.0577 0.0670068 0.0740495 0.0780028 0.0784937 0.0756722 0.0701421 0.0627869 0.0545508 0.0462493 0.0384581 0.0314926 0.0254553 0.0203154 0.0159834
 1.16259e-16 6.12046e-06 3.58871e-05 0.000170524 0.000656416 0.00204684 0.00517014 0.0105794 0.0175392 0.0235631 0.0256637 0.022691 0.0163622 0.00979703 0.00523839 0.00318216 0.00306898 0.00425292 0.00641926 0.00953675 0.0136884 0.0189471 0.0253047 0.0326317 0.0406552 0.0489569 0.0569971 0.0641634 0.0698439 0.0735123 0.0748094 0.0736026 0.0700114 0.0643876 0.0572596 0.0492485
 1.28182e-16 2.8883e-06 1.69059e-05 8.02726e-05 0.000308905 0.00096313 0.00243291 0.00497951 0.00825988 0.0111105 0.0121371 0.0108171 0.00798706 0.00515713 0.00344112 0.00314435 0.00408033 0.00601147 0.00882728 0.0125057 0.0170274 0.0223257 0.0282795 0.0347288 0.0414953 0.0483928 0.0552216 0.0617489 0.0676878 0.0726924 0.0763801 0.0783834 0.0784191 0.0763531 0.0722454 0.0663552
 1.14932e-16 2.60074e-05 0.000152646 0.00072562 0.00279369 0.00871187 0.0220054 0.0450252 0.0746317 0.100221 0.10904 0.0961334 0.0687117 0.0398931 0.0189782 0.00772156 0.00326634 0.00227529 0.00274435 0.00386894 0.00542911 0.00739233 0.00975774 0.0125111 0.0156128 0.0189907 0.0225359 0.0260982 0.0294884 0.0324894 0.0348762 0.0364442 0.0370406 0.03659 0.0351092 0.0327083
 1.00883e-16 4.12064e-05 0.000241876 0.00114983 0.00442699 0.0138053 0.0348708 0.0713487 0.118263 0.158807 0.172768 0.152286 0.108777 0.0630088 0.0296926 0.0115672 0.00404903 0.00177766 0.00149106 0.00181791 0.00231072 0.00282725 0.00329773 0.0036702 0.00390858 0.00399885 0.00395125 0.00379576 0.00357265 0.00332126 0.00307104 0.00283719 0.00262143 0.00241643 0.00221171 0.00199877
 1.00784e-16 1.92033e-05 0.000112652 0.000535378 0.00206104 0.00642699 0.0162346 0.0332215 0.0550812 0.0740114 0.0806416 0.0713756 0.0516247 0.0312006 0.0171432 0.0109541 0.0107199 0.0140937 0.0195524 0.0262272 0.0334191 0.0403432 0.04613 0.0499691 0.0512924 0.0499135 0.0460757 0.0403847 0.0336561 0.0267257 0.0202858 0.0147875 0.0104231 0.00717082 0.00487268 0.00331367
 1.00817e-16 3.87985e-05 0.000227737 0.0010826 0.00416815 0.0129981 0.0328319 0.0671773 0.111349 0.149526 0.162679 0.14341 0.102474 0.0594352 0.0281544 0.0112264 0.00435224 0.00249958 0.00260558 0.00337679 0.00437553 0.00543688 0.00645237 0.00732465 0.00797348 0.00834875 0.00843743 0.00826075 0.00786392 0.00730258 0.00663106 0.00589552 0.00513253 0.00437096 0.00363491 0.00294552
 1.00286e-16 3.72298e-05 0.00021852 0.00103877 0.00399936 0.0124717 0.0315024 0.0644576 0.106844 0.143482 0.156121 0.137672 0.0984669 0.0572976 0.0274916 0.0115687 0.00543193 0.00426765 0.00512663 0.00672166 0.00854709 0.0103267 0.0118256 0.012836 0.0132121 0.0129051 0.0119739 0.0105694 0.00889524 0.00716045 0.0055383 0.00414198 0.00302021 0.00216877 0.00155001 0.00111254
 1.00296e-16 3.63897e-05 0.000213587 0.00101531 0.00390904 0.01219 0.030791 0.0630021 0.104431 0.140244 0.152602 0.134579 0.0962769 0.0560678 0.0269851 0.0114998 0.00561573 0.0046339 0.00567297 0.00746867 0.00951193 0.0115098 0.0132051 0.0143671 0.0148322 0.014542 0.0135567 0.0120372 0.0102038 0.00828446 0.0064701 0.00488784 0.00359595 0.00259567 0.00185172 0.00131299
 1.00262e-16 3.86458e-05 0.000226837 0.00107832 0.00415164 0.0129466 0.0327019 0.0669115 0.11091 0.148939 0.162049 0.142876 0.102139 0.0593324 0.0282775 0.0115721 0.00494658 0.00339314 0.003852 0.00500677 0.00637304 0.00772231 0.00887764 0.00968446 0.0100328 0.00988174 0.00926815 0.00829549 0.00710663 0.00585005 0.00465063 0.00359226 0.00271454 0.00202045 0.00148959 0.00109142
 1.01123e-16 1.6619e-05 9.74775e-05 0.000463232 0.00178324 0.00556069 0.0140464 0.0287446 0.0476615 0.0640511 0.0698136 0.0618499 0.0448617 0.0273664 0.015494 0.0105903 0.0110468 0.0148675 0.0207414 0.0278812 0.0355963 0.0430758 0.0494086 0.0537383 0.0554551 0.0543421 0.0506277 0.0449183 0.0380416 0.0308537 0.0240698 0.0181647 0.013354 0.00963898 0.00688375 0.00489377
 1.06181e-16 1.44178e-05 8.45778e-05 0.000401956 0.00154741 0.0048253 0.0121886 0.0249414 0.0413507 0.0555558 0.0605165 0.0535245 0.0386311 0.023187 0.0124608 0.00756776 0.00707511 0.00925567 0.0130473 0.0179343 0.0235794 0.0296066 0.0355577 0.0409435 0.0453271 0.0483968 0.0500053 0.0501644 0.0490057 0.0467267 0.0435457 0.0396763 0.0353231 0.0306871 0.0259708 0.0213737
 1.02339e-16 3.68702e-05 0.000216416 0.00102878 0.00396092 0.0123518 0.0311995 0.0638374 0.105814 0.142093 0.154595 0.136291 0.0974028 0.0565247 0.0268345 0.0108042 0.0043555 0.00271345 0.0029729 0.00390717 0.00509895 0.00638633 0.00765833 0.00881357 0.00976764 0.0104662 0.0108907 0.0110541 0.0109883 0.0107299 0.01031 0.00974984 0.00906417 0.0082675 0.00738066 0.00643371
 1.008e-16 3.06355e-05 0.000179794 0.000854632 0.00329034 0.0102606 0.0259175 0.0530315 0.0879088 0.118069 0.128508 0.113413 0.081316 0.0477206 0.0236516 0.0112528 0.00722297 0.0076493 0.0101059 0.0134646 0.0171599 0.0207443 0.0237673 0.0258154 0.0265979 0.0260164 0.0241893 0.0214176 0.0181078 0.0146765 0.0114678 0.00870532 0.00648342 0.00479114 0.00355152 0.00266137
 1.00503e-16 3.58549e-05 0.000210447 0.00100039 0.00385158 0.0120108 0.0303383 0.0620759 0.102896 0.138183 0.15036 0.132604 0.0948678 0.0552557 0.0266106 0.0113692 0.00559644 0.00466551 0.00574015 0.00757692 0.00967538 0.0117465 0.0135344 0.0148073 0.0153977 0.0152402 0.0143852 0.0129823 0.0112406 0.00937868 0.00758147 0.00597459 0.00461947 0.00352451 0.0026643 0.00199858
 1.00472e-16 3.44952e-05 0.000202461 0.000962414 0.00370535 0.0115548 0.0291865 0.0597195 0.0989917 0.132943 0.144668 0.127607 0.0913426 0.0533031 0.0258582 0.0113698 0.00606893 0.00551511 0.00697845 0.00924346 0.011789 0.0142797 0.0164033 0.0178759 0.0184948 0.0181859 0.0170204 0.0151932 0.012972 0.0106343 0.00841276 0.0064626 0.00485571 0.00359511 0.00264001 0.00193088
 1.01036e-16 2.84017e-05 0.000166677 0.000792269 0.00305022 0.00951176 0.0240261 0.0491617 0.0814953 0.109459 0.119147 0.105176 0.0754637 0.0443944 0.0222049 0.0109035 0.00745146 0.00823943 0.0110263 0.0147574 0.0188796 0.0229293 0.0264262 0.0289211 0.0300879 0.0297985 0.0281506 0.025435 0.0220579 0.0184441 0.0149525 0.0118269 0.00918604 0.00704624 0.00535831 0.0040448
 1.01759e-16 2.95051e-05 0.000173161 0.000823107 0.00316897 0.00988211 0.0249615 0.0510752 0.084665 0.11371 0.123757 0.109205 0.0782667 0.0458667 0.0226152 0.0105691 0.00654447 0.00677644 0.00894544 0.0119986 0.0154413 0.0189034 0.0220108 0.0244077 0.0258241 0.0261331 0.025374 0.0237309 0.0214771 0.0189067 0.0162748 0.0137628 0.0114728 0.00944223 0.0076694 0.00613576
 1.02396e-16 2.59397e-05 0.000152223 0.000723553 0.00278564 0.00868669 0.0219421 0.0448976 0.0744277 0.0999689 0.108825 0.0960828 0.0689792 0.0406607 0.0204889 0.0103144 0.00738031 0.00840734 0.0113599 0.0152763 0.019639 0.0239988 0.0278804 0.0308312 0.0325128 0.0327747 0.0316829 0.0294896 0.0265597 0.0232791 0.0199763 0.0168773 0.0140994 0.0116725 0.00957512 0.00776663
 1.0071e-16 3.93216e-05 0.000230808 0.0010972 0.00422436 0.0131733 0.0332746 0.0680832 0.112851 0.151543 0.164873 0.145347 0.103863 0.0602483 0.0285539 0.0114092 0.00445631 0.00259279 0.0027094 0.00348724 0.00447224 0.00548585 0.0064086 0.00713735 0.00759437 0.00774196 0.00758874 0.00718354 0.00660007 0.00591763 0.00520471 0.00450976 0.00385994 0.00326573 0.00272811 0.00224471
 1.00627e-16 3.09816e-05 0.000181826 0.000864297 0.00332755 0.0103766 0.0262107 0.0536313 0.0889027 0.119403 0.129957 0.114686 0.0822153 0.0482216 0.0238503 0.0112649 0.00712245 0.00746327 0.00983463 0.0131011 0.0167014 0.0201983 0.0231535 0.0251638 0.0259445 0.025397 0.0236327 0.0209402 0.017712 0.0143516 0.0111946 0.0084615 0.00624892 0.00455199 0.00330156 0.00240182
 1.0181e-16 2.65396e-05 0.000155745 0.0007403 0.00285012 0.00888777 0.02245 0.0459368 0.0761499 0.102281 0.111338 0.098294 0.0705495 0.0415516 0.0208738 0.0104033 0.0073137 0.00824561 0.0111164 0.0149475 0.0192217 0.0234965 0.0273047 0.0301999 0.0318452 0.0320862 0.0309801 0.0287678 0.0258041 0.0224696 0.0190943 0.0159128 0.0130554 0.0105675 0.00844064 0.00664226
 1.01593e-16 3.41722e-05 0.000200569 0.000953427 0.00367077 0.011447 0.0289141 0.0591617 0.0980659 0.131696 0.143302 0.126379 0.0904163 0.0526662 0.0253709 0.0108553 0.00537369 0.00452353 0.00561203 0.00746751 0.00962837 0.0118342 0.0138525 0.0154658 0.0165065 0.0168904 0.0166309 0.0158263 0.014628 0.0132001 0.0116854 0.0101865 0.0087627 0.00744043 0.00622718 0.00512412
 1.01717e-16 2.73327e-05 0.0001604 0.000762428 0.00293532 0.00915345 0.0231211 0.04731 0.0784263 0.105339 0.114667 0.101234 0.0726612 0.0427983 0.0215043 0.0107214 0.0075351 0.00847963 0.0114004 0.0152765 0.0195598 0.0237799 0.0274457 0.030097 0.0313998 0.0312225 0.0296643 0.0270203 0.0237016 0.0201354 0.0166794 0.0135719 0.0109245 0.00874594 0.00698262 0.00555689
 1.06398e-16 1.32024e-06 7.65191e-06 3.61717e-05 0.000138925 0.000432918 0.00109423 0.00224416 0.00373983 0.00508268 0.00568974 0.00539655 0.00468784 0.00440212 0.00525582 0.00764251 0.0117309 0.0175895 0.0251761 0.0342368 0.0442232 0.0542997 0.063454 0.0706865 0.0752242 0.0766847 0.0751431 0.0710739 0.0652014 0.0583121 0.0510928 0.0440379 0.0374356 0.0314094 0.0259853 0.0211506
pSPR Fmed_Fpbrs
0.510064   0.411499 0.411499
Fs Fmed_Fpbrs
0.654301   1.005 1.005
SSBpbr Bo_Bmed_Bpbrs
966360  444588  349338 349338
Ro
18033.7
SPR SPRFo_SPRFmed_SPRFpbrs
370825 189144 152594
log_Ro
9.62
likeval ReclasPelacesDesembMPH_pf_preclas_ppelaces_ptallas_desvR_qrecl_qpela
 95.7317 101.709 0.133173 0.000180848 391.316 200.432 85.5459 0 63.3202 2.12528e-06 0 0 0 0 0
q_reclas_q_pelaces
0.81336 1
M
0.7
N
 3748.78 65584.9 21472.1 2684.24 0.118869
 5829.99 1834.12 29530.2 9282.34 1156.86
 740.253 2830.45 784.901 11879.4 4179.68
 4640.92 334.701 757.853 162.565 3260.9
 55035.2 2186.3 117.448 230.19 1027.91
 12933.8 26843.3 964.543 49.3287 526.348
 55054.1 5728.79 6275.6 164.868 95.9717
 71751.8 24717.9 1464.4 1217.22 49.5211
 83096.5 30194.7 4123.93 155.256 129.739
 219837 35476.4 5539.38 500.115 33.4651
 47316.9 101028 10573.3 1335.26 126.552
 18259.1 21718.3 29868 2519.7 342.67
 59002.3 8501.62 7055.5 8133.91 769.052
 22268.8 25625.4 1746.16 1003.99 1231.85
 14674.1 8755.86 2732.97 98.2549 119.666
 14366.6 5644.43 808.067 125.308 9.45927
 9495.12 6383.02 1346.6 142.142 23.1609
 9424.62 4323.01 1788.87 297.521 35.8629
 6482.68 4379.16 1385.44 477.88 87.8289
 27531.2 3009.54 1395.35 367.092 147.787
 29439.3 12500.4 828.362 300.519 108.81
 26112.6 14222.8 5179.27 318.326 156.388
 57878.3 12564.4 5737.02 1916.19 174.46
 46809.2 27506.8 4671.82 1891.47 682.975
 822.24 22271.7 10305.5 1556.85 850.203
pred_Ctot
 39.8103 4425.07 2015.17 257.2 0.0114024
 93.7281 183.898 4082.24 1309.22 163.342
 47.901 971.577 345.65 5309.38 1869.52
 171.868 72.0358 217.685 47.5274 954.244
 705.115 176.643 13.1524 26.3111 117.62
 1011.65 10661.3 482.794 25.0275 267.239
 3818.15 2076.01 2899.45 77.2734 45.0159
 7948.28 12543.7 900.789 756.907 30.8115
 8455.93 14477.9 2421.45 92.2197 77.11
 11840.9 10502.7 2135.69 195.903 13.1198
 2587.53 30283.9 4122.8 528.938 50.1734
 822.128 5534 10037.8 861.147 117.217
 5362.52 3767.9 3878.98 4527.79 428.378
 3379.62 15732.8 1247.04 722.879 887.325
 2413.93 5612.99 2015.47 73.002 88.9448
 1094.95 2198.52 397.689 62.5215 4.72307
 570.732 2066.03 562.706 60.3094 9.83488
 437.543 1130.53 615.758 104.131 12.5629
 304.816 1157.6 481.634 168.908 31.0707
 1704.99 997.68 595.686 159.094 64.1005
 574.908 1504.73 136.724 50.5872 18.3354
 584.391 1943.18 965.895 60.5245 29.765
 1792.77 2308.1 1419.52 482.9 44.0087
 1412.73 4936.66 1130.7 466.301 168.537
 26.8944 4295.35 2669.95 410.737 224.521
F
 0.0148638 0.0979319 0.138641 0.141737 0.141903
 0.0225788 0.148764 0.210603 0.215306 0.215559
 0.0937527 0.617703 0.874476 0.894002 0.895052
 0.0527027 0.347239 0.491584 0.50256 0.50315
 0.017957 0.118312 0.167494 0.171233 0.171435
 0.11434 0.753348 1.06651 1.09032 1.0916
 0.100788 0.664058 0.940101 0.961092 0.962221
 0.165546 1.09072 1.54413 1.5786 1.58046
 0.151137 0.995785 1.40972 1.4412 1.44289
 0.0774871 0.510535 0.72276 0.738898 0.739766
 0.0787128 0.51861 0.734192 0.750585 0.751467
 0.0644061 0.424348 0.600746 0.61416 0.614881
 0.133994 0.882838 1.24983 1.27773 1.27923
 0.233462 1.53819 2.17761 2.22623 2.22885
 0.255414 1.68283 2.38237 2.43557 2.43843
 0.111265 0.733085 1.03782 1.06099 1.06224
 0.0868246 0.572056 0.809855 0.827938 0.828911
 0.0664682 0.437935 0.619981 0.633824 0.634568
 0.0673452 0.443713 0.628161 0.642187 0.642941
 0.0895622 0.590093 0.835389 0.854042 0.855045
 0.0274858 0.181094 0.256373 0.262098 0.262405
 0.0315549 0.207904 0.294328 0.3009 0.301253
 0.0439114 0.289317 0.409583 0.418729 0.41922
 0.0427642 0.281758 0.398882 0.407789 0.408268
 0.0464207 0.305849 0.432988 0.442656 0.443176
YTP_r0W_actual
 301.218 94497.8 88108.3 16881.3 9609.5
YTP_p0W_proyectada
 13576.3 3121.05 120763 65100.7 14686.9
 13576.3 79072.6 1434.31 29721.9 16009.4
CTP_r0_actual
 26.8944 4295.35 2669.95 410.737 224.521
CTP_p0_proyectada
 1597.21 145.844 3870.61 1599.53 315.847
 1597.21 3694.98 45.9715 730.268 344.288
Wmedp
 8.5 21.4 31.2 40.7 46.5
nmprior
 10.6 11 7 0
nm_flota  nm_reclas  nm_pelaces    nm_pelaL
inf 23.2726 18.5324 44.495
cv_recla  cv_pelaces  cv_mph
0.88502 1.14354 0.43631
 ------------------------------------------------
Talla a la edad & desviaci?n 
 7.2 14.2025 17.0495 18.207 18.6776
 1.08 2.13037 2.55742 2.73105 2.80164
