years
 1997 1998 1999 2000 2001 2002 2003 2004 2005 2006 2007 2008 2009 2010 2011 2012 2013 2014 2015 2016 2017 2018 2019 2020 2021
reclasobs
 0 0 0 370054 412103 1.49427e+06 250295 1.28982e+06 931140 785840 897777 1.04006e+06 184774 17550 25797 100020 73551 82996 120727 218422 84188 347160 605670 569463 516374
reclaspred
 504525 107268 184948 134285 267329 295101 660284 495404 677483 851542 711685 474943 300599 132577 84992.2 82140.9 96695.3 121575 115901 182642 285694 254258 430571 509747 472443
pelacesobs
 0 0 0 0 0 0 0 0 0 2.06254e+06 1.5e+06 0 1.87456e+06 323000 250000 174000 83755 137374 0 501740 490994 745055 786931 1.00524e+06 1.33801e+06
pelacespred
 680226 160618 138258 172334 309028 272701 773379 632639 829948 1.03622e+06 787467 547024 348069 124246 78488 81964.2 101137 130031 126703 193672 341910 297446 397003 556513 510767
mphobs
 0 0 0 0 0 112323 0 153150 637223 0 255016 313432 73983 77613 109348 50772 0 0 0 0 0 0 0 0 0
mphpred
 209152 94118.7 78547.4 53645.7 76358.1 152323 203180 249150 243881 318355 409449 296807 178584 96418.8 42465 33960.6 39656.8 50924.2 58160.5 61660.6 106228 132712 159221 221484 272216
desembarqueobs
 350755 77701 442110 56441 14545 235359 269955 359681 431902 328805 639364 411747 362871 311530 167758 66681 60226 58785 57116 73181 50977 67692 138656 160484 209506
desembarquepred
 350736 77675 441737 56432.3 14544.8 235349 269952 359480 431722 328682 639037 411654 362708 311446 167586 66662.5 60228.7 58768.7 57095.3 73152.9 50971.1 67671.3 138625 160455 209472
Reclutas
 24622 40136.8 10976.8 32395.3 63139.2 34292.4 68920.2 81576.1 124921 177499 65049.5 35129.4 47020.4 22310.5 15505.2 17253.1 12586.7 12998.6 12824.5 31557.9 37467.2 42626.8 72622.3 72144.6 10973.1
log_desv_Rt
 -0.348604 0.14005 -1.15646 -0.0742328 0.593097 -0.0173213 0.680705 0.849292 1.27544 1.62672 0.622904 0.00679474 0.298336 -0.447189 -0.811072 -0.704254 -1.0196 -0.987405 -1.00089 -0.10042 0.0712223 0.200238 0.733028 0.726428 -1.1568
SSB
 665905 299659 250082 170799 243112 484973 646891 793252 776477 1.01359e+06 1.30362e+06 944986 568582 306982 135202 108125 126261 162134 185174 196317 338212 422533 506932 705168 866690
BT
 1.46436e+06 430188 481083 368795 565142 671965 1.57248e+06 1.53167e+06 1.87895e+06 2.16472e+06 1.97109e+06 1.35204e+06 979783 520601 281247 201667 230053 280121 276396 406671 653093 596591 807019 1.12841e+06 1.08108e+06
Ftot
 0.429047 0.585842 1.28871 0.407783 0.0551331 0.453906 0.328124 0.609891 0.600825 0.349395 0.520986 0.473792 0.796735 1.38322 1.46679 0.618597 0.458068 0.337301 0.309686 0.350007 0.134715 0.171094 0.215056 0.21197 0.219806
BD_Bspro_t
 0.940747 0.681719 0.539219 0.288403 0.495813 0.711978 0.634979 0.648138 0.609327 0.625258 0.653359 0.501806 0.382949 0.283549 0.167161 0.167895 0.251376 0.381001 0.470692 0.544036 0.69313 0.785236 0.785431 0.787118 0.772724
BD_Bspro
 0.928132 0.417661 0.348562 0.238058 0.338847 0.67595 0.901629 1.10563 1.08225 1.41273 1.81697 1.31711 0.792483 0.427868 0.188443 0.150703 0.175981 0.225981 0.258093 0.273625 0.471397 0.588922 0.706557 0.982856 1.20798
BD_Bo
 0.707907 0.31856 0.265856 0.181572 0.258446 0.515563 0.687694 0.843286 0.825454 1.07752 1.38584 1.00459 0.604445 0.326345 0.143729 0.114945 0.134225 0.172361 0.196853 0.2087 0.359545 0.449184 0.538907 0.749647 0.921357
BD_Brms
 2.377 1.06965 0.892685 0.609679 0.867805 1.73114 2.30912 2.83157 2.77169 3.61808 4.65335 3.37319 2.02959 1.09579 0.482612 0.38596 0.450697 0.57875 0.66099 0.700769 1.20727 1.50826 1.80953 2.51715 3.09371
S_f
 0.153554 1 1 1 1
 0.153554 1 1 1 1
 0.153554 1 1 1 1
 0.153554 1 1 1 1
 0.153554 1 1 1 1
 0.153554 1 1 1 1
 0.153554 1 1 1 1
 0.153554 1 1 1 1
 0.153554 1 1 1 1
 0.153554 1 1 1 1
 0.153554 1 1 1 1
 0.153554 1 1 1 1
 0.153554 1 1 1 1
 0.153554 1 1 1 1
 0.153554 1 1 1 1
 0.153554 1 1 1 1
 0.153554 1 1 1 1
 0.153554 1 1 1 1
 0.153554 1 1 1 1
 0.153554 1 1 1 1
 0.153554 1 1 1 1
 0.153554 1 1 1 1
 0.153554 1 1 1 1
 0.153554 1 1 1 1
 0.153554 1 1 1 1
Scru_reclas
 1 1 1 1 1
 1 1 1 1 1
 1 1 1 1 1
 1 1 1 1 1
 1 1 1 1 1
 1 1 1 1 1
 1 1 1 1 1
 1 1 1 1 1
 1 1 1 1 1
 1 1 1 1 1
 1 1 1 1 1
 1 1 1 1 1
 1 1 1 1 1
 1 1 1 1 1
 1 1 1 1 1
 1 1 1 1 1
 1 1 1 1 1
 1 1 1 1 1
 1 1 1 1 1
 1 1 1 1 1
 1 1 1 1 1
 1 1 1 1 1
 1 1 1 1 1
 1 1 1 1 1
 1 1 1 1 1
Scru_pelaces
 1 1 1 1 1
 1 1 1 1 1
 1 1 1 1 1
 1 1 1 1 1
 1 1 1 1 1
 1 1 1 1 1
 1 1 1 1 1
 1 1 1 1 1
 1 1 1 1 1
 1 1 1 1 1
 1 1 1 1 1
 1 1 1 1 1
 1 1 1 1 1
 1 1 1 1 1
 1 1 1 1 1
 1 1 1 1 1
 1 1 1 1 1
 1 1 1 1 1
 1 1 1 1 1
 1 1 1 1 1
 1 1 1 1 1
 1 1 1 1 1
 1 1 1 1 1
 1 1 1 1 1
 1 1 1 1 1
pf_obs 
 0.256992 0.487395 0.22802 0.0275931 0
 0.321318 0.546541 0.124235 0.00734118 0.000564706
 0.182869 0.594174 0.210203 0.0122559 0.00049798
 0.330522 0.361315 0.267642 0.0388342 0.00168674
 0.649043 0.306663 0.0425973 0.00169635 0
 0.582887 0.30429 0.105238 0.00758474 0
 0.465427 0.430635 0.0974691 0.00646863 0
 0.296916 0.608066 0.0921331 0.00288517 0
 0.311714 0.524322 0.152257 0.0117073 0
 0.15457 0.633149 0.183074 0.0267441 0.00246327
 0.131901 0.49318 0.331252 0.0422183 0.00144891
 0.196976 0.569456 0.194076 0.0375587 0.00193317
 0.518974 0.381816 0.0799577 0.0180837 0.00116848
 0.0928022 0.601141 0.25162 0.0475244 0.00691264
 0.122501 0.610282 0.24278 0.0234846 0.000952079
 0.383417 0.481906 0.127806 0.00687128 0
 0.0376549 0.599619 0.316969 0.0457579 0
 0.0361596 0.667082 0.258105 0.0386534 0
 0.158088 0.579412 0.248529 0.0139706 0
 0.0477256 0.309471 0.559284 0.082774 0.000745712
 0.0406174 0.521527 0.379366 0.0568643 0.0016247
 0.151134 0.462217 0.34131 0.0453401 0
 0.294876 0.26143 0.354403 0.0886775 0.000613685
 0.281977 0.475581 0.204845 0.0348837 0.00271318
 0.0841818 0.532909 0.334909 0.0458182 0.00218182
pf_pred 
 0.151797 0.577371 0.239942 0.0308823 7.89537e-06
 0.280622 0.424256 0.200889 0.083485 0.0107479
 0.0980302 0.696754 0.121027 0.0573074 0.0268817
 0.427801 0.332342 0.185285 0.0321842 0.0223881
 0.359208 0.548479 0.0536169 0.0298921 0.00880417
 0.135826 0.682142 0.155808 0.0152311 0.0109926
 0.296247 0.394892 0.243802 0.0556868 0.00937252
 0.266615 0.559367 0.0976454 0.0602852 0.0160873
 0.32854 0.511734 0.121826 0.0212664 0.0166334
 0.307111 0.561953 0.0997889 0.0237562 0.00739051
 0.100113 0.696323 0.165096 0.029317 0.00915061
 0.093825 0.438224 0.362095 0.0858518 0.0200036
 0.211977 0.36225 0.205903 0.170133 0.0497369
 0.157693 0.609342 0.107093 0.0608714 0.0650006
 0.232938 0.549087 0.157688 0.0277138 0.0325736
 0.30265 0.56547 0.0944038 0.027111 0.0103651
 0.188132 0.644201 0.135959 0.022698 0.00901058
 0.20193 0.521825 0.219195 0.0462613 0.0107891
 0.191727 0.533439 0.179702 0.0754849 0.0196466
 0.367633 0.406101 0.14933 0.0503054 0.0266309
 0.249782 0.613517 0.0877882 0.0322811 0.0166316
 0.210731 0.550988 0.194863 0.0278829 0.0155354
 0.276645 0.472822 0.174897 0.0618542 0.013782
 0.201212 0.586451 0.138794 0.05134 0.0222026
 0.0328425 0.623751 0.252121 0.059669 0.0316166
pobs_RECLAS
 0 0 0 0 0
 0 0 0 0 0
 0 0 0 0 0
 0 0 0 0 0
 0.835266 0.146461 0.0176864 0.000547809 3.91292e-05
 0.385257 0.428462 0.181853 0.0044286 0
 0.867414 0.0963971 0.0333333 0.00285562 0
 0.441836 0.489002 0.0689373 0.000224442 0
 0.779404 0.147425 0.0564933 0.0165055 0.000172143
 0.814271 0.122319 0.05973 0.00367925 0
 0.40263 0.566651 0.0304383 0.000280538 0
 0.475488 0.404961 0.113038 0.00651328 0
 0.955842 0.0263864 0.0167828 0.000988607 0
 0.975058 0.0227948 0.00214734 0 0
 0.738997 0.206755 0.0527124 0.00153531 0
 0.850938 0.134255 0.0134407 0.00136685 0
 0.542534 0.407297 0.0501686 0 0
 0.764087 0.199537 0.0359546 0.000420521 0
 0.470689 0.182191 0.310203 0.0369168 0
 0.84361 0.089868 0.0606195 0.00523954 0.000663233
 0.607945 0.314616 0.071237 0.00620181 0
 0.523733 0.453247 0.0230204 0 0
 0.530135 0.295979 0.169645 0.0042399 0
 0.562478 0.366248 0.0663022 0.0049721 0
 0.250443 0.683176 0.0655157 0.000865301 0
ppred_RECLAS
 0.545217 0.30957 0.12865 0.0165582 4.23327e-06
 0.726001 0.161592 0.0765153 0.031798 0.00409368
 0.445396 0.428421 0.0744172 0.0352372 0.0165291
 0.833325 0.0968073 0.0539713 0.00937488 0.00652138
 0.785452 0.18364 0.0179519 0.0100084 0.00294779
 0.513401 0.384101 0.0877325 0.00857634 0.0061897
 0.736679 0.147755 0.0912226 0.0208362 0.00350688
 0.712227 0.21949 0.038315 0.0236553 0.00631248
 0.768957 0.176083 0.0419192 0.00731758 0.00572339
 0.746865 0.2053 0.0364561 0.00867893 0.00269999
 0.428953 0.441871 0.104766 0.0186039 0.00580676
 0.410453 0.285103 0.235575 0.0558542 0.0130141
 0.651195 0.160344 0.0911394 0.0753066 0.0220152
 0.583817 0.301075 0.0529143 0.0300765 0.0321167
 0.697408 0.216605 0.0622049 0.0109326 0.0128497
 0.747292 0.204916 0.0342103 0.00982457 0.00375614
 0.608777 0.310427 0.0655158 0.0109377 0.00434202
 0.627247 0.243727 0.102379 0.0216071 0.00503926
 0.611548 0.256368 0.0863639 0.0362777 0.00944206
 0.794666 0.131864 0.0484885 0.0163345 0.00864725
 0.685949 0.256827 0.0367493 0.0135133 0.0069622
 0.637081 0.253353 0.0896012 0.012821 0.00714345
 0.716039 0.185612 0.0686576 0.0242815 0.00541029
 0.624133 0.275953 0.0653093 0.0241579 0.0104474
 0.182984 0.52692 0.212981 0.0504059 0.0267085
pobs_PELACES
 0 0 0 0 0
 0 0 0 0 0
 0 0 0 0 0
 0 0 0 0 0
 0 0 0 0 0
 0 0 0 0 0
 0 0 0 0 0
 0 0 0 0 0
 0 0 0 0 0
 0 0 0 0 0
 0.450072 0.473896 0.0757376 0.000293798 0
 0 0 0 0 0
 0.463077 0.371075 0.160297 0.00555027 0
 0.529543 0.364841 0.0842815 0.0213345 0
 0.631943 0.363953 0.00410389 0 0
 0.735681 0.248677 0.0153453 0.000297389 0
 0.695825 0.281241 0.0229344 0 0
 0.275771 0.60734 0.115278 0.00161068 0
 0 0 0 0 0
 0.896147 0.0623911 0.0374545 0.00400742 0
 0.803859 0.145111 0.0509908 3.86294e-05 0
 0.739449 0.233085 0.0266225 0.000797448 4.60066e-05
 0.878498 0.100942 0.0204185 0.000141795 0
 0.694673 0.275183 0.0284847 0.00165964 0
 0.469039 0.446079 0.0841089 0.000773354 0
ppred_PELACES
 0.574738 0.289475 0.120299 0.0154834 3.95848e-06
 0.757325 0.143119 0.067768 0.0281629 0.00362569
 0.535112 0.359117 0.062379 0.029537 0.0138552
 0.848551 0.0879637 0.0490409 0.00851846 0.00592563
 0.788035 0.181429 0.0177357 0.00988787 0.00291229
 0.544979 0.359174 0.082039 0.00801977 0.00578801
 0.754069 0.137997 0.0851982 0.0194601 0.00327529
 0.745847 0.193847 0.0338387 0.0208917 0.00557501
 0.797422 0.154389 0.0367547 0.00641604 0.00501826
 0.764868 0.190699 0.0338633 0.00806168 0.00250797
 0.464908 0.414049 0.0981698 0.0174325 0.00544115
 0.442814 0.269454 0.222644 0.0527883 0.0122997
 0.699905 0.137952 0.0784119 0.0647901 0.0189408
 0.673671 0.236073 0.0414901 0.023583 0.0251827
 0.776381 0.160074 0.0459702 0.00807931 0.00949607
 0.778512 0.179601 0.029984 0.00861085 0.00329211
 0.638792 0.286611 0.0604893 0.0100985 0.00400889
 0.648999 0.229505 0.0964048 0.0203463 0.00474519
 0.631889 0.242944 0.0818416 0.0343781 0.00894764
 0.81016 0.121914 0.0448296 0.015102 0.00799475
 0.693998 0.250244 0.0358075 0.013167 0.00678376
 0.648057 0.245691 0.0868913 0.0124333 0.00692741
 0.728093 0.177732 0.0657431 0.0232508 0.00518063
 0.637917 0.265832 0.0629141 0.0232719 0.0100642
 0.192343 0.520884 0.210542 0.0498286 0.0264025
pobs_pel_tallas
 0 0 0 0 0 0 0 0 0 0 0 0 0 0 0 0 0 0 0 0 0 0 0 0 0 0 0 0 0 0 0 0 0 0 0 0
 0 0 0 0 0 0 0 0 0 0 0 0 0 0 0 0 0 0 0 0 0 0 0 0 0 0 0 0 0 0 0 0 0 0 0 0
 0 0 0 0 0 0 0 0 0 0 0 0 0 0 0 0 0 0 0 0 0 0 0 0 0 0 0 0 0 0 0 0 0 0 0 0
 0 0 0 0 0 0 0 0 0 0 0 0 0 0 0 0 0 0 0 0 0 0 0 0 0 0 0 0 0 0 0 0 0 0 0 0
 0 0 0 0 0 0 0 0 0 0 0 0 0 0 0 0 0 0 0 0 0 0 0 0 0 0 0 0 0 0 0 0 0 0 0 0
 0 0 0 0 0 0 0 0 0 0 0 0 0 0 0 0 0 0 0 0 0 0 0 0 0 0 0 0 0 0 0 0 0 0 0 0
 0 0 0 0 0 0 0 0 0 0 0 0 0 0 0 0 0 0 0 0 0 0 0 0 0 0 0 0 0 0 0 0 0 0 0 0
 0 0 0 0 0 0 0 0 0 0 0 0 0 0 0 0 0 0 0 0 0 0 0 0 0 0 0 0 0 0 0 0 0 0 0 0
 0 0 0 0 0 0 0 0 0 0 0 0 0 0 0 0 0 0 0 0 0 0 0 0 0 0 0 0 0 0 0 0 0 0 0 0
 0 0 0 0 0 0 0 0 0 0 0 0 0 0 0 0 0 0 0 0 0 0 0 0 0 0 0 0 0 0 0 0 0 0 0 0
 0 0 0 0 0 0 0 0 1.78061e-05 0.00172719 0.00360574 0.0105946 0.0120993 0.0124554 0.0147524 0.0171206 0.0266825 0.0428682 0.0675386 0.121331 0.153587 0.119568 0.100827 0.0573624 0.0630603 0.0341343 0.0324427 0.0444173 0.0211091 0.0280891 0.0125444 0.00206551 0 0 0 0
 0 0 0 0 0 0 0 0 0 0 0 0 0 0 0 0 0 0 0 0 0 0 0 0 0 0 0 0 0 0 0 0 0 0 0 0
 0 0 0 0 0 0 0.0133647 0.0140871 0.0187388 0.0205184 0.03894 0.0496705 0.03968 0.0493445 0.0407372 0.0367815 0.0215668 0.0243155 0.0234873 0.0199281 0.019796 0.0243948 0.0301388 0.0376714 0.0412746 0.0863199 0.0771752 0.113111 0.0741005 0.0525337 0.0229764 0.00759418 0.00175318 0 0 0
 0 0 0 0 0 0 0 0 0 0 0.00219441 0.00772107 0.0458388 0.0604681 0.0671733 0.0775358 0.0609151 0.0617685 0.073594 0.0568108 0.0755445 0.0548602 0.0670107 0.0636378 0.0643287 0.046367 0.0373049 0.0286899 0.0247887 0.0153202 0.00654259 0.00121912 0.000365735 0 0 0
 0 0 0 0 0 0 0 0 0 0 0 0 0.000112435 0.00938835 0.0111873 0.0202946 0.0414886 0.0713402 0.111592 0.104902 0.108894 0.110636 0.117776 0.105296 0.107544 0.0401394 0.0192827 0.0124803 0.00416011 0.0028671 0.000618394 0 0 0 0 0
 0 0 0 0 0 0 0 0 0 0 0.00291406 0.0102884 0.027416 0.0768956 0.0749926 0.110853 0.0956884 0.0897413 0.0766577 0.0534642 0.0500743 0.0551293 0.0594112 0.0620874 0.0668451 0.0424026 0.0208742 0.0120726 0.0048766 0.00582813 0.00118941 0.000297354 0 0 0 0
 0 0.00264628 0.0354308 0.0461629 0.0458689 0.0383711 0.0214643 0.0164657 0.0346957 0.0420465 0.0363128 0.0245516 0.0311673 0.0291091 0.0169068 0.0133784 0.00837989 0.0085269 0.0148486 0.0160247 0.0276389 0.0546898 0.0760071 0.122758 0.109233 0.0665981 0.0333725 0.0166128 0.00676272 0.00308733 0.000882094 0 0 0 0 0
 0 0 0 0 0 0 0 0.000805153 0.000690131 0.00759144 0.0133425 0.0154129 0.00931677 0.000345066 0.00356568 0.00563607 0.00851162 0.0253048 0.0502646 0.0516448 0.0657925 0.0565908 0.0611916 0.0827007 0.0866115 0.110766 0.145733 0.0935128 0.0569358 0.0249597 0.0138026 0.00621118 0.00161031 0.00115022 0 0
 0 0 0 0 0 0 0 0 0 0 0 0 0 0 0 0 0 0 0 0 0 0 0 0 0 0 0 0 0 0 0 0 0 0 0 0
 0.00147267 0.00158595 0.00478618 0.00569244 0.00954404 0.0108468 0.00647125 0.017049 0.0510054 0.094081 0.124002 0.0959785 0.0687766 0.0820023 0.061753 0.0591476 0.0492212 0.0479892 0.0443925 0.0268479 0.0217502 0.0140895 0.0121071 0.0120363 0.00920419 0.00665534 0.0049561 0.00860946 0.00930331 0.0156896 0.0114698 0.00855282 0.00243557 0.00046729 0 2.83206e-05
 0 0 0 0 0.000772559 0.00158375 0.000888443 0.00281984 0.00712685 0.0440552 0.0773331 0.111326 0.0921469 0.0852325 0.0710754 0.0886704 0.0786465 0.0553345 0.0373146 0.0185414 0.00753245 0.00457741 0.012979 0.0271748 0.0457355 0.0583668 0.034881 0.0177882 0.00938659 0.00492506 0.0015258 0.00185414 0.000309023 5.79419e-05 3.86279e-05 0
 0 0.00173294 0.00326652 0 0.00397197 0.00683976 0.00946217 0.0152591 0.00757587 0.0136028 0.0228656 0.0392903 0.0559909 0.0764795 0.0681675 0.0726916 0.0566044 0.0477403 0.0527397 0.0444891 0.0609904 0.0582453 0.0661739 0.0445044 0.0529084 0.0360697 0.0280645 0.0235558 0.0158879 0.00826598 0.00280645 0.00217768 0.000904811 0.00058276 9.20147e-05 0
 0 0 0 0 0 0 0 0 0 0 0 0 0 0 0 0 0 0 0 0 0 0 0 0 0 0 0 0 0 0 0 0 0 0 0 0
 0 0 0 0 0 0 0 0 0 0 0 0 0 0 0 0 0 0 0 0 0 0 0 0 0 0 0 0 0 0 0 0 0 0 0 0
 0 0 0 0 0 0 0 0 0 0 0 0 0 0 0 0 0 0 0 0 0 0 0 0 0 0 0 0 0 0 0 0 0 0 0 0
ppred_pel_tallas
 1.02335e-16 2.50859e-05 0.000147211 0.000699723 0.00269389 0.00840057 0.0212193 0.0434189 0.0719766 0.0966776 0.105244 0.0929269 0.0667258 0.0393571 0.0198787 0.0100862 0.00732075 0.00841881 0.0114193 0.0153971 0.0198533 0.0243495 0.0284154 0.0315968 0.0335439 0.0340855 0.0332589 0.0312839 0.0284954 0.0252576 0.0218905 0.0186265 0.0156027 0.0128791 0.0104678 0.0083596
 1.02146e-16 3.30415e-05 0.00019393 0.000921865 0.00354924 0.011068 0.0279569 0.0572032 0.0948198 0.127338 0.138562 0.122206 0.0874443 0.0509634 0.024604 0.0106202 0.00539663 0.00468279 0.00587949 0.007855 0.0101598 0.0125341 0.0147412 0.0165568 0.0178045 0.0183908 0.0183189 0.017677 0.0166064 0.0152623 0.0137804 0.0122591 0.0107579 0.00930745 0.00792416 0.00662143
 1.02665e-16 2.33607e-05 0.000137076 0.000651528 0.00250831 0.00782182 0.0197576 0.0404285 0.0670218 0.0900301 0.0980276 0.086603 0.062289 0.0369491 0.0190475 0.0102912 0.00823715 0.00995881 0.0136219 0.0183182 0.0234929 0.0286123 0.0330987 0.0364059 0.0381341 0.0381207 0.0364742 0.0335328 0.0297708 0.0256817 0.0216777 0.0180331 0.0148758 0.0122178 0.0100017 0.00814612
 1.01295e-16 3.70171e-05 0.000217276 0.00103286 0.00397664 0.0124008 0.0313234 0.0640909 0.106235 0.14266 0.155217 0.136851 0.0978291 0.0568241 0.027074 0.011069 0.00472225 0.00324344 0.00371201 0.0048818 0.0063071 0.00778823 0.00917167 0.0103169 0.0111132 0.0114998 0.0114753 0.0110907 0.0104308 0.00959023 0.00865337 0.00768335 0.00672066 0.0057886 0.00490139 0.00407041
 1.00787e-16 3.4382e-05 0.000201797 0.000959259 0.00369321 0.0115169 0.0290909 0.0595237 0.0986671 0.132507 0.144193 0.127185 0.0910374 0.0531173 0.0257538 0.0112998 0.00599765 0.00542103 0.00684987 0.00907521 0.0115822 0.0140427 0.0161529 0.0176362 0.0182954 0.018058 0.0169925 0.0152868 0.0131982 0.0109928 0.0088915 0.00703984 0.00550271 0.00427952 0.00332932 0.00259544
 1.01828e-16 2.3791e-05 0.000139602 0.000663538 0.00255454 0.00796601 0.0201218 0.0411737 0.0682571 0.0916888 0.0998322 0.0881938 0.0634257 0.0376083 0.0193598 0.0104158 0.00828577 0.00998742 0.0136523 0.0183571 0.023541 0.0286657 0.0331481 0.0364351 0.0381191 0.0380301 0.0362706 0.0331774 0.0292283 0.0249264 0.0206998 0.0168423 0.0135029 0.010712 0.0084258 0.00656849
 1.02077e-16 3.28994e-05 0.000193096 0.000917901 0.00353398 0.0110204 0.0278366 0.0569572 0.0944119 0.12679 0.137965 0.121678 0.0870628 0.0507341 0.0244808 0.0105464 0.0053312 0.0046039 0.00577918 0.0077348 0.0100295 0.0124118 0.014652 0.0165298 0.0178678 0.018565 0.0186118 0.0180799 0.0170943 0.0157973 0.014318 0.0127559 0.0111782 0.00962847 0.00813768 0.00673282
 1.01522e-16 3.2543e-05 0.000190999 0.000907921 0.00349554 0.0109005 0.0275338 0.0563381 0.0933872 0.125418 0.136485 0.120401 0.0862122 0.0503646 0.024537 0.0109682 0.00611489 0.00579866 0.00745073 0.00992379 0.0127164 0.0154934 0.0179346 0.019744 0.0207056 0.0207307 0.0198761 0.0183223 0.0163229 0.0141414 0.0119978 0.0100385 0.00833162 0.00688382 0.00566543 0.00463463
 1.01028e-16 3.47903e-05 0.000204197 0.00097067 0.00373715 0.011654 0.029437 0.0602317 0.0998399 0.134079 0.145897 0.128674 0.0920698 0.0536532 0.0258901 0.0111505 0.0056223 0.00482181 0.00600089 0.00795357 0.0101904 0.0124225 0.0143896 0.0158528 0.0166364 0.0166656 0.0159816 0.0147252 0.0130967 0.0113071 0.00953545 0.0079041 0.00647475 0.00526001 0.00424251 0.00339299
 1.00938e-16 3.33723e-05 0.000195868 0.000931069 0.00358466 0.0111784 0.0282359 0.0577745 0.0957679 0.128615 0.139961 0.123462 0.0883929 0.0516155 0.0251032 0.0111473 0.00610922 0.00569971 0.00728186 0.00967943 0.0123822 0.0150537 0.0173756 0.0190548 0.0198783 0.0197609 0.0187637 0.0170719 0.0149453 0.012655 0.0104297 0.00842351 0.00671119 0.00530237 0.00416638 0.00325604
 1.02382e-16 2.03018e-05 0.000119112 0.000566115 0.00217942 0.00679619 0.017167 0.0351284 0.0582386 0.0782412 0.0852167 0.075345 0.0543223 0.0324858 0.0172297 0.0100849 0.00897689 0.0113979 0.0157606 0.0212378 0.0272578 0.0332192 0.0384543 0.0423263 0.0443637 0.0443668 0.0424483 0.0389889 0.0345312 0.0296472 0.0248231 0.0203932 0.0165277 0.0132635 0.0105545 0.00832042
 1.05637e-16 1.93328e-05 0.000113436 0.000539158 0.00207568 0.0064727 0.0163497 0.0334552 0.0554614 0.0745006 0.0811175 0.0716611 0.0515372 0.0305634 0.0157466 0.00850677 0.00683798 0.00834635 0.0115575 0.0157795 0.0206245 0.0257225 0.0306507 0.0349753 0.0383294 0.0404785 0.0413521 0.0410292 0.0396914 0.0375612 0.034852 0.0317414 0.0283695 0.0248529 0.0213015 0.0178266
 1.0427e-16 3.05375e-05 0.00017923 0.00085198 0.00328017 0.0102289 0.0258374 0.0528666 0.0876318 0.117686 0.128062 0.112951 0.0808358 0.0471399 0.0228119 0.0099419 0.00519791 0.00466242 0.00594499 0.0080111 0.010455 0.013043 0.0155582 0.0177891 0.0195614 0.0207691 0.0213873 0.0214613 0.0210796 0.0203411 0.0193292 0.0181016 0.016694 0.0151333 0.0134515 0.0116943
 1.02653e-16 2.93974e-05 0.000172528 0.000820099 0.00315739 0.00984599 0.0248703 0.0508886 0.0843559 0.113295 0.123307 0.108812 0.0779921 0.0457204 0.0225696 0.0105907 0.00661205 0.00688132 0.00908325 0.0121612 0.0156119 0.0190553 0.0221096 0.0244178 0.025718 0.0259013 0.0250333 0.0233269 0.0210809 0.0186039 0.0161506 0.0138863 0.0118834 0.0101429 0.00862671 0.00728679
 1.01427e-16 3.38731e-05 0.000198811 0.000945065 0.00363856 0.0113465 0.0286604 0.0586429 0.0972065 0.130544 0.142053 0.12529 0.0896625 0.0522788 0.0252804 0.0109804 0.00567343 0.0049993 0.00628545 0.00835698 0.0107317 0.0131179 0.0152481 0.0168743 0.0178117 0.0179774 0.0174066 0.0162353 0.014661 0.0128928 0.0111086 0.00943058 0.00792212 0.00659941 0.00545083 0.00445458
 1.00934e-16 3.39667e-05 0.000199359 0.000947668 0.00364858 0.0113778 0.0287393 0.0588045 0.0974749 0.130906 0.142451 0.12565 0.0899408 0.0524823 0.0254553 0.0111856 0.00596286 0.00541669 0.00686249 0.00910866 0.0116488 0.0141602 0.0163422 0.0179191 0.018691 0.0185788 0.0176407 0.0160521 0.0140579 0.0119132 0.00983263 0.00796009 0.00636425 0.00505249 0.00399439 0.0031445
 1.01487e-16 2.78787e-05 0.000163607 0.000777676 0.00299403 0.00933655 0.0235836 0.0482562 0.0799942 0.107443 0.116953 0.10324 0.0740764 0.0435819 0.0218057 0.0107205 0.00734548 0.00814061 0.0109097 0.0146218 0.0187386 0.022809 0.0263643 0.0289636 0.0302834 0.0301904 0.0287691 0.0262908 0.0231388 0.0197154 0.0163618 0.0133107 0.010678 0.00848477 0.00669239 0.00523769
 1.02365e-16 2.83216e-05 0.000166212 0.000790071 0.00304177 0.00948545 0.0239596 0.0490252 0.0812673 0.109148 0.118795 0.104835 0.0751511 0.0440753 0.0217966 0.0102967 0.00652735 0.00688269 0.00914189 0.012296 0.0158665 0.0194886 0.0227882 0.0254061 0.027065 0.0276265 0.0271154 0.0256985 0.0236315 0.0211928 0.0186252 0.0161041 0.013732 0.0115543 0.00958233 0.00781457
 1.02841e-16 2.75759e-05 0.000161834 0.000769253 0.00296162 0.00923548 0.0233282 0.0477334 0.0791265 0.106274 0.115672 0.102089 0.0732068 0.0429823 0.0213439 0.0102293 0.00667872 0.00718656 0.00959045 0.0128999 0.0166318 0.0204062 0.0238309 0.026531 0.0282205 0.0287629 0.0281946 0.0267012 0.0245594 0.0220642 0.0194676 0.0169445 0.0145889 0.0124323 0.010472 0.00869508
 1.01569e-16 3.53444e-05 0.000207453 0.000986157 0.00379679 0.01184 0.0299067 0.0611927 0.101432 0.136214 0.148212 0.130697 0.0934766 0.0543908 0.0260928 0.0109767 0.00515686 0.00407108 0.00493125 0.00653181 0.00841275 0.0103326 0.0120856 0.013482 0.0143769 0.0146997 0.0144658 0.0137646 0.0127312 0.0115103 0.0102256 0.00896361 0.00777135 0.00666597 0.00564845 0.00471537
 1.0136e-16 3.02844e-05 0.000177734 0.000844845 0.00325266 0.0101431 0.0256207 0.0524241 0.0869015 0.116714 0.127029 0.112099 0.0803537 0.0471154 0.0232773 0.010953 0.00687469 0.00717435 0.00946079 0.0126352 0.0161647 0.0196402 0.0226509 0.0248151 0.0258568 0.0256692 0.0243371 0.0221086 0.0193279 0.0163522 0.0134799 0.0109096 0.00873292 0.00695533 0.00552943 0.00438753
 1.02065e-16 2.82811e-05 0.000165973 0.000788933 0.00303738 0.00947176 0.023925 0.0489546 0.0811506 0.108992 0.118629 0.104697 0.0750708 0.0440649 0.0218592 0.0104384 0.0067637 0.00723656 0.00963606 0.0129438 0.0166631 0.0204039 0.023765 0.0263636 0.0279093 0.0282657 0.0274752 0.0257354 0.0233399 0.020604 0.0178002 0.0151216 0.0126753 0.0104999 0.0085921 0.00693145
 1.02033e-16 3.17682e-05 0.000186452 0.000886306 0.00341232 0.010641 0.0268783 0.0549967 0.0911636 0.122431 0.133233 0.117528 0.0841461 0.0491403 0.0239091 0.0106369 0.00586459 0.00551665 0.00709337 0.00948838 0.0122311 0.0150158 0.01755 0.0195574 0.0208264 0.021254 0.0208631 0.019786 0.0182222 0.0163861 0.0144622 0.0125806 0.0108137 0.00918905 0.00770939 0.0063694
 1.0225e-16 2.78397e-05 0.00016338 0.000776601 0.0029899 0.00932367 0.023551 0.0481894 0.0798829 0.107292 0.116783 0.10308 0.0739386 0.0434545 0.0216566 0.0105072 0.00702323 0.00766638 0.0102472 0.0137497 0.0176601 0.0215607 0.0250201 0.0276307 0.0290902 0.0292679 0.02823 0.0262116 0.0235483 0.0205929 0.0176429 0.0148997 0.0124635 0.0103534 0.00854149 0.00698298
 1.06105e-16 8.42121e-06 4.93523e-05 0.000234446 0.000902374 0.00281374 0.00710781 0.0145474 0.024129 0.0324499 0.0354314 0.0315375 0.0231965 0.0147922 0.00952786 0.00820956 0.010155 0.0144635 0.0205209 0.0278817 0.0360302 0.0442751 0.0517958 0.057785 0.0616176 0.0629835 0.06194 0.0588647 0.0543332 0.0489682 0.043309 0.0377393 0.032478 0.0276157 0.0231703 0.0191358
pSPR Fmed_Fpbrs
0.569702   0.347816 0.347816
Fs Fmed_Fpbrs
0.402623   1.005 1.005
SSBpbr Bo_Bmed_Bpbrs
940667  488866  280146 280146
Ro
34891.6
SPR SPRFo_SPRFmed_SPRFpbrs
717469 408743 249547
log_Ro
10.28
likeval ReclasPelacesDesembMPH_pf_preclas_ppelaces_ptallas_desvR_qrecl_qpela
 79.1414 56.72 0.0188552 0.00016796 316.539 191.475 78.2087 0 20.2769 2.74373e-05 0 0 0 0 0
q_reclas_q_pelaces
0.476039 1
M
0.7
N
 24622 16763.8 6966.67 896.659 0.22924
 40136.8 11447.4 5420.43 2252.61 290.001
 10976.8 18216.7 3164.26 1498.3 702.823
 32395.3 4472.26 2493.34 433.096 301.272
 63139.2 15110.6 1477.14 823.527 242.555
 34292.4 31089.7 7101.19 694.181 501.003
 68920.2 15882.6 9805.76 2239.73 376.964
 81576.1 32543.1 5680.85 3507.3 935.933
 124921 36888 8781.74 1532.97 1199
 177499 56566.8 10044.9 2391.33 743.936
 65049.5 83538.9 19806.8 3517.2 1097.81
 35129.4 29819.1 24638.9 5841.81 1361.15
 47020.4 16220.7 9219.84 7618.16 2227.1
 22310.5 20660.8 3631.16 2063.95 2203.96
 15505.2 8958.98 2572.86 452.182 531.476
 17253.1 6146.86 1026.2 294.707 112.673
 12586.7 7791.26 1644.35 274.52 108.978
 12998.6 5825.84 2447.18 516.478 120.454
 12824.5 6129.09 2064.73 867.304 225.735
 31557.9 6072.71 2233.03 752.252 398.231
 37467.2 14851.2 2125.06 781.417 402.595
 42626.8 18224.8 6445.39 922.271 513.859
 72622.3 20619 7626.94 2697.35 601.011
 72144.6 34891.7 8257.77 3054.54 1320.97
 10973.1 34678.6 14017.1 3317.41 1757.79
pred_Ctot
 1133.29 4310.58 1791.38 230.563 0.0589458
 2496.21 3773.86 1786.96 742.62 95.6049
 1433.54 10188.9 1769.83 838.03 393.102
 1419.2 1102.52 614.67 106.769 74.2709
 382.979 584.775 57.1651 31.8702 9.3868
 1667.07 8372.34 1912.33 186.941 134.918
 2442.55 3255.88 2010.14 459.137 77.2762
 5273.21 11063.4 1931.27 1192.34 318.181
 7959.87 12398.3 2951.6 515.243 402.993
 6688.8 12239.2 2173.38 517.404 160.963
 3613.34 25132.2 5958.77 1058.13 330.27
 1780.21 8314.73 6870.29 1628.93 379.541
 3921.56 6701.59 3809.19 3147.45 920.129
 3108.11 12010.1 2110.79 1199.77 1281.16
 2278.11 5370.03 1542.17 271.039 318.567
 1130.53 2112.28 352.639 101.272 38.7183
 617.32 2113.82 446.123 74.4792 29.5666
 473.264 1223.01 513.731 108.423 25.2866
 429.496 1194.98 402.558 169.097 44.0111
 1191.25 1315.9 483.878 163.006 86.293
 552.322 1356.62 194.119 71.3805 36.776
 796.11 2081.55 736.162 105.337 58.6906
 1699.77 2905.12 1074.6 380.046 84.6799
 1664.7 4851.9 1148.29 424.752 183.689
 262.42 4983.93 2014.51 476.77 252.625
F
 0.0658818 0.429047 0.429047 0.429047 0.429047
 0.0899581 0.585842 0.585842 0.585842 0.585842
 0.197887 1.28871 1.28871 1.28871 1.28871
 0.0626165 0.407783 0.407783 0.407783 0.407783
 0.00846589 0.0551331 0.0551331 0.0551331 0.0551331
 0.0696989 0.453906 0.453906 0.453906 0.453906
 0.0503847 0.328124 0.328124 0.328124 0.328124
 0.0936509 0.609891 0.609891 0.609891 0.609891
 0.0922589 0.600825 0.600825 0.600825 0.600825
 0.0536509 0.349395 0.349395 0.349395 0.349395
 0.0799992 0.520986 0.520986 0.520986 0.520986
 0.0727524 0.473792 0.473792 0.473792 0.473792
 0.122341 0.796735 0.796735 0.796735 0.796735
 0.212399 1.38322 1.38322 1.38322 1.38322
 0.225231 1.46679 1.46679 1.46679 1.46679
 0.0949879 0.618597 0.618597 0.618597 0.618597
 0.0703379 0.458068 0.458068 0.458068 0.458068
 0.0517938 0.337301 0.337301 0.337301 0.337301
 0.0475534 0.309686 0.309686 0.309686 0.309686
 0.0537448 0.350007 0.350007 0.350007 0.350007
 0.020686 0.134715 0.134715 0.134715 0.134715
 0.0262721 0.171094 0.171094 0.171094 0.171094
 0.0330227 0.215056 0.215056 0.215056 0.215056
 0.0325487 0.21197 0.21197 0.21197 0.21197
 0.033752 0.219806 0.219806 0.219806 0.219806
YTP_r0W_actual
 2939.1 109646 66478.7 19595.2 10812.3
YTP_p0W_proyectada
 27145.8 54374.5 208001 109674 41475.7
 27145.8 135190 14410 49321.2 26916.8
CTP_r0_actual
 262.42 4983.93 2014.51 476.77 252.625
CTP_p0_proyectada
 3193.62 2540.86 6666.7 2694.68 891.95
 3193.62 6317.3 461.859 1211.82 578.855
Wmedp
 8.5 21.4 31.2 40.7 46.5
nmprior
 10.6 11 7 0
nm_flota  nm_reclas  nm_pelaces    nm_pelaL
inf 22.2734 19.9093 48.8398
cv_recla  cv_pelaces  cv_mph
0.804687 0.853965 0.420476
 ------------------------------------------------
Talla a la edad & desviaci?n 
 7.2 14.2025 17.0495 18.207 18.6776
 1.08 2.13037 2.55742 2.73105 2.80164
