years
 1997 1998 1999 2000 2001 2002 2003 2004 2005 2006 2007 2008 2009 2010 2011 2012 2013 2014 2015 2016 2017 2018 2019 2020 2021
reclasobs
 0 0 0 370054 412103 1.49427e+06 250295 1.28982e+06 931140 785840 897777 1.04006e+06 184774 17550 25797 100020 73551 82996 120727 218422 84188 347160 605670 569463 516374
reclaspred
 468907 130073 399195 282903 405600 480762 1.04394e+06 682569 739433 673505 530994 356259 219521 95566.1 62492.1 63078 80668.1 111254 119370 170531 246864 225914 391157 497093 580841
pelacesobs
 0 0 0 0 0 0 0 0 0 2.06254e+06 1.5e+06 0 1.87456e+06 323000 250000 174000 83755 137374 0 501740 490994 745055 786931 1.00524e+06 1.33801e+06
pelacespred
 1.93806e+06 480091 887579 981020 1.19787e+06 1.19455e+06 2.88014e+06 2.36734e+06 2.24554e+06 2.07204e+06 1.4557e+06 1.01017e+06 605479 209184 135486 150703 203865 290777 321119 445322 726725 652801 885058 1.33384e+06 1.57938e+06
mphobs
 0 0 0 0 0 112323 0 153150 637223 0 255016 313432 73983 77613 109348 50772 0 0 0 0 0 0 0 0 0
mphpred
 170589 106279 131367 159738 164747 251742 373041 435075 361750 356984 334492 230971 142054 73407.8 32327.7 27067.5 33697.9 47353.7 59918.2 69639.4 104407 123863 154666 220446 303025
desembarqueobs
 350755 77701 442110 56441 14545 235359 269955 359681 431902 328805 639364 411747 362871 311530 167758 66681 60226 58785 57116 73181 50977 67692 138656 160484 209506
desembarquepred
 350766 77704.5 442153 56443.5 14545.2 235410 269994 359707 431977 328854 639596 411981 363196 311911 167740 66692.6 60252.3 58786.3 57111.1 73183.7 50979 67687.2 138662 160495 209511
Reclutas
 51736.9 63527.9 37988.2 56564 95570.9 70894.9 110725 102127 122004 126097 66024.8 42949.1 43818.3 23657.4 16270.4 17991.9 14321.6 16296.6 18433.4 31221.5 38980.7 50512.6 81752 97471.1 44291.4
log_desv_Rt
 0.093926 0.299234 -0.214969 0.183127 0.707624 0.408954 0.854809 0.77397 0.951813 0.98481 0.337786 -0.092228 -0.0721939 -0.688568 -1.0629 -0.962321 -1.19047 -1.06129 -0.938082 -0.411138 -0.189177 0.0699774 0.551446 0.727311 -0.0614543
SSB
 637743 397323 491114 597178 615905 941133 1.39461e+06 1.62652e+06 1.35239e+06 1.33458e+06 1.25049e+06 863479 531065 274434 120856 101191 125979 177031 224003 260345 390323 463060 578216 824134 1.13285e+06
BT
 2.17048e+06 571557 1.08524e+06 969662 1.13185e+06 1.27551e+06 2.90238e+06 2.60236e+06 2.50184e+06 2.24574e+06 1.92139e+06 1.30959e+06 919569 490752 269217 196531 240180 319059 345189 476232 722298 662301 914065 1.37082e+06 1.6116e+06
Ftot
 0.486541 0.38767 0.570178 0.111352 0.0223849 0.225293 0.143005 0.285965 0.331517 0.268689 0.559007 0.527312 0.843804 1.5492 1.61339 0.644497 0.443582 0.299268 0.246028 0.253873 0.117326 0.154079 0.183755 0.177225 0.162518
BD_Bspro_t
 0.942142 0.74119 0.699897 0.57127 0.697213 0.82159 0.787248 0.79272 0.732637 0.690682 0.652358 0.49158 0.377873 0.266503 0.1527 0.157321 0.248337 0.39632 0.512158 0.60669 0.718483 0.798825 0.806137 0.811937 0.815688
BD_Bspro
 0.658498 0.410254 0.507097 0.616613 0.635949 0.971762 1.43999 1.67945 1.39641 1.37801 1.29119 0.89158 0.548348 0.283365 0.124789 0.104484 0.130079 0.182792 0.231293 0.268818 0.403026 0.47813 0.597034 0.850955 1.16972
BD_Bo
 0.561357 0.349733 0.43229 0.52565 0.542134 0.828408 1.22756 1.4317 1.19041 1.17473 1.10071 0.760054 0.467456 0.241563 0.106381 0.0890709 0.11089 0.155827 0.197173 0.229162 0.343572 0.407597 0.50896 0.725422 0.997163
BD_Brms
 1.93574 1.20599 1.49068 1.81261 1.86945 2.85662 4.23304 4.93696 4.10491 4.05083 3.79561 2.62091 1.61194 0.832987 0.366835 0.307145 0.382383 0.537341 0.679915 0.790225 1.18475 1.40553 1.75506 2.50149 3.43854
S_f
 0.178754 1 1 1 1
 0.178754 1 1 1 1
 0.178754 1 1 1 1
 0.178754 1 1 1 1
 0.178754 1 1 1 1
 0.178754 1 1 1 1
 0.178754 1 1 1 1
 0.178754 1 1 1 1
 0.178754 1 1 1 1
 0.178754 1 1 1 1
 0.178754 1 1 1 1
 0.178754 1 1 1 1
 0.178754 1 1 1 1
 0.178754 1 1 1 1
 0.178754 1 1 1 1
 0.178754 1 1 1 1
 0.178754 1 1 1 1
 0.178754 1 1 1 1
 0.178754 1 1 1 1
 0.178754 1 1 1 1
 0.178754 1 1 1 1
 0.178754 1 1 1 1
 0.178754 1 1 1 1
 0.178754 1 1 1 1
 0.178754 1 1 1 1
Scru_reclas
 0.959791 1 1 1 1
 0.959791 1 1 1 1
 0.959791 1 1 1 1
 0.959791 1 1 1 1
 0.959791 1 1 1 1
 0.959791 1 1 1 1
 0.959791 1 1 1 1
 0.959791 1 1 1 1
 0.959791 1 1 1 1
 0.959791 1 1 1 1
 0.959791 1 1 1 1
 0.959791 1 1 1 1
 0.959791 1 1 1 1
 0.959791 1 1 1 1
 0.959791 1 1 1 1
 0.959791 1 1 1 1
 0.959791 1 1 1 1
 0.959791 1 1 1 1
 0.959791 1 1 1 1
 0.959791 1 1 1 1
 0.959791 1 1 1 1
 0.959791 1 1 1 1
 0.959791 1 1 1 1
 0.959791 1 1 1 1
 0.959791 1 1 1 1
Scru_pelaces
 0.904921 1 1 1 1
 0.904921 1 1 1 1
 0.904921 1 1 1 1
 0.904921 1 1 1 1
 0.904921 1 1 1 1
 0.904921 1 1 1 1
 0.904921 1 1 1 1
 0.904921 1 1 1 1
 0.904921 1 1 1 1
 0.904921 1 1 1 1
 0.904921 1 1 1 1
 0.904921 1 1 1 1
 0.904921 1 1 1 1
 0.904921 1 1 1 1
 0.904921 1 1 1 1
 0.904921 1 1 1 1
 0.904921 1 1 1 1
 0.904921 1 1 1 1
 0.904921 1 1 1 1
 0.904921 1 1 1 1
 0.904921 1 1 1 1
 0.904921 1 1 1 1
 0.904921 1 1 1 1
 0.904921 1 1 1 1
 0.904921 1 1 1 1
pf_obs 
 0.256992 0.487395 0.22802 0.0275931 0
 0.321318 0.546541 0.124235 0.00734118 0.000564706
 0.182869 0.594174 0.210203 0.0122559 0.00049798
 0.330522 0.361315 0.267642 0.0388342 0.00168674
 0.649043 0.306663 0.0425973 0.00169635 0
 0.582887 0.30429 0.105238 0.00758474 0
 0.465427 0.430635 0.0974691 0.00646863 0
 0.296916 0.608066 0.0921331 0.00288517 0
 0.311714 0.524322 0.152257 0.0117073 0
 0.15457 0.633149 0.183074 0.0267441 0.00246327
 0.131901 0.49318 0.331252 0.0422183 0.00144891
 0.196976 0.569456 0.194076 0.0375587 0.00193317
 0.518974 0.381816 0.0799577 0.0180837 0.00116848
 0.0928022 0.601141 0.25162 0.0475244 0.00691264
 0.122501 0.610282 0.24278 0.0234846 0.000952079
 0.383417 0.481906 0.127806 0.00687128 0
 0.0376549 0.599619 0.316969 0.0457579 0
 0.0361596 0.667082 0.258105 0.0386534 0
 0.158088 0.579412 0.248529 0.0139706 0
 0.0477256 0.309471 0.559284 0.082774 0.000745712
 0.0406174 0.521527 0.379366 0.0568643 0.0016247
 0.151134 0.462217 0.34131 0.0453401 0
 0.294876 0.26143 0.354403 0.0886775 0.000613685
 0.281977 0.475581 0.204845 0.0348837 0.00271318
 0.0841818 0.532909 0.334909 0.0458182 0.00218182
pf_pred 
 0.355856 0.454858 0.169313 0.0199633 1.00675e-05
 0.305143 0.55299 0.100178 0.0372896 0.00439895
 0.173073 0.617653 0.166547 0.0301712 0.0125555
 0.272445 0.441078 0.213977 0.0576977 0.0148021
 0.300874 0.48103 0.13222 0.0641429 0.0217329
 0.170657 0.587722 0.166246 0.0456957 0.0296791
 0.256889 0.417023 0.231086 0.0653661 0.0296365
 0.202449 0.537468 0.145955 0.0808784 0.0332503
 0.239303 0.470798 0.195362 0.0530528 0.0414843
 0.226027 0.52082 0.156677 0.0650148 0.0314611
 0.134534 0.562109 0.204134 0.0614093 0.0378135
 0.141595 0.456744 0.260874 0.0947384 0.0460491
 0.224571 0.420978 0.188598 0.107719 0.0581337
 0.20482 0.564749 0.1251 0.0560449 0.049286
 0.288703 0.54212 0.120152 0.0266155 0.0224095
 0.356746 0.540139 0.0785896 0.0174181 0.007107
 0.232682 0.620764 0.123061 0.0179053 0.00558762
 0.250042 0.507619 0.196053 0.0388659 0.00741966
 0.24223 0.516961 0.162995 0.062952 0.0148621
 0.317439 0.455524 0.154888 0.0488351 0.023314
 0.267768 0.545915 0.124344 0.0422794 0.0196944
 0.255958 0.508578 0.17555 0.0399852 0.0199289
 0.301133 0.471014 0.155746 0.0537599 0.0183479
 0.254906 0.53959 0.138503 0.0457974 0.0212035
 0.107774 0.602384 0.209901 0.0538778 0.0260634
pobs_RECLAS
 0 0 0 0 0
 0 0 0 0 0
 0 0 0 0 0
 0 0 0 0 0
 0.835266 0.146461 0.0176864 0.000547809 3.91292e-05
 0.385257 0.428462 0.181853 0.0044286 0
 0.867414 0.0963971 0.0333333 0.00285562 0
 0.441836 0.489002 0.0689373 0.000224442 0
 0.779404 0.147425 0.0564933 0.0165055 0.000172143
 0.814271 0.122319 0.05973 0.00367925 0
 0.40263 0.566651 0.0304383 0.000280538 0
 0.475488 0.404961 0.113038 0.00651328 0
 0.955842 0.0263864 0.0167828 0.000988607 0
 0.975058 0.0227948 0.00214734 0 0
 0.738997 0.206755 0.0527124 0.00153531 0
 0.850938 0.134255 0.0134407 0.00136685 0
 0.542534 0.407297 0.0501686 0 0
 0.764087 0.199537 0.0359546 0.000420521 0
 0.470689 0.182191 0.310203 0.0369168 0
 0.84361 0.089868 0.0606195 0.00523954 0.000663233
 0.607945 0.314616 0.071237 0.00620181 0
 0.523733 0.453247 0.0230204 0 0
 0.530135 0.295979 0.169645 0.0042399 0
 0.562478 0.366248 0.0663022 0.0049721 0
 0.250443 0.683176 0.0655157 0.000865301 0
ppred_RECLAS
 0.753919 0.173768 0.0646821 0.00762653 3.84606e-06
 0.707249 0.232981 0.0422062 0.0157105 0.00185333
 0.539019 0.344319 0.0928435 0.0168193 0.00699924
 0.669126 0.200591 0.0973116 0.0262395 0.00673162
 0.698181 0.207665 0.0570804 0.027691 0.00938228
 0.528076 0.334433 0.0945996 0.0260024 0.0168884
 0.651606 0.195514 0.10834 0.0306457 0.0138946
 0.580891 0.282437 0.0766987 0.0425012 0.0174728
 0.632799 0.227262 0.0943047 0.0256095 0.0200252
 0.614298 0.259546 0.0780785 0.0323995 0.0156783
 0.464543 0.347772 0.126296 0.0379934 0.0233949
 0.478624 0.277416 0.158449 0.0575419 0.0279692
 0.624549 0.203831 0.0913161 0.0521561 0.0281474
 0.619486 0.270247 0.0598637 0.0268189 0.0235846
 0.721607 0.212179 0.0470259 0.010417 0.00877077
 0.757288 0.203804 0.0296533 0.00657216 0.0026816
 0.626261 0.302357 0.0599397 0.00872115 0.00272157
 0.645665 0.239836 0.0926299 0.0183631 0.00350559
 0.635127 0.248922 0.0784835 0.030312 0.00715626
 0.71702 0.188854 0.0642142 0.0202463 0.00966567
 0.663927 0.250559 0.05707 0.019405 0.00903914
 0.650645 0.238796 0.082427 0.0187745 0.00935734
 0.700326 0.20197 0.0667836 0.0230522 0.00786757
 0.649706 0.25368 0.065115 0.0215309 0.0099685
 0.395508 0.408121 0.14221 0.0365027 0.0176582
pobs_PELACES
 0 0 0 0 0
 0 0 0 0 0
 0 0 0 0 0
 0 0 0 0 0
 0 0 0 0 0
 0 0 0 0 0
 0 0 0 0 0
 0 0 0 0 0
 0 0 0 0 0
 0 0 0 0 0
 0.450072 0.473896 0.0757376 0.000293798 0
 0 0 0 0 0
 0.463077 0.371075 0.160297 0.00555027 0
 0.529543 0.364841 0.0842815 0.0213345 0
 0.631943 0.363953 0.00410389 0 0
 0.735681 0.248677 0.0153453 0.000297389 0
 0.695825 0.281241 0.0229344 0 0
 0.275771 0.60734 0.115278 0.00161068 0
 0 0 0 0 0
 0.896147 0.0623911 0.0374545 0.00400742 0
 0.803859 0.145111 0.0509908 3.86294e-05 0
 0.739449 0.233085 0.0266225 0.000797448 4.60066e-05
 0.878498 0.100942 0.0204185 0.000141795 0
 0.694673 0.275183 0.0284847 0.00165964 0
 0.469039 0.446079 0.0841089 0.000773354 0
ppred_PELACES
 0.767209 0.164384 0.061189 0.00721467 3.63836e-06
 0.716721 0.225443 0.0408406 0.0152022 0.00179336
 0.562681 0.326645 0.0880779 0.015956 0.00663997
 0.662743 0.204461 0.0991888 0.0267457 0.00686147
 0.68694 0.2154 0.0592064 0.0287224 0.00973174
 0.528621 0.334047 0.0944903 0.0259723 0.0168689
 0.647026 0.198084 0.109765 0.0310486 0.0140772
 0.58542 0.279384 0.0758699 0.0420419 0.017284
 0.639966 0.222826 0.0924639 0.0251096 0.0196343
 0.617598 0.257325 0.0774106 0.0321223 0.0155442
 0.487643 0.332769 0.120848 0.0363544 0.0223857
 0.499621 0.266244 0.152068 0.0552246 0.0268428
 0.663452 0.182711 0.0818544 0.0467519 0.0252309
 0.700221 0.212908 0.0471623 0.0211287 0.0185806
 0.790978 0.159308 0.035308 0.00782125 0.00658526
 0.777934 0.186468 0.0271309 0.00601312 0.0024535
 0.640505 0.290833 0.0576553 0.00838877 0.00261784
 0.650736 0.236404 0.0913043 0.0181003 0.00345542
 0.636934 0.247689 0.0780947 0.0301618 0.00712081
 0.719031 0.187512 0.0637578 0.0201024 0.00959697
 0.65786 0.255082 0.0581003 0.0197553 0.00920232
 0.646746 0.241461 0.083347 0.018984 0.00946178
 0.69842 0.203255 0.0672085 0.0231989 0.00791763
 0.647235 0.255469 0.0655743 0.0216828 0.0100388
 0.39197 0.41051 0.143043 0.0367164 0.0177616
pobs_pel_tallas
 0 0 0 0 0 0 0 0 0 0 0 0 0 0 0 0 0 0 0 0 0 0 0 0 0 0 0 0 0 0 0 0 0 0 0 0
 0 0 0 0 0 0 0 0 0 0 0 0 0 0 0 0 0 0 0 0 0 0 0 0 0 0 0 0 0 0 0 0 0 0 0 0
 0 0 0 0 0 0 0 0 0 0 0 0 0 0 0 0 0 0 0 0 0 0 0 0 0 0 0 0 0 0 0 0 0 0 0 0
 0 0 0 0 0 0 0 0 0 0 0 0 0 0 0 0 0 0 0 0 0 0 0 0 0 0 0 0 0 0 0 0 0 0 0 0
 0 0 0 0 0 0 0 0 0 0 0 0 0 0 0 0 0 0 0 0 0 0 0 0 0 0 0 0 0 0 0 0 0 0 0 0
 0 0 0 0 0 0 0 0 0 0 0 0 0 0 0 0 0 0 0 0 0 0 0 0 0 0 0 0 0 0 0 0 0 0 0 0
 0 0 0 0 0 0 0 0 0 0 0 0 0 0 0 0 0 0 0 0 0 0 0 0 0 0 0 0 0 0 0 0 0 0 0 0
 0 0 0 0 0 0 0 0 0 0 0 0 0 0 0 0 0 0 0 0 0 0 0 0 0 0 0 0 0 0 0 0 0 0 0 0
 0 0 0 0 0 0 0 0 0 0 0 0 0 0 0 0 0 0 0 0 0 0 0 0 0 0 0 0 0 0 0 0 0 0 0 0
 0 0 0 0 0 0 0 0 0 0 0 0 0 0 0 0 0 0 0 0 0 0 0 0 0 0 0 0 0 0 0 0 0 0 0 0
 0 0 0 0 0 0 0 0 1.78061e-05 0.00172719 0.00360574 0.0105946 0.0120993 0.0124554 0.0147524 0.0171206 0.0266825 0.0428682 0.0675386 0.121331 0.153587 0.119568 0.100827 0.0573624 0.0630603 0.0341343 0.0324427 0.0444173 0.0211091 0.0280891 0.0125444 0.00206551 0 0 0 0
 0 0 0 0 0 0 0 0 0 0 0 0 0 0 0 0 0 0 0 0 0 0 0 0 0 0 0 0 0 0 0 0 0 0 0 0
 0 0 0 0 0 0 0.0133647 0.0140871 0.0187388 0.0205184 0.03894 0.0496705 0.03968 0.0493445 0.0407372 0.0367815 0.0215668 0.0243155 0.0234873 0.0199281 0.019796 0.0243948 0.0301388 0.0376714 0.0412746 0.0863199 0.0771752 0.113111 0.0741005 0.0525337 0.0229764 0.00759418 0.00175318 0 0 0
 0 0 0 0 0 0 0 0 0 0 0.00219441 0.00772107 0.0458388 0.0604681 0.0671733 0.0775358 0.0609151 0.0617685 0.073594 0.0568108 0.0755445 0.0548602 0.0670107 0.0636378 0.0643287 0.046367 0.0373049 0.0286899 0.0247887 0.0153202 0.00654259 0.00121912 0.000365735 0 0 0
 0 0 0 0 0 0 0 0 0 0 0 0 0.000112435 0.00938835 0.0111873 0.0202946 0.0414886 0.0713402 0.111592 0.104902 0.108894 0.110636 0.117776 0.105296 0.107544 0.0401394 0.0192827 0.0124803 0.00416011 0.0028671 0.000618394 0 0 0 0 0
 0 0 0 0 0 0 0 0 0 0 0.00291406 0.0102884 0.027416 0.0768956 0.0749926 0.110853 0.0956884 0.0897413 0.0766577 0.0534642 0.0500743 0.0551293 0.0594112 0.0620874 0.0668451 0.0424026 0.0208742 0.0120726 0.0048766 0.00582813 0.00118941 0.000297354 0 0 0 0
 0 0.00264628 0.0354308 0.0461629 0.0458689 0.0383711 0.0214643 0.0164657 0.0346957 0.0420465 0.0363128 0.0245516 0.0311673 0.0291091 0.0169068 0.0133784 0.00837989 0.0085269 0.0148486 0.0160247 0.0276389 0.0546898 0.0760071 0.122758 0.109233 0.0665981 0.0333725 0.0166128 0.00676272 0.00308733 0.000882094 0 0 0 0 0
 0 0 0 0 0 0 0 0.000805153 0.000690131 0.00759144 0.0133425 0.0154129 0.00931677 0.000345066 0.00356568 0.00563607 0.00851162 0.0253048 0.0502646 0.0516448 0.0657925 0.0565908 0.0611916 0.0827007 0.0866115 0.110766 0.145733 0.0935128 0.0569358 0.0249597 0.0138026 0.00621118 0.00161031 0.00115022 0 0
 0 0 0 0 0 0 0 0 0 0 0 0 0 0 0 0 0 0 0 0 0 0 0 0 0 0 0 0 0 0 0 0 0 0 0 0
 0.00147267 0.00158595 0.00478618 0.00569244 0.00954404 0.0108468 0.00647125 0.017049 0.0510054 0.094081 0.124002 0.0959785 0.0687766 0.0820023 0.061753 0.0591476 0.0492212 0.0479892 0.0443925 0.0268479 0.0217502 0.0140895 0.0121071 0.0120363 0.00920419 0.00665534 0.0049561 0.00860946 0.00930331 0.0156896 0.0114698 0.00855282 0.00243557 0.00046729 0 2.83206e-05
 0 0 0 0 0.000772559 0.00158375 0.000888443 0.00281984 0.00712685 0.0440552 0.0773331 0.111326 0.0921469 0.0852325 0.0710754 0.0886704 0.0786465 0.0553345 0.0373146 0.0185414 0.00753245 0.00457741 0.012979 0.0271748 0.0457355 0.0583668 0.034881 0.0177882 0.00938659 0.00492506 0.0015258 0.00185414 0.000309023 5.79419e-05 3.86279e-05 0
 0 0.00173294 0.00326652 0 0.00397197 0.00683976 0.00946217 0.0152591 0.00757587 0.0136028 0.0228656 0.0392903 0.0559909 0.0764795 0.0681675 0.0726916 0.0566044 0.0477403 0.0527397 0.0444891 0.0609904 0.0582453 0.0661739 0.0445044 0.0529084 0.0360697 0.0280645 0.0235558 0.0158879 0.00826598 0.00280645 0.00217768 0.000904811 0.00058276 9.20147e-05 0
 0 0 0 0 0 0 0 0 0 0 0 0 0 0 0 0 0 0 0 0 0 0 0 0 0 0 0 0 0 0 0 0 0 0 0 0
 0 0 0 0 0 0 0 0 0 0 0 0 0 0 0 0 0 0 0 0 0 0 0 0 0 0 0 0 0 0 0 0 0 0 0 0
 0 0 0 0 0 0 0 0 0 0 0 0 0 0 0 0 0 0 0 0 0 0 0 0 0 0 0 0 0 0 0 0 0 0 0 0
ppred_pel_tallas
 1.01171e-16 3.34733e-05 0.000196464 0.000933905 0.00359559 0.0112125 0.0283219 0.0579504 0.0960588 0.129003 0.140378 0.123817 0.0886179 0.0516887 0.025031 0.0109341 0.00574072 0.00514575 0.0065103 0.00867263 0.0111519 0.0136515 0.0158955 0.0176255 0.0186456 0.0188631 0.0183055 0.0171048 0.0154585 0.0135797 0.011654 0.0098147 0.00813812 0.00665387 0.00536258 0.00425194
 1.0126e-16 3.12742e-05 0.000183548 0.000872489 0.0033591 0.010475 0.0264592 0.0541395 0.0897439 0.120529 0.131174 0.115738 0.0829219 0.0485406 0.0238316 0.0109637 0.00654871 0.00658297 0.00859802 0.0114742 0.0146928 0.0178767 0.020654 0.022679 0.0236994 0.0236134 0.0224902 0.0205458 0.0180829 0.0154178 0.0128169 0.0104598 0.00843321 0.00674884 0.00537225 0.00425089
 1.02216e-16 2.45616e-05 0.000144129 0.000685066 0.00263745 0.00822454 0.0207748 0.0425095 0.0704703 0.0946579 0.103055 0.0910164 0.0654028 0.0386746 0.0197141 0.010295 0.00782866 0.00922515 0.0125581 0.0168966 0.0217059 0.0264937 0.0307309 0.0339134 0.0356653 0.0358221 0.0344628 0.0318761 0.0284779 0.0247085 0.0209438 0.0174438 0.0143438 0.0116786 0.00942084 0.00751815
 1.02715e-16 2.89198e-05 0.000169727 0.000806786 0.00310614 0.00968618 0.0244666 0.0500623 0.0829856 0.111453 0.121297 0.107026 0.0766863 0.0449034 0.0220721 0.0102034 0.00617303 0.00629137 0.00829243 0.011161 0.0144387 0.0177961 0.020901 0.0234325 0.0251384 0.0258857 0.025682 0.0246581 0.0230226 0.0210052 0.0188082 0.0165796 0.0144098 0.0123455 0.0104093 0.00861636
 1.02353e-16 2.99752e-05 0.000175922 0.000836239 0.00321954 0.0100398 0.0253598 0.05189 0.0860152 0.115521 0.125725 0.110932 0.0794825 0.0465357 0.0228638 0.0105486 0.00634713 0.00642814 0.00843359 0.0112997 0.0145389 0.0177989 0.0207293 0.0229993 0.0243608 0.024701 0.0240629 0.0226234 0.0206393 0.0183816 0.0160791 0.013887 0.0118839 0.0100886 0.00848707 0.00705541
 1.03131e-16 2.30767e-05 0.000135411 0.000643617 0.00247785 0.00772686 0.0195177 0.0399375 0.0662074 0.0889346 0.0968308 0.0855363 0.0615015 0.0364416 0.0187127 0.00999547 0.00787255 0.00945326 0.0129332 0.0174324 0.0224299 0.0274321 0.0319029 0.0353288 0.0373244 0.0377165 0.0365765 0.0341857 0.0309528 0.0273099 0.0236237 0.020146 0.0170061 0.0142371 0.0118155 0.00969812
 1.03348e-16 2.82342e-05 0.000165702 0.000787654 0.00303248 0.00945647 0.0238864 0.0488751 0.0810177 0.10881 0.118421 0.104489 0.0748692 0.0438417 0.021555 0.00997389 0.00605021 0.00618525 0.00817148 0.0110238 0.0143016 0.0176901 0.0208704 0.0235311 0.0254232 0.0264082 0.0264789 0.0257438 0.0243851 0.0226063 0.020588 0.0184638 0.0163191 0.0142041 0.0121524 0.0101948
 1.03421e-16 2.55511e-05 0.000149943 0.000712716 0.00274392 0.00855659 0.0216134 0.0442251 0.0733126 0.0984704 0.107191 0.0946358 0.0679299 0.040021 0.0201279 0.0100702 0.00713011 0.00807707 0.0109097 0.0146894 0.0189213 0.0231822 0.0270252 0.0300238 0.0318567 0.0323771 0.0316387 0.029867 0.0273896 0.0245515 0.0216421 0.0188562 0.0162902 0.0139657 0.0118639 0.00995628
 1.03166e-16 2.79274e-05 0.000163899 0.000779075 0.00299944 0.00935342 0.0236261 0.0483428 0.080136 0.107628 0.11714 0.103373 0.0741001 0.0434524 0.0214767 0.0101263 0.0063951 0.00672809 0.00893762 0.0120332 0.0155499 0.0191366 0.0224342 0.025097 0.0268573 0.0275795 0.0272832 0.0261219 0.0243321 0.0221693 0.0198535 0.01754 0.0153164 0.0132189 0.0112571 0.00943412
 1.03013e-16 2.69533e-05 0.000158177 0.000751867 0.00289467 0.00902671 0.0228009 0.0466546 0.0773387 0.103875 0.113065 0.0997998 0.0715892 0.0420814 0.0209873 0.0102091 0.00686243 0.00752649 0.0100876 0.013569 0.0174802 0.021423 0.0249831 0.0277656 0.0294716 0.0299626 0.0292848 0.0276429 0.0253373 0.022686 0.0199582 0.0173376 0.0149186 0.012727 0.0107505 0.00896633
 1.0412e-16 2.12899e-05 0.00012492 0.000593745 0.00228583 0.00712805 0.0180051 0.0368427 0.0610778 0.0820468 0.0893386 0.0789349 0.0567919 0.0337254 0.0174561 0.00954932 0.00779206 0.00953297 0.0131176 0.0177349 0.0228926 0.0281108 0.03286 0.0366269 0.0390175 0.0398409 0.0391416 0.037168 0.0342931 0.0309164 0.0273798 0.023922 0.0206726 0.017678 0.0149385 0.0124413
 1.05398e-16 2.18095e-05 0.000127977 0.00060829 0.00234186 0.00730278 0.0184464 0.0377451 0.0625717 0.0840474 0.0915005 0.0808057 0.0580527 0.0343036 0.0174435 0.00904844 0.00682543 0.00804519 0.0110235 0.014974 0.0194741 0.0241449 0.028569 0.032331 0.0350951 0.0366695 0.037034 0.0363192 0.0347518 0.0325855 0.030044 0.0272919 0.0244346 0.0215377 0.0186516 0.01583
 1.04007e-16 2.89497e-05 0.000169905 0.000807637 0.00310942 0.00969642 0.0244924 0.050115 0.0830724 0.111567 0.121416 0.107119 0.0767262 0.0448729 0.0219568 0.00998198 0.00581211 0.00574851 0.00752481 0.0101373 0.013152 0.0162752 0.0192168 0.0216962 0.023492 0.0244841 0.0246716 0.0241564 0.0231029 0.0216884 0.0200631 0.0183298 0.0165452 0.014736 0.0129188 0.0111158
 1.02334e-16 3.05542e-05 0.000179322 0.0008524 0.00328176 0.0102339 0.02585 0.0528929 0.0876774 0.117753 0.128151 0.113068 0.081003 0.047405 0.0232516 0.0106604 0.00632108 0.00632387 0.00826216 0.0110512 0.0141976 0.0173492 0.0201594 0.0223039 0.0235423 0.0237708 0.0230419 0.0215406 0.0195305 0.0172866 0.0150381 0.0129368 0.0110539 0.00939843 0.00794441 0.00665647
 1.0113e-16 3.45095e-05 0.000202548 0.000962829 0.00370696 0.0115598 0.0291992 0.0597452 0.0990336 0.132997 0.144721 0.12764 0.0913378 0.053242 0.0257204 0.0111266 0.00568195 0.00494081 0.00617735 0.00819283 0.0104963 0.0127932 0.0148159 0.0163189 0.0171218 0.017149 0.0164441 0.0151534 0.0134842 0.0116542 0.00984682 0.00818671 0.00673522 0.00550297 0.00446992 0.00360437
 1.00768e-16 3.39418e-05 0.000199212 0.000946968 0.00364588 0.0113694 0.0287181 0.0587611 0.0974031 0.13081 0.142348 0.125563 0.0898864 0.0524664 0.025477 0.0112449 0.00606465 0.00557018 0.00707761 0.00939175 0.0119986 0.0145647 0.0167777 0.0183516 0.0190803 0.0188847 0.0178298 0.0161032 0.0139654 0.0116871 0.00949579 0.0075437 0.00590265 0.00457852 0.00353593 0.00272254
 1.01324e-16 2.79536e-05 0.000164046 0.000779763 0.00300206 0.0093616 0.0236468 0.0483857 0.0802089 0.107731 0.117267 0.10352 0.0742805 0.043709 0.0218823 0.0107791 0.00741159 0.00823024 0.0110317 0.0147796 0.0189294 0.0230229 0.0265839 0.0291652 0.0304397 0.030275 0.0287609 0.0261774 0.0229191 0.0193994 0.0159684 0.0128648 0.0102069 0.0080142 0.00624441 0.00482886
 1.02157e-16 2.83976e-05 0.000166658 0.000792188 0.00304992 0.00951086 0.0240238 0.0491566 0.0814852 0.109441 0.119115 0.10512 0.0753626 0.0442125 0.0218888 0.0103803 0.0066322 0.00702936 0.00934314 0.0125571 0.0161835 0.0198463 0.0231593 0.0257534 0.0273458 0.0277996 0.0271479 0.0255719 0.0233449 0.0207624 0.0180813 0.0154853 0.0130798 0.0109071 0.00897183 0.00726372
 1.02559e-16 2.77961e-05 0.000163126 0.000775396 0.00298526 0.00930922 0.0235145 0.0481146 0.0797584 0.107123 0.116596 0.102906 0.0737948 0.043332 0.0215256 0.0103292 0.00675934 0.00728171 0.00971467 0.0130563 0.0168147 0.0206007 0.0240133 0.0266702 0.0282818 0.0287131 0.0280079 0.0263637 0.0240719 0.0214424 0.0187399 0.0161475 0.0137626 0.0116154 0.00969795 0.0079896
 1.02106e-16 3.13735e-05 0.000184134 0.000875282 0.00336987 0.0105086 0.026544 0.0543127 0.09003 0.12091 0.13158 0.116077 0.0831217 0.0485714 0.0236872 0.0106311 0.00599222 0.00574886 0.00743217 0.00994409 0.0128085 0.0157071 0.0183322 0.0203933 0.0216698 0.022057 0.0215843 0.0203968 0.0187108 0.0167567 0.0147318 0.0127731 0.0109544 0.00930039 0.00780775 0.00646463
 1.02017e-16 2.87089e-05 0.000168484 0.000800867 0.00308333 0.00961504 0.024287 0.0496952 0.0823784 0.110641 0.120425 0.106283 0.0762111 0.04474 0.0222041 0.0106179 0.00689554 0.00738097 0.00981425 0.0131535 0.0168842 0.0205998 0.0238849 0.0263482 0.0277004 0.027818 0.0267675 0.024778 0.0221758 0.0193032 0.0164491 0.0138089 0.0114793 0.00947792 0.00777535 0.00632544
 1.02357e-16 2.82237e-05 0.000165637 0.000787335 0.00303123 0.00945258 0.0238766 0.0488554 0.0809861 0.108771 0.118388 0.104482 0.074912 0.0439628 0.0217923 0.0103794 0.00669038 0.00713326 0.00949232 0.0127538 0.0164267 0.0201284 0.0234661 0.0260652 0.027641 0.0280594 0.0273606 0.0257356 0.0234682 0.0208623 0.018179 0.0156016 0.0132304 0.0110998 0.00920581 0.00753036
 1.02188e-16 3.04754e-05 0.00017886 0.000850204 0.00327331 0.0102075 0.0257834 0.0527566 0.0874512 0.117449 0.127818 0.112771 0.0807812 0.0472581 0.0231483 0.0105617 0.00619477 0.0061485 0.00802598 0.0107529 0.0138484 0.0169755 0.0198019 0.0220129 0.02337 0.0237607 0.0232183 0.0219024 0.0200492 0.0179106 0.0157021 0.0135732 0.0116044 0.00982171 0.00822076 0.00678709
 1.02229e-16 2.82456e-05 0.000165764 0.000787936 0.00303354 0.00945978 0.0238948 0.0488927 0.0810484 0.108856 0.118483 0.104572 0.0749913 0.0440383 0.0218828 0.0105098 0.00688672 0.00741967 0.00988755 0.0132659 0.0170469 0.0208263 0.024189 0.0267424 0.0281939 0.0284151 0.0274657 0.0255671 0.023038 0.0202139 0.0173791 0.0147272 0.012356 0.0102873 0.00849823 0.00695017
 1.04256e-16 1.71213e-05 0.00010044 0.000477345 0.00183764 0.00573035 0.0144748 0.0296199 0.0491083 0.0659813 0.0718806 0.0635937 0.0459369 0.0276463 0.0149843 0.00927651 0.0088109 0.0115057 0.0160402 0.0217109 0.0279983 0.0343275 0.0400457 0.0445184 0.0472616 0.0480453 0.0469348 0.0442504 0.0404694 0.0361025 0.0315883 0.0272343 0.0232082 0.0195682 0.0163094 0.0134047
pSPR Fmed_Fpbrs
0.638199   0.339996 0.339996
Fs Fmed_Fpbrs
0.297705   1.005 1.005
SSBpbr Bo_Bmed_Bpbrs
1.13607e+06  668238  329457 329457
Ro
47098.7
SPR SPRFo_SPRFmed_SPRFpbrs
968481 618084 329280
log_Ro
10.58
likeval ReclasPelacesDesembMPH_pf_preclas_ppelaces_ptallas_desvR_qrecl_qpela
 60.6773 19.5728 0.015732 0.000226907 314.799 194.973 77.313 0 15.5271 4.60658e-05 2.3745e-05 0 0 0 0
q_reclas_q_pelaces
0.382215 2.00024
M
0.7
N
 51736.9 13976.2 5202.38 613.401 0.309338
 63527.9 23551.7 4266.57 1588.16 187.351
 37988.2 29434.9 7936.95 1437.84 598.347
 56564 17036.4 8264.78 2228.55 571.723
 95570.9 27535.3 7568.56 3671.69 1244.04
 70894.9 47269.6 13370.9 3675.24 2387.04
 110725 33815.7 18738.4 5300.44 2403.18
 102127 53596.9 14554.8 8065.29 3315.75
 122004 48187.4 19995.9 5430.09 4246.03
 126097 57099.6 17177.2 7127.84 3449.2
 66024.8 59681.7 21673.9 6520.11 4014.84
 42949.1 29669.1 16945.8 6154 2991.25
 43818.3 19409.4 8695.4 4966.46 2680.28
 23657.4 18713 4145.21 1857.05 1633.09
 16270.4 8906.24 1973.92 437.254 368.154
 17991.9 6055.38 881.05 195.27 79.675
 14321.6 7962.3 1578.46 229.664 71.6702
 16296.6 6569.78 2537.39 503.017 96.0278
 18433.4 7671.12 2418.66 934.136 220.537
 31221.5 8759.9 2978.54 939.116 448.337
 38980.7 14816.3 3374.72 1147.47 534.511
 50512.6 18955.5 6543.02 1490.31 742.782
 81752 24402.4 8068.89 2785.2 950.572
 97471.1 39285 10083.7 3334.29 1543.73
 44291.4 46893.4 16340 4194.19 2028.94
pred_Ctot
 3114.84 3981.41 1482.01 174.741 0.0881218
 3071.06 5565.46 1008.22 375.294 44.2724
 2662.9 9503.19 2562.48 464.213 193.179
 802.614 1299.4 630.37 169.975 43.6064
 274.534 438.917 120.644 58.5273 19.8302
 2017.16 6946.86 1965.02 540.122 350.805
 2012.73 3267.37 1810.56 512.144 232.202
 3670.85 9745.5 2646.5 1466.51 602.902
 5065.8 9966.32 4135.63 1123.07 878.181
 4264.39 9826.17 2955.98 1226.62 593.567
 4541.46 18975 6890.93 2072.98 1276.47
 2793.59 9011.3 5146.89 1869.14 908.524
 4450.59 8343.02 3737.67 2134.8 1152.1
 4181.45 11529.5 2553.96 1144.17 1006.19
 2980.58 5596.88 1240.46 274.78 231.357
 1417.4 2146.05 312.248 69.2045 28.2371
 788.743 2104.26 417.152 60.6952 18.9408
 612.378 1243.21 480.154 95.1866 18.1715
 571.823 1220.37 384.775 148.608 35.0845
 998.794 1433.27 487.34 153.655 73.3554
 582.518 1187.62 270.504 91.977 42.8443
 988.441 1963.99 677.925 154.412 76.9599
 1903.41 2977.2 984.443 339.808 115.974
 2189.88 4635.57 1189.86 393.441 182.157
 913.569 5106.22 1779.27 456.705 220.932
F
 0.0869711 0.486541 0.486541 0.486541 0.486541
 0.0692975 0.38767 0.38767 0.38767 0.38767
 0.101921 0.570178 0.570178 0.570178 0.570178
 0.0199046 0.111352 0.111352 0.111352 0.111352
 0.00400138 0.0223849 0.0223849 0.0223849 0.0223849
 0.0402719 0.225293 0.225293 0.225293 0.225293
 0.0255627 0.143005 0.143005 0.143005 0.143005
 0.0511174 0.285965 0.285965 0.285965 0.285965
 0.0592599 0.331517 0.331517 0.331517 0.331517
 0.0480291 0.268689 0.268689 0.268689 0.268689
 0.0999245 0.559007 0.559007 0.559007 0.559007
 0.0942589 0.527312 0.527312 0.527312 0.527312
 0.150833 0.843804 0.843804 0.843804 0.843804
 0.276925 1.5492 1.5492 1.5492 1.5492
 0.2884 1.61339 1.61339 1.61339 1.61339
 0.115206 0.644497 0.644497 0.644497 0.644497
 0.079292 0.443582 0.443582 0.443582 0.443582
 0.0534953 0.299268 0.299268 0.299268 0.299268
 0.0439784 0.246028 0.246028 0.246028 0.246028
 0.0453808 0.253873 0.253873 0.253873 0.253873
 0.0209725 0.117326 0.117326 0.117326 0.117326
 0.0275422 0.154079 0.154079 0.154079 0.154079
 0.0328469 0.183755 0.183755 0.183755 0.183755
 0.0316797 0.177225 0.177225 0.177225 0.177225
 0.0290507 0.162518 0.162518 0.162518 0.162518
YTP_r0W_actual
 10232 112337 58715.8 18770.6 9455.87
YTP_p0W_proyectada
 39475.5 220509 297848 135387 56462.4
 39475.5 166453 58438 70625.7 33227.4
CTP_r0_actual
 913.569 5106.22 1779.27 456.705 220.932
CTP_p0_proyectada
 4644.17 10304.2 9546.41 3326.46 1214.24
 4644.17 7778.17 1873.01 1735.27 714.568
Wmedp
 8.5 21.4 31.2 40.7 46.5
nmprior
 10.6 11 7 0
nm_flota  nm_reclas  nm_pelaces    nm_pelaL
inf 15.8529 18.5228 44.465
cv_recla  cv_pelaces  cv_mph
0.704592 0.501647 0.488723
 ------------------------------------------------
Talla a la edad & desviaci?n 
 7.2 14.2025 17.0495 18.207 18.6776
 1.08 2.13037 2.55742 2.73105 2.80164
