years
 1997 1998 1999 2000 2001 2002 2003 2004 2005 2006 2007 2008 2009 2010 2011 2012 2013 2014 2015 2016 2017 2018 2019 2020 2021
reclasobs
 0 0 0 370054 412103 1.49427e+06 250295 1.28982e+06 931140 785840 897777 1.04006e+06 184774 17550 25797 100020 73551 82996 120727 218422 84188 347160 605670 569463 516374
reclaspred
 1.29961e+06 355607 1.17511e+06 731196 814764 1.02028e+06 2.04587e+06 1.39579e+06 1.51472e+06 1.38629e+06 1.16913e+06 790543 460879 214248 148932 157135 203324 303304 348748 467623 706327 702565 1.21561e+06 1.56021e+06 2.37557e+06
pelacesobs
 0 0 0 0 0 0 0 0 0 2.06254e+06 1.5e+06 0 1.87456e+06 323000 250000 174000 83755 137374 0 501740 490994 745055 786931 1.00524e+06 1.33801e+06
pelacespred
 907924 347814 443406 530448 502604 512451 1.03759e+06 973263 890529 849871 618880 429810 245353 92379.4 64449.3 77420.9 104994 158211 192440 248959 408917 425176 557484 851613 1.2735e+06
mphobs
 0 0 0 0 0 112323 0 153150 637223 0 255016 313432 73983 77613 109348 50772 0 0 0 0 0 0 0 0 0
mphpred
 868864 594977 658803 793059 673461 877393 1.27702e+06 1.54177e+06 1.3183e+06 1.31434e+06 1.20352e+06 833582 515461 272504 134942 126556 154753 227599 298181 351268 527227 653813 824155 1.19308e+06 1.80351e+06
desembarqueobs
 350755 77701 442110 56441 14545 235359 269955 359681 431902 328805 639364 411747 362871 311530 167758 66681 60226 58785 57116 73181 50977 67692 138656 160484 209506
desembarquepred
 350800 77719.9 442378 56449.5 14545.5 235484 270027 359798 432067 328909 640037 412277 363434 312221 167886 66716.2 60262.4 58800.4 57124.7 73192.3 50981.2 67695.7 138673 160503 209518
Reclutas
 75205.2 70946.6 43622.8 49178.6 78973.6 68470.1 112456 103475 124972 119001 71010.1 44305.2 45402.3 29288.5 21259.6 20334.8 18333.7 21149.2 23668.3 39906.3 56739.6 68056.3 112555 153052 127540
log_desv_Rt
 0.287976 0.229683 -0.256664 -0.136785 0.336869 0.194152 0.69032 0.607089 0.795844 0.746886 0.230577 -0.241144 -0.216681 -0.655048 -0.975437 -1.01991 -1.1235 -0.980641 -0.868108 -0.345712 0.00622791 0.18809 0.691197 0.998533 0.816189
SSB
 868864 594977 658803 793059 673461 877393 1.27702e+06 1.54177e+06 1.3183e+06 1.31434e+06 1.20352e+06 833582 515461 272504 134942 126556 154753 227599 298181 351268 527227 653813 824155 1.19308e+06 1.80351e+06
BT
 3.06122e+06 799229 1.33985e+06 1.15001e+06 1.11946e+06 1.19526e+06 2.78655e+06 2.50361e+06 2.47281e+06 2.1755e+06 1.88584e+06 1.27716e+06 898641 496434 303749 232027 295635 407375 451041 624369 1.00084e+06 919798 1.28063e+06 2.02104e+06 2.94305e+06
Ftot
 0.260766 0.21163 0.360357 0.0753341 0.0174776 0.223066 0.128437 0.24893 0.27505 0.229392 0.517074 0.493402 0.731303 1.27165 1.02219 0.405716 0.285694 0.187975 0.159043 0.152107 0.0704681 0.0939262 0.111093 0.100264 0.086015
BD_Bspro_t
 0.965301 0.808951 0.75248 0.629276 0.706234 0.806553 0.767484 0.779604 0.722686 0.679061 0.635223 0.473674 0.363675 0.259408 0.161179 0.177503 0.270538 0.432508 0.558826 0.655545 0.758653 0.836639 0.845936 0.852456 0.866305
BD_Bspro
 0.749355 0.51314 0.568187 0.683976 0.580829 0.756711 1.10137 1.32971 1.13698 1.13355 1.03798 0.718926 0.444561 0.235022 0.116381 0.109149 0.133467 0.196294 0.257168 0.302953 0.454709 0.563883 0.710795 1.02898 1.55544
BD_Bo
 0.711068 0.486922 0.539156 0.64903 0.551152 0.718048 1.0451 1.26177 1.07888 1.07564 0.984943 0.682194 0.421847 0.223014 0.110435 0.103572 0.126648 0.186264 0.244028 0.287474 0.431477 0.535073 0.674479 0.976405 1.47597
BD_Brms
 3.45859 2.36836 2.62242 3.15684 2.68077 3.49254 5.08328 6.13716 5.24762 5.23183 4.7907 3.31814 2.05184 1.08472 0.537148 0.503768 0.616008 0.905977 1.18694 1.39825 2.09867 2.60256 3.28062 4.74917 7.17902
S_f
 0.5 1 1 1 1
 0.5 1 1 1 1
 0.5 1 1 1 1
 0.5 1 1 1 1
 0.5 1 1 1 1
 0.5 1 1 1 1
 0.5 1 1 1 1
 0.5 1 1 1 1
 0.5 1 1 1 1
 0.5 1 1 1 1
 0.5 1 1 1 1
 0.5 1 1 1 1
 0.5 1 1 1 1
 0.5 1 1 1 1
 0.5 1 1 1 1
 0.5 1 1 1 1
 0.5 1 1 1 1
 0.5 1 1 1 1
 0.5 1 1 1 1
 0.5 1 1 1 1
 0.5 1 1 1 1
 0.5 1 1 1 1
 0.5 1 1 1 1
 0.5 1 1 1 1
 0.5 1 1 1 1
Scru_reclas
 0.5 1 1 1 1
 0.5 1 1 1 1
 0.5 1 1 1 1
 0.5 1 1 1 1
 0.5 1 1 1 1
 0.5 1 1 1 1
 0.5 1 1 1 1
 0.5 1 1 1 1
 0.5 1 1 1 1
 0.5 1 1 1 1
 0.5 1 1 1 1
 0.5 1 1 1 1
 0.5 1 1 1 1
 0.5 1 1 1 1
 0.5 1 1 1 1
 0.5 1 1 1 1
 0.5 1 1 1 1
 0.5 1 1 1 1
 0.5 1 1 1 1
 0.5 1 1 1 1
 0.5 1 1 1 1
 0.5 1 1 1 1
 0.5 1 1 1 1
 0.5 1 1 1 1
 0.5 1 1 1 1
Scru_pelaces
 0.5 1 1 1 1
 0.5 1 1 1 1
 0.5 1 1 1 1
 0.5 1 1 1 1
 0.5 1 1 1 1
 0.5 1 1 1 1
 0.5 1 1 1 1
 0.5 1 1 1 1
 0.5 1 1 1 1
 0.5 1 1 1 1
 0.5 1 1 1 1
 0.5 1 1 1 1
 0.5 1 1 1 1
 0.5 1 1 1 1
 0.5 1 1 1 1
 0.5 1 1 1 1
 0.5 1 1 1 1
 0.5 1 1 1 1
 0.5 1 1 1 1
 0.5 1 1 1 1
 0.5 1 1 1 1
 0.5 1 1 1 1
 0.5 1 1 1 1
 0.5 1 1 1 1
 0.5 1 1 1 1
pf_obs 
 0.256992 0.487395 0.22802 0.0275931 0
 0.321318 0.546541 0.124235 0.00734118 0.000564706
 0.182869 0.594174 0.210203 0.0122559 0.00049798
 0.330522 0.361315 0.267642 0.0388342 0.00168674
 0.649043 0.306663 0.0425973 0.00169635 0
 0.582887 0.30429 0.105238 0.00758474 0
 0.465427 0.430635 0.0974691 0.00646863 0
 0.296916 0.608066 0.0921331 0.00288517 0
 0.311714 0.524322 0.152257 0.0117073 0
 0.15457 0.633149 0.183074 0.0267441 0.00246327
 0.131901 0.49318 0.331252 0.0422183 0.00144891
 0.196976 0.569456 0.194076 0.0375587 0.00193317
 0.518974 0.381816 0.0799577 0.0180837 0.00116848
 0.0928022 0.601141 0.25162 0.0475244 0.00691264
 0.122501 0.610282 0.24278 0.0234846 0.000952079
 0.383417 0.481906 0.127806 0.00687128 0
 0.0376549 0.599619 0.316969 0.0457579 0
 0.0361596 0.667082 0.258105 0.0386534 0
 0.158088 0.579412 0.248529 0.0139706 0
 0.0477256 0.309471 0.559284 0.082774 0.000745712
 0.0406174 0.521527 0.379366 0.0568643 0.0016247
 0.151134 0.462217 0.34131 0.0453401 0
 0.294876 0.26143 0.354403 0.0886775 0.000613685
 0.281977 0.475581 0.204845 0.0348837 0.00271318
 0.0841818 0.532909 0.334909 0.0458182 0.00218182
pf_pred 
 0.608752 0.280319 0.0995845 0.0113384 5.67136e-06
 0.465902 0.411416 0.0878984 0.0312263 0.00355709
 0.325314 0.438222 0.182148 0.0389157 0.0153998
 0.416715 0.301573 0.182978 0.0760552 0.0226792
 0.500038 0.29668 0.105102 0.0637701 0.0344102
 0.381518 0.413013 0.121927 0.0431937 0.0403491
 0.519201 0.273102 0.138697 0.040945 0.0280551
 0.41869 0.401873 0.101923 0.0517623 0.0257512
 0.470032 0.321891 0.143848 0.0364828 0.0277455
 0.431733 0.373631 0.118217 0.0528297 0.0235884
 0.316773 0.422698 0.171296 0.0541983 0.0350349
 0.318631 0.353753 0.202689 0.0821388 0.0427885
 0.442473 0.289631 0.139086 0.0796918 0.0491179
 0.440058 0.371894 0.0976896 0.0469122 0.0434462
 0.540625 0.322197 0.0911087 0.0239325 0.0221365
 0.571589 0.327082 0.0710706 0.0200969 0.0101619
 0.46988 0.397689 0.101108 0.0219694 0.00935363
 0.478661 0.343074 0.133732 0.0339997 0.0105331
 0.457987 0.357479 0.121435 0.0473359 0.0157629
 0.548203 0.288574 0.107653 0.0365694 0.0190018
 0.529369 0.337448 0.0850671 0.0317343 0.0163815
 0.470714 0.368634 0.115189 0.029038 0.0164246
 0.536049 0.299801 0.114327 0.0357243 0.0140996
 0.510341 0.344979 0.0934912 0.0356521 0.0155373
 0.380045 0.422783 0.138913 0.0376461 0.0206124
pobs_RECLAS
 0 0 0 0 0
 0 0 0 0 0
 0 0 0 0 0
 0 0 0 0 0
 0.835266 0.146461 0.0176864 0.000547809 3.91292e-05
 0.385257 0.428462 0.181853 0.0044286 0
 0.867414 0.0963971 0.0333333 0.00285562 0
 0.441836 0.489002 0.0689373 0.000224442 0
 0.779404 0.147425 0.0564933 0.0165055 0.000172143
 0.814271 0.122319 0.05973 0.00367925 0
 0.40263 0.566651 0.0304383 0.000280538 0
 0.475488 0.404961 0.113038 0.00651328 0
 0.955842 0.0263864 0.0167828 0.000988607 0
 0.975058 0.0227948 0.00214734 0 0
 0.738997 0.206755 0.0527124 0.00153531 0
 0.850938 0.134255 0.0134407 0.00136685 0
 0.542534 0.407297 0.0501686 0 0
 0.764087 0.199537 0.0359546 0.000420521 0
 0.470689 0.182191 0.310203 0.0369168 0
 0.84361 0.089868 0.0606195 0.00523954 0.000663233
 0.607945 0.314616 0.071237 0.00620181 0
 0.523733 0.453247 0.0230204 0 0
 0.530135 0.295979 0.169645 0.0042399 0
 0.562478 0.366248 0.0663022 0.0049721 0
 0.250443 0.683176 0.0655157 0.000865301 0
ppred_RECLAS
 0.611037 0.278682 0.099003 0.0112721 5.63824e-06
 0.467764 0.409982 0.087592 0.0311174 0.0035447
 0.32847 0.436172 0.181296 0.0387336 0.0153278
 0.417287 0.301277 0.182798 0.0759807 0.022657
 0.500166 0.296604 0.105075 0.0637537 0.0344013
 0.383398 0.411757 0.121556 0.0430623 0.0402264
 0.520254 0.272504 0.138393 0.0408554 0.0279937
 0.420901 0.400345 0.101535 0.0515654 0.0256532
 0.472585 0.32034 0.143155 0.036307 0.0276119
 0.433753 0.372303 0.117797 0.0526418 0.0235046
 0.321768 0.419608 0.170044 0.0538021 0.0347788
 0.323335 0.35131 0.20129 0.0815717 0.0424931
 0.451637 0.284871 0.1368 0.078382 0.0483106
 0.460787 0.358126 0.094073 0.0451754 0.0418377
 0.555554 0.311726 0.0881478 0.0231548 0.0214171
 0.575673 0.323964 0.0703932 0.0199053 0.0100651
 0.472555 0.395683 0.100598 0.0218586 0.00930644
 0.480286 0.342005 0.133315 0.0338938 0.0105002
 0.45932 0.3566 0.121136 0.0472194 0.0157241
 0.549466 0.287767 0.107351 0.0364671 0.0189486
 0.529914 0.337057 0.0849685 0.0316975 0.0163626
 0.471458 0.368116 0.115028 0.0289972 0.0164015
 0.536941 0.299224 0.114107 0.0356556 0.0140724
 0.511142 0.344414 0.0933382 0.0355937 0.0155119
 0.380685 0.422347 0.138769 0.0376072 0.0205912
pobs_PELACES
 0 0 0 0 0
 0 0 0 0 0
 0 0 0 0 0
 0 0 0 0 0
 0 0 0 0 0
 0 0 0 0 0
 0 0 0 0 0
 0 0 0 0 0
 0 0 0 0 0
 0 0 0 0 0
 0.450072 0.473896 0.0757376 0.000293798 0
 0 0 0 0 0
 0.463077 0.371075 0.160297 0.00555027 0
 0.529543 0.364841 0.0842815 0.0213345 0
 0.631943 0.363953 0.00410389 0 0
 0.735681 0.248677 0.0153453 0.000297389 0
 0.695825 0.281241 0.0229344 0 0
 0.275771 0.60734 0.115278 0.00161068 0
 0 0 0 0 0
 0.896147 0.0623911 0.0374545 0.00400742 0
 0.803859 0.145111 0.0509908 3.86294e-05 0
 0.739449 0.233085 0.0266225 0.000797448 4.60066e-05
 0.878498 0.100942 0.0204185 0.000141795 0
 0.694673 0.275183 0.0284847 0.00165964 0
 0.469039 0.446079 0.0841089 0.000773354 0
ppred_PELACES
 0.621213 0.271391 0.0964129 0.0109772 5.49074e-06
 0.476466 0.403279 0.0861598 0.0306086 0.00348674
 0.341717 0.427568 0.17772 0.0379696 0.0150254
 0.420313 0.299713 0.181849 0.0755862 0.0225393
 0.500887 0.296176 0.104923 0.0636617 0.0343517
 0.392136 0.405922 0.119833 0.0424521 0.0396564
 0.525541 0.269501 0.136868 0.0404051 0.0276852
 0.430944 0.393402 0.0997744 0.0506712 0.0252084
 0.483909 0.313462 0.140082 0.0355275 0.027019
 0.443072 0.366176 0.115859 0.0517755 0.0231178
 0.340662 0.407918 0.165307 0.0523032 0.0338099
 0.341397 0.341933 0.195917 0.0793943 0.0413588
 0.48166 0.269274 0.12931 0.0740906 0.0456656
 0.513159 0.323343 0.084936 0.0407877 0.0377742
 0.596716 0.282856 0.0799841 0.0210103 0.0194336
 0.591937 0.311547 0.0676951 0.0191423 0.0096793
 0.484317 0.386859 0.0983543 0.0213711 0.0090989
 0.488032 0.336908 0.131328 0.0333886 0.0103437
 0.465844 0.352297 0.119675 0.0466497 0.0155344
 0.555671 0.283803 0.105873 0.0359649 0.0186877
 0.53281 0.334981 0.0844452 0.0315023 0.0162618
 0.475321 0.365425 0.114187 0.0287852 0.0162816
 0.541496 0.296281 0.112984 0.0353049 0.013934
 0.515275 0.341503 0.0925491 0.0352928 0.0153807
 0.384037 0.420062 0.138018 0.0374037 0.0204797
pobs_pel_tallas
 0 0 0 0 0 0 0 0 0 0 0 0 0 0 0 0 0 0 0 0 0 0 0 0 0 0 0 0 0 0 0 0 0 0 0 0
 0 0 0 0 0 0 0 0 0 0 0 0 0 0 0 0 0 0 0 0 0 0 0 0 0 0 0 0 0 0 0 0 0 0 0 0
 0 0 0 0 0 0 0 0 0 0 0 0 0 0 0 0 0 0 0 0 0 0 0 0 0 0 0 0 0 0 0 0 0 0 0 0
 0 0 0 0 0 0 0 0 0 0 0 0 0 0 0 0 0 0 0 0 0 0 0 0 0 0 0 0 0 0 0 0 0 0 0 0
 0 0 0 0 0 0 0 0 0 0 0 0 0 0 0 0 0 0 0 0 0 0 0 0 0 0 0 0 0 0 0 0 0 0 0 0
 0 0 0 0 0 0 0 0 0 0 0 0 0 0 0 0 0 0 0 0 0 0 0 0 0 0 0 0 0 0 0 0 0 0 0 0
 0 0 0 0 0 0 0 0 0 0 0 0 0 0 0 0 0 0 0 0 0 0 0 0 0 0 0 0 0 0 0 0 0 0 0 0
 0 0 0 0 0 0 0 0 0 0 0 0 0 0 0 0 0 0 0 0 0 0 0 0 0 0 0 0 0 0 0 0 0 0 0 0
 0 0 0 0 0 0 0 0 0 0 0 0 0 0 0 0 0 0 0 0 0 0 0 0 0 0 0 0 0 0 0 0 0 0 0 0
 0 0 0 0 0 0 0 0 0 0 0 0 0 0 0 0 0 0 0 0 0 0 0 0 0 0 0 0 0 0 0 0 0 0 0 0
 0 0 0 0 0 0 0 0 1.78061e-05 0.00172719 0.00360574 0.0105946 0.0120993 0.0124554 0.0147524 0.0171206 0.0266825 0.0428682 0.0675386 0.121331 0.153587 0.119568 0.100827 0.0573624 0.0630603 0.0341343 0.0324427 0.0444173 0.0211091 0.0280891 0.0125444 0.00206551 0 0 0 0
 0 0 0 0 0 0 0 0 0 0 0 0 0 0 0 0 0 0 0 0 0 0 0 0 0 0 0 0 0 0 0 0 0 0 0 0
 0 0 0 0 0 0 0.0133647 0.0140871 0.0187388 0.0205184 0.03894 0.0496705 0.03968 0.0493445 0.0407372 0.0367815 0.0215668 0.0243155 0.0234873 0.0199281 0.019796 0.0243948 0.0301388 0.0376714 0.0412746 0.0863199 0.0771752 0.113111 0.0741005 0.0525337 0.0229764 0.00759418 0.00175318 0 0 0
 0 0 0 0 0 0 0 0 0 0 0.00219441 0.00772107 0.0458388 0.0604681 0.0671733 0.0775358 0.0609151 0.0617685 0.073594 0.0568108 0.0755445 0.0548602 0.0670107 0.0636378 0.0643287 0.046367 0.0373049 0.0286899 0.0247887 0.0153202 0.00654259 0.00121912 0.000365735 0 0 0
 0 0 0 0 0 0 0 0 0 0 0 0 0.000112435 0.00938835 0.0111873 0.0202946 0.0414886 0.0713402 0.111592 0.104902 0.108894 0.110636 0.117776 0.105296 0.107544 0.0401394 0.0192827 0.0124803 0.00416011 0.0028671 0.000618394 0 0 0 0 0
 0 0 0 0 0 0 0 0 0 0 0.00291406 0.0102884 0.027416 0.0768956 0.0749926 0.110853 0.0956884 0.0897413 0.0766577 0.0534642 0.0500743 0.0551293 0.0594112 0.0620874 0.0668451 0.0424026 0.0208742 0.0120726 0.0048766 0.00582813 0.00118941 0.000297354 0 0 0 0
 0 0.00264628 0.0354308 0.0461629 0.0458689 0.0383711 0.0214643 0.0164657 0.0346957 0.0420465 0.0363128 0.0245516 0.0311673 0.0291091 0.0169068 0.0133784 0.00837989 0.0085269 0.0148486 0.0160247 0.0276389 0.0546898 0.0760071 0.122758 0.109233 0.0665981 0.0333725 0.0166128 0.00676272 0.00308733 0.000882094 0 0 0 0 0
 0 0 0 0 0 0 0 0.000805153 0.000690131 0.00759144 0.0133425 0.0154129 0.00931677 0.000345066 0.00356568 0.00563607 0.00851162 0.0253048 0.0502646 0.0516448 0.0657925 0.0565908 0.0611916 0.0827007 0.0866115 0.110766 0.145733 0.0935128 0.0569358 0.0249597 0.0138026 0.00621118 0.00161031 0.00115022 0 0
 0 0 0 0 0 0 0 0 0 0 0 0 0 0 0 0 0 0 0 0 0 0 0 0 0 0 0 0 0 0 0 0 0 0 0 0
 0.00147267 0.00158595 0.00478618 0.00569244 0.00954404 0.0108468 0.00647125 0.017049 0.0510054 0.094081 0.124002 0.0959785 0.0687766 0.0820023 0.061753 0.0591476 0.0492212 0.0479892 0.0443925 0.0268479 0.0217502 0.0140895 0.0121071 0.0120363 0.00920419 0.00665534 0.0049561 0.00860946 0.00930331 0.0156896 0.0114698 0.00855282 0.00243557 0.00046729 0 2.83206e-05
 0 0 0 0 0.000772559 0.00158375 0.000888443 0.00281984 0.00712685 0.0440552 0.0773331 0.111326 0.0921469 0.0852325 0.0710754 0.0886704 0.0786465 0.0553345 0.0373146 0.0185414 0.00753245 0.00457741 0.012979 0.0271748 0.0457355 0.0583668 0.034881 0.0177882 0.00938659 0.00492506 0.0015258 0.00185414 0.000309023 5.79419e-05 3.86279e-05 0
 0 0.00173294 0.00326652 0 0.00397197 0.00683976 0.00946217 0.0152591 0.00757587 0.0136028 0.0228656 0.0392903 0.0559909 0.0764795 0.0681675 0.0726916 0.0566044 0.0477403 0.0527397 0.0444891 0.0609904 0.0582453 0.0661739 0.0445044 0.0529084 0.0360697 0.0280645 0.0235558 0.0158879 0.00826598 0.00280645 0.00217768 0.000904811 0.00058276 9.20147e-05 0
 0 0 0 0 0 0 0 0 0 0 0 0 0 0 0 0 0 0 0 0 0 0 0 0 0 0 0 0 0 0 0 0 0 0 0 0
 0 0 0 0 0 0 0 0 0 0 0 0 0 0 0 0 0 0 0 0 0 0 0 0 0 0 0 0 0 0 0 0 0 0 0 0
 0 0 0 0 0 0 0 0 0 0 0 0 0 0 0 0 0 0 0 0 0 0 0 0 0 0 0 0 0 0 0 0 0 0 0 0
ppred_pel_tallas
 1.01835e-16 2.71117e-05 0.000159105 0.000756275 0.00291164 0.00907961 0.0229345 0.0469281 0.0777926 0.104485 0.113733 0.100396 0.0720326 0.0423732 0.0211905 0.0104033 0.00711525 0.00788836 0.0105951 0.0142451 0.0183295 0.0224252 0.0260887 0.028896 0.0305255 0.0308272 0.0298505 0.027818 0.0250603 0.0219331 0.0187456 0.0157187 0.012977 0.0105668 0.00848495 0.00670663
 1.0257e-16 2.08053e-05 0.000122069 0.000580176 0.00223357 0.00696504 0.0175935 0.0360009 0.0596845 0.0801817 0.087325 0.0771966 0.0556302 0.0332137 0.0175166 0.0100981 0.00882196 0.011111 0.015337 0.0206605 0.0265144 0.0323117 0.0374035 0.041172 0.0431614 0.0431805 0.0413419 0.0380178 0.033736 0.0290504 0.0244292 0.0201907 0.0164929 0.0133644 0.0107553 0.00858494
 1.04669e-16 1.49308e-05 8.75781e-05 0.000416195 0.00160218 0.00499609 0.0126201 0.0258253 0.0428194 0.0575385 0.062701 0.0555154 0.0401953 0.0243787 0.013555 0.0089158 0.00900588 0.0120403 0.0168796 0.0228928 0.0295744 0.0363361 0.0424993 0.0473984 0.050518 0.0516015 0.0506948 0.0481077 0.0443149 0.039831 0.0351048 0.0304578 0.026077 0.0220427 0.018374 0.0150677
 1.0633e-16 1.83527e-05 0.00010768 0.000511786 0.00197028 0.00614402 0.0155195 0.0317567 0.0526471 0.0707239 0.0770155 0.0680612 0.0490002 0.0291631 0.0152164 0.00852582 0.00720449 0.00899101 0.0124841 0.0170067 0.0221502 0.0275056 0.0326072 0.0369863 0.04026 0.042204 0.0427837 0.0421324 0.0404909 0.0381322 0.0352996 0.0321748 0.0288792 0.0254947 0.0220904 0.018741
 1.05379e-16 2.18658e-05 0.000128305 0.000609845 0.00234783 0.00732141 0.0184935 0.0378417 0.0627325 0.0842655 0.0917437 0.0810342 0.0582464 0.0344771 0.0176395 0.00932203 0.0072327 0.0086362 0.0118352 0.0160195 0.0207302 0.0255429 0.0299938 0.0336319 0.0361083 0.037248 0.0370778 0.0357971 0.0337089 0.0311346 0.0283434 0.0255161 0.0227446 0.0200587 0.0174606 0.0149543
 1.05145e-16 1.71282e-05 0.000100481 0.000477544 0.0018384 0.00573275 0.0144808 0.0296322 0.0491286 0.066008 0.0719082 0.0636147 0.0459446 0.0276358 0.014951 0.00921316 0.00870631 0.011345 0.0158066 0.0213887 0.0275764 0.0338037 0.0394297 0.043835 0.0465506 0.0473599 0.0463371 0.0438056 0.0402381 0.0361332 0.031911 0.027855 0.0241074 0.0207026 0.0176159 0.0148087
 1.04713e-16 2.29398e-05 0.000134613 0.000639837 0.00246332 0.00768156 0.0194032 0.0397027 0.0658165 0.0884045 0.0962405 0.0849836 0.0610361 0.0360299 0.0182531 0.00935507 0.0069148 0.00805191 0.010987 0.0148883 0.0193125 0.0238677 0.028128 0.0316738 0.0341719 0.0354412 0.0354807 0.0344464 0.0325933 0.0302021 0.0275179 0.0247177 0.0219089 0.0191489 0.0164714 0.0139081
 1.04464e-16 1.88199e-05 0.000110414 0.000524769 0.00202024 0.00629978 0.0159131 0.0325627 0.0539853 0.0725283 0.0789978 0.0698544 0.050381 0.0301637 0.0160629 0.00950561 0.00857853 0.0109677 0.0152116 0.0205515 0.0264617 0.0323849 0.0376976 0.0418007 0.0442448 0.0448289 0.0436374 0.0409983 0.0373851 0.0332942 0.0291422 0.0252086 0.02163 0.018433 0.0155835 0.0130311
 1.04574e-16 2.11263e-05 0.000123962 0.000589192 0.00226831 0.0070734 0.0178671 0.0365601 0.0606089 0.0814157 0.088648 0.0783168 0.0563301 0.0334171 0.0172347 0.00933122 0.00750683 0.00913004 0.0125645 0.0170183 0.0220245 0.027134 0.0318499 0.0356856 0.0382605 0.039378 0.0390576 0.0375066 0.0350494 0.0320385 0.02878 0.0254922 0.0223018 0.0192666 0.0164085 0.0137408
 1.04624e-16 1.93477e-05 0.000113515 0.000539516 0.00207703 0.00647689 0.0163604 0.0334777 0.0555013 0.0745617 0.0812039 0.0717845 0.0517281 0.0308805 0.0162815 0.00938322 0.00820401 0.0103563 0.0143407 0.019397 0.0250234 0.0307013 0.035851 0.0399117 0.0424561 0.0432825 0.0424495 0.0402394 0.03707 0.0333841 0.0295568 0.0258448 0.0223809 0.0192043 0.0163033 0.0136538
 1.05857e-16 1.48839e-05 8.73049e-05 0.000414901 0.00159721 0.00498059 0.0125809 0.025745 0.0426856 0.0573571 0.0624992 0.0553267 0.0400369 0.0242393 0.0133999 0.00869903 0.00867933 0.0115577 0.0162004 0.0219901 0.0284442 0.035007 0.0410379 0.0459073 0.0491265 0.0504489 0.0499114 0.0477959 0.0445357 0.0405973 0.0363822 0.0321719 0.0281241 0.0243028 0.0207236 0.0173911
 1.07554e-16 1.49133e-05 8.74835e-05 0.000415763 0.00160055 0.00499102 0.0126072 0.0257983 0.0427722 0.057468 0.0626055 0.0553867 0.0400062 0.0240734 0.0130445 0.00807867 0.00769454 0.0100963 0.014161 0.0193136 0.0251481 0.0312127 0.0369802 0.0419198 0.0456006 0.0477738 0.0484083 0.0476637 0.0458202 0.0431912 0.0400517 0.0366022 0.0329703 0.0292366 0.0254674 0.0217373
 1.06603e-16 2.10263e-05 0.000123379 0.000586431 0.00225769 0.00704032 0.0177834 0.0363887 0.0603235 0.0810286 0.0882171 0.0779133 0.0559905 0.0331167 0.0168986 0.00886113 0.00679993 0.00808855 0.0111052 0.0150892 0.019626 0.0243387 0.0288124 0.0326358 0.0354796 0.0371604 0.037666 0.0371323 0.0357853 0.03387 0.0315933 0.0290963 0.0264581 0.0237194 0.0209122 0.0180809
 1.04478e-16 2.2402e-05 0.000131451 0.000624793 0.00240538 0.00750086 0.0189468 0.0387694 0.0642709 0.0863334 0.0939987 0.0830348 0.0597034 0.0353773 0.0181686 0.00970966 0.00765535 0.009202 0.0126019 0.0170061 0.021916 0.0268607 0.0313284 0.0348284 0.0369913 0.0376495 0.0368663 0.0349022 0.0321339 0.0289558 0.0256962 0.0225719 0.019686 0.0170555 0.0146527 0.012442
 1.02858e-16 2.60438e-05 0.000152835 0.000726466 0.00279686 0.00872168 0.0220304 0.0450784 0.0747269 0.10037 0.109258 0.096459 0.069235 0.0407825 0.020497 0.0102314 0.00721323 0.00814719 0.0109907 0.0147847 0.0190228 0.0232723 0.0270773 0.0300033 0.0317243 0.0320935 0.0311706 0.0291923 0.0265023 0.0234633 0.0203827 0.0174703 0.0148328 0.0124962 0.0104399 0.00862795
 1.02173e-16 2.58366e-05 0.000151616 0.000720663 0.00277451 0.00865197 0.0218544 0.0447184 0.074131 0.099572 0.108397 0.0957146 0.068736 0.0405595 0.0205154 0.0104538 0.00763455 0.00879411 0.0119016 0.0159868 0.0205133 0.0250045 0.0289558 0.0318897 0.0334539 0.0335008 0.0321163 0.0295867 0.0263178 0.0227351 0.019198 0.0159499 0.0131107 0.0107012 0.00868192 0.00699101
 1.02682e-16 2.1147e-05 0.000124077 0.000589723 0.00227033 0.00707969 0.017883 0.0365933 0.0606659 0.0814982 0.0887535 0.0784471 0.0565044 0.0336817 0.0176653 0.0100308 0.00859837 0.0107432 0.0148123 0.0199646 0.0256468 0.0312949 0.0362862 0.0400256 0.0420703 0.0422287 0.0405978 0.0375228 0.033499 0.029049 0.0246174 0.0205099 0.0168829 0.0137728 0.0111426 0.00892653
 1.03605e-16 2.1307e-05 0.000125021 0.000594221 0.00228766 0.00713375 0.0180195 0.0368722 0.0611269 0.0821132 0.0894119 0.079002 0.0568455 0.0337679 0.0174978 0.00960372 0.0078729 0.00965334 0.0132895 0.0179677 0.0231909 0.0284719 0.0332718 0.0370671 0.0394546 0.0402369 0.0394561 0.0373628 0.0343368 0.030788 0.0270719 0.0234412 0.0200396 0.0169249 0.0141059 0.0115735
 1.04143e-16 2.03401e-05 0.000119343 0.000567224 0.00218371 0.00680959 0.0172008 0.035197 0.0583507 0.0783866 0.0853615 0.0754408 0.0543213 0.0323453 0.0169016 0.00950152 0.00804641 0.0100147 0.0138274 0.0186966 0.0241217 0.0295986 0.0345674 0.0384855 0.0409384 0.0417277 0.0409063 0.038743 0.0356389 0.032022 0.0282579 0.0246001 0.021185 0.0180585 0.0152165 0.0126402
 1.03705e-16 2.42542e-05 0.000142328 0.000676514 0.00260453 0.00812191 0.0205155 0.0419787 0.0695893 0.0934714 0.101755 0.089849 0.0645218 0.0380696 0.0192518 0.00980708 0.00716819 0.00828007 0.0112501 0.0151868 0.01961 0.0240974 0.0281955 0.0314661 0.0335721 0.0343481 0.033828 0.0322186 0.0298321 0.0270036 0.0240201 0.0210819 0.0182987 0.0157115 0.0133237 0.0111292
 1.03151e-16 2.32594e-05 0.000136483 0.000648715 0.00249748 0.00778807 0.0196723 0.0402538 0.0667317 0.0896386 0.0975967 0.0862113 0.0619835 0.0367203 0.018843 0.0100437 0.00788439 0.00944932 0.0129182 0.0174031 0.0223791 0.0273505 0.0317799 0.0351548 0.0370924 0.0374242 0.0362281 0.0337928 0.0305333 0.0268858 0.0232189 0.0197819 0.0166995 0.0139976 0.0116451 0.009592
 1.0349e-16 2.07539e-05 0.000121771 0.000578765 0.00222814 0.00694814 0.0175507 0.0359132 0.0595381 0.0799821 0.0870998 0.0769792 0.0554335 0.0330165 0.0172681 0.00973102 0.00826378 0.0102914 0.0141981 0.0191715 0.0246897 0.0302248 0.0351922 0.0390284 0.0413077 0.0418339 0.040677 0.0381359 0.0346494 0.0306837 0.0266374 0.0227868 0.0192784 0.0161558 0.0134027 0.0109817
 1.03565e-16 2.36366e-05 0.000138701 0.000659268 0.00253812 0.00791482 0.0199924 0.0409085 0.0678159 0.0910913 0.0991688 0.0875771 0.0629157 0.0371731 0.0188931 0.00977947 0.00733971 0.00860368 0.0117284 0.0158379 0.0204472 0.0251178 0.0293758 0.0327623 0.0349239 0.0356872 0.0350878 0.033343 0.0307817 0.0277579 0.0245763 0.0214519 0.0185044 0.0157807 0.0132866 0.0110158
 1.03357e-16 2.2495e-05 0.000131995 0.000627378 0.00241532 0.00753186 0.0190251 0.0389298 0.0645373 0.0866927 0.0943938 0.0833928 0.0599806 0.0355812 0.018346 0.00992063 0.00795642 0.00964117 0.0132174 0.0178219 0.0229339 0.0280525 0.0326309 0.0361456 0.038204 0.0386299 0.0374966 0.0350913 0.03183 0.0281513 0.0244267 0.0209092 0.0177272 0.0149113 0.0124361 0.0102577
 1.04339e-16 1.67757e-05 9.84104e-05 0.000467695 0.00180048 0.00561446 0.0141821 0.0290211 0.048116 0.0646497 0.0704342 0.062324 0.0450416 0.027151 0.0147947 0.00927905 0.00893433 0.0117259 0.0163597 0.0221386 0.0285372 0.0349682 0.0407641 0.0452773 0.0480159 0.0487497 0.0475514 0.0447555 0.0408563 0.0363805 0.0317787 0.027364 0.023304 0.019652 0.0163956 0.0135
pSPR Fmed_Fpbrs
0.673224   0.255595 0.255595
Fs Fmed_Fpbrs
0.208546   1.005 1.005
SSBpbr Bo_Bmed_Bpbrs
1.22191e+06  761526  251219 251219
Ro
56387.3
SPR SPRFo_SPRFmed_SPRFpbrs
1.15948e+06 780591 296358
log_Ro
10.76
likeval ReclasPelacesDesembMPH_pf_preclas_ppelaces_ptallas_desvR_qrecl_qpela
 165.786 60.1331 0.0630971 0.000983761 344.218 213.842 81.0115 0 14.2503 0 0 0 0 0 0
q_reclas_q_pelaces
1 1
M
0.7
N
 75205.2 18305.1 6502.96 740.405 0.370345
 70946.6 32780.6 7003.53 2488.03 283.42
 43622.8 31693.5 13173.5 2814.5 1113.76
 49178.6 18090.8 10976.5 4562.41 1360.48
 78973.6 23518.6 8331.7 5055.22 2727.79
 68470.1 38875.9 11476.7 4065.72 3797.96
 112456 30412.8 15445.4 4559.66 3124.23
 103475 52370.6 13282.2 6745.47 3355.8
 124972 45370.8 20275.6 5142.28 3910.76
 119001 54085.3 17112.7 7647.4 3414.56
 71010.1 52690.5 21352.5 6755.97 4367.19
 44305.2 27229.1 15601.4 6322.39 3293.51
 45402.3 17191.2 8255.52 4730.15 2915.43
 29288.5 15641.3 4108.66 1973.05 1827.27
 21259.6 7701.15 2177.68 572.034 529.105
 20334.8 6332.6 1375.99 389.093 196.745
 18333.7 8243.93 2095.92 455.417 193.897
 21149.2 7892.36 3076.47 782.157 242.311
 23668.3 9560.27 3247.61 1265.93 421.557
 39906.3 10854.9 4049.42 1375.58 714.764
 56739.6 18365.6 4629.77 1727.14 891.564
 68056.3 27200.6 8499.53 2142.64 1211.93
 112555 32245.3 12296.5 3842.35 1516.49
 153052 52873.1 14328.9 5464.21 2381.32
 127540 72287.1 23751.1 6436.69 3524.29
pred_Ctot
 6661.31 3067.41 1089.71 124.071 0.0620592
 5154.48 4551.68 972.459 345.47 39.3537
 5226.59 7040.59 2926.44 625.229 247.417
 1310.26 948.224 575.331 239.138 71.3094
 494.408 293.34 103.919 63.0521 34.0228
 5230.4 5662.18 1671.55 592.161 553.164
 5049.1 2655.85 1348.79 398.18 272.829
 8771.72 8419.4 2135.32 1084.44 539.497
 11639.9 7971.3 3562.26 903.459 687.09
 9335.43 8079.1 2556.23 1142.34 510.057
 11808.6 15757.3 6385.57 2020.4 1306.03
 7065.62 7844.45 4494.62 1821.42 948.832
 10211.8 6684.35 3209.94 1839.19 1133.58
 10275.2 8683.58 2281.01 1095.38 1014.45
 6299.36 3754.25 1061.6 278.862 257.934
 2716.64 1554.55 337.783 95.516 48.2975
 1769.62 1497.74 380.782 82.7391 35.2267
 1371.83 983.245 383.272 97.4426 30.1876
 1307.14 1020.28 346.588 135.101 44.9889
 2110.99 1111.23 414.543 140.82 73.1712
 1415.58 902.364 227.476 84.8602 43.8056
 2251.51 1763.25 550.972 138.894 78.5617
 4387.7 2453.95 935.793 292.413 115.409
 5397.62 3648.67 988.809 377.074 164.33
 3870.74 4306.03 1414.82 383.423 209.936
F
 0.130383 0.260766 0.260766 0.260766 0.260766
 0.105815 0.21163 0.21163 0.21163 0.21163
 0.180179 0.360357 0.360357 0.360357 0.360357
 0.0376671 0.0753341 0.0753341 0.0753341 0.0753341
 0.00873882 0.0174776 0.0174776 0.0174776 0.0174776
 0.111533 0.223066 0.223066 0.223066 0.223066
 0.0642186 0.128437 0.128437 0.128437 0.128437
 0.124465 0.24893 0.24893 0.24893 0.24893
 0.137525 0.27505 0.27505 0.27505 0.27505
 0.114696 0.229392 0.229392 0.229392 0.229392
 0.258537 0.517074 0.517074 0.517074 0.517074
 0.246701 0.493402 0.493402 0.493402 0.493402
 0.365652 0.731303 0.731303 0.731303 0.731303
 0.635827 1.27165 1.27165 1.27165 1.27165
 0.511097 1.02219 1.02219 1.02219 1.02219
 0.202858 0.405716 0.405716 0.405716 0.405716
 0.142847 0.285694 0.285694 0.285694 0.285694
 0.0939875 0.187975 0.187975 0.187975 0.187975
 0.0795217 0.159043 0.159043 0.159043 0.159043
 0.0760536 0.152107 0.152107 0.152107 0.152107
 0.035234 0.0704681 0.0704681 0.0704681 0.0704681
 0.0469631 0.0939262 0.0939262 0.0939262 0.0939262
 0.0555464 0.111093 0.111093 0.111093 0.111093
 0.0501322 0.100264 0.100264 0.100264 0.100264
 0.0430075 0.086015 0.086015 0.086015 0.086015
YTP_r0W_actual
 43352.3 94732.6 46689 15758.7 8985.28
YTP_p0W_proyectada
 149675 626172 495643 212438 95747.7
 149675 186787 165944 117527 52137.9
CTP_r0_actual
 3870.74 4306.03 1414.82 383.423 209.936
CTP_p0_proyectada
 17608.8 29260.4 15886 5219.61 2059.09
 17608.8 8728.35 5318.73 2887.64 1121.24
Wmedp
 8.5 21.4 31.2 40.7 46.5
nmprior
 10.6 11 7 0
nm_flota  nm_reclas  nm_pelaces    nm_pelaL
inf 13.1868 14.9966 33.7903
cv_recla  cv_pelaces  cv_mph
1.16466 0.879284 1.01761
 ------------------------------------------------
Talla a la edad & desviaci?n 
 7.2 14.2025 17.0495 18.207 18.6776
 1.08 2.13037 2.55742 2.73105 2.80164
