    unsorted:	 2.301423419e-06 3.192183570e-06 -3.759924926e-06 5.394998527e-05 0.0008999972612 0.007386388261 42.74368742 63.23431224 105.2157888 169.3527644 187.6159195 250.0057061 459.8694945 585.5408498 626.7490588 807.4237795 832.8901387 986.6708636 1107.854688 1314.816229 1328.004745 1534.681805 1668.024044 1905.968709 2188.452367 2300.656426 2622.272529 2769.688934 3364.962966 3609.859137 3926.733370 4207.793016 4311.182427 4738.687262 5150.951969 5415.996938 5867.537458 5984.819261 23166.89405 196482.6895 374202.4059 387258.2072 410345.7505 314871.5557 448261.7237 477921.3601 486391.3538 507236.2912 518785.8224 526795.0368 583771.1349 610731.7158 666544.9357 747936.0285 832166.8695 904448.3697 1082663.433 1129251.003 1375091.197 1649128.678 1876633.203 2094722.503 2309484.975 2633454.976 5237461.168
      sorted:	 -3.759924926e-06 2.301423419e-06 3.192183570e-06 5.394998527e-05 0.0008999972612 0.007386388261 42.74368742 63.23431224 105.2157888 169.3527644 187.6159195 250.0057061 459.8694945 585.5408498 626.7490588 807.4237795 832.8901387 986.6708636 1107.854688 1314.816229 1328.004745 1534.681805 1668.024044 1905.968709 2188.452367 2300.656426 2622.272529 2769.688934 3364.962966 3609.859137 3926.733370 4207.793016 4311.182427 4738.687262 5150.951969 5415.996938 5867.537458 5984.819261 23166.89405 196482.6895 314871.5557 374202.4059 387258.2072 410345.7505 448261.7237 477921.3601 486391.3538 507236.2912 518785.8224 526795.0368 583771.1349 610731.7158 666544.9357 747936.0285 832166.8695 904448.3697 1082663.433 1129251.003 1375091.197 1649128.678 1876633.203 2094722.503 2309484.975 2633454.976 5237461.168
