years
 1997 1998 1999 2000 2001 2002 2003 2004 2005 2006 2007 2008 2009 2010 2011 2012 2013 2014 2015 2016 2017 2018 2019 2020 2021
reclasobs
 0 0 0 370054 412103 1.49427e+06 250295 1.28982e+06 931140 785840 897777 1.04006e+06 184774 17550 25797 100020 73551 82996 120727 218422 84188 347160 605670 569463 516374
reclaspred
 2.61618e+06 312118 404319 107676 231528 235474 493335 443308 535790 1.09847e+06 1.01405e+06 613539 373742 165450 99004.1 93297.4 103223 120206 98554.3 165569 300162 258085 424276 490865 401773
pelacesobs
 0 0 0 0 0 0 0 0 0 2.06254e+06 1.5e+06 0 1.87456e+06 323000 250000 174000 83755 137374 0 501740 490994 745055 786931 1.00524e+06 1.33801e+06
pelacespred
 1.48728e+06 581966 164466 103521 202459 129610 455887 380714 457003 985552 717610 438167 305075 103282 64084.9 63753.7 72879.7 86218.5 68485.9 125344 246255 200941 265228 347397 258472
mphobs
 0 0 0 0 0 112323 0 153150 637223 0 255016 313432 73983 77613 109348 50772 0 0 0 0 0 0 0 0 0
mphpred
 2.46415e+06 1.04684e+06 427638 198562 104282 302825 303055 424453 468824 638599 1.29469e+06 865844 443191 263444 112487 87828 97004.8 113944 117640 105912 234307 306819 331228 478301 526998
desembarqueobs
 350755 77701 442110 56441 14545 235359 269955 359681 431902 328805 639364 411747 362871 311530 167758 66681 60226 58785 57116 73181 50977 67692 138656 160484 209506
desembarquepred
 350746 77682.8 441600 56419.1 14543.2 235156 269794 359029 431379 328521 638577 411281 362123 310958 167368 66621.9 60195.7 58733.3 57059.3 73092.7 50962.2 67646.7 138560 160388 209386
Reclutas
 2963.65 4487.76 575.611 3233.06 55677.5 12103.2 54466.6 72651 79935 237349 44001.7 16595 58501.9 23191.1 14573.4 14562.1 9601.68 9366.16 6439.71 27735.2 29600 25933.7 59907.1 43462.2 666.429
log_desv_Rt
 -1.74582 -1.33089 -3.38457 -1.65881 1.18733 -0.338773 1.16534 1.45342 1.54897 2.63729 0.951983 -0.0231427 1.23682 0.311522 -0.153046 -0.153823 -0.570307 -0.595142 -0.969761 0.490458 0.555531 0.423299 1.26055 0.939647 -3.23807
SSB
 2.46415e+06 1.04684e+06 427638 198562 104282 302825 303055 424453 468824 638599 1.29469e+06 865844 443191 263444 112487 87828 97004.8 113944 117640 105912 234307 306819 331228 478301 526998
BT
 2.88125e+06 1.21335e+06 547712 253603 375231 414603 1.01949e+06 1.06089e+06 1.20795e+06 2.06633e+06 1.83414e+06 1.15209e+06 908435 480591 252485 168757 179109 201777 172184 284478 480567 423984 572572 750157 630895
Ftot
 0.0995828 0.186353 0.762974 0.410013 0.137566 0.776916 0.821555 1.19666 1.09081 0.557793 0.516615 0.518029 1.09491 1.68067 1.83545 0.790519 0.617187 0.501333 0.512011 0.693355 0.191897 0.240402 0.344558 0.311622 0.37832
BD_Bspro_t
 0.984252 0.879813 0.67339 0.339641 0.365191 0.679384 0.482778 0.508618 0.481797 0.512206 0.645514 0.470202 0.318476 0.249735 0.142834 0.13917 0.19942 0.295592 0.355606 0.389132 0.608084 0.721571 0.701944 0.712725 0.67108
BD_Bspro
 7.05597 2.99758 1.22452 0.568571 0.298606 0.867123 0.867783 1.2154 1.34245 1.82859 3.70727 2.4793 1.26905 0.754358 0.322101 0.251491 0.277768 0.326272 0.336856 0.303274 0.670925 0.87856 0.948453 1.36959 1.50903
BD_Bo
 2.4259 1.03059 0.420999 0.195479 0.102663 0.298124 0.29835 0.417863 0.461545 0.628685 1.27459 0.852402 0.43631 0.259354 0.110741 0.0864644 0.0954988 0.112175 0.115814 0.104268 0.230669 0.302056 0.326086 0.470876 0.518816
BD_Brms
 8.01538 3.40516 1.39102 0.64588 0.339207 0.985027 0.985776 1.38066 1.52499 2.07723 4.21135 2.81641 1.44161 0.856929 0.365898 0.285686 0.315537 0.370636 0.382658 0.344511 0.762151 0.998018 1.07742 1.55582 1.71421
S_f
 0.138267 1 1 1 1
 0.138267 1 1 1 1
 0.138267 1 1 1 1
 0.138267 1 1 1 1
 0.138267 1 1 1 1
 0.138267 1 1 1 1
 0.138267 1 1 1 1
 0.138267 1 1 1 1
 0.138267 1 1 1 1
 0.138267 1 1 1 1
 0.138267 1 1 1 1
 0.138267 1 1 1 1
 0.138267 1 1 1 1
 0.138267 1 1 1 1
 0.138267 1 1 1 1
 0.138267 1 1 1 1
 0.138267 1 1 1 1
 0.138267 1 1 1 1
 0.138267 1 1 1 1
 0.138267 1 1 1 1
 0.138267 1 1 1 1
 0.138267 1 1 1 1
 0.138267 1 1 1 1
 0.138267 1 1 1 1
 0.138267 1 1 1 1
Scru_reclas
 0.78278 1 1 1 1
 0.78278 1 1 1 1
 0.78278 1 1 1 1
 0.78278 1 1 1 1
 0.78278 1 1 1 1
 0.78278 1 1 1 1
 0.78278 1 1 1 1
 0.78278 1 1 1 1
 0.78278 1 1 1 1
 0.78278 1 1 1 1
 0.78278 1 1 1 1
 0.78278 1 1 1 1
 0.78278 1 1 1 1
 0.78278 1 1 1 1
 0.78278 1 1 1 1
 0.78278 1 1 1 1
 0.78278 1 1 1 1
 0.78278 1 1 1 1
 0.78278 1 1 1 1
 0.78278 1 1 1 1
 0.78278 1 1 1 1
 0.78278 1 1 1 1
 0.78278 1 1 1 1
 0.78278 1 1 1 1
 0.78278 1 1 1 1
Scru_pelaces
 1 1 1 1 1
 1 1 1 1 1
 1 1 1 1 1
 1 1 1 1 1
 1 1 1 1 1
 1 1 1 1 1
 1 1 1 1 1
 1 1 1 1 1
 1 1 1 1 1
 1 1 1 1 1
 1 1 1 1 1
 1 1 1 1 1
 1 1 1 1 1
 1 1 1 1 1
 1 1 1 1 1
 1 1 1 1 1
 1 1 1 1 1
 1 1 1 1 1
 1 1 1 1 1
 1 1 1 1 1
 1 1 1 1 1
 1 1 1 1 1
 1 1 1 1 1
 1 1 1 1 1
 1 1 1 1 1
pf_obs 
 0.256992 0.487395 0.22802 0.0275931 0
 0.321318 0.546541 0.124235 0.00734118 0.000564706
 0.182869 0.594174 0.210203 0.0122559 0.00049798
 0.330522 0.361315 0.267642 0.0388342 0.00168674
 0.649043 0.306663 0.0425973 0.00169635 0
 0.582887 0.30429 0.105238 0.00758474 0
 0.465427 0.430635 0.0974691 0.00646863 0
 0.296916 0.608066 0.0921331 0.00288517 0
 0.311714 0.524322 0.152257 0.0117073 0
 0.15457 0.633149 0.183074 0.0267441 0.00246327
 0.131901 0.49318 0.331252 0.0422183 0.00144891
 0.196976 0.569456 0.194076 0.0375587 0.00193317
 0.518974 0.381816 0.0799577 0.0180837 0.00116848
 0.0928022 0.601141 0.25162 0.0475244 0.00691264
 0.122501 0.610282 0.24278 0.0234846 0.000952079
 0.383417 0.481906 0.127806 0.00687128 0
 0.0376549 0.599619 0.316969 0.0457579 0
 0.0361596 0.667082 0.258105 0.0386534 0
 0.158088 0.579412 0.248529 0.0139706 0
 0.0477256 0.309471 0.559284 0.082774 0.000745712
 0.0406174 0.521527 0.379366 0.0568643 0.0016247
 0.151134 0.462217 0.34131 0.0453401 0
 0.294876 0.26143 0.354403 0.0886775 0.000613685
 0.281977 0.475581 0.204845 0.0348837 0.00271318
 0.0841818 0.532909 0.334909 0.0458182 0.00218182
pf_pred 
 0.0043703 0.638465 0.315733 0.0414304 1.1526e-06
 0.0145612 0.0317725 0.611555 0.302426 0.0396853
 0.0049947 0.104257 0.0287195 0.552791 0.309237
 0.0931087 0.0461317 0.0901911 0.0248447 0.745724
 0.718029 0.134367 0.00750829 0.0146793 0.125416
 0.0715772 0.883552 0.0213824 0.00119482 0.0222939
 0.457263 0.246052 0.282346 0.00683292 0.00750601
 0.359348 0.578363 0.028239 0.0324043 0.00164565
 0.316232 0.604431 0.0716229 0.00349704 0.00421666
 0.501176 0.426698 0.0637574 0.00755503 0.000813667
 0.0573607 0.853862 0.0759411 0.0113471 0.00148941
 0.0470431 0.346024 0.549772 0.0488959 0.00826502
 0.325909 0.213284 0.167322 0.265845 0.0276404
 0.158715 0.724421 0.0369759 0.0290077 0.05088
 0.23242 0.593273 0.150094 0.00766112 0.0165521
 0.288464 0.609899 0.0785563 0.0198743 0.00320611
 0.17213 0.674371 0.131573 0.0169468 0.0049791
 0.192528 0.54304 0.215403 0.0420261 0.00700344
 0.145355 0.588913 0.17871 0.0708873 0.0161352
 0.502453 0.305417 0.132392 0.0401751 0.0195632
 0.242707 0.690784 0.0408263 0.0176973 0.00798545
 0.164338 0.599975 0.214988 0.0127061 0.00799306
 0.317139 0.420242 0.188551 0.0675631 0.00650501
 0.159634 0.671708 0.103795 0.0465697 0.0182939
 0.00314206 0.613747 0.306222 0.0473185 0.0295704
pobs_RECLAS
 0 0 0 0 0
 0 0 0 0 0
 0 0 0 0 0
 0 0 0 0 0
 0.835266 0.146461 0.0176864 0.000547809 3.91292e-05
 0.385257 0.428462 0.181853 0.0044286 0
 0.867414 0.0963971 0.0333333 0.00285562 0
 0.441836 0.489002 0.0689373 0.000224442 0
 0.779404 0.147425 0.0564933 0.0165055 0.000172143
 0.814271 0.122319 0.05973 0.00367925 0
 0.40263 0.566651 0.0304383 0.000280538 0
 0.475488 0.404961 0.113038 0.00651328 0
 0.955842 0.0263864 0.0167828 0.000988607 0
 0.975058 0.0227948 0.00214734 0 0
 0.738997 0.206755 0.0527124 0.00153531 0
 0.850938 0.134255 0.0134407 0.00136685 0
 0.542534 0.407297 0.0501686 0 0
 0.764087 0.199537 0.0359546 0.000420521 0
 0.470689 0.182191 0.310203 0.0369168 0
 0.84361 0.089868 0.0606195 0.00523954 0.000663233
 0.607945 0.314616 0.071237 0.00620181 0
 0.523733 0.453247 0.0230204 0 0
 0.530135 0.295979 0.169645 0.0042399 0
 0.562478 0.366248 0.0663022 0.0049721 0
 0.250443 0.683176 0.0655157 0.000865301 0
ppred_RECLAS
 0.024375 0.625637 0.309389 0.0405979 1.12944e-06
 0.0779599 0.0297284 0.572211 0.282969 0.0371321
 0.0293134 0.101709 0.0280176 0.53928 0.301679
 0.373901 0.0318484 0.0622661 0.0171523 0.514832
 0.935594 0.0306912 0.00171499 0.00335294 0.0286466
 0.317177 0.649822 0.015726 0.000878752 0.0163964
 0.836106 0.0743022 0.085262 0.00206339 0.00226664
 0.780757 0.197926 0.00966389 0.0110893 0.000563172
 0.743218 0.226988 0.0268972 0.00131328 0.00158352
 0.855499 0.123607 0.0184695 0.00218857 0.000235706
 0.263199 0.667409 0.0593583 0.00886934 0.00116417
 0.224704 0.281514 0.447277 0.0397801 0.00672416
 0.7517 0.0785626 0.0616325 0.0979234 0.0101813
 0.563599 0.37578 0.0191806 0.0150472 0.0263931
 0.680518 0.246932 0.0624722 0.00318871 0.00688931
 0.709834 0.248718 0.0320354 0.00810478 0.00130746
 0.552003 0.364932 0.0711999 0.00917069 0.00269441
 0.582946 0.280476 0.111254 0.0217062 0.00361723
 0.499499 0.344882 0.104657 0.0415134 0.00944917
 0.857764 0.0873109 0.0378473 0.011485 0.00559262
 0.64721 0.321807 0.0190192 0.0082444 0.00372008
 0.530373 0.337175 0.120819 0.0071406 0.00449196
 0.728809 0.166895 0.074881 0.026832 0.0025834
 0.523006 0.381263 0.0589142 0.0264331 0.0103837
 0.0179589 0.604625 0.30167 0.0466152 0.0291309
pobs_PELACES
 0 0 0 0 0
 0 0 0 0 0
 0 0 0 0 0
 0 0 0 0 0
 0 0 0 0 0
 0 0 0 0 0
 0 0 0 0 0
 0 0 0 0 0
 0 0 0 0 0
 0 0 0 0 0
 0.450072 0.473896 0.0757376 0.000293798 0
 0 0 0 0 0
 0.463077 0.371075 0.160297 0.00555027 0
 0.529543 0.364841 0.0842815 0.0213345 0
 0.631943 0.363953 0.00410389 0 0
 0.735681 0.248677 0.0153453 0.000297389 0
 0.695825 0.281241 0.0229344 0 0
 0.275771 0.60734 0.115278 0.00161068 0
 0 0 0 0 0
 0.896147 0.0623911 0.0374545 0.00400742 0
 0.803859 0.145111 0.0509908 3.86294e-05 0
 0.739449 0.233085 0.0266225 0.000797448 4.60066e-05
 0.878498 0.100942 0.0204185 0.000141795 0
 0.694673 0.275183 0.0284847 0.00165964 0
 0.469039 0.446079 0.0841089 0.000773354 0
ppred_PELACES
 0.0317899 0.620882 0.307038 0.0402894 1.12085e-06
 0.102248 0.0289454 0.557138 0.275515 0.036154
 0.0457346 0.0999887 0.0275436 0.530157 0.296576
 0.461572 0.0273887 0.0535472 0.0147505 0.442742
 0.950734 0.0234766 0.00131185 0.00256476 0.0219126
 0.425328 0.546898 0.0132352 0.000739568 0.0137994
 0.891685 0.0491053 0.0563485 0.00136366 0.00149799
 0.864746 0.122103 0.00596178 0.00684116 0.000347428
 0.8345 0.146297 0.0173357 0.000846426 0.0010206
 0.898614 0.0867262 0.0129587 0.00153555 0.000165377
 0.345791 0.592596 0.0527045 0.00787513 0.00103368
 0.300221 0.254093 0.403711 0.0359054 0.00606919
 0.84077 0.0503808 0.0395238 0.0627965 0.00652907
 0.726835 0.23522 0.0120061 0.00941878 0.0165207
 0.820981 0.138366 0.0350058 0.00178677 0.00386037
 0.796455 0.174471 0.0224722 0.00568532 0.000917156
 0.652304 0.283229 0.0552591 0.00711749 0.00209117
 0.673124 0.21983 0.0871983 0.0170128 0.00283509
 0.595922 0.278439 0.0844943 0.0335157 0.00762876
 0.90369 0.0591194 0.0256269 0.00777665 0.00378684
 0.712236 0.262491 0.0155136 0.00672479 0.00303439
 0.607045 0.282127 0.101094 0.00597481 0.00375859
 0.791084 0.12857 0.0576856 0.0206704 0.00199016
 0.604824 0.315865 0.0488086 0.0218991 0.00860258
 0.0253558 0.60007 0.299398 0.0462641 0.0289115
pobs_pel_tallas
 0 0 0 0 0 0 0 0 0 0 0 0 0 0 0 0 0 0 0 0 0 0 0 0 0 0 0 0 0 0 0 0 0 0 0 0
 0 0 0 0 0 0 0 0 0 0 0 0 0 0 0 0 0 0 0 0 0 0 0 0 0 0 0 0 0 0 0 0 0 0 0 0
 0 0 0 0 0 0 0 0 0 0 0 0 0 0 0 0 0 0 0 0 0 0 0 0 0 0 0 0 0 0 0 0 0 0 0 0
 0 0 0 0 0 0 0 0 0 0 0 0 0 0 0 0 0 0 0 0 0 0 0 0 0 0 0 0 0 0 0 0 0 0 0 0
 0 0 0 0 0 0 0 0 0 0 0 0 0 0 0 0 0 0 0 0 0 0 0 0 0 0 0 0 0 0 0 0 0 0 0 0
 0 0 0 0 0 0 0 0 0 0 0 0 0 0 0 0 0 0 0 0 0 0 0 0 0 0 0 0 0 0 0 0 0 0 0 0
 0 0 0 0 0 0 0 0 0 0 0 0 0 0 0 0 0 0 0 0 0 0 0 0 0 0 0 0 0 0 0 0 0 0 0 0
 0 0 0 0 0 0 0 0 0 0 0 0 0 0 0 0 0 0 0 0 0 0 0 0 0 0 0 0 0 0 0 0 0 0 0 0
 0 0 0 0 0 0 0 0 0 0 0 0 0 0 0 0 0 0 0 0 0 0 0 0 0 0 0 0 0 0 0 0 0 0 0 0
 0 0 0 0 0 0 0 0 0 0 0 0 0 0 0 0 0 0 0 0 0 0 0 0 0 0 0 0 0 0 0 0 0 0 0 0
 0 0 0 0 0 0 0 0 1.78061e-05 0.00172719 0.00360574 0.0105946 0.0120993 0.0124554 0.0147524 0.0171206 0.0266825 0.0428682 0.0675386 0.121331 0.153587 0.119568 0.100827 0.0573624 0.0630603 0.0341343 0.0324427 0.0444173 0.0211091 0.0280891 0.0125444 0.00206551 0 0 0 0
 0 0 0 0 0 0 0 0 0 0 0 0 0 0 0 0 0 0 0 0 0 0 0 0 0 0 0 0 0 0 0 0 0 0 0 0
 0 0 0 0 0 0 0.0133647 0.0140871 0.0187388 0.0205184 0.03894 0.0496705 0.03968 0.0493445 0.0407372 0.0367815 0.0215668 0.0243155 0.0234873 0.0199281 0.019796 0.0243948 0.0301388 0.0376714 0.0412746 0.0863199 0.0771752 0.113111 0.0741005 0.0525337 0.0229764 0.00759418 0.00175318 0 0 0
 0 0 0 0 0 0 0 0 0 0 0.00219441 0.00772107 0.0458388 0.0604681 0.0671733 0.0775358 0.0609151 0.0617685 0.073594 0.0568108 0.0755445 0.0548602 0.0670107 0.0636378 0.0643287 0.046367 0.0373049 0.0286899 0.0247887 0.0153202 0.00654259 0.00121912 0.000365735 0 0 0
 0 0 0 0 0 0 0 0 0 0 0 0 0.000112435 0.00938835 0.0111873 0.0202946 0.0414886 0.0713402 0.111592 0.104902 0.108894 0.110636 0.117776 0.105296 0.107544 0.0401394 0.0192827 0.0124803 0.00416011 0.0028671 0.000618394 0 0 0 0 0
 0 0 0 0 0 0 0 0 0 0 0.00291406 0.0102884 0.027416 0.0768956 0.0749926 0.110853 0.0956884 0.0897413 0.0766577 0.0534642 0.0500743 0.0551293 0.0594112 0.0620874 0.0668451 0.0424026 0.0208742 0.0120726 0.0048766 0.00582813 0.00118941 0.000297354 0 0 0 0
 0 0.00264628 0.0354308 0.0461629 0.0458689 0.0383711 0.0214643 0.0164657 0.0346957 0.0420465 0.0363128 0.0245516 0.0311673 0.0291091 0.0169068 0.0133784 0.00837989 0.0085269 0.0148486 0.0160247 0.0276389 0.0546898 0.0760071 0.122758 0.109233 0.0665981 0.0333725 0.0166128 0.00676272 0.00308733 0.000882094 0 0 0 0 0
 0 0 0 0 0 0 0 0.000805153 0.000690131 0.00759144 0.0133425 0.0154129 0.00931677 0.000345066 0.00356568 0.00563607 0.00851162 0.0253048 0.0502646 0.0516448 0.0657925 0.0565908 0.0611916 0.0827007 0.0866115 0.110766 0.145733 0.0935128 0.0569358 0.0249597 0.0138026 0.00621118 0.00161031 0.00115022 0 0
 0 0 0 0 0 0 0 0 0 0 0 0 0 0 0 0 0 0 0 0 0 0 0 0 0 0 0 0 0 0 0 0 0 0 0 0
 0.00147267 0.00158595 0.00478618 0.00569244 0.00954404 0.0108468 0.00647125 0.017049 0.0510054 0.094081 0.124002 0.0959785 0.0687766 0.0820023 0.061753 0.0591476 0.0492212 0.0479892 0.0443925 0.0268479 0.0217502 0.0140895 0.0121071 0.0120363 0.00920419 0.00665534 0.0049561 0.00860946 0.00930331 0.0156896 0.0114698 0.00855282 0.00243557 0.00046729 0 2.83206e-05
 0 0 0 0 0.000772559 0.00158375 0.000888443 0.00281984 0.00712685 0.0440552 0.0773331 0.111326 0.0921469 0.0852325 0.0710754 0.0886704 0.0786465 0.0553345 0.0373146 0.0185414 0.00753245 0.00457741 0.012979 0.0271748 0.0457355 0.0583668 0.034881 0.0177882 0.00938659 0.00492506 0.0015258 0.00185414 0.000309023 5.79419e-05 3.86279e-05 0
 0 0.00173294 0.00326652 0 0.00397197 0.00683976 0.00946217 0.0152591 0.00757587 0.0136028 0.0228656 0.0392903 0.0559909 0.0764795 0.0681675 0.0726916 0.0566044 0.0477403 0.0527397 0.0444891 0.0609904 0.0582453 0.0661739 0.0445044 0.0529084 0.0360697 0.0280645 0.0235558 0.0158879 0.00826598 0.00280645 0.00217768 0.000904811 0.00058276 9.20147e-05 0
 0 0 0 0 0 0 0 0 0 0 0 0 0 0 0 0 0 0 0 0 0 0 0 0 0 0 0 0 0 0 0 0 0 0 0 0
 0 0 0 0 0 0 0 0 0 0 0 0 0 0 0 0 0 0 0 0 0 0 0 0 0 0 0 0 0 0 0 0 0 0 0 0
 0 0 0 0 0 0 0 0 0 0 0 0 0 0 0 0 0 0 0 0 0 0 0 0 0 0 0 0 0 0 0 0 0 0 0 0
ppred_pel_tallas
 1.05946e-16 1.42473e-06 8.26691e-06 3.90989e-05 0.000150201 0.000468086 0.00118303 0.00242573 0.00404028 0.0054846 0.00612296 0.00576886 0.00493303 0.00450254 0.00522575 0.00749732 0.0114697 0.0171974 0.0246363 0.0335441 0.0433958 0.0533858 0.0625317 0.0698555 0.0745888 0.0763333 0.0751273 0.0713947 0.0658064 0.0591043 0.0519493 0.0448332 0.0380638 0.0317999 0.0261099 0.0210214
 1.19075e-16 4.4733e-06 2.62185e-05 0.000124562 0.000479457 0.001495 0.00377623 0.00772727 0.0128115 0.0172137 0.018754 0.0165952 0.0119969 0.00724573 0.00399362 0.00262346 0.00275636 0.00396038 0.0060554 0.00907584 0.0131415 0.0183575 0.0247508 0.0322272 0.0405437 0.0492994 0.0579535 0.0658715 0.072398 0.0769457 0.0790835 0.0786056 0.0755666 0.0702706 0.0632226 0.0550472
 1.32499e-16 2.00969e-06 1.1754e-05 5.57941e-05 0.00021468 0.000669313 0.00169068 0.00346037 0.00574011 0.0077216 0.00843646 0.00752221 0.00556168 0.00360731 0.00243912 0.00228063 0.00302192 0.00452949 0.00677336 0.00980198 0.0136807 0.0184509 0.0241122 0.0306165 0.0378629 0.0456877 0.0538491 0.0620126 0.069748 0.0765486 0.081879 0.0852463 0.086281 0.0848065 0.0808808 0.0747966
 1.21964e-16 2.01396e-05 0.000118198 0.000561854 0.00216316 0.00674559 0.0170387 0.034863 0.0577877 0.0776025 0.0844346 0.0744479 0.0532287 0.0309386 0.0147865 0.00614239 0.00281102 0.00223156 0.00288287 0.0041799 0.00599635 0.00835392 0.0112963 0.0148466 0.0189885 0.0236517 0.0286996 0.0339223 0.0390402 0.0437216 0.0476146 0.0503913 0.0517943 0.051678 0.0500321 0.0469878
 1.01139e-16 4.147e-05 0.000243425 0.00115719 0.00445536 0.0138937 0.0350942 0.0718058 0.11902 0.159822 0.17387 0.153252 0.109453 0.063373 0.0298127 0.0115239 0.0038891 0.00151094 0.00110721 0.00130364 0.0016615 0.00205434 0.0024312 0.00275774 0.00301015 0.00317812 0.00326584 0.00328875 0.00326717 0.00321927 0.00315578 0.0030782 0.00298048 0.00285316 0.00268797 0.00248159
 1.01037e-16 1.85811e-05 0.000108998 0.000518007 0.00199415 0.0062184 0.0157077 0.0321435 0.0532948 0.0716135 0.0780355 0.0690844 0.0500014 0.0302869 0.0167627 0.0108938 0.0108406 0.0143404 0.0199198 0.0267266 0.0340595 0.0411221 0.0470299 0.0509589 0.0523314 0.0509584 0.0470878 0.0413362 0.0345326 0.0275257 0.021017 0.0154618 0.0110517 0.00776113 0.00542682 0.00382914
 1.00933e-16 3.88964e-05 0.000228312 0.00108534 0.0041787 0.013031 0.032915 0.0673472 0.111631 0.149903 0.163087 0.143765 0.102718 0.0595561 0.0281734 0.0111679 0.00422657 0.0023031 0.00232841 0.00301136 0.00392318 0.00491209 0.00588421 0.00675479 0.00745073 0.00792125 0.00814424 0.00812508 0.00788969 0.00747499 0.00692065 0.00626444 0.00554118 0.00478363 0.00402352 0.0032912
 1.00376e-16 3.77246e-05 0.000221427 0.00105259 0.00405258 0.0126376 0.0319216 0.0653151 0.108265 0.145389 0.158192 0.139489 0.0997471 0.0580032 0.0277564 0.0115535 0.00523625 0.00392298 0.00462586 0.00604834 0.00769392 0.00930559 0.0106719 0.0116064 0.0119786 0.0117432 0.0109515 0.0097356 0.00827495 0.00675358 0.00532378 0.00408482 0.00307932 0.00230368 0.00172555 0.00130119
 1.00371e-16 3.64067e-05 0.000213687 0.00101579 0.00391088 0.0121958 0.0308055 0.0630317 0.104481 0.14031 0.152673 0.134639 0.0963152 0.0560809 0.0269743 0.0114662 0.00555706 0.0045453 0.005549 0.00730599 0.00931165 0.0112793 0.0129584 0.0141241 0.0146161 0.0143755 0.013458 0.012017 0.0102636 0.00841675 0.00666013 0.0051167 0.00384368 0.00284405 0.00208611 0.00152324
 1.00273e-16 3.92e-05 0.000230092 0.00109379 0.00421123 0.0131324 0.0331712 0.0678717 0.112501 0.151075 0.164369 0.144914 0.103577 0.0601322 0.0285911 0.0115836 0.00477234 0.00307376 0.00338431 0.00437523 0.00556898 0.00675385 0.00777381 0.00849397 0.00881817 0.00870966 0.00819909 0.00737456 0.00635841 0.00527808 0.00424095 0.00331944 0.00254822 0.00193079 0.00145085 0.00108357
 1.01261e-16 1.51149e-05 8.86442e-05 0.000421231 0.00162152 0.00505636 0.0127725 0.0261384 0.0433426 0.0582543 0.0635144 0.0563149 0.0409459 0.0251748 0.0146054 0.0104972 0.0114223 0.0155902 0.0218098 0.0293316 0.0374541 0.045331 0.0520058 0.0565784 0.0584071 0.0572633 0.0533859 0.0474104 0.0402055 0.0326688 0.0255506 0.0193489 0.0142897 0.0103745 0.00746149 0.00534752
 1.07331e-16 1.3115e-05 7.69321e-05 0.000365614 0.00140749 0.00438899 0.0110864 0.0226861 0.0376116 0.0505324 0.0550447 0.0486856 0.0351402 0.021096 0.0113476 0.00691465 0.00650339 0.00855797 0.0121343 0.0167923 0.0222579 0.0282208 0.0342866 0.0400141 0.0449836 0.0488589 0.0514261 0.0525975 0.0523908 0.0508977 0.0482573 0.044643 0.0402608 0.0353491 0.0301715 0.0249987
 1.03041e-16 3.66762e-05 0.000215278 0.00102337 0.00394011 0.0122869 0.0310357 0.063502 0.105257 0.141345 0.153778 0.135563 0.0968661 0.0561801 0.0266091 0.0106068 0.00411182 0.00237256 0.00250237 0.00329137 0.00434265 0.00551985 0.00674 0.00792676 0.0090116 0.00994203 0.0106856 0.0112272 0.0115616 0.0116861 0.0115962 0.0112871 0.0107589 0.0100233 0.00910847 0.00805941
 1.01343e-16 3.17156e-05 0.000186138 0.000884801 0.00340651 0.0106229 0.0268326 0.0549035 0.0910106 0.12223 0.133026 0.117374 0.0840983 0.049237 0.0241872 0.0111484 0.00668369 0.00673002 0.00877839 0.0116846 0.0149113 0.0180643 0.0207568 0.0226347 0.0234476 0.023108 0.0217117 0.0195086 0.016837 0.0140424 0.0114083 0.00911606 0.00723975 0.00576691 0.00463318 0.00375616
 1.00784e-16 3.58169e-05 0.000210225 0.000999334 0.00384752 0.0119982 0.0303064 0.0620104 0.102788 0.138036 0.150198 0.132455 0.0947489 0.0551615 0.0265189 0.0112514 0.0054248 0.004416 0.0053944 0.00712582 0.00912393 0.011118 0.012872 0.0141705 0.0148554 0.0148591 0.0142185 0.0130605 0.011566 0.00992653 0.00830522 0.00681478 0.0055133 0.0044142 0.00350296 0.00275319
 1.00615e-16 3.47489e-05 0.000203952 0.000969502 0.00373265 0.0116399 0.0294015 0.0601594 0.0997204 0.133921 0.145729 0.128536 0.0919932 0.0536534 0.0259736 0.0113278 0.00591488 0.00525883 0.0066107 0.00875258 0.0111722 0.0135497 0.015591 0.0170286 0.0176707 0.0174451 0.0164152 0.0147597 0.0127257 0.0105693 0.00850565 0.00667833 0.00515439 0.00393802 0.00299384 0.00227002
 1.0122e-16 2.84677e-05 0.000167066 0.000794118 0.00305734 0.00953398 0.0240822 0.0492765 0.0816852 0.109713 0.119421 0.105413 0.0756228 0.0444655 0.022199 0.0108327 0.00731734 0.00803368 0.0107369 0.0143761 0.0184079 0.0223824 0.0258352 0.0283306 0.0295504 0.0293663 0.027867 0.0253269 0.0221319 0.0186864 0.0153331 0.0123054 0.00971887 0.00759239 0.00588382 0.00452491
 1.02027e-16 2.93731e-05 0.000172387 0.000819427 0.00315481 0.00983794 0.0248499 0.0508468 0.0842863 0.1132 0.123201 0.108712 0.0779058 0.0456408 0.0224773 0.0104611 0.0064206 0.0066078 0.00871578 0.011702 0.0150833 0.018503 0.021601 0.0240332 0.0255359 0.0259802 0.0253953 0.0239475 0.0218893 0.0194938 0.0169992 0.0145765 0.0123245 0.0102841 0.00846186 0.00685006
 1.02799e-16 2.60091e-05 0.000152631 0.000725497 0.00279313 0.00871006 0.0220011 0.0450183 0.0746272 0.100236 0.109111 0.0963275 0.0691366 0.0407167 0.0204494 0.0101843 0.00715181 0.00806101 0.0108735 0.0146349 0.0188447 0.0230772 0.0268836 0.0298349 0.0316069 0.03205 0.0312162 0.0293307 0.0267247 0.0237492 0.0207038 0.017795 0.0151315 0.0127456 0.0106253 0.00874426
 1.00828e-16 3.94202e-05 0.000231387 0.00109996 0.00423497 0.0132064 0.0333582 0.0682542 0.113134 0.151922 0.165285 0.145707 0.104113 0.0603789 0.0285889 0.0113764 0.00437061 0.00245483 0.00251277 0.00322566 0.00414481 0.00510037 0.00598289 0.00669835 0.00717489 0.00737582 0.00730528 0.00700303 0.00653093 0.00595614 0.00533689 0.00471466 0.00411344 0.00354403 0.00301024 0.00251409
 1.00679e-16 3.10801e-05 0.000182405 0.000867048 0.00333814 0.0104097 0.0262941 0.0538019 0.0891855 0.119782 0.130369 0.115048 0.0824699 0.0483617 0.0239022 0.0112605 0.0070813 0.00739119 0.00972972 0.0129595 0.0165212 0.0199816 0.022907 0.0248992 0.0256769 0.0251429 0.0234074 0.0207559 0.0175761 0.0142664 0.0111578 0.00846697 0.00628844 0.00461637 0.00338171 0.00248953
 1.01908e-16 2.64943e-05 0.00015548 0.000739038 0.00284526 0.00887263 0.0224117 0.0458585 0.07602 0.102106 0.111147 0.0981239 0.0704238 0.0414705 0.02082 0.0103556 0.00725455 0.00816332 0.0110039 0.0148022 0.0190464 0.0233003 0.0271035 0.0300152 0.0317011 0.0320055 0.0309802 0.0288575 0.0259819 0.0227242 0.0194069 0.0162601 0.0134138 0.0109157 0.00876197 0.00692573
 1.01665e-16 3.45129e-05 0.000202571 0.000962944 0.00370742 0.0115613 0.0292027 0.0597523 0.0990445 0.133009 0.144728 0.127631 0.0912975 0.0531512 0.0255516 0.0108421 0.00523468 0.00427985 0.00525834 0.00699218 0.00902645 0.0111144 0.0130401 0.0146013 0.015641 0.0160778 0.0159193 0.0152506 0.0142056 0.0129307 0.0115536 0.0101668 0.00882557 0.00755651 0.00637096 0.00527563
 1.01951e-16 2.63987e-05 0.000154916 0.00073635 0.0028349 0.00884031 0.0223301 0.0456918 0.0757445 0.101739 0.110754 0.0977937 0.070223 0.0414245 0.0209295 0.010625 0.00770756 0.00883818 0.0119374 0.0160103 0.0205065 0.02494 0.0287982 0.0316004 0.0329968 0.0328493 0.0312603 0.0285365 0.0251055 0.0214114 0.0178253 0.0145939 0.0118321 0.00954829 0.00768661 0.0061674
 1.07386e-16 1.14324e-06 6.61646e-06 3.12572e-05 0.000120017 0.000373963 0.000945263 0.00193907 0.00323304 0.00439887 0.00493714 0.0047126 0.00415451 0.00400309 0.00489945 0.00721162 0.0111162 0.0167007 0.0239466 0.0326345 0.0422674 0.0520757 0.0611172 0.068452 0.0733386 0.0753872 0.0746234 0.0714382 0.0664552 0.0603623 0.0537682 0.0471213 0.0406984 0.0346422 0.0290193 0.0238679
pSPR Fmed_Fpbrs
0.513053   0.352655 0.352655
Fs Fmed_Fpbrs
0.512253   1.005 1.005
SSBpbr Bo_Bmed_Bpbrs
1.01577e+06  470355  307428 307428
Ro
16983.5
SPR SPRFo_SPRFmed_SPRFpbrs
349229 179173 123158
log_Ro
9.56
likeval ReclasPelacesDesembMPH_pf_preclas_ppelaces_ptallas_desvR_qrecl_qpela
 95.6236 99.5273 0.149895 0.000539423 406.199 203.481 87.6088 0 71.1967 3.86526e-06 0 0 0 0 0
q_reclas_q_pelaces
0.756847 1
M
0.7
N
 2963.65 62155.4 30737 4033.3 0.112207
 4487.76 1451.58 27939.9 13816.8 1813.09
 575.611 2171.87 598.277 11515.6 6441.95
 3233.06 257.221 502.888 138.529 4158.01
 55677.5 1517.01 84.7685 165.729 1415.94
 12103.2 27127.7 656.504 36.6847 684.489
 54466.6 5398.12 6194.36 149.907 164.673
 72651 24143 1178.8 1352.67 68.6955
 79935 30575.8 3623.12 176.901 213.304
 237349 34137.3 5100.81 604.427 65.096
 44001.7 109116 9704.57 1450.06 190.333
 16595 20344.2 32323.5 2874.8 485.936
 58501.9 7671.22 6018.08 9561.69 994.148
 23191.1 24969.9 1274.51 999.856 1753.77
 14573.4 9128.34 2309.42 117.877 254.678
 14562.1 5614.86 723.205 182.967 29.5162
 9601.68 6482.58 1264.78 162.906 47.863
 9366.16 4378.04 1736.6 338.819 56.4624
 6439.71 4339.61 1316.88 522.358 118.898
 27735.2 2979.3 1291.46 391.902 190.837
 29600 12513.8 739.585 320.593 144.66
 25933.7 14314.1 5129.14 303.139 190.697
 59907.1 12457.3 5589.22 2002.78 192.829
 43462.2 28365 4383.05 1966.55 772.518
 666.429 20672.5 10314.3 1593.8 996.004
pred_Ctot
 29.1688 4261.32 2107.3 276.52 0.0076928
 82.22 179.404 3453.16 1707.65 224.083
 41.699 870.41 239.769 4615.06 2581.72
 128.567 63.7 124.539 34.3063 1029.72
 755.25 141.333 7.89751 15.4403 131.917
 892.071 11011.8 266.49 14.8912 277.85
 4233.79 2278.2 2614.24 63.2659 69.4981
 8043.96 12946.6 632.126 725.367 36.8377
 8118.45 15517.2 1838.73 89.7774 108.252
 12726.4 10835.2 1618.99 191.845 20.6615
 2190.58 32608.5 2900.15 433.342 56.8797
 828.354 6092.92 9680.6 860.977 145.534
 5962.54 3902.05 3061.16 4863.66 505.684
 3504.92 15997.5 816.544 640.58 1123.59
 2383.69 6084.6 1539.37 78.5724 169.758
 1091.2 2307.13 297.163 75.1804 12.1281
 567.615 2223.8 433.872 55.8836 16.419
 452.908 1277.46 506.721 98.8635 16.4751
 317.825 1287.68 390.756 154.998 35.2803
 1833.53 1114.52 483.119 146.606 71.3895
 558.245 1588.86 93.9037 40.7051 18.3672
 610.925 2230.4 799.216 47.2348 29.7141
 2009.93 2663.36 1194.98 428.194 41.2267
 1321.44 5560.36 859.206 385.502 151.436
 24.4999 4785.63 2387.73 368.961 230.572
F
 0.0137691 0.0995828 0.0995828 0.0995828 0.0995828
 0.0257665 0.186353 0.186353 0.186353 0.186353
 0.105495 0.762974 0.762974 0.762974 0.762974
 0.0566914 0.410013 0.410013 0.410013 0.410013
 0.0190208 0.137566 0.137566 0.137566 0.137566
 0.107422 0.776916 0.776916 0.776916 0.776916
 0.113594 0.821555 0.821555 0.821555 0.821555
 0.165459 1.19666 1.19666 1.19666 1.19666
 0.150823 1.09081 1.09081 1.09081 1.09081
 0.0771246 0.557793 0.557793 0.557793 0.557793
 0.0714311 0.516615 0.516615 0.516615 0.516615
 0.0716265 0.518029 0.518029 0.518029 0.518029
 0.151391 1.09491 1.09491 1.09491 1.09491
 0.232383 1.68067 1.68067 1.68067 1.68067
 0.253782 1.83545 1.83545 1.83545 1.83545
 0.109303 0.790519 0.790519 0.790519 0.790519
 0.0853369 0.617187 0.617187 0.617187 0.617187
 0.069318 0.501333 0.501333 0.501333 0.501333
 0.0707945 0.512011 0.512011 0.512011 0.512011
 0.0958685 0.693355 0.693355 0.693355 0.693355
 0.026533 0.191897 0.191897 0.191897 0.191897
 0.0332398 0.240402 0.240402 0.240402 0.240402
 0.0476412 0.344558 0.344558 0.344558 0.344558
 0.0430872 0.311622 0.311622 0.311622 0.311622
 0.0523093 0.37832 0.37832 0.37832 0.37832
YTP_r0W_actual
 274.399 105284 78795.2 15164.3 9868.49
YTP_p0W_proyectada
 17576.8 3241.6 105817 68871.9 16295
 17576.8 98067.2 859.07 25091.3 16902.9
CTP_r0_actual
 24.4999 4785.63 2387.73 368.961 230.572
CTP_p0_proyectada
 2067.86 151.477 3391.57 1692.18 350.43
 2067.86 4582.58 27.5343 616.494 363.504
Wmedp
 8.5 21.4 31.2 40.7 46.5
nmprior
 10.6 11 7 0
nm_flota  nm_reclas  nm_pelaces    nm_pelaL
inf 19.8206 16.1388 37.1735
cv_recla  cv_pelaces  cv_mph
0.88452 1.13121 0.753534
 ------------------------------------------------
Talla a la edad & desviaci?n 
 7.2 14.2025 17.0495 18.207 18.6776
 1.08 2.13037 2.55742 2.73105 2.80164
