years
 1997 1998 1999 2000 2001 2002 2003 2004 2005 2006 2007 2008 2009 2010 2011 2012 2013 2014 2015 2016 2017 2018 2019 2020 2021
reclasobs
 0 0 0 370054 412103 1.49427e+06 250295 1.28982e+06 931140 785840 897777 1.04006e+06 184774 17550 25797 100020 73551 82996 120727 218422 84188 347160 605670 569463 516374
reclaspred
 3.77103e+06 780722 2.30413e+06 1.32395e+06 1.28829e+06 1.50939e+06 2.7214e+06 1.66017e+06 1.69977e+06 1.48003e+06 1.17336e+06 799556 491746 252017 185404 191074 234258 336927 371853 495197 734141 732306 1.32653e+06 1.7538e+06 3.04936e+06
pelacesobs
 0 0 0 0 0 0 0 0 0 2.06254e+06 1.5e+06 0 1.87456e+06 323000 250000 174000 83755 137374 0 501740 490994 745055 786931 1.00524e+06 1.33801e+06
pelacespred
 2.26134e+06 906588 862665 995049 816630 793063 1.37541e+06 1.20156e+06 1.0143e+06 918617 625092 438950 264985 113633 84046.6 96940.5 123890 177140 207864 265246 424642 441670 604364 957960 1.64707e+06
mphobs
 0 0 0 0 0 112323 0 153150 637223 0 255016 313432 73983 77613 109348 50772 0 0 0 0 0 0 0 0 0
mphpred
 2.72399e+06 1.47985e+06 1.30365e+06 1.5031e+06 1.12598e+06 1.3202e+06 1.77583e+06 1.92737e+06 1.50249e+06 1.44549e+06 1.23687e+06 823544 543654 303998 168356 157598 182313 258226 322279 372171 556207 670214 886028 1.31879e+06 2.14402e+06
desembarqueobs
 350755 77701 442110 56441 14545 235359 269955 359681 431902 328805 639364 411747 362871 311530 167758 66681 60226 58785 57116 73181 50977 67692 138656 160484 209506
desembarquepred
 350922 77694.8 441955 56353.3 14521.6 235464 269823 359491 431896 328804 640307 412463 363047 311712 167766 66731.7 60278 58789.6 57167.8 73255 50970.8 67733.6 138748 160520 209609
Reclutas
 103989 107802 49224 66771.2 107365 78933.3 122178 100173 131260 110974 63411.2 54240.8 47211.1 31953.5 21708.1 21157.2 19779.3 21187.9 24258 42413.3 55391.9 77693.8 123307 179444 221965
log_desv_Rt
 0.492045 0.528048 -0.255864 0.0490269 0.523986 0.216358 0.653233 0.454652 0.724933 0.55705 -0.00260429 -0.158811 -0.297616 -0.687962 -1.07456 -1.10026 -1.16761 -1.09882 -0.963497 -0.404783 -0.137812 0.200531 0.662436 1.03762 1.25028
SSB
 2.72399e+06 1.47985e+06 1.30365e+06 1.5031e+06 1.12598e+06 1.3202e+06 1.77583e+06 1.92737e+06 1.50249e+06 1.44549e+06 1.23687e+06 823544 543654 303998 168356 157598 182313 258226 322279 372171 556207 670214 886028 1.31879e+06 2.14402e+06
BT
 5.92906e+06 1.84974e+06 2.13454e+06 2.03503e+06 1.75664e+06 1.71852e+06 3.46117e+06 2.91605e+06 2.72705e+06 2.28004e+06 1.88062e+06 1.3244e+06 939443 539927 344160 270316 335719 442090 480844 661718 1.02375e+06 963100 1.38234e+06 2.27605e+06 3.98694e+06
Ftot
 0.0907256 0.0969932 0.185816 0.0416118 0.0110389 0.151473 0.0966429 0.209577 0.245454 0.214948 0.515291 0.4886 0.687522 1.10192 0.833982 0.335265 0.248592 0.169354 0.149359 0.143832 0.0677917 0.0901867 0.101914 0.0892646 0.0671213
BD_Bspro_t
 0.986576 0.915521 0.867076 0.775807 0.817076 0.873987 0.829532 0.821727 0.753951 0.704901 0.646411 0.476067 0.380434 0.283969 0.193405 0.211148 0.304498 0.466471 0.581885 0.672093 0.770332 0.841524 0.855672 0.864486 0.885327
BD_Bspro
 2.08365 1.13198 0.997196 1.14976 0.861292 1.00986 1.35838 1.4743 1.1493 1.1057 0.946118 0.629951 0.415856 0.232537 0.12878 0.120551 0.139456 0.197524 0.24652 0.284684 0.425458 0.512665 0.677747 1.00878 1.64002
BD_Bo
 1.77116 0.962211 0.847644 0.97733 0.732122 0.858405 1.15466 1.25319 0.976937 0.939873 0.804227 0.535476 0.353489 0.197663 0.109467 0.102471 0.118542 0.167901 0.209549 0.241989 0.361651 0.43578 0.576104 0.857493 1.39406
BD_Brms
 8.61482 4.68013 4.12288 4.75367 3.56099 4.17522 5.61619 6.09544 4.75175 4.57148 3.9117 2.60452 1.71935 0.961418 0.532438 0.498414 0.576578 0.816658 1.01923 1.17702 1.75905 2.1196 2.80213 4.17079 6.78063
S_f
 0.5 1 1 1 1
 0.5 1 1 1 1
 0.5 1 1 1 1
 0.5 1 1 1 1
 0.5 1 1 1 1
 0.5 1 1 1 1
 0.5 1 1 1 1
 0.5 1 1 1 1
 0.5 1 1 1 1
 0.5 1 1 1 1
 0.5 1 1 1 1
 0.5 1 1 1 1
 0.5 1 1 1 1
 0.5 1 1 1 1
 0.5 1 1 1 1
 0.5 1 1 1 1
 0.5 1 1 1 1
 0.5 1 1 1 1
 0.5 1 1 1 1
 0.5 1 1 1 1
 0.5 1 1 1 1
 0.5 1 1 1 1
 0.5 1 1 1 1
 0.5 1 1 1 1
 0.5 1 1 1 1
Scru_reclas
 0.5 1 1 1 1
 0.5 1 1 1 1
 0.5 1 1 1 1
 0.5 1 1 1 1
 0.5 1 1 1 1
 0.5 1 1 1 1
 0.5 1 1 1 1
 0.5 1 1 1 1
 0.5 1 1 1 1
 0.5 1 1 1 1
 0.5 1 1 1 1
 0.5 1 1 1 1
 0.5 1 1 1 1
 0.5 1 1 1 1
 0.5 1 1 1 1
 0.5 1 1 1 1
 0.5 1 1 1 1
 0.5 1 1 1 1
 0.5 1 1 1 1
 0.5 1 1 1 1
 0.5 1 1 1 1
 0.5 1 1 1 1
 0.5 1 1 1 1
 0.5 1 1 1 1
 0.5 1 1 1 1
Scru_pelaces
 0.5 1 1 1 1
 0.5 1 1 1 1
 0.5 1 1 1 1
 0.5 1 1 1 1
 0.5 1 1 1 1
 0.5 1 1 1 1
 0.5 1 1 1 1
 0.5 1 1 1 1
 0.5 1 1 1 1
 0.5 1 1 1 1
 0.5 1 1 1 1
 0.5 1 1 1 1
 0.5 1 1 1 1
 0.5 1 1 1 1
 0.5 1 1 1 1
 0.5 1 1 1 1
 0.5 1 1 1 1
 0.5 1 1 1 1
 0.5 1 1 1 1
 0.5 1 1 1 1
 0.5 1 1 1 1
 0.5 1 1 1 1
 0.5 1 1 1 1
 0.5 1 1 1 1
 0.5 1 1 1 1
pf_obs 
 0.256992 0.487395 0.22802 0.0275931 0
 0.321318 0.546541 0.124235 0.00734118 0.000564706
 0.182869 0.594174 0.210203 0.0122559 0.00049798
 0.330522 0.361315 0.267642 0.0388342 0.00168674
 0.649043 0.306663 0.0425973 0.00169635 0
 0.582887 0.30429 0.105238 0.00758474 0
 0.465427 0.430635 0.0974691 0.00646863 0
 0.296916 0.608066 0.0921331 0.00288517 0
 0.311714 0.524322 0.152257 0.0117073 0
 0.15457 0.633149 0.183074 0.0267441 0.00246327
 0.131901 0.49318 0.331252 0.0422183 0.00144891
 0.196976 0.569456 0.194076 0.0375587 0.00193317
 0.518974 0.381816 0.0799577 0.0180837 0.00116848
 0.0928022 0.601141 0.25162 0.0475244 0.00691264
 0.122501 0.610282 0.24278 0.0234846 0.000952079
 0.383417 0.481906 0.127806 0.00687128 0
 0.0376549 0.599619 0.316969 0.0457579 0
 0.0361596 0.667082 0.258105 0.0386534 0
 0.158088 0.579412 0.248529 0.0139706 0
 0.0477256 0.309471 0.559284 0.082774 0.000745712
 0.0406174 0.521527 0.379366 0.0568643 0.0016247
 0.151134 0.462217 0.34131 0.0453401 0
 0.294876 0.26143 0.354403 0.0886775 0.000613685
 0.281977 0.475581 0.204845 0.0348837 0.00271318
 0.0841818 0.532909 0.334909 0.0458182 0.00218182
pf_pred 
 0.413955 0.295023 0.146504 0.0727519 0.0717649
 0.397629 0.356433 0.123809 0.0614816 0.0606475
 0.224313 0.446561 0.194749 0.0676472 0.0667295
 0.364249 0.240817 0.227363 0.0991549 0.0684167
 0.470807 0.284119 0.0928318 0.0876452 0.0645966
 0.330189 0.42929 0.129134 0.0421925 0.0691947
 0.465474 0.271107 0.168829 0.0507849 0.0438057
 0.367656 0.405676 0.114964 0.0715927 0.0401117
 0.460334 0.298148 0.154944 0.0439095 0.0426644
 0.394579 0.391508 0.11818 0.0614166 0.0343162
 0.292643 0.410892 0.191716 0.057871 0.0468789
 0.376822 0.30571 0.184412 0.0860435 0.0470126
 0.428011 0.333253 0.117116 0.0706471 0.050973
 0.433895 0.366678 0.11619 0.040833 0.0424035
 0.488628 0.349542 0.10482 0.0332147 0.0237944
 0.531947 0.332847 0.0924185 0.0277144 0.0150731
 0.456174 0.388639 0.110358 0.0306422 0.0141866
 0.448921 0.354368 0.140577 0.0399184 0.0162153
 0.449828 0.347122 0.13057 0.0517968 0.0206829
 0.552328 0.282232 0.104382 0.0392632 0.0217951
 0.507986 0.354202 0.0868826 0.032133 0.0187963
 0.502507 0.337251 0.115358 0.0282964 0.0165869
 0.535508 0.313297 0.102495 0.0350591 0.0136407
 0.525189 0.334044 0.0949468 0.031062 0.0147588
 0.478422 0.362002 0.112267 0.0319101 0.0153996
pobs_RECLAS
 0 0 0 0 0
 0 0 0 0 0
 0 0 0 0 0
 0 0 0 0 0
 0.835266 0.146461 0.0176864 0.000547809 3.91292e-05
 0.385257 0.428462 0.181853 0.0044286 0
 0.867414 0.0963971 0.0333333 0.00285562 0
 0.441836 0.489002 0.0689373 0.000224442 0
 0.779404 0.147425 0.0564933 0.0165055 0.000172143
 0.814271 0.122319 0.05973 0.00367925 0
 0.40263 0.566651 0.0304383 0.000280538 0
 0.475488 0.404961 0.113038 0.00651328 0
 0.955842 0.0263864 0.0167828 0.000988607 0
 0.975058 0.0227948 0.00214734 0 0
 0.738997 0.206755 0.0527124 0.00153531 0
 0.850938 0.134255 0.0134407 0.00136685 0
 0.542534 0.407297 0.0501686 0 0
 0.764087 0.199537 0.0359546 0.000420521 0
 0.470689 0.182191 0.310203 0.0369168 0
 0.84361 0.089868 0.0606195 0.00523954 0.000663233
 0.607945 0.314616 0.071237 0.00620181 0
 0.523733 0.453247 0.0230204 0 0
 0.530135 0.295979 0.169645 0.0042399 0
 0.562478 0.366248 0.0663022 0.0049721 0
 0.250443 0.683176 0.0655157 0.000865301 0
ppred_RECLAS
 0.414653 0.294672 0.14633 0.0726653 0.0716795
 0.39837 0.355994 0.123656 0.061406 0.0605729
 0.225433 0.445916 0.194468 0.0675495 0.0666331
 0.36454 0.240707 0.227258 0.0991095 0.0683854
 0.470888 0.284076 0.0928177 0.0876319 0.0645868
 0.331314 0.428569 0.128917 0.0421217 0.0690785
 0.466241 0.270718 0.168587 0.0507121 0.0437429
 0.369376 0.404572 0.114651 0.0713979 0.0400025
 0.462552 0.296923 0.154307 0.043729 0.0424891
 0.396401 0.39033 0.117824 0.0612318 0.0342129
 0.2974 0.408128 0.190426 0.0574818 0.0465636
 0.381838 0.303249 0.182927 0.0853509 0.0466342
 0.43635 0.328395 0.115408 0.0696172 0.0502299
 0.450526 0.355906 0.112777 0.0396334 0.0411577
 0.49981 0.341899 0.102528 0.0324884 0.0232741
 0.535206 0.33053 0.0917751 0.0275214 0.0149682
 0.458423 0.387032 0.109902 0.0305154 0.0141279
 0.450349 0.35345 0.140213 0.0398149 0.0161733
 0.451065 0.346341 0.130276 0.0516803 0.0206364
 0.553512 0.281485 0.104106 0.0391593 0.0217374
 0.508511 0.353824 0.0867899 0.0320987 0.0187762
 0.503221 0.336767 0.115193 0.0282558 0.0165631
 0.53632 0.312749 0.102316 0.0349978 0.0136169
 0.525893 0.333548 0.094806 0.0310159 0.0147369
 0.47894 0.361642 0.112155 0.0318783 0.0153843
pobs_PELACES
 0 0 0 0 0
 0 0 0 0 0
 0 0 0 0 0
 0 0 0 0 0
 0 0 0 0 0
 0 0 0 0 0
 0 0 0 0 0
 0 0 0 0 0
 0 0 0 0 0
 0 0 0 0 0
 0.450072 0.473896 0.0757376 0.000293798 0
 0 0 0 0 0
 0.463077 0.371075 0.160297 0.00555027 0
 0.529543 0.364841 0.0842815 0.0213345 0
 0.631943 0.363953 0.00410389 0 0
 0.735681 0.248677 0.0153453 0.000297389 0
 0.695825 0.281241 0.0229344 0 0
 0.275771 0.60734 0.115278 0.00161068 0
 0 0 0 0 0
 0.896147 0.0623911 0.0374545 0.00400742 0
 0.803859 0.145111 0.0509908 3.86294e-05 0
 0.739449 0.233085 0.0266225 0.000797448 4.60066e-05
 0.878498 0.100942 0.0204185 0.000141795 0
 0.694673 0.275183 0.0284847 0.00165964 0
 0.469039 0.446079 0.0841089 0.000773354 0
ppred_PELACES
 0.418291 0.292841 0.14542 0.0722137 0.071234
 0.402212 0.353721 0.122867 0.0610139 0.0601861
 0.230832 0.442808 0.193113 0.0670787 0.0661687
 0.366132 0.240104 0.226689 0.0988612 0.0682141
 0.471341 0.283832 0.0927381 0.0875567 0.0645314
 0.336874 0.425006 0.127845 0.0417715 0.0685041
 0.470211 0.268704 0.167333 0.0503349 0.0434175
 0.377467 0.399381 0.113181 0.0704819 0.0394893
 0.472634 0.291353 0.151412 0.0429087 0.041692
 0.404917 0.384823 0.116162 0.0603679 0.0337302
 0.315466 0.397634 0.18553 0.0560037 0.0453663
 0.40104 0.29383 0.177245 0.0826997 0.0451856
 0.464423 0.312039 0.10966 0.0661498 0.0477282
 0.495818 0.32657 0.103481 0.0363665 0.0377652
 0.534159 0.31842 0.0954877 0.0302574 0.0216758
 0.548937 0.320765 0.0890639 0.0267084 0.014526
 0.468623 0.379743 0.107832 0.0299407 0.0138618
 0.457275 0.348996 0.138446 0.0393132 0.0159695
 0.457175 0.342487 0.128826 0.0511051 0.0204067
 0.55937 0.277792 0.10274 0.0386456 0.0214523
 0.511307 0.351812 0.0862963 0.0319162 0.0186694
 0.506941 0.334245 0.11433 0.0280442 0.0164391
 0.540499 0.30993 0.101394 0.0346824 0.0134941
 0.529564 0.330966 0.0940719 0.0307758 0.0146228
 0.481705 0.359723 0.11156 0.0317092 0.0153027
pobs_pel_tallas
 0 0 0 0 0 0 0 0 0 0 0 0 0 0 0 0 0 0 0 0 0 0 0 0 0 0 0 0 0 0 0 0 0 0 0 0
 0 0 0 0 0 0 0 0 0 0 0 0 0 0 0 0 0 0 0 0 0 0 0 0 0 0 0 0 0 0 0 0 0 0 0 0
 0 0 0 0 0 0 0 0 0 0 0 0 0 0 0 0 0 0 0 0 0 0 0 0 0 0 0 0 0 0 0 0 0 0 0 0
 0 0 0 0 0 0 0 0 0 0 0 0 0 0 0 0 0 0 0 0 0 0 0 0 0 0 0 0 0 0 0 0 0 0 0 0
 0 0 0 0 0 0 0 0 0 0 0 0 0 0 0 0 0 0 0 0 0 0 0 0 0 0 0 0 0 0 0 0 0 0 0 0
 0 0 0 0 0 0 0 0 0 0 0 0 0 0 0 0 0 0 0 0 0 0 0 0 0 0 0 0 0 0 0 0 0 0 0 0
 0 0 0 0 0 0 0 0 0 0 0 0 0 0 0 0 0 0 0 0 0 0 0 0 0 0 0 0 0 0 0 0 0 0 0 0
 0 0 0 0 0 0 0 0 0 0 0 0 0 0 0 0 0 0 0 0 0 0 0 0 0 0 0 0 0 0 0 0 0 0 0 0
 0 0 0 0 0 0 0 0 0 0 0 0 0 0 0 0 0 0 0 0 0 0 0 0 0 0 0 0 0 0 0 0 0 0 0 0
 0 0 0 0 0 0 0 0 0 0 0 0 0 0 0 0 0 0 0 0 0 0 0 0 0 0 0 0 0 0 0 0 0 0 0 0
 0 0 0 0 0 0 0 0 1.78061e-05 0.00172719 0.00360574 0.0105946 0.0120993 0.0124554 0.0147524 0.0171206 0.0266825 0.0428682 0.0675386 0.121331 0.153587 0.119568 0.100827 0.0573624 0.0630603 0.0341343 0.0324427 0.0444173 0.0211091 0.0280891 0.0125444 0.00206551 0 0 0 0
 0 0 0 0 0 0 0 0 0 0 0 0 0 0 0 0 0 0 0 0 0 0 0 0 0 0 0 0 0 0 0 0 0 0 0 0
 0 0 0 0 0 0 0.0133647 0.0140871 0.0187388 0.0205184 0.03894 0.0496705 0.03968 0.0493445 0.0407372 0.0367815 0.0215668 0.0243155 0.0234873 0.0199281 0.019796 0.0243948 0.0301388 0.0376714 0.0412746 0.0863199 0.0771752 0.113111 0.0741005 0.0525337 0.0229764 0.00759418 0.00175318 0 0 0
 0 0 0 0 0 0 0 0 0 0 0.00219441 0.00772107 0.0458388 0.0604681 0.0671733 0.0775358 0.0609151 0.0617685 0.073594 0.0568108 0.0755445 0.0548602 0.0670107 0.0636378 0.0643287 0.046367 0.0373049 0.0286899 0.0247887 0.0153202 0.00654259 0.00121912 0.000365735 0 0 0
 0 0 0 0 0 0 0 0 0 0 0 0 0.000112435 0.00938835 0.0111873 0.0202946 0.0414886 0.0713402 0.111592 0.104902 0.108894 0.110636 0.117776 0.105296 0.107544 0.0401394 0.0192827 0.0124803 0.00416011 0.0028671 0.000618394 0 0 0 0 0
 0 0 0 0 0 0 0 0 0 0 0.00291406 0.0102884 0.027416 0.0768956 0.0749926 0.110853 0.0956884 0.0897413 0.0766577 0.0534642 0.0500743 0.0551293 0.0594112 0.0620874 0.0668451 0.0424026 0.0208742 0.0120726 0.0048766 0.00582813 0.00118941 0.000297354 0 0 0 0
 0 0.00264628 0.0354308 0.0461629 0.0458689 0.0383711 0.0214643 0.0164657 0.0346957 0.0420465 0.0363128 0.0245516 0.0311673 0.0291091 0.0169068 0.0133784 0.00837989 0.0085269 0.0148486 0.0160247 0.0276389 0.0546898 0.0760071 0.122758 0.109233 0.0665981 0.0333725 0.0166128 0.00676272 0.00308733 0.000882094 0 0 0 0 0
 0 0 0 0 0 0 0 0.000805153 0.000690131 0.00759144 0.0133425 0.0154129 0.00931677 0.000345066 0.00356568 0.00563607 0.00851162 0.0253048 0.0502646 0.0516448 0.0657925 0.0565908 0.0611916 0.0827007 0.0866115 0.110766 0.145733 0.0935128 0.0569358 0.0249597 0.0138026 0.00621118 0.00161031 0.00115022 0 0
 0 0 0 0 0 0 0 0 0 0 0 0 0 0 0 0 0 0 0 0 0 0 0 0 0 0 0 0 0 0 0 0 0 0 0 0
 0.00147267 0.00158595 0.00478618 0.00569244 0.00954404 0.0108468 0.00647125 0.017049 0.0510054 0.094081 0.124002 0.0959785 0.0687766 0.0820023 0.061753 0.0591476 0.0492212 0.0479892 0.0443925 0.0268479 0.0217502 0.0140895 0.0121071 0.0120363 0.00920419 0.00665534 0.0049561 0.00860946 0.00930331 0.0156896 0.0114698 0.00855282 0.00243557 0.00046729 0 2.83206e-05
 0 0 0 0 0.000772559 0.00158375 0.000888443 0.00281984 0.00712685 0.0440552 0.0773331 0.111326 0.0921469 0.0852325 0.0710754 0.0886704 0.0786465 0.0553345 0.0373146 0.0185414 0.00753245 0.00457741 0.012979 0.0271748 0.0457355 0.0583668 0.034881 0.0177882 0.00938659 0.00492506 0.0015258 0.00185414 0.000309023 5.79419e-05 3.86279e-05 0
 0 0.00173294 0.00326652 0 0.00397197 0.00683976 0.00946217 0.0152591 0.00757587 0.0136028 0.0228656 0.0392903 0.0559909 0.0764795 0.0681675 0.0726916 0.0566044 0.0477403 0.0527397 0.0444891 0.0609904 0.0582453 0.0661739 0.0445044 0.0529084 0.0360697 0.0280645 0.0235558 0.0158879 0.00826598 0.00280645 0.00217768 0.000904811 0.00058276 9.20147e-05 0
 0 0 0 0 0 0 0 0 0 0 0 0 0 0 0 0 0 0 0 0 0 0 0 0 0 0 0 0 0 0 0 0 0 0 0 0
 0 0 0 0 0 0 0 0 0 0 0 0 0 0 0 0 0 0 0 0 0 0 0 0 0 0 0 0 0 0 0 0 0 0 0 0
 0 0 0 0 0 0 0 0 0 0 0 0 0 0 0 0 0 0 0 0 0 0 0 0 0 0 0 0 0 0 0 0 0 0 0 0
ppred_pel_tallas
 1.0797e-16 1.82641e-05 0.00010716 0.00050932 0.00196079 0.00611443 0.0154448 0.0316037 0.0523932 0.0703822 0.0766416 0.0677266 0.0487502 0.0289957 0.0150946 0.00840214 0.00703638 0.00874314 0.0121261 0.016513 0.0215035 0.0267025 0.0316637 0.035942 0.0391794 0.0411735 0.0419057 0.0415151 0.0402365 0.0383239 0.0359897 0.0333762 0.0305609 0.0275837 0.0244793 0.021301
 1.06769e-16 1.75654e-05 0.000103053 0.000489781 0.00188554 0.00587974 0.014852 0.0303914 0.0503855 0.0676913 0.0737277 0.0651905 0.0470089 0.0281289 0.0149518 0.00880955 0.0079188 0.0101271 0.0140843 0.0191046 0.0247272 0.030466 0.0357719 0.040109 0.043063 0.0444281 0.0442394 0.0427379 0.0402869 0.0372698 0.0340058 0.0307058 0.0274736 0.0243371 0.0212922 0.0183383
 1.08283e-16 1.00962e-05 5.91935e-05 0.000281249 0.0010826 0.0033758 0.00852744 0.0174515 0.0289402 0.0389035 0.0424339 0.0376656 0.0274775 0.0170773 0.010239 0.00784679 0.00900016 0.0125606 0.0177865 0.0242177 0.0314035 0.0387661 0.0456209 0.051289 0.0552365 0.0571842 0.0571502 0.0554104 0.0523982 0.0485806 0.0443562 0.0400007 0.0356667 0.0314195 0.0272861 0.0232945
 1.09881e-16 1.59877e-05 9.38006e-05 0.000445816 0.0017163 0.005352 0.0135189 0.0276629 0.0458599 0.0616057 0.0670842 0.0592803 0.0426694 0.0253781 0.0132134 0.00736713 0.00620313 0.00776735 0.0108666 0.0149519 0.0197194 0.0248704 0.0300513 0.0348865 0.0390415 0.0422774 0.0444763 0.04563 0.0458039 0.045093 0.0435892 0.0413715 0.0385161 0.0351151 0.0312936 0.0272119
 1.07433e-16 2.05768e-05 0.000120739 0.000573879 0.00220936 0.00688959 0.0174028 0.0356098 0.0590329 0.0792967 0.0863358 0.076262 0.054826 0.0324723 0.016651 0.00886157 0.00695317 0.00835871 0.0114883 0.0155864 0.0202277 0.0250177 0.0295233 0.0333218 0.0360837 0.0376393 0.0380032 0.0373453 0.0359243 0.034009 0.0318142 0.0294715 0.0270355 0.0245131 0.0219017 0.019217
 1.0659e-16 1.47193e-05 8.6337e-05 0.000410296 0.00157948 0.00492529 0.0124413 0.0254594 0.0422126 0.0567231 0.0618127 0.0547293 0.039627 0.0240354 0.0133661 0.00879308 0.00888072 0.0118674 0.0166268 0.0225342 0.0290886 0.0357107 0.0417362 0.0465205 0.0495736 0.0506663 0.0498691 0.0475088 0.0440641 0.0400376 0.0358485 0.0317749 0.0279506 0.0244025 0.0211035 0.0180192
 1.06222e-16 2.05272e-05 0.000120449 0.000572498 0.00220405 0.00687303 0.0173609 0.0355241 0.0588905 0.0791047 0.0861246 0.0760706 0.0546779 0.032364 0.0165589 0.00875681 0.00681203 0.00816716 0.0112445 0.0153045 0.019941 0.0247798 0.0294029 0.0333914 0.0364022 0.0382333 0.0388517 0.0383731 0.0370086 0.0349967 0.032549 0.0298222 0.0269193 0.0239094 0.0208523 0.0178152
 1.06004e-16 1.64883e-05 9.67251e-05 0.000459688 0.00176966 0.00551836 0.0139393 0.0285242 0.0472918 0.0635411 0.0692232 0.0612452 0.044246 0.0266397 0.014459 0.00898252 0.00856463 0.0112035 0.0156302 0.0211701 0.0273255 0.0335459 0.0392066 0.0437018 0.0465715 0.0476004 0.0468541 0.0446386 0.0414019 0.0376145 0.0336682 0.0298231 0.026205 0.0228403 0.0197065 0.0167748
 1.05667e-16 2.06337e-05 0.000121072 0.000575458 0.00221544 0.00690854 0.0174506 0.0357078 0.0591957 0.0795162 0.0865771 0.0764807 0.0549953 0.0325972 0.0167609 0.00899523 0.00714924 0.00865391 0.0119179 0.0161822 0.0210128 0.0259992 0.0306849 0.034618 0.0374379 0.0389462 0.0391366 0.0381702 0.0363133 0.0338588 0.0310615 0.0281043 0.0250972 0.0220999 0.0191503 0.0162877
 1.05425e-16 1.76847e-05 0.00010375 0.000493089 0.00189826 0.00591942 0.0149523 0.0305968 0.0507267 0.0681522 0.0742359 0.0656545 0.0473756 0.0284122 0.0152183 0.00914478 0.00840538 0.0108368 0.0150741 0.020407 0.0263372 0.0323283 0.0377754 0.0420921 0.0448324 0.0457859 0.0450142 0.0428118 0.0396124 0.0358736 0.0319796 0.028189 0.0246313 0.0213393 0.0182962 0.0154764
 1.06808e-16 1.37849e-05 8.08533e-05 0.000384231 0.00147913 0.00461235 0.0116508 0.0238418 0.0395308 0.0531203 0.0578884 0.0512592 0.0371243 0.0225379 0.012572 0.00833282 0.00848542 0.0113925 0.0160144 0.0217821 0.0282416 0.0348608 0.0410196 0.0461033 0.0496269 0.0513339 0.0512357 0.0495776 0.0467498 0.0431772 0.0392273 0.035161 0.0311298 0.0272065 0.0234261 0.0198198
 1.07565e-16 1.7512e-05 0.000102745 0.000488326 0.00187996 0.00586235 0.0148081 0.030301 0.050234 0.0674832 0.0734889 0.0649504 0.0467733 0.0278632 0.0145855 0.00824868 0.0070589 0.00886497 0.0123354 0.0168278 0.0219526 0.0273167 0.0324702 0.0369585 0.0404082 0.0425971 0.0434836 0.0431847 0.0419173 0.0399257 0.0374237 0.0345661 0.0314533 0.0281545 0.0247358 0.0212779
 1.06162e-16 2.02764e-05 0.000118973 0.000565474 0.00217699 0.00678863 0.0171478 0.0350883 0.0581694 0.0781397 0.0850837 0.0751743 0.0540838 0.0321125 0.0166133 0.00907755 0.0073993 0.00905757 0.0124841 0.0169178 0.0219054 0.0270085 0.0317418 0.0356323 0.0383137 0.0396015 0.0395225 0.0382832 0.0361973 0.0335963 0.0307557 0.0278576 0.0249919 0.0221847 0.0194363 0.016752
 1.0459e-16 2.1646e-05 0.000127012 0.00060369 0.00232413 0.00724747 0.0183068 0.0374598 0.0621005 0.0834194 0.09083 0.080245 0.057718 0.0342422 0.0176623 0.00956355 0.00768911 0.00933773 0.012825 0.0173292 0.0223596 0.0274446 0.0320671 0.0357285 0.0380489 0.0388491 0.0381811 0.0362948 0.0335596 0.0303655 0.0270411 0.0238084 0.0207796 0.017984 0.0154077 0.013028
 1.03512e-16 2.33175e-05 0.000136826 0.000650349 0.00250378 0.0078077 0.0197219 0.0403551 0.0668992 0.0898622 0.0978364 0.0864141 0.0621099 0.0367565 0.0187906 0.0099027 0.00764288 0.00908575 0.0124096 0.0167354 0.0215566 0.0264029 0.030765 0.034154 0.0362008 0.0367357 0.035819 0.0337088 0.0307825 0.0274396 0.0240188 0.0207519 0.0177583 0.0150697 0.0126688 0.0105232
 1.02966e-16 2.3962e-05 0.00014061 0.000668335 0.00257303 0.00802366 0.0202673 0.0414713 0.0687492 0.0923465 0.100539 0.0887967 0.0638122 0.0377433 0.0192566 0.0100852 0.00770619 0.00910863 0.0124167 0.0167255 0.0215161 0.0263101 0.0305917 0.033868 0.0357693 0.0361302 0.0350201 0.0327105 0.029595 0.0260892 0.0225462 0.0192077 0.0161978 0.0135475 0.0112333 0.00921303
 1.03331e-16 2.04624e-05 0.000120058 0.000570619 0.00219678 0.00685032 0.0173037 0.0354078 0.0587008 0.0788589 0.0858812 0.0759127 0.0546886 0.0326189 0.0171444 0.00979392 0.00846352 0.0106191 0.014666 0.0197937 0.0254677 0.0311398 0.0362019 0.04007 0.0423053 0.0427109 0.0413687 0.0386002 0.0348725 0.0306799 0.0264434 0.0224527 0.0188583 0.0157 0.0129522 0.0105653
 1.04177e-16 1.99664e-05 0.000117149 0.000556795 0.00214356 0.00668437 0.0168845 0.0345499 0.0572779 0.076946 0.0837939 0.0740584 0.0533326 0.0317701 0.0166263 0.00938794 0.00799876 0.00998772 0.0138087 0.0186906 0.0241427 0.0296679 0.0347108 0.0387303 0.0413083 0.0422376 0.041557 0.0395189 0.0365081 0.0329401 0.0291739 0.0254642 0.0219553 0.018706 0.0157276 0.0130161
 1.0465e-16 1.99617e-05 0.000117122 0.000556668 0.00214307 0.00668286 0.0168806 0.034542 0.0572647 0.0769276 0.0837724 0.0740356 0.0533081 0.0317393 0.0165805 0.00931524 0.00788502 0.00981761 0.0135676 0.0183677 0.0237346 0.0291822 0.0341687 0.0381659 0.0407666 0.0417692 0.0412113 0.039338 0.0365211 0.0331594 0.0295945 0.0260646 0.0227007 0.0195524 0.0166268 0.0139204
 1.0388e-16 2.44152e-05 0.000143274 0.000681012 0.00262185 0.00817593 0.0206519 0.0422578 0.0700517 0.0940919 0.102428 0.0904392 0.0649357 0.0382939 0.0193284 0.00978603 0.00707884 0.00812915 0.0110317 0.0148927 0.0192364 0.0236491 0.0276879 0.030925 0.0330308 0.0338432 0.033394 0.0318831 0.0296127 0.0269061 0.0240394 0.0212039 0.0185034 0.0159755 0.0136233 0.0114422
 1.03309e-16 2.23224e-05 0.000130981 0.000622553 0.00239674 0.00747392 0.0188788 0.0386304 0.0640414 0.0860276 0.0936726 0.0827625 0.0595422 0.035351 0.0182821 0.00997332 0.00809872 0.00987028 0.0135425 0.0182518 0.0234679 0.0286748 0.0333092 0.0368335 0.0388465 0.0391731 0.037897 0.0353234 0.0318902 0.0280571 0.0242115 0.0206151 0.0173975 0.0145838 0.0121391 0.0100085
 1.03464e-16 2.21314e-05 0.000129861 0.000617232 0.00237626 0.00741005 0.0187174 0.0383002 0.0634936 0.0852907 0.0928675 0.0820448 0.0590121 0.0350089 0.0180557 0.00977276 0.00785151 0.00952849 0.013079 0.0176593 0.0227627 0.0279011 0.0325394 0.0361609 0.0383724 0.0389882 0.0380634 0.0358609 0.0327714 0.0292121 0.0255409 0.022008 0.0187487 0.0158087 0.0131814 0.0108423
 1.03363e-16 2.35937e-05 0.000138448 0.000658061 0.00253348 0.00790032 0.0199558 0.0408337 0.0676922 0.0909263 0.0989922 0.0874283 0.0628244 0.0371502 0.0189385 0.00989457 0.00753492 0.0088965 0.0121368 0.0163722 0.0211022 0.0258676 0.030172 0.0335375 0.0356009 0.0361915 0.035361 0.0333532 0.030529 0.0272729 0.0239131 0.0206772 0.0176868 0.0149806 0.0125506 0.0103737
 1.03184e-16 2.31177e-05 0.000135652 0.000644763 0.00248227 0.00774062 0.0195524 0.0400086 0.0663251 0.0890924 0.0970018 0.0856853 0.0616043 0.0364938 0.0187235 0.00997561 0.00782708 0.00938127 0.012831 0.0172966 0.0222603 0.0272331 0.0316841 0.0351049 0.0371131 0.037536 0.0364426 0.0341094 0.0309383 0.0273546 0.0237192 0.0202798 0.017164 0.0144047 0.0119803 0.00985055
 1.03506e-16 2.1032e-05 0.000123404 0.000586531 0.00225805 0.0070414 0.0177863 0.0363951 0.0603367 0.0810539 0.0882644 0.0780023 0.0561568 0.0334202 0.0174296 0.00974356 0.00818681 0.0101463 0.013984 0.0188807 0.0243169 0.0297719 0.0346703 0.0384581 0.040716 0.0412512 0.040132 0.0376517 0.034241 0.0303574 0.0263913 0.0226133 0.019166 0.0160919 0.013375 0.0109788
pSPR Fmed_Fpbrs
0.727576   0.255595 0.255595
Fs Fmed_Fpbrs
0.163535   1.005 1.005
SSBpbr Bo_Bmed_Bpbrs
1.53797e+06  1.04209e+06  316198 316198
Ro
63576.6
SPR SPRFo_SPRFmed_SPRFpbrs
1.30731e+06 951170 334143
log_Ro
10.88
likeval ReclasPelacesDesembMPH_pf_preclas_ppelaces_ptallas_desvR_qrecl_qpela
 208.186 49.4656 0.0806961 0.00119795 347.779 220.743 81.5554 0 16.8508 0 0 0 0 0 0
q_reclas_q_pelaces
1 1
M
0.7
N
 103989 37797.6 18769.7 9320.77 9194.32
 107802 49349.5 17141.8 8512.36 8396.88
 49224 50998.5 22240.9 7725.5 7620.69
 66771.2 22275.2 21030.6 9171.65 6328.42
 107365 32474.8 10610.7 10017.8 7383.39
 78933.3 53022.2 15949.5 5211.26 8546.34
 122178 36338.1 22629.1 6807.02 5871.55
 100173 57809.7 16382.7 10202.1 5716.01
 131260 44795.5 23279.6 6597.21 6410.14
 110974 57653.5 17403.2 9044.21 5053.4
 63411.2 49492.4 23092.4 6970.63 5646.62
 54240.8 24336.9 14680.6 6849.74 3742.58
 47211.1 21097.1 7414.18 4472.42 3226.92
 31953.5 16624.3 5267.8 1851.27 1922.47
 21708.1 9146.05 2742.71 869.09 622.599
 21157.2 7104.27 1972.58 591.535 321.72
 19779.3 8884.87 2522.96 700.526 324.326
 21187.9 8674.08 3440.98 977.106 396.911
 24258 9667.33 3636.37 1442.54 576.018
 42413.3 11179.3 4134.61 1555.23 863.314
 55391.9 19600.3 4807.78 1778.13 1040.12
 77693.8 26590.1 9095.26 2230.99 1307.77
 123307 36880.5 12065.5 4127.07 1605.75
 179444 58190.6 16539.8 5411.01 2570.99
 221965 85219.7 26428.9 7512.02 3625.26
pred_Ctot
 3325.39 2369.99 1176.9 584.431 576.503
 3680.39 3299.08 1145.95 569.063 561.343
 3157.69 6286.29 2741.51 952.278 939.359
 989.955 654.493 617.926 269.483 185.943
 425.133 256.556 83.826 79.1426 58.33
 4158.63 5406.77 1626.4 531.402 871.486
 4156.45 2420.85 1507.55 453.484 391.163
 7210.45 7956.1 2254.68 1404.08 786.67
 10979.9 7111.45 3695.73 1047.33 1017.63
 8183.12 8119.42 2450.92 1273.71 711.677
 10512.6 14760.4 6886.97 2078.89 1684.03
 8574.63 6956.47 4196.31 1957.93 1069.78
 10073.7 7843.46 2756.44 1662.75 1199.7
 10045.1 8488.97 2689.92 945.325 981.683
 5451.86 3900.01 1169.53 370.593 265.485
 2371.1 1483.63 411.946 123.534 67.187
 1674.56 1426.65 405.112 112.484 52.0772
 1243.22 981.369 389.307 110.548 44.9058
 1260.79 972.921 365.964 145.177 57.9705
 2125.38 1086.04 401.665 151.086 83.8682
 1330.25 927.537 227.517 84.1456 49.2211
 2470.04 1657.74 567.037 139.089 81.532
 4418.58 2585.07 845.709 289.279 112.552
 5647.7 3592.19 1021.03 334.03 158.711
 5278.6 3994.1 1238.68 352.075 169.91
F
 0.0453628 0.0907256 0.0907256 0.0907256 0.0907256
 0.0484966 0.0969932 0.0969932 0.0969932 0.0969932
 0.0929078 0.185816 0.185816 0.185816 0.185816
 0.0208059 0.0416118 0.0416118 0.0416118 0.0416118
 0.00551944 0.0110389 0.0110389 0.0110389 0.0110389
 0.0757363 0.151473 0.151473 0.151473 0.151473
 0.0483214 0.0966429 0.0966429 0.0966429 0.0966429
 0.104788 0.209577 0.209577 0.209577 0.209577
 0.122727 0.245454 0.245454 0.245454 0.245454
 0.107474 0.214948 0.214948 0.214948 0.214948
 0.257645 0.515291 0.515291 0.515291 0.515291
 0.2443 0.4886 0.4886 0.4886 0.4886
 0.343761 0.687522 0.687522 0.687522 0.687522
 0.550961 1.10192 1.10192 1.10192 1.10192
 0.416991 0.833982 0.833982 0.833982 0.833982
 0.167632 0.335265 0.335265 0.335265 0.335265
 0.124296 0.248592 0.248592 0.248592 0.248592
 0.0846771 0.169354 0.169354 0.169354 0.169354
 0.0746793 0.149359 0.149359 0.149359 0.149359
 0.0719159 0.143832 0.143832 0.143832 0.143832
 0.0338958 0.0677917 0.0677917 0.0677917 0.0677917
 0.0450934 0.0901867 0.0901867 0.0901867 0.0901867
 0.050957 0.101914 0.101914 0.101914 0.101914
 0.0446323 0.0892646 0.0892646 0.0892646 0.0892646
 0.0335606 0.0671213 0.0671213 0.0671213 0.0671213
YTP_r0W_actual
 59120.3 87870.2 40876.4 14470.3 7272.13
YTP_p0W_proyectada
 182590 1.1001e+06 595462 240898 114555
 182590 227863 291543 141196 59122.6
CTP_r0_actual
 5278.6 3994.1 1238.68 352.075 169.91
CTP_p0_proyectada
 21481.2 51406.7 19085.3 5918.87 2463.54
 21481.2 10647.8 9344.31 3469.18 1271.45
Wmedp
 8.5 21.4 31.2 40.7 46.5
nmprior
 10.6 11 7 0
nm_flota  nm_reclas  nm_pelaces    nm_pelaL
inf 10.9238 14.6903 32.8959
cv_recla  cv_pelaces  cv_mph
1.30512 0.797487 1.12294
 ------------------------------------------------
Talla a la edad & desviaci?n 
 7.2 14.2025 17.0495 18.207 18.6776
 1.08 2.13037 2.55742 2.73105 2.80164
