years
 1997 1998 1999 2000 2001 2002 2003 2004 2005 2006 2007 2008 2009 2010 2011 2012 2013 2014 2015 2016 2017 2018 2019 2020 2021
reclasobs
 0 0 0 370054 412103 1.49427e+06 250295 1.28982e+06 931140 785840 897777 1.04006e+06 184774 17550 25797 100020 73551 82996 120727 218422 84188 347160 605670 569463 516374
reclaspred
 441303 131846 461715 331967 429914 505779 1.06882e+06 664653 675264 548664 415964 278884 171536 86103.1 66106.1 69823.4 88553.8 123292 131335 185613 261817 237635 414245 532957 641554
pelacesobs
 0 0 0 0 0 0 0 0 0 2.06254e+06 1.5e+06 0 1.87456e+06 323000 250000 174000 83755 137374 0 501740 490994 745055 786931 1.00524e+06 1.33801e+06
pelacespred
 1.79433e+06 491593 1.00389e+06 1.11121e+06 1.21479e+06 1.21848e+06 2.78161e+06 2.28393e+06 1.99392e+06 1.6602e+06 1.14013e+06 783115 481544 210408 157370 173479 227128 315310 348685 476929 738824 660719 906138 1.38167e+06 1.66649e+06
mphobs
 0 0 0 0 0 112323 0 153150 637223 0 255016 313432 73983 77613 109348 50772 0 0 0 0 0 0 0 0 0
mphpred
 157076 111428 149046 209238 196862 275566 414336 466811 374013 341619 286637 199170 123996 67187.4 36583.7 33367.1 40399.4 56493 70989.3 81766.9 119235 137685 172452 247875 346446
desembarqueobs
 350755 77701 442110 56441 14545 235359 269955 359681 431902 328805 639364 411747 362871 311530 167758 66681 60226 58785 57116 73181 50977 67692 138656 160484 209506
desembarquepred
 350765 77704.4 442151 56442.5 14545.1 235389 269978 359715 431980 328875 639809 412127 363395 312175 167882 66699.3 60244.3 58789.3 57116 73184.5 50978.4 67690.6 138661 160491 209510
Reclutas
 91991.1 115850 75858.2 108870 177460 132549 193858 159090 167237 145023 70851.3 42319.6 43394.9 26142.9 21941.8 29827.9 26162 29973.1 34285.9 59582.6 74408 95842.8 157539 192991 90888.3
log_desv_Rt
 0.189447 0.420049 -0.00337951 0.35791 0.846501 0.554704 0.93488 0.737225 0.787169 0.644647 -0.071662 -0.586993 -0.561902 -1.06867 -1.24385 -0.9368 -1.06793 -0.931945 -0.79751 -0.244882 -0.0226814 0.230464 0.727426 0.930401 0.177386
SSB
 1.10909e+06 786774 1.05239e+06 1.4774e+06 1.39001e+06 1.94573e+06 2.92556e+06 3.29608e+06 2.64085e+06 2.41212e+06 2.0239e+06 1.40631e+06 875515 474400 258312 235600 285254 398888 501244 577343 841897 972175 1.21766e+06 1.75021e+06 2.4462e+06
BT
 3.79354e+06 1.08713e+06 2.19613e+06 2.2226e+06 2.37533e+06 2.55886e+06 5.59807e+06 4.8592e+06 4.27971e+06 3.55483e+06 2.81165e+06 1.91054e+06 1.29778e+06 714041 451801 393557 492195 660841 728169 988441 1.48005e+06 1.34977e+06 1.85962e+06 2.82149e+06 3.40811e+06
Ftot
 0.258626 0.184234 0.243721 0.0442549 0.00988493 0.106161 0.0663701 0.137353 0.163945 0.146943 0.336767 0.315328 0.48582 0.813526 0.673992 0.261514 0.189974 0.127159 0.107768 0.111454 0.0534606 0.0718016 0.0853552 0.0813419 0.0735923
BD_Bspro_t
 0.968761 0.849969 0.834218 0.764731 0.837608 0.905514 0.886348 0.886948 0.843849 0.803277 0.757475 0.618771 0.510884 0.402122 0.291265 0.319257 0.449287 0.617718 0.716966 0.783359 0.85071 0.895534 0.89883 0.902191 0.905496
BD_Bspro
 0.70862 0.502687 0.672394 0.943942 0.88811 1.24317 1.8692 2.10594 1.6873 1.54116 1.29311 0.898518 0.559385 0.303104 0.165041 0.15053 0.182255 0.254858 0.320256 0.368877 0.537906 0.621143 0.777986 1.11824 1.56293
BD_Bo
 0.614216 0.435718 0.582817 0.818189 0.769795 1.07755 1.62019 1.82538 1.46251 1.33584 1.12084 0.778817 0.484863 0.262724 0.143054 0.130476 0.157975 0.220906 0.277591 0.319735 0.466245 0.538394 0.674342 0.96927 1.35471
BD_Brms
 2.1994 1.56023 2.08697 2.92979 2.7565 3.85853 5.80161 6.53637 5.237 4.78342 4.01354 2.78881 1.73621 0.94077 0.512251 0.467213 0.565681 0.791025 0.994005 1.14492 1.66955 1.9279 2.4147 3.47079 4.851
S_f
 0.214387 1 1 1 1
 0.214387 1 1 1 1
 0.214387 1 1 1 1
 0.214387 1 1 1 1
 0.214387 1 1 1 1
 0.214387 1 1 1 1
 0.214387 1 1 1 1
 0.214387 1 1 1 1
 0.214387 1 1 1 1
 0.214387 1 1 1 1
 0.214387 1 1 1 1
 0.214387 1 1 1 1
 0.214387 1 1 1 1
 0.214387 1 1 1 1
 0.214387 1 1 1 1
 0.214387 1 1 1 1
 0.214387 1 1 1 1
 0.214387 1 1 1 1
 0.214387 1 1 1 1
 0.214387 1 1 1 1
 0.214387 1 1 1 1
 0.214387 1 1 1 1
 0.214387 1 1 1 1
 0.214387 1 1 1 1
 0.214387 1 1 1 1
Scru_reclas
 1 1 1 1 1
 1 1 1 1 1
 1 1 1 1 1
 1 1 1 1 1
 1 1 1 1 1
 1 1 1 1 1
 1 1 1 1 1
 1 1 1 1 1
 1 1 1 1 1
 1 1 1 1 1
 1 1 1 1 1
 1 1 1 1 1
 1 1 1 1 1
 1 1 1 1 1
 1 1 1 1 1
 1 1 1 1 1
 1 1 1 1 1
 1 1 1 1 1
 1 1 1 1 1
 1 1 1 1 1
 1 1 1 1 1
 1 1 1 1 1
 1 1 1 1 1
 1 1 1 1 1
 1 1 1 1 1
Scru_pelaces
 1 1 1 1 1
 1 1 1 1 1
 1 1 1 1 1
 1 1 1 1 1
 1 1 1 1 1
 1 1 1 1 1
 1 1 1 1 1
 1 1 1 1 1
 1 1 1 1 1
 1 1 1 1 1
 1 1 1 1 1
 1 1 1 1 1
 1 1 1 1 1
 1 1 1 1 1
 1 1 1 1 1
 1 1 1 1 1
 1 1 1 1 1
 1 1 1 1 1
 1 1 1 1 1
 1 1 1 1 1
 1 1 1 1 1
 1 1 1 1 1
 1 1 1 1 1
 1 1 1 1 1
 1 1 1 1 1
pf_obs 
 0.256992 0.487395 0.22802 0.0275931 0
 0.321318 0.546541 0.124235 0.00734118 0.000564706
 0.182869 0.594174 0.210203 0.0122559 0.00049798
 0.330522 0.361315 0.267642 0.0388342 0.00168674
 0.649043 0.306663 0.0425973 0.00169635 0
 0.582887 0.30429 0.105238 0.00758474 0
 0.465427 0.430635 0.0974691 0.00646863 0
 0.296916 0.608066 0.0921331 0.00288517 0
 0.311714 0.524322 0.152257 0.0117073 0
 0.15457 0.633149 0.183074 0.0267441 0.00246327
 0.131901 0.49318 0.331252 0.0422183 0.00144891
 0.196976 0.569456 0.194076 0.0375587 0.00193317
 0.518974 0.381816 0.0799577 0.0180837 0.00116848
 0.0928022 0.601141 0.25162 0.0475244 0.00691264
 0.122501 0.610282 0.24278 0.0234846 0.000952079
 0.383417 0.481906 0.127806 0.00687128 0
 0.0376549 0.599619 0.316969 0.0457579 0
 0.0361596 0.667082 0.258105 0.0386534 0
 0.158088 0.579412 0.248529 0.0139706 0
 0.0477256 0.309471 0.559284 0.082774 0.000745712
 0.0406174 0.521527 0.379366 0.0568643 0.0016247
 0.151134 0.462217 0.34131 0.0453401 0
 0.294876 0.26143 0.354403 0.0886775 0.000613685
 0.281977 0.475581 0.204845 0.0348837 0.00271318
 0.0841818 0.532909 0.334909 0.0458182 0.00218182
pf_pred 
 0.396131 0.426289 0.158819 0.0187514 9.20235e-06
 0.321542 0.525511 0.107969 0.0402252 0.00475162
 0.183939 0.57602 0.185928 0.0381999 0.015913
 0.263501 0.397499 0.239285 0.0772362 0.022479
 0.309869 0.434682 0.137869 0.0829939 0.0345854
 0.185103 0.552319 0.165386 0.052456 0.0447361
 0.258021 0.390409 0.238286 0.0713521 0.0419314
 0.190676 0.506231 0.15948 0.0973383 0.0462756
 0.210287 0.42545 0.227846 0.071779 0.0646381
 0.189094 0.463769 0.187017 0.100155 0.0599653
 0.115736 0.475076 0.234021 0.0943698 0.0807977
 0.113466 0.368302 0.278423 0.13715 0.102659
 0.184675 0.332341 0.200651 0.151685 0.130648
 0.175188 0.469149 0.144975 0.0875287 0.12316
 0.240827 0.449436 0.176177 0.0544416 0.0791189
 0.331385 0.447425 0.130946 0.0513303 0.0389137
 0.235784 0.5519 0.142078 0.0415812 0.0286565
 0.247225 0.45944 0.21184 0.0545348 0.0269599
 0.245663 0.466499 0.175676 0.0810011 0.0311611
 0.328905 0.41231 0.160039 0.0602679 0.0384787
 0.28424 0.505344 0.129276 0.0501786 0.030961
 0.274059 0.475311 0.176951 0.0452672 0.0284118
 0.323743 0.436245 0.157148 0.058504 0.0243599
 0.279034 0.503728 0.140138 0.0504816 0.0266189
 0.121497 0.572541 0.213771 0.0594714 0.0327198
pobs_RECLAS
 0 0 0 0 0
 0 0 0 0 0
 0 0 0 0 0
 0 0 0 0 0
 0.835266 0.146461 0.0176864 0.000547809 3.91292e-05
 0.385257 0.428462 0.181853 0.0044286 0
 0.867414 0.0963971 0.0333333 0.00285562 0
 0.441836 0.489002 0.0689373 0.000224442 0
 0.779404 0.147425 0.0564933 0.0165055 0.000172143
 0.814271 0.122319 0.05973 0.00367925 0
 0.40263 0.566651 0.0304383 0.000280538 0
 0.475488 0.404961 0.113038 0.00651328 0
 0.955842 0.0263864 0.0167828 0.000988607 0
 0.975058 0.0227948 0.00214734 0 0
 0.738997 0.206755 0.0527124 0.00153531 0
 0.850938 0.134255 0.0134407 0.00136685 0
 0.542534 0.407297 0.0501686 0 0
 0.764087 0.199537 0.0359546 0.000420521 0
 0.470689 0.182191 0.310203 0.0369168 0
 0.84361 0.089868 0.0606195 0.00523954 0.000663233
 0.607945 0.314616 0.071237 0.00620181 0
 0.523733 0.453247 0.0230204 0 0
 0.530135 0.295979 0.169645 0.0042399 0
 0.562478 0.366248 0.0663022 0.0049721 0
 0.250443 0.683176 0.0655157 0.000865301 0
ppred_RECLAS
 0.756336 0.17201 0.0640843 0.00756626 3.71319e-06
 0.690609 0.239645 0.0492364 0.0183436 0.00216684
 0.515859 0.341733 0.110304 0.0226627 0.00944061
 0.625793 0.201965 0.121578 0.0392429 0.0114214
 0.676929 0.203488 0.0645408 0.0388519 0.0161905
 0.515767 0.328203 0.0982767 0.0311707 0.0265834
 0.619371 0.200276 0.122239 0.036603 0.0215104
 0.525308 0.296919 0.0935393 0.0570917 0.0271419
 0.55608 0.239158 0.128078 0.040349 0.0363349
 0.522879 0.272872 0.110037 0.0589292 0.0352824
 0.383717 0.331102 0.163099 0.0657706 0.0563115
 0.378085 0.258369 0.195317 0.0962125 0.0720164
 0.521512 0.19504 0.117756 0.089019 0.076673
 0.513174 0.276904 0.0855679 0.0516617 0.0726923
 0.608197 0.23195 0.0909235 0.0280969 0.0408326
 0.701106 0.200015 0.0585374 0.0229464 0.0173958
 0.592442 0.294329 0.0757703 0.0221754 0.0152826
 0.606568 0.240123 0.110717 0.0285022 0.0140904
 0.604307 0.244705 0.092152 0.0424897 0.0163458
 0.696857 0.186246 0.0722916 0.0272238 0.0173814
 0.649989 0.247117 0.0632167 0.0245377 0.0151402
 0.638604 0.236624 0.0880918 0.0225354 0.0141443
 0.691579 0.198958 0.0716706 0.0266819 0.0111098
 0.644436 0.248427 0.0691127 0.0248964 0.0131278
 0.39298 0.395609 0.14771 0.041093 0.0226084
pobs_PELACES
 0 0 0 0 0
 0 0 0 0 0
 0 0 0 0 0
 0 0 0 0 0
 0 0 0 0 0
 0 0 0 0 0
 0 0 0 0 0
 0 0 0 0 0
 0 0 0 0 0
 0 0 0 0 0
 0.450072 0.473896 0.0757376 0.000293798 0
 0 0 0 0 0
 0.463077 0.371075 0.160297 0.00555027 0
 0.529543 0.364841 0.0842815 0.0213345 0
 0.631943 0.363953 0.00410389 0 0
 0.735681 0.248677 0.0153453 0.000297389 0
 0.695825 0.281241 0.0229344 0 0
 0.275771 0.60734 0.115278 0.00161068 0
 0 0 0 0 0
 0.896147 0.0623911 0.0374545 0.00400742 0
 0.803859 0.145111 0.0509908 3.86294e-05 0
 0.739449 0.233085 0.0266225 0.000797448 4.60066e-05
 0.878498 0.100942 0.0204185 0.000141795 0
 0.694673 0.275183 0.0284847 0.00165964 0
 0.469039 0.446079 0.0841089 0.000773354 0
ppred_PELACES
 0.768479 0.163437 0.0608905 0.00718918 3.52814e-06
 0.70072 0.231813 0.0476272 0.0177441 0.00209603
 0.531619 0.330609 0.106714 0.021925 0.00913331
 0.628475 0.200517 0.120706 0.0389616 0.0113395
 0.677489 0.203135 0.0644289 0.0387846 0.0161624
 0.522637 0.323546 0.0968823 0.0307285 0.0262062
 0.623419 0.198147 0.120939 0.0362137 0.0212817
 0.534179 0.29137 0.0917913 0.0560248 0.0266347
 0.566546 0.233519 0.125059 0.0393977 0.0354783
 0.532374 0.267442 0.107847 0.0577565 0.0345803
 0.404561 0.319903 0.157583 0.063546 0.0544069
 0.39749 0.250307 0.189223 0.0932105 0.0697693
 0.552815 0.182281 0.110052 0.0831954 0.071657
 0.565525 0.247127 0.0763663 0.0461062 0.0648753
 0.648961 0.207818 0.0814637 0.0251737 0.0365843
 0.715117 0.190639 0.0557933 0.0218708 0.0165803
 0.604278 0.285782 0.0735699 0.0215314 0.0148388
 0.614407 0.235338 0.108511 0.0279343 0.0138096
 0.610968 0.240586 0.0906007 0.0417745 0.0160706
 0.702926 0.182517 0.0708443 0.0266788 0.0170334
 0.653135 0.244895 0.0626484 0.0243171 0.015004
 0.642889 0.233819 0.0870474 0.0222682 0.0139766
 0.696279 0.195927 0.0705784 0.0262753 0.0109405
 0.649253 0.245061 0.0681764 0.0245591 0.01295
 0.39754 0.392637 0.1466 0.0407843 0.0224386
pobs_pel_tallas
 0 0 0 0 0 0 0 0 0 0 0 0 0 0 0 0 0 0 0 0 0 0 0 0 0 0 0 0 0 0 0 0 0 0 0 0
 0 0 0 0 0 0 0 0 0 0 0 0 0 0 0 0 0 0 0 0 0 0 0 0 0 0 0 0 0 0 0 0 0 0 0 0
 0 0 0 0 0 0 0 0 0 0 0 0 0 0 0 0 0 0 0 0 0 0 0 0 0 0 0 0 0 0 0 0 0 0 0 0
 0 0 0 0 0 0 0 0 0 0 0 0 0 0 0 0 0 0 0 0 0 0 0 0 0 0 0 0 0 0 0 0 0 0 0 0
 0 0 0 0 0 0 0 0 0 0 0 0 0 0 0 0 0 0 0 0 0 0 0 0 0 0 0 0 0 0 0 0 0 0 0 0
 0 0 0 0 0 0 0 0 0 0 0 0 0 0 0 0 0 0 0 0 0 0 0 0 0 0 0 0 0 0 0 0 0 0 0 0
 0 0 0 0 0 0 0 0 0 0 0 0 0 0 0 0 0 0 0 0 0 0 0 0 0 0 0 0 0 0 0 0 0 0 0 0
 0 0 0 0 0 0 0 0 0 0 0 0 0 0 0 0 0 0 0 0 0 0 0 0 0 0 0 0 0 0 0 0 0 0 0 0
 0 0 0 0 0 0 0 0 0 0 0 0 0 0 0 0 0 0 0 0 0 0 0 0 0 0 0 0 0 0 0 0 0 0 0 0
 0 0 0 0 0 0 0 0 0 0 0 0 0 0 0 0 0 0 0 0 0 0 0 0 0 0 0 0 0 0 0 0 0 0 0 0
 0 0 0 0 0 0 0 0 1.78061e-05 0.00172719 0.00360574 0.0105946 0.0120993 0.0124554 0.0147524 0.0171206 0.0266825 0.0428682 0.0675386 0.121331 0.153587 0.119568 0.100827 0.0573624 0.0630603 0.0341343 0.0324427 0.0444173 0.0211091 0.0280891 0.0125444 0.00206551 0 0 0 0
 0 0 0 0 0 0 0 0 0 0 0 0 0 0 0 0 0 0 0 0 0 0 0 0 0 0 0 0 0 0 0 0 0 0 0 0
 0 0 0 0 0 0 0.0133647 0.0140871 0.0187388 0.0205184 0.03894 0.0496705 0.03968 0.0493445 0.0407372 0.0367815 0.0215668 0.0243155 0.0234873 0.0199281 0.019796 0.0243948 0.0301388 0.0376714 0.0412746 0.0863199 0.0771752 0.113111 0.0741005 0.0525337 0.0229764 0.00759418 0.00175318 0 0 0
 0 0 0 0 0 0 0 0 0 0 0.00219441 0.00772107 0.0458388 0.0604681 0.0671733 0.0775358 0.0609151 0.0617685 0.073594 0.0568108 0.0755445 0.0548602 0.0670107 0.0636378 0.0643287 0.046367 0.0373049 0.0286899 0.0247887 0.0153202 0.00654259 0.00121912 0.000365735 0 0 0
 0 0 0 0 0 0 0 0 0 0 0 0 0.000112435 0.00938835 0.0111873 0.0202946 0.0414886 0.0713402 0.111592 0.104902 0.108894 0.110636 0.117776 0.105296 0.107544 0.0401394 0.0192827 0.0124803 0.00416011 0.0028671 0.000618394 0 0 0 0 0
 0 0 0 0 0 0 0 0 0 0 0.00291406 0.0102884 0.027416 0.0768956 0.0749926 0.110853 0.0956884 0.0897413 0.0766577 0.0534642 0.0500743 0.0551293 0.0594112 0.0620874 0.0668451 0.0424026 0.0208742 0.0120726 0.0048766 0.00582813 0.00118941 0.000297354 0 0 0 0
 0 0.00264628 0.0354308 0.0461629 0.0458689 0.0383711 0.0214643 0.0164657 0.0346957 0.0420465 0.0363128 0.0245516 0.0311673 0.0291091 0.0169068 0.0133784 0.00837989 0.0085269 0.0148486 0.0160247 0.0276389 0.0546898 0.0760071 0.122758 0.109233 0.0665981 0.0333725 0.0166128 0.00676272 0.00308733 0.000882094 0 0 0 0 0
 0 0 0 0 0 0 0 0.000805153 0.000690131 0.00759144 0.0133425 0.0154129 0.00931677 0.000345066 0.00356568 0.00563607 0.00851162 0.0253048 0.0502646 0.0516448 0.0657925 0.0565908 0.0611916 0.0827007 0.0866115 0.110766 0.145733 0.0935128 0.0569358 0.0249597 0.0138026 0.00621118 0.00161031 0.00115022 0 0
 0 0 0 0 0 0 0 0 0 0 0 0 0 0 0 0 0 0 0 0 0 0 0 0 0 0 0 0 0 0 0 0 0 0 0 0
 0.00147267 0.00158595 0.00478618 0.00569244 0.00954404 0.0108468 0.00647125 0.017049 0.0510054 0.094081 0.124002 0.0959785 0.0687766 0.0820023 0.061753 0.0591476 0.0492212 0.0479892 0.0443925 0.0268479 0.0217502 0.0140895 0.0121071 0.0120363 0.00920419 0.00665534 0.0049561 0.00860946 0.00930331 0.0156896 0.0114698 0.00855282 0.00243557 0.00046729 0 2.83206e-05
 0 0 0 0 0.000772559 0.00158375 0.000888443 0.00281984 0.00712685 0.0440552 0.0773331 0.111326 0.0921469 0.0852325 0.0710754 0.0886704 0.0786465 0.0553345 0.0373146 0.0185414 0.00753245 0.00457741 0.012979 0.0271748 0.0457355 0.0583668 0.034881 0.0177882 0.00938659 0.00492506 0.0015258 0.00185414 0.000309023 5.79419e-05 3.86279e-05 0
 0 0.00173294 0.00326652 0 0.00397197 0.00683976 0.00946217 0.0152591 0.00757587 0.0136028 0.0228656 0.0392903 0.0559909 0.0764795 0.0681675 0.0726916 0.0566044 0.0477403 0.0527397 0.0444891 0.0609904 0.0582453 0.0661739 0.0445044 0.0529084 0.0360697 0.0280645 0.0235558 0.0158879 0.00826598 0.00280645 0.00217768 0.000904811 0.00058276 9.20147e-05 0
 0 0 0 0 0 0 0 0 0 0 0 0 0 0 0 0 0 0 0 0 0 0 0 0 0 0 0 0 0 0 0 0 0 0 0 0
 0 0 0 0 0 0 0 0 0 0 0 0 0 0 0 0 0 0 0 0 0 0 0 0 0 0 0 0 0 0 0 0 0 0 0 0
 0 0 0 0 0 0 0 0 0 0 0 0 0 0 0 0 0 0 0 0 0 0 0 0 0 0 0 0 0 0 0 0 0 0 0 0
ppred_pel_tallas
 1.01165e-16 3.35287e-05 0.000196789 0.000935451 0.00360155 0.0112311 0.0283688 0.0580463 0.0962178 0.129217 0.14061 0.124021 0.0887622 0.0517698 0.0250643 0.0109386 0.00572853 0.00512154 0.00647428 0.00862352 0.0110887 0.0135743 0.0158058 0.0175265 0.0185414 0.0187584 0.0182047 0.0170116 0.0153753 0.0135076 0.0115931 0.00976434 0.00809711 0.00662093 0.00533647 0.00423154
 1.0146e-16 3.05768e-05 0.000179453 0.000853018 0.00328414 0.0102412 0.0258686 0.0529313 0.0877415 0.117841 0.128251 0.113166 0.0810948 0.0475023 0.0233802 0.0108549 0.00661987 0.00676597 0.00888187 0.0118703 0.0152156 0.0185353 0.0214484 0.0235988 0.024725 0.0247183 0.0236449 0.0217202 0.0192492 0.0165513 0.0138962 0.0114669 0.00935326 0.0075706 0.00608861 0.00485932
 1.02803e-16 2.32073e-05 0.000136178 0.000647264 0.0024919 0.00777065 0.0196283 0.0401638 0.0665824 0.0894378 0.0973777 0.0860168 0.0618415 0.0366319 0.0187902 0.0100046 0.00784283 0.00939709 0.0128538 0.0173311 0.0223102 0.0273015 0.0317721 0.0352103 0.037229 0.03765 0.0365364 0.0341606 0.0309227 0.0272498 0.0235089 0.0199568 0.0167324 0.0138801 0.0113881 0.00922221
 1.03648e-16 2.74255e-05 0.000160954 0.000765079 0.00294556 0.00918541 0.0232017 0.0474742 0.0786958 0.105692 0.11503 0.101503 0.0727426 0.0426222 0.021004 0.00980169 0.00606064 0.00629101 0.00835268 0.0112898 0.0146715 0.0181842 0.0215068 0.024323 0.0263767 0.0275208 0.0277382 0.0271269 0.0258597 0.024132 0.0221189 0.0199528 0.0177218 0.0154831 0.0132804 0.0111566
 1.03069e-16 2.95627e-05 0.000173501 0.000824731 0.00317523 0.00990165 0.0250108 0.0511759 0.0848312 0.113931 0.123991 0.109398 0.0783747 0.0458688 0.0225025 0.0103266 0.00614087 0.00616744 0.00808469 0.0108522 0.014003 0.0172071 0.0201372 0.0224827 0.0240065 0.0245944 0.0242743 0.0231956 0.0215805 0.0196642 0.0176439 0.0156529 0.0137584 0.0119797 0.0103118 0.00874709
 1.03762e-16 2.28153e-05 0.000133877 0.000636329 0.00244979 0.00763936 0.0192966 0.0394852 0.0654574 0.0879266 0.0957321 0.0845626 0.0607948 0.0360097 0.018467 0.00982644 0.00769707 0.00922116 0.0126178 0.0170233 0.0219328 0.0268714 0.0313228 0.0347911 0.0369016 0.0374816 0.0365917 0.0344923 0.0315647 0.0282118 0.0247746 0.0214853 0.0184624 0.0157367 0.0132898 0.0110895
 1.04021e-16 2.72049e-05 0.000159659 0.000758925 0.00292186 0.00911152 0.023015 0.0470923 0.0780627 0.104842 0.114105 0.100686 0.072157 0.0422786 0.0208338 0.00972123 0.00601026 0.00623991 0.0082885 0.0112098 0.0145788 0.0180875 0.02142 0.0242651 0.0263699 0.0275877 0.0278989 0.0273961 0.026244 0.0246289 0.0227172 0.0206333 0.0184595 0.0162495 0.0140466 0.0118954
 1.04568e-16 2.33173e-05 0.000136827 0.00065036 0.00250383 0.00780787 0.0197222 0.0403557 0.0668994 0.0898602 0.0978282 0.0863925 0.0620632 0.0366662 0.0186296 0.00963343 0.00721851 0.0084547 0.0115245 0.0155659 0.0201038 0.0247114 0.0289286 0.0323115 0.0345208 0.0353929 0.0349672 0.033457 0.0311792 0.0284685 0.0256053 0.0227776 0.0200795 0.0175366 0.0151412 0.0128824
 1.04863e-16 2.47263e-05 0.000145105 0.000689724 0.00265541 0.00828059 0.0209162 0.0427983 0.0709463 0.0952895 0.103722 0.091556 0.0656833 0.0386257 0.0192953 0.00944323 0.00643256 0.00713814 0.00963764 0.0130548 0.0169608 0.021009 0.0248316 0.028066 0.0304218 0.0317369 0.0320007 0.0313354 0.0299464 0.0280604 0.0258745 0.0235302 0.0211136 0.0186733 0.0162435 0.0138619
 1.05219e-16 2.32376e-05 0.000136362 0.000648151 0.00249533 0.00778138 0.0196553 0.0402186 0.0666715 0.0895522 0.0974881 0.0860807 0.0618143 0.0364695 0.0184386 0.00938833 0.00686132 0.00793506 0.0108037 0.014624 0.0189502 0.0233932 0.027534 0.0309638 0.0333627 0.0345645 0.034582 0.033582 0.0318245 0.0295878 0.0271068 0.024541 0.0219759 0.0194449 0.0169609 0.01454
 1.07067e-16 1.76666e-05 0.00010365 0.000492624 0.0018965 0.00591393 0.0149384 0.0305678 0.0506769 0.06808 0.0741435 0.0655402 0.0472224 0.0281793 0.0148389 0.00852844 0.007444 0.00941654 0.0130958 0.0178158 0.0231537 0.028675 0.0338853 0.0382934 0.0415068 0.0433098 0.0436938 0.0428309 0.0410034 0.0385195 0.0356426 0.0325563 0.0293661 0.0261261 0.0228731 0.0196519
 1.09231e-16 1.73554e-05 0.000101829 0.000483984 0.00186325 0.00581027 0.0146765 0.0300314 0.049786 0.066878 0.072821 0.0643393 0.0462878 0.0274835 0.014222 0.00778603 0.0063851 0.00788213 0.0109663 0.015029 0.0197333 0.0247565 0.029726 0.0342561 0.0380162 0.0407878 0.0424893 0.0431602 0.0429173 0.0419009 0.0402347 0.0380102 0.0352962 0.0321606 0.0286924 0.0250119
 1.07829e-16 2.41254e-05 0.000141582 0.000672986 0.00259098 0.00807969 0.0204087 0.0417595 0.0692231 0.0929712 0.101188 0.0892961 0.0640104 0.0375385 0.0185615 0.00877145 0.00558114 0.00593534 0.00796835 0.0108577 0.0142425 0.0178637 0.0214512 0.0247328 0.0274796 0.0295452 0.0308818 0.0315255 0.0315613 0.0310831 0.0301631 0.0288429 0.0271438 0.025087 0.0227147 0.020101
 1.05781e-16 2.46822e-05 0.000144845 0.000688487 0.00265064 0.00826572 0.0208787 0.0427216 0.0708195 0.09512 0.10354 0.0914009 0.0655841 0.0385915 0.0193219 0.00952641 0.00657421 0.0073444 0.00991203 0.0133907 0.0173355 0.0213812 0.025144 0.0282541 0.0304273 0.0315236 0.0315685 0.0307272 0.0292455 0.0273782 0.025331 0.0232319 0.0211343 0.0190421 0.0169426 0.0148331
 1.03799e-16 2.83189e-05 0.000166199 0.000790013 0.00304156 0.00948478 0.0239579 0.0490215 0.0812605 0.109136 0.118778 0.104807 0.0751053 0.0439953 0.0216585 0.0100672 0.00616488 0.00634087 0.0083765 0.0112753 0.0145836 0.017972 0.0211086 0.0236747 0.0254238 0.0262311 0.0261136 0.0252101 0.0237332 0.0219093 0.0199298 0.0179244 0.0159608 0.0140624 0.0122325 0.010474
 1.02381e-16 3.12029e-05 0.000183132 0.000870519 0.00335153 0.0104514 0.0263995 0.0540171 0.0895403 0.120253 0.130865 0.115448 0.0826763 0.0483202 0.0235815 0.010612 0.00602042 0.00580784 0.00751824 0.0100574 0.0129479 0.0158683 0.0185074 0.0205726 0.0218436 0.0222186 0.0217327 0.0205379 0.0188564 0.0169228 0.0149346 0.0130252 0.0112619 0.00966077 0.00821066 0.00689339
 1.02571e-16 2.63737e-05 0.000154772 0.00073567 0.0028323 0.0088322 0.0223096 0.0456496 0.0756737 0.101641 0.110642 0.0976796 0.0701088 0.0412926 0.0207445 0.0103397 0.00726884 0.00819291 0.0110411 0.01484 0.0190748 0.023306 0.0270718 0.0299336 0.0315644 0.0318207 0.0307692 0.0286577 0.025842 0.0226971 0.01954 0.0165863 0.0139445 0.0116379 0.0096403 0.00790809
 1.03223e-16 2.68134e-05 0.000157358 0.000747974 0.00287969 0.00897999 0.0226828 0.0464129 0.0769376 0.103334 0.112473 0.0992676 0.0711866 0.0418031 0.0207721 0.00998012 0.00655296 0.00708712 0.00948639 0.0127949 0.0165503 0.0203886 0.0239309 0.0268096 0.0287373 0.0295645 0.0293041 0.0281108 0.0262281 0.0239224 0.0214262 0.0189073 0.0164656 0.014149 0.0119778 0.00996407
 1.03551e-16 2.66636e-05 0.000156478 0.000743791 0.00286358 0.00892975 0.022556 0.0461533 0.0765075 0.102757 0.111846 0.0987173 0.0707986 0.0415886 0.02069 0.00998074 0.0066044 0.00717698 0.00961254 0.0129565 0.0167424 0.0206 0.0241447 0.0270057 0.0288966 0.0296746 0.0293636 0.0281314 0.0262339 0.0239451 0.021499 0.0190576 0.0167094 0.0144879 0.0123988 0.0104433
 1.02778e-16 3.0671e-05 0.00018001 0.000855679 0.0032944 0.0102733 0.0259495 0.0530962 0.0880136 0.118202 0.128633 0.113478 0.0812622 0.0474879 0.023165 0.0104084 0.00588568 0.00566821 0.0073465 0.00985218 0.0127255 0.015661 0.0183622 0.0205472 0.0219982 0.0226063 0.0223886 0.0214715 0.0200479 0.0183248 0.0164788 0.0146325 0.0128527 0.0111649 0.00957395 0.00808091
 1.02506e-16 2.85024e-05 0.000167273 0.000795112 0.00306118 0.00954595 0.0241124 0.049338 0.0817861 0.109845 0.119557 0.105513 0.0756501 0.0443932 0.0220001 0.0104679 0.00673128 0.00716004 0.0095133 0.0127635 0.0164111 0.0200672 0.0233349 0.025839 0.0272997 0.0275927 0.0267732 0.0250491 0.0227205 0.0201022 0.0174598 0.0149723 0.0127287 0.0107469 0.00900509 0.00746868
 1.02731e-16 2.80553e-05 0.000164648 0.000782637 0.00301315 0.00939618 0.0237341 0.0485638 0.0805027 0.108121 0.117679 0.103853 0.0744553 0.0436821 0.0216297 0.0102636 0.00656676 0.00696846 0.00926843 0.0124642 0.0160762 0.019735 0.0230619 0.0256943 0.0273546 0.0279078 0.0273853 0.0259623 0.0239024 0.0214888 0.0189649 0.0165018 0.0141938 0.0120761 0.0101501 0.00840693
 1.0248e-16 3.03817e-05 0.000178311 0.000847596 0.00326327 0.0101762 0.0257043 0.0525947 0.0871827 0.117088 0.127424 0.112419 0.0805224 0.0470923 0.0230403 0.0104679 0.00607982 0.00598841 0.00780596 0.0104664 0.013499 0.0165788 0.0193866 0.0216193 0.0230448 0.0235503 0.023161 0.022022 0.0203512 0.0183818 0.0163134 0.014285 0.0123721 0.0106019 0.00897516 0.00748577
 1.02497e-16 2.83332e-05 0.000166279 0.000790387 0.00304299 0.00948923 0.0239691 0.0490448 0.0813002 0.109193 0.118847 0.104888 0.0752048 0.0441377 0.0218841 0.0104311 0.00673246 0.00718126 0.00955096 0.0128206 0.016493 0.02018 0.0234842 0.0260292 0.0275325 0.0278666 0.0270827 0.0253849 0.0230695 0.0204494 0.0177895 0.0152703 0.0129836 0.0109519 0.00915811 0.00757224
 1.04659e-16 1.73634e-05 0.000101863 0.000484116 0.00186371 0.00581166 0.0146801 0.03004 0.0498041 0.0669141 0.0728914 0.064475 0.0465454 0.0279564 0.015051 0.00916386 0.00854965 0.0110915 0.015452 0.0209298 0.0270228 0.0331826 0.0387867 0.0432285 0.0460414 0.0469983 0.0461503 0.0437897 0.0403572 0.0363258 0.0321024 0.0279728 0.0240947 0.0205272 0.0172742 0.0143224
pSPR Fmed_Fpbrs
0.787686   0.329265 0.329265
Fs Fmed_Fpbrs
0.140576   1.005 1.005
SSBpbr Bo_Bmed_Bpbrs
1.80569e+06  1.33204e+06  504267 504267
Ro
76115
SPR SPRFo_SPRFmed_SPRFpbrs
1.56514e+06 1.23284e+06 515345
log_Ro
11.06
likeval ReclasPelacesDesembMPH_pf_preclas_ppelaces_ptallas_desvR_qrecl_qpela
 64.9554 24.4795 0.0426977 0.000210664 322.861 206.397 79.3164 0 16.9924 0.000135397 3.47943e-07 0 0 0 0
q_reclas_q_pelaces
0.192267 0.919505
M
0.7
N
 91991.1 23158.2 8627.84 1018.67 0.499918
 115850 43217.5 8879.28 3308.08 390.768
 75858.2 55301.3 17850.1 3667.41 1527.74
 108870 35752.3 21522 6946.86 2021.83
 177460 53552.7 16985.5 10224.8 4260.92
 132549 87937.5 26331.9 8351.78 7122.66
 193858 64340.5 39270.2 11759 6910.41
 159090 94906.8 29898.8 18248.7 8675.62
 167237 76709.3 41080.9 12941.9 11654.3
 145023 80179.3 32332.7 17315.4 10367.2
 70851.3 69782.9 34374.8 13861.8 11868.2
 42319.6 32733 24745 12189.3 9123.83
 43394.9 19641.6 11858.6 8964.69 7721.38
 26142.9 19417.8 6000.42 3622.76 5097.52
 21941.8 10904.4 4274.48 1320.89 1919.62
 29827.9 9430.04 2759.85 1081.85 820.154
 26162 14004.5 3605.23 1055.13 727.162
 29973.1 12473.2 5751.18 1480.55 731.926
 34285.9 14483.9 5454.4 2514.93 967.492
 59582.6 16637 6457.68 2431.86 1552.65
 74408 28889.2 7390.36 2868.58 1769.96
 95842.8 36528.8 13599.2 3478.9 2183.52
 157539 46867.1 16882.9 6285.26 2617.06
 192991 76812.8 21369.4 7697.88 4059.08
 90888.3 94179.9 35164.2 9782.73 5382.23
pred_Ctot
 3579.75 3852.28 1435.21 169.452 0.0831595
 3233.96 5285.4 1085.92 404.571 47.7901
 2785.72 8723.7 2815.83 578.529 240.998
 739.733 1115.91 671.751 216.828 63.1061
 270.205 379.041 120.222 72.3705 30.1584
 2147.86 6408.87 1919.07 608.676 519.098
 1971.3 2982.76 1820.53 545.136 320.359
 3325.57 8829.17 2781.48 1697.68 807.092
 4162.27 8421.07 4509.82 1420.74 1279.4
 3240.26 7947 3204.66 1716.22 1027.55
 3563.95 14629.4 7206.4 2906.01 2488.07
 1997.24 6482.91 4900.84 2414.14 1807.01
 3105.5 5588.67 3374.16 2550.75 2196.98
 3039.45 8139.58 2515.26 1518.59 2136.79
 2140.8 3995.2 1566.1 483.951 703.316
 1173.37 1584.24 463.653 181.75 137.785
 752.663 1761.76 453.535 132.734 91.4764
 580.61 1079 497.509 128.076 63.3157
 563.903 1070.82 403.251 185.932 71.528
 1013.12 1270.03 492.965 185.643 118.526
 610.213 1084.88 277.532 107.724 66.4678
 1053.82 1827.68 680.421 174.063 109.25
 2056.53 2771.18 998.259 371.637 154.742
 2401.79 4335.84 1206.24 434.521 229.122
 1024.1 4825.95 1801.88 501.285 275.795
F
 0.0554461 0.258626 0.258626 0.258626 0.258626
 0.0394974 0.184234 0.184234 0.184234 0.184234
 0.0522507 0.243721 0.243721 0.243721 0.243721
 0.00948766 0.0442549 0.0442549 0.0442549 0.0442549
 0.0021192 0.00988493 0.00988493 0.00988493 0.00988493
 0.0227596 0.106161 0.106161 0.106161 0.106161
 0.0142289 0.0663701 0.0663701 0.0663701 0.0663701
 0.0294466 0.137353 0.137353 0.137353 0.137353
 0.0351477 0.163945 0.163945 0.163945 0.163945
 0.0315026 0.146943 0.146943 0.146943 0.146943
 0.0721985 0.336767 0.336767 0.336767 0.336767
 0.0676022 0.315328 0.315328 0.315328 0.315328
 0.104153 0.48582 0.48582 0.48582 0.48582
 0.174409 0.813526 0.813526 0.813526 0.813526
 0.144495 0.673992 0.673992 0.673992 0.673992
 0.0560652 0.261514 0.261514 0.261514 0.261514
 0.0407279 0.189974 0.189974 0.189974 0.189974
 0.0272613 0.127159 0.127159 0.127159 0.127159
 0.023104 0.107768 0.107768 0.107768 0.107768
 0.0238942 0.111454 0.111454 0.111454 0.111454
 0.0114613 0.0534606 0.0534606 0.0534606 0.0534606
 0.0153933 0.0718016 0.0718016 0.0718016 0.0718016
 0.018299 0.0853552 0.0853552 0.0853552 0.0853552
 0.0174386 0.0813419 0.0813419 0.0813419 0.0813419
 0.0157772 0.0735923 0.0735923 0.0735923 0.0735923
YTP_r0W_actual
 11469.9 106171 59462 20602.8 11804
YTP_p0W_proyectada
 88713.3 458542 653825 318452 147917
 88713.3 305552 121520 155035 78156.4
CTP_r0_actual
 1024.1 4825.95 1801.88 501.285 275.795
CTP_p0_proyectada
 10436.9 21427.2 20955.9 7824.38 3181
 10436.9 14278.1 3894.87 3809.21 1680.78
Wmedp
 8.5 21.4 31.2 40.7 46.5
nmprior
 10.6 11 7 0
nm_flota  nm_reclas  nm_pelaces    nm_pelaL
inf 11.6319 21.2046 53.0102
cv_recla  cv_pelaces  cv_mph
0.729009 0.561013 0.470905
 ------------------------------------------------
Talla a la edad & desviaci?n 
 7.2 14.2025 17.0495 18.207 18.6776
 1.08 2.13037 2.55742 2.73105 2.80164
