years
 1997 1998 1999 2000 2001 2002 2003 2004 2005 2006 2007 2008 2009 2010 2011 2012 2013 2014 2015 2016 2017 2018 2019 2020 2021
reclasobs
 0 0 0 370054 412103 1.49427e+06 250295 1.28982e+06 931140 785840 897777 1.04006e+06 184774 17550 25797 100020 73551 82996 120727 218422 84188 347160 605670 569463 516374
reclaspred
 1.59077e+06 465477 1.62277e+06 1.03015e+06 1.08682e+06 1.32427e+06 2.56736e+06 1.66278e+06 1.71237e+06 1.47979e+06 1.20382e+06 807281 469592 219298 155714 168880 224884 342798 401096 540384 807732 805813 1.42014e+06 1.87631e+06 3.02596e+06
pelacesobs
 0 0 0 0 0 0 0 0 0 2.06254e+06 1.5e+06 0 1.87456e+06 323000 250000 174000 83755 137374 0 501740 490994 745055 786931 1.00524e+06 1.33801e+06
pelacespred
 1.16099e+06 462678 623943 756659 678834 683246 1.29723e+06 1.18962e+06 1.01754e+06 918403 644148 441884 251006 95289.4 68124 83874.5 116957 179914 222784 289777 469768 489857 653900 1.02709e+06 1.63084e+06
mphobs
 0 0 0 0 0 112323 0 153150 637223 0 255016 313432 73983 77613 109348 50772 0 0 0 0 0 0 0 0 0
mphpred
 1.04019e+06 767508 885368 1.12912e+06 928452 1.13902e+06 1.63321e+06 1.87929e+06 1.53058e+06 1.43847e+06 1.25062e+06 853188 526619 277415 139734 134544 169372 255474 340833 407026 606354 746830 955190 1.41518e+06 2.23108e+06
desembarqueobs
 350755 77701 442110 56441 14545 235359 269955 359681 431902 328805 639364 411747 362871 311530 167758 66681 60226 58785 57116 73181 50977 67692 138656 160484 209506
desembarquepred
 350804 77720.8 442387 56449.4 14545.5 235487 270033 359841 432139 328969 640301 412425 363608 312397 167941 66723.3 60265.9 58803.3 57127.4 73196.3 50982.4 67698.2 138678 160506 209519
Reclutas
 98013.6 90037.5 56392.9 62528.8 94313.9 82114.5 125766 109379 123581 113984 70001.1 44787.5 44912.8 29570.4 21890.4 21878.7 20226.7 23769.4 27033.8 44499.8 63483.7 78543.3 132433 188127 180688
log_desv_Rt
 0.432861 0.347981 -0.119901 -0.0166171 0.394384 0.25587 0.682178 0.542579 0.664653 0.58381 0.0962655 -0.350315 -0.347521 -0.76547 -1.0662 -1.06673 -1.14524 -0.983845 -0.855157 -0.35676 -0.00146095 0.211406 0.733831 1.08487 1.04453
SSB
 1.04019e+06 767508 885368 1.12912e+06 928452 1.13902e+06 1.63321e+06 1.87929e+06 1.53058e+06 1.43847e+06 1.25062e+06 853188 526619 277415 139734 134544 169372 255474 340833 407026 606354 746830 955190 1.41518e+06 2.23108e+06
BT
 3.87457e+06 1.02176e+06 1.75664e+06 1.59456e+06 1.47548e+06 1.52352e+06 3.34321e+06 2.92353e+06 2.70198e+06 2.2884e+06 1.93369e+06 1.30224e+06 908686 502886 312688 247037 323758 456508 514212 712347 1.1375e+06 1.05116e+06 1.48759e+06 2.42171e+06 3.79491e+06
Ftot
 0.213696 0.162164 0.262822 0.0535369 0.0131054 0.172444 0.102494 0.209483 0.243774 0.215098 0.502938 0.483746 0.718806 1.24688 0.981949 0.378319 0.258777 0.166545 0.138469 0.131785 0.0616513 0.0819521 0.0951855 0.0834544 0.0676023
BD_Bspro_t
 0.971956 0.844599 0.802822 0.705794 0.76706 0.844029 0.809206 0.813186 0.753176 0.700851 0.647622 0.483365 0.372109 0.265366 0.167186 0.187618 0.289918 0.461985 0.592033 0.688178 0.783485 0.85439 0.864494 0.872837 0.889148
BD_Bspro
 0.795672 0.587088 0.677243 0.863697 0.710198 0.871269 1.24929 1.43752 1.17078 1.10032 0.956636 0.652627 0.402825 0.212203 0.106887 0.102917 0.129558 0.195419 0.260713 0.311345 0.463817 0.571271 0.730651 1.08251 1.70661
BD_Bo
 0.754348 0.556597 0.642069 0.81884 0.673314 0.826019 1.18441 1.36286 1.10998 1.04318 0.906952 0.618732 0.381904 0.201182 0.101335 0.0975716 0.122829 0.18527 0.247173 0.295175 0.439728 0.541602 0.692704 1.02629 1.61798
BD_Brms
 3.6691 2.70725 3.12298 3.98278 3.27495 4.0177 5.76088 6.62887 5.39885 5.07394 4.41135 3.00947 1.85756 0.978534 0.492888 0.474581 0.597431 0.901141 1.20223 1.43571 2.13881 2.63431 3.36927 4.9918 7.86974
S_f
 0.5 1 1 1 1
 0.5 1 1 1 1
 0.5 1 1 1 1
 0.5 1 1 1 1
 0.5 1 1 1 1
 0.5 1 1 1 1
 0.5 1 1 1 1
 0.5 1 1 1 1
 0.5 1 1 1 1
 0.5 1 1 1 1
 0.5 1 1 1 1
 0.5 1 1 1 1
 0.5 1 1 1 1
 0.5 1 1 1 1
 0.5 1 1 1 1
 0.5 1 1 1 1
 0.5 1 1 1 1
 0.5 1 1 1 1
 0.5 1 1 1 1
 0.5 1 1 1 1
 0.5 1 1 1 1
 0.5 1 1 1 1
 0.5 1 1 1 1
 0.5 1 1 1 1
 0.5 1 1 1 1
Scru_reclas
 0.5 1 1 1 1
 0.5 1 1 1 1
 0.5 1 1 1 1
 0.5 1 1 1 1
 0.5 1 1 1 1
 0.5 1 1 1 1
 0.5 1 1 1 1
 0.5 1 1 1 1
 0.5 1 1 1 1
 0.5 1 1 1 1
 0.5 1 1 1 1
 0.5 1 1 1 1
 0.5 1 1 1 1
 0.5 1 1 1 1
 0.5 1 1 1 1
 0.5 1 1 1 1
 0.5 1 1 1 1
 0.5 1 1 1 1
 0.5 1 1 1 1
 0.5 1 1 1 1
 0.5 1 1 1 1
 0.5 1 1 1 1
 0.5 1 1 1 1
 0.5 1 1 1 1
 0.5 1 1 1 1
Scru_pelaces
 0.5 1 1 1 1
 0.5 1 1 1 1
 0.5 1 1 1 1
 0.5 1 1 1 1
 0.5 1 1 1 1
 0.5 1 1 1 1
 0.5 1 1 1 1
 0.5 1 1 1 1
 0.5 1 1 1 1
 0.5 1 1 1 1
 0.5 1 1 1 1
 0.5 1 1 1 1
 0.5 1 1 1 1
 0.5 1 1 1 1
 0.5 1 1 1 1
 0.5 1 1 1 1
 0.5 1 1 1 1
 0.5 1 1 1 1
 0.5 1 1 1 1
 0.5 1 1 1 1
 0.5 1 1 1 1
 0.5 1 1 1 1
 0.5 1 1 1 1
 0.5 1 1 1 1
 0.5 1 1 1 1
pf_obs 
 0.256992 0.487395 0.22802 0.0275931 0
 0.321318 0.546541 0.124235 0.00734118 0.000564706
 0.182869 0.594174 0.210203 0.0122559 0.00049798
 0.330522 0.361315 0.267642 0.0388342 0.00168674
 0.649043 0.306663 0.0425973 0.00169635 0
 0.582887 0.30429 0.105238 0.00758474 0
 0.465427 0.430635 0.0974691 0.00646863 0
 0.296916 0.608066 0.0921331 0.00288517 0
 0.311714 0.524322 0.152257 0.0117073 0
 0.15457 0.633149 0.183074 0.0267441 0.00246327
 0.131901 0.49318 0.331252 0.0422183 0.00144891
 0.196976 0.569456 0.194076 0.0375587 0.00193317
 0.518974 0.381816 0.0799577 0.0180837 0.00116848
 0.0928022 0.601141 0.25162 0.0475244 0.00691264
 0.122501 0.610282 0.24278 0.0234846 0.000952079
 0.383417 0.481906 0.127806 0.00687128 0
 0.0376549 0.599619 0.316969 0.0457579 0
 0.0361596 0.667082 0.258105 0.0386534 0
 0.158088 0.579412 0.248529 0.0139706 0
 0.0477256 0.309471 0.559284 0.082774 0.000745712
 0.0406174 0.521527 0.379366 0.0568643 0.0016247
 0.151134 0.462217 0.34131 0.0453401 0
 0.294876 0.26143 0.354403 0.0886775 0.000613685
 0.281977 0.475581 0.204845 0.0348837 0.00271318
 0.0841818 0.532909 0.334909 0.0458182 0.00218182
pf_pred 
 0.638118 0.259278 0.092114 0.0104853 5.19341e-06
 0.456956 0.428682 0.0819373 0.02911 0.00331522
 0.315745 0.436536 0.195551 0.0373771 0.0147913
 0.391198 0.303663 0.19467 0.0872046 0.0232642
 0.469662 0.300215 0.114782 0.0735838 0.0417563
 0.369539 0.403487 0.128486 0.0491246 0.0493633
 0.486792 0.283189 0.147209 0.0468772 0.0359325
 0.389354 0.403836 0.114118 0.0593215 0.0333702
 0.433553 0.32579 0.159153 0.0449742 0.03653
 0.405716 0.369299 0.129399 0.0632134 0.0323724
 0.311406 0.407748 0.174523 0.0611514 0.0451718
 0.319072 0.348544 0.19682 0.0842422 0.0513222
 0.435287 0.293231 0.138962 0.0784708 0.0540487
 0.439855 0.367859 0.099846 0.0473169 0.0451232
 0.540091 0.321656 0.0907937 0.0246437 0.0228158
 0.575177 0.323134 0.0711209 0.0200753 0.0104937
 0.47174 0.396924 0.0998977 0.0219872 0.00945049
 0.478762 0.342952 0.133961 0.0337153 0.0106102
 0.457763 0.356919 0.121931 0.0476277 0.0157592
 0.53801 0.294355 0.110343 0.0376953 0.0195963
 0.52383 0.336841 0.0887733 0.0332778 0.0172783
 0.474813 0.363022 0.114715 0.0302326 0.0172174
 0.539655 0.29884 0.111636 0.0352768 0.0145917
 0.519099 0.339805 0.0915951 0.0342165 0.0152848
 0.413332 0.403915 0.129133 0.0348082 0.0188116
pobs_RECLAS
 0 0 0 0 0
 0 0 0 0 0
 0 0 0 0 0
 0 0 0 0 0
 0.835266 0.146461 0.0176864 0.000547809 3.91292e-05
 0.385257 0.428462 0.181853 0.0044286 0
 0.867414 0.0963971 0.0333333 0.00285562 0
 0.441836 0.489002 0.0689373 0.000224442 0
 0.779404 0.147425 0.0564933 0.0165055 0.000172143
 0.814271 0.122319 0.05973 0.00367925 0
 0.40263 0.566651 0.0304383 0.000280538 0
 0.475488 0.404961 0.113038 0.00651328 0
 0.955842 0.0263864 0.0167828 0.000988607 0
 0.975058 0.0227948 0.00214734 0 0
 0.738997 0.206755 0.0527124 0.00153531 0
 0.850938 0.134255 0.0134407 0.00136685 0
 0.542534 0.407297 0.0501686 0 0
 0.764087 0.199537 0.0359546 0.000420521 0
 0.470689 0.182191 0.310203 0.0369168 0
 0.84361 0.089868 0.0606195 0.00523954 0.000663233
 0.607945 0.314616 0.071237 0.00620181 0
 0.523733 0.453247 0.0230204 0 0
 0.530135 0.295979 0.169645 0.0042399 0
 0.562478 0.366248 0.0663022 0.0049721 0
 0.250443 0.683176 0.0655157 0.000865301 0
ppred_RECLAS
 0.639863 0.258027 0.0916697 0.0104347 5.16836e-06
 0.458319 0.427606 0.0817317 0.0290369 0.0033069
 0.317843 0.435197 0.194951 0.0372625 0.014746
 0.391588 0.303469 0.194546 0.0871487 0.0232493
 0.469758 0.300161 0.114761 0.0735706 0.0417488
 0.370912 0.402608 0.128206 0.0490175 0.0492558
 0.487613 0.282736 0.146974 0.0468023 0.0358751
 0.391113 0.402673 0.113789 0.0591506 0.0332741
 0.435728 0.324539 0.158542 0.0448014 0.0363897
 0.407556 0.368156 0.128999 0.0630177 0.0322721
 0.316174 0.404924 0.173314 0.060728 0.044859
 0.323657 0.346197 0.195495 0.083675 0.0509767
 0.4442 0.288603 0.136769 0.0772323 0.0531956
 0.459968 0.35465 0.0962608 0.0456179 0.043503
 0.554163 0.311814 0.0880157 0.0238896 0.0221177
 0.578901 0.320301 0.0704974 0.0198993 0.0104017
 0.474112 0.395142 0.0994493 0.0218885 0.00940806
 0.480174 0.342022 0.133598 0.0336239 0.0105814
 0.458902 0.356169 0.121674 0.0475276 0.0157261
 0.539089 0.293668 0.110085 0.0376073 0.0195505
 0.524304 0.336505 0.0886849 0.0332447 0.0172611
 0.475456 0.362578 0.114574 0.0301957 0.0171963
 0.540408 0.298352 0.111453 0.0352191 0.0145679
 0.519754 0.339342 0.0914702 0.0341699 0.0152639
 0.41384 0.403565 0.129022 0.034778 0.0187953
pobs_PELACES
 0 0 0 0 0
 0 0 0 0 0
 0 0 0 0 0
 0 0 0 0 0
 0 0 0 0 0
 0 0 0 0 0
 0 0 0 0 0
 0 0 0 0 0
 0 0 0 0 0
 0 0 0 0 0
 0.450072 0.473896 0.0757376 0.000293798 0
 0 0 0 0 0
 0.463077 0.371075 0.160297 0.00555027 0
 0.529543 0.364841 0.0842815 0.0213345 0
 0.631943 0.363953 0.00410389 0 0
 0.735681 0.248677 0.0153453 0.000297389 0
 0.695825 0.281241 0.0229344 0 0
 0.275771 0.60734 0.115278 0.00161068 0
 0 0 0 0 0
 0.896147 0.0623911 0.0374545 0.00400742 0
 0.803859 0.145111 0.0509908 3.86294e-05 0
 0.739449 0.233085 0.0266225 0.000797448 4.60066e-05
 0.878498 0.100942 0.0204185 0.000141795 0
 0.694673 0.275183 0.0284847 0.00165964 0
 0.469039 0.446079 0.0841089 0.000773354 0
ppred_PELACES
 0.647948 0.252235 0.0896119 0.0102005 5.05234e-06
 0.464968 0.422357 0.0807283 0.0286805 0.0032663
 0.327319 0.429152 0.192243 0.0367449 0.0145411
 0.393694 0.302418 0.193872 0.086847 0.0231688
 0.470297 0.299856 0.114645 0.0734958 0.0417064
 0.377576 0.398344 0.126848 0.0484983 0.0487341
 0.491839 0.280404 0.145762 0.0464162 0.0355792
 0.399374 0.39721 0.112245 0.0583481 0.0328226
 0.445642 0.318837 0.155756 0.0440143 0.0357504
 0.416152 0.362813 0.127127 0.0621032 0.0318038
 0.334383 0.394142 0.168699 0.0591109 0.0436645
 0.341369 0.33713 0.190375 0.0814837 0.0496417
 0.473642 0.273315 0.129524 0.0731412 0.0503777
 0.511314 0.32093 0.0871084 0.0412806 0.0393667
 0.593759 0.284121 0.0801988 0.0217679 0.0201534
 0.594039 0.308787 0.0679632 0.0191839 0.0100278
 0.484768 0.387135 0.0974341 0.021445 0.00921743
 0.487037 0.337507 0.131834 0.0331801 0.0104417
 0.464581 0.352432 0.120398 0.0470288 0.015561
 0.544487 0.290229 0.108796 0.0371668 0.0193215
 0.52684 0.334711 0.0882121 0.0330674 0.0171691
 0.478829 0.360246 0.113837 0.0300015 0.0170857
 0.544306 0.295821 0.110508 0.0349204 0.0144443
 0.52319 0.336914 0.0908158 0.0339254 0.0151547
 0.416548 0.401701 0.128425 0.0346173 0.0187085
pobs_pel_tallas
 0 0 0 0 0 0 0 0 0 0 0 0 0 0 0 0 0 0 0 0 0 0 0 0 0 0 0 0 0 0 0 0 0 0 0 0
 0 0 0 0 0 0 0 0 0 0 0 0 0 0 0 0 0 0 0 0 0 0 0 0 0 0 0 0 0 0 0 0 0 0 0 0
 0 0 0 0 0 0 0 0 0 0 0 0 0 0 0 0 0 0 0 0 0 0 0 0 0 0 0 0 0 0 0 0 0 0 0 0
 0 0 0 0 0 0 0 0 0 0 0 0 0 0 0 0 0 0 0 0 0 0 0 0 0 0 0 0 0 0 0 0 0 0 0 0
 0 0 0 0 0 0 0 0 0 0 0 0 0 0 0 0 0 0 0 0 0 0 0 0 0 0 0 0 0 0 0 0 0 0 0 0
 0 0 0 0 0 0 0 0 0 0 0 0 0 0 0 0 0 0 0 0 0 0 0 0 0 0 0 0 0 0 0 0 0 0 0 0
 0 0 0 0 0 0 0 0 0 0 0 0 0 0 0 0 0 0 0 0 0 0 0 0 0 0 0 0 0 0 0 0 0 0 0 0
 0 0 0 0 0 0 0 0 0 0 0 0 0 0 0 0 0 0 0 0 0 0 0 0 0 0 0 0 0 0 0 0 0 0 0 0
 0 0 0 0 0 0 0 0 0 0 0 0 0 0 0 0 0 0 0 0 0 0 0 0 0 0 0 0 0 0 0 0 0 0 0 0
 0 0 0 0 0 0 0 0 0 0 0 0 0 0 0 0 0 0 0 0 0 0 0 0 0 0 0 0 0 0 0 0 0 0 0 0
 0 0 0 0 0 0 0 0 1.78061e-05 0.00172719 0.00360574 0.0105946 0.0120993 0.0124554 0.0147524 0.0171206 0.0266825 0.0428682 0.0675386 0.121331 0.153587 0.119568 0.100827 0.0573624 0.0630603 0.0341343 0.0324427 0.0444173 0.0211091 0.0280891 0.0125444 0.00206551 0 0 0 0
 0 0 0 0 0 0 0 0 0 0 0 0 0 0 0 0 0 0 0 0 0 0 0 0 0 0 0 0 0 0 0 0 0 0 0 0
 0 0 0 0 0 0 0.0133647 0.0140871 0.0187388 0.0205184 0.03894 0.0496705 0.03968 0.0493445 0.0407372 0.0367815 0.0215668 0.0243155 0.0234873 0.0199281 0.019796 0.0243948 0.0301388 0.0376714 0.0412746 0.0863199 0.0771752 0.113111 0.0741005 0.0525337 0.0229764 0.00759418 0.00175318 0 0 0
 0 0 0 0 0 0 0 0 0 0 0.00219441 0.00772107 0.0458388 0.0604681 0.0671733 0.0775358 0.0609151 0.0617685 0.073594 0.0568108 0.0755445 0.0548602 0.0670107 0.0636378 0.0643287 0.046367 0.0373049 0.0286899 0.0247887 0.0153202 0.00654259 0.00121912 0.000365735 0 0 0
 0 0 0 0 0 0 0 0 0 0 0 0 0.000112435 0.00938835 0.0111873 0.0202946 0.0414886 0.0713402 0.111592 0.104902 0.108894 0.110636 0.117776 0.105296 0.107544 0.0401394 0.0192827 0.0124803 0.00416011 0.0028671 0.000618394 0 0 0 0 0
 0 0 0 0 0 0 0 0 0 0 0.00291406 0.0102884 0.027416 0.0768956 0.0749926 0.110853 0.0956884 0.0897413 0.0766577 0.0534642 0.0500743 0.0551293 0.0594112 0.0620874 0.0668451 0.0424026 0.0208742 0.0120726 0.0048766 0.00582813 0.00118941 0.000297354 0 0 0 0
 0 0.00264628 0.0354308 0.0461629 0.0458689 0.0383711 0.0214643 0.0164657 0.0346957 0.0420465 0.0363128 0.0245516 0.0311673 0.0291091 0.0169068 0.0133784 0.00837989 0.0085269 0.0148486 0.0160247 0.0276389 0.0546898 0.0760071 0.122758 0.109233 0.0665981 0.0333725 0.0166128 0.00676272 0.00308733 0.000882094 0 0 0 0 0
 0 0 0 0 0 0 0 0.000805153 0.000690131 0.00759144 0.0133425 0.0154129 0.00931677 0.000345066 0.00356568 0.00563607 0.00851162 0.0253048 0.0502646 0.0516448 0.0657925 0.0565908 0.0611916 0.0827007 0.0866115 0.110766 0.145733 0.0935128 0.0569358 0.0249597 0.0138026 0.00621118 0.00161031 0.00115022 0 0
 0 0 0 0 0 0 0 0 0 0 0 0 0 0 0 0 0 0 0 0 0 0 0 0 0 0 0 0 0 0 0 0 0 0 0 0
 0.00147267 0.00158595 0.00478618 0.00569244 0.00954404 0.0108468 0.00647125 0.017049 0.0510054 0.094081 0.124002 0.0959785 0.0687766 0.0820023 0.061753 0.0591476 0.0492212 0.0479892 0.0443925 0.0268479 0.0217502 0.0140895 0.0121071 0.0120363 0.00920419 0.00665534 0.0049561 0.00860946 0.00930331 0.0156896 0.0114698 0.00855282 0.00243557 0.00046729 0 2.83206e-05
 0 0 0 0 0.000772559 0.00158375 0.000888443 0.00281984 0.00712685 0.0440552 0.0773331 0.111326 0.0921469 0.0852325 0.0710754 0.0886704 0.0786465 0.0553345 0.0373146 0.0185414 0.00753245 0.00457741 0.012979 0.0271748 0.0457355 0.0583668 0.034881 0.0177882 0.00938659 0.00492506 0.0015258 0.00185414 0.000309023 5.79419e-05 3.86279e-05 0
 0 0.00173294 0.00326652 0 0.00397197 0.00683976 0.00946217 0.0152591 0.00757587 0.0136028 0.0228656 0.0392903 0.0559909 0.0764795 0.0681675 0.0726916 0.0566044 0.0477403 0.0527397 0.0444891 0.0609904 0.0582453 0.0661739 0.0445044 0.0529084 0.0360697 0.0280645 0.0235558 0.0158879 0.00826598 0.00280645 0.00217768 0.000904811 0.00058276 9.20147e-05 0
 0 0 0 0 0 0 0 0 0 0 0 0 0 0 0 0 0 0 0 0 0 0 0 0 0 0 0 0 0 0 0 0 0 0 0 0
 0 0 0 0 0 0 0 0 0 0 0 0 0 0 0 0 0 0 0 0 0 0 0 0 0 0 0 0 0 0 0 0 0 0 0 0
 0 0 0 0 0 0 0 0 0 0 0 0 0 0 0 0 0 0 0 0 0 0 0 0 0 0 0 0 0 0 0 0 0 0 0 0
ppred_pel_tallas
 1.01706e-16 2.82766e-05 0.000165946 0.000788803 0.00303688 0.00947019 0.0239211 0.0489465 0.0811375 0.108975 0.118612 0.104686 0.0750704 0.0440804 0.0218962 0.0105046 0.00686992 0.00739553 0.00986016 0.0132417 0.017036 0.0208423 0.0242472 0.0268564 0.0283709 0.0286514 0.0277436 0.0258546 0.0232916 0.0203851 0.0174226 0.0146093 0.0120612 0.00982103 0.00788611 0.0062333
 1.02422e-16 2.03047e-05 0.000119129 0.000566192 0.00217972 0.00679711 0.0171693 0.0351332 0.0582468 0.0782528 0.0852309 0.0753613 0.0543422 0.0325139 0.0172738 0.0101552 0.00908523 0.0115559 0.0159769 0.0215151 0.0275887 0.033584 0.0388213 0.0426547 0.0446102 0.0444943 0.0424336 0.0388286 0.0342429 0.0292661 0.0243955 0.0199671 0.016145 0.0129538 0.0103325 0.00818652
 1.04811e-16 1.43031e-05 8.38926e-05 0.000398673 0.00153472 0.00478571 0.0120887 0.0247381 0.0410173 0.0551189 0.0600696 0.0531981 0.0385448 0.0234324 0.0131278 0.00878317 0.00901604 0.0121264 0.0170273 0.0231113 0.0298804 0.0367478 0.0430325 0.0480643 0.0513205 0.0525354 0.0517447 0.049248 0.045511 0.0410426 0.0362887 0.0315731 0.0270888 0.0229259 0.019115 0.0156644
 1.06918e-16 1.71922e-05 0.000100866 0.000479392 0.00184555 0.00575506 0.0145371 0.0297466 0.0493153 0.0662505 0.0721502 0.0637761 0.0459468 0.0274096 0.0144192 0.00826764 0.0072016 0.00911547 0.0127045 0.0173339 0.0226095 0.0281259 0.0334162 0.0380071 0.0415082 0.0436849 0.0444901 0.0440427 0.0425688 0.040328 0.0375527 0.0344189 0.0310476 0.0275263 0.0239356 0.0203652
 1.062e-16 2.0532e-05 0.000120475 0.000572616 0.0022045 0.00687441 0.0173644 0.0355315 0.0589036 0.0791246 0.0861525 0.0761098 0.0547377 0.0324626 0.0167244 0.00902695 0.00723147 0.00878139 0.0120898 0.0163943 0.021252 0.0262419 0.0308983 0.0347657 0.0374881 0.038881 0.03896 0.0379113 0.0360238 0.0336047 0.0309105 0.0281125 0.0252985 0.0224999 0.0197271 0.0169972
 1.05874e-16 1.6493e-05 9.67528e-05 0.00045982 0.00177016 0.00551994 0.0139433 0.0285324 0.0473053 0.0635592 0.0692429 0.0612624 0.0442579 0.026646 0.0144608 0.00898173 0.00856266 0.0112018 0.0156308 0.0211758 0.0273405 0.0335751 0.0392547 0.0437722 0.0466644 0.0477115 0.046974 0.044753 0.0414937 0.0376663 0.0336658 0.0297582 0.0260771 0.0226572 0.0194823 0.0165279
 1.05418e-16 2.14707e-05 0.000125987 0.000598826 0.00230541 0.00718912 0.0181593 0.0371578 0.0615987 0.082742 0.0900835 0.0795644 0.0571826 0.0338331 0.0172847 0.00909608 0.0070173 0.00836582 0.0114825 0.0155841 0.0202364 0.0250407 0.0295571 0.0333502 0.0360726 0.0375327 0.0377234 0.0367989 0.0350143 0.0326507 0.029953 0.0270972 0.0241901 0.02129 0.0184351 0.0156647
 1.05262e-16 1.74435e-05 0.000102333 0.000486349 0.00187231 0.00583848 0.0147479 0.0301786 0.0500339 0.0672229 0.0732277 0.0647726 0.0467603 0.0280853 0.0151196 0.00920292 0.00858032 0.0111225 0.0154819 0.0209495 0.0270159 0.0331271 0.0386576 0.0430026 0.0457046 0.0465519 0.0456162 0.0432112 0.0397954 0.0358509 0.0317823 0.0278607 0.0242203 0.0208914 0.0178496 0.0150595
 1.05498e-16 1.94579e-05 0.000114166 0.000542621 0.002089 0.00651423 0.0164547 0.0336703 0.0558192 0.0749848 0.0816541 0.0721575 0.0519427 0.0309005 0.0160959 0.00897225 0.00752157 0.00933643 0.0129186 0.0175361 0.0227405 0.0280858 0.033071 0.0372014 0.0400854 0.0415131 0.0414888 0.0402036 0.0379653 0.0351112 0.0319342 0.0286443 0.0253662 0.022163 0.0190686 0.0161137
 1.05543e-16 1.81737e-05 0.000106623 0.000506752 0.00195088 0.0060835 0.0153667 0.0314446 0.0521313 0.0700364 0.0762808 0.0674451 0.0486288 0.0290861 0.0154382 0.00906019 0.00810341 0.0103367 0.0143589 0.0194565 0.0251491 0.0309316 0.0362345 0.0405026 0.0433087 0.0444426 0.0439467 0.0420799 0.0392321 0.0358185 0.0321902 0.0285869 0.0251342 0.0218738 0.0188055 0.0159234
 1.06595e-16 1.46096e-05 8.56954e-05 0.000407252 0.00156777 0.00488877 0.012349 0.0252703 0.0418985 0.056299 0.0613452 0.0543027 0.0392906 0.0237771 0.0131261 0.00849518 0.00845357 0.0112525 0.0157833 0.0214477 0.027783 0.0342578 0.0402568 0.0451731 0.0485318 0.0500872 0.0498617 0.0481104 0.0452312 0.0416541 0.0377475 0.0337691 0.0298635 0.026093 0.0224805 0.0190447
 1.07932e-16 1.49119e-05 8.74756e-05 0.000415726 0.00160041 0.0049906 0.0126061 0.025796 0.0427683 0.0574623 0.0625982 0.0553774 0.0399936 0.0240539 0.0130123 0.00802584 0.00761121 0.00997143 0.013984 0.0190765 0.0248483 0.0308558 0.0365812 0.0415038 0.0452 0.0474253 0.0481479 0.0475223 0.0458193 0.0433409 0.0403496 0.0370343 0.0335129 0.0298592 0.0261358 0.0224171
 1.06795e-16 2.06768e-05 0.000121327 0.000576675 0.00222013 0.00692317 0.0174876 0.0357833 0.0593202 0.0796818 0.0867529 0.0766253 0.0550761 0.0325984 0.0166757 0.00881194 0.00684364 0.0081915 0.0112619 0.0153046 0.0199055 0.0246839 0.0292193 0.0330949 0.0359776 0.0376822 0.0381978 0.0376633 0.0363086 0.0343823 0.0320934 0.0295836 0.0269309 0.0241741 0.0213435 0.0184824
 1.04599e-16 2.23214e-05 0.000130978 0.000622546 0.00239673 0.00747389 0.0188787 0.0386299 0.0640397 0.0860228 0.0936604 0.0827354 0.0594872 0.0352473 0.0180984 0.00966689 0.00761609 0.00915277 0.0125364 0.0169227 0.0218171 0.026753 0.0312229 0.0347399 0.0369364 0.0376439 0.0369225 0.0350268 0.0323268 0.0292099 0.0259985 0.0229061 0.0200341 0.0174005 0.0149801 0.0127407
 1.02921e-16 2.59149e-05 0.000152078 0.000722867 0.002783 0.00867847 0.0219213 0.0448551 0.0743569 0.099873 0.108718 0.0959838 0.0688974 0.0405907 0.0204136 0.0102113 0.0072263 0.0081807 0.0110424 0.0148563 0.0191165 0.0233892 0.0272169 0.0301632 0.031901 0.0322825 0.0313676 0.0293934 0.0267044 0.0236642 0.0205804 0.0176628 0.015018 0.0126717 0.010603 0.00877608
 1.02194e-16 2.59281e-05 0.000152154 0.00072322 0.00278435 0.00868267 0.0219319 0.044877 0.0743939 0.0999248 0.10878 0.0960507 0.0689727 0.0406897 0.0205638 0.0104499 0.00759672 0.00872795 0.0118056 0.0158579 0.0203501 0.0248095 0.0287359 0.031656 0.0332203 0.0332819 0.0319251 0.0294325 0.0262053 0.0226641 0.0191642 0.0159463 0.0131292 0.0107338 0.00872197 0.0070331
 1.02677e-16 2.11667e-05 0.000124192 0.000590272 0.00227244 0.00708628 0.0178997 0.0366274 0.0607224 0.081574 0.0888361 0.0785199 0.0565566 0.0337123 0.0176804 0.0100379 0.00860251 0.0107471 0.0148168 0.0199694 0.0256513 0.0312978 0.0362858 0.0400199 0.0420573 0.042207 0.0405667 0.0374828 0.0334515 0.0289965 0.0245629 0.0204564 0.0168333 0.0137293 0.0111065 0.00889815
 1.0361e-16 2.12637e-05 0.000124766 0.00059301 0.002283 0.00711922 0.0179828 0.0367971 0.0610024 0.081946 0.0892302 0.0788423 0.0567322 0.0337041 0.0174709 0.00959899 0.00788054 0.00966951 0.0133138 0.0180012 0.0232345 0.0285258 0.0333353 0.0371384 0.0395313 0.0403159 0.0395345 0.0374378 0.0344063 0.0308507 0.0271269 0.0234883 0.0200789 0.0169571 0.0141315 0.0115934
 1.04167e-16 2.0285e-05 0.000119019 0.000565687 0.00217779 0.00679113 0.0171541 0.0351017 0.0581926 0.0781743 0.0851306 0.0752374 0.0541764 0.0322621 0.0168639 0.00948944 0.00804656 0.0100211 0.0138386 0.0187131 0.0241448 0.0296297 0.0346079 0.0385363 0.0410002 0.0418007 0.0409897 0.0388356 0.0357388 0.0321265 0.0283639 0.0247044 0.0212846 0.0181506 0.0152989 0.0127117
 1.03819e-16 2.37668e-05 0.000139466 0.000662905 0.00255213 0.00795851 0.0201027 0.0411342 0.0681898 0.0915929 0.0997129 0.0880532 0.0632481 0.03735 0.0189471 0.00974905 0.00724616 0.0084496 0.0115062 0.0155388 0.0200671 0.0246619 0.0288601 0.0322137 0.0343776 0.0351823 0.034662 0.0330272 0.0305966 0.0277117 0.0246656 0.0216625 0.0188146 0.0161639 0.0137145 0.0114608
 1.033e-16 2.29991e-05 0.000134955 0.00064145 0.00246951 0.00770083 0.0194519 0.039803 0.0659844 0.0886352 0.0965053 0.0852496 0.0612973 0.0363244 0.0186594 0.00997786 0.00787126 0.00945882 0.0129421 0.0174432 0.0224415 0.0274434 0.0319128 0.0353371 0.0373325 0.0377281 0.0365978 0.0342253 0.0310202 0.027414 0.0237711 0.0203391 0.0172424 0.0145087 0.0121105 0.0100021
 1.03563e-16 2.09066e-05 0.000122668 0.000583031 0.00224457 0.00699937 0.0176801 0.036178 0.0599768 0.0805707 0.0877389 0.0775395 0.0558274 0.0332316 0.0173451 0.00971835 0.00819077 0.0101662 0.0140169 0.0189283 0.024382 0.0298574 0.0347784 0.0385898 0.0408713 0.0414286 0.0403286 0.0378636 0.0344632 0.0305843 0.026617 0.0228318 0.0193721 0.0162813 0.0135446 0.0111269
 1.0354e-16 2.37591e-05 0.000139421 0.000662688 0.00255129 0.00795589 0.0200961 0.0411208 0.0681676 0.0915636 0.0996823 0.0880293 0.0632377 0.0373574 0.0189757 0.00980407 0.00733571 0.00858393 0.0116954 0.01579 0.0203811 0.0250304 0.0292644 0.0326255 0.0347617 0.0355013 0.0348818 0.033122 0.0305522 0.0275273 0.0243525 0.0212421 0.0183149 0.0156158 0.0131488 0.0109054
 1.03273e-16 2.284e-05 0.000134021 0.000637009 0.00245241 0.00764751 0.0193172 0.0395274 0.0655278 0.0880222 0.095839 0.0846638 0.060882 0.0360904 0.0185614 0.0099615 0.00790093 0.00952079 0.0130356 0.0175723 0.02261 0.0276527 0.0321607 0.0356173 0.0376354 0.0380416 0.036909 0.0345219 0.0312916 0.0276522 0.023971 0.0204981 0.0173605 0.0145882 0.0121555 0.0100183
 1.04018e-16 1.81926e-05 0.00010673 0.000507253 0.00195279 0.00608946 0.0153818 0.0314758 0.0521841 0.0701106 0.0763701 0.0675445 0.0487446 0.0292435 0.0156817 0.00945008 0.00871125 0.0112382 0.015622 0.0211239 0.0272182 0.0333372 0.038841 0.0431107 0.045677 0.0463222 0.0451193 0.0423925 0.0386187 0.0343058 0.0298876 0.0256651 0.0217985 0.018337 0.0152656 0.0125471
pSPR Fmed_Fpbrs
0.707921   0.255595 0.255595
Fs Fmed_Fpbrs
0.179165   1.005 1.005
SSBpbr Bo_Bmed_Bpbrs
1.37893e+06  907227  283501 283501
Ro
63576.6
SPR SPRFo_SPRFmed_SPRFpbrs
1.30731e+06 925475 334143
log_Ro
10.88
likeval ReclasPelacesDesembMPH_pf_preclas_ppelaces_ptallas_desvR_qrecl_qpela
 198.79 54.7901 0.102925 0.0011218 345.865 217.293 81.1875 0 15.5405 0 0 0 0 0 0
q_reclas_q_pelaces
1 1
M
0.7
N
 98013.6 20846.7 7406.22 843.047 0.417564
 90037.5 43739.8 8360.32 2970.19 338.262
 56392.9 41229.1 18469 3530.12 1396.98
 62528.8 24555.4 15741.8 7051.72 1881.24
 94313.9 30230.7 11558.2 7409.66 4204.73
 82114.5 46529 14816.7 5664.91 5692.44
 125766 37408.3 19445.8 6192.32 4746.56
 109379 59333.6 16766.8 8715.81 4902.92
 123581 48914.9 23895.6 6752.52 5484.7
 113984 54326.4 19035.5 9299.12 4762.19
 70001.1 50830.9 21756.5 7623.3 5631.23
 44787.5 27032.5 15265.1 6533.71 3980.48
 44912.8 17462.5 8275.47 4673.1 3218.71
 29570.4 15569.6 4225.98 2002.69 1909.84
 21890.4 7872.2 2222.08 603.128 558.392
 21878.7 6653.03 1464.32 413.332 216.056
 20226.7 8992.16 2263.14 498.112 214.097
 23769.4 8825.23 3447.25 867.602 273.034
 27033.8 10860.4 3710.14 1449.23 479.525
 44499.8 12526.6 4695.75 1604.16 833.938
 63483.7 20688.8 5452.47 2043.93 1061.23
 78543.3 30568.1 9659.49 2545.73 1449.78
 132433 37437.6 13985.3 4419.33 1827.99
 188127 62707.6 16903 6314.32 2820.65
 180688 89602.9 28646.4 7721.7 4173.09
pred_Ctot
 7187.29 2920.32 1037.51 118.099 0.0584948
 5066.68 4753.18 908.512 322.768 36.7588
 5032.17 6957.26 3116.58 595.696 235.736
 1189.61 923.42 591.98 265.184 70.7449
 443.167 283.279 108.307 69.4327 39.4007
 4902.77 5353.17 1704.66 651.749 654.917
 4531.73 2636.31 1370.42 436.397 334.509
 7869.79 8162.51 2306.6 1199.03 674.493
 10270.6 7717.75 3770.23 1065.41 865.372
 8410.65 7655.72 2682.5 1310.44 671.092
 11356.4 14869.8 6364.51 2230.07 1647.33
 7017.06 7665.2 4328.48 1852.66 1128.68
 9954.71 6705.99 3177.96 1794.57 1236.05
 10221.5 8548.42 2320.25 1099.57 1048.59
 6281.53 3741.02 1055.98 286.618 265.359
 2741.47 1540.15 338.984 95.685 50.0162
 1778.68 1496.59 376.661 82.902 35.6327
 1372.4 983.092 384.008 96.6471 30.4147
 1305.72 1018.07 347.793 135.852 44.9512
 2048.55 1120.8 420.146 143.53 74.6155
 1388.35 892.759 235.284 88.1991 45.7942
 2273.15 1737.96 549.192 144.738 82.4277
 4438.8 2458.04 918.232 290.16 120.021
 5542.63 3628.24 977.999 365.344 163.202
 4327.32 4228.74 1351.95 364.42 196.946
F
 0.106848 0.213696 0.213696 0.213696 0.213696
 0.0810822 0.162164 0.162164 0.162164 0.162164
 0.131411 0.262822 0.262822 0.262822 0.262822
 0.0267685 0.0535369 0.0535369 0.0535369 0.0535369
 0.00655271 0.0131054 0.0131054 0.0131054 0.0131054
 0.0862222 0.172444 0.172444 0.172444 0.172444
 0.0512468 0.102494 0.102494 0.102494 0.102494
 0.104741 0.209483 0.209483 0.209483 0.209483
 0.121887 0.243774 0.243774 0.243774 0.243774
 0.107549 0.215098 0.215098 0.215098 0.215098
 0.251469 0.502938 0.502938 0.502938 0.502938
 0.241873 0.483746 0.483746 0.483746 0.483746
 0.359403 0.718806 0.718806 0.718806 0.718806
 0.623438 1.24688 1.24688 1.24688 1.24688
 0.490974 0.981949 0.981949 0.981949 0.981949
 0.189159 0.378319 0.378319 0.378319 0.378319
 0.129388 0.258777 0.258777 0.258777 0.258777
 0.0832726 0.166545 0.166545 0.166545 0.166545
 0.0692347 0.138469 0.138469 0.138469 0.138469
 0.0658926 0.131785 0.131785 0.131785 0.131785
 0.0308256 0.0616513 0.0616513 0.0616513 0.0616513
 0.0409761 0.0819521 0.0819521 0.0819521 0.0819521
 0.0475928 0.0951855 0.0951855 0.0951855 0.0951855
 0.0417272 0.0834544 0.0834544 0.0834544 0.0834544
 0.0338011 0.0676023 0.0676023 0.0676023 0.0676023
YTP_r0W_actual
 48466 93032.3 44614.2 14977.6 8429.27
YTP_p0W_proyectada
 181295 895311 625788 260985 117678
 181295 226247 237270 148387 64052.4
CTP_r0_actual
 4327.32 4228.74 1351.95 364.42 196.946
CTP_p0_proyectada
 21328.8 41837 20057.3 6412.4 2530.7
 21328.8 10572.3 7604.81 3645.86 1377.47
Wmedp
 8.5 21.4 31.2 40.7 46.5
nmprior
 10.6 11 7 0
nm_flota  nm_reclas  nm_pelaces    nm_pelaL
inf 12.4068 15.3469 34.8198
cv_recla  cv_pelaces  cv_mph
1.27533 0.839311 1.08666
 ------------------------------------------------
Talla a la edad & desviaci?n 
 7.2 14.2025 17.0495 18.207 18.6776
 1.08 2.13037 2.55742 2.73105 2.80164
