years
 1997 1998 1999 2000 2001 2002 2003 2004 2005 2006 2007 2008 2009 2010 2011 2012 2013 2014 2015 2016 2017 2018 2019 2020 2021
reclasobs
 0 0 0 370054 412103 1.49427e+06 250295 1.28982e+06 931140 785840 897777 1.04006e+06 184774 17550 25797 100020 73551 82996 120727 218422 84188 347160 605670 569463 516374
reclaspred
 367185 96476.4 272261 205563 327723 390708 875263 601936 704170 674277 539091 362213 223408 102789 71544.5 72955.2 90954.3 122445 126287 185905 274135 247690 425103 528114 573727
pelacesobs
 0 0 0 0 0 0 0 0 0 2.06254e+06 1.5e+06 0 1.87456e+06 323000 250000 174000 83755 137374 0 501740 490994 745055 786931 1.00524e+06 1.33801e+06
pelacespred
 907690 211394 372427 425699 585474 581445 1.512e+06 1.2661e+06 1.32792e+06 1.27848e+06 922514 641182 394249 150396 103090 112836 147076 200771 213568 304703 499797 442606 598863 882891 958469
mphobs
 0 0 0 0 0 112323 0 153150 637223 0 255016 313432 73983 77613 109348 50772 0 0 0 0 0 0 0 0 0
mphpred
 621608 353340 410760 468575 540705 903788 1.35656e+06 1.62793e+06 1.44039e+06 1.535e+06 1.51732e+06 1.07798e+06 663060 350947 167007 143299 174459 239157 291943 329072 510196 610920 753503 1.0631e+06 1.41218e+06
desembarqueobs
 350755 77701 442110 56441 14545 235359 269955 359681 431902 328805 639364 411747 362871 311530 167758 66681 60226 58785 57116 73181 50977 67692 138656 160484 209506
desembarquepred
 350756 77696.9 442056 56441.2 14545.1 235391 269980 359660 431900 328798 639464 411926 363105 311868 167759 66687.2 60242.3 58783.8 57110 73175.9 50976.2 67684.3 138651 160482 209501
Reclutas
 42647 55956.1 31149.9 55906 98187.5 68060.4 113447 112498 145316 151037 67902.3 39483.4 43471.1 23239.7 17702.7 21440.1 17242.3 18930.3 20722.8 40642.4 50204.2 61498.1 100810 114693 38185.6
log_desv_Rt
 -0.159287 0.112324 -0.473433 0.111426 0.674634 0.308152 0.81909 0.81069 1.06666 1.10528 0.305825 -0.236363 -0.140147 -0.766385 -1.03853 -0.846982 -1.06488 -0.971479 -0.881013 -0.207432 0.00385491 0.206761 0.700996 0.830012 -0.269785
SSB
 621608 353340 410760 468575 540705 903788 1.35656e+06 1.62793e+06 1.44039e+06 1.535e+06 1.51732e+06 1.07798e+06 663060 350947 167007 143299 174459 239157 291943 329072 510196 610920 753503 1.0631e+06 1.41218e+06
BT
 1.90514e+06 511225 909191 822201 1.05973e+06 1.22608e+06 2.89185e+06 2.67398e+06 2.77275e+06 2.60531e+06 2.22762e+06 1.52682e+06 1.06337e+06 569610 327168 257169 312688 406603 431795 605481 936374 856294 1.16816e+06 1.71311e+06 1.88135e+06
Ftot
 0.486595 0.445057 0.699651 0.140625 0.0249545 0.232795 0.147043 0.282803 0.306851 0.22995 0.449504 0.41429 0.662729 1.16513 1.11847 0.446036 0.319597 0.219508 0.189645 0.200752 0.0890025 0.116269 0.141098 0.137533 0.130826
BD_Bspro_t
 0.93943 0.718326 0.661396 0.513958 0.671645 0.816276 0.781921 0.791916 0.744251 0.718661 0.693776 0.544863 0.430602 0.32078 0.203357 0.215115 0.322998 0.481356 0.587564 0.668369 0.773497 0.842052 0.845437 0.848376 0.847255
BD_Bspro
 0.60446 0.343592 0.399429 0.455649 0.525789 0.878856 1.31913 1.58302 1.40065 1.49265 1.47547 1.04824 0.644769 0.341266 0.1624 0.139346 0.169646 0.23256 0.283889 0.319994 0.496121 0.594067 0.732716 1.03378 1.37322
BD_Bo
 0.520349 0.295781 0.343848 0.392245 0.452625 0.756563 1.13558 1.36274 1.20575 1.28495 1.27015 0.90238 0.555049 0.293779 0.139802 0.119956 0.14604 0.200199 0.244386 0.275467 0.427086 0.511402 0.630759 0.889927 1.18214
BD_Brms
 1.79812 1.0221 1.1882 1.35545 1.5641 2.61439 3.92411 4.70911 4.16661 4.44029 4.38916 3.11827 1.91803 1.01518 0.4831 0.41452 0.504657 0.69181 0.844503 0.951907 1.47584 1.76721 2.17966 3.07524 4.085
S_f
 0.180751 1 1 1 1
 0.180751 1 1 1 1
 0.180751 1 1 1 1
 0.180751 1 1 1 1
 0.180751 1 1 1 1
 0.180751 1 1 1 1
 0.180751 1 1 1 1
 0.180751 1 1 1 1
 0.180751 1 1 1 1
 0.180751 1 1 1 1
 0.180751 1 1 1 1
 0.180751 1 1 1 1
 0.180751 1 1 1 1
 0.180751 1 1 1 1
 0.180751 1 1 1 1
 0.180751 1 1 1 1
 0.180751 1 1 1 1
 0.180751 1 1 1 1
 0.180751 1 1 1 1
 0.180751 1 1 1 1
 0.180751 1 1 1 1
 0.180751 1 1 1 1
 0.180751 1 1 1 1
 0.180751 1 1 1 1
 0.180751 1 1 1 1
Scru_reclas
 1 1 1 1 1
 1 1 1 1 1
 1 1 1 1 1
 1 1 1 1 1
 1 1 1 1 1
 1 1 1 1 1
 1 1 1 1 1
 1 1 1 1 1
 1 1 1 1 1
 1 1 1 1 1
 1 1 1 1 1
 1 1 1 1 1
 1 1 1 1 1
 1 1 1 1 1
 1 1 1 1 1
 1 1 1 1 1
 1 1 1 1 1
 1 1 1 1 1
 1 1 1 1 1
 1 1 1 1 1
 1 1 1 1 1
 1 1 1 1 1
 1 1 1 1 1
 1 1 1 1 1
 1 1 1 1 1
Scru_pelaces
 1 1 1 1 1
 1 1 1 1 1
 1 1 1 1 1
 1 1 1 1 1
 1 1 1 1 1
 1 1 1 1 1
 1 1 1 1 1
 1 1 1 1 1
 1 1 1 1 1
 1 1 1 1 1
 1 1 1 1 1
 1 1 1 1 1
 1 1 1 1 1
 1 1 1 1 1
 1 1 1 1 1
 1 1 1 1 1
 1 1 1 1 1
 1 1 1 1 1
 1 1 1 1 1
 1 1 1 1 1
 1 1 1 1 1
 1 1 1 1 1
 1 1 1 1 1
 1 1 1 1 1
 1 1 1 1 1
pf_obs 
 0.256992 0.487395 0.22802 0.0275931 0
 0.321318 0.546541 0.124235 0.00734118 0.000564706
 0.182869 0.594174 0.210203 0.0122559 0.00049798
 0.330522 0.361315 0.267642 0.0388342 0.00168674
 0.649043 0.306663 0.0425973 0.00169635 0
 0.582887 0.30429 0.105238 0.00758474 0
 0.465427 0.430635 0.0974691 0.00646863 0
 0.296916 0.608066 0.0921331 0.00288517 0
 0.311714 0.524322 0.152257 0.0117073 0
 0.15457 0.633149 0.183074 0.0267441 0.00246327
 0.131901 0.49318 0.331252 0.0422183 0.00144891
 0.196976 0.569456 0.194076 0.0375587 0.00193317
 0.518974 0.381816 0.0799577 0.0180837 0.00116848
 0.0928022 0.601141 0.25162 0.0475244 0.00691264
 0.122501 0.610282 0.24278 0.0234846 0.000952079
 0.383417 0.481906 0.127806 0.00687128 0
 0.0376549 0.599619 0.316969 0.0457579 0
 0.0361596 0.667082 0.258105 0.0386534 0
 0.158088 0.579412 0.248529 0.0139706 0
 0.0477256 0.309471 0.559284 0.082774 0.000745712
 0.0406174 0.521527 0.379366 0.0568643 0.0016247
 0.151134 0.462217 0.34131 0.0453401 0
 0.294876 0.26143 0.354403 0.0886775 0.000613685
 0.281977 0.475581 0.204845 0.0348837 0.00271318
 0.0841818 0.532909 0.334909 0.0458182 0.00218182
pf_pred 
 0.308165 0.4852 0.184484 0.0221394 1.11109e-05
 0.315046 0.518157 0.116979 0.044478 0.00534035
 0.173984 0.626628 0.150834 0.0340521 0.0145019
 0.325985 0.418218 0.194052 0.0467096 0.015036
 0.328883 0.497054 0.108004 0.0501136 0.0159457
 0.1678 0.609828 0.164697 0.0357868 0.0218885
 0.269857 0.40468 0.238496 0.0644109 0.0225561
 0.219353 0.535835 0.135686 0.0799659 0.0291594
 0.260571 0.472929 0.182926 0.0463212 0.0372537
 0.230966 0.532509 0.151278 0.0585135 0.0267336
 0.114479 0.57476 0.215183 0.0611303 0.0344476
 0.11065 0.417615 0.306187 0.114632 0.0509164
 0.19746 0.365757 0.205101 0.150376 0.0813052
 0.171641 0.540163 0.131345 0.073653 0.083198
 0.247695 0.50609 0.160554 0.0390401 0.0466211
 0.323841 0.514578 0.108699 0.034484 0.0183985
 0.213718 0.602318 0.140003 0.029574 0.0143879
 0.225411 0.492635 0.215986 0.0502038 0.0157644
 0.221251 0.49895 0.177951 0.078019 0.0238292
 0.333882 0.420912 0.157105 0.0560316 0.0320691
 0.265969 0.552535 0.114685 0.0428062 0.0240047
 0.242083 0.512519 0.184721 0.0383411 0.022336
 0.294329 0.459323 0.166585 0.0600405 0.019722
 0.240896 0.539911 0.142674 0.0517442 0.0247756
 0.0782007 0.600724 0.228364 0.0603461 0.0323653
pobs_RECLAS
 0 0 0 0 0
 0 0 0 0 0
 0 0 0 0 0
 0 0 0 0 0
 0.835266 0.146461 0.0176864 0.000547809 3.91292e-05
 0.385257 0.428462 0.181853 0.0044286 0
 0.867414 0.0963971 0.0333333 0.00285562 0
 0.441836 0.489002 0.0689373 0.000224442 0
 0.779404 0.147425 0.0564933 0.0165055 0.000172143
 0.814271 0.122319 0.05973 0.00367925 0
 0.40263 0.566651 0.0304383 0.000280538 0
 0.475488 0.404961 0.113038 0.00651328 0
 0.955842 0.0263864 0.0167828 0.000988607 0
 0.975058 0.0227948 0.00214734 0 0
 0.738997 0.206755 0.0527124 0.00153531 0
 0.850938 0.134255 0.0134407 0.00136685 0
 0.542534 0.407297 0.0501686 0 0
 0.764087 0.199537 0.0359546 0.000420521 0
 0.470689 0.182191 0.310203 0.0369168 0
 0.84361 0.089868 0.0606195 0.00523954 0.000663233
 0.607945 0.314616 0.071237 0.00620181 0
 0.523733 0.453247 0.0230204 0 0
 0.530135 0.295979 0.169645 0.0042399 0
 0.562478 0.366248 0.0663022 0.0049721 0
 0.250443 0.683176 0.0655157 0.000865301 0
ppred_RECLAS
 0.717922 0.197828 0.0752186 0.00902676 4.53019e-06
 0.723681 0.209031 0.0471906 0.017943 0.00215436
 0.551077 0.34056 0.0819752 0.0185066 0.00788152
 0.729419 0.167892 0.0779016 0.0187514 0.00603617
 0.730784 0.199391 0.0433255 0.0201029 0.00639658
 0.530584 0.343983 0.0928999 0.0201861 0.0123466
 0.67329 0.181078 0.106717 0.0288213 0.0100929
 0.612474 0.265997 0.0673569 0.0396964 0.0144752
 0.665043 0.214234 0.0828642 0.0209832 0.0168757
 0.62732 0.258058 0.0733106 0.0283561 0.0129553
 0.424095 0.3738 0.139946 0.0397566 0.0224033
 0.414069 0.275137 0.201725 0.0755232 0.0335453
 0.588255 0.187652 0.105228 0.0771507 0.0417138
 0.560513 0.286584 0.0696856 0.0390767 0.0441409
 0.668229 0.223189 0.0708052 0.0172169 0.0205602
 0.731714 0.204174 0.0431295 0.0136826 0.00730014
 0.605183 0.302442 0.0702997 0.01485 0.00722461
 0.619757 0.241832 0.106027 0.0246448 0.00773866
 0.613641 0.247543 0.0882864 0.0387074 0.0118223
 0.737119 0.166111 0.0620009 0.0221127 0.0126559
 0.668187 0.249769 0.0518426 0.0193502 0.0108511
 0.640005 0.243436 0.087739 0.0182113 0.0106091
 0.699234 0.195769 0.0710007 0.02559 0.00840578
 0.638791 0.256909 0.0678892 0.0246217 0.0117891
 0.320921 0.442546 0.168233 0.0444563 0.0238431
pobs_PELACES
 0 0 0 0 0
 0 0 0 0 0
 0 0 0 0 0
 0 0 0 0 0
 0 0 0 0 0
 0 0 0 0 0
 0 0 0 0 0
 0 0 0 0 0
 0 0 0 0 0
 0 0 0 0 0
 0.450072 0.473896 0.0757376 0.000293798 0
 0 0 0 0 0
 0.463077 0.371075 0.160297 0.00555027 0
 0.529543 0.364841 0.0842815 0.0213345 0
 0.631943 0.363953 0.00410389 0 0
 0.735681 0.248677 0.0153453 0.000297389 0
 0.695825 0.281241 0.0229344 0 0
 0.275771 0.60734 0.115278 0.00161068 0
 0 0 0 0 0
 0.896147 0.0623911 0.0374545 0.00400742 0
 0.803859 0.145111 0.0509908 3.86294e-05 0
 0.739449 0.233085 0.0266225 0.000797448 4.60066e-05
 0.878498 0.100942 0.0204185 0.000141795 0
 0.694673 0.275183 0.0284847 0.00165964 0
 0.469039 0.446079 0.0841089 0.000773354 0
ppred_PELACES
 0.743784 0.17969 0.0683223 0.00819915 4.11485e-06
 0.747084 0.191327 0.0431939 0.0164233 0.0019719
 0.597287 0.305504 0.073537 0.0166016 0.00707023
 0.736856 0.163277 0.0757602 0.018236 0.00587025
 0.732109 0.19841 0.0431122 0.020004 0.00636509
 0.546224 0.332522 0.0898047 0.0195135 0.0119352
 0.681974 0.176265 0.103881 0.0280552 0.00982468
 0.630458 0.253653 0.0642311 0.0378542 0.0138035
 0.683263 0.20258 0.0783568 0.0198418 0.0159577
 0.641735 0.248076 0.0704749 0.0272593 0.0124542
 0.454015 0.35438 0.132675 0.0376911 0.0212394
 0.441478 0.262267 0.192289 0.0719903 0.031976
 0.630865 0.168233 0.0943382 0.0691668 0.037397
 0.636045 0.237331 0.0577091 0.0323608 0.0365546
 0.731563 0.180583 0.0572887 0.0139303 0.0166354
 0.754715 0.186669 0.0394318 0.0125095 0.00667426
 0.62563 0.28678 0.0666591 0.014081 0.00685047
 0.63364 0.233003 0.102156 0.0237451 0.00745613
 0.625724 0.239802 0.0855254 0.0374969 0.0114526
 0.7475 0.159552 0.0595526 0.0212395 0.0121562
 0.6735 0.24577 0.0510125 0.0190404 0.0106774
 0.647214 0.238561 0.0859817 0.0178465 0.0103967
 0.707195 0.190588 0.0691214 0.0249127 0.00818329
 0.647325 0.250839 0.0662851 0.02404 0.0115106
 0.328678 0.437491 0.166312 0.0439485 0.0235708
pobs_pel_tallas
 0 0 0 0 0 0 0 0 0 0 0 0 0 0 0 0 0 0 0 0 0 0 0 0 0 0 0 0 0 0 0 0 0 0 0 0
 0 0 0 0 0 0 0 0 0 0 0 0 0 0 0 0 0 0 0 0 0 0 0 0 0 0 0 0 0 0 0 0 0 0 0 0
 0 0 0 0 0 0 0 0 0 0 0 0 0 0 0 0 0 0 0 0 0 0 0 0 0 0 0 0 0 0 0 0 0 0 0 0
 0 0 0 0 0 0 0 0 0 0 0 0 0 0 0 0 0 0 0 0 0 0 0 0 0 0 0 0 0 0 0 0 0 0 0 0
 0 0 0 0 0 0 0 0 0 0 0 0 0 0 0 0 0 0 0 0 0 0 0 0 0 0 0 0 0 0 0 0 0 0 0 0
 0 0 0 0 0 0 0 0 0 0 0 0 0 0 0 0 0 0 0 0 0 0 0 0 0 0 0 0 0 0 0 0 0 0 0 0
 0 0 0 0 0 0 0 0 0 0 0 0 0 0 0 0 0 0 0 0 0 0 0 0 0 0 0 0 0 0 0 0 0 0 0 0
 0 0 0 0 0 0 0 0 0 0 0 0 0 0 0 0 0 0 0 0 0 0 0 0 0 0 0 0 0 0 0 0 0 0 0 0
 0 0 0 0 0 0 0 0 0 0 0 0 0 0 0 0 0 0 0 0 0 0 0 0 0 0 0 0 0 0 0 0 0 0 0 0
 0 0 0 0 0 0 0 0 0 0 0 0 0 0 0 0 0 0 0 0 0 0 0 0 0 0 0 0 0 0 0 0 0 0 0 0
 0 0 0 0 0 0 0 0 1.78061e-05 0.00172719 0.00360574 0.0105946 0.0120993 0.0124554 0.0147524 0.0171206 0.0266825 0.0428682 0.0675386 0.121331 0.153587 0.119568 0.100827 0.0573624 0.0630603 0.0341343 0.0324427 0.0444173 0.0211091 0.0280891 0.0125444 0.00206551 0 0 0 0
 0 0 0 0 0 0 0 0 0 0 0 0 0 0 0 0 0 0 0 0 0 0 0 0 0 0 0 0 0 0 0 0 0 0 0 0
 0 0 0 0 0 0 0.0133647 0.0140871 0.0187388 0.0205184 0.03894 0.0496705 0.03968 0.0493445 0.0407372 0.0367815 0.0215668 0.0243155 0.0234873 0.0199281 0.019796 0.0243948 0.0301388 0.0376714 0.0412746 0.0863199 0.0771752 0.113111 0.0741005 0.0525337 0.0229764 0.00759418 0.00175318 0 0 0
 0 0 0 0 0 0 0 0 0 0 0.00219441 0.00772107 0.0458388 0.0604681 0.0671733 0.0775358 0.0609151 0.0617685 0.073594 0.0568108 0.0755445 0.0548602 0.0670107 0.0636378 0.0643287 0.046367 0.0373049 0.0286899 0.0247887 0.0153202 0.00654259 0.00121912 0.000365735 0 0 0
 0 0 0 0 0 0 0 0 0 0 0 0 0.000112435 0.00938835 0.0111873 0.0202946 0.0414886 0.0713402 0.111592 0.104902 0.108894 0.110636 0.117776 0.105296 0.107544 0.0401394 0.0192827 0.0124803 0.00416011 0.0028671 0.000618394 0 0 0 0 0
 0 0 0 0 0 0 0 0 0 0 0.00291406 0.0102884 0.027416 0.0768956 0.0749926 0.110853 0.0956884 0.0897413 0.0766577 0.0534642 0.0500743 0.0551293 0.0594112 0.0620874 0.0668451 0.0424026 0.0208742 0.0120726 0.0048766 0.00582813 0.00118941 0.000297354 0 0 0 0
 0 0.00264628 0.0354308 0.0461629 0.0458689 0.0383711 0.0214643 0.0164657 0.0346957 0.0420465 0.0363128 0.0245516 0.0311673 0.0291091 0.0169068 0.0133784 0.00837989 0.0085269 0.0148486 0.0160247 0.0276389 0.0546898 0.0760071 0.122758 0.109233 0.0665981 0.0333725 0.0166128 0.00676272 0.00308733 0.000882094 0 0 0 0 0
 0 0 0 0 0 0 0 0.000805153 0.000690131 0.00759144 0.0133425 0.0154129 0.00931677 0.000345066 0.00356568 0.00563607 0.00851162 0.0253048 0.0502646 0.0516448 0.0657925 0.0565908 0.0611916 0.0827007 0.0866115 0.110766 0.145733 0.0935128 0.0569358 0.0249597 0.0138026 0.00621118 0.00161031 0.00115022 0 0
 0 0 0 0 0 0 0 0 0 0 0 0 0 0 0 0 0 0 0 0 0 0 0 0 0 0 0 0 0 0 0 0 0 0 0 0
 0.00147267 0.00158595 0.00478618 0.00569244 0.00954404 0.0108468 0.00647125 0.017049 0.0510054 0.094081 0.124002 0.0959785 0.0687766 0.0820023 0.061753 0.0591476 0.0492212 0.0479892 0.0443925 0.0268479 0.0217502 0.0140895 0.0121071 0.0120363 0.00920419 0.00665534 0.0049561 0.00860946 0.00930331 0.0156896 0.0114698 0.00855282 0.00243557 0.00046729 0 2.83206e-05
 0 0 0 0 0.000772559 0.00158375 0.000888443 0.00281984 0.00712685 0.0440552 0.0773331 0.111326 0.0921469 0.0852325 0.0710754 0.0886704 0.0786465 0.0553345 0.0373146 0.0185414 0.00753245 0.00457741 0.012979 0.0271748 0.0457355 0.0583668 0.034881 0.0177882 0.00938659 0.00492506 0.0015258 0.00185414 0.000309023 5.79419e-05 3.86279e-05 0
 0 0.00173294 0.00326652 0 0.00397197 0.00683976 0.00946217 0.0152591 0.00757587 0.0136028 0.0228656 0.0392903 0.0559909 0.0764795 0.0681675 0.0726916 0.0566044 0.0477403 0.0527397 0.0444891 0.0609904 0.0582453 0.0661739 0.0445044 0.0529084 0.0360697 0.0280645 0.0235558 0.0158879 0.00826598 0.00280645 0.00217768 0.000904811 0.00058276 9.20147e-05 0
 0 0 0 0 0 0 0 0 0 0 0 0 0 0 0 0 0 0 0 0 0 0 0 0 0 0 0 0 0 0 0 0 0 0 0 0
 0 0 0 0 0 0 0 0 0 0 0 0 0 0 0 0 0 0 0 0 0 0 0 0 0 0 0 0 0 0 0 0 0 0 0 0
 0 0 0 0 0 0 0 0 0 0 0 0 0 0 0 0 0 0 0 0 0 0 0 0 0 0 0 0 0 0 0 0 0 0 0 0
ppred_pel_tallas
 1.01311e-16 3.24526e-05 0.000190469 0.000905404 0.00348585 0.0108703 0.0274575 0.0561818 0.0931279 0.125069 0.136102 0.120058 0.0859537 0.0501882 0.0244044 0.0108317 0.00593421 0.00554586 0.0071102 0.00949424 0.0122148 0.014958 0.0174239 0.0193304 0.0204627 0.0207186 0.0201268 0.0188303 0.0170433 0.0149975 0.0128952 0.0108818 0.00904094 0.00740592 0.0059787 0.00474724
 1.01333e-16 3.25968e-05 0.000191316 0.000909424 0.00350133 0.0109186 0.0275794 0.0564313 0.0935418 0.125626 0.13671 0.120598 0.0863509 0.0504403 0.0245642 0.0109643 0.00609088 0.00575874 0.00739576 0.00985479 0.0126367 0.0154092 0.0178551 0.0196796 0.0206654 0.0207201 0.0198944 0.0183616 0.0163687 0.0141749 0.0119998 0.00999273 0.00822845 0.00672164 0.00545086 0.0043809
 1.02045e-16 2.60697e-05 0.000152985 0.000727172 0.00279957 0.00873013 0.0220518 0.0451223 0.0748003 0.10047 0.109372 0.0965714 0.0693409 0.0408954 0.0206468 0.0104579 0.00756065 0.0086599 0.0117069 0.015727 0.0201873 0.024619 0.028526 0.0314383 0.0330079 0.0330858 0.0317523 0.0292837 0.026075 0.0225421 0.0190381 0.0158047 0.0129643 0.010543 0.00850836 0.00680427
 1.0203e-16 3.21498e-05 0.000188694 0.000896964 0.00345336 0.010769 0.0272016 0.0556581 0.0922594 0.123902 0.134829 0.118927 0.0851286 0.0496751 0.0240971 0.0105983 0.00567218 0.00519069 0.00662562 0.00886607 0.0114526 0.0140992 0.016536 0.0185064 0.0198104 0.0203443 0.0201181 0.0192409 0.0178842 0.0162362 0.014462 0.0126814 0.0109668 0.00935348 0.00785592 0.00648178
 1.01662e-16 3.19441e-05 0.000187483 0.000891203 0.00343117 0.0106998 0.0270268 0.0553007 0.0916679 0.12311 0.133975 0.118192 0.0846422 0.0494708 0.0241454 0.0108682 0.00616596 0.00594141 0.00767523 0.0102401 0.0131383 0.0160312 0.018592 0.0205165 0.0215802 0.0216874 0.0208901 0.019366 0.0173677 0.0151599 0.012965 0.0109327 0.00913594 0.00758677 0.00626162 0.00512475
 1.02612e-16 2.38442e-05 0.000139917 0.00066504 0.00256034 0.00798409 0.0201674 0.0412669 0.0684108 0.091893 0.100049 0.0883706 0.0635217 0.0376031 0.0192432 0.0101719 0.00788372 0.00938541 0.012809 0.0172466 0.0221675 0.0270752 0.0314332 0.0347295 0.0365819 0.0368219 0.0355274 0.0329881 0.0296218 0.0258702 0.0221091 0.0185971 0.0154675 0.0127529 0.0104259 0.00843594
 1.02956e-16 2.97573e-05 0.000174646 0.000830177 0.00319621 0.00996707 0.025176 0.0515137 0.0853905 0.11468 0.124801 0.110099 0.0788466 0.0460851 0.0224982 0.0101408 0.00578417 0.00562286 0.00732653 0.00986683 0.0128056 0.015852 0.01872 0.0211307 0.0228601 0.0237812 0.0238832 0.0232578 0.0220633 0.0204781 0.0186622 0.0167361 0.0147793 0.0128415 0.0109582 0.0091621
 1.02941e-16 2.75139e-05 0.000161469 0.000767516 0.00295492 0.00921461 0.0232755 0.0476256 0.0789481 0.106035 0.115414 0.101868 0.0730594 0.0429191 0.0213556 0.0103056 0.00681877 0.00739837 0.00988399 0.0132796 0.0170904 0.0209207 0.0243622 0.0270279 0.0286275 0.0290308 0.028291 0.0266176 0.0243137 0.0216971 0.0190343 0.016504 0.0141936 0.0121203 0.0102635 0.0085925
 1.02606e-16 2.98145e-05 0.000174979 0.000831758 0.00320229 0.00998602 0.0252239 0.0516119 0.085554 0.114901 0.125047 0.110329 0.0790389 0.0462528 0.0226823 0.0103947 0.00616188 0.00617331 0.00808756 0.0108559 0.0140082 0.0172128 0.02014 0.0224757 0.0239783 0.0245289 0.0241511 0.0229923 0.0212757 0.0192412 0.0170951 0.0149821 0.0129823 0.0111264 0.00941797 0.00785275
 1.026e-16 2.80055e-05 0.000164355 0.000781239 0.00300776 0.00937938 0.0236917 0.0484772 0.0803594 0.10793 0.117474 0.10368 0.0743464 0.0436498 0.0216719 0.0103796 0.00676534 0.00726631 0.00968282 0.0130043 0.0167353 0.0204847 0.0238513 0.0264537 0.0280055 0.0283763 0.0276159 0.0259286 0.0236119 0.0209799 0.0182988 0.0157502 0.0134271 0.0113529 0.00951212 0.00787676
 1.04287e-16 1.98244e-05 0.000116315 0.000552829 0.00212829 0.00663674 0.0167642 0.0343038 0.0568702 0.0763989 0.0831999 0.0735376 0.0529666 0.0315704 0.0165551 0.00940001 0.00806644 0.0101026 0.0139728 0.0189073 0.0244112 0.0299801 0.0350506 0.0390753 0.0416328 0.0425177 0.0417754 0.0396684 0.036593 0.0329743 0.029178 0.0254606 0.0219637 0.0187403 0.0157943 0.0131145
 1.06783e-16 1.92741e-05 0.000113092 0.000537527 0.0020694 0.00645314 0.0163003 0.033354 0.0552934 0.0742743 0.0808692 0.0714374 0.0513668 0.0304431 0.0156491 0.00839657 0.00668187 0.00811527 0.011226 0.0153269 0.0200388 0.0250054 0.0298223 0.0340768 0.0374219 0.0396394 0.0406677 0.0405855 0.0395634 0.0378035 0.0354911 0.0327709 0.0297497 0.0265148 0.0231541 0.019768
 1.05519e-16 2.75282e-05 0.00016156 0.00076797 0.0029567 0.00922016 0.0232894 0.0476535 0.078992 0.106087 0.115452 0.101857 0.0729557 0.0426655 0.0208738 0.00948749 0.00552745 0.00548257 0.00720731 0.00976078 0.0127473 0.0159062 0.0189782 0.0217073 0.023883 0.0253775 0.026162 0.0262926 0.0258768 0.0250334 0.0238612 0.0224258 0.0207658 0.0189087 0.016889 0.0147595
 1.03717e-16 2.77568e-05 0.000162896 0.000774307 0.00298108 0.00929617 0.0234815 0.048047 0.0796461 0.106971 0.116428 0.102752 0.073671 0.0432324 0.0214262 0.0101983 0.00656441 0.006992 0.00930233 0.0124999 0.0161048 0.0197462 0.0230453 0.0256438 0.027273 0.0278115 0.0273066 0.0259485 0.0240108 0.0217776 0.0194826 0.0172769 0.015228 0.0133416 0.011593 0.00995464
 1.02129e-16 3.19196e-05 0.000187341 0.00089053 0.00342858 0.0106917 0.0270064 0.0552588 0.0915981 0.123015 0.133868 0.118089 0.0845488 0.0493775 0.0240281 0.0106953 0.00590306 0.00555539 0.00713874 0.00953856 0.0122784 0.0150474 0.0175488 0.0195041 0.020703 0.0210476 0.02057 0.0194136 0.0177896 0.0159217 0.0139999 0.0121543 0.0104523 0.00891265 0.007527 0.0062791
 1.01363e-16 3.29294e-05 0.000193269 0.00091871 0.00353708 0.0110301 0.0278611 0.0570076 0.0944967 0.126908 0.138103 0.121823 0.0872192 0.0509298 0.0247693 0.0109991 0.00602989 0.00563099 0.00720318 0.00958956 0.0122913 0.0149813 0.0173498 0.01911 0.0200514 0.0200856 0.0192647 0.0177602 0.0158148 0.013683 0.0115788 0.0096469 0.00795769 0.00652241 0.00531666 0.00430295
 1.01844e-16 2.73048e-05 0.000160238 0.000761657 0.00293235 0.00914421 0.0230977 0.0472621 0.0783466 0.10523 0.114546 0.10112 0.0725643 0.0427108 0.0214044 0.0105811 0.00732553 0.00817458 0.0109799 0.0147323 0.0189017 0.0230408 0.0266824 0.0293853 0.0308235 0.0308592 0.0295699 0.0272181 0.0241774 0.0208409 0.0175421 0.0145087 0.0118555 0.00960557 0.00772596 0.00616138
 1.02691e-16 2.7652e-05 0.000162281 0.00077138 0.00296981 0.00926102 0.0233927 0.0478653 0.0793449 0.106567 0.115988 0.102364 0.0733925 0.0430696 0.0213474 0.0101655 0.00655359 0.00699566 0.00932616 0.0125591 0.0162223 0.0199496 0.0233632 0.0260986 0.0278726 0.0285416 0.0281255 0.0267869 0.024778 0.022374 0.0198152 0.0172754 0.0148572 0.0126078 0.0105427 0.00866613
 1.03116e-16 2.7307e-05 0.000160255 0.000761748 0.00293272 0.00914537 0.0231006 0.0472677 0.0783545 0.105237 0.114543 0.101093 0.0724928 0.0425636 0.0211372 0.0101327 0.00662016 0.00712945 0.00952123 0.0128172 0.016542 0.0203224 0.0237727 0.0265228 0.0282889 0.0289324 0.0284837 0.0271185 0.0251018 0.0227166 0.0202049 0.0177348 0.0153975 0.0132256 0.0112206 0.00937651
 1.02196e-16 3.26137e-05 0.000191418 0.000909916 0.00350323 0.0109245 0.0275944 0.0564617 0.0935913 0.12569 0.136773 0.120637 0.0863433 0.0503646 0.024395 0.0106664 0.00561691 0.00505505 0.00641354 0.00856552 0.0110486 0.0135803 0.015898 0.0177545 0.0189602 0.0194217 0.0191574 0.0182821 0.0169698 0.0154067 0.013752 0.0121164 0.0105601 0.00910525 0.00775398 0.00650365
 1.01958e-16 2.93904e-05 0.000172486 0.000819897 0.0031566 0.00984354 0.0248641 0.050876 0.0843354 0.113268 0.12328 0.108794 0.0779913 0.0457443 0.0226267 0.0106933 0.00677719 0.00712949 0.00943488 0.0126315 0.0162054 0.0197602 0.0228952 0.0252342 0.0265007 0.0265785 0.0255352 0.0235951 0.0210759 0.0183096 0.0155748 0.0130588 0.0108519 0.00896706 0.00737173 0.0060173
 1.02398e-16 2.82441e-05 0.000165756 0.000787903 0.00303342 0.00945941 0.0238938 0.0488907 0.0810446 0.108849 0.118472 0.104555 0.0749609 0.0439847 0.0217905 0.0103578 0.00664944 0.0070706 0.0094045 0.0126386 0.0162849 0.0199652 0.0232914 0.0258928 0.0274871 0.0279394 0.0272867 0.0257146 0.0235005 0.0209418 0.0182952 0.0157414 0.0133802 0.0112478 0.00934305 0.00765105
 1.02282e-16 3.08575e-05 0.000181104 0.000860878 0.00331441 0.0103357 0.0261071 0.0534189 0.0885487 0.118921 0.129417 0.114173 0.0817674 0.0477981 0.0233439 0.0105351 0.00602042 0.00584806 0.00759171 0.0101709 0.013114 0.016101 0.0188204 0.0209766 0.0223436 0.0228115 0.0224054 0.0212672 0.0196106 0.0176645 0.0156252 0.0136303 0.0117552 0.0100276 0.00844906 0.00701305
 1.02387e-16 2.82493e-05 0.000165786 0.000788044 0.00303396 0.00946108 0.0238981 0.0488994 0.0810594 0.10887 0.118497 0.104583 0.0749935 0.0440288 0.0218584 0.0104656 0.00681572 0.00731384 0.0097393 0.0130705 0.0168048 0.0205454 0.0238855 0.0264397 0.0279202 0.0281989 0.0273318 0.0255323 0.0231086 0.0203854 0.0176376 0.0150521 0.0127234 0.0106731 0.00888057 0.00731132
 1.05115e-16 1.43626e-05 8.42413e-05 0.00040033 0.0015411 0.0048056 0.012139 0.0248409 0.0411879 0.0553486 0.0603209 0.053423 0.0387128 0.0235443 0.0132075 0.00886025 0.00911445 0.0122615 0.0172064 0.0233323 0.0301305 0.0370017 0.0432541 0.0482111 0.0513518 0.0524215 0.0514759 0.0488395 0.0450025 0.0404924 0.0357636 0.0311364 0.0267893 0.0227908 0.0191474 0.015846
pSPR Fmed_Fpbrs
0.671558   0.339385 0.339385
Fs Fmed_Fpbrs
0.257324   1.005 1.005
SSBpbr Bo_Bmed_Bpbrs
1.1946e+06  742512  345698 345698
Ro
50011.1
SPR SPRFo_SPRFmed_SPRFpbrs
1.02837e+06 690609 349012
log_Ro
10.64
likeval ReclasPelacesDesembMPH_pf_preclas_ppelaces_ptallas_desvR_qrecl_qpela
 66.6366 31.3145 0.00982061 0.00118242 314.831 196.593 77.7333 0 15.6351 6.51438e-05 0 0 0 0 0
q_reclas_q_pelaces
0.318632 1
M
0.7
N
 42647 14343.7 5453.82 654.496 0.328467
 55956.1 19394.8 4378.56 1664.83 199.891
 31149.9 25639.2 6171.54 1393.28 593.364
 55906 13631 6324.76 1522.41 490.072
 98187.5 27065.3 5880.99 2728.76 868.269
 68060.4 48539 13109 2848.44 1742.21
 113447 32405.2 19097.8 5157.77 1806.2
 112498 54858.5 13891.5 8186.86 2985.32
 145316 53080.9 20531.4 5199.03 4181.31
 151037 68268.3 19394.1 7501.5 3427.27
 67902.3 71949.3 26936.9 7652.38 4312.2
 39483.4 31088 22793.1 8533.43 3790.31
 43471.1 18192.3 10201.5 7479.51 4044.01
 23239.7 19150.1 4656.52 2611.18 2949.58
 17702.7 9348.92 2965.88 721.182 861.226
 21440.1 7181.83 1517.08 481.284 256.783
 17242.3 9822.16 2283.06 482.272 234.627
 18930.3 8081.68 3543.25 823.593 258.614
 20722.8 9034.85 3222.29 1412.75 431.492
 40642.4 9943.84 3711.53 1323.72 757.617
 50204.2 19463.2 4039.83 1507.86 845.572
 61498.1 24532.8 8842.1 1835.28 1069.16
 100810 29903.9 10845.4 3908.89 1283.99
 114693 48800.3 12895.7 4676.94 2239.36
 38185.6 55556.3 21119.6 5580.95 2993.22
pred_Ctot
 2595.45 4086.49 1553.78 186.464 0.0935794
 3124.92 5139.57 1160.31 441.175 52.9706
 2680.68 9654.83 2323.98 524.661 223.44
 1010.55 1296.47 601.56 144.8 46.6117
 317.868 480.406 104.387 48.4352 15.4117
 2021.76 7347.57 1984.37 431.18 263.726
 2143.15 3213.89 1894.09 511.539 179.136
 4043.59 9877.67 2501.26 1474.1 537.529
 5656.56 10266.5 3971.02 1005.56 808.716
 4432.77 10220.1 2903.39 1123.01 513.08
 3828.61 19222.1 7196.5 2044.42 1152.06
 2057.54 7765.55 5693.55 2131.59 946.791
 3553.83 6582.78 3691.35 2706.42 1463.3
 3212.58 10110.2 2458.37 1378.55 1557.21
 2357.62 4817.06 1528.18 371.591 443.749
 1199.88 1906.6 402.747 127.769 68.1693
 698.35 1968.15 457.477 96.637 47.0143
 530.795 1160.05 508.601 118.219 37.1217
 503.195 1134.77 404.716 177.44 54.195
 1043.77 1315.84 491.135 175.164 100.253
 576.722 1198.1 248.681 92.8199 52.0511
 920.891 1949.64 702.686 145.851 84.9666
 1828.3 2853.21 1034.79 372.958 122.509
 2028.1 4545.52 1201.17 435.635 208.586
 642.646 4936.69 1876.67 495.918 265.975
F
 0.0879525 0.486595 0.486595 0.486595 0.486595
 0.0804444 0.445057 0.445057 0.445057 0.445057
 0.126463 0.699651 0.699651 0.699651 0.699651
 0.025418 0.140625 0.140625 0.140625 0.140625
 0.00451054 0.0249545 0.0249545 0.0249545 0.0249545
 0.0420779 0.232795 0.232795 0.232795 0.232795
 0.0265781 0.147043 0.147043 0.147043 0.147043
 0.0511169 0.282803 0.282803 0.282803 0.282803
 0.0554635 0.306851 0.306851 0.306851 0.306851
 0.0415637 0.22995 0.22995 0.22995 0.22995
 0.0812482 0.449504 0.449504 0.449504 0.449504
 0.0748833 0.41429 0.41429 0.41429 0.41429
 0.119789 0.662729 0.662729 0.662729 0.662729
 0.210599 1.16513 1.16513 1.16513 1.16513
 0.202165 1.11847 1.11847 1.11847 1.11847
 0.0806214 0.446036 0.446036 0.446036 0.446036
 0.0577674 0.319597 0.319597 0.319597 0.319597
 0.0396763 0.219508 0.219508 0.219508 0.219508
 0.0342785 0.189645 0.189645 0.189645 0.189645
 0.0362861 0.200752 0.200752 0.200752 0.200752
 0.0160873 0.0890025 0.0890025 0.0890025 0.0890025
 0.0210158 0.116269 0.116269 0.116269 0.116269
 0.0255036 0.141098 0.141098 0.141098 0.141098
 0.0248593 0.137533 0.137533 0.137533 0.137533
 0.0236469 0.130826 0.130826 0.130826 0.130826
YTP_r0W_actual
 7197.63 108607 61930.2 20382.2 11383.7
YTP_p0W_proyectada
 46834.5 191141 364234 180623 78291.4
 46834.5 195076 50655 86367.1 44329.6
CTP_r0_actual
 642.646 4936.69 1876.67 495.918 265.975
CTP_p0_proyectada
 5509.94 8931.82 11674.2 4437.92 1683.69
 5509.94 9115.72 1623.56 2122.04 953.325
Wmedp
 8.5 21.4 31.2 40.7 46.5
nmprior
 10.6 11 7 0
nm_flota  nm_reclas  nm_pelaces    nm_pelaL
inf 14.8484 20.4935 50.7107
cv_recla  cv_pelaces  cv_mph
0.738382 0.634519 1.11564
 ------------------------------------------------
Talla a la edad & desviaci?n 
 7.2 14.2025 17.0495 18.207 18.6776
 1.08 2.13037 2.55742 2.73105 2.80164
