years
 1997 1998 1999 2000 2001 2002 2003 2004 2005 2006 2007 2008 2009 2010 2011 2012 2013 2014 2015 2016 2017 2018 2019 2020 2021
reclasobs
 0 0 0 370054 412103 1.49427e+06 250295 1.28982e+06 931140 785840 897777 1.04006e+06 184774 17550 25797 100020 73551 82996 120727 218422 84188 347160 605670 569463 516374
reclaspred
 2.62246e+06 411210 598433 163834 249054 332756 678058 596578 659916 909850 962319 651653 358738 146859 82209.2 80422 90226.2 109341 118493 134962 214999 223357 371740 428529 405273
pelacesobs
 0 0 0 0 0 0 0 0 0 2.06254e+06 1.5e+06 0 1.87456e+06 323000 250000 174000 83755 137374 0 501740 490994 745055 786931 1.00524e+06 1.33801e+06
pelacespred
 3.972e+06 1.27308e+06 466531 309431 705424 459110 2.14305e+06 1.58687e+06 1.76446e+06 2.55051e+06 1.85358e+06 1.30595e+06 892798 300425 177431 161543 179289 228300 219308 261796 524128 431121 570079 792844 526133
mphobs
 0 0 0 0 0 112323 0 153150 637223 0 255016 313432 73983 77613 109348 50772 0 0 0 0 0 0 0 0 0
mphpred
 644012 269374 157169 65676.3 50714.4 136178 151850 260504 239250 282478 403530 256224 156055 90364.9 42073.5 30873.5 31352.3 35352.3 41385.4 42505.6 60754.9 79436.9 95885.8 132648 149868
desembarqueobs
 350755 77701 442110 56441 14545 235359 269955 359681 431902 328805 639364 411747 362871 311530 167758 66681 60226 58785 57116 73181 50977 67692 138656 160484 209506
desembarquepred
 350738 77671.3 441495 56417.2 14543.6 235191 269882 359106 431402 328507 638090 411018 362105 310890 167160 66588.5 60173.8 58690.2 57023.7 73090.2 50956.4 67618.9 138538 160363 209339
Reclutas
 12765.5 31219.1 2648.49 6961.74 41473.4 14837.3 63197.5 59210.5 72345.8 128876 56453.8 46571.9 54500.7 29096.8 12994.6 10996.9 7194.73 8277.32 8436.38 11390.6 16515.9 20443.2 33390.2 32574.2 2566.85
log_desv_Rt
 -0.465502 0.428784 -2.03825 -1.07182 0.712807 -0.315097 1.13402 1.06885 1.26921 1.8466 1.02118 0.828752 0.985968 0.358383 -0.44771 -0.614632 -1.0389 -0.898725 -0.879691 -0.579456 -0.207922 0.00540697 0.496019 0.471276 -2.06957
SSB
 1.06095e+06 443769 258921 108196 83547.2 224341 250159 429156 394143 465357 664777 422106 257087 148868 69312.2 50861.1 51649.9 58239.6 68178.6 70024 100088 130865 157963 218525 246894
BT
 1.58141e+06 581309 389714 172290 286726 338716 1.06405e+06 979613 1.07619e+06 1.2899e+06 1.2254e+06 851633 690653 396198 202710 115186 114708 133294 126522 155715 237996 213966 299701 415312 335761
Ftot
 0.320255 0.47704 1.57373 0.84304 0.228229 1.63846 1.39619 1.79868 1.97124 1.21957 1.6492 1.57987 2.77444 4.83013 4.95303 2.30696 1.83882 1.52216 1.28255 1.51356 0.706466 0.811661 0.998236 1.01119 1.15066
BD_Bspro_t
 0.962687 0.756232 0.548246 0.211095 0.277856 0.556311 0.420333 0.501603 0.432022 0.429302 0.48012 0.30617 0.214288 0.151675 0.0862574 0.0780006 0.10804 0.164243 0.229793 0.281998 0.390153 0.519733 0.52458 0.528287 0.482766
BD_Bspro
 2.53753 1.06139 0.619275 0.258777 0.199824 0.536568 0.598319 1.02644 0.942692 1.11302 1.58998 1.00957 0.614887 0.356055 0.165778 0.121647 0.123534 0.139295 0.163066 0.16748 0.239386 0.312996 0.377808 0.522657 0.590509
BD_Bo
 1.33455 0.558208 0.325692 0.136097 0.105092 0.282194 0.31467 0.539827 0.495784 0.585363 0.83621 0.530958 0.323384 0.187258 0.0871864 0.0639772 0.0649694 0.0732584 0.0857605 0.0880818 0.125899 0.164612 0.198698 0.274878 0.310563
BD_Brms
 3.53647 1.47922 0.863063 0.360649 0.278488 0.747797 0.833857 1.43051 1.3138 1.55118 2.21591 1.40701 0.856948 0.496222 0.231039 0.169536 0.172165 0.19413 0.22726 0.233411 0.333624 0.436213 0.526539 0.72841 0.822973
S_f
 0.0844842 0.645722 0.972972 0.998596 0.999929
 0.0844842 0.645722 0.972972 0.998596 0.999929
 0.0844842 0.645722 0.972972 0.998596 0.999929
 0.0844842 0.645722 0.972972 0.998596 0.999929
 0.0844842 0.645722 0.972972 0.998596 0.999929
 0.0844842 0.645722 0.972972 0.998596 0.999929
 0.0844842 0.645722 0.972972 0.998596 0.999929
 0.0844842 0.645722 0.972972 0.998596 0.999929
 0.0844842 0.645722 0.972972 0.998596 0.999929
 0.0844842 0.645722 0.972972 0.998596 0.999929
 0.0844842 0.645722 0.972972 0.998596 0.999929
 0.0844842 0.645722 0.972972 0.998596 0.999929
 0.0844842 0.645722 0.972972 0.998596 0.999929
 0.0844842 0.645722 0.972972 0.998596 0.999929
 0.0844842 0.645722 0.972972 0.998596 0.999929
 0.0844842 0.645722 0.972972 0.998596 0.999929
 0.0844842 0.645722 0.972972 0.998596 0.999929
 0.0844842 0.645722 0.972972 0.998596 0.999929
 0.0844842 0.645722 0.972972 0.998596 0.999929
 0.0844842 0.645722 0.972972 0.998596 0.999929
 0.0844842 0.645722 0.972972 0.998596 0.999929
 0.0844842 0.645722 0.972972 0.998596 0.999929
 0.0844842 0.645722 0.972972 0.998596 0.999929
 0.0844842 0.645722 0.972972 0.998596 0.999929
 0.0844842 0.645722 0.972972 0.998596 0.999929
Scru_reclas
 0.24116 0.615292 0.889491 0.975908 0.995119
 0.24116 0.615292 0.889491 0.975908 0.995119
 0.24116 0.615292 0.889491 0.975908 0.995119
 0.24116 0.615292 0.889491 0.975908 0.995119
 0.24116 0.615292 0.889491 0.975908 0.995119
 0.24116 0.615292 0.889491 0.975908 0.995119
 0.24116 0.615292 0.889491 0.975908 0.995119
 0.24116 0.615292 0.889491 0.975908 0.995119
 0.24116 0.615292 0.889491 0.975908 0.995119
 0.24116 0.615292 0.889491 0.975908 0.995119
 0.24116 0.615292 0.889491 0.975908 0.995119
 0.24116 0.615292 0.889491 0.975908 0.995119
 0.24116 0.615292 0.889491 0.975908 0.995119
 0.24116 0.615292 0.889491 0.975908 0.995119
 0.24116 0.615292 0.889491 0.975908 0.995119
 0.24116 0.615292 0.889491 0.975908 0.995119
 0.24116 0.615292 0.889491 0.975908 0.995119
 0.24116 0.615292 0.889491 0.975908 0.995119
 0.24116 0.615292 0.889491 0.975908 0.995119
 0.24116 0.615292 0.889491 0.975908 0.995119
 0.24116 0.615292 0.889491 0.975908 0.995119
 0.24116 0.615292 0.889491 0.975908 0.995119
 0.24116 0.615292 0.889491 0.975908 0.995119
 0.24116 0.615292 0.889491 0.975908 0.995119
 0.24116 0.615292 0.889491 0.975908 0.995119
Scru_pelaces
 0.773695 1 1 1 1
 0.773695 1 1 1 1
 0.773695 1 1 1 1
 0.773695 1 1 1 1
 0.773695 1 1 1 1
 0.773695 1 1 1 1
 0.773695 1 1 1 1
 0.773695 1 1 1 1
 0.773695 1 1 1 1
 0.773695 1 1 1 1
 0.773695 1 1 1 1
 0.773695 1 1 1 1
 0.773695 1 1 1 1
 0.773695 1 1 1 1
 0.773695 1 1 1 1
 0.773695 1 1 1 1
 0.773695 1 1 1 1
 0.773695 1 1 1 1
 0.773695 1 1 1 1
 0.773695 1 1 1 1
 0.773695 1 1 1 1
 0.773695 1 1 1 1
 0.773695 1 1 1 1
 0.773695 1 1 1 1
 0.773695 1 1 1 1
pf_obs 
 0.256992 0.487395 0.22802 0.0275931 0
 0.321318 0.546541 0.124235 0.00734118 0.000564706
 0.182869 0.594174 0.210203 0.0122559 0.00049798
 0.330522 0.361315 0.267642 0.0388342 0.00168674
 0.649043 0.306663 0.0425973 0.00169635 0
 0.582887 0.30429 0.105238 0.00758474 0
 0.465427 0.430635 0.0974691 0.00646863 0
 0.296916 0.608066 0.0921331 0.00288517 0
 0.311714 0.524322 0.152257 0.0117073 0
 0.15457 0.633149 0.183074 0.0267441 0.00246327
 0.131901 0.49318 0.331252 0.0422183 0.00144891
 0.196976 0.569456 0.194076 0.0375587 0.00193317
 0.518974 0.381816 0.0799577 0.0180837 0.00116848
 0.0928022 0.601141 0.25162 0.0475244 0.00691264
 0.122501 0.610282 0.24278 0.0234846 0.000952079
 0.383417 0.481906 0.127806 0.00687128 0
 0.0376549 0.599619 0.316969 0.0457579 0
 0.0361596 0.667082 0.258105 0.0386534 0
 0.158088 0.579412 0.248529 0.0139706 0
 0.0477256 0.309471 0.559284 0.082774 0.000745712
 0.0406174 0.521527 0.379366 0.0568643 0.0016247
 0.151134 0.462217 0.34131 0.0453401 0
 0.294876 0.26143 0.354403 0.0886775 0.000613685
 0.281977 0.475581 0.204845 0.0348837 0.00271318
 0.0841818 0.532909 0.334909 0.0458182 0.00218182
pf_pred 
 0.0357102 0.641172 0.285578 0.0375356 4.5914e-06
 0.130234 0.17542 0.525872 0.149408 0.0190655
 0.0196318 0.594173 0.113316 0.2083 0.0645791
 0.159017 0.164991 0.519173 0.0477512 0.109067
 0.542835 0.304599 0.0458114 0.0827363 0.0240191
 0.110469 0.799403 0.0684858 0.00663168 0.0150112
 0.504839 0.285905 0.198796 0.00805302 0.00240707
 0.276456 0.670941 0.0385316 0.0133997 0.000670891
 0.3206 0.558156 0.117146 0.00304778 0.00105099
 0.38608 0.527164 0.0792713 0.00724676 0.000238477
 0.136946 0.742768 0.110809 0.00869239 0.000784084
 0.186455 0.524975 0.268195 0.018848 0.0015268
 0.320823 0.515832 0.129529 0.0315431 0.00227243
 0.277251 0.660597 0.0560717 0.00489868 0.00118193
 0.286815 0.676736 0.0358156 0.000579059 5.52108e-05
 0.34344 0.622107 0.0341149 0.000333036 5.17488e-06
 0.216459 0.691258 0.0902955 0.00196939 1.82428e-05
 0.276983 0.556678 0.156932 0.0092156 0.000191452
 0.248957 0.609076 0.123984 0.0170134 0.000968713
 0.30029 0.539925 0.142764 0.0149519 0.0020691
 0.295713 0.576341 0.11182 0.014485 0.00164059
 0.242115 0.578026 0.159181 0.018154 0.00252452
 0.296868 0.51107 0.163068 0.0257719 0.00322214
 0.219078 0.619832 0.133604 0.023481 0.00400485
 0.0206419 0.701069 0.243772 0.02883 0.00568729
pobs_RECLAS
 0 0 0 0 0
 0 0 0 0 0
 0 0 0 0 0
 0 0 0 0 0
 0.835266 0.146461 0.0176864 0.000547809 3.91292e-05
 0.385257 0.428462 0.181853 0.0044286 0
 0.867414 0.0963971 0.0333333 0.00285562 0
 0.441836 0.489002 0.0689373 0.000224442 0
 0.779404 0.147425 0.0564933 0.0165055 0.000172143
 0.814271 0.122319 0.05973 0.00367925 0
 0.40263 0.566651 0.0304383 0.000280538 0
 0.475488 0.404961 0.113038 0.00651328 0
 0.955842 0.0263864 0.0167828 0.000988607 0
 0.975058 0.0227948 0.00214734 0 0
 0.738997 0.206755 0.0527124 0.00153531 0
 0.850938 0.134255 0.0134407 0.00136685 0
 0.542534 0.407297 0.0501686 0 0
 0.764087 0.199537 0.0359546 0.000420521 0
 0.470689 0.182191 0.310203 0.0369168 0
 0.84361 0.089868 0.0606195 0.00523954 0.000663233
 0.607945 0.314616 0.071237 0.00620181 0
 0.523733 0.453247 0.0230204 0 0
 0.530135 0.295979 0.169645 0.0042399 0
 0.562478 0.366248 0.0663022 0.0049721 0
 0.250443 0.683176 0.0655157 0.000865301 0
ppred_RECLAS
 0.102213 0.605253 0.256513 0.0360172 4.48624e-06
 0.320411 0.141321 0.40086 0.121607 0.0158013
 0.0633593 0.584394 0.0987459 0.192689 0.0608117
 0.380782 0.126836 0.371297 0.0364099 0.084675
 0.781808 0.145235 0.0208431 0.0402226 0.0118907
 0.292799 0.642241 0.0484962 0.00498276 0.011481
 0.774895 0.135643 0.0847055 0.00364694 0.00110972
 0.563138 0.408555 0.020404 0.00751993 0.000383231
 0.621968 0.318632 0.0572694 0.00157692 0.000553457
 0.670255 0.286613 0.0391922 0.00381218 0.000127719
 0.347474 0.570732 0.0749803 0.00624048 0.000573002
 0.439188 0.37665 0.170402 0.0127119 0.00104822
 0.647364 0.281545 0.055773 0.0142713 0.00104603
 0.661527 0.320202 0.0164341 0.00147502 0.000361653
 0.67343 0.316439 0.00995007 0.00016503 1.59887e-05
 0.649616 0.334993 0.0152317 0.000156923 2.48136e-06
 0.485105 0.461442 0.0522347 0.00120701 1.13803e-05
 0.562072 0.345709 0.0866983 0.00540656 0.000114339
 0.519489 0.396209 0.0730264 0.0106582 0.000617815
 0.589384 0.324534 0.0763888 0.00849632 0.00119688
 0.567237 0.357724 0.0650177 0.00898508 0.0010362
 0.501941 0.385421 0.098907 0.0120282 0.00170308
 0.575052 0.314753 0.0926155 0.0155937 0.00198498
 0.472472 0.424649 0.0843459 0.0157914 0.00274219
 0.0641165 0.685298 0.217679 0.027403 0.00550363
pobs_PELACES
 0 0 0 0 0
 0 0 0 0 0
 0 0 0 0 0
 0 0 0 0 0
 0 0 0 0 0
 0 0 0 0 0
 0 0 0 0 0
 0 0 0 0 0
 0 0 0 0 0
 0 0 0 0 0
 0.450072 0.473896 0.0757376 0.000293798 0
 0 0 0 0 0
 0.463077 0.371075 0.160297 0.00555027 0
 0.529543 0.364841 0.0842815 0.0213345 0
 0.631943 0.363953 0.00410389 0 0
 0.735681 0.248677 0.0153453 0.000297389 0
 0.695825 0.281241 0.0229344 0 0
 0.275771 0.60734 0.115278 0.00161068 0
 0 0 0 0 0
 0.896147 0.0623911 0.0374545 0.00400742 0
 0.803859 0.145111 0.0509908 3.86294e-05 0
 0.739449 0.233085 0.0266225 0.000797448 4.60066e-05
 0.878498 0.100942 0.0204185 0.000141795 0
 0.694673 0.275183 0.0284847 0.00165964 0
 0.469039 0.446079 0.0841089 0.000773354 0
ppred_PELACES
 0.211425 0.5977 0.169268 0.0216039 2.63863e-06
 0.586829 0.120031 0.22369 0.061602 0.0078482
 0.17773 0.620478 0.0611885 0.10739 0.0332143
 0.671643 0.0969503 0.179237 0.0159061 0.0362637
 0.893866 0.0806381 0.00781027 0.013711 0.00397463
 0.535607 0.439378 0.0192284 0.00177591 0.00401007
 0.913084 0.0625195 0.0232267 0.000900763 0.000268635
 0.785241 0.206831 0.00588384 0.00194665 9.72129e-05
 0.834135 0.150264 0.0150999 0.000372697 0.00012817
 0.841427 0.145422 0.012058 0.00105804 3.47446e-05
 0.601144 0.368543 0.0280281 0.00209672 0.000188668
 0.706216 0.228983 0.0604201 0.00405368 0.000327584
 0.870743 0.114758 0.011654 0.00265495 0.000190608
 0.906986 0.0909116 0.00191578 0.00015045 3.60993e-05
 0.91212 0.0867572 0.0011053 1.60236e-05 1.51915e-06
 0.851341 0.145069 0.00355656 3.27514e-05 5.07371e-07
 0.732461 0.251082 0.0161196 0.000334262 3.08824e-06
 0.786403 0.184835 0.027204 0.00152646 3.16374e-05
 0.74449 0.226829 0.0251792 0.00331336 0.000188249
 0.804368 0.169522 0.0234396 0.00234599 0.000323885
 0.759016 0.212747 0.024783 0.003103 0.000350834
 0.71636 0.239763 0.0389894 0.00429211 0.000595779
 0.781372 0.180087 0.0329091 0.00500783 0.000624884
 0.697708 0.263419 0.0324486 0.00549 0.000934521
 0.157733 0.690135 0.133919 0.0152171 0.0029957
pobs_pel_tallas
 0 0 0 0 0 0 0 0 0 0 0 0 0 0 0 0 0 0 0 0 0 0 0 0 0 0 0 0 0 0 0 0 0 0 0 0
 0 0 0 0 0 0 0 0 0 0 0 0 0 0 0 0 0 0 0 0 0 0 0 0 0 0 0 0 0 0 0 0 0 0 0 0
 0 0 0 0 0 0 0 0 0 0 0 0 0 0 0 0 0 0 0 0 0 0 0 0 0 0 0 0 0 0 0 0 0 0 0 0
 0 0 0 0 0 0 0 0 0 0 0 0 0 0 0 0 0 0 0 0 0 0 0 0 0 0 0 0 0 0 0 0 0 0 0 0
 0 0 0 0 0 0 0 0 0 0 0 0 0 0 0 0 0 0 0 0 0 0 0 0 0 0 0 0 0 0 0 0 0 0 0 0
 0 0 0 0 0 0 0 0 0 0 0 0 0 0 0 0 0 0 0 0 0 0 0 0 0 0 0 0 0 0 0 0 0 0 0 0
 0 0 0 0 0 0 0 0 0 0 0 0 0 0 0 0 0 0 0 0 0 0 0 0 0 0 0 0 0 0 0 0 0 0 0 0
 0 0 0 0 0 0 0 0 0 0 0 0 0 0 0 0 0 0 0 0 0 0 0 0 0 0 0 0 0 0 0 0 0 0 0 0
 0 0 0 0 0 0 0 0 0 0 0 0 0 0 0 0 0 0 0 0 0 0 0 0 0 0 0 0 0 0 0 0 0 0 0 0
 0 0 0 0 0 0 0 0 0 0 0 0 0 0 0 0 0 0 0 0 0 0 0 0 0 0 0 0 0 0 0 0 0 0 0 0
 0 0 0 0 0 0 0 0 1.78061e-05 0.00172719 0.00360574 0.0105946 0.0120993 0.0124554 0.0147524 0.0171206 0.0266825 0.0428682 0.0675386 0.121331 0.153587 0.119568 0.100827 0.0573624 0.0630603 0.0341343 0.0324427 0.0444173 0.0211091 0.0280891 0.0125444 0.00206551 0 0 0 0
 0 0 0 0 0 0 0 0 0 0 0 0 0 0 0 0 0 0 0 0 0 0 0 0 0 0 0 0 0 0 0 0 0 0 0 0
 0 0 0 0 0 0 0.0133647 0.0140871 0.0187388 0.0205184 0.03894 0.0496705 0.03968 0.0493445 0.0407372 0.0367815 0.0215668 0.0243155 0.0234873 0.0199281 0.019796 0.0243948 0.0301388 0.0376714 0.0412746 0.0863199 0.0771752 0.113111 0.0741005 0.0525337 0.0229764 0.00759418 0.00175318 0 0 0
 0 0 0 0 0 0 0 0 0 0 0.00219441 0.00772107 0.0458388 0.0604681 0.0671733 0.0775358 0.0609151 0.0617685 0.073594 0.0568108 0.0755445 0.0548602 0.0670107 0.0636378 0.0643287 0.046367 0.0373049 0.0286899 0.0247887 0.0153202 0.00654259 0.00121912 0.000365735 0 0 0
 0 0 0 0 0 0 0 0 0 0 0 0 0.000112435 0.00938835 0.0111873 0.0202946 0.0414886 0.0713402 0.111592 0.104902 0.108894 0.110636 0.117776 0.105296 0.107544 0.0401394 0.0192827 0.0124803 0.00416011 0.0028671 0.000618394 0 0 0 0 0
 0 0 0 0 0 0 0 0 0 0 0.00291406 0.0102884 0.027416 0.0768956 0.0749926 0.110853 0.0956884 0.0897413 0.0766577 0.0534642 0.0500743 0.0551293 0.0594112 0.0620874 0.0668451 0.0424026 0.0208742 0.0120726 0.0048766 0.00582813 0.00118941 0.000297354 0 0 0 0
 0 0.00264628 0.0354308 0.0461629 0.0458689 0.0383711 0.0214643 0.0164657 0.0346957 0.0420465 0.0363128 0.0245516 0.0311673 0.0291091 0.0169068 0.0133784 0.00837989 0.0085269 0.0148486 0.0160247 0.0276389 0.0546898 0.0760071 0.122758 0.109233 0.0665981 0.0333725 0.0166128 0.00676272 0.00308733 0.000882094 0 0 0 0 0
 0 0 0 0 0 0 0 0.000805153 0.000690131 0.00759144 0.0133425 0.0154129 0.00931677 0.000345066 0.00356568 0.00563607 0.00851162 0.0253048 0.0502646 0.0516448 0.0657925 0.0565908 0.0611916 0.0827007 0.0866115 0.110766 0.145733 0.0935128 0.0569358 0.0249597 0.0138026 0.00621118 0.00161031 0.00115022 0 0
 0 0 0 0 0 0 0 0 0 0 0 0 0 0 0 0 0 0 0 0 0 0 0 0 0 0 0 0 0 0 0 0 0 0 0 0
 0.00147267 0.00158595 0.00478618 0.00569244 0.00954404 0.0108468 0.00647125 0.017049 0.0510054 0.094081 0.124002 0.0959785 0.0687766 0.0820023 0.061753 0.0591476 0.0492212 0.0479892 0.0443925 0.0268479 0.0217502 0.0140895 0.0121071 0.0120363 0.00920419 0.00665534 0.0049561 0.00860946 0.00930331 0.0156896 0.0114698 0.00855282 0.00243557 0.00046729 0 2.83206e-05
 0 0 0 0 0.000772559 0.00158375 0.000888443 0.00281984 0.00712685 0.0440552 0.0773331 0.111326 0.0921469 0.0852325 0.0710754 0.0886704 0.0786465 0.0553345 0.0373146 0.0185414 0.00753245 0.00457741 0.012979 0.0271748 0.0457355 0.0583668 0.034881 0.0177882 0.00938659 0.00492506 0.0015258 0.00185414 0.000309023 5.79419e-05 3.86279e-05 0
 0 0.00173294 0.00326652 0 0.00397197 0.00683976 0.00946217 0.0152591 0.00757587 0.0136028 0.0228656 0.0392903 0.0559909 0.0764795 0.0681675 0.0726916 0.0566044 0.0477403 0.0527397 0.0444891 0.0609904 0.0582453 0.0661739 0.0445044 0.0529084 0.0360697 0.0280645 0.0235558 0.0158879 0.00826598 0.00280645 0.00217768 0.000904811 0.00058276 9.20147e-05 0
 0 0 0 0 0 0 0 0 0 0 0 0 0 0 0 0 0 0 0 0 0 0 0 0 0 0 0 0 0 0 0 0 0 0 0 0
 0 0 0 0 0 0 0 0 0 0 0 0 0 0 0 0 0 0 0 0 0 0 0 0 0 0 0 0 0 0 0 0 0 0 0 0
 0 0 0 0 0 0 0 0 0 0 0 0 0 0 0 0 0 0 0 0 0 0 0 0 0 0 0 0 0 0 0 0 0 0 0 0
ppred_pel_tallas
 1.0334e-16 9.2564e-06 5.42486e-05 0.000257708 0.000991912 0.00309294 0.00781313 0.0159912 0.026524 0.0356721 0.0389529 0.0346796 0.0255238 0.0163071 0.0105536 0.00915024 0.0113438 0.0161324 0.0228177 0.0308721 0.0396778 0.0484168 0.0561328 0.0619014 0.0650314 0.065219 0.062608 0.0577287 0.051348 0.0442811 0.0372283 0.0306793 0.0248955 0.0199513 0.0158035 0.0123575
 1.05698e-16 2.56065e-05 0.000150282 0.000714357 0.00275029 0.00857649 0.0216635 0.0443265 0.0734763 0.0986777 0.107384 0.0947264 0.0678229 0.0396137 0.0192908 0.00862509 0.0048475 0.00470443 0.0062272 0.0085849 0.0114688 0.0147017 0.0180992 0.0214522 0.0245494 0.0272036 0.0292695 0.0306489 0.0312864 0.0311629 0.0302917 0.0287203 0.0265346 0.0238603 0.0208574 0.0177056
 1.06313e-16 7.78759e-06 4.56245e-05 0.000216705 0.000834039 0.00260062 0.0065696 0.0134469 0.0223074 0.0300115 0.032799 0.0292653 0.0216784 0.0141236 0.00960597 0.00892079 0.0114825 0.0164806 0.0233263 0.0315263 0.040457 0.0492811 0.0570261 0.062765 0.065825 0.065943 0.0633196 0.058545 0.0524325 0.0458142 0.0393692 0.0335288 0.0284688 0.0241685 0.0204994 0.0173078
 1.04817e-16 2.93037e-05 0.00017199 0.000817566 0.00314768 0.00981575 0.0247937 0.0507309 0.084091 0.112928 0.122879 0.108366 0.0775246 0.0451496 0.0217404 0.00929619 0.00461708 0.00394971 0.00501933 0.00686862 0.0091589 0.0117253 0.0144149 0.0170597 0.0194922 0.0215665 0.0231723 0.0242382 0.0247273 0.0246305 0.0239618 0.0227589 0.0210865 0.0190379 0.0167313 0.0143004
 1.00795e-16 3.89926e-05 0.000228875 0.00108801 0.00418897 0.013063 0.0329959 0.0675129 0.111906 0.150275 0.163498 0.144143 0.10302 0.0597956 0.0284069 0.0114671 0.00466036 0.00292913 0.00318768 0.00411854 0.00525428 0.00639481 0.00739687 0.00813752 0.00852905 0.0085374 0.00818892 0.00756073 0.00675902 0.00589249 0.00504992 0.00428779 0.00362922 0.00307159 0.00259809 0.00218843
 1.00665e-16 2.33855e-05 0.000137214 0.00065217 0.00251075 0.00782941 0.0197768 0.0404685 0.0670903 0.0901286 0.098152 0.0867534 0.0624853 0.0372417 0.0195201 0.011057 0.00943116 0.0117231 0.0160803 0.02154 0.0274536 0.033161 0.0379471 0.0411467 0.0422919 0.0412259 0.0381422 0.0335307 0.0280535 0.0223908 0.0171074 0.0125736 0.00894989 0.00622401 0.00427303 0.00292732
 1.00394e-16 3.983e-05 0.000233792 0.00111139 0.00427899 0.0133437 0.033705 0.0689637 0.11431 0.153502 0.167004 0.147223 0.105198 0.0610129 0.028897 0.0115122 0.00444214 0.00251605 0.00258301 0.0033067 0.0042283 0.00516963 0.00601349 0.00665977 0.00703381 0.00710067 0.00687147 0.00639742 0.00575481 0.00502601 0.0042829 0.0035772 0.0029385 0.0023782 0.00189611 0.00148669
 1.00223e-16 3.42612e-05 0.000201086 0.000955871 0.00368015 0.0114762 0.0289881 0.0593136 0.0983194 0.132042 0.143692 0.126758 0.0907605 0.0530146 0.0258134 0.0115109 0.00637109 0.00598715 0.00764395 0.0101203 0.0128734 0.0155363 0.0177616 0.0192352 0.0197377 0.0191971 0.0177069 0.0155007 0.0128933 0.0102073 0.00771051 0.00557794 0.00388483 0.00262387 0.00173496 0.0011356
 1.00283e-16 3.6391e-05 0.000213594 0.00101535 0.00390918 0.0121904 0.030792 0.0630043 0.104435 0.140249 0.152608 0.134584 0.0962801 0.0560695 0.0269857 0.0114997 0.0056152 0.00463306 0.00567193 0.00746756 0.00951098 0.0115094 0.0132055 0.0143687 0.0148353 0.0145465 0.0135623 0.0120431 0.0102091 0.00828795 0.00647072 0.00488477 0.00358876 0.00258445 0.00183703 0.00129577
 1.00257e-16 3.67087e-05 0.00021546 0.00102422 0.00394334 0.012297 0.0310611 0.0635548 0.105348 0.141474 0.153939 0.135754 0.0971092 0.0565362 0.02718 0.0115303 0.00555281 0.00450518 0.0054803 0.00720499 0.00917106 0.0110913 0.0127162 0.0138227 0.0142535 0.0139532 0.0129814 0.0114955 0.00971015 0.00784714 0.00609177 0.00456704 0.00332864 0.00237657 0.00167514 0.00117329
 1.00599e-16 2.62403e-05 0.000153981 0.000731896 0.00281774 0.00878677 0.0221949 0.0454156 0.0752881 0.10113 0.110104 0.0972475 0.0698923 0.0413526 0.0211198 0.0110891 0.00849194 0.0100176 0.0135896 0.0181844 0.0231927 0.0280463 0.0321421 0.0349197 0.0359817 0.0351893 0.0326959 0.028903 0.0243569 0.0196221 0.0151693 0.0113109 0.00818723 0.00579673 0.00404673 0.00280527
 1.01087e-16 3.08164e-05 0.000180859 0.000859706 0.00330988 0.0103215 0.0260715 0.0533462 0.0884293 0.118764 0.129255 0.11405 0.081723 0.0478602 0.0235377 0.010897 0.00660412 0.00671848 0.00881026 0.0117758 0.0150991 0.0183999 0.021299 0.0234407 0.0245618 0.0245493 0.0234634 0.0215134 0.0189998 0.0162412 0.0135106 0.0109983 0.00880473 0.00695589 0.00543074 0.00418711
 1.00304e-16 3.79858e-05 0.000222961 0.00105988 0.00408067 0.0127252 0.0321428 0.0657677 0.109015 0.146395 0.159285 0.140449 0.100424 0.0583775 0.0278996 0.0115513 0.00514275 0.00375645 0.00438466 0.00572604 0.00728875 0.00882528 0.0101352 0.0110418 0.0114201 0.0112246 0.0105001 0.00936771 0.00799353 0.00654954 0.00517954 0.00397921 0.00299231 0.00221989 0.00163593 0.00120292
 1.00064e-16 3.95652e-05 0.000232235 0.00110398 0.00425046 0.0132547 0.0334803 0.0685041 0.113549 0.152482 0.165901 0.146265 0.104546 0.0606989 0.0288687 0.0117092 0.00484244 0.00313621 0.00345522 0.00445379 0.00564387 0.00680504 0.00777373 0.00841029 0.00861836 0.00836679 0.00769755 0.00671429 0.00555642 0.00436685 0.00326407 0.00232552 0.00158436 0.00103703 0.000656435 0.000405365
 1.00045e-16 3.97889e-05 0.000233549 0.00111023 0.00427451 0.0133297 0.0336697 0.0688917 0.114192 0.153344 0.166838 0.147089 0.105128 0.0610253 0.0290016 0.0117243 0.00478857 0.00303162 0.00330029 0.00424316 0.00537362 0.0064763 0.00739416 0.00799388 0.00818377 0.00793457 0.00728697 0.0063406 0.00522923 0.00408989 0.00303605 0.00214175 0.00143846 0.000922377 0.000567 0.000336108
 1.001e-16 3.7141e-05 0.000217998 0.00103629 0.00398979 0.0124418 0.031427 0.0643035 0.106588 0.14314 0.155751 0.13735 0.0982472 0.0571906 0.0274791 0.01163 0.00555913 0.00446597 0.00540708 0.0070929 0.00900904 0.0108661 0.0124146 0.0134332 0.0137681 0.0133694 0.0123037 0.0107362 0.00888897 0.00699005 0.00522848 0.003728 0.00254179 0.00166457 0.00105347 0.000649465
 1.00323e-16 3.19616e-05 0.000187581 0.000891657 0.0034329 0.0107052 0.0270405 0.055329 0.0917163 0.123179 0.134062 0.118296 0.0847744 0.0496649 0.0244569 0.011372 0.00695115 0.00710174 0.00929234 0.01236 0.0157453 0.0190268 0.021787 0.0236435 0.0243266 0.0237438 0.0220024 0.0193792 0.0162499 0.013002 0.00995845 0.0073329 0.00522059 0.00361872 0.00246149 0.00165578
 1.00501e-16 3.43111e-05 0.00020138 0.000957275 0.00368557 0.0114931 0.0290307 0.0594006 0.0984631 0.132233 0.143896 0.126926 0.090857 0.0530226 0.0257279 0.0113226 0.00605891 0.0055214 0.00699591 0.00927454 0.0118396 0.0143577 0.0165173 0.0180341 0.0187037 0.0184483 0.0173342 0.0155509 0.0133608 0.0110374 0.00881142 0.00683863 0.0051937 0.00388419 0.00287475 0.00211117
 1.00555e-16 3.24852e-05 0.000190657 0.000906285 0.00348923 0.0108808 0.0274842 0.0562367 0.0932201 0.125197 0.136251 0.120212 0.0861145 0.0503834 0.024687 0.0112724 0.00661335 0.0065442 0.00849484 0.0112987 0.0144169 0.0174622 0.0200569 0.0218539 0.0226056 0.0222213 0.0207885 0.0185458 0.0158213 0.0129551 0.0102323 0.00784338 0.00587642 0.00433525 0.00316986 0.00230709
 1.00484e-16 3.50938e-05 0.000205977 0.000979131 0.00376972 0.0117556 0.0296936 0.0607568 0.100711 0.13525 0.147174 0.129806 0.0928941 0.0541619 0.026188 0.0113671 0.00585718 0.0051356 0.00642576 0.00850006 0.0108468 0.0131514 0.0151269 0.0165127 0.0171217 0.0168834 0.0158595 0.0142243 0.0122189 0.0100943 0.00806175 0.00626323 0.00476617 0.00357629 0.00266004 0.00196687
 1.00545e-16 3.3118e-05 0.000194373 0.000923957 0.00355728 0.011093 0.0280201 0.0573332 0.0950372 0.127635 0.138901 0.122539 0.0877589 0.0512994 0.0250501 0.0112936 0.00642712 0.00619834 0.0079871 0.0106121 0.0135413 0.0164054 0.018849 0.0205462 0.0212644 0.0209178 0.0195873 0.0174959 0.0149501 0.0122679 0.0097161 0.00747318 0.0056221 0.00416709 0.0030622 0.0022399
 1.00807e-16 3.12591e-05 0.000183457 0.000872056 0.00335743 0.0104698 0.026446 0.0541126 0.0896999 0.120471 0.131114 0.115693 0.0829058 0.0485643 0.0239044 0.0110995 0.00676762 0.00690952 0.00905543 0.0120771 0.0154391 0.0187419 0.0215882 0.0236095 0.0245393 0.0242743 0.0228964 0.0206465 0.0178599 0.0148866 0.012022 0.00946618 0.00731578 0.00558252 0.00422398 0.00317439
 1.00728e-16 3.40915e-05 0.000200091 0.000951149 0.00366198 0.0114196 0.0288449 0.0590205 0.0978329 0.131387 0.142974 0.126112 0.0902708 0.0526743 0.0255475 0.0112244 0.00598097 0.00543052 0.00687829 0.00912793 0.0116707 0.0141818 0.0163589 0.017924 0.0186756 0.0185334 0.0175556 0.0159185 0.0138697 0.0116678 0.00953179 0.00761045 0.00597677 0.00464151 0.00357617 0.00273548
 1.00779e-16 3.04467e-05 0.000178686 0.000849367 0.00327007 0.0101974 0.0257579 0.0527048 0.0873671 0.117341 0.127714 0.112709 0.0808036 0.0474052 0.0234683 0.011122 0.00708438 0.00746776 0.00986521 0.0131633 0.0168116 0.0203787 0.0234298 0.0255622 0.0264871 0.0260969 0.0244899 0.021939 0.0188211 0.0155268 0.0123843 0.0096128 0.00731467 0.00549587 0.00410122 0.00304956
 1.02789e-16 6.91884e-06 4.05168e-05 0.000192407 0.000740455 0.00230876 0.00583247 0.0119393 0.0198105 0.0266651 0.0291754 0.0261117 0.019514 0.0130482 0.00943481 0.00944227 0.0126118 0.0182657 0.0258809 0.0349563 0.0448017 0.0544702 0.0628562 0.0689019 0.0718326 0.0713367 0.0676321 0.0613901 0.0535545 0.0451145 0.0369087 0.0295089 0.0231987 0.0180249 0.0138838 0.0106072
pSPR Fmed_Fpbrs
0.373727   0.427367 0.427367
Fs Fmed_Fpbrs
1.29658   1.005 1.005
SSBpbr Bo_Bmed_Bpbrs
794988  257359  300002 300002
Ro
20333
SPR SPRFo_SPRFmed_SPRFpbrs
418104 156257 178684
log_Ro
9.74
likeval ReclasPelacesDesembMPH_pf_preclas_ppelaces_ptallas_desvR_qrecl_qpela
 73.7224 18.6884 0.24433 0.000163502 341.339 192.134 85.9305 0 34.6667 4.43428e-05 0.000146968 0 0 0 0
q_reclas_q_pelaces
2.56925 5.61106
M
0.7
N
 12765.5 32413.2 10013.6 1286.79 0.15722
 31219.1 6169.92 13089 3641.33 464.157
 2648.49 14890.5 2251.62 4086.24 1266.03
 6961.74 1151.46 2676.56 241.823 551.838
 41473.4 3219.43 331.763 585.246 169.698
 14837.3 20201.8 1379.65 131.942 298.469
 63197.5 6415.54 3482.6 139.13 41.557
 59210.5 27891.1 1293.26 444.556 22.2448
 72345.8 25257.9 4335.6 111.593 38.4606
 128876 30414.5 3512.27 316.287 10.4004
 56453.8 57732.1 6871.75 532.41 47.995
 46571.9 24388 9883.7 685.771 55.5153
 54500.7 20237.2 4366.39 1055.19 75.9884
 29096.8 21409.1 1675.32 145.8 35.1709
 12994.6 9607.64 469.962 7.56989 0.72162
 10996.9 4246.44 194.811 1.88417 0.0292634
 7194.73 4493.85 475.411 10.2515 0.0949059
 8277.32 3058.72 680.686 39.4511 0.819041
 8436.38 3614.38 568.42 76.8674 4.37343
 11390.6 3759.17 784.074 81.0424 11.2074
 16515.9 4977.45 702.478 89.2867 10.1029
 20443.2 7726.36 1566.33 175.43 24.373
 33390.2 9479 2271.7 353.106 44.1098
 32574.2 15240.1 2470.69 427.105 72.7841
 2566.85 14851.4 3939.21 458.698 90.416
pred_Ctot
 245.445 4406.92 1962.84 257.991 0.0315578
 888.93 1197.35 3589.41 1019.81 130.134
 238.954 7232.16 1379.26 2535.39 786.044
 345.607 358.592 1128.37 103.782 237.046
 570.228 319.969 48.1232 86.9114 25.2312
 1390.44 10061.9 862.015 83.4715 188.943
 5091.48 2883.46 2004.93 81.2176 24.2761
 6055.97 14697.4 844.06 293.529 14.6963
 8058.73 14030 2944.62 76.6102 26.4181
 9128.13 12463.8 1874.22 171.336 5.63834
 5323.02 28870.9 4307.07 337.868 30.4769
 4217.28 11874 6066.11 426.31 34.5335
 8301.13 13346.9 3351.5 816.162 58.7979
 7177.28 17101 1451.54 126.814 30.5968
 3273 7722.6 408.711 6.60796 0.63004
 1416.3 2565.49 140.686 1.3734 0.0213406
 751.191 2398.91 313.358 6.8345 0.063309
 723.687 1454.46 410.023 24.078 0.500216
 626.953 1533.85 312.232 42.8452 2.43953
 990.567 1781.05 470.936 49.3219 6.82534
 690.556 1345.88 261.125 33.8258 3.83114
 978.234 2335.44 643.148 73.349 10.2
 1951.58 3359.74 1072 169.422 21.1821
 1927.68 5453.92 1175.58 206.61 35.2387
 171.969 5840.64 2030.88 240.184 47.3812
F
 0.0270565 0.206796 0.3116 0.319805 0.320232
 0.0403023 0.308035 0.464147 0.47637 0.477006
 0.132956 1.01619 1.5312 1.57152 1.57362
 0.0712235 0.54437 0.820255 0.841856 0.84298
 0.0192818 0.147373 0.222061 0.227909 0.228213
 0.138424 1.05799 1.59418 1.63616 1.63834
 0.117956 0.901554 1.35846 1.39423 1.3961
 0.15196 1.16145 1.75007 1.79615 1.79855
 0.166539 1.27288 1.91797 1.96848 1.9711
 0.103034 0.787501 1.1866 1.21785 1.21948
 0.139332 1.06493 1.60463 1.64689 1.64909
 0.133474 1.02016 1.53717 1.57765 1.57976
 0.234397 1.79152 2.69946 2.77055 2.77425
 0.408069 3.11892 4.69958 4.82334 4.82978
 0.418453 3.19828 4.81916 4.94608 4.95268
 0.194902 1.48966 2.24461 2.30372 2.3068
 0.155351 1.18736 1.78912 1.83623 1.83869
 0.128598 0.982892 1.48102 1.52002 1.52205
 0.108355 0.828173 1.24789 1.28075 1.28246
 0.127872 0.977339 1.47265 1.51143 1.51345
 0.0596852 0.456181 0.687372 0.705474 0.706416
 0.0685725 0.524107 0.789724 0.810521 0.811603
 0.0843352 0.644583 0.971257 0.996834 0.998165
 0.0854294 0.652947 0.983859 1.00977 1.01112
 0.0972124 0.743006 1.11956 1.14904 1.15058
YTP_r0W_actual
 1926.05 128494 67019 9871.56 2027.91
YTP_p0W_proyectada
 7490.76 8817.04 51874.9 12523 1873.42
 7490.76 52093.2 4438.28 12850.6 3080.45
CTP_r0_actual
 171.969 5840.64 2030.88 240.184 47.3812
CTP_p0_proyectada
 881.266 412.011 1662.66 307.69 40.2886
 881.266 2434.26 142.252 315.74 66.2462
Wmedp
 8.5 21.4 31.2 40.7 46.5
nmprior
 10.6 11 7 0
nm_flota  nm_reclas  nm_pelaces    nm_pelaL
inf 19.8318 14.3627 31.9454
cv_recla  cv_pelaces  cv_mph
0.776649 0.490184 0.414858
 ------------------------------------------------
Talla a la edad & desviaci?n 
 7.2 14.2025 17.0495 18.207 18.6776
 1.08 2.13037 2.55742 2.73105 2.80164
