years
 1997 1998 1999 2000 2001 2002 2003 2004 2005 2006 2007 2008 2009 2010 2011 2012 2013 2014 2015 2016 2017 2018 2019 2020 2021
reclasobs
 0 0 0 370054 412103 1.49427e+06 250295 1.28982e+06 931140 785840 897777 1.04006e+06 184774 17550 25797 100020 73551 82996 120727 218422 84188 347160 605670 569463 516374
reclaspred
 757262 168516 368558 196265 316923 390097 852152 622210 720062 839590 753973 514825 315193 127894 72267.2 70004.6 82756.6 105878 112802 148211 230009 223053 373111 436189 468045
pelacesobs
 0 0 0 0 0 0 0 0 0 2.06254e+06 1.5e+06 0 1.87456e+06 323000 250000 174000 83755 137374 0 501740 490994 745055 786931 1.00524e+06 1.33801e+06
pelacespred
 2.47038e+06 558936 603322 572916 873537 718610 2.31464e+06 1.77579e+06 1.99634e+06 2.33413e+06 1.67898e+06 1.19274e+06 781316 250872 154296 150400 183159 241502 245824 332550 609994 524102 689891 975448 944595
mphobs
 0 0 0 0 0 112323 0 153150 637223 0 255016 313432 73983 77613 109348 50772 0 0 0 0 0 0 0 0 0
mphpred
 275564 136411 130920 97349.3 100942 181366 240381 324492 291500 333273 393918 263238 162481 88962.9 38400.3 30005.8 33069.4 40883.7 48539.4 54035.8 81812 102941 125655 171361 212785
desembarqueobs
 350755 77701 442110 56441 14545 235359 269955 359681 431902 328805 639364 411747 362871 311530 167758 66681 60226 58785 57116 73181 50977 67692 138656 160484 209506
desembarquepred
 350744 77685 441904 56438.9 14545 235398 269987 359506 431783 328714 638870 411532 362668 311343 167431 66647.3 60230.2 58750.2 57079.3 73156.4 50973.5 67664.1 138630 160464 209477
Reclutas
 31195.6 42682.6 14354.2 21358.2 47067.6 29791.7 67174.1 66996.8 89221.2 122223 61245.4 46340.6 52165 27187.1 14055.8 12358.1 8650.48 9541.35 10476.6 16140.1 21380.2 26796.8 41822.2 44619.5 14019
log_desv_Rt
 0.0680324 0.381547 -0.708205 -0.310811 0.479339 0.0219837 0.835043 0.8324 1.11887 1.4336 0.742645 0.463773 0.582166 -0.0695031 -0.729207 -0.857935 -1.21463 -1.11661 -1.0231 -0.590935 -0.309781 -0.0839629 0.361183 0.425925 -0.731833
SSB
 544431 269506 258657 192333 199431 358324 474920 641099 575916 658446 778262 520078 321013 175764 75867.4 59282.4 65335.1 80773.7 95899.1 106758 161636 203379 248256 338557 420398
BT
 1.5089e+06 399666 532355 337175 442301 521196 1.35905e+06 1.2645e+06 1.39454e+06 1.46845e+06 1.37327e+06 952247 739235 410322 213188 128972 137973 166045 165977 221379 341078 310594 424446 599433 604617
Ftot
 0.569833 0.63603 1.23742 0.374444 0.0702224 0.647255 0.463043 0.77526 0.863091 0.569165 0.949228 0.937329 1.53454 2.68648 2.90157 1.24255 0.937184 0.727442 0.612202 0.663997 0.293753 0.36579 0.447885 0.453936 0.468309
BD_Bspro_t
 0.927292 0.659087 0.546423 0.308859 0.438875 0.639354 0.561889 0.59727 0.531969 0.51758 0.525207 0.356612 0.257423 0.176733 0.0947534 0.0911202 0.135071 0.216691 0.297383 0.37695 0.507386 0.62831 0.636023 0.636052 0.617977
BD_Bspro
 0.908474 0.449716 0.431613 0.32094 0.332785 0.597925 0.792484 1.06978 0.961013 1.09873 1.29866 0.867837 0.535664 0.293291 0.126598 0.0989226 0.109023 0.134785 0.160024 0.178144 0.269716 0.339373 0.414256 0.564939 0.701505
BD_Bo
 0.68696 0.340062 0.326373 0.242685 0.251642 0.452132 0.599252 0.808935 0.726688 0.830825 0.982007 0.656232 0.405052 0.221778 0.0957292 0.0748022 0.0824395 0.10192 0.121005 0.134707 0.203951 0.256623 0.313248 0.42719 0.530456
BD_Brms
 2.27464 1.126 1.08067 0.80357 0.833228 1.49709 1.98423 2.67852 2.40619 2.751 3.25159 2.17289 1.3412 0.734344 0.316976 0.247683 0.272971 0.337474 0.400668 0.446039 0.675317 0.849723 1.03722 1.4145 1.75643
S_f
 0.140298 1 1 1 1
 0.140298 1 1 1 1
 0.140298 1 1 1 1
 0.140298 1 1 1 1
 0.140298 1 1 1 1
 0.140298 1 1 1 1
 0.140298 1 1 1 1
 0.140298 1 1 1 1
 0.140298 1 1 1 1
 0.140298 1 1 1 1
 0.140298 1 1 1 1
 0.140298 1 1 1 1
 0.140298 1 1 1 1
 0.140298 1 1 1 1
 0.140298 1 1 1 1
 0.140298 1 1 1 1
 0.140298 1 1 1 1
 0.140298 1 1 1 1
 0.140298 1 1 1 1
 0.140298 1 1 1 1
 0.140298 1 1 1 1
 0.140298 1 1 1 1
 0.140298 1 1 1 1
 0.140298 1 1 1 1
 0.140298 1 1 1 1
Scru_reclas
 0.504192 0.836543 0.962626 0.992345 0.998469
 0.504192 0.836543 0.962626 0.992345 0.998469
 0.504192 0.836543 0.962626 0.992345 0.998469
 0.504192 0.836543 0.962626 0.992345 0.998469
 0.504192 0.836543 0.962626 0.992345 0.998469
 0.504192 0.836543 0.962626 0.992345 0.998469
 0.504192 0.836543 0.962626 0.992345 0.998469
 0.504192 0.836543 0.962626 0.992345 0.998469
 0.504192 0.836543 0.962626 0.992345 0.998469
 0.504192 0.836543 0.962626 0.992345 0.998469
 0.504192 0.836543 0.962626 0.992345 0.998469
 0.504192 0.836543 0.962626 0.992345 0.998469
 0.504192 0.836543 0.962626 0.992345 0.998469
 0.504192 0.836543 0.962626 0.992345 0.998469
 0.504192 0.836543 0.962626 0.992345 0.998469
 0.504192 0.836543 0.962626 0.992345 0.998469
 0.504192 0.836543 0.962626 0.992345 0.998469
 0.504192 0.836543 0.962626 0.992345 0.998469
 0.504192 0.836543 0.962626 0.992345 0.998469
 0.504192 0.836543 0.962626 0.992345 0.998469
 0.504192 0.836543 0.962626 0.992345 0.998469
 0.504192 0.836543 0.962626 0.992345 0.998469
 0.504192 0.836543 0.962626 0.992345 0.998469
 0.504192 0.836543 0.962626 0.992345 0.998469
 0.504192 0.836543 0.962626 0.992345 0.998469
Scru_pelaces
 0.85104 1 1 1 1
 0.85104 1 1 1 1
 0.85104 1 1 1 1
 0.85104 1 1 1 1
 0.85104 1 1 1 1
 0.85104 1 1 1 1
 0.85104 1 1 1 1
 0.85104 1 1 1 1
 0.85104 1 1 1 1
 0.85104 1 1 1 1
 0.85104 1 1 1 1
 0.85104 1 1 1 1
 0.85104 1 1 1 1
 0.85104 1 1 1 1
 0.85104 1 1 1 1
 0.85104 1 1 1 1
 0.85104 1 1 1 1
 0.85104 1 1 1 1
 0.85104 1 1 1 1
 0.85104 1 1 1 1
 0.85104 1 1 1 1
 0.85104 1 1 1 1
 0.85104 1 1 1 1
 0.85104 1 1 1 1
 0.85104 1 1 1 1
pf_obs 
 0.256992 0.487395 0.22802 0.0275931 0
 0.321318 0.546541 0.124235 0.00734118 0.000564706
 0.182869 0.594174 0.210203 0.0122559 0.00049798
 0.330522 0.361315 0.267642 0.0388342 0.00168674
 0.649043 0.306663 0.0425973 0.00169635 0
 0.582887 0.30429 0.105238 0.00758474 0
 0.465427 0.430635 0.0974691 0.00646863 0
 0.296916 0.608066 0.0921331 0.00288517 0
 0.311714 0.524322 0.152257 0.0117073 0
 0.15457 0.633149 0.183074 0.0267441 0.00246327
 0.131901 0.49318 0.331252 0.0422183 0.00144891
 0.196976 0.569456 0.194076 0.0375587 0.00193317
 0.518974 0.381816 0.0799577 0.0180837 0.00116848
 0.0928022 0.601141 0.25162 0.0475244 0.00691264
 0.122501 0.610282 0.24278 0.0234846 0.000952079
 0.383417 0.481906 0.127806 0.00687128 0
 0.0376549 0.599619 0.316969 0.0457579 0
 0.0361596 0.667082 0.258105 0.0386534 0
 0.158088 0.579412 0.248529 0.0139706 0
 0.0477256 0.309471 0.559284 0.082774 0.000745712
 0.0406174 0.521527 0.379366 0.0568643 0.0016247
 0.151134 0.462217 0.34131 0.0453401 0
 0.294876 0.26143 0.354403 0.0886775 0.000613685
 0.281977 0.475581 0.204845 0.0348837 0.00271318
 0.0841818 0.532909 0.334909 0.0458182 0.00218182
pf_pred 
 0.220046 0.540665 0.212939 0.026342 7.84738e-06
 0.276473 0.526744 0.13641 0.0537246 0.00664808
 0.110177 0.702652 0.136265 0.0352884 0.015618
 0.265007 0.462174 0.215433 0.0417788 0.0156079
 0.337383 0.500708 0.10181 0.0474566 0.0126415
 0.152128 0.669531 0.134764 0.0274019 0.0161752
 0.3453 0.41862 0.186423 0.0375235 0.0121335
 0.245631 0.622804 0.0841234 0.0374626 0.00997878
 0.304827 0.538807 0.129095 0.0174371 0.00983362
 0.307591 0.574388 0.0914748 0.0219167 0.00462982
 0.146523 0.689767 0.135806 0.0216279 0.00627654
 0.183429 0.54417 0.22015 0.0433446 0.00890616
 0.300361 0.505121 0.129628 0.0524428 0.0124468
 0.25529 0.651415 0.0673568 0.0172857 0.00865288
 0.304839 0.639394 0.0487804 0.00504393 0.00194238
 0.34754 0.616035 0.0335025 0.00255596 0.000366063
 0.222289 0.684115 0.088371 0.00480597 0.000419167
 0.260563 0.567631 0.15113 0.0195223 0.0011543
 0.250969 0.587411 0.124069 0.0330329 0.00451934
 0.314533 0.524201 0.126469 0.0267118 0.00808494
 0.27307 0.596546 0.0997097 0.0240559 0.00661877
 0.241711 0.573029 0.152031 0.0254112 0.00781752
 0.285352 0.522643 0.145096 0.0384956 0.00841381
 0.227974 0.602571 0.123927 0.0344046 0.011123
 0.0751536 0.670627 0.19842 0.0408077 0.0149917
pobs_RECLAS
 0 0 0 0 0
 0 0 0 0 0
 0 0 0 0 0
 0 0 0 0 0
 0.835266 0.146461 0.0176864 0.000547809 3.91292e-05
 0.385257 0.428462 0.181853 0.0044286 0
 0.867414 0.0963971 0.0333333 0.00285562 0
 0.441836 0.489002 0.0689373 0.000224442 0
 0.779404 0.147425 0.0564933 0.0165055 0.000172143
 0.814271 0.122319 0.05973 0.00367925 0
 0.40263 0.566651 0.0304383 0.000280538 0
 0.475488 0.404961 0.113038 0.00651328 0
 0.955842 0.0263864 0.0167828 0.000988607 0
 0.975058 0.0227948 0.00214734 0 0
 0.738997 0.206755 0.0527124 0.00153531 0
 0.850938 0.134255 0.0134407 0.00136685 0
 0.542534 0.407297 0.0501686 0 0
 0.764087 0.199537 0.0359546 0.000420521 0
 0.470689 0.182191 0.310203 0.0369168 0
 0.84361 0.089868 0.0606195 0.00523954 0.000663233
 0.607945 0.314616 0.071237 0.00620181 0
 0.523733 0.453247 0.0230204 0 0
 0.530135 0.295979 0.169645 0.0042399 0
 0.562478 0.366248 0.0663022 0.0049721 0
 0.250443 0.683176 0.0655157 0.000865301 0
ppred_RECLAS
 0.546614 0.300053 0.135986 0.0173417 5.19805e-06
 0.622467 0.263263 0.0784523 0.031852 0.00396582
 0.367165 0.483352 0.107864 0.0287958 0.0128232
 0.599771 0.237677 0.127486 0.0254866 0.00958013
 0.678518 0.233543 0.0546439 0.0262574 0.00703761
 0.439087 0.428504 0.0992491 0.0208036 0.0123561
 0.68864 0.188318 0.0965033 0.0200239 0.00651487
 0.591309 0.328026 0.0509851 0.0234061 0.00627308
 0.661577 0.253334 0.0698452 0.00972538 0.00551847
 0.659381 0.275105 0.0504154 0.0124521 0.00264669
 0.43732 0.44145 0.100015 0.0164198 0.00479453
 0.498437 0.317534 0.147824 0.030003 0.00620286
 0.675485 0.224131 0.0661876 0.0276037 0.00659192
 0.68097 0.273536 0.0325467 0.00861027 0.00433674
 0.743093 0.233387 0.0204891 0.002184 0.00084623
 0.719132 0.262933 0.0164545 0.0012941 0.000186484
 0.566532 0.374418 0.0556554 0.0031202 0.000273818
 0.607321 0.290959 0.0891427 0.0118706 0.000706206
 0.592806 0.308729 0.0750355 0.0205947 0.00283503
 0.666469 0.24588 0.0682616 0.0148628 0.00452634
 0.615002 0.307159 0.059078 0.0146932 0.00406765
 0.574463 0.309665 0.0945402 0.0162898 0.00504232
 0.62896 0.260187 0.08312 0.0227335 0.00499942
 0.558209 0.333069 0.0788246 0.0225589 0.00733827
 0.256685 0.516431 0.175827 0.0372776 0.0137793
pobs_PELACES
 0 0 0 0 0
 0 0 0 0 0
 0 0 0 0 0
 0 0 0 0 0
 0 0 0 0 0
 0 0 0 0 0
 0 0 0 0 0
 0 0 0 0 0
 0 0 0 0 0
 0 0 0 0 0
 0.450072 0.473896 0.0757376 0.000293798 0
 0 0 0 0 0
 0.463077 0.371075 0.160297 0.00555027 0
 0.529543 0.364841 0.0842815 0.0213345 0
 0.631943 0.363953 0.00410389 0 0
 0.735681 0.248677 0.0153453 0.000297389 0
 0.695825 0.281241 0.0229344 0 0
 0.275771 0.60734 0.115278 0.00161068 0
 0 0 0 0 0
 0.896147 0.0623911 0.0374545 0.00400742 0
 0.803859 0.145111 0.0509908 3.86294e-05 0
 0.739449 0.233085 0.0266225 0.000797448 4.60066e-05
 0.878498 0.100942 0.0204185 0.000141795 0
 0.694673 0.275183 0.0284847 0.00165964 0
 0.469039 0.446079 0.0841089 0.000773354 0
ppred_PELACES
 0.677004 0.223901 0.0881827 0.0109088 3.24977e-06
 0.744327 0.186135 0.0482032 0.0189847 0.00234923
 0.546116 0.358411 0.0695067 0.0180001 0.0079665
 0.713608 0.180087 0.0839438 0.0162792 0.00608165
 0.759752 0.181544 0.0369137 0.0172066 0.00458347
 0.578568 0.332788 0.0669839 0.01362 0.00803982
 0.790139 0.134187 0.0597571 0.012028 0.00388935
 0.723635 0.228166 0.0308188 0.0137245 0.00365575
 0.784993 0.166646 0.0399271 0.00539304 0.0030414
 0.767416 0.19294 0.0307269 0.00736195 0.00155518
 0.596754 0.325897 0.0641647 0.0102186 0.0029655
 0.658358 0.227673 0.0921078 0.0181348 0.00372621
 0.826039 0.125595 0.0322314 0.0130396 0.00309483
 0.868232 0.11526 0.011918 0.00305849 0.00153102
 0.904019 0.0882809 0.00673509 0.000696414 0.000268183
 0.838383 0.152595 0.00829872 0.000633123 9.06756e-05
 0.710299 0.254836 0.0329186 0.00179024 0.000156142
 0.735529 0.203022 0.0540539 0.00698244 0.000412853
 0.716681 0.222187 0.0469287 0.0124946 0.00170943
 0.779427 0.16868 0.0406957 0.00859546 0.00260161
 0.71605 0.23302 0.0389482 0.00939662 0.0025854
 0.687105 0.236451 0.0627331 0.0104855 0.00322577
 0.73921 0.190723 0.0529486 0.0140479 0.00307038
 0.677516 0.251701 0.0517658 0.0143712 0.0046462
 0.367579 0.458583 0.135682 0.0279048 0.0102515
pobs_pel_tallas
 0 0 0 0 0 0 0 0 0 0 0 0 0 0 0 0 0 0 0 0 0 0 0 0 0 0 0 0 0 0 0 0 0 0 0 0
 0 0 0 0 0 0 0 0 0 0 0 0 0 0 0 0 0 0 0 0 0 0 0 0 0 0 0 0 0 0 0 0 0 0 0 0
 0 0 0 0 0 0 0 0 0 0 0 0 0 0 0 0 0 0 0 0 0 0 0 0 0 0 0 0 0 0 0 0 0 0 0 0
 0 0 0 0 0 0 0 0 0 0 0 0 0 0 0 0 0 0 0 0 0 0 0 0 0 0 0 0 0 0 0 0 0 0 0 0
 0 0 0 0 0 0 0 0 0 0 0 0 0 0 0 0 0 0 0 0 0 0 0 0 0 0 0 0 0 0 0 0 0 0 0 0
 0 0 0 0 0 0 0 0 0 0 0 0 0 0 0 0 0 0 0 0 0 0 0 0 0 0 0 0 0 0 0 0 0 0 0 0
 0 0 0 0 0 0 0 0 0 0 0 0 0 0 0 0 0 0 0 0 0 0 0 0 0 0 0 0 0 0 0 0 0 0 0 0
 0 0 0 0 0 0 0 0 0 0 0 0 0 0 0 0 0 0 0 0 0 0 0 0 0 0 0 0 0 0 0 0 0 0 0 0
 0 0 0 0 0 0 0 0 0 0 0 0 0 0 0 0 0 0 0 0 0 0 0 0 0 0 0 0 0 0 0 0 0 0 0 0
 0 0 0 0 0 0 0 0 0 0 0 0 0 0 0 0 0 0 0 0 0 0 0 0 0 0 0 0 0 0 0 0 0 0 0 0
 0 0 0 0 0 0 0 0 1.78061e-05 0.00172719 0.00360574 0.0105946 0.0120993 0.0124554 0.0147524 0.0171206 0.0266825 0.0428682 0.0675386 0.121331 0.153587 0.119568 0.100827 0.0573624 0.0630603 0.0341343 0.0324427 0.0444173 0.0211091 0.0280891 0.0125444 0.00206551 0 0 0 0
 0 0 0 0 0 0 0 0 0 0 0 0 0 0 0 0 0 0 0 0 0 0 0 0 0 0 0 0 0 0 0 0 0 0 0 0
 0 0 0 0 0 0 0.0133647 0.0140871 0.0187388 0.0205184 0.03894 0.0496705 0.03968 0.0493445 0.0407372 0.0367815 0.0215668 0.0243155 0.0234873 0.0199281 0.019796 0.0243948 0.0301388 0.0376714 0.0412746 0.0863199 0.0771752 0.113111 0.0741005 0.0525337 0.0229764 0.00759418 0.00175318 0 0 0
 0 0 0 0 0 0 0 0 0 0 0.00219441 0.00772107 0.0458388 0.0604681 0.0671733 0.0775358 0.0609151 0.0617685 0.073594 0.0568108 0.0755445 0.0548602 0.0670107 0.0636378 0.0643287 0.046367 0.0373049 0.0286899 0.0247887 0.0153202 0.00654259 0.00121912 0.000365735 0 0 0
 0 0 0 0 0 0 0 0 0 0 0 0 0.000112435 0.00938835 0.0111873 0.0202946 0.0414886 0.0713402 0.111592 0.104902 0.108894 0.110636 0.117776 0.105296 0.107544 0.0401394 0.0192827 0.0124803 0.00416011 0.0028671 0.000618394 0 0 0 0 0
 0 0 0 0 0 0 0 0 0 0 0.00291406 0.0102884 0.027416 0.0768956 0.0749926 0.110853 0.0956884 0.0897413 0.0766577 0.0534642 0.0500743 0.0551293 0.0594112 0.0620874 0.0668451 0.0424026 0.0208742 0.0120726 0.0048766 0.00582813 0.00118941 0.000297354 0 0 0 0
 0 0.00264628 0.0354308 0.0461629 0.0458689 0.0383711 0.0214643 0.0164657 0.0346957 0.0420465 0.0363128 0.0245516 0.0311673 0.0291091 0.0169068 0.0133784 0.00837989 0.0085269 0.0148486 0.0160247 0.0276389 0.0546898 0.0760071 0.122758 0.109233 0.0665981 0.0333725 0.0166128 0.00676272 0.00308733 0.000882094 0 0 0 0 0
 0 0 0 0 0 0 0 0.000805153 0.000690131 0.00759144 0.0133425 0.0154129 0.00931677 0.000345066 0.00356568 0.00563607 0.00851162 0.0253048 0.0502646 0.0516448 0.0657925 0.0565908 0.0611916 0.0827007 0.0866115 0.110766 0.145733 0.0935128 0.0569358 0.0249597 0.0138026 0.00621118 0.00161031 0.00115022 0 0
 0 0 0 0 0 0 0 0 0 0 0 0 0 0 0 0 0 0 0 0 0 0 0 0 0 0 0 0 0 0 0 0 0 0 0 0
 0.00147267 0.00158595 0.00478618 0.00569244 0.00954404 0.0108468 0.00647125 0.017049 0.0510054 0.094081 0.124002 0.0959785 0.0687766 0.0820023 0.061753 0.0591476 0.0492212 0.0479892 0.0443925 0.0268479 0.0217502 0.0140895 0.0121071 0.0120363 0.00920419 0.00665534 0.0049561 0.00860946 0.00930331 0.0156896 0.0114698 0.00855282 0.00243557 0.00046729 0 2.83206e-05
 0 0 0 0 0.000772559 0.00158375 0.000888443 0.00281984 0.00712685 0.0440552 0.0773331 0.111326 0.0921469 0.0852325 0.0710754 0.0886704 0.0786465 0.0553345 0.0373146 0.0185414 0.00753245 0.00457741 0.012979 0.0271748 0.0457355 0.0583668 0.034881 0.0177882 0.00938659 0.00492506 0.0015258 0.00185414 0.000309023 5.79419e-05 3.86279e-05 0
 0 0.00173294 0.00326652 0 0.00397197 0.00683976 0.00946217 0.0152591 0.00757587 0.0136028 0.0228656 0.0392903 0.0559909 0.0764795 0.0681675 0.0726916 0.0566044 0.0477403 0.0527397 0.0444891 0.0609904 0.0582453 0.0661739 0.0445044 0.0529084 0.0360697 0.0280645 0.0235558 0.0158879 0.00826598 0.00280645 0.00217768 0.000904811 0.00058276 9.20147e-05 0
 0 0 0 0 0 0 0 0 0 0 0 0 0 0 0 0 0 0 0 0 0 0 0 0 0 0 0 0 0 0 0 0 0 0 0 0
 0 0 0 0 0 0 0 0 0 0 0 0 0 0 0 0 0 0 0 0 0 0 0 0 0 0 0 0 0 0 0 0 0 0 0 0
 0 0 0 0 0 0 0 0 0 0 0 0 0 0 0 0 0 0 0 0 0 0 0 0 0 0 0 0 0 0 0 0 0 0 0 0
ppred_pel_tallas
 1.017e-16 2.95425e-05 0.00017338 0.000824152 0.00317299 0.00989466 0.0249932 0.05114 0.0847723 0.113853 0.123912 0.109341 0.0783593 0.0459121 0.0226213 0.010545 0.00649417 0.00669883 0.00883752 0.0118588 0.0152724 0.0187137 0.0218143 0.0242228 0.0256705 0.026028 0.0253285 0.023747 0.0215474 0.0190156 0.016402 0.0138872 0.0115761 0.00951202 0.00770015 0.00612854
 1.01508e-16 3.24764e-05 0.000190609 0.000906067 0.0034884 0.0108783 0.0274776 0.056223 0.0931964 0.125161 0.136204 0.12015 0.0860253 0.0502413 0.0244508 0.0108864 0.00601034 0.00565305 0.00725358 0.00967284 0.0124196 0.0151705 0.0176175 0.0194731 0.0205235 0.0206747 0.0199696 0.0185696 0.0167071 0.0146274 0.0125388 0.0105842 0.00883676 0.00731409 0.00600105 0.00487045
 1.02095e-16 2.38405e-05 0.000139893 0.00066492 0.00255987 0.00798261 0.0201637 0.0412595 0.0683992 0.0918795 0.100039 0.0883755 0.0635535 0.0376783 0.0193849 0.0104115 0.00826082 0.00994289 0.0135844 0.0182601 0.023409 0.0284945 0.0329366 0.0361868 0.037843 0.0377413 0.0359894 0.0329277 0.0290351 0.0248126 0.0206826 0.0169304 0.013695 0.0109967 0.00878291 0.00697215
 1.02094e-16 3.11368e-05 0.000182745 0.000868679 0.00334445 0.0104293 0.0263437 0.0539029 0.0893506 0.119997 0.130586 0.115198 0.0824874 0.0481915 0.0234852 0.0105133 0.00589053 0.00562704 0.00727625 0.00975483 0.0125991 0.0155033 0.0181708 0.0203183 0.021725 0.0222773 0.0219872 0.020977 0.0194389 0.0175833 0.0155955 0.0136105 0.0117103 0.00993443 0.00829877 0.00681011
 1.01389e-16 3.31488e-05 0.000194557 0.000924838 0.00356068 0.0111036 0.0280469 0.0573878 0.0951268 0.127753 0.139022 0.12263 0.0877887 0.0512462 0.024893 0.0110028 0.0059593 0.00550186 0.00701373 0.00933301 0.0119635 0.0145849 0.0168959 0.018618 0.0195467 0.0195964 0.018817 0.0173748 0.0155046 0.013452 0.0114234 0.00955776 0.00792203 0.00652631 0.00534684 0.00434788
 1.01903e-16 2.52545e-05 0.000148197 0.000704404 0.0027119 0.00845672 0.0213612 0.0437095 0.0724594 0.0973292 0.105962 0.0935802 0.0672375 0.039744 0.0202299 0.0105152 0.00793321 0.0093013 0.0126332 0.0169669 0.02175 0.0264764 0.030606 0.0336287 0.0351702 0.0350773 0.0334493 0.0306013 0.026978 0.0230447 0.0191946 0.0156942 0.0126741 0.0101549 0.00808923 0.00640231
 1.01488e-16 3.4472e-05 0.000202329 0.000961797 0.003703 0.0115475 0.0291679 0.0596811 0.0989266 0.132852 0.144558 0.127484 0.0911991 0.0531077 0.0255564 0.0108881 0.00532147 0.00441347 0.00544737 0.00724324 0.0093402 0.0114827 0.0134446 0.0150143 0.0160283 0.0164037 0.0161518 0.0153666 0.0141941 0.0127936 0.0113048 0.0098291 0.00842695 0.00712645 0.00593705 0.00486116
 1.01155e-16 3.15758e-05 0.000185318 0.000880904 0.00339151 0.0105761 0.0267144 0.0546617 0.0906096 0.121691 0.132439 0.116854 0.0837203 0.0490059 0.0240559 0.0110593 0.00659362 0.00661505 0.00862887 0.0115019 0.0147074 0.0178624 0.0205903 0.022543 0.0234692 0.0232725 0.0220316 0.0199744 0.0174167 0.0146857 0.0120551 0.00970666 0.00772429 0.00611256 0.0048273 0.00380549
 1.00949e-16 3.42488e-05 0.000201017 0.00095555 0.00367893 0.0114724 0.0289784 0.0592935 0.0982851 0.131993 0.14363 0.126683 0.0906636 0.0528709 0.025582 0.0111367 0.00578876 0.00512883 0.00645182 0.00856437 0.010971 0.0133671 0.0154723 0.0170284 0.0178455 0.0178432 0.0170669 0.01567 0.0138712 0.0119012 0.00995604 0.00817068 0.00661394 0.00530078 0.00421263 0.00331691
 1.00825e-16 3.34834e-05 0.000196521 0.00093417 0.00359661 0.0112157 0.0283299 0.0579669 0.096087 0.129043 0.140428 0.123875 0.0886894 0.0517914 0.0251935 0.0111954 0.00614605 0.0057418 0.0073359 0.00974637 0.0124587 0.0151322 0.0174444 0.0190991 0.0198821 0.0197096 0.0186466 0.0168847 0.0146908 0.0123431 0.0100756 0.00804594 0.00632931 0.00493377 0.00382526 0.00295235
 1.01507e-16 2.60473e-05 0.000152851 0.000726534 0.00279711 0.00872244 0.0220324 0.0450827 0.0747353 0.100385 0.109284 0.0965037 0.0693153 0.0409266 0.0207474 0.0106466 0.00786492 0.00911297 0.0123399 0.0165584 0.0212121 0.0258003 0.0297919 0.0326862 0.0341171 0.0339362 0.032244 0.0293545 0.0257093 0.0217714 0.0179328 0.0144603 0.0114858 0.00903089 0.00704795 0.00546002
 1.02179e-16 2.87296e-05 0.000168608 0.000801461 0.00308563 0.00962221 0.024305 0.0497319 0.0824387 0.11072 0.120505 0.10634 0.0762232 0.0446889 0.0220718 0.0103789 0.00651487 0.00681891 0.00903642 0.0121441 0.0156596 0.0192179 0.0224473 0.0249914 0.0265764 0.0270676 0.0264935 0.025024 0.0229183 0.020457 0.017885 0.0153784 0.0130394 0.0109112 0.00900198 0.00730585
 1.01092e-16 3.60369e-05 0.000211518 0.00100548 0.0038712 0.012072 0.0304929 0.062392 0.10342 0.138884 0.151117 0.133258 0.0953071 0.0554536 0.0265979 0.0111796 0.00523527 0.00411004 0.00495716 0.00654222 0.00839043 0.0102501 0.0119073 0.0131678 0.0138872 0.0140021 0.0135413 0.0126133 0.011374 0.00998783 0.00859411 0.00728789 0.0061174 0.00509375 0.00420634 0.00343696
 1.00384e-16 3.78763e-05 0.000222318 0.00105683 0.0040689 0.0126885 0.0320502 0.0655782 0.1087 0.145973 0.158826 0.140045 0.100136 0.0582127 0.0278254 0.0115286 0.00514491 0.0037716 0.00440987 0.00576214 0.00733762 0.00888879 0.0102148 0.0111385 0.0115342 0.0113562 0.0106486 0.00953211 0.00817241 0.00674072 0.00538001 0.00418507 0.00319892 0.00242217 0.00182878 0.00138171
 1.00161e-16 3.94357e-05 0.000231475 0.00110037 0.00423656 0.0132114 0.0333707 0.06828 0.113178 0.151983 0.165358 0.145785 0.104201 0.0604945 0.0287639 0.011654 0.00480088 0.00308938 0.00339575 0.00438107 0.00556237 0.00672409 0.00770725 0.00837552 0.00863348 0.00844779 0.0078551 0.00695129 0.005867 0.00473703 0.00367389 0.00275203 0.00200488 0.00143198 0.00101114 0.00071091
 1.00194e-16 3.65762e-05 0.000214682 0.00102052 0.00392909 0.0122525 0.0309488 0.0633251 0.104967 0.140963 0.153385 0.13527 0.0967717 0.0563575 0.0271272 0.0115646 0.00565252 0.00466718 0.00571096 0.00751088 0.00955236 0.0115379 0.0132063 0.0143244 0.0147287 0.0143637 0.0132958 0.0116941 0.009788 0.00781353 0.00596722 0.00437857 0.00310474 0.00214299 0.00145212 0.000974431
 1.0062e-16 3.09954e-05 0.000181908 0.000864687 0.00332906 0.0103813 0.0262225 0.0536554 0.0889425 0.119455 0.130012 0.11473 0.0822356 0.0482115 0.0238048 0.0111767 0.00698025 0.00725323 0.00954478 0.0127265 0.0162496 0.0196924 0.0226328 0.0246805 0.0255552 0.0251529 0.0235687 0.0210679 0.0180164 0.0147948 0.0117231 0.00901628 0.0067759 0.00500944 0.00366423 0.00266131
 1.01093e-16 3.20935e-05 0.000188359 0.000895368 0.0034472 0.0107498 0.0271531 0.0555592 0.0920965 0.123686 0.134603 0.118748 0.085045 0.0497157 0.0242827 0.01096 0.0062597 0.00606629 0.00784815 0.0104701 0.013427 0.0163711 0.0189647 0.0208926 0.021921 0.0219489 0.021028 0.0193413 0.0171525 0.0147407 0.0123452 0.0101324 0.00818968 0.00654013 0.00516605 0.00403215
 1.01248e-16 3.12724e-05 0.000183537 0.000872438 0.00335891 0.0104744 0.0264576 0.0541363 0.0897386 0.120522 0.131165 0.115729 0.0829121 0.0485284 0.0238136 0.0109356 0.00650557 0.00652006 0.00851172 0.0113634 0.0145601 0.0177297 0.0205052 0.0225446 0.0235966 0.0235573 0.0224906 0.0206048 0.0181944 0.0155686 0.0129892 0.0106346 0.00859371 0.00688264 0.00547261 0.00431658
 1.0105e-16 3.40062e-05 0.000199592 0.000948777 0.00365285 0.0113911 0.028773 0.0588732 0.0975886 0.131058 0.142614 0.125788 0.0900276 0.0525088 0.0254233 0.011096 0.00580895 0.00518549 0.00654035 0.008688 0.0111343 0.013573 0.0157213 0.017318 0.0181707 0.0181973 0.0174425 0.0160597 0.0142682 0.0122987 0.0103479 0.00855053 0.00697525 0.0056372 0.00451844 0.00358765
 1.01073e-16 3.12453e-05 0.000183377 0.000871675 0.00335597 0.0104653 0.0264345 0.054089 0.0896605 0.120418 0.131054 0.115636 0.082858 0.048521 0.0238549 0.0110294 0.00666198 0.00675404 0.00883805 0.0117905 0.0150841 0.0183302 0.0211435 0.0231669 0.0241409 0.0239632 0.0227105 0.0206119 0.0179874 0.0151708 0.0124431 0.00999351 0.00791303 0.00621212 0.00485123 0.00377024
 1.01479e-16 2.99833e-05 0.000175968 0.00083645 0.00322034 0.0100423 0.0253662 0.0519032 0.0860376 0.115553 0.125764 0.110978 0.0795398 0.0466182 0.0229952 0.0107611 0.0066793 0.00692144 0.00912559 0.0122145 0.0156761 0.0191241 0.0221696 0.0244465 0.0256831 0.0257611 0.0247393 0.0228289 0.0203336 0.0175747 0.0148269 0.0122804 0.0100342 0.00811364 0.006498 0.00514768
 1.01441e-16 3.22535e-05 0.0001893 0.000899842 0.00346443 0.0108035 0.0272888 0.0558367 0.0925562 0.124302 0.13527 0.11933 0.0854458 0.0499183 0.0243225 0.0108784 0.00607548 0.0057749 0.00743369 0.00991842 0.0127359 0.0155569 0.0180652 0.0199655 0.0210375 0.0211834 0.0204466 0.0189918 0.0170577 0.0148972 0.0127259 0.0106931 0.00887681 0.00729799 0.00594295 0.00478456
 1.01528e-16 2.95658e-05 0.000173515 0.000824787 0.00317543 0.00990225 0.0250124 0.0511795 0.0848386 0.113945 0.124017 0.109446 0.0784637 0.0460309 0.022786 0.0107974 0.00688045 0.00726408 0.00961758 0.0128689 0.0164946 0.0200877 0.0232353 0.0255512 0.0267516 0.0267192 0.025527 0.0234109 0.0207038 0.017755 0.0148591 0.0122162 0.00992466 0.00800071 0.00641032 0.00509963
 1.03514e-16 1.60597e-05 9.42028e-05 0.000447684 0.00172342 0.00537414 0.0135751 0.0277794 0.0460591 0.061891 0.0674418 0.0597076 0.0432189 0.0261886 0.0145164 0.00947663 0.00949399 0.0126355 0.0176599 0.0238725 0.0307139 0.0375404 0.043619 0.048242 0.0508771 0.0512852 0.0495653 0.0461084 0.0414836 0.0362957 0.0310623 0.0261437 0.0217311 0.0178797 0.0145621 0.0117186
pSPR Fmed_Fpbrs
0.444908   0.352008 0.352008
Fs Fmed_Fpbrs
0.673163   1.005 1.005
SSBpbr Bo_Bmed_Bpbrs
792521  312973  239348 239348
Ro
29143.9
SPR SPRFo_SPRFmed_SPRFpbrs
599280 266624 210951
log_Ro
10.1
likeval ReclasPelacesDesembMPH_pf_preclas_ppelaces_ptallas_desvR_qrecl_qpela
 67.0583 14.0104 0.0370697 0.00018169 318.158 187.631 80.7636 0 18.2258 6.88569e-07 9.4228e-05 0 0 0 0
q_reclas_q_pelaces
1.12478 3.979
M
0.7
N
 31195.6 13185.5 5193.05 642.415 0.191378
 42682.6 14301 3703.51 1458.61 180.494
 14354.2 19386.1 3759.55 973.606 430.901
 21358.2 5992.04 2793.06 541.658 202.355
 47067.6 10063.4 2046.21 953.795 254.071
 29791.7 23143.9 4658.43 947.209 559.133
 67174.1 13509.9 6016.33 1210.97 391.578
 66996.8 31259.5 4222.29 1880.3 500.851
 89221.2 29840.8 7149.65 965.718 544.616
 122223 39253 6251.28 1497.76 316.396
 61245.4 56035.9 11032.7 1757.02 509.899
 46340.6 26621.4 10770 2120.47 435.699
 52165 20176.4 5177.83 2094.75 497.171
 27187.1 20886.8 2159.71 554.243 277.444
 14055.8 9261.19 706.552 73.058 28.134
 12358.1 4645.75 252.654 19.2754 2.76062
 8650.48 5155.07 665.91 36.2148 3.15859
 9541.35 3766.43 1002.8 129.538 7.6592
 10476.6 4278.38 903.65 240.594 32.9165
 16140.1 4774.34 1151.85 243.287 73.6362
 21380.2 7302.02 1220.5 294.457 81.0172
 26796.8 10188.4 2703.1 451.809 138.995
 41822.2 12641.2 3509.45 931.097 203.506
 44619.5 19503.4 4011.15 1113.58 360.018
 14019 20790.2 6151.24 1265.09 464.761
pred_Ctot
 1731.74 4254.99 1675.81 207.309 0.0617583
 2634 5018.36 1299.6 511.842 63.3372
 1661.77 10597.9 2055.25 532.246 235.563
 788.485 1375.12 640.984 124.306 46.4387
 332.038 492.776 100.197 46.7048 12.4412
 1869.65 8228.52 1656.24 336.768 198.793
 3050.03 3697.67 1646.68 331.444 107.175
 4996.95 12669.9 1711.35 762.113 203.002
 7369.06 13025.4 3120.8 421.533 237.723
 6777.19 12655.6 2015.48 482.894 102.009
 5534.33 26053.2 5129.51 816.906 237.071
 4137.97 12275.9 4966.35 977.808 200.913
 7357.18 12372.7 3175.18 1284.56 304.879
 6273.9 16008.9 1655.33 424.805 212.65
 3460.17 7257.64 553.698 57.2527 22.0476
 1436.17 2545.7 138.445 10.5622 1.51272
 772.329 2376.91 307.039 16.698 1.45637
 669.692 1458.91 388.43 50.1757 2.96676
 623.21 1458.67 308.089 82.0278 11.2225
 1038.05 1730.02 417.383 88.1567 26.6827
 622.288 1359.44 227.224 54.82 15.0832
 966.913 2292.28 608.168 101.652 31.2723
 1838.48 3367.3 934.83 248.021 54.2088
 1987.2 5252.49 1080.25 299.898 96.9567
 643.561 5742.77 1699.12 349.448 128.378
F
 0.0799468 0.569833 0.569833 0.569833 0.569833
 0.0892341 0.63603 0.63603 0.63603 0.63603
 0.173608 1.23742 1.23742 1.23742 1.23742
 0.052534 0.374444 0.374444 0.374444 0.374444
 0.0098521 0.0702224 0.0702224 0.0702224 0.0702224
 0.0908089 0.647255 0.647255 0.647255 0.647255
 0.0649642 0.463043 0.463043 0.463043 0.463043
 0.108768 0.77526 0.77526 0.77526 0.77526
 0.12109 0.863091 0.863091 0.863091 0.863091
 0.0798529 0.569165 0.569165 0.569165 0.569165
 0.133175 0.949228 0.949228 0.949228 0.949228
 0.131506 0.937329 0.937329 0.937329 0.937329
 0.215293 1.53454 1.53454 1.53454 1.53454
 0.376909 2.68648 2.68648 2.68648 2.68648
 0.407085 2.90157 2.90157 2.90157 2.90157
 0.174328 1.24255 1.24255 1.24255 1.24255
 0.131485 0.937184 0.937184 0.937184 0.937184
 0.102059 0.727442 0.727442 0.727442 0.727442
 0.085891 0.612202 0.612202 0.612202 0.612202
 0.0931578 0.663997 0.663997 0.663997 0.663997
 0.0412132 0.293753 0.293753 0.293753 0.293753
 0.0513198 0.36579 0.36579 0.36579 0.36579
 0.0628376 0.447885 0.447885 0.447885 0.447885
 0.0636865 0.453936 0.453936 0.453936 0.453936
 0.065703 0.468309 0.468309 0.468309 0.468309
YTP_r0W_actual
 7207.88 126341 56071 14362.3 5494.59
YTP_p0W_proyectada
 16199.3 67283 97261.2 37539 11562.9
 16199.3 88969.6 17830.9 23062.6 9213.05
CTP_r0_actual
 643.561 5742.77 1699.12 349.448 128.378
CTP_p0_proyectada
 1905.79 3144.07 3117.35 922.335 248.664
 1905.79 4157.46 571.504 566.648 198.13
Wmedp
 8.5 21.4 31.2 40.7 46.5
nmprior
 10.6 11 7 0
nm_flota  nm_reclas  nm_pelaces    nm_pelaL
inf 27.2343 14.7041 32.9359
cv_recla  cv_pelaces  cv_mph
0.740715 0.424422 0.437324
 ------------------------------------------------
Talla a la edad & desviaci?n 
 7.2 14.2025 17.0495 18.207 18.6776
 1.08 2.13037 2.55742 2.73105 2.80164
