    unsorted:	 2.131789130e-06 5.924090147e-07 4.218413739e-05 0.0008999967911 0.009017844081 1.967314243 47.88350669 58.65677082 74.15969441 110.8517455 182.6071162 323.0504286 407.2798155 498.0254368 684.5176157 768.6115107 816.6254766 878.0163801 973.9819852 1076.479456 1222.644845 1328.902052 1570.785964 1813.667501 2088.897187 2344.076502 2629.157141 2761.776263 2982.193162 3367.372190 3858.995153 4134.492097 4440.888485 4809.909240 5054.286040 5592.004710 5854.865460 6127.554516 6501.083203 420414.5999 412488.8811 430624.2211 448728.3492 363581.7784 371474.8915 334412.6693 477921.8465 298270.3450 274175.9040 511429.9611 196501.0159 553144.9805 591247.5839 668345.0664 759742.3298 854596.4561 1026318.878 1120420.731 1320766.663 1472080.817 1752194.668 1927476.585 2309192.504 2401823.506 2718875.487
      sorted:	 5.924090147e-07 2.131789130e-06 4.218413739e-05 0.0008999967911 0.009017844081 1.967314243 47.88350669 58.65677082 74.15969441 110.8517455 182.6071162 323.0504286 407.2798155 498.0254368 684.5176157 768.6115107 816.6254766 878.0163801 973.9819852 1076.479456 1222.644845 1328.902052 1570.785964 1813.667501 2088.897187 2344.076502 2629.157141 2761.776263 2982.193162 3367.372190 3858.995153 4134.492097 4440.888485 4809.909240 5054.286040 5592.004710 5854.865460 6127.554516 6501.083203 196501.0159 274175.9040 298270.3450 334412.6693 363581.7784 371474.8915 412488.8811 420414.5999 430624.2211 448728.3492 477921.8465 511429.9611 553144.9805 591247.5839 668345.0664 759742.3298 854596.4561 1026318.878 1120420.731 1320766.663 1472080.817 1752194.668 1927476.585 2309192.504 2401823.506 2718875.487
