years
 1997 1998 1999 2000 2001 2002 2003 2004 2005 2006 2007 2008 2009 2010 2011 2012 2013 2014 2015 2016 2017 2018 2019 2020 2021
reclasobs
 0 0 0 370054 412103 1.49427e+06 250295 1.28982e+06 931140 785840 897777 1.04006e+06 184774 17550 25797 100020 73551 82996 120727 218422 84188 347160 605670 569463 516374
reclaspred
 4.61949e+06 1.12654e+06 3.72808e+06 2.13119e+06 1.76819e+06 1.88518e+06 3.72573e+06 2.20862e+06 2.01035e+06 1.59945e+06 1.23551e+06 838613 497321 235257 166818 184132 252695 394787 468442 597522 848633 851469 1.53322e+06 2.13724e+06 3.38087e+06
pelacesobs
 0 0 0 0 0 0 0 0 0 2.06254e+06 1.5e+06 0 1.87456e+06 323000 250000 174000 83755 137374 0 501740 490994 745055 786931 1.00524e+06 1.33801e+06
pelacespred
 2.99326e+06 1.2474e+06 1.40726e+06 1.62556e+06 1.16021e+06 1.0201e+06 1.90062e+06 1.64375e+06 1.21723e+06 1.01406e+06 672219 463765 268353 104534 74322.2 92441.7 132367 208511 261946 323917 500145 518682 706943 1.16183e+06 1.81888e+06
mphobs
 0 0 0 0 0 112323 0 153150 637223 0 255016 313432 73983 77613 109348 50772 0 0 0 0 0 0 0 0 0
mphpred
 3.25573e+06 1.97223e+06 2.03645e+06 2.50059e+06 1.69263e+06 1.64496e+06 2.34034e+06 2.69497e+06 1.85029e+06 1.62233e+06 1.29302e+06 880977 556279 295949 150181 145256 188287 291425 397602 468346 641354 790072 1.01389e+06 1.58056e+06 2.54392e+06
desembarqueobs
 350755 77701 442110 56441 14545 235359 269955 359681 431902 328805 639364 411747 362871 311530 167758 66681 60226 58785 57116 73181 50977 67692 138656 160484 209506
desembarquepred
 350533 77554.9 441459 56335.2 14525 235270 270741 360111 432216 328874 639439 411180 362911 311942 167763 66636.1 60240.6 58806.6 57231.5 73352.5 51105.2 67865.5 138884 160674 209635
Reclutas
 165984 185839 77016.2 72620.2 97735.8 119239 183053 81680.9 125838 102510 73048.5 47938.8 44507.1 28785 22164.9 23868.9 22623.7 27502.3 30467.3 41831.8 68610.1 81582.7 154628 217750 176530
log_desv_Rt
 0.839646 0.952634 0.0717713 0.0129984 0.310023 0.508888 0.937533 0.130575 0.562754 0.357716 0.0188784 -0.40232 -0.476595 -0.912389 -1.17374 -1.09967 -1.15325 -0.957974 -0.855591 -0.538588 -0.0438051 0.129373 0.768778 1.1111 0.901244
SSB
 3.25573e+06 1.97223e+06 2.03645e+06 2.50059e+06 1.69263e+06 1.64496e+06 2.34034e+06 2.69497e+06 1.85029e+06 1.62233e+06 1.29302e+06 880977 556279 295949 150181 145256 188287 291425 397602 468346 641354 790072 1.01389e+06 1.58056e+06 2.54392e+06
BT
 8.21531e+06 2.52061e+06 3.31048e+06 3.18119e+06 2.34629e+06 2.18676e+06 4.81163e+06 3.65199e+06 3.07881e+06 2.43385e+06 2.00009e+06 1.3518e+06 939438 520101 326173 266876 359838 522298 593549 766548 1.21327e+06 1.1075e+06 1.62053e+06 2.73514e+06 4.11621e+06
Ftot
 0.0740619 0.0672185 0.115246 0.0258641 0.00804576 0.121427 0.0709388 0.15826 0.208116 0.199106 0.48997 0.465072 0.679728 1.17031 0.920564 0.347312 0.230614 0.144812 0.118917 0.119503 0.058831 0.0777675 0.0883359 0.073384 0.0605596
BD_Bspro_t
 0.989301 0.935343 0.909297 0.848752 0.866236 0.893876 0.865813 0.865164 0.789489 0.729197 0.662707 0.49918 0.390554 0.28129 0.178858 0.201418 0.315118 0.498111 0.630816 0.718164 0.794101 0.862658 0.87223 0.884677 0.900471
BD_Bspro
 2.20879 1.33802 1.38159 1.69648 1.14833 1.11599 1.58776 1.82835 1.25529 1.10064 0.877221 0.597681 0.377397 0.200781 0.101887 0.098546 0.127739 0.197711 0.269745 0.31774 0.435114 0.536009 0.687853 1.0723 1.72587
BD_Bo
 1.76227 1.06753 1.1023 1.35353 0.916194 0.890388 1.26679 1.45874 1.00153 0.878141 0.699887 0.476858 0.301104 0.160192 0.0812905 0.0786245 0.101916 0.157743 0.215215 0.253507 0.347154 0.427652 0.548801 0.855531 1.37698
BD_Brms
 8.57157 5.19241 5.3615 6.58347 4.45631 4.33079 6.16157 7.09523 4.87137 4.27122 3.4042 2.3194 1.46455 0.779163 0.395392 0.382424 0.495714 0.767253 1.04679 1.23304 1.68853 2.08007 2.66933 4.16124 6.69753
S_f
 0.5 1 1 1 1
 0.5 1 1 1 1
 0.5 1 1 1 1
 0.5 1 1 1 1
 0.5 1 1 1 1
 0.5 1 1 1 1
 0.5 1 1 1 1
 0.5 1 1 1 1
 0.5 1 1 1 1
 0.5 1 1 1 1
 0.5 1 1 1 1
 0.5 1 1 1 1
 0.5 1 1 1 1
 0.5 1 1 1 1
 0.5 1 1 1 1
 0.5 1 1 1 1
 0.5 1 1 1 1
 0.5 1 1 1 1
 0.5 1 1 1 1
 0.5 1 1 1 1
 0.5 1 1 1 1
 0.5 1 1 1 1
 0.5 1 1 1 1
 0.5 1 1 1 1
 0.5 1 1 1 1
Scru_reclas
 0.5 1 1 1 1
 0.5 1 1 1 1
 0.5 1 1 1 1
 0.5 1 1 1 1
 0.5 1 1 1 1
 0.5 1 1 1 1
 0.5 1 1 1 1
 0.5 1 1 1 1
 0.5 1 1 1 1
 0.5 1 1 1 1
 0.5 1 1 1 1
 0.5 1 1 1 1
 0.5 1 1 1 1
 0.5 1 1 1 1
 0.5 1 1 1 1
 0.5 1 1 1 1
 0.5 1 1 1 1
 0.5 1 1 1 1
 0.5 1 1 1 1
 0.5 1 1 1 1
 0.5 1 1 1 1
 0.5 1 1 1 1
 0.5 1 1 1 1
 0.5 1 1 1 1
 0.5 1 1 1 1
Scru_pelaces
 0.5 1 1 1 1
 0.5 1 1 1 1
 0.5 1 1 1 1
 0.5 1 1 1 1
 0.5 1 1 1 1
 0.5 1 1 1 1
 0.5 1 1 1 1
 0.5 1 1 1 1
 0.5 1 1 1 1
 0.5 1 1 1 1
 0.5 1 1 1 1
 0.5 1 1 1 1
 0.5 1 1 1 1
 0.5 1 1 1 1
 0.5 1 1 1 1
 0.5 1 1 1 1
 0.5 1 1 1 1
 0.5 1 1 1 1
 0.5 1 1 1 1
 0.5 1 1 1 1
 0.5 1 1 1 1
 0.5 1 1 1 1
 0.5 1 1 1 1
 0.5 1 1 1 1
 0.5 1 1 1 1
pf_obs 
 0.256992 0.487395 0.22802 0.0275931 0
 0.321318 0.546541 0.124235 0.00734118 0.000564706
 0.182869 0.594174 0.210203 0.0122559 0.00049798
 0.330522 0.361315 0.267642 0.0388342 0.00168674
 0.649043 0.306663 0.0425973 0.00169635 0
 0.582887 0.30429 0.105238 0.00758474 0
 0.465427 0.430635 0.0974691 0.00646863 0
 0.296916 0.608066 0.0921331 0.00288517 0
 0.311714 0.524322 0.152257 0.0117073 0
 0.15457 0.633149 0.183074 0.0267441 0.00246327
 0.131901 0.49318 0.331252 0.0422183 0.00144891
 0.196976 0.569456 0.194076 0.0375587 0.00193317
 0.518974 0.381816 0.0799577 0.0180837 0.00116848
 0.0928022 0.601141 0.25162 0.0475244 0.00691264
 0.122501 0.610282 0.24278 0.0234846 0.000952079
 0.383417 0.481906 0.127806 0.00687128 0
 0.0376549 0.599619 0.316969 0.0457579 0
 0.0361596 0.667082 0.258105 0.0386534 0
 0.158088 0.579412 0.248529 0.0139706 0
 0.0477256 0.309471 0.559284 0.082774 0.000745712
 0.0406174 0.521527 0.379366 0.0568643 0.0016247
 0.151134 0.462217 0.34131 0.0453401 0
 0.294876 0.26143 0.354403 0.0886775 0.000613685
 0.281977 0.475581 0.204845 0.0348837 0.00271318
 0.0841818 0.532909 0.334909 0.0458182 0.00218182
pf_pred 
 0.499091 0.252165 0.125221 0.0621831 0.0613396
 0.443203 0.373319 0.0923658 0.0458675 0.0452452
 0.214919 0.485698 0.200729 0.0496641 0.0489903
 0.267624 0.26459 0.2894 0.119604 0.0587827
 0.368325 0.267837 0.131446 0.143772 0.0886208
 0.405631 0.320316 0.116202 0.0570281 0.100824
 0.494115 0.296198 0.113004 0.0409948 0.0556887
 0.242857 0.504155 0.148125 0.0565121 0.0483503
 0.413485 0.235513 0.23372 0.0686689 0.0486129
 0.362818 0.381922 0.102499 0.101718 0.0510427
 0.323998 0.369467 0.183734 0.0493098 0.07349
 0.32812 0.352986 0.174291 0.0866741 0.0579291
 0.416589 0.308122 0.144629 0.0714124 0.0592483
 0.420122 0.369028 0.111358 0.0522702 0.0472219
 0.529512 0.318239 0.0968899 0.0292375 0.026122
 0.580612 0.314109 0.0712112 0.0216807 0.0123876
 0.473441 0.396916 0.0970979 0.0220129 0.0105313
 0.482431 0.340369 0.133572 0.0326759 0.0109519
 0.448232 0.364239 0.123325 0.048397 0.0158076
 0.485586 0.322485 0.126698 0.042898 0.0223332
 0.540111 0.30414 0.0976387 0.0383604 0.01975
 0.469206 0.374124 0.103611 0.0332623 0.0197963
 0.565618 0.279635 0.109072 0.0302066 0.0154687
 0.522802 0.347165 0.0837088 0.0326507 0.0136729
 0.372251 0.433809 0.141093 0.0340205 0.0188266
pobs_RECLAS
 0 0 0 0 0
 0 0 0 0 0
 0 0 0 0 0
 0 0 0 0 0
 0.835266 0.146461 0.0176864 0.000547809 3.91292e-05
 0.385257 0.428462 0.181853 0.0044286 0
 0.867414 0.0963971 0.0333333 0.00285562 0
 0.441836 0.489002 0.0689373 0.000224442 0
 0.779404 0.147425 0.0564933 0.0165055 0.000172143
 0.814271 0.122319 0.05973 0.00367925 0
 0.40263 0.566651 0.0304383 0.000280538 0
 0.475488 0.404961 0.113038 0.00651328 0
 0.955842 0.0263864 0.0167828 0.000988607 0
 0.975058 0.0227948 0.00214734 0 0
 0.738997 0.206755 0.0527124 0.00153531 0
 0.850938 0.134255 0.0134407 0.00136685 0
 0.542534 0.407297 0.0501686 0 0
 0.764087 0.199537 0.0359546 0.000420521 0
 0.470689 0.182191 0.310203 0.0369168 0
 0.84361 0.089868 0.0606195 0.00523954 0.000663233
 0.607945 0.314616 0.071237 0.00620181 0
 0.523733 0.453247 0.0230204 0 0
 0.530135 0.295979 0.169645 0.0042399 0
 0.562478 0.366248 0.0663022 0.0049721 0
 0.250443 0.683176 0.0655157 0.000865301 0
ppred_RECLAS
 0.499668 0.251874 0.125077 0.0621115 0.0612688
 0.443717 0.372974 0.0922805 0.0458251 0.0452035
 0.21555 0.485307 0.200568 0.0496241 0.0489509
 0.267774 0.264535 0.289341 0.119579 0.0587706
 0.368379 0.267814 0.131435 0.143759 0.0886131
 0.406586 0.319801 0.116015 0.0569365 0.100662
 0.494666 0.295875 0.112881 0.0409502 0.055628
 0.24384 0.503501 0.147933 0.0564388 0.0482875
 0.415265 0.234798 0.233011 0.0684605 0.0484654
 0.36443 0.380956 0.102239 0.101461 0.0509137
 0.3287 0.366898 0.182456 0.0489669 0.0729789
 0.332535 0.350667 0.173146 0.0861046 0.0575485
 0.424738 0.303818 0.142609 0.0704148 0.0584207
 0.438207 0.357519 0.107885 0.05064 0.0457492
 0.542357 0.309551 0.0942447 0.0284392 0.0254089
 0.583941 0.311615 0.0706458 0.0215086 0.0122893
 0.475507 0.39536 0.0967171 0.0219266 0.01049
 0.483636 0.339576 0.133261 0.0325998 0.0109264
 0.449189 0.363607 0.123111 0.048313 0.0157802
 0.486558 0.321876 0.126459 0.0428169 0.022291
 0.54056 0.303843 0.0975434 0.038323 0.0197308
 0.469813 0.373697 0.103492 0.0332243 0.0197737
 0.566304 0.279193 0.1089 0.0301588 0.0154443
 0.523373 0.34675 0.0836087 0.0326117 0.0136565
 0.372687 0.433508 0.140995 0.0339969 0.0188136
pobs_PELACES
 0 0 0 0 0
 0 0 0 0 0
 0 0 0 0 0
 0 0 0 0 0
 0 0 0 0 0
 0 0 0 0 0
 0 0 0 0 0
 0 0 0 0 0
 0 0 0 0 0
 0 0 0 0 0
 0.450072 0.473896 0.0757376 0.000293798 0
 0 0 0 0 0
 0.463077 0.371075 0.160297 0.00555027 0
 0.529543 0.364841 0.0842815 0.0213345 0
 0.631943 0.363953 0.00410389 0 0
 0.735681 0.248677 0.0153453 0.000297389 0
 0.695825 0.281241 0.0229344 0 0
 0.275771 0.60734 0.115278 0.00161068 0
 0 0 0 0 0
 0.896147 0.0623911 0.0374545 0.00400742 0
 0.803859 0.145111 0.0509908 3.86294e-05 0
 0.739449 0.233085 0.0266225 0.000797448 4.60066e-05
 0.878498 0.100942 0.0204185 0.000141795 0
 0.694673 0.275183 0.0284847 0.00165964 0
 0.469039 0.446079 0.0841089 0.000773354 0
ppred_PELACES
 0.502723 0.250336 0.124313 0.0617322 0.0608947
 0.446456 0.371138 0.0918261 0.0455995 0.0449809
 0.218783 0.483307 0.199741 0.0494196 0.0487492
 0.268612 0.264233 0.28901 0.119442 0.0587034
 0.368688 0.267683 0.13137 0.143689 0.0885698
 0.411429 0.317191 0.115068 0.0564718 0.0998404
 0.497592 0.294162 0.112228 0.040713 0.0553059
 0.248687 0.500273 0.146984 0.056077 0.047978
 0.423627 0.23144 0.229679 0.0674815 0.0477723
 0.372072 0.376375 0.10101 0.100241 0.0503014
 0.346779 0.357017 0.177543 0.0476481 0.0710134
 0.34978 0.341606 0.168672 0.0838799 0.0560616
 0.452346 0.289237 0.135765 0.0670355 0.055617
 0.486168 0.326997 0.0986745 0.0463168 0.0418435
 0.579745 0.284261 0.0865452 0.0261158 0.023333
 0.597793 0.30124 0.0682937 0.0207925 0.0118801
 0.485005 0.3882 0.0949657 0.0215295 0.0103
 0.489605 0.335651 0.131721 0.032223 0.0108001
 0.454048 0.360399 0.122025 0.0478868 0.0156409
 0.491485 0.318787 0.125245 0.042406 0.0220771
 0.54297 0.302249 0.0970318 0.038122 0.0196273
 0.47301 0.371443 0.102868 0.033024 0.0196545
 0.56988 0.276891 0.108002 0.0299102 0.0153169
 0.526393 0.344553 0.083079 0.0324051 0.01357
 0.375026 0.431891 0.14047 0.0338702 0.0187434
pobs_pel_tallas
 0 0 0 0 0 0 0 0 0 0 0 0 0 0 0 0 0 0 0 0 0 0 0 0 0 0 0 0 0 0 0 0 0 0 0 0
 0 0 0 0 0 0 0 0 0 0 0 0 0 0 0 0 0 0 0 0 0 0 0 0 0 0 0 0 0 0 0 0 0 0 0 0
 0 0 0 0 0 0 0 0 0 0 0 0 0 0 0 0 0 0 0 0 0 0 0 0 0 0 0 0 0 0 0 0 0 0 0 0
 0 0 0 0 0 0 0 0 0 0 0 0 0 0 0 0 0 0 0 0 0 0 0 0 0 0 0 0 0 0 0 0 0 0 0 0
 0 0 0 0 0 0 0 0 0 0 0 0 0 0 0 0 0 0 0 0 0 0 0 0 0 0 0 0 0 0 0 0 0 0 0 0
 0 0 0 0 0 0 0 0 0 0 0 0 0 0 0 0 0 0 0 0 0 0 0 0 0 0 0 0 0 0 0 0 0 0 0 0
 0 0 0 0 0 0 0 0 0 0 0 0 0 0 0 0 0 0 0 0 0 0 0 0 0 0 0 0 0 0 0 0 0 0 0 0
 0 0 0 0 0 0 0 0 0 0 0 0 0 0 0 0 0 0 0 0 0 0 0 0 0 0 0 0 0 0 0 0 0 0 0 0
 0 0 0 0 0 0 0 0 0 0 0 0 0 0 0 0 0 0 0 0 0 0 0 0 0 0 0 0 0 0 0 0 0 0 0 0
 0 0 0 0 0 0 0 0 0 0 0 0 0 0 0 0 0 0 0 0 0 0 0 0 0 0 0 0 0 0 0 0 0 0 0 0
 0 0 0 0 0 0 0 0 1.78061e-05 0.00172719 0.00360574 0.0105946 0.0120993 0.0124554 0.0147524 0.0171206 0.0266825 0.0428682 0.0675386 0.121331 0.153587 0.119568 0.100827 0.0573624 0.0630603 0.0341343 0.0324427 0.0444173 0.0211091 0.0280891 0.0125444 0.00206551 0 0 0 0
 0 0 0 0 0 0 0 0 0 0 0 0 0 0 0 0 0 0 0 0 0 0 0 0 0 0 0 0 0 0 0 0 0 0 0 0
 0 0 0 0 0 0 0.0133647 0.0140871 0.0187388 0.0205184 0.03894 0.0496705 0.03968 0.0493445 0.0407372 0.0367815 0.0215668 0.0243155 0.0234873 0.0199281 0.019796 0.0243948 0.0301388 0.0376714 0.0412746 0.0863199 0.0771752 0.113111 0.0741005 0.0525337 0.0229764 0.00759418 0.00175318 0 0 0
 0 0 0 0 0 0 0 0 0 0 0.00219441 0.00772107 0.0458388 0.0604681 0.0671733 0.0775358 0.0609151 0.0617685 0.073594 0.0568108 0.0755445 0.0548602 0.0670107 0.0636378 0.0643287 0.046367 0.0373049 0.0286899 0.0247887 0.0153202 0.00654259 0.00121912 0.000365735 0 0 0
 0 0 0 0 0 0 0 0 0 0 0 0 0.000112435 0.00938835 0.0111873 0.0202946 0.0414886 0.0713402 0.111592 0.104902 0.108894 0.110636 0.117776 0.105296 0.107544 0.0401394 0.0192827 0.0124803 0.00416011 0.0028671 0.000618394 0 0 0 0 0
 0 0 0 0 0 0 0 0 0 0 0.00291406 0.0102884 0.027416 0.0768956 0.0749926 0.110853 0.0956884 0.0897413 0.0766577 0.0534642 0.0500743 0.0551293 0.0594112 0.0620874 0.0668451 0.0424026 0.0208742 0.0120726 0.0048766 0.00582813 0.00118941 0.000297354 0 0 0 0
 0 0.00264628 0.0354308 0.0461629 0.0458689 0.0383711 0.0214643 0.0164657 0.0346957 0.0420465 0.0363128 0.0245516 0.0311673 0.0291091 0.0169068 0.0133784 0.00837989 0.0085269 0.0148486 0.0160247 0.0276389 0.0546898 0.0760071 0.122758 0.109233 0.0665981 0.0333725 0.0166128 0.00676272 0.00308733 0.000882094 0 0 0 0 0
 0 0 0 0 0 0 0 0.000805153 0.000690131 0.00759144 0.0133425 0.0154129 0.00931677 0.000345066 0.00356568 0.00563607 0.00851162 0.0253048 0.0502646 0.0516448 0.0657925 0.0565908 0.0611916 0.0827007 0.0866115 0.110766 0.145733 0.0935128 0.0569358 0.0249597 0.0138026 0.00621118 0.00161031 0.00115022 0 0
 0 0 0 0 0 0 0 0 0 0 0 0 0 0 0 0 0 0 0 0 0 0 0 0 0 0 0 0 0 0 0 0 0 0 0 0
 0.00147267 0.00158595 0.00478618 0.00569244 0.00954404 0.0108468 0.00647125 0.017049 0.0510054 0.094081 0.124002 0.0959785 0.0687766 0.0820023 0.061753 0.0591476 0.0492212 0.0479892 0.0443925 0.0268479 0.0217502 0.0140895 0.0121071 0.0120363 0.00920419 0.00665534 0.0049561 0.00860946 0.00930331 0.0156896 0.0114698 0.00855282 0.00243557 0.00046729 0 2.83206e-05
 0 0 0 0 0.000772559 0.00158375 0.000888443 0.00281984 0.00712685 0.0440552 0.0773331 0.111326 0.0921469 0.0852325 0.0710754 0.0886704 0.0786465 0.0553345 0.0373146 0.0185414 0.00753245 0.00457741 0.012979 0.0271748 0.0457355 0.0583668 0.034881 0.0177882 0.00938659 0.00492506 0.0015258 0.00185414 0.000309023 5.79419e-05 3.86279e-05 0
 0 0.00173294 0.00326652 0 0.00397197 0.00683976 0.00946217 0.0152591 0.00757587 0.0136028 0.0228656 0.0392903 0.0559909 0.0764795 0.0681675 0.0726916 0.0566044 0.0477403 0.0527397 0.0444891 0.0609904 0.0582453 0.0661739 0.0445044 0.0529084 0.0360697 0.0280645 0.0235558 0.0158879 0.00826598 0.00280645 0.00217768 0.000904811 0.00058276 9.20147e-05 0
 0 0 0 0 0 0 0 0 0 0 0 0 0 0 0 0 0 0 0 0 0 0 0 0 0 0 0 0 0 0 0 0 0 0 0 0
 0 0 0 0 0 0 0 0 0 0 0 0 0 0 0 0 0 0 0 0 0 0 0 0 0 0 0 0 0 0 0 0 0 0 0 0
 0 0 0 0 0 0 0 0 0 0 0 0 0 0 0 0 0 0 0 0 0 0 0 0 0 0 0 0 0 0 0 0 0 0 0 0
ppred_pel_tallas
 1.06813e-16 2.1944e-05 0.000128769 0.000612057 0.00235637 0.00734803 0.0185607 0.0379788 0.0629586 0.0845653 0.0920598 0.0812891 0.0583767 0.0344483 0.0174307 0.00890088 0.00654335 0.00760566 0.0103926 0.0141206 0.018383 0.0228268 0.0270679 0.0307252 0.0334927 0.0351974 0.0358233 0.0354894 0.0343964 0.0327614 0.030766 0.0285318 0.0261251 0.02358 0.0209263 0.0182093
 1.05094e-16 1.94953e-05 0.000114382 0.000543636 0.00209289 0.00652635 0.0164853 0.0337334 0.0559251 0.0751311 0.0818239 0.0723325 0.0521226 0.0311151 0.0164031 0.00944865 0.00825334 0.0104087 0.0144001 0.019457 0.025069 0.0307098 0.0357945 0.0397614 0.0421888 0.0428879 0.0419359 0.0396369 0.0364281 0.0327659 0.0290288 0.0254658 0.0221926 0.0192247 0.0165253 0.0140478
 1.06969e-16 9.57252e-06 5.61152e-05 0.000266606 0.00102621 0.00319993 0.00808324 0.016543 0.0274355 0.0368864 0.0402489 0.035762 0.0261664 0.0164162 0.0101121 0.00811993 0.00961295 0.0135298 0.0191662 0.0260566 0.033711 0.0414905 0.0486388 0.0544103 0.058225 0.0597905 0.05915 0.0566375 0.0527669 0.0480921 0.0430902 0.038096 0.0332977 0.0287719 0.0245368 0.0205973
 1.11036e-16 1.17365e-05 6.88398e-05 0.000327144 0.00125937 0.00392708 0.00991972 0.0202989 0.033655 0.0452198 0.0492664 0.0435953 0.0315107 0.0190061 0.010385 0.00657601 0.00643781 0.00859094 0.0121948 0.0168474 0.0222818 0.0281886 0.0341807 0.0398376 0.0447749 0.0487046 0.0514653 0.0530135 0.0533894 0.0526736 0.0509564 0.0483285 0.0448926 0.0407808 0.0361674 0.0312662
 1.11028e-16 1.61e-05 9.44579e-05 0.000448937 0.00172831 0.00538946 0.0136135 0.0278567 0.0461818 0.0620396 0.067561 0.0597116 0.0430014 0.0256181 0.0134145 0.00759544 0.00651541 0.00820302 0.0114442 0.0156626 0.0205195 0.025677 0.0307468 0.0353345 0.0391142 0.0418864 0.0436005 0.0443311 0.0442238 0.0434319 0.0420701 0.0401992 0.0378417 0.035013 0.0317557 0.0281586
 1.08343e-16 1.79657e-05 0.000105407 0.000500979 0.00192867 0.00601425 0.0151918 0.0310862 0.051536 0.0692331 0.0753965 0.0666411 0.0480009 0.0286141 0.0150126 0.00853981 0.00735357 0.00924083 0.0128231 0.0174218 0.0226117 0.0279629 0.0329921 0.0372254 0.0402928 0.042004 0.0423752 0.0415978 0.0399649 0.0377816 0.0352939 0.0326545 0.0299285 0.0271255 0.0242412 0.0212892
 1.05673e-16 2.1722e-05 0.000127461 0.000605833 0.00233239 0.00727325 0.0183718 0.0375927 0.0623199 0.0837113 0.0911404 0.0805016 0.0578643 0.0342524 0.0175274 0.00926771 0.00719718 0.00859937 0.0117893 0.0159633 0.0206668 0.0254792 0.0299403 0.033602 0.0361166 0.0373082 0.0372007 0.035989 0.0339707 0.0314621 0.0287281 0.0259463 0.0232075 0.0205406 0.017948 0.0154345
 1.06419e-16 1.0877e-05 6.37727e-05 0.000303007 0.00116636 0.00363698 0.00918722 0.0188019 0.03118 0.0419156 0.0457224 0.0405921 0.0296282 0.0184446 0.0111101 0.00857884 0.00987864 0.0137735 0.0194447 0.0263641 0.0340021 0.0416858 0.0486307 0.0540742 0.0574387 0.0584569 0.0572197 0.0541244 0.0497522 0.0447156 0.0395302 0.0345439 0.0299307 0.0257321 0.0219181 0.018442
 1.07887e-16 1.84945e-05 0.000108518 0.000515787 0.00198571 0.00619214 0.015641 0.0320048 0.0530564 0.0712681 0.0775928 0.0685354 0.0492635 0.0291635 0.0149321 0.00792076 0.0062058 0.0074986 0.0104004 0.0142745 0.0187896 0.0236423 0.0284816 0.0329375 0.0366826 0.0394857 0.0412391 0.0419481 0.0416973 0.040606 0.0387948 0.0363717 0.0334368 0.0300973 0.0264796 0.0227316
 1.07352e-16 1.6252e-05 9.53403e-05 0.00045311 0.00174434 0.00543941 0.0137398 0.0281159 0.0466144 0.0626296 0.0682264 0.0603543 0.043583 0.0262017 0.0141514 0.00868639 0.00817904 0.0106542 0.0148655 0.0201608 0.0260727 0.0320899 0.0376322 0.0421354 0.0451688 0.0465258 0.046257 0.0446312 0.042043 0.0389027 0.0355448 0.0321821 0.0289086 0.0257359 0.0226428 0.0196159
 1.07592e-16 1.51486e-05 8.88633e-05 0.00042232 0.00162579 0.00506974 0.0128061 0.0262052 0.0434471 0.0583753 0.0635955 0.0562661 0.0406491 0.0244754 0.0132889 0.00826844 0.00790958 0.0103857 0.0145501 0.0198075 0.0257304 0.0318419 0.0375903 0.0424263 0.0459128 0.0478113 0.0481177 0.0470309 0.0448757 0.042006 0.038725 0.035245 0.0316881 0.0281146 0.0245613 0.0210709
 1.08008e-16 1.52787e-05 8.9629e-05 0.000425964 0.00163983 0.00511351 0.0129166 0.0264313 0.0438213 0.0588766 0.0641372 0.0567352 0.0409657 0.0246215 0.0132879 0.00814604 0.00767126 0.0100168 0.0140274 0.0191128 0.0248614 0.0308208 0.0364671 0.0412775 0.0448324 0.0468983 0.0474604 0.0466934 0.0448884 0.0423627 0.0393864 0.0361464 0.0327501 0.0292542 0.0257014 0.0221472
 1.06924e-16 1.97489e-05 0.000115878 0.000550765 0.00212036 0.00661205 0.0167017 0.0341755 0.0566557 0.0761055 0.0828663 0.0732092 0.0526574 0.0312406 0.0161173 0.00873752 0.00704885 0.00859849 0.0118674 0.0161299 0.0209675 0.0259805 0.0307232 0.0347543 0.0377221 0.0394331 0.0398801 0.0392163 0.0376921 0.0355783 0.033103 0.030421 0.0276177 0.0247336 0.0217974 0.0188496
 1.05054e-16 2.12252e-05 0.000124542 0.000591946 0.00227891 0.00710646 0.0179506 0.0367311 0.0608926 0.0817975 0.0890657 0.0786905 0.056609 0.0336025 0.0173659 0.00945737 0.00766743 0.00935059 0.0128568 0.0173796 0.0224338 0.0275507 0.0322153 0.0359306 0.0383185 0.0392005 0.0386278 0.036848 0.0342253 0.0311428 0.0279205 0.0247712 0.0217989 0.0190267 0.016438 0.0140113
 1.03309e-16 2.53039e-05 0.000148491 0.000705812 0.00271734 0.00847369 0.021404 0.0437967 0.0726027 0.0975176 0.106156 0.0937266 0.0672874 0.0396631 0.019986 0.0100623 0.00720414 0.00821545 0.0111151 0.014971 0.0192864 0.0236314 0.0275501 0.0306061 0.0324697 0.0329886 0.0322149 0.0303768 0.0278082 0.0248628 0.02184 0.018944 0.0162798 0.0138752 0.0117151 0.00977202
 1.02338e-16 2.60916e-05 0.000153114 0.000727786 0.00280194 0.00873751 0.0220704 0.0451604 0.0748633 0.100554 0.109463 0.0966488 0.0693907 0.0409134 0.0206346 0.010417 0.00748815 0.0085488 0.0115487 0.0155147 0.0199183 0.0242978 0.0281657 0.0310603 0.0326404 0.0327606 0.0315005 0.0291319 0.0260416 0.0226356 0.0192561 0.0161351 0.0133869 0.0110319 0.00903488 0.00733984
 1.02696e-16 2.1177e-05 0.000124253 0.000590561 0.00227355 0.00708974 0.0179084 0.0366453 0.0607521 0.081614 0.0888797 0.0785589 0.0565854 0.033731 0.0176929 0.010049 0.00861625 0.0107659 0.014842 0.020001 0.025688 0.0313365 0.036322 0.040048 0.0420717 0.042203 0.0405419 0.0374376 0.0333896 0.0289239 0.0244871 0.0203852 0.0167731 0.0136845 0.0110791 0.00888769
 1.03592e-16 2.13756e-05 0.000125423 0.000596135 0.00229503 0.00715674 0.0180776 0.036991 0.0613238 0.0823774 0.089699 0.0792544 0.0570241 0.0338681 0.0175388 0.00960889 0.00785728 0.00962268 0.0132441 0.0179061 0.0231122 0.0283765 0.033162 0.036947 0.0393296 0.0401127 0.0393378 0.0372542 0.03424 0.0307034 0.0269986 0.0233777 0.0199842 0.0168764 0.0140633 0.0115364
 1.04226e-16 1.98261e-05 0.000116324 0.000552872 0.00212845 0.00663726 0.0167655 0.0343065 0.0568748 0.0764056 0.0832084 0.073548 0.0529802 0.0315907 0.0165879 0.00945291 0.00814842 0.0102228 0.0141384 0.0191214 0.0246697 0.03027 0.0353496 0.0393536 0.0418583 0.0426609 0.0418156 0.0395981 0.0364189 0.0327162 0.0288642 0.0251225 0.0216304 0.0184348 0.015531 0.0128998
 1.04371e-16 2.14568e-05 0.000125902 0.000598414 0.00230381 0.00718412 0.0181467 0.0371324 0.0615576 0.0826899 0.0900351 0.0795413 0.0572089 0.0339343 0.0174934 0.00945729 0.00758957 0.00921468 0.012667 0.0171385 0.0221505 0.0272442 0.0319136 0.0356664 0.0381215 0.0390888 0.0386005 0.0368815 0.0342751 0.0311508 0.027826 0.0245234 0.0213668 0.0184053 0.0156487 0.0130967
 1.03703e-16 2.37011e-05 0.000139079 0.000661064 0.00254504 0.00793639 0.0200469 0.04102 0.0680008 0.09134 0.0994404 0.087819 0.0630939 0.0372871 0.0189667 0.00984214 0.00741459 0.00870509 0.011863 0.0160055 0.020639 0.0253163 0.0295548 0.0328905 0.0349702 0.0356274 0.0349108 0.0330548 0.0304059 0.027332 0.0241455 0.0210606 0.0181893 0.015565 0.0131784 0.0110087
 1.03635e-16 2.06533e-05 0.00012118 0.000575954 0.00221732 0.00691439 0.0174655 0.0357389 0.0592492 0.0795947 0.0866796 0.0766116 0.0551773 0.0328807 0.0172277 0.00975616 0.00833725 0.0104096 0.0143638 0.019387 0.0249513 0.0305208 0.0355023 0.0393262 0.0415647 0.0420259 0.040789 0.0381663 0.0346104 0.0305991 0.0265375 0.0227019 0.0192332 0.0161657 0.0134722 0.0111049
 1.03367e-16 2.48735e-05 0.000145965 0.000693803 0.0026711 0.00832951 0.0210398 0.0430515 0.0713673 0.0958583 0.10435 0.0921319 0.0661429 0.0389893 0.0196488 0.00989769 0.00709622 0.00810596 0.0109843 0.0148213 0.0191355 0.0235109 0.0275031 0.0306828 0.0327191 0.0334489 0.0329041 0.0312865 0.0289022 0.0260811 0.0231078 0.0201832 0.01742 0.0148629 0.0125188 0.0103827
 1.0304e-16 2.29799e-05 0.000134842 0.00064091 0.00246743 0.00769434 0.0194355 0.0397695 0.0659292 0.0885619 0.0964276 0.0851862 0.061263 0.0363267 0.018702 0.0100667 0.0080174 0.00967733 0.0132476 0.0178446 0.0229366 0.0280145 0.0325256 0.0359425 0.0378727 0.0381455 0.0368448 0.0342721 0.0308594 0.0270605 0.0232582 0.0197119 0.0165504 0.013799 0.0114232 0.00936743
 1.04175e-16 1.63833e-05 9.61053e-05 0.000456734 0.00175827 0.00548284 0.0138496 0.028341 0.046989 0.0631375 0.0687918 0.0608833 0.0440274 0.0265937 0.0145888 0.00929816 0.00910084 0.0120165 0.016782 0.0227073 0.0292593 0.0358345 0.0417455 0.046326 0.0490706 0.0497445 0.0484258 0.0454634 0.0413713 0.0366976 0.0319115 0.0273399 0.0231579 0.0194211 0.0161148 0.0131993
pSPR Fmed_Fpbrs
0.761195   0.255595 0.255595
Fs Fmed_Fpbrs
0.138327   1.005 1.005
SSBpbr Bo_Bmed_Bpbrs
1.84746e+06  1.31391e+06  379829 379829
Ro
71682.4
SPR SPRFo_SPRFmed_SPRFpbrs
1.47399e+06 1.12199e+06 376745
log_Ro
11
likeval ReclasPelacesDesembMPH_pf_preclas_ppelaces_ptallas_desvR_qrecl_qpela
 248.528 49.4682 0.266757 0.00136675 349.301 224.899 81.7696 0 18.1231 0 0 0 0 0 0
q_reclas_q_pelaces
1 1
M
0.7
N
 165984 42616.6 21162.8 10509.1 10366.6
 185839 79428.7 19652.1 9758.93 9626.54
 77016.2 89234.6 36878.9 9124.51 9000.73
 72620.2 36103.6 39489 16320.1 8020.97
 97735.8 35598.8 17470.8 19109 11778.8
 119239 48339.3 17536.2 8606.2 15215.5
 183053 55724.5 21259.8 7712.47 10476.9
 81680.9 87733.9 25776.9 9834.33 8414
 125838 37475.6 37190.3 10926.8 7735.45
 102510 56313.9 15113.3 14998.2 7526.18
 73048.5 46081.3 22916 6150.1 9165.94
 47938.8 28392.9 14019.3 6971.74 4659.6
 44507.1 18866.5 8855.74 4372.63 3627.82
 28785 15733.4 4747.7 2228.52 2013.29
 22164.9 7962.15 2424.13 731.505 653.559
 23868.9 6946.42 1574.81 479.462 273.948
 22623.7 9963.41 2437.36 552.57 264.356
 27502.3 10011.1 3928.69 961.077 322.123
 30467.3 12703.3 4301.14 1687.91 551.312
 41831.8 14256.2 5601.02 1896.41 987.295
 68610.1 19568.2 6282.02 2468.09 1270.71
 81582.7 33083.2 9162.09 2941.33 1750.56
 154628 38967.7 15199.4 4209.35 2155.59
 217750 73468.4 17714.8 6909.66 2893.51
 176530 104236 33901.9 8174.46 4523.66
pred_Ctot
 4348.83 2197.24 1091.12 541.832 534.482
 4425.77 3727.92 922.354 458.028 451.814
 3111.72 7032.23 2906.28 719.066 709.312
 671.541 663.929 726.185 300.118 147.502
 282.258 205.252 100.731 110.177 67.9128
 5069.19 4003.01 1452.18 712.684 1260
 4596.96 2755.65 1051.33 381.393 518.096
 4489.57 9320.04 2738.3 1044.71 893.826
 8997.6 5124.85 5085.84 1494.26 1057.84
 7025.97 7395.92 1984.88 1969.78 988.442
 11576.9 13201.5 6565.05 1761.9 2625.89
 7249.43 7798.81 3850.76 1914.96 1279.88
 9404.26 6955.68 3264.92 1612.1 1337.5
 9481.07 8328.02 2513.06 1179.6 1065.68
 6037.13 3628.34 1104.67 333.345 297.825
 2763.98 1495.31 338.998 103.21 58.9708
 1783.78 1495.46 365.835 82.9379 39.6785
 1387.27 978.757 384.098 93.9621 31.4932
 1269.17 1031.34 349.196 137.036 44.7593
 1750.95 1162.83 456.855 154.684 80.5302
 1432.71 806.769 258.999 101.756 52.3894
 2242.61 1788.16 495.216 158.98 94.6184
 4817 2381.47 928.896 257.25 131.737
 5653.73 3754.34 905.25 353.094 147.862
 3793.15 4420.42 1437.71 346.662 191.839
F
 0.0370309 0.0740619 0.0740619 0.0740619 0.0740619
 0.0336093 0.0672185 0.0672185 0.0672185 0.0672185
 0.0576232 0.115246 0.115246 0.115246 0.115246
 0.0129321 0.0258641 0.0258641 0.0258641 0.0258641
 0.00402288 0.00804576 0.00804576 0.00804576 0.00804576
 0.0607134 0.121427 0.121427 0.121427 0.121427
 0.0354694 0.0709388 0.0709388 0.0709388 0.0709388
 0.0791299 0.15826 0.15826 0.15826 0.15826
 0.104058 0.208116 0.208116 0.208116 0.208116
 0.0995529 0.199106 0.199106 0.199106 0.199106
 0.244985 0.48997 0.48997 0.48997 0.48997
 0.232536 0.465072 0.465072 0.465072 0.465072
 0.339864 0.679728 0.679728 0.679728 0.679728
 0.585157 1.17031 1.17031 1.17031 1.17031
 0.460282 0.920564 0.920564 0.920564 0.920564
 0.173656 0.347312 0.347312 0.347312 0.347312
 0.115307 0.230614 0.230614 0.230614 0.230614
 0.0724059 0.144812 0.144812 0.144812 0.144812
 0.0594584 0.118917 0.118917 0.118917 0.118917
 0.0597515 0.119503 0.119503 0.119503 0.119503
 0.0294155 0.058831 0.058831 0.058831 0.058831
 0.0388837 0.0777675 0.0777675 0.0777675 0.0777675
 0.0441679 0.0883359 0.0883359 0.0883359 0.0883359
 0.036692 0.073384 0.073384 0.073384 0.073384
 0.0302798 0.0605596 0.0605596 0.0605596 0.0605596
YTP_r0W_actual
 42483.3 97249.1 47444.4 14247.8 8210.71
YTP_p0W_proyectada
 195975 877790 733128 311048 125739
 195975 244566 232627 173839 76339.2
CTP_r0_actual
 3793.15 4420.42 1437.71 346.662 191.839
CTP_p0_proyectada
 23055.8 41018.2 23497.7 7642.45 2704.07
 23055.8 11428.3 7455.98 4271.23 1641.7
Wmedp
 8.5 21.4 31.2 40.7 46.5
nmprior
 10.6 11 7 0
nm_flota  nm_reclas  nm_pelaces    nm_pelaL
inf 10.9289 14.4298 32.1396
cv_recla  cv_pelaces  cv_mph
1.42598 0.797508 1.19945
 ------------------------------------------------
Talla a la edad & desviaci?n 
 7.2 14.2025 17.0495 18.207 18.6776
 1.08 2.13037 2.55742 2.73105 2.80164
