    unsorted:	 8.075982434e-06 -1.079026823e-05 0.0008999967845 0.004544700146 0.1862469877 29.18721226 49.28723401 68.89252521 118.0706194 146.1898269 293.6813014 391.7453230 448.0286408 515.8345199 615.8250548 683.2409088 742.2190942 755.5360015 841.6486424 890.2299711 919.0501804 1025.749891 1099.644233 1156.530922 1291.836954 1259.295788 1401.266599 1477.072571 1577.894480 1788.222765 1949.913089 2061.737915 2541.717993 2623.579130 2746.682490 3039.628022 3325.786652 22018.47359 39774.83642 196364.7028 227668.7765 590742.3740 571817.5635 613942.2781 638262.5702 668412.7956 497260.0879 459871.6125 390369.4906 713429.3340 798242.3565 819120.4579 895884.4955 1056097.241 1108148.697 1257304.129 1412465.174 1549261.297 1674576.926 1806391.165 1987222.352 2177019.202 2391043.633 2508427.794 5285777.424
      sorted:	 -1.079026823e-05 8.075982434e-06 0.0008999967845 0.004544700146 0.1862469877 29.18721226 49.28723401 68.89252521 118.0706194 146.1898269 293.6813014 391.7453230 448.0286408 515.8345199 615.8250548 683.2409088 742.2190942 755.5360015 841.6486424 890.2299711 919.0501804 1025.749891 1099.644233 1156.530922 1259.295788 1291.836954 1401.266599 1477.072571 1577.894480 1788.222765 1949.913089 2061.737915 2541.717993 2623.579130 2746.682490 3039.628022 3325.786652 22018.47359 39774.83642 196364.7028 227668.7765 390369.4906 459871.6125 497260.0879 571817.5635 590742.3740 613942.2781 638262.5702 668412.7956 713429.3340 798242.3565 819120.4579 895884.4955 1056097.241 1108148.697 1257304.129 1412465.174 1549261.297 1674576.926 1806391.165 1987222.352 2177019.202 2391043.633 2508427.794 5285777.424
