years
 1997 1998 1999 2000 2001 2002 2003 2004 2005 2006 2007 2008 2009 2010 2011 2012 2013 2014 2015 2016 2017 2018 2019 2020 2021
reclasobs
 0 0 0 370054 412103 1.49427e+06 250295 1.28982e+06 931140 785840 897777 1.04006e+06 184774 17550 25797 100020 73551 82996 120727 218422 84188 347160 605670 569463 516374
reclaspred
 446508 132845 461303 331156 431562 507618 1.07481e+06 670743 684595 560781 425585 284304 174018 85403.8 64441.7 68190.3 87227.7 121838 130212 184548 260878 237050 413310 531879 639744
pelacesobs
 0 0 0 0 0 0 0 0 0 2.06254e+06 1.5e+06 0 1.87456e+06 323000 250000 174000 83755 137374 0 501740 490994 745055 786931 1.00524e+06 1.33801e+06
pelacespred
 1.83239e+06 496706 1.01166e+06 1.11827e+06 1.23075e+06 1.23296e+06 2.82615e+06 2.31926e+06 2.03714e+06 1.7076e+06 1.17082e+06 801727 488689 206106 151966 169190 224193 313699 347661 477161 742669 664417 911268 1.38988e+06 1.67738e+06
mphobs
 0 0 0 0 0 112323 0 153150 637223 0 255016 313432 73983 77613 109348 50772 0 0 0 0 0 0 0 0 0
mphpred
 159556 112233 149595 208086 196921 277051 416061 469710 377187 346320 292777 202623 125434 67147 35435.2 32139.3 39452.1 55613.1 70152.7 81071.3 118615 137306 172060 247347 345705
desembarqueobs
 350755 77701 442110 56441 14545 235359 269955 359681 431902 328805 639364 411747 362871 311530 167758 66681 60226 58785 57116 73181 50977 67692 138656 160484 209506
desembarquepred
 350765 77704.7 442154 56442.7 14545.1 235392 269980 359716 431983 328876 639808 412126 363394 312173 167876 66699.5 60245.6 58789.4 57115.8 73184.7 50978.5 67690.5 138661 160492 209510
Reclutas
 86336.7 108315 70591.8 101249 165146 123624 181311 150468 160018 141002 69401.3 41771.8 42707.7 25326.6 20903.5 27907.2 24237.9 27774 31816.9 55089.2 68749.8 88776.5 145768 178415 84383.1
log_desv_Rt
 0.18601 0.412796 -0.0153306 0.345338 0.834585 0.545 0.92797 0.741506 0.803043 0.676532 -0.0323392 -0.540023 -0.517866 -1.04039 -1.23233 -0.943362 -1.08433 -0.948143 -0.812248 -0.263291 -0.0417708 0.213877 0.709769 0.911869 0.163122
SSB
 1.03568e+06 728505 971023 1.35068e+06 1.27821e+06 1.79833e+06 2.70065e+06 3.04888e+06 2.44832e+06 2.24796e+06 1.90042e+06 1.31523e+06 814192 435851 230010 208616 256083 360985 455361 526233 769927 891253 1.11684e+06 1.60553e+06 2.24397e+06
BT
 3.55728e+06 1.01031e+06 2.03762e+06 2.04176e+06 2.19349e+06 2.37082e+06 5.19809e+06 4.52366e+06 4.01053e+06 3.3492e+06 2.6653e+06 1.80563e+06 1.22598e+06 668761 414380 355710 447516 603355 665475 906275 1.3592e+06 1.24084e+06 1.71106e+06 2.59633e+06 3.13613e+06
Ftot
 0.279562 0.19999 0.265982 0.0484932 0.0107655 0.115152 0.0720835 0.14889 0.177409 0.157882 0.359743 0.338227 0.525867 0.896884 0.765751 0.29615 0.211795 0.14098 0.118767 0.122554 0.0585745 0.0784928 0.0932578 0.0888981 0.0803682
BD_Bspro_t
 0.966368 0.839903 0.82272 0.748373 0.825903 0.898486 0.878006 0.878814 0.833533 0.79177 0.745269 0.602227 0.491736 0.380277 0.266655 0.291688 0.420264 0.591098 0.694919 0.765865 0.838371 0.886786 0.890545 0.894268 0.897852
BD_Bspro
 0.702635 0.49424 0.658771 0.916344 0.867176 1.22004 1.8322 2.06845 1.66102 1.52508 1.2893 0.892289 0.552372 0.295694 0.156046 0.141531 0.173735 0.244903 0.308931 0.357012 0.522342 0.604653 0.757698 1.08924 1.52238
BD_Bo
 0.608584 0.428083 0.570591 0.793686 0.7511 1.05673 1.58695 1.79158 1.43868 1.32094 1.11672 0.77285 0.478434 0.256114 0.135158 0.122587 0.150479 0.212121 0.267579 0.309224 0.452423 0.523717 0.656276 0.943439 1.3186
BD_Brms
 2.16903 1.52571 2.03362 2.82875 2.67697 3.76627 5.656 6.3853 5.12754 4.70792 3.98006 2.75449 1.70517 0.912806 0.481712 0.436907 0.536318 0.756014 0.953667 1.1021 1.61247 1.86656 2.33901 3.36248 4.69956
S_f
 0.209957 1 1 1 1
 0.209957 1 1 1 1
 0.209957 1 1 1 1
 0.209957 1 1 1 1
 0.209957 1 1 1 1
 0.209957 1 1 1 1
 0.209957 1 1 1 1
 0.209957 1 1 1 1
 0.209957 1 1 1 1
 0.209957 1 1 1 1
 0.209957 1 1 1 1
 0.209957 1 1 1 1
 0.209957 1 1 1 1
 0.209957 1 1 1 1
 0.209957 1 1 1 1
 0.209957 1 1 1 1
 0.209957 1 1 1 1
 0.209957 1 1 1 1
 0.209957 1 1 1 1
 0.209957 1 1 1 1
 0.209957 1 1 1 1
 0.209957 1 1 1 1
 0.209957 1 1 1 1
 0.209957 1 1 1 1
 0.209957 1 1 1 1
Scru_reclas
 1 1 1 1 1
 1 1 1 1 1
 1 1 1 1 1
 1 1 1 1 1
 1 1 1 1 1
 1 1 1 1 1
 1 1 1 1 1
 1 1 1 1 1
 1 1 1 1 1
 1 1 1 1 1
 1 1 1 1 1
 1 1 1 1 1
 1 1 1 1 1
 1 1 1 1 1
 1 1 1 1 1
 1 1 1 1 1
 1 1 1 1 1
 1 1 1 1 1
 1 1 1 1 1
 1 1 1 1 1
 1 1 1 1 1
 1 1 1 1 1
 1 1 1 1 1
 1 1 1 1 1
 1 1 1 1 1
Scru_pelaces
 0.994342 1 1 1 1
 0.994342 1 1 1 1
 0.994342 1 1 1 1
 0.994342 1 1 1 1
 0.994342 1 1 1 1
 0.994342 1 1 1 1
 0.994342 1 1 1 1
 0.994342 1 1 1 1
 0.994342 1 1 1 1
 0.994342 1 1 1 1
 0.994342 1 1 1 1
 0.994342 1 1 1 1
 0.994342 1 1 1 1
 0.994342 1 1 1 1
 0.994342 1 1 1 1
 0.994342 1 1 1 1
 0.994342 1 1 1 1
 0.994342 1 1 1 1
 0.994342 1 1 1 1
 0.994342 1 1 1 1
 0.994342 1 1 1 1
 0.994342 1 1 1 1
 0.994342 1 1 1 1
 0.994342 1 1 1 1
 0.994342 1 1 1 1
pf_obs 
 0.256992 0.487395 0.22802 0.0275931 0
 0.321318 0.546541 0.124235 0.00734118 0.000564706
 0.182869 0.594174 0.210203 0.0122559 0.00049798
 0.330522 0.361315 0.267642 0.0388342 0.00168674
 0.649043 0.306663 0.0425973 0.00169635 0
 0.582887 0.30429 0.105238 0.00758474 0
 0.465427 0.430635 0.0974691 0.00646863 0
 0.296916 0.608066 0.0921331 0.00288517 0
 0.311714 0.524322 0.152257 0.0117073 0
 0.15457 0.633149 0.183074 0.0267441 0.00246327
 0.131901 0.49318 0.331252 0.0422183 0.00144891
 0.196976 0.569456 0.194076 0.0375587 0.00193317
 0.518974 0.381816 0.0799577 0.0180837 0.00116848
 0.0928022 0.601141 0.25162 0.0475244 0.00691264
 0.122501 0.610282 0.24278 0.0234846 0.000952079
 0.383417 0.481906 0.127806 0.00687128 0
 0.0376549 0.599619 0.316969 0.0457579 0
 0.0361596 0.667082 0.258105 0.0386534 0
 0.158088 0.579412 0.248529 0.0139706 0
 0.0477256 0.309471 0.559284 0.082774 0.000745712
 0.0406174 0.521527 0.379366 0.0568643 0.0016247
 0.151134 0.462217 0.34131 0.0453401 0
 0.294876 0.26143 0.354403 0.0886775 0.000613685
 0.281977 0.475581 0.204845 0.0348837 0.00271318
 0.0841818 0.532909 0.334909 0.0458182 0.00218182
pf_pred 
 0.393742 0.428097 0.159352 0.018799 9.30305e-06
 0.31913 0.529884 0.106616 0.039686 0.00468414
 0.182417 0.580044 0.184864 0.0371957 0.0154797
 0.262243 0.402125 0.238117 0.0758897 0.0216241
 0.30706 0.439092 0.138364 0.0819316 0.0335526
 0.183203 0.555053 0.165858 0.0522639 0.0436217
 0.256368 0.393603 0.237862 0.0710765 0.0410907
 0.190823 0.508965 0.158901 0.0960274 0.0452831
 0.211938 0.429918 0.225269 0.0703301 0.0625443
 0.191717 0.469632 0.184748 0.0968042 0.0570997
 0.117387 0.483653 0.231805 0.0911894 0.0759653
 0.116127 0.377646 0.277402 0.132953 0.0958724
 0.188811 0.342178 0.200391 0.147198 0.121422
 0.178674 0.480899 0.1436 0.0840969 0.11273
 0.24821 0.461072 0.17022 0.0508288 0.0696693
 0.336639 0.459463 0.12505 0.0461663 0.032681
 0.235726 0.561192 0.140661 0.038283 0.0241384
 0.247215 0.464974 0.211334 0.0529701 0.0235067
 0.245151 0.471676 0.174908 0.079497 0.0287681
 0.326746 0.417346 0.159907 0.059297 0.0367038
 0.281588 0.509647 0.129412 0.0495844 0.0297683
 0.27176 0.478495 0.177171 0.0449883 0.0275858
 0.320776 0.440093 0.157123 0.0581775 0.0238311
 0.276144 0.507426 0.140232 0.050066 0.0261314
 0.120494 0.575197 0.213321 0.0589536 0.0320333
pobs_RECLAS
 0 0 0 0 0
 0 0 0 0 0
 0 0 0 0 0
 0 0 0 0 0
 0.835266 0.146461 0.0176864 0.000547809 3.91292e-05
 0.385257 0.428462 0.181853 0.0044286 0
 0.867414 0.0963971 0.0333333 0.00285562 0
 0.441836 0.489002 0.0689373 0.000224442 0
 0.779404 0.147425 0.0564933 0.0165055 0.000172143
 0.814271 0.122319 0.05973 0.00367925 0
 0.40263 0.566651 0.0304383 0.000280538 0
 0.475488 0.404961 0.113038 0.00651328 0
 0.955842 0.0263864 0.0167828 0.000988607 0
 0.975058 0.0227948 0.00214734 0 0
 0.738997 0.206755 0.0527124 0.00153531 0
 0.850938 0.134255 0.0134407 0.00136685 0
 0.542534 0.407297 0.0501686 0 0
 0.764087 0.199537 0.0359546 0.000420521 0
 0.470689 0.182191 0.310203 0.0369168 0
 0.84361 0.089868 0.0606195 0.00523954 0.000663233
 0.607945 0.314616 0.071237 0.00620181 0
 0.523733 0.453247 0.0230204 0 0
 0.530135 0.295979 0.169645 0.0042399 0
 0.562478 0.366248 0.0663022 0.0049721 0
 0.250443 0.683176 0.0655157 0.000865301 0
ppred_RECLAS
 0.758604 0.170457 0.06345 0.0074853 3.70424e-06
 0.692912 0.23899 0.0480862 0.0178993 0.00211265
 0.518912 0.341314 0.108779 0.021887 0.00910868
 0.629208 0.202106 0.119676 0.0381417 0.0108682
 0.678622 0.203646 0.0641714 0.0379989 0.0155613
 0.517952 0.327576 0.0978842 0.0308445 0.0257442
 0.622322 0.199904 0.120806 0.0360985 0.0208693
 0.530922 0.295046 0.0921147 0.0556668 0.0262505
 0.563873 0.237924 0.124668 0.0389219 0.0346131
 0.532489 0.271635 0.106858 0.0559915 0.0330265
 0.392901 0.332677 0.159446 0.062724 0.0522522
 0.389622 0.260792 0.191566 0.0918137 0.0662069
 0.534378 0.19641 0.115024 0.0844917 0.0696963
 0.526703 0.277123 0.0827507 0.0484617 0.0649619
 0.624795 0.230113 0.0849536 0.0253677 0.0347706
 0.71084 0.200281 0.0545096 0.020124 0.0142457
 0.59773 0.29538 0.0740358 0.02015 0.0127051
 0.611719 0.23983 0.109005 0.0273216 0.0121246
 0.608779 0.244459 0.0906507 0.0412014 0.0149098
 0.699328 0.186385 0.0714137 0.0264818 0.0163918
 0.651824 0.246999 0.0627193 0.024031 0.0144271
 0.64083 0.235995 0.0873815 0.0221884 0.0136054
 0.693226 0.198769 0.070965 0.0262761 0.0107634
 0.646012 0.248147 0.068578 0.0244838 0.0127791
 0.395804 0.395145 0.146546 0.0404995 0.022006
pobs_PELACES
 0 0 0 0 0
 0 0 0 0 0
 0 0 0 0 0
 0 0 0 0 0
 0 0 0 0 0
 0 0 0 0 0
 0 0 0 0 0
 0 0 0 0 0
 0 0 0 0 0
 0 0 0 0 0
 0.450072 0.473896 0.0757376 0.000293798 0
 0 0 0 0 0
 0.463077 0.371075 0.160297 0.00555027 0
 0.529543 0.364841 0.0842815 0.0213345 0
 0.631943 0.363953 0.00410389 0 0
 0.735681 0.248677 0.0153453 0.000297389 0
 0.695825 0.281241 0.0229344 0 0
 0.275771 0.60734 0.115278 0.00161068 0
 0 0 0 0 0
 0.896147 0.0623911 0.0374545 0.00400742 0
 0.803859 0.145111 0.0509908 3.86294e-05 0
 0.739449 0.233085 0.0266225 0.000797448 4.60066e-05
 0.878498 0.100942 0.0204185 0.000141795 0
 0.694673 0.275183 0.0284847 0.00165964 0
 0.469039 0.446079 0.0841089 0.000773354 0
ppred_PELACES
 0.770697 0.161918 0.0602713 0.0071103 3.51866e-06
 0.70271 0.231365 0.0465519 0.0173282 0.00204525
 0.534782 0.330054 0.105191 0.021165 0.00880819
 0.630832 0.20122 0.119152 0.0379746 0.0108205
 0.677997 0.204042 0.0642963 0.0380729 0.0155916
 0.524028 0.323446 0.0966503 0.0304557 0.0254197
 0.625401 0.198274 0.119821 0.0358043 0.0206992
 0.539167 0.28986 0.0904956 0.0546884 0.0257891
 0.573826 0.232495 0.121823 0.0380337 0.0338232
 0.541313 0.266508 0.104841 0.0549347 0.0324031
 0.414106 0.321058 0.153876 0.0605332 0.0504271
 0.409412 0.252336 0.185355 0.0888368 0.0640602
 0.566886 0.182697 0.106994 0.0785929 0.0648303
 0.582992 0.244164 0.0729091 0.0426981 0.057236
 0.669057 0.202967 0.074932 0.0223752 0.0306689
 0.72532 0.190252 0.05178 0.0191163 0.0135324
 0.609583 0.286676 0.0718543 0.0195563 0.0123307
 0.619075 0.235286 0.106939 0.026804 0.0118949
 0.614786 0.240705 0.0892589 0.0405688 0.0146809
 0.704824 0.182978 0.0701082 0.0259977 0.0160921
 0.653999 0.245456 0.0623275 0.0238808 0.014337
 0.644227 0.233763 0.086555 0.0219785 0.0134767
 0.697176 0.19621 0.0700513 0.0259378 0.0106248
 0.650004 0.245348 0.0678045 0.0242077 0.012635
 0.399463 0.392751 0.145658 0.0402542 0.0218727
pobs_pel_tallas
 0 0 0 0 0 0 0 0 0 0 0 0 0 0 0 0 0 0 0 0 0 0 0 0 0 0 0 0 0 0 0 0 0 0 0 0
 0 0 0 0 0 0 0 0 0 0 0 0 0 0 0 0 0 0 0 0 0 0 0 0 0 0 0 0 0 0 0 0 0 0 0 0
 0 0 0 0 0 0 0 0 0 0 0 0 0 0 0 0 0 0 0 0 0 0 0 0 0 0 0 0 0 0 0 0 0 0 0 0
 0 0 0 0 0 0 0 0 0 0 0 0 0 0 0 0 0 0 0 0 0 0 0 0 0 0 0 0 0 0 0 0 0 0 0 0
 0 0 0 0 0 0 0 0 0 0 0 0 0 0 0 0 0 0 0 0 0 0 0 0 0 0 0 0 0 0 0 0 0 0 0 0
 0 0 0 0 0 0 0 0 0 0 0 0 0 0 0 0 0 0 0 0 0 0 0 0 0 0 0 0 0 0 0 0 0 0 0 0
 0 0 0 0 0 0 0 0 0 0 0 0 0 0 0 0 0 0 0 0 0 0 0 0 0 0 0 0 0 0 0 0 0 0 0 0
 0 0 0 0 0 0 0 0 0 0 0 0 0 0 0 0 0 0 0 0 0 0 0 0 0 0 0 0 0 0 0 0 0 0 0 0
 0 0 0 0 0 0 0 0 0 0 0 0 0 0 0 0 0 0 0 0 0 0 0 0 0 0 0 0 0 0 0 0 0 0 0 0
 0 0 0 0 0 0 0 0 0 0 0 0 0 0 0 0 0 0 0 0 0 0 0 0 0 0 0 0 0 0 0 0 0 0 0 0
 0 0 0 0 0 0 0 0 1.78061e-05 0.00172719 0.00360574 0.0105946 0.0120993 0.0124554 0.0147524 0.0171206 0.0266825 0.0428682 0.0675386 0.121331 0.153587 0.119568 0.100827 0.0573624 0.0630603 0.0341343 0.0324427 0.0444173 0.0211091 0.0280891 0.0125444 0.00206551 0 0 0 0
 0 0 0 0 0 0 0 0 0 0 0 0 0 0 0 0 0 0 0 0 0 0 0 0 0 0 0 0 0 0 0 0 0 0 0 0
 0 0 0 0 0 0 0.0133647 0.0140871 0.0187388 0.0205184 0.03894 0.0496705 0.03968 0.0493445 0.0407372 0.0367815 0.0215668 0.0243155 0.0234873 0.0199281 0.019796 0.0243948 0.0301388 0.0376714 0.0412746 0.0863199 0.0771752 0.113111 0.0741005 0.0525337 0.0229764 0.00759418 0.00175318 0 0 0
 0 0 0 0 0 0 0 0 0 0 0.00219441 0.00772107 0.0458388 0.0604681 0.0671733 0.0775358 0.0609151 0.0617685 0.073594 0.0568108 0.0755445 0.0548602 0.0670107 0.0636378 0.0643287 0.046367 0.0373049 0.0286899 0.0247887 0.0153202 0.00654259 0.00121912 0.000365735 0 0 0
 0 0 0 0 0 0 0 0 0 0 0 0 0.000112435 0.00938835 0.0111873 0.0202946 0.0414886 0.0713402 0.111592 0.104902 0.108894 0.110636 0.117776 0.105296 0.107544 0.0401394 0.0192827 0.0124803 0.00416011 0.0028671 0.000618394 0 0 0 0 0
 0 0 0 0 0 0 0 0 0 0 0.00291406 0.0102884 0.027416 0.0768956 0.0749926 0.110853 0.0956884 0.0897413 0.0766577 0.0534642 0.0500743 0.0551293 0.0594112 0.0620874 0.0668451 0.0424026 0.0208742 0.0120726 0.0048766 0.00582813 0.00118941 0.000297354 0 0 0 0
 0 0.00264628 0.0354308 0.0461629 0.0458689 0.0383711 0.0214643 0.0164657 0.0346957 0.0420465 0.0363128 0.0245516 0.0311673 0.0291091 0.0169068 0.0133784 0.00837989 0.0085269 0.0148486 0.0160247 0.0276389 0.0546898 0.0760071 0.122758 0.109233 0.0665981 0.0333725 0.0166128 0.00676272 0.00308733 0.000882094 0 0 0 0 0
 0 0 0 0 0 0 0 0.000805153 0.000690131 0.00759144 0.0133425 0.0154129 0.00931677 0.000345066 0.00356568 0.00563607 0.00851162 0.0253048 0.0502646 0.0516448 0.0657925 0.0565908 0.0611916 0.0827007 0.0866115 0.110766 0.145733 0.0935128 0.0569358 0.0249597 0.0138026 0.00621118 0.00161031 0.00115022 0 0
 0 0 0 0 0 0 0 0 0 0 0 0 0 0 0 0 0 0 0 0 0 0 0 0 0 0 0 0 0 0 0 0 0 0 0 0
 0.00147267 0.00158595 0.00478618 0.00569244 0.00954404 0.0108468 0.00647125 0.017049 0.0510054 0.094081 0.124002 0.0959785 0.0687766 0.0820023 0.061753 0.0591476 0.0492212 0.0479892 0.0443925 0.0268479 0.0217502 0.0140895 0.0121071 0.0120363 0.00920419 0.00665534 0.0049561 0.00860946 0.00930331 0.0156896 0.0114698 0.00855282 0.00243557 0.00046729 0 2.83206e-05
 0 0 0 0 0.000772559 0.00158375 0.000888443 0.00281984 0.00712685 0.0440552 0.0773331 0.111326 0.0921469 0.0852325 0.0710754 0.0886704 0.0786465 0.0553345 0.0373146 0.0185414 0.00753245 0.00457741 0.012979 0.0271748 0.0457355 0.0583668 0.034881 0.0177882 0.00938659 0.00492506 0.0015258 0.00185414 0.000309023 5.79419e-05 3.86279e-05 0
 0 0.00173294 0.00326652 0 0.00397197 0.00683976 0.00946217 0.0152591 0.00757587 0.0136028 0.0228656 0.0392903 0.0559909 0.0764795 0.0681675 0.0726916 0.0566044 0.0477403 0.0527397 0.0444891 0.0609904 0.0582453 0.0661739 0.0445044 0.0529084 0.0360697 0.0280645 0.0235558 0.0158879 0.00826598 0.00280645 0.00217768 0.000904811 0.00058276 9.20147e-05 0
 0 0 0 0 0 0 0 0 0 0 0 0 0 0 0 0 0 0 0 0 0 0 0 0 0 0 0 0 0 0 0 0 0 0 0 0
 0 0 0 0 0 0 0 0 0 0 0 0 0 0 0 0 0 0 0 0 0 0 0 0 0 0 0 0 0 0 0 0 0 0 0 0
 0 0 0 0 0 0 0 0 0 0 0 0 0 0 0 0 0 0 0 0 0 0 0 0 0 0 0 0 0 0 0 0 0 0 0 0
ppred_pel_tallas
 1.01153e-16 3.36253e-05 0.000197356 0.000938149 0.00361193 0.0112635 0.0284507 0.0582137 0.0964953 0.129589 0.141015 0.124377 0.0890143 0.0519116 0.0251233 0.0109477 0.00570919 0.00508215 0.00641539 0.008543 0.0109847 0.0134468 0.0156571 0.0173612 0.018366 0.0185803 0.0180311 0.0168485 0.0152269 0.0133763 0.0114795 0.00966785 0.00801643 0.00655443 0.00528249 0.00418848
 1.01428e-16 3.06635e-05 0.000179962 0.000855439 0.00329346 0.0102703 0.0259421 0.0530815 0.0879906 0.118175 0.128615 0.113486 0.0813226 0.0476325 0.0234383 0.0108717 0.00661607 0.00675068 0.00885696 0.0118346 0.0151672 0.0184725 0.0213699 0.0235041 0.0246146 0.0245935 0.0235078 0.0215736 0.0190964 0.0163962 0.0137428 0.011319 0.00921463 0.00744429 0.00597684 0.00476335
 1.0274e-16 2.33452e-05 0.000136988 0.000651114 0.00250672 0.00781687 0.019745 0.0404027 0.0669783 0.0899695 0.0979558 0.0865259 0.0622039 0.0368395 0.0188835 0.010033 0.00783951 0.00937686 0.01282 0.0172821 0.0222431 0.0272133 0.0316603 0.0350733 0.0370665 0.0374628 0.0363269 0.033932 0.0306798 0.0269983 0.0232552 0.0197077 0.0164943 0.0136591 0.0111888 0.00904767
 1.03568e-16 2.75283e-05 0.000161557 0.000767948 0.0029566 0.00921985 0.0232887 0.0476522 0.0789909 0.106089 0.115461 0.101883 0.0730146 0.0427806 0.02108 0.00983355 0.00607503 0.00630092 0.00836236 0.0112992 0.014678 0.0181837 0.0214934 0.0242899 0.026317 0.0274284 0.027609 0.0269601 0.0256576 0.0239004 0.0218664 0.0196896 0.0174587 0.0152301 0.013046 0.0109468
 1.03017e-16 2.95848e-05 0.000173631 0.000825349 0.00317761 0.00990906 0.0250296 0.0512142 0.0848948 0.114016 0.124085 0.109481 0.0784346 0.0459054 0.0225235 0.0103411 0.00615604 0.00618755 0.00811205 0.0108877 0.0140461 0.0172558 0.0201877 0.0225295 0.0240434 0.0246151 0.0242734 0.0231695 0.0215281 0.0195867 0.017545 0.0155377 0.0136334 0.0118511 0.0101857 0.00862841
 1.03712e-16 2.2876e-05 0.000134233 0.000638021 0.00245631 0.00765969 0.019348 0.0395902 0.0656315 0.0881604 0.0959863 0.0847866 0.0609545 0.0361016 0.0185091 0.00984075 0.00769855 0.00921673 0.0126093 0.0170105 0.0219146 0.0268465 0.0312897 0.0347484 0.0368479 0.037416 0.0365135 0.0344016 0.0314621 0.0280988 0.0246534 0.021359 0.0183346 0.0156109 0.0131697 0.0109783
 1.03964e-16 2.72913e-05 0.000160166 0.000761336 0.00293115 0.00914047 0.0230882 0.0472419 0.0783107 0.105175 0.114467 0.101006 0.0723848 0.0424102 0.020895 0.00974361 0.00601546 0.00623802 0.00828241 0.011199 0.0145614 0.0180607 0.0213807 0.0242099 0.0262957 0.0274921 0.0277808 0.0272559 0.0260841 0.0244533 0.0225314 0.0204435 0.0182722 0.016071 0.0138818 0.0117481
 1.04464e-16 2.35347e-05 0.000138104 0.00065643 0.0025272 0.00788076 0.0199064 0.0407324 0.0675238 0.0906984 0.0987396 0.0871947 0.0626337 0.0369917 0.0187735 0.00967274 0.00720487 0.0084105 0.0114543 0.0154671 0.0199721 0.0245436 0.0287232 0.0320693 0.0342445 0.0350868 0.0346368 0.0331081 0.030818 0.0281012 0.0252386 0.0224183 0.0197346 0.0172129 0.0148447 0.0126177
 1.04693e-16 2.50437e-05 0.000146968 0.000698583 0.00268952 0.00838696 0.0211849 0.043348 0.0718575 0.0965129 0.105052 0.0927278 0.0665179 0.0391044 0.0195118 0.00951131 0.00642942 0.00709833 0.00956942 0.0129551 0.0168229 0.0208257 0.0245964 0.0277742 0.0300708 0.0313267 0.0315343 0.0308191 0.0293895 0.0274751 0.0252755 0.0229335 0.0205355 0.0181288 0.0157452 0.013419
 1.04977e-16 2.36273e-05 0.00013865 0.00065903 0.00253722 0.00791201 0.0199853 0.0408937 0.0677904 0.0910545 0.099122 0.0875199 0.0628399 0.0370586 0.0187068 0.00947583 0.00686367 0.00789557 0.0107333 0.0145198 0.0188041 0.0231963 0.0272774 0.0306397 0.0329656 0.0340915 0.0340337 0.0329631 0.0311443 0.02886 0.026349 0.0237738 0.0212208 0.0187232 0.0162911 0.0139366
 1.06726e-16 1.80828e-05 0.000106093 0.000504241 0.00194122 0.0060534 0.0152907 0.0312886 0.0518717 0.0696844 0.075889 0.0670787 0.0483212 0.0288155 0.0151378 0.00864295 0.00747968 0.00942362 0.0130897 0.0177953 0.0231104 0.0285954 0.0337526 0.0380884 0.0412105 0.0429056 0.0431709 0.0421862 0.0402437 0.0376612 0.0347106 0.0315817 0.0283831 0.0251684 0.0219707 0.0188288
 1.0876e-16 1.78754e-05 0.000104882 0.000498495 0.00191912 0.0059845 0.0151165 0.0309319 0.0512785 0.0688823 0.0750017 0.0662617 0.0476616 0.0282803 0.0145993 0.00793551 0.00643987 0.00790627 0.0109803 0.0150325 0.0197159 0.0247008 0.029609 0.034051 0.0376951 0.0403255 0.0418678 0.0423722 0.0419683 0.0408103 0.0390339 0.03674 0.0340022 0.0308886 0.0274843 0.0239019
 1.07309e-16 2.47389e-05 0.000145184 0.000690111 0.00265692 0.00828531 0.0209281 0.0428221 0.0709845 0.0953363 0.103761 0.0915632 0.0656283 0.0384727 0.0189957 0.00892949 0.00561701 0.00592134 0.00792584 0.0107848 0.0141276 0.0176902 0.0211991 0.0243805 0.0270056 0.0289311 0.030115 0.030602 0.030488 0.0298783 0.0288561 0.0274717 0.0257516 0.0237187 0.0214121 0.0188997
 1.05257e-16 2.54437e-05 0.000149316 0.000709744 0.00273249 0.00852095 0.0215234 0.0440406 0.0730057 0.0980553 0.106732 0.0942121 0.0675864 0.0397395 0.0198405 0.00968848 0.00656506 0.00724734 0.00974771 0.0131532 0.0170107 0.0209546 0.0246031 0.0275896 0.0296339 0.0306001 0.0305181 0.0295579 0.0279707 0.0260174 0.0239099 0.021782 0.019691 0.0176425 0.0156219 0.0136215
 1.03332e-16 2.9195e-05 0.000171343 0.000814468 0.00313572 0.00977842 0.0246996 0.050539 0.0837756 0.112513 0.12245 0.10804 0.0774059 0.0453106 0.0222453 0.0102372 0.00612817 0.00618979 0.00813131 0.0109264 0.0141137 0.0173656 0.0203557 0.0227722 0.0243758 0.0250481 0.0248113 0.0238086 0.0222562 0.020384 0.0183864 0.0163958 0.0144807 0.0126636 0.0109436 0.00931765
 1.02087e-16 3.16478e-05 0.000185744 0.000882936 0.00339934 0.0106005 0.0267761 0.0547877 0.0908173 0.121967 0.132731 0.117092 0.083848 0.0489948 0.0238914 0.0107182 0.00603308 0.00577751 0.00745849 0.00996527 0.0128142 0.0156813 0.0182546 0.0202419 0.0214246 0.0217042 0.0211205 0.0198314 0.018066 0.0160652 0.0140324 0.0121051 0.0103519 0.00878816 0.00739924 0.00616162
 1.02362e-16 2.6605e-05 0.00015613 0.000742127 0.00285716 0.00890972 0.0225054 0.0460502 0.0763379 0.102533 0.111612 0.098535 0.0707201 0.0416471 0.0209123 0.0104061 0.00729307 0.00820345 0.0110471 0.0148413 0.0190666 0.0232807 0.0270191 0.0298417 0.031421 0.0316145 0.0304924 0.0283069 0.0254198 0.0222121 0.0190062 0.0160218 0.0133695 0.0110728 0.00910369 0.00741514
 1.03072e-16 2.7017e-05 0.000158553 0.000753656 0.00290156 0.00904821 0.0228552 0.0467655 0.077522 0.104119 0.113326 0.10002 0.071723 0.0421123 0.0209148 0.0100302 0.00656115 0.00707686 0.00946424 0.0127598 0.0164981 0.020314 0.0238278 0.0266718 0.0285592 0.0293416 0.0290342 0.0277943 0.0258688 0.0235274 0.0210054 0.0184731 0.0160314 0.0137281 0.0115822 0.00960359
 1.03426e-16 2.68301e-05 0.000157455 0.000748437 0.00288147 0.00898554 0.0226969 0.0464417 0.0769854 0.103399 0.112544 0.0993324 0.0712376 0.041842 0.0208076 0.0100232 0.00661348 0.00717212 0.00959934 0.0129342 0.0167076 0.0205481 0.02407 0.0269022 0.0287589 0.0294981 0.0291457 0.0278721 0.0259362 0.0236151 0.0211456 0.0186917 0.0163429 0.0141325 0.0120652 0.0101397
 1.02701e-16 3.07538e-05 0.000180496 0.000857989 0.00330329 0.010301 0.0260195 0.0532396 0.0882512 0.118521 0.128981 0.113784 0.0814811 0.0476152 0.0232258 0.0104335 0.00589639 0.005675 0.00735283 0.00985809 0.0127293 0.0156596 0.0183515 0.0205222 0.0219537 0.0225375 0.022292 0.0213456 0.0198936 0.0181455 0.0162801 0.0144215 0.0126374 0.0109533 0.00937309 0.00789664
 1.02456e-16 2.85401e-05 0.000167494 0.000796163 0.00306522 0.00955857 0.0241443 0.0494032 0.0818942 0.109991 0.119715 0.105652 0.0757503 0.0444523 0.0220298 0.0104829 0.00674168 0.00717134 0.00952769 0.0127814 0.0164318 0.0200886 0.023354 0.0258518 0.0273015 0.0275792 0.0267407 0.0249956 0.0226455 0.0200076 0.0173489 0.01485 0.0126003 0.010618 0.00888066 0.00735296
 1.0269e-16 2.81136e-05 0.000164991 0.000784265 0.00301942 0.00941573 0.0237835 0.0486649 0.0806701 0.108346 0.117924 0.104069 0.0746089 0.0437705 0.0216703 0.0102776 0.00656841 0.00696447 0.00926061 0.0124522 0.0160588 0.0197107 0.0230291 0.0256515 0.0273003 0.0278412 0.0273059 0.0258705 0.0237996 0.0213769 0.0188469 0.0163809 0.0140738 0.0119604 0.010042 0.00830895
 1.02447e-16 3.04208e-05 0.00017854 0.000848687 0.00326747 0.0101893 0.0257374 0.0526624 0.087295 0.117238 0.127588 0.112564 0.0806259 0.0471526 0.0230694 0.0104802 0.00608565 0.00599272 0.00781044 0.0104711 0.0135029 0.0165804 0.0193836 0.0216091 0.0230245 0.0235174 0.0231139 0.02196 0.0202751 0.0182936 0.0162162 0.0141827 0.0122689 0.0105017 0.00888135 0.00740096
 1.02465e-16 2.83659e-05 0.000166471 0.000791302 0.00304651 0.0095002 0.0239969 0.0491016 0.0813943 0.109319 0.118985 0.105009 0.0752917 0.0441884 0.0219088 0.010442 0.00673821 0.00718617 0.00955655 0.0128269 0.0164994 0.020185 0.0234858 0.0260249 0.0275196 0.0278427 0.027046 0.0253344 0.0230057 0.020374 0.017705 0.0151801 0.0128915 0.0108616 0.00907268 0.00749428
 1.04601e-16 1.74473e-05 0.000102356 0.000486456 0.00187272 0.00583977 0.0147511 0.0301852 0.0500448 0.0672374 0.073243 0.0647849 0.0467666 0.0280842 0.0151105 0.00918559 0.00855471 0.0110897 0.0154462 0.0209196 0.0270063 0.0331572 0.0387494 0.043176 0.0459708 0.0469072 0.0460374 0.0436554 0.0402034 0.0361562 0.0319221 0.0277877 0.0239111 0.0203512 0.0171109 0.0141755
pSPR Fmed_Fpbrs
0.772506   0.330579 0.330579
Fs Fmed_Fpbrs
0.153717   1.005 1.005
SSBpbr Bo_Bmed_Bpbrs
1.70179e+06  1.22955e+06  477484 477484
Ro
71682.4
SPR SPRFo_SPRFmed_SPRFpbrs
1.47399e+06 1.13867e+06 487270
log_Ro
11
likeval ReclasPelacesDesembMPH_pf_preclas_ppelaces_ptallas_desvR_qrecl_qpela
 63.9072 24.2814 0.0424013 0.000216697 321.675 204.874 78.9081 0 16.8008 0.000122201 6.54298e-09 0 0 0 0
q_reclas_q_pelaces
0.208782 1.01157
M
0.7
N
 86336.7 21664.9 8064.41 951.371 0.470804
 108315 40429.4 8134.64 3027.99 357.393
 70591.8 51575.7 16437.5 3307.33 1376.41
 101249 33150.9 19630.2 6256.29 1782.68
 165146 49769.4 15683 9286.63 3803.06
 123624 81823.9 24450.1 7704.55 6430.55
 181311 59923.5 36213 10820.9 6255.8
 150468 88684 27687.6 16732.2 7890.3
 160018 72420.5 37947 11847.2 10535.7
 141002 76557.3 30116.7 15780.6 9308.15
 69401.3 67736.7 32464.8 12771.3 10639.1
 41771.8 31956.5 23473.8 11250.5 8112.75
 42707.7 19321.3 11315.2 8311.65 6856.18
 25326.6 18991.1 5670.86 3321.05 4451.8
 20903.5 10418.1 3846.2 1148.5 1574.21
 27907.2 8838.72 2405.6 888.104 628.686
 24237.9 13022.8 3264.12 888.383 560.148
 27774 11512.7 5232.6 1311.53 582.023
 31816.9 13389.9 4965.28 2256.76 816.667
 55089.2 15410.7 5904.62 2189.57 1355.3
 68749.8 26661.6 6770.04 2593.95 1557.29
 88776.5 33722.9 12486.5 3170.64 1944.16
 145768 43364.5 15482.1 5732.52 2348.19
 178415 70982.5 19616.7 7003.61 3655.46
 84383.1 86960 32250.6 8912.77 4842.9
pred_Ctot
 3551.58 3861.47 1437.37 169.569 0.0839142
 3210.87 5331.32 1072.69 399.293 47.1285
 2766.28 8796.15 2803.4 564.06 234.744
 738.035 1131.71 670.137 213.577 60.8571
 268.181 383.496 120.845 71.5578 29.3043
 2126.67 6443.21 1925.32 606.693 506.372
 1960.27 3009.62 1818.77 543.475 314.193
 3336.44 8898.97 2778.3 1678.99 791.749
 4216.73 8553.69 4481.97 1399.29 1244.39
 3312.62 8114.66 3192.21 1672.66 986.613
 3646.83 15025.6 7201.46 2832.97 2360
 2067.77 6724.38 4939.43 2367.37 1707.11
 3231.13 5855.71 3429.3 2519.01 2077.9
 3160.36 8506.06 2539.97 1487.49 1993.95
 2253.45 4185.99 1545.39 461.465 632.515
 1214.27 1657.3 451.059 166.523 117.881
 760.092 1809.55 453.556 123.442 77.8336
 583.56 1097.59 498.863 125.038 55.4886
 564.331 1085.79 402.634 183 66.2234
 1007.92 1287.39 493.265 182.914 113.22
 604.755 1094.55 277.933 106.49 63.9321
 1044.54 1839.16 680.981 172.918 106.03
 2034.94 2791.86 996.755 369.067 151.179
 2375.23 4364.57 1206.19 430.637 224.767
 1016.4 4851.92 1799.41 497.287 270.208
F
 0.058696 0.279562 0.279562 0.279562 0.279562
 0.0419893 0.19999 0.19999 0.19999 0.19999
 0.0558447 0.265982 0.265982 0.265982 0.265982
 0.0101815 0.0484932 0.0484932 0.0484932 0.0484932
 0.0022603 0.0107655 0.0107655 0.0107655 0.0107655
 0.024177 0.115152 0.115152 0.115152 0.115152
 0.0151344 0.0720835 0.0720835 0.0720835 0.0720835
 0.0312605 0.14889 0.14889 0.14889 0.14889
 0.0372483 0.177409 0.177409 0.177409 0.177409
 0.0331485 0.157882 0.157882 0.157882 0.157882
 0.0755306 0.359743 0.359743 0.359743 0.359743
 0.0710131 0.338227 0.338227 0.338227 0.338227
 0.11041 0.525867 0.525867 0.525867 0.525867
 0.188307 0.896884 0.896884 0.896884 0.896884
 0.160775 0.765751 0.765751 0.765751 0.765751
 0.0621788 0.29615 0.29615 0.29615 0.29615
 0.0444679 0.211795 0.211795 0.211795 0.211795
 0.0295996 0.14098 0.14098 0.14098 0.14098
 0.0249359 0.118767 0.118767 0.118767 0.118767
 0.0257311 0.122554 0.122554 0.122554 0.122554
 0.0122981 0.0585745 0.0585745 0.0585745 0.0585745
 0.0164801 0.0784928 0.0784928 0.0784928 0.0784928
 0.0195801 0.0932578 0.0932578 0.0932578 0.0932578
 0.0186648 0.0888981 0.0888981 0.0888981 0.0888981
 0.0168739 0.0803682 0.0803682 0.0803682 0.0803682
YTP_r0W_actual
 11383.6 106742 59380.7 20438.5 11564.9
YTP_p0W_proyectada
 80664.8 425256 599626 290094 133567
 80664.8 284420 112699 142183 71196.4
CTP_r0_actual
 1016.4 4851.92 1799.41 497.287 270.208
CTP_p0_proyectada
 9489.97 19871.8 19218.8 7127.61 2872.42
 9489.97 13290.6 3612.14 3493.44 1531.11
Wmedp
 8.5 21.4 31.2 40.7 46.5
nmprior
 10.6 11 7 0
nm_flota  nm_reclas  nm_pelaces    nm_pelaL
inf 11.9303 21.4107 53.681
cv_recla  cv_pelaces  cv_mph
0.723102 0.558739 0.4776
 ------------------------------------------------
Talla a la edad & desviaci?n 
 7.2 14.2025 17.0495 18.207 18.6776
 1.08 2.13037 2.55742 2.73105 2.80164
