years
 1997 1998 1999 2000 2001 2002 2003 2004 2005 2006 2007 2008 2009 2010 2011 2012 2013 2014 2015 2016 2017 2018 2019 2020 2021
reclasobs
 0 0 0 370054 412103 1.49427e+06 250295 1.28982e+06 931140 785840 897777 1.04006e+06 184774 17550 25797 100020 73551 82996 120727 218422 84188 347160 605670 569463 516374
reclaspred
 425246 98199.3 203700 152881 281647 322498 725526 529083 692202 784007 648398 435422 272842 121742 80113.3 78763.7 94657.7 122077 120202 184191 282131 252843 429482 517037 507967
pelacesobs
 0 0 0 0 0 0 0 0 0 2.06254e+06 1.5e+06 0 1.87456e+06 323000 250000 174000 83755 137374 0 501740 490994 745055 786931 1.00524e+06 1.33801e+06
pelacespred
 713863 160222 190049 228106 372731 346569 957415 792946 970630 1.09444e+06 820598 572987 359610 130738 84813.3 90031.1 113410 149240 150735 223925 385156 337517 452125 645421 630302
mphobs
 0 0 0 0 0 112323 0 153150 637223 0 255016 313432 73983 77613 109348 50772 0 0 0 0 0 0 0 0 0
mphpred
 170609 82684.9 78626.1 65960.8 88272.8 165687 233080 284744 269557 329412 383756 277387 168912 90282.4 40654 33280.4 39443.9 51906.9 60835.2 66187.2 109253 134581 163283 227686 287948
desembarqueobs
 350755 77701 442110 56441 14545 235359 269955 359681 431902 328805 639364 411747 362871 311530 167758 66681 60226 58785 57116 73181 50977 67692 138656 160484 209506
desembarquepred
 350742 77682.7 441863 56436.7 14544.9 235372 269967 359562 431795 328724 639181 411750 362848 311593 167648 66672.2 60234.7 58775.1 57101.5 73162.7 50973.2 67676.5 138636 160467 209485
Reclutas
 29927.1 43359.7 16427.1 38432.4 71372 43131.8 80219.1 89860.2 132883 166715 66591.8 37139.1 45525.9 22534.9 16141.8 18371 13866.5 14637.1 15102.7 33890.3 41021.6 47976.1 79923.5 83886.5 17883.8
log_desv_Rt
 -0.273481 0.0972866 -0.87331 -0.0233426 0.59566 0.0920155 0.712517 0.82601 1.21722 1.44404 0.526336 -0.0575743 0.146037 -0.557181 -0.890833 -0.761471 -1.04277 -0.988689 -0.957373 -0.149115 0.0418533 0.198458 0.708825 0.75722 -0.788348
SSB
 601192 291364 277062 232432 311055 583845 821327 1.00338e+06 949863 1.16078e+06 1.35228e+06 977454 595210 318136 143256 117273 138992 182909 214370 233230 384985 474236 575374 802318 1.01467e+06
BT
 1.53677e+06 424639 577672 468493 679138 804634 1.90071e+06 1.82196e+06 2.13158e+06 2.27119e+06 2.0349e+06 1.40041e+06 1.00043e+06 532772 293151 216168 252158 314461 319387 460850 730788 668289 905635 1.28792e+06 1.2947e+06
Ftot
 0.492424 0.579511 1.13028 0.291575 0.0431019 0.37047 0.251782 0.472284 0.479882 0.304199 0.503083 0.457767 0.752804 1.31951 1.35876 0.561708 0.411069 0.294781 0.264067 0.290159 0.118304 0.151518 0.187802 0.185139 0.185718
BD_Bspro_t
 0.934951 0.676674 0.565532 0.351023 0.549652 0.74483 0.686199 0.699811 0.656448 0.657072 0.6639 0.513572 0.397099 0.293451 0.176511 0.180503 0.271458 0.411257 0.508315 0.586752 0.720029 0.804544 0.806311 0.808188 0.799379
BD_Bspro
 0.743182 0.360179 0.342499 0.287328 0.38452 0.721737 1.01531 1.24036 1.1742 1.43493 1.67166 1.20831 0.735787 0.393274 0.177091 0.144971 0.171819 0.226108 0.265 0.288314 0.47591 0.586241 0.711266 0.991809 1.25431
BD_Bo
 0.601427 0.291478 0.27717 0.232523 0.311176 0.584073 0.821648 1.00377 0.950235 1.16123 1.3528 0.977836 0.595443 0.318261 0.143312 0.117319 0.139046 0.182981 0.214454 0.233321 0.385135 0.474422 0.575599 0.802631 1.01506
BD_Brms
 2.03752 0.987471 0.938999 0.787742 1.05421 1.97873 2.78358 3.40058 3.21921 3.93403 4.58304 3.31272 2.01725 1.07821 0.485514 0.397455 0.471062 0.619902 0.726529 0.790447 1.30476 1.60725 1.95002 2.71916 3.43884
S_f
 0.16199 1 1 1 1
 0.16199 1 1 1 1
 0.16199 1 1 1 1
 0.16199 1 1 1 1
 0.16199 1 1 1 1
 0.16199 1 1 1 1
 0.16199 1 1 1 1
 0.16199 1 1 1 1
 0.16199 1 1 1 1
 0.16199 1 1 1 1
 0.16199 1 1 1 1
 0.16199 1 1 1 1
 0.16199 1 1 1 1
 0.16199 1 1 1 1
 0.16199 1 1 1 1
 0.16199 1 1 1 1
 0.16199 1 1 1 1
 0.16199 1 1 1 1
 0.16199 1 1 1 1
 0.16199 1 1 1 1
 0.16199 1 1 1 1
 0.16199 1 1 1 1
 0.16199 1 1 1 1
 0.16199 1 1 1 1
 0.16199 1 1 1 1
Scru_reclas
 1 1 1 1 1
 1 1 1 1 1
 1 1 1 1 1
 1 1 1 1 1
 1 1 1 1 1
 1 1 1 1 1
 1 1 1 1 1
 1 1 1 1 1
 1 1 1 1 1
 1 1 1 1 1
 1 1 1 1 1
 1 1 1 1 1
 1 1 1 1 1
 1 1 1 1 1
 1 1 1 1 1
 1 1 1 1 1
 1 1 1 1 1
 1 1 1 1 1
 1 1 1 1 1
 1 1 1 1 1
 1 1 1 1 1
 1 1 1 1 1
 1 1 1 1 1
 1 1 1 1 1
 1 1 1 1 1
Scru_pelaces
 1 1 1 1 1
 1 1 1 1 1
 1 1 1 1 1
 1 1 1 1 1
 1 1 1 1 1
 1 1 1 1 1
 1 1 1 1 1
 1 1 1 1 1
 1 1 1 1 1
 1 1 1 1 1
 1 1 1 1 1
 1 1 1 1 1
 1 1 1 1 1
 1 1 1 1 1
 1 1 1 1 1
 1 1 1 1 1
 1 1 1 1 1
 1 1 1 1 1
 1 1 1 1 1
 1 1 1 1 1
 1 1 1 1 1
 1 1 1 1 1
 1 1 1 1 1
 1 1 1 1 1
 1 1 1 1 1
pf_obs 
 0.256992 0.487395 0.22802 0.0275931 0
 0.321318 0.546541 0.124235 0.00734118 0.000564706
 0.182869 0.594174 0.210203 0.0122559 0.00049798
 0.330522 0.361315 0.267642 0.0388342 0.00168674
 0.649043 0.306663 0.0425973 0.00169635 0
 0.582887 0.30429 0.105238 0.00758474 0
 0.465427 0.430635 0.0974691 0.00646863 0
 0.296916 0.608066 0.0921331 0.00288517 0
 0.311714 0.524322 0.152257 0.0117073 0
 0.15457 0.633149 0.183074 0.0267441 0.00246327
 0.131901 0.49318 0.331252 0.0422183 0.00144891
 0.196976 0.569456 0.194076 0.0375587 0.00193317
 0.518974 0.381816 0.0799577 0.0180837 0.00116848
 0.0928022 0.601141 0.25162 0.0475244 0.00691264
 0.122501 0.610282 0.24278 0.0234846 0.000952079
 0.383417 0.481906 0.127806 0.00687128 0
 0.0376549 0.599619 0.316969 0.0457579 0
 0.0361596 0.667082 0.258105 0.0386534 0
 0.158088 0.579412 0.248529 0.0139706 0
 0.0477256 0.309471 0.559284 0.082774 0.000745712
 0.0406174 0.521527 0.379366 0.0568643 0.0016247
 0.151134 0.462217 0.34131 0.0453401 0
 0.294876 0.26143 0.354403 0.0886775 0.000613685
 0.281977 0.475581 0.204845 0.0348837 0.00271318
 0.0841818 0.532909 0.334909 0.0458182 0.00218182
pf_pred 
 0.212101 0.543757 0.217036 0.0270964 9.51024e-06
 0.298239 0.476252 0.155632 0.062119 0.00775811
 0.132481 0.674101 0.131264 0.0428949 0.0192594
 0.38943 0.382661 0.177096 0.0344848 0.0163288
 0.345777 0.535864 0.0741787 0.0343299 0.00985019
 0.148346 0.65494 0.161126 0.0223044 0.0132843
 0.284074 0.402681 0.240892 0.0592635 0.0130898
 0.248126 0.552032 0.112404 0.0672422 0.0201966
 0.307221 0.49833 0.142766 0.0290697 0.0226133
 0.276746 0.560982 0.116725 0.0334405 0.0121059
 0.106791 0.653936 0.185589 0.038616 0.015068
 0.101185 0.436232 0.338666 0.0961143 0.0278024
 0.205546 0.369129 0.206428 0.160259 0.0586381
 0.162901 0.585057 0.117107 0.0654895 0.0694454
 0.239114 0.535639 0.157428 0.0315112 0.0363084
 0.309637 0.550228 0.0986506 0.028994 0.0124906
 0.196663 0.630383 0.137847 0.0247146 0.010393
 0.209641 0.512417 0.218103 0.0476929 0.0121467
 0.202377 0.521227 0.179197 0.0762726 0.0209265
 0.351731 0.414823 0.152551 0.0524467 0.0284478
 0.255414 0.591022 0.0982645 0.0361366 0.0191625
 0.221246 0.538341 0.19083 0.0317277 0.017855
 0.280326 0.470157 0.172487 0.0611429 0.0158866
 0.214751 0.568861 0.141365 0.0518628 0.0231609
 0.0473474 0.61761 0.242716 0.0603163 0.0320104
pobs_RECLAS
 0 0 0 0 0
 0 0 0 0 0
 0 0 0 0 0
 0 0 0 0 0
 0.835266 0.146461 0.0176864 0.000547809 3.91292e-05
 0.385257 0.428462 0.181853 0.0044286 0
 0.867414 0.0963971 0.0333333 0.00285562 0
 0.441836 0.489002 0.0689373 0.000224442 0
 0.779404 0.147425 0.0564933 0.0165055 0.000172143
 0.814271 0.122319 0.05973 0.00367925 0
 0.40263 0.566651 0.0304383 0.000280538 0
 0.475488 0.404961 0.113038 0.00651328 0
 0.955842 0.0263864 0.0167828 0.000988607 0
 0.975058 0.0227948 0.00214734 0 0
 0.738997 0.206755 0.0527124 0.00153531 0
 0.850938 0.134255 0.0134407 0.00136685 0
 0.542534 0.407297 0.0501686 0 0
 0.764087 0.199537 0.0359546 0.000420521 0
 0.470689 0.182191 0.310203 0.0369168 0
 0.84361 0.089868 0.0606195 0.00523954 0.000663233
 0.607945 0.314616 0.071237 0.00620181 0
 0.523733 0.453247 0.0230204 0 0
 0.530135 0.295979 0.169645 0.0042399 0
 0.562478 0.366248 0.0663022 0.0049721 0
 0.250443 0.683176 0.0655157 0.000865301 0
ppred_RECLAS
 0.632106 0.253897 0.101341 0.0126521 4.44062e-06
 0.732179 0.181757 0.0593954 0.0237072 0.00296081
 0.511151 0.379857 0.0739674 0.0241714 0.0108527
 0.800271 0.125176 0.0579313 0.0112806 0.00534146
 0.765797 0.191832 0.026555 0.0122897 0.00352624
 0.523964 0.366082 0.0900623 0.0124672 0.00742531
 0.713119 0.16136 0.0965288 0.0237477 0.00524526
 0.677696 0.236638 0.0481837 0.0288245 0.00865761
 0.738723 0.187942 0.0538431 0.0109634 0.00852845
 0.706396 0.22773 0.0473845 0.0135751 0.00491436
 0.433043 0.41508 0.117801 0.0245112 0.00956429
 0.417386 0.282767 0.219524 0.0623015 0.0180216
 0.62871 0.172514 0.0964745 0.0748974 0.0274047
 0.57771 0.295143 0.0590767 0.0330374 0.035033
 0.689632 0.218489 0.0642153 0.0128535 0.0148103
 0.742297 0.205393 0.036825 0.0108231 0.00466257
 0.608137 0.307497 0.0672409 0.0120557 0.00506965
 0.625002 0.243124 0.103482 0.0226286 0.00576318
 0.614025 0.252225 0.0867148 0.0369088 0.0101265
 0.773146 0.145163 0.0533833 0.0183531 0.00995498
 0.680608 0.253521 0.0421509 0.0155009 0.00821981
 0.638776 0.249709 0.0885163 0.0147169 0.00828204
 0.70845 0.190467 0.069877 0.0247698 0.00643587
 0.630421 0.267735 0.0665336 0.0244093 0.0109007
 0.236646 0.494886 0.194487 0.048331 0.0256497
pobs_PELACES
 0 0 0 0 0
 0 0 0 0 0
 0 0 0 0 0
 0 0 0 0 0
 0 0 0 0 0
 0 0 0 0 0
 0 0 0 0 0
 0 0 0 0 0
 0 0 0 0 0
 0 0 0 0 0
 0.450072 0.473896 0.0757376 0.000293798 0
 0 0 0 0 0
 0.463077 0.371075 0.160297 0.00555027 0
 0.529543 0.364841 0.0842815 0.0213345 0
 0.631943 0.363953 0.00410389 0 0
 0.735681 0.248677 0.0153453 0.000297389 0
 0.695825 0.281241 0.0229344 0 0
 0.275771 0.60734 0.115278 0.00161068 0
 0 0 0 0 0
 0.896147 0.0623911 0.0374545 0.00400742 0
 0.803859 0.145111 0.0509908 3.86294e-05 0
 0.739449 0.233085 0.0266225 0.000797448 4.60066e-05
 0.878498 0.100942 0.0204185 0.000141795 0
 0.694673 0.275183 0.0284847 0.00165964 0
 0.469039 0.446079 0.0841089 0.000773354 0
ppred_PELACES
 0.663166 0.232461 0.0927847 0.0115839 4.06571e-06
 0.762415 0.161238 0.0526899 0.0210307 0.00262655
 0.588358 0.319864 0.0622853 0.0203538 0.00913868
 0.812848 0.117293 0.0542834 0.0105703 0.00500511
 0.767928 0.190087 0.0263134 0.0121778 0.00349415
 0.549433 0.346495 0.0852437 0.0118001 0.00702804
 0.727149 0.153468 0.0918077 0.0225862 0.00498873
 0.705538 0.216196 0.0440214 0.0263345 0.00790973
 0.763516 0.170108 0.048734 0.00992311 0.00771919
 0.723536 0.214436 0.0446183 0.0127826 0.00462747
 0.467466 0.389879 0.110649 0.023023 0.0089836
 0.448454 0.267688 0.207818 0.0589793 0.0170606
 0.675873 0.1506 0.0842199 0.0653836 0.0239236
 0.663355 0.235285 0.0470953 0.026337 0.0279279
 0.763895 0.16621 0.0488502 0.00977801 0.0112666
 0.770878 0.182613 0.0327408 0.00962271 0.00414545
 0.63487 0.28652 0.0626538 0.0112332 0.0047238
 0.643905 0.230868 0.0982656 0.0214879 0.00547267
 0.631181 0.241014 0.0828603 0.0352682 0.00967635
 0.78691 0.136355 0.0501442 0.0172395 0.00935096
 0.687677 0.247909 0.0412179 0.0151578 0.00803788
 0.648387 0.243065 0.0861611 0.0143253 0.00806168
 0.71906 0.183536 0.0673341 0.0238684 0.00620166
 0.642268 0.259153 0.0644008 0.0236269 0.0105513
 0.246049 0.48879 0.192091 0.0477357 0.0253338
pobs_pel_tallas
 0 0 0 0 0 0 0 0 0 0 0 0 0 0 0 0 0 0 0 0 0 0 0 0 0 0 0 0 0 0 0 0 0 0 0 0
 0 0 0 0 0 0 0 0 0 0 0 0 0 0 0 0 0 0 0 0 0 0 0 0 0 0 0 0 0 0 0 0 0 0 0 0
 0 0 0 0 0 0 0 0 0 0 0 0 0 0 0 0 0 0 0 0 0 0 0 0 0 0 0 0 0 0 0 0 0 0 0 0
 0 0 0 0 0 0 0 0 0 0 0 0 0 0 0 0 0 0 0 0 0 0 0 0 0 0 0 0 0 0 0 0 0 0 0 0
 0 0 0 0 0 0 0 0 0 0 0 0 0 0 0 0 0 0 0 0 0 0 0 0 0 0 0 0 0 0 0 0 0 0 0 0
 0 0 0 0 0 0 0 0 0 0 0 0 0 0 0 0 0 0 0 0 0 0 0 0 0 0 0 0 0 0 0 0 0 0 0 0
 0 0 0 0 0 0 0 0 0 0 0 0 0 0 0 0 0 0 0 0 0 0 0 0 0 0 0 0 0 0 0 0 0 0 0 0
 0 0 0 0 0 0 0 0 0 0 0 0 0 0 0 0 0 0 0 0 0 0 0 0 0 0 0 0 0 0 0 0 0 0 0 0
 0 0 0 0 0 0 0 0 0 0 0 0 0 0 0 0 0 0 0 0 0 0 0 0 0 0 0 0 0 0 0 0 0 0 0 0
 0 0 0 0 0 0 0 0 0 0 0 0 0 0 0 0 0 0 0 0 0 0 0 0 0 0 0 0 0 0 0 0 0 0 0 0
 0 0 0 0 0 0 0 0 1.78061e-05 0.00172719 0.00360574 0.0105946 0.0120993 0.0124554 0.0147524 0.0171206 0.0266825 0.0428682 0.0675386 0.121331 0.153587 0.119568 0.100827 0.0573624 0.0630603 0.0341343 0.0324427 0.0444173 0.0211091 0.0280891 0.0125444 0.00206551 0 0 0 0
 0 0 0 0 0 0 0 0 0 0 0 0 0 0 0 0 0 0 0 0 0 0 0 0 0 0 0 0 0 0 0 0 0 0 0 0
 0 0 0 0 0 0 0.0133647 0.0140871 0.0187388 0.0205184 0.03894 0.0496705 0.03968 0.0493445 0.0407372 0.0367815 0.0215668 0.0243155 0.0234873 0.0199281 0.019796 0.0243948 0.0301388 0.0376714 0.0412746 0.0863199 0.0771752 0.113111 0.0741005 0.0525337 0.0229764 0.00759418 0.00175318 0 0 0
 0 0 0 0 0 0 0 0 0 0 0.00219441 0.00772107 0.0458388 0.0604681 0.0671733 0.0775358 0.0609151 0.0617685 0.073594 0.0568108 0.0755445 0.0548602 0.0670107 0.0636378 0.0643287 0.046367 0.0373049 0.0286899 0.0247887 0.0153202 0.00654259 0.00121912 0.000365735 0 0 0
 0 0 0 0 0 0 0 0 0 0 0 0 0.000112435 0.00938835 0.0111873 0.0202946 0.0414886 0.0713402 0.111592 0.104902 0.108894 0.110636 0.117776 0.105296 0.107544 0.0401394 0.0192827 0.0124803 0.00416011 0.0028671 0.000618394 0 0 0 0 0
 0 0 0 0 0 0 0 0 0 0 0.00291406 0.0102884 0.027416 0.0768956 0.0749926 0.110853 0.0956884 0.0897413 0.0766577 0.0534642 0.0500743 0.0551293 0.0594112 0.0620874 0.0668451 0.0424026 0.0208742 0.0120726 0.0048766 0.00582813 0.00118941 0.000297354 0 0 0 0
 0 0.00264628 0.0354308 0.0461629 0.0458689 0.0383711 0.0214643 0.0164657 0.0346957 0.0420465 0.0363128 0.0245516 0.0311673 0.0291091 0.0169068 0.0133784 0.00837989 0.0085269 0.0148486 0.0160247 0.0276389 0.0546898 0.0760071 0.122758 0.109233 0.0665981 0.0333725 0.0166128 0.00676272 0.00308733 0.000882094 0 0 0 0 0
 0 0 0 0 0 0 0 0.000805153 0.000690131 0.00759144 0.0133425 0.0154129 0.00931677 0.000345066 0.00356568 0.00563607 0.00851162 0.0253048 0.0502646 0.0516448 0.0657925 0.0565908 0.0611916 0.0827007 0.0866115 0.110766 0.145733 0.0935128 0.0569358 0.0249597 0.0138026 0.00621118 0.00161031 0.00115022 0 0
 0 0 0 0 0 0 0 0 0 0 0 0 0 0 0 0 0 0 0 0 0 0 0 0 0 0 0 0 0 0 0 0 0 0 0 0
 0.00147267 0.00158595 0.00478618 0.00569244 0.00954404 0.0108468 0.00647125 0.017049 0.0510054 0.094081 0.124002 0.0959785 0.0687766 0.0820023 0.061753 0.0591476 0.0492212 0.0479892 0.0443925 0.0268479 0.0217502 0.0140895 0.0121071 0.0120363 0.00920419 0.00665534 0.0049561 0.00860946 0.00930331 0.0156896 0.0114698 0.00855282 0.00243557 0.00046729 0 2.83206e-05
 0 0 0 0 0.000772559 0.00158375 0.000888443 0.00281984 0.00712685 0.0440552 0.0773331 0.111326 0.0921469 0.0852325 0.0710754 0.0886704 0.0786465 0.0553345 0.0373146 0.0185414 0.00753245 0.00457741 0.012979 0.0271748 0.0457355 0.0583668 0.034881 0.0177882 0.00938659 0.00492506 0.0015258 0.00185414 0.000309023 5.79419e-05 3.86279e-05 0
 0 0.00173294 0.00326652 0 0.00397197 0.00683976 0.00946217 0.0152591 0.00757587 0.0136028 0.0228656 0.0392903 0.0559909 0.0764795 0.0681675 0.0726916 0.0566044 0.0477403 0.0527397 0.0444891 0.0609904 0.0582453 0.0661739 0.0445044 0.0529084 0.0360697 0.0280645 0.0235558 0.0158879 0.00826598 0.00280645 0.00217768 0.000904811 0.00058276 9.20147e-05 0
 0 0 0 0 0 0 0 0 0 0 0 0 0 0 0 0 0 0 0 0 0 0 0 0 0 0 0 0 0 0 0 0 0 0 0 0
 0 0 0 0 0 0 0 0 0 0 0 0 0 0 0 0 0 0 0 0 0 0 0 0 0 0 0 0 0 0 0 0 0 0 0 0
 0 0 0 0 0 0 0 0 0 0 0 0 0 0 0 0 0 0 0 0 0 0 0 0 0 0 0 0 0 0 0 0 0 0 0 0
ppred_pel_tallas
 1.01792e-16 2.89394e-05 0.000169839 0.000807315 0.00310817 0.00969249 0.0244825 0.0500952 0.0830409 0.111529 0.121386 0.107119 0.0767846 0.0450241 0.0222484 0.01048 0.00660147 0.00692486 0.00917754 0.0123254 0.0158774 0.0194593 0.0226896 0.0252033 0.026721 0.0271076 0.0263965 0.024768 0.022495 0.0198733 0.0171621 0.0145485 0.012142 0.00998834 0.00809379 0.00644726
 1.01646e-16 3.32642e-05 0.000195236 0.000928069 0.00357313 0.0111425 0.028145 0.0575882 0.0954585 0.128197 0.1395 0.123042 0.0880602 0.0513584 0.0248614 0.0108439 0.00567046 0.00506282 0.00639929 0.00852747 0.0109732 0.0134471 0.015681 0.0174248 0.0184889 0.0187844 0.0183379 0.0172766 0.0157888 0.0140752 0.0123079 0.0106067 0.00903628 0.00761809 0.00634895 0.00521738
 1.02115e-16 2.56809e-05 0.000150701 0.000716312 0.00275775 0.00859972 0.0217224 0.0444484 0.0736838 0.0989721 0.107746 0.0951454 0.068339 0.0403489 0.0204524 0.0104924 0.00774897 0.00898026 0.0121665 0.0163378 0.0209503 0.0255156 0.0295157 0.0324614 0.033994 0.0339658 0.032471 0.0298097 0.0264049 0.0226984 0.0190621 0.0157463 0.0128719 0.0104559 0.00845214 0.00679054
 1.01406e-16 3.54615e-05 0.00020814 0.000989426 0.00380938 0.0118792 0.0300059 0.0613955 0.101768 0.136665 0.148702 0.131126 0.0937784 0.0545558 0.0261522 0.010968 0.00510351 0.00398066 0.00480321 0.00636473 0.00820897 0.0101004 0.0118395 0.0132409 0.0141609 0.0145257 0.0143433 0.0136932 0.0127002 0.011501 0.0102156 0.00893127 0.00770043 0.00654834 0.00548481 0.00451413
 1.01018e-16 3.35056e-05 0.000196651 0.000934792 0.003599 0.0112231 0.0283488 0.0580055 0.0961508 0.129129 0.14052 0.123954 0.0887426 0.0518147 0.0251905 0.0111695 0.00609719 0.00566603 0.00722759 0.00960061 0.0122735 0.0149102 0.0171941 0.0188348 0.0196227 0.0194768 0.0184618 0.0167666 0.0146526 0.0123913 0.0102094 0.00825753 0.00660514 0.00525618 0.0041745 0.00330859
 1.02057e-16 2.39847e-05 0.00014074 0.000668952 0.00257539 0.00803103 0.020286 0.0415096 0.0688135 0.092435 0.100641 0.0888999 0.0639152 0.0378619 0.0194229 0.0103422 0.00810295 0.00969515 0.0132367 0.0178053 0.022852 0.027857 0.0322587 0.0355233 0.0372552 0.0372859 0.0357076 0.0328367 0.0291252 0.0250499 0.0210169 0.0173057 0.0140594 0.0113102 0.00902134 0.00712753
 1.02363e-16 3.17262e-05 0.000186207 0.000885146 0.00340786 0.0106271 0.0268432 0.0549247 0.0910435 0.122268 0.13305 0.117355 0.0839971 0.0490022 0.0237474 0.0104064 0.00551838 0.00501114 0.00639439 0.00858018 0.011127 0.0137669 0.016247 0.0183233 0.0197998 0.0205657 0.020612 0.02002 0.0189297 0.0174997 0.0158729 0.0141582 0.0124283 0.0107292 0.00909272 0.00754704
 1.0197e-16 3.07862e-05 0.000180684 0.000858874 0.00330669 0.0103116 0.0260463 0.0532946 0.0883433 0.118648 0.129125 0.113928 0.0816201 0.0477685 0.0234341 0.0107509 0.00638295 0.00639037 0.0083467 0.0111565 0.0143191 0.0174757 0.0202729 0.0223806 0.0235554 0.0236941 0.0228535 0.0212269 0.0190884 0.0167239 0.0143727 0.0121943 0.0102645 0.00859358 0.0071542 0.00590707
 1.01449e-16 3.33125e-05 0.000195519 0.000929413 0.0035783 0.0111586 0.0281857 0.0576716 0.095597 0.128384 0.139705 0.123227 0.0882021 0.0514599 0.0249456 0.0109396 0.005804 0.00525503 0.00666513 0.00887413 0.0113967 0.013929 0.0161877 0.0179093 0.0188972 0.0190635 0.0184453 0.0171878 0.0155014 0.0136089 0.0117003 0.00990658 0.00829575 0.00688579 0.00566475 0.00460953
 1.01359e-16 3.1571e-05 0.000185291 0.000880777 0.00339102 0.0105746 0.0267106 0.0546538 0.0905961 0.121672 0.132415 0.116826 0.0836858 0.0489564 0.0239773 0.0109328 0.00639724 0.00632602 0.00822812 0.01098 0.0140711 0.0171396 0.0198315 0.0218172 0.0228548 0.022844 0.0218461 0.020061 0.0177712 0.0152729 0.012816 0.01057 0.00861828 0.00697462 0.00561052 0.00448092
 1.02909e-16 2.04124e-05 0.000119763 0.000569216 0.00219137 0.00683346 0.0172611 0.0353208 0.0585568 0.0786665 0.0856741 0.0757358 0.0545743 0.032577 0.0171703 0.00988367 0.00862255 0.0108614 0.0150084 0.0202484 0.0260363 0.0318076 0.0369358 0.0408197 0.0430084 0.0433016 0.0417875 0.0388029 0.0348361 0.0304048 0.0259513 0.0217825 0.0180594 0.0148258 0.0120546 0.00969027
 1.05861e-16 1.95786e-05 0.000114879 0.00054602 0.0021021 0.0065551 0.0165578 0.033881 0.0561672 0.075448 0.0821475 0.0725672 0.0521805 0.030928 0.0159031 0.00854021 0.00680403 0.00826651 0.0114321 0.0156 0.0203803 0.0254051 0.0302558 0.0345054 0.0377944 0.0398965 0.0407489 0.0404361 0.0391424 0.0370892 0.0344849 0.0314983 0.0282583 0.0248695 0.0214304 0.0180437
 1.0461e-16 2.949e-05 0.00017308 0.000822738 0.00316758 0.00987778 0.0249505 0.051052 0.0846245 0.113649 0.123673 0.109091 0.0780966 0.0455896 0.0221499 0.00980487 0.00534595 0.00499751 0.00645404 0.00871229 0.0113676 0.0141735 0.0168945 0.0193001 0.0212008 0.0224826 0.0231207 0.0231674 0.0227226 0.0218969 0.0207836 0.0194468 0.0179254 0.016247 0.0144444 0.012564
 1.02956e-16 2.89476e-05 0.000169887 0.000807544 0.00310905 0.00969524 0.0244895 0.0501095 0.0830645 0.111561 0.121421 0.10715 0.0768055 0.0450347 0.0222499 0.0104728 0.00658295 0.00688804 0.0091106 0.0122115 0.0156953 0.0191861 0.0223049 0.0246957 0.0260956 0.0263918 0.0256435 0.0240548 0.0219148 0.019523 0.0171264 0.0148852 0.0128707 0.0110861 0.00949829 0.0080666
 1.01611e-16 3.33289e-05 0.000195616 0.000929872 0.00358007 0.0111641 0.0281996 0.0577001 0.0956441 0.128447 0.139773 0.123284 0.0882386 0.0514719 0.0249339 0.010905 0.00574368 0.00516351 0.00653612 0.00870314 0.0111835 0.0136794 0.0159146 0.017632 0.0186392 0.0188494 0.018297 0.0171211 0.0155241 0.0137198 0.0118905 0.010161 0.00859602 0.00721229 0.0059988 0.00493485
 1.01049e-16 3.3634e-05 0.000197406 0.000938379 0.00361281 0.0112662 0.0284576 0.0582281 0.0965196 0.129623 0.141056 0.124423 0.089069 0.0519867 0.0252395 0.0111329 0.00599562 0.00550211 0.00699507 0.00929355 0.0118927 0.0144672 0.0167122 0.0183474 0.0191686 0.0190938 0.01818 0.0166026 0.0146076 0.0124516 0.0103505 0.00844932 0.00681787 0.0054646 0.00436056 0.00346211
 1.0159e-16 2.77077e-05 0.000162603 0.000772902 0.00297565 0.00927923 0.0234388 0.0479599 0.0795032 0.106783 0.116235 0.102608 0.0736255 0.0433219 0.0216854 0.0106778 0.00733777 0.00814817 0.0109271 0.0146503 0.018782 0.0228725 0.0264536 0.0290846 0.0304413 0.0303888 0.0290093 0.026571 0.0234541 0.0200578 0.0167208 0.0136742 0.011034 0.00882188 0.0070014 0.00551197
 1.02465e-16 2.80995e-05 0.000164908 0.000783873 0.00301791 0.00941102 0.0237716 0.0486405 0.0806297 0.108292 0.117864 0.104015 0.0745683 0.0437425 0.0216488 0.0102552 0.00653919 0.00692482 0.00920953 0.0123919 0.0159952 0.0196539 0.0229923 0.0256492 0.027345 0.0279396 0.0274564 0.026061 0.0240087 0.0215769 0.0190082 0.0164778 0.0140884 0.0118859 0.00988293 0.00807984
 1.02919e-16 2.7545e-05 0.000161652 0.000768391 0.0029583 0.00922513 0.023302 0.0476799 0.0790377 0.106155 0.115542 0.101974 0.0731221 0.0429291 0.0213111 0.0102032 0.00664831 0.0071449 0.00953348 0.012826 0.0165421 0.0203049 0.0237259 0.026433 0.028142 0.0287162 0.0281897 0.0267442 0.0246513 0.0222011 0.0196414 0.0171443 0.0148024 0.0126478 0.0106791 0.00888592
 1.01786e-16 3.43312e-05 0.000201503 0.000957868 0.00368787 0.0115003 0.0290488 0.0594373 0.0985226 0.132309 0.143968 0.126965 0.0908307 0.0528985 0.0254656 0.0108661 0.0053348 0.00444691 0.00549624 0.00730613 0.00941514 0.0115659 0.0135305 0.0150973 0.0161043 0.0164726 0.0162189 0.015443 0.0142954 0.0129374 0.0115069 0.0100999 0.0087686 0.00753207 0.00639138 0.00534297
 1.01563e-16 3.00087e-05 0.000176116 0.000837152 0.00322304 0.0100507 0.0253874 0.0519468 0.0861102 0.115652 0.125873 0.111079 0.0796236 0.0466896 0.0230713 0.010864 0.00683069 0.00713994 0.00942419 0.0125967 0.0161314 0.0196249 0.0226708 0.0248906 0.026009 0.0259159 0.0246898 0.0225696 0.019889 0.0169953 0.014179 0.0116343 0.00945212 0.00764074 0.00615826 0.00494405
 1.02172e-16 2.82954e-05 0.000166057 0.000789332 0.00303892 0.00947656 0.0239371 0.0489794 0.0811917 0.109047 0.118688 0.104748 0.0751038 0.0440777 0.0218534 0.0104155 0.00672261 0.0071738 0.00954736 0.012826 0.0165158 0.0202308 0.0235746 0.0261691 0.0277267 0.028112 0.0273657 0.0256815 0.0233476 0.0206731 0.017925 0.015292 0.0128787 0.0107225 0.00882045 0.00715391
 1.02126e-16 3.13746e-05 0.000184141 0.000875315 0.00337 0.010509 0.026545 0.0543147 0.0900333 0.120914 0.131584 0.116078 0.0831184 0.048561 0.0236664 0.0105955 0.005936 0.00566594 0.0073173 0.00979475 0.0126269 0.0155016 0.0181176 0.0201897 0.0214999 0.021942 0.0215401 0.0204309 0.0188205 0.0169302 0.0149502 0.0130143 0.0111965 0.00952469 0.00800109 0.0066198
 1.02304e-16 2.80292e-05 0.000164493 0.000781893 0.00301028 0.00938722 0.0237115 0.0485178 0.080427 0.108022 0.117576 0.103775 0.0744269 0.043721 0.0217514 0.0104904 0.00693116 0.00750913 0.0100204 0.0134462 0.0172777 0.0211065 0.0245119 0.0270963 0.0285639 0.0287852 0.0278218 0.0258991 0.0233408 0.0204873 0.0176259 0.014952 0.0125631 0.0104796 0.00867671 0.0071143
 1.0571e-16 1.07617e-05 6.30963e-05 0.000299793 0.00115399 0.0035984 0.00908974 0.0186024 0.0308491 0.0414705 0.0452365 0.0401595 0.0293101 0.0182422 0.0109814 0.0084726 0.00975557 0.0136114 0.0192364 0.0261171 0.0337394 0.0414473 0.0484698 0.0540499 0.0576033 0.0588421 0.057824 0.0549071 0.0506357 0.0455963 0.0402961 0.0350943 0.0301937 0.0256754 0.0215519 0.0178131
pSPR Fmed_Fpbrs
0.600495   0.345176 0.345176
Fs Fmed_Fpbrs
0.352839   1.005 1.005
SSBpbr Bo_Bmed_Bpbrs
999609  550279  295061 295061
Ro
39340.1
SPR SPRFo_SPRFmed_SPRFpbrs
808944 485766 279228
log_Ro
10.4
likeval ReclasPelacesDesembMPH_pf_preclas_ppelaces_ptallas_desvR_qrecl_qpela
 74.0712 46.7664 0.00731334 0.000165981 314.233 192.552 77.7246 0 17.6323 3.7423e-05 0 0 0 0 0
q_reclas_q_pelaces
0.420267 1
M
0.7
N
 29927.1 14775.4 5897.48 736.284 0.25842
 43359.7 13721.9 4484.11 1789.8 223.53
 16427.1 19602.5 3817.08 1247.36 560.053
 38432.4 6792.65 3143.64 612.143 289.854
 71372 18204.5 2520.02 1166.26 334.633
 43131.8 35195.7 8658.73 1198.61 713.881
 80219.1 20171 12066.7 2968.62 655.693
 89860.2 38243.6 7787.08 4658.39 1399.18
 132883 41336.6 11842.5 2411.34 1875.78
 166715 61052.4 12703.4 3639.37 1317.5
 66591.8 78807.6 22365.8 4653.73 1815.89
 37139.1 30480.5 23663.3 6715.71 1942.61
 45525.9 17124.6 9576.57 7434.71 2720.33
 22534.9 20012.1 4005.68 2240.09 2375.4
 16141.8 9036.9 2656 531.633 612.568
 18371 6432.14 1153.22 338.939 146.014
 13866.5 8329.32 1821.39 326.557 137.324
 14637.1 6442.31 2742.07 599.613 152.713
 15102.7 6929.62 2382.39 1014.03 278.214
 33890.3 7185.72 2642.53 908.5 492.783
 41021.6 16056.7 2669.62 981.748 520.601
 47976.1 19984 7083.89 1177.78 662.806
 79923.5 23246.6 8528.52 3023.17 785.501
 83886.5 38499.6 9567.36 3510 1567.49
 17883.8 40426 15887.1 3948.04 2095.26
pred_Ctot
 1657.74 4249.9 1696.31 211.78 0.0743301
 2809.28 4486.07 1465.98 585.132 73.0778
 1997.54 10164.1 1979.19 646.767 290.392
 1278.6 1256.38 581.452 113.223 53.6118
 357.273 553.681 76.645 35.4713 10.1777
 1813.04 8004.5 1969.24 272.599 162.357
 2311.09 3276.03 1959.79 482.141 106.493
 4780.79 10636.3 2165.75 1295.6 389.14
 7179.6 11645.7 3336.37 679.344 528.462
 5781.37 11719.2 2438.46 698.59 252.898
 3765.7 23059.2 6544.26 1361.69 531.331
 1917.13 8265.15 6416.6 1821.05 526.763
 3785.33 6797.88 3801.57 2951.33 1079.88
 3157.51 11340.1 2269.88 1269.38 1346.06
 2322.72 5203.14 1529.23 306.096 352.696
 1155.14 2052.69 368.028 108.166 46.5976
 644.897 2067.15 452.027 81.0441 34.0807
 492.2 1203.07 512.067 111.974 28.5183
 455.934 1174.27 403.713 171.834 47.1452
 1122.13 1323.41 486.681 167.32 90.7568
 560.601 1297.22 215.678 79.3151 42.0592
 837.728 2038.38 722.558 120.134 67.6063
 1725.3 2893.64 1061.6 376.312 97.7761
 1785.51 4729.7 1175.36 431.205 192.568
 381.83 4980.67 1957.37 486.417 258.146
F
 0.0797678 0.492424 0.492424 0.492424 0.492424
 0.0938752 0.579511 0.579511 0.579511 0.579511
 0.183094 1.13028 1.13028 1.13028 1.13028
 0.0472324 0.291575 0.291575 0.291575 0.291575
 0.00698208 0.0431019 0.0431019 0.0431019 0.0431019
 0.0600125 0.37047 0.37047 0.37047 0.37047
 0.0407863 0.251782 0.251782 0.251782 0.251782
 0.0765053 0.472284 0.472284 0.472284 0.472284
 0.0777362 0.479882 0.479882 0.479882 0.479882
 0.0492773 0.304199 0.304199 0.304199 0.304199
 0.0814945 0.503083 0.503083 0.503083 0.503083
 0.0741538 0.457767 0.457767 0.457767 0.457767
 0.121947 0.752804 0.752804 0.752804 0.752804
 0.213748 1.31951 1.31951 1.31951 1.31951
 0.220105 1.35876 1.35876 1.35876 1.35876
 0.0909913 0.561708 0.561708 0.561708 0.561708
 0.0665891 0.411069 0.411069 0.411069 0.411069
 0.0477517 0.294781 0.294781 0.294781 0.294781
 0.0427762 0.264067 0.264067 0.264067 0.264067
 0.0470029 0.290159 0.290159 0.290159 0.290159
 0.019164 0.118304 0.118304 0.118304 0.118304
 0.0245444 0.151518 0.151518 0.151518 0.151518
 0.030422 0.187802 0.187802 0.187802 0.187802
 0.0299906 0.185139 0.185139 0.185139 0.185139
 0.0300845 0.185718 0.185718 0.185718 0.185718
YTP_r0W_actual
 4276.5 109575 64593.2 19991.7 11048.6
YTP_p0W_proyectada
 32253.3 88944.3 250882 128616 51576.4
 32253.3 151526 23571.5 59489 31565.6
CTP_r0_actual
 381.83 4980.67 1957.37 486.417 258.146
CTP_p0_proyectada
 3794.51 4156.28 8041.08 3160.09 1109.17
 3794.51 7080.65 755.496 1461.65 678.829
Wmedp
 8.5 21.4 31.2 40.7 46.5
nmprior
 10.6 11 7 0
nm_flota  nm_reclas  nm_pelaces    nm_pelaL
inf 18.9247 19.7257 48.2551
cv_recla  cv_pelaces  cv_mph
0.778484 0.775424 0.417991
 ------------------------------------------------
Talla a la edad & desviaci?n 
 7.2 14.2025 17.0495 18.207 18.6776
 1.08 2.13037 2.55742 2.73105 2.80164
