years
 1997 1998 1999 2000 2001 2002 2003 2004 2005 2006 2007 2008 2009 2010 2011 2012 2013 2014 2015 2016 2017 2018 2019 2020 2021
reclasobs
 0 0 0 370054 412103 1.49427e+06 250295 1.28982e+06 931140 785840 897777 1.04006e+06 184774 17550 25797 100020 73551 82996 120727 218422 84188 347160 605670 569463 516374
reclaspred
 386153 109478 354216 261382 374958 447567 980951 643120 698324 611654 475793 318609 195224 92525.9 67138.1 70016.1 88850.9 122307 128898 185848 267853 242845 420222 532128 611691
pelacesobs
 0 0 0 0 0 0 0 0 0 2.06254e+06 1.5e+06 0 1.87456e+06 323000 250000 174000 83755 137374 0 501740 490994 745055 786931 1.00524e+06 1.33801e+06
pelacespred
 1.23663e+06 311783 617711 691184 843681 849196 2.08425e+06 1.73321e+06 1.64921e+06 1.46532e+06 1.02797e+06 708709 432436 172796 123152 136658 180596 250603 273149 381686 608459 541715 738427 1.10927e+06 1.27689e+06
mphobs
 0 0 0 0 0 112323 0 153150 637223 0 255016 313432 73983 77613 109348 50772 0 0 0 0 0 0 0 0 0
mphpred
 141817 90633 115611 150210 155379 237726 360803 421753 355161 348331 314972 220536 136033 72134.2 36060.8 31912.3 39237.5 54819.6 68265.3 78152.1 117316 137952 171662 244563 334093
desembarqueobs
 350755 77701 442110 56441 14545 235359 269955 359681 431902 328805 639364 411747 362871 311530 167758 66681 60226 58785 57116 73181 50977 67692 138656 160484 209506
desembarquepred
 350763 77702.6 442127 56442.4 14545.1 235393 269981 359695 431949 328842 639650 412036 363265 312038 167825 66694.6 60244.7 58787.4 57113.6 73181.4 50977.6 67688 138657 160488 209507
Reclutas
 59009.5 75689.3 47371 74946.1 127273 92983.7 145196 131344 152797 144350 68441.1 40576 42720.3 24083 19149.8 24400.1 20442.7 22976 25842.8 47279.3 58791.2 74075.8 121330 143834 58694.2
log_desv_Rt
 -0.0145457 0.234392 -0.234234 0.224524 0.754087 0.44018 0.88584 0.785573 0.936865 0.879994 0.13373 -0.389067 -0.33757 -0.910739 -1.13995 -0.897656 -1.07462 -0.957793 -0.840211 -0.236171 -0.0182521 0.212845 0.706271 0.876413 -0.0199032
SSB
 760878 486264 620276 805906 833640 1.27545e+06 1.93578e+06 2.26279e+06 1.90551e+06 1.86886e+06 1.68989e+06 1.18322e+06 729843 387015 193473 171216 210517 294118 366257 419301 629426 740139 921001 1.31213e+06 1.79248e+06
BT
 2.50558e+06 689295 1.34854e+06 1.29731e+06 1.52155e+06 1.70625e+06 3.91522e+06 3.51301e+06 3.34908e+06 2.94289e+06 2.424e+06 1.65095e+06 1.1328e+06 611219 364132 300009 372899 495719 538378 743261 1.131e+06 1.03354e+06 1.41778e+06 2.11805e+06 2.45062e+06
Ftot
 0.391016 0.309295 0.435472 0.0813091 0.0163382 0.163142 0.101463 0.201368 0.229267 0.189307 0.404158 0.37676 0.594172 1.0337 0.936328 0.366225 0.260787 0.175502 0.149219 0.155451 0.0719038 0.0952134 0.114202 0.110077 0.101771
BD_Bspro_t
 0.952428 0.778245 0.747659 0.641745 0.756849 0.862276 0.836864 0.842083 0.794687 0.758103 0.719351 0.572488 0.459601 0.347706 0.231283 0.249615 0.369306 0.536715 0.643869 0.721081 0.808605 0.86635 0.870108 0.873594 0.875518
BD_Bspro
 0.618007 0.394957 0.503806 0.65458 0.677106 1.03595 1.57229 1.8379 1.54771 1.51794 1.37258 0.961042 0.592799 0.314344 0.157145 0.139066 0.170988 0.238891 0.297484 0.340568 0.511237 0.601162 0.748063 1.06575 1.4559
BD_Bo
 0.539244 0.344622 0.439598 0.571156 0.590812 0.903926 1.37191 1.60367 1.35046 1.32449 1.19765 0.838562 0.51725 0.274282 0.137117 0.121343 0.149196 0.208445 0.259571 0.297164 0.446082 0.524546 0.652726 0.929922 1.27035
BD_Brms
 1.8924 1.2094 1.54271 2.00439 2.07337 3.1722 4.81454 5.62785 4.73926 4.64811 4.20298 2.94282 1.81522 0.962556 0.481194 0.425836 0.523583 0.73151 0.910929 1.04286 1.56546 1.84082 2.29065 3.26343 4.45812
S_f
 0.195346 1 1 1 1
 0.195346 1 1 1 1
 0.195346 1 1 1 1
 0.195346 1 1 1 1
 0.195346 1 1 1 1
 0.195346 1 1 1 1
 0.195346 1 1 1 1
 0.195346 1 1 1 1
 0.195346 1 1 1 1
 0.195346 1 1 1 1
 0.195346 1 1 1 1
 0.195346 1 1 1 1
 0.195346 1 1 1 1
 0.195346 1 1 1 1
 0.195346 1 1 1 1
 0.195346 1 1 1 1
 0.195346 1 1 1 1
 0.195346 1 1 1 1
 0.195346 1 1 1 1
 0.195346 1 1 1 1
 0.195346 1 1 1 1
 0.195346 1 1 1 1
 0.195346 1 1 1 1
 0.195346 1 1 1 1
 0.195346 1 1 1 1
Scru_reclas
 1 1 1 1 1
 1 1 1 1 1
 1 1 1 1 1
 1 1 1 1 1
 1 1 1 1 1
 1 1 1 1 1
 1 1 1 1 1
 1 1 1 1 1
 1 1 1 1 1
 1 1 1 1 1
 1 1 1 1 1
 1 1 1 1 1
 1 1 1 1 1
 1 1 1 1 1
 1 1 1 1 1
 1 1 1 1 1
 1 1 1 1 1
 1 1 1 1 1
 1 1 1 1 1
 1 1 1 1 1
 1 1 1 1 1
 1 1 1 1 1
 1 1 1 1 1
 1 1 1 1 1
 1 1 1 1 1
Scru_pelaces
 1 1 1 1 1
 1 1 1 1 1
 1 1 1 1 1
 1 1 1 1 1
 1 1 1 1 1
 1 1 1 1 1
 1 1 1 1 1
 1 1 1 1 1
 1 1 1 1 1
 1 1 1 1 1
 1 1 1 1 1
 1 1 1 1 1
 1 1 1 1 1
 1 1 1 1 1
 1 1 1 1 1
 1 1 1 1 1
 1 1 1 1 1
 1 1 1 1 1
 1 1 1 1 1
 1 1 1 1 1
 1 1 1 1 1
 1 1 1 1 1
 1 1 1 1 1
 1 1 1 1 1
 1 1 1 1 1
pf_obs 
 0.256992 0.487395 0.22802 0.0275931 0
 0.321318 0.546541 0.124235 0.00734118 0.000564706
 0.182869 0.594174 0.210203 0.0122559 0.00049798
 0.330522 0.361315 0.267642 0.0388342 0.00168674
 0.649043 0.306663 0.0425973 0.00169635 0
 0.582887 0.30429 0.105238 0.00758474 0
 0.465427 0.430635 0.0974691 0.00646863 0
 0.296916 0.608066 0.0921331 0.00288517 0
 0.311714 0.524322 0.152257 0.0117073 0
 0.15457 0.633149 0.183074 0.0267441 0.00246327
 0.131901 0.49318 0.331252 0.0422183 0.00144891
 0.196976 0.569456 0.194076 0.0375587 0.00193317
 0.518974 0.381816 0.0799577 0.0180837 0.00116848
 0.0928022 0.601141 0.25162 0.0475244 0.00691264
 0.122501 0.610282 0.24278 0.0234846 0.000952079
 0.383417 0.481906 0.127806 0.00687128 0
 0.0376549 0.599619 0.316969 0.0457579 0
 0.0361596 0.667082 0.258105 0.0386534 0
 0.158088 0.579412 0.248529 0.0139706 0
 0.0477256 0.309471 0.559284 0.082774 0.000745712
 0.0406174 0.521527 0.379366 0.0568643 0.0016247
 0.151134 0.462217 0.34131 0.0453401 0
 0.294876 0.26143 0.354403 0.0886775 0.000613685
 0.281977 0.475581 0.204845 0.0348837 0.00271318
 0.0841818 0.532909 0.334909 0.0458182 0.00218182
pf_pred 
 0.357754 0.452741 0.169426 0.0200685 1.06824e-05
 0.3191 0.526809 0.108624 0.0406497 0.0048175
 0.182106 0.60075 0.168003 0.034641 0.0144998
 0.288915 0.414311 0.217983 0.0609603 0.0178308
 0.318099 0.465957 0.125819 0.0661976 0.0239274
 0.177363 0.581083 0.165059 0.0445694 0.0319255
 0.263051 0.400256 0.237828 0.0675559 0.0313082
 0.203616 0.52301 0.148477 0.0882233 0.036674
 0.232966 0.452019 0.20688 0.0587309 0.0494039
 0.208175 0.501445 0.171123 0.0783196 0.0409372
 0.116653 0.525319 0.226731 0.0773743 0.0539226
 0.114203 0.397925 0.290133 0.125223 0.0725152
 0.192956 0.35515 0.203004 0.148013 0.100877
 0.176021 0.50947 0.138403 0.0791115 0.0969938
 0.249718 0.483376 0.165029 0.044832 0.0570445
 0.331902 0.486637 0.116908 0.0399134 0.0246395
 0.225332 0.581634 0.140604 0.0337782 0.0186513
 0.23661 0.478371 0.213997 0.0517317 0.0192901
 0.233712 0.484436 0.17662 0.0790101 0.026222
 0.328609 0.420018 0.158914 0.0579382 0.0345203
 0.273788 0.529361 0.123149 0.0465935 0.0271088
 0.257148 0.49471 0.180879 0.0420792 0.0251836
 0.307262 0.449679 0.161867 0.059183 0.0220082
 0.25899 0.522502 0.141841 0.0510575 0.0256099
 0.0998958 0.587643 0.220323 0.0598101 0.0323283
pobs_RECLAS
 0 0 0 0 0
 0 0 0 0 0
 0 0 0 0 0
 0 0 0 0 0
 0.835266 0.146461 0.0176864 0.000547809 3.91292e-05
 0.385257 0.428462 0.181853 0.0044286 0
 0.867414 0.0963971 0.0333333 0.00285562 0
 0.441836 0.489002 0.0689373 0.000224442 0
 0.779404 0.147425 0.0564933 0.0165055 0.000172143
 0.814271 0.122319 0.05973 0.00367925 0
 0.40263 0.566651 0.0304383 0.000280538 0
 0.475488 0.404961 0.113038 0.00651328 0
 0.955842 0.0263864 0.0167828 0.000988607 0
 0.975058 0.0227948 0.00214734 0 0
 0.738997 0.206755 0.0527124 0.00153531 0
 0.850938 0.134255 0.0134407 0.00136685 0
 0.542534 0.407297 0.0501686 0 0
 0.764087 0.199537 0.0359546 0.000420521 0
 0.470689 0.182191 0.310203 0.0369168 0
 0.84361 0.089868 0.0606195 0.00523954 0.000663233
 0.607945 0.314616 0.071237 0.00620181 0
 0.523733 0.453247 0.0230204 0 0
 0.530135 0.295979 0.169645 0.0042399 0
 0.562478 0.366248 0.0663022 0.0049721 0
 0.250443 0.683176 0.0655157 0.000865301 0
ppred_RECLAS
 0.744973 0.179777 0.0672768 0.00796892 4.24183e-06
 0.709546 0.224723 0.0463362 0.0173401 0.00205502
 0.539528 0.338221 0.0945853 0.0195028 0.00816335
 0.6762 0.188661 0.099261 0.0277589 0.00811946
 0.705001 0.201579 0.0544307 0.0286379 0.0103513
 0.526799 0.334253 0.0949458 0.0256374 0.0183643
 0.64747 0.191468 0.113768 0.0323163 0.0149767
 0.569568 0.282678 0.0802492 0.0476832 0.0198217
 0.611605 0.228884 0.104756 0.029739 0.0250162
 0.576209 0.268377 0.0915865 0.0419173 0.0219099
 0.409413 0.351217 0.151588 0.0517308 0.0360515
 0.403118 0.268136 0.195502 0.08438 0.0488634
 0.560529 0.193395 0.110544 0.0805997 0.0549322
 0.544386 0.281708 0.0765293 0.0437442 0.0536321
 0.647888 0.226851 0.0774491 0.0210399 0.0267713
 0.722247 0.202313 0.0486029 0.0165935 0.0102436
 0.601785 0.298987 0.0722771 0.0173636 0.00958763
 0.615619 0.240868 0.107752 0.0260479 0.00971291
 0.61143 0.245648 0.0895604 0.0400645 0.0132967
 0.716401 0.177418 0.0671261 0.0244734 0.0145815
 0.659495 0.248206 0.057742 0.0218467 0.0127107
 0.64036 0.239506 0.0875698 0.020372 0.0121922
 0.695478 0.197675 0.0711557 0.0260164 0.00967462
 0.642757 0.251899 0.068382 0.0246149 0.0123466
 0.363487 0.415554 0.155802 0.042295 0.0228611
pobs_PELACES
 0 0 0 0 0
 0 0 0 0 0
 0 0 0 0 0
 0 0 0 0 0
 0 0 0 0 0
 0 0 0 0 0
 0 0 0 0 0
 0 0 0 0 0
 0 0 0 0 0
 0 0 0 0 0
 0.450072 0.473896 0.0757376 0.000293798 0
 0 0 0 0 0
 0.463077 0.371075 0.160297 0.00555027 0
 0.529543 0.364841 0.0842815 0.0213345 0
 0.631943 0.363953 0.00410389 0 0
 0.735681 0.248677 0.0153453 0.000297389 0
 0.695825 0.281241 0.0229344 0 0
 0.275771 0.60734 0.115278 0.00161068 0
 0 0 0 0 0
 0.896147 0.0623911 0.0374545 0.00400742 0
 0.803859 0.145111 0.0509908 3.86294e-05 0
 0.739449 0.233085 0.0266225 0.000797448 4.60066e-05
 0.878498 0.100942 0.0204185 0.000141795 0
 0.694673 0.275183 0.0284847 0.00165964 0
 0.469039 0.446079 0.0841089 0.000773354 0
ppred_PELACES
 0.764193 0.166229 0.0622065 0.00736834 3.92214e-06
 0.726177 0.211856 0.0436831 0.0163472 0.00193735
 0.568093 0.317239 0.0887177 0.018293 0.00765694
 0.680909 0.185917 0.0978174 0.0273552 0.00800137
 0.705903 0.200963 0.0542644 0.0285504 0.0103197
 0.537584 0.326635 0.0927819 0.0250531 0.0179458
 0.653595 0.188142 0.111792 0.0317548 0.0147165
 0.582625 0.274103 0.0778148 0.0462367 0.0192204
 0.625964 0.220422 0.100883 0.0286395 0.0240913
 0.588435 0.260635 0.0889444 0.040708 0.0212778
 0.435591 0.335649 0.144868 0.0494378 0.0344535
 0.427405 0.257226 0.187547 0.0809466 0.0468751
 0.598948 0.176488 0.100881 0.0735536 0.05013
 0.611233 0.240377 0.065301 0.0373261 0.0457633
 0.702326 0.191779 0.0654752 0.0177871 0.0226324
 0.741328 0.188415 0.0452641 0.0154536 0.00953987
 0.618257 0.286619 0.0692874 0.0166453 0.00919104
 0.626586 0.233996 0.104677 0.0253047 0.0094358
 0.620801 0.239724 0.0874005 0.0390983 0.012976
 0.724712 0.172219 0.065159 0.0237562 0.0141542
 0.663769 0.24509 0.0570172 0.0215725 0.0125512
 0.646161 0.235643 0.0861572 0.0200434 0.0119956
 0.701862 0.193531 0.0696639 0.025471 0.0094718
 0.649441 0.247187 0.0671027 0.0241544 0.0121156
 0.369763 0.411457 0.154266 0.041878 0.0226357
pobs_pel_tallas
 0 0 0 0 0 0 0 0 0 0 0 0 0 0 0 0 0 0 0 0 0 0 0 0 0 0 0 0 0 0 0 0 0 0 0 0
 0 0 0 0 0 0 0 0 0 0 0 0 0 0 0 0 0 0 0 0 0 0 0 0 0 0 0 0 0 0 0 0 0 0 0 0
 0 0 0 0 0 0 0 0 0 0 0 0 0 0 0 0 0 0 0 0 0 0 0 0 0 0 0 0 0 0 0 0 0 0 0 0
 0 0 0 0 0 0 0 0 0 0 0 0 0 0 0 0 0 0 0 0 0 0 0 0 0 0 0 0 0 0 0 0 0 0 0 0
 0 0 0 0 0 0 0 0 0 0 0 0 0 0 0 0 0 0 0 0 0 0 0 0 0 0 0 0 0 0 0 0 0 0 0 0
 0 0 0 0 0 0 0 0 0 0 0 0 0 0 0 0 0 0 0 0 0 0 0 0 0 0 0 0 0 0 0 0 0 0 0 0
 0 0 0 0 0 0 0 0 0 0 0 0 0 0 0 0 0 0 0 0 0 0 0 0 0 0 0 0 0 0 0 0 0 0 0 0
 0 0 0 0 0 0 0 0 0 0 0 0 0 0 0 0 0 0 0 0 0 0 0 0 0 0 0 0 0 0 0 0 0 0 0 0
 0 0 0 0 0 0 0 0 0 0 0 0 0 0 0 0 0 0 0 0 0 0 0 0 0 0 0 0 0 0 0 0 0 0 0 0
 0 0 0 0 0 0 0 0 0 0 0 0 0 0 0 0 0 0 0 0 0 0 0 0 0 0 0 0 0 0 0 0 0 0 0 0
 0 0 0 0 0 0 0 0 1.78061e-05 0.00172719 0.00360574 0.0105946 0.0120993 0.0124554 0.0147524 0.0171206 0.0266825 0.0428682 0.0675386 0.121331 0.153587 0.119568 0.100827 0.0573624 0.0630603 0.0341343 0.0324427 0.0444173 0.0211091 0.0280891 0.0125444 0.00206551 0 0 0 0
 0 0 0 0 0 0 0 0 0 0 0 0 0 0 0 0 0 0 0 0 0 0 0 0 0 0 0 0 0 0 0 0 0 0 0 0
 0 0 0 0 0 0 0.0133647 0.0140871 0.0187388 0.0205184 0.03894 0.0496705 0.03968 0.0493445 0.0407372 0.0367815 0.0215668 0.0243155 0.0234873 0.0199281 0.019796 0.0243948 0.0301388 0.0376714 0.0412746 0.0863199 0.0771752 0.113111 0.0741005 0.0525337 0.0229764 0.00759418 0.00175318 0 0 0
 0 0 0 0 0 0 0 0 0 0 0.00219441 0.00772107 0.0458388 0.0604681 0.0671733 0.0775358 0.0609151 0.0617685 0.073594 0.0568108 0.0755445 0.0548602 0.0670107 0.0636378 0.0643287 0.046367 0.0373049 0.0286899 0.0247887 0.0153202 0.00654259 0.00121912 0.000365735 0 0 0
 0 0 0 0 0 0 0 0 0 0 0 0 0.000112435 0.00938835 0.0111873 0.0202946 0.0414886 0.0713402 0.111592 0.104902 0.108894 0.110636 0.117776 0.105296 0.107544 0.0401394 0.0192827 0.0124803 0.00416011 0.0028671 0.000618394 0 0 0 0 0
 0 0 0 0 0 0 0 0 0 0 0.00291406 0.0102884 0.027416 0.0768956 0.0749926 0.110853 0.0956884 0.0897413 0.0766577 0.0534642 0.0500743 0.0551293 0.0594112 0.0620874 0.0668451 0.0424026 0.0208742 0.0120726 0.0048766 0.00582813 0.00118941 0.000297354 0 0 0 0
 0 0.00264628 0.0354308 0.0461629 0.0458689 0.0383711 0.0214643 0.0164657 0.0346957 0.0420465 0.0363128 0.0245516 0.0311673 0.0291091 0.0169068 0.0133784 0.00837989 0.0085269 0.0148486 0.0160247 0.0276389 0.0546898 0.0760071 0.122758 0.109233 0.0665981 0.0333725 0.0166128 0.00676272 0.00308733 0.000882094 0 0 0 0 0
 0 0 0 0 0 0 0 0.000805153 0.000690131 0.00759144 0.0133425 0.0154129 0.00931677 0.000345066 0.00356568 0.00563607 0.00851162 0.0253048 0.0502646 0.0516448 0.0657925 0.0565908 0.0611916 0.0827007 0.0866115 0.110766 0.145733 0.0935128 0.0569358 0.0249597 0.0138026 0.00621118 0.00161031 0.00115022 0 0
 0 0 0 0 0 0 0 0 0 0 0 0 0 0 0 0 0 0 0 0 0 0 0 0 0 0 0 0 0 0 0 0 0 0 0 0
 0.00147267 0.00158595 0.00478618 0.00569244 0.00954404 0.0108468 0.00647125 0.017049 0.0510054 0.094081 0.124002 0.0959785 0.0687766 0.0820023 0.061753 0.0591476 0.0492212 0.0479892 0.0443925 0.0268479 0.0217502 0.0140895 0.0121071 0.0120363 0.00920419 0.00665534 0.0049561 0.00860946 0.00930331 0.0156896 0.0114698 0.00855282 0.00243557 0.00046729 0 2.83206e-05
 0 0 0 0 0.000772559 0.00158375 0.000888443 0.00281984 0.00712685 0.0440552 0.0773331 0.111326 0.0921469 0.0852325 0.0710754 0.0886704 0.0786465 0.0553345 0.0373146 0.0185414 0.00753245 0.00457741 0.012979 0.0271748 0.0457355 0.0583668 0.034881 0.0177882 0.00938659 0.00492506 0.0015258 0.00185414 0.000309023 5.79419e-05 3.86279e-05 0
 0 0.00173294 0.00326652 0 0.00397197 0.00683976 0.00946217 0.0152591 0.00757587 0.0136028 0.0228656 0.0392903 0.0559909 0.0764795 0.0681675 0.0726916 0.0566044 0.0477403 0.0527397 0.0444891 0.0609904 0.0582453 0.0661739 0.0445044 0.0529084 0.0360697 0.0280645 0.0235558 0.0158879 0.00826598 0.00280645 0.00217768 0.000904811 0.00058276 9.20147e-05 0
 0 0 0 0 0 0 0 0 0 0 0 0 0 0 0 0 0 0 0 0 0 0 0 0 0 0 0 0 0 0 0 0 0 0 0 0
 0 0 0 0 0 0 0 0 0 0 0 0 0 0 0 0 0 0 0 0 0 0 0 0 0 0 0 0 0 0 0 0 0 0 0 0
 0 0 0 0 0 0 0 0 0 0 0 0 0 0 0 0 0 0 0 0 0 0 0 0 0 0 0 0 0 0 0 0 0 0 0 0
ppred_pel_tallas
 1.01191e-16 3.33419e-05 0.000195692 0.000930235 0.00358146 0.0111685 0.0282106 0.0577227 0.0956815 0.128497 0.139828 0.123333 0.0882746 0.0514951 0.0249496 0.0109198 0.0057638 0.00519456 0.00658378 0.00877351 0.0112828 0.0138129 0.016085 0.017838 0.0188735 0.0190977 0.0185379 0.0173274 0.0156656 0.0137675 0.0118208 0.00996023 0.00826295 0.00675915 0.00544975 0.00432263
 1.01342e-16 3.1686e-05 0.000185966 0.00088399 0.00340339 0.0106131 0.026808 0.0548531 0.0909264 0.122116 0.132896 0.117249 0.0839846 0.0491228 0.0240431 0.0109363 0.00636279 0.00626226 0.00813454 0.0108535 0.0139098 0.016945 0.0196093 0.0215771 0.0226092 0.0226062 0.0216284 0.0198724 0.0176167 0.0151531 0.0127278 0.0105078 0.00857553 0.00694482 0.00558817 0.00446198
 1.0235e-16 2.47972e-05 0.000145513 0.000691648 0.00266279 0.00830358 0.0209744 0.0429179 0.0711469 0.0955657 0.10404 0.0918797 0.066008 0.0390021 0.019825 0.0102624 0.00769559 0.00900182 0.0122368 0.0164668 0.0211645 0.0258509 0.0300125 0.0331597 0.0349262 0.0351499 0.0339036 0.0314627 0.0282257 0.0246149 0.0209908 0.0176032 0.0145825 0.0119636 0.00972312 0.00781457
 1.02764e-16 2.97112e-05 0.000174375 0.000828886 0.00319124 0.00995155 0.0251369 0.0514336 0.085258 0.114503 0.12461 0.109936 0.0787409 0.0460456 0.0225202 0.01022 0.00592438 0.00583527 0.00762412 0.0102578 0.0132877 0.0164082 0.0193169 0.0217212 0.0233889 0.0241939 0.0241355 0.0233232 0.021937 0.0201768 0.0182197 0.0161964 0.0141896 0.0122452 0.0103907 0.00864841
 1.023e-16 3.08015e-05 0.000180775 0.00085931 0.00330837 0.0103168 0.0260595 0.0533216 0.0883877 0.118706 0.129185 0.113973 0.0816357 0.0477438 0.0233593 0.0106119 0.00615966 0.00605856 0.0078842 0.0105508 0.0135751 0.0166222 0.0193642 0.0214932 0.0227779 0.0231134 0.0225396 0.0212208 0.0193955 0.0173149 0.0151904 0.0131648 0.0113094 0.00964075 0.00814482 0.00679964
 1.03123e-16 2.34672e-05 0.000137704 0.000654522 0.00251984 0.0078578 0.0198484 0.0406141 0.0673287 0.0904395 0.0984662 0.0869733 0.0625182 0.0370107 0.0189436 0.0100199 0.00777538 0.00926591 0.0126559 0.0170554 0.0219461 0.0268436 0.0312233 0.0345835 0.0365471 0.0369444 0.0358449 0.0335229 0.030377 0.0268286 0.0232354 0.0198424 0.0167758 0.0140673 0.0116942 0.00961481
 1.03428e-16 2.85203e-05 0.000167383 0.000795645 0.00306325 0.00955242 0.0241287 0.0493709 0.0818392 0.109912 0.119617 0.105538 0.0756067 0.0442445 0.0216989 0.00994981 0.00591318 0.00595074 0.00783307 0.0105708 0.0137306 0.0170115 0.0201105 0.0227312 0.0246343 0.0256831 0.0258638 0.0252706 0.0240679 0.0224408 0.0205549 0.0185345 0.0164612 0.0143868 0.0123497 0.0103873
 1.03681e-16 2.5429e-05 0.000149227 0.000709312 0.00273082 0.00851573 0.0215102 0.0440139 0.0729623 0.0979996 0.106678 0.0941809 0.0675994 0.0398183 0.0200114 0.00998856 0.00704399 0.00796272 0.0107545 0.0144886 0.0186783 0.0229095 0.0267453 0.0297674 0.0316595 0.0322744 0.0316599 0.0300302 0.027699 0.0249966 0.0221999 0.0194949 0.0169738 0.0146582 0.0125333 0.0105769
 1.03614e-16 2.73167e-05 0.000160314 0.000762032 0.00293382 0.0091488 0.0231092 0.0472852 0.078383 0.105274 0.114579 0.101115 0.0724871 0.0425174 0.0210352 0.00995363 0.00633574 0.00670782 0.00893374 0.0120477 0.0155969 0.019238 0.0226179 0.0253945 0.0272994 0.0281921 0.0280817 0.0271077 0.0254905 0.0234697 0.0212525 0.018986 0.0167553 0.0146002 0.0125381 0.0105831
 1.03741e-16 2.56818e-05 0.000150712 0.000716377 0.00275802 0.00860057 0.0217245 0.0444522 0.0736885 0.0989737 0.107735 0.0951052 0.0682442 0.0401609 0.0201148 0.00992768 0.00686125 0.00766533 0.0103317 0.0139294 0.0179834 0.0220989 0.0258601 0.0288672 0.0308137 0.0315513 0.0311138 0.0296923 0.0275728 0.0250594 0.0224097 0.0197997 0.0173216 0.0150049 0.0128468 0.0108389
 1.05475e-16 1.90203e-05 0.000111596 0.000530397 0.00204193 0.00636744 0.0160839 0.0329118 0.0545624 0.0732986 0.0798235 0.070553 0.0508164 0.030288 0.0158821 0.00901935 0.00774673 0.00971703 0.0134648 0.0182629 0.0236501 0.0291574 0.0342572 0.0384316 0.0412754 0.0425789 0.0423614 0.0408405 0.0383565 0.0352772 0.031919 0.028504 0.0251577 0.0219353 0.0188572 0.0159397
 1.07718e-16 1.86602e-05 0.000109489 0.000520396 0.00200345 0.00624746 0.0157808 0.032291 0.0535313 0.0719077 0.0782937 0.0691652 0.0497393 0.0294912 0.0151836 0.00818617 0.00656283 0.00800419 0.0110905 0.0151603 0.0198493 0.0248141 0.0296633 0.0339958 0.037473 0.0398786 0.0411455 0.0413395 0.0406118 0.039142 0.0370914 0.0345831 0.0317076 0.0285421 0.0251722 0.0217034
 1.0636e-16 2.61368e-05 0.000153391 0.000729129 0.00280715 0.0087538 0.0221114 0.0452433 0.0749974 0.100724 0.10962 0.0967227 0.0693022 0.0405774 0.0199432 0.00921966 0.00558875 0.00572622 0.00760057 0.0103177 0.0134934 0.0168635 0.0201598 0.0231155 0.0255099 0.0272069 0.0281719 0.0284569 0.0281658 0.0274131 0.026292 0.0248625 0.0231583 0.021205 0.0190394 0.0167211
 1.04427e-16 2.6675e-05 0.000156545 0.000744112 0.00286482 0.00893361 0.0225657 0.0461733 0.0765405 0.102801 0.111893 0.098758 0.0708251 0.0415985 0.020684 0.00995879 0.0065631 0.00710912 0.00950758 0.0128017 0.0165243 0.0203072 0.0237704 0.0265519 0.0283773 0.0291184 0.0288139 0.027644 0.0258715 0.0237691 0.0215605 0.0193885 0.0173165 0.0153503 0.0134706 0.0116597
 1.02661e-16 3.06452e-05 0.000179858 0.000854953 0.0032916 0.0102645 0.0259274 0.0530512 0.0879392 0.118103 0.128527 0.113389 0.0812091 0.0474777 0.0231985 0.0104882 0.00601967 0.00586895 0.00762659 0.0102189 0.0131755 0.0161767 0.0189105 0.0210817 0.0224655 0.0229544 0.0225765 0.0214761 0.0198684 0.0179818 0.0160098 0.0140847 0.012275 0.0106014 0.00905877 0.00763654
 1.01681e-16 3.23457e-05 0.000189842 0.000902417 0.00347435 0.0108344 0.0273669 0.0559965 0.092821 0.124658 0.135656 0.119669 0.0856841 0.050049 0.0243702 0.0108725 0.00603343 0.00570086 0.00732394 0.00976671 0.0125371 0.0153094 0.0177724 0.0196367 0.0206877 0.0208326 0.0201176 0.0187082 0.0168411 0.0147648 0.012689 0.0107552 0.00903353 0.00753717 0.00624636 0.00513003
 1.02079e-16 2.69833e-05 0.00015835 0.000752684 0.0028978 0.00903647 0.0228256 0.0467053 0.0774237 0.103991 0.113198 0.0999323 0.0717168 0.0422218 0.0211778 0.0104998 0.00730921 0.0081858 0.011008 0.0147788 0.0189733 0.0231465 0.0268327 0.0295913 0.0310956 0.0312056 0.029995 0.0277215 0.024753 0.0214766 0.0182206 0.0152091 0.0125551 0.010282 0.00835947 0.00673624
 1.02873e-16 2.73444e-05 0.000160475 0.000762796 0.00293675 0.00915795 0.0231323 0.0473326 0.078462 0.105381 0.114699 0.101228 0.0725837 0.0426056 0.0211373 0.0100991 0.0065558 0.00703287 0.00939015 0.0126526 0.0163515 0.0201213 0.0235835 0.0263721 0.0282022 0.0289278 0.0285663 0.0272775 0.0253108 0.0229381 0.0203976 0.0178611 0.0154306 0.0131537 0.0110478 0.00912029
 1.03269e-16 2.70923e-05 0.000158995 0.000755758 0.00290966 0.00907344 0.0229189 0.0468959 0.0777383 0.10441 0.113643 0.100301 0.0719271 0.0422373 0.0209861 0.0100788 0.00660987 0.00713787 0.00954133 0.0128501 0.0165921 0.0203959 0.0238764 0.026664 0.0284742 0.0291671 0.0287704 0.0274566 0.0254868 0.0231403 0.0206558 0.0181989 0.0158597 0.0136713 0.0116371 0.00975349
 1.02459e-16 3.16206e-05 0.000185586 0.000882188 0.00339647 0.0105916 0.0267534 0.0547412 0.0907398 0.121862 0.132612 0.116978 0.0837473 0.048897 0.0237716 0.0105436 0.00576858 0.00538971 0.00692016 0.0092624 0.0119543 0.0147002 0.0172185 0.0192427 0.020568 0.0210928 0.0208358 0.0199191 0.0185286 0.0168632 0.0150929 0.0133358 0.0116563 0.0100783 0.00860482 0.00723438
 1.02218e-16 2.89661e-05 0.000169995 0.000808053 0.00311101 0.00970134 0.0245049 0.0501411 0.0831172 0.111633 0.121501 0.107226 0.0768721 0.0450979 0.0223259 0.0105834 0.00675179 0.00713903 0.00946541 0.0126857 0.016293 0.0198951 0.0230933 0.0255125 0.0268743 0.0270587 0.0261269 0.0242948 0.0218708 0.0191783 0.0164893 0.013987 0.0117611 0.00982757 0.00815923 0.00671478
 1.0255e-16 2.8198e-05 0.000165486 0.00078662 0.00302848 0.00944401 0.0238549 0.048811 0.0809125 0.108672 0.118278 0.104382 0.0748346 0.0439051 0.0217409 0.0103173 0.00660172 0.00700472 0.00931386 0.0125202 0.0161397 0.0197993 0.0231163 0.025725 0.0273459 0.0278447 0.0272555 0.0257586 0.023624 0.0211416 0.0185611 0.0160578 0.0137289 0.0116099 0.00970066 0.00798931
 1.0237e-16 3.06251e-05 0.000179739 0.000854389 0.00328943 0.0102578 0.0259103 0.0530162 0.0878813 0.118025 0.128444 0.113317 0.0811597 0.0474543 0.0231975 0.0105054 0.00605444 0.00592403 0.00770671 0.0103289 0.0133187 0.0163536 0.0191175 0.0213107 0.0227039 0.0231857 0.0227819 0.0216363 0.0199656 0.0180014 0.0159425 0.0139274 0.0120317 0.0102829 0.00868183 0.00722178
 1.0243e-16 2.83414e-05 0.000166327 0.000790616 0.00304387 0.00949197 0.0239761 0.049059 0.0813238 0.109225 0.118882 0.10492 0.0752301 0.044157 0.0219021 0.0104534 0.0067647 0.00722811 0.00961603 0.0129058 0.0165976 0.0202999 0.0236117 0.0261532 0.0276401 0.027945 0.0271213 0.0253771 0.0230138 0.0203492 0.0176525 0.0151069 0.0128054 0.0107701 0.00898215 0.00740956
 1.04821e-16 1.6153e-05 9.47551e-05 0.000450319 0.00173358 0.00540584 0.0136551 0.0279428 0.0463286 0.062249 0.067821 0.0600175 0.0433872 0.0261791 0.0143116 0.00904838 0.00878846 0.0115798 0.0161824 0.0219288 0.0283132 0.0347656 0.0406344 0.0452834 0.0482236 0.0492167 0.0483163 0.0458291 0.0422174 0.0379779 0.033538 0.0291983 0.0251256 0.0213824 0.0179733 0.0148843
pSPR Fmed_Fpbrs
0.724564   0.334952 0.334952
Fs Fmed_Fpbrs
0.199155   1.005 1.005
SSBpbr Bo_Bmed_Bpbrs
1.41101e+06  951815  402070 402070
Ro
59874.1
SPR SPRFo_SPRFmed_SPRFpbrs
1.23118e+06 892069 412387
log_Ro
10.82
likeval ReclasPelacesDesembMPH_pf_preclas_ppelaces_ptallas_desvR_qrecl_qpela
 64.1161 25.2885 0.0244344 0.000196034 317.704 200.527 78.2039 0 15.7522 9.15844e-05 0 0 0 0 0
q_reclas_q_pelaces
0.257662 1
M
0.7
N
 59009.5 16666.3 6236.9 738.759 0.393239
 75689.3 27148.3 5597.79 2094.82 248.263
 47371 35382.5 9894.91 2040.26 853.997
 74946.1 21605.4 11367.3 3178.94 929.839
 127273 36630.7 9891.08 5204.04 1881.03
 92983.7 63000.3 17895.5 4832.17 3461.33
 145196 44726 26575.7 7548.92 3498.48
 131344 70687.2 20067.3 11923.8 4956.66
 152797 62707.5 28700 8147.61 6853.69
 144350 72553.4 24759.6 11332 5923.16
 68441.1 69079.5 29815.2 10174.7 7090.83
 40576 31406.8 22899.2 9883.42 5723.36
 42720.3 18719.8 10700.2 7801.69 5317.2
 24083 18889.5 5131.55 2933.19 3596.21
 19149.8 9772.53 3336.43 906.38 1153.28
 24400.1 7919.92 1902.65 649.582 401.003
 20442.7 11280.2 2726.87 655.093 361.723
 22976 9647.35 4315.71 1043.28 389.025
 25842.8 11025 4019.6 1798.15 596.774
 47279.3 12464.5 4715.94 1719.38 1024.43
 58791.2 22776 5298.55 2004.71 1166.37
 74075.8 28787.6 10525.5 2448.63 1465.46
 121330 36107.1 12997.2 4752.11 1767.15
 143834 58921.5 15995.2 5757.66 2887.99
 58694.2 69906.2 26209.7 7115.04 3845.79
pred_Ctot
 3134.63 3966.9 1484.51 175.839 0.0935986
 3202.61 5287.25 1090.19 407.975 48.3503
 2791.89 9210.19 2575.68 531.087 222.299
 850.111 1219.08 641.401 179.371 52.466
 291.716 427.312 115.384 60.7073 21.9429
 2101.38 6884.61 1955.6 528.054 378.25
 2051.61 3121.71 1854.89 526.887 244.181
 3651.81 9380.07 2662.9 1582.27 657.741
 4825.32 9362.45 4285 1216.47 1023.28
 3776.92 9097.7 3104.69 1420.95 742.723
 3753.63 16903.5 7295.67 2489.72 1735.1
 2079.36 7245.25 5282.62 2280.01 1320.33
 3389.46 6238.53 3565.95 2599.99 1772.01
 3203.92 9273.35 2519.21 1439.98 1765.48
 2326.44 4503.25 1537.45 417.666 531.44
 1216.54 1783.7 428.509 146.297 90.3127
 732.356 1890.38 456.98 109.783 60.6188
 557.992 1128.13 504.666 121.998 45.4914
 534.831 1108.59 404.18 180.808 60.007
 1018.79 1302.18 492.68 179.625 107.023
 590.207 1141.15 265.474 100.442 58.4386
 982.749 1890.64 691.268 160.815 96.2445
 1927.53 2820.95 1015.43 371.269 138.063
 2203.28 4445.03 1206.67 434.356 217.869
 831.847 4893.39 1834.66 498.048 269.203
F
 0.0763835 0.391016 0.391016 0.391016 0.391016
 0.0604197 0.309295 0.309295 0.309295 0.309295
 0.0850679 0.435472 0.435472 0.435472 0.435472
 0.0158834 0.0813091 0.0813091 0.0813091 0.0813091
 0.00319161 0.0163382 0.0163382 0.0163382 0.0163382
 0.0318693 0.163142 0.163142 0.163142 0.163142
 0.0198203 0.101463 0.101463 0.101463 0.101463
 0.0393366 0.201368 0.201368 0.201368 0.201368
 0.0447866 0.229267 0.229267 0.229267 0.229267
 0.0369804 0.189307 0.189307 0.189307 0.189307
 0.0789508 0.404158 0.404158 0.404158 0.404158
 0.0735986 0.37676 0.37676 0.37676 0.37676
 0.116069 0.594172 0.594172 0.594172 0.594172
 0.20193 1.0337 1.0337 1.0337 1.0337
 0.182908 0.936328 0.936328 0.936328 0.936328
 0.0715408 0.366225 0.366225 0.366225 0.366225
 0.0509439 0.260787 0.260787 0.260787 0.260787
 0.0342837 0.175502 0.175502 0.175502 0.175502
 0.0291495 0.149219 0.149219 0.149219 0.149219
 0.0303667 0.155451 0.155451 0.155451 0.155451
 0.0140462 0.0719038 0.0719038 0.0719038 0.0719038
 0.0185996 0.0952134 0.0952134 0.0952134 0.0952134
 0.022309 0.114202 0.114202 0.114202 0.114202
 0.0215031 0.110077 0.110077 0.110077 0.110077
 0.0198807 0.101771 0.101771 0.101771 0.101771
YTP_r0W_actual
 9316.69 107655 60543.8 20469.8 11521.9
YTP_p0W_proyectada
 61796.1 294907 471826 230764 103674
 61796.1 236170 78154.4 111879 56635.4
CTP_r0_actual
 831.847 4893.39 1834.66 498.048 269.203
CTP_p0_proyectada
 7270.13 13780.7 15122.6 5669.87 2229.55
 7270.13 11036 2504.95 2748.87 1217.97
Wmedp
 8.5 21.4 31.2 40.7 46.5
nmprior
 10.6 11 7 0
nm_flota  nm_reclas  nm_pelaces    nm_pelaL
inf 13.1461 21.1837 52.9424
cv_recla  cv_pelaces  cv_mph
0.724283 0.570209 0.45426
 ------------------------------------------------
Talla a la edad & desviaci?n 
 7.2 14.2025 17.0495 18.207 18.6776
 1.08 2.13037 2.55742 2.73105 2.80164
