years
 1997 1998 1999 2000 2001 2002 2003 2004 2005 2006 2007 2008 2009 2010 2011 2012 2013 2014 2015 2016 2017 2018 2019 2020 2021
reclasobs
 0 0 0 370054 412103 1.49427e+06 250295 1.28982e+06 931140 785840 897777 1.04006e+06 184774 17550 25797 100020 73551 82996 120727 218422 84188 347160 605670 569463 516374
reclaspred
 382675 94540.8 232427 176323 301987 354966 799602 566720 701277 724833 590146 396963 246580 111588 75504 75622.6 92696.8 122356 123662 185305 278205 250520 427590 523295 542591
pelacesobs
 0 0 0 0 0 0 0 0 0 2.06254e+06 1.5e+06 0 1.87456e+06 323000 250000 174000 83755 137374 0 501740 490994 745055 786931 1.00524e+06 1.33801e+06
pelacespred
 785250 176405 265207 309450 463133 448363 1.20419e+06 1.00609e+06 1.13814e+06 1.17623e+06 865901 604270 374893 139347 92932.6 100284 128739 172897 179788 261123 438042 386107 519710 754696 780236
mphobs
 0 0 0 0 0 112323 0 153150 637223 0 255016 313432 73983 77613 109348 50772 0 0 0 0 0 0 0 0 0
mphpred
 149208 78210 82994.4 82811.4 103143 182712 267551 324737 297200 338364 360673 258753 158622 84224.1 38925.2 32636.9 39254.3 52825.2 63316.7 70293.5 112062 136042 166554 233478 303132
desembarqueobs
 350755 77701 442110 56441 14545 235359 269955 359681 431902 328805 639364 411747 362871 311530 167758 66681 60226 58785 57116 73181 50977 67692 138656 160484 209506
desembarquepred
 350749 77690.6 441973 56439.6 14545 235385 269976 359620 431854 328763 639326 411841 362982 311736 167707 66680.5 60239.2 58780.2 57106.4 73170.4 50974.9 67680.8 138645 160476 209494
Reclutas
 35535.4 48170.9 23033.9 46190.8 83070.3 54382 95255.9 100514 139631 157855 67445.9 38522.8 44349.4 22838.8 16875 19775.7 15425.3 16623.7 17742.4 36946.5 45282.6 54274.5 89389.8 98119.8 27003.2
log_desv_Rt
 -0.221716 0.0825103 -0.655277 0.0405368 0.627443 0.203789 0.764322 0.818053 1.14676 1.26943 0.419081 -0.140994 -0.000145865 -0.663786 -0.96641 -0.807791 -1.05624 -0.981417 -0.916286 -0.182774 0.0206783 0.20181 0.700762 0.793945 -0.496289
SSB
 589347 308916 327813 327091 407397 721681 1.05678e+06 1.28265e+06 1.17389e+06 1.33648e+06 1.4246e+06 1.02203e+06 626530 332670 153748 128910 155048 208650 250090 277647 442626 537343 657859 922199 1.19732e+06
BT
 1.67601e+06 450545 715493 614092 840876 987323 2.34157e+06 2.20626e+06 2.43224e+06 2.41995e+06 2.12105e+06 1.45853e+06 1.02814e+06 548932 308319 234602 279730 356759 371364 527460 825675 755225 1.02656e+06 1.48367e+06 1.56271e+06
Ftot
 0.511718 0.527007 0.917511 0.203495 0.0329782 0.295066 0.191689 0.363266 0.381337 0.263955 0.478191 0.437413 0.707969 1.24594 1.24052 0.503141 0.363904 0.25485 0.223687 0.240566 0.102771 0.132935 0.16288 0.159844 0.15577
BD_Bspro_t
 0.934693 0.690002 0.607842 0.428088 0.610057 0.781086 0.736709 0.749191 0.702884 0.688887 0.67783 0.5282 0.413083 0.305917 0.18856 0.196251 0.295571 0.445294 0.548035 0.628886 0.747412 0.823852 0.826634 0.829036 0.824674
BD_Bspro
 0.646156 0.338693 0.359412 0.35862 0.446667 0.791246 1.15865 1.40629 1.28704 1.46531 1.56192 1.12055 0.686923 0.364738 0.168568 0.141336 0.169993 0.228763 0.274197 0.30441 0.485293 0.589139 0.721273 1.01109 1.31273
BD_Bo
 0.543443 0.284855 0.30228 0.301614 0.375665 0.66547 0.974469 1.18275 1.08246 1.23238 1.31364 0.942424 0.57773 0.306759 0.141772 0.118869 0.142971 0.192399 0.230611 0.256021 0.408151 0.49549 0.606619 0.85037 1.10406
BD_Brms
 1.85909 0.974475 1.03409 1.03181 1.28513 2.27654 3.33361 4.04613 3.70303 4.21592 4.49389 3.22399 1.97639 1.04941 0.484997 0.406647 0.489098 0.658188 0.788909 0.875838 1.39626 1.69505 2.07522 2.90908 3.77695
S_f
 0.171212 1 1 1 1
 0.171212 1 1 1 1
 0.171212 1 1 1 1
 0.171212 1 1 1 1
 0.171212 1 1 1 1
 0.171212 1 1 1 1
 0.171212 1 1 1 1
 0.171212 1 1 1 1
 0.171212 1 1 1 1
 0.171212 1 1 1 1
 0.171212 1 1 1 1
 0.171212 1 1 1 1
 0.171212 1 1 1 1
 0.171212 1 1 1 1
 0.171212 1 1 1 1
 0.171212 1 1 1 1
 0.171212 1 1 1 1
 0.171212 1 1 1 1
 0.171212 1 1 1 1
 0.171212 1 1 1 1
 0.171212 1 1 1 1
 0.171212 1 1 1 1
 0.171212 1 1 1 1
 0.171212 1 1 1 1
 0.171212 1 1 1 1
Scru_reclas
 1 1 1 1 1
 1 1 1 1 1
 1 1 1 1 1
 1 1 1 1 1
 1 1 1 1 1
 1 1 1 1 1
 1 1 1 1 1
 1 1 1 1 1
 1 1 1 1 1
 1 1 1 1 1
 1 1 1 1 1
 1 1 1 1 1
 1 1 1 1 1
 1 1 1 1 1
 1 1 1 1 1
 1 1 1 1 1
 1 1 1 1 1
 1 1 1 1 1
 1 1 1 1 1
 1 1 1 1 1
 1 1 1 1 1
 1 1 1 1 1
 1 1 1 1 1
 1 1 1 1 1
 1 1 1 1 1
Scru_pelaces
 1 1 1 1 1
 1 1 1 1 1
 1 1 1 1 1
 1 1 1 1 1
 1 1 1 1 1
 1 1 1 1 1
 1 1 1 1 1
 1 1 1 1 1
 1 1 1 1 1
 1 1 1 1 1
 1 1 1 1 1
 1 1 1 1 1
 1 1 1 1 1
 1 1 1 1 1
 1 1 1 1 1
 1 1 1 1 1
 1 1 1 1 1
 1 1 1 1 1
 1 1 1 1 1
 1 1 1 1 1
 1 1 1 1 1
 1 1 1 1 1
 1 1 1 1 1
 1 1 1 1 1
 1 1 1 1 1
pf_obs 
 0.256992 0.487395 0.22802 0.0275931 0
 0.321318 0.546541 0.124235 0.00734118 0.000564706
 0.182869 0.594174 0.210203 0.0122559 0.00049798
 0.330522 0.361315 0.267642 0.0388342 0.00168674
 0.649043 0.306663 0.0425973 0.00169635 0
 0.582887 0.30429 0.105238 0.00758474 0
 0.465427 0.430635 0.0974691 0.00646863 0
 0.296916 0.608066 0.0921331 0.00288517 0
 0.311714 0.524322 0.152257 0.0117073 0
 0.15457 0.633149 0.183074 0.0267441 0.00246327
 0.131901 0.49318 0.331252 0.0422183 0.00144891
 0.196976 0.569456 0.194076 0.0375587 0.00193317
 0.518974 0.381816 0.0799577 0.0180837 0.00116848
 0.0928022 0.601141 0.25162 0.0475244 0.00691264
 0.122501 0.610282 0.24278 0.0234846 0.000952079
 0.383417 0.481906 0.127806 0.00687128 0
 0.0376549 0.599619 0.316969 0.0457579 0
 0.0361596 0.667082 0.258105 0.0386534 0
 0.158088 0.579412 0.248529 0.0139706 0
 0.0477256 0.309471 0.559284 0.082774 0.000745712
 0.0406174 0.521527 0.379366 0.0568643 0.0016247
 0.151134 0.462217 0.34131 0.0453401 0
 0.294876 0.26143 0.354403 0.0886775 0.000613685
 0.281977 0.475581 0.204845 0.0348837 0.00271318
 0.0841818 0.532909 0.334909 0.0458182 0.00218182
pf_pred 
 0.264702 0.512374 0.198681 0.0242331 1.06158e-05
 0.3086 0.504087 0.130525 0.0506129 0.00617597
 0.158574 0.648543 0.140627 0.036413 0.0158426
 0.355812 0.408876 0.181371 0.0393278 0.0146138
 0.336431 0.517733 0.0925642 0.0410601 0.0122117
 0.159057 0.631068 0.163749 0.0292763 0.0168489
 0.275762 0.405264 0.239368 0.0621109 0.0174955
 0.232438 0.544013 0.125092 0.0738851 0.024572
 0.283148 0.485834 0.163735 0.0376497 0.0296332
 0.251361 0.54993 0.134672 0.0453867 0.0186506
 0.111517 0.612699 0.202583 0.0496103 0.02359
 0.106745 0.428665 0.320383 0.105931 0.0382767
 0.201015 0.369611 0.206052 0.154003 0.0693186
 0.167655 0.561964 0.125079 0.0697295 0.0755734
 0.244196 0.521062 0.158487 0.0352752 0.0409789
 0.317017 0.532873 0.103488 0.0314773 0.0151449
 0.205349 0.616278 0.139169 0.0270278 0.0121762
 0.217604 0.502485 0.217081 0.0490216 0.0138094
 0.212217 0.509636 0.178637 0.0771736 0.0223368
 0.34085 0.419308 0.155159 0.0543862 0.0302961
 0.260779 0.570575 0.107282 0.0396981 0.0216663
 0.231772 0.525244 0.18755 0.0352639 0.0201707
 0.286607 0.465267 0.169645 0.0605757 0.0179045
 0.228114 0.553389 0.142502 0.0519589 0.0240369
 0.0628688 0.609504 0.234886 0.0604849 0.0322564
pobs_RECLAS
 0 0 0 0 0
 0 0 0 0 0
 0 0 0 0 0
 0 0 0 0 0
 0.835266 0.146461 0.0176864 0.000547809 3.91292e-05
 0.385257 0.428462 0.181853 0.0044286 0
 0.867414 0.0963971 0.0333333 0.00285562 0
 0.441836 0.489002 0.0689373 0.000224442 0
 0.779404 0.147425 0.0564933 0.0165055 0.000172143
 0.814271 0.122319 0.05973 0.00367925 0
 0.40263 0.566651 0.0304383 0.000280538 0
 0.475488 0.404961 0.113038 0.00651328 0
 0.955842 0.0263864 0.0167828 0.000988607 0
 0.975058 0.0227948 0.00214734 0 0
 0.738997 0.206755 0.0527124 0.00153531 0
 0.850938 0.134255 0.0134407 0.00136685 0
 0.542534 0.407297 0.0501686 0 0
 0.764087 0.199537 0.0359546 0.000420521 0
 0.470689 0.182191 0.310203 0.0369168 0
 0.84361 0.089868 0.0606195 0.00523954 0.000663233
 0.607945 0.314616 0.071237 0.00620181 0
 0.523733 0.453247 0.0230204 0 0
 0.530135 0.295979 0.169645 0.0042399 0
 0.562478 0.366248 0.0663022 0.0049721 0
 0.250443 0.683176 0.0655157 0.000865301 0
ppred_RECLAS
 0.68523 0.219339 0.0850521 0.0103738 4.54444e-06
 0.729928 0.196905 0.050985 0.0197702 0.00241243
 0.542965 0.352268 0.0763842 0.0197783 0.0086052
 0.765424 0.148889 0.0660449 0.0143209 0.00532149
 0.747862 0.196725 0.0351719 0.0156018 0.00464011
 0.529256 0.353261 0.0916638 0.0163883 0.00943169
 0.692089 0.172298 0.101767 0.0264065 0.00743824
 0.644016 0.252305 0.0580159 0.0342668 0.0113961
 0.702645 0.201527 0.0679182 0.0156173 0.0122921
 0.665717 0.245555 0.0601337 0.0202661 0.00832788
 0.430787 0.39253 0.129786 0.0317832 0.0151131
 0.417964 0.279314 0.208758 0.0690238 0.0249407
 0.607836 0.181415 0.101136 0.0755889 0.0340235
 0.569809 0.290446 0.0646459 0.0360391 0.0390595
 0.679799 0.220752 0.0671442 0.0149446 0.017361
 0.737172 0.205062 0.0398248 0.0121132 0.0058281
 0.606898 0.304863 0.0688449 0.0133703 0.00602338
 0.622445 0.24248 0.104755 0.023656 0.00666391
 0.614421 0.24944 0.0874335 0.0377725 0.0109327
 0.753832 0.156596 0.0579463 0.0203112 0.0113145
 0.674427 0.251297 0.0472498 0.0174841 0.00954243
 0.639591 0.246414 0.0879879 0.0165438 0.00946295
 0.703034 0.193678 0.0706187 0.025216 0.00745315
 0.635186 0.261546 0.0673501 0.0245571 0.0113605
 0.28323 0.466182 0.179654 0.0462622 0.0246715
pobs_PELACES
 0 0 0 0 0
 0 0 0 0 0
 0 0 0 0 0
 0 0 0 0 0
 0 0 0 0 0
 0 0 0 0 0
 0 0 0 0 0
 0 0 0 0 0
 0 0 0 0 0
 0 0 0 0 0
 0.450072 0.473896 0.0757376 0.000293798 0
 0 0 0 0 0
 0.463077 0.371075 0.160297 0.00555027 0
 0.529543 0.364841 0.0842815 0.0213345 0
 0.631943 0.363953 0.00410389 0 0
 0.735681 0.248677 0.0153453 0.000297389 0
 0.695825 0.281241 0.0229344 0 0
 0.275771 0.60734 0.115278 0.00161068 0
 0 0 0 0 0
 0.896147 0.0623911 0.0374545 0.00400742 0
 0.803859 0.145111 0.0509908 3.86294e-05 0
 0.739449 0.233085 0.0266225 0.000797448 4.60066e-05
 0.878498 0.100942 0.0204185 0.000141795 0
 0.694673 0.275183 0.0284847 0.00165964 0
 0.469039 0.446079 0.0841089 0.000773354 0
ppred_PELACES
 0.714608 0.198868 0.0771143 0.00940565 4.12031e-06
 0.757384 0.176886 0.0458016 0.0177603 0.00216718
 0.604254 0.305028 0.0661409 0.017126 0.00745122
 0.775269 0.14264 0.0632731 0.0137199 0.00509815
 0.749558 0.195401 0.0349352 0.0154968 0.00460888
 0.549303 0.338216 0.0877601 0.0156904 0.00903002
 0.703148 0.166111 0.0981125 0.0254581 0.0071711
 0.666454 0.236402 0.054359 0.0321069 0.0106778
 0.723966 0.187077 0.0630483 0.0144975 0.0114107
 0.681586 0.233898 0.0572792 0.0193041 0.00793255
 0.463103 0.370245 0.122418 0.0299788 0.0142551
 0.44732 0.265226 0.198229 0.0655425 0.0236828
 0.65291 0.160564 0.0895121 0.066901 0.030113
 0.650637 0.235875 0.0524997 0.0292678 0.0317207
 0.748782 0.173193 0.0526788 0.0117249 0.0136208
 0.762952 0.184948 0.0359186 0.0109251 0.00525645
 0.630373 0.286657 0.0647336 0.0125718 0.00566368
 0.63868 0.232054 0.10025 0.0226388 0.00637736
 0.628809 0.240132 0.0841708 0.036363 0.0105248
 0.765836 0.14896 0.0551205 0.0193207 0.0107627
 0.680568 0.246557 0.0463585 0.0171543 0.00936243
 0.647929 0.240714 0.0859523 0.0161611 0.00924403
 0.71225 0.187668 0.0684272 0.0244335 0.00722186
 0.645255 0.254327 0.0654912 0.0238793 0.0110469
 0.291958 0.460506 0.177466 0.0456989 0.0243711
pobs_pel_tallas
 0 0 0 0 0 0 0 0 0 0 0 0 0 0 0 0 0 0 0 0 0 0 0 0 0 0 0 0 0 0 0 0 0 0 0 0
 0 0 0 0 0 0 0 0 0 0 0 0 0 0 0 0 0 0 0 0 0 0 0 0 0 0 0 0 0 0 0 0 0 0 0 0
 0 0 0 0 0 0 0 0 0 0 0 0 0 0 0 0 0 0 0 0 0 0 0 0 0 0 0 0 0 0 0 0 0 0 0 0
 0 0 0 0 0 0 0 0 0 0 0 0 0 0 0 0 0 0 0 0 0 0 0 0 0 0 0 0 0 0 0 0 0 0 0 0
 0 0 0 0 0 0 0 0 0 0 0 0 0 0 0 0 0 0 0 0 0 0 0 0 0 0 0 0 0 0 0 0 0 0 0 0
 0 0 0 0 0 0 0 0 0 0 0 0 0 0 0 0 0 0 0 0 0 0 0 0 0 0 0 0 0 0 0 0 0 0 0 0
 0 0 0 0 0 0 0 0 0 0 0 0 0 0 0 0 0 0 0 0 0 0 0 0 0 0 0 0 0 0 0 0 0 0 0 0
 0 0 0 0 0 0 0 0 0 0 0 0 0 0 0 0 0 0 0 0 0 0 0 0 0 0 0 0 0 0 0 0 0 0 0 0
 0 0 0 0 0 0 0 0 0 0 0 0 0 0 0 0 0 0 0 0 0 0 0 0 0 0 0 0 0 0 0 0 0 0 0 0
 0 0 0 0 0 0 0 0 0 0 0 0 0 0 0 0 0 0 0 0 0 0 0 0 0 0 0 0 0 0 0 0 0 0 0 0
 0 0 0 0 0 0 0 0 1.78061e-05 0.00172719 0.00360574 0.0105946 0.0120993 0.0124554 0.0147524 0.0171206 0.0266825 0.0428682 0.0675386 0.121331 0.153587 0.119568 0.100827 0.0573624 0.0630603 0.0341343 0.0324427 0.0444173 0.0211091 0.0280891 0.0125444 0.00206551 0 0 0 0
 0 0 0 0 0 0 0 0 0 0 0 0 0 0 0 0 0 0 0 0 0 0 0 0 0 0 0 0 0 0 0 0 0 0 0 0
 0 0 0 0 0 0 0.0133647 0.0140871 0.0187388 0.0205184 0.03894 0.0496705 0.03968 0.0493445 0.0407372 0.0367815 0.0215668 0.0243155 0.0234873 0.0199281 0.019796 0.0243948 0.0301388 0.0376714 0.0412746 0.0863199 0.0771752 0.113111 0.0741005 0.0525337 0.0229764 0.00759418 0.00175318 0 0 0
 0 0 0 0 0 0 0 0 0 0 0.00219441 0.00772107 0.0458388 0.0604681 0.0671733 0.0775358 0.0609151 0.0617685 0.073594 0.0568108 0.0755445 0.0548602 0.0670107 0.0636378 0.0643287 0.046367 0.0373049 0.0286899 0.0247887 0.0153202 0.00654259 0.00121912 0.000365735 0 0 0
 0 0 0 0 0 0 0 0 0 0 0 0 0.000112435 0.00938835 0.0111873 0.0202946 0.0414886 0.0713402 0.111592 0.104902 0.108894 0.110636 0.117776 0.105296 0.107544 0.0401394 0.0192827 0.0124803 0.00416011 0.0028671 0.000618394 0 0 0 0 0
 0 0 0 0 0 0 0 0 0 0 0.00291406 0.0102884 0.027416 0.0768956 0.0749926 0.110853 0.0956884 0.0897413 0.0766577 0.0534642 0.0500743 0.0551293 0.0594112 0.0620874 0.0668451 0.0424026 0.0208742 0.0120726 0.0048766 0.00582813 0.00118941 0.000297354 0 0 0 0
 0 0.00264628 0.0354308 0.0461629 0.0458689 0.0383711 0.0214643 0.0164657 0.0346957 0.0420465 0.0363128 0.0245516 0.0311673 0.0291091 0.0169068 0.0133784 0.00837989 0.0085269 0.0148486 0.0160247 0.0276389 0.0546898 0.0760071 0.122758 0.109233 0.0665981 0.0333725 0.0166128 0.00676272 0.00308733 0.000882094 0 0 0 0 0
 0 0 0 0 0 0 0 0.000805153 0.000690131 0.00759144 0.0133425 0.0154129 0.00931677 0.000345066 0.00356568 0.00563607 0.00851162 0.0253048 0.0502646 0.0516448 0.0657925 0.0565908 0.0611916 0.0827007 0.0866115 0.110766 0.145733 0.0935128 0.0569358 0.0249597 0.0138026 0.00621118 0.00161031 0.00115022 0 0
 0 0 0 0 0 0 0 0 0 0 0 0 0 0 0 0 0 0 0 0 0 0 0 0 0 0 0 0 0 0 0 0 0 0 0 0
 0.00147267 0.00158595 0.00478618 0.00569244 0.00954404 0.0108468 0.00647125 0.017049 0.0510054 0.094081 0.124002 0.0959785 0.0687766 0.0820023 0.061753 0.0591476 0.0492212 0.0479892 0.0443925 0.0268479 0.0217502 0.0140895 0.0121071 0.0120363 0.00920419 0.00665534 0.0049561 0.00860946 0.00930331 0.0156896 0.0114698 0.00855282 0.00243557 0.00046729 0 2.83206e-05
 0 0 0 0 0.000772559 0.00158375 0.000888443 0.00281984 0.00712685 0.0440552 0.0773331 0.111326 0.0921469 0.0852325 0.0710754 0.0886704 0.0786465 0.0553345 0.0373146 0.0185414 0.00753245 0.00457741 0.012979 0.0271748 0.0457355 0.0583668 0.034881 0.0177882 0.00938659 0.00492506 0.0015258 0.00185414 0.000309023 5.79419e-05 3.86279e-05 0
 0 0.00173294 0.00326652 0 0.00397197 0.00683976 0.00946217 0.0152591 0.00757587 0.0136028 0.0228656 0.0392903 0.0559909 0.0764795 0.0681675 0.0726916 0.0566044 0.0477403 0.0527397 0.0444891 0.0609904 0.0582453 0.0661739 0.0445044 0.0529084 0.0360697 0.0280645 0.0235558 0.0158879 0.00826598 0.00280645 0.00217768 0.000904811 0.00058276 9.20147e-05 0
 0 0 0 0 0 0 0 0 0 0 0 0 0 0 0 0 0 0 0 0 0 0 0 0 0 0 0 0 0 0 0 0 0 0 0 0
 0 0 0 0 0 0 0 0 0 0 0 0 0 0 0 0 0 0 0 0 0 0 0 0 0 0 0 0 0 0 0 0 0 0 0 0
 0 0 0 0 0 0 0 0 0 0 0 0 0 0 0 0 0 0 0 0 0 0 0 0 0 0 0 0 0 0 0 0 0 0 0 0
ppred_pel_tallas
 1.01483e-16 3.11811e-05 0.000183003 0.000869904 0.00334916 0.010444 0.0263808 0.053979 0.0894773 0.120169 0.130777 0.115375 0.0826354 0.0483195 0.0236246 0.0107052 0.00617687 0.00604665 0.00786078 0.010522 0.0135442 0.0165915 0.0193343 0.0214604 0.0227315 0.0230337 0.0223973 0.0209789 0.0190144 0.0167588 0.014435 0.0122037 0.0101578 0.00833516 0.00673918 0.00535809
 1.0142e-16 3.30454e-05 0.00019395 0.000921954 0.00354957 0.011069 0.0279595 0.0572088 0.09483 0.127354 0.138587 0.122245 0.0875093 0.0510756 0.0247965 0.0109376 0.00589332 0.00541668 0.00690096 0.0091916 0.0117995 0.0144121 0.0167355 0.0184965 0.0194918 0.019632 0.0189583 0.017624 0.0158504 0.0138707 0.0118833 0.0100242 0.00836288 0.00691638 0.00567019 0.00459829
 1.01975e-16 2.63734e-05 0.000154768 0.000735651 0.00283222 0.00883194 0.022309 0.0456484 0.0756724 0.101641 0.110646 0.097693 0.07014 0.0413542 0.0208551 0.0105246 0.00755973 0.00862414 0.0116435 0.0156318 0.0200519 0.024434 0.0282827 0.0311299 0.0326308 0.0326411 0.0312463 0.0287285 0.0254875 0.021943 0.0184495 0.0152482 0.0124582 0.0101009 0.00813758 0.00650622
 1.01655e-16 3.38239e-05 0.000198524 0.000943704 0.00363333 0.0113302 0.0286192 0.0585584 0.097066 0.130354 0.141843 0.125096 0.0895054 0.0521506 0.0251507 0.0108097 0.0054232 0.00463593 0.00578365 0.00770543 0.00994036 0.0122239 0.0143174 0.0159963 0.017087 0.0175012 0.0172508 0.0164347 0.0152073 0.0137364 0.0121694 0.0106125 0.00912894 0.00774794 0.00647938 0.00532627
 1.01308e-16 3.27049e-05 0.00019195 0.000912438 0.00351293 0.0109547 0.0276708 0.0566184 0.0938519 0.126042 0.137164 0.121 0.0866417 0.0506162 0.0246607 0.0110253 0.00614874 0.00583145 0.00749107 0.00997331 0.0127725 0.0155497 0.017981 0.0197673 0.0206902 0.0206611 0.0197389 0.0181084 0.0160291 0.0137713 0.0115618 0.00955223 0.00781488 0.00635798 0.00515143 0.00415095
 1.02318e-16 2.39787e-05 0.000140706 0.00066879 0.00257478 0.0080291 0.0202811 0.0414996 0.0687966 0.0924116 0.100614 0.0888717 0.0638857 0.037826 0.0193709 0.0102608 0.00797701 0.00950907 0.0129769 0.0174638 0.0224305 0.0273705 0.0317366 0.0350079 0.0367966 0.0369344 0.0355059 0.0328125 0.0292871 0.025387 0.0215019 0.0178998 0.0147188 0.011992 0.00968765 0.00774863
 1.02657e-16 3.06801e-05 0.000180065 0.000855942 0.00329541 0.0102764 0.0259574 0.0531125 0.0880401 0.118237 0.128668 0.1135 0.0812616 0.0474541 0.0230868 0.0102705 0.00566778 0.0053483 0.00690665 0.00928622 0.0120467 0.014907 0.0175958 0.0198497 0.0214573 0.0222991 0.0223655 0.0217443 0.0205864 0.0190621 0.0173245 0.0154894 0.0136337 0.0118052 0.0100375 0.00836088
 1.02451e-16 2.90828e-05 0.000170681 0.000811317 0.00312358 0.00974054 0.0246039 0.0503436 0.0834526 0.112082 0.121988 0.10765 0.077165 0.0452465 0.0223563 0.0105259 0.00662062 0.00693112 0.00916937 0.0122912 0.0157982 0.0193112 0.0224471 0.0248449 0.0262363 0.0265038 0.025703 0.0240369 0.0217963 0.0192853 0.0167589 0.0143875 0.0122533 0.0103705 0.00871451 0.00725011
 1.01988e-16 3.15886e-05 0.000185397 0.000881288 0.003393 0.0105807 0.0267261 0.0546854 0.0906477 0.121739 0.132482 0.116871 0.083688 0.048897 0.0238358 0.0106804 0.00599509 0.0057294 0.00739664 0.0098909 0.0127333 0.0156047 0.0181972 0.0202209 0.021456 0.0217994 0.0212824 0.0200529 0.0183299 0.0163469 0.0143038 0.0123396 0.010529 0.00889617 0.00743621 0.00613448
 1.01924e-16 2.97426e-05 0.000174555 0.000829732 0.00319448 0.00996165 0.0251624 0.0514863 0.0853465 0.114625 0.124754 0.110086 0.0789001 0.0462423 0.0228079 0.0106705 0.0066197 0.00685819 0.00904399 0.0121101 0.0155509 0.0189865 0.0220343 0.0243351 0.0256217 0.0257785 0.0248628 0.0230806 0.0207272 0.0181132 0.0155013 0.0130701 0.0109095 0.00903801 0.00743254 0.00605477
 1.03555e-16 2.02214e-05 0.000118644 0.000563898 0.0021709 0.00676962 0.0170998 0.0349907 0.0580091 0.0779295 0.0848683 0.0750157 0.0540388 0.0322243 0.0169246 0.00965001 0.00832172 0.0104371 0.0144241 0.019488 0.0251092 0.0307555 0.0358348 0.0397752 0.0421423 0.0427335 0.0416144 0.0390824 0.0355769 0.0315669 0.0274546 0.0235207 0.0199171 0.0166931 0.0138382 0.0113202
 1.0626e-16 1.9529e-05 0.000114588 0.000544638 0.00209678 0.00653851 0.0165159 0.0337953 0.0560249 0.0752568 0.0819387 0.0723816 0.0520445 0.0308421 0.0158492 0.0084956 0.00675006 0.00818997 0.0113235 0.0154527 0.0201911 0.0251755 0.0299939 0.0342259 0.037519 0.0396519 0.040564 0.0403393 0.0391575 0.0372327 0.0347634 0.0319072 0.028782 0.0254828 0.0221014 0.0187374
 1.05029e-16 2.84891e-05 0.000167203 0.000794796 0.00305999 0.00954227 0.024103 0.0493181 0.0817509 0.109791 0.119479 0.105401 0.0754755 0.044101 0.0215047 0.00965267 0.00545387 0.00526778 0.00687037 0.0092896 0.0121243 0.0151191 0.0180247 0.0205959 0.0226315 0.0240101 0.0247054 0.0247733 0.0243197 0.0234616 0.0222972 0.0208931 0.0192889 0.0175126 0.0155976 0.0135929
 1.03311e-16 2.8393e-05 0.000166632 0.000792066 0.00304945 0.00950939 0.0240201 0.049149 0.0814725 0.109423 0.119096 0.105101 0.0753451 0.0441943 0.0218644 0.0103418 0.00656932 0.00692913 0.00918977 0.0123327 0.0158702 0.0194292 0.0226314 0.0251202 0.0266301 0.0270443 0.0264157 0.0249413 0.022902 0.0205892 0.0182433 0.01602 0.0139888 0.0121545 0.0104886 0.00895695
 1.01844e-16 3.26702e-05 0.000191748 0.000911483 0.00350926 0.0109433 0.0276419 0.056559 0.0937529 0.125908 0.137013 0.120856 0.0865144 0.0504938 0.0245121 0.0108095 0.00582218 0.00535262 0.00682608 0.00910453 0.0117087 0.0143344 0.0166951 0.0185235 0.0196186 0.0198882 0.0193661 0.0181937 0.0165782 0.0147387 0.0128615 0.0110743 0.00944316 0.00798577 0.0066922 0.00554357
 1.01192e-16 3.32885e-05 0.000195377 0.000928733 0.00357567 0.0111504 0.0281651 0.0576295 0.0955275 0.128292 0.139608 0.123149 0.0881625 0.0514695 0.0250109 0.0110707 0.00601769 0.00557313 0.00710806 0.00945308 0.0121059 0.0147399 0.017047 0.0187433 0.0196211 0.0195954 0.018721 0.0171719 0.0151935 0.013042 0.0109331 0.0090122 0.00734956 0.00595497 0.00480153 0.00384829
 1.01709e-16 2.75116e-05 0.000161452 0.00076743 0.00295458 0.00921353 0.0232728 0.0476204 0.0789404 0.106028 0.115413 0.101884 0.0731092 0.0430246 0.0215488 0.010631 0.00733217 0.00816158 0.0109536 0.0146914 0.0188418 0.0229564 0.0265673 0.0292337 0.0306303 0.0306207 0.0292848 0.0268881 0.0238074 0.0204391 0.0171193 0.0140778 0.0114299 0.00919824 0.00734808 0.00582154
 1.02575e-16 2.78717e-05 0.000163571 0.000777514 0.00299342 0.00933467 0.0235787 0.0482459 0.0799757 0.107414 0.116909 0.103175 0.07397 0.0434003 0.021496 0.0102105 0.00654808 0.0069632 0.00927215 0.0124813 0.0161161 0.0198107 0.0231879 0.0258848 0.0276199 0.0282512 0.0278004 0.0264317 0.0243991 0.0219791 0.0194133 0.0168764 0.014471 0.0122439 0.0102091 0.00836881
 1.03015e-16 2.74415e-05 0.000161045 0.000765504 0.00294718 0.00919046 0.0232145 0.0475007 0.0787407 0.105756 0.115108 0.101591 0.072848 0.0427691 0.0212335 0.0101692 0.00663074 0.00713029 0.00951714 0.0128077 0.0165242 0.020292 0.0237243 0.0264504 0.0281867 0.0287956 0.0283092 0.0269061 0.024854 0.0224393 0.0199064 0.0174254 0.0150879 0.0129264 0.0109411 0.00912372
 1.01998e-16 3.34128e-05 0.00019611 0.000932227 0.00358914 0.0111924 0.0282711 0.0578462 0.0958857 0.12877 0.140121 0.123582 0.0884315 0.0515442 0.0248943 0.0107613 0.00548871 0.00477665 0.0059931 0.00798793 0.0102989 0.012655 0.0148094 0.016531 0.0176429 0.0180585 0.0177955 0.0169622 0.0157221 0.0142501 0.012696 0.0111639 0.00971056 0.00835659 0.00710352 0.00594809
 1.01766e-16 2.96987e-05 0.000174296 0.000828499 0.00318973 0.00994683 0.025125 0.0514098 0.0852202 0.114456 0.124573 0.109933 0.0788046 0.0462147 0.0228468 0.0107758 0.00679981 0.00712872 0.00942124 0.0126033 0.0161552 0.0196776 0.0227673 0.0250475 0.0262423 0.0262386 0.0251091 0.0230849 0.0204909 0.017666 0.0148945 0.0123666 0.0101729 0.00832433 0.00678386 0.00549726
 1.02286e-16 2.82753e-05 0.00016594 0.000788774 0.00303678 0.00946986 0.0239202 0.0489447 0.0811342 0.10897 0.118604 0.104672 0.0750469 0.0440394 0.0218253 0.010387 0.00668463 0.0071195 0.0094719 0.0127268 0.0163932 0.0200892 0.0234227 0.0260195 0.0275948 0.0280135 0.0273145 0.0256874 0.0234148 0.0208 0.0181045 0.0155129 0.0131273 0.0109845 0.00908222 0.00740381
 1.0221e-16 3.10778e-05 0.000182398 0.000867029 0.0033381 0.0104095 0.0262937 0.0538005 0.0891812 0.11977 0.13034 0.114985 0.0823431 0.0481234 0.0234818 0.0105617 0.00598587 0.00577259 0.0074778 0.0100147 0.0129115 0.0158516 0.0185276 0.0206482 0.0219907 0.0224466 0.0220407 0.0209129 0.0192737 0.0173489 0.0153325 0.0133607 0.0115084 0.00980346 0.00824773 0.00683498
 1.0235e-16 2.81592e-05 0.000165257 0.000785526 0.00302427 0.00943085 0.0238217 0.0487432 0.0808005 0.108523 0.11812 0.104252 0.0747617 0.0439031 0.0218151 0.0104766 0.00686428 0.00739573 0.00985709 0.0132279 0.0170028 0.0207802 0.0241475 0.026714 0.0281887 0.0284429 0.0275348 0.0256831 0.0232023 0.0204239 0.017628 0.015005 0.0126508 0.0105865 0.00878974 0.00722362
 1.05379e-16 1.27624e-05 7.48447e-05 0.000355652 0.00136907 0.00426913 0.0107839 0.0220686 0.0365934 0.0491813 0.0536176 0.047529 0.0345347 0.0211888 0.0122194 0.0086899 0.00940235 0.0128658 0.0181146 0.0245777 0.0317438 0.038988 0.045583 0.0508162 0.0541383 0.0552802 0.0542986 0.0515334 0.0474995 0.042751 0.0377662 0.0328827 0.0282899 0.0240615 0.0202065 0.0167127
pSPR Fmed_Fpbrs
0.635331   0.342316 0.342316
Fs Fmed_Fpbrs
0.303077   1.005 1.005
SSBpbr Bo_Bmed_Bpbrs
1.08447e+06  634773  317007 317007
Ro
44355.9
SPR SPRFo_SPRFmed_SPRFpbrs
912081 579473 312220
log_Ro
10.52
likeval ReclasPelacesDesembMPH_pf_preclas_ppelaces_ptallas_desvR_qrecl_qpela
 69.7914 38.0666 0.00507739 0.000169539 313.91 194.336 77.6081 0 16.2297 5.00975e-05 0 0 0 0 0
q_reclas_q_pelaces
0.366786 1
M
0.7
N
 35535.4 14061.6 5452.59 665.054 0.291339
 48170.9 16166.1 4185.93 1623.16 198.064
 23033.9 21857.1 4739.4 1227.18 533.925
 46190.8 9775.5 4336.27 940.258 349.39
 83070.3 22152.3 3960.56 1756.85 522.503
 54382 41019.2 10643.6 1902.95 1095.17
 95255.9 25674.9 15164.8 3934.95 1108.4
 100514 45775.4 10525.8 6216.99 2067.58
 139631 46904 15807.4 3634.82 2860.88
 157855 64956.4 15907.1 5360.97 2202.96
 67445.9 74924.8 24773.2 6066.67 2884.74
 38522.8 30859.8 23064.5 7626.05 2755.56
 44349.4 17749.6 9895.11 7395.57 3328.84
 22838.8 19509.2 4342.25 2420.74 2623.62
 16875 9162.68 2786.94 620.301 720.599
 19775.7 6776.38 1316.03 400.287 192.593
 15425.3 9009.78 2034.61 395.138 178.012
 16623.7 7197.27 3109.33 702.155 197.797
 17742.4 7902.62 2770.01 1196.69 346.364
 36946.5 8479.58 3137.75 1099.84 612.671
 45282.6 17606.8 3310.49 1225 668.576
 54274.5 22094.5 7889.34 1483.38 848.485
 89389.8 26345.4 9606.05 3430.06 1013.83
 98119.8 43168.9 11116.3 4053.22 1875.08
 27003.2 47409.5 18270.3 4704.74 2509.02
pred_Ctot
 2154.59 4170.57 1617.2 197.25 0.086409
 3004.56 4907.84 1270.8 492.772 60.1298
 2430.03 9938.44 2155.01 558.002 242.777
 1139.73 1309.7 580.965 125.974 46.8106
 336.473 517.797 92.5757 41.0653 12.2132
 1932.32 7666.59 1989.32 355.666 204.69
 2215.99 3256.67 1923.54 499.118 140.592
 4374.6 10238.6 2354.3 1390.56 462.457
 6370.76 10931.1 3683.98 847.108 666.739
 5029.31 11003.2 2694.55 908.111 373.167
 3831.03 21048.5 6959.48 1704.3 810.405
 2007.66 8062.36 6025.78 1992.36 719.911
 3666.46 6741.6 3758.34 2808.97 1264.35
 3194.26 10706.9 2383.08 1328.53 1439.87
 2350.82 5016.14 1525.72 339.586 394.494
 1179.7 1982.96 385.108 117.135 56.3581
 672.491 2018.23 455.76 88.5126 39.8754
 511.716 1181.64 510.485 115.279 32.4741
 480.494 1153.9 404.462 174.733 50.5742
 1074.7 1322.08 489.219 171.48 95.5239
 568.577 1244.03 233.906 86.5538 47.239
 879.498 1993.13 711.692 133.815 76.5412
 1770.83 2874.7 1048.17 374.273 110.625
 1907.97 4628.61 1191.9 434.591 201.048
 511.861 4962.42 1912.38 492.452 262.623
F
 0.0876121 0.511718 0.511718 0.511718 0.511718
 0.0902298 0.527007 0.527007 0.527007 0.527007
 0.157089 0.917511 0.917511 0.917511 0.917511
 0.0348407 0.203495 0.203495 0.203495 0.203495
 0.00564625 0.0329782 0.0329782 0.0329782 0.0329782
 0.0505187 0.295066 0.295066 0.295066 0.295066
 0.0328195 0.191689 0.191689 0.191689 0.191689
 0.0621954 0.363266 0.363266 0.363266 0.363266
 0.0652894 0.381337 0.381337 0.381337 0.381337
 0.0451922 0.263955 0.263955 0.263955 0.263955
 0.0818719 0.478191 0.478191 0.478191 0.478191
 0.0748903 0.437413 0.437413 0.437413 0.437413
 0.121213 0.707969 0.707969 0.707969 0.707969
 0.21332 1.24594 1.24594 1.24594 1.24594
 0.212391 1.24052 1.24052 1.24052 1.24052
 0.0861437 0.503141 0.503141 0.503141 0.503141
 0.0623047 0.363904 0.363904 0.363904 0.363904
 0.0436334 0.25485 0.25485 0.25485 0.25485
 0.0382979 0.223687 0.223687 0.223687 0.223687
 0.0411877 0.240566 0.240566 0.240566 0.240566
 0.0175956 0.102771 0.102771 0.102771 0.102771
 0.02276 0.132935 0.132935 0.132935 0.132935
 0.027887 0.16288 0.16288 0.16288 0.16288
 0.0273671 0.159844 0.159844 0.159844 0.159844
 0.0266697 0.15577 0.15577 0.15577 0.15577
YTP_r0W_actual
 5732.84 109173 63108.4 20239.8 11240.3
YTP_p0W_proyectada
 38812.5 134758 303165 152405 63892.5
 38812.5 171609 35712.9 71886.5 37404.1
CTP_r0_actual
 511.861 4962.42 1912.38 492.452 262.623
CTP_p0_proyectada
 4566.17 6297.13 9716.83 3744.6 1374.03
 4566.17 8019.1 1144.64 1766.25 804.39
Wmedp
 8.5 21.4 31.2 40.7 46.5
nmprior
 10.6 11 7 0
nm_flota  nm_reclas  nm_pelaces    nm_pelaL
inf 16.509 20.0172 49.184
cv_recla  cv_pelaces  cv_mph
0.755659 0.699591 0.422448
 ------------------------------------------------
Talla a la edad & desviaci?n 
 7.2 14.2025 17.0495 18.207 18.6776
 1.08 2.13037 2.55742 2.73105 2.80164
