    unsorted:	 2.249255821e-06 5.310003307e-07 5.026450490e-06 5.283433058e-05 0.0008999970403 0.007407811489 46.03649288 63.71548199 106.7586170 174.8418211 188.6407366 298.4700646 459.7568839 575.5493892 659.2911971 796.3456742 823.4997201 955.1336122 1080.812918 1258.786984 1319.323416 1482.882708 1603.735015 1822.403957 2099.415054 2195.270149 2534.227625 2638.206022 3194.762787 3476.250885 3736.737420 4090.212547 4128.964279 4567.091573 5045.273166 5129.588972 5677.065012 5762.762318 24233.11786 196492.2593 379478.6824 392508.1806 415025.6512 459431.2790 479162.5033 491266.9999 511727.9324 524265.3869 533252.2565 315627.9437 591813.8258 626766.3963 676323.6411 772358.5838 846667.6409 921060.8706 1105763.105 1152346.783 1399107.056 1657451.521 1892370.810 2090592.449 2324938.613 2620871.045 4925100.459
      sorted:	 5.310003307e-07 2.249255821e-06 5.026450490e-06 5.283433058e-05 0.0008999970403 0.007407811489 46.03649288 63.71548199 106.7586170 174.8418211 188.6407366 298.4700646 459.7568839 575.5493892 659.2911971 796.3456742 823.4997201 955.1336122 1080.812918 1258.786984 1319.323416 1482.882708 1603.735015 1822.403957 2099.415054 2195.270149 2534.227625 2638.206022 3194.762787 3476.250885 3736.737420 4090.212547 4128.964279 4567.091573 5045.273166 5129.588972 5677.065012 5762.762318 24233.11786 196492.2593 315627.9437 379478.6824 392508.1806 415025.6512 459431.2790 479162.5033 491266.9999 511727.9324 524265.3869 533252.2565 591813.8258 626766.3963 676323.6411 772358.5838 846667.6409 921060.8706 1105763.105 1152346.783 1399107.056 1657451.521 1892370.810 2090592.449 2324938.613 2620871.045 4925100.459
