years
 1997 1998 1999 2000 2001 2002 2003 2004 2005 2006 2007 2008 2009 2010 2011 2012 2013 2014 2015 2016 2017 2018 2019 2020 2021
reclasobs
 0 0 0 370054 412103 1.49427e+06 250295 1.28982e+06 931140 785840 897777 1.04006e+06 184774 17550 25797 100020 73551 82996 120727 218422 84188 347160 605670 569463 516374
reclaspred
 401778 116102 386792 282857 392549 466924 1.01296e+06 653443 694303 593608 457829 306280 187496 89869.3 66096 69328.9 88293.5 122211 129480 185591 265695 241089 418257 532577 621973
pelacesobs
 0 0 0 0 0 0 0 0 0 2.06254e+06 1.5e+06 0 1.87456e+06 323000 250000 174000 83755 137374 0 501740 490994 745055 786931 1.00524e+06 1.33801e+06
pelacespred
 1.39669e+06 361195 727466 809873 953515 959418 2.30534e+06 1.9092e+06 1.76654e+06 1.53645e+06 1.06901e+06 735157 448189 182256 131493 146223 193608 269563 295596 410613 649142 578751 790703 1.19416e+06 1.39717e+06
mphobs
 0 0 0 0 0 112323 0 153150 637223 0 255016 313432 73983 77613 109348 50772 0 0 0 0 0 0 0 0 0
mphpred
 835132 552524 718419 959907 961725 1.43004e+06 2.16699e+06 2.50612e+06 2.07717e+06 1.99008e+06 1.75634e+06 1.22458e+06 756136 401948 204552 182653 224716 315172 394375 453145 674151 788444 983543 1.4055e+06 1.9353e+06
desembarqueobs
 350755 77701 442110 56441 14545 235359 269955 359681 431902 328805 639364 411747 362871 311530 167758 66681 60226 58785 57116 73181 50977 67692 138656 160484 209506
desembarquepred
 350764 77703.6 442140 56442.5 14545.1 235393 269981 359703 431962 328854 639705 412068 363311 312087 167843 66696.4 60245.1 58788.2 57114.4 73182.7 50977.9 67688.9 138659 160490 209508
Reclutas
 66596.4 84878 54152.7 82750.3 138798 102482 156760 137715 155249 142973 68694.6 40936.2 42636.1 24448.8 19700.9 25516.9 21644.6 24490.3 27738.8 49782.3 61988.7 78762.2 129081 154747 66567.5
log_desv_Rt
 0.0464056 0.28897 -0.160436 0.263583 0.780773 0.477439 0.90247 0.772942 0.892785 0.81041 0.0774263 -0.440229 -0.399543 -0.955663 -1.17158 -0.912905 -1.07749 -0.953967 -0.829414 -0.244586 -0.0252933 0.214188 0.708195 0.889546 0.0459718
SSB
 835132 552524 718419 959907 961725 1.43004e+06 2.16699e+06 2.50612e+06 2.07717e+06 1.99008e+06 1.75634e+06 1.22458e+06 756136 401948 204552 182653 224716 315172 394375 453145 674151 788444 983543 1.4055e+06 1.9353e+06
BT
 2.79512e+06 777405 1.54475e+06 1.50965e+06 1.71797e+06 1.90384e+06 4.31064e+06 3.8289e+06 3.55951e+06 3.07116e+06 2.49987e+06 1.69933e+06 1.16137e+06 628679 379424 317208 396263 529628 578530 795025 1.20384e+06 1.09977e+06 1.51127e+06 2.26985e+06 2.66567e+06
Ftot
 0.353195 0.268964 0.369705 0.0682311 0.0142102 0.145188 0.0903135 0.181475 0.2098 0.177945 0.38899 0.363774 0.571039 0.987677 0.876978 0.341428 0.243237 0.162962 0.138067 0.143292 0.0670528 0.089156 0.106582 0.102355 0.093895
BD_Bspro_t
 0.957228 0.799417 0.774442 0.68009 0.781746 0.875378 0.851901 0.855566 0.808733 0.769929 0.728063 0.582292 0.470069 0.358061 0.242364 0.262962 0.386029 0.5552 0.661615 0.736935 0.819181 0.873634 0.877416 0.881004 0.883583
BD_Bspro
 0.638815 0.422641 0.549539 0.73426 0.73565 1.09388 1.65759 1.917 1.58889 1.52227 1.34348 0.936719 0.578389 0.307461 0.156467 0.139716 0.171891 0.241084 0.301669 0.346623 0.515677 0.603103 0.752339 1.07511 1.48036
BD_Bo
 0.557252 0.368679 0.479374 0.64051 0.641722 0.954211 1.44595 1.67224 1.38602 1.32791 1.17194 0.817119 0.504541 0.268204 0.13649 0.121877 0.149944 0.210302 0.263152 0.302367 0.449835 0.526099 0.656281 0.937838 1.29135
BD_Brms
 1.96573 1.30053 1.69101 2.25942 2.2637 3.36602 5.10064 5.89888 4.88924 4.68424 4.13407 2.88242 1.77979 0.946102 0.481473 0.429927 0.528934 0.74185 0.928279 1.06661 1.58681 1.85584 2.31506 3.30826 4.55529
S_f
 0.200229 1 1 1 1
 0.200229 1 1 1 1
 0.200229 1 1 1 1
 0.200229 1 1 1 1
 0.200229 1 1 1 1
 0.200229 1 1 1 1
 0.200229 1 1 1 1
 0.200229 1 1 1 1
 0.200229 1 1 1 1
 0.200229 1 1 1 1
 0.200229 1 1 1 1
 0.200229 1 1 1 1
 0.200229 1 1 1 1
 0.200229 1 1 1 1
 0.200229 1 1 1 1
 0.200229 1 1 1 1
 0.200229 1 1 1 1
 0.200229 1 1 1 1
 0.200229 1 1 1 1
 0.200229 1 1 1 1
 0.200229 1 1 1 1
 0.200229 1 1 1 1
 0.200229 1 1 1 1
 0.200229 1 1 1 1
 0.200229 1 1 1 1
Scru_reclas
 1 1 1 1 1
 1 1 1 1 1
 1 1 1 1 1
 1 1 1 1 1
 1 1 1 1 1
 1 1 1 1 1
 1 1 1 1 1
 1 1 1 1 1
 1 1 1 1 1
 1 1 1 1 1
 1 1 1 1 1
 1 1 1 1 1
 1 1 1 1 1
 1 1 1 1 1
 1 1 1 1 1
 1 1 1 1 1
 1 1 1 1 1
 1 1 1 1 1
 1 1 1 1 1
 1 1 1 1 1
 1 1 1 1 1
 1 1 1 1 1
 1 1 1 1 1
 1 1 1 1 1
 1 1 1 1 1
Scru_pelaces
 1 1 1 1 1
 1 1 1 1 1
 1 1 1 1 1
 1 1 1 1 1
 1 1 1 1 1
 1 1 1 1 1
 1 1 1 1 1
 1 1 1 1 1
 1 1 1 1 1
 1 1 1 1 1
 1 1 1 1 1
 1 1 1 1 1
 1 1 1 1 1
 1 1 1 1 1
 1 1 1 1 1
 1 1 1 1 1
 1 1 1 1 1
 1 1 1 1 1
 1 1 1 1 1
 1 1 1 1 1
 1 1 1 1 1
 1 1 1 1 1
 1 1 1 1 1
 1 1 1 1 1
 1 1 1 1 1
pf_obs 
 0.256992 0.487395 0.22802 0.0275931 0
 0.321318 0.546541 0.124235 0.00734118 0.000564706
 0.182869 0.594174 0.210203 0.0122559 0.00049798
 0.330522 0.361315 0.267642 0.0388342 0.00168674
 0.649043 0.306663 0.0425973 0.00169635 0
 0.582887 0.30429 0.105238 0.00758474 0
 0.465427 0.430635 0.0974691 0.00646863 0
 0.296916 0.608066 0.0921331 0.00288517 0
 0.311714 0.524322 0.152257 0.0117073 0
 0.15457 0.633149 0.183074 0.0267441 0.00246327
 0.131901 0.49318 0.331252 0.0422183 0.00144891
 0.196976 0.569456 0.194076 0.0375587 0.00193317
 0.518974 0.381816 0.0799577 0.0180837 0.00116848
 0.0928022 0.601141 0.25162 0.0475244 0.00691264
 0.122501 0.610282 0.24278 0.0234846 0.000952079
 0.383417 0.481906 0.127806 0.00687128 0
 0.0376549 0.599619 0.316969 0.0457579 0
 0.0361596 0.667082 0.258105 0.0386534 0
 0.158088 0.579412 0.248529 0.0139706 0
 0.0477256 0.309471 0.559284 0.082774 0.000745712
 0.0406174 0.521527 0.379366 0.0568643 0.0016247
 0.151134 0.462217 0.34131 0.0453401 0
 0.294876 0.26143 0.354403 0.0886775 0.000613685
 0.281977 0.475581 0.204845 0.0348837 0.00271318
 0.0841818 0.532909 0.334909 0.0458182 0.00218182
pf_pred 
 0.37082 0.443899 0.165685 0.019585 1.02981e-05
 0.319424 0.528068 0.107598 0.0401609 0.00474977
 0.182644 0.593442 0.173737 0.0354004 0.0147759
 0.279041 0.410618 0.225323 0.0659662 0.0190514
 0.314526 0.456456 0.130436 0.0715755 0.0270064
 0.179688 0.572198 0.165219 0.0472123 0.0356826
 0.260953 0.398183 0.237765 0.0686532 0.0344453
 0.19916 0.51851 0.152113 0.0908307 0.0393855
 0.225409 0.444767 0.213547 0.0626476 0.0536293
 0.202169 0.490819 0.176285 0.0846402 0.0460868
 0.116967 0.510728 0.229039 0.0822627 0.0610032
 0.114925 0.391045 0.285737 0.12814 0.080153
 0.191521 0.350853 0.202189 0.14774 0.107697
 0.177018 0.499691 0.140298 0.0808502 0.102143
 0.249486 0.475787 0.166807 0.0468341 0.0610867
 0.333788 0.477377 0.119711 0.0419697 0.0271536
 0.228874 0.574769 0.1407 0.0352832 0.0203731
 0.240145 0.47377 0.213238 0.0521994 0.0206483
 0.237609 0.479939 0.176109 0.0792643 0.0270788
 0.327786 0.419185 0.159287 0.0584487 0.0352942
 0.276399 0.522498 0.125405 0.0476529 0.0280445
 0.262041 0.489151 0.179659 0.04312 0.0260283
 0.31172 0.446435 0.160306 0.0588782 0.0226614
 0.264745 0.517279 0.141385 0.0507683 0.0258233
 0.106742 0.583432 0.217974 0.0595774 0.0322746
pobs_RECLAS
 0 0 0 0 0
 0 0 0 0 0
 0 0 0 0 0
 0 0 0 0 0
 0.835266 0.146461 0.0176864 0.000547809 3.91292e-05
 0.385257 0.428462 0.181853 0.0044286 0
 0.867414 0.0963971 0.0333333 0.00285562 0
 0.441836 0.489002 0.0689373 0.000224442 0
 0.779404 0.147425 0.0564933 0.0165055 0.000172143
 0.814271 0.122319 0.05973 0.00367925 0
 0.40263 0.566651 0.0304383 0.000280538 0
 0.475488 0.404961 0.113038 0.00651328 0
 0.955842 0.0263864 0.0167828 0.000988607 0
 0.975058 0.0227948 0.00214734 0 0
 0.738997 0.206755 0.0527124 0.00153531 0
 0.850938 0.134255 0.0134407 0.00136685 0
 0.542534 0.407297 0.0501686 0 0
 0.764087 0.199537 0.0359546 0.000420521 0
 0.470689 0.182191 0.310203 0.0369168 0
 0.84361 0.089868 0.0606195 0.00523954 0.000663233
 0.607945 0.314616 0.071237 0.00620181 0
 0.523733 0.453247 0.0230204 0 0
 0.530135 0.295979 0.169645 0.0042399 0
 0.562478 0.366248 0.0663022 0.0049721 0
 0.250443 0.683176 0.0655157 0.000865301 0
ppred_RECLAS
 0.750403 0.176096 0.0657276 0.00776942 4.08527e-06
 0.704147 0.229556 0.046774 0.0174583 0.00206477
 0.53299 0.339073 0.0992678 0.0202266 0.00844245
 0.659802 0.193758 0.106323 0.0311274 0.00898977
 0.696337 0.202209 0.0577825 0.0317077 0.0119637
 0.524323 0.331802 0.0958058 0.0273771 0.0206914
 0.639171 0.194407 0.116085 0.0335189 0.0168174
 0.556365 0.287235 0.0842651 0.0503168 0.0218181
 0.595149 0.232464 0.111614 0.0327437 0.0280301
 0.560938 0.270107 0.0970132 0.0465792 0.0253625
 0.403879 0.344784 0.15462 0.0555342 0.0411822
 0.398636 0.265695 0.194144 0.0870648 0.0544599
 0.551588 0.194596 0.112141 0.0819419 0.059733
 0.538482 0.280221 0.0786771 0.0453398 0.0572805
 0.640318 0.228019 0.0799416 0.0224451 0.0292756
 0.718595 0.201642 0.0505654 0.0177278 0.0114696
 0.600408 0.297842 0.07291 0.0182835 0.0105572
 0.614196 0.240549 0.108268 0.0265034 0.0104839
 0.610543 0.245171 0.0899629 0.0404911 0.0138329
 0.710437 0.180568 0.0686144 0.0251774 0.0152033
 0.656826 0.2478 0.0594745 0.0225998 0.0133004
 0.640456 0.238322 0.0875325 0.0210087 0.0126813
 0.694571 0.198109 0.0711367 0.0261276 0.0100562
 0.643821 0.250585 0.0684908 0.0245936 0.0125096
 0.374847 0.408319 0.152551 0.0416957 0.0225876
pobs_PELACES
 0 0 0 0 0
 0 0 0 0 0
 0 0 0 0 0
 0 0 0 0 0
 0 0 0 0 0
 0 0 0 0 0
 0 0 0 0 0
 0 0 0 0 0
 0 0 0 0 0
 0 0 0 0 0
 0.450072 0.473896 0.0757376 0.000293798 0
 0 0 0 0 0
 0.463077 0.371075 0.160297 0.00555027 0
 0.529543 0.364841 0.0842815 0.0213345 0
 0.631943 0.363953 0.00410389 0 0
 0.735681 0.248677 0.0153453 0.000297389 0
 0.695825 0.281241 0.0229344 0 0
 0.275771 0.60734 0.115278 0.00161068 0
 0 0 0 0 0
 0.896147 0.0623911 0.0374545 0.00400742 0
 0.803859 0.145111 0.0509908 3.86294e-05 0
 0.739449 0.233085 0.0266225 0.000797448 4.60066e-05
 0.878498 0.100942 0.0204185 0.000141795 0
 0.694673 0.275183 0.0284847 0.00165964 0
 0.469039 0.446079 0.0841089 0.000773354 0
ppred_PELACES
 0.767452 0.164067 0.0612379 0.00723872 3.80622e-06
 0.718718 0.21825 0.0444703 0.0165985 0.00196308
 0.55718 0.32151 0.0941259 0.0191789 0.00800515
 0.663832 0.191462 0.105063 0.0307586 0.00888326
 0.69713 0.201681 0.0576317 0.0316249 0.0119325
 0.53387 0.325143 0.0938829 0.0268277 0.0202761
 0.64465 0.191455 0.114323 0.03301 0.016562
 0.568153 0.279603 0.0820261 0.0489799 0.0212384
 0.608417 0.224845 0.107956 0.0316705 0.0271115
 0.572469 0.263013 0.0944653 0.0453559 0.0246964
 0.428821 0.330358 0.148151 0.0532106 0.0394592
 0.42186 0.255434 0.186647 0.0837025 0.0523568
 0.588508 0.178574 0.102908 0.0751952 0.0548149
 0.602263 0.241494 0.067804 0.0390739 0.0493644
 0.691726 0.195429 0.0685158 0.0192371 0.0250914
 0.736453 0.188846 0.0473565 0.0166028 0.0107417
 0.615706 0.286439 0.0701187 0.0175835 0.010153
 0.624336 0.234227 0.105422 0.0258068 0.0102083
 0.619171 0.239739 0.0879697 0.039594 0.0135264
 0.718154 0.175755 0.0667857 0.0245063 0.0147981
 0.660803 0.244927 0.0587851 0.0223379 0.0131462
 0.645856 0.234742 0.0862177 0.0206931 0.0124909
 0.700505 0.194259 0.0697545 0.0256199 0.00986076
 0.649991 0.246244 0.0673042 0.0241676 0.0122929
 0.380672 0.404515 0.151129 0.0413072 0.0223771
pobs_pel_tallas
 0 0 0 0 0 0 0 0 0 0 0 0 0 0 0 0 0 0 0 0 0 0 0 0 0 0 0 0 0 0 0 0 0 0 0 0
 0 0 0 0 0 0 0 0 0 0 0 0 0 0 0 0 0 0 0 0 0 0 0 0 0 0 0 0 0 0 0 0 0 0 0 0
 0 0 0 0 0 0 0 0 0 0 0 0 0 0 0 0 0 0 0 0 0 0 0 0 0 0 0 0 0 0 0 0 0 0 0 0
 0 0 0 0 0 0 0 0 0 0 0 0 0 0 0 0 0 0 0 0 0 0 0 0 0 0 0 0 0 0 0 0 0 0 0 0
 0 0 0 0 0 0 0 0 0 0 0 0 0 0 0 0 0 0 0 0 0 0 0 0 0 0 0 0 0 0 0 0 0 0 0 0
 0 0 0 0 0 0 0 0 0 0 0 0 0 0 0 0 0 0 0 0 0 0 0 0 0 0 0 0 0 0 0 0 0 0 0 0
 0 0 0 0 0 0 0 0 0 0 0 0 0 0 0 0 0 0 0 0 0 0 0 0 0 0 0 0 0 0 0 0 0 0 0 0
 0 0 0 0 0 0 0 0 0 0 0 0 0 0 0 0 0 0 0 0 0 0 0 0 0 0 0 0 0 0 0 0 0 0 0 0
 0 0 0 0 0 0 0 0 0 0 0 0 0 0 0 0 0 0 0 0 0 0 0 0 0 0 0 0 0 0 0 0 0 0 0 0
 0 0 0 0 0 0 0 0 0 0 0 0 0 0 0 0 0 0 0 0 0 0 0 0 0 0 0 0 0 0 0 0 0 0 0 0
 0 0 0 0 0 0 0 0 1.78061e-05 0.00172719 0.00360574 0.0105946 0.0120993 0.0124554 0.0147524 0.0171206 0.0266825 0.0428682 0.0675386 0.121331 0.153587 0.119568 0.100827 0.0573624 0.0630603 0.0341343 0.0324427 0.0444173 0.0211091 0.0280891 0.0125444 0.00206551 0 0 0 0
 0 0 0 0 0 0 0 0 0 0 0 0 0 0 0 0 0 0 0 0 0 0 0 0 0 0 0 0 0 0 0 0 0 0 0 0
 0 0 0 0 0 0 0.0133647 0.0140871 0.0187388 0.0205184 0.03894 0.0496705 0.03968 0.0493445 0.0407372 0.0367815 0.0215668 0.0243155 0.0234873 0.0199281 0.019796 0.0243948 0.0301388 0.0376714 0.0412746 0.0863199 0.0771752 0.113111 0.0741005 0.0525337 0.0229764 0.00759418 0.00175318 0 0 0
 0 0 0 0 0 0 0 0 0 0 0.00219441 0.00772107 0.0458388 0.0604681 0.0671733 0.0775358 0.0609151 0.0617685 0.073594 0.0568108 0.0755445 0.0548602 0.0670107 0.0636378 0.0643287 0.046367 0.0373049 0.0286899 0.0247887 0.0153202 0.00654259 0.00121912 0.000365735 0 0 0
 0 0 0 0 0 0 0 0 0 0 0 0 0.000112435 0.00938835 0.0111873 0.0202946 0.0414886 0.0713402 0.111592 0.104902 0.108894 0.110636 0.117776 0.105296 0.107544 0.0401394 0.0192827 0.0124803 0.00416011 0.0028671 0.000618394 0 0 0 0 0
 0 0 0 0 0 0 0 0 0 0 0.00291406 0.0102884 0.027416 0.0768956 0.0749926 0.110853 0.0956884 0.0897413 0.0766577 0.0534642 0.0500743 0.0551293 0.0594112 0.0620874 0.0668451 0.0424026 0.0208742 0.0120726 0.0048766 0.00582813 0.00118941 0.000297354 0 0 0 0
 0 0.00264628 0.0354308 0.0461629 0.0458689 0.0383711 0.0214643 0.0164657 0.0346957 0.0420465 0.0363128 0.0245516 0.0311673 0.0291091 0.0169068 0.0133784 0.00837989 0.0085269 0.0148486 0.0160247 0.0276389 0.0546898 0.0760071 0.122758 0.109233 0.0665981 0.0333725 0.0166128 0.00676272 0.00308733 0.000882094 0 0 0 0 0
 0 0 0 0 0 0 0 0.000805153 0.000690131 0.00759144 0.0133425 0.0154129 0.00931677 0.000345066 0.00356568 0.00563607 0.00851162 0.0253048 0.0502646 0.0516448 0.0657925 0.0565908 0.0611916 0.0827007 0.0866115 0.110766 0.145733 0.0935128 0.0569358 0.0249597 0.0138026 0.00621118 0.00161031 0.00115022 0 0
 0 0 0 0 0 0 0 0 0 0 0 0 0 0 0 0 0 0 0 0 0 0 0 0 0 0 0 0 0 0 0 0 0 0 0 0
 0.00147267 0.00158595 0.00478618 0.00569244 0.00954404 0.0108468 0.00647125 0.017049 0.0510054 0.094081 0.124002 0.0959785 0.0687766 0.0820023 0.061753 0.0591476 0.0492212 0.0479892 0.0443925 0.0268479 0.0217502 0.0140895 0.0121071 0.0120363 0.00920419 0.00665534 0.0049561 0.00860946 0.00930331 0.0156896 0.0114698 0.00855282 0.00243557 0.00046729 0 2.83206e-05
 0 0 0 0 0.000772559 0.00158375 0.000888443 0.00281984 0.00712685 0.0440552 0.0773331 0.111326 0.0921469 0.0852325 0.0710754 0.0886704 0.0786465 0.0553345 0.0373146 0.0185414 0.00753245 0.00457741 0.012979 0.0271748 0.0457355 0.0583668 0.034881 0.0177882 0.00938659 0.00492506 0.0015258 0.00185414 0.000309023 5.79419e-05 3.86279e-05 0
 0 0.00173294 0.00326652 0 0.00397197 0.00683976 0.00946217 0.0152591 0.00757587 0.0136028 0.0228656 0.0392903 0.0559909 0.0764795 0.0681675 0.0726916 0.0566044 0.0477403 0.0527397 0.0444891 0.0609904 0.0582453 0.0661739 0.0445044 0.0529084 0.0360697 0.0280645 0.0235558 0.0158879 0.00826598 0.00280645 0.00217768 0.000904811 0.00058276 9.20147e-05 0
 0 0 0 0 0 0 0 0 0 0 0 0 0 0 0 0 0 0 0 0 0 0 0 0 0 0 0 0 0 0 0 0 0 0 0 0
 0 0 0 0 0 0 0 0 0 0 0 0 0 0 0 0 0 0 0 0 0 0 0 0 0 0 0 0 0 0 0 0 0 0 0 0
 0 0 0 0 0 0 0 0 0 0 0 0 0 0 0 0 0 0 0 0 0 0 0 0 0 0 0 0 0 0 0 0 0 0 0 0
ppred_pel_tallas
 1.01172e-16 3.34839e-05 0.000196526 0.000934201 0.00359673 0.0112161 0.0283309 0.0579688 0.0960893 0.129044 0.140423 0.123856 0.0886453 0.0517038 0.0250366 0.0109337 0.00573642 0.0051382 0.00649936 0.00865795 0.0111333 0.0136293 0.0158705 0.017599 0.0186191 0.0188384 0.0182839 0.0170874 0.0154458 0.0135715 0.0116498 0.00981377 0.00813947 0.00665662 0.00536598 0.00425545
 1.01365e-16 3.1361e-05 0.000184058 0.000874915 0.00336845 0.0105042 0.0265328 0.05429 0.0899933 0.120863 0.131536 0.116053 0.0831388 0.0486497 0.023852 0.0109175 0.00644615 0.00642172 0.00837003 0.011173 0.0143189 0.0174413 0.0201804 0.0222007 0.0232563 0.023245 0.0222295 0.0204129 0.0180828 0.0155402 0.0130395 0.0107529 0.00876494 0.00708985 0.00569877 0.00454615
 1.02474e-16 2.43215e-05 0.00014272 0.000678369 0.00261166 0.00814413 0.0205717 0.0420939 0.0697813 0.0937324 0.102047 0.0901259 0.0647619 0.0382939 0.019517 0.010188 0.00774388 0.00912638 0.0124302 0.016737 0.0215218 0.0263017 0.0305573 0.0337916 0.035632 0.0359113 0.0346999 0.0322724 0.0290287 0.025393 0.0217284 0.0182871 0.0152025 0.0125123 0.0101964 0.00821197
 1.03026e-16 2.89668e-05 0.000170004 0.000808105 0.00311122 0.00970203 0.0245066 0.0501441 0.0831209 0.111633 0.12149 0.10719 0.0767887 0.0449333 0.022031 0.0100914 0.0059808 0.00600156 0.00788636 0.0106268 0.0137789 0.0170335 0.0200806 0.0226185 0.0244067 0.0253121 0.0253293 0.0245656 0.0232004 0.021434 0.0194443 0.0173639 0.0152776 0.0132349 0.0112682 0.00940582
 1.02529e-16 3.0419e-05 0.000178529 0.000848633 0.00326726 0.0101886 0.0257357 0.0526591 0.0872896 0.117231 0.127582 0.112561 0.080629 0.047165 0.0230951 0.0105245 0.00615492 0.00609381 0.00794846 0.0106471 0.0137115 0.016808 0.019609 0.0218055 0.0231643 0.0235773 0.0230809 0.0218347 0.0200722 0.0180396 0.0159445 0.0139266 0.0120565 0.0103516 0.00880095 0.0073871
 1.03308e-16 2.33052e-05 0.000136753 0.000650001 0.00250244 0.00780352 0.0197113 0.0403336 0.0668637 0.0898151 0.0977866 0.0863737 0.0620887 0.0367596 0.0188209 0.00996473 0.00774473 0.00923817 0.0126232 0.0170167 0.0219048 0.0268064 0.0312004 0.0345875 0.0365921 0.037044 0.0360096 0.0337587 0.0306838 0.0272001 0.0236596 0.0203032 0.0172545 0.0145449 0.0121531 0.0100405
 1.03594e-16 2.81304e-05 0.000165093 0.00078476 0.00302134 0.00942173 0.0237986 0.0486955 0.0807197 0.108409 0.117983 0.1041 0.0745847 0.0436628 0.0214445 0.00988536 0.00594715 0.00604415 0.0079788 0.0107743 0.0139994 0.0173503 0.02052 0.0232068 0.0251672 0.0262617 0.0264748 0.0259012 0.024706 0.0230755 0.0211763 0.019133 0.0170277 0.0149126 0.0128273 0.010811
 1.03931e-16 2.47982e-05 0.000145523 0.000691701 0.00266301 0.00830427 0.0209761 0.0429211 0.0711512 0.0955682 0.104034 0.0918546 0.0659462 0.0388779 0.0196007 0.00988589 0.00710151 0.0081177 0.0109957 0.0148253 0.0191226 0.0234694 0.027421 0.030551 0.0325359 0.0332234 0.0326591 0.0310575 0.0287341 0.026021 0.0231973 0.0204498 0.0178717 0.0154861 0.01328 0.0112344
 1.03961e-16 2.65518e-05 0.000155822 0.000740679 0.0028516 0.00889241 0.0224616 0.0459602 0.0761869 0.102325 0.111373 0.0982928 0.0704788 0.04137 0.0205246 0.00980837 0.00637294 0.00684768 0.00915952 0.0123688 0.016029 0.0197951 0.0233085 0.0262203 0.0282549 0.0292654 0.0292556 0.0283607 0.0267979 0.0248044 0.0225854 0.0202874 0.0179961 0.0157539 0.0135831 0.0115043
 1.0414e-16 2.49858e-05 0.000146625 0.000696947 0.00268321 0.00836727 0.0211352 0.0432466 0.0716902 0.0962906 0.104817 0.0925355 0.0664139 0.0391111 0.0196401 0.00977856 0.00686834 0.00775268 0.0104809 0.0141469 0.0182833 0.0224963 0.0263684 0.0294963 0.0315694 0.0324339 0.032118 0.0308065 0.028779 0.0263333 0.0237214 0.0211156 0.0186064 0.0162249 0.0139728 0.0118482
 1.05883e-16 1.87249e-05 0.000109862 0.000522155 0.00201019 0.00626848 0.0158339 0.0324003 0.0537145 0.0721596 0.0785834 0.0694576 0.0500289 0.0298217 0.0156437 0.00889425 0.0076524 0.00960953 0.0133256 0.0180882 0.0234464 0.0289418 0.0340573 0.0382838 0.0412205 0.0426565 0.0426035 0.0412657 0.0389667 0.036057 0.0328375 0.0295195 0.0262229 0.0230027 0.019884 0.0168909
 1.08056e-16 1.84183e-05 0.000108069 0.000513647 0.00197746 0.00616642 0.0155761 0.0318721 0.052837 0.0709753 0.077279 0.0682701 0.0490984 0.029117 0.0150017 0.00810593 0.00652021 0.00796695 0.0110466 0.0151077 0.0197915 0.0247596 0.0296249 0.0339906 0.0375205 0.0399987 0.0413557 0.0416521 0.0410319 0.039666 0.0377073 0.0352715 0.0324433 0.0292969 0.0259178 0.0224136
 1.06665e-16 2.56816e-05 0.000150718 0.000716424 0.00275823 0.00860125 0.0217261 0.044455 0.0736907 0.0989698 0.107712 0.0950427 0.0681061 0.0398923 0.0196351 0.00912585 0.00559902 0.00579135 0.00770873 0.0104728 0.0137037 0.0171371 0.0205032 0.0235325 0.0260017 0.0277724 0.0288075 0.0291568 0.0289216 0.0282137 0.0271231 0.0257068 0.0239963 0.0220162 0.0198043 0.0174228
 1.04691e-16 2.62839e-05 0.000154249 0.000733196 0.00282279 0.00880254 0.0222346 0.0454959 0.0754178 0.101294 0.110254 0.097314 0.0697963 0.0410078 0.0204156 0.00987216 0.00656252 0.00715125 0.0095814 0.0129101 0.016675 0.0205085 0.0240303 0.0268771 0.0287728 0.0295866 0.0293543 0.0282527 0.0265406 0.0244869 0.0223114 0.0201539 0.0180759 0.0160832 0.0141582 0.0122863
 1.0287e-16 3.01832e-05 0.000177145 0.000842054 0.00324193 0.0101097 0.0255362 0.0522508 0.0866127 0.116322 0.126591 0.111685 0.0799975 0.0467875 0.0228954 0.0104091 0.00605562 0.00597323 0.0077903 0.0104481 0.0134793 0.0165612 0.0193771 0.0216266 0.02308 0.0236264 0.0232918 0.0222207 0.0206284 0.0187442 0.016762 0.0148142 0.0129697 0.0112495 0.00965003 0.00816301
 1.01807e-16 3.21332e-05 0.000188594 0.000896485 0.00345151 0.0107632 0.027187 0.0556284 0.0922109 0.123838 0.134765 0.118884 0.0851248 0.0497276 0.0242237 0.0108243 0.00603147 0.00572147 0.00736112 0.00982222 0.0126154 0.0154157 0.0179119 0.019814 0.0209061 0.0210937 0.020421 0.0190508 0.0172172 0.0151662 0.0131052 0.0111744 0.00944349 0.00792639 0.00660501 0.00545075
 1.02168e-16 2.6872e-05 0.000157697 0.000749579 0.00288585 0.00899919 0.0227314 0.0465126 0.0771043 0.103562 0.112732 0.0995211 0.0714233 0.0420521 0.0210986 0.0104703 0.00730149 0.00818659 0.0110133 0.0147891 0.0189908 0.0231745 0.0268753 0.0296529 0.0311806 0.0313176 0.0301366 0.0278932 0.0249529 0.0217007 0.0184628 0.0154618 0.0128096 0.0105301 0.00859335 0.00694978
 1.02937e-16 2.72463e-05 0.000159899 0.000760058 0.00292621 0.00912508 0.0230493 0.0471627 0.0781804 0.105003 0.114288 0.100866 0.0723256 0.0424573 0.0210697 0.010077 0.00655506 0.00704257 0.00940749 0.0126784 0.0163876 0.02017 0.023647 0.0264523 0.0283007 0.0290454 0.0287028 0.027432 0.025481 0.0231209 0.0205886 0.0180552 0.0156224 0.0133379 0.0112197 0.0092759
 1.0332e-16 2.70213e-05 0.000158578 0.000753774 0.00290202 0.00904962 0.0228587 0.0467728 0.0775343 0.104136 0.113345 0.100038 0.0717398 0.0421293 0.0209362 0.0100613 0.00660701 0.00714146 0.00954909 0.0128624 0.0166105 0.0204222 0.0239127 0.0267126 0.028537 0.0292456 0.0288654 0.0275679 0.025613 0.0232787 0.0208029 0.0183502 0.0160106 0.0138171 0.0117736 0.00987738
 1.02539e-16 3.13348e-05 0.000183908 0.000874209 0.00336575 0.0104958 0.0265115 0.0542461 0.0899193 0.12076 0.131415 0.115925 0.0830001 0.0484743 0.0235916 0.0105072 0.00581055 0.00548351 0.00706245 0.00945833 0.0122092 0.0150159 0.0175913 0.0196638 0.0210242 0.0215686 0.0213155 0.0203893 0.0189788 0.0172864 0.015485 0.0136947 0.0119808 0.0103679 0.00885927 0.00745385
 1.02297e-16 2.88368e-05 0.000169236 0.000804444 0.00309711 0.00965801 0.0243955 0.0499171 0.082746 0.111134 0.120959 0.106748 0.0765312 0.0449011 0.0222345 0.0105503 0.00674466 0.00714282 0.00947593 0.0127037 0.0163216 0.0199383 0.0231559 0.0255993 0.0269898 0.0272061 0.0263074 0.0245074 0.0221117 0.0194411 0.0167656 0.0142673 0.0120358 0.0100877 0.00839755 0.00692612
 1.02596e-16 2.81847e-05 0.000165408 0.000786249 0.00302705 0.00943955 0.0238436 0.048788 0.0808742 0.10862 0.118222 0.104332 0.0747979 0.0438818 0.0217262 0.0103051 0.00658704 0.00698436 0.00928582 0.0124835 0.0160948 0.0197479 0.023062 0.0256727 0.0273017 0.0278146 0.0272449 0.0257709 0.0236607 0.0212016 0.0186412 0.0161535 0.0138345 0.0117195 0.00980904 0.00809185
 1.02395e-16 3.0566e-05 0.000179392 0.000852739 0.00328307 0.0102379 0.0258603 0.0529138 0.0877116 0.117798 0.128196 0.113099 0.0810051 0.0473668 0.0231601 0.0104976 0.0060627 0.00594276 0.0077351 0.0103679 0.0133693 0.0164161 0.019191 0.0213935 0.0227933 0.0232789 0.022876 0.0217292 0.0200556 0.0180876 0.0160246 0.0140051 0.012105 0.0103513 0.00874489 0.0072789
 1.02441e-16 2.83654e-05 0.000166468 0.000791286 0.00304645 0.00950002 0.0239964 0.0491006 0.0813927 0.109317 0.118983 0.105008 0.0752917 0.0441904 0.0219135 0.0104503 0.00675153 0.00720595 0.00958415 0.0128632 0.016544 0.0202364 0.0235407 0.0260789 0.0275674 0.027879 0.0270665 0.0253365 0.0229888 0.0203394 0.0176559 0.0151207 0.0128264 0.010795 0.00900844 0.0074351
 1.04743e-16 1.66284e-05 9.75467e-05 0.000463592 0.00178468 0.00556522 0.0140577 0.0287664 0.0476935 0.0640812 0.0698125 0.0617685 0.0446283 0.0268786 0.0146046 0.00909809 0.00870152 0.0113982 0.0159097 0.0215552 0.0278295 0.0341706 0.0399375 0.0445049 0.0473922 0.0483653 0.0474775 0.0450304 0.041479 0.0373116 0.0329486 0.0286852 0.0246851 0.0210094 0.0176622 0.0146293
pSPR Fmed_Fpbrs
0.741248   0.333484 0.333484
Fs Fmed_Fpbrs
0.18265   1.005 1.005
SSBpbr Bo_Bmed_Bpbrs
1.49866e+06  1.03595e+06  424846 424846
Ro
63576.6
SPR SPRFo_SPRFmed_SPRFpbrs
1.30731e+06 969043 435967
log_Ro
10.88
likeval ReclasPelacesDesembMPH_pf_preclas_ppelaces_ptallas_desvR_qrecl_qpela
 63.8298 24.3862 0.030238 0.00157002 318.933 201.94 78.416 0 16.0043 0.000101369 0 0 0 0 0
q_reclas_q_pelaces
0.240097 1
M
0.7
N
 66596.4 17998.8 6718.03 794.115 0.417557
 84878 30812.8 6278.37 2343.39 277.15
 54152.7 39939.3 11692.7 2382.49 994.433
 82750.3 24972.7 13703.6 4011.89 1158.66
 138798 40535 11583.2 6356.16 2398.27
 102482 68729.1 19845.1 5670.87 4285.98
 156760 49432.7 29517.5 8523 4276.23
 137715 76449.6 22427.7 13392.2 5807.04
 155249 65946.9 31663.3 9288.94 7951.77
 142973 73922.9 26550.5 12747.8 6941.19
 68694.6 68513.1 30725 11035.4 8183.45
 40936.2 31556.6 23058.5 10340.7 6468.21
 42636.1 18900.3 10891.8 7958.66 5801.61
 24448.8 18884.9 5302.29 3055.58 3860.31
 19700.9 9962.42 3492.74 980.651 1279.08
 25516.9 8207.66 2058.22 721.594 466.858
 21644.6 11834 2896.9 726.45 419.465
 24490.3 10237.5 4607.75 1127.95 446.179
 27738.8 11771.1 4319.29 1944.06 664.143
 49782.3 13399.1 5091.54 1868.29 1128.17
 61988.7 24021.9 5765.51 2190.85 1289.35
 78762.2 30372.1 11155.3 2677.39 1616.13
 129081 38420.1 13795.9 5067.05 1950.24
 154747 62746.2 17150 6158.22 3132.38
 66567.5 75286.2 28127.4 7687.87 4164.72
pred_Ctot
 3283.44 3930.52 1467.06 173.416 0.0911847
 3210.36 5307.33 1081.41 403.637 47.7375
 2790.69 9067.43 2654.6 540.897 225.767
 808.139 1189.2 652.565 191.047 55.1753
 283.655 411.654 117.633 64.5501 24.3556
 2115.26 6735.83 1944.93 555.777 420.05
 2022.44 3086.01 1842.73 532.077 266.959
 3541.59 9220.44 2704.97 1615.21 700.377
 4604.2 9084.83 4361.92 1279.64 1095.43
 3606.4 8755.47 3144.66 1509.86 822.119
 3718.49 16236.5 7281.33 2615.2 1939.34
 2076.83 7066.66 5163.63 2315.65 1448.47
 3334.82 6109.17 3520.57 2572.49 1875.26
 3191.1 9007.94 2529.15 1457.49 1841.33
 2304.91 4395.63 1541.07 432.684 564.359
 1217.41 1741.11 436.615 153.074 99.0357
 742.035 1863.47 456.167 114.392 66.052
 566.484 1117.59 503.011 123.134 48.7078
 544.799 1100.42 403.788 181.74 62.0873
 1014.28 1297.1 492.887 180.86 109.212
 594.989 1124.75 269.952 102.58 60.3698
 1003.23 1872.73 687.829 165.086 99.6498
 1962.51 2810.64 1009.24 370.682 142.67
 2260.26 4416.26 1207.07 433.433 220.466
 892.597 4878.78 1822.74 498.199 269.887
F
 0.0707199 0.353195 0.353195 0.353195 0.353195
 0.0538543 0.268964 0.268964 0.268964 0.268964
 0.0740255 0.369705 0.369705 0.369705 0.369705
 0.0136618 0.0682311 0.0682311 0.0682311 0.0682311
 0.00284528 0.0142102 0.0142102 0.0142102 0.0142102
 0.0290708 0.145188 0.145188 0.145188 0.145188
 0.0180834 0.0903135 0.0903135 0.0903135 0.0903135
 0.0363365 0.181475 0.181475 0.181475 0.181475
 0.0420081 0.2098 0.2098 0.2098 0.2098
 0.0356296 0.177945 0.177945 0.177945 0.177945
 0.0778869 0.38899 0.38899 0.38899 0.38899
 0.072838 0.363774 0.363774 0.363774 0.363774
 0.114338 0.571039 0.571039 0.571039 0.571039
 0.197761 0.987677 0.987677 0.987677 0.987677
 0.175596 0.876978 0.876978 0.876978 0.876978
 0.0683637 0.341428 0.341428 0.341428 0.341428
 0.0487031 0.243237 0.243237 0.243237 0.243237
 0.0326296 0.162962 0.162962 0.162962 0.162962
 0.0276449 0.138067 0.138067 0.138067 0.138067
 0.0286912 0.143292 0.143292 0.143292 0.143292
 0.0134259 0.0670528 0.0670528 0.0670528 0.0670528
 0.0178516 0.089156 0.089156 0.089156 0.089156
 0.0213408 0.106582 0.106582 0.106582 0.106582
 0.0204944 0.102355 0.102355 0.102355 0.102355
 0.0188005 0.093895 0.093895 0.093895 0.093895
YTP_r0W_actual
 9997.09 107333 60150.5 20476 11551.2
YTP_p0W_proyectada
 67635.6 334827 512155 249606 113183
 67635.6 251475 88733.9 121442 61259.8
CTP_r0_actual
 892.597 4878.78 1822.74 498.199 269.887
CTP_p0_proyectada
 7957.13 15646.1 16415.2 6132.83 2434.04
 7957.13 11751.2 2844.03 2983.83 1317.42
Wmedp
 8.5 21.4 31.2 40.7 46.5
nmprior
 10.6 11 7 0
nm_flota  nm_reclas  nm_pelaces    nm_pelaL
inf 12.7039 21.3405 53.4523
cv_recla  cv_pelaces  cv_mph
0.722664 0.559943 1.28556
 ------------------------------------------------
Talla a la edad & desviaci?n 
 7.2 14.2025 17.0495 18.207 18.6776
 1.08 2.13037 2.55742 2.73105 2.80164
