years
 1997 1998 1999 2000 2001 2002 2003 2004 2005 2006 2007 2008 2009 2010 2011 2012 2013 2014 2015 2016 2017 2018 2019 2020 2021
reclasobs
 0 0 0 370054 412103 1.49427e+06 250295 1.28982e+06 931140 785840 897777 1.04006e+06 184774 17550 25797 100020 73551 82996 120727 218422 84188 347160 605670 569463 516374
reclaspred
 459134 102055 193069 143019 273706 308059 691362 511306 685475 816871 679672 455304 286692 127140 82552.8 80444.9 95680.1 121855 118148 183459 283978 253697 430150 513489 490088
pelacesobs
 0 0 0 0 0 0 0 0 0 2.06254e+06 1.5e+06 0 1.87456e+06 323000 250000 174000 83755 137374 0 501740 490994 745055 786931 1.00524e+06 1.33801e+06
pelacespred
 692428 158233 161596 197470 337827 306359 857627 705967 896652 1.06224e+06 802465 559350 353384 127240 81435.8 85726.9 106885 139060 138066 207888 362272 316372 422947 598326 566603
mphobs
 0 0 0 0 0 112323 0 153150 637223 0 255016 313432 73983 77613 109348 50772 0 0 0 0 0 0 0 0 0
mphpred
 625544 291899 260936 198113 273964 529854 726783 889670 856469 1.08326e+06 1.32481e+06 959659 581327 312148 138937 112398 132208 171883 198925 213794 360170 446891 539335 750791 936184
desembarqueobs
 350755 77701 442110 56441 14545 235359 269955 359681 431902 328805 639364 411747 362871 311530 167758 66681 60226 58785 57116 73181 50977 67692 138656 160484 209506
desembarquepred
 350738 77678.7 441801 56434.7 14544.8 235362 269961 359524 431760 328703 639108 411702 362778 311520 167617 66667.5 60231.9 58772.1 57098.6 73158.1 50972.2 67673.9 138631 160461 209479
Reclutas
 27297.6 41654.2 13565.8 35216.9 66828 38419.8 74083.7 85362.1 129042 171888 65921.8 36222.6 46232.3 22413.6 15810.7 17774.3 13190.1 13772.1 13916.2 32628.1 39152.6 45181.1 75989.5 77693.5 14143.7
log_desv_Rt
 -0.305445 0.117158 -1.00469 -0.0507176 0.589877 0.0363283 0.692951 0.834658 1.2479 1.5346 0.576224 -0.0225612 0.221433 -0.502577 -0.85156 -0.734489 -1.03278 -0.989603 -0.979193 -0.12707 0.0552233 0.198435 0.718351 0.740527 -0.962973
SSB
 625544 291899 260936 198113 273964 529854 726783 889670 856469 1.08326e+06 1.32481e+06 959659 581327 312148 138937 112398 132208 171883 198925 213794 360170 446891 539335 750791 936184
BT
 1.49232e+06 423215 524756 413697 616680 732432 1.72264e+06 1.66467e+06 1.99876e+06 2.21238e+06 2.0001e+06 1.37502e+06 989241 526210 286806 208431 240409 296261 296723 432130 689689 630455 853430 1.20347e+06 1.18085e+06
Ftot
 0.465891 0.589566 1.21954 0.346382 0.0489216 0.41179 0.288089 0.538032 0.538156 0.326371 0.513115 0.466426 0.774949 1.35283 1.41458 0.59064 0.434866 0.315939 0.286395 0.318888 0.126496 0.161279 0.201234 0.198516 0.202379
BD_Bspro_t
 0.937145 0.676598 0.550119 0.317577 0.52152 0.72761 0.660265 0.673832 0.632568 0.640986 0.658119 0.507277 0.38977 0.288164 0.171497 0.173801 0.260865 0.395533 0.489061 0.565276 0.706365 0.794793 0.795853 0.797566 0.786085
BD_Bspro
 0.821103 0.383153 0.34251 0.260048 0.359611 0.695498 0.95399 1.1678 1.12422 1.42191 1.73898 1.25967 0.763062 0.409732 0.182371 0.147536 0.173539 0.225617 0.261113 0.28063 0.472767 0.586599 0.707943 0.985504 1.22885
BD_Bo
 0.647032 0.301926 0.269899 0.204918 0.283375 0.548055 0.751748 0.92023 0.885889 1.12047 1.37032 0.992623 0.601295 0.322871 0.143709 0.116259 0.136749 0.177787 0.205758 0.221138 0.372542 0.462242 0.557861 0.776581 0.968342
BD_Brms
 2.18193 1.01816 0.910157 0.691027 0.955599 1.84815 2.53505 3.10321 2.9874 3.77846 4.621 3.34733 2.02769 1.08879 0.484618 0.392048 0.461146 0.599535 0.693858 0.745721 1.25629 1.55878 1.88122 2.61879 3.26545
S_f
 0.157618 1 1 1 1
 0.157618 1 1 1 1
 0.157618 1 1 1 1
 0.157618 1 1 1 1
 0.157618 1 1 1 1
 0.157618 1 1 1 1
 0.157618 1 1 1 1
 0.157618 1 1 1 1
 0.157618 1 1 1 1
 0.157618 1 1 1 1
 0.157618 1 1 1 1
 0.157618 1 1 1 1
 0.157618 1 1 1 1
 0.157618 1 1 1 1
 0.157618 1 1 1 1
 0.157618 1 1 1 1
 0.157618 1 1 1 1
 0.157618 1 1 1 1
 0.157618 1 1 1 1
 0.157618 1 1 1 1
 0.157618 1 1 1 1
 0.157618 1 1 1 1
 0.157618 1 1 1 1
 0.157618 1 1 1 1
 0.157618 1 1 1 1
Scru_reclas
 1 1 1 1 1
 1 1 1 1 1
 1 1 1 1 1
 1 1 1 1 1
 1 1 1 1 1
 1 1 1 1 1
 1 1 1 1 1
 1 1 1 1 1
 1 1 1 1 1
 1 1 1 1 1
 1 1 1 1 1
 1 1 1 1 1
 1 1 1 1 1
 1 1 1 1 1
 1 1 1 1 1
 1 1 1 1 1
 1 1 1 1 1
 1 1 1 1 1
 1 1 1 1 1
 1 1 1 1 1
 1 1 1 1 1
 1 1 1 1 1
 1 1 1 1 1
 1 1 1 1 1
 1 1 1 1 1
Scru_pelaces
 1 1 1 1 1
 1 1 1 1 1
 1 1 1 1 1
 1 1 1 1 1
 1 1 1 1 1
 1 1 1 1 1
 1 1 1 1 1
 1 1 1 1 1
 1 1 1 1 1
 1 1 1 1 1
 1 1 1 1 1
 1 1 1 1 1
 1 1 1 1 1
 1 1 1 1 1
 1 1 1 1 1
 1 1 1 1 1
 1 1 1 1 1
 1 1 1 1 1
 1 1 1 1 1
 1 1 1 1 1
 1 1 1 1 1
 1 1 1 1 1
 1 1 1 1 1
 1 1 1 1 1
 1 1 1 1 1
pf_obs 
 0.256992 0.487395 0.22802 0.0275931 0
 0.321318 0.546541 0.124235 0.00734118 0.000564706
 0.182869 0.594174 0.210203 0.0122559 0.00049798
 0.330522 0.361315 0.267642 0.0388342 0.00168674
 0.649043 0.306663 0.0425973 0.00169635 0
 0.582887 0.30429 0.105238 0.00758474 0
 0.465427 0.430635 0.0974691 0.00646863 0
 0.296916 0.608066 0.0921331 0.00288517 0
 0.311714 0.524322 0.152257 0.0117073 0
 0.15457 0.633149 0.183074 0.0267441 0.00246327
 0.131901 0.49318 0.331252 0.0422183 0.00144891
 0.196976 0.569456 0.194076 0.0375587 0.00193317
 0.518974 0.381816 0.0799577 0.0180837 0.00116848
 0.0928022 0.601141 0.25162 0.0475244 0.00691264
 0.122501 0.610282 0.24278 0.0234846 0.000952079
 0.383417 0.481906 0.127806 0.00687128 0
 0.0376549 0.599619 0.316969 0.0457579 0
 0.0361596 0.667082 0.258105 0.0386534 0
 0.158088 0.579412 0.248529 0.0139706 0
 0.0477256 0.309471 0.559284 0.082774 0.000745712
 0.0406174 0.521527 0.379366 0.0568643 0.0016247
 0.151134 0.462217 0.34131 0.0453401 0
 0.294876 0.26143 0.354403 0.0886775 0.000613685
 0.281977 0.475581 0.204845 0.0348837 0.00271318
 0.0841818 0.532909 0.334909 0.0458182 0.00218182
pf_pred 
 0.182647 0.560539 0.227935 0.0288702 8.76023e-06
 0.290822 0.45406 0.17496 0.0711447 0.0090139
 0.115924 0.686702 0.126371 0.0486937 0.0223092
 0.408059 0.360864 0.179488 0.0330305 0.0185585
 0.351818 0.543146 0.0640328 0.0318488 0.00915409
 0.142278 0.66813 0.158869 0.0187295 0.0119933
 0.289582 0.399599 0.242115 0.0575706 0.0111332
 0.257018 0.555869 0.105248 0.0637696 0.0180956
 0.318554 0.504825 0.132141 0.0250196 0.0194609
 0.291333 0.562932 0.107962 0.0282598 0.00951266
 0.103678 0.675188 0.175658 0.0336888 0.0117866
 0.0977166 0.438062 0.349692 0.0909764 0.0235525
 0.208438 0.366632 0.206306 0.164688 0.0539374
 0.160313 0.59709 0.112365 0.0632284 0.067004
 0.236098 0.542588 0.157373 0.0296157 0.0343249
 0.306002 0.558225 0.0964376 0.0279709 0.0113646
 0.19232 0.637389 0.136975 0.0236635 0.009652
 0.205699 0.517254 0.218635 0.0469847 0.0114278
 0.197125 0.527303 0.179454 0.0758522 0.0202654
 0.358979 0.41109 0.151011 0.0513927 0.0275265
 0.252614 0.602091 0.0931787 0.0342285 0.017888
 0.215948 0.544806 0.192735 0.0298274 0.016683
 0.278055 0.471874 0.173765 0.0614725 0.0148344
 0.207943 0.577419 0.140291 0.0516613 0.0226864
 0.039859 0.621031 0.247215 0.0600638 0.0318311
pobs_RECLAS
 0 0 0 0 0
 0 0 0 0 0
 0 0 0 0 0
 0 0 0 0 0
 0.835266 0.146461 0.0176864 0.000547809 3.91292e-05
 0.385257 0.428462 0.181853 0.0044286 0
 0.867414 0.0963971 0.0333333 0.00285562 0
 0.441836 0.489002 0.0689373 0.000224442 0
 0.779404 0.147425 0.0564933 0.0165055 0.000172143
 0.814271 0.122319 0.05973 0.00367925 0
 0.40263 0.566651 0.0304383 0.000280538 0
 0.475488 0.404961 0.113038 0.00651328 0
 0.955842 0.0263864 0.0167828 0.000988607 0
 0.975058 0.0227948 0.00214734 0 0
 0.738997 0.206755 0.0527124 0.00153531 0
 0.850938 0.134255 0.0134407 0.00136685 0
 0.542534 0.407297 0.0501686 0 0
 0.764087 0.199537 0.0359546 0.000420521 0
 0.470689 0.182191 0.310203 0.0369168 0
 0.84361 0.089868 0.0606195 0.00523954 0.000663233
 0.607945 0.314616 0.071237 0.00620181 0
 0.523733 0.453247 0.0230204 0 0
 0.530135 0.295979 0.169645 0.0042399 0
 0.562478 0.366248 0.0663022 0.0049721 0
 0.250443 0.683176 0.0655157 0.000865301 0
ppred_RECLAS
 0.593939 0.278476 0.113238 0.0143427 4.35208e-06
 0.730759 0.172385 0.0664237 0.0270102 0.00342214
 0.48303 0.401554 0.0738966 0.028474 0.0130455
 0.817154 0.111468 0.0554422 0.0102028 0.00573256
 0.775391 0.188212 0.0221888 0.0110363 0.0031721
 0.519442 0.374335 0.08901 0.0104936 0.00671949
 0.724616 0.154899 0.0938527 0.0223165 0.00431564
 0.694998 0.22819 0.0432056 0.0261781 0.00742843
 0.75486 0.181603 0.0475357 0.00900042 0.00700078
 0.726862 0.216968 0.0416114 0.010892 0.00366641
 0.431896 0.427946 0.111335 0.0213525 0.00747053
 0.414833 0.284101 0.226789 0.0590019 0.0152747
 0.639746 0.166861 0.0938933 0.0749522 0.0245479
 0.581022 0.297929 0.0560666 0.031549 0.0334329
 0.693805 0.217486 0.0630799 0.0118709 0.0137585
 0.744806 0.205268 0.0354616 0.0102853 0.00417893
 0.608541 0.308924 0.0663879 0.011469 0.00467804
 0.626179 0.243435 0.102896 0.0221124 0.00537824
 0.613112 0.254096 0.0864751 0.0365516 0.00976546
 0.783695 0.138718 0.050957 0.0173419 0.00928851
 0.683448 0.255013 0.0394655 0.0144973 0.00757639
 0.638079 0.251485 0.0889673 0.0137684 0.00770094
 0.711946 0.188276 0.0693316 0.0245273 0.00591887
 0.627485 0.271568 0.0659806 0.024297 0.0106697
 0.210375 0.510739 0.203311 0.0493969 0.0261781
pobs_PELACES
 0 0 0 0 0
 0 0 0 0 0
 0 0 0 0 0
 0 0 0 0 0
 0 0 0 0 0
 0 0 0 0 0
 0 0 0 0 0
 0 0 0 0 0
 0 0 0 0 0
 0 0 0 0 0
 0.450072 0.473896 0.0757376 0.000293798 0
 0 0 0 0 0
 0.463077 0.371075 0.160297 0.00555027 0
 0.529543 0.364841 0.0842815 0.0213345 0
 0.631943 0.363953 0.00410389 0 0
 0.735681 0.248677 0.0153453 0.000297389 0
 0.695825 0.281241 0.0229344 0 0
 0.275771 0.60734 0.115278 0.00161068 0
 0 0 0 0 0
 0.896147 0.0623911 0.0374545 0.00400742 0
 0.803859 0.145111 0.0509908 3.86294e-05 0
 0.739449 0.233085 0.0266225 0.000797448 4.60066e-05
 0.878498 0.100942 0.0204185 0.000141795 0
 0.694673 0.275183 0.0284847 0.00165964 0
 0.469039 0.446079 0.0841089 0.000773354 0
ppred_PELACES
 0.624756 0.257342 0.104644 0.0132542 4.02179e-06
 0.761763 0.152534 0.0587748 0.0238999 0.00302807
 0.567365 0.336047 0.0618416 0.0238289 0.0109173
 0.831105 0.102964 0.0512123 0.00942442 0.0052952
 0.77775 0.186235 0.0219557 0.0109204 0.00313877
 0.547922 0.35215 0.0837349 0.0098717 0.00632126
 0.740306 0.146074 0.0885054 0.021045 0.00406976
 0.725748 0.205184 0.0388496 0.0235388 0.0066795
 0.781478 0.161884 0.042374 0.00802311 0.0062406
 0.744499 0.202958 0.0389245 0.0101887 0.00342967
 0.467177 0.401369 0.104421 0.0200264 0.00700658
 0.446614 0.268671 0.214472 0.0557975 0.0144452
 0.687764 0.14462 0.0813783 0.0649619 0.0212759
 0.668861 0.235468 0.0443122 0.0249347 0.0264237
 0.770512 0.163002 0.0472774 0.00889703 0.0103118
 0.774743 0.181188 0.0313016 0.00907875 0.0036887
 0.636932 0.286519 0.0615731 0.0106372 0.00433877
 0.646499 0.230202 0.0973026 0.0209104 0.00508589
 0.631818 0.24181 0.0822939 0.0347842 0.00929329
 0.798344 0.129323 0.047506 0.0161674 0.00865946
 0.691006 0.248924 0.0385232 0.0141512 0.00739549
 0.648367 0.244336 0.0864382 0.0133771 0.00748203
 0.723281 0.180867 0.0666034 0.0235622 0.00568597
 0.640291 0.262232 0.0637124 0.0234617 0.0103029
 0.219872 0.504596 0.200866 0.0488027 0.0258632
pobs_pel_tallas
 0 0 0 0 0 0 0 0 0 0 0 0 0 0 0 0 0 0 0 0 0 0 0 0 0 0 0 0 0 0 0 0 0 0 0 0
 0 0 0 0 0 0 0 0 0 0 0 0 0 0 0 0 0 0 0 0 0 0 0 0 0 0 0 0 0 0 0 0 0 0 0 0
 0 0 0 0 0 0 0 0 0 0 0 0 0 0 0 0 0 0 0 0 0 0 0 0 0 0 0 0 0 0 0 0 0 0 0 0
 0 0 0 0 0 0 0 0 0 0 0 0 0 0 0 0 0 0 0 0 0 0 0 0 0 0 0 0 0 0 0 0 0 0 0 0
 0 0 0 0 0 0 0 0 0 0 0 0 0 0 0 0 0 0 0 0 0 0 0 0 0 0 0 0 0 0 0 0 0 0 0 0
 0 0 0 0 0 0 0 0 0 0 0 0 0 0 0 0 0 0 0 0 0 0 0 0 0 0 0 0 0 0 0 0 0 0 0 0
 0 0 0 0 0 0 0 0 0 0 0 0 0 0 0 0 0 0 0 0 0 0 0 0 0 0 0 0 0 0 0 0 0 0 0 0
 0 0 0 0 0 0 0 0 0 0 0 0 0 0 0 0 0 0 0 0 0 0 0 0 0 0 0 0 0 0 0 0 0 0 0 0
 0 0 0 0 0 0 0 0 0 0 0 0 0 0 0 0 0 0 0 0 0 0 0 0 0 0 0 0 0 0 0 0 0 0 0 0
 0 0 0 0 0 0 0 0 0 0 0 0 0 0 0 0 0 0 0 0 0 0 0 0 0 0 0 0 0 0 0 0 0 0 0 0
 0 0 0 0 0 0 0 0 1.78061e-05 0.00172719 0.00360574 0.0105946 0.0120993 0.0124554 0.0147524 0.0171206 0.0266825 0.0428682 0.0675386 0.121331 0.153587 0.119568 0.100827 0.0573624 0.0630603 0.0341343 0.0324427 0.0444173 0.0211091 0.0280891 0.0125444 0.00206551 0 0 0 0
 0 0 0 0 0 0 0 0 0 0 0 0 0 0 0 0 0 0 0 0 0 0 0 0 0 0 0 0 0 0 0 0 0 0 0 0
 0 0 0 0 0 0 0.0133647 0.0140871 0.0187388 0.0205184 0.03894 0.0496705 0.03968 0.0493445 0.0407372 0.0367815 0.0215668 0.0243155 0.0234873 0.0199281 0.019796 0.0243948 0.0301388 0.0376714 0.0412746 0.0863199 0.0771752 0.113111 0.0741005 0.0525337 0.0229764 0.00759418 0.00175318 0 0 0
 0 0 0 0 0 0 0 0 0 0 0.00219441 0.00772107 0.0458388 0.0604681 0.0671733 0.0775358 0.0609151 0.0617685 0.073594 0.0568108 0.0755445 0.0548602 0.0670107 0.0636378 0.0643287 0.046367 0.0373049 0.0286899 0.0247887 0.0153202 0.00654259 0.00121912 0.000365735 0 0 0
 0 0 0 0 0 0 0 0 0 0 0 0 0.000112435 0.00938835 0.0111873 0.0202946 0.0414886 0.0713402 0.111592 0.104902 0.108894 0.110636 0.117776 0.105296 0.107544 0.0401394 0.0192827 0.0124803 0.00416011 0.0028671 0.000618394 0 0 0 0 0
 0 0 0 0 0 0 0 0 0 0 0.00291406 0.0102884 0.027416 0.0768956 0.0749926 0.110853 0.0956884 0.0897413 0.0766577 0.0534642 0.0500743 0.0551293 0.0594112 0.0620874 0.0668451 0.0424026 0.0208742 0.0120726 0.0048766 0.00582813 0.00118941 0.000297354 0 0 0 0
 0 0.00264628 0.0354308 0.0461629 0.0458689 0.0383711 0.0214643 0.0164657 0.0346957 0.0420465 0.0363128 0.0245516 0.0311673 0.0291091 0.0169068 0.0133784 0.00837989 0.0085269 0.0148486 0.0160247 0.0276389 0.0546898 0.0760071 0.122758 0.109233 0.0665981 0.0333725 0.0166128 0.00676272 0.00308733 0.000882094 0 0 0 0 0
 0 0 0 0 0 0 0 0.000805153 0.000690131 0.00759144 0.0133425 0.0154129 0.00931677 0.000345066 0.00356568 0.00563607 0.00851162 0.0253048 0.0502646 0.0516448 0.0657925 0.0565908 0.0611916 0.0827007 0.0866115 0.110766 0.145733 0.0935128 0.0569358 0.0249597 0.0138026 0.00621118 0.00161031 0.00115022 0 0
 0 0 0 0 0 0 0 0 0 0 0 0 0 0 0 0 0 0 0 0 0 0 0 0 0 0 0 0 0 0 0 0 0 0 0 0
 0.00147267 0.00158595 0.00478618 0.00569244 0.00954404 0.0108468 0.00647125 0.017049 0.0510054 0.094081 0.124002 0.0959785 0.0687766 0.0820023 0.061753 0.0591476 0.0492212 0.0479892 0.0443925 0.0268479 0.0217502 0.0140895 0.0121071 0.0120363 0.00920419 0.00665534 0.0049561 0.00860946 0.00930331 0.0156896 0.0114698 0.00855282 0.00243557 0.00046729 0 2.83206e-05
 0 0 0 0 0.000772559 0.00158375 0.000888443 0.00281984 0.00712685 0.0440552 0.0773331 0.111326 0.0921469 0.0852325 0.0710754 0.0886704 0.0786465 0.0553345 0.0373146 0.0185414 0.00753245 0.00457741 0.012979 0.0271748 0.0457355 0.0583668 0.034881 0.0177882 0.00938659 0.00492506 0.0015258 0.00185414 0.000309023 5.79419e-05 3.86279e-05 0
 0 0.00173294 0.00326652 0 0.00397197 0.00683976 0.00946217 0.0152591 0.00757587 0.0136028 0.0228656 0.0392903 0.0559909 0.0764795 0.0681675 0.0726916 0.0566044 0.0477403 0.0527397 0.0444891 0.0609904 0.0582453 0.0661739 0.0445044 0.0529084 0.0360697 0.0280645 0.0235558 0.0158879 0.00826598 0.00280645 0.00217768 0.000904811 0.00058276 9.20147e-05 0
 0 0 0 0 0 0 0 0 0 0 0 0 0 0 0 0 0 0 0 0 0 0 0 0 0 0 0 0 0 0 0 0 0 0 0 0
 0 0 0 0 0 0 0 0 0 0 0 0 0 0 0 0 0 0 0 0 0 0 0 0 0 0 0 0 0 0 0 0 0 0 0 0
 0 0 0 0 0 0 0 0 0 0 0 0 0 0 0 0 0 0 0 0 0 0 0 0 0 0 0 0 0 0 0 0 0 0 0 0
ppred_pel_tallas
 1.02025e-16 2.72656e-05 0.00016001 0.000760581 0.00292822 0.00913132 0.0230651 0.0471953 0.078235 0.105078 0.114375 0.100955 0.0724156 0.0425629 0.0212197 0.01031 0.00691558 0.00757626 0.0101547 0.0136642 0.0176099 0.0215897 0.0251833 0.0279868 0.0296901 0.0301425 0.0293792 0.0275979 0.0250986 0.0222073 0.0192095 0.0163124 0.0136374 0.0112363 0.00911782 0.00727162
 1.01847e-16 3.32354e-05 0.000195068 0.000927271 0.00357006 0.0111329 0.0281208 0.0575387 0.0953761 0.128086 0.139378 0.122929 0.0879703 0.0512873 0.0247924 0.0107554 0.00554154 0.00487542 0.00613961 0.00818865 0.010559 0.012975 0.0151835 0.0169467 0.018082 0.0184989 0.0182141 0.0173372 0.0160356 0.0144893 0.0128541 0.0112397 0.00970837 0.0082853 0.00697567 0.00577862
 1.02317e-16 2.47661e-05 0.000145329 0.00069077 0.0026594 0.00829302 0.0209477 0.0428635 0.0710572 0.0954467 0.103915 0.091778 0.0659549 0.0390107 0.0199025 0.0104197 0.00795183 0.00938142 0.0127617 0.0171466 0.021987 0.0267758 0.0309701 0.0340572 0.0356616 0.0356299 0.0340627 0.0312766 0.0277163 0.0238457 0.0200538 0.0166013 0.0136121 0.0111007 0.00901605 0.00728274
 1.01332e-16 3.6257e-05 0.000212812 0.00101164 0.00389491 0.0121459 0.0306796 0.0627738 0.104052 0.139731 0.152034 0.134054 0.0958508 0.0557178 0.0266274 0.011026 0.00491847 0.00361835 0.00426568 0.00563324 0.00726941 0.00895596 0.0105157 0.0117852 0.0126372 0.0130045 0.0128909 0.0123628 0.0115259 0.0104971 0.00937929 0.00824827 0.0071506 0.00611035 0.00513904 0.00424387
 1.00895e-16 3.39338e-05 0.000199165 0.000946744 0.00364502 0.0113667 0.0287113 0.0587471 0.09738 0.130779 0.142314 0.125533 0.0898642 0.0524522 0.0254678 0.0112368 0.00605423 0.00555473 0.00705477 0.00935931 0.0119547 0.0145082 0.0167088 0.0182722 0.0189946 0.0187991 0.0177527 0.0160444 0.0139347 0.0116931 0.00954424 0.0076368 0.00603819 0.00475004 0.00373358 0.00293438
 1.01938e-16 2.39191e-05 0.000140354 0.000667116 0.00256832 0.00800899 0.0202303 0.0413957 0.0686249 0.0921822 0.100367 0.0886617 0.0637516 0.0377803 0.0194094 0.0103802 0.00818549 0.00982471 0.0134202 0.0180484 0.0231547 0.028211 0.0326459 0.0359171 0.0376236 0.0375963 0.0359323 0.0329572 0.029135 0.0249545 0.020832 0.0170536 0.0137652 0.0109984 0.00871304 0.00683897
 1.02218e-16 3.22996e-05 0.000189574 0.000901155 0.0034695 0.0108193 0.0273287 0.0559181 0.0926898 0.124478 0.135452 0.119468 0.0854957 0.0498492 0.0241068 0.0104765 0.00542942 0.00481584 0.00609892 0.00817386 0.0105991 0.0131144 0.0154779 0.0174571 0.0188647 0.0195949 0.0196385 0.0190724 0.0180296 0.0166611 0.0151035 0.0134612 0.0118045 0.0101779 0.00861293 0.00713694
 1.0174e-16 3.1667e-05 0.000185856 0.000883464 0.00340137 0.0106068 0.0267921 0.0548205 0.0908722 0.122042 0.132815 0.117174 0.0839227 0.0490707 0.0239882 0.0108617 0.00625148 0.00609804 0.00790355 0.0105464 0.0135254 0.0164932 0.0191127 0.0210708 0.0221373 0.0222166 0.0213655 0.0197714 0.0176983 0.0154215 0.013171 0.0110999 0.0092804 0.00772085 0.00639261 0.00525496
 1.01222e-16 3.40954e-05 0.000200116 0.00095127 0.00366245 0.011421 0.0288486 0.0590279 0.0978448 0.131401 0.142986 0.126113 0.0902513 0.0526222 0.0254466 0.0110524 0.00570933 0.00502788 0.00631655 0.00839081 0.0107631 0.0131372 0.0152419 0.0168266 0.0177056 0.0177979 0.0171431 0.0158839 0.0142258 0.0123855 0.0105475 0.00883821 0.00732251 0.00601551 0.00490233 0.00395653
 1.0113e-16 3.24846e-05 0.000190656 0.000906285 0.00348924 0.0108809 0.0274842 0.0562366 0.0932193 0.125194 0.136243 0.120192 0.0860742 0.0503069 0.0245516 0.011047 0.00625959 0.00602085 0.00776561 0.0103432 0.0132427 0.0161141 0.0186207 0.0204504 0.0213755 0.0213034 0.0202958 0.0185462 0.0163269 0.0139228 0.0115738 0.00944268 0.00760849 0.00608289 0.00483585 0.00382069
 1.02629e-16 2.04002e-05 0.000119691 0.000568871 0.00219004 0.0068293 0.0172506 0.0352994 0.0585217 0.0786202 0.0856263 0.0756994 0.0545611 0.0325951 0.0172269 0.00998939 0.00879278 0.0111146 0.0153619 0.0207122 0.0266071 0.0324644 0.0376378 0.0415091 0.0436177 0.043764 0.0420481 0.0388283 0.0346194 0.0299655 0.0253307 0.021035 0.0172443 0.0139989 0.0112625 0.00896724
 1.05725e-16 1.94984e-05 0.000114408 0.000543781 0.00209348 0.00652822 0.0164899 0.0337421 0.0559369 0.075139 0.0818116 0.0722721 0.0519716 0.0308108 0.0158552 0.00853477 0.00682388 0.00830593 0.0114924 0.015685 0.0204944 0.025551 0.0304339 0.0347126 0.0380241 0.0401385 0.0409898 0.0406607 0.0393351 0.0372361 0.0345751 0.0315256 0.0282223 0.0247752 0.021288 0.0178667
 1.04429e-16 3.00083e-05 0.000176123 0.000837207 0.00322329 0.0100515 0.0253893 0.0519499 0.0861125 0.115646 0.125845 0.111001 0.0794525 0.0463576 0.0224791 0.00987546 0.00527709 0.00483824 0.00621133 0.00837747 0.0109311 0.0136318 0.0162525 0.0185718 0.0204074 0.0216491 0.0222723 0.0223264 0.021906 0.0211168 0.0200477 0.0187601 0.0172916 0.0156696 0.0139264 0.0121078
 1.02798e-16 2.91877e-05 0.000171297 0.000814245 0.00313485 0.0097757 0.0246927 0.0505253 0.0837537 0.112486 0.122427 0.108037 0.0774384 0.0454 0.0224192 0.0105336 0.00659507 0.00687942 0.00908902 0.0121755 0.0156397 0.0191036 0.0221873 0.0245346 0.0258832 0.0261223 0.0253143 0.0236676 0.0214757 0.0190425 0.0166187 0.014367 0.0123593 0.0105977 0.00904674 0.00766214
 1.01512e-16 3.36172e-05 0.000197309 0.000937923 0.00361107 0.0112608 0.0284438 0.0581997 0.0964721 0.129558 0.140981 0.124347 0.0889932 0.0518996 0.0251178 0.0109454 0.00570709 0.00507742 0.00640458 0.00852138 0.0109461 0.0133842 0.0155639 0.0172328 0.0182027 0.0183887 0.0178258 0.0166515 0.0150656 0.0132798 0.0114737 0.00977121 0.00823604 0.00688473 0.00570585 0.0046781
 1.00988e-16 3.38025e-05 0.000198395 0.000943082 0.00363092 0.0113227 0.0286002 0.0585199 0.0970032 0.130273 0.141762 0.125045 0.0895106 0.0522379 0.0253493 0.0111606 0.00598053 0.00546108 0.00693105 0.00920401 0.0117742 0.0143176 0.0165311 0.0181366 0.0189322 0.0188372 0.0179093 0.0163241 0.0143273 0.0121751 0.0100826 0.00819476 0.00658065 0.0052482 0.00416766 0.00329437
 1.01536e-16 2.77976e-05 0.000163131 0.000775412 0.00298531 0.00930937 0.0235149 0.0481157 0.0797613 0.10713 0.116612 0.10294 0.0738625 0.0434584 0.0217484 0.0106998 0.00734114 0.00814319 0.0109165 0.0146335 0.018757 0.0228366 0.0264041 0.0290186 0.0303563 0.0302831 0.0288825 0.0264242 0.0232897 0.0198799 0.0165347 0.013486 0.0108498 0.00864736 0.0068413 0.00536969
 1.02413e-16 2.82126e-05 0.000165572 0.000787029 0.00303006 0.00944892 0.0238673 0.0488364 0.0809543 0.108727 0.118338 0.104432 0.0748651 0.043912 0.0217242 0.0102766 0.00653359 0.00690399 0.00917596 0.0123442 0.0159311 0.0195713 0.0228901 0.0255271 0.0272039 0.0277814 0.0272835 0.0258765 0.0238161 0.0213802 0.0188116 0.0162856 0.0139048 0.0117149 0.00972775 0.0079428
 1.02877e-16 2.75728e-05 0.000161815 0.000769167 0.00296128 0.00923444 0.0233256 0.047728 0.0791175 0.106262 0.115658 0.102077 0.0731967 0.0429739 0.0213352 0.0102177 0.00666147 0.00716134 0.00955535 0.0128538 0.0165752 0.0203411 0.0237614 0.0264629 0.0281608 0.0287184 0.0281711 0.0267024 0.0245862 0.022115 0.0195384 0.0170299 0.0146828 0.0125287 0.0105656 0.00878198
 1.01677e-16 3.48295e-05 0.000204429 0.00097178 0.00374143 0.0116673 0.0294707 0.0603005 0.0999532 0.13423 0.146055 0.1288 0.092132 0.0536326 0.0257745 0.0109212 0.00524836 0.00426366 0.0052206 0.00692824 0.00892577 0.0109635 0.0128244 0.0143073 0.0152587 0.0156038 0.0153585 0.0146179 0.0135249 0.0122328 0.0108728 0.00953619 0.00827272 0.0071005 0.0060205 0.00502917
 1.0146e-16 3.01539e-05 0.000176968 0.000841203 0.00323864 0.0100994 0.0255103 0.0521982 0.0865269 0.116211 0.126482 0.111616 0.0800078 0.0469132 0.0231786 0.0109088 0.00685072 0.00715342 0.00943701 0.0126085 0.0161386 0.0196211 0.0226478 0.0248387 0.0259183 0.0257782 0.0245001 0.0223273 0.0195984 0.0166654 0.0138228 0.0112667 0.00908831 0.00729463 0.00584103 0.00466341
 1.02116e-16 2.82946e-05 0.000166052 0.000789309 0.00303883 0.00947628 0.0239364 0.0489779 0.0811893 0.109044 0.118685 0.104746 0.0751039 0.0440807 0.0218605 0.0104281 0.00674272 0.00720383 0.00958956 0.0128819 0.0165854 0.0203122 0.0236634 0.0262587 0.0278093 0.0281792 0.0274101 0.0256976 0.0233327 0.0206276 0.017852 0.0151968 0.0127678 0.010603 0.00869914 0.00703665
 1.0208e-16 3.15585e-05 0.000185221 0.000880451 0.00338978 0.0105707 0.0267008 0.0546334 0.0905615 0.121623 0.132354 0.116756 0.0835987 0.0488318 0.0237801 0.0106153 0.00590333 0.00559722 0.00721412 0.00965353 0.0124444 0.0152774 0.0178555 0.0198974 0.0211881 0.0216229 0.0212254 0.0201302 0.0185405 0.0166744 0.0147196 0.0128082 0.0110136 0.00936346 0.00786027 0.00649836
 1.02278e-16 2.7943e-05 0.000163987 0.000779488 0.00300102 0.00935834 0.0236385 0.0483685 0.0801797 0.10769 0.117216 0.103459 0.074205 0.0436 0.0217086 0.0104985 0.00697367 0.00758159 0.0101249 0.013586 0.0174537 0.0213155 0.0247457 0.027342 0.0288056 0.0290065 0.0280085 0.0260414 0.0234344 0.0205336 0.0176311 0.0149252 0.0125143 0.0104186 0.00861162 0.00705117
 1.05902e-16 9.62095e-06 5.63974e-05 0.000267943 0.00103135 0.00321595 0.00812374 0.016626 0.0275737 0.0370738 0.0404575 0.0359572 0.0263306 0.0165612 0.0102738 0.00834584 0.00995251 0.01403 0.0198671 0.0269831 0.0348632 0.0428337 0.0500993 0.0558783 0.0595663 0.0608648 0.0598315 0.0568343 0.0524332 0.0472327 0.0417559 0.036374 0.0312977 0.0266125 0.0223334 0.0184519
pSPR Fmed_Fpbrs
0.584385   0.346542 0.346542
Fs Fmed_Fpbrs
0.37813   1.005 1.005
SSBpbr Bo_Bmed_Bpbrs
966791  516638  286694 286694
Ro
37049.1
SPR SPRFo_SPRFmed_SPRFpbrs
761834 445204 264007
log_Ro
10.34
likeval ReclasPelacesDesembMPH_pf_preclas_ppelaces_ptallas_desvR_qrecl_qpela
 76.5438 51.6547 0.0118302 0.000821597 315.071 191.908 77.912 0 18.7655 3.20778e-05 0 0 0 0 0
q_reclas_q_pelaces
0.448174 1
M
0.7
N
 27297.6 15573.7 6332.81 802.112 0.243389
 41654.2 12595.8 4853.46 1973.59 250.05
 13565.8 18849.3 3468.77 1336.6 612.367
 35216.9 5558.51 2764.7 508.779 285.862
 66828 16559 1952.18 970.981 279.083
 38419.8 32930.9 7830.37 923.14 591.125
 74083.7 17879.7 10833.3 2575.95 498.147
 85362.1 35155.7 6656.4 4033.09 1144.45
 129042 38943 10193.6 1930.05 1501.25
 171888 58869.2 11290.3 2955.3 994.797
 65921.8 81077 21093.1 4045.37 1415.34
 36222.6 30192.5 24101.7 6270.35 1623.3
 46232.3 16712.7 9404.3 7507.17 2458.7
 22413.6 20318.5 3823.7 2151.61 2280.1
 15810.7 8992.93 2608.32 490.854 568.906
 17774.3 6282.2 1085.3 314.781 127.896
 13190.1 8041.86 1728.2 298.56 121.778
 13772.1 6116.11 2585.18 555.556 135.124
 13916.2 6506.78 2214.41 935.995 250.069
 32628.1 6605.55 2426.5 825.796 442.306
 39152.6 15408.4 2384.58 875.957 457.78
 45181.1 19058.8 6742.4 1043.44 583.617
 75989.5 21873.1 8054.66 2849.48 687.631
 77693.5 36557.2 8881.99 3270.74 1436.31
 14143.7 37392.9 14885.1 3616.51 1916.59
pred_Ctot
 1395.85 4283.82 1741.95 220.635 0.0669484
 2672.6 4172.73 1607.85 653.806 82.8361
 1725.1 10219 1880.57 724.627 331.991
 1349.92 1193.79 593.772 109.27 61.3943
 369.329 570.18 67.2198 33.434 9.60971
 1742.91 8184.63 1946.16 229.437 146.918
 2371.37 3272.3 1982.67 471.443 91.1694
 5015.91 10848.2 2054.01 1244.51 353.149
 7584.26 12019.1 3146.06 595.676 463.333
 6216.69 12012.3 2303.78 603.028 202.988
 3700.52 24099 6269.63 1202.43 420.689
 1854.27 8312.69 6635.77 1726.37 446.933
 3849.99 6771.96 3810.62 3041.9 996.264
 3133.59 11671.1 2196.37 1235.91 1309.71
 2301.82 5289.93 1534.3 288.736 334.649
 1142.42 2084.06 360.038 104.426 42.4282
 630.899 2090.93 449.343 77.6274 31.663
 482.521 1213.36 512.866 110.215 26.8069
 442.88 1184.69 403.178 170.416 45.5301
 1153.6 1321.06 485.283 165.153 88.458
 556.48 1326.34 205.262 75.4015 39.4052
 816.765 2060.58 728.968 112.814 63.0988
 1709.29 2900.76 1068.19 377.891 91.1918
 1724.34 4788.17 1163.34 428.394 188.124
 319.931 4984.74 1984.29 482.106 255.494
F
 0.0734328 0.465891 0.465891 0.465891 0.465891
 0.0929262 0.589566 0.589566 0.589566 0.589566
 0.192222 1.21954 1.21954 1.21954 1.21954
 0.0545959 0.346382 0.346382 0.346382 0.346382
 0.00771092 0.0489216 0.0489216 0.0489216 0.0489216
 0.0649055 0.41179 0.41179 0.41179 0.41179
 0.045408 0.288089 0.288089 0.288089 0.288089
 0.0848034 0.538032 0.538032 0.538032 0.538032
 0.084823 0.538156 0.538156 0.538156 0.538156
 0.051442 0.326371 0.326371 0.326371 0.326371
 0.0808761 0.513115 0.513115 0.513115 0.513115
 0.073517 0.466426 0.466426 0.466426 0.466426
 0.122146 0.774949 0.774949 0.774949 0.774949
 0.21323 1.35283 1.35283 1.35283 1.35283
 0.222963 1.41458 1.41458 1.41458 1.41458
 0.0930954 0.59064 0.59064 0.59064 0.59064
 0.0685427 0.434866 0.434866 0.434866 0.434866
 0.0497976 0.315939 0.315939 0.315939 0.315939
 0.0451409 0.286395 0.286395 0.286395 0.286395
 0.0502624 0.318888 0.318888 0.318888 0.318888
 0.019938 0.126496 0.126496 0.126496 0.126496
 0.0254204 0.161279 0.161279 0.161279 0.161279
 0.0317181 0.201234 0.201234 0.201234 0.201234
 0.0312896 0.198516 0.198516 0.198516 0.198516
 0.0318986 0.202379 0.202379 0.202379 0.202379
YTP_r0W_actual
 3583.22 109664 65481.5 19814.6 10935.2
YTP_p0W_proyectada
 29515.4 70215.7 228224 118512 46240.6
 29515.4 142868 18608.1 54116.5 29086
CTP_r0_actual
 319.931 4984.74 1984.29 482.106 255.494
CTP_p0_proyectada
 3472.41 3281.11 7314.88 2911.85 994.421
 3472.41 6676.08 596.415 1329.64 625.506
Wmedp
 8.5 21.4 31.2 40.7 46.5
nmprior
 10.6 11 7 0
nm_flota  nm_reclas  nm_pelaces    nm_pelaL
inf 20.5075 19.7304 48.27
cv_recla  cv_pelaces  cv_mph
0.79137 0.814943 0.929967
 ------------------------------------------------
Talla a la edad & desviaci?n 
 7.2 14.2025 17.0495 18.207 18.6776
 1.08 2.13037 2.55742 2.73105 2.80164
