years
 1997 1998 1999 2000 2001 2002 2003 2004 2005 2006 2007 2008 2009 2010 2011 2012 2013 2014 2015 2016 2017 2018 2019 2020 2021
reclasobs
 0 0 0 370054 412103 1.49427e+06 250295 1.28982e+06 931140 785840 897777 1.04006e+06 184774 17550 25797 100020 73551 82996 120727 218422 84188 347160 605670 569463 516374
reclaspred
 371827 94800.9 250862 190157 314221 372529 837639 584936 703488 698548 563687 379041 234560 106997 73429.1 74221.6 91793.5 122422 125073 185670 276181 249153 426417 525904 558694
pelacesobs
 0 0 0 0 0 0 0 0 0 2.06254e+06 1.5e+06 0 1.87456e+06 323000 250000 174000 83755 137374 0 501740 490994 745055 786931 1.00524e+06 1.33801e+06
pelacespred
 838776 191234 314133 362509 519929 510766 1.35066e+06 1.13066e+06 1.23049e+06 1.22499e+06 892844 621995 384032 144539 97735 106260 137528 186314 196097 282139 467846 413396 557886 816502 865923
mphobs
 0 0 0 0 0 112323 0 153150 637223 0 255016 313432 73983 77613 109348 50772 0 0 0 0 0 0 0 0 0
mphpred
 143087 78088.2 86957.6 93242 111812 192436 285844 345204 310629 341831 350278 250106 153624 81405.4 38162.1 32374.5 39193.2 53262.3 64460.6 72149.6 113343 136634 167930 236152 310266
desembarqueobs
 350755 77701 442110 56441 14545 235359 269955 359681 431902 328805 639364 411747 362871 311530 167758 66681 60226 58785 57116 73181 50977 67692 138656 160484 209506
desembarquepred
 350753 77694 442018 56440.5 14545 235389 269978 359642 431879 328782 639396 411885 363045 311803 167734 66684 60240.9 58782.1 57108.3 73173.4 50975.6 67682.6 138648 160480 209498
Reclutas
 38820.5 51614.9 26871 50787.2 90207.9 60922.9 104004 106400 142583 154195 67705.2 39042.5 43873.5 23025.7 17276.7 20576.7 16302.4 17738.1 19190.5 38718.9 47663 57771.7 94867.4 106121 32344
log_desv_Rt
 -0.193297 0.0915659 -0.561197 0.0754003 0.649873 0.257364 0.79218 0.814964 1.10768 1.18597 0.362918 -0.187593 -0.0709332 -0.715634 -1.00289 -0.828084 -1.06094 -0.976528 -0.89783 -0.195918 0.0119102 0.204255 0.700236 0.812335 -0.375816
SSB
 599918 327400 364586 390935 468794 806823 1.19845e+06 1.44733e+06 1.30237e+06 1.43319e+06 1.46861e+06 1.04862e+06 644099 341308 160002 135736 164325 223312 270263 302501 475213 572866 704078 990112 1.30085e+06
BT
 1.77701e+06 476001 804154 709081 942479 1.09928e+06 2.60339e+06 2.43044e+06 2.59795e+06 2.50842e+06 2.17189e+06 1.49136e+06 1.04477e+06 558661 317246 245346 295531 380750 400540 565088 879111 804044 1.09485e+06 1.59431e+06 1.7159e+06
Ftot
 0.504334 0.488568 0.806522 0.16926 0.028713 0.262216 0.16763 0.319817 0.341329 0.246179 0.464147 0.426113 0.685387 1.20632 1.17968 0.474278 0.341284 0.23656 0.205883 0.219537 0.0956445 0.124337 0.151584 0.148279 0.14268
BD_Bspro_t
 0.936504 0.702506 0.633589 0.47036 0.640997 0.799005 0.760136 0.771506 0.724339 0.704103 0.685628 0.536322 0.421663 0.313053 0.195606 0.20529 0.308909 0.463163 0.567927 0.649034 0.760687 0.833133 0.83626 0.838942 0.836342
BD_Bspro
 0.619442 0.338055 0.376451 0.403658 0.484051 0.833081 1.23746 1.49444 1.34476 1.47983 1.5164 1.08274 0.665061 0.352415 0.165209 0.140154 0.169673 0.23058 0.279059 0.312346 0.490678 0.591509 0.726992 1.02233 1.34318
BD_Bo
 0.52794 0.288119 0.320843 0.344031 0.412548 0.710021 1.05466 1.27368 1.14611 1.26124 1.2924 0.922805 0.56682 0.300358 0.140805 0.119451 0.144609 0.196519 0.237837 0.266207 0.418197 0.504134 0.619603 0.871319 1.14477
BD_Brms
 1.81513 0.99059 1.1031 1.18282 1.4184 2.44115 3.62608 4.37909 3.94049 4.3363 4.44346 3.17273 1.9488 1.03267 0.484106 0.410688 0.497186 0.67566 0.817716 0.915256 1.43782 1.73328 2.13028 2.99571 3.93588
S_f
 0.175953 1 1 1 1
 0.175953 1 1 1 1
 0.175953 1 1 1 1
 0.175953 1 1 1 1
 0.175953 1 1 1 1
 0.175953 1 1 1 1
 0.175953 1 1 1 1
 0.175953 1 1 1 1
 0.175953 1 1 1 1
 0.175953 1 1 1 1
 0.175953 1 1 1 1
 0.175953 1 1 1 1
 0.175953 1 1 1 1
 0.175953 1 1 1 1
 0.175953 1 1 1 1
 0.175953 1 1 1 1
 0.175953 1 1 1 1
 0.175953 1 1 1 1
 0.175953 1 1 1 1
 0.175953 1 1 1 1
 0.175953 1 1 1 1
 0.175953 1 1 1 1
 0.175953 1 1 1 1
 0.175953 1 1 1 1
 0.175953 1 1 1 1
Scru_reclas
 1 1 1 1 1
 1 1 1 1 1
 1 1 1 1 1
 1 1 1 1 1
 1 1 1 1 1
 1 1 1 1 1
 1 1 1 1 1
 1 1 1 1 1
 1 1 1 1 1
 1 1 1 1 1
 1 1 1 1 1
 1 1 1 1 1
 1 1 1 1 1
 1 1 1 1 1
 1 1 1 1 1
 1 1 1 1 1
 1 1 1 1 1
 1 1 1 1 1
 1 1 1 1 1
 1 1 1 1 1
 1 1 1 1 1
 1 1 1 1 1
 1 1 1 1 1
 1 1 1 1 1
 1 1 1 1 1
Scru_pelaces
 1 1 1 1 1
 1 1 1 1 1
 1 1 1 1 1
 1 1 1 1 1
 1 1 1 1 1
 1 1 1 1 1
 1 1 1 1 1
 1 1 1 1 1
 1 1 1 1 1
 1 1 1 1 1
 1 1 1 1 1
 1 1 1 1 1
 1 1 1 1 1
 1 1 1 1 1
 1 1 1 1 1
 1 1 1 1 1
 1 1 1 1 1
 1 1 1 1 1
 1 1 1 1 1
 1 1 1 1 1
 1 1 1 1 1
 1 1 1 1 1
 1 1 1 1 1
 1 1 1 1 1
 1 1 1 1 1
pf_obs 
 0.256992 0.487395 0.22802 0.0275931 0
 0.321318 0.546541 0.124235 0.00734118 0.000564706
 0.182869 0.594174 0.210203 0.0122559 0.00049798
 0.330522 0.361315 0.267642 0.0388342 0.00168674
 0.649043 0.306663 0.0425973 0.00169635 0
 0.582887 0.30429 0.105238 0.00758474 0
 0.465427 0.430635 0.0974691 0.00646863 0
 0.296916 0.608066 0.0921331 0.00288517 0
 0.311714 0.524322 0.152257 0.0117073 0
 0.15457 0.633149 0.183074 0.0267441 0.00246327
 0.131901 0.49318 0.331252 0.0422183 0.00144891
 0.196976 0.569456 0.194076 0.0375587 0.00193317
 0.518974 0.381816 0.0799577 0.0180837 0.00116848
 0.0928022 0.601141 0.25162 0.0475244 0.00691264
 0.122501 0.610282 0.24278 0.0234846 0.000952079
 0.383417 0.481906 0.127806 0.00687128 0
 0.0376549 0.599619 0.316969 0.0457579 0
 0.0361596 0.667082 0.258105 0.0386534 0
 0.158088 0.579412 0.248529 0.0139706 0
 0.0477256 0.309471 0.559284 0.082774 0.000745712
 0.0406174 0.521527 0.379366 0.0568643 0.0016247
 0.151134 0.462217 0.34131 0.0453401 0
 0.294876 0.26143 0.354403 0.0886775 0.000613685
 0.281977 0.475581 0.204845 0.0348837 0.00271318
 0.0841818 0.532909 0.334909 0.0458182 0.00218182
pf_pred 
 0.28756 0.498222 0.191105 0.0231013 1.09447e-05
 0.312252 0.512357 0.122654 0.047047 0.00568985
 0.167558 0.637044 0.145567 0.0348475 0.0149832
 0.340462 0.415212 0.186975 0.0427244 0.0146255
 0.332549 0.507574 0.100651 0.0453243 0.0139021
 0.163673 0.620186 0.164368 0.0325937 0.0191793
 0.27259 0.40528 0.238879 0.0633099 0.0199415
 0.225593 0.539945 0.130631 0.0769962 0.0268339
 0.271502 0.479483 0.173623 0.0420053 0.0333872
 0.240568 0.541783 0.143252 0.0518723 0.0225246
 0.113189 0.593246 0.209431 0.0553754 0.0287587
 0.108881 0.423459 0.312848 0.110443 0.0443681
 0.199151 0.368115 0.205635 0.151921 0.0751775
 0.169749 0.550912 0.1284 0.0717261 0.0792127
 0.246153 0.513605 0.159412 0.0371539 0.0436758
 0.320534 0.523798 0.106059 0.0329184 0.0166912
 0.209585 0.609275 0.13964 0.0282744 0.0132255
 0.221534 0.497533 0.216551 0.0496316 0.0147501
 0.21682 0.504181 0.178313 0.0776109 0.0230741
 0.336941 0.420401 0.156214 0.0552482 0.031196
 0.263381 0.561266 0.11118 0.0413126 0.0228611
 0.236954 0.518809 0.186096 0.0368633 0.0212778
 0.290335 0.462381 0.168133 0.0603091 0.0188421
 0.23458 0.546428 0.142684 0.0518834 0.0244249
 0.0706016 0.605144 0.231483 0.0604451 0.0323264
pobs_RECLAS
 0 0 0 0 0
 0 0 0 0 0
 0 0 0 0 0
 0 0 0 0 0
 0.835266 0.146461 0.0176864 0.000547809 3.91292e-05
 0.385257 0.428462 0.181853 0.0044286 0
 0.867414 0.0963971 0.0333333 0.00285562 0
 0.441836 0.489002 0.0689373 0.000224442 0
 0.779404 0.147425 0.0564933 0.0165055 0.000172143
 0.814271 0.122319 0.05973 0.00367925 0
 0.40263 0.566651 0.0304383 0.000280538 0
 0.475488 0.404961 0.113038 0.00651328 0
 0.955842 0.0263864 0.0167828 0.000988607 0
 0.975058 0.0227948 0.00214734 0 0
 0.738997 0.206755 0.0527124 0.00153531 0
 0.850938 0.134255 0.0134407 0.00136685 0
 0.542534 0.407297 0.0501686 0 0
 0.764087 0.199537 0.0359546 0.000420521 0
 0.470689 0.182191 0.310203 0.0369168 0
 0.84361 0.089868 0.0606195 0.00523954 0.000663233
 0.607945 0.314616 0.071237 0.00620181 0
 0.523733 0.453247 0.0230204 0 0
 0.530135 0.295979 0.169645 0.0042399 0
 0.562478 0.366248 0.0663022 0.0049721 0
 0.250443 0.683176 0.0655157 0.000865301 0
ppred_RECLAS
 0.703539 0.207321 0.0795229 0.00961293 4.55434e-06
 0.727208 0.203224 0.0486502 0.018661 0.00225685
 0.549335 0.344881 0.0788065 0.0188656 0.00811154
 0.747533 0.158941 0.071573 0.0163547 0.00559856
 0.739286 0.198264 0.0393153 0.0177042 0.00543031
 0.530359 0.348267 0.092301 0.0183031 0.0107702
 0.682462 0.176918 0.104278 0.0276368 0.00870512
 0.627947 0.259409 0.0627599 0.0369917 0.012892
 0.683812 0.208109 0.075357 0.0182315 0.014491
 0.646132 0.252452 0.0667504 0.0241706 0.0104957
 0.427876 0.382731 0.135114 0.0357253 0.0185536
 0.416467 0.277295 0.204863 0.0723218 0.0290537
 0.597908 0.184824 0.103246 0.076277 0.0377453
 0.565318 0.288433 0.0672243 0.0375525 0.0414722
 0.674218 0.221959 0.0688916 0.0160564 0.0188749
 0.734502 0.204672 0.041442 0.0128627 0.00652202
 0.606095 0.303633 0.06959 0.0140906 0.00659097
 0.62111 0.242156 0.105399 0.0241564 0.00717909
 0.614134 0.248406 0.0878535 0.0382382 0.0113684
 0.745155 0.16158 0.0600406 0.0212345 0.0119901
 0.671282 0.250466 0.0496142 0.0184359 0.0102019
 0.639829 0.244887 0.0878407 0.0174001 0.0100435
 0.700968 0.194834 0.0708464 0.0254125 0.00793951
 0.63711 0.259064 0.0676472 0.0245982 0.01158
 0.303149 0.453729 0.173563 0.0453209 0.0242379
pobs_PELACES
 0 0 0 0 0
 0 0 0 0 0
 0 0 0 0 0
 0 0 0 0 0
 0 0 0 0 0
 0 0 0 0 0
 0 0 0 0 0
 0 0 0 0 0
 0 0 0 0 0
 0 0 0 0 0
 0.450072 0.473896 0.0757376 0.000293798 0
 0 0 0 0 0
 0.463077 0.371075 0.160297 0.00555027 0
 0.529543 0.364841 0.0842815 0.0213345 0
 0.631943 0.363953 0.00410389 0 0
 0.735681 0.248677 0.0153453 0.000297389 0
 0.695825 0.281241 0.0229344 0 0
 0.275771 0.60734 0.115278 0.00161068 0
 0 0 0 0 0
 0.896147 0.0623911 0.0374545 0.00400742 0
 0.803859 0.145111 0.0509908 3.86294e-05 0
 0.739449 0.233085 0.0266225 0.000797448 4.60066e-05
 0.878498 0.100942 0.0204185 0.000141795 0
 0.694673 0.275183 0.0284847 0.00165964 0
 0.469039 0.446079 0.0841089 0.000773354 0
ppred_PELACES
 0.731324 0.18789 0.0720697 0.00871197 4.12748e-06
 0.752755 0.184192 0.044094 0.0169133 0.0020455
 0.602838 0.303937 0.0694505 0.0166259 0.00714853
 0.75612 0.153535 0.0691385 0.0157984 0.00540813
 0.740788 0.197122 0.0390888 0.0176022 0.00539902
 0.548073 0.335131 0.0888194 0.0176127 0.0103639
 0.692257 0.17146 0.101062 0.0267843 0.00843658
 0.64803 0.245407 0.0593723 0.034995 0.0121961
 0.70353 0.19513 0.0706576 0.0170945 0.0135873
 0.661284 0.241642 0.0638922 0.0231356 0.0100462
 0.459016 0.3619 0.12776 0.0337808 0.0175438
 0.44487 0.263797 0.194891 0.0688016 0.0276395
 0.641789 0.164654 0.0919783 0.0679528 0.0336261
 0.643552 0.23652 0.0551253 0.0307938 0.034008
 0.740414 0.176859 0.0548935 0.0127939 0.0150397
 0.758881 0.185877 0.0376365 0.0116816 0.00592312
 0.628021 0.286732 0.0657165 0.0133063 0.00622411
 0.636126 0.232559 0.101221 0.023199 0.00689456
 0.627314 0.239921 0.0848527 0.0369322 0.0109801
 0.756325 0.154498 0.0574089 0.0203038 0.0114646
 0.676995 0.246113 0.0487519 0.0181154 0.0100245
 0.647583 0.239615 0.0859495 0.0170255 0.00982726
 0.709536 0.189251 0.0688164 0.0246844 0.00771202
 0.64638 0.252447 0.0659192 0.0239698 0.0112842
 0.311408 0.448352 0.171506 0.0447838 0.0239507
pobs_pel_tallas
 0 0 0 0 0 0 0 0 0 0 0 0 0 0 0 0 0 0 0 0 0 0 0 0 0 0 0 0 0 0 0 0 0 0 0 0
 0 0 0 0 0 0 0 0 0 0 0 0 0 0 0 0 0 0 0 0 0 0 0 0 0 0 0 0 0 0 0 0 0 0 0 0
 0 0 0 0 0 0 0 0 0 0 0 0 0 0 0 0 0 0 0 0 0 0 0 0 0 0 0 0 0 0 0 0 0 0 0 0
 0 0 0 0 0 0 0 0 0 0 0 0 0 0 0 0 0 0 0 0 0 0 0 0 0 0 0 0 0 0 0 0 0 0 0 0
 0 0 0 0 0 0 0 0 0 0 0 0 0 0 0 0 0 0 0 0 0 0 0 0 0 0 0 0 0 0 0 0 0 0 0 0
 0 0 0 0 0 0 0 0 0 0 0 0 0 0 0 0 0 0 0 0 0 0 0 0 0 0 0 0 0 0 0 0 0 0 0 0
 0 0 0 0 0 0 0 0 0 0 0 0 0 0 0 0 0 0 0 0 0 0 0 0 0 0 0 0 0 0 0 0 0 0 0 0
 0 0 0 0 0 0 0 0 0 0 0 0 0 0 0 0 0 0 0 0 0 0 0 0 0 0 0 0 0 0 0 0 0 0 0 0
 0 0 0 0 0 0 0 0 0 0 0 0 0 0 0 0 0 0 0 0 0 0 0 0 0 0 0 0 0 0 0 0 0 0 0 0
 0 0 0 0 0 0 0 0 0 0 0 0 0 0 0 0 0 0 0 0 0 0 0 0 0 0 0 0 0 0 0 0 0 0 0 0
 0 0 0 0 0 0 0 0 1.78061e-05 0.00172719 0.00360574 0.0105946 0.0120993 0.0124554 0.0147524 0.0171206 0.0266825 0.0428682 0.0675386 0.121331 0.153587 0.119568 0.100827 0.0573624 0.0630603 0.0341343 0.0324427 0.0444173 0.0211091 0.0280891 0.0125444 0.00206551 0 0 0 0
 0 0 0 0 0 0 0 0 0 0 0 0 0 0 0 0 0 0 0 0 0 0 0 0 0 0 0 0 0 0 0 0 0 0 0 0
 0 0 0 0 0 0 0.0133647 0.0140871 0.0187388 0.0205184 0.03894 0.0496705 0.03968 0.0493445 0.0407372 0.0367815 0.0215668 0.0243155 0.0234873 0.0199281 0.019796 0.0243948 0.0301388 0.0376714 0.0412746 0.0863199 0.0771752 0.113111 0.0741005 0.0525337 0.0229764 0.00759418 0.00175318 0 0 0
 0 0 0 0 0 0 0 0 0 0 0.00219441 0.00772107 0.0458388 0.0604681 0.0671733 0.0775358 0.0609151 0.0617685 0.073594 0.0568108 0.0755445 0.0548602 0.0670107 0.0636378 0.0643287 0.046367 0.0373049 0.0286899 0.0247887 0.0153202 0.00654259 0.00121912 0.000365735 0 0 0
 0 0 0 0 0 0 0 0 0 0 0 0 0.000112435 0.00938835 0.0111873 0.0202946 0.0414886 0.0713402 0.111592 0.104902 0.108894 0.110636 0.117776 0.105296 0.107544 0.0401394 0.0192827 0.0124803 0.00416011 0.0028671 0.000618394 0 0 0 0 0
 0 0 0 0 0 0 0 0 0 0 0.00291406 0.0102884 0.027416 0.0768956 0.0749926 0.110853 0.0956884 0.0897413 0.0766577 0.0534642 0.0500743 0.0551293 0.0594112 0.0620874 0.0668451 0.0424026 0.0208742 0.0120726 0.0048766 0.00582813 0.00118941 0.000297354 0 0 0 0
 0 0.00264628 0.0354308 0.0461629 0.0458689 0.0383711 0.0214643 0.0164657 0.0346957 0.0420465 0.0363128 0.0245516 0.0311673 0.0291091 0.0169068 0.0133784 0.00837989 0.0085269 0.0148486 0.0160247 0.0276389 0.0546898 0.0760071 0.122758 0.109233 0.0665981 0.0333725 0.0166128 0.00676272 0.00308733 0.000882094 0 0 0 0 0
 0 0 0 0 0 0 0 0.000805153 0.000690131 0.00759144 0.0133425 0.0154129 0.00931677 0.000345066 0.00356568 0.00563607 0.00851162 0.0253048 0.0502646 0.0516448 0.0657925 0.0565908 0.0611916 0.0827007 0.0866115 0.110766 0.145733 0.0935128 0.0569358 0.0249597 0.0138026 0.00621118 0.00161031 0.00115022 0 0
 0 0 0 0 0 0 0 0 0 0 0 0 0 0 0 0 0 0 0 0 0 0 0 0 0 0 0 0 0 0 0 0 0 0 0 0
 0.00147267 0.00158595 0.00478618 0.00569244 0.00954404 0.0108468 0.00647125 0.017049 0.0510054 0.094081 0.124002 0.0959785 0.0687766 0.0820023 0.061753 0.0591476 0.0492212 0.0479892 0.0443925 0.0268479 0.0217502 0.0140895 0.0121071 0.0120363 0.00920419 0.00665534 0.0049561 0.00860946 0.00930331 0.0156896 0.0114698 0.00855282 0.00243557 0.00046729 0 2.83206e-05
 0 0 0 0 0.000772559 0.00158375 0.000888443 0.00281984 0.00712685 0.0440552 0.0773331 0.111326 0.0921469 0.0852325 0.0710754 0.0886704 0.0786465 0.0553345 0.0373146 0.0185414 0.00753245 0.00457741 0.012979 0.0271748 0.0457355 0.0583668 0.034881 0.0177882 0.00938659 0.00492506 0.0015258 0.00185414 0.000309023 5.79419e-05 3.86279e-05 0
 0 0.00173294 0.00326652 0 0.00397197 0.00683976 0.00946217 0.0152591 0.00757587 0.0136028 0.0228656 0.0392903 0.0559909 0.0764795 0.0681675 0.0726916 0.0566044 0.0477403 0.0527397 0.0444891 0.0609904 0.0582453 0.0661739 0.0445044 0.0529084 0.0360697 0.0280645 0.0235558 0.0158879 0.00826598 0.00280645 0.00217768 0.000904811 0.00058276 9.20147e-05 0
 0 0 0 0 0 0 0 0 0 0 0 0 0 0 0 0 0 0 0 0 0 0 0 0 0 0 0 0 0 0 0 0 0 0 0 0
 0 0 0 0 0 0 0 0 0 0 0 0 0 0 0 0 0 0 0 0 0 0 0 0 0 0 0 0 0 0 0 0 0 0 0 0
 0 0 0 0 0 0 0 0 0 0 0 0 0 0 0 0 0 0 0 0 0 0 0 0 0 0 0 0 0 0 0 0 0 0 0 0
ppred_pel_tallas
 1.01384e-16 3.19096e-05 0.000187281 0.000890244 0.00342748 0.0106883 0.0269977 0.0552411 0.091569 0.122977 0.133828 0.118058 0.0845366 0.0493902 0.0240714 0.0107778 0.00603798 0.00575993 0.00743102 0.00993352 0.012783 0.0156561 0.0182403 0.0202406 0.0214321 0.0217076 0.0210966 0.0197478 0.0178848 0.0157493 0.0135522 0.0114457 0.00951724 0.0078021 0.00630285 0.00500756
 1.01363e-16 3.28438e-05 0.000192766 0.000916324 0.00352789 0.0110014 0.0277887 0.0568595 0.0942512 0.126578 0.137744 0.121506 0.0869901 0.0507928 0.0246967 0.0109572 0.00599409 0.00558812 0.00714798 0.00952191 0.0122153 0.0149055 0.0172868 0.019075 0.0200599 0.020151 0.0193944 0.0179543 0.0160651 0.0139739 0.01189 0.00995624 0.00824485 0.00677137 0.00551747 0.00445203
 1.01991e-16 2.63117e-05 0.000154406 0.000733927 0.00282558 0.00881124 0.0222567 0.0455415 0.0754951 0.101403 0.110387 0.0974641 0.0699757 0.0412574 0.0208065 0.0105007 0.00754377 0.00860773 0.0116238 0.015609 0.0200286 0.0244148 0.0282737 0.0311386 0.0326642 0.032705 0.0313433 0.0288576 0.0256436 0.0221176 0.0186322 0.0154277 0.0126247 0.0102468 0.00825832 0.0066004
 1.01828e-16 3.29894e-05 0.000193624 0.000920405 0.00354362 0.0110504 0.0279125 0.0571126 0.0946699 0.127138 0.138347 0.122021 0.0873246 0.0509186 0.0246289 0.0107101 0.0055563 0.00492576 0.00622187 0.00830824 0.010724 0.0131929 0.0154597 0.0172831 0.0184757 0.0189416 0.0186925 0.0178334 0.0165287 0.0149579 0.0132781 0.0116033 0.0100013 0.00850414 0.00712357 0.0058642
 1.01477e-16 3.23225e-05 0.000189705 0.000901765 0.00347184 0.0108266 0.0273471 0.0559561 0.0927542 0.124569 0.135561 0.119589 0.0856371 0.0500412 0.024403 0.0109485 0.0061607 0.00589164 0.00759054 0.0101165 0.0129678 0.015805 0.0183026 0.0201584 0.0211509 0.0211878 0.0203246 0.0187429 0.0166992 0.0144615 0.0122548 0.0102301 0.00846037 0.0069557 0.00568928 0.00462095
 1.0246e-16 2.3925e-05 0.000140391 0.000667292 0.00256901 0.00801112 0.0202357 0.0414066 0.0686424 0.0922043 0.100388 0.0886708 0.0637389 0.0377343 0.0193152 0.0102174 0.00792744 0.00944142 0.0128843 0.0173435 0.0222841 0.0272047 0.0315641 0.0348459 0.0366655 0.0368545 0.0354941 0.0328795 0.0294357 0.025612 0.0217908 0.0182353 0.0150812 0.0123614 0.0100466 0.00808279
 1.02806e-16 3.02055e-05 0.000177278 0.00084269 0.00324439 0.0101173 0.0255555 0.0522902 0.0866774 0.116407 0.126679 0.111751 0.0800197 0.0467504 0.0227848 0.010205 0.00572961 0.00549244 0.00712671 0.00959026 0.0124437 0.0154009 0.0181825 0.0205171 0.0221865 0.0230675 0.0231499 0.0225239 0.0213442 0.0197857 0.0180052 0.0161213 0.0142123 0.0123269 0.0104997 0.00876203
 1.02696e-16 2.82798e-05 0.000165966 0.000788898 0.00303725 0.00947135 0.023924 0.0489524 0.0811471 0.108987 0.118623 0.104691 0.0750639 0.0440558 0.0218451 0.0104149 0.00672472 0.00717425 0.00954071 0.0128044 0.0164687 0.0201455 0.0234387 0.0259735 0.0274704 0.0278052 0.0270324 0.0253589 0.0230819 0.020513 0.0179135 0.0154583 0.0132323 0.0112513 0.0094927 0.00792334
 1.02289e-16 3.06979e-05 0.000180167 0.00085642 0.00329725 0.0102821 0.0259719 0.0531423 0.0880903 0.118306 0.128749 0.113587 0.0813543 0.0475703 0.0232582 0.0105396 0.00608293 0.00595836 0.00775204 0.0103866 0.0133872 0.0164281 0.0191899 0.02137 0.0227377 0.0231817 0.0227298 0.0215301 0.0198042 0.0177895 0.0156898 0.0136472 0.0117394 0.00999368 0.0084093 0.0069766
 1.02251e-16 2.88576e-05 0.000169359 0.000805028 0.00309936 0.00966502 0.0244132 0.0499533 0.0828059 0.111214 0.121045 0.106823 0.0765812 0.0449233 0.0222322 0.0105274 0.00670187 0.00707794 0.00938599 0.0125874 0.0161812 0.019781 0.0229936 0.0254478 0.0268662 0.0271254 0.0262795 0.0245345 0.0221879 0.0195535 0.0168966 0.0143983 0.0121502 0.0101735 0.00844867 0.00694216
 1.03912e-16 2.00428e-05 0.000117596 0.000558919 0.00215173 0.00670986 0.0169489 0.0346817 0.0574968 0.0772409 0.0841175 0.0743499 0.0535545 0.0319263 0.0167516 0.00952617 0.00818902 0.0102602 0.0141843 0.0191786 0.0247359 0.0303387 0.0354097 0.0393897 0.0418513 0.0425905 0.0416624 0.0393465 0.0360599 0.0322491 0.0282976 0.0244739 0.0209247 0.0177015 0.0148013 0.0122027
 1.06509e-16 1.94221e-05 0.000113961 0.000541656 0.0020853 0.00650271 0.0164255 0.0336102 0.0557182 0.0748447 0.0814902 0.0719855 0.0517599 0.030674 0.0157638 0.00845155 0.00671741 0.00815247 0.0112737 0.0153877 0.0201113 0.0250846 0.0298992 0.0341384 0.0374528 0.0396225 0.0405871 0.0404282 0.0393213 0.0374753 0.0350822 0.0322934 0.0292212 0.0259566 0.0225893 0.0192186
 1.05266e-16 2.80044e-05 0.000164356 0.000781263 0.00300788 0.00937978 0.0236926 0.0484784 0.0803591 0.107923 0.117448 0.103613 0.0742047 0.0433776 0.0211877 0.00957157 0.00549449 0.00538135 0.00704768 0.00953699 0.0124507 0.0155303 0.0185211 0.0211721 0.0232771 0.0247115 0.0254478 0.0255424 0.0251025 0.0242464 0.0230733 0.0216495 0.0200143 0.0181956 0.0162275 0.0141605
 1.03507e-16 2.80841e-05 0.000164818 0.000783444 0.00301626 0.00940588 0.0237586 0.048614 0.0805858 0.108233 0.117801 0.103961 0.0745322 0.0437271 0.0216514 0.0102716 0.00656612 0.00695846 0.00924278 0.0124118 0.0159816 0.0195803 0.0228295 0.0253719 0.0269403 0.0274157 0.0268482 0.0254314 0.0234424 0.021169 0.0188482 0.0166335 0.0145934 0.0127333 0.0110265 0.00944231
 1.0198e-16 3.23054e-05 0.000189606 0.0009013 0.00347005 0.010821 0.0273331 0.0559271 0.0927057 0.124502 0.135485 0.119511 0.0855592 0.0499515 0.0242773 0.0107547 0.00586263 0.00545285 0.0069804 0.00931858 0.0119894 0.0146853 0.0171148 0.0190048 0.0201499 0.020455 0.0199532 0.018787 0.0171656 0.0153108 0.0134105 0.0115939 0.00992769 0.00843004 0.00709178 0.00589525
 1.01274e-16 3.3111e-05 0.000194335 0.00092378 0.0035566 0.0110909 0.0280148 0.0573222 0.0950181 0.127608 0.138865 0.122494 0.0876965 0.051203 0.0248919 0.0110361 0.00602492 0.00560351 0.00715757 0.00952382 0.0122016 0.0148639 0.0172017 0.0189296 0.0198383 0.0198412 0.0189918 0.0174631 0.0154992 0.0133557 0.0112477 0.00932024 0.00764376 0.00622877 0.00504955 0.00406679
 1.01775e-16 2.7409e-05 0.00016085 0.000764567 0.00294356 0.00917915 0.023186 0.0474427 0.0786459 0.105632 0.114983 0.101505 0.072839 0.042869 0.0214773 0.0106064 0.00732914 0.00816842 0.0109672 0.0147124 0.0188725 0.0229994 0.0266257 0.0293102 0.0307275 0.0307402 0.0294272 0.0270523 0.023991 0.020638 0.0173281 0.0142901 0.0116392 0.00939811 0.00753314 0.00598765
 1.02632e-16 2.77604e-05 0.000162917 0.000774406 0.00298146 0.00929736 0.0234845 0.0480531 0.0796561 0.106984 0.116443 0.102764 0.0736775 0.0432328 0.0214208 0.010188 0.00655126 0.00698022 0.00930032 0.0125218 0.0161713 0.0198826 0.0232785 0.0259949 0.0277496 0.0283997 0.027966 0.026612 0.0245909 0.0221783 0.0196155 0.0170767 0.0146645 0.0124258 0.0103756 0.00851694
 1.03065e-16 2.73763e-05 0.000160662 0.000763684 0.00294017 0.00916861 0.0231593 0.0473878 0.0785535 0.105504 0.114834 0.10135 0.0726758 0.0426693 0.0211865 0.010151 0.00662486 0.00712876 0.00951756 0.0128102 0.0165303 0.0203038 0.0237446 0.0264824 0.0282335 0.0288599 0.0283927 0.027009 0.0249751 0.0225757 0.020054 0.0175788 0.0152417 0.0130752 0.0110802 0.00924956
 1.02099e-16 3.29983e-05 0.000193676 0.000920654 0.00354458 0.0110534 0.0279201 0.0571281 0.0946956 0.127172 0.138384 0.122054 0.0873484 0.0509325 0.0246356 0.0107125 0.00555588 0.00492205 0.00621258 0.00828936 0.0106901 0.0131376 0.0153769 0.0171684 0.0183287 0.0187676 0.0185031 0.0176471 0.0163685 0.0148483 0.0132412 0.0116548 0.0101477 0.00874124 0.00743727 0.00623282
 1.01864e-16 2.95428e-05 0.000173381 0.00082415 0.00317298 0.00989462 0.0249931 0.05114 0.0847729 0.113856 0.123919 0.109357 0.0783934 0.0459768 0.0227353 0.0107337 0.00678771 0.00712814 0.00942678 0.0126158 0.0161784 0.0197169 0.0228294 0.0251394 0.0263708 0.0264089 0.0253238 0.023343 0.0207878 0.0179932 0.0152409 0.0127194 0.0105192 0.00865216 0.00708371 0.00576247
 1.02343e-16 2.82602e-05 0.000165851 0.000788353 0.00303515 0.0094648 0.0239074 0.0489185 0.0810908 0.108911 0.11854 0.104615 0.0750052 0.0440127 0.0218081 0.0103723 0.00666669 0.00709448 0.00943737 0.0126816 0.0163376 0.0200255 0.0233552 0.0259542 0.0275389 0.0279746 0.0272991 0.0256999 0.023457 0.0208707 0.0182002 0.0156279 0.0132548 0.0111175 0.00921411 0.00752895
 1.02248e-16 3.09595e-05 0.000181703 0.000863727 0.00332538 0.0103699 0.0261935 0.0535956 0.0888416 0.119314 0.129845 0.114549 0.082034 0.0479488 0.0234079 0.0105476 0.00600469 0.00581352 0.00753954 0.0100994 0.0130212 0.0159867 0.0186861 0.0208259 0.0221814 0.0226436 0.0222373 0.0211036 0.0194546 0.0175178 0.0154887 0.013504 0.0116391 0.00992182 0.00835369 0.00692842
 1.02369e-16 2.82082e-05 0.000165545 0.000786894 0.00302953 0.00944728 0.0238632 0.0488281 0.0809412 0.108711 0.118325 0.104432 0.0748877 0.0439715 0.0218387 0.0104707 0.00683812 0.00735158 0.00979357 0.013143 0.016896 0.0206536 0.0240061 0.0265659 0.0280437 0.028311 0.027425 0.0256013 0.0231512 0.0204024 0.0176324 0.0150295 0.012689 0.0106322 0.00883776 0.00726999
 1.05239e-16 1.361e-05 7.98219e-05 0.000379317 0.00146019 0.00455329 0.0115017 0.023537 0.039027 0.052448 0.0571682 0.050651 0.0367478 0.0224366 0.012743 0.00878045 0.00925035 0.0125465 0.0176345 0.0239194 0.0308908 0.0379376 0.0443512 0.049438 0.0526637 0.0537669 0.0528037 0.050106 0.0461758 0.041553 0.0367035 0.0319557 0.027493 0.0233866 0.019644 0.0162525
pSPR Fmed_Fpbrs
0.653402   0.340855 0.340855
Fs Fmed_Fpbrs
0.279567   1.005 1.005
SSBpbr Bo_Bmed_Bpbrs
1.13634e+06  685668  330510 330510
Ro
47098.7
SPR SPRFo_SPRFmed_SPRFpbrs
968481 632807 330112
log_Ro
10.58
likeval ReclasPelacesDesembMPH_pf_preclas_ppelaces_ptallas_desvR_qrecl_qpela
 68.0652 34.4247 0.00674561 0.000173256 314.245 195.417 77.6468 0 15.851 5.73445e-05 0 0 0 0 0
q_reclas_q_pelaces
0.341957 1
M
0.7
N
 38820.5 14081.9 5401.45 652.941 0.309345
 51614.9 17640.7 4223.04 1619.85 195.904
 26871 23519.9 5374.36 1286.58 553.182
 50787.2 11578.4 5213.88 1191.39 407.838
 90207.9 24480.2 4854.36 2185.98 670.494
 60922.9 44570.2 11812.4 2342.37 1378.33
 104004 28889.3 17027.8 4512.87 1421.48
 106400 50145.6 12131.9 7150.76 2492.1
 142583 49945.7 18085.5 4375.51 3477.8
 154195 66677.4 17630.1 6383.93 2772.11
 67705.2 73325 25885.6 6844.38 3554.57
 39042.5 30984.7 22891.2 8081.19 3246.44
 43873.5 17987.5 10048.1 7423.43 3673.45
 23025.7 19311.8 4500.95 2514.3 2776.74
 17276.7 9247.51 2870.24 668.959 786.387
 20576.7 6971.21 1411.53 438.111 222.143
 16302.4 9400 2154.4 436.223 204.046
 17738.1 7623.68 3318.21 760.505 226.016
 19190.5 8449.38 2988.29 1300.65 386.69
 38718.9 9190.67 3415.11 1207.82 681.998
 47663 18498.7 3664.35 1361.62 753.477
 57771.7 23273.7 8348.27 1653.69 954.521
 94867.4 28067.8 10206.1 3660.93 1143.77
 106121 45869.9 11977.6 4355.35 2050.35
 32344 51341 19639.2 5128.22 2742.61
pred_Ctot
 2382.89 4128.55 1583.61 191.43 0.0906943
 3072.9 5042.15 1207.05 462.993 55.9943
 2577.69 9800.18 2239.37 536.087 230.498
 1073.57 1309.28 589.586 134.722 46.1183
 327.023 499.139 98.9781 44.5711 13.6711
 1980.81 7505.65 1989.22 394.457 232.112
 2177.6 3237.6 1908.3 505.754 159.304
 4200.68 10054.1 2432.43 1433.71 499.662
 5997.87 10592.5 3835.58 927.958 737.572
 4712.61 10613.3 2806.25 1016.15 441.246
 3836.53 20108 7098.65 1876.94 974.776
 2037 7922.28 5852.91 2066.23 830.059
 3609.63 6672.14 3727.16 2753.59 1362.6
 3205.79 10404.2 2424.89 1354.58 1495.97
 2356.94 4917.83 1526.39 355.753 418.201
 1190.51 1945.46 393.917 122.264 61.9935
 685.685 1993.33 456.853 92.5038 43.2692
 521.329 1170.82 509.602 116.796 34.7109
 492.039 1144.16 404.653 176.125 52.3629
 1057.46 1319.39 490.267 173.392 97.9064
 572.584 1220.18 241.702 89.8128 49.6996
 900.221 1971.03 707.005 140.049 80.8373
 1798.4 2864.08 1041.45 373.567 116.712
 1968.38 4585.11 1197.27 435.356 204.951
 577.528 4950.13 1893.55 494.447 264.433
F
 0.0887392 0.504334 0.504334 0.504334 0.504334
 0.0859651 0.488568 0.488568 0.488568 0.488568
 0.14191 0.806522 0.806522 0.806522 0.806522
 0.0297819 0.16926 0.16926 0.16926 0.16926
 0.00505214 0.028713 0.028713 0.028713 0.028713
 0.0461378 0.262216 0.262216 0.262216 0.262216
 0.0294951 0.16763 0.16763 0.16763 0.16763
 0.0562728 0.319817 0.319817 0.319817 0.319817
 0.0600579 0.341329 0.341329 0.341329 0.341329
 0.0433159 0.246179 0.246179 0.246179 0.246179
 0.0816682 0.464147 0.464147 0.464147 0.464147
 0.0749759 0.426113 0.426113 0.426113 0.426113
 0.120596 0.685387 0.685387 0.685387 0.685387
 0.212256 1.20632 1.20632 1.20632 1.20632
 0.207568 1.17968 1.17968 1.17968 1.17968
 0.0834507 0.474278 0.474278 0.474278 0.474278
 0.0600501 0.341284 0.341284 0.341284 0.341284
 0.0416234 0.23656 0.23656 0.23656 0.23656
 0.0362258 0.205883 0.205883 0.205883 0.205883
 0.0386283 0.219537 0.219537 0.219537 0.219537
 0.0168289 0.0956445 0.0956445 0.0956445 0.0956445
 0.0218775 0.124337 0.124337 0.124337 0.124337
 0.0266716 0.151584 0.151584 0.151584 0.151584
 0.0260901 0.148279 0.148279 0.148279 0.148279
 0.025105 0.14268 0.14268 0.14268 0.14268
YTP_r0W_actual
 6468.31 108903 62487.2 20321.8 11317.7
YTP_p0W_proyectada
 42637 161664 332632 165983 70838.4
 42637 182940 42843.3 78873.5 40736.5
CTP_r0_actual
 577.528 4950.13 1893.55 494.447 264.433
CTP_p0_proyectada
 5016.12 7554.41 10661.3 4078.21 1523.41
 5016.12 8548.59 1373.18 1937.92 876.054
Wmedp
 8.5 21.4 31.2 40.7 46.5
nmprior
 10.6 11 7 0
nm_flota  nm_reclas  nm_pelaces    nm_pelaL
inf 15.6062 20.2445 49.9114
cv_recla  cv_pelaces  cv_mph
0.746256 0.665284 0.427054
 ------------------------------------------------
Talla a la edad & desviaci?n 
 7.2 14.2025 17.0495 18.207 18.6776
 1.08 2.13037 2.55742 2.73105 2.80164
