years
 1997 1998 1999 2000 2001 2002 2003 2004 2005 2006 2007 2008 2009 2010 2011 2012 2013 2014 2015 2016 2017 2018 2019 2020 2021
reclasobs
 0 0 0 370054 412103 1.49427e+06 250295 1.28982e+06 931140 785840 897777 1.04006e+06 184774 17550 25797 100020 73551 82996 120727 218422 84188 347160 605670 569463 516374
reclaspred
 2.22423e+06 277948 350524 98170.5 230849 238237 515925 447559 566352 1.04377e+06 953163 598978 370369 162283 97713.6 92831.8 102286 120874 101337 168299 299984 262334 429434 501451 429897
pelacesobs
 0 0 0 0 0 0 0 0 0 2.06254e+06 1.5e+06 0 1.87456e+06 323000 250000 174000 83755 137374 0 501740 490994 745055 786931 1.00524e+06 1.33801e+06
pelacespred
 1.26805e+06 487975 132357 88975.9 199820 133398 472079 386301 491752 933712 686046 424802 298045 101118 63702 63864.8 72410.8 86962.5 70391.8 126735 248481 204367 266036 358080 275311
mphobs
 0 0 0 0 0 112323 0 153150 637223 0 255016 313432 73983 77613 109348 50772 0 0 0 0 0 0 0 0 0
mphpred
 865953 372574 153783 67513.7 43241 127216 132765 185189 201549 276609 508255 345058 180323 109201 46174 36889.5 40459.1 47692.9 49952.5 45777.3 99207.6 129591 141608 201027 231116
desembarqueobs
 350755 77701 442110 56441 14545 235359 269955 359681 431902 328805 639364 411747 362871 311530 167758 66681 60226 58785 57116 73181 50977 67692 138656 160484 209506
desembarquepred
 350744 77682.7 441578 56417.9 14543.5 235180 269840 359079 431412 328537 638613 411363 362227 311011 167406 66627.8 60201.2 58741.6 57065.5 73101.8 50963 67651.3 138571 160400 209404
Reclutas
 4634.86 7226.42 929.014 6058.03 54810.6 14104.8 55208.8 71358.9 86510.1 215544 49459.3 19890 57604.7 22212.9 14684.2 14479.6 9612.61 9546 6823.93 27532.9 29739.2 27141 58148 48041.2 1015.73
log_desv_Rt
 -1.41864 -0.974502 -3.02588 -1.15086 1.05164 -0.305732 1.05888 1.31548 1.50802 2.42092 0.948906 0.037974 1.10136 0.14843 -0.265474 -0.279505 -0.689169 -0.696122 -1.03181 0.363137 0.440222 0.348801 1.11075 0.919814 -2.93664
SSB
 2.0726e+06 891730 368068 161589 103494 304482 317764 443236 482394 662043 1.21647e+06 825872 431591 261364 110514 88292.4 96836 114150 119558 109565 237446 310166 338929 481145 553159
BT
 2.48909e+06 1.0443e+06 487554 226950 370427 421744 1.04628e+06 1.07408e+06 1.27086e+06 1.97548e+06 1.78142e+06 1.12849e+06 893124 475079 251954 169004 179359 203411 176334 288116 485189 431142 576700 774454 662996
Ftot
 0.147862 0.224722 0.930507 0.52097 0.164687 1.06645 0.916156 1.53819 1.409 0.720209 0.752063 0.6123 1.24119 2.19445 2.40949 1.05007 0.816978 0.622127 0.62649 0.820944 0.258023 0.296595 0.407596 0.3996 0.43103
BD_Bspro_t
 0.981269 0.86168 0.636427 0.291946 0.357137 0.674479 0.49106 0.518601 0.490703 0.52162 0.63223 0.460997 0.314689 0.250008 0.141304 0.140756 0.200558 0.297792 0.361075 0.398367 0.613689 0.726287 0.708094 0.715524 0.684835
BD_Bspro
 5.26367 2.26468 0.934764 0.41038 0.262839 0.773277 0.807009 1.12566 1.22511 1.68136 3.08941 2.09743 1.09609 0.663773 0.280667 0.224232 0.24593 0.2899 0.303635 0.278256 0.603031 0.787713 0.86076 1.22194 1.40483
BD_Bo
 2.16039 0.929501 0.383659 0.168434 0.107878 0.317379 0.331224 0.46201 0.502827 0.690086 1.268 0.860854 0.449873 0.272435 0.115195 0.0920323 0.100938 0.118985 0.124622 0.114205 0.247504 0.323304 0.353285 0.501525 0.57659
BD_Brms
 5.97924 2.57256 1.06184 0.46617 0.298571 0.878401 0.91672 1.27869 1.39166 1.90993 3.50941 2.38256 1.2451 0.754011 0.318823 0.254715 0.279363 0.329311 0.344913 0.316084 0.68501 0.8948 0.977777 1.38806 1.59581
S_f
 0.105061 0.690451 0.976948 0.99876 0.999935
 0.105061 0.690451 0.976948 0.99876 0.999935
 0.105061 0.690451 0.976948 0.99876 0.999935
 0.105061 0.690451 0.976948 0.99876 0.999935
 0.105061 0.690451 0.976948 0.99876 0.999935
 0.105061 0.690451 0.976948 0.99876 0.999935
 0.105061 0.690451 0.976948 0.99876 0.999935
 0.105061 0.690451 0.976948 0.99876 0.999935
 0.105061 0.690451 0.976948 0.99876 0.999935
 0.105061 0.690451 0.976948 0.99876 0.999935
 0.105061 0.690451 0.976948 0.99876 0.999935
 0.105061 0.690451 0.976948 0.99876 0.999935
 0.105061 0.690451 0.976948 0.99876 0.999935
 0.105061 0.690451 0.976948 0.99876 0.999935
 0.105061 0.690451 0.976948 0.99876 0.999935
 0.105061 0.690451 0.976948 0.99876 0.999935
 0.105061 0.690451 0.976948 0.99876 0.999935
 0.105061 0.690451 0.976948 0.99876 0.999935
 0.105061 0.690451 0.976948 0.99876 0.999935
 0.105061 0.690451 0.976948 0.99876 0.999935
 0.105061 0.690451 0.976948 0.99876 0.999935
 0.105061 0.690451 0.976948 0.99876 0.999935
 0.105061 0.690451 0.976948 0.99876 0.999935
 0.105061 0.690451 0.976948 0.99876 0.999935
 0.105061 0.690451 0.976948 0.99876 0.999935
Scru_reclas
 0.751569 0.938367 0.987117 0.997413 0.999485
 0.751569 0.938367 0.987117 0.997413 0.999485
 0.751569 0.938367 0.987117 0.997413 0.999485
 0.751569 0.938367 0.987117 0.997413 0.999485
 0.751569 0.938367 0.987117 0.997413 0.999485
 0.751569 0.938367 0.987117 0.997413 0.999485
 0.751569 0.938367 0.987117 0.997413 0.999485
 0.751569 0.938367 0.987117 0.997413 0.999485
 0.751569 0.938367 0.987117 0.997413 0.999485
 0.751569 0.938367 0.987117 0.997413 0.999485
 0.751569 0.938367 0.987117 0.997413 0.999485
 0.751569 0.938367 0.987117 0.997413 0.999485
 0.751569 0.938367 0.987117 0.997413 0.999485
 0.751569 0.938367 0.987117 0.997413 0.999485
 0.751569 0.938367 0.987117 0.997413 0.999485
 0.751569 0.938367 0.987117 0.997413 0.999485
 0.751569 0.938367 0.987117 0.997413 0.999485
 0.751569 0.938367 0.987117 0.997413 0.999485
 0.751569 0.938367 0.987117 0.997413 0.999485
 0.751569 0.938367 0.987117 0.997413 0.999485
 0.751569 0.938367 0.987117 0.997413 0.999485
 0.751569 0.938367 0.987117 0.997413 0.999485
 0.751569 0.938367 0.987117 0.997413 0.999485
 0.751569 0.938367 0.987117 0.997413 0.999485
 0.751569 0.938367 0.987117 0.997413 0.999485
Scru_pelaces
 1 1 1 1 1
 1 1 1 1 1
 1 1 1 1 1
 1 1 1 1 1
 1 1 1 1 1
 1 1 1 1 1
 1 1 1 1 1
 1 1 1 1 1
 1 1 1 1 1
 1 1 1 1 1
 1 1 1 1 1
 1 1 1 1 1
 1 1 1 1 1
 1 1 1 1 1
 1 1 1 1 1
 1 1 1 1 1
 1 1 1 1 1
 1 1 1 1 1
 1 1 1 1 1
 1 1 1 1 1
 1 1 1 1 1
 1 1 1 1 1
 1 1 1 1 1
 1 1 1 1 1
 1 1 1 1 1
pf_obs 
 0.256992 0.487395 0.22802 0.0275931 0
 0.321318 0.546541 0.124235 0.00734118 0.000564706
 0.182869 0.594174 0.210203 0.0122559 0.00049798
 0.330522 0.361315 0.267642 0.0388342 0.00168674
 0.649043 0.306663 0.0425973 0.00169635 0
 0.582887 0.30429 0.105238 0.00758474 0
 0.465427 0.430635 0.0974691 0.00646863 0
 0.296916 0.608066 0.0921331 0.00288517 0
 0.311714 0.524322 0.152257 0.0117073 0
 0.15457 0.633149 0.183074 0.0267441 0.00246327
 0.131901 0.49318 0.331252 0.0422183 0.00144891
 0.196976 0.569456 0.194076 0.0375587 0.00193317
 0.518974 0.381816 0.0799577 0.0180837 0.00116848
 0.0928022 0.601141 0.25162 0.0475244 0.00691264
 0.122501 0.610282 0.24278 0.0234846 0.000952079
 0.383417 0.481906 0.127806 0.00687128 0
 0.0376549 0.599619 0.316969 0.0457579 0
 0.0361596 0.667082 0.258105 0.0386534 0
 0.158088 0.579412 0.248529 0.0139706 0
 0.0477256 0.309471 0.559284 0.082774 0.000745712
 0.0406174 0.521527 0.379366 0.0568643 0.0016247
 0.151134 0.462217 0.34131 0.0453401 0
 0.294876 0.26143 0.354403 0.0886775 0.000613685
 0.281977 0.475581 0.204845 0.0348837 0.00271318
 0.0841818 0.532909 0.334909 0.0458182 0.00218182
pf_pred 
 0.00762621 0.655355 0.298805 0.0382123 1.86176e-06
 0.0206774 0.0402441 0.689967 0.221432 0.0276791
 0.00717981 0.142181 0.0499649 0.592045 0.208629
 0.15009 0.0598305 0.174312 0.0373585 0.578409
 0.646202 0.211573 0.014933 0.0287292 0.098563
 0.086965 0.840028 0.0500468 0.00246383 0.0204959
 0.414353 0.247487 0.321794 0.011352 0.00501403
 0.351438 0.565209 0.0455758 0.0360079 0.001769
 0.337974 0.557481 0.0970289 0.00419159 0.00332445
 0.464097 0.439327 0.0875278 0.00842333 0.00062527
 0.0724625 0.794828 0.116524 0.0147109 0.00147438
 0.0510839 0.329223 0.560868 0.0518471 0.0069786
 0.284399 0.224225 0.222384 0.244136 0.0248566
 0.153551 0.70481 0.0638469 0.0359688 0.0418233
 0.235521 0.548919 0.197791 0.00826282 0.00950631
 0.291573 0.582684 0.107245 0.0170563 0.00144148
 0.174846 0.630834 0.172328 0.0188545 0.00313695
 0.189712 0.490612 0.268374 0.0456612 0.00564059
 0.146086 0.535135 0.224671 0.0793765 0.0147309
 0.471996 0.292683 0.170454 0.0461183 0.01875
 0.251523 0.652934 0.0638046 0.0231946 0.00854327
 0.167035 0.539265 0.266944 0.0180141 0.00874225
 0.291495 0.388521 0.233149 0.079104 0.00773055
 0.175757 0.601599 0.143655 0.0579645 0.0210244
 0.00424911 0.564483 0.345899 0.0556008 0.0297686
pobs_RECLAS
 0 0 0 0 0
 0 0 0 0 0
 0 0 0 0 0
 0 0 0 0 0
 0.835266 0.146461 0.0176864 0.000547809 3.91292e-05
 0.385257 0.428462 0.181853 0.0044286 0
 0.867414 0.0963971 0.0333333 0.00285562 0
 0.441836 0.489002 0.0689373 0.000224442 0
 0.779404 0.147425 0.0564933 0.0165055 0.000172143
 0.814271 0.122319 0.05973 0.00367925 0
 0.40263 0.566651 0.0304383 0.000280538 0
 0.475488 0.404961 0.113038 0.00651328 0
 0.955842 0.0263864 0.0167828 0.000988607 0
 0.975058 0.0227948 0.00214734 0 0
 0.738997 0.206755 0.0527124 0.00153531 0
 0.850938 0.134255 0.0134407 0.00136685 0
 0.542534 0.407297 0.0501686 0 0
 0.764087 0.199537 0.0359546 0.000420521 0
 0.470689 0.182191 0.310203 0.0369168 0
 0.84361 0.089868 0.0606195 0.00523954 0.000663233
 0.607945 0.314616 0.071237 0.00620181 0
 0.523733 0.453247 0.0230204 0 0
 0.530135 0.295979 0.169645 0.0042399 0
 0.562478 0.366248 0.0663022 0.0049721 0
 0.250443 0.683176 0.0655157 0.000865301 0
ppred_RECLAS
 0.0426989 0.693336 0.23435 0.0296141 1.44412e-06
 0.130263 0.0477551 0.605847 0.192101 0.0240339
 0.0503981 0.180791 0.045763 0.53454 0.188508
 0.560484 0.0414927 0.0886409 0.0187554 0.290627
 0.915488 0.0565995 0.00296036 0.00562764 0.0193242
 0.352073 0.610173 0.0259971 0.00126087 0.0104964
 0.823114 0.0891453 0.0835512 0.00290569 0.00128438
 0.765727 0.212668 0.0119064 0.00924409 0.000454411
 0.754229 0.217266 0.0264867 0.00112525 0.000893022
 0.832239 0.144657 0.0209656 0.0019906 0.000147883
 0.307357 0.617828 0.065798 0.00819454 0.00082194
 0.261314 0.311189 0.387392 0.0353442 0.00476123
 0.738388 0.103074 0.0723691 0.078202 0.00796752
 0.543576 0.40358 0.024104 0.013286 0.0154539
 0.684383 0.251792 0.0586753 0.00239438 0.00275544
 0.707058 0.253821 0.0334388 0.00523965 0.000443141
 0.553961 0.364779 0.0721752 0.007788 0.00129675
 0.586707 0.280208 0.111961 0.0188002 0.00232433
 0.507757 0.343414 0.105296 0.0367145 0.00681915
 0.848336 0.0959861 0.0404811 0.0108017 0.004395
 0.648975 0.316878 0.0228938 0.00822201 0.00303106
 0.5406 0.32772 0.119814 0.00798706 0.00387951
 0.714592 0.177911 0.078589 0.0263327 0.00257561
 0.551522 0.352767 0.062023 0.0247157 0.00897235
 0.0252007 0.62463 0.281533 0.0446893 0.023947
pobs_PELACES
 0 0 0 0 0
 0 0 0 0 0
 0 0 0 0 0
 0 0 0 0 0
 0 0 0 0 0
 0 0 0 0 0
 0 0 0 0 0
 0 0 0 0 0
 0 0 0 0 0
 0 0 0 0 0
 0.450072 0.473896 0.0757376 0.000293798 0
 0 0 0 0 0
 0.463077 0.371075 0.160297 0.00555027 0
 0.529543 0.364841 0.0842815 0.0213345 0
 0.631943 0.363953 0.00410389 0 0
 0.735681 0.248677 0.0153453 0.000297389 0
 0.695825 0.281241 0.0229344 0 0
 0.275771 0.60734 0.115278 0.00161068 0
 0 0 0 0 0
 0.896147 0.0623911 0.0374545 0.00400742 0
 0.803859 0.145111 0.0509908 3.86294e-05 0
 0.739449 0.233085 0.0266225 0.000797448 4.60066e-05
 0.878498 0.100942 0.0204185 0.000141795 0
 0.694673 0.275183 0.0284847 0.00165964 0
 0.469039 0.446079 0.0841089 0.000773354 0
ppred_PELACES
 0.0551141 0.696595 0.220716 0.027574 1.34177e-06
 0.173299 0.0487235 0.575252 0.180226 0.0224994
 0.0823704 0.197726 0.0435711 0.500321 0.176011
 0.66085 0.0354324 0.0684977 0.01429 0.220929
 0.934714 0.044835 0.00219478 0.00412432 0.0141318
 0.456756 0.515977 0.0188937 0.000899959 0.0074733
 0.881077 0.0640304 0.0523151 0.00178877 0.000788757
 0.848226 0.14018 0.00645078 0.00490208 0.000240328
 0.836892 0.147077 0.0149187 0.000620927 0.000491491
 0.878511 0.106417 0.0136966 0.00128036 9.48946e-05
 0.393506 0.547869 0.0516589 0.00633286 0.000633706
 0.345982 0.293186 0.32744 0.029436 0.00395617
 0.832537 0.0732373 0.0434689 0.0460741 0.00468222
 0.700296 0.272546 0.0125748 0.00675212 0.00783093
 0.819387 0.151593 0.0267402 0.00106136 0.00121774
 0.790019 0.185442 0.0210291 0.00323655 0.000273052
 0.64997 0.29275 0.05097 0.00541118 0.000898846
 0.67419 0.228688 0.0819011 0.0135499 0.00167133
 0.600426 0.288175 0.0791645 0.0271952 0.00503939
 0.895569 0.0692566 0.0256922 0.0067448 0.00273776
 0.709674 0.264041 0.0176973 0.00627847 0.00230954
 0.614029 0.281532 0.0951393 0.00626333 0.0030356
 0.777725 0.143341 0.0579159 0.0191492 0.00186881
 0.628359 0.297992 0.0479585 0.0188595 0.00683117
 0.0349826 0.638993 0.262851 0.0411651 0.0220091
pobs_pel_tallas
 0 0 0 0 0 0 0 0 0 0 0 0 0 0 0 0 0 0 0 0 0 0 0 0 0 0 0 0 0 0 0 0 0 0 0 0
 0 0 0 0 0 0 0 0 0 0 0 0 0 0 0 0 0 0 0 0 0 0 0 0 0 0 0 0 0 0 0 0 0 0 0 0
 0 0 0 0 0 0 0 0 0 0 0 0 0 0 0 0 0 0 0 0 0 0 0 0 0 0 0 0 0 0 0 0 0 0 0 0
 0 0 0 0 0 0 0 0 0 0 0 0 0 0 0 0 0 0 0 0 0 0 0 0 0 0 0 0 0 0 0 0 0 0 0 0
 0 0 0 0 0 0 0 0 0 0 0 0 0 0 0 0 0 0 0 0 0 0 0 0 0 0 0 0 0 0 0 0 0 0 0 0
 0 0 0 0 0 0 0 0 0 0 0 0 0 0 0 0 0 0 0 0 0 0 0 0 0 0 0 0 0 0 0 0 0 0 0 0
 0 0 0 0 0 0 0 0 0 0 0 0 0 0 0 0 0 0 0 0 0 0 0 0 0 0 0 0 0 0 0 0 0 0 0 0
 0 0 0 0 0 0 0 0 0 0 0 0 0 0 0 0 0 0 0 0 0 0 0 0 0 0 0 0 0 0 0 0 0 0 0 0
 0 0 0 0 0 0 0 0 0 0 0 0 0 0 0 0 0 0 0 0 0 0 0 0 0 0 0 0 0 0 0 0 0 0 0 0
 0 0 0 0 0 0 0 0 0 0 0 0 0 0 0 0 0 0 0 0 0 0 0 0 0 0 0 0 0 0 0 0 0 0 0 0
 0 0 0 0 0 0 0 0 1.78061e-05 0.00172719 0.00360574 0.0105946 0.0120993 0.0124554 0.0147524 0.0171206 0.0266825 0.0428682 0.0675386 0.121331 0.153587 0.119568 0.100827 0.0573624 0.0630603 0.0341343 0.0324427 0.0444173 0.0211091 0.0280891 0.0125444 0.00206551 0 0 0 0
 0 0 0 0 0 0 0 0 0 0 0 0 0 0 0 0 0 0 0 0 0 0 0 0 0 0 0 0 0 0 0 0 0 0 0 0
 0 0 0 0 0 0 0.0133647 0.0140871 0.0187388 0.0205184 0.03894 0.0496705 0.03968 0.0493445 0.0407372 0.0367815 0.0215668 0.0243155 0.0234873 0.0199281 0.019796 0.0243948 0.0301388 0.0376714 0.0412746 0.0863199 0.0771752 0.113111 0.0741005 0.0525337 0.0229764 0.00759418 0.00175318 0 0 0
 0 0 0 0 0 0 0 0 0 0 0.00219441 0.00772107 0.0458388 0.0604681 0.0671733 0.0775358 0.0609151 0.0617685 0.073594 0.0568108 0.0755445 0.0548602 0.0670107 0.0636378 0.0643287 0.046367 0.0373049 0.0286899 0.0247887 0.0153202 0.00654259 0.00121912 0.000365735 0 0 0
 0 0 0 0 0 0 0 0 0 0 0 0 0.000112435 0.00938835 0.0111873 0.0202946 0.0414886 0.0713402 0.111592 0.104902 0.108894 0.110636 0.117776 0.105296 0.107544 0.0401394 0.0192827 0.0124803 0.00416011 0.0028671 0.000618394 0 0 0 0 0
 0 0 0 0 0 0 0 0 0 0 0.00291406 0.0102884 0.027416 0.0768956 0.0749926 0.110853 0.0956884 0.0897413 0.0766577 0.0534642 0.0500743 0.0551293 0.0594112 0.0620874 0.0668451 0.0424026 0.0208742 0.0120726 0.0048766 0.00582813 0.00118941 0.000297354 0 0 0 0
 0 0.00264628 0.0354308 0.0461629 0.0458689 0.0383711 0.0214643 0.0164657 0.0346957 0.0420465 0.0363128 0.0245516 0.0311673 0.0291091 0.0169068 0.0133784 0.00837989 0.0085269 0.0148486 0.0160247 0.0276389 0.0546898 0.0760071 0.122758 0.109233 0.0665981 0.0333725 0.0166128 0.00676272 0.00308733 0.000882094 0 0 0 0 0
 0 0 0 0 0 0 0 0.000805153 0.000690131 0.00759144 0.0133425 0.0154129 0.00931677 0.000345066 0.00356568 0.00563607 0.00851162 0.0253048 0.0502646 0.0516448 0.0657925 0.0565908 0.0611916 0.0827007 0.0866115 0.110766 0.145733 0.0935128 0.0569358 0.0249597 0.0138026 0.00621118 0.00161031 0.00115022 0 0
 0 0 0 0 0 0 0 0 0 0 0 0 0 0 0 0 0 0 0 0 0 0 0 0 0 0 0 0 0 0 0 0 0 0 0 0
 0.00147267 0.00158595 0.00478618 0.00569244 0.00954404 0.0108468 0.00647125 0.017049 0.0510054 0.094081 0.124002 0.0959785 0.0687766 0.0820023 0.061753 0.0591476 0.0492212 0.0479892 0.0443925 0.0268479 0.0217502 0.0140895 0.0121071 0.0120363 0.00920419 0.00665534 0.0049561 0.00860946 0.00930331 0.0156896 0.0114698 0.00855282 0.00243557 0.00046729 0 2.83206e-05
 0 0 0 0 0.000772559 0.00158375 0.000888443 0.00281984 0.00712685 0.0440552 0.0773331 0.111326 0.0921469 0.0852325 0.0710754 0.0886704 0.0786465 0.0553345 0.0373146 0.0185414 0.00753245 0.00457741 0.012979 0.0271748 0.0457355 0.0583668 0.034881 0.0177882 0.00938659 0.00492506 0.0015258 0.00185414 0.000309023 5.79419e-05 3.86279e-05 0
 0 0.00173294 0.00326652 0 0.00397197 0.00683976 0.00946217 0.0152591 0.00757587 0.0136028 0.0228656 0.0392903 0.0559909 0.0764795 0.0681675 0.0726916 0.0566044 0.0477403 0.0527397 0.0444891 0.0609904 0.0582453 0.0661739 0.0445044 0.0529084 0.0360697 0.0280645 0.0235558 0.0158879 0.00826598 0.00280645 0.00217768 0.000904811 0.00058276 9.20147e-05 0
 0 0 0 0 0 0 0 0 0 0 0 0 0 0 0 0 0 0 0 0 0 0 0 0 0 0 0 0 0 0 0 0 0 0 0 0
 0 0 0 0 0 0 0 0 0 0 0 0 0 0 0 0 0 0 0 0 0 0 0 0 0 0 0 0 0 0 0 0 0 0 0 0
 0 0 0 0 0 0 0 0 0 0 0 0 0 0 0 0 0 0 0 0 0 0 0 0 0 0 0 0 0 0 0 0 0 0 0 0
ppred_pel_tallas
 1.04308e-16 2.44464e-06 1.42482e-05 6.75203e-05 0.000259606 0.000809246 0.00204486 0.00418961 0.00696587 0.00941886 0.0104181 0.00959038 0.00774007 0.00628389 0.00635472 0.00843755 0.0125894 0.0187353 0.026728 0.0362341 0.0466243 0.0569694 0.0661596 0.0731151 0.077021 0.0775088 0.0747265 0.0692699 0.062011 0.0538817 0.0456869 0.0379948 0.0311169 0.0251546 0.0200777 0.015798
 1.15426e-16 7.57248e-06 4.4411e-05 0.000211046 0.000812435 0.00253338 0.00639909 0.013094 0.0217073 0.0291605 0.0317539 0.0280609 0.0202017 0.0120283 0.00630238 0.00361583 0.0032455 0.00435144 0.00649499 0.00958317 0.0136663 0.0187936 0.0249391 0.031963 0.0395948 0.0474345 0.0549753 0.0616495 0.0668941 0.0702275 0.0713236 0.0700661 0.0665722 0.0611747 0.0543714 0.0467463
 1.26099e-16 3.61148e-06 2.11481e-05 0.000100433 0.000386514 0.00120514 0.00304425 0.00623063 0.0103346 0.0138993 0.0151785 0.0135156 0.00995306 0.00637348 0.00415945 0.00367651 0.00466833 0.0068075 0.00991851 0.0139307 0.0187735 0.0243187 0.0303781 0.0367307 0.0431585 0.0494684 0.0554917 0.0610604 0.0659761 0.0699895 0.0728071 0.074131 0.0737209 0.0714574 0.0673888 0.0617421
 1.11799e-16 2.88299e-05 0.000169216 0.000804394 0.00309699 0.0096577 0.0243944 0.0499134 0.082734 0.1111 0.120875 0.106563 0.0761564 0.0441947 0.0209841 0.00846348 0.00345686 0.00225277 0.0026145 0.00363224 0.00504228 0.00678837 0.00885156 0.0112037 0.0137977 0.0165647 0.0194111 0.0222162 0.0248335 0.0270975 0.0288391 0.029907 0.0301916 0.0296449 0.0282911 0.0262272
 1.00848e-16 4.07723e-05 0.000239327 0.00113771 0.00438032 0.0136597 0.0345031 0.0705966 0.117016 0.157134 0.170951 0.15069 0.10765 0.0623828 0.0294476 0.0115593 0.00418732 0.00203063 0.00186152 0.00231836 0.00294825 0.00359563 0.00417418 0.00461624 0.00487466 0.00493171 0.00480235 0.00452837 0.00416602 0.00377127 0.00338756 0.00303951 0.00273329 0.00246176 0.0022118 0.00197091
 1.00817e-16 1.99503e-05 0.00011704 0.000556242 0.00214138 0.00667752 0.0168674 0.0345161 0.0572264 0.0768902 0.0837685 0.07412 0.0535592 0.0322691 0.0175488 0.0109409 0.0104403 0.0135974 0.018831 0.025258 0.0321924 0.038877 0.0444753 0.0482078 0.0495266 0.0482497 0.0446074 0.0391776 0.0327402 0.0260956 0.019907 0.0146082 0.0103853 0.00722041 0.00496567 0.00341855
 1.00862e-16 3.84344e-05 0.000225599 0.00107244 0.00412902 0.012876 0.0325236 0.0665466 0.110304 0.148123 0.161154 0.14207 0.101525 0.0589018 0.027934 0.0111951 0.00442936 0.0026542 0.00283601 0.00369118 0.00478054 0.00593205 0.00702785 0.0079613 0.00864514 0.00902607 0.00909236 0.00887034 0.00841269 0.00778301 0.00704241 0.00624182 0.00542034 0.00460759 0.00382737 0.00310007
 1.00318e-16 3.7005e-05 0.0002172 0.00103249 0.00397519 0.0123963 0.031312 0.0640681 0.106198 0.142616 0.155179 0.136844 0.0978807 0.0569683 0.0273557 0.0115496 0.00547998 0.00436373 0.00526972 0.00691674 0.00879818 0.0106334 0.0121816 0.0132292 0.0136264 0.013322 0.0123764 0.0109433 0.00923139 0.00745459 0.00579043 0.00435492 0.00319825 0.00231649 0.00167162 0.00121166
 1.00305e-16 3.6511e-05 0.0002143 0.0010187 0.00392209 0.0122307 0.0308938 0.0632124 0.10478 0.140712 0.15311 0.135025 0.0965912 0.0562416 0.0270515 0.0114986 0.00557167 0.00455524 0.00555844 0.00731459 0.00931656 0.0112758 0.0129403 0.0140841 0.0145472 0.0142719 0.0133164 0.0118375 0.01005 0.00817637 0.00640296 0.00485398 0.00358656 0.00260234 0.00186736 0.00133228
 1.00278e-16 3.83242e-05 0.000224948 0.00106934 0.00411706 0.0128387 0.0324294 0.0663542 0.109986 0.147699 0.160702 0.141693 0.101302 0.0588652 0.0280899 0.0115564 0.00503339 0.00355734 0.00409396 0.00533468 0.00679228 0.00822997 0.00946037 0.0103189 0.0106884 0.0105253 0.00986916 0.0088305 0.00756179 0.0062215 0.00494285 0.00381525 0.00288084 0.00214262 0.00157866 0.0011562
 1.01159e-16 1.71937e-05 0.000100853 0.00047928 0.00184504 0.0057534 0.0145332 0.0297404 0.0493117 0.0662655 0.0722189 0.0639611 0.0463501 0.028189 0.0158072 0.0105822 0.0108349 0.0144902 0.0201926 0.0271433 0.0346615 0.0419571 0.0481443 0.05239 0.0541 0.0530612 0.0494926 0.0439798 0.0373243 0.0303549 0.0237652 0.0180163 0.0133187 0.00967603 0.00695935 0.00498306
 1.0594e-16 1.51118e-05 8.86518e-05 0.000421324 0.00162198 0.00505785 0.012776 0.0261432 0.0433428 0.0582308 0.0634264 0.056089 0.0404617 0.0242449 0.0129541 0.00774936 0.00711875 0.00924171 0.0129969 0.0178407 0.0234226 0.0293595 0.0351893 0.0404228 0.0446278 0.0475032 0.0489173 0.0489001 0.0476018 0.0452354 0.0420287 0.0381971 0.0339396 0.0294453 0.0249006 0.0204877
 1.02443e-16 3.63182e-05 0.000213174 0.00101337 0.00390157 0.0121667 0.0307321 0.062881 0.104229 0.139966 0.152283 0.134258 0.0959613 0.0557116 0.0264928 0.010744 0.00445251 0.00291841 0.00328118 0.00432994 0.00564667 0.00706079 0.00844936 0.00969889 0.0107155 0.0114399 0.0118543 0.0119767 0.0118473 0.0115117 0.0110088 0.0103654 0.0095995 0.00872708 0.00776955 0.00675722
 1.00866e-16 3.05599e-05 0.00017935 0.00085252 0.00328221 0.0102352 0.0258535 0.0529005 0.0876916 0.117777 0.12819 0.113133 0.081115 0.0476026 0.023593 0.011225 0.00720557 0.00763197 0.0100848 0.0134396 0.0171329 0.0207195 0.0237507 0.0258144 0.0266202 0.0260692 0.0242775 0.021543 0.0182685 0.0148669 0.0116798 0.00892872 0.00670791 0.00500716 0.00375126 0.0028393
 1.00523e-16 3.5748e-05 0.000209819 0.000997401 0.00384008 0.0119749 0.0302477 0.0618905 0.102589 0.137771 0.149912 0.13221 0.0945886 0.0550985 0.0265449 0.0113585 0.00561675 0.00470746 0.00580298 0.00766286 0.00978639 0.0118827 0.0136934 0.0149843 0.0155859 0.015432 0.014573 0.0131601 0.0114041 0.00952552 0.00771104 0.00608743 0.00471674 0.00360757 0.00273446 0.00205705
 1.00484e-16 3.44687e-05 0.000202306 0.000961675 0.00370251 0.0115459 0.0291641 0.0596737 0.0989157 0.132841 0.144557 0.127509 0.091273 0.0532631 0.0258401 0.0113639 0.00606884 0.00551793 0.0069835 0.00925102 0.0117997 0.0142942 0.0164224 0.0179001 0.0185245 0.0182212 0.017061 0.0152384 0.0130208 0.0106853 0.00846431 0.00651311 0.00490361 0.00363907 0.00267907 0.00196446
 1.01047e-16 2.83663e-05 0.000166469 0.000791283 0.00304642 0.00949991 0.0239962 0.0491005 0.0813938 0.109323 0.118999 0.105046 0.0753711 0.0443417 0.0221819 0.0108977 0.00745469 0.00824814 0.0110398 0.0147764 0.0189048 0.0229611 0.0264647 0.0289659 0.0301381 0.029853 0.028208 0.025494 0.0221171 0.0185023 0.0150086 0.0118798 0.00923498 0.0070905 0.00539737 0.00407841
 1.01781e-16 2.94199e-05 0.000172661 0.000820729 0.00315981 0.00985356 0.0248894 0.0509276 0.0844205 0.113381 0.1234 0.108891 0.0780436 0.0457401 0.0225604 0.0105563 0.00655399 0.00680001 0.00898182 0.0120492 0.0155079 0.0189871 0.0221114 0.0245236 0.0259525 0.0262705 0.0255166 0.0238746 0.0216186 0.019043 0.0164035 0.0138819 0.0115808 0.00953807 0.00775247 0.00620596
 1.02388e-16 2.62058e-05 0.000153786 0.000730984 0.00281425 0.00877592 0.0221674 0.0453587 0.0751918 0.100994 0.109939 0.0970616 0.0696712 0.0410469 0.0206434 0.0103263 0.00730677 0.00826892 0.0111561 0.0150002 0.0192861 0.0235717 0.0273905 0.0302984 0.0319631 0.0322362 0.0311815 0.0290453 0.0261841 0.0229755 0.0197409 0.0167013 0.0139719 0.0115825 0.00951285 0.00772423
 1.00748e-16 3.90665e-05 0.000229309 0.00109008 0.00419693 0.0130878 0.0330586 0.0676411 0.112118 0.150559 0.163805 0.144408 0.103197 0.0598744 0.0283993 0.0113869 0.00450984 0.00270036 0.00286972 0.00370594 0.00475388 0.00583008 0.00680853 0.00757967 0.00806094 0.00821249 0.00804394 0.00760775 0.00698284 0.00625404 0.00549452 0.0047559 0.00406694 0.0034385 0.00287116 0.00236196
 1.00661e-16 3.09685e-05 0.000181749 0.00086393 0.00332614 0.0103722 0.0261995 0.0536085 0.0888649 0.119352 0.129901 0.114636 0.0821784 0.0481974 0.0238336 0.0112492 0.00710243 0.00743516 0.00979607 0.0130511 0.0166409 0.0201302 0.023083 0.0250982 0.0258919 0.0253652 0.0236277 0.0209653 0.0177669 0.0144329 0.0112963 0.00857584 0.00636805 0.00466872 0.00341013 0.0024983
 1.018e-16 2.67988e-05 0.000157268 0.000747537 0.00287799 0.00897468 0.0226695 0.0463859 0.0768942 0.10328 0.112424 0.0992481 0.0712249 0.0419304 0.0210288 0.0104225 0.00725388 0.00812813 0.0109418 0.0147095 0.0189154 0.0231224 0.0268707 0.029721 0.0313421 0.031582 0.030497 0.0283241 0.0254123 0.0221359 0.0188191 0.0156924 0.0128838 0.0104374 0.00834483 0.00657405
 1.01615e-16 3.3931e-05 0.000199153 0.000946693 0.00364484 0.0113661 0.0287098 0.0587439 0.0973735 0.130767 0.142292 0.125492 0.0897885 0.0523149 0.0252284 0.0108404 0.00543395 0.00463949 0.00578345 0.00770023 0.00992649 0.0121961 0.0142694 0.0159217 0.0169803 0.0173593 0.0170736 0.0162263 0.0149752 0.0134911 0.0119226 0.0103758 0.00891198 0.00755745 0.00631879 0.00519584
 1.01746e-16 2.74242e-05 0.000160938 0.000764983 0.00294516 0.00918414 0.0231986 0.0474686 0.078689 0.105691 0.115049 0.101569 0.072896 0.0429252 0.021547 0.0107081 0.00748263 0.00839192 0.0112746 0.0151088 0.0193496 0.0235318 0.0271705 0.029811 0.0311227 0.0309745 0.0294623 0.0268756 0.0236181 0.0201097 0.0167024 0.013631 0.011006 0.00883741 0.00707389 0.00564088
 1.06383e-16 1.56452e-06 9.08633e-06 4.29917e-05 0.000165185 0.000514809 0.00130107 0.00266736 0.00444119 0.0060242 0.00671326 0.0062969 0.00532693 0.00476415 0.00541097 0.00767562 0.0116979 0.0175131 0.025059 0.0340737 0.0440084 0.0540301 0.0631304 0.0703147 0.0748142 0.0762499 0.0746984 0.0706344 0.064781 0.0579224 0.0507427 0.0437335 0.03718 0.0312028 0.0258254 0.0210329
pSPR Fmed_Fpbrs
0.512909   0.411314 0.411314
Fs Fmed_Fpbrs
0.646012   1.005 1.005
SSBpbr Bo_Bmed_Bpbrs
959364  444098  346632 346632
Ro
19148.9
SPR SPRFo_SPRFmed_SPRFpbrs
393755 201961 161957
log_Ro
9.68
likeval ReclasPelacesDesembMPH_pf_preclas_ppelaces_ptallas_desvR_qrecl_qpela
 95.3742 99.1457 0.122254 0.000180852 380.998 198.381 84.4947 0 57.0685 2.85821e-06 0 0 0 0 0
q_reclas_q_pelaces
0.786967 1
M
0.7
N
 4634.86 62944.2 20657.6 2587.66 0.125936
 7226.42 2266.13 28223.5 8878.45 1108.63
 929.014 3504.8 963.592 11252.8 3962.28
 6058.03 418.369 915.453 192.792 2982.16
 54810.6 2848.09 144.989 273.27 936.499
 14104.8 26751.3 1262.31 61.2993 509.562
 55208.8 6261.82 6361.43 221.149 97.6027
 71358.9 24900 1651.87 1290.74 63.3746
 86510.1 30148 4275.18 182.534 144.682
 215544 37048.6 5659.14 535.96 39.751
 49459.3 99235.8 11189.3 1390.5 139.245
 19890 22694.9 29319 2665.08 358.399
 57604.7 9261.72 7384.44 8004.88 814.471
 22212.9 25108.4 1952.11 1090.68 1267.65
 14684.2 8759.37 2740.24 113.614 130.66
 14479.6 5661.15 824.061 129.264 10.9165
 9612.61 6439.29 1361.53 146.699 24.3875
 9546 4380.85 1819.09 304.362 37.5648
 6823.93 4440.47 1415.8 491.914 91.2096
 27532.9 3172.81 1430.75 381.23 154.868
 29739.2 12542.6 893.861 318.6 117.227
 27141 14373.1 5212.09 344.976 167.245
 58148 13064.3 5815.78 1937.16 189.126
 48041.2 27665 4896.21 1939.39 702.749
 1015.73 22875.7 10425.6 1645.55 880.171
pred_Ctot
 51.4264 4419.3 2014.95 257.68 0.0125545
 121.427 236.331 4051.8 1300.35 162.544
 62.5762 1239.19 435.473 5160.01 1818.32
 232.786 92.7955 270.353 57.942 897.097
 676.827 221.599 15.6407 30.0907 103.234
 1082.14 10452.8 622.75 30.6583 255.038
 3663.78 2188.32 2845.36 100.376 44.3349
 7729.59 12431.3 1002.4 791.964 38.9076
 8633.95 14241.5 2478.72 107.079 84.927
 11345.8 10740.3 2139.8 205.926 15.2861
 2714.63 29776.3 4365.29 551.108 55.234
 894.521 5764.95 9821.24 907.885 122.201
 5102.99 4023.29 3990.25 4380.54 446.004
 3333.22 15299.7 1385.96 780.796 907.883
 2396.41 5585.23 2012.51 84.0739 96.7264
 1094.65 2187.56 402.628 64.034 5.41171
 571.44 2061.72 563.211 61.621 10.2523
 436.009 1127.56 616.796 104.942 12.9636
 313.803 1149.51 482.609 170.506 31.6429
 1644.39 1019.68 593.846 160.672 65.3232
 572.884 1487.16 145.325 52.8294 19.4586
 599.92 1936.82 958.755 64.6991 31.3986
 1757.3 2342.22 1405.55 476.883 46.6041
 1423.9 4873.86 1163.82 469.6 170.329
 32.4263 4307.74 2639.66 424.307 227.173
F
 0.0155346 0.102092 0.144454 0.147679 0.147853
 0.0236096 0.15516 0.219542 0.224444 0.224708
 0.0977602 0.642469 0.909057 0.929353 0.930446
 0.0547337 0.359704 0.50896 0.520324 0.520936
 0.0173022 0.113708 0.160891 0.164483 0.164677
 0.112042 0.736328 1.04186 1.06512 1.06638
 0.0962524 0.632561 0.895037 0.91502 0.916096
 0.161604 1.06204 1.50273 1.53628 1.53809
 0.148031 0.972846 1.37652 1.40725 1.40891
 0.075666 0.497269 0.703607 0.719316 0.720162
 0.0790127 0.519263 0.734727 0.751131 0.752014
 0.0643289 0.422763 0.598185 0.61154 0.61226
 0.1304 0.856977 1.21257 1.23965 1.2411
 0.230551 1.51516 2.14386 2.19172 2.1943
 0.253144 1.66363 2.35395 2.4065 2.40933
 0.110321 0.72502 1.02586 1.04877 1.05
 0.0858327 0.564083 0.798145 0.815965 0.816925
 0.0653614 0.429548 0.607786 0.621356 0.622087
 0.0658198 0.43256 0.612048 0.625713 0.626449
 0.0862493 0.566821 0.802019 0.819926 0.82089
 0.0271082 0.178152 0.252075 0.257703 0.258007
 0.0311606 0.204784 0.289757 0.296227 0.296575
 0.0428225 0.281425 0.3982 0.40709 0.407569
 0.0419824 0.275904 0.390388 0.399104 0.399573
 0.0452845 0.297605 0.421094 0.430495 0.431002
YTP_r0W_actual
 363.174 94770.4 87108.7 17439 9723.02
YTP_p0W_proyectada
 13825.1 3861.39 125065 66647.7 15760.1
 13825.1 80290.7 1773.2 30780.7 16389.9
CTP_r0_actual
 32.4263 4307.74 2639.66 424.307 227.173
CTP_p0_proyectada
 1626.48 180.439 4008.5 1637.54 338.926
 1626.48 3751.9 56.8333 756.283 352.47
Wmedp
 8.5 21.4 31.2 40.7 46.5
nmprior
 10.6 11 7 0
nm_flota  nm_reclas  nm_pelaces    nm_pelaL
inf 25.0696 19.6993 48.1709
cv_recla  cv_pelaces  cv_mph
0.883365 1.12904 0.436315
 ------------------------------------------------
Talla a la edad & desviaci?n 
 7.2 14.2025 17.0495 18.207 18.6776
 1.08 2.13037 2.55742 2.73105 2.80164
