years
 1997 1998 1999 2000 2001 2002 2003 2004 2005 2006 2007 2008 2009 2010 2011 2012 2013 2014 2015 2016 2017 2018 2019 2020 2021
reclasobs
 0 0 0 370054 412103 1.49427e+06 250295 1.28982e+06 931140 785840 897777 1.04006e+06 184774 17550 25797 100020 73551 82996 120727 218422 84188 347160 605670 569463 516374
reclaspred
 1.4297e+06 405490 1.38003e+06 868736 941148 1.16311e+06 2.29476e+06 1.52526e+06 1.61107e+06 1.43132e+06 1.18516e+06 798172 464882 216579 152140 162761 213724 322384 374064 502779 755198 752255 1.31388e+06 1.7117e+06 2.68527e+06
pelacesobs
 0 0 0 0 0 0 0 0 0 2.06254e+06 1.5e+06 0 1.87456e+06 323000 250000 174000 83755 137374 0 501740 490994 745055 786931 1.00524e+06 1.33801e+06
pelacespred
 1.02224e+06 399737 526163 634374 584302 592411 1.16157e+06 1.07767e+06 952246 882884 630661 435374 247941 93716.9 66184.4 80509.1 110760 168694 207110 268675 438245 456313 603822 935751 1.44367e+06
mphobs
 0 0 0 0 0 112323 0 153150 637223 0 255016 313432 73983 77613 109348 50772 0 0 0 0 0 0 0 0 0
mphpred
 944978 672852 762284 947189 791383 999733 1.44598e+06 1.70449e+06 1.42178e+06 1.37471e+06 1.22563e+06 842500 520631 274738 137187 130361 161789 241060 318797 378232 565399 698601 887171 1.29964e+06 2.00783e+06
desembarqueobs
 350755 77701 442110 56441 14545 235359 269955 359681 431902 328805 639364 411747 362871 311530 167758 66681 60226 58785 57116 73181 50977 67692 138656 160484 209506
desembarquepred
 350803 77720.6 442386 56449.5 14545.5 235486 270031 359821 432104 328939 640169 412351 363522 312310 167914 66719.9 60264.3 58802 57126.1 73194.5 50981.9 67697.1 138676 160505 209519
Reclutas
 85661.2 79723.5 49563.8 55463.3 86254.9 75081.2 119064 106458 124226 116359 70518.6 44585.4 45156.1 29428.6 21564.4 21083.5 19249.8 22416.5 25299.1 42114.8 59978.9 73096.2 122075 169821 152563
log_desv_Rt
 0.358156 0.28632 -0.188985 -0.0765225 0.365063 0.226326 0.687416 0.575503 0.729856 0.664438 0.163632 -0.294839 -0.28212 -0.710279 -1.0212 -1.04376 -1.13474 -0.982449 -0.861476 -0.351845 0.00174815 0.199531 0.712395 1.0425 0.935336
SSB
 944978 672852 762284 947189 791383 999733 1.44598e+06 1.70449e+06 1.42178e+06 1.37471e+06 1.22563e+06 842500 520631 274738 137187 130361 161789 241060 318797 378232 565399 698601 887171 1.29964e+06 2.00783e+06
BT
 3.43128e+06 899881 1.53151e+06 1.35473e+06 1.28497e+06 1.34934e+06 3.0541e+06 2.70703e+06 2.58408e+06 2.22935e+06 1.90823e+06 1.28894e+06 903195 499409 307986 239226 309199 431112 481591 666845 1.06666e+06 983023 1.38003e+06 2.213e+06 3.34745e+06
Ftot
 0.237412 0.18589 0.308053 0.0634493 0.0151323 0.196032 0.114594 0.228102 0.25886 0.222276 0.510451 0.488963 0.725518 1.26013 1.00278 0.392119 0.272046 0.176975 0.148382 0.14156 0.0659245 0.0877555 0.102836 0.0914383 0.0761405
BD_Bspro_t
 0.968642 0.826879 0.778337 0.668781 0.737853 0.826056 0.789272 0.797106 0.738368 0.690004 0.641229 0.478292 0.367719 0.262214 0.164012 0.182335 0.279957 0.447084 0.575483 0.672109 0.771293 0.845693 0.855455 0.862993 0.878294
BD_Bspro
 0.767537 0.546509 0.619149 0.769334 0.642784 0.812011 1.17447 1.38444 1.15481 1.11658 0.995491 0.684302 0.422871 0.22315 0.111427 0.105883 0.13141 0.195795 0.258936 0.30721 0.459233 0.567423 0.720585 1.05561 1.63082
BD_Bo
 0.729372 0.519335 0.588362 0.731079 0.610822 0.771635 1.11607 1.3156 1.09739 1.06106 0.945991 0.650276 0.401844 0.212054 0.105887 0.100618 0.124876 0.18606 0.24606 0.291935 0.436398 0.539209 0.684754 1.00312 1.54973
BD_Brms
 3.54762 2.52601 2.86175 3.55592 2.971 3.75318 5.42847 6.39897 5.33763 5.16091 4.60123 3.1629 1.95454 1.03142 0.515025 0.489399 0.607386 0.904981 1.19682 1.41995 2.12261 2.62267 3.3306 4.87909 7.53777
S_f
 0.5 1 1 1 1
 0.5 1 1 1 1
 0.5 1 1 1 1
 0.5 1 1 1 1
 0.5 1 1 1 1
 0.5 1 1 1 1
 0.5 1 1 1 1
 0.5 1 1 1 1
 0.5 1 1 1 1
 0.5 1 1 1 1
 0.5 1 1 1 1
 0.5 1 1 1 1
 0.5 1 1 1 1
 0.5 1 1 1 1
 0.5 1 1 1 1
 0.5 1 1 1 1
 0.5 1 1 1 1
 0.5 1 1 1 1
 0.5 1 1 1 1
 0.5 1 1 1 1
 0.5 1 1 1 1
 0.5 1 1 1 1
 0.5 1 1 1 1
 0.5 1 1 1 1
 0.5 1 1 1 1
Scru_reclas
 0.5 1 1 1 1
 0.5 1 1 1 1
 0.5 1 1 1 1
 0.5 1 1 1 1
 0.5 1 1 1 1
 0.5 1 1 1 1
 0.5 1 1 1 1
 0.5 1 1 1 1
 0.5 1 1 1 1
 0.5 1 1 1 1
 0.5 1 1 1 1
 0.5 1 1 1 1
 0.5 1 1 1 1
 0.5 1 1 1 1
 0.5 1 1 1 1
 0.5 1 1 1 1
 0.5 1 1 1 1
 0.5 1 1 1 1
 0.5 1 1 1 1
 0.5 1 1 1 1
 0.5 1 1 1 1
 0.5 1 1 1 1
 0.5 1 1 1 1
 0.5 1 1 1 1
 0.5 1 1 1 1
Scru_pelaces
 0.5 1 1 1 1
 0.5 1 1 1 1
 0.5 1 1 1 1
 0.5 1 1 1 1
 0.5 1 1 1 1
 0.5 1 1 1 1
 0.5 1 1 1 1
 0.5 1 1 1 1
 0.5 1 1 1 1
 0.5 1 1 1 1
 0.5 1 1 1 1
 0.5 1 1 1 1
 0.5 1 1 1 1
 0.5 1 1 1 1
 0.5 1 1 1 1
 0.5 1 1 1 1
 0.5 1 1 1 1
 0.5 1 1 1 1
 0.5 1 1 1 1
 0.5 1 1 1 1
 0.5 1 1 1 1
 0.5 1 1 1 1
 0.5 1 1 1 1
 0.5 1 1 1 1
 0.5 1 1 1 1
pf_obs 
 0.256992 0.487395 0.22802 0.0275931 0
 0.321318 0.546541 0.124235 0.00734118 0.000564706
 0.182869 0.594174 0.210203 0.0122559 0.00049798
 0.330522 0.361315 0.267642 0.0388342 0.00168674
 0.649043 0.306663 0.0425973 0.00169635 0
 0.582887 0.30429 0.105238 0.00758474 0
 0.465427 0.430635 0.0974691 0.00646863 0
 0.296916 0.608066 0.0921331 0.00288517 0
 0.311714 0.524322 0.152257 0.0117073 0
 0.15457 0.633149 0.183074 0.0267441 0.00246327
 0.131901 0.49318 0.331252 0.0422183 0.00144891
 0.196976 0.569456 0.194076 0.0375587 0.00193317
 0.518974 0.381816 0.0799577 0.0180837 0.00116848
 0.0928022 0.601141 0.25162 0.0475244 0.00691264
 0.122501 0.610282 0.24278 0.0234846 0.000952079
 0.383417 0.481906 0.127806 0.00687128 0
 0.0376549 0.599619 0.316969 0.0457579 0
 0.0361596 0.667082 0.258105 0.0386534 0
 0.158088 0.579412 0.248529 0.0139706 0
 0.0477256 0.309471 0.559284 0.082774 0.000745712
 0.0406174 0.521527 0.379366 0.0568643 0.0016247
 0.151134 0.462217 0.34131 0.0453401 0
 0.294876 0.26143 0.354403 0.0886775 0.000613685
 0.281977 0.475581 0.204845 0.0348837 0.00271318
 0.0841818 0.532909 0.334909 0.0458182 0.00218182
pf_pred 
 0.624662 0.268987 0.0954827 0.0108629 5.45133e-06
 0.461665 0.420343 0.0845589 0.030016 0.00341658
 0.320721 0.437399 0.188865 0.0379932 0.0150216
 0.403649 0.302869 0.188978 0.081599 0.0229051
 0.484479 0.29874 0.110097 0.0686961 0.0379886
 0.375832 0.408009 0.125263 0.0461639 0.0447332
 0.502829 0.278483 0.142952 0.0438878 0.0318473
 0.40371 0.403272 0.108116 0.0554989 0.0294029
 0.451306 0.324307 0.151753 0.0406848 0.031949
 0.418484 0.371717 0.124002 0.0580245 0.0277723
 0.314363 0.415024 0.172982 0.0577055 0.0399262
 0.31922 0.351201 0.199498 0.0831505 0.0469305
 0.438936 0.291657 0.138982 0.0789476 0.0514773
 0.440086 0.369846 0.0988028 0.047082 0.0441833
 0.540468 0.32193 0.0908917 0.0242814 0.022429
 0.573504 0.325066 0.0710579 0.0200621 0.0103101
 0.470862 0.39732 0.100469 0.021962 0.00938721
 0.478728 0.34302 0.133847 0.0338453 0.0105607
 0.457909 0.357174 0.121683 0.0474808 0.0157526
 0.542858 0.29163 0.109053 0.0371525 0.0193065
 0.526471 0.33715 0.0870016 0.0325337 0.0168433
 0.472802 0.365737 0.114959 0.0296652 0.0168362
 0.537849 0.299337 0.11295 0.0355028 0.014361
 0.514882 0.342272 0.092522 0.0349117 0.0154124
 0.397531 0.4129 0.133749 0.0361547 0.0196651
pobs_RECLAS
 0 0 0 0 0
 0 0 0 0 0
 0 0 0 0 0
 0 0 0 0 0
 0.835266 0.146461 0.0176864 0.000547809 3.91292e-05
 0.385257 0.428462 0.181853 0.0044286 0
 0.867414 0.0963971 0.0333333 0.00285562 0
 0.441836 0.489002 0.0689373 0.000224442 0
 0.779404 0.147425 0.0564933 0.0165055 0.000172143
 0.814271 0.122319 0.05973 0.00367925 0
 0.40263 0.566651 0.0304383 0.000280538 0
 0.475488 0.404961 0.113038 0.00651328 0
 0.955842 0.0263864 0.0167828 0.000988607 0
 0.975058 0.0227948 0.00214734 0 0
 0.738997 0.206755 0.0527124 0.00153531 0
 0.850938 0.134255 0.0134407 0.00136685 0
 0.542534 0.407297 0.0501686 0 0
 0.764087 0.199537 0.0359546 0.000420521 0
 0.470689 0.182191 0.310203 0.0369168 0
 0.84361 0.089868 0.0606195 0.00523954 0.000663233
 0.607945 0.314616 0.071237 0.00620181 0
 0.523733 0.453247 0.0230204 0 0
 0.530135 0.295979 0.169645 0.0042399 0
 0.562478 0.366248 0.0663022 0.0049721 0
 0.250443 0.683176 0.0655157 0.000865301 0
ppred_RECLAS
 0.62667 0.267548 0.0949717 0.0108048 5.42216e-06
 0.463263 0.419096 0.084308 0.0299269 0.00340644
 0.323293 0.435743 0.18815 0.0378494 0.0149647
 0.40412 0.302629 0.188829 0.0815345 0.022887
 0.48459 0.298675 0.110073 0.0686812 0.0379804
 0.377437 0.406959 0.12494 0.0460452 0.0446182
 0.503758 0.277963 0.142685 0.0438058 0.0317878
 0.40568 0.40194 0.107759 0.0553155 0.0293057
 0.453664 0.322913 0.151101 0.0405099 0.0318117
 0.420415 0.370483 0.12359 0.0578318 0.0276801
 0.319251 0.412065 0.171748 0.057294 0.0396416
 0.323873 0.348801 0.198134 0.0825822 0.0466098
 0.447983 0.286954 0.136741 0.0776747 0.0506472
 0.460529 0.356342 0.0951955 0.045363 0.0425701
 0.554981 0.311763 0.0880213 0.0235145 0.0217206
 0.577408 0.32209 0.0704075 0.0198784 0.0102158
 0.473382 0.395428 0.0999904 0.0218575 0.00934251
 0.480243 0.342023 0.133458 0.033747 0.0105301
 0.459141 0.356363 0.121406 0.0473729 0.0157168
 0.544025 0.290886 0.108775 0.0370576 0.0192573
 0.52698 0.336788 0.0869082 0.0324987 0.0168252
 0.473494 0.365257 0.114809 0.0296263 0.0168142
 0.538668 0.298807 0.11275 0.0354399 0.0143356
 0.515607 0.341761 0.0923838 0.0348596 0.0153894
 0.398101 0.41251 0.133623 0.0361205 0.0196465
pobs_PELACES
 0 0 0 0 0
 0 0 0 0 0
 0 0 0 0 0
 0 0 0 0 0
 0 0 0 0 0
 0 0 0 0 0
 0 0 0 0 0
 0 0 0 0 0
 0 0 0 0 0
 0 0 0 0 0
 0.450072 0.473896 0.0757376 0.000293798 0
 0 0 0 0 0
 0.463077 0.371075 0.160297 0.00555027 0
 0.529543 0.364841 0.0842815 0.0213345 0
 0.631943 0.363953 0.00410389 0 0
 0.735681 0.248677 0.0153453 0.000297389 0
 0.695825 0.281241 0.0229344 0 0
 0.275771 0.60734 0.115278 0.00161068 0
 0 0 0 0 0
 0.896147 0.0623911 0.0374545 0.00400742 0
 0.803859 0.145111 0.0509908 3.86294e-05 0
 0.739449 0.233085 0.0266225 0.000797448 4.60066e-05
 0.878498 0.100942 0.0204185 0.000141795 0
 0.694673 0.275183 0.0284847 0.00165964 0
 0.469039 0.446079 0.0841089 0.000773354 0
ppred_PELACES
 0.635789 0.261013 0.0926521 0.0105409 5.28972e-06
 0.470897 0.413135 0.0831088 0.0295012 0.00335799
 0.334512 0.428519 0.185031 0.0372219 0.0147166
 0.406644 0.301348 0.188029 0.0811892 0.02279
 0.485214 0.298314 0.10994 0.0685981 0.0379344
 0.385067 0.401972 0.123409 0.0454809 0.0440714
 0.508484 0.275316 0.141327 0.0433886 0.0314851
 0.414785 0.395782 0.106108 0.0544681 0.0288567
 0.464269 0.316645 0.148168 0.0397235 0.0311941
 0.429376 0.364754 0.121679 0.0569376 0.0272521
 0.337828 0.40082 0.167062 0.0557306 0.0385598
 0.341784 0.339561 0.192885 0.0803945 0.045375
 0.477736 0.271488 0.129371 0.0734881 0.0479174
 0.512425 0.322063 0.0860379 0.0409992 0.038475
 0.595385 0.283457 0.0800295 0.0213796 0.0197486
 0.593111 0.310122 0.0677913 0.0191398 0.00983616
 0.484583 0.387017 0.0978636 0.0213925 0.00914379
 0.487535 0.337224 0.131585 0.0332735 0.0103823
 0.465227 0.352353 0.12004 0.0468399 0.01554
 0.549813 0.287193 0.107394 0.0365872 0.0190128
 0.52969 0.334858 0.0864102 0.0323125 0.0167288
 0.477105 0.362752 0.114021 0.0294231 0.0166988
 0.542882 0.296077 0.11172 0.0351162 0.0142046
 0.519374 0.339103 0.0916653 0.0345885 0.0152697
 0.401115 0.410444 0.132954 0.0359396 0.0195481
pobs_pel_tallas
 0 0 0 0 0 0 0 0 0 0 0 0 0 0 0 0 0 0 0 0 0 0 0 0 0 0 0 0 0 0 0 0 0 0 0 0
 0 0 0 0 0 0 0 0 0 0 0 0 0 0 0 0 0 0 0 0 0 0 0 0 0 0 0 0 0 0 0 0 0 0 0 0
 0 0 0 0 0 0 0 0 0 0 0 0 0 0 0 0 0 0 0 0 0 0 0 0 0 0 0 0 0 0 0 0 0 0 0 0
 0 0 0 0 0 0 0 0 0 0 0 0 0 0 0 0 0 0 0 0 0 0 0 0 0 0 0 0 0 0 0 0 0 0 0 0
 0 0 0 0 0 0 0 0 0 0 0 0 0 0 0 0 0 0 0 0 0 0 0 0 0 0 0 0 0 0 0 0 0 0 0 0
 0 0 0 0 0 0 0 0 0 0 0 0 0 0 0 0 0 0 0 0 0 0 0 0 0 0 0 0 0 0 0 0 0 0 0 0
 0 0 0 0 0 0 0 0 0 0 0 0 0 0 0 0 0 0 0 0 0 0 0 0 0 0 0 0 0 0 0 0 0 0 0 0
 0 0 0 0 0 0 0 0 0 0 0 0 0 0 0 0 0 0 0 0 0 0 0 0 0 0 0 0 0 0 0 0 0 0 0 0
 0 0 0 0 0 0 0 0 0 0 0 0 0 0 0 0 0 0 0 0 0 0 0 0 0 0 0 0 0 0 0 0 0 0 0 0
 0 0 0 0 0 0 0 0 0 0 0 0 0 0 0 0 0 0 0 0 0 0 0 0 0 0 0 0 0 0 0 0 0 0 0 0
 0 0 0 0 0 0 0 0 1.78061e-05 0.00172719 0.00360574 0.0105946 0.0120993 0.0124554 0.0147524 0.0171206 0.0266825 0.0428682 0.0675386 0.121331 0.153587 0.119568 0.100827 0.0573624 0.0630603 0.0341343 0.0324427 0.0444173 0.0211091 0.0280891 0.0125444 0.00206551 0 0 0 0
 0 0 0 0 0 0 0 0 0 0 0 0 0 0 0 0 0 0 0 0 0 0 0 0 0 0 0 0 0 0 0 0 0 0 0 0
 0 0 0 0 0 0 0.0133647 0.0140871 0.0187388 0.0205184 0.03894 0.0496705 0.03968 0.0493445 0.0407372 0.0367815 0.0215668 0.0243155 0.0234873 0.0199281 0.019796 0.0243948 0.0301388 0.0376714 0.0412746 0.0863199 0.0771752 0.113111 0.0741005 0.0525337 0.0229764 0.00759418 0.00175318 0 0 0
 0 0 0 0 0 0 0 0 0 0 0.00219441 0.00772107 0.0458388 0.0604681 0.0671733 0.0775358 0.0609151 0.0617685 0.073594 0.0568108 0.0755445 0.0548602 0.0670107 0.0636378 0.0643287 0.046367 0.0373049 0.0286899 0.0247887 0.0153202 0.00654259 0.00121912 0.000365735 0 0 0
 0 0 0 0 0 0 0 0 0 0 0 0 0.000112435 0.00938835 0.0111873 0.0202946 0.0414886 0.0713402 0.111592 0.104902 0.108894 0.110636 0.117776 0.105296 0.107544 0.0401394 0.0192827 0.0124803 0.00416011 0.0028671 0.000618394 0 0 0 0 0
 0 0 0 0 0 0 0 0 0 0 0.00291406 0.0102884 0.027416 0.0768956 0.0749926 0.110853 0.0956884 0.0897413 0.0766577 0.0534642 0.0500743 0.0551293 0.0594112 0.0620874 0.0668451 0.0424026 0.0208742 0.0120726 0.0048766 0.00582813 0.00118941 0.000297354 0 0 0 0
 0 0.00264628 0.0354308 0.0461629 0.0458689 0.0383711 0.0214643 0.0164657 0.0346957 0.0420465 0.0363128 0.0245516 0.0311673 0.0291091 0.0169068 0.0133784 0.00837989 0.0085269 0.0148486 0.0160247 0.0276389 0.0546898 0.0760071 0.122758 0.109233 0.0665981 0.0333725 0.0166128 0.00676272 0.00308733 0.000882094 0 0 0 0 0
 0 0 0 0 0 0 0 0.000805153 0.000690131 0.00759144 0.0133425 0.0154129 0.00931677 0.000345066 0.00356568 0.00563607 0.00851162 0.0253048 0.0502646 0.0516448 0.0657925 0.0565908 0.0611916 0.0827007 0.0866115 0.110766 0.145733 0.0935128 0.0569358 0.0249597 0.0138026 0.00621118 0.00161031 0.00115022 0 0
 0 0 0 0 0 0 0 0 0 0 0 0 0 0 0 0 0 0 0 0 0 0 0 0 0 0 0 0 0 0 0 0 0 0 0 0
 0.00147267 0.00158595 0.00478618 0.00569244 0.00954404 0.0108468 0.00647125 0.017049 0.0510054 0.094081 0.124002 0.0959785 0.0687766 0.0820023 0.061753 0.0591476 0.0492212 0.0479892 0.0443925 0.0268479 0.0217502 0.0140895 0.0121071 0.0120363 0.00920419 0.00665534 0.0049561 0.00860946 0.00930331 0.0156896 0.0114698 0.00855282 0.00243557 0.00046729 0 2.83206e-05
 0 0 0 0 0.000772559 0.00158375 0.000888443 0.00281984 0.00712685 0.0440552 0.0773331 0.111326 0.0921469 0.0852325 0.0710754 0.0886704 0.0786465 0.0553345 0.0373146 0.0185414 0.00753245 0.00457741 0.012979 0.0271748 0.0457355 0.0583668 0.034881 0.0177882 0.00938659 0.00492506 0.0015258 0.00185414 0.000309023 5.79419e-05 3.86279e-05 0
 0 0.00173294 0.00326652 0 0.00397197 0.00683976 0.00946217 0.0152591 0.00757587 0.0136028 0.0228656 0.0392903 0.0559909 0.0764795 0.0681675 0.0726916 0.0566044 0.0477403 0.0527397 0.0444891 0.0609904 0.0582453 0.0661739 0.0445044 0.0529084 0.0360697 0.0280645 0.0235558 0.0158879 0.00826598 0.00280645 0.00217768 0.000904811 0.00058276 9.20147e-05 0
 0 0 0 0 0 0 0 0 0 0 0 0 0 0 0 0 0 0 0 0 0 0 0 0 0 0 0 0 0 0 0 0 0 0 0 0
 0 0 0 0 0 0 0 0 0 0 0 0 0 0 0 0 0 0 0 0 0 0 0 0 0 0 0 0 0 0 0 0 0 0 0 0
 0 0 0 0 0 0 0 0 0 0 0 0 0 0 0 0 0 0 0 0 0 0 0 0 0 0 0 0 0 0 0 0 0 0 0 0
ppred_pel_tallas
 1.01763e-16 2.77468e-05 0.000162835 0.000774009 0.00297992 0.00929255 0.0234724 0.0480286 0.0796162 0.106933 0.116393 0.102735 0.0736889 0.0433042 0.0215756 0.0104592 0.00698245 0.00762108 0.0101964 0.0137006 0.0176274 0.0215658 0.0250885 0.0277876 0.0293539 0.0296432 0.0287029 0.0267473 0.0240944 0.0210864 0.0180207 0.0151096 0.0124732 0.0101558 0.00815442 0.00644501
 1.02485e-16 2.05629e-05 0.000120645 0.000573404 0.00220749 0.00688371 0.017388 0.0355807 0.0589882 0.0792476 0.086311 0.0763083 0.0550075 0.0328767 0.0174025 0.0101315 0.0089585 0.0113398 0.0156655 0.0210987 0.0270645 0.032962 0.0381264 0.0419253 0.0438936 0.0438392 0.0418821 0.0384093 0.0339676 0.0291295 0.0243784 0.020042 0.0162812 0.0131226 0.0105102 0.00835586
 1.04733e-16 1.46167e-05 8.57337e-05 0.000407426 0.00156842 0.00489081 0.0123542 0.0252812 0.0419175 0.0563277 0.0613842 0.0543559 0.0393696 0.0239057 0.0133422 0.00885103 0.00901349 0.0120871 0.0169588 0.0230091 0.0297362 0.0365523 0.0427772 0.0477428 0.0509299 0.0520772 0.0512257 0.0486803 0.0449115 0.0404315 0.0356879 0.0310038 0.0265692 0.0224694 0.0187293 0.0153513
 1.06622e-16 1.77568e-05 0.000104181 0.000495151 0.00190623 0.00594429 0.015015 0.0307245 0.0509362 0.0684269 0.0745172 0.065861 0.0474327 0.0282635 0.0148085 0.00839567 0.00720684 0.00906062 0.0126052 0.0171853 0.0223991 0.0278394 0.0330391 0.037527 0.040916 0.0429764 0.0436674 0.0431154 0.0415542 0.0392504 0.0364422 0.0333089 0.0299719 0.026516 0.023016 0.0195541
 1.05788e-16 2.11824e-05 0.000124293 0.00059077 0.00227439 0.00709238 0.017915 0.036658 0.0607707 0.0816315 0.088879 0.0785113 0.0564491 0.0334458 0.0171722 0.00917338 0.00723607 0.00871654 0.011974 0.0162226 0.0210113 0.0259171 0.0304748 0.0342305 0.0368315 0.0380979 0.0380508 0.0368834 0.0348918 0.0323909 0.029644 0.0268272 0.0240307 0.0212853 0.0185972 0.0159771
 1.05505e-16 1.68198e-05 9.86711e-05 0.000468939 0.00180527 0.00562943 0.0142198 0.0290982 0.0482433 0.0648191 0.0706141 0.0624724 0.0451253 0.0271544 0.0147115 0.00909825 0.00863258 0.0112695 0.015713 0.0212746 0.0274487 0.0336776 0.0393287 0.0437888 0.0465922 0.0475205 0.0466411 0.0442659 0.0408537 0.0368886 0.0327781 0.0287969 0.025083 0.0216708 0.0185402 0.0156597
 1.05058e-16 2.21963e-05 0.000130247 0.000619081 0.0023834 0.00743234 0.0187737 0.0384148 0.0636819 0.0855388 0.0931246 0.0822412 0.0590864 0.0349191 0.0177647 0.00922691 0.00697127 0.0082176 0.0112473 0.015253 0.0197957 0.0244795 0.0288709 0.0325419 0.0351516 0.0365138 0.0366246 0.0356394 0.0338141 0.0314301 0.0287332 0.0259003 0.0230388 0.0202063 0.017439 0.0147721
 1.04856e-16 1.81154e-05 0.000106278 0.000505104 0.00194452 0.00606367 0.0153167 0.0313424 0.0519628 0.0698129 0.0760446 0.0672537 0.0485285 0.0291014 0.0155826 0.00935492 0.00858612 0.0110568 0.0153638 0.0207735 0.0267681 0.0327912 0.0382175 0.0424445 0.0450179 0.0457313 0.044663 0.0421344 0.0386122 0.0345865 0.0304687 0.0265346 0.0229199 0.0196533 0.0167053 0.014033
 1.05029e-16 2.02701e-05 0.000118935 0.000565291 0.00217628 0.00678642 0.0171422 0.035077 0.0581507 0.0781152 0.0850587 0.0751561 0.0540791 0.032127 0.0166528 0.00915124 0.0075211 0.00924593 0.0127602 0.0173026 0.022415 0.0276494 0.0325059 0.036493 0.0392241 0.0404957 0.0403196 0.0388956 0.0365405 0.0335999 0.0303741 0.0270778 0.0238372 0.0207129 0.0177329 0.0149191
 1.05076e-16 1.87504e-05 0.000110009 0.000522847 0.00201285 0.00627675 0.0158549 0.0324433 0.0537868 0.0722595 0.0786993 0.0695771 0.0501518 0.0299686 0.0158542 0.00922183 0.00815749 0.0103533 0.0143598 0.0194402 0.0251036 0.0308375 0.0360669 0.0402335 0.0429095 0.043889 0.0432222 0.0411802 0.0381671 0.0346124 0.0308796 0.0272171 0.0237548 0.020533 0.0175459 0.0147786
 1.06219e-16 1.476e-05 8.65781e-05 0.000411447 0.00158392 0.00493913 0.0124762 0.0255307 0.0423302 0.0568793 0.0619778 0.0548636 0.0396984 0.0240277 0.0132711 0.00859847 0.008564 0.0114 0.0159843 0.0217086 0.0281005 0.0346164 0.0406289 0.04552 0.0488079 0.0502466 0.0498657 0.0479335 0.0448651 0.0411086 0.0370488 0.0329553 0.0289792 0.0251838 0.0215885 0.018205
 1.07732e-16 1.49301e-05 8.75822e-05 0.000416233 0.00160236 0.00499667 0.0126215 0.0258275 0.0428204 0.0575326 0.0626752 0.0554467 0.0400461 0.0240903 0.0130408 0.00805679 0.00765394 0.0100335 0.0140712 0.0191928 0.0249947 0.0310288 0.0367726 0.0417004 0.045385 0.0475798 0.0482538 0.0475642 0.045787 0.0432303 0.040163 0.0367799 0.033204 0.0295123 0.0257689 0.0220481
 1.0669e-16 2.08553e-05 0.000122375 0.000581657 0.00223931 0.006983 0.0176387 0.0360925 0.0598326 0.0803697 0.0875007 0.0772833 0.0555435 0.0328639 0.0167909 0.00883936 0.00682493 0.00814428 0.0111894 0.0152045 0.019775 0.0245218 0.0290267 0.0328756 0.0357368 0.0374263 0.0379325 0.0373934 0.0360372 0.0341114 0.0318244 0.0293179 0.0266705 0.0239222 0.0211038 0.0182591
 1.04533e-16 2.23699e-05 0.000131262 0.000623899 0.00240194 0.00749012 0.0189197 0.0387138 0.0641788 0.0862096 0.0938639 0.0829153 0.0596168 0.0353245 0.0181389 0.00968965 0.00763504 0.0091755 0.0125662 0.0169603 0.0218612 0.0268002 0.0312677 0.034775 0.0369537 0.0376357 0.0368828 0.0349524 0.0322179 0.02907 0.0258343 0.0227258 0.0198469 0.0172151 0.014804 0.0125797
 1.02886e-16 2.59859e-05 0.000152495 0.000724847 0.00279063 0.00870224 0.0219813 0.0449779 0.0745604 0.100146 0.109015 0.0962452 0.0690831 0.0406963 0.0204596 0.0102226 0.00721954 0.00816289 0.0110148 0.014818 0.0190663 0.0233264 0.0271416 0.0300767 0.0318049 0.0321793 0.0312594 0.0292824 0.0265923 0.0235523 0.02047 0.0175551 0.0149144 0.0125736 0.010512 0.0086936
 1.02181e-16 2.58877e-05 0.000151916 0.000722092 0.00278001 0.00866913 0.0218977 0.044807 0.0742779 0.0997692 0.108611 0.0959025 0.0688684 0.0406326 0.0205431 0.0104527 0.00761518 0.00875975 0.0118516 0.0159196 0.020428 0.0249024 0.0288402 0.0317663 0.0333298 0.0333833 0.0320122 0.0295008 0.0262526 0.0226908 0.0191725 0.0159398 0.0131122 0.0107103 0.00869546 0.00700634
 1.02678e-16 2.11586e-05 0.000124145 0.000590048 0.00227158 0.00708359 0.0178929 0.0366134 0.0606993 0.081543 0.0888023 0.0784901 0.0565353 0.0336998 0.0176743 0.010035 0.0086008 0.0107455 0.014815 0.0199674 0.0256495 0.0312967 0.0362862 0.0400226 0.0420632 0.0422165 0.0405802 0.0374999 0.0334716 0.0290184 0.0245854 0.0204781 0.016853 0.013746 0.0111199 0.00890815
 1.03607e-16 2.12854e-05 0.000124894 0.000593616 0.00228534 0.0071265 0.0180012 0.0368347 0.0610648 0.0820298 0.0893212 0.0789223 0.056789 0.0337361 0.0174845 0.00960153 0.00787699 0.00966181 0.0133022 0.0179852 0.0232136 0.0284999 0.0333047 0.0371039 0.039494 0.0402772 0.0394958 0.0374004 0.0343713 0.0308187 0.0270984 0.0234634 0.0200577 0.0169393 0.014117 0.0115818
 1.04155e-16 2.03132e-05 0.000119185 0.000566473 0.00218082 0.00680057 0.017178 0.0351504 0.0582734 0.0782829 0.0852487 0.0753414 0.0542505 0.0323046 0.0168831 0.00949553 0.00804634 0.0100176 0.0138326 0.0187043 0.0241325 0.0296134 0.0345867 0.0385099 0.0409682 0.0417631 0.040947 0.0387884 0.035688 0.0320735 0.0283102 0.0246516 0.0212342 0.018104 0.0152572 0.0126754
 1.03764e-16 2.39989e-05 0.000140829 0.000669385 0.00257708 0.00803632 0.0202993 0.0415363 0.0688562 0.0924874 0.100685 0.0889083 0.0638547 0.0376927 0.0190923 0.00977691 0.0072094 0.00836942 0.011385 0.0153722 0.0198507 0.0243945 0.0285451 0.0318592 0.0339954 0.0347861 0.0342655 0.0326422 0.0302321 0.0273736 0.0243568 0.0213843 0.0185671 0.0159466 0.0135266 0.0113012
 1.03228e-16 2.31233e-05 0.000135684 0.000644918 0.00248286 0.00774248 0.0195571 0.0400182 0.0663412 0.0891143 0.0970264 0.0857088 0.0616249 0.0365135 0.0187471 0.0100095 0.00787781 0.0094547 0.0129313 0.0174248 0.0224127 0.0274001 0.0318506 0.0352513 0.0372189 0.0375839 0.0364218 0.0340189 0.0307874 0.0271611 0.0235064 0.0200718 0.0169818 0.0142632 0.0118867 0.00980486
 1.03529e-16 2.08316e-05 0.000122227 0.000580934 0.0022365 0.00697419 0.0176165 0.0360478 0.0597612 0.0802814 0.0874248 0.0772641 0.0556337 0.0331258 0.017307 0.00972419 0.00822605 0.0102268 0.0141047 0.0190462 0.0245312 0.0300356 0.0349792 0.0388029 0.0410835 0.0416261 0.0404989 0.0379973 0.0345555 0.0306347 0.0266293 0.0228125 0.0193291 0.0162228 0.013478 0.0110584
 1.03553e-16 2.3697e-05 0.000139056 0.000660955 0.00254462 0.00793507 0.0200436 0.0410132 0.0679894 0.0913242 0.099422 0.0878001 0.0630745 0.037264 0.018934 0.0097918 0.00733804 0.00859438 0.0117127 0.0158151 0.0204155 0.0250757 0.0293219 0.0326957 0.0348446 0.0355958 0.0349862 0.0332335 0.0306677 0.0276431 0.0244648 0.0213473 0.01841 0.0156986 0.0132182 0.0109612
 1.03314e-16 2.26737e-05 0.000133044 0.000632365 0.00243453 0.00759175 0.0191764 0.0392392 0.0650502 0.0873811 0.0951421 0.0840509 0.0604473 0.0358448 0.0184574 0.00994157 0.00792734 0.00957832 0.0131225 0.0176917 0.022765 0.0278441 0.032386 0.0358707 0.0379083 0.0383243 0.0371918 0.0347964 0.0315517 0.0278938 0.024192 0.0206979 0.017539 0.0147458 0.0122925 0.0101353
 1.0417e-16 1.752e-05 0.000102781 0.000488475 0.00188049 0.00586398 0.0148123 0.0303105 0.050253 0.0675183 0.0735523 0.0650663 0.0469868 0.0282503 0.0152608 0.00936914 0.00881754 0.0114703 0.015973 0.0216066 0.0278456 0.0341129 0.0397554 0.0441407 0.0467885 0.0474754 0.0462742 0.043514 0.0396802 0.0352895 0.0307838 0.0264699 0.0225114 0.0189595 0.0158005 0.0129981
pSPR Fmed_Fpbrs
0.690781   0.255595 0.255595
Fs Fmed_Fpbrs
0.19338   1.005 1.005
SSBpbr Bo_Bmed_Bpbrs
1.2956e+06  830198  266370 266370
Ro
59874.1
SPR SPRFo_SPRFmed_SPRFpbrs
1.23118e+06 850476 314684
log_Ro
10.82
likeval ReclasPelacesDesembMPH_pf_preclas_ppelaces_ptallas_desvR_qrecl_qpela
 181.465 57.2168 0.0820574 0.00105087 344.991 215.534 81.0885 0 14.8223 0 0 0 0 0 0
q_reclas_q_pelaces
1 1
M
0.7
N
 85661.2 19404.1 6887.89 783.623 0.393245
 79723.5 37776.8 7599.42 2697.57 307.052
 49563.8 36075.7 15577.1 3133.6 1238.95
 55463.3 21099.2 13165.1 5684.54 1595.67
 86254.9 26682.2 9833.39 6135.65 3392.99
 75081.2 42510.1 13051 4809.78 4660.72
 119064 33803.2 17352 5327.24 3865.73
 106458 55832.9 14968.7 7683.81 4070.82
 124226 47167.1 22071 5917.18 4646.65
 116359 54199.5 18080.5 8460.45 4049.43
 70518.6 51704.5 21550.4 7189.06 4974.09
 44585.4 27130.3 15411.2 6423.38 3625.38
 45156.1 17338.4 8262.18 4693.28 3060.22
 29428.6 15601.5 4167.88 1986.1 1863.82
 21564.4 7782.68 2197.32 587.005 542.223
 21083.5 6486.06 1417.82 400.3 205.719
 19249.8 8605.74 2176.1 475.687 203.322
 22416.5 8343.45 3255.62 823.239 256.875
 25299.1 10189 3471.21 1354.47 449.37
 42114.8 11664.8 4361.98 1486.05 772.236
 59978.9 19484.5 5027.97 1880.18 973.406
 73096.2 28818.9 9058.42 2337.53 1326.64
 122075 34740.2 13108.7 4120.36 1666.7
 169821 57582.7 15565.6 5873.43 2592.93
 152563 80561.7 26096 7054.21 3836.89
pred_Ctot
 6942.86 2989.68 1061.25 120.737 0.0605893
 5116.18 4658.25 937.082 332.637 37.8626
 5133.69 7001.32 3023.1 608.146 240.446
 1247.83 936.284 584.204 252.254 70.8083
 467.774 288.439 106.301 66.3274 36.6787
 5069.97 5504.03 1689.79 622.751 603.451
 4784.03 2649.55 1360.08 417.559 303.003
 8306.77 8297.75 2224.61 1141.95 604.996
 10927.4 7852.39 3674.38 985.093 773.575
 8858.69 7868.7 2624.94 1228.29 587.897
 11592.9 15305 6379.11 2128.03 1472.38
 7052.94 7759.55 4407.76 1837.15 1036.9
 10088.1 6703.15 3194.22 1814.45 1183.1
 10253.9 8617.28 2302.07 1096.99 1029.45
 6292.82 3748.31 1058.28 282.714 261.146
 2730.15 1547.46 338.269 95.5047 49.081
 1774.49 1497.33 378.626 82.7659 35.3765
 1372.22 983.225 383.656 97.0137 30.2711
 1306.58 1019.14 347.204 135.48 44.9478
 2078.12 1116.39 417.468 142.224 73.9077
 1401.31 897.391 231.572 86.5947 44.8318
 2262.43 1750.11 550.098 141.953 80.564
 4413.09 2456.09 926.767 291.304 117.833
 5472.36 3637.79 983.357 371.055 163.808
 4107.52 4266.33 1381.97 373.572 203.191
F
 0.118706 0.237412 0.237412 0.237412 0.237412
 0.0929451 0.18589 0.18589 0.18589 0.18589
 0.154027 0.308053 0.308053 0.308053 0.308053
 0.0317246 0.0634493 0.0634493 0.0634493 0.0634493
 0.00756617 0.0151323 0.0151323 0.0151323 0.0151323
 0.0980161 0.196032 0.196032 0.196032 0.196032
 0.0572968 0.114594 0.114594 0.114594 0.114594
 0.114051 0.228102 0.228102 0.228102 0.228102
 0.12943 0.25886 0.25886 0.25886 0.25886
 0.111138 0.222276 0.222276 0.222276 0.222276
 0.255225 0.510451 0.510451 0.510451 0.510451
 0.244481 0.488963 0.488963 0.488963 0.488963
 0.362759 0.725518 0.725518 0.725518 0.725518
 0.630065 1.26013 1.26013 1.26013 1.26013
 0.501389 1.00278 1.00278 1.00278 1.00278
 0.196059 0.392119 0.392119 0.392119 0.392119
 0.136023 0.272046 0.272046 0.272046 0.272046
 0.0884873 0.176975 0.176975 0.176975 0.176975
 0.074191 0.148382 0.148382 0.148382 0.148382
 0.0707801 0.14156 0.14156 0.14156 0.14156
 0.0329622 0.0659245 0.0659245 0.0659245 0.0659245
 0.0438778 0.0877555 0.0877555 0.0877555 0.0877555
 0.0514178 0.102836 0.102836 0.102836 0.102836
 0.0457192 0.0914383 0.0914383 0.0914383 0.0914383
 0.0380703 0.0761405 0.0761405 0.0761405 0.0761405
YTP_r0W_actual
 46004.2 93859.2 45605.1 15353.8 8696.59
YTP_p0W_proyectada
 164735 752732 557860 235728 106304
 164735 205580 199484 132280 57853.7
CTP_r0_actual
 4107.52 4266.33 1381.97 373.572 203.191
CTP_p0_proyectada
 19380.5 35174.4 17880.1 5791.84 2286.11
 19380.5 9606.56 6393.73 3250.12 1244.17
Wmedp
 8.5 21.4 31.2 40.7 46.5
nmprior
 10.6 11 7 0
nm_flota  nm_reclas  nm_pelaces    nm_pelaL
inf 12.8019 15.211 34.4196
cv_recla  cv_pelaces  cv_mph
1.21849 0.857697 1.05175
 ------------------------------------------------
Talla a la edad & desviaci?n 
 7.2 14.2025 17.0495 18.207 18.6776
 1.08 2.13037 2.55742 2.73105 2.80164
