years
 1997 1998 1999 2000 2001 2002 2003 2004 2005 2006 2007 2008 2009 2010 2011 2012 2013 2014 2015 2016 2017 2018 2019 2020 2021
reclasobs
 0 0 0 370054 412103 1.49427e+06 250295 1.28982e+06 931140 785840 897777 1.04006e+06 184774 17550 25797 100020 73551 82996 120727 218422 84188 347160 605670 569463 516374
reclaspred
 400226 95685.2 216777 163944 291100 338212 761923 547847 697502 753294 618437 415841 259390 116524 77744.9 77144.4 93656.3 122243 122042 184811 280197 251765 428618 520326 525595
pelacesobs
 0 0 0 0 0 0 0 0 0 2.06254e+06 1.5e+06 0 1.87456e+06 323000 250000 174000 83755 137374 0 501740 490994 745055 786931 1.00524e+06 1.33801e+06
pelacespred
 744358 166228 224260 265077 414296 393768 1.07298e+06 893220 1.05132e+06 1.13257e+06 841776 587946 366767 134760 88636.5 94880.2 120698 160530 164657 241697 410449 360790 484420 697610 701610
mphobs
 0 0 0 0 0 112323 0 153150 637223 0 255016 313432 73983 77613 109348 50772 0 0 0 0 0 0 0 0 0
mphpred
 589630 297064 299044 274900 355204 647577 931176 1.13447e+06 1.056e+06 1.24543e+06 1.38567e+06 998272 610256 324963 148181 122768 146606 195176 231445 254539 412514 504430 614923 859531 1.10183e+06
desembarqueobs
 350755 77701 442110 56441 14545 235359 269955 359681 431902 328805 639364 411747 362871 311530 167758 66681 60226 58785 57116 73181 50977 67692 138656 160484 209506
desembarquepred
 350745 77686.8 441921 56438.3 14545 235379 269972 359594 431826 328744 639254 411796 362916 311666 167678 66676.5 60237.2 58777.8 57104.1 73166.8 50974.1 67678.7 138640 160472 209490
Reclutas
 32624.6 45472.9 19571.2 42081.3 76786.7 48449.8 87297.9 94955.5 136410 162029 67087.6 37897.5 44899.5 22676 16496.8 19039.4 14612.5 15588.9 16379.2 35333.6 43067 51008.4 84399.7 90702.3 22177.1
log_desv_Rt
 -0.247178 0.0848709 -0.758184 0.00735943 0.608787 0.148284 0.737081 0.821164 1.18342 1.35553 0.473754 -0.0973594 0.0721814 -0.610939 -0.929077 -0.785734 -1.05036 -0.985683 -0.936232 -0.167411 0.030513 0.199745 0.703319 0.775338 -0.633183
SSB
 589630 297064 299044 274900 355204 647577 931176 1.13447e+06 1.056e+06 1.24543e+06 1.38567e+06 998272 610256 324963 148181 122768 146606 195176 231445 254539 412514 504430 614923 859531 1.10183e+06
BT
 1.59724e+06 433688 640718 534659 753505 889353 2.10711e+06 2.00291e+06 2.27643e+06 2.34061e+06 2.07529e+06 1.42823e+06 1.01338e+06 540326 300307 224885 265271 334648 344294 492675 776181 709931 963418 1.38143e+06 1.42216e+06
Ftot
 0.507818 0.558005 1.02744 0.244049 0.0377742 0.331283 0.219648 0.413946 0.427456 0.28332 0.491303 0.44803 0.730458 1.28377 1.30045 0.532395 0.387268 0.274315 0.243099 0.264055 0.110349 0.142023 0.174974 0.172173 0.17013
BD_Bspro_t
 0.934147 0.681276 0.584947 0.388067 0.5794 0.762866 0.711907 0.725155 0.680108 0.673138 0.670529 0.520582 0.404882 0.299376 0.182198 0.187988 0.283057 0.427923 0.528079 0.608056 0.733796 0.814284 0.816619 0.818741 0.812311
BD_Bspro
 0.686441 0.345839 0.348144 0.320036 0.413525 0.753904 1.08407 1.32074 1.22938 1.44992 1.61318 1.16218 0.710454 0.378319 0.172511 0.142925 0.170677 0.227222 0.269446 0.296332 0.480245 0.587253 0.715888 1.00066 1.28274
BD_Bo
 0.567563 0.285946 0.287852 0.264612 0.341911 0.623342 0.896327 1.09202 1.01648 1.19882 1.33381 0.960911 0.587417 0.312801 0.142635 0.118173 0.141119 0.187871 0.222783 0.245013 0.397076 0.485552 0.59191 0.827363 1.06059
BD_Brms
 1.93206 0.9734 0.979887 0.900774 1.16391 2.12194 3.05122 3.71737 3.46023 4.08095 4.54047 3.27107 1.99965 1.06482 0.48555 0.402279 0.480389 0.639539 0.758384 0.834058 1.3517 1.65288 2.01494 2.81646 3.61039
S_f
 0.166545 1 1 1 1
 0.166545 1 1 1 1
 0.166545 1 1 1 1
 0.166545 1 1 1 1
 0.166545 1 1 1 1
 0.166545 1 1 1 1
 0.166545 1 1 1 1
 0.166545 1 1 1 1
 0.166545 1 1 1 1
 0.166545 1 1 1 1
 0.166545 1 1 1 1
 0.166545 1 1 1 1
 0.166545 1 1 1 1
 0.166545 1 1 1 1
 0.166545 1 1 1 1
 0.166545 1 1 1 1
 0.166545 1 1 1 1
 0.166545 1 1 1 1
 0.166545 1 1 1 1
 0.166545 1 1 1 1
 0.166545 1 1 1 1
 0.166545 1 1 1 1
 0.166545 1 1 1 1
 0.166545 1 1 1 1
 0.166545 1 1 1 1
Scru_reclas
 1 1 1 1 1
 1 1 1 1 1
 1 1 1 1 1
 1 1 1 1 1
 1 1 1 1 1
 1 1 1 1 1
 1 1 1 1 1
 1 1 1 1 1
 1 1 1 1 1
 1 1 1 1 1
 1 1 1 1 1
 1 1 1 1 1
 1 1 1 1 1
 1 1 1 1 1
 1 1 1 1 1
 1 1 1 1 1
 1 1 1 1 1
 1 1 1 1 1
 1 1 1 1 1
 1 1 1 1 1
 1 1 1 1 1
 1 1 1 1 1
 1 1 1 1 1
 1 1 1 1 1
 1 1 1 1 1
Scru_pelaces
 1 1 1 1 1
 1 1 1 1 1
 1 1 1 1 1
 1 1 1 1 1
 1 1 1 1 1
 1 1 1 1 1
 1 1 1 1 1
 1 1 1 1 1
 1 1 1 1 1
 1 1 1 1 1
 1 1 1 1 1
 1 1 1 1 1
 1 1 1 1 1
 1 1 1 1 1
 1 1 1 1 1
 1 1 1 1 1
 1 1 1 1 1
 1 1 1 1 1
 1 1 1 1 1
 1 1 1 1 1
 1 1 1 1 1
 1 1 1 1 1
 1 1 1 1 1
 1 1 1 1 1
 1 1 1 1 1
pf_obs 
 0.256992 0.487395 0.22802 0.0275931 0
 0.321318 0.546541 0.124235 0.00734118 0.000564706
 0.182869 0.594174 0.210203 0.0122559 0.00049798
 0.330522 0.361315 0.267642 0.0388342 0.00168674
 0.649043 0.306663 0.0425973 0.00169635 0
 0.582887 0.30429 0.105238 0.00758474 0
 0.465427 0.430635 0.0974691 0.00646863 0
 0.296916 0.608066 0.0921331 0.00288517 0
 0.311714 0.524322 0.152257 0.0117073 0
 0.15457 0.633149 0.183074 0.0267441 0.00246327
 0.131901 0.49318 0.331252 0.0422183 0.00144891
 0.196976 0.569456 0.194076 0.0375587 0.00193317
 0.518974 0.381816 0.0799577 0.0180837 0.00116848
 0.0928022 0.601141 0.25162 0.0475244 0.00691264
 0.122501 0.610282 0.24278 0.0234846 0.000952079
 0.383417 0.481906 0.127806 0.00687128 0
 0.0376549 0.599619 0.316969 0.0457579 0
 0.0361596 0.667082 0.258105 0.0386534 0
 0.158088 0.579412 0.248529 0.0139706 0
 0.0477256 0.309471 0.559284 0.082774 0.000745712
 0.0406174 0.521527 0.379366 0.0568643 0.0016247
 0.151134 0.462217 0.34131 0.0453401 0
 0.294876 0.26143 0.354403 0.0886775 0.000613685
 0.281977 0.475581 0.204845 0.0348837 0.00271318
 0.0841818 0.532909 0.334909 0.0458182 0.00218182
pf_pred 
 0.239535 0.5276 0.207298 0.0255571 1.01332e-05
 0.303998 0.492443 0.141226 0.0554889 0.00684376
 0.146849 0.661038 0.135927 0.038982 0.0172054
 0.372072 0.398348 0.177883 0.0365774 0.0151198
 0.340748 0.527261 0.0837331 0.0373911 0.0108668
 0.153948 0.642608 0.162712 0.0258399 0.0148923
 0.27953 0.404473 0.240011 0.0607721 0.0152133
 0.239938 0.548049 0.119024 0.0706282 0.0223602
 0.295213 0.492067 0.153384 0.0333116 0.0260249
 0.263413 0.556493 0.125737 0.0391941 0.0151622
 0.109401 0.633 0.194617 0.0439728 0.0190095
 0.104192 0.433008 0.328938 0.101132 0.0327287
 0.203117 0.370032 0.206328 0.156739 0.0637846
 0.165365 0.573342 0.121331 0.0676534 0.072308
 0.241839 0.528428 0.157812 0.0333963 0.0385243
 0.313355 0.541721 0.10101 0.030166 0.0137477
 0.20103 0.623323 0.138575 0.0258388 0.0112333
 0.21363 0.507464 0.217591 0.048374 0.0129412
 0.20741 0.515321 0.178928 0.076721 0.0216193
 0.345736 0.417502 0.153937 0.0534493 0.0293762
 0.258134 0.580494 0.102976 0.0379681 0.0204287
 0.226533 0.531779 0.189115 0.0335478 0.0190247
 0.283232 0.467899 0.171104 0.0608493 0.0169156
 0.221497 0.560852 0.142081 0.051957 0.0236139
 0.0550771 0.613706 0.238616 0.0604488 0.0321519
pobs_RECLAS
 0 0 0 0 0
 0 0 0 0 0
 0 0 0 0 0
 0 0 0 0 0
 0.835266 0.146461 0.0176864 0.000547809 3.91292e-05
 0.385257 0.428462 0.181853 0.0044286 0
 0.867414 0.0963971 0.0333333 0.00285562 0
 0.441836 0.489002 0.0689373 0.000224442 0
 0.779404 0.147425 0.0564933 0.0165055 0.000172143
 0.814271 0.122319 0.05973 0.00367925 0
 0.40263 0.566651 0.0304383 0.000280538 0
 0.475488 0.404961 0.113038 0.00651328 0
 0.955842 0.0263864 0.0167828 0.000988607 0
 0.975058 0.0227948 0.00214734 0 0
 0.738997 0.206755 0.0527124 0.00153531 0
 0.850938 0.134255 0.0134407 0.00136685 0
 0.542534 0.407297 0.0501686 0 0
 0.764087 0.199537 0.0359546 0.000420521 0
 0.470689 0.182191 0.310203 0.0369168 0
 0.84361 0.089868 0.0606195 0.00523954 0.000663233
 0.607945 0.314616 0.071237 0.00620181 0
 0.523733 0.453247 0.0230204 0 0
 0.530135 0.295979 0.169645 0.0042399 0
 0.562478 0.366248 0.0663022 0.0049721 0
 0.250443 0.683176 0.0655157 0.000865301 0
ppred_RECLAS
 0.661906 0.234564 0.0921622 0.0113624 4.5051e-06
 0.731685 0.189842 0.0544441 0.0213915 0.00263834
 0.53069 0.36363 0.0747719 0.0214436 0.00946451
 0.783004 0.137659 0.0614717 0.0126402 0.00522502
 0.756651 0.194628 0.0309083 0.0138022 0.00401125
 0.527173 0.35913 0.0909336 0.0144409 0.00832276
 0.702281 0.16714 0.0991796 0.0251128 0.00628657
 0.660636 0.244701 0.0531437 0.0315351 0.00998373
 0.721124 0.194705 0.0606922 0.013181 0.0102978
 0.685896 0.237307 0.0536185 0.0167136 0.00646566
 0.432594 0.403288 0.123991 0.0280154 0.0121111
 0.41835 0.281153 0.213581 0.0656656 0.0212509
 0.618088 0.17734 0.098884 0.0751181 0.0305692
 0.573955 0.292666 0.0619342 0.0345342 0.0369101
 0.684949 0.219586 0.0655782 0.0138777 0.0160086
 0.739761 0.205313 0.0382829 0.011433 0.00521041
 0.607583 0.306147 0.0680615 0.0126908 0.0055173
 0.623749 0.242804 0.10411 0.0231453 0.00619193
 0.614419 0.250695 0.0870452 0.0373234 0.0105174
 0.763168 0.151129 0.0557224 0.0193477 0.0106337
 0.677564 0.252299 0.0447562 0.016502 0.00887889
 0.639257 0.248021 0.0882028 0.0156466 0.00887306
 0.705503 0.192244 0.0703012 0.025001 0.00695007
 0.632973 0.264415 0.0669843 0.0244952 0.0111328
 0.261046 0.479933 0.186604 0.0472725 0.0251436
pobs_PELACES
 0 0 0 0 0
 0 0 0 0 0
 0 0 0 0 0
 0 0 0 0 0
 0 0 0 0 0
 0 0 0 0 0
 0 0 0 0 0
 0 0 0 0 0
 0 0 0 0 0
 0 0 0 0 0
 0.450072 0.473896 0.0757376 0.000293798 0
 0 0 0 0 0
 0.463077 0.371075 0.160297 0.00555027 0
 0.529543 0.364841 0.0842815 0.0213345 0
 0.631943 0.363953 0.00410389 0 0
 0.735681 0.248677 0.0153453 0.000297389 0
 0.695825 0.281241 0.0229344 0 0
 0.275771 0.60734 0.115278 0.00161068 0
 0 0 0 0 0
 0.896147 0.0623911 0.0374545 0.00400742 0
 0.803859 0.145111 0.0509908 3.86294e-05 0
 0.739449 0.233085 0.0266225 0.000797448 4.60066e-05
 0.878498 0.100942 0.0204185 0.000141795 0
 0.694673 0.275183 0.0284847 0.00165964 0
 0.469039 0.446079 0.0841089 0.000773354 0
ppred_PELACES
 0.692423 0.213392 0.0838436 0.0103368 4.09846e-06
 0.760725 0.169294 0.0485514 0.0190762 0.00235278
 0.600008 0.309921 0.0637279 0.0182763 0.00806657
 0.794192 0.130561 0.0583023 0.0119885 0.00495562
 0.758559 0.193102 0.030666 0.013694 0.0039798
 0.549813 0.341934 0.0865795 0.0137495 0.00792424
 0.714756 0.160136 0.0950238 0.0240605 0.00602315
 0.685677 0.226646 0.0492225 0.0292083 0.00924707
 0.744143 0.178634 0.0556827 0.0120931 0.00944778
 0.702436 0.22481 0.050795 0.0158335 0.00612519
 0.466015 0.379534 0.116688 0.0263652 0.0113977
 0.448601 0.266531 0.202472 0.0622504 0.0201456
 0.664262 0.1559 0.0869287 0.0660361 0.0268734
 0.657257 0.235443 0.0498245 0.0277819 0.0296933
 0.756629 0.169626 0.0506579 0.0107202 0.0123664
 0.766948 0.183864 0.0342835 0.0102386 0.00466608
 0.632668 0.286577 0.0637108 0.0118796 0.00516461
 0.641283 0.231489 0.099258 0.0220667 0.00590337
 0.630133 0.240478 0.0834978 0.0358023 0.0100888
 0.776042 0.142913 0.0526932 0.0182959 0.0100556
 0.684158 0.247139 0.0438408 0.0161645 0.0086973
 0.648215 0.241862 0.0860125 0.0152581 0.00865272
 0.715402 0.185782 0.0679381 0.0241606 0.00671646
 0.643904 0.25654 0.0649894 0.0237657 0.0108013
 0.270173 0.474006 0.184299 0.0466886 0.0248331
pobs_pel_tallas
 0 0 0 0 0 0 0 0 0 0 0 0 0 0 0 0 0 0 0 0 0 0 0 0 0 0 0 0 0 0 0 0 0 0 0 0
 0 0 0 0 0 0 0 0 0 0 0 0 0 0 0 0 0 0 0 0 0 0 0 0 0 0 0 0 0 0 0 0 0 0 0 0
 0 0 0 0 0 0 0 0 0 0 0 0 0 0 0 0 0 0 0 0 0 0 0 0 0 0 0 0 0 0 0 0 0 0 0 0
 0 0 0 0 0 0 0 0 0 0 0 0 0 0 0 0 0 0 0 0 0 0 0 0 0 0 0 0 0 0 0 0 0 0 0 0
 0 0 0 0 0 0 0 0 0 0 0 0 0 0 0 0 0 0 0 0 0 0 0 0 0 0 0 0 0 0 0 0 0 0 0 0
 0 0 0 0 0 0 0 0 0 0 0 0 0 0 0 0 0 0 0 0 0 0 0 0 0 0 0 0 0 0 0 0 0 0 0 0
 0 0 0 0 0 0 0 0 0 0 0 0 0 0 0 0 0 0 0 0 0 0 0 0 0 0 0 0 0 0 0 0 0 0 0 0
 0 0 0 0 0 0 0 0 0 0 0 0 0 0 0 0 0 0 0 0 0 0 0 0 0 0 0 0 0 0 0 0 0 0 0 0
 0 0 0 0 0 0 0 0 0 0 0 0 0 0 0 0 0 0 0 0 0 0 0 0 0 0 0 0 0 0 0 0 0 0 0 0
 0 0 0 0 0 0 0 0 0 0 0 0 0 0 0 0 0 0 0 0 0 0 0 0 0 0 0 0 0 0 0 0 0 0 0 0
 0 0 0 0 0 0 0 0 1.78061e-05 0.00172719 0.00360574 0.0105946 0.0120993 0.0124554 0.0147524 0.0171206 0.0266825 0.0428682 0.0675386 0.121331 0.153587 0.119568 0.100827 0.0573624 0.0630603 0.0341343 0.0324427 0.0444173 0.0211091 0.0280891 0.0125444 0.00206551 0 0 0 0
 0 0 0 0 0 0 0 0 0 0 0 0 0 0 0 0 0 0 0 0 0 0 0 0 0 0 0 0 0 0 0 0 0 0 0 0
 0 0 0 0 0 0 0.0133647 0.0140871 0.0187388 0.0205184 0.03894 0.0496705 0.03968 0.0493445 0.0407372 0.0367815 0.0215668 0.0243155 0.0234873 0.0199281 0.019796 0.0243948 0.0301388 0.0376714 0.0412746 0.0863199 0.0771752 0.113111 0.0741005 0.0525337 0.0229764 0.00759418 0.00175318 0 0 0
 0 0 0 0 0 0 0 0 0 0 0.00219441 0.00772107 0.0458388 0.0604681 0.0671733 0.0775358 0.0609151 0.0617685 0.073594 0.0568108 0.0755445 0.0548602 0.0670107 0.0636378 0.0643287 0.046367 0.0373049 0.0286899 0.0247887 0.0153202 0.00654259 0.00121912 0.000365735 0 0 0
 0 0 0 0 0 0 0 0 0 0 0 0 0.000112435 0.00938835 0.0111873 0.0202946 0.0414886 0.0713402 0.111592 0.104902 0.108894 0.110636 0.117776 0.105296 0.107544 0.0401394 0.0192827 0.0124803 0.00416011 0.0028671 0.000618394 0 0 0 0 0
 0 0 0 0 0 0 0 0 0 0 0.00291406 0.0102884 0.027416 0.0768956 0.0749926 0.110853 0.0956884 0.0897413 0.0766577 0.0534642 0.0500743 0.0551293 0.0594112 0.0620874 0.0668451 0.0424026 0.0208742 0.0120726 0.0048766 0.00582813 0.00118941 0.000297354 0 0 0 0
 0 0.00264628 0.0354308 0.0461629 0.0458689 0.0383711 0.0214643 0.0164657 0.0346957 0.0420465 0.0363128 0.0245516 0.0311673 0.0291091 0.0169068 0.0133784 0.00837989 0.0085269 0.0148486 0.0160247 0.0276389 0.0546898 0.0760071 0.122758 0.109233 0.0665981 0.0333725 0.0166128 0.00676272 0.00308733 0.000882094 0 0 0 0 0
 0 0 0 0 0 0 0 0.000805153 0.000690131 0.00759144 0.0133425 0.0154129 0.00931677 0.000345066 0.00356568 0.00563607 0.00851162 0.0253048 0.0502646 0.0516448 0.0657925 0.0565908 0.0611916 0.0827007 0.0866115 0.110766 0.145733 0.0935128 0.0569358 0.0249597 0.0138026 0.00621118 0.00161031 0.00115022 0 0
 0 0 0 0 0 0 0 0 0 0 0 0 0 0 0 0 0 0 0 0 0 0 0 0 0 0 0 0 0 0 0 0 0 0 0 0
 0.00147267 0.00158595 0.00478618 0.00569244 0.00954404 0.0108468 0.00647125 0.017049 0.0510054 0.094081 0.124002 0.0959785 0.0687766 0.0820023 0.061753 0.0591476 0.0492212 0.0479892 0.0443925 0.0268479 0.0217502 0.0140895 0.0121071 0.0120363 0.00920419 0.00665534 0.0049561 0.00860946 0.00930331 0.0156896 0.0114698 0.00855282 0.00243557 0.00046729 0 2.83206e-05
 0 0 0 0 0.000772559 0.00158375 0.000888443 0.00281984 0.00712685 0.0440552 0.0773331 0.111326 0.0921469 0.0852325 0.0710754 0.0886704 0.0786465 0.0553345 0.0373146 0.0185414 0.00753245 0.00457741 0.012979 0.0271748 0.0457355 0.0583668 0.034881 0.0177882 0.00938659 0.00492506 0.0015258 0.00185414 0.000309023 5.79419e-05 3.86279e-05 0
 0 0.00173294 0.00326652 0 0.00397197 0.00683976 0.00946217 0.0152591 0.00757587 0.0136028 0.0228656 0.0392903 0.0559909 0.0764795 0.0681675 0.0726916 0.0566044 0.0477403 0.0527397 0.0444891 0.0609904 0.0582453 0.0661739 0.0445044 0.0529084 0.0360697 0.0280645 0.0235558 0.0158879 0.00826598 0.00280645 0.00217768 0.000904811 0.00058276 9.20147e-05 0
 0 0 0 0 0 0 0 0 0 0 0 0 0 0 0 0 0 0 0 0 0 0 0 0 0 0 0 0 0 0 0 0 0 0 0 0
 0 0 0 0 0 0 0 0 0 0 0 0 0 0 0 0 0 0 0 0 0 0 0 0 0 0 0 0 0 0 0 0 0 0 0 0
 0 0 0 0 0 0 0 0 0 0 0 0 0 0 0 0 0 0 0 0 0 0 0 0 0 0 0 0 0 0 0 0 0 0 0 0
ppred_pel_tallas
 1.01616e-16 3.02144e-05 0.000177326 0.000842912 0.00324523 0.0101199 0.0255622 0.0523041 0.0867016 0.116443 0.126727 0.111815 0.0801123 0.0468985 0.0230313 0.0106084 0.00636052 0.00642618 0.00842975 0.0113012 0.0145522 0.0178303 0.0207834 0.0230766 0.0244538 0.0247919 0.0241226 0.0226129 0.0205146 0.0181004 0.015609 0.0132125 0.011011 0.00904562 0.00732106 0.00582577
 1.0151e-16 3.31908e-05 0.000194805 0.000926016 0.00356522 0.0111178 0.0280827 0.0574609 0.0952476 0.127914 0.139195 0.122776 0.08788 0.0512724 0.0248554 0.0109016 0.0057865 0.00524255 0.00665252 0.00886142 0.0113868 0.013927 0.0162006 0.0179457 0.0189658 0.0191722 0.0185995 0.0173892 0.0157471 0.0138915 0.0120085 0.0102262 0.00861204 0.00718468 0.00593461 0.0048422
 1.02011e-16 2.61885e-05 0.000153682 0.000730486 0.00281233 0.00876991 0.0221523 0.0453279 0.0751413 0.100928 0.109872 0.0970133 0.0696605 0.0410885 0.0207524 0.0105241 0.00762297 0.00873789 0.0118089 0.0158536 0.0203319 0.0247677 0.0286581 0.0315283 0.0330292 0.0330162 0.0315785 0.029005 0.0257041 0.0221034 0.0185637 0.0153288 0.0125182 0.0101509 0.00818497 0.00655464
 1.01514e-16 3.46486e-05 0.000203367 0.000966728 0.00372198 0.0116067 0.0293175 0.0599871 0.0994337 0.133532 0.145297 0.128133 0.0916583 0.053364 0.0256589 0.0108959 0.00527231 0.00432088 0.00531071 0.0070575 0.00910188 0.0111929 0.0131103 0.0146484 0.0156481 0.0160285 0.0158001 0.0150535 0.0139298 0.0125828 0.0111472 0.00972051 0.00836076 0.0070949 0.00593216 0.00487543
 1.01155e-16 3.30972e-05 0.000194253 0.00092339 0.0035551 0.0110862 0.028003 0.057298 0.0949783 0.127555 0.138809 0.122448 0.0876716 0.0512044 0.024922 0.0110989 0.00612817 0.00575735 0.0073717 0.00980351 0.0125439 0.0152548 0.0176153 0.0193301 0.0201849 0.0200947 0.0191216 0.0174528 0.0153496 0.0130834 0.0108816 0.00889596 0.00719745 0.00579228 0.00464719 0.00371411
 1.02184e-16 2.40011e-05 0.000140837 0.000669412 0.00257717 0.00803656 0.0203 0.0415382 0.0688607 0.0924979 0.100709 0.0889571 0.0639508 0.037872 0.0194081 0.0103023 0.00803457 0.00959197 0.0130919 0.0176145 0.0226157 0.027583 0.0319626 0.0352278 0.0369872 0.0370726 0.0355722 0.0327942 0.0291806 0.0251977 0.0212428 0.0175895 0.0143784 0.011642 0.00934652 0.00743087
 1.0251e-16 3.1186e-05 0.000183036 0.000870067 0.0033498 0.010446 0.0263858 0.053989 0.0894928 0.120186 0.130787 0.115365 0.0825849 0.0482033 0.0234071 0.0103376 0.00559767 0.00518843 0.00666336 0.00895063 0.0116092 0.014364 0.0169526 0.0191205 0.0206638 0.0214671 0.0215213 0.0209112 0.0197828 0.018301 0.0166144 0.0148355 0.0130394 0.0112729 0.00956873 0.00795602
 1.02209e-16 2.99206e-05 0.000175601 0.000834707 0.00321363 0.0100214 0.0253133 0.0517949 0.085858 0.115311 0.125498 0.110738 0.0793564 0.0464874 0.0228874 0.0106383 0.00650649 0.00666926 0.0087705 0.0117407 0.0150801 0.0184193 0.0213894 0.0236444 0.0249281 0.0251299 0.0243063 0.0226558 0.0204613 0.0180185 0.015575 0.013296 0.0112608 0.00948162 0.00793242 0.00657577
 1.01706e-16 3.24681e-05 0.000190561 0.000905839 0.00348753 0.0108755 0.0274707 0.0562088 0.0931726 0.125129 0.136167 0.120114 0.0859913 0.0502052 0.0244032 0.0108147 0.00590086 0.00549222 0.0070302 0.00938105 0.0120624 0.0147625 0.0171857 0.0190551 0.0201627 0.020413 0.0198406 0.0185923 0.0168831 0.0149418 0.0129634 0.0110833 0.00937283 0.00785302 0.00651525 0.00534034
 1.01625e-16 3.06513e-05 0.000179891 0.000855103 0.00329216 0.0102663 0.0259319 0.0530606 0.0879557 0.118128 0.128562 0.113436 0.0812797 0.0475932 0.0233925 0.0108065 0.00651801 0.00660685 0.00865686 0.0115725 0.0148452 0.018103 0.0209765 0.0231202 0.0242792 0.0243451 0.0233781 0.021582 0.0192473 0.0166785 0.0141333 0.0117865 0.0097251 0.00796528 0.00648083 0.00522951
 1.03219e-16 2.03487e-05 0.000119391 0.000567446 0.00218456 0.00681222 0.0172074 0.0352109 0.0583744 0.0784208 0.0854046 0.075493 0.0543896 0.0324474 0.0170669 0.00976984 0.00846583 0.0106364 0.0146972 0.0198424 0.0255396 0.0312413 0.036339 0.0402465 0.0425221 0.0429642 0.0416494 0.0388944 0.0351622 0.0309454 0.026666 0.0226174 0.0189562 0.0157292 0.0129179 0.0104786
 1.06042e-16 1.95849e-05 0.000114917 0.000546198 0.00210279 0.00655724 0.0165633 0.0338921 0.0561854 0.0754724 0.0821737 0.0725895 0.0521946 0.0309325 0.0158983 0.00852614 0.00677917 0.00822792 0.0113761 0.015523 0.02028 0.0252811 0.030111 0.0343457 0.0376295 0.0397388 0.0406125 0.0403356 0.0390906 0.0370962 0.0345561 0.0316339 0.028453 0.025113 0.0217084 0.0183399
 1.0481e-16 2.8984e-05 0.000170108 0.00080861 0.00311318 0.00970814 0.024522 0.0501753 0.0831716 0.111698 0.121553 0.107226 0.0767718 0.0448378 0.0218253 0.00973054 0.00540465 0.00514032 0.00667319 0.00901563 0.0117644 0.0146683 0.0174841 0.0199735 0.021941 0.0232685 0.0239308 0.0239824 0.0235268 0.0226784 0.0215337 0.0201583 0.0185917 0.016862 0.0150022 0.0130597
 1.03127e-16 2.86817e-05 0.000168326 0.000800123 0.00308048 0.00960614 0.0242644 0.0496489 0.0823012 0.110536 0.120306 0.106167 0.0761051 0.0446314 0.0220644 0.0104089 0.00657467 0.00690517 0.009145 0.012265 0.0157735 0.0192963 0.0224548 0.024893 0.0263467 0.0267012 0.0260125 0.024481 0.0223916 0.0200397 0.0176687 0.0154367 0.0134142 0.0116053 0.00997905 0.00849829
 1.01721e-16 3.30122e-05 0.000193756 0.000921031 0.00354603 0.011058 0.0279315 0.0571515 0.0947349 0.127226 0.138446 0.122117 0.0874097 0.0510018 0.0247315 0.0108597 0.0057823 0.00525573 0.00667734 0.00889849 0.0114389 0.0139977 0.0162935 0.0180642 0.0191132 0.0193512 0.0188123 0.0176369 0.0160297 0.0142073 0.012354 0.0105961 0.00899889 0.00757963 0.00632776 0.00522342
 1.01117e-16 3.34627e-05 0.0001964 0.000933596 0.0035944 0.0112088 0.0283125 0.0579313 0.0960276 0.128963 0.140338 0.123791 0.0886197 0.0517305 0.0251267 0.011103 0.00600797 0.00553942 0.00705402 0.0093765 0.0120032 0.0146079 0.0168841 0.0185495 0.0193982 0.0193465 0.0184506 0.0168853 0.0148964 0.0127407 0.0106341 0.00872193 0.00707428 0.00570028 0.00457191 0.00364678
 1.01648e-16 2.76117e-05 0.000162039 0.000770223 0.00296533 0.00924706 0.0233575 0.0477937 0.0792276 0.106413 0.115833 0.102254 0.0733726 0.0431763 0.0216185 0.0106548 0.00733493 0.00815459 0.0109399 0.0146702 0.0188111 0.0229133 0.0265091 0.0291575 0.0305339 0.0305026 0.0291446 0.0267268 0.0236277 0.0202451 0.0169164 0.0138721 0.0112279 0.00900593 0.00717066 0.00566285
 1.02519e-16 2.79852e-05 0.000164237 0.000780682 0.00300562 0.00937271 0.0236748 0.0484425 0.0803016 0.107851 0.117385 0.103593 0.0742681 0.0435709 0.0215723 0.010233 0.00654405 0.00694466 0.00924178 0.0124378 0.0160572 0.0197341 0.0230922 0.0257691 0.0274845 0.0280972 0.0276298 0.0262473 0.0242042 0.0217778 0.01921 0.0166759 0.0142782 0.0120632 0.0100442 0.00822259
 1.02966e-16 2.74993e-05 0.000161384 0.000767116 0.00295339 0.00920981 0.0232634 0.0476007 0.0789065 0.105978 0.11535 0.101804 0.0730007 0.0428579 0.021276 0.0101867 0.00663834 0.00713517 0.00952169 0.0128119 0.0165268 0.0202907 0.023716 0.0264317 0.0281537 0.0287451 0.028239 0.0268153 0.0247436 0.0223121 0.0197668 0.0172786 0.0149397 0.0127824 0.0108061 0.00900135
 1.01894e-16 3.38576e-05 0.000198722 0.000944645 0.00363695 0.0113415 0.0286477 0.0586168 0.0971628 0.130484 0.141984 0.12522 0.0895935 0.0522003 0.0251713 0.0108126 0.00541505 0.00461826 0.0057543 0.00766013 0.00987388 0.012131 0.0141937 0.0158403 0.0169011 0.017293 0.0170335 0.0162267 0.0150301 0.0136121 0.0121168 0.0106445 0.00924982 0.00795254 0.00675397 0.00565065
 1.01665e-16 2.98552e-05 0.000175215 0.000832869 0.00320655 0.0099993 0.0252575 0.051681 0.0856696 0.11506 0.125229 0.110512 0.079218 0.0464542 0.0229596 0.0108194 0.00681394 0.00713223 0.00941972 0.012596 0.0161384 0.0196455 0.0227128 0.0249627 0.0261196 0.0260721 0.0248956 0.022825 0.0201893 0.0173314 0.0145388 0.0120033 0.00981579 0.00798589 0.00647424 0.00522347
 1.02229e-16 2.82878e-05 0.000166013 0.000789123 0.00303812 0.00947405 0.0239308 0.0489664 0.0811701 0.109018 0.118656 0.104719 0.0750819 0.0440622 0.0218409 0.0104016 0.00670326 0.00714584 0.00950839 0.0127747 0.0164522 0.0201572 0.0234953 0.0260904 0.0276565 0.0280583 0.0273355 0.02568 0.023377 0.0207326 0.0180112 0.0153994 0.0130005 0.0108515 0.0089498 0.00727774
 1.0217e-16 3.12152e-05 0.000183205 0.000870865 0.00335286 0.0104556 0.02641 0.0540386 0.0895756 0.1203 0.130916 0.115491 0.082702 0.048326 0.0235674 0.0105776 0.00596324 0.00572391 0.00740447 0.00991416 0.0127814 0.0156915 0.0183399 0.0204381 0.0217655 0.0222148 0.0218102 0.0206904 0.0190637 0.0171541 0.0151539 0.0131981 0.0113612 0.00967135 0.00813034 0.00673217
 1.02328e-16 2.81004e-05 0.000164911 0.000783882 0.00301794 0.0094111 0.0237718 0.0486412 0.0806315 0.108296 0.117874 0.104036 0.0746102 0.0438208 0.0217864 0.0104831 0.00689499 0.00744771 0.00993193 0.0133279 0.0171287 0.0209296 0.0243143 0.0268889 0.0283602 0.0285991 0.0276655 0.025781 0.0232645 0.0204515 0.0176254 0.014979 0.0126088 0.0105356 0.00873612 0.0071718
 1.05536e-16 1.1813e-05 6.92697e-05 0.000329145 0.00126701 0.00395085 0.00997998 0.0204238 0.0338676 0.0455223 0.0496405 0.044032 0.0320556 0.0197908 0.0116324 0.00858748 0.00957105 0.0132212 0.0186491 0.025311 0.0326942 0.0401589 0.0469569 0.0523544 0.0557856 0.0569724 0.0559721 0.0531335 0.0489854 0.0440977 0.0389625 0.0339276 0.0291888 0.0248233 0.0208415 0.0172321
pSPR Fmed_Fpbrs
0.617596   0.34376 0.34376
Fs Fmed_Fpbrs
0.327626   1.005 1.005
SSBpbr Bo_Bmed_Bpbrs
1.03888e+06  589664  305182 305182
Ro
41772.8
SPR SPRFo_SPRFmed_SPRFpbrs
858966 530494 295278
log_Ro
10.46
likeval ReclasPelacesDesembMPH_pf_preclas_ppelaces_ptallas_desvR_qrecl_qpela
 71.803 42.2028 0.00515565 0.000945796 313.881 193.372 77.6291 0 16.8073 4.34427e-05 0 0 0 0 0
q_reclas_q_pelaces
0.392984 1
M
0.7
N
 32624.6 14286.2 5613.16 692.029 0.274384
 45472.9 14887.1 4269.41 1677.49 206.894
 19571.2 20577.2 4231.21 1213.45 535.579
 42081.3 8190.27 3657.37 752.052 310.872
 76786.7 20064.6 3186.42 1422.9 413.53
 48449.8 37892 9594.45 1523.67 878.138
 87297.9 22768 13510.4 3420.89 856.364
 94955.5 41793.7 9076.67 5386.03 1705.17
 136410 44012.2 13719.2 2979.52 2327.76
 162029 63084.2 14253.6 4443.06 1718.8
 67087.6 76752.9 23597.7 5331.82 2304.95
 37897.5 30697.3 23319.5 7169.59 2320.24
 44899.5 17466.2 9739.06 7398.36 3010.76
 22676 19742.5 4177.91 2329.58 2489.85
 16496.8 9092.95 2715.56 574.668 662.909
 19039.4 6596.79 1230.04 367.346 167.412
 14612.5 8652.45 1923.58 358.672 155.932
 15588.9 6803.13 2917.06 648.509 173.492
 16379.2 7395.53 2567.85 1101.05 310.265
 35333.6 7810.94 2879.96 999.97 549.592
 43067 16791.2 2978.65 1098.25 590.915
 51008.4 20997 7467.1 1324.61 751.178
 84399.7 24737.9 9046.31 3217.11 894.331
 90702.3 40707.9 10312.6 3771.16 1713.95
 22177.1 43768.2 17017.6 4311.08 2293.01
pred_Ctot
 1912.05 4211.49 1654.73 204.006 0.0808868
 2917.82 4726.54 1355.51 532.591 65.6875
 2235.59 10063.5 2069.32 593.453 261.931
 1208.23 1293.56 577.64 118.778 49.0987
 346.445 536.076 85.1329 38.0162 11.0485
 1876.34 7832.21 1983.15 314.94 181.51
 2259.91 3270.03 1940.41 491.322 122.994
 4567.41 10432.6 2265.72 1344.46 425.645
 6768.86 11282.5 3516.9 763.794 596.719
 5385.29 11377.1 2570.6 801.293 309.98
 3808.53 22036.4 6775.1 1530.81 661.769
 1968.11 8179.16 6213.37 1910.31 618.218
 3724.75 6785.62 3783.62 2874.26 1169.68
 3178.07 11018.7 2331.79 1300.19 1389.65
 2339.32 5111.51 1526.52 323.043 372.647
 1167.78 2018.83 376.433 112.42 51.2336
 658.849 2042.86 454.16 84.6831 36.8158
 501.984 1192.43 511.291 113.668 30.409
 468.479 1163.96 404.146 173.29 48.8316
 1096.05 1323.57 488.011 169.445 93.1285
 564.615 1269.71 225.239 83.0475 44.6836
 858.672 2015.7 716.839 127.162 72.1128
 1746.2 2884.72 1054.9 375.152 104.289
 1846.94 4676.63 1184.73 433.241 196.903
 446.292 4972.88 1933.52 489.819 260.528
F
 0.0845748 0.507818 0.507818 0.507818 0.507818
 0.0929331 0.558005 0.558005 0.558005 0.558005
 0.171115 1.02744 1.02744 1.02744 1.02744
 0.0406452 0.244049 0.244049 0.244049 0.244049
 0.00629111 0.0377742 0.0377742 0.0377742 0.0377742
 0.0551736 0.331283 0.331283 0.331283 0.331283
 0.0365814 0.219648 0.219648 0.219648 0.219648
 0.0689408 0.413946 0.413946 0.413946 0.413946
 0.0711908 0.427456 0.427456 0.427456 0.427456
 0.0471856 0.28332 0.28332 0.28332 0.28332
 0.0818241 0.491303 0.491303 0.491303 0.491303
 0.0746173 0.44803 0.44803 0.44803 0.44803
 0.121654 0.730458 0.730458 0.730458 0.730458
 0.213807 1.28377 1.28377 1.28377 1.28377
 0.216584 1.30045 1.30045 1.30045 1.30045
 0.088668 0.532395 0.532395 0.532395 0.532395
 0.0644976 0.387268 0.387268 0.387268 0.387268
 0.0456858 0.274315 0.274315 0.274315 0.274315
 0.0404869 0.243099 0.243099 0.243099 0.243099
 0.0439771 0.264055 0.264055 0.264055 0.264055
 0.0183782 0.110349 0.110349 0.110349 0.110349
 0.0236532 0.142023 0.142023 0.142023 0.142023
 0.029141 0.174974 0.174974 0.174974 0.174974
 0.0286746 0.172173 0.172173 0.172173 0.172173
 0.0283343 0.17013 0.17013 0.17013 0.17013
YTP_r0W_actual
 4998.47 109403 63806.1 20131.6 11150.6
YTP_p0W_proyectada
 35352.6 110490 275891 139932 57466.4
 35352.6 161122 29281.4 65419.1 34342.9
CTP_r0_actual
 446.292 4972.88 1933.52 489.819 260.528
CTP_p0_proyectada
 4159.13 5163.09 8842.65 3438.13 1235.84
 4159.13 7529.08 938.507 1607.35 738.557
Wmedp
 8.5 21.4 31.2 40.7 46.5
nmprior
 10.6 11 7 0
nm_flota  nm_reclas  nm_pelaces    nm_pelaL
inf 17.5996 19.8345 48.6013
cv_recla  cv_pelaces  cv_mph
0.766472 0.736619 0.997785
 ------------------------------------------------
Talla a la edad & desviaci?n 
 7.2 14.2025 17.0495 18.207 18.6776
 1.08 2.13037 2.55742 2.73105 2.80164
