years
 1997 1998 1999 2000 2001 2002 2003 2004 2005 2006 2007 2008 2009 2010 2011 2012 2013 2014 2015 2016 2017 2018 2019 2020 2021
reclasobs
 0 0 0 370054 412103 1.49427e+06 250295 1.28982e+06 931140 785840 897777 1.04006e+06 184774 17550 25797 100020 73551 82996 120727 218422 84188 347160 605670 569463 516374
reclaspred
 3.61751e+06 435870 599949 165387 219862 286637 503316 431514 659176 1.15338e+06 1.30288e+06 825881 441034 200039 128548 117534 122830 152840 136361 186871 361605 350345 531996 569213 492045
pelacesobs
 0 0 0 0 0 0 0 0 0 2.06254e+06 1.5e+06 0 1.87456e+06 323000 250000 174000 83755 137374 0 501740 490994 745055 786931 1.00524e+06 1.33801e+06
pelacespred
 1.54357e+06 619217 187473 121931 126386 117202 265327 242091 360346 665063 670389 437778 238033 85598.5 53559.5 55808.6 60796.4 75770.3 70554.9 93404.3 198826 205455 235870 294009 239808
mphobs
 0 0 0 0 0 112323 0 153150 637223 0 255016 313432 73983 77613 109348 50772 0 0 0 0 0 0 0 0 0
mphpred
 2.58327e+06 1.10745e+06 467501 235745 116993 292909 299232 422967 468752 766014 1.31428e+06 907277 486727 265140 120161 101724 101830 122322 132179 123016 248982 340377 375019 486328 499652
desembarqueobs
 350755 77701 442110 56441 14545 235359 269955 359681 431902 328805 639364 411747 362871 311530 167758 66681 60226 58785 57116 73181 50977 67692 138656 160484 209506
desembarquepred
 350736 77680.5 441625 56417.1 14543.5 235106 269765 359127 431431 328566 638515 411242 362152 310861 167410 66629 60191.4 58739 57061 73110.1 50960.5 67648.3 138553 160369 209364
Reclutas
 4196.44 5869.63 860.231 3116.41 52325 13649 55069.1 66169.5 113594 222331 55010.8 19020 52881.8 27723.8 19459.1 14094.5 10987.7 10933.1 7486.21 28440.7 34835.6 29989.5 56054.1 42352.5 976.73
log_desv_Rt
 -1.51801 -1.18245 -3.1028 -1.81556 1.00523 -0.338575 1.05634 1.23998 1.78039 2.45192 1.05528 -0.00675496 1.01581 0.370046 0.0160691 -0.30646 -0.555466 -0.560454 -0.939183 0.395578 0.598394 0.448603 1.07407 0.793782 -2.97579
SSB
 2.58327e+06 1.10745e+06 467501 235745 116993 292909 299232 422967 468752 766014 1.31428e+06 907277 486727 265140 120161 101724 101830 122322 132179 123016 248982 340377 375019 486328 499652
BT
 3.04793e+06 1.28257e+06 594073 293770 373302 404964 1.01069e+06 986034 1.42236e+06 2.10994e+06 1.91183e+06 1.20943e+06 906559 483843 277019 180001 191154 219926 191944 303757 532774 470382 606847 751743 603097
Ftot
 0.0944538 0.172707 0.68087 0.326786 0.0646499 0.754717 0.510367 0.775597 0.619134 0.275418 0.464547 0.471177 0.760717 1.34314 1.16374 0.535807 0.466136 0.368086 0.399119 0.37574 0.13711 0.18711 0.251399 0.27149 0.404657
BD_Bspro_t
 0.985045 0.885975 0.693713 0.377753 0.388719 0.669823 0.480641 0.509186 0.483663 0.547106 0.636529 0.470283 0.333035 0.246249 0.146218 0.148933 0.195678 0.291228 0.360595 0.405773 0.598025 0.720126 0.709347 0.695847 0.635704
BD_Bspro
 6.56061 2.81253 1.18729 0.598709 0.29712 0.743885 0.759943 1.07419 1.19047 1.94541 3.33782 2.30416 1.23612 0.673362 0.305167 0.258342 0.258612 0.310656 0.335687 0.312417 0.632327 0.864438 0.952417 1.2351 1.26894
BD_Bo
 2.43313 1.04308 0.440329 0.222043 0.110193 0.275885 0.28184 0.398384 0.441508 0.721493 1.2379 0.854546 0.458438 0.24973 0.113177 0.0958114 0.0959113 0.115213 0.124496 0.115866 0.234511 0.320594 0.353223 0.458063 0.470612
BD_Brms
 11.8346 5.07348 2.14173 1.08 0.535971 1.34188 1.37085 1.93771 2.14747 3.50929 6.02105 4.15645 2.22981 1.21467 0.550487 0.46602 0.466506 0.560388 0.605541 0.563566 1.14065 1.55935 1.71805 2.22799 2.28902
S_f
 0.5 1 1 1 1
 0.5 1 1 1 1
 0.5 1 1 1 1
 0.5 1 1 1 1
 0.5 1 1 1 1
 0.5 1 1 1 1
 0.5 1 1 1 1
 0.5 1 1 1 1
 0.5 1 1 1 1
 0.5 1 1 1 1
 0.5 1 1 1 1
 0.5 1 1 1 1
 0.5 1 1 1 1
 0.5 1 1 1 1
 0.5 1 1 1 1
 0.5 1 1 1 1
 0.5 1 1 1 1
 0.5 1 1 1 1
 0.5 1 1 1 1
 0.5 1 1 1 1
 0.5 1 1 1 1
 0.5 1 1 1 1
 0.5 1 1 1 1
 0.5 1 1 1 1
 0.5 1 1 1 1
Scru_reclas
 0.5 1 1 1 1
 0.5 1 1 1 1
 0.5 1 1 1 1
 0.5 1 1 1 1
 0.5 1 1 1 1
 0.5 1 1 1 1
 0.5 1 1 1 1
 0.5 1 1 1 1
 0.5 1 1 1 1
 0.5 1 1 1 1
 0.5 1 1 1 1
 0.5 1 1 1 1
 0.5 1 1 1 1
 0.5 1 1 1 1
 0.5 1 1 1 1
 0.5 1 1 1 1
 0.5 1 1 1 1
 0.5 1 1 1 1
 0.5 1 1 1 1
 0.5 1 1 1 1
 0.5 1 1 1 1
 0.5 1 1 1 1
 0.5 1 1 1 1
 0.5 1 1 1 1
 0.5 1 1 1 1
Scru_pelaces
 0.5 1 1 1 1
 0.5 1 1 1 1
 0.5 1 1 1 1
 0.5 1 1 1 1
 0.5 1 1 1 1
 0.5 1 1 1 1
 0.5 1 1 1 1
 0.5 1 1 1 1
 0.5 1 1 1 1
 0.5 1 1 1 1
 0.5 1 1 1 1
 0.5 1 1 1 1
 0.5 1 1 1 1
 0.5 1 1 1 1
 0.5 1 1 1 1
 0.5 1 1 1 1
 0.5 1 1 1 1
 0.5 1 1 1 1
 0.5 1 1 1 1
 0.5 1 1 1 1
 0.5 1 1 1 1
 0.5 1 1 1 1
 0.5 1 1 1 1
 0.5 1 1 1 1
 0.5 1 1 1 1
pf_obs 
 0.256992 0.487395 0.22802 0.0275931 0
 0.321318 0.546541 0.124235 0.00734118 0.000564706
 0.182869 0.594174 0.210203 0.0122559 0.00049798
 0.330522 0.361315 0.267642 0.0388342 0.00168674
 0.649043 0.306663 0.0425973 0.00169635 0
 0.582887 0.30429 0.105238 0.00758474 0
 0.465427 0.430635 0.0974691 0.00646863 0
 0.296916 0.608066 0.0921331 0.00288517 0
 0.311714 0.524322 0.152257 0.0117073 0
 0.15457 0.633149 0.183074 0.0267441 0.00246327
 0.131901 0.49318 0.331252 0.0422183 0.00144891
 0.196976 0.569456 0.194076 0.0375587 0.00193317
 0.518974 0.381816 0.0799577 0.0180837 0.00116848
 0.0928022 0.601141 0.25162 0.0475244 0.00691264
 0.122501 0.610282 0.24278 0.0234846 0.000952079
 0.383417 0.481906 0.127806 0.00687128 0
 0.0376549 0.599619 0.316969 0.0457579 0
 0.0361596 0.667082 0.258105 0.0386534 0
 0.158088 0.579412 0.248529 0.0139706 0
 0.0477256 0.309471 0.559284 0.082774 0.000745712
 0.0406174 0.521527 0.379366 0.0568643 0.0016247
 0.151134 0.462217 0.34131 0.0453401 0
 0.294876 0.26143 0.354403 0.0886775 0.000613685
 0.281977 0.475581 0.204845 0.0348837 0.00271318
 0.0841818 0.532909 0.334909 0.0458182 0.00218182
pf_pred 
 0.0207281 0.625889 0.311491 0.0418906 1.22388e-06
 0.0600189 0.0391637 0.575746 0.286536 0.0385357
 0.0213467 0.115739 0.0359527 0.528542 0.298419
 0.218069 0.0396968 0.0877795 0.0272674 0.627187
 0.884698 0.043818 0.00362908 0.0080248 0.0598303
 0.22851 0.72509 0.0176333 0.00146042 0.0273063
 0.737303 0.11204 0.141596 0.00344344 0.00561758
 0.612214 0.336239 0.021985 0.0277845 0.00177799
 0.697805 0.241644 0.052502 0.00343285 0.00461604
 0.707017 0.248267 0.0357564 0.0077688 0.00119101
 0.20899 0.663914 0.107699 0.0155112 0.00388678
 0.154383 0.318894 0.442091 0.071715 0.0129168
 0.548967 0.133227 0.119849 0.16615 0.0318069
 0.426424 0.432366 0.0417107 0.0375223 0.0619762
 0.54446 0.316594 0.104738 0.0101042 0.0241029
 0.530185 0.364012 0.0735322 0.0243265 0.00794493
 0.450518 0.398669 0.116849 0.0236041 0.0103593
 0.471443 0.345012 0.133168 0.0390314 0.0113449
 0.37463 0.415856 0.136759 0.0527863 0.0199685
 0.74351 0.147143 0.0727136 0.0239126 0.0127214
 0.570397 0.372059 0.0330117 0.0163134 0.00821891
 0.415028 0.429417 0.134718 0.0119532 0.00888289
 0.566553 0.259831 0.127448 0.0399836 0.00618402
 0.402647 0.440545 0.0939992 0.0461071 0.0167021
 0.0168751 0.583058 0.295047 0.0629543 0.0420654
pobs_RECLAS
 0 0 0 0 0
 0 0 0 0 0
 0 0 0 0 0
 0 0 0 0 0
 0.835266 0.146461 0.0176864 0.000547809 3.91292e-05
 0.385257 0.428462 0.181853 0.0044286 0
 0.867414 0.0963971 0.0333333 0.00285562 0
 0.441836 0.489002 0.0689373 0.000224442 0
 0.779404 0.147425 0.0564933 0.0165055 0.000172143
 0.814271 0.122319 0.05973 0.00367925 0
 0.40263 0.566651 0.0304383 0.000280538 0
 0.475488 0.404961 0.113038 0.00651328 0
 0.955842 0.0263864 0.0167828 0.000988607 0
 0.975058 0.0227948 0.00214734 0 0
 0.738997 0.206755 0.0527124 0.00153531 0
 0.850938 0.134255 0.0134407 0.00136685 0
 0.542534 0.407297 0.0501686 0 0
 0.764087 0.199537 0.0359546 0.000420521 0
 0.470689 0.182191 0.310203 0.0369168 0
 0.84361 0.089868 0.0606195 0.00523954 0.000663233
 0.607945 0.314616 0.071237 0.00620181 0
 0.523733 0.453247 0.0230204 0 0
 0.530135 0.295979 0.169645 0.0042399 0
 0.562478 0.366248 0.0663022 0.0049721 0
 0.250443 0.683176 0.0655157 0.000865301 0
ppred_RECLAS
 0.0207892 0.62585 0.311471 0.041888 1.22381e-06
 0.0603527 0.0391498 0.575542 0.286434 0.038522
 0.0220583 0.115655 0.0359266 0.528158 0.298202
 0.220239 0.0395866 0.0875359 0.0271917 0.625447
 0.884901 0.0437406 0.00362267 0.00801063 0.0597246
 0.235417 0.718599 0.0174754 0.00144734 0.0270618
 0.741653 0.110185 0.139251 0.00338641 0.00552455
 0.621738 0.32798 0.021445 0.0271021 0.00173432
 0.703962 0.23672 0.0514323 0.00336291 0.004522
 0.709138 0.246469 0.0354975 0.00771255 0.00118238
 0.212303 0.661133 0.107248 0.0154462 0.0038705
 0.157052 0.317888 0.440695 0.0714887 0.0128761
 0.558655 0.130365 0.117275 0.162581 0.0311238
 0.448832 0.415475 0.0400812 0.0360564 0.0595549
 0.56255 0.304022 0.100579 0.00970292 0.0231458
 0.536185 0.359363 0.072593 0.0240158 0.00784345
 0.455478 0.39507 0.115795 0.0233911 0.0102657
 0.475116 0.342614 0.132243 0.0387602 0.011266
 0.378468 0.413304 0.135919 0.0524624 0.019846
 0.746384 0.145494 0.0718987 0.0236446 0.0125788
 0.571508 0.371097 0.0329263 0.0162712 0.00819764
 0.416601 0.428262 0.134356 0.011921 0.008859
 0.568808 0.258479 0.126785 0.0397756 0.00615185
 0.405075 0.438754 0.0936171 0.0459197 0.0166342
 0.0171534 0.582893 0.294963 0.0629365 0.0420535
pobs_PELACES
 0 0 0 0 0
 0 0 0 0 0
 0 0 0 0 0
 0 0 0 0 0
 0 0 0 0 0
 0 0 0 0 0
 0 0 0 0 0
 0 0 0 0 0
 0 0 0 0 0
 0 0 0 0 0
 0.450072 0.473896 0.0757376 0.000293798 0
 0 0 0 0 0
 0.463077 0.371075 0.160297 0.00555027 0
 0.529543 0.364841 0.0842815 0.0213345 0
 0.631943 0.363953 0.00410389 0 0
 0.735681 0.248677 0.0153453 0.000297389 0
 0.695825 0.281241 0.0229344 0 0
 0.275771 0.60734 0.115278 0.00161068 0
 0 0 0 0 0
 0.896147 0.0623911 0.0374545 0.00400742 0
 0.803859 0.145111 0.0509908 3.86294e-05 0
 0.739449 0.233085 0.0266225 0.000797448 4.60066e-05
 0.878498 0.100942 0.0204185 0.000141795 0
 0.694673 0.275183 0.0284847 0.00165964 0
 0.469039 0.446079 0.0841089 0.000773354 0
ppred_PELACES
 0.0211088 0.625646 0.31137 0.0418744 1.22341e-06
 0.0619892 0.0390816 0.574539 0.285935 0.0384549
 0.0246165 0.115353 0.0358326 0.526776 0.297422
 0.229638 0.0391094 0.0864807 0.026864 0.617908
 0.885983 0.0433294 0.00358862 0.00793533 0.0591632
 0.258564 0.696844 0.0169464 0.00140353 0.0262425
 0.757457 0.103444 0.130733 0.00317925 0.00518659
 0.651334 0.302319 0.0197671 0.0249816 0.00159862
 0.7248 0.220058 0.0478122 0.0031262 0.00420371
 0.718422 0.238603 0.0343645 0.00746639 0.00114464
 0.225404 0.650137 0.105464 0.0151893 0.00380613
 0.167621 0.313902 0.43517 0.0705924 0.0127146
 0.589337 0.121303 0.109122 0.151279 0.0289601
 0.504057 0.373846 0.0360652 0.0324437 0.0535878
 0.609101 0.27167 0.0898759 0.00867038 0.0206827
 0.558087 0.342393 0.0691651 0.0228817 0.00747307
 0.47461 0.38119 0.111726 0.0225692 0.00990506
 0.490281 0.332716 0.128422 0.0376404 0.0109405
 0.394078 0.402924 0.132506 0.0511448 0.0193476
 0.75794 0.138865 0.0686228 0.0225673 0.0120057
 0.577039 0.366306 0.0325013 0.0160612 0.00809183
 0.424124 0.42274 0.132624 0.0117673 0.00874477
 0.578951 0.252399 0.123803 0.03884 0.00600713
 0.415915 0.43076 0.0919114 0.0450831 0.0163312
 0.0183161 0.582204 0.294614 0.062862 0.0420037
pobs_pel_tallas
 0 0 0 0 0 0 0 0 0 0 0 0 0 0 0 0 0 0 0 0 0 0 0 0 0 0 0 0 0 0 0 0 0 0 0 0
 0 0 0 0 0 0 0 0 0 0 0 0 0 0 0 0 0 0 0 0 0 0 0 0 0 0 0 0 0 0 0 0 0 0 0 0
 0 0 0 0 0 0 0 0 0 0 0 0 0 0 0 0 0 0 0 0 0 0 0 0 0 0 0 0 0 0 0 0 0 0 0 0
 0 0 0 0 0 0 0 0 0 0 0 0 0 0 0 0 0 0 0 0 0 0 0 0 0 0 0 0 0 0 0 0 0 0 0 0
 0 0 0 0 0 0 0 0 0 0 0 0 0 0 0 0 0 0 0 0 0 0 0 0 0 0 0 0 0 0 0 0 0 0 0 0
 0 0 0 0 0 0 0 0 0 0 0 0 0 0 0 0 0 0 0 0 0 0 0 0 0 0 0 0 0 0 0 0 0 0 0 0
 0 0 0 0 0 0 0 0 0 0 0 0 0 0 0 0 0 0 0 0 0 0 0 0 0 0 0 0 0 0 0 0 0 0 0 0
 0 0 0 0 0 0 0 0 0 0 0 0 0 0 0 0 0 0 0 0 0 0 0 0 0 0 0 0 0 0 0 0 0 0 0 0
 0 0 0 0 0 0 0 0 0 0 0 0 0 0 0 0 0 0 0 0 0 0 0 0 0 0 0 0 0 0 0 0 0 0 0 0
 0 0 0 0 0 0 0 0 0 0 0 0 0 0 0 0 0 0 0 0 0 0 0 0 0 0 0 0 0 0 0 0 0 0 0 0
 0 0 0 0 0 0 0 0 1.78061e-05 0.00172719 0.00360574 0.0105946 0.0120993 0.0124554 0.0147524 0.0171206 0.0266825 0.0428682 0.0675386 0.121331 0.153587 0.119568 0.100827 0.0573624 0.0630603 0.0341343 0.0324427 0.0444173 0.0211091 0.0280891 0.0125444 0.00206551 0 0 0 0
 0 0 0 0 0 0 0 0 0 0 0 0 0 0 0 0 0 0 0 0 0 0 0 0 0 0 0 0 0 0 0 0 0 0 0 0
 0 0 0 0 0 0 0.0133647 0.0140871 0.0187388 0.0205184 0.03894 0.0496705 0.03968 0.0493445 0.0407372 0.0367815 0.0215668 0.0243155 0.0234873 0.0199281 0.019796 0.0243948 0.0301388 0.0376714 0.0412746 0.0863199 0.0771752 0.113111 0.0741005 0.0525337 0.0229764 0.00759418 0.00175318 0 0 0
 0 0 0 0 0 0 0 0 0 0 0.00219441 0.00772107 0.0458388 0.0604681 0.0671733 0.0775358 0.0609151 0.0617685 0.073594 0.0568108 0.0755445 0.0548602 0.0670107 0.0636378 0.0643287 0.046367 0.0373049 0.0286899 0.0247887 0.0153202 0.00654259 0.00121912 0.000365735 0 0 0
 0 0 0 0 0 0 0 0 0 0 0 0 0.000112435 0.00938835 0.0111873 0.0202946 0.0414886 0.0713402 0.111592 0.104902 0.108894 0.110636 0.117776 0.105296 0.107544 0.0401394 0.0192827 0.0124803 0.00416011 0.0028671 0.000618394 0 0 0 0 0
 0 0 0 0 0 0 0 0 0 0 0.00291406 0.0102884 0.027416 0.0768956 0.0749926 0.110853 0.0956884 0.0897413 0.0766577 0.0534642 0.0500743 0.0551293 0.0594112 0.0620874 0.0668451 0.0424026 0.0208742 0.0120726 0.0048766 0.00582813 0.00118941 0.000297354 0 0 0 0
 0 0.00264628 0.0354308 0.0461629 0.0458689 0.0383711 0.0214643 0.0164657 0.0346957 0.0420465 0.0363128 0.0245516 0.0311673 0.0291091 0.0169068 0.0133784 0.00837989 0.0085269 0.0148486 0.0160247 0.0276389 0.0546898 0.0760071 0.122758 0.109233 0.0665981 0.0333725 0.0166128 0.00676272 0.00308733 0.000882094 0 0 0 0 0
 0 0 0 0 0 0 0 0.000805153 0.000690131 0.00759144 0.0133425 0.0154129 0.00931677 0.000345066 0.00356568 0.00563607 0.00851162 0.0253048 0.0502646 0.0516448 0.0657925 0.0565908 0.0611916 0.0827007 0.0866115 0.110766 0.145733 0.0935128 0.0569358 0.0249597 0.0138026 0.00621118 0.00161031 0.00115022 0 0
 0 0 0 0 0 0 0 0 0 0 0 0 0 0 0 0 0 0 0 0 0 0 0 0 0 0 0 0 0 0 0 0 0 0 0 0
 0.00147267 0.00158595 0.00478618 0.00569244 0.00954404 0.0108468 0.00647125 0.017049 0.0510054 0.094081 0.124002 0.0959785 0.0687766 0.0820023 0.061753 0.0591476 0.0492212 0.0479892 0.0443925 0.0268479 0.0217502 0.0140895 0.0121071 0.0120363 0.00920419 0.00665534 0.0049561 0.00860946 0.00930331 0.0156896 0.0114698 0.00855282 0.00243557 0.00046729 0 2.83206e-05
 0 0 0 0 0.000772559 0.00158375 0.000888443 0.00281984 0.00712685 0.0440552 0.0773331 0.111326 0.0921469 0.0852325 0.0710754 0.0886704 0.0786465 0.0553345 0.0373146 0.0185414 0.00753245 0.00457741 0.012979 0.0271748 0.0457355 0.0583668 0.034881 0.0177882 0.00938659 0.00492506 0.0015258 0.00185414 0.000309023 5.79419e-05 3.86279e-05 0
 0 0.00173294 0.00326652 0 0.00397197 0.00683976 0.00946217 0.0152591 0.00757587 0.0136028 0.0228656 0.0392903 0.0559909 0.0764795 0.0681675 0.0726916 0.0566044 0.0477403 0.0527397 0.0444891 0.0609904 0.0582453 0.0661739 0.0445044 0.0529084 0.0360697 0.0280645 0.0235558 0.0158879 0.00826598 0.00280645 0.00217768 0.000904811 0.00058276 9.20147e-05 0
 0 0 0 0 0 0 0 0 0 0 0 0 0 0 0 0 0 0 0 0 0 0 0 0 0 0 0 0 0 0 0 0 0 0 0 0
 0 0 0 0 0 0 0 0 0 0 0 0 0 0 0 0 0 0 0 0 0 0 0 0 0 0 0 0 0 0 0 0 0 0 0 0
 0 0 0 0 0 0 0 0 0 0 0 0 0 0 0 0 0 0 0 0 0 0 0 0 0 0 0 0 0 0 0 0 0 0 0 0
ppred_pel_tallas
 1.06063e-16 9.5919e-07 5.53331e-06 2.6102e-05 0.000100158 0.000312027 0.00078885 0.00161924 0.00270366 0.00369028 0.00417227 0.0040527 0.00371434 0.00381113 0.0049274 0.00742959 0.011525 0.0173311 0.0248418 0.0338295 0.0437708 0.0538555 0.0630942 0.0705013 0.0753018 0.0770927 0.0759108 0.0721805 0.0665755 0.0598408 0.0526407 0.0454698 0.0386383 0.0323075 0.026548 0.0213902
 1.19791e-16 2.71828e-06 1.5914e-05 7.55709e-05 0.000290825 0.00090676 0.0022904 0.00468724 0.00777294 0.0104492 0.0113982 0.0101197 0.00738952 0.00461366 0.00282312 0.00229166 0.00284423 0.0042854 0.0065799 0.00982216 0.0141468 0.0196548 0.0263604 0.0341531 0.0427727 0.0518023 0.0606878 0.068784 0.0754273 0.0800245 0.0821407 0.0815695 0.078369 0.0728515 0.0655353 0.0570614
 1.32545e-16 1.08948e-06 6.35014e-06 3.01002e-05 0.000115747 0.000360789 0.000911396 0.00186602 0.00309792 0.00417511 0.00458221 0.00413447 0.00316277 0.00226009 0.00188413 0.00220486 0.00322257 0.00492938 0.0073695 0.0106164 0.0147315 0.0197379 0.0256106 0.0322771 0.0396173 0.0474578 0.0555589 0.063598 0.0711635 0.0777697 0.0828998 0.0860754 0.0869363 0.0853103 0.0812569 0.0750682
 1.31036e-16 1.00264e-05 5.88243e-05 0.000279584 0.00107635 0.0033564 0.00847795 0.0173471 0.0287556 0.0386206 0.0420338 0.0370933 0.0265896 0.015596 0.00772561 0.0036976 0.00246909 0.00282692 0.00408427 0.00602492 0.00865964 0.0120641 0.0163073 0.0214203 0.0273749 0.0340645 0.041287 0.0487366 0.0560097 0.0626316 0.0681029 0.0719619 0.0738511 0.0735737 0.0711262 0.0667048
 1.03103e-16 3.86473e-05 0.000226851 0.0010784 0.00415197 0.0129476 0.0327044 0.0669163 0.110916 0.148943 0.16204 0.142838 0.102045 0.0591443 0.0279376 0.0110014 0.00404515 0.00205005 0.00196377 0.00250424 0.00325182 0.00406897 0.00488288 0.00563584 0.00628506 0.00680915 0.00720945 0.0075037 0.0077149 0.00785937 0.00793893 0.00793981 0.00783812 0.00760922 0.00723736 0.00672269
 1.01742e-16 1.13155e-05 6.6329e-05 0.000315122 0.00121294 0.00378218 0.00955421 0.0195542 0.0324322 0.0436129 0.0476104 0.0423549 0.031102 0.0197304 0.0125237 0.0105321 0.0127922 0.0180335 0.025359 0.0340924 0.0434676 0.0525015 0.0600745 0.0651389 0.0669593 0.0652941 0.0604573 0.0532303 0.0446638 0.0358326 0.0276229 0.0206081 0.0150266 0.0108424 0.00784663 0.00576153
 1.02242e-16 3.30458e-05 0.000193959 0.000922009 0.00354981 0.0110698 0.0279613 0.057212 0.0948334 0.127353 0.138571 0.122195 0.0873954 0.050853 0.0243991 0.010276 0.00485819 0.00389241 0.0047901 0.00644796 0.00846313 0.0106356 0.01279 0.0147494 0.0163558 0.0174948 0.0181096 0.0181997 0.0178082 0.0170026 0.0158598 0.0144573 0.0128709 0.0111766 0.00945101 0.00776944
 1.01313e-16 2.84261e-05 0.00016682 0.000792946 0.00305282 0.00951988 0.0240466 0.0492038 0.0815652 0.109553 0.119251 0.105273 0.0755415 0.0444573 0.0222677 0.0109846 0.00756811 0.00840513 0.0112487 0.0150353 0.0191998 0.0232641 0.0267352 0.0291562 0.030202 0.0297563 0.0279387 0.0250673 0.0215754 0.0179083 0.0144342 0.0113928 0.00888736 0.00691076 0.00538854 0.0042209
 1.01055e-16 3.16263e-05 0.000185615 0.000882318 0.00339695 0.0105931 0.0267573 0.0547494 0.0907548 0.121886 0.132648 0.117035 0.0838415 0.0490597 0.0240507 0.0110043 0.006491 0.00645975 0.00841427 0.0112255 0.0143756 0.0174932 0.0202132 0.0221961 0.023193 0.0231015 0.0219868 0.0200582 0.0176115 0.0149576 0.0123605 0.0100011 0.00797026 0.00628499 0.00491589 0.00381371
 1.00876e-16 3.13489e-05 0.000183985 0.000874565 0.00336709 0.0104999 0.0265221 0.0542683 0.0899579 0.120817 0.13149 0.116023 0.0831402 0.0486961 0.023959 0.0111074 0.00674852 0.00687058 0.00899626 0.0119944 0.0153296 0.0186037 0.0214218 0.0234184 0.0243299 0.0240555 0.0226792 0.0204423 0.0176797 0.0147399 0.0119157 0.00940361 0.00729688 0.00560356 0.0042783 0.00325327
 1.02409e-16 9.86789e-06 5.78342e-05 0.000274744 0.00105749 0.00329743 0.00832972 0.0170485 0.0282779 0.0380311 0.0415298 0.0369755 0.0272173 0.0173955 0.0112666 0.00977398 0.0121085 0.0171911 0.0242595 0.0327262 0.0419026 0.0508859 0.0586328 0.06415 0.0667156 0.0660485 0.0623698 0.0563295 0.0488333 0.0408258 0.0331039 0.0262057 0.0203905 0.0156886 0.0119852 0.00910362
 1.093e-16 7.33543e-06 4.29955e-05 0.000204264 0.00078623 0.00245159 0.00619283 0.0126739 0.0210182 0.0282566 0.0308275 0.0273795 0.0200093 0.0125095 0.00763794 0.00606343 0.00717087 0.0101859 0.0146352 0.020258 0.0267984 0.033891 0.0410566 0.0477646 0.0535203 0.0579421 0.0608052 0.0620408 0.0617032 0.0599245 0.0568772 0.0527565 0.0477814 0.0421997 0.0362886 0.0303389
 1.0814e-16 2.57154e-05 0.000150922 0.000717405 0.00276203 0.0086131 0.021756 0.0445156 0.0737897 0.099098 0.107839 0.0951249 0.0680999 0.0397581 0.0193273 0.00858029 0.00472925 0.00449796 0.00590021 0.00809386 0.0107656 0.0137424 0.0168553 0.0199244 0.022781 0.0252893 0.0273573 0.0289302 0.0299756 0.0304675 0.0303791 0.0296877 0.02839 0.0265178 0.0241493 0.0214078
 1.04253e-16 2.2007e-05 0.000129127 0.000613738 0.0023628 0.00736806 0.0186114 0.0380835 0.0631354 0.0848127 0.0923551 0.0816113 0.0587418 0.0349313 0.0181659 0.0100688 0.00835359 0.0102739 0.0141024 0.0189698 0.0243241 0.0296193 0.0342627 0.0376968 0.0395195 0.0395765 0.0379937 0.0351319 0.0314849 0.027556 0.0237532 0.0203318 0.0173903 0.0149066 0.0127929 0.0109471
 1.02629e-16 2.65835e-05 0.000156004 0.000741534 0.00285488 0.00890262 0.0224875 0.0460134 0.0762764 0.10245 0.111518 0.0984447 0.0706397 0.0415685 0.0208154 0.0102646 0.00707911 0.00789049 0.010614 0.0142781 0.0183813 0.0225043 0.026207 0.0290692 0.0307731 0.0311718 0.0303161 0.0284273 0.0258315 0.022876 0.019858 0.0169848 0.0143667 0.012038 0.00998715 0.00818645
 1.02229e-16 2.43619e-05 0.000142955 0.000679482 0.00261594 0.00815748 0.0206054 0.0421631 0.0698964 0.0938886 0.102221 0.0902895 0.0649008 0.0384185 0.0196582 0.0103857 0.00803922 0.00955671 0.0130244 0.0175077 0.0224564 0.0273557 0.031652 0.0348214 0.0364786 0.0364641 0.0348768 0.0320361 0.0283931 0.0244201 0.0205149 0.0169465 0.0138463 0.0112345 0.00906448 0.0072635
 1.02949e-16 2.07235e-05 0.000121591 0.000577907 0.00222484 0.00693782 0.0175247 0.0358601 0.0594504 0.0798657 0.0869766 0.0768789 0.05538 0.0330219 0.0173389 0.00987753 0.00850496 0.0106528 0.0147051 0.0198407 0.0255195 0.0311891 0.0362367 0.0400739 0.042259 0.0425937 0.0411611 0.038287 0.0344448 0.0301375 0.0257954 0.0217171 0.0180607 0.0148709 0.0121239 0.0097688
 1.03736e-16 2.14049e-05 0.000125596 0.000596955 0.00229819 0.00716659 0.0181025 0.0370419 0.061408 0.0824903 0.0898211 0.0793603 0.0570961 0.0339024 0.0175409 0.0095851 0.00780936 0.00954779 0.0131372 0.0177628 0.022931 0.0281607 0.0329204 0.036694 0.0390838 0.0398948 0.0391676 0.0371479 0.034208 0.0307493 0.0271191 0.0235633 0.0202211 0.0171478 0.0143517 0.0118251
 1.04674e-16 1.72129e-05 0.000100978 0.000479907 0.0018475 0.00576112 0.0145525 0.0297789 0.0493715 0.0663341 0.0722625 0.0639259 0.0461644 0.0277584 0.015 0.00921737 0.00868509 0.0113071 0.0157557 0.0213281 0.0275122 0.0337452 0.0393892 0.0438246 0.0465791 0.0474292 0.0464388 0.0439202 0.0403364 0.0361805 0.0318728 0.0277038 0.023828 0.0202947 0.0170949 0.0142025
 1.02356e-16 3.30681e-05 0.000194087 0.000922611 0.00355212 0.011077 0.0279795 0.0572495 0.0948964 0.12744 0.138673 0.122301 0.0875072 0.0509897 0.0245974 0.0105844 0.00533086 0.00458196 0.00573687 0.00766548 0.00992266 0.0122552 0.014434 0.0162417 0.0175069 0.0181373 0.0181336 0.0175781 0.0166037 0.0153567 0.0139645 0.0125191 0.0110758 0.00966347 0.00829869 0.00699639
 1.01511e-16 2.51891e-05 0.00014781 0.000702558 0.00270478 0.00843452 0.0213052 0.0435951 0.0722706 0.0970784 0.105696 0.0933624 0.0671179 0.0397473 0.0203669 0.0108035 0.00840707 0.0100068 0.0136138 0.0182455 0.0233107 0.0282526 0.0324764 0.0354273 0.0367088 0.0361773 0.0339745 0.0304839 0.0262299 0.0217529 0.0175018 0.0137715 0.0106922 0.00826017 0.00638898 0.00495984
 1.02834e-16 1.85239e-05 0.000108673 0.000516484 0.00198833 0.00620027 0.0156617 0.0320487 0.0531342 0.0713882 0.0777646 0.0687844 0.0496538 0.0298177 0.0160413 0.00974508 0.00906144 0.0117232 0.0162909 0.0220004 0.0282967 0.0345757 0.0401572 0.0443859 0.0467685 0.0470824 0.0454184 0.0421384 0.0377711 0.0328805 0.0279524 0.0233284 0.0191936 0.015606 0.0125441 0.00995277
 1.03455e-16 2.52681e-05 0.000148284 0.000704832 0.00271357 0.00846196 0.0213744 0.0437358 0.0725009 0.0973785 0.105998 0.0935721 0.0671437 0.0395128 0.0197901 0.00976947 0.00675889 0.00756468 0.010217 0.0138078 0.0178785 0.0220483 0.0259125 0.0290755 0.0312252 0.0321959 0.0319941 0.0307777 0.0288006 0.0263423 0.0236495 0.0209027 0.0182132 0.0156396 0.0132124 0.0109537
 1.03758e-16 1.81661e-05 0.000106572 0.000506496 0.00194987 0.00608033 0.0153588 0.0314289 0.0521071 0.0700094 0.076266 0.0674668 0.0487198 0.0292909 0.0158193 0.00970333 0.00911632 0.0118371 0.0164516 0.0222015 0.0285276 0.0348178 0.0403861 0.044576 0.0469015 0.0471556 0.045451 0.042173 0.0378691 0.0331116 0.0283808 0.0239989 0.0201212 0.0167718 0.0138979 0.0114218
 1.08495e-16 8.35491e-07 4.81149e-06 2.26801e-05 8.69993e-05 0.000271005 0.000685179 0.00140678 0.00235027 0.00321198 0.00364203 0.0035618 0.00331239 0.00347474 0.0045745 0.00695281 0.0108147 0.0162852 0.0233738 0.0318834 0.0413422 0.0510118 0.0599846 0.0673523 0.0723946 0.0747268 0.0743605 0.0716553 0.0671911 0.061608 0.0554693 0.0491875 0.0430159 0.0370878 0.0314729 0.0262235
pSPR Fmed_Fpbrs
0.516639   0.255595 0.255595
Fs Fmed_Fpbrs
0.379586   1.005 1.005
SSBpbr Bo_Bmed_Bpbrs
1.06171e+06  495434  218282 218282
Ro
19148.9
SPR SPRFo_SPRFmed_SPRFpbrs
393755 203429 100642
log_Ro
9.68
likeval ReclasPelacesDesembMPH_pf_preclas_ppelaces_ptallas_desvR_qrecl_qpela
 100.098 129.427 0.144141 0.000570668 419.553 214.571 90.5623 0 62.2536 0 0 0 0 0 0
q_reclas_q_pelaces
1 1
M
0.7
N
 4196.44 64675.4 32187.5 4328.71 0.126468
 5869.63 1987.76 29222.2 14543.2 1955.89
 860.231 2673.63 830.525 12209.6 6893.63
 3116.41 303.921 672.044 208.761 4801.78
 52325 1314.28 108.851 240.697 1794.55
 13649 25157.3 611.794 50.6698 947.403
 55069.1 4647.41 5873.39 142.833 233.017
 66169.5 21187.4 1385.34 1750.79 112.036
 113594 22296.3 4844.33 316.747 425.92
 222331 41391 5961.29 1295.21 198.564
 55010.8 96202.9 15605.8 2247.61 563.205
 19020 21655.4 30021.5 4870.02 877.155
 52881.8 7462.58 6713.22 9306.7 1781.63
 27723.8 17952 1731.84 1557.94 2573.27
 19459.1 7033.77 2326.97 224.484 535.493
 14094.5 5400.23 1090.87 360.891 117.865
 10987.7 5354.2 1569.31 317.008 139.127
 10933.1 4321.97 1668.2 488.947 142.117
 7486.21 4516.55 1485.31 573.304 216.875
 28440.7 3045.01 1504.75 494.853 263.26
 34835.6 11704.3 1038.48 513.189 258.551
 29989.5 16152.6 5067.48 449.622 334.132
 56054.1 13562.3 6652.37 2087.01 322.785
 42352.5 24547.7 5237.75 2569.15 930.663
 976.73 18362 9291.76 1982.59 1324.74
pred_Ctot
 139.595 4215.09 2097.75 282.115 0.00824232
 350.969 229.015 3366.76 1675.56 225.343
 182.027 986.93 306.575 4506.97 2544.68
 341.045 62.0831 137.281 42.6444 980.878
 1199.19 59.3942 4.91913 10.8774 81.0984
 3152.94 10004.6 243.3 20.1505 376.766
 9051.74 1375.5 1738.35 42.2745 68.966
 15640.7 8590.16 561.668 709.835 45.4237
 22139.8 7666.82 1665.77 108.917 146.457
 20734 7280.67 1048.59 227.828 34.9274
 8310.41 26400.3 4282.6 616.797 154.557
 2910.24 6011.41 8333.77 1351.89 243.493
 12297.6 2984.47 2684.79 3721.98 712.52
 10130.6 10271.7 990.92 891.416 1472.37
 6381.65 3710.82 1227.64 118.431 282.511
 2419.21 1660.97 335.524 111 36.2523
 1665.02 1473.39 431.849 87.2356 38.2855
 1335.81 977.573 377.326 110.594 32.1451
 985.242 1093.66 359.662 138.823 52.5153
 3541.38 700.848 346.339 113.897 60.5926
 1666.52 1087.04 96.4497 47.6626 24.013
 1936.66 2003.81 628.643 55.7776 41.4506
 4796.36 2199.69 1078.96 338.495 52.353
 3896.63 4263.39 909.681 446.204 161.635
 130.175 4497.74 2276 485.632 324.494
F
 0.0472269 0.0944538 0.0944538 0.0944538 0.0944538
 0.0863536 0.172707 0.172707 0.172707 0.172707
 0.340435 0.68087 0.68087 0.68087 0.68087
 0.163393 0.326786 0.326786 0.326786 0.326786
 0.0323249 0.0646499 0.0646499 0.0646499 0.0646499
 0.377359 0.754717 0.754717 0.754717 0.754717
 0.255184 0.510367 0.510367 0.510367 0.510367
 0.387798 0.775597 0.775597 0.775597 0.775597
 0.309567 0.619134 0.619134 0.619134 0.619134
 0.137709 0.275418 0.275418 0.275418 0.275418
 0.232274 0.464547 0.464547 0.464547 0.464547
 0.235589 0.471177 0.471177 0.471177 0.471177
 0.380358 0.760717 0.760717 0.760717 0.760717
 0.671568 1.34314 1.34314 1.34314 1.34314
 0.581872 1.16374 1.16374 1.16374 1.16374
 0.267904 0.535807 0.535807 0.535807 0.535807
 0.233068 0.466136 0.466136 0.466136 0.466136
 0.184043 0.368086 0.368086 0.368086 0.368086
 0.199559 0.399119 0.399119 0.399119 0.399119
 0.18787 0.37574 0.37574 0.37574 0.37574
 0.068555 0.13711 0.13711 0.13711 0.13711
 0.0935551 0.18711 0.18711 0.18711 0.18711
 0.1257 0.251399 0.251399 0.251399 0.251399
 0.135745 0.27149 0.27149 0.27149 0.27149
 0.202329 0.404657 0.404657 0.404657 0.404657
YTP_r0W_actual
 1457.96 98950.3 75108.1 19959.5 13888.3
YTP_p0W_proyectada
 57740.2 4089.1 91546.8 60431.3 19612.7
 57740.2 72056.8 1083.67 21707.5 14831.4
CTP_r0_actual
 130.175 4497.74 2276 485.632 324.494
CTP_p0_proyectada
 6792.96 191.079 2934.19 1484.8 421.78
 6792.96 3367.14 34.733 533.355 318.955
Wmedp
 8.5 21.4 31.2 40.7 46.5
nmprior
 10.6 11 7 0
nm_flota  nm_reclas  nm_pelaces    nm_pelaL
inf 11.5377 8.58395 16.3604
cv_recla  cv_pelaces  cv_mph
0.904976 1.28998 0.77505
 ------------------------------------------------
Talla a la edad & desviaci?n 
 7.2 14.2025 17.0495 18.207 18.6776
 1.08 2.13037 2.55742 2.73105 2.80164
