years
 1997 1998 1999 2000 2001 2002 2003 2004 2005 2006 2007 2008 2009 2010 2011 2012 2013 2014 2015 2016 2017 2018 2019 2020 2021
reclasobs
 0 0 0 370054 412103 1.49427e+06 250295 1.28982e+06 931140 785840 897777 1.04006e+06 184774 17550 25797 100020 73551 82996 120727 218422 84188 347160 605670 569463 516374
reclaspred
 465459 126543 373707 265340 390621 463078 1.0079e+06 665717 731611 683163 541430 364887 227240 97991.4 62544.6 62750.7 79385.9 107724 115306 166041 240535 220454 382125 482401 550883
pelacesobs
 0 0 0 0 0 0 0 0 0 2.06254e+06 1.5e+06 0 1.87456e+06 323000 250000 174000 83755 137374 0 501740 490994 745055 786931 1.00524e+06 1.33801e+06
pelacespred
 2.01715e+06 459920 856230 923279 1.17248e+06 1.133e+06 2.86504e+06 2.30801e+06 2.26343e+06 2.11928e+06 1.48211e+06 1.03446e+06 635381 216762 140188 152714 203881 285686 309567 439472 720843 632735 867244 1.30494e+06 1.48842e+06
mphobs
 0 0 0 0 0 112323 0 153150 637223 0 255016 313432 73983 77613 109348 50772 0 0 0 0 0 0 0 0 0
mphpred
 171366 103574 124877 146223 154918 241943 357144 417765 350595 352269 338227 233551 144321 75165 32426.6 26652 33168.5 45888.6 57370.6 66853.3 101140 120032 150150 213880 290697
desembarqueobs
 350755 77701 442110 56441 14545 235359 269955 359681 431902 328805 639364 411747 362871 311530 167758 66681 60226 58785 57116 73181 50977 67692 138656 160484 209506
desembarquepred
 350766 77703.2 442140 56443.4 14545.1 235411 269995 359696 431962 328841 639524 411938 363141 311838 167704 66687.9 60249.9 58783.4 57108.7 73181.7 50978.4 67685.5 138660 160493 209510
Reclutas
 47666.1 58558 34007.4 51996.3 88255.8 65319.2 102008 97067.8 118282 126011 65461.2 43672.3 44832.3 23554.1 15780.2 17309.1 13302.6 14965.6 17209.5 29164.7 35808.3 47069.4 75912.9 88761.3 37971.8
log_desv_Rt
 0.0719762 0.277773 -0.265666 0.158928 0.687994 0.387042 0.832802 0.783165 0.98083 1.04412 0.389214 -0.0155314 0.0106846 -0.632944 -1.03349 -0.941014 -1.20429 -1.08649 -0.946782 -0.419287 -0.214064 0.0593789 0.537342 0.693706 -0.155402
SSB
 601357 363461 438217 513125 543637 849026 1.25329e+06 1.46602e+06 1.23031e+06 1.23618e+06 1.18691e+06 819578 506450 263769 113792 93527.1 116395 161032 201325 234602 354919 421218 526907 750546 1.02011e+06
BT
 2.01926e+06 526318 975968 852199 1.01728e+06 1.15816e+06 2.64123e+06 2.38848e+06 2.33771e+06 2.13509e+06 1.84739e+06 1.26519e+06 898144 479475 259208 185362 223156 292114 314237 436009 660076 606562 838945 1.25075e+06 1.44125e+06
Ftot
 0.519582 0.42891 0.651022 0.129919 0.0253092 0.250812 0.159797 0.318953 0.366762 0.290478 0.590802 0.557648 0.890063 1.62537 1.73999 0.70487 0.482962 0.332045 0.27522 0.282614 0.129247 0.169985 0.202133 0.195334 0.181502
BD_Bspro_t
 0.937959 0.723729 0.675004 0.534754 0.670894 0.805928 0.768618 0.774605 0.713305 0.673622 0.639259 0.477176 0.36526 0.25707 0.143926 0.145969 0.232051 0.37185 0.483748 0.580412 0.698172 0.782522 0.790842 0.79698 0.799175
BD_Bspro
 0.659323 0.398496 0.480459 0.562586 0.59604 0.930866 1.3741 1.60734 1.3489 1.35534 1.30132 0.89858 0.555269 0.289195 0.12476 0.102543 0.127615 0.176555 0.220731 0.257216 0.389131 0.461821 0.577697 0.822894 1.11845
BD_Bo
 0.557692 0.33707 0.406399 0.475867 0.504164 0.787378 1.16229 1.35958 1.14098 1.14642 1.10073 0.760069 0.469677 0.244617 0.105529 0.0867362 0.107943 0.14934 0.186707 0.217567 0.329149 0.390633 0.488648 0.696049 0.946044
BD_Brms
 1.91505 1.15746 1.39552 1.63407 1.73124 2.70376 3.99116 4.66862 3.91797 3.93668 3.77976 2.60998 1.61281 0.839985 0.362375 0.297842 0.370665 0.512815 0.641129 0.7471 1.13026 1.34139 1.67796 2.39015 3.2486
S_f
 0.174781 1 1 1 1
 0.174781 1 1 1 1
 0.174781 1 1 1 1
 0.174781 1 1 1 1
 0.174781 1 1 1 1
 0.174781 1 1 1 1
 0.174781 1 1 1 1
 0.174781 1 1 1 1
 0.174781 1 1 1 1
 0.174781 1 1 1 1
 0.174781 1 1 1 1
 0.174781 1 1 1 1
 0.174781 1 1 1 1
 0.174781 1 1 1 1
 0.174781 1 1 1 1
 0.174781 1 1 1 1
 0.174781 1 1 1 1
 0.174781 1 1 1 1
 0.174781 1 1 1 1
 0.174781 1 1 1 1
 0.174781 1 1 1 1
 0.174781 1 1 1 1
 0.174781 1 1 1 1
 0.174781 1 1 1 1
 0.174781 1 1 1 1
Scru_reclas
 0.960344 1 1 1 1
 0.960344 1 1 1 1
 0.960344 1 1 1 1
 0.960344 1 1 1 1
 0.960344 1 1 1 1
 0.960344 1 1 1 1
 0.960344 1 1 1 1
 0.960344 1 1 1 1
 0.960344 1 1 1 1
 0.960344 1 1 1 1
 0.960344 1 1 1 1
 0.960344 1 1 1 1
 0.960344 1 1 1 1
 0.960344 1 1 1 1
 0.960344 1 1 1 1
 0.960344 1 1 1 1
 0.960344 1 1 1 1
 0.960344 1 1 1 1
 0.960344 1 1 1 1
 0.960344 1 1 1 1
 0.960344 1 1 1 1
 0.960344 1 1 1 1
 0.960344 1 1 1 1
 0.960344 1 1 1 1
 0.960344 1 1 1 1
Scru_pelaces
 0.999991 1 1 1 1
 0.999991 1 1 1 1
 0.999991 1 1 1 1
 0.999991 1 1 1 1
 0.999991 1 1 1 1
 0.999991 1 1 1 1
 0.999991 1 1 1 1
 0.999991 1 1 1 1
 0.999991 1 1 1 1
 0.999991 1 1 1 1
 0.999991 1 1 1 1
 0.999991 1 1 1 1
 0.999991 1 1 1 1
 0.999991 1 1 1 1
 0.999991 1 1 1 1
 0.999991 1 1 1 1
 0.999991 1 1 1 1
 0.999991 1 1 1 1
 0.999991 1 1 1 1
 0.999991 1 1 1 1
 0.999991 1 1 1 1
 0.999991 1 1 1 1
 0.999991 1 1 1 1
 0.999991 1 1 1 1
 0.999991 1 1 1 1
pf_obs 
 0.256992 0.487395 0.22802 0.0275931 0
 0.321318 0.546541 0.124235 0.00734118 0.000564706
 0.182869 0.594174 0.210203 0.0122559 0.00049798
 0.330522 0.361315 0.267642 0.0388342 0.00168674
 0.649043 0.306663 0.0425973 0.00169635 0
 0.582887 0.30429 0.105238 0.00758474 0
 0.465427 0.430635 0.0974691 0.00646863 0
 0.296916 0.608066 0.0921331 0.00288517 0
 0.311714 0.524322 0.152257 0.0117073 0
 0.15457 0.633149 0.183074 0.0267441 0.00246327
 0.131901 0.49318 0.331252 0.0422183 0.00144891
 0.196976 0.569456 0.194076 0.0375587 0.00193317
 0.518974 0.381816 0.0799577 0.0180837 0.00116848
 0.0928022 0.601141 0.25162 0.0475244 0.00691264
 0.122501 0.610282 0.24278 0.0234846 0.000952079
 0.383417 0.481906 0.127806 0.00687128 0
 0.0376549 0.599619 0.316969 0.0457579 0
 0.0361596 0.667082 0.258105 0.0386534 0
 0.158088 0.579412 0.248529 0.0139706 0
 0.0477256 0.309471 0.559284 0.082774 0.000745712
 0.0406174 0.521527 0.379366 0.0568643 0.0016247
 0.151134 0.462217 0.34131 0.0453401 0
 0.294876 0.26143 0.354403 0.0886775 0.000613685
 0.281977 0.475581 0.204845 0.0348837 0.00271318
 0.0841818 0.532909 0.334909 0.0458182 0.00218182
pf_pred 
 0.344812 0.462217 0.172544 0.0204172 1.00871e-05
 0.303986 0.55295 0.100927 0.0376757 0.0044604
 0.171672 0.62462 0.161837 0.0295393 0.0123323
 0.281245 0.445111 0.206348 0.053464 0.0138326
 0.302753 0.490858 0.127812 0.0592521 0.019324
 0.169857 0.59387 0.166335 0.0433111 0.0266267
 0.256895 0.422414 0.229417 0.0642564 0.0270175
 0.207792 0.539191 0.143826 0.0781132 0.0310775
 0.246889 0.478752 0.186734 0.0498102 0.0378152
 0.23428 0.528825 0.150594 0.0587382 0.027563
 0.135811 0.576855 0.19844 0.05651 0.0323843
 0.146557 0.464854 0.259387 0.0892301 0.0399719
 0.231187 0.432425 0.183224 0.102238 0.0509255
 0.204975 0.578501 0.121786 0.0516022 0.0431362
 0.290468 0.549705 0.116298 0.024483 0.0190456
 0.36175 0.544895 0.0723261 0.0153017 0.00572718
 0.228831 0.632788 0.11814 0.0156812 0.00455933
 0.248128 0.512405 0.196496 0.0366853 0.00628517
 0.245571 0.519368 0.160195 0.0614312 0.013434
 0.319729 0.46225 0.150092 0.0462947 0.0216352
 0.264078 0.555209 0.122796 0.0398717 0.0180455
 0.256393 0.509796 0.176397 0.0390139 0.018401
 0.299758 0.476931 0.153096 0.0529733 0.0172422
 0.250002 0.546877 0.138344 0.0444088 0.0203675
 0.101078 0.607984 0.212143 0.0536663 0.0251279
pobs_RECLAS
 0 0 0 0 0
 0 0 0 0 0
 0 0 0 0 0
 0 0 0 0 0
 0.835266 0.146461 0.0176864 0.000547809 3.91292e-05
 0.385257 0.428462 0.181853 0.0044286 0
 0.867414 0.0963971 0.0333333 0.00285562 0
 0.441836 0.489002 0.0689373 0.000224442 0
 0.779404 0.147425 0.0564933 0.0165055 0.000172143
 0.814271 0.122319 0.05973 0.00367925 0
 0.40263 0.566651 0.0304383 0.000280538 0
 0.475488 0.404961 0.113038 0.00651328 0
 0.955842 0.0263864 0.0167828 0.000988607 0
 0.975058 0.0227948 0.00214734 0 0
 0.738997 0.206755 0.0527124 0.00153531 0
 0.850938 0.134255 0.0134407 0.00136685 0
 0.542534 0.407297 0.0501686 0 0
 0.764087 0.199537 0.0359546 0.000420521 0
 0.470689 0.182191 0.310203 0.0369168 0
 0.84361 0.089868 0.0606195 0.00523954 0.000663233
 0.607945 0.314616 0.071237 0.00620181 0
 0.523733 0.453247 0.0230204 0 0
 0.530135 0.295979 0.169645 0.0042399 0
 0.562478 0.366248 0.0663022 0.0049721 0
 0.250443 0.683176 0.0655157 0.000865301 0
ppred_RECLAS
 0.749723 0.176564 0.0659105 0.00779925 3.85319e-06
 0.711569 0.229145 0.0418246 0.0156129 0.00184841
 0.544238 0.343678 0.0890458 0.0162531 0.00678549
 0.684024 0.195678 0.0907137 0.0235036 0.00608102
 0.704906 0.207745 0.0540937 0.0250771 0.00817845
 0.532842 0.334197 0.0936038 0.0243731 0.014984
 0.657059 0.194943 0.105875 0.0296541 0.0124685
 0.595001 0.27565 0.073528 0.0399337 0.0158877
 0.648225 0.223623 0.0872226 0.0232661 0.0176633
 0.631027 0.254822 0.0725657 0.0283038 0.0132816
 0.473766 0.351266 0.120837 0.0344108 0.0197199
 0.495147 0.274984 0.15344 0.0527839 0.0236453
 0.639922 0.202528 0.085814 0.0478839 0.0238512
 0.628126 0.270595 0.0569654 0.024137 0.020177
 0.732195 0.20748 0.0438956 0.00924086 0.00718857
 0.766531 0.19932 0.0264566 0.00559728 0.00209497
 0.627374 0.305761 0.0570849 0.00757712 0.00220305
 0.649149 0.239107 0.0916921 0.0171187 0.00293289
 0.645082 0.244335 0.0753634 0.0289001 0.00631999
 0.724193 0.187413 0.0608526 0.0187696 0.00877171
 0.66501 0.252729 0.0558965 0.0181495 0.00821428
 0.656606 0.235421 0.0814591 0.0180164 0.0084975
 0.704029 0.201584 0.0647089 0.0223902 0.00728774
 0.649304 0.255718 0.0646894 0.0207654 0.00952379
 0.38424 0.416468 0.145318 0.0367613 0.0172126
pobs_PELACES
 0 0 0 0 0
 0 0 0 0 0
 0 0 0 0 0
 0 0 0 0 0
 0 0 0 0 0
 0 0 0 0 0
 0 0 0 0 0
 0 0 0 0 0
 0 0 0 0 0
 0 0 0 0 0
 0.450072 0.473896 0.0757376 0.000293798 0
 0 0 0 0 0
 0.463077 0.371075 0.160297 0.00555027 0
 0.529543 0.364841 0.0842815 0.0213345 0
 0.631943 0.363953 0.00410389 0 0
 0.735681 0.248677 0.0153453 0.000297389 0
 0.695825 0.281241 0.0229344 0 0
 0.275771 0.60734 0.115278 0.00161068 0
 0 0 0 0 0
 0.896147 0.0623911 0.0374545 0.00400742 0
 0.803859 0.145111 0.0509908 3.86294e-05 0
 0.739449 0.233085 0.0266225 0.000797448 4.60066e-05
 0.878498 0.100942 0.0204185 0.000141795 0
 0.694673 0.275183 0.0284847 0.00165964 0
 0.469039 0.446079 0.0841089 0.000773354 0
ppred_PELACES
 0.782293 0.153586 0.057333 0.00678427 3.35174e-06
 0.742743 0.204379 0.0373042 0.0139255 0.00164863
 0.597523 0.303497 0.078635 0.0143528 0.00599216
 0.700181 0.185672 0.0860751 0.0223018 0.00577007
 0.714658 0.200879 0.052306 0.0242484 0.00790817
 0.559791 0.314918 0.0882041 0.0229671 0.0141196
 0.675723 0.184333 0.100113 0.0280402 0.0117899
 0.625273 0.255046 0.0680321 0.0369488 0.0147002
 0.679523 0.203727 0.0794624 0.0211961 0.0160918
 0.658403 0.235916 0.0671818 0.0262038 0.0122962
 0.524059 0.317695 0.109288 0.0311221 0.0178352
 0.543118 0.248855 0.13886 0.0477684 0.0213986
 0.702215 0.167492 0.0709685 0.0396002 0.0197251
 0.732484 0.194658 0.0409793 0.0173635 0.0145148
 0.82055 0.139028 0.0294134 0.00619209 0.0048169
 0.805532 0.166024 0.0220371 0.00466227 0.00174501
 0.666621 0.273557 0.0510724 0.00677905 0.00197101
 0.678345 0.21921 0.0840619 0.0156942 0.00268883
 0.67104 0.226465 0.0698514 0.0267864 0.00585776
 0.747019 0.171903 0.0558165 0.0172162 0.00804578
 0.681648 0.240177 0.0531204 0.0172481 0.00780631
 0.67589 0.2222 0.0768844 0.0170046 0.00802029
 0.723533 0.1883 0.0604446 0.0209147 0.00680747
 0.670319 0.240394 0.0608129 0.0195211 0.00895309
 0.405715 0.401944 0.14025 0.0354792 0.0166123
pobs_pel_tallas
 0 0 0 0 0 0 0 0 0 0 0 0 0 0 0 0 0 0 0 0 0 0 0 0 0 0 0 0 0 0 0 0 0 0 0 0
 0 0 0 0 0 0 0 0 0 0 0 0 0 0 0 0 0 0 0 0 0 0 0 0 0 0 0 0 0 0 0 0 0 0 0 0
 0 0 0 0 0 0 0 0 0 0 0 0 0 0 0 0 0 0 0 0 0 0 0 0 0 0 0 0 0 0 0 0 0 0 0 0
 0 0 0 0 0 0 0 0 0 0 0 0 0 0 0 0 0 0 0 0 0 0 0 0 0 0 0 0 0 0 0 0 0 0 0 0
 0 0 0 0 0 0 0 0 0 0 0 0 0 0 0 0 0 0 0 0 0 0 0 0 0 0 0 0 0 0 0 0 0 0 0 0
 0 0 0 0 0 0 0 0 0 0 0 0 0 0 0 0 0 0 0 0 0 0 0 0 0 0 0 0 0 0 0 0 0 0 0 0
 0 0 0 0 0 0 0 0 0 0 0 0 0 0 0 0 0 0 0 0 0 0 0 0 0 0 0 0 0 0 0 0 0 0 0 0
 0 0 0 0 0 0 0 0 0 0 0 0 0 0 0 0 0 0 0 0 0 0 0 0 0 0 0 0 0 0 0 0 0 0 0 0
 0 0 0 0 0 0 0 0 0 0 0 0 0 0 0 0 0 0 0 0 0 0 0 0 0 0 0 0 0 0 0 0 0 0 0 0
 0 0 0 0 0 0 0 0 0 0 0 0 0 0 0 0 0 0 0 0 0 0 0 0 0 0 0 0 0 0 0 0 0 0 0 0
 0 0 0 0 0 0 0 0 1.78061e-05 0.00172719 0.00360574 0.0105946 0.0120993 0.0124554 0.0147524 0.0171206 0.0266825 0.0428682 0.0675386 0.121331 0.153587 0.119568 0.100827 0.0573624 0.0630603 0.0341343 0.0324427 0.0444173 0.0211091 0.0280891 0.0125444 0.00206551 0 0 0 0
 0 0 0 0 0 0 0 0 0 0 0 0 0 0 0 0 0 0 0 0 0 0 0 0 0 0 0 0 0 0 0 0 0 0 0 0
 0 0 0 0 0 0 0.0133647 0.0140871 0.0187388 0.0205184 0.03894 0.0496705 0.03968 0.0493445 0.0407372 0.0367815 0.0215668 0.0243155 0.0234873 0.0199281 0.019796 0.0243948 0.0301388 0.0376714 0.0412746 0.0863199 0.0771752 0.113111 0.0741005 0.0525337 0.0229764 0.00759418 0.00175318 0 0 0
 0 0 0 0 0 0 0 0 0 0 0.00219441 0.00772107 0.0458388 0.0604681 0.0671733 0.0775358 0.0609151 0.0617685 0.073594 0.0568108 0.0755445 0.0548602 0.0670107 0.0636378 0.0643287 0.046367 0.0373049 0.0286899 0.0247887 0.0153202 0.00654259 0.00121912 0.000365735 0 0 0
 0 0 0 0 0 0 0 0 0 0 0 0 0.000112435 0.00938835 0.0111873 0.0202946 0.0414886 0.0713402 0.111592 0.104902 0.108894 0.110636 0.117776 0.105296 0.107544 0.0401394 0.0192827 0.0124803 0.00416011 0.0028671 0.000618394 0 0 0 0 0
 0 0 0 0 0 0 0 0 0 0 0.00291406 0.0102884 0.027416 0.0768956 0.0749926 0.110853 0.0956884 0.0897413 0.0766577 0.0534642 0.0500743 0.0551293 0.0594112 0.0620874 0.0668451 0.0424026 0.0208742 0.0120726 0.0048766 0.00582813 0.00118941 0.000297354 0 0 0 0
 0 0.00264628 0.0354308 0.0461629 0.0458689 0.0383711 0.0214643 0.0164657 0.0346957 0.0420465 0.0363128 0.0245516 0.0311673 0.0291091 0.0169068 0.0133784 0.00837989 0.0085269 0.0148486 0.0160247 0.0276389 0.0546898 0.0760071 0.122758 0.109233 0.0665981 0.0333725 0.0166128 0.00676272 0.00308733 0.000882094 0 0 0 0 0
 0 0 0 0 0 0 0 0.000805153 0.000690131 0.00759144 0.0133425 0.0154129 0.00931677 0.000345066 0.00356568 0.00563607 0.00851162 0.0253048 0.0502646 0.0516448 0.0657925 0.0565908 0.0611916 0.0827007 0.0866115 0.110766 0.145733 0.0935128 0.0569358 0.0249597 0.0138026 0.00621118 0.00161031 0.00115022 0 0
 0 0 0 0 0 0 0 0 0 0 0 0 0 0 0 0 0 0 0 0 0 0 0 0 0 0 0 0 0 0 0 0 0 0 0 0
 0.00147267 0.00158595 0.00478618 0.00569244 0.00954404 0.0108468 0.00647125 0.017049 0.0510054 0.094081 0.124002 0.0959785 0.0687766 0.0820023 0.061753 0.0591476 0.0492212 0.0479892 0.0443925 0.0268479 0.0217502 0.0140895 0.0121071 0.0120363 0.00920419 0.00665534 0.0049561 0.00860946 0.00930331 0.0156896 0.0114698 0.00855282 0.00243557 0.00046729 0 2.83206e-05
 0 0 0 0 0.000772559 0.00158375 0.000888443 0.00281984 0.00712685 0.0440552 0.0773331 0.111326 0.0921469 0.0852325 0.0710754 0.0886704 0.0786465 0.0553345 0.0373146 0.0185414 0.00753245 0.00457741 0.012979 0.0271748 0.0457355 0.0583668 0.034881 0.0177882 0.00938659 0.00492506 0.0015258 0.00185414 0.000309023 5.79419e-05 3.86279e-05 0
 0 0.00173294 0.00326652 0 0.00397197 0.00683976 0.00946217 0.0152591 0.00757587 0.0136028 0.0228656 0.0392903 0.0559909 0.0764795 0.0681675 0.0726916 0.0566044 0.0477403 0.0527397 0.0444891 0.0609904 0.0582453 0.0661739 0.0445044 0.0529084 0.0360697 0.0280645 0.0235558 0.0158879 0.00826598 0.00280645 0.00217768 0.000904811 0.00058276 9.20147e-05 0
 0 0 0 0 0 0 0 0 0 0 0 0 0 0 0 0 0 0 0 0 0 0 0 0 0 0 0 0 0 0 0 0 0 0 0 0
 0 0 0 0 0 0 0 0 0 0 0 0 0 0 0 0 0 0 0 0 0 0 0 0 0 0 0 0 0 0 0 0 0 0 0 0
 0 0 0 0 0 0 0 0 0 0 0 0 0 0 0 0 0 0 0 0 0 0 0 0 0 0 0 0 0 0 0 0 0 0 0 0
ppred_pel_tallas
 1.01098e-16 3.41306e-05 0.000200324 0.000952258 0.00366626 0.0114329 0.0288786 0.0590892 0.0979462 0.131537 0.143132 0.126237 0.090332 0.0526521 0.0254292 0.0109914 0.00560244 0.00486789 0.00609591 0.00810688 0.0104225 0.0127589 0.014857 0.0164752 0.0174303 0.0176357 0.0171168 0.0159969 0.0144602 0.0127058 0.0109069 0.00918819 0.00762082 0.00623262 0.00502433 0.00398461
 1.01152e-16 3.24081e-05 0.000190206 0.000904148 0.00348101 0.0108552 0.0274194 0.056104 0.0929995 0.124899 0.135922 0.119911 0.0858747 0.0501949 0.0245055 0.0110407 0.00627623 0.00605376 0.00781422 0.0104088 0.0133261 0.0162147 0.0187356 0.0205751 0.0215044 0.0214309 0.0204173 0.0186588 0.0164295 0.014016 0.0116595 0.00952258 0.00768397 0.00615439 0.00490291 0.0038822
 1.01989e-16 2.60799e-05 0.000153045 0.000727459 0.00280068 0.00873358 0.0220605 0.0451401 0.0748297 0.10051 0.109415 0.096608 0.069365 0.0409056 0.0206443 0.0104445 0.00753653 0.00862381 0.0116575 0.0156642 0.0201131 0.0245383 0.0284466 0.0313697 0.0329596 0.0330655 0.0317635 0.0293252 0.0261401 0.02262 0.019116 0.0158702 0.0130077 0.0105587 0.00849523 0.00676539
 1.02319e-16 3.05515e-05 0.000179308 0.00085234 0.00328154 0.0102332 0.0258482 0.0528891 0.0876704 0.117742 0.128133 0.11304 0.0809543 0.0473203 0.0231064 0.0104219 0.00594984 0.00577945 0.00751187 0.0100822 0.0130291 0.0160421 0.0188169 0.0210622 0.0225504 0.0231637 0.0229129 0.0219216 0.0203845 0.0185149 0.0165 0.014476 0.0125249 0.0106869 0.00897879 0.00740988
 1.02011e-16 3.11833e-05 0.000183016 0.000869966 0.0033494 0.0104448 0.0263827 0.0539828 0.0894837 0.120177 0.130786 0.115384 0.0826418 0.0483238 0.0236273 0.0107066 0.0061761 0.00604103 0.00784523 0.0104886 0.0134824 0.0164888 0.0191789 0.0212441 0.0224539 0.0227053 0.0220423 0.0206341 0.0187253 0.0165736 0.0143963 0.0123411 0.0104819 0.00883537 0.00738551 0.00610606
 1.02804e-16 2.44351e-05 0.000143387 0.000681543 0.00262388 0.00818225 0.0206679 0.0422908 0.0701075 0.0941698 0.102521 0.09054 0.0650493 0.0384433 0.0195554 0.0101467 0.00763886 0.00895678 0.0121864 0.0164089 0.0211049 0.025802 0.0299927 0.0331926 0.0350385 0.035368 0.03425 0.0319524 0.0288631 0.0253927 0.0218899 0.0185945 0.0156299 0.0130276 0.0107645 0.00879831
 1.02996e-16 2.9485e-05 0.000173047 0.000822574 0.00316693 0.00987576 0.0249454 0.0510419 0.0846088 0.113631 0.123661 0.109099 0.0781421 0.0456967 0.022352 0.0101483 0.00589009 0.00580926 0.00759637 0.0102278 0.0132601 0.0163919 0.0193243 0.0217674 0.0234902 0.0243653 0.0243882 0.0236627 0.0223615 0.0206771 0.01878 0.0167962 0.0148057 0.0128545 0.0109723 0.0091851
 1.03006e-16 2.72879e-05 0.000160142 0.000761207 0.00293063 0.00913885 0.0230841 0.0472341 0.0782992 0.105164 0.114467 0.101034 0.0724663 0.0425807 0.021206 0.0102647 0.00683314 0.00744499 0.0099586 0.0133857 0.0172332 0.0211048 0.0245901 0.0272994 0.0289398 0.0293783 0.0286657 0.0270102 0.0247137 0.0220937 0.0194172 0.0168635 0.0145218 0.0124115 0.0105143 0.00880215
 1.02675e-16 2.96514e-05 0.000174022 0.000827207 0.00318476 0.00993137 0.0250859 0.0513295 0.0850859 0.114273 0.124364 0.109727 0.0786112 0.0460089 0.0225746 0.0103655 0.00617262 0.00620726 0.0081414 0.0109317 0.0141093 0.0173417 0.0202978 0.0226618 0.0241904 0.0247635 0.0244038 0.0232582 0.0215495 0.0195178 0.017369 0.0152479 0.0132347 0.0113605 0.00962963 0.00803902
 1.02506e-16 2.87317e-05 0.00016862 0.000801518 0.00308585 0.00962288 0.0243067 0.0497355 0.0824447 0.110729 0.120516 0.106354 0.07624 0.0447136 0.022111 0.0104413 0.0066102 0.00695597 0.00922057 0.0123739 0.0159236 0.0194929 0.0226995 0.0251806 0.0266638 0.027025 0.0263111 0.024716 0.0225219 0.0200269 0.0174835 0.0150638 0.0128559 0.0108821 0.00912759 0.00756624
 1.03558e-16 2.28771e-05 0.000134241 0.000638057 0.00245645 0.00766012 0.0193491 0.0395924 0.065635 0.0881647 0.0959899 0.0847872 0.0609494 0.0360875 0.0184819 0.00979475 0.00762691 0.00911252 0.0124675 0.0168305 0.0217028 0.0266176 0.0310667 0.0345597 0.0367227 0.0373779 0.036575 0.0345598 0.0316985 0.0283822 0.0249455 0.0216212 0.0185353 0.0157298 0.0131996 0.0109247
 1.04694e-16 2.37055e-05 0.00013911 0.00066122 0.00254566 0.00793832 0.0200517 0.0410295 0.0680151 0.091355 0.0994454 0.0877967 0.0630199 0.0371272 0.0186727 0.00934808 0.00663842 0.0075583 0.0102686 0.0139225 0.0180891 0.0224039 0.0264739 0.02991 0.0323994 0.0337656 0.0339947 0.0332156 0.0316478 0.0295365 0.0270982 0.0244922 0.0218199 0.0191425 0.0165041 0.0139493
 1.03345e-16 3.06394e-05 0.000179826 0.000854805 0.00329104 0.0102628 0.025923 0.053042 0.0879233 0.11808 0.128497 0.11335 0.0811534 0.0473903 0.0230542 0.0102525 0.00565099 0.005323 0.00686409 0.00921663 0.0119388 0.0147495 0.0173793 0.0195707 0.0211218 0.021926 0.0219876 0.0214069 0.0203426 0.0189651 0.017419 0.0158035 0.0141727 0.0125503 0.0109479 0.00938004
 1.01921e-16 3.19603e-05 0.000187578 0.000891657 0.00343292 0.0107052 0.0270406 0.0553289 0.0917145 0.123172 0.134042 0.118249 0.0846782 0.0494822 0.0241332 0.0108326 0.00610391 0.00584679 0.00754088 0.0100603 0.0129115 0.0157618 0.0182914 0.0202032 0.0212781 0.0214231 0.0206891 0.0192492 0.0173495 0.0152459 0.0131525 0.0112114 0.00948936 0.00799444 0.00670107 0.00557356
 1.00901e-16 3.57981e-05 0.000210115 0.00099881 0.0038455 0.0119919 0.0302905 0.0619779 0.102734 0.137964 0.150119 0.132386 0.0946999 0.0551339 0.0265072 0.011249 0.0054271 0.00442055 0.00539982 0.0071307 0.0091263 0.0111153 0.0128614 0.01415 0.014824 0.0148183 0.0141729 0.0130171 0.0115343 0.00991644 0.00832557 0.00687154 0.0056083 0.00454471 0.00366207 0.00293098
 1.00609e-16 3.51444e-05 0.000206274 0.000980545 0.00377517 0.0117725 0.0297365 0.0608446 0.100856 0.135445 0.147385 0.12999 0.0930213 0.0542269 0.0262024 0.0113443 0.00580354 0.00505012 0.00630369 0.00833689 0.0106413 0.0129076 0.0148553 0.0162295 0.0168476 0.0166405 0.0156681 0.0141001 0.0121707 0.0101236 0.00816276 0.00642483 0.00497354 0.00381306 0.00291002 0.00221551
 1.0114e-16 2.90916e-05 0.000170729 0.000811539 0.00312441 0.00974315 0.0246106 0.0503574 0.0834766 0.112118 0.122035 0.107711 0.0772507 0.0453816 0.0225802 0.0108923 0.00719442 0.00778224 0.0103607 0.0138614 0.0177428 0.0215663 0.0248823 0.0272703 0.0284239 0.0282206 0.026748 0.024273 0.0211706 0.0178331 0.0145924 0.0116741 0.00918936 0.00715481 0.00552782 0.00424037
 1.0193e-16 2.96007e-05 0.000173723 0.000825782 0.00317927 0.00991423 0.0250426 0.0512411 0.0849398 0.114078 0.124155 0.109552 0.0785045 0.0459843 0.0226329 0.0105103 0.00641885 0.00657982 0.00866735 0.0116306 0.0149837 0.0183694 0.0214282 0.0238172 0.0252745 0.0256737 0.0250466 0.0235624 0.0214764 0.0190641 0.0165652 0.0141513 0.0119206 0.00991241 0.00813035 0.00656368
 1.0226e-16 2.92824e-05 0.000171854 0.000816894 0.00314505 0.00980751 0.0247731 0.0506896 0.0840259 0.112851 0.122823 0.108381 0.0776761 0.0455209 0.0224452 0.0104905 0.00649696 0.00672827 0.00888271 0.0119159 0.0153382 0.0187839 0.0218843 0.0242896 0.0257356 0.0261001 0.0254246 0.023892 0.021771 0.019347 0.0168638 0.01449 0.0123148 0.0103653 0.00863277 0.00709642
 1.01816e-16 3.25932e-05 0.000191296 0.000909336 0.00350099 0.0109175 0.0275768 0.0564258 0.0935321 0.125611 0.13669 0.120571 0.0863098 0.0503735 0.024452 0.0107805 0.00580362 0.0053342 0.00680447 0.00908035 0.0116854 0.0143177 0.0166931 0.0185453 0.0196728 0.0199815 0.0195011 0.0183681 0.0167842 0.0149641 0.0130912 0.0112927 0.00963628 0.0081433 0.00680848 0.00561781
 1.0179e-16 2.97455e-05 0.000174571 0.00082981 0.00319478 0.00996258 0.0251648 0.0514911 0.0853548 0.114637 0.124768 0.110102 0.0789181 0.0462665 0.0228452 0.01073 0.00671204 0.00699437 0.00923341 0.0123578 0.0158547 0.0193341 0.022403 0.0246929 0.025932 0.0260052 0.024977 0.0230658 0.0205816 0.0178495 0.015144 0.0126508 0.0104612 0.00859154 0.00701259 0.00567868
 1.02123e-16 2.94938e-05 0.000173095 0.000822795 0.00316777 0.00987837 0.0249521 0.0510558 0.0846327 0.113666 0.123708 0.109159 0.0782267 0.0458297 0.0225717 0.0105067 0.00644958 0.00663579 0.00874722 0.0117346 0.0151101 0.0185129 0.0215799 0.0239658 0.0254086 0.0257848 0.0251316 0.0236252 0.0215274 0.0191184 0.0166395 0.0142602 0.0120734 0.0101113 0.00837035 0.00683368
 1.01957e-16 3.15698e-05 0.000185286 0.000880762 0.00339097 0.0105744 0.0267102 0.0546527 0.0905937 0.121667 0.132403 0.116803 0.0836403 0.048872 0.0238291 0.0106866 0.0060112 0.00575518 0.00743307 0.00993886 0.0127926 0.0156733 0.0182716 0.0202959 0.0215257 0.0218582 0.0213259 0.0200789 0.0183383 0.0163396 0.0142839 0.0123108 0.0104946 0.00885879 0.00739754 0.00609551
 1.02031e-16 2.92515e-05 0.000171671 0.000816023 0.00314169 0.00979704 0.0247466 0.0506356 0.0839368 0.112733 0.122697 0.108277 0.0776171 0.0455176 0.0225013 0.0106127 0.0066992 0.00703046 0.00930422 0.0124678 0.0160157 0.0195606 0.0227105 0.0250958 0.0264414 0.0266271 0.0257104 0.023901 0.0215006 0.0188267 0.016148 0.0136478 0.0114185 0.00948042 0.00781111 0.00637297
 1.04118e-16 1.77203e-05 0.000103957 0.00049407 0.00190203 0.00593117 0.014982 0.0306577 0.0508282 0.06829 0.07439 0.0658002 0.0475012 0.0285286 0.0153552 0.00934188 0.00870578 0.0112837 0.0157066 0.0212538 0.0274069 0.0336004 0.0391943 0.0435673 0.0462452 0.0470029 0.0459045 0.0432641 0.0395496 0.0352619 0.0308314 0.02656 0.0226127 0.0190471 0.0158584 0.0130199
pSPR Fmed_Fpbrs
0.616291   0.341216 0.341216
Fs Fmed_Fpbrs
0.32727   1.005 1.005
SSBpbr Bo_Bmed_Bpbrs
1.07829e+06  610628  314016 314016
Ro
44355.9
SPR SPRFo_SPRFmed_SPRFpbrs
912081 562107 311217
log_Ro
10.52
likeval ReclasPelacesDesembMPH_pf_preclas_ppelaces_ptallas_desvR_qrecl_qpela
 61.111 18.2793 0.0111254 0.000222977 314.207 193.816 77.5994 0 15.5735 4.0011e-05 2.67623e-05 0 0 0 0
q_reclas_q_pelaces
0.408061 2.08756
M
0.7
N
 47666.1 13358.1 4986.51 590.058 0.291516
 58558 21615.4 3945.36 1472.78 174.362
 34007.4 26978.8 6990.12 1275.87 532.663
 51996.3 15071.3 6986.85 1810.27 468.366
 88255.8 25240.9 6572.36 3046.86 993.677
 65319.2 43633.1 12221 3182.17 1956.33
 102008 31045.4 16861 4722.53 1985.65
 97067.8 49260.3 13139.9 7136.39 2839.23
 118282 45588.8 17781.6 4743.14 3600.93
 126011 55090.2 15688.1 6119.02 2871.37
 65461.2 59477.4 20460.4 5826.53 3339.02
 43672.3 29317.9 16359.3 5627.65 2520.99
 44832.3 19673 8335.71 4651.3 2316.84
 23554.1 19055.6 4011.58 1699.76 1420.89
 15780.2 8804.09 1862.64 392.121 305.035
 17309.1 5781.36 767.384 162.351 60.7656
 13302.6 7599.12 1418.74 188.315 54.7527
 14965.6 6071.14 2328.14 434.659 74.4687
 17209.5 7012.68 2163.01 829.465 181.391
 29164.7 8144.63 2644.55 815.692 381.203
 35808.3 13784.7 3048.79 989.937 448.035
 47069.4 17384.7 6015.35 1330.42 627.499
 75912.9 22689.8 7283.45 2520.18 820.287
 88761.3 36388.7 9205.31 2954.92 1355.24
 37971.8 42598.1 14863.7 3760.1 1760.57
pred_Ctot
 2991.54 4010.13 1496.96 177.137 0.0875138
 3054.78 5556.64 1014.23 378.606 44.8229
 2647.71 9633.6 2496.03 455.588 190.203
 840.656 1330.46 616.785 159.807 41.3464
 280.218 454.321 118.298 54.8416 17.8856
 2019.89 7062.12 1978 515.042 316.636
 2023.83 3327.8 1807.36 506.215 212.845
 3797.3 9853.45 2628.35 1427.48 567.926
 5301.41 10280.1 4009.7 1069.56 811.998
 4499.25 10155.9 2892.1 1128.04 529.337
 4646.32 19735.2 6788.99 1933.3 1107.92
 2933.2 9303.6 5191.37 1785.85 799.999
 4686.94 8766.73 3714.58 2072.72 1032.43
 4258.02 12017.4 2529.9 1071.95 896.085
 3028.35 5731.08 1212.5 255.254 198.565
 1453.17 2188.87 290.538 61.4677 23.0064
 778.196 2151.95 401.765 53.328 15.5051
 608.877 1257.38 482.177 90.0213 15.423
 582.876 1232.74 380.232 145.81 31.8863
 1013.75 1465.64 475.89 146.785 68.598
 575.971 1210.95 267.827 86.9628 39.3585
 992.623 1973.67 682.918 151.042 71.2394
 1898.95 3021.34 969.857 335.584 109.228
 2146.79 4696.08 1187.98 381.342 174.898
 854.261 5138.38 1792.93 453.561 212.369
F
 0.0908132 0.519582 0.519582 0.519582 0.519582
 0.0749655 0.42891 0.42891 0.42891 0.42891
 0.113787 0.651022 0.651022 0.651022 0.651022
 0.0227075 0.129919 0.129919 0.129919 0.129919
 0.00442358 0.0253092 0.0253092 0.0253092 0.0253092
 0.0438372 0.250812 0.250812 0.250812 0.250812
 0.0279295 0.159797 0.159797 0.159797 0.159797
 0.055747 0.318953 0.318953 0.318953 0.318953
 0.0641032 0.366762 0.366762 0.366762 0.366762
 0.0507701 0.290478 0.290478 0.290478 0.290478
 0.103261 0.590802 0.590802 0.590802 0.590802
 0.0974665 0.557648 0.557648 0.557648 0.557648
 0.155566 0.890063 0.890063 0.890063 0.890063
 0.284084 1.62537 1.62537 1.62537 1.62537
 0.304117 1.73999 1.73999 1.73999 1.73999
 0.123198 0.70487 0.70487 0.70487 0.70487
 0.0844127 0.482962 0.482962 0.482962 0.482962
 0.0580353 0.332045 0.332045 0.332045 0.332045
 0.0481033 0.27522 0.27522 0.27522 0.27522
 0.0493957 0.282614 0.282614 0.282614 0.282614
 0.02259 0.129247 0.129247 0.129247 0.129247
 0.0297103 0.169985 0.169985 0.169985 0.169985
 0.0353291 0.202133 0.202133 0.202133 0.202133
 0.0341408 0.195334 0.195334 0.195334 0.195334
 0.0317231 0.181502 0.181502 0.181502 0.181502
YTP_r0W_actual
 9567.73 113044 59166.7 18641.4 9089.38
YTP_p0W_proyectada
 35563.4 188542 265479 120839 49389.6
 35563.4 153716 49966.1 62950.2 29657
CTP_r0_actual
 854.261 5138.38 1792.93 453.561 212.369
CTP_p0_proyectada
 4183.93 8810.35 8508.93 2969.01 1062.14
 4183.93 7182.99 1601.48 1546.69 637.784
Wmedp
 8.5 21.4 31.2 40.7 46.5
nmprior
 10.6 11 7 0
nm_flota  nm_reclas  nm_pelaces    nm_pelaL
inf 16.8579 18.8425 45.4653
cv_recla  cv_pelaces  cv_mph
0.707106 0.484788 0.484471
 ------------------------------------------------
Talla a la edad & desviaci?n 
 7.2 14.2025 17.0495 18.207 18.6776
 1.08 2.13037 2.55742 2.73105 2.80164
