years
 1997 1998 1999 2000 2001 2002 2003 2004 2005 2006 2007 2008 2009 2010 2011 2012 2013 2014 2015 2016 2017 2018 2019 2020 2021
reclasobs
 0 0 0 370054 412103 1.49427e+06 250295 1.28982e+06 931140 785840 897777 1.04006e+06 184774 17550 25797 100020 73551 82996 120727 218422 84188 347160 605670 569463 516374
reclaspred
 456205 133041 445382 318844 428419 504212 1.07795e+06 683319 711972 603668 462474 307663 187393 86457.6 61560.9 64624.9 83783.5 117241 125954 179854 256187 233395 406648 522567 623278
pelacesobs
 0 0 0 0 0 0 0 0 0 2.06254e+06 1.5e+06 0 1.87456e+06 323000 250000 174000 83755 137374 0 501740 490994 745055 786931 1.00524e+06 1.33801e+06
pelacespred
 1.89738e+06 497691 993535 1.09817e+06 1.24746e+06 1.24899e+06 2.90768e+06 2.38971e+06 2.15408e+06 1.86159e+06 1.28099e+06 876129 524941 200335 140093 158525 215104 306012 340207 470416 744272 667394 913298 1.39048e+06 1.67431e+06
mphobs
 0 0 0 0 0 112323 0 153150 637223 0 255016 313432 73983 77613 109348 50772 0 0 0 0 0 0 0 0 0
mphpred
 164210 111182 145471 194683 189428 273392 409245 466571 378987 356285 311401 214296 131389 68478.9 33014.4 29126.6 36695.2 52365.6 66502 77346.6 114362 133519 167349 240309 334855
desembarqueobs
 350755 77701 442110 56441 14545 235359 269955 359681 431902 328805 639364 411747 362871 311530 167758 66681 60226 58785 57116 73181 50977 67692 138656 160484 209506
desembarquepred
 350767 77705.2 442161 56443.1 14545.1 235399 269986 359718 431988 328874 639760 412093 363348 312109 167837 66698.6 60249.1 58789.2 57114.8 73185.1 50978.8 67689.7 138662 160493 209511
Reclutas
 69904.2 86849 55427.3 80226.5 131837 99013.8 147420 127580 141756 132444 66885.7 41419.8 42126.8 23847.6 18433.7 22967.8 19271.4 22052.3 25241.8 43329.2 53953.1 70038 114522 139249 65683
log_desv_Rt
 0.154881 0.371927 -0.0771721 0.292609 0.789319 0.503014 0.901043 0.7565 0.861865 0.793914 0.110741 -0.368486 -0.351562 -0.920563 -1.17806 -0.958151 -1.13362 -0.998827 -0.863744 -0.323418 -0.10413 0.156794 0.64852 0.844016 0.0925953
SSB
 835471 565671 740128 990508 963772 1.39096e+06 2.08216e+06 2.37383e+06 1.92821e+06 1.81271e+06 1.58435e+06 1.0903e+06 668484 348408 167971 148191 186698 266426 338349 393525 581852 679322 851440 1.22265e+06 1.70368e+06
BT
 2.88567e+06 795160 1.58536e+06 1.53102e+06 1.6882e+06 1.8513e+06 4.10543e+06 3.61196e+06 3.29268e+06 2.81546e+06 2.29801e+06 1.55276e+06 1.06155e+06 568784 331924 268521 338858 458370 504334 692440 1.0433e+06 954981 1.3192e+06 1.99791e+06 2.40028e+06
Ftot
 0.357074 0.262518 0.358423 0.0664812 0.014313 0.150111 0.0943001 0.192931 0.227755 0.196534 0.435334 0.411781 0.653041 1.16537 1.0924 0.42345 0.292596 0.193573 0.160742 0.165271 0.0779906 0.103752 0.123226 0.117749 0.10659
BD_Bspro_t
 0.957441 0.802979 0.779302 0.686455 0.781761 0.872254 0.84709 0.849071 0.797257 0.753418 0.70737 0.554101 0.439155 0.323797 0.206141 0.221586 0.338549 0.507646 0.621621 0.705288 0.79454 0.855271 0.860564 0.865405 0.869632
BD_Bspro
 0.678593 0.459454 0.601153 0.804518 0.782803 1.12978 1.69119 1.92809 1.56615 1.47234 1.28685 0.885568 0.542961 0.282987 0.136431 0.120365 0.151642 0.216399 0.274817 0.319632 0.472596 0.551764 0.691564 0.993068 1.38377
BD_Bo
 0.58592 0.396708 0.519055 0.694648 0.675898 0.97549 1.46023 1.66478 1.35226 1.27126 1.11111 0.764629 0.468811 0.24434 0.117799 0.103927 0.130932 0.186846 0.237286 0.275981 0.408055 0.476411 0.597119 0.857448 1.1948
BD_Brms
 1.06531 0.721287 0.943737 1.263 1.22891 1.77362 2.65496 3.02687 2.45866 2.31139 2.0202 1.39023 0.852383 0.444255 0.214179 0.188958 0.238059 0.33972 0.431429 0.501783 0.741919 0.866203 1.08567 1.559 2.17236
S_f
 0.196481 1 1 1 1
 0.196481 1 1 1 1
 0.196481 1 1 1 1
 0.196481 1 1 1 1
 0.196481 1 1 1 1
 0.196481 1 1 1 1
 0.196481 1 1 1 1
 0.196481 1 1 1 1
 0.196481 1 1 1 1
 0.196481 1 1 1 1
 0.196481 1 1 1 1
 0.196481 1 1 1 1
 0.196481 1 1 1 1
 0.196481 1 1 1 1
 0.196481 1 1 1 1
 0.196481 1 1 1 1
 0.196481 1 1 1 1
 0.196481 1 1 1 1
 0.196481 1 1 1 1
 0.196481 1 1 1 1
 0.196481 1 1 1 1
 0.196481 1 1 1 1
 0.196481 1 1 1 1
 0.196481 1 1 1 1
 0.196481 1 1 1 1
Scru_reclas
 1 1 1 1 1
 1 1 1 1 1
 1 1 1 1 1
 1 1 1 1 1
 1 1 1 1 1
 1 1 1 1 1
 1 1 1 1 1
 1 1 1 1 1
 1 1 1 1 1
 1 1 1 1 1
 1 1 1 1 1
 1 1 1 1 1
 1 1 1 1 1
 1 1 1 1 1
 1 1 1 1 1
 1 1 1 1 1
 1 1 1 1 1
 1 1 1 1 1
 1 1 1 1 1
 1 1 1 1 1
 1 1 1 1 1
 1 1 1 1 1
 1 1 1 1 1
 1 1 1 1 1
 1 1 1 1 1
Scru_pelaces
 0.963522 1 1 1 1
 0.963522 1 1 1 1
 0.963522 1 1 1 1
 0.963522 1 1 1 1
 0.963522 1 1 1 1
 0.963522 1 1 1 1
 0.963522 1 1 1 1
 0.963522 1 1 1 1
 0.963522 1 1 1 1
 0.963522 1 1 1 1
 0.963522 1 1 1 1
 0.963522 1 1 1 1
 0.963522 1 1 1 1
 0.963522 1 1 1 1
 0.963522 1 1 1 1
 0.963522 1 1 1 1
 0.963522 1 1 1 1
 0.963522 1 1 1 1
 0.963522 1 1 1 1
 0.963522 1 1 1 1
 0.963522 1 1 1 1
 0.963522 1 1 1 1
 0.963522 1 1 1 1
 0.963522 1 1 1 1
 0.963522 1 1 1 1
pf_obs 
 0.256992 0.487395 0.22802 0.0275931 0
 0.321318 0.546541 0.124235 0.00734118 0.000564706
 0.182869 0.594174 0.210203 0.0122559 0.00049798
 0.330522 0.361315 0.267642 0.0388342 0.00168674
 0.649043 0.306663 0.0425973 0.00169635 0
 0.582887 0.30429 0.105238 0.00758474 0
 0.465427 0.430635 0.0974691 0.00646863 0
 0.296916 0.608066 0.0921331 0.00288517 0
 0.311714 0.524322 0.152257 0.0117073 0
 0.15457 0.633149 0.183074 0.0267441 0.00246327
 0.131901 0.49318 0.331252 0.0422183 0.00144891
 0.196976 0.569456 0.194076 0.0375587 0.00193317
 0.518974 0.381816 0.0799577 0.0180837 0.00116848
 0.0928022 0.601141 0.25162 0.0475244 0.00691264
 0.122501 0.610282 0.24278 0.0234846 0.000952079
 0.383417 0.481906 0.127806 0.00687128 0
 0.0376549 0.599619 0.316969 0.0457579 0
 0.0361596 0.667082 0.258105 0.0386534 0
 0.158088 0.579412 0.248529 0.0139706 0
 0.0477256 0.309471 0.559284 0.082774 0.000745712
 0.0406174 0.521527 0.379366 0.0568643 0.0016247
 0.151134 0.462217 0.34131 0.0453401 0
 0.294876 0.26143 0.354403 0.0886775 0.000613685
 0.281977 0.475581 0.204845 0.0348837 0.00271318
 0.0841818 0.532909 0.334909 0.0458182 0.00218182
pf_pred 
 0.382517 0.436292 0.162095 0.0190873 9.69484e-06
 0.31269 0.541645 0.102921 0.0382381 0.00450499
 0.178501 0.594038 0.179254 0.0340611 0.0141455
 0.262624 0.41749 0.231315 0.0698003 0.0187713
 0.3013 0.455068 0.137941 0.0764274 0.0292645
 0.177751 0.56601 0.166891 0.050588 0.0387612
 0.253287 0.403846 0.236018 0.0695911 0.0372574
 0.193467 0.518645 0.155699 0.0909946 0.0411944
 0.220162 0.445584 0.214944 0.0645268 0.0547835
 0.202798 0.489939 0.175564 0.0846897 0.0470093
 0.123612 0.513656 0.222925 0.0798827 0.0599239
 0.125551 0.409059 0.272767 0.11838 0.0742416
 0.202618 0.374292 0.197918 0.131975 0.0931976
 0.189303 0.517144 0.137794 0.0728628 0.0828964
 0.268788 0.496007 0.150037 0.0399776 0.0451898
 0.349429 0.495434 0.105235 0.0318325 0.0180695
 0.234771 0.588422 0.134645 0.0286 0.013562
 0.247466 0.482443 0.207686 0.0475238 0.0148813
 0.243366 0.489086 0.171522 0.0738385 0.0221868
 0.321405 0.432824 0.158865 0.055714 0.031191
 0.27418 0.524131 0.128642 0.0472173 0.0258295
 0.264756 0.489463 0.177484 0.0435615 0.0247355
 0.311951 0.452477 0.156824 0.0568659 0.0218824
 0.267046 0.519887 0.140118 0.0485634 0.0243859
 0.115986 0.584946 0.21213 0.0571725 0.0297656
pobs_RECLAS
 0 0 0 0 0
 0 0 0 0 0
 0 0 0 0 0
 0 0 0 0 0
 0.835266 0.146461 0.0176864 0.000547809 3.91292e-05
 0.385257 0.428462 0.181853 0.0044286 0
 0.867414 0.0963971 0.0333333 0.00285562 0
 0.441836 0.489002 0.0689373 0.000224442 0
 0.779404 0.147425 0.0564933 0.0165055 0.000172143
 0.814271 0.122319 0.05973 0.00367925 0
 0.40263 0.566651 0.0304383 0.000280538 0
 0.475488 0.404961 0.113038 0.00651328 0
 0.955842 0.0263864 0.0167828 0.000988607 0
 0.975058 0.0227948 0.00214734 0 0
 0.738997 0.206755 0.0527124 0.00153531 0
 0.850938 0.134255 0.0134407 0.00136685 0
 0.542534 0.407297 0.0501686 0 0
 0.764087 0.199537 0.0359546 0.000420521 0
 0.470689 0.182191 0.310203 0.0369168 0
 0.84361 0.089868 0.0606195 0.00523954 0.000663233
 0.607945 0.314616 0.071237 0.00620181 0
 0.523733 0.453247 0.0230204 0 0
 0.530135 0.295979 0.169645 0.0042399 0
 0.562478 0.366248 0.0663022 0.0049721 0
 0.250443 0.683176 0.0655157 0.000865301 0
ppred_RECLAS
 0.763118 0.167373 0.0621836 0.00732239 3.71919e-06
 0.70151 0.23523 0.0446974 0.0166063 0.00195646
 0.530536 0.339477 0.102439 0.019465 0.00808379
 0.645216 0.200873 0.111296 0.033584 0.00903171
 0.687132 0.203773 0.0617677 0.0342231 0.0131042
 0.525823 0.326408 0.0962429 0.0291732 0.0223529
 0.634312 0.197775 0.115585 0.0340808 0.0182461
 0.552301 0.287895 0.0864271 0.0505103 0.0228666
 0.592684 0.232732 0.112267 0.0337029 0.0286139
 0.566831 0.266214 0.0953949 0.0460172 0.0255431
 0.424601 0.337245 0.146363 0.0524476 0.0393435
 0.428497 0.267344 0.17827 0.0773684 0.0485213
 0.575395 0.19931 0.105391 0.0702765 0.0496276
 0.56904 0.27491 0.0732501 0.0387332 0.044067
 0.673101 0.221747 0.0670763 0.0178726 0.0202028
 0.737353 0.200015 0.0424852 0.0128513 0.00729496
 0.613619 0.297107 0.0679855 0.0144408 0.00684775
 0.628426 0.238213 0.102548 0.0234655 0.00734783
 0.622778 0.243835 0.085513 0.0368124 0.0110613
 0.708605 0.185859 0.0682184 0.0239242 0.0133937
 0.658706 0.246456 0.0604899 0.0222024 0.0121455
 0.648177 0.234214 0.0849282 0.0208447 0.0118362
 0.69899 0.197951 0.0686077 0.0248778 0.00957315
 0.651024 0.24753 0.0667134 0.0231222 0.0116107
 0.401693 0.395896 0.143571 0.0386947 0.0201455
pobs_PELACES
 0 0 0 0 0
 0 0 0 0 0
 0 0 0 0 0
 0 0 0 0 0
 0 0 0 0 0
 0 0 0 0 0
 0 0 0 0 0
 0 0 0 0 0
 0 0 0 0 0
 0 0 0 0 0
 0.450072 0.473896 0.0757376 0.000293798 0
 0 0 0 0 0
 0.463077 0.371075 0.160297 0.00555027 0
 0.529543 0.364841 0.0842815 0.0213345 0
 0.631943 0.363953 0.00410389 0 0
 0.735681 0.248677 0.0153453 0.000297389 0
 0.695825 0.281241 0.0229344 0 0
 0.275771 0.60734 0.115278 0.00161068 0
 0 0 0 0 0
 0.896147 0.0623911 0.0374545 0.00400742 0
 0.803859 0.145111 0.0509908 3.86294e-05 0
 0.739449 0.233085 0.0266225 0.000797448 4.60066e-05
 0.878498 0.100942 0.0204185 0.000141795 0
 0.694673 0.275183 0.0284847 0.00165964 0
 0.469039 0.446079 0.0841089 0.000773354 0
ppred_PELACES
 0.773358 0.160137 0.0594954 0.00700584 3.55841e-06
 0.70826 0.22991 0.0436866 0.0162308 0.00191222
 0.544922 0.329074 0.0992995 0.0188685 0.00783607
 0.640732 0.203411 0.112702 0.0340084 0.00914586
 0.679915 0.208473 0.0631926 0.0350125 0.0134065
 0.526482 0.325955 0.0961092 0.0291327 0.0223219
 0.631488 0.199303 0.116478 0.034344 0.018387
 0.55576 0.285671 0.0857594 0.0501201 0.02269
 0.59828 0.229535 0.110724 0.0332398 0.0282208
 0.570498 0.26396 0.0945872 0.0456276 0.0253268
 0.443828 0.325976 0.141472 0.050695 0.0380288
 0.446219 0.259054 0.172741 0.0749692 0.0470166
 0.608235 0.183895 0.0972399 0.0648412 0.0457893
 0.634086 0.233417 0.0621942 0.0328871 0.0374158
 0.726064 0.18582 0.0562087 0.0149769 0.0169295
 0.75164 0.189135 0.0401742 0.0121523 0.00689814
 0.623158 0.289772 0.066307 0.0140843 0.00667869
 0.631728 0.236096 0.101636 0.0232569 0.00728253
 0.62406 0.243007 0.0852223 0.0366872 0.0110237
 0.709978 0.184983 0.0678967 0.0238114 0.0133306
 0.654992 0.249138 0.0611483 0.0224441 0.0122777
 0.645974 0.235681 0.0854601 0.0209752 0.0119104
 0.698046 0.198572 0.068823 0.0249559 0.00960319
 0.649674 0.248488 0.0669715 0.0232116 0.0116556
 0.399557 0.397309 0.144084 0.0388329 0.0202175
pobs_pel_tallas
 0 0 0 0 0 0 0 0 0 0 0 0 0 0 0 0 0 0 0 0 0 0 0 0 0 0 0 0 0 0 0 0 0 0 0 0
 0 0 0 0 0 0 0 0 0 0 0 0 0 0 0 0 0 0 0 0 0 0 0 0 0 0 0 0 0 0 0 0 0 0 0 0
 0 0 0 0 0 0 0 0 0 0 0 0 0 0 0 0 0 0 0 0 0 0 0 0 0 0 0 0 0 0 0 0 0 0 0 0
 0 0 0 0 0 0 0 0 0 0 0 0 0 0 0 0 0 0 0 0 0 0 0 0 0 0 0 0 0 0 0 0 0 0 0 0
 0 0 0 0 0 0 0 0 0 0 0 0 0 0 0 0 0 0 0 0 0 0 0 0 0 0 0 0 0 0 0 0 0 0 0 0
 0 0 0 0 0 0 0 0 0 0 0 0 0 0 0 0 0 0 0 0 0 0 0 0 0 0 0 0 0 0 0 0 0 0 0 0
 0 0 0 0 0 0 0 0 0 0 0 0 0 0 0 0 0 0 0 0 0 0 0 0 0 0 0 0 0 0 0 0 0 0 0 0
 0 0 0 0 0 0 0 0 0 0 0 0 0 0 0 0 0 0 0 0 0 0 0 0 0 0 0 0 0 0 0 0 0 0 0 0
 0 0 0 0 0 0 0 0 0 0 0 0 0 0 0 0 0 0 0 0 0 0 0 0 0 0 0 0 0 0 0 0 0 0 0 0
 0 0 0 0 0 0 0 0 0 0 0 0 0 0 0 0 0 0 0 0 0 0 0 0 0 0 0 0 0 0 0 0 0 0 0 0
 0 0 0 0 0 0 0 0 1.78061e-05 0.00172719 0.00360574 0.0105946 0.0120993 0.0124554 0.0147524 0.0171206 0.0266825 0.0428682 0.0675386 0.121331 0.153587 0.119568 0.100827 0.0573624 0.0630603 0.0341343 0.0324427 0.0444173 0.0211091 0.0280891 0.0125444 0.00206551 0 0 0 0
 0 0 0 0 0 0 0 0 0 0 0 0 0 0 0 0 0 0 0 0 0 0 0 0 0 0 0 0 0 0 0 0 0 0 0 0
 0 0 0 0 0 0 0.0133647 0.0140871 0.0187388 0.0205184 0.03894 0.0496705 0.03968 0.0493445 0.0407372 0.0367815 0.0215668 0.0243155 0.0234873 0.0199281 0.019796 0.0243948 0.0301388 0.0376714 0.0412746 0.0863199 0.0771752 0.113111 0.0741005 0.0525337 0.0229764 0.00759418 0.00175318 0 0 0
 0 0 0 0 0 0 0 0 0 0 0.00219441 0.00772107 0.0458388 0.0604681 0.0671733 0.0775358 0.0609151 0.0617685 0.073594 0.0568108 0.0755445 0.0548602 0.0670107 0.0636378 0.0643287 0.046367 0.0373049 0.0286899 0.0247887 0.0153202 0.00654259 0.00121912 0.000365735 0 0 0
 0 0 0 0 0 0 0 0 0 0 0 0 0.000112435 0.00938835 0.0111873 0.0202946 0.0414886 0.0713402 0.111592 0.104902 0.108894 0.110636 0.117776 0.105296 0.107544 0.0401394 0.0192827 0.0124803 0.00416011 0.0028671 0.000618394 0 0 0 0 0
 0 0 0 0 0 0 0 0 0 0 0.00291406 0.0102884 0.027416 0.0768956 0.0749926 0.110853 0.0956884 0.0897413 0.0766577 0.0534642 0.0500743 0.0551293 0.0594112 0.0620874 0.0668451 0.0424026 0.0208742 0.0120726 0.0048766 0.00582813 0.00118941 0.000297354 0 0 0 0
 0 0.00264628 0.0354308 0.0461629 0.0458689 0.0383711 0.0214643 0.0164657 0.0346957 0.0420465 0.0363128 0.0245516 0.0311673 0.0291091 0.0169068 0.0133784 0.00837989 0.0085269 0.0148486 0.0160247 0.0276389 0.0546898 0.0760071 0.122758 0.109233 0.0665981 0.0333725 0.0166128 0.00676272 0.00308733 0.000882094 0 0 0 0 0
 0 0 0 0 0 0 0 0.000805153 0.000690131 0.00759144 0.0133425 0.0154129 0.00931677 0.000345066 0.00356568 0.00563607 0.00851162 0.0253048 0.0502646 0.0516448 0.0657925 0.0565908 0.0611916 0.0827007 0.0866115 0.110766 0.145733 0.0935128 0.0569358 0.0249597 0.0138026 0.00621118 0.00161031 0.00115022 0 0
 0 0 0 0 0 0 0 0 0 0 0 0 0 0 0 0 0 0 0 0 0 0 0 0 0 0 0 0 0 0 0 0 0 0 0 0
 0.00147267 0.00158595 0.00478618 0.00569244 0.00954404 0.0108468 0.00647125 0.017049 0.0510054 0.094081 0.124002 0.0959785 0.0687766 0.0820023 0.061753 0.0591476 0.0492212 0.0479892 0.0443925 0.0268479 0.0217502 0.0140895 0.0121071 0.0120363 0.00920419 0.00665534 0.0049561 0.00860946 0.00930331 0.0156896 0.0114698 0.00855282 0.00243557 0.00046729 0 2.83206e-05
 0 0 0 0 0.000772559 0.00158375 0.000888443 0.00281984 0.00712685 0.0440552 0.0773331 0.111326 0.0921469 0.0852325 0.0710754 0.0886704 0.0786465 0.0553345 0.0373146 0.0185414 0.00753245 0.00457741 0.012979 0.0271748 0.0457355 0.0583668 0.034881 0.0177882 0.00938659 0.00492506 0.0015258 0.00185414 0.000309023 5.79419e-05 3.86279e-05 0
 0 0.00173294 0.00326652 0 0.00397197 0.00683976 0.00946217 0.0152591 0.00757587 0.0136028 0.0228656 0.0392903 0.0559909 0.0764795 0.0681675 0.0726916 0.0566044 0.0477403 0.0527397 0.0444891 0.0609904 0.0582453 0.0661739 0.0445044 0.0529084 0.0360697 0.0280645 0.0235558 0.0158879 0.00826598 0.00280645 0.00217768 0.000904811 0.00058276 9.20147e-05 0
 0 0 0 0 0 0 0 0 0 0 0 0 0 0 0 0 0 0 0 0 0 0 0 0 0 0 0 0 0 0 0 0 0 0 0 0
 0 0 0 0 0 0 0 0 0 0 0 0 0 0 0 0 0 0 0 0 0 0 0 0 0 0 0 0 0 0 0 0 0 0 0 0
 0 0 0 0 0 0 0 0 0 0 0 0 0 0 0 0 0 0 0 0 0 0 0 0 0 0 0 0 0 0 0 0 0 0 0 0
ppred_pel_tallas
 1.01138e-16 3.37413e-05 0.000198037 0.000941387 0.0036244 0.0113024 0.0285489 0.0584146 0.0968282 0.130036 0.141501 0.124804 0.0893169 0.0520819 0.0251942 0.0109589 0.0056866 0.0050358 0.00634599 0.00844804 0.010862 0.0132961 0.015481 0.0171652 0.0181576 0.0183681 0.0178235 0.0166527 0.0150479 0.013217 0.0113408 0.00954931 0.00791669 0.00647177 0.00521506 0.00413447
 1.01343e-16 3.09055e-05 0.000181382 0.000862193 0.00331946 0.0103514 0.0261469 0.0535006 0.0886852 0.119108 0.129629 0.114379 0.0819576 0.0479951 0.0235991 0.0109165 0.00660247 0.00670358 0.00878129 0.0117271 0.0150224 0.0182859 0.0211387 0.0232282 0.0242963 0.0242377 0.0231213 0.0211648 0.0186749 0.0159719 0.0133262 0.0109201 0.00884247 0.00710645 0.00567873 0.0045079
 1.02532e-16 2.37873e-05 0.000139583 0.000663454 0.00255423 0.00796504 0.0201193 0.0411684 0.0682475 0.0916735 0.0998092 0.0881582 0.063367 0.0375074 0.0191871 0.010131 0.00784002 0.00932839 0.0127343 0.0171547 0.0220638 0.0269707 0.0313436 0.0346737 0.0365782 0.0368845 0.0356626 0.0331916 0.0298789 0.0261576 0.022399 0.0188619 0.0156845 0.0129073 0.0105124 0.0084578
 1.03263e-16 2.796e-05 0.000164092 0.000779998 0.003003 0.00936453 0.0236541 0.0484 0.0802303 0.107753 0.117272 0.10348 0.0741558 0.0434431 0.0213947 0.00995985 0.00612359 0.0063249 0.00837836 0.011306 0.0146652 0.0181346 0.0213863 0.0241001 0.0260199 0.0270033 0.0270434 0.0262527 0.0248199 0.0229562 0.0208496 0.01864 0.0164175 0.0142355 0.0121294 0.0101309
 1.02795e-16 2.96687e-05 0.000174123 0.000827686 0.00318661 0.00993712 0.0251004 0.0513592 0.0851353 0.114339 0.124437 0.109794 0.078663 0.0460474 0.0226083 0.0104054 0.00622814 0.00628539 0.00824583 0.0110616 0.0142581 0.0174958 0.0204378 0.0227645 0.0242336 0.0247309 0.0242896 0.02307 0.0213079 0.0192527 0.0171147 0.0150361 0.0130891 0.0112934 0.00964111 0.00811862
 1.03515e-16 2.29831e-05 0.000134862 0.000641009 0.00246782 0.00769556 0.0194386 0.0397756 0.0659389 0.0885733 0.0964361 0.0851842 0.0612411 0.0362727 0.0185994 0.00989257 0.00774301 0.00927111 0.0126816 0.0171032 0.0220256 0.0269689 0.0314117 0.0348537 0.0369179 0.0374316 0.0364588 0.0342659 0.031242 0.0277986 0.0242845 0.0209379 0.0178813 0.0151465 0.0127138 0.0105477
 1.03758e-16 2.75568e-05 0.000161725 0.000768745 0.00295967 0.00922943 0.0233129 0.0477017 0.0790728 0.106198 0.11558 0.101987 0.0730861 0.0428167 0.021087 0.00981879 0.00604149 0.00624724 0.00828478 0.0111938 0.0145426 0.0180191 0.0213042 0.0240849 0.0261087 0.0272317 0.0274398 0.0268331 0.0255851 0.0238907 0.0219232 0.0198118 0.0176403 0.015461 0.0133128 0.0112345
 1.04093e-16 2.4258e-05 0.000142351 0.000676621 0.00260494 0.0081232 0.0205187 0.0419854 0.0696004 0.0934864 0.101771 0.0898637 0.0645329 0.0380771 0.019257 0.00981147 0.00717201 0.008282 0.0112466 0.0151721 0.0195758 0.0240333 0.0280912 0.0313139 0.03337 0.0341027 0.0335568 0.0319493 0.0296 0.0268464 0.0239718 0.0211662 0.0185249 0.0160722 0.0137965 0.0116803
 1.04108e-16 2.61099e-05 0.000153228 0.000728344 0.00280411 0.0087443 0.0220875 0.0451948 0.0749184 0.100623 0.109522 0.0966642 0.0693224 0.040714 0.0202418 0.00974462 0.00642605 0.00697526 0.00935513 0.0126396 0.0163836 0.0202374 0.0238359 0.0268229 0.0289171 0.0299679 0.0299782 0.0290851 0.0275086 0.0254895 0.023236 0.0208963 0.0185577 0.0162634 0.0140366 0.0118994
 1.0418e-16 2.48999e-05 0.000146121 0.000694549 0.00267398 0.00833848 0.0210625 0.0430977 0.0714435 0.0959595 0.104457 0.0922189 0.066189 0.0389836 0.0195851 0.00976614 0.0068786 0.0077773 0.0105185 0.0141987 0.0183508 0.0225801 0.0264676 0.0296089 0.0316923 0.0325636 0.0322511 0.0309402 0.0289112 0.0264627 0.0238471 0.0212369 0.0187225 0.0163347 0.0140749 0.0119413
 1.05634e-16 1.93791e-05 0.000113703 0.000540417 0.00208051 0.00648776 0.0163878 0.0335335 0.0555927 0.0746811 0.0813252 0.071871 0.0517453 0.0308009 0.0160764 0.00901195 0.00761022 0.00947438 0.0131105 0.0177841 0.0230396 0.028421 0.0334171 0.0375258 0.0403535 0.0416952 0.0415671 0.0401764 0.0378482 0.0349338 0.0317341 0.0284597 0.0252287 0.0220928 0.0190729 0.0161872
 1.0731e-16 1.94806e-05 0.000114305 0.000543294 0.00209161 0.00652239 0.0164752 0.0337118 0.0558865 0.0750702 0.081734 0.0721969 0.0519034 0.0307417 0.0157665 0.00840085 0.00661501 0.00798965 0.0110358 0.0150592 0.019681 0.0245498 0.0292691 0.0334369 0.0367183 0.0389064 0.0399492 0.0399308 0.0390227 0.0374218 0.0353026 0.0327942 0.0299852 0.026944 0.0237421 0.0204681
 1.05808e-16 2.6542e-05 0.000155769 0.000740436 0.00285068 0.00888955 0.0224543 0.045945 0.0761606 0.102287 0.111322 0.0982254 0.0703827 0.0412175 0.0202712 0.00939294 0.00572078 0.00587763 0.00779699 0.0105648 0.0137821 0.01717 0.0204456 0.02333 0.0255956 0.0271082 0.0278438 0.027873 0.0273234 0.0263338 0.025019 0.0234545 0.021682 0.0197273 0.0176206 0.0154101
 1.03838e-16 2.76713e-05 0.000162394 0.000771922 0.0029719 0.00926754 0.0234092 0.047899 0.0794006 0.106641 0.116069 0.102433 0.0734393 0.0430904 0.0213447 0.0101412 0.00650465 0.00691326 0.00919641 0.0123645 0.0159436 0.0195693 0.0228698 0.025492 0.0271697 0.02778 0.0273644 0.0261037 0.0242608 0.0221094 0.0198752 0.0177048 0.0156649 0.013764 0.0119823 0.0102984
 1.02165e-16 3.16801e-05 0.000185934 0.00088384 0.00340283 0.0106114 0.0268035 0.0548438 0.0909102 0.122092 0.132865 0.117208 0.0839261 0.0490302 0.0238896 0.0106854 0.00597054 0.00568162 0.007324 0.00978869 0.0125967 0.0154307 0.0179858 0.0199759 0.0211857 0.0215161 0.0210019 0.019793 0.0181085 0.0161805 0.0142049 0.0123155 0.0105806 0.00901767 0.00761605 0.00635681
 1.01372e-16 3.27954e-05 0.000192482 0.000914969 0.00352268 0.0109851 0.0277476 0.0567754 0.094112 0.126391 0.137542 0.12133 0.0868702 0.0507343 0.0246896 0.01099 0.00606206 0.00569353 0.00729589 0.00971569 0.0124532 0.0151785 0.0175778 0.0193605 0.0203132 0.0203464 0.0195128 0.0179861 0.0160126 0.01385 0.0117157 0.00975622 0.00804326 0.00658832 0.00536677 0.00434058
 1.01832e-16 2.71971e-05 0.000159605 0.00075865 0.00292078 0.00910811 0.0230065 0.0470756 0.0780374 0.104816 0.114096 0.100725 0.0722855 0.0425568 0.021346 0.0105831 0.00736598 0.00824638 0.0110843 0.0148727 0.0190796 0.0232538 0.0269231 0.0296421 0.0310816 0.0311031 0.0297858 0.027396 0.0243126 0.0209336 0.0175967 0.0145325 0.0118566 0.00959189 0.00770421 0.00613663
 1.0266e-16 2.75687e-05 0.000161792 0.000769056 0.00296086 0.00923311 0.0233222 0.0477211 0.0791059 0.106246 0.11564 0.102058 0.0731783 0.0429531 0.0213067 0.0101746 0.00659663 0.00706861 0.00943124 0.0126997 0.0163993 0.0201598 0.0235982 0.0263453 0.0281149 0.0287629 0.0283111 0.0269267 0.0248676 0.0224146 0.019813 0.0172395 0.0147982 0.0125358 0.0104663 0.00859193
 1.03065e-16 2.72346e-05 0.00015983 0.000759726 0.00292493 0.00912108 0.0230392 0.0471422 0.0781465 0.104958 0.114241 0.100828 0.0723074 0.042464 0.0211049 0.0101458 0.00666582 0.00720516 0.00962986 0.0129622 0.0167244 0.0205385 0.0240134 0.0267741 0.0285336 0.0291526 0.0286635 0.0272469 0.0251736 0.022733 0.0201726 0.0176638 0.0152996 0.0131125 0.0111028 0.00926206
 1.02466e-16 3.09786e-05 0.000181816 0.000864263 0.00332745 0.0103763 0.0262098 0.0536289 0.0888966 0.119388 0.129924 0.114616 0.082077 0.0479634 0.0233954 0.0105089 0.00593696 0.00571043 0.00739377 0.00990542 0.0127782 0.0157005 0.0183704 0.0205017 0.0218752 0.0223833 0.0220489 0.0210069 0.019461 0.0176289 0.0156972 0.0137952 0.0119934 0.0103169 0.0087672 0.00733971
 1.02295e-16 2.85835e-05 0.000167749 0.000797373 0.00306988 0.0095731 0.024181 0.0494783 0.0820188 0.110158 0.119898 0.105816 0.075871 0.0445304 0.0220818 0.0105295 0.00680001 0.00725314 0.00964048 0.0129287 0.0166121 0.0202945 0.0235712 0.0260602 0.0274776 0.0276991 0.0267844 0.0249501 0.0225068 0.019781 0.0170478 0.0144935 0.0122104 0.0102168 0.00848793 0.00698483
 1.02568e-16 2.81898e-05 0.000165438 0.000786392 0.00302761 0.00944127 0.023848 0.0487969 0.080889 0.10864 0.118244 0.104352 0.074813 0.0438926 0.0217351 0.0103151 0.00660107 0.00700455 0.00931373 0.0125199 0.0161392 0.0197985 0.0231152 0.0257237 0.0273448 0.0278444 0.0272569 0.0257627 0.0236318 0.021154 0.0185786 0.0160807 0.0137565 0.0116412 0.00973423 0.00802349
 1.02348e-16 3.04589e-05 0.000178763 0.000849747 0.00327155 0.010202 0.0257695 0.0527282 0.0874041 0.117385 0.127748 0.112706 0.08073 0.047218 0.0231096 0.0105124 0.00612294 0.0060438 0.00788029 0.0105618 0.0136131 0.0167048 0.0195127 0.0217296 0.0231212 0.0235753 0.0231207 0.0219081 0.020163 0.0181261 0.0160031 0.0139374 0.0120062 0.0102361 0.00862551 0.00716474
 1.02374e-16 2.83516e-05 0.000166387 0.000790901 0.00304496 0.00949539 0.0239847 0.0490767 0.0813531 0.109264 0.118926 0.104959 0.0752592 0.0441768 0.0219169 0.0104688 0.00678532 0.00725762 0.00965698 0.0129595 0.0166638 0.0203761 0.0236929 0.0262326 0.0277093 0.0279957 0.0271461 0.0253711 0.0229751 0.0202794 0.0175558 0.0149898 0.0126753 0.0106348 0.00884863 0.00728363
 1.04454e-16 1.74516e-05 0.00010238 0.000486572 0.00187317 0.00584116 0.0147546 0.0301925 0.0500569 0.067254 0.0732621 0.064804 0.0467854 0.0281054 0.0151398 0.0092306 0.00862402 0.011192 0.015589 0.0211072 0.0272378 0.0334243 0.039036 0.0434588 0.0462222 0.0470994 0.0461472 0.0436675 0.0401131 0.0359695 0.031654 0.0274594 0.0235465 0.0199739 0.0167415 0.0138305
pSPR Fmed_Fpbrs
0.72087   0.6 0.325
Fs Fmed_Fpbrs
0.202617   0.343918 1.04974
SSBpbr Bo_Bmed_Bpbrs
1.42591e+06  956602  784252 392126
Ro
59874.1
SPR SPRFo_SPRFmed_SPRFpbrs
1.23118e+06 887521 400134
log_Ro
10.82
likeval ReclasPelacesDesembMPH_pf_preclas_ppelaces_ptallas_desvR_qrecl_qpela
 61.4917 22.922 0.0343466 0.000228764 318.293 200.328 77.9459 0 16.1424 8.63698e-05 4.49602e-06 1.08623e-15 0 0 0
q_reclas_q_pelaces
0.267956 1.35211
M
0.7
N
 69904.2 17697 6574.92 774.225 0.393245
 86849 32361.4 6149.19 2284.6 269.158
 55427.3 40959.8 12359.8 2348.56 975.355
 80226.5 25652.7 14213.2 4288.88 1153.41
 131837 39322.3 11919.4 6604.08 2528.73
 99013.8 65284.3 19249.4 5834.89 4470.77
 147420 47739.8 27900.4 8226.56 4404.3
 127580 71862.9 21573.5 12608.1 5707.85
 141756 60997.8 29424.5 8833.34 7499.54
 132444 67313.4 24121 11635.6 6458.68
 66885.7 63278.4 27462.6 9840.92 7382.15
 41419.8 30491.6 20332.3 8824.14 5534.03
 42126.8 18969.9 10030.9 6688.76 4723.44
 23847.6 18400.4 4902.82 2592.52 2949.52
 18433.7 9418.8 2849.09 759.144 858.119
 22967.8 7385.7 1568.79 474.544 269.371
 19271.4 10494.9 2401.5 510.103 241.888
 22052.3 9035.23 3889.57 890.029 278.698
 25241.8 10542.2 3697.14 1591.58 478.233
 43329.2 12145 4457.74 1563.33 875.215
 53953.1 20829.2 5112.29 1876.43 1026.47
 70038 26384.9 9567.42 2348.22 1333.39
 114522 34078 11811.1 4282.82 1648.06
 139249 55509.4 14960.7 5185.23 2603.73
 65683 67567.4 24503.2 6604.02 3438.23
pred_Ctot
 3419.99 3900.78 1449.25 170.655 0.0866792
 3149.31 5455.26 1036.59 385.121 45.3726
 2721.66 9057.46 2733.13 519.338 215.681
 749.307 1191.17 659.978 199.151 53.5576
 266.304 402.211 121.919 67.5503 25.8654
 2073.04 6601.18 1946.39 589.991 452.059
 1948.35 3106.49 1815.51 535.313 286.594
 3420.44 9169.45 2752.7 1608.75 728.302
 4473.02 9052.89 4366.99 1310.99 1113.03
 3616.02 8735.92 3130.42 1510.07 838.206
 3962.87 16467.3 7146.76 2560.96 1921.1
 2325.96 7578.23 5053.28 2193.11 1375.4
 3675.35 6789.42 3590.11 2393.94 1690.55
 3556.41 9715.54 2588.72 1368.86 1557.37
 2592.62 4784.28 1447.19 385.607 435.882
 1325 1878.64 399.041 120.706 68.5177
 776.873 1947.13 445.551 94.6393 44.8775
 593.156 1156.38 497.808 113.911 35.6693
 565.393 1136.26 398.485 171.543 51.5449
 997.492 1343.28 493.043 172.91 96.8021
 590.567 1128.95 277.088 101.703 55.6353
 1017.59 1881.25 682.159 167.428 95.0707
 1972.88 2861.61 991.805 359.638 138.391
 2293.32 4464.64 1203.29 417.049 209.419
 980.173 4943.25 1792.66 483.152 251.542
F
 0.0701582 0.357074 0.357074 0.357074 0.357074
 0.0515798 0.262518 0.262518 0.262518 0.262518
 0.0704234 0.358423 0.358423 0.358423 0.358423
 0.0130623 0.0664812 0.0664812 0.0664812 0.0664812
 0.00281224 0.014313 0.014313 0.014313 0.014313
 0.029494 0.150111 0.150111 0.150111 0.150111
 0.0185282 0.0943001 0.0943001 0.0943001 0.0943001
 0.0379074 0.192931 0.192931 0.192931 0.192931
 0.0447495 0.227755 0.227755 0.227755 0.227755
 0.0386153 0.196534 0.196534 0.196534 0.196534
 0.0855349 0.435334 0.435334 0.435334 0.435334
 0.0809072 0.411781 0.411781 0.411781 0.411781
 0.12831 0.653041 0.653041 0.653041 0.653041
 0.228974 1.16537 1.16537 1.16537 1.16537
 0.214636 1.0924 1.0924 1.0924 1.0924
 0.0832 0.42345 0.42345 0.42345 0.42345
 0.0574897 0.292596 0.292596 0.292596 0.292596
 0.0380333 0.193573 0.193573 0.193573 0.193573
 0.0315827 0.160742 0.160742 0.160742 0.160742
 0.0324726 0.165271 0.165271 0.165271 0.165271
 0.0153237 0.0779906 0.0779906 0.0779906 0.0779906
 0.0203853 0.103752 0.103752 0.103752 0.103752
 0.0242116 0.123226 0.123226 0.123226 0.123226
 0.0231355 0.117749 0.117749 0.117749 0.117749
 0.0209428 0.10659 0.10659 0.10659 0.10659
YTP_r0W_actual
 10977.9 108752 59157.9 19857.6 10766
YTP_p0W_proyectada
 21680.2 145908 200867 95024.4 42321.5
 21680.2 114633 74895.1 92253.2 51680.4
CTP_r0_actual
 980.173 4943.25 1792.66 483.152 251.542
CTP_p0_proyectada
 2550.61 6818.15 6438.06 2334.75 910.139
 2550.61 5356.7 2400.48 2266.66 1111.41
Wmedp
 8.5 21.4 31.2 40.7 46.5
nmprior
 10.6 11 7 0
nm_flota  nm_reclas  nm_pelaces    nm_pelaL
inf 13.1021 20.7364 51.4937
cv_recla  cv_pelaces  cv_mph
0.709305 0.542873 0.490718
 ------------------------------------------------
Talla a la edad & desviaci?n 
 7.2 14.2025 17.0495 18.207 18.6776
 1.08 2.13037 2.55742 2.73105 2.80164
