years
 1997 1998 1999 2000 2001 2002 2003 2004 2005 2006 2007 2008 2009 2010 2011 2012 2013 2014 2015 2016 2017 2018 2019 2020 2021
reclasobs
 0 0 0 370054 412103 1.49427e+06 250295 1.28982e+06 931140 785840 897777 1.04006e+06 184774 17550 25797 100020 73551 82996 120727 218422 84188 347160 605670 569463 516374
reclaspred
 969751 198111 396360 169233 291514 364332 779223 627123 695143 863472 862016 638673 371000 145530 82804.1 75195.2 81640.3 109210 124081 136717 210590 212861 347216 392655 390699
pelacesobs
 0 0 0 0 0 0 0 0 0 2.06254e+06 1.5e+06 0 1.87456e+06 323000 250000 174000 83755 137374 0 501740 490994 745055 786931 1.00524e+06 1.33801e+06
pelacespred
 2.92345e+06 867228 608948 592662 935888 808042 2.24369e+06 1.92369e+06 1.96316e+06 2.58047e+06 2.18726e+06 1.72416e+06 952184 287387 163431 165722 186143 270102 314824 326883 620447 621432 741575 988396 937435
mphobs
 0 0 0 0 0 112323 0 153150 637223 0 255016 313432 73983 77613 109348 50772 0 0 0 0 0 0 0 0 0
mphpred
 301034 134881 130325 73751.1 74578.9 152828 187237 291019 263412 300785 381112 278397 174713 92785.4 44028.4 31489.2 29880.5 36756.3 47194.4 46952.6 64284.8 83730.8 99732 133309 156239
desembarqueobs
 350755 77701 442110 56441 14545 235359 269955 359681 431902 328805 639364 411747 362871 311530 167758 66681 60226 58785 57116 73181 50977 67692 138656 160484 209506
desembarquepred
 350734 77671 441701 56431.4 14544.7 235330 269973 359311 431615 328624 638547 411283 362381 311128 167305 66630.2 60216.8 58729.6 57055.4 73127.6 50970.4 67647.7 138595 160433 209443
Reclutas
 24311.7 42424.7 8869.54 13904.5 39588 20624.2 63254.4 60552.8 75898.3 114140 70404.7 47874.2 49858.9 28735.1 12745.8 10170.9 7766.27 9415.44 8408.82 11419.2 17203.4 20786 32509.1 33594.5 7715.55
log_desv_Rt
 -0.00128898 0.555485 -1.00962 -0.560033 0.486282 -0.165779 0.95492 0.911271 1.13715 1.54518 1.06202 0.676331 0.716952 0.165873 -0.647046 -0.872714 -1.14246 -0.949894 -1.06296 -0.756951 -0.347135 -0.157963 0.289275 0.322119 -1.14901
SSB
 500423 224219 216646 122600 123976 254054 311254 483775 437882 500010 633542 462794 290435 154242 73190.6 52346 49671.9 61101.8 78453.6 78051.6 106864 139190 165790 221607 259724
BT
 1.27456e+06 352292 421592 222590 323454 386030 1.13328e+06 1.05132e+06 1.15124e+06 1.25116e+06 1.27655e+06 902849 701389 401633 205573 113824 116381 144072 137669 165173 250641 224244 306140 423864 385392
Ftot
 0.857711 1.07988 2.24117 0.81328 0.161999 1.42586 1.08743 1.64372 1.81744 1.19453 1.82397 1.51972 2.4612 4.81647 4.95303 2.37621 2.04883 1.5306 1.1473 1.397 0.691282 0.792921 0.989041 1.04812 1.13024
BD_Bspro_t
 0.916975 0.613634 0.499574 0.225047 0.333424 0.556354 0.460472 0.527944 0.460046 0.448363 0.47079 0.329897 0.236864 0.156333 0.0910497 0.0811353 0.106289 0.173933 0.258767 0.306339 0.407916 0.53846 0.538896 0.533858 0.499022
BD_Bspro
 0.999725 0.447936 0.432806 0.244926 0.247675 0.507538 0.621811 0.966466 0.874784 0.9989 1.26567 0.92455 0.580219 0.308138 0.146217 0.104575 0.0992325 0.122067 0.156731 0.155928 0.213488 0.278068 0.331208 0.442718 0.518865
BD_Bo
 0.679724 0.304557 0.294269 0.166528 0.168397 0.34508 0.422776 0.65711 0.594775 0.679163 0.860539 0.628612 0.394497 0.209506 0.0994146 0.0711015 0.0674693 0.0829944 0.106563 0.106017 0.145153 0.189061 0.225192 0.301008 0.352782
BD_Brms
 1.23586 0.55374 0.535035 0.302777 0.306176 0.627419 0.768683 1.19475 1.08141 1.23484 1.56462 1.14293 0.717267 0.38092 0.180754 0.129275 0.122671 0.150899 0.193752 0.192759 0.263914 0.343748 0.409439 0.547288 0.641422
S_f
 0.075845 0.609272 0.967349 0.998227 0.999907
 0.075845 0.609272 0.967349 0.998227 0.999907
 0.075845 0.609272 0.967349 0.998227 0.999907
 0.075845 0.609272 0.967349 0.998227 0.999907
 0.075845 0.609272 0.967349 0.998227 0.999907
 0.075845 0.609272 0.967349 0.998227 0.999907
 0.075845 0.609272 0.967349 0.998227 0.999907
 0.075845 0.609272 0.967349 0.998227 0.999907
 0.075845 0.609272 0.967349 0.998227 0.999907
 0.075845 0.609272 0.967349 0.998227 0.999907
 0.075845 0.609272 0.967349 0.998227 0.999907
 0.075845 0.609272 0.967349 0.998227 0.999907
 0.075845 0.609272 0.967349 0.998227 0.999907
 0.075845 0.609272 0.967349 0.998227 0.999907
 0.075845 0.609272 0.967349 0.998227 0.999907
 0.075845 0.609272 0.967349 0.998227 0.999907
 0.075845 0.609272 0.967349 0.998227 0.999907
 0.075845 0.609272 0.967349 0.998227 0.999907
 0.075845 0.609272 0.967349 0.998227 0.999907
 0.075845 0.609272 0.967349 0.998227 0.999907
 0.075845 0.609272 0.967349 0.998227 0.999907
 0.075845 0.609272 0.967349 0.998227 0.999907
 0.075845 0.609272 0.967349 0.998227 0.999907
 0.075845 0.609272 0.967349 0.998227 0.999907
 0.075845 0.609272 0.967349 0.998227 0.999907
Scru_reclas
 0.311095 0.694436 0.919597 0.982923 0.99656
 0.311095 0.694436 0.919597 0.982923 0.99656
 0.311095 0.694436 0.919597 0.982923 0.99656
 0.311095 0.694436 0.919597 0.982923 0.99656
 0.311095 0.694436 0.919597 0.982923 0.99656
 0.311095 0.694436 0.919597 0.982923 0.99656
 0.311095 0.694436 0.919597 0.982923 0.99656
 0.311095 0.694436 0.919597 0.982923 0.99656
 0.311095 0.694436 0.919597 0.982923 0.99656
 0.311095 0.694436 0.919597 0.982923 0.99656
 0.311095 0.694436 0.919597 0.982923 0.99656
 0.311095 0.694436 0.919597 0.982923 0.99656
 0.311095 0.694436 0.919597 0.982923 0.99656
 0.311095 0.694436 0.919597 0.982923 0.99656
 0.311095 0.694436 0.919597 0.982923 0.99656
 0.311095 0.694436 0.919597 0.982923 0.99656
 0.311095 0.694436 0.919597 0.982923 0.99656
 0.311095 0.694436 0.919597 0.982923 0.99656
 0.311095 0.694436 0.919597 0.982923 0.99656
 0.311095 0.694436 0.919597 0.982923 0.99656
 0.311095 0.694436 0.919597 0.982923 0.99656
 0.311095 0.694436 0.919597 0.982923 0.99656
 0.311095 0.694436 0.919597 0.982923 0.99656
 0.311095 0.694436 0.919597 0.982923 0.99656
 0.311095 0.694436 0.919597 0.982923 0.99656
Scru_pelaces
 0.273848 0.654924 0.905227 0.979621 0.995883
 0.273848 0.654924 0.905227 0.979621 0.995883
 0.273848 0.654924 0.905227 0.979621 0.995883
 0.273848 0.654924 0.905227 0.979621 0.995883
 0.273848 0.654924 0.905227 0.979621 0.995883
 0.273848 0.654924 0.905227 0.979621 0.995883
 0.273848 0.654924 0.905227 0.979621 0.995883
 0.273848 0.654924 0.905227 0.979621 0.995883
 0.273848 0.654924 0.905227 0.979621 0.995883
 0.273848 0.654924 0.905227 0.979621 0.995883
 0.273848 0.654924 0.905227 0.979621 0.995883
 0.273848 0.654924 0.905227 0.979621 0.995883
 0.273848 0.654924 0.905227 0.979621 0.995883
 0.273848 0.654924 0.905227 0.979621 0.995883
 0.273848 0.654924 0.905227 0.979621 0.995883
 0.273848 0.654924 0.905227 0.979621 0.995883
 0.273848 0.654924 0.905227 0.979621 0.995883
 0.273848 0.654924 0.905227 0.979621 0.995883
 0.273848 0.654924 0.905227 0.979621 0.995883
 0.273848 0.654924 0.905227 0.979621 0.995883
 0.273848 0.654924 0.905227 0.979621 0.995883
 0.273848 0.654924 0.905227 0.979621 0.995883
 0.273848 0.654924 0.905227 0.979621 0.995883
 0.273848 0.654924 0.905227 0.979621 0.995883
 0.273848 0.654924 0.905227 0.979621 0.995883
pf_obs 
 0.256992 0.487395 0.22802 0.0275931 0
 0.321318 0.546541 0.124235 0.00734118 0.000564706
 0.182869 0.594174 0.210203 0.0122559 0.00049798
 0.330522 0.361315 0.267642 0.0388342 0.00168674
 0.649043 0.306663 0.0425973 0.00169635 0
 0.582887 0.30429 0.105238 0.00758474 0
 0.465427 0.430635 0.0974691 0.00646863 0
 0.296916 0.608066 0.0921331 0.00288517 0
 0.311714 0.524322 0.152257 0.0117073 0
 0.15457 0.633149 0.183074 0.0267441 0.00246327
 0.131901 0.49318 0.331252 0.0422183 0.00144891
 0.196976 0.569456 0.194076 0.0375587 0.00193317
 0.518974 0.381816 0.0799577 0.0180837 0.00116848
 0.0928022 0.601141 0.25162 0.0475244 0.00691264
 0.122501 0.610282 0.24278 0.0234846 0.000952079
 0.383417 0.481906 0.127806 0.00687128 0
 0.0376549 0.599619 0.316969 0.0457579 0
 0.0361596 0.667082 0.258105 0.0386534 0
 0.158088 0.579412 0.248529 0.0139706 0
 0.0477256 0.309471 0.559284 0.082774 0.000745712
 0.0406174 0.521527 0.379366 0.0568643 0.0016247
 0.151134 0.462217 0.34131 0.0453401 0
 0.294876 0.26143 0.354403 0.0886775 0.000613685
 0.281977 0.475581 0.204845 0.0348837 0.00271318
 0.0841818 0.532909 0.334909 0.0458182 0.00218182
pf_pred 
 0.148785 0.572832 0.246931 0.0314425 9.35583e-06
 0.265967 0.449186 0.226549 0.0519812 0.00631746
 0.0674047 0.750122 0.13886 0.0350538 0.00855962
 0.216612 0.38761 0.363577 0.0249657 0.00723486
 0.357588 0.453564 0.12163 0.061976 0.00524216
 0.125697 0.699506 0.139285 0.0231437 0.0123683
 0.394152 0.362217 0.218678 0.0201249 0.00482864
 0.244565 0.662148 0.0698559 0.0211427 0.00228882
 0.291091 0.558593 0.141782 0.00649317 0.00204005
 0.318865 0.56765 0.102097 0.0107826 0.000605087
 0.16984 0.6844 0.132877 0.0116531 0.00123053
 0.16248 0.599694 0.218648 0.0175876 0.0015904
 0.254938 0.530466 0.182412 0.0297334 0.00244978
 0.259178 0.648115 0.0815577 0.0095965 0.00155255
 0.260534 0.696656 0.0418533 0.00085666 0.000100358
 0.305945 0.649662 0.043972 0.000413174 8.06853e-06
 0.232657 0.664702 0.100222 0.00239805 2.11273e-05
 0.282125 0.572964 0.136707 0.00802457 0.000179691
 0.207456 0.641659 0.135531 0.0145351 0.000819719
 0.264217 0.526425 0.18764 0.0196114 0.00210607
 0.278542 0.567565 0.129891 0.0216406 0.00236108
 0.222197 0.582743 0.169698 0.0215496 0.00381238
 0.267637 0.516388 0.183029 0.0288301 0.00411554
 0.213632 0.607168 0.147591 0.0269885 0.0046208
 0.0539856 0.675848 0.235202 0.0290537 0.00591032
pobs_RECLAS
 0 0 0 0 0
 0 0 0 0 0
 0 0 0 0 0
 0 0 0 0 0
 0.835266 0.146461 0.0176864 0.000547809 3.91292e-05
 0.385257 0.428462 0.181853 0.0044286 0
 0.867414 0.0963971 0.0333333 0.00285562 0
 0.441836 0.489002 0.0689373 0.000224442 0
 0.779404 0.147425 0.0564933 0.0165055 0.000172143
 0.814271 0.122319 0.05973 0.00367925 0
 0.40263 0.566651 0.0304383 0.000280538 0
 0.475488 0.404961 0.113038 0.00651328 0
 0.955842 0.0263864 0.0167828 0.000988607 0
 0.975058 0.0227948 0.00214734 0 0
 0.738997 0.206755 0.0527124 0.00153531 0
 0.850938 0.134255 0.0134407 0.00136685 0
 0.542534 0.407297 0.0501686 0 0
 0.764087 0.199537 0.0359546 0.000420521 0
 0.470689 0.182191 0.310203 0.0369168 0
 0.84361 0.089868 0.0606195 0.00523954 0.000663233
 0.607945 0.314616 0.071237 0.00620181 0
 0.523733 0.453247 0.0230204 0 0
 0.530135 0.295979 0.169645 0.0042399 0
 0.562478 0.366248 0.0663022 0.0049721 0
 0.250443 0.683176 0.0655157 0.000865301 0
ppred_RECLAS
 0.410514 0.423129 0.147023 0.0193277 5.81997e-06
 0.597834 0.266791 0.106961 0.0253025 0.00311173
 0.240451 0.646109 0.0858569 0.0221204 0.00546276
 0.532585 0.255765 0.193871 0.0137474 0.00403171
 0.678703 0.23793 0.0530065 0.0279662 0.00239422
 0.368058 0.528857 0.0816021 0.0139438 0.00753947
 0.728406 0.176794 0.0848012 0.00804567 0.00195341
 0.567517 0.390349 0.0313333 0.00973472 0.00106614
 0.633767 0.304722 0.0579285 0.00271899 0.000864155
 0.649 0.30307 0.0429876 0.00467696 0.000265572
 0.460752 0.464957 0.0675692 0.00607289 0.000648703
 0.447265 0.423336 0.118691 0.00981062 0.000897553
 0.612805 0.301487 0.0726462 0.0120568 0.00100452
 0.678561 0.299696 0.0191541 0.00222585 0.000363536
 0.677069 0.313358 0.00936123 0.000188866 2.23342e-05
 0.653293 0.330718 0.0158347 0.000151635 2.99452e-06
 0.561376 0.394042 0.043508 0.00106457 9.48657e-06
 0.616652 0.320897 0.0588231 0.00354781 8.03761e-05
 0.508719 0.414005 0.0691921 0.007647 0.000436384
 0.596938 0.307718 0.0851902 0.00915844 0.000995117
 0.597934 0.329091 0.0612632 0.0105471 0.00116459
 0.527342 0.37158 0.0875418 0.0114812 0.00205556
 0.593484 0.304248 0.0862314 0.014012 0.00202413
 0.518028 0.389796 0.0754783 0.0142326 0.00246588
 0.187048 0.616801 0.170046 0.0216488 0.00445632
pobs_PELACES
 0 0 0 0 0
 0 0 0 0 0
 0 0 0 0 0
 0 0 0 0 0
 0 0 0 0 0
 0 0 0 0 0
 0 0 0 0 0
 0 0 0 0 0
 0 0 0 0 0
 0 0 0 0 0
 0.450072 0.473896 0.0757376 0.000293798 0
 0 0 0 0 0
 0.463077 0.371075 0.160297 0.00555027 0
 0.529543 0.364841 0.0842815 0.0213345 0
 0.631943 0.363953 0.00410389 0 0
 0.735681 0.248677 0.0153453 0.000297389 0
 0.695825 0.281241 0.0229344 0 0
 0.275771 0.60734 0.115278 0.00161068 0
 0 0 0 0 0
 0.896147 0.0623911 0.0374545 0.00400742 0
 0.803859 0.145111 0.0509908 3.86294e-05 0
 0.739449 0.233085 0.0266225 0.000797448 4.60066e-05
 0.878498 0.100942 0.0204185 0.000141795 0
 0.694673 0.275183 0.0284847 0.00165964 0
 0.469039 0.446079 0.0841089 0.000773354 0
ppred_PELACES
 0.434443 0.412524 0.135191 0.017837 5.383e-06
 0.633027 0.250265 0.0921802 0.0218361 0.00269104
 0.311277 0.603998 0.0642823 0.0163896 0.00405337
 0.556838 0.248285 0.178437 0.012705 0.00373433
 0.668217 0.243919 0.0556432 0.0296741 0.00254705
 0.416049 0.498315 0.0678102 0.0115623 0.00626364
 0.757319 0.162623 0.0716002 0.00680206 0.00165492
 0.623868 0.34423 0.0237492 0.00734635 0.000805995
 0.695578 0.260208 0.0416526 0.00194309 0.000618595
 0.68327 0.277021 0.0356133 0.00387548 0.000220507
 0.529209 0.415026 0.0507468 0.00453275 0.000484998
 0.504317 0.39137 0.095704 0.0078861 0.000722815
 0.705495 0.241117 0.0453384 0.00742973 0.000619834
 0.825536 0.167323 0.00631776 0.00070772 0.00011559
 0.825747 0.171216 0.0029734 5.77474e-05 6.82848e-06
 0.729622 0.260454 0.00982968 9.30234e-05 1.83957e-06
 0.635761 0.333345 0.0301563 0.000731639 6.52986e-06
 0.667545 0.284273 0.0453911 0.00272891 6.19375e-05
 0.545353 0.388542 0.0591851 0.00654557 0.000374297
 0.645044 0.278585 0.0682501 0.00732371 0.000797286
 0.612156 0.319611 0.0572308 0.00990565 0.00109628
 0.547517 0.359486 0.0804925 0.0106022 0.00190246
 0.622827 0.28742 0.0756484 0.0123207 0.00178362
 0.550484 0.369015 0.0658934 0.0124464 0.00216096
 0.211121 0.611307 0.153915 0.019612 0.00404539
pobs_pel_tallas
 0 0 0 0 0 0 0 0 0 0 0 0 0 0 0 0 0 0 0 0 0 0 0 0 0 0 0 0 0 0 0 0 0 0 0 0
 0 0 0 0 0 0 0 0 0 0 0 0 0 0 0 0 0 0 0 0 0 0 0 0 0 0 0 0 0 0 0 0 0 0 0 0
 0 0 0 0 0 0 0 0 0 0 0 0 0 0 0 0 0 0 0 0 0 0 0 0 0 0 0 0 0 0 0 0 0 0 0 0
 0 0 0 0 0 0 0 0 0 0 0 0 0 0 0 0 0 0 0 0 0 0 0 0 0 0 0 0 0 0 0 0 0 0 0 0
 0 0 0 0 0 0 0 0 0 0 0 0 0 0 0 0 0 0 0 0 0 0 0 0 0 0 0 0 0 0 0 0 0 0 0 0
 0 0 0 0 0 0 0 0 0 0 0 0 0 0 0 0 0 0 0 0 0 0 0 0 0 0 0 0 0 0 0 0 0 0 0 0
 0 0 0 0 0 0 0 0 0 0 0 0 0 0 0 0 0 0 0 0 0 0 0 0 0 0 0 0 0 0 0 0 0 0 0 0
 0 0 0 0 0 0 0 0 0 0 0 0 0 0 0 0 0 0 0 0 0 0 0 0 0 0 0 0 0 0 0 0 0 0 0 0
 0 0 0 0 0 0 0 0 0 0 0 0 0 0 0 0 0 0 0 0 0 0 0 0 0 0 0 0 0 0 0 0 0 0 0 0
 0 0 0 0 0 0 0 0 0 0 0 0 0 0 0 0 0 0 0 0 0 0 0 0 0 0 0 0 0 0 0 0 0 0 0 0
 0 0 0 0 0 0 0 0 1.78061e-05 0.00172719 0.00360574 0.0105946 0.0120993 0.0124554 0.0147524 0.0171206 0.0266825 0.0428682 0.0675386 0.121331 0.153587 0.119568 0.100827 0.0573624 0.0630603 0.0341343 0.0324427 0.0444173 0.0211091 0.0280891 0.0125444 0.00206551 0 0 0 0
 0 0 0 0 0 0 0 0 0 0 0 0 0 0 0 0 0 0 0 0 0 0 0 0 0 0 0 0 0 0 0 0 0 0 0 0
 0 0 0 0 0 0 0.0133647 0.0140871 0.0187388 0.0205184 0.03894 0.0496705 0.03968 0.0493445 0.0407372 0.0367815 0.0215668 0.0243155 0.0234873 0.0199281 0.019796 0.0243948 0.0301388 0.0376714 0.0412746 0.0863199 0.0771752 0.113111 0.0741005 0.0525337 0.0229764 0.00759418 0.00175318 0 0 0
 0 0 0 0 0 0 0 0 0 0 0.00219441 0.00772107 0.0458388 0.0604681 0.0671733 0.0775358 0.0609151 0.0617685 0.073594 0.0568108 0.0755445 0.0548602 0.0670107 0.0636378 0.0643287 0.046367 0.0373049 0.0286899 0.0247887 0.0153202 0.00654259 0.00121912 0.000365735 0 0 0
 0 0 0 0 0 0 0 0 0 0 0 0 0.000112435 0.00938835 0.0111873 0.0202946 0.0414886 0.0713402 0.111592 0.104902 0.108894 0.110636 0.117776 0.105296 0.107544 0.0401394 0.0192827 0.0124803 0.00416011 0.0028671 0.000618394 0 0 0 0 0
 0 0 0 0 0 0 0 0 0 0 0.00291406 0.0102884 0.027416 0.0768956 0.0749926 0.110853 0.0956884 0.0897413 0.0766577 0.0534642 0.0500743 0.0551293 0.0594112 0.0620874 0.0668451 0.0424026 0.0208742 0.0120726 0.0048766 0.00582813 0.00118941 0.000297354 0 0 0 0
 0 0.00264628 0.0354308 0.0461629 0.0458689 0.0383711 0.0214643 0.0164657 0.0346957 0.0420465 0.0363128 0.0245516 0.0311673 0.0291091 0.0169068 0.0133784 0.00837989 0.0085269 0.0148486 0.0160247 0.0276389 0.0546898 0.0760071 0.122758 0.109233 0.0665981 0.0333725 0.0166128 0.00676272 0.00308733 0.000882094 0 0 0 0 0
 0 0 0 0 0 0 0 0.000805153 0.000690131 0.00759144 0.0133425 0.0154129 0.00931677 0.000345066 0.00356568 0.00563607 0.00851162 0.0253048 0.0502646 0.0516448 0.0657925 0.0565908 0.0611916 0.0827007 0.0866115 0.110766 0.145733 0.0935128 0.0569358 0.0249597 0.0138026 0.00621118 0.00161031 0.00115022 0 0
 0 0 0 0 0 0 0 0 0 0 0 0 0 0 0 0 0 0 0 0 0 0 0 0 0 0 0 0 0 0 0 0 0 0 0 0
 0.00147267 0.00158595 0.00478618 0.00569244 0.00954404 0.0108468 0.00647125 0.017049 0.0510054 0.094081 0.124002 0.0959785 0.0687766 0.0820023 0.061753 0.0591476 0.0492212 0.0479892 0.0443925 0.0268479 0.0217502 0.0140895 0.0121071 0.0120363 0.00920419 0.00665534 0.0049561 0.00860946 0.00930331 0.0156896 0.0114698 0.00855282 0.00243557 0.00046729 0 2.83206e-05
 0 0 0 0 0.000772559 0.00158375 0.000888443 0.00281984 0.00712685 0.0440552 0.0773331 0.111326 0.0921469 0.0852325 0.0710754 0.0886704 0.0786465 0.0553345 0.0373146 0.0185414 0.00753245 0.00457741 0.012979 0.0271748 0.0457355 0.0583668 0.034881 0.0177882 0.00938659 0.00492506 0.0015258 0.00185414 0.000309023 5.79419e-05 3.86279e-05 0
 0 0.00173294 0.00326652 0 0.00397197 0.00683976 0.00946217 0.0152591 0.00757587 0.0136028 0.0228656 0.0392903 0.0559909 0.0764795 0.0681675 0.0726916 0.0566044 0.0477403 0.0527397 0.0444891 0.0609904 0.0582453 0.0661739 0.0445044 0.0529084 0.0360697 0.0280645 0.0235558 0.0158879 0.00826598 0.00280645 0.00217768 0.000904811 0.00058276 9.20147e-05 0
 0 0 0 0 0 0 0 0 0 0 0 0 0 0 0 0 0 0 0 0 0 0 0 0 0 0 0 0 0 0 0 0 0 0 0 0
 0 0 0 0 0 0 0 0 0 0 0 0 0 0 0 0 0 0 0 0 0 0 0 0 0 0 0 0 0 0 0 0 0 0 0 0
 0 0 0 0 0 0 0 0 0 0 0 0 0 0 0 0 0 0 0 0 0 0 0 0 0 0 0 0 0 0 0 0 0 0 0 0
ppred_pel_tallas
 1.02667e-16 1.89734e-05 0.000111313 0.000529038 0.00203667 0.00635101 0.0160425 0.0328276 0.0544251 0.0731207 0.0796469 0.0704378 0.0508221 0.0304688 0.0162999 0.00976152 0.00893173 0.0114822 0.0159383 0.0215259 0.0276953 0.0338552 0.0393412 0.043512 0.0458833 0.0462339 0.0446472 0.0414712 0.0372174 0.0324333 0.0275926 0.0230307 0.0189329 0.0153617 0.0123035 0.00971074
 1.02267e-16 2.76259e-05 0.000162126 0.000770643 0.00296696 0.00925215 0.0233703 0.0478197 0.0792697 0.106467 0.115884 0.10228 0.0733521 0.0430849 0.0214269 0.0103223 0.0068087 0.00737604 0.00985734 0.0132562 0.0170805 0.0209375 0.0244199 0.0271377 0.0287931 0.0292435 0.0285268 0.0268377 0.024468 0.0217321 0.0189024 0.0161727 0.0136523 0.0113833 0.00936748 0.00759096
 1.01862e-16 1.36104e-05 7.98105e-05 0.000379232 0.00145981 0.00455207 0.0114988 0.0235322 0.0390232 0.0524554 0.0572093 0.0507656 0.0370004 0.0229266 0.0136165 0.0102368 0.0115353 0.0159242 0.0223359 0.0300705 0.0384361 0.0465783 0.0535258 0.0583609 0.0604257 0.059479 0.0557522 0.0498776 0.0427235 0.0351886 0.0280246 0.0217306 0.0165351 0.0124442 0.00932316 0.00697918
 1.03225e-16 2.43039e-05 0.000142623 0.000677919 0.00260995 0.00813882 0.0205582 0.0420658 0.0697328 0.0936615 0.101955 0.090009 0.0646009 0.0380447 0.0191086 0.00952464 0.00671247 0.00760984 0.0103313 0.0140103 0.0182083 0.0225549 0.0266486 0.0300884 0.0325461 0.0338289 0.0339084 0.0329048 0.0310389 0.0285689 0.0257365 0.0227357 0.0197072 0.0167491 0.0139343 0.0113228
 1.02009e-16 2.916e-05 0.000171133 0.000813466 0.00313184 0.00976633 0.0246691 0.0504769 0.0836739 0.11238 0.122314 0.107941 0.0773814 0.0453892 0.022456 0.0106215 0.00674466 0.00710746 0.00941448 0.0126141 0.0161981 0.0197746 0.0229463 0.0253391 0.0266757 0.0268363 0.0258818 0.0240278 0.021582 0.0188678 0.0161577 0.0136364 0.0113957 0.00945328 0.0077841 0.0063479
 1.01815e-16 1.81746e-05 0.000106616 0.000506692 0.0019506 0.0060826 0.0153646 0.0314412 0.0521295 0.070045 0.0763194 0.0675486 0.048854 0.0295212 0.0162134 0.0103537 0.0101359 0.0133471 0.0185597 0.024971 0.0319427 0.0387562 0.0446074 0.0487368 0.0505963 0.049978 0.0470612 0.0423541 0.0365603 0.0304105 0.0245179 0.0192931 0.0149283 0.0114371 0.0087201 0.00663109
 1.01381e-16 3.30421e-05 0.000193932 0.000921869 0.00354925 0.011068 0.0279569 0.0572035 0.0948208 0.127341 0.13857 0.122223 0.0874792 0.0510292 0.0247207 0.010815 0.0057036 0.00513933 0.00651999 0.00870161 0.011212 0.0137599 0.0160729 0.0178941 0.0190255 0.0193687 0.0189417 0.0178649 0.0163233 0.0145192 0.0126307 0.0107883 0.00907014 0.00751209 0.00612375 0.00490304
 1.0074e-16 2.72302e-05 0.000159795 0.00075954 0.00292418 0.00911872 0.0230334 0.0471309 0.0781307 0.104945 0.114248 0.100886 0.0724602 0.0427772 0.0216728 0.0110972 0.00816078 0.00941681 0.0127106 0.0169969 0.0216796 0.0262225 0.0300621 0.0326758 0.0336934 0.0329856 0.0306956 0.0271971 0.0229983 0.018623 0.0145076 0.0109395 0.00804641 0.00582436 0.00418569 0.00300764
 1.00772e-16 3.03537e-05 0.00017814 0.000846773 0.00326008 0.0101662 0.0256792 0.0525438 0.0871002 0.116982 0.127323 0.112363 0.0805541 0.0472552 0.0233876 0.0110735 0.00704111 0.00741513 0.00979755 0.013081 0.0167201 0.020289 0.0233575 0.0255259 0.0265052 0.0261841 0.0246532 0.022176 0.0191189 0.0158644 0.0127357 0.00995157 0.00761798 0.00574757 0.00429323 0.0031817
 1.0074e-16 2.98177e-05 0.000174992 0.000831802 0.00320243 0.00998645 0.0252251 0.0516149 0.0855609 0.114916 0.12508 0.110395 0.0791688 0.046494 0.0231062 0.0110991 0.00726685 0.00780809 0.0103659 0.0138419 0.0176792 0.0214294 0.0246355 0.0268737 0.0278395 0.0274195 0.0257165 0.023018 0.0197204 0.0162359 0.012911 0.00997802 0.00754645 0.00562402 0.00415371 0.00305044
 1.01035e-16 2.31056e-05 0.000135573 0.000644372 0.00248073 0.00773581 0.0195404 0.0399845 0.0662876 0.0890488 0.0969725 0.0857023 0.0617099 0.036743 0.0191928 0.01077 0.00907898 0.0112358 0.0154173 0.0206886 0.0264341 0.0320328 0.0368095 0.0401307 0.0415417 0.0408741 0.0382848 0.034207 0.0292382 0.0239984 0.0190085 0.0146176 0.0109893 0.00813348 0.00596238 0.00434562
 1.01791e-16 2.20193e-05 0.000129198 0.000614067 0.00236406 0.00737198 0.0186213 0.0381039 0.0631699 0.0848608 0.0924122 0.0816732 0.0588113 0.0350229 0.0183063 0.010295 0.00871166 0.010816 0.0148821 0.0200332 0.0256979 0.0312985 0.0362004 0.0397991 0.0416478 0.0415579 0.0396376 0.0362511 0.0319175 0.0271856 0.0225244 0.0182586 0.0145567 0.0114582 0.00892087 0.00686646
 1.01007e-16 3.07854e-05 0.000180676 0.000858834 0.00330653 0.0103111 0.026045 0.0532922 0.0883401 0.118645 0.129128 0.113944 0.0816602 0.0478497 0.0235811 0.0109976 0.00677209 0.00696896 0.0091579 0.0122278 0.015649 0.0190229 0.0219508 0.0240618 0.0250855 0.0249136 0.0236226 0.0214474 0.0187176 0.0157784 0.0129222 0.0103476 0.00815263 0.00635258 0.0049105 0.00376718
 1.00175e-16 3.60167e-05 0.000211395 0.00100489 0.00386891 0.0120649 0.0304748 0.0623554 0.10336 0.138807 0.151042 0.133213 0.0953213 0.0555545 0.0268186 0.0115666 0.00584957 0.00502071 0.00622608 0.00820408 0.0104315 0.0125914 0.0143992 0.0155998 0.0160151 0.015586 0.0143873 0.0126072 0.0104993 0.00832446 0.00629926 0.00456577 0.00318574 0.00215434 0.00142411 0.000929263
 1.00101e-16 3.6026e-05 0.00021145 0.00100515 0.0038699 0.012068 0.0304827 0.0623714 0.103387 0.138843 0.151083 0.133251 0.0953521 0.0555808 0.0268467 0.0116048 0.00590628 0.0051034 0.00634059 0.00835326 0.0106134 0.0127982 0.0146163 0.0158074 0.0161905 0.0157073 0.0144375 0.0125771 0.0103892 0.00814389 0.00606462 0.00429749 0.00290487 0.00187973 0.00117045 0.000706271
 1.00228e-16 3.18381e-05 0.000186855 0.000888205 0.00341961 0.0106637 0.0269358 0.0551149 0.0913616 0.122704 0.133547 0.117846 0.084464 0.0495066 0.0244224 0.0114284 0.00708233 0.00730909 0.00958547 0.0127468 0.0162247 0.0195838 0.0223915 0.0242521 0.0248886 0.0242093 0.022331 0.019547 0.0162534 0.0128569 0.00969568 0.0069916 0.00484134 0.00323763 0.00210637 0.00134469
 1.00563e-16 2.77484e-05 0.000162838 0.000774009 0.0029799 0.00929246 0.0234722 0.0480288 0.0796185 0.106942 0.116418 0.102793 0.0738084 0.0435309 0.0219766 0.0111258 0.00802662 0.00916193 0.0123364 0.0164928 0.02104 0.0254548 0.0291899 0.0317372 0.0327354 0.0320563 0.0298354 0.0264321 0.0223376 0.0180599 0.0140242 0.0105135 0.0076571 0.00545685 0.00383277 0.00266919
 1.00834e-16 2.91323e-05 0.000170967 0.000812668 0.00312876 0.0097567 0.0246448 0.0504275 0.0835931 0.112275 0.122208 0.107869 0.0773755 0.0454776 0.0226698 0.0110041 0.00735601 0.00801698 0.0106864 0.0142875 0.0182652 0.0221641 0.025516 0.0278842 0.0289534 0.0286016 0.0269281 0.0242205 0.0208794 0.0173226 0.0139031 0.0108601 0.00830956 0.00626523 0.00467581 0.00346129
 1.0121e-16 2.38085e-05 0.000139702 0.000664006 0.00255634 0.0079716 0.0201359 0.0412029 0.0683062 0.0917571 0.0999128 0.0882795 0.0635189 0.0377267 0.0195359 0.0106933 0.00871511 0.0106198 0.0145312 0.0195056 0.0249474 0.0302725 0.0348485 0.0380808 0.0395391 0.0390582 0.0367748 0.033083 0.0285303 0.0236875 0.0190356 0.0148997 0.0114357 0.00866034 0.00650148 0.00484863
 1.01349e-16 2.8151e-05 0.000165207 0.000785281 0.00302331 0.00942787 0.0238142 0.0487281 0.0807761 0.108492 0.118092 0.10424 0.0747815 0.0439714 0.0219539 0.0107165 0.00724536 0.00796349 0.010654 0.0142816 0.0183131 0.0223078 0.0258089 0.0283855 0.0297193 0.0296757 0.028331 0.0259432 0.0228802 0.0195311 0.0162281 0.0132009 0.0105685 0.00835898 0.00654254 0.00506447
 1.01309e-16 2.67186e-05 0.000156793 0.000745276 0.00286927 0.00894748 0.0226008 0.0462457 0.0766627 0.102972 0.112097 0.0989789 0.0710736 0.0419255 0.021181 0.0107498 0.00779398 0.0089332 0.0120616 0.0161706 0.0207007 0.025157 0.0290174 0.0317914 0.0331219 0.032867 0.0311303 0.0282256 0.0245921 0.0206892 0.0169051 0.0135032 0.0106121 0.00825022 0.00636606 0.00487872
 1.01713e-16 2.39017e-05 0.000140252 0.000666626 0.00256643 0.00800309 0.0202154 0.0413653 0.0685747 0.0921154 0.100296 0.0886028 0.0637178 0.0377775 0.0194393 0.0104463 0.00829545 0.00998962 0.0136512 0.0183525 0.0235308 0.0286464 0.0331153 0.0363841 0.0380448 0.0379282 0.036138 0.0330129 0.0290329 0.0247037 0.0204552 0.0165829 0.0132368 0.0104476 0.00817081 0.00632964
 1.01675e-16 2.71826e-05 0.00015952 0.000758246 0.00291922 0.00910326 0.0229943 0.0470505 0.0779958 0.10476 0.114034 0.10067 0.0722444 0.0425293 0.0213262 0.0105637 0.00734144 0.0082132 0.0110414 0.0148216 0.019025 0.0232036 0.0268881 0.0296339 0.0311108 0.0311756 0.029901 0.0275453 0.0244796 0.0210972 0.0177341 0.0146233 0.0118867 0.00955552 0.00760423 0.00598352
 1.01585e-16 2.40314e-05 0.000141013 0.000670242 0.00258035 0.0080465 0.0203251 0.0415898 0.0689469 0.0926159 0.100843 0.0890888 0.0640744 0.038003 0.0195809 0.0105623 0.00843187 0.0101757 0.0139029 0.0186741 0.0239131 0.0290652 0.0335308 0.0367446 0.0382944 0.038016 0.036029 0.0326945 0.0285187 0.0240307 0.0196771 0.0157607 0.0124291 0.00970276 0.00752226 0.00579467
 1.03247e-16 9.24362e-06 5.41725e-05 0.000257343 0.000990504 0.00308854 0.00780205 0.0159686 0.0264869 0.0356233 0.0389027 0.0346419 0.0255113 0.0163289 0.010618 0.00926914 0.0115341 0.0164139 0.0232077 0.0313788 0.0402938 0.0491135 0.05686 0.0625913 0.0656079 0.065611 0.0627631 0.0576232 0.0509918 0.0437147 0.0365147 0.0298917 0.0241054 0.0192182 0.015169 0.0118435
pSPR Fmed_Fpbrs
0.376092   0.6 0.325
Fs Fmed_Fpbrs
1.35223   0.488842 1.76639
SSBpbr Bo_Bmed_Bpbrs
736216  240074  404919 202459
Ro
24343
SPR SPRFo_SPRFmed_SPRFpbrs
500561 188257 162682
log_Ro
9.92
likeval ReclasPelacesDesembMPH_pf_preclas_ppelaces_ptallas_desvR_qrecl_qpela
 73.2287 13.0253 0.102761 0.000164443 318.04 189.092 79.6866 0 22.4987 2.45215e-05 0.000313081 7.82058e-14 0 0 0
q_reclas_q_pelaces
2.01719 12.3955
M
0.7
N
 24311.7 14111.4 4317.29 538.062 0.15992
 42424.7 11312.4 4155.39 935.122 113.532
 8869.54 19410.7 2909.44 725.99 177.168
 13904.5 3715.98 2460.45 165.293 47.8449
 39588 6491.72 1124.27 556.337 46.9835
 20624.2 19418.8 2920.71 477.316 254.86
 63254.4 9191.89 4045.09 365.138 87.5189
 60552.8 28924.5 2353.21 701.581 75.8898
 75898.3 26545.2 5276.25 238.289 74.8114
 114140 32836.8 4355.9 451.632 25.3195
 70404.7 51770.7 7875.5 681.133 71.8728
 47874.2 30445 8461.53 669.877 60.5243
 49858.9 21185.4 5989.45 966.022 79.5479
 28735.1 20543.1 2348.49 275.039 44.4857
 12745.8 9902.75 542.26 11.0488 1.29406
 10170.9 4347.22 240.525 2.23543 0.0436287
 7766.27 4217.77 507.519 11.9915 0.105577
 9415.44 3301.56 601.103 34.7297 0.77704
 8408.82 4163.11 645.227 67.9074 3.82587
 11419.2 3827.7 1027.62 105.611 11.3315
 17203.4 5100.5 811.487 132.108 14.3958
 20786 8106.61 1662.23 206.471 36.4842
 32509.1 9719.58 2483.27 383.325 54.6615
 33594.5 14976.9 2642.03 473.704 81.0198
 7715.55 15407.7 3927.15 475.992 96.7323
pred_Ctot
 1105.33 4255.61 1834.47 233.588 0.0695052
 2410.69 4071.38 2053.42 471.152 57.2608
 1006.93 11205.8 2074.37 523.655 127.869
 600.306 1074.2 1007.59 69.1884 20.0502
 347.917 441.297 118.341 60.2999 5.10039
 1529.85 8513.66 1695.24 281.681 150.535
 3618.5 3325.32 2007.57 184.757 44.3293
 5141.06 13919.2 1468.46 444.445 48.1138
 7084.57 13595 3450.7 158.031 49.6506
 7147.21 12723.6 2288.45 241.687 13.5627
 6593.99 26571.7 5158.92 452.429 47.7751
 3773.29 13926.8 5077.71 408.439 36.9341
 6171.82 12842.1 4416.04 719.818 59.307
 6457.81 16148.8 2032.13 239.111 38.6841
 2933.1 7842.96 471.186 9.6443 1.12983
 1218.89 2588.26 175.185 1.64609 0.0321451
 811.074 2317.24 349.388 8.35993 0.0736526
 747.142 1517.36 362.035 21.2512 0.47587
 506.514 1566.64 330.906 35.4883 2.00139
 830.688 1655.06 589.934 61.6574 6.6214
 633.879 1291.61 295.593 49.2476 5.37312
 875.534 2296.21 668.671 84.913 15.0221
 1696.95 3274.15 1160.49 182.797 26.0945
 1854.74 5271.4 1281.38 234.312 40.1175
 458.103 5735.01 1995.84 246.54 50.1529
F
 0.0650531 0.522579 0.829706 0.85619 0.857631
 0.0819039 0.657943 1.04463 1.07797 1.07978
 0.169982 1.36548 2.16799 2.23719 2.24096
 0.0616833 0.495509 0.786726 0.811838 0.813204
 0.0122868 0.0987016 0.15671 0.161712 0.161984
 0.108145 0.868737 1.37931 1.42333 1.42573
 0.082476 0.662539 1.05192 1.0855 1.08733
 0.124668 1.00147 1.59005 1.64081 1.64357
 0.137844 1.10732 1.7581 1.81422 1.81727
 0.0905991 0.727793 1.15553 1.19241 1.19442
 0.138339 1.11129 1.76442 1.82074 1.8238
 0.115263 0.925921 1.4701 1.51702 1.51958
 0.18667 1.49954 2.38084 2.45684 2.46097
 0.365305 2.93454 4.6592 4.80793 4.81602
 0.375663 3.01774 4.79131 4.94425 4.95257
 0.180224 1.44776 2.29863 2.372 2.37599
 0.155394 1.2483 1.98194 2.0452 2.04864
 0.116088 0.932549 1.48062 1.52788 1.53045
 0.0870169 0.699017 1.10984 1.14526 1.14719
 0.105955 0.85115 1.35138 1.39452 1.39687
 0.0524303 0.421178 0.668711 0.690056 0.691217
 0.0601392 0.483105 0.767032 0.791515 0.792847
 0.0750139 0.602595 0.956748 0.987287 0.988949
 0.079495 0.638592 1.0139 1.04627 1.04803
 0.0857233 0.688625 1.09334 1.12824 1.13014
YTP_r0W_actual
 5130.75 126170 65862.8 10132.8 2146.54
YTP_p0W_proyectada
 3481.08 14181.3 33380.9 7594.7 1180.12
 3481.08 30126.2 11261.8 13821.7 3455.4
CTP_r0_actual
 458.103 5735.01 1995.84 246.54 50.1529
CTP_p0_proyectada
 409.538 662.679 1069.9 186.602 25.3789
 409.538 1407.76 360.956 339.599 74.3096
Wmedp
 8.5 21.4 31.2 40.7 46.5
nmprior
 10.6 11 7 0
nm_flota  nm_reclas  nm_pelaces    nm_pelaL
inf 27.1497 11.9832 25.2432
cv_recla  cv_pelaces  cv_mph
0.774044 0.409229 0.416051
 ------------------------------------------------
Talla a la edad & desviaci?n 
 7.2 14.2025 17.0495 18.207 18.6776
 1.08 2.13037 2.55742 2.73105 2.80164
