years
 1997 1998 1999 2000 2001 2002 2003 2004 2005 2006 2007 2008 2009 2010 2011 2012 2013 2014 2015 2016 2017 2018 2019 2020 2021
reclasobs
 0 0 0 370054 412103 1.49427e+06 250295 1.28982e+06 931140 785840 897777 1.04006e+06 184774 17550 25797 100020 73551 82996 120727 218422 84188 347160 605670 569463 516374
reclaspred
 425247 98199.5 203701 152882 281646 322497 725524 529081 692201 784006 648396 435421 272842 121742 80113.2 78763.7 94657.8 122078 120203 184191 282132 252844 429483 517039 507969
pelacesobs
 0 0 0 0 0 0 0 0 0 2.06254e+06 1.5e+06 0 1.87456e+06 323000 250000 174000 83755 137374 0 501740 490994 745055 786931 1.00524e+06 1.33801e+06
pelacespred
 713863 160222 190050 228106 372730 346567 957410 792941 970626 1.09444e+06 820594 572984 359609 130737 84812.9 90030.9 113410 149240 150735 223925 385156 337517 452125 645421 630303
mphobs
 0 0 0 0 0 112323 0 153150 637223 0 255016 313432 73983 77613 109348 50772 0 0 0 0 0 0 0 0 0
mphpred
 601191 291364 277062 232433 311054 583842 821323 1.00337e+06 949858 1.16077e+06 1.35227e+06 977449 595208 318135 143256 117273 138992 182909 214370 233230 384985 474236 575375 802318 1.01467e+06
desembarqueobs
 350755 77701 442110 56441 14545 235359 269955 359681 431902 328805 639364 411747 362871 311530 167758 66681 60226 58785 57116 73181 50977 67692 138656 160484 209506
desembarquepred
 350742 77682.7 441863 56436.7 14544.9 235372 269967 359562 431795 328724 639181 411750 362848 311593 167648 66672.2 60234.7 58775.1 57101.5 73162.7 50973.2 67676.5 138636 160467 209485
Reclutas
 29927.2 43359.8 16427.2 38432.3 71371.6 43131.7 80218.7 89859.9 132883 166715 66591.7 37139.2 45526 22534.9 16141.8 18371 13866.5 14637.1 15102.7 33890.3 41021.6 47976.1 79923.5 83886.6 17883.9
log_desv_Rt
 -0.273478 0.0972874 -0.873306 -0.0233455 0.595655 0.0920135 0.712512 0.826007 1.21722 1.44404 0.526335 -0.0575726 0.146039 -0.55718 -0.890832 -0.76147 -1.04277 -0.988688 -0.957372 -0.149115 0.0418536 0.198459 0.708826 0.757221 -0.788342
SSB
 601191 291364 277062 232433 311054 583842 821323 1.00337e+06 949858 1.16077e+06 1.35227e+06 977449 595208 318135 143256 117273 138992 182909 214370 233230 384985 474236 575375 802318 1.01467e+06
BT
 1.53678e+06 424639 577673 468493 679135 804632 1.9007e+06 1.82195e+06 2.13157e+06 2.27118e+06 2.0349e+06 1.40041e+06 1.00043e+06 532771 293151 216168 252157 314461 319387 460850 730788 668290 905635 1.28792e+06 1.2947e+06
Ftot
 0.492425 0.579512 1.13027 0.291575 0.0431019 0.370472 0.251784 0.472286 0.479885 0.304201 0.503085 0.457769 0.752808 1.31952 1.35876 0.56171 0.411069 0.294781 0.264066 0.290158 0.118304 0.151518 0.187801 0.185138 0.185718
BD_Bspro_t
 0.934951 0.676674 0.565532 0.351023 0.549651 0.744829 0.686198 0.69981 0.656447 0.657071 0.663899 0.513571 0.397097 0.29345 0.176511 0.180502 0.271457 0.411257 0.508315 0.586752 0.720029 0.804544 0.806311 0.808188 0.799379
BD_Bspro
 0.743181 0.360178 0.342499 0.287328 0.384519 0.721734 1.0153 1.24035 1.1742 1.43493 1.67165 1.2083 0.735784 0.393272 0.17709 0.14497 0.171819 0.226108 0.265001 0.288315 0.475911 0.586242 0.711267 0.99181 1.25431
BD_Bo
 0.601427 0.291479 0.277171 0.232524 0.311177 0.584072 0.821646 1.00377 0.950231 1.16123 1.3528 0.977833 0.595441 0.31826 0.143312 0.117319 0.139047 0.182981 0.214455 0.233322 0.385136 0.474423 0.575601 0.802633 1.01507
BD_Brms
 2.03752 0.987472 0.939002 0.787745 1.05421 1.97872 2.78358 3.40057 3.2192 3.93402 4.58302 3.31271 2.01724 1.0782 0.485513 0.397454 0.471063 0.619903 0.726531 0.790449 1.30477 1.60725 1.95002 2.71916 3.43885
S_f
 0.16199 1 1 1 1
 0.16199 1 1 1 1
 0.16199 1 1 1 1
 0.16199 1 1 1 1
 0.16199 1 1 1 1
 0.16199 1 1 1 1
 0.16199 1 1 1 1
 0.16199 1 1 1 1
 0.16199 1 1 1 1
 0.16199 1 1 1 1
 0.16199 1 1 1 1
 0.16199 1 1 1 1
 0.16199 1 1 1 1
 0.16199 1 1 1 1
 0.16199 1 1 1 1
 0.16199 1 1 1 1
 0.16199 1 1 1 1
 0.16199 1 1 1 1
 0.16199 1 1 1 1
 0.16199 1 1 1 1
 0.16199 1 1 1 1
 0.16199 1 1 1 1
 0.16199 1 1 1 1
 0.16199 1 1 1 1
 0.16199 1 1 1 1
Scru_reclas
 1 1 1 1 1
 1 1 1 1 1
 1 1 1 1 1
 1 1 1 1 1
 1 1 1 1 1
 1 1 1 1 1
 1 1 1 1 1
 1 1 1 1 1
 1 1 1 1 1
 1 1 1 1 1
 1 1 1 1 1
 1 1 1 1 1
 1 1 1 1 1
 1 1 1 1 1
 1 1 1 1 1
 1 1 1 1 1
 1 1 1 1 1
 1 1 1 1 1
 1 1 1 1 1
 1 1 1 1 1
 1 1 1 1 1
 1 1 1 1 1
 1 1 1 1 1
 1 1 1 1 1
 1 1 1 1 1
Scru_pelaces
 1 1 1 1 1
 1 1 1 1 1
 1 1 1 1 1
 1 1 1 1 1
 1 1 1 1 1
 1 1 1 1 1
 1 1 1 1 1
 1 1 1 1 1
 1 1 1 1 1
 1 1 1 1 1
 1 1 1 1 1
 1 1 1 1 1
 1 1 1 1 1
 1 1 1 1 1
 1 1 1 1 1
 1 1 1 1 1
 1 1 1 1 1
 1 1 1 1 1
 1 1 1 1 1
 1 1 1 1 1
 1 1 1 1 1
 1 1 1 1 1
 1 1 1 1 1
 1 1 1 1 1
 1 1 1 1 1
pf_obs 
 0.256992 0.487395 0.22802 0.0275931 0
 0.321318 0.546541 0.124235 0.00734118 0.000564706
 0.182869 0.594174 0.210203 0.0122559 0.00049798
 0.330522 0.361315 0.267642 0.0388342 0.00168674
 0.649043 0.306663 0.0425973 0.00169635 0
 0.582887 0.30429 0.105238 0.00758474 0
 0.465427 0.430635 0.0974691 0.00646863 0
 0.296916 0.608066 0.0921331 0.00288517 0
 0.311714 0.524322 0.152257 0.0117073 0
 0.15457 0.633149 0.183074 0.0267441 0.00246327
 0.131901 0.49318 0.331252 0.0422183 0.00144891
 0.196976 0.569456 0.194076 0.0375587 0.00193317
 0.518974 0.381816 0.0799577 0.0180837 0.00116848
 0.0928022 0.601141 0.25162 0.0475244 0.00691264
 0.122501 0.610282 0.24278 0.0234846 0.000952079
 0.383417 0.481906 0.127806 0.00687128 0
 0.0376549 0.599619 0.316969 0.0457579 0
 0.0361596 0.667082 0.258105 0.0386534 0
 0.158088 0.579412 0.248529 0.0139706 0
 0.0477256 0.309471 0.559284 0.082774 0.000745712
 0.0406174 0.521527 0.379366 0.0568643 0.0016247
 0.151134 0.462217 0.34131 0.0453401 0
 0.294876 0.26143 0.354403 0.0886775 0.000613685
 0.281977 0.475581 0.204845 0.0348837 0.00271318
 0.0841818 0.532909 0.334909 0.0458182 0.00218182
pf_pred 
 0.212102 0.543757 0.217036 0.0270963 9.51025e-06
 0.298239 0.476253 0.155631 0.0621187 0.00775807
 0.132481 0.674101 0.131264 0.0428947 0.0192593
 0.389428 0.382662 0.177096 0.0344849 0.0163287
 0.345776 0.535864 0.0741793 0.0343301 0.00985024
 0.148346 0.654939 0.161126 0.0223046 0.0132844
 0.284074 0.402682 0.240891 0.0592635 0.0130899
 0.248126 0.552032 0.112404 0.067242 0.0201966
 0.307222 0.49833 0.142765 0.0290696 0.0226132
 0.276746 0.560983 0.116725 0.0334402 0.0121058
 0.106792 0.653936 0.185589 0.0386159 0.0150679
 0.101186 0.436233 0.338665 0.096114 0.0278021
 0.205547 0.369131 0.206427 0.160258 0.0586377
 0.162902 0.585058 0.117107 0.065489 0.0694446
 0.239114 0.53564 0.157427 0.031511 0.0363078
 0.309638 0.550228 0.09865 0.0289937 0.0124903
 0.196663 0.630383 0.137847 0.0247144 0.0103928
 0.209641 0.512417 0.218103 0.0476927 0.0121465
 0.202377 0.521227 0.179197 0.0762725 0.0209264
 0.351731 0.414824 0.152551 0.0524467 0.0284478
 0.255414 0.591022 0.0982647 0.0361366 0.0191625
 0.221246 0.538341 0.19083 0.0317278 0.017855
 0.280326 0.470157 0.172487 0.0611429 0.0158866
 0.214751 0.568861 0.141365 0.0518628 0.0231609
 0.0473477 0.61761 0.242716 0.0603162 0.0320104
pobs_RECLAS
 0 0 0 0 0
 0 0 0 0 0
 0 0 0 0 0
 0 0 0 0 0
 0.835266 0.146461 0.0176864 0.000547809 3.91292e-05
 0.385257 0.428462 0.181853 0.0044286 0
 0.867414 0.0963971 0.0333333 0.00285562 0
 0.441836 0.489002 0.0689373 0.000224442 0
 0.779404 0.147425 0.0564933 0.0165055 0.000172143
 0.814271 0.122319 0.05973 0.00367925 0
 0.40263 0.566651 0.0304383 0.000280538 0
 0.475488 0.404961 0.113038 0.00651328 0
 0.955842 0.0263864 0.0167828 0.000988607 0
 0.975058 0.0227948 0.00214734 0 0
 0.738997 0.206755 0.0527124 0.00153531 0
 0.850938 0.134255 0.0134407 0.00136685 0
 0.542534 0.407297 0.0501686 0 0
 0.764087 0.199537 0.0359546 0.000420521 0
 0.470689 0.182191 0.310203 0.0369168 0
 0.84361 0.089868 0.0606195 0.00523954 0.000663233
 0.607945 0.314616 0.071237 0.00620181 0
 0.523733 0.453247 0.0230204 0 0
 0.530135 0.295979 0.169645 0.0042399 0
 0.562478 0.366248 0.0663022 0.0049721 0
 0.250443 0.683176 0.0655157 0.000865301 0
ppred_RECLAS
 0.632107 0.253896 0.10134 0.0126521 4.44062e-06
 0.732179 0.181758 0.0593952 0.023707 0.0029608
 0.511152 0.379857 0.0739674 0.0241712 0.0108526
 0.80027 0.125176 0.0579315 0.0112807 0.00534145
 0.765796 0.191833 0.0265552 0.0122897 0.00352626
 0.523964 0.366081 0.0900623 0.0124672 0.00742535
 0.713119 0.16136 0.0965285 0.0237477 0.0052453
 0.677697 0.236637 0.0481837 0.0288244 0.00865759
 0.738724 0.187941 0.0538427 0.0109634 0.00852837
 0.706396 0.22773 0.0473843 0.013575 0.00491432
 0.433044 0.41508 0.117801 0.0245111 0.00956419
 0.417388 0.282766 0.219523 0.0623012 0.0180214
 0.628711 0.172514 0.096474 0.0748967 0.0274044
 0.577711 0.295143 0.0590765 0.0330371 0.0350325
 0.689633 0.218489 0.0642148 0.0128534 0.01481
 0.742297 0.205392 0.0368247 0.0108229 0.00466247
 0.608137 0.307497 0.0672407 0.0120555 0.00506957
 0.625002 0.243124 0.103482 0.0226285 0.00576311
 0.614025 0.252225 0.0867147 0.0369088 0.0101264
 0.773146 0.145163 0.0533833 0.0183531 0.00995497
 0.680608 0.253521 0.0421509 0.0155009 0.00821982
 0.638776 0.249709 0.0885162 0.0147169 0.00828205
 0.70845 0.190467 0.069877 0.0247698 0.00643588
 0.630421 0.267735 0.0665336 0.0244093 0.0109007
 0.236647 0.494886 0.194486 0.0483309 0.0256497
pobs_PELACES
 0 0 0 0 0
 0 0 0 0 0
 0 0 0 0 0
 0 0 0 0 0
 0 0 0 0 0
 0 0 0 0 0
 0 0 0 0 0
 0 0 0 0 0
 0 0 0 0 0
 0 0 0 0 0
 0.450072 0.473896 0.0757376 0.000293798 0
 0 0 0 0 0
 0.463077 0.371075 0.160297 0.00555027 0
 0.529543 0.364841 0.0842815 0.0213345 0
 0.631943 0.363953 0.00410389 0 0
 0.735681 0.248677 0.0153453 0.000297389 0
 0.695825 0.281241 0.0229344 0 0
 0.275771 0.60734 0.115278 0.00161068 0
 0 0 0 0 0
 0.896147 0.0623911 0.0374545 0.00400742 0
 0.803859 0.145111 0.0509908 3.86294e-05 0
 0.739449 0.233085 0.0266225 0.000797448 4.60066e-05
 0.878498 0.100942 0.0204185 0.000141795 0
 0.694673 0.275183 0.0284847 0.00165964 0
 0.469039 0.446079 0.0841089 0.000773354 0
ppred_PELACES
 0.663168 0.23246 0.0927843 0.0115839 4.0657e-06
 0.762415 0.161238 0.0526896 0.0210306 0.00262653
 0.588359 0.319864 0.0622853 0.0203537 0.00913862
 0.812847 0.117294 0.0542836 0.0105703 0.0050051
 0.767927 0.190087 0.0263136 0.0121779 0.00349418
 0.549434 0.346494 0.0852437 0.0118002 0.00702807
 0.727149 0.153468 0.0918074 0.0225862 0.00498876
 0.705539 0.216195 0.0440213 0.0263344 0.00790971
 0.763517 0.170108 0.0487336 0.00992305 0.00771911
 0.723536 0.214436 0.0446182 0.0127825 0.00462743
 0.467467 0.389878 0.110648 0.0230229 0.0089835
 0.448456 0.267688 0.207817 0.058979 0.0170604
 0.675874 0.1506 0.0842194 0.0653829 0.0239233
 0.663357 0.235284 0.047095 0.0263368 0.0279275
 0.763896 0.16621 0.0488498 0.00977789 0.0112664
 0.770879 0.182613 0.0327405 0.00962258 0.00414536
 0.63487 0.28652 0.0626536 0.0112331 0.00472372
 0.643905 0.230868 0.0982656 0.0214878 0.0054726
 0.631181 0.241014 0.0828603 0.0352682 0.00967629
 0.78691 0.136355 0.0501443 0.0172395 0.00935095
 0.687677 0.247909 0.0412179 0.0151578 0.00803788
 0.648387 0.243065 0.0861611 0.0143253 0.00806169
 0.71906 0.183536 0.0673341 0.0238684 0.00620167
 0.642269 0.259153 0.0644008 0.0236268 0.0105513
 0.24605 0.48879 0.192091 0.0477356 0.0253337
pobs_pel_tallas
 0 0 0 0 0 0 0 0 0 0 0 0 0 0 0 0 0 0 0 0 0 0 0 0 0 0 0 0 0 0 0 0 0 0 0 0
 0 0 0 0 0 0 0 0 0 0 0 0 0 0 0 0 0 0 0 0 0 0 0 0 0 0 0 0 0 0 0 0 0 0 0 0
 0 0 0 0 0 0 0 0 0 0 0 0 0 0 0 0 0 0 0 0 0 0 0 0 0 0 0 0 0 0 0 0 0 0 0 0
 0 0 0 0 0 0 0 0 0 0 0 0 0 0 0 0 0 0 0 0 0 0 0 0 0 0 0 0 0 0 0 0 0 0 0 0
 0 0 0 0 0 0 0 0 0 0 0 0 0 0 0 0 0 0 0 0 0 0 0 0 0 0 0 0 0 0 0 0 0 0 0 0
 0 0 0 0 0 0 0 0 0 0 0 0 0 0 0 0 0 0 0 0 0 0 0 0 0 0 0 0 0 0 0 0 0 0 0 0
 0 0 0 0 0 0 0 0 0 0 0 0 0 0 0 0 0 0 0 0 0 0 0 0 0 0 0 0 0 0 0 0 0 0 0 0
 0 0 0 0 0 0 0 0 0 0 0 0 0 0 0 0 0 0 0 0 0 0 0 0 0 0 0 0 0 0 0 0 0 0 0 0
 0 0 0 0 0 0 0 0 0 0 0 0 0 0 0 0 0 0 0 0 0 0 0 0 0 0 0 0 0 0 0 0 0 0 0 0
 0 0 0 0 0 0 0 0 0 0 0 0 0 0 0 0 0 0 0 0 0 0 0 0 0 0 0 0 0 0 0 0 0 0 0 0
 0 0 0 0 0 0 0 0 1.78061e-05 0.00172719 0.00360574 0.0105946 0.0120993 0.0124554 0.0147524 0.0171206 0.0266825 0.0428682 0.0675386 0.121331 0.153587 0.119568 0.100827 0.0573624 0.0630603 0.0341343 0.0324427 0.0444173 0.0211091 0.0280891 0.0125444 0.00206551 0 0 0 0
 0 0 0 0 0 0 0 0 0 0 0 0 0 0 0 0 0 0 0 0 0 0 0 0 0 0 0 0 0 0 0 0 0 0 0 0
 0 0 0 0 0 0 0.0133647 0.0140871 0.0187388 0.0205184 0.03894 0.0496705 0.03968 0.0493445 0.0407372 0.0367815 0.0215668 0.0243155 0.0234873 0.0199281 0.019796 0.0243948 0.0301388 0.0376714 0.0412746 0.0863199 0.0771752 0.113111 0.0741005 0.0525337 0.0229764 0.00759418 0.00175318 0 0 0
 0 0 0 0 0 0 0 0 0 0 0.00219441 0.00772107 0.0458388 0.0604681 0.0671733 0.0775358 0.0609151 0.0617685 0.073594 0.0568108 0.0755445 0.0548602 0.0670107 0.0636378 0.0643287 0.046367 0.0373049 0.0286899 0.0247887 0.0153202 0.00654259 0.00121912 0.000365735 0 0 0
 0 0 0 0 0 0 0 0 0 0 0 0 0.000112435 0.00938835 0.0111873 0.0202946 0.0414886 0.0713402 0.111592 0.104902 0.108894 0.110636 0.117776 0.105296 0.107544 0.0401394 0.0192827 0.0124803 0.00416011 0.0028671 0.000618394 0 0 0 0 0
 0 0 0 0 0 0 0 0 0 0 0.00291406 0.0102884 0.027416 0.0768956 0.0749926 0.110853 0.0956884 0.0897413 0.0766577 0.0534642 0.0500743 0.0551293 0.0594112 0.0620874 0.0668451 0.0424026 0.0208742 0.0120726 0.0048766 0.00582813 0.00118941 0.000297354 0 0 0 0
 0 0.00264628 0.0354308 0.0461629 0.0458689 0.0383711 0.0214643 0.0164657 0.0346957 0.0420465 0.0363128 0.0245516 0.0311673 0.0291091 0.0169068 0.0133784 0.00837989 0.0085269 0.0148486 0.0160247 0.0276389 0.0546898 0.0760071 0.122758 0.109233 0.0665981 0.0333725 0.0166128 0.00676272 0.00308733 0.000882094 0 0 0 0 0
 0 0 0 0 0 0 0 0.000805153 0.000690131 0.00759144 0.0133425 0.0154129 0.00931677 0.000345066 0.00356568 0.00563607 0.00851162 0.0253048 0.0502646 0.0516448 0.0657925 0.0565908 0.0611916 0.0827007 0.0866115 0.110766 0.145733 0.0935128 0.0569358 0.0249597 0.0138026 0.00621118 0.00161031 0.00115022 0 0
 0 0 0 0 0 0 0 0 0 0 0 0 0 0 0 0 0 0 0 0 0 0 0 0 0 0 0 0 0 0 0 0 0 0 0 0
 0.00147267 0.00158595 0.00478618 0.00569244 0.00954404 0.0108468 0.00647125 0.017049 0.0510054 0.094081 0.124002 0.0959785 0.0687766 0.0820023 0.061753 0.0591476 0.0492212 0.0479892 0.0443925 0.0268479 0.0217502 0.0140895 0.0121071 0.0120363 0.00920419 0.00665534 0.0049561 0.00860946 0.00930331 0.0156896 0.0114698 0.00855282 0.00243557 0.00046729 0 2.83206e-05
 0 0 0 0 0.000772559 0.00158375 0.000888443 0.00281984 0.00712685 0.0440552 0.0773331 0.111326 0.0921469 0.0852325 0.0710754 0.0886704 0.0786465 0.0553345 0.0373146 0.0185414 0.00753245 0.00457741 0.012979 0.0271748 0.0457355 0.0583668 0.034881 0.0177882 0.00938659 0.00492506 0.0015258 0.00185414 0.000309023 5.79419e-05 3.86279e-05 0
 0 0.00173294 0.00326652 0 0.00397197 0.00683976 0.00946217 0.0152591 0.00757587 0.0136028 0.0228656 0.0392903 0.0559909 0.0764795 0.0681675 0.0726916 0.0566044 0.0477403 0.0527397 0.0444891 0.0609904 0.0582453 0.0661739 0.0445044 0.0529084 0.0360697 0.0280645 0.0235558 0.0158879 0.00826598 0.00280645 0.00217768 0.000904811 0.00058276 9.20147e-05 0
 0 0 0 0 0 0 0 0 0 0 0 0 0 0 0 0 0 0 0 0 0 0 0 0 0 0 0 0 0 0 0 0 0 0 0 0
 0 0 0 0 0 0 0 0 0 0 0 0 0 0 0 0 0 0 0 0 0 0 0 0 0 0 0 0 0 0 0 0 0 0 0 0
 0 0 0 0 0 0 0 0 0 0 0 0 0 0 0 0 0 0 0 0 0 0 0 0 0 0 0 0 0 0 0 0 0 0 0 0
ppred_pel_tallas
 1.01792e-16 2.89395e-05 0.00016984 0.000807317 0.00310817 0.00969251 0.0244826 0.0500953 0.0830411 0.11153 0.121387 0.10712 0.0767847 0.0450242 0.0222485 0.01048 0.00660146 0.00692484 0.00917751 0.0123254 0.0158773 0.0194593 0.0226895 0.0252032 0.0267209 0.0271075 0.0263964 0.0247679 0.0224949 0.0198732 0.017162 0.0145485 0.012142 0.00998829 0.00809376 0.00644724
 1.01646e-16 3.32642e-05 0.000195236 0.000928069 0.00357313 0.0111425 0.028145 0.0575883 0.0954585 0.128197 0.1395 0.123042 0.0880603 0.0513584 0.0248614 0.0108439 0.00567047 0.00506283 0.0063993 0.00852748 0.0109732 0.0134471 0.015681 0.0174248 0.0184889 0.0187844 0.0183379 0.0172766 0.0157888 0.0140752 0.0123079 0.0106067 0.00903626 0.00761806 0.00634892 0.00521736
 1.02115e-16 2.56809e-05 0.000150701 0.000716313 0.00275775 0.00859972 0.0217224 0.0444484 0.0736838 0.0989722 0.107746 0.0951454 0.068339 0.0403489 0.0204525 0.0104924 0.00774897 0.00898025 0.0121665 0.0163378 0.0209502 0.0255156 0.0295156 0.0324614 0.0339939 0.0339658 0.032471 0.0298097 0.0264049 0.0226984 0.019062 0.0157462 0.0128719 0.0104559 0.00845212 0.00679053
 1.01406e-16 3.54614e-05 0.00020814 0.000989425 0.00380938 0.0118792 0.0300059 0.0613955 0.101768 0.136665 0.148702 0.131126 0.0937783 0.0545558 0.0261522 0.010968 0.00510352 0.00398067 0.00480324 0.00636477 0.00820901 0.0101005 0.0118396 0.0132409 0.014161 0.0145258 0.0143434 0.0136933 0.0127003 0.0115011 0.0102157 0.00893131 0.00770046 0.00654837 0.00548483 0.00451415
 1.01018e-16 3.35056e-05 0.000196651 0.000934791 0.003599 0.0112231 0.0283488 0.0580054 0.0961507 0.129129 0.14052 0.123954 0.0887425 0.0518146 0.0251904 0.0111695 0.00609719 0.00566604 0.0072276 0.00960063 0.0122735 0.0149102 0.0171942 0.0188348 0.0196227 0.0194768 0.0184619 0.0167666 0.0146527 0.0123914 0.0102095 0.00825757 0.00660517 0.00525621 0.00417453 0.00330862
 1.02057e-16 2.39847e-05 0.000140741 0.000668953 0.0025754 0.00803105 0.020286 0.0415097 0.0688136 0.0924351 0.100641 0.0889001 0.0639153 0.0378619 0.019423 0.0103422 0.00810294 0.00969513 0.0132367 0.0178053 0.0228519 0.0278569 0.0322587 0.0355232 0.0372551 0.0372858 0.0357075 0.0328366 0.0291251 0.0250498 0.0210169 0.0173057 0.0140594 0.0113102 0.00902134 0.00712753
 1.02363e-16 3.17262e-05 0.000186207 0.000885146 0.00340786 0.0106271 0.0268432 0.0549247 0.0910435 0.122268 0.13305 0.117355 0.0839971 0.0490022 0.0237474 0.0104064 0.00551839 0.00501115 0.0063944 0.00858019 0.0111271 0.0137669 0.016247 0.0183233 0.0197998 0.0205657 0.020612 0.02002 0.0189297 0.0174996 0.0158728 0.0141582 0.0124283 0.0107292 0.0090927 0.00754703
 1.0197e-16 3.07863e-05 0.000180684 0.000858875 0.00330669 0.0103116 0.0260463 0.0532946 0.0883434 0.118648 0.129125 0.113928 0.0816202 0.0477685 0.0234341 0.0107509 0.00638294 0.00639035 0.00834668 0.0111565 0.0143191 0.0174756 0.0202728 0.0223805 0.0235553 0.023694 0.0228534 0.0212268 0.0190884 0.0167239 0.0143727 0.0121942 0.0102644 0.00859355 0.00715417 0.00590705
 1.01449e-16 3.33125e-05 0.000195519 0.000929414 0.0035783 0.0111586 0.0281857 0.0576717 0.0955971 0.128384 0.139706 0.123227 0.0882022 0.05146 0.0249456 0.0109397 0.005804 0.00525502 0.00666512 0.0088741 0.0113967 0.013929 0.0161876 0.0179093 0.0188972 0.0190634 0.0184452 0.0171877 0.0155013 0.0136089 0.0117003 0.00990652 0.0082957 0.00688575 0.00566472 0.0046095
 1.01359e-16 3.1571e-05 0.000185291 0.000880777 0.00339102 0.0105746 0.0267106 0.0546538 0.0905961 0.121672 0.132415 0.116826 0.0836858 0.0489564 0.0239773 0.0109328 0.00639724 0.00632603 0.00822812 0.01098 0.0140711 0.0171396 0.0198315 0.0218172 0.0228548 0.022844 0.0218461 0.020061 0.0177712 0.0152729 0.012816 0.01057 0.00861826 0.0069746 0.0056105 0.0044809
 1.02909e-16 2.04124e-05 0.000119764 0.000569218 0.00219138 0.00683348 0.0172611 0.0353209 0.058557 0.0786667 0.0856744 0.0757359 0.0545744 0.0325771 0.0171703 0.00988368 0.00862254 0.0108614 0.0150083 0.0202484 0.0260362 0.0318075 0.0369358 0.0408196 0.0430083 0.0433015 0.0417874 0.0388029 0.034836 0.0304047 0.0259513 0.0217825 0.0180593 0.0148258 0.0120546 0.00969024
 1.05861e-16 1.95787e-05 0.00011488 0.000546022 0.00210211 0.00655513 0.0165579 0.0338811 0.0561674 0.0754483 0.0821478 0.0725675 0.0521807 0.0309281 0.0159031 0.00854023 0.00680403 0.0082665 0.0114321 0.0155999 0.0203803 0.025405 0.0302558 0.0345053 0.0377943 0.0398964 0.0407487 0.040436 0.0391422 0.0370891 0.0344848 0.0314981 0.0282582 0.0248694 0.0214303 0.0180436
 1.0461e-16 2.94901e-05 0.00017308 0.00082274 0.00316758 0.00987781 0.0249505 0.0510521 0.0846247 0.113649 0.123674 0.109092 0.0780968 0.0455897 0.02215 0.00980489 0.00534595 0.0049975 0.00645403 0.00871228 0.0113676 0.0141735 0.0168945 0.0193 0.0212007 0.0224826 0.0231206 0.0231673 0.0227225 0.0218967 0.0207835 0.0194467 0.0179252 0.0162469 0.0144442 0.0125639
 1.02956e-16 2.89476e-05 0.000169888 0.000807546 0.00310906 0.00969526 0.0244896 0.0501096 0.0830647 0.111561 0.121421 0.10715 0.0768056 0.0450348 0.02225 0.0104729 0.00658294 0.00688803 0.00911058 0.0122115 0.0156952 0.019186 0.0223048 0.0246957 0.0260955 0.0263917 0.0256434 0.0240547 0.0219147 0.0195229 0.0171263 0.0148851 0.0128706 0.011086 0.0094982 0.00806652
 1.01611e-16 3.33289e-05 0.000195616 0.000929874 0.00358007 0.0111641 0.0281997 0.0577003 0.0956443 0.128447 0.139773 0.123284 0.0882387 0.0514719 0.024934 0.010905 0.00574368 0.00516349 0.00653609 0.0087031 0.0111834 0.0136794 0.0159145 0.0176319 0.0186391 0.0188493 0.0182969 0.017121 0.0155239 0.0137197 0.0118904 0.0101609 0.00859594 0.00721222 0.00599873 0.00493479
 1.01049e-16 3.3634e-05 0.000197406 0.00093838 0.00361282 0.0112662 0.0284576 0.0582281 0.0965197 0.129623 0.141057 0.124423 0.0890691 0.0519867 0.0252396 0.011133 0.00599561 0.0055021 0.00699506 0.00929352 0.0118927 0.0144672 0.0167122 0.0183473 0.0191685 0.0190938 0.01818 0.0166026 0.0146075 0.0124515 0.0103504 0.00844927 0.00681782 0.00546456 0.00436052 0.00346207
 1.0159e-16 2.77077e-05 0.000162603 0.000772903 0.00297565 0.00927924 0.0234388 0.04796 0.0795032 0.106783 0.116235 0.102608 0.0736255 0.0433219 0.0216854 0.0106778 0.00733777 0.00814817 0.0109271 0.0146503 0.018782 0.0228725 0.0264536 0.0290846 0.0304413 0.0303888 0.0290093 0.026571 0.0234541 0.0200578 0.0167207 0.0136742 0.0110339 0.00882185 0.00700137 0.00551195
 1.02465e-16 2.80995e-05 0.000164908 0.000783873 0.00301791 0.00941102 0.0237716 0.0486405 0.0806298 0.108292 0.117864 0.104015 0.0745683 0.0437425 0.0216488 0.0102552 0.00653919 0.00692482 0.00920953 0.0123919 0.0159952 0.0196539 0.0229923 0.0256492 0.027345 0.0279396 0.0274564 0.026061 0.0240087 0.0215769 0.0190082 0.0164778 0.0140884 0.0118858 0.00988291 0.00807983
 1.02919e-16 2.7545e-05 0.000161652 0.000768391 0.0029583 0.00922513 0.023302 0.0476799 0.0790377 0.106155 0.115542 0.101974 0.0731221 0.0429291 0.0213111 0.0102032 0.00664831 0.0071449 0.00953348 0.012826 0.016542 0.0203049 0.0237259 0.026433 0.028142 0.0287162 0.0281897 0.0267442 0.0246513 0.0222011 0.0196414 0.0171443 0.0148024 0.0126478 0.0106791 0.00888591
 1.01786e-16 3.43312e-05 0.000201503 0.000957868 0.00368787 0.0115003 0.0290488 0.0594373 0.0985226 0.132309 0.143968 0.126965 0.0908307 0.0528985 0.0254656 0.0108661 0.0053348 0.00444691 0.00549625 0.00730614 0.00941515 0.0115659 0.0135305 0.0150973 0.0161044 0.0164726 0.0162189 0.015443 0.0142954 0.0129374 0.0115069 0.0100999 0.0087686 0.00753207 0.00639138 0.00534297
 1.01563e-16 3.00087e-05 0.000176116 0.000837152 0.00322304 0.0100507 0.0253874 0.0519468 0.0861102 0.115652 0.125873 0.111079 0.0796236 0.0466896 0.0230713 0.010864 0.00683069 0.00713994 0.00942419 0.0125967 0.0161314 0.0196249 0.0226708 0.0248906 0.026009 0.0259159 0.0246898 0.0225696 0.019889 0.0169953 0.014179 0.0116343 0.00945212 0.00764074 0.00615827 0.00494405
 1.02172e-16 2.82954e-05 0.000166057 0.000789332 0.00303892 0.00947656 0.0239371 0.0489794 0.0811917 0.109047 0.118688 0.104748 0.0751038 0.0440777 0.0218534 0.0104155 0.00672261 0.0071738 0.00954735 0.012826 0.0165158 0.0202308 0.0235746 0.0261691 0.0277267 0.028112 0.0273657 0.0256815 0.0233476 0.0206731 0.017925 0.015292 0.0128787 0.0107225 0.00882045 0.00715391
 1.02126e-16 3.13746e-05 0.000184141 0.000875315 0.00337 0.010509 0.026545 0.0543147 0.0900333 0.120914 0.131584 0.116078 0.0831184 0.048561 0.0236664 0.0105955 0.005936 0.00566595 0.0073173 0.00979476 0.0126269 0.0155016 0.0181176 0.0201897 0.0214999 0.021942 0.0215401 0.0204309 0.0188205 0.0169302 0.0149502 0.0130143 0.0111965 0.00952469 0.00800109 0.0066198
 1.02304e-16 2.80292e-05 0.000164493 0.000781893 0.00301028 0.00938722 0.0237115 0.0485178 0.0804271 0.108022 0.117576 0.103775 0.0744269 0.043721 0.0217514 0.0104904 0.00693116 0.00750912 0.0100204 0.0134462 0.0172777 0.0211065 0.0245119 0.0270963 0.0285639 0.0287851 0.0278217 0.0258991 0.0233408 0.0204872 0.0176259 0.014952 0.0125631 0.0104796 0.00867671 0.0071143
 1.0571e-16 1.07618e-05 6.30966e-05 0.000299794 0.00115399 0.00359841 0.00908978 0.0186025 0.0308492 0.0414707 0.0452367 0.0401597 0.0293102 0.0182423 0.0109815 0.0084726 0.00975556 0.0136114 0.0192364 0.0261171 0.0337394 0.0414473 0.0484697 0.0540498 0.0576032 0.058842 0.0578239 0.0549071 0.0506356 0.0455962 0.040296 0.0350942 0.0301937 0.0256754 0.0215518 0.0178131
pSPR Fmed_Fpbrs
0.600494   0.345176 0.345176
Fs Fmed_Fpbrs
0.35284   1.005 1.005
SSBpbr Bo_Bmed_Bpbrs
999607  550278  295060 295060
Ro
39340.1
SPR SPRFo_SPRFmed_SPRFpbrs
808944 485766 279228
log_Ro
10.4
likeval ReclasPelacesDesembMPH_pf_preclas_ppelaces_ptallas_desvR_qrecl_qpela
 74.0713 46.7666 0.00731332 0.000879871 314.233 192.552 77.7246 0 17.6322 3.74228e-05 0 0 0 0 0
q_reclas_q_pelaces
0.420267 1
M
0.7
N
 29927.2 14775.4 5897.46 736.282 0.25842
 43359.8 13722 4484.1 1789.79 223.528
 16427.2 19602.5 3817.09 1247.36 560.05
 38432.3 6792.68 3143.65 612.145 289.853
 71371.6 18204.5 2520.03 1166.27 334.634
 43131.7 35195.5 8658.7 1198.62 713.883
 80218.7 20171 12066.7 2968.61 655.695
 89859.9 38243.4 7787.05 4658.35 1399.17
 132883 41336.5 11842.4 2411.32 1875.76
 166715 61052.3 12703.3 3639.33 1317.48
 66591.7 78807.3 22365.7 4653.69 1815.86
 37139.2 30480.4 23663.2 6715.67 1942.59
 45526 17124.6 9576.54 7434.65 2720.31
 22534.9 20012.1 4005.67 2240.07 2375.37
 16141.8 9036.89 2655.99 531.628 612.557
 18371 6432.13 1153.21 338.935 146.011
 13866.5 8329.33 1821.38 326.554 137.322
 14637.1 6442.31 2742.07 599.612 152.711
 15102.7 6929.62 2382.4 1014.03 278.212
 33890.3 7185.72 2642.53 908.5 492.782
 41021.6 16056.7 2669.62 981.749 520.601
 47976.1 19984 7083.89 1177.78 662.806
 79923.5 23246.6 8528.53 3023.17 785.502
 83886.6 38499.6 9567.37 3510 1567.5
 17883.9 40426.1 15887.1 3948.04 2095.26
pred_Ctot
 1657.74 4249.9 1696.31 211.779 0.0743302
 2809.28 4486.09 1465.97 585.13 73.0775
 1997.54 10164.1 1979.19 646.764 290.391
 1278.6 1256.38 581.453 113.223 53.6116
 357.272 553.68 76.6455 35.4715 10.1777
 1813.04 8004.49 1969.24 272.601 162.358
 2311.09 3276.03 1959.78 482.141 106.493
 4780.8 10636.3 2165.75 1295.59 389.14
 7179.62 11645.7 3336.36 679.343 528.459
 5781.38 11719.2 2438.45 698.585 252.896
 3765.71 23059.2 6544.26 1361.68 531.326
 1917.14 8265.17 6416.59 1821.04 526.759
 3785.35 6797.91 3801.57 2951.31 1079.87
 3157.53 11340.2 2269.88 1269.37 1346.04
 2322.73 5203.15 1529.23 306.094 352.691
 1155.14 2052.69 368.026 108.165 46.5968
 644.897 2067.15 452.026 81.0434 34.0802
 492.2 1203.07 512.067 111.974 28.518
 455.934 1174.27 403.713 171.834 47.1449
 1122.12 1323.41 486.681 167.32 90.7567
 560.601 1297.22 215.678 79.3152 42.0592
 837.728 2038.38 722.558 120.134 67.6064
 1725.3 2893.64 1061.6 376.312 97.7762
 1785.51 4729.7 1175.36 431.205 192.568
 381.832 4980.67 1957.37 486.417 258.146
F
 0.079768 0.492425 0.492425 0.492425 0.492425
 0.0938752 0.579512 0.579512 0.579512 0.579512
 0.183093 1.13027 1.13027 1.13027 1.13027
 0.0472323 0.291575 0.291575 0.291575 0.291575
 0.00698209 0.0431019 0.0431019 0.0431019 0.0431019
 0.0600128 0.370472 0.370472 0.370472 0.370472
 0.0407865 0.251784 0.251784 0.251784 0.251784
 0.0765058 0.472286 0.472286 0.472286 0.472286
 0.0777366 0.479885 0.479885 0.479885 0.479885
 0.0492775 0.304201 0.304201 0.304201 0.304201
 0.0814948 0.503085 0.503085 0.503085 0.503085
 0.0741541 0.457769 0.457769 0.457769 0.457769
 0.121948 0.752808 0.752808 0.752808 0.752808
 0.213749 1.31952 1.31952 1.31952 1.31952
 0.220106 1.35876 1.35876 1.35876 1.35876
 0.0909915 0.56171 0.56171 0.56171 0.56171
 0.0665891 0.411069 0.411069 0.411069 0.411069
 0.0477517 0.294781 0.294781 0.294781 0.294781
 0.0427762 0.264066 0.264066 0.264066 0.264066
 0.0470028 0.290158 0.290158 0.290158 0.290158
 0.019164 0.118304 0.118304 0.118304 0.118304
 0.0245444 0.151518 0.151518 0.151518 0.151518
 0.030422 0.187801 0.187801 0.187801 0.187801
 0.0299906 0.185138 0.185138 0.185138 0.185138
 0.0300845 0.185718 0.185718 0.185718 0.185718
YTP_r0W_actual
 4276.52 109575 64593.1 19991.7 11048.6
YTP_p0W_proyectada
 32253.3 88944.9 250882 128616 51576.4
 32253.3 151526 23571.6 59489.1 31565.6
CTP_r0_actual
 381.832 4980.67 1957.37 486.417 258.146
CTP_p0_proyectada
 3794.51 4156.3 8041.09 3160.09 1109.17
 3794.51 7080.66 755.501 1461.65 678.83
Wmedp
 8.5 21.4 31.2 40.7 46.5
nmprior
 10.6 11 7 0
nm_flota  nm_reclas  nm_pelaces    nm_pelaL
inf 18.9248 19.7257 48.2548
cv_recla  cv_pelaces  cv_mph
0.778484 0.775426 0.962383
 ------------------------------------------------
Talla a la edad & desviaci?n 
 7.2 14.2025 17.0495 18.207 18.6776
 1.08 2.13037 2.55742 2.73105 2.80164
