years
 1997 1998 1999 2000 2001 2002 2003 2004 2005 2006 2007 2008 2009 2010 2011 2012 2013 2014 2015 2016 2017 2018 2019 2020 2021
reclasobs
 0 0 0 370054 412103 1.49427e+06 250295 1.28982e+06 931140 785840 897777 1.04006e+06 184774 17550 25797 100020 73551 82996 120727 218422 84188 347160 605670 569463 516374
reclaspred
 444826 119989 338556 242007 375749 457830 999436 669853 743640 720689 589951 403089 248560 104959 65063.1 63830.5 78939.4 107289 115910 162491 241000 223451 383338 484612 573782
pelacesobs
 0 0 0 0 0 0 0 0 0 2.06254e+06 1.5e+06 0 1.87456e+06 323000 250000 174000 83755 137374 0 501740 490994 745055 786931 1.00524e+06 1.33801e+06
pelacespred
 1.85892e+06 418724 744523 826118 1.11721e+06 1.10756e+06 2.78072e+06 2.26382e+06 2.23934e+06 2.19132e+06 1.56845e+06 1.11545e+06 670336 220423 138438 149478 194969 277503 304194 417791 709883 640992 855169 1.28653e+06 1.53158e+06
mphobs
 0 0 0 0 0 112323 0 153150 637223 0 255016 313432 73983 77613 109348 50772 0 0 0 0 0 0 0 0 0
mphpred
 163213 94872.3 112815 123810 140563 229652 335526 402455 339988 349947 346415 241391 150203 77811.3 33264.2 27346.6 32273.3 43857.2 55276.4 63917.1 96678.6 117077 145347 205489 283164
desembarqueobs
 350755 77701 442110 56441 14545 235359 269955 359681 431902 328805 639364 411747 362871 311530 167758 66681 60226 58785 57116 73181 50977 67692 138656 160484 209506
desembarquepred
 350767 77704 442144 56444.4 14545.3 235431 270012 359710 431982 328845 639491 411895 363074 311770 167662 66686.3 60255.4 58784.9 57107.4 73182.6 50979.9 67686.2 138664 160501 209514
Reclutas
 40701.7 49290.5 28504 43070.1 73687.4 53621.3 89433.6 85007.2 107324 118535 65840.3 44485.6 44702.8 23988.9 15153.2 14968.6 11539.5 13209.9 14683.3 24202.1 30880.4 39572.6 63235.5 76397.7 34640
log_desv_Rt
 0.0340258 0.225486 -0.322202 0.0905839 0.627587 0.309702 0.821252 0.770491 1.00361 1.10297 0.514987 0.122921 0.12779 -0.494654 -0.954032 -0.966291 -1.22647 -1.09128 -0.985532 -0.485805 -0.242124 0.00589214 0.474622 0.663707 -0.127235
SSB
 479544 278749 331465 363772 412995 674750 985824 1.18247e+06 998933 1.0282e+06 1.01782e+06 709241 441317 228621 97735.1 80348.1 94823.5 128859 162410 187798 284056 343988 427049 603757 831975
BT
 1.69588e+06 418700 789887 639565 804015 934193 2.19474e+06 1.99235e+06 2.00027e+06 1.86327e+06 1.66571e+06 1.1493e+06 828943 448017 240379 161869 188612 244461 259465 356737 545935 501088 689700 1.03425e+06 1.20836e+06
Ftot
 0.862043 0.731696 1.15242 0.224273 0.0406413 0.392366 0.242623 0.488948 0.55725 0.432979 0.850134 0.760129 1.21723 2.37923 2.69864 1.11731 0.790238 0.525835 0.426654 0.440303 0.204187 0.254882 0.306931 0.303138 0.2711
BD_Bspro_t
 0.918472 0.667198 0.608523 0.451447 0.609247 0.767167 0.723774 0.735171 0.669939 0.633786 0.603507 0.442661 0.334414 0.229832 0.125895 0.127636 0.196652 0.320185 0.429686 0.525004 0.650353 0.747346 0.754971 0.760975 0.766887
BD_Bspro
 0.592803 0.344583 0.409751 0.449687 0.510536 0.834113 1.21866 1.46175 1.23486 1.27104 1.2582 0.876749 0.545547 0.282616 0.120818 0.0993247 0.117219 0.159293 0.200768 0.232152 0.351144 0.425231 0.527909 0.746353 1.02847
BD_Bo
 0.494561 0.287477 0.341845 0.375163 0.425928 0.69588 1.01669 1.2195 1.03021 1.06039 1.04969 0.73145 0.455136 0.23578 0.100796 0.0828642 0.0977929 0.132894 0.167496 0.193678 0.292951 0.35476 0.440422 0.622664 0.858028
BD_Brms
 0.899202 0.522686 0.621536 0.682115 0.774415 1.26524 1.84854 2.21727 1.87312 1.92799 1.90853 1.32991 0.827521 0.428691 0.183265 0.150662 0.177805 0.241625 0.304538 0.352143 0.532638 0.645018 0.800767 1.13212 1.56005
S_f
 0.120561 0.722583 0.980194 0.998938 0.999944
 0.120561 0.722583 0.980194 0.998938 0.999944
 0.120561 0.722583 0.980194 0.998938 0.999944
 0.120561 0.722583 0.980194 0.998938 0.999944
 0.120561 0.722583 0.980194 0.998938 0.999944
 0.120561 0.722583 0.980194 0.998938 0.999944
 0.120561 0.722583 0.980194 0.998938 0.999944
 0.120561 0.722583 0.980194 0.998938 0.999944
 0.120561 0.722583 0.980194 0.998938 0.999944
 0.120561 0.722583 0.980194 0.998938 0.999944
 0.120561 0.722583 0.980194 0.998938 0.999944
 0.120561 0.722583 0.980194 0.998938 0.999944
 0.120561 0.722583 0.980194 0.998938 0.999944
 0.120561 0.722583 0.980194 0.998938 0.999944
 0.120561 0.722583 0.980194 0.998938 0.999944
 0.120561 0.722583 0.980194 0.998938 0.999944
 0.120561 0.722583 0.980194 0.998938 0.999944
 0.120561 0.722583 0.980194 0.998938 0.999944
 0.120561 0.722583 0.980194 0.998938 0.999944
 0.120561 0.722583 0.980194 0.998938 0.999944
 0.120561 0.722583 0.980194 0.998938 0.999944
 0.120561 0.722583 0.980194 0.998938 0.999944
 0.120561 0.722583 0.980194 0.998938 0.999944
 0.120561 0.722583 0.980194 0.998938 0.999944
 0.120561 0.722583 0.980194 0.998938 0.999944
Scru_reclas
 0.839894 1 1 1 1
 0.839894 1 1 1 1
 0.839894 1 1 1 1
 0.839894 1 1 1 1
 0.839894 1 1 1 1
 0.839894 1 1 1 1
 0.839894 1 1 1 1
 0.839894 1 1 1 1
 0.839894 1 1 1 1
 0.839894 1 1 1 1
 0.839894 1 1 1 1
 0.839894 1 1 1 1
 0.839894 1 1 1 1
 0.839894 1 1 1 1
 0.839894 1 1 1 1
 0.839894 1 1 1 1
 0.839894 1 1 1 1
 0.839894 1 1 1 1
 0.839894 1 1 1 1
 0.839894 1 1 1 1
 0.839894 1 1 1 1
 0.839894 1 1 1 1
 0.839894 1 1 1 1
 0.839894 1 1 1 1
 0.839894 1 1 1 1
Scru_pelaces
 0.830385 1 1 1 1
 0.830385 1 1 1 1
 0.830385 1 1 1 1
 0.830385 1 1 1 1
 0.830385 1 1 1 1
 0.830385 1 1 1 1
 0.830385 1 1 1 1
 0.830385 1 1 1 1
 0.830385 1 1 1 1
 0.830385 1 1 1 1
 0.830385 1 1 1 1
 0.830385 1 1 1 1
 0.830385 1 1 1 1
 0.830385 1 1 1 1
 0.830385 1 1 1 1
 0.830385 1 1 1 1
 0.830385 1 1 1 1
 0.830385 1 1 1 1
 0.830385 1 1 1 1
 0.830385 1 1 1 1
 0.830385 1 1 1 1
 0.830385 1 1 1 1
 0.830385 1 1 1 1
 0.830385 1 1 1 1
 0.830385 1 1 1 1
pf_obs 
 0.256992 0.487395 0.22802 0.0275931 0
 0.321318 0.546541 0.124235 0.00734118 0.000564706
 0.182869 0.594174 0.210203 0.0122559 0.00049798
 0.330522 0.361315 0.267642 0.0388342 0.00168674
 0.649043 0.306663 0.0425973 0.00169635 0
 0.582887 0.30429 0.105238 0.00758474 0
 0.465427 0.430635 0.0974691 0.00646863 0
 0.296916 0.608066 0.0921331 0.00288517 0
 0.311714 0.524322 0.152257 0.0117073 0
 0.15457 0.633149 0.183074 0.0267441 0.00246327
 0.131901 0.49318 0.331252 0.0422183 0.00144891
 0.196976 0.569456 0.194076 0.0375587 0.00193317
 0.518974 0.381816 0.0799577 0.0180837 0.00116848
 0.0928022 0.601141 0.25162 0.0475244 0.00691264
 0.122501 0.610282 0.24278 0.0234846 0.000952079
 0.383417 0.481906 0.127806 0.00687128 0
 0.0376549 0.599619 0.316969 0.0457579 0
 0.0361596 0.667082 0.258105 0.0386534 0
 0.158088 0.579412 0.248529 0.0139706 0
 0.0477256 0.309471 0.559284 0.082774 0.000745712
 0.0406174 0.521527 0.379366 0.0568643 0.0016247
 0.151134 0.462217 0.34131 0.0453401 0
 0.294876 0.26143 0.354403 0.0886775 0.000613685
 0.281977 0.475581 0.204845 0.0348837 0.00271318
 0.0841818 0.532909 0.334909 0.0458182 0.00218182
pf_pred 
 0.338793 0.454184 0.185101 0.0219085 1.31331e-05
 0.299452 0.551903 0.114674 0.0304637 0.00350712
 0.173136 0.616598 0.178494 0.0246604 0.00711124
 0.275158 0.444806 0.231272 0.0415956 0.00716816
 0.285887 0.478879 0.161584 0.0610414 0.0126089
 0.154403 0.567898 0.203643 0.0511663 0.0228896
 0.242851 0.387959 0.274787 0.0696463 0.0247574
 0.195655 0.524939 0.165966 0.084885 0.0285547
 0.237934 0.458802 0.221994 0.0487426 0.0325276
 0.22843 0.514891 0.176851 0.0588234 0.0210045
 0.13599 0.559706 0.226053 0.0543057 0.0239459
 0.140324 0.461102 0.294698 0.0777291 0.0261475
 0.216529 0.436012 0.221626 0.0937008 0.0321315
 0.205543 0.583214 0.142897 0.0441265 0.0242189
 0.287561 0.570245 0.121358 0.0143285 0.00650706
 0.342592 0.567862 0.0805341 0.00775463 0.00125804
 0.223461 0.618771 0.143698 0.0126934 0.00137587
 0.240918 0.497875 0.223621 0.0343167 0.00326887
 0.227607 0.51251 0.190912 0.0592498 0.00972111
 0.293935 0.450177 0.189013 0.049425 0.0174494
 0.253203 0.53092 0.15459 0.0455433 0.0157434
 0.232468 0.492891 0.212222 0.0449578 0.0174612
 0.273122 0.45549 0.193818 0.0602262 0.0173431
 0.236882 0.51975 0.170908 0.0520678 0.0203916
 0.0969528 0.571718 0.248489 0.0585497 0.0242905
pobs_RECLAS
 0 0 0 0 0
 0 0 0 0 0
 0 0 0 0 0
 0 0 0 0 0
 0.835266 0.146461 0.0176864 0.000547809 3.91292e-05
 0.385257 0.428462 0.181853 0.0044286 0
 0.867414 0.0963971 0.0333333 0.00285562 0
 0.441836 0.489002 0.0689373 0.000224442 0
 0.779404 0.147425 0.0564933 0.0165055 0.000172143
 0.814271 0.122319 0.05973 0.00367925 0
 0.40263 0.566651 0.0304383 0.000280538 0
 0.475488 0.404961 0.113038 0.00651328 0
 0.955842 0.0263864 0.0167828 0.000988607 0
 0.975058 0.0227948 0.00214734 0 0
 0.738997 0.206755 0.0527124 0.00153531 0
 0.850938 0.134255 0.0134407 0.00136685 0
 0.542534 0.407297 0.0501686 0 0
 0.764087 0.199537 0.0359546 0.000420521 0
 0.470689 0.182191 0.310203 0.0369168 0
 0.84361 0.089868 0.0606195 0.00523954 0.000663233
 0.607945 0.314616 0.071237 0.00620181 0
 0.523733 0.453247 0.0230204 0 0
 0.530135 0.295979 0.169645 0.0042399 0
 0.562478 0.366248 0.0663022 0.0049721 0
 0.250443 0.683176 0.0655157 0.000865301 0
ppred_RECLAS
 0.747519 0.190296 0.0557231 0.00645861 3.86732e-06
 0.703522 0.248375 0.0372835 0.00970337 0.00111588
 0.549139 0.363368 0.0745218 0.0100709 0.00290071
 0.682634 0.217285 0.0829314 0.0146311 0.0025188
 0.688797 0.228869 0.0568933 0.0210882 0.00435166
 0.506612 0.363982 0.0953979 0.023504 0.0105037
 0.652453 0.205066 0.106576 0.026496 0.00940898
 0.580703 0.302793 0.0697665 0.0349823 0.0117554
 0.644425 0.240575 0.0846402 0.0182162 0.0121434
 0.625665 0.274905 0.0689313 0.0224806 0.0080189
 0.479324 0.374929 0.108857 0.02561 0.0112801
 0.49552 0.31133 0.143585 0.0370992 0.0124662
 0.632976 0.235568 0.0845355 0.0349503 0.0119707
 0.635548 0.295446 0.0471209 0.0141371 0.00774724
 0.73484 0.229144 0.0308796 0.00353451 0.00160248
 0.744419 0.229906 0.023142 0.00218 0.00035325
 0.615266 0.325103 0.0544137 0.00470805 0.000509757
 0.643734 0.258015 0.0843541 0.0126896 0.00120748
 0.62469 0.274285 0.0746029 0.0227021 0.00372083
 0.703433 0.209925 0.0643311 0.0164936 0.00581695
 0.651062 0.269039 0.0575308 0.0166263 0.00574147
 0.630291 0.262777 0.0829955 0.0172457 0.00669118
 0.68067 0.222674 0.0694147 0.0211549 0.0060856
 0.633994 0.272921 0.0657525 0.0196467 0.00768641
 0.377551 0.437457 0.139418 0.0322205 0.0133536
pobs_PELACES
 0 0 0 0 0
 0 0 0 0 0
 0 0 0 0 0
 0 0 0 0 0
 0 0 0 0 0
 0 0 0 0 0
 0 0 0 0 0
 0 0 0 0 0
 0 0 0 0 0
 0 0 0 0 0
 0.450072 0.473896 0.0757376 0.000293798 0
 0 0 0 0 0
 0.463077 0.371075 0.160297 0.00555027 0
 0.529543 0.364841 0.0842815 0.0213345 0
 0.631943 0.363953 0.00410389 0 0
 0.735681 0.248677 0.0153453 0.000297389 0
 0.695825 0.281241 0.0229344 0 0
 0.275771 0.60734 0.115278 0.00161068 0
 0 0 0 0 0
 0.896147 0.0623911 0.0374545 0.00400742 0
 0.803859 0.145111 0.0509908 3.86294e-05 0
 0.739449 0.233085 0.0266225 0.000797448 4.60066e-05
 0.878498 0.100942 0.0204185 0.000141795 0
 0.694673 0.275183 0.0284847 0.00165964 0
 0.469039 0.446079 0.0841089 0.000773354 0
ppred_PELACES
 0.779539 0.169127 0.0460248 0.00530615 3.17634e-06
 0.732647 0.226225 0.0319105 0.00826749 0.000950524
 0.606642 0.322932 0.0600483 0.00805734 0.00231985
 0.691069 0.212793 0.0796832 0.0140386 0.00241661
 0.688287 0.229459 0.056843 0.0210643 0.00434666
 0.525434 0.353194 0.0895337 0.0220057 0.00983286
 0.66267 0.200749 0.102202 0.0253706 0.0090086
 0.604229 0.28917 0.0639148 0.0319513 0.0107351
 0.670249 0.226558 0.0760207 0.0163048 0.0108672
 0.645234 0.263115 0.0635908 0.0206834 0.00737678
 0.523688 0.349935 0.0945165 0.0221196 0.00973998
 0.536536 0.29317 0.126748 0.0325955 0.0109501
 0.692577 0.204701 0.0662372 0.0271796 0.00930545
 0.741432 0.217303 0.0283113 0.00836983 0.0045831
 0.82815 0.152802 0.0163704 0.00184276 0.000834722
 0.783954 0.19614 0.0179542 0.00167965 0.000272072
 0.651422 0.297566 0.0465688 0.00400964 0.000434024
 0.667509 0.243765 0.0762112 0.0114274 0.00108719
 0.643983 0.262751 0.0689203 0.0209176 0.00342786
 0.721272 0.199479 0.0588839 0.015056 0.00530915
 0.658568 0.264315 0.0555479 0.016033 0.00553621
 0.640845 0.256894 0.0793981 0.0164722 0.00639054
 0.693053 0.215756 0.0655258 0.0199318 0.00573318
 0.646767 0.265149 0.0622549 0.0185668 0.00726318
 0.389226 0.432231 0.134614 0.0310582 0.0128707
pobs_pel_tallas
 0 0 0 0 0 0 0 0 0 0 0 0 0 0 0 0 0 0 0 0 0 0 0 0 0 0 0 0 0 0 0 0 0 0 0 0
 0 0 0 0 0 0 0 0 0 0 0 0 0 0 0 0 0 0 0 0 0 0 0 0 0 0 0 0 0 0 0 0 0 0 0 0
 0 0 0 0 0 0 0 0 0 0 0 0 0 0 0 0 0 0 0 0 0 0 0 0 0 0 0 0 0 0 0 0 0 0 0 0
 0 0 0 0 0 0 0 0 0 0 0 0 0 0 0 0 0 0 0 0 0 0 0 0 0 0 0 0 0 0 0 0 0 0 0 0
 0 0 0 0 0 0 0 0 0 0 0 0 0 0 0 0 0 0 0 0 0 0 0 0 0 0 0 0 0 0 0 0 0 0 0 0
 0 0 0 0 0 0 0 0 0 0 0 0 0 0 0 0 0 0 0 0 0 0 0 0 0 0 0 0 0 0 0 0 0 0 0 0
 0 0 0 0 0 0 0 0 0 0 0 0 0 0 0 0 0 0 0 0 0 0 0 0 0 0 0 0 0 0 0 0 0 0 0 0
 0 0 0 0 0 0 0 0 0 0 0 0 0 0 0 0 0 0 0 0 0 0 0 0 0 0 0 0 0 0 0 0 0 0 0 0
 0 0 0 0 0 0 0 0 0 0 0 0 0 0 0 0 0 0 0 0 0 0 0 0 0 0 0 0 0 0 0 0 0 0 0 0
 0 0 0 0 0 0 0 0 0 0 0 0 0 0 0 0 0 0 0 0 0 0 0 0 0 0 0 0 0 0 0 0 0 0 0 0
 0 0 0 0 0 0 0 0 1.78061e-05 0.00172719 0.00360574 0.0105946 0.0120993 0.0124554 0.0147524 0.0171206 0.0266825 0.0428682 0.0675386 0.121331 0.153587 0.119568 0.100827 0.0573624 0.0630603 0.0341343 0.0324427 0.0444173 0.0211091 0.0280891 0.0125444 0.00206551 0 0 0 0
 0 0 0 0 0 0 0 0 0 0 0 0 0 0 0 0 0 0 0 0 0 0 0 0 0 0 0 0 0 0 0 0 0 0 0 0
 0 0 0 0 0 0 0.0133647 0.0140871 0.0187388 0.0205184 0.03894 0.0496705 0.03968 0.0493445 0.0407372 0.0367815 0.0215668 0.0243155 0.0234873 0.0199281 0.019796 0.0243948 0.0301388 0.0376714 0.0412746 0.0863199 0.0771752 0.113111 0.0741005 0.0525337 0.0229764 0.00759418 0.00175318 0 0 0
 0 0 0 0 0 0 0 0 0 0 0.00219441 0.00772107 0.0458388 0.0604681 0.0671733 0.0775358 0.0609151 0.0617685 0.073594 0.0568108 0.0755445 0.0548602 0.0670107 0.0636378 0.0643287 0.046367 0.0373049 0.0286899 0.0247887 0.0153202 0.00654259 0.00121912 0.000365735 0 0 0
 0 0 0 0 0 0 0 0 0 0 0 0 0.000112435 0.00938835 0.0111873 0.0202946 0.0414886 0.0713402 0.111592 0.104902 0.108894 0.110636 0.117776 0.105296 0.107544 0.0401394 0.0192827 0.0124803 0.00416011 0.0028671 0.000618394 0 0 0 0 0
 0 0 0 0 0 0 0 0 0 0 0.00291406 0.0102884 0.027416 0.0768956 0.0749926 0.110853 0.0956884 0.0897413 0.0766577 0.0534642 0.0500743 0.0551293 0.0594112 0.0620874 0.0668451 0.0424026 0.0208742 0.0120726 0.0048766 0.00582813 0.00118941 0.000297354 0 0 0 0
 0 0.00264628 0.0354308 0.0461629 0.0458689 0.0383711 0.0214643 0.0164657 0.0346957 0.0420465 0.0363128 0.0245516 0.0311673 0.0291091 0.0169068 0.0133784 0.00837989 0.0085269 0.0148486 0.0160247 0.0276389 0.0546898 0.0760071 0.122758 0.109233 0.0665981 0.0333725 0.0166128 0.00676272 0.00308733 0.000882094 0 0 0 0 0
 0 0 0 0 0 0 0 0.000805153 0.000690131 0.00759144 0.0133425 0.0154129 0.00931677 0.000345066 0.00356568 0.00563607 0.00851162 0.0253048 0.0502646 0.0516448 0.0657925 0.0565908 0.0611916 0.0827007 0.0866115 0.110766 0.145733 0.0935128 0.0569358 0.0249597 0.0138026 0.00621118 0.00161031 0.00115022 0 0
 0 0 0 0 0 0 0 0 0 0 0 0 0 0 0 0 0 0 0 0 0 0 0 0 0 0 0 0 0 0 0 0 0 0 0 0
 0.00147267 0.00158595 0.00478618 0.00569244 0.00954404 0.0108468 0.00647125 0.017049 0.0510054 0.094081 0.124002 0.0959785 0.0687766 0.0820023 0.061753 0.0591476 0.0492212 0.0479892 0.0443925 0.0268479 0.0217502 0.0140895 0.0121071 0.0120363 0.00920419 0.00665534 0.0049561 0.00860946 0.00930331 0.0156896 0.0114698 0.00855282 0.00243557 0.00046729 0 2.83206e-05
 0 0 0 0 0.000772559 0.00158375 0.000888443 0.00281984 0.00712685 0.0440552 0.0773331 0.111326 0.0921469 0.0852325 0.0710754 0.0886704 0.0786465 0.0553345 0.0373146 0.0185414 0.00753245 0.00457741 0.012979 0.0271748 0.0457355 0.0583668 0.034881 0.0177882 0.00938659 0.00492506 0.0015258 0.00185414 0.000309023 5.79419e-05 3.86279e-05 0
 0 0.00173294 0.00326652 0 0.00397197 0.00683976 0.00946217 0.0152591 0.00757587 0.0136028 0.0228656 0.0392903 0.0559909 0.0764795 0.0681675 0.0726916 0.0566044 0.0477403 0.0527397 0.0444891 0.0609904 0.0582453 0.0661739 0.0445044 0.0529084 0.0360697 0.0280645 0.0235558 0.0158879 0.00826598 0.00280645 0.00217768 0.000904811 0.00058276 9.20147e-05 0
 0 0 0 0 0 0 0 0 0 0 0 0 0 0 0 0 0 0 0 0 0 0 0 0 0 0 0 0 0 0 0 0 0 0 0 0
 0 0 0 0 0 0 0 0 0 0 0 0 0 0 0 0 0 0 0 0 0 0 0 0 0 0 0 0 0 0 0 0 0 0 0 0
 0 0 0 0 0 0 0 0 0 0 0 0 0 0 0 0 0 0 0 0 0 0 0 0 0 0 0 0 0 0 0 0 0 0 0 0
ppred_pel_tallas
 1.00892e-16 3.40112e-05 0.000199621 0.000948913 0.00365338 0.0113927 0.0287771 0.0588817 0.0976027 0.131077 0.142635 0.125807 0.090042 0.052519 0.0254318 0.0111058 0.00582323 0.00520711 0.00657215 0.00873268 0.0111941 0.013649 0.0158128 0.0174223 0.0182822 0.0183078 0.0175417 0.016136 0.01431 0.0122962 0.0102941 0.00844302 0.00681654 0.00543465 0.00428343 0.00333403
 1.00856e-16 3.19687e-05 0.000187625 0.000891871 0.00343373 0.0107078 0.027047 0.0553422 0.0917375 0.123206 0.134085 0.118304 0.0847528 0.0495974 0.0243221 0.0111407 0.00658562 0.0065605 0.00853853 0.0113732 0.0145341 0.0176384 0.020311 0.0222053 0.0230718 0.0228148 0.0215143 0.0193989 0.0167862 0.0140059 0.0113352 0.00895982 0.00696741 0.00536512 0.00410961 0.00313652
 1.01343e-16 2.64783e-05 0.000155382 0.000738566 0.00284344 0.00886692 0.0223973 0.0458294 0.0759728 0.102046 0.11109 0.0980937 0.0704461 0.0415715 0.0210322 0.0107235 0.00783619 0.00902256 0.0121963 0.0163557 0.0209413 0.0254542 0.0293672 0.0321843 0.0335441 0.0333021 0.0315616 0.0286384 0.0249749 0.0210345 0.0172091 0.0137651 0.0108333 0.00843346 0.00651494 0.00499728
 1.01796e-16 3.01553e-05 0.000176979 0.000841263 0.00323888 0.0101001 0.0255122 0.0522018 0.086532 0.116215 0.126479 0.111596 0.079955 0.0468056 0.0229842 0.0105843 0.00634257 0.00640522 0.00840122 0.0112629 0.0145033 0.0177718 0.0207183 0.0230102 0.0243938 0.0247479 0.0241052 0.0226327 0.0205806 0.0182189 0.0157822 0.0134381 0.0112817 0.0093503 0.00764565 0.00615496
 1.01809e-16 3.00346e-05 0.000176269 0.000837886 0.00322587 0.0100596 0.0254097 0.0519922 0.0861851 0.115751 0.125977 0.111162 0.0796625 0.0466719 0.0229878 0.010701 0.00656633 0.00674708 0.0088778 0.0118834 0.0152593 0.0186302 0.0216205 0.023877 0.0251373 0.0252871 0.0243823 0.0226247 0.0203038 0.0177247 0.0151459 0.012744 0.0106084 0.00875896 0.00717428 0.00581765
 1.02602e-16 2.29385e-05 0.000134598 0.000639747 0.00246295 0.00768036 0.0194003 0.0396974 0.0658099 0.0884025 0.0962562 0.0850399 0.0611691 0.0362936 0.0187265 0.0101463 0.00815778 0.00989153 0.0135512 0.0182496 0.0234456 0.0286164 0.0331926 0.0366313 0.0385282 0.0387081 0.0372585 0.0344927 0.0308604 0.0268358 0.0228218 0.0190944 0.0157946 0.0129544 0.0105401 0.00849282
 1.02809e-16 2.89165e-05 0.000169708 0.000806695 0.00310579 0.00968509 0.0244638 0.0500566 0.0829761 0.11144 0.121282 0.107011 0.0766714 0.0448866 0.0220489 0.0101679 0.00611846 0.00621106 0.00818076 0.0110149 0.0142596 0.0175912 0.0206837 0.0232214 0.0249552 0.0257516 0.0256141 0.0246661 0.0231079 0.0211606 0.0190198 0.0168294 0.0146789 0.0126163 0.0106674 0.00885146
 1.02602e-16 2.63717e-05 0.000154759 0.000735613 0.00283207 0.0088315 0.0223078 0.045646 0.0756679 0.101634 0.110634 0.0976744 0.0701083 0.0412988 0.0207595 0.0103662 0.00731069 0.00825396 0.0111243 0.0149458 0.0191996 0.0234416 0.0272051 0.0300486 0.0316446 0.0318527 0.0307461 0.0285806 0.0257208 0.0225481 0.019383 0.0164407 0.0138257 0.0115552 0.00959628 0.00789935
 1.02222e-16 2.9248e-05 0.000171651 0.000815931 0.00314134 0.00979595 0.0247439 0.0506299 0.0839269 0.112718 0.122678 0.108254 0.0775859 0.0454699 0.0224235 0.0104863 0.00650268 0.00674128 0.00890352 0.0119465 0.0153808 0.0188407 0.0219565 0.024377 0.0258361 0.0262094 0.0255363 0.0239983 0.0218633 0.0194176 0.0169069 0.0145026 0.0122974 0.0103217 0.00856936 0.00702119
 1.02044e-16 2.81587e-05 0.000165253 0.000785505 0.00302418 0.00943058 0.023821 0.0487419 0.0807986 0.108521 0.11812 0.104257 0.0747749 0.0439309 0.0218659 0.010562 0.00699896 0.00759568 0.0101369 0.0135964 0.0174588 0.0213086 0.0247173 0.0272808 0.0286989 0.0288423 0.0277769 0.0257365 0.0230556 0.0200861 0.0171259 0.014378 0.0119444 0.00984634 0.00805704 0.00653182
 1.02671e-16 2.28623e-05 0.00013415 0.000637622 0.00245476 0.00765485 0.0193358 0.0395655 0.0655912 0.0881086 0.0959359 0.0847561 0.0609632 0.0361681 0.0186556 0.0100986 0.00810949 0.00982894 0.0134678 0.018144 0.0233215 0.0284829 0.0330643 0.0365268 0.0384678 0.0387101 0.0373355 0.0346493 0.0310916 0.0271281 0.0231552 0.0194463 0.0161426 0.0132795 0.0108287 0.00873707
 1.03527e-16 2.34203e-05 0.000137431 0.000653231 0.00251488 0.00784234 0.0198093 0.0405339 0.0671949 0.0902572 0.098261 0.0867761 0.0623417 0.036837 0.0187282 0.00970451 0.00729794 0.00856758 0.0116899 0.0157999 0.0204195 0.025116 0.02942 0.0328742 0.0351232 0.0359868 0.0354901 0.0338371 0.0313438 0.0283542 0.025168 0.022001 0.0189796 0.0161609 0.0135633 0.0111922
 1.02376e-16 3.02207e-05 0.000177364 0.000843095 0.00324594 0.0101221 0.0255677 0.0523154 0.08672 0.116467 0.126751 0.111831 0.0801121 0.0468753 0.0229768 0.0105106 0.00620263 0.00618781 0.00809003 0.0108435 0.0139695 0.0171307 0.0199935 0.022242 0.0236365 0.0240638 0.023557 0.0222752 0.020454 0.0183441 0.016159 0.0140459 0.0120826 0.0102937 0.00867387 0.00720946
 1.00975e-16 3.23514e-05 0.000189873 0.000902559 0.00347489 0.0108361 0.0273712 0.0560054 0.0928365 0.124681 0.135688 0.119711 0.0857462 0.0501492 0.0245376 0.0111465 0.00646171 0.00633389 0.00820581 0.010922 0.0139567 0.0169388 0.0195078 0.0213318 0.0221723 0.0219386 0.0207081 0.0187011 0.0162218 0.0135856 0.0110565 0.00880989 0.00692658 0.00541048 0.00421766 0.00328513
 1.00385e-16 3.61301e-05 0.000212063 0.00100807 0.00388114 0.012103 0.0305712 0.0625523 0.103686 0.139244 0.151514 0.133622 0.0955968 0.0556814 0.0268172 0.0114596 0.00564254 0.00470236 0.00577887 0.00761604 0.00970586 0.0117533 0.0134977 0.0147045 0.0152071 0.0149447 0.0139767 0.0124644 0.0106291 0.00870014 0.00686954 0.0052653 0.00394636 0.00291466 0.00213586 0.00156011
 1.0039e-16 3.42047e-05 0.000200755 0.000954299 0.00367411 0.0114574 0.0289404 0.059216 0.0981575 0.131824 0.143453 0.126541 0.0905948 0.0528961 0.0257156 0.0114002 0.00621724 0.00576673 0.00734075 0.00972767 0.0123982 0.015002 0.0172095 0.0187207 0.0193228 0.01894 0.0176512 0.0156671 0.0132752 0.0107733 0.00841017 0.00635135 0.00467224 0.00337381 0.00240936 0.00171169
 1.00917e-16 2.84298e-05 0.000166842 0.000793052 0.00305323 0.00952115 0.0240498 0.0492103 0.081576 0.109567 0.119266 0.105284 0.0755462 0.0444532 0.0222532 0.010958 0.00752727 0.00834833 0.0111766 0.014953 0.019118 0.0231995 0.0267089 0.0291897 0.0303118 0.0299482 0.0282028 0.0253771 0.0218896 0.0181776 0.0146096 0.0114349 0.0087739 0.0066401 0.00497916 0.00370712
 1.01605e-16 2.91292e-05 0.000170953 0.000812606 0.00312853 0.009756 0.024643 0.0504236 0.0835854 0.112261 0.122185 0.107828 0.0773022 0.0453463 0.0224418 0.0106271 0.00676582 0.00714554 0.00947483 0.0127044 0.0163269 0.0199497 0.0231726 0.0256164 0.0269962 0.0271832 0.0262292 0.0243421 0.021826 0.0190054 0.0161602 0.0134872 0.0110936 0.00901359 0.00723597 0.00573002
 1.01943e-16 2.81041e-05 0.000164933 0.000783982 0.00301832 0.0094123 0.0237748 0.0486474 0.080642 0.108311 0.117891 0.104055 0.0746312 0.0438481 0.0218278 0.0105491 0.00699806 0.00760131 0.0101486 0.0136164 0.0174906 0.0213563 0.0247852 0.0273722 0.0288152 0.0289818 0.0279345 0.0259034 0.02322 0.0202347 0.0172457 0.0144585 0.0119791 0.00983367 0.00800049 0.00643915
 1.01667e-16 3.14717e-05 0.000184709 0.000878015 0.00338039 0.0105414 0.0266268 0.0544823 0.0903115 0.121289 0.131995 0.116448 0.0834003 0.0487592 0.0238251 0.0107708 0.00617771 0.00601305 0.00779747 0.0104214 0.0133934 0.0163755 0.0190388 0.0210742 0.0222502 0.0224623 0.0217523 0.0202884 0.0183157 0.0160943 0.0138465 0.0117265 0.00981548 0.00813673 0.00667871 0.00541678
 1.01685e-16 2.87401e-05 0.000168666 0.000801733 0.00308666 0.00962543 0.0243132 0.0497489 0.0824678 0.110762 0.120558 0.106405 0.0763088 0.0448175 0.0222797 0.0107153 0.00703794 0.00758881 0.0101037 0.0135336 0.0173529 0.0211401 0.0244633 0.0269169 0.0282025 0.028196 0.0269728 0.0247784 0.0219606 0.0188839 0.0158561 0.0130861 0.0106767 0.00864541 0.00695756 0.00555821
 1.02076e-16 2.79671e-05 0.000164129 0.000780161 0.00300361 0.00936642 0.023659 0.0484103 0.0802488 0.107782 0.117315 0.103545 0.0742611 0.0436225 0.0217008 0.0104639 0.00691222 0.00749033 0.0100009 0.0134299 0.017272 0.0211222 0.0245617 0.0271925 0.0287151 0.0289934 0.0280795 0.0261888 0.0236361 0.0207567 0.0178382 0.0150811 0.0125928 0.0104062 0.00850878 0.00687063
 1.01954e-16 3.02419e-05 0.000177488 0.00084368 0.00324818 0.0101291 0.0255855 0.0523517 0.0867805 0.116549 0.126843 0.111917 0.0801867 0.0469439 0.0230567 0.0106246 0.00637489 0.0064414 0.00844443 0.0113104 0.0145475 0.0178004 0.0207157 0.0229596 0.0242809 0.0245648 0.0238537 0.0223258 0.0202419 0.0178792 0.0154746 0.0131923 0.0111192 0.00928122 0.00766806 0.00625644
 1.01948e-16 2.82256e-05 0.000165645 0.000787371 0.00303136 0.00945298 0.0238776 0.0488577 0.0809906 0.108779 0.118401 0.104505 0.0749545 0.044039 0.0219245 0.010598 0.00703225 0.00763761 0.0101928 0.0136677 0.0175436 0.0214012 0.0248084 0.0273578 0.0287479 0.0288496 0.0277319 0.0256333 0.0228941 0.0198723 0.0168708 0.0140958 0.0116504 0.00955555 0.00778208 0.00628228
 1.03721e-16 1.70025e-05 9.97407e-05 0.000474017 0.00182481 0.00569036 0.0143738 0.0294134 0.0487667 0.0655244 0.0713883 0.0631711 0.0456598 0.0275355 0.0150253 0.00945473 0.00913218 0.0119947 0.0167274 0.0226169 0.0291202 0.0356291 0.0414534 0.0459259 0.0485428 0.0490733 0.0476031 0.0444905 0.0402608 0.0354731 0.0306064 0.0259944 0.0218154 0.0181239 0.0149004 0.0120971
pSPR Fmed_Fpbrs
0.560562   0.6 0.325
Fs Fmed_Fpbrs
0.507399   0.429521 1.43344
SSBpbr Bo_Bmed_Bpbrs
969636  495060  533300 266650
Ro
39340.1
SPR SPRFo_SPRFmed_SPRFpbrs
808944 453463 262907
log_Ro
10.4
likeval ReclasPelacesDesembMPH_pf_preclas_ppelaces_ptallas_desvR_qrecl_qpela
 61.7679 17.0444 0.00950987 0.000215111 310.462 191.371 76.5394 0 15.5194 2.03364e-05 5.07593e-05 9.33497e-15 0 0 0
q_reclas_q_pelaces
0.527805 2.75553
M
0.7
N
 40701.7 11280.7 3691.18 431.298 0.258367
 49290.5 18216.8 3004.76 787.397 90.5833
 28504 22410.2 5331.49 728.326 209.9
 43070.1 12318.6 4839.45 855.593 147.31
 73687.4 20817.4 5202.04 1928.94 398.053
 53621.3 36413.2 10038.5 2482.37 1109.57
 89433.6 25397.3 13618.3 3393.39 1205.17
 85007.2 43131.2 10583.8 5331.32 1791.97
 107324 39796.8 15043.4 3254.58 2170.19
 118535 49832.7 13212 4326.37 1543.57
 65840.3 55869.1 18098.1 4291.88 1891.2
 44485.6 29510.3 15010 3906 1313.01
 44702.8 20156.4 8461.13 3538.29 1212.63
 23988.9 19168.8 4153.58 1274.25 699.133
 15153.2 8941.91 1705.9 200.261 90.9178
 14968.6 5435.01 631.762 60.1391 9.75049
 11539.5 6496.41 1203.83 104.934 11.3661
 13209.9 5209.58 1822.55 275.525 26.2245
 14683.3 6156.89 1769.22 540.542 88.6128
 24202.1 6925.95 2246.29 578.299 203.999
 30880.4 11397.1 2502.07 724.478 250.206
 39572.6 14961.9 4883.27 1017.12 394.686
 63235.5 19056.5 6180.08 1888.87 543.453
 76397.7 30261.1 7580.85 2271.59 888.851
 34640 36576.5 12071.2 2796.84 1159.29
pred_Ctot
 2906.77 3896.8 1588.13 187.97 0.112679
 3008.34 5544.49 1152.03 306.042 35.2331
 2680.47 9546.1 2763.42 381.789 110.095
 827.577 1337.82 695.584 125.105 21.5593
 259.093 433.996 146.44 55.3204 11.4272
 1786.57 6571.06 2356.32 592.037 264.852
 1857.23 2966.96 2101.47 532.628 189.335
 3511.52 9421.34 2978.68 1523.47 512.485
 5034.57 9708.01 4697.27 1031.37 688.267
 4348.84 9802.49 3366.89 1119.88 399.883
 4640 19097.3 7712.96 1852.92 817.04
 2816.39 9254.61 5914.78 1560.07 524.798
 4425.31 8910.98 4529.47 1915.01 656.685
 4373.66 12410 3040.65 938.947 515.343
 3083.65 6115.01 1301.38 153.651 69.7782
 1367.24 2266.26 321.401 30.9477 5.02067
 758.304 2099.77 487.631 43.0742 4.66894
 585.709 1210.41 543.658 83.4294 7.94714
 531.013 1195.7 445.401 138.231 22.6795
 902.602 1382.38 580.414 151.772 53.5829
 540.79 1133.94 330.172 97.2712 33.6245
 862.748 1829.24 787.611 166.85 64.803
 1655.6 2761.07 1174.88 365.076 105.129
 1975.88 4335.33 1425.57 434.307 170.09
 802.573 4732.67 2056.99 484.673 201.077
F
 0.103929 0.622898 0.844969 0.861127 0.861995
 0.0882139 0.528711 0.717203 0.730918 0.731655
 0.138936 0.832717 1.12959 1.15119 1.15235
 0.0270386 0.162056 0.219831 0.224035 0.22426
 0.00489975 0.0293667 0.0398363 0.0405981 0.040639
 0.047304 0.283517 0.384595 0.391949 0.392344
 0.0292508 0.175315 0.237817 0.242365 0.242609
 0.058948 0.353305 0.479263 0.488428 0.48892
 0.0671826 0.402659 0.546213 0.556658 0.557219
 0.0522003 0.312863 0.424403 0.432519 0.432954
 0.102493 0.614292 0.833296 0.84923 0.850086
 0.0916419 0.549256 0.745074 0.759321 0.760086
 0.146751 0.879553 1.19313 1.21594 1.21717
 0.286842 1.71919 2.3321 2.3767 2.37909
 0.325351 1.94999 2.64519 2.69577 2.69849
 0.134704 0.807352 1.09518 1.11613 1.11725
 0.0952718 0.571012 0.774586 0.789398 0.790194
 0.0633952 0.379959 0.51542 0.525276 0.525805
 0.0514379 0.308293 0.418204 0.426201 0.42663
 0.0530834 0.318155 0.431582 0.439835 0.440278
 0.0246169 0.147542 0.200143 0.20397 0.204175
 0.0307288 0.184173 0.249833 0.254611 0.254867
 0.0370039 0.221783 0.300852 0.306605 0.306914
 0.0365466 0.219042 0.297134 0.302816 0.303121
 0.032684 0.195892 0.26573 0.270812 0.271084
YTP_r0W_actual
 8988.82 104119 67880.7 19920.1 8606.08
YTP_p0W_proyectada
 9521.07 69595.9 117938 48096.1 17478.4
 9521.07 60653.3 47875.6 50938.1 23529.2
CTP_r0_actual
 802.573 4732.67 2056.99 484.673 201.077
CTP_p0_proyectada
 1120.13 3252.14 3780.06 1181.72 375.88
 1120.13 2834.27 1534.47 1251.55 506.004
Wmedp
 8.5 21.4 31.2 40.7 46.5
nmprior
 10.6 11 7 0
nm_flota  nm_reclas  nm_pelaces    nm_pelaL
inf 17.1962 17.9993 42.8384
cv_recla  cv_pelaces  cv_mph
0.710896 0.468127 0.475849
 ------------------------------------------------
Talla a la edad & desviaci?n 
 7.2 14.2025 17.0495 18.207 18.6776
 1.08 2.13037 2.55742 2.73105 2.80164
