    unsorted:	 2.422919974e-06 2.817154744e-06 -1.722128750e-06 6.243493294e-05 0.0008999968874 0.007164539229 4.027685592 61.03327818 85.99017783 126.7239785 210.9031609 195.1916984 464.8962537 620.6779303 629.0232244 842.5517501 872.4973439 1094.519433 1193.754898 1519.205539 1359.427823 1681.023971 1898.614417 2161.582726 2477.943911 2627.513804 2888.877429 3304.567159 3816.729613 4061.450833 4440.817159 4609.048673 4957.800552 5466.102230 5391.917637 6267.540461 6468.646244 6924.283849 19009.53736 196433.9785 354456.9558 362993.7432 394860.7775 318749.7629 416433.3920 458133.8802 465401.7828 483566.5271 491820.7727 520632.8543 549399.2803 561888.8229 633052.5757 657933.0851 780119.5188 857920.3695 1003347.281 1049848.907 1273844.351 1599399.888 1826832.705 2104604.268 2223388.677 2661183.543 5870525.234
      sorted:	 -1.722128750e-06 2.422919974e-06 2.817154744e-06 6.243493294e-05 0.0008999968874 0.007164539229 4.027685592 61.03327818 85.99017783 126.7239785 195.1916984 210.9031609 464.8962537 620.6779303 629.0232244 842.5517501 872.4973439 1094.519433 1193.754898 1359.427823 1519.205539 1681.023971 1898.614417 2161.582726 2477.943911 2627.513804 2888.877429 3304.567159 3816.729613 4061.450833 4440.817159 4609.048673 4957.800552 5391.917637 5466.102230 6267.540461 6468.646244 6924.283849 19009.53736 196433.9785 318749.7629 354456.9558 362993.7432 394860.7775 416433.3920 458133.8802 465401.7828 483566.5271 491820.7727 520632.8543 549399.2803 561888.8229 633052.5757 657933.0851 780119.5188 857920.3695 1003347.281 1049848.907 1273844.351 1599399.888 1826832.705 2104604.268 2223388.677 2661183.543 5870525.234
