years
 1997 1998 1999 2000 2001 2002 2003 2004 2005 2006 2007 2008 2009 2010 2011 2012 2013 2014 2015 2016 2017 2018 2019 2020 2021
reclasobs
 0 0 0 370054 412103 1.49427e+06 250295 1.28982e+06 931140 785840 897777 1.04006e+06 184774 17550 25797 100020 73551 82996 120727 218422 84188 347160 605670 569463 516374
reclaspred
 1.02933e+06 210999 438042 195855 306865 381853 820842 630856 700446 847057 819943 584706 349461 137324 75990.4 70799.7 80075.7 107422 119853 140061 215780 216290 353762 403117 420110
pelacesobs
 0 0 0 0 0 0 0 0 0 2.06254e+06 1.5e+06 0 1.87456e+06 323000 250000 174000 83755 137374 0 501740 490994 745055 786931 1.00524e+06 1.33801e+06
pelacespred
 3.1798e+06 955985 707197 677504 969064 854582 2.35646e+06 1.98637e+06 2.01722e+06 2.56512e+06 2.08986e+06 1.54961e+06 901015 273832 156472 159279 188687 269450 304832 341130 640360 624272 759290 1.03017e+06 1.01885e+06
mphobs
 0 0 0 0 0 112323 0 153150 637223 0 255016 313432 73983 77613 109348 50772 0 0 0 0 0 0 0 0 0
mphpred
 332900 157100 143109 90007.1 86403.6 164314 208391 306214 274510 308918 384829 268558 168473 91527.7 41298.9 30725.8 30295.5 37886.8 47726.4 49583.4 69504.8 90098.1 107615 144097 172807
desembarqueobs
 350755 77701 442110 56441 14545 235359 269955 359681 431902 328805 639364 411747 362871 311530 167758 66681 60226 58785 57116 73181 50977 67692 138656 160484 209506
desembarquepred
 350739 77678.6 441816 56435.8 14544.7 235370 269973 359403 431702 328673 638705 411390 362520 311247 167379 66642.5 60230.7 58740 57069 73145.1 50973.2 67656.1 138617 160451 209466
Reclutas
 28108.4 41932.6 10555.9 15482 40842.2 23932.2 63852.9 61933.2 77885.7 115730 66878 48274.8 52607.8 28610.5 13275 10486.4 8072.91 9422.53 8961.05 12458.8 18296.7 21977 34435.2 36167.2 10594
log_desv_Rt
 0.0838227 0.483819 -0.89556 -0.512567 0.457471 -0.0770215 0.904337 0.873812 1.103 1.49901 0.950625 0.624665 0.71062 0.101531 -0.666365 -0.902166 -1.16373 -1.00914 -1.05936 -0.729818 -0.345521 -0.162247 0.286833 0.335907 -0.891956
SSB
 568448 268257 244368 153693 147539 280576 355840 522879 468743 527496 657119 458580 287679 156289 70520.5 52466.2 51731.4 64694.1 81495.7 84666.7 118684 153848 183759 246055 295078
BT
 1.4518e+06 398102 469760 264534 355547 421661 1.18696e+06 1.10072e+06 1.19547e+06 1.28823e+06 1.2769e+06 898052 708277 400645 205363 114915 119862 147632 143155 177058 271218 243032 330534 460114 442379
Ftot
 0.537283 0.658399 1.32706 0.48931 0.0971 0.864787 0.660565 0.982706 1.12365 0.740959 1.16845 1.09707 1.77905 3.13589 3.24222 1.48258 1.25641 0.950556 0.73335 0.881702 0.4146 0.49578 0.623741 0.642175 0.6949
BD_Bspro_t
 0.929647 0.657376 0.531984 0.265158 0.370792 0.582211 0.493289 0.546456 0.477224 0.460481 0.479717 0.326646 0.234499 0.156985 0.0868975 0.0800583 0.108484 0.179921 0.263339 0.322273 0.430326 0.560567 0.563015 0.558643 0.529583
BD_Bspro
 1.06949 0.504704 0.459759 0.28916 0.277583 0.527882 0.669485 0.983753 0.881901 0.992441 1.23632 0.862781 0.541244 0.294045 0.132679 0.0987109 0.0973284 0.121717 0.153328 0.159294 0.223294 0.289453 0.345728 0.462932 0.555165
BD_Bo
 0.753816 0.355735 0.324056 0.203811 0.195651 0.372071 0.471878 0.693387 0.621598 0.69951 0.871402 0.608121 0.381489 0.207254 0.0935168 0.0695752 0.0686007 0.0857906 0.108071 0.112276 0.157386 0.204017 0.243682 0.326292 0.391301
BD_Brms
 2.45711 1.15954 1.05628 0.664334 0.637737 1.21279 1.53811 2.26013 2.02613 2.28009 2.84039 1.98221 1.24349 0.675557 0.304824 0.226784 0.223608 0.279639 0.352264 0.36597 0.513009 0.665006 0.794295 1.06357 1.27547
S_f
 0.125387 1 1 1 1
 0.125387 1 1 1 1
 0.125387 1 1 1 1
 0.125387 1 1 1 1
 0.125387 1 1 1 1
 0.125387 1 1 1 1
 0.125387 1 1 1 1
 0.125387 1 1 1 1
 0.125387 1 1 1 1
 0.125387 1 1 1 1
 0.125387 1 1 1 1
 0.125387 1 1 1 1
 0.125387 1 1 1 1
 0.125387 1 1 1 1
 0.125387 1 1 1 1
 0.125387 1 1 1 1
 0.125387 1 1 1 1
 0.125387 1 1 1 1
 0.125387 1 1 1 1
 0.125387 1 1 1 1
 0.125387 1 1 1 1
 0.125387 1 1 1 1
 0.125387 1 1 1 1
 0.125387 1 1 1 1
 0.125387 1 1 1 1
Scru_reclas
 0.352372 0.732494 0.932343 0.985786 0.997143
 0.352372 0.732494 0.932343 0.985786 0.997143
 0.352372 0.732494 0.932343 0.985786 0.997143
 0.352372 0.732494 0.932343 0.985786 0.997143
 0.352372 0.732494 0.932343 0.985786 0.997143
 0.352372 0.732494 0.932343 0.985786 0.997143
 0.352372 0.732494 0.932343 0.985786 0.997143
 0.352372 0.732494 0.932343 0.985786 0.997143
 0.352372 0.732494 0.932343 0.985786 0.997143
 0.352372 0.732494 0.932343 0.985786 0.997143
 0.352372 0.732494 0.932343 0.985786 0.997143
 0.352372 0.732494 0.932343 0.985786 0.997143
 0.352372 0.732494 0.932343 0.985786 0.997143
 0.352372 0.732494 0.932343 0.985786 0.997143
 0.352372 0.732494 0.932343 0.985786 0.997143
 0.352372 0.732494 0.932343 0.985786 0.997143
 0.352372 0.732494 0.932343 0.985786 0.997143
 0.352372 0.732494 0.932343 0.985786 0.997143
 0.352372 0.732494 0.932343 0.985786 0.997143
 0.352372 0.732494 0.932343 0.985786 0.997143
 0.352372 0.732494 0.932343 0.985786 0.997143
 0.352372 0.732494 0.932343 0.985786 0.997143
 0.352372 0.732494 0.932343 0.985786 0.997143
 0.352372 0.732494 0.932343 0.985786 0.997143
 0.352372 0.732494 0.932343 0.985786 0.997143
Scru_pelaces
 0.399451 0.859073 0.982415 0.998051 0.999787
 0.399451 0.859073 0.982415 0.998051 0.999787
 0.399451 0.859073 0.982415 0.998051 0.999787
 0.399451 0.859073 0.982415 0.998051 0.999787
 0.399451 0.859073 0.982415 0.998051 0.999787
 0.399451 0.859073 0.982415 0.998051 0.999787
 0.399451 0.859073 0.982415 0.998051 0.999787
 0.399451 0.859073 0.982415 0.998051 0.999787
 0.399451 0.859073 0.982415 0.998051 0.999787
 0.399451 0.859073 0.982415 0.998051 0.999787
 0.399451 0.859073 0.982415 0.998051 0.999787
 0.399451 0.859073 0.982415 0.998051 0.999787
 0.399451 0.859073 0.982415 0.998051 0.999787
 0.399451 0.859073 0.982415 0.998051 0.999787
 0.399451 0.859073 0.982415 0.998051 0.999787
 0.399451 0.859073 0.982415 0.998051 0.999787
 0.399451 0.859073 0.982415 0.998051 0.999787
 0.399451 0.859073 0.982415 0.998051 0.999787
 0.399451 0.859073 0.982415 0.998051 0.999787
 0.399451 0.859073 0.982415 0.998051 0.999787
 0.399451 0.859073 0.982415 0.998051 0.999787
 0.399451 0.859073 0.982415 0.998051 0.999787
 0.399451 0.859073 0.982415 0.998051 0.999787
 0.399451 0.859073 0.982415 0.998051 0.999787
 0.399451 0.859073 0.982415 0.998051 0.999787
pf_obs 
 0.256992 0.487395 0.22802 0.0275931 0
 0.321318 0.546541 0.124235 0.00734118 0.000564706
 0.182869 0.594174 0.210203 0.0122559 0.00049798
 0.330522 0.361315 0.267642 0.0388342 0.00168674
 0.649043 0.306663 0.0425973 0.00169635 0
 0.582887 0.30429 0.105238 0.00758474 0
 0.465427 0.430635 0.0974691 0.00646863 0
 0.296916 0.608066 0.0921331 0.00288517 0
 0.311714 0.524322 0.152257 0.0117073 0
 0.15457 0.633149 0.183074 0.0267441 0.00246327
 0.131901 0.49318 0.331252 0.0422183 0.00144891
 0.196976 0.569456 0.194076 0.0375587 0.00193317
 0.518974 0.381816 0.0799577 0.0180837 0.00116848
 0.0928022 0.601141 0.25162 0.0475244 0.00691264
 0.122501 0.610282 0.24278 0.0234846 0.000952079
 0.383417 0.481906 0.127806 0.00687128 0
 0.0376549 0.599619 0.316969 0.0457579 0
 0.0361596 0.667082 0.258105 0.0386534 0
 0.158088 0.579412 0.248529 0.0139706 0
 0.0477256 0.309471 0.559284 0.082774 0.000745712
 0.0406174 0.521527 0.379366 0.0568643 0.0016247
 0.151134 0.462217 0.34131 0.0453401 0
 0.294876 0.26143 0.354403 0.0886775 0.000613685
 0.281977 0.475581 0.204845 0.0348837 0.00271318
 0.0841818 0.532909 0.334909 0.0458182 0.00218182
pf_pred 
 0.173922 0.567902 0.229245 0.028925 6.88655e-06
 0.260174 0.509161 0.158574 0.0640117 0.00807862
 0.0791484 0.734203 0.128455 0.0400062 0.0181874
 0.234003 0.446991 0.254346 0.0444999 0.0201597
 0.357646 0.486546 0.0909205 0.0517355 0.0131521
 0.143327 0.705254 0.114691 0.0214322 0.0152956
 0.392098 0.411486 0.161699 0.0262961 0.00842088
 0.247646 0.660861 0.0619306 0.0243365 0.00522508
 0.300925 0.569672 0.113667 0.0106519 0.00508453
 0.326702 0.58026 0.075816 0.0151276 0.00209432
 0.168695 0.706783 0.107315 0.0140216 0.00318507
 0.187796 0.610001 0.171914 0.0261027 0.00418526
 0.299763 0.537372 0.122319 0.0344727 0.00607342
 0.269519 0.658578 0.0551794 0.0125602 0.00416343
 0.286318 0.678288 0.0319094 0.00267355 0.000810293
 0.318739 0.652177 0.0276416 0.00130037 0.000141974
 0.242364 0.676716 0.0774659 0.00328329 0.000171323
 0.28619 0.594923 0.10619 0.0121559 0.000542094
 0.22816 0.648665 0.10266 0.018324 0.00219116
 0.289223 0.55082 0.13443 0.0212752 0.00425158
 0.287891 0.596192 0.0898304 0.0219234 0.00416303
 0.234418 0.611668 0.12886 0.0194157 0.00563827
 0.285849 0.541678 0.137799 0.0290301 0.00564427
 0.227589 0.629226 0.108605 0.0276283 0.00695209
 0.0730366 0.70973 0.176964 0.0305441 0.00972541
pobs_RECLAS
 0 0 0 0 0
 0 0 0 0 0
 0 0 0 0 0
 0 0 0 0 0
 0.835266 0.146461 0.0176864 0.000547809 3.91292e-05
 0.385257 0.428462 0.181853 0.0044286 0
 0.867414 0.0963971 0.0333333 0.00285562 0
 0.441836 0.489002 0.0689373 0.000224442 0
 0.779404 0.147425 0.0564933 0.0165055 0.000172143
 0.814271 0.122319 0.05973 0.00367925 0
 0.40263 0.566651 0.0304383 0.000280538 0
 0.475488 0.404961 0.113038 0.00651328 0
 0.955842 0.0263864 0.0167828 0.000988607 0
 0.975058 0.0227948 0.00214734 0 0
 0.738997 0.206755 0.0527124 0.00153531 0
 0.850938 0.134255 0.0134407 0.00136685 0
 0.542534 0.407297 0.0501686 0 0
 0.764087 0.199537 0.0359546 0.000420521 0
 0.470689 0.182191 0.310203 0.0369168 0
 0.84361 0.089868 0.0606195 0.00523954 0.000663233
 0.607945 0.314616 0.071237 0.00620181 0
 0.523733 0.453247 0.0230204 0 0
 0.530135 0.295979 0.169645 0.0042399 0
 0.562478 0.366248 0.0663022 0.0049721 0
 0.250443 0.683176 0.0655157 0.000865301 0
ppred_RECLAS
 0.435584 0.356691 0.18327 0.0244496 5.88809e-06
 0.565015 0.274057 0.10864 0.0463685 0.00591937
 0.262455 0.554651 0.123517 0.0406734 0.0187038
 0.519855 0.250122 0.181155 0.0335113 0.0153565
 0.666637 0.235135 0.0559277 0.0336481 0.00865253
 0.396338 0.472565 0.0978178 0.0193269 0.013952
 0.704361 0.183167 0.0916162 0.015753 0.00510274
 0.570796 0.363855 0.0434005 0.0180324 0.00391619
 0.635615 0.282188 0.0716672 0.00710103 0.00342862
 0.655115 0.285902 0.0475474 0.010031 0.00140472
 0.455094 0.444424 0.0858901 0.0118656 0.00272636
 0.478491 0.365806 0.131221 0.0210661 0.00341661
 0.654616 0.24822 0.0719162 0.0214296 0.00381898
 0.694602 0.267677 0.0285465 0.00687035 0.00230361
 0.720452 0.262041 0.0156908 0.00139002 0.000426137
 0.67523 0.307277 0.0165768 0.00082454 9.10597e-05
 0.574442 0.369222 0.0537978 0.00241084 0.000127248
 0.61495 0.306586 0.0696538 0.00843055 0.000380293
 0.534824 0.373918 0.0753231 0.0142153 0.00171942
 0.612589 0.282138 0.0876432 0.0146658 0.00296452
 0.603633 0.316897 0.0607753 0.0156826 0.00301228
 0.534964 0.351391 0.0942246 0.0150109 0.00440935
 0.600746 0.283137 0.0916797 0.0204212 0.00401621
 0.52965 0.363535 0.0798656 0.0214818 0.00546774
 0.230168 0.55227 0.175273 0.0319863 0.010302
pobs_PELACES
 0 0 0 0 0
 0 0 0 0 0
 0 0 0 0 0
 0 0 0 0 0
 0 0 0 0 0
 0 0 0 0 0
 0 0 0 0 0
 0 0 0 0 0
 0 0 0 0 0
 0 0 0 0 0
 0.450072 0.473896 0.0757376 0.000293798 0
 0 0 0 0 0
 0.463077 0.371075 0.160297 0.00555027 0
 0.529543 0.364841 0.0842815 0.0213345 0
 0.631943 0.363953 0.00410389 0 0
 0.735681 0.248677 0.0153453 0.000297389 0
 0.695825 0.281241 0.0229344 0 0
 0.275771 0.60734 0.115278 0.00161068 0
 0 0 0 0 0
 0.896147 0.0623911 0.0374545 0.00400742 0
 0.803859 0.145111 0.0509908 3.86294e-05 0
 0.739449 0.233085 0.0266225 0.000797448 4.60066e-05
 0.878498 0.100942 0.0204185 0.000141795 0
 0.694673 0.275183 0.0284847 0.00165964 0
 0.469039 0.446079 0.0841089 0.000773354 0
ppred_PELACES
 0.475432 0.344926 0.159227 0.0204103 4.86779e-06
 0.613108 0.25442 0.0906138 0.0371602 0.00469798
 0.341731 0.509412 0.101922 0.0322481 0.014686
 0.559866 0.241983 0.157462 0.0279877 0.0127013
 0.673105 0.238838 0.0510394 0.0295046 0.00751368
 0.454957 0.437252 0.0813169 0.0154375 0.0110365
 0.744016 0.165424 0.0743389 0.0122817 0.00393984
 0.634652 0.315186 0.0337774 0.0134846 0.00290019
 0.704953 0.234111 0.053419 0.00508567 0.00243179
 0.698509 0.254658 0.0380505 0.00771307 0.00106968
 0.535701 0.386295 0.0670746 0.00890336 0.00202595
 0.557027 0.320998 0.103454 0.015958 0.00256313
 0.759621 0.178324 0.0464189 0.0132903 0.00234556
 0.846392 0.136501 0.0130789 0.00302445 0.00100428
 0.864726 0.127645 0.00686708 0.00058452 0.000177463
 0.756104 0.232052 0.0112473 0.000537541 5.87904e-05
 0.655292 0.303216 0.0396937 0.00170914 8.93384e-05
 0.674864 0.264571 0.0540043 0.00628044 0.000280565
 0.583844 0.341745 0.0618511 0.0112157 0.00134349
 0.670045 0.247537 0.0690861 0.0111078 0.00222361
 0.629162 0.303181 0.0522401 0.0129523 0.00246379
 0.568542 0.334848 0.0806704 0.0123483 0.00359215
 0.642652 0.261734 0.0761431 0.0162963 0.00317398
 0.573364 0.338264 0.0667671 0.0172554 0.00434953
 0.267065 0.542479 0.154682 0.0271231 0.00865117
pobs_pel_tallas
 0 0 0 0 0 0 0 0 0 0 0 0 0 0 0 0 0 0 0 0 0 0 0 0 0 0 0 0 0 0 0 0 0 0 0 0
 0 0 0 0 0 0 0 0 0 0 0 0 0 0 0 0 0 0 0 0 0 0 0 0 0 0 0 0 0 0 0 0 0 0 0 0
 0 0 0 0 0 0 0 0 0 0 0 0 0 0 0 0 0 0 0 0 0 0 0 0 0 0 0 0 0 0 0 0 0 0 0 0
 0 0 0 0 0 0 0 0 0 0 0 0 0 0 0 0 0 0 0 0 0 0 0 0 0 0 0 0 0 0 0 0 0 0 0 0
 0 0 0 0 0 0 0 0 0 0 0 0 0 0 0 0 0 0 0 0 0 0 0 0 0 0 0 0 0 0 0 0 0 0 0 0
 0 0 0 0 0 0 0 0 0 0 0 0 0 0 0 0 0 0 0 0 0 0 0 0 0 0 0 0 0 0 0 0 0 0 0 0
 0 0 0 0 0 0 0 0 0 0 0 0 0 0 0 0 0 0 0 0 0 0 0 0 0 0 0 0 0 0 0 0 0 0 0 0
 0 0 0 0 0 0 0 0 0 0 0 0 0 0 0 0 0 0 0 0 0 0 0 0 0 0 0 0 0 0 0 0 0 0 0 0
 0 0 0 0 0 0 0 0 0 0 0 0 0 0 0 0 0 0 0 0 0 0 0 0 0 0 0 0 0 0 0 0 0 0 0 0
 0 0 0 0 0 0 0 0 0 0 0 0 0 0 0 0 0 0 0 0 0 0 0 0 0 0 0 0 0 0 0 0 0 0 0 0
 0 0 0 0 0 0 0 0 1.78061e-05 0.00172719 0.00360574 0.0105946 0.0120993 0.0124554 0.0147524 0.0171206 0.0266825 0.0428682 0.0675386 0.121331 0.153587 0.119568 0.100827 0.0573624 0.0630603 0.0341343 0.0324427 0.0444173 0.0211091 0.0280891 0.0125444 0.00206551 0 0 0 0
 0 0 0 0 0 0 0 0 0 0 0 0 0 0 0 0 0 0 0 0 0 0 0 0 0 0 0 0 0 0 0 0 0 0 0 0
 0 0 0 0 0 0 0.0133647 0.0140871 0.0187388 0.0205184 0.03894 0.0496705 0.03968 0.0493445 0.0407372 0.0367815 0.0215668 0.0243155 0.0234873 0.0199281 0.019796 0.0243948 0.0301388 0.0376714 0.0412746 0.0863199 0.0771752 0.113111 0.0741005 0.0525337 0.0229764 0.00759418 0.00175318 0 0 0
 0 0 0 0 0 0 0 0 0 0 0.00219441 0.00772107 0.0458388 0.0604681 0.0671733 0.0775358 0.0609151 0.0617685 0.073594 0.0568108 0.0755445 0.0548602 0.0670107 0.0636378 0.0643287 0.046367 0.0373049 0.0286899 0.0247887 0.0153202 0.00654259 0.00121912 0.000365735 0 0 0
 0 0 0 0 0 0 0 0 0 0 0 0 0.000112435 0.00938835 0.0111873 0.0202946 0.0414886 0.0713402 0.111592 0.104902 0.108894 0.110636 0.117776 0.105296 0.107544 0.0401394 0.0192827 0.0124803 0.00416011 0.0028671 0.000618394 0 0 0 0 0
 0 0 0 0 0 0 0 0 0 0 0.00291406 0.0102884 0.027416 0.0768956 0.0749926 0.110853 0.0956884 0.0897413 0.0766577 0.0534642 0.0500743 0.0551293 0.0594112 0.0620874 0.0668451 0.0424026 0.0208742 0.0120726 0.0048766 0.00582813 0.00118941 0.000297354 0 0 0 0
 0 0.00264628 0.0354308 0.0461629 0.0458689 0.0383711 0.0214643 0.0164657 0.0346957 0.0420465 0.0363128 0.0245516 0.0311673 0.0291091 0.0169068 0.0133784 0.00837989 0.0085269 0.0148486 0.0160247 0.0276389 0.0546898 0.0760071 0.122758 0.109233 0.0665981 0.0333725 0.0166128 0.00676272 0.00308733 0.000882094 0 0 0 0 0
 0 0 0 0 0 0 0 0.000805153 0.000690131 0.00759144 0.0133425 0.0154129 0.00931677 0.000345066 0.00356568 0.00563607 0.00851162 0.0253048 0.0502646 0.0516448 0.0657925 0.0565908 0.0611916 0.0827007 0.0866115 0.110766 0.145733 0.0935128 0.0569358 0.0249597 0.0138026 0.00621118 0.00161031 0.00115022 0 0
 0 0 0 0 0 0 0 0 0 0 0 0 0 0 0 0 0 0 0 0 0 0 0 0 0 0 0 0 0 0 0 0 0 0 0 0
 0.00147267 0.00158595 0.00478618 0.00569244 0.00954404 0.0108468 0.00647125 0.017049 0.0510054 0.094081 0.124002 0.0959785 0.0687766 0.0820023 0.061753 0.0591476 0.0492212 0.0479892 0.0443925 0.0268479 0.0217502 0.0140895 0.0121071 0.0120363 0.00920419 0.00665534 0.0049561 0.00860946 0.00930331 0.0156896 0.0114698 0.00855282 0.00243557 0.00046729 0 2.83206e-05
 0 0 0 0 0.000772559 0.00158375 0.000888443 0.00281984 0.00712685 0.0440552 0.0773331 0.111326 0.0921469 0.0852325 0.0710754 0.0886704 0.0786465 0.0553345 0.0373146 0.0185414 0.00753245 0.00457741 0.012979 0.0271748 0.0457355 0.0583668 0.034881 0.0177882 0.00938659 0.00492506 0.0015258 0.00185414 0.000309023 5.79419e-05 3.86279e-05 0
 0 0.00173294 0.00326652 0 0.00397197 0.00683976 0.00946217 0.0152591 0.00757587 0.0136028 0.0228656 0.0392903 0.0559909 0.0764795 0.0681675 0.0726916 0.0566044 0.0477403 0.0527397 0.0444891 0.0609904 0.0582453 0.0661739 0.0445044 0.0529084 0.0360697 0.0280645 0.0235558 0.0158879 0.00826598 0.00280645 0.00217768 0.000904811 0.00058276 9.20147e-05 0
 0 0 0 0 0 0 0 0 0 0 0 0 0 0 0 0 0 0 0 0 0 0 0 0 0 0 0 0 0 0 0 0 0 0 0 0
 0 0 0 0 0 0 0 0 0 0 0 0 0 0 0 0 0 0 0 0 0 0 0 0 0 0 0 0 0 0 0 0 0 0 0 0
 0 0 0 0 0 0 0 0 0 0 0 0 0 0 0 0 0 0 0 0 0 0 0 0 0 0 0 0 0 0 0 0 0 0 0 0
ppred_pel_tallas
 1.03075e-16 2.07581e-05 0.000121797 0.000578891 0.00222864 0.00694968 0.0175546 0.035921 0.0595505 0.0799973 0.0871124 0.0769811 0.055415 0.0329658 0.0171701 0.0095653 0.00800543 0.00991503 0.0136848 0.0185182 0.0239176 0.0293853 0.0343659 0.0383164 0.0408143 0.0416453 0.0408406 0.0386468 0.035448 0.0316655 0.0276728 0.0237447 0.0200493 0.0166678 0.0136283 0.0109351
 1.02866e-16 2.67575e-05 0.000157028 0.000746402 0.00287363 0.00896109 0.0226351 0.0463154 0.0767765 0.10312 0.112243 0.0990747 0.0710697 0.0417774 0.0208385 0.0101422 0.00682639 0.00749694 0.010058 0.013543 0.017468 0.02144 0.0250488 0.0279004 0.0296932 0.0302813 0.0296995 0.0281392 0.0258877 0.0232533 0.0205007 0.0178156 0.0153006 0.0129936 0.0108965 0.00899978
 1.03408e-16 1.49346e-05 8.7593e-05 0.00041625 0.00160237 0.00499666 0.0126217 0.025829 0.0428276 0.0575561 0.0627372 0.0555878 0.0403352 0.0246371 0.0140081 0.00966709 0.0101815 0.013774 0.0192859 0.0260299 0.0334042 0.0406942 0.047086 0.0518022 0.0542701 0.0542535 0.0518999 0.047685 0.0422799 0.0363868 0.0305965 0.0253078 0.0207142 0.0168443 0.0136267 0.0109525
 1.0387e-16 2.44356e-05 0.000143397 0.0006816 0.00262413 0.00818303 0.0206698 0.0422942 0.0701111 0.0941689 0.102505 0.0904898 0.064935 0.0382193 0.0191551 0.00947963 0.00659397 0.00741575 0.010048 0.0136222 0.0177045 0.0219352 0.0259267 0.0292941 0.0317241 0.0330355 0.0332056 0.0323536 0.0306921 0.0284647 0.0258942 0.023153 0.0203601 0.0175952 0.0149173 0.0123795
 1.02168e-16 2.93729e-05 0.000172384 0.000819412 0.00315474 0.00983773 0.0248494 0.0508459 0.0842853 0.113201 0.123205 0.108724 0.0779335 0.045695 0.022574 0.0106213 0.00666995 0.00697228 0.00921565 0.0123434 0.0158498 0.01935 0.0224554 0.0248012 0.0261175 0.0262888 0.0253761 0.0235911 0.0212348 0.0186222 0.0160172 0.0135965 0.0114454 0.00957723 0.00796392 0.00656423
 1.02343e-16 1.98688e-05 0.000116568 0.000554016 0.00213283 0.00665089 0.0168 0.0343777 0.0569949 0.076573 0.083407 0.073762 0.0532181 0.0318997 0.0170536 0.0101906 0.00929208 0.0119105 0.0164891 0.0222013 0.0284544 0.0346142 0.0399762 0.0438719 0.0458123 0.0456006 0.0433732 0.0395516 0.034727 0.0295174 0.0244433 0.0198564 0.0159271 0.0126782 0.0100413 0.007911
 1.01716e-16 3.24621e-05 0.000190527 0.000905679 0.00348692 0.0108736 0.0274659 0.0561989 0.0931558 0.125105 0.136139 0.120082 0.0859553 0.0501569 0.0243294 0.0106976 0.00572009 0.00522757 0.00666552 0.00890994 0.0114942 0.0141266 0.0165322 0.0184503 0.0196791 0.0201164 0.019777 0.0187779 0.0173007 0.0155441 0.0136828 0.0118442 0.0101044 0.00849945 0.007041 0.00573129
 1.01182e-16 2.76993e-05 0.000162551 0.000772651 0.00297467 0.00927618 0.0234311 0.0479444 0.0794782 0.106752 0.116207 0.102598 0.0736487 0.0433972 0.0218365 0.0109371 0.0077467 0.008752 0.011765 0.015742 0.0201137 0.0243862 0.0280446 0.0306093 0.0317368 0.0313001 0.0294177 0.0264163 0.0227447 0.0188672 0.0151713 0.0119138 0.00921135 0.00706614 0.00540908 0.00414217
 1.01124e-16 3.07615e-05 0.000180536 0.000858171 0.00330397 0.0103031 0.0260249 0.053251 0.0882716 0.118553 0.129026 0.113851 0.0815861 0.047792 0.0235262 0.0109282 0.00667168 0.00682363 0.0089574 0.0119676 0.0153332 0.0186664 0.0215802 0.0237128 0.0247983 0.0247261 0.0235635 0.0215305 0.0189396 0.0161198 0.0133514 0.0108271 0.00864473 0.00682481 0.00533871 0.00413673
 1.00939e-16 3.04813e-05 0.00017889 0.000850338 0.00327381 0.010209 0.0257873 0.052765 0.0874666 0.117473 0.127856 0.11283 0.0808806 0.0474301 0.0234434 0.0110486 0.00695727 0.00727608 0.00959709 0.0128115 0.0163785 0.0198802 0.0228966 0.0250374 0.0260209 0.0257387 0.0242792 0.0218993 0.0189554 0.0158188 0.0128017 0.0101143 0.0078566 0.0060382 0.00461181 0.00350614
 1.01479e-16 2.33875e-05 0.000137231 0.000652259 0.00251111 0.00783055 0.0197796 0.0404739 0.0670978 0.0901345 0.0981473 0.0867229 0.0624063 0.0370808 0.0192291 0.0105703 0.00866796 0.010597 0.0145168 0.0195013 0.024964 0.0303269 0.0349626 0.038279 0.0398454 0.039492 0.0373468 0.0337923 0.029363 0.0246175 0.0200277 0.0159136 0.0124308 0.00960018 0.00735731 0.00560112
 1.02242e-16 2.43149e-05 0.000142681 0.000678182 0.00261094 0.00814189 0.020566 0.0420823 0.0697621 0.0937066 0.102019 0.0901013 0.0647445 0.0382843 0.0195135 0.0101887 0.00774834 0.00913543 0.0124462 0.0167635 0.021563 0.0263624 0.0306415 0.0339015 0.0357663 0.0360643 0.0348604 0.0324247 0.0291537 0.0254711 0.0217424 0.0182253 0.015061 0.0122958 0.00991751 0.00788924
 1.01284e-16 3.3143e-05 0.000194523 0.000924676 0.00356006 0.0111017 0.028042 0.0573778 0.0951101 0.12773 0.138997 0.122607 0.087769 0.0512289 0.0248739 0.0109768 0.00592123 0.00544754 0.00694074 0.00924171 0.0118582 0.0144746 0.0167939 0.0185401 0.0195083 0.0196091 0.0188853 0.0174942 0.0156614 0.013626 0.011591 0.00969658 0.00801481 0.00656347 0.00532728 0.00427809
 1.00382e-16 3.69248e-05 0.00021673 0.00103026 0.00396659 0.0123695 0.0312443 0.0639294 0.105968 0.142307 0.154842 0.136546 0.097664 0.0568357 0.0272802 0.0114978 0.00542672 0.0042944 0.00517738 0.00680015 0.00866163 0.0104872 0.0120423 0.0131174 0.0135643 0.0133294 0.0124664 0.0111197 0.00948739 0.00777402 0.00615044 0.00472996 0.00356396 0.00265289 0.00196502 0.00145513
 1.00168e-16 3.77239e-05 0.000221422 0.00105257 0.00405249 0.0126374 0.0319209 0.0653138 0.108263 0.145387 0.158191 0.139491 0.0997549 0.0580206 0.0277889 0.0116084 0.00532309 0.00405217 0.00480706 0.00628773 0.00799125 0.00965168 0.0110475 0.011983 0.0123217 0.0120171 0.0111247 0.00978593 0.00819272 0.0065424 0.00499929 0.00367158 0.002607 0.00180313 0.00122548 0.000825736
 1.00257e-16 3.29917e-05 0.00019363 0.000920422 0.00354366 0.0110506 0.0279129 0.0571139 0.0946742 0.12715 0.138376 0.122087 0.0874572 0.051168 0.0250691 0.0114418 0.00670323 0.00662012 0.00857859 0.0113891 0.0144987 0.0175091 0.020033 0.0217172 0.0223138 0.0217396 0.0200965 0.0176434 0.0147305 0.0117182 0.00890627 0.00649204 0.00456222 0.00311183 0.00207702 0.00136859
 1.00726e-16 2.85988e-05 0.000167833 0.000797765 0.00307137 0.00957773 0.0241928 0.0495028 0.0820609 0.110219 0.119976 0.105912 0.0760004 0.0447273 0.0224028 0.0110514 0.00761512 0.00845926 0.0113238 0.0151394 0.0193373 0.0234356 0.0269357 0.0293733 0.0304152 0.029937 0.0280519 0.0250753 0.0214424 0.0176062 0.0139476 0.0107228 0.00805297 0.00594746 0.00434398 0.00314882
 1.01082e-16 2.94507e-05 0.000172838 0.000821566 0.00316303 0.00986356 0.0249147 0.0509796 0.0845077 0.113501 0.123538 0.109031 0.0781824 0.0458989 0.0227818 0.0108971 0.00707763 0.00757006 0.0100513 0.0134455 0.0172161 0.0209362 0.0241701 0.0265099 0.0276576 0.0274918 0.0260941 0.0237197 0.020728 0.017497 0.0143472 0.0114983 0.0090601 0.00705257 0.0054384 0.00415551
 1.01438e-16 2.5485e-05 0.000149549 0.00071083 0.00273664 0.00853386 0.0215561 0.0441083 0.0731206 0.0982178 0.10693 0.0944381 0.0678596 0.0401231 0.0204435 0.0106588 0.00807922 0.00949244 0.0128914 0.0172998 0.0221512 0.0269238 0.031061 0.0340386 0.0354745 0.0352164 0.0333744 0.0302829 0.0264105 0.0222473 0.0182074 0.0145718 0.0114782 0.00894626 0.00692169 0.00531886
 1.01547e-16 2.92399e-05 0.000171602 0.000815694 0.00314042 0.00979307 0.0247366 0.0506152 0.0839031 0.112688 0.12265 0.10824 0.0775996 0.0455255 0.0225391 0.0106869 0.00682094 0.00721415 0.00956472 0.0128165 0.0164558 0.0200838 0.023294 0.0257027 0.0270241 0.0271323 0.0260864 0.0241048 0.0215031 0.0186161 0.0157309 0.0130471 0.0106704 0.00862971 0.0069065 0.00546214
 1.01401e-16 2.74595e-05 0.000161144 0.000765964 0.00294893 0.00919591 0.0232283 0.0475295 0.0787901 0.105827 0.115199 0.101703 0.0729983 0.042997 0.0216044 0.0107718 0.00757107 0.00852028 0.0114546 0.0153478 0.0196486 0.0238828 0.0275554 0.0302018 0.0314841 0.0312682 0.0296524 0.0269334 0.0235264 0.0198645 0.0163128 0.0131179 0.0103986 0.00817013 0.00638236 0.00495869
 1.01847e-16 2.48175e-05 0.00014563 0.000692202 0.00266492 0.00831021 0.0209912 0.0429524 0.0712045 0.0956445 0.10413 0.0919676 0.0660903 0.0390892 0.0199399 0.0104354 0.00796053 0.00939201 0.0127805 0.0171799 0.0220421 0.0268603 0.0310903 0.0342161 0.0358557 0.0358473 0.0342819 0.0314675 0.0278436 0.0238737 0.0199528 0.0163529 0.0132133 0.0105652 0.00837224 0.00656949
 1.01875e-16 2.80461e-05 0.000164592 0.000782362 0.00301208 0.00939285 0.0237257 0.0485469 0.0804754 0.108087 0.117648 0.10384 0.0744772 0.043758 0.0217838 0.0105296 0.00698812 0.00759404 0.0101426 0.0136135 0.0174947 0.021373 0.024821 0.0274335 0.0289067 0.0291052 0.0280869 0.026077 0.0234028 0.0204119 0.0174024 0.0145816 0.0120598 0.00986857 0.00799171 0.00639348
 1.01855e-16 2.50278e-05 0.000146865 0.000698073 0.00268752 0.00838069 0.0211692 0.0433166 0.0718084 0.0964556 0.105013 0.0927468 0.0666492 0.0394174 0.0201026 0.0105122 0.00800718 0.00943607 0.0128305 0.0172336 0.0220898 0.0268862 0.0310739 0.0341342 0.035687 0.0355768 0.0339053 0.0309937 0.0272947 0.0232826 0.0193576 0.0157915 0.0127176 0.010157 0.00806151 0.00635478
 1.03709e-16 1.16803e-05 6.8484e-05 0.000325396 0.00125255 0.00390574 0.00986613 0.0201913 0.0334842 0.0450131 0.0491014 0.0435921 0.0318183 0.0198083 0.0119307 0.00920827 0.0105927 0.0147491 0.0207866 0.0281212 0.0361625 0.0441639 0.0512592 0.0566113 0.0595929 0.0599259 0.057735 0.0534928 0.0478838 0.0416346 0.0353676 0.0295156 0.0243075 0.0198072 0.0159767 0.0127364
pSPR Fmed_Fpbrs
0.394812   0.35679 0.35679
Fs Fmed_Fpbrs
0.847193   1.005 1.005
SSBpbr Bo_Bmed_Bpbrs
754094  260020  231348 231348
Ro
25848.3
SPR SPRFo_SPRFmed_SPRFpbrs
531514 209848 189639
log_Ro
9.98
likeval ReclasPelacesDesembMPH_pf_preclas_ppelaces_ptallas_desvR_qrecl_qpela
 69.2171 13.2734 0.0625344 0.000171595 324.629 187.812 79.7436 0 20.5516 1.47809e-05 0.000226881 0 0 0 0
q_reclas_q_pelaces
1.72425 8.52456
M
0.7
N
 28108.4 14005.4 5653.54 713.338 0.169833
 41932.6 13048.8 4063.96 1640.5 207.04
 10555.9 19173.1 3354.49 1044.73 474.95
 15482 4438.38 2525.52 441.86 200.175
 40842.2 7230.62 1351.18 768.847 195.456
 23932.2 20036.2 3258.36 608.887 434.547
 63852.9 10663.1 4190.22 681.43 218.216
 61933.2 29187.9 2735.26 1074.86 230.773
 77885.7 27189.7 5425.17 508.403 242.678
 115730 33594.1 4389.36 875.811 121.251
 66878 52370.8 7951.75 1038.97 236.005
 48274.8 28684.6 8084.07 1227.45 196.807
 52607.8 20891.7 4755.46 1340.21 236.12
 28610.5 20901 1751.2 398.616 132.133
 13275 9588.61 451.087 37.7946 11.4547
 10486.4 4390.08 186.068 8.75337 0.955686
 8072.91 4324.01 494.984 20.9792 1.0947
 9422.53 3424.57 611.262 69.9732 3.12047
 8961.05 4153.36 657.323 117.328 14.0298
 12458.8 4058.99 990.611 156.777 31.3298
 18296.7 5539.33 834.63 203.694 38.6795
 21977 8625.63 1817.16 273.797 79.5099
 34435.2 10255.7 2608.98 549.632 106.864
 36167.2 15813.6 2729.43 694.348 174.718
 10594 16570.6 4131.72 713.137 227.067
pred_Ctot
 1322.09 4317 1742.64 219.879 0.0523493
 2400.98 4698.73 1463.38 590.723 74.5525
 1174.9 10898.7 1906.82 593.864 269.98
 664.93 1270.15 722.737 126.449 57.2848
 355.691 483.887 90.4235 51.4527 13.0803
 1779.74 8757.36 1424.15 266.131 189.931
 3667.69 3849.04 1512.53 245.974 78.769
 5200.36 13877.5 1300.49 511.046 109.722
 7421.06 14048.6 2803.11 262.685 125.389
 7423.86 13185.6 1722.82 343.754 47.5906
 6610.28 27695.1 4205.1 549.433 124.806
 4497.31 14608.2 4116.96 625.102 100.228
 7662.29 13735.9 3126.62 881.163 155.244
 6841.76 16718 1400.73 318.841 105.689
 3264.24 7732.98 363.791 30.4805 9.23793
 1293.11 2645.86 112.141 5.27556 0.575982
 853.943 2384.34 272.943 11.5683 0.603638
 766.636 1593.66 284.457 32.5628 1.45214
 569.17 1618.17 256.096 45.7113 5.46609
 943.766 1797.38 438.658 69.4234 13.8733
 668.572 1384.54 208.614 50.913 9.66786
 956.024 2494.55 525.526 79.1828 22.9944
 1871.44 3546.34 902.165 190.059 36.9528
 2021.62 5589.28 964.712 245.416 61.7539
 638.948 6208.95 1548.14 267.21 85.0811
F
 0.0673682 0.537283 0.537283 0.537283 0.537283
 0.0825545 0.658399 0.658399 0.658399 0.658399
 0.166396 1.32706 1.32706 1.32706 1.32706
 0.061353 0.48931 0.48931 0.48931 0.48931
 0.012175 0.0971 0.0971 0.0971 0.0971
 0.108433 0.864787 0.864787 0.864787 0.864787
 0.0828261 0.660565 0.660565 0.660565 0.660565
 0.123218 0.982706 0.982706 0.982706 0.982706
 0.140891 1.12365 1.12365 1.12365 1.12365
 0.0929064 0.740959 0.740959 0.740959 0.740959
 0.146509 1.16845 1.16845 1.16845 1.16845
 0.137558 1.09707 1.09707 1.09707 1.09707
 0.223069 1.77905 1.77905 1.77905 1.77905
 0.393199 3.13589 3.13589 3.13589 3.13589
 0.406532 3.24222 3.24222 3.24222 3.24222
 0.185896 1.48258 1.48258 1.48258 1.48258
 0.157538 1.25641 1.25641 1.25641 1.25641
 0.119187 0.950556 0.950556 0.950556 0.950556
 0.0919524 0.73335 0.73335 0.73335 0.73335
 0.110554 0.881702 0.881702 0.881702 0.881702
 0.0519853 0.4146 0.4146 0.4146 0.4146
 0.0621642 0.49578 0.49578 0.49578 0.49578
 0.0782088 0.623741 0.623741 0.623741 0.623741
 0.0805202 0.642175 0.642175 0.642175 0.642175
 0.0871313 0.6949 0.6949 0.6949 0.6949
YTP_r0W_actual
 7156.22 136597 51088.6 10982.3 3641.47
YTP_p0W_proyectada
 12204.5 49767.2 61803.3 20102.2 4946.63
 12204.5 75642.8 13189 14654.8 4933.6
CTP_r0_actual
 638.948 6208.95 1548.14 267.21 85.0811
CTP_p0_proyectada
 1435.82 2325.57 1980.88 493.912 106.379
 1435.82 3534.71 422.725 360.068 106.099
Wmedp
 8.5 21.4 31.2 40.7 46.5
nmprior
 10.6 11 7 0
nm_flota  nm_reclas  nm_pelaces    nm_pelaL
inf 28.5969 11.7158 24.5135
cv_recla  cv_pelaces  cv_mph
0.752544 0.413108 0.425002
 ------------------------------------------------
Talla a la edad & desviaci?n 
 7.2 14.2025 17.0495 18.207 18.6776
 1.08 2.13037 2.55742 2.73105 2.80164
