years
 1997 1998 1999 2000 2001 2002 2003 2004 2005 2006 2007 2008 2009 2010 2011 2012 2013 2014 2015 2016 2017 2018 2019 2020 2021
reclasobs
 0 0 0 370054 412103 1.49427e+06 250295 1.28982e+06 931140 785840 897777 1.04006e+06 184774 17550 25797 100020 73551 82996 120727 218422 84188 347160 605670 569463 516374
reclaspred
 1.08425e+06 243373 670531 378035 470931 607277 1.26471e+06 953145 1.17536e+06 1.24059e+06 1.13322e+06 774403 450670 207842 138945 138594 167944 238029 261563 347412 542653 537687 892421 1.06857e+06 1.40082e+06
pelacesobs
 0 0 0 0 0 0 0 0 0 2.06254e+06 1.5e+06 0 1.87456e+06 323000 250000 174000 83755 137374 0 501740 490994 745055 786931 1.00524e+06 1.33801e+06
pelacespred
 666421 237104 236879 266151 282978 285693 646921 625450 676762 742670 589541 416549 239016 88818.6 59085.6 67283.8 85448.2 122385 142011 181689 310620 321721 404922 577814 737806
mphobs
 0 0 0 0 0 112323 0 153150 637223 0 255016 313432 73983 77613 109348 50772 0 0 0 0 0 0 0 0 0
mphpred
 758003 433368 409855 406248 360131 533107 763488 1.00375e+06 953926 1.10443e+06 1.14628e+06 816022 501667 267078 128223 114341 131053 181643 227491 258425 398367 504824 615873 845518 1.14886e+06
desembarqueobs
 350755 77701 442110 56441 14545 235359 269955 359681 431902 328805 639364 411747 362871 311530 167758 66681 60226 58785 57116 73181 50977 67692 138656 160484 209506
desembarquepred
 350773 77707.7 442220 56445.9 14545.3 235446 269995 359667 431894 328782 639502 411963 363061 311834 167756 66696.3 60249.8 58790.1 57114.8 73178 50977 67686.8 138656 160488 209506
Reclutas
 47622.8 48393.5 26657.8 30405.6 57207.8 46032 87404.3 90659.8 128697 133125 72318 41972.2 46456.4 28720.4 20230 17724.7 15176.7 16795 17955.1 32664.2 46168.6 51428.6 81881.4 99085.8 53421.7
log_desv_Rt
 0.0710677 0.0871206 -0.509163 -0.377618 0.254446 0.0370929 0.678299 0.714869 1.06521 1.09904 0.488828 -0.0552379 0.0462696 -0.434636 -0.785076 -0.917284 -1.07248 -0.971164 -0.904371 -0.305966 0.0400563 0.14795 0.613027 0.803742 0.185973
SSB
 758003 433368 409855 406248 360131 533107 763488 1.00375e+06 953926 1.10443e+06 1.14628e+06 816022 501667 267078 128223 114341 131053 181643 227491 258425 398367 504824 615873 845518 1.14886e+06
BT
 2.18718e+06 584652 846684 620867 668453 752322 1.9143e+06 1.81e+06 2.08774e+06 2.01435e+06 1.82744e+06 1.24324e+06 888577 488447 290465 208154 249559 326179 345781 480073 781164 709860 954577 1.39834e+06 1.69105e+06
Ftot
 0.311184 0.307211 0.617515 0.145114 0.0302199 0.370656 0.206858 0.361851 0.352833 0.255922 0.532386 0.502823 0.746271 1.30378 1.08737 0.457965 0.344411 0.238709 0.211304 0.20409 0.0916134 0.122501 0.150936 0.145981 0.1453
BD_Bspro_t
 0.956691 0.757 0.656344 0.47178 0.570344 0.720114 0.664259 0.695045 0.651048 0.635352 0.616492 0.460248 0.350591 0.251149 0.152617 0.162007 0.237645 0.377345 0.491087 0.583683 0.70359 0.797034 0.803071 0.802939 0.804445
BD_Bspro
 0.831069 0.475142 0.449363 0.445408 0.394845 0.584495 0.837083 1.10051 1.04588 1.21088 1.25678 0.894681 0.550025 0.292823 0.140583 0.125363 0.143686 0.199152 0.24942 0.283336 0.436767 0.553486 0.675239 0.92702 1.25961
BD_Bo
 0.747994 0.427646 0.404443 0.400884 0.355375 0.526067 0.753406 0.990497 0.94133 1.08984 1.13115 0.805246 0.495043 0.263552 0.12653 0.112831 0.129323 0.179244 0.224487 0.255013 0.393107 0.498158 0.607741 0.834353 1.13369
BD_Brms
 3.63819 2.08004 1.96719 1.94987 1.72852 2.55876 3.66452 4.81771 4.57856 5.30091 5.50182 3.91666 2.40786 1.2819 0.615434 0.548804 0.629017 0.871833 1.09189 1.24037 1.91205 2.42301 2.95601 4.05824 5.5142
S_f
 0.5 1 1 1 1
 0.5 1 1 1 1
 0.5 1 1 1 1
 0.5 1 1 1 1
 0.5 1 1 1 1
 0.5 1 1 1 1
 0.5 1 1 1 1
 0.5 1 1 1 1
 0.5 1 1 1 1
 0.5 1 1 1 1
 0.5 1 1 1 1
 0.5 1 1 1 1
 0.5 1 1 1 1
 0.5 1 1 1 1
 0.5 1 1 1 1
 0.5 1 1 1 1
 0.5 1 1 1 1
 0.5 1 1 1 1
 0.5 1 1 1 1
 0.5 1 1 1 1
 0.5 1 1 1 1
 0.5 1 1 1 1
 0.5 1 1 1 1
 0.5 1 1 1 1
 0.5 1 1 1 1
Scru_reclas
 0.5 1 1 1 1
 0.5 1 1 1 1
 0.5 1 1 1 1
 0.5 1 1 1 1
 0.5 1 1 1 1
 0.5 1 1 1 1
 0.5 1 1 1 1
 0.5 1 1 1 1
 0.5 1 1 1 1
 0.5 1 1 1 1
 0.5 1 1 1 1
 0.5 1 1 1 1
 0.5 1 1 1 1
 0.5 1 1 1 1
 0.5 1 1 1 1
 0.5 1 1 1 1
 0.5 1 1 1 1
 0.5 1 1 1 1
 0.5 1 1 1 1
 0.5 1 1 1 1
 0.5 1 1 1 1
 0.5 1 1 1 1
 0.5 1 1 1 1
 0.5 1 1 1 1
 0.5 1 1 1 1
Scru_pelaces
 0.5 1 1 1 1
 0.5 1 1 1 1
 0.5 1 1 1 1
 0.5 1 1 1 1
 0.5 1 1 1 1
 0.5 1 1 1 1
 0.5 1 1 1 1
 0.5 1 1 1 1
 0.5 1 1 1 1
 0.5 1 1 1 1
 0.5 1 1 1 1
 0.5 1 1 1 1
 0.5 1 1 1 1
 0.5 1 1 1 1
 0.5 1 1 1 1
 0.5 1 1 1 1
 0.5 1 1 1 1
 0.5 1 1 1 1
 0.5 1 1 1 1
 0.5 1 1 1 1
 0.5 1 1 1 1
 0.5 1 1 1 1
 0.5 1 1 1 1
 0.5 1 1 1 1
 0.5 1 1 1 1
pf_obs 
 0.256992 0.487395 0.22802 0.0275931 0
 0.321318 0.546541 0.124235 0.00734118 0.000564706
 0.182869 0.594174 0.210203 0.0122559 0.00049798
 0.330522 0.361315 0.267642 0.0388342 0.00168674
 0.649043 0.306663 0.0425973 0.00169635 0
 0.582887 0.30429 0.105238 0.00758474 0
 0.465427 0.430635 0.0974691 0.00646863 0
 0.296916 0.608066 0.0921331 0.00288517 0
 0.311714 0.524322 0.152257 0.0117073 0
 0.15457 0.633149 0.183074 0.0267441 0.00246327
 0.131901 0.49318 0.331252 0.0422183 0.00144891
 0.196976 0.569456 0.194076 0.0375587 0.00193317
 0.518974 0.381816 0.0799577 0.0180837 0.00116848
 0.0928022 0.601141 0.25162 0.0475244 0.00691264
 0.122501 0.610282 0.24278 0.0234846 0.000952079
 0.383417 0.481906 0.127806 0.00687128 0
 0.0376549 0.599619 0.316969 0.0457579 0
 0.0361596 0.667082 0.258105 0.0386534 0
 0.158088 0.579412 0.248529 0.0139706 0
 0.0477256 0.309471 0.559284 0.082774 0.000745712
 0.0406174 0.521527 0.379366 0.0568643 0.0016247
 0.151134 0.462217 0.34131 0.0453401 0
 0.294876 0.26143 0.354403 0.0886775 0.000613685
 0.281977 0.475581 0.204845 0.0348837 0.00271318
 0.0841818 0.532909 0.334909 0.0458182 0.00218182
pf_pred 
 0.502959 0.35252 0.129391 0.0151233 5.76189e-06
 0.467749 0.366637 0.11746 0.0431133 0.00504102
 0.325215 0.443722 0.159166 0.0509922 0.020905
 0.464111 0.287588 0.163277 0.0585686 0.0264561
 0.568871 0.277418 0.0824893 0.046833 0.0243878
 0.392555 0.44154 0.106755 0.0317432 0.0274069
 0.586675 0.243874 0.12317 0.02978 0.0165003
 0.484044 0.387331 0.0758925 0.03833 0.0144022
 0.554877 0.30078 0.108359 0.0212316 0.0147523
 0.490659 0.373926 0.0915029 0.032965 0.010947
 0.318687 0.459626 0.162749 0.039826 0.0191124
 0.306517 0.362391 0.22336 0.0790895 0.0286417
 0.456916 0.274873 0.140158 0.0863867 0.0416661
 0.437719 0.381289 0.0916065 0.0467103 0.0426759
 0.539884 0.322889 0.0930547 0.0223569 0.021815
 0.561656 0.336172 0.0716999 0.0206635 0.00980868
 0.464952 0.398911 0.104405 0.0222679 0.00946376
 0.478059 0.343199 0.133263 0.0348783 0.0106005
 0.456696 0.35984 0.120636 0.0468425 0.015986
 0.576902 0.271214 0.100596 0.0337247 0.0175641
 0.544334 0.338541 0.0750792 0.0278475 0.0141981
 0.461349 0.382595 0.115943 0.0257131 0.0143998
 0.529632 0.300764 0.120467 0.0365069 0.0126303
 0.487546 0.359503 0.0978003 0.0391726 0.0159781
 0.286031 0.474635 0.167901 0.0456762 0.0257573
pobs_RECLAS
 0 0 0 0 0
 0 0 0 0 0
 0 0 0 0 0
 0 0 0 0 0
 0.835266 0.146461 0.0176864 0.000547809 3.91292e-05
 0.385257 0.428462 0.181853 0.0044286 0
 0.867414 0.0963971 0.0333333 0.00285562 0
 0.441836 0.489002 0.0689373 0.000224442 0
 0.779404 0.147425 0.0564933 0.0165055 0.000172143
 0.814271 0.122319 0.05973 0.00367925 0
 0.40263 0.566651 0.0304383 0.000280538 0
 0.475488 0.404961 0.113038 0.00651328 0
 0.955842 0.0263864 0.0167828 0.000988607 0
 0.975058 0.0227948 0.00214734 0 0
 0.738997 0.206755 0.0527124 0.00153531 0
 0.850938 0.134255 0.0134407 0.00136685 0
 0.542534 0.407297 0.0501686 0 0
 0.764087 0.199537 0.0359546 0.000420521 0
 0.470689 0.182191 0.310203 0.0369168 0
 0.84361 0.089868 0.0606195 0.00523954 0.000663233
 0.607945 0.314616 0.071237 0.00620181 0
 0.523733 0.453247 0.0230204 0 0
 0.530135 0.295979 0.169645 0.0042399 0
 0.562478 0.366248 0.0663022 0.0049721 0
 0.250443 0.683176 0.0655157 0.000865301 0
ppred_RECLAS
 0.505941 0.350405 0.128615 0.0150326 5.72732e-06
 0.470673 0.364623 0.116815 0.0428765 0.00501333
 0.33167 0.439477 0.157643 0.0505045 0.020705
 0.465314 0.286942 0.16291 0.058437 0.0263967
 0.569093 0.277276 0.0824469 0.046809 0.0243753
 0.396105 0.438959 0.106131 0.0315577 0.0272467
 0.58844 0.242833 0.122644 0.0296528 0.0164298
 0.487646 0.384627 0.0753627 0.0380624 0.0143017
 0.558323 0.298451 0.10752 0.0210672 0.0146381
 0.493005 0.372204 0.0910814 0.0328131 0.0108966
 0.323898 0.45611 0.161504 0.0395213 0.0189662
 0.311243 0.359922 0.221838 0.0785506 0.0284466
 0.466397 0.270074 0.137711 0.0848785 0.0409386
 0.459236 0.366697 0.0881009 0.0449227 0.0410427
 0.556255 0.311401 0.0897439 0.0215614 0.0210388
 0.566464 0.332485 0.0709133 0.0204368 0.00970108
 0.468323 0.396398 0.103748 0.0221276 0.00940414
 0.480213 0.341783 0.132713 0.0347343 0.0105567
 0.458549 0.358612 0.120225 0.0466827 0.0159315
 0.57865 0.270093 0.10018 0.0335853 0.0174915
 0.545055 0.338006 0.0749605 0.0278035 0.0141756
 0.462343 0.381889 0.115729 0.0256656 0.0143732
 0.530892 0.299958 0.120144 0.0364091 0.0125964
 0.488763 0.35865 0.0975681 0.0390795 0.0159401
 0.287021 0.473976 0.167668 0.0456128 0.0257215
pobs_PELACES
 0 0 0 0 0
 0 0 0 0 0
 0 0 0 0 0
 0 0 0 0 0
 0 0 0 0 0
 0 0 0 0 0
 0 0 0 0 0
 0 0 0 0 0
 0 0 0 0 0
 0 0 0 0 0
 0.450072 0.473896 0.0757376 0.000293798 0
 0 0 0 0 0
 0.463077 0.371075 0.160297 0.00555027 0
 0.529543 0.364841 0.0842815 0.0213345 0
 0.631943 0.363953 0.00410389 0 0
 0.735681 0.248677 0.0153453 0.000297389 0
 0.695825 0.281241 0.0229344 0 0
 0.275771 0.60734 0.115278 0.00161068 0
 0 0 0 0 0
 0.896147 0.0623911 0.0374545 0.00400742 0
 0.803859 0.145111 0.0509908 3.86294e-05 0
 0.739449 0.233085 0.0266225 0.000797448 4.60066e-05
 0.878498 0.100942 0.0204185 0.000141795 0
 0.694673 0.275183 0.0284847 0.00165964 0
 0.469039 0.446079 0.0841089 0.000773354 0
ppred_PELACES
 0.518769 0.341307 0.125276 0.0146423 5.57861e-06
 0.483318 0.355912 0.114024 0.0418522 0.00489357
 0.354629 0.42438 0.152228 0.0487695 0.0199937
 0.471276 0.283742 0.161094 0.0577854 0.0261024
 0.570315 0.27649 0.0822131 0.0466762 0.0243061
 0.410824 0.428261 0.103544 0.0307885 0.0265826
 0.59668 0.237971 0.120189 0.0290591 0.0161009
 0.50257 0.373424 0.0731675 0.0369537 0.0138851
 0.572627 0.288786 0.104038 0.020385 0.014164
 0.503561 0.364454 0.089185 0.0321299 0.0106697
 0.343425 0.442937 0.15684 0.0383799 0.0184184
 0.3293 0.350486 0.216022 0.0764911 0.0277008
 0.49713 0.254519 0.12978 0.0799899 0.0385808
 0.512924 0.330291 0.0793541 0.0404628 0.036968
 0.599983 0.280715 0.0809003 0.0194367 0.0189656
 0.58492 0.318331 0.0678945 0.0195668 0.0092881
 0.482494 0.385832 0.100982 0.0215378 0.00915347
 0.490051 0.335314 0.130201 0.0340769 0.0103569
 0.467217 0.352871 0.1183 0.0459354 0.0156764
 0.586838 0.264844 0.0982331 0.0329326 0.0171516
 0.548801 0.335223 0.0743433 0.0275746 0.0140589
 0.467371 0.378317 0.114647 0.0254256 0.0142388
 0.537089 0.295996 0.118557 0.0359281 0.01243
 0.494783 0.354426 0.0964192 0.0386194 0.0157524
 0.291953 0.470698 0.166508 0.0452974 0.0255437
pobs_pel_tallas
 0 0 0 0 0 0 0 0 0 0 0 0 0 0 0 0 0 0 0 0 0 0 0 0 0 0 0 0 0 0 0 0 0 0 0 0
 0 0 0 0 0 0 0 0 0 0 0 0 0 0 0 0 0 0 0 0 0 0 0 0 0 0 0 0 0 0 0 0 0 0 0 0
 0 0 0 0 0 0 0 0 0 0 0 0 0 0 0 0 0 0 0 0 0 0 0 0 0 0 0 0 0 0 0 0 0 0 0 0
 0 0 0 0 0 0 0 0 0 0 0 0 0 0 0 0 0 0 0 0 0 0 0 0 0 0 0 0 0 0 0 0 0 0 0 0
 0 0 0 0 0 0 0 0 0 0 0 0 0 0 0 0 0 0 0 0 0 0 0 0 0 0 0 0 0 0 0 0 0 0 0 0
 0 0 0 0 0 0 0 0 0 0 0 0 0 0 0 0 0 0 0 0 0 0 0 0 0 0 0 0 0 0 0 0 0 0 0 0
 0 0 0 0 0 0 0 0 0 0 0 0 0 0 0 0 0 0 0 0 0 0 0 0 0 0 0 0 0 0 0 0 0 0 0 0
 0 0 0 0 0 0 0 0 0 0 0 0 0 0 0 0 0 0 0 0 0 0 0 0 0 0 0 0 0 0 0 0 0 0 0 0
 0 0 0 0 0 0 0 0 0 0 0 0 0 0 0 0 0 0 0 0 0 0 0 0 0 0 0 0 0 0 0 0 0 0 0 0
 0 0 0 0 0 0 0 0 0 0 0 0 0 0 0 0 0 0 0 0 0 0 0 0 0 0 0 0 0 0 0 0 0 0 0 0
 0 0 0 0 0 0 0 0 1.78061e-05 0.00172719 0.00360574 0.0105946 0.0120993 0.0124554 0.0147524 0.0171206 0.0266825 0.0428682 0.0675386 0.121331 0.153587 0.119568 0.100827 0.0573624 0.0630603 0.0341343 0.0324427 0.0444173 0.0211091 0.0280891 0.0125444 0.00206551 0 0 0 0
 0 0 0 0 0 0 0 0 0 0 0 0 0 0 0 0 0 0 0 0 0 0 0 0 0 0 0 0 0 0 0 0 0 0 0 0
 0 0 0 0 0 0 0.0133647 0.0140871 0.0187388 0.0205184 0.03894 0.0496705 0.03968 0.0493445 0.0407372 0.0367815 0.0215668 0.0243155 0.0234873 0.0199281 0.019796 0.0243948 0.0301388 0.0376714 0.0412746 0.0863199 0.0771752 0.113111 0.0741005 0.0525337 0.0229764 0.00759418 0.00175318 0 0 0
 0 0 0 0 0 0 0 0 0 0 0.00219441 0.00772107 0.0458388 0.0604681 0.0671733 0.0775358 0.0609151 0.0617685 0.073594 0.0568108 0.0755445 0.0548602 0.0670107 0.0636378 0.0643287 0.046367 0.0373049 0.0286899 0.0247887 0.0153202 0.00654259 0.00121912 0.000365735 0 0 0
 0 0 0 0 0 0 0 0 0 0 0 0 0.000112435 0.00938835 0.0111873 0.0202946 0.0414886 0.0713402 0.111592 0.104902 0.108894 0.110636 0.117776 0.105296 0.107544 0.0401394 0.0192827 0.0124803 0.00416011 0.0028671 0.000618394 0 0 0 0 0
 0 0 0 0 0 0 0 0 0 0 0.00291406 0.0102884 0.027416 0.0768956 0.0749926 0.110853 0.0956884 0.0897413 0.0766577 0.0534642 0.0500743 0.0551293 0.0594112 0.0620874 0.0668451 0.0424026 0.0208742 0.0120726 0.0048766 0.00582813 0.00118941 0.000297354 0 0 0 0
 0 0.00264628 0.0354308 0.0461629 0.0458689 0.0383711 0.0214643 0.0164657 0.0346957 0.0420465 0.0363128 0.0245516 0.0311673 0.0291091 0.0169068 0.0133784 0.00837989 0.0085269 0.0148486 0.0160247 0.0276389 0.0546898 0.0760071 0.122758 0.109233 0.0665981 0.0333725 0.0166128 0.00676272 0.00308733 0.000882094 0 0 0 0 0
 0 0 0 0 0 0 0 0.000805153 0.000690131 0.00759144 0.0133425 0.0154129 0.00931677 0.000345066 0.00356568 0.00563607 0.00851162 0.0253048 0.0502646 0.0516448 0.0657925 0.0565908 0.0611916 0.0827007 0.0866115 0.110766 0.145733 0.0935128 0.0569358 0.0249597 0.0138026 0.00621118 0.00161031 0.00115022 0 0
 0 0 0 0 0 0 0 0 0 0 0 0 0 0 0 0 0 0 0 0 0 0 0 0 0 0 0 0 0 0 0 0 0 0 0 0
 0.00147267 0.00158595 0.00478618 0.00569244 0.00954404 0.0108468 0.00647125 0.017049 0.0510054 0.094081 0.124002 0.0959785 0.0687766 0.0820023 0.061753 0.0591476 0.0492212 0.0479892 0.0443925 0.0268479 0.0217502 0.0140895 0.0121071 0.0120363 0.00920419 0.00665534 0.0049561 0.00860946 0.00930331 0.0156896 0.0114698 0.00855282 0.00243557 0.00046729 0 2.83206e-05
 0 0 0 0 0.000772559 0.00158375 0.000888443 0.00281984 0.00712685 0.0440552 0.0773331 0.111326 0.0921469 0.0852325 0.0710754 0.0886704 0.0786465 0.0553345 0.0373146 0.0185414 0.00753245 0.00457741 0.012979 0.0271748 0.0457355 0.0583668 0.034881 0.0177882 0.00938659 0.00492506 0.0015258 0.00185414 0.000309023 5.79419e-05 3.86279e-05 0
 0 0.00173294 0.00326652 0 0.00397197 0.00683976 0.00946217 0.0152591 0.00757587 0.0136028 0.0228656 0.0392903 0.0559909 0.0764795 0.0681675 0.0726916 0.0566044 0.0477403 0.0527397 0.0444891 0.0609904 0.0582453 0.0661739 0.0445044 0.0529084 0.0360697 0.0280645 0.0235558 0.0158879 0.00826598 0.00280645 0.00217768 0.000904811 0.00058276 9.20147e-05 0
 0 0 0 0 0 0 0 0 0 0 0 0 0 0 0 0 0 0 0 0 0 0 0 0 0 0 0 0 0 0 0 0 0 0 0 0
 0 0 0 0 0 0 0 0 0 0 0 0 0 0 0 0 0 0 0 0 0 0 0 0 0 0 0 0 0 0 0 0 0 0 0 0
 0 0 0 0 0 0 0 0 0 0 0 0 0 0 0 0 0 0 0 0 0 0 0 0 0 0 0 0 0 0 0 0 0 0 0 0
ppred_pel_tallas
 1.02393e-16 2.26475e-05 0.00013289 0.000631632 0.0024317 0.00758294 0.0191541 0.0391938 0.0649749 0.0872804 0.0950336 0.0839576 0.060386 0.0358202 0.0184668 0.00998298 0.00800472 0.00970206 0.0133074 0.0179542 0.0231199 0.0283009 0.0329446 0.036518 0.0386152 0.039045 0.0378659 0.0353538 0.0319206 0.02801 0.0240087 0.0201937 0.0167227 0.0136564 0.0109945 0.00870955
 1.03402e-16 2.11022e-05 0.000123817 0.000588492 0.0022656 0.00706495 0.0178458 0.0365168 0.0605383 0.0813244 0.0885578 0.0782589 0.0563359 0.0335154 0.0174586 0.00972728 0.00813726 0.0100659 0.0138703 0.0187316 0.0241337 0.0295613 0.0344451 0.0382356 0.040516 0.0410916 0.0400257 0.0376037 0.0342469 0.0304046 0.0264617 0.0226865 0.0192235 0.0161197 0.0133653 0.0109306
 1.0491e-16 1.54936e-05 9.08828e-05 0.000431907 0.00166268 0.00518476 0.0130967 0.0268003 0.0444353 0.0597078 0.0650597 0.0575912 0.0416707 0.0252185 0.0139223 0.00900775 0.00895316 0.0118963 0.0166496 0.0225618 0.0291221 0.035745 0.0417587 0.0465086 0.0494924 0.0504678 0.0494943 0.0468923 0.0431428 0.0387606 0.0341878 0.0297334 0.0255669 0.021749 0.0182801 0.0151416
 1.05585e-16 2.05743e-05 0.000120724 0.000573802 0.00220906 0.00688866 0.0174004 0.035605 0.0590251 0.0792866 0.0863258 0.0762557 0.054827 0.0324845 0.0166795 0.00891483 0.00704442 0.00850694 0.0117183 0.0159274 0.0207102 0.0256684 0.0303575 0.0343348 0.0372424 0.0388768 0.0392184 0.038409 0.036693 0.0343444 0.0316047 0.028652 0.0256004 0.0225203 0.0194647 0.0164887
 1.03997e-16 2.48923e-05 0.000146076 0.000694331 0.00267314 0.00833586 0.0210559 0.0430843 0.0714216 0.095931 0.104428 0.0922001 0.0661891 0.0390107 0.0196485 0.00987872 0.0070575 0.00804193 0.010886 0.0146777 0.0189356 0.0232454 0.0271679 0.0302816 0.0322662 0.0329707 0.0324393 0.0308826 0.028611 0.0259512 0.0231773 0.0204728 0.0179288 0.0155678 0.0133771 0.0113389
 1.0391e-16 1.7944e-05 0.000105269 0.000500299 0.00192601 0.00600593 0.0151709 0.0310443 0.0514697 0.0691534 0.0753344 0.0666449 0.0481312 0.028947 0.0156518 0.00962928 0.00907749 0.0118051 0.0164174 0.0221663 0.028499 0.0348083 0.0404119 0.0446557 0.0470527 0.0473917 0.0457779 0.0425873 0.0383576 0.0336532 0.0289495 0.0245677 0.0206658 0.0172731 0.0143437 0.0118067
 1.03535e-16 2.60406e-05 0.00015282 0.000726402 0.00279663 0.00872096 0.0220286 0.0450743 0.0747189 0.100356 0.109233 0.0964148 0.069155 0.0406388 0.0202474 0.00981867 0.00656779 0.00719538 0.00966956 0.0130622 0.0169197 0.0208789 0.024558 0.0275842 0.029663 0.0306367 0.0305091 0.0294259 0.0276228 0.0253594 0.0228643 0.0203048 0.0177835 0.0153547 0.0130475 0.0108845
 1.03079e-16 2.19423e-05 0.000128747 0.00061193 0.00235584 0.00734635 0.0185566 0.0379713 0.0629495 0.0845632 0.0920842 0.0813739 0.0585754 0.0348414 0.0181363 0.0100811 0.00839935 0.0103565 0.0142341 0.0191683 0.0246094 0.0300104 0.0347731 0.0383289 0.0402587 0.0403876 0.0388193 0.0358948 0.0320961 0.0279259 0.0238049 0.0200142 0.0166877 0.013842 0.011426 0.00936513
 1.02934e-16 2.49938e-05 0.00014667 0.000697152 0.00268399 0.00836971 0.0211414 0.0432594 0.0717122 0.0963224 0.104857 0.0925851 0.0664796 0.0392105 0.0198019 0.0100423 0.00728193 0.00836806 0.0113459 0.0152931 0.0197127 0.0241688 0.0281959 0.031346 0.0332773 0.033827 0.0330398 0.0311406 0.0284651 0.0253732 0.0221753 0.0190897 0.0162369 0.0136601 0.0113575 0.00931074
 1.02988e-16 2.19852e-05 0.000129 0.000613133 0.00236047 0.0073608 0.0185931 0.0380459 0.063073 0.0847283 0.0922621 0.0815265 0.0586751 0.0348808 0.0181206 0.0100157 0.00828288 0.0101815 0.0139922 0.0188562 0.0242338 0.029591 0.0343431 0.0379312 0.0399396 0.0401876 0.0387643 0.0359903 0.0323253 0.0282528 0.0241819 0.0203911 0.0170202 0.0140988 0.0115913 0.00943847
 1.04551e-16 1.50058e-05 8.80173e-05 0.00041828 0.00161021 0.00502111 0.0126833 0.0259548 0.0430343 0.0578283 0.0630193 0.0558033 0.0404167 0.0245387 0.0136895 0.00907038 0.00922147 0.0123489 0.0173028 0.0234385 0.0302311 0.0370685 0.0432475 0.0480832 0.0510522 0.0519053 0.0507114 0.047815 0.0437304 0.0390083 0.0341226 0.0294063 0.0250423 0.0210955 0.0175624 0.0144152
 1.07104e-16 1.43863e-05 8.43883e-05 0.000401046 0.00154388 0.00481431 0.0121609 0.0248851 0.0412588 0.0554367 0.0603982 0.053447 0.0386338 0.023305 0.0127326 0.00804605 0.00782802 0.0103559 0.0145507 0.0198529 0.025855 0.0320941 0.0380266 0.0431034 0.0468759 0.0490817 0.0496818 0.0488355 0.0468291 0.0439882 0.0406041 0.0368964 0.0330123 0.0290505 0.0250925 0.0212232
 1.06477e-16 2.17003e-05 0.000127337 0.000605252 0.00233016 0.00726632 0.0183543 0.0375565 0.0622588 0.0836261 0.0910393 0.0803924 0.0577425 0.0340937 0.0172877 0.00888792 0.00660844 0.00773083 0.0105802 0.0143802 0.0187233 0.0232514 0.0275725 0.031297 0.0341103 0.0358328 0.0364444 0.0360629 0.0348911 0.0331507 0.0310299 0.028659 0.0261136 0.0234377 0.0206701 0.0178636
 1.04352e-16 2.2392e-05 0.000131391 0.00062451 0.00240429 0.00749745 0.0189382 0.0387518 0.064242 0.0862951 0.0939586 0.0830028 0.0596882 0.0353838 0.0182002 0.00977157 0.00775587 0.00935155 0.0128102 0.0172785 0.0222498 0.0272427 0.0317337 0.0352222 0.0373338 0.037902 0.0369983 0.0348965 0.0319899 0.0286884 0.0253326 0.0221465 0.0192343 0.0166094 0.0142374 0.0120742
 1.02794e-16 2.61862e-05 0.000153671 0.000730441 0.00281216 0.00876941 0.022151 0.045325 0.0751357 0.100919 0.109855 0.0969834 0.0696068 0.0409922 0.0205851 0.010247 0.00718856 0.00809515 0.0109129 0.0146788 0.0188868 0.0231067 0.0268853 0.0297912 0.0315002 0.031866 0.0309472 0.0289783 0.0263002 0.0232733 0.0202035 0.0173 0.0146701 0.0123408 0.0102928 0.00849092
 1.02174e-16 2.55309e-05 0.000149821 0.000712127 0.00274164 0.00854947 0.0215955 0.0441887 0.0732533 0.098394 0.107117 0.0945904 0.0679417 0.0401169 0.02034 0.0104434 0.00772432 0.00896092 0.0121465 0.0163181 0.0209358 0.0255146 0.0295391 0.0325214 0.0341022 0.0341313 0.0326977 0.0300953 0.0267403 0.0230687 0.0194486 0.0161293 0.0132333 0.0107812 0.00873178 0.00702048
 1.02727e-16 2.10675e-05 0.00012361 0.000587505 0.00226179 0.00705305 0.0178158 0.0364556 0.0604377 0.0811917 0.0884199 0.0781527 0.0562934 0.033558 0.0176043 0.0100025 0.00858158 0.0107274 0.0147939 0.0199435 0.0256258 0.0312785 0.0362809 0.0400391 0.0421101 0.0423013 0.0407069 0.0376685 0.0336774 0.0292526 0.0248361 0.0207323 0.0170983 0.013972 0.0113191 0.00907652
 1.03613e-16 2.1395e-05 0.000125537 0.000596677 0.00229712 0.00716325 0.0180941 0.0370247 0.0613795 0.0824522 0.0897803 0.0793258 0.0570746 0.0338963 0.0175499 0.00960948 0.00785136 0.00961154 0.0132274 0.0178829 0.0230817 0.0283383 0.0331165 0.0368955 0.0392742 0.0400562 0.0392836 0.0372056 0.0342002 0.0306748 0.0269827 0.0233749 0.0199938 0.0168966 0.0140916 0.0115697
 1.04106e-16 2.04e-05 0.000119694 0.000568896 0.00219015 0.00682966 0.0172514 0.0353008 0.0585226 0.0786175 0.0856128 0.0756624 0.05448 0.032438 0.0169466 0.00952129 0.00805665 0.0100231 0.0138366 0.0187065 0.0241305 0.0296035 0.0345642 0.0384694 0.0409045 0.0416722 0.0408264 0.0386387 0.0355124 0.0318779 0.0281026 0.0244408 0.021029 0.0179122 0.0150846 0.0125259
 1.03414e-16 2.56124e-05 0.000150304 0.000714436 0.00275055 0.00857726 0.0216656 0.0443318 0.073489 0.0987062 0.107445 0.0948524 0.0680694 0.0400713 0.0200947 0.00995877 0.00693516 0.00778432 0.0105038 0.0141631 0.0182836 0.0224637 0.0262786 0.0293193 0.0312714 0.0319808 0.0314802 0.0299633 0.0277228 0.0250723 0.0222808 0.0195357 0.0169398 0.0145309 0.012312 0.0102763
 1.02769e-16 2.39566e-05 0.000140577 0.000668176 0.00257241 0.00802174 0.0202625 0.0414615 0.0687334 0.0923263 0.10052 0.0887871 0.0638209 0.0377795 0.0193319 0.0102155 0.00791206 0.00941269 0.0128386 0.017275 0.0221862 0.0270716 0.0313916 0.034634 0.0364194 0.0365863 0.0352228 0.03263 0.0292359 0.0254893 0.0217675 0.0183251 0.0152864 0.0126721 0.0104423 0.00853556
 1.0329e-16 2.04078e-05 0.000119738 0.000569096 0.00219091 0.00683203 0.0172575 0.0353133 0.0585441 0.0786484 0.085652 0.0757102 0.054543 0.0325327 0.0171003 0.0097709 0.00844677 0.0106012 0.0146449 0.0197705 0.025446 0.0311257 0.0362031 0.0400949 0.0423612 0.0428024 0.0414957 0.0387576 0.0350498 0.0308633 0.0266176 0.0226037 0.0189756 0.0157778 0.0129901 0.0105676
 1.03595e-16 2.34445e-05 0.000137573 0.000653905 0.00251748 0.00785043 0.0198298 0.0405758 0.0672643 0.0903507 0.0983631 0.0868673 0.0624094 0.0368812 0.0187584 0.00973233 0.00733264 0.00861513 0.0117531 0.0158786 0.0205095 0.0252093 0.0295042 0.0329349 0.0351461 0.0359611 0.035411 0.033708 0.0311762 0.028166 0.0249803 0.0218342 0.01885 0.0160785 0.0135307 0.0112054
 1.03548e-16 2.1602e-05 0.000126751 0.000602444 0.00231932 0.00723247 0.0182689 0.0373826 0.0619732 0.0832509 0.0906528 0.0801034 0.0576488 0.0342664 0.0177941 0.00982468 0.00811552 0.00997572 0.0137198 0.01851 0.023824 0.0291464 0.033911 0.0375748 0.03973 0.0401932 0.0390395 0.0365656 0.0332016 0.0294011 0.0255479 0.0219036 0.0186007 0.0156712 0.0130893 0.0108106
 1.05267e-16 1.27625e-05 7.48446e-05 0.00035565 0.00136906 0.00426909 0.0107838 0.0220684 0.0365935 0.0491822 0.0536207 0.0475367 0.034551 0.0212201 0.0122749 0.00878211 0.00954658 0.0130782 0.0184089 0.0249604 0.0322094 0.0395155 0.0461347 0.0513409 0.0545785 0.0555815 0.0544202 0.0514559 0.0472282 0.0423145 0.0372101 0.0322614 0.0276568 0.0234624 0.0196744 0.0162666
pSPR Fmed_Fpbrs
0.603078   0.255595 0.255595
Fs Fmed_Fpbrs
0.276186   1.005 1.005
SSBpbr Bo_Bmed_Bpbrs
1.01338e+06  560479  208346 208346
Ro
44355.9
SPR SPRFo_SPRFmed_SPRFpbrs
912081 550056 233123
log_Ro
10.52
likeval ReclasPelacesDesembMPH_pf_preclas_ppelaces_ptallas_desvR_qrecl_qpela
 120.032 77.0588 0.0100682 0.000758635 342.574 207.979 81.0365 0 13.5693 0 0 0 0 0 0
q_reclas_q_pelaces
1 1
M
0.7
N
 47622.8 17825.5 6542.8 764.725 0.291355
 48393.5 20241.2 6484.7 2380.19 278.304
 26657.8 20609.7 7392.82 2368.45 970.978
 30405.6 9721.35 5519.27 1979.8 894.299
 57207.8 14042.2 4175.4 2370.57 1234.45
 46032 27982.5 6765.59 2011.72 1736.91
 87404.3 18991.8 9591.96 2319.13 1284.97
 90659.8 39138.8 7668.74 3873.15 1455.3
 128697 37569.3 13534.8 2651.96 1842.66
 133125 53572.9 13109.7 4722.94 1568.39
 72318 58167.5 20596.5 5040.14 2418.75
 41972.2 27519.1 16961.4 6005.86 2174.98
 46456.4 16209.5 8265.23 5094.28 2457.08
 28720.4 15885.1 3816.46 1946.02 1777.94
 20230 7431.42 2141.69 514.552 502.08
 17724.7 5832.73 1244.02 358.52 170.185
 15176.7 7000.48 1832.2 390.778 166.079
 16795 6344.3 2463.46 644.751 195.958
 17955.1 7401.82 2481.46 963.54 328.829
 32664.2 8022.27 2975.53 997.546 519.532
 46168.6 14647 3248.3 1204.82 614.28
 51428.6 21900.2 6636.73 1471.85 824.26
 81881.4 24021.4 9621.43 2915.73 1008.75
 99085.8 37705.4 10257.5 4108.49 1675.81
 53421.7 45741.1 16180.8 4401.86 2482.26
pred_Ctot
 4979.43 3490.04 1281.01 149.725 0.0570442
 4999.67 3918.9 1255.51 460.829 53.8824
 5183.86 7072.82 2537.07 812.804 333.22
 1536.82 952.293 540.661 193.939 87.6045
 617.516 301.141 89.543 50.8378 26.4732
 5660.39 6366.73 1539.34 457.717 395.191
 6213.41 2582.84 1304.48 315.396 174.752
 10903.8 8725.19 1709.59 863.438 324.43
 15121.9 8197.09 2953.1 578.62 402.041
 11584.6 8828.53 2160.41 778.315 258.462
 12342.4 17800.9 6303.1 1542.42 740.203
 6807.82 8048.8 4960.88 1756.6 636.14
 10629.8 6394.75 3260.69 2009.73 969.334
 10265.7 8942.27 2148.42 1095.48 1000.87
 6293.87 3764.18 1084.81 260.632 254.315
 2643.39 1582.17 337.45 97.2512 46.1638
 1743.84 1496.15 391.581 83.5176 35.4947
 1368.29 982.299 381.422 99.8281 30.3405
 1302.58 1026.32 344.075 133.603 45.5948
 2292.34 1077.68 399.721 134.006 69.7918
 1490.55 927.024 205.589 76.2547 38.8785
 2205.21 1828.77 554.199 122.906 68.8296
 4299.18 2441.39 977.865 296.337 102.524
 5037.13 3714.25 1010.43 404.715 165.079
 2703.48 4486.11 1586.95 431.718 243.45
F
 0.155592 0.311184 0.311184 0.311184 0.311184
 0.153605 0.307211 0.307211 0.307211 0.307211
 0.308757 0.617515 0.617515 0.617515 0.617515
 0.0725571 0.145114 0.145114 0.145114 0.145114
 0.0151099 0.0302199 0.0302199 0.0302199 0.0302199
 0.185328 0.370656 0.370656 0.370656 0.370656
 0.103429 0.206858 0.206858 0.206858 0.206858
 0.180926 0.361851 0.361851 0.361851 0.361851
 0.176417 0.352833 0.352833 0.352833 0.352833
 0.127961 0.255922 0.255922 0.255922 0.255922
 0.266193 0.532386 0.532386 0.532386 0.532386
 0.251411 0.502823 0.502823 0.502823 0.502823
 0.373136 0.746271 0.746271 0.746271 0.746271
 0.651891 1.30378 1.30378 1.30378 1.30378
 0.543684 1.08737 1.08737 1.08737 1.08737
 0.228982 0.457965 0.457965 0.457965 0.457965
 0.172205 0.344411 0.344411 0.344411 0.344411
 0.119354 0.238709 0.238709 0.238709 0.238709
 0.105652 0.211304 0.211304 0.211304 0.211304
 0.102045 0.20409 0.20409 0.20409 0.20409
 0.0458067 0.0916134 0.0916134 0.0916134 0.0916134
 0.0612507 0.122501 0.122501 0.122501 0.122501
 0.0754681 0.150936 0.150936 0.150936 0.150936
 0.0729903 0.145981 0.145981 0.145981 0.145981
 0.0726499 0.1453 0.1453 0.1453 0.1453
YTP_r0W_actual
 30279 98694.5 52369.3 17743.6 10419.7
YTP_p0W_proyectada
 102223 254619 295575 136396 60598
 102223 127570 67477.5 70086.7 33475
CTP_r0_actual
 2703.48 4486.11 1586.95 431.718 243.45
CTP_p0_proyectada
 12026.3 11898.1 9473.56 3351.24 1303.18
 12026.3 5961.19 2162.74 1722.03 719.892
Wmedp
 8.5 21.4 31.2 40.7 46.5
nmprior
 10.6 11 7 0
nm_flota  nm_reclas  nm_pelaces    nm_pelaL
inf 14.3811 13.6668 29.9478
cv_recla  cv_pelaces  cv_mph
0.990998 0.995367 0.893624
 ------------------------------------------------
Talla a la edad & desviaci?n 
 7.2 14.2025 17.0495 18.207 18.6776
 1.08 2.13037 2.55742 2.73105 2.80164
