years
 1997 1998 1999 2000 2001 2002 2003 2004 2005 2006 2007 2008 2009 2010 2011 2012 2013 2014 2015 2016 2017 2018 2019 2020 2021
reclasobs
 0 0 0 370054 412103 1.49427e+06 250295 1.28982e+06 931140 785840 897777 1.04006e+06 184774 17550 25797 100020 73551 82996 120727 218422 84188 347160 605670 569463 516374
reclaspred
 2.04017e+06 299233 533212 203497 270262 345775 685143 566600 848030 1.14816e+06 1.17603e+06 789571 446152 203398 131268 123006 135961 178309 178623 236154 404665 401555 632236 689528 694880
pelacesobs
 0 0 0 0 0 0 0 0 0 2.06254e+06 1.5e+06 0 1.87456e+06 323000 250000 174000 83755 137374 0 501740 490994 745055 786931 1.00524e+06 1.33801e+06
pelacespred
 961006 361899 164577 142948 158208 147371 354634 337512 476622 670645 605276 420978 237729 86777.5 55010.9 58800.8 67907.2 89681.5 94371.4 120003 227110 236190 282002 364665 350121
mphobs
 0 0 0 0 0 112323 0 153150 637223 0 255016 313432 73983 77613 109348 50772 0 0 0 0 0 0 0 0 0
mphpred
 1.45589e+06 665232 383799 244443 177852 328575 404195 566944 612872 904216 1.17462e+06 844512 494391 265446 122980 104681 110083 139821 162003 169461 286209 381794 444708 575089 654411
desembarqueobs
 350755 77701 442110 56441 14545 235359 269955 359681 431902 328805 639364 411747 362871 311530 167758 66681 60226 58785 57116 73181 50977 67692 138656 160484 209506
desembarquepred
 350733 77682 441759 56428.9 14544.3 235268 269884 359378 431631 328631 638844 411526 362525 311258 167551 66658.2 60219.2 58763.9 57088.8 73142.3 50967.5 67666 138604 160431 209444
Reclutas
 23694.9 28944.8 8463.64 13402.9 47040.5 25633.5 63168.5 73718.7 130342 167315 69138.9 33109.5 48729.3 28022.2 19464.4 15229.7 12248.1 12758.1 11885.8 27454.3 38011.6 37430.2 59831.2 57125.2 8411.58
log_desv_Rt
 -0.266983 -0.0668555 -1.29647 -0.83677 0.418765 -0.188345 0.713562 0.868012 1.43792 1.68763 0.803872 0.0675758 0.454035 -0.0992461 -0.46366 -0.708996 -0.926876 -0.886075 -0.956904 -0.119721 0.205647 0.190233 0.659282 0.613 -1.30263
SSB
 1.45589e+06 665232 383799 244443 177852 328575 404195 566944 612872 904216 1.17462e+06 844512 494391 265446 122980 104681 110083 139821 162003 169461 286209 381794 444708 575089 654411
BT
 2.31846e+06 819678 592846 353932 417379 473209 1.22426e+06 1.20083e+06 1.71032e+06 1.97108e+06 1.83871e+06 1.22251e+06 892559 484520 280324 187676 208073 251874 244932 351130 597248 535865 696305 914640 825750
Ftot
 0.166722 0.250405 0.761275 0.267232 0.0526075 0.635136 0.377982 0.598659 0.485466 0.276332 0.513198 0.492736 0.752644 1.32569 1.14276 0.513281 0.422754 0.316829 0.307179 0.2985 0.122632 0.163556 0.212139 0.224973 0.289593
BD_Bspro_t
 0.974434 0.826085 0.647346 0.370091 0.438993 0.649791 0.531738 0.569966 0.54721 0.585051 0.613889 0.458573 0.339718 0.246437 0.146988 0.150704 0.20744 0.318618 0.40806 0.481181 0.630738 0.745692 0.744494 0.732463 0.698273
BD_Bspro
 2.28792 1.04541 0.603138 0.38414 0.279493 0.516353 0.635189 0.890948 0.963125 1.42097 1.84591 1.32715 0.776932 0.417146 0.193262 0.164506 0.172994 0.219728 0.254586 0.266307 0.449776 0.599987 0.698856 0.903748 1.0284
BD_Bo
 1.52235 0.695597 0.401318 0.255601 0.18597 0.343573 0.422644 0.592822 0.640847 0.945489 1.22824 0.883061 0.516958 0.277562 0.128593 0.109459 0.115108 0.146203 0.169398 0.177196 0.299274 0.399222 0.465007 0.601339 0.684282
BD_Brms
 7.40459 3.38334 1.95198 1.24322 0.904547 1.67111 2.05571 2.88345 3.11704 4.59879 5.97407 4.29515 2.51445 1.35004 0.625469 0.532403 0.559876 0.711123 0.823938 0.861871 1.45565 1.94179 2.26176 2.92487 3.3283
S_f
 0.5 1 1 1 1
 0.5 1 1 1 1
 0.5 1 1 1 1
 0.5 1 1 1 1
 0.5 1 1 1 1
 0.5 1 1 1 1
 0.5 1 1 1 1
 0.5 1 1 1 1
 0.5 1 1 1 1
 0.5 1 1 1 1
 0.5 1 1 1 1
 0.5 1 1 1 1
 0.5 1 1 1 1
 0.5 1 1 1 1
 0.5 1 1 1 1
 0.5 1 1 1 1
 0.5 1 1 1 1
 0.5 1 1 1 1
 0.5 1 1 1 1
 0.5 1 1 1 1
 0.5 1 1 1 1
 0.5 1 1 1 1
 0.5 1 1 1 1
 0.5 1 1 1 1
 0.5 1 1 1 1
Scru_reclas
 0.5 1 1 1 1
 0.5 1 1 1 1
 0.5 1 1 1 1
 0.5 1 1 1 1
 0.5 1 1 1 1
 0.5 1 1 1 1
 0.5 1 1 1 1
 0.5 1 1 1 1
 0.5 1 1 1 1
 0.5 1 1 1 1
 0.5 1 1 1 1
 0.5 1 1 1 1
 0.5 1 1 1 1
 0.5 1 1 1 1
 0.5 1 1 1 1
 0.5 1 1 1 1
 0.5 1 1 1 1
 0.5 1 1 1 1
 0.5 1 1 1 1
 0.5 1 1 1 1
 0.5 1 1 1 1
 0.5 1 1 1 1
 0.5 1 1 1 1
 0.5 1 1 1 1
 0.5 1 1 1 1
Scru_pelaces
 0.5 1 1 1 1
 0.5 1 1 1 1
 0.5 1 1 1 1
 0.5 1 1 1 1
 0.5 1 1 1 1
 0.5 1 1 1 1
 0.5 1 1 1 1
 0.5 1 1 1 1
 0.5 1 1 1 1
 0.5 1 1 1 1
 0.5 1 1 1 1
 0.5 1 1 1 1
 0.5 1 1 1 1
 0.5 1 1 1 1
 0.5 1 1 1 1
 0.5 1 1 1 1
 0.5 1 1 1 1
 0.5 1 1 1 1
 0.5 1 1 1 1
 0.5 1 1 1 1
 0.5 1 1 1 1
 0.5 1 1 1 1
 0.5 1 1 1 1
 0.5 1 1 1 1
 0.5 1 1 1 1
pf_obs 
 0.256992 0.487395 0.22802 0.0275931 0
 0.321318 0.546541 0.124235 0.00734118 0.000564706
 0.182869 0.594174 0.210203 0.0122559 0.00049798
 0.330522 0.361315 0.267642 0.0388342 0.00168674
 0.649043 0.306663 0.0425973 0.00169635 0
 0.582887 0.30429 0.105238 0.00758474 0
 0.465427 0.430635 0.0974691 0.00646863 0
 0.296916 0.608066 0.0921331 0.00288517 0
 0.311714 0.524322 0.152257 0.0117073 0
 0.15457 0.633149 0.183074 0.0267441 0.00246327
 0.131901 0.49318 0.331252 0.0422183 0.00144891
 0.196976 0.569456 0.194076 0.0375587 0.00193317
 0.518974 0.381816 0.0799577 0.0180837 0.00116848
 0.0928022 0.601141 0.25162 0.0475244 0.00691264
 0.122501 0.610282 0.24278 0.0234846 0.000952079
 0.383417 0.481906 0.127806 0.00687128 0
 0.0376549 0.599619 0.316969 0.0457579 0
 0.0361596 0.667082 0.258105 0.0386534 0
 0.158088 0.579412 0.248529 0.0139706 0
 0.0477256 0.309471 0.559284 0.082774 0.000745712
 0.0406174 0.521527 0.379366 0.0568643 0.0016247
 0.151134 0.462217 0.34131 0.0453401 0
 0.294876 0.26143 0.354403 0.0886775 0.000613685
 0.281977 0.475581 0.204845 0.0348837 0.00271318
 0.0841818 0.532909 0.334909 0.0458182 0.00218182
pf_pred 
 0.180571 0.549481 0.238937 0.0310079 2.99254e-06
 0.308304 0.21861 0.317235 0.137947 0.0179037
 0.159568 0.411148 0.135675 0.196885 0.096725
 0.443954 0.179759 0.184083 0.0607458 0.131458
 0.721139 0.176493 0.0330934 0.0338895 0.0353844
 0.349786 0.546162 0.0658554 0.0123482 0.0258483
 0.67591 0.183182 0.118359 0.0142715 0.00827756
 0.568889 0.354875 0.0430903 0.0278418 0.00530427
 0.668367 0.251768 0.0657419 0.00798265 0.00614043
 0.589819 0.337558 0.0551342 0.0143967 0.00309279
 0.286649 0.539934 0.142713 0.0233097 0.00739422
 0.249987 0.362351 0.293421 0.0775556 0.0166856
 0.489301 0.222239 0.139363 0.112852 0.0362458
 0.431493 0.401494 0.0726783 0.0455756 0.0487591
 0.539988 0.321114 0.0980926 0.0177567 0.0230478
 0.544275 0.351073 0.073053 0.0223159 0.00928294
 0.45667 0.399522 0.110784 0.0230525 0.00997131
 0.475886 0.343484 0.132821 0.0368302 0.0109788
 0.438394 0.373764 0.123104 0.047603 0.0171347
 0.645552 0.223449 0.0871831 0.028715 0.0151005
 0.570391 0.34316 0.0544986 0.0212637 0.0106865
 0.444691 0.40719 0.118314 0.0187899 0.0110157
 0.533869 0.292053 0.127645 0.0370891 0.00934346
 0.442901 0.394849 0.101657 0.0444306 0.0161621
 0.0998946 0.566188 0.236667 0.0609319 0.0363183
pobs_RECLAS
 0 0 0 0 0
 0 0 0 0 0
 0 0 0 0 0
 0 0 0 0 0
 0.835266 0.146461 0.0176864 0.000547809 3.91292e-05
 0.385257 0.428462 0.181853 0.0044286 0
 0.867414 0.0963971 0.0333333 0.00285562 0
 0.441836 0.489002 0.0689373 0.000224442 0
 0.779404 0.147425 0.0564933 0.0165055 0.000172143
 0.814271 0.122319 0.05973 0.00367925 0
 0.40263 0.566651 0.0304383 0.000280538 0
 0.475488 0.404961 0.113038 0.00651328 0
 0.955842 0.0263864 0.0167828 0.000988607 0
 0.975058 0.0227948 0.00214734 0 0
 0.738997 0.206755 0.0527124 0.00153531 0
 0.850938 0.134255 0.0134407 0.00136685 0
 0.542534 0.407297 0.0501686 0 0
 0.764087 0.199537 0.0359546 0.000420521 0
 0.470689 0.182191 0.310203 0.0369168 0
 0.84361 0.089868 0.0606195 0.00523954 0.000663233
 0.607945 0.314616 0.071237 0.00620181 0
 0.523733 0.453247 0.0230204 0 0
 0.530135 0.295979 0.169645 0.0042399 0
 0.562478 0.366248 0.0663022 0.0049721 0
 0.250443 0.683176 0.0655157 0.000865301 0
ppred_RECLAS
 0.181411 0.548918 0.238692 0.0309761 2.98947e-06
 0.310258 0.217992 0.31634 0.137557 0.0178532
 0.164902 0.408538 0.134814 0.195635 0.0961111
 0.446397 0.178969 0.183274 0.0604788 0.13088
 0.721462 0.176289 0.0330551 0.0338502 0.0353434
 0.356737 0.540323 0.0651514 0.0122162 0.025572
 0.679241 0.1813 0.117142 0.0141249 0.00819251
 0.575752 0.349225 0.0424044 0.0273985 0.00521983
 0.673032 0.248226 0.0648171 0.00787035 0.00605405
 0.592309 0.335508 0.0547994 0.0143093 0.00307401
 0.291323 0.536396 0.141778 0.0231569 0.00734576
 0.254048 0.360389 0.291832 0.0771356 0.0165953
 0.498953 0.218038 0.136729 0.110719 0.0355608
 0.453508 0.385946 0.0698639 0.0438107 0.0468709
 0.557623 0.308805 0.0943323 0.017076 0.0221642
 0.549913 0.34673 0.0721491 0.0220398 0.00916809
 0.461042 0.396307 0.109893 0.022867 0.00989106
 0.47893 0.341489 0.13205 0.0366164 0.010915
 0.441286 0.371839 0.12247 0.0473578 0.0170465
 0.64814 0.221818 0.0865465 0.0285053 0.0149903
 0.571372 0.342377 0.0543742 0.0212151 0.0106621
 0.44606 0.406185 0.118022 0.0187436 0.0109886
 0.535735 0.290884 0.127134 0.0369406 0.00930605
 0.444886 0.393442 0.101295 0.0442722 0.0161045
 0.10088 0.565568 0.236408 0.0608652 0.0362786
pobs_PELACES
 0 0 0 0 0
 0 0 0 0 0
 0 0 0 0 0
 0 0 0 0 0
 0 0 0 0 0
 0 0 0 0 0
 0 0 0 0 0
 0 0 0 0 0
 0 0 0 0 0
 0 0 0 0 0
 0.450072 0.473896 0.0757376 0.000293798 0
 0 0 0 0 0
 0.463077 0.371075 0.160297 0.00555027 0
 0.529543 0.364841 0.0842815 0.0213345 0
 0.631943 0.363953 0.00410389 0 0
 0.735681 0.248677 0.0153453 0.000297389 0
 0.695825 0.281241 0.0229344 0 0
 0.275771 0.60734 0.115278 0.00161068 0
 0 0 0 0 0
 0.896147 0.0623911 0.0374545 0.00400742 0
 0.803859 0.145111 0.0509908 3.86294e-05 0
 0.739449 0.233085 0.0266225 0.000797448 4.60066e-05
 0.878498 0.100942 0.0204185 0.000141795 0
 0.694673 0.275183 0.0284847 0.00165964 0
 0.469039 0.446079 0.0841089 0.000773354 0
ppred_PELACES
 0.185532 0.546154 0.23749 0.0308202 2.97442e-06
 0.319168 0.215176 0.312253 0.13578 0.0176225
 0.182935 0.399716 0.131903 0.19141 0.0940357
 0.457318 0.175439 0.179659 0.0592858 0.128298
 0.723203 0.175187 0.0328485 0.0336387 0.0351225
 0.381129 0.519835 0.0626809 0.011753 0.0246023
 0.692674 0.173707 0.112236 0.0135333 0.0078494
 0.599681 0.329528 0.0400126 0.0258531 0.00492541
 0.690409 0.235034 0.0613723 0.00745208 0.0057323
 0.603271 0.326487 0.0533259 0.0139245 0.00299135
 0.309109 0.522934 0.13822 0.0225758 0.00716141
 0.269761 0.352798 0.285685 0.0755108 0.0162457
 0.529964 0.204544 0.128267 0.103866 0.0333599
 0.508058 0.347422 0.0628902 0.0394376 0.0421924
 0.603501 0.276779 0.0845492 0.0153051 0.0198656
 0.570775 0.330659 0.0688051 0.0210183 0.00874316
 0.478415 0.383532 0.10635 0.0221299 0.00957223
 0.491987 0.332932 0.128741 0.0356988 0.0106415
 0.453817 0.363499 0.119724 0.0462957 0.0166642
 0.659289 0.21479 0.0838043 0.0276021 0.0145153
 0.57632 0.338424 0.0537465 0.0209702 0.010539
 0.452738 0.401289 0.1166 0.0185177 0.0108561
 0.544429 0.285437 0.124754 0.0362488 0.00913177
 0.454071 0.386932 0.099619 0.0435397 0.0158381
 0.105298 0.56279 0.235246 0.0605661 0.0361003
pobs_pel_tallas
 0 0 0 0 0 0 0 0 0 0 0 0 0 0 0 0 0 0 0 0 0 0 0 0 0 0 0 0 0 0 0 0 0 0 0 0
 0 0 0 0 0 0 0 0 0 0 0 0 0 0 0 0 0 0 0 0 0 0 0 0 0 0 0 0 0 0 0 0 0 0 0 0
 0 0 0 0 0 0 0 0 0 0 0 0 0 0 0 0 0 0 0 0 0 0 0 0 0 0 0 0 0 0 0 0 0 0 0 0
 0 0 0 0 0 0 0 0 0 0 0 0 0 0 0 0 0 0 0 0 0 0 0 0 0 0 0 0 0 0 0 0 0 0 0 0
 0 0 0 0 0 0 0 0 0 0 0 0 0 0 0 0 0 0 0 0 0 0 0 0 0 0 0 0 0 0 0 0 0 0 0 0
 0 0 0 0 0 0 0 0 0 0 0 0 0 0 0 0 0 0 0 0 0 0 0 0 0 0 0 0 0 0 0 0 0 0 0 0
 0 0 0 0 0 0 0 0 0 0 0 0 0 0 0 0 0 0 0 0 0 0 0 0 0 0 0 0 0 0 0 0 0 0 0 0
 0 0 0 0 0 0 0 0 0 0 0 0 0 0 0 0 0 0 0 0 0 0 0 0 0 0 0 0 0 0 0 0 0 0 0 0
 0 0 0 0 0 0 0 0 0 0 0 0 0 0 0 0 0 0 0 0 0 0 0 0 0 0 0 0 0 0 0 0 0 0 0 0
 0 0 0 0 0 0 0 0 0 0 0 0 0 0 0 0 0 0 0 0 0 0 0 0 0 0 0 0 0 0 0 0 0 0 0 0
 0 0 0 0 0 0 0 0 1.78061e-05 0.00172719 0.00360574 0.0105946 0.0120993 0.0124554 0.0147524 0.0171206 0.0266825 0.0428682 0.0675386 0.121331 0.153587 0.119568 0.100827 0.0573624 0.0630603 0.0341343 0.0324427 0.0444173 0.0211091 0.0280891 0.0125444 0.00206551 0 0 0 0
 0 0 0 0 0 0 0 0 0 0 0 0 0 0 0 0 0 0 0 0 0 0 0 0 0 0 0 0 0 0 0 0 0 0 0 0
 0 0 0 0 0 0 0.0133647 0.0140871 0.0187388 0.0205184 0.03894 0.0496705 0.03968 0.0493445 0.0407372 0.0367815 0.0215668 0.0243155 0.0234873 0.0199281 0.019796 0.0243948 0.0301388 0.0376714 0.0412746 0.0863199 0.0771752 0.113111 0.0741005 0.0525337 0.0229764 0.00759418 0.00175318 0 0 0
 0 0 0 0 0 0 0 0 0 0 0.00219441 0.00772107 0.0458388 0.0604681 0.0671733 0.0775358 0.0609151 0.0617685 0.073594 0.0568108 0.0755445 0.0548602 0.0670107 0.0636378 0.0643287 0.046367 0.0373049 0.0286899 0.0247887 0.0153202 0.00654259 0.00121912 0.000365735 0 0 0
 0 0 0 0 0 0 0 0 0 0 0 0 0.000112435 0.00938835 0.0111873 0.0202946 0.0414886 0.0713402 0.111592 0.104902 0.108894 0.110636 0.117776 0.105296 0.107544 0.0401394 0.0192827 0.0124803 0.00416011 0.0028671 0.000618394 0 0 0 0 0
 0 0 0 0 0 0 0 0 0 0 0.00291406 0.0102884 0.027416 0.0768956 0.0749926 0.110853 0.0956884 0.0897413 0.0766577 0.0534642 0.0500743 0.0551293 0.0594112 0.0620874 0.0668451 0.0424026 0.0208742 0.0120726 0.0048766 0.00582813 0.00118941 0.000297354 0 0 0 0
 0 0.00264628 0.0354308 0.0461629 0.0458689 0.0383711 0.0214643 0.0164657 0.0346957 0.0420465 0.0363128 0.0245516 0.0311673 0.0291091 0.0169068 0.0133784 0.00837989 0.0085269 0.0148486 0.0160247 0.0276389 0.0546898 0.0760071 0.122758 0.109233 0.0665981 0.0333725 0.0166128 0.00676272 0.00308733 0.000882094 0 0 0 0 0
 0 0 0 0 0 0 0 0.000805153 0.000690131 0.00759144 0.0133425 0.0154129 0.00931677 0.000345066 0.00356568 0.00563607 0.00851162 0.0253048 0.0502646 0.0516448 0.0657925 0.0565908 0.0611916 0.0827007 0.0866115 0.110766 0.145733 0.0935128 0.0569358 0.0249597 0.0138026 0.00621118 0.00161031 0.00115022 0 0
 0 0 0 0 0 0 0 0 0 0 0 0 0 0 0 0 0 0 0 0 0 0 0 0 0 0 0 0 0 0 0 0 0 0 0 0
 0.00147267 0.00158595 0.00478618 0.00569244 0.00954404 0.0108468 0.00647125 0.017049 0.0510054 0.094081 0.124002 0.0959785 0.0687766 0.0820023 0.061753 0.0591476 0.0492212 0.0479892 0.0443925 0.0268479 0.0217502 0.0140895 0.0121071 0.0120363 0.00920419 0.00665534 0.0049561 0.00860946 0.00930331 0.0156896 0.0114698 0.00855282 0.00243557 0.00046729 0 2.83206e-05
 0 0 0 0 0.000772559 0.00158375 0.000888443 0.00281984 0.00712685 0.0440552 0.0773331 0.111326 0.0921469 0.0852325 0.0710754 0.0886704 0.0786465 0.0553345 0.0373146 0.0185414 0.00753245 0.00457741 0.012979 0.0271748 0.0457355 0.0583668 0.034881 0.0177882 0.00938659 0.00492506 0.0015258 0.00185414 0.000309023 5.79419e-05 3.86279e-05 0
 0 0.00173294 0.00326652 0 0.00397197 0.00683976 0.00946217 0.0152591 0.00757587 0.0136028 0.0228656 0.0392903 0.0559909 0.0764795 0.0681675 0.0726916 0.0566044 0.0477403 0.0527397 0.0444891 0.0609904 0.0582453 0.0661739 0.0445044 0.0529084 0.0360697 0.0280645 0.0235558 0.0158879 0.00826598 0.00280645 0.00217768 0.000904811 0.00058276 9.20147e-05 0
 0 0 0 0 0 0 0 0 0 0 0 0 0 0 0 0 0 0 0 0 0 0 0 0 0 0 0 0 0 0 0 0 0 0 0 0
 0 0 0 0 0 0 0 0 0 0 0 0 0 0 0 0 0 0 0 0 0 0 0 0 0 0 0 0 0 0 0 0 0 0 0 0
 0 0 0 0 0 0 0 0 0 0 0 0 0 0 0 0 0 0 0 0 0 0 0 0 0 0 0 0 0 0 0 0 0 0 0 0
ppred_pel_tallas
 1.04609e-16 8.12541e-06 4.7613e-05 0.000226171 0.000870504 0.00271434 0.00685678 0.014034 0.0232787 0.0313105 0.0341981 0.0304651 0.0224628 0.0144323 0.00948104 0.00840654 0.0105707 0.0151185 0.0214588 0.0291427 0.0376302 0.0461902 0.0539533 0.0600636 0.0638575 0.0650053 0.0635684 0.0599511 0.0547752 0.0487193 0.0423815 0.0361989 0.0304331 0.0252037 0.0205425 0.0164427
 1.09992e-16 1.39392e-05 8.17753e-05 0.00038865 0.0014962 0.00466564 0.0117852 0.0241155 0.0399795 0.0537082 0.0584893 0.0516972 0.0372375 0.0222015 0.0116621 0.00667366 0.0058301 0.00745298 0.01053 0.0146102 0.0194513 0.0248048 0.0303567 0.0357515 0.0406444 0.0447488 0.0478644 0.0498783 0.050747 0.0504745 0.0490973 0.0466841 0.0433466 0.0392484 0.0346065 0.0296762
 1.12974e-16 8.00554e-06 4.69245e-05 0.000222931 0.000858087 0.00267567 0.0067589 0.0138326 0.0229406 0.0308436 0.0336561 0.0299064 0.021887 0.013742 0.00848549 0.00684723 0.00814588 0.0115095 0.0163723 0.0223761 0.0291509 0.0362072 0.0429577 0.0488163 0.0533178 0.05621 0.057486 0.0573436 0.0560951 0.0540606 0.0514861 0.0485093 0.0451763 0.0414875 0.0374526 0.0331277
 1.1064e-16 1.9961e-05 0.000117134 0.000556759 0.00214348 0.00668418 0.0168838 0.0345472 0.0572687 0.0769191 0.0837265 0.0739083 0.0530278 0.0311953 0.0156093 0.00769244 0.00533144 0.00602821 0.00826681 0.0113872 0.0150995 0.019182 0.0233869 0.0274485 0.0311232 0.0342256 0.0366452 0.038338 0.0393021 0.0395498 0.0390902 0.0379287 0.0360818 0.0335963 0.0305641 0.0271245
 1.03321e-16 3.15547e-05 0.000185199 0.000880352 0.0033894 0.0105695 0.0266978 0.0546273 0.090551 0.121608 0.132336 0.116736 0.083575 0.0487988 0.0237278 0.0105298 0.00576653 0.00538786 0.00690923 0.00923157 0.0118897 0.0145855 0.017038 0.0189858 0.0202345 0.0206983 0.0204143 0.0195227 0.0182217 0.0167139 0.0151617 0.0136642 0.0122587 0.0109385 0.00967823 0.00845507
 1.02613e-16 1.66528e-05 9.768e-05 0.000464203 0.001787 0.00557242 0.014076 0.0288047 0.0477601 0.0641798 0.069944 0.0619421 0.0448778 0.0272756 0.0152637 0.0101741 0.0103802 0.0138747 0.0193518 0.026051 0.0333319 0.0404527 0.0465794 0.0509239 0.0529188 0.0523512 0.0494104 0.0446265 0.0387296 0.0324745 0.02649 0.0211909 0.0167639 0.0132109 0.0104193 0.00823281
 1.02482e-16 3.02238e-05 0.000177385 0.000843199 0.00324635 0.0101234 0.025571 0.0523218 0.0867298 0.116478 0.126756 0.111821 0.0800729 0.0467881 0.0228154 0.0102398 0.00577889 0.0055654 0.00723139 0.00973314 0.0126285 0.0156269 0.0184432 0.0207992 0.0224704 0.0233283 0.0233602 0.0226566 0.0213762 0.0197008 0.0177967 0.015793 0.0137786 0.0118114 0.00993219 0.00817485
 1.01794e-16 2.6175e-05 0.000153601 0.000730097 0.00281082 0.00876522 0.0221405 0.0453038 0.0751019 0.100877 0.10982 0.0969771 0.0696554 0.0411274 0.0208489 0.010697 0.00789803 0.00914432 0.0123721 0.0165858 0.0212226 0.0257765 0.029713 0.0325318 0.0338721 0.0335959 0.0318185 0.0288697 0.0252052 0.0212962 0.0175353 0.0141814 0.0113519 0.00904978 0.0072087 0.00573639
 1.01472e-16 3.01274e-05 0.000176814 0.000840471 0.00323583 0.0100906 0.0254881 0.0521527 0.0864512 0.116109 0.126368 0.111509 0.0799169 0.0468322 0.0230876 0.0107822 0.00666236 0.00688022 0.00906197 0.0121257 0.015559 0.0189766 0.0219918 0.024241 0.0254546 0.0255161 0.0244853 0.0225735 0.0200841 0.0173379 0.0146084 0.0120848 0.00986502 0.00797275 0.0063859 0.00506326
 1.01482e-16 2.63314e-05 0.00015452 0.000734465 0.00282764 0.00881767 0.0222729 0.0455749 0.0755511 0.10148 0.110475 0.0975535 0.0700642 0.0413583 0.0209468 0.0107165 0.00787547 0.00909587 0.0123024 0.0164963 0.021116 0.0256585 0.0295918 0.0324167 0.0337702 0.0335098 0.0317436 0.0287936 0.0251092 0.0211585 0.0173358 0.0139064 0.0109971 0.00862217 0.00672524 0.00522124
 1.03243e-16 1.35127e-05 7.92442e-05 0.000376555 0.00144953 0.00452003 0.0114177 0.0233659 0.0387454 0.0520759 0.0567796 0.0503468 0.0366141 0.0225274 0.0131008 0.00946774 0.0103641 0.0142068 0.019955 0.0269683 0.034651 0.0422751 0.0490035 0.0540303 0.0567548 0.0569162 0.0546451 0.0504091 0.0448809 0.0387722 0.0326909 0.027058 0.0220928 0.0178508 0.0142858 0.0113094
 1.07524e-16 1.17904e-05 6.91474e-05 0.000328587 0.0012649 0.00394429 0.00996329 0.0203887 0.0338063 0.0454305 0.0495152 0.0438613 0.0318024 0.0193802 0.0109458 0.00746429 0.00781867 0.0106373 0.0150609 0.0206294 0.0269726 0.0336391 0.0400822 0.0457367 0.0501242 0.05294 0.0540942 0.0536916 0.0519701 0.0492201 0.0457181 0.0416922 0.0373214 0.0327538 0.0281293 0.0235915
 1.07016e-16 2.313e-05 0.000135735 0.000645187 0.00248394 0.00774588 0.0195656 0.0400345 0.0663647 0.089135 0.0970207 0.0856365 0.0614268 0.0361036 0.0180015 0.00875785 0.00590751 0.00653346 0.00885081 0.0120618 0.0157954 0.0197633 0.0236563 0.0271621 0.0300183 0.0320586 0.0332324 0.0335895 0.0332421 0.0323183 0.0309266 0.0291428 0.0270174 0.0245945 0.0219328 0.0191153
 1.04333e-16 2.21804e-05 0.000130148 0.000618595 0.00238151 0.00742641 0.0187588 0.0383848 0.0636342 0.0854803 0.0930759 0.0822335 0.0591576 0.0351146 0.0181447 0.00987389 0.00798894 0.00971804 0.0133261 0.0179559 0.0230838 0.0282035 0.0327643 0.0362433 0.0382548 0.0386365 0.0374802 0.035093 0.0319062 0.0283656 0.0248372 0.021557 0.0186271 0.0160475 0.0137637 0.0117102
 1.02745e-16 2.63395e-05 0.000154571 0.000734721 0.00282865 0.0088208 0.0222808 0.0455906 0.0755758 0.101509 0.110496 0.0975469 0.0700045 0.0412131 0.0206714 0.0102495 0.00713959 0.00800619 0.0107836 0.0145059 0.0186691 0.0228481 0.0265955 0.0294849 0.0311949 0.0315791 0.0306925 0.0287639 0.0261275 0.0231374 0.0200954 0.0172094 0.0145876 0.0122598 0.01021 0.0084064
 1.02216e-16 2.49146e-05 0.000146201 0.000694918 0.00267537 0.00834282 0.0210735 0.0431208 0.0714836 0.0960188 0.104536 0.0923228 0.066338 0.0392204 0.0199785 0.0104096 0.00788498 0.00926708 0.0125982 0.0169307 0.0217195 0.0264645 0.0306308 0.033712 0.0353355 0.0353461 0.0338378 0.0311171 0.027618 0.0237947 0.0200305 0.0165844 0.0135836 0.0110484 0.00893504 0.00717493
 1.02843e-16 2.08896e-05 0.000122566 0.000582539 0.00224267 0.00699344 0.0176652 0.0361475 0.0599269 0.0805057 0.0876733 0.0774938 0.055821 0.0332809 0.0174675 0.00993872 0.00854328 0.0106908 0.0147506 0.0198937 0.0255749 0.0312368 0.0362626 0.0400612 0.0421903 0.0424542 0.0409418 0.0379866 0.0340709 0.0297057 0.0253271 0.0212365 0.0175914 0.0144332 0.0117327 0.00943309
 1.0366e-16 2.14793e-05 0.000126033 0.000599032 0.00230619 0.00719153 0.0181655 0.0371708 0.0616217 0.0827771 0.0901332 0.0796354 0.0572927 0.0340163 0.0175948 0.0096063 0.00781695 0.00955098 0.013139 0.0177635 0.0229292 0.0281543 0.0329065 0.036669 0.0390438 0.039836 0.0390869 0.0370431 0.034079 0.0305976 0.0269482 0.0233785 0.0200287 0.0169548 0.014165 0.0116508
 1.04188e-16 1.98161e-05 0.000116266 0.000552593 0.00212737 0.0066339 0.016757 0.0342891 0.0568462 0.0763673 0.0831675 0.0735134 0.052959 0.0315852 0.0165981 0.00947906 0.00819284 0.0102894 0.0142314 0.0192431 0.0248189 0.0304406 0.0355308 0.03953 0.0420121 0.0427752 0.0418771 0.0395994 0.0363602 0.0326046 0.0287123 0.0249457 0.0214448 0.0182545 0.0153669 0.0127585
 1.02887e-16 2.87696e-05 0.000168844 0.000802586 0.00308997 0.00963574 0.0243392 0.0498017 0.082554 0.110874 0.120669 0.106478 0.0763058 0.0447051 0.02202 0.0102548 0.0063046 0.00650046 0.00858581 0.0115435 0.0149051 0.0183268 0.0214611 0.0239752 0.0256125 0.0262455 0.0258967 0.0247189 0.0229449 0.020825 0.0185744 0.016344 0.0142178 0.0122287 0.0103827 0.00867851
 1.02087e-16 2.51567e-05 0.000147622 0.00070167 0.00270137 0.00842389 0.0212783 0.0435399 0.0721784 0.0969523 0.105553 0.0932224 0.0669876 0.0396108 0.0201885 0.010536 0.00799885 0.00940729 0.0127813 0.0171582 0.0219803 0.0267341 0.0308719 0.0338783 0.0353784 0.0352235 0.0335229 0.0306049 0.0269273 0.0229658 0.0191184 0.0156503 0.0126849 0.0102321 0.00823278 0.00660179
 1.0293e-16 1.97706e-05 0.000115995 0.000551297 0.00212237 0.00661829 0.0167176 0.0342089 0.0567142 0.0761933 0.0829864 0.0733737 0.0529025 0.0316398 0.0167873 0.00983757 0.00877309 0.011156 0.0154461 0.0208452 0.0268046 0.0327461 0.0380247 0.0420209 0.04427 0.0445648 0.0429956 0.039909 0.035808 0.0312264 0.0266215 0.0223109 0.0184626 0.0151235 0.0122667 0.00983548
 1.03537e-16 2.37641e-05 0.000139451 0.000662833 0.00255186 0.00795764 0.0201006 0.0411297 0.0681822 0.0915824 0.0997007 0.0880405 0.0632349 0.0373341 0.0189244 0.00971428 0.00719388 0.0083752 0.0114074 0.0154176 0.0199313 0.0245262 0.0287449 0.0321424 0.034372 0.0352568 0.0348185 0.0332528 0.0308639 0.0279831 0.0248995 0.0218213 0.0188709 0.0161049 0.0135434 0.0111946
 1.03777e-16 1.98281e-05 0.000116334 0.000552912 0.0021286 0.00663771 0.0167666 0.0343091 0.0568798 0.0764144 0.0832235 0.0735745 0.0530279 0.0316762 0.0167362 0.00969817 0.0085321 0.0107889 0.0149247 0.0201476 0.0259242 0.0317 0.0368584 0.0408075 0.0431042 0.0435516 0.042236 0.039486 0.0357758 0.0316044 0.0273932 0.023428 0.019852 0.0166966 0.0139295 0.0114977
 1.07291e-16 4.62737e-06 2.70753e-05 0.00012853 0.000494554 0.00154196 0.00389546 0.00797508 0.0132365 0.0178276 0.0195354 0.0175538 0.013269 0.00916513 0.00710944 0.00767881 0.0106375 0.0155983 0.022256 0.030281 0.0391666 0.0481806 0.0564418 0.0630788 0.0674138 0.0691052 0.0682049 0.0651064 0.060416 0.0547898 0.0487962 0.0428391 0.0371501 0.0318278 0.0268989 0.0223683
pSPR Fmed_Fpbrs
0.538284   0.255595 0.255595
Fs Fmed_Fpbrs
0.351157   1.005 1.005
SSBpbr Bo_Bmed_Bpbrs
956347  466969  196620 196620
Ro
30946
SPR SPRFo_SPRFmed_SPRFpbrs
636338 342531 162645
log_Ro
10.16
likeval ReclasPelacesDesembMPH_pf_preclas_ppelaces_ptallas_desvR_qrecl_qpela
 99.3016 108.954 0.0389275 0.000591979 354.017 204.884 83.5061 0 21.6532 0 0 0 0 0 0
q_reclas_q_pelaces
1 1
M
0.7
N
 23694.9 37374.1 16251.8 2109.07 0.203544
 28944.8 10825.5 15709.4 6831.07 886.584
 8463.64 12682 4184.95 6072.99 2983.53
 13402.9 2872.38 2941.48 970.659 2100.57
 47040.5 5823.25 1091.89 1118.15 1167.48
 25633.5 22753.2 2743.55 514.429 1076.85
 63168.5 9265.81 5986.88 721.888 418.7
 73718.7 25966.7 3152.98 2037.22 388.121
 130342 27137.8 7086.25 860.441 661.87
 167315 50776.2 8293.42 2165.59 465.224
 69138.9 72364 19126.9 3124.05 991.001
 33109.5 26563 21509.9 5685.38 1223.18
 48729.3 12851.4 8058.94 6525.88 2095.99
 28022.2 16609.2 3006.6 1885.4 2017.09
 19464.4 7171.78 2190.8 396.578 514.749
 15229.7 5458.68 1135.87 346.98 144.336
 12248.1 5850.98 1622.43 337.603 146.029
 12758.1 4923.36 1903.81 527.911 157.365
 11885.8 5407.33 1780.98 688.683 247.892
 27454.3 5061.95 1975.02 650.499 342.082
 38011.6 11743.2 1864.98 727.659 365.698
 37430.2 17753.4 5158.48 819.238 480.283
 59831.2 17127.7 7485.89 2175.12 547.956
 57125.2 26721.2 6879.6 3006.81 1093.76
 8411.58 25349.5 10596.1 2728.05 1626.05
pred_Ctot
 1369.5 4167.42 1812.17 235.173 0.0226963
 2467.44 1749.59 2538.92 1104.02 143.288
 1969.43 5074.5 1674.54 2430 1193.81
 1214.91 491.924 503.757 166.235 359.744
 879.587 215.272 40.3647 41.3356 43.159
 5108.11 7975.89 961.721 180.328 377.477
 7908.76 2143.39 1384.9 166.989 96.8549
 13952.4 8703.55 1056.82 682.839 130.091
 20486.4 7717.05 2015.09 244.68 188.213
 15651.9 8957.73 1463.09 382.044 82.0729
 11420.6 21512 5685.94 928.7 294.599
 5273.79 7644.27 6190.09 1636.14 352.005
 11230.4 5100.79 3198.64 2590.16 831.909
 10141 9435.97 1708.1 1071.12 1145.94
 6294.38 3743.08 1143.42 206.981 268.657
 2516.06 1622.93 337.707 103.161 42.9129
 1698.83 1486.24 412.123 85.7565 37.0937
 1356.54 979.12 378.614 104.987 31.2956
 1227.83 1046.82 344.785 133.324 47.9901
 2761.12 955.727 372.895 122.818 64.5872
 1631.59 981.605 155.892 60.8244 30.5685
 2123.75 1944.65 565.043 89.7368 52.6087
 4356.89 2383.44 1041.71 302.683 76.2518
 4399.26 3921.97 1009.75 441.321 160.536
 822.299 4660.67 1948.16 501.571 298.96
F
 0.083361 0.166722 0.166722 0.166722 0.166722
 0.125203 0.250405 0.250405 0.250405 0.250405
 0.380637 0.761275 0.761275 0.761275 0.761275
 0.133616 0.267232 0.267232 0.267232 0.267232
 0.0263037 0.0526075 0.0526075 0.0526075 0.0526075
 0.317568 0.635136 0.635136 0.635136 0.635136
 0.188991 0.377982 0.377982 0.377982 0.377982
 0.299329 0.598659 0.598659 0.598659 0.598659
 0.242733 0.485466 0.485466 0.485466 0.485466
 0.138166 0.276332 0.276332 0.276332 0.276332
 0.256599 0.513198 0.513198 0.513198 0.513198
 0.246368 0.492736 0.492736 0.492736 0.492736
 0.376322 0.752644 0.752644 0.752644 0.752644
 0.662845 1.32569 1.32569 1.32569 1.32569
 0.571378 1.14276 1.14276 1.14276 1.14276
 0.256641 0.513281 0.513281 0.513281 0.513281
 0.211377 0.422754 0.422754 0.422754 0.422754
 0.158414 0.316829 0.316829 0.316829 0.316829
 0.15359 0.307179 0.307179 0.307179 0.307179
 0.14925 0.2985 0.2985 0.2985 0.2985
 0.0613162 0.122632 0.122632 0.122632 0.122632
 0.0817782 0.163556 0.163556 0.163556 0.163556
 0.10607 0.212139 0.212139 0.212139 0.212139
 0.112487 0.224973 0.224973 0.224973 0.224973
 0.144797 0.289593 0.289593 0.289593 0.289593
YTP_r0W_actual
 9209.75 102535 64289.3 20614.6 12795.5
YTP_p0W_proyectada
 67733.7 37300.7 141796 77317.9 31197.1
 67733.7 84528.3 9885.2 33622.7 18975.8
CTP_r0_actual
 822.299 4660.67 1948.16 501.571 298.96
CTP_p0_proyectada
 7968.67 1743.02 4544.75 1899.7 670.905
 7968.67 3949.92 316.833 826.11 408.082
Wmedp
 8.5 21.4 31.2 40.7 46.5
nmprior
 10.6 11 7 0
nm_flota  nm_reclas  nm_pelaces    nm_pelaL
inf 14.8797 11.0036 22.5941
cv_recla  cv_pelaces  cv_mph
0.90137 1.18357 0.78939
 ------------------------------------------------
Talla a la edad & desviaci?n 
 7.2 14.2025 17.0495 18.207 18.6776
 1.08 2.13037 2.55742 2.73105 2.80164
