years
 1997 1998 1999 2000 2001 2002 2003 2004 2005 2006 2007 2008 2009 2010 2011 2012 2013 2014 2015 2016 2017 2018 2019 2020 2021
reclasobs
 0 0 0 370054 412103 1.49427e+06 250295 1.28982e+06 931140 785840 897777 1.04006e+06 184774 17550 25797 100020 73551 82996 120727 218422 84188 347160 605670 569463 516374
reclaspred
 1.11229e+06 234189 606755 327595 417181 537658 1.11935e+06 862151 1.10291e+06 1.21384e+06 1.13236e+06 774060 449320 206796 137067 134890 160616 224431 243176 322346 509754 505006 829160 974002 1.21982e+06
pelacesobs
 0 0 0 0 0 0 0 0 0 2.06254e+06 1.5e+06 0 1.87456e+06 323000 250000 174000 83755 137374 0 501740 490994 745055 786931 1.00524e+06 1.33801e+06
pelacespred
 655325 231380 209501 229137 249224 248403 573775 556096 631970 722714 587214 415503 238301 88278.1 58084.2 65265.9 81415.4 114931 131405 167711 290822 301179 375023 524942 638326
mphobs
 0 0 0 0 0 112323 0 153150 637223 0 255016 313432 73983 77613 109348 50772 0 0 0 0 0 0 0 0 0
mphpred
 784123 427825 381063 353796 312417 477203 671477 897606 876355 1.06033e+06 1.14117e+06 816560 499682 266433 126996 111976 126198 172092 212707 238822 372106 475208 574777 778324 1.0246e+06
desembarqueobs
 350755 77701 442110 56441 14545 235359 269955 359681 431902 328805 639364 411747 362871 311530 167758 66681 60226 58785 57116 73181 50977 67692 138656 160484 209506
desembarquepred
 350762 77702.4 442145 56443.8 14545.1 235425 269981 359623 431846 328751 639370 411881 362963 311729 167720 66690 60245.2 58786.3 57111.2 73172.8 50975.5 67683.6 138648 160481 209500
Reclutas
 43042.1 45032.3 23478.8 26919.6 53587.6 41440.4 81793.2 87305.4 129653 137812 72332.1 40951.5 46759.8 28577.6 20026 17168.8 14514 15883 16707.1 31271.8 44136.2 48141.9 76092.2 88740.4 40781.9
log_desv_Rt
 0.029933 0.0751358 -0.576148 -0.439389 0.249074 -0.00798789 0.67195 0.737168 1.13262 1.19364 0.549023 -0.019856 0.112778 -0.379622 -0.735212 -0.889152 -1.05713 -0.966998 -0.916409 -0.289529 0.0550359 0.141909 0.599702 0.753471 -0.0240055
SSB
 784123 427825 381063 353796 312417 477203 671477 897606 876355 1.06033e+06 1.14117e+06 816560 499682 266433 126996 111976 126198 172092 212707 238822 372106 475208 574777 778324 1.0246e+06
BT
 2.09218e+06 573829 774866 544356 598346 678201 1.74468e+06 1.66732e+06 2.00656e+06 1.98962e+06 1.82135e+06 1.23773e+06 887939 487257 287957 203345 240035 309267 323542 450345 737248 668182 891060 1.27842e+06 1.4638e+06
Ftot
 0.303378 0.318937 0.678146 0.167225 0.0341072 0.417045 0.233363 0.39904 0.375528 0.261486 0.532668 0.502903 0.748227 1.309 1.10048 0.470029 0.359702 0.252919 0.227026 0.219746 0.0974933 0.13036 0.162327 0.160007 0.166606
BD_Bspro_t
 0.957106 0.754958 0.640547 0.440067 0.53904 0.699512 0.636335 0.671018 0.631412 0.624955 0.613657 0.458381 0.348065 0.24977 0.151101 0.159069 0.230711 0.364713 0.47437 0.564642 0.689197 0.786737 0.791619 0.789217 0.785548
BD_Bspro
 0.912869 0.498069 0.443629 0.411886 0.363713 0.555556 0.781727 1.04498 1.02024 1.23442 1.32853 0.950631 0.581726 0.310178 0.147847 0.130361 0.146918 0.200348 0.247631 0.278035 0.433202 0.553232 0.66915 0.906117 1.19283
BD_Bo
 0.798955 0.435917 0.38827 0.360488 0.318326 0.48623 0.684178 0.914584 0.892931 1.08038 1.16275 0.832005 0.509134 0.271472 0.129398 0.114094 0.128585 0.175347 0.21673 0.24334 0.379144 0.484196 0.585649 0.793046 1.04398
BD_Brms
 3.88606 2.12027 1.88852 1.75339 1.54832 2.36499 3.32779 4.44847 4.34316 5.2549 5.65554 4.04682 2.47639 1.32042 0.629382 0.554944 0.625428 0.852878 1.05416 1.18359 1.84413 2.3551 2.84856 3.85732 5.07784
S_f
 0.5 1 1 1 1
 0.5 1 1 1 1
 0.5 1 1 1 1
 0.5 1 1 1 1
 0.5 1 1 1 1
 0.5 1 1 1 1
 0.5 1 1 1 1
 0.5 1 1 1 1
 0.5 1 1 1 1
 0.5 1 1 1 1
 0.5 1 1 1 1
 0.5 1 1 1 1
 0.5 1 1 1 1
 0.5 1 1 1 1
 0.5 1 1 1 1
 0.5 1 1 1 1
 0.5 1 1 1 1
 0.5 1 1 1 1
 0.5 1 1 1 1
 0.5 1 1 1 1
 0.5 1 1 1 1
 0.5 1 1 1 1
 0.5 1 1 1 1
 0.5 1 1 1 1
 0.5 1 1 1 1
Scru_reclas
 0.5 1 1 1 1
 0.5 1 1 1 1
 0.5 1 1 1 1
 0.5 1 1 1 1
 0.5 1 1 1 1
 0.5 1 1 1 1
 0.5 1 1 1 1
 0.5 1 1 1 1
 0.5 1 1 1 1
 0.5 1 1 1 1
 0.5 1 1 1 1
 0.5 1 1 1 1
 0.5 1 1 1 1
 0.5 1 1 1 1
 0.5 1 1 1 1
 0.5 1 1 1 1
 0.5 1 1 1 1
 0.5 1 1 1 1
 0.5 1 1 1 1
 0.5 1 1 1 1
 0.5 1 1 1 1
 0.5 1 1 1 1
 0.5 1 1 1 1
 0.5 1 1 1 1
 0.5 1 1 1 1
Scru_pelaces
 0.5 1 1 1 1
 0.5 1 1 1 1
 0.5 1 1 1 1
 0.5 1 1 1 1
 0.5 1 1 1 1
 0.5 1 1 1 1
 0.5 1 1 1 1
 0.5 1 1 1 1
 0.5 1 1 1 1
 0.5 1 1 1 1
 0.5 1 1 1 1
 0.5 1 1 1 1
 0.5 1 1 1 1
 0.5 1 1 1 1
 0.5 1 1 1 1
 0.5 1 1 1 1
 0.5 1 1 1 1
 0.5 1 1 1 1
 0.5 1 1 1 1
 0.5 1 1 1 1
 0.5 1 1 1 1
 0.5 1 1 1 1
 0.5 1 1 1 1
 0.5 1 1 1 1
 0.5 1 1 1 1
pf_obs 
 0.256992 0.487395 0.22802 0.0275931 0
 0.321318 0.546541 0.124235 0.00734118 0.000564706
 0.182869 0.594174 0.210203 0.0122559 0.00049798
 0.330522 0.361315 0.267642 0.0388342 0.00168674
 0.649043 0.306663 0.0425973 0.00169635 0
 0.582887 0.30429 0.105238 0.00758474 0
 0.465427 0.430635 0.0974691 0.00646863 0
 0.296916 0.608066 0.0921331 0.00288517 0
 0.311714 0.524322 0.152257 0.0117073 0
 0.15457 0.633149 0.183074 0.0267441 0.00246327
 0.131901 0.49318 0.331252 0.0422183 0.00144891
 0.196976 0.569456 0.194076 0.0375587 0.00193317
 0.518974 0.381816 0.0799577 0.0180837 0.00116848
 0.0928022 0.601141 0.25162 0.0475244 0.00691264
 0.122501 0.610282 0.24278 0.0234846 0.000952079
 0.383417 0.481906 0.127806 0.00687128 0
 0.0376549 0.599619 0.316969 0.0457579 0
 0.0361596 0.667082 0.258105 0.0386534 0
 0.158088 0.579412 0.248529 0.0139706 0
 0.0477256 0.309471 0.559284 0.082774 0.000745712
 0.0406174 0.521527 0.379366 0.0568643 0.0016247
 0.151134 0.462217 0.34131 0.0453401 0
 0.294876 0.26143 0.354403 0.0886775 0.000613685
 0.281977 0.475581 0.204845 0.0348837 0.00271318
 0.0841818 0.532909 0.334909 0.0458182 0.00218182
pf_pred 
 0.46102 0.380011 0.142113 0.016851 5.51233e-06
 0.460641 0.35123 0.132641 0.049604 0.00588371
 0.31505 0.446522 0.155264 0.0586353 0.0245288
 0.470927 0.280311 0.162169 0.0563894 0.0302038
 0.588425 0.268008 0.0760638 0.0440055 0.0234975
 0.390876 0.452409 0.102049 0.0289628 0.0257031
 0.60361 0.234552 0.120201 0.0271135 0.0145242
 0.50108 0.381685 0.06937 0.03555 0.0123146
 0.577782 0.292542 0.099205 0.0180302 0.0124406
 0.506992 0.37134 0.0843001 0.0285873 0.0087806
 0.316462 0.471056 0.160044 0.0363325 0.0161052
 0.300277 0.363875 0.231448 0.0786356 0.0257646
 0.461096 0.268783 0.140471 0.0893481 0.0403027
 0.436696 0.384123 0.0893681 0.0467053 0.0431078
 0.539597 0.322867 0.0937872 0.02182 0.0219287
 0.558681 0.338715 0.071953 0.0209011 0.00974968
 0.463502 0.399138 0.105425 0.0223953 0.00954001
 0.477801 0.343223 0.133153 0.0351696 0.0106536
 0.455512 0.361006 0.120596 0.046785 0.0161006
 0.586521 0.265031 0.098424 0.0328791 0.017145
 0.54899 0.338839 0.0718988 0.0267009 0.0135708
 0.458736 0.38672 0.116107 0.024637 0.0137996
 0.528652 0.300491 0.122073 0.0366508 0.012133
 0.480435 0.364421 0.0989065 0.0401802 0.0160571
 0.255179 0.491074 0.177978 0.0483044 0.0274655
pobs_RECLAS
 0 0 0 0 0
 0 0 0 0 0
 0 0 0 0 0
 0 0 0 0 0
 0.835266 0.146461 0.0176864 0.000547809 3.91292e-05
 0.385257 0.428462 0.181853 0.0044286 0
 0.867414 0.0963971 0.0333333 0.00285562 0
 0.441836 0.489002 0.0689373 0.000224442 0
 0.779404 0.147425 0.0564933 0.0165055 0.000172143
 0.814271 0.122319 0.05973 0.00367925 0
 0.40263 0.566651 0.0304383 0.000280538 0
 0.475488 0.404961 0.113038 0.00651328 0
 0.955842 0.0263864 0.0167828 0.000988607 0
 0.975058 0.0227948 0.00214734 0 0
 0.738997 0.206755 0.0527124 0.00153531 0
 0.850938 0.134255 0.0134407 0.00136685 0
 0.542534 0.407297 0.0501686 0 0
 0.764087 0.199537 0.0359546 0.000420521 0
 0.470689 0.182191 0.310203 0.0369168 0
 0.84361 0.089868 0.0606195 0.00523954 0.000663233
 0.607945 0.314616 0.071237 0.00620181 0
 0.523733 0.453247 0.0230204 0 0
 0.530135 0.295979 0.169645 0.0042399 0
 0.562478 0.366248 0.0663022 0.0049721 0
 0.250443 0.683176 0.0655157 0.000865301 0
ppred_RECLAS
 0.463893 0.377985 0.141355 0.0167612 5.48294e-06
 0.463699 0.349239 0.131889 0.0493228 0.00585036
 0.322286 0.441804 0.153624 0.0580157 0.0242697
 0.472344 0.27956 0.161735 0.0562383 0.0301229
 0.588673 0.267847 0.076018 0.043979 0.0234834
 0.395003 0.449343 0.101358 0.0287666 0.025529
 0.605618 0.233363 0.119592 0.0269762 0.0144506
 0.505166 0.37856 0.068802 0.0352589 0.0122138
 0.581466 0.28999 0.0983395 0.0178729 0.0123321
 0.5094 0.369526 0.0838884 0.0284477 0.00873771
 0.321658 0.467475 0.158827 0.0360563 0.0159828
 0.304949 0.361446 0.229902 0.0781105 0.0255926
 0.470624 0.26403 0.137987 0.0877683 0.0395901
 0.458337 0.369366 0.0859348 0.044911 0.0414517
 0.556265 0.311178 0.0903918 0.0210301 0.0211348
 0.563665 0.33489 0.0711404 0.020665 0.00963958
 0.467062 0.39649 0.104725 0.0222466 0.0094767
 0.480111 0.341705 0.132564 0.0350141 0.0106065
 0.457529 0.359668 0.120149 0.0466117 0.016041
 0.588416 0.263816 0.0979728 0.0327284 0.0170664
 0.54976 0.338261 0.0717761 0.0266553 0.0135476
 0.459801 0.385959 0.115879 0.0245885 0.0137724
 0.530021 0.299618 0.121718 0.0365443 0.0120978
 0.481785 0.363475 0.0986495 0.0400758 0.0160154
 0.256256 0.490363 0.17772 0.0482345 0.0274257
pobs_PELACES
 0 0 0 0 0
 0 0 0 0 0
 0 0 0 0 0
 0 0 0 0 0
 0 0 0 0 0
 0 0 0 0 0
 0 0 0 0 0
 0 0 0 0 0
 0 0 0 0 0
 0 0 0 0 0
 0.450072 0.473896 0.0757376 0.000293798 0
 0 0 0 0 0
 0.463077 0.371075 0.160297 0.00555027 0
 0.529543 0.364841 0.0842815 0.0213345 0
 0.631943 0.363953 0.00410389 0 0
 0.735681 0.248677 0.0153453 0.000297389 0
 0.695825 0.281241 0.0229344 0 0
 0.275771 0.60734 0.115278 0.00161068 0
 0 0 0 0 0
 0.896147 0.0623911 0.0374545 0.00400742 0
 0.803859 0.145111 0.0509908 3.86294e-05 0
 0.739449 0.233085 0.0266225 0.000797448 4.60066e-05
 0.878498 0.100942 0.0204185 0.000141795 0
 0.694673 0.275183 0.0284847 0.00165964 0
 0.469039 0.446079 0.0841089 0.000773354 0
ppred_PELACES
 0.476362 0.369193 0.138068 0.0163713 5.35542e-06
 0.476807 0.340702 0.128666 0.0481172 0.00570736
 0.347196 0.425566 0.147977 0.0558834 0.0233776
 0.479226 0.275914 0.159626 0.0555049 0.02973
 0.590035 0.26696 0.0757663 0.0438334 0.0234056
 0.411561 0.437046 0.098584 0.0279793 0.0248303
 0.614777 0.227944 0.116814 0.0263497 0.014115
 0.521613 0.365977 0.0665152 0.034087 0.0118078
 0.596465 0.279598 0.0948154 0.0172324 0.0118902
 0.520176 0.361409 0.0820457 0.0278228 0.00854578
 0.341128 0.454058 0.154269 0.0350214 0.015524
 0.322816 0.352154 0.223992 0.0761026 0.0249347
 0.501455 0.248654 0.129951 0.0826567 0.0372844
 0.512233 0.332613 0.0773841 0.0404422 0.0373272
 0.600512 0.280149 0.0813785 0.0189331 0.0190274
 0.582636 0.320329 0.0680473 0.0197666 0.00922047
 0.48186 0.38548 0.101817 0.0216289 0.00921356
 0.490534 0.334854 0.129906 0.0343121 0.0103938
 0.46684 0.353495 0.118087 0.0458117 0.0157657
 0.597168 0.258206 0.0958895 0.0320325 0.0167035
 0.553738 0.335272 0.0711419 0.0264198 0.0134279
 0.465148 0.382139 0.114732 0.0243452 0.0136361
 0.536687 0.295369 0.119992 0.036026 0.0119262
 0.488379 0.358849 0.0973942 0.0395659 0.0158116
 0.261531 0.486886 0.17646 0.0478924 0.0272312
pobs_pel_tallas
 0 0 0 0 0 0 0 0 0 0 0 0 0 0 0 0 0 0 0 0 0 0 0 0 0 0 0 0 0 0 0 0 0 0 0 0
 0 0 0 0 0 0 0 0 0 0 0 0 0 0 0 0 0 0 0 0 0 0 0 0 0 0 0 0 0 0 0 0 0 0 0 0
 0 0 0 0 0 0 0 0 0 0 0 0 0 0 0 0 0 0 0 0 0 0 0 0 0 0 0 0 0 0 0 0 0 0 0 0
 0 0 0 0 0 0 0 0 0 0 0 0 0 0 0 0 0 0 0 0 0 0 0 0 0 0 0 0 0 0 0 0 0 0 0 0
 0 0 0 0 0 0 0 0 0 0 0 0 0 0 0 0 0 0 0 0 0 0 0 0 0 0 0 0 0 0 0 0 0 0 0 0
 0 0 0 0 0 0 0 0 0 0 0 0 0 0 0 0 0 0 0 0 0 0 0 0 0 0 0 0 0 0 0 0 0 0 0 0
 0 0 0 0 0 0 0 0 0 0 0 0 0 0 0 0 0 0 0 0 0 0 0 0 0 0 0 0 0 0 0 0 0 0 0 0
 0 0 0 0 0 0 0 0 0 0 0 0 0 0 0 0 0 0 0 0 0 0 0 0 0 0 0 0 0 0 0 0 0 0 0 0
 0 0 0 0 0 0 0 0 0 0 0 0 0 0 0 0 0 0 0 0 0 0 0 0 0 0 0 0 0 0 0 0 0 0 0 0
 0 0 0 0 0 0 0 0 0 0 0 0 0 0 0 0 0 0 0 0 0 0 0 0 0 0 0 0 0 0 0 0 0 0 0 0
 0 0 0 0 0 0 0 0 1.78061e-05 0.00172719 0.00360574 0.0105946 0.0120993 0.0124554 0.0147524 0.0171206 0.0266825 0.0428682 0.0675386 0.121331 0.153587 0.119568 0.100827 0.0573624 0.0630603 0.0341343 0.0324427 0.0444173 0.0211091 0.0280891 0.0125444 0.00206551 0 0 0 0
 0 0 0 0 0 0 0 0 0 0 0 0 0 0 0 0 0 0 0 0 0 0 0 0 0 0 0 0 0 0 0 0 0 0 0 0
 0 0 0 0 0 0 0.0133647 0.0140871 0.0187388 0.0205184 0.03894 0.0496705 0.03968 0.0493445 0.0407372 0.0367815 0.0215668 0.0243155 0.0234873 0.0199281 0.019796 0.0243948 0.0301388 0.0376714 0.0412746 0.0863199 0.0771752 0.113111 0.0741005 0.0525337 0.0229764 0.00759418 0.00175318 0 0 0
 0 0 0 0 0 0 0 0 0 0 0.00219441 0.00772107 0.0458388 0.0604681 0.0671733 0.0775358 0.0609151 0.0617685 0.073594 0.0568108 0.0755445 0.0548602 0.0670107 0.0636378 0.0643287 0.046367 0.0373049 0.0286899 0.0247887 0.0153202 0.00654259 0.00121912 0.000365735 0 0 0
 0 0 0 0 0 0 0 0 0 0 0 0 0.000112435 0.00938835 0.0111873 0.0202946 0.0414886 0.0713402 0.111592 0.104902 0.108894 0.110636 0.117776 0.105296 0.107544 0.0401394 0.0192827 0.0124803 0.00416011 0.0028671 0.000618394 0 0 0 0 0
 0 0 0 0 0 0 0 0 0 0 0.00291406 0.0102884 0.027416 0.0768956 0.0749926 0.110853 0.0956884 0.0897413 0.0766577 0.0534642 0.0500743 0.0551293 0.0594112 0.0620874 0.0668451 0.0424026 0.0208742 0.0120726 0.0048766 0.00582813 0.00118941 0.000297354 0 0 0 0
 0 0.00264628 0.0354308 0.0461629 0.0458689 0.0383711 0.0214643 0.0164657 0.0346957 0.0420465 0.0363128 0.0245516 0.0311673 0.0291091 0.0169068 0.0133784 0.00837989 0.0085269 0.0148486 0.0160247 0.0276389 0.0546898 0.0760071 0.122758 0.109233 0.0665981 0.0333725 0.0166128 0.00676272 0.00308733 0.000882094 0 0 0 0 0
 0 0 0 0 0 0 0 0.000805153 0.000690131 0.00759144 0.0133425 0.0154129 0.00931677 0.000345066 0.00356568 0.00563607 0.00851162 0.0253048 0.0502646 0.0516448 0.0657925 0.0565908 0.0611916 0.0827007 0.0866115 0.110766 0.145733 0.0935128 0.0569358 0.0249597 0.0138026 0.00621118 0.00161031 0.00115022 0 0
 0 0 0 0 0 0 0 0 0 0 0 0 0 0 0 0 0 0 0 0 0 0 0 0 0 0 0 0 0 0 0 0 0 0 0 0
 0.00147267 0.00158595 0.00478618 0.00569244 0.00954404 0.0108468 0.00647125 0.017049 0.0510054 0.094081 0.124002 0.0959785 0.0687766 0.0820023 0.061753 0.0591476 0.0492212 0.0479892 0.0443925 0.0268479 0.0217502 0.0140895 0.0121071 0.0120363 0.00920419 0.00665534 0.0049561 0.00860946 0.00930331 0.0156896 0.0114698 0.00855282 0.00243557 0.00046729 0 2.83206e-05
 0 0 0 0 0.000772559 0.00158375 0.000888443 0.00281984 0.00712685 0.0440552 0.0773331 0.111326 0.0921469 0.0852325 0.0710754 0.0886704 0.0786465 0.0553345 0.0373146 0.0185414 0.00753245 0.00457741 0.012979 0.0271748 0.0457355 0.0583668 0.034881 0.0177882 0.00938659 0.00492506 0.0015258 0.00185414 0.000309023 5.79419e-05 3.86279e-05 0
 0 0.00173294 0.00326652 0 0.00397197 0.00683976 0.00946217 0.0152591 0.00757587 0.0136028 0.0228656 0.0392903 0.0559909 0.0764795 0.0681675 0.0726916 0.0566044 0.0477403 0.0527397 0.0444891 0.0609904 0.0582453 0.0661739 0.0445044 0.0529084 0.0360697 0.0280645 0.0235558 0.0158879 0.00826598 0.00280645 0.00217768 0.000904811 0.00058276 9.20147e-05 0
 0 0 0 0 0 0 0 0 0 0 0 0 0 0 0 0 0 0 0 0 0 0 0 0 0 0 0 0 0 0 0 0 0 0 0 0
 0 0 0 0 0 0 0 0 0 0 0 0 0 0 0 0 0 0 0 0 0 0 0 0 0 0 0 0 0 0 0 0 0 0 0 0
 0 0 0 0 0 0 0 0 0 0 0 0 0 0 0 0 0 0 0 0 0 0 0 0 0 0 0 0 0 0 0 0 0 0 0 0
ppred_pel_tallas
 1.02643e-16 2.07996e-05 0.000122038 0.000580035 0.00223303 0.00696338 0.0175892 0.035992 0.0596689 0.0801582 0.0872926 0.0771519 0.0555631 0.0331042 0.0173334 0.00979919 0.0083576 0.0104302 0.0143988 0.0194485 0.0250528 0.0306758 0.035722 0.0396146 0.0419136 0.0424105 0.0411663 0.0384771 0.0347855 0.0305696 0.026246 0.022114 0.0183449 0.0150057 0.0120984 0.00959602
 1.03858e-16 2.08177e-05 0.000122148 0.000580562 0.00223507 0.00696975 0.0176053 0.0360247 0.0597222 0.0802273 0.0873613 0.0771971 0.0555619 0.033036 0.0171746 0.00951625 0.00790482 0.00975404 0.0134481 0.0181894 0.0234837 0.0288415 0.0337198 0.0375906 0.0400474 0.0408905 0.0401616 0.0381116 0.0351205 0.0315979 0.027897 0.024268 0.0208515 0.0177035 0.0148324 0.0122313
 1.05252e-16 1.51695e-05 8.89799e-05 0.00042286 0.00162785 0.00507613 0.0128223 0.026239 0.0435048 0.0584585 0.0637009 0.0563944 0.0408178 0.0247284 0.0136988 0.00893395 0.00894899 0.0119247 0.0166999 0.0226343 0.0292206 0.0358739 0.0419228 0.0467127 0.0497419 0.0507689 0.0498535 0.0473159 0.0436354 0.0393235 0.034817 0.030419 0.0262927 0.0224938 0.0190196 0.0158513
 1.05653e-16 2.09206e-05 0.000122758 0.000583474 0.0022463 0.00700479 0.0176937 0.0362052 0.0600196 0.0806213 0.0877759 0.0775292 0.0557265 0.032985 0.0168767 0.00892377 0.00693813 0.00831082 0.0114302 0.015537 0.0202112 0.0250644 0.0296648 0.0335821 0.0364674 0.0381211 0.0385207 0.0378002 0.0361926 0.0339595 0.0313318 0.0284796 0.0255123 0.0224988 0.0194923 0.0165499
 1.03763e-16 2.57518e-05 0.000151122 0.000718326 0.00276553 0.00862397 0.0217836 0.0445732 0.0738892 0.0992436 0.10803 0.0953679 0.0684379 0.0402851 0.0201958 0.00999779 0.00694625 0.00778176 0.0104883 0.0141275 0.0182158 0.0223485 0.0261002 0.0290642 0.0309329 0.0315628 0.0309997 0.0294511 0.0272207 0.0246275 0.0219386 0.0193322 0.0168956 0.0146483 0.012575 0.0106545
 1.03664e-16 1.79765e-05 0.000105459 0.0005012 0.00192948 0.00601674 0.0151982 0.0311003 0.0515626 0.0692789 0.0754728 0.0667714 0.0482312 0.0290243 0.0157245 0.00972056 0.0092096 0.011997 0.0166837 0.0225146 0.0289258 0.0352965 0.0409291 0.0451563 0.0474838 0.0477011 0.0459231 0.0425427 0.0381185 0.0332359 0.0283875 0.0239053 0.0199511 0.0165518 0.0136541 0.0111771
 1.03298e-16 2.68293e-05 0.000157451 0.000748421 0.00288141 0.00898536 0.0226964 0.0464406 0.0769833 0.103395 0.112538 0.0993209 0.0712168 0.0418047 0.0207431 0.00991733 0.00644924 0.00693264 0.00927179 0.0125154 0.0162095 0.0200014 0.0235241 0.0264198 0.0284055 0.0293296 0.0291952 0.0281419 0.0263956 0.0242061 0.021794 0.0193213 0.0168885 0.0145492 0.0123327 0.0102611
 1.02787e-16 2.27723e-05 0.000133621 0.000635102 0.00244506 0.00762458 0.0192594 0.0394092 0.0653326 0.0877625 0.0955626 0.0844347 0.0607502 0.0360779 0.0186751 0.0102132 0.00831892 0.0101453 0.0139061 0.0187109 0.0240059 0.0292504 0.0338567 0.0372676 0.0390744 0.0391092 0.0374789 0.0345246 0.0307255 0.0265809 0.0225084 0.0187866 0.0155467 0.0128031 0.0105008 0.00856085
 1.02585e-16 2.60328e-05 0.000152771 0.000726159 0.00279568 0.008718 0.0220211 0.0450593 0.0746953 0.100327 0.109211 0.0964165 0.0692021 0.0407586 0.0204767 0.0102083 0.00718215 0.0081049 0.0109367 0.0147218 0.0189581 0.0232174 0.027047 0.0300136 0.0317883 0.0322176 0.0313508 0.0294133 0.0267378 0.0236805 0.0205476 0.0175537 0.0148158 0.012373 0.0102181 0.00832679
 1.02638e-16 2.27096e-05 0.000133253 0.000633353 0.00243832 0.00760358 0.0192063 0.0393006 0.0651525 0.0875203 0.0952984 0.0842 0.0605787 0.0359709 0.0186105 0.0101641 0.00826461 0.0100741 0.0138133 0.018598 0.0238808 0.029128 0.0337577 0.037216 0.039093 0.0392141 0.0376749 0.0348022 0.0310613 0.026941 0.0228542 0.0190817 0.015763 0.0129246 0.0105254 0.00849856
 1.04267e-16 1.49061e-05 8.7431e-05 0.000415491 0.00159947 0.00498761 0.0125987 0.0257817 0.0427478 0.0574444 0.0626042 0.0554433 0.0401725 0.0244232 0.0136838 0.00915309 0.00938618 0.0126042 0.0176634 0.0239159 0.0308251 0.0377622 0.0440048 0.0488507 0.0517659 0.0524996 0.0511302 0.0480205 0.0437083 0.0387687 0.0336962 0.0288378 0.0243828 0.0203954 0.0168663 0.0137583
 1.07075e-16 1.41036e-05 8.27286e-05 0.000393155 0.0015135 0.00471956 0.0119215 0.0243954 0.0404473 0.0543472 0.0592135 0.0524043 0.0378924 0.0228824 0.0125467 0.00799714 0.00784981 0.0104206 0.0146541 0.020001 0.026056 0.0323553 0.0383523 0.0434938 0.0473259 0.0495813 0.0502163 0.0493861 0.047375 0.0445079 0.0410779 0.0373077 0.0333499 0.0293095 0.0252741 0.0213344
 1.06509e-16 2.18886e-05 0.000128444 0.000610513 0.00235042 0.00732949 0.0185138 0.037883 0.0627997 0.0843519 0.0918275 0.0810838 0.0582291 0.0343609 0.0173862 0.0088782 0.00652782 0.00759058 0.010377 0.0141075 0.0183786 0.0228401 0.0271096 0.0308064 0.0336219 0.0353778 0.0360503 0.0357496 0.0346677 0.0330159 0.0309735 0.028665 0.0261637 0.023514 0.0207575 0.0179506
 1.04341e-16 2.2362e-05 0.000131215 0.000623671 0.00240106 0.00748737 0.0189127 0.0386997 0.0641557 0.0861794 0.0938333 0.0828936 0.0596128 0.0353453 0.0181919 0.00978534 0.0077878 0.00940194 0.0128812 0.017372 0.0223653 0.0273763 0.0318777 0.035366 0.0374651 0.0380087 0.037071 0.0349302 0.0319846 0.0286491 0.0252676 0.022066 0.0191484 0.0165269 0.0141644 0.0120142
 1.02787e-16 2.62093e-05 0.000153807 0.000731084 0.00281464 0.00877713 0.0221705 0.045365 0.0752018 0.101007 0.109951 0.0970681 0.0696666 0.0410255 0.0205982 0.0102476 0.00718154 0.00808228 0.0108941 0.0146537 0.0188552 0.023069 0.026843 0.0297463 0.0314552 0.0318234 0.030909 0.0289457 0.0262735 0.0232518 0.020186 0.017285 0.0146564 0.0123275 0.0102793 0.0084774
 1.02181e-16 2.54314e-05 0.000149236 0.000709349 0.00273094 0.00851611 0.0215112 0.0440163 0.0729676 0.0980105 0.1067 0.0942243 0.0676828 0.0399722 0.0202817 0.010438 0.00775039 0.00901054 0.0122197 0.0164174 0.0210628 0.0256685 0.0297159 0.0327142 0.0343018 0.0343278 0.032882 0.0302603 0.0268818 0.0231855 0.019542 0.0162022 0.0132892 0.0108236 0.00876393 0.00704482
 1.02745e-16 2.10398e-05 0.000123448 0.000586732 0.00225881 0.00704378 0.0177923 0.0364077 0.0603582 0.081085 0.0883038 0.0780502 0.0562199 0.0335149 0.0175831 0.00999266 0.00857572 0.0107218 0.0147873 0.0199361 0.0256182 0.0312724 0.0362785 0.0400429 0.042123 0.0423254 0.0407436 0.037718 0.0337385 0.0293228 0.0249121 0.0208103 0.0171744 0.0140432 0.0113829 0.00913143
 1.03618e-16 2.14161e-05 0.000125661 0.000597265 0.00229939 0.00717031 0.0181119 0.0370612 0.06144 0.0825334 0.0898685 0.0794032 0.0571293 0.0339267 0.017562 0.00961007 0.00784494 0.00959967 0.0132099 0.0178592 0.0230512 0.0283012 0.0330738 0.0368488 0.0392258 0.0400087 0.0392395 0.037167 0.0341684 0.0306506 0.0269661 0.0233652 0.01999 0.0168975 0.014096 0.0115764
 1.04103e-16 2.03836e-05 0.000119598 0.000568437 0.00218838 0.00682415 0.0172375 0.0352723 0.0584755 0.0785543 0.0855441 0.0756023 0.0544378 0.032415 0.0169386 0.00952311 0.00806519 0.0100376 0.0138574 0.0187342 0.0241653 0.0296446 0.0346099 0.0385171 0.040951 0.0417141 0.0408612 0.0386643 0.0355284 0.0318847 0.0281016 0.0244342 0.0210188 0.0179005 0.015073 0.0125154
 1.03327e-16 2.60626e-05 0.000152948 0.000727005 0.00279894 0.00872818 0.0220468 0.0451118 0.0747816 0.100441 0.109331 0.0965104 0.0692446 0.0407336 0.020372 0.0100057 0.00685264 0.0076122 0.0102456 0.0138096 0.0178265 0.021902 0.0256217 0.0285867 0.0304902 0.0311823 0.0306944 0.0292155 0.027031 0.0244465 0.0217243 0.0190472 0.0165154 0.0141661 0.012002 0.0100167
 1.02655e-16 2.41719e-05 0.000141841 0.000674186 0.00259555 0.00809389 0.0204448 0.0418344 0.0693515 0.0931563 0.101423 0.0895825 0.0643882 0.0381064 0.0194827 0.0102682 0.0079201 0.00940061 0.0128129 0.017234 0.0221248 0.0269831 0.031269 0.0344702 0.0362086 0.0363249 0.0349102 0.0322694 0.0288348 0.0250586 0.0213211 0.0178781 0.0148538 0.0122675 0.0100761 0.0082147
 1.03227e-16 2.0311e-05 0.000119169 0.000566392 0.0021805 0.00679956 0.0171754 0.0351455 0.0582661 0.0782755 0.0852471 0.0753555 0.0542943 0.0323981 0.0170546 0.00978416 0.00850124 0.0106927 0.0147767 0.019947 0.0256687 0.0313905 0.0364997 0.0404069 0.0426682 0.0430828 0.0417304 0.0389325 0.035158 0.0309051 0.0265997 0.0225372 0.0188737 0.0156543 0.0128572 0.0104354
 1.03595e-16 2.34269e-05 0.00013747 0.000653416 0.00251559 0.00784456 0.0198149 0.0405454 0.0672139 0.090283 0.0982894 0.086802 0.0623623 0.0368528 0.018743 0.00972284 0.00732391 0.00860432 0.0117391 0.0158613 0.02049 0.0251895 0.0294873 0.0329244 0.0351459 0.0359741 0.035439 0.0337509 0.0312319 0.0282307 0.0250491 0.021902 0.0189122 0.0161316 0.0135728 0.0112359
 1.03598e-16 2.13229e-05 0.000125112 0.000594653 0.00228932 0.00713891 0.0180326 0.0368991 0.061172 0.0821754 0.0894839 0.0790759 0.0569207 0.0338567 0.0176238 0.00979832 0.00817092 0.0100887 0.0138885 0.0187403 0.0241209 0.0295098 0.034334 0.0380439 0.0402265 0.0406963 0.0395294 0.0370262 0.033622 0.029776 0.0258768 0.0221887 0.018846 0.0158808 0.0132669 0.0109594
 1.05582e-16 1.14367e-05 6.70591e-05 0.000318633 0.00122653 0.00382461 0.00966114 0.0197715 0.0327868 0.0440721 0.0480658 0.0426509 0.0310844 0.019259 0.0114395 0.00861299 0.00974111 0.0135136 0.0190701 0.0258721 0.0333975 0.0409892 0.047879 0.0533154 0.0567223 0.0578215 0.056682 0.0536728 0.049347 0.0442978 0.0390342 0.033913 0.0291297 0.0247548 0.020788 0.0172067
pSPR Fmed_Fpbrs
0.587165   0.255595 0.255595
Fs Fmed_Fpbrs
0.293342   1.005 1.005
SSBpbr Bo_Bmed_Bpbrs
981436  527193  201778 201778
Ro
41772.8
SPR SPRFo_SPRFmed_SPRFpbrs
858966 504355 219547
log_Ro
10.46
likeval ReclasPelacesDesembMPH_pf_preclas_ppelaces_ptallas_desvR_qrecl_qpela
 112.936 82.5297 0.00478802 0.000715057 342.732 206.842 81.1837 0 13.9074 0 0 0 0 0 0
q_reclas_q_pelaces
1 1
M
0.7
N
 43042.1 18917.3 7074.5 838.858 0.274409
 45032.3 18365.8 6935.8 2593.79 307.659
 23478.8 19066.1 6629.65 2503.67 1047.36
 26919.6 8306.38 4805.52 1670.97 895.022
 53587.6 12295.6 3489.64 2018.88 1078.01
 41440.4 26160.9 5901.09 1674.8 1486.3
 81793.2 16705.4 8561.02 1931.1 1034.45
 87305.4 36144.1 6569.06 3366.44 1166.14
 129653 35512.8 12042.9 2188.75 1510.22
 137812 53362.1 12114 4108.04 1261.78
 72332.1 60048 20401.6 4631.49 2053.01
 40951.5 27520.6 17504.8 5947.35 1948.62
 46759.8 15814.7 8265.01 5257.07 2371.33
 28577.6 15973.2 3716.23 1942.16 1792.57
 20026 7375.21 2142.37 498.432 500.914
 17168.8 5736.19 1218.53 353.963 165.112
 14514 6740.12 1780.27 378.181 161.099
 15883 6021.04 2335.85 616.969 186.893
 16707.1 6950.32 2321.8 900.736 309.98
 31271.8 7406.24 2750.44 918.801 479.115
 44136.2 13913.3 2952.28 1096.38 557.238
 48141.9 20874.6 6267.33 1329.87 744.884
 76092.2 22398 9099.09 2731.88 904.371
 88740.4 34840.6 9455.97 3841.44 1535.15
 40781.9 40679 14743.1 4001.38 2275.15
pred_Ctot
 4394.94 3622.67 1354.77 160.642 0.0525495
 4817.85 3673.51 1387.3 518.808 61.5377
 4951.1 7017.22 2440.02 921.47 385.478
 1560.4 928.8 537.343 186.844 100.079
 652.288 297.095 84.3191 48.7815 26.0477
 5677.13 6570.85 1482.18 420.66 373.316
 6522.01 2534.33 1298.77 292.962 156.934
 11488 8750.68 1590.41 815.034 282.33
 16135.8 8169.83 2770.5 503.529 347.43
 12238.5 8963.95 2034.96 690.082 211.959
 12350.6 18384 6246.07 1417.96 628.541
 6643.22 8050.26 5120.47 1739.71 570.007
 10723 6250.66 3266.7 2077.83 937.255
 10245.1 9011.69 2096.61 1095.73 1011.33
 6289.05 3763.05 1093.1 254.315 255.581
 2621.23 1589.19 337.59 98.064 45.7437
 1736.04 1494.97 394.867 83.8814 35.7321
 1366.82 981.835 380.901 100.607 30.4761
 1297.8 1028.54 343.59 133.295 45.8722
 2354.98 1064.14 395.189 132.015 68.8402
 1514.43 934.714 198.338 73.6565 37.436
 2192.93 1848.66 555.037 117.774 65.9672
 4286.08 2436.25 989.716 297.149 98.3692
 4929.57 3739.2 1014.84 412.275 164.757
 2355.5 4533.01 1642.88 445.888 253.528
F
 0.151689 0.303378 0.303378 0.303378 0.303378
 0.159468 0.318937 0.318937 0.318937 0.318937
 0.339073 0.678146 0.678146 0.678146 0.678146
 0.0836125 0.167225 0.167225 0.167225 0.167225
 0.0170536 0.0341072 0.0341072 0.0341072 0.0341072
 0.208523 0.417045 0.417045 0.417045 0.417045
 0.116681 0.233363 0.233363 0.233363 0.233363
 0.19952 0.39904 0.39904 0.39904 0.39904
 0.187764 0.375528 0.375528 0.375528 0.375528
 0.130743 0.261486 0.261486 0.261486 0.261486
 0.266334 0.532668 0.532668 0.532668 0.532668
 0.251451 0.502903 0.502903 0.502903 0.502903
 0.374114 0.748227 0.748227 0.748227 0.748227
 0.654499 1.309 1.309 1.309 1.309
 0.550238 1.10048 1.10048 1.10048 1.10048
 0.235015 0.470029 0.470029 0.470029 0.470029
 0.179851 0.359702 0.359702 0.359702 0.359702
 0.12646 0.252919 0.252919 0.252919 0.252919
 0.113513 0.227026 0.227026 0.227026 0.227026
 0.109873 0.219746 0.219746 0.219746 0.219746
 0.0487466 0.0974933 0.0974933 0.0974933 0.0974933
 0.0651799 0.13036 0.13036 0.13036 0.13036
 0.0811635 0.162327 0.162327 0.162327 0.162327
 0.0800036 0.160007 0.160007 0.160007 0.160007
 0.0833031 0.166606 0.166606 0.166606 0.166606
YTP_r0W_actual
 26381.6 99726.1 54214.9 18326 10851
YTP_p0W_proyectada
 93398.1 192315 257323 121657 53582.1
 93398.1 116556 50966.2 61016.3 29857.8
CTP_r0_actual
 2355.5 4533.01 1642.88 445.888 253.528
CTP_p0_proyectada
 10988 8986.68 8247.53 2989.11 1152.3
 10988 5446.54 1633.53 1499.17 642.102
Wmedp
 8.5 21.4 31.2 40.7 46.5
nmprior
 10.6 11 7 0
nm_flota  nm_reclas  nm_pelaces    nm_pelaL
inf 14.5772 13.2504 28.7672
cv_recla  cv_pelaces  cv_mph
0.96126 1.0301 0.867578
 ------------------------------------------------
Talla a la edad & desviaci?n 
 7.2 14.2025 17.0495 18.207 18.6776
 1.08 2.13037 2.55742 2.73105 2.80164
