years
 1997 1998 1999 2000 2001 2002 2003 2004 2005 2006 2007 2008 2009 2010 2011 2012 2013 2014 2015 2016 2017 2018 2019 2020 2021
reclasobs
 0 0 0 370054 412103 1.49427e+06 250295 1.28982e+06 931140 785840 897777 1.04006e+06 184774 17550 25797 100020 73551 82996 120727 218422 84188 347160 605670 569463 516374
reclaspred
 864258 187187 401962 199044 316216 392017 849603 632679 712044 837175 784834 554463 336020 133874 74726.4 69478.6 79756.1 106699 117364 142797 220083 216692 356142 410591 440944
pelacesobs
 0 0 0 0 0 0 0 0 0 2.06254e+06 1.5e+06 0 1.87456e+06 323000 250000 174000 83755 137374 0 501740 490994 745055 786931 1.00524e+06 1.33801e+06
pelacespred
 2.81994e+06 794235 685938 678501 978631 888116 2.39839e+06 2.00883e+06 2.06663e+06 2.534e+06 2.00874e+06 1.46458e+06 866645 268194 155022 158618 190128 268750 298884 349593 651198 619980 762481 1.05075e+06 1.08357e+06
mphobs
 0 0 0 0 0 112323 0 153150 637223 0 255016 313432 73983 77613 109348 50772 0 0 0 0 0 0 0 0 0
mphpred
 295387 144102 135949 94312.1 94588.6 172818 224820 315341 281619 316723 381066 265199 166449 89878.7 39951.7 30131.1 30572 38500 48241.2 51334.5 73581.9 94254.1 113130 152009 186883
desembarqueobs
 350755 77701 442110 56441 14545 235359 269955 359681 431902 328805 639364 411747 362871 311530 167758 66681 60226 58785 57116 73181 50977 67692 138656 160484 209506
desembarquepred
 350742 77683.1 441879 56438.4 14544.9 235393 269986 359468 431757 328702 638822 411472 362606 311315 167416 66650.3 60236.1 58748.8 57076.6 73153.9 50974.8 67662.7 138629 160465 209481
Reclutas
 30228.1 42179.6 12780.6 18469.9 43435.4 26936.7 65309.6 64014.7 82355.8 116409 66497.2 47935.6 51756 28117.6 13576.6 10970.6 8370.07 9715.26 9514.49 13733.4 19562.8 23646.3 36883.1 39572.7 13104
log_desv_Rt
 0.0965268 0.429692 -0.76432 -0.396105 0.45903 -0.0187561 0.866894 0.846868 1.0988 1.44486 0.884915 0.557614 0.634296 0.0241518 -0.7039 -0.917025 -1.18758 -1.03855 -1.05943 -0.692416 -0.338616 -0.149039 0.295509 0.365894 -0.739325
SSB
 541993 264407 249447 173049 173556 317096 412512 578605 516730 581141 699202 486603 305409 164915 73305.7 55286.2 56095.2 70642 88515.7 94191.5 135012 172943 207578 278915 342903
BT
 1.4801e+06 393628 503020 301104 396617 468908 1.26737e+06 1.17578e+06 1.27991e+06 1.3513e+06 1.31927e+06 925784 721345 405249 208910 119589 126309 156067 153395 194442 298436 268556 364333 511268 512398
Ftot
 0.574295 0.656876 1.29613 0.424438 0.0816523 0.747766 0.549238 0.873809 0.991372 0.660034 1.08109 1.01728 1.64127 2.92076 3.06392 1.37586 1.13304 0.851528 0.667215 0.775609 0.358986 0.436021 0.54527 0.559888 0.585718
BD_Bspro_t
 0.926491 0.654528 0.536877 0.287552 0.406395 0.610609 0.52822 0.571832 0.503248 0.485494 0.496915 0.340875 0.246571 0.165534 0.0906979 0.0846057 0.117355 0.194086 0.280345 0.34679 0.462228 0.589527 0.593214 0.589775 0.567922
BD_Bspro
 0.960332 0.468491 0.441983 0.306618 0.307517 0.561847 0.73091 1.0252 0.91557 1.0297 1.23888 0.862189 0.541141 0.292204 0.129887 0.0979591 0.0993925 0.125167 0.156837 0.166894 0.239222 0.306429 0.367798 0.494197 0.607574
BD_Bo
 0.705544 0.344194 0.324719 0.225268 0.225928 0.412782 0.53699 0.753204 0.672658 0.756504 0.910191 0.633439 0.397569 0.214679 0.0954262 0.0719693 0.0730224 0.0919588 0.115226 0.122614 0.175753 0.225129 0.270216 0.36308 0.446377
BD_Brms
 2.31573 1.12971 1.06579 0.739372 0.74154 1.35483 1.7625 2.47216 2.20779 2.48299 2.98742 2.07907 1.3049 0.704616 0.313207 0.236217 0.239673 0.301826 0.378194 0.402444 0.576855 0.738917 0.8869 1.1917 1.46509
S_f
 0.131956 1 1 1 1
 0.131956 1 1 1 1
 0.131956 1 1 1 1
 0.131956 1 1 1 1
 0.131956 1 1 1 1
 0.131956 1 1 1 1
 0.131956 1 1 1 1
 0.131956 1 1 1 1
 0.131956 1 1 1 1
 0.131956 1 1 1 1
 0.131956 1 1 1 1
 0.131956 1 1 1 1
 0.131956 1 1 1 1
 0.131956 1 1 1 1
 0.131956 1 1 1 1
 0.131956 1 1 1 1
 0.131956 1 1 1 1
 0.131956 1 1 1 1
 0.131956 1 1 1 1
 0.131956 1 1 1 1
 0.131956 1 1 1 1
 0.131956 1 1 1 1
 0.131956 1 1 1 1
 0.131956 1 1 1 1
 0.131956 1 1 1 1
Scru_reclas
 0.419743 0.784505 0.948243 0.989271 0.99785
 0.419743 0.784505 0.948243 0.989271 0.99785
 0.419743 0.784505 0.948243 0.989271 0.99785
 0.419743 0.784505 0.948243 0.989271 0.99785
 0.419743 0.784505 0.948243 0.989271 0.99785
 0.419743 0.784505 0.948243 0.989271 0.99785
 0.419743 0.784505 0.948243 0.989271 0.99785
 0.419743 0.784505 0.948243 0.989271 0.99785
 0.419743 0.784505 0.948243 0.989271 0.99785
 0.419743 0.784505 0.948243 0.989271 0.99785
 0.419743 0.784505 0.948243 0.989271 0.99785
 0.419743 0.784505 0.948243 0.989271 0.99785
 0.419743 0.784505 0.948243 0.989271 0.99785
 0.419743 0.784505 0.948243 0.989271 0.99785
 0.419743 0.784505 0.948243 0.989271 0.99785
 0.419743 0.784505 0.948243 0.989271 0.99785
 0.419743 0.784505 0.948243 0.989271 0.99785
 0.419743 0.784505 0.948243 0.989271 0.99785
 0.419743 0.784505 0.948243 0.989271 0.99785
 0.419743 0.784505 0.948243 0.989271 0.99785
 0.419743 0.784505 0.948243 0.989271 0.99785
 0.419743 0.784505 0.948243 0.989271 0.99785
 0.419743 0.784505 0.948243 0.989271 0.99785
 0.419743 0.784505 0.948243 0.989271 0.99785
 0.419743 0.784505 0.948243 0.989271 0.99785
Scru_pelaces
 0.50242 0.985755 0.999789 0.999997 1
 0.50242 0.985755 0.999789 0.999997 1
 0.50242 0.985755 0.999789 0.999997 1
 0.50242 0.985755 0.999789 0.999997 1
 0.50242 0.985755 0.999789 0.999997 1
 0.50242 0.985755 0.999789 0.999997 1
 0.50242 0.985755 0.999789 0.999997 1
 0.50242 0.985755 0.999789 0.999997 1
 0.50242 0.985755 0.999789 0.999997 1
 0.50242 0.985755 0.999789 0.999997 1
 0.50242 0.985755 0.999789 0.999997 1
 0.50242 0.985755 0.999789 0.999997 1
 0.50242 0.985755 0.999789 0.999997 1
 0.50242 0.985755 0.999789 0.999997 1
 0.50242 0.985755 0.999789 0.999997 1
 0.50242 0.985755 0.999789 0.999997 1
 0.50242 0.985755 0.999789 0.999997 1
 0.50242 0.985755 0.999789 0.999997 1
 0.50242 0.985755 0.999789 0.999997 1
 0.50242 0.985755 0.999789 0.999997 1
 0.50242 0.985755 0.999789 0.999997 1
 0.50242 0.985755 0.999789 0.999997 1
 0.50242 0.985755 0.999789 0.999997 1
 0.50242 0.985755 0.999789 0.999997 1
 0.50242 0.985755 0.999789 0.999997 1
pf_obs 
 0.256992 0.487395 0.22802 0.0275931 0
 0.321318 0.546541 0.124235 0.00734118 0.000564706
 0.182869 0.594174 0.210203 0.0122559 0.00049798
 0.330522 0.361315 0.267642 0.0388342 0.00168674
 0.649043 0.306663 0.0425973 0.00169635 0
 0.582887 0.30429 0.105238 0.00758474 0
 0.465427 0.430635 0.0974691 0.00646863 0
 0.296916 0.608066 0.0921331 0.00288517 0
 0.311714 0.524322 0.152257 0.0117073 0
 0.15457 0.633149 0.183074 0.0267441 0.00246327
 0.131901 0.49318 0.331252 0.0422183 0.00144891
 0.196976 0.569456 0.194076 0.0375587 0.00193317
 0.518974 0.381816 0.0799577 0.0180837 0.00116848
 0.0928022 0.601141 0.25162 0.0475244 0.00691264
 0.122501 0.610282 0.24278 0.0234846 0.000952079
 0.383417 0.481906 0.127806 0.00687128 0
 0.0376549 0.599619 0.316969 0.0457579 0
 0.0361596 0.667082 0.258105 0.0386534 0
 0.158088 0.579412 0.248529 0.0139706 0
 0.0477256 0.309471 0.559284 0.082774 0.000745712
 0.0406174 0.521527 0.379366 0.0568643 0.0016247
 0.151134 0.462217 0.34131 0.0453401 0
 0.294876 0.26143 0.354403 0.0886775 0.000613685
 0.281977 0.475581 0.204845 0.0348837 0.00271318
 0.0841818 0.532909 0.334909 0.0458182 0.00218182
pf_pred 
 0.204805 0.549988 0.218079 0.0271197 7.52396e-06
 0.267885 0.529383 0.140217 0.0555984 0.00691598
 0.0971776 0.717683 0.133872 0.0354585 0.0158088
 0.248098 0.465952 0.227311 0.0424011 0.0162378
 0.34002 0.498736 0.0999228 0.0487465 0.012575
 0.148399 0.683395 0.12711 0.0254668 0.0156287
 0.364014 0.419571 0.173669 0.0323021 0.0104435
 0.244505 0.643182 0.0740947 0.0306693 0.0075487
 0.30024 0.555701 0.122643 0.0141285 0.00728746
 0.314238 0.579593 0.0843125 0.0186077 0.00324928
 0.165844 0.691876 0.120252 0.0174929 0.00453483
 0.185633 0.591902 0.18452 0.0320707 0.00587469
 0.293471 0.527329 0.130247 0.0406031 0.00834978
 0.264828 0.650808 0.0629665 0.0155523 0.00584529
 0.292216 0.664036 0.0387278 0.00374697 0.00127331
 0.325381 0.641166 0.0313845 0.0018304 0.000237275
 0.240165 0.671987 0.0834922 0.00408687 0.000269252
 0.281949 0.583998 0.118554 0.01473 0.000768524
 0.23308 0.630533 0.110925 0.0225183 0.0029438
 0.296251 0.537677 0.136538 0.0240201 0.00551367
 0.283464 0.592025 0.0951286 0.024157 0.00522528
 0.236041 0.597354 0.137655 0.0221188 0.00683182
 0.284817 0.532445 0.142886 0.0329267 0.00692494
 0.230634 0.614759 0.115103 0.0308888 0.00861507
 0.0807909 0.690335 0.182881 0.0342413 0.0117518
pobs_RECLAS
 0 0 0 0 0
 0 0 0 0 0
 0 0 0 0 0
 0 0 0 0 0
 0.835266 0.146461 0.0176864 0.000547809 3.91292e-05
 0.385257 0.428462 0.181853 0.0044286 0
 0.867414 0.0963971 0.0333333 0.00285562 0
 0.441836 0.489002 0.0689373 0.000224442 0
 0.779404 0.147425 0.0564933 0.0165055 0.000172143
 0.814271 0.122319 0.05973 0.00367925 0
 0.40263 0.566651 0.0304383 0.000280538 0
 0.475488 0.404961 0.113038 0.00651328 0
 0.955842 0.0263864 0.0167828 0.000988607 0
 0.975058 0.0227948 0.00214734 0 0
 0.738997 0.206755 0.0527124 0.00153531 0
 0.850938 0.134255 0.0134407 0.00136685 0
 0.542534 0.407297 0.0501686 0 0
 0.764087 0.199537 0.0359546 0.000420521 0
 0.470689 0.182191 0.310203 0.0369168 0
 0.84361 0.089868 0.0606195 0.00523954 0.000663233
 0.607945 0.314616 0.071237 0.00620181 0
 0.523733 0.453247 0.0230204 0 0
 0.530135 0.295979 0.169645 0.0042399 0
 0.562478 0.366248 0.0663022 0.0049721 0
 0.250443 0.683176 0.0655157 0.000865301 0
ppred_RECLAS
 0.505279 0.320941 0.153819 0.0199561 5.58454e-06
 0.594817 0.275784 0.0882925 0.0365242 0.00458271
 0.321993 0.515287 0.11618 0.0321038 0.0144373
 0.559506 0.251892 0.148531 0.0289048 0.0111653
 0.665186 0.239582 0.0580193 0.0295289 0.00768356
 0.418014 0.447372 0.100578 0.0210228 0.0130133
 0.691959 0.189092 0.094605 0.0183577 0.00598662
 0.577403 0.348016 0.0484592 0.0209261 0.00519526
 0.645173 0.269727 0.0719531 0.00864765 0.00449913
 0.653908 0.282883 0.0497393 0.0114524 0.00201716
 0.461966 0.430323 0.0904032 0.0137198 0.00358754
 0.488644 0.350783 0.132177 0.0239672 0.00442836
 0.65705 0.242234 0.0723176 0.0235197 0.00487863
 0.690309 0.26732 0.0312616 0.00805548 0.00305389
 0.72805 0.251794 0.0177501 0.00179165 0.000614126
 0.690317 0.291264 0.0172328 0.00104853 0.0001371
 0.581844 0.36099 0.0542132 0.00276851 0.000183977
 0.621696 0.295814 0.0725855 0.00940873 0.000495148
 0.555195 0.35201 0.0748516 0.0158527 0.00209038
 0.633408 0.266357 0.0817562 0.015005 0.00347418
 0.612515 0.308286 0.0598755 0.0158627 0.00346093
 0.551882 0.334472 0.0931629 0.0156174 0.00486558
 0.613834 0.27216 0.0882802 0.0212235 0.00450231
 0.547808 0.345846 0.0782689 0.0219129 0.00616461
 0.260736 0.526389 0.168554 0.0329242 0.0113977
pobs_PELACES
 0 0 0 0 0
 0 0 0 0 0
 0 0 0 0 0
 0 0 0 0 0
 0 0 0 0 0
 0 0 0 0 0
 0 0 0 0 0
 0 0 0 0 0
 0 0 0 0 0
 0 0 0 0 0
 0.450072 0.473896 0.0757376 0.000293798 0
 0 0 0 0 0
 0.463077 0.371075 0.160297 0.00555027 0
 0.529543 0.364841 0.0842815 0.0213345 0
 0.631943 0.363953 0.00410389 0 0
 0.735681 0.248677 0.0153453 0.000297389 0
 0.695825 0.281241 0.0229344 0 0
 0.275771 0.60734 0.115278 0.00161068 0
 0 0 0 0 0
 0.896147 0.0623911 0.0374545 0.00400742 0
 0.803859 0.145111 0.0509908 3.86294e-05 0
 0.739449 0.233085 0.0266225 0.000797448 4.60066e-05
 0.878498 0.100942 0.0204185 0.000141795 0
 0.694673 0.275183 0.0284847 0.00165964 0
 0.469039 0.446079 0.0841089 0.000773354 0
ppred_PELACES
 0.549023 0.310548 0.124891 0.0155343 4.30976e-06
 0.641082 0.258506 0.0694449 0.0275418 0.00342598
 0.406152 0.47069 0.0890494 0.0235913 0.010518
 0.595593 0.249257 0.123329 0.0230098 0.0088118
 0.670926 0.247809 0.050356 0.0245708 0.00633851
 0.468766 0.425106 0.0801946 0.0160705 0.00986233
 0.728153 0.178475 0.0749261 0.013939 0.00450658
 0.632967 0.311806 0.0364315 0.0150829 0.00371239
 0.705596 0.23311 0.0521798 0.00601237 0.00310119
 0.69169 0.260003 0.0383607 0.00846795 0.00147868
 0.535598 0.384254 0.0677366 0.0098556 0.00255495
 0.562508 0.316745 0.100148 0.01741 0.00318916
 0.754598 0.182499 0.0457175 0.014255 0.00293146
 0.833865 0.14683 0.0144082 0.00355946 0.00133782
 0.861307 0.130006 0.00769014 0.000744186 0.000252893
 0.760772 0.227205 0.0112798 0.000657996 8.52961e-05
 0.652228 0.307059 0.0386943 0.00189444 0.00012481
 0.674538 0.263999 0.0543561 0.00675498 0.000352435
 0.598657 0.329134 0.0587264 0.0119242 0.00155885
 0.682951 0.241418 0.0621787 0.0109409 0.00251142
 0.633546 0.302027 0.0492216 0.012502 0.00270424
 0.581274 0.326393 0.0762851 0.0122603 0.00378684
 0.650734 0.259079 0.0705158 0.0162531 0.00341826
 0.585295 0.33042 0.0627462 0.016842 0.00469733
 0.294589 0.527894 0.141838 0.0265623 0.00911633
pobs_pel_tallas
 0 0 0 0 0 0 0 0 0 0 0 0 0 0 0 0 0 0 0 0 0 0 0 0 0 0 0 0 0 0 0 0 0 0 0 0
 0 0 0 0 0 0 0 0 0 0 0 0 0 0 0 0 0 0 0 0 0 0 0 0 0 0 0 0 0 0 0 0 0 0 0 0
 0 0 0 0 0 0 0 0 0 0 0 0 0 0 0 0 0 0 0 0 0 0 0 0 0 0 0 0 0 0 0 0 0 0 0 0
 0 0 0 0 0 0 0 0 0 0 0 0 0 0 0 0 0 0 0 0 0 0 0 0 0 0 0 0 0 0 0 0 0 0 0 0
 0 0 0 0 0 0 0 0 0 0 0 0 0 0 0 0 0 0 0 0 0 0 0 0 0 0 0 0 0 0 0 0 0 0 0 0
 0 0 0 0 0 0 0 0 0 0 0 0 0 0 0 0 0 0 0 0 0 0 0 0 0 0 0 0 0 0 0 0 0 0 0 0
 0 0 0 0 0 0 0 0 0 0 0 0 0 0 0 0 0 0 0 0 0 0 0 0 0 0 0 0 0 0 0 0 0 0 0 0
 0 0 0 0 0 0 0 0 0 0 0 0 0 0 0 0 0 0 0 0 0 0 0 0 0 0 0 0 0 0 0 0 0 0 0 0
 0 0 0 0 0 0 0 0 0 0 0 0 0 0 0 0 0 0 0 0 0 0 0 0 0 0 0 0 0 0 0 0 0 0 0 0
 0 0 0 0 0 0 0 0 0 0 0 0 0 0 0 0 0 0 0 0 0 0 0 0 0 0 0 0 0 0 0 0 0 0 0 0
 0 0 0 0 0 0 0 0 1.78061e-05 0.00172719 0.00360574 0.0105946 0.0120993 0.0124554 0.0147524 0.0171206 0.0266825 0.0428682 0.0675386 0.121331 0.153587 0.119568 0.100827 0.0573624 0.0630603 0.0341343 0.0324427 0.0444173 0.0211091 0.0280891 0.0125444 0.00206551 0 0 0 0
 0 0 0 0 0 0 0 0 0 0 0 0 0 0 0 0 0 0 0 0 0 0 0 0 0 0 0 0 0 0 0 0 0 0 0 0
 0 0 0 0 0 0 0.0133647 0.0140871 0.0187388 0.0205184 0.03894 0.0496705 0.03968 0.0493445 0.0407372 0.0367815 0.0215668 0.0243155 0.0234873 0.0199281 0.019796 0.0243948 0.0301388 0.0376714 0.0412746 0.0863199 0.0771752 0.113111 0.0741005 0.0525337 0.0229764 0.00759418 0.00175318 0 0 0
 0 0 0 0 0 0 0 0 0 0 0.00219441 0.00772107 0.0458388 0.0604681 0.0671733 0.0775358 0.0609151 0.0617685 0.073594 0.0568108 0.0755445 0.0548602 0.0670107 0.0636378 0.0643287 0.046367 0.0373049 0.0286899 0.0247887 0.0153202 0.00654259 0.00121912 0.000365735 0 0 0
 0 0 0 0 0 0 0 0 0 0 0 0 0.000112435 0.00938835 0.0111873 0.0202946 0.0414886 0.0713402 0.111592 0.104902 0.108894 0.110636 0.117776 0.105296 0.107544 0.0401394 0.0192827 0.0124803 0.00416011 0.0028671 0.000618394 0 0 0 0 0
 0 0 0 0 0 0 0 0 0 0 0.00291406 0.0102884 0.027416 0.0768956 0.0749926 0.110853 0.0956884 0.0897413 0.0766577 0.0534642 0.0500743 0.0551293 0.0594112 0.0620874 0.0668451 0.0424026 0.0208742 0.0120726 0.0048766 0.00582813 0.00118941 0.000297354 0 0 0 0
 0 0.00264628 0.0354308 0.0461629 0.0458689 0.0383711 0.0214643 0.0164657 0.0346957 0.0420465 0.0363128 0.0245516 0.0311673 0.0291091 0.0169068 0.0133784 0.00837989 0.0085269 0.0148486 0.0160247 0.0276389 0.0546898 0.0760071 0.122758 0.109233 0.0665981 0.0333725 0.0166128 0.00676272 0.00308733 0.000882094 0 0 0 0 0
 0 0 0 0 0 0 0 0.000805153 0.000690131 0.00759144 0.0133425 0.0154129 0.00931677 0.000345066 0.00356568 0.00563607 0.00851162 0.0253048 0.0502646 0.0516448 0.0657925 0.0565908 0.0611916 0.0827007 0.0866115 0.110766 0.145733 0.0935128 0.0569358 0.0249597 0.0138026 0.00621118 0.00161031 0.00115022 0 0
 0 0 0 0 0 0 0 0 0 0 0 0 0 0 0 0 0 0 0 0 0 0 0 0 0 0 0 0 0 0 0 0 0 0 0 0
 0.00147267 0.00158595 0.00478618 0.00569244 0.00954404 0.0108468 0.00647125 0.017049 0.0510054 0.094081 0.124002 0.0959785 0.0687766 0.0820023 0.061753 0.0591476 0.0492212 0.0479892 0.0443925 0.0268479 0.0217502 0.0140895 0.0121071 0.0120363 0.00920419 0.00665534 0.0049561 0.00860946 0.00930331 0.0156896 0.0114698 0.00855282 0.00243557 0.00046729 0 2.83206e-05
 0 0 0 0 0.000772559 0.00158375 0.000888443 0.00281984 0.00712685 0.0440552 0.0773331 0.111326 0.0921469 0.0852325 0.0710754 0.0886704 0.0786465 0.0553345 0.0373146 0.0185414 0.00753245 0.00457741 0.012979 0.0271748 0.0457355 0.0583668 0.034881 0.0177882 0.00938659 0.00492506 0.0015258 0.00185414 0.000309023 5.79419e-05 3.86279e-05 0
 0 0.00173294 0.00326652 0 0.00397197 0.00683976 0.00946217 0.0152591 0.00757587 0.0136028 0.0228656 0.0392903 0.0559909 0.0764795 0.0681675 0.0726916 0.0566044 0.0477403 0.0527397 0.0444891 0.0609904 0.0582453 0.0661739 0.0445044 0.0529084 0.0360697 0.0280645 0.0235558 0.0158879 0.00826598 0.00280645 0.00217768 0.000904811 0.00058276 9.20147e-05 0
 0 0 0 0 0 0 0 0 0 0 0 0 0 0 0 0 0 0 0 0 0 0 0 0 0 0 0 0 0 0 0 0 0 0 0 0
 0 0 0 0 0 0 0 0 0 0 0 0 0 0 0 0 0 0 0 0 0 0 0 0 0 0 0 0 0 0 0 0 0 0 0 0
 0 0 0 0 0 0 0 0 0 0 0 0 0 0 0 0 0 0 0 0 0 0 0 0 0 0 0 0 0 0 0 0 0 0 0 0
ppred_pel_tallas
 1.02409e-16 2.39655e-05 0.000140631 0.000668437 0.00257342 0.00802489 0.0202704 0.0414775 0.0687594 0.0923595 0.100552 0.0888036 0.0638083 0.0377233 0.0192147 0.0100135 0.00759535 0.00894988 0.0122055 0.0164658 0.0212245 0.026017 0.0303402 0.0337073 0.0357448 0.0362717 0.0353318 0.0331651 0.0301352 0.0266368 0.0230155 0.0195216 0.0163012 0.013416 0.0108756 0.00866568
 1.02177e-16 2.79774e-05 0.000164189 0.000780449 0.00300472 0.00936988 0.0236677 0.0484282 0.0802785 0.107822 0.117359 0.103584 0.0742901 0.0436416 0.0217138 0.0104757 0.00692655 0.00750905 0.0100242 0.013456 0.0172972 0.0211407 0.0245661 0.0271754 0.0286709 0.0289199 0.0279799 0.0260719 0.0235155 0.0206488 0.017759 0.0150434 0.0126038 0.0104662 0.00861184 0.00700575
 1.0272e-16 1.7742e-05 0.000104079 0.000494633 0.00190418 0.00593785 0.014999 0.0306929 0.0508883 0.0683763 0.0744983 0.0659302 0.0476691 0.0287768 0.0157544 0.00998742 0.00971075 0.0127661 0.0177678 0.0239478 0.0307068 0.0373722 0.0431885 0.0474364 0.0495888 0.0494318 0.0471088 0.0430686 0.0379422 0.0323891 0.0269646 0.0220439 0.0178085 0.0142837 0.0113985 0.0090439
 1.03035e-16 2.59936e-05 0.000152543 0.000725084 0.00279155 0.00870513 0.0219886 0.0449925 0.0745837 0.100175 0.109039 0.0962501 0.0690508 0.0406056 0.0202825 0.00992111 0.00674582 0.00746574 0.0100513 0.0135694 0.0175539 0.0216239 0.0253768 0.0284206 0.0304472 0.0312948 0.0309741 0.0296478 0.0275748 0.0250409 0.022299 0.0195352 0.0168647 0.0143468 0.0120093 0.00986837
 1.01937e-16 2.92783e-05 0.000171828 0.000816765 0.00314454 0.00980593 0.0247691 0.0506816 0.0840133 0.112836 0.12281 0.108381 0.077699 0.0455805 0.0225598 0.0106853 0.00680345 0.00718086 0.00951111 0.0127353 0.0163388 0.0199231 0.023084 0.0254425 0.0267197 0.0267983 0.0257465 0.0237902 0.0212493 0.0184582 0.0156977 0.0131566 0.0109258 0.0090189 0.00740368 0.00603182
 1.0229e-16 2.04704e-05 0.000120101 0.000570816 0.00219752 0.00685262 0.0173095 0.0354201 0.0587224 0.0788917 0.0859264 0.0759756 0.0547835 0.0327745 0.0174059 0.0102227 0.00913373 0.0116094 0.0160451 0.0215994 0.0276848 0.0336819 0.0389057 0.0427056 0.0446059 0.0444143 0.0422625 0.0385588 0.033877 0.0288166 0.0238834 0.0194191 0.0155899 0.0124187 0.00984034 0.00775384
 1.01812e-16 3.17709e-05 0.000186468 0.00088638 0.00341261 0.0106419 0.0268806 0.0550013 0.0911712 0.122442 0.133244 0.117539 0.0841555 0.0491488 0.0239191 0.0106515 0.00588744 0.00555175 0.00714505 0.00956088 0.0123278 0.0151384 0.0176974 0.0197248 0.0210048 0.0214302 0.0210209 0.0199072 0.0182892 0.0163839 0.0143813 0.0124183 0.010575 0.00888634 0.00736087 0.00599659
 1.01311e-16 2.76257e-05 0.000162119 0.000770599 0.00296677 0.00925154 0.0233688 0.0478171 0.079267 0.106468 0.115898 0.102323 0.0734493 0.0432747 0.0217658 0.0108871 0.00769363 0.0086816 0.0116698 0.0156196 0.0199667 0.024223 0.0278797 0.0304621 0.0316294 0.0312536 0.0294488 0.026534 0.022949 0.019149 0.015514 0.0122962 0.00961065 0.00746097 0.00578152 0.00447907
 1.01169e-16 3.07895e-05 0.000180701 0.000858953 0.00330699 0.0103125 0.0260486 0.0532996 0.088352 0.118661 0.129143 0.113953 0.0816581 0.047831 0.0235395 0.0109245 0.00665596 0.00679698 0.00891865 0.0119151 0.015266 0.018585 0.021487 0.0236121 0.0246959 0.0246288 0.023478 0.0214627 0.0188937 0.0160983 0.0133545 0.010853 0.00869028 0.00688556 0.00540963 0.00421267
 1.0099e-16 3.01842e-05 0.000177145 0.000842041 0.00324186 0.0101094 0.0255357 0.0522502 0.0866134 0.116328 0.126612 0.111737 0.0801064 0.0469959 0.0232655 0.0110262 0.00702513 0.00740938 0.00979474 0.0130802 0.016723 0.0202991 0.0233802 0.025568 0.0265752 0.0262911 0.0248064 0.022383 0.0193846 0.0161899 0.0131172 0.0103803 0.00808055 0.00622738 0.00477211 0.00364187
 1.01545e-16 2.3383e-05 0.000137204 0.000652133 0.00251062 0.00782904 0.0197758 0.0404661 0.0670848 0.0901169 0.0981277 0.0867046 0.0623909 0.0370673 0.0192141 0.0105494 0.0086368 0.0105513 0.0144532 0.0194177 0.024861 0.0302082 0.0348356 0.0381542 0.0397352 0.0394089 0.0373013 0.0337913 0.0294084 0.0247066 0.0201536 0.0160664 0.0125996 0.00977427 0.00752714 0.00575924
 1.02273e-16 2.45537e-05 0.000144083 0.000684851 0.00263662 0.00822197 0.0207682 0.0424961 0.0704478 0.094627 0.103019 0.0909802 0.0653665 0.0386328 0.0196555 0.0102048 0.00769053 0.00902292 0.0122789 0.0165348 0.0212678 0.0260008 0.0302204 0.0334352 0.0352748 0.0355706 0.0343875 0.0319926 0.0287771 0.0251585 0.0214965 0.018044 0.0149383 0.0122234 0.00988611 0.007889
 1.01336e-16 3.29241e-05 0.000193238 0.000918565 0.00353652 0.0110283 0.0278567 0.0569985 0.0944816 0.126887 0.13808 0.121801 0.087199 0.0509096 0.0247439 0.0109619 0.00597368 0.00554924 0.00709097 0.00944522 0.0121182 0.0147892 0.017155 0.0189335 0.0199159 0.0200114 0.0192651 0.0178388 0.0159643 0.0138863 0.0118128 0.00988601 0.00817876 0.00670773 0.00545586 0.00439315
 1.00438e-16 3.6379e-05 0.000213525 0.00101502 0.00390791 0.0121865 0.030782 0.0629837 0.104401 0.140203 0.152557 0.134537 0.0962428 0.0560399 0.0269567 0.0114623 0.00556028 0.00455265 0.00555946 0.0073191 0.00932671 0.0112951 0.0129735 0.0141369 0.0146256 0.0143818 0.0134627 0.0120233 0.0102758 0.00843952 0.00669778 0.005172 0.00391726 0.00293414 0.0021888 0.00163312
 1.0019e-16 3.75749e-05 0.000220547 0.00104841 0.00403647 0.0125874 0.0317947 0.0650556 0.107835 0.144812 0.157566 0.138942 0.0993661 0.0578019 0.0276981 0.0115945 0.00535302 0.00411305 0.00489802 0.00641202 0.00815163 0.00984818 0.0112764 0.0122372 0.012591 0.0122902 0.0113905 0.0100355 0.00841972 0.00674352 0.00517382 0.00382065 0.00273272 0.00190798 0.00131188 0.000895956
 1.00261e-16 3.31951e-05 0.000194825 0.000926101 0.00356552 0.0111187 0.0280851 0.0574663 0.0952581 0.127933 0.139228 0.122835 0.0879851 0.0514613 0.025184 0.0114456 0.0066386 0.00650189 0.00840555 0.0111555 0.0142015 0.0171513 0.0196254 0.0212779 0.0218661 0.0213082 0.0197038 0.017306 0.0144574 0.0115105 0.00875861 0.00639479 0.00450399 0.00308144 0.00206491 0.00136734
 1.00721e-16 2.84654e-05 0.00016705 0.000794037 0.00305702 0.00953297 0.0240797 0.0492715 0.0816776 0.109705 0.119417 0.105422 0.075655 0.0445367 0.0223309 0.0110547 0.00766658 0.00855013 0.0114557 0.0153164 0.019561 0.0237025 0.0272362 0.0296923 0.0307338 0.0302357 0.0283137 0.0252884 0.0216018 0.0177134 0.0140094 0.0107492 0.00805489 0.00593495 0.00432507 0.00312909
 1.01107e-16 2.94365e-05 0.000172755 0.000821169 0.0031615 0.00985879 0.0249026 0.050955 0.0844668 0.113446 0.123478 0.108978 0.0781439 0.0458754 0.0227685 0.0108881 0.00706846 0.00755805 0.0100351 0.0134247 0.0171911 0.0209085 0.0241421 0.0264851 0.0276397 0.0274846 0.0261005 0.0237413 0.0207651 0.017548 0.0144094 0.0115679 0.00913315 0.00712521 0.00550734 0.00421825
 1.01424e-16 2.61303e-05 0.000153339 0.000728851 0.00280603 0.00875025 0.0221027 0.0452265 0.0749737 0.100705 0.109633 0.0968128 0.0695392 0.0410624 0.0208229 0.0106957 0.00791308 0.00917463 0.0124217 0.0166618 0.0213332 0.0259299 0.0299153 0.0327848 0.0341707 0.0339266 0.0321587 0.0291891 0.0254687 0.0214692 0.0175885 0.0140966 0.0111248 0.00869152 0.00674383 0.00519912
 1.01455e-16 2.98024e-05 0.000174905 0.000831397 0.00320089 0.00998163 0.0252129 0.0515896 0.0855181 0.114856 0.125007 0.110313 0.0790713 0.0463593 0.0228967 0.0107639 0.00674648 0.00704096 0.00929951 0.0124484 0.0159728 0.0194795 0.0225718 0.0248761 0.0261156 0.0261707 0.0251031 0.0231301 0.0205638 0.0177341 0.0149224 0.0123234 0.0100382 0.00809154 0.0064609 0.00510411
 1.01354e-16 2.76505e-05 0.000162266 0.000771298 0.00296947 0.00925995 0.0233901 0.0478604 0.0793387 0.106564 0.116 0.102408 0.0734997 0.0432831 0.0217311 0.0108065 0.00755922 0.00848131 0.0113921 0.0152589 0.0195287 0.023728 0.0273634 0.0299726 0.0312199 0.0309736 0.029334 0.0265993 0.0231855 0.0195263 0.0159866 0.0128123 0.0101209 0.00792539 0.00617368 0.00478669
 1.01788e-16 2.53723e-05 0.000148889 0.000707695 0.00272457 0.00849624 0.021461 0.0439137 0.0727977 0.097783 0.106454 0.094011 0.0675382 0.0399043 0.0202794 0.0104894 0.00785261 0.00917036 0.0124484 0.0167252 0.0214538 0.0261372 0.0302447 0.0332733 0.0348517 0.0348237 0.0332795 0.0305213 0.0269791 0.0231061 0.0192876 0.0157887 0.012744 0.0101822 0.00806601 0.0063302
 1.01804e-16 2.83983e-05 0.00016666 0.000792196 0.00304995 0.00951093 0.024024 0.0491571 0.0814867 0.109445 0.119124 0.105139 0.0754007 0.0442838 0.0220142 0.0105885 0.00695812 0.00751007 0.0100104 0.0134271 0.0172459 0.0210554 0.0244323 0.0269762 0.0283884 0.0285376 0.027485 0.0254576 0.0227832 0.0198092 0.0168321 0.0140569 0.0115911 0.00946267 0.00765151 0.00611798
 1.01797e-16 2.55477e-05 0.000149918 0.000712589 0.00274341 0.008555 0.0216095 0.0442174 0.0733012 0.0984593 0.10719 0.0946615 0.068006 0.0401814 0.0204212 0.0105635 0.00790732 0.00923026 0.012522 0.0168109 0.0215429 0.0262139 0.0302871 0.0332564 0.0347514 0.0346218 0.0329687 0.0301079 0.0264835 0.0225601 0.0187294 0.0152565 0.0122706 0.00979061 0.00776717 0.00612368
 1.03525e-16 1.28798e-05 7.55279e-05 0.000358887 0.0013815 0.00430788 0.0108819 0.0222695 0.0369283 0.0496364 0.0541271 0.0480123 0.0349544 0.0215819 0.0126852 0.00935883 0.0104124 0.0143483 0.0201774 0.0272798 0.0350638 0.0427978 0.0496384 0.0547723 0.0575924 0.0578333 0.055623 0.0514288 0.0459236 0.03982 0.0337262 0.0280633 0.0230505 0.018744 0.0150998 0.0120326
pSPR Fmed_Fpbrs
0.416578   0.354675 0.354675
Fs Fmed_Fpbrs
0.76503   1.005 1.005
SSBpbr Bo_Bmed_Bpbrs
768192  281602  234049 234049
Ro
27446.7
SPR SPRFo_SPRFmed_SPRFpbrs
564381 235108 200172
log_Ro
10.04
likeval ReclasPelacesDesembMPH_pf_preclas_ppelaces_ptallas_desvR_qrecl_qpela
 68.3134 13.3795 0.0437326 0.000176417 320.991 187.775 79.0539 0 19.0813 5.81919e-06 0.000173298 0 0 0 0
q_reclas_q_pelaces
1.40753 6.50701
M
0.7
N
 30228.1 13180.8 5226.42 649.943 0.180317
 42179.6 13915.3 3685.73 1461.45 181.793
 12780.6 19206.7 3582.69 948.942 423.077
 18469.9 5348.91 2609.42 486.744 186.403
 43435.4 8672.29 1737.51 847.631 218.662
 26936.7 21338.2 3968.87 795.172 487.988
 65309.6 12119.5 5016.51 933.06 301.664
 64014.7 30164.4 3474.95 1438.35 354.024
 82355.8 28326.8 6251.71 720.197 371.477
 116409 35881.9 5219.68 1151.98 201.159
 66497.2 52985.1 9209.15 1339.64 347.286
 47935.6 28631.4 8925.55 1551.32 284.169
 51756 20813.9 5140.89 1602.62 329.57
 28117.6 20696.5 2002.41 494.582 185.887
 13576.6 9497.08 553.887 53.5893 18.2109
 10970.6 4499.84 220.263 12.8462 1.66524
 8370.07 4543.36 564.498 27.6317 1.82043
 9715.26 3579.24 726.603 90.2782 4.71017
 9514.49 4311.71 758.526 153.985 20.1303
 13733.4 4326.56 1098.69 193.284 44.3672
 19562.8 6156.34 989.222 251.204 54.3365
 23646.3 9265.14 2135.06 343.069 105.964
 36883.1 11085.9 2974.98 685.556 144.182
 39572.7 17044.1 3191.21 856.387 238.851
 13104 18251.7 4835.16 905.301 310.703
pred_Ctot
 1593.5 4279.22 1696.78 211.007 0.0585407
 2531.23 5002.12 1324.9 525.347 65.3488
 1459.25 10777 2010.26 532.456 237.39
 725.832 1363.18 665.017 124.048 47.5051
 334.968 491.325 98.4381 48.0222 12.3882
 1830.59 8430.11 1567.98 314.149 192.79
 3297.39 3800.65 1573.17 292.606 94.6013
 5047.16 13276.8 1529.49 633.087 155.823
 7317.64 13543.9 2989.13 344.348 177.614
 7018.1 12944.5 1883.01 415.579 72.5686
 6410.47 26743.4 4648.17 676.163 175.287
 4364.12 13915.2 4337.94 753.961 138.11
 7338.98 13187.2 3257.14 1015.38 208.807
 6611.85 16248.5 1572.06 388.287 145.937
 3323.13 7551.54 440.42 42.6112 14.4803
 1323.67 2608.31 127.674 7.44621 0.96525
 843.173 2359.21 293.125 14.3482 0.94529
 747.408 1548.1 314.271 39.0472 2.03725
 579.615 1567.99 275.844 55.9977 7.32054
 966.518 1754.17 445.455 78.3657 17.9883
 652.694 1363.17 219.04 55.6231 12.0315
 953.979 2414.25 556.342 89.3949 27.6114
 1849.15 3456.86 927.675 213.774 44.9596
 2035.47 5425.58 1015.85 272.611 76.0326
 704.07 6016.08 1593.75 298.403 102.413
F
 0.0757817 0.574295 0.574295 0.574295 0.574295
 0.0866789 0.656876 0.656876 0.656876 0.656876
 0.171032 1.29613 1.29613 1.29613 1.29613
 0.0560072 0.424438 0.424438 0.424438 0.424438
 0.0107745 0.0816523 0.0816523 0.0816523 0.0816523
 0.0986723 0.747766 0.747766 0.747766 0.747766
 0.0724753 0.549238 0.549238 0.549238 0.549238
 0.115304 0.873809 0.873809 0.873809 0.873809
 0.130818 0.991372 0.991372 0.991372 0.991372
 0.0870956 0.660034 0.660034 0.660034 0.660034
 0.142657 1.08109 1.08109 1.08109 1.08109
 0.134236 1.01728 1.01728 1.01728 1.01728
 0.216576 1.64127 1.64127 1.64127 1.64127
 0.385412 2.92076 2.92076 2.92076 2.92076
 0.404303 3.06392 3.06392 3.06392 3.06392
 0.181553 1.37586 1.37586 1.37586 1.37586
 0.149512 1.13304 1.13304 1.13304 1.13304
 0.112364 0.851528 0.851528 0.851528 0.851528
 0.0880432 0.667215 0.667215 0.667215 0.667215
 0.102346 0.775609 0.775609 0.775609 0.775609
 0.0473704 0.358986 0.358986 0.358986 0.358986
 0.0575357 0.436021 0.436021 0.436021 0.436021
 0.0719518 0.54527 0.54527 0.54527 0.54527
 0.0738807 0.559888 0.559888 0.559888 0.559888
 0.0772891 0.585718 0.585718 0.585718 0.585718
YTP_r0W_actual
 7885.58 132354 52593.9 12264.4 4383.29
YTP_p0W_proyectada
 13816 62167.3 75926.5 26238.6 7164.5
 13816 81063.1 16475.2 18003.7 6439.63
CTP_r0_actual
 704.07 6016.08 1593.75 298.403 102.413
CTP_p0_proyectada
 1625.41 2905.02 2433.54 644.683 154.075
 1625.41 3788 528.052 442.351 138.487
Wmedp
 8.5 21.4 31.2 40.7 46.5
nmprior
 10.6 11 7 0
nm_flota  nm_reclas  nm_pelaces    nm_pelaL
inf 27.3544 12.0971 25.5557
cv_recla  cv_pelaces  cv_mph
0.747615 0.414755 0.430931
 ------------------------------------------------
Talla a la edad & desviaci?n 
 7.2 14.2025 17.0495 18.207 18.6776
 1.08 2.13037 2.55742 2.73105 2.80164
