years
 1997 1998 1999 2000 2001 2002 2003 2004 2005 2006 2007 2008 2009 2010 2011 2012 2013 2014 2015 2016 2017 2018 2019 2020 2021
reclasobs
 0 0 0 370054 412103 1.49427e+06 250295 1.28982e+06 931140 785840 897777 1.04006e+06 184774 17550 25797 100020 73551 82996 120727 218422 84188 347160 605670 569463 516374
reclaspred
 874926 198671 544408 167255 179802 231252 622957 325869 803370 1.37742e+06 1.33581e+06 787124 435280 211182 134666 116343 113831 138997 119723 200389 401913 342244 495058 586439 523537
pelacesobs
 0 0 0 0 0 0 0 0 0 2.06254e+06 1.5e+06 0 1.87456e+06 323000 250000 174000 83755 137374 0 501740 490994 745055 786931 1.00524e+06 1.33801e+06
pelacespred
 381660 146484 142629 117249 107521 88174.6 328337 176278 468856 808807 691830 419673 236268 91507.2 56482.2 55380.1 56185.1 68265.4 60827.7 100088 216164 206489 222520 296697 255693
mphobs
 0 0 0 0 0 112323 0 153150 637223 0 255016 313432 73983 77613 109348 50772 0 0 0 0 0 0 0 0 0
mphpred
 732862 244873 370830 226988 121560 215772 327778 479963 374105 1.07029e+06 1.40499e+06 875362 466410 273899 128446 103507 96633.8 111174 119034 113363 288613 350725 346044 483352 524728
desembarqueobs
 350755 77701 442110 56441 14545 235359 269955 359681 431902 328805 639364 411747 362871 311530 167758 66681 60226 58785 57116 73181 50977 67692 138656 160484 209506
desembarquepred
 350804 77692.6 441495 56435 14551.9 235321 270081 359007 431335 328536 638347 410846 361788 310554 167736 66686.9 60182.4 58736.8 57068.8 73139.9 50966.8 67645.8 138547 160412 209271
Reclutas
 4628.6 82577.9 727.87 2618.57 33038.2 33711.5 69892.3 18085.2 199713 193450 34585.2 20965.8 59805.1 28203.5 18502 12821.9 10174 10522.4 6114.75 37036.1 30534.9 23001 62706.9 45318.8 911.409
log_desv_Rt
 -1.47999 1.4015 -3.32988 -2.04962 0.485421 0.505595 1.23471 -0.117149 2.28464 2.25277 0.53118 0.030647 1.07885 0.327203 -0.0943639 -0.461091 -0.692405 -0.658738 -1.20154 0.599647 0.406625 0.123294 1.12623 0.801478 -3.10501
SSB
 732862 244873 370830 226988 121560 215772 327778 479963 374105 1.07029e+06 1.40499e+06 875362 466410 273899 128446 103507 96633.8 111174 119034 113363 288613 350725 346044 483352 524728
BT
 997269 419610 476549 280756 289892 366863 1.21462e+06 751720 1.93923e+06 2.29953e+06 1.89611e+06 1.18638e+06 919962 494341 281283 177220 180456 204613 171179 339473 546769 464386 594457 760447 630194
Ftot
 0.382232 0.376127 0.744681 0.323299 0.0790225 0.926025 0.415623 0.989647 0.514665 0.230882 0.453032 0.493002 0.770496 1.28098 1.11639 0.541219 0.501474 0.403738 0.452512 0.351595 0.123433 0.19143 0.269924 0.263751 0.380943
BD_Bspro_t
 0.941309 0.667474 0.64345 0.341528 0.320661 0.513444 0.468848 0.499434 0.429736 0.622464 0.649708 0.46239 0.32647 0.258389 0.156766 0.151135 0.186656 0.272441 0.33783 0.389183 0.630477 0.721262 0.692967 0.694662 0.645173
BD_Bspro
 1.75282 0.585676 0.886932 0.542898 0.290743 0.516074 0.783964 1.14795 0.894765 2.55987 3.36038 2.09365 1.11554 0.655099 0.307211 0.247563 0.231124 0.265901 0.284701 0.271135 0.69029 0.838848 0.827652 1.15606 1.25502
BD_Bo
 0.81741 0.273124 0.413611 0.253174 0.135584 0.240665 0.365593 0.535335 0.417264 1.19377 1.56708 0.976349 0.520218 0.305498 0.143264 0.115448 0.107782 0.124 0.132767 0.126441 0.321909 0.391187 0.385966 0.539114 0.585264
BD_Brms
 3.97582 1.32845 2.01177 1.23142 0.659474 1.17058 1.77822 2.60383 2.02954 5.80641 7.62215 4.74889 2.53031 1.48592 0.696828 0.561531 0.524245 0.603128 0.64577 0.615 1.56574 1.90271 1.87731 2.62222 2.84668
S_f
 0.5 1 1 1 1
 0.5 1 1 1 1
 0.5 1 1 1 1
 0.5 1 1 1 1
 0.5 1 1 1 1
 0.5 1 1 1 1
 0.5 1 1 1 1
 0.5 1 1 1 1
 0.5 1 1 1 1
 0.5 1 1 1 1
 0.5 1 1 1 1
 0.5 1 1 1 1
 0.5 1 1 1 1
 0.5 1 1 1 1
 0.5 1 1 1 1
 0.5 1 1 1 1
 0.5 1 1 1 1
 0.5 1 1 1 1
 0.5 1 1 1 1
 0.5 1 1 1 1
 0.5 1 1 1 1
 0.5 1 1 1 1
 0.5 1 1 1 1
 0.5 1 1 1 1
 0.5 1 1 1 1
Scru_reclas
 0.5 1 1 1 1
 0.5 1 1 1 1
 0.5 1 1 1 1
 0.5 1 1 1 1
 0.5 1 1 1 1
 0.5 1 1 1 1
 0.5 1 1 1 1
 0.5 1 1 1 1
 0.5 1 1 1 1
 0.5 1 1 1 1
 0.5 1 1 1 1
 0.5 1 1 1 1
 0.5 1 1 1 1
 0.5 1 1 1 1
 0.5 1 1 1 1
 0.5 1 1 1 1
 0.5 1 1 1 1
 0.5 1 1 1 1
 0.5 1 1 1 1
 0.5 1 1 1 1
 0.5 1 1 1 1
 0.5 1 1 1 1
 0.5 1 1 1 1
 0.5 1 1 1 1
 0.5 1 1 1 1
Scru_pelaces
 0.5 1 1 1 1
 0.5 1 1 1 1
 0.5 1 1 1 1
 0.5 1 1 1 1
 0.5 1 1 1 1
 0.5 1 1 1 1
 0.5 1 1 1 1
 0.5 1 1 1 1
 0.5 1 1 1 1
 0.5 1 1 1 1
 0.5 1 1 1 1
 0.5 1 1 1 1
 0.5 1 1 1 1
 0.5 1 1 1 1
 0.5 1 1 1 1
 0.5 1 1 1 1
 0.5 1 1 1 1
 0.5 1 1 1 1
 0.5 1 1 1 1
 0.5 1 1 1 1
 0.5 1 1 1 1
 0.5 1 1 1 1
 0.5 1 1 1 1
 0.5 1 1 1 1
 0.5 1 1 1 1
pf_obs 
 0.256992 0.487395 0.22802 0.0275931 0
 0.321318 0.546541 0.124235 0.00734118 0.000564706
 0.182869 0.594174 0.210203 0.0122559 0.00049798
 0.330522 0.361315 0.267642 0.0388342 0.00168674
 0.649043 0.306663 0.0425973 0.00169635 0
 0.582887 0.30429 0.105238 0.00758474 0
 0.465427 0.430635 0.0974691 0.00646863 0
 0.296916 0.608066 0.0921331 0.00288517 0
 0.311714 0.524322 0.152257 0.0117073 0
 0.15457 0.633149 0.183074 0.0267441 0.00246327
 0.131901 0.49318 0.331252 0.0422183 0.00144891
 0.196976 0.569456 0.194076 0.0375587 0.00193317
 0.518974 0.381816 0.0799577 0.0180837 0.00116848
 0.0928022 0.601141 0.25162 0.0475244 0.00691264
 0.122501 0.610282 0.24278 0.0234846 0.000952079
 0.383417 0.481906 0.127806 0.00687128 0
 0.0376549 0.599619 0.316969 0.0457579 0
 0.0361596 0.667082 0.258105 0.0386534 0
 0.158088 0.579412 0.248529 0.0139706 0
 0.0477256 0.309471 0.559284 0.082774 0.000745712
 0.0406174 0.521527 0.379366 0.0568643 0.0016247
 0.151134 0.462217 0.34131 0.0453401 0
 0.294876 0.26143 0.354403 0.0886775 0.000613685
 0.281977 0.475581 0.204845 0.0348837 0.00271318
 0.0841818 0.532909 0.334909 0.0458182 0.00218182
pf_pred 
 0.0945432 0.45582 0.226354 0.112404 0.110879
 0.816587 0.0347018 0.0748635 0.0371761 0.0366718
 0.0111593 0.898383 0.0171146 0.0369219 0.036421
 0.13389 0.0237897 0.765266 0.0145786 0.0624753
 0.793814 0.0522496 0.00422821 0.136013 0.013695
 0.531551 0.415654 0.0133786 0.00108264 0.038333
 0.730883 0.202066 0.0594951 0.00191496 0.00564181
 0.250053 0.644782 0.0789625 0.0232493 0.00295301
 0.905914 0.0446856 0.0424733 0.00520144 0.00172601
 0.559241 0.421929 0.00894319 0.00850043 0.00138643
 0.139515 0.628598 0.22198 0.00470508 0.00520155
 0.186322 0.219851 0.433801 0.15319 0.00683664
 0.597073 0.139462 0.0711867 0.140463 0.0518158
 0.410726 0.464944 0.0430331 0.0219658 0.0593305
 0.51127 0.33056 0.124798 0.0115507 0.0218211
 0.504591 0.370391 0.0845582 0.0319236 0.0085366
 0.450144 0.387652 0.121271 0.0276856 0.0132472
 0.48807 0.335244 0.124565 0.0389683 0.013153
 0.349113 0.4439 0.135548 0.0503648 0.021074
 0.819256 0.0994947 0.0554112 0.0169202 0.00891758
 0.480379 0.472541 0.0259166 0.0144336 0.00673028
 0.355769 0.423196 0.201008 0.0110243 0.00900263
 0.632697 0.197754 0.111377 0.0529015 0.00527072
 0.409831 0.465204 0.0672803 0.037893 0.0197915
 0.0147847 0.59082 0.310885 0.0449618 0.0385491
pobs_RECLAS
 0 0 0 0 0
 0 0 0 0 0
 0 0 0 0 0
 0 0 0 0 0
 0.835266 0.146461 0.0176864 0.000547809 3.91292e-05
 0.385257 0.428462 0.181853 0.0044286 0
 0.867414 0.0963971 0.0333333 0.00285562 0
 0.441836 0.489002 0.0689373 0.000224442 0
 0.779404 0.147425 0.0564933 0.0165055 0.000172143
 0.814271 0.122319 0.05973 0.00367925 0
 0.40263 0.566651 0.0304383 0.000280538 0
 0.475488 0.404961 0.113038 0.00651328 0
 0.955842 0.0263864 0.0167828 0.000988607 0
 0.975058 0.0227948 0.00214734 0 0
 0.738997 0.206755 0.0527124 0.00153531 0
 0.850938 0.134255 0.0134407 0.00136685 0
 0.542534 0.407297 0.0501686 0 0
 0.764087 0.199537 0.0359546 0.000420521 0
 0.470689 0.182191 0.310203 0.0369168 0
 0.84361 0.089868 0.0606195 0.00523954 0.000663233
 0.607945 0.314616 0.071237 0.00620181 0
 0.523733 0.453247 0.0230204 0 0
 0.530135 0.295979 0.169645 0.0042399 0
 0.562478 0.366248 0.0663022 0.0049721 0
 0.250443 0.683176 0.0655157 0.000865301 0
ppred_RECLAS
 0.0958752 0.45515 0.226021 0.112239 0.110716
 0.818844 0.0342747 0.073942 0.0367185 0.0362204
 0.0115869 0.897995 0.0171072 0.0369059 0.0364053
 0.135348 0.0237497 0.763978 0.0145541 0.0623702
 0.794219 0.0521469 0.00421991 0.135746 0.0136681
 0.5445 0.404165 0.0130088 0.00105272 0.0372735
 0.734257 0.199532 0.058749 0.00189095 0.00557106
 0.260981 0.635386 0.0778118 0.0229105 0.00290998
 0.907842 0.0437696 0.0416027 0.00509482 0.00169063
 0.561285 0.419972 0.00890173 0.00846102 0.00138
 0.141846 0.626896 0.221378 0.00469233 0.00518746
 0.189613 0.218962 0.432046 0.15257 0.00680899
 0.60664 0.13615 0.0694964 0.137127 0.0505855
 0.431368 0.448657 0.0415257 0.0211963 0.0572522
 0.528433 0.318952 0.120415 0.0111451 0.0210548
 0.510699 0.365824 0.0835157 0.03153 0.00843135
 0.455609 0.383799 0.120066 0.0274104 0.0131156
 0.492216 0.332529 0.123556 0.0386527 0.0130465
 0.3535 0.440908 0.134634 0.0500254 0.020932
 0.821306 0.0983665 0.0547829 0.0167283 0.00881646
 0.481386 0.471625 0.0258663 0.0144056 0.00671723
 0.357295 0.422194 0.200532 0.0109982 0.00898132
 0.635021 0.196503 0.110673 0.0525668 0.00523737
 0.412188 0.463346 0.0670116 0.0377417 0.0197124
 0.0150106 0.590684 0.310813 0.0449515 0.0385403
pobs_PELACES
 0 0 0 0 0
 0 0 0 0 0
 0 0 0 0 0
 0 0 0 0 0
 0 0 0 0 0
 0 0 0 0 0
 0 0 0 0 0
 0 0 0 0 0
 0 0 0 0 0
 0 0 0 0 0
 0.450072 0.473896 0.0757376 0.000293798 0
 0 0 0 0 0
 0.463077 0.371075 0.160297 0.00555027 0
 0.529543 0.364841 0.0842815 0.0213345 0
 0.631943 0.363953 0.00410389 0 0
 0.735681 0.248677 0.0153453 0.000297389 0
 0.695825 0.281241 0.0229344 0 0
 0.275771 0.60734 0.115278 0.00161068 0
 0 0 0 0 0
 0.896147 0.0623911 0.0374545 0.00400742 0
 0.803859 0.145111 0.0509908 3.86294e-05 0
 0.739449 0.233085 0.0266225 0.000797448 4.60066e-05
 0.878498 0.100942 0.0204185 0.000141795 0
 0.694673 0.275183 0.0284847 0.00165964 0
 0.469039 0.446079 0.0841089 0.000773354 0
ppred_PELACES
 0.101483 0.452327 0.224619 0.111542 0.110029
 0.827869 0.0325672 0.0702585 0.0348893 0.034416
 0.013082 0.896636 0.0170813 0.0368501 0.0363502
 0.141713 0.0235748 0.758354 0.014447 0.0619111
 0.796342 0.051609 0.00417637 0.134345 0.0135271
 0.582067 0.370831 0.0119359 0.000965894 0.0341993
 0.747422 0.189647 0.0558387 0.00179727 0.00529508
 0.293679 0.607274 0.0743691 0.0218968 0.00278123
 0.914705 0.0405101 0.0385045 0.00471541 0.00156473
 0.570643 0.411014 0.00871185 0.00828055 0.00135057
 0.151191 0.620069 0.218968 0.00464124 0.00513097
 0.202429 0.215499 0.425214 0.150157 0.00670131
 0.636532 0.125804 0.0642153 0.126707 0.0467415
 0.483778 0.407305 0.0376983 0.0192427 0.0519753
 0.573968 0.288154 0.108788 0.0100689 0.0190217
 0.532978 0.349168 0.079713 0.0300944 0.00804745
 0.476196 0.369285 0.115525 0.0263738 0.0126196
 0.508869 0.321624 0.119504 0.0373851 0.0126186
 0.370744 0.429148 0.131043 0.048691 0.0203736
 0.829662 0.0937667 0.0522211 0.0159461 0.00840419
 0.486472 0.466999 0.0256127 0.0142644 0.00665135
 0.36458 0.417408 0.198259 0.0108735 0.00887951
 0.64528 0.190979 0.107562 0.0510892 0.00509015
 0.422771 0.455004 0.0658051 0.0370622 0.0193575
 0.0159689 0.59011 0.310511 0.0449077 0.0385028
pobs_pel_tallas
 0 0 0 0 0 0 0 0 0 0 0 0 0 0 0 0 0 0 0 0 0 0 0 0 0 0 0 0 0 0 0 0 0 0 0 0
 0 0 0 0 0 0 0 0 0 0 0 0 0 0 0 0 0 0 0 0 0 0 0 0 0 0 0 0 0 0 0 0 0 0 0 0
 0 0 0 0 0 0 0 0 0 0 0 0 0 0 0 0 0 0 0 0 0 0 0 0 0 0 0 0 0 0 0 0 0 0 0 0
 0 0 0 0 0 0 0 0 0 0 0 0 0 0 0 0 0 0 0 0 0 0 0 0 0 0 0 0 0 0 0 0 0 0 0 0
 0 0 0 0 0 0 0 0 0 0 0 0 0 0 0 0 0 0 0 0 0 0 0 0 0 0 0 0 0 0 0 0 0 0 0 0
 0 0 0 0 0 0 0 0 0 0 0 0 0 0 0 0 0 0 0 0 0 0 0 0 0 0 0 0 0 0 0 0 0 0 0 0
 0 0 0 0 0 0 0 0 0 0 0 0 0 0 0 0 0 0 0 0 0 0 0 0 0 0 0 0 0 0 0 0 0 0 0 0
 0 0 0 0 0 0 0 0 0 0 0 0 0 0 0 0 0 0 0 0 0 0 0 0 0 0 0 0 0 0 0 0 0 0 0 0
 0 0 0 0 0 0 0 0 0 0 0 0 0 0 0 0 0 0 0 0 0 0 0 0 0 0 0 0 0 0 0 0 0 0 0 0
 0 0 0 0 0 0 0 0 0 0 0 0 0 0 0 0 0 0 0 0 0 0 0 0 0 0 0 0 0 0 0 0 0 0 0 0
 0 0 0 0 0 0 0 0 1.78061e-05 0.00172719 0.00360574 0.0105946 0.0120993 0.0124554 0.0147524 0.0171206 0.0266825 0.0428682 0.0675386 0.121331 0.153587 0.119568 0.100827 0.0573624 0.0630603 0.0341343 0.0324427 0.0444173 0.0211091 0.0280891 0.0125444 0.00206551 0 0 0 0
 0 0 0 0 0 0 0 0 0 0 0 0 0 0 0 0 0 0 0 0 0 0 0 0 0 0 0 0 0 0 0 0 0 0 0 0
 0 0 0 0 0 0 0.0133647 0.0140871 0.0187388 0.0205184 0.03894 0.0496705 0.03968 0.0493445 0.0407372 0.0367815 0.0215668 0.0243155 0.0234873 0.0199281 0.019796 0.0243948 0.0301388 0.0376714 0.0412746 0.0863199 0.0771752 0.113111 0.0741005 0.0525337 0.0229764 0.00759418 0.00175318 0 0 0
 0 0 0 0 0 0 0 0 0 0 0.00219441 0.00772107 0.0458388 0.0604681 0.0671733 0.0775358 0.0609151 0.0617685 0.073594 0.0568108 0.0755445 0.0548602 0.0670107 0.0636378 0.0643287 0.046367 0.0373049 0.0286899 0.0247887 0.0153202 0.00654259 0.00121912 0.000365735 0 0 0
 0 0 0 0 0 0 0 0 0 0 0 0 0.000112435 0.00938835 0.0111873 0.0202946 0.0414886 0.0713402 0.111592 0.104902 0.108894 0.110636 0.117776 0.105296 0.107544 0.0401394 0.0192827 0.0124803 0.00416011 0.0028671 0.000618394 0 0 0 0 0
 0 0 0 0 0 0 0 0 0 0 0.00291406 0.0102884 0.027416 0.0768956 0.0749926 0.110853 0.0956884 0.0897413 0.0766577 0.0534642 0.0500743 0.0551293 0.0594112 0.0620874 0.0668451 0.0424026 0.0208742 0.0120726 0.0048766 0.00582813 0.00118941 0.000297354 0 0 0 0
 0 0.00264628 0.0354308 0.0461629 0.0458689 0.0383711 0.0214643 0.0164657 0.0346957 0.0420465 0.0363128 0.0245516 0.0311673 0.0291091 0.0169068 0.0133784 0.00837989 0.0085269 0.0148486 0.0160247 0.0276389 0.0546898 0.0760071 0.122758 0.109233 0.0665981 0.0333725 0.0166128 0.00676272 0.00308733 0.000882094 0 0 0 0 0
 0 0 0 0 0 0 0 0.000805153 0.000690131 0.00759144 0.0133425 0.0154129 0.00931677 0.000345066 0.00356568 0.00563607 0.00851162 0.0253048 0.0502646 0.0516448 0.0657925 0.0565908 0.0611916 0.0827007 0.0866115 0.110766 0.145733 0.0935128 0.0569358 0.0249597 0.0138026 0.00621118 0.00161031 0.00115022 0 0
 0 0 0 0 0 0 0 0 0 0 0 0 0 0 0 0 0 0 0 0 0 0 0 0 0 0 0 0 0 0 0 0 0 0 0 0
 0.00147267 0.00158595 0.00478618 0.00569244 0.00954404 0.0108468 0.00647125 0.017049 0.0510054 0.094081 0.124002 0.0959785 0.0687766 0.0820023 0.061753 0.0591476 0.0492212 0.0479892 0.0443925 0.0268479 0.0217502 0.0140895 0.0121071 0.0120363 0.00920419 0.00665534 0.0049561 0.00860946 0.00930331 0.0156896 0.0114698 0.00855282 0.00243557 0.00046729 0 2.83206e-05
 0 0 0 0 0.000772559 0.00158375 0.000888443 0.00281984 0.00712685 0.0440552 0.0773331 0.111326 0.0921469 0.0852325 0.0710754 0.0886704 0.0786465 0.0553345 0.0373146 0.0185414 0.00753245 0.00457741 0.012979 0.0271748 0.0457355 0.0583668 0.034881 0.0177882 0.00938659 0.00492506 0.0015258 0.00185414 0.000309023 5.79419e-05 3.86279e-05 0
 0 0.00173294 0.00326652 0 0.00397197 0.00683976 0.00946217 0.0152591 0.00757587 0.0136028 0.0228656 0.0392903 0.0559909 0.0764795 0.0681675 0.0726916 0.0566044 0.0477403 0.0527397 0.0444891 0.0609904 0.0582453 0.0661739 0.0445044 0.0529084 0.0360697 0.0280645 0.0235558 0.0158879 0.00826598 0.00280645 0.00217768 0.000904811 0.00058276 9.20147e-05 0
 0 0 0 0 0 0 0 0 0 0 0 0 0 0 0 0 0 0 0 0 0 0 0 0 0 0 0 0 0 0 0 0 0 0 0 0
 0 0 0 0 0 0 0 0 0 0 0 0 0 0 0 0 0 0 0 0 0 0 0 0 0 0 0 0 0 0 0 0 0 0 0 0
 0 0 0 0 0 0 0 0 0 0 0 0 0 0 0 0 0 0 0 0 0 0 0 0 0 0 0 0 0 0 0 0 0 0 0 0
ppred_pel_tallas
 1.1231e-16 4.45631e-06 2.60818e-05 0.00012383 0.000476502 0.00148569 0.0037532 0.00768317 0.0127496 0.0171644 0.0187891 0.0168373 0.0126292 0.00853633 0.00632901 0.00653074 0.00888635 0.0130112 0.0186306 0.02549 0.0332125 0.0412449 0.0489082 0.0555166 0.0605171 0.0635973 0.0647282 0.064125 0.06215 0.0591957 0.0555903 0.0515534 0.0472048 0.0426062 0.0378112 0.0329018
 1.03816e-16 3.6113e-05 0.000211973 0.00100767 0.00387964 0.0120983 0.0305593 0.0625271 0.103641 0.139173 0.151412 0.13347 0.095354 0.0552703 0.0261174 0.0103068 0.00383673 0.00202916 0.00204863 0.00271871 0.00367163 0.00480185 0.00605685 0.00738384 0.0087238 0.0100149 0.0111958 0.0122075 0.0129942 0.0135058 0.0137016 0.0135576 0.0130721 0.0122699 0.0112025 0.00994206
 1.035e-16 6.19327e-07 3.51516e-06 1.64569e-05 6.29361e-05 0.000195893 0.000495817 0.00102157 0.00172008 0.00239076 0.00281449 0.00298882 0.00324366 0.00412006 0.0061587 0.00979128 0.015337 0.0229822 0.0326821 0.0440324 0.0561962 0.0679494 0.0778647 0.0845995 0.0872094 0.0853799 0.0795049 0.0705729 0.0599133 0.0488818 0.038591 0.0297539 0.0226588 0.0172507 0.0132633 0.010352
 1.14162e-16 6.19476e-06 3.63234e-05 0.000172599 0.000664405 0.00207175 0.00523305 0.0107081 0.0177523 0.0238486 0.0259726 0.0229594 0.0165458 0.00988764 0.00525351 0.00314438 0.00299531 0.0041575 0.00632237 0.00947314 0.0137114 0.0191259 0.0257144 0.0333348 0.041679 0.0502716 0.0585018 0.0656875 0.0711655 0.0743929 0.0750364 0.0730304 0.0685905 0.0621746 0.0544059 0.0459725
 1.05325e-16 3.47388e-05 0.000203904 0.000969303 0.00373193 0.0116377 0.0293958 0.0601466 0.0996959 0.133877 0.145654 0.128405 0.0917574 0.0532299 0.0252362 0.0101031 0.00398792 0.00239452 0.00259403 0.0034463 0.00458186 0.00587886 0.00726691 0.00868248 0.0100687 0.0113806 0.012586 0.0136589 0.0145704 0.0152813 0.0157408 0.0158938 0.0156941 0.0151182 0.0141771 0.0129188
 1.01922e-16 2.54085e-05 0.000149098 0.000708679 0.00272835 0.00850801 0.0214908 0.0439749 0.0729003 0.0979241 0.106616 0.0941751 0.067701 0.0400901 0.0205375 0.0108845 0.00845628 0.0100515 0.0136605 0.0182878 0.0233332 0.0282321 0.0323846 0.0352345 0.0363909 0.0357222 0.0333883 0.0297941 0.0254837 0.0210121 0.0168332 0.0132366 0.0103371 0.00810933 0.0064425 0.00519543
 1.01164e-16 3.26115e-05 0.000191402 0.000909836 0.00350291 0.0109235 0.0275919 0.0564569 0.093584 0.125682 0.136772 0.120652 0.0863881 0.0504598 0.0245694 0.01096 0.00607989 0.00574265 0.00737597 0.0098338 0.0126188 0.0154006 0.0178628 0.0197104 0.0207234 0.0208046 0.0199988 0.018473 0.0164691 0.0142445 0.0120203 0.00995111 0.00811938 0.00654864 0.00522547 0.00412039
 1.02136e-16 1.28432e-05 7.5306e-05 0.000357816 0.00137735 0.00429492 0.0108492 0.0222033 0.0368207 0.0494983 0.0539935 0.0479341 0.0349847 0.0217728 0.0130992 0.0100826 0.0115595 0.0160456 0.0225371 0.0303612 0.0388339 0.0471007 0.0541863 0.059167 0.0613776 0.0605686 0.0569632 0.0511859 0.0440982 0.0365937 0.0294207 0.0230784 0.0177982 0.013592 0.010334 0.00784115
 1.00796e-16 3.98998e-05 0.000234204 0.00111335 0.00428656 0.0133673 0.0337646 0.0690854 0.114512 0.15377 0.167292 0.147465 0.105347 0.06105 0.0288229 0.0113243 0.00412314 0.00203697 0.00191376 0.00242942 0.00314983 0.00393061 0.0046914 0.00536345 0.00588941 0.00623155 0.00637656 0.0063338 0.00612871 0.00579411 0.00536285 0.00486374 0.00432111 0.00375626 0.00318933 0.00263998
 1.00606e-16 2.4912e-05 0.000146179 0.000694795 0.00267488 0.00834125 0.0210696 0.0431135 0.0714736 0.0960118 0.104545 0.0923713 0.0664604 0.0394679 0.0204253 0.0111569 0.00905802 0.0110005 0.0150094 0.0200827 0.0255814 0.0308805 0.0353099 0.0382491 0.0392635 0.0382111 0.0352783 0.0309289 0.0257868 0.0204912 0.0155709 0.0113699 0.00803414 0.00554617 0.00378477 0.00258562
 1.0371e-16 6.63093e-06 3.88324e-05 0.000184412 0.000709696 0.00221285 0.00559014 0.0114429 0.0189861 0.0255526 0.0279509 0.0249987 0.0186458 0.0123982 0.00885419 0.00874121 0.0116147 0.0168294 0.0239039 0.0323972 0.0417054 0.0509911 0.0592625 0.0655532 0.0691301 0.0696546 0.0672471 0.062427 0.0559625 0.0486798 0.0412981 0.0343314 0.0280699 0.0226189 0.0179659 0.0140442
 1.11579e-16 8.84911e-06 5.18914e-05 0.000246577 0.000949181 0.00295978 0.00747633 0.0152993 0.025367 0.0340877 0.0371485 0.0328971 0.0238327 0.0144864 0.00812314 0.00547291 0.00571501 0.0078568 0.0113157 0.0158368 0.0212559 0.0273547 0.0338248 0.0402929 0.0463697 0.051698 0.0559851 0.059014 0.060641 0.060789 0.059447 0.0566789 0.0526346 0.0475525 0.0417481 0.0355822
 1.07491e-16 2.77734e-05 0.000163004 0.000774845 0.00298319 0.00930277 0.023498 0.04808 0.0796977 0.107031 0.116469 0.102729 0.0735273 0.0428922 0.0207844 0.00910966 0.00484466 0.00443651 0.00572427 0.00778326 0.0102631 0.012971 0.0157276 0.0183534 0.0206935 0.0226416 0.0241485 0.0252112 0.0258501 0.026084 0.025915 0.0253288 0.0243079 0.0228513 0.0209917 0.0188021
 1.03758e-16 2.11241e-05 0.000123941 0.000589075 0.00226783 0.00707189 0.0178634 0.0365532 0.0605999 0.0814108 0.0886621 0.078375 0.0564712 0.0336991 0.0177411 0.0101759 0.0088288 0.0110765 0.0152595 0.0205201 0.0262807 0.0319481 0.0368737 0.0404476 0.0422318 0.0420629 0.0400867 0.0367095 0.0324862 0.0279839 0.0236658 0.0198255 0.0165808 0.0139112 0.0117174 0.00987801
 1.02873e-16 2.50522e-05 0.000147013 0.000698784 0.00269027 0.00838929 0.0211909 0.0433606 0.0718799 0.0965476 0.105102 0.0928007 0.066633 0.0392981 0.0198409 0.0100535 0.00727949 0.00835856 0.0113314 0.015274 0.0196892 0.0241414 0.0281652 0.0313127 0.0332415 0.0337874 0.0329941 0.0310852 0.0283959 0.0252866 0.0220693 0.0189645 0.0160956 0.0135082 0.0112022 0.00915988
 1.02656e-16 2.32673e-05 0.000136528 0.000648926 0.00249829 0.00779058 0.0196786 0.040267 0.0667539 0.0896696 0.0976335 0.0862511 0.0620279 0.0367783 0.0189307 0.0101831 0.00810089 0.00976963 0.0133658 0.017992 0.0231067 0.0281918 0.032685 0.0360515 0.037895 0.0380459 0.036595 0.033856 0.0302759 0.0263239 0.0223968 0.0187636 0.015558 0.0128057 0.0104678 0.00848184
 1.03257e-16 2.07922e-05 0.000121995 0.000579831 0.00223225 0.00696094 0.0175831 0.0359794 0.0596479 0.0801299 0.0872615 0.0771237 0.0555413 0.0330879 0.0173186 0.00978017 0.00832807 0.0103831 0.0143257 0.0193399 0.0248987 0.0304677 0.0354548 0.0392897 0.0415419 0.0420139 0.0407779 0.0381393 0.0345455 0.0304727 0.0263288 0.0223977 0.0188311 0.0156751 0.0129133 0.0105057
 1.03676e-16 2.2215e-05 0.000130353 0.000619572 0.00238528 0.00743817 0.0187884 0.0384454 0.0637339 0.0856123 0.0932146 0.0823443 0.0592117 0.0350958 0.0180429 0.00967416 0.00766774 0.0092474 0.0126841 0.0171393 0.02212 0.0271573 0.0317374 0.0353623 0.0376496 0.0384132 0.0376953 0.0357359 0.0328971 0.0295679 0.0260833 0.0226789 0.019486 0.0165544 0.0138879 0.011476
 1.04626e-16 1.61965e-05 9.50088e-05 0.000451522 0.0017382 0.00542026 0.0136915 0.0280175 0.0464528 0.0624172 0.0680076 0.0601905 0.0435292 0.0262984 0.0144371 0.00921704 0.00903712 0.0119408 0.01668 0.0225731 0.0290929 0.0356422 0.0415408 0.0461302 0.0489111 0.0496525 0.048433 0.0455974 0.0416519 0.0371335 0.0324986 0.028061 0.0239845 0.0203161 0.0170366 0.0141065
 1.01713e-16 3.61937e-05 0.000212441 0.00100988 0.00388813 0.0121248 0.0306262 0.0626646 0.103871 0.139487 0.151766 0.133814 0.0956685 0.0555914 0.0265289 0.0109198 0.0047733 0.00340968 0.00397584 0.00525282 0.00680058 0.00841607 0.00993879 0.0112203 0.0121426 0.0126396 0.0127068 0.0123938 0.0117849 0.0109739 0.0100436 0.00905522 0.00804766 0.00704397 0.0060603 0.00511241
 1.01317e-16 2.12441e-05 0.00012464 0.000592384 0.00228055 0.00711154 0.0179636 0.0367587 0.0609421 0.0818754 0.0891805 0.0788631 0.0568878 0.0340772 0.0181756 0.0107915 0.00975659 0.0124415 0.0171667 0.0230323 0.0293899 0.0355506 0.0407588 0.0443088 0.0457014 0.0447642 0.0416937 0.036998 0.0313658 0.0255048 0.0200016 0.0152394 0.011384 0.0084229 0.00623183 0.00464149
 1.03739e-16 1.59274e-05 9.34299e-05 0.000444016 0.00170931 0.00533015 0.0134639 0.0275517 0.0456806 0.0613797 0.0668773 0.0591907 0.0428076 0.0258656 0.0142065 0.00908335 0.00892572 0.0118158 0.0165347 0.0224221 0.0289691 0.0355955 0.0416327 0.0464232 0.0494543 0.0504657 0.0494936 0.0468357 0.0429567 0.0383673 0.0335208 0.0287521 0.0242667 0.0201648 0.0164815 0.0132222
 1.03583e-16 2.81578e-05 0.000165254 0.000785526 0.00302429 0.00943092 0.0238218 0.048743 0.0807985 0.108515 0.118098 0.104201 0.0746557 0.0437021 0.0214593 0.00988467 0.00593625 0.0060244 0.00794917 0.0107329 0.0139446 0.0172816 0.0204381 0.0231146 0.0250693 0.0261645 0.0263856 0.0258273 0.0246536 0.0230486 0.0211758 0.0191566 0.0170701 0.0149663 0.0128841 0.0108631
 1.03261e-16 1.84659e-05 0.000108331 0.000514851 0.00198203 0.00618062 0.0156122 0.0319474 0.0529672 0.0711663 0.0775294 0.0685919 0.0495484 0.0298209 0.0161623 0.00999826 0.0094745 0.012332 0.017126 0.02307 0.0295718 0.0359797 0.0415669 0.0456443 0.0477105 0.0475677 0.0453633 0.0415374 0.0367013 0.0314884 0.026425 0.0218579 0.0179442 0.0146895 0.0120101 0.00979096
 1.07943e-16 7.33534e-07 4.212e-06 1.98281e-05 7.60149e-05 0.000236748 0.000598659 0.00122982 0.00205721 0.00281922 0.00321677 0.0031918 0.00305868 0.00334921 0.00455578 0.00701658 0.0109519 0.0165028 0.023687 0.032307 0.0418837 0.0516657 0.0607293 0.068149 0.0731905 0.0754601 0.0749681 0.0720809 0.0673922 0.0615605 0.0551703 0.0486547 0.0422851 0.0362083 0.0305019 0.0252197
pSPR Fmed_Fpbrs
0.489512   0.255595 0.255595
Fs Fmed_Fpbrs
0.418098   1.005 1.005
SSBpbr Bo_Bmed_Bpbrs
896566  394052  184330 184330
Ro
20333
SPR SPRFo_SPRFmed_SPRFpbrs
418104 204667 106865
log_Ro
9.74
likeval ReclasPelacesDesembMPH_pf_preclas_ppelaces_ptallas_desvR_qrecl_qpela
 115.125 123.718 0.196427 0.000574755 403.662 222.133 93.3278 0 66.6558 0 0 0 0 0 0
q_reclas_q_pelaces
1 1
M
0.7
N
 4628.6 12088.4 6002.91 2980.96 2940.52
 82577.9 1898.64 4096.01 2034.02 2006.42
 727.87 33976.8 647.273 1396.38 1377.44
 2618.57 249.082 8012.46 152.641 654.127
 33038.2 1106.25 89.5218 2879.74 289.958
 33711.5 15770.7 507.61 41.0775 1454.43
 69892.3 10536.3 3102.25 99.8518 294.181
 18085.2 28195 3452.86 1016.64 129.129
 199713 5475.44 5204.36 637.346 211.492
 193450 76673.1 1625.16 1544.7 251.943
 34585.2 85590.6 30225 640.648 708.249
 20965.8 13693.3 27019.1 9541.37 425.817
 59805.1 8136.75 4153.31 8195.14 3023.14
 28203.5 20203.2 1869.92 954.479 2578.09
 18502 7381.36 2786.71 257.925 487.262
 12821.9 5257.65 1200.29 453.152 121.176
 10174 4857.6 1519.63 346.923 165.999
 10522.4 3931.82 1460.92 457.029 154.261
 6114.75 4270.1 1303.91 484.485 202.722
 37036.1 2421.65 1348.68 411.829 217.049
 30534.9 15426.6 846.076 471.202 219.717
 23001 14255.6 6771.09 371.361 303.26
 62706.9 10379.4 5845.8 2776.61 276.641
 45318.8 27207.9 3934.96 2216.21 1157.52
 911.409 19724.2 10378.7 1501.03 1286.94
pred_Ctot
 585.489 2822.81 1401.77 696.097 686.654
 10292.2 437.378 943.57 468.563 462.207
 166.246 13383.7 254.965 550.045 542.583
 283.718 50.411 1621.62 30.8925 132.387
 922.585 60.7254 4.9141 158.077 15.9166
 9226.4 7214.71 232.219 18.7919 665.365
 9545.13 2638.92 776.99 25.0089 73.6804
 5222.21 13465.9 1649.08 485.547 61.6718
 33073.4 1631.4 1550.63 189.896 63.0137
 15269.5 11520.3 244.184 232.095 37.855
 5107.66 23013 8126.69 172.253 190.429
 3341.12 3942.36 7778.91 2747 122.594
 14058.1 3283.63 1676.09 3307.2 1220.01
 9948.89 11262.2 1042.38 532.07 1437.15
 5875.84 3799.01 1434.26 132.748 250.782
 2220.47 1629.92 372.102 140.481 37.5657
 1646.26 1417.71 443.51 101.251 48.4475
 1399.48 961.268 357.173 111.736 37.7145
 902.113 1147.04 350.258 130.143 54.4555
 4337.62 526.783 293.379 89.5855 47.2149
 1318.99 1297.47 71.16 39.6309 18.4795
 1518.23 1805.97 857.791 47.0457 38.4183
 5738 1793.45 1010.09 479.77 47.8007
 4057.46 4605.68 666.097 375.153 195.942
 114.93 4592.8 2416.7 349.515 299.666
F
 0.191116 0.382232 0.382232 0.382232 0.382232
 0.188063 0.376127 0.376127 0.376127 0.376127
 0.372341 0.744681 0.744681 0.744681 0.744681
 0.161649 0.323299 0.323299 0.323299 0.323299
 0.0395113 0.0790225 0.0790225 0.0790225 0.0790225
 0.463013 0.926025 0.926025 0.926025 0.926025
 0.207811 0.415623 0.415623 0.415623 0.415623
 0.494823 0.989647 0.989647 0.989647 0.989647
 0.257332 0.514665 0.514665 0.514665 0.514665
 0.115441 0.230882 0.230882 0.230882 0.230882
 0.226516 0.453032 0.453032 0.453032 0.453032
 0.246501 0.493002 0.493002 0.493002 0.493002
 0.385248 0.770496 0.770496 0.770496 0.770496
 0.64049 1.28098 1.28098 1.28098 1.28098
 0.558196 1.11639 1.11639 1.11639 1.11639
 0.27061 0.541219 0.541219 0.541219 0.541219
 0.250737 0.501474 0.501474 0.501474 0.501474
 0.201869 0.403738 0.403738 0.403738 0.403738
 0.226256 0.452512 0.452512 0.452512 0.452512
 0.175797 0.351595 0.351595 0.351595 0.351595
 0.0617166 0.123433 0.123433 0.123433 0.123433
 0.0957148 0.19143 0.19143 0.19143 0.19143
 0.134962 0.269924 0.269924 0.269924 0.269924
 0.131876 0.263751 0.263751 0.263751 0.263751
 0.190472 0.380943 0.380943 0.380943 0.380943
YTP_r0W_actual
 1287.22 101042 79750.9 14365.1 12825.7
YTP_p0W_proyectada
 58199.8 3861.14 100698 69120.4 15296
 58199.8 72630.3 1023.26 23877.6 16963.9
CTP_r0_actual
 114.93 4592.8 2416.7 349.515 299.666
CTP_p0_proyectada
 6847.03 180.427 3227.51 1698.29 328.947
 6847.03 3393.94 32.7967 586.672 364.816
Wmedp
 8.5 21.4 31.2 40.7 46.5
nmprior
 10.6 11 7 0
nm_flota  nm_reclas  nm_pelaces    nm_pelaL
inf 8.97892 8.04627 15.0409
cv_recla  cv_pelaces  cv_mph
0.970534 1.26121 0.777821
 ------------------------------------------------
Talla a la edad & desviaci?n 
 7.2 14.2025 17.0495 18.207 18.6776
 1.08 2.13037 2.55742 2.73105 2.80164
