years
 1997 1998 1999 2000 2001 2002 2003 2004 2005 2006 2007 2008 2009 2010 2011 2012 2013 2014 2015 2016 2017 2018 2019 2020 2021
reclasobs
 0 0 0 370054 412103 1.49427e+06 250295 1.28982e+06 931140 785840 897777 1.04006e+06 184774 17550 25797 100020 73551 82996 120727 218422 84188 347160 605670 569463 516374
reclaspred
 793436 134421 181642 114617 256616 265731 589506 464491 648792 958047 803133 525788 338298 147389 91528.6 86773.8 99415.3 120575 108721 180314 289885 253934 430251 498672 426820
pelacesobs
 0 0 0 0 0 0 0 0 0 2.06254e+06 1.5e+06 0 1.87456e+06 323000 250000 174000 83755 137374 0 501740 490994 745055 786931 1.00524e+06 1.33801e+06
pelacespred
 758347 216671 98701.8 124051 253158 205148 603418 489493 676608 994133 760502 517792 337299 118052 72113 73874.2 88626.5 110126 100927 162596 296813 254707 339289 463764 391062
mphobs
 0 0 0 0 0 112323 0 153150 637223 0 255016 313432 73983 77613 109348 50772 0 0 0 0 0 0 0 0 0
mphpred
 978717 410246 250950 126208 180375 396441 483800 598007 614872 855801 1.27652e+06 919042 537263 296260 127322 98805.7 113443 140775 154584 156496 290470 368424 432630 604804 713616
desembarqueobs
 350755 77701 442110 56441 14545 235359 269955 359681 431902 328805 639364 411747 362871 311530 167758 66681 60226 58785 57116 73181 50977 67692 138656 160484 209506
desembarquepred
 350736 77670.6 441571 56423.4 14544.5 235300 269915 359331 431606 328624 638849 411520 362509 311244 167499 66647.5 60218 58757.6 57084.5 73135.5 50967.9 67663 138606 160434 209447
Reclutas
 16384.7 32196.4 5087.97 25328.9 56686.7 25133.3 58775.3 74907.1 111972 195755 61262.8 30906.4 49796.9 22097.6 14783.8 16162.4 11241.5 11267.9 10190.3 29547.1 33579.3 36468.7 65963.5 59520.3 4814.9
log_desv_Rt
 -0.575899 0.0996101 -1.74537 -0.1403 0.665295 -0.148051 0.701476 0.944004 1.34601 1.90462 0.742929 0.0587196 0.535707 -0.276774 -0.678712 -0.589557 -0.952634 -0.950286 -1.05081 0.0137413 0.141666 0.22421 0.816856 0.714073 -1.80053
SSB
 978717 410246 250950 126208 180375 396441 483800 598007 614872 855801 1.27652e+06 919042 537263 296260 127322 98805.7 113443 140775 154584 156496 290470 368424 432630 604804 713616
BT
 1.58819e+06 543548 410100 283381 465149 550450 1.27099e+06 1.26964e+06 1.60336e+06 2.08657e+06 1.91773e+06 1.29753e+06 961313 509080 269140 187119 207468 244541 230291 351037 571908 520127 703856 961450 867314
Ftot
 0.270405 0.456214 1.31674 0.583572 0.0743647 0.568429 0.457961 0.831522 0.78483 0.415394 0.529738 0.486926 0.856432 1.45101 1.58804 0.688814 0.516594 0.3953 0.377722 0.448785 0.1564 0.197751 0.255105 0.248066 0.271112
BD_Bspro_t
 0.959772 0.743392 0.541028 0.237245 0.442077 0.684238 0.572928 0.583104 0.552258 0.584413 0.645851 0.490794 0.366023 0.273904 0.158157 0.154962 0.230137 0.346744 0.424844 0.487082 0.659675 0.760168 0.756838 0.759685 0.736172
BD_Bspro
 1.63315 0.684565 0.418753 0.2106 0.300985 0.661529 0.807302 0.997876 1.02602 1.42805 2.13008 1.53358 0.896514 0.49436 0.212458 0.164874 0.189299 0.234906 0.257949 0.26114 0.484698 0.614777 0.721916 1.00922 1.19079
BD_Bo
 1.0769 0.4514 0.276124 0.138869 0.198469 0.43621 0.532332 0.657996 0.676552 0.941649 1.40457 1.01124 0.591158 0.325979 0.140094 0.108717 0.124823 0.154896 0.170091 0.172195 0.319608 0.405382 0.476029 0.665475 0.785202
BD_Brms
 3.58587 1.50308 0.919446 0.462409 0.660866 1.4525 1.77257 2.19101 2.2528 3.13553 4.67697 3.36724 1.96845 1.08545 0.466488 0.36201 0.415639 0.515778 0.566373 0.57338 1.06424 1.34985 1.58509 2.21592 2.61459
S_f
 0.145628 1 1 1 1
 0.145628 1 1 1 1
 0.145628 1 1 1 1
 0.145628 1 1 1 1
 0.145628 1 1 1 1
 0.145628 1 1 1 1
 0.145628 1 1 1 1
 0.145628 1 1 1 1
 0.145628 1 1 1 1
 0.145628 1 1 1 1
 0.145628 1 1 1 1
 0.145628 1 1 1 1
 0.145628 1 1 1 1
 0.145628 1 1 1 1
 0.145628 1 1 1 1
 0.145628 1 1 1 1
 0.145628 1 1 1 1
 0.145628 1 1 1 1
 0.145628 1 1 1 1
 0.145628 1 1 1 1
 0.145628 1 1 1 1
 0.145628 1 1 1 1
 0.145628 1 1 1 1
 0.145628 1 1 1 1
 0.145628 1 1 1 1
Scru_reclas
 0.999979 1 1 1 1
 0.999979 1 1 1 1
 0.999979 1 1 1 1
 0.999979 1 1 1 1
 0.999979 1 1 1 1
 0.999979 1 1 1 1
 0.999979 1 1 1 1
 0.999979 1 1 1 1
 0.999979 1 1 1 1
 0.999979 1 1 1 1
 0.999979 1 1 1 1
 0.999979 1 1 1 1
 0.999979 1 1 1 1
 0.999979 1 1 1 1
 0.999979 1 1 1 1
 0.999979 1 1 1 1
 0.999979 1 1 1 1
 0.999979 1 1 1 1
 0.999979 1 1 1 1
 0.999979 1 1 1 1
 0.999979 1 1 1 1
 0.999979 1 1 1 1
 0.999979 1 1 1 1
 0.999979 1 1 1 1
 0.999979 1 1 1 1
Scru_pelaces
 1 1 1 1 1
 1 1 1 1 1
 1 1 1 1 1
 1 1 1 1 1
 1 1 1 1 1
 1 1 1 1 1
 1 1 1 1 1
 1 1 1 1 1
 1 1 1 1 1
 1 1 1 1 1
 1 1 1 1 1
 1 1 1 1 1
 1 1 1 1 1
 1 1 1 1 1
 1 1 1 1 1
 1 1 1 1 1
 1 1 1 1 1
 1 1 1 1 1
 1 1 1 1 1
 1 1 1 1 1
 1 1 1 1 1
 1 1 1 1 1
 1 1 1 1 1
 1 1 1 1 1
 1 1 1 1 1
pf_obs 
 0.256992 0.487395 0.22802 0.0275931 0
 0.321318 0.546541 0.124235 0.00734118 0.000564706
 0.182869 0.594174 0.210203 0.0122559 0.00049798
 0.330522 0.361315 0.267642 0.0388342 0.00168674
 0.649043 0.306663 0.0425973 0.00169635 0
 0.582887 0.30429 0.105238 0.00758474 0
 0.465427 0.430635 0.0974691 0.00646863 0
 0.296916 0.608066 0.0921331 0.00288517 0
 0.311714 0.524322 0.152257 0.0117073 0
 0.15457 0.633149 0.183074 0.0267441 0.00246327
 0.131901 0.49318 0.331252 0.0422183 0.00144891
 0.196976 0.569456 0.194076 0.0375587 0.00193317
 0.518974 0.381816 0.0799577 0.0180837 0.00116848
 0.0928022 0.601141 0.25162 0.0475244 0.00691264
 0.122501 0.610282 0.24278 0.0234846 0.000952079
 0.383417 0.481906 0.127806 0.00687128 0
 0.0376549 0.599619 0.316969 0.0457579 0
 0.0361596 0.667082 0.258105 0.0386534 0
 0.158088 0.579412 0.248529 0.0139706 0
 0.0477256 0.309471 0.559284 0.082774 0.000745712
 0.0406174 0.521527 0.379366 0.0568643 0.0016247
 0.151134 0.462217 0.34131 0.0453401 0
 0.294876 0.26143 0.354403 0.0886775 0.000613685
 0.281977 0.475581 0.204845 0.0348837 0.00271318
 0.0841818 0.532909 0.334909 0.0458182 0.00218182
pf_pred 
 0.0652371 0.617777 0.279402 0.0375792 4.74377e-06
 0.199791 0.282855 0.341915 0.154638 0.0208012
 0.0494505 0.648635 0.10672 0.129003 0.0661922
 0.475569 0.218609 0.208687 0.0343352 0.0628006
 0.396142 0.539165 0.026967 0.0257431 0.0119824
 0.11699 0.72723 0.139091 0.0069568 0.00973224
 0.324595 0.369527 0.251915 0.0481816 0.00578114
 0.300143 0.563675 0.0745077 0.0507936 0.0108805
 0.347077 0.53413 0.0956781 0.0126469 0.0104685
 0.360644 0.539996 0.0812824 0.01456 0.00351765
 0.0886912 0.75292 0.133774 0.0201362 0.00447841
 0.0813246 0.427344 0.405936 0.072124 0.0132709
 0.229122 0.336296 0.202156 0.192029 0.0403963
 0.151722 0.644288 0.0889911 0.0534948 0.0615046
 0.225843 0.562415 0.160823 0.0222133 0.0287053
 0.297827 0.578888 0.0895649 0.0256111 0.00810882
 0.179153 0.660525 0.132173 0.0204497 0.00769901
 0.194325 0.531384 0.220718 0.0441665 0.00940605
 0.177107 0.549686 0.180194 0.0748464 0.0181666
 0.403358 0.381977 0.143394 0.0470066 0.024264
 0.243332 0.645314 0.0712899 0.0267622 0.0133015
 0.198003 0.564823 0.202271 0.0223455 0.0125578
 0.280774 0.468256 0.176751 0.0632969 0.0109223
 0.184546 0.613363 0.131573 0.0496642 0.0208545
 0.0170072 0.625974 0.26854 0.0576046 0.0308742
pobs_RECLAS
 0 0 0 0 0
 0 0 0 0 0
 0 0 0 0 0
 0 0 0 0 0
 0.835266 0.146461 0.0176864 0.000547809 3.91292e-05
 0.385257 0.428462 0.181853 0.0044286 0
 0.867414 0.0963971 0.0333333 0.00285562 0
 0.441836 0.489002 0.0689373 0.000224442 0
 0.779404 0.147425 0.0564933 0.0165055 0.000172143
 0.814271 0.122319 0.05973 0.00367925 0
 0.40263 0.566651 0.0304383 0.000280538 0
 0.475488 0.404961 0.113038 0.00651328 0
 0.955842 0.0263864 0.0167828 0.000988607 0
 0.975058 0.0227948 0.00214734 0 0
 0.738997 0.206755 0.0527124 0.00153531 0
 0.850938 0.134255 0.0134407 0.00136685 0
 0.542534 0.407297 0.0501686 0 0
 0.764087 0.199537 0.0359546 0.000420521 0
 0.470689 0.182191 0.310203 0.0369168 0
 0.84361 0.089868 0.0606195 0.00523954 0.000663233
 0.607945 0.314616 0.071237 0.00620181 0
 0.523733 0.453247 0.0230204 0 0
 0.530135 0.295979 0.169645 0.0042399 0
 0.562478 0.366248 0.0663022 0.0049721 0
 0.250443 0.683176 0.0655157 0.000865301 0
ppred_RECLAS
 0.327541 0.444423 0.200999 0.0270341 3.41262e-06
 0.638721 0.127704 0.154368 0.069816 0.00939137
 0.289413 0.48489 0.0797788 0.0964366 0.0494823
 0.866581 0.0556155 0.0530914 0.00873512 0.0159769
 0.818914 0.161686 0.0080869 0.00771988 0.00359331
 0.486552 0.422866 0.080878 0.00404521 0.00565906
 0.772913 0.124244 0.0846998 0.0161998 0.00194376
 0.759148 0.193986 0.0256414 0.0174803 0.00374446
 0.795356 0.16741 0.0299881 0.00396388 0.00328112
 0.799222 0.169576 0.0255253 0.00457232 0.00110465
 0.409545 0.487832 0.0866747 0.0130466 0.00290165
 0.385938 0.285646 0.271336 0.0482092 0.00887058
 0.686584 0.136728 0.0821908 0.0780734 0.0164239
 0.588315 0.312685 0.043189 0.025962 0.0298493
 0.704372 0.21477 0.0614136 0.00848264 0.0109618
 0.754281 0.202576 0.0313424 0.00896235 0.0028376
 0.6084 0.315115 0.0630557 0.00975589 0.00367295
 0.629536 0.24434 0.10149 0.0203085 0.00432507
 0.602263 0.265685 0.087095 0.0361762 0.00878066
 0.827111 0.110685 0.0415513 0.0136211 0.00703095
 0.690164 0.26424 0.0291914 0.0109585 0.00544662
 0.631622 0.259438 0.0929082 0.0102639 0.00576812
 0.731302 0.174937 0.0660329 0.0236473 0.00408051
 0.611953 0.291879 0.0626109 0.0236335 0.00992394
 0.107746 0.568191 0.243752 0.0522872 0.0280243
pobs_PELACES
 0 0 0 0 0
 0 0 0 0 0
 0 0 0 0 0
 0 0 0 0 0
 0 0 0 0 0
 0 0 0 0 0
 0 0 0 0 0
 0 0 0 0 0
 0 0 0 0 0
 0 0 0 0 0
 0.450072 0.473896 0.0757376 0.000293798 0
 0 0 0 0 0
 0.463077 0.371075 0.160297 0.00555027 0
 0.529543 0.364841 0.0842815 0.0213345 0
 0.631943 0.363953 0.00410389 0 0
 0.735681 0.248677 0.0153453 0.000297389 0
 0.695825 0.281241 0.0229344 0 0
 0.275771 0.60734 0.115278 0.00161068 0
 0 0 0 0 0
 0.896147 0.0623911 0.0374545 0.00400742 0
 0.803859 0.145111 0.0509908 3.86294e-05 0
 0.739449 0.233085 0.0266225 0.000797448 4.60066e-05
 0.878498 0.100942 0.0204185 0.000141795 0
 0.694673 0.275183 0.0284847 0.00165964 0
 0.469039 0.446079 0.0841089 0.000773354 0
ppred_PELACES
 0.344553 0.433179 0.195914 0.0263502 3.32629e-06
 0.667847 0.117408 0.141923 0.0641875 0.00863424
 0.371224 0.429064 0.0705937 0.0853337 0.0437853
 0.884486 0.0481518 0.0459664 0.00756285 0.0138328
 0.822006 0.158925 0.00794884 0.00758808 0.00353196
 0.526595 0.389887 0.0745704 0.00372973 0.00521771
 0.794778 0.112281 0.0765443 0.01464 0.0017566
 0.799389 0.161575 0.0213573 0.0145598 0.00311885
 0.829037 0.139858 0.0250525 0.0033115 0.0027411
 0.817362 0.154255 0.0232191 0.00415921 0.00100485
 0.446093 0.457636 0.0813097 0.0122391 0.00272204
 0.418943 0.270293 0.256752 0.045618 0.00839379
 0.736078 0.115136 0.0692114 0.0657442 0.0138303
 0.682682 0.24101 0.0332891 0.0200109 0.0230072
 0.788509 0.153646 0.043935 0.00606844 0.00784198
 0.788483 0.17438 0.0269798 0.00771487 0.00244264
 0.642507 0.28767 0.0575637 0.00890618 0.00335305
 0.655138 0.227454 0.0944765 0.0189051 0.00402618
 0.62748 0.24884 0.0815731 0.0338826 0.00822395
 0.844466 0.0995744 0.0373802 0.0122537 0.00632516
 0.699518 0.256263 0.0283101 0.0106276 0.00528219
 0.644502 0.250367 0.0896598 0.009905 0.00556644
 0.745202 0.165887 0.0626169 0.022424 0.00386942
 0.62843 0.279485 0.0599523 0.02263 0.00950253
 0.11532 0.563368 0.241683 0.0518433 0.0277864
pobs_pel_tallas
 0 0 0 0 0 0 0 0 0 0 0 0 0 0 0 0 0 0 0 0 0 0 0 0 0 0 0 0 0 0 0 0 0 0 0 0
 0 0 0 0 0 0 0 0 0 0 0 0 0 0 0 0 0 0 0 0 0 0 0 0 0 0 0 0 0 0 0 0 0 0 0 0
 0 0 0 0 0 0 0 0 0 0 0 0 0 0 0 0 0 0 0 0 0 0 0 0 0 0 0 0 0 0 0 0 0 0 0 0
 0 0 0 0 0 0 0 0 0 0 0 0 0 0 0 0 0 0 0 0 0 0 0 0 0 0 0 0 0 0 0 0 0 0 0 0
 0 0 0 0 0 0 0 0 0 0 0 0 0 0 0 0 0 0 0 0 0 0 0 0 0 0 0 0 0 0 0 0 0 0 0 0
 0 0 0 0 0 0 0 0 0 0 0 0 0 0 0 0 0 0 0 0 0 0 0 0 0 0 0 0 0 0 0 0 0 0 0 0
 0 0 0 0 0 0 0 0 0 0 0 0 0 0 0 0 0 0 0 0 0 0 0 0 0 0 0 0 0 0 0 0 0 0 0 0
 0 0 0 0 0 0 0 0 0 0 0 0 0 0 0 0 0 0 0 0 0 0 0 0 0 0 0 0 0 0 0 0 0 0 0 0
 0 0 0 0 0 0 0 0 0 0 0 0 0 0 0 0 0 0 0 0 0 0 0 0 0 0 0 0 0 0 0 0 0 0 0 0
 0 0 0 0 0 0 0 0 0 0 0 0 0 0 0 0 0 0 0 0 0 0 0 0 0 0 0 0 0 0 0 0 0 0 0 0
 0 0 0 0 0 0 0 0 1.78061e-05 0.00172719 0.00360574 0.0105946 0.0120993 0.0124554 0.0147524 0.0171206 0.0266825 0.0428682 0.0675386 0.121331 0.153587 0.119568 0.100827 0.0573624 0.0630603 0.0341343 0.0324427 0.0444173 0.0211091 0.0280891 0.0125444 0.00206551 0 0 0 0
 0 0 0 0 0 0 0 0 0 0 0 0 0 0 0 0 0 0 0 0 0 0 0 0 0 0 0 0 0 0 0 0 0 0 0 0
 0 0 0 0 0 0 0.0133647 0.0140871 0.0187388 0.0205184 0.03894 0.0496705 0.03968 0.0493445 0.0407372 0.0367815 0.0215668 0.0243155 0.0234873 0.0199281 0.019796 0.0243948 0.0301388 0.0376714 0.0412746 0.0863199 0.0771752 0.113111 0.0741005 0.0525337 0.0229764 0.00759418 0.00175318 0 0 0
 0 0 0 0 0 0 0 0 0 0 0.00219441 0.00772107 0.0458388 0.0604681 0.0671733 0.0775358 0.0609151 0.0617685 0.073594 0.0568108 0.0755445 0.0548602 0.0670107 0.0636378 0.0643287 0.046367 0.0373049 0.0286899 0.0247887 0.0153202 0.00654259 0.00121912 0.000365735 0 0 0
 0 0 0 0 0 0 0 0 0 0 0 0 0.000112435 0.00938835 0.0111873 0.0202946 0.0414886 0.0713402 0.111592 0.104902 0.108894 0.110636 0.117776 0.105296 0.107544 0.0401394 0.0192827 0.0124803 0.00416011 0.0028671 0.000618394 0 0 0 0 0
 0 0 0 0 0 0 0 0 0 0 0.00291406 0.0102884 0.027416 0.0768956 0.0749926 0.110853 0.0956884 0.0897413 0.0766577 0.0534642 0.0500743 0.0551293 0.0594112 0.0620874 0.0668451 0.0424026 0.0208742 0.0120726 0.0048766 0.00582813 0.00118941 0.000297354 0 0 0 0
 0 0.00264628 0.0354308 0.0461629 0.0458689 0.0383711 0.0214643 0.0164657 0.0346957 0.0420465 0.0363128 0.0245516 0.0311673 0.0291091 0.0169068 0.0133784 0.00837989 0.0085269 0.0148486 0.0160247 0.0276389 0.0546898 0.0760071 0.122758 0.109233 0.0665981 0.0333725 0.0166128 0.00676272 0.00308733 0.000882094 0 0 0 0 0
 0 0 0 0 0 0 0 0.000805153 0.000690131 0.00759144 0.0133425 0.0154129 0.00931677 0.000345066 0.00356568 0.00563607 0.00851162 0.0253048 0.0502646 0.0516448 0.0657925 0.0565908 0.0611916 0.0827007 0.0866115 0.110766 0.145733 0.0935128 0.0569358 0.0249597 0.0138026 0.00621118 0.00161031 0.00115022 0 0
 0 0 0 0 0 0 0 0 0 0 0 0 0 0 0 0 0 0 0 0 0 0 0 0 0 0 0 0 0 0 0 0 0 0 0 0
 0.00147267 0.00158595 0.00478618 0.00569244 0.00954404 0.0108468 0.00647125 0.017049 0.0510054 0.094081 0.124002 0.0959785 0.0687766 0.0820023 0.061753 0.0591476 0.0492212 0.0479892 0.0443925 0.0268479 0.0217502 0.0140895 0.0121071 0.0120363 0.00920419 0.00665534 0.0049561 0.00860946 0.00930331 0.0156896 0.0114698 0.00855282 0.00243557 0.00046729 0 2.83206e-05
 0 0 0 0 0.000772559 0.00158375 0.000888443 0.00281984 0.00712685 0.0440552 0.0773331 0.111326 0.0921469 0.0852325 0.0710754 0.0886704 0.0786465 0.0553345 0.0373146 0.0185414 0.00753245 0.00457741 0.012979 0.0271748 0.0457355 0.0583668 0.034881 0.0177882 0.00938659 0.00492506 0.0015258 0.00185414 0.000309023 5.79419e-05 3.86279e-05 0
 0 0.00173294 0.00326652 0 0.00397197 0.00683976 0.00946217 0.0152591 0.00757587 0.0136028 0.0228656 0.0392903 0.0559909 0.0764795 0.0681675 0.0726916 0.0566044 0.0477403 0.0527397 0.0444891 0.0609904 0.0582453 0.0661739 0.0445044 0.0529084 0.0360697 0.0280645 0.0235558 0.0158879 0.00826598 0.00280645 0.00217768 0.000904811 0.00058276 9.20147e-05 0
 0 0 0 0 0 0 0 0 0 0 0 0 0 0 0 0 0 0 0 0 0 0 0 0 0 0 0 0 0 0 0 0 0 0 0 0
 0 0 0 0 0 0 0 0 0 0 0 0 0 0 0 0 0 0 0 0 0 0 0 0 0 0 0 0 0 0 0 0 0 0 0 0
 0 0 0 0 0 0 0 0 0 0 0 0 0 0 0 0 0 0 0 0 0 0 0 0 0 0 0 0 0 0 0 0 0 0 0 0
ppred_pel_tallas
 1.03828e-16 1.50548e-05 8.83053e-05 0.000419651 0.00161549 0.00503758 0.0127249 0.0260398 0.043175 0.0580166 0.0632226 0.0559787 0.0405339 0.0245903 0.013684 0.00901762 0.00912502 0.0122072 0.0171151 0.0232107 0.0299805 0.0368252 0.0430524 0.0479815 0.0510833 0.0520913 0.0510476 0.048265 0.0442287 0.0394703 0.0344597 0.0295419 0.0249262 0.0207119 0.0169311 0.0135859
 1.04662e-16 2.91389e-05 0.000171021 0.000812956 0.00312992 0.00976037 0.0246539 0.0504449 0.0836174 0.112294 0.122193 0.107772 0.0771215 0.0449596 0.021732 0.00943352 0.00488809 0.00436561 0.00559956 0.00762436 0.0100801 0.0127726 0.0155181 0.0181246 0.0204145 0.0222507 0.0235504 0.0242833 0.0244581 0.0241051 0.0232643 0.0219815 0.0203132 0.018332 0.0161308 0.0138184
 1.0612e-16 1.62171e-05 9.51306e-05 0.000452102 0.00174044 0.00542724 0.0137092 0.0280536 0.0465125 0.0624969 0.0680934 0.0602639 0.0435767 0.0263156 0.0144248 0.00917469 0.00895776 0.0118101 0.0164774 0.0222737 0.0286705 0.0350743 0.0408151 0.0452514 0.0479085 0.0485841 0.0473853 0.0446803 0.0409864 0.0368354 0.0326601 0.0287344 0.0251715 0.0219653 0.0190505 0.0163555
 1.01575e-16 3.85824e-05 0.000226469 0.00107658 0.00414496 0.0129258 0.0326492 0.0668035 0.11073 0.148693 0.16177 0.142604 0.101888 0.0590727 0.0279413 0.0110698 0.00417995 0.00226602 0.00228415 0.00295476 0.00385465 0.00483652 0.00581158 0.00670082 0.00743695 0.00797394 0.00829232 0.0083969 0.00830916 0.00805758 0.00766997 0.00717009 0.00657857 0.00591581 0.00520495 0.00447284
 1.00591e-16 3.58624e-05 0.00021049 0.00100059 0.00385235 0.0120132 0.0303444 0.0620885 0.102917 0.138212 0.150393 0.132637 0.0949006 0.0552925 0.0266609 0.0114457 0.0057128 0.00483455 0.00597126 0.0078725 0.0100271 0.0121327 0.0139202 0.0151483 0.0156473 0.0153583 0.0143476 0.0127865 0.0109075 0.00894876 0.00710699 0.00550989 0.00421164 0.00320663 0.00245229 0.0018919
 1.01558e-16 2.29906e-05 0.0001349 0.000641178 0.00246844 0.0076975 0.0194436 0.0397863 0.0659583 0.0886047 0.0964841 0.0852596 0.0613668 0.0364904 0.0189732 0.0105101 0.00871147 0.0107061 0.014686 0.0197381 0.0252776 0.0307235 0.0354424 0.0388358 0.0404666 0.0401601 0.0380413 0.0344918 0.0300469 0.0252678 0.0206295 0.0164557 0.012906 0.0100056 0.00769348 0.00587214
 1.01709e-16 3.46734e-05 0.000203514 0.000967433 0.0037247 0.0116152 0.0293389 0.0600308 0.0995056 0.133627 0.145397 0.128212 0.091695 0.0533458 0.0255766 0.010736 0.00501353 0.00393681 0.00477737 0.00636265 0.00825443 0.0102297 0.0120981 0.0136783 0.0148232 0.0154464 0.0155351 0.0151423 0.0143647 0.013315 0.0120969 0.0107925 0.00945999 0.00814003 0.00686373 0.00565875
 1.01002e-16 3.48763e-05 0.000204701 0.000973067 0.00374638 0.0116827 0.0295097 0.0603805 0.100087 0.134411 0.14626 0.128997 0.0923071 0.0538045 0.025987 0.0112322 0.00571989 0.00495501 0.00618008 0.00818055 0.0104572 0.0127099 0.0146675 0.0160832 0.0167793 0.0166868 0.0158598 0.0144573 0.0126993 0.0108137 0.00899019 0.00735392 0.00596173 0.00481569 0.00388501 0.00312702
 1.00644e-16 3.61683e-05 0.000212288 0.00100914 0.00388528 0.0121159 0.0306037 0.0626189 0.103796 0.13939 0.151671 0.133754 0.0956765 0.0556987 0.0267714 0.0113479 0.00545409 0.00441958 0.00538377 0.00709789 0.00906847 0.0110204 0.0127148 0.0139357 0.0145269 0.0144261 0.0136788 0.0124218 0.0108466 0.00915347 0.00751125 0.00603411 0.00477741 0.00374838 0.0029241 0.00226912
 1.0057e-16 3.56597e-05 0.000209301 0.000994938 0.00383059 0.0119454 0.030173 0.0617377 0.102336 0.137431 0.149543 0.131886 0.0943602 0.0549723 0.026497 0.0113599 0.00564928 0.00476487 0.00588564 0.00777258 0.00992317 0.0120431 0.0138703 0.0151673 0.0157632 0.0155923 0.0147082 0.0132665 0.0114831 0.00958284 0.007755 0.00612689 0.00475915 0.00365766 0.00279375 0.00212424
 1.01852e-16 1.94831e-05 0.000114302 0.000543238 0.00209132 0.00652145 0.0164731 0.0337089 0.055887 0.0750871 0.0817952 0.0723526 0.052236 0.0313805 0.0169023 0.0102948 0.00959017 0.0123958 0.0171835 0.0231283 0.0296199 0.035994 0.0415114 0.0454711 0.0473623 0.0469823 0.0444806 0.0403077 0.0350936 0.0294974 0.0240757 0.019206 0.0150726 0.0117011 0.0090167 0.00690238
 1.05693e-16 1.82921e-05 0.000107326 0.000510107 0.00196382 0.00612389 0.0154687 0.0316525 0.0524736 0.0704889 0.0767544 0.0678182 0.0487989 0.0289909 0.0150321 0.00827695 0.0068401 0.00846882 0.0117773 0.0161137 0.0211054 0.0263867 0.0315327 0.036102 0.0397133 0.0421128 0.0432069 0.0430509 0.0418058 0.0396807 0.0368854 0.0336042 0.0299948 0.026198 0.022351 0.0185911
 1.03926e-16 3.21138e-05 0.000188487 0.000895992 0.00344964 0.0107574 0.0271722 0.0555976 0.0921578 0.123761 0.134665 0.118757 0.0849517 0.0494605 0.0237855 0.0101103 0.00491541 0.00406927 0.00505414 0.00679077 0.00887607 0.0111019 0.0132861 0.0152521 0.0168527 0.0179951 0.0186515 0.0188506 0.0186558 0.018139 0.0173608 0.0163629 0.0151727 0.0138142 0.0123197 0.0107359
 1.02314e-16 2.97906e-05 0.000174836 0.000831069 0.00319962 0.0099777 0.025203 0.0515693 0.0854843 0.114811 0.124956 0.110268 0.0790358 0.0463328 0.0228725 0.0107331 0.00669918 0.00696656 0.009186 0.0122826 0.0157414 0.019172 0.0221831 0.0244108 0.025591 0.025619 0.024571 0.0226761 0.0202513 0.0176237 0.015062 0.0127401 0.0107323 0.00903567 0.00760297 0.00637475
 1.01249e-16 3.44016e-05 0.000201915 0.000959822 0.00369539 0.0115237 0.029108 0.0595586 0.0987241 0.132581 0.144268 0.127238 0.0910448 0.0530611 0.0256145 0.0110496 0.00559887 0.00483051 0.00602919 0.00800425 0.010273 0.0125503 0.0145778 0.0161172 0.0169909 0.0171201 0.0165394 0.0153812 0.013837 0.0121101 0.0103736 0.00874699 0.00729242 0.00602613 0.00493659 0.00400167
 1.0082e-16 3.44013e-05 0.000201911 0.000959801 0.0036953 0.0115234 0.0291073 0.0595573 0.0987226 0.132581 0.144272 0.127252 0.0910772 0.0531254 0.0257297 0.0112421 0.00590079 0.00527655 0.00664947 0.00881489 0.0112659 0.0136851 0.0157797 0.0172818 0.0179984 0.017854 0.0169072 0.0153308 0.0133655 0.0112615 0.00922911 0.00740914 0.00586832 0.00461282 0.00361129 0.00281723
 1.01374e-16 2.80408e-05 0.000164558 0.000782198 0.00301144 0.00939085 0.0237207 0.0485368 0.0804593 0.108067 0.117632 0.103839 0.074505 0.0438312 0.021925 0.0107699 0.00736677 0.00815408 0.0109218 0.0146322 0.0187431 0.0228009 0.0263344 0.0289016 0.0301787 0.0300343 0.0285563 0.0260206 0.0228162 0.0193503 0.0159683 0.012905 0.0102769 0.00810336 0.00634291 0.00492858
 1.02254e-16 2.85892e-05 0.000167783 0.000797542 0.00307054 0.00957515 0.0241862 0.0494887 0.0820355 0.110179 0.119916 0.105822 0.0758529 0.0444752 0.0219725 0.0103429 0.00650711 0.0068231 0.0090481 0.0121644 0.0156918 0.0192668 0.0225183 0.02509 0.0267073 0.0272343 0.0266968 0.0252621 0.0231859 0.0207464 0.0181861 0.0156802 0.0133312 0.0111834 0.00924722 0.00751945
 1.02788e-16 2.73839e-05 0.000160706 0.000763891 0.00294097 0.00917108 0.0231655 0.0474006 0.0785751 0.105534 0.114868 0.101385 0.0727106 0.0427096 0.0212432 0.0102387 0.00676007 0.00732836 0.00979608 0.0131761 0.0169815 0.0208241 0.0243023 0.0270319 0.028721 0.0292315 0.0286031 0.027029 0.0247961 0.0222099 0.0195314 0.0169412 0.014536 0.0123473 0.0103702 0.0085887
 1.0128e-16 3.68394e-05 0.000216232 0.0010279 0.00395751 0.0123412 0.0311727 0.0637828 0.105724 0.141976 0.154475 0.136203 0.097379 0.0565895 0.0270123 0.0111298 0.00487874 0.00349345 0.00406534 0.00534688 0.00688139 0.00845262 0.00988889 0.0110345 0.011771 0.01204 0.0118537 0.0112845 0.0104423 0.00944496 0.0083935 0.00735863 0.00637926 0.00546997 0.00463219 0.00386375
 1.01098e-16 3.05253e-05 0.000179148 0.000851566 0.00327854 0.0102238 0.0258246 0.0528412 0.0875929 0.117643 0.128041 0.112994 0.0809982 0.0475001 0.0234795 0.0110679 0.00697147 0.00729063 0.00961277 0.0128258 0.0163862 0.019874 0.0228674 0.0249763 0.0259214 0.0255987 0.0241033 0.0216991 0.0187487 0.0156272 0.0126473 0.0100155 0.00782544 0.00607827 0.00471813 0.00366652
 1.01955e-16 2.81263e-05 0.000165064 0.000784608 0.00302073 0.00941983 0.0237939 0.0486862 0.080706 0.108396 0.117981 0.104129 0.0746709 0.0438454 0.0217788 0.0104474 0.00683188 0.00735524 0.00980884 0.0131773 0.0169608 0.0207627 0.0241738 0.0268035 0.0283551 0.0286896 0.0278507 0.026041 0.0235617 0.0207365 0.0178461 0.0150902 0.0125805 0.0103579 0.00841968 0.00674438
 1.01895e-16 3.25138e-05 0.00019083 0.000907123 0.00349247 0.010891 0.0275097 0.0562884 0.0933042 0.125305 0.136356 0.120273 0.0860911 0.0502346 0.0243638 0.0107069 0.00571584 0.00521376 0.00664099 0.0088707 0.0114348 0.0140412 0.0164157 0.0182999 0.0194957 0.0199061 0.0195516 0.0185544 0.0170996 0.0153867 0.0135877 0.0118241 0.0101642 0.0086349 0.00723994 0.00597567
 1.02164e-16 2.74266e-05 0.000160954 0.000765062 0.00294547 0.0091851 0.023201 0.0474734 0.0786965 0.1057 0.115055 0.101564 0.0728723 0.0428705 0.0214445 0.010535 0.00721006 0.00798859 0.0107128 0.0143734 0.0184467 0.0224966 0.0260696 0.0287377 0.0301855 0.0302797 0.0290959 0.026888 0.0240164 0.0208584 0.0177317 0.0148504 0.0123189 0.0101544 0.00832176 0.00676755
 1.06694e-16 5.06446e-06 2.96412e-05 0.000140728 0.00054152 0.00168842 0.0042654 0.00873201 0.0144912 0.0195124 0.0213683 0.0191694 0.014423 0.00983349 0.00742419 0.00780083 0.0106787 0.0156131 0.022263 0.0302829 0.0391587 0.0481537 0.0563825 0.0629694 0.0672332 0.0688302 0.0678125 0.0645772 0.0597372 0.0539581 0.0478203 0.0417399 0.0359598 0.0305874 0.0256536 0.0211632
pSPR Fmed_Fpbrs
0.539678   0.350316 0.350316
Fs Fmed_Fpbrs
0.457328   1.005 1.005
SSBpbr Bo_Bmed_Bpbrs
908831  445035  272937 272937
Ro
29143.9
SPR SPRFo_SPRFmed_SPRFpbrs
599280 323418 209937
log_Ro
10.1
likeval ReclasPelacesDesembMPH_pf_preclas_ppelaces_ptallas_desvR_qrecl_qpela
 86.6574 70.9717 0.0521548 0.000669506 326.855 191.654 79.7924 0 27.5363 1.77142e-05 0 0 0 0 0
q_reclas_q_pelaces
0.550787 1
M
0.7
N
 16384.7 24953.2 11285.6 1517.9 0.19161
 32196.4 7822.21 9455.49 4276.43 575.248
 5087.97 14960.6 2461.46 2975.41 1526.7
 25328.9 2085.74 1991.08 327.592 599.18
 56686.7 11553.2 577.846 551.621 256.758
 25133.3 27846.6 5325.98 266.385 372.66
 58775.3 11489.3 7832.49 1498.05 179.746
 74907.1 27303.9 3609.08 2460.39 527.041
 111972 32955.4 5903.27 780.306 645.901
 195755 49598.3 7465.75 1337.33 323.094
 61262.8 91503 16257.6 2447.17 544.264
 30906.4 28163.6 26752.7 4753.23 874.603
 49796.9 14297.1 8594.33 8163.79 1717.38
 22097.6 21828.8 3015.07 1812.43 2083.81
 14783.8 8883.22 2540.16 350.854 453.394
 16162.4 5825.64 901.336 257.737 81.6031
 11241.5 7259.98 1452.75 224.767 84.6216
 11267.9 5177.8 2150.68 430.358 91.6525
 10190.3 5282.46 1731.66 719.271 174.581
 29547.1 4789.53 1797.99 589.404 304.24
 33579.3 13744.4 1518.38 570.002 283.305
 36468.7 16299.5 5837.08 644.84 362.389
 65963.5 17595.7 6641.8 2378.52 410.431
 59520.3 31561.9 6770.34 2555.58 1073.11
 4814.9 28508.2 12229.9 2623.44 1406.08
pred_Ctot
 456.028 4318.46 1953.11 262.691 0.0331605
 1494.06 2115.22 2556.88 1156.4 155.554
 645.569 8467.84 1393.21 1684.11 864.131
 1491.39 685.56 654.446 107.676 196.944
 439.383 598.018 29.9106 28.5531 13.2904
 1442.86 8969.04 1715.43 85.7993 120.029
 2737.59 3116.53 2124.61 406.356 48.7572
 6186.94 11619.2 1535.85 1047.02 224.283
 8754.71 13473 2413.4 319.008 264.06
 8292.69 12416.7 1869.02 334.795 80.8852
 3285.66 27892.7 4955.79 745.966 165.907
 1527.77 8028.11 7625.93 1354.92 249.308
 4229.54 6207.96 3731.76 3544.82 745.707
 3064.06 13011.6 1797.2 1080.34 1242.1
 2224.6 5539.92 1584.14 218.806 282.754
 1115.82 2168.84 335.56 95.9533 30.3802
 588.436 2169.53 434.13 67.168 25.2878
 454.828 1243.73 516.603 103.374 22.0154
 393.481 1221.24 400.34 166.287 40.361
 1349.43 1277.91 479.726 157.26 81.1751
 544.524 1444.07 159.531 59.888 29.7658
 745.756 2127.34 761.83 84.1617 47.2975
 1733.75 2891.42 1091.42 390.851 67.4442
 1521.92 5058.31 1085.06 409.573 171.983
 134.355 4945.12 2121.44 455.07 243.903
F
 0.0393785 0.270405 0.270405 0.270405 0.270405
 0.0664375 0.456214 0.456214 0.456214 0.456214
 0.191754 1.31674 1.31674 1.31674 1.31674
 0.0849844 0.583572 0.583572 0.583572 0.583572
 0.0108296 0.0743647 0.0743647 0.0743647 0.0743647
 0.0827791 0.568429 0.568429 0.568429 0.568429
 0.0666919 0.457961 0.457961 0.457961 0.457961
 0.121093 0.831522 0.831522 0.831522 0.831522
 0.114293 0.78483 0.78483 0.78483 0.78483
 0.060493 0.415394 0.415394 0.415394 0.415394
 0.0771446 0.529738 0.529738 0.529738 0.529738
 0.0709101 0.486926 0.486926 0.486926 0.486926
 0.12472 0.856432 0.856432 0.856432 0.856432
 0.211307 1.45101 1.45101 1.45101 1.45101
 0.231263 1.58804 1.58804 1.58804 1.58804
 0.100311 0.688814 0.688814 0.688814 0.688814
 0.0752305 0.516594 0.516594 0.516594 0.516594
 0.0575667 0.3953 0.3953 0.3953 0.3953
 0.0550069 0.377722 0.377722 0.377722 0.377722
 0.0653555 0.448785 0.448785 0.448785 0.448785
 0.0227762 0.1564 0.1564 0.1564 0.1564
 0.0287981 0.197751 0.197751 0.197751 0.197751
 0.0371504 0.255105 0.255105 0.255105 0.255105
 0.0361253 0.248066 0.248066 0.248066 0.248066
 0.0394814 0.271112 0.271112 0.271112 0.271112
YTP_r0W_actual
 1504.78 108793 70007.5 18703.4 10439
YTP_p0W_proyectada
 22397.8 23722.7 162440 90904.4 30714.9
 22397.8 118151 6286.85 38517.6 22310.3
CTP_r0_actual
 134.355 4945.12 2121.44 455.07 243.903
CTP_p0_proyectada
 2635.04 1108.54 5206.4 2233.52 660.535
 2635.04 5521.06 201.502 946.379 479.791
Wmedp
 8.5 21.4 31.2 40.7 46.5
nmprior
 10.6 11 7 0
nm_flota  nm_reclas  nm_pelaces    nm_pelaL
inf 28.3879 22.8242 58.3332
cv_recla  cv_pelaces  cv_mph
0.84203 0.955245 0.83949
 ------------------------------------------------
Talla a la edad & desviaci?n 
 7.2 14.2025 17.0495 18.207 18.6776
 1.08 2.13037 2.55742 2.73105 2.80164
