years
 1997 1998 1999 2000 2001 2002 2003 2004 2005 2006 2007 2008 2009 2010 2011 2012 2013 2014 2015 2016 2017 2018 2019 2020 2021
reclasobs
 0 0 0 370054 412103 1.49427e+06 250295 1.28982e+06 931140 785840 897777 1.04006e+06 184774 17550 25797 100020 73551 82996 120727 218422 84188 347160 605670 569463 516374
reclaspred
 401776 116102 386789 282856 392549 466924 1.01297e+06 653446 694306 593610 457830 306282 187496 89869.7 66096.3 69329 88293.3 122211 129479 185590 265694 241089 418255 532574 621970
pelacesobs
 0 0 0 0 0 0 0 0 0 2.06254e+06 1.5e+06 0 1.87456e+06 323000 250000 174000 83755 137374 0 501740 490994 745055 786931 1.00524e+06 1.33801e+06
pelacespred
 1.39668e+06 361193 727463 809872 953517 959421 2.30535e+06 1.90921e+06 1.76655e+06 1.53646e+06 1.06902e+06 735161 448192 182258 131494 146223 193608 269563 295595 410613 649141 578750 790702 1.19416e+06 1.39717e+06
mphobs
 0 0 0 0 0 112323 0 153150 637223 0 255016 313432 73983 77613 109348 50772 0 0 0 0 0 0 0 0 0
mphpred
 146114 96669.3 125694 167945 168263 250200 379138 438472 363424 348187 307291 214255 132294 70325.2 35788.6 31957.1 39316.3 55142.4 68999.8 79282.1 117949 137946 172080 245906 338598
desembarqueobs
 350755 77701 442110 56441 14545 235359 269955 359681 431902 328805 639364 411747 362871 311530 167758 66681 60226 58785 57116 73181 50977 67692 138656 160484 209506
desembarquepred
 350764 77703.6 442140 56442.5 14545.1 235393 269981 359703 431962 328854 639705 412068 363311 312087 167843 66696.4 60245.1 58788.2 57114.4 73182.7 50977.9 67688.9 138659 160490 209508
Reclutas
 66596.1 84877.8 54152.6 82750.6 138799 102482 156761 137716 155249 142973 68694.7 40936.2 42636.1 24448.8 19700.9 25516.8 21644.6 24490.3 27738.7 49782.2 61988.6 78762.1 129081 154747 66567
log_desv_Rt
 0.0464011 0.288968 -0.160439 0.263586 0.780779 0.477442 0.902477 0.772947 0.892789 0.810414 0.0774279 -0.44023 -0.399543 -0.955663 -1.17158 -0.912907 -1.07749 -0.953969 -0.829416 -0.244587 -0.0252945 0.214187 0.708193 0.889544 0.0459646
SSB
 835130 552523 718416 959904 961724 1.43004e+06 2.167e+06 2.50613e+06 2.07719e+06 1.99009e+06 1.75635e+06 1.22459e+06 756141 401950 204553 182654 224716 315172 394375 453145 674150 788443 983541 1.4055e+06 1.93529e+06
BT
 2.79511e+06 777403 1.54475e+06 1.50965e+06 1.71798e+06 1.90384e+06 4.31067e+06 3.82892e+06 3.55953e+06 3.07117e+06 2.49988e+06 1.69934e+06 1.16137e+06 628682 379426 317209 396264 529628 578529 795024 1.20384e+06 1.09977e+06 1.51127e+06 2.26985e+06 2.66566e+06
Ftot
 0.353196 0.268965 0.369706 0.0682313 0.0142102 0.145187 0.0903131 0.181474 0.209799 0.177944 0.388987 0.363772 0.571035 0.98767 0.876971 0.341426 0.243237 0.162962 0.138067 0.143293 0.0670529 0.0891561 0.106582 0.102355 0.0938953
BD_Bspro_t
 0.957227 0.799416 0.774441 0.680089 0.781746 0.875378 0.851901 0.855567 0.808733 0.76993 0.728064 0.582294 0.470071 0.358063 0.242366 0.262963 0.38603 0.5552 0.661615 0.736935 0.819181 0.873634 0.877416 0.881004 0.883583
BD_Bspro
 0.638814 0.42264 0.549536 0.734257 0.735649 1.09388 1.6576 1.91701 1.5889 1.52228 1.34348 0.936725 0.578393 0.307463 0.156468 0.139717 0.171892 0.241084 0.301668 0.346623 0.515676 0.603102 0.752338 1.0751 1.48036
BD_Bo
 0.55725 0.368677 0.479371 0.640506 0.641721 0.954212 1.44595 1.67224 1.38603 1.32791 1.17195 0.817123 0.504543 0.268206 0.13649 0.121878 0.149944 0.210302 0.263151 0.302366 0.449834 0.526097 0.656279 0.937834 1.29134
BD_Brms
 1.96572 1.30052 1.691 2.25941 2.2637 3.36602 5.10066 5.89891 4.88926 4.68426 4.13409 2.88243 1.7798 0.946107 0.481476 0.429929 0.528935 0.741848 0.928277 1.06661 1.58681 1.85583 2.31505 3.30825 4.55527
S_f
 0.200229 1 1 1 1
 0.200229 1 1 1 1
 0.200229 1 1 1 1
 0.200229 1 1 1 1
 0.200229 1 1 1 1
 0.200229 1 1 1 1
 0.200229 1 1 1 1
 0.200229 1 1 1 1
 0.200229 1 1 1 1
 0.200229 1 1 1 1
 0.200229 1 1 1 1
 0.200229 1 1 1 1
 0.200229 1 1 1 1
 0.200229 1 1 1 1
 0.200229 1 1 1 1
 0.200229 1 1 1 1
 0.200229 1 1 1 1
 0.200229 1 1 1 1
 0.200229 1 1 1 1
 0.200229 1 1 1 1
 0.200229 1 1 1 1
 0.200229 1 1 1 1
 0.200229 1 1 1 1
 0.200229 1 1 1 1
 0.200229 1 1 1 1
Scru_reclas
 1 1 1 1 1
 1 1 1 1 1
 1 1 1 1 1
 1 1 1 1 1
 1 1 1 1 1
 1 1 1 1 1
 1 1 1 1 1
 1 1 1 1 1
 1 1 1 1 1
 1 1 1 1 1
 1 1 1 1 1
 1 1 1 1 1
 1 1 1 1 1
 1 1 1 1 1
 1 1 1 1 1
 1 1 1 1 1
 1 1 1 1 1
 1 1 1 1 1
 1 1 1 1 1
 1 1 1 1 1
 1 1 1 1 1
 1 1 1 1 1
 1 1 1 1 1
 1 1 1 1 1
 1 1 1 1 1
Scru_pelaces
 1 1 1 1 1
 1 1 1 1 1
 1 1 1 1 1
 1 1 1 1 1
 1 1 1 1 1
 1 1 1 1 1
 1 1 1 1 1
 1 1 1 1 1
 1 1 1 1 1
 1 1 1 1 1
 1 1 1 1 1
 1 1 1 1 1
 1 1 1 1 1
 1 1 1 1 1
 1 1 1 1 1
 1 1 1 1 1
 1 1 1 1 1
 1 1 1 1 1
 1 1 1 1 1
 1 1 1 1 1
 1 1 1 1 1
 1 1 1 1 1
 1 1 1 1 1
 1 1 1 1 1
 1 1 1 1 1
pf_obs 
 0.256992 0.487395 0.22802 0.0275931 0
 0.321318 0.546541 0.124235 0.00734118 0.000564706
 0.182869 0.594174 0.210203 0.0122559 0.00049798
 0.330522 0.361315 0.267642 0.0388342 0.00168674
 0.649043 0.306663 0.0425973 0.00169635 0
 0.582887 0.30429 0.105238 0.00758474 0
 0.465427 0.430635 0.0974691 0.00646863 0
 0.296916 0.608066 0.0921331 0.00288517 0
 0.311714 0.524322 0.152257 0.0117073 0
 0.15457 0.633149 0.183074 0.0267441 0.00246327
 0.131901 0.49318 0.331252 0.0422183 0.00144891
 0.196976 0.569456 0.194076 0.0375587 0.00193317
 0.518974 0.381816 0.0799577 0.0180837 0.00116848
 0.0928022 0.601141 0.25162 0.0475244 0.00691264
 0.122501 0.610282 0.24278 0.0234846 0.000952079
 0.383417 0.481906 0.127806 0.00687128 0
 0.0376549 0.599619 0.316969 0.0457579 0
 0.0361596 0.667082 0.258105 0.0386534 0
 0.158088 0.579412 0.248529 0.0139706 0
 0.0477256 0.309471 0.559284 0.082774 0.000745712
 0.0406174 0.521527 0.379366 0.0568643 0.0016247
 0.151134 0.462217 0.34131 0.0453401 0
 0.294876 0.26143 0.354403 0.0886775 0.000613685
 0.281977 0.475581 0.204845 0.0348837 0.00271318
 0.0841818 0.532909 0.334909 0.0458182 0.00218182
pf_pred 
 0.370819 0.4439 0.165685 0.0195851 1.02981e-05
 0.319424 0.528067 0.107598 0.040161 0.00474979
 0.182645 0.593442 0.173737 0.0354005 0.0147759
 0.279043 0.410618 0.225323 0.0659658 0.0190514
 0.314528 0.456457 0.130435 0.0715749 0.0270062
 0.179688 0.572199 0.165218 0.047212 0.0356823
 0.260953 0.398183 0.237766 0.0686531 0.034445
 0.19916 0.51851 0.152113 0.0908309 0.0393854
 0.225408 0.444767 0.213548 0.0626476 0.0536294
 0.202169 0.490818 0.176285 0.0846406 0.0460869
 0.116967 0.510728 0.229039 0.0822629 0.0610035
 0.114924 0.391044 0.285738 0.128141 0.0801535
 0.19152 0.350852 0.202189 0.147741 0.107698
 0.177017 0.49969 0.140298 0.0808507 0.102144
 0.249484 0.475786 0.166808 0.0468345 0.0610877
 0.333787 0.477377 0.119712 0.0419702 0.0271541
 0.228873 0.574769 0.140701 0.0352836 0.0203735
 0.240145 0.473769 0.213237 0.0521996 0.0206486
 0.237609 0.479939 0.176109 0.0792643 0.027079
 0.327786 0.419184 0.159287 0.0584487 0.0352943
 0.276399 0.522498 0.125405 0.0476529 0.0280445
 0.262041 0.489151 0.179659 0.04312 0.0260283
 0.31172 0.446435 0.160306 0.0588782 0.0226614
 0.264745 0.517279 0.141385 0.0507683 0.0258233
 0.106741 0.583432 0.217974 0.0595774 0.0322746
pobs_RECLAS
 0 0 0 0 0
 0 0 0 0 0
 0 0 0 0 0
 0 0 0 0 0
 0.835266 0.146461 0.0176864 0.000547809 3.91292e-05
 0.385257 0.428462 0.181853 0.0044286 0
 0.867414 0.0963971 0.0333333 0.00285562 0
 0.441836 0.489002 0.0689373 0.000224442 0
 0.779404 0.147425 0.0564933 0.0165055 0.000172143
 0.814271 0.122319 0.05973 0.00367925 0
 0.40263 0.566651 0.0304383 0.000280538 0
 0.475488 0.404961 0.113038 0.00651328 0
 0.955842 0.0263864 0.0167828 0.000988607 0
 0.975058 0.0227948 0.00214734 0 0
 0.738997 0.206755 0.0527124 0.00153531 0
 0.850938 0.134255 0.0134407 0.00136685 0
 0.542534 0.407297 0.0501686 0 0
 0.764087 0.199537 0.0359546 0.000420521 0
 0.470689 0.182191 0.310203 0.0369168 0
 0.84361 0.089868 0.0606195 0.00523954 0.000663233
 0.607945 0.314616 0.071237 0.00620181 0
 0.523733 0.453247 0.0230204 0 0
 0.530135 0.295979 0.169645 0.0042399 0
 0.562478 0.366248 0.0663022 0.0049721 0
 0.250443 0.683176 0.0655157 0.000865301 0
ppred_RECLAS
 0.750402 0.176096 0.0657278 0.00776944 4.08528e-06
 0.704147 0.229556 0.0467741 0.0174584 0.00206478
 0.532991 0.339073 0.0992675 0.0202267 0.00844246
 0.659803 0.193757 0.106323 0.0311272 0.00898973
 0.696339 0.202208 0.0577821 0.0317074 0.0119636
 0.524323 0.331803 0.0958056 0.027377 0.0206912
 0.639172 0.194407 0.116086 0.0335188 0.0168173
 0.556365 0.287235 0.084265 0.0503169 0.021818
 0.595148 0.232464 0.111614 0.0327437 0.0280302
 0.560937 0.270107 0.0970134 0.0465794 0.0253626
 0.403878 0.344784 0.15462 0.0555344 0.0411825
 0.398634 0.265695 0.194145 0.0870652 0.0544604
 0.551586 0.194596 0.112142 0.0819425 0.0597336
 0.53848 0.280221 0.0786774 0.0453402 0.0572813
 0.640317 0.22802 0.0799422 0.0224453 0.0292762
 0.718594 0.201642 0.0505659 0.0177281 0.0114698
 0.600407 0.297841 0.0729103 0.0182837 0.0105574
 0.614196 0.240549 0.108268 0.0265035 0.010484
 0.610542 0.245171 0.089963 0.0404912 0.013833
 0.710437 0.180568 0.0686144 0.0251774 0.0152034
 0.656826 0.2478 0.0594744 0.0225998 0.0133004
 0.640456 0.238322 0.0875325 0.0210087 0.0126813
 0.694571 0.198109 0.0711367 0.0261276 0.0100561
 0.643821 0.250585 0.0684908 0.0245936 0.0125096
 0.374845 0.40832 0.152551 0.0416958 0.0225877
pobs_PELACES
 0 0 0 0 0
 0 0 0 0 0
 0 0 0 0 0
 0 0 0 0 0
 0 0 0 0 0
 0 0 0 0 0
 0 0 0 0 0
 0 0 0 0 0
 0 0 0 0 0
 0 0 0 0 0
 0.450072 0.473896 0.0757376 0.000293798 0
 0 0 0 0 0
 0.463077 0.371075 0.160297 0.00555027 0
 0.529543 0.364841 0.0842815 0.0213345 0
 0.631943 0.363953 0.00410389 0 0
 0.735681 0.248677 0.0153453 0.000297389 0
 0.695825 0.281241 0.0229344 0 0
 0.275771 0.60734 0.115278 0.00161068 0
 0 0 0 0 0
 0.896147 0.0623911 0.0374545 0.00400742 0
 0.803859 0.145111 0.0509908 3.86294e-05 0
 0.739449 0.233085 0.0266225 0.000797448 4.60066e-05
 0.878498 0.100942 0.0204185 0.000141795 0
 0.694673 0.275183 0.0284847 0.00165964 0
 0.469039 0.446079 0.0841089 0.000773354 0
ppred_PELACES
 0.767452 0.164068 0.0612381 0.00723874 3.80623e-06
 0.718718 0.21825 0.0444704 0.0165985 0.00196309
 0.557181 0.321509 0.0941256 0.0191789 0.00800515
 0.663834 0.191462 0.105063 0.0307584 0.00888323
 0.697131 0.201681 0.0576313 0.0316246 0.0119324
 0.53387 0.325144 0.0938828 0.0268275 0.0202759
 0.64465 0.191455 0.114323 0.0330099 0.0165619
 0.568152 0.279603 0.0820261 0.04898 0.0212383
 0.608416 0.224846 0.107956 0.0316706 0.0271116
 0.572469 0.263013 0.0944655 0.0453561 0.0246964
 0.42882 0.330359 0.148151 0.0532109 0.0394594
 0.421858 0.255434 0.186647 0.0837029 0.0523572
 0.588506 0.178574 0.102909 0.0751959 0.0548155
 0.602261 0.241495 0.0678044 0.0390743 0.0493652
 0.691724 0.19543 0.0685165 0.0192373 0.0250919
 0.736452 0.188846 0.047357 0.0166031 0.0107419
 0.615705 0.286439 0.070119 0.0175837 0.0101533
 0.624336 0.234226 0.105422 0.0258069 0.0102085
 0.619171 0.239739 0.0879697 0.039594 0.0135265
 0.718155 0.175755 0.0667856 0.0245063 0.0147982
 0.660803 0.244927 0.058785 0.0223379 0.0131462
 0.645856 0.234742 0.0862178 0.0206931 0.0124909
 0.700505 0.194259 0.0697545 0.0256199 0.00986075
 0.649991 0.246244 0.0673043 0.0241676 0.0122929
 0.38067 0.404516 0.15113 0.0413073 0.0223772
pobs_pel_tallas
 0 0 0 0 0 0 0 0 0 0 0 0 0 0 0 0 0 0 0 0 0 0 0 0 0 0 0 0 0 0 0 0 0 0 0 0
 0 0 0 0 0 0 0 0 0 0 0 0 0 0 0 0 0 0 0 0 0 0 0 0 0 0 0 0 0 0 0 0 0 0 0 0
 0 0 0 0 0 0 0 0 0 0 0 0 0 0 0 0 0 0 0 0 0 0 0 0 0 0 0 0 0 0 0 0 0 0 0 0
 0 0 0 0 0 0 0 0 0 0 0 0 0 0 0 0 0 0 0 0 0 0 0 0 0 0 0 0 0 0 0 0 0 0 0 0
 0 0 0 0 0 0 0 0 0 0 0 0 0 0 0 0 0 0 0 0 0 0 0 0 0 0 0 0 0 0 0 0 0 0 0 0
 0 0 0 0 0 0 0 0 0 0 0 0 0 0 0 0 0 0 0 0 0 0 0 0 0 0 0 0 0 0 0 0 0 0 0 0
 0 0 0 0 0 0 0 0 0 0 0 0 0 0 0 0 0 0 0 0 0 0 0 0 0 0 0 0 0 0 0 0 0 0 0 0
 0 0 0 0 0 0 0 0 0 0 0 0 0 0 0 0 0 0 0 0 0 0 0 0 0 0 0 0 0 0 0 0 0 0 0 0
 0 0 0 0 0 0 0 0 0 0 0 0 0 0 0 0 0 0 0 0 0 0 0 0 0 0 0 0 0 0 0 0 0 0 0 0
 0 0 0 0 0 0 0 0 0 0 0 0 0 0 0 0 0 0 0 0 0 0 0 0 0 0 0 0 0 0 0 0 0 0 0 0
 0 0 0 0 0 0 0 0 1.78061e-05 0.00172719 0.00360574 0.0105946 0.0120993 0.0124554 0.0147524 0.0171206 0.0266825 0.0428682 0.0675386 0.121331 0.153587 0.119568 0.100827 0.0573624 0.0630603 0.0341343 0.0324427 0.0444173 0.0211091 0.0280891 0.0125444 0.00206551 0 0 0 0
 0 0 0 0 0 0 0 0 0 0 0 0 0 0 0 0 0 0 0 0 0 0 0 0 0 0 0 0 0 0 0 0 0 0 0 0
 0 0 0 0 0 0 0.0133647 0.0140871 0.0187388 0.0205184 0.03894 0.0496705 0.03968 0.0493445 0.0407372 0.0367815 0.0215668 0.0243155 0.0234873 0.0199281 0.019796 0.0243948 0.0301388 0.0376714 0.0412746 0.0863199 0.0771752 0.113111 0.0741005 0.0525337 0.0229764 0.00759418 0.00175318 0 0 0
 0 0 0 0 0 0 0 0 0 0 0.00219441 0.00772107 0.0458388 0.0604681 0.0671733 0.0775358 0.0609151 0.0617685 0.073594 0.0568108 0.0755445 0.0548602 0.0670107 0.0636378 0.0643287 0.046367 0.0373049 0.0286899 0.0247887 0.0153202 0.00654259 0.00121912 0.000365735 0 0 0
 0 0 0 0 0 0 0 0 0 0 0 0 0.000112435 0.00938835 0.0111873 0.0202946 0.0414886 0.0713402 0.111592 0.104902 0.108894 0.110636 0.117776 0.105296 0.107544 0.0401394 0.0192827 0.0124803 0.00416011 0.0028671 0.000618394 0 0 0 0 0
 0 0 0 0 0 0 0 0 0 0 0.00291406 0.0102884 0.027416 0.0768956 0.0749926 0.110853 0.0956884 0.0897413 0.0766577 0.0534642 0.0500743 0.0551293 0.0594112 0.0620874 0.0668451 0.0424026 0.0208742 0.0120726 0.0048766 0.00582813 0.00118941 0.000297354 0 0 0 0
 0 0.00264628 0.0354308 0.0461629 0.0458689 0.0383711 0.0214643 0.0164657 0.0346957 0.0420465 0.0363128 0.0245516 0.0311673 0.0291091 0.0169068 0.0133784 0.00837989 0.0085269 0.0148486 0.0160247 0.0276389 0.0546898 0.0760071 0.122758 0.109233 0.0665981 0.0333725 0.0166128 0.00676272 0.00308733 0.000882094 0 0 0 0 0
 0 0 0 0 0 0 0 0.000805153 0.000690131 0.00759144 0.0133425 0.0154129 0.00931677 0.000345066 0.00356568 0.00563607 0.00851162 0.0253048 0.0502646 0.0516448 0.0657925 0.0565908 0.0611916 0.0827007 0.0866115 0.110766 0.145733 0.0935128 0.0569358 0.0249597 0.0138026 0.00621118 0.00161031 0.00115022 0 0
 0 0 0 0 0 0 0 0 0 0 0 0 0 0 0 0 0 0 0 0 0 0 0 0 0 0 0 0 0 0 0 0 0 0 0 0
 0.00147267 0.00158595 0.00478618 0.00569244 0.00954404 0.0108468 0.00647125 0.017049 0.0510054 0.094081 0.124002 0.0959785 0.0687766 0.0820023 0.061753 0.0591476 0.0492212 0.0479892 0.0443925 0.0268479 0.0217502 0.0140895 0.0121071 0.0120363 0.00920419 0.00665534 0.0049561 0.00860946 0.00930331 0.0156896 0.0114698 0.00855282 0.00243557 0.00046729 0 2.83206e-05
 0 0 0 0 0.000772559 0.00158375 0.000888443 0.00281984 0.00712685 0.0440552 0.0773331 0.111326 0.0921469 0.0852325 0.0710754 0.0886704 0.0786465 0.0553345 0.0373146 0.0185414 0.00753245 0.00457741 0.012979 0.0271748 0.0457355 0.0583668 0.034881 0.0177882 0.00938659 0.00492506 0.0015258 0.00185414 0.000309023 5.79419e-05 3.86279e-05 0
 0 0.00173294 0.00326652 0 0.00397197 0.00683976 0.00946217 0.0152591 0.00757587 0.0136028 0.0228656 0.0392903 0.0559909 0.0764795 0.0681675 0.0726916 0.0566044 0.0477403 0.0527397 0.0444891 0.0609904 0.0582453 0.0661739 0.0445044 0.0529084 0.0360697 0.0280645 0.0235558 0.0158879 0.00826598 0.00280645 0.00217768 0.000904811 0.00058276 9.20147e-05 0
 0 0 0 0 0 0 0 0 0 0 0 0 0 0 0 0 0 0 0 0 0 0 0 0 0 0 0 0 0 0 0 0 0 0 0 0
 0 0 0 0 0 0 0 0 0 0 0 0 0 0 0 0 0 0 0 0 0 0 0 0 0 0 0 0 0 0 0 0 0 0 0 0
 0 0 0 0 0 0 0 0 0 0 0 0 0 0 0 0 0 0 0 0 0 0 0 0 0 0 0 0 0 0 0 0 0 0 0 0
ppred_pel_tallas
 1.01172e-16 3.34839e-05 0.000196526 0.0009342 0.00359673 0.0112161 0.0283309 0.0579687 0.0960892 0.129044 0.140423 0.123856 0.0886452 0.0517038 0.0250366 0.0109337 0.00573642 0.00513822 0.00649938 0.00865798 0.0111334 0.0136294 0.0158705 0.017599 0.0186192 0.0188384 0.018284 0.0170875 0.0154458 0.0135715 0.0116498 0.0098138 0.00813949 0.00665664 0.005366 0.00425546
 1.01365e-16 3.1361e-05 0.000184058 0.000874915 0.00336845 0.0105042 0.0265328 0.05429 0.0899933 0.120863 0.131536 0.116053 0.0831389 0.0486497 0.023852 0.0109175 0.00644614 0.00642171 0.00837002 0.011173 0.0143188 0.0174413 0.0201804 0.0222007 0.0232563 0.023245 0.0222294 0.0204128 0.0180827 0.0155402 0.0130395 0.0107529 0.00876494 0.00708986 0.00569877 0.00454615
 1.02474e-16 2.43216e-05 0.00014272 0.00067837 0.00261166 0.00814414 0.0205717 0.0420939 0.0697814 0.0937325 0.102047 0.090126 0.0647619 0.0382939 0.019517 0.010188 0.00774388 0.00912637 0.0124302 0.016737 0.0215217 0.0263017 0.0305572 0.0337916 0.0356319 0.0359113 0.0346998 0.0322724 0.0290287 0.025393 0.0217284 0.0182871 0.0152025 0.0125123 0.0101964 0.00821195
 1.03026e-16 2.89669e-05 0.000170004 0.000808107 0.00311123 0.00970205 0.0245067 0.0501442 0.083121 0.111634 0.121491 0.10719 0.0767889 0.0449334 0.022031 0.0100914 0.00598079 0.00600154 0.00788633 0.0106267 0.0137789 0.0170335 0.0200805 0.0226184 0.0244066 0.025312 0.0253292 0.0245655 0.0232003 0.0214339 0.0194442 0.0173638 0.0152775 0.0132349 0.0112682 0.00940577
 1.02529e-16 3.04191e-05 0.000178529 0.000848635 0.00326727 0.0101887 0.0257358 0.0526592 0.0872898 0.117232 0.127582 0.112561 0.0806291 0.0471651 0.0230952 0.0105245 0.00615492 0.00609379 0.00794844 0.0106471 0.0137114 0.016808 0.019609 0.0218054 0.0231642 0.0235772 0.0230808 0.0218346 0.0200721 0.0180396 0.0159444 0.0139265 0.0120564 0.0103515 0.00880088 0.00738703
 1.03308e-16 2.33052e-05 0.000136753 0.000650001 0.00250244 0.00780352 0.0197113 0.0403336 0.0668637 0.089815 0.0977866 0.0863737 0.0620887 0.0367596 0.0188209 0.00996473 0.00774474 0.00923819 0.0126232 0.0170168 0.0219048 0.0268064 0.0312004 0.0345876 0.0365922 0.0370441 0.0360096 0.0337587 0.0306838 0.0272001 0.0236596 0.0203032 0.0172545 0.0145449 0.0121531 0.0100405
 1.03594e-16 2.81304e-05 0.000165093 0.00078476 0.00302134 0.00942173 0.0237986 0.0486955 0.0807198 0.108409 0.117984 0.1041 0.0745847 0.0436629 0.0214445 0.00988536 0.00594715 0.00604414 0.00797879 0.0107743 0.0139993 0.0173503 0.0205199 0.0232068 0.0251672 0.0262616 0.0264748 0.0259012 0.0247059 0.0230755 0.0211763 0.019133 0.0170277 0.0149126 0.0128273 0.0108109
 1.03931e-16 2.47982e-05 0.000145522 0.000691701 0.00266301 0.00830427 0.0209761 0.0429211 0.0711511 0.0955681 0.104034 0.0918545 0.0659461 0.0388778 0.0196007 0.00988589 0.00710151 0.00811771 0.0109958 0.0148253 0.0191227 0.0234694 0.027421 0.0305511 0.0325359 0.0332235 0.0326592 0.0310576 0.0287341 0.0260211 0.0231973 0.0204498 0.0178717 0.0154861 0.01328 0.0112344
 1.03961e-16 2.65517e-05 0.000155822 0.000740678 0.0028516 0.00889239 0.0224616 0.0459601 0.0761868 0.102325 0.111373 0.0982927 0.0704788 0.0413699 0.0205246 0.00980837 0.00637294 0.00684769 0.00915953 0.0123688 0.016029 0.0197951 0.0233086 0.0262203 0.028255 0.0292655 0.0292557 0.0283608 0.026798 0.0248044 0.0225855 0.0202874 0.0179961 0.0157539 0.0135831 0.0115044
 1.0414e-16 2.49857e-05 0.000146625 0.000696946 0.00268321 0.00836727 0.0211352 0.0432465 0.0716901 0.0962905 0.104817 0.0925355 0.0664138 0.0391111 0.0196401 0.00977855 0.00686834 0.00775268 0.0104809 0.0141469 0.0182833 0.0224963 0.0263684 0.0294963 0.0315694 0.0324339 0.032118 0.0308066 0.0287791 0.0263334 0.0237215 0.0211156 0.0186065 0.016225 0.0139728 0.0118482
 1.05883e-16 1.87248e-05 0.000109862 0.000522153 0.00201019 0.00626846 0.0158339 0.0324002 0.0537144 0.0721594 0.0785832 0.0694575 0.0500288 0.0298217 0.0156436 0.00889424 0.0076524 0.00960954 0.0133257 0.0180882 0.0234465 0.0289419 0.0340574 0.0382838 0.0412205 0.0426566 0.0426035 0.0412658 0.0389668 0.0360571 0.0328376 0.0295196 0.026223 0.0230028 0.0198841 0.016891
 1.08056e-16 1.84182e-05 0.000108069 0.000513645 0.00197745 0.0061664 0.015576 0.031872 0.0528368 0.070975 0.0772787 0.0682698 0.0490982 0.0291169 0.0150017 0.00810591 0.00652021 0.00796696 0.0110466 0.0151077 0.0197916 0.0247596 0.0296249 0.0339906 0.0375206 0.0399988 0.0413558 0.0416522 0.041032 0.0396662 0.0377075 0.0352716 0.0324434 0.0292971 0.0259179 0.0224138
 1.06665e-16 2.56815e-05 0.000150718 0.000716422 0.00275822 0.00860123 0.0217261 0.0444548 0.0736905 0.0989695 0.107712 0.0950424 0.0681059 0.0398922 0.019635 0.00912583 0.00559901 0.00579135 0.00770874 0.0104728 0.0137037 0.0171372 0.0205032 0.0235326 0.0260018 0.0277725 0.0288076 0.0291569 0.0289218 0.0282139 0.0271233 0.025707 0.0239964 0.0220163 0.0198045 0.0174229
 1.04691e-16 2.62839e-05 0.000154248 0.000733193 0.00282278 0.00880252 0.0222346 0.0454957 0.0754175 0.101294 0.110254 0.0973137 0.069796 0.0410076 0.0204156 0.00987214 0.00656252 0.00715126 0.00958142 0.0129102 0.016675 0.0205085 0.0240304 0.0268772 0.0287729 0.0295867 0.0293544 0.0282528 0.0265407 0.0244871 0.0223115 0.0201541 0.018076 0.0160833 0.0141583 0.0122864
 1.0287e-16 3.01831e-05 0.000177144 0.000842052 0.00324192 0.0101096 0.0255361 0.0522507 0.0866125 0.116322 0.126591 0.111685 0.0799973 0.0467874 0.0228953 0.0104091 0.00605563 0.00597325 0.00779033 0.0104482 0.0134793 0.0165612 0.0193772 0.0216267 0.0230802 0.0236265 0.023292 0.0222208 0.0206285 0.0187443 0.0167621 0.0148144 0.0129698 0.0112496 0.00965015 0.00816312
 1.01807e-16 3.21331e-05 0.000188593 0.000896484 0.0034515 0.0107632 0.027187 0.0556283 0.0922107 0.123838 0.134765 0.118884 0.0851246 0.0497275 0.0242237 0.0108243 0.00603148 0.00572148 0.00736113 0.00982224 0.0126155 0.0154158 0.017912 0.019814 0.0209062 0.0210938 0.0204211 0.0190509 0.0172173 0.0151663 0.0131053 0.0111745 0.00944359 0.00792648 0.00660509 0.00545082
 1.02168e-16 2.6872e-05 0.000157697 0.000749578 0.00288585 0.00899919 0.0227314 0.0465126 0.0771042 0.103562 0.112732 0.0995211 0.0714233 0.0420521 0.0210986 0.0104703 0.00730149 0.00818659 0.0110133 0.0147891 0.0189908 0.0231745 0.0268753 0.0296529 0.0311806 0.0313176 0.0301367 0.0278932 0.0249529 0.0217008 0.0184629 0.0154618 0.0128097 0.0105301 0.0085934 0.00694983
 1.02937e-16 2.72463e-05 0.000159899 0.000760057 0.00292621 0.00912507 0.0230493 0.0471627 0.0781804 0.105003 0.114288 0.100866 0.0723256 0.0424573 0.0210697 0.010077 0.00655505 0.00704257 0.00940749 0.0126784 0.0163876 0.02017 0.023647 0.0264524 0.0283007 0.0290454 0.0287028 0.027432 0.025481 0.0231209 0.0205886 0.0180552 0.0156224 0.0133379 0.0112197 0.00927593
 1.0332e-16 2.70213e-05 0.000158578 0.000753774 0.00290202 0.00904962 0.0228587 0.0467728 0.0775343 0.104136 0.113345 0.100038 0.0717398 0.0421293 0.0209362 0.0100613 0.00660701 0.00714147 0.0095491 0.0128624 0.0166105 0.0204222 0.0239128 0.0267126 0.028537 0.0292456 0.0288654 0.0275679 0.025613 0.0232787 0.0208029 0.0183503 0.0160106 0.0138171 0.0117736 0.00987739
 1.02539e-16 3.13348e-05 0.000183908 0.000874209 0.00336575 0.0104958 0.0265115 0.0542461 0.0899193 0.12076 0.131415 0.115925 0.0830001 0.0484743 0.0235916 0.0105072 0.00581055 0.00548351 0.00706245 0.00945832 0.0122092 0.0150158 0.0175913 0.0196638 0.0210241 0.0215685 0.0213155 0.0203893 0.0189788 0.0172863 0.015485 0.0136946 0.0119808 0.0103679 0.00885927 0.00745385
 1.02297e-16 2.88368e-05 0.000169236 0.000804444 0.00309711 0.00965801 0.0243955 0.0499171 0.082746 0.111134 0.120959 0.106748 0.0765312 0.0449011 0.0222345 0.0105503 0.00674466 0.00714282 0.00947593 0.0127037 0.0163216 0.0199383 0.0231559 0.0255993 0.0269898 0.0272061 0.0263074 0.0245074 0.0221117 0.0194411 0.0167656 0.0142673 0.0120358 0.0100877 0.00839754 0.00692612
 1.02596e-16 2.81847e-05 0.000165408 0.000786248 0.00302705 0.00943954 0.0238436 0.048788 0.0808742 0.10862 0.118222 0.104332 0.0747979 0.0438818 0.0217262 0.0103051 0.00658704 0.00698436 0.00928582 0.0124835 0.0160948 0.0197479 0.023062 0.0256727 0.0273017 0.0278146 0.0272449 0.0257709 0.0236607 0.0212016 0.0186413 0.0161535 0.0138345 0.0117195 0.00980904 0.00809185
 1.02395e-16 3.0566e-05 0.000179392 0.000852739 0.00328307 0.0102379 0.0258603 0.0529138 0.0877116 0.117798 0.128196 0.113099 0.0810051 0.0473668 0.0231601 0.0104976 0.0060627 0.00594276 0.0077351 0.0103679 0.0133693 0.0164161 0.019191 0.0213935 0.0227933 0.0232789 0.022876 0.0217292 0.0200556 0.0180876 0.0160246 0.0140051 0.012105 0.0103513 0.00874489 0.0072789
 1.02441e-16 2.83654e-05 0.000166468 0.000791286 0.00304645 0.00950002 0.0239964 0.0491006 0.0813927 0.109317 0.118983 0.105008 0.0752917 0.0441904 0.0219135 0.0104503 0.00675153 0.00720595 0.00958416 0.0128632 0.016544 0.0202364 0.0235408 0.0260789 0.0275674 0.027879 0.0270665 0.0253365 0.0229888 0.0203394 0.0176559 0.0151207 0.0128264 0.0107951 0.00900845 0.0074351
 1.04743e-16 1.66283e-05 9.75464e-05 0.000463591 0.00178468 0.0055652 0.0140576 0.0287664 0.0476934 0.064081 0.0698123 0.0617683 0.0446282 0.0268785 0.0146046 0.00909808 0.00870152 0.0113982 0.0159098 0.0215552 0.0278296 0.0341707 0.0399376 0.044505 0.0473922 0.0483654 0.0474776 0.0450305 0.0414791 0.0373117 0.0329486 0.0286853 0.0246851 0.0210095 0.0176622 0.0146293
pSPR Fmed_Fpbrs
0.741248   0.333484 0.333484
Fs Fmed_Fpbrs
0.18265   1.005 1.005
SSBpbr Bo_Bmed_Bpbrs
1.49866e+06  1.03595e+06  424847 424847
Ro
63576.6
SPR SPRFo_SPRFmed_SPRFpbrs
1.30731e+06 969044 435967
log_Ro
10.88
likeval ReclasPelacesDesembMPH_pf_preclas_ppelaces_ptallas_desvR_qrecl_qpela
 63.8298 24.3859 0.0302378 0.0002026 318.933 201.94 78.416 0 16.0044 0.00010137 0 0 0 0 0
q_reclas_q_pelaces
0.240097 1
M
0.7
N
 66596.1 17998.8 6718.03 794.115 0.417557
 84877.8 30812.7 6278.36 2343.39 277.15
 54152.6 39939.2 11692.7 2382.48 994.432
 82750.6 24972.6 13703.5 4011.86 1158.65
 138799 40535.1 11583.1 6356.13 2398.25
 102482 68729.5 19845.1 5670.85 4285.96
 156761 49432.9 29517.7 8523.02 4276.22
 137716 76450.1 22427.8 13392.3 5807.05
 155249 65947.2 31663.5 9288.99 7951.83
 142973 73923.1 26550.7 12747.9 6941.24
 68694.7 68513.4 30725.2 11035.4 8183.53
 40936.2 31556.7 23058.7 10340.8 6468.28
 42636.1 18900.3 10891.8 7958.73 5801.67
 24448.8 18884.9 5302.31 3055.61 3860.36
 19700.9 9962.44 3492.77 980.662 1279.11
 25516.8 8207.67 2058.24 721.605 466.868
 21644.6 11834 2896.91 726.457 419.473
 24490.3 10237.4 4607.74 1127.96 446.186
 27738.7 11771.1 4319.29 1944.06 664.147
 49782.2 13399.1 5091.54 1868.29 1128.17
 61988.6 24021.9 5765.5 2190.84 1289.35
 78762.1 30372.1 11155.3 2677.38 1616.13
 129081 38420.1 13795.9 5067.04 1950.23
 154747 62746.1 17150 6158.21 3132.38
 66567 75286 28127.3 7687.86 4164.71
pred_Ctot
 3283.43 3930.52 1467.06 173.416 0.0911848
 3210.37 5307.33 1081.42 403.637 47.7376
 2790.7 9067.43 2654.6 540.898 225.767
 808.145 1189.2 652.565 191.046 55.1753
 283.656 411.655 117.633 64.5498 24.3555
 2115.26 6735.85 1944.93 555.773 420.047
 2022.44 3086.01 1842.74 532.077 266.956
 3541.58 9220.45 2704.97 1615.21 700.374
 4604.19 9084.82 4361.93 1279.64 1095.43
 3606.39 8755.46 3144.67 1509.86 822.121
 3718.48 16236.5 7281.33 2615.21 1939.35
 2076.82 7066.64 5163.63 2315.66 1448.47
 3334.8 6109.13 3520.57 2572.5 1875.27
 3191.08 9007.9 2529.14 1457.49 1841.35
 2304.89 4395.61 1541.07 432.686 564.366
 1217.4 1741.11 436.617 153.075 99.0375
 742.033 1863.46 456.168 114.393 66.0532
 566.484 1117.59 503.011 123.135 48.7085
 544.798 1100.42 403.788 181.74 62.0877
 1014.28 1297.1 492.886 180.86 109.212
 594.989 1124.75 269.952 102.58 60.3698
 1003.23 1872.73 687.829 165.086 99.6498
 1962.51 2810.64 1009.24 370.682 142.67
 2260.25 4416.26 1207.07 433.434 220.466
 892.593 4878.78 1822.74 498.199 269.887
F
 0.07072 0.353196 0.353196 0.353196 0.353196
 0.0538546 0.268965 0.268965 0.268965 0.268965
 0.0740259 0.369706 0.369706 0.369706 0.369706
 0.0136619 0.0682313 0.0682313 0.0682313 0.0682313
 0.00284529 0.0142102 0.0142102 0.0142102 0.0142102
 0.0290707 0.145187 0.145187 0.145187 0.145187
 0.0180833 0.0903131 0.0903131 0.0903131 0.0903131
 0.0363363 0.181474 0.181474 0.181474 0.181474
 0.0420078 0.209799 0.209799 0.209799 0.209799
 0.0356294 0.177944 0.177944 0.177944 0.177944
 0.0778865 0.388987 0.388987 0.388987 0.388987
 0.0728376 0.363772 0.363772 0.363772 0.363772
 0.114338 0.571035 0.571035 0.571035 0.571035
 0.19776 0.98767 0.98767 0.98767 0.98767
 0.175595 0.876971 0.876971 0.876971 0.876971
 0.0683633 0.341426 0.341426 0.341426 0.341426
 0.0487031 0.243237 0.243237 0.243237 0.243237
 0.0326297 0.162962 0.162962 0.162962 0.162962
 0.027645 0.138067 0.138067 0.138067 0.138067
 0.0286913 0.143293 0.143293 0.143293 0.143293
 0.0134259 0.0670529 0.0670529 0.0670529 0.0670529
 0.0178516 0.0891561 0.0891561 0.0891561 0.0891561
 0.0213408 0.106582 0.106582 0.106582 0.106582
 0.0204945 0.102355 0.102355 0.102355 0.102355
 0.0188005 0.0938953 0.0938953 0.0938953 0.0938953
YTP_r0W_actual
 9997.05 107333 60150.6 20476 11551.2
YTP_p0W_proyectada
 67635.5 334825 512154 249606 113183
 67635.5 251474 88733.2 121442 61259.7
CTP_r0_actual
 892.593 4878.78 1822.74 498.199 269.887
CTP_p0_proyectada
 7957.12 15646 16415.2 6132.82 2434.04
 7957.12 11751.1 2844.01 2983.83 1317.41
Wmedp
 8.5 21.4 31.2 40.7 46.5
nmprior
 10.6 11 7 0
nm_flota  nm_reclas  nm_pelaces    nm_pelaL
inf 12.7039 21.3405 53.4524
cv_recla  cv_pelaces  cv_mph
0.722664 0.55994 0.461804
 ------------------------------------------------
Talla a la edad & desviaci?n 
 7.2 14.2025 17.0495 18.207 18.6776
 1.08 2.13037 2.55742 2.73105 2.80164
