years
 1997 1998 1999 2000 2001 2002 2003 2004 2005 2006 2007 2008 2009 2010 2011 2012 2013 2014 2015 2016 2017 2018 2019 2020 2021
reclasobs
 0 0 0 370054 412103 1.49427e+06 250295 1.28982e+06 931140 785840 897777 1.04006e+06 184774 17550 25797 100020 73551 82996 120727 218422 84188 347160 605670 569463 516374
reclaspred
 1.90576e+06 293893 591128 259272 310788 407967 903683 778528 1.16944e+06 1.25875e+06 1.1702e+06 849282 503331 237199 141016 124754 148710 207803 227027 308532 473000 482384 865926 898057 984809
pelacesobs
 0 0 0 0 0 0 0 0 0 2.06254e+06 1.5e+06 0 1.87456e+06 323000 250000 174000 83755 137374 0 501740 490994 745055 786931 1.00524e+06 1.33801e+06
pelacespred
 992018 343509 193596 183256 185584 178197 457013 486920 674904 752509 614573 462813 271034 106011 59964.3 60172.6 74390.9 105830 121532 159696 266680 281001 381471 494969 511991
mphobs
 0 0 0 0 0 112323 0 153150 637223 0 255016 313432 73983 77613 109348 50772 0 0 0 0 0 0 0 0 0
mphpred
 1.45611e+06 627662 400623 301348 226927 360032 528411 750548 867630 1.16248e+06 1.13751e+06 888447 560892 299481 143235 104557 116715 158162 198583 223640 357046 427384 596801 759249 885790
desembarqueobs
 350755 77701 442110 56441 14545 235359 269955 359681 431902 328805 639364 411747 362871 311530 167758 66681 60226 58785 57116 73181 50977 67692 138656 160484 209506
desembarquepred
 350884 77698.7 441215 56389.5 14500.2 235185 269921 359207 432249 328631 637990 411139 362486 311966 167705 66731.4 60373.5 58895.3 57094 73177.1 51044.9 67735.4 138608 160482 209326
Reclutas
 29832 36264.4 14583.5 17035 44255.6 41395.5 71544 96253.7 154762 114466 91015.7 43108.2 43999.2 28675.5 15918.6 16719.5 13690.8 15578.7 15651.6 32151.1 35575.9 62088.9 65135.5 73372.3 18485.7
log_desv_Rt
 -0.216664 -0.0214075 -0.932353 -0.776972 0.177737 0.110927 0.658067 0.954742 1.42964 1.12804 0.898787 0.151468 0.171927 -0.256202 -0.844755 -0.795671 -0.995523 -0.866339 -0.861671 -0.141797 -0.0405774 0.516322 0.564225 0.683302 -0.695249
SSB
 1.45611e+06 627662 400623 301348 226927 360032 528411 750548 867630 1.16248e+06 1.13751e+06 888447 560892 299481 143235 104557 116715 158162 198583 223640 357046 427384 596801 759249 885790
BT
 2.48904e+06 787901 686753 435822 459631 546620 1.46247e+06 1.55882e+06 2.18015e+06 1.97924e+06 1.92466e+06 1.33057e+06 941466 523872 284337 193331 224275 291533 302876 438022 659615 650381 882304 1.19162e+06 1.15384e+06
Ftot
 0.178443 0.255017 0.692081 0.210431 0.0456181 0.543619 0.288079 0.440623 0.355238 0.252069 0.51558 0.459258 0.671275 1.16186 1.06753 0.507163 0.388544 0.273331 0.24284 0.229503 0.105153 0.136567 0.155427 0.173369 0.205566
BD_Bspro_t
 0.972869 0.821243 0.667583 0.422186 0.490954 0.664127 0.589849 0.632688 0.628073 0.640809 0.610085 0.478071 0.373164 0.271715 0.166385 0.15184 0.221037 0.351214 0.462428 0.55168 0.680685 0.769054 0.796149 0.782977 0.760175
BD_Bspro
 1.91132 0.823882 0.525866 0.395556 0.297869 0.472586 0.693603 0.985185 1.13887 1.5259 1.49312 1.16619 0.736239 0.393105 0.188013 0.137243 0.153203 0.207606 0.260665 0.293554 0.468667 0.560994 0.783373 0.996606 1.16271
BD_Bo
 1.42708 0.61515 0.392637 0.295341 0.222404 0.352856 0.517878 0.735587 0.850336 1.13931 1.11484 0.870737 0.549712 0.293511 0.14038 0.102473 0.114388 0.155009 0.194625 0.219182 0.349929 0.418865 0.584904 0.744115 0.868134
BD_Brms
 6.94123 2.99205 1.90976 1.43652 1.08176 1.71627 2.51892 3.57785 4.13597 5.54153 5.4225 4.23521 2.67376 1.42762 0.682799 0.498419 0.556378 0.753953 0.946642 1.06609 1.70203 2.03733 2.84494 3.61932 4.22254
S_f
 0.5 1 1 1 1
 0.5 1 1 1 1
 0.5 1 1 1 1
 0.5 1 1 1 1
 0.5 1 1 1 1
 0.5 1 1 1 1
 0.5 1 1 1 1
 0.5 1 1 1 1
 0.5 1 1 1 1
 0.5 1 1 1 1
 0.5 1 1 1 1
 0.5 1 1 1 1
 0.5 1 1 1 1
 0.5 1 1 1 1
 0.5 1 1 1 1
 0.5 1 1 1 1
 0.5 1 1 1 1
 0.5 1 1 1 1
 0.5 1 1 1 1
 0.5 1 1 1 1
 0.5 1 1 1 1
 0.5 1 1 1 1
 0.5 1 1 1 1
 0.5 1 1 1 1
 0.5 1 1 1 1
Scru_reclas
 0.5 1 1 1 1
 0.5 1 1 1 1
 0.5 1 1 1 1
 0.5 1 1 1 1
 0.5 1 1 1 1
 0.5 1 1 1 1
 0.5 1 1 1 1
 0.5 1 1 1 1
 0.5 1 1 1 1
 0.5 1 1 1 1
 0.5 1 1 1 1
 0.5 1 1 1 1
 0.5 1 1 1 1
 0.5 1 1 1 1
 0.5 1 1 1 1
 0.5 1 1 1 1
 0.5 1 1 1 1
 0.5 1 1 1 1
 0.5 1 1 1 1
 0.5 1 1 1 1
 0.5 1 1 1 1
 0.5 1 1 1 1
 0.5 1 1 1 1
 0.5 1 1 1 1
 0.5 1 1 1 1
Scru_pelaces
 0.5 1 1 1 1
 0.5 1 1 1 1
 0.5 1 1 1 1
 0.5 1 1 1 1
 0.5 1 1 1 1
 0.5 1 1 1 1
 0.5 1 1 1 1
 0.5 1 1 1 1
 0.5 1 1 1 1
 0.5 1 1 1 1
 0.5 1 1 1 1
 0.5 1 1 1 1
 0.5 1 1 1 1
 0.5 1 1 1 1
 0.5 1 1 1 1
 0.5 1 1 1 1
 0.5 1 1 1 1
 0.5 1 1 1 1
 0.5 1 1 1 1
 0.5 1 1 1 1
 0.5 1 1 1 1
 0.5 1 1 1 1
 0.5 1 1 1 1
 0.5 1 1 1 1
 0.5 1 1 1 1
pf_obs 
 0.256992 0.487395 0.22802 0.0275931 0
 0.321318 0.546541 0.124235 0.00734118 0.000564706
 0.182869 0.594174 0.210203 0.0122559 0.00049798
 0.330522 0.361315 0.267642 0.0388342 0.00168674
 0.649043 0.306663 0.0425973 0.00169635 0
 0.582887 0.30429 0.105238 0.00758474 0
 0.465427 0.430635 0.0974691 0.00646863 0
 0.296916 0.608066 0.0921331 0.00288517 0
 0.311714 0.524322 0.152257 0.0117073 0
 0.15457 0.633149 0.183074 0.0267441 0.00246327
 0.131901 0.49318 0.331252 0.0422183 0.00144891
 0.196976 0.569456 0.194076 0.0375587 0.00193317
 0.518974 0.381816 0.0799577 0.0180837 0.00116848
 0.0928022 0.601141 0.25162 0.0475244 0.00691264
 0.122501 0.610282 0.24278 0.0234846 0.000952079
 0.383417 0.481906 0.127806 0.00687128 0
 0.0376549 0.599619 0.316969 0.0457579 0
 0.0361596 0.667082 0.258105 0.0386534 0
 0.158088 0.579412 0.248529 0.0139706 0
 0.0477256 0.309471 0.559284 0.082774 0.000745712
 0.0406174 0.521527 0.379366 0.0568643 0.0016247
 0.151134 0.462217 0.34131 0.0453401 0
 0.294876 0.26143 0.354403 0.0886775 0.000613685
 0.281977 0.475581 0.204845 0.0348837 0.00271318
 0.0841818 0.532909 0.334909 0.0458182 0.00218182
pf_pred 
 0.2616 0.371722 0.184591 0.0916654 0.0904219
 0.376355 0.266345 0.17987 0.0893209 0.0881092
 0.229893 0.435057 0.143092 0.0966342 0.0953233
 0.424149 0.243869 0.187547 0.0616851 0.0827502
 0.641653 0.218601 0.0591816 0.0455134 0.0350512
 0.457772 0.425047 0.0714834 0.0193526 0.026345
 0.617408 0.25431 0.100559 0.0169118 0.0108113
 0.571561 0.333364 0.0631964 0.0249891 0.00688923
 0.62057 0.285388 0.0731729 0.0138715 0.00699723
 0.423866 0.45158 0.0936835 0.0240202 0.00685051
 0.382176 0.378509 0.187578 0.0389143 0.0128231
 0.286007 0.421368 0.179277 0.088844 0.0245049
 0.414393 0.280036 0.180335 0.0767259 0.0485105
 0.419597 0.367784 0.101674 0.0654751 0.0454702
 0.452443 0.36976 0.112664 0.0311461 0.0339862
 0.582556 0.291 0.0853859 0.0260168 0.0150405
 0.468279 0.406318 0.0874184 0.0256505 0.0123339
 0.494569 0.335363 0.129958 0.0279602 0.012149
 0.453433 0.371208 0.116354 0.045089 0.0139159
 0.610919 0.249056 0.0950995 0.0298087 0.0151164
 0.496186 0.388082 0.0740819 0.0282874 0.013363
 0.561011 0.294061 0.111636 0.0213104 0.0119812
 0.459386 0.392771 0.0990343 0.0375968 0.011212
 0.448788 0.352656 0.144256 0.0363732 0.0179264
 0.154312 0.533696 0.199607 0.0816508 0.0307342
pobs_RECLAS
 0 0 0 0 0
 0 0 0 0 0
 0 0 0 0 0
 0 0 0 0 0
 0.835266 0.146461 0.0176864 0.000547809 3.91292e-05
 0.385257 0.428462 0.181853 0.0044286 0
 0.867414 0.0963971 0.0333333 0.00285562 0
 0.441836 0.489002 0.0689373 0.000224442 0
 0.779404 0.147425 0.0564933 0.0165055 0.000172143
 0.814271 0.122319 0.05973 0.00367925 0
 0.40263 0.566651 0.0304383 0.000280538 0
 0.475488 0.404961 0.113038 0.00651328 0
 0.955842 0.0263864 0.0167828 0.000988607 0
 0.975058 0.0227948 0.00214734 0 0
 0.738997 0.206755 0.0527124 0.00153531 0
 0.850938 0.134255 0.0134407 0.00136685 0
 0.542534 0.407297 0.0501686 0 0
 0.764087 0.199537 0.0359546 0.000420521 0
 0.470689 0.182191 0.310203 0.0369168 0
 0.84361 0.089868 0.0606195 0.00523954 0.000663233
 0.607945 0.314616 0.071237 0.00620181 0
 0.523733 0.453247 0.0230204 0 0
 0.530135 0.295979 0.169645 0.0042399 0
 0.562478 0.366248 0.0663022 0.0049721 0
 0.250443 0.683176 0.0655157 0.000865301 0
ppred_RECLAS
 0.262785 0.371125 0.184295 0.0915182 0.0902767
 0.378551 0.265407 0.179237 0.0890064 0.0877989
 0.236022 0.431595 0.141954 0.0958652 0.0945647
 0.425964 0.2431 0.186956 0.0614906 0.0824892
 0.641971 0.218407 0.0591291 0.0454731 0.0350201
 0.46388 0.420259 0.0706781 0.0191346 0.0260482
 0.619967 0.252609 0.0998866 0.0167987 0.010739
 0.576107 0.329827 0.0625259 0.024724 0.00681613
 0.623881 0.282898 0.0725344 0.0137505 0.00693617
 0.426118 0.449814 0.0933172 0.0239263 0.00682373
 0.387596 0.375189 0.185932 0.038573 0.0127106
 0.290032 0.418992 0.178266 0.0883432 0.0243667
 0.422389 0.276212 0.177873 0.0756783 0.0478482
 0.437479 0.356453 0.0985414 0.0634579 0.0440693
 0.468418 0.358973 0.109378 0.0302375 0.0329948
 0.587992 0.287212 0.0842741 0.025678 0.0148447
 0.472213 0.403312 0.0867716 0.0254607 0.0122426
 0.497111 0.333677 0.129305 0.0278196 0.0120879
 0.455618 0.369724 0.115889 0.0449088 0.0138603
 0.612875 0.247804 0.0946214 0.0296589 0.0150404
 0.49703 0.387431 0.0739577 0.02824 0.0133406
 0.562124 0.293316 0.111353 0.0212564 0.0119508
 0.460685 0.391827 0.0987963 0.0375064 0.011185
 0.450255 0.351717 0.143873 0.0362764 0.0178787
 0.155258 0.533099 0.199384 0.0815595 0.0306999
pobs_PELACES
 0 0 0 0 0
 0 0 0 0 0
 0 0 0 0 0
 0 0 0 0 0
 0 0 0 0 0
 0 0 0 0 0
 0 0 0 0 0
 0 0 0 0 0
 0 0 0 0 0
 0 0 0 0 0
 0.450072 0.473896 0.0757376 0.000293798 0
 0 0 0 0 0
 0.463077 0.371075 0.160297 0.00555027 0
 0.529543 0.364841 0.0842815 0.0213345 0
 0.631943 0.363953 0.00410389 0 0
 0.735681 0.248677 0.0153453 0.000297389 0
 0.695825 0.281241 0.0229344 0 0
 0.275771 0.60734 0.115278 0.00161068 0
 0 0 0 0 0
 0.896147 0.0623911 0.0374545 0.00400742 0
 0.803859 0.145111 0.0509908 3.86294e-05 0
 0.739449 0.233085 0.0266225 0.000797448 4.60066e-05
 0.878498 0.100942 0.0204185 0.000141795 0
 0.694673 0.275183 0.0284847 0.00165964 0
 0.469039 0.446079 0.0841089 0.000773354 0
ppred_PELACES
 0.268529 0.368233 0.182859 0.0908052 0.0895733
 0.388499 0.261158 0.176368 0.0875815 0.0863934
 0.257229 0.419614 0.138013 0.0932041 0.0919397
 0.434475 0.239496 0.184184 0.0605789 0.0812662
 0.643699 0.217353 0.0588437 0.0452536 0.0348511
 0.486245 0.402727 0.0677297 0.0183364 0.0249616
 0.6311 0.245209 0.0969603 0.0163065 0.0104244
 0.593756 0.316095 0.0599226 0.0236945 0.00653234
 0.637532 0.27263 0.0699018 0.0132514 0.00668443
 0.436319 0.441819 0.0916585 0.023501 0.00670244
 0.407971 0.362706 0.179746 0.0372896 0.0122877
 0.30588 0.409639 0.174287 0.0863712 0.0238228
 0.449618 0.263191 0.169487 0.0721107 0.0455925
 0.485081 0.326289 0.0902025 0.0580878 0.04034
 0.512409 0.329266 0.100326 0.0277352 0.0302643
 0.608104 0.273191 0.0801602 0.0244245 0.01412
 0.488214 0.391085 0.084141 0.0246888 0.0118715
 0.508385 0.326196 0.126406 0.0271959 0.0118169
 0.465572 0.362963 0.11377 0.0440876 0.0136068
 0.62182 0.242078 0.092435 0.0289736 0.0146929
 0.501368 0.38409 0.0733199 0.0279965 0.0132256
 0.567662 0.289606 0.109944 0.0209875 0.0117997
 0.467063 0.387193 0.0976279 0.0370629 0.0110528
 0.457345 0.347181 0.142017 0.0358086 0.0176482
 0.159758 0.530259 0.198322 0.0811249 0.0305363
pobs_pel_tallas
 0 0 0 0 0 0 0 0 0 0 0 0 0 0 0 0 0 0 0 0 0 0 0 0 0 0 0 0 0 0 0 0 0 0 0 0
 0 0 0 0 0 0 0 0 0 0 0 0 0 0 0 0 0 0 0 0 0 0 0 0 0 0 0 0 0 0 0 0 0 0 0 0
 0 0 0 0 0 0 0 0 0 0 0 0 0 0 0 0 0 0 0 0 0 0 0 0 0 0 0 0 0 0 0 0 0 0 0 0
 0 0 0 0 0 0 0 0 0 0 0 0 0 0 0 0 0 0 0 0 0 0 0 0 0 0 0 0 0 0 0 0 0 0 0 0
 0 0 0 0 0 0 0 0 0 0 0 0 0 0 0 0 0 0 0 0 0 0 0 0 0 0 0 0 0 0 0 0 0 0 0 0
 0 0 0 0 0 0 0 0 0 0 0 0 0 0 0 0 0 0 0 0 0 0 0 0 0 0 0 0 0 0 0 0 0 0 0 0
 0 0 0 0 0 0 0 0 0 0 0 0 0 0 0 0 0 0 0 0 0 0 0 0 0 0 0 0 0 0 0 0 0 0 0 0
 0 0 0 0 0 0 0 0 0 0 0 0 0 0 0 0 0 0 0 0 0 0 0 0 0 0 0 0 0 0 0 0 0 0 0 0
 0 0 0 0 0 0 0 0 0 0 0 0 0 0 0 0 0 0 0 0 0 0 0 0 0 0 0 0 0 0 0 0 0 0 0 0
 0 0 0 0 0 0 0 0 0 0 0 0 0 0 0 0 0 0 0 0 0 0 0 0 0 0 0 0 0 0 0 0 0 0 0 0
 0 0 0 0 0 0 0 0 1.78061e-05 0.00172719 0.00360574 0.0105946 0.0120993 0.0124554 0.0147524 0.0171206 0.0266825 0.0428682 0.0675386 0.121331 0.153587 0.119568 0.100827 0.0573624 0.0630603 0.0341343 0.0324427 0.0444173 0.0211091 0.0280891 0.0125444 0.00206551 0 0 0 0
 0 0 0 0 0 0 0 0 0 0 0 0 0 0 0 0 0 0 0 0 0 0 0 0 0 0 0 0 0 0 0 0 0 0 0 0
 0 0 0 0 0 0 0.0133647 0.0140871 0.0187388 0.0205184 0.03894 0.0496705 0.03968 0.0493445 0.0407372 0.0367815 0.0215668 0.0243155 0.0234873 0.0199281 0.019796 0.0243948 0.0301388 0.0376714 0.0412746 0.0863199 0.0771752 0.113111 0.0741005 0.0525337 0.0229764 0.00759418 0.00175318 0 0 0
 0 0 0 0 0 0 0 0 0 0 0.00219441 0.00772107 0.0458388 0.0604681 0.0671733 0.0775358 0.0609151 0.0617685 0.073594 0.0568108 0.0755445 0.0548602 0.0670107 0.0636378 0.0643287 0.046367 0.0373049 0.0286899 0.0247887 0.0153202 0.00654259 0.00121912 0.000365735 0 0 0
 0 0 0 0 0 0 0 0 0 0 0 0 0.000112435 0.00938835 0.0111873 0.0202946 0.0414886 0.0713402 0.111592 0.104902 0.108894 0.110636 0.117776 0.105296 0.107544 0.0401394 0.0192827 0.0124803 0.00416011 0.0028671 0.000618394 0 0 0 0 0
 0 0 0 0 0 0 0 0 0 0 0.00291406 0.0102884 0.027416 0.0768956 0.0749926 0.110853 0.0956884 0.0897413 0.0766577 0.0534642 0.0500743 0.0551293 0.0594112 0.0620874 0.0668451 0.0424026 0.0208742 0.0120726 0.0048766 0.00582813 0.00118941 0.000297354 0 0 0 0
 0 0.00264628 0.0354308 0.0461629 0.0458689 0.0383711 0.0214643 0.0164657 0.0346957 0.0420465 0.0363128 0.0245516 0.0311673 0.0291091 0.0169068 0.0133784 0.00837989 0.0085269 0.0148486 0.0160247 0.0276389 0.0546898 0.0760071 0.122758 0.109233 0.0665981 0.0333725 0.0166128 0.00676272 0.00308733 0.000882094 0 0 0 0 0
 0 0 0 0 0 0 0 0.000805153 0.000690131 0.00759144 0.0133425 0.0154129 0.00931677 0.000345066 0.00356568 0.00563607 0.00851162 0.0253048 0.0502646 0.0516448 0.0657925 0.0565908 0.0611916 0.0827007 0.0866115 0.110766 0.145733 0.0935128 0.0569358 0.0249597 0.0138026 0.00621118 0.00161031 0.00115022 0 0
 0 0 0 0 0 0 0 0 0 0 0 0 0 0 0 0 0 0 0 0 0 0 0 0 0 0 0 0 0 0 0 0 0 0 0 0
 0.00147267 0.00158595 0.00478618 0.00569244 0.00954404 0.0108468 0.00647125 0.017049 0.0510054 0.094081 0.124002 0.0959785 0.0687766 0.0820023 0.061753 0.0591476 0.0492212 0.0479892 0.0443925 0.0268479 0.0217502 0.0140895 0.0121071 0.0120363 0.00920419 0.00665534 0.0049561 0.00860946 0.00930331 0.0156896 0.0114698 0.00855282 0.00243557 0.00046729 0 2.83206e-05
 0 0 0 0 0.000772559 0.00158375 0.000888443 0.00281984 0.00712685 0.0440552 0.0773331 0.111326 0.0921469 0.0852325 0.0710754 0.0886704 0.0786465 0.0553345 0.0373146 0.0185414 0.00753245 0.00457741 0.012979 0.0271748 0.0457355 0.0583668 0.034881 0.0177882 0.00938659 0.00492506 0.0015258 0.00185414 0.000309023 5.79419e-05 3.86279e-05 0
 0 0.00173294 0.00326652 0 0.00397197 0.00683976 0.00946217 0.0152591 0.00757587 0.0136028 0.0228656 0.0392903 0.0559909 0.0764795 0.0681675 0.0726916 0.0566044 0.0477403 0.0527397 0.0444891 0.0609904 0.0582453 0.0661739 0.0445044 0.0529084 0.0360697 0.0280645 0.0235558 0.0158879 0.00826598 0.00280645 0.00217768 0.000904811 0.00058276 9.20147e-05 0
 0 0 0 0 0 0 0 0 0 0 0 0 0 0 0 0 0 0 0 0 0 0 0 0 0 0 0 0 0 0 0 0 0 0 0 0
 0 0 0 0 0 0 0 0 0 0 0 0 0 0 0 0 0 0 0 0 0 0 0 0 0 0 0 0 0 0 0 0 0 0 0 0
 0 0 0 0 0 0 0 0 0 0 0 0 0 0 0 0 0 0 0 0 0 0 0 0 0 0 0 0 0 0 0 0 0 0 0 0
ppred_pel_tallas
 1.10022e-16 1.17368e-05 6.88327e-05 0.000327091 0.00125913 0.00392632 0.00991791 0.020296 0.0336528 0.045225 0.0492934 0.0436701 0.031675 0.0193241 0.0109509 0.00751749 0.0079109 0.0107608 0.0152009 0.0207567 0.0270386 0.033577 0.0398156 0.0451954 0.0492662 0.0517737 0.0526944 0.0522033 0.0505955 0.0481905 0.0452553 0.0419689 0.0384289 0.0346851 0.0307816 0.026785
 1.09635e-16 1.69638e-05 9.95291e-05 0.000473047 0.00182114 0.00567894 0.0143447 0.0293527 0.0486613 0.0653688 0.0711815 0.0628998 0.045272 0.02692 0.0140031 0.00778188 0.00651302 0.0081122 0.011298 0.0154683 0.0202793 0.0253946 0.0304263 0.0349764 0.0387093 0.0414106 0.0430125 0.0435748 0.0432363 0.0421556 0.0404671 0.0382628 0.0356033 0.0325417 0.0291499 0.0255326
 1.09595e-16 1.12461e-05 6.59469e-05 0.000313361 0.00120626 0.00376141 0.00950142 0.0194442 0.0322423 0.0433351 0.0472485 0.0418937 0.0304631 0.0187368 0.0108887 0.00786608 0.00862642 0.01187 0.0167595 0.0228033 0.0295593 0.0364816 0.0429312 0.0482794 0.0520394 0.0539665 0.0540961 0.0527003 0.0501896 0.0469921 0.0434566 0.0398042 0.0361334 0.0324617 0.0287792 0.025092
 1.08572e-16 1.89677e-05 0.000111296 0.000528992 0.00203655 0.00635069 0.0160415 0.0328243 0.0544148 0.0730925 0.0795784 0.0702875 0.0505189 0.0298983 0.0152917 0.0080817 0.00629055 0.00756411 0.0104592 0.0143133 0.0187775 0.0235348 0.0282253 0.0324787 0.035979 0.0385194 0.0400269 0.0405468 0.0401999 0.0391309 0.0374678 0.0353057 0.0327147 0.0297598 0.0265217 0.0231078
 1.0409e-16 2.80898e-05 0.000164853 0.000783613 0.00301691 0.00940793 0.0237638 0.0486244 0.0806025 0.108254 0.117819 0.103967 0.0745151 0.0436735 0.0215441 0.0100872 0.00627407 0.00652462 0.00863605 0.0116132 0.0149946 0.0184387 0.0216009 0.0241539 0.0258491 0.0265688 0.0263453 0.0253382 0.0237805 0.0219148 0.0199393 0.0179808 0.0160955 0.0142899 0.012549 0.0108608
 1.0289e-16 2.12316e-05 0.000124572 0.000592077 0.00227939 0.00710793 0.0179544 0.0367394 0.0609084 0.081825 0.089112 0.0787702 0.0567506 0.0338552 0.0178045 0.0101838 0.00880701 0.0110383 0.0152126 0.0204734 0.0262473 0.0319461 0.0369233 0.0405669 0.0424303 0.0423349 0.0404073 0.0370334 0.032752 0.028123 0.0236137 0.0195342 0.0160279 0.0131048 0.0106949 0.00869986
 1.02504e-16 2.75417e-05 0.000161632 0.000768295 0.00295793 0.00922397 0.0232991 0.0476739 0.079028 0.106142 0.115529 0.101965 0.0731219 0.0429408 0.021339 0.0102534 0.00672977 0.00726843 0.00971048 0.013066 0.0168499 0.0206779 0.0241516 0.0268886 0.0285952 0.0291281 0.0285192 0.0269531 0.0247089 0.0220886 0.0193541 0.0166925 0.0142102 0.0119505 0.00991869 0.00810639
 1.02074e-16 2.59161e-05 0.000152082 0.000722879 0.00278304 0.00867857 0.0219216 0.0448559 0.0743591 0.0998786 0.108731 0.0960114 0.0689524 0.0406938 0.0205953 0.0105135 0.0077005 0.00888229 0.0120202 0.0161379 0.0206922 0.0251995 0.0291474 0.032053 0.0335618 0.0335288 0.0320472 0.0294143 0.0260481 0.0223857 0.0187941 0.0155204 0.0126837 0.0103 0.00832336 0.00668439
 1.01849e-16 2.78232e-05 0.000163283 0.000776136 0.00298811 0.00931808 0.0235369 0.0481606 0.0798353 0.107228 0.116716 0.103025 0.0739074 0.0434534 0.021688 0.0105754 0.0071369 0.00783826 0.0104907 0.014075 0.0180697 0.0220461 0.0255594 0.0281891 0.0296229 0.0297256 0.0285659 0.0263874 0.0235398 0.0203922 0.017259 0.0143564 0.0117955 0.00960258 0.00775165 0.00619598
 1.02566e-16 1.90563e-05 0.000111797 0.000531335 0.0020455 0.00637855 0.0161121 0.0329702 0.0546622 0.0734413 0.0800016 0.0707642 0.0510853 0.0306814 0.0165124 0.0100383 0.00933506 0.012065 0.0167387 0.0225575 0.028936 0.0352381 0.0407531 0.0448044 0.0468937 0.0468152 0.0446974 0.0409549 0.036174 0.0309694 0.0258607 0.0212011 0.0171653 0.0137831 0.0109953 0.00870684
 1.04526e-16 1.78172e-05 0.00010453 0.000496797 0.00191255 0.00596396 0.0150648 0.0308268 0.0511075 0.0686619 0.0747864 0.0661302 0.0476947 0.0285557 0.0152091 0.0090096 0.00815224 0.0104573 0.0145573 0.0197551 0.0255769 0.0315169 0.036999 0.0414541 0.044434 0.0457023 0.0452732 0.043381 0.0403999 0.036743 0.0327754 0.0287661 0.0248812 0.021207 0.017785 0.0146408
 1.06689e-16 1.33673e-05 7.8401e-05 0.00037257 0.00143423 0.00447233 0.0112971 0.0231182 0.0383318 0.0515113 0.0561408 0.0497254 0.0360433 0.021941 0.0123457 0.00834079 0.00864242 0.0116705 0.0164177 0.0223227 0.0289242 0.0356745 0.0419354 0.0470755 0.0505995 0.0522495 0.0520453 0.0502477 0.0472661 0.0435437 0.0394615 0.0352876 0.0311746 0.027192 0.0233696 0.0197336
 1.071e-16 1.9629e-05 0.000115176 0.000547433 0.00210755 0.00657208 0.0166007 0.0339687 0.0563123 0.0756423 0.0823572 0.0727482 0.0523012 0.0309804 0.0158942 0.00847691 0.00668305 0.00807403 0.0111477 0.0152015 0.0198494 0.0247325 0.0294467 0.0335838 0.0368056 0.0389065 0.0398403 0.0397013 0.0386729 0.0369643 0.0347601 0.0321961 0.0293633 0.0263288 0.0231598 0.0199384
 1.05268e-16 2.11777e-05 0.000124263 0.000590622 0.00227381 0.00709057 0.0179104 0.0366489 0.0607564 0.0816145 0.0888665 0.0785143 0.0564818 0.0335262 0.0173251 0.00943264 0.00764429 0.00932016 0.0128137 0.0173202 0.0223561 0.0274546 0.0321034 0.0358092 0.0381974 0.0390928 0.0385489 0.036814 0.0342509 0.031239 0.0280927 0.0250178 0.0221112 0.0193897 0.0168321 0.0144148
 1.03899e-16 2.23696e-05 0.00013126 0.000623883 0.00240187 0.00748992 0.0189192 0.0387129 0.0641775 0.0862085 0.0938645 0.0829202 0.0596297 0.0353511 0.0181874 0.00977181 0.00776591 0.00937251 0.0128468 0.0173382 0.0223419 0.027377 0.0319185 0.0354617 0.0376249 0.038232 0.0373434 0.0352235 0.032259 0.0288589 0.0253695 0.0220267 0.0189509 0.0161735 0.0136762 0.0114269
 1.02726e-16 2.654e-05 0.000155749 0.000740321 0.00285021 0.00888805 0.0224507 0.0459381 0.0761517 0.102282 0.111336 0.098285 0.0705268 0.0415057 0.0207904 0.0102628 0.00709059 0.00791106 0.0106422 0.0143128 0.0184202 0.0225436 0.0262418 0.0290945 0.0307852 0.0311699 0.0303033 0.0284113 0.025823 0.0228868 0.0198989 0.0170626 0.0144832 0.0121889 0.0101635 0.008376
 1.02725e-16 2.13171e-05 0.000125075 0.000594467 0.00228859 0.00713665 0.0180269 0.0368877 0.061154 0.0821538 0.0894674 0.0790779 0.0569582 0.033951 0.017804 0.0101048 0.00865456 0.0108057 0.0148894 0.0200545 0.0257404 0.0313756 0.0363315 0.0400096 0.0419681 0.042022 0.0402797 0.037101 0.0329958 0.0284986 0.0240604 0.0199865 0.0164271 0.0134077 0.0108786 0.00876119
 1.03388e-16 2.21941e-05 0.00013023 0.000618986 0.00238302 0.00743113 0.0187707 0.038409 0.0636738 0.0855321 0.0931284 0.082271 0.0591652 0.0350806 0.0180579 0.00971884 0.00774594 0.00936694 0.0128542 0.0173676 0.022409 0.027502 0.0321235 0.0357665 0.0380412 0.0387575 0.0379586 0.0358896 0.0329218 0.0294554 0.0258372 0.0223141 0.019026 0.0160285 0.0133281 0.0109134
 1.03884e-16 2.03287e-05 0.000119275 0.000566898 0.00218246 0.00680567 0.0171909 0.0351769 0.0583175 0.078343 0.0853163 0.0754064 0.0543086 0.0323618 0.016954 0.00959955 0.0082043 0.0102496 0.0141553 0.0191267 0.024651 0.0302076 0.0352181 0.0391244 0.0415028 0.0421557 0.041147 0.0387657 0.0354374 0.0316145 0.0276825 0.0239077 0.0204305 0.0172935 0.0144841 0.0119721
 1.03074e-16 2.71369e-05 0.000159256 0.000756999 0.00291444 0.00908835 0.0229565 0.046973 0.0778661 0.104582 0.113831 0.100467 0.072049 0.0423137 0.0210331 0.0101165 0.00665413 0.00719945 0.00962719 0.0129642 0.0167352 0.0205641 0.0240608 0.0268504 0.0286444 0.0293007 0.0288477 0.0274611 0.0254076 0.0229738 0.0204059 0.0178768 0.0154824 0.0132595 0.0112129 0.00933815
 1.02746e-16 2.18903e-05 0.000128441 0.000610473 0.00235022 0.00732883 0.0185123 0.0378809 0.0627999 0.0843633 0.0918691 0.08119 0.0584564 0.0347974 0.0181625 0.010173 0.00856211 0.010604 0.0145826 0.0196294 0.025183 0.0306797 0.0355022 0.0390649 0.0409376 0.0409433 0.0391943 0.0360493 0.0320134 0.027614 0.0232933 0.019348 0.0159199 0.0130269 0.0106129 0.00859452
 1.02928e-16 2.47773e-05 0.000145399 0.000691111 0.00266073 0.00829716 0.0209581 0.0428845 0.0710908 0.0954881 0.10395 0.0917864 0.0659112 0.0388854 0.0196568 0.0100003 0.00729138 0.00840678 0.0114099 0.0153865 0.0198417 0.0243398 0.0284138 0.0316132 0.033593 0.0341864 0.0334344 0.0315579 0.0288899 0.025789 0.0225655 0.0194396 0.0165355 0.0139007 0.0115387 0.00943573
 1.03302e-16 2.03947e-05 0.00011966 0.000568725 0.00218948 0.00682756 0.0172462 0.0352903 0.0585062 0.0785982 0.085599 0.0756677 0.0545217 0.0325384 0.0171366 0.00984322 0.00856388 0.010774 0.0148829 0.020077 0.0258144 0.0315359 0.036622 0.0404792 0.0426647 0.0429841 0.0415288 0.0386355 0.0347879 0.0304955 0.0261899 0.022165 0.0185693 0.0154357 0.0127294 0.0103915
 1.04185e-16 1.99694e-05 0.000117167 0.000556879 0.00214388 0.00668538 0.016887 0.0345551 0.0572865 0.0769574 0.083806 0.0740682 0.0533377 0.0317694 0.016619 0.00937312 0.00797465 0.00995208 0.0137595 0.0186272 0.0240663 0.0295824 0.034623 0.038649 0.0412429 0.0421965 0.0415459 0.0395395 0.0365577 0.0330123 0.0292599 0.0255545 0.0220413 0.0187815 0.0157889 0.0130624
 1.07203e-16 7.00068e-06 4.10119e-05 0.000194793 0.000749698 0.00233762 0.00590519 0.0120869 0.0200509 0.0269747 0.0294776 0.0262959 0.0194665 0.0126599 0.00857658 0.00793344 0.010212 0.0147013 0.0209026 0.0284165 0.036738 0.0451717 0.0528893 0.0590751 0.0630989 0.0646488 0.0637839 0.0608836 0.0565238 0.0513219 0.0458067 0.0403463 0.035143 0.0302731 0.0257469 0.0215591
pSPR Fmed_Fpbrs
0.580775   0.255595 0.255595
Fs Fmed_Fpbrs
0.300447   1.005 1.005
SSBpbr Bo_Bmed_Bpbrs
1.02034e+06  541570  209776 209776
Ro
37049.1
SPR SPRFo_SPRFmed_SPRFpbrs
761834 442455 194721
log_Ro
10.34
likeval ReclasPelacesDesembMPH_pf_preclas_ppelaces_ptallas_desvR_qrecl_qpela
 114.41 81.2501 0.205263 0.000691054 345.855 211.667 83.5412 0 17.4151 0 0 0 0 0 0
q_reclas_q_pelaces
1 1
M
0.7
N
 29832 22026.5 10938 5431.66 5357.97
 36264.4 13549.6 9150.44 4543.97 4482.33
 14583.5 15852.5 5213.97 3521.14 3473.37
 17035 5123.57 3940.26 1295.97 1738.54
 44255.6 7614.52 2061.47 1585.37 1220.94
 41395.5 21481.1 3612.64 978.046 1331.43
 71544 15664 6193.83 1041.66 665.91
 96253.7 30761.8 5831.56 2305.91 635.715
 154762 38347 9832.07 1863.88 940.202
 114466 64345.5 13348.9 3422.64 976.128
 91015.7 50111.2 24833.6 5151.92 1697.67
 43108.2 34926.4 14859.9 7364.11 2031.16
 43999.2 17014.8 10957.1 4661.83 2947.47
 28675.5 15619.7 4318.07 2780.72 1931.11
 15918.6 7965.43 2427.04 670.955 732.138
 16719.5 4635.41 1360.13 414.426 239.584
 13690.8 6442.99 1386.19 406.739 195.578
 15578.7 5598.23 2169.39 466.74 202.804
 15651.6 6747.96 2115.13 819.646 252.969
 32151.1 6883.68 2628.46 823.887 417.805
 35575.9 14234.9 2717.33 1037.59 490.157
 62088.9 16761.6 6363.28 1214.7 682.931
 65135.5 28797.4 7261.04 2756.54 822.045
 73372.3 29926.8 12241.8 3086.68 1521.26
 18485.7 33410.2 12495.7 5111.47 1924.01
pred_Ctot
 1840.72 2615.58 1298.86 644.994 636.244
 3145.21 2225.86 1503.18 746.459 736.332
 3129.44 5922.25 1947.86 1315.44 1297.6
 1230.96 707.754 544.296 179.022 240.156
 718.676 244.841 66.2857 50.9768 39.2587
 7196.96 6682.47 1123.84 304.256 414.188
 6959.67 2866.68 1133.54 190.636 121.869
 13862.2 8085.15 1532.71 606.065 167.086
 18299.1 8415.39 2157.69 409.036 206.331
 9819.14 10461.1 2170.24 556.444 158.697
 15096.5 14951.6 7409.57 1537.17 506.53
 6445.37 9495.82 4040.12 2002.16 552.235
 9197.44 6215.38 4002.53 1702.93 1076.69
 9392.48 8232.66 2275.92 1465.63 1017.83
 4881.47 3989.39 1215.55 336.039 366.682
 2732.78 1365.09 400.546 122.045 70.5553
 1758.03 1525.41 328.189 96.2977 46.3042
 1442.47 978.123 379.037 81.5489 35.434
 1296.05 1061.03 332.577 128.878 39.776
 2523.37 1028.71 392.803 123.123 62.4376
 1314.4 1028.03 196.243 74.9334 35.3987
 2958.89 1550.94 588.79 112.396 63.1912
 3518.25 3008.07 758.464 287.939 85.868
 4403.41 3460.18 1415.41 356.886 175.89
 1306.27 4517.82 1689.71 691.187 260.17
F
 0.0892216 0.178443 0.178443 0.178443 0.178443
 0.127508 0.255017 0.255017 0.255017 0.255017
 0.34604 0.692081 0.692081 0.692081 0.692081
 0.105216 0.210431 0.210431 0.210431 0.210431
 0.0228091 0.0456181 0.0456181 0.0456181 0.0456181
 0.271809 0.543619 0.543619 0.543619 0.543619
 0.144039 0.288079 0.288079 0.288079 0.288079
 0.220312 0.440623 0.440623 0.440623 0.440623
 0.177619 0.355238 0.355238 0.355238 0.355238
 0.126035 0.252069 0.252069 0.252069 0.252069
 0.25779 0.51558 0.51558 0.51558 0.51558
 0.229629 0.459258 0.459258 0.459258 0.459258
 0.335637 0.671275 0.671275 0.671275 0.671275
 0.580931 1.16186 1.16186 1.16186 1.16186
 0.533766 1.06753 1.06753 1.06753 1.06753
 0.253582 0.507163 0.507163 0.507163 0.507163
 0.194272 0.388544 0.388544 0.388544 0.388544
 0.136666 0.273331 0.273331 0.273331 0.273331
 0.12142 0.24284 0.24284 0.24284 0.24284
 0.114752 0.229503 0.229503 0.229503 0.229503
 0.0525763 0.105153 0.105153 0.105153 0.105153
 0.0682837 0.136567 0.136567 0.136567 0.136567
 0.0777137 0.155427 0.155427 0.155427 0.155427
 0.0866845 0.173369 0.173369 0.173369 0.173369
 0.102783 0.205566 0.205566 0.205566 0.205566
YTP_r0W_actual
 14630.3 99392.1 55760.3 28407.8 11135.3
YTP_p0W_proyectada
 82307.9 85491 203267 99172.1 65087.3
 82307.9 102716 22656.3 48198.7 24339.4
CTP_r0_actual
 1306.27 4517.82 1689.71 691.187 260.17
CTP_p0_proyectada
 9683.29 3994.91 6514.98 2436.66 1399.73
 9683.29 4799.82 726.163 1184.24 523.428
Wmedp
 8.5 21.4 31.2 40.7 46.5
nmprior
 10.6 11 7 0
nm_flota  nm_reclas  nm_pelaces    nm_pelaL
inf 10.4587 11.7081 24.4924
cv_recla  cv_pelaces  cv_mph
0.967515 1.02208 0.852892
 ------------------------------------------------
Talla a la edad & desviaci?n 
 7.2 14.2025 17.0495 18.207 18.6776
 1.08 2.13037 2.55742 2.73105 2.80164
