years
 1997 1998 1999 2000 2001 2002 2003 2004 2005 2006 2007 2008 2009 2010 2011 2012 2013 2014 2015 2016 2017 2018 2019 2020 2021
reclasobs
 0 0 0 370054 412103 1.49427e+06 250295 1.28982e+06 931140 785840 897777 1.04006e+06 184774 17550 25797 100020 73551 82996 120727 218422 84188 347160 605670 569463 516374
reclaspred
 2.12016e+06 353080 768499 360360 398301 489684 1.02928e+06 802862 998665 1.17627e+06 1.14666e+06 769678 430895 200172 137630 132867 154005 216402 234814 309273 491729 493756 812191 903602 1.07126e+06
pelacesobs
 0 0 0 0 0 0 0 0 0 2.06254e+06 1.5e+06 0 1.87456e+06 323000 250000 174000 83755 137374 0 501740 490994 745055 786931 1.00524e+06 1.33801e+06
pelacespred
 1.16394e+06 416134 259798 260655 242586 224103 527056 511323 565509 694798 591450 410907 227308 84689.4 58145.6 64168.7 78048.3 110498 126369 160534 280179 292836 365705 489572 559141
mphobs
 0 0 0 0 0 112323 0 153150 637223 0 255016 313432 73983 77613 109348 50772 0 0 0 0 0 0 0 0 0
mphpred
 1.59285e+06 740769 497577 416018 310702 439230 611750 830624 808019 966526 1.16159e+06 815905 486285 252891 126955 111851 121684 165150 205835 229258 357665 460508 566537 741697 920301
desembarqueobs
 350755 77701 442110 56441 14545 235359 269955 359681 431902 328805 639364 411747 362871 311530 167758 66681 60226 58785 57116 73181 50977 67692 138656 160484 209506
desembarquepred
 350760 77702.6 442130 56443.4 14544.1 235304 269922 359372 432096 328824 639340 412183 363469 311337 167377 66649.2 60228.7 58795 57123.3 73138.7 50960.7 67687.4 138519 160392 209490
Reclutas
 43456 40923.3 16685.1 21950.9 48651.5 40202.9 78317.9 84458.5 116390 158315 66452.5 38106 45145.6 31432.7 19897.9 16208.2 14167.6 15779.2 16012.7 30336.6 43159.9 49204.7 70340.3 77484.2 32842.4
log_desv_Rt
 0.0995033 0.0394556 -0.85773 -0.583438 0.212439 0.0216946 0.688532 0.764016 1.0847 1.39234 0.524243 -0.0318718 0.137648 -0.224397 -0.681631 -0.88673 -1.02129 -0.913554 -0.89886 -0.259889 0.0926671 0.223744 0.581101 0.677829 -0.180525
SSB
 1.59285e+06 740769 497577 416018 310702 439230 611750 830624 808019 966526 1.16159e+06 815905 486285 252891 126955 111851 121684 165150 205835 229258 357665 460508 566537 741697 920301
BT
 3.01283e+06 921189 820318 589253 573752 632835 1.63639e+06 1.57229e+06 1.8321e+06 1.99367e+06 1.80971e+06 1.22017e+06 865062 482641 286985 199507 232856 300743 312677 434438 714101 654407 864445 1.18913e+06 1.29195e+06
Ftot
 0.160563 0.212883 0.541361 0.152118 0.0357179 0.456238 0.253445 0.427404 0.413824 0.269908 0.526105 0.505897 0.778904 1.34755 1.09423 0.476526 0.374664 0.262199 0.23503 0.228805 0.101019 0.133318 0.16552 0.172232 0.189399
BD_Bspro_t
 0.975861 0.843756 0.713035 0.498465 0.564952 0.705384 0.627303 0.658643 0.612918 0.604161 0.616797 0.456035 0.340202 0.239776 0.151161 0.158499 0.223607 0.353987 0.465392 0.554025 0.680336 0.781267 0.788647 0.780667 0.767546
BD_Bspro
 1.96905 0.915724 0.615095 0.514273 0.384084 0.542967 0.756233 1.0268 0.998857 1.1948 1.43593 1.00861 0.601136 0.312619 0.156939 0.138268 0.150423 0.204155 0.254449 0.283404 0.442139 0.56927 0.700342 0.916871 1.13766
BD_Bo
 1.54811 0.719962 0.483601 0.404332 0.301975 0.426893 0.594567 0.807293 0.785323 0.939378 1.12896 0.792988 0.472626 0.245788 0.123389 0.10871 0.118266 0.160511 0.200053 0.222819 0.347619 0.447573 0.550624 0.720864 0.894452
BD_Brms
 7.52991 3.50185 2.3522 1.96665 1.46879 2.07638 2.89193 3.92662 3.81976 4.56907 5.49119 3.85704 2.29882 1.1955 0.600155 0.528756 0.575239 0.780715 0.973046 1.08378 1.6908 2.17696 2.6782 3.50624 4.35055
S_f
 0.5 1 1 1 1
 0.5 1 1 1 1
 0.5 1 1 1 1
 0.5 1 1 1 1
 0.5 1 1 1 1
 0.5 1 1 1 1
 0.5 1 1 1 1
 0.5 1 1 1 1
 0.5 1 1 1 1
 0.5 1 1 1 1
 0.5 1 1 1 1
 0.5 1 1 1 1
 0.5 1 1 1 1
 0.5 1 1 1 1
 0.5 1 1 1 1
 0.5 1 1 1 1
 0.5 1 1 1 1
 0.5 1 1 1 1
 0.5 1 1 1 1
 0.5 1 1 1 1
 0.5 1 1 1 1
 0.5 1 1 1 1
 0.5 1 1 1 1
 0.5 1 1 1 1
 0.5 1 1 1 1
Scru_reclas
 0.5 1 1 1 1
 0.5 1 1 1 1
 0.5 1 1 1 1
 0.5 1 1 1 1
 0.5 1 1 1 1
 0.5 1 1 1 1
 0.5 1 1 1 1
 0.5 1 1 1 1
 0.5 1 1 1 1
 0.5 1 1 1 1
 0.5 1 1 1 1
 0.5 1 1 1 1
 0.5 1 1 1 1
 0.5 1 1 1 1
 0.5 1 1 1 1
 0.5 1 1 1 1
 0.5 1 1 1 1
 0.5 1 1 1 1
 0.5 1 1 1 1
 0.5 1 1 1 1
 0.5 1 1 1 1
 0.5 1 1 1 1
 0.5 1 1 1 1
 0.5 1 1 1 1
 0.5 1 1 1 1
Scru_pelaces
 0.5 1 1 1 1
 0.5 1 1 1 1
 0.5 1 1 1 1
 0.5 1 1 1 1
 0.5 1 1 1 1
 0.5 1 1 1 1
 0.5 1 1 1 1
 0.5 1 1 1 1
 0.5 1 1 1 1
 0.5 1 1 1 1
 0.5 1 1 1 1
 0.5 1 1 1 1
 0.5 1 1 1 1
 0.5 1 1 1 1
 0.5 1 1 1 1
 0.5 1 1 1 1
 0.5 1 1 1 1
 0.5 1 1 1 1
 0.5 1 1 1 1
 0.5 1 1 1 1
 0.5 1 1 1 1
 0.5 1 1 1 1
 0.5 1 1 1 1
 0.5 1 1 1 1
 0.5 1 1 1 1
pf_obs 
 0.256992 0.487395 0.22802 0.0275931 0
 0.321318 0.546541 0.124235 0.00734118 0.000564706
 0.182869 0.594174 0.210203 0.0122559 0.00049798
 0.330522 0.361315 0.267642 0.0388342 0.00168674
 0.649043 0.306663 0.0425973 0.00169635 0
 0.582887 0.30429 0.105238 0.00758474 0
 0.465427 0.430635 0.0974691 0.00646863 0
 0.296916 0.608066 0.0921331 0.00288517 0
 0.311714 0.524322 0.152257 0.0117073 0
 0.15457 0.633149 0.183074 0.0267441 0.00246327
 0.131901 0.49318 0.331252 0.0422183 0.00144891
 0.196976 0.569456 0.194076 0.0375587 0.00193317
 0.518974 0.381816 0.0799577 0.0180837 0.00116848
 0.0928022 0.601141 0.25162 0.0475244 0.00691264
 0.122501 0.610282 0.24278 0.0234846 0.000952079
 0.383417 0.481906 0.127806 0.00687128 0
 0.0376549 0.599619 0.316969 0.0457579 0
 0.0361596 0.667082 0.258105 0.0386534 0
 0.158088 0.579412 0.248529 0.0139706 0
 0.0477256 0.309471 0.559284 0.082774 0.000745712
 0.0406174 0.521527 0.379366 0.0568643 0.0016247
 0.151134 0.462217 0.34131 0.0453401 0
 0.294876 0.26143 0.354403 0.0886775 0.000613685
 0.281977 0.475581 0.204845 0.0348837 0.00271318
 0.0841818 0.532909 0.334909 0.0458182 0.00218182
pf_pred 
 0.326233 0.339184 0.168434 0.0836418 0.0825071
 0.351222 0.32657 0.162205 0.0805484 0.0794557
 0.21442 0.420285 0.183875 0.0913294 0.0900905
 0.411981 0.229574 0.191768 0.0838989 0.0827785
 0.590434 0.24328 0.0649215 0.0542305 0.047135
 0.409357 0.439668 0.0896779 0.0239314 0.0373654
 0.614565 0.236281 0.111029 0.0226462 0.0154792
 0.510537 0.378955 0.0677441 0.031833 0.0109309
 0.568244 0.303379 0.0993924 0.017768 0.0112161
 0.571661 0.320434 0.0758211 0.0248403 0.00724376
 0.285784 0.530342 0.137554 0.032548 0.0137728
 0.287071 0.344393 0.273657 0.0709778 0.0239016
 0.464042 0.25891 0.133833 0.106345 0.0368707
 0.475929 0.359835 0.0793387 0.041011 0.043886
 0.53088 0.345265 0.0850409 0.0187503 0.0200639
 0.543394 0.347389 0.0803822 0.0197986 0.00903647
 0.469473 0.388565 0.108006 0.0249914 0.00896502
 0.486956 0.340485 0.126385 0.03513 0.0110447
 0.451424 0.368513 0.119499 0.0443572 0.0162059
 0.589638 0.261694 0.0998698 0.0323852 0.016413
 0.553224 0.336949 0.0700383 0.0267286 0.0130601
 0.471607 0.379469 0.112315 0.0233458 0.0132627
 0.508798 0.319074 0.123616 0.0365875 0.0119256
 0.461254 0.368866 0.11035 0.0427518 0.016778
 0.237436 0.490046 0.186587 0.0558193 0.0301125
pobs_RECLAS
 0 0 0 0 0
 0 0 0 0 0
 0 0 0 0 0
 0 0 0 0 0
 0.835266 0.146461 0.0176864 0.000547809 3.91292e-05
 0.385257 0.428462 0.181853 0.0044286 0
 0.867414 0.0963971 0.0333333 0.00285562 0
 0.441836 0.489002 0.0689373 0.000224442 0
 0.779404 0.147425 0.0564933 0.0165055 0.000172143
 0.814271 0.122319 0.05973 0.00367925 0
 0.40263 0.566651 0.0304383 0.000280538 0
 0.475488 0.404961 0.113038 0.00651328 0
 0.955842 0.0263864 0.0167828 0.000988607 0
 0.975058 0.0227948 0.00214734 0 0
 0.738997 0.206755 0.0527124 0.00153531 0
 0.850938 0.134255 0.0134407 0.00136685 0
 0.542534 0.407297 0.0501686 0 0
 0.764087 0.199537 0.0359546 0.000420521 0
 0.470689 0.182191 0.310203 0.0369168 0
 0.84361 0.089868 0.0606195 0.00523954 0.000663233
 0.607945 0.314616 0.071237 0.00620181 0
 0.523733 0.453247 0.0230204 0 0
 0.530135 0.295979 0.169645 0.0042399 0
 0.562478 0.366248 0.0663022 0.0049721 0
 0.250443 0.683176 0.0655157 0.000865301 0
ppred_RECLAS
 0.327427 0.338583 0.168135 0.0834935 0.0823609
 0.35294 0.325705 0.161775 0.0803351 0.0792452
 0.218566 0.418067 0.182905 0.0908474 0.0896149
 0.413217 0.229091 0.191365 0.0837224 0.0826044
 0.590693 0.243126 0.0648804 0.0541961 0.0471051
 0.41407 0.43616 0.0889624 0.0237405 0.0370673
 0.61676 0.234935 0.110396 0.0225172 0.015391
 0.515 0.375499 0.0671264 0.0315428 0.0108313
 0.572442 0.30043 0.0984261 0.0175952 0.0111071
 0.574111 0.318601 0.0753874 0.0246982 0.00720233
 0.290609 0.526759 0.136624 0.0323281 0.0136798
 0.29166 0.342176 0.271895 0.0705209 0.0237477
 0.474141 0.254031 0.131311 0.104341 0.036176
 0.498791 0.344138 0.0758776 0.0392219 0.0419715
 0.547457 0.333064 0.0820358 0.0180877 0.0193549
 0.548503 0.343502 0.0794828 0.0195771 0.00893536
 0.473229 0.385814 0.107241 0.0248145 0.00890156
 0.489371 0.338882 0.12579 0.0349646 0.0109927
 0.453523 0.367103 0.119042 0.0441874 0.0161439
 0.591622 0.260429 0.099387 0.0322286 0.0163337
 0.554023 0.336346 0.0699131 0.0266808 0.0130367
 0.472703 0.378682 0.112082 0.0232974 0.0132352
 0.510202 0.318161 0.123262 0.0364829 0.0118915
 0.462716 0.367865 0.110051 0.0426358 0.0167325
 0.238627 0.489281 0.186295 0.0557321 0.0300654
pobs_PELACES
 0 0 0 0 0
 0 0 0 0 0
 0 0 0 0 0
 0 0 0 0 0
 0 0 0 0 0
 0 0 0 0 0
 0 0 0 0 0
 0 0 0 0 0
 0 0 0 0 0
 0 0 0 0 0
 0.450072 0.473896 0.0757376 0.000293798 0
 0 0 0 0 0
 0.463077 0.371075 0.160297 0.00555027 0
 0.529543 0.364841 0.0842815 0.0213345 0
 0.631943 0.363953 0.00410389 0 0
 0.735681 0.248677 0.0153453 0.000297389 0
 0.695825 0.281241 0.0229344 0 0
 0.275771 0.60734 0.115278 0.00161068 0
 0 0 0 0 0
 0.896147 0.0623911 0.0374545 0.00400742 0
 0.803859 0.145111 0.0509908 3.86294e-05 0
 0.739449 0.233085 0.0266225 0.000797448 4.60066e-05
 0.878498 0.100942 0.0204185 0.000141795 0
 0.694673 0.275183 0.0284847 0.00165964 0
 0.469039 0.446079 0.0841089 0.000773354 0
ppred_PELACES
 0.333288 0.335633 0.16667 0.082766 0.0816432
 0.361003 0.321646 0.159759 0.0793341 0.0782578
 0.234205 0.4097 0.179244 0.0890292 0.0878214
 0.419316 0.22671 0.189376 0.0828522 0.0817458
 0.592117 0.24228 0.0646547 0.0540076 0.0469412
 0.432444 0.422482 0.0861726 0.022996 0.0359049
 0.626595 0.228906 0.107563 0.0219394 0.014996
 0.532589 0.361882 0.0646921 0.0303988 0.0104385
 0.589065 0.288749 0.0945994 0.0169111 0.0106753
 0.584962 0.310483 0.0734666 0.0240689 0.00701881
 0.308824 0.513233 0.133116 0.031498 0.0133285
 0.3092 0.333703 0.265162 0.0687747 0.0231597
 0.506247 0.238521 0.123294 0.0979703 0.0339672
 0.554164 0.306118 0.0674947 0.0348887 0.0373345
 0.591688 0.300511 0.0740177 0.0163199 0.0174632
 0.56789 0.328752 0.0760698 0.0187364 0.00855167
 0.48866 0.374512 0.104099 0.0240875 0.0086408
 0.500185 0.331705 0.123126 0.0342242 0.0107599
 0.463151 0.360636 0.116945 0.043409 0.0158594
 0.600711 0.254633 0.097175 0.0315114 0.0159702
 0.558138 0.333243 0.0692681 0.0264347 0.0129165
 0.478189 0.374743 0.110916 0.023055 0.0130975
 0.517025 0.31373 0.121545 0.0359747 0.0117258
 0.469789 0.363023 0.108602 0.0420746 0.0165122
 0.244351 0.485602 0.184894 0.0553131 0.0298394
pobs_pel_tallas
 0 0 0 0 0 0 0 0 0 0 0 0 0 0 0 0 0 0 0 0 0 0 0 0 0 0 0 0 0 0 0 0 0 0 0 0
 0 0 0 0 0 0 0 0 0 0 0 0 0 0 0 0 0 0 0 0 0 0 0 0 0 0 0 0 0 0 0 0 0 0 0 0
 0 0 0 0 0 0 0 0 0 0 0 0 0 0 0 0 0 0 0 0 0 0 0 0 0 0 0 0 0 0 0 0 0 0 0 0
 0 0 0 0 0 0 0 0 0 0 0 0 0 0 0 0 0 0 0 0 0 0 0 0 0 0 0 0 0 0 0 0 0 0 0 0
 0 0 0 0 0 0 0 0 0 0 0 0 0 0 0 0 0 0 0 0 0 0 0 0 0 0 0 0 0 0 0 0 0 0 0 0
 0 0 0 0 0 0 0 0 0 0 0 0 0 0 0 0 0 0 0 0 0 0 0 0 0 0 0 0 0 0 0 0 0 0 0 0
 0 0 0 0 0 0 0 0 0 0 0 0 0 0 0 0 0 0 0 0 0 0 0 0 0 0 0 0 0 0 0 0 0 0 0 0
 0 0 0 0 0 0 0 0 0 0 0 0 0 0 0 0 0 0 0 0 0 0 0 0 0 0 0 0 0 0 0 0 0 0 0 0
 0 0 0 0 0 0 0 0 0 0 0 0 0 0 0 0 0 0 0 0 0 0 0 0 0 0 0 0 0 0 0 0 0 0 0 0
 0 0 0 0 0 0 0 0 0 0 0 0 0 0 0 0 0 0 0 0 0 0 0 0 0 0 0 0 0 0 0 0 0 0 0 0
 0 0 0 0 0 0 0 0 1.78061e-05 0.00172719 0.00360574 0.0105946 0.0120993 0.0124554 0.0147524 0.0171206 0.0266825 0.0428682 0.0675386 0.121331 0.153587 0.119568 0.100827 0.0573624 0.0630603 0.0341343 0.0324427 0.0444173 0.0211091 0.0280891 0.0125444 0.00206551 0 0 0 0
 0 0 0 0 0 0 0 0 0 0 0 0 0 0 0 0 0 0 0 0 0 0 0 0 0 0 0 0 0 0 0 0 0 0 0 0
 0 0 0 0 0 0 0.0133647 0.0140871 0.0187388 0.0205184 0.03894 0.0496705 0.03968 0.0493445 0.0407372 0.0367815 0.0215668 0.0243155 0.0234873 0.0199281 0.019796 0.0243948 0.0301388 0.0376714 0.0412746 0.0863199 0.0771752 0.113111 0.0741005 0.0525337 0.0229764 0.00759418 0.00175318 0 0 0
 0 0 0 0 0 0 0 0 0 0 0.00219441 0.00772107 0.0458388 0.0604681 0.0671733 0.0775358 0.0609151 0.0617685 0.073594 0.0568108 0.0755445 0.0548602 0.0670107 0.0636378 0.0643287 0.046367 0.0373049 0.0286899 0.0247887 0.0153202 0.00654259 0.00121912 0.000365735 0 0 0
 0 0 0 0 0 0 0 0 0 0 0 0 0.000112435 0.00938835 0.0111873 0.0202946 0.0414886 0.0713402 0.111592 0.104902 0.108894 0.110636 0.117776 0.105296 0.107544 0.0401394 0.0192827 0.0124803 0.00416011 0.0028671 0.000618394 0 0 0 0 0
 0 0 0 0 0 0 0 0 0 0 0.00291406 0.0102884 0.027416 0.0768956 0.0749926 0.110853 0.0956884 0.0897413 0.0766577 0.0534642 0.0500743 0.0551293 0.0594112 0.0620874 0.0668451 0.0424026 0.0208742 0.0120726 0.0048766 0.00582813 0.00118941 0.000297354 0 0 0 0
 0 0.00264628 0.0354308 0.0461629 0.0458689 0.0383711 0.0214643 0.0164657 0.0346957 0.0420465 0.0363128 0.0245516 0.0311673 0.0291091 0.0169068 0.0133784 0.00837989 0.0085269 0.0148486 0.0160247 0.0276389 0.0546898 0.0760071 0.122758 0.109233 0.0665981 0.0333725 0.0166128 0.00676272 0.00308733 0.000882094 0 0 0 0 0
 0 0 0 0 0 0 0 0.000805153 0.000690131 0.00759144 0.0133425 0.0154129 0.00931677 0.000345066 0.00356568 0.00563607 0.00851162 0.0253048 0.0502646 0.0516448 0.0657925 0.0565908 0.0611916 0.0827007 0.0866115 0.110766 0.145733 0.0935128 0.0569358 0.0249597 0.0138026 0.00621118 0.00161031 0.00115022 0 0
 0 0 0 0 0 0 0 0 0 0 0 0 0 0 0 0 0 0 0 0 0 0 0 0 0 0 0 0 0 0 0 0 0 0 0 0
 0.00147267 0.00158595 0.00478618 0.00569244 0.00954404 0.0108468 0.00647125 0.017049 0.0510054 0.094081 0.124002 0.0959785 0.0687766 0.0820023 0.061753 0.0591476 0.0492212 0.0479892 0.0443925 0.0268479 0.0217502 0.0140895 0.0121071 0.0120363 0.00920419 0.00665534 0.0049561 0.00860946 0.00930331 0.0156896 0.0114698 0.00855282 0.00243557 0.00046729 0 2.83206e-05
 0 0 0 0 0.000772559 0.00158375 0.000888443 0.00281984 0.00712685 0.0440552 0.0773331 0.111326 0.0921469 0.0852325 0.0710754 0.0886704 0.0786465 0.0553345 0.0373146 0.0185414 0.00753245 0.00457741 0.012979 0.0271748 0.0457355 0.0583668 0.034881 0.0177882 0.00938659 0.00492506 0.0015258 0.00185414 0.000309023 5.79419e-05 3.86279e-05 0
 0 0.00173294 0.00326652 0 0.00397197 0.00683976 0.00946217 0.0152591 0.00757587 0.0136028 0.0228656 0.0392903 0.0559909 0.0764795 0.0681675 0.0726916 0.0566044 0.0477403 0.0527397 0.0444891 0.0609904 0.0582453 0.0661739 0.0445044 0.0529084 0.0360697 0.0280645 0.0235558 0.0158879 0.00826598 0.00280645 0.00217768 0.000904811 0.00058276 9.20147e-05 0
 0 0 0 0 0 0 0 0 0 0 0 0 0 0 0 0 0 0 0 0 0 0 0 0 0 0 0 0 0 0 0 0 0 0 0 0
 0 0 0 0 0 0 0 0 0 0 0 0 0 0 0 0 0 0 0 0 0 0 0 0 0 0 0 0 0 0 0 0 0 0 0 0
 0 0 0 0 0 0 0 0 0 0 0 0 0 0 0 0 0 0 0 0 0 0 0 0 0 0 0 0 0 0 0 0 0 0 0 0
ppred_pel_tallas
 1.09134e-16 1.45593e-05 8.54061e-05 0.000405889 0.00156254 0.00487249 0.0123078 0.0251856 0.0417564 0.0561033 0.0611191 0.0540724 0.0390585 0.0235062 0.0127427 0.00790002 0.00753275 0.00988832 0.0138713 0.0189217 0.0246452 0.0306044 0.0362906 0.0411941 0.0449045 0.0471901 0.0480292 0.0475816 0.0461162 0.0439241 0.0412488 0.0382533 0.0350267 0.0316144 0.0280564 0.0244136
 1.08756e-16 1.57672e-05 9.24989e-05 0.000439612 0.00169239 0.00527741 0.0133306 0.0272782 0.0452244 0.0607588 0.0661801 0.0585243 0.0422183 0.0252959 0.0135093 0.00806341 0.0073704 0.00951418 0.0133012 0.018135 0.0236191 0.0293303 0.0347799 0.0394796 0.0430361 0.045227 0.0460319 0.0456036 0.0441998 0.0420995 0.039536 0.0366655 0.0335732 0.0303028 0.0268927 0.0234011
 1.09841e-16 1.02418e-05 6.0052e-05 0.000285337 0.00109836 0.00342494 0.00865152 0.0177051 0.0293597 0.0394638 0.0430358 0.038178 0.0278037 0.0171861 0.0101396 0.00754493 0.00847263 0.011758 0.0166516 0.0227079 0.0295119 0.0365387 0.0431651 0.04877 0.052861 0.0551727 0.0557053 0.0546871 0.0524829 0.0494833 0.0460141 0.0422922 0.0384307 0.0344762 0.0304562 0.0264152
 1.09429e-16 1.83062e-05 0.000107413 0.000510536 0.00196549 0.00612911 0.0154818 0.031679 0.0525162 0.070542 0.0768014 0.067834 0.048754 0.0288513 0.0147524 0.00779255 0.00606518 0.00730252 0.0101187 0.0138844 0.0182756 0.0230004 0.0277242 0.0320976 0.0358158 0.0386691 0.0405655 0.0415182 0.0416072 0.0409349 0.0395924 0.0376489 0.0351616 0.0321963 0.0288464 0.0252397
 1.05046e-16 2.58415e-05 0.000151652 0.000720847 0.00277524 0.00865428 0.0218601 0.0447296 0.0741477 0.0995886 0.108399 0.09568 0.0686311 0.040337 0.0201074 0.00976626 0.00654907 0.00717925 0.00963623 0.0129931 0.0167931 0.0206712 0.024248 0.0271607 0.0291333 0.0300341 0.0298966 0.0288939 0.0272794 0.0253151 0.0232132 0.0211065 0.0190506 0.0170483 0.0150823 0.0131413
 1.03829e-16 1.88865e-05 0.000110802 0.000526609 0.00202731 0.00632184 0.0159688 0.0326769 0.0541755 0.0727861 0.0792844 0.0701217 0.0506038 0.0303571 0.0162742 0.00979675 0.00901254 0.0116024 0.0160932 0.0217043 0.0278748 0.0340009 0.0394093 0.0434578 0.0456728 0.0458566 0.0441261 0.0408666 0.0366219 0.0319585 0.02735 0.0231111 0.0193896 0.0162012 0.0134849 0.0111547
 1.03057e-16 2.73446e-05 0.000160477 0.000762805 0.00293679 0.00915807 0.0231326 0.0473332 0.0784628 0.105382 0.114699 0.101225 0.0725759 0.0425896 0.0211082 0.0100503 0.00647897 0.00691895 0.00923097 0.0124433 0.0160931 0.0198227 0.0232624 0.0260542 0.0279176 0.028707 0.028435 0.0272525 0.0253975 0.0231308 0.0206806 0.0182123 0.015825 0.0135667 0.0114576 0.00950911
 1.02569e-16 2.32508e-05 0.00013643 0.000648459 0.00249649 0.00778496 0.0196645 0.040238 0.0667062 0.0896065 0.0975675 0.0861991 0.0620043 0.0367917 0.0189876 0.0102928 0.00827807 0.0100321 0.0137295 0.0184646 0.0236811 0.0288415 0.0333633 0.0366952 0.0384334 0.0384132 0.0367427 0.0337625 0.0299507 0.025805 0.0217427 0.0180422 0.0148352 0.0121361 0.00988919 0.00801367
 1.02517e-16 2.57105e-05 0.000150878 0.000717158 0.00276102 0.00860991 0.0217481 0.0445008 0.0737698 0.0990852 0.107862 0.0952327 0.068368 0.0402985 0.0203034 0.0102169 0.00730745 0.00832625 0.0112585 0.0151549 0.0195073 0.0238754 0.0277915 0.0308084 0.0325877 0.032973 0.0320187 0.0299614 0.0271496 0.023955 0.0206973 0.0175999 0.0147841 0.0122888 0.0101039 0.00820045
 1.023e-16 2.55325e-05 0.00014983 0.000712175 0.00274183 0.00855005 0.021597 0.0441917 0.073258 0.0983997 0.107121 0.0945904 0.0679332 0.0400948 0.0202974 0.010371 0.0076103 0.00879238 0.0119122 0.0160121 0.0205612 0.0250871 0.0290871 0.0320847 0.0337264 0.0338604 0.0325665 0.0301228 0.0269265 0.0233957 0.019884 0.0166326 0.0137624 0.0112985 0.00920778 0.00743577
 1.03762e-16 1.34999e-05 7.91698e-05 0.000376204 0.00144818 0.00451582 0.0114071 0.023344 0.0387089 0.0520261 0.0567231 0.0502917 0.0365632 0.0224746 0.0130322 0.00936456 0.0102055 0.0139715 0.0196242 0.0265291 0.0341021 0.0416312 0.0482975 0.0533126 0.0560882 0.0563678 0.0542767 0.0502681 0.0449939 0.039142 0.0332978 0.0278635 0.0230456 0.0188931 0.0153596 0.0123617
 1.07319e-16 1.35093e-05 7.92407e-05 0.000376576 0.00144967 0.00452052 0.0114188 0.0233666 0.0387415 0.0520555 0.0567172 0.0501964 0.036299 0.0219268 0.0120361 0.00769524 0.00758405 0.0100974 0.0142351 0.0194841 0.0254699 0.0317602 0.0378379 0.04317 0.0473065 0.0499623 0.0510555 0.0506882 0.0490869 0.046526 0.0432652 0.039516 0.0354424 0.0311783 0.0268506 0.0225909
 1.06782e-16 2.20972e-05 0.000129669 0.00061634 0.00237286 0.00739947 0.0186906 0.0382445 0.0633987 0.0851553 0.0926991 0.0818463 0.0587611 0.0346435 0.0174712 0.00882714 0.00637458 0.00733928 0.0100158 0.013623 0.017766 0.0221098 0.02629 0.0299434 0.032774 0.0346084 0.0354183 0.0353005 0.0344281 0.0329907 0.031148 0.0290081 0.0266343 0.0240663 0.0213467 0.0185368
 1.04002e-16 2.41893e-05 0.000141945 0.000674689 0.0025975 0.00809998 0.0204601 0.0418655 0.0694023 0.093222 0.101488 0.0896241 0.0643838 0.0380351 0.01932 0.00997963 0.00745887 0.00871206 0.0118451 0.0159524 0.020528 0.0251167 0.0292318 0.0324102 0.0343076 0.0347735 0.0338792 0.0318842 0.0291582 0.0260852 0.0229828 0.0200582 0.0174052 0.0150314 0.0128991 0.0109613
 1.02526e-16 2.58253e-05 0.000151551 0.000720356 0.00277333 0.00864829 0.0218451 0.0446993 0.074099 0.0995282 0.108347 0.0956648 0.0686882 0.040507 0.0204445 0.0103457 0.00746866 0.0085496 0.0115607 0.0155396 0.0199626 0.0243706 0.028278 0.0312239 0.0328659 0.0330561 0.0318694 0.029572 0.0265445 0.0231872 0.0198383 0.0167275 0.0139691 0.0115857 0.00954554 0.0077971
 1.02231e-16 2.47888e-05 0.000145463 0.000691407 0.00266186 0.00830067 0.020967 0.042903 0.0711225 0.0955338 0.104008 0.0918568 0.0660039 0.0390244 0.0198816 0.0103642 0.00785785 0.0092417 0.0125694 0.0168995 0.0216912 0.026448 0.0306377 0.0337555 0.0354281 0.0354969 0.03405 0.0313867 0.0279336 0.0241388 0.0203821 0.0169223 0.0138894 0.0113089 0.00914328 0.00733012
 1.02832e-16 2.13359e-05 0.000125187 0.000595003 0.00229066 0.0071431 0.0180432 0.0369209 0.0612086 0.0822258 0.0895424 0.0791359 0.0569821 0.0339296 0.0177283 0.00996141 0.00842397 0.0104644 0.0144167 0.0194406 0.0249947 0.0305329 0.0354528 0.0391774 0.0412743 0.0415522 0.0400967 0.0372322 0.0334281 0.0291817 0.0249173 0.0209282 0.0173676 0.0142761 0.0116258 0.00936262
 1.03535e-16 2.18367e-05 0.000128131 0.000609009 0.0023446 0.00731132 0.018468 0.0377899 0.0626477 0.0841547 0.0916314 0.0809547 0.0582321 0.0345546 0.0178372 0.00968053 0.00780936 0.00949975 0.0130525 0.0176372 0.0227547 0.0279226 0.0326102 0.0363031 0.0386069 0.0393307 0.0385201 0.0364263 0.0334274 0.0299296 0.0262839 0.0227378 0.01943 0.016413 0.0136905 0.0112486
 1.04011e-16 2.0223e-05 0.000118655 0.00056395 0.00217111 0.00677027 0.0171014 0.0349939 0.0580142 0.0779355 0.0848726 0.0750143 0.0540263 0.032194 0.0168669 0.00955187 0.00816611 0.0102048 0.0140972 0.0190541 0.024567 0.0301197 0.0351379 0.0390669 0.0414844 0.0421916 0.0412486 0.0389381 0.0356787 0.0319157 0.0280292 0.0242817 0.0208131 0.0176672 0.0148343 0.0122883
 1.03292e-16 2.62169e-05 0.000153854 0.000731314 0.00281554 0.00877993 0.0221775 0.0453792 0.0752247 0.101036 0.109977 0.097078 0.0696456 0.0409569 0.0204604 0.0100106 0.00680695 0.00752769 0.010122 0.0136432 0.0176155 0.021649 0.0253349 0.0282792 0.0301784 0.0308829 0.030422 0.02898 0.0268362 0.0242909 0.021602 0.0189502 0.0164356 0.0140966 0.0119381 0.00995618
 1.02604e-16 2.43637e-05 0.000142967 0.000679539 0.00261616 0.00815817 0.0206071 0.0421666 0.069902 0.0938953 0.102226 0.0902893 0.0648901 0.038391 0.0196052 0.0102954 0.00789635 0.00934409 0.0127262 0.0171137 0.0219671 0.026786 0.0310335 0.0342006 0.0359119 0.0360101 0.0345869 0.0319467 0.0285204 0.0247589 0.0210407 0.0176207 0.0146217 0.0120622 0.00989831 0.00806424
 1.03101e-16 2.08793e-05 0.000122506 0.00058226 0.0022416 0.00699009 0.0176567 0.0361301 0.0598979 0.080466 0.0876282 0.0774495 0.0557796 0.0332373 0.0174102 0.00985245 0.00841127 0.0104964 0.0144798 0.0195386 0.0251379 0.0307342 0.0357261 0.0395355 0.0417278 0.0421072 0.0407535 0.0379839 0.0342605 0.0300738 0.0258427 0.021858 0.0182727 0.0151302 0.0124075 0.010057
 1.03612e-16 2.25703e-05 0.000132439 0.000629494 0.00242348 0.00755731 0.0190894 0.039061 0.0647542 0.0869817 0.0947024 0.0836511 0.0601353 0.0356107 0.0182478 0.00968796 0.00756637 0.00905835 0.0124069 0.0167654 0.0216447 0.0265857 0.0310869 0.0346615 0.0369345 0.0377215 0.0370599 0.0351802 0.0324318 0.0291916 0.0257852 0.0224432 0.0192957 0.0163948 0.0137484 0.0113503
 1.03878e-16 2.05125e-05 0.000120354 0.00057203 0.00220221 0.00686728 0.0173465 0.0354953 0.0588453 0.0790516 0.0860871 0.0760854 0.0547926 0.0326403 0.0170816 0.00964243 0.00820756 0.0102334 0.0141242 0.0190779 0.0245788 0.0301052 0.0350787 0.0389419 0.0412734 0.0418789 0.0408266 0.0384099 0.0350589 0.0312289 0.0273071 0.0235588 0.020122 0.017035 0.0142801 0.0118221
 1.06078e-16 1.06875e-05 6.26609e-05 0.000297724 0.00114602 0.00357356 0.009027 0.018474 0.0306362 0.0411843 0.0449243 0.0398825 0.0291082 0.0181171 0.0109071 0.00841668 0.00969257 0.0135247 0.0191153 0.0259553 0.0335354 0.0412056 0.0482023 0.0537759 0.0573484 0.0586357 0.0576957 0.0548833 0.0507356 0.0458296 0.0406616 0.03558 0.0307779 0.0263291 0.022242 0.018506
pSPR Fmed_Fpbrs
0.591867   0.255595 0.255595
Fs Fmed_Fpbrs
0.288194   1.005 1.005
SSBpbr Bo_Bmed_Bpbrs
1.0289e+06  557527  211537 211537
Ro
39340.1
SPR SPRFo_SPRFmed_SPRFpbrs
808944 478787 206762
log_Ro
10.4
likeval ReclasPelacesDesembMPH_pf_preclas_ppelaces_ptallas_desvR_qrecl_qpela
 107.852 87.887 0.0621664 0.000678787 347.642 205.788 81.6818 0 14.644 0 0 0 0 0 0
q_reclas_q_pelaces
1 1
M
0.7
N
 43456 23388.5 11614.4 5767.53 5689.29
 40923.3 19914.9 9891.56 4912 4845.37
 16685.1 18270 7993.14 3970.13 3916.27
 21950.9 6320.72 5279.85 2309.94 2279.09
 48651.5 10102.1 2695.85 2251.91 1957.27
 40202.9 23732 4840.56 1291.75 2016.88
 78317.9 15892.1 7467.69 1523.17 1041.12
 84458.5 34262.6 6124.98 2878.13 988.303
 116390 33871 11096.7 1983.71 1252.23
 158315 46994.6 11119.9 3643.07 1062.36
 66452.5 68691.9 17816.5 4215.74 1783.91
 38106 25366.7 20156.5 5227.95 1760.5
 45145.6 14693.8 7595.37 6035.33 2092.51
 31432.7 15187 3348.53 1730.89 1852.23
 19897.9 7957.17 1959.9 432.131 462.405
 16208.2 5717.32 1322.93 325.845 148.722
 14167.6 6342.37 1762.93 407.923 146.332
 15779.2 5833.54 2165.36 601.885 189.229
 16012.7 6872.94 2228.72 827.281 302.247
 30336.6 7070.07 2698.14 874.937 443.423
 43159.9 13436.2 2792.86 1065.83 520.786
 49204.7 20376.9 6031.13 1253.63 712.188
 70340.3 22858.7 8855.9 2621.16 854.355
 77484.2 32155.6 9619.67 3726.85 1462.61
 32842.4 35302.6 13441.6 4021.19 2169.28
pred_Ctot
 2422.09 2518.25 1250.53 620.992 612.568
 2990 2780.13 1380.87 685.719 676.417
 2890.17 5665.03 2478.46 1231.03 1214.33
 1161.26 647.103 540.541 236.487 233.329
 619.95 255.441 68.167 56.9415 49.4913
 5975.28 6417.71 1309 349.32 545.413
 6752.94 2596.29 1220 248.84 170.088
 11831.7 8782.29 1569.97 737.731 253.325
 15832.5 8452.82 2769.29 495.055 312.507
 14485.8 8119.76 1921.3 629.451 183.556
 11222.4 20825.9 5401.57 1278.12 540.843
 6214.49 7455.39 5924.1 1536.52 517.419
 10709.5 5975.28 3088.68 2454.29 850.925
 11513.7 8705.13 1919.36 992.138 1061.69
 6221.06 4045.96 996.544 219.724 235.118
 2505.32 1601.64 370.603 91.2818 41.6627
 1759.47 1456.24 404.778 93.6615 33.5987
 1404.89 982.313 364.626 101.352 31.8644
 1285.48 1049.38 340.287 126.312 46.1479
 2374.07 1053.66 402.107 130.393 66.084
 1533.31 933.88 194.117 74.0805 36.1971
 2290.73 1843.19 545.544 113.397 64.4208
 4037.21 2531.79 980.866 290.315 94.6271
 4620.83 3695.29 1105.48 428.287 168.082
 2145.78 4428.69 1686.24 504.456 272.135
F
 0.0802815 0.160563 0.160563 0.160563 0.160563
 0.106442 0.212883 0.212883 0.212883 0.212883
 0.270681 0.541361 0.541361 0.541361 0.541361
 0.0760591 0.152118 0.152118 0.152118 0.152118
 0.0178589 0.0357179 0.0357179 0.0357179 0.0357179
 0.228119 0.456238 0.456238 0.456238 0.456238
 0.126723 0.253445 0.253445 0.253445 0.253445
 0.213702 0.427404 0.427404 0.427404 0.427404
 0.206912 0.413824 0.413824 0.413824 0.413824
 0.134954 0.269908 0.269908 0.269908 0.269908
 0.263053 0.526105 0.526105 0.526105 0.526105
 0.252948 0.505897 0.505897 0.505897 0.505897
 0.389452 0.778904 0.778904 0.778904 0.778904
 0.673774 1.34755 1.34755 1.34755 1.34755
 0.547113 1.09423 1.09423 1.09423 1.09423
 0.238263 0.476526 0.476526 0.476526 0.476526
 0.187332 0.374664 0.374664 0.374664 0.374664
 0.131099 0.262199 0.262199 0.262199 0.262199
 0.117515 0.23503 0.23503 0.23503 0.23503
 0.114402 0.228805 0.228805 0.228805 0.228805
 0.0505096 0.101019 0.101019 0.101019 0.101019
 0.0666592 0.133318 0.133318 0.133318 0.133318
 0.0827599 0.16552 0.16552 0.16552 0.16552
 0.0861162 0.172232 0.172232 0.172232 0.172232
 0.0946996 0.189399 0.189399 0.189399 0.189399
YTP_r0W_actual
 24032.7 97431.2 55645.8 20733.1 11647.4
YTP_p0W_proyectada
 87066.4 153119 218281 108418 52282.8
 87066.4 108654 40578.8 51758.8 26608.5
CTP_r0_actual
 2145.78 4428.69 1686.24 504.456 272.135
CTP_p0_proyectada
 10243.1 7155.11 6996.19 2663.82 1124.36
 10243.1 5077.31 1300.6 1271.71 572.225
Wmedp
 8.5 21.4 31.2 40.7 46.5
nmprior
 10.6 11 7 0
nm_flota  nm_reclas  nm_pelaces    nm_pelaL
inf 14.2262 11.9399 25.1248
cv_recla  cv_pelaces  cv_mph
0.939373 1.063 0.845289
 ------------------------------------------------
Talla a la edad & desviaci?n 
 7.2 14.2025 17.0495 18.207 18.6776
 1.08 2.13037 2.55742 2.73105 2.80164
