    unsorted:	 2.395078968e-06 1.023507281e-05 6.535161989e-06 0.0008999979133 0.005563157878 42.43593941 67.89250164 99.66719887 116.5522606 154.0359336 305.9811616 459.5253456 489.2310515 639.4313415 696.1828858 747.1654866 803.0289093 910.8838601 963.2586278 1034.908164 1108.695892 1238.467453 1282.106874 1360.225038 1534.072400 1620.347882 1817.881251 1920.129301 2279.553778 2277.823974 2611.777311 3039.828675 3114.107318 3445.326181 3656.752726 3824.639559 11928.24048 31311.56370 37898.44880 196445.8224 271656.6134 358748.6381 437205.5672 492012.4536 522076.5740 559422.9007 570695.2868 598561.7339 617336.1211 668479.1136 743228.9741 764775.4444 837421.4080 979338.4504 1029604.542 1172180.401 1332323.341 1440554.420 1609027.048 1757989.241 1972890.272 2140364.171 2379756.891 2526250.734 5120043.219
      sorted:	 2.395078968e-06 6.535161989e-06 1.023507281e-05 0.0008999979133 0.005563157878 42.43593941 67.89250164 99.66719887 116.5522606 154.0359336 305.9811616 459.5253456 489.2310515 639.4313415 696.1828858 747.1654866 803.0289093 910.8838601 963.2586278 1034.908164 1108.695892 1238.467453 1282.106874 1360.225038 1534.072400 1620.347882 1817.881251 1920.129301 2277.823974 2279.553778 2611.777311 3039.828675 3114.107318 3445.326181 3656.752726 3824.639559 11928.24048 31311.56370 37898.44880 196445.8224 271656.6134 358748.6381 437205.5672 492012.4536 522076.5740 559422.9007 570695.2868 598561.7339 617336.1211 668479.1136 743228.9741 764775.4444 837421.4080 979338.4504 1029604.542 1172180.401 1332323.341 1440554.420 1609027.048 1757989.241 1972890.272 2140364.171 2379756.891 2526250.734 5120043.219
