years
 1997 1998 1999 2000 2001 2002 2003 2004 2005 2006 2007 2008 2009 2010 2011 2012 2013 2014 2015 2016 2017 2018 2019 2020 2021
reclasobs
 0 0 0 370054 412103 1.49427e+06 250295 1.28982e+06 931140 785840 897777 1.04006e+06 184774 17550 25797 100020 73551 82996 120727 218422 84188 347160 605670 569463 516374
reclaspred
 1.61148e+06 210557 277044 105287 241924 249621 548869 450072 611421 1.00913e+06 881714 564508 356339 155408 95062.8 89665.7 101209 120904 105870 174655 294436 258395 432412 496287 418952
pelacesobs
 0 0 0 0 0 0 0 0 0 2.06254e+06 1.5e+06 0 1.87456e+06 323000 250000 174000 83755 137374 0 501740 490994 745055 786931 1.00524e+06 1.33801e+06
pelacespred
 1.17061e+06 413777 130253 111269 224475 165766 530406 429778 587477 973448 736167 484555 321917 110862 68456.9 69207.4 81375.7 99130.1 86709.4 144830 273396 231304 306205 410639 327924
mphobs
 0 0 0 0 0 112323 0 153150 637223 0 255016 313432 73983 77613 109348 50772 0 0 0 0 0 0 0 0 0
mphpred
 676533 287988 130989 61773.8 53024.8 130852 149693 194456 205954 290333 479244 337858 189653 106594 45660.7 35661.6 40204.6 48799.4 52350.1 51063.6 100009 129221 148285 207627 238216
desembarqueobs
 350755 77701 442110 56441 14545 235359 269955 359681 431902 328805 639364 411747 362871 311530 167758 66681 60226 58785 57116 73181 50977 67692 138656 160484 209506
desembarquepred
 350743 77678.8 441578 56420.5 14544 235247 269875 359216 431522 328586 638738 411431 362369 311129 167448 66638.3 60210.3 58749.2 57076 73121.4 50965.7 67657.1 138590 160417 209426
Reclutas
 10320.2 16100.4 2359.19 13413.6 55540.6 19813.3 56533.9 72458.8 101207 207698 56416.5 26368 52499.8 22652.2 14801 15401.2 10507.9 10399 8704.59 28267 31950.8 32511.4 62115.8 52477 2495.12
log_desv_Rt
 -0.858138 -0.4134 -2.33392 -0.595978 0.82487 -0.205893 0.842597 1.09077 1.42492 2.14384 0.840517 0.0799069 0.768564 -0.0719896 -0.497548 -0.457802 -0.840114 -0.850538 -1.02839 0.149451 0.271953 0.289345 0.936756 0.76813 -2.27791
SSB
 1.7805e+06 757928 344736 162576 139551 344378 393961 511771 542031 764098 1.26128e+06 889174 499129 280534 120170 93854.3 105810 128430 137775 134389 263205 340084 390256 546434 626938
BT
 2.31793e+06 908074 478608 264580 414136 479539 1.14427e+06 1.15662e+06 1.44308e+06 2.0477e+06 1.87152e+06 1.23694e+06 934777 495234 261592 178632 194441 224868 204805 319200 529726 478160 644900 865602 754612
Ftot
 0.140603 0.254569 0.949574 0.482226 0.0979245 0.666879 0.581704 0.976679 0.905157 0.463416 0.534411 0.503961 0.935425 1.54961 1.69181 0.728848 0.557795 0.436957 0.428155 0.528096 0.171686 0.214701 0.285131 0.274458 0.312088
BD_Bspro_t
 0.978147 0.841579 0.622377 0.292669 0.412131 0.685688 0.537634 0.550579 0.520516 0.556224 0.64121 0.480005 0.347106 0.262005 0.150336 0.147516 0.215898 0.323611 0.39467 0.447793 0.636163 0.743771 0.736289 0.739842 0.709335
BD_Bspro
 3.55701 1.51416 0.6887 0.324788 0.278789 0.687984 0.787039 1.02239 1.08285 1.52648 2.51972 1.77636 0.997139 0.560439 0.24007 0.187498 0.211384 0.256573 0.275242 0.268478 0.52582 0.679406 0.779636 1.09164 1.25247
BD_Bo
 1.86085 0.792129 0.360293 0.169913 0.145848 0.359918 0.411739 0.534864 0.566491 0.798578 1.31819 0.929298 0.521652 0.293193 0.125593 0.0980895 0.110585 0.134226 0.143992 0.140454 0.275082 0.355431 0.407866 0.571092 0.655229
BD_Brms
 6.19683 2.63788 1.19982 0.565829 0.485691 1.19857 1.37114 1.78116 1.88648 2.65936 4.38973 3.09467 1.73716 0.976367 0.418238 0.32665 0.368261 0.446988 0.479511 0.467727 0.916056 1.18363 1.35824 1.9018 2.18199
S_f
 0.145711 1 1 1 1
 0.145711 1 1 1 1
 0.145711 1 1 1 1
 0.145711 1 1 1 1
 0.145711 1 1 1 1
 0.145711 1 1 1 1
 0.145711 1 1 1 1
 0.145711 1 1 1 1
 0.145711 1 1 1 1
 0.145711 1 1 1 1
 0.145711 1 1 1 1
 0.145711 1 1 1 1
 0.145711 1 1 1 1
 0.145711 1 1 1 1
 0.145711 1 1 1 1
 0.145711 1 1 1 1
 0.145711 1 1 1 1
 0.145711 1 1 1 1
 0.145711 1 1 1 1
 0.145711 1 1 1 1
 0.145711 1 1 1 1
 0.145711 1 1 1 1
 0.145711 1 1 1 1
 0.145711 1 1 1 1
 0.145711 1 1 1 1
Scru_reclas
 0.891881 1 1 1 1
 0.891881 1 1 1 1
 0.891881 1 1 1 1
 0.891881 1 1 1 1
 0.891881 1 1 1 1
 0.891881 1 1 1 1
 0.891881 1 1 1 1
 0.891881 1 1 1 1
 0.891881 1 1 1 1
 0.891881 1 1 1 1
 0.891881 1 1 1 1
 0.891881 1 1 1 1
 0.891881 1 1 1 1
 0.891881 1 1 1 1
 0.891881 1 1 1 1
 0.891881 1 1 1 1
 0.891881 1 1 1 1
 0.891881 1 1 1 1
 0.891881 1 1 1 1
 0.891881 1 1 1 1
 0.891881 1 1 1 1
 0.891881 1 1 1 1
 0.891881 1 1 1 1
 0.891881 1 1 1 1
 0.891881 1 1 1 1
Scru_pelaces
 1 1 1 1 1
 1 1 1 1 1
 1 1 1 1 1
 1 1 1 1 1
 1 1 1 1 1
 1 1 1 1 1
 1 1 1 1 1
 1 1 1 1 1
 1 1 1 1 1
 1 1 1 1 1
 1 1 1 1 1
 1 1 1 1 1
 1 1 1 1 1
 1 1 1 1 1
 1 1 1 1 1
 1 1 1 1 1
 1 1 1 1 1
 1 1 1 1 1
 1 1 1 1 1
 1 1 1 1 1
 1 1 1 1 1
 1 1 1 1 1
 1 1 1 1 1
 1 1 1 1 1
 1 1 1 1 1
pf_obs 
 0.256992 0.487395 0.22802 0.0275931 0
 0.321318 0.546541 0.124235 0.00734118 0.000564706
 0.182869 0.594174 0.210203 0.0122559 0.00049798
 0.330522 0.361315 0.267642 0.0388342 0.00168674
 0.649043 0.306663 0.0425973 0.00169635 0
 0.582887 0.30429 0.105238 0.00758474 0
 0.465427 0.430635 0.0974691 0.00646863 0
 0.296916 0.608066 0.0921331 0.00288517 0
 0.311714 0.524322 0.152257 0.0117073 0
 0.15457 0.633149 0.183074 0.0267441 0.00246327
 0.131901 0.49318 0.331252 0.0422183 0.00144891
 0.196976 0.569456 0.194076 0.0375587 0.00193317
 0.518974 0.381816 0.0799577 0.0180837 0.00116848
 0.0928022 0.601141 0.25162 0.0475244 0.00691264
 0.122501 0.610282 0.24278 0.0234846 0.000952079
 0.383417 0.481906 0.127806 0.00687128 0
 0.0376549 0.599619 0.316969 0.0457579 0
 0.0361596 0.667082 0.258105 0.0386534 0
 0.158088 0.579412 0.248529 0.0139706 0
 0.0477256 0.309471 0.559284 0.082774 0.000745712
 0.0406174 0.521527 0.379366 0.0568643 0.0016247
 0.151134 0.462217 0.34131 0.0453401 0
 0.294876 0.26143 0.354403 0.0886775 0.000613685
 0.281977 0.475581 0.204845 0.0348837 0.00271318
 0.0841818 0.532909 0.334909 0.0458182 0.00218182
pf_pred 
 0.0222721 0.633106 0.304214 0.0404056 2.25345e-06
 0.068499 0.133504 0.516725 0.248292 0.0329799
 0.0219332 0.355582 0.0892154 0.345307 0.187963
 0.313362 0.137575 0.199615 0.0500834 0.299365
 0.519318 0.384109 0.0193493 0.0280749 0.0491482
 0.106296 0.791819 0.0814153 0.00410125 0.0163681
 0.376778 0.332174 0.257868 0.0265141 0.00666615
 0.325884 0.57116 0.0548753 0.0425999 0.00548139
 0.352733 0.54742 0.0845981 0.00812793 0.00712162
 0.409932 0.505079 0.0718791 0.0111082 0.00200235
 0.0812479 0.787436 0.112402 0.0159962 0.00291766
 0.0727509 0.409743 0.44354 0.0633128 0.0106537
 0.261328 0.301973 0.192973 0.20889 0.0348354
 0.159395 0.669833 0.0698126 0.044613 0.0563464
 0.234451 0.573279 0.15321 0.0159682 0.0230924
 0.297353 0.590042 0.0843238 0.0225358 0.00574544
 0.179832 0.662336 0.132538 0.0189411 0.00635264
 0.196965 0.5342 0.217101 0.0434432 0.00829081
 0.171217 0.56045 0.178502 0.0725439 0.0172868
 0.438049 0.357702 0.13812 0.0439907 0.0221382
 0.250244 0.655524 0.0599827 0.0231611 0.0110891
 0.191204 0.576971 0.202689 0.0185467 0.0105902
 0.292208 0.455055 0.180295 0.0633371 0.00910485
 0.179412 0.627788 0.123956 0.0491117 0.019733
 0.0101763 0.625284 0.27889 0.0550664 0.0305837
pobs_RECLAS
 0 0 0 0 0
 0 0 0 0 0
 0 0 0 0 0
 0 0 0 0 0
 0.835266 0.146461 0.0176864 0.000547809 3.91292e-05
 0.385257 0.428462 0.181853 0.0044286 0
 0.867414 0.0963971 0.0333333 0.00285562 0
 0.441836 0.489002 0.0689373 0.000224442 0
 0.779404 0.147425 0.0564933 0.0165055 0.000172143
 0.814271 0.122319 0.05973 0.00367925 0
 0.40263 0.566651 0.0304383 0.000280538 0
 0.475488 0.404961 0.113038 0.00651328 0
 0.955842 0.0263864 0.0167828 0.000988607 0
 0.975058 0.0227948 0.00214734 0 0
 0.738997 0.206755 0.0527124 0.00153531 0
 0.850938 0.134255 0.0134407 0.00136685 0
 0.542534 0.407297 0.0501686 0 0
 0.764087 0.199537 0.0359546 0.000420521 0
 0.470689 0.182191 0.310203 0.0369168 0
 0.84361 0.089868 0.0606195 0.00523954 0.000663233
 0.607945 0.314616 0.071237 0.00620181 0
 0.523733 0.453247 0.0230204 0 0
 0.530135 0.295979 0.169645 0.0042399 0
 0.562478 0.366248 0.0663022 0.0049721 0
 0.250443 0.683176 0.0655157 0.000865301 0
ppred_RECLAS
 0.123202 0.567752 0.27281 0.0362346 2.02083e-06
 0.313647 0.0983691 0.380736 0.182947 0.0243004
 0.129648 0.316421 0.0793901 0.307278 0.167262
 0.742735 0.0515458 0.0747906 0.0187649 0.112164
 0.869238 0.104491 0.00526366 0.00763733 0.01337
 0.433618 0.501813 0.0515967 0.00259916 0.0103732
 0.794206 0.109687 0.0851504 0.00875522 0.00220123
 0.763139 0.200686 0.0192813 0.0149681 0.00192598
 0.782642 0.183828 0.0284088 0.00272943 0.0023915
 0.814392 0.158874 0.0226098 0.00349411 0.000629844
 0.359811 0.548688 0.0783221 0.0111462 0.00203304
 0.332124 0.295128 0.319471 0.0456027 0.00767357
 0.701136 0.122177 0.0780762 0.0845162 0.0140943
 0.578383 0.335964 0.0350155 0.0223763 0.0282614
 0.694075 0.229091 0.0612252 0.00638113 0.00922808
 0.732727 0.224441 0.0320752 0.00857218 0.00218545
 0.58273 0.336972 0.06743 0.00963653 0.00323198
 0.607173 0.261319 0.106201 0.0212514 0.00405568
 0.565387 0.293899 0.0936062 0.0380419 0.00906519
 0.831972 0.106956 0.0412989 0.0131536 0.00661952
 0.673498 0.285466 0.0261211 0.0100861 0.00482905
 0.594341 0.289385 0.10166 0.00930228 0.00531162
 0.719974 0.180035 0.0713306 0.0250583 0.00360218
 0.576376 0.324092 0.0639914 0.0253537 0.0101871
 0.0602855 0.593629 0.264771 0.0522787 0.0290355
pobs_PELACES
 0 0 0 0 0
 0 0 0 0 0
 0 0 0 0 0
 0 0 0 0 0
 0 0 0 0 0
 0 0 0 0 0
 0 0 0 0 0
 0 0 0 0 0
 0 0 0 0 0
 0 0 0 0 0
 0.450072 0.473896 0.0757376 0.000293798 0
 0 0 0 0 0
 0.463077 0.371075 0.160297 0.00555027 0
 0.529543 0.364841 0.0842815 0.0213345 0
 0.631943 0.363953 0.00410389 0 0
 0.735681 0.248677 0.0153453 0.000297389 0
 0.695825 0.281241 0.0229344 0 0
 0.275771 0.60734 0.115278 0.00161068 0
 0 0 0 0 0
 0.896147 0.0623911 0.0374545 0.00400742 0
 0.803859 0.145111 0.0509908 3.86294e-05 0
 0.739449 0.233085 0.0266225 0.000797448 4.60066e-05
 0.878498 0.100942 0.0204185 0.000141795 0
 0.694673 0.275183 0.0284847 0.00165964 0
 0.469039 0.446079 0.0841089 0.000773354 0
ppred_PELACES
 0.140832 0.556335 0.267324 0.035506 1.98019e-06
 0.355045 0.0924358 0.357772 0.171913 0.0228347
 0.179175 0.298416 0.0748725 0.289793 0.157744
 0.787614 0.0425538 0.0617436 0.0154915 0.0925975
 0.884553 0.0922529 0.00464719 0.00674286 0.0118041
 0.508829 0.435176 0.044745 0.00225401 0.00899576
 0.836016 0.0874025 0.0678508 0.00697646 0.00175402
 0.826314 0.147159 0.0141386 0.0109758 0.00141228
 0.83899 0.136173 0.0210441 0.00202186 0.00177153
 0.848627 0.12957 0.0184395 0.00284963 0.000513671
 0.422845 0.494663 0.0706103 0.0100487 0.00183286
 0.391242 0.269004 0.291193 0.0415661 0.00699434
 0.773967 0.0924036 0.0590496 0.0639203 0.0106596
 0.704208 0.235701 0.0245656 0.0156984 0.0198272
 0.803862 0.146877 0.0392534 0.00409114 0.00591641
 0.790575 0.175863 0.0251328 0.00671681 0.00171243
 0.646951 0.285109 0.057052 0.00815339 0.00273455
 0.662187 0.224722 0.091328 0.0182753 0.0034877
 0.622032 0.255594 0.0814061 0.0330838 0.00788369
 0.865643 0.0855233 0.0330231 0.0105178 0.00529305
 0.708244 0.255086 0.0233413 0.00901278 0.00431514
 0.635732 0.259857 0.0912874 0.00835311 0.00476964
 0.757521 0.155895 0.0617662 0.0216983 0.00311918
 0.622391 0.288888 0.0570405 0.0225997 0.0090805
 0.0728252 0.585708 0.261238 0.051581 0.028648
pobs_pel_tallas
 0 0 0 0 0 0 0 0 0 0 0 0 0 0 0 0 0 0 0 0 0 0 0 0 0 0 0 0 0 0 0 0 0 0 0 0
 0 0 0 0 0 0 0 0 0 0 0 0 0 0 0 0 0 0 0 0 0 0 0 0 0 0 0 0 0 0 0 0 0 0 0 0
 0 0 0 0 0 0 0 0 0 0 0 0 0 0 0 0 0 0 0 0 0 0 0 0 0 0 0 0 0 0 0 0 0 0 0 0
 0 0 0 0 0 0 0 0 0 0 0 0 0 0 0 0 0 0 0 0 0 0 0 0 0 0 0 0 0 0 0 0 0 0 0 0
 0 0 0 0 0 0 0 0 0 0 0 0 0 0 0 0 0 0 0 0 0 0 0 0 0 0 0 0 0 0 0 0 0 0 0 0
 0 0 0 0 0 0 0 0 0 0 0 0 0 0 0 0 0 0 0 0 0 0 0 0 0 0 0 0 0 0 0 0 0 0 0 0
 0 0 0 0 0 0 0 0 0 0 0 0 0 0 0 0 0 0 0 0 0 0 0 0 0 0 0 0 0 0 0 0 0 0 0 0
 0 0 0 0 0 0 0 0 0 0 0 0 0 0 0 0 0 0 0 0 0 0 0 0 0 0 0 0 0 0 0 0 0 0 0 0
 0 0 0 0 0 0 0 0 0 0 0 0 0 0 0 0 0 0 0 0 0 0 0 0 0 0 0 0 0 0 0 0 0 0 0 0
 0 0 0 0 0 0 0 0 0 0 0 0 0 0 0 0 0 0 0 0 0 0 0 0 0 0 0 0 0 0 0 0 0 0 0 0
 0 0 0 0 0 0 0 0 1.78061e-05 0.00172719 0.00360574 0.0105946 0.0120993 0.0124554 0.0147524 0.0171206 0.0266825 0.0428682 0.0675386 0.121331 0.153587 0.119568 0.100827 0.0573624 0.0630603 0.0341343 0.0324427 0.0444173 0.0211091 0.0280891 0.0125444 0.00206551 0 0 0 0
 0 0 0 0 0 0 0 0 0 0 0 0 0 0 0 0 0 0 0 0 0 0 0 0 0 0 0 0 0 0 0 0 0 0 0 0
 0 0 0 0 0 0 0.0133647 0.0140871 0.0187388 0.0205184 0.03894 0.0496705 0.03968 0.0493445 0.0407372 0.0367815 0.0215668 0.0243155 0.0234873 0.0199281 0.019796 0.0243948 0.0301388 0.0376714 0.0412746 0.0863199 0.0771752 0.113111 0.0741005 0.0525337 0.0229764 0.00759418 0.00175318 0 0 0
 0 0 0 0 0 0 0 0 0 0 0.00219441 0.00772107 0.0458388 0.0604681 0.0671733 0.0775358 0.0609151 0.0617685 0.073594 0.0568108 0.0755445 0.0548602 0.0670107 0.0636378 0.0643287 0.046367 0.0373049 0.0286899 0.0247887 0.0153202 0.00654259 0.00121912 0.000365735 0 0 0
 0 0 0 0 0 0 0 0 0 0 0 0 0.000112435 0.00938835 0.0111873 0.0202946 0.0414886 0.0713402 0.111592 0.104902 0.108894 0.110636 0.117776 0.105296 0.107544 0.0401394 0.0192827 0.0124803 0.00416011 0.0028671 0.000618394 0 0 0 0 0
 0 0 0 0 0 0 0 0 0 0 0.00291406 0.0102884 0.027416 0.0768956 0.0749926 0.110853 0.0956884 0.0897413 0.0766577 0.0534642 0.0500743 0.0551293 0.0594112 0.0620874 0.0668451 0.0424026 0.0208742 0.0120726 0.0048766 0.00582813 0.00118941 0.000297354 0 0 0 0
 0 0.00264628 0.0354308 0.0461629 0.0458689 0.0383711 0.0214643 0.0164657 0.0346957 0.0420465 0.0363128 0.0245516 0.0311673 0.0291091 0.0169068 0.0133784 0.00837989 0.0085269 0.0148486 0.0160247 0.0276389 0.0546898 0.0760071 0.122758 0.109233 0.0665981 0.0333725 0.0166128 0.00676272 0.00308733 0.000882094 0 0 0 0 0
 0 0 0 0 0 0 0 0.000805153 0.000690131 0.00759144 0.0133425 0.0154129 0.00931677 0.000345066 0.00356568 0.00563607 0.00851162 0.0253048 0.0502646 0.0516448 0.0657925 0.0565908 0.0611916 0.0827007 0.0866115 0.110766 0.145733 0.0935128 0.0569358 0.0249597 0.0138026 0.00621118 0.00161031 0.00115022 0 0
 0 0 0 0 0 0 0 0 0 0 0 0 0 0 0 0 0 0 0 0 0 0 0 0 0 0 0 0 0 0 0 0 0 0 0 0
 0.00147267 0.00158595 0.00478618 0.00569244 0.00954404 0.0108468 0.00647125 0.017049 0.0510054 0.094081 0.124002 0.0959785 0.0687766 0.0820023 0.061753 0.0591476 0.0492212 0.0479892 0.0443925 0.0268479 0.0217502 0.0140895 0.0121071 0.0120363 0.00920419 0.00665534 0.0049561 0.00860946 0.00930331 0.0156896 0.0114698 0.00855282 0.00243557 0.00046729 0 2.83206e-05
 0 0 0 0 0.000772559 0.00158375 0.000888443 0.00281984 0.00712685 0.0440552 0.0773331 0.111326 0.0921469 0.0852325 0.0710754 0.0886704 0.0786465 0.0553345 0.0373146 0.0185414 0.00753245 0.00457741 0.012979 0.0271748 0.0457355 0.0583668 0.034881 0.0177882 0.00938659 0.00492506 0.0015258 0.00185414 0.000309023 5.79419e-05 3.86279e-05 0
 0 0.00173294 0.00326652 0 0.00397197 0.00683976 0.00946217 0.0152591 0.00757587 0.0136028 0.0228656 0.0392903 0.0559909 0.0764795 0.0681675 0.0726916 0.0566044 0.0477403 0.0527397 0.0444891 0.0609904 0.0582453 0.0661739 0.0445044 0.0529084 0.0360697 0.0280645 0.0235558 0.0158879 0.00826598 0.00280645 0.00217768 0.000904811 0.00058276 9.20147e-05 0
 0 0 0 0 0 0 0 0 0 0 0 0 0 0 0 0 0 0 0 0 0 0 0 0 0 0 0 0 0 0 0 0 0 0 0 0
 0 0 0 0 0 0 0 0 0 0 0 0 0 0 0 0 0 0 0 0 0 0 0 0 0 0 0 0 0 0 0 0 0 0 0 0
 0 0 0 0 0 0 0 0 0 0 0 0 0 0 0 0 0 0 0 0 0 0 0 0 0 0 0 0 0 0 0 0 0 0 0 0
ppred_pel_tallas
 1.05196e-16 6.17679e-06 3.61718e-05 0.000171776 0.000661063 0.00206121 0.00520703 0.0106586 0.0176844 0.0237996 0.0260307 0.0232749 0.0173465 0.0115088 0.00817955 0.00803547 0.0106649 0.0154763 0.02204 0.0299751 0.0387596 0.0476585 0.055789 0.0622756 0.0664327 0.0679083 0.0667431 0.0633243 0.05826 0.052221 0.0458029 0.0394474 0.0334275 0.0278809 0.0228622 0.0183888
 1.12083e-16 1.54987e-05 9.09421e-05 0.000432255 0.00166413 0.00518936 0.0131079 0.0268209 0.0444605 0.0597149 0.0649968 0.057368 0.0411461 0.0241794 0.0120578 0.0058932 0.00406352 0.00466559 0.00658172 0.00938333 0.0129478 0.0172089 0.0220586 0.0273239 0.0327711 0.0381196 0.0430593 0.0472714 0.0504538 0.0523507 0.0527868 0.0516963 0.0491433 0.0453201 0.0405267 0.03513
 1.18489e-16 7.83707e-06 4.59458e-05 0.000218301 0.000840298 0.00262022 0.00661873 0.013545 0.022461 0.0301907 0.0329226 0.0292045 0.0212649 0.0131379 0.00774304 0.00575853 0.00648375 0.00904753 0.0129098 0.0177793 0.023405 0.0294643 0.0355628 0.041297 0.0463329 0.0504647 0.0536305 0.0558788 0.0573042 0.0579787 0.0579095 0.0570364 0.0552675 0.0525335 0.0488399 0.0442945
 1.0575e-16 3.43579e-05 0.000201669 0.000958677 0.00369101 0.0115101 0.0290735 0.0594872 0.0986027 0.132409 0.144056 0.126993 0.0907424 0.0526295 0.0249305 0.00994602 0.00387563 0.00227493 0.00245034 0.00328304 0.00441925 0.0057509 0.00721841 0.00876279 0.0103224 0.0118374 0.0132521 0.0145131 0.0155667 0.0163573 0.0168295 0.0169361 0.016648 0.0159635 0.0149134 0.0135607
 1.0088e-16 3.8587e-05 0.000226493 0.00107668 0.00414534 0.0129269 0.0326522 0.0668099 0.110741 0.148712 0.1618 0.142653 0.10197 0.0592158 0.0281873 0.0114753 0.00481348 0.00320005 0.00358047 0.00464469 0.00591774 0.00718413 0.00828231 0.0090729 0.0094579 0.00940215 0.00894092 0.00816829 0.00721158 0.00619995 0.00523794 0.00439064 0.00368236 0.00310566 0.00263523 0.00224121
 1.01275e-16 2.22177e-05 0.000130359 0.000619578 0.00238526 0.0074381 0.0187884 0.0384461 0.0637381 0.0856272 0.0932549 0.082437 0.0594026 0.0354573 0.0186823 0.010738 0.00933603 0.0117133 0.0161163 0.02163 0.0276285 0.0334654 0.0384349 0.0418751 0.0433131 0.0425776 0.0398386 0.035556 0.03036 0.0249026 0.0197284 0.015199 0.0114786 0.00856949 0.00637085 0.00473896
 1.01314e-16 3.64706e-05 0.000214067 0.00101761 0.0039179 0.0122177 0.0308607 0.0631443 0.104666 0.140554 0.152926 0.134833 0.0963895 0.0559953 0.0266935 0.0109394 0.00470953 0.00328744 0.00379939 0.00502106 0.00651591 0.00808807 0.00958459 0.0108621 0.0118029 0.0123355 0.012445 0.0121676 0.0115745 0.0107509 0.00977747 0.00872035 0.00762937 0.00654181 0.00548795 0.00449472
 1.00692e-16 3.60498e-05 0.000211592 0.00100583 0.00387253 0.0120761 0.0305033 0.0624135 0.103456 0.138934 0.151176 0.133321 0.0953754 0.0555402 0.0267265 0.0113822 0.0055483 0.0045708 0.00559693 0.00737715 0.00941121 0.0114139 0.0131353 0.0143509 0.0149007 0.0147255 0.0138801 0.0125159 0.0108404 0.00906764 0.00737549 0.00588074 0.00463528 0.00363847 0.00285754 0.0022475
 1.00496e-16 3.66021e-05 0.000214835 0.00102125 0.00393191 0.0122613 0.030971 0.0633704 0.105042 0.141062 0.153489 0.135353 0.0968134 0.0563455 0.0270539 0.0114186 0.00541459 0.00431289 0.00521734 0.00686511 0.00876044 0.0106312 0.0122435 0.0133874 0.0139119 0.0137589 0.0129757 0.0116997 0.0101216 0.0084404 0.00682341 0.00538346 0.0041744 0.00320163 0.00243992 0.00185101
 1.00427e-16 3.70221e-05 0.000217301 0.00103298 0.00397706 0.0124021 0.0313267 0.064098 0.106248 0.142681 0.155248 0.1369 0.0979091 0.056962 0.0273102 0.0114582 0.005331 0.00414247 0.00496259 0.00651694 0.0083111 0.0100805 0.0116017 0.0126747 0.0131565 0.0129925 0.0122291 0.0109982 0.0094828 0.00787337 0.00633002 0.00496041 0.00381561 0.0029001 0.00218882 0.00164417
 1.01595e-16 1.84709e-05 0.000108356 0.000514962 0.00198244 0.0061819 0.0156154 0.0319544 0.0529799 0.0711867 0.0775605 0.0686404 0.0496291 0.0299605 0.0164023 0.0103954 0.010099 0.0132606 0.0184288 0.0247924 0.0317131 0.0384756 0.0442806 0.0483726 0.050206 0.049573 0.0466504 0.0419426 0.0361487 0.0299961 0.0240969 0.0188629 0.0144894 0.0109939 0.00828068 0.00620603
 1.05977e-16 1.70842e-05 0.000100234 0.000476394 0.00183402 0.0057191 0.0144462 0.0295605 0.0490061 0.065833 0.07169 0.0633563 0.0456164 0.0271572 0.0141872 0.00798384 0.00680051 0.00854756 0.0119418 0.0163793 0.0215076 0.0269697 0.0323435 0.0371835 0.0410967 0.0438095 0.0452023 0.045301 0.0442389 0.0422035 0.0393934 0.0359944 0.0321776 0.0281072 0.0239491 0.0198695
 1.03563e-16 3.3765e-05 0.000198183 0.000942094 0.00362715 0.0113109 0.0285705 0.0584583 0.0968987 0.130125 0.141583 0.12484 0.089265 0.0518949 0.0248118 0.0102974 0.00463631 0.00347274 0.00415537 0.00555728 0.00727679 0.00913059 0.0109711 0.0126566 0.0140674 0.0151249 0.0158 0.0161063 0.0160839 0.0157795 0.0152318 0.0144671 0.013504 0.0123627 0.0110744 0.00968473
 1.01892e-16 3.0729e-05 0.000180346 0.000857264 0.00330048 0.0102922 0.0259974 0.0531947 0.0881783 0.118428 0.12889 0.11373 0.0814997 0.0477407 0.0234995 0.0109123 0.00665514 0.00679732 0.00891224 0.0118929 0.0152163 0.0184942 0.0213416 0.0234029 0.0244227 0.0243043 0.0231309 0.0211365 0.0186429 0.0159802 0.0134199 0.0111368 0.00920424 0.0076158 0.00631826 0.00524389
 1.01023e-16 3.50708e-05 0.000205844 0.000978504 0.00376732 0.0117481 0.0296746 0.0607179 0.100645 0.13516 0.147072 0.129705 0.0927969 0.0540556 0.0260446 0.0111492 0.00552308 0.00464413 0.00574238 0.00760627 0.00975089 0.0118971 0.0137965 0.015221 0.0160018 0.0160655 0.0154485 0.0142813 0.0127518 0.0110585 0.00937073 0.00780509 0.00642187 0.00523565 0.00423299 0.00338915
 1.00725e-16 3.44926e-05 0.000202447 0.000962348 0.0037051 0.011554 0.0291845 0.0597154 0.0989846 0.132933 0.144655 0.12759 0.0913202 0.0532687 0.0258021 0.0112785 0.00592636 0.00530429 0.00668449 0.00885785 0.0113144 0.0137337 0.0158202 0.0173039 0.0179907 0.0178061 0.0168114 0.0151838 0.0131687 0.0110216 0.00895662 0.00711731 0.00557111 0.00432339 0.00334067 0.00257354
 1.01311e-16 2.82344e-05 0.000165696 0.000787605 0.00303226 0.00945577 0.0238847 0.0488723 0.0810154 0.108814 0.118443 0.104553 0.0750111 0.0441172 0.0220463 0.0107934 0.00733655 0.00808797 0.010822 0.0144953 0.0185657 0.0225823 0.0260778 0.0286137 0.0298692 0.0297142 0.0282362 0.0257094 0.0225198 0.0190724 0.0157102 0.012667 0.0100588 0.00790518 0.00616497 0.00477137
 1.02161e-16 2.88964e-05 0.000169587 0.000806119 0.00310356 0.00967814 0.0244463 0.050021 0.0829176 0.111363 0.121204 0.106954 0.0766578 0.0449328 0.0221717 0.0103915 0.00647683 0.00674406 0.00892527 0.0119928 0.015465 0.0189808 0.0221727 0.0246891 0.0262594 0.0267506 0.02619 0.0247452 0.0226712 0.0202447 0.0177071 0.0152321 0.0129206 0.0108156 0.00892556 0.00724522
 1.02745e-16 2.71467e-05 0.000159312 0.000757264 0.00291545 0.0090915 0.0229645 0.0469894 0.0778937 0.10462 0.113875 0.100513 0.0720965 0.0423709 0.0211156 0.010245 0.0068524 0.00749143 0.0100331 0.013495 0.0173857 0.0213083 0.0248498 0.027616 0.029308 0.0297856 0.0290922 0.0274299 0.0250966 0.0224099 0.0196403 0.0169753 0.0145143 0.0122887 0.0102911 0.00850208
 1.01106e-16 3.77622e-05 0.000221651 0.00105366 0.00405672 0.0126506 0.0319542 0.0653816 0.108374 0.145533 0.158341 0.139602 0.0997874 0.0579458 0.0275784 0.011222 0.00470331 0.00313135 0.00352315 0.00460543 0.00592389 0.00727822 0.00851825 0.00950974 0.0101504 0.0103898 0.0102375 0.00975499 0.00903599 0.00818114 0.00727702 0.00638441 0.00553713 0.00474835 0.00402008 0.00335124
 1.00926e-16 3.09058e-05 0.000181382 0.000862186 0.00331943 0.0103513 0.0261467 0.0535002 0.0886852 0.11911 0.129636 0.114398 0.0819987 0.0480738 0.0237389 0.0111491 0.00696691 0.00724153 0.00952868 0.0127026 0.0162153 0.0196461 0.0225743 0.0246123 0.0254834 0.0250876 0.0235243 0.0210616 0.0180664 0.0149173 0.0119295 0.00931057 0.0071533 0.00545637 0.00415991 0.00318052
 1.01891e-16 2.77443e-05 0.00016282 0.00077394 0.00297965 0.00929173 0.0234703 0.0480243 0.0796091 0.106924 0.116382 0.102725 0.0736801 0.0432961 0.0215661 0.0104454 0.00696148 0.00758978 0.0101519 0.0136407 0.0175511 0.0214742 0.0249851 0.0276782 0.0292467 0.0295474 0.0286282 0.0267025 0.0240863 0.0211192 0.0180956 0.0152247 0.0126235 0.0103339 0.00835133 0.00665086
 1.01819e-16 3.30506e-05 0.000193983 0.000922111 0.00355018 0.0110709 0.0279643 0.0572185 0.0948455 0.127373 0.138604 0.122249 0.0874891 0.0510179 0.0246831 0.0107438 0.00558771 0.00496467 0.00627222 0.00836984 0.0107929 0.0132615 0.0155169 0.0173156 0.0184703 0.018888 0.0185854 0.0176747 0.0163274 0.0147284 0.0130385 0.0113715 0.00979264 0.00832928 0.00698756 0.00576683
 1.02105e-16 2.71636e-05 0.000159409 0.000757716 0.00291718 0.00909689 0.0229782 0.0470176 0.0779413 0.104686 0.113955 0.1006 0.0721947 0.0425008 0.0213133 0.0105589 0.0073388 0.00820812 0.0110292 0.0147962 0.0189787 0.0231275 0.0267739 0.0294763 0.0309104 0.0309416 0.0296524 0.0273105 0.0242937 0.0209965 0.0177504 0.014778 0.0121866 0.00999095 0.00815076 0.00660572
 1.07011e-16 3.21244e-06 1.87661e-05 8.90213e-05 0.000342429 0.00106755 0.00269718 0.00552351 0.00917375 0.0123744 0.013609 0.0123448 0.00958073 0.00709454 0.00625802 0.00756619 0.0109534 0.0162267 0.0231959 0.0315715 0.0408415 0.0502463 0.0588657 0.0657877 0.0703003 0.0720406 0.0710559 0.0677514 0.0627575 0.0567616 0.0503649 0.0440016 0.0379284 0.0322639 0.0270482 0.0222941
pSPR Fmed_Fpbrs
0.533224   0.35029 0.35029
Fs Fmed_Fpbrs
0.469235   1.005 1.005
SSBpbr Bo_Bmed_Bpbrs
956823  462360  287324 287324
Ro
24343
SPR SPRFo_SPRFmed_SPRFpbrs
500561 266911 175341
log_Ro
9.92
likeval ReclasPelacesDesembMPH_pf_preclas_ppelaces_ptallas_desvR_qrecl_qpela
 91.3712 82.6532 0.0813505 0.000181698 349.04 193.56 81.8192 0 37.5664 1.01263e-05 0 0 0 0 0
q_reclas_q_pelaces
0.637036 1
M
0.7
N
 10320.2 45042.3 21643.3 2874.65 0.160321
 16100.4 5020.95 19433.5 9337.99 1240.34
 2359.19 7704.09 1932.95 7481.47 4072.42
 13413.6 1020.16 1480.2 371.382 2219.87
 55540.6 6209.01 312.775 453.822 794.466
 19813.3 27189.9 2795.68 140.831 562.058
 56533.9 8927.89 6930.74 712.623 179.167
 72458.8 25792.4 2478.06 1923.72 247.529
 101207 31209 4823.02 463.382 406.011
 207698 44047.9 6268.57 968.743 174.625
 56416.5 96405.3 13761.3 1958.41 357.208
 26368 25916.8 28054.6 4004.63 673.859
 52499.8 12166.9 7775.14 8416.46 1403.56
 22652.2 22748.7 2370.96 1515.14 1913.62
 14801 8975.16 2398.64 249.995 361.531
 15401.2 5744.15 820.905 219.389 55.9327
 10507.9 6877.4 1376.21 196.676 65.963
 10399 4810.75 1955.11 391.229 74.6631
 8704.59 4845.44 1543.26 627.187 149.455
 28267 4061.14 1568.13 499.445 251.345
 31950.8 12997.4 1189.3 459.226 219.868
 32511.4 15474.3 5436.09 497.421 284.028
 62115.8 15647.4 6199.57 2177.9 313.077
 52477 29590.5 5842.6 2314.86 930.106
 2495.12 25037.7 11167.4 2204.98 1224.64
pred_Ctot
 150.688 4283.45 2058.24 273.375 0.0152463
 422.537 823.522 3187.43 1531.59 203.437
 220.994 3582.77 898.916 3479.24 1893.87
 657.219 288.539 418.656 105.041 627.863
 566.351 418.897 21.1017 30.6176 53.5994
 1326.88 9884.14 1016.29 51.1952 204.32
 3320.34 2927.27 2272.45 233.654 58.7452
 6969.36 12214.8 1173.57 911.042 117.225
 9062.23 14064 2173.45 208.819 182.965
 9791.25 12063.8 1716.84 265.32 47.8263
 3053.2 29590.9 4223.94 601.12 109.642
 1348.31 7593.85 8220.23 1173.39 197.447
 4848.88 5603.05 3580.58 3875.92 646.363
 3335.72 14017.8 1460.99 933.633 1179.18
 2358.82 5767.78 1541.46 160.657 232.334
 1122.84 2228.06 318.416 85.0976 21.6954
 592.682 2182.89 436.81 62.4252 20.9367
 463.015 1255.77 510.349 102.124 19.4896
 379.978 1243.8 396.147 160.996 38.3644
 1512.31 1234.92 476.841 151.873 76.4296
 568.517 1489.25 136.272 52.6187 25.1928
 721.439 2176.99 764.772 69.9793 39.9583
 1822.3 2837.85 1124.37 394.989 56.7804
 1482.91 5188.92 1024.54 405.928 163.101
 79.9821 4914.5 2191.98 432.802 240.377
F
 0.0204874 0.140603 0.140603 0.140603 0.140603
 0.0370935 0.254569 0.254569 0.254569 0.254569
 0.138363 0.949574 0.949574 0.949574 0.949574
 0.0702656 0.482226 0.482226 0.482226 0.482226
 0.0142687 0.0979245 0.0979245 0.0979245 0.0979245
 0.0971716 0.666879 0.666879 0.666879 0.666879
 0.0847606 0.581704 0.581704 0.581704 0.581704
 0.142313 0.976679 0.976679 0.976679 0.976679
 0.131891 0.905157 0.905157 0.905157 0.905157
 0.0675248 0.463416 0.463416 0.463416 0.463416
 0.0778695 0.534411 0.534411 0.534411 0.534411
 0.0734326 0.503961 0.503961 0.503961 0.503961
 0.136302 0.935425 0.935425 0.935425 0.935425
 0.225795 1.54961 1.54961 1.54961 1.54961
 0.246515 1.69181 1.69181 1.69181 1.69181
 0.106201 0.728848 0.728848 0.728848 0.728848
 0.0812769 0.557795 0.557795 0.557795 0.557795
 0.0636694 0.436957 0.436957 0.436957 0.436957
 0.0623869 0.428155 0.428155 0.428155 0.428155
 0.0769493 0.528096 0.528096 0.528096 0.528096
 0.0250165 0.171686 0.171686 0.171686 0.171686
 0.0312843 0.214701 0.214701 0.214701 0.214701
 0.0415467 0.285131 0.285131 0.285131 0.285131
 0.0399915 0.274458 0.274458 0.274458 0.274458
 0.0454746 0.312088 0.312088 0.312088 0.312088
YTP_r0W_actual
 895.799 108119 72335.2 17788.2 10288.1
YTP_p0W_proyectada
 20584.5 12219.8 136937 79674 24505.9
 20584.5 108518 3238.43 32470.5 19554.1
CTP_r0_actual
 79.9821 4914.5 2191.98 432.802 240.377
CTP_p0_proyectada
 2421.71 571.02 4389.01 1957.59 527.009
 2421.71 5070.94 103.796 797.8 420.517
Wmedp
 8.5 21.4 31.2 40.7 46.5
nmprior
 10.6 11 7 0
nm_flota  nm_reclas  nm_pelaces    nm_pelaL
inf 28.4939 20.7848 51.65
cv_recla  cv_pelaces  cv_mph
0.864628 1.03087 0.437334
 ------------------------------------------------
Talla a la edad & desviaci?n 
 7.2 14.2025 17.0495 18.207 18.6776
 1.08 2.13037 2.55742 2.73105 2.80164
