years
 1997 1998 1999 2000 2001 2002 2003 2004 2005 2006 2007 2008 2009 2010 2011 2012 2013 2014 2015 2016 2017 2018 2019 2020 2021
reclasobs
 0 0 0 370054 412103 1.49427e+06 250295 1.28982e+06 931140 785840 897777 1.04006e+06 184774 17550 25797 100020 73551 82996 120727 218422 84188 347160 605670 569463 516374
reclaspred
 1.01774e+06 153124 198514 109863 253202 259416 573663 459001 637271 983815 830398 539525 346932 150940 93086.7 87938.7 100121 120505 107137 179028 291345 254552 430574 496620 419699
pelacesobs
 0 0 0 0 0 0 0 0 0 2.06254e+06 1.5e+06 0 1.87456e+06 323000 250000 174000 83755 137374 0 501740 490994 745055 786931 1.00524e+06 1.33801e+06
pelacespred
 876339 272566 100660 116174 241872 190443 571060 463483 641435 987085 753459 507847 333221 115989 70694.9 72082.1 85831.8 105757 95188.6 155712 287214 245276 326324 442881 365615
mphobs
 0 0 0 0 0 112323 0 153150 637223 0 255016 313432 73983 77613 109348 50772 0 0 0 0 0 0 0 0 0
mphpred
 440826 185149 97994 46290.1 59914.4 136319 162176 202480 210982 296218 459804 329157 190043 105526 45185.2 34972.2 39940.3 49131.4 53415.9 53321.3 101132 128918 150201 210324 245455
desembarqueobs
 350755 77701 442110 56441 14545 235359 269955 359681 431902 328805 639364 411747 362871 311530 167758 66681 60226 58785 57116 73181 50977 67692 138656 160484 209506
desembarquepred
 350738 77673.1 441550 56421.3 14544.3 235283 269901 359287 431574 328609 638804 411485 362456 311195 167477 66643.6 60215 58754.4 57081.3 73130.3 50967 67660.7 138600 160428 209440
Reclutas
 14113.6 26218.9 3882.69 22274.7 55845.8 23022.8 57268.1 73904.2 108055 200758 59698.3 29347.4 50749.2 22181.2 14707 15901.3 10947.2 10902.7 9580.37 29120.2 32810.3 34948.2 64547.9 56669.7 3767.14
log_desv_Rt
 -0.665109 -0.0457641 -1.95572 -0.208795 0.71035 -0.175761 0.735499 0.990524 1.37039 1.98986 0.777059 0.0669584 0.614651 -0.212999 -0.62392 -0.545847 -0.919157 -0.923237 -1.05253 0.0591884 0.178498 0.241623 0.855163 0.724996 -1.98593
SSB
 1.2202e+06 512492 271246 128130 165842 377330 448901 560462 583997 819928 1.27273e+06 911104 526036 292094 125072 96802.8 110554 135995 147855 147593 279931 356844 415756 582174 679417
BT
 1.79565e+06 649075 417675 270360 444993 523966 1.21432e+06 1.22099e+06 1.54011e+06 2.07323e+06 1.90401e+06 1.27926e+06 954373 505166 266326 183876 202431 236728 220018 338708 554612 503233 680726 923766 821904
Ftot
 0.21149 0.37151 1.22429 0.588066 0.081006 0.600962 0.499555 0.8905 0.831866 0.433065 0.530483 0.491137 0.878655 1.47644 1.62082 0.704829 0.531375 0.410582 0.396552 0.477891 0.161949 0.204411 0.266241 0.257648 0.285972
BD_Bspro_t
 0.967887 0.782806 0.56133 0.242746 0.433262 0.684348 0.559516 0.569058 0.539504 0.573906 0.644472 0.487618 0.360308 0.270597 0.155674 0.152059 0.224957 0.338214 0.413354 0.472113 0.651049 0.753802 0.749102 0.752374 0.7262
BD_Bspro
 2.16202 0.908061 0.480609 0.227028 0.293848 0.668574 0.795387 0.993056 1.03476 1.45279 2.2551 1.61434 0.932059 0.517548 0.221609 0.17152 0.195886 0.240963 0.261977 0.261513 0.495997 0.632276 0.736659 1.03153 1.20383
BD_Bo
 1.3279 0.557726 0.295188 0.13944 0.18048 0.410635 0.488523 0.60993 0.635543 0.892298 1.38507 0.991522 0.572466 0.317875 0.136111 0.105347 0.120312 0.147999 0.160905 0.16062 0.304639 0.388341 0.452452 0.633559 0.739385
BD_Brms
 4.42048 1.85663 0.982656 0.464184 0.600805 1.36697 1.62625 2.03041 2.11567 2.97039 4.61078 3.3007 1.90569 1.05818 0.453104 0.350692 0.40051 0.492676 0.53564 0.534691 1.01412 1.29276 1.50618 2.10907 2.46135
S_f
 0.14537 1 1 1 1
 0.14537 1 1 1 1
 0.14537 1 1 1 1
 0.14537 1 1 1 1
 0.14537 1 1 1 1
 0.14537 1 1 1 1
 0.14537 1 1 1 1
 0.14537 1 1 1 1
 0.14537 1 1 1 1
 0.14537 1 1 1 1
 0.14537 1 1 1 1
 0.14537 1 1 1 1
 0.14537 1 1 1 1
 0.14537 1 1 1 1
 0.14537 1 1 1 1
 0.14537 1 1 1 1
 0.14537 1 1 1 1
 0.14537 1 1 1 1
 0.14537 1 1 1 1
 0.14537 1 1 1 1
 0.14537 1 1 1 1
 0.14537 1 1 1 1
 0.14537 1 1 1 1
 0.14537 1 1 1 1
 0.14537 1 1 1 1
Scru_reclas
 0.97798 1 1 1 1
 0.97798 1 1 1 1
 0.97798 1 1 1 1
 0.97798 1 1 1 1
 0.97798 1 1 1 1
 0.97798 1 1 1 1
 0.97798 1 1 1 1
 0.97798 1 1 1 1
 0.97798 1 1 1 1
 0.97798 1 1 1 1
 0.97798 1 1 1 1
 0.97798 1 1 1 1
 0.97798 1 1 1 1
 0.97798 1 1 1 1
 0.97798 1 1 1 1
 0.97798 1 1 1 1
 0.97798 1 1 1 1
 0.97798 1 1 1 1
 0.97798 1 1 1 1
 0.97798 1 1 1 1
 0.97798 1 1 1 1
 0.97798 1 1 1 1
 0.97798 1 1 1 1
 0.97798 1 1 1 1
 0.97798 1 1 1 1
Scru_pelaces
 1 1 1 1 1
 1 1 1 1 1
 1 1 1 1 1
 1 1 1 1 1
 1 1 1 1 1
 1 1 1 1 1
 1 1 1 1 1
 1 1 1 1 1
 1 1 1 1 1
 1 1 1 1 1
 1 1 1 1 1
 1 1 1 1 1
 1 1 1 1 1
 1 1 1 1 1
 1 1 1 1 1
 1 1 1 1 1
 1 1 1 1 1
 1 1 1 1 1
 1 1 1 1 1
 1 1 1 1 1
 1 1 1 1 1
 1 1 1 1 1
 1 1 1 1 1
 1 1 1 1 1
 1 1 1 1 1
pf_obs 
 0.256992 0.487395 0.22802 0.0275931 0
 0.321318 0.546541 0.124235 0.00734118 0.000564706
 0.182869 0.594174 0.210203 0.0122559 0.00049798
 0.330522 0.361315 0.267642 0.0388342 0.00168674
 0.649043 0.306663 0.0425973 0.00169635 0
 0.582887 0.30429 0.105238 0.00758474 0
 0.465427 0.430635 0.0974691 0.00646863 0
 0.296916 0.608066 0.0921331 0.00288517 0
 0.311714 0.524322 0.152257 0.0117073 0
 0.15457 0.633149 0.183074 0.0267441 0.00246327
 0.131901 0.49318 0.331252 0.0422183 0.00144891
 0.196976 0.569456 0.194076 0.0375587 0.00193317
 0.518974 0.381816 0.0799577 0.0180837 0.00116848
 0.0928022 0.601141 0.25162 0.0475244 0.00691264
 0.122501 0.610282 0.24278 0.0234846 0.000952079
 0.383417 0.481906 0.127806 0.00687128 0
 0.0376549 0.599619 0.316969 0.0457579 0
 0.0361596 0.667082 0.258105 0.0386534 0
 0.158088 0.579412 0.248529 0.0139706 0
 0.0477256 0.309471 0.559284 0.082774 0.000745712
 0.0406174 0.521527 0.379366 0.0568643 0.0016247
 0.151134 0.462217 0.34131 0.0453401 0
 0.294876 0.26143 0.354403 0.0886775 0.000613685
 0.281977 0.475581 0.204845 0.0348837 0.00271318
 0.0841818 0.532909 0.334909 0.0458182 0.00218182
pf_pred 
 0.0447498 0.624686 0.291322 0.039239 3.64177e-06
 0.144478 0.225105 0.412261 0.192258 0.0258981
 0.0384271 0.559977 0.105668 0.193522 0.102406
 0.458803 0.185587 0.207091 0.0390782 0.10944
 0.422196 0.512325 0.0224543 0.025056 0.0179693
 0.11255 0.744904 0.126393 0.00553956 0.0106145
 0.339547 0.357272 0.254482 0.0431797 0.00551874
 0.311213 0.564274 0.0673554 0.0479769 0.00918097
 0.350375 0.539525 0.090197 0.0107665 0.00913646
 0.378871 0.527956 0.0773819 0.0129366 0.0028546
 0.0858884 0.76659 0.125393 0.0183787 0.0037505
 0.0781001 0.421296 0.419815 0.0686699 0.0121188
 0.238748 0.324637 0.199527 0.198826 0.0382618
 0.15288 0.653696 0.0824859 0.0506972 0.0602408
 0.2273 0.565298 0.160046 0.0201952 0.0271612
 0.298232 0.581549 0.0879512 0.0249006 0.0073679
 0.178797 0.662393 0.131604 0.0199033 0.00730234
 0.194569 0.532501 0.220149 0.0437392 0.00904192
 0.174478 0.55348 0.179857 0.0743575 0.0178273
 0.416806 0.372457 0.141291 0.0459135 0.0235327
 0.244457 0.651042 0.0667391 0.0253174 0.0124438
 0.195654 0.568251 0.203441 0.020855 0.0117998
 0.284958 0.46394 0.177397 0.0635105 0.0101942
 0.181959 0.619544 0.128791 0.049246 0.0204606
 0.0140316 0.625421 0.273061 0.056764 0.0307228
pobs_RECLAS
 0 0 0 0 0
 0 0 0 0 0
 0 0 0 0 0
 0 0 0 0 0
 0.835266 0.146461 0.0176864 0.000547809 3.91292e-05
 0.385257 0.428462 0.181853 0.0044286 0
 0.867414 0.0963971 0.0333333 0.00285562 0
 0.441836 0.489002 0.0689373 0.000224442 0
 0.779404 0.147425 0.0564933 0.0165055 0.000172143
 0.814271 0.122319 0.05973 0.00367925 0
 0.40263 0.566651 0.0304383 0.000280538 0
 0.475488 0.404961 0.113038 0.00651328 0
 0.955842 0.0263864 0.0167828 0.000988607 0
 0.975058 0.0227948 0.00214734 0 0
 0.738997 0.206755 0.0527124 0.00153531 0
 0.850938 0.134255 0.0134407 0.00136685 0
 0.542534 0.407297 0.0501686 0 0
 0.764087 0.199537 0.0359546 0.000420521 0
 0.470689 0.182191 0.310203 0.0369168 0
 0.84361 0.089868 0.0606195 0.00523954 0.000663233
 0.607945 0.314616 0.071237 0.00620181 0
 0.523733 0.453247 0.0230204 0 0
 0.530135 0.295979 0.169645 0.0042399 0
 0.562478 0.366248 0.0663022 0.0049721 0
 0.250443 0.683176 0.0655157 0.000865301 0
ppred_RECLAS
 0.24187 0.495779 0.231206 0.0311418 2.89027e-06
 0.537785 0.121618 0.222733 0.103871 0.013992
 0.232235 0.447111 0.0843703 0.154517 0.0817657
 0.856149 0.0493295 0.0550452 0.0103871 0.0290895
 0.831557 0.149354 0.00654592 0.00730438 0.00523846
 0.471307 0.443772 0.0752976 0.00330016 0.00632354
 0.781665 0.118108 0.0841279 0.0142745 0.00182441
 0.766116 0.191604 0.0228711 0.0162909 0.00311748
 0.795242 0.170055 0.0284296 0.00339354 0.00287976
 0.808556 0.162726 0.0238506 0.00398731 0.000879844
 0.396175 0.506378 0.0828292 0.0121402 0.00247743
 0.370871 0.287504 0.286493 0.0468622 0.00827019
 0.694242 0.130391 0.0801403 0.0798586 0.0153679
 0.586501 0.319084 0.0402633 0.0247465 0.0294049
 0.702975 0.217299 0.0615213 0.00776301 0.0104407
 0.75114 0.206228 0.0311891 0.0088302 0.00261279
 0.603253 0.320021 0.0635819 0.00961588 0.00352797
 0.625405 0.247659 0.102388 0.0203425 0.00420527
 0.59334 0.272649 0.0885994 0.0366292 0.00878192
 0.832424 0.107022 0.0405987 0.0131928 0.00676191
 0.687156 0.269574 0.0276344 0.0104831 0.00515255
 0.623465 0.266013 0.0952358 0.00976274 0.00552379
 0.731485 0.17422 0.0666167 0.0238496 0.00382816
 0.603109 0.300585 0.0624858 0.0238928 0.00992692
 0.0887708 0.578012 0.252362 0.0524611 0.028394
pobs_PELACES
 0 0 0 0 0
 0 0 0 0 0
 0 0 0 0 0
 0 0 0 0 0
 0 0 0 0 0
 0 0 0 0 0
 0 0 0 0 0
 0 0 0 0 0
 0 0 0 0 0
 0 0 0 0 0
 0.450072 0.473896 0.0757376 0.000293798 0
 0 0 0 0 0
 0.463077 0.371075 0.160297 0.00555027 0
 0.529543 0.364841 0.0842815 0.0213345 0
 0.631943 0.363953 0.00410389 0 0
 0.735681 0.248677 0.0153453 0.000297389 0
 0.695825 0.281241 0.0229344 0 0
 0.275771 0.60734 0.115278 0.00161068 0
 0 0 0 0 0
 0.896147 0.0623911 0.0374545 0.00400742 0
 0.803859 0.145111 0.0509908 3.86294e-05 0
 0.739449 0.233085 0.0266225 0.000797448 4.60066e-05
 0.878498 0.100942 0.0204185 0.000141795 0
 0.694673 0.275183 0.0284847 0.00165964 0
 0.469039 0.446079 0.0841089 0.000773354 0
ppred_PELACES
 0.257206 0.48575 0.226529 0.0305119 2.83181e-06
 0.569172 0.11336 0.207609 0.0968182 0.0130419
 0.30403 0.405302 0.0764808 0.140068 0.0741197
 0.877802 0.041904 0.0467594 0.00882354 0.0247107
 0.837782 0.143835 0.00630402 0.00703445 0.00504487
 0.519204 0.403568 0.0684759 0.00300118 0.00575065
 0.80823 0.103738 0.073892 0.0125377 0.00160243
 0.811521 0.154407 0.0184311 0.0131283 0.00251227
 0.833924 0.137929 0.0230588 0.00275245 0.00233573
 0.82992 0.144567 0.0211891 0.00354236 0.00078166
 0.437934 0.471358 0.077101 0.0113006 0.0023061
 0.409097 0.270035 0.269086 0.0440148 0.0077677
 0.748401 0.107295 0.0659453 0.0657134 0.0126458
 0.687441 0.241192 0.0304345 0.0187056 0.0222268
 0.792636 0.151705 0.0429503 0.00541964 0.00728905
 0.790137 0.173912 0.0263018 0.0074465 0.00220337
 0.643633 0.287451 0.0571107 0.0086372 0.00316891
 0.657149 0.226671 0.0937116 0.0186186 0.0038489
 0.625251 0.251255 0.081647 0.0337549 0.0080928
 0.853204 0.0937514 0.0355645 0.0115569 0.00592344
 0.701572 0.257152 0.0263609 0.00999998 0.00491511
 0.642033 0.252895 0.0905396 0.00928132 0.0052514
 0.750171 0.162096 0.0619809 0.02219 0.00356176
 0.625595 0.283555 0.0589456 0.0225391 0.0093645
 0.0974559 0.572503 0.249957 0.0519611 0.0281233
pobs_pel_tallas
 0 0 0 0 0 0 0 0 0 0 0 0 0 0 0 0 0 0 0 0 0 0 0 0 0 0 0 0 0 0 0 0 0 0 0 0
 0 0 0 0 0 0 0 0 0 0 0 0 0 0 0 0 0 0 0 0 0 0 0 0 0 0 0 0 0 0 0 0 0 0 0 0
 0 0 0 0 0 0 0 0 0 0 0 0 0 0 0 0 0 0 0 0 0 0 0 0 0 0 0 0 0 0 0 0 0 0 0 0
 0 0 0 0 0 0 0 0 0 0 0 0 0 0 0 0 0 0 0 0 0 0 0 0 0 0 0 0 0 0 0 0 0 0 0 0
 0 0 0 0 0 0 0 0 0 0 0 0 0 0 0 0 0 0 0 0 0 0 0 0 0 0 0 0 0 0 0 0 0 0 0 0
 0 0 0 0 0 0 0 0 0 0 0 0 0 0 0 0 0 0 0 0 0 0 0 0 0 0 0 0 0 0 0 0 0 0 0 0
 0 0 0 0 0 0 0 0 0 0 0 0 0 0 0 0 0 0 0 0 0 0 0 0 0 0 0 0 0 0 0 0 0 0 0 0
 0 0 0 0 0 0 0 0 0 0 0 0 0 0 0 0 0 0 0 0 0 0 0 0 0 0 0 0 0 0 0 0 0 0 0 0
 0 0 0 0 0 0 0 0 0 0 0 0 0 0 0 0 0 0 0 0 0 0 0 0 0 0 0 0 0 0 0 0 0 0 0 0
 0 0 0 0 0 0 0 0 0 0 0 0 0 0 0 0 0 0 0 0 0 0 0 0 0 0 0 0 0 0 0 0 0 0 0 0
 0 0 0 0 0 0 0 0 1.78061e-05 0.00172719 0.00360574 0.0105946 0.0120993 0.0124554 0.0147524 0.0171206 0.0266825 0.0428682 0.0675386 0.121331 0.153587 0.119568 0.100827 0.0573624 0.0630603 0.0341343 0.0324427 0.0444173 0.0211091 0.0280891 0.0125444 0.00206551 0 0 0 0
 0 0 0 0 0 0 0 0 0 0 0 0 0 0 0 0 0 0 0 0 0 0 0 0 0 0 0 0 0 0 0 0 0 0 0 0
 0 0 0 0 0 0 0.0133647 0.0140871 0.0187388 0.0205184 0.03894 0.0496705 0.03968 0.0493445 0.0407372 0.0367815 0.0215668 0.0243155 0.0234873 0.0199281 0.019796 0.0243948 0.0301388 0.0376714 0.0412746 0.0863199 0.0771752 0.113111 0.0741005 0.0525337 0.0229764 0.00759418 0.00175318 0 0 0
 0 0 0 0 0 0 0 0 0 0 0.00219441 0.00772107 0.0458388 0.0604681 0.0671733 0.0775358 0.0609151 0.0617685 0.073594 0.0568108 0.0755445 0.0548602 0.0670107 0.0636378 0.0643287 0.046367 0.0373049 0.0286899 0.0247887 0.0153202 0.00654259 0.00121912 0.000365735 0 0 0
 0 0 0 0 0 0 0 0 0 0 0 0 0.000112435 0.00938835 0.0111873 0.0202946 0.0414886 0.0713402 0.111592 0.104902 0.108894 0.110636 0.117776 0.105296 0.107544 0.0401394 0.0192827 0.0124803 0.00416011 0.0028671 0.000618394 0 0 0 0 0
 0 0 0 0 0 0 0 0 0 0 0.00291406 0.0102884 0.027416 0.0768956 0.0749926 0.110853 0.0956884 0.0897413 0.0766577 0.0534642 0.0500743 0.0551293 0.0594112 0.0620874 0.0668451 0.0424026 0.0208742 0.0120726 0.0048766 0.00582813 0.00118941 0.000297354 0 0 0 0
 0 0.00264628 0.0354308 0.0461629 0.0458689 0.0383711 0.0214643 0.0164657 0.0346957 0.0420465 0.0363128 0.0245516 0.0311673 0.0291091 0.0169068 0.0133784 0.00837989 0.0085269 0.0148486 0.0160247 0.0276389 0.0546898 0.0760071 0.122758 0.109233 0.0665981 0.0333725 0.0166128 0.00676272 0.00308733 0.000882094 0 0 0 0 0
 0 0 0 0 0 0 0 0.000805153 0.000690131 0.00759144 0.0133425 0.0154129 0.00931677 0.000345066 0.00356568 0.00563607 0.00851162 0.0253048 0.0502646 0.0516448 0.0657925 0.0565908 0.0611916 0.0827007 0.0866115 0.110766 0.145733 0.0935128 0.0569358 0.0249597 0.0138026 0.00621118 0.00161031 0.00115022 0 0
 0 0 0 0 0 0 0 0 0 0 0 0 0 0 0 0 0 0 0 0 0 0 0 0 0 0 0 0 0 0 0 0 0 0 0 0
 0.00147267 0.00158595 0.00478618 0.00569244 0.00954404 0.0108468 0.00647125 0.017049 0.0510054 0.094081 0.124002 0.0959785 0.0687766 0.0820023 0.061753 0.0591476 0.0492212 0.0479892 0.0443925 0.0268479 0.0217502 0.0140895 0.0121071 0.0120363 0.00920419 0.00665534 0.0049561 0.00860946 0.00930331 0.0156896 0.0114698 0.00855282 0.00243557 0.00046729 0 2.83206e-05
 0 0 0 0 0.000772559 0.00158375 0.000888443 0.00281984 0.00712685 0.0440552 0.0773331 0.111326 0.0921469 0.0852325 0.0710754 0.0886704 0.0786465 0.0553345 0.0373146 0.0185414 0.00753245 0.00457741 0.012979 0.0271748 0.0457355 0.0583668 0.034881 0.0177882 0.00938659 0.00492506 0.0015258 0.00185414 0.000309023 5.79419e-05 3.86279e-05 0
 0 0.00173294 0.00326652 0 0.00397197 0.00683976 0.00946217 0.0152591 0.00757587 0.0136028 0.0228656 0.0392903 0.0559909 0.0764795 0.0681675 0.0726916 0.0566044 0.0477403 0.0527397 0.0444891 0.0609904 0.0582453 0.0661739 0.0445044 0.0529084 0.0360697 0.0280645 0.0235558 0.0158879 0.00826598 0.00280645 0.00217768 0.000904811 0.00058276 9.20147e-05 0
 0 0 0 0 0 0 0 0 0 0 0 0 0 0 0 0 0 0 0 0 0 0 0 0 0 0 0 0 0 0 0 0 0 0 0 0
 0 0 0 0 0 0 0 0 0 0 0 0 0 0 0 0 0 0 0 0 0 0 0 0 0 0 0 0 0 0 0 0 0 0 0 0
 0 0 0 0 0 0 0 0 0 0 0 0 0 0 0 0 0 0 0 0 0 0 0 0 0 0 0 0 0 0 0 0 0 0 0 0
ppred_pel_tallas
 1.04423e-16 1.12483e-05 6.59526e-05 0.000313372 0.00120627 0.00376143 0.00950155 0.019445 0.0322456 0.0433457 0.0472761 0.0419564 0.0305916 0.0189807 0.0113225 0.00859421 0.00978166 0.0136035 0.0192191 0.0261011 0.0337323 0.0414558 0.0484979 0.0540948 0.0576506 0.0588621 0.0577705 0.0547202 0.0502486 0.0449464 0.0393369 0.0338061 0.0285905 0.0238059 0.0194941 0.0156641
 1.06921e-16 2.48362e-05 0.00014576 0.000692863 0.00266754 0.00831843 0.0210117 0.0429927 0.0712654 0.0957083 0.104152 0.0918748 0.0657794 0.0384167 0.0187019 0.00835267 0.00468436 0.00454359 0.00602543 0.00833112 0.0111711 0.0143856 0.0178083 0.0212475 0.0245049 0.0273985 0.0297782 0.0315301 0.0325737 0.0328582 0.0323625 0.0311017 0.0291358 0.0265737 0.0235701 0.0203109
 1.09494e-16 1.3286e-05 7.79252e-05 0.000370311 0.00142554 0.00444523 0.0112287 0.0229781 0.0380993 0.0511981 0.0557976 0.0494172 0.0358104 0.0217799 0.0122192 0.0082 0.00843973 0.0113608 0.0159554 0.0216622 0.0280243 0.0345075 0.040498 0.0454005 0.0487642 0.0503795 0.0503099 0.0488466 0.0464075 0.0434159 0.0402035 0.0369644 0.0337626 0.0305776 0.0273634 0.0240959
 1.02136e-16 3.82907e-05 0.000224757 0.00106844 0.00411363 0.0128281 0.0324025 0.0662985 0.109892 0.147568 0.160545 0.141522 0.101108 0.0586082 0.0276983 0.0109335 0.00406639 0.00212889 0.00210221 0.0027215 0.00357508 0.00452777 0.00550348 0.00643443 0.00726036 0.00793594 0.00843512 0.00874948 0.00888267 0.00884367 0.00864205 0.00828705 0.00778992 0.00716738 0.00644425 0.00565352
 1.00614e-16 3.65497e-05 0.000214527 0.00101978 0.00392626 0.0122437 0.0309266 0.0632794 0.104891 0.140861 0.153271 0.135165 0.0966866 0.0562877 0.0270558 0.0114696 0.00551186 0.00446063 0.00542175 0.00712862 0.00907716 0.0109842 0.0126049 0.013721 0.0141792 0.0139268 0.0130239 0.0116256 0.00994169 0.0081869 0.00653803 0.00510916 0.00394777 0.00304745 0.00236878 0.00186004
 1.01476e-16 2.26689e-05 0.00013301 0.00063219 0.00243383 0.00758957 0.019171 0.0392286 0.0650343 0.0873651 0.0951387 0.084081 0.0605412 0.0360448 0.0188243 0.0105588 0.00889932 0.0110192 0.0151347 0.0203353 0.0260254 0.0316045 0.0364175 0.0398461 0.0414411 0.0410274 0.0387412 0.0349858 0.0303233 0.0253408 0.0205339 0.0162383 0.0126167 0.0096891 0.00738525 0.00559591
 1.01589e-16 3.52596e-05 0.000206956 0.0009838 0.00378772 0.0118117 0.0298353 0.0610464 0.101189 0.135887 0.147853 0.130371 0.0932256 0.0542086 0.0259385 0.0107983 0.00490801 0.00371559 0.00444526 0.00590787 0.00766624 0.00950693 0.0112524 0.0127345 0.0138159 0.0144153 0.0145185 0.0141722 0.013464 0.0124963 0.0113647 0.0101455 0.00889396 0.00764985 0.00644435 0.00530539
 1.00881e-16 3.5405e-05 0.000207806 0.000987828 0.00380322 0.01186 0.0299574 0.0612965 0.101605 0.136449 0.148475 0.130944 0.0936885 0.0545844 0.0263163 0.0112934 0.00563252 0.00476701 0.00589656 0.00779131 0.00995235 0.0120873 0.0139358 0.0152621 0.015897 0.0157759 0.0149527 0.0135815 0.0118752 0.0100538 0.00830061 0.00673601 0.00541433 0.00433658 0.00347157 0.0027763
 1.00577e-16 3.63812e-05 0.000213538 0.00101509 0.00390817 0.0121873 0.0307841 0.0629879 0.104408 0.140211 0.152564 0.134539 0.0962345 0.0560158 0.0269094 0.0113814 0.0054328 0.00436438 0.0052981 0.00697835 0.0089107 0.0108217 0.0124751 0.0136581 0.0142172 0.0140923 0.0133295 0.0120658 0.0104921 0.00880775 0.00718054 0.00572379 0.004492 0.00349145 0.0026981 0.0020752
 1.00507e-16 3.62069e-05 0.000212514 0.00101022 0.00388942 0.0121288 0.0306364 0.0626857 0.103907 0.13954 0.151835 0.1339 0.095786 0.0557722 0.0268249 0.0114015 0.00552483 0.0045199 0.0055219 0.00727743 0.00928698 0.0112678 0.012973 0.0141797 0.0147282 0.0145571 0.0137174 0.0123557 0.010675 0.00888708 0.00716982 0.00564295 0.00436335 0.00333629 0.00253438 0.00191642
 1.01745e-16 1.91279e-05 0.000112215 0.000533314 0.00205311 0.00640229 0.0161721 0.0330932 0.0548668 0.0737184 0.0803093 0.0710504 0.0513224 0.0308845 0.0167309 0.010337 0.00977949 0.0127152 0.0176427 0.0237413 0.0303901 0.0369057 0.0425267 0.0465317 0.0483973 0.047919 0.0452566 0.040881 0.0354482 0.0296428 0.0240424 0.0190372 0.0148158 0.0114004 0.00870858 0.00661292
 1.05784e-16 1.78627e-05 0.000104805 0.000498124 0.00191769 0.00598001 0.0151052 0.0309089 0.0512411 0.068834 0.0749544 0.0662325 0.0476681 0.0283398 0.014733 0.00817482 0.00682927 0.00850164 0.0118426 0.0162171 0.0212596 0.0266072 0.0318355 0.0365012 0.0402188 0.0427273 0.0439238 0.0438538 0.0426686 0.0405703 0.0377649 0.0344379 0.0307518 0.026856 0.0228978 0.0190247
 1.03821e-16 3.26508e-05 0.00019164 0.000910986 0.00350737 0.0109374 0.027627 0.056528 0.0936997 0.125831 0.136915 0.120735 0.0863538 0.0502508 0.0241167 0.0101668 0.0048178 0.00386511 0.00474765 0.00637093 0.00833287 0.0104341 0.0125045 0.0143796 0.0159215 0.0170421 0.0177127 0.0179563 0.0178278 0.0173897 0.0166945 0.0157783 0.0146654 0.0133786 0.0119501 0.0104267
 1.02192e-16 2.99981e-05 0.000176054 0.000836861 0.00322192 0.0100472 0.0253786 0.0519287 0.08608 0.11561 0.125827 0.111034 0.0795829 0.0466484 0.0230188 0.0107854 0.00670933 0.00695852 0.00916636 0.0122499 0.0156909 0.0190972 0.0220767 0.0242654 0.0253999 0.0253777 0.0242779 0.0223332 0.0198653 0.0172046 0.0146232 0.0122966 0.0102993 0.00862697 0.00722981 0.00604493
 1.01187e-16 3.45815e-05 0.000202971 0.000964844 0.00371472 0.011584 0.0292603 0.0598703 0.0992406 0.133275 0.145021 0.127901 0.0915156 0.0533281 0.0257295 0.0110754 0.00557695 0.00477816 0.00594902 0.00789336 0.010128 0.0123696 0.0143628 0.0158719 0.0167219 0.0168353 0.0162469 0.0150883 0.0135499 0.0118332 0.0101101 0.00849956 0.0070632 0.00581704 0.00474929 0.00383736
 1.00789e-16 3.44734e-05 0.000202334 0.000961813 0.00370304 0.0115476 0.0291683 0.0596822 0.0989295 0.132859 0.144574 0.127518 0.0912664 0.0532333 0.0257775 0.0112553 0.00589647 0.00526215 0.00662648 0.00878237 0.0112224 0.0136293 0.015711 0.0172004 0.017905 0.01775 0.0167947 0.015212 0.0132429 0.0111376 0.00910649 0.00729046 0.00575605 0.00450917 0.00351802 0.00273551
 1.0135e-16 2.80898e-05 0.000164847 0.000783568 0.00301671 0.00940729 0.0237622 0.0486218 0.0806002 0.108256 0.117838 0.10402 0.0746339 0.043905 0.0219581 0.0107798 0.00736538 0.00814659 0.0109094 0.0146143 0.0187188 0.022769 0.0262943 0.0288528 0.0301212 0.0299684 0.0284828 0.0259407 0.0227312 0.0192622 0.015879 0.0128169 0.0101921 0.00802387 0.00627047 0.00486443
 1.02224e-16 2.86768e-05 0.000168298 0.000799989 0.00307996 0.00960454 0.0242604 0.0496406 0.0822872 0.110517 0.120284 0.106145 0.0760826 0.0446058 0.0220294 0.0103568 0.00649859 0.00680074 0.00901336 0.0121159 0.0156278 0.0191862 0.0224209 0.0249772 0.0265814 0.0270983 0.0265542 0.0251164 0.0230404 0.0206038 0.0180491 0.0155511 0.0132117 0.0110752 0.00915148 0.00743679
 1.02779e-16 2.72868e-05 0.000160136 0.000761179 0.00293052 0.00913851 0.0230833 0.0472323 0.0782962 0.10516 0.114462 0.101028 0.0724587 0.0425699 0.021189 0.0102379 0.00679261 0.00738734 0.00988227 0.0132924 0.0171294 0.0210021 0.0245048 0.0272498 0.0289426 0.0294441 0.0287954 0.0271925 0.0249261 0.0223058 0.0195958 0.0169791 0.0145534 0.01235 0.0103635 0.00857682
 1.0121e-16 3.72202e-05 0.000218468 0.00103853 0.00399845 0.0124688 0.0314952 0.0644425 0.106817 0.143443 0.15607 0.137605 0.0983727 0.057149 0.0272457 0.0111676 0.00480594 0.00334341 0.00384074 0.00503977 0.00648484 0.0079663 0.00932143 0.0104034 0.0111005 0.0113576 0.0111857 0.0106529 0.00986224 0.00892439 0.00793439 0.00695879 0.00603436 0.00517508 0.00438261 0.00365525
 1.01032e-16 3.06149e-05 0.000179674 0.000854067 0.00328817 0.0102538 0.0259004 0.0529964 0.0878502 0.117989 0.128417 0.113325 0.0812358 0.0476389 0.0235472 0.0110979 0.00698754 0.00730442 0.00962825 0.012843 0.0164026 0.0198852 0.0228673 0.0249577 0.0258767 0.0255214 0.0239893 0.0215474 0.0185623 0.0154123 0.012413 0.00977259 0.0075846 0.00584925 0.00450868 0.00348188
 1.01932e-16 2.80187e-05 0.000164432 0.000781604 0.00300917 0.00938376 0.0237027 0.0484998 0.0803972 0.107981 0.117531 0.103733 0.0743917 0.0436904 0.0217182 0.0104457 0.00686667 0.00741883 0.00990212 0.0133036 0.0171222 0.020958 0.0243975 0.027046 0.0286041 0.0289313 0.0280722 0.0262321 0.0237159 0.0208515 0.0179233 0.0151338 0.0125963 0.0103525 0.00839924 0.00671469
 1.01862e-16 3.27303e-05 0.000192102 0.000913168 0.00351575 0.0109636 0.027693 0.0566636 0.0939259 0.126139 0.137262 0.12107 0.0866554 0.0505513 0.0244939 0.0107239 0.00566751 0.00511822 0.00649907 0.00867754 0.0111866 0.0137389 0.0160658 0.0179148 0.0190921 0.0195022 0.0191644 0.0181975 0.0167816 0.0151109 0.0133533 0.0116273 0.00999995 0.00849816 0.00712634 0.00588167
 1.02142e-16 2.73031e-05 0.000160228 0.000761613 0.00293219 0.00914369 0.0230964 0.0472594 0.078342 0.105224 0.114538 0.101111 0.0725537 0.0426959 0.021381 0.0105431 0.00726559 0.00808442 0.0108513 0.0145588 0.0186805 0.0227747 0.0263812 0.0290663 0.0305104 0.0305796 0.0293524 0.0270884 0.0241552 0.0209377 0.0177592 0.0148377 0.0122788 0.0100989 0.00826082 0.00670827
 1.06835e-16 4.28589e-06 2.50694e-05 0.000118991 0.000457825 0.00142741 0.00360615 0.0073832 0.0122558 0.0165116 0.0181063 0.0163002 0.0123869 0.00868124 0.00693247 0.00769971 0.0107903 0.0158653 0.0226471 0.030814 0.039853 0.0490183 0.0574102 0.0641381 0.0685082 0.0701688 0.0691696 0.0659107 0.0610117 0.0551469 0.0489048 0.0427087 0.0368074 0.0313128 0.0262599 0.0216571
pSPR Fmed_Fpbrs
0.536171   0.350398 0.350398
Fs Fmed_Fpbrs
0.463892   1.005 1.005
SSBpbr Bo_Bmed_Bpbrs
918895  446740  276034 276034
Ro
27446.7
SPR SPRFo_SPRFmed_SPRFpbrs
564381 302604 197758
log_Ro
10.04
likeval ReclasPelacesDesembMPH_pf_preclas_ppelaces_ptallas_desvR_qrecl_qpela
 88.6595 75.0646 0.0634868 0.000179577 333.145 192.072 80.4572 0 30.5921 1.50954e-05 0 0 0 0 0
q_reclas_q_pelaces
0.576627 1
M
0.7
N
 14113.6 30968.5 14442.2 1945.25 0.180539
 26218.9 6796.39 12447 5804.66 781.919
 3882.69 12335.4 2327.7 4262.99 2255.84
 22274.7 1613.73 1800.72 339.797 951.616
 55845.8 10155 445.074 496.644 356.176
 23022.8 27407.6 4650.42 203.819 390.545
 57268.1 10476.4 7462.25 1266.17 161.827
 73904.2 26446.5 3156.82 2248.59 430.295
 108055 32243.5 5390.42 643.436 546.02
 200758 47546.6 6968.85 1165.04 257.079
 59698.3 93611 15312.1 2244.28 457.987
 29347.4 27445.1 27348.6 4473.46 789.472
 50749.2 13569.3 8339.89 8310.56 1599.28
 22181.2 22179.4 2798.69 1720.12 2043.93
 14707 8887.22 2516.13 317.495 427.01
 15901.3 5770.19 872.662 247.066 73.1051
 10947.2 7127.33 1416.06 214.159 78.573
 10902.7 5032.12 2080.4 413.335 85.4459
 9580.37 5100.41 1657.42 685.217 164.282
 29120.2 4490.97 1703.65 553.612 283.75
 32810.3 13490.2 1382.89 524.599 257.847
 34948.2 15914 5697.42 584.049 330.457
 64547.9 16846.7 6441.68 2306.2 370.174
 56669.7 30836.7 6410.34 2451.13 1018.39
 3767.14 27106.8 11834.9 2460.25 1331.58
pred_Ctot
 307.853 4297.49 2004.13 269.942 0.0250533
 994.42 1549.37 2837.53 1323.28 178.253
 459.942 6702.48 1264.76 2316.31 1225.72
 1319.03 533.552 595.374 112.347 314.634
 470.493 570.932 25.0229 27.9223 20.0249
 1392.09 9213.46 1563.31 68.517 131.287
 2897 3048.23 2171.23 368.407 47.0857
 6501.96 11789 1407.21 1002.35 191.812
 8913.3 13725.2 2294.55 273.893 232.426
 8841.22 12320.2 1805.76 301.885 66.6141
 3200.62 28566.9 4672.74 684.879 139.762
 1460.35 7877.57 7849.88 1284.02 226.603
 4408.72 5994.73 3684.46 3671.51 706.541
 3119.62 13339.1 1683.18 1034.51 1229.25
 2250.59 5597.23 1584.67 199.96 268.933
 1120.29 2184.55 330.383 93.5373 27.677
 587.871 2177.9 432.705 65.4407 24.0095
 455.868 1247.63 515.8 102.479 21.1848
 387.236 1228.39 399.174 165.029 39.5659
 1411.15 1261 478.359 155.446 79.6731
 549.77 1464.16 150.092 56.9374 27.9854
 737.129 2140.9 766.468 78.5716 44.456
 1766.26 2875.65 1099.57 393.659 63.1871
 1501.46 5112.27 1062.74 406.361 168.834
 110.583 4928.92 2151.99 447.356 242.126
F
 0.0307444 0.21149 0.21149 0.21149 0.21149
 0.0540065 0.37151 0.37151 0.37151 0.37151
 0.177976 1.22429 1.22429 1.22429 1.22429
 0.0854875 0.588066 0.588066 0.588066 0.588066
 0.0117759 0.081006 0.081006 0.081006 0.081006
 0.0873621 0.600962 0.600962 0.600962 0.600962
 0.0726206 0.499555 0.499555 0.499555 0.499555
 0.129452 0.8905 0.8905 0.8905 0.8905
 0.120929 0.831866 0.831866 0.831866 0.831866
 0.0629548 0.433065 0.433065 0.433065 0.433065
 0.0771165 0.530483 0.530483 0.530483 0.530483
 0.0713969 0.491137 0.491137 0.491137 0.491137
 0.127731 0.878655 0.878655 0.878655 0.878655
 0.214631 1.47644 1.47644 1.47644 1.47644
 0.235619 1.62082 1.62082 1.62082 1.62082
 0.102461 0.704829 0.704829 0.704829 0.704829
 0.0772462 0.531375 0.531375 0.531375 0.531375
 0.0596864 0.410582 0.410582 0.410582 0.410582
 0.0576469 0.396552 0.396552 0.396552 0.396552
 0.0694712 0.477891 0.477891 0.477891 0.477891
 0.0235426 0.161949 0.161949 0.161949 0.161949
 0.0297153 0.204411 0.204411 0.204411 0.204411
 0.0387035 0.266241 0.266241 0.266241 0.266241
 0.0374544 0.257648 0.257648 0.257648 0.257648
 0.0415719 0.285972 0.285972 0.285972 0.285972
YTP_r0W_actual
 1238.53 108436 71015.5 18386.3 10363
YTP_p0W_proyectada
 21626.6 18521.7 152176 86671.1 28264.5
 21626.6 114301 4908.51 36084 21271.3
CTP_r0_actual
 110.583 4928.92 2151.99 447.356 242.126
CTP_p0_proyectada
 2544.3 865.5 4877.45 2129.51 607.838
 2544.3 5341.17 157.324 886.585 457.448
Wmedp
 8.5 21.4 31.2 40.7 46.5
nmprior
 10.6 11 7 0
nm_flota  nm_reclas  nm_pelaces    nm_pelaL
inf 31.2283 23.5553 60.7738
cv_recla  cv_pelaces  cv_mph
0.851702 0.982404 0.434774
 ------------------------------------------------
Talla a la edad & desviaci?n 
 7.2 14.2025 17.0495 18.207 18.6776
 1.08 2.13037 2.55742 2.73105 2.80164
