years
 1997 1998 1999 2000 2001 2002 2003 2004 2005 2006 2007 2008 2009 2010 2011 2012 2013 2014 2015 2016 2017 2018 2019 2020 2021
reclasobs
 0 0 0 370054 412103 1.49427e+06 250295 1.28982e+06 931140 785840 897777 1.04006e+06 184774 17550 25797 100020 73551 82996 120727 218422 84188 347160 605670 569463 516374
reclaspred
 458140 132279 435097 311320 424466 499713 1.07301e+06 684901 720167 620031 476911 317394 193810 87884.8 61384.9 64111.9 82945.3 115468 124184 178088 254322 231992 404100 517893 612759
pelacesobs
 0 0 0 0 0 0 0 0 0 2.06254e+06 1.5e+06 0 1.87456e+06 323000 250000 174000 83755 137374 0 501740 490994 745055 786931 1.00524e+06 1.33801e+06
pelacespred
 1.91193e+06 486979 970166 1.06524e+06 1.23202e+06 1.22507e+06 2.89929e+06 2.37151e+06 2.16864e+06 1.89612e+06 1.30552e+06 894050 536703 199079 137499 155414 211054 299745 332144 462822 737004 657905 901816 1.37115e+06 1.6354e+06
mphobs
 0 0 0 0 0 112323 0 153150 637223 0 255016 313432 73983 77613 109348 50772 0 0 0 0 0 0 0 0 0
mphpred
 166332 110636 143293 188325 185674 271292 405571 464447 379290 360390 319723 219773 134610 69880.7 32802.9 28633.1 36219.1 51522.6 65277.6 76152.5 113189 132524 166187 238420 330870
desembarqueobs
 350755 77701 442110 56441 14545 235359 269955 359681 431902 328805 639364 411747 362871 311530 167758 66681 60226 58785 57116 73181 50977 67692 138656 160484 209506
desembarquepred
 350767 77705.1 442162 56443.2 14545.1 235402 269988 359717 431987 328871 639729 412073 363320 312070 167817 66697.2 60249.7 58788.6 57114 73184.7 50978.8 67689.1 138662 160494 209511
Reclutas
 64796 80283.7 50680.8 73883.7 121967 91547.9 137317 120832 136573 130626 66224.1 41617.6 42458.6 23613.4 17820.2 21672.9 17825 20314.3 23429.9 40080.9 49719.4 64831.6 105696 127597 59262.2
log_desv_Rt
 0.138999 0.353322 -0.106698 0.270248 0.771509 0.484617 0.890049 0.762156 0.884611 0.840095 0.1608 -0.303721 -0.283715 -0.870431 -1.15191 -0.956182 -1.15164 -1.02092 -0.878231 -0.341344 -0.12585 0.139549 0.628325 0.816632 0.0497275
SSB
 777556 517191 669855 880364 867974 1.26821e+06 1.89593e+06 2.17116e+06 1.77307e+06 1.68472e+06 1.49461e+06 1.02738e+06 629264 326672 153344 133851 169314 240853 305154 355991 529126 619511 776877 1.11455e+06 1.54672e+06
BT
 2.68185e+06 730906 1.44621e+06 1.37527e+06 1.53553e+06 1.69466e+06 3.77762e+06 3.33914e+06 3.08057e+06 2.6623e+06 2.19413e+06 1.48388e+06 1.0201e+06 544844 312556 247384 310396 417876 458879 632395 954133 874529 1.20897e+06 1.8264e+06 2.1796e+06
Ftot
 0.387533 0.289378 0.400547 0.0749364 0.015893 0.16515 0.103894 0.211635 0.248731 0.211722 0.462848 0.438419 0.698204 1.25771 1.21427 0.47223 0.323928 0.215416 0.178736 0.18318 0.0859279 0.114072 0.135386 0.129597 0.11779
BD_Bspro_t
 0.953884 0.78845 0.761522 0.660953 0.763543 0.86149 0.834448 0.837036 0.783134 0.739262 0.694376 0.538374 0.422995 0.308003 0.190348 0.202948 0.314601 0.47963 0.594776 0.682565 0.77786 0.843001 0.848954 0.85414 0.858224
BD_Bspro
 0.670606 0.446053 0.577719 0.759273 0.748588 1.09377 1.63515 1.87252 1.52919 1.45299 1.28904 0.886065 0.542711 0.28174 0.132252 0.115441 0.146025 0.207725 0.263181 0.307026 0.456346 0.5343 0.670021 0.961245 1.33397
BD_Bo
 0.577764 0.384299 0.497737 0.654156 0.64495 0.942347 1.40877 1.61328 1.31749 1.25183 1.11058 0.763394 0.467576 0.242734 0.113943 0.0994586 0.125809 0.178967 0.226745 0.26452 0.393168 0.460329 0.57726 0.828166 1.14929
BD_Brms
 2.02065 1.34403 1.74077 2.28782 2.25562 3.29573 4.92699 5.64223 4.60773 4.37811 3.88409 2.66987 1.63528 0.84893 0.398499 0.347843 0.44 0.625911 0.793011 0.925122 1.37505 1.60994 2.01889 2.8964 4.0195
S_f
 0.192109 1 1 1 1
 0.192109 1 1 1 1
 0.192109 1 1 1 1
 0.192109 1 1 1 1
 0.192109 1 1 1 1
 0.192109 1 1 1 1
 0.192109 1 1 1 1
 0.192109 1 1 1 1
 0.192109 1 1 1 1
 0.192109 1 1 1 1
 0.192109 1 1 1 1
 0.192109 1 1 1 1
 0.192109 1 1 1 1
 0.192109 1 1 1 1
 0.192109 1 1 1 1
 0.192109 1 1 1 1
 0.192109 1 1 1 1
 0.192109 1 1 1 1
 0.192109 1 1 1 1
 0.192109 1 1 1 1
 0.192109 1 1 1 1
 0.192109 1 1 1 1
 0.192109 1 1 1 1
 0.192109 1 1 1 1
 0.192109 1 1 1 1
Scru_reclas
 0.999998 1 1 1 1
 0.999998 1 1 1 1
 0.999998 1 1 1 1
 0.999998 1 1 1 1
 0.999998 1 1 1 1
 0.999998 1 1 1 1
 0.999998 1 1 1 1
 0.999998 1 1 1 1
 0.999998 1 1 1 1
 0.999998 1 1 1 1
 0.999998 1 1 1 1
 0.999998 1 1 1 1
 0.999998 1 1 1 1
 0.999998 1 1 1 1
 0.999998 1 1 1 1
 0.999998 1 1 1 1
 0.999998 1 1 1 1
 0.999998 1 1 1 1
 0.999998 1 1 1 1
 0.999998 1 1 1 1
 0.999998 1 1 1 1
 0.999998 1 1 1 1
 0.999998 1 1 1 1
 0.999998 1 1 1 1
 0.999998 1 1 1 1
Scru_pelaces
 0.978524 1 1 1 1
 0.978524 1 1 1 1
 0.978524 1 1 1 1
 0.978524 1 1 1 1
 0.978524 1 1 1 1
 0.978524 1 1 1 1
 0.978524 1 1 1 1
 0.978524 1 1 1 1
 0.978524 1 1 1 1
 0.978524 1 1 1 1
 0.978524 1 1 1 1
 0.978524 1 1 1 1
 0.978524 1 1 1 1
 0.978524 1 1 1 1
 0.978524 1 1 1 1
 0.978524 1 1 1 1
 0.978524 1 1 1 1
 0.978524 1 1 1 1
 0.978524 1 1 1 1
 0.978524 1 1 1 1
 0.978524 1 1 1 1
 0.978524 1 1 1 1
 0.978524 1 1 1 1
 0.978524 1 1 1 1
 0.978524 1 1 1 1
pf_obs 
 0.256992 0.487395 0.22802 0.0275931 0
 0.321318 0.546541 0.124235 0.00734118 0.000564706
 0.182869 0.594174 0.210203 0.0122559 0.00049798
 0.330522 0.361315 0.267642 0.0388342 0.00168674
 0.649043 0.306663 0.0425973 0.00169635 0
 0.582887 0.30429 0.105238 0.00758474 0
 0.465427 0.430635 0.0974691 0.00646863 0
 0.296916 0.608066 0.0921331 0.00288517 0
 0.311714 0.524322 0.152257 0.0117073 0
 0.15457 0.633149 0.183074 0.0267441 0.00246327
 0.131901 0.49318 0.331252 0.0422183 0.00144891
 0.196976 0.569456 0.194076 0.0375587 0.00193317
 0.518974 0.381816 0.0799577 0.0180837 0.00116848
 0.0928022 0.601141 0.25162 0.0475244 0.00691264
 0.122501 0.610282 0.24278 0.0234846 0.000952079
 0.383417 0.481906 0.127806 0.00687128 0
 0.0376549 0.599619 0.316969 0.0457579 0
 0.0361596 0.667082 0.258105 0.0386534 0
 0.158088 0.579412 0.248529 0.0139706 0
 0.0477256 0.309471 0.559284 0.082774 0.000745712
 0.0406174 0.521527 0.379366 0.0568643 0.0016247
 0.151134 0.462217 0.34131 0.0453401 0
 0.294876 0.26143 0.354403 0.0886775 0.000613685
 0.281977 0.475581 0.204845 0.0348837 0.00271318
 0.0841818 0.532909 0.334909 0.0458182 0.00218182
pf_pred 
 0.377148 0.440103 0.163493 0.019247 9.82874e-06
 0.310928 0.544775 0.101959 0.0378765 0.00446125
 0.177427 0.599335 0.17649 0.0330315 0.0137161
 0.264537 0.422941 0.227707 0.0670543 0.017761
 0.300565 0.461293 0.136948 0.0737313 0.0274631
 0.176111 0.570618 0.167038 0.0495899 0.0366434
 0.253127 0.407376 0.235133 0.068831 0.0355339
 0.19529 0.522309 0.154033 0.0889063 0.0394615
 0.224176 0.451498 0.210509 0.0620807 0.0517367
 0.207821 0.497314 0.171599 0.0800073 0.0432581
 0.125562 0.525352 0.219149 0.0756178 0.0543188
 0.129311 0.4192 0.27125 0.113151 0.0670888
 0.208427 0.38543 0.195541 0.126527 0.0840749
 0.192638 0.530198 0.134956 0.0684673 0.0737411
 0.275026 0.506825 0.143259 0.036465 0.0384247
 0.353138 0.506485 0.0981366 0.0277393 0.0145009
 0.233042 0.598255 0.132093 0.0255944 0.0110164
 0.246741 0.487817 0.207054 0.045717 0.0126709
 0.244325 0.4935 0.169786 0.0720659 0.0203221
 0.320606 0.439026 0.156975 0.0540064 0.0293872
 0.271587 0.530006 0.128211 0.0458422 0.0243538
 0.263078 0.492749 0.177664 0.0429777 0.0235305
 0.309157 0.45724 0.156201 0.0563194 0.0210831
 0.263322 0.524853 0.140197 0.0478939 0.0237329
 0.113042 0.588705 0.212493 0.0567606 0.0289989
pobs_RECLAS
 0 0 0 0 0
 0 0 0 0 0
 0 0 0 0 0
 0 0 0 0 0
 0.835266 0.146461 0.0176864 0.000547809 3.91292e-05
 0.385257 0.428462 0.181853 0.0044286 0
 0.867414 0.0963971 0.0333333 0.00285562 0
 0.441836 0.489002 0.0689373 0.000224442 0
 0.779404 0.147425 0.0564933 0.0165055 0.000172143
 0.814271 0.122319 0.05973 0.00367925 0
 0.40263 0.566651 0.0304383 0.000280538 0
 0.475488 0.404961 0.113038 0.00651328 0
 0.955842 0.0263864 0.0167828 0.000988607 0
 0.975058 0.0227948 0.00214734 0 0
 0.738997 0.206755 0.0527124 0.00153531 0
 0.850938 0.134255 0.0134407 0.00136685 0
 0.542534 0.407297 0.0501686 0 0
 0.764087 0.199537 0.0359546 0.000420521 0
 0.470689 0.182191 0.310203 0.0369168 0
 0.84361 0.089868 0.0606195 0.00523954 0.000663233
 0.607945 0.314616 0.071237 0.00620181 0
 0.523733 0.453247 0.0230204 0 0
 0.530135 0.295979 0.169645 0.0042399 0
 0.562478 0.366248 0.0663022 0.0049721 0
 0.250443 0.683176 0.0655157 0.000865301 0
ppred_RECLAS
 0.763498 0.16711 0.0620794 0.00730823 3.73205e-06
 0.704889 0.233312 0.0436663 0.0162215 0.00191063
 0.53513 0.338709 0.0997416 0.0186675 0.00775152
 0.652692 0.199725 0.10753 0.0316651 0.00838726
 0.691221 0.203646 0.0604581 0.0325501 0.0121241
 0.528856 0.32631 0.0955213 0.0283582 0.0209546
 0.639447 0.196661 0.113511 0.0332282 0.017154
 0.561027 0.284922 0.0840258 0.0484988 0.0215264
 0.604017 0.230446 0.107444 0.0316862 0.0264066
 0.58011 0.263599 0.0909552 0.0424074 0.0229287
 0.435076 0.3394 0.14158 0.0488523 0.0350923
 0.442889 0.268225 0.173559 0.0723997 0.0429268
 0.590638 0.199325 0.101124 0.0654337 0.0434794
 0.58296 0.273872 0.0697109 0.0353665 0.0380906
 0.688403 0.217836 0.0615735 0.0156728 0.0165151
 0.745568 0.199217 0.0386003 0.0109108 0.00570368
 0.617203 0.298595 0.0659291 0.0127744 0.00549841
 0.63309 0.237614 0.100855 0.0222686 0.00617195
 0.629525 0.241942 0.0832388 0.0353308 0.00996304
 0.712708 0.185649 0.0663793 0.0228374 0.0124268
 0.660924 0.246718 0.0596821 0.0213396 0.0113367
 0.651469 0.233048 0.0840273 0.0203266 0.0111289
 0.701127 0.197811 0.0675757 0.0243649 0.00912096
 0.651952 0.24797 0.0662371 0.0226277 0.0112127
 0.400279 0.398056 0.143678 0.0383789 0.0196078
pobs_PELACES
 0 0 0 0 0
 0 0 0 0 0
 0 0 0 0 0
 0 0 0 0 0
 0 0 0 0 0
 0 0 0 0 0
 0 0 0 0 0
 0 0 0 0 0
 0 0 0 0 0
 0 0 0 0 0
 0.450072 0.473896 0.0757376 0.000293798 0
 0 0 0 0 0
 0.463077 0.371075 0.160297 0.00555027 0
 0.529543 0.364841 0.0842815 0.0213345 0
 0.631943 0.363953 0.00410389 0 0
 0.735681 0.248677 0.0153453 0.000297389 0
 0.695825 0.281241 0.0229344 0 0
 0.275771 0.60734 0.115278 0.00161068 0
 0 0 0 0 0
 0.896147 0.0623911 0.0374545 0.00400742 0
 0.803859 0.145111 0.0509908 3.86294e-05 0
 0.739449 0.233085 0.0266225 0.000797448 4.60066e-05
 0.878498 0.100942 0.0204185 0.000141795 0
 0.694673 0.275183 0.0284847 0.00165964 0
 0.469039 0.446079 0.0841089 0.000773354 0
ppred_PELACES
 0.777917 0.156922 0.0582947 0.00686269 3.50452e-06
 0.71629 0.224299 0.0419794 0.0155948 0.00183682
 0.55622 0.323343 0.0952168 0.0178206 0.00739987
 0.6523 0.199951 0.107652 0.0317008 0.00839673
 0.68748 0.206114 0.0611906 0.0329445 0.012271
 0.534415 0.32246 0.0943944 0.0280236 0.0207074
 0.640827 0.195908 0.113076 0.033101 0.0170884
 0.569558 0.279385 0.0823929 0.0475563 0.0211081
 0.614634 0.224267 0.104563 0.0308366 0.0256985
 0.588547 0.258302 0.0891275 0.0415553 0.022468
 0.460214 0.324297 0.13528 0.0466785 0.0335307
 0.466483 0.256866 0.166209 0.0693335 0.0411088
 0.629725 0.180293 0.0914682 0.0591858 0.0393278
 0.656682 0.225458 0.0573879 0.0291147 0.0313572
 0.749263 0.175289 0.0495472 0.0126117 0.0132894
 0.764823 0.184141 0.0356792 0.0100851 0.00527204
 0.632358 0.286774 0.0633189 0.0122687 0.00528072
 0.641348 0.232266 0.0985855 0.0217674 0.00603304
 0.635556 0.238004 0.0818839 0.0347557 0.00980087
 0.718231 0.18208 0.0651033 0.0223984 0.0121879
 0.661193 0.246522 0.0596348 0.0213226 0.0113277
 0.653443 0.231729 0.0835514 0.0202114 0.0110659
 0.704133 0.195822 0.066896 0.0241198 0.00902922
 0.654861 0.245898 0.0656835 0.0224386 0.011119
 0.402609 0.396509 0.14312 0.0382298 0.0195316
pobs_pel_tallas
 0 0 0 0 0 0 0 0 0 0 0 0 0 0 0 0 0 0 0 0 0 0 0 0 0 0 0 0 0 0 0 0 0 0 0 0
 0 0 0 0 0 0 0 0 0 0 0 0 0 0 0 0 0 0 0 0 0 0 0 0 0 0 0 0 0 0 0 0 0 0 0 0
 0 0 0 0 0 0 0 0 0 0 0 0 0 0 0 0 0 0 0 0 0 0 0 0 0 0 0 0 0 0 0 0 0 0 0 0
 0 0 0 0 0 0 0 0 0 0 0 0 0 0 0 0 0 0 0 0 0 0 0 0 0 0 0 0 0 0 0 0 0 0 0 0
 0 0 0 0 0 0 0 0 0 0 0 0 0 0 0 0 0 0 0 0 0 0 0 0 0 0 0 0 0 0 0 0 0 0 0 0
 0 0 0 0 0 0 0 0 0 0 0 0 0 0 0 0 0 0 0 0 0 0 0 0 0 0 0 0 0 0 0 0 0 0 0 0
 0 0 0 0 0 0 0 0 0 0 0 0 0 0 0 0 0 0 0 0 0 0 0 0 0 0 0 0 0 0 0 0 0 0 0 0
 0 0 0 0 0 0 0 0 0 0 0 0 0 0 0 0 0 0 0 0 0 0 0 0 0 0 0 0 0 0 0 0 0 0 0 0
 0 0 0 0 0 0 0 0 0 0 0 0 0 0 0 0 0 0 0 0 0 0 0 0 0 0 0 0 0 0 0 0 0 0 0 0
 0 0 0 0 0 0 0 0 0 0 0 0 0 0 0 0 0 0 0 0 0 0 0 0 0 0 0 0 0 0 0 0 0 0 0 0
 0 0 0 0 0 0 0 0 1.78061e-05 0.00172719 0.00360574 0.0105946 0.0120993 0.0124554 0.0147524 0.0171206 0.0266825 0.0428682 0.0675386 0.121331 0.153587 0.119568 0.100827 0.0573624 0.0630603 0.0341343 0.0324427 0.0444173 0.0211091 0.0280891 0.0125444 0.00206551 0 0 0 0
 0 0 0 0 0 0 0 0 0 0 0 0 0 0 0 0 0 0 0 0 0 0 0 0 0 0 0 0 0 0 0 0 0 0 0 0
 0 0 0 0 0 0 0.0133647 0.0140871 0.0187388 0.0205184 0.03894 0.0496705 0.03968 0.0493445 0.0407372 0.0367815 0.0215668 0.0243155 0.0234873 0.0199281 0.019796 0.0243948 0.0301388 0.0376714 0.0412746 0.0863199 0.0771752 0.113111 0.0741005 0.0525337 0.0229764 0.00759418 0.00175318 0 0 0
 0 0 0 0 0 0 0 0 0 0 0.00219441 0.00772107 0.0458388 0.0604681 0.0671733 0.0775358 0.0609151 0.0617685 0.073594 0.0568108 0.0755445 0.0548602 0.0670107 0.0636378 0.0643287 0.046367 0.0373049 0.0286899 0.0247887 0.0153202 0.00654259 0.00121912 0.000365735 0 0 0
 0 0 0 0 0 0 0 0 0 0 0 0 0.000112435 0.00938835 0.0111873 0.0202946 0.0414886 0.0713402 0.111592 0.104902 0.108894 0.110636 0.117776 0.105296 0.107544 0.0401394 0.0192827 0.0124803 0.00416011 0.0028671 0.000618394 0 0 0 0 0
 0 0 0 0 0 0 0 0 0 0 0.00291406 0.0102884 0.027416 0.0768956 0.0749926 0.110853 0.0956884 0.0897413 0.0766577 0.0534642 0.0500743 0.0551293 0.0594112 0.0620874 0.0668451 0.0424026 0.0208742 0.0120726 0.0048766 0.00582813 0.00118941 0.000297354 0 0 0 0
 0 0.00264628 0.0354308 0.0461629 0.0458689 0.0383711 0.0214643 0.0164657 0.0346957 0.0420465 0.0363128 0.0245516 0.0311673 0.0291091 0.0169068 0.0133784 0.00837989 0.0085269 0.0148486 0.0160247 0.0276389 0.0546898 0.0760071 0.122758 0.109233 0.0665981 0.0333725 0.0166128 0.00676272 0.00308733 0.000882094 0 0 0 0 0
 0 0 0 0 0 0 0 0.000805153 0.000690131 0.00759144 0.0133425 0.0154129 0.00931677 0.000345066 0.00356568 0.00563607 0.00851162 0.0253048 0.0502646 0.0516448 0.0657925 0.0565908 0.0611916 0.0827007 0.0866115 0.110766 0.145733 0.0935128 0.0569358 0.0249597 0.0138026 0.00621118 0.00161031 0.00115022 0 0
 0 0 0 0 0 0 0 0 0 0 0 0 0 0 0 0 0 0 0 0 0 0 0 0 0 0 0 0 0 0 0 0 0 0 0 0
 0.00147267 0.00158595 0.00478618 0.00569244 0.00954404 0.0108468 0.00647125 0.017049 0.0510054 0.094081 0.124002 0.0959785 0.0687766 0.0820023 0.061753 0.0591476 0.0492212 0.0479892 0.0443925 0.0268479 0.0217502 0.0140895 0.0121071 0.0120363 0.00920419 0.00665534 0.0049561 0.00860946 0.00930331 0.0156896 0.0114698 0.00855282 0.00243557 0.00046729 0 2.83206e-05
 0 0 0 0 0.000772559 0.00158375 0.000888443 0.00281984 0.00712685 0.0440552 0.0773331 0.111326 0.0921469 0.0852325 0.0710754 0.0886704 0.0786465 0.0553345 0.0373146 0.0185414 0.00753245 0.00457741 0.012979 0.0271748 0.0457355 0.0583668 0.034881 0.0177882 0.00938659 0.00492506 0.0015258 0.00185414 0.000309023 5.79419e-05 3.86279e-05 0
 0 0.00173294 0.00326652 0 0.00397197 0.00683976 0.00946217 0.0152591 0.00757587 0.0136028 0.0228656 0.0392903 0.0559909 0.0764795 0.0681675 0.0726916 0.0566044 0.0477403 0.0527397 0.0444891 0.0609904 0.0582453 0.0661739 0.0445044 0.0529084 0.0360697 0.0280645 0.0235558 0.0158879 0.00826598 0.00280645 0.00217768 0.000904811 0.00058276 9.20147e-05 0
 0 0 0 0 0 0 0 0 0 0 0 0 0 0 0 0 0 0 0 0 0 0 0 0 0 0 0 0 0 0 0 0 0 0 0 0
 0 0 0 0 0 0 0 0 0 0 0 0 0 0 0 0 0 0 0 0 0 0 0 0 0 0 0 0 0 0 0 0 0 0 0 0
 0 0 0 0 0 0 0 0 0 0 0 0 0 0 0 0 0 0 0 0 0 0 0 0 0 0 0 0 0 0 0 0 0 0 0 0
ppred_pel_tallas
 1.01115e-16 3.39399e-05 0.000199204 0.000946933 0.00364576 0.011369 0.0287171 0.0587588 0.0973986 0.130802 0.142333 0.125535 0.089835 0.0523732 0.0253148 0.0109767 0.00564552 0.00495288 0.00622222 0.00827896 0.0106439 0.013029 0.01517 0.0168203 0.0177927 0.0179989 0.0174651 0.0163177 0.0147451 0.0129509 0.0111124 0.00935682 0.00775701 0.00634116 0.00510975 0.00405093
 1.01291e-16 3.12554e-05 0.000183437 0.000871963 0.00335708 0.0104687 0.0264432 0.0541069 0.0896899 0.120456 0.131094 0.115667 0.0828704 0.0485084 0.0238121 0.0109485 0.00653141 0.00655951 0.00856619 0.0114333 0.0146436 0.0178221 0.0205988 0.0226295 0.0236628 0.0235964 0.0224979 0.0205807 0.0181445 0.0155027 0.0129193 0.0105726 0.00854912 0.00686123 0.00547593 0.00434234
 1.02416e-16 2.42797e-05 0.000142474 0.000677201 0.00260716 0.00813011 0.0205362 0.0420214 0.0696612 0.0935713 0.101872 0.0899728 0.0646549 0.0382366 0.0194988 0.0101963 0.0077716 0.00917232 0.0124965 0.0168261 0.0216346 0.0264368 0.0307096 0.0339532 0.0357922 0.0360589 0.0348239 0.0323643 0.0290831 0.0254083 0.0217065 0.0182327 0.0151224 0.0124143 0.0100884 0.00810127
 1.03075e-16 2.84643e-05 0.000167053 0.000794074 0.0030572 0.00953355 0.0240811 0.0492735 0.081678 0.109697 0.119386 0.10534 0.0754787 0.0441975 0.0217278 0.0100498 0.00608983 0.00621886 0.00820994 0.0110681 0.0143473 0.0177282 0.0208874 0.0235104 0.0253466 0.0262582 0.0262419 0.025412 0.0239585 0.022093 0.0200033 0.0178287 0.0156579 0.0135417 0.0115122 0.00959664
 1.02642e-16 2.99984e-05 0.000176059 0.000836892 0.00322205 0.0100477 0.0253796 0.0519305 0.0860821 0.11561 0.125819 0.111011 0.0795281 0.0465408 0.0228262 0.0104643 0.00620631 0.00621665 0.00813695 0.0109085 0.0140542 0.0172365 0.0201209 0.0223916 0.0238093 0.0242623 0.0237854 0.0225393 0.0207603 0.018698 0.0165626 0.0144969 0.0125732 0.0108106 0.00920001 0.00772596
 1.03376e-16 2.33288e-05 0.000136892 0.000650662 0.00250498 0.00781146 0.0197314 0.0403746 0.0669316 0.089906 0.0978849 0.086459 0.0621465 0.0367868 0.018822 0.00994463 0.00770491 0.00917651 0.0125361 0.0169014 0.0217613 0.0266388 0.0310175 0.0344022 0.0364199 0.0369007 0.0359088 0.0337097 0.03069 0.0272591 0.0237639 0.020442 0.0174152 0.0147153 0.0123223 0.0101998
 1.03605e-16 2.79638e-05 0.000164115 0.000780109 0.00300343 0.00936588 0.0236575 0.0484069 0.0802415 0.107767 0.117286 0.103488 0.0741531 0.0434239 0.0213527 0.00988606 0.00600593 0.00614944 0.00813199 0.0109801 0.0142597 0.0176615 0.020871 0.0235806 0.0255424 0.026616 0.0267892 0.0261624 0.0249085 0.0232213 0.0212731 0.019192 0.0170607 0.0149305 0.0128382 0.0108203
 1.03882e-16 2.48594e-05 0.000145882 0.000693411 0.00266959 0.0083248 0.0210279 0.0430272 0.071327 0.0958043 0.104291 0.0920807 0.0661073 0.0389704 0.0196427 0.00989951 0.00710173 0.0081114 0.0109848 0.0148094 0.0191008 0.0234407 0.0273843 0.0305054 0.0324805 0.0331576 0.0325823 0.0309695 0.0286349 0.0259116 0.0230792 0.0203256 0.0177446 0.0153597 0.0131582 0.0111208
 1.03818e-16 2.68228e-05 0.000157414 0.000748245 0.00288074 0.00898326 0.0226911 0.0464297 0.0769651 0.10337 0.112509 0.0992938 0.0711921 0.0417797 0.0207111 0.009869 0.00637409 0.00681929 0.00910893 0.0122934 0.0159229 0.0196514 0.0231206 0.0259825 0.0279636 0.0289193 0.0288564 0.0279137 0.0263118 0.0242908 0.0220587 0.019763 0.0174893 0.0152788 0.0131508 0.0111227
 1.03828e-16 2.56866e-05 0.000150741 0.000716512 0.00275854 0.0086022 0.0217286 0.0444606 0.0737024 0.0989921 0.107754 0.0951212 0.068253 0.0401605 0.0201044 0.00990591 0.00682529 0.00761137 0.0102559 0.0138292 0.017859 0.0219541 0.0257028 0.028709 0.030669 0.0314345 0.0310378 0.0296659 0.0275999 0.0251384 0.0225342 0.0199598 0.0175057 0.0152008 0.0130435 0.011027
 1.05197e-16 2.00935e-05 0.000117897 0.000560358 0.00215729 0.00672719 0.0169926 0.0347709 0.0576437 0.0774349 0.0843202 0.074509 0.0536252 0.0318807 0.0165679 0.00917228 0.00761439 0.00940167 0.012981 0.017592 0.0227702 0.0280575 0.0329431 0.0369271 0.0396198 0.0408218 0.0405555 0.0390361 0.036597 0.0335975 0.0303458 0.0270571 0.0238517 0.0207797 0.0178569 0.015094
 1.06747e-16 2.03642e-05 0.000119493 0.000567956 0.00218656 0.0068185 0.0172232 0.0352422 0.0584229 0.0784758 0.0854379 0.0754593 0.0542281 0.0320771 0.0163743 0.00859888 0.00661986 0.00789949 0.0108756 0.0148222 0.0193495 0.0241035 0.0286884 0.0327048 0.0358223 0.03784 0.0387134 0.0385359 0.0374884 0.0357782 0.0335884 0.0310548 0.0282692 0.025299 0.0222107 0.0190839
 1.05229e-16 2.7479e-05 0.00016127 0.000766589 0.00295138 0.00920357 0.0232475 0.0475679 0.0788504 0.105898 0.115249 0.101684 0.072846 0.0426296 0.0209086 0.0095912 0.00570755 0.00575491 0.00758953 0.0102644 0.0133707 0.0166286 0.0197582 0.022485 0.024587 0.0259362 0.026515 0.0264009 0.0257287 0.024645 0.0232718 0.0216904 0.0199457 0.0180633 0.0160695 0.0140048
 1.03354e-16 2.86562e-05 0.000168178 0.000799418 0.00307776 0.00959768 0.0242431 0.0496051 0.0822284 0.110437 0.120196 0.106066 0.0760218 0.0445614 0.0219907 0.0103094 0.00642751 0.0066905 0.00884733 0.0118765 0.0152985 0.0187547 0.0218835 0.0243432 0.0258771 0.0263691 0.0258634 0.0245407 0.0226619 0.0204988 0.0182766 0.0161424 0.0141639 0.0123496 0.0106783 0.00912485
 1.01815e-16 3.26912e-05 0.000191871 0.000912069 0.00351152 0.0109503 0.0276597 0.0565954 0.0938133 0.125989 0.137102 0.120935 0.086573 0.050532 0.024538 0.0108333 0.00585201 0.00539414 0.0068826 0.00917705 0.0117955 0.0144303 0.0167917 0.0186097 0.0196822 0.0199183 0.0193547 0.0181379 0.0164805 0.0146066 0.0127062 0.0109084 0.00927894 0.00783335 0.00655861 0.00543252
 1.0116e-16 3.337e-05 0.000195856 0.00093101 0.00358444 0.0111777 0.0282341 0.0577708 0.0957617 0.128606 0.13995 0.123449 0.0883761 0.0515908 0.0250635 0.0110832 0.00600905 0.00555134 0.00707447 0.00940651 0.0120449 0.0146635 0.0169557 0.0186385 0.0195053 0.0194715 0.0185921 0.0170409 0.0150628 0.0129135 0.0108086 0.00889302 0.00723723 0.00585097 0.00470724 0.0037648
 1.01661e-16 2.75982e-05 0.00016196 0.000769846 0.00296388 0.00924253 0.0233461 0.0477703 0.0791888 0.106361 0.115776 0.102204 0.0733373 0.0431563 0.02161 0.010653 0.00733678 0.00815875 0.0109461 0.0146785 0.0188216 0.0229259 0.0265234 0.029173 0.03055 0.0305188 0.0291607 0.0267428 0.023644 0.0202622 0.0169348 0.0138923 0.0112498 0.00902938 0.00719501 0.00568727
 1.02506e-16 2.7988e-05 0.000164254 0.000780761 0.00300593 0.00937366 0.0236772 0.0484474 0.0803097 0.107862 0.117397 0.103605 0.0742769 0.0435776 0.0215786 0.0102409 0.00655538 0.00696107 0.00926445 0.0124673 0.0160931 0.0197748 0.0231347 0.0258094 0.027518 0.0281197 0.0276377 0.026239 0.0241799 0.0217394 0.019161 0.0166205 0.0142208 0.0120075 0.00999333 0.00817834
 1.02893e-16 2.77356e-05 0.000162772 0.000773714 0.00297879 0.00928904 0.0234635 0.0480102 0.0795851 0.106889 0.11634 0.102676 0.0736194 0.0432089 0.0214274 0.010221 0.00661022 0.00706732 0.00941754 0.0126675 0.0163376 0.0200544 0.0234339 0.0261087 0.0277983 0.0283674 0.0278499 0.0264248 0.0243605 0.0219431 0.0194172 0.0169524 0.0146405 0.0125127 0.0105679 0.0087957
 1.02323e-16 3.13383e-05 0.000183928 0.000874305 0.00336611 0.0104969 0.0265143 0.054252 0.0899293 0.120774 0.131431 0.115943 0.08302 0.0485003 0.0236308 0.0105694 0.00590729 0.00562665 0.0072625 0.00972158 0.0125346 0.0153922 0.0179963 0.0200651 0.0213835 0.021847 0.0214799 0.0204176 0.0188634 0.0170344 0.0151163 0.0132381 0.0114694 0.0098345 0.0083333 0.006959
 1.02189e-16 2.88538e-05 0.000169336 0.000804919 0.00309894 0.0096637 0.0244099 0.0499466 0.0827949 0.1112 0.121031 0.106812 0.0765789 0.0449325 0.0222564 0.0105712 0.00677172 0.00718137 0.00952967 0.0127748 0.01641 0.0200414 0.0232679 0.0257114 0.0270912 0.0272852 0.0263536 0.0245123 0.0220706 0.0193533 0.0166347 0.0141 0.0118413 0.00987659 0.00818061 0.00671338
 1.02474e-16 2.85154e-05 0.00016735 0.00079548 0.0030626 0.00955039 0.0241236 0.0493608 0.0818236 0.109895 0.119608 0.105552 0.0756643 0.0443743 0.0219405 0.0103573 0.00655442 0.0068994 0.00915403 0.0122999 0.0158527 0.0194435 0.0226954 0.0252488 0.0268295 0.0273058 0.0267124 0.0252275 0.0231177 0.0206692 0.0181279 0.0156667 0.0133811 0.0113052 0.00943832 0.00776771
 1.02265e-16 3.07242e-05 0.000180321 0.000857155 0.00330007 0.010291 0.0259942 0.0531878 0.0881658 0.118408 0.12886 0.113684 0.0814246 0.047612 0.0232798 0.0105511 0.00609171 0.00596814 0.00776407 0.0104006 0.0134018 0.0164407 0.0191972 0.0213682 0.0227232 0.023152 0.0226842 0.0214698 0.0197324 0.017711 0.0156095 0.01357 0.0116688 0.00993171 0.00835643 0.00693208
 1.02304e-16 2.85777e-05 0.000167715 0.000797213 0.00306927 0.00957118 0.0241761 0.0494684 0.0820023 0.110136 0.119873 0.105792 0.0758507 0.0445119 0.0220606 0.0104996 0.00675535 0.0071882 0.00955111 0.0128133 0.0164731 0.0201391 0.0234118 0.0259132 0.0273609 0.0276291 0.0267726 0.0250006 0.0226156 0.0199366 0.0172335 0.0146907 0.0124014 0.0103875 0.00862932 0.00709297
 1.04388e-16 1.75846e-05 0.000103161 0.000490287 0.00188747 0.00588576 0.0148673 0.030423 0.0504389 0.0677669 0.0738198 0.065295 0.0471347 0.0283049 0.0152285 0.00925579 0.00861744 0.0111676 0.0155496 0.0210515 0.0271629 0.0333282 0.0389172 0.0433172 0.0460587 0.0469162 0.045947 0.0434535 0.0398892 0.0357398 0.0314231 0.0272319 0.0233275 0.0197679 0.0165527 0.0136619
pSPR Fmed_Fpbrs
0.701783   0.33593 0.33593
Fs Fmed_Fpbrs
0.222529   1.005 1.005
SSBpbr Bo_Bmed_Bpbrs
1.3458e+06  877170  384805 384805
Ro
56387.3
SPR SPRFo_SPRFmed_SPRFpbrs
1.15948e+06 813705 389505
log_Ro
10.76
likeval ReclasPelacesDesembMPH_pf_preclas_ppelaces_ptallas_desvR_qrecl_qpela
 61.0031 22.2225 0.0299473 0.000230088 317.287 198.867 77.7317 0 15.9351 7.58008e-05 7.08199e-06 0 0 0 0
q_reclas_q_pelaces
0.291205 1.46025
M
0.7
N
 64796 16585.5 6161.29 725.332 0.370401
 80283.7 29868.2 5590.08 2076.64 244.596
 50680.8 37711.9 11105.2 2078.43 863.055
 73883.7 23303.4 12546.3 3694.59 978.602
 121967 36165.2 10736.6 5780.51 2153.09
 91547.9 60382.6 17675.9 5247.59 3877.59
 137317 44041.6 25420.4 7441.36 3841.6
 120832 66842.2 19712.3 11377.7 5050.06
 136573 57612.7 26861.6 7921.71 6601.78
 130626 64655.5 22309.5 10401.7 5623.96
 66224.1 62281.6 25980.6 8964.65 6439.61
 41617.6 30088 19468.9 8121.4 4815.29
 42458.6 18997.4 9637.95 6236.38 4143.95
 23613.4 18437.7 4693.11 2380.96 2564.36
 17820.2 9209.14 2603.06 662.579 698.186
 21672.9 7008.08 1357.89 383.821 200.645
 17825 9829.06 2170.23 420.504 180.995
 20314.3 8317.61 3530.41 779.506 216.047
 23429.9 9678.84 3329.96 1413.4 398.57
 40080.9 11242.2 4019.7 1382.96 752.525
 49719.4 19215.4 4648.28 1662.01 882.949
 64831.6 24285.7 8756.38 2118.21 1159.73
 105696 31496.6 10759.8 3879.52 1452.29
 127597 51139.7 13660.3 4666.59 2312.44
 59262.2 61804.7 22308.4 5958.96 3044.43
pred_Ctot
 3357.65 3918.11 1455.53 171.351 0.0875026
 3132.19 5487.89 1027.1 381.555 44.9412
 2711.45 9159.07 2697.12 504.789 209.61
 760.075 1215.21 654.255 192.662 51.0313
 267.448 410.466 121.858 65.6073 24.4371
 2059.81 6674 1953.7 580.009 428.585
 1953.73 3144.28 1814.85 531.264 274.264
 3470.3 9281.44 2737.17 1579.87 701.231
 4595.52 9255.54 4315.35 1272.63 1060.58
 3753.11 8981.16 3098.97 1444.88 781.213
 4072.82 17040.7 7108.5 2452.8 1761.93
 2429.37 7875.57 5096 2125.78 1260.41
 3862.64 7142.93 3623.83 2344.85 1558.11
 3696.11 10172.8 2589.37 1313.67 1414.86
 2702.5 4980.24 1407.72 358.319 377.575
 1358.85 1948.92 377.622 106.739 55.7984
 776.2 1992.63 439.967 85.248 36.6927
 593.662 1173.7 498.176 109.996 30.4864
 569.883 1151.08 396.022 168.092 47.4008
 998.749 1367.65 489.008 168.241 91.5469
 585.963 1143.51 276.621 98.9067 52.5446
 1011.91 1895.32 683.37 165.31 90.5082
 1954.46 2890.62 987.486 356.045 133.285
 2259.65 4503.94 1203.08 410.993 203.66
 954.83 4972.62 1794.86 479.439 244.945
F
 0.0744486 0.387533 0.387533 0.387533 0.387533
 0.0555921 0.289378 0.289378 0.289378 0.289378
 0.0769487 0.400547 0.400547 0.400547 0.400547
 0.014396 0.0749364 0.0749364 0.0749364 0.0749364
 0.00305319 0.015893 0.015893 0.015893 0.015893
 0.0317268 0.16515 0.16515 0.16515 0.16515
 0.0199589 0.103894 0.103894 0.103894 0.103894
 0.040657 0.211635 0.211635 0.211635 0.211635
 0.0477835 0.248731 0.248731 0.248731 0.248731
 0.0406737 0.211722 0.211722 0.211722 0.211722
 0.0889173 0.462848 0.462848 0.462848 0.462848
 0.0842242 0.438419 0.438419 0.438419 0.438419
 0.134131 0.698204 0.698204 0.698204 0.698204
 0.241618 1.25771 1.25771 1.25771 1.25771
 0.233272 1.21427 1.21427 1.21427 1.21427
 0.0907197 0.47223 0.47223 0.47223 0.47223
 0.0622294 0.323928 0.323928 0.323928 0.323928
 0.0413833 0.215416 0.215416 0.215416 0.215416
 0.0343368 0.178736 0.178736 0.178736 0.178736
 0.0351905 0.18318 0.18318 0.18318 0.18318
 0.0165075 0.0859279 0.0859279 0.0859279 0.0859279
 0.0219142 0.114072 0.114072 0.114072 0.114072
 0.0260089 0.135386 0.135386 0.135386 0.135386
 0.0248968 0.129597 0.129597 0.129597 0.129597
 0.0226285 0.11779 0.11779 0.11779 0.11779
YTP_r0W_actual
 10694.1 109398 59230.5 19705 10483.7
YTP_p0W_proyectada
 54091.5 296944 410516 193293 85028.4
 54091.5 210601 78694.2 97341.5 47439.2
CTP_r0_actual
 954.83 4972.62 1794.86 479.439 244.945
CTP_p0_proyectada
 6363.7 13875.9 13157.6 4749.22 1828.57
 6363.7 9841.17 2522.25 2391.68 1020.2
Wmedp
 8.5 21.4 31.2 40.7 46.5
nmprior
 10.6 11 7 0
nm_flota  nm_reclas  nm_pelaces    nm_pelaL
inf 13.6658 20.2986 50.0847
cv_recla  cv_pelaces  cv_mph
0.706481 0.534526 0.492136
 ------------------------------------------------
Talla a la edad & desviaci?n 
 7.2 14.2025 17.0495 18.207 18.6776
 1.08 2.13037 2.55742 2.73105 2.80164
