years
 1997 1998 1999 2000 2001 2002 2003 2004 2005 2006 2007 2008 2009 2010 2011 2012 2013 2014 2015 2016 2017 2018 2019 2020 2021
reclasobs
 0 0 0 370054 412103 1.49427e+06 250295 1.28982e+06 931140 785840 897777 1.04006e+06 184774 17550 25797 100020 73551 82996 120727 218422 84188 347160 605670 569463 516374
reclaspred
 1.46557e+06 180828 183871 94398.7 254167 240832 529913 461468 600581 1.09063e+06 909832 568968 377456 162235 97578.1 92322.9 101965 119038 98155.3 178299 296801 249738 425258 496785 400807
pelacesobs
 0 0 0 0 0 0 0 0 0 2.06254e+06 1.5e+06 0 1.87456e+06 323000 250000 174000 83755 137374 0 501740 490994 745055 786931 1.00524e+06 1.33801e+06
pelacespred
 980056 345464 73130.1 83993.1 211139 151285 474067 396353 522843 956014 720196 464682 318039 108270 64595.5 65826.4 75516.9 90880 74792.8 134065 254399 211268 279828 380483 299640
mphobs
 0 0 0 0 0 112323 0 153150 637223 0 255016 313432 73983 77613 109348 50772 0 0 0 0 0 0 0 0 0
mphpred
 624538 261262 102693 35569.4 52019 130892 139342 178965 198749 277181 496067 347565 190113 111556 46171.8 35534 39980.8 47471 49772 46297.2 98989.6 126220 140339 202220 234610
desembarqueobs
 350755 77701 442110 56441 14545 235359 269955 359681 431902 328805 639364 411747 362871 311530 167758 66681 60226 58785 57116 73181 50977 67692 138656 160484 209506
desembarquepred
 350742 77677.6 441460 56410.3 14544 235223 269865 359112 431445 328550 638644 411394 362290 311019 167411 66629 60203.6 58745.1 57069.3 73108 50963.6 67653.4 138579 160409 209416
Reclutas
 6326.56 10698 1337.34 19393.3 52393.3 16165.4 51981.1 73094.9 91275.3 215489 53860.7 22785.8 54812.9 20813.7 13969 15062.4 9819.6 9707.3 7197.52 28514 29389.5 28781 61030.4 50217.5 1368.9
log_desv_Rt
 -1.22749 -0.70219 -2.78156 -0.107315 0.886535 -0.289372 0.878635 1.21951 1.44164 2.30066 0.914157 0.0538946 0.931682 -0.036633 -0.435404 -0.360043 -0.787864 -0.799367 -1.09851 0.278152 0.308393 0.287471 1.03913 0.844119 -2.75824
SSB
 1.57161e+06 657452 258422 89508.5 130903 329383 350647 450356 500142 697511 1.24833e+06 874627 478408 280725 116189 89419.2 100610 119458 125248 116504 249102 317627 353156 508874 590384
BT
 1.97563e+06 788373 378341 214306 389935 454454 1.04569e+06 1.09648e+06 1.32639e+06 2.01637e+06 1.84326e+06 1.19987e+06 928806 490046 254714 172697 184876 210491 184430 301520 495838 443845 601406 815038 706942
Ftot
 0.201779 0.312038 1.48516 1.01478 0.14435 0.970674 0.827158 1.56679 1.40681 0.71357 0.748522 0.582354 1.11317 2.03149 2.32549 1.06341 0.805804 0.604558 0.606832 0.792226 0.253604 0.294554 0.398363 0.385921 0.407369
BD_Bspro_t
 0.975077 0.820842 0.543182 0.187327 0.404048 0.678259 0.506983 0.518907 0.501719 0.535971 0.639699 0.476711 0.338404 0.264306 0.148103 0.144244 0.210507 0.312238 0.376176 0.416275 0.627584 0.73323 0.718278 0.728054 0.700021
BD_Bspro
 3.54001 1.48089 0.582088 0.201615 0.294854 0.741924 0.78982 1.01441 1.12655 1.57112 2.81181 1.97007 1.0776 0.632323 0.261711 0.201414 0.22662 0.269075 0.282118 0.262422 0.561093 0.715443 0.795472 1.14622 1.32982
BD_Bo
 1.70687 0.714031 0.280662 0.0972115 0.142168 0.357729 0.380823 0.489113 0.543184 0.757538 1.35575 0.949897 0.519579 0.304884 0.126188 0.0971146 0.109268 0.129738 0.136027 0.126531 0.270539 0.344961 0.383548 0.552668 0.641192
BD_Brms
 4.63019 1.93694 0.761347 0.263704 0.385657 0.970405 1.03305 1.32681 1.47348 2.05496 3.67773 2.57677 1.40945 0.827053 0.342307 0.263441 0.296409 0.351939 0.368999 0.343238 0.733887 0.93577 1.04044 1.49921 1.73935
S_f
 0.096063 0.668782 0.974596 0.99863 0.999928
 0.096063 0.668782 0.974596 0.99863 0.999928
 0.096063 0.668782 0.974596 0.99863 0.999928
 0.096063 0.668782 0.974596 0.99863 0.999928
 0.096063 0.668782 0.974596 0.99863 0.999928
 0.096063 0.668782 0.974596 0.99863 0.999928
 0.096063 0.668782 0.974596 0.99863 0.999928
 0.096063 0.668782 0.974596 0.99863 0.999928
 0.096063 0.668782 0.974596 0.99863 0.999928
 0.096063 0.668782 0.974596 0.99863 0.999928
 0.096063 0.668782 0.974596 0.99863 0.999928
 0.096063 0.668782 0.974596 0.99863 0.999928
 0.096063 0.668782 0.974596 0.99863 0.999928
 0.096063 0.668782 0.974596 0.99863 0.999928
 0.096063 0.668782 0.974596 0.99863 0.999928
 0.096063 0.668782 0.974596 0.99863 0.999928
 0.096063 0.668782 0.974596 0.99863 0.999928
 0.096063 0.668782 0.974596 0.99863 0.999928
 0.096063 0.668782 0.974596 0.99863 0.999928
 0.096063 0.668782 0.974596 0.99863 0.999928
 0.096063 0.668782 0.974596 0.99863 0.999928
 0.096063 0.668782 0.974596 0.99863 0.999928
 0.096063 0.668782 0.974596 0.99863 0.999928
 0.096063 0.668782 0.974596 0.99863 0.999928
 0.096063 0.668782 0.974596 0.99863 0.999928
Scru_reclas
 0.981079 1 1 1 1
 0.981079 1 1 1 1
 0.981079 1 1 1 1
 0.981079 1 1 1 1
 0.981079 1 1 1 1
 0.981079 1 1 1 1
 0.981079 1 1 1 1
 0.981079 1 1 1 1
 0.981079 1 1 1 1
 0.981079 1 1 1 1
 0.981079 1 1 1 1
 0.981079 1 1 1 1
 0.981079 1 1 1 1
 0.981079 1 1 1 1
 0.981079 1 1 1 1
 0.981079 1 1 1 1
 0.981079 1 1 1 1
 0.981079 1 1 1 1
 0.981079 1 1 1 1
 0.981079 1 1 1 1
 0.981079 1 1 1 1
 0.981079 1 1 1 1
 0.981079 1 1 1 1
 0.981079 1 1 1 1
 0.981079 1 1 1 1
Scru_pelaces
 1 1 1 1 1
 1 1 1 1 1
 1 1 1 1 1
 1 1 1 1 1
 1 1 1 1 1
 1 1 1 1 1
 1 1 1 1 1
 1 1 1 1 1
 1 1 1 1 1
 1 1 1 1 1
 1 1 1 1 1
 1 1 1 1 1
 1 1 1 1 1
 1 1 1 1 1
 1 1 1 1 1
 1 1 1 1 1
 1 1 1 1 1
 1 1 1 1 1
 1 1 1 1 1
 1 1 1 1 1
 1 1 1 1 1
 1 1 1 1 1
 1 1 1 1 1
 1 1 1 1 1
 1 1 1 1 1
pf_obs 
 0.256992 0.487395 0.22802 0.0275931 0
 0.321318 0.546541 0.124235 0.00734118 0.000564706
 0.182869 0.594174 0.210203 0.0122559 0.00049798
 0.330522 0.361315 0.267642 0.0388342 0.00168674
 0.649043 0.306663 0.0425973 0.00169635 0
 0.582887 0.30429 0.105238 0.00758474 0
 0.465427 0.430635 0.0974691 0.00646863 0
 0.296916 0.608066 0.0921331 0.00288517 0
 0.311714 0.524322 0.152257 0.0117073 0
 0.15457 0.633149 0.183074 0.0267441 0.00246327
 0.131901 0.49318 0.331252 0.0422183 0.00144891
 0.196976 0.569456 0.194076 0.0375587 0.00193317
 0.518974 0.381816 0.0799577 0.0180837 0.00116848
 0.0928022 0.601141 0.25162 0.0475244 0.00691264
 0.122501 0.610282 0.24278 0.0234846 0.000952079
 0.383417 0.481906 0.127806 0.00687128 0
 0.0376549 0.599619 0.316969 0.0457579 0
 0.0361596 0.667082 0.258105 0.0386534 0
 0.158088 0.579412 0.248529 0.0139706 0
 0.0477256 0.309471 0.559284 0.082774 0.000745712
 0.0406174 0.521527 0.379366 0.0568643 0.0016247
 0.151134 0.462217 0.34131 0.0453401 0
 0.294876 0.26143 0.354403 0.0886775 0.000613685
 0.281977 0.475581 0.204845 0.0348837 0.00271318
 0.0841818 0.532909 0.334909 0.0458182 0.00218182
pf_pred 
 0.012968 0.644281 0.303277 0.0394722 2.80152e-06
 0.0377893 0.0701412 0.656458 0.209094 0.0265172
 0.0136095 0.260511 0.0780425 0.480264 0.167573
 0.502184 0.0817393 0.1745 0.0271078 0.214468
 0.449919 0.503714 0.0119578 0.0147719 0.0196376
 0.0858376 0.754181 0.15073 0.00243276 0.00681877
 0.346092 0.278232 0.334571 0.0388163 0.00228961
 0.344409 0.548681 0.0593854 0.0424896 0.00503477
 0.328826 0.567574 0.0944547 0.00519108 0.00395441
 0.43128 0.464658 0.094934 0.00835631 0.000772017
 0.0725389 0.782772 0.127293 0.0159169 0.00147915
 0.0509382 0.336278 0.551047 0.0545368 0.00719959
 0.232652 0.243713 0.244959 0.251403 0.0272726
 0.130631 0.685425 0.0845304 0.0475285 0.0518856
 0.207559 0.534797 0.23048 0.0128878 0.0142769
 0.285998 0.57143 0.118491 0.0216869 0.00239387
 0.162758 0.642738 0.170449 0.0201257 0.00392973
 0.174475 0.487692 0.285998 0.0456221 0.00621285
 0.138596 0.526321 0.234075 0.08593 0.015078
 0.445849 0.303655 0.179705 0.0499339 0.0208574
 0.228296 0.666259 0.0705681 0.0252699 0.00960685
 0.163403 0.523317 0.283466 0.0201309 0.00968272
 0.277835 0.3992 0.231187 0.0832618 0.00851628
 0.164329 0.604245 0.151907 0.0573888 0.02213
 0.00498859 0.551518 0.355391 0.0584075 0.0296954
pobs_RECLAS
 0 0 0 0 0
 0 0 0 0 0
 0 0 0 0 0
 0 0 0 0 0
 0.835266 0.146461 0.0176864 0.000547809 3.91292e-05
 0.385257 0.428462 0.181853 0.0044286 0
 0.867414 0.0963971 0.0333333 0.00285562 0
 0.441836 0.489002 0.0689373 0.000224442 0
 0.779404 0.147425 0.0564933 0.0165055 0.000172143
 0.814271 0.122319 0.05973 0.00367925 0
 0.40263 0.566651 0.0304383 0.000280538 0
 0.475488 0.404961 0.113038 0.00651328 0
 0.955842 0.0263864 0.0167828 0.000988607 0
 0.975058 0.0227948 0.00214734 0 0
 0.738997 0.206755 0.0527124 0.00153531 0
 0.850938 0.134255 0.0134407 0.00136685 0
 0.542534 0.407297 0.0501686 0 0
 0.764087 0.199537 0.0359546 0.000420521 0
 0.470689 0.182191 0.310203 0.0369168 0
 0.84361 0.089868 0.0606195 0.00523954 0.000663233
 0.607945 0.314616 0.071237 0.00620181 0
 0.523733 0.453247 0.0230204 0 0
 0.530135 0.295979 0.169645 0.0042399 0
 0.562478 0.366248 0.0663022 0.0049721 0
 0.250443 0.683176 0.0655157 0.000865301 0
ppred_RECLAS
 0.0922754 0.666251 0.214265 0.0272063 1.9284e-06
 0.279408 0.0750187 0.478201 0.148558 0.0188149
 0.124541 0.319846 0.0613968 0.366533 0.127683
 0.911193 0.0206219 0.0290785 0.00439396 0.0347122
 0.852405 0.139003 0.00225765 0.00272119 0.00361279
 0.417169 0.511154 0.0676429 0.00106219 0.00297285
 0.823191 0.0931465 0.0747247 0.00844032 0.000497147
 0.807589 0.171426 0.0118176 0.00819828 0.000969845
 0.793388 0.184921 0.019829 0.00105771 0.000804447
 0.850656 0.129879 0.0177991 0.00152604 0.000140789
 0.368404 0.562221 0.0612273 0.00745613 0.000691919
 0.322798 0.304212 0.33628 0.0324335 0.00427576
 0.743086 0.107492 0.0709545 0.0707984 0.00766877
 0.562555 0.376619 0.028484 0.0154768 0.0168646
 0.709161 0.226077 0.0581601 0.00313533 0.00346644
 0.756333 0.209414 0.0286019 0.00509079 0.0005611
 0.599279 0.333535 0.0590712 0.00679114 0.00132414
 0.631359 0.251628 0.0994521 0.0154591 0.00210232
 0.564374 0.30555 0.0915767 0.0327587 0.00574017
 0.870604 0.083636 0.0330777 0.00894963 0.00373296
 0.680948 0.28819 0.0208252 0.00727444 0.00276185
 0.605216 0.280591 0.103572 0.00717425 0.00344614
 0.75759 0.156839 0.0616929 0.0216654 0.00221302
 0.599925 0.318027 0.0543271 0.0200138 0.00770729
 0.0391043 0.622639 0.272433 0.0436575 0.0221664
pobs_PELACES
 0 0 0 0 0
 0 0 0 0 0
 0 0 0 0 0
 0 0 0 0 0
 0 0 0 0 0
 0 0 0 0 0
 0 0 0 0 0
 0 0 0 0 0
 0 0 0 0 0
 0 0 0 0 0
 0.450072 0.473896 0.0757376 0.000293798 0
 0 0 0 0 0
 0.463077 0.371075 0.160297 0.00555027 0
 0.529543 0.364841 0.0842815 0.0213345 0
 0.631943 0.363953 0.00410389 0 0
 0.735681 0.248677 0.0153453 0.000297389 0
 0.695825 0.281241 0.0229344 0 0
 0.275771 0.60734 0.115278 0.00161068 0
 0 0 0 0 0
 0.896147 0.0623911 0.0374545 0.00400742 0
 0.803859 0.145111 0.0509908 3.86294e-05 0
 0.739449 0.233085 0.0266225 0.000797448 4.60066e-05
 0.878498 0.100942 0.0204185 0.000141795 0
 0.694673 0.275183 0.0284847 0.00165964 0
 0.469039 0.446079 0.0841089 0.000773354 0
ppred_PELACES
 0.0976598 0.665901 0.209836 0.0266013 1.88536e-06
 0.301412 0.0748485 0.462325 0.143271 0.0181429
 0.174871 0.332774 0.0549872 0.324425 0.112942
 0.932168 0.0170853 0.0217465 0.0032597 0.0257404
 0.858255 0.133613 0.00213873 0.00257491 0.00341836
 0.469972 0.470264 0.0564248 0.000879241 0.00245978
 0.852268 0.0809193 0.0597169 0.00670105 0.000394561
 0.853988 0.132263 0.00778437 0.00533358 0.000630531
 0.838152 0.146911 0.0136682 0.000720996 0.000548025
 0.870216 0.113906 0.0145255 0.00123834 0.000114212
 0.408443 0.53086 0.0536057 0.00648935 0.00060201
 0.359027 0.297356 0.30994 0.0297553 0.00392171
 0.795422 0.0914682 0.0539616 0.0533696 0.00577815
 0.664122 0.297128 0.0183065 0.00978784 0.0106563
 0.801863 0.161599 0.0328764 0.00173993 0.00192177
 0.796951 0.177069 0.0217233 0.003834 0.000422386
 0.642714 0.301365 0.0492051 0.00562085 0.00109558
 0.6661 0.232329 0.0863897 0.0133644 0.00181698
 0.601336 0.284791 0.0802847 0.0285815 0.00500691
 0.891222 0.0723162 0.0264031 0.007099 0.00296004
 0.695863 0.275408 0.0193987 0.00676252 0.00256722
 0.624944 0.268864 0.0963368 0.00665749 0.00319751
 0.776991 0.146366 0.0553049 0.0193607 0.00197728
 0.623696 0.301555 0.0495457 0.0181966 0.00700632
 0.0434784 0.628857 0.264071 0.042181 0.021413
pobs_pel_tallas
 0 0 0 0 0 0 0 0 0 0 0 0 0 0 0 0 0 0 0 0 0 0 0 0 0 0 0 0 0 0 0 0 0 0 0 0
 0 0 0 0 0 0 0 0 0 0 0 0 0 0 0 0 0 0 0 0 0 0 0 0 0 0 0 0 0 0 0 0 0 0 0 0
 0 0 0 0 0 0 0 0 0 0 0 0 0 0 0 0 0 0 0 0 0 0 0 0 0 0 0 0 0 0 0 0 0 0 0 0
 0 0 0 0 0 0 0 0 0 0 0 0 0 0 0 0 0 0 0 0 0 0 0 0 0 0 0 0 0 0 0 0 0 0 0 0
 0 0 0 0 0 0 0 0 0 0 0 0 0 0 0 0 0 0 0 0 0 0 0 0 0 0 0 0 0 0 0 0 0 0 0 0
 0 0 0 0 0 0 0 0 0 0 0 0 0 0 0 0 0 0 0 0 0 0 0 0 0 0 0 0 0 0 0 0 0 0 0 0
 0 0 0 0 0 0 0 0 0 0 0 0 0 0 0 0 0 0 0 0 0 0 0 0 0 0 0 0 0 0 0 0 0 0 0 0
 0 0 0 0 0 0 0 0 0 0 0 0 0 0 0 0 0 0 0 0 0 0 0 0 0 0 0 0 0 0 0 0 0 0 0 0
 0 0 0 0 0 0 0 0 0 0 0 0 0 0 0 0 0 0 0 0 0 0 0 0 0 0 0 0 0 0 0 0 0 0 0 0
 0 0 0 0 0 0 0 0 0 0 0 0 0 0 0 0 0 0 0 0 0 0 0 0 0 0 0 0 0 0 0 0 0 0 0 0
 0 0 0 0 0 0 0 0 1.78061e-05 0.00172719 0.00360574 0.0105946 0.0120993 0.0124554 0.0147524 0.0171206 0.0266825 0.0428682 0.0675386 0.121331 0.153587 0.119568 0.100827 0.0573624 0.0630603 0.0341343 0.0324427 0.0444173 0.0211091 0.0280891 0.0125444 0.00206551 0 0 0 0
 0 0 0 0 0 0 0 0 0 0 0 0 0 0 0 0 0 0 0 0 0 0 0 0 0 0 0 0 0 0 0 0 0 0 0 0
 0 0 0 0 0 0 0.0133647 0.0140871 0.0187388 0.0205184 0.03894 0.0496705 0.03968 0.0493445 0.0407372 0.0367815 0.0215668 0.0243155 0.0234873 0.0199281 0.019796 0.0243948 0.0301388 0.0376714 0.0412746 0.0863199 0.0771752 0.113111 0.0741005 0.0525337 0.0229764 0.00759418 0.00175318 0 0 0
 0 0 0 0 0 0 0 0 0 0 0.00219441 0.00772107 0.0458388 0.0604681 0.0671733 0.0775358 0.0609151 0.0617685 0.073594 0.0568108 0.0755445 0.0548602 0.0670107 0.0636378 0.0643287 0.046367 0.0373049 0.0286899 0.0247887 0.0153202 0.00654259 0.00121912 0.000365735 0 0 0
 0 0 0 0 0 0 0 0 0 0 0 0 0.000112435 0.00938835 0.0111873 0.0202946 0.0414886 0.0713402 0.111592 0.104902 0.108894 0.110636 0.117776 0.105296 0.107544 0.0401394 0.0192827 0.0124803 0.00416011 0.0028671 0.000618394 0 0 0 0 0
 0 0 0 0 0 0 0 0 0 0 0.00291406 0.0102884 0.027416 0.0768956 0.0749926 0.110853 0.0956884 0.0897413 0.0766577 0.0534642 0.0500743 0.0551293 0.0594112 0.0620874 0.0668451 0.0424026 0.0208742 0.0120726 0.0048766 0.00582813 0.00118941 0.000297354 0 0 0 0
 0 0.00264628 0.0354308 0.0461629 0.0458689 0.0383711 0.0214643 0.0164657 0.0346957 0.0420465 0.0363128 0.0245516 0.0311673 0.0291091 0.0169068 0.0133784 0.00837989 0.0085269 0.0148486 0.0160247 0.0276389 0.0546898 0.0760071 0.122758 0.109233 0.0665981 0.0333725 0.0166128 0.00676272 0.00308733 0.000882094 0 0 0 0 0
 0 0 0 0 0 0 0 0.000805153 0.000690131 0.00759144 0.0133425 0.0154129 0.00931677 0.000345066 0.00356568 0.00563607 0.00851162 0.0253048 0.0502646 0.0516448 0.0657925 0.0565908 0.0611916 0.0827007 0.0866115 0.110766 0.145733 0.0935128 0.0569358 0.0249597 0.0138026 0.00621118 0.00161031 0.00115022 0 0
 0 0 0 0 0 0 0 0 0 0 0 0 0 0 0 0 0 0 0 0 0 0 0 0 0 0 0 0 0 0 0 0 0 0 0 0
 0.00147267 0.00158595 0.00478618 0.00569244 0.00954404 0.0108468 0.00647125 0.017049 0.0510054 0.094081 0.124002 0.0959785 0.0687766 0.0820023 0.061753 0.0591476 0.0492212 0.0479892 0.0443925 0.0268479 0.0217502 0.0140895 0.0121071 0.0120363 0.00920419 0.00665534 0.0049561 0.00860946 0.00930331 0.0156896 0.0114698 0.00855282 0.00243557 0.00046729 0 2.83206e-05
 0 0 0 0 0.000772559 0.00158375 0.000888443 0.00281984 0.00712685 0.0440552 0.0773331 0.111326 0.0921469 0.0852325 0.0710754 0.0886704 0.0786465 0.0553345 0.0373146 0.0185414 0.00753245 0.00457741 0.012979 0.0271748 0.0457355 0.0583668 0.034881 0.0177882 0.00938659 0.00492506 0.0015258 0.00185414 0.000309023 5.79419e-05 3.86279e-05 0
 0 0.00173294 0.00326652 0 0.00397197 0.00683976 0.00946217 0.0152591 0.00757587 0.0136028 0.0228656 0.0392903 0.0559909 0.0764795 0.0681675 0.0726916 0.0566044 0.0477403 0.0527397 0.0444891 0.0609904 0.0582453 0.0661739 0.0445044 0.0529084 0.0360697 0.0280645 0.0235558 0.0158879 0.00826598 0.00280645 0.00217768 0.000904811 0.00058276 9.20147e-05 0
 0 0 0 0 0 0 0 0 0 0 0 0 0 0 0 0 0 0 0 0 0 0 0 0 0 0 0 0 0 0 0 0 0 0 0 0
 0 0 0 0 0 0 0 0 0 0 0 0 0 0 0 0 0 0 0 0 0 0 0 0 0 0 0 0 0 0 0 0 0 0 0 0
 0 0 0 0 0 0 0 0 0 0 0 0 0 0 0 0 0 0 0 0 0 0 0 0 0 0 0 0 0 0 0 0 0 0 0 0
ppred_pel_tallas
 1.0411e-16 4.29856e-06 2.51352e-05 0.000119285 0.000458924 0.00143082 0.00361485 0.00740171 0.012289 0.0165639 0.0181833 0.016416 0.0125741 0.00900011 0.00747655 0.00859661 0.0121957 0.0179461 0.0255515 0.0346282 0.0445546 0.0544373 0.0632149 0.069855 0.0735791 0.0740356 0.0713669 0.0661433 0.0591993 0.0514262 0.0435939 0.0362453 0.0296777 0.0239872 0.0191442 0.0150633
 1.12358e-16 1.31596e-05 7.72106e-05 0.000366975 0.00141279 0.00440557 0.0111281 0.02277 0.0377459 0.0506979 0.0551859 0.0487176 0.0349617 0.020587 0.0103484 0.00520451 0.00379935 0.00454562 0.00652966 0.00942708 0.0131722 0.017738 0.0230426 0.0289195 0.0351138 0.0412924 0.0470659 0.0520201 0.0557592 0.0579541 0.0583906 0.0570067 0.0539102 0.0493669 0.0437651 0.0375583
 1.17314e-16 7.65082e-06 4.48492e-05 0.000213081 0.000820187 0.0025575 0.00646034 0.0132212 0.0219252 0.0294741 0.0321505 0.0285419 0.0208308 0.0129654 0.00780972 0.00604219 0.00699445 0.00982526 0.0140037 0.0192237 0.0251971 0.0315492 0.0378268 0.0435743 0.0484254 0.0521713 0.0547797 0.0563558 0.0570662 0.0570565 0.0563954 0.0550644 0.0529906 0.0501034 0.0463923 0.0419401
 1.0163e-16 4.06602e-05 0.000238671 0.00113459 0.00436835 0.0136224 0.0344088 0.0704034 0.116695 0.156701 0.170474 0.150256 0.10731 0.0621247 0.0292123 0.0112704 0.00377252 0.00142937 0.00102826 0.00123025 0.00161646 0.00207543 0.00256838 0.00306817 0.00355021 0.00399351 0.00438185 0.00470303 0.00494709 0.00510457 0.00516601 0.00512327 0.00497214 0.00471493 0.00436221 0.0039328
 1.00323e-16 3.7442e-05 0.000219766 0.00104469 0.00402217 0.0125428 0.0316821 0.0648252 0.107453 0.1443 0.15701 0.138453 0.0990211 0.0576102 0.0276231 0.0115919 0.00539452 0.00418822 0.00500637 0.00655537 0.00832952 0.0100557 0.0115037 0.0124706 0.0128154 0.012492 0.0115611 0.0101729 0.00852899 0.00683562 0.00526264 0.00391974 0.00285229 0.00205298 0.00148149 0.00108432
 1.011e-16 2.05248e-05 0.000120416 0.000572305 0.00220324 0.00687044 0.0173546 0.0355127 0.058877 0.0791029 0.0861659 0.0762096 0.0550006 0.0330008 0.0177006 0.0106644 0.00980871 0.0126026 0.0174277 0.0234108 0.0299108 0.0362371 0.0416267 0.0453622 0.0469289 0.0461375 0.0431675 0.0385127 0.0328526 0.0268928 0.0212257 0.0162483 0.012146 0.00892944 0.00649707 0.00469857
 1.01123e-16 3.71789e-05 0.000218227 0.00103739 0.00399405 0.0124551 0.0314605 0.0643714 0.106699 0.143284 0.155894 0.137444 0.098245 0.0570496 0.0271515 0.0110492 0.00463584 0.00309933 0.0035077 0.0046139 0.00597815 0.00741023 0.00876671 0.00991494 0.010747 0.0111988 0.0112589 0.010964 0.0103835 0.00959885 0.00868693 0.00770983 0.00671332 0.00573039 0.00478666 0.00390415
 1.00367e-16 3.72559e-05 0.000218674 0.0010395 0.00400218 0.0124805 0.0315246 0.064503 0.106919 0.143583 0.156229 0.137765 0.098529 0.0573242 0.0274865 0.0115361 0.00537173 0.00417571 0.00499752 0.00655172 0.0083371 0.0100837 0.0115638 0.0125753 0.0129763 0.0127176 0.011854 0.0105288 0.00893652 0.00727703 0.00571622 0.00436275 0.00326395 0.00241696 0.00178741 0.0013282
 1.00293e-16 3.6566e-05 0.000214622 0.00102024 0.003928 0.0122491 0.0309403 0.0633075 0.104938 0.140924 0.15334 0.135228 0.0967356 0.0563243 0.0270887 0.0115099 0.00557038 0.00454712 0.0055447 0.0072944 0.00928847 0.0112383 0.012892 0.0140243 0.0144756 0.0141891 0.013224 0.0117377 0.00994591 0.00807147 0.0063009 0.0047582 0.00349999 0.00252703 0.00180442 0.00128181
 1.00292e-16 3.79628e-05 0.000222826 0.00105924 0.0040782 0.0127175 0.0321234 0.065728 0.108949 0.146307 0.159189 0.140363 0.100362 0.0583404 0.0278796 0.0115392 0.00513187 0.00374326 0.00436785 0.00570584 0.00726679 0.00880453 0.0101198 0.0110366 0.0114298 0.0112526 0.0105477 0.00943347 0.00807337 0.00663721 0.0052677 0.00406066 0.00306117 0.0022724 0.00167071 0.00122086
 1.01185e-16 1.78443e-05 0.000104674 0.000497451 0.00191501 0.00597161 0.0150843 0.0308679 0.0511801 0.0687729 0.0749426 0.0663522 0.0480367 0.029123 0.0161666 0.0105809 0.0106071 0.0140811 0.0195963 0.0263406 0.0336432 0.0407363 0.0467612 0.0509101 0.0526059 0.05164 0.0482214 0.0429144 0.0364922 0.0297552 0.0233736 0.017794 0.0132215 0.0096616 0.00699255 0.00503782
 1.05703e-16 1.56807e-05 9.19917e-05 0.000437202 0.00168311 0.00524849 0.0132575 0.0271285 0.044976 0.060424 0.0658128 0.0581933 0.0419666 0.0251201 0.0133725 0.00792163 0.00719119 0.00928434 0.0130308 0.0178619 0.0234136 0.0292931 0.0350307 0.0401336 0.044172 0.046854 0.0480636 0.0478512 0.0463881 0.0439059 0.0406446 0.0368238 0.0326379 0.0282644 0.0238741 0.0196317
 1.029e-16 3.47005e-05 0.000203675 0.000968206 0.00372768 0.0116245 0.0293624 0.0600786 0.0995844 0.133731 0.145505 0.128296 0.0917291 0.0533137 0.0254641 0.0105217 0.00466464 0.00341195 0.00403474 0.00537153 0.00700761 0.00875455 0.0104627 0.0119906 0.0132212 0.0140814 0.014551 0.014655 0.014447 0.0139878 0.0133291 0.0125073 0.0115468 0.0104678 0.00929602 0.00806698
 1.01191e-16 2.89835e-05 0.000170093 0.000808507 0.00311274 0.00970673 0.0245186 0.0501694 0.0831655 0.111702 0.121587 0.107328 0.0770017 0.0452872 0.0226286 0.0110719 0.00751186 0.00826001 0.0110238 0.014722 0.0187866 0.0227443 0.0261089 0.0284312 0.0293933 0.0288836 0.0270239 0.0241325 0.0206417 0.0169948 0.0135587 0.0105717 0.00813554 0.00624093 0.00480993 0.00373824
 1.0067e-16 3.49842e-05 0.000205335 0.000976079 0.00375797 0.0117189 0.029601 0.0605674 0.100396 0.134827 0.146712 0.129396 0.0925929 0.0539712 0.0260679 0.0112681 0.00573991 0.00497481 0.00620715 0.00821897 0.0105095 0.0127771 0.0147481 0.0161725 0.0168682 0.0167615 0.0159027 0.0144481 0.0126179 0.0106434 0.00872078 0.00698408 0.00550029 0.00428104 0.00330288 0.00252715
 1.00518e-16 3.47707e-05 0.000204079 0.000970108 0.00373498 0.0116472 0.0294199 0.060197 0.0997828 0.134005 0.145821 0.128618 0.0920549 0.0536949 0.0260039 0.0113584 0.00595543 0.00531658 0.00669059 0.00885705 0.0113003 0.0136963 0.0157462 0.0171785 0.017799 0.0175353 0.0164535 0.0147373 0.0126401 0.0104245 0.0083112 0.00644765 0.00490269 0.00368032 0.00274344 0.00203743
 1.01042e-16 2.80503e-05 0.000164613 0.000782456 0.00301243 0.00939392 0.0237285 0.0485528 0.0804863 0.108105 0.117676 0.103885 0.0745524 0.043889 0.022009 0.0109012 0.00756973 0.00845328 0.0113382 0.0151774 0.0194126 0.0235683 0.0271505 0.0296967 0.030872 0.0305463 0.0288224 0.0260025 0.0225075 0.0187767 0.015181 0.0119714 0.00926911 0.00708884 0.00537745 0.0040526
 1.01847e-16 2.90673e-05 0.00017059 0.000810885 0.00312191 0.00973536 0.0245908 0.0503168 0.0834081 0.112022 0.121922 0.107592 0.0771208 0.0452168 0.022335 0.0105062 0.00659775 0.00690426 0.00914203 0.0122719 0.0158009 0.0193546 0.022552 0.0250298 0.0265113 0.026865 0.0261281 0.0244847 0.0222106 0.0196032 0.0169209 0.0143487 0.0119919 0.00989098 0.00804731 0.00644523
 1.02449e-16 2.62454e-05 0.000154018 0.000732089 0.00281851 0.0087892 0.022201 0.0454273 0.0753054 0.101147 0.110104 0.0972052 0.0697699 0.0410961 0.0206518 0.0103039 0.00725778 0.00819201 0.0110473 0.0148561 0.019107 0.0233626 0.0271623 0.0300671 0.0317476 0.0320557 0.0310523 0.0289777 0.0261816 0.023034 0.0198504 0.0168483 0.014141 0.0117594 0.00968533 0.00788323
 1.00781e-16 3.88771e-05 0.000228197 0.00108479 0.00417656 0.0130243 0.0328982 0.0673129 0.111575 0.149829 0.163011 0.14371 0.102703 0.0595965 0.0282841 0.0113695 0.00454834 0.00277835 0.0029861 0.00386475 0.00495849 0.0060803 0.00709946 0.00790179 0.00840128 0.00855655 0.00837792 0.00792049 0.00726694 0.00650601 0.00571413 0.00494512 0.00422878 0.00357612 0.0029874 0.00245919
 1.00718e-16 3.03667e-05 0.000178215 0.000847127 0.00326144 0.0101705 0.0256899 0.0525659 0.0871371 0.117033 0.127381 0.112422 0.0806116 0.04732 0.0234769 0.01121 0.00724969 0.00771992 0.0102175 0.0136236 0.0173747 0.0210219 0.0241112 0.0262242 0.0270647 0.0265287 0.0247297 0.0219649 0.018639 0.0151685 0.0119001 0.00906182 0.00675433 0.00497378 0.00365036 0.002687
 1.01834e-16 2.72743e-05 0.00016006 0.000760815 0.00292912 0.00913412 0.0230722 0.0472098 0.0782594 0.105112 0.114414 0.100995 0.0724569 0.042612 0.0212899 0.010419 0.00708343 0.00782317 0.0104975 0.0141116 0.018157 0.0222134 0.0258413 0.0286204 0.0302321 0.030528 0.0295571 0.0275403 0.0248055 0.0217057 0.0185477 0.0155504 0.0128376 0.0104547 0.00839829 0.00664315
 1.01591e-16 3.38991e-05 0.000198965 0.000945801 0.0036414 0.0113554 0.0286828 0.0586885 0.0972818 0.130644 0.142159 0.125376 0.0897092 0.0522757 0.0252227 0.0108602 0.00547597 0.00470497 0.00587558 0.00782131 0.0100758 0.0123684 0.0144545 0.0161055 0.0171465 0.017492 0.0171605 0.0162606 0.0149569 0.0134266 0.011823 0.0102546 0.00878287 0.00743217 0.00620595 0.00510054
 1.01755e-16 2.7221e-05 0.000159745 0.000759311 0.00292331 0.00911602 0.0230265 0.0471166 0.0781057 0.104908 0.114199 0.100821 0.0723666 0.0426283 0.0214254 0.0106929 0.00752929 0.00848367 0.011411 0.0152948 0.0195891 0.0238244 0.02751 0.0301858 0.0315167 0.0313696 0.0298412 0.0272237 0.0239257 0.0203719 0.0169186 0.0138042 0.011141 0.00893978 0.00714939 0.00569486
 1.06404e-16 1.93457e-06 1.12598e-05 5.33265e-05 0.00020498 0.000638911 0.00161453 0.00330864 0.00550383 0.00745022 0.00826221 0.00765645 0.00628543 0.0052939 0.00561275 0.00767048 0.0115615 0.0172703 0.0247057 0.0335987 0.0434066 0.0533098 0.0623162 0.0694463 0.0739413 0.0754246 0.0739669 0.0700297 0.0643188 0.0576012 0.0505469 0.0436384 0.0371577 0.0312269 0.0258739 0.0210897
pSPR Fmed_Fpbrs
0.510689   0.418639 0.418639
Fs Fmed_Fpbrs
0.670789   1.005 1.005
SSBpbr Bo_Bmed_Bpbrs
920760  424184  339428 339428
Ro
21590.3
SPR SPRFo_SPRFmed_SPRFpbrs
443958 226724 185858
log_Ro
9.8
likeval ReclasPelacesDesembMPH_pf_preclas_ppelaces_ptallas_desvR_qrecl_qpela
 95.3997 91.3528 0.11384 0.000187576 360.254 194.588 82.7158 0 47.7744 9.05626e-06 0 0 0 0 0
q_reclas_q_pelaces
0.652829 1
M
0.7
N
 6326.56 47480.8 15748.2 2004.48 0.142098
 10698 3081.37 20601.8 6424.22 813.794
 1337.34 5155.58 1241.96 7547.89 2631.86
 19393.3 575.807 948.219 145.04 1146.57
 52393.3 8735.95 145.054 175.14 232.546
 16165.4 25659.5 3938.93 62.5785 175.254
 51981.1 7312.81 6657.49 759.491 44.7591
 73094.9 23841.3 2088.48 1476.39 174.832
 91275.3 31225.9 4151.94 225.248 171.47
 215489 39596.4 6052.04 523.353 48.3056
 53860.7 99919.2 12201 1499.23 139.194
 22785.8 24890.7 30077.1 2921.24 385.257
 54812.9 10699.5 8373.13 8467.23 917.818
 20813.7 24458.9 2523.71 1405.14 1533.16
 13969 8503.35 3121.66 173.054 191.618
 15062.4 5548.05 891.555 160.727 17.7273
 9819.6 6753.41 1352.91 157.051 30.638
 9707.3 4513.05 1956.47 306.335 41.6756
 7197.52 4548.52 1495.79 538.989 94.4819
 28514 3371.79 1505.26 411.165 171.588
 29389.5 13122 985.719 345.371 131.147
 28781 14243.2 5499.66 382.301 183.673
 61030.4 13893.5 5808.28 2049.54 209.406
 50217.5 29168.9 5285.68 1956.27 753.545
 1368.9 24029.7 11189.8 1801.98 915.166
pred_Ctot
 87.4405 4344.26 2044.93 266.153 0.0188901
 227.59 422.433 3953.59 1259.29 159.703
 128.933 2468.01 739.353 4549.89 1587.54
 1302.74 212.044 452.68 70.3216 556.362
 519.298 581.388 13.8017 17.0498 22.6658
 1040.62 9143.04 1827.32 29.4927 82.6649
 2868.61 2306.15 2773.12 321.733 18.9776
 7409.36 11803.9 1277.57 914.089 108.314
 8362.68 14434.5 2402.17 132.019 100.568
 10307.8 11105.6 2268.97 199.72 18.4516
 2698.64 29121.2 4735.63 592.15 55.0284
 894.436 5904.79 9675.97 957.625 126.419
 4022.5 4213.74 4235.27 4346.69 471.536
 2683.77 14081.8 1736.65 976.459 1065.97
 2037.25 5249.19 2262.23 126.498 140.132
 1058.15 2114.21 438.401 80.2384 8.85697
 528.383 2086.6 553.35 65.3368 12.7576
 395.21 1104.69 647.826 103.341 14.073
 294.105 1116.87 496.714 182.346 31.9959
 1509.32 1027.95 608.348 169.039 70.6078
 509.408 1486.65 157.462 56.3859 21.4362
 578.409 1852.42 1003.4 71.2586 34.2746
 1651.53 2372.97 1374.25 494.933 50.6234
 1317.17 4843.29 1217.6 459.996 177.382
 37.8665 4186.37 2697.64 443.35 225.407
F
 0.0193835 0.134946 0.196653 0.201503 0.201765
 0.0299753 0.208686 0.304111 0.311611 0.312016
 0.142669 0.993249 1.44743 1.48313 1.48505
 0.0974829 0.678668 0.989002 1.01339 1.01471
 0.0138667 0.0965386 0.140683 0.144152 0.144339
 0.0932459 0.64917 0.946015 0.969344 0.970604
 0.0794593 0.553189 0.806145 0.826025 0.827099
 0.150511 1.04784 1.52699 1.56465 1.56668
 0.135143 0.940853 1.37108 1.40489 1.40671
 0.0685476 0.477223 0.695442 0.712592 0.713518
 0.0719053 0.500599 0.729507 0.747497 0.748468
 0.0559427 0.389468 0.56756 0.581556 0.582312
 0.106934 0.744467 1.08489 1.11164 1.11309
 0.195151 1.35863 1.97988 2.02871 2.03134
 0.223394 1.55525 2.26642 2.32231 2.32532
 0.102154 0.71119 1.0364 1.06195 1.06333
 0.0774079 0.538908 0.785334 0.8047 0.805746
 0.0580757 0.404318 0.5892 0.60373 0.604515
 0.0582941 0.405839 0.591416 0.606001 0.606788
 0.0761036 0.529827 0.7721 0.791141 0.792169
 0.024362 0.169606 0.247162 0.253257 0.253586
 0.0282957 0.196992 0.287071 0.29415 0.294532
 0.038268 0.266418 0.388243 0.397818 0.398335
 0.0370727 0.258097 0.376117 0.385392 0.385893
 0.0391331 0.272441 0.39702 0.406811 0.407339
YTP_r0W_actual
 424.105 92100.1 89022.2 18221.7 9647.41
YTP_p0W_proyectada
 13117.2 5114.83 134514 73270.2 17775.1
 13117.2 81803.5 2453.63 33233.1 18022.2
CTP_r0_actual
 37.8665 4186.37 2697.64 443.35 225.407
CTP_p0_proyectada
 1543.2 239.011 4311.35 1800.25 382.259
 1543.2 3822.59 78.6419 816.539 387.574
Wmedp
 8.5 21.4 31.2 40.7 46.5
nmprior
 10.6 11 7 0
nm_flota  nm_reclas  nm_pelaces    nm_pelaL
inf 29.8233 20.9739 52.2616
cv_recla  cv_pelaces  cv_mph
0.883483 1.08376 0.444351
 ------------------------------------------------
Talla a la edad & desviaci?n 
 7.2 14.2025 17.0495 18.207 18.6776
 1.08 2.13037 2.55742 2.73105 2.80164
