years
 1997 1998 1999 2000 2001 2002 2003 2004 2005 2006 2007 2008 2009 2010 2011 2012 2013 2014 2015 2016 2017 2018 2019 2020 2021
reclasobs
 0 0 0 370054 412103 1.49427e+06 250295 1.28982e+06 931140 785840 897777 1.04006e+06 184774 17550 25797 100020 73551 82996 120727 218422 84188 347160 605670 569463 516374
reclaspred
 4.67829e+06 723522 878064 182813 233880 330310 658927 600072 644490 901906 993386 665300 356505 142621 78550.5 79967.9 90548.1 109776 120137 133746 212471 225656 374583 434261 412895
pelacesobs
 0 0 0 0 0 0 0 0 0 2.06254e+06 1.5e+06 0 1.87456e+06 323000 250000 174000 83755 137374 0 501740 490994 745055 786931 1.00524e+06 1.33801e+06
pelacespred
 5.97802e+06 2.15884e+06 530608 283336 689396 435727 2.18282e+06 1.59496e+06 1.71081e+06 2.58248e+06 1.85316e+06 1.30046e+06 906868 299756 177915 160952 178855 226978 217332 253165 515780 420709 558474 783163 490475
mphobs
 0 0 0 0 0 112323 0 153150 637223 0 255016 313432 73983 77613 109348 50772 0 0 0 0 0 0 0 0 0
mphpred
 1.05633e+06 449141 188196 68436.1 45105.7 138470 150921 270439 243681 283830 421621 259657 158837 92628.3 42423.2 31842.1 32177.9 36106.6 42266.4 43060.7 60521.2 80111.1 96277.3 134301 150854
desembarqueobs
 350755 77701 442110 56441 14545 235359 269955 359681 431902 328805 639364 411747 362871 311530 167758 66681 60226 58785 57116 73181 50977 67692 138656 160484 209506
desembarquepred
 350743 77678.8 441517 56411 14542.8 235155 269851 359054 431337 328475 637991 410934 362034 310851 167148 66577.9 60166.4 58679.6 57016 73079.9 50953.4 67610.2 138522 160343 209310
Reclutas
 8466 12377.1 1540.89 4841.66 42044.4 13195.8 64060.6 57971.3 68704.5 130669 54027 47390.3 55663 28961.3 13052.6 10800.6 7078.14 8138.2 8282.14 10780.8 16126 19688.5 32711.1 31827 1764.73
log_desv_Rt
 -0.756187 -0.376393 -2.45989 -1.31499 0.846482 -0.312349 1.26758 1.1677 1.33757 1.98043 1.09724 0.966173 1.12707 0.473715 -0.323255 -0.512648 -0.935234 -0.795676 -0.778143 -0.514474 -0.111815 0.0877916 0.595469 0.568071 -2.32425
SSB
 1.62822e+06 692307 290086 105488 69526 213438 232630 416855 375610 437497 649887 400237 244831 142778 65391.2 49081.5 49599 55654.8 65149.6 66373.9 93287.6 123484 148402 207012 232527
BT
 2.09724e+06 829698 412315 159257 273551 322717 1.05437e+06 958164 1.03058e+06 1.26865e+06 1.19506e+06 833392 684390 391603 200126 112683 111773 129559 122472 148359 227618 203778 286926 398993 314405
Ftot
 0.188649 0.293297 1.26512 0.863448 0.265077 1.6333 1.49003 1.74274 1.97609 1.23206 1.59069 1.61029 2.82258 4.7755 4.95303 2.25145 1.80233 1.51979 1.26923 1.52238 0.718391 0.818792 1.01253 1.00906 1.1677
BD_Bspro_t
 0.976004 0.828498 0.575493 0.211559 0.264315 0.573601 0.412983 0.496756 0.41931 0.414162 0.473936 0.294274 0.20563 0.145467 0.0812656 0.075023 0.103584 0.157457 0.22122 0.270683 0.373315 0.504869 0.508625 0.514572 0.466818
BD_Bspro
 4.39082 1.86694 0.782272 0.284468 0.18749 0.575576 0.627333 1.12413 1.01291 1.17979 1.75255 1.07932 0.660235 0.385027 0.17634 0.132358 0.133753 0.150084 0.175688 0.17899 0.251568 0.332997 0.400195 0.558248 0.627053
BD_Bo
 1.84783 0.785682 0.329211 0.119715 0.0789033 0.242225 0.264006 0.473078 0.426271 0.496504 0.73754 0.454219 0.277853 0.162035 0.0742108 0.0557014 0.0562887 0.0631612 0.0739366 0.0753261 0.10587 0.140138 0.168418 0.234933 0.263889
BD_Brms
 5.05731 2.15032 0.901014 0.327647 0.21595 0.662943 0.722556 1.29476 1.16665 1.35888 2.01857 1.24315 0.760452 0.443471 0.203107 0.152448 0.154056 0.172865 0.202356 0.206159 0.289754 0.383543 0.460941 0.642985 0.722234
S_f
 0.0869674 0.704815 0.983567 0.999334 0.999973
 0.0869674 0.704815 0.983567 0.999334 0.999973
 0.0869674 0.704815 0.983567 0.999334 0.999973
 0.0869674 0.704815 0.983567 0.999334 0.999973
 0.0869674 0.704815 0.983567 0.999334 0.999973
 0.0869674 0.704815 0.983567 0.999334 0.999973
 0.0869674 0.704815 0.983567 0.999334 0.999973
 0.0869674 0.704815 0.983567 0.999334 0.999973
 0.0869674 0.704815 0.983567 0.999334 0.999973
 0.0869674 0.704815 0.983567 0.999334 0.999973
 0.0869674 0.704815 0.983567 0.999334 0.999973
 0.0869674 0.704815 0.983567 0.999334 0.999973
 0.0869674 0.704815 0.983567 0.999334 0.999973
 0.0869674 0.704815 0.983567 0.999334 0.999973
 0.0869674 0.704815 0.983567 0.999334 0.999973
 0.0869674 0.704815 0.983567 0.999334 0.999973
 0.0869674 0.704815 0.983567 0.999334 0.999973
 0.0869674 0.704815 0.983567 0.999334 0.999973
 0.0869674 0.704815 0.983567 0.999334 0.999973
 0.0869674 0.704815 0.983567 0.999334 0.999973
 0.0869674 0.704815 0.983567 0.999334 0.999973
 0.0869674 0.704815 0.983567 0.999334 0.999973
 0.0869674 0.704815 0.983567 0.999334 0.999973
 0.0869674 0.704815 0.983567 0.999334 0.999973
 0.0869674 0.704815 0.983567 0.999334 0.999973
Scru_reclas
 0.19704 0.552566 0.861402 0.96902 0.993687
 0.19704 0.552566 0.861402 0.96902 0.993687
 0.19704 0.552566 0.861402 0.96902 0.993687
 0.19704 0.552566 0.861402 0.96902 0.993687
 0.19704 0.552566 0.861402 0.96902 0.993687
 0.19704 0.552566 0.861402 0.96902 0.993687
 0.19704 0.552566 0.861402 0.96902 0.993687
 0.19704 0.552566 0.861402 0.96902 0.993687
 0.19704 0.552566 0.861402 0.96902 0.993687
 0.19704 0.552566 0.861402 0.96902 0.993687
 0.19704 0.552566 0.861402 0.96902 0.993687
 0.19704 0.552566 0.861402 0.96902 0.993687
 0.19704 0.552566 0.861402 0.96902 0.993687
 0.19704 0.552566 0.861402 0.96902 0.993687
 0.19704 0.552566 0.861402 0.96902 0.993687
 0.19704 0.552566 0.861402 0.96902 0.993687
 0.19704 0.552566 0.861402 0.96902 0.993687
 0.19704 0.552566 0.861402 0.96902 0.993687
 0.19704 0.552566 0.861402 0.96902 0.993687
 0.19704 0.552566 0.861402 0.96902 0.993687
 0.19704 0.552566 0.861402 0.96902 0.993687
 0.19704 0.552566 0.861402 0.96902 0.993687
 0.19704 0.552566 0.861402 0.96902 0.993687
 0.19704 0.552566 0.861402 0.96902 0.993687
 0.19704 0.552566 0.861402 0.96902 0.993687
Scru_pelaces
 0.763522 1 1 1 1
 0.763522 1 1 1 1
 0.763522 1 1 1 1
 0.763522 1 1 1 1
 0.763522 1 1 1 1
 0.763522 1 1 1 1
 0.763522 1 1 1 1
 0.763522 1 1 1 1
 0.763522 1 1 1 1
 0.763522 1 1 1 1
 0.763522 1 1 1 1
 0.763522 1 1 1 1
 0.763522 1 1 1 1
 0.763522 1 1 1 1
 0.763522 1 1 1 1
 0.763522 1 1 1 1
 0.763522 1 1 1 1
 0.763522 1 1 1 1
 0.763522 1 1 1 1
 0.763522 1 1 1 1
 0.763522 1 1 1 1
 0.763522 1 1 1 1
 0.763522 1 1 1 1
 0.763522 1 1 1 1
 0.763522 1 1 1 1
pf_obs 
 0.256992 0.487395 0.22802 0.0275931 0
 0.321318 0.546541 0.124235 0.00734118 0.000564706
 0.182869 0.594174 0.210203 0.0122559 0.00049798
 0.330522 0.361315 0.267642 0.0388342 0.00168674
 0.649043 0.306663 0.0425973 0.00169635 0
 0.582887 0.30429 0.105238 0.00758474 0
 0.465427 0.430635 0.0974691 0.00646863 0
 0.296916 0.608066 0.0921331 0.00288517 0
 0.311714 0.524322 0.152257 0.0117073 0
 0.15457 0.633149 0.183074 0.0267441 0.00246327
 0.131901 0.49318 0.331252 0.0422183 0.00144891
 0.196976 0.569456 0.194076 0.0375587 0.00193317
 0.518974 0.381816 0.0799577 0.0180837 0.00116848
 0.0928022 0.601141 0.25162 0.0475244 0.00691264
 0.122501 0.610282 0.24278 0.0234846 0.000952079
 0.383417 0.481906 0.127806 0.00687128 0
 0.0376549 0.599619 0.316969 0.0457579 0
 0.0361596 0.667082 0.258105 0.0386534 0
 0.158088 0.579412 0.248529 0.0139706 0
 0.0477256 0.309471 0.559284 0.082774 0.000745712
 0.0406174 0.521527 0.379366 0.0568643 0.0016247
 0.151134 0.462217 0.34131 0.0453401 0
 0.294876 0.26143 0.354403 0.0886775 0.000613685
 0.281977 0.475581 0.204845 0.0348837 0.00271318
 0.0841818 0.532909 0.334909 0.0458182 0.00218182
pf_pred 
 0.0146703 0.646535 0.299863 0.0389294 2.20051e-06
 0.0369955 0.0926268 0.635865 0.207969 0.0265444
 0.0120877 0.278099 0.0952881 0.451155 0.16337
 0.142926 0.131435 0.297519 0.0589214 0.369199
 0.625467 0.250465 0.0281298 0.0399098 0.0560283
 0.0995026 0.839951 0.0452537 0.00351696 0.0117755
 0.539679 0.269645 0.183661 0.00528876 0.00172734
 0.268677 0.69104 0.0290085 0.0108714 0.000402369
 0.313033 0.573412 0.110237 0.00241278 0.000905882
 0.400143 0.52446 0.0686476 0.00655886 0.000190141
 0.129231 0.768228 0.0946665 0.00718737 0.000686919
 0.195794 0.529566 0.256248 0.0170217 0.00137038
 0.331879 0.529716 0.108387 0.0280684 0.00194921
 0.276956 0.672216 0.0459932 0.00382626 0.00100889
 0.293195 0.678155 0.028125 0.000478491 4.6517e-05
 0.338417 0.636322 0.0250095 0.000247025 4.25489e-06
 0.21426 0.703464 0.0807811 0.00148089 1.42808e-05
 0.277335 0.572831 0.141317 0.00836619 0.000149498
 0.247533 0.625604 0.110989 0.0149988 0.000875676
 0.293116 0.559826 0.131729 0.0134589 0.00187049
 0.299265 0.585552 0.100709 0.0130072 0.00146644
 0.239128 0.599905 0.142969 0.0157801 0.0022174
 0.299852 0.523318 0.151338 0.0227018 0.00279101
 0.217719 0.638516 0.119375 0.0209504 0.00343935
 0.0146798 0.728454 0.226106 0.0256527 0.00510775
pobs_RECLAS
 0 0 0 0 0
 0 0 0 0 0
 0 0 0 0 0
 0 0 0 0 0
 0.835266 0.146461 0.0176864 0.000547809 3.91292e-05
 0.385257 0.428462 0.181853 0.0044286 0
 0.867414 0.0963971 0.0333333 0.00285562 0
 0.441836 0.489002 0.0689373 0.000224442 0
 0.779404 0.147425 0.0564933 0.0165055 0.000172143
 0.814271 0.122319 0.05973 0.00367925 0
 0.40263 0.566651 0.0304383 0.000280538 0
 0.475488 0.404961 0.113038 0.00651328 0
 0.955842 0.0263864 0.0167828 0.000988607 0
 0.975058 0.0227948 0.00214734 0 0
 0.738997 0.206755 0.0527124 0.00153531 0
 0.850938 0.134255 0.0134407 0.00136685 0
 0.542534 0.407297 0.0501686 0 0
 0.764087 0.199537 0.0359546 0.000420521 0
 0.470689 0.182191 0.310203 0.0369168 0
 0.84361 0.089868 0.0606195 0.00523954 0.000663233
 0.607945 0.314616 0.071237 0.00620181 0
 0.523733 0.453247 0.0230204 0 0
 0.530135 0.295979 0.169645 0.0042399 0
 0.562478 0.366248 0.0663022 0.0049721 0
 0.250443 0.683176 0.0655157 0.000865301 0
ppred_RECLAS
 0.0398837 0.603705 0.311626 0.044783 2.59415e-06
 0.0905207 0.0774738 0.590354 0.213699 0.0279519
 0.0329815 0.243295 0.0886346 0.463213 0.171876
 0.306109 0.0930785 0.228932 0.0501126 0.321768
 0.819904 0.112382 0.0140208 0.0220172 0.0316756
 0.261791 0.685348 0.0383186 0.00328211 0.0112596
 0.784968 0.123288 0.0880135 0.00279503 0.000935365
 0.544136 0.429357 0.018556 0.0076605 0.000290501
 0.602927 0.330654 0.0642761 0.00154798 0.000595456
 0.672698 0.283479 0.0395299 0.0041694 0.000123854
 0.321502 0.595146 0.0763369 0.00638882 0.00062563
 0.435348 0.365982 0.18408 0.013478 0.00111179
 0.6499 0.280082 0.0537039 0.0152308 0.00108345
 0.663836 0.317927 0.0163684 0.00147174 0.000397295
 0.687103 0.303445 0.00926468 0.000170135 1.69325e-05
 0.638118 0.348209 0.0135236 0.000146767 2.58988e-06
 0.471385 0.471936 0.0555463 0.0011214 1.10798e-05
 0.547737 0.35466 0.0915187 0.00597431 0.000109386
 0.503274 0.407688 0.0768833 0.0114682 0.000686066
 0.566621 0.339172 0.0834645 0.0094031 0.00133901
 0.556891 0.363781 0.068427 0.00977246 0.00112901
 0.48121 0.400391 0.103897 0.0126767 0.00182538
 0.561102 0.320342 0.0999117 0.0165581 0.00208599
 0.455169 0.436791 0.0880877 0.0170796 0.00287319
 0.0431683 0.692361 0.229808 0.0287895 0.00587384
pobs_PELACES
 0 0 0 0 0
 0 0 0 0 0
 0 0 0 0 0
 0 0 0 0 0
 0 0 0 0 0
 0 0 0 0 0
 0 0 0 0 0
 0 0 0 0 0
 0 0 0 0 0
 0 0 0 0 0
 0.450072 0.473896 0.0757376 0.000293798 0
 0 0 0 0 0
 0.463077 0.371075 0.160297 0.00555027 0
 0.529543 0.364841 0.0842815 0.0213345 0
 0.631943 0.363953 0.00410389 0 0
 0.735681 0.248677 0.0153453 0.000297389 0
 0.695825 0.281241 0.0229344 0 0
 0.275771 0.60734 0.115278 0.00161068 0
 0 0 0 0 0
 0.896147 0.0623911 0.0374545 0.00400742 0
 0.803859 0.145111 0.0509908 3.86294e-05 0
 0.739449 0.233085 0.0266225 0.000797448 4.60066e-05
 0.878498 0.100942 0.0204185 0.000141795 0
 0.694673 0.275183 0.0284847 0.00165964 0
 0.469039 0.446079 0.0841089 0.000773354 0
ppred_PELACES
 0.0970984 0.660519 0.214949 0.0274323 1.54956e-06
 0.261989 0.0986433 0.469339 0.150795 0.0192332
 0.129944 0.345895 0.0719533 0.33208 0.120128
 0.650742 0.0774951 0.112931 0.0218765 0.136955
 0.924855 0.0560899 0.00438076 0.00610679 0.00856709
 0.522939 0.458279 0.0141435 0.00106778 0.00357097
 0.92889 0.0502857 0.0200781 0.000562427 0.000183488
 0.789446 0.203922 0.00481599 0.00175143 6.47451e-05
 0.840684 0.143917 0.014963 0.000317062 0.000118886
 0.857272 0.131242 0.0104817 0.000976498 2.82798e-05
 0.597693 0.373606 0.0265555 0.00195938 0.000187048
 0.731589 0.206848 0.05755 0.00371447 0.000298697
 0.887473 0.100463 0.00953114 0.00236787 0.00016416
 0.920425 0.0777574 0.00165507 0.00012904 3.39353e-05
 0.929298 0.06982 0.00086703 1.37936e-05 1.33732e-06
 0.858863 0.138309 0.00280113 2.6709e-05 4.59393e-07
 0.743565 0.240758 0.0154003 0.0002738 2.63709e-06
 0.796416 0.176666 0.025428 0.00146396 2.61305e-05
 0.753075 0.219949 0.0236755 0.00311865 0.000181888
 0.808884 0.16579 0.0227509 0.00226049 0.000313803
 0.770733 0.2031 0.0229391 0.00290136 0.000326824
 0.721569 0.237287 0.0366319 0.00395629 0.000555446
 0.791801 0.171743 0.0313047 0.00458764 0.000563484
 0.705998 0.257574 0.0303676 0.00520675 0.00085397
 0.122214 0.721502 0.137974 0.0152722 0.00303785
pobs_pel_tallas
 0 0 0 0 0 0 0 0 0 0 0 0 0 0 0 0 0 0 0 0 0 0 0 0 0 0 0 0 0 0 0 0 0 0 0 0
 0 0 0 0 0 0 0 0 0 0 0 0 0 0 0 0 0 0 0 0 0 0 0 0 0 0 0 0 0 0 0 0 0 0 0 0
 0 0 0 0 0 0 0 0 0 0 0 0 0 0 0 0 0 0 0 0 0 0 0 0 0 0 0 0 0 0 0 0 0 0 0 0
 0 0 0 0 0 0 0 0 0 0 0 0 0 0 0 0 0 0 0 0 0 0 0 0 0 0 0 0 0 0 0 0 0 0 0 0
 0 0 0 0 0 0 0 0 0 0 0 0 0 0 0 0 0 0 0 0 0 0 0 0 0 0 0 0 0 0 0 0 0 0 0 0
 0 0 0 0 0 0 0 0 0 0 0 0 0 0 0 0 0 0 0 0 0 0 0 0 0 0 0 0 0 0 0 0 0 0 0 0
 0 0 0 0 0 0 0 0 0 0 0 0 0 0 0 0 0 0 0 0 0 0 0 0 0 0 0 0 0 0 0 0 0 0 0 0
 0 0 0 0 0 0 0 0 0 0 0 0 0 0 0 0 0 0 0 0 0 0 0 0 0 0 0 0 0 0 0 0 0 0 0 0
 0 0 0 0 0 0 0 0 0 0 0 0 0 0 0 0 0 0 0 0 0 0 0 0 0 0 0 0 0 0 0 0 0 0 0 0
 0 0 0 0 0 0 0 0 0 0 0 0 0 0 0 0 0 0 0 0 0 0 0 0 0 0 0 0 0 0 0 0 0 0 0 0
 0 0 0 0 0 0 0 0 1.78061e-05 0.00172719 0.00360574 0.0105946 0.0120993 0.0124554 0.0147524 0.0171206 0.0266825 0.0428682 0.0675386 0.121331 0.153587 0.119568 0.100827 0.0573624 0.0630603 0.0341343 0.0324427 0.0444173 0.0211091 0.0280891 0.0125444 0.00206551 0 0 0 0
 0 0 0 0 0 0 0 0 0 0 0 0 0 0 0 0 0 0 0 0 0 0 0 0 0 0 0 0 0 0 0 0 0 0 0 0
 0 0 0 0 0 0 0.0133647 0.0140871 0.0187388 0.0205184 0.03894 0.0496705 0.03968 0.0493445 0.0407372 0.0367815 0.0215668 0.0243155 0.0234873 0.0199281 0.019796 0.0243948 0.0301388 0.0376714 0.0412746 0.0863199 0.0771752 0.113111 0.0741005 0.0525337 0.0229764 0.00759418 0.00175318 0 0 0
 0 0 0 0 0 0 0 0 0 0 0.00219441 0.00772107 0.0458388 0.0604681 0.0671733 0.0775358 0.0609151 0.0617685 0.073594 0.0568108 0.0755445 0.0548602 0.0670107 0.0636378 0.0643287 0.046367 0.0373049 0.0286899 0.0247887 0.0153202 0.00654259 0.00121912 0.000365735 0 0 0
 0 0 0 0 0 0 0 0 0 0 0 0 0.000112435 0.00938835 0.0111873 0.0202946 0.0414886 0.0713402 0.111592 0.104902 0.108894 0.110636 0.117776 0.105296 0.107544 0.0401394 0.0192827 0.0124803 0.00416011 0.0028671 0.000618394 0 0 0 0 0
 0 0 0 0 0 0 0 0 0 0 0.00291406 0.0102884 0.027416 0.0768956 0.0749926 0.110853 0.0956884 0.0897413 0.0766577 0.0534642 0.0500743 0.0551293 0.0594112 0.0620874 0.0668451 0.0424026 0.0208742 0.0120726 0.0048766 0.00582813 0.00118941 0.000297354 0 0 0 0
 0 0.00264628 0.0354308 0.0461629 0.0458689 0.0383711 0.0214643 0.0164657 0.0346957 0.0420465 0.0363128 0.0245516 0.0311673 0.0291091 0.0169068 0.0133784 0.00837989 0.0085269 0.0148486 0.0160247 0.0276389 0.0546898 0.0760071 0.122758 0.109233 0.0665981 0.0333725 0.0166128 0.00676272 0.00308733 0.000882094 0 0 0 0 0
 0 0 0 0 0 0 0 0.000805153 0.000690131 0.00759144 0.0133425 0.0154129 0.00931677 0.000345066 0.00356568 0.00563607 0.00851162 0.0253048 0.0502646 0.0516448 0.0657925 0.0565908 0.0611916 0.0827007 0.0866115 0.110766 0.145733 0.0935128 0.0569358 0.0249597 0.0138026 0.00621118 0.00161031 0.00115022 0 0
 0 0 0 0 0 0 0 0 0 0 0 0 0 0 0 0 0 0 0 0 0 0 0 0 0 0 0 0 0 0 0 0 0 0 0 0
 0.00147267 0.00158595 0.00478618 0.00569244 0.00954404 0.0108468 0.00647125 0.017049 0.0510054 0.094081 0.124002 0.0959785 0.0687766 0.0820023 0.061753 0.0591476 0.0492212 0.0479892 0.0443925 0.0268479 0.0217502 0.0140895 0.0121071 0.0120363 0.00920419 0.00665534 0.0049561 0.00860946 0.00930331 0.0156896 0.0114698 0.00855282 0.00243557 0.00046729 0 2.83206e-05
 0 0 0 0 0.000772559 0.00158375 0.000888443 0.00281984 0.00712685 0.0440552 0.0773331 0.111326 0.0921469 0.0852325 0.0710754 0.0886704 0.0786465 0.0553345 0.0373146 0.0185414 0.00753245 0.00457741 0.012979 0.0271748 0.0457355 0.0583668 0.034881 0.0177882 0.00938659 0.00492506 0.0015258 0.00185414 0.000309023 5.79419e-05 3.86279e-05 0
 0 0.00173294 0.00326652 0 0.00397197 0.00683976 0.00946217 0.0152591 0.00757587 0.0136028 0.0228656 0.0392903 0.0559909 0.0764795 0.0681675 0.0726916 0.0566044 0.0477403 0.0527397 0.0444891 0.0609904 0.0582453 0.0661739 0.0445044 0.0529084 0.0360697 0.0280645 0.0235558 0.0158879 0.00826598 0.00280645 0.00217768 0.000904811 0.00058276 9.20147e-05 0
 0 0 0 0 0 0 0 0 0 0 0 0 0 0 0 0 0 0 0 0 0 0 0 0 0 0 0 0 0 0 0 0 0 0 0 0
 0 0 0 0 0 0 0 0 0 0 0 0 0 0 0 0 0 0 0 0 0 0 0 0 0 0 0 0 0 0 0 0 0 0 0 0
 0 0 0 0 0 0 0 0 0 0 0 0 0 0 0 0 0 0 0 0 0 0 0 0 0 0 0 0 0 0 0 0 0 0 0 0
ppred_pel_tallas
 1.04209e-16 4.27387e-06 2.49908e-05 0.000118599 0.000456285 0.00142259 0.00359407 0.00735913 0.0122183 0.0164685 0.0180784 0.016321 0.0125005 0.00894597 0.00742958 0.00854113 0.0121173 0.0178332 0.0253957 0.0344259 0.0443087 0.0541594 0.0629253 0.0695816 0.0733536 0.073888 0.0713203 0.0662096 0.0593769 0.0517009 0.0439415 0.0366366 0.0300828 0.0243796 0.0195034 0.0153763
 1.12775e-16 1.14416e-05 6.7122e-05 0.000319008 0.0012281 0.0038296 0.00967329 0.0197936 0.0328131 0.0440764 0.0479885 0.0423885 0.0304738 0.0180538 0.00928017 0.00500906 0.00408829 0.00516366 0.00746029 0.0107032 0.014825 0.0197729 0.0254293 0.0315919 0.0379782 0.0442416 0.0499954 0.054842 0.0584104 0.0603977 0.0606112 0.0590033 0.0556886 0.0509348 0.0451298 0.038727
 1.18158e-16 5.69233e-06 3.33498e-05 0.000158409 0.000609681 0.00190104 0.0048022 0.00982864 0.0163025 0.0219253 0.0239423 0.0213168 0.0156919 0.0100334 0.00651274 0.0056872 0.00711626 0.0102227 0.0146366 0.0201174 0.0263915 0.0330766 0.0397027 0.0457939 0.0509642 0.0549884 0.0578224 0.059564 0.0603759 0.0604015 0.0597079 0.0582766 0.0560375 0.0529261 0.0489425 0.0441843
 1.0878e-16 2.83912e-05 0.000166635 0.000792116 0.0030497 0.00951021 0.0240219 0.0491516 0.0814726 0.10941 0.119047 0.104976 0.0750772 0.043679 0.0209473 0.00881107 0.00416206 0.00335881 0.00419875 0.0057656 0.00775501 0.010044 0.0125313 0.0151058 0.0176531 0.0200668 0.0222548 0.0241364 0.025637 0.0266831 0.0272044 0.0271433 0.0264695 0.0251939 0.0233753 0.0211192
 1.00691e-16 4.03429e-05 0.000236805 0.00112571 0.00433414 0.0135157 0.0341394 0.0698525 0.115783 0.155479 0.169153 0.149113 0.106537 0.0617675 0.0292124 0.0115639 0.0043438 0.00231058 0.00227042 0.00287079 0.00365228 0.00444436 0.00514207 0.00565981 0.00593733 0.00595186 0.00572254 0.00530346 0.00476838 0.00419215 0.00363499 0.00313403 0.00270283 0.00233704 0.0020228 0.00174456
 1.00554e-16 2.28338e-05 0.000133974 0.000636761 0.00245141 0.00764437 0.0193095 0.0395124 0.0655061 0.0880029 0.0958438 0.0847294 0.0610625 0.0364639 0.0192404 0.0110998 0.00968957 0.0121665 0.01672 0.0223959 0.0285318 0.0344416 0.0393798 0.0426533 0.0437765 0.0425894 0.039299 0.0344224 0.0286561 0.0227147 0.0171908 0.0124717 0.00872388 0.00593081 0.00395935 0.00262677
 1.0033e-16 4.05187e-05 0.000237837 0.00113062 0.00435304 0.0135746 0.0342883 0.070157 0.116288 0.156156 0.169889 0.149758 0.106993 0.0620194 0.0293093 0.0115638 0.00428411 0.00220555 0.00212195 0.00267892 0.0034214 0.00418594 0.00487451 0.00540582 0.00571921 0.00578578 0.00561342 0.00524217 0.00473235 0.00414938 0.00355069 0.00297795 0.00245551 0.00199348 0.00159284 0.0012503
 1.00199e-16 3.44444e-05 0.000202162 0.000960986 0.00369985 0.0115376 0.0291432 0.059631 0.0988454 0.132748 0.14446 0.127432 0.0912384 0.0532834 0.025925 0.0115279 0.00633412 0.00591206 0.00753175 0.00996694 0.0126755 0.0152938 0.017479 0.0189215 0.0194053 0.0188599 0.0173787 0.0151929 0.0126136 0.00995992 0.00749643 0.00539582 0.00373205 0.00249732 0.00163152 0.00105233
 1.00276e-16 3.66763e-05 0.00021527 0.00102332 0.00393986 0.0122861 0.0310337 0.0634986 0.105254 0.141349 0.153802 0.135633 0.0970215 0.0564825 0.0271494 0.0115094 0.00553133 0.00447729 0.00544324 0.00715835 0.00911669 0.0110335 0.0126617 0.0137801 0.0142316 0.0139599 0.0130218 0.0115707 0.00981694 0.00797839 0.00623777 0.0047171 0.00347278 0.00250678 0.00178621 0.00126288
 1.00227e-16 3.7399e-05 0.000219514 0.0010435 0.00401757 0.0125284 0.0316458 0.0647509 0.10733 0.144134 0.156829 0.138294 0.0989049 0.0575391 0.0275825 0.0115643 0.00536661 0.00415291 0.00496113 0.00650127 0.00827118 0.0100013 0.0114647 0.0124598 0.0128447 0.0125696 0.0116888 0.0103445 0.0087308 0.00704817 0.00546396 0.00408918 0.00297395 0.00211801 0.00148883 0.00103996
 1.00575e-16 2.609e-05 0.000153098 0.000727698 0.00280157 0.00873636 0.0220676 0.0451551 0.0748566 0.100551 0.109475 0.0966961 0.0695045 0.0411404 0.021043 0.0110998 0.00856086 0.0101362 0.0137607 0.0184134 0.0234811 0.0283889 0.0325255 0.0353229 0.0363792 0.0355547 0.0330067 0.0291436 0.0245213 0.0197131 0.0151973 0.0112907 0.00813497 0.00572743 0.00397253 0.00273474
 1.01027e-16 3.19219e-05 0.000187351 0.000890575 0.00342875 0.0106922 0.0270077 0.0552617 0.0916036 0.123025 0.133884 0.118117 0.0845994 0.049468 0.0241856 0.0109568 0.00631441 0.00616686 0.00799629 0.0106716 0.0136861 0.0166866 0.019329 0.0212914 0.0223347 0.0223552 0.0214047 0.0196696 0.017419 0.0149382 0.012473 0.010195 0.00819574 0.00650076 0.00509349 0.00393856
 1.00258e-16 3.87147e-05 0.000227242 0.00108024 0.00415904 0.0129696 0.0327602 0.0670308 0.111108 0.149205 0.162338 0.143131 0.102321 0.0594386 0.0283285 0.0115936 0.0049561 0.0033992 0.00385695 0.00500977 0.00637142 0.00771202 0.00885368 0.00964149 0.00996619 0.00978843 0.00914785 0.00815108 0.00694412 0.00567793 0.00447865 0.00343001 0.0025701 0.00189941 0.00139459 0.00102222
 1.00055e-16 4.01506e-05 0.000235674 0.00112033 0.00431341 0.013451 0.0339761 0.0695186 0.11523 0.154739 0.168352 0.148418 0.106067 0.061546 0.0292039 0.0117276 0.00466837 0.00281362 0.00298184 0.00381387 0.0048281 0.00582086 0.00664948 0.0071941 0.00737226 0.00715729 0.00658509 0.00574428 0.00475409 0.00373674 0.00279356 0.00199079 0.00135678 0.00088851 0.000562813 0.000347879
 1.00036e-16 4.05372e-05 0.000237944 0.00113113 0.00435498 0.0135807 0.0343035 0.0701884 0.116341 0.156228 0.169971 0.149841 0.107073 0.0621077 0.0294294 0.0117468 0.00456427 0.00261662 0.00269152 0.00342039 0.00432499 0.00521157 0.00594999 0.00643242 0.00658502 0.00638425 0.00586286 0.00510106 0.00420652 0.00328953 0.00244143 0.00172179 0.00115594 0.000740799 0.000455017 0.00026943
 1.00086e-16 3.74687e-05 0.000219923 0.00104544 0.00402503 0.0125517 0.0317046 0.0648713 0.107529 0.144403 0.157123 0.138556 0.0990996 0.0576666 0.02767 0.0116458 0.00547028 0.00429806 0.00515967 0.00675757 0.00858028 0.0103469 0.0118185 0.0127842 0.0130974 0.0127111 0.0116891 0.0101894 0.00842443 0.00661183 0.00493213 0.00350331 0.0023759 0.00154449 0.000967707 0.000588737
 1.00307e-16 3.24454e-05 0.000190422 0.000905166 0.00348492 0.0108674 0.0274502 0.0561672 0.0931054 0.125044 0.136088 0.120075 0.0860321 0.0503666 0.0247369 0.0113923 0.00681516 0.00684675 0.00891724 0.0118521 0.0150968 0.0182427 0.0208887 0.022668 0.023322 0.0227621 0.0210913 0.0185749 0.0155734 0.0124584 0.00953965 0.007022 0.00499682 0.00346137 0.00235251 0.00158088
 1.00471e-16 3.47473e-05 0.000203942 0.000969456 0.00373247 0.0116394 0.0294001 0.0601565 0.0997158 0.133915 0.145723 0.128532 0.091993 0.0536589 0.0259866 0.0113513 0.00595257 0.00531548 0.00669099 0.00886001 0.0113078 0.0137107 0.0157704 0.0172149 0.0178491 0.0175989 0.0165284 0.0148189 0.0127218 0.010499 0.00837123 0.00648734 0.00491852 0.00367166 0.00271246 0.00198862
 1.00524e-16 3.28592e-05 0.000192853 0.00091673 0.00352945 0.0110062 0.0278009 0.0568848 0.0942941 0.126638 0.137817 0.121589 0.0870887 0.0509293 0.0249096 0.0112982 0.00652412 0.00637053 0.00823745 0.0109486 0.0139675 0.0169152 0.0194248 0.0211599 0.0218805 0.0214992 0.0201014 0.0179192 0.0152715 0.0124887 0.00984764 0.00753292 0.00562992 0.00414185 0.00301956 0.00219143
 1.0047e-16 3.52906e-05 0.000207133 0.000984626 0.00379088 0.0118215 0.0298602 0.0610978 0.101276 0.136008 0.147998 0.13053 0.0934064 0.0544487 0.0263045 0.0113797 0.00580862 0.00504185 0.00628703 0.00831156 0.0106051 0.0128576 0.0147881 0.0161415 0.0167351 0.0164999 0.0154964 0.0138952 0.0119325 0.00985372 0.00786557 0.00610699 0.00464386 0.00348168 0.00258748 0.00191164
 1.00507e-16 3.36285e-05 0.000197371 0.000938212 0.00361216 0.0112642 0.0284525 0.0582177 0.096503 0.129603 0.141039 0.124418 0.0890881 0.0520437 0.0253524 0.0113265 0.00630161 0.00595582 0.00762816 0.0101244 0.0129158 0.0156449 0.0179717 0.0195849 0.0202626 0.0199235 0.0186454 0.0166418 0.014206 0.0116421 0.00920533 0.00706593 0.00530298 0.00392006 0.00287269 0.00209572
 1.0076e-16 3.14861e-05 0.000184791 0.000878395 0.00338184 0.0105459 0.0266383 0.054506 0.0903518 0.121346 0.132065 0.116529 0.0834999 0.0489009 0.0240489 0.0111309 0.00673803 0.00684039 0.0089496 0.0119303 0.0152468 0.0185016 0.0213013 0.0232815 0.0241792 0.0238932 0.0225066 0.0202593 0.0174854 0.0145326 0.0116946 0.00916943 0.00705239 0.00535384 0.00403012 0.00301421
 1.00685e-16 3.45459e-05 0.00020276 0.000963837 0.00371084 0.0115719 0.0292297 0.0598078 0.0991377 0.133138 0.144877 0.127784 0.0914544 0.0533376 0.0258181 0.0112561 0.00587307 0.00522033 0.00656678 0.0087043 0.011127 0.0135202 0.0155945 0.0170849 0.017799 0.0176605 0.0167248 0.0151605 0.0132037 0.0111015 0.0090628 0.00722964 0.00567172 0.00439931 0.00338512 0.0025858
 1.00734e-16 3.08079e-05 0.000180807 0.000859453 0.0033089 0.0103185 0.0260638 0.0533307 0.0884042 0.118733 0.129227 0.114039 0.0817458 0.0479349 0.0236877 0.0111543 0.00700983 0.00731723 0.00964053 0.0128565 0.0164158 0.0198941 0.0228656 0.0249367 0.0258255 0.0254275 0.0238401 0.0213316 0.0182716 0.0150435 0.0119685 0.00926141 0.00702194 0.00525508 0.00390571 0.00289317
 1.02861e-16 5.37129e-06 3.14285e-05 0.000149193 0.000574061 0.00178986 0.00452182 0.00925781 0.0153669 0.0207011 0.0226949 0.0204182 0.015488 0.0107987 0.00853012 0.00936237 0.0130233 0.0190467 0.0270327 0.0365183 0.0468001 0.0568922 0.0656394 0.0719361 0.0749733 0.0744265 0.0705254 0.0639741 0.0557614 0.0469237 0.0383388 0.0306052 0.0240192 0.0186282 0.0143223 0.0109233
pSPR Fmed_Fpbrs
0.370278   0.415378 0.415378
Fs Fmed_Fpbrs
1.2444   1.005 1.005
SSBpbr Bo_Bmed_Bpbrs
881154  282214  321955 321955
Ro
18033.7
SPR SPRFo_SPRFmed_SPRFpbrs
370825 137308 154033
log_Ro
9.62
likeval ReclasPelacesDesembMPH_pf_preclas_ppelaces_ptallas_desvR_qrecl_qpela
 71.4084 19.7869 0.282893 0.000165429 366.181 194.478 88.2846 0 42.3143 6.35348e-05 0.00015563 0 0 0 0
q_reclas_q_pelaces
3.09413 5.89934
M
0.7
N
 8466 48438.1 16466.2 2106.65 0.11901
 12377.1 4135.68 21058.9 6792.1 866.435
 1540.89 5991.51 1670.18 7836.93 2836.86
 4841.66 685.459 1219.78 238.974 1496.75
 42044.4 2230.37 185.215 259.087 363.52
 13195.8 20402.8 918.821 70.8664 237.203
 64060.6 5685.12 3204.32 91.5268 29.8836
 57971.3 27945.2 987.734 367.496 13.5978
 68704.5 24739.1 4063.05 88.3501 33.1626
 130669 28730.5 3051.42 288.896 8.37202
 54027 58295.3 5986.98 451.038 43.0937
 47390.3 23362.8 9434.55 621.907 50.0529
 55663 20458 3729.19 961.322 66.7469
 28961.3 21624.9 1389.55 115.324 30.4053
 13052.6 9493.88 370.835 6.29471 0.61189
 10800.6 4213.27 143.658 1.41075 0.0242938
 7078.14 4409.65 428.006 7.79108 0.0751113
 8138.2 3004.97 614.764 36.1047 0.644959
 8282.14 3540.95 511.245 68.4716 3.99614
 10780.8 3682.97 718.799 72.8555 10.122
 16126 4689.73 625.457 79.8558 8.99879
 19688.5 7522.91 1403.6 153.223 21.5213
 32711.1 9105.04 2097.73 311.519 38.2834
 31827 14874.6 2214.85 384.801 63.1458
 1764.73 14477 3627.19 407.672 81.1416
pred_Ctot
 99.1677 4370.43 2027.01 263.153 0.014875
 224.505 562.101 3858.71 1262.05 161.084
 116.191 2673.18 915.942 4336.65 1570.37
 252.985 232.646 526.623 104.294 653.499
 689.998 276.306 31.032 44.0274 61.8089
 1266.96 10695.1 576.214 44.7814 149.937
 5641.35 2818.64 1919.84 55.2843 18.0562
 5914.7 15212.7 638.597 239.324 8.85781
 7879.47 14433.5 2774.8 60.7328 22.8023
 9607.64 12592.6 1648.26 157.482 4.56538
 5060.04 30079.9 3706.66 281.421 26.8963
 4489.84 12143.8 5876.16 390.334 31.4249
 8837.31 14105.3 2886.15 747.407 51.9037
 7249.14 17594.8 1203.84 100.15 26.4071
 3367.3 7788.5 323.011 5.49539 0.534239
 1396.91 2626.6 103.234 1.01967 0.0175633
 745.2 2446.66 280.958 5.15055 0.0496687
 730.172 1508.16 372.062 22.0266 0.3936
 626.449 1583.26 280.887 37.9586 2.21613
 968.824 1850.37 435.398 44.4852 6.18244
 704.924 1379.28 237.222 30.6388 3.45422
 977.208 2451.54 584.251 64.4859 9.06149
 1993.03 3478.34 1005.9 150.893 18.5511
 1932.78 5668.35 1059.74 185.985 30.5324
 123.275 6117.29 1898.75 215.422 42.893
F
 0.0164063 0.132962 0.185549 0.188523 0.188644
 0.0255073 0.20672 0.288477 0.293102 0.293289
 0.110024 0.891675 1.24433 1.26428 1.26509
 0.0750918 0.608571 0.849259 0.862873 0.863425
 0.0230531 0.18683 0.260721 0.264901 0.26507
 0.142044 1.15117 1.60646 1.63221 1.63326
 0.129584 1.05019 1.46554 1.48904 1.48999
 0.151562 1.22831 1.71411 1.74158 1.7427
 0.171856 1.39278 1.94362 1.97478 1.97604
 0.107149 0.868372 1.21181 1.23124 1.23202
 0.138338 1.12114 1.56455 1.58963 1.59065
 0.140042 1.13495 1.58382 1.60921 1.61024
 0.245473 1.9894 2.7762 2.8207 2.82251
 0.415313 3.36584 4.69702 4.77232 4.77537
 0.430752 3.49097 4.87164 4.94973 4.9529
 0.195803 1.58686 2.21445 2.24995 2.25139
 0.156744 1.27031 1.77272 1.80113 1.80229
 0.132172 1.07117 1.49482 1.51878 1.51975
 0.110381 0.89457 1.24837 1.26838 1.26919
 0.132397 1.07299 1.49736 1.52136 1.52234
 0.0624766 0.506332 0.706586 0.717912 0.718372
 0.0712081 0.577096 0.805336 0.818246 0.81877
 0.0880567 0.713643 0.995887 1.01185 1.0125
 0.0877552 0.711199 0.992477 1.00839 1.00903
 0.101552 0.823015 1.14851 1.16693 1.16767
YTP_r0W_actual
 1380.68 134580 62658.9 8853.85 1835.82
YTP_p0W_proyectada
 7490.76 6437.56 47003.9 11207.2 1631.79
 7490.76 53900.7 2882.88 11446.4 2753.5
CTP_r0_actual
 123.275 6117.29 1898.75 215.422 42.893
CTP_p0_proyectada
 881.266 300.821 1506.53 275.361 35.0923
 881.266 2518.72 92.3999 281.238 59.2151
Wmedp
 8.5 21.4 31.2 40.7 46.5
nmprior
 10.6 11 7 0
nm_flota  nm_reclas  nm_pelaces    nm_pelaL
inf 18.1159 12.5716 26.8664
cv_recla  cv_pelaces  cv_mph
0.764363 0.504383 0.417296
 ------------------------------------------------
Talla a la edad & desviaci?n 
 7.2 14.2025 17.0495 18.207 18.6776
 1.08 2.13037 2.55742 2.73105 2.80164
