years
 1997 1998 1999 2000 2001 2002 2003 2004 2005 2006 2007 2008 2009 2010 2011 2012 2013 2014 2015 2016 2017 2018 2019 2020 2021
reclasobs
 0 0 0 370054 412103 1.49427e+06 250295 1.28982e+06 931140 785840 897777 1.04006e+06 184774 17550 25797 100020 73551 82996 120727 218422 84188 347160 605670 569463 516374
reclaspred
 3.12014e+06 394365 582810 178352 233406 303441 568591 478444 744384 1.14392e+06 1.23344e+06 807210 444097 201656 129532 119454 127798 162741 154332 205933 374548 369577 571395 611609 561398
pelacesobs
 0 0 0 0 0 0 0 0 0 2.06254e+06 1.5e+06 0 1.87456e+06 323000 250000 174000 83755 137374 0 501740 490994 745055 786931 1.00524e+06 1.33801e+06
pelacespred
 1.3613e+06 538536 180052 129401 135325 125483 296799 274947 413422 663349 634476 429106 237983 86149.4 54090.2 56863.1 63473.2 81175 80609.7 103574 208121 216536 253645 319582 277288
mphobs
 0 0 0 0 0 112323 0 153150 637223 0 255016 313432 73983 77613 109348 50772 0 0 0 0 0 0 0 0 0
mphpred
 2.22592e+06 969388 443925 239175 136373 299837 335595 474375 523901 833164 1.23481e+06 875002 491120 265278 121386 102685 104892 129030 144231 142807 260489 354445 402914 518267 554364
desembarqueobs
 350755 77701 442110 56441 14545 235359 269955 359681 431902 328805 639364 411747 362871 311530 167758 66681 60226 58785 57116 73181 50977 67692 138656 160484 209506
desembarquepred
 350735 77680.7 441660 56421.2 14543.8 235172 269820 359237 431524 328589 638639 411361 362313 311031 167470 66641.7 60203.9 58750.3 57074.2 73124.1 50963.3 67656.1 138576 160397 209401
Reclutas
 10674.9 13633.4 2550.57 6579.27 49594.3 19045.7 57958.1 68406.6 124555 192391 63657.8 26244.5 50578.8 27835.1 19406.5 14540.8 11475.3 11673.7 9584.81 27239.5 36171.1 33395.4 56621.7 47909.8 2737.74
log_desv_Rt
 -0.824348 -0.57972 -2.25593 -1.30832 0.711632 -0.245402 0.867476 1.03322 1.6325 2.06728 0.961277 0.0752113 0.731288 0.134054 -0.226638 -0.515285 -0.752051 -0.73491 -0.932066 0.112423 0.396015 0.316173 0.844148 0.677076 -2.18511
SSB
 2.22592e+06 969388 443925 239175 136373 299837 335595 474375 523901 833164 1.23481e+06 875002 491120 265278 121386 102685 104892 129030 144231 142807 260489 354445 402914 518267 554364
BT
 2.82492e+06 1.13916e+06 587922 314491 382541 425400 1.08558e+06 1.05989e+06 1.56563e+06 2.02517e+06 1.87364e+06 1.21605e+06 898933 484011 278168 182791 197545 232441 214735 319743 555232 494848 639808 811414 675648
Ftot
 0.109408 0.190678 0.699797 0.303783 0.0609009 0.716845 0.453365 0.703353 0.550912 0.277481 0.489958 0.48199 0.755767 1.33457 1.15603 0.52771 0.448731 0.346321 0.354112 0.341478 0.132415 0.177516 0.234348 0.253069 0.356295
BD_Bspro_t
 0.982796 0.872354 0.682015 0.37654 0.409053 0.660915 0.501182 0.532727 0.510335 0.566042 0.623435 0.463906 0.336186 0.246017 0.146226 0.149109 0.199993 0.30194 0.380725 0.440292 0.608772 0.729899 0.724471 0.710274 0.660675
BD_Bspro
 4.44685 1.9366 0.886855 0.477813 0.272441 0.599001 0.670439 0.947686 1.04663 1.66446 2.46686 1.74804 0.981139 0.529961 0.2425 0.20514 0.209549 0.257771 0.28814 0.285294 0.520394 0.708095 0.804924 1.03537 1.10749
BD_Bo
 2.17545 0.947407 0.433859 0.233751 0.133281 0.293038 0.327986 0.463618 0.512021 0.814271 1.20681 0.855161 0.479984 0.259262 0.118634 0.100357 0.102514 0.126104 0.140961 0.139569 0.254582 0.346407 0.393777 0.506516 0.541793
BD_Brms
 10.5812 4.60812 2.11026 1.13695 0.648269 1.42532 1.5953 2.25501 2.49043 3.96056 5.86986 4.15944 2.33461 1.26103 0.577026 0.488127 0.49862 0.613361 0.685624 0.678853 1.23827 1.6849 1.91531 2.46366 2.63525
S_f
 0.5 1 1 1 1
 0.5 1 1 1 1
 0.5 1 1 1 1
 0.5 1 1 1 1
 0.5 1 1 1 1
 0.5 1 1 1 1
 0.5 1 1 1 1
 0.5 1 1 1 1
 0.5 1 1 1 1
 0.5 1 1 1 1
 0.5 1 1 1 1
 0.5 1 1 1 1
 0.5 1 1 1 1
 0.5 1 1 1 1
 0.5 1 1 1 1
 0.5 1 1 1 1
 0.5 1 1 1 1
 0.5 1 1 1 1
 0.5 1 1 1 1
 0.5 1 1 1 1
 0.5 1 1 1 1
 0.5 1 1 1 1
 0.5 1 1 1 1
 0.5 1 1 1 1
 0.5 1 1 1 1
Scru_reclas
 0.5 1 1 1 1
 0.5 1 1 1 1
 0.5 1 1 1 1
 0.5 1 1 1 1
 0.5 1 1 1 1
 0.5 1 1 1 1
 0.5 1 1 1 1
 0.5 1 1 1 1
 0.5 1 1 1 1
 0.5 1 1 1 1
 0.5 1 1 1 1
 0.5 1 1 1 1
 0.5 1 1 1 1
 0.5 1 1 1 1
 0.5 1 1 1 1
 0.5 1 1 1 1
 0.5 1 1 1 1
 0.5 1 1 1 1
 0.5 1 1 1 1
 0.5 1 1 1 1
 0.5 1 1 1 1
 0.5 1 1 1 1
 0.5 1 1 1 1
 0.5 1 1 1 1
 0.5 1 1 1 1
Scru_pelaces
 0.5 1 1 1 1
 0.5 1 1 1 1
 0.5 1 1 1 1
 0.5 1 1 1 1
 0.5 1 1 1 1
 0.5 1 1 1 1
 0.5 1 1 1 1
 0.5 1 1 1 1
 0.5 1 1 1 1
 0.5 1 1 1 1
 0.5 1 1 1 1
 0.5 1 1 1 1
 0.5 1 1 1 1
 0.5 1 1 1 1
 0.5 1 1 1 1
 0.5 1 1 1 1
 0.5 1 1 1 1
 0.5 1 1 1 1
 0.5 1 1 1 1
 0.5 1 1 1 1
 0.5 1 1 1 1
 0.5 1 1 1 1
 0.5 1 1 1 1
 0.5 1 1 1 1
 0.5 1 1 1 1
pf_obs 
 0.256992 0.487395 0.22802 0.0275931 0
 0.321318 0.546541 0.124235 0.00734118 0.000564706
 0.182869 0.594174 0.210203 0.0122559 0.00049798
 0.330522 0.361315 0.267642 0.0388342 0.00168674
 0.649043 0.306663 0.0425973 0.00169635 0
 0.582887 0.30429 0.105238 0.00758474 0
 0.465427 0.430635 0.0974691 0.00646863 0
 0.296916 0.608066 0.0921331 0.00288517 0
 0.311714 0.524322 0.152257 0.0117073 0
 0.15457 0.633149 0.183074 0.0267441 0.00246327
 0.131901 0.49318 0.331252 0.0422183 0.00144891
 0.196976 0.569456 0.194076 0.0375587 0.00193317
 0.518974 0.381816 0.0799577 0.0180837 0.00116848
 0.0928022 0.601141 0.25162 0.0475244 0.00691264
 0.122501 0.610282 0.24278 0.0234846 0.000952079
 0.383417 0.481906 0.127806 0.00687128 0
 0.0376549 0.599619 0.316969 0.0457579 0
 0.0361596 0.667082 0.258105 0.0386534 0
 0.158088 0.579412 0.248529 0.0139706 0
 0.0477256 0.309471 0.559284 0.082774 0.000745712
 0.0406174 0.521527 0.379366 0.0568643 0.0016247
 0.151134 0.462217 0.34131 0.0453401 0
 0.294876 0.26143 0.354403 0.0886775 0.000613685
 0.281977 0.475581 0.204845 0.0348837 0.00271318
 0.0841818 0.532909 0.334909 0.0458182 0.00218182
pf_pred 
 0.0591516 0.610817 0.291217 0.0388127 1.73625e-06
 0.139752 0.0987541 0.494377 0.235702 0.0314153
 0.0573915 0.24076 0.0805703 0.403346 0.217932
 0.339163 0.0862934 0.146749 0.0491096 0.378685
 0.825507 0.092199 0.0107462 0.0182748 0.0532736
 0.294131 0.639434 0.035103 0.00409141 0.0272407
 0.710005 0.147389 0.129184 0.00709181 0.00632998
 0.592786 0.345432 0.0314002 0.0275217 0.00285942
 0.695314 0.238379 0.0562471 0.00511292 0.00494699
 0.646881 0.297692 0.0433648 0.0102322 0.00183005
 0.252737 0.596845 0.126808 0.0184722 0.00513819
 0.204412 0.348905 0.356769 0.0758007 0.0141133
 0.516171 0.179902 0.133287 0.136291 0.0343486
 0.42894 0.41586 0.0577078 0.042755 0.0547367
 0.541982 0.31902 0.101222 0.0140463 0.0237299
 0.536564 0.358043 0.0734088 0.023292 0.00869259
 0.45327 0.399176 0.113998 0.0233727 0.0101836
 0.474206 0.343897 0.132806 0.037927 0.0111641
 0.413595 0.39054 0.128106 0.049472 0.0182871
 0.691211 0.188308 0.0802396 0.0263205 0.0139217
 0.57582 0.352789 0.043536 0.0185511 0.00930384
 0.432383 0.418973 0.123627 0.0152562 0.00976111
 0.547058 0.278892 0.128471 0.037908 0.00767112
 0.421582 0.416986 0.0993993 0.045788 0.0162448
 0.0411957 0.585345 0.26923 0.0641778 0.0400518
pobs_RECLAS
 0 0 0 0 0
 0 0 0 0 0
 0 0 0 0 0
 0 0 0 0 0
 0.835266 0.146461 0.0176864 0.000547809 3.91292e-05
 0.385257 0.428462 0.181853 0.0044286 0
 0.867414 0.0963971 0.0333333 0.00285562 0
 0.441836 0.489002 0.0689373 0.000224442 0
 0.779404 0.147425 0.0564933 0.0165055 0.000172143
 0.814271 0.122319 0.05973 0.00367925 0
 0.40263 0.566651 0.0304383 0.000280538 0
 0.475488 0.404961 0.113038 0.00651328 0
 0.955842 0.0263864 0.0167828 0.000988607 0
 0.975058 0.0227948 0.00214734 0 0
 0.738997 0.206755 0.0527124 0.00153531 0
 0.850938 0.134255 0.0134407 0.00136685 0
 0.542534 0.407297 0.0501686 0 0
 0.764087 0.199537 0.0359546 0.000420521 0
 0.470689 0.182191 0.310203 0.0369168 0
 0.84361 0.089868 0.0606195 0.00523954 0.000663233
 0.607945 0.314616 0.071237 0.00620181 0
 0.523733 0.453247 0.0230204 0 0
 0.530135 0.295979 0.169645 0.0042399 0
 0.562478 0.366248 0.0663022 0.0049721 0
 0.250443 0.683176 0.0655157 0.000865301 0
ppred_RECLAS
 0.0593483 0.610689 0.291156 0.0388046 1.73588e-06
 0.140549 0.0986625 0.493919 0.235483 0.0313861
 0.0593053 0.240271 0.0804067 0.402527 0.21749
 0.341763 0.0859539 0.146172 0.0489164 0.377195
 0.825776 0.0920563 0.0107296 0.0182465 0.0531912
 0.301668 0.632606 0.0347282 0.00404772 0.0269498
 0.713963 0.145378 0.127421 0.00699504 0.0062436
 0.601227 0.338272 0.0307493 0.0269512 0.00280015
 0.700591 0.23425 0.0552729 0.00502437 0.0048613
 0.649244 0.2957 0.0430747 0.0101638 0.00181781
 0.256797 0.593602 0.126119 0.0183718 0.00511027
 0.207836 0.347404 0.355233 0.0754745 0.0140526
 0.525864 0.176298 0.130617 0.133561 0.0336604
 0.451156 0.399682 0.0554628 0.0410917 0.0526072
 0.55991 0.306532 0.09726 0.0134965 0.022801
 0.542431 0.35351 0.0724793 0.0229971 0.00858253
 0.457992 0.395728 0.113013 0.0231708 0.0100956
 0.477608 0.341672 0.131946 0.0376816 0.0110919
 0.417001 0.388271 0.127362 0.0491846 0.0181809
 0.694063 0.186568 0.0794983 0.0260774 0.0137931
 0.576885 0.351903 0.0434266 0.0185045 0.00928047
 0.433879 0.417869 0.123301 0.015216 0.00973539
 0.549149 0.277604 0.127878 0.037733 0.0076357
 0.423842 0.415357 0.0990109 0.0456091 0.0161813
 0.0417578 0.585002 0.269072 0.0641402 0.0400284
pobs_PELACES
 0 0 0 0 0
 0 0 0 0 0
 0 0 0 0 0
 0 0 0 0 0
 0 0 0 0 0
 0 0 0 0 0
 0 0 0 0 0
 0 0 0 0 0
 0 0 0 0 0
 0 0 0 0 0
 0.450072 0.473896 0.0757376 0.000293798 0
 0 0 0 0 0
 0.463077 0.371075 0.160297 0.00555027 0
 0.529543 0.364841 0.0842815 0.0213345 0
 0.631943 0.363953 0.00410389 0 0
 0.735681 0.248677 0.0153453 0.000297389 0
 0.695825 0.281241 0.0229344 0 0
 0.275771 0.60734 0.115278 0.00161068 0
 0 0 0 0 0
 0.896147 0.0623911 0.0374545 0.00400742 0
 0.803859 0.145111 0.0509908 3.86294e-05 0
 0.739449 0.233085 0.0266225 0.000797448 4.60066e-05
 0.878498 0.100942 0.0204185 0.000141795 0
 0.694673 0.275183 0.0284847 0.00165964 0
 0.469039 0.446079 0.0841089 0.000773354 0
ppred_PELACES
 0.0603642 0.61003 0.290841 0.0387627 1.73401e-06
 0.144393 0.0982213 0.49171 0.23443 0.0312458
 0.0660844 0.23854 0.0798272 0.399626 0.215922
 0.353126 0.08447 0.143648 0.0480719 0.370683
 0.827217 0.091295 0.0106408 0.0180956 0.0527512
 0.327154 0.609519 0.0334608 0.0039 0.0259663
 0.728992 0.137739 0.120726 0.0066275 0.00591555
 0.628698 0.314969 0.0286311 0.0250946 0.00260725
 0.719305 0.219609 0.0518182 0.00471034 0.00455747
 0.659597 0.286972 0.0418032 0.00986374 0.00176415
 0.272526 0.581038 0.12345 0.017983 0.00500211
 0.221234 0.341528 0.349225 0.074198 0.0138149
 0.556816 0.164789 0.12209 0.124842 0.031463
 0.506051 0.359706 0.0499155 0.0369817 0.0473456
 0.606242 0.274261 0.0870206 0.0120756 0.0204006
 0.56395 0.336885 0.0690708 0.0219156 0.00817892
 0.476421 0.382273 0.109171 0.022383 0.00975237
 0.49188 0.332337 0.128342 0.0366521 0.0107889
 0.431271 0.378768 0.124245 0.0479808 0.0177359
 0.705895 0.179353 0.0764239 0.0250689 0.0132596
 0.582209 0.347475 0.0428802 0.0182716 0.0091637
 0.441087 0.412548 0.121731 0.0150222 0.00961144
 0.558703 0.271722 0.125168 0.0369334 0.00747389
 0.43407 0.407983 0.0972533 0.0447994 0.015894
 0.0441746 0.583526 0.268393 0.0639784 0.0399274
pobs_pel_tallas
 0 0 0 0 0 0 0 0 0 0 0 0 0 0 0 0 0 0 0 0 0 0 0 0 0 0 0 0 0 0 0 0 0 0 0 0
 0 0 0 0 0 0 0 0 0 0 0 0 0 0 0 0 0 0 0 0 0 0 0 0 0 0 0 0 0 0 0 0 0 0 0 0
 0 0 0 0 0 0 0 0 0 0 0 0 0 0 0 0 0 0 0 0 0 0 0 0 0 0 0 0 0 0 0 0 0 0 0 0
 0 0 0 0 0 0 0 0 0 0 0 0 0 0 0 0 0 0 0 0 0 0 0 0 0 0 0 0 0 0 0 0 0 0 0 0
 0 0 0 0 0 0 0 0 0 0 0 0 0 0 0 0 0 0 0 0 0 0 0 0 0 0 0 0 0 0 0 0 0 0 0 0
 0 0 0 0 0 0 0 0 0 0 0 0 0 0 0 0 0 0 0 0 0 0 0 0 0 0 0 0 0 0 0 0 0 0 0 0
 0 0 0 0 0 0 0 0 0 0 0 0 0 0 0 0 0 0 0 0 0 0 0 0 0 0 0 0 0 0 0 0 0 0 0 0
 0 0 0 0 0 0 0 0 0 0 0 0 0 0 0 0 0 0 0 0 0 0 0 0 0 0 0 0 0 0 0 0 0 0 0 0
 0 0 0 0 0 0 0 0 0 0 0 0 0 0 0 0 0 0 0 0 0 0 0 0 0 0 0 0 0 0 0 0 0 0 0 0
 0 0 0 0 0 0 0 0 0 0 0 0 0 0 0 0 0 0 0 0 0 0 0 0 0 0 0 0 0 0 0 0 0 0 0 0
 0 0 0 0 0 0 0 0 1.78061e-05 0.00172719 0.00360574 0.0105946 0.0120993 0.0124554 0.0147524 0.0171206 0.0266825 0.0428682 0.0675386 0.121331 0.153587 0.119568 0.100827 0.0573624 0.0630603 0.0341343 0.0324427 0.0444173 0.0211091 0.0280891 0.0125444 0.00206551 0 0 0 0
 0 0 0 0 0 0 0 0 0 0 0 0 0 0 0 0 0 0 0 0 0 0 0 0 0 0 0 0 0 0 0 0 0 0 0 0
 0 0 0 0 0 0 0.0133647 0.0140871 0.0187388 0.0205184 0.03894 0.0496705 0.03968 0.0493445 0.0407372 0.0367815 0.0215668 0.0243155 0.0234873 0.0199281 0.019796 0.0243948 0.0301388 0.0376714 0.0412746 0.0863199 0.0771752 0.113111 0.0741005 0.0525337 0.0229764 0.00759418 0.00175318 0 0 0
 0 0 0 0 0 0 0 0 0 0 0.00219441 0.00772107 0.0458388 0.0604681 0.0671733 0.0775358 0.0609151 0.0617685 0.073594 0.0568108 0.0755445 0.0548602 0.0670107 0.0636378 0.0643287 0.046367 0.0373049 0.0286899 0.0247887 0.0153202 0.00654259 0.00121912 0.000365735 0 0 0
 0 0 0 0 0 0 0 0 0 0 0 0 0.000112435 0.00938835 0.0111873 0.0202946 0.0414886 0.0713402 0.111592 0.104902 0.108894 0.110636 0.117776 0.105296 0.107544 0.0401394 0.0192827 0.0124803 0.00416011 0.0028671 0.000618394 0 0 0 0 0
 0 0 0 0 0 0 0 0 0 0 0.00291406 0.0102884 0.027416 0.0768956 0.0749926 0.110853 0.0956884 0.0897413 0.0766577 0.0534642 0.0500743 0.0551293 0.0594112 0.0620874 0.0668451 0.0424026 0.0208742 0.0120726 0.0048766 0.00582813 0.00118941 0.000297354 0 0 0 0
 0 0.00264628 0.0354308 0.0461629 0.0458689 0.0383711 0.0214643 0.0164657 0.0346957 0.0420465 0.0363128 0.0245516 0.0311673 0.0291091 0.0169068 0.0133784 0.00837989 0.0085269 0.0148486 0.0160247 0.0276389 0.0546898 0.0760071 0.122758 0.109233 0.0665981 0.0333725 0.0166128 0.00676272 0.00308733 0.000882094 0 0 0 0 0
 0 0 0 0 0 0 0 0.000805153 0.000690131 0.00759144 0.0133425 0.0154129 0.00931677 0.000345066 0.00356568 0.00563607 0.00851162 0.0253048 0.0502646 0.0516448 0.0657925 0.0565908 0.0611916 0.0827007 0.0866115 0.110766 0.145733 0.0935128 0.0569358 0.0249597 0.0138026 0.00621118 0.00161031 0.00115022 0 0
 0 0 0 0 0 0 0 0 0 0 0 0 0 0 0 0 0 0 0 0 0 0 0 0 0 0 0 0 0 0 0 0 0 0 0 0
 0.00147267 0.00158595 0.00478618 0.00569244 0.00954404 0.0108468 0.00647125 0.017049 0.0510054 0.094081 0.124002 0.0959785 0.0687766 0.0820023 0.061753 0.0591476 0.0492212 0.0479892 0.0443925 0.0268479 0.0217502 0.0140895 0.0121071 0.0120363 0.00920419 0.00665534 0.0049561 0.00860946 0.00930331 0.0156896 0.0114698 0.00855282 0.00243557 0.00046729 0 2.83206e-05
 0 0 0 0 0.000772559 0.00158375 0.000888443 0.00281984 0.00712685 0.0440552 0.0773331 0.111326 0.0921469 0.0852325 0.0710754 0.0886704 0.0786465 0.0553345 0.0373146 0.0185414 0.00753245 0.00457741 0.012979 0.0271748 0.0457355 0.0583668 0.034881 0.0177882 0.00938659 0.00492506 0.0015258 0.00185414 0.000309023 5.79419e-05 3.86279e-05 0
 0 0.00173294 0.00326652 0 0.00397197 0.00683976 0.00946217 0.0152591 0.00757587 0.0136028 0.0228656 0.0392903 0.0559909 0.0764795 0.0681675 0.0726916 0.0566044 0.0477403 0.0527397 0.0444891 0.0609904 0.0582453 0.0661739 0.0445044 0.0529084 0.0360697 0.0280645 0.0235558 0.0158879 0.00826598 0.00280645 0.00217768 0.000904811 0.00058276 9.20147e-05 0
 0 0 0 0 0 0 0 0 0 0 0 0 0 0 0 0 0 0 0 0 0 0 0 0 0 0 0 0 0 0 0 0 0 0 0 0
 0 0 0 0 0 0 0 0 0 0 0 0 0 0 0 0 0 0 0 0 0 0 0 0 0 0 0 0 0 0 0 0 0 0 0 0
 0 0 0 0 0 0 0 0 0 0 0 0 0 0 0 0 0 0 0 0 0 0 0 0 0 0 0 0 0 0 0 0 0 0 0 0
ppred_pel_tallas
 1.0566e-16 2.67022e-06 1.55801e-05 7.38693e-05 0.00028408 0.000885585 0.00223758 0.00458333 0.00761615 0.0102851 0.0113422 0.0103614 0.00819615 0.00635753 0.00603324 0.00769385 0.0113457 0.0168745 0.0241336 0.0328404 0.0424635 0.0522063 0.0611026 0.0681931 0.0727269 0.0743193 0.0730169 0.0692463 0.0636766 0.0570449 0.0500054 0.0430425 0.0364551 0.0303925 0.0249128 0.0200329
 1.16528e-16 6.31374e-06 3.70173e-05 0.000175887 0.00067705 0.00211117 0.0053327 0.0109124 0.0180926 0.0243105 0.0264881 0.0234443 0.0169583 0.0102585 0.00567184 0.00372338 0.00384458 0.00536535 0.007937 0.0114775 0.0159976 0.0214818 0.0278342 0.0348611 0.0422718 0.0496901 0.0566771 0.0627623 0.067487 0.0704556 0.0713907 0.0701788 0.0668984 0.0618156 0.0553515 0.0480219
 1.25032e-16 2.90313e-06 1.69853e-05 8.06336e-05 0.000310266 0.000967355 0.00244367 0.00500212 0.00829951 0.0111702 0.0122193 0.0109306 0.00815744 0.00543613 0.00391093 0.00391784 0.00529626 0.00782151 0.0113715 0.0158769 0.0212301 0.0272407 0.0336456 0.0401524 0.0464909 0.0524485 0.057876 0.0626612 0.0666868 0.069795 0.071779 0.0724102 0.0714932 0.068927 0.0647543 0.059177
 1.21039e-16 1.54135e-05 9.04459e-05 0.000429903 0.00165509 0.00516118 0.0130367 0.0266751 0.0442181 0.0593872 0.0646346 0.0570351 0.0408781 0.0239615 0.0118338 0.00558494 0.00358215 0.00391096 0.00543983 0.00773013 0.0106626 0.014197 0.0182813 0.0228308 0.0277293 0.0328312 0.0379594 0.0429014 0.0474078 0.0512016 0.0540014 0.0555578 0.0556949 0.0543462 0.0515729 0.0475641
 1.03268e-16 3.60868e-05 0.000211814 0.0010069 0.00387667 0.0120891 0.0305359 0.0624798 0.103564 0.139075 0.151317 0.133415 0.0953773 0.0554098 0.0264184 0.0108318 0.00466736 0.00325554 0.00374867 0.0049303 0.00636384 0.00785344 0.00925105 0.0104259 0.0112816 0.0117752 0.0119231 0.0117892 0.0114616 0.0110243 0.0105365 0.0100233 0.00948002 0.00888528 0.00821668 0.00746365
 1.02021e-16 1.43028e-05 8.38753e-05 0.000398556 0.00153421 0.00478408 0.0120848 0.0247314 0.0410109 0.0551247 0.0601136 0.0533264 0.0388312 0.0239901 0.0141226 0.0104406 0.0116129 0.0159578 0.0223471 0.0300491 0.0383545 0.046397 0.053197 0.0578357 0.0596629 0.0584553 0.0544711 0.0483743 0.0410643 0.0334638 0.0263361 0.020178 0.0152011 0.0113842 0.00856063 0.00650577
 1.02263e-16 3.1806e-05 0.000186677 0.000887382 0.00341647 0.010654 0.026911 0.0550634 0.091273 0.122575 0.133381 0.117639 0.0841839 0.0490779 0.0237227 0.0102925 0.00531355 0.0047027 0.00596758 0.00802879 0.0104622 0.0130227 0.0154807 0.0176099 0.0192201 0.0201908 0.0204885 0.020159 0.0193041 0.0180496 0.0165181 0.0148139 0.0130198 0.0112028 0.00942108 0.00772786
 1.01494e-16 2.74396e-05 0.000161027 0.000765404 0.00294677 0.00918917 0.0232113 0.0474947 0.0787328 0.105751 0.115118 0.101638 0.0729634 0.0430005 0.0216502 0.0108658 0.00772405 0.00874595 0.0117647 0.0157461 0.0201251 0.0244103 0.0280893 0.0306848 0.0318553 0.0314749 0.0296618 0.0267405 0.0231558 0.0193658 0.0157511 0.0125609 0.00990535 0.00778191 0.00611944 0.00482089
 1.01183e-16 3.13867e-05 0.000184208 0.00087563 0.0033712 0.0105128 0.0265545 0.0543344 0.0900669 0.120962 0.131644 0.116149 0.0832095 0.0486947 0.0238807 0.0109422 0.00647658 0.00646515 0.00843176 0.0112568 0.0144266 0.017572 0.0203294 0.0223594 0.0234121 0.0233825 0.0223319 0.0204642 0.0180698 0.0154546 0.0128789 0.0105217 0.00847418 0.00675553 0.00534014 0.00418333
 1.01109e-16 2.87859e-05 0.000168933 0.000802997 0.00309152 0.00964057 0.0243515 0.0498274 0.0825985 0.11094 0.120756 0.106591 0.0764663 0.0449588 0.0224399 0.0109403 0.00737536 0.00808297 0.0107904 0.0144319 0.0184546 0.0224013 0.0258013 0.0282156 0.0293272 0.0290142 0.0273769 0.0247045 0.0213986 0.0178767 0.01449 0.011474 0.00894028 0.00689854 0.00529476 0.00404831
 1.02794e-16 1.19199e-05 6.98875e-05 0.000332061 0.0012782 0.00398572 0.0100682 0.020605 0.0341709 0.0459383 0.0501159 0.0445053 0.0325118 0.0202929 0.0123139 0.00962607 0.011165 0.0155682 0.0219162 0.02959 0.0379505 0.0461892 0.0533745 0.0586146 0.0612534 0.0610209 0.0580894 0.0530108 0.0465652 0.039572 0.0327268 0.0265055 0.0211466 0.0166945 0.0130717 0.010149
 1.08264e-16 9.6741e-06 5.67235e-05 0.000269524 0.00103749 0.00323514 0.00817202 0.0167236 0.0277312 0.0372725 0.0406395 0.0360369 0.0262116 0.0161385 0.00941383 0.00686445 0.00761369 0.0105743 0.0150687 0.0207265 0.0272234 0.0341376 0.0409428 0.0470805 0.0520597 0.0555414 0.0573806 0.0576145 0.056411 0.0540018 0.050626 0.0465026 0.0418297 0.0367977 0.0316035 0.0264513
 1.07547e-16 2.42992e-05 0.000142604 0.000677848 0.00260971 0.00813809 0.0205562 0.0420611 0.0697226 0.0936406 0.101913 0.089926 0.0644413 0.0377499 0.0185897 0.00865857 0.00534497 0.00556922 0.00745592 0.0101887 0.0134252 0.0169323 0.0204677 0.0237818 0.0266558 0.0289365 0.0305517 0.0314995 0.0318215 0.0315714 0.0307931 0.0295162 0.0277669 0.0255857 0.0230427 0.0202419
 1.04309e-16 2.20934e-05 0.000129636 0.000616159 0.00237212 0.00739714 0.0186849 0.0382337 0.0633839 0.0851452 0.0927139 0.0819205 0.0589474 0.0350196 0.0181499 0.00996254 0.00815757 0.00997574 0.0136861 0.0184261 0.0236588 0.0288597 0.0334587 0.0369169 0.0388411 0.0390729 0.0377202 0.035115 0.0317177 0.0280004 0.0243486 0.0210069 0.018075 0.0155425 0.0133391 0.0113822
 1.02693e-16 2.64589e-05 0.000155273 0.000738056 0.00284149 0.00886085 0.022382 0.0457976 0.0759187 0.101969 0.110996 0.0979863 0.0703154 0.041387 0.0207417 0.0102566 0.00710952 0.00794884 0.0106996 0.0143929 0.0185263 0.0226773 0.0264024 0.029278 0.0309849 0.0313762 0.030505 0.0285967 0.0259811 0.0230093 0.0199806 0.0171025 0.0144841 0.0121572 0.0101079 0.00830635
 1.02226e-16 2.46173e-05 0.000144455 0.000686614 0.0026434 0.00824312 0.0208217 0.0426056 0.0706298 0.0948729 0.103291 0.091229 0.0655647 0.0387887 0.0198057 0.0103959 0.00796667 0.009421 0.0128248 0.0172376 0.0221117 0.026939 0.0311749 0.0343036 0.0359458 0.035944 0.0343947 0.0316112 0.0280365 0.0241344 0.0202957 0.0167849 0.0137313 0.0111551 0.00901119 0.00722873
 1.029e-16 2.08025e-05 0.000122055 0.000580111 0.00223332 0.00696429 0.0175915 0.0359968 0.0596772 0.0801702 0.0873081 0.0771714 0.0555898 0.033145 0.0173999 0.00990634 0.00852272 0.0106702 0.0147258 0.0198646 0.0255443 0.0312099 0.036247 0.0400659 0.0422245 0.0425259 0.0410559 0.0381438 0.0342674 0.0299333 0.0255743 0.0214907 0.0178399 0.0146653 0.0119404 0.00961153
 1.03694e-16 2.14746e-05 0.000126005 0.000598901 0.00230569 0.00718996 0.0181615 0.0371627 0.0616082 0.082759 0.0901133 0.0796176 0.0572792 0.0340071 0.0175878 0.00959896 0.007807 0.00953664 0.013119 0.017737 0.0228962 0.0281158 0.0328647 0.0366271 0.0390058 0.0398062 0.0390691 0.0370404 0.0340929 0.0306282 0.0269941 0.023437 0.0200963 0.0170276 0.014239 0.0117225
 1.04365e-16 1.88336e-05 0.000110496 0.00052516 0.00202175 0.0063045 0.015925 0.0325869 0.0540252 0.0725807 0.0790519 0.0698953 0.0503953 0.0301421 0.0159971 0.0093839 0.00838426 0.0106818 0.0148182 0.0200451 0.0258538 0.0317089 0.0370092 0.0411723 0.0437542 0.0445449 0.043605 0.0412285 0.0378515 0.0339378 0.0298834 0.0259617 0.0223181 0.0189989 0.0159955 0.0132829
 1.02625e-16 3.08004e-05 0.00018077 0.00085929 0.0033083 0.0103166 0.026059 0.0533203 0.088385 0.118701 0.129175 0.113954 0.0815985 0.0476756 0.0232401 0.0104146 0.00585104 0.00560367 0.00725323 0.00972891 0.0125728 0.0154832 0.0181678 0.0203477 0.0218061 0.0224322 0.0222388 0.0213459 0.0199403 0.0182242 0.0163721 0.0145075 0.0127012 0.010984 0.00936657 0.00785487
 1.01778e-16 2.54138e-05 0.000149131 0.000708841 0.00272898 0.00850998 0.0214958 0.0439849 0.0729163 0.0979438 0.106633 0.0941787 0.0676795 0.0400293 0.0204187 0.0106824 0.0081393 0.00958613 0.0130193 0.0174603 0.0223367 0.0271194 0.031245 0.0341855 0.0355605 0.0352258 0.0333046 0.0301478 0.0262391 0.0220796 0.0180866 0.0145362 0.0115536 0.00914205 0.00723012 0.00571759
 1.02828e-16 1.92631e-05 0.000113014 0.000537123 0.0020678 0.00644809 0.0162877 0.0333294 0.0552567 0.0742372 0.0808613 0.0715073 0.0515841 0.030906 0.0164979 0.00982382 0.008928 0.0114424 0.0158674 0.021417 0.0275368 0.0336342 0.0390457 0.0431333 0.0454185 0.0456881 0.0440353 0.0408177 0.0365545 0.0317978 0.0270212 0.0225552 0.0185756 0.0151332 0.0122011 0.00972051
 1.03484e-16 2.4386e-05 0.000143103 0.000680199 0.00261872 0.00816617 0.0206273 0.0422073 0.0699679 0.093979 0.102305 0.0903277 0.0648512 0.038235 0.0192824 0.0097372 0.00701425 0.00804055 0.0109161 0.0147536 0.0190853 0.0235058 0.0275798 0.0308824 0.033081 0.0340028 0.033663 0.0322411 0.0300203 0.0273104 0.0243832 0.0214358 0.0185868 0.0158943 0.0133832 0.0110682
 1.03796e-16 1.89568e-05 0.000111217 0.00052858 0.00203491 0.00634553 0.0160286 0.0327992 0.0543778 0.0730566 0.0795757 0.0703712 0.0507664 0.0304198 0.0162449 0.00968318 0.00881066 0.0112975 0.0156684 0.0211503 0.0271986 0.0332315 0.0385993 0.0426789 0.0450059 0.0453779 0.0438925 0.0409041 0.0369208 0.0324755 0.0280173 0.0238489 0.0201199 0.016859 0.0140253 0.0115552
 1.08064e-16 1.96303e-06 1.14312e-05 5.4151e-05 0.00020817 0.000648873 0.00163964 0.00335967 0.00558716 0.00755831 0.00836977 0.0077274 0.00628412 0.00518831 0.00536656 0.00723237 0.0108616 0.0162275 0.0232443 0.0316704 0.0410154 0.0505318 0.0593085 0.066439 0.0712113 0.0732562 0.0726068 0.0696478 0.0649842 0.0592768 0.053102 0.0468753 0.0408425 0.0351208 0.0297578 0.0247821
pSPR Fmed_Fpbrs
0.526284   0.255595 0.255595
Fs Fmed_Fpbrs
0.366681   1.005 1.005
SSBpbr Bo_Bmed_Bpbrs
1.0232e+06  487335  210365 210365
Ro
24343
SPR SPRFo_SPRFmed_SPRFpbrs
500561 263437 127941
log_Ro
9.92
likeval ReclasPelacesDesembMPH_pf_preclas_ppelaces_ptallas_desvR_qrecl_qpela
 99.1425 121.148 0.0905965 0.000571152 382.175 208.088 86.6138 0 37.6818 0 0 0 0 0 0
q_reclas_q_pelaces
1 1
M
0.7
N
 10674.9 56445 26911 3586.65 0.160445
 13633.4 5018.81 25124.9 11978.7 1596.56
 2550.57 6154.51 2059.61 10310.7 5570.97
 6579.27 892.63 1517.99 507.996 3917.16
 49594.3 2806.76 327.14 556.329 1621.78
 19045.7 23889.2 1311.45 152.855 1017.71
 57958.1 6608.92 5792.6 317.997 283.836
 68406.6 22943.6 2085.6 1827.99 189.922
 124555 23897.9 5638.88 512.58 495.945
 192391 46959.7 6840.63 1614.09 288.684
 63657.8 83161.8 17669 2573.84 715.934
 26244.5 24743 25300.7 5375.5 1000.86
 50578.8 10241.6 7587.89 7758.9 1955.42
 27835.1 17212.7 2388.57 1769.66 2265.59
 19406.5 7092.33 2250.33 312.273 527.554
 14540.8 5406.43 1108.47 351.707 131.258
 11475.3 5546.15 1583.88 324.74 141.491
 11673.7 4553.19 1758.35 502.152 147.813
 9584.81 4875.27 1599.21 617.579 228.286
 27239.5 3987.34 1699.04 557.326 294.786
 36171.1 11403.6 1407.26 599.647 300.738
 33395.4 16811.3 4960.54 612.155 391.665
 56621.7 15175.1 6990.39 2062.66 417.403
 47909.8 25008.6 5961.43 2746.12 974.273
 2737.74 20963.6 9642.21 2298.47 1434.42
pred_Ctot
 409.978 4233.56 2018.42 269.01 0.0120339
 896.511 633.51 3171.44 1512.03 201.53
 552.539 2317.92 775.693 3883.23 2098.15
 672.635 171.139 291.036 97.3952 751.016
 1071.58 119.682 13.9494 23.7222 69.1535
 4211.58 9155.87 502.631 58.5837 390.052
 8565.15 1778.03 1558.41 85.5521 76.3617
 14883.5 8673.03 788.388 691.008 71.7935
 21911.9 7512.18 1772.55 161.127 155.897
 18068.2 8314.88 1211.23 285.798 51.1155
 10088.4 23824 5061.75 737.347 205.099
 4098.44 6995.5 7153.16 1519.79 282.97
 11697.5 4076.95 3020.56 3088.63 778.407
 10123.2 9814.54 1361.94 1009.04 1291.82
 6331.89 3727.06 1182.56 164.101 277.233
 2462.28 1643.06 336.872 106.887 39.8902
 1680.15 1479.64 422.559 86.6363 37.7478
 1348.22 977.737 377.581 107.831 31.7409
 1129.99 1067 350.002 135.164 49.9627
 3105.18 845.95 360.467 118.242 62.5415
 1672.86 1024.92 126.48 53.8943 27.0294
 2050.3 1986.72 586.223 72.3428 46.2859
 4532.99 2310.93 1064.52 314.111 63.5638
 4125.21 4080.24 972.629 448.038 158.956
 324.601 4612.21 2121.39 505.688 315.588
F
 0.0547041 0.109408 0.109408 0.109408 0.109408
 0.0953388 0.190678 0.190678 0.190678 0.190678
 0.349899 0.699797 0.699797 0.699797 0.699797
 0.151892 0.303783 0.303783 0.303783 0.303783
 0.0304505 0.0609009 0.0609009 0.0609009 0.0609009
 0.358423 0.716845 0.716845 0.716845 0.716845
 0.226682 0.453365 0.453365 0.453365 0.453365
 0.351677 0.703353 0.703353 0.703353 0.703353
 0.275456 0.550912 0.550912 0.550912 0.550912
 0.138741 0.277481 0.277481 0.277481 0.277481
 0.244979 0.489958 0.489958 0.489958 0.489958
 0.240995 0.48199 0.48199 0.48199 0.48199
 0.377884 0.755767 0.755767 0.755767 0.755767
 0.667286 1.33457 1.33457 1.33457 1.33457
 0.578017 1.15603 1.15603 1.15603 1.15603
 0.263855 0.52771 0.52771 0.52771 0.52771
 0.224366 0.448731 0.448731 0.448731 0.448731
 0.17316 0.346321 0.346321 0.346321 0.346321
 0.177056 0.354112 0.354112 0.354112 0.354112
 0.170739 0.341478 0.341478 0.341478 0.341478
 0.0662075 0.132415 0.132415 0.132415 0.132415
 0.0887582 0.177516 0.177516 0.177516 0.177516
 0.117174 0.234348 0.234348 0.234348 0.234348
 0.126534 0.253069 0.253069 0.253069 0.253069
 0.178147 0.356295 0.356295 0.356295 0.356295
YTP_r0W_actual
 3635.53 101469 70005.9 20783.8 13507.1
YTP_p0W_proyectada
 61161.7 11742.1 109696 65817.8 24158.5
 61161.7 76326.7 3111.83 26011.2 16153.4
CTP_r0_actual
 324.601 4612.21 2121.39 505.688 315.588
CTP_p0_proyectada
 7195.49 548.697 3515.91 1617.15 519.538
 7195.49 3566.67 99.738 639.096 347.385
Wmedp
 8.5 21.4 31.2 40.7 46.5
nmprior
 10.6 11 7 0
nm_flota  nm_reclas  nm_pelaces    nm_pelaL
inf 13.9582 9.66396 19.0854
cv_recla  cv_pelaces  cv_mph
0.900647 1.24805 0.775379
 ------------------------------------------------
Talla a la edad & desviaci?n 
 7.2 14.2025 17.0495 18.207 18.6776
 1.08 2.13037 2.55742 2.73105 2.80164
