years
 1997 1998 1999 2000 2001 2002 2003 2004 2005 2006 2007 2008 2009 2010 2011 2012 2013 2014 2015 2016 2017 2018 2019 2020 2021
reclasobs
 0 0 0 370054 412103 1.49427e+06 250295 1.28982e+06 931140 785840 897777 1.04006e+06 184774 17550 25797 100020 73551 82996 120727 218422 84188 347160 605670 569463 516374
reclaspred
 2.07517e+06 257730 340335 106080 234355 242953 528522 443968 585487 1.03202e+06 928238 584477 362509 158725 96430 91015.3 101960 120890 104101 170503 296384 260301 431684 495179 416279
pelacesobs
 0 0 0 0 0 0 0 0 0 2.06254e+06 1.5e+06 0 1.87456e+06 323000 250000 174000 83755 137374 0 501740 490994 745055 786931 1.00524e+06 1.33801e+06
pelacespred
 1.34563e+06 503984 150995 109365 213623 149045 502363 406827 541034 968689 724652 465416 313436 107086 66698.6 66961.2 77893 93936.5 79827.3 136455 262498 219826 290093 385421 299380
mphobs
 0 0 0 0 0 112323 0 153150 637223 0 255016 313432 73983 77613 109348 50772 0 0 0 0 0 0 0 0 0
mphpred
 2.13968e+06 912275 392547 185995 122504 323351 355257 477453 510759 717401 1.26079e+06 874446 476565 271828 116525 91509.9 102130 122516 129814 123629 250478 326800 368779 518571 586524
desembarqueobs
 350755 77701 442110 56441 14545 235359 269955 359681 431902 328805 639364 411747 362871 311530 167758 66681 60226 58785 57116 73181 50977 67692 138656 160484 209506
desembarquepred
 350744 77681.3 441598 56420.3 14543.7 235214 269849 359152 431473 328564 638680 411380 362287 311071 167422 66633.1 60205.7 58744.1 57070.7 73112.4 50964.5 67653.7 138581 160407 209413
Reclutas
 7018.02 10387.7 1458.67 7848.82 55525.5 17035 56164.2 71584.3 94489.4 215680 52831.6 23294.9 54307.2 22998 14813.1 15017.4 10154.4 9999.04 7936.77 27731 31192.2 30312.4 60573 49127.3 1633.95
log_desv_Rt
 -1.12376 -0.731622 -2.69472 -1.01188 0.944597 -0.236974 0.956035 1.19863 1.47624 2.30155 0.894866 0.0759887 0.922413 0.0631638 -0.376732 -0.363034 -0.75434 -0.769755 -1.00074 0.250305 0.367922 0.339313 1.0316 0.82217 -2.58124
SSB
 2.13968e+06 912275 392547 185995 122504 323351 355257 477453 510759 717401 1.26079e+06 874446 476565 271828 116525 91509.9 102130 122516 129814 123629 250478 326800 368779 518571 586524
BT
 2.62921e+06 1.0719e+06 519777 262766 394969 449462 1.09686e+06 1.11252e+06 1.3595e+06 2.03822e+06 1.84949e+06 1.20208e+06 920509 487916 257860 174549 188183 215576 192468 304221 510050 457614 616308 819902 703671
Ftot
 0.115631 0.212631 0.828836 0.429648 0.11387 0.717781 0.661895 1.05189 0.973729 0.494236 0.533752 0.513087 0.9917 1.61188 1.75345 0.750943 0.581083 0.460825 0.45748 0.579768 0.180158 0.223985 0.303878 0.289107 0.335727
BD_Bspro_t
 0.981853 0.864619 0.653719 0.323127 0.392226 0.68342 0.517632 0.535483 0.504891 0.540535 0.640357 0.474669 0.335812 0.255608 0.14652 0.144071 0.208929 0.312116 0.379473 0.426675 0.624221 0.735392 0.724661 0.729346 0.695022
BD_Bspro
 4.81956 2.05487 0.884199 0.418948 0.275937 0.728337 0.800205 1.07545 1.15047 1.61592 2.8399 1.96966 1.07345 0.612284 0.262469 0.206123 0.230044 0.275963 0.292402 0.278471 0.564194 0.736106 0.830662 1.16806 1.32113
BD_Bo
 2.1709 0.925587 0.398275 0.188709 0.124292 0.328069 0.360441 0.484419 0.518212 0.727869 1.27919 0.887206 0.483518 0.275795 0.118225 0.0928452 0.10362 0.124304 0.131708 0.125433 0.254133 0.331568 0.37416 0.526137 0.595082
BD_Brms
 7.21353 3.07556 1.3234 0.627048 0.413001 1.09012 1.19768 1.60964 1.72193 2.41858 4.25053 2.94803 1.60665 0.916417 0.392842 0.308508 0.344312 0.413039 0.437644 0.416793 0.84444 1.10174 1.24327 1.74826 1.97735
S_f
 0.143632 1 1 1 1
 0.143632 1 1 1 1
 0.143632 1 1 1 1
 0.143632 1 1 1 1
 0.143632 1 1 1 1
 0.143632 1 1 1 1
 0.143632 1 1 1 1
 0.143632 1 1 1 1
 0.143632 1 1 1 1
 0.143632 1 1 1 1
 0.143632 1 1 1 1
 0.143632 1 1 1 1
 0.143632 1 1 1 1
 0.143632 1 1 1 1
 0.143632 1 1 1 1
 0.143632 1 1 1 1
 0.143632 1 1 1 1
 0.143632 1 1 1 1
 0.143632 1 1 1 1
 0.143632 1 1 1 1
 0.143632 1 1 1 1
 0.143632 1 1 1 1
 0.143632 1 1 1 1
 0.143632 1 1 1 1
 0.143632 1 1 1 1
Scru_reclas
 0.831703 1 1 1 1
 0.831703 1 1 1 1
 0.831703 1 1 1 1
 0.831703 1 1 1 1
 0.831703 1 1 1 1
 0.831703 1 1 1 1
 0.831703 1 1 1 1
 0.831703 1 1 1 1
 0.831703 1 1 1 1
 0.831703 1 1 1 1
 0.831703 1 1 1 1
 0.831703 1 1 1 1
 0.831703 1 1 1 1
 0.831703 1 1 1 1
 0.831703 1 1 1 1
 0.831703 1 1 1 1
 0.831703 1 1 1 1
 0.831703 1 1 1 1
 0.831703 1 1 1 1
 0.831703 1 1 1 1
 0.831703 1 1 1 1
 0.831703 1 1 1 1
 0.831703 1 1 1 1
 0.831703 1 1 1 1
 0.831703 1 1 1 1
Scru_pelaces
 1 1 1 1 1
 1 1 1 1 1
 1 1 1 1 1
 1 1 1 1 1
 1 1 1 1 1
 1 1 1 1 1
 1 1 1 1 1
 1 1 1 1 1
 1 1 1 1 1
 1 1 1 1 1
 1 1 1 1 1
 1 1 1 1 1
 1 1 1 1 1
 1 1 1 1 1
 1 1 1 1 1
 1 1 1 1 1
 1 1 1 1 1
 1 1 1 1 1
 1 1 1 1 1
 1 1 1 1 1
 1 1 1 1 1
 1 1 1 1 1
 1 1 1 1 1
 1 1 1 1 1
 1 1 1 1 1
pf_obs 
 0.256992 0.487395 0.22802 0.0275931 0
 0.321318 0.546541 0.124235 0.00734118 0.000564706
 0.182869 0.594174 0.210203 0.0122559 0.00049798
 0.330522 0.361315 0.267642 0.0388342 0.00168674
 0.649043 0.306663 0.0425973 0.00169635 0
 0.582887 0.30429 0.105238 0.00758474 0
 0.465427 0.430635 0.0974691 0.00646863 0
 0.296916 0.608066 0.0921331 0.00288517 0
 0.311714 0.524322 0.152257 0.0117073 0
 0.15457 0.633149 0.183074 0.0267441 0.00246327
 0.131901 0.49318 0.331252 0.0422183 0.00144891
 0.196976 0.569456 0.194076 0.0375587 0.00193317
 0.518974 0.381816 0.0799577 0.0180837 0.00116848
 0.0928022 0.601141 0.25162 0.0475244 0.00691264
 0.122501 0.610282 0.24278 0.0234846 0.000952079
 0.383417 0.481906 0.127806 0.00687128 0
 0.0376549 0.599619 0.316969 0.0457579 0
 0.0361596 0.667082 0.258105 0.0386534 0
 0.158088 0.579412 0.248529 0.0139706 0
 0.0477256 0.309471 0.559284 0.082774 0.000745712
 0.0406174 0.521527 0.379366 0.0568643 0.0016247
 0.151134 0.462217 0.34131 0.0453401 0
 0.294876 0.26143 0.354403 0.0886775 0.000613685
 0.281977 0.475581 0.204845 0.0348837 0.00271318
 0.0841818 0.532909 0.334909 0.0458182 0.00218182
pf_pred 
 0.0123868 0.63703 0.309757 0.0408242 1.67518e-06
 0.0382822 0.0812897 0.567894 0.276139 0.036395
 0.0129481 0.232033 0.0638183 0.445838 0.245362
 0.200321 0.0978193 0.164991 0.0453791 0.49149
 0.608114 0.267755 0.0151841 0.0256109 0.083336
 0.0963874 0.83082 0.0497351 0.00282042 0.0202367
 0.408095 0.305638 0.263205 0.0157562 0.00730453
 0.334852 0.578756 0.0446096 0.0384163 0.00336584
 0.346868 0.560432 0.0806598 0.00621713 0.00582307
 0.437963 0.482959 0.0678545 0.00976591 0.00145777
 0.0744707 0.808911 0.100211 0.0140793 0.00232883
 0.0653271 0.394724 0.471914 0.0584623 0.00957243
 0.28187 0.277084 0.18626 0.222683 0.0321037
 0.162043 0.687211 0.0581637 0.0390985 0.0534834
 0.236609 0.581918 0.148826 0.0125962 0.02005
 0.293791 0.599118 0.0816337 0.0208779 0.00457974
 0.178141 0.664967 0.1331 0.0181358 0.00565568
 0.196434 0.53735 0.215395 0.0431138 0.00770651
 0.164668 0.569206 0.17796 0.0713349 0.0168307
 0.456283 0.343956 0.13612 0.0425574 0.0210839
 0.251021 0.663959 0.0537839 0.0212849 0.00995149
 0.183672 0.586143 0.204056 0.0165295 0.00959992
 0.297911 0.446493 0.183524 0.0638906 0.00818121
 0.17421 0.639309 0.118593 0.0487455 0.0191429
 0.00707477 0.624066 0.285563 0.0529722 0.030324
pobs_RECLAS
 0 0 0 0 0
 0 0 0 0 0
 0 0 0 0 0
 0 0 0 0 0
 0.835266 0.146461 0.0176864 0.000547809 3.91292e-05
 0.385257 0.428462 0.181853 0.0044286 0
 0.867414 0.0963971 0.0333333 0.00285562 0
 0.441836 0.489002 0.0689373 0.000224442 0
 0.779404 0.147425 0.0564933 0.0165055 0.000172143
 0.814271 0.122319 0.05973 0.00367925 0
 0.40263 0.566651 0.0304383 0.000280538 0
 0.475488 0.404961 0.113038 0.00651328 0
 0.955842 0.0263864 0.0167828 0.000988607 0
 0.975058 0.0227948 0.00214734 0 0
 0.738997 0.206755 0.0527124 0.00153531 0
 0.850938 0.134255 0.0134407 0.00136685 0
 0.542534 0.407297 0.0501686 0 0
 0.764087 0.199537 0.0359546 0.000420521 0
 0.470689 0.182191 0.310203 0.0369168 0
 0.84361 0.089868 0.0606195 0.00523954 0.000663233
 0.607945 0.314616 0.071237 0.00620181 0
 0.523733 0.453247 0.0230204 0 0
 0.530135 0.295979 0.169645 0.0042399 0
 0.562478 0.366248 0.0663022 0.0049721 0
 0.250443 0.683176 0.0655157 0.000865301 0
ppred_RECLAS
 0.0681044 0.601091 0.292282 0.038521 1.58068e-06
 0.189205 0.0685329 0.478774 0.232805 0.0306836
 0.075175 0.217405 0.059795 0.417731 0.229894
 0.598805 0.0490754 0.0827752 0.0227665 0.246578
 0.900408 0.0680458 0.0038588 0.00650861 0.0211785
 0.395048 0.556219 0.0332967 0.00188822 0.0135481
 0.80757 0.0993641 0.0855689 0.00512238 0.00237473
 0.762178 0.206933 0.01595 0.0137356 0.00120344
 0.769995 0.19736 0.028405 0.00218941 0.00205064
 0.823592 0.151588 0.0212977 0.00306525 0.000457554
 0.326049 0.589032 0.0729712 0.0102523 0.00169581
 0.295503 0.297518 0.355699 0.0440652 0.00721509
 0.712619 0.110883 0.0745372 0.0891133 0.0128472
 0.572184 0.350853 0.0296953 0.0199616 0.0273058
 0.687122 0.238501 0.0609967 0.0051626 0.00821755
 0.718768 0.238585 0.0325088 0.00831414 0.00182378
 0.56691 0.350414 0.0701392 0.00955692 0.00298034
 0.593554 0.271793 0.108948 0.0218071 0.00389798
 0.540716 0.312962 0.0978464 0.0392215 0.00925389
 0.835182 0.104264 0.0412624 0.0129005 0.00639122
 0.662233 0.299426 0.0242549 0.00959884 0.00448783
 0.568968 0.309491 0.107744 0.00872778 0.00506888
 0.714566 0.181522 0.0746115 0.0259747 0.00332607
 0.554229 0.345107 0.0640177 0.0263134 0.0103336
 0.0404339 0.6031 0.275969 0.0511925 0.0293052
pobs_PELACES
 0 0 0 0 0
 0 0 0 0 0
 0 0 0 0 0
 0 0 0 0 0
 0 0 0 0 0
 0 0 0 0 0
 0 0 0 0 0
 0 0 0 0 0
 0 0 0 0 0
 0 0 0 0 0
 0.450072 0.473896 0.0757376 0.000293798 0
 0 0 0 0 0
 0.463077 0.371075 0.160297 0.00555027 0
 0.529543 0.364841 0.0842815 0.0213345 0
 0.631943 0.363953 0.00410389 0 0
 0.735681 0.248677 0.0153453 0.000297389 0
 0.695825 0.281241 0.0229344 0 0
 0.275771 0.60734 0.115278 0.00161068 0
 0 0 0 0 0
 0.896147 0.0623911 0.0374545 0.00400742 0
 0.803859 0.145111 0.0509908 3.86294e-05 0
 0.739449 0.233085 0.0266225 0.000797448 4.60066e-05
 0.878498 0.100942 0.0204185 0.000141795 0
 0.694673 0.275183 0.0284847 0.00165964 0
 0.469039 0.446079 0.0841089 0.000773354 0
ppred_PELACES
 0.083232 0.591334 0.287537 0.0378957 1.55502e-06
 0.229556 0.0651221 0.454947 0.221218 0.0291565
 0.109948 0.209231 0.0575468 0.402025 0.22125
 0.669558 0.0404207 0.0681773 0.0187515 0.203092
 0.918207 0.055885 0.00316918 0.00534543 0.0173936
 0.490248 0.468688 0.0280569 0.00159107 0.0114161
 0.858833 0.0728938 0.0627736 0.00375779 0.00174211
 0.838377 0.140631 0.0108396 0.00933468 0.000817856
 0.841274 0.136198 0.0196022 0.00151091 0.00141514
 0.865859 0.115268 0.0161948 0.00233083 0.000347926
 0.403478 0.521359 0.0645876 0.0090744 0.00150098
 0.368297 0.266776 0.318945 0.039512 0.00646957
 0.797812 0.0780124 0.052441 0.0626961 0.00903874
 0.71719 0.231933 0.0196302 0.0131957 0.0180506
 0.812526 0.142908 0.0365489 0.0030934 0.0049239
 0.791643 0.176761 0.0240849 0.00615973 0.00135119
 0.649706 0.283423 0.0567303 0.00772986 0.00241057
 0.666675 0.222897 0.0893476 0.0178839 0.00319671
 0.61699 0.260988 0.081597 0.032708 0.0077171
 0.877711 0.0773603 0.0306152 0.00957173 0.00474206
 0.712683 0.254702 0.0206321 0.00816511 0.0038175
 0.628368 0.266841 0.0928961 0.00752503 0.00437035
 0.766351 0.148589 0.061075 0.0212622 0.00272264
 0.618634 0.295246 0.0547684 0.0225116 0.00884058
 0.0527671 0.595348 0.272422 0.0505345 0.0289285
pobs_pel_tallas
 0 0 0 0 0 0 0 0 0 0 0 0 0 0 0 0 0 0 0 0 0 0 0 0 0 0 0 0 0 0 0 0 0 0 0 0
 0 0 0 0 0 0 0 0 0 0 0 0 0 0 0 0 0 0 0 0 0 0 0 0 0 0 0 0 0 0 0 0 0 0 0 0
 0 0 0 0 0 0 0 0 0 0 0 0 0 0 0 0 0 0 0 0 0 0 0 0 0 0 0 0 0 0 0 0 0 0 0 0
 0 0 0 0 0 0 0 0 0 0 0 0 0 0 0 0 0 0 0 0 0 0 0 0 0 0 0 0 0 0 0 0 0 0 0 0
 0 0 0 0 0 0 0 0 0 0 0 0 0 0 0 0 0 0 0 0 0 0 0 0 0 0 0 0 0 0 0 0 0 0 0 0
 0 0 0 0 0 0 0 0 0 0 0 0 0 0 0 0 0 0 0 0 0 0 0 0 0 0 0 0 0 0 0 0 0 0 0 0
 0 0 0 0 0 0 0 0 0 0 0 0 0 0 0 0 0 0 0 0 0 0 0 0 0 0 0 0 0 0 0 0 0 0 0 0
 0 0 0 0 0 0 0 0 0 0 0 0 0 0 0 0 0 0 0 0 0 0 0 0 0 0 0 0 0 0 0 0 0 0 0 0
 0 0 0 0 0 0 0 0 0 0 0 0 0 0 0 0 0 0 0 0 0 0 0 0 0 0 0 0 0 0 0 0 0 0 0 0
 0 0 0 0 0 0 0 0 0 0 0 0 0 0 0 0 0 0 0 0 0 0 0 0 0 0 0 0 0 0 0 0 0 0 0 0
 0 0 0 0 0 0 0 0 1.78061e-05 0.00172719 0.00360574 0.0105946 0.0120993 0.0124554 0.0147524 0.0171206 0.0266825 0.0428682 0.0675386 0.121331 0.153587 0.119568 0.100827 0.0573624 0.0630603 0.0341343 0.0324427 0.0444173 0.0211091 0.0280891 0.0125444 0.00206551 0 0 0 0
 0 0 0 0 0 0 0 0 0 0 0 0 0 0 0 0 0 0 0 0 0 0 0 0 0 0 0 0 0 0 0 0 0 0 0 0
 0 0 0 0 0 0 0.0133647 0.0140871 0.0187388 0.0205184 0.03894 0.0496705 0.03968 0.0493445 0.0407372 0.0367815 0.0215668 0.0243155 0.0234873 0.0199281 0.019796 0.0243948 0.0301388 0.0376714 0.0412746 0.0863199 0.0771752 0.113111 0.0741005 0.0525337 0.0229764 0.00759418 0.00175318 0 0 0
 0 0 0 0 0 0 0 0 0 0 0.00219441 0.00772107 0.0458388 0.0604681 0.0671733 0.0775358 0.0609151 0.0617685 0.073594 0.0568108 0.0755445 0.0548602 0.0670107 0.0636378 0.0643287 0.046367 0.0373049 0.0286899 0.0247887 0.0153202 0.00654259 0.00121912 0.000365735 0 0 0
 0 0 0 0 0 0 0 0 0 0 0 0 0.000112435 0.00938835 0.0111873 0.0202946 0.0414886 0.0713402 0.111592 0.104902 0.108894 0.110636 0.117776 0.105296 0.107544 0.0401394 0.0192827 0.0124803 0.00416011 0.0028671 0.000618394 0 0 0 0 0
 0 0 0 0 0 0 0 0 0 0 0.00291406 0.0102884 0.027416 0.0768956 0.0749926 0.110853 0.0956884 0.0897413 0.0766577 0.0534642 0.0500743 0.0551293 0.0594112 0.0620874 0.0668451 0.0424026 0.0208742 0.0120726 0.0048766 0.00582813 0.00118941 0.000297354 0 0 0 0
 0 0.00264628 0.0354308 0.0461629 0.0458689 0.0383711 0.0214643 0.0164657 0.0346957 0.0420465 0.0363128 0.0245516 0.0311673 0.0291091 0.0169068 0.0133784 0.00837989 0.0085269 0.0148486 0.0160247 0.0276389 0.0546898 0.0760071 0.122758 0.109233 0.0665981 0.0333725 0.0166128 0.00676272 0.00308733 0.000882094 0 0 0 0 0
 0 0 0 0 0 0 0 0.000805153 0.000690131 0.00759144 0.0133425 0.0154129 0.00931677 0.000345066 0.00356568 0.00563607 0.00851162 0.0253048 0.0502646 0.0516448 0.0657925 0.0565908 0.0611916 0.0827007 0.0866115 0.110766 0.145733 0.0935128 0.0569358 0.0249597 0.0138026 0.00621118 0.00161031 0.00115022 0 0
 0 0 0 0 0 0 0 0 0 0 0 0 0 0 0 0 0 0 0 0 0 0 0 0 0 0 0 0 0 0 0 0 0 0 0 0
 0.00147267 0.00158595 0.00478618 0.00569244 0.00954404 0.0108468 0.00647125 0.017049 0.0510054 0.094081 0.124002 0.0959785 0.0687766 0.0820023 0.061753 0.0591476 0.0492212 0.0479892 0.0443925 0.0268479 0.0217502 0.0140895 0.0121071 0.0120363 0.00920419 0.00665534 0.0049561 0.00860946 0.00930331 0.0156896 0.0114698 0.00855282 0.00243557 0.00046729 0 2.83206e-05
 0 0 0 0 0.000772559 0.00158375 0.000888443 0.00281984 0.00712685 0.0440552 0.0773331 0.111326 0.0921469 0.0852325 0.0710754 0.0886704 0.0786465 0.0553345 0.0373146 0.0185414 0.00753245 0.00457741 0.012979 0.0271748 0.0457355 0.0583668 0.034881 0.0177882 0.00938659 0.00492506 0.0015258 0.00185414 0.000309023 5.79419e-05 3.86279e-05 0
 0 0.00173294 0.00326652 0 0.00397197 0.00683976 0.00946217 0.0152591 0.00757587 0.0136028 0.0228656 0.0392903 0.0559909 0.0764795 0.0681675 0.0726916 0.0566044 0.0477403 0.0527397 0.0444891 0.0609904 0.0582453 0.0661739 0.0445044 0.0529084 0.0360697 0.0280645 0.0235558 0.0158879 0.00826598 0.00280645 0.00217768 0.000904811 0.00058276 9.20147e-05 0
 0 0 0 0 0 0 0 0 0 0 0 0 0 0 0 0 0 0 0 0 0 0 0 0 0 0 0 0 0 0 0 0 0 0 0 0
 0 0 0 0 0 0 0 0 0 0 0 0 0 0 0 0 0 0 0 0 0 0 0 0 0 0 0 0 0 0 0 0 0 0 0 0
 0 0 0 0 0 0 0 0 0 0 0 0 0 0 0 0 0 0 0 0 0 0 0 0 0 0 0 0 0 0 0 0 0 0 0 0
ppred_pel_tallas
 1.05577e-16 3.6666e-06 2.14315e-05 0.000101691 0.000391207 0.00121966 0.00308141 0.00630972 0.0104771 0.0141251 0.015515 0.0140283 0.0107907 0.00781066 0.00662426 0.00775953 0.0111031 0.0164047 0.0234382 0.0318953 0.0412513 0.0507326 0.0594021 0.066329 0.0707835 0.0723891 0.0711863 0.0675836 0.0622245 0.0558193 0.0489997 0.0422348 0.0358162 0.0298921 0.0245234 0.0197318
 1.15443e-16 1.00258e-05 5.88139e-05 0.000279518 0.00107607 0.0033555 0.00847571 0.017343 0.0287503 0.0386181 0.0420436 0.0371321 0.0266838 0.0157872 0.00807887 0.00431021 0.00347761 0.00440876 0.00645053 0.0094014 0.0132541 0.018021 0.0236537 0.030012 0.0368539 0.0438391 0.0505473 0.0565109 0.0612621 0.0643905 0.0656018 0.064766 0.0619446 0.0573844 0.0514839 0.0447335
 1.25038e-16 4.81451e-06 2.82097e-05 0.000134002 0.000515758 0.00160818 0.00406231 0.00831373 0.0137876 0.0185368 0.0202257 0.017969 0.013144 0.0082416 0.00507634 0.00409607 0.00491172 0.00703765 0.0101967 0.0142656 0.0191417 0.0246686 0.0306304 0.0367833 0.0428968 0.0487806 0.054287 0.0592861 0.0636293 0.0671218 0.0695211 0.0705686 0.0700467 0.0678392 0.0639792 0.0586635
 1.11115e-16 2.92099e-05 0.000171446 0.000814995 0.00313781 0.00978497 0.0247159 0.0505712 0.0838245 0.112565 0.122469 0.107971 0.0771667 0.0447896 0.0212826 0.00861113 0.00355793 0.00236207 0.00275492 0.0038096 0.00525112 0.00701245 0.00906355 0.0113664 0.0138674 0.0164964 0.0191648 0.0217632 0.0241603 0.0262084 0.0277558 0.0286664 0.0288414 0.0282388 0.026884 0.02487
 1.0106e-16 4.0053e-05 0.000235102 0.00111762 0.00430298 0.0134185 0.033894 0.0693503 0.114951 0.154361 0.167937 0.148041 0.105772 0.0613252 0.0290056 0.0114863 0.00432198 0.0023093 0.00227826 0.00288705 0.00368076 0.00449138 0.0052161 0.00577115 0.00609767 0.0061733 0.00601629 0.00567832 0.00522915 0.0047382 0.00425948 0.0038237 0.00343872 0.00309601 0.00277962 0.00247443
 1.0114e-16 2.14088e-05 0.000125606 0.000596979 0.00229824 0.00716671 0.0181029 0.0370438 0.0614148 0.0825103 0.0898715 0.0794729 0.0573249 0.0343335 0.0183022 0.0108506 0.00979271 0.0124773 0.0172111 0.0230869 0.0294519 0.035613 0.0408107 0.0443356 0.0456864 0.0446906 0.0415473 0.0367696 0.0310532 0.0251133 0.0195439 0.0147345 0.0108546 0.00789287 0.0057238 0.00417444
 1.01126e-16 3.74649e-05 0.000219906 0.00104537 0.00402479 0.012551 0.0317027 0.0648669 0.10752 0.144386 0.157091 0.138495 0.0989855 0.0574586 0.0273069 0.0110445 0.0045295 0.00291054 0.00323355 0.00424605 0.00551327 0.00685556 0.00814208 0.00925166 0.0100838 0.0105756 0.0107103 0.0105135 0.0100408 0.00936041 0.0085385 0.00763115 0.00668268 0.00572832 0.00479808 0.00391903
 1.00559e-16 3.65755e-05 0.000214679 0.00102051 0.00392904 0.0122524 0.0309485 0.0633243 0.104965 0.14096 0.153379 0.135258 0.0967499 0.0563176 0.0270574 0.0114486 0.00547022 0.00439686 0.00533311 0.00701379 0.00893826 0.010828 0.0124431 0.0135687 0.0140532 0.0138417 0.0129894 0.011644 0.0100075 0.00828743 0.00665628 0.00522691 0.00404883 0.00312009 0.00240698 0.00186346
 1.00441e-16 3.67017e-05 0.00021542 0.00102403 0.00394261 0.0122947 0.0310554 0.0635429 0.105328 0.141446 0.153907 0.135721 0.0970759 0.0564967 0.0271237 0.011443 0.00541841 0.00430746 0.00520569 0.00684646 0.00873246 0.0105909 0.0121876 0.0133126 0.0138154 0.013639 0.0128321 0.0115337 0.00993665 0.00824139 0.00661666 0.00517595 0.00397308 0.00301274 0.00226843 0.00170027
 1.00364e-16 3.77728e-05 0.00022171 0.00105394 0.00405778 0.0126539 0.0319625 0.0653989 0.108403 0.145574 0.158393 0.139663 0.0998638 0.0580563 0.0277544 0.0115058 0.00514523 0.00378412 0.00443252 0.00579695 0.00738824 0.00895937 0.0103093 0.0112598 0.0116837 0.0115327 0.0108481 0.00974785 0.00839504 0.00695947 0.00558393 0.00436444 0.00334651 0.00253405 0.00190459 0.00142436
 1.01469e-16 1.76275e-05 0.000103402 0.000491405 0.00189173 0.00589902 0.0149009 0.0304927 0.0505579 0.0679367 0.074031 0.0655443 0.0474502 0.0287643 0.0159623 0.0104404 0.010462 0.013891 0.0193411 0.026015 0.0332562 0.0403131 0.0463435 0.0505526 0.0523691 0.0515802 0.0483806 0.0433119 0.0371207 0.0305819 0.0243463 0.0188494 0.0142948 0.010695 0.00794073 0.0058708
 1.06275e-16 1.60837e-05 9.43604e-05 0.00044847 0.0017265 0.00538381 0.0135993 0.0278276 0.0461339 0.0619763 0.0674947 0.0596595 0.0429783 0.0256343 0.0134802 0.00772898 0.00674864 0.00858429 0.0120379 0.016546 0.0217738 0.0273739 0.0329285 0.0379908 0.0421596 0.0451458 0.0468072 0.0471441 0.0462641 0.0443342 0.0415408 0.0380688 0.0340988 0.0298133 0.0254018 0.0210555
 1.03347e-16 3.48042e-05 0.000204285 0.000971107 0.00373886 0.0116593 0.0294504 0.0602586 0.0998823 0.13413 0.145936 0.128668 0.0919793 0.0534266 0.0254571 0.0104141 0.00445899 0.00309478 0.00358611 0.00477605 0.00626393 0.0078822 0.00950517 0.0110134 0.0123047 0.0133095 0.0139979 0.0143741 0.0144634 0.0142962 0.0138974 0.0132832 0.0124666 0.011465 0.0103084 0.00904195
 1.01652e-16 3.12949e-05 0.000183668 0.000873062 0.00336131 0.0104819 0.0264765 0.054175 0.089803 0.120609 0.131261 0.115818 0.0829846 0.048588 0.0238743 0.011015 0.00662019 0.00668283 0.00872983 0.0116352 0.0148718 0.0180533 0.0207999 0.0227616 0.0236887 0.0234895 0.0222503 0.0202077 0.0176846 0.0150119 0.0124613 0.0102078 0.008324 0.00680139 0.00558361 0.00459858
 1.00902e-16 3.54484e-05 0.000208061 0.000989046 0.00380791 0.0118746 0.0299943 0.061372 0.10173 0.136616 0.148654 0.131097 0.0937853 0.0546163 0.0262864 0.0112038 0.00547789 0.00453534 0.00557545 0.00737496 0.00944783 0.0115187 0.0133448 0.0147043 0.0154334 0.0154619 0.0148271 0.0136584 0.0121409 0.0104705 0.00881367 0.00728537 0.00594456 0.00480482 0.00385161 0.00305881
 1.00675e-16 3.45392e-05 0.00020272 0.000963647 0.0037101 0.0115696 0.029224 0.059796 0.0991183 0.133112 0.14485 0.127763 0.0914444 0.0533423 0.0258398 0.0112984 0.00594148 0.0053215 0.00670661 0.00888533 0.0113459 0.0137663 0.0158491 0.0173231 0.0179936 0.0177866 0.016765 0.0151083 0.013065 0.0108932 0.00880968 0.00695921 0.00540975 0.00416615 0.00319372 0.00244137
 1.01276e-16 2.83545e-05 0.000166401 0.000790957 0.00304517 0.00949602 0.0239863 0.0490803 0.0813601 0.109276 0.118946 0.104995 0.0753247 0.0442942 0.0221209 0.010807 0.00731627 0.00804469 0.0107569 0.0144062 0.0184505 0.0224407 0.025912 0.0284285 0.0296712 0.0295109 0.0280346 0.0255154 0.0223374 0.0189037 0.0155558 0.0125267 0.00993205 0.00779138 0.00606382 0.00468273
 1.02105e-16 2.9092e-05 0.000170736 0.000811581 0.00312459 0.00974372 0.0246119 0.0503599 0.0834793 0.112117 0.122024 0.107676 0.0771703 0.0452239 0.0222981 0.0104216 0.00645623 0.00669178 0.00884431 0.0118799 0.0153162 0.0187935 0.0219471 0.0244283 0.0259692 0.0264386 0.0258649 0.0244155 0.0223448 0.0199285 0.017407 0.0149528 0.012666 0.0105886 0.00872792 0.00707741
 1.02728e-16 2.6927e-05 0.000158022 0.000751129 0.00289183 0.00901784 0.0227785 0.0466088 0.0772629 0.103773 0.112956 0.0997055 0.0715266 0.0420547 0.0209926 0.0102427 0.00692497 0.00762326 0.0102259 0.0137551 0.0177168 0.0217066 0.0253033 0.0281043 0.0298049 0.030263 0.029525 0.0277989 0.0253916 0.0226292 0.0197899 0.017066 0.0145594 0.0123012 0.0102825 0.00848155
 1.01011e-16 3.82881e-05 0.000224739 0.00106835 0.00411326 0.0128269 0.0323995 0.0662927 0.109884 0.147559 0.160543 0.141538 0.10116 0.0587183 0.0279002 0.011273 0.00460101 0.00292155 0.00320936 0.00417659 0.00537046 0.00660001 0.0077276 0.00863141 0.00921863 0.00944312 0.00931293 0.0088831 0.00823766 0.00746713 0.00664955 0.00583984 0.00506886 0.004349 0.00368271 0.00306972
 1.00835e-16 3.10993e-05 0.000182518 0.000867588 0.00334023 0.0104162 0.0263105 0.0538355 0.0892408 0.119856 0.130447 0.115113 0.0825079 0.0483663 0.023872 0.0111923 0.00696769 0.00722112 0.00949224 0.0126482 0.0161384 0.0195417 0.0224375 0.0244388 0.0252707 0.0248349 0.0232332 0.0207364 0.0177141 0.0145472 0.0115525 0.00893835 0.00679708 0.00512601 0.00386303 0.00292198
 1.01869e-16 2.74234e-05 0.000160936 0.00076498 0.00294516 0.00918414 0.0231985 0.0474683 0.0786878 0.105687 0.115039 0.101545 0.0728463 0.0428314 0.0213817 0.0104342 0.00705526 0.00776442 0.0104087 0.0139887 0.0179961 0.0220129 0.0256031 0.0283502 0.0299393 0.0302242 0.0292553 0.0272532 0.0245444 0.0214792 0.0183616 0.0154077 0.0127379 0.0103952 0.00837403 0.00664739
 1.01774e-16 3.34353e-05 0.000196242 0.000932853 0.00359155 0.0111999 0.0282901 0.0578851 0.0959501 0.128856 0.140215 0.123665 0.0884909 0.0515788 0.0249111 0.0107688 0.00549351 0.0047826 0.00600294 0.00800424 0.0103246 0.0126929 0.0148619 0.0165991 0.017725 0.0181496 0.0178869 0.0170416 0.0157749 0.0142616 0.0126534 0.0110587 0.00954037 0.00812582 0.00682292 0.00563323
 1.02061e-16 2.7e-05 0.000158448 0.000753146 0.00289958 0.00904201 0.0228396 0.046734 0.0774715 0.104056 0.11327 0.1 0.071774 0.0422725 0.0212345 0.0105785 0.00742619 0.00835545 0.0112409 0.0150787 0.0193334 0.023547 0.0272405 0.0299632 0.0313847 0.0313698 0.0300062 0.0275708 0.0244536 0.021061 0.017734 0.014701 0.012071 0.00985706 0.00801497 0.00647957
 1.0715e-16 2.33824e-06 1.36327e-05 6.46148e-05 0.000248454 0.000774492 0.00195696 0.00400902 0.00666379 0.00900498 0.00994612 0.00912279 0.00729373 0.00579912 0.00570304 0.00744795 0.0110715 0.0164994 0.0236131 0.0321501 0.0416007 0.0511954 0.0599993 0.0670841 0.0717233 0.0735445 0.0725907 0.0692691 0.064216 0.058127 0.0516119 0.0451134 0.0388957 0.033084 0.0277244 0.0228352
pSPR Fmed_Fpbrs
0.527188   0.350949 0.350949
Fs Fmed_Fpbrs
0.481618   1.005 1.005
SSBpbr Bo_Bmed_Bpbrs
985618  470325  296621 296621
Ro
21590.3
SPR SPRFo_SPRFmed_SPRFpbrs
443958 234049 155806
log_Ro
9.8
likeval ReclasPelacesDesembMPH_pf_preclas_ppelaces_ptallas_desvR_qrecl_qpela
 92.9357 89.2199 0.101197 0.000572938 366.87 196.104 83.4383 0 46.7686 6.98753e-06 0 0 0 0 0
q_reclas_q_pelaces
0.687578 1
M
0.7
N
 7018.02 54131.7 26321.6 3469.03 0.142349
 10387.7 3427.65 23945.7 11643.6 1534.63
 1458.67 5003.22 1376.08 9613.39 5290.63
 7848.82 643.055 1084.64 298.318 3231.01
 55525.5 3664.36 207.801 350.497 1140.49
 17035 27125.8 1623.82 92.0851 660.717
 56164.2 7630.66 6571.26 393.373 182.367
 71584.3 25360.9 1954.78 1683.39 147.49
 94489.4 30563.1 4398.76 339.05 317.56
 215680 40797.8 5731.99 824.972 123.145
 52831.6 99764.1 12359.1 1736.42 287.218
 23294.9 24299.3 29051.1 3598.95 589.28
 54307.2 10746 7223.64 8636.26 1245.07
 22998 23387.9 1979.49 1330.64 1820.2
 14813.1 9060.2 2317.15 196.118 312.169
 15017.4 5718.24 779.147 199.267 43.711
 10154.4 6694.94 1340.06 182.592 56.9418
 9999.04 4638.74 1859.43 372.185 66.5274
 7936.77 4647.36 1452.98 582.424 137.417
 27731 3690.63 1460.56 456.639 226.229
 31192.2 12670.5 1026.37 406.185 189.907
 30312.4 15093.9 5254.68 425.654 247.21
 60573 14576.1 5991.28 2085.76 267.083
 49127.3 28795 5341.51 2195.54 862.213
 1633.95 23403.6 10709.1 1986.55 1137.2
pred_Ctot
 83.2114 4279.42 2080.87 274.247 0.0112535
 225.101 477.987 3339.24 1623.71 214.005
 118.548 2124.4 584.295 4081.92 2246.44
 339.011 165.544 279.221 76.7969 831.768
 648.401 285.494 16.19 27.3076 88.8569
 1207.27 10406.2 622.941 35.3263 253.468
 3683.26 2758.53 2375.55 142.207 65.9269
 7282.1 12586.3 970.136 835.447 73.1976
 8941.06 14446 2079.13 160.256 150.099
 10672.9 11769.4 1653.57 237.989 35.5249
 2816.41 30592.2 3789.86 532.466 88.0741
 1195.3 7222.31 8634.66 1069.69 175.148
 5227.85 5139.09 3454.57 4130.12 595.43
 3464.08 14690.8 1243.39 835.827 1143.34
 2406.42 5918.36 1513.62 128.109 203.917
 1111.16 2265.95 308.75 78.963 17.3212
 587.58 2193.33 439.018 59.819 18.6547
 462.319 1264.69 506.946 101.471 18.1377
 364.379 1259.55 393.792 157.851 37.2432
 1601.15 1206.98 477.659 149.338 73.9857
 573.879 1517.93 122.96 48.661 22.7509
 691.449 2206.59 768.185 62.2267 36.1397
 1865.13 2795.36 1148.99 400 51.2201
 1440.52 5286.36 980.624 403.069 158.29
 55.4736 4893.33 2239.11 415.358 237.772
F
 0.0166083 0.115631 0.115631 0.115631 0.115631
 0.0305407 0.212631 0.212631 0.212631 0.212631
 0.119047 0.828836 0.828836 0.828836 0.828836
 0.0617112 0.429648 0.429648 0.429648 0.429648
 0.0163553 0.11387 0.11387 0.11387 0.11387
 0.103096 0.717781 0.717781 0.717781 0.717781
 0.0950693 0.661895 0.661895 0.661895 0.661895
 0.151085 1.05189 1.05189 1.05189 1.05189
 0.139859 0.973729 0.973729 0.973729 0.973729
 0.0709881 0.494236 0.494236 0.494236 0.494236
 0.0766638 0.533752 0.533752 0.533752 0.533752
 0.0736957 0.513087 0.513087 0.513087 0.513087
 0.14244 0.9917 0.9917 0.9917 0.9917
 0.231517 1.61188 1.61188 1.61188 1.61188
 0.251851 1.75345 1.75345 1.75345 1.75345
 0.10786 0.750943 0.750943 0.750943 0.750943
 0.0834621 0.581083 0.581083 0.581083 0.581083
 0.0661893 0.460825 0.460825 0.460825 0.460825
 0.0657088 0.45748 0.45748 0.45748 0.45748
 0.0832732 0.579768 0.579768 0.579768 0.579768
 0.0258764 0.180158 0.180158 0.180158 0.180158
 0.0321715 0.223985 0.223985 0.223985 0.223985
 0.0436466 0.303878 0.303878 0.303878 0.303878
 0.0415251 0.289107 0.289107 0.289107 0.289107
 0.0482212 0.335727 0.335727 0.335727 0.335727
YTP_r0W_actual
 621.305 107653 73890.7 17071.2 10176.6
YTP_p0W_proyectada
 19470 7980.33 125009 74619.7 21428.3
 19470 104252 2114.9 29642.2 18313.6
CTP_r0_actual
 55.4736 4893.33 2239.11 415.358 237.772
CTP_p0_proyectada
 2290.58 372.912 4006.71 1833.41 460.823
 2290.58 4871.59 67.7852 728.309 393.841
Wmedp
 8.5 21.4 31.2 40.7 46.5
nmprior
 10.6 11 7 0
nm_flota  nm_reclas  nm_pelaces    nm_pelaL
inf 26.3764 19.066 46.1676
cv_recla  cv_pelaces  cv_mph
0.872 1.07103 0.77659
 ------------------------------------------------
Talla a la edad & desviaci?n 
 7.2 14.2025 17.0495 18.207 18.6776
 1.08 2.13037 2.55742 2.73105 2.80164
