years
 1997 1998 1999 2000 2001 2002 2003 2004 2005 2006 2007 2008 2009 2010 2011 2012 2013 2014 2015 2016 2017 2018 2019 2020 2021
reclasobs
 0 0 0 370054 412103 1.49427e+06 250295 1.28982e+06 931140 785840 897777 1.04006e+06 184774 17550 25797 100020 73551 82996 120727 218422 84188 347160 605670 569463 516374
reclaspred
 566538 113980 179703 126657 262486 283740 632852 482079 668441 887355 743622 493678 314139 137884 87350.1 83796.7 97673.5 121249 113513 181792 287252 254479 430715 505924 455618
pelacesobs
 0 0 0 0 0 0 0 0 0 2.06254e+06 1.5e+06 0 1.87456e+06 323000 250000 174000 83755 137374 0 501740 490994 745055 786931 1.00524e+06 1.33801e+06
pelacespred
 680141 168604 119780 152048 285756 245055 703857 572722 770887 1.01643e+06 775581 535981 343635 121729 75956.1 78738.7 96178.1 122188 116698 181355 324172 280820 374384 520120 462952
mphobs
 0 0 0 0 0 112323 0 153150 637223 0 255016 313432 73983 77613 109348 50772 0 0 0 0 0 0 0 0 0
mphpred
 728330 317191 244328 149789 217758 448433 580644 713395 709952 952264 1.28875e+06 933423 556954 302618 132030 104441 121155 153694 173176 180891 319234 401285 478280 665605 806412
desembarqueobs
 350755 77701 442110 56441 14545 235359 269955 359681 431902 328805 639364 411747 362871 311530 167758 66681 60226 58785 57116 73181 50977 67692 138656 160484 209506
desembarquepred
 350735 77672 441675 56429.5 14544.7 235334 269941 359431 431683 328662 638969 411607 362638 311374 167555 66657.4 60225.2 58765 57091.8 73147.2 50970 67668.5 138618 160448 209464
Reclutas
 21850.6 38487.7 8676.7 29897.9 60260.8 30717.6 64703.5 78570.7 120599 183459 63963.1 33856.5 47888.4 22224.2 15228.4 16810.2 12059.3 12321.1 11834.1 30687.7 35972.2 40316.9 69835.8 67258.4 8376.95
log_desv_Rt
 -0.408016 0.158093 -1.3316 -0.0944566 0.606437 -0.0674084 0.677571 0.871754 1.30023 1.71975 0.666062 0.0298858 0.376628 -0.391064 -0.76908 -0.67026 -1.00241 -0.98093 -1.02126 -0.0683812 0.0905007 0.204526 0.753902 0.716297 -1.36676
SSB
 728330 317191 244328 149789 217758 448433 580644 713395 709952 952264 1.28875e+06 933423 556954 302618 132030 104441 121155 153694 173176 180891 319234 401285 478280 665605 806412
BT
 1.4583e+06 447910 446588 332653 523490 622270 1.44882e+06 1.42255e+06 1.77284e+06 2.12828e+06 1.94787e+06 1.33144e+06 972016 515903 276452 195869 221108 266100 258499 384617 621186 566843 766568 1.063e+06 995662
Ftot
 0.383178 0.565157 1.3317 0.472952 0.0615714 0.495141 0.370921 0.685365 0.665347 0.3726 0.526404 0.479706 0.817928 1.41017 1.51411 0.644867 0.479956 0.358208 0.333301 0.382901 0.142675 0.180682 0.228953 0.225061 0.237519
BD_Bspro_t
 0.945743 0.693205 0.533418 0.264374 0.473398 0.69881 0.611311 0.623775 0.587649 0.610303 0.64973 0.497229 0.376679 0.279629 0.163501 0.16279 0.243064 0.3679 0.453609 0.523533 0.680693 0.776113 0.775275 0.777127 0.75967
BD_Bspro
 1.07791 0.469435 0.361599 0.221684 0.322277 0.663671 0.859339 1.05581 1.05071 1.40933 1.90733 1.38144 0.824279 0.447867 0.195402 0.15457 0.179307 0.227463 0.256297 0.267714 0.472459 0.593892 0.707843 0.985079 1.19347
BD_Bo
 0.790289 0.344174 0.265113 0.162532 0.236283 0.486582 0.63004 0.774084 0.770348 1.03327 1.39839 1.01283 0.604334 0.328362 0.143262 0.113326 0.131462 0.166769 0.187908 0.196279 0.346392 0.435422 0.518968 0.722228 0.875014
BD_Brms
 2.64366 1.15133 0.886851 0.543698 0.790411 1.62771 2.1076 2.58945 2.57696 3.45649 4.67787 3.3881 2.02161 1.09843 0.479239 0.379096 0.439765 0.557873 0.628589 0.656591 1.15874 1.45657 1.73604 2.41599 2.92708
S_f
 0.149992 1 1 1 1
 0.149992 1 1 1 1
 0.149992 1 1 1 1
 0.149992 1 1 1 1
 0.149992 1 1 1 1
 0.149992 1 1 1 1
 0.149992 1 1 1 1
 0.149992 1 1 1 1
 0.149992 1 1 1 1
 0.149992 1 1 1 1
 0.149992 1 1 1 1
 0.149992 1 1 1 1
 0.149992 1 1 1 1
 0.149992 1 1 1 1
 0.149992 1 1 1 1
 0.149992 1 1 1 1
 0.149992 1 1 1 1
 0.149992 1 1 1 1
 0.149992 1 1 1 1
 0.149992 1 1 1 1
 0.149992 1 1 1 1
 0.149992 1 1 1 1
 0.149992 1 1 1 1
 0.149992 1 1 1 1
 0.149992 1 1 1 1
Scru_reclas
 1 1 1 1 1
 1 1 1 1 1
 1 1 1 1 1
 1 1 1 1 1
 1 1 1 1 1
 1 1 1 1 1
 1 1 1 1 1
 1 1 1 1 1
 1 1 1 1 1
 1 1 1 1 1
 1 1 1 1 1
 1 1 1 1 1
 1 1 1 1 1
 1 1 1 1 1
 1 1 1 1 1
 1 1 1 1 1
 1 1 1 1 1
 1 1 1 1 1
 1 1 1 1 1
 1 1 1 1 1
 1 1 1 1 1
 1 1 1 1 1
 1 1 1 1 1
 1 1 1 1 1
 1 1 1 1 1
Scru_pelaces
 1 1 1 1 1
 1 1 1 1 1
 1 1 1 1 1
 1 1 1 1 1
 1 1 1 1 1
 1 1 1 1 1
 1 1 1 1 1
 1 1 1 1 1
 1 1 1 1 1
 1 1 1 1 1
 1 1 1 1 1
 1 1 1 1 1
 1 1 1 1 1
 1 1 1 1 1
 1 1 1 1 1
 1 1 1 1 1
 1 1 1 1 1
 1 1 1 1 1
 1 1 1 1 1
 1 1 1 1 1
 1 1 1 1 1
 1 1 1 1 1
 1 1 1 1 1
 1 1 1 1 1
 1 1 1 1 1
pf_obs 
 0.256992 0.487395 0.22802 0.0275931 0
 0.321318 0.546541 0.124235 0.00734118 0.000564706
 0.182869 0.594174 0.210203 0.0122559 0.00049798
 0.330522 0.361315 0.267642 0.0388342 0.00168674
 0.649043 0.306663 0.0425973 0.00169635 0
 0.582887 0.30429 0.105238 0.00758474 0
 0.465427 0.430635 0.0974691 0.00646863 0
 0.296916 0.608066 0.0921331 0.00288517 0
 0.311714 0.524322 0.152257 0.0117073 0
 0.15457 0.633149 0.183074 0.0267441 0.00246327
 0.131901 0.49318 0.331252 0.0422183 0.00144891
 0.196976 0.569456 0.194076 0.0375587 0.00193317
 0.518974 0.381816 0.0799577 0.0180837 0.00116848
 0.0928022 0.601141 0.25162 0.0475244 0.00691264
 0.122501 0.610282 0.24278 0.0234846 0.000952079
 0.383417 0.481906 0.127806 0.00687128 0
 0.0376549 0.599619 0.316969 0.0457579 0
 0.0361596 0.667082 0.258105 0.0386534 0
 0.158088 0.579412 0.248529 0.0139706 0
 0.0477256 0.309471 0.559284 0.082774 0.000745712
 0.0406174 0.521527 0.379366 0.0568643 0.0016247
 0.151134 0.462217 0.34131 0.0453401 0
 0.294876 0.26143 0.354403 0.0886775 0.000613685
 0.281977 0.475581 0.204845 0.0348837 0.00271318
 0.0841818 0.532909 0.334909 0.0458182 0.00218182
pf_pred 
 0.120749 0.59332 0.252828 0.0330955 6.92816e-06
 0.265335 0.385554 0.235581 0.100387 0.0131435
 0.0800316 0.700274 0.115296 0.0704479 0.03395
 0.447606 0.297444 0.194066 0.0319518 0.0289316
 0.36838 0.550851 0.0434913 0.0283757 0.00890217
 0.129178 0.696804 0.151765 0.0119823 0.0102704
 0.304235 0.388285 0.246036 0.0535871 0.00785726
 0.276931 0.562199 0.0897765 0.0568866 0.0142067
 0.336646 0.519124 0.112141 0.0179076 0.0141809
 0.323994 0.557808 0.0924985 0.0199815 0.0057176
 0.0962356 0.716795 0.154279 0.0255832 0.00710787
 0.0896277 0.436505 0.375834 0.0808924 0.0171408
 0.216413 0.355749 0.20514 0.176627 0.0460716
 0.155204 0.621606 0.101328 0.0584302 0.0634315
 0.229886 0.554854 0.15839 0.0258192 0.0310512
 0.299878 0.571634 0.092573 0.0264261 0.00948839
 0.18431 0.650588 0.134802 0.0218305 0.00846932
 0.198542 0.525913 0.219772 0.045537 0.0102355
 0.186353 0.53944 0.179933 0.0751917 0.0190817
 0.377837 0.399666 0.147514 0.049204 0.0257797
 0.247061 0.624954 0.082215 0.030345 0.0154249
 0.20577 0.556625 0.197217 0.0259446 0.0144436
 0.276387 0.472728 0.175829 0.0622978 0.012758
 0.1948 0.595753 0.13683 0.0508932 0.0217246
 0.0265548 0.62556 0.257394 0.059117 0.0313744
pobs_RECLAS
 0 0 0 0 0
 0 0 0 0 0
 0 0 0 0 0
 0 0 0 0 0
 0.835266 0.146461 0.0176864 0.000547809 3.91292e-05
 0.385257 0.428462 0.181853 0.0044286 0
 0.867414 0.0963971 0.0333333 0.00285562 0
 0.441836 0.489002 0.0689373 0.000224442 0
 0.779404 0.147425 0.0564933 0.0165055 0.000172143
 0.814271 0.122319 0.05973 0.00367925 0
 0.40263 0.566651 0.0304383 0.000280538 0
 0.475488 0.404961 0.113038 0.00651328 0
 0.955842 0.0263864 0.0167828 0.000988607 0
 0.975058 0.0227948 0.00214734 0 0
 0.738997 0.206755 0.0527124 0.00153531 0
 0.850938 0.134255 0.0134407 0.00136685 0
 0.542534 0.407297 0.0501686 0 0
 0.764087 0.199537 0.0359546 0.000420521 0
 0.470689 0.182191 0.310203 0.0369168 0
 0.84361 0.089868 0.0606195 0.00523954 0.000663233
 0.607945 0.314616 0.071237 0.00620181 0
 0.523733 0.453247 0.0230204 0 0
 0.530135 0.295979 0.169645 0.0042399 0
 0.562478 0.366248 0.0663022 0.0049721 0
 0.250443 0.683176 0.0655157 0.000865301 0
ppred_RECLAS
 0.484116 0.34812 0.148342 0.0194182 4.06497e-06
 0.714847 0.149649 0.0914382 0.038964 0.00510151
 0.398477 0.457876 0.0753866 0.0460625 0.0221983
 0.847982 0.081856 0.0534066 0.00879308 0.00796193
 0.795951 0.177956 0.0140501 0.00916696 0.00287591
 0.505723 0.395505 0.0861417 0.00680114 0.00582949
 0.749062 0.140041 0.0887363 0.019327 0.00283384
 0.72898 0.210723 0.03365 0.0213222 0.00532496
 0.780551 0.171735 0.0370982 0.00592415 0.00469129
 0.765933 0.193141 0.0320276 0.00691862 0.00197972
 0.424128 0.456737 0.0983053 0.0163015 0.00452909
 0.404103 0.28572 0.246007 0.0529492 0.0112198
 0.662993 0.153001 0.088227 0.0759641 0.0198146
 0.586018 0.30461 0.0496547 0.028633 0.0310838
 0.700392 0.215862 0.0616205 0.0100448 0.0120803
 0.749743 0.20433 0.0330901 0.00944596 0.00339161
 0.608831 0.311993 0.0646452 0.0104689 0.00406151
 0.628179 0.243987 0.101959 0.021126 0.00474855
 0.609226 0.25908 0.0864174 0.0361127 0.00916446
 0.805813 0.124742 0.0460413 0.0153573 0.00804625
 0.68797 0.258991 0.0340712 0.0125755 0.00639231
 0.635697 0.255317 0.0904608 0.0119005 0.00662509
 0.720722 0.182449 0.0678612 0.0240438 0.00492394
 0.620371 0.280881 0.0645113 0.0239947 0.0102426
 0.155704 0.542566 0.223245 0.0512738 0.0272119
pobs_PELACES
 0 0 0 0 0
 0 0 0 0 0
 0 0 0 0 0
 0 0 0 0 0
 0 0 0 0 0
 0 0 0 0 0
 0 0 0 0 0
 0 0 0 0 0
 0 0 0 0 0
 0 0 0 0 0
 0.450072 0.473896 0.0757376 0.000293798 0
 0 0 0 0 0
 0.463077 0.371075 0.160297 0.00555027 0
 0.529543 0.364841 0.0842815 0.0213345 0
 0.631943 0.363953 0.00410389 0 0
 0.735681 0.248677 0.0153453 0.000297389 0
 0.695825 0.281241 0.0229344 0 0
 0.275771 0.60734 0.115278 0.00161068 0
 0 0 0 0 0
 0.896147 0.0623911 0.0374545 0.00400742 0
 0.803859 0.145111 0.0509908 3.86294e-05 0
 0.739449 0.233085 0.0266225 0.000797448 4.60066e-05
 0.878498 0.100942 0.0204185 0.000141795 0
 0.694673 0.275183 0.0284847 0.00165964 0
 0.469039 0.446079 0.0841089 0.000773354 0
ppred_PELACES
 0.510979 0.329992 0.140618 0.018407 3.8533e-06
 0.746034 0.133282 0.0814377 0.0347026 0.00454357
 0.490433 0.387879 0.063862 0.0390208 0.0188048
 0.864306 0.0730661 0.0476717 0.00784886 0.00710696
 0.798742 0.175522 0.013858 0.00904159 0.00283658
 0.540357 0.367791 0.0801057 0.00632458 0.00542101
 0.768109 0.129412 0.0820012 0.01786 0.00261875
 0.765253 0.18252 0.0291463 0.0184684 0.00461226
 0.810846 0.148028 0.0319769 0.00510634 0.00404367
 0.784147 0.178111 0.0295353 0.00638022 0.00182566
 0.460534 0.427862 0.0920905 0.0152709 0.00424276
 0.436879 0.270005 0.232476 0.0500369 0.0106026
 0.7122 0.130661 0.0753449 0.0648725 0.0169214
 0.67767 0.237172 0.0386616 0.0222939 0.0242021
 0.781406 0.157493 0.0449584 0.0073287 0.00881379
 0.782131 0.177885 0.0288076 0.00822347 0.00295267
 0.640384 0.286827 0.0594308 0.00962449 0.0037339
 0.65133 0.228796 0.0956109 0.0198106 0.00445289
 0.631242 0.244483 0.0815485 0.0340781 0.00864812
 0.82207 0.114299 0.0421869 0.0140716 0.00737264
 0.696496 0.251914 0.0331403 0.0122318 0.00621765
 0.647351 0.247149 0.0875668 0.0115197 0.00641314
 0.733464 0.174125 0.0647651 0.0229468 0.00469929
 0.635122 0.269967 0.0620047 0.0230624 0.00984457
 0.164665 0.536807 0.220875 0.0507296 0.0269231
pobs_pel_tallas
 0 0 0 0 0 0 0 0 0 0 0 0 0 0 0 0 0 0 0 0 0 0 0 0 0 0 0 0 0 0 0 0 0 0 0 0
 0 0 0 0 0 0 0 0 0 0 0 0 0 0 0 0 0 0 0 0 0 0 0 0 0 0 0 0 0 0 0 0 0 0 0 0
 0 0 0 0 0 0 0 0 0 0 0 0 0 0 0 0 0 0 0 0 0 0 0 0 0 0 0 0 0 0 0 0 0 0 0 0
 0 0 0 0 0 0 0 0 0 0 0 0 0 0 0 0 0 0 0 0 0 0 0 0 0 0 0 0 0 0 0 0 0 0 0 0
 0 0 0 0 0 0 0 0 0 0 0 0 0 0 0 0 0 0 0 0 0 0 0 0 0 0 0 0 0 0 0 0 0 0 0 0
 0 0 0 0 0 0 0 0 0 0 0 0 0 0 0 0 0 0 0 0 0 0 0 0 0 0 0 0 0 0 0 0 0 0 0 0
 0 0 0 0 0 0 0 0 0 0 0 0 0 0 0 0 0 0 0 0 0 0 0 0 0 0 0 0 0 0 0 0 0 0 0 0
 0 0 0 0 0 0 0 0 0 0 0 0 0 0 0 0 0 0 0 0 0 0 0 0 0 0 0 0 0 0 0 0 0 0 0 0
 0 0 0 0 0 0 0 0 0 0 0 0 0 0 0 0 0 0 0 0 0 0 0 0 0 0 0 0 0 0 0 0 0 0 0 0
 0 0 0 0 0 0 0 0 0 0 0 0 0 0 0 0 0 0 0 0 0 0 0 0 0 0 0 0 0 0 0 0 0 0 0 0
 0 0 0 0 0 0 0 0 1.78061e-05 0.00172719 0.00360574 0.0105946 0.0120993 0.0124554 0.0147524 0.0171206 0.0266825 0.0428682 0.0675386 0.121331 0.153587 0.119568 0.100827 0.0573624 0.0630603 0.0341343 0.0324427 0.0444173 0.0211091 0.0280891 0.0125444 0.00206551 0 0 0 0
 0 0 0 0 0 0 0 0 0 0 0 0 0 0 0 0 0 0 0 0 0 0 0 0 0 0 0 0 0 0 0 0 0 0 0 0
 0 0 0 0 0 0 0.0133647 0.0140871 0.0187388 0.0205184 0.03894 0.0496705 0.03968 0.0493445 0.0407372 0.0367815 0.0215668 0.0243155 0.0234873 0.0199281 0.019796 0.0243948 0.0301388 0.0376714 0.0412746 0.0863199 0.0771752 0.113111 0.0741005 0.0525337 0.0229764 0.00759418 0.00175318 0 0 0
 0 0 0 0 0 0 0 0 0 0 0.00219441 0.00772107 0.0458388 0.0604681 0.0671733 0.0775358 0.0609151 0.0617685 0.073594 0.0568108 0.0755445 0.0548602 0.0670107 0.0636378 0.0643287 0.046367 0.0373049 0.0286899 0.0247887 0.0153202 0.00654259 0.00121912 0.000365735 0 0 0
 0 0 0 0 0 0 0 0 0 0 0 0 0.000112435 0.00938835 0.0111873 0.0202946 0.0414886 0.0713402 0.111592 0.104902 0.108894 0.110636 0.117776 0.105296 0.107544 0.0401394 0.0192827 0.0124803 0.00416011 0.0028671 0.000618394 0 0 0 0 0
 0 0 0 0 0 0 0 0 0 0 0.00291406 0.0102884 0.027416 0.0768956 0.0749926 0.110853 0.0956884 0.0897413 0.0766577 0.0534642 0.0500743 0.0551293 0.0594112 0.0620874 0.0668451 0.0424026 0.0208742 0.0120726 0.0048766 0.00582813 0.00118941 0.000297354 0 0 0 0
 0 0.00264628 0.0354308 0.0461629 0.0458689 0.0383711 0.0214643 0.0164657 0.0346957 0.0420465 0.0363128 0.0245516 0.0311673 0.0291091 0.0169068 0.0133784 0.00837989 0.0085269 0.0148486 0.0160247 0.0276389 0.0546898 0.0760071 0.122758 0.109233 0.0665981 0.0333725 0.0166128 0.00676272 0.00308733 0.000882094 0 0 0 0 0
 0 0 0 0 0 0 0 0.000805153 0.000690131 0.00759144 0.0133425 0.0154129 0.00931677 0.000345066 0.00356568 0.00563607 0.00851162 0.0253048 0.0502646 0.0516448 0.0657925 0.0565908 0.0611916 0.0827007 0.0866115 0.110766 0.145733 0.0935128 0.0569358 0.0249597 0.0138026 0.00621118 0.00161031 0.00115022 0 0
 0 0 0 0 0 0 0 0 0 0 0 0 0 0 0 0 0 0 0 0 0 0 0 0 0 0 0 0 0 0 0 0 0 0 0 0
 0.00147267 0.00158595 0.00478618 0.00569244 0.00954404 0.0108468 0.00647125 0.017049 0.0510054 0.094081 0.124002 0.0959785 0.0687766 0.0820023 0.061753 0.0591476 0.0492212 0.0479892 0.0443925 0.0268479 0.0217502 0.0140895 0.0121071 0.0120363 0.00920419 0.00665534 0.0049561 0.00860946 0.00930331 0.0156896 0.0114698 0.00855282 0.00243557 0.00046729 0 2.83206e-05
 0 0 0 0 0.000772559 0.00158375 0.000888443 0.00281984 0.00712685 0.0440552 0.0773331 0.111326 0.0921469 0.0852325 0.0710754 0.0886704 0.0786465 0.0553345 0.0373146 0.0185414 0.00753245 0.00457741 0.012979 0.0271748 0.0457355 0.0583668 0.034881 0.0177882 0.00938659 0.00492506 0.0015258 0.00185414 0.000309023 5.79419e-05 3.86279e-05 0
 0 0.00173294 0.00326652 0 0.00397197 0.00683976 0.00946217 0.0152591 0.00757587 0.0136028 0.0228656 0.0392903 0.0559909 0.0764795 0.0681675 0.0726916 0.0566044 0.0477403 0.0527397 0.0444891 0.0609904 0.0582453 0.0661739 0.0445044 0.0529084 0.0360697 0.0280645 0.0235558 0.0158879 0.00826598 0.00280645 0.00217768 0.000904811 0.00058276 9.20147e-05 0
 0 0 0 0 0 0 0 0 0 0 0 0 0 0 0 0 0 0 0 0 0 0 0 0 0 0 0 0 0 0 0 0 0 0 0 0
 0 0 0 0 0 0 0 0 0 0 0 0 0 0 0 0 0 0 0 0 0 0 0 0 0 0 0 0 0 0 0 0 0 0 0 0
 0 0 0 0 0 0 0 0 0 0 0 0 0 0 0 0 0 0 0 0 0 0 0 0 0 0 0 0 0 0 0 0 0 0 0 0
ppred_pel_tallas
 1.02737e-16 2.23074e-05 0.000130894 0.000622146 0.00239518 0.00746905 0.0188665 0.0386051 0.0639989 0.085969 0.0936047 0.0826932 0.059472 0.035269 0.0181668 0.00979678 0.00783079 0.00948333 0.013018 0.0175888 0.022692 0.0278434 0.03251 0.0361739 0.0384353 0.0390966 0.0381972 0.0359842 0.0328359 0.0291646 0.0253327 0.0216048 0.018138 0.0150027 0.0122158 0.00977038
 1.02605e-16 3.25488e-05 0.000191039 0.000908119 0.00349632 0.010903 0.02754 0.0563502 0.0934057 0.125438 0.136494 0.120379 0.0861304 0.0501846 0.0242044 0.0104086 0.00523555 0.00449952 0.00564477 0.007565 0.00982966 0.0121976 0.01445 0.0163759 0.0178044 0.0186354 0.0188539 0.0185205 0.017744 0.0166488 0.0153463 0.0139209 0.0124296 0.0109113 0.00939798 0.00792281
 1.03253e-16 2.14136e-05 0.000125642 0.000597166 0.00229899 0.00716906 0.0181088 0.0370552 0.0614314 0.082526 0.0898712 0.0794313 0.0572051 0.0340827 0.0178445 0.0100821 0.00858359 0.0106863 0.0147123 0.0198079 0.0254143 0.0309658 0.0358423 0.039456 0.0413766 0.0414292 0.0397301 0.0366421 0.0326732 0.02835 0.0241106 0.0202436 0.0168808 0.0140301 0.0116277 0.00958665
 1.01303e-16 3.77035e-05 0.000221307 0.00105203 0.00405044 0.012631 0.0319047 0.0652803 0.108206 0.145306 0.158091 0.139376 0.0996131 0.0578186 0.0274696 0.0110949 0.00452467 0.00287467 0.00316985 0.00414781 0.00536976 0.00665488 0.0078734 0.00890755 0.00966275 0.0100841 0.0101641 0.0099376 0.00946718 0.00882441 0.0080743 0.00726682 0.00643618 0.00560523 0.00479148 0.00401139
 1.00698e-16 3.48486e-05 0.000204537 0.000972286 0.00374337 0.0116734 0.029486 0.0603321 0.100007 0.134305 0.146147 0.128905 0.0922569 0.0538066 0.0260464 0.0113569 0.00592535 0.00526203 0.00660893 0.00874325 0.0111499 0.013507 0.0155197 0.0169208 0.0175208 0.0172516 0.0161823 0.0144979 0.0124506 0.0103004 0.00826286 0.00647915 0.00501119 0.00385636 0.00297218 0.00230061
 1.01728e-16 2.35898e-05 0.00013842 0.000657917 0.0025329 0.00789851 0.0199513 0.0408249 0.0676793 0.0909137 0.0989909 0.087457 0.0629097 0.0373303 0.0192679 0.0104483 0.00840665 0.0101887 0.013941 0.0187423 0.0240247 0.0292377 0.0337839 0.0370975 0.0387625 0.0386075 0.0367416 0.0335142 0.0294196 0.0249777 0.0206302 0.0166797 0.0132788 0.0104566 0.00816436 0.00632024
 1.01943e-16 3.35112e-05 0.000196689 0.000934983 0.00359976 0.0112255 0.0283547 0.0580172 0.0961686 0.129148 0.140528 0.123932 0.0886608 0.0516357 0.0248603 0.0106145 0.00522581 0.00437999 0.00544225 0.0072728 0.0094311 0.011675 0.013788 0.0155627 0.016832 0.0175001 0.0175563 0.0170666 0.0161469 0.0149298 0.0135363 0.0120601 0.0105655 0.00909486 0.00767899 0.00634479
 1.01324e-16 3.33887e-05 0.000195965 0.000931533 0.00358645 0.011184 0.02825 0.0578032 0.0958154 0.128678 0.140028 0.123517 0.0884219 0.0516125 0.0250646 0.0110674 0.00597726 0.00550108 0.00700163 0.00930697 0.0119161 0.0145058 0.0167732 0.0184396 0.0193023 0.01928 0.0184288 0.0169221 0.0150022 0.0129205 0.0108868 0.00904018 0.00744493 0.0061059 0.00499278 0.00406303
 1.00867e-16 3.53754e-05 0.000207632 0.000987004 0.00380004 0.0118501 0.0299324 0.0612453 0.10152 0.136334 0.148349 0.130831 0.0936009 0.0545211 0.0262632 0.0112325 0.00554814 0.00464699 0.00573327 0.00758297 0.00970516 0.0118171 0.0136679 0.0150287 0.0157321 0.0157088 0.0150013 0.0137484 0.0121462 0.0104008 0.00868649 0.007122 0.00576633 0.00462995 0.00369334 0.00292488
 1.00782e-16 3.42124e-05 0.000200802 0.000954526 0.00367498 0.0114601 0.0289473 0.05923 0.0981802 0.131853 0.143481 0.126557 0.0905859 0.052851 0.0256196 0.011233 0.00595217 0.00537394 0.00679357 0.00901122 0.0115186 0.0139934 0.0161367 0.0176745 0.0184087 0.0182613 0.0172914 0.0156749 0.0136573 0.0114946 0.00940239 0.00752611 0.00593555 0.00463875 0.00360516 0.00278818
 1.0217e-16 2.01116e-05 0.000117994 0.000560798 0.00215895 0.00673234 0.0170057 0.0347985 0.0576922 0.0775087 0.0844228 0.0746526 0.0538437 0.0322407 0.0171745 0.0101685 0.00917397 0.0117106 0.0162037 0.0218245 0.0279878 0.0340719 0.0393862 0.0432735 0.0452501 0.045116 0.0429964 0.0392951 0.0345838 0.0294631 0.0244425 0.0198708 0.0159227 0.0126312 0.00994052 0.00775772
 1.05603e-16 1.90741e-05 0.000111917 0.000531935 0.00204787 0.00638598 0.0161307 0.033007 0.0547186 0.0735033 0.0800329 0.0707061 0.0508572 0.0301739 0.0155716 0.00845408 0.00684563 0.00838763 0.0116278 0.0158839 0.0207717 0.0259214 0.030909 0.0352979 0.0387166 0.0409251 0.0418468 0.0415549 0.0402263 0.0380811 0.0353332 0.0321631 0.0287168 0.0251183 0.0214851 0.0179354
 1.04132e-16 3.10732e-05 0.000182376 0.000866939 0.00333777 0.0104085 0.0262911 0.0537948 0.0891701 0.119751 0.130306 0.114925 0.0822356 0.0479302 0.0231456 0.0100038 0.00510923 0.00447173 0.00565753 0.00761659 0.00994354 0.0124127 0.014818 0.0169591 0.0186704 0.0198502 0.020473 0.0205792 0.0202497 0.0195755 0.018633 0.0174755 0.0161361 0.014641 0.0130223 0.0113255
 1.02524e-16 2.95719e-05 0.000173552 0.000824967 0.00317613 0.00990444 0.0250179 0.0511906 0.0848566 0.113967 0.124039 0.109457 0.0784534 0.0459887 0.0226979 0.0106437 0.0066348 0.00689563 0.00909616 0.0121723 0.0156171 0.0190473 0.0220789 0.0243534 0.0256087 0.0257376 0.0248092 0.0230412 0.0207382 0.0182142 0.0157284 0.0134485 0.0114477 0.00972568 0.00824143 0.00694319
 1.01354e-16 3.40921e-05 0.000200097 0.000951179 0.00366211 0.01142 0.0288459 0.0590223 0.0978353 0.131388 0.142971 0.126097 0.0902353 0.0526031 0.0254192 0.0110098 0.00564362 0.00493095 0.00618144 0.00821362 0.010545 0.0128864 0.014974 0.0165639 0.0174741 0.0176235 0.0170472 0.0158798 0.0143168 0.0125648 0.0107998 0.00914315 0.00765748 0.00635892 0.00523571 0.00426579
 1.00888e-16 3.41245e-05 0.000200286 0.000952072 0.00366554 0.0114306 0.0288729 0.0590777 0.0979277 0.131514 0.143112 0.126232 0.0903536 0.0527163 0.0255559 0.0112078 0.00594301 0.00536979 0.00679071 0.00900929 0.0115188 0.0139981 0.016149 0.0176986 0.0184492 0.0183229 0.0173785 0.0157906 0.013803 0.0116695 0.00960343 0.0077479 0.00617088 0.00487929 0.00384223 0.00301369
 1.01443e-16 2.79481e-05 0.000164015 0.000779614 0.00300149 0.00935981 0.0236423 0.0483764 0.0801935 0.10771 0.117244 0.103497 0.0742596 0.0436879 0.0218555 0.0107394 0.00735115 0.00814129 0.0109078 0.0146171 0.0187293 0.0227926 0.0263379 0.0289239 0.0302273 0.0301154 0.028674 0.026176 0.0230062 0.0195689 0.0162064 0.0131521 0.0105222 0.00833712 0.00655725 0.00511809
 1.02321e-16 2.84232e-05 0.000166809 0.000792908 0.0030527 0.00951951 0.0240456 0.0492012 0.0815589 0.109539 0.119221 0.105209 0.0754177 0.0442273 0.0218638 0.0103149 0.00652067 0.00686155 0.00910835 0.0122487 0.0158035 0.0194081 0.0226897 0.0252899 0.0269325 0.02748 0.0269577 0.0255325 0.0234607 0.0210204 0.0184547 0.0159387 0.0135751 0.0114088 0.00945077 0.00769869
 1.02813e-16 2.75478e-05 0.000161668 0.000768467 0.00295859 0.00922604 0.0233043 0.0476846 0.0790457 0.106166 0.115554 0.101987 0.0731352 0.0429445 0.021333 0.0102372 0.00670084 0.00722245 0.00964168 0.0129681 0.0167173 0.0205069 0.0239423 0.0266462 0.028331 0.0288601 0.0282709 0.0267515 0.0245814 0.0220589 0.0194386 0.0168971 0.0145292 0.0123663 0.0104049 0.00863094
 1.01465e-16 3.58635e-05 0.000210501 0.00100065 0.00385259 0.012014 0.0303463 0.0620919 0.102922 0.138215 0.150387 0.132609 0.0948317 0.0551546 0.0264128 0.0110312 0.00506243 0.00387368 0.00463501 0.00612619 0.0078882 0.00968813 0.0113318 0.0126409 0.0134799 0.0137822 0.0135623 0.012904 0.0119339 0.0107877 0.00958159 0.00839667 0.00727728 0.00623966 0.00528484 0.00440968
 1.01264e-16 3.03934e-05 0.000178374 0.000847886 0.00326437 0.0101796 0.025713 0.0526129 0.0872143 0.117135 0.127487 0.112503 0.0806436 0.0472861 0.0233629 0.0109951 0.00690303 0.00720412 0.00949777 0.0126799 0.0162139 0.0196876 0.0226868 0.0248277 0.0258336 0.0255988 0.0242115 0.021925 0.0190893 0.0160673 0.0131619 0.0105742 0.00839637 0.00663237 0.00523195 0.00412377
 1.0202e-16 2.82504e-05 0.000165793 0.000788074 0.00303408 0.00946145 0.023899 0.0489013 0.0810624 0.108874 0.118501 0.104585 0.0749924 0.0440231 0.0218464 0.0104455 0.00678565 0.00727265 0.00968796 0.0130135 0.0167512 0.020509 0.0238831 0.0264882 0.0280321 0.0283777 0.0275679 0.0258023 0.0233772 0.0206107 0.0177781 0.0150747 0.0126093 0.0104209 0.0085062 0.00684436
 1.01985e-16 3.20023e-05 0.000187827 0.000892841 0.00343748 0.0107195 0.0270765 0.0554022 0.0918356 0.123333 0.134213 0.11839 0.0847569 0.0494842 0.0240525 0.01066 0.00581964 0.00542415 0.00695499 0.00929928 0.0119871 0.0147168 0.0172015 0.0191702 0.0204156 0.0208364 0.020455 0.0194005 0.0178683 0.0160682 0.0141813 0.0123349 0.0106002 0.00900486 0.00755169 0.00623585
 1.02221e-16 2.7718e-05 0.000162665 0.000773201 0.00297681 0.00928284 0.0234479 0.0479784 0.0795333 0.106822 0.116274 0.102634 0.0736246 0.0432828 0.0215947 0.0105165 0.00707998 0.00776383 0.0103879 0.0139381 0.0178976 0.0218431 0.0253364 0.027964 0.0294193 0.0295709 0.0284881 0.0264114 0.0236843 0.0206668 0.0176627 0.0148773 0.0124121 0.0102856 0.00846774 0.00691103
 1.06312e-16 7.21499e-06 4.22693e-05 0.000200769 0.000772702 0.00240936 0.0060864 0.0124577 0.0206657 0.0278009 0.0303781 0.0270936 0.0200448 0.0130123 0.00877544 0.00806853 0.0103523 0.01489 0.0211655 0.0287686 0.0371836 0.0457017 0.0534781 0.0596801 0.0636619 0.0651018 0.0640561 0.0609108 0.0562565 0.0507328 0.0448948 0.0391384 0.0336909 0.0286482 0.0240322 0.0198398
pSPR Fmed_Fpbrs
0.556947   0.348937 0.348937
Fs Fmed_Fpbrs
0.425112   1.005 1.005
SSBpbr Bo_Bmed_Bpbrs
921599  467201  275500 275500
Ro
32859.6
SPR SPRFo_SPRFmed_SPRFpbrs
675686 376321 235772
log_Ro
10.22
likeval ReclasPelacesDesembMPH_pf_preclas_ppelaces_ptallas_desvR_qrecl_qpela
 81.7633 61.7755 0.028299 0.000729673 318.825 191.281 78.6266 0 22.2323 2.35105e-05 0 0 0 0 0
q_reclas_q_pelaces
0.503038 1
M
0.7
N
 21850.6 18491.4 7879.62 1031.45 0.215922
 38487.7 10244.6 6259.66 2667.39 349.239
 8676.7 17559 2890.99 1766.45 851.279
 29897.9 3528.58 2302.21 379.045 343.216
 60260.8 13830.1 1091.93 712.424 223.505
 30717.6 29649.5 6457.73 509.856 437.015
 64703.5 14162.1 8973.76 1954.5 286.581
 78570.7 30392 4853.25 3075.24 768.004
 120599 35205.4 7605.07 1214.44 961.705
 183459 54199.6 8987.65 1941.51 555.552
 63963.1 86151.1 18542.7 3074.84 854.291
 33856.5 29351.7 25272 5439.41 1152.59
 47888.4 15645.4 9021.8 7767.84 2026.18
 22224.2 21035.1 3428.94 1977.27 2146.51
 15228.4 8932.23 2549.81 415.646 499.873
 16810.2 6025.86 975.856 278.57 100.022
 12059.3 7578.08 1570.18 254.283 98.6512
 12321.1 5572.52 2328.68 482.505 108.454
 11834.1 5798.43 1934.09 808.233 205.108
 30687.7 5590.07 2063.26 688.209 360.578
 35972.2 14388.5 1892.86 698.643 355.132
 40316.9 17485 6195.09 814.986 453.71
 69835.8 19485.5 7247.55 2567.86 525.875
 67258.4 33508.7 7696.12 2862.54 1221.92
 8376.95 32290.9 13286.4 3051.57 1619.52
pred_Ctot
 880.609 4327.01 1843.84 241.361 0.0505261
 2260.67 3284.95 2007.16 855.299 111.983
 1142.89 10000.2 1646.48 1006.03 484.822
 1478.5 982.496 641.025 105.541 95.5649
 398.601 596.042 47.0592 30.7036 9.63249
 1588 8565.86 1865.66 147.299 126.255
 2526.26 3224.19 2042.99 444.968 65.244
 5552.98 11273.1 1800.18 1140.68 284.871
 8285.18 12776.2 2759.91 440.724 349.006
 7194.53 12386.5 2054 443.704 126.963
 3508.29 26130.9 5624.26 932.642 259.119
 1697.42 8266.78 7117.77 1531.99 324.623
 4004.52 6582.79 3795.91 3268.31 852.511
 3084.36 12353.2 2013.7 1161.18 1260.57
 2254.27 5440.93 1553.18 253.185 304.49
 1120.81 2136.51 345.996 98.7687 35.4633
 604.908 2135.23 442.422 71.6478 27.7964
 464.962 1231.62 514.68 106.642 23.9702
 416.21 1204.81 401.871 167.937 42.618
 1235.89 1307.29 482.512 160.944 84.3245
 548.415 1387.25 182.497 67.3585 34.2394
 776.441 2100.34 744.166 97.8978 54.5006
 1698.83 2905.65 1080.75 382.917 78.4178
 1608.73 4919.95 1129.99 420.295 179.41
 211.283 4977.24 2047.94 470.362 249.629
F
 0.0574737 0.383178 0.383178 0.383178 0.383178
 0.0847692 0.565157 0.565157 0.565157 0.565157
 0.199745 1.3317 1.3317 1.3317 1.3317
 0.0709391 0.472952 0.472952 0.472952 0.472952
 0.00923523 0.0615714 0.0615714 0.0615714 0.0615714
 0.0742673 0.495141 0.495141 0.495141 0.495141
 0.0556353 0.370921 0.370921 0.370921 0.370921
 0.1028 0.685365 0.685365 0.685365 0.685365
 0.099797 0.665347 0.665347 0.665347 0.665347
 0.0558872 0.3726 0.3726 0.3726 0.3726
 0.0789567 0.526404 0.526404 0.526404 0.526404
 0.0719523 0.479706 0.479706 0.479706 0.479706
 0.122683 0.817928 0.817928 0.817928 0.817928
 0.211515 1.41017 1.41017 1.41017 1.41017
 0.227104 1.51411 1.51411 1.51411 1.51411
 0.0967252 0.644867 0.644867 0.644867 0.644867
 0.0719898 0.479956 0.479956 0.479956 0.479956
 0.0537285 0.358208 0.358208 0.358208 0.358208
 0.0499926 0.333301 0.333301 0.333301 0.333301
 0.0574323 0.382901 0.382901 0.382901 0.382901
 0.0214001 0.142675 0.142675 0.142675 0.142675
 0.0271009 0.180682 0.180682 0.180682 0.180682
 0.0343413 0.228953 0.228953 0.228953 0.228953
 0.0337575 0.225061 0.225061 0.225061 0.225061
 0.0356261 0.237519 0.237519 0.237519 0.237519
YTP_r0W_actual
 2366.37 109499 67582.2 19331.9 10684.1
YTP_p0W_proyectada
 25156.2 41432.1 190279 102131 37294.6
 25156.2 128518 10980.1 45118.9 25065.7
CTP_r0_actual
 211.283 4977.24 2047.94 470.362 249.629
CTP_p0_proyectada
 2959.55 1936.08 6098.68 2509.37 802.034
 2959.55 6005.52 351.926 1108.57 539.047
Wmedp
 8.5 21.4 31.2 40.7 46.5
nmprior
 10.6 11 7 0
nm_flota  nm_reclas  nm_pelaces    nm_pelaL
inf 24.072 20.3624 50.2896
cv_recla  cv_pelaces  cv_mph
0.817907 0.89121 0.8764
 ------------------------------------------------
Talla a la edad & desviaci?n 
 7.2 14.2025 17.0495 18.207 18.6776
 1.08 2.13037 2.55742 2.73105 2.80164
