years
 1997 1998 1999 2000 2001 2002 2003 2004 2005 2006 2007 2008 2009 2010 2011 2012 2013 2014 2015 2016 2017 2018 2019 2020 2021
reclasobs
 0 0 0 370054 412103 1.49427e+06 250295 1.28982e+06 931140 785840 897777 1.04006e+06 184774 17550 25797 100020 73551 82996 120727 218422 84188 347160 605670 569463 516374
reclaspred
 1.27449e+06 163797 162917 98341.9 255335 243963 540633 460318 611742 1.06848e+06 887747 560801 371632 159445 96453.6 91418.8 101343 118905 99455.8 179062 295248 249874 425893 498347 404585
pelacesobs
 0 0 0 0 0 0 0 0 0 2.06254e+06 1.5e+06 0 1.87456e+06 323000 250000 174000 83755 137374 0 501740 490994 745055 786931 1.00524e+06 1.33801e+06
pelacespred
 898738 303216 65779.5 87899.6 215945 158281 490192 404407 544540 953496 722302 472281 319827 109148 65234 66667.8 76879.8 93047.7 77989.9 137333 259133 216590 287084 392322 313020
mphobs
 0 0 0 0 0 112323 0 153150 637223 0 255016 313432 73983 77613 109348 50772 0 0 0 0 0 0 0 0 0
mphpred
 549721 228647 93224.7 32303.2 54782.7 132268 144398 183302 200451 281407 486556 343810 190977 110640 45911.3 35415.4 39954.7 47732.9 50418.6 47618.8 99503.9 126722 142439 204189 238847
desembarqueobs
 350755 77701 442110 56441 14545 235359 269955 359681 431902 328805 639364 411747 362871 311530 167758 66681 60226 58785 57116 73181 50977 67692 138656 160484 209506
desembarquepred
 350740 77675.5 441440 56410.7 14544.1 235241 269879 359148 431471 328561 638678 411421 362331 311056 167427 66632.2 60206.4 58748.1 57072.4 73113 50964.4 67655.4 138584 160414 209422
Reclutas
 7920.24 14250 1727.48 22125.6 52072.8 17591.9 52629.5 72574.7 94833.8 210383 55751.9 24516.9 53514.2 20766.5 13994.4 15170.5 9970.88 9885.93 7615.65 28550.1 29822.1 29933.6 61439.9 52020.1 1714.93
log_desv_Rt
 -1.06282 -0.47549 -2.58558 -0.0355094 0.820398 -0.264807 0.831032 1.15237 1.41988 2.21668 0.888666 0.0671173 0.847703 -0.0989051 -0.493587 -0.412891 -0.832576 -0.841133 -1.10204 0.219417 0.263006 0.266736 0.985815 0.819386 -2.59287
SSB
 1.40327e+06 583667 237975 82460.3 139844 337640 368604 467916 511692 718347 1.24203e+06 877644 487506 282430 117198 90404.7 101992 121848 128703 121556 254003 323482 363605 521232 609704
BT
 1.83115e+06 711542 362028 219921 398483 467211 1.0732e+06 1.11319e+06 1.3655e+06 2.01251e+06 1.84785e+06 1.21375e+06 931419 491727 256013 174231 187368 214374 190176 307397 504445 453387 614302 836771 730834
Ftot
 0.229058 0.354826 1.67572 1.11467 0.137086 0.941221 0.781454 1.51055 1.37432 0.698639 0.754117 0.583805 1.09267 2.01362 2.31283 1.05553 0.797797 0.593703 0.590516 0.76017 0.249807 0.289877 0.387516 0.378124 0.394681
BD_Bspro_t
 0.972003 0.802619 0.520897 0.174821 0.412783 0.675944 0.516051 0.526736 0.507701 0.543459 0.639129 0.47843 0.343283 0.26573 0.149243 0.145842 0.21348 0.317296 0.383312 0.427066 0.632588 0.737488 0.724622 0.733125 0.70723
BD_Bspro
 2.97675 1.23813 0.504814 0.174923 0.296649 0.716234 0.781916 0.992587 1.08545 1.52382 2.63471 1.86174 1.03414 0.599118 0.248611 0.191775 0.216356 0.258475 0.273018 0.257857 0.538816 0.686201 0.771312 1.10569 1.29336
BD_Bo
 1.54358 0.642026 0.261769 0.0907052 0.153826 0.371399 0.405459 0.514701 0.562854 0.790171 1.36622 0.965396 0.53625 0.310669 0.128916 0.0994439 0.11219 0.134031 0.141572 0.13371 0.2794 0.355826 0.39996 0.573348 0.670665
BD_Brms
 4.17245 1.73546 0.707587 0.245185 0.415807 1.00393 1.096 1.39129 1.52145 2.13591 3.69302 2.60956 1.44954 0.839771 0.348472 0.268807 0.303261 0.362299 0.382683 0.361433 0.755247 0.961833 1.08113 1.54982 1.81288
S_f
 0.0945379 0.664853 0.974155 0.998606 0.999927
 0.0945379 0.664853 0.974155 0.998606 0.999927
 0.0945379 0.664853 0.974155 0.998606 0.999927
 0.0945379 0.664853 0.974155 0.998606 0.999927
 0.0945379 0.664853 0.974155 0.998606 0.999927
 0.0945379 0.664853 0.974155 0.998606 0.999927
 0.0945379 0.664853 0.974155 0.998606 0.999927
 0.0945379 0.664853 0.974155 0.998606 0.999927
 0.0945379 0.664853 0.974155 0.998606 0.999927
 0.0945379 0.664853 0.974155 0.998606 0.999927
 0.0945379 0.664853 0.974155 0.998606 0.999927
 0.0945379 0.664853 0.974155 0.998606 0.999927
 0.0945379 0.664853 0.974155 0.998606 0.999927
 0.0945379 0.664853 0.974155 0.998606 0.999927
 0.0945379 0.664853 0.974155 0.998606 0.999927
 0.0945379 0.664853 0.974155 0.998606 0.999927
 0.0945379 0.664853 0.974155 0.998606 0.999927
 0.0945379 0.664853 0.974155 0.998606 0.999927
 0.0945379 0.664853 0.974155 0.998606 0.999927
 0.0945379 0.664853 0.974155 0.998606 0.999927
 0.0945379 0.664853 0.974155 0.998606 0.999927
 0.0945379 0.664853 0.974155 0.998606 0.999927
 0.0945379 0.664853 0.974155 0.998606 0.999927
 0.0945379 0.664853 0.974155 0.998606 0.999927
 0.0945379 0.664853 0.974155 0.998606 0.999927
Scru_reclas
 1 1 1 1 1
 1 1 1 1 1
 1 1 1 1 1
 1 1 1 1 1
 1 1 1 1 1
 1 1 1 1 1
 1 1 1 1 1
 1 1 1 1 1
 1 1 1 1 1
 1 1 1 1 1
 1 1 1 1 1
 1 1 1 1 1
 1 1 1 1 1
 1 1 1 1 1
 1 1 1 1 1
 1 1 1 1 1
 1 1 1 1 1
 1 1 1 1 1
 1 1 1 1 1
 1 1 1 1 1
 1 1 1 1 1
 1 1 1 1 1
 1 1 1 1 1
 1 1 1 1 1
 1 1 1 1 1
Scru_pelaces
 1 1 1 1 1
 1 1 1 1 1
 1 1 1 1 1
 1 1 1 1 1
 1 1 1 1 1
 1 1 1 1 1
 1 1 1 1 1
 1 1 1 1 1
 1 1 1 1 1
 1 1 1 1 1
 1 1 1 1 1
 1 1 1 1 1
 1 1 1 1 1
 1 1 1 1 1
 1 1 1 1 1
 1 1 1 1 1
 1 1 1 1 1
 1 1 1 1 1
 1 1 1 1 1
 1 1 1 1 1
 1 1 1 1 1
 1 1 1 1 1
 1 1 1 1 1
 1 1 1 1 1
 1 1 1 1 1
pf_obs 
 0.256992 0.487395 0.22802 0.0275931 0
 0.321318 0.546541 0.124235 0.00734118 0.000564706
 0.182869 0.594174 0.210203 0.0122559 0.00049798
 0.330522 0.361315 0.267642 0.0388342 0.00168674
 0.649043 0.306663 0.0425973 0.00169635 0
 0.582887 0.30429 0.105238 0.00758474 0
 0.465427 0.430635 0.0974691 0.00646863 0
 0.296916 0.608066 0.0921331 0.00288517 0
 0.311714 0.524322 0.152257 0.0117073 0
 0.15457 0.633149 0.183074 0.0267441 0.00246327
 0.131901 0.49318 0.331252 0.0422183 0.00144891
 0.196976 0.569456 0.194076 0.0375587 0.00193317
 0.518974 0.381816 0.0799577 0.0180837 0.00116848
 0.0928022 0.601141 0.25162 0.0475244 0.00691264
 0.122501 0.610282 0.24278 0.0234846 0.000952079
 0.383417 0.481906 0.127806 0.00687128 0
 0.0376549 0.599619 0.316969 0.0457579 0
 0.0361596 0.667082 0.258105 0.0386534 0
 0.158088 0.579412 0.248529 0.0139706 0
 0.0477256 0.309471 0.559284 0.082774 0.000745712
 0.0406174 0.521527 0.379366 0.0568643 0.0016247
 0.151134 0.462217 0.34131 0.0453401 0
 0.294876 0.26143 0.354403 0.0886775 0.000613685
 0.281977 0.475581 0.204845 0.0348837 0.00271318
 0.0841818 0.532909 0.334909 0.0458182 0.00218182
pf_pred 
 0.0180566 0.641764 0.300794 0.0393824 3.32528e-06
 0.0548819 0.0955349 0.627588 0.196898 0.0250976
 0.0181689 0.347934 0.0943649 0.401597 0.137935
 0.545234 0.0978689 0.192204 0.0256347 0.139059
 0.418677 0.540309 0.0136205 0.0150446 0.0123491
 0.0896894 0.733007 0.168779 0.00288135 0.00564356
 0.330166 0.292626 0.330867 0.0441956 0.00214529
 0.330218 0.551783 0.0668279 0.0450804 0.00609047
 0.330507 0.5593 0.0995604 0.00614986 0.00448329
 0.411513 0.481062 0.0973352 0.00915718 0.000933021
 0.0748213 0.770747 0.135975 0.0167766 0.00168019
 0.0537568 0.345164 0.536442 0.0571492 0.00748809
 0.219794 0.257892 0.251133 0.242862 0.0283186
 0.128935 0.674333 0.0934374 0.0507387 0.0525557
 0.204696 0.535142 0.230742 0.0144166 0.0150026
 0.282774 0.571883 0.120771 0.0219528 0.00261921
 0.161407 0.641795 0.172186 0.0205887 0.00402241
 0.172265 0.487442 0.287725 0.0461989 0.00636867
 0.140552 0.522224 0.235315 0.0865971 0.0153114
 0.428838 0.315045 0.183158 0.0514137 0.0215464
 0.225966 0.660897 0.0760885 0.026762 0.0102873
 0.164766 0.521193 0.282104 0.0216718 0.0102655
 0.269811 0.406146 0.231855 0.0830483 0.00913969
 0.164777 0.597112 0.157248 0.0583392 0.022524
 0.00595927 0.552927 0.350924 0.0601565 0.0300337
pobs_RECLAS
 0 0 0 0 0
 0 0 0 0 0
 0 0 0 0 0
 0 0 0 0 0
 0.835266 0.146461 0.0176864 0.000547809 3.91292e-05
 0.385257 0.428462 0.181853 0.0044286 0
 0.867414 0.0963971 0.0333333 0.00285562 0
 0.441836 0.489002 0.0689373 0.000224442 0
 0.779404 0.147425 0.0564933 0.0165055 0.000172143
 0.814271 0.122319 0.05973 0.00367925 0
 0.40263 0.566651 0.0304383 0.000280538 0
 0.475488 0.404961 0.113038 0.00651328 0
 0.955842 0.0263864 0.0167828 0.000988607 0
 0.975058 0.0227948 0.00214734 0 0
 0.738997 0.206755 0.0527124 0.00153531 0
 0.850938 0.134255 0.0134407 0.00136685 0
 0.542534 0.407297 0.0501686 0 0
 0.764087 0.199537 0.0359546 0.000420521 0
 0.470689 0.182191 0.310203 0.0369168 0
 0.84361 0.089868 0.0606195 0.00523954 0.000663233
 0.607945 0.314616 0.071237 0.00620181 0
 0.523733 0.453247 0.0230204 0 0
 0.530135 0.295979 0.169645 0.0042399 0
 0.562478 0.366248 0.0663022 0.0049721 0
 0.250443 0.683176 0.0655157 0.000865301 0
ppred_RECLAS
 0.12805 0.641676 0.204202 0.0260701 2.19829e-06
 0.369992 0.0903159 0.40133 0.122738 0.0156235
 0.161578 0.396903 0.0675718 0.278468 0.0954798
 0.925389 0.0222839 0.0285696 0.00370271 0.0200551
 0.839004 0.153214 0.00262855 0.00283163 0.00232119
 0.437419 0.485287 0.0736785 0.00122336 0.00239257
 0.81611 0.0991757 0.0745517 0.00969247 0.000469801
 0.8022 0.174408 0.0134273 0.00878085 0.00118434
 0.799545 0.178008 0.0203399 0.00121905 0.00088726
 0.843875 0.135918 0.0183549 0.0016813 0.000171063
 0.384199 0.543533 0.0638344 0.00766659 0.000766712
 0.341613 0.304131 0.31705 0.0329009 0.00430486
 0.733511 0.11564 0.0736115 0.0691831 0.00805471
 0.56705 0.368543 0.0311622 0.0163451 0.0168989
 0.711485 0.224113 0.0573619 0.00345335 0.00358655
 0.758965 0.206772 0.028607 0.00505458 0.000602153
 0.604147 0.329052 0.058645 0.00682469 0.00133141
 0.634946 0.248981 0.0985398 0.0154114 0.00212154
 0.575961 0.296613 0.0896258 0.0321268 0.00567243
 0.865798 0.0873218 0.0337857 0.00923162 0.00386322
 0.685174 0.282304 0.0220549 0.00756366 0.00290353
 0.614982 0.273578 0.100367 0.00751729 0.00355597
 0.755529 0.159243 0.0614261 0.0214455 0.00235691
 0.608552 0.308911 0.0549863 0.0198844 0.00766662
 0.0477337 0.619926 0.26579 0.0444088 0.0221412
pobs_PELACES
 0 0 0 0 0
 0 0 0 0 0
 0 0 0 0 0
 0 0 0 0 0
 0 0 0 0 0
 0 0 0 0 0
 0 0 0 0 0
 0 0 0 0 0
 0 0 0 0 0
 0 0 0 0 0
 0.450072 0.473896 0.0757376 0.000293798 0
 0 0 0 0 0
 0.463077 0.371075 0.160297 0.00555027 0
 0.529543 0.364841 0.0842815 0.0213345 0
 0.631943 0.363953 0.00410389 0 0
 0.735681 0.248677 0.0153453 0.000297389 0
 0.695825 0.281241 0.0229344 0 0
 0.275771 0.60734 0.115278 0.00161068 0
 0 0 0 0 0
 0.896147 0.0623911 0.0374545 0.00400742 0
 0.803859 0.145111 0.0509908 3.86294e-05 0
 0.739449 0.233085 0.0266225 0.000797448 4.60066e-05
 0.878498 0.100942 0.0204185 0.000141795 0
 0.694673 0.275183 0.0284847 0.00165964 0
 0.469039 0.446079 0.0841089 0.000773354 0
ppred_PELACES
 0.133654 0.641501 0.199429 0.0254137 2.14272e-06
 0.393196 0.0897798 0.384758 0.117333 0.0149332
 0.224585 0.402454 0.0577452 0.234776 0.0804401
 0.943161 0.0184138 0.0210691 0.00270617 0.0146504
 0.842553 0.149944 0.00253669 0.00272965 0.00223746
 0.484557 0.450313 0.0621061 0.00102341 0.0020007
 0.842052 0.0883329 0.0613104 0.00792087 0.000383799
 0.845792 0.138382 0.00913155 0.00589927 0.000795156
 0.839832 0.144364 0.0143366 0.00084977 0.000618118
 0.861504 0.121661 0.0152988 0.00139349 0.000141736
 0.420426 0.516084 0.0561204 0.00669924 0.00066975
 0.374172 0.298456 0.293135 0.0302762 0.00396043
 0.782822 0.100474 0.0572078 0.0532943 0.00620188
 0.663268 0.295101 0.0203165 0.0104846 0.0108304
 0.800009 0.163063 0.03296 0.0019476 0.00202068
 0.795837 0.177754 0.0220805 0.00386833 0.000460623
 0.642523 0.301163 0.0494771 0.00572084 0.00111567
 0.664704 0.233094 0.0868277 0.0135148 0.00185996
 0.607186 0.279803 0.0796009 0.0283977 0.00501272
 0.884359 0.077304 0.0276768 0.00751616 0.0031443
 0.695792 0.273513 0.0208301 0.00712924 0.00273647
 0.629809 0.265298 0.094492 0.00706072 0.00333957
 0.771211 0.151115 0.0560303 0.0195006 0.0021428
 0.627293 0.296551 0.0507878 0.0183102 0.00705849
 0.0519153 0.625966 0.257783 0.042934 0.0214022
pobs_pel_tallas
 0 0 0 0 0 0 0 0 0 0 0 0 0 0 0 0 0 0 0 0 0 0 0 0 0 0 0 0 0 0 0 0 0 0 0 0
 0 0 0 0 0 0 0 0 0 0 0 0 0 0 0 0 0 0 0 0 0 0 0 0 0 0 0 0 0 0 0 0 0 0 0 0
 0 0 0 0 0 0 0 0 0 0 0 0 0 0 0 0 0 0 0 0 0 0 0 0 0 0 0 0 0 0 0 0 0 0 0 0
 0 0 0 0 0 0 0 0 0 0 0 0 0 0 0 0 0 0 0 0 0 0 0 0 0 0 0 0 0 0 0 0 0 0 0 0
 0 0 0 0 0 0 0 0 0 0 0 0 0 0 0 0 0 0 0 0 0 0 0 0 0 0 0 0 0 0 0 0 0 0 0 0
 0 0 0 0 0 0 0 0 0 0 0 0 0 0 0 0 0 0 0 0 0 0 0 0 0 0 0 0 0 0 0 0 0 0 0 0
 0 0 0 0 0 0 0 0 0 0 0 0 0 0 0 0 0 0 0 0 0 0 0 0 0 0 0 0 0 0 0 0 0 0 0 0
 0 0 0 0 0 0 0 0 0 0 0 0 0 0 0 0 0 0 0 0 0 0 0 0 0 0 0 0 0 0 0 0 0 0 0 0
 0 0 0 0 0 0 0 0 0 0 0 0 0 0 0 0 0 0 0 0 0 0 0 0 0 0 0 0 0 0 0 0 0 0 0 0
 0 0 0 0 0 0 0 0 0 0 0 0 0 0 0 0 0 0 0 0 0 0 0 0 0 0 0 0 0 0 0 0 0 0 0 0
 0 0 0 0 0 0 0 0 1.78061e-05 0.00172719 0.00360574 0.0105946 0.0120993 0.0124554 0.0147524 0.0171206 0.0266825 0.0428682 0.0675386 0.121331 0.153587 0.119568 0.100827 0.0573624 0.0630603 0.0341343 0.0324427 0.0444173 0.0211091 0.0280891 0.0125444 0.00206551 0 0 0 0
 0 0 0 0 0 0 0 0 0 0 0 0 0 0 0 0 0 0 0 0 0 0 0 0 0 0 0 0 0 0 0 0 0 0 0 0
 0 0 0 0 0 0 0.0133647 0.0140871 0.0187388 0.0205184 0.03894 0.0496705 0.03968 0.0493445 0.0407372 0.0367815 0.0215668 0.0243155 0.0234873 0.0199281 0.019796 0.0243948 0.0301388 0.0376714 0.0412746 0.0863199 0.0771752 0.113111 0.0741005 0.0525337 0.0229764 0.00759418 0.00175318 0 0 0
 0 0 0 0 0 0 0 0 0 0 0.00219441 0.00772107 0.0458388 0.0604681 0.0671733 0.0775358 0.0609151 0.0617685 0.073594 0.0568108 0.0755445 0.0548602 0.0670107 0.0636378 0.0643287 0.046367 0.0373049 0.0286899 0.0247887 0.0153202 0.00654259 0.00121912 0.000365735 0 0 0
 0 0 0 0 0 0 0 0 0 0 0 0 0.000112435 0.00938835 0.0111873 0.0202946 0.0414886 0.0713402 0.111592 0.104902 0.108894 0.110636 0.117776 0.105296 0.107544 0.0401394 0.0192827 0.0124803 0.00416011 0.0028671 0.000618394 0 0 0 0 0
 0 0 0 0 0 0 0 0 0 0 0.00291406 0.0102884 0.027416 0.0768956 0.0749926 0.110853 0.0956884 0.0897413 0.0766577 0.0534642 0.0500743 0.0551293 0.0594112 0.0620874 0.0668451 0.0424026 0.0208742 0.0120726 0.0048766 0.00582813 0.00118941 0.000297354 0 0 0 0
 0 0.00264628 0.0354308 0.0461629 0.0458689 0.0383711 0.0214643 0.0164657 0.0346957 0.0420465 0.0363128 0.0245516 0.0311673 0.0291091 0.0169068 0.0133784 0.00837989 0.0085269 0.0148486 0.0160247 0.0276389 0.0546898 0.0760071 0.122758 0.109233 0.0665981 0.0333725 0.0166128 0.00676272 0.00308733 0.000882094 0 0 0 0 0
 0 0 0 0 0 0 0 0.000805153 0.000690131 0.00759144 0.0133425 0.0154129 0.00931677 0.000345066 0.00356568 0.00563607 0.00851162 0.0253048 0.0502646 0.0516448 0.0657925 0.0565908 0.0611916 0.0827007 0.0866115 0.110766 0.145733 0.0935128 0.0569358 0.0249597 0.0138026 0.00621118 0.00161031 0.00115022 0 0
 0 0 0 0 0 0 0 0 0 0 0 0 0 0 0 0 0 0 0 0 0 0 0 0 0 0 0 0 0 0 0 0 0 0 0 0
 0.00147267 0.00158595 0.00478618 0.00569244 0.00954404 0.0108468 0.00647125 0.017049 0.0510054 0.094081 0.124002 0.0959785 0.0687766 0.0820023 0.061753 0.0591476 0.0492212 0.0479892 0.0443925 0.0268479 0.0217502 0.0140895 0.0121071 0.0120363 0.00920419 0.00665534 0.0049561 0.00860946 0.00930331 0.0156896 0.0114698 0.00855282 0.00243557 0.00046729 0 2.83206e-05
 0 0 0 0 0.000772559 0.00158375 0.000888443 0.00281984 0.00712685 0.0440552 0.0773331 0.111326 0.0921469 0.0852325 0.0710754 0.0886704 0.0786465 0.0553345 0.0373146 0.0185414 0.00753245 0.00457741 0.012979 0.0271748 0.0457355 0.0583668 0.034881 0.0177882 0.00938659 0.00492506 0.0015258 0.00185414 0.000309023 5.79419e-05 3.86279e-05 0
 0 0.00173294 0.00326652 0 0.00397197 0.00683976 0.00946217 0.0152591 0.00757587 0.0136028 0.0228656 0.0392903 0.0559909 0.0764795 0.0681675 0.0726916 0.0566044 0.0477403 0.0527397 0.0444891 0.0609904 0.0582453 0.0661739 0.0445044 0.0529084 0.0360697 0.0280645 0.0235558 0.0158879 0.00826598 0.00280645 0.00217768 0.000904811 0.00058276 9.20147e-05 0
 0 0 0 0 0 0 0 0 0 0 0 0 0 0 0 0 0 0 0 0 0 0 0 0 0 0 0 0 0 0 0 0 0 0 0 0
 0 0 0 0 0 0 0 0 0 0 0 0 0 0 0 0 0 0 0 0 0 0 0 0 0 0 0 0 0 0 0 0 0 0 0 0
 0 0 0 0 0 0 0 0 0 0 0 0 0 0 0 0 0 0 0 0 0 0 0 0 0 0 0 0 0 0 0 0 0 0 0 0
ppred_pel_tallas
 1.03914e-16 5.86707e-06 3.43461e-05 0.00016308 0.000627553 0.00195669 0.00494312 0.0101193 0.0167926 0.0226091 0.0247535 0.0221921 0.0166665 0.0113031 0.00843441 0.00874575 0.0118854 0.0173121 0.024603 0.0333308 0.0428784 0.0523807 0.0608141 0.0671843 0.0707426 0.0711519 0.0685514 0.0634932 0.0567837 0.0492837 0.0417359 0.0346638 0.0283528 0.022894 0.0182562 0.014355
 1.10221e-16 1.71623e-05 0.000100709 0.000478686 0.0018429 0.00574685 0.0145161 0.0297021 0.0492361 0.0661272 0.0719717 0.0635134 0.0455298 0.0267067 0.0132261 0.00630784 0.00414161 0.00460426 0.00644276 0.00916952 0.0126402 0.016779 0.0214703 0.0265336 0.0317278 0.0367673 0.0413416 0.0451392 0.0478748 0.0493199 0.049334 0.0478904 0.0450894 0.0411511 0.0363898 0.0311701
 1.12777e-16 9.82156e-06 5.75864e-05 0.00027362 0.00105325 0.00328428 0.00829621 0.0169781 0.0281541 0.0378439 0.0412704 0.0366147 0.0266712 0.0164976 0.00975289 0.00728244 0.00819528 0.0113733 0.0160949 0.0219288 0.0284738 0.035227 0.041599 0.0470135 0.0510289 0.0534301 0.0542572 0.0537583 0.0522904 0.0502042 0.0477555 0.0450692 0.0421574 0.0389726 0.0354711 0.0316595
 1.01083e-16 4.11396e-05 0.000241485 0.00114797 0.00441986 0.013783 0.0348146 0.0712336 0.118072 0.158549 0.172484 0.152028 0.108576 0.0628585 0.0295587 0.0114059 0.00381972 0.00144744 0.0010366 0.00122968 0.00159917 0.00202797 0.00247252 0.00290188 0.0032895 0.00361512 0.00386645 0.00403839 0.00413068 0.00414506 0.00408341 0.00394762 0.00374094 0.00346969 0.00314458 0.00278076
 1.00284e-16 3.67579e-05 0.000215749 0.00102559 0.00394862 0.0123134 0.0311027 0.0636399 0.105489 0.141664 0.154146 0.135939 0.0972456 0.0566238 0.0272372 0.01158 0.00561322 0.00458794 0.00559151 0.00734552 0.00933562 0.0112676 0.012885 0.0139602 0.0143348 0.0139573 0.0128958 0.0113196 0.00945612 0.00753781 0.00575667 0.00423713 0.00303124 0.00213154 0.00149303 0.00105541
 1.01157e-16 2.116e-05 0.000124147 0.000590046 0.00227155 0.00708348 0.0178927 0.0366135 0.0607011 0.0815506 0.0888241 0.0785415 0.0566419 0.0339025 0.0180334 0.010633 0.00953925 0.0121338 0.0167496 0.0225025 0.0287651 0.0348738 0.0400974 0.0437477 0.0453287 0.0446541 0.0418895 0.0375005 0.0321311 0.0264513 0.0210253 0.0162332 0.0122553 0.00910712 0.00669822 0.00489193
 1.0119e-16 3.67338e-05 0.000215612 0.00102496 0.00394619 0.0123059 0.0310835 0.0636002 0.105421 0.141568 0.154029 0.135805 0.0970842 0.0563973 0.0268819 0.0110107 0.00472983 0.00328785 0.00378853 0.00499683 0.00647109 0.00801238 0.00946585 0.0106876 0.0115613 0.0120192 0.0120517 0.0117022 0.011049 0.0101835 0.00919059 0.00813794 0.00707396 0.00603209 0.0050372 0.00411012
 1.00415e-16 3.68987e-05 0.000216577 0.00102953 0.00396378 0.0123607 0.0312221 0.0638842 0.105893 0.142206 0.154734 0.13645 0.0975979 0.0568014 0.0272713 0.0115069 0.00544982 0.00433095 0.00522844 0.00686634 0.00874174 0.0105775 0.0121362 0.0132067 0.01364 0.013384 0.0124951 0.0111222 0.00946749 0.00773916 0.00611 0.00469335 0.00353882 0.00264396 0.0019737 0.00147979
 1.00309e-16 3.66391e-05 0.000215052 0.00102228 0.00393586 0.0122737 0.0310022 0.0634343 0.105148 0.141206 0.153647 0.135496 0.0969242 0.0564273 0.0271256 0.0115038 0.00553547 0.00448737 0.00545852 0.00717912 0.00914328 0.0110659 0.0126992 0.0138217 0.0142762 0.0140063 0.0130692 0.011619 0.00986657 0.00803006 0.00629223 0.00477477 0.00353349 0.00256968 0.0018498 0.00132529
 1.00312e-16 3.75832e-05 0.000220597 0.00104864 0.00403739 0.0125903 0.0318019 0.0650703 0.107859 0.144844 0.157599 0.138967 0.0993747 0.0577888 0.027658 0.0115201 0.0052335 0.00393582 0.00465169 0.0060906 0.00775881 0.00940049 0.0108042 0.0117821 0.0122005 0.0120099 0.0112558 0.0100648 0.00861162 0.00707774 0.0056156 0.00432747 0.0032614 0.0024206 0.00177968 0.00130082
 1.01227e-16 1.83662e-05 0.00010774 0.000512028 0.00197114 0.00614665 0.0155264 0.0317724 0.0526789 0.0707842 0.0771272 0.0682694 0.0493879 0.0298687 0.0164487 0.0105693 0.010408 0.0137288 0.0190844 0.0256529 0.0327727 0.0396957 0.045587 0.0496606 0.0513538 0.0504613 0.0471832 0.0420639 0.0358515 0.029321 0.023122 0.0176881 0.0132197 0.00972486 0.0070885 0.00514283
 1.05484e-16 1.63411e-05 9.58689e-05 0.000455635 0.00175408 0.0054698 0.0138165 0.0282723 0.0468718 0.0629697 0.068582 0.0606333 0.0437076 0.0261244 0.0138376 0.00808734 0.00722159 0.00925465 0.0129601 0.0177432 0.0232283 0.029017 0.0346371 0.0395969 0.0434718 0.0459795 0.0470178 0.046653 0.0450721 0.0425198 0.0392436 0.0354643 0.031371 0.0271303 0.0228985 0.0188252
 1.02966e-16 3.41515e-05 0.000200451 0.000952875 0.00366865 0.0114404 0.0288974 0.0591273 0.0980079 0.131615 0.143205 0.126274 0.0902972 0.0525089 0.0251313 0.0104737 0.00477985 0.00364358 0.00438021 0.00584318 0.00761563 0.00949856 0.0113283 0.0129493 0.014234 0.0151044 0.0155417 0.0155786 0.0152796 0.0147172 0.0139536 0.0130323 0.0119818 0.0108237 0.00958368 0.00829626
 1.01251e-16 2.89462e-05 0.000169874 0.000807467 0.00310873 0.00969424 0.024487 0.0501048 0.0830585 0.111558 0.12143 0.107188 0.0769001 0.0452242 0.0225911 0.0110439 0.00748097 0.00821852 0.0109676 0.0146498 0.0187002 0.0226486 0.0260124 0.0283455 0.029331 0.0288568 0.0270418 0.0241998 0.0207573 0.0171527 0.0137485 0.0107806 0.00835041 0.00644977 0.00500318 0.00390939
 1.00683e-16 3.49035e-05 0.00020486 0.000973823 0.00374929 0.0116918 0.0295326 0.0604274 0.100164 0.134516 0.146374 0.129099 0.0923824 0.0538532 0.0260196 0.0112621 0.00575852 0.0050113 0.00626124 0.00829247 0.0106037 0.0128917 0.0148803 0.0163175 0.0170196 0.0169123 0.0160464 0.0145797 0.0127345 0.010744 0.00880595 0.0070556 0.00556026 0.00433148 0.00334545 0.00256306
 1.00526e-16 3.47221e-05 0.000203794 0.000968752 0.00372976 0.0116309 0.0293788 0.0601128 0.0996434 0.133817 0.145617 0.128439 0.0919281 0.0536234 0.0259739 0.0113531 0.00596397 0.00533463 0.00671776 0.00889434 0.0113487 0.0137559 0.0158162 0.0172569 0.0178829 0.0176216 0.016539 0.0148192 0.0127162 0.0104936 0.00837272 0.00650149 0.00494911 0.00371974 0.00277637 0.00206443
 1.0105e-16 2.8042e-05 0.000164564 0.000782224 0.00301154 0.00939113 0.0237214 0.0485384 0.0804624 0.108073 0.117641 0.103854 0.0745301 0.0438757 0.0220021 0.0108974 0.00756652 0.00844945 0.0113333 0.0151712 0.0194054 0.0235608 0.0271436 0.0296918 0.0308705 0.0305494 0.028831 0.026017 0.0225276 0.0188016 0.0152094 0.0120016 0.00929951 0.00711799 0.00540418 0.00407614
 1.0186e-16 2.90065e-05 0.000170233 0.000809186 0.00311537 0.00971496 0.0245393 0.0502113 0.0832334 0.111788 0.121667 0.107367 0.0769617 0.0451268 0.0222968 0.0104986 0.006607 0.00692472 0.00917306 0.0123147 0.0158566 0.0194235 0.0226334 0.0251217 0.0266109 0.0269687 0.0262324 0.0245865 0.0223075 0.0196934 0.0170034 0.0144231 0.0120578 0.00994859 0.00809673 0.00648677
 1.02432e-16 2.65003e-05 0.000155515 0.000739207 0.00284592 0.00887466 0.0224168 0.045869 0.0760373 0.102129 0.111171 0.0981431 0.0704333 0.0414672 0.0208019 0.0103188 0.00719274 0.00806743 0.0108633 0.0146063 0.0187871 0.0229744 0.0267154 0.0295788 0.0312406 0.0315548 0.0305805 0.0285531 0.0258149 0.022729 0.0196046 0.0166549 0.0139916 0.0116451 0.00959853 0.00781756
 1.00824e-16 3.8578e-05 0.000226441 0.00107644 0.00414441 0.012924 0.0326449 0.0667948 0.110716 0.148677 0.161759 0.142609 0.101923 0.0591584 0.0281031 0.0113439 0.00461179 0.00290548 0.00317547 0.004123 0.00529098 0.00648654 0.00757121 0.00842323 0.00895084 0.00911019 0.00891277 0.00841803 0.00771486 0.00689858 0.0060512 0.00523032 0.00446767 0.00377467 0.00315115 0.00259289
 1.00758e-16 3.03635e-05 0.000178197 0.00084704 0.0032611 0.0101694 0.0256873 0.0525604 0.087128 0.11702 0.127367 0.112409 0.0806001 0.0473092 0.0234641 0.0111916 0.00722187 0.00767916 0.0101609 0.0135497 0.0172843 0.0209188 0.0240024 0.0261193 0.0269748 0.0264646 0.0247 0.0219744 0.018688 0.0152528 0.0120122 0.00919189 0.00689229 0.00511038 0.00377821 0.002801
 1.01827e-16 2.74863e-05 0.000161305 0.000766734 0.00295191 0.0092052 0.0232517 0.0475771 0.0788681 0.105929 0.115302 0.101776 0.0730094 0.0429223 0.0214176 0.0104362 0.00703679 0.00773042 0.0103593 0.0139228 0.0179134 0.0219152 0.0254941 0.0282357 0.0298259 0.0301183 0.0291617 0.027174 0.0244791 0.0214248 0.0183136 0.0153613 0.0126893 0.010342 0.00831568 0.00658509
 1.01615e-16 3.36473e-05 0.000197486 0.000938769 0.00361433 0.011271 0.0284695 0.0582522 0.0965587 0.129673 0.141104 0.12445 0.0890535 0.0519085 0.0250734 0.0108437 0.00553747 0.00482396 0.00605166 0.00806053 0.0103824 0.0127411 0.0148843 0.0165762 0.0176368 0.0179785 0.0176214 0.0166788 0.0153219 0.0137347 0.0120761 0.0104586 0.00894528 0.00756071 0.00630745 0.00518053
 1.01777e-16 2.73777e-05 0.000160665 0.000763686 0.00294016 0.00916856 0.0231592 0.047388 0.0785555 0.105512 0.114854 0.101396 0.0727712 0.0428503 0.0215068 0.0106842 0.0074613 0.00836575 0.0112404 0.0150663 0.0193009 0.0234813 0.0271252 0.0297795 0.0311141 0.0309966 0.0295204 0.0269708 0.0237471 0.0202653 0.0168746 0.0138088 0.0111787 0.00899619 0.00721275 0.00575672
 1.06339e-16 2.30232e-06 1.34191e-05 6.3593e-05 0.000244509 0.000762183 0.0019259 0.0039457 0.00655967 0.00886768 0.00980335 0.00901266 0.0072493 0.00584233 0.00585241 0.00773052 0.0115279 0.0171792 0.0245629 0.0333976 0.0431384 0.0529681 0.0618989 0.0689568 0.0733883 0.0748215 0.0733304 0.0693783 0.0636715 0.056976 0.04996 0.0431033 0.0366844 0.0308215 0.0255382 0.0208215
pSPR Fmed_Fpbrs
0.511763   0.419945 0.419945
Fs Fmed_Fpbrs
0.671105   1.005 1.005
SSBpbr Bo_Bmed_Bpbrs
909103  419790  336318 336318
Ro
22925.4
SPR SPRFo_SPRFmed_SPRFpbrs
471410 241251 197967
log_Ro
9.86
likeval ReclasPelacesDesembMPH_pf_preclas_ppelaces_ptallas_desvR_qrecl_qpela
 93.75 88.5764 0.102238 0.00018652 350.703 193.554 81.7999 0 42.8337 1.04065e-05 0 0 0 0 0
q_reclas_q_pelaces
0.633102 1
M
0.7
N
 7920.24 42368.4 13969.2 1788.42 0.150826
 14250 3848.82 18067.5 5549.55 706.577
 1727.48 6842.89 1509.62 6350.02 2179.68
 22125.6 732.159 1115.28 146.527 794.223
 52072.8 9888.35 173.28 186.98 153.288
 17591.9 25525.6 4482.65 75.2913 147.342
 52629.5 7992.13 6779.54 889.87 43.1549
 72574.7 24273.8 2360.57 1572.48 212.304
 94833.8 31243.5 4415.43 269.118 196.05
 210383 41355.3 6221.99 574.82 58.5117
 55751.9 97795.7 12906.2 1564.41 156.529
 24516.9 25780.5 29415 3074.31 402.409
 53514.2 11521 8683.92 8271.27 963.685
 20766.5 23966.3 2766.83 1487.42 1539.87
 13994.4 8524.77 3120.17 193.23 200.99
 15170.5 5584.57 909.629 162.81 19.4091
 9970.88 6817.99 1374.7 161.545 31.5319
 9885.93 4591.68 1992.02 313.817 43.217
 7615.65 4641.25 1536.52 554.765 97.9896
 28550.1 3576.48 1556.4 429.243 179.719
 29822.1 13194.5 1071.41 368.563 141.507
 29933.6 14463.6 5549.52 417.124 197.353
 61439.9 14462.7 5923.39 2077.84 228.418
 52020.1 29412.7 5550.76 2016.59 777.71
 1714.93 24925.3 11359.2 1907.1 951.083
pred_Ctot
 122.171 4342.17 2035.17 266.461 0.0224989
 338.721 589.624 3873.36 1215.22 154.898
 183.683 3517.52 954.005 4060.04 1394.49
 1601.17 287.408 564.436 75.2804 408.369
 482.56 622.751 15.6988 17.3401 14.2333
 1082.66 8848.27 2037.36 34.7814 68.1246
 2706.93 2399.15 2712.68 362.346 17.5885
 7003.14 11702 1417.26 956.049 129.164
 8372.12 14167.7 2521.98 155.783 113.567
 9707.15 11347.8 2296.04 216.008 22.009
 2770.33 28537.7 5034.6 621.169 62.2106
 949.78 6098.4 9477.91 1009.72 132.3
 3799.67 4458.29 4341.45 4198.46 489.557
 2617.33 13688.7 1896.74 1029.98 1066.86
 2001.65 5232.96 2256.34 140.975 146.705
 1042.13 2107.6 445.085 80.9043 9.65277
 523.212 2080.42 558.153 66.7396 13.0389
 389.313 1101.6 650.246 104.408 14.3929
 298.338 1108.48 499.483 183.812 32.5001
 1429.7 1050.33 610.629 171.408 71.8336
 501.248 1466.03 168.783 59.3649 22.8197
 582.85 1843.69 997.93 76.6628 36.3136
 1592.81 2397.66 1368.74 490.27 53.9556
 1316.43 4770.44 1256.28 466.082 179.948
 45.2676 4200.12 2665.68 456.959 228.141
F
 0.0216547 0.15229 0.223138 0.228739 0.229042
 0.0335445 0.235907 0.345655 0.354331 0.3548
 0.158419 1.1141 1.63241 1.67338 1.67559
 0.105379 0.741091 1.08586 1.11311 1.11459
 0.0129598 0.0911418 0.133543 0.136895 0.137076
 0.0889811 0.625773 0.916895 0.939909 0.941152
 0.0738771 0.519552 0.761257 0.780365 0.781397
 0.142804 1.00429 1.47151 1.50845 1.51044
 0.129926 0.913723 1.3388 1.37241 1.37422
 0.0660479 0.464492 0.680582 0.697665 0.698588
 0.0712927 0.501377 0.734626 0.753065 0.754061
 0.0551918 0.388144 0.568717 0.582991 0.583762
 0.103299 0.726467 1.06443 1.09115 1.09259
 0.190363 1.33876 1.96158 2.01081 2.01347
 0.218651 1.53769 2.25306 2.30961 2.31266
 0.099788 0.701774 1.02825 1.05406 1.05546
 0.075422 0.530417 0.777177 0.796684 0.797738
 0.0561274 0.394725 0.578358 0.592875 0.593659
 0.0558262 0.392606 0.575254 0.589693 0.590473
 0.071865 0.505401 0.740524 0.75911 0.760115
 0.0236163 0.166085 0.243351 0.249459 0.249789
 0.0274043 0.192725 0.282385 0.289472 0.289855
 0.036635 0.257641 0.377501 0.386976 0.387488
 0.0357471 0.251397 0.368351 0.377597 0.378096
 0.0373123 0.262405 0.38448 0.394131 0.394652
YTP_r0W_actual
 506.997 92402.7 87967.3 18781 9764.43
YTP_p0W_proyectada
 13173.8 6391.55 140894 75316.5 19112.4
 13173.8 83191.5 3090.75 34834.4 18526.3
CTP_r0_actual
 45.2676 4200.12 2665.68 456.959 228.141
CTP_p0_proyectada
 1549.86 298.671 4515.83 1850.53 411.02
 1549.86 3887.45 99.0626 855.882 398.414
Wmedp
 8.5 21.4 31.2 40.7 46.5
nmprior
 10.6 11 7 0
nm_flota  nm_reclas  nm_pelaces    nm_pelaL
inf 31.6823 21.6289 54.3931
cv_recla  cv_pelaces  cv_mph
0.875812 1.06716 0.443099
 ------------------------------------------------
Talla a la edad & desviaci?n 
 7.2 14.2025 17.0495 18.207 18.6776
 1.08 2.13037 2.55742 2.73105 2.80164
