years
 1997 1998 1999 2000 2001 2002 2003 2004 2005 2006 2007 2008 2009 2010 2011 2012 2013 2014 2015 2016 2017 2018 2019 2020 2021
reclasobs
 0 0 0 370054 412103 1.49427e+06 250295 1.28982e+06 931140 785840 897777 1.04006e+06 184774 17550 25797 100020 73551 82996 120727 218422 84188 347160 605670 569463 516374
reclaspred
 7.0003e+06 1.23765e+06 1.46108e+06 244540 236159 351471 671333 654816 653094 821291 934885 732365 392210 144430 78051.1 76048.5 77719.3 108336 142006 132931 188995 215505 350424 398232 354027
pelacesobs
 0 0 0 0 0 0 0 0 0 2.06254e+06 1.5e+06 0 1.87456e+06 323000 250000 174000 83755 137374 0 501740 490994 745055 786931 1.00524e+06 1.33801e+06
pelacespred
 2.01174e+07 1.16502e+07 2.53123e+06 964144 857358 755349 2.13303e+06 2.09206e+06 1.82099e+06 2.56809e+06 2.39464e+06 1.99194e+06 1.01795e+06 293872 160091 168688 178577 274714 379739 316583 586019 659901 765474 1.02981e+06 774341
mphobs
 0 0 0 0 0 112323 0 153150 637223 0 255016 313432 73983 77613 109348 50772 0 0 0 0 0 0 0 0 0
mphpred
 1.17877e+06 494747 200577 62810.7 41911.3 139708 153107 295100 252016 267045 382168 275316 171655 98221.8 46445.5 32573.9 28247.6 34904.4 47046.8 42165.1 50966.4 71649.3 84051.9 116682 124186
desembarqueobs
 350755 77701 442110 56441 14545 235359 269955 359681 431902 328805 639364 411747 362871 311530 167758 66681 60226 58785 57116 73181 50977 67692 138656 160484 209506
desembarquepred
 350743 77677.4 441495 56404.9 14542 235143 269852 359031 431306 328461 638094 410948 362044 310889 167212 66592.1 60185.6 58687.2 57022.3 73074 50955.2 67606.1 138513 160332 209303
Reclutas
 8520.97 11891.9 1451.67 4227.28 39063.7 12541.3 64629.4 55502.2 60078.4 111556 69401.8 49387.7 55819.3 29383.1 12011.6 8917.84 7114.33 8860.67 7232.21 8094.09 14662.7 17012.5 28551.6 27771.6 1749.77
log_desv_Rt
 -0.689715 -0.356385 -2.45953 -1.39069 0.832949 -0.303217 1.33643 1.18418 1.26341 1.88229 1.40767 1.06746 1.18988 0.548176 -0.346375 -0.644191 -0.870134 -0.650622 -0.853701 -0.74111 -0.146937 0.00170452 0.51947 0.491771 -2.27276
SSB
 1.57057e+06 659187 267243 83687.2 55841.4 186143 203995 393183 335780 355803 509190 366823 228709 130868 61882.6 43400.6 37636.3 46505.6 62683.9 56179.6 67906.2 95463.5 111988 155464 165463
BT
 2.03441e+06 792096 387837 133037 244436 293337 1.02948e+06 919506 930947 1.0791e+06 1.14161e+06 811407 672662 388824 194365 100493 99918.2 124733 114959 123594 189212 166081 234632 324828 243550
Ftot
 0.182095 0.305596 1.37982 1.14274 0.336241 1.76274 1.80086 1.74727 2.17179 1.51499 2.0166 1.78073 2.96407 4.95303 4.95303 2.46116 2.38011 1.81591 1.22719 1.77467 0.97943 1.03068 1.31742 1.30101 1.65138
BD_Bspro_t
 0.97506 0.821326 0.553578 0.176145 0.224648 0.53554 0.382032 0.479412 0.388123 0.363682 0.411855 0.277849 0.193134 0.131706 0.0755144 0.0660599 0.0800861 0.135458 0.215587 0.238072 0.303785 0.442502 0.438375 0.442946 0.380452
BD_Bspro
 4.49723 1.88755 0.765236 0.239634 0.159899 0.533011 0.584129 1.12586 0.961487 1.01882 1.45804 1.05038 0.654895 0.374733 0.177198 0.124275 0.10777 0.133166 0.179492 0.160867 0.194446 0.273355 0.320673 0.445164 0.473793
BD_Bo
 1.75898 0.738268 0.299303 0.0937269 0.0625405 0.208474 0.228468 0.440353 0.376062 0.398487 0.570276 0.41083 0.256146 0.146568 0.0693065 0.0486072 0.0421515 0.0520847 0.0702039 0.0629194 0.0760528 0.106916 0.125423 0.174115 0.185313
BD_Brms
 3.19815 1.34231 0.544188 0.170413 0.11371 0.379044 0.415396 0.800641 0.683749 0.724523 1.03687 0.746963 0.465721 0.266487 0.126012 0.0883767 0.076639 0.0946995 0.127643 0.114399 0.138278 0.194393 0.228042 0.316573 0.336932
S_f
 0.0786891 0.794714 0.994333 0.999874 0.999997
 0.0786891 0.794714 0.994333 0.999874 0.999997
 0.0786891 0.794714 0.994333 0.999874 0.999997
 0.0786891 0.794714 0.994333 0.999874 0.999997
 0.0786891 0.794714 0.994333 0.999874 0.999997
 0.0786891 0.794714 0.994333 0.999874 0.999997
 0.0786891 0.794714 0.994333 0.999874 0.999997
 0.0786891 0.794714 0.994333 0.999874 0.999997
 0.0786891 0.794714 0.994333 0.999874 0.999997
 0.0786891 0.794714 0.994333 0.999874 0.999997
 0.0786891 0.794714 0.994333 0.999874 0.999997
 0.0786891 0.794714 0.994333 0.999874 0.999997
 0.0786891 0.794714 0.994333 0.999874 0.999997
 0.0786891 0.794714 0.994333 0.999874 0.999997
 0.0786891 0.794714 0.994333 0.999874 0.999997
 0.0786891 0.794714 0.994333 0.999874 0.999997
 0.0786891 0.794714 0.994333 0.999874 0.999997
 0.0786891 0.794714 0.994333 0.999874 0.999997
 0.0786891 0.794714 0.994333 0.999874 0.999997
 0.0786891 0.794714 0.994333 0.999874 0.999997
 0.0786891 0.794714 0.994333 0.999874 0.999997
 0.0786891 0.794714 0.994333 0.999874 0.999997
 0.0786891 0.794714 0.994333 0.999874 0.999997
 0.0786891 0.794714 0.994333 0.999874 0.999997
 0.0786891 0.794714 0.994333 0.999874 0.999997
Scru_reclas
 0.0936082 0.341996 0.723428 0.929398 0.98513
 0.0936082 0.341996 0.723428 0.929398 0.98513
 0.0936082 0.341996 0.723428 0.929398 0.98513
 0.0936082 0.341996 0.723428 0.929398 0.98513
 0.0936082 0.341996 0.723428 0.929398 0.98513
 0.0936082 0.341996 0.723428 0.929398 0.98513
 0.0936082 0.341996 0.723428 0.929398 0.98513
 0.0936082 0.341996 0.723428 0.929398 0.98513
 0.0936082 0.341996 0.723428 0.929398 0.98513
 0.0936082 0.341996 0.723428 0.929398 0.98513
 0.0936082 0.341996 0.723428 0.929398 0.98513
 0.0936082 0.341996 0.723428 0.929398 0.98513
 0.0936082 0.341996 0.723428 0.929398 0.98513
 0.0936082 0.341996 0.723428 0.929398 0.98513
 0.0936082 0.341996 0.723428 0.929398 0.98513
 0.0936082 0.341996 0.723428 0.929398 0.98513
 0.0936082 0.341996 0.723428 0.929398 0.98513
 0.0936082 0.341996 0.723428 0.929398 0.98513
 0.0936082 0.341996 0.723428 0.929398 0.98513
 0.0936082 0.341996 0.723428 0.929398 0.98513
 0.0936082 0.341996 0.723428 0.929398 0.98513
 0.0936082 0.341996 0.723428 0.929398 0.98513
 0.0936082 0.341996 0.723428 0.929398 0.98513
 0.0936082 0.341996 0.723428 0.929398 0.98513
 0.0936082 0.341996 0.723428 0.929398 0.98513
Scru_pelaces
 0.0813676 0.308324 0.691678 0.918633 0.982704
 0.0813676 0.308324 0.691678 0.918633 0.982704
 0.0813676 0.308324 0.691678 0.918633 0.982704
 0.0813676 0.308324 0.691678 0.918633 0.982704
 0.0813676 0.308324 0.691678 0.918633 0.982704
 0.0813676 0.308324 0.691678 0.918633 0.982704
 0.0813676 0.308324 0.691678 0.918633 0.982704
 0.0813676 0.308324 0.691678 0.918633 0.982704
 0.0813676 0.308324 0.691678 0.918633 0.982704
 0.0813676 0.308324 0.691678 0.918633 0.982704
 0.0813676 0.308324 0.691678 0.918633 0.982704
 0.0813676 0.308324 0.691678 0.918633 0.982704
 0.0813676 0.308324 0.691678 0.918633 0.982704
 0.0813676 0.308324 0.691678 0.918633 0.982704
 0.0813676 0.308324 0.691678 0.918633 0.982704
 0.0813676 0.308324 0.691678 0.918633 0.982704
 0.0813676 0.308324 0.691678 0.918633 0.982704
 0.0813676 0.308324 0.691678 0.918633 0.982704
 0.0813676 0.308324 0.691678 0.918633 0.982704
 0.0813676 0.308324 0.691678 0.918633 0.982704
 0.0813676 0.308324 0.691678 0.918633 0.982704
 0.0813676 0.308324 0.691678 0.918633 0.982704
 0.0813676 0.308324 0.691678 0.918633 0.982704
 0.0813676 0.308324 0.691678 0.918633 0.982704
 0.0813676 0.308324 0.691678 0.918633 0.982704
pf_obs 
 0.256992 0.487395 0.22802 0.0275931 0
 0.321318 0.546541 0.124235 0.00734118 0.000564706
 0.182869 0.594174 0.210203 0.0122559 0.00049798
 0.330522 0.361315 0.267642 0.0388342 0.00168674
 0.649043 0.306663 0.0425973 0.00169635 0
 0.582887 0.30429 0.105238 0.00758474 0
 0.465427 0.430635 0.0974691 0.00646863 0
 0.296916 0.608066 0.0921331 0.00288517 0
 0.311714 0.524322 0.152257 0.0117073 0
 0.15457 0.633149 0.183074 0.0267441 0.00246327
 0.131901 0.49318 0.331252 0.0422183 0.00144891
 0.196976 0.569456 0.194076 0.0375587 0.00193317
 0.518974 0.381816 0.0799577 0.0180837 0.00116848
 0.0928022 0.601141 0.25162 0.0475244 0.00691264
 0.122501 0.610282 0.24278 0.0234846 0.000952079
 0.383417 0.481906 0.127806 0.00687128 0
 0.0376549 0.599619 0.316969 0.0457579 0
 0.0361596 0.667082 0.258105 0.0386534 0
 0.158088 0.579412 0.248529 0.0139706 0
 0.0477256 0.309471 0.559284 0.082774 0.000745712
 0.0406174 0.521527 0.379366 0.0568643 0.0016247
 0.151134 0.462217 0.34131 0.0453401 0
 0.294876 0.26143 0.354403 0.0886775 0.000613685
 0.281977 0.475581 0.204845 0.0348837 0.00271318
 0.0841818 0.532909 0.334909 0.0458182 0.00218182
pf_pred 
 0.0129669 0.639771 0.306824 0.040436 2.01188e-06
 0.033695 0.108612 0.601182 0.226799 0.0297115
 0.0111225 0.302024 0.0967613 0.414416 0.175677
 0.145729 0.16196 0.275812 0.0592118 0.357287
 0.628002 0.280865 0.0230637 0.0272771 0.0407922
 0.0917921 0.861837 0.037133 0.00234957 0.00688827
 0.564108 0.292321 0.138861 0.00378007 0.000928793
 0.235558 0.73948 0.0190787 0.00569248 0.00019065
 0.274815 0.624612 0.0984741 0.00160846 0.000489991
 0.37788 0.563303 0.0536988 0.00501334 0.000105334
 0.180442 0.751967 0.0632617 0.00395634 0.000372946
 0.184423 0.681568 0.127081 0.00648965 0.000438215
 0.31048 0.574462 0.102394 0.0120171 0.000647088
 0.26421 0.699182 0.0331793 0.00305724 0.000371403
 0.251239 0.732096 0.0163591 0.000278583 2.7985e-05
 0.286926 0.695015 0.0179126 0.000143789 2.61954e-06
 0.24821 0.692273 0.0586574 0.000852683 6.86259e-06
 0.307014 0.624882 0.0649128 0.00314617 4.54146e-05
 0.193728 0.726172 0.074979 0.00488397 0.000237164
 0.240272 0.601643 0.146992 0.0103901 0.000702634
 0.324089 0.586078 0.0770605 0.0118864 0.000886075
 0.226477 0.671482 0.0920421 0.00858787 0.00141074
 0.298656 0.56598 0.122288 0.0118056 0.00127076
 0.214485 0.688532 0.0834955 0.012197 0.00129086
 0.0176473 0.803396 0.163389 0.0134217 0.00214603
pobs_RECLAS
 0 0 0 0 0
 0 0 0 0 0
 0 0 0 0 0
 0 0 0 0 0
 0.835266 0.146461 0.0176864 0.000547809 3.91292e-05
 0.385257 0.428462 0.181853 0.0044286 0
 0.867414 0.0963971 0.0333333 0.00285562 0
 0.441836 0.489002 0.0689373 0.000224442 0
 0.779404 0.147425 0.0564933 0.0165055 0.000172143
 0.814271 0.122319 0.05973 0.00367925 0
 0.40263 0.566651 0.0304383 0.000280538 0
 0.475488 0.404961 0.113038 0.00651328 0
 0.955842 0.0263864 0.0167828 0.000988607 0
 0.975058 0.0227948 0.00214734 0 0
 0.738997 0.206755 0.0527124 0.00153531 0
 0.850938 0.134255 0.0134407 0.00136685 0
 0.542534 0.407297 0.0501686 0 0
 0.764087 0.199537 0.0359546 0.000420521 0
 0.470689 0.182191 0.310203 0.0369168 0
 0.84361 0.089868 0.0606195 0.00523954 0.000663233
 0.607945 0.314616 0.071237 0.00620181 0
 0.523733 0.453247 0.0230204 0 0
 0.530135 0.295979 0.169645 0.0042399 0
 0.562478 0.366248 0.0663022 0.0049721 0
 0.250443 0.683176 0.0655157 0.000865301 0
ppred_RECLAS
 0.0282302 0.499655 0.40408 0.068031 3.5874e-06
 0.0534287 0.0613726 0.571531 0.275427 0.0382408
 0.0196557 0.174017 0.0903929 0.493997 0.221937
 0.22189 0.0823787 0.229888 0.0629946 0.402849
 0.789364 0.125584 0.0173391 0.0261951 0.041518
 0.238381 0.697971 0.0478049 0.00385746 0.0119852
 0.776806 0.124935 0.0941408 0.0032679 0.000850959
 0.490921 0.481525 0.0197658 0.00752103 0.000266952
 0.543477 0.364827 0.0892382 0.00185749 0.000599678
 0.640507 0.306673 0.0470872 0.00560836 0.000124882
 0.410217 0.515844 0.0679782 0.00541918 0.000541381
 0.397747 0.457374 0.135428 0.00881934 0.000631136
 0.61379 0.296372 0.0775913 0.0115858 0.000661133
 0.669176 0.310114 0.0182998 0.00213507 0.000274841
 0.655818 0.334661 0.00929917 0.000200514 2.13436e-05
 0.583825 0.400304 0.0157067 0.000160582 3.10031e-06
 0.524994 0.419572 0.054418 0.00100768 8.59475e-06
 0.574441 0.362186 0.0596307 0.00368539 5.63789e-05
 0.404959 0.502857 0.0847735 0.00704757 0.000362697
 0.473582 0.369257 0.143317 0.0129186 0.000925857
 0.563488 0.345626 0.0749586 0.014761 0.00116619
 0.442786 0.443218 0.10001 0.0119123 0.00207391
 0.534614 0.332522 0.116829 0.014393 0.00164193
 0.433487 0.457509 0.0902849 0.0168309 0.00188782
 0.0484363 0.697061 0.226722 0.0237553 0.0040254
pobs_PELACES
 0 0 0 0 0
 0 0 0 0 0
 0 0 0 0 0
 0 0 0 0 0
 0 0 0 0 0
 0 0 0 0 0
 0 0 0 0 0
 0 0 0 0 0
 0 0 0 0 0
 0 0 0 0 0
 0.450072 0.473896 0.0757376 0.000293798 0
 0 0 0 0 0
 0.463077 0.371075 0.160297 0.00555027 0
 0.529543 0.364841 0.0842815 0.0213345 0
 0.631943 0.363953 0.00410389 0 0
 0.735681 0.248677 0.0153453 0.000297389 0
 0.695825 0.281241 0.0229344 0 0
 0.275771 0.60734 0.115278 0.00161068 0
 0 0 0 0 0
 0.896147 0.0623911 0.0374545 0.00400742 0
 0.803859 0.145111 0.0509908 3.86294e-05 0
 0.739449 0.233085 0.0266225 0.000797448 4.60066e-05
 0.878498 0.100942 0.0204185 0.000141795 0
 0.694673 0.275183 0.0284847 0.00165964 0
 0.469039 0.446079 0.0841089 0.000773354 0
ppred_PELACES
 0.0277174 0.487385 0.41303 0.0718636 3.82443e-06
 0.0528344 0.0585606 0.566826 0.282232 0.0395467
 0.0261319 0.173193 0.0871203 0.49096 0.222595
 0.263097 0.0773348 0.212278 0.0600092 0.38728
 0.791894 0.120689 0.0172847 0.0269788 0.043154
 0.314832 0.63038 0.040769 0.00338993 0.010629
 0.840441 0.091606 0.0650161 0.00232549 0.000611098
 0.584815 0.393705 0.0152757 0.00598976 0.000214548
 0.660884 0.275431 0.0619251 0.00132724 0.000432407
 0.711871 0.247136 0.0364203 0.00447204 0.000100492
 0.521396 0.42226 0.0516728 0.00424283 0.000427739
 0.49568 0.388131 0.108391 0.00727341 0.00052527
 0.760689 0.189106 0.0431921 0.00663125 0.000381852
 0.864475 0.128917 0.00582178 0.000695857 9.03838e-05
 0.856321 0.140616 0.00299016 6.60531e-05 7.09443e-06
 0.70833 0.281599 0.00996408 0.00010484 2.04258e-06
 0.654043 0.308932 0.036327 0.00069239 5.95948e-06
 0.668444 0.284612 0.0440923 0.0028078 4.33467e-05
 0.467952 0.450973 0.074367 0.00637701 0.000331198
 0.572802 0.30456 0.11153 0.0103593 0.000749236
 0.610705 0.308244 0.0664677 0.013507 0.00107692
 0.494553 0.402456 0.0899875 0.0110598 0.00194317
 0.603557 0.285203 0.0974357 0.0123795 0.00142519
 0.501842 0.403953 0.0775976 0.014919 0.00168872
 0.0683756 0.690854 0.213741 0.0230821 0.00394715
pobs_pel_tallas
 0 0 0 0 0 0 0 0 0 0 0 0 0 0 0 0 0 0 0 0 0 0 0 0 0 0 0 0 0 0 0 0 0 0 0 0
 0 0 0 0 0 0 0 0 0 0 0 0 0 0 0 0 0 0 0 0 0 0 0 0 0 0 0 0 0 0 0 0 0 0 0 0
 0 0 0 0 0 0 0 0 0 0 0 0 0 0 0 0 0 0 0 0 0 0 0 0 0 0 0 0 0 0 0 0 0 0 0 0
 0 0 0 0 0 0 0 0 0 0 0 0 0 0 0 0 0 0 0 0 0 0 0 0 0 0 0 0 0 0 0 0 0 0 0 0
 0 0 0 0 0 0 0 0 0 0 0 0 0 0 0 0 0 0 0 0 0 0 0 0 0 0 0 0 0 0 0 0 0 0 0 0
 0 0 0 0 0 0 0 0 0 0 0 0 0 0 0 0 0 0 0 0 0 0 0 0 0 0 0 0 0 0 0 0 0 0 0 0
 0 0 0 0 0 0 0 0 0 0 0 0 0 0 0 0 0 0 0 0 0 0 0 0 0 0 0 0 0 0 0 0 0 0 0 0
 0 0 0 0 0 0 0 0 0 0 0 0 0 0 0 0 0 0 0 0 0 0 0 0 0 0 0 0 0 0 0 0 0 0 0 0
 0 0 0 0 0 0 0 0 0 0 0 0 0 0 0 0 0 0 0 0 0 0 0 0 0 0 0 0 0 0 0 0 0 0 0 0
 0 0 0 0 0 0 0 0 0 0 0 0 0 0 0 0 0 0 0 0 0 0 0 0 0 0 0 0 0 0 0 0 0 0 0 0
 0 0 0 0 0 0 0 0 1.78061e-05 0.00172719 0.00360574 0.0105946 0.0120993 0.0124554 0.0147524 0.0171206 0.0266825 0.0428682 0.0675386 0.121331 0.153587 0.119568 0.100827 0.0573624 0.0630603 0.0341343 0.0324427 0.0444173 0.0211091 0.0280891 0.0125444 0.00206551 0 0 0 0
 0 0 0 0 0 0 0 0 0 0 0 0 0 0 0 0 0 0 0 0 0 0 0 0 0 0 0 0 0 0 0 0 0 0 0 0
 0 0 0 0 0 0 0.0133647 0.0140871 0.0187388 0.0205184 0.03894 0.0496705 0.03968 0.0493445 0.0407372 0.0367815 0.0215668 0.0243155 0.0234873 0.0199281 0.019796 0.0243948 0.0301388 0.0376714 0.0412746 0.0863199 0.0771752 0.113111 0.0741005 0.0525337 0.0229764 0.00759418 0.00175318 0 0 0
 0 0 0 0 0 0 0 0 0 0 0.00219441 0.00772107 0.0458388 0.0604681 0.0671733 0.0775358 0.0609151 0.0617685 0.073594 0.0568108 0.0755445 0.0548602 0.0670107 0.0636378 0.0643287 0.046367 0.0373049 0.0286899 0.0247887 0.0153202 0.00654259 0.00121912 0.000365735 0 0 0
 0 0 0 0 0 0 0 0 0 0 0 0 0.000112435 0.00938835 0.0111873 0.0202946 0.0414886 0.0713402 0.111592 0.104902 0.108894 0.110636 0.117776 0.105296 0.107544 0.0401394 0.0192827 0.0124803 0.00416011 0.0028671 0.000618394 0 0 0 0 0
 0 0 0 0 0 0 0 0 0 0 0.00291406 0.0102884 0.027416 0.0768956 0.0749926 0.110853 0.0956884 0.0897413 0.0766577 0.0534642 0.0500743 0.0551293 0.0594112 0.0620874 0.0668451 0.0424026 0.0208742 0.0120726 0.0048766 0.00582813 0.00118941 0.000297354 0 0 0 0
 0 0.00264628 0.0354308 0.0461629 0.0458689 0.0383711 0.0214643 0.0164657 0.0346957 0.0420465 0.0363128 0.0245516 0.0311673 0.0291091 0.0169068 0.0133784 0.00837989 0.0085269 0.0148486 0.0160247 0.0276389 0.0546898 0.0760071 0.122758 0.109233 0.0665981 0.0333725 0.0166128 0.00676272 0.00308733 0.000882094 0 0 0 0 0
 0 0 0 0 0 0 0 0.000805153 0.000690131 0.00759144 0.0133425 0.0154129 0.00931677 0.000345066 0.00356568 0.00563607 0.00851162 0.0253048 0.0502646 0.0516448 0.0657925 0.0565908 0.0611916 0.0827007 0.0866115 0.110766 0.145733 0.0935128 0.0569358 0.0249597 0.0138026 0.00621118 0.00161031 0.00115022 0 0
 0 0 0 0 0 0 0 0 0 0 0 0 0 0 0 0 0 0 0 0 0 0 0 0 0 0 0 0 0 0 0 0 0 0 0 0
 0.00147267 0.00158595 0.00478618 0.00569244 0.00954404 0.0108468 0.00647125 0.017049 0.0510054 0.094081 0.124002 0.0959785 0.0687766 0.0820023 0.061753 0.0591476 0.0492212 0.0479892 0.0443925 0.0268479 0.0217502 0.0140895 0.0121071 0.0120363 0.00920419 0.00665534 0.0049561 0.00860946 0.00930331 0.0156896 0.0114698 0.00855282 0.00243557 0.00046729 0 2.83206e-05
 0 0 0 0 0.000772559 0.00158375 0.000888443 0.00281984 0.00712685 0.0440552 0.0773331 0.111326 0.0921469 0.0852325 0.0710754 0.0886704 0.0786465 0.0553345 0.0373146 0.0185414 0.00753245 0.00457741 0.012979 0.0271748 0.0457355 0.0583668 0.034881 0.0177882 0.00938659 0.00492506 0.0015258 0.00185414 0.000309023 5.79419e-05 3.86279e-05 0
 0 0.00173294 0.00326652 0 0.00397197 0.00683976 0.00946217 0.0152591 0.00757587 0.0136028 0.0228656 0.0392903 0.0559909 0.0764795 0.0681675 0.0726916 0.0566044 0.0477403 0.0527397 0.0444891 0.0609904 0.0582453 0.0661739 0.0445044 0.0529084 0.0360697 0.0280645 0.0235558 0.0158879 0.00826598 0.00280645 0.00217768 0.000904811 0.00058276 9.20147e-05 0
 0 0 0 0 0 0 0 0 0 0 0 0 0 0 0 0 0 0 0 0 0 0 0 0 0 0 0 0 0 0 0 0 0 0 0 0
 0 0 0 0 0 0 0 0 0 0 0 0 0 0 0 0 0 0 0 0 0 0 0 0 0 0 0 0 0 0 0 0 0 0 0 0
 0 0 0 0 0 0 0 0 0 0 0 0 0 0 0 0 0 0 0 0 0 0 0 0 0 0 0 0 0 0 0 0 0 0 0 0
ppred_pel_tallas
 1.08492e-16 1.24198e-06 7.20568e-06 3.40796e-05 0.000130919 0.000407988 0.00103108 0.00211386 0.00351981 0.00477508 0.0053231 0.0049974 0.00423738 0.00380866 0.00435516 0.00621483 0.00952222 0.0143415 0.0206737 0.0283741 0.0370769 0.0461854 0.0549409 0.0625534 0.068354 0.071918 0.0731235 0.0721274 0.0692791 0.0650101 0.0597384 0.0538172 0.0475279 0.0411001 0.034739 0.0286394
 1.19611e-16 2.31986e-06 1.35732e-05 6.44385e-05 0.000247956 0.000773069 0.00195273 0.00399649 0.00662856 0.00891413 0.0097326 0.00866211 0.00637129 0.00407006 0.00265359 0.00237673 0.00311579 0.00473104 0.00721636 0.0106682 0.0152045 0.0208983 0.0277321 0.0355672 0.0441257 0.05299 0.0616222 0.0694085 0.0757242 0.0800144 0.081875 0.081118 0.077807 0.0722484 0.0649469 0.0565268
 1.28564e-16 1.15825e-06 6.74769e-06 3.19765e-05 0.000122948 0.000383227 0.000968145 0.00198259 0.00329286 0.00444207 0.00488631 0.00443505 0.00344851 0.00256917 0.0022997 0.00283908 0.00420338 0.00638996 0.00943268 0.0133696 0.0181955 0.0238371 0.0301559 0.0369678 0.0440678 0.0512431 0.0582716 0.0649038 0.0708449 0.0757494 0.0792444 0.0809799 0.080696 0.078285 0.0738326 0.06762
 1.23197e-16 1.14877e-05 6.7398e-05 0.000320332 0.00123322 0.00384557 0.0097136 0.0198757 0.0329481 0.0442542 0.0481727 0.0425284 0.0305243 0.0179816 0.00905123 0.00456909 0.00334997 0.00400541 0.00573468 0.00825375 0.0115114 0.0155039 0.0202 0.0255195 0.0313286 0.0374391 0.043608 0.0495392 0.0548949 0.0593174 0.0624659 0.0640617 0.0639336 0.0620509 0.0585355 0.0536495
 1.03229e-16 3.45477e-05 0.000202776 0.000963924 0.00371119 0.011573 0.0292325 0.059813 0.0991449 0.133143 0.144871 0.127751 0.0913708 0.0531677 0.0255099 0.0107381 0.00505456 0.00400036 0.004851 0.00642934 0.00828806 0.0101952 0.011956 0.0133939 0.0143784 0.0148517 0.0148378 0.0144279 0.0137492 0.0129278 0.0120596 0.0111959 0.0103471 0.00949709 0.00862256 0.00770857
 1.01398e-16 1.37664e-05 8.07241e-05 0.000383571 0.00147651 0.00460412 0.0116303 0.0238015 0.0394703 0.0530578 0.05787 0.0513609 0.0374535 0.0232452 0.0138714 0.0105177 0.0119214 0.0164766 0.0230965 0.0310572 0.0396333 0.0479287 0.0549274 0.0596755 0.0614971 0.0601586 0.0559259 0.0494877 0.0417788 0.0337619 0.0262373 0.0197316 0.0144761 0.0104594 0.00751598 0.0054155
 1.01062e-16 3.66637e-05 0.000215201 0.001023 0.00393864 0.0122823 0.0310241 0.0634786 0.10522 0.141298 0.153736 0.135549 0.0969054 0.0563022 0.0268532 0.0110277 0.0047813 0.00337252 0.00391071 0.00516151 0.00668056 0.00826399 0.00975081 0.010991 0.0118637 0.0122985 0.0122868 0.0118753 0.0111484 0.0102042 0.00913496 0.00801426 0.00689527 0.00581429 0.00479716 0.00386404
 1.00561e-16 2.55293e-05 0.000149804 0.000712035 0.00274126 0.00854827 0.0215925 0.0441832 0.0732462 0.0983906 0.107129 0.0946391 0.0680591 0.0403513 0.0207614 0.0111476 0.00882979 0.0105951 0.0144209 0.0192935 0.0245849 0.0296926 0.0339738 0.0368326 0.03785 0.0368859 0.0341147 0.0299758 0.0250631 0.0199864 0.0152517 0.0111905 0.00794644 0.00550789 0.00376429 0.00256332
 1.01035e-16 2.88416e-05 0.000169261 0.000804557 0.00309753 0.00965932 0.0243988 0.0499242 0.0827586 0.111154 0.120987 0.106789 0.0765958 0.0450099 0.0224195 0.0108555 0.00722417 0.00785555 0.0104757 0.0140251 0.0179638 0.0218514 0.0252345 0.0276872 0.028897 0.0287352 0.0272839 0.0248067 0.0216768 0.0182875 0.0149744 0.0119692 0.00939036 0.00726293 0.00555186 0.00419515
 1.00756e-16 3.10637e-05 0.000182309 0.000866597 0.00333641 0.0104043 0.0262804 0.0537739 0.0891386 0.119718 0.130296 0.114976 0.0824029 0.0482908 0.023809 0.0111208 0.00686881 0.0070808 0.00930179 0.012406 0.0158524 0.0192312 0.0221331 0.0241791 0.0250957 0.0247788 0.0233159 0.0209589 0.0180568 0.0149733 0.012015 0.00938839 0.00719225 0.00543642 0.00407408 0.00303399
 1.01037e-16 2.27652e-05 0.000133574 0.000634867 0.00244413 0.00762168 0.0192521 0.0393947 0.0653102 0.087737 0.0955471 0.0844503 0.0608249 0.0362493 0.0189958 0.0107557 0.00917473 0.0114154 0.0156815 0.0210466 0.0268916 0.0325863 0.0374443 0.0408207 0.0422532 0.0415702 0.0389316 0.0347784 0.0297186 0.0243836 0.0193035 0.0148338 0.0111412 0.00823591 0.00602853 0.00438627
 1.0194e-16 2.16426e-05 0.000126986 0.000603554 0.00232358 0.00724574 0.0183025 0.0374515 0.0620885 0.0834085 0.0908319 0.0802795 0.0578141 0.0344421 0.0180269 0.0101771 0.00865768 0.0107791 0.0148478 0.020004 0.0256859 0.031323 0.0362863 0.0399741 0.0419382 0.0419834 0.0402067 0.0369575 0.0327397 0.0280888 0.0234649 0.0191903 0.0154368 0.0122523 0.00960634 0.00743289
 1.00921e-16 3.319e-05 0.000194798 0.000925982 0.00356508 0.0111174 0.0280816 0.0574588 0.0952447 0.127912 0.139197 0.122788 0.0879108 0.0513352 0.0249693 0.0110926 0.0060871 0.00568834 0.00727545 0.00968055 0.0123981 0.0150951 0.0174554 0.0191862 0.0200725 0.0200246 0.0190962 0.0174642 0.0153801 0.0131089 0.0108761 0.00883684 0.00707031 0.00559325 0.00438324 0.00340108
 1.00153e-16 3.7713e-05 0.000221358 0.00105226 0.00405132 0.0126337 0.0319117 0.0652949 0.108231 0.145345 0.158145 0.139452 0.0997282 0.058008 0.0277883 0.0116174 0.00534098 0.00407978 0.00484584 0.00633867 0.00805402 0.00972407 0.0111252 0.01206 0.0123909 0.0120718 0.0111595 0.0097979 0.00818166 0.00651088 0.00495195 0.00361419 0.00254542 0.00174252 0.00116975 0.000777353
 1.00091e-16 3.73579e-05 0.000219272 0.00104235 0.00401313 0.0125146 0.0316108 0.0646794 0.107211 0.143976 0.156659 0.138148 0.0988116 0.0575058 0.0276056 0.0116407 0.00550056 0.00435518 0.00524378 0.00687153 0.00872591 0.0105231 0.0120207 0.0130041 0.0133244 0.0129335 0.0118964 0.0103734 0.00858042 0.00673853 0.0050312 0.00357834 0.00243136 0.00158483 0.000996819 0.00060971
 1.00237e-16 3.09106e-05 0.000181408 0.000862303 0.00331987 0.0103527 0.0261502 0.0535076 0.0886981 0.119129 0.129663 0.114435 0.0820547 0.0481655 0.023893 0.011402 0.0073625 0.00782664 0.0103444 0.0137723 0.0175314 0.0211593 0.0241898 0.0261954 0.0268769 0.0261354 0.024098 0.0210824 0.0175171 0.0138425 0.0104244 0.00750278 0.00518194 0.00345355 0.00223697 0.00142036
 1.00641e-16 2.85446e-05 0.000167515 0.000796248 0.00306553 0.00955951 0.0241467 0.0494087 0.081905 0.11001 0.11975 0.105716 0.0758667 0.0446628 0.0223968 0.0110915 0.00769678 0.00858595 0.0115023 0.0153746 0.0196282 0.0237729 0.0273004 0.0297382 0.0307485 0.0302072 0.0282333 0.0251524 0.0214124 0.0174785 0.0137412 0.0104627 0.00776535 0.00565635 0.00406857 0.00290234
 1.00818e-16 2.91716e-05 0.000171198 0.000813763 0.00313298 0.00976984 0.024678 0.0504955 0.0837057 0.112426 0.122373 0.108014 0.0774793 0.0455381 0.0226989 0.0110165 0.00736169 0.00802093 0.0106901 0.0142907 0.0182668 0.0221619 0.0255075 0.0278666 0.0289237 0.0285579 0.0268694 0.0241475 0.0207941 0.0172286 0.013805 0.0107626 0.00821715 0.00618151 0.00460318 0.00340091
 1.01438e-16 2.0436e-05 0.000119897 0.000569837 0.00219374 0.00684084 0.0172798 0.0353595 0.0586226 0.0787598 0.0857887 0.0758677 0.0547359 0.0328063 0.0175321 0.0104655 0.00952785 0.0121981 0.0168698 0.0226863 0.0290305 0.0352424 0.0405911 0.0443856 0.0461247 0.0456133 0.0430061 0.0387562 0.033495 0.0278822 0.0224751 0.0176515 0.0135949 0.0103285 0.00777314 0.00580505
 1.02074e-16 2.50021e-05 0.000146717 0.000697374 0.00268484 0.00837234 0.0211481 0.0432732 0.0717354 0.096355 0.104896 0.0926282 0.0665292 0.0392772 0.0199047 0.0102069 0.00753914 0.00875094 0.0118849 0.0160091 0.0206081 0.0252204 0.0293505 0.0325225 0.0343742 0.0347356 0.03366 0.0313951 0.0283101 0.0248027 0.0212196 0.0178093 0.0147133 0.0119852 0.00962428 0.00760464
 1.01559e-16 2.66549e-05 0.00015642 0.000743503 0.00286245 0.00892621 0.0225471 0.0461357 0.0764801 0.102726 0.111827 0.0987352 0.0708874 0.0417931 0.021073 0.0106286 0.00762596 0.00869207 0.0117289 0.0157379 0.0201741 0.0245605 0.0283943 0.0312011 0.0326322 0.0325431 0.0310233 0.0283631 0.0249736 0.0212868 0.0176695 0.0143726 0.0115223 0.0091429 0.00719502 0.00561258
 1.0188e-16 2.1594e-05 0.0001267 0.000602189 0.00231832 0.00722935 0.0182611 0.0373669 0.0619486 0.0832218 0.0906317 0.08011 0.0577083 0.0344113 0.0180693 0.0102922 0.00885436 0.0110735 0.0152567 0.0205356 0.0263322 0.0320548 0.0370516 0.040703 0.0425527 0.0424112 0.0403954 0.0368847 0.0324177 0.0275611 0.0227972 0.0184576 0.0147104 0.0115902 0.00904684 0.006994
 1.01969e-16 2.63423e-05 0.000154587 0.000734794 0.00282892 0.00882166 0.022283 0.0455952 0.0755836 0.10152 0.110511 0.0975645 0.070028 0.0412487 0.0207297 0.0103452 0.00729067 0.00823311 0.0111064 0.01494 0.0192208 0.0235091 0.0273402 0.0302694 0.0319605 0.032258 0.031216 0.0290711 0.0261725 0.0228949 0.0195631 0.0164076 0.013557 0.0110566 0.00889986 0.00705797
 1.01825e-16 2.19118e-05 0.000128565 0.000611059 0.00235247 0.00733585 0.0185301 0.0379173 0.0628609 0.0844469 0.0919646 0.0812848 0.0585473 0.0348969 0.0182971 0.0103785 0.00887887 0.0110733 0.0152411 0.0205008 0.0262675 0.0319455 0.036881 0.0404541 0.0422117 0.0419708 0.0398571 0.0362611 0.0317314 0.0268429 0.0220819 0.0177793 0.0140984 0.0110651 0.00861929 0.00666463
 1.04237e-16 3.02265e-06 1.76422e-05 8.36571e-05 0.000321739 0.00100301 0.00253427 0.00519094 0.00862539 0.0116467 0.01284 0.0117212 0.0092532 0.00714237 0.00672518 0.00852157 0.0125205 0.0185685 0.0264708 0.0358757 0.0461517 0.0563749 0.0654443 0.0722898 0.0761057 0.0765301 0.0737146 0.0682556 0.0610229 0.0529448 0.0448219 0.0372177 0.0304387 0.0245813 0.0196098 0.015431
pSPR Fmed_Fpbrs
0.330063   0.6 0.325
Fs Fmed_Fpbrs
1.44129   0.427474 1.48072
SSBpbr Bo_Bmed_Bpbrs
892883  250064  491086 245543
Ro
16983.5
SPR SPRFo_SPRFmed_SPRFpbrs
349229 115268 113500
log_Ro
9.56
likeval ReclasPelacesDesembMPH_pf_preclas_ppelaces_ptallas_desvR_qrecl_qpela
 68.7196 13.6684 0.260562 0.000160638 379.234 196.984 85.4256 0 43.3733 0.000173586 0.000726164 2.38882e-14 0 0 0
q_reclas_q_pelaces
6.46876 46.2383
M
0.7
N
 8520.97 44060.7 17154.1 2249.16 0.111894
 11891.9 4171.19 18932 7107.65 931.027
 1451.67 5765.04 1624.73 6937.84 2940.86
 4227.28 646.706 956.24 204.609 1234.53
 39063.7 1918.68 129.508 152.436 227.94
 12541.3 18891.9 729.367 46.0351 134.955
 64629.4 5421.21 2311.42 62.7669 15.4215
 55502.2 27853.6 643.488 191.514 6.41374
 60078.4 24021.1 3450.02 56.2347 17.1302
 111556 25147.4 2123.32 197.681 4.15316
 69401.8 49171.7 3746.32 233.77 22.0354
 49387.7 29406.9 4917 250.475 16.9125
 55819.3 21318.5 3546.84 415.637 22.3802
 29383.1 21952.5 1004 92.4382 11.2295
 12011.6 9881.57 212.808 3.62111 0.363751
 8917.84 4039.5 95.7923 0.767534 0.0139823
 7114.33 3648.76 283.712 4.11637 0.0331282
 8860.67 2929.47 273.317 13.2148 0.190743
 7232.21 3814.2 343.588 22.3094 1.08326
 8094.09 3260.82 714.243 50.3608 3.40548
 14662.7 3495.54 395.193 60.7402 4.52755
 17012.5 6741.2 797.016 74.1059 12.1725
 28551.6 7790.04 1475.72 142.03 15.2872
 27771.6 12782.1 1357.81 197.738 20.926
 1749.77 12449 2257.18 184.932 29.5675
pred_Ctot
 87.2533 4304.96 2064.59 272.09 0.0135378
 203.486 655.916 3630.58 1369.65 179.429
 108.091 2935.13 940.348 4027.38 1707.27
 262.801 292.071 497.387 106.78 644.315
 734.681 328.575 26.9815 31.9106 47.7215
 1177.54 11056 476.356 30.1412 88.3654
 6191.5 3208.44 1524.11 41.489 10.1942
 5168.27 16224.6 418.597 124.896 4.18296
 6854.51 15579.2 2456.17 40.1186 12.2215
 9078.3 13533 1290.08 120.442 2.53057
 7391.04 30801.2 2591.25 162.055 15.2762
 4681.65 17301.9 3226 164.742 11.1243
 8464.17 15660.7 2791.42 327.604 17.6406
 6974.75 18457.3 875.884 80.7064 9.80449
 2851.21 8308.28 185.653 3.16153 0.317591
 1141.86 2765.9 71.2855 0.572226 0.0104248
 883.34 2463.69 208.752 3.03456 0.0244229
 855.511 1741.27 180.883 8.76698 0.12655
 481.444 1804.65 186.335 12.1374 0.589389
 764.817 1915.1 467.895 33.073 2.23657
 785.663 1420.78 186.812 28.8152 2.14804
 957.582 2839.14 389.169 36.311 5.96485
 2034.15 3854.89 832.903 80.408 8.65517
 1955.02 6275.95 761.059 111.175 11.7661
 154.496 7033.43 1430.41 117.502 18.7877
F
 0.0143289 0.144714 0.181063 0.182072 0.182095
 0.0240471 0.242862 0.303864 0.305558 0.305595
 0.108576 1.09656 1.372 1.37964 1.37981
 0.0899211 0.90815 1.13626 1.14259 1.14274
 0.0264585 0.267216 0.334336 0.336199 0.336241
 0.138708 1.40087 1.75275 1.76252 1.76273
 0.141708 1.43117 1.79066 1.80064 1.80086
 0.137491 1.38858 1.73737 1.74705 1.74727
 0.170896 1.72595 2.15948 2.17151 2.17178
 0.119213 1.20398 1.5064 1.5148 1.51498
 0.158684 1.60262 2.00517 2.01634 2.01659
 0.140124 1.41517 1.77064 1.78051 1.78073
 0.23324 2.35559 2.94727 2.96369 2.96406
 0.38975 3.93625 4.92496 4.95241 4.95302
 0.38975 3.93624 4.92496 4.95241 4.95302
 0.193666 1.95592 2.44721 2.46085 2.46115
 0.187289 1.89151 2.36662 2.37981 2.38011
 0.142893 1.44313 1.80562 1.81569 1.81591
 0.0965661 0.975262 1.22023 1.22703 1.22718
 0.139647 1.41036 1.76462 1.77445 1.77467
 0.0770705 0.778367 0.97388 0.979307 0.979427
 0.081103 0.819093 1.02484 1.03055 1.03067
 0.103667 1.04697 1.30996 1.31726 1.31742
 0.102375 1.03393 1.29364 1.30085 1.30101
 0.129946 1.31238 1.64203 1.65118 1.65138
YTP_r0W_actual
 1730.35 154735 47203.4 4829.34 804.112
YTP_p0W_proyectada
 2614.95 3448.97 13247.4 2263.77 229.994
 2614.95 28013.5 2147.62 5635.88 1109.03
CTP_r0_actual
 154.496 7033.43 1430.41 117.502 18.7877
CTP_p0_proyectada
 307.641 161.167 424.597 55.6209 4.9461
 307.641 1309.04 68.8338 138.474 23.85
Wmedp
 8.5 21.4 31.2 40.7 46.5
nmprior
 10.6 11 7 0
nm_flota  nm_reclas  nm_pelaces    nm_pelaL
inf 20.3079 8.17842 15.3628
cv_recla  cv_pelaces  cv_mph
0.749834 0.41921 0.411208
 ------------------------------------------------
Talla a la edad & desviaci?n 
 7.2 14.2025 17.0495 18.207 18.6776
 1.08 2.13037 2.55742 2.73105 2.80164
