years
 1997 1998 1999 2000 2001 2002 2003 2004 2005 2006 2007 2008 2009 2010 2011 2012 2013 2014 2015 2016 2017 2018 2019 2020 2021
reclasobs
 0 0 0 370054 412103 1.49427e+06 250295 1.28982e+06 931140 785840 897777 1.04006e+06 184774 17550 25797 100020 73551 82996 120727 218422 84188 347160 605670 569463 516374
reclaspred
 2.90782e+06 376066 573388 182821 239498 310266 590093 495051 767232 1.14338e+06 1.21813e+06 802721 444685 202072 129865 120123 129404 165835 159420 211994 379971 375811 583475 626161 585662
pelacesobs
 0 0 0 0 0 0 0 0 0 2.06254e+06 1.5e+06 0 1.87456e+06 323000 250000 174000 83755 137374 0 501740 490994 745055 786931 1.00524e+06 1.33801e+06
pelacespred
 1.28309e+06 503835 176505 131752 139185 128963 307315 286615 427443 664064 626605 427017 237937 86295.6 54267.6 57229.1 64342.4 82864.8 83478.5 106845 211644 220300 259219 328119 290480
mphobs
 0 0 0 0 0 112323 0 153150 637223 0 255016 313432 73983 77613 109348 50772 0 0 0 0 0 0 0 0 0
mphpred
 2.07406e+06 909978 432602 239658 143974 303854 347959 491587 541702 849697 1.21819e+06 867234 492012 265322 121732 103046 105902 131163 147835 148424 265192 359551 411320 529005 572993
desembarqueobs
 350755 77701 442110 56441 14545 235359 269955 359681 431902 328805 639364 411747 362871 311530 167758 66681 60226 58785 57116 73181 50977 67692 138656 160484 209506
desembarquepred
 350734 77680.7 441675 56422.7 14543.9 235192 269835 359268 431548 328597 638680 411396 362359 311080 167487 66645.3 60207.3 58753.4 57077.6 73128.2 50964.2 67658.3 138582 160405 209411
Reclutas
 13328.3 16747.6 3421.17 7920.95 48834.7 20521.5 58908.3 69450.7 126450 185848 65261.8 27978.9 50087.5 27870.1 19406.7 14679.9 11629 11892.8 10110.9 27157.1 36542.7 34278.5 57092 49685.8 3581.7
log_desv_Rt
 -0.662353 -0.433989 -2.02226 -1.18273 0.636196 -0.230772 0.823738 0.988373 1.5876 1.97269 0.926162 0.079205 0.661526 0.0753091 -0.286627 -0.565766 -0.798741 -0.776314 -0.93863 0.0493945 0.346237 0.282273 0.79242 0.653474 -1.97641
SSB
 2.07406e+06 909978 432602 239658 143974 303854 347959 491587 541702 849697 1.21819e+06 867234 492012 265322 121732 103046 105902 131163 147835 148424 265192 359551 411320 529005 572993
BT
 2.72741e+06 1.07706e+06 585803 321600 387589 433386 1.1107e+06 1.08648e+06 1.59997e+06 2.00877e+06 1.86448e+06 1.21761e+06 897260 484095 278571 183730 199612 236313 221115 325670 563168 502836 650644 831068 702081
Ftot
 0.117338 0.199845 0.710641 0.296587 0.0593537 0.702375 0.437277 0.680937 0.535039 0.277573 0.495938 0.484672 0.754846 1.33241 1.15346 0.524935 0.443377 0.340033 0.343139 0.331883 0.13054 0.174612 0.229576 0.247304 0.341986
BD_Bspro_t
 0.981614 0.865399 0.676049 0.374983 0.41545 0.657819 0.50715 0.540118 0.51822 0.570517 0.620688 0.462436 0.336991 0.246051 0.146327 0.149325 0.201431 0.30529 0.386477 0.44941 0.612983 0.73307 0.72874 0.714773 0.668384
BD_Bspro
 3.90217 1.71205 0.813905 0.450897 0.270874 0.571677 0.654656 0.924881 1.01917 1.59864 2.29192 1.63163 0.92568 0.499181 0.229029 0.193873 0.199246 0.246773 0.27814 0.279247 0.498937 0.676467 0.773865 0.995279 1.07804
BD_Bo
 2.05655 0.902296 0.428949 0.237635 0.142758 0.301289 0.345021 0.487437 0.537129 0.842523 1.2079 0.859912 0.487858 0.263082 0.120704 0.102176 0.105008 0.130056 0.146587 0.147171 0.262953 0.356516 0.407848 0.524538 0.568155
BD_Brms
 10.0029 4.38871 2.08638 1.15584 0.694365 1.46545 1.67816 2.37086 2.61256 4.09798 5.87516 4.18255 2.37291 1.27961 0.587097 0.496979 0.510751 0.632583 0.712989 0.715827 1.27899 1.73407 1.98374 2.55132 2.76347
S_f
 0.5 1 1 1 1
 0.5 1 1 1 1
 0.5 1 1 1 1
 0.5 1 1 1 1
 0.5 1 1 1 1
 0.5 1 1 1 1
 0.5 1 1 1 1
 0.5 1 1 1 1
 0.5 1 1 1 1
 0.5 1 1 1 1
 0.5 1 1 1 1
 0.5 1 1 1 1
 0.5 1 1 1 1
 0.5 1 1 1 1
 0.5 1 1 1 1
 0.5 1 1 1 1
 0.5 1 1 1 1
 0.5 1 1 1 1
 0.5 1 1 1 1
 0.5 1 1 1 1
 0.5 1 1 1 1
 0.5 1 1 1 1
 0.5 1 1 1 1
 0.5 1 1 1 1
 0.5 1 1 1 1
Scru_reclas
 0.5 1 1 1 1
 0.5 1 1 1 1
 0.5 1 1 1 1
 0.5 1 1 1 1
 0.5 1 1 1 1
 0.5 1 1 1 1
 0.5 1 1 1 1
 0.5 1 1 1 1
 0.5 1 1 1 1
 0.5 1 1 1 1
 0.5 1 1 1 1
 0.5 1 1 1 1
 0.5 1 1 1 1
 0.5 1 1 1 1
 0.5 1 1 1 1
 0.5 1 1 1 1
 0.5 1 1 1 1
 0.5 1 1 1 1
 0.5 1 1 1 1
 0.5 1 1 1 1
 0.5 1 1 1 1
 0.5 1 1 1 1
 0.5 1 1 1 1
 0.5 1 1 1 1
 0.5 1 1 1 1
Scru_pelaces
 0.5 1 1 1 1
 0.5 1 1 1 1
 0.5 1 1 1 1
 0.5 1 1 1 1
 0.5 1 1 1 1
 0.5 1 1 1 1
 0.5 1 1 1 1
 0.5 1 1 1 1
 0.5 1 1 1 1
 0.5 1 1 1 1
 0.5 1 1 1 1
 0.5 1 1 1 1
 0.5 1 1 1 1
 0.5 1 1 1 1
 0.5 1 1 1 1
 0.5 1 1 1 1
 0.5 1 1 1 1
 0.5 1 1 1 1
 0.5 1 1 1 1
 0.5 1 1 1 1
 0.5 1 1 1 1
 0.5 1 1 1 1
 0.5 1 1 1 1
 0.5 1 1 1 1
 0.5 1 1 1 1
pf_obs 
 0.256992 0.487395 0.22802 0.0275931 0
 0.321318 0.546541 0.124235 0.00734118 0.000564706
 0.182869 0.594174 0.210203 0.0122559 0.00049798
 0.330522 0.361315 0.267642 0.0388342 0.00168674
 0.649043 0.306663 0.0425973 0.00169635 0
 0.582887 0.30429 0.105238 0.00758474 0
 0.465427 0.430635 0.0974691 0.00646863 0
 0.296916 0.608066 0.0921331 0.00288517 0
 0.311714 0.524322 0.152257 0.0117073 0
 0.15457 0.633149 0.183074 0.0267441 0.00246327
 0.131901 0.49318 0.331252 0.0422183 0.00144891
 0.196976 0.569456 0.194076 0.0375587 0.00193317
 0.518974 0.381816 0.0799577 0.0180837 0.00116848
 0.0928022 0.601141 0.25162 0.0475244 0.00691264
 0.122501 0.610282 0.24278 0.0234846 0.000952079
 0.383417 0.481906 0.127806 0.00687128 0
 0.0376549 0.599619 0.316969 0.0457579 0
 0.0361596 0.667082 0.258105 0.0386534 0
 0.158088 0.579412 0.248529 0.0139706 0
 0.0477256 0.309471 0.559284 0.082774 0.000745712
 0.0406174 0.521527 0.379366 0.0568643 0.0016247
 0.151134 0.462217 0.34131 0.0453401 0
 0.294876 0.26143 0.354403 0.0886775 0.000613685
 0.281977 0.475581 0.204845 0.0348837 0.00271318
 0.0841818 0.532909 0.334909 0.0458182 0.00218182
pf_pred 
 0.0779811 0.602268 0.282274 0.037475 1.94229e-06
 0.172488 0.123159 0.460087 0.215636 0.0286296
 0.0742624 0.283451 0.0955916 0.357104 0.189591
 0.369793 0.104411 0.160993 0.0542937 0.310509
 0.803631 0.110173 0.0142807 0.0220197 0.0498955
 0.309314 0.616598 0.0415674 0.005388 0.0271331
 0.702508 0.156209 0.126128 0.0085028 0.00665233
 0.588061 0.347233 0.0339762 0.0274335 0.00329632
 0.691034 0.240312 0.0578699 0.00566248 0.00512143
 0.632688 0.308429 0.0457994 0.011029 0.00205523
 0.261904 0.582082 0.131003 0.019453 0.00555746
 0.216079 0.353432 0.339495 0.0764067 0.0145872
 0.509049 0.190776 0.135335 0.129998 0.034843
 0.429511 0.412171 0.0615197 0.0436415 0.0531565
 0.541424 0.31956 0.100437 0.0149911 0.0235876
 0.538298 0.356448 0.0733462 0.0230526 0.00885466
 0.454016 0.399288 0.113253 0.0233041 0.0101378
 0.474661 0.343763 0.13279 0.0376643 0.0111217
 0.420762 0.385758 0.126606 0.0489059 0.0179676
 0.679624 0.197364 0.081923 0.0268871 0.0142018
 0.575404 0.349707 0.0461345 0.0191497 0.00960467
 0.435759 0.416237 0.1219 0.0160814 0.0100231
 0.543257 0.282625 0.128446 0.0376169 0.00805557
 0.426431 0.411553 0.100253 0.0455624 0.016201
 0.0514777 0.583156 0.262161 0.0638617 0.0393436
pobs_RECLAS
 0 0 0 0 0
 0 0 0 0 0
 0 0 0 0 0
 0 0 0 0 0
 0.835266 0.146461 0.0176864 0.000547809 3.91292e-05
 0.385257 0.428462 0.181853 0.0044286 0
 0.867414 0.0963971 0.0333333 0.00285562 0
 0.441836 0.489002 0.0689373 0.000224442 0
 0.779404 0.147425 0.0564933 0.0165055 0.000172143
 0.814271 0.122319 0.05973 0.00367925 0
 0.40263 0.566651 0.0304383 0.000280538 0
 0.475488 0.404961 0.113038 0.00651328 0
 0.955842 0.0263864 0.0167828 0.000988607 0
 0.975058 0.0227948 0.00214734 0 0
 0.738997 0.206755 0.0527124 0.00153531 0
 0.850938 0.134255 0.0134407 0.00136685 0
 0.542534 0.407297 0.0501686 0 0
 0.764087 0.199537 0.0359546 0.000420521 0
 0.470689 0.182191 0.310203 0.0369168 0
 0.84361 0.089868 0.0606195 0.00523954 0.000663233
 0.607945 0.314616 0.071237 0.00620181 0
 0.523733 0.453247 0.0230204 0 0
 0.530135 0.295979 0.169645 0.0042399 0
 0.562478 0.366248 0.0663022 0.0049721 0
 0.250443 0.683176 0.0655157 0.000865301 0
ppred_RECLAS
 0.0782557 0.602088 0.28219 0.0374638 1.94171e-06
 0.173489 0.12301 0.459531 0.215376 0.0285949
 0.0767472 0.282691 0.0953351 0.356145 0.189082
 0.372416 0.103976 0.160323 0.0540677 0.309217
 0.803919 0.110011 0.0142598 0.0219874 0.0498224
 0.316844 0.609875 0.0411142 0.00532926 0.0268373
 0.70634 0.154197 0.124503 0.00839328 0.00656665
 0.596158 0.340408 0.0333084 0.0268943 0.00323153
 0.696148 0.236335 0.0569121 0.00556876 0.00503667
 0.635092 0.30641 0.0454996 0.0109568 0.00204178
 0.266127 0.578752 0.130254 0.0193418 0.00552567
 0.219671 0.351812 0.337939 0.0760567 0.0145204
 0.518735 0.187012 0.132664 0.127433 0.0341556
 0.451678 0.396156 0.0591294 0.0419458 0.0510911
 0.559296 0.307106 0.0965229 0.0144068 0.0226683
 0.544122 0.351953 0.0724211 0.0227618 0.00874298
 0.458666 0.395888 0.112289 0.0231056 0.0100515
 0.477985 0.341588 0.13195 0.037426 0.0110513
 0.424051 0.383568 0.125887 0.0486282 0.0178656
 0.682432 0.195634 0.0812049 0.0266515 0.0140773
 0.576453 0.348843 0.0460205 0.0191024 0.00958095
 0.437229 0.415152 0.121582 0.0160395 0.00999702
 0.5453 0.28136 0.127871 0.0374486 0.00801953
 0.428635 0.409971 0.0998676 0.0453873 0.0161387
 0.0521372 0.58275 0.261979 0.0638173 0.0393163
pobs_PELACES
 0 0 0 0 0
 0 0 0 0 0
 0 0 0 0 0
 0 0 0 0 0
 0 0 0 0 0
 0 0 0 0 0
 0 0 0 0 0
 0 0 0 0 0
 0 0 0 0 0
 0 0 0 0 0
 0.450072 0.473896 0.0757376 0.000293798 0
 0 0 0 0 0
 0.463077 0.371075 0.160297 0.00555027 0
 0.529543 0.364841 0.0842815 0.0213345 0
 0.631943 0.363953 0.00410389 0 0
 0.735681 0.248677 0.0153453 0.000297389 0
 0.695825 0.281241 0.0229344 0 0
 0.275771 0.60734 0.115278 0.00161068 0
 0 0 0 0 0
 0.896147 0.0623911 0.0374545 0.00400742 0
 0.803859 0.145111 0.0509908 3.86294e-05 0
 0.739449 0.233085 0.0266225 0.000797448 4.60066e-05
 0.878498 0.100942 0.0204185 0.000141795 0
 0.694673 0.275183 0.0284847 0.00165964 0
 0.469039 0.446079 0.0841089 0.000773354 0
ppred_PELACES
 0.0796637 0.601168 0.281759 0.0374066 1.93874e-06
 0.178268 0.122299 0.456874 0.21413 0.0284296
 0.0854789 0.280017 0.0944334 0.352777 0.187294
 0.383923 0.10207 0.157384 0.0530763 0.303547
 0.805458 0.109148 0.0141478 0.0218148 0.0494313
 0.342444 0.587021 0.0395736 0.00512955 0.0258316
 0.72108 0.146457 0.118254 0.00797199 0.00623704
 0.622891 0.317874 0.0311035 0.025114 0.00301762
 0.714492 0.222067 0.0534762 0.00523256 0.00473259
 0.645639 0.297553 0.0441845 0.0106401 0.00198276
 0.282411 0.56591 0.127364 0.0189126 0.00540306
 0.233686 0.345494 0.33187 0.0746906 0.0142596
 0.549716 0.174973 0.124124 0.11923 0.0319568
 0.506488 0.356556 0.0532188 0.0377529 0.045984
 0.605546 0.274877 0.0863933 0.0128949 0.0202894
 0.565511 0.335439 0.0690231 0.0216939 0.00833276
 0.476877 0.38257 0.108511 0.0223283 0.00971332
 0.491998 0.332418 0.128408 0.0364213 0.0107546
 0.437935 0.374321 0.122852 0.0474559 0.0174349
 0.69418 0.188397 0.078201 0.0256656 0.0135566
 0.581703 0.344519 0.04545 0.0188657 0.00946219
 0.444331 0.409913 0.120048 0.0158371 0.00987087
 0.554675 0.275559 0.125235 0.0366765 0.00785418
 0.438657 0.40278 0.098116 0.0445913 0.0158557
 0.0549973 0.580992 0.261189 0.0636247 0.0391977
pobs_pel_tallas
 0 0 0 0 0 0 0 0 0 0 0 0 0 0 0 0 0 0 0 0 0 0 0 0 0 0 0 0 0 0 0 0 0 0 0 0
 0 0 0 0 0 0 0 0 0 0 0 0 0 0 0 0 0 0 0 0 0 0 0 0 0 0 0 0 0 0 0 0 0 0 0 0
 0 0 0 0 0 0 0 0 0 0 0 0 0 0 0 0 0 0 0 0 0 0 0 0 0 0 0 0 0 0 0 0 0 0 0 0
 0 0 0 0 0 0 0 0 0 0 0 0 0 0 0 0 0 0 0 0 0 0 0 0 0 0 0 0 0 0 0 0 0 0 0 0
 0 0 0 0 0 0 0 0 0 0 0 0 0 0 0 0 0 0 0 0 0 0 0 0 0 0 0 0 0 0 0 0 0 0 0 0
 0 0 0 0 0 0 0 0 0 0 0 0 0 0 0 0 0 0 0 0 0 0 0 0 0 0 0 0 0 0 0 0 0 0 0 0
 0 0 0 0 0 0 0 0 0 0 0 0 0 0 0 0 0 0 0 0 0 0 0 0 0 0 0 0 0 0 0 0 0 0 0 0
 0 0 0 0 0 0 0 0 0 0 0 0 0 0 0 0 0 0 0 0 0 0 0 0 0 0 0 0 0 0 0 0 0 0 0 0
 0 0 0 0 0 0 0 0 0 0 0 0 0 0 0 0 0 0 0 0 0 0 0 0 0 0 0 0 0 0 0 0 0 0 0 0
 0 0 0 0 0 0 0 0 0 0 0 0 0 0 0 0 0 0 0 0 0 0 0 0 0 0 0 0 0 0 0 0 0 0 0 0
 0 0 0 0 0 0 0 0 1.78061e-05 0.00172719 0.00360574 0.0105946 0.0120993 0.0124554 0.0147524 0.0171206 0.0266825 0.0428682 0.0675386 0.121331 0.153587 0.119568 0.100827 0.0573624 0.0630603 0.0341343 0.0324427 0.0444173 0.0211091 0.0280891 0.0125444 0.00206551 0 0 0 0
 0 0 0 0 0 0 0 0 0 0 0 0 0 0 0 0 0 0 0 0 0 0 0 0 0 0 0 0 0 0 0 0 0 0 0 0
 0 0 0 0 0 0 0.0133647 0.0140871 0.0187388 0.0205184 0.03894 0.0496705 0.03968 0.0493445 0.0407372 0.0367815 0.0215668 0.0243155 0.0234873 0.0199281 0.019796 0.0243948 0.0301388 0.0376714 0.0412746 0.0863199 0.0771752 0.113111 0.0741005 0.0525337 0.0229764 0.00759418 0.00175318 0 0 0
 0 0 0 0 0 0 0 0 0 0 0.00219441 0.00772107 0.0458388 0.0604681 0.0671733 0.0775358 0.0609151 0.0617685 0.073594 0.0568108 0.0755445 0.0548602 0.0670107 0.0636378 0.0643287 0.046367 0.0373049 0.0286899 0.0247887 0.0153202 0.00654259 0.00121912 0.000365735 0 0 0
 0 0 0 0 0 0 0 0 0 0 0 0 0.000112435 0.00938835 0.0111873 0.0202946 0.0414886 0.0713402 0.111592 0.104902 0.108894 0.110636 0.117776 0.105296 0.107544 0.0401394 0.0192827 0.0124803 0.00416011 0.0028671 0.000618394 0 0 0 0 0
 0 0 0 0 0 0 0 0 0 0 0.00291406 0.0102884 0.027416 0.0768956 0.0749926 0.110853 0.0956884 0.0897413 0.0766577 0.0534642 0.0500743 0.0551293 0.0594112 0.0620874 0.0668451 0.0424026 0.0208742 0.0120726 0.0048766 0.00582813 0.00118941 0.000297354 0 0 0 0
 0 0.00264628 0.0354308 0.0461629 0.0458689 0.0383711 0.0214643 0.0164657 0.0346957 0.0420465 0.0363128 0.0245516 0.0311673 0.0291091 0.0169068 0.0133784 0.00837989 0.0085269 0.0148486 0.0160247 0.0276389 0.0546898 0.0760071 0.122758 0.109233 0.0665981 0.0333725 0.0166128 0.00676272 0.00308733 0.000882094 0 0 0 0 0
 0 0 0 0 0 0 0 0.000805153 0.000690131 0.00759144 0.0133425 0.0154129 0.00931677 0.000345066 0.00356568 0.00563607 0.00851162 0.0253048 0.0502646 0.0516448 0.0657925 0.0565908 0.0611916 0.0827007 0.0866115 0.110766 0.145733 0.0935128 0.0569358 0.0249597 0.0138026 0.00621118 0.00161031 0.00115022 0 0
 0 0 0 0 0 0 0 0 0 0 0 0 0 0 0 0 0 0 0 0 0 0 0 0 0 0 0 0 0 0 0 0 0 0 0 0
 0.00147267 0.00158595 0.00478618 0.00569244 0.00954404 0.0108468 0.00647125 0.017049 0.0510054 0.094081 0.124002 0.0959785 0.0687766 0.0820023 0.061753 0.0591476 0.0492212 0.0479892 0.0443925 0.0268479 0.0217502 0.0140895 0.0121071 0.0120363 0.00920419 0.00665534 0.0049561 0.00860946 0.00930331 0.0156896 0.0114698 0.00855282 0.00243557 0.00046729 0 2.83206e-05
 0 0 0 0 0.000772559 0.00158375 0.000888443 0.00281984 0.00712685 0.0440552 0.0773331 0.111326 0.0921469 0.0852325 0.0710754 0.0886704 0.0786465 0.0553345 0.0373146 0.0185414 0.00753245 0.00457741 0.012979 0.0271748 0.0457355 0.0583668 0.034881 0.0177882 0.00938659 0.00492506 0.0015258 0.00185414 0.000309023 5.79419e-05 3.86279e-05 0
 0 0.00173294 0.00326652 0 0.00397197 0.00683976 0.00946217 0.0152591 0.00757587 0.0136028 0.0228656 0.0392903 0.0559909 0.0764795 0.0681675 0.0726916 0.0566044 0.0477403 0.0527397 0.0444891 0.0609904 0.0582453 0.0661739 0.0445044 0.0529084 0.0360697 0.0280645 0.0235558 0.0158879 0.00826598 0.00280645 0.00217768 0.000904811 0.00058276 9.20147e-05 0
 0 0 0 0 0 0 0 0 0 0 0 0 0 0 0 0 0 0 0 0 0 0 0 0 0 0 0 0 0 0 0 0 0 0 0 0
 0 0 0 0 0 0 0 0 0 0 0 0 0 0 0 0 0 0 0 0 0 0 0 0 0 0 0 0 0 0 0 0 0 0 0 0
 0 0 0 0 0 0 0 0 0 0 0 0 0 0 0 0 0 0 0 0 0 0 0 0 0 0 0 0 0 0 0 0 0 0 0 0
ppred_pel_tallas
 1.05481e-16 3.51139e-06 2.05194e-05 9.7353e-05 0.000374501 0.00116756 0.00294982 0.00604055 0.0100312 0.0135272 0.0148667 0.0134621 0.0103976 0.0076057 0.00657034 0.00781284 0.0112404 0.0166248 0.0237504 0.0323084 0.0417648 0.0513317 0.0600562 0.0669935 0.0714054 0.072916 0.0715754 0.0678087 0.0622801 0.0557198 0.0487753 0.0419246 0.0354609 0.0295284 0.02418 0.0194278
 1.15212e-16 7.79176e-06 4.56926e-05 0.000217126 0.00083582 0.00260629 0.00658334 0.0134715 0.0223349 0.0300087 0.0326912 0.0289215 0.0208913 0.012578 0.00684119 0.00430905 0.00425121 0.00580233 0.00848488 0.0121444 0.016741 0.0222117 0.0284159 0.0351262 0.0420399 0.0487981 0.0550093 0.0602746 0.0642192 0.0665282 0.0669878 0.0655223 0.0622175 0.0573198 0.05121 0.0443522
 1.22305e-16 3.75066e-06 2.19569e-05 0.000104259 0.000401216 0.00125097 0.0031601 0.00646829 0.0107309 0.0144385 0.015784 0.0140939 0.0104636 0.00686575 0.00476032 0.0045545 0.0060066 0.00878742 0.0126992 0.0176159 0.0233692 0.0296951 0.0362493 0.0426647 0.0486206 0.0538921 0.0583626 0.0619934 0.0647704 0.0666504 0.0675352 0.0672839 0.0657589 0.0628842 0.0586958 0.0533631
 1.18275e-16 1.67573e-05 9.83329e-05 0.000467395 0.00179944 0.00561131 0.0141737 0.0290016 0.0480748 0.0645675 0.0702738 0.0620142 0.0444528 0.026069 0.0128958 0.00611798 0.00395793 0.00432727 0.00598257 0.0084258 0.011498 0.01512 0.0191982 0.0236088 0.0282069 0.0328356 0.0373291 0.0415082 0.0451757 0.0481184 0.0501225 0.0510013 0.05063 0.0489758 0.0461145 0.0422289
 1.03296e-16 3.51387e-05 0.000206247 0.000980426 0.00377473 0.0117712 0.029733 0.0608371 0.100842 0.135421 0.147346 0.129926 0.0929087 0.0540275 0.0258568 0.0107707 0.00490053 0.0037062 0.00441592 0.00583752 0.00752807 0.00926993 0.0108868 0.0122205 0.0131543 0.0136367 0.0136892 0.0133927 0.0128591 0.012198 0.0114902 0.0107761 0.0100591 0.00931982 0.00853436 0.0076887
 1.02137e-16 1.49686e-05 8.77863e-05 0.000417154 0.00160583 0.00500742 0.0126489 0.0258854 0.0429231 0.0576904 0.0628995 0.0557696 0.0405491 0.0249301 0.0144621 0.0103921 0.011306 0.0154302 0.0215854 0.0290301 0.0370707 0.0448718 0.0514902 0.05604 0.0578923 0.0568272 0.0530868 0.0473031 0.0403342 0.0330623 0.0262176 0.0202767 0.015445 0.0117061 0.00890577 0.00683515
 1.02292e-16 3.14613e-05 0.000184653 0.000877757 0.00337942 0.0105384 0.0266191 0.0544662 0.0902834 0.121247 0.131938 0.116373 0.0832898 0.0485819 0.02353 0.0102892 0.00542786 0.00490974 0.00626948 0.00843485 0.0109768 0.0136388 0.0161779 0.018355 0.0199718 0.0209064 0.0211304 0.0207015 0.0197357 0.0183731 0.0167474 0.0149693 0.0131233 0.0112738 0.00947442 0.00777326
 1.0155e-16 2.71865e-05 0.000159541 0.000758338 0.00291956 0.00910432 0.022997 0.0470563 0.0780061 0.104776 0.114058 0.100705 0.0723013 0.0426257 0.0214899 0.0108321 0.00775899 0.00882588 0.0118866 0.0159147 0.0203456 0.024685 0.0284159 0.0310566 0.0322615 0.0319023 0.0300964 0.0271693 0.023568 0.0197533 0.016108 0.0128836 0.0101917 0.00803114 0.00633181 0.00499775
 1.01233e-16 3.11769e-05 0.000182977 0.000869774 0.00334865 0.0104424 0.0263769 0.053971 0.0894647 0.120154 0.130765 0.115376 0.0826609 0.0483841 0.023748 0.0109145 0.00650588 0.00653186 0.00853335 0.0113971 0.0146098 0.0177998 0.0205997 0.0226664 0.0237467 0.0237338 0.0226885 0.0208157 0.0184078 0.0157729 0.0131733 0.0107895 0.00871372 0.0069661 0.00552165 0.00433642
 1.01183e-16 2.81777e-05 0.000165362 0.000786014 0.00302613 0.00943665 0.0238364 0.0487736 0.0808521 0.108596 0.118209 0.104352 0.0748812 0.0440691 0.0220743 0.0108923 0.00751096 0.00835123 0.0111892 0.014975 0.0191528 0.0232529 0.0267879 0.0293028 0.0304685 0.0301582 0.0284749 0.0257175 0.0223011 0.0186578 0.0151509 0.0120241 0.00939314 0.0072685 0.00559493 0.00428981
 1.02895e-16 1.23503e-05 7.24158e-05 0.000344084 0.00132449 0.00413009 0.0104328 0.021351 0.035407 0.0475968 0.0519167 0.0460842 0.0336212 0.0208986 0.0125299 0.00958888 0.0109574 0.0152134 0.0214046 0.0289057 0.0370888 0.0451662 0.0522308 0.0574131 0.0600714 0.0599381 0.0571748 0.0523115 0.0461006 0.0393338 0.0326842 0.0266135 0.0213556 0.016958 0.0133512 0.0104167
 1.08057e-16 1.02172e-05 5.99117e-05 0.00028468 0.00109585 0.00341711 0.00863167 0.0176641 0.0292902 0.039366 0.0429175 0.0380456 0.027648 0.0169737 0.00981286 0.00702822 0.00768169 0.0106132 0.0150982 0.0207427 0.0272092 0.0340668 0.0407821 0.0467934 0.0516123 0.0549087 0.0565532 0.0566025 0.055245 0.0527299 0.0493078 0.0452009 0.0406026 0.0356918 0.0306495 0.0256629
 1.0741e-16 2.399e-05 0.000140788 0.000669212 0.00257646 0.00803439 0.0202943 0.0415253 0.0688348 0.0924493 0.100619 0.0887916 0.0636438 0.0373136 0.0184324 0.00868189 0.00548912 0.00581743 0.00781541 0.0106718 0.0140372 0.0176642 0.0212935 0.0246593 0.0275313 0.0297529 0.0312571 0.032055 0.0322062 0.031783 0.0308461 0.029437 0.0275883 0.0253419 0.0227652 0.0199572
 1.04318e-16 2.21123e-05 0.000129747 0.00061669 0.00237417 0.00740352 0.018701 0.0382666 0.0634384 0.0852182 0.0927926 0.0819884 0.0589924 0.0350388 0.0181462 0.00993895 0.00811413 0.00990974 0.013594 0.0183059 0.023512 0.0286923 0.0332819 0.036746 0.0386932 0.0389642 0.0376627 0.0351143 0.0317718 0.0281007 0.0244812 0.0211556 0.0182244 0.0156797 0.0134553 0.011473
 1.02708e-16 2.64286e-05 0.000155095 0.000737209 0.00283822 0.00885068 0.0223563 0.045745 0.0758316 0.101852 0.110869 0.0978746 0.0702363 0.0413427 0.0207237 0.0102546 0.00711678 0.00796285 0.0107201 0.0144206 0.0185613 0.0227192 0.0264498 0.0293289 0.0310367 0.0314265 0.0305519 0.0286389 0.0260186 0.0230427 0.0200112 0.0171314 0.0145125 0.0121855 0.0101362 0.00833402
 1.02224e-16 2.46853e-05 0.000144855 0.000688514 0.00265072 0.00826593 0.0208793 0.0427235 0.0708252 0.0951351 0.103576 0.0914793 0.0657416 0.0388875 0.0198451 0.0103988 0.00794765 0.0093853 0.0127723 0.0171665 0.0220208 0.0268292 0.0310491 0.0341669 0.035805 0.0358063 0.0342667 0.0314981 0.0279411 0.0240575 0.0202362 0.0167405 0.0136991 0.0111325 0.00899548 0.00721805
 1.02887e-16 2.08225e-05 0.000122172 0.000580667 0.00223546 0.00697096 0.0176084 0.0360313 0.0597343 0.080247 0.0873917 0.0772452 0.0556427 0.0331762 0.0174154 0.00991382 0.00852754 0.0106751 0.0147317 0.0198716 0.0255516 0.0312164 0.036251 0.0400652 0.0422169 0.0425097 0.0410298 0.0381077 0.0342222 0.0298808 0.0255173 0.021432 0.0177826 0.0146118 0.0118926 0.0095705
 1.03686e-16 2.14798e-05 0.000126035 0.000599046 0.00230624 0.00719169 0.0181659 0.0371716 0.061623 0.0827789 0.090135 0.0796367 0.057293 0.0340153 0.0175919 0.00960111 0.00780859 0.00953846 0.0131214 0.01774 0.0228999 0.0281198 0.0328686 0.0366303 0.0390077 0.0398059 0.0390661 0.0370342 0.0340833 0.0306153 0.0269783 0.0234189 0.0200766 0.0170073 0.014219 0.0117035
 1.04312e-16 1.91241e-05 0.000112201 0.000533269 0.00205297 0.00640187 0.0161709 0.0330901 0.054859 0.0737 0.0802685 0.0709648 0.0511532 0.0305689 0.0161751 0.00941264 0.00832864 0.0105673 0.0146467 0.0198106 0.025551 0.0313376 0.036576 0.0406905 0.0432423 0.044024 0.0430952 0.0407466 0.037409 0.0335409 0.0295335 0.0256571 0.0220555 0.0187746 0.0158058 0.0131246
 1.02687e-16 3.02899e-05 0.000177772 0.000845037 0.00325342 0.0101455 0.0256267 0.0524359 0.0869193 0.116733 0.127037 0.112075 0.0802683 0.0469294 0.0229342 0.0103757 0.00596708 0.00583209 0.00759237 0.0101905 0.0131658 0.0162057 0.0190039 0.0212675 0.02277 0.023396 0.0231611 0.0221938 0.0206927 0.0188724 0.0169179 0.01496 0.0130724 0.0112869 0.00961241 0.0080532
 1.01848e-16 2.53916e-05 0.000149001 0.000708224 0.0027266 0.00850257 0.0214771 0.0439466 0.0728527 0.0978582 0.106539 0.0940947 0.0676164 0.0399864 0.0203867 0.0106496 0.00809543 0.0095238 0.0129335 0.0173489 0.0222015 0.0269668 0.0310863 0.0340363 0.0354387 0.0351483 0.0332847 0.0301926 0.0263483 0.0222457 0.0182965 0.0147735 0.0118014 0.00938491 0.00745581 0.0059178
 1.02844e-16 1.94044e-05 0.000113844 0.00054107 0.00208299 0.00649549 0.0164074 0.0335743 0.0556626 0.074782 0.0814532 0.0720274 0.051952 0.0311119 0.0165813 0.0098324 0.00889232 0.0113737 0.0157655 0.021278 0.0273578 0.0334155 0.0387919 0.0428534 0.045125 0.0453952 0.0437567 0.0405652 0.0363364 0.0316186 0.0268817 0.0224532 0.0185071 0.0150929 0.0121833 0.00971946
 1.03495e-16 2.42105e-05 0.000142072 0.000675298 0.00259985 0.00810732 0.0204786 0.0419032 0.069464 0.0933027 0.10157 0.0896823 0.064395 0.0379807 0.0191813 0.00973056 0.00706468 0.00813463 0.0110543 0.0149405 0.0193236 0.0237935 0.0279086 0.0312385 0.0334464 0.0343584 0.0339913 0.0325292 0.0302609 0.0275023 0.0245302 0.0215448 0.0186658 0.0159513 0.0134248 0.0110993
 1.03798e-16 1.91566e-05 0.00011239 0.00053416 0.00205639 0.00641253 0.0161979 0.0331455 0.0549516 0.0738266 0.0804121 0.0711055 0.0512844 0.0307067 0.0163555 0.00968316 0.00874136 0.0111729 0.0154867 0.0209059 0.0268886 0.0328601 0.0381788 0.0422293 0.0445523 0.0449466 0.0435068 0.0405806 0.0366674 0.0322915 0.0278949 0.0237762 0.0200834 0.0168461 0.0140256 0.0115614
 1.07915e-16 2.43483e-06 1.42013e-05 6.73213e-05 0.00025888 0.00080701 0.00203908 0.00417693 0.00694168 0.00937684 0.0103473 0.00946825 0.00752278 0.00589598 0.00568134 0.00732166 0.0108379 0.0161397 0.0231019 0.0314668 0.0407396 0.0501738 0.0588618 0.0659017 0.0705871 0.072554 0.0718402 0.0688344 0.0641448 0.0584336 0.052278 0.0460921 0.0401192 0.0344721 0.0291935 0.0243061
pSPR Fmed_Fpbrs
0.528882   0.255595 0.255595
Fs Fmed_Fpbrs
0.363272   1.005 1.005
SSBpbr Bo_Bmed_Bpbrs
1.00851e+06  482959  207345 207345
Ro
25848.3
SPR SPRFo_SPRFmed_SPRFpbrs
531514 281108 135852
log_Ro
9.98
likeval ReclasPelacesDesembMPH_pf_preclas_ppelaces_ptallas_desvR_qrecl_qpela
 99.0112 118.604 0.0775185 0.000573564 373.982 206.964 85.7667 0 32.8268 0 0 0 0 0 0
q_reclas_q_pelaces
1 1
M
0.7
N
 13328.3 52799.5 24746.4 3285.35 0.170276
 16747.6 6241.51 23316.5 10928.1 1450.9
 3421.17 7525.77 2538 9481.27 5033.72
 7920.95 1190.84 1836.19 619.239 3541.47
 48834.7 3391.31 439.585 677.805 1535.87
 20521.5 23541.5 1587.03 205.712 1035.93
 58908.3 7172.72 5791.49 390.428 305.459
 69450.7 23508.1 2300.23 1857.28 223.165
 126450 24536.2 5908.59 578.146 522.905
 185848 48054.2 7135.7 1718.36 320.211
 65261.8 80330.1 18079.1 2684.61 766.956
 27978.9 25290.7 24293.4 5467.48 1043.82
 50087.5 10903.8 7735.07 7430.06 1991.46
 27870.1 17053.4 2545.35 1805.65 2199.32
 19406.7 7108.9 2234.32 333.489 524.728
 14679.9 5413.46 1113.93 350.105 134.478
 11629 5606.97 1590.35 327.245 142.359
 11892.8 4626.57 1787.17 506.909 149.682
 10110.9 4982.41 1635.23 631.663 232.068
 27157.1 4229.34 1755.54 576.167 304.333
 36542.7 11423.8 1507.06 625.56 313.753
 34278.5 17000 4978.64 656.798 409.366
 57092 15599.1 7089.39 2076.21 444.616
 49685.8 25276.5 6157.28 2798.33 995.024
 3581.7 21803.4 9801.87 2387.7 1471.01
pred_Ctot
 548.035 4232.62 1983.77 263.367 0.01365
 1151.95 822.506 3072.65 1440.11 191.2
 750.939 2866.25 966.619 3611.02 1917.13
 791.844 223.577 344.738 116.26 664.898
 1028.7 141.029 18.2803 28.1868 63.8697
 4459.64 8890.03 599.314 77.6835 391.201
 8425.35 1873.45 1512.68 101.976 79.783
 14697.2 8678.27 849.155 685.635 82.3838
 21676.5 7538.18 1815.28 177.622 160.65
 17459.2 8511.16 1263.84 304.348 56.7145
 10455.6 23237.6 5229.85 776.595 221.862
 4391.11 7182.35 6899.13 1552.72 296.437
 11571.9 4336.79 3076.48 2955.17 792.065
 10123.8 9715.1 1450.05 1028.66 1252.93
 6321.07 3730.84 1172.6 175.019 275.384
 2474.21 1638.36 337.125 105.958 40.6991
 1684.26 1481.24 420.135 86.4509 37.6081
 1350.41 978.003 377.787 107.155 31.641
 1157.79 1061.48 348.377 134.572 49.4407
 3015 875.561 363.433 119.279 63.0032
 1666.81 1013.02 133.64 55.4722 27.8224
 2071.4 1978.6 579.457 76.4438 47.6454
 4482.19 2331.82 1059.75 310.362 66.4632
 4185.88 4039.84 984.091 447.245 159.03
 408.861 4631.71 2082.21 507.22 312.486
F
 0.0586692 0.117338 0.117338 0.117338 0.117338
 0.0999225 0.199845 0.199845 0.199845 0.199845
 0.35532 0.710641 0.710641 0.710641 0.710641
 0.148294 0.296587 0.296587 0.296587 0.296587
 0.0296768 0.0593537 0.0593537 0.0593537 0.0593537
 0.351188 0.702375 0.702375 0.702375 0.702375
 0.218638 0.437277 0.437277 0.437277 0.437277
 0.340468 0.680937 0.680937 0.680937 0.680937
 0.26752 0.535039 0.535039 0.535039 0.535039
 0.138787 0.277573 0.277573 0.277573 0.277573
 0.247969 0.495938 0.495938 0.495938 0.495938
 0.242336 0.484672 0.484672 0.484672 0.484672
 0.377423 0.754846 0.754846 0.754846 0.754846
 0.666206 1.33241 1.33241 1.33241 1.33241
 0.576729 1.15346 1.15346 1.15346 1.15346
 0.262468 0.524935 0.524935 0.524935 0.524935
 0.221689 0.443377 0.443377 0.443377 0.443377
 0.170017 0.340033 0.340033 0.340033 0.340033
 0.17157 0.343139 0.343139 0.343139 0.343139
 0.165942 0.331883 0.331883 0.331883 0.331883
 0.0652702 0.13054 0.13054 0.13054 0.13054
 0.0873061 0.174612 0.174612 0.174612 0.174612
 0.114788 0.229576 0.229576 0.229576 0.229576
 0.123652 0.247304 0.247304 0.247304 0.247304
 0.170993 0.341986 0.341986 0.341986 0.341986
YTP_r0W_actual
 4579.24 101898 68713 20846.8 13374.4
YTP_p0W_proyectada
 62359.1 15472.2 115735 67871.9 25552.8
 62359.1 77821 4100.34 27443.1 16657.5
CTP_r0_actual
 408.861 4631.71 2082.21 507.22 312.486
CTP_p0_proyectada
 7336.36 722.998 3709.47 1667.61 549.523
 7336.36 3636.49 131.421 674.279 358.226
Wmedp
 8.5 21.4 31.2 40.7 46.5
nmprior
 10.6 11 7 0
nm_flota  nm_reclas  nm_pelaces    nm_pelaL
inf 14.5074 9.9676 19.8686
cv_recla  cv_pelaces  cv_mph
0.900051 1.23487 0.777014
 ------------------------------------------------
Talla a la edad & desviaci?n 
 7.2 14.2025 17.0495 18.207 18.6776
 1.08 2.13037 2.55742 2.73105 2.80164
