years
 1997 1998 1999 2000 2001 2002 2003 2004 2005 2006 2007 2008 2009 2010 2011 2012 2013 2014 2015 2016 2017 2018 2019 2020 2021
reclasobs
 0 0 0 370054 412103 1.49427e+06 250295 1.28982e+06 931140 785840 897777 1.04006e+06 184774 17550 25797 100020 73551 82996 120727 218422 84188 347160 605670 569463 516374
reclaspred
 456004 132971 445125 318683 428262 504046 1.07767e+06 683200 711891 603718 462191 307390 187313 86428.8 61601.6 64759.7 83835.7 117067 125863 180000 256333 233646 407216 522794 622340
pelacesobs
 0 0 0 0 0 0 0 0 0 2.06254e+06 1.5e+06 0 1.87456e+06 323000 250000 174000 83755 137374 0 501740 490994 745055 786931 1.00524e+06 1.33801e+06
pelacespred
 1.89988e+06 492728 990349 1.08917e+06 1.23977e+06 1.2355e+06 2.89519e+06 2.37034e+06 2.141e+06 1.84767e+06 1.26871e+06 867150 520957 198889 139802 158105 214195 303790 337119 468063 740634 661803 907575 1.38192e+06 1.65633e+06
mphobs
 0 0 0 0 0 112323 0 153150 637223 0 255016 313432 73983 77613 109348 50772 0 0 0 0 0 0 0 0 0
mphpred
 162220 109819 143676 192275 187106 270075 404298 460964 374466 352065 307743 211609 129708 67648.7 32622.9 28819.2 36342.8 51758.2 65604 76420.9 113117 132030 165587 237783 330909
desembarqueobs
 350755 77701 442110 56441 14545 235359 269955 359681 431902 328805 639364 411747 362871 311530 167758 66681 60226 58785 57116 73181 50977 67692 138656 160484 209506
desembarquepred
 350766 77705.2 442161 56443.2 14545.1 235399 269986 359718 431988 328874 639760 412094 363349 312109 167837 66698.4 60248.9 58789.1 57114.7 73185 50978.8 67689.7 138662 160493 209511
Reclutas
 69886.8 86835.4 55417.4 80230.4 131856 99018.8 147450 127617 141795 132538 66689.1 41396.7 42213.7 23844.4 18463.4 23040.2 19235.3 21966.2 25317 43418.4 53955 70208.7 114702 139138 65237.2
log_desv_Rt
 0.154631 0.371769 -0.0773503 0.292657 0.789466 0.503065 0.901245 0.756792 0.862135 0.794628 0.107797 -0.369044 -0.3495 -0.920695 -1.17646 -0.955006 -1.1355 -1.00274 -0.86077 -0.321362 -0.104094 0.159227 0.650093 0.843225 0.0857856
SSB
 835505 565617 739999 990301 963681 1.39101e+06 2.08232e+06 2.37417e+06 1.92867e+06 1.8133e+06 1.58502e+06 1.08988e+06 668055 348422 168023 148432 187182 266578 337890 393603 582604 680012 852848 1.22469e+06 1.70433e+06
BT
 2.88523e+06 795078 1.58509e+06 1.53081e+06 1.68818e+06 1.85137e+06 4.10596e+06 3.6126e+06 3.29348e+06 2.81663e+06 2.29759e+06 1.55217e+06 1.06156e+06 568779 332146 269075 339174 457953 504167 693016 1.04416e+06 956197 1.32132e+06 1.99972e+06 2.39788e+06
Ftot
 0.357018 0.262536 0.358481 0.0664921 0.0143134 0.150101 0.0942894 0.192893 0.227688 0.196458 0.435154 0.411971 0.653502 1.16522 1.09175 0.422611 0.291828 0.193514 0.160982 0.165148 0.0778791 0.103637 0.122997 0.117562 0.106578
BD_Bspro_t
 0.957443 0.802964 0.779273 0.686411 0.781746 0.872257 0.847098 0.849087 0.797293 0.753475 0.707449 0.554001 0.439009 0.323834 0.206205 0.221851 0.339076 0.507736 0.621277 0.705335 0.794748 0.855381 0.860752 0.865588 0.86967
BD_Bspro
 0.67862 0.45941 0.601048 0.804351 0.782729 1.12982 1.69132 1.92837 1.56652 1.47281 1.2874 0.885234 0.542613 0.282998 0.136473 0.120561 0.152034 0.216522 0.274444 0.319695 0.473208 0.552325 0.692708 0.994729 1.38431
BD_Bo
 0.585842 0.396601 0.518875 0.694382 0.675717 0.975354 1.46009 1.66473 1.35235 1.27145 1.11139 0.764207 0.468429 0.244307 0.117815 0.104078 0.131249 0.18692 0.236923 0.275987 0.408512 0.476813 0.598003 0.858733 1.19505
BD_Brms
 2.05854 1.39358 1.82323 2.43993 2.37434 3.42721 5.13047 5.84954 4.75191 4.46764 3.9052 2.68528 1.64597 0.85845 0.413979 0.365711 0.461183 0.656802 0.832502 0.969768 1.43543 1.67543 2.10127 3.01743 4.19918
S_f
 0.196544 1 1 1 1
 0.196544 1 1 1 1
 0.196544 1 1 1 1
 0.196544 1 1 1 1
 0.196544 1 1 1 1
 0.196544 1 1 1 1
 0.196544 1 1 1 1
 0.196544 1 1 1 1
 0.196544 1 1 1 1
 0.196544 1 1 1 1
 0.196544 1 1 1 1
 0.196544 1 1 1 1
 0.196544 1 1 1 1
 0.196544 1 1 1 1
 0.196544 1 1 1 1
 0.196544 1 1 1 1
 0.196544 1 1 1 1
 0.196544 1 1 1 1
 0.196544 1 1 1 1
 0.196544 1 1 1 1
 0.196544 1 1 1 1
 0.196544 1 1 1 1
 0.196544 1 1 1 1
 0.196544 1 1 1 1
 0.196544 1 1 1 1
Scru_reclas
 1 1 1 1 1
 1 1 1 1 1
 1 1 1 1 1
 1 1 1 1 1
 1 1 1 1 1
 1 1 1 1 1
 1 1 1 1 1
 1 1 1 1 1
 1 1 1 1 1
 1 1 1 1 1
 1 1 1 1 1
 1 1 1 1 1
 1 1 1 1 1
 1 1 1 1 1
 1 1 1 1 1
 1 1 1 1 1
 1 1 1 1 1
 1 1 1 1 1
 1 1 1 1 1
 1 1 1 1 1
 1 1 1 1 1
 1 1 1 1 1
 1 1 1 1 1
 1 1 1 1 1
 1 1 1 1 1
Scru_pelaces
 0.982756 1 1 1 1
 0.982756 1 1 1 1
 0.982756 1 1 1 1
 0.982756 1 1 1 1
 0.982756 1 1 1 1
 0.982756 1 1 1 1
 0.982756 1 1 1 1
 0.982756 1 1 1 1
 0.982756 1 1 1 1
 0.982756 1 1 1 1
 0.982756 1 1 1 1
 0.982756 1 1 1 1
 0.982756 1 1 1 1
 0.982756 1 1 1 1
 0.982756 1 1 1 1
 0.982756 1 1 1 1
 0.982756 1 1 1 1
 0.982756 1 1 1 1
 0.982756 1 1 1 1
 0.982756 1 1 1 1
 0.982756 1 1 1 1
 0.982756 1 1 1 1
 0.982756 1 1 1 1
 0.982756 1 1 1 1
 0.982756 1 1 1 1
pf_obs 
 0.256992 0.487395 0.22802 0.0275931 0
 0.321318 0.546541 0.124235 0.00734118 0.000564706
 0.182869 0.594174 0.210203 0.0122559 0.00049798
 0.330522 0.361315 0.267642 0.0388342 0.00168674
 0.649043 0.306663 0.0425973 0.00169635 0
 0.582887 0.30429 0.105238 0.00758474 0
 0.465427 0.430635 0.0974691 0.00646863 0
 0.296916 0.608066 0.0921331 0.00288517 0
 0.311714 0.524322 0.152257 0.0117073 0
 0.15457 0.633149 0.183074 0.0267441 0.00246327
 0.131901 0.49318 0.331252 0.0422183 0.00144891
 0.196976 0.569456 0.194076 0.0375587 0.00193317
 0.518974 0.381816 0.0799577 0.0180837 0.00116848
 0.0928022 0.601141 0.25162 0.0475244 0.00691264
 0.122501 0.610282 0.24278 0.0234846 0.000952079
 0.383417 0.481906 0.127806 0.00687128 0
 0.0376549 0.599619 0.316969 0.0457579 0
 0.0361596 0.667082 0.258105 0.0386534 0
 0.158088 0.579412 0.248529 0.0139706 0
 0.0477256 0.309471 0.559284 0.082774 0.000745712
 0.0406174 0.521527 0.379366 0.0568643 0.0016247
 0.151134 0.462217 0.34131 0.0453401 0
 0.294876 0.26143 0.354403 0.0886775 0.000613685
 0.281977 0.475581 0.204845 0.0348837 0.00271318
 0.0841818 0.532909 0.334909 0.0458182 0.00218182
pf_pred 
 0.382492 0.436301 0.162107 0.0190902 9.70477e-06
 0.31276 0.541537 0.102947 0.0382496 0.00450668
 0.17855 0.594004 0.179225 0.0340708 0.0141505
 0.262738 0.417429 0.231276 0.0697814 0.018775
 0.301409 0.45504 0.137896 0.0764008 0.0292541
 0.177791 0.566017 0.166875 0.05057 0.0387465
 0.253372 0.403791 0.236013 0.0695822 0.0372424
 0.193536 0.518623 0.15567 0.0909879 0.0411831
 0.220216 0.445571 0.214926 0.0645124 0.054774
 0.202914 0.489859 0.17555 0.0846789 0.0469977
 0.123258 0.513939 0.222965 0.0799038 0.0599341
 0.125638 0.408217 0.273251 0.118546 0.0743489
 0.203169 0.37414 0.197343 0.132097 0.0932506
 0.189207 0.517823 0.13756 0.072557 0.0828533
 0.269094 0.495631 0.150262 0.039917 0.0450969
 0.34982 0.495237 0.105067 0.0318535 0.0180219
 0.233896 0.589228 0.134725 0.0285827 0.0135682
 0.246744 0.48194 0.208675 0.0477129 0.0149278
 0.244433 0.487665 0.171406 0.074217 0.0222787
 0.321717 0.433498 0.157992 0.0555312 0.0312622
 0.273888 0.524494 0.128856 0.0469625 0.0257991
 0.265153 0.488898 0.177657 0.0436462 0.0246459
 0.311936 0.452745 0.156559 0.0568908 0.0218691
 0.266597 0.52013 0.140333 0.0485273 0.0244125
 0.115306 0.58486 0.212642 0.0573719 0.0298196
pobs_RECLAS
 0 0 0 0 0
 0 0 0 0 0
 0 0 0 0 0
 0 0 0 0 0
 0.835266 0.146461 0.0176864 0.000547809 3.91292e-05
 0.385257 0.428462 0.181853 0.0044286 0
 0.867414 0.0963971 0.0333333 0.00285562 0
 0.441836 0.489002 0.0689373 0.000224442 0
 0.779404 0.147425 0.0564933 0.0165055 0.000172143
 0.814271 0.122319 0.05973 0.00367925 0
 0.40263 0.566651 0.0304383 0.000280538 0
 0.475488 0.404961 0.113038 0.00651328 0
 0.955842 0.0263864 0.0167828 0.000988607 0
 0.975058 0.0227948 0.00214734 0 0
 0.738997 0.206755 0.0527124 0.00153531 0
 0.850938 0.134255 0.0134407 0.00136685 0
 0.542534 0.407297 0.0501686 0 0
 0.764087 0.199537 0.0359546 0.000420521 0
 0.470689 0.182191 0.310203 0.0369168 0
 0.84361 0.089868 0.0606195 0.00523954 0.000663233
 0.607945 0.314616 0.071237 0.00620181 0
 0.523733 0.453247 0.0230204 0 0
 0.530135 0.295979 0.169645 0.0042399 0
 0.562478 0.366248 0.0663022 0.0049721 0
 0.250443 0.683176 0.0655157 0.000865301 0
ppred_RECLAS
 0.76304 0.167425 0.0622063 0.0073256 3.72407e-06
 0.701511 0.235206 0.0447128 0.016613 0.00195739
 0.530539 0.339475 0.102428 0.0194716 0.00808703
 0.645279 0.200839 0.111275 0.0335742 0.00903328
 0.687176 0.203764 0.0617488 0.0342118 0.0130998
 0.525813 0.326436 0.096241 0.0291649 0.022346
 0.634342 0.197755 0.115586 0.0340776 0.0182393
 0.55233 0.287889 0.0864129 0.0505077 0.0228609
 0.592682 0.232743 0.112266 0.0336979 0.0286111
 0.566926 0.266151 0.0953802 0.0460078 0.0255348
 0.423722 0.33781 0.146554 0.0525204 0.0393944
 0.428613 0.266765 0.178566 0.0774685 0.0485862
 0.576161 0.199007 0.104968 0.0702631 0.0496006
 0.568803 0.275389 0.0731572 0.0385873 0.0440631
 0.673353 0.2215 0.0671528 0.0178392 0.0201541
 0.737611 0.19986 0.0424014 0.0128549 0.00727297
 0.612373 0.298132 0.068167 0.014462 0.00686511
 0.627445 0.238364 0.103209 0.0235985 0.00738317
 0.624065 0.24264 0.0852836 0.036927 0.0110848
 0.708831 0.186089 0.0678215 0.023838 0.01342
 0.658304 0.246818 0.0606376 0.0220998 0.0121406
 0.648568 0.233809 0.0849622 0.0208733 0.0117866
 0.698906 0.198119 0.0685097 0.0248952 0.00956983
 0.650427 0.247917 0.0668892 0.0231303 0.0116361
 0.400019 0.39664 0.14421 0.0389084 0.0202231
pobs_PELACES
 0 0 0 0 0
 0 0 0 0 0
 0 0 0 0 0
 0 0 0 0 0
 0 0 0 0 0
 0 0 0 0 0
 0 0 0 0 0
 0 0 0 0 0
 0 0 0 0 0
 0 0 0 0 0
 0.450072 0.473896 0.0757376 0.000293798 0
 0 0 0 0 0
 0.463077 0.371075 0.160297 0.00555027 0
 0.529543 0.364841 0.0842815 0.0213345 0
 0.631943 0.363953 0.00410389 0 0
 0.735681 0.248677 0.0153453 0.000297389 0
 0.695825 0.281241 0.0229344 0 0
 0.275771 0.60734 0.115278 0.00161068 0
 0 0 0 0 0
 0.896147 0.0623911 0.0374545 0.00400742 0
 0.803859 0.145111 0.0509908 3.86294e-05 0
 0.739449 0.233085 0.0266225 0.000797448 4.60066e-05
 0.878498 0.100942 0.0204185 0.000141795 0
 0.694673 0.275183 0.0284847 0.00165964 0
 0.469039 0.446079 0.0841089 0.000773354 0
ppred_PELACES
 0.776725 0.157755 0.0586136 0.00690252 3.50899e-06
 0.712328 0.226682 0.0430924 0.0160109 0.00188645
 0.549824 0.325529 0.0982199 0.0186717 0.00775482
 0.645332 0.200809 0.111258 0.0335691 0.00903191
 0.684245 0.205673 0.0623273 0.0345323 0.0132225
 0.531395 0.322592 0.0951079 0.0288216 0.0220829
 0.636104 0.196802 0.115029 0.0339133 0.0181514
 0.560659 0.282532 0.0848051 0.0495679 0.0224355
 0.603014 0.226839 0.109419 0.0328432 0.0278853
 0.575424 0.260928 0.0935087 0.045105 0.0250338
 0.447808 0.32369 0.140428 0.0503252 0.0377478
 0.451237 0.256203 0.171496 0.0744012 0.0466625
 0.613704 0.18138 0.0956701 0.0640393 0.045207
 0.638423 0.230926 0.0613455 0.0323572 0.0369489
 0.730166 0.182975 0.0554731 0.0147365 0.0166487
 0.755515 0.186222 0.0395081 0.0119778 0.0067767
 0.626512 0.287258 0.0656807 0.0139345 0.00661472
 0.635338 0.233314 0.101023 0.0230985 0.00722675
 0.629979 0.238823 0.083942 0.0363461 0.0109105
 0.714249 0.182627 0.0665597 0.0233945 0.0131703
 0.659035 0.24629 0.0605078 0.0220525 0.0121146
 0.650863 0.232283 0.0844074 0.020737 0.0117096
 0.702098 0.196019 0.0677833 0.0246312 0.00946836
 0.653553 0.2457 0.0662911 0.0229235 0.0115321
 0.402629 0.394915 0.143582 0.0387391 0.0201351
pobs_pel_tallas
 0 0 0 0 0 0 0 0 0 0 0 0 0 0 0 0 0 0 0 0 0 0 0 0 0 0 0 0 0 0 0 0 0 0 0 0
 0 0 0 0 0 0 0 0 0 0 0 0 0 0 0 0 0 0 0 0 0 0 0 0 0 0 0 0 0 0 0 0 0 0 0 0
 0 0 0 0 0 0 0 0 0 0 0 0 0 0 0 0 0 0 0 0 0 0 0 0 0 0 0 0 0 0 0 0 0 0 0 0
 0 0 0 0 0 0 0 0 0 0 0 0 0 0 0 0 0 0 0 0 0 0 0 0 0 0 0 0 0 0 0 0 0 0 0 0
 0 0 0 0 0 0 0 0 0 0 0 0 0 0 0 0 0 0 0 0 0 0 0 0 0 0 0 0 0 0 0 0 0 0 0 0
 0 0 0 0 0 0 0 0 0 0 0 0 0 0 0 0 0 0 0 0 0 0 0 0 0 0 0 0 0 0 0 0 0 0 0 0
 0 0 0 0 0 0 0 0 0 0 0 0 0 0 0 0 0 0 0 0 0 0 0 0 0 0 0 0 0 0 0 0 0 0 0 0
 0 0 0 0 0 0 0 0 0 0 0 0 0 0 0 0 0 0 0 0 0 0 0 0 0 0 0 0 0 0 0 0 0 0 0 0
 0 0 0 0 0 0 0 0 0 0 0 0 0 0 0 0 0 0 0 0 0 0 0 0 0 0 0 0 0 0 0 0 0 0 0 0
 0 0 0 0 0 0 0 0 0 0 0 0 0 0 0 0 0 0 0 0 0 0 0 0 0 0 0 0 0 0 0 0 0 0 0 0
 0 0 0 0 0 0 0 0 1.78061e-05 0.00172719 0.00360574 0.0105946 0.0120993 0.0124554 0.0147524 0.0171206 0.0266825 0.0428682 0.0675386 0.121331 0.153587 0.119568 0.100827 0.0573624 0.0630603 0.0341343 0.0324427 0.0444173 0.0211091 0.0280891 0.0125444 0.00206551 0 0 0 0
 0 0 0 0 0 0 0 0 0 0 0 0 0 0 0 0 0 0 0 0 0 0 0 0 0 0 0 0 0 0 0 0 0 0 0 0
 0 0 0 0 0 0 0.0133647 0.0140871 0.0187388 0.0205184 0.03894 0.0496705 0.03968 0.0493445 0.0407372 0.0367815 0.0215668 0.0243155 0.0234873 0.0199281 0.019796 0.0243948 0.0301388 0.0376714 0.0412746 0.0863199 0.0771752 0.113111 0.0741005 0.0525337 0.0229764 0.00759418 0.00175318 0 0 0
 0 0 0 0 0 0 0 0 0 0 0.00219441 0.00772107 0.0458388 0.0604681 0.0671733 0.0775358 0.0609151 0.0617685 0.073594 0.0568108 0.0755445 0.0548602 0.0670107 0.0636378 0.0643287 0.046367 0.0373049 0.0286899 0.0247887 0.0153202 0.00654259 0.00121912 0.000365735 0 0 0
 0 0 0 0 0 0 0 0 0 0 0 0 0.000112435 0.00938835 0.0111873 0.0202946 0.0414886 0.0713402 0.111592 0.104902 0.108894 0.110636 0.117776 0.105296 0.107544 0.0401394 0.0192827 0.0124803 0.00416011 0.0028671 0.000618394 0 0 0 0 0
 0 0 0 0 0 0 0 0 0 0 0.00291406 0.0102884 0.027416 0.0768956 0.0749926 0.110853 0.0956884 0.0897413 0.0766577 0.0534642 0.0500743 0.0551293 0.0594112 0.0620874 0.0668451 0.0424026 0.0208742 0.0120726 0.0048766 0.00582813 0.00118941 0.000297354 0 0 0 0
 0 0.00264628 0.0354308 0.0461629 0.0458689 0.0383711 0.0214643 0.0164657 0.0346957 0.0420465 0.0363128 0.0245516 0.0311673 0.0291091 0.0169068 0.0133784 0.00837989 0.0085269 0.0148486 0.0160247 0.0276389 0.0546898 0.0760071 0.122758 0.109233 0.0665981 0.0333725 0.0166128 0.00676272 0.00308733 0.000882094 0 0 0 0 0
 0 0 0 0 0 0 0 0.000805153 0.000690131 0.00759144 0.0133425 0.0154129 0.00931677 0.000345066 0.00356568 0.00563607 0.00851162 0.0253048 0.0502646 0.0516448 0.0657925 0.0565908 0.0611916 0.0827007 0.0866115 0.110766 0.145733 0.0935128 0.0569358 0.0249597 0.0138026 0.00621118 0.00161031 0.00115022 0 0
 0 0 0 0 0 0 0 0 0 0 0 0 0 0 0 0 0 0 0 0 0 0 0 0 0 0 0 0 0 0 0 0 0 0 0 0
 0.00147267 0.00158595 0.00478618 0.00569244 0.00954404 0.0108468 0.00647125 0.017049 0.0510054 0.094081 0.124002 0.0959785 0.0687766 0.0820023 0.061753 0.0591476 0.0492212 0.0479892 0.0443925 0.0268479 0.0217502 0.0140895 0.0121071 0.0120363 0.00920419 0.00665534 0.0049561 0.00860946 0.00930331 0.0156896 0.0114698 0.00855282 0.00243557 0.00046729 0 2.83206e-05
 0 0 0 0 0.000772559 0.00158375 0.000888443 0.00281984 0.00712685 0.0440552 0.0773331 0.111326 0.0921469 0.0852325 0.0710754 0.0886704 0.0786465 0.0553345 0.0373146 0.0185414 0.00753245 0.00457741 0.012979 0.0271748 0.0457355 0.0583668 0.034881 0.0177882 0.00938659 0.00492506 0.0015258 0.00185414 0.000309023 5.79419e-05 3.86279e-05 0
 0 0.00173294 0.00326652 0 0.00397197 0.00683976 0.00946217 0.0152591 0.00757587 0.0136028 0.0228656 0.0392903 0.0559909 0.0764795 0.0681675 0.0726916 0.0566044 0.0477403 0.0527397 0.0444891 0.0609904 0.0582453 0.0661739 0.0445044 0.0529084 0.0360697 0.0280645 0.0235558 0.0158879 0.00826598 0.00280645 0.00217768 0.000904811 0.00058276 9.20147e-05 0
 0 0 0 0 0 0 0 0 0 0 0 0 0 0 0 0 0 0 0 0 0 0 0 0 0 0 0 0 0 0 0 0 0 0 0 0
 0 0 0 0 0 0 0 0 0 0 0 0 0 0 0 0 0 0 0 0 0 0 0 0 0 0 0 0 0 0 0 0 0 0 0 0
 0 0 0 0 0 0 0 0 0 0 0 0 0 0 0 0 0 0 0 0 0 0 0 0 0 0 0 0 0 0 0 0 0 0 0 0
ppred_pel_tallas
 1.01121e-16 3.3888e-05 0.000198899 0.000945484 0.00364018 0.0113516 0.0286731 0.0586689 0.0972495 0.130602 0.142115 0.125344 0.0896996 0.0522971 0.0252833 0.0109719 0.00565615 0.00497439 0.00625434 0.00832286 0.0107005 0.0130984 0.0152509 0.01691 0.0178877 0.0180951 0.0175587 0.0164053 0.0148244 0.0130207 0.0111725 0.00940763 0.00779927 0.00637582 0.00513777 0.0040732
 1.01324e-16 3.10828e-05 0.000182423 0.000867143 0.00333852 0.0104108 0.026297 0.0538077 0.0891941 0.119791 0.130371 0.115031 0.0824194 0.0482539 0.0237048 0.0109291 0.00656082 0.00662225 0.00866072 0.0115631 0.0148119 0.0180297 0.0208426 0.022903 0.0239564 0.0238989 0.0227985 0.0208697 0.018415 0.0157501 0.0131416 0.0107693 0.00872074 0.00700892 0.00560102 0.00444636
 1.02505e-16 2.4001e-05 0.000140838 0.000669418 0.0025772 0.00803666 0.0203002 0.0415385 0.0688608 0.0924968 0.100704 0.0889447 0.063924 0.0378204 0.0193164 0.0101494 0.00779476 0.00923766 0.012599 0.0169701 0.0218261 0.0266801 0.0310059 0.0343 0.036184 0.036487 0.0352783 0.0328339 0.0295569 0.0258757 0.0221577 0.0186589 0.0155157 0.0127685 0.0103994 0.00836703
 1.03221e-16 2.81605e-05 0.000165269 0.000785595 0.00302455 0.00943174 0.0238239 0.0487473 0.0808059 0.108526 0.118112 0.104219 0.0746798 0.0437391 0.0215201 0.00998392 0.00609182 0.00625557 0.00827349 0.0111617 0.0144776 0.0179025 0.0211126 0.0237916 0.0256868 0.0266576 0.0266972 0.0259165 0.0245021 0.0226622 0.0205825 0.0184012 0.0162071 0.0140531 0.011974 0.0100011
 1.02757e-16 2.98573e-05 0.000175231 0.000832954 0.00320689 0.0100004 0.0252602 0.0516861 0.085677 0.115067 0.125228 0.110489 0.0791556 0.0463249 0.0227245 0.0104249 0.00619341 0.00621307 0.00813737 0.0109132 0.0140662 0.0172603 0.0201626 0.0224578 0.0239069 0.0243971 0.0239615 0.0227579 0.0210193 0.0189915 0.0168821 0.0148313 0.0129106 0.0111392 0.0095093 0.00800753
 1.03478e-16 2.31972e-05 0.000136119 0.000646987 0.00249083 0.00776734 0.0196199 0.0401466 0.0665536 0.0893985 0.0973329 0.0859727 0.0617997 0.0365871 0.0187301 0.00991295 0.00770074 0.00918477 0.0125526 0.0169269 0.0217981 0.0266903 0.031087 0.0344934 0.036536 0.0370442 0.0360811 0.0339105 0.0309175 0.0275094 0.0240313 0.0207192 0.0176942 0.0149876 0.0125802 0.0104367
 1.03711e-16 2.7758e-05 0.000162906 0.000774362 0.0029813 0.00929687 0.0234832 0.0480502 0.0796504 0.106974 0.116423 0.102728 0.073612 0.0431141 0.0212136 0.00984405 0.00601135 0.00618026 0.00818319 0.0110538 0.0143603 0.0177932 0.0210372 0.0237831 0.0257816 0.0268906 0.0270961 0.0264971 0.0252648 0.0235916 0.0216488 0.0195638 0.0174195 0.0152674 0.0131461 0.0110938
 1.04048e-16 2.44716e-05 0.000143605 0.000682583 0.0026279 0.00819478 0.0206995 0.0423553 0.0702134 0.0943093 0.102666 0.0906501 0.0650904 0.0383913 0.0193887 0.00983393 0.00713323 0.00820092 0.011125 0.0150056 0.0193605 0.0237689 0.0277821 0.0309693 0.0330026 0.0337271 0.033187 0.0315969 0.0292733 0.0265499 0.0237067 0.020932 0.0183197 0.0158941 0.0136435 0.0115508
 1.04059e-16 2.63162e-05 0.000154439 0.000734103 0.00282628 0.00881346 0.0222622 0.0455522 0.0755107 0.101418 0.110386 0.0974242 0.0698615 0.0410186 0.0203709 0.00976937 0.00639336 0.00690396 0.00924735 0.0124914 0.0161911 0.0199995 0.0235557 0.0265075 0.0285769 0.0296152 0.0296253 0.0287424 0.0271843 0.0251888 0.0229617 0.0206495 0.0183383 0.016071 0.0138704 0.0117584
 1.04133e-16 2.51145e-05 0.000147381 0.000700542 0.00269705 0.00841045 0.0212443 0.0434697 0.0720599 0.0967869 0.105356 0.0930096 0.0667497 0.0392999 0.0197182 0.00978987 0.00684139 0.00769841 0.0103999 0.0140361 0.0181402 0.0223209 0.0261638 0.0292691 0.0313287 0.0321901 0.0318812 0.0305855 0.0285798 0.0261594 0.0235739 0.0209936 0.018508 0.0161475 0.0139136 0.0118044
 1.05592e-16 1.95525e-05 0.000114721 0.00054526 0.00209916 0.0065459 0.0165347 0.033834 0.0560907 0.0753497 0.0820519 0.07251 0.0521986 0.0310569 0.0161848 0.00903262 0.00758251 0.00941409 0.0130194 0.0176589 0.0228771 0.0282203 0.0331808 0.03726 0.0400671 0.0413986 0.0412706 0.0398889 0.0375764 0.0346819 0.0315044 0.0282529 0.0250447 0.0219313 0.0189332 0.0160685
 1.07255e-16 1.96993e-05 0.000115589 0.0005494 0.00211512 0.0065957 0.0166604 0.0340907 0.0565144 0.075913 0.0826502 0.0730027 0.0524749 0.0310647 0.0159034 0.00842726 0.00658062 0.00791448 0.0109221 0.014903 0.0194782 0.0242991 0.0289739 0.0331047 0.0363601 0.038535 0.0395772 0.0395694 0.03868 0.0371032 0.0350109 0.0325304 0.0297495 0.026736 0.0235613 0.0203137
 1.05731e-16 2.67804e-05 0.000157169 0.00074709 0.0028763 0.00896945 0.0226562 0.0463579 0.0768449 0.103205 0.11232 0.0991041 0.0710067 0.0415714 0.0204239 0.00942742 0.00569226 0.00580899 0.0076917 0.0104189 0.013591 0.0169316 0.0201612 0.0230048 0.025238 0.0267287 0.0274532 0.0274813 0.026939 0.0259633 0.0246674 0.0231258 0.0213793 0.0194531 0.0173771 0.0151984
 1.03785e-16 2.78602e-05 0.000163504 0.000777198 0.00299221 0.00933089 0.0235692 0.0482264 0.0799432 0.10737 0.11686 0.10313 0.0739332 0.0433695 0.0214629 0.010164 0.00647483 0.00684819 0.00909814 0.0122295 0.0157685 0.0193533 0.0226158 0.0252067 0.0268626 0.0274621 0.0270464 0.0257949 0.0239678 0.0218363 0.019624 0.017476 0.0154585 0.0135797 0.0118198 0.0101575
 1.02132e-16 3.18588e-05 0.000186984 0.000888831 0.00342204 0.0106713 0.0269549 0.0551534 0.0914234 0.122781 0.133614 0.117866 0.0843924 0.0492925 0.0239986 0.0107022 0.0059348 0.0056089 0.0072154 0.00964041 0.0124056 0.0151968 0.0177135 0.0196742 0.0208665 0.0211928 0.0206873 0.0194977 0.0178395 0.015941 0.0139955 0.0121344 0.0104252 0.0088852 0.00750391 0.00626283
 1.0135e-16 3.29643e-05 0.000193473 0.000919683 0.00354083 0.0110417 0.0278906 0.0570679 0.0945968 0.127042 0.138249 0.121952 0.0873103 0.0509813 0.0247912 0.0110036 0.00602481 0.00561964 0.00718602 0.00956602 0.0122608 0.0149437 0.0173057 0.0190605 0.019998 0.0200302 0.0192089 0.0177053 0.0157618 0.0136324 0.0115308 0.00960163 0.00791529 0.00648311 0.00528081 0.00427091
 1.01814e-16 2.73433e-05 0.000160464 0.000762731 0.00293649 0.0091571 0.0231303 0.0473288 0.078457 0.105379 0.114708 0.101263 0.0726665 0.0427707 0.021434 0.0105948 0.00733378 0.00818249 0.0109893 0.0147432 0.0189131 0.0230505 0.0266875 0.0293821 0.0308084 0.0308288 0.0295221 0.0271522 0.0240948 0.0207446 0.0174364 0.0143988 0.0117463 0.00950176 0.00763111 0.0060779
 1.02642e-16 2.7726e-05 0.000162715 0.000773447 0.00297776 0.00928584 0.0234554 0.0479936 0.0795575 0.106852 0.116299 0.102637 0.0735881 0.043183 0.0214009 0.0101865 0.00656087 0.0069982 0.00932669 0.0125574 0.0162164 0.0199369 0.0233401 0.0260612 0.0278172 0.028465 0.0280259 0.0266645 0.024635 0.0222144 0.0196447 0.0171006 0.0146848 0.012444 0.0103925 0.00853305
 1.03029e-16 2.74925e-05 0.000161344 0.000766927 0.00295266 0.00920754 0.0232576 0.047589 0.078887 0.105952 0.115321 0.101778 0.07298 0.0428422 0.0212616 0.0101689 0.00661269 0.00709786 0.00946975 0.0127437 0.0164427 0.0201938 0.0236123 0.0263297 0.0280638 0.0286776 0.0282027 0.0268161 0.0247835 0.0223892 0.0198756 0.0174114 0.0150874 0.012936 0.0109574 0.00914383
 1.02424e-16 3.11647e-05 0.000182909 0.000869459 0.00334745 0.0104387 0.0263674 0.0539513 0.0894309 0.120105 0.130703 0.115302 0.0825634 0.0482384 0.0235122 0.0105318 0.0059084 0.00564748 0.00729839 0.00977408 0.0126073 0.0154888 0.0181204 0.0202196 0.0215698 0.0220656 0.0217296 0.0206956 0.0191652 0.0173538 0.0154458 0.0135691 0.0117928 0.0101419 0.00861713 0.00721358
 1.02264e-16 2.87597e-05 0.000168783 0.000802293 0.00308883 0.00963218 0.0243302 0.0497836 0.0825248 0.110837 0.120636 0.106465 0.0763306 0.0447888 0.022189 0.0105456 0.00676417 0.00718055 0.00953217 0.0127809 0.0164217 0.0200617 0.0233005 0.0257605 0.0271609 0.027379 0.0264737 0.0246592 0.0222426 0.0195467 0.0168436 0.0143176 0.0120599 0.0100888 0.00837987 0.00689448
 1.02534e-16 2.84029e-05 0.00016669 0.000792341 0.00305051 0.0095127 0.0240284 0.049166 0.0815008 0.109461 0.119136 0.105137 0.0753689 0.0442053 0.0218648 0.0103349 0.00655812 0.00691731 0.00918343 0.0123419 0.0159097 0.0195175 0.022788 0.0253608 0.0269607 0.0274553 0.0268785 0.0254077 0.0233091 0.020868 0.0183299 0.0158675 0.0135758 0.0114893 0.0096078 0.00791951
 1.02315e-16 3.06355e-05 0.0001798 0.000854678 0.00329054 0.0102612 0.0259191 0.0530342 0.0879111 0.118066 0.128488 0.113357 0.0811911 0.0474779 0.0232187 0.0105312 0.0060912 0.00597719 0.00778024 0.0104246 0.0134356 0.0164864 0.0192569 0.0214438 0.0228159 0.0232624 0.0228119 0.0216134 0.0198896 0.0178781 0.0157823 0.0137434 0.0118379 0.0100919 0.00850358 0.0070633
 1.02348e-16 2.85207e-05 0.00016738 0.00079562 0.00306314 0.00955206 0.0241279 0.0493696 0.0818385 0.109916 0.119634 0.105581 0.0757 0.0444246 0.0220194 0.0104836 0.00675001 0.00718659 0.0095511 0.0128151 0.0164778 0.0201488 0.0234288 0.0259405 0.0274012 0.0276849 0.0268454 0.0250907 0.0227218 0.0200564 0.0173633 0.0148257 0.0125368 0.0105186 0.00875193 0.00720391
 1.04439e-16 1.75854e-05 0.000103166 0.00049031 0.00188756 0.00588604 0.014868 0.0304244 0.0504413 0.0677699 0.0738227 0.0652967 0.0471342 0.028301 0.0152198 0.00924055 0.00859319 0.0111315 0.0154992 0.0209851 0.0270808 0.0332332 0.0388149 0.0432156 0.0459676 0.0468451 0.0459042 0.0434446 0.0399159 0.0358003 0.0315123 0.0273428 0.0234517 0.0198973 0.01668 0.0137814
pSPR Fmed_Fpbrs
0.720952   0.334591 0.334591
Fs Fmed_Fpbrs
0.202528   1.005 1.005
SSBpbr Bo_Bmed_Bpbrs
1.42616e+06  956886  405873 405873
Ro
59874.1
SPR SPRFo_SPRFmed_SPRFpbrs
1.23118e+06 887623 411942
log_Ro
10.82
likeval ReclasPelacesDesembMPH_pf_preclas_ppelaces_ptallas_desvR_qrecl_qpela
 61.4859 22.9358 0.0344242 0.000228694 318.3 200.324 77.9453 0 16.1385 8.64196e-05 4.08078e-06 0 0 0 0
q_reclas_q_pelaces
0.267854 1.33296
M
0.7
N
 69886.8 17699.3 6576.13 774.425 0.39369
 86835.4 32353 6150.33 2285.14 269.242
 55417.4 40952.5 12356.4 2348.95 975.579
 80230.4 25647.3 14209.8 4287.44 1153.55
 131856 39323.9 11916.8 6602.45 2528.1
 99018.8 65293.8 19250.2 5833.58 4469.66
 147450 47741.9 27904.7 8226.98 4403.32
 127617 71877.1 21574.7 12610.2 5707.66
 141795 61015.3 29431.5 8834.16 7500.61
 132538 67331.5 24129.5 11639.2 6459.87
 66689.1 63323.7 27472.1 9845.15 7384.63
 41396.7 30402.2 20350.5 8828.78 5537.18
 42213.7 18958.1 9999.59 6693.49 4725.11
 23844.4 18436 4897.52 2583.23 2949.81
 18463.4 9417.14 2855.02 758.436 856.855
 23040.2 7398.01 1569.53 475.838 269.216
 19235.3 10529.5 2407.53 510.771 242.463
 21966.2 9019.5 3905.36 892.947 279.373
 25317 10501 3690.91 1598.13 479.731
 43418.4 12180.5 4439.26 1560.32 878.409
 53955 20872.3 5127.85 1868.88 1026.68
 70208.7 26386.3 9588.31 2355.63 1330.16
 114702 34161.6 11813.1 4292.67 1650.12
 139138 55598.9 15000.8 5187.29 2609.56
 65237.2 67515.9 24547.3 6622.97 3442.36
pred_Ctot
 3419.68 3900.76 1449.32 170.677 0.0867658
 3150.01 5454.18 1036.84 385.237 45.3898
 2722.44 9057.09 2732.74 519.496 215.76
 749.704 1191.1 659.928 199.116 53.573
 266.433 402.236 121.894 67.5351 25.8594
 2073.66 6601.72 1946.34 589.821 451.918
 1949.14 3106.29 1815.6 535.282 286.499
 3421.84 9169.58 2752.35 1608.72 728.144
 4474.34 9053.09 4366.86 1310.76 1112.9
 3618.35 8735.16 3130.41 1509.99 838.061
 3950.86 16473.5 7146.8 2561.19 1921.09
 2326.42 7558.9 5059.75 2195.1 1376.71
 3686.51 6788.76 3580.79 2396.89 1692.03
 3556.55 9733.57 2585.73 1363.86 1557.4
 2596.15 4781.72 1449.68 385.109 435.083
 1327.05 1878.69 398.574 120.837 68.3661
 773.673 1949.03 445.639 94.5448 44.8803
 590.851 1154.05 499.691 114.253 35.7458
 568.093 1133.4 398.368 172.49 51.7784
 999.126 1346.28 490.66 172.458 97.0882
 589.936 1129.72 277.547 101.154 55.5694
 1019.26 1879.35 682.923 167.779 94.7401
 1972.97 2863.58 990.224 359.83 138.32
 2288.62 4465.09 1204.7 416.586 209.571
 973.72 4938.95 1795.69 484.486 251.817
F
 0.0701697 0.357018 0.357018 0.357018 0.357018
 0.0515999 0.262536 0.262536 0.262536 0.262536
 0.0704573 0.358481 0.358481 0.358481 0.358481
 0.0130686 0.0664921 0.0664921 0.0664921 0.0664921
 0.0028132 0.0143134 0.0143134 0.0143134 0.0143134
 0.0295014 0.150101 0.150101 0.150101 0.150101
 0.018532 0.0942894 0.0942894 0.0942894 0.0942894
 0.0379119 0.192893 0.192893 0.192893 0.192893
 0.0447506 0.227688 0.227688 0.227688 0.227688
 0.0386126 0.196458 0.196458 0.196458 0.196458
 0.0855269 0.435154 0.435154 0.435154 0.435154
 0.0809704 0.411971 0.411971 0.411971 0.411971
 0.128442 0.653502 0.653502 0.653502 0.653502
 0.229018 1.16522 1.16522 1.16522 1.16522
 0.214578 1.09175 1.09175 1.09175 1.09175
 0.0830616 0.422611 0.422611 0.422611 0.422611
 0.057357 0.291828 0.291828 0.291828 0.291828
 0.0380341 0.193514 0.193514 0.193514 0.193514
 0.0316401 0.160982 0.160982 0.160982 0.160982
 0.0324588 0.165148 0.165148 0.165148 0.165148
 0.0153067 0.0778791 0.0778791 0.0778791 0.0778791
 0.0203691 0.103637 0.103637 0.103637 0.103637
 0.0241743 0.122997 0.122997 0.122997 0.122997
 0.0231061 0.117562 0.117562 0.117562 0.117562
 0.0209472 0.106578 0.106578 0.106578 0.106578
YTP_r0W_actual
 10905.7 108657 59257.9 19912.4 10777.8
YTP_p0W_proyectada
 59913.1 327432 453507 215091 95898.7
 59913.1 227421 86774.2 107536 52788.8
CTP_r0_actual
 973.72 4938.95 1795.69 484.486 251.817
CTP_p0_proyectada
 7048.59 15300.6 14535.5 5284.78 2062.34
 7048.59 10627.2 2781.22 2642.15 1135.24
Wmedp
 8.5 21.4 31.2 40.7 46.5
nmprior
 10.6 11 7 0
nm_flota  nm_reclas  nm_pelaces    nm_pelaL
inf 13.1293 20.7828 51.6434
cv_recla  cv_pelaces  cv_mph
0.709272 0.543037 0.490643
 ------------------------------------------------
Talla a la edad & desviaci?n 
 7.2 14.2025 17.0495 18.207 18.6776
 1.08 2.13037 2.55742 2.73105 2.80164
