years
 1997 1998 1999 2000 2001 2002 2003 2004 2005 2006 2007 2008 2009 2010 2011 2012 2013 2014 2015 2016 2017 2018 2019 2020 2021
reclasobs
 0 0 0 370054 412103 1.49427e+06 250295 1.28982e+06 931140 785840 897777 1.04006e+06 184774 17550 25797 100020 73551 82996 120727 218422 84188 347160 605670 569463 516374
reclaspred
 2.65161e+06 353659 561340 188106 247293 319006 615413 514487 791454 1.14373e+06 1.20355e+06 798308 445216 202495 130250 120907 131235 169338 164990 218831 386536 382946 597111 643223 614529
pelacesobs
 0 0 0 0 0 0 0 0 0 2.06254e+06 1.5e+06 0 1.87456e+06 323000 250000 174000 83755 137374 0 501740 490994 745055 786931 1.00524e+06 1.33801e+06
pelacespred
 1.18832e+06 461857 172325 134485 144056 133464 319812 300339 442239 665381 619146 424971 237878 86446 54472.2 57656.9 65335.5 84778.3 86628.2 110551 215822 224660 265553 338043 306209
mphobs
 0 0 0 0 0 112323 0 153150 637223 0 255016 313432 73983 77613 109348 50772 0 0 0 0 0 0 0 0 0
mphpred
 1.89118e+06 837950 418418 240192 153143 309520 362719 511807 561786 866637 1.2027e+06 859601 492841 265363 122103 103480 107061 133587 151861 154554 270835 365570 420740 541503 594858
desembarqueobs
 350755 77701 442110 56441 14545 235359 269955 359681 431902 328805 639364 411747 362871 311530 167758 66681 60226 58785 57116 73181 50977 67692 138656 160484 209506
desembarquepred
 350734 77680.8 441694 56424.4 14544 235214 269850 359302 431573 328606 638727 411435 362409 311133 167506 66649.2 60211 58756.7 57081.1 73132.5 50965.2 67660.6 138589 160413 209421
Reclutas
 16443.9 20425.6 4623.15 9501.56 48104.6 22074.7 60038.9 70661.4 128044 179566 66692.7 29688 49620.5 27911.3 19414.7 14836 11803.1 12138 10656.7 27158.4 36955.7 35215.7 57739.4 51726.8 4712.23
log_desv_Rt
 -0.51229 -0.295458 -1.78117 -1.06079 0.561133 -0.217812 0.782749 0.945655 1.54013 1.8783 0.88785 0.0784979 0.59216 0.0167862 -0.346217 -0.615186 -0.843883 -0.815907 -0.946054 -0.0105596 0.297474 0.249249 0.743696 0.633731 -1.76208
SSB
 1.89118e+06 837950 418418 240192 153143 309520 362719 511807 561786 866637 1.2027e+06 859601 492841 265363 122103 103480 107061 133587 151861 154554 270835 365570 420740 541503 594858
BT
 2.6078e+06 1.00155e+06 584568 329951 394533 443409 1.14064e+06 1.1176e+06 1.63474e+06 1.99425e+06 1.85559e+06 1.21917e+06 895653 484201 279045 184816 201972 240688 228063 332630 572453 511987 663148 853833 734101
Ftot
 0.128586 0.212347 0.725025 0.2885 0.0574852 0.684607 0.419738 0.656443 0.519163 0.277453 0.501777 0.487342 0.754032 1.33024 1.1505 0.52172 0.437423 0.333183 0.331876 0.321695 0.12834 0.171402 0.224417 0.240869 0.326386
BD_Bspro_t
 0.979951 0.855848 0.668238 0.372942 0.422352 0.654567 0.513865 0.548491 0.526781 0.575059 0.618172 0.461047 0.337826 0.246125 0.146477 0.14964 0.20309 0.309064 0.392773 0.459046 0.617915 0.736655 0.733374 0.719818 0.676988
BD_Bspro
 3.3509 1.48472 0.741376 0.425585 0.271348 0.548424 0.642685 0.906847 0.995402 1.53555 2.131 1.52309 0.873242 0.470185 0.216349 0.183351 0.189697 0.236697 0.269076 0.273847 0.47988 0.647737 0.745489 0.959463 1.054
BD_Bo
 1.90704 0.844975 0.421927 0.242206 0.154427 0.312115 0.36576 0.516098 0.566496 0.873903 1.21278 0.866809 0.496973 0.267588 0.123127 0.104348 0.107959 0.134707 0.153135 0.15585 0.273106 0.368635 0.424267 0.546043 0.599845
BD_Brms
 9.2757 4.1099 2.05222 1.17807 0.751124 1.51811 1.77903 2.51027 2.7554 4.2506 5.89888 4.2161 2.41724 1.30153 0.598882 0.507539 0.525104 0.655208 0.744836 0.758042 1.32837 1.79302 2.06361 2.65591 2.91761
S_f
 0.5 1 1 1 1
 0.5 1 1 1 1
 0.5 1 1 1 1
 0.5 1 1 1 1
 0.5 1 1 1 1
 0.5 1 1 1 1
 0.5 1 1 1 1
 0.5 1 1 1 1
 0.5 1 1 1 1
 0.5 1 1 1 1
 0.5 1 1 1 1
 0.5 1 1 1 1
 0.5 1 1 1 1
 0.5 1 1 1 1
 0.5 1 1 1 1
 0.5 1 1 1 1
 0.5 1 1 1 1
 0.5 1 1 1 1
 0.5 1 1 1 1
 0.5 1 1 1 1
 0.5 1 1 1 1
 0.5 1 1 1 1
 0.5 1 1 1 1
 0.5 1 1 1 1
 0.5 1 1 1 1
Scru_reclas
 0.5 1 1 1 1
 0.5 1 1 1 1
 0.5 1 1 1 1
 0.5 1 1 1 1
 0.5 1 1 1 1
 0.5 1 1 1 1
 0.5 1 1 1 1
 0.5 1 1 1 1
 0.5 1 1 1 1
 0.5 1 1 1 1
 0.5 1 1 1 1
 0.5 1 1 1 1
 0.5 1 1 1 1
 0.5 1 1 1 1
 0.5 1 1 1 1
 0.5 1 1 1 1
 0.5 1 1 1 1
 0.5 1 1 1 1
 0.5 1 1 1 1
 0.5 1 1 1 1
 0.5 1 1 1 1
 0.5 1 1 1 1
 0.5 1 1 1 1
 0.5 1 1 1 1
 0.5 1 1 1 1
Scru_pelaces
 0.5 1 1 1 1
 0.5 1 1 1 1
 0.5 1 1 1 1
 0.5 1 1 1 1
 0.5 1 1 1 1
 0.5 1 1 1 1
 0.5 1 1 1 1
 0.5 1 1 1 1
 0.5 1 1 1 1
 0.5 1 1 1 1
 0.5 1 1 1 1
 0.5 1 1 1 1
 0.5 1 1 1 1
 0.5 1 1 1 1
 0.5 1 1 1 1
 0.5 1 1 1 1
 0.5 1 1 1 1
 0.5 1 1 1 1
 0.5 1 1 1 1
 0.5 1 1 1 1
 0.5 1 1 1 1
 0.5 1 1 1 1
 0.5 1 1 1 1
 0.5 1 1 1 1
 0.5 1 1 1 1
pf_obs 
 0.256992 0.487395 0.22802 0.0275931 0
 0.321318 0.546541 0.124235 0.00734118 0.000564706
 0.182869 0.594174 0.210203 0.0122559 0.00049798
 0.330522 0.361315 0.267642 0.0388342 0.00168674
 0.649043 0.306663 0.0425973 0.00169635 0
 0.582887 0.30429 0.105238 0.00758474 0
 0.465427 0.430635 0.0974691 0.00646863 0
 0.296916 0.608066 0.0921331 0.00288517 0
 0.311714 0.524322 0.152257 0.0117073 0
 0.15457 0.633149 0.183074 0.0267441 0.00246327
 0.131901 0.49318 0.331252 0.0422183 0.00144891
 0.196976 0.569456 0.194076 0.0375587 0.00193317
 0.518974 0.381816 0.0799577 0.0180837 0.00116848
 0.0928022 0.601141 0.25162 0.0475244 0.00691264
 0.122501 0.610282 0.24278 0.0234846 0.000952079
 0.383417 0.481906 0.127806 0.00687128 0
 0.0376549 0.599619 0.316969 0.0457579 0
 0.0361596 0.667082 0.258105 0.0386534 0
 0.158088 0.579412 0.248529 0.0139706 0
 0.0477256 0.309471 0.559284 0.082774 0.000745712
 0.0406174 0.521527 0.379366 0.0568643 0.0016247
 0.151134 0.462217 0.34131 0.0453401 0
 0.294876 0.26143 0.354403 0.0886775 0.000613685
 0.281977 0.475581 0.204845 0.0348837 0.00271318
 0.0841818 0.532909 0.334909 0.0458182 0.00218182
pf_pred 
 0.103235 0.590094 0.270891 0.0357775 2.20651e-06
 0.212014 0.151881 0.418573 0.192152 0.0253797
 0.0962753 0.328738 0.110826 0.305429 0.158731
 0.398361 0.126009 0.173015 0.0583278 0.244288
 0.778672 0.130576 0.0190072 0.0260975 0.0456465
 0.32369 0.593336 0.0489523 0.00712567 0.0268964
 0.694537 0.165016 0.123216 0.0101658 0.00706525
 0.582756 0.349283 0.0367137 0.0274138 0.00383365
 0.685308 0.24314 0.0598978 0.00629595 0.00535857
 0.618635 0.318589 0.048503 0.0119488 0.00232491
 0.270525 0.567855 0.135015 0.0205551 0.00604907
 0.227469 0.357102 0.323389 0.0768899 0.0151509
 0.502264 0.201371 0.136995 0.124061 0.0353095
 0.430109 0.408589 0.0652588 0.0443962 0.0516477
 0.540901 0.320087 0.0996664 0.0159185 0.0234278
 0.540128 0.354782 0.073269 0.022814 0.0090065
 0.454814 0.399386 0.112482 0.0232295 0.0100885
 0.47508 0.343655 0.132789 0.0373983 0.0110777
 0.4272 0.381424 0.12529 0.0484125 0.0176734
 0.66832 0.206127 0.0836054 0.0274627 0.0144856
 0.574378 0.347124 0.0487839 0.0197869 0.00992788
 0.438882 0.413407 0.120468 0.0169302 0.0103124
 0.539804 0.286037 0.128313 0.0373907 0.00845555
 0.431501 0.406133 0.10092 0.0452715 0.0161755
 0.0642335 0.579472 0.254535 0.0632491 0.0385106
pobs_RECLAS
 0 0 0 0 0
 0 0 0 0 0
 0 0 0 0 0
 0 0 0 0 0
 0.835266 0.146461 0.0176864 0.000547809 3.91292e-05
 0.385257 0.428462 0.181853 0.0044286 0
 0.867414 0.0963971 0.0333333 0.00285562 0
 0.441836 0.489002 0.0689373 0.000224442 0
 0.779404 0.147425 0.0564933 0.0165055 0.000172143
 0.814271 0.122319 0.05973 0.00367925 0
 0.40263 0.566651 0.0304383 0.000280538 0
 0.475488 0.404961 0.113038 0.00651328 0
 0.955842 0.0263864 0.0167828 0.000988607 0
 0.975058 0.0227948 0.00214734 0 0
 0.738997 0.206755 0.0527124 0.00153531 0
 0.850938 0.134255 0.0134407 0.00136685 0
 0.542534 0.407297 0.0501686 0 0
 0.764087 0.199537 0.0359546 0.000420521 0
 0.470689 0.182191 0.310203 0.0369168 0
 0.84361 0.089868 0.0606195 0.00523954 0.000663233
 0.607945 0.314616 0.071237 0.00620181 0
 0.523733 0.453247 0.0230204 0 0
 0.530135 0.295979 0.169645 0.0042399 0
 0.562478 0.366248 0.0663022 0.0049721 0
 0.250443 0.683176 0.0655157 0.000865301 0
ppred_RECLAS
 0.103627 0.589836 0.270773 0.0357618 2.20555e-06
 0.213271 0.151638 0.417906 0.191846 0.0253392
 0.099509 0.327562 0.11043 0.304337 0.158163
 0.400967 0.125463 0.172265 0.0580751 0.243229
 0.778976 0.130397 0.0189811 0.0260617 0.0455838
 0.331128 0.58681 0.0484139 0.0070473 0.0266006
 0.698226 0.163023 0.121728 0.010043 0.00697993
 0.59048 0.342817 0.036034 0.0269064 0.00376269
 0.690269 0.239306 0.0589534 0.00619669 0.00527408
 0.621075 0.31655 0.0481926 0.0118723 0.00231004
 0.274904 0.564447 0.134205 0.0204318 0.00601276
 0.231221 0.355367 0.321818 0.0765164 0.0150773
 0.511941 0.197456 0.134331 0.121649 0.034623
 0.452226 0.392732 0.0627261 0.0426732 0.0496432
 0.558708 0.307671 0.0958005 0.015301 0.0225191
 0.5459 0.35033 0.0723494 0.0225277 0.00889347
 0.459383 0.396039 0.111539 0.0230348 0.010004
 0.478321 0.341533 0.131969 0.0371674 0.0110093
 0.430366 0.379316 0.124598 0.0481449 0.0175758
 0.67107 0.204417 0.0829121 0.027235 0.0143654
 0.575407 0.346284 0.0486659 0.019739 0.00990386
 0.440323 0.412346 0.120158 0.0168868 0.0102859
 0.541795 0.284799 0.127758 0.0372289 0.00841896
 0.433642 0.404603 0.100539 0.045101 0.0161146
 0.0649987 0.578998 0.254327 0.0631974 0.0384791
pobs_PELACES
 0 0 0 0 0
 0 0 0 0 0
 0 0 0 0 0
 0 0 0 0 0
 0 0 0 0 0
 0 0 0 0 0
 0 0 0 0 0
 0 0 0 0 0
 0 0 0 0 0
 0 0 0 0 0
 0.450072 0.473896 0.0757376 0.000293798 0
 0 0 0 0 0
 0.463077 0.371075 0.160297 0.00555027 0
 0.529543 0.364841 0.0842815 0.0213345 0
 0.631943 0.363953 0.00410389 0 0
 0.735681 0.248677 0.0153453 0.000297389 0
 0.695825 0.281241 0.0229344 0 0
 0.275771 0.60734 0.115278 0.00161068 0
 0 0 0 0 0
 0.896147 0.0623911 0.0374545 0.00400742 0
 0.803859 0.145111 0.0509908 3.86294e-05 0
 0.739449 0.233085 0.0266225 0.000797448 4.60066e-05
 0.878498 0.100942 0.0204185 0.000141795 0
 0.694673 0.275183 0.0284847 0.00165964 0
 0.469039 0.446079 0.0841089 0.000773354 0
ppred_PELACES
 0.105614 0.588528 0.270173 0.0356825 2.20066e-06
 0.219209 0.150494 0.414751 0.190398 0.025148
 0.110754 0.323471 0.109051 0.300536 0.156188
 0.412453 0.123057 0.168962 0.0569615 0.238566
 0.780605 0.129436 0.0188412 0.0258697 0.0452479
 0.356605 0.564459 0.0465698 0.00677887 0.0255874
 0.712615 0.15525 0.115924 0.00956411 0.0066471
 0.616392 0.321125 0.033754 0.0252039 0.0035246
 0.708279 0.225392 0.0555255 0.00583637 0.00496741
 0.631787 0.307601 0.0468302 0.0115367 0.00224473
 0.291711 0.551364 0.131094 0.0199582 0.00587339
 0.245823 0.348618 0.315706 0.0750631 0.0147909
 0.542941 0.184914 0.125799 0.113922 0.0324239
 0.506952 0.353495 0.0564594 0.0384099 0.0446836
 0.604859 0.275495 0.0857816 0.0137008 0.020164
 0.567142 0.333941 0.068965 0.0214738 0.00847744
 0.477353 0.382875 0.107832 0.0222692 0.00967143
 0.492051 0.332544 0.128496 0.0361891 0.0107195
 0.443838 0.370345 0.121651 0.0470062 0.0171601
 0.682678 0.197203 0.079986 0.0262738 0.0138585
 0.580573 0.342071 0.0480739 0.0194989 0.00978338
 0.447304 0.407202 0.11866 0.0166761 0.0101576
 0.550973 0.279095 0.125199 0.0364833 0.00825034
 0.443428 0.397612 0.0988022 0.0443217 0.0158361
 0.0683493 0.576923 0.253415 0.0629709 0.0383412
pobs_pel_tallas
 0 0 0 0 0 0 0 0 0 0 0 0 0 0 0 0 0 0 0 0 0 0 0 0 0 0 0 0 0 0 0 0 0 0 0 0
 0 0 0 0 0 0 0 0 0 0 0 0 0 0 0 0 0 0 0 0 0 0 0 0 0 0 0 0 0 0 0 0 0 0 0 0
 0 0 0 0 0 0 0 0 0 0 0 0 0 0 0 0 0 0 0 0 0 0 0 0 0 0 0 0 0 0 0 0 0 0 0 0
 0 0 0 0 0 0 0 0 0 0 0 0 0 0 0 0 0 0 0 0 0 0 0 0 0 0 0 0 0 0 0 0 0 0 0 0
 0 0 0 0 0 0 0 0 0 0 0 0 0 0 0 0 0 0 0 0 0 0 0 0 0 0 0 0 0 0 0 0 0 0 0 0
 0 0 0 0 0 0 0 0 0 0 0 0 0 0 0 0 0 0 0 0 0 0 0 0 0 0 0 0 0 0 0 0 0 0 0 0
 0 0 0 0 0 0 0 0 0 0 0 0 0 0 0 0 0 0 0 0 0 0 0 0 0 0 0 0 0 0 0 0 0 0 0 0
 0 0 0 0 0 0 0 0 0 0 0 0 0 0 0 0 0 0 0 0 0 0 0 0 0 0 0 0 0 0 0 0 0 0 0 0
 0 0 0 0 0 0 0 0 0 0 0 0 0 0 0 0 0 0 0 0 0 0 0 0 0 0 0 0 0 0 0 0 0 0 0 0
 0 0 0 0 0 0 0 0 0 0 0 0 0 0 0 0 0 0 0 0 0 0 0 0 0 0 0 0 0 0 0 0 0 0 0 0
 0 0 0 0 0 0 0 0 1.78061e-05 0.00172719 0.00360574 0.0105946 0.0120993 0.0124554 0.0147524 0.0171206 0.0266825 0.0428682 0.0675386 0.121331 0.153587 0.119568 0.100827 0.0573624 0.0630603 0.0341343 0.0324427 0.0444173 0.0211091 0.0280891 0.0125444 0.00206551 0 0 0 0
 0 0 0 0 0 0 0 0 0 0 0 0 0 0 0 0 0 0 0 0 0 0 0 0 0 0 0 0 0 0 0 0 0 0 0 0
 0 0 0 0 0 0 0.0133647 0.0140871 0.0187388 0.0205184 0.03894 0.0496705 0.03968 0.0493445 0.0407372 0.0367815 0.0215668 0.0243155 0.0234873 0.0199281 0.019796 0.0243948 0.0301388 0.0376714 0.0412746 0.0863199 0.0771752 0.113111 0.0741005 0.0525337 0.0229764 0.00759418 0.00175318 0 0 0
 0 0 0 0 0 0 0 0 0 0 0.00219441 0.00772107 0.0458388 0.0604681 0.0671733 0.0775358 0.0609151 0.0617685 0.073594 0.0568108 0.0755445 0.0548602 0.0670107 0.0636378 0.0643287 0.046367 0.0373049 0.0286899 0.0247887 0.0153202 0.00654259 0.00121912 0.000365735 0 0 0
 0 0 0 0 0 0 0 0 0 0 0 0 0.000112435 0.00938835 0.0111873 0.0202946 0.0414886 0.0713402 0.111592 0.104902 0.108894 0.110636 0.117776 0.105296 0.107544 0.0401394 0.0192827 0.0124803 0.00416011 0.0028671 0.000618394 0 0 0 0 0
 0 0 0 0 0 0 0 0 0 0 0.00291406 0.0102884 0.027416 0.0768956 0.0749926 0.110853 0.0956884 0.0897413 0.0766577 0.0534642 0.0500743 0.0551293 0.0594112 0.0620874 0.0668451 0.0424026 0.0208742 0.0120726 0.0048766 0.00582813 0.00118941 0.000297354 0 0 0 0
 0 0.00264628 0.0354308 0.0461629 0.0458689 0.0383711 0.0214643 0.0164657 0.0346957 0.0420465 0.0363128 0.0245516 0.0311673 0.0291091 0.0169068 0.0133784 0.00837989 0.0085269 0.0148486 0.0160247 0.0276389 0.0546898 0.0760071 0.122758 0.109233 0.0665981 0.0333725 0.0166128 0.00676272 0.00308733 0.000882094 0 0 0 0 0
 0 0 0 0 0 0 0 0.000805153 0.000690131 0.00759144 0.0133425 0.0154129 0.00931677 0.000345066 0.00356568 0.00563607 0.00851162 0.0253048 0.0502646 0.0516448 0.0657925 0.0565908 0.0611916 0.0827007 0.0866115 0.110766 0.145733 0.0935128 0.0569358 0.0249597 0.0138026 0.00621118 0.00161031 0.00115022 0 0
 0 0 0 0 0 0 0 0 0 0 0 0 0 0 0 0 0 0 0 0 0 0 0 0 0 0 0 0 0 0 0 0 0 0 0 0
 0.00147267 0.00158595 0.00478618 0.00569244 0.00954404 0.0108468 0.00647125 0.017049 0.0510054 0.094081 0.124002 0.0959785 0.0687766 0.0820023 0.061753 0.0591476 0.0492212 0.0479892 0.0443925 0.0268479 0.0217502 0.0140895 0.0121071 0.0120363 0.00920419 0.00665534 0.0049561 0.00860946 0.00930331 0.0156896 0.0114698 0.00855282 0.00243557 0.00046729 0 2.83206e-05
 0 0 0 0 0.000772559 0.00158375 0.000888443 0.00281984 0.00712685 0.0440552 0.0773331 0.111326 0.0921469 0.0852325 0.0710754 0.0886704 0.0786465 0.0553345 0.0373146 0.0185414 0.00753245 0.00457741 0.012979 0.0271748 0.0457355 0.0583668 0.034881 0.0177882 0.00938659 0.00492506 0.0015258 0.00185414 0.000309023 5.79419e-05 3.86279e-05 0
 0 0.00173294 0.00326652 0 0.00397197 0.00683976 0.00946217 0.0152591 0.00757587 0.0136028 0.0228656 0.0392903 0.0559909 0.0764795 0.0681675 0.0726916 0.0566044 0.0477403 0.0527397 0.0444891 0.0609904 0.0582453 0.0661739 0.0445044 0.0529084 0.0360697 0.0280645 0.0235558 0.0158879 0.00826598 0.00280645 0.00217768 0.000904811 0.00058276 9.20147e-05 0
 0 0 0 0 0 0 0 0 0 0 0 0 0 0 0 0 0 0 0 0 0 0 0 0 0 0 0 0 0 0 0 0 0 0 0 0
 0 0 0 0 0 0 0 0 0 0 0 0 0 0 0 0 0 0 0 0 0 0 0 0 0 0 0 0 0 0 0 0 0 0 0 0
 0 0 0 0 0 0 0 0 0 0 0 0 0 0 0 0 0 0 0 0 0 0 0 0 0 0 0 0 0 0 0 0 0 0 0 0
ppred_pel_tallas
 1.05253e-16 4.64241e-06 2.71607e-05 0.000128929 0.000496083 0.00154671 0.00390751 0.00799994 0.0132785 0.0178864 0.0196056 0.0176306 0.0133564 0.00928171 0.0072885 0.00796615 0.0110885 0.0162735 0.0232137 0.031565 0.0407912 0.0501168 0.0586081 0.0653409 0.0695947 0.0710051 0.0696259 0.0658789 0.0604199 0.0539684 0.0471614 0.0404674 0.0341723 0.0284135 0.023238 0.0186522
 1.13654e-16 9.57805e-06 5.61772e-05 0.000266966 0.00102771 0.00320467 0.00809484 0.0165643 0.0274619 0.0368952 0.0401878 0.0355405 0.0256431 0.0153783 0.00824909 0.00500796 0.00472859 0.00630959 0.0091178 0.0129119 0.0175917 0.0230383 0.0290588 0.0353865 0.0417052 0.047677 0.0529668 0.0572612 0.0602841 0.0618164 0.0617194 0.059961 0.0566357 0.0519658 0.0462838 0.0399921
 1.19279e-16 4.8547e-06 2.84341e-05 0.000135043 0.000519725 0.00162052 0.00409361 0.00837866 0.0138985 0.0186957 0.0204247 0.0182065 0.0134492 0.00869207 0.00580231 0.00527578 0.00676127 0.00979124 0.0140708 0.0194061 0.0255624 0.0321969 0.038879 0.0451632 0.0506762 0.055181 0.0585971 0.0609661 0.0623852 0.0629352 0.0626353 0.0614394 0.0592724 0.0560849 0.051905 0.0468654
 1.15543e-16 1.80024e-05 0.00010564 0.000502129 0.00193316 0.00602832 0.0152271 0.031157 0.051648 0.0693673 0.0754999 0.066631 0.0477728 0.028037 0.013907 0.00665749 0.00437791 0.0048196 0.00663462 0.0092669 0.0125153 0.0162571 0.0203521 0.0246327 0.0289226 0.0330542 0.0368759 0.0402477 0.043031 0.0450829 0.0462615 0.0464448 0.0455585 0.0436017 0.0406612 0.0369099
 1.03313e-16 3.40558e-05 0.000199887 0.000950189 0.00365831 0.0114081 0.0288159 0.0589608 0.0977325 0.131247 0.142811 0.125941 0.090089 0.0524486 0.0252151 0.0107005 0.00516618 0.00422008 0.00517707 0.00687284 0.00885733 0.0108881 0.0127569 0.0142738 0.0152989 0.0157706 0.0157158 0.0152342 0.0144648 0.0135459 0.0125833 0.0116351 0.0107143 0.00980482 0.00888131 0.00792639
 1.02274e-16 1.55852e-05 9.14084e-05 0.000434378 0.00167215 0.00521425 0.0131713 0.0269541 0.0446939 0.0600663 0.0654791 0.0580309 0.0421371 0.0257952 0.0147669 0.0103312 0.0109967 0.0149046 0.0208286 0.028019 0.0357994 0.0433654 0.0498103 0.0542811 0.05617 0.0552599 0.0517761 0.0463171 0.0396992 0.0327625 0.0262038 0.0204794 0.0157881 0.0121193 0.00933192 0.00723385
 1.02336e-16 3.10926e-05 0.000182487 0.000867459 0.00333976 0.0104147 0.0263068 0.0538272 0.0892245 0.119826 0.130394 0.115017 0.0823324 0.0480495 0.0233209 0.0102807 0.00554224 0.00511957 0.0065762 0.00884796 0.0115011 0.0142679 0.0168917 0.0191209 0.0207487 0.0216515 0.0218064 0.021282 0.0202089 0.0187409 0.0170228 0.0151714 0.0132726 0.0113886 0.00956854 0.00785542
 1.01615e-16 2.69033e-05 0.000157878 0.00075043 0.00288912 0.00900937 0.0227572 0.0465656 0.077193 0.103684 0.112871 0.0996613 0.0715605 0.0422062 0.0213104 0.0107943 0.00779793 0.00891509 0.0120226 0.0161029 0.0205915 0.0249912 0.02878 0.031471 0.0327141 0.0323784 0.0305807 0.0276475 0.0240281 0.0201863 0.0165078 0.0132461 0.0105145 0.00831328 0.00657341 0.00520006
 1.01295e-16 3.09062e-05 0.000181387 0.000862215 0.00331955 0.0103517 0.0261476 0.0535019 0.0886873 0.11911 0.12963 0.114379 0.081953 0.0479837 0.0235775 0.0108802 0.00654596 0.00662129 0.00866912 0.0115843 0.0148537 0.0181023 0.0209577 0.0230715 0.0241864 0.0241929 0.0231517 0.0212693 0.0188408 0.0161775 0.0135447 0.011125 0.00901207 0.00722706 0.00574573 0.00452486
 1.01267e-16 2.75741e-05 0.000161817 0.000769161 0.00296124 0.00923429 0.0233253 0.0477279 0.0791191 0.106269 0.115681 0.10213 0.0733073 0.0431847 0.021709 0.0108403 0.00763884 0.00860756 0.0115711 0.0154959 0.0198235 0.0240725 0.0277399 0.0303553 0.0315782 0.0312765 0.0295556 0.026723 0.0232066 0.0194515 0.0158322 0.0126002 0.009875 0.0076682 0.00592368 0.00455733
 1.03001e-16 1.27552e-05 7.47944e-05 0.000355395 0.00136805 0.00426592 0.0107759 0.0220529 0.0365699 0.0491571 0.0536107 0.0475693 0.0346645 0.0214674 0.0127312 0.00955084 0.0107572 0.0148724 0.0209132 0.0282488 0.0362618 0.0441849 0.0511344 0.0562625 0.0589411 0.0589051 0.0563057 0.0516517 0.0456688 0.0391219 0.0326621 0.0267376 0.0215777 0.0172325 0.0136405 0.0106934
 1.07866e-16 1.07465e-05 6.3019e-05 0.000299452 0.00115272 0.00359448 0.00907968 0.0185808 0.0308096 0.0414064 0.0451375 0.0400027 0.0290468 0.0177854 0.0101977 0.00718106 0.00773737 0.0106355 0.0151053 0.0207302 0.027161 0.0339586 0.0405843 0.0464741 0.0511426 0.0542685 0.0557363 0.0556203 0.0541271 0.0515214 0.0480635 0.0439784 0.0394545 0.0346601 0.0297617 0.024931
 1.07276e-16 2.3695e-05 0.000139055 0.000660971 0.00254472 0.00793542 0.0200443 0.0410139 0.0679874 0.0913124 0.0993847 0.0877091 0.062883 0.0368979 0.0182835 0.00870614 0.00562982 0.00605889 0.00816483 0.0111412 0.0146313 0.018374 0.0220934 0.0255078 0.0283762 0.0305384 0.0319328 0.0325834 0.0325672 0.0319754 0.0308846 0.029348 0.0274044 0.0250966 0.0224893 0.0196762
 1.04325e-16 2.21324e-05 0.000129866 0.000617252 0.00237634 0.00741028 0.018718 0.0383015 0.0634962 0.0852956 0.0928761 0.0820605 0.0590406 0.0350601 0.0181438 0.00991646 0.00807205 0.00984561 0.0135045 0.018189 0.0233692 0.0285294 0.0331097 0.0365793 0.0385486 0.0388573 0.0376051 0.0351114 0.0318217 0.0281948 0.0246062 0.0212961 0.0183653 0.0158087 0.013564 0.0115573
 1.02721e-16 2.63986e-05 0.000154919 0.000736373 0.00283501 0.00884064 0.0223309 0.0456931 0.0757457 0.101737 0.110744 0.0977645 0.0701584 0.0412991 0.020706 0.0102527 0.00712412 0.00797693 0.0107408 0.0144483 0.0185964 0.0227612 0.0264974 0.02938 0.0310886 0.0314768 0.0305985 0.0286808 0.0260555 0.0230753 0.0200407 0.0171591 0.0145394 0.0122122 0.0101627 0.00836
 1.02222e-16 2.47564e-05 0.000145272 0.000690499 0.00265836 0.00828976 0.0209395 0.0428466 0.0710292 0.095409 0.103873 0.0917407 0.0659264 0.0389906 0.0198864 0.010402 0.00792799 0.0093483 0.0127179 0.0170928 0.0219266 0.0267152 0.0309184 0.0340249 0.0356586 0.035663 0.0341334 0.0313799 0.0278413 0.0239767 0.0201734 0.0166933 0.0136646 0.0111077 0.00897805 0.00720592
 1.02873e-16 2.08432e-05 0.000122293 0.000581246 0.00223769 0.00697791 0.0176259 0.0360672 0.0597939 0.0803269 0.0874787 0.077322 0.0556978 0.0332086 0.0174316 0.00992159 0.00853251 0.0106801 0.0147378 0.0198787 0.0255592 0.0312231 0.0362549 0.0400643 0.042209 0.0424927 0.0410026 0.0380701 0.0341752 0.0298263 0.0254581 0.0213712 0.0177231 0.0145562 0.0118428 0.0095278
 1.03677e-16 2.14821e-05 0.000126049 0.00059911 0.00230649 0.00719247 0.0181679 0.0371757 0.0616297 0.0827879 0.0901448 0.0796454 0.0572993 0.0340192 0.0175943 0.009603 0.00781078 0.00954146 0.0131255 0.0177455 0.0229066 0.0281276 0.0328769 0.0366384 0.0390147 0.0398109 0.0390682 0.0370329 0.0340781 0.0306063 0.0269658 0.0234035 0.0200592 0.0169888 0.0142004 0.0116856
 1.04265e-16 1.93813e-05 0.000113712 0.000540451 0.00208062 0.00648811 0.0163887 0.0335357 0.0555976 0.0746914 0.0813459 0.0719121 0.0518244 0.0309468 0.0163326 0.00943775 0.00827882 0.010465 0.0144937 0.0196014 0.025281 0.0310067 0.0361901 0.0402616 0.0427872 0.0435613 0.0426431 0.04032 0.037018 0.033191 0.0292258 0.0253899 0.0218256 0.0185784 0.01564 0.0129863
 1.02751e-16 2.97887e-05 0.000174829 0.000831044 0.00319954 0.00997745 0.0252023 0.0515676 0.0854803 0.114802 0.124938 0.11023 0.0789623 0.0461965 0.0226334 0.0103368 0.00607991 0.00605473 0.00792309 0.0106407 0.0137444 0.0169109 0.0198202 0.0221663 0.0237124 0.0243394 0.024065 0.0230261 0.0214328 0.0195117 0.017458 0.0154091 0.0134423 0.0115896 0.00985893 0.00825262
 1.01922e-16 2.53423e-05 0.000148711 0.000706847 0.0027213 0.00848605 0.0214353 0.0438611 0.072711 0.0976677 0.106332 0.0939105 0.0674823 0.0399038 0.0203385 0.0106148 0.00805811 0.00947417 0.0128666 0.0172631 0.022099 0.0268538 0.0309734 0.0339374 0.0353692 0.0351227 0.0333141 0.0302822 0.0264968 0.0224451 0.0185341 0.0150335 0.0120675 0.00964268 0.00769362 0.00612787
 1.02865e-16 1.9534e-05 0.000114605 0.000544688 0.00209692 0.00653893 0.0165172 0.0337988 0.0560346 0.0752812 0.0819957 0.0725039 0.0522888 0.0312997 0.0166561 0.00983746 0.00885522 0.0113042 0.015663 0.0211386 0.027179 0.0331981 0.0385413 0.0425793 0.0448405 0.045115 0.043495 0.0403335 0.0361426 0.0314662 0.0267704 0.0223798 0.0184661 0.015078 0.0121881 0.00973787
 1.03508e-16 2.40492e-05 0.000141125 0.000670794 0.00258251 0.00805323 0.020342 0.0416237 0.0690008 0.092681 0.100894 0.089089 0.0639758 0.037747 0.0190883 0.00972445 0.00711102 0.00822108 0.0111813 0.0151121 0.0195424 0.0240575 0.0282102 0.0315649 0.0337812 0.0346839 0.0342917 0.0327925 0.0304808 0.027678 0.0246652 0.0216455 0.0187399 0.0160058 0.0134657 0.0111311
 1.03795e-16 1.93644e-05 0.000113611 0.000539964 0.00207874 0.00648223 0.0163739 0.0335056 0.0555484 0.0746275 0.0812822 0.0718695 0.0518236 0.0310059 0.0164719 0.00968538 0.00867279 0.0110484 0.015305 0.020661 0.0265777 0.0324869 0.0377552 0.0417748 0.0440918 0.0445061 0.0431093 0.0402429 0.0363978 0.0320899 0.0277542 0.0236852 0.0200293 0.0168169 0.0140116 0.0115554
 1.07741e-16 3.01686e-06 1.76188e-05 8.3569e-05 0.00032144 0.0010021 0.00253185 0.00518515 0.00861267 0.0116202 0.0127865 0.0116152 0.00904934 0.00676612 0.00606458 0.00742334 0.0107955 0.0160118 0.0228993 0.0311805 0.0403567 0.0496839 0.0582604 0.0651913 0.0697773 0.0716606 0.0708839 0.0678388 0.0631346 0.0574338 0.0513124 0.0451825 0.0392842 0.0337259 0.0285452 0.0237588
pSPR Fmed_Fpbrs
0.531605   0.255595 0.255595
Fs Fmed_Fpbrs
0.359728   1.005 1.005
SSBpbr Bo_Bmed_Bpbrs
991686  477600  203886 203886
Ro
27446.7
SPR SPRFo_SPRFmed_SPRFpbrs
564381 300027 144253
log_Ro
10.04
likeval ReclasPelacesDesembMPH_pf_preclas_ppelaces_ptallas_desvR_qrecl_qpela
 98.9567 115.788 0.0645682 0.000577458 366.436 206.045 84.969 0 28.533 0 0 0 0 0 0
q_reclas_q_pelaces
1 1
M
0.7
N
 16443.9 48327.6 22185.5 2930.11 0.18071
 20425.6 7657.32 21103.1 9687.67 1279.56
 4623.15 9121.31 3075.03 8474.58 4404.23
 9501.56 1597.7 2193.7 739.552 3097.39
 48104.6 4084.53 594.558 816.35 1427.86
 22074.7 23211.2 1915.01 278.755 1052.18
 60038.9 7784.46 5812.6 479.56 333.296
 70661.4 24170.3 2540.58 1897.03 265.288
 128044 25271.5 6225.67 654.39 556.96
 179566 49047.6 7467.17 1839.55 357.927
 66692.7 77619.5 18455 2809.66 826.839
 29688 25769.9 23337 5548.68 1093.35
 49620.5 11554.5 7860.61 7118.51 2026.02
 27911.3 16901.3 2699.43 1836.45 2136.41
 19414.7 7127.14 2219.2 354.445 521.65
 14836 5423.71 1120.09 348.767 137.686
 11803.1 5675.72 1598.49 330.117 143.369
 12138 4709.82 1819.89 512.547 151.821
 10656.7 5102.58 1676.1 647.648 236.43
 27158.4 4482.82 1818.24 597.256 315.03
 36955.7 11482.7 1613.74 654.538 328.409
 35215.7 17211 5015.32 704.841 429.325
 57739.4 16051.3 7200.47 2098.23 474.495
 51726.8 25629.2 6368.57 2856.88 1020.76
 4712.23 22772.2 10002.8 2485.58 1513.4
pred_Ctot
 739.133 4224.9 1939.5 256.156 0.015798
 1488.78 1066.52 2939.25 1349.31 178.218
 1032.24 3524.63 1188.25 3274.73 1701.87
 925.564 292.773 401.988 135.52 567.585
 981.829 164.644 23.9662 32.9064 57.5557
 4693.07 8602.59 709.744 103.313 389.963
 8273.4 1965.69 1467.76 121.096 84.1621
 14489 8684.2 912.81 681.589 95.316
 21369.7 7581.73 1867.77 196.324 167.094
 16862.1 8683.78 1322.05 325.688 63.3703
 10797.3 22664.5 5388.78 820.406 241.433
 4682.37 7350.83 6656.86 1582.75 311.876
 11453.6 4592.04 3124.01 2829.08 805.194
 10126.6 9619.9 1536.47 1045.27 1216
 6311.13 3734.72 1162.89 185.734 273.352
 2486.89 1633.51 337.35 105.042 41.4683
 1688.65 1482.85 417.625 86.2472 37.4569
 1352.47 978.323 378.027 106.466 31.5361
 1183.09 1056.32 346.981 134.074 48.9451
 2928.97 903.369 366.408 120.358 63.4843
 1658.03 1002.03 140.823 57.118 28.6584
 2090.37 1969.04 573.782 80.6379 49.1173
 4436.11 2350.65 1054.48 307.277 69.4877
 4250.34 4000.47 994.072 445.931 159.331
 515.096 4646.86 2041.15 507.203 308.821
F
 0.0642928 0.128586 0.128586 0.128586 0.128586
 0.106174 0.212347 0.212347 0.212347 0.212347
 0.362512 0.725025 0.725025 0.725025 0.725025
 0.14425 0.2885 0.2885 0.2885 0.2885
 0.0287426 0.0574852 0.0574852 0.0574852 0.0574852
 0.342304 0.684607 0.684607 0.684607 0.684607
 0.209869 0.419738 0.419738 0.419738 0.419738
 0.328221 0.656443 0.656443 0.656443 0.656443
 0.259581 0.519163 0.519163 0.519163 0.519163
 0.138726 0.277453 0.277453 0.277453 0.277453
 0.250889 0.501777 0.501777 0.501777 0.501777
 0.243671 0.487342 0.487342 0.487342 0.487342
 0.377016 0.754032 0.754032 0.754032 0.754032
 0.665122 1.33024 1.33024 1.33024 1.33024
 0.575248 1.1505 1.1505 1.1505 1.1505
 0.26086 0.52172 0.52172 0.52172 0.52172
 0.218711 0.437423 0.437423 0.437423 0.437423
 0.166592 0.333183 0.333183 0.333183 0.333183
 0.165938 0.331876 0.331876 0.331876 0.331876
 0.160848 0.321695 0.321695 0.321695 0.321695
 0.0641702 0.12834 0.12834 0.12834 0.12834
 0.085701 0.171402 0.171402 0.171402 0.171402
 0.112209 0.224417 0.224417 0.224417 0.224417
 0.120434 0.240869 0.240869 0.240869 0.240869
 0.163193 0.326386 0.326386 0.326386 0.326386
YTP_r0W_actual
 5769.08 102231 67357.9 20846 13217.5
YTP_p0W_proyectada
 63782.1 20515.2 122778 70352.1 27129.3
 63782.1 79596.9 5436.81 29113.2 17266.2
CTP_r0_actual
 515.096 4646.86 2041.15 507.203 308.821
CTP_p0_proyectada
 7503.78 958.654 3935.2 1728.55 583.425
 7503.78 3719.48 174.257 715.312 371.317
Wmedp
 8.5 21.4 31.2 40.7 46.5
nmprior
 10.6 11 7 0
nm_flota  nm_reclas  nm_pelaces    nm_pelaL
inf 14.8152 10.2877 20.702
cv_recla  cv_pelaces  cv_mph
0.899803 1.22013 0.779647
 ------------------------------------------------
Talla a la edad & desviaci?n 
 7.2 14.2025 17.0495 18.207 18.6776
 1.08 2.13037 2.55742 2.73105 2.80164
