years
 1997 1998 1999 2000 2001 2002 2003 2004 2005 2006 2007 2008 2009 2010 2011 2012 2013 2014 2015 2016 2017 2018 2019 2020 2021
reclasobs
 0 0 0 370054 412103 1.49427e+06 250295 1.28982e+06 931140 785840 897777 1.04006e+06 184774 17550 25797 100020 73551 82996 120727 218422 84188 347160 605670 569463 516374
reclaspred
 1.48668e+06 250992 522122 233175 309233 394899 802601 650638 926561 1.16176e+06 1.15126e+06 781130 447063 204492 132890 126379 143222 191974 198366 262057 434334 430852 687423 766533 833024
pelacesobs
 0 0 0 0 0 0 0 0 0 2.06254e+06 1.5e+06 0 1.87456e+06 323000 250000 174000 83755 137374 0 501740 490994 745055 786931 1.00524e+06 1.33801e+06
pelacespred
 759408 274576 166874 161945 182158 173019 413841 398468 524226 682530 593410 417331 237615 87208.7 55868.4 60635.9 71872 97156.2 105649 134252 245249 254541 308020 408391 425847
mphobs
 0 0 0 0 0 112323 0 153150 637223 0 255016 313432 73983 77613 109348 50772 0 0 0 0 0 0 0 0 0
mphpred
 1.06101e+06 511540 357266 264081 215606 365572 475353 658381 690598 953361 1.15157e+06 829914 496004 265584 124197 106688 114780 149355 177184 190835 310905 408029 481705 630394 754026
desembarqueobs
 350755 77701 442110 56441 14545 235359 269955 359681 431902 328805 639364 411747 362871 311530 167758 66681 60226 58785 57116 73181 50977 67692 138656 160484 209506
desembarquepred
 350738 77686.8 441886 56435 14544.6 235334 269924 359471 431705 328669 639014 411648 362678 311422 167610 66669.8 60229.2 58772.7 57097.7 73154.2 50970.5 67672.7 138621 160452 209469
Reclutas
 31266.3 36512 14245.4 18190 47473.8 30487.7 68416.1 78109.1 131237 154857 71053.6 36596.4 47864.8 28195.3 19594.2 15815.9 12922.9 13691.7 13481.4 28339.1 39688 40592.5 63888.7 65847.9 15962.8
log_desv_Rt
 -0.109703 0.0453972 -0.895809 -0.651375 0.307934 -0.134921 0.673364 0.805862 1.32476 1.49026 0.71119 0.0477053 0.316135 -0.213089 -0.577011 -0.791228 -0.993241 -0.935458 -0.95093 -0.208004 0.128803 0.151339 0.604898 0.635103 -0.781986
SSB
 1.06101e+06 511540 357266 264081 215606 365572 475353 658381 690598 953361 1.15157e+06 829914 496004 265584 124197 106688 114780 149355 177184 190835 310905 408029 481705 630394 754026
BT
 2.08262e+06 657053 634230 399745 461720 526283 1.36628e+06 1.33424e+06 1.80608e+06 1.95994e+06 1.82449e+06 1.2268e+06 889702 485130 282422 192185 217467 268890 269128 380134 636915 573415 749983 1.01409e+06 988920
Ftot
 0.227922 0.297744 0.777831 0.23386 0.0459891 0.560419 0.323727 0.524167 0.445297 0.273086 0.523967 0.498108 0.751377 1.32031 1.13064 0.500245 0.402025 0.294774 0.277264 0.269469 0.114311 0.152559 0.195345 0.20271 0.242535
BD_Bspro_t
 0.966033 0.786335 0.628705 0.379828 0.466156 0.655964 0.562249 0.602455 0.575355 0.598004 0.611211 0.456911 0.34226 0.247164 0.147998 0.152807 0.214237 0.33281 0.429558 0.510026 0.649647 0.758846 0.759954 0.750839 0.728151
BD_Bspro
 1.47882 0.712978 0.497953 0.368073 0.300509 0.50953 0.662542 0.917644 0.962548 1.32878 1.60504 1.15673 0.691325 0.370168 0.173104 0.1487 0.159979 0.208169 0.246958 0.265984 0.433335 0.568707 0.671395 0.878636 1.05095
BD_Bo
 1.13056 0.545072 0.380685 0.281392 0.229739 0.389536 0.506513 0.701538 0.735868 1.01585 1.22706 0.884316 0.528517 0.282993 0.132338 0.113681 0.122304 0.159145 0.188799 0.203345 0.331285 0.434776 0.513281 0.671717 0.803454
BD_Brms
 5.49897 2.65119 1.85163 1.36867 1.11744 1.89468 2.46364 3.41223 3.57921 4.94105 5.96831 4.30125 2.57067 1.37646 0.643683 0.552938 0.594879 0.774071 0.918306 0.989055 1.61135 2.11472 2.49657 3.26718 3.90794
S_f
 0.5 1 1 1 1
 0.5 1 1 1 1
 0.5 1 1 1 1
 0.5 1 1 1 1
 0.5 1 1 1 1
 0.5 1 1 1 1
 0.5 1 1 1 1
 0.5 1 1 1 1
 0.5 1 1 1 1
 0.5 1 1 1 1
 0.5 1 1 1 1
 0.5 1 1 1 1
 0.5 1 1 1 1
 0.5 1 1 1 1
 0.5 1 1 1 1
 0.5 1 1 1 1
 0.5 1 1 1 1
 0.5 1 1 1 1
 0.5 1 1 1 1
 0.5 1 1 1 1
 0.5 1 1 1 1
 0.5 1 1 1 1
 0.5 1 1 1 1
 0.5 1 1 1 1
 0.5 1 1 1 1
Scru_reclas
 0.5 1 1 1 1
 0.5 1 1 1 1
 0.5 1 1 1 1
 0.5 1 1 1 1
 0.5 1 1 1 1
 0.5 1 1 1 1
 0.5 1 1 1 1
 0.5 1 1 1 1
 0.5 1 1 1 1
 0.5 1 1 1 1
 0.5 1 1 1 1
 0.5 1 1 1 1
 0.5 1 1 1 1
 0.5 1 1 1 1
 0.5 1 1 1 1
 0.5 1 1 1 1
 0.5 1 1 1 1
 0.5 1 1 1 1
 0.5 1 1 1 1
 0.5 1 1 1 1
 0.5 1 1 1 1
 0.5 1 1 1 1
 0.5 1 1 1 1
 0.5 1 1 1 1
 0.5 1 1 1 1
Scru_pelaces
 0.5 1 1 1 1
 0.5 1 1 1 1
 0.5 1 1 1 1
 0.5 1 1 1 1
 0.5 1 1 1 1
 0.5 1 1 1 1
 0.5 1 1 1 1
 0.5 1 1 1 1
 0.5 1 1 1 1
 0.5 1 1 1 1
 0.5 1 1 1 1
 0.5 1 1 1 1
 0.5 1 1 1 1
 0.5 1 1 1 1
 0.5 1 1 1 1
 0.5 1 1 1 1
 0.5 1 1 1 1
 0.5 1 1 1 1
 0.5 1 1 1 1
 0.5 1 1 1 1
 0.5 1 1 1 1
 0.5 1 1 1 1
 0.5 1 1 1 1
 0.5 1 1 1 1
 0.5 1 1 1 1
pf_obs 
 0.256992 0.487395 0.22802 0.0275931 0
 0.321318 0.546541 0.124235 0.00734118 0.000564706
 0.182869 0.594174 0.210203 0.0122559 0.00049798
 0.330522 0.361315 0.267642 0.0388342 0.00168674
 0.649043 0.306663 0.0425973 0.00169635 0
 0.582887 0.30429 0.105238 0.00758474 0
 0.465427 0.430635 0.0974691 0.00646863 0
 0.296916 0.608066 0.0921331 0.00288517 0
 0.311714 0.524322 0.152257 0.0117073 0
 0.15457 0.633149 0.183074 0.0267441 0.00246327
 0.131901 0.49318 0.331252 0.0422183 0.00144891
 0.196976 0.569456 0.194076 0.0375587 0.00193317
 0.518974 0.381816 0.0799577 0.0180837 0.00116848
 0.0928022 0.601141 0.25162 0.0475244 0.00691264
 0.122501 0.610282 0.24278 0.0234846 0.000952079
 0.383417 0.481906 0.127806 0.00687128 0
 0.0376549 0.599619 0.316969 0.0457579 0
 0.0361596 0.667082 0.258105 0.0386534 0
 0.158088 0.579412 0.248529 0.0139706 0
 0.0477256 0.309471 0.559284 0.082774 0.000745712
 0.0406174 0.521527 0.379366 0.0568643 0.0016247
 0.151134 0.462217 0.34131 0.0453401 0
 0.294876 0.26143 0.354403 0.0886775 0.000613685
 0.281977 0.475581 0.204845 0.0348837 0.00271318
 0.0841818 0.532909 0.334909 0.0458182 0.00218182
pf_pred 
 0.294281 0.484031 0.196944 0.0247392 4.11116e-06
 0.397959 0.283523 0.218462 0.0888885 0.0111676
 0.238896 0.449224 0.146876 0.113172 0.0518329
 0.468822 0.235093 0.174757 0.0571377 0.0641901
 0.661061 0.221551 0.0519547 0.0386208 0.0268131
 0.371888 0.501256 0.0829206 0.0194453 0.0244902
 0.651135 0.203358 0.11612 0.0192091 0.010178
 0.547489 0.363759 0.0517349 0.0295411 0.00747616
 0.640414 0.26555 0.0755924 0.010751 0.00769254
 0.557937 0.35465 0.0645538 0.0183761 0.00448353
 0.3015 0.511244 0.150228 0.0273448 0.00968328
 0.272604 0.365038 0.265216 0.0779335 0.0192089
 0.476776 0.243079 0.140588 0.102144 0.0374128
 0.433336 0.394186 0.0801299 0.0463442 0.0460041
 0.539392 0.322075 0.0963671 0.0195895 0.0225765
 0.549493 0.346529 0.0727053 0.0217539 0.00951856
 0.459092 0.399527 0.108751 0.022817 0.00981419
 0.476719 0.343347 0.132903 0.036176 0.0108548
 0.447564 0.367265 0.121499 0.0470297 0.0166425
 0.62123 0.24127 0.0914113 0.0302407 0.0158479
 0.563338 0.340567 0.0612105 0.0231912 0.0116927
 0.450395 0.399639 0.116964 0.021022 0.0119805
 0.529608 0.296907 0.126147 0.0369199 0.0104173
 0.457006 0.382374 0.101381 0.043074 0.0161637
 0.154179 0.541943 0.21399 0.0567365 0.0331514
pobs_RECLAS
 0 0 0 0 0
 0 0 0 0 0
 0 0 0 0 0
 0 0 0 0 0
 0.835266 0.146461 0.0176864 0.000547809 3.91292e-05
 0.385257 0.428462 0.181853 0.0044286 0
 0.867414 0.0963971 0.0333333 0.00285562 0
 0.441836 0.489002 0.0689373 0.000224442 0
 0.779404 0.147425 0.0564933 0.0165055 0.000172143
 0.814271 0.122319 0.05973 0.00367925 0
 0.40263 0.566651 0.0304383 0.000280538 0
 0.475488 0.404961 0.113038 0.00651328 0
 0.955842 0.0263864 0.0167828 0.000988607 0
 0.975058 0.0227948 0.00214734 0 0
 0.738997 0.206755 0.0527124 0.00153531 0
 0.850938 0.134255 0.0134407 0.00136685 0
 0.542534 0.407297 0.0501686 0 0
 0.764087 0.199537 0.0359546 0.000420521 0
 0.470689 0.182191 0.310203 0.0369168 0
 0.84361 0.089868 0.0606195 0.00523954 0.000663233
 0.607945 0.314616 0.071237 0.00620181 0
 0.523733 0.453247 0.0230204 0 0
 0.530135 0.295979 0.169645 0.0042399 0
 0.562478 0.366248 0.0663022 0.0049721 0
 0.250443 0.683176 0.0655157 0.000865301 0
ppred_RECLAS
 0.295981 0.482866 0.19647 0.0246796 4.10126e-06
 0.400668 0.282247 0.217479 0.0884885 0.0111173
 0.246332 0.444835 0.145441 0.112066 0.0513265
 0.47092 0.234164 0.174067 0.056912 0.0639366
 0.661373 0.221346 0.0519068 0.0385852 0.0267883
 0.377892 0.496464 0.0821279 0.0192594 0.0242561
 0.653976 0.201702 0.115174 0.0190527 0.0100951
 0.553281 0.359103 0.0510727 0.029163 0.00738047
 0.644743 0.262353 0.0746825 0.0106216 0.00759993
 0.56044 0.352641 0.0641882 0.0182721 0.00445814
 0.306449 0.507621 0.149164 0.027151 0.00961466
 0.27696 0.362852 0.263628 0.0774668 0.0190939
 0.486393 0.238611 0.138004 0.100266 0.0367251
 0.455233 0.378954 0.0770336 0.0445534 0.0442264
 0.55675 0.309937 0.0927354 0.0188512 0.0217257
 0.55493 0.342347 0.071828 0.0214914 0.0094037
 0.463192 0.396498 0.107926 0.022644 0.0097398
 0.479503 0.341521 0.132196 0.0359836 0.0107971
 0.450124 0.365563 0.120936 0.0468118 0.0165654
 0.623579 0.239774 0.0908445 0.0300532 0.0157496
 0.564249 0.339857 0.0610828 0.0231428 0.0116683
 0.451663 0.398717 0.116694 0.0209735 0.0119528
 0.531304 0.295837 0.125692 0.0367868 0.0103798
 0.458772 0.381131 0.101052 0.042934 0.0161112
 0.15533 0.541206 0.213699 0.0566593 0.0331063
pobs_PELACES
 0 0 0 0 0
 0 0 0 0 0
 0 0 0 0 0
 0 0 0 0 0
 0 0 0 0 0
 0 0 0 0 0
 0 0 0 0 0
 0 0 0 0 0
 0 0 0 0 0
 0 0 0 0 0
 0.450072 0.473896 0.0757376 0.000293798 0
 0 0 0 0 0
 0.463077 0.371075 0.160297 0.00555027 0
 0.529543 0.364841 0.0842815 0.0213345 0
 0.631943 0.363953 0.00410389 0 0
 0.735681 0.248677 0.0153453 0.000297389 0
 0.695825 0.281241 0.0229344 0 0
 0.275771 0.60734 0.115278 0.00161068 0
 0 0 0 0 0
 0.896147 0.0623911 0.0374545 0.00400742 0
 0.803859 0.145111 0.0509908 3.86294e-05 0
 0.739449 0.233085 0.0266225 0.000797448 4.60066e-05
 0.878498 0.100942 0.0204185 0.000141795 0
 0.694673 0.275183 0.0284847 0.00165964 0
 0.469039 0.446079 0.0841089 0.000773354 0
ppred_PELACES
 0.303877 0.47745 0.194267 0.0244028 4.05526e-06
 0.412521 0.276665 0.213178 0.0867385 0.0108975
 0.270926 0.430319 0.140695 0.108409 0.0496516
 0.480544 0.229905 0.170901 0.0558768 0.0627736
 0.663071 0.220237 0.0516466 0.0383918 0.0266541
 0.399863 0.478931 0.0792274 0.0185792 0.0233994
 0.665962 0.194715 0.111184 0.0183927 0.00974538
 0.574546 0.342009 0.0486415 0.0277748 0.00702914
 0.661388 0.250061 0.0711834 0.0101239 0.00724386
 0.571508 0.343762 0.0625719 0.017812 0.00434588
 0.325125 0.493952 0.145147 0.0264199 0.00935576
 0.293716 0.354443 0.257518 0.0756715 0.0186514
 0.517377 0.224217 0.129679 0.0942174 0.0345096
 0.509574 0.341152 0.0693494 0.0401092 0.0398148
 0.602175 0.278174 0.0832317 0.0169193 0.0194992
 0.575212 0.326746 0.0685547 0.020512 0.00897516
 0.47972 0.38429 0.104603 0.0219468 0.00943992
 0.491651 0.333549 0.12911 0.0351437 0.010545
 0.461471 0.35802 0.11844 0.0458458 0.0162236
 0.633957 0.233163 0.08834 0.0292246 0.0153154
 0.568881 0.336244 0.0604336 0.0228968 0.0115443
 0.457904 0.394179 0.115366 0.0207348 0.0118168
 0.539322 0.290776 0.123542 0.0361575 0.0102022
 0.467087 0.375276 0.0994993 0.0422743 0.0158636
 0.160653 0.537795 0.212352 0.0563022 0.0328977
pobs_pel_tallas
 0 0 0 0 0 0 0 0 0 0 0 0 0 0 0 0 0 0 0 0 0 0 0 0 0 0 0 0 0 0 0 0 0 0 0 0
 0 0 0 0 0 0 0 0 0 0 0 0 0 0 0 0 0 0 0 0 0 0 0 0 0 0 0 0 0 0 0 0 0 0 0 0
 0 0 0 0 0 0 0 0 0 0 0 0 0 0 0 0 0 0 0 0 0 0 0 0 0 0 0 0 0 0 0 0 0 0 0 0
 0 0 0 0 0 0 0 0 0 0 0 0 0 0 0 0 0 0 0 0 0 0 0 0 0 0 0 0 0 0 0 0 0 0 0 0
 0 0 0 0 0 0 0 0 0 0 0 0 0 0 0 0 0 0 0 0 0 0 0 0 0 0 0 0 0 0 0 0 0 0 0 0
 0 0 0 0 0 0 0 0 0 0 0 0 0 0 0 0 0 0 0 0 0 0 0 0 0 0 0 0 0 0 0 0 0 0 0 0
 0 0 0 0 0 0 0 0 0 0 0 0 0 0 0 0 0 0 0 0 0 0 0 0 0 0 0 0 0 0 0 0 0 0 0 0
 0 0 0 0 0 0 0 0 0 0 0 0 0 0 0 0 0 0 0 0 0 0 0 0 0 0 0 0 0 0 0 0 0 0 0 0
 0 0 0 0 0 0 0 0 0 0 0 0 0 0 0 0 0 0 0 0 0 0 0 0 0 0 0 0 0 0 0 0 0 0 0 0
 0 0 0 0 0 0 0 0 0 0 0 0 0 0 0 0 0 0 0 0 0 0 0 0 0 0 0 0 0 0 0 0 0 0 0 0
 0 0 0 0 0 0 0 0 1.78061e-05 0.00172719 0.00360574 0.0105946 0.0120993 0.0124554 0.0147524 0.0171206 0.0266825 0.0428682 0.0675386 0.121331 0.153587 0.119568 0.100827 0.0573624 0.0630603 0.0341343 0.0324427 0.0444173 0.0211091 0.0280891 0.0125444 0.00206551 0 0 0 0
 0 0 0 0 0 0 0 0 0 0 0 0 0 0 0 0 0 0 0 0 0 0 0 0 0 0 0 0 0 0 0 0 0 0 0 0
 0 0 0 0 0 0 0.0133647 0.0140871 0.0187388 0.0205184 0.03894 0.0496705 0.03968 0.0493445 0.0407372 0.0367815 0.0215668 0.0243155 0.0234873 0.0199281 0.019796 0.0243948 0.0301388 0.0376714 0.0412746 0.0863199 0.0771752 0.113111 0.0741005 0.0525337 0.0229764 0.00759418 0.00175318 0 0 0
 0 0 0 0 0 0 0 0 0 0 0.00219441 0.00772107 0.0458388 0.0604681 0.0671733 0.0775358 0.0609151 0.0617685 0.073594 0.0568108 0.0755445 0.0548602 0.0670107 0.0636378 0.0643287 0.046367 0.0373049 0.0286899 0.0247887 0.0153202 0.00654259 0.00121912 0.000365735 0 0 0
 0 0 0 0 0 0 0 0 0 0 0 0 0.000112435 0.00938835 0.0111873 0.0202946 0.0414886 0.0713402 0.111592 0.104902 0.108894 0.110636 0.117776 0.105296 0.107544 0.0401394 0.0192827 0.0124803 0.00416011 0.0028671 0.000618394 0 0 0 0 0
 0 0 0 0 0 0 0 0 0 0 0.00291406 0.0102884 0.027416 0.0768956 0.0749926 0.110853 0.0956884 0.0897413 0.0766577 0.0534642 0.0500743 0.0551293 0.0594112 0.0620874 0.0668451 0.0424026 0.0208742 0.0120726 0.0048766 0.00582813 0.00118941 0.000297354 0 0 0 0
 0 0.00264628 0.0354308 0.0461629 0.0458689 0.0383711 0.0214643 0.0164657 0.0346957 0.0420465 0.0363128 0.0245516 0.0311673 0.0291091 0.0169068 0.0133784 0.00837989 0.0085269 0.0148486 0.0160247 0.0276389 0.0546898 0.0760071 0.122758 0.109233 0.0665981 0.0333725 0.0166128 0.00676272 0.00308733 0.000882094 0 0 0 0 0
 0 0 0 0 0 0 0 0.000805153 0.000690131 0.00759144 0.0133425 0.0154129 0.00931677 0.000345066 0.00356568 0.00563607 0.00851162 0.0253048 0.0502646 0.0516448 0.0657925 0.0565908 0.0611916 0.0827007 0.0866115 0.110766 0.145733 0.0935128 0.0569358 0.0249597 0.0138026 0.00621118 0.00161031 0.00115022 0 0
 0 0 0 0 0 0 0 0 0 0 0 0 0 0 0 0 0 0 0 0 0 0 0 0 0 0 0 0 0 0 0 0 0 0 0 0
 0.00147267 0.00158595 0.00478618 0.00569244 0.00954404 0.0108468 0.00647125 0.017049 0.0510054 0.094081 0.124002 0.0959785 0.0687766 0.0820023 0.061753 0.0591476 0.0492212 0.0479892 0.0443925 0.0268479 0.0217502 0.0140895 0.0121071 0.0120363 0.00920419 0.00665534 0.0049561 0.00860946 0.00930331 0.0156896 0.0114698 0.00855282 0.00243557 0.00046729 0 2.83206e-05
 0 0 0 0 0.000772559 0.00158375 0.000888443 0.00281984 0.00712685 0.0440552 0.0773331 0.111326 0.0921469 0.0852325 0.0710754 0.0886704 0.0786465 0.0553345 0.0373146 0.0185414 0.00753245 0.00457741 0.012979 0.0271748 0.0457355 0.0583668 0.034881 0.0177882 0.00938659 0.00492506 0.0015258 0.00185414 0.000309023 5.79419e-05 3.86279e-05 0
 0 0.00173294 0.00326652 0 0.00397197 0.00683976 0.00946217 0.0152591 0.00757587 0.0136028 0.0228656 0.0392903 0.0559909 0.0764795 0.0681675 0.0726916 0.0566044 0.0477403 0.0527397 0.0444891 0.0609904 0.0582453 0.0661739 0.0445044 0.0529084 0.0360697 0.0280645 0.0235558 0.0158879 0.00826598 0.00280645 0.00217768 0.000904811 0.00058276 9.20147e-05 0
 0 0 0 0 0 0 0 0 0 0 0 0 0 0 0 0 0 0 0 0 0 0 0 0 0 0 0 0 0 0 0 0 0 0 0 0
 0 0 0 0 0 0 0 0 0 0 0 0 0 0 0 0 0 0 0 0 0 0 0 0 0 0 0 0 0 0 0 0 0 0 0 0
 0 0 0 0 0 0 0 0 0 0 0 0 0 0 0 0 0 0 0 0 0 0 0 0 0 0 0 0 0 0 0 0 0 0 0 0
ppred_pel_tallas
 1.03752e-16 1.32829e-05 7.78986e-05 0.000370167 0.00142495 0.00444337 0.0112241 0.0229693 0.0380869 0.0511882 0.0558046 0.0494657 0.0359376 0.0220407 0.0126947 0.00900377 0.00971793 0.0132813 0.018684 0.0253259 0.0326687 0.0400555 0.0467229 0.051924 0.0550838 0.0559226 0.0545055 0.0511996 0.0465614 0.0411957 0.0356327 0.0302564 0.0252924 0.0208369 0.0169063 0.0134812
 1.06606e-16 1.80121e-05 0.000105682 0.000502293 0.00193374 0.00603006 0.0152316 0.0311676 0.0516699 0.0694102 0.0755817 0.0667869 0.0480671 0.0285767 0.0148546 0.00823747 0.00687143 0.00853902 0.0118734 0.0162271 0.0212236 0.0264918 0.0316035 0.0361194 0.0396679 0.0420116 0.0430787 0.0429463 0.0417913 0.0398282 0.0372579 0.0342429 0.0309094 0.0273634 0.0237112 0.0200683
 1.08183e-16 1.18438e-05 6.94553e-05 0.000330038 0.00127046 0.00396163 0.0100072 0.020479 0.0339579 0.0456397 0.0497578 0.0441108 0.0320581 0.0196837 0.0113777 0.00813103 0.0088374 0.0121203 0.0170921 0.0232332 0.0300803 0.0370662 0.0435282 0.048816 0.052427 0.0541112 0.0539109 0.0521174 0.0491697 0.0455301 0.0415822 0.0375785 0.0336425 0.0298075 0.0260701 0.022433
 1.07355e-16 2.09762e-05 0.000123088 0.000585055 0.00225241 0.00702384 0.0177418 0.0363032 0.0601807 0.0808338 0.087997 0.0777 0.0557959 0.0329192 0.0166471 0.00848843 0.00623344 0.00725843 0.00995494 0.0135911 0.017799 0.0222629 0.0266324 0.0305499 0.0337132 0.0359288 0.0371356 0.0373899 0.0368238 0.0355931 0.0338371 0.0316607 0.0291395 0.0263386 0.023332 0.0202131
 1.0337e-16 2.89346e-05 0.000169812 0.000807191 0.00310769 0.00969102 0.0244788 0.0500875 0.0830277 0.11151 0.121362 0.10709 0.0767463 0.0449666 0.0221543 0.0103252 0.00635528 0.0065521 0.00864203 0.0115963 0.0149374 0.0183131 0.0213709 0.023778 0.0252849 0.0257792 0.0253047 0.0240381 0.0222329 0.0201529 0.018015 0.0159595 0.0140493 0.0122902 0.0106602 0.0091345
 1.03013e-16 1.74681e-05 0.00010247 0.000486984 0.00187472 0.00584599 0.0147669 0.0302182 0.0501018 0.0673208 0.0733518 0.0649239 0.0469596 0.0283846 0.0156046 0.00999012 0.00980896 0.0129398 0.0180173 0.0242777 0.0311158 0.0378486 0.0437088 0.0479678 0.0500947 0.0498789 0.0474745 0.0433461 0.038142 0.0325358 0.0270915 0.0221848 0.0179913 0.0145248 0.0117013 0.00939958
 1.0273e-16 2.90598e-05 0.00017055 0.0008107 0.00312121 0.00973318 0.0245853 0.0503051 0.0833878 0.111992 0.121881 0.107536 0.0770401 0.0450867 0.022118 0.0101511 0.00604297 0.00608465 0.00800093 0.0107781 0.0139672 0.0172526 0.0203171 0.0228521 0.0246115 0.0254595 0.0253921 0.0245214 0.0230351 0.0211437 0.0190362 0.0168551 0.014693 0.0126049 0.0106245 0.00877857
 1.02085e-16 2.50795e-05 0.000147168 0.000699512 0.00269306 0.00839798 0.0212129 0.043406 0.0719566 0.0966547 0.10523 0.0929396 0.0667896 0.0395042 0.0201534 0.0105487 0.00804523 0.00948397 0.0128904 0.0173022 0.0221587 0.0269415 0.0310976 0.0341072 0.0355931 0.0354078 0.0336642 0.0306971 0.0269714 0.0229692 0.0190927 0.0156084 0.0126387 0.0101905 0.00820088 0.00658122
 1.01779e-16 2.88625e-05 0.000169386 0.000805158 0.00309986 0.00966657 0.0244171 0.0499614 0.0828196 0.111234 0.121068 0.106848 0.0766091 0.04496 0.0222883 0.010617 0.00684193 0.00728669 0.00968039 0.0129793 0.0166727 0.0203601 0.0236321 0.0261018 0.0274801 0.027639 0.0266364 0.0246901 0.0221156 0.0192474 0.0163717 0.0136871 0.011298 0.00923286 0.00747323 0.00598184
 1.01816e-16 2.49471e-05 0.000146391 0.000695817 0.00267883 0.0083536 0.0211008 0.0431767 0.0715766 0.0961447 0.104676 0.0924526 0.0664453 0.0393118 0.0200763 0.0105428 0.0080831 0.009557 0.0130016 0.0174594 0.0223696 0.0272113 0.0314267 0.0344896 0.0360158 0.0358505 0.0341009 0.0310981 0.0273067 0.023212 0.0192227 0.0156152 0.012523 0.00996419 0.00788544 0.00620457
 1.03567e-16 1.421e-05 8.33401e-05 0.000396034 0.00152454 0.00475394 0.0120085 0.0245745 0.0407478 0.0547623 0.0596954 0.052901 0.0384037 0.0234939 0.0134245 0.0093637 0.0099588 0.0135296 0.0189829 0.0256708 0.0330211 0.0403465 0.0468576 0.0517919 0.0545764 0.0549548 0.0530366 0.0492463 0.0442016 0.0385585 0.0328796 0.0275564 0.0227972 0.018662 0.0151201 0.0121039
 1.07243e-16 1.28349e-05 7.52798e-05 0.000357741 0.00137715 0.00429434 0.0108475 0.0221979 0.036805 0.0494569 0.053895 0.0477203 0.0345556 0.020968 0.01168 0.00772394 0.00786273 0.010584 0.0149396 0.020428 0.0266609 0.0331782 0.0394298 0.0448527 0.0489776 0.0515164 0.0524016 0.0517639 0.0498666 0.0470199 0.043512 0.0395713 0.0353666 0.0310267 0.0266673 0.0224067
 1.06764e-16 2.25819e-05 0.000132516 0.000629879 0.00242499 0.00756205 0.0191012 0.0390846 0.0647908 0.0870233 0.094728 0.0836267 0.0600155 0.035335 0.0177313 0.00881351 0.00618542 0.00700631 0.00953344 0.012977 0.0169514 0.0211407 0.0252029 0.0287949 0.0316334 0.0335464 0.0344951 0.0345559 0.0338765 0.0326222 0.0309337 0.0289087 0.0266088 0.0240789 0.0213707 0.0185555
 1.04335e-16 2.22463e-05 0.000130535 0.000620438 0.00238861 0.00744855 0.0188147 0.0384992 0.0638235 0.0857341 0.0933506 0.0824725 0.0593215 0.0351957 0.0181571 0.00983391 0.0079037 0.00958535 0.0131399 0.017712 0.0227845 0.02786 0.0323981 0.0358837 0.0379352 0.0383883 0.0373271 0.0350462 0.0319626 0.0285089 0.0250416 0.0217926 0.0188649 0.016264 0.0139432 0.0118452
 1.02765e-16 2.62817e-05 0.000154232 0.000733108 0.00282244 0.00880144 0.0222319 0.0454906 0.07541 0.101287 0.110254 0.0973345 0.0698545 0.0411296 0.0206384 0.0102478 0.00715676 0.00803782 0.0108297 0.0145676 0.0187469 0.0229407 0.0266996 0.0295954 0.0313057 0.0316841 0.030787 0.028845 0.0261946 0.0231923 0.0201411 0.0172492 0.0146247 0.0122963 0.0102467 0.00844304
 1.02204e-16 2.51079e-05 0.000147337 0.000700316 0.00269616 0.00840765 0.0212373 0.0434558 0.0720388 0.0967639 0.105345 0.0930341 0.066841 0.0395015 0.0200916 0.0104198 0.0078339 0.00917003 0.0124551 0.0167367 0.0214714 0.0261639 0.0302855 0.0333358 0.0349462 0.0349631 0.0334791 0.0307964 0.0273434 0.0235687 0.0198504 0.0164447 0.0134771 0.0109681 0.00887478 0.00712979
 1.02806e-16 2.09465e-05 0.0001229 0.000584127 0.00224878 0.0070125 0.0177133 0.036246 0.0600902 0.080725 0.087912 0.0777045 0.0559721 0.0333696 0.0175114 0.00995932 0.00855584 0.0107029 0.0147651 0.0199105 0.0255922 0.0312513 0.0362696 0.0400552 0.0421656 0.0424059 0.0408669 0.0378846 0.0339444 0.0295598 0.0251689 0.021074 0.0174324 0.0142845 0.0115994 0.00931826
 1.03642e-16 2.14647e-05 0.000125947 0.000598624 0.00230462 0.00718663 0.0181531 0.0371455 0.0615797 0.0827209 0.0900721 0.0795819 0.0572552 0.0339962 0.0175882 0.00960895 0.00782623 0.00956643 0.0131613 0.0177934 0.0229672 0.0281997 0.0329578 0.0367233 0.0390978 0.0398857 0.0391288 0.0370744 0.0340978 0.0306035 0.0269419 0.0233616 0.0200034 0.0169238 0.0141308 0.0116159
 1.04132e-16 2.01497e-05 0.000118224 0.000561905 0.00216323 0.00674572 0.0170394 0.034867 0.0578038 0.0776527 0.0845644 0.0747414 0.0538288 0.0320742 0.0168005 0.00950864 0.00812359 0.0101499 0.0140234 0.0189594 0.0244536 0.0299943 0.0350122 0.0389565 0.0414071 0.0421649 0.0412862 0.039048 0.0358614 0.0321646 0.0283311 0.0246196 0.0211678 0.0180206 0.0151705 0.0125952
 1.0305e-16 2.76657e-05 0.000162362 0.000771765 0.00297129 0.00926565 0.0234044 0.0478892 0.0793845 0.10662 0.116046 0.102414 0.0734275 0.0430878 0.0213518 0.0101595 0.00653799 0.00696847 0.00928306 0.0124943 0.0161293 0.0198225 0.0231979 0.025895 0.027636 0.0282843 0.0278669 0.0265525 0.0245969 0.0222746 0.0198213 0.0174016 0.0151063 0.0129699 0.0109965 0.00918201
 1.02294e-16 2.48322e-05 0.000145717 0.000692615 0.00266651 0.00831517 0.0210037 0.042978 0.071247 0.0957016 0.104192 0.0920223 0.0661293 0.0391116 0.0199497 0.0104372 0.00795638 0.00938069 0.0127578 0.0171389 0.0219738 0.0267544 0.0309375 0.0340104 0.0355979 0.0355476 0.0339614 0.0311576 0.0275829 0.0237028 0.0199072 0.0164572 0.0134763 0.010978 0.00890973 0.00719445
 1.03031e-16 1.99956e-05 0.000117316 0.000557582 0.00214657 0.00669376 0.0169082 0.0345988 0.0573603 0.0770603 0.083928 0.0741995 0.0534834 0.0319583 0.0169035 0.00982352 0.00867276 0.0109821 0.0151939 0.0205061 0.0263745 0.0322309 0.0374424 0.0414004 0.0436484 0.043982 0.0424877 0.0395033 0.0355198 0.031058 0.0265638 0.0223467 0.01857 0.0152797 0.0124503 0.0100282
 1.03568e-16 2.35416e-05 0.000138144 0.00065662 0.00252793 0.00788304 0.0199121 0.0407442 0.0675434 0.090725 0.0987692 0.0872225 0.0626573 0.037013 0.0187984 0.0097095 0.00726343 0.00850258 0.0115936 0.0156682 0.0202494 0.0249076 0.0291775 0.0326062 0.0348421 0.0357069 0.035226 0.0336017 0.0311471 0.0282022 0.0250626 0.0219403 0.0189588 0.0161732 0.0136006 0.0112461
 1.03729e-16 2.03952e-05 0.000119664 0.000568748 0.00218957 0.00682786 0.0172469 0.0352917 0.0585081 0.0785999 0.0855982 0.0756608 0.0545031 0.0325002 0.0170673 0.00972682 0.00838042 0.0105016 0.0145015 0.0195743 0.0251918 0.0308139 0.0358422 0.0397024 0.0419634 0.0424326 0.0411912 0.0385552 0.0349816 0.0309521 0.0268738 0.0230232 0.0195399 0.0164561 0.0137426 0.0113509
 1.06662e-16 7.04007e-06 4.12424e-05 0.000195887 0.000753906 0.00235074 0.00593834 0.0121548 0.0201636 0.0271268 0.0296449 0.0264477 0.0195844 0.0127474 0.00865402 0.00802702 0.0103468 0.0148993 0.0211821 0.0287904 0.0372096 0.0457313 0.0535112 0.0597179 0.0637084 0.0651643 0.0641459 0.0610419 0.0564444 0.0509916 0.0452339 0.0395602 0.0341893 0.0292083 0.0246321 0.0204533
pSPR Fmed_Fpbrs
0.550551   0.255595 0.255595
Fs Fmed_Fpbrs
0.335862   1.005 1.005
SSBpbr Bo_Bmed_Bpbrs
938482  469757  192947 192947
Ro
34891.6
SPR SPRFo_SPRFmed_SPRFpbrs
717469 395003 183381
log_Ro
10.28
likeval ReclasPelacesDesembMPH_pf_preclas_ppelaces_ptallas_desvR_qrecl_qpela
 101.334 99.6601 0.0156487 0.000622412 346.447 204.793 82.2594 0 17.0478 0 0 0 0 0 0
q_reclas_q_pelaces
1 1
M
0.7
N
 31266.3 26999.5 10985.7 1379.97 0.229323
 36512 13854.1 10674.9 4343.45 545.694
 14245.4 15623.4 5108.15 3935.96 1802.68
 18190 4794.74 3564.2 1165.33 1309.17
 47473.8 8036.07 1884.5 1400.85 972.561
 30487.7 23038.9 3811.22 893.751 1125.63
 68416.1 11440 6532.34 1080.62 572.564
 78109.1 28897.2 4109.85 2346.77 593.911
 131237 29845.2 8495.85 1208.31 864.566
 154857 52162.2 9494.63 2702.78 659.441
 71053.6 67085.1 19712.9 3588.16 1270.63
 36596.4 27152 19727.1 5796.8 1428.78
 47864.8 14166.7 8193.52 5952.95 2180.43
 28195.3 16324.9 3318.52 1919.31 1905.22
 19594.2 7235.5 2164.91 440.083 507.188
 15815.9 5528.5 1159.93 347.06 151.858
 12922.9 6115.91 1664.74 349.28 150.235
 13691.7 5248.76 2031.69 553.024 165.938
 13481.4 5867.33 1941.03 751.334 265.877
 28339.1 5828.05 2208.11 730.485 382.817
 39688 12298.9 2210.49 837.501 422.258
 40592.5 18613.6 5447.71 979.123 558.003
 63888.7 18677.2 7935.4 2322.48 655.312
 65847.9 28773.9 7629.02 3241.35 1216.33
 15962.8 29547.3 11666.9 3093.33 1807.45
pred_Ctot
 2437.85 4009.75 1631.5 204.941 0.0340571
 3663.37 2609.94 2011.03 818.254 102.802
 3375.39 6347.16 2075.23 1599.02 732.355
 1453.36 728.792 541.751 177.128 198.991
 777.144 260.455 61.078 45.4026 31.5215
 5445.12 7339.3 1214.11 284.714 358.581
 7421.91 2317.96 1323.58 218.954 116.013
 13147.7 8735.51 1242.39 709.418 179.537
 19082 7912.39 2252.37 320.339 229.209
 14326.4 9106.54 1657.58 471.855 115.126
 11956 20273.4 5957.33 1084.36 383.992
 5886.07 7881.91 5726.55 1682.74 414.759
 11015.4 5616.11 3248.15 2359.93 864.385
 10172.9 9253.82 1881.11 1087.97 1079.98
 6284.27 3752.39 1122.74 228.23 263.031
 2553.55 1610.36 337.869 101.093 44.2338
 1712.08 1489.95 405.561 85.0909 36.5999
 1360.89 980.154 379.399 103.272 30.9872
 1265.16 1038.18 343.449 132.942 47.0448
 2589.05 1005.52 380.967 126.031 66.0478
 1590.85 961.75 172.856 65.4911 33.0199
 2153.46 1910.78 559.235 100.512 57.2818
 4299.7 2410.48 1024.14 299.739 84.5745
 4591.28 3841.5 1018.52 432.739 162.387
 1320.24 4640.68 1832.4 485.837 283.877
F
 0.113961 0.227922 0.227922 0.227922 0.227922
 0.148872 0.297744 0.297744 0.297744 0.297744
 0.388916 0.777831 0.777831 0.777831 0.777831
 0.11693 0.23386 0.23386 0.23386 0.23386
 0.0229946 0.0459891 0.0459891 0.0459891 0.0459891
 0.28021 0.560419 0.560419 0.560419 0.560419
 0.161864 0.323727 0.323727 0.323727 0.323727
 0.262084 0.524167 0.524167 0.524167 0.524167
 0.222648 0.445297 0.445297 0.445297 0.445297
 0.136543 0.273086 0.273086 0.273086 0.273086
 0.261984 0.523967 0.523967 0.523967 0.523967
 0.249054 0.498108 0.498108 0.498108 0.498108
 0.375688 0.751377 0.751377 0.751377 0.751377
 0.660156 1.32031 1.32031 1.32031 1.32031
 0.565318 1.13064 1.13064 1.13064 1.13064
 0.250123 0.500245 0.500245 0.500245 0.500245
 0.201013 0.402025 0.402025 0.402025 0.402025
 0.147387 0.294774 0.294774 0.294774 0.294774
 0.138632 0.277264 0.277264 0.277264 0.277264
 0.134734 0.269469 0.269469 0.269469 0.269469
 0.0571557 0.114311 0.114311 0.114311 0.114311
 0.0762793 0.152559 0.152559 0.152559 0.152559
 0.0976726 0.195345 0.195345 0.195345 0.195345
 0.101355 0.20271 0.20271 0.20271 0.20271
 0.121268 0.242535 0.242535 0.242535 0.242535
YTP_r0W_actual
 14786.7 102095 60469.3 19967.9 12149.9
YTP_p0W_proyectada
 74504.8 72471.3 173241 89233.9 37563
 74504.8 92978.3 19205.9 41078.8 21900.3
CTP_r0_actual
 1320.24 4640.68 1832.4 485.837 283.877
CTP_p0_proyectada
 8765.28 3386.51 5552.59 2192.48 807.805
 8765.28 4344.78 615.573 1009.31 470.974
Wmedp
 8.5 21.4 31.2 40.7 46.5
nmprior
 10.6 11 7 0
nm_flota  nm_reclas  nm_pelaces    nm_pelaL
inf 14.8578 11.8674 24.9264
cv_recla  cv_pelaces  cv_mph
0.910549 1.13196 0.809426
 ------------------------------------------------
Talla a la edad & desviaci?n 
 7.2 14.2025 17.0495 18.207 18.6776
 1.08 2.13037 2.55742 2.73105 2.80164
