    unsorted:	 0.003482691744 0.0008999979833 15.17501834 16.26756541 15.76945788 19.61903849 6.989131425 22.89563959 66.53248381 60.31921943 90.50326004 87.73565416 183.6985873 263.5332158 315.9184023 418.4392843 467.1528987 490.6564687 577.8037384 666.3622506 704.0678536 709.8057491 759.9066044 815.5151076 821.7578304 842.2284723 891.4349639 931.9555577 1066.201733 1078.718567 1146.378139 1238.941506 1455.079507 1659.311492 1802.761112 1924.638709 2085.834044 2800.691252 4349.467750 196009.1357 194848.7087 310302.5389 296294.8356 365104.6157 421792.8768 453606.2557 460306.7381 541028.2583 605181.1356 616400.7177 698682.0080 732448.0274 920119.6372 1066073.104 1167116.939 1373528.780 1554970.763 1657575.301 1815959.717 1873197.850 2175209.963 2237987.240 2417178.567 2525321.026 2729158.869
      sorted:	 0.0008999979833 0.003482691744 6.989131425 15.17501834 15.76945788 16.26756541 19.61903849 22.89563959 60.31921943 66.53248381 87.73565416 90.50326004 183.6985873 263.5332158 315.9184023 418.4392843 467.1528987 490.6564687 577.8037384 666.3622506 704.0678536 709.8057491 759.9066044 815.5151076 821.7578304 842.2284723 891.4349639 931.9555577 1066.201733 1078.718567 1146.378139 1238.941506 1455.079507 1659.311492 1802.761112 1924.638709 2085.834044 2800.691252 4349.467750 194848.7087 196009.1357 296294.8356 310302.5389 365104.6157 421792.8768 453606.2557 460306.7381 541028.2583 605181.1356 616400.7177 698682.0080 732448.0274 920119.6372 1066073.104 1167116.939 1373528.780 1554970.763 1657575.301 1815959.717 1873197.850 2175209.963 2237987.240 2417178.567 2525321.026 2729158.869
