years
 1997 1998 1999 2000 2001 2002 2003 2004 2005 2006 2007 2008 2009 2010 2011 2012 2013 2014 2015 2016 2017 2018 2019 2020 2021
reclasobs
 0 0 0 370054 412103 1.49427e+06 250295 1.28982e+06 931140 785840 897777 1.04006e+06 184774 17550 25797 100020 73551 82996 120727 218422 84188 347160 605670 569463 516374
reclaspred
 1.90804e+06 311342 579632 242556 290659 323885 648881 635482 921350 1.05117e+06 1.14901e+06 885931 496387 199914 126170 128425 147828 193872 212873 297352 483986 494651 782345 765441 788729
pelacesobs
 0 0 0 0 0 0 0 0 0 2.06254e+06 1.5e+06 0 1.87456e+06 323000 250000 174000 83755 137374 0 501740 490994 745055 786931 1.00524e+06 1.33801e+06
pelacespred
 1.07193e+06 369800 182432 171113 173576 138524 344456 379696 516858 614599 599559 478816 264593 85515.6 53066 61535.3 73953.1 98362.5 113158 151832 276068 292872 353357 419490 410487
mphobs
 0 0 0 0 0 112323 0 153150 637223 0 255016 313432 73983 77613 109348 50772 0 0 0 0 0 0 0 0 0
mphpred
 1.43203e+06 674811 403257 280281 214297 320880 374067 578607 707504 904701 1.03986e+06 934370 568254 273035 115238 105184 119901 151224 181616 217252 346084 461843 558921 674120 711542
desembarqueobs
 350755 77701 442110 56441 14545 235359 269955 359681 431902 328805 639364 411747 362871 311530 167758 66681 60226 58785 57116 73181 50977 67692 138656 160484 209506
desembarquepred
 350854 77646.6 441742 56492.2 14525.4 235567 269688 360368 432042 328816 639163 412111 362916 310871 167357 66530.8 60195.2 58795.7 57152.4 73021.4 50876.8 67625.4 138334 160105 209631
Reclutas
 44962.8 30335.2 10227.4 17812.3 40540.4 21649.5 66368.7 92045.4 121886 127844 117351 34801 36618.6 24341.6 21047.4 17371 12229.3 13750.2 17397.4 29133.1 44914.5 47869.3 60541.4 52655.9 22914.6
log_desv_Rt
 0.253591 -0.139935 -1.22718 -0.672355 0.150053 -0.477261 0.642981 0.970038 1.25084 1.29856 1.21293 -0.00259742 0.0483123 -0.360059 -0.505467 -0.697443 -1.04841 -0.931192 -0.695925 -0.18037 0.252516 0.316229 0.551082 0.411534 -0.420471
SSB
 1.43203e+06 674811 403257 280281 214297 320880 374067 578607 707504 904701 1.03986e+06 934370 568254 273035 115238 105184 119901 151224 181616 217252 346084 461843 558921 674120 711542
BT
 2.87375e+06 831790 635444 416180 428397 455929 1.22742e+06 1.33387e+06 1.75711e+06 1.76005e+06 1.96523e+06 1.33244e+06 910859 480478 280292 196383 218976 271408 291705 414158 713523 652424 826522 1.00734e+06 990148
Ftot
 0.178275 0.240726 0.704883 0.225154 0.0488538 0.675819 0.398569 0.538443 0.447822 0.301288 0.526396 0.441716 0.680136 1.34078 1.18575 0.491831 0.389483 0.292053 0.259052 0.237465 0.102464 0.132955 0.171518 0.202498 0.25618
BD_Bspro_t
 0.973436 0.829682 0.663877 0.403092 0.476085 0.636335 0.513256 0.580227 0.579854 0.58191 0.588371 0.485774 0.369269 0.246907 0.137671 0.153591 0.227195 0.340138 0.438749 0.543135 0.673867 0.78095 0.785343 0.763451 0.72124
BD_Bspro
 1.99595 0.940544 0.562056 0.390653 0.298685 0.447239 0.521371 0.806456 0.986112 1.26096 1.44935 1.30231 0.792026 0.380553 0.160618 0.146604 0.167116 0.210774 0.253135 0.302804 0.482368 0.643712 0.779018 0.939581 0.991739
BD_Bo
 1.47451 0.694825 0.415218 0.288594 0.220653 0.330397 0.385162 0.595768 0.728489 0.931534 1.0707 0.962082 0.585108 0.281133 0.118656 0.108303 0.123457 0.155709 0.187003 0.223696 0.356348 0.475541 0.575498 0.694114 0.732646
BD_Brms
 7.1719 3.37958 2.01959 1.4037 1.07324 1.60703 1.8734 2.89777 3.54332 4.53092 5.20782 4.6795 2.84592 1.36741 0.577135 0.52678 0.600486 0.757357 0.909569 1.08804 1.73325 2.313 2.79918 3.37612 3.56354
S_f
 0.5 1 1 1 1
 0.5 1 1 1 1
 0.5 1 1 1 1
 0.5 1 1 1 1
 0.5 1 1 1 1
 0.5 1 1 1 1
 0.5 1 1 1 1
 0.5 1 1 1 1
 0.5 1 1 1 1
 0.5 1 1 1 1
 0.5 1 1 1 1
 0.5 1 1 1 1
 0.5 1 1 1 1
 0.5 1 1 1 1
 0.5 1 1 1 1
 0.5 1 1 1 1
 0.5 1 1 1 1
 0.5 1 1 1 1
 0.5 1 1 1 1
 0.5 1 1 1 1
 0.5 1 1 1 1
 0.5 1 1 1 1
 0.5 1 1 1 1
 0.5 1 1 1 1
 0.5 1 1 1 1
Scru_reclas
 0.5 1 1 1 1
 0.5 1 1 1 1
 0.5 1 1 1 1
 0.5 1 1 1 1
 0.5 1 1 1 1
 0.5 1 1 1 1
 0.5 1 1 1 1
 0.5 1 1 1 1
 0.5 1 1 1 1
 0.5 1 1 1 1
 0.5 1 1 1 1
 0.5 1 1 1 1
 0.5 1 1 1 1
 0.5 1 1 1 1
 0.5 1 1 1 1
 0.5 1 1 1 1
 0.5 1 1 1 1
 0.5 1 1 1 1
 0.5 1 1 1 1
 0.5 1 1 1 1
 0.5 1 1 1 1
 0.5 1 1 1 1
 0.5 1 1 1 1
 0.5 1 1 1 1
 0.5 1 1 1 1
Scru_pelaces
 0.5 1 1 1 1
 0.5 1 1 1 1
 0.5 1 1 1 1
 0.5 1 1 1 1
 0.5 1 1 1 1
 0.5 1 1 1 1
 0.5 1 1 1 1
 0.5 1 1 1 1
 0.5 1 1 1 1
 0.5 1 1 1 1
 0.5 1 1 1 1
 0.5 1 1 1 1
 0.5 1 1 1 1
 0.5 1 1 1 1
 0.5 1 1 1 1
 0.5 1 1 1 1
 0.5 1 1 1 1
 0.5 1 1 1 1
 0.5 1 1 1 1
 0.5 1 1 1 1
 0.5 1 1 1 1
 0.5 1 1 1 1
 0.5 1 1 1 1
 0.5 1 1 1 1
 0.5 1 1 1 1
pf_obs 
 0.256992 0.487395 0.22802 0.0275931 0
 0.321318 0.546541 0.124235 0.00734118 0.000564706
 0.182869 0.594174 0.210203 0.0122559 0.00049798
 0.330522 0.361315 0.267642 0.0388342 0.00168674
 0.649043 0.306663 0.0425973 0.00169635 0
 0.582887 0.30429 0.105238 0.00758474 0
 0.465427 0.430635 0.0974691 0.00646863 0
 0.296916 0.608066 0.0921331 0.00288517 0
 0.311714 0.524322 0.152257 0.0117073 0
 0.15457 0.633149 0.183074 0.0267441 0.00246327
 0.131901 0.49318 0.331252 0.0422183 0.00144891
 0.196976 0.569456 0.194076 0.0375587 0.00193317
 0.518974 0.381816 0.0799577 0.0180837 0.00116848
 0.0928022 0.601141 0.25162 0.0475244 0.00691264
 0.122501 0.610282 0.24278 0.0234846 0.000952079
 0.383417 0.481906 0.127806 0.00687128 0
 0.0376549 0.599619 0.316969 0.0457579 0
 0.0361596 0.667082 0.258105 0.0386534 0
 0.158088 0.579412 0.248529 0.0139706 0
 0.0477256 0.309471 0.559284 0.082774 0.000745712
 0.0406174 0.521527 0.379366 0.0568643 0.0016247
 0.151134 0.462217 0.34131 0.0453401 0
 0.294876 0.26143 0.354403 0.0886775 0.000613685
 0.281977 0.475581 0.204845 0.0348837 0.00271318
 0.0841818 0.532909 0.334909 0.0458182 0.00218182
pf_pred 
 0.361825 0.321267 0.159536 0.0792233 0.0781486
 0.298404 0.381656 0.161062 0.0799813 0.0788962
 0.173696 0.393982 0.235176 0.0992462 0.0978998
 0.472266 0.180402 0.165608 0.0988547 0.0828692
 0.629783 0.242939 0.0435091 0.0399411 0.0438279
 0.328531 0.520549 0.0990348 0.0177366 0.0341487
 0.71937 0.15294 0.0989905 0.018833 0.0098668
 0.618545 0.325003 0.0307656 0.0199131 0.0057733
 0.602601 0.314634 0.0705166 0.00667529 0.00557323
 0.522054 0.370711 0.0849012 0.0190283 0.00330515
 0.457471 0.382142 0.124401 0.0284908 0.00749455
 0.220232 0.517172 0.184965 0.0602131 0.0174177
 0.372095 0.245664 0.253517 0.0906699 0.0380545
 0.415604 0.346128 0.0932209 0.096201 0.0488465
 0.592688 0.279138 0.0759154 0.0204459 0.0318129
 0.573606 0.344719 0.0559732 0.0152227 0.010479
 0.426639 0.43381 0.11282 0.018319 0.0084117
 0.477709 0.326426 0.148193 0.0385402 0.00913141
 0.509046 0.326737 0.102634 0.0465943 0.0149888
 0.582427 0.288438 0.0859411 0.0269957 0.0161981
 0.572467 0.320266 0.0740943 0.0220766 0.0110957
 0.460366 0.395982 0.10761 0.0248959 0.011146
 0.47444 0.335938 0.139143 0.0378131 0.0126647
 0.394827 0.396178 0.13359 0.055332 0.0200731
 0.229074 0.447332 0.211842 0.0714324 0.0403202
pobs_RECLAS
 0 0 0 0 0
 0 0 0 0 0
 0 0 0 0 0
 0 0 0 0 0
 0.835266 0.146461 0.0176864 0.000547809 3.91292e-05
 0.385257 0.428462 0.181853 0.0044286 0
 0.867414 0.0963971 0.0333333 0.00285562 0
 0.441836 0.489002 0.0689373 0.000224442 0
 0.779404 0.147425 0.0564933 0.0165055 0.000172143
 0.814271 0.122319 0.05973 0.00367925 0
 0.40263 0.566651 0.0304383 0.000280538 0
 0.475488 0.404961 0.113038 0.00651328 0
 0.955842 0.0263864 0.0167828 0.000988607 0
 0.975058 0.0227948 0.00214734 0 0
 0.738997 0.206755 0.0527124 0.00153531 0
 0.850938 0.134255 0.0134407 0.00136685 0
 0.542534 0.407297 0.0501686 0 0
 0.764087 0.199537 0.0359546 0.000420521 0
 0.470689 0.182191 0.310203 0.0369168 0
 0.84361 0.089868 0.0606195 0.00523954 0.000663233
 0.607945 0.314616 0.071237 0.00620181 0
 0.523733 0.453247 0.0230204 0 0
 0.530135 0.295979 0.169645 0.0042399 0
 0.562478 0.366248 0.0663022 0.0049721 0
 0.250443 0.683176 0.0655157 0.000865301 0
ppred_RECLAS
 0.36324 0.320554 0.159183 0.0790477 0.0779753
 0.300232 0.380662 0.160643 0.0797728 0.0786906
 0.178805 0.391546 0.233721 0.0986325 0.0972945
 0.474273 0.179716 0.164978 0.0984788 0.0825541
 0.63013 0.242711 0.0434684 0.0399038 0.0437869
 0.33589 0.514844 0.0979494 0.0175422 0.0337745
 0.722652 0.151151 0.0978327 0.0186127 0.0097514
 0.624255 0.320138 0.0303052 0.019615 0.00568688
 0.607139 0.311041 0.0697114 0.00659906 0.00550958
 0.524913 0.368494 0.0843934 0.0189145 0.00328538
 0.463319 0.378023 0.123061 0.0281837 0.00741377
 0.223451 0.515037 0.184202 0.0599645 0.0173458
 0.379948 0.242591 0.250347 0.0895359 0.0375786
 0.437817 0.332971 0.0896776 0.0925444 0.0469898
 0.610734 0.266771 0.072552 0.0195401 0.0304035
 0.578855 0.340476 0.0552843 0.0150353 0.0103501
 0.430518 0.430875 0.112057 0.0181951 0.00835479
 0.480461 0.324706 0.147412 0.0383371 0.00908329
 0.511426 0.325153 0.102136 0.0463684 0.0149161
 0.584512 0.286998 0.0855121 0.0268609 0.0161172
 0.573271 0.319664 0.073955 0.0220351 0.0110748
 0.461455 0.395183 0.107393 0.0248457 0.0111235
 0.475901 0.335005 0.138757 0.037708 0.0126295
 0.396526 0.395066 0.133215 0.0551767 0.0200167
 0.230738 0.446366 0.211385 0.0712782 0.0402331
pobs_PELACES
 0 0 0 0 0
 0 0 0 0 0
 0 0 0 0 0
 0 0 0 0 0
 0 0 0 0 0
 0 0 0 0 0
 0 0 0 0 0
 0 0 0 0 0
 0 0 0 0 0
 0 0 0 0 0
 0.450072 0.473896 0.0757376 0.000293798 0
 0 0 0 0 0
 0.463077 0.371075 0.160297 0.00555027 0
 0.529543 0.364841 0.0842815 0.0213345 0
 0.631943 0.363953 0.00410389 0 0
 0.735681 0.248677 0.0153453 0.000297389 0
 0.695825 0.281241 0.0229344 0 0
 0.275771 0.60734 0.115278 0.00161068 0
 0 0 0 0 0
 0.896147 0.0623911 0.0374545 0.00400742 0
 0.803859 0.145111 0.0509908 3.86294e-05 0
 0.739449 0.233085 0.0266225 0.000797448 4.60066e-05
 0.878498 0.100942 0.0204185 0.000141795 0
 0.694673 0.275183 0.0284847 0.00165964 0
 0.469039 0.446079 0.0841089 0.000773354 0
ppred_PELACES
 0.370071 0.317116 0.157475 0.0781997 0.0771389
 0.308643 0.376087 0.158712 0.078814 0.0777448
 0.196525 0.383097 0.228678 0.0965043 0.0951951
 0.483543 0.176547 0.162069 0.0967422 0.0810983
 0.632006 0.24148 0.0432478 0.0397013 0.0435647
 0.361201 0.495221 0.0942162 0.0168736 0.0324872
 0.735638 0.144074 0.093252 0.0177413 0.00929482
 0.644853 0.302589 0.0286438 0.0185397 0.00537513
 0.624617 0.297203 0.0666099 0.00630547 0.00526447
 0.537293 0.358892 0.0821944 0.0184216 0.00319978
 0.484971 0.362772 0.118096 0.0270466 0.00711466
 0.236352 0.50648 0.181142 0.0589683 0.0170576
 0.406718 0.232117 0.239538 0.0856702 0.0359562
 0.492801 0.300405 0.0809067 0.0834931 0.042394
 0.656119 0.235668 0.0640931 0.0172619 0.0268587
 0.598502 0.324592 0.0527052 0.0143339 0.00986721
 0.446339 0.418905 0.108944 0.0176896 0.00812268
 0.492499 0.317183 0.143996 0.0374488 0.00887283
 0.5221 0.318049 0.099905 0.0453555 0.0145902
 0.593995 0.280448 0.0835604 0.0262478 0.0157494
 0.577401 0.31657 0.0732392 0.0218218 0.0109676
 0.466911 0.391179 0.106305 0.024594 0.0110108
 0.482964 0.33049 0.136887 0.0371998 0.0124593
 0.404548 0.389814 0.131444 0.0544432 0.0197506
 0.238326 0.441963 0.2093 0.0705751 0.0398363
pobs_pel_tallas
 0 0 0 0 0 0 0 0 0 0 0 0 0 0 0 0 0 0 0 0 0 0 0 0 0 0 0 0 0 0 0 0 0 0 0 0
 0 0 0 0 0 0 0 0 0 0 0 0 0 0 0 0 0 0 0 0 0 0 0 0 0 0 0 0 0 0 0 0 0 0 0 0
 0 0 0 0 0 0 0 0 0 0 0 0 0 0 0 0 0 0 0 0 0 0 0 0 0 0 0 0 0 0 0 0 0 0 0 0
 0 0 0 0 0 0 0 0 0 0 0 0 0 0 0 0 0 0 0 0 0 0 0 0 0 0 0 0 0 0 0 0 0 0 0 0
 0 0 0 0 0 0 0 0 0 0 0 0 0 0 0 0 0 0 0 0 0 0 0 0 0 0 0 0 0 0 0 0 0 0 0 0
 0 0 0 0 0 0 0 0 0 0 0 0 0 0 0 0 0 0 0 0 0 0 0 0 0 0 0 0 0 0 0 0 0 0 0 0
 0 0 0 0 0 0 0 0 0 0 0 0 0 0 0 0 0 0 0 0 0 0 0 0 0 0 0 0 0 0 0 0 0 0 0 0
 0 0 0 0 0 0 0 0 0 0 0 0 0 0 0 0 0 0 0 0 0 0 0 0 0 0 0 0 0 0 0 0 0 0 0 0
 0 0 0 0 0 0 0 0 0 0 0 0 0 0 0 0 0 0 0 0 0 0 0 0 0 0 0 0 0 0 0 0 0 0 0 0
 0 0 0 0 0 0 0 0 0 0 0 0 0 0 0 0 0 0 0 0 0 0 0 0 0 0 0 0 0 0 0 0 0 0 0 0
 0 0 0 0 0 0 0 0 1.78061e-05 0.00172719 0.00360574 0.0105946 0.0120993 0.0124554 0.0147524 0.0171206 0.0266825 0.0428682 0.0675386 0.121331 0.153587 0.119568 0.100827 0.0573624 0.0630603 0.0341343 0.0324427 0.0444173 0.0211091 0.0280891 0.0125444 0.00206551 0 0 0 0
 0 0 0 0 0 0 0 0 0 0 0 0 0 0 0 0 0 0 0 0 0 0 0 0 0 0 0 0 0 0 0 0 0 0 0 0
 0 0 0 0 0 0 0.0133647 0.0140871 0.0187388 0.0205184 0.03894 0.0496705 0.03968 0.0493445 0.0407372 0.0367815 0.0215668 0.0243155 0.0234873 0.0199281 0.019796 0.0243948 0.0301388 0.0376714 0.0412746 0.0863199 0.0771752 0.113111 0.0741005 0.0525337 0.0229764 0.00759418 0.00175318 0 0 0
 0 0 0 0 0 0 0 0 0 0 0.00219441 0.00772107 0.0458388 0.0604681 0.0671733 0.0775358 0.0609151 0.0617685 0.073594 0.0568108 0.0755445 0.0548602 0.0670107 0.0636378 0.0643287 0.046367 0.0373049 0.0286899 0.0247887 0.0153202 0.00654259 0.00121912 0.000365735 0 0 0
 0 0 0 0 0 0 0 0 0 0 0 0 0.000112435 0.00938835 0.0111873 0.0202946 0.0414886 0.0713402 0.111592 0.104902 0.108894 0.110636 0.117776 0.105296 0.107544 0.0401394 0.0192827 0.0124803 0.00416011 0.0028671 0.000618394 0 0 0 0 0
 0 0 0 0 0 0 0 0 0 0 0.00291406 0.0102884 0.027416 0.0768956 0.0749926 0.110853 0.0956884 0.0897413 0.0766577 0.0534642 0.0500743 0.0551293 0.0594112 0.0620874 0.0668451 0.0424026 0.0208742 0.0120726 0.0048766 0.00582813 0.00118941 0.000297354 0 0 0 0
 0 0.00264628 0.0354308 0.0461629 0.0458689 0.0383711 0.0214643 0.0164657 0.0346957 0.0420465 0.0363128 0.0245516 0.0311673 0.0291091 0.0169068 0.0133784 0.00837989 0.0085269 0.0148486 0.0160247 0.0276389 0.0546898 0.0760071 0.122758 0.109233 0.0665981 0.0333725 0.0166128 0.00676272 0.00308733 0.000882094 0 0 0 0 0
 0 0 0 0 0 0 0 0.000805153 0.000690131 0.00759144 0.0133425 0.0154129 0.00931677 0.000345066 0.00356568 0.00563607 0.00851162 0.0253048 0.0502646 0.0516448 0.0657925 0.0565908 0.0611916 0.0827007 0.0866115 0.110766 0.145733 0.0935128 0.0569358 0.0249597 0.0138026 0.00621118 0.00161031 0.00115022 0 0
 0 0 0 0 0 0 0 0 0 0 0 0 0 0 0 0 0 0 0 0 0 0 0 0 0 0 0 0 0 0 0 0 0 0 0 0
 0.00147267 0.00158595 0.00478618 0.00569244 0.00954404 0.0108468 0.00647125 0.017049 0.0510054 0.094081 0.124002 0.0959785 0.0687766 0.0820023 0.061753 0.0591476 0.0492212 0.0479892 0.0443925 0.0268479 0.0217502 0.0140895 0.0121071 0.0120363 0.00920419 0.00665534 0.0049561 0.00860946 0.00930331 0.0156896 0.0114698 0.00855282 0.00243557 0.00046729 0 2.83206e-05
 0 0 0 0 0.000772559 0.00158375 0.000888443 0.00281984 0.00712685 0.0440552 0.0773331 0.111326 0.0921469 0.0852325 0.0710754 0.0886704 0.0786465 0.0553345 0.0373146 0.0185414 0.00753245 0.00457741 0.012979 0.0271748 0.0457355 0.0583668 0.034881 0.0177882 0.00938659 0.00492506 0.0015258 0.00185414 0.000309023 5.79419e-05 3.86279e-05 0
 0 0.00173294 0.00326652 0 0.00397197 0.00683976 0.00946217 0.0152591 0.00757587 0.0136028 0.0228656 0.0392903 0.0559909 0.0764795 0.0681675 0.0726916 0.0566044 0.0477403 0.0527397 0.0444891 0.0609904 0.0582453 0.0661739 0.0445044 0.0529084 0.0360697 0.0280645 0.0235558 0.0158879 0.00826598 0.00280645 0.00217768 0.000904811 0.00058276 9.20147e-05 0
 0 0 0 0 0 0 0 0 0 0 0 0 0 0 0 0 0 0 0 0 0 0 0 0 0 0 0 0 0 0 0 0 0 0 0 0
 0 0 0 0 0 0 0 0 0 0 0 0 0 0 0 0 0 0 0 0 0 0 0 0 0 0 0 0 0 0 0 0 0 0 0 0
 0 0 0 0 0 0 0 0 0 0 0 0 0 0 0 0 0 0 0 0 0 0 0 0 0 0 0 0 0 0 0 0 0 0 0 0
ppred_pel_tallas
 1.08631e-16 1.61624e-05 9.48197e-05 0.000450646 0.00173487 0.0054099 0.0136652 0.0279629 0.0463592 0.0622821 0.0678361 0.0599809 0.0432523 0.0258816 0.0137604 0.0081173 0.00731796 0.00939277 0.0131161 0.0178794 0.0232857 0.028916 0.0342884 0.0389214 0.0424271 0.0445866 0.0453794 0.0449565 0.0435719 0.0415007 0.038973 0.0361429 0.0330942 0.0298702 0.0265085 0.0230667
 1.08717e-16 1.34863e-05 7.91028e-05 0.000375914 0.00144712 0.00451253 0.0113986 0.0233257 0.0386747 0.0519687 0.0566305 0.0501384 0.0362975 0.0220058 0.0122213 0.00802138 0.00809564 0.0108406 0.0152424 0.0207549 0.0269531 0.0333432 0.0393499 0.044403 0.0480525 0.050059 0.0504292 0.0493804 0.0472567 0.0444248 0.0411908 0.0377583 0.0342322 0.0306529 0.0270406 0.023429
 1.11135e-16 8.59784e-06 5.04024e-05 0.000239467 0.000921755 0.00287421 0.0072604 0.0148586 0.0246409 0.0331258 0.0361362 0.0320862 0.0234303 0.0146087 0.00884392 0.00690215 0.00803476 0.0112949 0.0160769 0.0220164 0.0287543 0.0358177 0.0426312 0.0486084 0.0532662 0.0563164 0.0577025 0.0575705 0.0561917 0.0538688 0.0508611 0.0473504 0.0434488 0.039232 0.0347778 0.0301915
 1.09472e-16 2.11047e-05 0.000123848 0.000588678 0.00226638 0.00706742 0.0178518 0.0365278 0.0605516 0.0813273 0.0885218 0.078134 0.0560435 0.0329366 0.016419 0.0079874 0.0053987 0.0060024 0.00818742 0.0112504 0.0148832 0.0188551 0.0229127 0.0267876 0.0302377 0.0330837 0.0352265 0.0366376 0.037333 0.0373434 0.0366947 0.0354055 0.0335003 0.0310286 0.0280793 0.024784
 1.04093e-16 2.75808e-05 0.000161863 0.000769394 0.00296216 0.00923717 0.0233325 0.0477421 0.0791408 0.106293 0.115691 0.102104 0.0732124 0.042975 0.0213202 0.0101832 0.00660035 0.00706204 0.00940226 0.0126285 0.0162586 0.0199171 0.0232211 0.0258101 0.0274171 0.0279264 0.0273943 0.0260216 0.0240913 0.0218929 0.0196601 0.0175378 0.0155825 0.0137866 0.0121128 0.0105236
 1.03597e-16 1.57829e-05 9.25752e-05 0.000439939 0.00169359 0.00528111 0.0133401 0.027299 0.0452636 0.0608257 0.0662905 0.058711 0.0425464 0.0258782 0.014518 0.00973363 0.00999082 0.0133961 0.0187219 0.0252574 0.0324043 0.0394648 0.0456482 0.0502005 0.0525688 0.0525278 0.0502259 0.0461306 0.0408982 0.0352127 0.0296474 0.0245857 0.0202089 0.0165361 0.0134894 0.0109552
 1.02415e-16 3.20959e-05 0.000188379 0.000895472 0.00344762 0.0107511 0.0271564 0.0555654 0.0921053 0.123693 0.134598 0.118714 0.084956 0.0495337 0.023953 0.0104079 0.00539238 0.0047836 0.00606219 0.00813237 0.010558 0.0130831 0.01547 0.0174887 0.0189529 0.0197547 0.0198801 0.0193994 0.0184375 0.0171379 0.015631 0.0140176 0.0123667 0.0107246 0.00912615 0.00760324
 1.01394e-16 2.81435e-05 0.000165161 0.000785059 0.00302245 0.00942518 0.0238074 0.0487144 0.080754 0.108464 0.118067 0.104229 0.074798 0.0440302 0.0220733 0.0109215 0.00756753 0.00843639 0.011305 0.0151209 0.0193225 0.0234332 0.0269594 0.0294422 0.0305534 0.0301723 0.0284128 0.0255877 0.0221255 0.0184681 0.0149827 0.0119101 0.00935705 0.00732153 0.00573474 0.00450241
 1.01506e-16 2.72611e-05 0.00015998 0.00076043 0.00292762 0.00912946 0.0230605 0.047186 0.0782207 0.105062 0.114365 0.100966 0.0724666 0.0426786 0.021435 0.0106727 0.00748497 0.00841622 0.01132 0.0151821 0.019461 0.023693 0.0273924 0.0301012 0.0314826 0.0313967 0.0299295 0.0273606 0.0240864 0.0205242 0.0170284 0.0138422 0.0110882 0.00879068 0.0069121 0.00538863
 1.02067e-16 2.34558e-05 0.000137634 0.000654183 0.00251853 0.00785369 0.0198381 0.0405932 0.0672949 0.0903968 0.0984268 0.0869553 0.0625418 0.0370978 0.0191222 0.0103288 0.00826526 0.00999374 0.0136737 0.0183948 0.0236015 0.0287583 0.0332844 0.0366276 0.0383804 0.0383709 0.0366981 0.0336934 0.0298282 0.0255984 0.0214256 0.0175985 0.0142632 0.0114499 0.00911713 0.00719389
 1.03057e-16 2.11746e-05 0.000124241 0.000590508 0.00227336 0.00708914 0.0179069 0.0366419 0.0607459 0.0816037 0.0888632 0.0785317 0.0565387 0.0336488 0.0175514 0.0098155 0.00825135 0.010228 0.0140956 0.0190283 0.0245009 0.0299866 0.0349026 0.0386872 0.0409153 0.04139 0.0401798 0.0375817 0.0340338 0.0300037 0.0258937 0.0219856 0.0184329 0.0152858 0.0125328 0.0101383
 1.0556e-16 1.03396e-05 6.06165e-05 0.000288 0.00110858 0.00345678 0.00873205 0.0178706 0.0296367 0.039844 0.043471 0.0386129 0.0282262 0.0176564 0.0107842 0.00853332 0.00999696 0.0140148 0.0198144 0.0268864 0.0347027 0.0425825 0.0497267 0.0553534 0.0588629 0.0599667 0.0587373 0.0555604 0.0510135 0.0457162 0.0402009 0.0348414 0.0298435 0.0252821 0.021158 0.0174475
 1.081e-16 1.77573e-05 0.00010419 0.000495209 0.00190648 0.00594507 0.0150169 0.0307279 0.0509399 0.0684263 0.074502 0.0658128 0.0473225 0.0280472 0.0144216 0.00775007 0.00619391 0.00756363 0.0105224 0.0144613 0.0190598 0.0240182 0.028986 0.0335908 0.0374995 0.0404723 0.0423895 0.0432433 0.0431045 0.042081 0.0402854 0.0378228 0.0347966 0.0313225 0.0275397 0.023611
 1.06097e-16 2.15132e-05 0.000126235 0.000600004 0.00230995 0.00720325 0.018195 0.037231 0.0617205 0.0829069 0.0902664 0.0797339 0.0573216 0.0339493 0.0174055 0.00925616 0.00724914 0.00869502 0.0119232 0.0161324 0.020864 0.0256908 0.0301469 0.0337822 0.036253 0.0373932 0.0372415 0.0360089 0.0340065 0.0315569 0.0289226 0.0262694 0.0236694 0.0211307 0.018637 0.0161802
 1.02835e-16 2.86321e-05 0.000168035 0.000798738 0.00307514 0.00958951 0.0242224 0.049563 0.0821588 0.110345 0.120098 0.105985 0.0759763 0.0445599 0.0220368 0.0104092 0.00659355 0.00694099 0.00920123 0.0123476 0.0158891 0.0194506 0.0226512 0.0251307 0.026619 0.0269949 0.0263077 0.0247527 0.022612 0.0201821 0.0177117 0.0153677 0.0132315 0.0113189 0.00960939 0.00807274
 1.01808e-16 2.61234e-05 0.000153298 0.000728659 0.00280529 0.00874796 0.0220969 0.0452146 0.0749539 0.100678 0.109602 0.0967832 0.0695123 0.0410352 0.0207881 0.0106437 0.00783292 0.00905502 0.0122521 0.0164343 0.0210452 0.0255865 0.0295308 0.032383 0.0337829 0.0335884 0.0319055 0.0290515 0.0254688 0.0216179 0.0178846 0.0145273 0.0116674 0.00931594 0.00741608 0.00588451
 1.02671e-16 1.94923e-05 0.000114359 0.000543519 0.00209242 0.00652488 0.0164817 0.0337263 0.0559147 0.0751212 0.0818241 0.0723586 0.0521979 0.0312729 0.0166918 0.00993535 0.00902306 0.0115566 0.0160154 0.0216001 0.0277456 0.0338479 0.0392332 0.0432558 0.0454353 0.0455638 0.0437471 0.0403604 0.035943 0.0310649 0.0262121 0.0217203 0.0177634 0.0143836 0.0115422 0.00916713
 1.03849e-16 2.15011e-05 0.000126162 0.000599648 0.00230857 0.00719895 0.0181842 0.037209 0.0616845 0.0828603 0.0902204 0.0797045 0.0573251 0.034001 0.0175238 0.00946817 0.00759319 0.00921874 0.0126774 0.0171617 0.0221946 0.0273184 0.0320266 0.0358235 0.0383219 0.0393223 0.0388462 0.0371084 0.0344449 0.0312237 0.0277669 0.0243085 0.0209885 0.017874 0.0149915 0.0123532
 1.03763e-16 2.27917e-05 0.000133739 0.000635673 0.00244727 0.00763149 0.0192768 0.0394444 0.0653897 0.0878353 0.0956316 0.0844714 0.0607239 0.0359569 0.0184203 0.0097705 0.00761768 0.00910682 0.0124603 0.0168193 0.021686 0.0265942 0.0310368 0.0345254 0.036689 0.0373527 0.0365694 0.0345869 0.0317717 0.0285127 0.0251401 0.0218808 0.0188532 0.016093 0.0135901 0.0113221
 1.02916e-16 2.59251e-05 0.000152138 0.000723153 0.0027841 0.0086819 0.02193 0.0448728 0.0743861 0.099912 0.10876 0.0960187 0.0689184 0.040595 0.0204009 0.0101809 0.00717524 0.00810448 0.0109366 0.0147187 0.0189492 0.0231998 0.0270189 0.0299751 0.0317432 0.0321743 0.0313228 0.0294182 0.0267957 0.0238102 0.0207633 0.0178621 0.0152136 0.012847 0.0107468 0.00888312
 1.02406e-16 2.5203e-05 0.000147896 0.000702976 0.00270641 0.00843959 0.021318 0.0436208 0.072312 0.09713 0.105741 0.0933778 0.0670749 0.0396135 0.0201005 0.0103468 0.00768636 0.00894115 0.0121323 0.0163104 0.0209426 0.0255489 0.0296176 0.0326634 0.0343268 0.0344544 0.033129 0.0306356 0.0273803 0.0237898 0.0202247 0.0169295 0.014026 0.0115372 0.00942741 0.00763882
 1.02997e-16 2.03882e-05 0.000119622 0.000568542 0.00218877 0.00682536 0.0172406 0.0352789 0.0584875 0.0785735 0.0855732 0.0756473 0.0545123 0.0325436 0.017159 0.00988693 0.00863565 0.0108827 0.0150377 0.0202855 0.0260794 0.0318535 0.0369799 0.0408563 0.0430325 0.04331 0.0417798 0.0387825 0.0348098 0.0303815 0.0259409 0.0217931 0.0180965 0.014891 0.0121453 0.00980076
 1.03912e-16 2.10858e-05 0.000123722 0.000588049 0.0022639 0.00705966 0.0178324 0.0364893 0.060492 0.0812601 0.0884826 0.0781799 0.056252 0.0334115 0.0173062 0.00948838 0.00776845 0.00952317 0.0131167 0.0177482 0.0229312 0.0281903 0.0329981 0.0368408 0.03932 0.0402361 0.0396219 0.0377124 0.0348687 0.0314822 0.0278928 0.0243434 0.0209743 0.0178461 0.0149744 0.0123602
 1.04787e-16 1.76688e-05 0.000103657 0.000492643 0.00189654 0.00591405 0.0149387 0.0305691 0.050681 0.0680913 0.074171 0.0656006 0.0473442 0.0284085 0.0152438 0.00920295 0.00850405 0.0109881 0.0152919 0.0207039 0.0267202 0.0327959 0.0383145 0.0426767 0.0454244 0.0463384 0.0454758 0.0431326 0.0397498 0.0357973 0.0316759 0.0276624 0.0239044 0.0204507 0.0172962 0.0144211
 1.07402e-16 1.0423e-05 6.11122e-05 0.00029037 0.00111772 0.00348532 0.00880406 0.0180175 0.0298784 0.0401633 0.0438043 0.0388734 0.0283399 0.0175763 0.0104732 0.00793682 0.00903046 0.0125736 0.0177993 0.0242372 0.0314331 0.0388072 0.0456719 0.0513429 0.0552791 0.0571927 0.0570933 0.0552504 0.0520952 0.0480992 0.0436714 0.0391042 0.0345704 0.0301558 0.0259046 0.0218561
pSPR Fmed_Fpbrs
0.558606   0.255595 0.255595
Fs Fmed_Fpbrs
0.326118   1.005 1.005
SSBpbr Bo_Bmed_Bpbrs
971195  493955  199673 199673
Ro
34891.6
SPR SPRFo_SPRFmed_SPRFpbrs
717469 400782 183381
log_Ro
10.28
likeval ReclasPelacesDesembMPH_pf_preclas_ppelaces_ptallas_desvR_qrecl_qpela
 104.646 94.163 0.236412 0.000616003 353.634 209.652 83.2163 0 17.4157 0 0 0 0 0 0
q_reclas_q_pelaces
1 1
M
0.7
N
 44962.8 20743.7 10301 5115.34 5045.95
 30335.2 20423.8 8619.01 4280.07 4222.01
 10227.4 13355.7 7972.3 3364.38 3318.74
 17812.3 3570.22 3277.44 1956.37 1640.01
 40540.4 7903.55 1415.48 1299.41 1425.86
 21649.5 19646 3737.66 669.395 1288.8
 66368.7 7668.14 4963.21 944.254 494.704
 92045.4 27002.8 2556.16 1654.47 479.673
 121886 34920 7826.36 740.865 618.551
 127844 48384.2 11081.1 2483.52 431.379
 117351 54607.1 17776.6 4071.25 1070.95
 34801 44789.5 16018.9 5214.73 1508.45
 36618.6 13857 14300 5114.35 2146.52
 24341.6 12942.1 3485.64 3597.07 1826.43
 21047.4 6182.95 1681.54 452.881 704.662
 17371 5777.11 938.051 255.116 175.617
 12229.3 6745.57 1754.31 284.853 130.798
 13750.2 4998.27 2269.14 590.131 139.821
 17397.4 5900.44 1853.43 841.432 270.677
 29133.1 7589.71 2261.38 710.34 426.223
 44914.5 12847.4 2972.28 885.6 445.1
 47869.3 21190 5758.5 1332.24 596.45
 60541.4 22242.3 9212.61 2503.58 838.524
 52655.9 27593.2 9304.32 3853.79 1398.06
 22914.6 23630.3 11190.6 3773.42 2129.91
pred_Ctot
 2771.82 2461.11 1222.15 606.903 598.669
 2491.22 3186.25 1344.63 667.722 658.664
 2229.35 5056.67 3018.42 1273.8 1256.52
 1372.79 524.395 481.392 287.352 240.885
 704.537 271.775 48.6735 44.6821 49.0302
 4551.89 7212.34 1372.15 245.745 473.14
 8723.61 1854.67 1200.43 228.383 119.652
 15867.8 8337.43 789.243 510.838 148.105
 17813.2 9300.75 2084.51 197.325 164.748
 12969.8 9209.83 2109.26 472.733 82.1122
 19827.8 16562.9 5391.84 1234.85 324.831
 5023.21 11796 4218.82 1373.38 397.275
 7741.43 5111.03 5274.42 1886.39 791.725
 8883.13 7398.15 1992.51 2056.2 1044.05
 7002.51 3297.97 896.927 241.565 375.864
 2762.36 1660.08 269.554 73.309 50.4646
 1573.84 1600.29 416.184 67.5774 31.0301
 1354.89 925.817 420.308 109.308 25.8987
 1531.41 982.954 308.763 140.174 45.0921
 2361.75 1169.62 348.493 109.468 65.6836
 1617.95 905.161 209.411 62.3947 31.3594
 2222.65 1911.8 519.545 120.198 53.813
 3596.01 2546.24 1054.64 286.604 95.992
 3667.78 3680.33 1240.99 514.011 186.47
 1995.95 3897.65 1845.8 622.399 351.314
F
 0.0891373 0.178275 0.178275 0.178275 0.178275
 0.120363 0.240726 0.240726 0.240726 0.240726
 0.352442 0.704883 0.704883 0.704883 0.704883
 0.112577 0.225154 0.225154 0.225154 0.225154
 0.0244269 0.0488538 0.0488538 0.0488538 0.0488538
 0.33791 0.675819 0.675819 0.675819 0.675819
 0.199284 0.398569 0.398569 0.398569 0.398569
 0.269222 0.538443 0.538443 0.538443 0.538443
 0.223911 0.447822 0.447822 0.447822 0.447822
 0.150644 0.301288 0.301288 0.301288 0.301288
 0.263198 0.526396 0.526396 0.526396 0.526396
 0.220858 0.441716 0.441716 0.441716 0.441716
 0.340068 0.680136 0.680136 0.680136 0.680136
 0.670389 1.34078 1.34078 1.34078 1.34078
 0.592874 1.18575 1.18575 1.18575 1.18575
 0.245915 0.491831 0.491831 0.491831 0.491831
 0.194741 0.389483 0.389483 0.389483 0.389483
 0.146026 0.292053 0.292053 0.292053 0.292053
 0.129526 0.259052 0.259052 0.259052 0.259052
 0.118733 0.237465 0.237465 0.237465 0.237465
 0.0512322 0.102464 0.102464 0.102464 0.102464
 0.0664774 0.132955 0.132955 0.132955 0.132955
 0.0857588 0.171518 0.171518 0.171518 0.171518
 0.101249 0.202498 0.202498 0.202498 0.202498
 0.12809 0.25618 0.25618 0.25618 0.25618
YTP_r0W_actual
 22354.6 85748.3 60911.6 25580.6 15036.3
YTP_p0W_proyectada
 76763.5 103325 136671 84430.3 45028.6
 76763.5 95797 27382.6 32407.4 20721.4
CTP_r0_actual
 1995.95 3897.65 1845.8 622.399 351.314
CTP_p0_proyectada
 9031 4828.29 4380.48 2074.46 968.357
 9031 4476.49 877.649 796.25 445.621
Wmedp
 8.5 21.4 31.2 40.7 46.5
nmprior
 10.6 11 7 0
nm_flota  nm_reclas  nm_pelaces    nm_pelaL
inf 12.479 10.4139 21.0327
cv_recla  cv_pelaces  cv_mph
0.925308 1.1003 0.805248
 ------------------------------------------------
Talla a la edad & desviaci?n 
 7.2 14.2025 17.0495 18.207 18.6776
 1.08 2.13037 2.55742 2.73105 2.80164
