years
 1997 1998 1999 2000 2001 2002 2003 2004 2005 2006 2007 2008 2009 2010 2011 2012 2013 2014 2015 2016 2017 2018 2019 2020 2021
reclasobs
 0 0 0 370054 412103 1.49427e+06 250295 1.28982e+06 931140 785840 897777 1.04006e+06 184774 17550 25797 100020 73551 82996 120727 218422 84188 347160 605670 569463 516374
reclaspred
 1.28747e+06 259798 586803 188955 215569 264035 584644 398044 647127 1.14575e+06 1.21239e+06 778526 454673 225296 141584 122534 125739 150561 124906 172725 365554 356540 533514 615516 526825
pelacesobs
 0 0 0 0 0 0 0 0 0 2.06254e+06 1.5e+06 0 1.87456e+06 323000 250000 174000 83755 137374 0 501740 490994 745055 786931 1.00524e+06 1.33801e+06
pelacespred
 714026 252270 162868 134918 128642 105859 307813 222887 359256 661043 616446 413230 245842 99018.9 60152.8 58932.3 62680 74560.5 64488.2 85809.9 201264 210687 239540 313641 260822
mphobs
 0 0 0 0 0 112323 0 153150 637223 0 255016 313432 73983 77613 109348 50772 0 0 0 0 0 0 0 0 0
mphpred
 990161 448903 403112 252380 142900 259401 324316 471816 407725 789281 1.26168e+06 820637 493759 286034 137906 107576 104857 123469 125009 110388 241597 354682 368359 519503 533443
desembarqueobs
 350755 77701 442110 56441 14545 235359 269955 359681 431902 328805 639364 411747 362871 311530 167758 66681 60226 58785 57116 73181 50977 67692 138656 160484 209506
desembarquepred
 350140 77629.7 441396 56341.9 14578.4 235490 269695 359892 430853 328595 639483 411603 362433 310910 167433 66784.7 60089.9 58760.1 57193.3 73186.3 50963.9 67623.1 138719 160499 209628
Reclutas
 32386.9 60704.1 1844.01 4118.07 40087.9 25107.7 63847.9 42969.7 131467 209399 41774.4 36969.4 54979.7 28576.9 17593.6 13923.3 11053.6 9887.87 6322 28408.4 38821.8 24683.6 66702.6 40723.1 1324.19
log_desv_Rt
 0.285509 0.913766 -2.5803 -1.77686 0.49883 0.0309317 0.964259 0.568249 1.68651 2.152 0.540039 0.417846 0.814719 0.160355 -0.324709 -0.558684 -0.789489 -0.900936 -1.34821 0.154442 0.466738 0.0138931 1.008 0.51455 -2.91144
SSB
 990161 448903 403112 252380 142900 259401 324316 471816 407725 789281 1.26168e+06 820637 493759 286034 137906 107576 104857 123469 125009 110388 241597 354682 368359 519503 533443
BT
 2.03689e+06 620517 527448 316601 346233 395576 1.14069e+06 895271 1.48052e+06 2.06672e+06 1.77755e+06 1.21806e+06 925036 508374 287089 186047 194996 214258 178907 289163 552663 472837 631397 781545 643282
Ftot
 0.262163 0.288038 0.694864 0.286594 0.0660721 0.817872 0.441361 0.83312 0.631101 0.277167 0.498228 0.499667 0.740054 1.2121 1.06401 0.515854 0.454938 0.373519 0.435316 0.406383 0.13567 0.183792 0.251089 0.251573 0.379283
BD_Bspro_t
 0.961254 0.772096 0.65887 0.368413 0.364013 0.571599 0.474561 0.514009 0.447325 0.552711 0.62627 0.446613 0.33666 0.260084 0.161608 0.153348 0.198467 0.29327 0.349159 0.382367 0.592117 0.72727 0.706152 0.707954 0.647806
BD_Bspro
 1.9781 0.8968 0.80532 0.504195 0.28548 0.51822 0.647905 0.942574 0.814537 1.57679 2.52052 1.63944 0.986411 0.571427 0.275503 0.21491 0.209479 0.246662 0.249738 0.220529 0.482654 0.70857 0.735893 1.03784 1.06569
BD_Bo
 1.10943 0.502977 0.451669 0.282781 0.160114 0.290647 0.363382 0.528649 0.456839 0.884356 1.41365 0.919489 0.553236 0.320489 0.154518 0.120534 0.117488 0.138342 0.140067 0.123685 0.2707 0.397406 0.412731 0.582081 0.5977
BD_Brms
 5.39621 2.44644 2.19689 1.37543 0.778782 1.41369 1.76747 2.57131 2.22203 4.30145 6.87591 4.47233 2.6909 1.55884 0.751564 0.586268 0.571454 0.672887 0.681279 0.601597 1.31666 1.93296 2.00749 2.8312 2.90717
S_f
 0.5 1 1 1 1
 0.5 1 1 1 1
 0.5 1 1 1 1
 0.5 1 1 1 1
 0.5 1 1 1 1
 0.5 1 1 1 1
 0.5 1 1 1 1
 0.5 1 1 1 1
 0.5 1 1 1 1
 0.5 1 1 1 1
 0.5 1 1 1 1
 0.5 1 1 1 1
 0.5 1 1 1 1
 0.5 1 1 1 1
 0.5 1 1 1 1
 0.5 1 1 1 1
 0.5 1 1 1 1
 0.5 1 1 1 1
 0.5 1 1 1 1
 0.5 1 1 1 1
 0.5 1 1 1 1
 0.5 1 1 1 1
 0.5 1 1 1 1
 0.5 1 1 1 1
 0.5 1 1 1 1
Scru_reclas
 0.5 1 1 1 1
 0.5 1 1 1 1
 0.5 1 1 1 1
 0.5 1 1 1 1
 0.5 1 1 1 1
 0.5 1 1 1 1
 0.5 1 1 1 1
 0.5 1 1 1 1
 0.5 1 1 1 1
 0.5 1 1 1 1
 0.5 1 1 1 1
 0.5 1 1 1 1
 0.5 1 1 1 1
 0.5 1 1 1 1
 0.5 1 1 1 1
 0.5 1 1 1 1
 0.5 1 1 1 1
 0.5 1 1 1 1
 0.5 1 1 1 1
 0.5 1 1 1 1
 0.5 1 1 1 1
 0.5 1 1 1 1
 0.5 1 1 1 1
 0.5 1 1 1 1
 0.5 1 1 1 1
Scru_pelaces
 0.5 1 1 1 1
 0.5 1 1 1 1
 0.5 1 1 1 1
 0.5 1 1 1 1
 0.5 1 1 1 1
 0.5 1 1 1 1
 0.5 1 1 1 1
 0.5 1 1 1 1
 0.5 1 1 1 1
 0.5 1 1 1 1
 0.5 1 1 1 1
 0.5 1 1 1 1
 0.5 1 1 1 1
 0.5 1 1 1 1
 0.5 1 1 1 1
 0.5 1 1 1 1
 0.5 1 1 1 1
 0.5 1 1 1 1
 0.5 1 1 1 1
 0.5 1 1 1 1
 0.5 1 1 1 1
 0.5 1 1 1 1
 0.5 1 1 1 1
 0.5 1 1 1 1
 0.5 1 1 1 1
pf_obs 
 0.256992 0.487395 0.22802 0.0275931 0
 0.321318 0.546541 0.124235 0.00734118 0.000564706
 0.182869 0.594174 0.210203 0.0122559 0.00049798
 0.330522 0.361315 0.267642 0.0388342 0.00168674
 0.649043 0.306663 0.0425973 0.00169635 0
 0.582887 0.30429 0.105238 0.00758474 0
 0.465427 0.430635 0.0974691 0.00646863 0
 0.296916 0.608066 0.0921331 0.00288517 0
 0.311714 0.524322 0.152257 0.0117073 0
 0.15457 0.633149 0.183074 0.0267441 0.00246327
 0.131901 0.49318 0.331252 0.0422183 0.00144891
 0.196976 0.569456 0.194076 0.0375587 0.00193317
 0.518974 0.381816 0.0799577 0.0180837 0.00116848
 0.0928022 0.601141 0.25162 0.0475244 0.00691264
 0.122501 0.610282 0.24278 0.0234846 0.000952079
 0.383417 0.481906 0.127806 0.00687128 0
 0.0376549 0.599619 0.316969 0.0457579 0
 0.0361596 0.667082 0.258105 0.0386534 0
 0.158088 0.579412 0.248529 0.0139706 0
 0.0477256 0.309471 0.559284 0.082774 0.000745712
 0.0406174 0.521527 0.379366 0.0568643 0.0016247
 0.151134 0.462217 0.34131 0.0453401 0
 0.294876 0.26143 0.354403 0.0886775 0.000613685
 0.281977 0.475581 0.204845 0.0348837 0.00271318
 0.0841818 0.532909 0.334909 0.0458182 0.00218182
pf_pred 
 0.373296 0.315492 0.156669 0.0777994 0.076744
 0.562553 0.245949 0.0964028 0.0478722 0.0472228
 0.0290318 0.715056 0.143883 0.0563969 0.0556318
 0.188313 0.0556738 0.556755 0.11203 0.0872274
 0.793612 0.0691502 0.00941318 0.0941348 0.03369
 0.404401 0.528182 0.022588 0.00307483 0.0417541
 0.728451 0.172448 0.0878841 0.00375841 0.00745907
 0.460933 0.463181 0.0481911 0.0245595 0.00313477
 0.78498 0.147875 0.057693 0.0060026 0.00344955
 0.676851 0.290212 0.0226518 0.00883754 0.0014479
 0.17321 0.677451 0.134117 0.0104682 0.00475328
 0.292724 0.231017 0.390236 0.0772562 0.00876812
 0.52159 0.234161 0.0797786 0.134763 0.0297074
 0.409757 0.431766 0.0775677 0.0264273 0.054482
 0.482423 0.346877 0.124868 0.0224328 0.0233992
 0.521178 0.345555 0.0893145 0.0321513 0.0118009
 0.449099 0.395013 0.112501 0.0290777 0.0143093
 0.443117 0.362343 0.139491 0.0397275 0.0153213
 0.352 0.41437 0.152015 0.058521 0.0230947
 0.771779 0.126049 0.065335 0.0239686 0.0128686
 0.605482 0.348713 0.0252986 0.013113 0.0073934
 0.351772 0.493506 0.136758 0.00992158 0.00804218
 0.626714 0.199146 0.132575 0.0367386 0.00482578
 0.365407 0.496887 0.0734656 0.0489075 0.0153332
 0.0217525 0.541082 0.342301 0.0506097 0.0442548
pobs_RECLAS
 0 0 0 0 0
 0 0 0 0 0
 0 0 0 0 0
 0 0 0 0 0
 0.835266 0.146461 0.0176864 0.000547809 3.91292e-05
 0.385257 0.428462 0.181853 0.0044286 0
 0.867414 0.0963971 0.0333333 0.00285562 0
 0.441836 0.489002 0.0689373 0.000224442 0
 0.779404 0.147425 0.0564933 0.0165055 0.000172143
 0.814271 0.122319 0.05973 0.00367925 0
 0.40263 0.566651 0.0304383 0.000280538 0
 0.475488 0.404961 0.113038 0.00651328 0
 0.955842 0.0263864 0.0167828 0.000988607 0
 0.975058 0.0227948 0.00214734 0 0
 0.738997 0.206755 0.0527124 0.00153531 0
 0.850938 0.134255 0.0134407 0.00136685 0
 0.542534 0.407297 0.0501686 0 0
 0.764087 0.199537 0.0359546 0.000420521 0
 0.470689 0.182191 0.310203 0.0369168 0
 0.84361 0.089868 0.0606195 0.00523954 0.000663233
 0.607945 0.314616 0.071237 0.00620181 0
 0.523733 0.453247 0.0230204 0 0
 0.530135 0.295979 0.169645 0.0042399 0
 0.562478 0.366248 0.0663022 0.0049721 0
 0.250443 0.683176 0.0655157 0.000865301 0
ppred_RECLAS
 0.37556 0.314352 0.156103 0.0775184 0.0764667
 0.565219 0.24445 0.0958153 0.0475805 0.046935
 0.03002 0.714328 0.143737 0.0563395 0.0555751
 0.189966 0.0555604 0.555622 0.111802 0.0870498
 0.793947 0.069038 0.00939792 0.0939821 0.0336353
 0.414919 0.518855 0.0221891 0.00302053 0.0410167
 0.73212 0.170117 0.0866966 0.00370762 0.00735828
 0.47205 0.45363 0.0471973 0.0240531 0.00307012
 0.790026 0.144404 0.056339 0.00586172 0.0033686
 0.679109 0.288184 0.0224935 0.00877579 0.00143778
 0.176364 0.674867 0.133606 0.0104283 0.00473515
 0.297289 0.229525 0.387717 0.0767576 0.00871152
 0.530989 0.229561 0.0782113 0.132115 0.0291238
 0.428711 0.417901 0.0750768 0.0255786 0.0527324
 0.498413 0.336161 0.121011 0.0217398 0.0226763
 0.526892 0.341432 0.0882487 0.0317676 0.0116601
 0.4539 0.391571 0.111521 0.0288243 0.0141846
 0.446825 0.359931 0.138562 0.039463 0.0152193
 0.356184 0.411694 0.151033 0.0581431 0.0229456
 0.774712 0.124429 0.0644952 0.0236605 0.0127032
 0.606552 0.347767 0.02523 0.0130774 0.00737334
 0.35322 0.492404 0.136452 0.00989942 0.00802422
 0.628858 0.198002 0.131814 0.0365276 0.00479807
 0.367541 0.495216 0.0732184 0.048743 0.0152817
 0.0220807 0.540901 0.342186 0.0505927 0.0442399
pobs_PELACES
 0 0 0 0 0
 0 0 0 0 0
 0 0 0 0 0
 0 0 0 0 0
 0 0 0 0 0
 0 0 0 0 0
 0 0 0 0 0
 0 0 0 0 0
 0 0 0 0 0
 0 0 0 0 0
 0.450072 0.473896 0.0757376 0.000293798 0
 0 0 0 0 0
 0.463077 0.371075 0.160297 0.00555027 0
 0.529543 0.364841 0.0842815 0.0213345 0
 0.631943 0.363953 0.00410389 0 0
 0.735681 0.248677 0.0153453 0.000297389 0
 0.695825 0.281241 0.0229344 0 0
 0.275771 0.60734 0.115278 0.00161068 0
 0 0 0 0 0
 0.896147 0.0623911 0.0374545 0.00400742 0
 0.803859 0.145111 0.0509908 3.86294e-05 0
 0.739449 0.233085 0.0266225 0.000797448 4.60066e-05
 0.878498 0.100942 0.0204185 0.000141795 0
 0.694673 0.275183 0.0284847 0.00165964 0
 0.469039 0.446079 0.0841089 0.000773354 0
ppred_PELACES
 0.385757 0.309219 0.153554 0.0762524 0.075218
 0.57686 0.237905 0.0932498 0.0463065 0.0456783
 0.0335446 0.711733 0.143215 0.0561347 0.0553732
 0.19735 0.055054 0.550557 0.110783 0.0862564
 0.795724 0.0684424 0.00931683 0.0931713 0.0333451
 0.448009 0.48951 0.0209342 0.0028497 0.038697
 0.746159 0.161202 0.082153 0.00351332 0.00697265
 0.506387 0.424127 0.0441277 0.0224887 0.00287045
 0.806779 0.132883 0.051844 0.00539404 0.00309983
 0.688993 0.279308 0.0218007 0.0085055 0.0013935
 0.188625 0.664821 0.131617 0.0102731 0.00466466
 0.314795 0.223807 0.378058 0.0748454 0.0084945
 0.561247 0.214751 0.0731656 0.123592 0.0272449
 0.478235 0.381674 0.0685685 0.0233613 0.0481612
 0.542203 0.306813 0.110446 0.0198419 0.0206966
 0.548048 0.326164 0.0843025 0.0303471 0.0111387
 0.472562 0.378189 0.107709 0.0278393 0.0136999
 0.462103 0.349989 0.134735 0.038373 0.0147989
 0.37282 0.401056 0.14713 0.0566407 0.0223527
 0.786199 0.118084 0.0612067 0.0224541 0.0120555
 0.611882 0.343056 0.0248882 0.0129003 0.00727346
 0.360178 0.487106 0.134984 0.00979292 0.00793789
 0.638475 0.192872 0.128399 0.0355812 0.00467374
 0.377242 0.48762 0.0720954 0.0479953 0.0150473
 0.0234732 0.540131 0.341698 0.0505207 0.0441769
pobs_pel_tallas
 0 0 0 0 0 0 0 0 0 0 0 0 0 0 0 0 0 0 0 0 0 0 0 0 0 0 0 0 0 0 0 0 0 0 0 0
 0 0 0 0 0 0 0 0 0 0 0 0 0 0 0 0 0 0 0 0 0 0 0 0 0 0 0 0 0 0 0 0 0 0 0 0
 0 0 0 0 0 0 0 0 0 0 0 0 0 0 0 0 0 0 0 0 0 0 0 0 0 0 0 0 0 0 0 0 0 0 0 0
 0 0 0 0 0 0 0 0 0 0 0 0 0 0 0 0 0 0 0 0 0 0 0 0 0 0 0 0 0 0 0 0 0 0 0 0
 0 0 0 0 0 0 0 0 0 0 0 0 0 0 0 0 0 0 0 0 0 0 0 0 0 0 0 0 0 0 0 0 0 0 0 0
 0 0 0 0 0 0 0 0 0 0 0 0 0 0 0 0 0 0 0 0 0 0 0 0 0 0 0 0 0 0 0 0 0 0 0 0
 0 0 0 0 0 0 0 0 0 0 0 0 0 0 0 0 0 0 0 0 0 0 0 0 0 0 0 0 0 0 0 0 0 0 0 0
 0 0 0 0 0 0 0 0 0 0 0 0 0 0 0 0 0 0 0 0 0 0 0 0 0 0 0 0 0 0 0 0 0 0 0 0
 0 0 0 0 0 0 0 0 0 0 0 0 0 0 0 0 0 0 0 0 0 0 0 0 0 0 0 0 0 0 0 0 0 0 0 0
 0 0 0 0 0 0 0 0 0 0 0 0 0 0 0 0 0 0 0 0 0 0 0 0 0 0 0 0 0 0 0 0 0 0 0 0
 0 0 0 0 0 0 0 0 1.78061e-05 0.00172719 0.00360574 0.0105946 0.0120993 0.0124554 0.0147524 0.0171206 0.0266825 0.0428682 0.0675386 0.121331 0.153587 0.119568 0.100827 0.0573624 0.0630603 0.0341343 0.0324427 0.0444173 0.0211091 0.0280891 0.0125444 0.00206551 0 0 0 0
 0 0 0 0 0 0 0 0 0 0 0 0 0 0 0 0 0 0 0 0 0 0 0 0 0 0 0 0 0 0 0 0 0 0 0 0
 0 0 0 0 0 0 0.0133647 0.0140871 0.0187388 0.0205184 0.03894 0.0496705 0.03968 0.0493445 0.0407372 0.0367815 0.0215668 0.0243155 0.0234873 0.0199281 0.019796 0.0243948 0.0301388 0.0376714 0.0412746 0.0863199 0.0771752 0.113111 0.0741005 0.0525337 0.0229764 0.00759418 0.00175318 0 0 0
 0 0 0 0 0 0 0 0 0 0 0.00219441 0.00772107 0.0458388 0.0604681 0.0671733 0.0775358 0.0609151 0.0617685 0.073594 0.0568108 0.0755445 0.0548602 0.0670107 0.0636378 0.0643287 0.046367 0.0373049 0.0286899 0.0247887 0.0153202 0.00654259 0.00121912 0.000365735 0 0 0
 0 0 0 0 0 0 0 0 0 0 0 0 0.000112435 0.00938835 0.0111873 0.0202946 0.0414886 0.0713402 0.111592 0.104902 0.108894 0.110636 0.117776 0.105296 0.107544 0.0401394 0.0192827 0.0124803 0.00416011 0.0028671 0.000618394 0 0 0 0 0
 0 0 0 0 0 0 0 0 0 0 0.00291406 0.0102884 0.027416 0.0768956 0.0749926 0.110853 0.0956884 0.0897413 0.0766577 0.0534642 0.0500743 0.0551293 0.0594112 0.0620874 0.0668451 0.0424026 0.0208742 0.0120726 0.0048766 0.00582813 0.00118941 0.000297354 0 0 0 0
 0 0.00264628 0.0354308 0.0461629 0.0458689 0.0383711 0.0214643 0.0164657 0.0346957 0.0420465 0.0363128 0.0245516 0.0311673 0.0291091 0.0169068 0.0133784 0.00837989 0.0085269 0.0148486 0.0160247 0.0276389 0.0546898 0.0760071 0.122758 0.109233 0.0665981 0.0333725 0.0166128 0.00676272 0.00308733 0.000882094 0 0 0 0 0
 0 0 0 0 0 0 0 0.000805153 0.000690131 0.00759144 0.0133425 0.0154129 0.00931677 0.000345066 0.00356568 0.00563607 0.00851162 0.0253048 0.0502646 0.0516448 0.0657925 0.0565908 0.0611916 0.0827007 0.0866115 0.110766 0.145733 0.0935128 0.0569358 0.0249597 0.0138026 0.00621118 0.00161031 0.00115022 0 0
 0 0 0 0 0 0 0 0 0 0 0 0 0 0 0 0 0 0 0 0 0 0 0 0 0 0 0 0 0 0 0 0 0 0 0 0
 0.00147267 0.00158595 0.00478618 0.00569244 0.00954404 0.0108468 0.00647125 0.017049 0.0510054 0.094081 0.124002 0.0959785 0.0687766 0.0820023 0.061753 0.0591476 0.0492212 0.0479892 0.0443925 0.0268479 0.0217502 0.0140895 0.0121071 0.0120363 0.00920419 0.00665534 0.0049561 0.00860946 0.00930331 0.0156896 0.0114698 0.00855282 0.00243557 0.00046729 0 2.83206e-05
 0 0 0 0 0.000772559 0.00158375 0.000888443 0.00281984 0.00712685 0.0440552 0.0773331 0.111326 0.0921469 0.0852325 0.0710754 0.0886704 0.0786465 0.0553345 0.0373146 0.0185414 0.00753245 0.00457741 0.012979 0.0271748 0.0457355 0.0583668 0.034881 0.0177882 0.00938659 0.00492506 0.0015258 0.00185414 0.000309023 5.79419e-05 3.86279e-05 0
 0 0.00173294 0.00326652 0 0.00397197 0.00683976 0.00946217 0.0152591 0.00757587 0.0136028 0.0228656 0.0392903 0.0559909 0.0764795 0.0681675 0.0726916 0.0566044 0.0477403 0.0527397 0.0444891 0.0609904 0.0582453 0.0661739 0.0445044 0.0529084 0.0360697 0.0280645 0.0235558 0.0158879 0.00826598 0.00280645 0.00217768 0.000904811 0.00058276 9.20147e-05 0
 0 0 0 0 0 0 0 0 0 0 0 0 0 0 0 0 0 0 0 0 0 0 0 0 0 0 0 0 0 0 0 0 0 0 0 0
 0 0 0 0 0 0 0 0 0 0 0 0 0 0 0 0 0 0 0 0 0 0 0 0 0 0 0 0 0 0 0 0 0 0 0 0
 0 0 0 0 0 0 0 0 0 0 0 0 0 0 0 0 0 0 0 0 0 0 0 0 0 0 0 0 0 0 0 0 0 0 0 0
ppred_pel_tallas
 1.08416e-16 1.68461e-05 9.88342e-05 0.000469733 0.00180836 0.00563909 0.0142441 0.0291473 0.0483221 0.0649171 0.0707006 0.0625006 0.0450408 0.0268947 0.0141944 0.00820996 0.00722636 0.00918144 0.012794 0.0174349 0.0227059 0.0281959 0.0334346 0.0379522 0.0413706 0.0434763 0.0442494 0.043837 0.0424869 0.0404673 0.0380025 0.0352428 0.0322701 0.0291264 0.0258484 0.0224923
 1.05127e-16 2.51762e-05 0.000147745 0.000702278 0.00270375 0.00843132 0.021297 0.0435773 0.0722377 0.0970236 0.105609 0.0932198 0.0668729 0.0393169 0.0196244 0.00957571 0.00648225 0.00715731 0.00963815 0.0130271 0.0168828 0.0208503 0.0245569 0.0276409 0.02982 0.030948 0.0310368 0.0302339 0.0287677 0.0268806 0.0247746 0.0225839 0.0203761 0.0181742 0.0159846 0.0138199
 1.06781e-16 1.50436e-06 8.72745e-06 4.12729e-05 0.000158546 0.000494091 0.00124882 0.00256094 0.00426663 0.00579526 0.00647857 0.00612417 0.00527773 0.00488454 0.00574496 0.0082847 0.0126673 0.0189393 0.027022 0.0366025 0.0470466 0.0574123 0.0665806 0.0734729 0.0772918 0.0777024 0.0748982 0.069522 0.062482 0.0547238 0.0470363 0.0399423 0.0336858 0.0282918 0.0236596 0.0196499
 1.15671e-16 8.62133e-06 5.05684e-05 0.000240319 0.000925139 0.00288484 0.00728686 0.0149105 0.0247182 0.0332037 0.0361529 0.0319391 0.0229731 0.0136359 0.00706307 0.00391513 0.0033494 0.00438439 0.00649036 0.00952847 0.0135246 0.0185115 0.0244522 0.0312038 0.0385045 0.045976 0.0531457 0.0594881 0.0644831 0.0676856 0.0687912 0.0676867 0.0644733 0.0594514 0.0530759 0.0458858
 1.04915e-16 3.47125e-05 0.000203749 0.000968559 0.00372906 0.0116288 0.0293732 0.0601006 0.09962 0.133777 0.145549 0.128321 0.0917167 0.0532455 0.0253169 0.0102623 0.00424771 0.00278316 0.00313905 0.00416528 0.00547293 0.00691304 0.00838481 0.00979724 0.0110759 0.0121736 0.0130731 0.0137784 0.0143002 0.0146412 0.0147873 0.0147095 0.0143745 0.0137589 0.0128626 0.0117156
 1.02363e-16 1.95677e-05 0.000114796 0.000545583 0.00210034 0.00654957 0.0165441 0.0338545 0.0561291 0.0754146 0.0821575 0.0726864 0.0525057 0.0315993 0.0171217 0.0105806 0.0100051 0.0129918 0.0179951 0.0241627 0.0308446 0.0373287 0.0428283 0.0466087 0.0481512 0.0472792 0.0442007 0.0394469 0.0337349 0.0277967 0.0222337 0.0174316 0.0135473 0.0105529 0.00830743 0.00662867
 1.01666e-16 3.25554e-05 0.000191075 0.000908286 0.00349695 0.0109049 0.027545 0.0563606 0.0934237 0.125465 0.136529 0.120424 0.0861949 0.0502864 0.0243732 0.0106847 0.00566806 0.00514118 0.00654305 0.00874923 0.0112966 0.0138991 0.0162877 0.0182064 0.0194553 0.0199302 0.0196402 0.0186942 0.0172651 0.0155443 0.0137024 0.0118662 0.010115 0.00848973 0.00700813 0.00567764
 1.01672e-16 2.21107e-05 0.000129732 0.0006166 0.0023738 0.00740235 0.0186981 0.0382612 0.0634314 0.0852144 0.0928034 0.0820334 0.0591021 0.0352584 0.0185423 0.010603 0.00916059 0.0114646 0.0157723 0.0211799 0.0270759 0.0328327 0.0377644 0.0412274 0.0427599 0.042191 0.0396798 0.0356651 0.0307494 0.0255558 0.0206035 0.0162361 0.0126088 0.00972368 0.00748755 0.00576922
 1.0111e-16 3.51975e-05 0.000206589 0.000982048 0.00378097 0.0117906 0.0297821 0.0609377 0.101009 0.135648 0.147599 0.130163 0.0931086 0.0542051 0.026057 0.0110531 0.0053289 0.00434398 0.00532117 0.00705384 0.00907161 0.0111161 0.0129613 0.014398 0.015267 0.0154918 0.0150923 0.0141719 0.0128868 0.0114056 0.00987524 0.00840141 0.00704473 0.00582952 0.00475784 0.0038223
 1.00758e-16 3.00673e-05 0.000176457 0.000838768 0.00322925 0.0100701 0.0254364 0.0520471 0.0862774 0.115879 0.126127 0.111319 0.0798291 0.046878 0.0232899 0.0111746 0.00729801 0.00782485 0.0103762 0.0138421 0.0176592 0.0213743 0.0245273 0.0266938 0.0275723 0.027056 0.0252578 0.0224768 0.0191212 0.0156115 0.0122981 0.00941202 0.00705608 0.00522804 0.0038593 0.00285389
 1.02656e-16 8.26482e-06 4.84212e-05 0.000229991 0.000885171 0.00276006 0.00697238 0.0142714 0.0236753 0.0318524 0.0348123 0.0310652 0.0230191 0.0150114 0.0102336 0.0095317 0.0122853 0.0176332 0.0249448 0.0336849 0.043172 0.0524902 0.0605733 0.0664016 0.069228 0.0687515 0.0651811 0.0591629 0.051606 0.0434638 0.035545 0.0284019 0.0223094 0.017314 0.0133171 0.0101572
 1.08409e-16 1.37491e-05 8.0658e-05 0.000383335 0.00147573 0.0046018 0.0116239 0.0237856 0.0394332 0.0529757 0.0576954 0.0510044 0.036758 0.0219553 0.0116061 0.00675867 0.00603555 0.00778964 0.0110277 0.0153038 0.0203693 0.0259593 0.0317348 0.037309 0.042303 0.0463991 0.049374 0.0511045 0.0515538 0.0507499 0.0487698 0.0457342 0.0418118 0.0372197 0.0322167 0.0270827
 1.06629e-16 2.44943e-05 0.000143745 0.000683263 0.00263054 0.00820305 0.0207203 0.0423973 0.0702812 0.0943945 0.102743 0.0906824 0.0650348 0.0382005 0.0190014 0.00916467 0.00607033 0.00661773 0.00890356 0.0120698 0.0157125 0.0195201 0.0231673 0.026336 0.0287732 0.0303395 0.0310271 0.030938 0.0302369 0.0290947 0.0276449 0.0259656 0.024088 0.0220203 0.0197761 0.0173929
 1.04151e-16 2.08814e-05 0.000122519 0.000582317 0.00224182 0.00699078 0.0176585 0.0361337 0.059904 0.0804744 0.0876383 0.0774604 0.0557917 0.0332526 0.0174323 0.00988531 0.00845802 0.0105574 0.0145504 0.0196067 0.0251825 0.0307256 0.0356295 0.0393181 0.0413682 0.0416053 0.040138 0.0373146 0.0336228 0.0295674 0.0255651 0.0218869 0.0186522 0.0158627 0.0134542 0.0113449
 1.03317e-16 2.36679e-05 0.000138884 0.000660133 0.00254145 0.0079252 0.0200186 0.0409623 0.0679052 0.0912121 0.0993025 0.0877003 0.0630154 0.0372544 0.0189754 0.00988795 0.00749933 0.00883663 0.0120521 0.0162619 0.0209678 0.0257145 0.0300097 0.0333782 0.0354575 0.0360746 0.0352765 0.0333008 0.0305021 0.0272604 0.0239022 0.0206564 0.0176481 0.0149213 0.0124728 0.0102835
 1.02867e-16 2.39235e-05 0.000140383 0.000667256 0.00256887 0.0080107 0.0202346 0.0414043 0.0686384 0.0921982 0.100379 0.0886582 0.0637193 0.0377015 0.0192596 0.0101256 0.00778299 0.0092263 0.0125818 0.0169425 0.0217837 0.0266189 0.0309235 0.034197 0.0360657 0.0363646 0.0351691 0.0327605 0.0295442 0.0259473 0.0223317 0.0189442 0.0159096 0.0132566 0.010957 0.00896307
 1.03249e-16 2.06341e-05 0.000121066 0.000575413 0.00221523 0.00690788 0.0174491 0.0357053 0.0591938 0.0795208 0.0866007 0.0765459 0.0551386 0.032875 0.0172563 0.00982198 0.00844811 0.0105774 0.0146013 0.0197038 0.0253495 0.0309916 0.036024 0.0398647 0.0420766 0.0424637 0.0411083 0.0383313 0.0345991 0.0304056 0.0261714 0.0221865 0.0186018 0.0154574 0.0127277 0.0103628
 1.04037e-16 2.0177e-05 0.000118385 0.000562671 0.00216618 0.00675492 0.0170627 0.0349145 0.0578823 0.0777576 0.084677 0.0748369 0.0538889 0.0320928 0.0167792 0.00944845 0.0080207 0.00999676 0.0138126 0.0186886 0.0241296 0.0296354 0.0346487 0.0386269 0.0411523 0.0420199 0.0412725 0.039168 0.0360973 0.0324816 0.0286846 0.0249633 0.0214623 0.0182385 0.0152999 0.0126379
 1.0521e-16 1.62859e-05 9.55361e-05 0.000454034 0.00174789 0.00545047 0.0137678 0.0281734 0.0467104 0.0627608 0.0683753 0.0605002 0.0437192 0.0263454 0.0143413 0.00897473 0.00862579 0.0113225 0.0158153 0.0214379 0.0276946 0.0340315 0.039816 0.0444305 0.0473992 0.048489 0.0477486 0.0454707 0.0420971 0.0381012 0.0338882 0.0297406 0.0258127 0.0221614 0.0187913 0.0156934
 1.02243e-16 3.42995e-05 0.000201318 0.000956994 0.00368451 0.0114898 0.0290223 0.059383 0.0984321 0.132186 0.14383 0.126834 0.0907173 0.0527925 0.0253401 0.010686 0.00506303 0.00404836 0.00494221 0.0065813 0.008526 0.0105478 0.01245 0.0140478 0.0151944 0.0158089 0.0158879 0.0154961 0.0147408 0.0137403 0.0125978 0.0113879 0.0101559 0.00892709 0.00771833 0.0065468
 1.01249e-16 2.67075e-05 0.000156726 0.000744952 0.00286801 0.00894356 0.022591 0.0462257 0.0766301 0.10293 0.112056 0.098954 0.0710803 0.0419784 0.0212974 0.0109534 0.00811561 0.00940677 0.0127156 0.017017 0.0217243 0.0263066 0.0302053 0.0329009 0.0340244 0.0334449 0.0313004 0.0279565 0.0239106 0.0196748 0.0156736 0.0121849 0.00933007 0.00710239 0.00541592 0.00415337
 1.02783e-16 1.57382e-05 9.23126e-05 0.000438692 0.00168878 0.00526614 0.0133023 0.0272215 0.0451351 0.0606527 0.0661012 0.0585414 0.0424195 0.0257933 0.0144573 0.00967553 0.00991877 0.0133015 0.0186044 0.0251264 0.0322799 0.039378 0.0456379 0.0503068 0.0528229 0.0529415 0.0507833 0.0467841 0.0415726 0.0358154 0.0300843 0.0247776 0.0201056 0.0161251 0.012796 0.0100363
 1.03327e-16 2.78612e-05 0.000163513 0.000777246 0.0029924 0.0093315 0.0235707 0.0482292 0.0799469 0.107372 0.116855 0.103108 0.0738793 0.0432617 0.0212698 0.00984321 0.00597559 0.00611855 0.00809782 0.0109467 0.0142367 0.0176631 0.0209147 0.0236842 0.0257203 0.0268746 0.027123 0.0265527 0.0253241 0.023623 0.0216195 0.0194463 0.0171972 0.0149377 0.0127204 0.0105956
 1.03535e-16 1.6482e-05 9.66803e-05 0.000459457 0.00176874 0.00551547 0.0139321 0.0285101 0.0472708 0.0635202 0.0692196 0.0612872 0.0443745 0.0269125 0.0149587 0.00982267 0.00988702 0.0131628 0.0183646 0.0247597 0.031748 0.03864 0.0446585 0.049065 0.0513211 0.0512127 0.0488946 0.0448347 0.0396845 0.0341188 0.0286993 0.0237965 0.0195792 0.0160557 0.0131397 0.0107122
 1.08827e-16 1.05879e-06 6.12601e-06 2.89374e-05 0.000111105 0.000346186 0.00087503 0.00179494 0.00299254 0.0040711 0.00456788 0.00435701 0.00383496 0.00368605 0.00450337 0.00662895 0.0102311 0.0154012 0.0221407 0.0302734 0.0393737 0.0487657 0.0576093 0.0650511 0.0703973 0.0732506 0.0735692 0.071628 0.0679089 0.0629608 0.0572811 0.051251 0.0451283 0.0390794 0.0332242 0.0276697
pSPR Fmed_Fpbrs
0.501719   0.255595 0.255595
Fs Fmed_Fpbrs
0.400346   1.005 1.005
SSBpbr Bo_Bmed_Bpbrs
892493  403156  183492 183492
Ro
24343
SPR SPRFo_SPRFmed_SPRFpbrs
500561 251141 127941
log_Ro
9.92
likeval ReclasPelacesDesembMPH_pf_preclas_ppelaces_ptallas_desvR_qrecl_qpela
 108.723 123.463 0.216698 0.000578548 372.478 213.7 89.6493 0 47.9649 0 0 0 0 0 0
q_reclas_q_pelaces
1 1
M
0.7
N
 32386.9 14472.4 7186.79 3568.85 3520.44
 60704.1 14107 5529.41 2745.83 2708.58
 1844.01 26101.5 5252.13 2058.64 2030.71
 4118.07 646.948 6469.69 1301.83 1013.61
 40087.9 1771.96 241.211 2412.19 863.299
 25107.7 19260.1 823.67 112.123 1522.56
 63847.9 8283.29 4221.4 180.53 358.287
 42969.7 25427.3 2645.55 1348.25 172.09
 131467 14068.4 5488.76 571.072 328.182
 209399 47617.6 3716.69 1450.06 237.57
 41774.4 90528 17922.1 1398.87 635.182
 36969.4 16170.2 27314.9 5407.62 613.732
 54979.7 14300 4871.99 8229.82 1814.2
 28576.9 18858 3387.88 1154.25 2379.58
 17593.6 7741.16 2786.65 500.627 522.194
 13923.3 5132.18 1326.5 477.51 175.267
 11053.6 5342.18 1521.47 393.249 193.52
 9887.87 4372.29 1683.2 479.38 184.878
 6322 4073.69 1494.46 575.323 227.046
 28408.4 2525.35 1308.96 480.202 257.818
 38821.8 11513.2 835.266 432.943 244.103
 24683.6 18014 4991.94 362.158 293.556
 66702.6 11181.3 7443.61 2062.73 270.949
 40723.1 29215.5 4319.55 2875.61 901.548
 1324.19 17832.2 11281.1 1667.92 1458.49
pred_Ctot
 2883.17 2436.72 1210.04 600.888 592.736
 5904.4 2581.42 1011.82 502.454 495.637
 397.065 9779.76 1967.88 771.335 760.871
 398.662 117.862 1178.66 237.169 184.662
 938.653 81.7881 11.1335 111.339 39.8472
 6204.26 8103.3 346.542 47.1735 640.585
 9209.15 2180.1 1111.04 47.5142 94.2983
 10782.3 10834.9 1127.3 574.505 73.3295
 26053.5 4907.97 1914.83 199.226 114.491
 19644.5 8422.94 657.434 256.496 42.0231
 6720.33 26284.2 5203.58 406.154 184.421
 5962.71 4705.76 7949.01 1573.69 178.605
 12491.3 5607.8 1910.58 3227.36 711.447
 9668.47 10187.8 1830.26 623.567 1285.54
 5381.1 3869.17 1392.82 250.223 261.002
 2310.5 1531.93 395.952 142.534 52.3163
 1638.64 1441.3 410.486 106.097 52.2109
 1224.52 1001.31 385.473 109.784 42.3392
 900.523 1060.08 388.9 149.715 59.0834
 3800.93 620.779 321.768 118.043 63.3766
 1838.29 1058.72 76.8088 39.8123 22.447
 1566.88 2198.2 609.154 44.1932 35.8219
 5700.85 1811.51 1205.96 334.189 43.8972
 3486.81 4741.43 701.029 466.689 146.314
 166.314 4136.99 2617.15 386.949 338.361
F
 0.131081 0.262163 0.262163 0.262163 0.262163
 0.144019 0.288038 0.288038 0.288038 0.288038
 0.347432 0.694864 0.694864 0.694864 0.694864
 0.143297 0.286594 0.286594 0.286594 0.286594
 0.0330361 0.0660721 0.0660721 0.0660721 0.0660721
 0.408936 0.817872 0.817872 0.817872 0.817872
 0.220681 0.441361 0.441361 0.441361 0.441361
 0.41656 0.83312 0.83312 0.83312 0.83312
 0.315551 0.631101 0.631101 0.631101 0.631101
 0.138584 0.277167 0.277167 0.277167 0.277167
 0.249114 0.498228 0.498228 0.498228 0.498228
 0.249833 0.499667 0.499667 0.499667 0.499667
 0.370027 0.740054 0.740054 0.740054 0.740054
 0.606049 1.2121 1.2121 1.2121 1.2121
 0.532005 1.06401 1.06401 1.06401 1.06401
 0.257927 0.515854 0.515854 0.515854 0.515854
 0.227469 0.454938 0.454938 0.454938 0.454938
 0.186759 0.373519 0.373519 0.373519 0.373519
 0.217658 0.435316 0.435316 0.435316 0.435316
 0.203191 0.406383 0.406383 0.406383 0.406383
 0.0678352 0.13567 0.13567 0.13567 0.13567
 0.0918962 0.183792 0.183792 0.183792 0.183792
 0.125545 0.251089 0.251089 0.251089 0.251089
 0.125787 0.251573 0.251573 0.251573 0.251573
 0.189642 0.379283 0.379283 0.379283 0.379283
YTP_r0W_actual
 1862.72 91013.7 86365.9 15903.6 14481.9
YTP_p0W_proyectada
 58606.3 5614.53 91190.4 75254.6 17032.2
 58606.3 73137.7 1487.93 21623.1 18469.4
CTP_r0_actual
 166.314 4136.99 2617.15 386.949 338.361
CTP_p0_proyectada
 6894.86 262.361 2922.77 1849.01 366.284
 6894.86 3417.65 47.69 531.279 397.192
Wmedp
 8.5 21.4 31.2 40.7 46.5
nmprior
 10.6 11 7 0
nm_flota  nm_reclas  nm_pelaces    nm_pelaL
inf 15.4651 9.00166 17.4028
cv_recla  cv_pelaces  cv_mph
0.94316 1.25991 0.780383
 ------------------------------------------------
Talla a la edad & desviaci?n 
 7.2 14.2025 17.0495 18.207 18.6776
 1.08 2.13037 2.55742 2.73105 2.80164
