    unsorted:	 0.0008725189210 0.0008999966730 23.55117405 1.740304035 14.28892756 6.166745279 45.60102875 37.83609815 76.46804276 184.2985438 167.9152565 131.4752789 266.1208493 328.2611022 410.5840435 448.1334414 507.6873858 556.6286576 597.2981477 617.8681904 747.6664535 727.5057118 793.8678601 817.8871914 853.6507724 889.2568762 892.3680297 907.2759984 928.7827011 962.2476916 974.4388233 1006.267649 1047.949330 1193.576770 1259.177378 1294.691987 1432.062699 1771.127893 5587.774053 195102.2456 214715.6663 285578.0535 347622.1423 409757.8533 474488.9433 489144.0698 641659.4563 620656.5904 733856.1375 810483.6843 857172.1910 953811.4088 973558.9946 1136922.779 1275416.076 1360578.524 1565748.872 1862092.731 2002512.464 2123271.534 2312856.961 2438891.751 2489849.129 2753840.461 3178923.833
      sorted:	 0.0008725189210 0.0008999966730 1.740304035 6.166745279 14.28892756 23.55117405 37.83609815 45.60102875 76.46804276 131.4752789 167.9152565 184.2985438 266.1208493 328.2611022 410.5840435 448.1334414 507.6873858 556.6286576 597.2981477 617.8681904 727.5057118 747.6664535 793.8678601 817.8871914 853.6507724 889.2568762 892.3680297 907.2759984 928.7827011 962.2476916 974.4388233 1006.267649 1047.949330 1193.576770 1259.177378 1294.691987 1432.062699 1771.127893 5587.774053 195102.2456 214715.6663 285578.0535 347622.1423 409757.8533 474488.9433 489144.0698 620656.5904 641659.4563 733856.1375 810483.6843 857172.1910 953811.4088 973558.9946 1136922.779 1275416.076 1360578.524 1565748.872 1862092.731 2002512.464 2123271.534 2312856.961 2438891.751 2489849.129 2753840.461 3178923.833
