years
 1997 1998 1999 2000 2001 2002 2003 2004 2005 2006 2007 2008 2009 2010 2011 2012 2013 2014 2015 2016 2017 2018 2019 2020 2021
reclasobs
 0 0 0 370054 412103 1.49427e+06 250295 1.28982e+06 931140 785840 897777 1.04006e+06 184774 17550 25797 100020 73551 82996 120727 218422 84188 347160 605670 569463 516374
reclaspred
 421113 123624 421415 305438 410798 486289 1.04317e+06 662189 689541 576766 441263 294986 180540 87577.6 65270.1 68789.9 87810 122099 129939 185219 263490 239258 416099 532571 631100
pelacesobs
 0 0 0 0 0 0 0 0 0 2.06254e+06 1.5e+06 0 1.87456e+06 323000 250000 174000 83755 137374 0 501740 490994 745055 786931 1.00524e+06 1.33801e+06
pelacespred
 1.58645e+06 419830 853349 945950 1.07689e+06 1.08145e+06 2.54265e+06 2.096e+06 1.88975e+06 1.61242e+06 1.11345e+06 764033 465820 192974 140879 156780 207695 289853 319488 441324 692234 617942 846062 1.2841e+06 1.52503e+06
mphobs
 0 0 0 0 0 112323 0 153150 637223 0 255016 313432 73983 77613 109348 50772 0 0 0 0 0 0 0 0 0
mphpred
 924931 631489 832855 1.13778e+06 1.10729e+06 1.60203e+06 2.41927e+06 2.76634e+06 2.25769e+06 2.11702e+06 1.82774e+06 1.26965e+06 784965 418702 217057 195421 240216 337791 424371 489079 721573 839565 1.0497e+06 1.50441e+06 2.08672e+06
desembarqueobs
 350755 77701 442110 56441 14545 235359 269955 359681 431902 328805 639364 411747 362871 311530 167758 66681 60226 58785 57116 73181 50977 67692 138656 160484 209506
desembarquepred
 350765 77704.2 442148 56442.6 14545.1 235392 269980 359710 431973 328865 639756 412097 363353 312131 167860 66698 60245.3 58788.8 57115.2 73183.7 50978.2 67689.7 138660 160491 209509
Reclutas
 75477.6 95532.9 61742.5 91406.3 151329 112606 168783 144143 157779 142002 69027 41327.6 42646.4 24868.4 20295.3 26705.6 22921 26095.3 29739.6 52437.2 65366 83716.2 137311 166308 74997
log_desv_Rt
 0.111591 0.347226 -0.089272 0.303069 0.807214 0.511654 0.916369 0.758559 0.848953 0.743595 0.0222535 -0.490715 -0.459301 -0.998648 -1.20185 -0.927373 -1.08019 -0.950489 -0.819764 -0.252628 -0.032243 0.215188 0.710005 0.901596 0.105203
SSB
 924931 631489 832855 1.13778e+06 1.10729e+06 1.60203e+06 2.41927e+06 2.76634e+06 2.25769e+06 2.11702e+06 1.82774e+06 1.26965e+06 784965 418702 217057 195421 240216 337791 424371 489079 721573 839565 1.0497e+06 1.50441e+06 2.08672e+06
BT
 3.13746e+06 882076 1.76975e+06 1.75307e+06 1.9386e+06 2.12254e+06 4.7351e+06 4.16411e+06 3.78043e+06 3.20802e+06 2.58173e+06 1.75202e+06 1.1933e+06 648395 396592 336191 421557 565916 621269 849974 1.28097e+06 1.16985e+06 1.61027e+06 2.43067e+06 2.89428e+06
Ftot
 0.31598 0.232883 0.314239 0.0575547 0.0123828 0.129391 0.0806571 0.164191 0.192647 0.167439 0.373881 0.35059 0.547694 0.940704 0.818628 0.317552 0.226639 0.151338 0.127868 0.132296 0.0625697 0.083523 0.0995412 0.0952512 0.0867556
BD_Bspro_t
 0.961867 0.819876 0.799238 0.715273 0.804536 0.887339 0.86548 0.867699 0.821619 0.781181 0.736829 0.592401 0.481009 0.369206 0.254474 0.277348 0.403396 0.573637 0.678831 0.751993 0.829222 0.880536 0.884305 0.887958 0.891057
BD_Bspro
 0.666304 0.454913 0.599974 0.819637 0.797675 1.15407 1.7428 1.99282 1.6264 1.52506 1.31667 0.91463 0.565474 0.301626 0.156364 0.140777 0.173047 0.243339 0.305709 0.352323 0.519808 0.604807 0.756184 1.08375 1.50324
BD_Bo
 0.579873 0.395904 0.522147 0.713317 0.694204 1.00437 1.51673 1.73432 1.41543 1.32724 1.14587 0.795988 0.492123 0.2625 0.136081 0.122516 0.1506 0.211774 0.266054 0.306621 0.45238 0.526354 0.658094 0.943172 1.30824
BD_Brms
 2.05609 1.40378 1.85141 2.52925 2.46148 3.56125 5.37796 6.14948 5.01877 4.70608 4.063 2.82238 1.74495 0.930762 0.48251 0.434414 0.533993 0.750899 0.943363 1.08721 1.60403 1.86633 2.33345 3.34426 4.63872
S_f
 0.205096 1 1 1 1
 0.205096 1 1 1 1
 0.205096 1 1 1 1
 0.205096 1 1 1 1
 0.205096 1 1 1 1
 0.205096 1 1 1 1
 0.205096 1 1 1 1
 0.205096 1 1 1 1
 0.205096 1 1 1 1
 0.205096 1 1 1 1
 0.205096 1 1 1 1
 0.205096 1 1 1 1
 0.205096 1 1 1 1
 0.205096 1 1 1 1
 0.205096 1 1 1 1
 0.205096 1 1 1 1
 0.205096 1 1 1 1
 0.205096 1 1 1 1
 0.205096 1 1 1 1
 0.205096 1 1 1 1
 0.205096 1 1 1 1
 0.205096 1 1 1 1
 0.205096 1 1 1 1
 0.205096 1 1 1 1
 0.205096 1 1 1 1
Scru_reclas
 1 1 1 1 1
 1 1 1 1 1
 1 1 1 1 1
 1 1 1 1 1
 1 1 1 1 1
 1 1 1 1 1
 1 1 1 1 1
 1 1 1 1 1
 1 1 1 1 1
 1 1 1 1 1
 1 1 1 1 1
 1 1 1 1 1
 1 1 1 1 1
 1 1 1 1 1
 1 1 1 1 1
 1 1 1 1 1
 1 1 1 1 1
 1 1 1 1 1
 1 1 1 1 1
 1 1 1 1 1
 1 1 1 1 1
 1 1 1 1 1
 1 1 1 1 1
 1 1 1 1 1
 1 1 1 1 1
Scru_pelaces
 1 1 1 1 1
 1 1 1 1 1
 1 1 1 1 1
 1 1 1 1 1
 1 1 1 1 1
 1 1 1 1 1
 1 1 1 1 1
 1 1 1 1 1
 1 1 1 1 1
 1 1 1 1 1
 1 1 1 1 1
 1 1 1 1 1
 1 1 1 1 1
 1 1 1 1 1
 1 1 1 1 1
 1 1 1 1 1
 1 1 1 1 1
 1 1 1 1 1
 1 1 1 1 1
 1 1 1 1 1
 1 1 1 1 1
 1 1 1 1 1
 1 1 1 1 1
 1 1 1 1 1
 1 1 1 1 1
pf_obs 
 0.256992 0.487395 0.22802 0.0275931 0
 0.321318 0.546541 0.124235 0.00734118 0.000564706
 0.182869 0.594174 0.210203 0.0122559 0.00049798
 0.330522 0.361315 0.267642 0.0388342 0.00168674
 0.649043 0.306663 0.0425973 0.00169635 0
 0.582887 0.30429 0.105238 0.00758474 0
 0.465427 0.430635 0.0974691 0.00646863 0
 0.296916 0.608066 0.0921331 0.00288517 0
 0.311714 0.524322 0.152257 0.0117073 0
 0.15457 0.633149 0.183074 0.0267441 0.00246327
 0.131901 0.49318 0.331252 0.0422183 0.00144891
 0.196976 0.569456 0.194076 0.0375587 0.00193317
 0.518974 0.381816 0.0799577 0.0180837 0.00116848
 0.0928022 0.601141 0.25162 0.0475244 0.00691264
 0.122501 0.610282 0.24278 0.0234846 0.000952079
 0.383417 0.481906 0.127806 0.00687128 0
 0.0376549 0.599619 0.316969 0.0457579 0
 0.0361596 0.667082 0.258105 0.0386534 0
 0.158088 0.579412 0.248529 0.0139706 0
 0.0477256 0.309471 0.559284 0.082774 0.000745712
 0.0406174 0.521527 0.379366 0.0568643 0.0016247
 0.151134 0.462217 0.34131 0.0453401 0
 0.294876 0.26143 0.354403 0.0886775 0.000613685
 0.281977 0.475581 0.204845 0.0348837 0.00271318
 0.0841818 0.532909 0.334909 0.0458182 0.00218182
pf_pred 
 0.382503 0.435886 0.162425 0.0191758 9.84197e-06
 0.319479 0.528889 0.107036 0.0398851 0.00471122
 0.182727 0.586623 0.179257 0.0362779 0.0151151
 0.270444 0.406447 0.231921 0.0708693 0.0203182
 0.311035 0.447595 0.134471 0.07673 0.0301689
 0.181639 0.563683 0.165455 0.0497077 0.0395156
 0.258858 0.395919 0.237787 0.0697966 0.0376385
 0.195024 0.513889 0.155499 0.0933921 0.0421956
 0.218561 0.437468 0.219588 0.0664458 0.0579376
 0.196778 0.480314 0.180772 0.0907389 0.051398
 0.117133 0.496992 0.230747 0.0868443 0.0682839
 0.115459 0.38414 0.28169 0.130785 0.0879252
 0.190071 0.346323 0.201336 0.14764 0.114631
 0.177766 0.490107 0.142016 0.0825614 0.107549
 0.248782 0.468194 0.168701 0.0488839 0.0654385
 0.33519 0.468196 0.122539 0.0441537 0.0299212
 0.232211 0.567901 0.140772 0.0368438 0.0222721
 0.243549 0.46924 0.212437 0.0526594 0.0221137
 0.241372 0.475587 0.175575 0.0794875 0.0279778
 0.327278 0.41818 0.159573 0.0589107 0.0360578
 0.278995 0.516005 0.127433 0.0486273 0.02894
 0.266855 0.483782 0.178463 0.0440733 0.026827
 0.316186 0.443219 0.158762 0.0585658 0.0232673
 0.270362 0.512299 0.14087 0.0504599 0.0260093
 0.113399 0.579318 0.215752 0.0593265 0.0322046
pobs_RECLAS
 0 0 0 0 0
 0 0 0 0 0
 0 0 0 0 0
 0 0 0 0 0
 0.835266 0.146461 0.0176864 0.000547809 3.91292e-05
 0.385257 0.428462 0.181853 0.0044286 0
 0.867414 0.0963971 0.0333333 0.00285562 0
 0.441836 0.489002 0.0689373 0.000224442 0
 0.779404 0.147425 0.0564933 0.0165055 0.000172143
 0.814271 0.122319 0.05973 0.00367925 0
 0.40263 0.566651 0.0304383 0.000280538 0
 0.475488 0.404961 0.113038 0.00651328 0
 0.955842 0.0263864 0.0167828 0.000988607 0
 0.975058 0.0227948 0.00214734 0 0
 0.738997 0.206755 0.0527124 0.00153531 0
 0.850938 0.134255 0.0134407 0.00136685 0
 0.542534 0.407297 0.0501686 0 0
 0.764087 0.199537 0.0359546 0.000420521 0
 0.470689 0.182191 0.310203 0.0369168 0
 0.84361 0.089868 0.0606195 0.00523954 0.000663233
 0.607945 0.314616 0.071237 0.00620181 0
 0.523733 0.453247 0.0230204 0 0
 0.530135 0.295979 0.169645 0.0042399 0
 0.562478 0.366248 0.0663022 0.0049721 0
 0.250443 0.683176 0.0655157 0.000865301 0
ppred_RECLAS
 0.75468 0.173169 0.0645284 0.00761817 3.91003e-06
 0.698659 0.234197 0.0473966 0.0176615 0.00208617
 0.526118 0.340143 0.103939 0.0210351 0.00876422
 0.644439 0.198089 0.113031 0.0345393 0.00990243
 0.687739 0.202865 0.0609466 0.0347765 0.0136735
 0.521386 0.329667 0.0967656 0.0290713 0.0231105
 0.630958 0.197143 0.118403 0.0347543 0.0187416
 0.543685 0.291307 0.0881475 0.052941 0.0239194
 0.579447 0.235435 0.118178 0.0357597 0.0311807
 0.546493 0.27119 0.102065 0.0512321 0.0290198
 0.398193 0.338775 0.157289 0.0591975 0.0465458
 0.393886 0.263224 0.193023 0.089618 0.060249
 0.542752 0.195518 0.113665 0.0833504 0.0647151
 0.532322 0.278768 0.0807774 0.0469601 0.0611727
 0.632343 0.229141 0.082565 0.0239245 0.0320266
 0.71463 0.200974 0.0526 0.018953 0.0128437
 0.598885 0.296687 0.0735435 0.0192482 0.0116356
 0.612732 0.24023 0.108758 0.0269592 0.0113212
 0.609598 0.244745 0.0903538 0.0409055 0.0143978
 0.704854 0.183469 0.0700103 0.0258461 0.0158198
 0.654269 0.247431 0.0611058 0.0233174 0.0138771
 0.64055 0.237191 0.0874976 0.0216085 0.0131529
 0.693788 0.198474 0.0710938 0.0262258 0.0104191
 0.644792 0.249401 0.0685793 0.0245653 0.012662
 0.385109 0.401779 0.149632 0.0411452 0.0223351
pobs_PELACES
 0 0 0 0 0
 0 0 0 0 0
 0 0 0 0 0
 0 0 0 0 0
 0 0 0 0 0
 0 0 0 0 0
 0 0 0 0 0
 0 0 0 0 0
 0 0 0 0 0
 0 0 0 0 0
 0.450072 0.473896 0.0757376 0.000293798 0
 0 0 0 0 0
 0.463077 0.371075 0.160297 0.00555027 0
 0.529543 0.364841 0.0842815 0.0213345 0
 0.631943 0.363953 0.00410389 0 0
 0.735681 0.248677 0.0153453 0.000297389 0
 0.695825 0.281241 0.0229344 0 0
 0.275771 0.60734 0.115278 0.00161068 0
 0 0 0 0 0
 0.896147 0.0623911 0.0374545 0.00400742 0
 0.803859 0.145111 0.0509908 3.86294e-05 0
 0.739449 0.233085 0.0266225 0.000797448 4.60066e-05
 0.878498 0.100942 0.0204185 0.000141795 0
 0.694673 0.275183 0.0284847 0.00165964 0
 0.469039 0.446079 0.0841089 0.000773354 0
ppred_PELACES
 0.7697 0.162567 0.0605776 0.00715174 3.67063e-06
 0.711362 0.224324 0.0453986 0.0169169 0.00199823
 0.546614 0.325432 0.0994436 0.0201254 0.00838517
 0.647891 0.196166 0.111933 0.034204 0.0098063
 0.688436 0.202412 0.0608105 0.0346989 0.013643
 0.529848 0.323838 0.0950546 0.0285572 0.0227018
 0.635871 0.194519 0.116827 0.0342917 0.0184921
 0.554348 0.2845 0.0860876 0.0517038 0.0233604
 0.59171 0.22857 0.114732 0.034717 0.0302715
 0.557355 0.264695 0.0996209 0.050005 0.0283248
 0.421913 0.325422 0.151089 0.0568642 0.0447112
 0.416043 0.253602 0.185967 0.086342 0.0580465
 0.578129 0.180391 0.104871 0.0769017 0.0597081
 0.592964 0.242621 0.0703033 0.040871 0.0532406
 0.680707 0.198998 0.0717039 0.0207773 0.0278136
 0.731309 0.189227 0.0495255 0.0178452 0.012093
 0.613079 0.286189 0.0709411 0.0185671 0.0112238
 0.622109 0.234413 0.106125 0.0263064 0.0110471
 0.617551 0.239759 0.0885133 0.0400722 0.0141045
 0.712022 0.179014 0.06831 0.0252184 0.0154356
 0.657972 0.244781 0.0604513 0.0230677 0.0137285
 0.645579 0.233873 0.0862734 0.0213062 0.0129689
 0.699307 0.194896 0.0698124 0.0257531 0.0102313
 0.650494 0.245398 0.0674785 0.024171 0.0124588
 0.390512 0.398249 0.148317 0.0407837 0.0221388
pobs_pel_tallas
 0 0 0 0 0 0 0 0 0 0 0 0 0 0 0 0 0 0 0 0 0 0 0 0 0 0 0 0 0 0 0 0 0 0 0 0
 0 0 0 0 0 0 0 0 0 0 0 0 0 0 0 0 0 0 0 0 0 0 0 0 0 0 0 0 0 0 0 0 0 0 0 0
 0 0 0 0 0 0 0 0 0 0 0 0 0 0 0 0 0 0 0 0 0 0 0 0 0 0 0 0 0 0 0 0 0 0 0 0
 0 0 0 0 0 0 0 0 0 0 0 0 0 0 0 0 0 0 0 0 0 0 0 0 0 0 0 0 0 0 0 0 0 0 0 0
 0 0 0 0 0 0 0 0 0 0 0 0 0 0 0 0 0 0 0 0 0 0 0 0 0 0 0 0 0 0 0 0 0 0 0 0
 0 0 0 0 0 0 0 0 0 0 0 0 0 0 0 0 0 0 0 0 0 0 0 0 0 0 0 0 0 0 0 0 0 0 0 0
 0 0 0 0 0 0 0 0 0 0 0 0 0 0 0 0 0 0 0 0 0 0 0 0 0 0 0 0 0 0 0 0 0 0 0 0
 0 0 0 0 0 0 0 0 0 0 0 0 0 0 0 0 0 0 0 0 0 0 0 0 0 0 0 0 0 0 0 0 0 0 0 0
 0 0 0 0 0 0 0 0 0 0 0 0 0 0 0 0 0 0 0 0 0 0 0 0 0 0 0 0 0 0 0 0 0 0 0 0
 0 0 0 0 0 0 0 0 0 0 0 0 0 0 0 0 0 0 0 0 0 0 0 0 0 0 0 0 0 0 0 0 0 0 0 0
 0 0 0 0 0 0 0 0 1.78061e-05 0.00172719 0.00360574 0.0105946 0.0120993 0.0124554 0.0147524 0.0171206 0.0266825 0.0428682 0.0675386 0.121331 0.153587 0.119568 0.100827 0.0573624 0.0630603 0.0341343 0.0324427 0.0444173 0.0211091 0.0280891 0.0125444 0.00206551 0 0 0 0
 0 0 0 0 0 0 0 0 0 0 0 0 0 0 0 0 0 0 0 0 0 0 0 0 0 0 0 0 0 0 0 0 0 0 0 0
 0 0 0 0 0 0 0.0133647 0.0140871 0.0187388 0.0205184 0.03894 0.0496705 0.03968 0.0493445 0.0407372 0.0367815 0.0215668 0.0243155 0.0234873 0.0199281 0.019796 0.0243948 0.0301388 0.0376714 0.0412746 0.0863199 0.0771752 0.113111 0.0741005 0.0525337 0.0229764 0.00759418 0.00175318 0 0 0
 0 0 0 0 0 0 0 0 0 0 0.00219441 0.00772107 0.0458388 0.0604681 0.0671733 0.0775358 0.0609151 0.0617685 0.073594 0.0568108 0.0755445 0.0548602 0.0670107 0.0636378 0.0643287 0.046367 0.0373049 0.0286899 0.0247887 0.0153202 0.00654259 0.00121912 0.000365735 0 0 0
 0 0 0 0 0 0 0 0 0 0 0 0 0.000112435 0.00938835 0.0111873 0.0202946 0.0414886 0.0713402 0.111592 0.104902 0.108894 0.110636 0.117776 0.105296 0.107544 0.0401394 0.0192827 0.0124803 0.00416011 0.0028671 0.000618394 0 0 0 0 0
 0 0 0 0 0 0 0 0 0 0 0.00291406 0.0102884 0.027416 0.0768956 0.0749926 0.110853 0.0956884 0.0897413 0.0766577 0.0534642 0.0500743 0.0551293 0.0594112 0.0620874 0.0668451 0.0424026 0.0208742 0.0120726 0.0048766 0.00582813 0.00118941 0.000297354 0 0 0 0
 0 0.00264628 0.0354308 0.0461629 0.0458689 0.0383711 0.0214643 0.0164657 0.0346957 0.0420465 0.0363128 0.0245516 0.0311673 0.0291091 0.0169068 0.0133784 0.00837989 0.0085269 0.0148486 0.0160247 0.0276389 0.0546898 0.0760071 0.122758 0.109233 0.0665981 0.0333725 0.0166128 0.00676272 0.00308733 0.000882094 0 0 0 0 0
 0 0 0 0 0 0 0 0.000805153 0.000690131 0.00759144 0.0133425 0.0154129 0.00931677 0.000345066 0.00356568 0.00563607 0.00851162 0.0253048 0.0502646 0.0516448 0.0657925 0.0565908 0.0611916 0.0827007 0.0866115 0.110766 0.145733 0.0935128 0.0569358 0.0249597 0.0138026 0.00621118 0.00161031 0.00115022 0 0
 0 0 0 0 0 0 0 0 0 0 0 0 0 0 0 0 0 0 0 0 0 0 0 0 0 0 0 0 0 0 0 0 0 0 0 0
 0.00147267 0.00158595 0.00478618 0.00569244 0.00954404 0.0108468 0.00647125 0.017049 0.0510054 0.094081 0.124002 0.0959785 0.0687766 0.0820023 0.061753 0.0591476 0.0492212 0.0479892 0.0443925 0.0268479 0.0217502 0.0140895 0.0121071 0.0120363 0.00920419 0.00665534 0.0049561 0.00860946 0.00930331 0.0156896 0.0114698 0.00855282 0.00243557 0.00046729 0 2.83206e-05
 0 0 0 0 0.000772559 0.00158375 0.000888443 0.00281984 0.00712685 0.0440552 0.0773331 0.111326 0.0921469 0.0852325 0.0710754 0.0886704 0.0786465 0.0553345 0.0373146 0.0185414 0.00753245 0.00457741 0.012979 0.0271748 0.0457355 0.0583668 0.034881 0.0177882 0.00938659 0.00492506 0.0015258 0.00185414 0.000309023 5.79419e-05 3.86279e-05 0
 0 0.00173294 0.00326652 0 0.00397197 0.00683976 0.00946217 0.0152591 0.00757587 0.0136028 0.0228656 0.0392903 0.0559909 0.0764795 0.0681675 0.0726916 0.0566044 0.0477403 0.0527397 0.0444891 0.0609904 0.0582453 0.0661739 0.0445044 0.0529084 0.0360697 0.0280645 0.0235558 0.0158879 0.00826598 0.00280645 0.00217768 0.000904811 0.00058276 9.20147e-05 0
 0 0 0 0 0 0 0 0 0 0 0 0 0 0 0 0 0 0 0 0 0 0 0 0 0 0 0 0 0 0 0 0 0 0 0 0
 0 0 0 0 0 0 0 0 0 0 0 0 0 0 0 0 0 0 0 0 0 0 0 0 0 0 0 0 0 0 0 0 0 0 0 0
 0 0 0 0 0 0 0 0 0 0 0 0 0 0 0 0 0 0 0 0 0 0 0 0 0 0 0 0 0 0 0 0 0 0 0 0
ppred_pel_tallas
 1.01159e-16 3.35819e-05 0.000197101 0.000936936 0.00360726 0.0112489 0.0284139 0.0581385 0.0963705 0.129422 0.140833 0.124217 0.0889009 0.0518477 0.0250966 0.0109433 0.00571739 0.00509913 0.00644085 0.00857788 0.0110298 0.0135023 0.015722 0.0174336 0.0184432 0.0186592 0.0181086 0.016922 0.0152944 0.0134367 0.0115325 0.00971341 0.00805499 0.00658658 0.00530884 0.00420967
 1.01393e-16 3.10405e-05 0.000182176 0.000865966 0.00333399 0.0103967 0.0262614 0.0537347 0.0890731 0.119628 0.130193 0.114874 0.0823044 0.0481825 0.0236622 0.0108969 0.00652493 0.00657391 0.00859522 0.0114789 0.014711 0.0179178 0.0207298 0.0228024 0.0238828 0.0238664 0.0228178 0.0209462 0.0185475 0.0159316 0.01336 0.0110098 0.00896813 0.00724927 0.00582327 0.004643
 1.02602e-16 2.3861e-05 0.000140016 0.000665512 0.00256215 0.00798975 0.0201817 0.0412961 0.068459 0.0919572 0.100117 0.0884275 0.063555 0.0376075 0.0192176 0.0101138 0.00778743 0.00924223 0.0126109 0.01699 0.021857 0.0267259 0.0310715 0.0343904 0.0363037 0.0366397 0.0354657 0.0330559 0.0298103 0.0261549 0.0224547 0.0189641 0.0158191 0.0130603 0.010671 0.00861177
 1.03287e-16 2.82719e-05 0.000165924 0.000788706 0.00303653 0.00946911 0.0239183 0.0489404 0.0811258 0.108955 0.118578 0.104627 0.0749656 0.0438933 0.0215715 0.00996679 0.00602623 0.00614605 0.00811616 0.0109514 0.0142131 0.0175891 0.0207631 0.0234261 0.0253299 0.026335 0.0264313 0.0257231 0.0243882 0.0226261 0.0206148 0.0184874 0.0163308 0.014198 0.0121259 0.0101488
 1.0276e-16 3.00399e-05 0.000176303 0.000838053 0.00322653 0.0100616 0.0254149 0.0520025 0.0862014 0.11577 0.125992 0.111161 0.0796313 0.0465916 0.0228334 0.0104379 0.0061503 0.00612881 0.00801219 0.0107425 0.0138464 0.0169917 0.0198509 0.0221138 0.0235454 0.024035 0.023615 0.0224406 0.0207406 0.0187563 0.0166911 0.0146822 0.0127987 0.0110592 0.00945548 0.00797439
 1.03497e-16 2.31298e-05 0.000135723 0.000645106 0.00248359 0.00774474 0.0195628 0.0400298 0.0663601 0.0891388 0.0970507 0.0857246 0.0616242 0.0364887 0.0186899 0.00990803 0.00771635 0.00921528 0.0125977 0.0169881 0.0218764 0.0267851 0.0311961 0.0346124 0.0366595 0.0371665 0.036197 0.0340162 0.031011 0.0275905 0.0241011 0.0207796 0.0177472 0.015035 0.0126232 0.0104759
 1.03765e-16 2.77477e-05 0.000162846 0.000774077 0.0029802 0.00929345 0.0234746 0.0480325 0.079621 0.106934 0.11638 0.102689 0.0735813 0.0430914 0.0211936 0.00982024 0.00597756 0.00613147 0.00811572 0.0109659 0.0142531 0.0176713 0.0209093 0.023661 0.0256789 0.0268204 0.0270688 0.0265185 0.0253351 0.0237056 0.0217971 0.0197342 0.0175994 0.0154454 0.0133128 0.0112428
 1.04183e-16 2.41965e-05 0.000141989 0.000674903 0.00259833 0.00810257 0.0204666 0.0418787 0.0694236 0.0932489 0.101513 0.0896353 0.0643686 0.0379796 0.0192068 0.00978452 0.00715097 0.0082575 0.0112147 0.0151316 0.0195281 0.023982 0.0280424 0.0312754 0.0333509 0.0341121 0.033602 0.0320348 0.0297268 0.0270115 0.0241687 0.021386 0.0187572 0.0163064 0.0140228 0.0118907
 1.04311e-16 2.58234e-05 0.000151546 0.000720347 0.00277332 0.00864828 0.021845 0.0446985 0.0740959 0.0995181 0.10832 0.095605 0.0685658 0.0402758 0.0200357 0.00966526 0.0064008 0.00696963 0.00935877 0.0126537 0.0164146 0.0202956 0.0239336 0.0269741 0.0291353 0.030264 0.0303586 0.0295497 0.0280501 0.0260936 0.0238827 0.0215622 0.0192182 0.0168957 0.0146216 0.012423
 1.04543e-16 2.43268e-05 0.000142756 0.000678553 0.00261239 0.00814642 0.0205774 0.0421051 0.0697983 0.0937505 0.102054 0.0901024 0.0646801 0.0381154 0.0191873 0.00963167 0.00686604 0.00782196 0.0106034 0.0143278 0.0185361 0.0228363 0.02681 0.030052 0.0322481 0.0332398 0.0330493 0.0318547 0.0299282 0.0275603 0.0249965 0.0224046 0.0198731 0.0174342 0.0150938 0.012857
 1.06294e-16 1.84234e-05 0.000108093 0.000513745 0.00197781 0.00616751 0.0155789 0.0318784 0.0528493 0.0709975 0.0773183 0.0683403 0.0492262 0.0293475 0.0154029 0.00877084 0.00756277 0.0095096 0.0131972 0.0179275 0.0232601 0.0287463 0.0338791 0.0381575 0.0411852 0.0427502 0.0428568 0.0416968 0.0395775 0.0368329 0.0337492 0.0305267 0.0272799 0.0240632 0.020906 0.0178397
 1.08402e-16 1.81646e-05 0.000106579 0.000506566 0.0019502 0.00608141 0.0153613 0.0314327 0.0521087 0.0699971 0.0762146 0.0673312 0.0484263 0.0287247 0.0148114 0.00802242 0.00647656 0.00792951 0.0110029 0.0150557 0.0197352 0.0247075 0.0295907 0.0339918 0.0375772 0.0401312 0.0415818 0.041984 0.0414743 0.0402149 0.0383499 0.0359871 0.033206 0.0300776 0.0266874 0.0231455
 1.0698e-16 2.52291e-05 0.000148062 0.000703793 0.0027096 0.00844959 0.021343 0.0436712 0.0723917 0.0972257 0.105816 0.0933723 0.0669164 0.0392103 0.0193272 0.00902998 0.00560512 0.00584997 0.00780766 0.0106156 0.0138985 0.0173925 0.0208263 0.0239286 0.0264736 0.0283206 0.0294301 0.029849 0.0296759 0.0290189 0.0279644 0.026566 0.0248527 0.0228481 0.0205909 0.0181459
 1.0497e-16 2.58785e-05 0.000151868 0.000721878 0.00277921 0.00866666 0.0218914 0.0447936 0.0742538 0.099731 0.108554 0.095817 0.0687295 0.0403952 0.0201371 0.00978195 0.00656127 0.00719394 0.00965651 0.0130206 0.0168286 0.0207141 0.0242962 0.0272105 0.0291789 0.0300683 0.0299114 0.0288815 0.0272334 0.0252317 0.023092 0.0209511 0.0188684 0.0168494 0.0148781 0.0129435
 1.03097e-16 2.97028e-05 0.000174324 0.000828645 0.0031903 0.00994864 0.0251295 0.0514187 0.0852336 0.114471 0.124578 0.109913 0.0787376 0.0460693 0.0225788 0.0103246 0.0060895 0.00607645 0.0079532 0.0106769 0.0137831 0.016947 0.0198472 0.0221781 0.0237052 0.024314 0.0240287 0.0229927 0.0214218 0.0195452 0.0175569 0.0155892 0.0137108 0.0119434 0.010285 0.0087298
 1.01943e-16 3.19089e-05 0.000187277 0.000890225 0.00342741 0.010688 0.0269972 0.05524 0.091567 0.122974 0.133825 0.118056 0.0845344 0.0493881 0.0240687 0.0107727 0.0060282 0.0057414 0.0073978 0.00987741 0.0126939 0.015523 0.0180537 0.0199954 0.0211313 0.0213649 0.0207381 0.019411 0.0176147 0.0155923 0.0135488 0.0116228 0.00988333 0.00834514 0.00699185 0.00579751
 1.02263e-16 2.67575e-05 0.000157025 0.000746382 0.00287354 0.00896081 0.0226345 0.0463143 0.0767755 0.103121 0.112251 0.0990978 0.071121 0.0418772 0.0210166 0.0104393 0.00729249 0.00818583 0.0110166 0.0147967 0.0190051 0.023199 0.0269142 0.0297113 0.0312634 0.0314291 0.0302797 0.0280686 0.0251592 0.0219337 0.0187161 0.0157271 0.0130781 0.0107925 0.00884151 0.00717698
 1.03003e-16 2.71492e-05 0.000159329 0.000757347 0.00291578 0.00909253 0.0229671 0.0469945 0.0779016 0.104629 0.113881 0.100507 0.07207 0.0423104 0.0210026 0.0100546 0.00655361 0.00705112 0.00942317 0.0127018 0.0164208 0.0202152 0.0237065 0.0265284 0.0283949 0.0291589 0.0288359 0.0275838 0.0256496 0.0233031 0.0207801 0.0182509 0.0158167 0.0135253 0.0113951 0.00943544
 1.03371e-16 2.69506e-05 0.000158163 0.000751802 0.00289442 0.00902594 0.0227989 0.0466505 0.0773314 0.103863 0.113049 0.099777 0.0715536 0.042022 0.0208867 0.010044 0.00660423 0.00714512 0.00955692 0.0128748 0.0166288 0.0204484 0.0239489 0.0267608 0.0285993 0.0293235 0.0289596 0.0276782 0.025738 0.023416 0.0209488 0.0185006 0.0161607 0.0139623 0.0119097 0.0100012
 1.02616e-16 3.10675e-05 0.000182338 0.000866747 0.00333702 0.0104062 0.0262852 0.0537831 0.089152 0.11973 0.130295 0.11494 0.0823012 0.0480789 0.0234229 0.0104726 0.00584903 0.0055701 0.00719392 0.00963944 0.012445 0.015308 0.0179366 0.0200542 0.0214477 0.022011 0.0217626 0.0208285 0.0194005 0.0176839 0.0158545 0.0140338 0.0122884 0.0106432 0.00910169 0.00766339
 1.02373e-16 2.87133e-05 0.000168511 0.000800998 0.00308384 0.00961663 0.0242909 0.0497033 0.0823915 0.110658 0.120441 0.106292 0.0762056 0.0447132 0.0221472 0.0105187 0.00673795 0.00714659 0.00948618 0.0127213 0.0163492 0.0199799 0.0232159 0.0256824 0.0271001 0.0273467 0.0264797 0.0247101 0.0223413 0.0196915 0.017029 0.0145347 0.0122979 0.010336 0.00862515 0.00712811
 1.0264e-16 2.81725e-05 0.000165337 0.00078591 0.00302575 0.00943549 0.0238334 0.048767 0.0808394 0.108573 0.118171 0.104287 0.0747645 0.0438605 0.0217125 0.0102934 0.00657291 0.00696469 0.00925869 0.012448 0.0160512 0.019698 0.0230092 0.0256218 0.0272584 0.0277848 0.0272336 0.0257817 0.0236948 0.0212581 0.0187171 0.0162442 0.0139348 0.0118238 0.00991219 0.00818949
 1.02418e-16 3.05137e-05 0.000179085 0.00085128 0.00327746 0.0102204 0.025816 0.0528233 0.0875616 0.117596 0.127977 0.112906 0.0808684 0.0472894 0.023127 0.0104907 0.00606987 0.00595911 0.00775991 0.0104019 0.0134136 0.0164706 0.0192553 0.0214658 0.0228716 0.0233605 0.0229586 0.0218108 0.0201348 0.0181639 0.0160975 0.0140746 0.0121708 0.0104131 0.0088021 0.00733097
 1.02451e-16 2.83873e-05 0.000166597 0.000791897 0.0030488 0.00950736 0.0240149 0.0491385 0.0814555 0.109401 0.119074 0.105088 0.075348 0.0442209 0.021924 0.0104476 0.00673971 0.00718603 0.00955549 0.0128248 0.0164958 0.0201791 0.0234769 0.0260119 0.0275017 0.0278193 0.0270167 0.0252994 0.0229656 0.0203298 0.0176582 0.0151324 0.0128445 0.0108169 0.00903157 0.00745765
 1.04671e-16 1.70572e-05 0.000100065 0.000475564 0.00183078 0.00570898 0.0144208 0.0295094 0.0489247 0.0657339 0.0716088 0.0633479 0.0457478 0.0275095 0.0148689 0.00914289 0.00862305 0.0112343 0.0156637 0.0212181 0.0273931 0.0336338 0.0393089 0.0438026 0.0466422 0.0475975 0.046721 0.0443102 0.0408132 0.0367108 0.0324171 0.0282225 0.0242878 0.0206729 0.0173813 0.0143988
pSPR Fmed_Fpbrs
0.757276   0.332027 0.332027
Fs Fmed_Fpbrs
0.167507   1.005 1.005
SSBpbr Bo_Bmed_Bpbrs
1.59506e+06  1.12815e+06  449849 449849
Ro
67507.9
SPR SPRFo_SPRFmed_SPRFpbrs
1.38815e+06 1.05121e+06 460904
log_Ro
10.94
likeval ReclasPelacesDesembMPH_pf_preclas_ppelaces_ptallas_desvR_qrecl_qpela
 63.7921 24.04 0.0361337 0.00167895 320.255 203.392 78.6518 0 16.3479 0.00011164 0 0 0 0 0
q_reclas_q_pelaces
0.223745 1
M
0.7
N
 75477.6 19636.7 7317.25 863.868 0.443381
 95532.9 35129.1 7109.41 2649.19 312.922
 61742.5 45227.6 13820.4 2796.97 1165.35
 91406.3 28746.7 16403.1 5012.36 1437.05
 151329 44858.4 13476.8 7689.95 3023.56
 112606 74957.3 22001.9 6610.02 5254.7
 168783 54454.3 32705 9599.74 5176.75
 144143 82440.1 24945.8 14982.3 6769.18
 157779 69208.8 34739.6 10512 9165.91
 142002 75315.6 28345.9 14228.3 8059.47
 69027 68135.5 31634.5 11906 9361.44
 41327.6 31747.6 23280.5 10808.9 7266.65
 42646.4 19098.8 11103.1 8141.93 6321.57
 24868.4 18927.5 5484.53 3188.44 4153.43
 20295.3 10182.4 3668.97 1063.14 1423.17
 26705.6 8520.66 2230.07 803.549 544.533
 22921 12425.4 3080.04 806.124 487.303
 26095.3 10865.3 4918.99 1219.33 512.045
 29739.6 12562.5 4637.78 2099.64 739.027
 52437.2 14386 5489.56 2026.62 1240.44
 65366 25342.5 6258.62 2388.23 1421.33
 83716.2 32045.9 11821.4 2919.43 1777.03
 137311 40866.2 14638.4 5399.95 2145.32
 166308 66808.7 18370.8 6580.46 3391.86
 74997 80988.3 30162 8293.82 4502.18
pred_Ctot
 3418.95 3896.11 1451.81 171.4 0.0879711
 3213.25 5319.45 1076.55 401.156 47.3844
 2781.81 8930.64 2728.98 552.289 230.109
 771.929 1160.12 661.973 202.282 57.9944
 276.082 397.295 119.359 68.1073 26.7786
 2124.07 6591.66 1934.82 581.277 462.092
 1993.36 3048.81 1831.1 537.474 289.838
 3439.39 9062.82 2742.34 1647.04 744.151
 4405.93 8818.85 4426.65 1339.47 1167.96
 3454.33 8431.64 3173.35 1592.87 902.264
 3680.58 15616.7 7250.62 2728.85 2145.64
 2070.66 6889.22 5051.87 2345.52 1576.86
 3279.88 5976.19 3474.27 2547.68 1978.08
 3173.17 8748.52 2535.02 1473.74 1919.77
 2277.84 4286.77 1544.63 447.579 599.153
 1215.54 1697.88 444.379 160.12 108.507
 750.699 1835.93 455.094 119.11 72.002
 574.581 1107.03 501.181 124.234 52.1707
 554.445 1092.45 403.306 182.587 64.2665
 1011.05 1291.87 492.967 181.992 111.392
 599.845 1109.42 273.984 104.55 62.2216
 1023.57 1855.63 684.524 169.051 102.9
 1997.93 2800.63 1003.19 370.068 147.022
 2316.45 4389.36 1206.97 432.339 222.847
 952.171 4864.32 1811.59 498.143 270.41
F
 0.0648062 0.31598 0.31598 0.31598 0.31598
 0.0477633 0.232883 0.232883 0.232883 0.232883
 0.0644492 0.314239 0.314239 0.314239 0.314239
 0.0118042 0.0575547 0.0575547 0.0575547 0.0575547
 0.00253965 0.0123828 0.0123828 0.0123828 0.0123828
 0.0265375 0.129391 0.129391 0.129391 0.129391
 0.0165424 0.0806571 0.0806571 0.0806571 0.0806571
 0.033675 0.164191 0.164191 0.164191 0.164191
 0.0395111 0.192647 0.192647 0.192647 0.192647
 0.0343411 0.167439 0.167439 0.167439 0.167439
 0.0766814 0.373881 0.373881 0.373881 0.373881
 0.0719046 0.35059 0.35059 0.35059 0.35059
 0.11233 0.547694 0.547694 0.547694 0.547694
 0.192935 0.940704 0.940704 0.940704 0.940704
 0.167897 0.818628 0.818628 0.818628 0.818628
 0.0651287 0.317552 0.317552 0.317552 0.317552
 0.0464827 0.226639 0.226639 0.226639 0.226639
 0.0310387 0.151338 0.151338 0.151338 0.151338
 0.0262252 0.127868 0.127868 0.127868 0.127868
 0.0271334 0.132296 0.132296 0.132296 0.132296
 0.0128328 0.0625697 0.0625697 0.0625697 0.0625697
 0.0171302 0.083523 0.083523 0.083523 0.083523
 0.0204155 0.0995412 0.0995412 0.0995412 0.0995412
 0.0195356 0.0952512 0.0952512 0.0952512 0.0952512
 0.0177932 0.0867556 0.0867556 0.0867556 0.0867556
YTP_r0W_actual
 10664.3 107015 59782.4 20473.7 11573.5
YTP_p0W_proyectada
 73940.6 377607 554893 269579 123253
 73940.6 267641 100071 131576 66161.8
CTP_r0_actual
 952.171 4864.32 1811.59 498.143 270.41
CTP_p0_proyectada
 8698.89 17645.2 17785 6623.57 2650.6
 8698.89 12506.6 3207.4 3232.83 1422.83
Wmedp
 8.5 21.4 31.2 40.7 46.5
nmprior
 10.6 11 7 0
nm_flota  nm_reclas  nm_pelaces    nm_pelaL
inf 12.3032 21.4362 53.7641
cv_recla  cv_pelaces  cv_mph
0.722451 0.555955 1.32941
 ------------------------------------------------
Talla a la edad & desviaci?n 
 7.2 14.2025 17.0495 18.207 18.6776
 1.08 2.13037 2.55742 2.73105 2.80164
