years
 1997 1998 1999 2000 2001 2002 2003 2004 2005 2006 2007 2008 2009 2010 2011 2012 2013 2014 2015 2016 2017 2018 2019 2020 2021
reclasobs
 0 0 0 370054 412103 1.49427e+06 250295 1.28982e+06 931140 785840 897777 1.04006e+06 184774 17550 25797 100020 73551 82996 120727 218422 84188 347160 605670 569463 516374
reclaspred
 2.35617e+06 327478 547273 194699 257303 330451 646221 537774 817925 1.14519e+06 1.18956e+06 793937 445699 202932 130707 121845 133375 173410 171273 226731 394578 391336 612992 663797 649900
pelacesobs
 0 0 0 0 0 0 0 0 0 2.06254e+06 1.5e+06 0 1.87456e+06 323000 250000 174000 83755 137374 0 501740 490994 745055 786931 1.00524e+06 1.33801e+06
pelacespred
 1.07856e+06 413440 167999 137974 150245 139396 335141 316883 458350 667470 612046 422960 237807 86604.5 54714.3 58168.7 66498.9 87004 90191.3 114852 220862 229837 272972 349917 325520
mphobs
 0 0 0 0 0 112323 0 153150 637223 0 255016 313432 73983 77613 109348 50772 0 0 0 0 0 0 0 0 0
mphpred
 1.68072e+06 754551 401680 241378 164256 317459 380924 536269 585025 884531 1.1882e+06 852049 493626 265403 122513 104011 108425 136414 156490 161441 277688 372813 431626 556474 621278
desembarqueobs
 350755 77701 442110 56441 14545 235359 269955 359681 431902 328805 639364 411747 362871 311530 167758 66681 60226 58785 57116 73181 50977 67692 138656 160484 209506
desembarquepred
 350733 77681.1 441721 56426.5 14544.1 235239 269867 359338 431600 328618 638781 411477 362463 311191 167527 66653.4 60214.9 58760.1 57084.8 73137.2 50966.2 67663.1 138596 160421 209432
Reclutas
 19950.5 24585.1 6271.01 11330.8 47470.8 23751.3 61421.1 72064.7 129344 173433 67978 31390.1 49170.5 27960.9 19432.6 15015.8 12005.3 12420.6 11239.9 27251 37433.2 36246.3 58620 54145.9 6253.69
log_desv_Rt
 -0.378992 -0.170104 -1.53631 -0.944721 0.487871 -0.204609 0.745509 0.90532 1.49023 1.78355 0.84694 0.0742483 0.52305 -0.0414364 -0.405292 -0.663141 -0.886896 -0.85289 -0.952778 -0.0671543 0.250314 0.218092 0.698832 0.619438 -1.53907
SSB
 1.68072e+06 754551 401680 241378 164256 317459 380924 536269 585025 884531 1.1882e+06 852049 493626 265403 122513 104011 108425 136414 156490 161441 277688 372813 431626 556474 621278
BT
 2.46796e+06 913878 585977 340274 404097 456280 1.17744e+06 1.15484e+06 1.671e+06 1.98161e+06 1.84699e+06 1.22078e+06 894091 484338 279615 186102 204733 245769 235859 340940 583555 522753 677999 880992 774044
Ftot
 0.144564 0.229094 0.742638 0.278998 0.0552523 0.662582 0.400205 0.629308 0.502839 0.277071 0.507517 0.490022 0.753305 1.32802 1.14701 0.517915 0.430657 0.325555 0.320022 0.310683 0.125744 0.167774 0.218694 0.233539 0.309104
BD_Bspro_t
 0.977617 0.842897 0.658488 0.370918 0.429979 0.651585 0.521791 0.558232 0.536294 0.579826 0.615894 0.45975 0.33872 0.246247 0.146689 0.150083 0.20505 0.313423 0.399849 0.469494 0.623738 0.74079 0.738541 0.725611 0.686796
BD_Bspro
 2.80457 1.25909 0.670271 0.40278 0.274089 0.529734 0.635636 0.894855 0.976213 1.47599 1.98271 1.42179 0.823698 0.44287 0.204433 0.17356 0.180925 0.22763 0.261131 0.269392 0.46337 0.622101 0.720241 0.92857 1.03671
BD_Bo
 1.72632 0.775022 0.412578 0.247927 0.168712 0.326072 0.391259 0.550818 0.600897 0.908529 1.22044 0.875166 0.507018 0.272604 0.125836 0.106833 0.111367 0.140115 0.160736 0.165821 0.285222 0.382927 0.443336 0.571571 0.638134
BD_Brms
 8.39672 3.76966 2.00675 1.2059 0.820605 1.58599 1.90306 2.67914 2.92272 4.41902 5.93613 4.25675 2.4661 1.32593 0.61206 0.519628 0.54168 0.68151 0.781809 0.806544 1.3873 1.86253 2.15636 2.78008 3.10384
S_f
 0.5 1 1 1 1
 0.5 1 1 1 1
 0.5 1 1 1 1
 0.5 1 1 1 1
 0.5 1 1 1 1
 0.5 1 1 1 1
 0.5 1 1 1 1
 0.5 1 1 1 1
 0.5 1 1 1 1
 0.5 1 1 1 1
 0.5 1 1 1 1
 0.5 1 1 1 1
 0.5 1 1 1 1
 0.5 1 1 1 1
 0.5 1 1 1 1
 0.5 1 1 1 1
 0.5 1 1 1 1
 0.5 1 1 1 1
 0.5 1 1 1 1
 0.5 1 1 1 1
 0.5 1 1 1 1
 0.5 1 1 1 1
 0.5 1 1 1 1
 0.5 1 1 1 1
 0.5 1 1 1 1
Scru_reclas
 0.5 1 1 1 1
 0.5 1 1 1 1
 0.5 1 1 1 1
 0.5 1 1 1 1
 0.5 1 1 1 1
 0.5 1 1 1 1
 0.5 1 1 1 1
 0.5 1 1 1 1
 0.5 1 1 1 1
 0.5 1 1 1 1
 0.5 1 1 1 1
 0.5 1 1 1 1
 0.5 1 1 1 1
 0.5 1 1 1 1
 0.5 1 1 1 1
 0.5 1 1 1 1
 0.5 1 1 1 1
 0.5 1 1 1 1
 0.5 1 1 1 1
 0.5 1 1 1 1
 0.5 1 1 1 1
 0.5 1 1 1 1
 0.5 1 1 1 1
 0.5 1 1 1 1
 0.5 1 1 1 1
Scru_pelaces
 0.5 1 1 1 1
 0.5 1 1 1 1
 0.5 1 1 1 1
 0.5 1 1 1 1
 0.5 1 1 1 1
 0.5 1 1 1 1
 0.5 1 1 1 1
 0.5 1 1 1 1
 0.5 1 1 1 1
 0.5 1 1 1 1
 0.5 1 1 1 1
 0.5 1 1 1 1
 0.5 1 1 1 1
 0.5 1 1 1 1
 0.5 1 1 1 1
 0.5 1 1 1 1
 0.5 1 1 1 1
 0.5 1 1 1 1
 0.5 1 1 1 1
 0.5 1 1 1 1
 0.5 1 1 1 1
 0.5 1 1 1 1
 0.5 1 1 1 1
 0.5 1 1 1 1
 0.5 1 1 1 1
pf_obs 
 0.256992 0.487395 0.22802 0.0275931 0
 0.321318 0.546541 0.124235 0.00734118 0.000564706
 0.182869 0.594174 0.210203 0.0122559 0.00049798
 0.330522 0.361315 0.267642 0.0388342 0.00168674
 0.649043 0.306663 0.0425973 0.00169635 0
 0.582887 0.30429 0.105238 0.00758474 0
 0.465427 0.430635 0.0974691 0.00646863 0
 0.296916 0.608066 0.0921331 0.00288517 0
 0.311714 0.524322 0.152257 0.0117073 0
 0.15457 0.633149 0.183074 0.0267441 0.00246327
 0.131901 0.49318 0.331252 0.0422183 0.00144891
 0.196976 0.569456 0.194076 0.0375587 0.00193317
 0.518974 0.381816 0.0799577 0.0180837 0.00116848
 0.0928022 0.601141 0.25162 0.0475244 0.00691264
 0.122501 0.610282 0.24278 0.0234846 0.000952079
 0.383417 0.481906 0.127806 0.00687128 0
 0.0376549 0.599619 0.316969 0.0457579 0
 0.0361596 0.667082 0.258105 0.0386534 0
 0.158088 0.579412 0.248529 0.0139706 0
 0.0477256 0.309471 0.559284 0.082774 0.000745712
 0.0406174 0.521527 0.379366 0.0568643 0.0016247
 0.151134 0.462217 0.34131 0.0453401 0
 0.294876 0.26143 0.354403 0.0886775 0.000613685
 0.281977 0.475581 0.204845 0.0348837 0.00271318
 0.0841818 0.532909 0.334909 0.0458182 0.00218182
pf_pred 
 0.136873 0.572947 0.25654 0.0336377 2.55037e-06
 0.25811 0.184253 0.370162 0.165742 0.0217338
 0.124579 0.373146 0.124743 0.250607 0.126925
 0.42349 0.151328 0.181233 0.0605862 0.183363
 0.750929 0.152971 0.0252252 0.0302102 0.0406645
 0.337182 0.569778 0.0571415 0.00942275 0.0264749
 0.685805 0.173935 0.120572 0.0120918 0.00759637
 0.576519 0.351761 0.0397036 0.0275225 0.00449415
 0.677904 0.246907 0.062455 0.00704934 0.00568453
 0.604465 0.328267 0.0515649 0.0130433 0.00265938
 0.278731 0.55391 0.138897 0.0218182 0.00664413
 0.238715 0.360046 0.308138 0.0772677 0.0158335
 0.495718 0.211808 0.138324 0.118382 0.0357681
 0.430758 0.405054 0.0689619 0.0450366 0.0501893
 0.540419 0.320604 0.0988919 0.0168367 0.0232489
 0.542098 0.353009 0.0731734 0.0225707 0.009149
 0.455687 0.399466 0.111666 0.0231468 0.0100338
 0.475483 0.343564 0.1328 0.0371228 0.0110307
 0.433042 0.37745 0.12413 0.0479805 0.0173978
 0.657057 0.214759 0.0853378 0.0280645 0.0147814
 0.572728 0.344961 0.051545 0.0204822 0.0102836
 0.441831 0.410423 0.119284 0.0178237 0.0106385
 0.536674 0.28917 0.128057 0.0372181 0.00888057
 0.43693 0.40061 0.101394 0.0449018 0.016164
 0.0800887 0.57397 0.246129 0.0622949 0.0375178
pobs_RECLAS
 0 0 0 0 0
 0 0 0 0 0
 0 0 0 0 0
 0 0 0 0 0
 0.835266 0.146461 0.0176864 0.000547809 3.91292e-05
 0.385257 0.428462 0.181853 0.0044286 0
 0.867414 0.0963971 0.0333333 0.00285562 0
 0.441836 0.489002 0.0689373 0.000224442 0
 0.779404 0.147425 0.0564933 0.0165055 0.000172143
 0.814271 0.122319 0.05973 0.00367925 0
 0.40263 0.566651 0.0304383 0.000280538 0
 0.475488 0.404961 0.113038 0.00651328 0
 0.955842 0.0263864 0.0167828 0.000988607 0
 0.975058 0.0227948 0.00214734 0 0
 0.738997 0.206755 0.0527124 0.00153531 0
 0.850938 0.134255 0.0134407 0.00136685 0
 0.542534 0.407297 0.0501686 0 0
 0.764087 0.199537 0.0359546 0.000420521 0
 0.470689 0.182191 0.310203 0.0369168 0
 0.84361 0.089868 0.0606195 0.00523954 0.000663233
 0.607945 0.314616 0.071237 0.00620181 0
 0.523733 0.453247 0.0230204 0 0
 0.530135 0.295979 0.169645 0.0042399 0
 0.562478 0.366248 0.0663022 0.0049721 0
 0.250443 0.683176 0.0655157 0.000865301 0
ppred_RECLAS
 0.137443 0.572569 0.25637 0.0336155 2.54869e-06
 0.259687 0.183861 0.369375 0.165389 0.0216876
 0.12877 0.37136 0.124146 0.249407 0.126317
 0.426037 0.150659 0.180432 0.0603185 0.182553
 0.751246 0.152777 0.0251931 0.0301718 0.0406129
 0.344431 0.563547 0.0565166 0.00931969 0.0261854
 0.689328 0.171985 0.11922 0.0119562 0.00751118
 0.583835 0.345684 0.0390176 0.027047 0.00441651
 0.682718 0.243217 0.0615214 0.00694397 0.00559956
 0.606935 0.326218 0.051243 0.0129619 0.00264278
 0.283259 0.550432 0.138025 0.0216812 0.00660242
 0.242623 0.358198 0.306556 0.076871 0.0157522
 0.505384 0.207748 0.135673 0.116113 0.0350825
 0.452826 0.389351 0.0662885 0.0432907 0.0482436
 0.558149 0.308235 0.0950768 0.0161872 0.022352
 0.547809 0.348606 0.0722608 0.0222892 0.00903489
 0.460165 0.396179 0.110748 0.0229563 0.00995128
 0.478631 0.341502 0.132003 0.0369 0.0109645
 0.436077 0.37543 0.123465 0.0477237 0.0173047
 0.659735 0.213082 0.0846715 0.0278454 0.014666
 0.573736 0.344148 0.0514235 0.0204339 0.0102593
 0.443239 0.409388 0.118983 0.0177788 0.0106116
 0.538607 0.287963 0.127523 0.0370628 0.00884352
 0.438999 0.399138 0.101021 0.0447368 0.0161046
 0.0809646 0.573423 0.245894 0.0622356 0.0374821
pobs_PELACES
 0 0 0 0 0
 0 0 0 0 0
 0 0 0 0 0
 0 0 0 0 0
 0 0 0 0 0
 0 0 0 0 0
 0 0 0 0 0
 0 0 0 0 0
 0 0 0 0 0
 0 0 0 0 0
 0.450072 0.473896 0.0757376 0.000293798 0
 0 0 0 0 0
 0.463077 0.371075 0.160297 0.00555027 0
 0.529543 0.364841 0.0842815 0.0213345 0
 0.631943 0.363953 0.00410389 0 0
 0.735681 0.248677 0.0153453 0.000297389 0
 0.695825 0.281241 0.0229344 0 0
 0.275771 0.60734 0.115278 0.00161068 0
 0 0 0 0 0
 0.896147 0.0623911 0.0374545 0.00400742 0
 0.803859 0.145111 0.0509908 3.86294e-05 0
 0.739449 0.233085 0.0266225 0.000797448 4.60066e-05
 0.878498 0.100942 0.0204185 0.000141795 0
 0.694673 0.275183 0.0284847 0.00165964 0
 0.469039 0.446079 0.0841089 0.000773354 0
ppred_PELACES
 0.140296 0.570675 0.255522 0.0335043 2.54026e-06
 0.26702 0.18204 0.365716 0.163751 0.0214728
 0.143153 0.365229 0.122096 0.24529 0.124232
 0.437331 0.147695 0.176882 0.0591317 0.178961
 0.752945 0.151733 0.025021 0.0299657 0.0403354
 0.369519 0.541981 0.0543538 0.00896305 0.0251833
 0.70329 0.164255 0.113862 0.0114189 0.00717362
 0.608824 0.324927 0.0366748 0.0254229 0.00415131
 0.700412 0.229653 0.0580906 0.00655673 0.00528729
 0.617786 0.317212 0.0498283 0.012604 0.00256982
 0.300565 0.537142 0.134692 0.0211577 0.00644301
 0.257788 0.351026 0.300418 0.0753319 0.0154368
 0.536393 0.194723 0.127167 0.108833 0.032883
 0.507466 0.350471 0.0596691 0.0389678 0.0434261
 0.604179 0.276125 0.0851721 0.0145009 0.0200235
 0.568879 0.332362 0.0688938 0.0212506 0.00861391
 0.47786 0.383193 0.107118 0.0222039 0.0096251
 0.492048 0.332714 0.128606 0.0359504 0.0106823
 0.449103 0.366758 0.120613 0.0466213 0.016905
 0.671146 0.205936 0.0818319 0.0269115 0.0141741
 0.578802 0.340057 0.0508123 0.020191 0.0101374
 0.450081 0.404357 0.117521 0.0175603 0.0104812
 0.547561 0.282375 0.125048 0.0363436 0.0086719
 0.448511 0.392371 0.0993087 0.0439783 0.0158315
 0.0848416 0.571004 0.244857 0.0619731 0.037324
pobs_pel_tallas
 0 0 0 0 0 0 0 0 0 0 0 0 0 0 0 0 0 0 0 0 0 0 0 0 0 0 0 0 0 0 0 0 0 0 0 0
 0 0 0 0 0 0 0 0 0 0 0 0 0 0 0 0 0 0 0 0 0 0 0 0 0 0 0 0 0 0 0 0 0 0 0 0
 0 0 0 0 0 0 0 0 0 0 0 0 0 0 0 0 0 0 0 0 0 0 0 0 0 0 0 0 0 0 0 0 0 0 0 0
 0 0 0 0 0 0 0 0 0 0 0 0 0 0 0 0 0 0 0 0 0 0 0 0 0 0 0 0 0 0 0 0 0 0 0 0
 0 0 0 0 0 0 0 0 0 0 0 0 0 0 0 0 0 0 0 0 0 0 0 0 0 0 0 0 0 0 0 0 0 0 0 0
 0 0 0 0 0 0 0 0 0 0 0 0 0 0 0 0 0 0 0 0 0 0 0 0 0 0 0 0 0 0 0 0 0 0 0 0
 0 0 0 0 0 0 0 0 0 0 0 0 0 0 0 0 0 0 0 0 0 0 0 0 0 0 0 0 0 0 0 0 0 0 0 0
 0 0 0 0 0 0 0 0 0 0 0 0 0 0 0 0 0 0 0 0 0 0 0 0 0 0 0 0 0 0 0 0 0 0 0 0
 0 0 0 0 0 0 0 0 0 0 0 0 0 0 0 0 0 0 0 0 0 0 0 0 0 0 0 0 0 0 0 0 0 0 0 0
 0 0 0 0 0 0 0 0 0 0 0 0 0 0 0 0 0 0 0 0 0 0 0 0 0 0 0 0 0 0 0 0 0 0 0 0
 0 0 0 0 0 0 0 0 1.78061e-05 0.00172719 0.00360574 0.0105946 0.0120993 0.0124554 0.0147524 0.0171206 0.0266825 0.0428682 0.0675386 0.121331 0.153587 0.119568 0.100827 0.0573624 0.0630603 0.0341343 0.0324427 0.0444173 0.0211091 0.0280891 0.0125444 0.00206551 0 0 0 0
 0 0 0 0 0 0 0 0 0 0 0 0 0 0 0 0 0 0 0 0 0 0 0 0 0 0 0 0 0 0 0 0 0 0 0 0
 0 0 0 0 0 0 0.0133647 0.0140871 0.0187388 0.0205184 0.03894 0.0496705 0.03968 0.0493445 0.0407372 0.0367815 0.0215668 0.0243155 0.0234873 0.0199281 0.019796 0.0243948 0.0301388 0.0376714 0.0412746 0.0863199 0.0771752 0.113111 0.0741005 0.0525337 0.0229764 0.00759418 0.00175318 0 0 0
 0 0 0 0 0 0 0 0 0 0 0.00219441 0.00772107 0.0458388 0.0604681 0.0671733 0.0775358 0.0609151 0.0617685 0.073594 0.0568108 0.0755445 0.0548602 0.0670107 0.0636378 0.0643287 0.046367 0.0373049 0.0286899 0.0247887 0.0153202 0.00654259 0.00121912 0.000365735 0 0 0
 0 0 0 0 0 0 0 0 0 0 0 0 0.000112435 0.00938835 0.0111873 0.0202946 0.0414886 0.0713402 0.111592 0.104902 0.108894 0.110636 0.117776 0.105296 0.107544 0.0401394 0.0192827 0.0124803 0.00416011 0.0028671 0.000618394 0 0 0 0 0
 0 0 0 0 0 0 0 0 0 0 0.00291406 0.0102884 0.027416 0.0768956 0.0749926 0.110853 0.0956884 0.0897413 0.0766577 0.0534642 0.0500743 0.0551293 0.0594112 0.0620874 0.0668451 0.0424026 0.0208742 0.0120726 0.0048766 0.00582813 0.00118941 0.000297354 0 0 0 0
 0 0.00264628 0.0354308 0.0461629 0.0458689 0.0383711 0.0214643 0.0164657 0.0346957 0.0420465 0.0363128 0.0245516 0.0311673 0.0291091 0.0169068 0.0133784 0.00837989 0.0085269 0.0148486 0.0160247 0.0276389 0.0546898 0.0760071 0.122758 0.109233 0.0665981 0.0333725 0.0166128 0.00676272 0.00308733 0.000882094 0 0 0 0 0
 0 0 0 0 0 0 0 0.000805153 0.000690131 0.00759144 0.0133425 0.0154129 0.00931677 0.000345066 0.00356568 0.00563607 0.00851162 0.0253048 0.0502646 0.0516448 0.0657925 0.0565908 0.0611916 0.0827007 0.0866115 0.110766 0.145733 0.0935128 0.0569358 0.0249597 0.0138026 0.00621118 0.00161031 0.00115022 0 0
 0 0 0 0 0 0 0 0 0 0 0 0 0 0 0 0 0 0 0 0 0 0 0 0 0 0 0 0 0 0 0 0 0 0 0 0
 0.00147267 0.00158595 0.00478618 0.00569244 0.00954404 0.0108468 0.00647125 0.017049 0.0510054 0.094081 0.124002 0.0959785 0.0687766 0.0820023 0.061753 0.0591476 0.0492212 0.0479892 0.0443925 0.0268479 0.0217502 0.0140895 0.0121071 0.0120363 0.00920419 0.00665534 0.0049561 0.00860946 0.00930331 0.0156896 0.0114698 0.00855282 0.00243557 0.00046729 0 2.83206e-05
 0 0 0 0 0.000772559 0.00158375 0.000888443 0.00281984 0.00712685 0.0440552 0.0773331 0.111326 0.0921469 0.0852325 0.0710754 0.0886704 0.0786465 0.0553345 0.0373146 0.0185414 0.00753245 0.00457741 0.012979 0.0271748 0.0457355 0.0583668 0.034881 0.0177882 0.00938659 0.00492506 0.0015258 0.00185414 0.000309023 5.79419e-05 3.86279e-05 0
 0 0.00173294 0.00326652 0 0.00397197 0.00683976 0.00946217 0.0152591 0.00757587 0.0136028 0.0228656 0.0392903 0.0559909 0.0764795 0.0681675 0.0726916 0.0566044 0.0477403 0.0527397 0.0444891 0.0609904 0.0582453 0.0661739 0.0445044 0.0529084 0.0360697 0.0280645 0.0235558 0.0158879 0.00826598 0.00280645 0.00217768 0.000904811 0.00058276 9.20147e-05 0
 0 0 0 0 0 0 0 0 0 0 0 0 0 0 0 0 0 0 0 0 0 0 0 0 0 0 0 0 0 0 0 0 0 0 0 0
 0 0 0 0 0 0 0 0 0 0 0 0 0 0 0 0 0 0 0 0 0 0 0 0 0 0 0 0 0 0 0 0 0 0 0 0
 0 0 0 0 0 0 0 0 0 0 0 0 0 0 0 0 0 0 0 0 0 0 0 0 0 0 0 0 0 0 0 0 0 0 0 0
ppred_pel_tallas
 1.04965e-16 6.15393e-06 3.60364e-05 0.000171129 0.000658569 0.00205343 0.0051874 0.0106185 0.0176183 0.0237121 0.0259385 0.0232008 0.0173092 0.0115186 0.00824296 0.0081622 0.0108715 0.0157837 0.0224679 0.0305344 0.0394447 0.0484415 0.0566184 0.0630799 0.0671299 0.0684192 0.0670054 0.063304 0.0579572 0.0516681 0.0450575 0.038581 0.032514 0.0269858 0.0220364 0.0176655
 1.11881e-16 1.1664e-05 6.8421e-05 0.000325168 0.00125179 0.00390346 0.00985996 0.0201761 0.0334492 0.044937 0.0489418 0.0432689 0.0311898 0.0186439 0.00988514 0.00581066 0.00526487 0.00687046 0.00981287 0.01375 0.0185132 0.0239204 0.0297198 0.0356012 0.0412341 0.046305 0.0505439 0.0537342 0.0557126 0.056368 0.0556468 0.0535661 0.0502291 0.0458301 0.0406461 0.0350084
 1.16086e-16 6.26933e-06 3.6735e-05 0.000174497 0.000671616 0.00209417 0.00529007 0.010827 0.0179579 0.02415 0.0263671 0.0234652 0.0172506 0.0109849 0.00705267 0.0060579 0.00750384 0.0107429 0.0153575 0.0210756 0.0275929 0.0344886 0.0412476 0.0473483 0.0523669 0.0560569 0.0583753 0.0594455 0.0594774 0.0586775 0.0571836 0.0550458 0.0522522 0.0487795 0.044647 0.0399484
 1.12953e-16 1.90883e-05 0.000112013 0.000532419 0.00204978 0.00639198 0.0161457 0.0330367 0.0547643 0.0735539 0.0800597 0.0706624 0.050679 0.0297738 0.0148256 0.00718918 0.00484038 0.00539163 0.00740268 0.0102627 0.0137265 0.0176234 0.0217611 0.0259244 0.0299036 0.0335212 0.0366441 0.0391773 0.0410481 0.0421894 0.0425344 0.0420261 0.0406386 0.0383979 0.0353969 0.031794
 1.0332e-16 3.28507e-05 0.00019281 0.000916537 0.00352873 0.011004 0.0277953 0.0568726 0.0942721 0.126603 0.137764 0.121505 0.0869506 0.0506906 0.0244997 0.0106203 0.00545867 0.00478746 0.00601812 0.00801757 0.0103282 0.0126804 0.0148304 0.0165536 0.0176839 0.0181482 0.0179787 0.0172952 0.016266 0.0150609 0.0138131 0.0126007 0.0114481 0.0103433 0.00926041 0.00817908
 1.02433e-16 1.61474e-05 9.47109e-05 0.000450084 0.00173263 0.00540285 0.0136477 0.0279286 0.0463085 0.0622325 0.0678306 0.0600912 0.043582 0.026578 0.0150342 0.010258 0.010687 0.0143843 0.0200816 0.0270228 0.0345491 0.0418878 0.0481685 0.0525709 0.0545078 0.0537645 0.0505484 0.0454241 0.039165 0.0325684 0.0262974 0.0207874 0.0162313 0.0126242 0.0098394 0.00770221
 1.02398e-16 3.06863e-05 0.000180101 0.000856115 0.00329608 0.0102785 0.0259627 0.0531232 0.0880579 0.11826 0.128693 0.113523 0.0812764 0.0474608 0.0230866 0.010265 0.00565831 0.00533602 0.00689365 0.00927634 0.012046 0.0149235 0.0176384 0.0199261 0.0215713 0.0224481 0.0225389 0.0219232 0.0207457 0.0191741 0.0173641 0.0154383 0.0134843 0.011562 0.00971621 0.0079852
 1.01695e-16 2.65734e-05 0.000155941 0.000741222 0.00285366 0.0088988 0.0224779 0.0459942 0.0762459 0.102413 0.111489 0.0984457 0.0706977 0.0417176 0.0211014 0.0107502 0.00784331 0.00901898 0.0121811 0.0163218 0.0208777 0.0253474 0.0292033 0.0319523 0.0332396 0.032931 0.0311425 0.0282021 0.024562 0.0206894 0.0169731 0.013669 0.0108924 0.00864495 0.00685879 0.00544034
 1.01372e-16 3.05633e-05 0.000179373 0.000852642 0.00328269 0.0102367 0.0258573 0.0529079 0.0877028 0.117789 0.128194 0.113115 0.0810567 0.0474768 0.0233619 0.0108372 0.00659746 0.00673566 0.00884259 0.0118233 0.015165 0.0184882 0.021414 0.0235874 0.0247456 0.0247762 0.0237393 0.0218436 0.0193879 0.0166877 0.014012 0.0115464 0.00938627 0.00755398 0.00602621 0.00476061
 1.01364e-16 2.6964e-05 0.000158234 0.000752126 0.00289564 0.00902973 0.0228086 0.0466708 0.0773672 0.103918 0.113125 0.0998832 0.0717155 0.042289 0.0213367 0.0107827 0.00776004 0.00885473 0.0119405 0.0160006 0.0204748 0.0248703 0.0286695 0.0313873 0.0326719 0.0323861 0.0306369 0.0277397 0.0241336 0.020276 0.0165515 0.0132188 0.0104014 0.0081118 0.0062936 0.00486183
 1.03115e-16 1.31407e-05 7.70589e-05 0.000366163 0.00140951 0.00439523 0.0111025 0.022721 0.037677 0.0506425 0.0552234 0.048983 0.0356571 0.0220076 0.0129208 0.00951097 0.010561 0.0145393 0.0204335 0.0276076 0.035455 0.043228 0.0500662 0.0551427 0.0578431 0.0579044 0.0554676 0.0510211 0.0452639 0.0389344 0.0326625 0.0268828 0.0218196 0.0175259 0.0139478 0.0109868
 1.07689e-16 1.12683e-05 6.60822e-05 0.000314015 0.00120879 0.00376933 0.00952135 0.0194845 0.0323075 0.0434179 0.0473258 0.0419317 0.0304247 0.0185836 0.0105734 0.00732558 0.00778262 0.0106432 0.0150926 0.0206922 0.0270819 0.0338162 0.0403515 0.0461231 0.0506487 0.0536154 0.0549208 0.0546551 0.0530415 0.0503579 0.0468736 0.0428153 0.0383668 0.0336861 0.028926 0.024244
 1.07145e-16 2.34099e-05 0.00013738 0.000653007 0.00251406 0.00783979 0.0198028 0.0405198 0.0671687 0.0902138 0.0981919 0.0866633 0.0621481 0.0364968 0.0181407 0.00873139 0.00576861 0.00629641 0.00850828 0.0116022 0.0152145 0.0190703 0.0228771 0.0263379 0.029201 0.031303 0.0325877 0.033092 0.0329105 0.0321525 0.0309109 0.02925 0.0272146 0.0248483 0.0222128 0.0193966
 1.0433e-16 2.21547e-05 0.000129997 0.000617876 0.00237874 0.00741777 0.018737 0.0383402 0.0635603 0.0853813 0.0929688 0.0821407 0.0590946 0.0350848 0.0181431 0.00989487 0.0080306 0.00978217 0.0134158 0.0180732 0.0232275 0.0283677 0.0329386 0.0364131 0.0384038 0.0387492 0.0375452 0.0351048 0.0318667 0.028283 0.0247246 0.0214294 0.018499 0.0159308 0.0136664 0.0116361
 1.02733e-16 2.6369e-05 0.000154745 0.000735546 0.00283182 0.00883071 0.0223058 0.0456418 0.0756606 0.101623 0.11062 0.0976555 0.0700813 0.041256 0.0206886 0.010251 0.00713167 0.00799129 0.0107618 0.0144766 0.0186322 0.022804 0.0265457 0.0294317 0.0311412 0.0315275 0.0306453 0.0287224 0.0260918 0.0231069 0.0200688 0.0171852 0.0145645 0.0122371 0.0101874 0.00838417
 1.02219e-16 2.4832e-05 0.000145716 0.000692612 0.0026665 0.00831513 0.0210036 0.0429777 0.0712465 0.0957006 0.10419 0.092019 0.0661232 0.0391004 0.0199304 0.0104055 0.00790728 0.00930926 0.0126604 0.0170149 0.0218271 0.0265948 0.0307803 0.0338747 0.0355036 0.0355111 0.0339918 0.0312542 0.0277347 0.02389 0.0201055 0.0166419 0.0136265 0.0110801 0.00895823 0.00719181
 1.02859e-16 2.08653e-05 0.000122423 0.000581863 0.00224007 0.00698532 0.0176447 0.0361055 0.0598574 0.0804122 0.0875716 0.077404 0.0557566 0.0332431 0.0174488 0.0099298 0.00853771 0.0106853 0.014744 0.0198861 0.0255669 0.0312299 0.0362588 0.0400631 0.0422002 0.0424744 0.0409736 0.0380302 0.0341253 0.0297686 0.0253953 0.0213066 0.01766 0.0144973 0.0117901 0.00948245
 1.03669e-16 2.1482e-05 0.000126048 0.000599106 0.00230647 0.00719242 0.0181677 0.0371754 0.0616293 0.0827873 0.0901442 0.079645 0.0572993 0.0340196 0.0175953 0.00960472 0.00781354 0.0095456 0.0131314 0.0177532 0.0229163 0.028139 0.0328894 0.0366512 0.0390267 0.0398209 0.0390751 0.0370358 0.0340766 0.0306004 0.0269558 0.0233902 0.0200434 0.0169715 0.0141826 0.0116682
 1.04224e-16 1.96107e-05 0.000115059 0.000546857 0.00210529 0.00656502 0.016583 0.0339332 0.0562563 0.0755756 0.0823069 0.0727569 0.052423 0.0312837 0.0164728 0.00945977 0.00823381 0.0103729 0.014356 0.0194133 0.0250383 0.0307093 0.0358436 0.0398769 0.0423794 0.0431474 0.0422393 0.0399397 0.0366704 0.0328806 0.0289535 0.025154 0.0216231 0.018406 0.0154945 0.0128649
 1.02816e-16 2.92862e-05 0.000171878 0.000817013 0.00314552 0.00980897 0.0247767 0.050697 0.0840375 0.112865 0.122833 0.10838 0.0776526 0.0454614 0.0223313 0.010297 0.00619161 0.00627585 0.00825173 0.0110883 0.0143197 0.0176125 0.020633 0.0230618 0.0246525 0.0252815 0.0249694 0.0238607 0.022177 0.0201567 0.0180049 0.0158659 0.0138202 0.0119002 0.0101129 0.00845869
 1.02e-16 2.5265e-05 0.000148258 0.000704691 0.002713 0.00846016 0.0213699 0.0437274 0.0724892 0.0973697 0.106007 0.0936235 0.0672755 0.0397802 0.0202733 0.0105774 0.00802621 0.00943565 0.0128162 0.0172001 0.0220258 0.0267768 0.0309024 0.033885 0.0353489 0.0351472 0.0333924 0.0304179 0.0266875 0.0226824 0.0188049 0.0153224 0.0123587 0.00992192 0.0079497 0.00635328
 1.02894e-16 1.96549e-05 0.000115315 0.000548065 0.00210993 0.00657948 0.0166196 0.0340083 0.0563819 0.0757473 0.082502 0.0729485 0.0526027 0.0314741 0.0167242 0.0098392 0.00881588 0.0112324 0.0155576 0.0209958 0.0269965 0.0329772 0.0382881 0.0423046 0.0445583 0.0448409 0.0432437 0.0401168 0.035968 0.0313366 0.0266844 0.0223326 0.0184512 0.0150879 0.0122154 0.00977594
 1.03522e-16 2.39006e-05 0.000140252 0.000666644 0.00256653 0.0080034 0.0202161 0.0413662 0.0685741 0.0921082 0.100272 0.0885424 0.0635895 0.0375317 0.0190028 0.00971896 0.00715393 0.00830101 0.0112986 0.0152707 0.0197444 0.024301 0.0284882 0.0318655 0.034089 0.0349828 0.034567 0.0330335 0.0306818 0.0278385 0.0247886 0.0217381 0.0188086 0.0160574 0.0135056 0.0111631
 1.03789e-16 1.95859e-05 0.000114911 0.000546148 0.00210255 0.00655648 0.0165615 0.0338893 0.0561842 0.0754808 0.0822092 0.0726836 0.0523985 0.0313256 0.0165973 0.00969018 0.00860356 0.0109215 0.0151192 0.0204104 0.0262589 0.0321035 0.0373189 0.0413051 0.0436135 0.0440455 0.04269 0.039882 0.0361041 0.0318639 0.0275896 0.0235714 0.0199541 0.0167687 0.0139809 0.0115353
 1.07536e-16 3.73574e-06 2.18398e-05 0.000103638 0.000398712 0.00124307 0.00314052 0.00643048 0.0106766 0.014391 0.0157991 0.0142662 0.0109335 0.00783815 0.00653309 0.00754089 0.0107305 0.0158353 0.0226233 0.0307936 0.0398432 0.049033 0.0574696 0.0642683 0.068739 0.0705314 0.0696926 0.0666161 0.0619107 0.056237 0.0501681 0.0441129 0.0383076 0.032856 0.0277901 0.0231212
pSPR Fmed_Fpbrs
0.534611   0.255595 0.255595
Fs Fmed_Fpbrs
0.355849   1.005 1.005
SSBpbr Bo_Bmed_Bpbrs
973586  471810  200164 200164
Ro
29143.9
SPR SPRFo_SPRFmed_SPRFpbrs
599280 320382 153173
log_Ro
10.1
likeval ReclasPelacesDesembMPH_pf_preclas_ppelaces_ptallas_desvR_qrecl_qpela
 99.0231 112.615 0.0517007 0.000583334 359.707 205.345 84.2163 0 24.8082 0 0 0 0 0 0
q_reclas_q_pelaces
1 1
M
0.7
N
 19950.5 43084.7 19291.3 2529.5 0.191784
 24585.1 9216.27 18515.4 8290.36 1087.12
 6271.01 10887.3 3639.61 7311.94 3703.27
 11330.8 2148.17 2572.7 860.053 2602.93
 47470.8 4894.07 807.042 966.53 1301
 23751.3 22931 2299.69 379.223 1065.49
 61421.1 8468.43 5870.31 588.718 369.846
 72064.7 24969.4 2818.32 1953.66 319.013
 129344 26125.5 6608.41 745.896 601.485
 173433 49951.8 7846.53 1984.77 404.673
 67978 74982.7 18802.4 2953.53 899.416
 31390.1 26191.3 22415.2 5620.78 1151.79
 49170.5 12200.6 7967.76 6819.04 2060.31
 27960.9 16754.1 2852.45 1862.83 2075.96
 19432.6 7147.74 2204.76 375.368 518.326
 15015.8 5438.21 1127.26 347.709 140.943
 12005.3 5755.44 1608.87 333.495 144.566
 12420.6 4806.74 1857.98 519.378 154.328
 11239.9 5241.34 1723.69 666.266 241.589
 27251 4756.23 1889.96 621.539 327.361
 37433.2 11585.4 1731.13 687.89 345.371
 36246.3 17456.1 5073.37 758.076 452.474
 58620 16551 7329.54 2130.23 508.292
 54145.9 26094.6 6604.53 2924.78 1052.88
 6253.69 23924.7 10259.4 2596.63 1563.85
pred_Ctot
 1004.67 4205.51 1883.03 246.905 0.0187201
 1926.28 1375.08 2762.53 1236.93 162.2
 1428.97 4280.15 1430.85 2874.57 1455.88
 1069.59 382.2 457.731 153.019 463.11
 931.716 189.799 31.2982 37.4833 50.4545
 4909.44 8296.09 831.992 137.197 385.48
 8103.61 2055.26 1424.7 142.88 89.7603
 14246.2 8692.28 981.105 680.102 111.054
 20980.1 7641.4 1932.88 218.166 175.927
 16265.1 8833.1 1387.52 350.972 71.5593
 11117.9 22094 5540.23 870.271 265.017
 4975.23 7503.99 6422.13 1610.39 329.997
 11340.5 4845.5 3164.42 2708.2 818.261
 10132 9527.43 1622.08 1059.32 1180.52
 6302.17 3738.77 1153.24 196.344 271.121
 2500.68 1628.42 337.546 104.118 42.204
 1693.44 1484.51 414.979 86.019 37.2881
 1354.48 978.694 378.3 105.75 31.4225
 1206.32 1051.46 345.788 133.659 48.4651
 2845.07 929.913 369.515 121.52 64.0039
 1646.42 991.658 148.176 58.8801 29.5621
 2107.67 1957.85 569.022 85.0248 50.7489
 4394.36 2367.76 1048.55 304.747 72.7153
 4320.57 3961.43 1002.63 444.011 159.837
 649.803 4656.93 1996.98 505.433 304.403
F
 0.0722818 0.144564 0.144564 0.144564 0.144564
 0.114547 0.229094 0.229094 0.229094 0.229094
 0.371319 0.742638 0.742638 0.742638 0.742638
 0.139499 0.278998 0.278998 0.278998 0.278998
 0.0276261 0.0552523 0.0552523 0.0552523 0.0552523
 0.331291 0.662582 0.662582 0.662582 0.662582
 0.200103 0.400205 0.400205 0.400205 0.400205
 0.314654 0.629308 0.629308 0.629308 0.629308
 0.25142 0.502839 0.502839 0.502839 0.502839
 0.138535 0.277071 0.277071 0.277071 0.277071
 0.253759 0.507517 0.507517 0.507517 0.507517
 0.245011 0.490022 0.490022 0.490022 0.490022
 0.376653 0.753305 0.753305 0.753305 0.753305
 0.664012 1.32802 1.32802 1.32802 1.32802
 0.573503 1.14701 1.14701 1.14701 1.14701
 0.258958 0.517915 0.517915 0.517915 0.517915
 0.215329 0.430657 0.430657 0.430657 0.430657
 0.162777 0.325555 0.325555 0.325555 0.325555
 0.160011 0.320022 0.320022 0.320022 0.320022
 0.155341 0.310683 0.310683 0.310683 0.310683
 0.0628722 0.125744 0.125744 0.125744 0.125744
 0.0838871 0.167774 0.167774 0.167774 0.167774
 0.109347 0.218694 0.218694 0.218694 0.218694
 0.116769 0.233539 0.233539 0.233539 0.233539
 0.154552 0.309104 0.309104 0.309104 0.309104
YTP_r0W_actual
 7277.8 102453 65900.2 20773.3 13028.4
YTP_p0W_proyectada
 65523.2 27462.4 131241 73414.6 28968.1
 65523.2 81769.6 7277.92 31119.8 18017.8
CTP_r0_actual
 649.803 4656.93 1996.98 505.433 304.403
CTP_p0_proyectada
 7708.61 1283.29 4206.44 1803.8 622.969
 7708.61 3821.01 233.267 764.615 387.48
Wmedp
 8.5 21.4 31.2 40.7 46.5
nmprior
 10.6 11 7 0
nm_flota  nm_reclas  nm_pelaces    nm_pelaL
inf 14.8891 10.63 21.6021
cv_recla  cv_pelaces  cv_mph
0.900105 1.20329 0.783605
 ------------------------------------------------
Talla a la edad & desviaci?n 
 7.2 14.2025 17.0495 18.207 18.6776
 1.08 2.13037 2.55742 2.73105 2.80164
