years
 1997 1998 1999 2000 2001 2002 2003 2004 2005 2006 2007 2008 2009 2010 2011 2012 2013 2014 2015 2016 2017 2018 2019 2020 2021
reclasobs
 0 0 0 370054 412103 1.49427e+06 250295 1.28982e+06 931140 785840 897777 1.04006e+06 184774 17550 25797 100020 73551 82996 120727 218422 84188 347160 605670 569463 516374
reclaspred
 655635 122637 178091 120114 259022 273985 609285 471747 658687 923331 774500 510836 326859 142881 89550.5 85357.5 98586.9 120901 111075 180983 288641 254348 430581 502162 440214
pelacesobs
 0 0 0 0 0 0 0 0 0 2.06254e+06 1.5e+06 0 1.87456e+06 323000 250000 174000 83755 137374 0 501740 490994 745055 786931 1.00524e+06 1.33801e+06
pelacespred
 700294 185136 106320 136083 267369 222776 647739 525406 719690 1.00261e+06 766686 526224 340058 119671 73832 76044.1 92008.5 115549 108091 170986 309122 266550 355132 489194 423109
mphobs
 0 0 0 0 0 112323 0 153150 637223 0 255016 313432 73983 77613 109348 50772 0 0 0 0 0 0 0 0 0
mphpred
 280850 119247 83127.4 45911 67141.3 142803 179399 220978 223548 306379 435932 314991 186119 101850 44073.9 34512.9 39808.8 49919.5 55503.9 57077.1 103300 130519 154441 215296 257272
desembarqueobs
 350755 77701 442110 56441 14545 235359 269955 359681 431902 328805 639364 411747 362871 311530 167758 66681 60226 58785 57116 73181 50977 67692 138656 160484 209506
desembarquepred
 350734 77670.4 441618 56426.4 14544.6 235318 269928 359381 431644 328642 638906 411562 362571 311306 167525 66652.3 60221.6 58761.3 57088.1 73141.3 50968.9 67665.7 138612 160441 209456
Reclutas
 19042.7 36159.8 6700.54 27608.6 58130.1 27665.7 61358.4 76359.7 116214 189628 62679.7 32426.3 48824.3 22153.4 14985.4 16446.7 11610.1 11743.1 10952.3 30019.4 34673.3 38257.7 67624.7 63045.6 6337.58
log_desv_Rt
 -0.485562 0.155703 -1.53006 -0.114117 0.630439 -0.112051 0.684488 0.903211 1.32319 1.81282 0.705792 0.0467243 0.455984 -0.334253 -0.725169 -0.632119 -0.980366 -0.968976 -1.03869 -0.0304003 0.113725 0.2121 0.781728 0.711613 -1.58575
SSB
 824625 350130 244077 134803 197139 419296 526747 648830 656378 899584 1.27997e+06 924870 546479 299048 129409 101336 116886 146573 162969 167588 303308 383226 453466 632146 755395
BT
 1.48895e+06 481821 422139 304376 490580 582194 1.34929e+06 1.33591e+06 1.68082e+06 2.1026e+06 1.93024e+06 1.31325e+06 965890 512078 272416 191023 213580 254233 243104 366053 594090 541314 732156 1.00732e+06 924513
Ftot
 0.329746 0.523217 1.34319 0.535473 0.0680354 0.533772 0.414933 0.760791 0.728144 0.395036 0.529259 0.484072 0.838081 1.43301 1.55505 0.668604 0.499744 0.377854 0.35636 0.416445 0.150031 0.189702 0.2425 0.237281 0.254885
BD_Bspro_t
 0.952111 0.71297 0.533515 0.246682 0.455167 0.689121 0.590267 0.601777 0.568389 0.596543 0.647261 0.493573 0.371014 0.276417 0.160507 0.158482 0.235978 0.356427 0.438201 0.504333 0.669424 0.767671 0.765642 0.767884 0.747337
BD_Bspro
 1.29589 0.550227 0.383565 0.211842 0.309802 0.658921 0.82778 1.01963 1.03149 1.41369 2.01147 1.45343 0.858788 0.469952 0.203365 0.159249 0.183685 0.230338 0.256105 0.263364 0.476646 0.602237 0.712618 0.993413 1.1871
BD_Bo
 0.905833 0.384611 0.268113 0.148078 0.216553 0.460588 0.578621 0.712726 0.721017 0.988174 1.40602 1.01595 0.600296 0.328498 0.142153 0.111315 0.128397 0.161007 0.179018 0.184092 0.333177 0.420966 0.498123 0.694399 0.829786
BD_Brms
 3.02133 1.28284 0.89427 0.493902 0.722293 1.53625 1.92994 2.37724 2.40489 3.29597 4.68968 3.38862 2.00224 1.09568 0.474139 0.371283 0.428256 0.537025 0.597101 0.614025 1.11128 1.4041 1.66145 2.31611 2.76768
S_f
 0.147219 1 1 1 1
 0.147219 1 1 1 1
 0.147219 1 1 1 1
 0.147219 1 1 1 1
 0.147219 1 1 1 1
 0.147219 1 1 1 1
 0.147219 1 1 1 1
 0.147219 1 1 1 1
 0.147219 1 1 1 1
 0.147219 1 1 1 1
 0.147219 1 1 1 1
 0.147219 1 1 1 1
 0.147219 1 1 1 1
 0.147219 1 1 1 1
 0.147219 1 1 1 1
 0.147219 1 1 1 1
 0.147219 1 1 1 1
 0.147219 1 1 1 1
 0.147219 1 1 1 1
 0.147219 1 1 1 1
 0.147219 1 1 1 1
 0.147219 1 1 1 1
 0.147219 1 1 1 1
 0.147219 1 1 1 1
 0.147219 1 1 1 1
Scru_reclas
 1 1 1 1 1
 1 1 1 1 1
 1 1 1 1 1
 1 1 1 1 1
 1 1 1 1 1
 1 1 1 1 1
 1 1 1 1 1
 1 1 1 1 1
 1 1 1 1 1
 1 1 1 1 1
 1 1 1 1 1
 1 1 1 1 1
 1 1 1 1 1
 1 1 1 1 1
 1 1 1 1 1
 1 1 1 1 1
 1 1 1 1 1
 1 1 1 1 1
 1 1 1 1 1
 1 1 1 1 1
 1 1 1 1 1
 1 1 1 1 1
 1 1 1 1 1
 1 1 1 1 1
 1 1 1 1 1
Scru_pelaces
 1 1 1 1 1
 1 1 1 1 1
 1 1 1 1 1
 1 1 1 1 1
 1 1 1 1 1
 1 1 1 1 1
 1 1 1 1 1
 1 1 1 1 1
 1 1 1 1 1
 1 1 1 1 1
 1 1 1 1 1
 1 1 1 1 1
 1 1 1 1 1
 1 1 1 1 1
 1 1 1 1 1
 1 1 1 1 1
 1 1 1 1 1
 1 1 1 1 1
 1 1 1 1 1
 1 1 1 1 1
 1 1 1 1 1
 1 1 1 1 1
 1 1 1 1 1
 1 1 1 1 1
 1 1 1 1 1
pf_obs 
 0.256992 0.487395 0.22802 0.0275931 0
 0.321318 0.546541 0.124235 0.00734118 0.000564706
 0.182869 0.594174 0.210203 0.0122559 0.00049798
 0.330522 0.361315 0.267642 0.0388342 0.00168674
 0.649043 0.306663 0.0425973 0.00169635 0
 0.582887 0.30429 0.105238 0.00758474 0
 0.465427 0.430635 0.0974691 0.00646863 0
 0.296916 0.608066 0.0921331 0.00288517 0
 0.311714 0.524322 0.152257 0.0117073 0
 0.15457 0.633149 0.183074 0.0267441 0.00246327
 0.131901 0.49318 0.331252 0.0422183 0.00144891
 0.196976 0.569456 0.194076 0.0375587 0.00193317
 0.518974 0.381816 0.0799577 0.0180837 0.00116848
 0.0928022 0.601141 0.25162 0.0475244 0.00691264
 0.122501 0.610282 0.24278 0.0234846 0.000952079
 0.383417 0.481906 0.127806 0.00687128 0
 0.0376549 0.599619 0.316969 0.0457579 0
 0.0361596 0.667082 0.258105 0.0386534 0
 0.158088 0.579412 0.248529 0.0139706 0
 0.0477256 0.309471 0.559284 0.082774 0.000745712
 0.0406174 0.521527 0.379366 0.0568643 0.0016247
 0.151134 0.462217 0.34131 0.0453401 0
 0.294876 0.26143 0.354403 0.0886775 0.000613685
 0.281977 0.475581 0.204845 0.0348837 0.00271318
 0.0841818 0.532909 0.334909 0.0458182 0.00218182
pf_pred 
 0.0912506 0.607183 0.266161 0.0353996 5.87143e-06
 0.240584 0.337832 0.281682 0.123476 0.0164252
 0.0633827 0.689481 0.109941 0.0916675 0.045528
 0.465043 0.258171 0.203754 0.0324893 0.0405436
 0.380125 0.548659 0.0343689 0.0271246 0.00972249
 0.122693 0.711878 0.146423 0.00917219 0.00983356
 0.313673 0.379703 0.248806 0.0511757 0.00664262
 0.288047 0.563864 0.0819284 0.0536848 0.0124755
 0.342699 0.526796 0.10336 0.015018 0.0121276
 0.341895 0.550431 0.0862955 0.0169316 0.00444677
 0.0922978 0.735941 0.143659 0.0225225 0.0055796
 0.0853408 0.432819 0.390664 0.0762591 0.0149176
 0.222034 0.347025 0.203922 0.184061 0.0429579
 0.153092 0.633481 0.0952025 0.0559439 0.0622802
 0.227332 0.559478 0.159464 0.023965 0.0297602
 0.298092 0.576286 0.0909614 0.0259261 0.00873478
 0.18117 0.656196 0.133527 0.021076 0.00803101
 0.195857 0.529225 0.220315 0.044831 0.00977254
 0.181314 0.545004 0.180117 0.074982 0.0185838
 0.389727 0.391633 0.14555 0.0481023 0.0249879
 0.244746 0.635836 0.0766346 0.0284811 0.0143022
 0.201367 0.561379 0.199741 0.0240739 0.0134399
 0.277635 0.471291 0.176486 0.0627942 0.0117935
 0.189071 0.60494 0.134394 0.0503267 0.0212695
 0.0212237 0.626308 0.262935 0.0584138 0.0311191
pobs_RECLAS
 0 0 0 0 0
 0 0 0 0 0
 0 0 0 0 0
 0 0 0 0 0
 0.835266 0.146461 0.0176864 0.000547809 3.91292e-05
 0.385257 0.428462 0.181853 0.0044286 0
 0.867414 0.0963971 0.0333333 0.00285562 0
 0.441836 0.489002 0.0689373 0.000224442 0
 0.779404 0.147425 0.0564933 0.0165055 0.000172143
 0.814271 0.122319 0.05973 0.00367925 0
 0.40263 0.566651 0.0304383 0.000280538 0
 0.475488 0.404961 0.113038 0.00651328 0
 0.955842 0.0263864 0.0167828 0.000988607 0
 0.975058 0.0227948 0.00214734 0 0
 0.738997 0.206755 0.0527124 0.00153531 0
 0.850938 0.134255 0.0134407 0.00136685 0
 0.542534 0.407297 0.0501686 0 0
 0.764087 0.199537 0.0359546 0.000420521 0
 0.470689 0.182191 0.310203 0.0369168 0
 0.84361 0.089868 0.0606195 0.00523954 0.000663233
 0.607945 0.314616 0.071237 0.00620181 0
 0.523733 0.453247 0.0230204 0 0
 0.530135 0.295979 0.169645 0.0042399 0
 0.562478 0.366248 0.0663022 0.0049721 0
 0.250443 0.683176 0.0655157 0.000865301 0
ppred_RECLAS
 0.410459 0.393903 0.172669 0.0229651 3.80903e-06
 0.690596 0.137641 0.114764 0.0503072 0.006692
 0.344716 0.48238 0.0769175 0.0641332 0.0318526
 0.859777 0.0676718 0.053408 0.00851611 0.0106273
 0.806957 0.170865 0.0107033 0.00844723 0.00302781
 0.496543 0.408523 0.0840273 0.00526361 0.00564315
 0.761347 0.132032 0.086516 0.0177951 0.00230981
 0.744788 0.202127 0.0293687 0.0192443 0.00447205
 0.789368 0.168811 0.0331216 0.0048125 0.00388628
 0.783573 0.181017 0.0283795 0.0055682 0.00146239
 0.417519 0.47226 0.0921871 0.0144529 0.00358048
 0.395804 0.285907 0.258061 0.0503744 0.00985411
 0.674934 0.145001 0.0852071 0.0769082 0.0179495
 0.58754 0.308517 0.0463654 0.0272458 0.0303317
 0.702716 0.215259 0.0613539 0.00922055 0.0114502
 0.752105 0.203529 0.0321251 0.00915639 0.00308489
 0.608701 0.31358 0.0638094 0.0100717 0.00383783
 0.628949 0.244197 0.101658 0.0206861 0.00450929
 0.606101 0.262221 0.0866605 0.0360765 0.00894133
 0.816789 0.117573 0.0436957 0.0144408 0.00750163
 0.689395 0.261493 0.0315167 0.0117131 0.00588192
 0.633867 0.257364 0.0915709 0.0110366 0.0061615
 0.725897 0.178833 0.066968 0.0238274 0.00447509
 0.616261 0.286263 0.0635963 0.0238151 0.0100649
 0.130085 0.556649 0.233691 0.0519169 0.027658
pobs_PELACES
 0 0 0 0 0
 0 0 0 0 0
 0 0 0 0 0
 0 0 0 0 0
 0 0 0 0 0
 0 0 0 0 0
 0 0 0 0 0
 0 0 0 0 0
 0 0 0 0 0
 0 0 0 0 0
 0.450072 0.473896 0.0757376 0.000293798 0
 0 0 0 0 0
 0.463077 0.371075 0.160297 0.00555027 0
 0.529543 0.364841 0.0842815 0.0213345 0
 0.631943 0.363953 0.00410389 0 0
 0.735681 0.248677 0.0153453 0.000297389 0
 0.695825 0.281241 0.0229344 0 0
 0.275771 0.60734 0.115278 0.00161068 0
 0 0 0 0 0
 0.896147 0.0623911 0.0374545 0.00400742 0
 0.803859 0.145111 0.0509908 3.86294e-05 0
 0.739449 0.233085 0.0266225 0.000797448 4.60066e-05
 0.878498 0.100942 0.0204185 0.000141795 0
 0.694673 0.275183 0.0284847 0.00165964 0
 0.469039 0.446079 0.0841089 0.000773354 0
ppred_PELACES
 0.433086 0.378785 0.166042 0.0220837 3.66283e-06
 0.721145 0.124051 0.103433 0.04534 0.00603126
 0.434295 0.416438 0.0664027 0.0553661 0.0274983
 0.876979 0.05937 0.046856 0.00747137 0.00932357
 0.809922 0.16824 0.0105389 0.00831749 0.0029813
 0.534043 0.378094 0.0777684 0.00487155 0.00522282
 0.781913 0.120654 0.0790605 0.0162616 0.00211076
 0.783317 0.171612 0.0249349 0.0163389 0.0037969
 0.821425 0.143119 0.0280806 0.00408006 0.0032948
 0.801831 0.165746 0.0259853 0.00509844 0.00133901
 0.454124 0.442582 0.0863938 0.0135446 0.00335547
 0.428799 0.270294 0.243968 0.0476235 0.00931598
 0.724409 0.122932 0.0722386 0.0652028 0.0152176
 0.680719 0.23882 0.035891 0.0210907 0.0234794
 0.785479 0.155332 0.0442732 0.00665358 0.00826254
 0.785503 0.176108 0.027797 0.00792279 0.00266927
 0.64164 0.287183 0.0584379 0.00922388 0.00351476
 0.653406 0.228101 0.0949578 0.0193226 0.00421206
 0.629772 0.246463 0.0814528 0.0339085 0.00840402
 0.83368 0.106733 0.0396671 0.0131095 0.00681002
 0.698363 0.253944 0.0306067 0.0113749 0.0057121
 0.646166 0.248719 0.0884949 0.0106659 0.00595453
 0.739264 0.170112 0.0637022 0.0226654 0.00425685
 0.631925 0.274578 0.0610003 0.022843 0.00965407
 0.138419 0.551316 0.231452 0.0514195 0.027393
pobs_pel_tallas
 0 0 0 0 0 0 0 0 0 0 0 0 0 0 0 0 0 0 0 0 0 0 0 0 0 0 0 0 0 0 0 0 0 0 0 0
 0 0 0 0 0 0 0 0 0 0 0 0 0 0 0 0 0 0 0 0 0 0 0 0 0 0 0 0 0 0 0 0 0 0 0 0
 0 0 0 0 0 0 0 0 0 0 0 0 0 0 0 0 0 0 0 0 0 0 0 0 0 0 0 0 0 0 0 0 0 0 0 0
 0 0 0 0 0 0 0 0 0 0 0 0 0 0 0 0 0 0 0 0 0 0 0 0 0 0 0 0 0 0 0 0 0 0 0 0
 0 0 0 0 0 0 0 0 0 0 0 0 0 0 0 0 0 0 0 0 0 0 0 0 0 0 0 0 0 0 0 0 0 0 0 0
 0 0 0 0 0 0 0 0 0 0 0 0 0 0 0 0 0 0 0 0 0 0 0 0 0 0 0 0 0 0 0 0 0 0 0 0
 0 0 0 0 0 0 0 0 0 0 0 0 0 0 0 0 0 0 0 0 0 0 0 0 0 0 0 0 0 0 0 0 0 0 0 0
 0 0 0 0 0 0 0 0 0 0 0 0 0 0 0 0 0 0 0 0 0 0 0 0 0 0 0 0 0 0 0 0 0 0 0 0
 0 0 0 0 0 0 0 0 0 0 0 0 0 0 0 0 0 0 0 0 0 0 0 0 0 0 0 0 0 0 0 0 0 0 0 0
 0 0 0 0 0 0 0 0 0 0 0 0 0 0 0 0 0 0 0 0 0 0 0 0 0 0 0 0 0 0 0 0 0 0 0 0
 0 0 0 0 0 0 0 0 1.78061e-05 0.00172719 0.00360574 0.0105946 0.0120993 0.0124554 0.0147524 0.0171206 0.0266825 0.0428682 0.0675386 0.121331 0.153587 0.119568 0.100827 0.0573624 0.0630603 0.0341343 0.0324427 0.0444173 0.0211091 0.0280891 0.0125444 0.00206551 0 0 0 0
 0 0 0 0 0 0 0 0 0 0 0 0 0 0 0 0 0 0 0 0 0 0 0 0 0 0 0 0 0 0 0 0 0 0 0 0
 0 0 0 0 0 0 0.0133647 0.0140871 0.0187388 0.0205184 0.03894 0.0496705 0.03968 0.0493445 0.0407372 0.0367815 0.0215668 0.0243155 0.0234873 0.0199281 0.019796 0.0243948 0.0301388 0.0376714 0.0412746 0.0863199 0.0771752 0.113111 0.0741005 0.0525337 0.0229764 0.00759418 0.00175318 0 0 0
 0 0 0 0 0 0 0 0 0 0 0.00219441 0.00772107 0.0458388 0.0604681 0.0671733 0.0775358 0.0609151 0.0617685 0.073594 0.0568108 0.0755445 0.0548602 0.0670107 0.0636378 0.0643287 0.046367 0.0373049 0.0286899 0.0247887 0.0153202 0.00654259 0.00121912 0.000365735 0 0 0
 0 0 0 0 0 0 0 0 0 0 0 0 0.000112435 0.00938835 0.0111873 0.0202946 0.0414886 0.0713402 0.111592 0.104902 0.108894 0.110636 0.117776 0.105296 0.107544 0.0401394 0.0192827 0.0124803 0.00416011 0.0028671 0.000618394 0 0 0 0 0
 0 0 0 0 0 0 0 0 0 0 0.00291406 0.0102884 0.027416 0.0768956 0.0749926 0.110853 0.0956884 0.0897413 0.0766577 0.0534642 0.0500743 0.0551293 0.0594112 0.0620874 0.0668451 0.0424026 0.0208742 0.0120726 0.0048766 0.00582813 0.00118941 0.000297354 0 0 0 0
 0 0.00264628 0.0354308 0.0461629 0.0458689 0.0383711 0.0214643 0.0164657 0.0346957 0.0420465 0.0363128 0.0245516 0.0311673 0.0291091 0.0169068 0.0133784 0.00837989 0.0085269 0.0148486 0.0160247 0.0276389 0.0546898 0.0760071 0.122758 0.109233 0.0665981 0.0333725 0.0166128 0.00676272 0.00308733 0.000882094 0 0 0 0 0
 0 0 0 0 0 0 0 0.000805153 0.000690131 0.00759144 0.0133425 0.0154129 0.00931677 0.000345066 0.00356568 0.00563607 0.00851162 0.0253048 0.0502646 0.0516448 0.0657925 0.0565908 0.0611916 0.0827007 0.0866115 0.110766 0.145733 0.0935128 0.0569358 0.0249597 0.0138026 0.00621118 0.00161031 0.00115022 0 0
 0 0 0 0 0 0 0 0 0 0 0 0 0 0 0 0 0 0 0 0 0 0 0 0 0 0 0 0 0 0 0 0 0 0 0 0
 0.00147267 0.00158595 0.00478618 0.00569244 0.00954404 0.0108468 0.00647125 0.017049 0.0510054 0.094081 0.124002 0.0959785 0.0687766 0.0820023 0.061753 0.0591476 0.0492212 0.0479892 0.0443925 0.0268479 0.0217502 0.0140895 0.0121071 0.0120363 0.00920419 0.00665534 0.0049561 0.00860946 0.00930331 0.0156896 0.0114698 0.00855282 0.00243557 0.00046729 0 2.83206e-05
 0 0 0 0 0.000772559 0.00158375 0.000888443 0.00281984 0.00712685 0.0440552 0.0773331 0.111326 0.0921469 0.0852325 0.0710754 0.0886704 0.0786465 0.0553345 0.0373146 0.0185414 0.00753245 0.00457741 0.012979 0.0271748 0.0457355 0.0583668 0.034881 0.0177882 0.00938659 0.00492506 0.0015258 0.00185414 0.000309023 5.79419e-05 3.86279e-05 0
 0 0.00173294 0.00326652 0 0.00397197 0.00683976 0.00946217 0.0152591 0.00757587 0.0136028 0.0228656 0.0392903 0.0559909 0.0764795 0.0681675 0.0726916 0.0566044 0.0477403 0.0527397 0.0444891 0.0609904 0.0582453 0.0661739 0.0445044 0.0529084 0.0360697 0.0280645 0.0235558 0.0158879 0.00826598 0.00280645 0.00217768 0.000904811 0.00058276 9.20147e-05 0
 0 0 0 0 0 0 0 0 0 0 0 0 0 0 0 0 0 0 0 0 0 0 0 0 0 0 0 0 0 0 0 0 0 0 0 0
 0 0 0 0 0 0 0 0 0 0 0 0 0 0 0 0 0 0 0 0 0 0 0 0 0 0 0 0 0 0 0 0 0 0 0 0
 0 0 0 0 0 0 0 0 0 0 0 0 0 0 0 0 0 0 0 0 0 0 0 0 0 0 0 0 0 0 0 0 0 0 0 0
ppred_pel_tallas
 1.0324e-16 1.8913e-05 0.000110961 0.000527371 0.00203026 0.00633104 0.015992 0.0327241 0.0542526 0.0728864 0.079385 0.0701903 0.0506091 0.0302726 0.0160714 0.00943668 0.00844369 0.0107688 0.0149502 0.0202392 0.0261266 0.0320737 0.0374721 0.0417271 0.0443779 0.0451948 0.044219 0.0417295 0.0381558 0.0339671 0.0295771 0.0252883 0.0212824 0.0176431 0.0143938 0.0115311
 1.03349e-16 3.14632e-05 0.000184666 0.000877824 0.00337968 0.0105392 0.0266212 0.0544703 0.0902895 0.121253 0.13194 0.116362 0.0832554 0.048508 0.0233938 0.0100591 0.00506353 0.00436612 0.00550403 0.00741857 0.00970657 0.0121483 0.0145433 0.0166927 0.0184266 0.0196327 0.0202697 0.0203613 0.0199744 0.019194 0.0181008 0.0167624 0.0152344 0.0135681 0.0118188 0.0100486
 1.04266e-16 1.89668e-05 0.000111275 0.000528857 0.00203597 0.00634884 0.016037 0.0328164 0.0544065 0.0730956 0.0796196 0.0704133 0.0508036 0.0304557 0.0162882 0.00974499 0.00890171 0.0114263 0.0158387 0.0213585 0.0274303 0.0334609 0.0387902 0.0427902 0.0450003 0.0452312 0.0436026 0.0404953 0.0364423 0.0319943 0.027606 0.0235729 0.0200253 0.0169657 0.0143254 0.012017
 1.01377e-16 3.82555e-05 0.000224549 0.00106745 0.0041098 0.0128161 0.0323723 0.0662369 0.109791 0.147433 0.160402 0.141405 0.101045 0.0586128 0.0277776 0.0110988 0.00433923 0.00253866 0.00267859 0.00348462 0.00452553 0.0056384 0.00671561 0.00766041 0.00839308 0.00886362 0.0090583 0.00899611 0.00871794 0.00827288 0.00770679 0.00705652 0.00634987 0.00560905 0.00485488 0.00410926
 1.0063e-16 3.53359e-05 0.000207398 0.000985889 0.00379575 0.0118367 0.0298985 0.0611762 0.101406 0.136183 0.148188 0.130699 0.0935286 0.0545229 0.0263456 0.0114061 0.00583342 0.0050717 0.00632352 0.00835233 0.0106441 0.0128853 0.0147922 0.0161091 0.0166555 0.0163677 0.0153142 0.0136749 0.011694 0.00962266 0.00766865 0.00596747 0.0045775 0.00349444 0.00267515 0.00206146
 1.01639e-16 2.33149e-05 0.000136805 0.000650238 0.00250333 0.00780629 0.0197184 0.0403484 0.0668897 0.0898544 0.0978409 0.086449 0.0622022 0.0369456 0.0191337 0.0104784 0.00854933 0.0104303 0.0142888 0.0192072 0.0246097 0.0299313 0.0345582 0.0379089 0.0395575 0.0393312 0.0373462 0.0339669 0.0297069 0.0251053 0.0206196 0.0165624 0.0130899 0.0102295 0.00792706 0.00609338
 1.0182e-16 3.41128e-05 0.000200222 0.000951779 0.00366443 0.0114272 0.0288641 0.0590594 0.0978959 0.131466 0.143048 0.126147 0.0902315 0.0525212 0.0252317 0.0106784 0.0051175 0.00415292 0.00510133 0.00680591 0.00882719 0.0109328 0.0129195 0.0145933 0.0157973 0.0164407 0.0165118 0.0160701 0.0152218 0.0140895 0.0127853 0.0113971 0.00998606 0.00859354 0.00725041 0.00598384
 1.01149e-16 3.41759e-05 0.000200588 0.000953512 0.00367109 0.0114479 0.0289166 0.0591671 0.0980757 0.131712 0.143326 0.126417 0.0904782 0.0527731 0.0255537 0.0111563 0.00584368 0.00521598 0.00657227 0.00871796 0.0111528 0.0135655 0.0156695 0.0172031 0.0179764 0.0179146 0.0170731 0.0156179 0.0137799 0.0117985 0.00987322 0.00813592 0.00664706 0.00540997 0.00439393 0.00355616
 1.0074e-16 3.58365e-05 0.00021034 0.000999878 0.00384961 0.0120047 0.0303228 0.0620442 0.102844 0.138112 0.150281 0.13253 0.0948078 0.0552055 0.0265579 0.0112982 0.00549117 0.00451138 0.00552535 0.00729477 0.00932743 0.0113453 0.0131046 0.0143844 0.0150237 0.0149575 0.0142296 0.0129774 0.0113941 0.00968192 0.00801169 0.00649936 0.00520179 0.00412765 0.0032556 0.00255198
 1.00661e-16 3.4983e-05 0.000205327 0.000976042 0.00375783 0.0117185 0.0295999 0.0605651 0.100393 0.134823 0.146708 0.129394 0.0925959 0.0539815 0.0260887 0.0113037 0.0057959 0.00505704 0.00632047 0.00836524 0.0106857 0.0129741 0.0149504 0.0163595 0.0170176 0.0168533 0.0159231 0.0143927 0.0124927 0.0104631 0.00850639 0.00675855 0.00528469 0.0040916 0.00314946 0.00241311
 1.01993e-16 1.98327e-05 0.000116356 0.000553004 0.00212893 0.00663873 0.0167693 0.0343149 0.056891 0.0764341 0.0832571 0.073633 0.0531327 0.0318637 0.0170622 0.0102387 0.00938096 0.0120476 0.0166845 0.0224633 0.028786 0.0350096 0.0404196 0.0443369 0.0462645 0.0460016 0.0436856 0.039744 0.0347778 0.0294172 0.0241953 0.0194754 0.015437 0.0121092 0.00942668 0.007284
 1.05623e-16 1.87218e-05 0.000109848 0.000522102 0.00201001 0.00626791 0.0158324 0.0323968 0.0537072 0.0721453 0.078556 0.0694053 0.0499303 0.0296416 0.0153297 0.00837629 0.00684635 0.00842907 0.0117021 0.0159969 0.0209343 0.026146 0.0312072 0.0356788 0.0391844 0.0414775 0.0424738 0.0422384 0.0409413 0.0387982 0.0360214 0.032794 0.0292678 0.0255749 0.021842 0.018196
 1.04018e-16 3.16053e-05 0.000185501 0.000881795 0.00339497 0.0105869 0.0267416 0.0547166 0.0906978 0.121801 0.132535 0.116885 0.0836248 0.0487134 0.0234741 0.0100603 0.00501343 0.00427086 0.0053559 0.00720346 0.00940908 0.0117557 0.0140492 0.0161008 0.0177543 0.0189124 0.0195486 0.0196977 0.019432 0.0188333 0.0179703 0.0168908 0.0156251 0.0141985 0.012643 0.0110047
 1.0241e-16 2.97049e-05 0.000174333 0.000828678 0.00319042 0.00994899 0.0251305 0.0514209 0.0852383 0.11448 0.124597 0.109949 0.0788065 0.0461958 0.0228003 0.0106917 0.00666393 0.00692396 0.0091302 0.0122125 0.0156597 0.0190854 0.0221023 0.0243496 0.0255644 0.0256411 0.0246522 0.0228209 0.0204579 0.0178834 0.0153614 0.0130623 0.0110601 0.00935303 0.00789704 0.00663649
 1.01294e-16 3.42696e-05 0.000201139 0.000956135 0.00368119 0.0114795 0.0289962 0.0593298 0.098345 0.132072 0.143714 0.126751 0.0906995 0.0528659 0.0255314 0.011033 0.00561854 0.00487419 0.00609529 0.00809503 0.0103908 0.0126956 0.0147487 0.0163094 0.0171982 0.0173354 0.0167558 0.0155929 0.0140401 0.012302 0.0105532 0.0089138 0.00744629 0.0061667 0.00506334 0.00411402
 1.0085e-16 3.42714e-05 0.000201148 0.000956175 0.00368133 0.0114799 0.0289973 0.0593323 0.0983497 0.13208 0.143727 0.126773 0.0907379 0.0529337 0.0256487 0.0112268 0.00592185 0.00532214 0.00671831 0.00890948 0.0113887 0.0138367 0.0159581 0.0174824 0.0182143 0.0180773 0.0171301 0.0155466 0.013569 0.0114496 0.00939999 0.00756238 0.00600405 0.00473151 0.00371355 0.00290382
 1.01405e-16 2.80029e-05 0.000164336 0.000781143 0.00300738 0.00937817 0.0236887 0.0484713 0.0803507 0.107922 0.117473 0.103699 0.0744045 0.0437722 0.0218958 0.0107561 0.00735832 0.0081458 0.0109118 0.0146205 0.0187307 0.0227897 0.0263276 0.0289027 0.0301917 0.0300625 0.0286019 0.0260845 0.0228971 0.0194455 0.0160734 0.0130151 0.0103868 0.0082084 0.00643934 0.00501385
 1.02284e-16 2.85137e-05 0.00016734 0.000795434 0.00306242 0.00954985 0.0241222 0.049358 0.0818188 0.109888 0.1196 0.105543 0.0756551 0.0443626 0.0219232 0.0103305 0.00651381 0.00684137 0.00907659 0.0122041 0.0157443 0.0193331 0.0225983 0.0251829 0.0268114 0.0273473 0.026816 0.0253849 0.02331 0.0208695 0.0183062 0.0157954 0.0134396 0.0112835 0.00933756 0.007599
 1.02795e-16 2.74838e-05 0.000161292 0.000766678 0.0029517 0.00920455 0.0232501 0.0475736 0.0788617 0.105919 0.115286 0.101751 0.0729697 0.0428536 0.0212995 0.0102404 0.00672817 0.00727004 0.00971068 0.0130608 0.0168346 0.0206471 0.0241004 0.0268141 0.0284987 0.029017 0.0284075 0.0268608 0.0246601 0.022107 0.0194591 0.0168951 0.0145105 0.0123369 0.0103699 0.00859456
 1.01367e-16 3.63694e-05 0.000213472 0.00101477 0.00390698 0.0121836 0.0307747 0.0629685 0.104375 0.140164 0.152506 0.134472 0.0961523 0.0558987 0.026724 0.011083 0.00496822 0.00367807 0.0043418 0.00572495 0.00736967 0.00905156 0.010588 0.0118123 0.0125976 0.0128819 0.0126782 0.0120646 0.0111594 0.010089 0.00896187 0.0078539 0.00680661 0.00583537 0.00494137 0.00412191
 1.01176e-16 3.04749e-05 0.000178852 0.000850159 0.00327312 0.0102069 0.0257819 0.0527539 0.0874482 0.117449 0.127829 0.112806 0.0808616 0.0474162 0.0234313 0.0110339 0.00693566 0.00724331 0.00954897 0.0127441 0.0162885 0.0197663 0.0227596 0.0248819 0.0258551 0.0255746 0.0241323 0.0217864 0.0188935 0.0158224 0.0128807 0.0102723 0.00808994 0.00633625 0.00495807 0.00388038
 1.01983e-16 2.81988e-05 0.00016549 0.000786633 0.00302853 0.00944414 0.0238553 0.0488119 0.0809142 0.108675 0.118285 0.104395 0.0748591 0.04395 0.0218197 0.0104486 0.00680856 0.00731247 0.00974592 0.0130918 0.0168511 0.0206294 0.0240202 0.0266356 0.0281814 0.0285196 0.0276935 0.0259044 0.023451 0.0206545 0.0177928 0.0150634 0.0125766 0.0103724 0.00844759 0.0067809
 1.01938e-16 3.2255e-05 0.000189311 0.000899897 0.00346465 0.0108042 0.0272905 0.0558401 0.0925612 0.124307 0.135272 0.119321 0.0854162 0.0498551 0.0242067 0.0106837 0.00576924 0.00532152 0.00680169 0.00908996 0.0117172 0.0143865 0.0168171 0.018744 0.0199646 0.0203796 0.0200104 0.0189829 0.0174877 0.0157294 0.0138847 0.0120783 0.01038 0.00881692 0.00739248 0.00610233
 1.02192e-16 2.75787e-05 0.000161847 0.000769312 0.00296183 0.00923614 0.0233299 0.0477371 0.0791335 0.106286 0.115692 0.102123 0.0732653 0.043086 0.0215233 0.0105259 0.00714309 0.00787265 0.0105452 0.0141487 0.0181632 0.0221591 0.0256907 0.0283377 0.0297889 0.0299123 0.0287801 0.0266394 0.0238418 0.0207559 0.0176921 0.01486 0.0123626 0.0102178 0.00839297 0.00683778
 1.06512e-16 6.07119e-06 3.55528e-05 0.000168835 0.000649743 0.00202591 0.00511786 0.0104761 0.0173817 0.0233925 0.0255862 0.0228792 0.0170553 0.0113227 0.0080588 0.00792955 0.0105312 0.0152824 0.02176 0.029588 0.038251 0.047025 0.0550428 0.0614483 0.0655768 0.067095 0.0660576 0.0628571 0.058097 0.0524318 0.0464303 0.0404996 0.0348752 0.0296589 0.0248766 0.0205291
pSPR Fmed_Fpbrs
0.546701   0.349813 0.349813
Fs Fmed_Fpbrs
0.444019   1.005 1.005
SSBpbr Bo_Bmed_Bpbrs
910350  452171  272934 272934
Ro
30946
SPR SPRFo_SPRFmed_SPRFpbrs
636338 347886 222599
log_Ro
10.16
likeval ReclasPelacesDesembMPH_pf_preclas_ppelaces_ptallas_desvR_qrecl_qpela
 84.302 66.6046 0.0397162 0.000173822 322.159 191.344 79.1637 0 24.6678 2.02815e-05 0 0 0 0 0
q_reclas_q_pelaces
0.528261 1
M
0.7
N
 19042.7 21033.4 9220.06 1226.28 0.203392
 36159.8 9008.22 7510.98 3292.46 437.973
 6700.54 16625.2 2650.96 2210.35 1097.8
 27608.6 2730.39 2154.88 343.604 428.786
 58130.1 12670.7 793.717 626.418 224.532
 27665.7 28578.9 5878.26 368.224 394.775
 61358.4 12700.1 8321.94 1711.7 222.18
 76359.7 28664.1 4164.84 2729.08 634.192
 116214 33901.3 6651.59 966.463 780.455
 189628 51843.7 8127.95 1594.74 418.83
 62679.7 88846.3 17343.1 2719.02 673.595
 32426.3 28792.6 25988.4 5073.03 992.372
 48824.3 14994.8 8811.41 7953.21 1856.19
 22153.4 21431.2 3220.78 1892.63 2106.99
 14985.4 8908.68 2539.18 381.599 473.877
 16446.7 5918.85 934.236 266.279 89.7122
 11610.1 7401.59 1506.12 237.728 90.5861
 11743.1 5356.48 2229.89 453.751 98.9115
 10952.3 5515.93 1822.94 758.886 188.085
 30019.4 5160.78 1918 633.872 329.28
 34673.3 14020.7 1689.86 628.032 315.376
 38257.7 16842.1 5992.48 722.247 403.214
 67624.7 18475 6918.37 2461.58 462.315
 63045.6 32403.7 7198.82 2695.76 1139.3
 6337.58 30232.7 12692.2 2819.71 1502.16
pred_Ctot
 650.758 4330.16 1898.14 252.454 0.0418724
 1936.49 2719.25 2267.29 993.872 132.208
 874.491 9512.76 1516.85 1264.74 628.149
 1511.98 839.384 662.459 105.632 131.818
 416.876 601.703 37.6917 29.7471 10.6625
 1510.46 8763.84 1802.59 112.918 121.06
 2624.1 3176.49 2081.44 428.122 55.5704
 5856.48 11464.3 1665.74 1091.5 253.647
 8548.41 13140.6 2578.25 374.615 302.515
 7730.8 12446.1 1951.28 382.85 100.549
 3394.17 27063.6 5282.92 828.245 205.185
 1610.66 8168.73 7373.12 1439.26 281.545
 4104.79 6415.52 3769.96 3402.78 794.172
 3067.28 12692.1 1907.43 1120.86 1247.82
 2234.43 5499.06 1567.36 235.55 292.51
 1115.09 2155.75 340.265 96.9833 32.6747
 594.766 2154.23 438.357 69.1906 26.3651
 458.431 1238.72 515.676 104.933 22.8739
 403.797 1213.75 401.13 166.989 41.3872
 1288.39 1294.69 481.17 159.02 82.6068
 545.425 1416.99 170.783 63.4713 31.8731
 758.985 2115.93 752.856 90.7384 50.6572
 1709.14 2901.29 1086.46 386.564 72.6016
 1559.64 4990.12 1108.61 415.143 175.451
 168.221 4964.18 2084.05 462.994 246.653
F
 0.0485449 0.329746 0.329746 0.329746 0.329746
 0.0770277 0.523217 0.523217 0.523217 0.523217
 0.197743 1.34319 1.34319 1.34319 1.34319
 0.0788319 0.535473 0.535473 0.535473 0.535473
 0.0100161 0.0680354 0.0680354 0.0680354 0.0680354
 0.0785815 0.533772 0.533772 0.533772 0.533772
 0.0610861 0.414933 0.414933 0.414933 0.414933
 0.112003 0.760791 0.760791 0.760791 0.760791
 0.107197 0.728144 0.728144 0.728144 0.728144
 0.0581569 0.395036 0.395036 0.395036 0.395036
 0.0779172 0.529259 0.529259 0.529259 0.529259
 0.0712647 0.484072 0.484072 0.484072 0.484072
 0.123382 0.838081 0.838081 0.838081 0.838081
 0.210966 1.43301 1.43301 1.43301 1.43301
 0.228934 1.55505 1.55505 1.55505 1.55505
 0.0984313 0.668604 0.668604 0.668604 0.668604
 0.0735719 0.499744 0.499744 0.499744 0.499744
 0.0556274 0.377854 0.377854 0.377854 0.377854
 0.0524631 0.35636 0.35636 0.35636 0.35636
 0.0613088 0.416445 0.416445 0.416445 0.416445
 0.0220874 0.150031 0.150031 0.150031 0.150031
 0.0279277 0.189702 0.189702 0.189702 0.189702
 0.0357007 0.2425 0.2425 0.2425 0.2425
 0.0349323 0.237281 0.237281 0.237281 0.237281
 0.037524 0.254885 0.254885 0.254885 0.254885
YTP_r0W_actual
 1884.07 109212 68773.7 19029.1 10556.8
YTP_p0W_proyectada
 23564 31286 175084 95884.3 33703.7
 23564 122847 8291.23 41515.9 23532.5
CTP_r0_actual
 168.221 4964.18 2084.05 462.994 246.653
CTP_p0_proyectada
 2772.24 1461.96 5611.67 2355.88 724.81
 2772.24 5740.51 265.745 1020.05 506.075
Wmedp
 8.5 21.4 31.2 40.7 46.5
nmprior
 10.6 11 7 0
nm_flota  nm_reclas  nm_pelaces    nm_pelaL
inf 25.998 21.2682 53.2171
cv_recla  cv_pelaces  cv_mph
0.830508 0.925389 0.427751
 ------------------------------------------------
Talla a la edad & desviaci?n 
 7.2 14.2025 17.0495 18.207 18.6776
 1.08 2.13037 2.55742 2.73105 2.80164
