    unsorted:	 2.298703193e-06 -4.604202692e-07 6.791317404e-06 5.464561299e-05 0.0008999973686 0.007358318255 32.85942416 62.59467323 99.83550040 145.6114577 218.5303955 187.8017358 459.1744720 595.0011518 614.8798494 818.7276905 842.2385256 1017.535476 1133.080931 1369.865281 1336.110654 1580.298002 1731.385776 1982.067659 2398.616142 2271.389810 2700.707449 2904.054603 3511.817410 3732.456103 4113.949900 4289.225632 4503.487161 4906.247728 5243.022087 5686.955159 6039.765305 6207.656338 22638.70211 196471.2587 406069.3398 380495.2108 369715.2272 438335.3241 474239.1723 481829.6448 502538.1934 512447.8410 528220.0311 314826.3743 576233.5949 595823.7330 658124.6904 726374.9932 821591.2516 892770.5908 1062753.217 1108372.884 1351314.147 1643728.701 1863780.287 2113084.497 2292307.912 2647100.756 6732553.466
      sorted:	 -4.604202692e-07 2.298703193e-06 6.791317404e-06 5.464561299e-05 0.0008999973686 0.007358318255 32.85942416 62.59467323 99.83550040 145.6114577 187.8017358 218.5303955 459.1744720 595.0011518 614.8798494 818.7276905 842.2385256 1017.535476 1133.080931 1336.110654 1369.865281 1580.298002 1731.385776 1982.067659 2271.389810 2398.616142 2700.707449 2904.054603 3511.817410 3732.456103 4113.949900 4289.225632 4503.487161 4906.247728 5243.022087 5686.955159 6039.765305 6207.656338 22638.70211 196471.2587 314826.3743 369715.2272 380495.2108 406069.3398 438335.3241 474239.1723 481829.6448 502538.1934 512447.8410 528220.0311 576233.5949 595823.7330 658124.6904 726374.9932 821591.2516 892770.5908 1062753.217 1108372.884 1351314.147 1643728.701 1863780.287 2113084.497 2292307.912 2647100.756 6732553.466
