years
 1997 1998 1999 2000 2001 2002 2003 2004 2005 2006 2007 2008 2009 2010 2011 2012 2013 2014 2015 2016 2017 2018 2019 2020 2021
reclasobs
 0 0 0 370054 412103 1.49427e+06 250295 1.28982e+06 931140 785840 897777 1.04006e+06 184774 17550 25797 100020 73551 82996 120727 218422 84188 347160 605670 569463 516374
reclaspred
 523476 133573 356367 234937 362222 442719 960763 657100 739829 750728 624518 422471 261402 109510 65953.2 64848.5 79759.1 105868 113914 158739 237629 221963 378862 464804 530638
pelacesobs
 0 0 0 0 0 0 0 0 0 2.06254e+06 1.5e+06 0 1.87456e+06 323000 250000 174000 83755 137374 0 501740 490994 745055 786931 1.00524e+06 1.33801e+06
pelacespred
 2.08612e+06 464419 733681 769610 1.04582e+06 978621 2.63487e+06 2.09479e+06 2.16206e+06 2.19138e+06 1.55955e+06 1.09884e+06 683112 222413 140846 147538 190640 262637 280641 392569 673452 591577 795519 1.17074e+06 1.29836e+06
mphobs
 0 0 0 0 0 112323 0 153150 637223 0 255016 313432 73983 77613 109348 50772 0 0 0 0 0 0 0 0 0
mphpred
 210936 117839 130704 132223 142877 235232 336371 411207 352838 372815 386167 265129 163737 85877 36381.9 29482.6 34960.6 46434.4 57136.3 65989.4 100254 122122 151459 211839 280663
desembarqueobs
 350755 77701 442110 56441 14545 235359 269955 359681 431902 328805 639364 411747 362871 311530 167758 66681 60226 58785 57116 73181 50977 67692 138656 160484 209506
desembarquepred
 350766 77699.3 442087 56443.1 14545.3 235421 270004 359664 431931 328810 639315 411806 362976 311651 167604 66676.2 60247.8 58775.8 57101.5 73177 50978 67680.6 138656 160490 209505
Reclutas
 39577.4 48796.4 24745.2 36856.5 67327.9 47172.9 84106.1 81293.3 104768 122883 64260.2 44737.8 47411.7 25063.3 15097.8 14666.9 10832.7 12102.6 13769.5 22445.6 28631.2 36696.8 58050.8 66168.1 27210.8
log_desv_Rt
 0.0660146 0.275411 -0.403614 -0.00521372 0.59733 0.241575 0.819834 0.785818 1.0395 1.19899 0.550695 0.188573 0.246624 -0.390841 -0.897693 -0.92665 -1.22968 -1.11883 -0.989792 -0.50115 -0.257749 -0.00955532 0.449073 0.579953 -0.30863
SSB
 536246 299574 332279 336140 363226 598015 855132 1.04538e+06 896995 947780 981724 674019 416256 218319 92491.2 74951.4 88877.9 118047 145254 167760 254868 310462 385043 538544 713509
BT
 1.72726e+06 440890 742203 576767 718962 831338 1.98425e+06 1.81119e+06 1.86545e+06 1.79537e+06 1.61344e+06 1.11071e+06 814331 440595 233910 154646 177286 224684 235873 324093 496993 455798 626214 915862 1.02326e+06
Ftot
 0.592791 0.540334 0.907775 0.20256 0.0380012 0.36525 0.240395 0.455802 0.518143 0.383391 0.727378 0.692429 1.11736 2.04659 2.23936 0.918122 0.652972 0.46826 0.388617 0.403516 0.181944 0.233503 0.280771 0.276957 0.264276
BD_Bspro_t
 0.928358 0.683196 0.609755 0.432653 0.579615 0.745431 0.694471 0.709007 0.642734 0.61058 0.589911 0.424476 0.31641 0.217209 0.117052 0.116791 0.181744 0.295424 0.39697 0.49237 0.621404 0.723686 0.732632 0.737037 0.734968
BD_Bspro
 0.703888 0.393227 0.436156 0.441225 0.476778 0.784967 1.12246 1.37219 1.17741 1.24408 1.28863 0.884732 0.546386 0.28657 0.121406 0.0983828 0.116663 0.154951 0.190663 0.220205 0.334545 0.407519 0.505416 0.706904 0.936567
BD_Bo
 0.579328 0.323641 0.358974 0.363146 0.392407 0.646059 0.923833 1.12937 0.969059 1.02392 1.06059 0.728169 0.449698 0.235859 0.0999219 0.080973 0.0960183 0.127531 0.156923 0.181238 0.275344 0.335405 0.415978 0.58181 0.770832
BD_Brms
 1.95985 1.09487 1.2144 1.22851 1.3275 2.1856 3.1253 3.82062 3.2783 3.46391 3.58797 2.46338 1.52132 0.797903 0.338033 0.27393 0.324827 0.431433 0.530867 0.613123 0.93148 1.13467 1.40724 1.96825 2.60771
S_f
 0.160638 1 1 1 1
 0.160638 1 1 1 1
 0.160638 1 1 1 1
 0.160638 1 1 1 1
 0.160638 1 1 1 1
 0.160638 1 1 1 1
 0.160638 1 1 1 1
 0.160638 1 1 1 1
 0.160638 1 1 1 1
 0.160638 1 1 1 1
 0.160638 1 1 1 1
 0.160638 1 1 1 1
 0.160638 1 1 1 1
 0.160638 1 1 1 1
 0.160638 1 1 1 1
 0.160638 1 1 1 1
 0.160638 1 1 1 1
 0.160638 1 1 1 1
 0.160638 1 1 1 1
 0.160638 1 1 1 1
 0.160638 1 1 1 1
 0.160638 1 1 1 1
 0.160638 1 1 1 1
 0.160638 1 1 1 1
 0.160638 1 1 1 1
Scru_reclas
 0.773151 1 1 1 1
 0.773151 1 1 1 1
 0.773151 1 1 1 1
 0.773151 1 1 1 1
 0.773151 1 1 1 1
 0.773151 1 1 1 1
 0.773151 1 1 1 1
 0.773151 1 1 1 1
 0.773151 1 1 1 1
 0.773151 1 1 1 1
 0.773151 1 1 1 1
 0.773151 1 1 1 1
 0.773151 1 1 1 1
 0.773151 1 1 1 1
 0.773151 1 1 1 1
 0.773151 1 1 1 1
 0.773151 1 1 1 1
 0.773151 1 1 1 1
 0.773151 1 1 1 1
 0.773151 1 1 1 1
 0.773151 1 1 1 1
 0.773151 1 1 1 1
 0.773151 1 1 1 1
 0.773151 1 1 1 1
 0.773151 1 1 1 1
Scru_pelaces
 0.917224 1 1 1 1
 0.917224 1 1 1 1
 0.917224 1 1 1 1
 0.917224 1 1 1 1
 0.917224 1 1 1 1
 0.917224 1 1 1 1
 0.917224 1 1 1 1
 0.917224 1 1 1 1
 0.917224 1 1 1 1
 0.917224 1 1 1 1
 0.917224 1 1 1 1
 0.917224 1 1 1 1
 0.917224 1 1 1 1
 0.917224 1 1 1 1
 0.917224 1 1 1 1
 0.917224 1 1 1 1
 0.917224 1 1 1 1
 0.917224 1 1 1 1
 0.917224 1 1 1 1
 0.917224 1 1 1 1
 0.917224 1 1 1 1
 0.917224 1 1 1 1
 0.917224 1 1 1 1
 0.917224 1 1 1 1
 0.917224 1 1 1 1
pf_obs 
 0.256992 0.487395 0.22802 0.0275931 0
 0.321318 0.546541 0.124235 0.00734118 0.000564706
 0.182869 0.594174 0.210203 0.0122559 0.00049798
 0.330522 0.361315 0.267642 0.0388342 0.00168674
 0.649043 0.306663 0.0425973 0.00169635 0
 0.582887 0.30429 0.105238 0.00758474 0
 0.465427 0.430635 0.0974691 0.00646863 0
 0.296916 0.608066 0.0921331 0.00288517 0
 0.311714 0.524322 0.152257 0.0117073 0
 0.15457 0.633149 0.183074 0.0267441 0.00246327
 0.131901 0.49318 0.331252 0.0422183 0.00144891
 0.196976 0.569456 0.194076 0.0375587 0.00193317
 0.518974 0.381816 0.0799577 0.0180837 0.00116848
 0.0928022 0.601141 0.25162 0.0475244 0.00691264
 0.122501 0.610282 0.24278 0.0234846 0.000952079
 0.383417 0.481906 0.127806 0.00687128 0
 0.0376549 0.599619 0.316969 0.0457579 0
 0.0361596 0.667082 0.258105 0.0386534 0
 0.158088 0.579412 0.248529 0.0139706 0
 0.0477256 0.309471 0.559284 0.082774 0.000745712
 0.0406174 0.521527 0.379366 0.0568643 0.0016247
 0.151134 0.462217 0.34131 0.0453401 0
 0.294876 0.26143 0.354403 0.0886775 0.000613685
 0.281977 0.475581 0.204845 0.0348837 0.00271318
 0.0841818 0.532909 0.334909 0.0458182 0.00218182
pf_pred 
 0.308466 0.485611 0.183908 0.022006 9.61046e-06
 0.294593 0.555819 0.105044 0.0397815 0.00476225
 0.157835 0.650179 0.151274 0.028589 0.0121232
 0.280007 0.466676 0.195569 0.0455019 0.0122459
 0.310458 0.501459 0.121909 0.0510881 0.0150854
 0.161327 0.621022 0.158284 0.0384802 0.0208874
 0.281822 0.422422 0.219001 0.0558182 0.0209358
 0.218558 0.572507 0.122893 0.0637129 0.0223296
 0.269241 0.500447 0.168733 0.0362199 0.025359
 0.260974 0.55213 0.127993 0.0431546 0.0157492
 0.143504 0.621569 0.175515 0.0406872 0.0187248
 0.161481 0.502661 0.243736 0.0688247 0.0232972
 0.25781 0.466191 0.165451 0.0802259 0.030322
 0.229221 0.611106 0.100295 0.0355947 0.023783
 0.305508 0.589708 0.0830774 0.0136347 0.00807216
 0.356421 0.581544 0.0526754 0.00742086 0.00193896
 0.226852 0.653728 0.107909 0.00977421 0.00173677
 0.253181 0.534731 0.179329 0.0296013 0.00315766
 0.248586 0.545572 0.147386 0.0494278 0.00902921
 0.315972 0.487757 0.142504 0.0384974 0.0152691
 0.267815 0.569328 0.116128 0.0339282 0.012801
 0.24878 0.535522 0.167721 0.0342107 0.0137662
 0.290747 0.494634 0.152995 0.0479168 0.0137067
 0.240964 0.56538 0.135056 0.0417742 0.0168258
 0.0958528 0.626519 0.206795 0.0493987 0.0214337
pobs_RECLAS
 0 0 0 0 0
 0 0 0 0 0
 0 0 0 0 0
 0 0 0 0 0
 0.835266 0.146461 0.0176864 0.000547809 3.91292e-05
 0.385257 0.428462 0.181853 0.0044286 0
 0.867414 0.0963971 0.0333333 0.00285562 0
 0.441836 0.489002 0.0689373 0.000224442 0
 0.779404 0.147425 0.0564933 0.0165055 0.000172143
 0.814271 0.122319 0.05973 0.00367925 0
 0.40263 0.566651 0.0304383 0.000280538 0
 0.475488 0.404961 0.113038 0.00651328 0
 0.955842 0.0263864 0.0167828 0.000988607 0
 0.975058 0.0227948 0.00214734 0 0
 0.738997 0.206755 0.0527124 0.00153531 0
 0.850938 0.134255 0.0134407 0.00136685 0
 0.542534 0.407297 0.0501686 0 0
 0.764087 0.199537 0.0359546 0.000420521 0
 0.470689 0.182191 0.310203 0.0369168 0
 0.84361 0.089868 0.0606195 0.00523954 0.000663233
 0.607945 0.314616 0.071237 0.00620181 0
 0.523733 0.453247 0.0230204 0 0
 0.530135 0.295979 0.169645 0.0042399 0
 0.562478 0.366248 0.0663022 0.0049721 0
 0.250443 0.683176 0.0655157 0.000865301 0
ppred_RECLAS
 0.691363 0.216732 0.0820794 0.00982145 4.28922e-06
 0.676072 0.255237 0.0482369 0.018268 0.00218686
 0.493185 0.391278 0.0910365 0.0172049 0.00729573
 0.65438 0.22402 0.0938793 0.0218424 0.00587844
 0.684654 0.229331 0.0557523 0.023364 0.00689895
 0.486479 0.380253 0.0969172 0.0235615 0.0127894
 0.656972 0.201764 0.104603 0.0266608 0.0099997
 0.58115 0.306862 0.0658702 0.0341499 0.0119686
 0.647597 0.241337 0.0813703 0.0174668 0.0122292
 0.635246 0.272509 0.063172 0.0212994 0.00777318
 0.460254 0.3917 0.110606 0.0256402 0.0118
 0.49408 0.30328 0.147058 0.0415253 0.0140564
 0.649292 0.22029 0.0781808 0.0379093 0.0143281
 0.648289 0.278851 0.0457652 0.016242 0.0108523
 0.739021 0.221602 0.0312191 0.00512371 0.00303338
 0.742203 0.232948 0.0211001 0.00297256 0.000776685
 0.597111 0.340659 0.0562315 0.00509337 0.000905033
 0.627363 0.266812 0.0894791 0.01477 0.00157557
 0.620094 0.275835 0.0745164 0.0249901 0.00456506
 0.695287 0.21728 0.0634812 0.0171494 0.00680189
 0.640083 0.279862 0.0570845 0.016678 0.00629255
 0.617672 0.27255 0.0853605 0.0174113 0.00700621
 0.667367 0.231979 0.0717533 0.0224726 0.00642831
 0.60835 0.291726 0.0696867 0.0215547 0.00868184
 0.341352 0.456403 0.150645 0.0359857 0.0156139
pobs_PELACES
 0 0 0 0 0
 0 0 0 0 0
 0 0 0 0 0
 0 0 0 0 0
 0 0 0 0 0
 0 0 0 0 0
 0 0 0 0 0
 0 0 0 0 0
 0 0 0 0 0
 0 0 0 0 0
 0.450072 0.473896 0.0757376 0.000293798 0
 0 0 0 0 0
 0.463077 0.371075 0.160297 0.00555027 0
 0.529543 0.364841 0.0842815 0.0213345 0
 0.631943 0.363953 0.00410389 0 0
 0.735681 0.248677 0.0153453 0.000297389 0
 0.695825 0.281241 0.0229344 0 0
 0.275771 0.60734 0.115278 0.00161068 0
 0 0 0 0 0
 0.896147 0.0623911 0.0374545 0.00400742 0
 0.803859 0.145111 0.0509908 3.86294e-05 0
 0.739449 0.233085 0.0266225 0.000797448 4.60066e-05
 0.878498 0.100942 0.0204185 0.000141795 0
 0.694673 0.275183 0.0284847 0.00165964 0
 0.469039 0.446079 0.0841089 0.000773354 0
ppred_PELACES
 0.757968 0.16996 0.0643663 0.00770193 3.36359e-06
 0.741987 0.203299 0.0384213 0.0145507 0.00174186
 0.597501 0.310743 0.0722989 0.0136637 0.00579408
 0.703774 0.192004 0.0804627 0.0187208 0.00503833
 0.72245 0.201844 0.0490701 0.0205637 0.00607207
 0.554273 0.330052 0.0841224 0.0204509 0.011101
 0.708331 0.171556 0.0889416 0.0226691 0.00850251
 0.65127 0.25549 0.0548429 0.0284328 0.00996492
 0.715631 0.194745 0.0656612 0.0140947 0.00986828
 0.696749 0.22656 0.0525204 0.017708 0.00646252
 0.553058 0.324351 0.0915883 0.0212317 0.00977108
 0.583946 0.249409 0.120936 0.0341493 0.0115596
 0.749567 0.157305 0.0558273 0.0270702 0.0102314
 0.794013 0.163315 0.0268034 0.00951249 0.00635587
 0.862005 0.117174 0.0165074 0.00270921 0.00160393
 0.81497 0.167194 0.0151442 0.0021335 0.000557452
 0.678129 0.272156 0.0449238 0.00406913 0.000723038
 0.694555 0.218702 0.0733447 0.0121068 0.00129147
 0.683189 0.230024 0.0621407 0.0208397 0.00380689
 0.751682 0.177067 0.0517324 0.0139755 0.00554303
 0.689332 0.241568 0.0492734 0.0143958 0.00543151
 0.671557 0.234137 0.0733299 0.0149574 0.00601876
 0.720098 0.195204 0.0603785 0.0189101 0.00540926
 0.665516 0.249145 0.0595151 0.0184086 0.00741463
 0.398146 0.417048 0.137655 0.0328827 0.0142676
pobs_pel_tallas
 0 0 0 0 0 0 0 0 0 0 0 0 0 0 0 0 0 0 0 0 0 0 0 0 0 0 0 0 0 0 0 0 0 0 0 0
 0 0 0 0 0 0 0 0 0 0 0 0 0 0 0 0 0 0 0 0 0 0 0 0 0 0 0 0 0 0 0 0 0 0 0 0
 0 0 0 0 0 0 0 0 0 0 0 0 0 0 0 0 0 0 0 0 0 0 0 0 0 0 0 0 0 0 0 0 0 0 0 0
 0 0 0 0 0 0 0 0 0 0 0 0 0 0 0 0 0 0 0 0 0 0 0 0 0 0 0 0 0 0 0 0 0 0 0 0
 0 0 0 0 0 0 0 0 0 0 0 0 0 0 0 0 0 0 0 0 0 0 0 0 0 0 0 0 0 0 0 0 0 0 0 0
 0 0 0 0 0 0 0 0 0 0 0 0 0 0 0 0 0 0 0 0 0 0 0 0 0 0 0 0 0 0 0 0 0 0 0 0
 0 0 0 0 0 0 0 0 0 0 0 0 0 0 0 0 0 0 0 0 0 0 0 0 0 0 0 0 0 0 0 0 0 0 0 0
 0 0 0 0 0 0 0 0 0 0 0 0 0 0 0 0 0 0 0 0 0 0 0 0 0 0 0 0 0 0 0 0 0 0 0 0
 0 0 0 0 0 0 0 0 0 0 0 0 0 0 0 0 0 0 0 0 0 0 0 0 0 0 0 0 0 0 0 0 0 0 0 0
 0 0 0 0 0 0 0 0 0 0 0 0 0 0 0 0 0 0 0 0 0 0 0 0 0 0 0 0 0 0 0 0 0 0 0 0
 0 0 0 0 0 0 0 0 1.78061e-05 0.00172719 0.00360574 0.0105946 0.0120993 0.0124554 0.0147524 0.0171206 0.0266825 0.0428682 0.0675386 0.121331 0.153587 0.119568 0.100827 0.0573624 0.0630603 0.0341343 0.0324427 0.0444173 0.0211091 0.0280891 0.0125444 0.00206551 0 0 0 0
 0 0 0 0 0 0 0 0 0 0 0 0 0 0 0 0 0 0 0 0 0 0 0 0 0 0 0 0 0 0 0 0 0 0 0 0
 0 0 0 0 0 0 0.0133647 0.0140871 0.0187388 0.0205184 0.03894 0.0496705 0.03968 0.0493445 0.0407372 0.0367815 0.0215668 0.0243155 0.0234873 0.0199281 0.019796 0.0243948 0.0301388 0.0376714 0.0412746 0.0863199 0.0771752 0.113111 0.0741005 0.0525337 0.0229764 0.00759418 0.00175318 0 0 0
 0 0 0 0 0 0 0 0 0 0 0.00219441 0.00772107 0.0458388 0.0604681 0.0671733 0.0775358 0.0609151 0.0617685 0.073594 0.0568108 0.0755445 0.0548602 0.0670107 0.0636378 0.0643287 0.046367 0.0373049 0.0286899 0.0247887 0.0153202 0.00654259 0.00121912 0.000365735 0 0 0
 0 0 0 0 0 0 0 0 0 0 0 0 0.000112435 0.00938835 0.0111873 0.0202946 0.0414886 0.0713402 0.111592 0.104902 0.108894 0.110636 0.117776 0.105296 0.107544 0.0401394 0.0192827 0.0124803 0.00416011 0.0028671 0.000618394 0 0 0 0 0
 0 0 0 0 0 0 0 0 0 0 0.00291406 0.0102884 0.027416 0.0768956 0.0749926 0.110853 0.0956884 0.0897413 0.0766577 0.0534642 0.0500743 0.0551293 0.0594112 0.0620874 0.0668451 0.0424026 0.0208742 0.0120726 0.0048766 0.00582813 0.00118941 0.000297354 0 0 0 0
 0 0.00264628 0.0354308 0.0461629 0.0458689 0.0383711 0.0214643 0.0164657 0.0346957 0.0420465 0.0363128 0.0245516 0.0311673 0.0291091 0.0169068 0.0133784 0.00837989 0.0085269 0.0148486 0.0160247 0.0276389 0.0546898 0.0760071 0.122758 0.109233 0.0665981 0.0333725 0.0166128 0.00676272 0.00308733 0.000882094 0 0 0 0 0
 0 0 0 0 0 0 0 0.000805153 0.000690131 0.00759144 0.0133425 0.0154129 0.00931677 0.000345066 0.00356568 0.00563607 0.00851162 0.0253048 0.0502646 0.0516448 0.0657925 0.0565908 0.0611916 0.0827007 0.0866115 0.110766 0.145733 0.0935128 0.0569358 0.0249597 0.0138026 0.00621118 0.00161031 0.00115022 0 0
 0 0 0 0 0 0 0 0 0 0 0 0 0 0 0 0 0 0 0 0 0 0 0 0 0 0 0 0 0 0 0 0 0 0 0 0
 0.00147267 0.00158595 0.00478618 0.00569244 0.00954404 0.0108468 0.00647125 0.017049 0.0510054 0.094081 0.124002 0.0959785 0.0687766 0.0820023 0.061753 0.0591476 0.0492212 0.0479892 0.0443925 0.0268479 0.0217502 0.0140895 0.0121071 0.0120363 0.00920419 0.00665534 0.0049561 0.00860946 0.00930331 0.0156896 0.0114698 0.00855282 0.00243557 0.00046729 0 2.83206e-05
 0 0 0 0 0.000772559 0.00158375 0.000888443 0.00281984 0.00712685 0.0440552 0.0773331 0.111326 0.0921469 0.0852325 0.0710754 0.0886704 0.0786465 0.0553345 0.0373146 0.0185414 0.00753245 0.00457741 0.012979 0.0271748 0.0457355 0.0583668 0.034881 0.0177882 0.00938659 0.00492506 0.0015258 0.00185414 0.000309023 5.79419e-05 3.86279e-05 0
 0 0.00173294 0.00326652 0 0.00397197 0.00683976 0.00946217 0.0152591 0.00757587 0.0136028 0.0228656 0.0392903 0.0559909 0.0764795 0.0681675 0.0726916 0.0566044 0.0477403 0.0527397 0.0444891 0.0609904 0.0582453 0.0661739 0.0445044 0.0529084 0.0360697 0.0280645 0.0235558 0.0158879 0.00826598 0.00280645 0.00217768 0.000904811 0.00058276 9.20147e-05 0
 0 0 0 0 0 0 0 0 0 0 0 0 0 0 0 0 0 0 0 0 0 0 0 0 0 0 0 0 0 0 0 0 0 0 0 0
 0 0 0 0 0 0 0 0 0 0 0 0 0 0 0 0 0 0 0 0 0 0 0 0 0 0 0 0 0 0 0 0 0 0 0 0
 0 0 0 0 0 0 0 0 0 0 0 0 0 0 0 0 0 0 0 0 0 0 0 0 0 0 0 0 0 0 0 0 0 0 0 0
ppred_pel_tallas
 1.01234e-16 3.30706e-05 0.000194099 0.000922662 0.0035523 0.0110775 0.0279809 0.0572527 0.0949026 0.127451 0.138691 0.122334 0.0875661 0.0510953 0.0247812 0.0108895 0.00581034 0.00529368 0.00673318 0.00897876 0.0115492 0.0141418 0.0164719 0.0182724 0.0193403 0.0195791 0.0190162 0.0177871 0.0160946 0.0141582 0.0121693 0.0102654 0.00852568 0.00698143 0.00563428 0.0044726
 1.01194e-16 3.23751e-05 0.000190013 0.000903227 0.00347746 0.0108441 0.0273915 0.0560468 0.0929048 0.124771 0.135783 0.119788 0.085786 0.0501414 0.0244763 0.0110226 0.00625917 0.0060322 0.00778554 0.0103724 0.0132831 0.0161681 0.0186904 0.0205378 0.0214823 0.0214306 0.020444 0.0187149 0.0165144 0.0141259 0.0117882 0.00966245 0.00782707 0.0062934 0.0050319 0.00399701
 1.01868e-16 2.60792e-05 0.00015304 0.000727435 0.00280058 0.00873327 0.0220598 0.0451386 0.0748275 0.100507 0.109414 0.0966105 0.0693747 0.0409269 0.0206839 0.0105111 0.00764105 0.00877814 0.0118719 0.0159439 0.020455 0.024928 0.0288576 0.0317656 0.0332988 0.0333079 0.031878 0.0292949 0.0259657 0.0223188 0.0187179 0.0154121 0.0125276 0.0100902 0.00806416 0.00638861
 1.02084e-16 3.07084e-05 0.000180229 0.000856716 0.00329838 0.0102857 0.0259809 0.0531606 0.0881206 0.118347 0.128793 0.113624 0.081378 0.0475786 0.023252 0.0105199 0.00604925 0.00590911 0.00768613 0.0103052 0.0132953 0.0163348 0.0191084 0.0213155 0.0227239 0.0232179 0.0228173 0.0216605 0.0199597 0.0179457 0.0158196 0.0137262 0.0117498 0.00992752 0.00826894 0.00677364
 1.01753e-16 3.15231e-05 0.000185011 0.00087945 0.00338591 0.0105586 0.0266703 0.0545713 0.0904591 0.121487 0.132211 0.11664 0.0835388 0.0488431 0.0238713 0.0107999 0.00620492 0.00604626 0.00783927 0.0104704 0.0134446 0.0164203 0.0190656 0.0210703 0.022204 0.0223662 0.0216056 0.0200983 0.018097 0.0158675 0.0136342 0.0115492 0.00968866 0.00806834 0.0066687 0.00545805
 1.02524e-16 2.41951e-05 0.000141977 0.000674835 0.00259805 0.00810169 0.0204644 0.0418746 0.069418 0.0932453 0.101519 0.0896647 0.0644419 0.0381273 0.0194738 0.0102323 0.00785676 0.00930614 0.0126836 0.0170693 0.0219301 0.0267712 0.0310598 0.0342885 0.0360796 0.0362688 0.0349373 0.0323766 0.0290056 0.0252657 0.0215317 0.0180603 0.0149821 0.0123266 0.0100626 0.00813559
 1.02495e-16 3.09063e-05 0.000181392 0.000862253 0.00331971 0.0103522 0.0261488 0.0535041 0.0886894 0.119109 0.129617 0.11434 0.0818661 0.047814 0.0232744 0.0103744 0.00575214 0.00544737 0.00703436 0.00944405 0.0122262 0.0150901 0.0177548 0.0199502 0.0214627 0.022177 0.0220942 0.0213177 0.0200158 0.0183751 0.0165607 0.0146942 0.0128516 0.0110746 0.00938677 0.00780652
 1.02305e-16 2.84215e-05 0.000166797 0.000792846 0.00305245 0.00951874 0.0240437 0.0491974 0.0815534 0.109534 0.11922 0.105222 0.0754539 0.0443035 0.0220026 0.0105469 0.00688312 0.0073934 0.00984127 0.0131951 0.0169443 0.0206841 0.0239999 0.0265016 0.0279007 0.0280738 0.0270868 0.0251669 0.022637 0.019835 0.0170439 0.0144534 0.0121551 0.0101628 0.00844606 0.0069598
 1.01942e-16 3.12255e-05 0.000183264 0.000871147 0.00335395 0.010459 0.0264185 0.0540561 0.089605 0.12034 0.130961 0.115536 0.082744 0.0483705 0.0236261 0.0106661 0.00609883 0.00592367 0.00768291 0.0102795 0.0132312 0.016209 0.0188927 0.02098 0.0222422 0.0225719 0.0220028 0.0206902 0.0188638 0.016769 0.0146164 0.0125529 0.0106578 0.00895741 0.00744653 0.00610912
 1.0173e-16 3.04034e-05 0.000178435 0.000848182 0.00326552 0.0101832 0.025722 0.0526312 0.087244 0.117172 0.127523 0.112522 0.0806294 0.0472222 0.0232287 0.0107623 0.00653445 0.00665864 0.00873898 0.0116882 0.0149994 0.0182995 0.021217 0.0234037 0.0246022 0.0247022 0.0237624 0.0219862 0.0196634 0.0170985 0.0145492 0.01219 0.0101082 0.00832064 0.00680223 0.00551252
 1.02592e-16 2.41419e-05 0.000141665 0.000673353 0.00259235 0.0080839 0.0204195 0.0417826 0.0692654 0.09304 0.101294 0.0894641 0.0642928 0.0380293 0.0194059 0.0101684 0.00777518 0.00919202 0.0125279 0.0168692 0.0216902 0.0265051 0.0307905 0.0340463 0.0358977 0.0361778 0.0349591 0.0325201 0.0292644 0.0256196 0.0219507 0.0185096 0.0154277 0.0127403 0.0104242 0.00843445
 1.03512e-16 2.54858e-05 0.000149562 0.000710909 0.00273697 0.00853493 0.0215587 0.0441129 0.0731258 0.0982173 0.10691 0.0943738 0.067712 0.0398331 0.0199243 0.00979215 0.00671871 0.00748052 0.0100899 0.0136322 0.0176491 0.0217631 0.0255742 0.0286923 0.0308101 0.031765 0.0315649 0.0303671 0.0284234 0.0260102 0.0233707 0.0206818 0.0180513 0.0155345 0.0131589 0.0109443
 1.02253e-16 3.27037e-05 0.000191946 0.00091243 0.00351291 0.0109547 0.0276707 0.0566177 0.0938498 0.126036 0.13715 0.120968 0.0865765 0.0504934 0.0244439 0.0106647 0.00558277 0.00499402 0.00632386 0.00844339 0.0108914 0.0133888 0.0156768 0.0175125 0.0187101 0.0191781 0.0189351 0.0180941 0.0168255 0.0153115 0.0137067 0.0121176 0.0106011 0.00917719 0.0078467 0.00660708
 1.01058e-16 3.4642e-05 0.000203325 0.000966526 0.00372119 0.0116042 0.0293113 0.0599746 0.0994139 0.133508 0.145278 0.128132 0.0916929 0.0534549 0.0258339 0.0111934 0.00574053 0.00501201 0.00626979 0.00830721 0.0106266 0.0129263 0.0149325 0.016395 0.0171324 0.0170725 0.0162672 0.014874 0.0131129 0.0112122 0.00936334 0.00769343 0.00626194 0.00507372 0.00410066 0.00330248
 1.00441e-16 3.76049e-05 0.000220724 0.00104925 0.00403972 0.0125976 0.0318203 0.0651079 0.107921 0.144927 0.157689 0.139044 0.0994243 0.0578071 0.0276472 0.0114821 0.00516622 0.00383365 0.00450805 0.00590099 0.00752362 0.00912707 0.0105076 0.0114845 0.0119284 0.01179 0.0111111 0.0100105 0.00865316 0.00721043 0.00582618 0.0045968 0.00356765 0.0027422 0.00209756 0.00159985
 1.00369e-16 3.5556e-05 0.000208691 0.000992033 0.0038194 0.0119105 0.0300849 0.0615575 0.102038 0.137031 0.149111 0.131512 0.0941076 0.0548553 0.0264967 0.0114551 0.00583463 0.00505026 0.00628687 0.00830065 0.0105755 0.0127977 0.0146836 0.0159772 0.0164973 0.016179 0.0150896 0.0134081 0.0113791 0.00925574 0.00724934 0.00550027 0.00407228 0.00296585 0.00214115 0.00154113
 1.00901e-16 2.95934e-05 0.000173675 0.000825543 0.00317834 0.0099113 0.0250353 0.0512264 0.0849169 0.114051 0.124138 0.109563 0.0785702 0.0461388 0.0229232 0.0110011 0.00719121 0.00772171 0.0102558 0.013707 0.0175277 0.0212782 0.02451 0.0268052 0.027861 0.0275598 0.0259946 0.0234384 0.0202718 0.0168923 0.0136356 0.0107292 0.00828345 0.00631204 0.00476727 0.00357471
 1.01589e-16 3.03075e-05 0.000177873 0.000845509 0.00325523 0.0101511 0.0256409 0.0524653 0.0869688 0.116802 0.127119 0.112163 0.0803656 0.0470553 0.0231238 0.0106765 0.00643444 0.00652408 0.00856035 0.0114658 0.0147443 0.018035 0.0209774 0.0232306 0.024537 0.0247778 0.0239946 0.0223684 0.0201662 0.017674 0.0151391 0.0127366 0.0105632 0.00865248 0.0069988 0.00558
 1.01852e-16 2.98123e-05 0.000174964 0.000831681 0.00320198 0.00998506 0.0252215 0.0516072 0.0855469 0.114894 0.125045 0.110341 0.0790781 0.0463369 0.0228366 0.0106542 0.00657028 0.00677811 0.00893097 0.011962 0.0153694 0.0187784 0.0218123 0.0241164 0.0254255 0.0256222 0.0247584 0.0230323 0.0207302 0.018155 0.0155645 0.0131361 0.0109616 0.0090645 0.00742763 0.00601859
 1.01532e-16 3.27968e-05 0.000192491 0.000915014 0.00352285 0.0109857 0.027749 0.0567782 0.0941162 0.126396 0.137545 0.121327 0.0868547 0.0506992 0.0246244 0.0108802 0.00588967 0.00543921 0.00694307 0.00925609 0.0118927 0.0145416 0.0169088 0.0187201 0.0197701 0.0199662 0.0193456 0.0180574 0.0163185 0.0143592 0.0123758 0.0105042 0.00881551 0.00732965 0.00603593 0.00491247
 1.01527e-16 3.00806e-05 0.000176539 0.000839163 0.00323078 0.0100749 0.0254484 0.0520715 0.0863168 0.115929 0.126173 0.11134 0.0798034 0.04678 0.0230882 0.010826 0.00674663 0.0070086 0.0092401 0.0123562 0.0158373 0.019289 0.0223149 0.024544 0.0257045 0.0256839 0.024552 0.0225347 0.0199512 0.0171355 0.0143694 0.0118438 0.00965195 0.00780884 0.00628146 0.0050182
 1.01913e-16 2.93053e-05 0.000171987 0.000817527 0.00314748 0.0098151 0.0247923 0.0507289 0.0840913 0.11294 0.122921 0.108472 0.0777497 0.0455816 0.0225078 0.0105741 0.00662097 0.0069105 0.009138 0.0122535 0.0157581 0.0192735 0.0224165 0.024824 0.0262226 0.0264875 0.0256657 0.0239525 0.0216338 0.0190145 0.0163563 0.0138416 0.0115688 0.00956813 0.00782917 0.00632543
 1.01824e-16 3.14203e-05 0.000184408 0.000876584 0.00337488 0.0105242 0.0265834 0.0543935 0.0901642 0.121091 0.131778 0.116255 0.0832578 0.0486674 0.0237644 0.0107168 0.00611073 0.00591941 0.00766866 0.0102536 0.0131886 0.0161429 0.018795 0.0208428 0.0220585 0.0223373 0.0217164 0.0203556 0.0184889 0.0163657 0.0141988 0.0121361 0.0102561 0.00858264 0.00710753 0.00581115
 1.01906e-16 2.90425e-05 0.000170443 0.000810182 0.0031192 0.0097269 0.0245695 0.0502732 0.0833363 0.111927 0.121822 0.107511 0.0770807 0.0452282 0.022405 0.0106451 0.00682284 0.00723683 0.00960066 0.0128639 0.0165139 0.0201511 0.0233689 0.0257842 0.0271134 0.0272344 0.0262105 0.0242644 0.0217138 0.0188932 0.0160856 0.0134834 0.0111835 0.0092054 0.00752292 0.00609265
 1.03887e-16 1.73908e-05 0.000102022 0.000484865 0.00186659 0.00582063 0.0147028 0.0300866 0.0498819 0.0670207 0.0730125 0.0645944 0.0466581 0.0280768 0.0152109 0.0094056 0.00892027 0.0116379 0.0162143 0.0219312 0.0282575 0.0346062 0.0403122 0.0447311 0.0473738 0.0480123 0.0467216 0.043838 0.0398586 0.0353136 0.0306584 0.0262113 0.0221446 0.0185146 0.0153093 0.0124916
pSPR Fmed_Fpbrs
0.542241   0.345598 0.345598
Fs Fmed_Fpbrs
0.446539   1.005 1.005
SSBpbr Bo_Bmed_Bpbrs
925635  455636  273616 273616
Ro
37049.1
SPR SPRFo_SPRFmed_SPRFpbrs
761834 413098 263288
log_Ro
10.34
likeval ReclasPelacesDesembMPH_pf_preclas_ppelaces_ptallas_desvR_qrecl_qpela
 62.3162 15.8549 0.00736862 0.000210966 313.951 190.616 78.2317 0 15.8021 1.34434e-05 5.10581e-05 0 0 0 0
q_reclas_q_pelaces
0.594781 2.76375
M
0.7
N
 39577.4 12302 4658.92 557.477 0.243461
 48796.4 17868.4 3376.93 1278.89 153.096
 24745.2 22217 5169.11 976.905 414.256
 36856.5 10620.7 4450.8 1035.54 278.695
 67327.9 17716.4 4307.02 1804.93 532.963
 47172.9 33230.6 8469.66 2059.05 1117.67
 84106.1 22090.5 11452.6 2919 1094.83
 81293.3 40183.7 8625.75 4471.95 1567.29
 104768 37518.9 12650 2715.43 1901.18
 122883 47871 11097.3 3741.62 1365.5
 64260.2 57377 16201.8 3755.83 1728.48
 44737.8 28391.7 13766.9 3887.41 1315.89
 47411.7 19877.5 7054.5 3420.67 1292.87
 25063.3 19675.6 3229.17 1146.03 765.732
 15097.8 8958.87 1262.12 207.139 122.633
 14666.9 5232.17 473.922 66.7657 17.4449
 10832.7 6284.65 1037.38 93.9649 16.6965
 12102.6 4843.69 1624.4 268.134 28.6027
 13769.5 5574.48 1505.94 505.037 92.2575
 22445.6 6423.9 1876.82 507.022 201.098
 28631.2 10446.6 2130.83 622.548 234.885
 36696.8 13808.3 4324.65 882.114 354.958
 58050.8 17552.2 5429.06 1700.34 486.384
 66168.1 27555.9 6582.46 2036.02 820.069
 27210.8 31428.3 10373.5 2478 1075.19
pred_Ctot
 2599.57 4092.44 1549.86 185.454 0.0809913
 2932.19 5532.27 1045.54 395.96 47.4004
 2435.11 10031.1 2333.88 441.077 187.038
 850.188 1416.97 593.806 138.158 37.1824
 294.78 476.135 115.753 48.5081 14.3236
 1939.79 7467.16 1903.2 462.685 251.15
 2296.36 3442.01 1784.48 454.822 170.591
 4145.17 10858.2 2330.79 1208.38 423.504
 6046.35 11238.5 3789.24 813.39 569.488
 5297.25 11207.1 2598 875.953 319.678
 5130.78 22223.3 6275.28 1454.71 669.477
 3408.68 10610.6 5144.98 1452.81 491.777
 5660.53 10235.8 3632.68 1761.46 665.757
 5146.48 13720.6 2251.83 799.173 533.976
 3348.92 6464.28 910.681 149.462 88.4856
 1458.75 2380.12 215.588 30.3718 7.93569
 780.479 2249.13 371.257 33.6279 5.97529
 633.43 1337.83 448.66 74.0588 7.90011
 601.447 1320 356.596 119.589 21.8459
 1016.94 1569.82 458.644 123.902 49.1428
 594.095 1262.95 257.608 75.2633 28.3966
 973.688 2095.95 656.435 133.895 53.8788
 1845.92 3140.37 971.346 304.218 87.022
 2076.01 4871 1163.57 359.903 144.962
 815.372 5329.48 1759.1 420.21 182.326
F
 0.0952249 0.592791 0.592791 0.592791 0.592791
 0.0867984 0.540334 0.540334 0.540334 0.540334
 0.145823 0.907775 0.907775 0.907775 0.907775
 0.0325389 0.20256 0.20256 0.20256 0.20256
 0.00610445 0.0380012 0.0380012 0.0380012 0.0380012
 0.0586732 0.36525 0.36525 0.36525 0.36525
 0.0386166 0.240395 0.240395 0.240395 0.240395
 0.0732192 0.455802 0.455802 0.455802 0.455802
 0.0832336 0.518143 0.518143 0.518143 0.518143
 0.0615872 0.383391 0.383391 0.383391 0.383391
 0.116845 0.727378 0.727378 0.727378 0.727378
 0.111231 0.692429 0.692429 0.692429 0.692429
 0.179491 1.11736 1.11736 1.11736 1.11736
 0.328761 2.04659 2.04659 2.04659 2.04659
 0.359726 2.23936 2.23936 2.23936 2.23936
 0.147486 0.918122 0.918122 0.918122 0.918122
 0.104892 0.652972 0.652972 0.652972 0.652972
 0.0752206 0.46826 0.46826 0.46826 0.46826
 0.0624268 0.388617 0.388617 0.388617 0.388617
 0.0648202 0.403516 0.403516 0.403516 0.403516
 0.0292271 0.181944 0.181944 0.181944 0.181944
 0.0375095 0.233503 0.233503 0.233503 0.233503
 0.0451026 0.280771 0.280771 0.280771 0.280771
 0.0444898 0.276957 0.276957 0.276957 0.276957
 0.0424528 0.264276 0.264276 0.264276 0.264276
YTP_r0W_actual
 9132.16 117249 58050.4 17270.6 7803.56
YTP_p0W_proyectada
 25561.4 133668 180307 77635 29266.2
 25561.4 121192 35423.9 42754.2 19053.6
CTP_r0_actual
 815.372 5329.48 1759.1 420.21 182.326
CTP_p0_proyectada
 3007.22 6246.18 5779.05 1907.49 629.38
 3007.22 5663.18 1135.38 1050.47 409.756
Wmedp
 8.5 21.4 31.2 40.7 46.5
nmprior
 10.6 11 7 0
nm_flota  nm_reclas  nm_pelaces    nm_pelaL
inf 19.6035 17.3456 40.8268
cv_recla  cv_pelaces  cv_mph
0.714044 0.451496 0.471243
 ------------------------------------------------
Talla a la edad & desviaci?n 
 7.2 14.2025 17.0495 18.207 18.6776
 1.08 2.13037 2.55742 2.73105 2.80164
