    unsorted:	 2.238217736e-06 2.143240970e-06 1.382640116e-06 5.114447387e-05 4.425737692e-05 0.0008999970012 0.007105382281 85.02248987 60.64038649 126.6702181 197.8095487 211.4131737 464.8788588 626.6752119 637.9943902 847.3798084 881.7173927 1113.436079 1208.313340 1367.260234 1560.715967 1704.184763 1942.060677 2205.684249 2531.924028 2678.204935 2940.503840 3423.620657 3881.030400 4161.975632 4479.280557 4711.932235 5081.029783 5459.381071 5602.538682 6374.966232 6592.251622 7155.309428 18786.66139 196423.1203 346227.8201 321289.9199 361859.0247 391890.6113 412092.2577 452932.5524 459823.1966 477985.6089 485306.8044 519245.1807 540055.9436 555987.2351 625004.5210 643295.9268 770565.4355 856997.1420 993506.2706 1034575.945 1251335.161 1589639.269 1821070.064 2127339.889 2209747.048 2666786.398 8725886.813
      sorted:	 1.382640116e-06 2.143240970e-06 2.238217736e-06 4.425737692e-05 5.114447387e-05 0.0008999970012 0.007105382281 60.64038649 85.02248987 126.6702181 197.8095487 211.4131737 464.8788588 626.6752119 637.9943902 847.3798084 881.7173927 1113.436079 1208.313340 1367.260234 1560.715967 1704.184763 1942.060677 2205.684249 2531.924028 2678.204935 2940.503840 3423.620657 3881.030400 4161.975632 4479.280557 4711.932235 5081.029783 5459.381071 5602.538682 6374.966232 6592.251622 7155.309428 18786.66139 196423.1203 321289.9199 346227.8201 361859.0247 391890.6113 412092.2577 452932.5524 459823.1966 477985.6089 485306.8044 519245.1807 540055.9436 555987.2351 625004.5210 643295.9268 770565.4355 856997.1420 993506.2706 1034575.945 1251335.161 1589639.269 1821070.064 2127339.889 2209747.048 2666786.398 8725886.813
