    unsorted:	 0.004267281987 0.0008999979402 9.591936407 8.627175995 13.90811857 20.60626394 45.44286227 58.28800860 40.27755084 64.85842385 88.13692505 90.70326886 181.3062183 315.8059200 249.8276191 435.0859794 475.1638403 488.8507173 560.5825182 703.0603574 710.5129956 685.0466844 781.3826103 810.0924992 829.2540939 852.2760347 910.6307418 960.8327749 1126.154256 1188.630007 1266.333360 1435.817920 1586.159517 1953.711797 2086.498765 2170.254547 2333.522850 3126.470821 4065.067108 196107.9679 184999.6737 298935.7313 316586.5845 449927.0998 443747.8007 471717.9360 372386.4281 521896.0374 597488.0825 630162.0814 699536.9465 720170.0748 901708.5084 1037190.442 1140834.551 1344953.211 1465418.311 1622328.155 1769801.662 1842640.762 2124415.511 2175325.202 2499806.829 2416056.003 2624038.575
      sorted:	 0.0008999979402 0.004267281987 8.627175995 9.591936407 13.90811857 20.60626394 40.27755084 45.44286227 58.28800860 64.85842385 88.13692505 90.70326886 181.3062183 249.8276191 315.8059200 435.0859794 475.1638403 488.8507173 560.5825182 685.0466844 703.0603574 710.5129956 781.3826103 810.0924992 829.2540939 852.2760347 910.6307418 960.8327749 1126.154256 1188.630007 1266.333360 1435.817920 1586.159517 1953.711797 2086.498765 2170.254547 2333.522850 3126.470821 4065.067108 184999.6737 196107.9679 298935.7313 316586.5845 372386.4281 443747.8007 449927.0998 471717.9360 521896.0374 597488.0825 630162.0814 699536.9465 720170.0748 901708.5084 1037190.442 1140834.551 1344953.211 1465418.311 1622328.155 1769801.662 1842640.762 2124415.511 2175325.202 2416056.003 2499806.829 2624038.575
