years
 1997 1998 1999 2000 2001 2002 2003 2004 2005 2006 2007 2008 2009 2010 2011 2012 2013 2014 2015 2016 2017 2018 2019 2020 2021
reclasobs
 0 0 0 370054 412103 1.49427e+06 250295 1.28982e+06 931140 785840 897777 1.04006e+06 184774 17550 25797 100020 73551 82996 120727 218422 84188 347160 605670 569463 516374
reclaspred
 733027 185551 539605 164533 212685 285499 551237 373199 638554 1.17474e+06 1.32002e+06 813673 429328 189447 125083 117072 121757 146198 111944 176097 382811 356152 516909 541898 437580
pelacesobs
 0 0 0 0 0 0 0 0 0 2.06254e+06 1.5e+06 0 1.87456e+06 323000 250000 174000 83755 137374 0 501740 490994 745055 786931 1.00524e+06 1.33801e+06
pelacespred
 300935 122119 139429 115018 124610 116063 278908 205711 353589 677660 680001 429312 231315 79669.3 52006.9 55409.6 60442.7 71963.9 57455.1 87669.9 206961 211416 231407 278522 211442
mphobs
 0 0 0 0 0 112323 0 153150 637223 0 255016 313432 73983 77613 109348 50772 0 0 0 0 0 0 0 0 0
mphpred
 633503 195100 365748 224080 127064 276353 326484 421314 401159 790023 1.33032e+06 912725 466042 259080 112035 102337 100037 121234 117426 99633.1 261877 353857 368839 471588 456698
desembarqueobs
 350755 77701 442110 56441 14545 235359 269955 359681 431902 328805 639364 411747 362871 311530 167758 66681 60226 58785 57116 73181 50977 67692 138656 160484 209506
desembarquepred
 350597 77655.3 441499 56435.3 14541.9 235370 270066 361168 432071 328541 638819 411540 362758 311604 167825 66717.7 60217.8 58681.6 57009.1 73096.9 51055.8 67763.6 138763 160487 208993
Reclutas
 1474.11 87807.2 436.22 2283.82 45197.3 24924.5 53178.4 49057.7 130597 220931 54891.2 11832.4 56669.1 25886 21255.3 13372.7 11467.4 9161.04 4509.46 34099 34783.9 26838.9 55881.4 36656.2 275.96
log_desv_Rt
 -2.50419 1.5829 -3.72185 -2.06639 0.918792 0.323606 1.08141 1.00075 1.97987 2.50561 1.11311 -0.4214 1.14498 0.361456 0.164362 -0.299029 -0.45274 -0.677285 -1.38607 0.637024 0.656909 0.397606 1.13099 0.709337 -4.17975
SSB
 633503 195100 365748 224080 127064 276353 326484 421314 401159 790023 1.33032e+06 912725 466042 259080 112035 102337 100037 121234 117426 99633.1 261877 353857 368839 471588 456698
BT
 801882 369569 466870 275838 351888 413533 1.01915e+06 876780 1.46661e+06 2.12969e+06 1.92902e+06 1.17369e+06 903240 471393 277475 177927 192060 206859 162541 307729 546820 477537 599634 710996 551085
Ftot
 0.452898 0.402421 0.750719 0.328489 0.0668085 0.760307 0.467363 0.889521 0.641016 0.27043 0.458946 0.478063 0.781985 1.40804 1.19836 0.53835 0.47044 0.383781 0.481905 0.398913 0.1298 0.184382 0.259009 0.285053 0.4522
BD_Bspro_t
 0.930371 0.621913 0.639996 0.336654 0.327035 0.567756 0.467336 0.48619 0.443587 0.552942 0.63856 0.470271 0.322774 0.242075 0.138422 0.149825 0.192047 0.287981 0.332153 0.358939 0.609 0.724006 0.704135 0.68781 0.614622
BD_Bspro
 1.70836 0.526125 0.98631 0.604274 0.342653 0.74524 0.880426 1.13615 1.0818 2.13045 3.58745 2.46134 1.25677 0.698659 0.302125 0.27597 0.26977 0.32693 0.316662 0.26868 0.706201 0.954243 0.994646 1.27173 1.23157
BD_Bo
 0.734754 0.226282 0.424205 0.259894 0.147373 0.320522 0.378665 0.488652 0.465276 0.91629 1.54294 1.0586 0.540528 0.300488 0.129942 0.118693 0.116026 0.14061 0.136194 0.115557 0.303732 0.410413 0.42779 0.54696 0.529691
BD_Brms
 3.5738 1.10062 2.0633 1.26411 0.71681 1.559 1.8418 2.37677 2.26307 4.45677 7.50474 5.14897 2.62909 1.46155 0.632027 0.577313 0.564343 0.683918 0.662438 0.562062 1.47733 1.99622 2.08074 2.66038 2.57638
S_f
 0.5 1 1 1 1
 0.5 1 1 1 1
 0.5 1 1 1 1
 0.5 1 1 1 1
 0.5 1 1 1 1
 0.5 1 1 1 1
 0.5 1 1 1 1
 0.5 1 1 1 1
 0.5 1 1 1 1
 0.5 1 1 1 1
 0.5 1 1 1 1
 0.5 1 1 1 1
 0.5 1 1 1 1
 0.5 1 1 1 1
 0.5 1 1 1 1
 0.5 1 1 1 1
 0.5 1 1 1 1
 0.5 1 1 1 1
 0.5 1 1 1 1
 0.5 1 1 1 1
 0.5 1 1 1 1
 0.5 1 1 1 1
 0.5 1 1 1 1
 0.5 1 1 1 1
 0.5 1 1 1 1
Scru_reclas
 0.5 1 1 1 1
 0.5 1 1 1 1
 0.5 1 1 1 1
 0.5 1 1 1 1
 0.5 1 1 1 1
 0.5 1 1 1 1
 0.5 1 1 1 1
 0.5 1 1 1 1
 0.5 1 1 1 1
 0.5 1 1 1 1
 0.5 1 1 1 1
 0.5 1 1 1 1
 0.5 1 1 1 1
 0.5 1 1 1 1
 0.5 1 1 1 1
 0.5 1 1 1 1
 0.5 1 1 1 1
 0.5 1 1 1 1
 0.5 1 1 1 1
 0.5 1 1 1 1
 0.5 1 1 1 1
 0.5 1 1 1 1
 0.5 1 1 1 1
 0.5 1 1 1 1
 0.5 1 1 1 1
Scru_pelaces
 0.5 1 1 1 1
 0.5 1 1 1 1
 0.5 1 1 1 1
 0.5 1 1 1 1
 0.5 1 1 1 1
 0.5 1 1 1 1
 0.5 1 1 1 1
 0.5 1 1 1 1
 0.5 1 1 1 1
 0.5 1 1 1 1
 0.5 1 1 1 1
 0.5 1 1 1 1
 0.5 1 1 1 1
 0.5 1 1 1 1
 0.5 1 1 1 1
 0.5 1 1 1 1
 0.5 1 1 1 1
 0.5 1 1 1 1
 0.5 1 1 1 1
 0.5 1 1 1 1
 0.5 1 1 1 1
 0.5 1 1 1 1
 0.5 1 1 1 1
 0.5 1 1 1 1
 0.5 1 1 1 1
pf_obs 
 0.256992 0.487395 0.22802 0.0275931 0
 0.321318 0.546541 0.124235 0.00734118 0.000564706
 0.182869 0.594174 0.210203 0.0122559 0.00049798
 0.330522 0.361315 0.267642 0.0388342 0.00168674
 0.649043 0.306663 0.0425973 0.00169635 0
 0.582887 0.30429 0.105238 0.00758474 0
 0.465427 0.430635 0.0974691 0.00646863 0
 0.296916 0.608066 0.0921331 0.00288517 0
 0.311714 0.524322 0.152257 0.0117073 0
 0.15457 0.633149 0.183074 0.0267441 0.00246327
 0.131901 0.49318 0.331252 0.0422183 0.00144891
 0.196976 0.569456 0.194076 0.0375587 0.00193317
 0.518974 0.381816 0.0799577 0.0180837 0.00116848
 0.0928022 0.601141 0.25162 0.0475244 0.00691264
 0.122501 0.610282 0.24278 0.0234846 0.000952079
 0.383417 0.481906 0.127806 0.00687128 0
 0.0376549 0.599619 0.316969 0.0457579 0
 0.0361596 0.667082 0.258105 0.0386534 0
 0.158088 0.579412 0.248529 0.0139706 0
 0.0477256 0.309471 0.559284 0.082774 0.000745712
 0.0406174 0.521527 0.379366 0.0568643 0.0016247
 0.151134 0.462217 0.34131 0.0453401 0
 0.294876 0.26143 0.354403 0.0886775 0.000613685
 0.281977 0.475581 0.204845 0.0348837 0.00271318
 0.0841818 0.532909 0.334909 0.0458182 0.00218182
pf_pred 
 0.0366246 0.484977 0.240833 0.119594 0.117972
 0.867283 0.0106004 0.061475 0.0305276 0.0301135
 0.00660485 0.930096 0.00505582 0.0293203 0.0289225
 0.118833 0.0144499 0.81149 0.0044111 0.0508157
 0.844973 0.0354594 0.00196075 0.110113 0.00749385
 0.379839 0.56894 0.0117158 0.000647833 0.0388575
 0.677287 0.19569 0.116531 0.00239966 0.00809155
 0.536031 0.384159 0.0483961 0.0288194 0.00259458
 0.781611 0.164217 0.0448535 0.00565062 0.00366782
 0.690285 0.27767 0.0240961 0.0065815 0.00136732
 0.206866 0.656797 0.122231 0.0106072 0.00349909
 0.101224 0.335862 0.466151 0.0867516 0.0100117
 0.595369 0.0832792 0.120085 0.166669 0.0345971
 0.408716 0.4662 0.0257441 0.037122 0.0622176
 0.588447 0.281644 0.102428 0.00565618 0.0218257
 0.509448 0.395583 0.0649914 0.023636 0.00634165
 0.468928 0.376449 0.124689 0.0204854 0.009449
 0.424804 0.385175 0.134695 0.0446142 0.0107107
 0.292355 0.440738 0.178732 0.0625022 0.0256722
 0.837007 0.0794829 0.0520124 0.0210925 0.0104056
 0.542704 0.420813 0.0177909 0.0116421 0.00705031
 0.38021 0.440779 0.164729 0.00696433 0.00731723
 0.578044 0.237935 0.130871 0.0489094 0.00424031
 0.373659 0.467817 0.0893894 0.0491666 0.0199677
 0.0053885 0.561243 0.323685 0.061849 0.0478344
pobs_RECLAS
 0 0 0 0 0
 0 0 0 0 0
 0 0 0 0 0
 0 0 0 0 0
 0.835266 0.146461 0.0176864 0.000547809 3.91292e-05
 0.385257 0.428462 0.181853 0.0044286 0
 0.867414 0.0963971 0.0333333 0.00285562 0
 0.441836 0.489002 0.0689373 0.000224442 0
 0.779404 0.147425 0.0564933 0.0165055 0.000172143
 0.814271 0.122319 0.05973 0.00367925 0
 0.40263 0.566651 0.0304383 0.000280538 0
 0.475488 0.404961 0.113038 0.00651328 0
 0.955842 0.0263864 0.0167828 0.000988607 0
 0.975058 0.0227948 0.00214734 0 0
 0.738997 0.206755 0.0527124 0.00153531 0
 0.850938 0.134255 0.0134407 0.00136685 0
 0.542534 0.407297 0.0501686 0 0
 0.764087 0.199537 0.0359546 0.000420521 0
 0.470689 0.182191 0.310203 0.0369168 0
 0.84361 0.089868 0.0606195 0.00523954 0.000663233
 0.607945 0.314616 0.071237 0.00620181 0
 0.523733 0.453247 0.0230204 0 0
 0.530135 0.295979 0.169645 0.0042399 0
 0.562478 0.366248 0.0663022 0.0049721 0
 0.250443 0.683176 0.0655157 0.000865301 0
ppred_RECLAS
 0.0373106 0.484632 0.240661 0.119509 0.117888
 0.869174 0.0104494 0.0605995 0.0300928 0.0296846
 0.00686214 0.929856 0.00505451 0.0293127 0.0289151
 0.120176 0.0144279 0.810253 0.00440438 0.0507382
 0.845244 0.0353974 0.00195732 0.109921 0.00748076
 0.38911 0.560435 0.0115407 0.000638148 0.0382766
 0.681662 0.193038 0.114952 0.00236713 0.00798187
 0.548224 0.374063 0.0471243 0.028062 0.00252639
 0.786825 0.160296 0.0437825 0.0055157 0.00358025
 0.692426 0.27575 0.0239295 0.00653599 0.00135787
 0.210102 0.654117 0.121732 0.0105639 0.00348481
 0.103123 0.335152 0.465166 0.0865683 0.00999054
 0.605154 0.0812653 0.117181 0.162639 0.0337605
 0.432575 0.447389 0.0247053 0.0356241 0.0597071
 0.606846 0.269052 0.0978485 0.00540331 0.0208499
 0.51551 0.390695 0.0641883 0.0233439 0.00626328
 0.473976 0.37287 0.123503 0.0202907 0.00935917
 0.428607 0.382629 0.133805 0.0443192 0.0106399
 0.296702 0.438031 0.177634 0.0621184 0.0255145
 0.839223 0.0784021 0.0513051 0.0208057 0.0102641
 0.543763 0.419838 0.0177497 0.0116151 0.00703399
 0.381711 0.439712 0.16433 0.00694746 0.00729951
 0.580366 0.236626 0.130151 0.0486403 0.00421698
 0.376168 0.465944 0.0890313 0.0489696 0.0198877
 0.00549256 0.561184 0.323652 0.0618425 0.0478294
pobs_PELACES
 0 0 0 0 0
 0 0 0 0 0
 0 0 0 0 0
 0 0 0 0 0
 0 0 0 0 0
 0 0 0 0 0
 0 0 0 0 0
 0 0 0 0 0
 0 0 0 0 0
 0 0 0 0 0
 0.450072 0.473896 0.0757376 0.000293798 0
 0 0 0 0 0
 0.463077 0.371075 0.160297 0.00555027 0
 0.529543 0.364841 0.0842815 0.0213345 0
 0.631943 0.363953 0.00410389 0 0
 0.735681 0.248677 0.0153453 0.000297389 0
 0.695825 0.281241 0.0229344 0 0
 0.275771 0.60734 0.115278 0.00161068 0
 0 0 0 0 0
 0.896147 0.0623911 0.0374545 0.00400742 0
 0.803859 0.145111 0.0509908 3.86294e-05 0
 0.739449 0.233085 0.0266225 0.000797448 4.60066e-05
 0.878498 0.100942 0.0204185 0.000141795 0
 0.694673 0.275183 0.0284847 0.00165964 0
 0.469039 0.446079 0.0841089 0.000773354 0
ppred_PELACES
 0.0400895 0.483233 0.239966 0.119164 0.117547
 0.876541 0.009861 0.0571871 0.0283983 0.028013
 0.00776001 0.929015 0.00504994 0.0292862 0.0288889
 0.126026 0.014332 0.804866 0.00437509 0.0504009
 0.84668 0.0350688 0.00193915 0.1089 0.00741133
 0.41931 0.532729 0.0109701 0.0006066 0.0363843
 0.698156 0.183035 0.108996 0.00224448 0.00756829
 0.584256 0.344229 0.0433658 0.0258239 0.0023249
 0.804028 0.147361 0.0402494 0.0050706 0.00329133
 0.701847 0.267304 0.0231965 0.0063358 0.00131628
 0.222945 0.643481 0.119753 0.0103921 0.00342815
 0.11065 0.332339 0.461262 0.0858418 0.00990669
 0.63553 0.0750134 0.108166 0.150127 0.0311632
 0.490245 0.401919 0.0221944 0.0320035 0.0536388
 0.652898 0.237537 0.086387 0.0047704 0.0184077
 0.53765 0.372841 0.061255 0.0222771 0.00597706
 0.493359 0.359131 0.118952 0.019543 0.00901431
 0.44418 0.372201 0.130158 0.0431113 0.0103499
 0.313558 0.427533 0.173377 0.0606296 0.024903
 0.847907 0.0741674 0.048534 0.0196819 0.00970974
 0.549071 0.414954 0.0175432 0.01148 0.00695215
 0.388917 0.434587 0.162415 0.0068665 0.00721444
 0.590737 0.230778 0.126934 0.0474382 0.00411276
 0.387268 0.457653 0.0874472 0.0480983 0.0195339
 0.00591554 0.560945 0.323514 0.0618162 0.047809
pobs_pel_tallas
 0 0 0 0 0 0 0 0 0 0 0 0 0 0 0 0 0 0 0 0 0 0 0 0 0 0 0 0 0 0 0 0 0 0 0 0
 0 0 0 0 0 0 0 0 0 0 0 0 0 0 0 0 0 0 0 0 0 0 0 0 0 0 0 0 0 0 0 0 0 0 0 0
 0 0 0 0 0 0 0 0 0 0 0 0 0 0 0 0 0 0 0 0 0 0 0 0 0 0 0 0 0 0 0 0 0 0 0 0
 0 0 0 0 0 0 0 0 0 0 0 0 0 0 0 0 0 0 0 0 0 0 0 0 0 0 0 0 0 0 0 0 0 0 0 0
 0 0 0 0 0 0 0 0 0 0 0 0 0 0 0 0 0 0 0 0 0 0 0 0 0 0 0 0 0 0 0 0 0 0 0 0
 0 0 0 0 0 0 0 0 0 0 0 0 0 0 0 0 0 0 0 0 0 0 0 0 0 0 0 0 0 0 0 0 0 0 0 0
 0 0 0 0 0 0 0 0 0 0 0 0 0 0 0 0 0 0 0 0 0 0 0 0 0 0 0 0 0 0 0 0 0 0 0 0
 0 0 0 0 0 0 0 0 0 0 0 0 0 0 0 0 0 0 0 0 0 0 0 0 0 0 0 0 0 0 0 0 0 0 0 0
 0 0 0 0 0 0 0 0 0 0 0 0 0 0 0 0 0 0 0 0 0 0 0 0 0 0 0 0 0 0 0 0 0 0 0 0
 0 0 0 0 0 0 0 0 0 0 0 0 0 0 0 0 0 0 0 0 0 0 0 0 0 0 0 0 0 0 0 0 0 0 0 0
 0 0 0 0 0 0 0 0 1.78061e-05 0.00172719 0.00360574 0.0105946 0.0120993 0.0124554 0.0147524 0.0171206 0.0266825 0.0428682 0.0675386 0.121331 0.153587 0.119568 0.100827 0.0573624 0.0630603 0.0341343 0.0324427 0.0444173 0.0211091 0.0280891 0.0125444 0.00206551 0 0 0 0
 0 0 0 0 0 0 0 0 0 0 0 0 0 0 0 0 0 0 0 0 0 0 0 0 0 0 0 0 0 0 0 0 0 0 0 0
 0 0 0 0 0 0 0.0133647 0.0140871 0.0187388 0.0205184 0.03894 0.0496705 0.03968 0.0493445 0.0407372 0.0367815 0.0215668 0.0243155 0.0234873 0.0199281 0.019796 0.0243948 0.0301388 0.0376714 0.0412746 0.0863199 0.0771752 0.113111 0.0741005 0.0525337 0.0229764 0.00759418 0.00175318 0 0 0
 0 0 0 0 0 0 0 0 0 0 0.00219441 0.00772107 0.0458388 0.0604681 0.0671733 0.0775358 0.0609151 0.0617685 0.073594 0.0568108 0.0755445 0.0548602 0.0670107 0.0636378 0.0643287 0.046367 0.0373049 0.0286899 0.0247887 0.0153202 0.00654259 0.00121912 0.000365735 0 0 0
 0 0 0 0 0 0 0 0 0 0 0 0 0.000112435 0.00938835 0.0111873 0.0202946 0.0414886 0.0713402 0.111592 0.104902 0.108894 0.110636 0.117776 0.105296 0.107544 0.0401394 0.0192827 0.0124803 0.00416011 0.0028671 0.000618394 0 0 0 0 0
 0 0 0 0 0 0 0 0 0 0 0.00291406 0.0102884 0.027416 0.0768956 0.0749926 0.110853 0.0956884 0.0897413 0.0766577 0.0534642 0.0500743 0.0551293 0.0594112 0.0620874 0.0668451 0.0424026 0.0208742 0.0120726 0.0048766 0.00582813 0.00118941 0.000297354 0 0 0 0
 0 0.00264628 0.0354308 0.0461629 0.0458689 0.0383711 0.0214643 0.0164657 0.0346957 0.0420465 0.0363128 0.0245516 0.0311673 0.0291091 0.0169068 0.0133784 0.00837989 0.0085269 0.0148486 0.0160247 0.0276389 0.0546898 0.0760071 0.122758 0.109233 0.0665981 0.0333725 0.0166128 0.00676272 0.00308733 0.000882094 0 0 0 0 0
 0 0 0 0 0 0 0 0.000805153 0.000690131 0.00759144 0.0133425 0.0154129 0.00931677 0.000345066 0.00356568 0.00563607 0.00851162 0.0253048 0.0502646 0.0516448 0.0657925 0.0565908 0.0611916 0.0827007 0.0866115 0.110766 0.145733 0.0935128 0.0569358 0.0249597 0.0138026 0.00621118 0.00161031 0.00115022 0 0
 0 0 0 0 0 0 0 0 0 0 0 0 0 0 0 0 0 0 0 0 0 0 0 0 0 0 0 0 0 0 0 0 0 0 0 0
 0.00147267 0.00158595 0.00478618 0.00569244 0.00954404 0.0108468 0.00647125 0.017049 0.0510054 0.094081 0.124002 0.0959785 0.0687766 0.0820023 0.061753 0.0591476 0.0492212 0.0479892 0.0443925 0.0268479 0.0217502 0.0140895 0.0121071 0.0120363 0.00920419 0.00665534 0.0049561 0.00860946 0.00930331 0.0156896 0.0114698 0.00855282 0.00243557 0.00046729 0 2.83206e-05
 0 0 0 0 0.000772559 0.00158375 0.000888443 0.00281984 0.00712685 0.0440552 0.0773331 0.111326 0.0921469 0.0852325 0.0710754 0.0886704 0.0786465 0.0553345 0.0373146 0.0185414 0.00753245 0.00457741 0.012979 0.0271748 0.0457355 0.0583668 0.034881 0.0177882 0.00938659 0.00492506 0.0015258 0.00185414 0.000309023 5.79419e-05 3.86279e-05 0
 0 0.00173294 0.00326652 0 0.00397197 0.00683976 0.00946217 0.0152591 0.00757587 0.0136028 0.0228656 0.0392903 0.0559909 0.0764795 0.0681675 0.0726916 0.0566044 0.0477403 0.0527397 0.0444891 0.0609904 0.0582453 0.0661739 0.0445044 0.0529084 0.0360697 0.0280645 0.0235558 0.0158879 0.00826598 0.00280645 0.00217768 0.000904811 0.00058276 9.20147e-05 0
 0 0 0 0 0 0 0 0 0 0 0 0 0 0 0 0 0 0 0 0 0 0 0 0 0 0 0 0 0 0 0 0 0 0 0 0
 0 0 0 0 0 0 0 0 0 0 0 0 0 0 0 0 0 0 0 0 0 0 0 0 0 0 0 0 0 0 0 0 0 0 0 0
 0 0 0 0 0 0 0 0 0 0 0 0 0 0 0 0 0 0 0 0 0 0 0 0 0 0 0 0 0 0 0 0 0 0 0 0
ppred_pel_tallas
 1.13151e-16 1.78053e-06 1.03697e-05 4.91269e-05 0.000188864 0.000588695 0.00148751 0.00304764 0.00506711 0.00685136 0.00757798 0.00697551 0.00562936 0.00457155 0.00463035 0.00616809 0.00924485 0.0138383 0.0198911 0.0272297 0.0354816 0.0440631 0.05225 0.05931 0.0646521 0.0679428 0.069151 0.0685065 0.0663966 0.0632404 0.0593886 0.0550759 0.0504302 0.0455174 0.0403947 0.0351499
 1.031e-16 3.82344e-05 0.00022443 0.00106689 0.00410767 0.0128095 0.0323555 0.0662021 0.109732 0.14735 0.160301 0.14129 0.100906 0.0584193 0.0274743 0.0106114 0.00357934 0.00141316 0.00110472 0.00141223 0.00196221 0.00267061 0.00351753 0.00448453 0.00554094 0.00664188 0.00772953 0.00873648 0.00959152 0.0102273 0.010589 0.0106428 0.0103813 0.00982562 0.00902285 0.00803898
 1.02731e-16 3.88572e-07 2.15746e-06 9.99563e-06 3.80476e-05 0.000118272 0.000299789 0.000620723 0.00105656 0.00150249 0.00185526 0.0021603 0.00268886 0.00387329 0.00618215 0.0100438 0.0158139 0.0237141 0.0337127 0.0453929 0.0578835 0.0699109 0.0799926 0.0867371 0.0891701 0.0869757 0.0805773 0.0710192 0.0597012 0.0480506 0.0372392 0.0280186 0.0206929 0.0152016 0.0112575 0.00848629
 1.13936e-16 5.51051e-06 3.23067e-05 0.000153504 0.000590887 0.00184249 0.00465394 0.00952312 0.0157881 0.0212106 0.0231017 0.0204265 0.0147317 0.00882716 0.00473667 0.00291561 0.00287657 0.00406378 0.00623033 0.0093936 0.0136769 0.0191861 0.0259311 0.0337737 0.0423971 0.0513031 0.0598461 0.0673022 0.0729682 0.076271 0.0768637 0.0746866 0.0699789 0.0632348 0.0551188 0.0463575
 1.04128e-16 3.69331e-05 0.000216788 0.00103056 0.00396778 0.0123732 0.0312536 0.0639477 0.105996 0.142335 0.154851 0.136499 0.0975137 0.0565125 0.0266851 0.0104944 0.00384258 0.00193864 0.00187467 0.00243902 0.00324834 0.00419116 0.00521668 0.00628265 0.00735025 0.00838644 0.00936376 0.0102561 0.0110329 0.0116553 0.0120765 0.0122491 0.0121347 0.0117153 0.0110011 0.0100319
 1.02051e-16 1.83181e-05 0.000107456 0.000510676 0.00196593 0.0061304 0.0154854 0.0316886 0.0525403 0.0705992 0.076929 0.0681017 0.0492834 0.0298388 0.0164912 0.0106828 0.010599 0.014009 0.0194629 0.026127 0.0333199 0.0402701 0.0461207 0.0500729 0.0515665 0.0504171 0.0468628 0.041496 0.0351125 0.0285234 0.0223944 0.0171518 0.012967 0.00980472 0.00750187 0.00584724
 1.02038e-16 3.04632e-05 0.00017879 0.000849875 0.00327205 0.0102036 0.0257734 0.0527361 0.0874168 0.117401 0.127763 0.112712 0.0807194 0.0471821 0.0230377 0.0103897 0.00593158 0.00576552 0.00750189 0.0100819 0.013049 0.0160959 0.0189202 0.0212289 0.022789 0.0234731 0.0232797 0.0223196 0.0207772 0.0188606 0.0167588 0.0146166 0.0125303 0.0105567 0.008729 0.00706868
 1.01724e-16 2.5503e-05 0.000149654 0.000711331 0.00273857 0.00853988 0.0215713 0.0441394 0.0731722 0.0982872 0.107006 0.0945057 0.0679092 0.0401546 0.0204632 0.0106745 0.00809609 0.00951259 0.0129137 0.0173199 0.0221613 0.0269132 0.0310173 0.0339504 0.0353347 0.0350254 0.0331429 0.0300322 0.0261705 0.0220519 0.0180891 0.0145556 0.0115766 0.00915763 0.00723079 0.00569996
 1.00948e-16 3.50781e-05 0.000205887 0.000978707 0.0037681 0.0117505 0.0296807 0.0607304 0.100666 0.135188 0.147102 0.129732 0.092817 0.0540686 0.0260532 0.0111569 0.00553285 0.00465812 0.0057622 0.00763305 0.00978513 0.0119385 0.0138434 0.0152708 0.0160507 0.0161089 0.0154815 0.0142992 0.0127507 0.0110357 0.00932507 0.00773716 0.00633401 0.00513173 0.00411803 0.0032688
 1.00696e-16 3.06273e-05 0.000179746 0.000854406 0.00328947 0.0102579 0.0259107 0.0530175 0.0878854 0.118037 0.128472 0.113379 0.0812853 0.0476906 0.0236146 0.0111991 0.00714246 0.00753281 0.00994702 0.013262 0.0169197 0.0204821 0.0235078 0.0255899 0.026439 0.0259517 0.024235 0.0215741 0.0183589 0.0149918 0.0118085 0.00903129 0.00676014 0.00499462 0.0036707 0.00269777
 1.02427e-16 9.76046e-06 5.7204e-05 0.000271749 0.00104596 0.00326147 0.00823889 0.0168626 0.0279696 0.0376168 0.0410777 0.0365742 0.0269244 0.0172133 0.0111576 0.00969166 0.0120173 0.0170697 0.0240975 0.0325223 0.0416649 0.0506331 0.058394 0.0639613 0.0666149 0.0660679 0.0625289 0.0566302 0.0492586 0.0413427 0.0336686 0.0267719 0.0209166 0.0161431 0.0123498 0.00937361
 1.10069e-16 4.85202e-06 2.84138e-05 0.000134937 0.000519298 0.00161917 0.00409022 0.00837195 0.0138883 0.0186847 0.0204199 0.0182196 0.0134969 0.00879914 0.00600684 0.00563617 0.00736201 0.0107455 0.0155179 0.0215009 0.028455 0.036002 0.0436374 0.0507998 0.0569652 0.0617273 0.0648443 0.066238 0.0659597 0.0641425 0.0609628 0.0566227 0.0513516 0.0454125 0.0391013 0.0327312
 1.08175e-16 2.77278e-05 0.000162741 0.000773601 0.00297842 0.00928791 0.0234604 0.0480027 0.0795682 0.106853 0.116265 0.102525 0.0733263 0.0426661 0.0204729 0.00863285 0.00411359 0.00336329 0.00423672 0.005846 0.00790121 0.0102886 0.012913 0.0156646 0.0184235 0.02107 0.0234905 0.0255771 0.027226 0.0283374 0.0288234 0.0286209 0.0277087 0.0261196 0.0239453 0.021328
 1.04052e-16 2.14058e-05 0.000125595 0.000596942 0.00229812 0.00716635 0.018102 0.0370413 0.0614087 0.0824964 0.0898415 0.0794109 0.057203 0.0341063 0.0179016 0.0101829 0.00874069 0.0109124 0.0150147 0.0201823 0.0258392 0.0314 0.0362264 0.039721 0.0414574 0.0412805 0.0393411 0.036045 0.0319417 0.027589 0.0234377 0.0197679 0.0166836 0.0141525 0.0120661 0.0102977
 1.02328e-16 2.84919e-05 0.000167211 0.00079482 0.00306006 0.00954246 0.0241036 0.0493199 0.0817559 0.109804 0.119511 0.105469 0.0756122 0.0443579 0.0219586 0.0104093 0.00664446 0.00703582 0.00934613 0.0125541 0.016169 0.0198125 0.0230972 0.0256538 0.0272017 0.0276079 0.0269118 0.0253014 0.023057 0.0204787 0.0178254 0.0152796 0.0129414 0.0108459 0.00898908 0.00735243
 1.02036e-16 2.34719e-05 0.000137728 0.000654624 0.00252022 0.00785897 0.0198514 0.0406206 0.0673407 0.0904594 0.0984977 0.0870244 0.0626055 0.0371635 0.0192068 0.0104546 0.00845599 0.0102718 0.0140565 0.0188888 0.0241965 0.0294231 0.0339658 0.0372557 0.0388786 0.0386701 0.0367503 0.033482 0.0293718 0.0249473 0.0206513 0.0167805 0.0134758 0.0107516 0.00854474 0.00676203
 1.02899e-16 2.15402e-05 0.000126388 0.000600715 0.00231266 0.0072117 0.0182165 0.0372753 0.0617956 0.0830128 0.0903952 0.0798797 0.0574963 0.034193 0.0177878 0.0098724 0.00821411 0.0101327 0.0139488 0.0188252 0.0242353 0.0296553 0.0345073 0.0382343 0.0404149 0.0408544 0.0396209 0.0370101 0.033458 0.0294304 0.0253288 0.0214357 0.0179052 0.0147887 0.0120749 0.00972738
 1.03934e-16 1.93963e-05 0.0001138 0.000540868 0.00208223 0.00649311 0.0164014 0.0335616 0.0556406 0.0747493 0.0814095 0.0719694 0.0518682 0.0309779 0.0163581 0.00946692 0.00832041 0.0105267 0.0145826 0.0197232 0.0254392 0.0312013 0.0364162 0.0405086 0.0430389 0.0437969 0.0428389 0.0404518 0.0370643 0.0331354 0.0290596 0.0251133 0.0214483 0.0181188 0.015123 0.0124403
 1.05848e-16 1.37029e-05 8.03691e-05 0.000381923 0.00147023 0.0045846 0.0115807 0.0236987 0.0392944 0.0528053 0.0575522 0.0509785 0.0369577 0.0225098 0.0126868 0.00860055 0.00893494 0.0120681 0.0169617 0.0230305 0.0297871 0.0366529 0.0429559 0.0480355 0.0513784 0.0527258 0.0521164 0.0498467 0.0463727 0.0421865 0.0377127 0.0332505 0.0289694 0.0249399 0.0211809 0.0176979
 1.01844e-16 3.69884e-05 0.000217109 0.00103207 0.0039736 0.0123913 0.0312994 0.0640418 0.106153 0.142549 0.155093 0.136735 0.0977301 0.0567348 0.0269722 0.0109252 0.00450567 0.00292465 0.00326622 0.00429401 0.00557873 0.00694304 0.0082585 0.0094073 0.0102934 0.0108587 0.0110906 0.0110165 0.0106898 0.0101719 0.00951735 0.00876729 0.00794989 0.00708587 0.00619504 0.00530031
 1.01104e-16 2.39715e-05 0.000140657 0.000668543 0.0025738 0.00802604 0.0202735 0.0414845 0.0687736 0.0923868 0.100603 0.0889001 0.0639888 0.0380523 0.0197887 0.0109634 0.00908021 0.0111374 0.0152378 0.0204123 0.0260317 0.0314709 0.0360561 0.0391607 0.0403431 0.0394536 0.036671 0.0324518 0.0274126 0.022186 0.0172955 0.0130818 0.00969019 0.00710605 0.00521427 0.00385939
 1.03021e-16 1.69892e-05 9.96622e-05 0.000473642 0.00182337 0.00568585 0.0143624 0.0293902 0.0487283 0.0654732 0.0713334 0.063125 0.0456317 0.0275292 0.0150415 0.00949519 0.00920292 0.0121059 0.0168918 0.0228479 0.029429 0.0360215 0.0419267 0.0464658 0.049122 0.0496515 0.0481294 0.0449083 0.0405139 0.0355138 0.0304025 0.0255349 0.0211135 0.0172157 0.0138409 0.0109525
 1.037e-16 2.57811e-05 0.000151297 0.000719165 0.00276876 0.00863408 0.0218091 0.0446252 0.0739743 0.0993552 0.108144 0.0954513 0.06846 0.0402227 0.0200261 0.00968919 0.00645474 0.00705743 0.00948882 0.0128357 0.016657 0.0206025 0.0243034 0.0273967 0.0295916 0.0307261 0.030791 0.0299124 0.0283027 0.0261994 0.0238142 0.021305 0.0187738 0.0162818 0.0138709 0.011579
 1.03956e-16 1.6918e-05 9.92425e-05 0.000471644 0.00181567 0.00566184 0.0143018 0.0292663 0.0485233 0.0651996 0.0710399 0.0628759 0.0454747 0.0274801 0.0150956 0.00964856 0.00946272 0.0124872 0.0174064 0.0234912 0.0301699 0.0367969 0.0426443 0.0470171 0.0494028 0.0495876 0.0476987 0.0441535 0.0395411 0.0344746 0.0294668 0.0248582 0.0208093 0.017338 0.0143796 0.011843
 1.09133e-16 2.93971e-07 1.63409e-06 7.57841e-06 2.88606e-05 8.97065e-05 0.000227211 0.000469601 0.000796351 0.00112381 0.00136626 0.00154629 0.00185201 0.00258726 0.00407904 0.00662672 0.0104914 0.0158685 0.0228178 0.0311775 0.040509 0.0501101 0.0591096 0.0666275 0.0719554 0.0746977 0.074832 0.0726656 0.068718 0.0635719 0.0577476 0.0516343 0.0454843 0.0394482 0.0336258 0.0281051
pSPR Fmed_Fpbrs
0.481203   0.255595 0.255595
Fs Fmed_Fpbrs
0.430603   1.005 1.005
SSBpbr Bo_Bmed_Bpbrs
862197  371782  177263 177263
Ro
18033.7
SPR SPRFo_SPRFmed_SPRFpbrs
370825 178442 94780.9
log_Ro
9.62
likeval ReclasPelacesDesembMPH_pf_preclas_ppelaces_ptallas_desvR_qrecl_qpela
 102.067 135.704 0.20079 0.000562594 422.372 221.532 95.8517 0 91.7 0 0 0 0 0 0
q_reclas_q_pelaces
1 1
M
0.7
N
 1474.11 10721.4 5324.11 2643.87 2608.01
 87807.2 583.685 3384.97 1680.93 1658.12
 436.22 35656.6 193.822 1124.04 1108.79
 2283.82 148.827 8357.96 45.4322 523.377
 45197.3 962.333 53.2128 2988.36 203.376
 24924.5 21707 446.997 24.717 1482.54
 53178.4 8462.95 5039.59 103.777 349.932
 49057.7 20904.6 2633.55 1568.25 141.188
 130597 15615.1 4265.03 537.306 348.766
 220931 47068.5 4084.59 1115.64 231.778
 54891.2 95835.8 17835.2 1547.73 510.566
 11832.4 21668.9 30074.9 5596.99 645.928
 56669.1 4626.56 6671.32 9259.29 1922.04
 25886 19034.2 1051.09 1515.63 2540.24
 21255.3 6357.78 2312.19 127.682 492.69
 13372.7 5797.5 952.486 346.399 92.9405
 11467.4 5073.55 1680.48 276.09 127.348
 9161.04 4500.93 1573.97 521.335 125.159
 4509.46 3754.93 1522.73 532.496 218.718
 34099 1759.84 1151.61 467.011 230.393
 34783.9 13871.2 586.438 383.756 232.398
 26838.9 16187.7 6049.73 255.767 268.727
 55881.4 12154 6685.04 2498.35 216.6
 36656.2 24379.1 4658.3 2562.19 1040.57
 275.96 15784.9 9103.64 1739.5 1345.34
pred_Ctot
 217.644 2882.01 1431.17 710.696 701.055
 11643.5 142.313 825.32 409.842 404.282
 100.316 14126.5 76.7888 445.323 439.281
 251.141 30.5384 1715 9.32238 107.393
 1069.91 44.8988 2.48271 139.426 9.48876
 5793.54 8677.84 178.697 9.88116 592.679
 8077.47 2333.84 1389.78 28.6188 96.5016
 12993.1 9311.78 1173.09 698.564 62.891
 26233.4 5511.66 1505.43 189.653 123.104
 20252 8146.45 706.945 193.092 40.1154
 8202.08 26041.5 4846.38 420.566 138.736
 1834.26 6086.1 8447.05 1572.01 181.42
 13487.7 1886.63 2720.45 3775.78 783.774
 9792.05 11169.3 616.78 889.373 1490.62
 7129.11 3412.15 1240.93 68.5254 264.421
 2304.97 1789.8 294.051 106.94 28.6925
 1752.15 1406.6 465.898 76.5437 35.3061
 1163.13 1054.62 368.8 122.155 29.3262
 704.102 1061.46 430.453 150.529 61.8284
 4485.57 425.954 278.737 113.036 55.7644
 1577.84 1223.46 51.7246 33.8478 20.4978
 1708.94 1981.19 740.414 31.3028 32.889
 4918.22 2024.44 1113.5 416.139 36.0781
 3530.69 4420.39 844.637 464.573 188.674
 40.687 4237.78 2444.06 467.004 361.184
F
 0.226449 0.452898 0.452898 0.452898 0.452898
 0.201211 0.402421 0.402421 0.402421 0.402421
 0.375359 0.750719 0.750719 0.750719 0.750719
 0.164245 0.328489 0.328489 0.328489 0.328489
 0.0334042 0.0668085 0.0668085 0.0668085 0.0668085
 0.380154 0.760307 0.760307 0.760307 0.760307
 0.233682 0.467363 0.467363 0.467363 0.467363
 0.444761 0.889521 0.889521 0.889521 0.889521
 0.320508 0.641016 0.641016 0.641016 0.641016
 0.135215 0.27043 0.27043 0.27043 0.27043
 0.229473 0.458946 0.458946 0.458946 0.458946
 0.239031 0.478063 0.478063 0.478063 0.478063
 0.390992 0.781985 0.781985 0.781985 0.781985
 0.704021 1.40804 1.40804 1.40804 1.40804
 0.59918 1.19836 1.19836 1.19836 1.19836
 0.269175 0.53835 0.53835 0.53835 0.53835
 0.23522 0.47044 0.47044 0.47044 0.47044
 0.191891 0.383781 0.383781 0.383781 0.383781
 0.240952 0.481905 0.481905 0.481905 0.481905
 0.199456 0.398913 0.398913 0.398913 0.398913
 0.0648999 0.1298 0.1298 0.1298 0.1298
 0.092191 0.184382 0.184382 0.184382 0.184382
 0.129504 0.259009 0.259009 0.259009 0.259009
 0.142526 0.285053 0.285053 0.285053 0.285053
 0.2261 0.4522 0.4522 0.4522 0.4522
YTP_r0W_actual
 455.695 93231.2 80653.9 19193.9 15458.7
YTP_p0W_proyectada
 56089.3 1128.17 75044.6 56458.8 16219.5
 56089.3 69996.5 298.981 17794.5 13856.4
CTP_r0_actual
 40.687 4237.78 2444.06 467.004 361.184
CTP_p0_proyectada
 6598.74 52.7183 2405.27 1387.19 348.805
 6598.74 3270.87 9.58273 437.213 297.988
Wmedp
 8.5 21.4 31.2 40.7 46.5
nmprior
 10.6 11 7 0
nm_flota  nm_reclas  nm_pelaces    nm_pelaL
inf 14.1187 8.65597 16.539
cv_recla  cv_pelaces  cv_mph
0.913833 1.3209 0.769548
 ------------------------------------------------
Talla a la edad & desviaci?n 
 7.2 14.2025 17.0495 18.207 18.6776
 1.08 2.13037 2.55742 2.73105 2.80164
