years
 1997 1998 1999 2000 2001 2002 2003 2004 2005 2006 2007 2008 2009 2010 2011 2012 2013 2014 2015 2016 2017 2018 2019 2020 2021
reclasobs
 0 0 0 370054 412103 1.49427e+06 250295 1.28982e+06 931140 785840 897777 1.04006e+06 184774 17550 25797 100020 73551 82996 120727 218422 84188 347160 605670 569463 516374
reclaspred
 461542 129877 408289 291580 411569 485431 1.05102e+06 681572 731748 653202 508724 340077 209388 92238.6 61721.8 63299 81256.9 111958 120250 173133 248837 227402 395338 503803 586862
pelacesobs
 0 0 0 0 0 0 0 0 0 2.06254e+06 1.5e+06 0 1.87456e+06 323000 250000 174000 83755 137374 0 501740 490994 745055 786931 1.00524e+06 1.33801e+06
pelacespred
 1.93702e+06 471943 914687 999400 1.20304e+06 1.18698e+06 2.881e+06 2.34764e+06 2.21184e+06 1.99526e+06 1.38449e+06 955219 576509 203718 135805 151847 205558 291185 320475 449961 726687 645965 884500 1.33893e+06 1.57227e+06
mphobs
 0 0 0 0 0 112323 0 153150 637223 0 255016 313432 73983 77613 109348 50772 0 0 0 0 0 0 0 0 0
mphpred
 166563 106132 133570 167404 170438 256535 381857 441690 365218 355864 327086 225143 138201 71557.5 32045.7 27201 34304.9 48341.6 60987.2 71218.7 106784 125857 157696 225588 310504
desembarqueobs
 350755 77701 442110 56441 14545 235359 269955 359681 431902 328805 639364 411747 362871 311530 167758 66681 60226 58785 57116 73181 50977 67692 138656 160484 209506
desembarquepred
 350767 77704.9 442157 56443.4 14545.2 235407 269991 359711 431980 328860 639644 412016 363242 311967 167767 66693.6 60250.8 58787 57112.1 73184 50978.8 67687.8 138662 160494 209510
Reclutas
 55535.7 68438.5 41867.6 62249.2 103948 77710.3 118642 108309 127002 127787 65691.8 42449.3 43413.7 23441.6 16713.9 19281 15352.6 17400.4 20065 34167.1 42197.2 55238.1 89609 106772 48078.7
log_desv_Rt
 0.104782 0.31369 -0.177732 0.2189 0.731648 0.440743 0.863865 0.772742 0.931956 0.938123 0.27273 -0.163935 -0.14147 -0.757731 -1.096 -0.953125 -1.18096 -1.05575 -0.913267 -0.380981 -0.169891 0.0994085 0.583211 0.758451 -0.0394051
SSB
 677801 431886 543541 681221 693569 1.04393e+06 1.5539e+06 1.79738e+06 1.48619e+06 1.44813e+06 1.33102e+06 916183 562384 291191 130405 110690 139598 196718 248177 289813 434541 512156 641717 917990 1.26354e+06
BT
 2.31845e+06 617555 1.19293e+06 1.09282e+06 1.25736e+06 1.40803e+06 3.17418e+06 2.83559e+06 2.68855e+06 2.38202e+06 2.00889e+06 1.36515e+06 951715 507105 281758 212141 261788 348605 379707 525520 794693 729496 1.00893e+06 1.51615e+06 1.78435e+06
Ftot
 0.453332 0.352972 0.507288 0.0972661 0.0198735 0.202093 0.127697 0.257622 0.299735 0.247025 0.523027 0.494958 0.791169 1.44274 1.47235 0.581923 0.397088 0.267338 0.221268 0.226677 0.105076 0.138821 0.164862 0.158449 0.145216
BD_Bspro_t
 0.94609 0.756874 0.721082 0.602497 0.721278 0.836364 0.804852 0.808956 0.751071 0.708305 0.6674 0.507572 0.392985 0.280302 0.164144 0.171102 0.270216 0.424375 0.539844 0.633488 0.740444 0.81506 0.822206 0.827987 0.831618
BD_Bspro
 0.659103 0.419972 0.528547 0.662428 0.674436 1.01513 1.51104 1.7478 1.4452 1.40818 1.2943 0.890909 0.54687 0.283158 0.126807 0.107636 0.135747 0.191291 0.241331 0.281818 0.422554 0.498027 0.624015 0.892666 1.22869
BD_Bo
 0.564103 0.359439 0.452365 0.566949 0.577226 0.868813 1.29324 1.49588 1.23689 1.20521 1.10775 0.762498 0.468047 0.242345 0.10853 0.0921221 0.116181 0.163719 0.206547 0.241198 0.361649 0.426244 0.534072 0.764002 1.05159
BD_Brms
 1.95477 1.24555 1.56757 1.96463 2.00025 3.01067 4.48144 5.18363 4.28617 4.17639 3.83866 2.64226 1.62191 0.839792 0.376085 0.319228 0.402599 0.567332 0.71574 0.835817 1.25321 1.47705 1.85071 2.64747 3.64405
S_f
 0.183392 1 1 1 1
 0.183392 1 1 1 1
 0.183392 1 1 1 1
 0.183392 1 1 1 1
 0.183392 1 1 1 1
 0.183392 1 1 1 1
 0.183392 1 1 1 1
 0.183392 1 1 1 1
 0.183392 1 1 1 1
 0.183392 1 1 1 1
 0.183392 1 1 1 1
 0.183392 1 1 1 1
 0.183392 1 1 1 1
 0.183392 1 1 1 1
 0.183392 1 1 1 1
 0.183392 1 1 1 1
 0.183392 1 1 1 1
 0.183392 1 1 1 1
 0.183392 1 1 1 1
 0.183392 1 1 1 1
 0.183392 1 1 1 1
 0.183392 1 1 1 1
 0.183392 1 1 1 1
 0.183392 1 1 1 1
 0.183392 1 1 1 1
Scru_reclas
 0.991054 1 1 1 1
 0.991054 1 1 1 1
 0.991054 1 1 1 1
 0.991054 1 1 1 1
 0.991054 1 1 1 1
 0.991054 1 1 1 1
 0.991054 1 1 1 1
 0.991054 1 1 1 1
 0.991054 1 1 1 1
 0.991054 1 1 1 1
 0.991054 1 1 1 1
 0.991054 1 1 1 1
 0.991054 1 1 1 1
 0.991054 1 1 1 1
 0.991054 1 1 1 1
 0.991054 1 1 1 1
 0.991054 1 1 1 1
 0.991054 1 1 1 1
 0.991054 1 1 1 1
 0.991054 1 1 1 1
 0.991054 1 1 1 1
 0.991054 1 1 1 1
 0.991054 1 1 1 1
 0.991054 1 1 1 1
 0.991054 1 1 1 1
Scru_pelaces
 0.974702 1 1 1 1
 0.974702 1 1 1 1
 0.974702 1 1 1 1
 0.974702 1 1 1 1
 0.974702 1 1 1 1
 0.974702 1 1 1 1
 0.974702 1 1 1 1
 0.974702 1 1 1 1
 0.974702 1 1 1 1
 0.974702 1 1 1 1
 0.974702 1 1 1 1
 0.974702 1 1 1 1
 0.974702 1 1 1 1
 0.974702 1 1 1 1
 0.974702 1 1 1 1
 0.974702 1 1 1 1
 0.974702 1 1 1 1
 0.974702 1 1 1 1
 0.974702 1 1 1 1
 0.974702 1 1 1 1
 0.974702 1 1 1 1
 0.974702 1 1 1 1
 0.974702 1 1 1 1
 0.974702 1 1 1 1
 0.974702 1 1 1 1
pf_obs 
 0.256992 0.487395 0.22802 0.0275931 0
 0.321318 0.546541 0.124235 0.00734118 0.000564706
 0.182869 0.594174 0.210203 0.0122559 0.00049798
 0.330522 0.361315 0.267642 0.0388342 0.00168674
 0.649043 0.306663 0.0425973 0.00169635 0
 0.582887 0.30429 0.105238 0.00758474 0
 0.465427 0.430635 0.0974691 0.00646863 0
 0.296916 0.608066 0.0921331 0.00288517 0
 0.311714 0.524322 0.152257 0.0117073 0
 0.15457 0.633149 0.183074 0.0267441 0.00246327
 0.131901 0.49318 0.331252 0.0422183 0.00144891
 0.196976 0.569456 0.194076 0.0375587 0.00193317
 0.518974 0.381816 0.0799577 0.0180837 0.00116848
 0.0928022 0.601141 0.25162 0.0475244 0.00691264
 0.122501 0.610282 0.24278 0.0234846 0.000952079
 0.383417 0.481906 0.127806 0.00687128 0
 0.0376549 0.599619 0.316969 0.0457579 0
 0.0361596 0.667082 0.258105 0.0386534 0
 0.158088 0.579412 0.248529 0.0139706 0
 0.0477256 0.309471 0.559284 0.082774 0.000745712
 0.0406174 0.521527 0.379366 0.0568643 0.0016247
 0.151134 0.462217 0.34131 0.0453401 0
 0.294876 0.26143 0.354403 0.0886775 0.000613685
 0.281977 0.475581 0.204845 0.0348837 0.00271318
 0.0841818 0.532909 0.334909 0.0458182 0.00218182
pf_pred 
 0.363531 0.449581 0.167183 0.0196945 1.00506e-05
 0.307489 0.550007 0.100661 0.037432 0.00441182
 0.175127 0.611028 0.16984 0.0310837 0.0129212
 0.270956 0.434274 0.218352 0.0606927 0.0157253
 0.300499 0.475244 0.133585 0.0671662 0.0235065
 0.172956 0.581179 0.167042 0.0469532 0.0318702
 0.253988 0.414788 0.232757 0.0668989 0.0315681
 0.200348 0.530312 0.149755 0.0840349 0.0355506
 0.234107 0.464393 0.199948 0.0564637 0.0450884
 0.219612 0.512884 0.162199 0.0698362 0.0354692
 0.130563 0.549951 0.209971 0.0664032 0.0431113
 0.137452 0.441838 0.266115 0.101602 0.0529927
 0.219552 0.408647 0.190454 0.114709 0.0666382
 0.199163 0.554658 0.128901 0.0600754 0.0572026
 0.284567 0.528553 0.129432 0.0300796 0.0273674
 0.358252 0.527136 0.0846742 0.020735 0.00920301
 0.231095 0.615746 0.125806 0.0202083 0.00714498
 0.247146 0.499869 0.202592 0.0413925 0.00899975
 0.24461 0.505882 0.165665 0.0671424 0.0167008
 0.319463 0.450371 0.154141 0.0504776 0.0255468
 0.267513 0.541927 0.126111 0.0431618 0.021288
 0.259378 0.500937 0.17733 0.0412661 0.0210894
 0.304072 0.466693 0.155049 0.0548868 0.0193001
 0.256741 0.535124 0.139576 0.0463711 0.0221874
 0.107704 0.59747 0.212266 0.0553652 0.0271949
pobs_RECLAS
 0 0 0 0 0
 0 0 0 0 0
 0 0 0 0 0
 0 0 0 0 0
 0.835266 0.146461 0.0176864 0.000547809 3.91292e-05
 0.385257 0.428462 0.181853 0.0044286 0
 0.867414 0.0963971 0.0333333 0.00285562 0
 0.441836 0.489002 0.0689373 0.000224442 0
 0.779404 0.147425 0.0564933 0.0165055 0.000172143
 0.814271 0.122319 0.05973 0.00367925 0
 0.40263 0.566651 0.0304383 0.000280538 0
 0.475488 0.404961 0.113038 0.00651328 0
 0.955842 0.0263864 0.0167828 0.000988607 0
 0.975058 0.0227948 0.00214734 0 0
 0.738997 0.206755 0.0527124 0.00153531 0
 0.850938 0.134255 0.0134407 0.00136685 0
 0.542534 0.407297 0.0501686 0 0
 0.764087 0.199537 0.0359546 0.000420521 0
 0.470689 0.182191 0.310203 0.0369168 0
 0.84361 0.089868 0.0606195 0.00523954 0.000663233
 0.607945 0.314616 0.071237 0.00620181 0
 0.523733 0.453247 0.0230204 0 0
 0.530135 0.295979 0.169645 0.0042399 0
 0.562478 0.366248 0.0663022 0.0049721 0
 0.250443 0.683176 0.0655157 0.000865301 0
ppred_RECLAS
 0.760691 0.16904 0.0628598 0.00740502 3.77897e-06
 0.710288 0.230095 0.0421114 0.0156597 0.00184568
 0.542737 0.33872 0.0941498 0.0172311 0.0071628
 0.668705 0.197344 0.0992245 0.0275802 0.00714594
 0.699133 0.20441 0.0574569 0.0288893 0.0101105
 0.533318 0.327946 0.0942579 0.0264946 0.0179836
 0.649391 0.194941 0.109391 0.031441 0.0148363
 0.578784 0.279341 0.0788834 0.0442652 0.0187262
 0.627041 0.22614 0.0973667 0.0274955 0.0219562
 0.606654 0.258513 0.0817545 0.0352001 0.0178779
 0.456724 0.343643 0.131203 0.0414927 0.0269385
 0.470887 0.271037 0.163243 0.0623261 0.0325074
 0.617812 0.200116 0.093266 0.0561732 0.032633
 0.608645 0.271052 0.0629915 0.0293578 0.027954
 0.714176 0.211164 0.0517098 0.0120172 0.0109336
 0.758554 0.198325 0.0318571 0.00780117 0.00346246
 0.624783 0.300477 0.0613918 0.00986141 0.00348667
 0.64306 0.236996 0.0960522 0.0196248 0.00426692
 0.639211 0.241619 0.0791246 0.0320685 0.00797662
 0.719831 0.185413 0.0634581 0.0207811 0.0105173
 0.664912 0.247913 0.0576913 0.019745 0.00973852
 0.65594 0.232713 0.0823796 0.0191704 0.00979717
 0.704332 0.198276 0.065873 0.0233188 0.00819973
 0.653087 0.249767 0.0651465 0.0216435 0.0103559
 0.396616 0.404018 0.143537 0.0374387 0.0183896
pobs_PELACES
 0 0 0 0 0
 0 0 0 0 0
 0 0 0 0 0
 0 0 0 0 0
 0 0 0 0 0
 0 0 0 0 0
 0 0 0 0 0
 0 0 0 0 0
 0 0 0 0 0
 0 0 0 0 0
 0.450072 0.473896 0.0757376 0.000293798 0
 0 0 0 0 0
 0.463077 0.371075 0.160297 0.00555027 0
 0.529543 0.364841 0.0842815 0.0213345 0
 0.631943 0.363953 0.00410389 0 0
 0.735681 0.248677 0.0153453 0.000297389 0
 0.695825 0.281241 0.0229344 0 0
 0.275771 0.60734 0.115278 0.00161068 0
 0 0 0 0 0
 0.896147 0.0623911 0.0374545 0.00400742 0
 0.803859 0.145111 0.0509908 3.86294e-05 0
 0.739449 0.233085 0.0266225 0.000797448 4.60066e-05
 0.878498 0.100942 0.0204185 0.000141795 0
 0.694673 0.275183 0.0284847 0.00165964 0
 0.469039 0.446079 0.0841089 0.000773354 0
ppred_PELACES
 0.77937 0.155846 0.0579533 0.00682702 3.484e-06
 0.726168 0.217483 0.0398032 0.0148013 0.00174452
 0.572347 0.316786 0.0880531 0.0161153 0.00669897
 0.670823 0.196083 0.0985902 0.0274039 0.00710026
 0.696755 0.206026 0.0579111 0.0291176 0.0101905
 0.542719 0.32134 0.0923592 0.0259609 0.0176214
 0.653427 0.192697 0.108132 0.0310791 0.0146655
 0.591597 0.270844 0.0764839 0.0429187 0.0181566
 0.641914 0.217122 0.093484 0.0263991 0.0210807
 0.618503 0.250726 0.0792917 0.0341398 0.0173393
 0.487695 0.324052 0.123723 0.0391273 0.0254028
 0.50004 0.256103 0.154248 0.058892 0.0307163
 0.663033 0.176438 0.0822307 0.0495267 0.0287718
 0.692913 0.212688 0.049428 0.0230364 0.0219348
 0.785141 0.158735 0.0388711 0.0090335 0.00821897
 0.783291 0.178006 0.0285932 0.00700191 0.00310772
 0.645718 0.283712 0.0579664 0.00931119 0.00329214
 0.655675 0.22862 0.0926577 0.0189313 0.00411613
 0.649065 0.23502 0.0769635 0.0311926 0.00775876
 0.728707 0.179539 0.0614478 0.0201227 0.0101841
 0.667509 0.245991 0.0572442 0.019592 0.00966304
 0.660613 0.229552 0.0812608 0.01891 0.00966411
 0.710086 0.194417 0.064591 0.022865 0.00804015
 0.658968 0.245533 0.0640421 0.0212766 0.0101803
 0.402012 0.400405 0.142254 0.0371039 0.0182251
pobs_pel_tallas
 0 0 0 0 0 0 0 0 0 0 0 0 0 0 0 0 0 0 0 0 0 0 0 0 0 0 0 0 0 0 0 0 0 0 0 0
 0 0 0 0 0 0 0 0 0 0 0 0 0 0 0 0 0 0 0 0 0 0 0 0 0 0 0 0 0 0 0 0 0 0 0 0
 0 0 0 0 0 0 0 0 0 0 0 0 0 0 0 0 0 0 0 0 0 0 0 0 0 0 0 0 0 0 0 0 0 0 0 0
 0 0 0 0 0 0 0 0 0 0 0 0 0 0 0 0 0 0 0 0 0 0 0 0 0 0 0 0 0 0 0 0 0 0 0 0
 0 0 0 0 0 0 0 0 0 0 0 0 0 0 0 0 0 0 0 0 0 0 0 0 0 0 0 0 0 0 0 0 0 0 0 0
 0 0 0 0 0 0 0 0 0 0 0 0 0 0 0 0 0 0 0 0 0 0 0 0 0 0 0 0 0 0 0 0 0 0 0 0
 0 0 0 0 0 0 0 0 0 0 0 0 0 0 0 0 0 0 0 0 0 0 0 0 0 0 0 0 0 0 0 0 0 0 0 0
 0 0 0 0 0 0 0 0 0 0 0 0 0 0 0 0 0 0 0 0 0 0 0 0 0 0 0 0 0 0 0 0 0 0 0 0
 0 0 0 0 0 0 0 0 0 0 0 0 0 0 0 0 0 0 0 0 0 0 0 0 0 0 0 0 0 0 0 0 0 0 0 0
 0 0 0 0 0 0 0 0 0 0 0 0 0 0 0 0 0 0 0 0 0 0 0 0 0 0 0 0 0 0 0 0 0 0 0 0
 0 0 0 0 0 0 0 0 1.78061e-05 0.00172719 0.00360574 0.0105946 0.0120993 0.0124554 0.0147524 0.0171206 0.0266825 0.0428682 0.0675386 0.121331 0.153587 0.119568 0.100827 0.0573624 0.0630603 0.0341343 0.0324427 0.0444173 0.0211091 0.0280891 0.0125444 0.00206551 0 0 0 0
 0 0 0 0 0 0 0 0 0 0 0 0 0 0 0 0 0 0 0 0 0 0 0 0 0 0 0 0 0 0 0 0 0 0 0 0
 0 0 0 0 0 0 0.0133647 0.0140871 0.0187388 0.0205184 0.03894 0.0496705 0.03968 0.0493445 0.0407372 0.0367815 0.0215668 0.0243155 0.0234873 0.0199281 0.019796 0.0243948 0.0301388 0.0376714 0.0412746 0.0863199 0.0771752 0.113111 0.0741005 0.0525337 0.0229764 0.00759418 0.00175318 0 0 0
 0 0 0 0 0 0 0 0 0 0 0.00219441 0.00772107 0.0458388 0.0604681 0.0671733 0.0775358 0.0609151 0.0617685 0.073594 0.0568108 0.0755445 0.0548602 0.0670107 0.0636378 0.0643287 0.046367 0.0373049 0.0286899 0.0247887 0.0153202 0.00654259 0.00121912 0.000365735 0 0 0
 0 0 0 0 0 0 0 0 0 0 0 0 0.000112435 0.00938835 0.0111873 0.0202946 0.0414886 0.0713402 0.111592 0.104902 0.108894 0.110636 0.117776 0.105296 0.107544 0.0401394 0.0192827 0.0124803 0.00416011 0.0028671 0.000618394 0 0 0 0 0
 0 0 0 0 0 0 0 0 0 0 0.00291406 0.0102884 0.027416 0.0768956 0.0749926 0.110853 0.0956884 0.0897413 0.0766577 0.0534642 0.0500743 0.0551293 0.0594112 0.0620874 0.0668451 0.0424026 0.0208742 0.0120726 0.0048766 0.00582813 0.00118941 0.000297354 0 0 0 0
 0 0.00264628 0.0354308 0.0461629 0.0458689 0.0383711 0.0214643 0.0164657 0.0346957 0.0420465 0.0363128 0.0245516 0.0311673 0.0291091 0.0169068 0.0133784 0.00837989 0.0085269 0.0148486 0.0160247 0.0276389 0.0546898 0.0760071 0.122758 0.109233 0.0665981 0.0333725 0.0166128 0.00676272 0.00308733 0.000882094 0 0 0 0 0
 0 0 0 0 0 0 0 0.000805153 0.000690131 0.00759144 0.0133425 0.0154129 0.00931677 0.000345066 0.00356568 0.00563607 0.00851162 0.0253048 0.0502646 0.0516448 0.0657925 0.0565908 0.0611916 0.0827007 0.0866115 0.110766 0.145733 0.0935128 0.0569358 0.0249597 0.0138026 0.00621118 0.00161031 0.00115022 0 0
 0 0 0 0 0 0 0 0 0 0 0 0 0 0 0 0 0 0 0 0 0 0 0 0 0 0 0 0 0 0 0 0 0 0 0 0
 0.00147267 0.00158595 0.00478618 0.00569244 0.00954404 0.0108468 0.00647125 0.017049 0.0510054 0.094081 0.124002 0.0959785 0.0687766 0.0820023 0.061753 0.0591476 0.0492212 0.0479892 0.0443925 0.0268479 0.0217502 0.0140895 0.0121071 0.0120363 0.00920419 0.00665534 0.0049561 0.00860946 0.00930331 0.0156896 0.0114698 0.00855282 0.00243557 0.00046729 0 2.83206e-05
 0 0 0 0 0.000772559 0.00158375 0.000888443 0.00281984 0.00712685 0.0440552 0.0773331 0.111326 0.0921469 0.0852325 0.0710754 0.0886704 0.0786465 0.0553345 0.0373146 0.0185414 0.00753245 0.00457741 0.012979 0.0271748 0.0457355 0.0583668 0.034881 0.0177882 0.00938659 0.00492506 0.0015258 0.00185414 0.000309023 5.79419e-05 3.86279e-05 0
 0 0.00173294 0.00326652 0 0.00397197 0.00683976 0.00946217 0.0152591 0.00757587 0.0136028 0.0228656 0.0392903 0.0559909 0.0764795 0.0681675 0.0726916 0.0566044 0.0477403 0.0527397 0.0444891 0.0609904 0.0582453 0.0661739 0.0445044 0.0529084 0.0360697 0.0280645 0.0235558 0.0158879 0.00826598 0.00280645 0.00217768 0.000904811 0.00058276 9.20147e-05 0
 0 0 0 0 0 0 0 0 0 0 0 0 0 0 0 0 0 0 0 0 0 0 0 0 0 0 0 0 0 0 0 0 0 0 0 0
 0 0 0 0 0 0 0 0 0 0 0 0 0 0 0 0 0 0 0 0 0 0 0 0 0 0 0 0 0 0 0 0 0 0 0 0
 0 0 0 0 0 0 0 0 0 0 0 0 0 0 0 0 0 0 0 0 0 0 0 0 0 0 0 0 0 0 0 0 0 0 0 0
ppred_pel_tallas
 1.01109e-16 3.40033e-05 0.000199576 0.000948702 0.00365257 0.0113902 0.0287707 0.0588685 0.0975804 0.131046 0.142598 0.125768 0.0900001 0.0524659 0.025353 0.0109818 0.00563167 0.00492534 0.00618122 0.00822306 0.0105719 0.0129411 0.0150679 0.0167075 0.0176739 0.0178794 0.01735 0.0162111 0.0146498 0.0128682 0.0110424 0.00929876 0.00770958 0.00630293 0.00507934 0.00402709
 1.01227e-16 3.16859e-05 0.000185965 0.000883982 0.00340336 0.010613 0.0268078 0.0548527 0.0909258 0.122115 0.132897 0.117253 0.0839933 0.0491402 0.0240745 0.0109888 0.00644524 0.00638413 0.00830414 0.0110753 0.0141817 0.0172563 0.0199395 0.0218978 0.0228876 0.0228102 0.0217324 0.0198617 0.01749 0.0149219 0.0124141 0.0101397 0.00818249 0.00655397 0.0052213 0.0041342
 1.0222e-16 2.49827e-05 0.000146602 0.000696825 0.00268272 0.00836574 0.0211314 0.0432391 0.0716794 0.0962806 0.104818 0.0925646 0.0664961 0.0392825 0.0199529 0.0103045 0.00769747 0.00898427 0.0122053 0.0164201 0.0210991 0.0257628 0.0298977 0.0330144 0.0347475 0.0349358 0.0336534 0.0311776 0.0279087 0.0242712 0.020628 0.0172305 0.0142103 0.0116026 0.00938333 0.0075043
 1.02737e-16 2.92718e-05 0.000171794 0.000816615 0.00314399 0.0098042 0.0247647 0.0506722 0.0839963 0.112809 0.12277 0.10832 0.0775998 0.045411 0.0222706 0.0102095 0.00606052 0.00608567 0.00799123 0.0107541 0.0139204 0.0171715 0.0201888 0.0226639 0.0243539 0.0251287 0.024992 0.024065 0.0225431 0.0206426 0.0185542 0.016418 0.014321 0.0123097 0.0104088 0.00863713
 1.02366e-16 3.04029e-05 0.000178434 0.000848179 0.00326551 0.0101832 0.025722 0.0526309 0.087243 0.117169 0.127515 0.112505 0.0805937 0.0471549 0.0231095 0.0105636 0.00622215 0.00619554 0.00809173 0.0108368 0.0139477 0.0170841 0.0199105 0.0221105 0.0234465 0.0238092 0.0232383 0.0219001 0.0200378 0.0179074 0.0157255 0.0136386 0.011721 0.00999106 0.00843656 0.00703678
 1.03132e-16 2.36909e-05 0.000139018 0.000660768 0.00254389 0.00793281 0.0200379 0.0410017 0.067971 0.0913016 0.0994027 0.0877957 0.0630989 0.0373334 0.01907 0.0100241 0.0077044 0.00913598 0.0124656 0.0167984 0.0216187 0.0264491 0.0307735 0.0340981 0.0360517 0.0364664 0.035409 0.033148 0.0300734 0.0265981 0.0230726 0.0197371 0.0167153 0.0140392 0.0116874 0.00962067
 1.03351e-16 2.85131e-05 0.00016734 0.000795442 0.00306247 0.00954999 0.0241225 0.0493583 0.0818185 0.109885 0.119589 0.105515 0.0755951 0.0442478 0.0217192 0.00999017 0.00597891 0.00604859 0.00796933 0.0107489 0.0139489 0.017261 0.020375 0.022988 0.0248572 0.0258469 0.0259485 0.0252654 0.0239725 0.0222654 0.0203176 0.018258 0.0161689 0.0140996 0.012084 0.0101538
 1.03498e-16 2.58201e-05 0.000151523 0.00072023 0.00277285 0.00864682 0.0218413 0.0446914 0.0740851 0.0995071 0.108317 0.0956233 0.0686247 0.0404022 0.0202675 0.0100546 0.00701214 0.00787249 0.0106134 0.0142917 0.0184184 0.0225819 0.0263493 0.0293071 0.0311428 0.0317118 0.0310627 0.0294096 0.0270653 0.0243593 0.0215683 0.0188783 0.0163822 0.0141019 0.0120217 0.0101181
 1.0329e-16 2.80121e-05 0.000164396 0.000781442 0.00300855 0.00938186 0.0236979 0.0484896 0.0803793 0.107954 0.117494 0.103681 0.0743138 0.0435626 0.0215031 0.0100921 0.00631198 0.00659548 0.00874897 0.0117825 0.0152364 0.0187681 0.0220281 0.0246797 0.0264606 0.0272364 0.0270221 0.0259625 0.0242826 0.0222258 0.0200024 0.0177605 0.0155845 0.013511 0.0115524 0.00971591
 1.03191e-16 2.69926e-05 0.000158408 0.000752966 0.0028989 0.00903991 0.0228342 0.0467227 0.0774515 0.104026 0.113228 0.0999398 0.0716817 0.0421197 0.0209767 0.0101552 0.00676407 0.00737634 0.0098763 0.01329 0.017134 0.0210202 0.0245459 0.0273262 0.0290686 0.0296352 0.0290661 0.027555 0.0253879 0.022868 0.0202521 0.0177154 0.0153487 0.0131782 0.0111956 0.00938383
 1.04394e-16 2.12918e-05 0.000124932 0.000593803 0.00228606 0.00712876 0.0180069 0.0368463 0.0610836 0.0820538 0.0893443 0.0789354 0.0567824 0.0337001 0.0174071 0.00946571 0.0076599 0.00933679 0.0128434 0.0173743 0.0224471 0.027596 0.0323066 0.0360789 0.0385274 0.0394616 0.0389177 0.0371286 0.0344476 0.0312537 0.0278719 0.0245288 0.021349 0.0183796 0.0156263 0.0130844
 1.05732e-16 2.18274e-05 0.000128083 0.000608795 0.00234381 0.00730885 0.0184617 0.0377764 0.0626233 0.0841158 0.0915727 0.0808641 0.0580828 0.0342977 0.0173971 0.00895424 0.00667098 0.00781401 0.0106995 0.0145467 0.0189448 0.0235307 0.0279049 0.031668 0.0344942 0.0361928 0.0367347 0.0362333 0.0348925 0.0329426 0.0305872 0.0279766 0.0252096 0.0223512 0.0194576 0.0165908
 1.04272e-16 2.89312e-05 0.000169797 0.000807124 0.00310745 0.00969027 0.0244769 0.0500832 0.0830194 0.111496 0.121337 0.107046 0.0766668 0.044824 0.0219067 0.00991536 0.00571358 0.0056041 0.00732308 0.00987147 0.0128229 0.0158937 0.0188051 0.021287 0.0231244 0.0241985 0.0245032 0.0241296 0.0232281 0.0219608 0.0204645 0.0188321 0.0171147 0.0153378 0.0135206 0.0116902
 1.02588e-16 3.02355e-05 0.000177451 0.000843506 0.00324752 0.0101271 0.0255802 0.052341 0.0867626 0.116525 0.126815 0.111891 0.0801628 0.04692 0.0230263 0.0105788 0.00630327 0.00633247 0.0082863 0.0110922 0.0142616 0.0174452 0.0202979 0.022496 0.023799 0.024101 0.0234511 0.0220298 0.0200948 0.0179152 0.0157148 0.0136413 0.0117638 0.0100911 0.00859903 0.00725607
 1.01299e-16 3.4255e-05 0.000201053 0.000955726 0.00367961 0.0114745 0.0289838 0.0593045 0.098303 0.132016 0.143654 0.1267 0.0906663 0.0528537 0.025539 0.0110589 0.00566397 0.00494242 0.00618985 0.00821756 0.0105391 0.0128625 0.014922 0.0164725 0.0173333 0.0174262 0.0167911 0.0155689 0.0139613 0.0121802 0.0104048 0.00875696 0.00729747 0.00603847 0.00496311 0.00404404
 1.0085e-16 3.41751e-05 0.000200583 0.000953484 0.00367097 0.0114476 0.0289157 0.0591654 0.098073 0.131709 0.143324 0.126419 0.0904872 0.0527936 0.0255922 0.0112216 0.00594715 0.00537036 0.00678957 0.00900632 0.0115129 0.0139878 0.0161322 0.0176731 0.0184126 0.0182733 0.0173145 0.0157119 0.0137104 0.011565 0.00949011 0.00762964 0.00605197 0.00476396 0.00373427 0.00291608
 1.0139e-16 2.81806e-05 0.00016538 0.000786104 0.00302648 0.00943775 0.0238391 0.0487791 0.0808609 0.108606 0.118217 0.104353 0.074867 0.0440309 0.0220005 0.0107666 0.00731314 0.00805921 0.0107839 0.0144469 0.0185084 0.0225201 0.0260172 0.0285637 0.0298397 0.0297148 0.0282745 0.0257897 0.0226424 0.0192333 0.0159018 0.0128793 0.0102809 0.00812626 0.00637566 0.00496438
 1.02233e-16 2.86126e-05 0.000167921 0.000798195 0.00307305 0.00958299 0.024206 0.0495293 0.0821028 0.110269 0.120015 0.105909 0.0759165 0.0445142 0.0219951 0.010359 0.00652414 0.00684553 0.00907814 0.0122025 0.0157367 0.0193154 0.0225653 0.025129 0.0267312 0.0272366 0.0266732 0.0252111 0.0231094 0.020649 0.018075 0.0155633 0.0132162 0.0110768 0.00915365 0.00744132
 1.02604e-16 2.83246e-05 0.00016623 0.000790154 0.00304209 0.00948644 0.0239621 0.0490303 0.0812759 0.109159 0.118809 0.104849 0.0751664 0.0440938 0.0218231 0.0103373 0.00658865 0.00697021 0.00925863 0.0124402 0.0160299 0.019655 0.0229347 0.0255063 0.027094 0.0275673 0.0269644 0.0254682 0.0233503 0.0209 0.0183643 0.0159145 0.0136423 0.0115774 0.00971487 0.00803929
 1.02099e-16 3.1795e-05 0.000186609 0.000887053 0.0034152 0.01065 0.026901 0.0550431 0.0912405 0.122535 0.133345 0.117628 0.0842193 0.0491858 0.0239365 0.0106576 0.00588736 0.00554663 0.00713276 0.00953687 0.0122857 0.0150708 0.0175971 0.0195867 0.0208281 0.0212205 0.0207914 0.0196784 0.018087 0.016236 0.0143128 0.0124472 0.010709 0.00912141 0.00768185 0.00637985
 1.02018e-16 2.91292e-05 0.000170953 0.000812606 0.00312853 0.009756 0.024643 0.0504236 0.0835855 0.112262 0.122185 0.107829 0.0773038 0.0453492 0.0224465 0.0106341 0.0067751 0.00715598 0.00948343 0.0127056 0.0163122 0.0199082 0.0230926 0.025488 0.026815 0.0269536 0.0259665 0.0240731 0.021586 0.0188335 0.0160927 0.013551 0.0113013 0.009361 0.00770279 0.00628365
 1.0233e-16 2.88279e-05 0.000169185 0.000804205 0.00309619 0.00965516 0.0243882 0.0499022 0.082721 0.111099 0.120918 0.106705 0.0764843 0.0448421 0.0221472 0.0104135 0.00653427 0.00683501 0.00905182 0.0121559 0.0156608 0.0191987 0.0223957 0.0248954 0.0264266 0.0268601 0.026232 0.0247215 0.0225956 0.0201406 0.0176027 0.015155 0.0128927 0.0108494 0.00902319 0.00739918
 1.02142e-16 3.09837e-05 0.000181845 0.000864399 0.00332797 0.0103779 0.0262139 0.0536374 0.0889109 0.119408 0.129948 0.114642 0.0821061 0.0480016 0.0234536 0.0106014 0.00608069 0.00592307 0.00769083 0.0102962 0.0132608 0.0162583 0.0189702 0.0210955 0.022406 0.0227936 0.0222899 0.0210463 0.0192879 0.0172546 0.0151513 0.0131205 0.0112383 0.00952992 0.00799124 0.0066092
 1.02196e-16 2.87568e-05 0.000168766 0.000802211 0.00308851 0.00963119 0.0243277 0.0497785 0.0825163 0.110826 0.120624 0.106453 0.076322 0.0447827 0.0221841 0.0105402 0.00675709 0.007171 0.00952004 0.0127669 0.0164076 0.0200502 0.0232951 0.025765 0.0271782 0.0274105 0.0265183 0.0247131 0.0222995 0.0195987 0.0168825 0.0143364 0.0120543 0.0100573 0.0083245 0.00681992
 1.04277e-16 1.75587e-05 0.000103009 0.000489562 0.00188468 0.00587705 0.0148453 0.030378 0.0503645 0.0676673 0.0737122 0.0652023 0.047073 0.0282782 0.0152329 0.00928712 0.00867572 0.0112569 0.0156755 0.0212179 0.0273698 0.0335693 0.0391798 0.0435822 0.0463034 0.0471173 0.0460844 0.0435138 0.0398673 0.0356391 0.0312546 0.0270117 0.023074 0.0194995 0.0162857 0.0134094
pSPR Fmed_Fpbrs
0.660665   0.338578 0.338578
Fs Fmed_Fpbrs
0.269414   1.005 1.005
SSBpbr Bo_Bmed_Bpbrs
1.20155e+06  733747  346742 346742
Ro
50011.1
SPR SPRFo_SPRFmed_SPRFpbrs
1.02837e+06 679407 348183
log_Ro
10.64
likeval ReclasPelacesDesembMPH_pf_preclas_ppelaces_ptallas_desvR_qrecl_qpela
 60.6164 20.4419 0.0199886 0.000228911 315.521 196.18 77.4866 0 15.6385 5.65623e-05 1.54186e-05 0 0 0 0
q_reclas_q_pelaces
0.344477 1.7483
M
0.7
N
 55535.7 14717.7 5472.95 644.724 0.329019
 68438.5 25378.2 4644.65 1727.17 203.568
 41867.6 31855.3 8854.42 1620.51 673.634
 62249.2 18943.9 9524.95 2647.54 685.967
 103948 30365.5 8535.33 4291.55 1501.94
 77710.3 51431.3 14782.3 4155.12 2820.35
 118642 37185.8 20866.7 5997.49 2830.09
 108309 57552.1 16252.2 9119.89 3858.13
 127002 51302.6 22088.8 6237.68 4981.03
 127787 59694 18878.2 8128.16 4128.23
 65691.8 60646.7 23154.9 7322.71 4754.17
 42449.3 29637.9 17850.6 6815.37 3554.68
 43413.7 19250.5 8971.9 5403.68 3139.19
 23441.6 18646.9 4333.47 2019.66 1923.08
 16713.9 8934.57 2187.9 508.46 462.614
 19281 6335.87 1017.73 249.223 110.615
 15352.6 8605.49 1758.22 282.425 99.8562
 17400.4 7088.43 2872.87 586.969 127.621
 20065 8227.34 2694.26 1091.96 271.611
 34167.1 9567.76 3274.6 1072.36 542.721
 42197.2 16276 3787.56 1296.31 639.355
 55238.1 20554.6 7276.26 1693.24 865.345
 89609 26740.9 8884.09 3144.94 1105.87
 106772 43173.3 11260.9 3741.18 1790.06
 48078.7 51502.8 18297.6 4772.56 2344.24
pred_Ctot
 3201.51 3959.33 1472.33 173.443 0.0885123
 3096.65 5539 1013.73 376.97 44.4305
 2689.24 9382.93 2608.06 477.321 198.418
 792.289 1269.84 638.472 177.468 45.9814
 272.019 430.203 120.924 60.8005 21.2787
 2037.73 6847.3 1968.04 553.191 375.487
 1977.6 3229.61 1812.29 520.887 245.795
 3604.3 9540.43 2694.13 1511.81 639.564
 4900.64 9721.29 4185.59 1181.97 943.852
 4081.08 9530.99 3014.16 1297.78 659.129
 4344.97 18301.7 6987.6 2209.82 1434.69
 2662.94 8559.98 5155.59 1968.4 1026.66
 4252.2 7914.54 3688.65 2221.64 1290.63
 3979.3 11082.1 2575.44 1200.31 1142.91
 2888.87 5365.78 1313.97 305.363 277.829
 1412.25 2078 333.79 81.7387 36.2788
 778.73 2074.9 423.932 68.0965 24.0767
 600.421 1214.39 492.182 100.56 21.8642
 575.179 1189.54 389.546 157.879 39.2705
 1002.93 1413.91 483.915 158.471 80.2024
 579.834 1174.63 273.345 93.5532 46.1417
 1000.06 1931.42 683.716 159.106 81.3123
 1922.61 2950.84 980.354 347.043 122.032
 2202.88 4591.45 1197.58 397.872 190.372
 910.068 5048.47 1793.59 467.822 229.79
F
 0.0831374 0.453332 0.453332 0.453332 0.453332
 0.0647322 0.352972 0.352972 0.352972 0.352972
 0.0930325 0.507288 0.507288 0.507288 0.507288
 0.0178378 0.0972661 0.0972661 0.0972661 0.0972661
 0.00364463 0.0198735 0.0198735 0.0198735 0.0198735
 0.0370622 0.202093 0.202093 0.202093 0.202093
 0.0234185 0.127697 0.127697 0.127697 0.127697
 0.0472457 0.257622 0.257622 0.257622 0.257622
 0.0549689 0.299735 0.299735 0.299735 0.299735
 0.0453024 0.247025 0.247025 0.247025 0.247025
 0.0959189 0.523027 0.523027 0.523027 0.523027
 0.0907712 0.494958 0.494958 0.494958 0.494958
 0.145094 0.791169 0.791169 0.791169 0.791169
 0.264587 1.44274 1.44274 1.44274 1.44274
 0.270017 1.47235 1.47235 1.47235 1.47235
 0.10672 0.581923 0.581923 0.581923 0.581923
 0.0728226 0.397088 0.397088 0.397088 0.397088
 0.0490277 0.267338 0.267338 0.267338 0.267338
 0.0405787 0.221268 0.221268 0.221268 0.221268
 0.0415706 0.226677 0.226677 0.226677 0.226677
 0.0192702 0.105076 0.105076 0.105076 0.105076
 0.0254587 0.138821 0.138821 0.138821 0.138821
 0.0302344 0.164862 0.164862 0.164862 0.164862
 0.0290583 0.158449 0.158449 0.158449 0.158449
 0.0266314 0.145216 0.145216 0.145216 0.145216
YTP_r0W_actual
 10192.8 111066 59188.6 19227.5 9835.02
YTP_p0W_proyectada
 43948.4 239944 332835 154253 65708.4
 43948.4 180145 63588.6 78921.8 37857.6
CTP_r0_actual
 910.068 5048.47 1793.59 467.822 229.79
CTP_p0_proyectada
 5170.4 11212.4 10667.8 3789.99 1413.08
 5170.4 8418 2038.1 1939.11 814.142
Wmedp
 8.5 21.4 31.2 40.7 46.5
nmprior
 10.6 11 7 0
nm_flota  nm_reclas  nm_pelaces    nm_pelaL
inf 15.0917 19.323 46.9782
cv_recla  cv_pelaces  cv_mph
0.704239 0.512664 0.490875
 ------------------------------------------------
Talla a la edad & desviaci?n 
 7.2 14.2025 17.0495 18.207 18.6776
 1.08 2.13037 2.55742 2.73105 2.80164
