years
 1997 1998 1999 2000 2001 2002 2003 2004 2005 2006 2007 2008 2009 2010 2011 2012 2013 2014 2015 2016 2017 2018 2019 2020 2021
reclasobs
 0 0 0 370054 412103 1.49427e+06 250295 1.28982e+06 931140 785840 897777 1.04006e+06 184774 17550 25797 100020 73551 82996 120727 218422 84188 347160 605670 569463 516374
reclaspred
 386154 109478 354218 261383 374957 447566 980948 643118 698322 611652 475791 318608 195223 92525.5 67137.8 70016.1 88851.1 122308 128898 185849 267854 242846 420224 532130 611694
pelacesobs
 0 0 0 0 0 0 0 0 0 2.06254e+06 1.5e+06 0 1.87456e+06 323000 250000 174000 83755 137374 0 501740 490994 745055 786931 1.00524e+06 1.33801e+06
pelacespred
 1.23663e+06 311784 617713 691185 843679 849193 2.08423e+06 1.7332e+06 1.6492e+06 1.46531e+06 1.02796e+06 708705 432433 172795 123152 136658 180596 250603 273150 381686 608460 541716 738428 1.10928e+06 1.27689e+06
mphobs
 0 0 0 0 0 112323 0 153150 637223 0 255016 313432 73983 77613 109348 50772 0 0 0 0 0 0 0 0 0
mphpred
 760879 486266 620278 805909 833640 1.27544e+06 1.93577e+06 2.26277e+06 1.9055e+06 1.86885e+06 1.68988e+06 1.18321e+06 729839 387012 193472 171215 210517 294118 366257 419302 629427 740140 921003 1.31213e+06 1.79248e+06
desembarqueobs
 350755 77701 442110 56441 14545 235359 269955 359681 431902 328805 639364 411747 362871 311530 167758 66681 60226 58785 57116 73181 50977 67692 138656 160484 209506
desembarquepred
 350763 77702.6 442127 56442.4 14545.1 235393 269981 359695 431949 328842 639650 412036 363265 312038 167825 66694.6 60244.7 58787.4 57113.6 73181.4 50977.6 67688 138657 160488 209507
Reclutas
 59009.8 75689.5 47371.1 74945.9 127272 92983.4 145195 131343 152797 144349 68441.1 40576.1 42720.4 24083 19149.8 24400.2 20442.8 22976.1 25842.9 47279.4 58791.3 74075.9 121330 143834 58694.7
log_desv_Rt
 -0.0145415 0.234395 -0.234232 0.224521 0.754081 0.440176 0.885834 0.785569 0.936862 0.87999 0.133728 -0.389066 -0.337569 -0.910739 -1.13995 -0.897654 -1.07462 -0.957791 -0.840209 -0.23617 -0.0182511 0.212846 0.706273 0.876416 -0.0198961
SSB
 760879 486266 620278 805909 833640 1.27544e+06 1.93577e+06 2.26277e+06 1.9055e+06 1.86885e+06 1.68988e+06 1.18321e+06 729839 387012 193472 171215 210517 294118 366257 419302 629427 740140 921003 1.31213e+06 1.79248e+06
BT
 2.50559e+06 689297 1.34855e+06 1.29732e+06 1.52154e+06 1.70624e+06 3.91519e+06 3.51299e+06 3.34907e+06 2.94288e+06 2.42399e+06 1.65094e+06 1.13279e+06 611216 364130 300008 372898 495719 538378 743262 1.131e+06 1.03355e+06 1.41778e+06 2.11805e+06 2.45063e+06
Ftot
 0.391015 0.309294 0.43547 0.0813088 0.0163382 0.163143 0.101463 0.20137 0.229269 0.189308 0.40416 0.376762 0.594176 1.03371 0.936335 0.366227 0.260788 0.175502 0.149219 0.155451 0.0719037 0.0952133 0.114202 0.110077 0.101771
BD_Bspro_t
 0.952428 0.778245 0.74766 0.641746 0.756849 0.862275 0.836863 0.842082 0.794686 0.758102 0.719349 0.572487 0.459599 0.347704 0.231281 0.249614 0.369305 0.536714 0.643869 0.721081 0.808605 0.86635 0.870108 0.873594 0.875518
BD_Bspro
 0.618007 0.394959 0.503808 0.654582 0.677106 1.03595 1.57229 1.83789 1.5477 1.51793 1.37257 0.961037 0.592796 0.314342 0.157143 0.139065 0.170987 0.238891 0.297485 0.340569 0.511238 0.601163 0.748064 1.06575 1.4559
BD_Bo
 0.539246 0.344624 0.4396 0.57116 0.590813 0.903925 1.37191 1.60366 1.35046 1.32448 1.19764 0.838558 0.517247 0.274281 0.137116 0.121342 0.149196 0.208446 0.259572 0.297165 0.446084 0.524548 0.652728 0.929925 1.27036
BD_Brms
 1.89241 1.20941 1.54272 2.00441 2.07338 3.1722 4.81452 5.62782 4.73924 4.64809 4.20296 2.9428 1.81521 0.962552 0.481191 0.425834 0.523583 0.731511 0.910932 1.04286 1.56547 1.84083 2.29066 3.26344 4.45814
S_f
 0.195346 1 1 1 1
 0.195346 1 1 1 1
 0.195346 1 1 1 1
 0.195346 1 1 1 1
 0.195346 1 1 1 1
 0.195346 1 1 1 1
 0.195346 1 1 1 1
 0.195346 1 1 1 1
 0.195346 1 1 1 1
 0.195346 1 1 1 1
 0.195346 1 1 1 1
 0.195346 1 1 1 1
 0.195346 1 1 1 1
 0.195346 1 1 1 1
 0.195346 1 1 1 1
 0.195346 1 1 1 1
 0.195346 1 1 1 1
 0.195346 1 1 1 1
 0.195346 1 1 1 1
 0.195346 1 1 1 1
 0.195346 1 1 1 1
 0.195346 1 1 1 1
 0.195346 1 1 1 1
 0.195346 1 1 1 1
 0.195346 1 1 1 1
Scru_reclas
 1 1 1 1 1
 1 1 1 1 1
 1 1 1 1 1
 1 1 1 1 1
 1 1 1 1 1
 1 1 1 1 1
 1 1 1 1 1
 1 1 1 1 1
 1 1 1 1 1
 1 1 1 1 1
 1 1 1 1 1
 1 1 1 1 1
 1 1 1 1 1
 1 1 1 1 1
 1 1 1 1 1
 1 1 1 1 1
 1 1 1 1 1
 1 1 1 1 1
 1 1 1 1 1
 1 1 1 1 1
 1 1 1 1 1
 1 1 1 1 1
 1 1 1 1 1
 1 1 1 1 1
 1 1 1 1 1
Scru_pelaces
 1 1 1 1 1
 1 1 1 1 1
 1 1 1 1 1
 1 1 1 1 1
 1 1 1 1 1
 1 1 1 1 1
 1 1 1 1 1
 1 1 1 1 1
 1 1 1 1 1
 1 1 1 1 1
 1 1 1 1 1
 1 1 1 1 1
 1 1 1 1 1
 1 1 1 1 1
 1 1 1 1 1
 1 1 1 1 1
 1 1 1 1 1
 1 1 1 1 1
 1 1 1 1 1
 1 1 1 1 1
 1 1 1 1 1
 1 1 1 1 1
 1 1 1 1 1
 1 1 1 1 1
 1 1 1 1 1
pf_obs 
 0.256992 0.487395 0.22802 0.0275931 0
 0.321318 0.546541 0.124235 0.00734118 0.000564706
 0.182869 0.594174 0.210203 0.0122559 0.00049798
 0.330522 0.361315 0.267642 0.0388342 0.00168674
 0.649043 0.306663 0.0425973 0.00169635 0
 0.582887 0.30429 0.105238 0.00758474 0
 0.465427 0.430635 0.0974691 0.00646863 0
 0.296916 0.608066 0.0921331 0.00288517 0
 0.311714 0.524322 0.152257 0.0117073 0
 0.15457 0.633149 0.183074 0.0267441 0.00246327
 0.131901 0.49318 0.331252 0.0422183 0.00144891
 0.196976 0.569456 0.194076 0.0375587 0.00193317
 0.518974 0.381816 0.0799577 0.0180837 0.00116848
 0.0928022 0.601141 0.25162 0.0475244 0.00691264
 0.122501 0.610282 0.24278 0.0234846 0.000952079
 0.383417 0.481906 0.127806 0.00687128 0
 0.0376549 0.599619 0.316969 0.0457579 0
 0.0361596 0.667082 0.258105 0.0386534 0
 0.158088 0.579412 0.248529 0.0139706 0
 0.0477256 0.309471 0.559284 0.082774 0.000745712
 0.0406174 0.521527 0.379366 0.0568643 0.0016247
 0.151134 0.462217 0.34131 0.0453401 0
 0.294876 0.26143 0.354403 0.0886775 0.000613685
 0.281977 0.475581 0.204845 0.0348837 0.00271318
 0.0841818 0.532909 0.334909 0.0458182 0.00218182
pf_pred 
 0.357754 0.452741 0.169426 0.0200684 1.06824e-05
 0.319099 0.52681 0.108624 0.0406495 0.00481748
 0.182106 0.60075 0.168003 0.034641 0.0144998
 0.288913 0.414311 0.217984 0.0609606 0.0178309
 0.318097 0.465957 0.125819 0.0661981 0.0239277
 0.177364 0.581082 0.165059 0.0445698 0.0319258
 0.263051 0.400257 0.237828 0.067556 0.0313084
 0.203616 0.52301 0.148477 0.0882231 0.0366742
 0.232967 0.452019 0.206879 0.0587309 0.0494038
 0.208176 0.501445 0.171123 0.0783193 0.0409371
 0.116654 0.525319 0.226731 0.077374 0.0539223
 0.114204 0.397926 0.290133 0.125223 0.0725147
 0.192957 0.355151 0.203003 0.148012 0.100877
 0.176022 0.509472 0.138403 0.079111 0.0969927
 0.249719 0.483377 0.165028 0.0448317 0.0570436
 0.331904 0.486637 0.116907 0.0399129 0.024639
 0.225333 0.581635 0.140604 0.0337778 0.0186509
 0.23661 0.478371 0.213997 0.0517316 0.0192898
 0.233712 0.484436 0.17662 0.0790101 0.0262218
 0.328609 0.420019 0.158914 0.0579382 0.0345202
 0.273788 0.529361 0.123149 0.0465935 0.0271088
 0.257148 0.49471 0.180879 0.0420793 0.0251836
 0.307262 0.449679 0.161867 0.059183 0.0220082
 0.25899 0.522502 0.141841 0.0510575 0.0256099
 0.0998962 0.587643 0.220323 0.0598101 0.0323283
pobs_RECLAS
 0 0 0 0 0
 0 0 0 0 0
 0 0 0 0 0
 0 0 0 0 0
 0.835266 0.146461 0.0176864 0.000547809 3.91292e-05
 0.385257 0.428462 0.181853 0.0044286 0
 0.867414 0.0963971 0.0333333 0.00285562 0
 0.441836 0.489002 0.0689373 0.000224442 0
 0.779404 0.147425 0.0564933 0.0165055 0.000172143
 0.814271 0.122319 0.05973 0.00367925 0
 0.40263 0.566651 0.0304383 0.000280538 0
 0.475488 0.404961 0.113038 0.00651328 0
 0.955842 0.0263864 0.0167828 0.000988607 0
 0.975058 0.0227948 0.00214734 0 0
 0.738997 0.206755 0.0527124 0.00153531 0
 0.850938 0.134255 0.0134407 0.00136685 0
 0.542534 0.407297 0.0501686 0 0
 0.764087 0.199537 0.0359546 0.000420521 0
 0.470689 0.182191 0.310203 0.0369168 0
 0.84361 0.089868 0.0606195 0.00523954 0.000663233
 0.607945 0.314616 0.071237 0.00620181 0
 0.523733 0.453247 0.0230204 0 0
 0.530135 0.295979 0.169645 0.0042399 0
 0.562478 0.366248 0.0663022 0.0049721 0
 0.250443 0.683176 0.0655157 0.000865301 0
ppred_RECLAS
 0.744973 0.179777 0.0672766 0.00796889 4.24181e-06
 0.709546 0.224723 0.0463361 0.01734 0.00205501
 0.539527 0.338221 0.0945856 0.0195028 0.00816334
 0.676199 0.188661 0.0992615 0.0277591 0.00811949
 0.705 0.201579 0.0544311 0.0286382 0.0103514
 0.5268 0.334252 0.0949459 0.0256376 0.0183645
 0.64747 0.191469 0.113768 0.0323164 0.0149768
 0.569568 0.282678 0.0802492 0.0476831 0.0198218
 0.611605 0.228884 0.104755 0.029739 0.0250161
 0.57621 0.268377 0.0915862 0.0419171 0.0219098
 0.409414 0.351217 0.151587 0.0517306 0.0360513
 0.40312 0.268136 0.195501 0.0843796 0.0488629
 0.56053 0.193395 0.110544 0.080599 0.0549317
 0.544388 0.281708 0.076529 0.0437438 0.0536313
 0.64789 0.226851 0.0774485 0.0210397 0.0267708
 0.722248 0.202313 0.0486025 0.0165932 0.0102433
 0.601785 0.298987 0.0722768 0.0173634 0.00958744
 0.615619 0.240868 0.107752 0.0260478 0.00971277
 0.61143 0.245648 0.0895604 0.0400645 0.0132966
 0.716401 0.177418 0.0671262 0.0244734 0.0145815
 0.659495 0.248206 0.0577421 0.0218467 0.0127107
 0.64036 0.239506 0.0875698 0.020372 0.0121922
 0.695478 0.197675 0.0711556 0.0260164 0.00967462
 0.642757 0.251899 0.068382 0.0246149 0.0123466
 0.363489 0.415553 0.155802 0.0422949 0.0228611
pobs_PELACES
 0 0 0 0 0
 0 0 0 0 0
 0 0 0 0 0
 0 0 0 0 0
 0 0 0 0 0
 0 0 0 0 0
 0 0 0 0 0
 0 0 0 0 0
 0 0 0 0 0
 0 0 0 0 0
 0.450072 0.473896 0.0757376 0.000293798 0
 0 0 0 0 0
 0.463077 0.371075 0.160297 0.00555027 0
 0.529543 0.364841 0.0842815 0.0213345 0
 0.631943 0.363953 0.00410389 0 0
 0.735681 0.248677 0.0153453 0.000297389 0
 0.695825 0.281241 0.0229344 0 0
 0.275771 0.60734 0.115278 0.00161068 0
 0 0 0 0 0
 0.896147 0.0623911 0.0374545 0.00400742 0
 0.803859 0.145111 0.0509908 3.86294e-05 0
 0.739449 0.233085 0.0266225 0.000797448 4.60066e-05
 0.878498 0.100942 0.0204185 0.000141795 0
 0.694673 0.275183 0.0284847 0.00165964 0
 0.469039 0.446079 0.0841089 0.000773354 0
ppred_PELACES
 0.764193 0.166228 0.0622063 0.00736831 3.92213e-06
 0.726176 0.211856 0.043683 0.0163472 0.00193735
 0.568093 0.31724 0.088718 0.0182929 0.00765693
 0.680908 0.185918 0.0978179 0.0273554 0.0080014
 0.705902 0.200963 0.0542648 0.0285507 0.0103198
 0.537584 0.326634 0.092782 0.0250533 0.017946
 0.653595 0.188142 0.111792 0.0317549 0.0147166
 0.582626 0.274103 0.0778149 0.0462366 0.0192205
 0.625965 0.220422 0.100882 0.0286395 0.0240912
 0.588435 0.260635 0.0889441 0.0407078 0.0212778
 0.435592 0.335649 0.144868 0.0494376 0.0344533
 0.427407 0.257226 0.187546 0.0809462 0.0468747
 0.598949 0.176488 0.10088 0.0735529 0.0501295
 0.611235 0.240376 0.0653007 0.0373257 0.0457626
 0.702328 0.191779 0.0654746 0.0177869 0.0226319
 0.741329 0.188415 0.0452636 0.0154533 0.00953965
 0.618257 0.286619 0.0692871 0.0166451 0.00919086
 0.626586 0.233996 0.104677 0.0253046 0.00943566
 0.620802 0.239724 0.0874005 0.0390982 0.0129759
 0.724712 0.172219 0.065159 0.0237562 0.0141542
 0.663769 0.24509 0.0570173 0.0215725 0.0125512
 0.646161 0.235643 0.0861571 0.0200434 0.0119956
 0.701862 0.193531 0.0696639 0.025471 0.0094718
 0.649441 0.247187 0.0671027 0.0241544 0.0121156
 0.369764 0.411457 0.154266 0.0418779 0.0226357
pobs_pel_tallas
 0 0 0 0 0 0 0 0 0 0 0 0 0 0 0 0 0 0 0 0 0 0 0 0 0 0 0 0 0 0 0 0 0 0 0 0
 0 0 0 0 0 0 0 0 0 0 0 0 0 0 0 0 0 0 0 0 0 0 0 0 0 0 0 0 0 0 0 0 0 0 0 0
 0 0 0 0 0 0 0 0 0 0 0 0 0 0 0 0 0 0 0 0 0 0 0 0 0 0 0 0 0 0 0 0 0 0 0 0
 0 0 0 0 0 0 0 0 0 0 0 0 0 0 0 0 0 0 0 0 0 0 0 0 0 0 0 0 0 0 0 0 0 0 0 0
 0 0 0 0 0 0 0 0 0 0 0 0 0 0 0 0 0 0 0 0 0 0 0 0 0 0 0 0 0 0 0 0 0 0 0 0
 0 0 0 0 0 0 0 0 0 0 0 0 0 0 0 0 0 0 0 0 0 0 0 0 0 0 0 0 0 0 0 0 0 0 0 0
 0 0 0 0 0 0 0 0 0 0 0 0 0 0 0 0 0 0 0 0 0 0 0 0 0 0 0 0 0 0 0 0 0 0 0 0
 0 0 0 0 0 0 0 0 0 0 0 0 0 0 0 0 0 0 0 0 0 0 0 0 0 0 0 0 0 0 0 0 0 0 0 0
 0 0 0 0 0 0 0 0 0 0 0 0 0 0 0 0 0 0 0 0 0 0 0 0 0 0 0 0 0 0 0 0 0 0 0 0
 0 0 0 0 0 0 0 0 0 0 0 0 0 0 0 0 0 0 0 0 0 0 0 0 0 0 0 0 0 0 0 0 0 0 0 0
 0 0 0 0 0 0 0 0 1.78061e-05 0.00172719 0.00360574 0.0105946 0.0120993 0.0124554 0.0147524 0.0171206 0.0266825 0.0428682 0.0675386 0.121331 0.153587 0.119568 0.100827 0.0573624 0.0630603 0.0341343 0.0324427 0.0444173 0.0211091 0.0280891 0.0125444 0.00206551 0 0 0 0
 0 0 0 0 0 0 0 0 0 0 0 0 0 0 0 0 0 0 0 0 0 0 0 0 0 0 0 0 0 0 0 0 0 0 0 0
 0 0 0 0 0 0 0.0133647 0.0140871 0.0187388 0.0205184 0.03894 0.0496705 0.03968 0.0493445 0.0407372 0.0367815 0.0215668 0.0243155 0.0234873 0.0199281 0.019796 0.0243948 0.0301388 0.0376714 0.0412746 0.0863199 0.0771752 0.113111 0.0741005 0.0525337 0.0229764 0.00759418 0.00175318 0 0 0
 0 0 0 0 0 0 0 0 0 0 0.00219441 0.00772107 0.0458388 0.0604681 0.0671733 0.0775358 0.0609151 0.0617685 0.073594 0.0568108 0.0755445 0.0548602 0.0670107 0.0636378 0.0643287 0.046367 0.0373049 0.0286899 0.0247887 0.0153202 0.00654259 0.00121912 0.000365735 0 0 0
 0 0 0 0 0 0 0 0 0 0 0 0 0.000112435 0.00938835 0.0111873 0.0202946 0.0414886 0.0713402 0.111592 0.104902 0.108894 0.110636 0.117776 0.105296 0.107544 0.0401394 0.0192827 0.0124803 0.00416011 0.0028671 0.000618394 0 0 0 0 0
 0 0 0 0 0 0 0 0 0 0 0.00291406 0.0102884 0.027416 0.0768956 0.0749926 0.110853 0.0956884 0.0897413 0.0766577 0.0534642 0.0500743 0.0551293 0.0594112 0.0620874 0.0668451 0.0424026 0.0208742 0.0120726 0.0048766 0.00582813 0.00118941 0.000297354 0 0 0 0
 0 0.00264628 0.0354308 0.0461629 0.0458689 0.0383711 0.0214643 0.0164657 0.0346957 0.0420465 0.0363128 0.0245516 0.0311673 0.0291091 0.0169068 0.0133784 0.00837989 0.0085269 0.0148486 0.0160247 0.0276389 0.0546898 0.0760071 0.122758 0.109233 0.0665981 0.0333725 0.0166128 0.00676272 0.00308733 0.000882094 0 0 0 0 0
 0 0 0 0 0 0 0 0.000805153 0.000690131 0.00759144 0.0133425 0.0154129 0.00931677 0.000345066 0.00356568 0.00563607 0.00851162 0.0253048 0.0502646 0.0516448 0.0657925 0.0565908 0.0611916 0.0827007 0.0866115 0.110766 0.145733 0.0935128 0.0569358 0.0249597 0.0138026 0.00621118 0.00161031 0.00115022 0 0
 0 0 0 0 0 0 0 0 0 0 0 0 0 0 0 0 0 0 0 0 0 0 0 0 0 0 0 0 0 0 0 0 0 0 0 0
 0.00147267 0.00158595 0.00478618 0.00569244 0.00954404 0.0108468 0.00647125 0.017049 0.0510054 0.094081 0.124002 0.0959785 0.0687766 0.0820023 0.061753 0.0591476 0.0492212 0.0479892 0.0443925 0.0268479 0.0217502 0.0140895 0.0121071 0.0120363 0.00920419 0.00665534 0.0049561 0.00860946 0.00930331 0.0156896 0.0114698 0.00855282 0.00243557 0.00046729 0 2.83206e-05
 0 0 0 0 0.000772559 0.00158375 0.000888443 0.00281984 0.00712685 0.0440552 0.0773331 0.111326 0.0921469 0.0852325 0.0710754 0.0886704 0.0786465 0.0553345 0.0373146 0.0185414 0.00753245 0.00457741 0.012979 0.0271748 0.0457355 0.0583668 0.034881 0.0177882 0.00938659 0.00492506 0.0015258 0.00185414 0.000309023 5.79419e-05 3.86279e-05 0
 0 0.00173294 0.00326652 0 0.00397197 0.00683976 0.00946217 0.0152591 0.00757587 0.0136028 0.0228656 0.0392903 0.0559909 0.0764795 0.0681675 0.0726916 0.0566044 0.0477403 0.0527397 0.0444891 0.0609904 0.0582453 0.0661739 0.0445044 0.0529084 0.0360697 0.0280645 0.0235558 0.0158879 0.00826598 0.00280645 0.00217768 0.000904811 0.00058276 9.20147e-05 0
 0 0 0 0 0 0 0 0 0 0 0 0 0 0 0 0 0 0 0 0 0 0 0 0 0 0 0 0 0 0 0 0 0 0 0 0
 0 0 0 0 0 0 0 0 0 0 0 0 0 0 0 0 0 0 0 0 0 0 0 0 0 0 0 0 0 0 0 0 0 0 0 0
 0 0 0 0 0 0 0 0 0 0 0 0 0 0 0 0 0 0 0 0 0 0 0 0 0 0 0 0 0 0 0 0 0 0 0 0
ppred_pel_tallas
 1.01191e-16 3.33419e-05 0.000195692 0.000930236 0.00358147 0.0111685 0.0282107 0.0577227 0.0956815 0.128497 0.139828 0.123333 0.0882747 0.0514952 0.0249496 0.0109198 0.00576379 0.00519454 0.00658376 0.00877348 0.0112827 0.0138128 0.016085 0.0178379 0.0188735 0.0190976 0.0185378 0.0173274 0.0156655 0.0137674 0.0118207 0.0099602 0.00826293 0.00675913 0.00544973 0.00432262
 1.01342e-16 3.1686e-05 0.000185966 0.000883989 0.00340339 0.0106131 0.026808 0.0548531 0.0909264 0.122116 0.132896 0.117249 0.0839846 0.0491228 0.0240431 0.0109363 0.0063628 0.00626227 0.00813456 0.0108535 0.0139098 0.0169451 0.0196094 0.0215771 0.0226092 0.0226062 0.0216284 0.0198724 0.0176167 0.0151531 0.0127278 0.0105078 0.00857552 0.00694481 0.00558817 0.00446197
 1.0235e-16 2.47972e-05 0.000145513 0.000691647 0.00266279 0.00830357 0.0209744 0.0429179 0.0711469 0.0955656 0.10404 0.0918797 0.0660079 0.039002 0.019825 0.0102624 0.0076956 0.00900182 0.0122368 0.0164668 0.0211645 0.0258509 0.0300125 0.0331597 0.0349263 0.03515 0.0339037 0.0314628 0.0282258 0.0246149 0.0209909 0.0176032 0.0145825 0.0119636 0.00972313 0.00781458
 1.02764e-16 2.97111e-05 0.000174374 0.000828884 0.00319123 0.00995153 0.0251368 0.0514335 0.0852579 0.114502 0.12461 0.109936 0.0787407 0.0460455 0.0225201 0.01022 0.00592439 0.00583529 0.00762415 0.0102579 0.0132877 0.0164082 0.019317 0.0217212 0.023389 0.024194 0.0241356 0.0233233 0.0219371 0.0201769 0.0182197 0.0161965 0.0141896 0.0122453 0.0103907 0.00864846
 1.023e-16 3.08015e-05 0.000180774 0.000859309 0.00330837 0.0103168 0.0260595 0.0533215 0.0883876 0.118706 0.129185 0.113973 0.0816356 0.0477437 0.0233592 0.0106119 0.00615967 0.00605857 0.00788421 0.0105508 0.0135752 0.0166222 0.0193643 0.0214933 0.022778 0.0231134 0.0225396 0.0212208 0.0193956 0.017315 0.0151905 0.0131648 0.0113095 0.00964082 0.00814488 0.00679969
 1.03123e-16 2.34672e-05 0.000137704 0.000654522 0.00251984 0.0078578 0.0198484 0.0406141 0.0673287 0.0904396 0.0984663 0.0869734 0.0625182 0.0370107 0.0189436 0.0100199 0.00777537 0.00926589 0.0126559 0.0170554 0.0219461 0.0268435 0.0312233 0.0345834 0.036547 0.0369444 0.0358449 0.0335229 0.030377 0.0268286 0.0232354 0.0198425 0.0167758 0.0140674 0.0116942 0.00961484
 1.03428e-16 2.85203e-05 0.000167383 0.000795644 0.00306325 0.00955242 0.0241287 0.0493709 0.0818391 0.109912 0.119617 0.105538 0.0756067 0.0442445 0.0216989 0.00994981 0.00591318 0.00595075 0.00783308 0.0105708 0.0137306 0.0170115 0.0201105 0.0227312 0.0246343 0.0256832 0.0258638 0.0252706 0.0240679 0.0224408 0.0205549 0.0185345 0.0164612 0.0143868 0.0123497 0.0103874
 1.03681e-16 2.5429e-05 0.000149227 0.000709313 0.00273082 0.00851574 0.0215102 0.0440139 0.0729624 0.0979997 0.106678 0.094181 0.0675994 0.0398184 0.0200114 0.00998856 0.00704398 0.00796271 0.0107544 0.0144886 0.0186783 0.0229095 0.0267452 0.0297673 0.0316594 0.0322744 0.0316598 0.0300301 0.027699 0.0249965 0.0221999 0.0194949 0.0169738 0.0146582 0.0125333 0.0105769
 1.03614e-16 2.73167e-05 0.000160314 0.000762033 0.00293382 0.00914881 0.0231092 0.0472853 0.0783831 0.105274 0.114579 0.101115 0.0724872 0.0425174 0.0210352 0.00995364 0.00633574 0.00670781 0.00893372 0.0120477 0.0155969 0.019238 0.0226179 0.0253944 0.0272993 0.028192 0.0280816 0.0271077 0.0254904 0.0234696 0.0212524 0.0189859 0.0167553 0.0146001 0.012538 0.0105831
 1.03741e-16 2.56819e-05 0.000150712 0.000716377 0.00275802 0.00860058 0.0217245 0.0444523 0.0736886 0.0989737 0.107735 0.0951053 0.0682443 0.0401609 0.0201148 0.00992768 0.00686125 0.00766533 0.0103317 0.0139294 0.0179834 0.0220989 0.0258601 0.0288672 0.0308137 0.0315513 0.0311138 0.0296923 0.0275728 0.0250594 0.0224097 0.0197997 0.0173216 0.0150048 0.0128468 0.0108389
 1.05475e-16 1.90203e-05 0.000111596 0.000530399 0.00204193 0.00636745 0.0160839 0.0329119 0.0545626 0.0732988 0.0798237 0.0705532 0.0508165 0.030288 0.0158821 0.00901936 0.00774672 0.00971702 0.0134648 0.0182629 0.0236501 0.0291573 0.0342571 0.0384316 0.0412754 0.0425789 0.0423613 0.0408404 0.0383564 0.0352771 0.0319189 0.0285039 0.0251577 0.0219352 0.0188572 0.0159396
 1.07718e-16 1.86603e-05 0.000109489 0.000520399 0.00200346 0.00624749 0.0157808 0.0322911 0.0535315 0.071908 0.0782941 0.0691655 0.0497394 0.0294913 0.0151836 0.00818619 0.00656283 0.00800419 0.0110905 0.0151603 0.0198493 0.0248141 0.0296632 0.0339958 0.037473 0.0398785 0.0411454 0.0413393 0.0406117 0.0391419 0.0370912 0.0345829 0.0317074 0.0285419 0.0251721 0.0217033
 1.0636e-16 2.61368e-05 0.000153391 0.000729131 0.00280716 0.00875383 0.0221115 0.0452435 0.0749976 0.100724 0.109621 0.0967229 0.0693024 0.0405775 0.0199432 0.00921968 0.00558875 0.00572621 0.00760056 0.0103177 0.0134934 0.0168635 0.0201598 0.0231155 0.0255098 0.0272068 0.0281718 0.0284568 0.0281657 0.0274129 0.0262919 0.0248624 0.0231582 0.0212048 0.0190392 0.016721
 1.04427e-16 2.66751e-05 0.000156546 0.000744114 0.00286483 0.00893364 0.0225658 0.0461734 0.0765407 0.102802 0.111894 0.0987583 0.0708253 0.0415986 0.020684 0.0099588 0.0065631 0.0071091 0.00950756 0.0128016 0.0165243 0.0203072 0.0237704 0.0265518 0.0283772 0.0291183 0.0288138 0.0276439 0.0258713 0.023769 0.0215603 0.0193884 0.0173163 0.0153501 0.0134705 0.0116596
 1.02661e-16 3.06453e-05 0.000179858 0.000854955 0.00329161 0.0102646 0.0259275 0.0530513 0.0879395 0.118103 0.128528 0.11339 0.0812093 0.0474778 0.0231986 0.0104882 0.00601966 0.00586893 0.00762655 0.0102188 0.0131755 0.0161766 0.0189104 0.0210816 0.0224654 0.0229543 0.0225763 0.021476 0.0198683 0.0179817 0.0160097 0.0140845 0.0122749 0.0106012 0.00905865 0.00763644
 1.01681e-16 3.23458e-05 0.000189842 0.000902419 0.00347436 0.0108345 0.027367 0.0559966 0.0928212 0.124658 0.135657 0.119669 0.0856842 0.0500491 0.0243703 0.0108725 0.00603343 0.00570085 0.00732393 0.00976669 0.0125371 0.0153093 0.0177723 0.0196366 0.0206876 0.0208325 0.0201175 0.0187081 0.016841 0.0147647 0.0126889 0.0107551 0.00903344 0.00753709 0.00624628 0.00512996
 1.02079e-16 2.69833e-05 0.00015835 0.000752685 0.00289781 0.00903648 0.0228256 0.0467054 0.0774237 0.103991 0.113198 0.0999324 0.0717169 0.0422218 0.0211778 0.0104998 0.00730921 0.0081858 0.011008 0.0147788 0.0189733 0.0231465 0.0268327 0.0295913 0.0310956 0.0312055 0.029995 0.0277215 0.0247529 0.0214765 0.0182205 0.0152091 0.012555 0.010282 0.00835942 0.0067362
 1.02873e-16 2.73444e-05 0.000160475 0.000762796 0.00293676 0.00915795 0.0231324 0.0473326 0.078462 0.105381 0.114699 0.101228 0.0725838 0.0426056 0.0211373 0.0100991 0.0065558 0.00703288 0.00939015 0.0126526 0.0163515 0.0201213 0.0235835 0.0263721 0.0282022 0.0289278 0.0285663 0.0272775 0.0253107 0.0229381 0.0203976 0.0178611 0.0154306 0.0131537 0.0110478 0.00912026
 1.03269e-16 2.70924e-05 0.000158995 0.000755758 0.00290966 0.00907344 0.0229189 0.0468959 0.0777383 0.10441 0.113643 0.100301 0.0719271 0.0422373 0.0209861 0.0100788 0.00660987 0.00713787 0.00954132 0.0128501 0.0165921 0.0203959 0.0238764 0.026664 0.0284742 0.0291671 0.0287703 0.0274566 0.0254868 0.0231403 0.0206557 0.0181988 0.0158597 0.0136713 0.011637 0.00975347
 1.02459e-16 3.16205e-05 0.000185586 0.000882188 0.00339647 0.0105916 0.0267534 0.0547412 0.0907398 0.121862 0.132612 0.116978 0.0837473 0.048897 0.0237716 0.0105436 0.00576858 0.00538971 0.00692017 0.00926241 0.0119543 0.0147002 0.0172185 0.0192428 0.020568 0.0210929 0.0208358 0.0199191 0.0185286 0.0168632 0.0150929 0.0133358 0.0116563 0.0100783 0.00860482 0.00723438
 1.02218e-16 2.89661e-05 0.000169995 0.000808053 0.00311101 0.00970134 0.0245049 0.0501411 0.0831172 0.111633 0.121501 0.107226 0.0768721 0.0450979 0.0223259 0.0105834 0.00675179 0.00713903 0.00946541 0.0126857 0.016293 0.0198951 0.0230933 0.0255125 0.0268743 0.0270587 0.0261269 0.0242948 0.0218708 0.0191783 0.0164893 0.013987 0.0117611 0.00982757 0.00815924 0.00671479
 1.0255e-16 2.8198e-05 0.000165486 0.00078662 0.00302848 0.00944401 0.0238549 0.048811 0.0809125 0.108672 0.118278 0.104382 0.0748346 0.0439051 0.0217409 0.0103173 0.00660172 0.00700472 0.00931385 0.0125202 0.0161397 0.0197993 0.0231163 0.025725 0.0273459 0.0278447 0.0272555 0.0257586 0.023624 0.0211416 0.0185611 0.0160578 0.0137289 0.0116099 0.00970066 0.00798931
 1.0237e-16 3.06251e-05 0.000179739 0.000854389 0.00328943 0.0102578 0.0259103 0.0530162 0.0878813 0.118025 0.128444 0.113317 0.0811597 0.0474543 0.0231975 0.0105054 0.00605444 0.00592403 0.00770671 0.0103289 0.0133187 0.0163536 0.0191175 0.0213107 0.0227039 0.0231857 0.0227819 0.0216363 0.0199656 0.0180014 0.0159425 0.0139274 0.0120317 0.0102829 0.00868182 0.00722178
 1.0243e-16 2.83414e-05 0.000166327 0.000790616 0.00304387 0.00949198 0.0239761 0.0490591 0.0813238 0.109225 0.118882 0.10492 0.0752301 0.044157 0.0219021 0.0104534 0.0067647 0.00722811 0.00961603 0.0129058 0.0165976 0.0202999 0.0236117 0.0261532 0.0276401 0.027945 0.0271213 0.0253771 0.0230138 0.0203492 0.0176525 0.0151069 0.0128054 0.0107701 0.00898215 0.00740955
 1.04821e-16 1.6153e-05 9.47553e-05 0.00045032 0.00173358 0.00540586 0.0136551 0.0279429 0.0463287 0.0622492 0.0678212 0.0600177 0.0433873 0.0261791 0.0143116 0.00904839 0.00878845 0.0115797 0.0161824 0.0219288 0.0283132 0.0347656 0.0406343 0.0452833 0.0482235 0.0492166 0.0483163 0.045829 0.0422173 0.0379778 0.0335379 0.0291983 0.0251255 0.0213824 0.0179733 0.0148843
pSPR Fmed_Fpbrs
0.724563   0.334952 0.334952
Fs Fmed_Fpbrs
0.199155   1.005 1.005
SSBpbr Bo_Bmed_Bpbrs
1.41101e+06  951812  402069 402069
Ro
59874.1
SPR SPRFo_SPRFmed_SPRFpbrs
1.23118e+06 892069 412387
log_Ro
10.82
likeval ReclasPelacesDesembMPH_pf_preclas_ppelaces_ptallas_desvR_qrecl_qpela
 64.1161 25.2888 0.0244345 0.00146601 317.704 200.527 78.2038 0 15.7521 9.15842e-05 0 0 0 0 0
q_reclas_q_pelaces
0.257663 1
M
0.7
N
 59009.8 16666.3 6236.9 738.758 0.393239
 75689.5 27148.4 5597.79 2094.82 248.263
 47371.1 35382.6 9894.96 2040.26 853.998
 74945.9 21605.4 11367.4 3178.96 929.842
 127272 36630.6 9891.11 5204.07 1881.04
 92983.4 62999.9 17895.4 4832.18 3461.34
 145195 44725.8 26575.5 7548.9 3498.49
 131343 70686.8 20067.2 11923.7 4956.66
 152797 62707.2 28699.8 8147.56 6853.65
 144349 72553.2 24759.5 11331.9 5923.11
 68441.1 69079.2 29815 10174.7 7090.77
 40576.1 31406.7 22899 9883.35 5723.3
 42720.4 18719.8 10700.2 7801.62 5317.14
 24083 18889.5 5131.53 2933.17 3596.16
 19149.8 9772.52 3336.41 906.37 1153.26
 24400.2 7919.92 1902.63 649.573 400.994
 20442.8 11280.2 2726.87 655.086 361.716
 22976.1 9647.36 4315.71 1043.28 389.02
 25842.9 11025 4019.6 1798.15 596.77
 47279.4 12464.5 4715.95 1719.38 1024.42
 58791.3 22776 5298.56 2004.71 1166.37
 74075.9 28787.7 10525.5 2448.64 1465.46
 121330 36107.2 12997.2 4752.12 1767.16
 143834 58921.6 15995.2 5757.67 2887.99
 58694.7 69906.4 26209.8 7115.05 3845.8
pred_Ctot
 3134.63 3966.9 1484.51 175.839 0.0935985
 3202.6 5287.26 1090.19 407.974 48.3501
 2791.89 9210.19 2575.69 531.086 222.298
 850.105 1219.08 641.402 179.372 52.466
 291.714 427.311 115.384 60.7076 21.9431
 2101.38 6884.59 1955.6 528.058 378.253
 2051.61 3121.71 1854.88 526.888 244.183
 3651.81 9380.07 2662.9 1582.26 657.744
 4825.33 9362.46 4285 1216.47 1023.28
 3776.93 9097.72 3104.68 1420.95 742.721
 3753.65 16903.5 7295.67 2489.72 1735.1
 2079.38 7245.27 5282.62 2280.01 1320.32
 3389.48 6238.57 3565.95 2599.98 1772
 3203.94 9273.39 2519.21 1439.98 1765.46
 2326.45 4503.27 1537.45 417.664 531.433
 1216.55 1783.71 428.507 146.295 90.3111
 732.358 1890.38 456.979 109.782 60.6177
 557.993 1128.13 504.666 121.998 45.4908
 534.831 1108.59 404.18 180.808 60.0066
 1018.78 1302.18 492.68 179.625 107.023
 590.206 1141.15 265.474 100.442 58.4385
 982.749 1890.64 691.268 160.815 96.2445
 1927.53 2820.95 1015.43 371.269 138.063
 2203.28 4445.03 1206.67 434.356 217.869
 831.851 4893.39 1834.66 498.048 269.203
F
 0.0763834 0.391015 0.391015 0.391015 0.391015
 0.0604195 0.309294 0.309294 0.309294 0.309294
 0.0850675 0.43547 0.43547 0.43547 0.43547
 0.0158834 0.0813088 0.0813088 0.0813088 0.0813088
 0.00319161 0.0163382 0.0163382 0.0163382 0.0163382
 0.0318694 0.163143 0.163143 0.163143 0.163143
 0.0198204 0.101463 0.101463 0.101463 0.101463
 0.0393368 0.20137 0.20137 0.20137 0.20137
 0.0447868 0.229269 0.229269 0.229269 0.229269
 0.0369806 0.189308 0.189308 0.189308 0.189308
 0.0789513 0.40416 0.40416 0.40416 0.40416
 0.073599 0.376762 0.376762 0.376762 0.376762
 0.11607 0.594176 0.594176 0.594176 0.594176
 0.201931 1.03371 1.03371 1.03371 1.03371
 0.18291 0.936335 0.936335 0.936335 0.936335
 0.0715412 0.366227 0.366227 0.366227 0.366227
 0.0509439 0.260788 0.260788 0.260788 0.260788
 0.0342837 0.175502 0.175502 0.175502 0.175502
 0.0291494 0.149219 0.149219 0.149219 0.149219
 0.0303667 0.155451 0.155451 0.155451 0.155451
 0.0140461 0.0719037 0.0719037 0.0719037 0.0719037
 0.0185996 0.0952133 0.0952133 0.0952133 0.0952133
 0.0223089 0.114202 0.114202 0.114202 0.114202
 0.0215031 0.110077 0.110077 0.110077 0.110077
 0.0198806 0.101771 0.101771 0.101771 0.101771
YTP_r0W_actual
 9316.73 107655 60543.8 20469.8 11521.9
YTP_p0W_proyectada
 61796.2 294909 471827 230764 103674
 61796.2 236170 78155 111879 56635.5
CTP_r0_actual
 831.851 4893.39 1834.66 498.048 269.203
CTP_p0_proyectada
 7270.14 13780.8 15122.7 5669.88 2229.55
 7270.14 11036 2504.97 2748.88 1217.97
Wmedp
 8.5 21.4 31.2 40.7 46.5
nmprior
 10.6 11 7 0
nm_flota  nm_reclas  nm_pelaces    nm_pelaL
inf 13.1462 21.1837 52.9422
cv_recla  cv_pelaces  cv_mph
0.724283 0.570212 1.24224
 ------------------------------------------------
Talla a la edad & desviaci?n 
 7.2 14.2025 17.0495 18.207 18.6776
 1.08 2.13037 2.55742 2.73105 2.80164
