years
 1997 1998 1999 2000 2001 2002 2003 2004 2005 2006 2007 2008 2009 2010 2011 2012 2013 2014 2015 2016 2017 2018 2019 2020 2021
reclasobs
 0 0 0 370054 412103 1.49427e+06 250295 1.28982e+06 931140 785840 897777 1.04006e+06 184774 17550 25797 100020 73551 82996 120727 218422 84188 347160 605670 569463 516374
reclaspred
 5.89591e+06 888901 1.07014e+06 210648 232643 327002 660152 601376 633888 887461 990760 652488 352262 139666 75477.8 77559.7 89396.7 109838 119947 133277 210392 226985 377313 440875 419864
pelacesobs
 0 0 0 0 0 0 0 0 0 2.06254e+06 1.5e+06 0 1.87456e+06 323000 250000 174000 83755 137374 0 501740 490994 745055 786931 1.00524e+06 1.33801e+06
pelacespred
 6.9149e+06 2.52832e+06 597685 294837 685172 419764 2.20888e+06 1.59569e+06 1.65614e+06 2.56986e+06 1.80286e+06 1.27036e+06 917571 301865 176146 156328 178118 223883 214458 247730 511306 415023 556201 785662 475973
mphobs
 0 0 0 0 0 112323 0 153150 637223 0 255016 313432 73983 77613 109348 50772 0 0 0 0 0 0 0 0 0
mphpred
 1.27228e+06 530825 212587 75491.2 44582.1 140706 154006 278793 248514 283768 432005 256372 159250 94431.9 43242.6 32291.2 32542.4 36992.1 42809.5 43890.6 60839.2 81560.3 97803.1 137783 153945
desembarqueobs
 350755 77701 442110 56441 14545 235359 269955 359681 431902 328805 639364 411747 362871 311530 167758 66681 60226 58785 57116 73181 50977 67692 138656 160484 209506
desembarquepred
 350749 77681.3 441519 56413.4 14564.7 235146 270091 359095 431404 328615 637842 410872 362146 310776 167027 66513.8 60152.1 58670.9 57007.5 73083.4 50957.9 67608 138532 160338 209226
Reclutas
 6526.54 9167.54 1172.96 3852.34 41417.5 13001.9 63977.1 57337.4 65532.4 130631 51481.2 49252.6 57737.1 29079.2 12646.3 10484.9 7106.19 7908.62 8251.46 10332.5 15905.9 19157.2 32452.8 31292.5 1472
log_desv_Rt
 -0.956367 -0.616575 -2.67271 -1.48356 0.891458 -0.267152 1.32628 1.21671 1.3503 2.04014 1.10897 1.06472 1.22365 0.537778 -0.294878 -0.482309 -0.871278 -0.764291 -0.721855 -0.496948 -0.0655571 0.120434 0.647541 0.611134 -2.44563
SSB
 1.84964e+06 771711 309058 109749 64813.3 204557 223894 405308 361288 412542 628047 372712 231517 137285 62865.9 46944.8 47310.1 53779 62236.2 63808 88447.9 118572 142186 200308 223805
BT
 2.29176e+06 913348 427973 158948 265295 312841 1.04184e+06 942775 993068 1.24133e+06 1.15686e+06 814785 681795 389895 197115 109557 109411 125933 119047 142796 220562 196758 278651 388321 302077
Ftot
 0.134922 0.254702 1.1159 0.800572 0.237533 1.26001 1.28576 1.33186 1.59332 1.00346 1.24085 1.44203 2.39489 3.73094 3.81145 1.73985 1.41746 1.22015 1.01482 1.23159 0.580069 0.664438 0.832417 0.800389 0.960902
BD_Bspro_t
 0.978884 0.843498 0.59299 0.220886 0.256539 0.5688 0.407092 0.488489 0.408355 0.399324 0.464524 0.27903 0.195846 0.139125 0.0774568 0.0712663 0.0984773 0.152424 0.213146 0.262914 0.360815 0.494505 0.497951 0.506362 0.456497
BD_Bspro
 5.29633 2.20975 0.884972 0.31426 0.185589 0.585739 0.641108 1.16058 1.03453 1.18129 1.79838 1.06724 0.662936 0.393108 0.180013 0.134424 0.13547 0.153993 0.17821 0.182711 0.253266 0.339525 0.407141 0.573572 0.640854
BD_Bo
 1.9949 0.832319 0.333331 0.118368 0.0699036 0.220623 0.241478 0.437139 0.389663 0.444942 0.677372 0.401984 0.249699 0.148067 0.0678032 0.0506317 0.0510257 0.0580027 0.0671241 0.0688193 0.0953943 0.127884 0.153353 0.21604 0.241382
BD_Brms
 6.38905 2.66566 1.06756 0.379097 0.223879 0.706585 0.773378 1.40002 1.24797 1.42501 2.16941 1.28743 0.799709 0.474212 0.217152 0.162158 0.163419 0.185765 0.214978 0.220407 0.305518 0.409574 0.491141 0.691909 0.773072
S_f
 0.108664 0.999996 1 1 1
 0.108664 0.999996 1 1 1
 0.108664 0.999996 1 1 1
 0.108664 0.999996 1 1 1
 0.108664 0.999996 1 1 1
 0.108664 0.999996 1 1 1
 0.108664 0.999996 1 1 1
 0.108664 0.999996 1 1 1
 0.108664 0.999996 1 1 1
 0.108664 0.999996 1 1 1
 0.108664 0.999996 1 1 1
 0.108664 0.999996 1 1 1
 0.108664 0.999996 1 1 1
 0.108664 0.999996 1 1 1
 0.108664 0.999996 1 1 1
 0.108664 0.999996 1 1 1
 0.108664 0.999996 1 1 1
 0.108664 0.999996 1 1 1
 0.108664 0.999996 1 1 1
 0.108664 0.999996 1 1 1
 0.108664 0.999996 1 1 1
 0.108664 0.999996 1 1 1
 0.108664 0.999996 1 1 1
 0.108664 0.999996 1 1 1
 0.108664 0.999996 1 1 1
Scru_reclas
 0.181133 0.526787 0.84854 0.965747 0.993002
 0.181133 0.526787 0.84854 0.965747 0.993002
 0.181133 0.526787 0.84854 0.965747 0.993002
 0.181133 0.526787 0.84854 0.965747 0.993002
 0.181133 0.526787 0.84854 0.965747 0.993002
 0.181133 0.526787 0.84854 0.965747 0.993002
 0.181133 0.526787 0.84854 0.965747 0.993002
 0.181133 0.526787 0.84854 0.965747 0.993002
 0.181133 0.526787 0.84854 0.965747 0.993002
 0.181133 0.526787 0.84854 0.965747 0.993002
 0.181133 0.526787 0.84854 0.965747 0.993002
 0.181133 0.526787 0.84854 0.965747 0.993002
 0.181133 0.526787 0.84854 0.965747 0.993002
 0.181133 0.526787 0.84854 0.965747 0.993002
 0.181133 0.526787 0.84854 0.965747 0.993002
 0.181133 0.526787 0.84854 0.965747 0.993002
 0.181133 0.526787 0.84854 0.965747 0.993002
 0.181133 0.526787 0.84854 0.965747 0.993002
 0.181133 0.526787 0.84854 0.965747 0.993002
 0.181133 0.526787 0.84854 0.965747 0.993002
 0.181133 0.526787 0.84854 0.965747 0.993002
 0.181133 0.526787 0.84854 0.965747 0.993002
 0.181133 0.526787 0.84854 0.965747 0.993002
 0.181133 0.526787 0.84854 0.965747 0.993002
 0.181133 0.526787 0.84854 0.965747 0.993002
Scru_pelaces
 0.756053 0.999992 1 1 1
 0.756053 0.999992 1 1 1
 0.756053 0.999992 1 1 1
 0.756053 0.999992 1 1 1
 0.756053 0.999992 1 1 1
 0.756053 0.999992 1 1 1
 0.756053 0.999992 1 1 1
 0.756053 0.999992 1 1 1
 0.756053 0.999992 1 1 1
 0.756053 0.999992 1 1 1
 0.756053 0.999992 1 1 1
 0.756053 0.999992 1 1 1
 0.756053 0.999992 1 1 1
 0.756053 0.999992 1 1 1
 0.756053 0.999992 1 1 1
 0.756053 0.999992 1 1 1
 0.756053 0.999992 1 1 1
 0.756053 0.999992 1 1 1
 0.756053 0.999992 1 1 1
 0.756053 0.999992 1 1 1
 0.756053 0.999992 1 1 1
 0.756053 0.999992 1 1 1
 0.756053 0.999992 1 1 1
 0.756053 0.999992 1 1 1
 0.756053 0.999992 1 1 1
pf_obs 
 0.256992 0.487395 0.22802 0.0275931 0
 0.321318 0.546541 0.124235 0.00734118 0.000564706
 0.182869 0.594174 0.210203 0.0122559 0.00049798
 0.330522 0.361315 0.267642 0.0388342 0.00168674
 0.649043 0.306663 0.0425973 0.00169635 0
 0.582887 0.30429 0.105238 0.00758474 0
 0.465427 0.430635 0.0974691 0.00646863 0
 0.296916 0.608066 0.0921331 0.00288517 0
 0.311714 0.524322 0.152257 0.0117073 0
 0.15457 0.633149 0.183074 0.0267441 0.00246327
 0.131901 0.49318 0.331252 0.0422183 0.00144891
 0.196976 0.569456 0.194076 0.0375587 0.00193317
 0.518974 0.381816 0.0799577 0.0180837 0.00116848
 0.0928022 0.601141 0.25162 0.0475244 0.00691264
 0.122501 0.610282 0.24278 0.0234846 0.000952079
 0.383417 0.481906 0.127806 0.00687128 0
 0.0376549 0.599619 0.316969 0.0457579 0
 0.0361596 0.667082 0.258105 0.0386534 0
 0.158088 0.579412 0.248529 0.0139706 0
 0.0477256 0.309471 0.559284 0.082774 0.000745712
 0.0406174 0.521527 0.379366 0.0568643 0.0016247
 0.151134 0.462217 0.34131 0.0453401 0
 0.294876 0.26143 0.354403 0.0886775 0.000613685
 0.281977 0.475581 0.204845 0.0348837 0.00271318
 0.0841818 0.532909 0.334909 0.0458182 0.00218182
pf_pred 
 0.0102262 0.630694 0.316748 0.0423307 1.69565e-06
 0.0307876 0.089511 0.560555 0.281522 0.0376245
 0.0105158 0.246994 0.0685724 0.429428 0.24449
 0.141261 0.130237 0.181849 0.050486 0.496167
 0.662481 0.235594 0.0154581 0.021584 0.0648832
 0.0940736 0.86354 0.0295862 0.00194124 0.0108586
 0.557542 0.289938 0.145384 0.00498104 0.00215495
 0.25455 0.714927 0.0200013 0.0100292 0.000492271
 0.298931 0.60789 0.0893645 0.0025001 0.00131516
 0.401327 0.541893 0.0492337 0.00723768 0.000309
 0.118945 0.804885 0.0689452 0.00626397 0.00096016
 0.216997 0.555623 0.207722 0.017793 0.00186437
 0.346935 0.554961 0.0696153 0.0260258 0.00246291
 0.269722 0.695229 0.0297838 0.0037361 0.00152893
 0.276228 0.703576 0.0192268 0.000823672 0.000145604
 0.321413 0.661258 0.0168459 0.000460347 2.32073e-05
 0.210749 0.726649 0.0610032 0.00155408 4.46092e-05
 0.267782 0.617274 0.105826 0.0088842 0.000232825
 0.244726 0.655094 0.0844539 0.0144788 0.00124736
 0.28186 0.6012 0.101429 0.013076 0.00243488
 0.294974 0.617612 0.0731802 0.0123462 0.00188803
 0.231169 0.644952 0.108519 0.0128582 0.00250105
 0.300141 0.557551 0.119378 0.0200864 0.00284293
 0.209793 0.67945 0.0882363 0.0188923 0.0036287
 0.01232 0.778874 0.179539 0.0233156 0.00595097
pobs_RECLAS
 0 0 0 0 0
 0 0 0 0 0
 0 0 0 0 0
 0 0 0 0 0
 0.835266 0.146461 0.0176864 0.000547809 3.91292e-05
 0.385257 0.428462 0.181853 0.0044286 0
 0.867414 0.0963971 0.0333333 0.00285562 0
 0.441836 0.489002 0.0689373 0.000224442 0
 0.779404 0.147425 0.0564933 0.0165055 0.000172143
 0.814271 0.122319 0.05973 0.00367925 0
 0.40263 0.566651 0.0304383 0.000280538 0
 0.475488 0.404961 0.113038 0.00651328 0
 0.955842 0.0263864 0.0167828 0.000988607 0
 0.975058 0.0227948 0.00214734 0 0
 0.738997 0.206755 0.0527124 0.00153531 0
 0.850938 0.134255 0.0134407 0.00136685 0
 0.542534 0.407297 0.0501686 0 0
 0.764087 0.199537 0.0359546 0.000420521 0
 0.470689 0.182191 0.310203 0.0369168 0
 0.84361 0.089868 0.0606195 0.00523954 0.000663233
 0.607945 0.314616 0.071237 0.00620181 0
 0.523733 0.453247 0.0230204 0 0
 0.530135 0.295979 0.169645 0.0042399 0
 0.562478 0.366248 0.0663022 0.0049721 0
 0.250443 0.683176 0.0655157 0.000865301 0
ppred_RECLAS
 0.0260631 0.504104 0.407803 0.0620274 2.55477e-06
 0.0589623 0.05333 0.53796 0.307492 0.0422552
 0.0225199 0.150371 0.0672454 0.479286 0.280577
 0.24768 0.067526 0.151874 0.0479884 0.484931
 0.834318 0.0924164 0.00976734 0.0155219 0.0479768
 0.265307 0.67838 0.0374381 0.00279573 0.0160797
 0.788997 0.113859 0.0919634 0.00358599 0.00159519
 0.5465 0.423009 0.0190626 0.0108788 0.000549042
 0.598439 0.321657 0.0761673 0.00242523 0.00131177
 0.686538 0.26748 0.039145 0.00654944 0.000287508
 0.314246 0.593988 0.0819563 0.00847461 0.00133567
 0.463694 0.321675 0.193712 0.0188849 0.00203462
 0.680441 0.246497 0.0498069 0.0211924 0.00206211
 0.687791 0.288281 0.0198931 0.00284009 0.00119505
 0.702312 0.284446 0.0125208 0.000610475 0.000110962
 0.644066 0.341463 0.0140121 0.000435798 2.25897e-05
 0.48347 0.453389 0.0613105 0.00177765 5.24668e-05
 0.542985 0.350673 0.0968394 0.00925271 0.000249326
 0.508793 0.392411 0.0814879 0.0159 0.00140845
 0.559571 0.333845 0.0907243 0.0133115 0.00254869
 0.561316 0.355709 0.0678903 0.0130359 0.00204975
 0.475975 0.398533 0.108013 0.0145661 0.00291321
 0.56259 0.307917 0.106196 0.0203365 0.00295957
 0.451154 0.432085 0.0903847 0.0220255 0.00434987
 0.0364684 0.668848 0.248345 0.0367057 0.00963299
pobs_PELACES
 0 0 0 0 0
 0 0 0 0 0
 0 0 0 0 0
 0 0 0 0 0
 0 0 0 0 0
 0 0 0 0 0
 0 0 0 0 0
 0 0 0 0 0
 0 0 0 0 0
 0 0 0 0 0
 0.450072 0.473896 0.0757376 0.000293798 0
 0 0 0 0 0
 0.463077 0.371075 0.160297 0.00555027 0
 0.529543 0.364841 0.0842815 0.0213345 0
 0.631943 0.363953 0.00410389 0 0
 0.735681 0.248677 0.0153453 0.000297389 0
 0.695825 0.281241 0.0229344 0 0
 0.275771 0.60734 0.115278 0.00161068 0
 0 0 0 0 0
 0.896147 0.0623911 0.0374545 0.00400742 0
 0.803859 0.145111 0.0509908 3.86294e-05 0
 0.739449 0.233085 0.0266225 0.000797448 4.60066e-05
 0.878498 0.100942 0.0204185 0.000141795 0
 0.694673 0.275183 0.0284847 0.00165964 0
 0.469039 0.446079 0.0841089 0.000773354 0
ppred_PELACES
 0.0700904 0.592547 0.297591 0.0397705 1.5931e-06
 0.194837 0.07436 0.465675 0.233871 0.0312562
 0.102443 0.224047 0.0622018 0.389532 0.221776
 0.607525 0.0595227 0.0831116 0.0230739 0.226766
 0.936944 0.0440143 0.00288793 0.0040324 0.0121217
 0.542847 0.435764 0.0149299 0.000979597 0.00547953
 0.935791 0.0420756 0.0210981 0.000722847 0.000312725
 0.801233 0.190629 0.00533317 0.0026742 0.00013126
 0.850027 0.13004 0.0191169 0.000534823 0.000281339
 0.872812 0.115125 0.0104597 0.00153764 6.5647e-05
 0.604873 0.360967 0.0309199 0.00280921 0.000430604
 0.774644 0.159913 0.0597845 0.00512101 0.000536583
 0.912534 0.0743269 0.0093237 0.00348569 0.000329861
 0.937363 0.0596309 0.00255459 0.00032045 0.000131138
 0.941836 0.0565411 0.00154511 6.61919e-05 1.17011e-05
 0.870837 0.125864 0.00320647 8.7623e-05 4.41731e-06
 0.766107 0.215341 0.0180782 0.00046055 1.32199e-05
 0.804284 0.164992 0.0282865 0.00237468 6.22323e-05
 0.769211 0.200177 0.0258067 0.00442429 0.000381157
 0.81592 0.154105 0.0259992 0.00335177 0.000624131
 0.782849 0.190227 0.0225398 0.0038027 0.000581523
 0.728148 0.228049 0.0383714 0.00454657 0.000884351
 0.803478 0.156562 0.0335218 0.00564031 0.000798305
 0.714131 0.245801 0.0319209 0.0068346 0.00131274
 0.111446 0.700704 0.16152 0.0209756 0.00535372
pobs_pel_tallas
 0 0 0 0 0 0 0 0 0 0 0 0 0 0 0 0 0 0 0 0 0 0 0 0 0 0 0 0 0 0 0 0 0 0 0 0
 0 0 0 0 0 0 0 0 0 0 0 0 0 0 0 0 0 0 0 0 0 0 0 0 0 0 0 0 0 0 0 0 0 0 0 0
 0 0 0 0 0 0 0 0 0 0 0 0 0 0 0 0 0 0 0 0 0 0 0 0 0 0 0 0 0 0 0 0 0 0 0 0
 0 0 0 0 0 0 0 0 0 0 0 0 0 0 0 0 0 0 0 0 0 0 0 0 0 0 0 0 0 0 0 0 0 0 0 0
 0 0 0 0 0 0 0 0 0 0 0 0 0 0 0 0 0 0 0 0 0 0 0 0 0 0 0 0 0 0 0 0 0 0 0 0
 0 0 0 0 0 0 0 0 0 0 0 0 0 0 0 0 0 0 0 0 0 0 0 0 0 0 0 0 0 0 0 0 0 0 0 0
 0 0 0 0 0 0 0 0 0 0 0 0 0 0 0 0 0 0 0 0 0 0 0 0 0 0 0 0 0 0 0 0 0 0 0 0
 0 0 0 0 0 0 0 0 0 0 0 0 0 0 0 0 0 0 0 0 0 0 0 0 0 0 0 0 0 0 0 0 0 0 0 0
 0 0 0 0 0 0 0 0 0 0 0 0 0 0 0 0 0 0 0 0 0 0 0 0 0 0 0 0 0 0 0 0 0 0 0 0
 0 0 0 0 0 0 0 0 0 0 0 0 0 0 0 0 0 0 0 0 0 0 0 0 0 0 0 0 0 0 0 0 0 0 0 0
 0 0 0 0 0 0 0 0 1.78061e-05 0.00172719 0.00360574 0.0105946 0.0120993 0.0124554 0.0147524 0.0171206 0.0266825 0.0428682 0.0675386 0.121331 0.153587 0.119568 0.100827 0.0573624 0.0630603 0.0341343 0.0324427 0.0444173 0.0211091 0.0280891 0.0125444 0.00206551 0 0 0 0
 0 0 0 0 0 0 0 0 0 0 0 0 0 0 0 0 0 0 0 0 0 0 0 0 0 0 0 0 0 0 0 0 0 0 0 0
 0 0 0 0 0 0 0.0133647 0.0140871 0.0187388 0.0205184 0.03894 0.0496705 0.03968 0.0493445 0.0407372 0.0367815 0.0215668 0.0243155 0.0234873 0.0199281 0.019796 0.0243948 0.0301388 0.0376714 0.0412746 0.0863199 0.0771752 0.113111 0.0741005 0.0525337 0.0229764 0.00759418 0.00175318 0 0 0
 0 0 0 0 0 0 0 0 0 0 0.00219441 0.00772107 0.0458388 0.0604681 0.0671733 0.0775358 0.0609151 0.0617685 0.073594 0.0568108 0.0755445 0.0548602 0.0670107 0.0636378 0.0643287 0.046367 0.0373049 0.0286899 0.0247887 0.0153202 0.00654259 0.00121912 0.000365735 0 0 0
 0 0 0 0 0 0 0 0 0 0 0 0 0.000112435 0.00938835 0.0111873 0.0202946 0.0414886 0.0713402 0.111592 0.104902 0.108894 0.110636 0.117776 0.105296 0.107544 0.0401394 0.0192827 0.0124803 0.00416011 0.0028671 0.000618394 0 0 0 0 0
 0 0 0 0 0 0 0 0 0 0 0.00291406 0.0102884 0.027416 0.0768956 0.0749926 0.110853 0.0956884 0.0897413 0.0766577 0.0534642 0.0500743 0.0551293 0.0594112 0.0620874 0.0668451 0.0424026 0.0208742 0.0120726 0.0048766 0.00582813 0.00118941 0.000297354 0 0 0 0
 0 0.00264628 0.0354308 0.0461629 0.0458689 0.0383711 0.0214643 0.0164657 0.0346957 0.0420465 0.0363128 0.0245516 0.0311673 0.0291091 0.0169068 0.0133784 0.00837989 0.0085269 0.0148486 0.0160247 0.0276389 0.0546898 0.0760071 0.122758 0.109233 0.0665981 0.0333725 0.0166128 0.00676272 0.00308733 0.000882094 0 0 0 0 0
 0 0 0 0 0 0 0 0.000805153 0.000690131 0.00759144 0.0133425 0.0154129 0.00931677 0.000345066 0.00356568 0.00563607 0.00851162 0.0253048 0.0502646 0.0516448 0.0657925 0.0565908 0.0611916 0.0827007 0.0866115 0.110766 0.145733 0.0935128 0.0569358 0.0249597 0.0138026 0.00621118 0.00161031 0.00115022 0 0
 0 0 0 0 0 0 0 0 0 0 0 0 0 0 0 0 0 0 0 0 0 0 0 0 0 0 0 0 0 0 0 0 0 0 0 0
 0.00147267 0.00158595 0.00478618 0.00569244 0.00954404 0.0108468 0.00647125 0.017049 0.0510054 0.094081 0.124002 0.0959785 0.0687766 0.0820023 0.061753 0.0591476 0.0492212 0.0479892 0.0443925 0.0268479 0.0217502 0.0140895 0.0121071 0.0120363 0.00920419 0.00665534 0.0049561 0.00860946 0.00930331 0.0156896 0.0114698 0.00855282 0.00243557 0.00046729 0 2.83206e-05
 0 0 0 0 0.000772559 0.00158375 0.000888443 0.00281984 0.00712685 0.0440552 0.0773331 0.111326 0.0921469 0.0852325 0.0710754 0.0886704 0.0786465 0.0553345 0.0373146 0.0185414 0.00753245 0.00457741 0.012979 0.0271748 0.0457355 0.0583668 0.034881 0.0177882 0.00938659 0.00492506 0.0015258 0.00185414 0.000309023 5.79419e-05 3.86279e-05 0
 0 0.00173294 0.00326652 0 0.00397197 0.00683976 0.00946217 0.0152591 0.00757587 0.0136028 0.0228656 0.0392903 0.0559909 0.0764795 0.0681675 0.0726916 0.0566044 0.0477403 0.0527397 0.0444891 0.0609904 0.0582453 0.0661739 0.0445044 0.0529084 0.0360697 0.0280645 0.0235558 0.0158879 0.00826598 0.00280645 0.00217768 0.000904811 0.00058276 9.20147e-05 0
 0 0 0 0 0 0 0 0 0 0 0 0 0 0 0 0 0 0 0 0 0 0 0 0 0 0 0 0 0 0 0 0 0 0 0 0
 0 0 0 0 0 0 0 0 0 0 0 0 0 0 0 0 0 0 0 0 0 0 0 0 0 0 0 0 0 0 0 0 0 0 0 0
 0 0 0 0 0 0 0 0 0 0 0 0 0 0 0 0 0 0 0 0 0 0 0 0 0 0 0 0 0 0 0 0 0 0 0 0
ppred_pel_tallas
 1.05784e-16 3.09364e-06 1.80675e-05 8.56981e-05 0.00032963 0.00102763 0.00259637 0.0053173 0.00883222 0.0119166 0.0131131 0.0119128 0.00928352 0.00694545 0.00623163 0.00763384 0.0111048 0.0164715 0.0235556 0.0320701 0.0414977 0.0510664 0.0598381 0.0668789 0.0714537 0.0731793 0.0720881 0.0685799 0.06329 0.0569224 0.0501049 0.0433059 0.0368198 0.0308012 0.0253193 0.0204053
 1.16132e-16 8.51232e-06 4.99273e-05 0.000237268 0.00091339 0.0028482 0.00719433 0.0147212 0.024405 0.0327844 0.0357 0.0315478 0.0227108 0.013518 0.00707063 0.00402589 0.0035559 0.00469211 0.00690593 0.010047 0.0141204 0.0191341 0.0250287 0.0316503 0.0387429 0.0459545 0.0528554 0.0589709 0.0638281 0.0670119 0.0682244 0.067333 0.0643994 0.0596741 0.0535641 0.0465715
 1.24704e-16 4.48791e-06 2.62909e-05 0.000124876 0.000480618 0.00149859 0.00378551 0.0077475 0.0128495 0.0172785 0.0188602 0.0167738 0.0123085 0.00779456 0.00493504 0.00416236 0.00512981 0.00739798 0.0107146 0.0149593 0.0200171 0.0257102 0.0317969 0.038009 0.0440988 0.0498708 0.0551853 0.059932 0.0639904 0.0671955 0.0693319 0.0701613 0.069478 0.0671695 0.0632657 0.0579553
 1.12588e-16 2.65057e-05 0.000155568 0.000739507 0.00284715 0.00887858 0.0224265 0.045887 0.076061 0.102142 0.111136 0.097995 0.0700718 0.040742 0.019493 0.00812242 0.00372736 0.00291068 0.00362507 0.00503284 0.00687747 0.00908043 0.0115883 0.0143366 0.0172477 0.0202338 0.0231968 0.0260235 0.0285821 0.0307242 0.0322947 0.0331522 0.0331931 0.0323739 0.0307246 0.0283501
 1.00761e-16 4.08695e-05 0.000239897 0.00114042 0.00439077 0.0136923 0.0345854 0.070765 0.117295 0.157508 0.171358 0.151049 0.107905 0.0625281 0.0295117 0.0115767 0.00418095 0.00201075 0.00183045 0.00227541 0.00289224 0.00352594 0.00409105 0.00452069 0.00476816 0.00481572 0.00467788 0.00439574 0.00402497 0.00362131 0.00322852 0.00287211 0.00255946 0.00228477 0.00203595 0.00180102
 1.00644e-16 2.3701e-05 0.000139067 0.000660979 0.00254467 0.00793519 0.020044 0.0410151 0.0679963 0.0913448 0.099474 0.0879162 0.0633105 0.0377087 0.0197194 0.0110979 0.0093857 0.0116204 0.0159234 0.0213226 0.0271684 0.0328046 0.0375217 0.0406608 0.0417596 0.040665 0.0375723 0.0329709 0.0275205 0.0218982 0.0166653 0.0121883 0.00862471 0.00595902 0.00406559 0.0027724
 1.00353e-16 4.08192e-05 0.000239602 0.00113902 0.00438536 0.0136754 0.0345429 0.0706779 0.117151 0.157315 0.171147 0.150863 0.107771 0.0624498 0.0294732 0.0115598 0.00417355 0.00200863 0.00183541 0.00229354 0.00293299 0.00360117 0.00421322 0.00470005 0.00500925 0.00511396 0.00501721 0.00474851 0.00435431 0.0038861 0.00338987 0.00290004 0.00243821 0.00201547 0.0016363 0.00130195
 1.00236e-16 3.49579e-05 0.000205177 0.000975325 0.00375506 0.0117098 0.0295781 0.0605207 0.10032 0.134727 0.146609 0.129319 0.0925695 0.0540207 0.026209 0.0115273 0.00615514 0.00559017 0.00706223 0.00933439 0.0118723 0.0143296 0.0163849 0.0177487 0.0182187 0.0177283 0.0163637 0.0143396 0.0119454 0.00947804 0.00718349 0.00522246 0.00366389 0.00250083 0.00167799 0.00111966
 1.00346e-16 3.70831e-05 0.00021766 0.00103468 0.00398362 0.0124226 0.0313784 0.0642038 0.106423 0.142916 0.155505 0.137126 0.098071 0.0570565 0.0273563 0.0114787 0.00534225 0.00415262 0.00497477 0.00653172 0.00832759 0.0100966 0.011614 0.0126788 0.0131471 0.0129643 0.0121773 0.0109194 0.00937571 0.00773884 0.00617131 0.00478287 0.00362612 0.00270633 0.00199849 0.00146423
 1.00243e-16 3.8076e-05 0.00022349 0.0010624 0.00409036 0.0127555 0.0322192 0.065924 0.109274 0.146743 0.159664 0.140782 0.100662 0.0585157 0.0279649 0.0115769 0.00515162 0.00375958 0.00438539 0.00572404 0.00728191 0.00881028 0.0101078 0.0109973 0.0113539 0.0111328 0.0103805 0.0092201 0.00782038 0.00635564 0.00497165 0.00376524 0.00278049 0.00201787 0.00145002 0.00103767
 1.00674e-16 2.64026e-05 0.000154935 0.000736431 0.0028352 0.00884123 0.0223325 0.045697 0.0757544 0.101756 0.110782 0.0978417 0.0703077 0.0415752 0.0211908 0.0110577 0.00838638 0.00984351 0.0133406 0.0178531 0.0227781 0.027558 0.0316023 0.0343615 0.0354451 0.0347149 0.0323182 0.0286443 0.024225 0.0196095 0.0152572 0.0114728 0.00839464 0.00602321 0.00427074 0.0030115
 1.01102e-16 3.37974e-05 0.000198367 0.000942952 0.00363043 0.0113212 0.0285963 0.0585118 0.0969893 0.130252 0.141736 0.125011 0.0894644 0.0521665 0.0252325 0.010971 0.00568619 0.00502908 0.00633455 0.00843152 0.0108394 0.0132665 0.0154434 0.0171188 0.0181019 0.0183028 0.0177484 0.016568 0.0149544 0.0131158 0.011234 0.0094393 0.00780652 0.00636471 0.00511426 0.00404265
 1.00292e-16 3.98064e-05 0.000233653 0.00111073 0.00427643 0.0133357 0.0336848 0.0689225 0.114243 0.153412 0.166908 0.147145 0.105155 0.0610129 0.0289442 0.0116124 0.00460692 0.00276118 0.00292322 0.00374934 0.0047672 0.00578072 0.0066538 0.00727099 0.00755051 0.00746152 0.00703084 0.00633427 0.00547649 0.00456605 0.00369385 0.00292045 0.00227389 0.00175569 0.00135077 0.00103732
 1.00073e-16 4.08885e-05 0.000240007 0.00114094 0.00439276 0.0136985 0.0346011 0.0707972 0.117349 0.157582 0.171442 0.151131 0.107981 0.0626088 0.0296177 0.0117366 0.00442647 0.00237381 0.00233903 0.00294701 0.00372608 0.00449611 0.00514332 0.005575 0.00572735 0.00557908 0.0051566 0.00452656 0.00377905 0.00300666 0.00228634 0.0016686 0.00117545 0.000805324 0.000541566 0.000361057
 1.00044e-16 4.10834e-05 0.000241152 0.00114638 0.00441371 0.0137638 0.0347662 0.0711349 0.117909 0.158333 0.172258 0.151849 0.10849 0.0628948 0.0297366 0.0117548 0.0043874 0.0022943 0.00222024 0.00278472 0.00351671 0.00423965 0.00484454 0.00524342 0.0053761 0.00522298 0.00480992 0.00420106 0.00348283 0.00274391 0.00205788 0.00147291 0.00100975 0.00066644 0.000426409 0.000266818
 1.0009e-16 3.79903e-05 0.000222986 0.00106 0.00408112 0.0127266 0.0321464 0.0657752 0.109027 0.146413 0.159307 0.140474 0.100454 0.0584191 0.0279647 0.0116556 0.00530474 0.00399523 0.0047165 0.0061595 0.00781933 0.00943114 0.0107759 0.0116611 0.0119535 0.0116094 0.0106867 0.00932842 0.00772721 0.0060807 0.00455284 0.00325092 0.00222113 0.00145892 0.000927235 0.000574979
 1.00344e-16 3.34273e-05 0.000196189 0.000932588 0.00359051 0.0111967 0.0282819 0.0578688 0.095925 0.128828 0.140198 0.123684 0.0885778 0.0517769 0.0252806 0.0113925 0.00647502 0.00623463 0.00802466 0.0106503 0.0135716 0.0164134 0.0188151 0.0204477 0.0210783 0.0206248 0.019176 0.0169652 0.014311 0.0115425 0.00893496 0.00667126 0.00483446 0.00342483 0.00238954 0.0016526
 1.0054e-16 3.509e-05 0.000205955 0.000979027 0.00376932 0.0117543 0.0296904 0.0607504 0.1007 0.135235 0.147157 0.129789 0.0928769 0.0541422 0.0261606 0.0113251 0.00579279 0.00504116 0.00629503 0.00833011 0.0106401 0.0129173 0.0148824 0.0162805 0.0169276 0.0167517 0.0158085 0.0142628 0.0123447 0.0102949 0.00831678 0.00654856 0.00505776 0.00385357 0.00290796 0.00217661
 1.00602e-16 3.3562e-05 0.000196981 0.000936358 0.00360503 0.0112419 0.0283963 0.0581027 0.0963122 0.129346 0.140759 0.12417 0.0889082 0.0519336 0.0252895 0.011283 0.00625644 0.00589644 0.00754827 0.0100221 0.0127939 0.0155109 0.0178383 0.019469 0.0201831 0.0198981 0.0186876 0.0167583 0.0143953 0.0118949 0.00950599 0.00739522 0.00564086 0.00424828 0.00317658 0.00236519
 1.00564e-16 3.55969e-05 0.000208932 0.000993183 0.00382383 0.0119243 0.0301198 0.0616288 0.102155 0.137188 0.149279 0.131653 0.0941945 0.0548768 0.026453 0.0113445 0.0056472 0.00476911 0.00589472 0.00778759 0.00994638 0.0120773 0.0139185 0.0152319 0.015846 0.0156934 0.014826 0.0133972 0.0116211 0.00972145 0.00788707 0.00624587 0.00485996 0.00373724 0.00285136 0.00216117
 1.0054e-16 3.41563e-05 0.000200471 0.000952952 0.00366892 0.0114412 0.0288996 0.0591324 0.0980187 0.131637 0.143248 0.126358 0.0904576 0.052804 0.0256486 0.011333 0.00612871 0.00564124 0.00716808 0.0095034 0.0121256 0.0146939 0.0168888 0.0184187 0.0190755 0.0187819 0.0176098 0.0157571 0.0134969 0.0111123 0.00884064 0.0068405 0.00518564 0.00387984 0.00288249 0.0021341
 1.00817e-16 3.17726e-05 0.000186474 0.000886397 0.00341266 0.010642 0.026881 0.0550026 0.0911746 0.12245 0.133264 0.117581 0.0842398 0.0493066 0.0241973 0.0111137 0.00661166 0.00662163 0.00863318 0.0115063 0.0147114 0.017864 0.0205854 0.0225251 0.0234289 0.0231977 0.0219083 0.0197881 0.0171544 0.0143386 0.0116207 0.00919018 0.00713914 0.00547932 0.0041715 0.00315455
 1.00759e-16 3.50544e-05 0.000205747 0.000978041 0.00376553 0.0117425 0.0296605 0.0606892 0.100598 0.135098 0.147006 0.129652 0.0927696 0.0540616 0.0260881 0.0112369 0.00566663 0.00485845 0.0060419 0.00799966 0.0102358 0.0124562 0.0143958 0.0158122 0.0165283 0.016471 0.0156865 0.0143228 0.0125898 0.0107078 0.00886407 0.00718658 0.00573974 0.00453581 0.00355432 0.00276097
 1.0083e-16 3.11621e-05 0.000182888 0.000869346 0.003347 0.0104373 0.0263638 0.0539445 0.0894213 0.120097 0.130709 0.115339 0.0826596 0.0484351 0.0238687 0.0111292 0.00684742 0.00703751 0.00923619 0.0123145 0.0157317 0.0190793 0.021951 0.0239706 0.0248682 0.0245419 0.0230814 0.0207389 0.0178629 0.0148153 0.0118998 0.00931955 0.00716951 0.00545591 0.00412893 0.0031152
 1.03492e-16 4.901e-06 2.86692e-05 0.00013608 0.000523577 0.00163243 0.00412414 0.00844399 0.0140175 0.0188875 0.0207178 0.018666 0.0142157 0.0100201 0.00808573 0.00905556 0.0127053 0.0186293 0.026472 0.0358023 0.0459483 0.0559596 0.064717 0.0711433 0.0744427 0.0742819 0.0708592 0.0648296 0.0571238 0.0487224 0.0404603 0.0329118 0.0263696 0.0208957 0.0164072 0.0127591
pSPR Fmed_Fpbrs
0.36029   0.362238 0.362238
Fs Fmed_Fpbrs
1.0142   1.005 1.005
SSBpbr Bo_Bmed_Bpbrs
927182  287695  289501 289501
Ro
16983.5
SPR SPRFo_SPRFmed_SPRFpbrs
349229 125824 126504
log_Ro
9.56
likeval ReclasPelacesDesembMPH_pf_preclas_ppelaces_ptallas_desvR_qrecl_qpela
 69.5216 20.1701 0.352686 0.000165308 382.456 194.346 90.1773 0 47.3661 7.46505e-05 0.000162246 0 0 0 0
q_reclas_q_pelaces
3.40189 6.12373
M
0.7
N
 6526.54 46094.8 23149.7 3093.77 0.123928
 9167.54 3193.82 20001 10044.9 1342.47
 1172.96 4428.2 1229.39 7698.9 4383.29
 3852.34 515.961 720.433 200.011 1965.67
 41417.5 1753.63 115.061 160.658 482.952
 13001.9 20043.2 686.709 45.057 252.033
 63977.1 5630.37 2823.24 96.7278 41.8473
 57337.4 27627.4 772.922 387.565 19.0231
 65532.4 24636.5 3621.75 101.324 53.3004
 130631 27368.9 2486.59 365.546 15.6063
 51481.2 58168.3 4982.59 452.69 69.3896
 49252.6 22340.1 8351.92 715.407 74.9609
 57737.1 20910.8 2623.09 980.646 92.8016
 29079.2 22101.8 946.848 118.773 48.6057
 12646.3 9627.3 263.088 11.2706 1.99236
 10484.9 4150.37 105.733 2.88936 0.14566
 7106.19 4309.73 361.808 9.2172 0.264575
 7908.62 3025.09 518.622 43.5388 1.14101
 8251.46 3439.64 443.433 76.0221 6.54938
 10332.5 3669.72 619.121 79.8158 14.8625
 15905.9 4488.27 531.808 89.7214 13.7205
 19157.2 7416.11 1247.82 147.852 28.7587
 32452.8 8850.54 1895 318.849 45.1285
 31292.5 14721.8 1911.84 409.345 78.6238
 1472 14245 3283.62 426.422 108.838
pred_Ctot
 68.3704 4216.71 2117.72 283.016 0.0113369
 180.26 524.082 3282.03 1648.3 220.29
 97.0061 2278.48 632.568 3961.39 2255.37
 231.989 213.884 298.646 82.9118 814.842
 760.11 270.313 17.7361 24.7648 74.445
 1205.96 11070 379.274 24.8853 139.2
 6048.02 3145.14 1577.08 54.0326 23.3761
 5602.59 15735.4 440.224 220.741 10.8348
 7567.54 15388.9 2262.3 63.2911 33.2937
 9766.4 13187.1 1198.12 176.131 7.51961
 4706.66 31849.2 2728.15 247.865 37.9934
 5183.97 13273.6 4962.4 425.068 44.539
 9657.67 15448.5 1937.89 724.484 68.5602
 7134.1 18388.7 787.775 98.819 40.4398
 3158.19 8044.19 219.826 9.41727 1.66474
 1313.15 2701.61 68.8251 1.88078 0.0948149
 736.044 2537.83 213.054 5.42764 0.155798
 711.671 1640.5 281.248 23.6111 0.618767
 623.556 1669.17 215.187 36.8916 3.17825
 938.004 2000.74 337.547 43.5159 8.10308
 701.322 1468.42 173.991 29.3541 4.48894
 963.671 2688.6 452.381 53.6018 10.4261
 2029 3769.13 807.017 135.787 19.2187
 1884.03 6101.76 792.401 169.662 32.5873
 105.595 6675.73 1538.83 199.838 51.0057
F
 0.0146612 0.134921 0.134922 0.134922 0.134922
 0.027677 0.254701 0.254702 0.254702 0.254702
 0.121258 1.1159 1.1159 1.1159 1.1159
 0.0869935 0.800569 0.800572 0.800572 0.800572
 0.0258113 0.237532 0.237533 0.237533 0.237533
 0.136918 1.26 1.26001 1.26001 1.26001
 0.139716 1.28575 1.28576 1.28576 1.28576
 0.144725 1.33185 1.33186 1.33186 1.33186
 0.173137 1.59331 1.59332 1.59332 1.59332
 0.10904 1.00346 1.00346 1.00346 1.00346
 0.134836 1.24085 1.24085 1.24085 1.24085
 0.156698 1.44203 1.44203 1.44203 1.44203
 0.260239 2.39488 2.39489 2.39489 2.39489
 0.40542 3.73093 3.73094 3.73094 3.73094
 0.414169 3.81144 3.81145 3.81145 3.81145
 0.189059 1.73984 1.73985 1.73985 1.73985
 0.154027 1.41746 1.41746 1.41746 1.41746
 0.132587 1.22015 1.22015 1.22015 1.22015
 0.110275 1.01482 1.01482 1.01482 1.01482
 0.13383 1.23159 1.23159 1.23159 1.23159
 0.0630327 0.580066 0.580069 0.580069 0.580069
 0.0722006 0.664435 0.664438 0.664438 0.664438
 0.0904539 0.832414 0.832417 0.832417 0.832417
 0.0869737 0.800387 0.800389 0.800389 0.800389
 0.104416 0.960899 0.960902 0.960902 0.960902
YTP_r0W_actual
 1182.66 146866 50781.3 8213.33 2183.04
YTP_p0W_proyectada
 9083.96 6796.45 40720.5 12244.5 2161.84
 9083.96 65588.8 1801.16 9655.64 3005.12
CTP_r0_actual
 105.595 6675.73 1538.83 199.838 51.0057
CTP_p0_proyectada
 1068.7 317.591 1305.14 300.848 46.4911
 1068.7 3064.9 57.7296 237.239 64.6263
Wmedp
 8.5 21.4 31.2 40.7 46.5
nmprior
 10.6 11 7 0
nm_flota  nm_reclas  nm_pelaces    nm_pelaL
inf 18.5422 10.7788 21.9959
cv_recla  cv_pelaces  cv_mph
0.754197 0.509245 0.417143
 ------------------------------------------------
Talla a la edad & desviaci?n 
 7.2 14.2025 17.0495 18.207 18.6776
 1.08 2.13037 2.55742 2.73105 2.80164
