    unsorted:	 2.606409451e-06 3.615778024e-06 -3.544671152e-06 0.0008999970100 0.006974017194 47.53994861 65.69293523 103.7803022 111.1033609 167.5004949 353.5070491 485.8964820 534.4531896 725.5175595 757.4948900 832.8447845 950.1952322 1042.906216 1192.640083 1352.687836 1293.838126 1455.382320 1680.307217 1761.878307 2102.894906 2120.742741 2421.122934 2754.569195 2937.329450 3252.398615 3605.678876 3714.303952 4068.298807 4512.006955 4723.865786 4819.062229 7683.280136 14839.85043 30622.77268 196507.4780 325613.1290 408148.3693 369049.3654 448524.5952 474688.2065 510479.4909 520376.0208 548837.7976 556578.2810 593517.5121 634587.5736 694226.0479 739881.0967 877766.0283 922223.4251 1021255.027 1212646.709 1272960.550 1501718.518 1696789.012 1948363.611 2105821.598 2360182.496 2570141.408 5056901.770
      sorted:	 -3.544671152e-06 2.606409451e-06 3.615778024e-06 0.0008999970100 0.006974017194 47.53994861 65.69293523 103.7803022 111.1033609 167.5004949 353.5070491 485.8964820 534.4531896 725.5175595 757.4948900 832.8447845 950.1952322 1042.906216 1192.640083 1293.838126 1352.687836 1455.382320 1680.307217 1761.878307 2102.894906 2120.742741 2421.122934 2754.569195 2937.329450 3252.398615 3605.678876 3714.303952 4068.298807 4512.006955 4723.865786 4819.062229 7683.280136 14839.85043 30622.77268 196507.4780 325613.1290 369049.3654 408148.3693 448524.5952 474688.2065 510479.4909 520376.0208 548837.7976 556578.2810 593517.5121 634587.5736 694226.0479 739881.0967 877766.0283 922223.4251 1021255.027 1212646.709 1272960.550 1501718.518 1696789.012 1948363.611 2105821.598 2360182.496 2570141.408 5056901.770
