years
 1997 1998 1999 2000 2001 2002 2003 2004 2005 2006 2007 2008 2009 2010 2011 2012 2013 2014 2015 2016 2017 2018 2019 2020 2021
reclasobs
 0 0 0 370054 412103 1.49427e+06 250295 1.28982e+06 931140 785840 897777 1.04006e+06 184774 17550 25797 100020 73551 82996 120727 218422 84188 347160 605670 569463 516374
reclaspred
 2.65288e+06 327036 424133 111620 229479 233347 498595 440283 533824 1.07607e+06 993671 616374 373405 164184 98550.5 92693.8 102729 120688 99374.8 165330 299025 260391 425906 491205 410795
pelacesobs
 0 0 0 0 0 0 0 0 0 2.06254e+06 1.5e+06 0 1.87456e+06 323000 250000 174000 83755 137374 0 501740 490994 745055 786931 1.00524e+06 1.33801e+06
pelacespred
 1.47703e+06 577001 161991 101129 200719 128394 460925 380449 458584 971530 701072 424021 299786 102040 63861.2 63427.3 72525.1 85861.5 68206 125123 246342 200710 263358 345929 257617
mphobs
 0 0 0 0 0 112323 0 153150 637223 0 255016 313432 73983 77613 109348 50772 0 0 0 0 0 0 0 0 0
mphpred
 1.02527e+06 435241 177437 81710.2 42922.1 125906 126823 179435 196197 266830 533284 353034 179121 108735 46827.2 36701.7 40415 47509.2 49097.5 44234.4 98084.7 128587 138285 198755 220132
desembarqueobs
 350755 77701 442110 56441 14545 235359 269955 359681 431902 328805 639364 411747 362871 311530 167758 66681 60226 58785 57116 73181 50977 67692 138656 160484 209506
desembarquepred
 350746 77682.7 441597 56418.8 14543.1 235156 269795 359032 431379 328521 638583 411286 362125 310980 167373 66622.7 60196.4 58733.7 57059.7 73092.9 50962.3 67646.9 138560 160388 209387
Reclutas
 2987.96 4507.24 576.532 3162.7 55446.3 12206 55269.1 71946.5 80383.6 233080 43093.6 16660.7 59799.8 23446.5 14590.7 14471 9595.26 9359.42 6435.6 27724.1 29649.4 25733.8 59249 43871.9 673.491
log_desv_Rt
 -1.73766 -1.32656 -3.38297 -1.68082 1.18317 -0.33032 1.17997 1.44368 1.55457 2.61914 0.931131 -0.0191906 1.25876 0.322477 -0.151861 -0.1601 -0.570975 -0.595861 -0.970399 0.490059 0.557196 0.415561 1.2495 0.94903 -3.22753
SSB
 2.44717e+06 1.03886e+06 423519 195031 102449 300521 302709 428286 468297 636887 1.27288e+06 842645 427538 259535 111770 87602 96465.2 113398 117189 105582 234115 306920 330067 474401 525426
BT
 2.86293e+06 1.20447e+06 543274 249335 372109 412360 1.0285e+06 1.06068e+06 1.21083e+06 2.04152e+06 1.80477e+06 1.12697e+06 898591 477543 251839 168164 178485 201132 171667 284069 480709 423586 569326 747605 629146
Ftot
 0.100306 0.187852 0.771808 0.418329 0.140413 0.783782 0.824676 1.18842 1.09468 0.562257 0.527026 0.534525 1.14258 1.7087 1.84918 0.79379 0.6219 0.504396 0.514248 0.697309 0.192246 0.240466 0.346571 0.314728 0.379024
BD_Bspro_t
 0.984139 0.878994 0.671123 0.335673 0.361105 0.677587 0.482517 0.510525 0.481342 0.51136 0.641651 0.463645 0.310895 0.247048 0.141841 0.13831 0.197579 0.293631 0.353996 0.387871 0.607634 0.72155 0.701146 0.711167 0.670653
BD_Bspro
 7.00734 2.97472 1.21272 0.558461 0.293358 0.860524 0.866792 1.22637 1.34094 1.82369 3.64482 2.41287 1.22423 0.743164 0.320048 0.250844 0.276223 0.324709 0.335565 0.302327 0.670376 0.87885 0.945129 1.35842 1.50453
BD_Bo
 2.42051 1.02754 0.418904 0.192906 0.101333 0.297246 0.299411 0.42362 0.463194 0.629948 1.25901 0.833464 0.42288 0.256707 0.110552 0.0866476 0.0954142 0.112162 0.115912 0.104431 0.231564 0.303576 0.326471 0.469233 0.519701
BD_Brms
 7.98597 3.39017 1.38209 0.636455 0.334328 0.980703 0.987845 1.39765 1.52821 2.07839 4.15384 2.74984 1.3952 0.846952 0.364745 0.285876 0.314799 0.370057 0.382429 0.344549 0.763999 1.00159 1.07712 1.54814 1.71465
S_f
 0.136891 0.999998 1 1 1
 0.136891 0.999998 1 1 1
 0.136891 0.999998 1 1 1
 0.136891 0.999998 1 1 1
 0.136891 0.999998 1 1 1
 0.136891 0.999998 1 1 1
 0.136891 0.999998 1 1 1
 0.136891 0.999998 1 1 1
 0.136891 0.999998 1 1 1
 0.136891 0.999998 1 1 1
 0.136891 0.999998 1 1 1
 0.136891 0.999998 1 1 1
 0.136891 0.999998 1 1 1
 0.136891 0.999998 1 1 1
 0.136891 0.999998 1 1 1
 0.136891 0.999998 1 1 1
 0.136891 0.999998 1 1 1
 0.136891 0.999998 1 1 1
 0.136891 0.999998 1 1 1
 0.136891 0.999998 1 1 1
 0.136891 0.999998 1 1 1
 0.136891 0.999998 1 1 1
 0.136891 0.999998 1 1 1
 0.136891 0.999998 1 1 1
 0.136891 0.999998 1 1 1
Scru_reclas
 0.722869 0.929214 0.985089 0.997001 0.999403
 0.722869 0.929214 0.985089 0.997001 0.999403
 0.722869 0.929214 0.985089 0.997001 0.999403
 0.722869 0.929214 0.985089 0.997001 0.999403
 0.722869 0.929214 0.985089 0.997001 0.999403
 0.722869 0.929214 0.985089 0.997001 0.999403
 0.722869 0.929214 0.985089 0.997001 0.999403
 0.722869 0.929214 0.985089 0.997001 0.999403
 0.722869 0.929214 0.985089 0.997001 0.999403
 0.722869 0.929214 0.985089 0.997001 0.999403
 0.722869 0.929214 0.985089 0.997001 0.999403
 0.722869 0.929214 0.985089 0.997001 0.999403
 0.722869 0.929214 0.985089 0.997001 0.999403
 0.722869 0.929214 0.985089 0.997001 0.999403
 0.722869 0.929214 0.985089 0.997001 0.999403
 0.722869 0.929214 0.985089 0.997001 0.999403
 0.722869 0.929214 0.985089 0.997001 0.999403
 0.722869 0.929214 0.985089 0.997001 0.999403
 0.722869 0.929214 0.985089 0.997001 0.999403
 0.722869 0.929214 0.985089 0.997001 0.999403
 0.722869 0.929214 0.985089 0.997001 0.999403
 0.722869 0.929214 0.985089 0.997001 0.999403
 0.722869 0.929214 0.985089 0.997001 0.999403
 0.722869 0.929214 0.985089 0.997001 0.999403
 0.722869 0.929214 0.985089 0.997001 0.999403
Scru_pelaces
 1 1 1 1 1
 1 1 1 1 1
 1 1 1 1 1
 1 1 1 1 1
 1 1 1 1 1
 1 1 1 1 1
 1 1 1 1 1
 1 1 1 1 1
 1 1 1 1 1
 1 1 1 1 1
 1 1 1 1 1
 1 1 1 1 1
 1 1 1 1 1
 1 1 1 1 1
 1 1 1 1 1
 1 1 1 1 1
 1 1 1 1 1
 1 1 1 1 1
 1 1 1 1 1
 1 1 1 1 1
 1 1 1 1 1
 1 1 1 1 1
 1 1 1 1 1
 1 1 1 1 1
 1 1 1 1 1
pf_obs 
 0.256992 0.487395 0.22802 0.0275931 0
 0.321318 0.546541 0.124235 0.00734118 0.000564706
 0.182869 0.594174 0.210203 0.0122559 0.00049798
 0.330522 0.361315 0.267642 0.0388342 0.00168674
 0.649043 0.306663 0.0425973 0.00169635 0
 0.582887 0.30429 0.105238 0.00758474 0
 0.465427 0.430635 0.0974691 0.00646863 0
 0.296916 0.608066 0.0921331 0.00288517 0
 0.311714 0.524322 0.152257 0.0117073 0
 0.15457 0.633149 0.183074 0.0267441 0.00246327
 0.131901 0.49318 0.331252 0.0422183 0.00144891
 0.196976 0.569456 0.194076 0.0375587 0.00193317
 0.518974 0.381816 0.0799577 0.0180837 0.00116848
 0.0928022 0.601141 0.25162 0.0475244 0.00691264
 0.122501 0.610282 0.24278 0.0234846 0.000952079
 0.383417 0.481906 0.127806 0.00687128 0
 0.0376549 0.599619 0.316969 0.0457579 0
 0.0361596 0.667082 0.258105 0.0386534 0
 0.158088 0.579412 0.248529 0.0139706 0
 0.0477256 0.309471 0.559284 0.082774 0.000745712
 0.0406174 0.521527 0.379366 0.0568643 0.0016247
 0.151134 0.462217 0.34131 0.0453401 0
 0.294876 0.26143 0.354403 0.0886775 0.000613685
 0.281977 0.475581 0.204845 0.0348837 0.00271318
 0.0841818 0.532909 0.334909 0.0458182 0.00218182
pf_pred 
 0.00439455 0.638142 0.315977 0.0414851 1.15438e-06
 0.0145936 0.032267 0.610923 0.302499 0.0397167
 0.00500604 0.10549 0.0291267 0.551467 0.308911
 0.0919706 0.0469697 0.0912904 0.025206 0.744563
 0.720069 0.133468 0.00757611 0.0147249 0.124162
 0.0720112 0.884052 0.0209486 0.00118911 0.021799
 0.459463 0.247849 0.27883 0.00660717 0.00725043
 0.35139 0.586744 0.0283669 0.0319127 0.00158603
 0.316452 0.602217 0.0735735 0.003557 0.00420049
 0.493461 0.434174 0.063755 0.00778899 0.00082126
 0.0567837 0.852919 0.0773974 0.0113652 0.00153489
 0.0481629 0.346745 0.547165 0.0496519 0.00827563
 0.33789 0.215805 0.162585 0.256559 0.0271615
 0.159322 0.732834 0.0351504 0.0264818 0.0462123
 0.23128 0.598539 0.14835 0.00711558 0.0147157
 0.285461 0.613648 0.0785561 0.0194703 0.00286526
 0.171629 0.674493 0.13215 0.0169172 0.00481
 0.191624 0.545329 0.214184 0.041964 0.00689941
 0.144461 0.590657 0.178688 0.0701818 0.0160111
 0.500759 0.306972 0.132741 0.0401573 0.0193704
 0.241314 0.692412 0.0407508 0.0176214 0.00790233
 0.161788 0.602269 0.215333 0.0126731 0.00793759
 0.313689 0.420989 0.190638 0.0681599 0.00652395
 0.161058 0.669938 0.103668 0.0469445 0.0183908
 0.0031426 0.619015 0.301726 0.04669 0.0294256
pobs_RECLAS
 0 0 0 0 0
 0 0 0 0 0
 0 0 0 0 0
 0 0 0 0 0
 0.835266 0.146461 0.0176864 0.000547809 3.91292e-05
 0.385257 0.428462 0.181853 0.0044286 0
 0.867414 0.0963971 0.0333333 0.00285562 0
 0.441836 0.489002 0.0689373 0.000224442 0
 0.779404 0.147425 0.0564933 0.0165055 0.000172143
 0.814271 0.122319 0.05973 0.00367925 0
 0.40263 0.566651 0.0304383 0.000280538 0
 0.475488 0.404961 0.113038 0.00651328 0
 0.955842 0.0263864 0.0167828 0.000988607 0
 0.975058 0.0227948 0.00214734 0 0
 0.738997 0.206755 0.0527124 0.00153531 0
 0.850938 0.134255 0.0134407 0.00136685 0
 0.542534 0.407297 0.0501686 0 0
 0.764087 0.199537 0.0359546 0.000420521 0
 0.470689 0.182191 0.310203 0.0369168 0
 0.84361 0.089868 0.0606195 0.00523954 0.000663233
 0.607945 0.314616 0.071237 0.00620181 0
 0.523733 0.453247 0.0230204 0 0
 0.530135 0.295979 0.169645 0.0042399 0
 0.562478 0.366248 0.0663022 0.0049721 0
 0.250443 0.683176 0.0655157 0.000865301 0
ppred_RECLAS
 0.02408 0.611985 0.321247 0.0426869 1.19069e-06
 0.0741202 0.0285286 0.572621 0.286963 0.0377675
 0.0277487 0.0967293 0.0283137 0.542557 0.304652
 0.356127 0.0311267 0.0641355 0.0179224 0.530688
 0.934124 0.0302311 0.0018192 0.00357855 0.0302473
 0.318894 0.646773 0.0162475 0.000933415 0.0171527
 0.833443 0.0739362 0.0881797 0.00211478 0.00232625
 0.774121 0.203034 0.0104062 0.0118485 0.000590276
 0.742864 0.224896 0.0291279 0.00142525 0.00168714
 0.851071 0.126538 0.0196983 0.00243566 0.000257431
 0.260907 0.664393 0.063915 0.00949888 0.00128593
 0.223272 0.272326 0.455571 0.0418403 0.00699044
 0.755273 0.0762478 0.0608982 0.0972595 0.0103215
 0.564685 0.3761 0.0191244 0.0145822 0.0255082
 0.677566 0.247653 0.0650726 0.00315894 0.0065487
 0.705841 0.250396 0.0339818 0.00852432 0.00125746
 0.549365 0.362746 0.0753447 0.00976186 0.00278224
 0.57762 0.27925 0.116274 0.0230564 0.00379989
 0.493767 0.342661 0.109896 0.043685 0.00999019
 0.854439 0.0873373 0.0400372 0.0122587 0.00592739
 0.645048 0.322106 0.0200969 0.00879536 0.00395378
 0.5224 0.337339 0.127863 0.00761617 0.00478178
 0.721562 0.166685 0.0800192 0.0289556 0.00277818
 0.523393 0.375649 0.0616243 0.028243 0.011091
 0.017618 0.595819 0.307882 0.0482187 0.0304623
pobs_PELACES
 0 0 0 0 0
 0 0 0 0 0
 0 0 0 0 0
 0 0 0 0 0
 0 0 0 0 0
 0 0 0 0 0
 0 0 0 0 0
 0 0 0 0 0
 0 0 0 0 0
 0 0 0 0 0
 0.450072 0.473896 0.0757376 0.000293798 0
 0 0 0 0 0
 0.463077 0.371075 0.160297 0.00555027 0
 0.529543 0.364841 0.0842815 0.0213345 0
 0.631943 0.363953 0.00410389 0 0
 0.735681 0.248677 0.0153453 0.000297389 0
 0.695825 0.281241 0.0229344 0 0
 0.275771 0.60734 0.115278 0.00161068 0
 0 0 0 0 0
 0.896147 0.0623911 0.0374545 0.00400742 0
 0.803859 0.145111 0.0509908 3.86294e-05 0
 0.739449 0.233085 0.0266225 0.000797448 4.60066e-05
 0.878498 0.100942 0.0204185 0.000141795 0
 0.694673 0.275183 0.0284847 0.00165964 0
 0.469039 0.446079 0.0841089 0.000773354 0
ppred_PELACES
 0.0322819 0.620268 0.307126 0.040323 1.12205e-06
 0.103437 0.0293579 0.555843 0.275226 0.0361359
 0.046446 0.101097 0.0279136 0.528499 0.296045
 0.461505 0.0278549 0.0541386 0.0149481 0.441554
 0.951716 0.0230214 0.00130677 0.00253983 0.0214161
 0.430138 0.542881 0.0128641 0.00073021 0.0133863
 0.893654 0.0487622 0.0548574 0.0012999 0.00142646
 0.86149 0.125299 0.00605774 0.00681493 0.000338696
 0.83632 0.144205 0.0176176 0.000851743 0.00100583
 0.896883 0.0883858 0.0129787 0.00158562 0.000167186
 0.346577 0.590869 0.0536178 0.00787333 0.00106331
 0.308945 0.251745 0.397254 0.0360484 0.00600829
 0.851774 0.0483122 0.0363977 0.0574356 0.00608063
 0.732416 0.233258 0.0111882 0.00842901 0.0147091
 0.822598 0.138129 0.0342355 0.0016421 0.00339601
 0.795976 0.175216 0.0224302 0.00555938 0.00081812
 0.654257 0.281518 0.0551565 0.00706083 0.00200758
 0.674355 0.21968 0.0862816 0.0169047 0.00277935
 0.596863 0.278323 0.0841993 0.0330702 0.00754455
 0.904137 0.0589441 0.0254885 0.00771088 0.00371945
 0.712776 0.262134 0.0154274 0.00667111 0.00299166
 0.605009 0.283808 0.101471 0.00597192 0.00374043
 0.790247 0.128664 0.0582636 0.0208313 0.00199387
 0.610039 0.311404 0.0481875 0.0218209 0.0085485
 0.0256201 0.605058 0.294922 0.0456371 0.0287621
pobs_pel_tallas
 0 0 0 0 0 0 0 0 0 0 0 0 0 0 0 0 0 0 0 0 0 0 0 0 0 0 0 0 0 0 0 0 0 0 0 0
 0 0 0 0 0 0 0 0 0 0 0 0 0 0 0 0 0 0 0 0 0 0 0 0 0 0 0 0 0 0 0 0 0 0 0 0
 0 0 0 0 0 0 0 0 0 0 0 0 0 0 0 0 0 0 0 0 0 0 0 0 0 0 0 0 0 0 0 0 0 0 0 0
 0 0 0 0 0 0 0 0 0 0 0 0 0 0 0 0 0 0 0 0 0 0 0 0 0 0 0 0 0 0 0 0 0 0 0 0
 0 0 0 0 0 0 0 0 0 0 0 0 0 0 0 0 0 0 0 0 0 0 0 0 0 0 0 0 0 0 0 0 0 0 0 0
 0 0 0 0 0 0 0 0 0 0 0 0 0 0 0 0 0 0 0 0 0 0 0 0 0 0 0 0 0 0 0 0 0 0 0 0
 0 0 0 0 0 0 0 0 0 0 0 0 0 0 0 0 0 0 0 0 0 0 0 0 0 0 0 0 0 0 0 0 0 0 0 0
 0 0 0 0 0 0 0 0 0 0 0 0 0 0 0 0 0 0 0 0 0 0 0 0 0 0 0 0 0 0 0 0 0 0 0 0
 0 0 0 0 0 0 0 0 0 0 0 0 0 0 0 0 0 0 0 0 0 0 0 0 0 0 0 0 0 0 0 0 0 0 0 0
 0 0 0 0 0 0 0 0 0 0 0 0 0 0 0 0 0 0 0 0 0 0 0 0 0 0 0 0 0 0 0 0 0 0 0 0
 0 0 0 0 0 0 0 0 1.78061e-05 0.00172719 0.00360574 0.0105946 0.0120993 0.0124554 0.0147524 0.0171206 0.0266825 0.0428682 0.0675386 0.121331 0.153587 0.119568 0.100827 0.0573624 0.0630603 0.0341343 0.0324427 0.0444173 0.0211091 0.0280891 0.0125444 0.00206551 0 0 0 0
 0 0 0 0 0 0 0 0 0 0 0 0 0 0 0 0 0 0 0 0 0 0 0 0 0 0 0 0 0 0 0 0 0 0 0 0
 0 0 0 0 0 0 0.0133647 0.0140871 0.0187388 0.0205184 0.03894 0.0496705 0.03968 0.0493445 0.0407372 0.0367815 0.0215668 0.0243155 0.0234873 0.0199281 0.019796 0.0243948 0.0301388 0.0376714 0.0412746 0.0863199 0.0771752 0.113111 0.0741005 0.0525337 0.0229764 0.00759418 0.00175318 0 0 0
 0 0 0 0 0 0 0 0 0 0 0.00219441 0.00772107 0.0458388 0.0604681 0.0671733 0.0775358 0.0609151 0.0617685 0.073594 0.0568108 0.0755445 0.0548602 0.0670107 0.0636378 0.0643287 0.046367 0.0373049 0.0286899 0.0247887 0.0153202 0.00654259 0.00121912 0.000365735 0 0 0
 0 0 0 0 0 0 0 0 0 0 0 0 0.000112435 0.00938835 0.0111873 0.0202946 0.0414886 0.0713402 0.111592 0.104902 0.108894 0.110636 0.117776 0.105296 0.107544 0.0401394 0.0192827 0.0124803 0.00416011 0.0028671 0.000618394 0 0 0 0 0
 0 0 0 0 0 0 0 0 0 0 0.00291406 0.0102884 0.027416 0.0768956 0.0749926 0.110853 0.0956884 0.0897413 0.0766577 0.0534642 0.0500743 0.0551293 0.0594112 0.0620874 0.0668451 0.0424026 0.0208742 0.0120726 0.0048766 0.00582813 0.00118941 0.000297354 0 0 0 0
 0 0.00264628 0.0354308 0.0461629 0.0458689 0.0383711 0.0214643 0.0164657 0.0346957 0.0420465 0.0363128 0.0245516 0.0311673 0.0291091 0.0169068 0.0133784 0.00837989 0.0085269 0.0148486 0.0160247 0.0276389 0.0546898 0.0760071 0.122758 0.109233 0.0665981 0.0333725 0.0166128 0.00676272 0.00308733 0.000882094 0 0 0 0 0
 0 0 0 0 0 0 0 0.000805153 0.000690131 0.00759144 0.0133425 0.0154129 0.00931677 0.000345066 0.00356568 0.00563607 0.00851162 0.0253048 0.0502646 0.0516448 0.0657925 0.0565908 0.0611916 0.0827007 0.0866115 0.110766 0.145733 0.0935128 0.0569358 0.0249597 0.0138026 0.00621118 0.00161031 0.00115022 0 0
 0 0 0 0 0 0 0 0 0 0 0 0 0 0 0 0 0 0 0 0 0 0 0 0 0 0 0 0 0 0 0 0 0 0 0 0
 0.00147267 0.00158595 0.00478618 0.00569244 0.00954404 0.0108468 0.00647125 0.017049 0.0510054 0.094081 0.124002 0.0959785 0.0687766 0.0820023 0.061753 0.0591476 0.0492212 0.0479892 0.0443925 0.0268479 0.0217502 0.0140895 0.0121071 0.0120363 0.00920419 0.00665534 0.0049561 0.00860946 0.00930331 0.0156896 0.0114698 0.00855282 0.00243557 0.00046729 0 2.83206e-05
 0 0 0 0 0.000772559 0.00158375 0.000888443 0.00281984 0.00712685 0.0440552 0.0773331 0.111326 0.0921469 0.0852325 0.0710754 0.0886704 0.0786465 0.0553345 0.0373146 0.0185414 0.00753245 0.00457741 0.012979 0.0271748 0.0457355 0.0583668 0.034881 0.0177882 0.00938659 0.00492506 0.0015258 0.00185414 0.000309023 5.79419e-05 3.86279e-05 0
 0 0.00173294 0.00326652 0 0.00397197 0.00683976 0.00946217 0.0152591 0.00757587 0.0136028 0.0228656 0.0392903 0.0559909 0.0764795 0.0681675 0.0726916 0.0566044 0.0477403 0.0527397 0.0444891 0.0609904 0.0582453 0.0661739 0.0445044 0.0529084 0.0360697 0.0280645 0.0235558 0.0158879 0.00826598 0.00280645 0.00217768 0.000904811 0.00058276 9.20147e-05 0
 0 0 0 0 0 0 0 0 0 0 0 0 0 0 0 0 0 0 0 0 0 0 0 0 0 0 0 0 0 0 0 0 0 0 0 0
 0 0 0 0 0 0 0 0 0 0 0 0 0 0 0 0 0 0 0 0 0 0 0 0 0 0 0 0 0 0 0 0 0 0 0 0
 0 0 0 0 0 0 0 0 0 0 0 0 0 0 0 0 0 0 0 0 0 0 0 0 0 0 0 0 0 0 0 0 0 0 0 0
ppred_pel_tallas
 1.05948e-16 1.44616e-06 8.39277e-06 3.96974e-05 0.000152506 0.000475273 0.00120119 0.00246286 0.00410181 0.00556718 0.00621265 0.00584757 0.00498849 0.00453313 0.00523728 0.00749676 0.0114614 0.0171828 0.024615 0.0335155 0.0433596 0.0533425 0.0624829 0.0698035 0.0745368 0.0762844 0.0750843 0.0713596 0.0657801 0.0590867 0.0519394 0.0448296 0.0380646 0.0318035 0.0261149 0.0210268
 1.19046e-16 4.52516e-06 2.65229e-05 0.000126009 0.000485029 0.00151238 0.00382013 0.00781709 0.0129603 0.0174136 0.0189715 0.0167871 0.0121342 0.00732568 0.00403208 0.0026397 0.00276383 0.0039656 0.00606044 0.00908049 0.0131443 0.0183559 0.0247417 0.0322069 0.0405085 0.0492464 0.0578811 0.06578 0.0722895 0.0768243 0.0789544 0.0784747 0.0754397 0.0701526 0.0631172 0.0549565
 1.32422e-16 2.04076e-06 1.19363e-05 5.66605e-05 0.000218016 0.000679715 0.00171696 0.00351414 0.00582926 0.0078414 0.00856703 0.00763786 0.0056455 0.0036583 0.00246772 0.00229972 0.00304124 0.00455486 0.00680789 0.00984693 0.0137356 0.0185132 0.0241772 0.0306775 0.0379118 0.0457163 0.05385 0.0619807 0.069681 0.0764475 0.0817478 0.0850914 0.0861105 0.0846289 0.0807045 0.0746289
 1.21924e-16 2.01367e-05 0.000118181 0.000561773 0.00216285 0.00674461 0.0170362 0.0348579 0.0577793 0.0775914 0.0844226 0.0744376 0.0532219 0.0309359 0.0147875 0.00614685 0.00281912 0.00224406 0.00290074 0.00420399 0.00602702 0.00839078 0.011338 0.0148909 0.0190322 0.0236913 0.0287315 0.0339432 0.0390477 0.0437141 0.0475921 0.0503547 0.0517455 0.0516198 0.0499677 0.0469208
 1.01115e-16 4.15128e-05 0.000243676 0.00115839 0.00445996 0.013908 0.0351304 0.0718799 0.119143 0.159987 0.17405 0.153409 0.109565 0.0634367 0.0298402 0.0115303 0.00388437 0.00149925 0.0010893 0.00127895 0.00162935 0.00201448 0.00238398 0.0027041 0.00295148 0.00311598 0.00320174 0.00322385 0.00320228 0.00315485 0.00309211 0.00301557 0.00291935 0.00279419 0.00263204 0.00242963
 1.01011e-16 1.87907e-05 0.000110229 0.000523859 0.00201669 0.00628867 0.0158852 0.0325067 0.0538966 0.0724213 0.0789133 0.0698557 0.050547 0.0305924 0.0168867 0.0109071 0.0107887 0.0142405 0.0197721 0.0265261 0.0338028 0.0408105 0.0466713 0.050567 0.0519242 0.0505554 0.0467073 0.0409921 0.0342331 0.0272734 0.0208094 0.0152936 0.0109162 0.0076517 0.00533791 0.00375649
 1.00907e-16 3.89822e-05 0.000228817 0.00108774 0.00418793 0.0130597 0.0329877 0.0674959 0.111877 0.150234 0.163447 0.144082 0.102944 0.0596852 0.0282314 0.0111852 0.00422385 0.00228945 0.00230572 0.00297846 0.00387798 0.00485251 0.00580861 0.00666225 0.00734127 0.0077959 0.0080051 0.00797526 0.00773312 0.00731619 0.00676441 0.00611539 0.00540341 0.00466033 0.00391675 0.00320177
 1.00377e-16 3.75827e-05 0.000220593 0.00104863 0.00403732 0.0125901 0.0318014 0.0650693 0.107857 0.144842 0.157598 0.138967 0.0993785 0.0577979 0.0276752 0.0115491 0.0052786 0.00400141 0.00474094 0.00620391 0.00789225 0.00954488 0.0109452 0.0119021 0.0122815 0.0120372 0.0112218 0.00997119 0.00846959 0.00690611 0.00543724 0.00416499 0.00313318 0.00233811 0.00174649 0.00131329
 1.00374e-16 3.6486e-05 0.000214153 0.00101801 0.00391941 0.0122223 0.0308726 0.0631691 0.104708 0.140615 0.153005 0.13493 0.0965207 0.0561946 0.027018 0.0114659 0.00552905 0.00449509 0.00547585 0.00720755 0.00918683 0.0111297 0.0127891 0.0139431 0.0144336 0.0142021 0.0133033 0.0118877 0.010163 0.00834463 0.00661344 0.00509057 0.00383262 0.00284283 0.00209042 0.00152992
 1.00276e-16 3.91245e-05 0.000229649 0.00109169 0.00420311 0.0131071 0.0331073 0.067741 0.112285 0.150784 0.164053 0.144636 0.103381 0.0600229 0.0285477 0.0115809 0.00479421 0.00311449 0.00344413 0.00445613 0.00567215 0.0068784 0.0079162 0.00864818 0.00897644 0.00886365 0.00834121 0.00749914 0.00646225 0.0053606 0.00430368 0.00336531 0.00258071 0.00195332 0.00146635 0.00109427
 1.01274e-16 1.51491e-05 8.88452e-05 0.000422187 0.0016252 0.00506783 0.0128015 0.0261977 0.0434408 0.058386 0.0636574 0.05644 0.0410332 0.0252213 0.0146197 0.0104895 0.0113985 0.0155511 0.021754 0.0292576 0.0373618 0.0452227 0.0518868 0.0564561 0.0582908 0.057162 0.0533072 0.047359 0.0401826 0.0326723 0.0255756 0.0193891 0.0143385 0.0104258 0.0075106 0.0053913
 1.07241e-16 1.34952e-05 7.91648e-05 0.00037623 0.00144836 0.00451645 0.0114084 0.0233448 0.0387034 0.0519981 0.0566385 0.0500884 0.036138 0.0216652 0.0115992 0.00698307 0.00647865 0.00847863 0.0120074 0.0166118 0.0220146 0.027907 0.0338979 0.0395508 0.0444507 0.0482661 0.0507871 0.051929 0.0517114 0.0502266 0.047613 0.0440423 0.0397176 0.0348731 0.0297678 0.0246678
 1.02791e-16 3.71559e-05 0.000218095 0.00103677 0.00399168 0.0124477 0.0314418 0.0643329 0.106635 0.143194 0.155789 0.137334 0.0981269 0.0569022 0.0269338 0.0107055 0.00410057 0.00230293 0.00238635 0.00312417 0.00411462 0.00522128 0.00636312 0.00746669 0.00846687 0.00931475 0.00998155 0.0104557 0.0107355 0.010822 0.0107138 0.0104082 0.0099061 0.0092183 0.00837007 0.00740177
 1.01212e-16 3.19588e-05 0.000187566 0.000891592 0.00343266 0.0107044 0.0270385 0.0553249 0.091709 0.123168 0.134046 0.118272 0.0847362 0.0496004 0.0243469 0.0111903 0.00666523 0.00667595 0.00869364 0.0115662 0.014755 0.0178671 0.0205184 0.0223571 0.0231353 0.0227669 0.0213482 0.0191289 0.0164466 0.0136465 0.0110121 0.00872515 0.00686029 0.00540549 0.00429635 0.00344974
 1.00747e-16 3.58874e-05 0.000210639 0.0010013 0.0038551 0.0120218 0.030366 0.0621325 0.10299 0.138308 0.150493 0.132715 0.0949343 0.0552678 0.0265669 0.0112664 0.00542391 0.00440687 0.00537885 0.00710313 0.0090926 0.0110765 0.0128188 0.0141048 0.0147765 0.0147672 0.0141144 0.0129455 0.0114424 0.009797 0.00817299 0.00668335 0.00538617 0.00429461 0.00339361 0.00265601
 1.00605e-16 3.47281e-05 0.00020383 0.000968921 0.00373041 0.0116329 0.0293839 0.0601233 0.0996606 0.13384 0.145642 0.128459 0.0919396 0.0536242 0.0259633 0.0113299 0.00592533 0.00527662 0.00663638 0.00878699 0.0112156 0.0136014 0.015649 0.0170898 0.0177312 0.0175008 0.0164624 0.0147959 0.0127496 0.010581 0.00850647 0.00667035 0.00514008 0.00391983 0.00297394 0.00225014
 1.01212e-16 2.85528e-05 0.000167565 0.000796495 0.00306649 0.00956251 0.0241543 0.0494239 0.0819296 0.110041 0.119778 0.105727 0.0758442 0.0445893 0.0222489 0.0108373 0.0072951 0.00799134 0.0106744 0.0142915 0.0182996 0.0222513 0.0256846 0.0281665 0.0293806 0.0291993 0.0277105 0.0251868 0.0220117 0.018587 0.0152532 0.0122425 0.00966992 0.00755431 0.00585399 0.00450134
 1.02008e-16 2.94268e-05 0.000172702 0.000820925 0.00316057 0.00985592 0.0248953 0.0509397 0.0844403 0.113407 0.123426 0.10891 0.0780469 0.0457217 0.0225139 0.0104725 0.00641991 0.00660077 0.00870371 0.0116842 0.0150585 0.0184698 0.0215581 0.0239798 0.0254715 0.0259052 0.0253104 0.0238546 0.0217905 0.0193921 0.0168978 0.0144785 0.0122328 0.0102011 0.00838909 0.00678838
 1.02775e-16 2.60501e-05 0.000152872 0.000726643 0.00279754 0.00872381 0.0220358 0.0450894 0.074745 0.100394 0.109283 0.096479 0.0692446 0.0407786 0.0204775 0.0101934 0.00715177 0.00805641 0.0108655 0.0146231 0.0188282 0.0230552 0.0268552 0.0297993 0.0315637 0.031999 0.0311575 0.029265 0.0266529 0.023673 0.0206249 0.0177156 0.0150539 0.0126718 0.0105573 0.00868343
 1.0082e-16 3.94397e-05 0.000231501 0.0011005 0.00423706 0.013213 0.0333747 0.0682879 0.11319 0.151997 0.165367 0.145779 0.104164 0.060408 0.0286016 0.0113795 0.00436874 0.00244991 0.00250512 0.003215 0.00413076 0.0050827 0.0059616 0.00667371 0.00714741 0.00734616 0.00727418 0.0069712 0.00649902 0.00592472 0.00530645 0.00468566 0.0040863 0.00351911 0.00298785 0.00249444
 1.00674e-16 3.11037e-05 0.000182543 0.000867705 0.00334067 0.0104175 0.026314 0.0538427 0.0892531 0.119873 0.130468 0.115134 0.0825313 0.0483963 0.0239167 0.0112629 0.00707687 0.00738203 0.00971601 0.0129408 0.016497 0.0199519 0.0228724 0.0248607 0.0256361 0.0251013 0.0233667 0.0207173 0.0175405 0.0142343 0.0111292 0.00844175 0.00626635 0.00459714 0.0033651 0.00247536
 1.01913e-16 2.64056e-05 0.000154959 0.00073656 0.00283572 0.00884288 0.0223366 0.0457048 0.0757652 0.101764 0.110776 0.0977973 0.0701928 0.0413411 0.0207675 0.0103499 0.0072765 0.00820568 0.0110666 0.0148874 0.0191557 0.0234332 0.0272569 0.0301833 0.0318763 0.0321795 0.031145 0.0290068 0.0261117 0.0228331 0.0194952 0.0163299 0.0134678 0.0109567 0.00879267 0.00694835
 1.01679e-16 3.44764e-05 0.000202356 0.000961926 0.00370349 0.011549 0.0291718 0.0596891 0.0989397 0.132869 0.144575 0.127496 0.0912015 0.0530962 0.0255267 0.0108342 0.00523498 0.00428438 0.00526619 0.00700378 0.00904267 0.0111362 0.0130683 0.0146366 0.0156838 0.016128 0.0159763 0.0153134 0.0142727 0.0130001 0.0116232 0.0102345 0.00888924 0.0076145 0.00642207 0.00531922
 1.01935e-16 2.66259e-05 0.00015625 0.000742694 0.00285933 0.00891649 0.0225225 0.0460855 0.0763969 0.102615 0.111706 0.0986297 0.0708143 0.0417552 0.0210631 0.0106381 0.00764935 0.00872679 0.0117728 0.015787 0.0202206 0.024593 0.0283989 0.0311642 0.0325441 0.0324022 0.0308394 0.028158 0.0247791 0.0211402 0.017607 0.0144226 0.0117 0.00944754 0.0076102 0.00610964
 1.07296e-16 1.15496e-06 6.68481e-06 3.15812e-05 0.000121262 0.000377847 0.000955078 0.00195919 0.00326652 0.00444421 0.00498751 0.00475946 0.00419333 0.00403634 0.00493522 0.00726043 0.0111886 0.0168063 0.0240928 0.0328249 0.0424995 0.0523392 0.0613937 0.0687159 0.0735609 0.07554 0.0746852 0.0713977 0.066313 0.0601308 0.0534687 0.0467801 0.0403424 0.0342955 0.0287003 0.0235887
pSPR Fmed_Fpbrs
0.510894   0.353095 0.353095
Fs Fmed_Fpbrs
0.517401   1.005 1.005
SSBpbr Bo_Bmed_Bpbrs
1.01102e+06  465971  306434 306434
Ro
16983.5
SPR SPRFo_SPRFmed_SPRFpbrs
349229 178419 123311
log_Ro
9.56
likeval ReclasPelacesDesembMPH_pf_preclas_ppelaces_ptallas_desvR_qrecl_qpela
 95.0054 100.726 0.14702 0.000185214 405.418 203.524 87.7618 0 71.0283 2.22897e-06 0 0 0 0 0
q_reclas_q_pelaces
0.80932 1
M
0.7
N
 2987.96 61688.1 30544.9 4010.29 0.111592
 4507.24 1463.54 27709.8 13720.5 1801.44
 576.532 2181.41 602.304 11403.6 6387.89
 3162.7 257.592 500.655 138.235 4083.34
 55446.3 1483.14 84.1878 163.627 1379.72
 12206 27009.6 640.022 36.3297 666.003
 55269.1 5444.64 6125.21 145.143 159.274
 71946.5 24515.9 1185.26 1333.41 66.2691
 80383.6 30363.4 3709.53 179.342 211.786
 233080 34362.3 5045.82 616.451 64.9977
 43093.6 107170 9725.03 1428.04 192.86
 16660.7 19910.2 31418.3 2851.02 475.188
 59799.8 7689.71 5793.32 9141.87 967.836
 23446.5 25396.1 1218.12 917.714 1601.47
 14590.7 9214.86 2283.93 109.548 226.556
 14471 5625.15 720.103 178.479 26.2651
 9595.26 6446.15 1262.96 161.678 45.9693
 9359.42 4376.01 1718.73 336.742 55.3645
 6435.6 4337.67 1312.25 515.4 117.582
 27724.1 2978.59 1288 389.65 187.953
 29649.4 12514 736.491 318.472 142.819
 25733.8 14341 5127.42 301.766 189.007
 59249 12365.2 5599.39 2001.98 191.62
 43871.9 28058.9 4341.92 1966.17 770.26
 673.491 20867.5 10171.4 1573.95 991.958
pred_Ctot
 29.3271 4258.65 2108.68 276.852 0.0077038
 82.4141 182.22 3450.05 1708.3 224.291
 41.8257 881.375 243.355 4607.54 2580.97
 127.01 64.8646 126.071 34.8092 1028.23
 759.971 140.864 7.99594 15.5409 131.042
 898.606 11031.8 261.411 14.8386 272.023
 4270.85 2303.84 2591.82 61.4158 67.3951
 7841.68 13093.9 633.041 712.169 35.3941
 8114.8 15442.7 1886.65 91.2123 107.713
 12472.9 10974.3 1611.5 196.878 20.7585
 2166.13 32536.4 2952.49 433.549 58.5517
 849 6112.31 9645.25 875.248 145.88
 6283.23 4013.01 3023.35 4770.85 505.083
 3564.44 16395.4 786.407 592.467 1033.89
 2381.09 6162.11 1527.3 73.2567 151.501
 1078.32 2318.04 296.743 73.5486 10.8234
 565.926 2224.05 435.749 55.7822 15.8604
 450.867 1283.09 503.948 98.7361 16.2335
 315.888 1291.57 390.731 153.464 35.0108
 1825.23 1118.89 483.83 146.37 70.6036
 554.669 1591.54 93.6674 40.5035 18.1638
 600.424 2235.13 799.139 47.032 29.4579
 1979.73 2656.91 1203.14 430.165 41.1733
 1333.78 5547.99 858.514 388.764 152.301
 24.5632 4838.34 2358.35 364.937 229.996
F
 0.013731 0.100306 0.100306 0.100306 0.100306
 0.0257152 0.187851 0.187852 0.187852 0.187852
 0.105653 0.771806 0.771808 0.771808 0.771808
 0.0572652 0.418328 0.418329 0.418329 0.418329
 0.0192212 0.140413 0.140413 0.140413 0.140413
 0.107292 0.78378 0.783782 0.783782 0.783782
 0.11289 0.824674 0.824676 0.824676 0.824676
 0.162684 1.18842 1.18842 1.18842 1.18842
 0.149852 1.09468 1.09468 1.09468 1.09468
 0.0769677 0.562256 0.562257 0.562257 0.562257
 0.0721449 0.527025 0.527026 0.527026 0.527026
 0.0731715 0.534524 0.534525 0.534525 0.534525
 0.156408 1.14257 1.14258 1.14258 1.14258
 0.233905 1.70869 1.7087 1.7087 1.7087
 0.253136 1.84918 1.84918 1.84918 1.84918
 0.108662 0.793788 0.79379 0.79379 0.79379
 0.0851323 0.621899 0.6219 0.6219 0.6219
 0.0690471 0.504395 0.504396 0.504396 0.504396
 0.0703957 0.514247 0.514248 0.514248 0.514248
 0.0954551 0.697308 0.697309 0.697309 0.697309
 0.0263167 0.192246 0.192246 0.192246 0.192246
 0.0329176 0.240466 0.240466 0.240466 0.240466
 0.0474424 0.346571 0.346571 0.346571 0.346571
 0.0430833 0.314728 0.314728 0.314728 0.314728
 0.0518848 0.379023 0.379024 0.379024 0.379024
YTP_r0W_actual
 275.107 106443 77825.5 14998.9 9843.83
YTP_p0W_proyectada
 17376.6 3277.34 106740 67869.8 16077.8
 17376.6 98002.3 868.543 25310.1 16657
CTP_r0_actual
 24.5632 4838.34 2358.35 364.937 229.996
CTP_p0_proyectada
 2044.3 153.147 3421.15 1667.56 345.759
 2044.3 4579.54 27.8379 621.87 358.215
Wmedp
 8.5 21.4 31.2 40.7 46.5
nmprior
 10.6 11 7 0
nm_flota  nm_reclas  nm_pelaces    nm_pelaL
inf 20.1506 16.0809 37.0002
cv_recla  cv_pelaces  cv_mph
0.881656 1.138 0.441545
 ------------------------------------------------
Talla a la edad & desviaci?n 
 7.2 14.2025 17.0495 18.207 18.6776
 1.08 2.13037 2.55742 2.73105 2.80164
