years
 1997 1998 1999 2000 2001 2002 2003 2004 2005 2006 2007 2008 2009 2010 2011 2012 2013 2014 2015 2016 2017 2018 2019 2020 2021
reclasobs
 0 0 0 370054 412103 1.49427e+06 250295 1.28982e+06 931140 785840 897777 1.04006e+06 184774 17550 25797 100020 73551 82996 120727 218422 84188 347160 605670 569463 516374
reclaspred
 2.00959e+06 618684 2.234e+06 1.43241e+06 1.4419e+06 1.70635e+06 3.18866e+06 1.9637e+06 1.93119e+06 1.58751e+06 1.24919e+06 830288 481515 226197 164251 182951 249978 388451 461359 624346 925637 926395 1.66045e+06 2.25144e+06 3.81649e+06
pelacesobs
 0 0 0 0 0 0 0 0 0 2.06254e+06 1.5e+06 0 1.87456e+06 323000 250000 174000 83755 137374 0 501740 490994 745055 786931 1.00524e+06 1.33801e+06
pelacespred
 1.51838e+06 624577 869486 1.06232e+06 910397 900532 1.60623e+06 1.4377e+06 1.15979e+06 997374 676421 458003 258816 99316 72779.3 91639.8 130928 205022 257758 336929 540517 565338 767076 1.23495e+06 2.06511e+06
mphobs
 0 0 0 0 0 112323 0 153150 637223 0 255016 313432 73983 77613 109348 50772 0 0 0 0 0 0 0 0 0
mphpred
 1.28941e+06 1.01143e+06 1.1965e+06 1.5855e+06 1.26624e+06 1.47311e+06 2.06665e+06 2.26741e+06 1.76549e+06 1.57702e+06 1.30936e+06 880123 541436 284382 145980 144327 186550 287765 390035 471213 698083 855281 1.10867e+06 1.67755e+06 2.744e+06
desembarqueobs
 350755 77701 442110 56441 14545 235359 269955 359681 431902 328805 639364 411747 362871 311530 167758 66681 60226 58785 57116 73181 50977 67692 138656 160484 209506
desembarquepred
 350802 77719.9 442373 56448.9 14545.5 235484 270037 359875 432202 329027 640564 412571 363780 312566 167990 66728.8 60268 58805.2 57129.1 73199 50983.2 67699.9 138680 160507 209520
Reclutas
 129301 115781 73070.7 79259.9 112858 97496.6 139448 115133 122630 109927 68943.6 45019.3 44439.9 29870.6 22618.5 23638.4 22399.4 26782.7 30883.2 49877.6 71405.9 90860.9 156054 230157 247922
log_desv_Rt
 0.589901 0.479458 0.0191833 0.100488 0.453889 0.307573 0.665444 0.47384 0.536926 0.427575 -0.0389557 -0.465154 -0.478106 -0.87537 -1.15348 -1.10937 -1.16321 -0.984489 -0.842034 -0.362673 -0.00386403 0.237085 0.77796 1.16652 1.24087
SSB
 1.28941e+06 1.01143e+06 1.1965e+06 1.5855e+06 1.26624e+06 1.47311e+06 2.06665e+06 2.26741e+06 1.76549e+06 1.57702e+06 1.30936e+06 880123 541436 284382 145980 144327 186550 287765 390035 471213 698083 855281 1.10867e+06 1.67755e+06 2.744e+06
BT
 5.00694e+06 1.3347e+06 2.3187e+06 2.19102e+06 1.93888e+06 1.9375e+06 3.99065e+06 3.39889e+06 2.95946e+06 2.42253e+06 1.99426e+06 1.33408e+06 922929 511692 323844 264928 356506 513289 586949 814113 1.29665e+06 1.20457e+06 1.73105e+06 2.89772e+06 4.84164e+06
Ftot
 0.169606 0.122288 0.191828 0.0385338 0.00987965 0.134158 0.0826116 0.177735 0.216524 0.200696 0.485531 0.471004 0.702303 1.21427 0.935411 0.349968 0.233189 0.147148 0.120518 0.11418 0.0538212 0.0713304 0.0814761 0.0696039 0.0536427
BD_Bspro_t
 0.977986 0.876999 0.845807 0.770184 0.817298 0.875081 0.843673 0.841395 0.780327 0.722146 0.6614 0.494858 0.382046 0.272887 0.174776 0.199807 0.311738 0.492934 0.624958 0.719057 0.806654 0.870792 0.881261 0.890668 0.907984
BD_Bspro
 0.874776 0.686187 0.811742 1.07565 0.859057 0.999405 1.40208 1.53828 1.19776 1.0699 0.888307 0.597102 0.367326 0.192933 0.0990375 0.0979158 0.126561 0.195229 0.264611 0.319685 0.473601 0.580248 0.752152 1.1381 1.86161
BD_Bo
 0.817668 0.641391 0.75875 1.00543 0.802976 0.934161 1.31055 1.43785 1.11957 1.00005 0.830316 0.558121 0.343346 0.180338 0.0925721 0.0915236 0.118299 0.182483 0.247337 0.298815 0.442683 0.542368 0.70305 1.0638 1.74008
BD_Brms
 3.97708 3.11968 3.69051 4.89034 3.90562 4.54369 6.37442 6.99362 5.44551 4.86417 4.0386 2.71466 1.67001 0.877152 0.450264 0.445164 0.575398 0.887587 1.20303 1.45342 2.15318 2.63804 3.41959 5.17424 8.46364
S_f
 0.5 1 1 1 1
 0.5 1 1 1 1
 0.5 1 1 1 1
 0.5 1 1 1 1
 0.5 1 1 1 1
 0.5 1 1 1 1
 0.5 1 1 1 1
 0.5 1 1 1 1
 0.5 1 1 1 1
 0.5 1 1 1 1
 0.5 1 1 1 1
 0.5 1 1 1 1
 0.5 1 1 1 1
 0.5 1 1 1 1
 0.5 1 1 1 1
 0.5 1 1 1 1
 0.5 1 1 1 1
 0.5 1 1 1 1
 0.5 1 1 1 1
 0.5 1 1 1 1
 0.5 1 1 1 1
 0.5 1 1 1 1
 0.5 1 1 1 1
 0.5 1 1 1 1
 0.5 1 1 1 1
Scru_reclas
 0.5 1 1 1 1
 0.5 1 1 1 1
 0.5 1 1 1 1
 0.5 1 1 1 1
 0.5 1 1 1 1
 0.5 1 1 1 1
 0.5 1 1 1 1
 0.5 1 1 1 1
 0.5 1 1 1 1
 0.5 1 1 1 1
 0.5 1 1 1 1
 0.5 1 1 1 1
 0.5 1 1 1 1
 0.5 1 1 1 1
 0.5 1 1 1 1
 0.5 1 1 1 1
 0.5 1 1 1 1
 0.5 1 1 1 1
 0.5 1 1 1 1
 0.5 1 1 1 1
 0.5 1 1 1 1
 0.5 1 1 1 1
 0.5 1 1 1 1
 0.5 1 1 1 1
 0.5 1 1 1 1
Scru_pelaces
 0.5 1 1 1 1
 0.5 1 1 1 1
 0.5 1 1 1 1
 0.5 1 1 1 1
 0.5 1 1 1 1
 0.5 1 1 1 1
 0.5 1 1 1 1
 0.5 1 1 1 1
 0.5 1 1 1 1
 0.5 1 1 1 1
 0.5 1 1 1 1
 0.5 1 1 1 1
 0.5 1 1 1 1
 0.5 1 1 1 1
 0.5 1 1 1 1
 0.5 1 1 1 1
 0.5 1 1 1 1
 0.5 1 1 1 1
 0.5 1 1 1 1
 0.5 1 1 1 1
 0.5 1 1 1 1
 0.5 1 1 1 1
 0.5 1 1 1 1
 0.5 1 1 1 1
 0.5 1 1 1 1
pf_obs 
 0.256992 0.487395 0.22802 0.0275931 0
 0.321318 0.546541 0.124235 0.00734118 0.000564706
 0.182869 0.594174 0.210203 0.0122559 0.00049798
 0.330522 0.361315 0.267642 0.0388342 0.00168674
 0.649043 0.306663 0.0425973 0.00169635 0
 0.582887 0.30429 0.105238 0.00758474 0
 0.465427 0.430635 0.0974691 0.00646863 0
 0.296916 0.608066 0.0921331 0.00288517 0
 0.311714 0.524322 0.152257 0.0117073 0
 0.15457 0.633149 0.183074 0.0267441 0.00246327
 0.131901 0.49318 0.331252 0.0422183 0.00144891
 0.196976 0.569456 0.194076 0.0375587 0.00193317
 0.518974 0.381816 0.0799577 0.0180837 0.00116848
 0.0928022 0.601141 0.25162 0.0475244 0.00691264
 0.122501 0.610282 0.24278 0.0234846 0.000952079
 0.383417 0.481906 0.127806 0.00687128 0
 0.0376549 0.599619 0.316969 0.0457579 0
 0.0361596 0.667082 0.258105 0.0386534 0
 0.158088 0.579412 0.248529 0.0139706 0
 0.0477256 0.309471 0.559284 0.082774 0.000745712
 0.0406174 0.521527 0.379366 0.0568643 0.0016247
 0.151134 0.462217 0.34131 0.0453401 0
 0.294876 0.26143 0.354403 0.0886775 0.000613685
 0.281977 0.475581 0.204845 0.0348837 0.00271318
 0.0841818 0.532909 0.334909 0.0458182 0.00218182
pf_pred 
 0.660005 0.243251 0.0868226 0.00991724 4.63359e-06
 0.44727 0.443798 0.0779358 0.0278174 0.0031789
 0.305965 0.434614 0.208295 0.0365788 0.014548
 0.368914 0.304301 0.204637 0.0980749 0.0240729
 0.442407 0.302031 0.123229 0.0828689 0.0494646
 0.355938 0.395507 0.134634 0.0549309 0.0589894
 0.455956 0.290772 0.15553 0.0529437 0.0447982
 0.362539 0.402721 0.12546 0.0671068 0.0421729
 0.400772 0.326406 0.172358 0.0536948 0.0467699
 0.381461 0.363253 0.139057 0.0734287 0.0428004
 0.304151 0.394098 0.177211 0.0678382 0.0567017
 0.316857 0.342946 0.192672 0.0866374 0.0608869
 0.427464 0.295274 0.139189 0.0781985 0.0598746
 0.438517 0.364003 0.101846 0.0480092 0.0476242
 0.538483 0.321146 0.0910012 0.0254616 0.0239084
 0.577717 0.319498 0.0715228 0.020267 0.0109953
 0.473158 0.396044 0.0989616 0.0221535 0.00968319
 0.478712 0.34277 0.134198 0.0335328 0.0107878
 0.45733 0.356496 0.122417 0.0479276 0.0158287
 0.52948 0.29904 0.11265 0.0386831 0.0201466
 0.519173 0.33619 0.0919244 0.0346286 0.0180841
 0.478649 0.358039 0.114186 0.031222 0.0179038
 0.543256 0.297787 0.109164 0.0348148 0.0149782
 0.526773 0.33542 0.0898467 0.0329365 0.0150233
 0.440978 0.388082 0.121161 0.0324546 0.0173241
pobs_RECLAS
 0 0 0 0 0
 0 0 0 0 0
 0 0 0 0 0
 0 0 0 0 0
 0.835266 0.146461 0.0176864 0.000547809 3.91292e-05
 0.385257 0.428462 0.181853 0.0044286 0
 0.867414 0.0963971 0.0333333 0.00285562 0
 0.441836 0.489002 0.0689373 0.000224442 0
 0.779404 0.147425 0.0564933 0.0165055 0.000172143
 0.814271 0.122319 0.05973 0.00367925 0
 0.40263 0.566651 0.0304383 0.000280538 0
 0.475488 0.404961 0.113038 0.00651328 0
 0.955842 0.0263864 0.0167828 0.000988607 0
 0.975058 0.0227948 0.00214734 0 0
 0.738997 0.206755 0.0527124 0.00153531 0
 0.850938 0.134255 0.0134407 0.00136685 0
 0.542534 0.407297 0.0501686 0 0
 0.764087 0.199537 0.0359546 0.000420521 0
 0.470689 0.182191 0.310203 0.0369168 0
 0.84361 0.089868 0.0606195 0.00523954 0.000663233
 0.607945 0.314616 0.071237 0.00620181 0
 0.523733 0.453247 0.0230204 0 0
 0.530135 0.295979 0.169645 0.0042399 0
 0.562478 0.366248 0.0663022 0.0049721 0
 0.250443 0.683176 0.0655157 0.000865301 0
ppred_RECLAS
 0.661301 0.242324 0.0864917 0.00987945 4.61593e-06
 0.448257 0.443005 0.0777966 0.0277677 0.00317322
 0.307382 0.433726 0.207869 0.0365041 0.0145182
 0.369184 0.304171 0.204549 0.098033 0.0240626
 0.442478 0.301992 0.123213 0.0828584 0.0494582
 0.356954 0.394883 0.134422 0.0548443 0.0588964
 0.456601 0.290428 0.155345 0.052881 0.0447451
 0.36395 0.40183 0.125182 0.0669583 0.0420796
 0.402619 0.3254 0.171826 0.0535293 0.0466257
 0.383121 0.362278 0.138684 0.0732316 0.0426856
 0.308641 0.391555 0.176067 0.0674005 0.0563359
 0.321266 0.340733 0.191429 0.0860783 0.0604939
 0.436054 0.290844 0.137101 0.0770253 0.0589763
 0.457823 0.351488 0.0983441 0.0463585 0.0459868
 0.551594 0.312023 0.0884161 0.0247383 0.0232293
 0.581085 0.31695 0.0709524 0.0201053 0.0109076
 0.475251 0.39447 0.0985685 0.0220655 0.00964473
 0.479938 0.341963 0.133882 0.0334539 0.0107624
 0.458306 0.355855 0.122197 0.0478415 0.0158002
 0.530401 0.298454 0.11243 0.0386073 0.0201071
 0.519584 0.335903 0.0918459 0.034599 0.0180687
 0.479203 0.357659 0.114065 0.0311888 0.0178848
 0.543891 0.297373 0.109012 0.0347664 0.0149574
 0.527312 0.335038 0.0897444 0.032899 0.0150062
 0.441382 0.387802 0.121074 0.0324311 0.0173116
pobs_PELACES
 0 0 0 0 0
 0 0 0 0 0
 0 0 0 0 0
 0 0 0 0 0
 0 0 0 0 0
 0 0 0 0 0
 0 0 0 0 0
 0 0 0 0 0
 0 0 0 0 0
 0 0 0 0 0
 0.450072 0.473896 0.0757376 0.000293798 0
 0 0 0 0 0
 0.463077 0.371075 0.160297 0.00555027 0
 0.529543 0.364841 0.0842815 0.0213345 0
 0.631943 0.363953 0.00410389 0 0
 0.735681 0.248677 0.0153453 0.000297389 0
 0.695825 0.281241 0.0229344 0 0
 0.275771 0.60734 0.115278 0.00161068 0
 0 0 0 0 0
 0.896147 0.0623911 0.0374545 0.00400742 0
 0.803859 0.145111 0.0509908 3.86294e-05 0
 0.739449 0.233085 0.0266225 0.000797448 4.60066e-05
 0.878498 0.100942 0.0204185 0.000141795 0
 0.694673 0.275183 0.0284847 0.00165964 0
 0.469039 0.446079 0.0841089 0.000773354 0
ppred_PELACES
 0.66754 0.237859 0.0848983 0.00969745 4.53089e-06
 0.453253 0.438994 0.0770923 0.0275163 0.00314449
 0.314162 0.429481 0.205835 0.0361468 0.0143761
 0.370666 0.303457 0.204069 0.0978027 0.0240061
 0.44288 0.301774 0.123124 0.0827986 0.0494226
 0.362051 0.391754 0.133356 0.0544096 0.0584296
 0.459985 0.288619 0.154378 0.0525517 0.0444664
 0.370766 0.397524 0.123841 0.0662408 0.0416287
 0.411241 0.320703 0.169346 0.0527567 0.0459527
 0.390977 0.357665 0.136918 0.072299 0.042142
 0.325992 0.381728 0.171649 0.0657089 0.054922
 0.338442 0.33211 0.186584 0.0838999 0.058963
 0.46473 0.276054 0.130129 0.0731086 0.0559774
 0.507811 0.319081 0.089277 0.0420843 0.0417469
 0.589392 0.285721 0.0809629 0.0226529 0.0212711
 0.595072 0.306367 0.0685833 0.019434 0.0105434
 0.484854 0.387251 0.0967646 0.0216617 0.00946822
 0.486001 0.337977 0.132321 0.0330639 0.0106369
 0.463246 0.35261 0.121083 0.0474051 0.0156561
 0.535091 0.295474 0.111307 0.0382217 0.0199063
 0.5218 0.334353 0.0914222 0.0344394 0.0179853
 0.482141 0.355641 0.113422 0.0310129 0.0177839
 0.547224 0.2952 0.108216 0.0345124 0.0148481
 0.530174 0.33301 0.0892011 0.0326998 0.0149154
 0.443566 0.386286 0.1206 0.0323044 0.0172439
pobs_pel_tallas
 0 0 0 0 0 0 0 0 0 0 0 0 0 0 0 0 0 0 0 0 0 0 0 0 0 0 0 0 0 0 0 0 0 0 0 0
 0 0 0 0 0 0 0 0 0 0 0 0 0 0 0 0 0 0 0 0 0 0 0 0 0 0 0 0 0 0 0 0 0 0 0 0
 0 0 0 0 0 0 0 0 0 0 0 0 0 0 0 0 0 0 0 0 0 0 0 0 0 0 0 0 0 0 0 0 0 0 0 0
 0 0 0 0 0 0 0 0 0 0 0 0 0 0 0 0 0 0 0 0 0 0 0 0 0 0 0 0 0 0 0 0 0 0 0 0
 0 0 0 0 0 0 0 0 0 0 0 0 0 0 0 0 0 0 0 0 0 0 0 0 0 0 0 0 0 0 0 0 0 0 0 0
 0 0 0 0 0 0 0 0 0 0 0 0 0 0 0 0 0 0 0 0 0 0 0 0 0 0 0 0 0 0 0 0 0 0 0 0
 0 0 0 0 0 0 0 0 0 0 0 0 0 0 0 0 0 0 0 0 0 0 0 0 0 0 0 0 0 0 0 0 0 0 0 0
 0 0 0 0 0 0 0 0 0 0 0 0 0 0 0 0 0 0 0 0 0 0 0 0 0 0 0 0 0 0 0 0 0 0 0 0
 0 0 0 0 0 0 0 0 0 0 0 0 0 0 0 0 0 0 0 0 0 0 0 0 0 0 0 0 0 0 0 0 0 0 0 0
 0 0 0 0 0 0 0 0 0 0 0 0 0 0 0 0 0 0 0 0 0 0 0 0 0 0 0 0 0 0 0 0 0 0 0 0
 0 0 0 0 0 0 0 0 1.78061e-05 0.00172719 0.00360574 0.0105946 0.0120993 0.0124554 0.0147524 0.0171206 0.0266825 0.0428682 0.0675386 0.121331 0.153587 0.119568 0.100827 0.0573624 0.0630603 0.0341343 0.0324427 0.0444173 0.0211091 0.0280891 0.0125444 0.00206551 0 0 0 0
 0 0 0 0 0 0 0 0 0 0 0 0 0 0 0 0 0 0 0 0 0 0 0 0 0 0 0 0 0 0 0 0 0 0 0 0
 0 0 0 0 0 0 0.0133647 0.0140871 0.0187388 0.0205184 0.03894 0.0496705 0.03968 0.0493445 0.0407372 0.0367815 0.0215668 0.0243155 0.0234873 0.0199281 0.019796 0.0243948 0.0301388 0.0376714 0.0412746 0.0863199 0.0771752 0.113111 0.0741005 0.0525337 0.0229764 0.00759418 0.00175318 0 0 0
 0 0 0 0 0 0 0 0 0 0 0.00219441 0.00772107 0.0458388 0.0604681 0.0671733 0.0775358 0.0609151 0.0617685 0.073594 0.0568108 0.0755445 0.0548602 0.0670107 0.0636378 0.0643287 0.046367 0.0373049 0.0286899 0.0247887 0.0153202 0.00654259 0.00121912 0.000365735 0 0 0
 0 0 0 0 0 0 0 0 0 0 0 0 0.000112435 0.00938835 0.0111873 0.0202946 0.0414886 0.0713402 0.111592 0.104902 0.108894 0.110636 0.117776 0.105296 0.107544 0.0401394 0.0192827 0.0124803 0.00416011 0.0028671 0.000618394 0 0 0 0 0
 0 0 0 0 0 0 0 0 0 0 0.00291406 0.0102884 0.027416 0.0768956 0.0749926 0.110853 0.0956884 0.0897413 0.0766577 0.0534642 0.0500743 0.0551293 0.0594112 0.0620874 0.0668451 0.0424026 0.0208742 0.0120726 0.0048766 0.00582813 0.00118941 0.000297354 0 0 0 0
 0 0.00264628 0.0354308 0.0461629 0.0458689 0.0383711 0.0214643 0.0164657 0.0346957 0.0420465 0.0363128 0.0245516 0.0311673 0.0291091 0.0169068 0.0133784 0.00837989 0.0085269 0.0148486 0.0160247 0.0276389 0.0546898 0.0760071 0.122758 0.109233 0.0665981 0.0333725 0.0166128 0.00676272 0.00308733 0.000882094 0 0 0 0 0
 0 0 0 0 0 0 0 0.000805153 0.000690131 0.00759144 0.0133425 0.0154129 0.00931677 0.000345066 0.00356568 0.00563607 0.00851162 0.0253048 0.0502646 0.0516448 0.0657925 0.0565908 0.0611916 0.0827007 0.0866115 0.110766 0.145733 0.0935128 0.0569358 0.0249597 0.0138026 0.00621118 0.00161031 0.00115022 0 0
 0 0 0 0 0 0 0 0 0 0 0 0 0 0 0 0 0 0 0 0 0 0 0 0 0 0 0 0 0 0 0 0 0 0 0 0
 0.00147267 0.00158595 0.00478618 0.00569244 0.00954404 0.0108468 0.00647125 0.017049 0.0510054 0.094081 0.124002 0.0959785 0.0687766 0.0820023 0.061753 0.0591476 0.0492212 0.0479892 0.0443925 0.0268479 0.0217502 0.0140895 0.0121071 0.0120363 0.00920419 0.00665534 0.0049561 0.00860946 0.00930331 0.0156896 0.0114698 0.00855282 0.00243557 0.00046729 0 2.83206e-05
 0 0 0 0 0.000772559 0.00158375 0.000888443 0.00281984 0.00712685 0.0440552 0.0773331 0.111326 0.0921469 0.0852325 0.0710754 0.0886704 0.0786465 0.0553345 0.0373146 0.0185414 0.00753245 0.00457741 0.012979 0.0271748 0.0457355 0.0583668 0.034881 0.0177882 0.00938659 0.00492506 0.0015258 0.00185414 0.000309023 5.79419e-05 3.86279e-05 0
 0 0.00173294 0.00326652 0 0.00397197 0.00683976 0.00946217 0.0152591 0.00757587 0.0136028 0.0228656 0.0392903 0.0559909 0.0764795 0.0681675 0.0726916 0.0566044 0.0477403 0.0527397 0.0444891 0.0609904 0.0582453 0.0661739 0.0445044 0.0529084 0.0360697 0.0280645 0.0235558 0.0158879 0.00826598 0.00280645 0.00217768 0.000904811 0.00058276 9.20147e-05 0
 0 0 0 0 0 0 0 0 0 0 0 0 0 0 0 0 0 0 0 0 0 0 0 0 0 0 0 0 0 0 0 0 0 0 0 0
 0 0 0 0 0 0 0 0 0 0 0 0 0 0 0 0 0 0 0 0 0 0 0 0 0 0 0 0 0 0 0 0 0 0 0 0
 0 0 0 0 0 0 0 0 0 0 0 0 0 0 0 0 0 0 0 0 0 0 0 0 0 0 0 0 0 0 0 0 0 0 0 0
ppred_pel_tallas
 1.01617e-16 2.91304e-05 0.00017096 0.000812641 0.00312867 0.00975643 0.0246441 0.0504257 0.0835889 0.112265 0.122188 0.107829 0.0772961 0.0453305 0.0224115 0.0105757 0.00668524 0.00702715 0.00931153 0.0124933 0.016072 0.0196641 0.0228785 0.0253431 0.026776 0.0270453 0.0261941 0.024417 0.0220034 0.0192647 0.0164717 0.013818 0.0114128 0.00929689 0.00746798 0.00590465
 1.0233e-16 1.97945e-05 0.000116132 0.000551941 0.00212484 0.00662598 0.0167371 0.034249 0.0567816 0.0762868 0.083096 0.0734888 0.053025 0.0317919 0.0170105 0.0101873 0.00931239 0.0119485 0.0165445 0.0222754 0.0285477 0.0347253 0.0401014 0.0440054 0.0459475 0.045731 0.0434939 0.0396599 0.0348225 0.0296013 0.0245178 0.0199234 0.0159873 0.0127313 0.0100858 0.00794528
 1.04976e-16 1.37294e-05 8.05245e-05 0.00038266 0.00147307 0.00459345 0.0116031 0.0237444 0.0393703 0.0529076 0.0576644 0.0510795 0.0370346 0.022564 0.0127309 0.00865116 0.00900834 0.0121798 0.0171271 0.0232646 0.0301028 0.0370578 0.0434487 0.0486024 0.0519909 0.0533402 0.0526755 0.0502852 0.0466245 0.0421937 0.0374345 0.032671 0.0281013 0.0238241 0.0198812 0.0162928
 1.07478e-16 1.61881e-05 9.49708e-05 0.000451366 0.00173765 0.00541856 0.0136871 0.0280075 0.0464328 0.0623802 0.0679405 0.0600677 0.0433029 0.0258882 0.0137217 0.00803128 0.00717864 0.00919272 0.0128524 0.0175605 0.0229367 0.0285809 0.0340273 0.038801 0.0425067 0.0449009 0.0459247 0.0456826 0.0443851 0.0422769 0.0395785 0.0364583 0.033036 0.0294038 0.0256524 0.0218855
 1.07001e-16 1.93366e-05 0.000113456 0.000539251 0.00207603 0.00647379 0.0163525 0.0334611 0.0554719 0.0745168 0.0811408 0.0716951 0.0515906 0.0306524 0.0158959 0.00874857 0.00720841 0.00887884 0.0122721 0.0166695 0.021644 0.0267797 0.0316123 0.0356841 0.0386345 0.0402711 0.0405983 0.0397885 0.0381149 0.0358686 0.0332919 0.0305453 0.0277112 0.024822 0.0218956 0.0189617
 1.06621e-16 1.58158e-05 9.27775e-05 0.000440922 0.00169741 0.00529305 0.0133702 0.0273597 0.0453614 0.0609486 0.0664017 0.0587556 0.0424622 0.0255954 0.0139466 0.00874894 0.00843139 0.0110814 0.0154883 0.0210077 0.0271612 0.0334142 0.0391559 0.0437905 0.04686 0.0481408 0.047681 0.0457606 0.042799 0.0392394 0.0354532 0.0316893 0.0280723 0.0246367 0.021374 0.018273
 1.06169e-16 2.00821e-05 0.000117834 0.000560062 0.00215616 0.00672368 0.0169837 0.0347525 0.0576121 0.0773896 0.0842633 0.0744406 0.0535367 0.0317497 0.016357 0.00883065 0.00708168 0.00861424 0.0118833 0.0161523 0.0209988 0.0260205 0.0307681 0.0347948 0.0377419 0.0394082 0.0397794 0.0390042 0.0373333 0.0350435 0.0323751 0.0294998 0.026522 0.0235008 0.0204792 0.0175052
 1.06109e-16 1.6196e-05 9.50093e-05 0.000451531 0.00173825 0.00542042 0.0136919 0.028018 0.0464528 0.0624144 0.0679974 0.0601645 0.0434735 0.0261913 0.0142462 0.00889766 0.00853324 0.0111904 0.0156255 0.0211764 0.0273521 0.0336068 0.0393185 0.0438827 0.0468376 0.0479623 0.0473146 0.0451901 0.0420267 0.0382862 0.0343556 0.030494 0.0268306 0.0233984 0.0201834 0.0171657
 1.06469e-16 1.79579e-05 0.00010536 0.000500755 0.0019278 0.00601155 0.0151849 0.0310723 0.0515132 0.0692031 0.0753655 0.0666178 0.0479932 0.0286279 0.0150544 0.00861964 0.00748767 0.00945176 0.0131384 0.0178708 0.0232214 0.0287512 0.0339611 0.0383542 0.0415324 0.0432749 0.0435702 0.0425904 0.0406221 0.0379813 0.0349432 0.0317051 0.0283868 0.0250547 0.021754 0.018533
 1.06514e-16 1.70757e-05 0.000100178 0.00047611 0.0018329 0.00571559 0.0144374 0.0295431 0.0489795 0.0658039 0.0716757 0.063385 0.0457266 0.027401 0.0146371 0.00873749 0.00797681 0.0102698 0.0143076 0.0194213 0.0251532 0.0310138 0.0364467 0.040906 0.0439666 0.0454118 0.0452674 0.0437674 0.0412719 0.0381651 0.0347713 0.0313107 0.0278994 0.0245802 0.0213634 0.018261
 1.07386e-16 1.42431e-05 8.35455e-05 0.000397034 0.00152843 0.0047661 0.0120391 0.0246362 0.0408471 0.0548862 0.0598056 0.0529396 0.0383039 0.0231792 0.0127951 0.00828091 0.00824328 0.0109802 0.0154154 0.0209722 0.0272078 0.0336131 0.0395966 0.0445724 0.0480781 0.0498683 0.0499522 0.0485595 0.0460546 0.0428321 0.0392288 0.0354787 0.031713 0.027991 0.0243422 0.0207985
 1.08395e-16 1.4784e-05 8.67254e-05 0.000412161 0.00158669 0.0049478 0.012498 0.0255748 0.0424014 0.0569692 0.0620607 0.054901 0.0396475 0.0238417 0.0128904 0.00794001 0.00751989 0.00984878 0.0138151 0.0188541 0.0245729 0.0305367 0.0362386 0.0411674 0.0449071 0.0472162 0.0480604 0.0475864 0.0460533 0.0437487 0.0409208 0.0377455 0.0343309 0.0307444 0.0270466 0.0233135
 1.07065e-16 2.02884e-05 0.000119046 0.00056583 0.00217837 0.00679296 0.0171587 0.0351103 0.0582049 0.0781844 0.0851247 0.0751921 0.0540566 0.0320164 0.0164178 0.00874022 0.00686544 0.0082662 0.0113806 0.0154709 0.0201258 0.024963 0.0295589 0.0334934 0.0364309 0.0381844 0.0387427 0.0382449 0.0369213 0.0350203 0.03275 0.03025 0.027596 0.0248248 0.0219656 0.0190624
 1.04768e-16 2.21686e-05 0.000130081 0.000618282 0.00238031 0.00742268 0.0187493 0.0383653 0.063601 0.0854335 0.093019 0.0821694 0.0590814 0.0350091 0.0179805 0.00961126 0.00758165 0.00911858 0.0124945 0.0168723 0.0217616 0.0267 0.0311837 0.0347285 0.0369684 0.0377337 0.0370811 0.0352597 0.0326328 0.0295808 0.0264204 0.023361 0.0205024 0.0178627 0.0154193 0.0131434
 1.03015e-16 2.57246e-05 0.000150961 0.000717554 0.00276255 0.00861468 0.0217602 0.0445254 0.0738104 0.0991395 0.10792 0.0952818 0.0683984 0.0403066 0.0202891 0.0101793 0.00724198 0.00822487 0.0111114 0.0149525 0.0192434 0.0235491 0.0274099 0.0303874 0.0321522 0.0325558 0.0316572 0.029694 0.0270111 0.0239726 0.0208863 0.0179619 0.0153058 0.0129433 0.010854 0.00900256
 1.02234e-16 2.59731e-05 0.000152418 0.000724477 0.00278919 0.00869777 0.0219701 0.044955 0.0745231 0.100098 0.108968 0.096215 0.0690872 0.0407502 0.0205815 0.0104379 0.00756218 0.0086718 0.0117254 0.0157513 0.0202165 0.0246522 0.028562 0.0314763 0.0330481 0.0331305 0.0318063 0.0293542 0.0261706 0.0226713 0.0192076 0.0160174 0.0132187 0.0108324 0.00882171 0.00712788
 1.02687e-16 2.11705e-05 0.000124214 0.000590378 0.00227285 0.00708755 0.0179029 0.0366339 0.0607332 0.0815886 0.0888519 0.0785339 0.0565667 0.0337183 0.0176835 0.0100394 0.00860362 0.0107482 0.014818 0.0199705 0.025652 0.0312975 0.0362839 0.0400157 0.0420504 0.0421971 0.0405541 0.0374682 0.0334361 0.0289818 0.0245504 0.0204475 0.0168289 0.0137296 0.0111113 0.0089068
 1.03622e-16 2.12185e-05 0.000124501 0.00059175 0.00227815 0.00710408 0.0179446 0.0367189 0.0608728 0.081772 0.089041 0.0786759 0.0566141 0.033637 0.017442 0.00959252 0.00788605 0.00968269 0.0133341 0.0180293 0.0232714 0.028572 0.0333905 0.0372017 0.039601 0.04039 0.0396107 0.037514 0.0344806 0.0309215 0.0271931 0.0235491 0.0201338 0.0170056 0.0141735 0.0116289
 1.04195e-16 2.02268e-05 0.000118678 0.000564063 0.00217154 0.00677163 0.0171049 0.0350009 0.0580255 0.0779501 0.0848867 0.0750226 0.0540234 0.0321744 0.0168242 0.00947696 0.00804715 0.0100284 0.0138512 0.0187316 0.0241704 0.029664 0.0346519 0.0385911 0.0410662 0.0418778 0.0410774 0.0389324 0.0358427 0.032235 0.0284741 0.0248131 0.0213886 0.0182472 0.0153861 0.0127879
 1.0392e-16 2.33573e-05 0.000137062 0.000651473 0.00250811 0.00782123 0.019756 0.0404248 0.0670141 0.0900146 0.0979973 0.0865444 0.0621778 0.036745 0.0186903 0.00969882 0.00730935 0.00858859 0.0117166 0.0158282 0.0204434 0.0251272 0.0294089 0.0328322 0.0350458 0.0358767 0.0353589 0.0337061 0.0312417 0.0283127 0.0252166 0.022161 0.0192599 0.0165563 0.0140549 0.0117506
 1.03431e-16 2.27793e-05 0.000133665 0.000635316 0.00244589 0.00762718 0.0192659 0.0394223 0.0653535 0.087788 0.0955837 0.0844375 0.0607176 0.0359896 0.0185036 0.00992097 0.00785817 0.00946388 0.0129581 0.0174716 0.0224874 0.027514 0.0320165 0.0354827 0.0375278 0.0379789 0.0369064 0.0345897 0.0314335 0.0278649 0.0242449 0.0208189 0.0177112 0.0149512 0.0125142 0.0103585
 1.03623e-16 2.10509e-05 0.000123515 0.000587059 0.00226008 0.00704775 0.0178023 0.0364279 0.0603909 0.0811264 0.0883424 0.0780688 0.0561997 0.0334357 0.0174194 0.00970913 0.00812615 0.0100543 0.0138548 0.0187105 0.024106 0.0295272 0.0344057 0.0381934 0.0404752 0.0410581 0.0400068 0.0376077 0.0342823 0.0304792 0.0265815 0.0228543 0.0194385 0.016377 0.0136561 0.0112431
 1.03513e-16 2.38863e-05 0.000140168 0.000666239 0.00256497 0.00799852 0.0202038 0.0413411 0.0685328 0.0920539 0.100216 0.0884987 0.0635717 0.0375483 0.0190608 0.0098284 0.0073297 0.00856071 0.0116576 0.0157356 0.0203069 0.0249334 0.0291426 0.032478 0.0345894 0.0353065 0.0346686 0.0328957 0.0303193 0.0272949 0.0241277 0.0210316 0.0181243 0.0154492 0.0130084 0.0107915
 1.03196e-16 2.31443e-05 0.000135808 0.000645506 0.00248513 0.00774954 0.019575 0.0400547 0.0664016 0.0891952 0.0971141 0.0857852 0.0616775 0.03654 0.0187524 0.00999892 0.00785414 0.00941776 0.0128797 0.0173578 0.0223313 0.0273082 0.0317546 0.0351598 0.0371412 0.0375282 0.0363936 0.0340195 0.0308137 0.0272061 0.0235608 0.0201256 0.0170263 0.0142924 0.0118977 0.00979781
 1.03754e-16 1.93701e-05 0.000113645 0.000540127 0.00207937 0.00648419 0.0163789 0.0335157 0.0555648 0.0746487 0.081303 0.0718826 0.0518216 0.0309819 0.0164179 0.00959077 0.00852362 0.0108296 0.0150044 0.0202746 0.0261147 0.0319734 0.0372341 0.0413017 0.0437261 0.0442998 0.0430959 0.0404295 0.0367631 0.0325882 0.0283247 0.0242632 0.0205577 0.0172542 0.0143357 0.0117632
pSPR Fmed_Fpbrs
0.740541   0.255595 0.255595
Fs Fmed_Fpbrs
0.153595   1.005 1.005
SSBpbr Bo_Bmed_Bpbrs
1.57694e+06  1.08894e+06  324211 324211
Ro
71682.4
SPR SPRFo_SPRFmed_SPRFpbrs
1.47399e+06 1.09155e+06 376745
log_Ro
11
likeval ReclasPelacesDesembMPH_pf_preclas_ppelaces_ptallas_desvR_qrecl_qpela
 238.324 51.3483 0.150345 0.00127455 347.863 220.981 81.444 0 17.3974 0 0 0 0 0 0
q_reclas_q_pelaces
1 1
M
0.7
N
 129301 24716.4 8821.92 1007.68 0.470812
 115781 58988.5 10359 3697.41 422.532
 73070.7 54085.1 25921 4552.02 1810.41
 79259.9 32967.2 22169.8 10625.2 2608
 112858 38608.2 15752.2 10593 6323
 97496.6 55767.7 18983.8 7745.41 8317.68
 139448 45274.3 24216.5 8243.53 6975.24
 115133 66445.6 20699.9 11072.1 6958.18
 122630 52311.6 27623 8605.42 7495.59
 109927 54647.8 20919.7 11046.6 6438.9
 68943.6 49376.3 22202.7 8499.41 7104.13
 45019.3 26856.9 15088.6 6784.78 4768.19
 44439.9 17665.1 8327.13 4678.3 3582.06
 29870.6 15533.3 4346.13 2048.72 2032.29
 22618.5 8082.8 2290.38 640.833 601.743
 23638.4 7036.16 1575.11 446.331 242.144
 22399.4 9854.09 2462.3 551.209 240.931
 26782.7 9899.08 3875.59 968.415 311.547
 30883.2 12356.5 4243.1 1661.22 548.637
 49877.6 14439.3 5439.38 1867.83 972.786
 71405.9 23394 6396.64 2409.66 1258.4
 90860.9 34517.6 11008.4 3010.03 1726.06
 156054 43539.3 15960.9 5090.27 2189.96
 230157 74400.8 19929.2 7305.76 3332.38
 247922 110383 34462.2 9231.15 4927.55
pred_Ctot
 7597.74 2800.21 999.47 114.164 0.0533402
 4956.15 4917.68 863.6 308.242 35.2251
 4832.79 6864.83 3290.06 577.772 229.788
 1088.93 898.212 604.029 289.489 71.0564
 400.06 273.121 111.433 74.9368 44.7299
 4566.7 5074.37 1727.36 704.765 756.836
 4067.7 2594.05 1387.52 472.323 399.655
 7076.92 7861.29 2449.04 1309.95 823.234
 9105.82 7416.17 3916.09 1219.98 1062.64
 7591.92 7229.53 2767.54 1461.39 851.823
 10837.5 14042.4 6314.35 2417.2 2020.39
 6886.12 7453.1 4187.26 1882.85 1323.23
 9656.65 6670.4 3144.36 1766.55 1352.6
 10119.9 8400.33 2350.36 1107.94 1099.05
 6241.25 3722.22 1054.74 295.111 277.109
 2756.65 1524.53 341.281 96.7066 52.4653
 1784.82 1493.93 373.298 83.5664 36.5264
 1372.06 982.431 384.632 96.11 30.9194
 1303.36 1015.99 348.88 136.59 45.1105
 1997.04 1127.89 424.884 145.901 75.9869
 1365.62 884.306 241.796 91.0862 47.5681
 2294.16 1716.08 547.294 149.647 85.8127
 4490.67 2461.57 902.374 287.787 123.813
 5672.76 3612.1 967.548 354.689 161.784
 4725.91 4159.03 1298.47 347.812 185.661
F
 0.0848028 0.169606 0.169606 0.169606 0.169606
 0.0611439 0.122288 0.122288 0.122288 0.122288
 0.0959139 0.191828 0.191828 0.191828 0.191828
 0.0192669 0.0385338 0.0385338 0.0385338 0.0385338
 0.00493983 0.00987965 0.00987965 0.00987965 0.00987965
 0.0670789 0.134158 0.134158 0.134158 0.134158
 0.0413058 0.0826116 0.0826116 0.0826116 0.0826116
 0.0888675 0.177735 0.177735 0.177735 0.177735
 0.108262 0.216524 0.216524 0.216524 0.216524
 0.100348 0.200696 0.200696 0.200696 0.200696
 0.242766 0.485531 0.485531 0.485531 0.485531
 0.235502 0.471004 0.471004 0.471004 0.471004
 0.351152 0.702303 0.702303 0.702303 0.702303
 0.607136 1.21427 1.21427 1.21427 1.21427
 0.467706 0.935411 0.935411 0.935411 0.935411
 0.174984 0.349968 0.349968 0.349968 0.349968
 0.116595 0.233189 0.233189 0.233189 0.233189
 0.0735738 0.147148 0.147148 0.147148 0.147148
 0.0602588 0.120518 0.120518 0.120518 0.120518
 0.0570898 0.11418 0.11418 0.11418 0.11418
 0.0269106 0.0538212 0.0538212 0.0538212 0.0538212
 0.0356652 0.0713304 0.0713304 0.0713304 0.0713304
 0.040738 0.0814761 0.0814761 0.0814761 0.0814761
 0.034802 0.0696039 0.0696039 0.0696039 0.0696039
 0.0268213 0.0536427 0.0536427 0.0536427 0.0536427
YTP_r0W_actual
 52930.2 91498.7 42849.5 14295.1 7946.27
YTP_p0W_proyectada
 219702 1.23706e+06 781755 318383 143295
 219702 274177 327837 185370 78139.5
CTP_r0_actual
 4725.91 4159.03 1298.47 347.812 185.661
CTP_p0_proyectada
 25847.3 57806.4 25056.3 7822.69 3081.61
 25847.3 12812 10507.6 4554.54 1680.42
Wmedp
 8.5 21.4 31.2 40.7 46.5
nmprior
 10.6 11 7 0
nm_flota  nm_reclas  nm_pelaces    nm_pelaL
inf 11.6302 15.3184 34.7359
cv_recla  cv_pelaces  cv_mph
1.3964 0.812522 1.15829
 ------------------------------------------------
Talla a la edad & desviaci?n 
 7.2 14.2025 17.0495 18.207 18.6776
 1.08 2.13037 2.55742 2.73105 2.80164
