years
 1997 1998 1999 2000 2001 2002 2003 2004 2005 2006 2007 2008 2009 2010 2011 2012 2013 2014 2015 2016 2017 2018 2019 2020 2021
reclasobs
 0 0 0 370054 412103 1.49427e+06 250295 1.28982e+06 931140 785840 897777 1.04006e+06 184774 17550 25797 100020 73551 82996 120727 218422 84188 347160 605670 569463 516374
reclaspred
 601742 146141 357647 218390 347472 428454 924709 649613 734865 790267 689387 474085 292221 120760 70233.9 66436.6 79476.8 106115 114472 151292 229992 216876 364079 438815 496000
pelacesobs
 0 0 0 0 0 0 0 0 0 2.06254e+06 1.5e+06 0 1.87456e+06 323000 250000 174000 83755 137374 0 501740 490994 745055 786931 1.00524e+06 1.33801e+06
pelacespred
 2.25378e+06 566271 706849 757672 1.05548e+06 1.0183e+06 2.60216e+06 2.13336e+06 2.18031e+06 2.3859e+06 1.8004e+06 1.29601e+06 776600 245103 145686 151727 192009 270467 295580 382817 677317 623683 803862 1.15353e+06 1.29408e+06
mphobs
 0 0 0 0 0 112323 0 153150 637223 0 255016 313432 73983 77613 109348 50772 0 0 0 0 0 0 0 0 0
mphpred
 221307 117455 122478 109570 118191 202069 279604 353683 307190 333673 366262 256193 160054 83973.7 35877.3 28117.6 31087.7 40655.9 50727.4 56783.9 84332 104714 128043 176163 229211
desembarqueobs
 350755 77701 442110 56441 14545 235359 269955 359681 431902 328805 639364 411747 362871 311530 167758 66681 60226 58785 57116 73181 50977 67692 138656 160484 209506
desembarquepred
 350753 77694.4 442031 56442.4 14545.1 235420 270002 359612 431882 328775 639146 411684 362837 311517 167533 66670.3 60247.9 58769.2 57094.6 73171.6 50977.7 67676.5 138652 160488 209504
Reclutas
 35617.3 44766.5 19919.2 29003.1 56634.1 37937.1 74421.6 72816.3 95218.9 119897 66843.3 46327.5 48345 26240.4 14449.3 12762.6 9692.7 11073.6 11670.9 18220.2 24352.2 30263.7 47524 53496.7 21754
log_desv_Rt
 0.0805861 0.309216 -0.500561 -0.124844 0.544366 0.143686 0.817501 0.795695 1.06393 1.29439 0.710106 0.343491 0.386118 -0.224944 -0.821602 -0.945728 -1.22087 -1.08768 -1.03515 -0.589713 -0.299622 -0.0822945 0.36899 0.487375 -0.412445
SSB
 517067 274424 286159 256002 276145 472119 653273 826353 717724 779601 855741 598573 373954 196198 83824.4 65694.6 72633.9 94989.3 118520 132671 197035 244656 299161 411590 535533
BT
 1.59862e+06 407394 631602 447105 572238 667703 1.64411e+06 1.5097e+06 1.59561e+06 1.59122e+06 1.49038e+06 1.03735e+06 774194 424669 222327 137319 152360 192065 196484 261698 401837 365611 498462 719212 786521
Ftot
 0.617032 0.605818 1.09344 0.271829 0.0502687 0.473942 0.323116 0.587982 0.667759 0.473292 0.849237 0.79241 1.27099 2.33922 2.54826 1.08862 0.82618 0.598259 0.482901 0.523792 0.238657 0.300167 0.367103 0.367963 0.358519
BD_Bspro_t
 0.92442 0.663603 0.572106 0.36972 0.514591 0.698473 0.635579 0.657323 0.588407 0.561699 0.55309 0.393008 0.290464 0.19586 0.105176 0.10186 0.150995 0.249236 0.346712 0.431489 0.557883 0.672181 0.679312 0.681003 0.674566
BD_Bspro
 0.765247 0.406141 0.423509 0.378876 0.408688 0.698724 0.966828 1.22298 1.06221 1.15379 1.26648 0.885874 0.553443 0.290368 0.124058 0.0972264 0.107496 0.140582 0.175407 0.19635 0.291607 0.362085 0.442752 0.609143 0.792575
BD_Bo
 0.60986 0.323672 0.337513 0.301944 0.325702 0.556845 0.770509 0.97465 0.846527 0.919508 1.00931 0.705993 0.441064 0.231407 0.0988675 0.0774841 0.0856688 0.112036 0.13979 0.15648 0.232395 0.288562 0.352849 0.485454 0.631639
BD_Brms
 2.04033 1.08287 1.12917 1.01017 1.08966 1.86296 2.57779 3.26076 2.83211 3.07628 3.37673 2.36195 1.47561 0.774189 0.330768 0.259228 0.286611 0.374824 0.467677 0.523515 0.777493 0.965405 1.18048 1.62412 2.11319
S_f
 0.150101 1 1 1 1
 0.150101 1 1 1 1
 0.150101 1 1 1 1
 0.150101 1 1 1 1
 0.150101 1 1 1 1
 0.150101 1 1 1 1
 0.150101 1 1 1 1
 0.150101 1 1 1 1
 0.150101 1 1 1 1
 0.150101 1 1 1 1
 0.150101 1 1 1 1
 0.150101 1 1 1 1
 0.150101 1 1 1 1
 0.150101 1 1 1 1
 0.150101 1 1 1 1
 0.150101 1 1 1 1
 0.150101 1 1 1 1
 0.150101 1 1 1 1
 0.150101 1 1 1 1
 0.150101 1 1 1 1
 0.150101 1 1 1 1
 0.150101 1 1 1 1
 0.150101 1 1 1 1
 0.150101 1 1 1 1
 0.150101 1 1 1 1
Scru_reclas
 0.679297 1 1 1 1
 0.679297 1 1 1 1
 0.679297 1 1 1 1
 0.679297 1 1 1 1
 0.679297 1 1 1 1
 0.679297 1 1 1 1
 0.679297 1 1 1 1
 0.679297 1 1 1 1
 0.679297 1 1 1 1
 0.679297 1 1 1 1
 0.679297 1 1 1 1
 0.679297 1 1 1 1
 0.679297 1 1 1 1
 0.679297 1 1 1 1
 0.679297 1 1 1 1
 0.679297 1 1 1 1
 0.679297 1 1 1 1
 0.679297 1 1 1 1
 0.679297 1 1 1 1
 0.679297 1 1 1 1
 0.679297 1 1 1 1
 0.679297 1 1 1 1
 0.679297 1 1 1 1
 0.679297 1 1 1 1
 0.679297 1 1 1 1
Scru_pelaces
 0.67585 1 1 1 1
 0.67585 1 1 1 1
 0.67585 1 1 1 1
 0.67585 1 1 1 1
 0.67585 1 1 1 1
 0.67585 1 1 1 1
 0.67585 1 1 1 1
 0.67585 1 1 1 1
 0.67585 1 1 1 1
 0.67585 1 1 1 1
 0.67585 1 1 1 1
 0.67585 1 1 1 1
 0.67585 1 1 1 1
 0.67585 1 1 1 1
 0.67585 1 1 1 1
 0.67585 1 1 1 1
 0.67585 1 1 1 1
 0.67585 1 1 1 1
 0.67585 1 1 1 1
 0.67585 1 1 1 1
 0.67585 1 1 1 1
 0.67585 1 1 1 1
 0.67585 1 1 1 1
 0.67585 1 1 1 1
 0.67585 1 1 1 1
pf_obs 
 0.256992 0.487395 0.22802 0.0275931 0
 0.321318 0.546541 0.124235 0.00734118 0.000564706
 0.182869 0.594174 0.210203 0.0122559 0.00049798
 0.330522 0.361315 0.267642 0.0388342 0.00168674
 0.649043 0.306663 0.0425973 0.00169635 0
 0.582887 0.30429 0.105238 0.00758474 0
 0.465427 0.430635 0.0974691 0.00646863 0
 0.296916 0.608066 0.0921331 0.00288517 0
 0.311714 0.524322 0.152257 0.0117073 0
 0.15457 0.633149 0.183074 0.0267441 0.00246327
 0.131901 0.49318 0.331252 0.0422183 0.00144891
 0.196976 0.569456 0.194076 0.0375587 0.00193317
 0.518974 0.381816 0.0799577 0.0180837 0.00116848
 0.0928022 0.601141 0.25162 0.0475244 0.00691264
 0.122501 0.610282 0.24278 0.0234846 0.000952079
 0.383417 0.481906 0.127806 0.00687128 0
 0.0376549 0.599619 0.316969 0.0457579 0
 0.0361596 0.667082 0.258105 0.0386534 0
 0.158088 0.579412 0.248529 0.0139706 0
 0.0477256 0.309471 0.559284 0.082774 0.000745712
 0.0406174 0.521527 0.379366 0.0568643 0.0016247
 0.151134 0.462217 0.34131 0.0453401 0
 0.294876 0.26143 0.354403 0.0886775 0.000613685
 0.281977 0.475581 0.204845 0.0348837 0.00271318
 0.0841818 0.532909 0.334909 0.0458182 0.00218182
pf_pred 
 0.276986 0.506097 0.193556 0.0233522 9.00138e-06
 0.285963 0.554329 0.111793 0.0427549 0.0051603
 0.142461 0.671412 0.144496 0.0291408 0.01249
 0.274473 0.479254 0.19282 0.0414972 0.0119558
 0.317323 0.506522 0.116361 0.046816 0.0129782
 0.155204 0.642292 0.150251 0.0345165 0.0177369
 0.302997 0.42323 0.208147 0.0486919 0.0169338
 0.227786 0.596293 0.106822 0.0525357 0.0165637
 0.283246 0.519431 0.15237 0.0272961 0.0176569
 0.28145 0.564906 0.111345 0.0326621 0.00963614
 0.156623 0.647007 0.154381 0.0304291 0.0115595
 0.170158 0.543993 0.219293 0.052325 0.0142314
 0.265404 0.492803 0.158505 0.063896 0.0193927
 0.244198 0.622658 0.0893194 0.0287286 0.0150959
 0.302477 0.619647 0.064157 0.00920323 0.00451556
 0.342254 0.607935 0.0442496 0.00458152 0.000979673
 0.235682 0.656348 0.0997937 0.00726366 0.00091288
 0.267691 0.554605 0.152601 0.0232021 0.00190105
 0.240864 0.58175 0.13434 0.0369642 0.00608066
 0.308032 0.504041 0.144014 0.0332564 0.0106559
 0.274562 0.575641 0.109114 0.0311761 0.00950609
 0.242936 0.559395 0.156853 0.0297318 0.0110852
 0.287617 0.507297 0.151538 0.0424908 0.0110572
 0.238557 0.580929 0.128546 0.0383988 0.0135688
 0.0955189 0.645936 0.197252 0.0436473 0.0176454
pobs_RECLAS
 0 0 0 0 0
 0 0 0 0 0
 0 0 0 0 0
 0 0 0 0 0
 0.835266 0.146461 0.0176864 0.000547809 3.91292e-05
 0.385257 0.428462 0.181853 0.0044286 0
 0.867414 0.0963971 0.0333333 0.00285562 0
 0.441836 0.489002 0.0689373 0.000224442 0
 0.779404 0.147425 0.0564933 0.0165055 0.000172143
 0.814271 0.122319 0.05973 0.00367925 0
 0.40263 0.566651 0.0304383 0.000280538 0
 0.475488 0.404961 0.113038 0.00651328 0
 0.955842 0.0263864 0.0167828 0.000988607 0
 0.975058 0.0227948 0.00214734 0 0
 0.738997 0.206755 0.0527124 0.00153531 0
 0.850938 0.134255 0.0134407 0.00136685 0
 0.542534 0.407297 0.0501686 0 0
 0.764087 0.199537 0.0359546 0.000420521 0
 0.470689 0.182191 0.310203 0.0369168 0
 0.84361 0.089868 0.0606195 0.00523954 0.000663233
 0.607945 0.314616 0.071237 0.00620181 0
 0.523733 0.453247 0.0230204 0 0
 0.530135 0.295979 0.169645 0.0042399 0
 0.562478 0.366248 0.0663022 0.0049721 0
 0.250443 0.683176 0.0655157 0.000865301 0
ppred_RECLAS
 0.644628 0.248754 0.0951355 0.0114779 4.42432e-06
 0.654486 0.268233 0.0540953 0.0206886 0.00249701
 0.453741 0.427694 0.0920451 0.0185629 0.00795621
 0.635061 0.241064 0.0969881 0.020873 0.00601374
 0.678355 0.238649 0.0548238 0.0220575 0.00611471
 0.461953 0.409073 0.0956943 0.0219834 0.0112966
 0.667454 0.201927 0.0993089 0.0232313 0.00807925
 0.582083 0.32271 0.0578112 0.0284319 0.00896415
 0.652844 0.251584 0.0737998 0.0132207 0.00855203
 0.646694 0.277761 0.0547478 0.0160598 0.00473803
 0.473996 0.40353 0.0962854 0.0189783 0.00720953
 0.497149 0.329638 0.132883 0.0317069 0.00862365
 0.649255 0.235297 0.0756808 0.0305082 0.00925938
 0.666698 0.274587 0.0393891 0.0126691 0.00665716
 0.737354 0.233323 0.0241578 0.0034654 0.0017003
 0.722226 0.256738 0.0186871 0.00193483 0.000413728
 0.598773 0.344549 0.0523865 0.00381305 0.000479215
 0.633391 0.277647 0.0763953 0.0116154 0.000951705
 0.597414 0.308515 0.0712437 0.0196029 0.00322471
 0.676323 0.235772 0.0673645 0.0155561 0.00498443
 0.634633 0.289922 0.0549555 0.0157018 0.00478775
 0.596623 0.298055 0.0835738 0.0158416 0.00590639
 0.65161 0.248093 0.0741094 0.0207801 0.0054075
 0.59208 0.311215 0.0688647 0.020571 0.00726906
 0.328364 0.47965 0.146472 0.032411 0.0131028
pobs_PELACES
 0 0 0 0 0
 0 0 0 0 0
 0 0 0 0 0
 0 0 0 0 0
 0 0 0 0 0
 0 0 0 0 0
 0 0 0 0 0
 0 0 0 0 0
 0 0 0 0 0
 0 0 0 0 0
 0.450072 0.473896 0.0757376 0.000293798 0
 0 0 0 0 0
 0.463077 0.371075 0.160297 0.00555027 0
 0.529543 0.364841 0.0842815 0.0213345 0
 0.631943 0.363953 0.00410389 0 0
 0.735681 0.248677 0.0153453 0.000297389 0
 0.695825 0.281241 0.0229344 0 0
 0.275771 0.60734 0.115278 0.00161068 0
 0 0 0 0 0
 0.896147 0.0623911 0.0374545 0.00400742 0
 0.803859 0.145111 0.0509908 3.86294e-05 0
 0.739449 0.233085 0.0266225 0.000797448 4.60066e-05
 0.878498 0.100942 0.0204185 0.000141795 0
 0.694673 0.275183 0.0284847 0.00165964 0
 0.469039 0.446079 0.0841089 0.000773354 0
ppred_PELACES
 0.682108 0.222519 0.0851017 0.0102674 3.95769e-06
 0.690753 0.240078 0.0484171 0.018517 0.00223491
 0.528973 0.368792 0.0793685 0.0160064 0.00686047
 0.651388 0.230279 0.0926492 0.0199392 0.0057447
 0.680318 0.237193 0.0544892 0.0219229 0.00607739
 0.493839 0.38483 0.0900232 0.0206806 0.0106271
 0.68616 0.190568 0.0937226 0.0219245 0.00762477
 0.620378 0.293139 0.0525138 0.0258266 0.00814274
 0.69291 0.222548 0.0652823 0.0116949 0.00756501
 0.675286 0.255282 0.0503171 0.0147601 0.00435458
 0.532202 0.358877 0.0856308 0.0168782 0.00641175
 0.551257 0.294168 0.118584 0.0282951 0.00769572
 0.724551 0.184785 0.0594341 0.0239589 0.00727163
 0.793192 0.170376 0.0244402 0.00786094 0.00413065
 0.850925 0.132431 0.0137117 0.00196692 0.000965069
 0.778296 0.204914 0.014915 0.00154427 0.000330214
 0.651805 0.299008 0.0454623 0.00330905 0.000415874
 0.67029 0.249702 0.0687062 0.0104464 0.000855916
 0.628328 0.284824 0.0657729 0.0180976 0.00297708
 0.706562 0.213745 0.0610711 0.0141028 0.00451877
 0.648851 0.27864 0.0528169 0.0150908 0.00460144
 0.615506 0.284103 0.0796617 0.0151001 0.00562991
 0.673487 0.232514 0.0694558 0.0194752 0.00506794
 0.615546 0.293312 0.0649033 0.0193877 0.0068509
 0.349752 0.464375 0.141808 0.0313788 0.0126856
pobs_pel_tallas
 0 0 0 0 0 0 0 0 0 0 0 0 0 0 0 0 0 0 0 0 0 0 0 0 0 0 0 0 0 0 0 0 0 0 0 0
 0 0 0 0 0 0 0 0 0 0 0 0 0 0 0 0 0 0 0 0 0 0 0 0 0 0 0 0 0 0 0 0 0 0 0 0
 0 0 0 0 0 0 0 0 0 0 0 0 0 0 0 0 0 0 0 0 0 0 0 0 0 0 0 0 0 0 0 0 0 0 0 0
 0 0 0 0 0 0 0 0 0 0 0 0 0 0 0 0 0 0 0 0 0 0 0 0 0 0 0 0 0 0 0 0 0 0 0 0
 0 0 0 0 0 0 0 0 0 0 0 0 0 0 0 0 0 0 0 0 0 0 0 0 0 0 0 0 0 0 0 0 0 0 0 0
 0 0 0 0 0 0 0 0 0 0 0 0 0 0 0 0 0 0 0 0 0 0 0 0 0 0 0 0 0 0 0 0 0 0 0 0
 0 0 0 0 0 0 0 0 0 0 0 0 0 0 0 0 0 0 0 0 0 0 0 0 0 0 0 0 0 0 0 0 0 0 0 0
 0 0 0 0 0 0 0 0 0 0 0 0 0 0 0 0 0 0 0 0 0 0 0 0 0 0 0 0 0 0 0 0 0 0 0 0
 0 0 0 0 0 0 0 0 0 0 0 0 0 0 0 0 0 0 0 0 0 0 0 0 0 0 0 0 0 0 0 0 0 0 0 0
 0 0 0 0 0 0 0 0 0 0 0 0 0 0 0 0 0 0 0 0 0 0 0 0 0 0 0 0 0 0 0 0 0 0 0 0
 0 0 0 0 0 0 0 0 1.78061e-05 0.00172719 0.00360574 0.0105946 0.0120993 0.0124554 0.0147524 0.0171206 0.0266825 0.0428682 0.0675386 0.121331 0.153587 0.119568 0.100827 0.0573624 0.0630603 0.0341343 0.0324427 0.0444173 0.0211091 0.0280891 0.0125444 0.00206551 0 0 0 0
 0 0 0 0 0 0 0 0 0 0 0 0 0 0 0 0 0 0 0 0 0 0 0 0 0 0 0 0 0 0 0 0 0 0 0 0
 0 0 0 0 0 0 0.0133647 0.0140871 0.0187388 0.0205184 0.03894 0.0496705 0.03968 0.0493445 0.0407372 0.0367815 0.0215668 0.0243155 0.0234873 0.0199281 0.019796 0.0243948 0.0301388 0.0376714 0.0412746 0.0863199 0.0771752 0.113111 0.0741005 0.0525337 0.0229764 0.00759418 0.00175318 0 0 0
 0 0 0 0 0 0 0 0 0 0 0.00219441 0.00772107 0.0458388 0.0604681 0.0671733 0.0775358 0.0609151 0.0617685 0.073594 0.0568108 0.0755445 0.0548602 0.0670107 0.0636378 0.0643287 0.046367 0.0373049 0.0286899 0.0247887 0.0153202 0.00654259 0.00121912 0.000365735 0 0 0
 0 0 0 0 0 0 0 0 0 0 0 0 0.000112435 0.00938835 0.0111873 0.0202946 0.0414886 0.0713402 0.111592 0.104902 0.108894 0.110636 0.117776 0.105296 0.107544 0.0401394 0.0192827 0.0124803 0.00416011 0.0028671 0.000618394 0 0 0 0 0
 0 0 0 0 0 0 0 0 0 0 0.00291406 0.0102884 0.027416 0.0768956 0.0749926 0.110853 0.0956884 0.0897413 0.0766577 0.0534642 0.0500743 0.0551293 0.0594112 0.0620874 0.0668451 0.0424026 0.0208742 0.0120726 0.0048766 0.00582813 0.00118941 0.000297354 0 0 0 0
 0 0.00264628 0.0354308 0.0461629 0.0458689 0.0383711 0.0214643 0.0164657 0.0346957 0.0420465 0.0363128 0.0245516 0.0311673 0.0291091 0.0169068 0.0133784 0.00837989 0.0085269 0.0148486 0.0160247 0.0276389 0.0546898 0.0760071 0.122758 0.109233 0.0665981 0.0333725 0.0166128 0.00676272 0.00308733 0.000882094 0 0 0 0 0
 0 0 0 0 0 0 0 0.000805153 0.000690131 0.00759144 0.0133425 0.0154129 0.00931677 0.000345066 0.00356568 0.00563607 0.00851162 0.0253048 0.0502646 0.0516448 0.0657925 0.0565908 0.0611916 0.0827007 0.0866115 0.110766 0.145733 0.0935128 0.0569358 0.0249597 0.0138026 0.00621118 0.00161031 0.00115022 0 0
 0 0 0 0 0 0 0 0 0 0 0 0 0 0 0 0 0 0 0 0 0 0 0 0 0 0 0 0 0 0 0 0 0 0 0 0
 0.00147267 0.00158595 0.00478618 0.00569244 0.00954404 0.0108468 0.00647125 0.017049 0.0510054 0.094081 0.124002 0.0959785 0.0687766 0.0820023 0.061753 0.0591476 0.0492212 0.0479892 0.0443925 0.0268479 0.0217502 0.0140895 0.0121071 0.0120363 0.00920419 0.00665534 0.0049561 0.00860946 0.00930331 0.0156896 0.0114698 0.00855282 0.00243557 0.00046729 0 2.83206e-05
 0 0 0 0 0.000772559 0.00158375 0.000888443 0.00281984 0.00712685 0.0440552 0.0773331 0.111326 0.0921469 0.0852325 0.0710754 0.0886704 0.0786465 0.0553345 0.0373146 0.0185414 0.00753245 0.00457741 0.012979 0.0271748 0.0457355 0.0583668 0.034881 0.0177882 0.00938659 0.00492506 0.0015258 0.00185414 0.000309023 5.79419e-05 3.86279e-05 0
 0 0.00173294 0.00326652 0 0.00397197 0.00683976 0.00946217 0.0152591 0.00757587 0.0136028 0.0228656 0.0392903 0.0559909 0.0764795 0.0681675 0.0726916 0.0566044 0.0477403 0.0527397 0.0444891 0.0609904 0.0582453 0.0661739 0.0445044 0.0529084 0.0360697 0.0280645 0.0235558 0.0158879 0.00826598 0.00280645 0.00217768 0.000904811 0.00058276 9.20147e-05 0
 0 0 0 0 0 0 0 0 0 0 0 0 0 0 0 0 0 0 0 0 0 0 0 0 0 0 0 0 0 0 0 0 0 0 0 0
 0 0 0 0 0 0 0 0 0 0 0 0 0 0 0 0 0 0 0 0 0 0 0 0 0 0 0 0 0 0 0 0 0 0 0 0
 0 0 0 0 0 0 0 0 0 0 0 0 0 0 0 0 0 0 0 0 0 0 0 0 0 0 0 0 0 0 0 0 0 0 0 0
ppred_pel_tallas
 1.01634e-16 2.9765e-05 0.000174687 0.000830363 0.00319691 0.00996924 0.0251816 0.0515254 0.0854111 0.114711 0.124845 0.110162 0.0789431 0.0462453 0.0227687 0.0105854 0.00648039 0.00665355 0.00876505 0.0117559 0.0151339 0.0185354 0.0215937 0.0239599 0.0253681 0.0256913 0.0249646 0.0233645 0.021156 0.0186254 0.016023 0.0135288 0.0112463 0.00921725 0.00744441 0.00591341
 1.01507e-16 3.01425e-05 0.000176902 0.000840891 0.00323744 0.0100956 0.0255008 0.0521788 0.0864945 0.116167 0.126432 0.111568 0.0799641 0.0468692 0.023123 0.0108269 0.00672659 0.00697208 0.00918669 0.0122842 0.0157458 0.0191791 0.02219 0.0244101 0.0255689 0.0255544 0.0244357 0.0224367 0.0198739 0.0170784 0.01433 0.0118178 0.00963475 0.00779591 0.00626919 0.00500419
 1.02118e-16 2.30934e-05 0.000135506 0.000644062 0.00247955 0.00773216 0.0195311 0.0399652 0.0662542 0.0890003 0.0969099 0.0856238 0.0616028 0.0365785 0.0189235 0.0103319 0.00839561 0.0102264 0.0140117 0.0188483 0.0241744 0.0294417 0.0340537 0.0374442 0.0391965 0.0391376 0.0373736 0.0342495 0.0302541 0.0259005 0.0216231 0.017718 0.0143328 0.0114941 0.0091541 0.00723463
 1.02344e-16 2.84257e-05 0.000166824 0.000792979 0.00305297 0.00952036 0.0240478 0.0492056 0.0815663 0.109549 0.119232 0.10522 0.0754266 0.0442354 0.021873 0.0103278 0.00653984 0.00688921 0.00914605 0.0122968 0.0158604 0.0194703 0.0227511 0.0253431 0.0269698 0.0274948 0.0269461 0.0254945 0.0234001 0.0209444 0.0183725 0.01586 0.013508 0.011359 0.00942089 0.00768839
 1.01889e-16 2.96874e-05 0.00017423 0.00082819 0.00318854 0.00994314 0.0251157 0.0513906 0.0851881 0.114413 0.124523 0.109885 0.0787601 0.0461687 0.0227874 0.0106873 0.00666503 0.00693119 0.0091476 0.0122471 0.0157212 0.0191851 0.0222511 0.0245553 0.0258282 0.0259542 0.0249939 0.023159 0.0207515 0.0180882 0.0154368 0.0129786 0.0108037 0.00892908 0.00732896 0.00596197
 1.02611e-16 2.15621e-05 0.000126514 0.000601311 0.00231495 0.00721883 0.0182345 0.0373124 0.0618577 0.0830982 0.0904934 0.0799788 0.0575943 0.0343045 0.0179425 0.0101096 0.00857765 0.0106657 0.014686 0.0197828 0.0253988 0.0309707 0.0358789 0.0395327 0.0414946 0.0415789 0.0398882 0.0367724 0.0327305 0.028287 0.0238866 0.0198326 0.0162775 0.0132518 0.010712 0.00858552
 1.02503e-16 2.99404e-05 0.00017572 0.000835279 0.00321585 0.0100283 0.0253307 0.0518303 0.0859157 0.115386 0.125572 0.110786 0.0793523 0.0464085 0.0227074 0.0103207 0.00600318 0.00592663 0.00774248 0.0104059 0.0134593 0.0165881 0.0194813 0.0218391 0.0234262 0.0241182 0.0239222 0.02296 0.0214264 0.0195363 0.017479 0.0153933 0.0133646 0.0114371 0.00963222 0.00796404
 1.02109e-16 2.7076e-05 0.000158894 0.000755268 0.00290775 0.0090675 0.0229039 0.0468657 0.0776897 0.104349 0.113588 0.100279 0.0719705 0.0423806 0.0212748 0.0105755 0.00739494 0.0083004 0.0111604 0.0149696 0.0191937 0.0233779 0.0270467 0.0297531 0.03117 0.0311636 0.029821 0.0274174 0.0243394 0.0209893 0.0177044 0.0147097 0.0121115 0.00992152 0.00809504 0.00656719
 1.01755e-16 3.02359e-05 0.000177452 0.000843509 0.00324753 0.0101271 0.0255803 0.0523412 0.0867632 0.116526 0.126819 0.111901 0.0801824 0.046957 0.0230921 0.0106894 0.00647887 0.00659636 0.00866143 0.0115963 0.0149013 0.0182104 0.0211579 0.0233995 0.024677 0.0248749 0.0240418 0.0223679 0.0201297 0.0176206 0.0150915 0.0127165 0.0105872 0.00872934 0.00712861 0.00575501
 1.01509e-16 2.94687e-05 0.000172945 0.000822076 0.00316499 0.00986969 0.0249302 0.0510112 0.0845598 0.11357 0.123611 0.10909 0.0782137 0.0458948 0.0227381 0.0108071 0.00692927 0.00734697 0.00973685 0.0130282 0.0166947 0.0203244 0.023499 0.0258268 0.0270208 0.0269636 0.0257307 0.0235635 0.0208016 0.0178008 0.014861 0.0121853 0.00987293 0.00793906 0.00634742 0.00504143
 1.02213e-16 2.32339e-05 0.000136331 0.000647988 0.00249467 0.0077793 0.0196502 0.0402088 0.0666577 0.0895413 0.0974962 0.0861354 0.0619569 0.0367608 0.0189668 0.0102745 0.00825699 0.0100061 0.0137 0.0184365 0.0236635 0.0288472 0.0334071 0.0367911 0.0385905 0.0386315 0.0370102 0.0340544 0.0302317 0.0260346 0.0218819 0.0180606 0.0147168 0.0118816 0.00951589 0.00755163
 1.03112e-16 2.40622e-05 0.0001412 0.000671148 0.00258387 0.00805746 0.0203527 0.0416457 0.0690377 0.0927317 0.100953 0.0891482 0.0640348 0.0378149 0.0191835 0.00987122 0.00733711 0.00855444 0.0116458 0.0157212 0.0202917 0.0249188 0.0291292 0.0324646 0.0345714 0.0352751 0.0346099 0.0327922 0.0301516 0.0270452 0.0237833 0.0205881 0.0175876 0.0148355 0.0123426 0.0101039
 1.02067e-16 3.1614e-05 0.000185546 0.000881998 0.00339573 0.0105893 0.0267477 0.0547294 0.0907207 0.121837 0.132588 0.116963 0.0837508 0.0489275 0.0238392 0.0106624 0.00595771 0.00567073 0.00731287 0.00977865 0.0125915 0.0154359 0.0180086 0.020024 0.0212656 0.0216317 0.0211529 0.0199739 0.0183089 0.0163857 0.0143985 0.0124814 0.0107056 0.00909351 0.00764009 0.00633213
 1.00866e-16 3.46065e-05 0.000203116 0.000965529 0.00371735 0.0115922 0.0292811 0.0599128 0.0993117 0.133371 0.145131 0.128006 0.091611 0.0534236 0.0258496 0.0112525 0.00584576 0.00517191 0.00649453 0.00860368 0.010994 0.0133531 0.0153947 0.0168579 0.0175547 0.0174125 0.0164895 0.0149554 0.0130457 0.0110046 0.00903664 0.00727807 0.00579212 0.00458288 0.00361798 0.00285075
 1.00351e-16 3.71223e-05 0.00021789 0.00103577 0.00398783 0.0124357 0.0314115 0.0642716 0.106535 0.143068 0.15567 0.137272 0.0981778 0.0571229 0.0273957 0.0115082 0.00537457 0.00419545 0.00503173 0.00660313 0.00841034 0.0101838 0.0116951 0.0127407 0.0131764 0.0129498 0.0121125 0.0108043 0.00921713 0.00754957 0.00596774 0.00458216 0.00344346 0.00255285 0.00188022 0.00138217
 1.00348e-16 3.39583e-05 0.000199308 0.000947418 0.00364761 0.0113747 0.0287317 0.058789 0.0974499 0.130874 0.142422 0.125638 0.0899598 0.0525496 0.0255923 0.011422 0.00633681 0.00597077 0.0076347 0.0101204 0.012892 0.0155873 0.0178624 0.0194047 0.0199933 0.0195514 0.0181647 0.0160565 0.013531 0.0109018 0.00843057 0.00629052 0.00455922 0.00323519 0.00226641 0.00157912
 1.00876e-16 2.84466e-05 0.00016694 0.000793519 0.00305503 0.00952676 0.024064 0.0492393 0.0816241 0.109632 0.119337 0.105347 0.0755927 0.0444832 0.0222731 0.0109757 0.00754911 0.00837876 0.0112183 0.015007 0.0191834 0.0232731 0.0267849 0.0292603 0.0303681 0.0299816 0.0282066 0.0253475 0.0218268 0.0180851 0.014494 0.0113046 0.00863763 0.00650594 0.0048537 0.00359498
 1.01456e-16 2.92507e-05 0.000171665 0.000815992 0.00314157 0.00979666 0.0247457 0.0506337 0.0839339 0.11273 0.122696 0.108281 0.0776316 0.0455489 0.0225593 0.0107108 0.0068549 0.00726341 0.00963331 0.0129066 0.0165671 0.0202123 0.0234319 0.0258387 0.0271445 0.0272233 0.0261361 0.024105 0.0214507 0.0185132 0.0155841 0.0128666 0.0104679 0.00841741 0.00669552 0.00526178
 1.01788e-16 2.74224e-05 0.000160928 0.00076494 0.002945 0.00918364 0.0231973 0.0474659 0.0786842 0.105684 0.115039 0.101553 0.072871 0.0428832 0.0214758 0.0105916 0.00730126 0.00812571 0.0109072 0.0146334 0.0187749 0.0228865 0.0265042 0.0291896 0.0306188 0.0306546 0.0293737 0.0270363 0.0240134 0.0206951 0.0174126 0.0143923 0.0117486 0.00950535 0.0076305 0.00606998
 1.01633e-16 3.08308e-05 0.000180946 0.000860119 0.00331148 0.0103265 0.0260841 0.0533719 0.0884714 0.118819 0.129312 0.114092 0.0817354 0.0478321 0.0234583 0.0107507 0.00636871 0.00636717 0.00831764 0.0111255 0.0142925 0.0174624 0.0202832 0.022424 0.0236375 0.0238132 0.0229986 0.0213775 0.0192162 0.0167976 0.014363 0.01208 0.0100366 0.00825718 0.00672737 0.0054178
 1.01575e-16 2.8317e-05 0.000166181 0.000789914 0.00304115 0.0094835 0.0239547 0.0490155 0.0812526 0.109132 0.118788 0.104853 0.0752173 0.0442205 0.0220646 0.0107473 0.00723505 0.00792745 0.0105928 0.0141887 0.0181791 0.0221229 0.0255651 0.0280784 0.0293506 0.0292548 0.0278757 0.0254791 0.0224385 0.0191445 0.0159263 0.0130065 0.0104931 0.00840157 0.00669041 0.00529545
 1.02006e-16 2.68633e-05 0.000157646 0.000749335 0.00288491 0.00899626 0.022724 0.0464975 0.0770791 0.103528 0.112694 0.0994874 0.0713973 0.0420333 0.0210829 0.0104527 0.00727762 0.00815379 0.0109708 0.0147384 0.0189364 0.0231244 0.0268398 0.0296435 0.0312074 0.0313864 0.0302462 0.0280346 0.02511 0.0218523 0.0185863 0.0155374 0.0128239 0.0104778 0.00847824 0.00678289
 1.01968e-16 2.93894e-05 0.000172481 0.000819875 0.00315652 0.00984329 0.0248635 0.0508746 0.0843327 0.113264 0.123273 0.108781 0.0779682 0.0457034 0.022556 0.0105768 0.00659575 0.00686327 0.00906776 0.012157 0.0156326 0.0191185 0.0222346 0.0246211 0.0260078 0.026272 0.0254615 0.0237708 0.0214841 0.0189036 0.0162872 0.0138142 0.0115795 0.00961094 0.0078962 0.00640799
 1.02004e-16 2.68653e-05 0.000157657 0.000749388 0.00288511 0.00899689 0.0227256 0.0465008 0.0770848 0.103537 0.112705 0.0995014 0.0714168 0.0420636 0.0211324 0.010533 0.00740215 0.00833616 0.0112218 0.0150622 0.0193262 0.0235595 0.0272853 0.0300536 0.0315323 0.0315813 0.0302807 0.027899 0.0248179 0.0214376 0.0180967 0.0150252 0.0123372 0.0100536 0.00813907 0.00653633
 1.03836e-16 1.52826e-05 8.96403e-05 0.000425992 0.00163989 0.00511368 0.0129172 0.0264334 0.0438281 0.0588959 0.0641852 0.0568414 0.041181 0.0250271 0.014005 0.00934118 0.00955077 0.0128056 0.0179284 0.0242497 0.0312155 0.0381781 0.0443967 0.0491549 0.0519122 0.052423 0.0507824 0.0473796 0.0427835 0.0375991 0.0323448 0.0273812 0.0229007 0.0189606 0.0155373 0.0125761
pSPR Fmed_Fpbrs
0.490629   0.348903 0.348903
Fs Fmed_Fpbrs
0.553746   1.005 1.005
SSBpbr Bo_Bmed_Bpbrs
847846  373586  253423 253423
Ro
32859.6
SPR SPRFo_SPRFmed_SPRFpbrs
675686 331512 235749
log_Ro
10.22
likeval ReclasPelacesDesembMPH_pf_preclas_ppelaces_ptallas_desvR_qrecl_qpela
 64.7433 14.409 0.0128614 0.000197119 315.232 188.991 77.8004 0 16.5537 3.51573e-06 9.76644e-05 0 0 0 0
q_reclas_q_pelaces
0.76667 4.07955
M
0.7
N
 35617.3 12135.5 4641.19 559.953 0.215841
 44766.5 16122.5 3251.46 1243.51 150.086
 19919.2 20298.1 4368.4 880.985 377.596
 29003.1 8394.34 3377.33 726.842 209.411
 56634.1 13826.7 3176.34 1277.95 354.269
 37937.1 27912.2 6529.5 1499.99 770.798
 74421.6 17545.4 8628.95 2018.57 702.005
 72816.3 35207 6307.1 3101.87 977.973
 95218.9 33105 9711.04 1739.67 1125.33
 119897 42774.7 8431.07 2473.18 729.649
 66843.3 55456 13232.2 2608.13 990.784
 46327.5 29220.8 11779.4 2810.66 764.444
 48345 20425.7 6569.71 2648.36 803.79
 26240.4 19837.7 2845.7 915.287 480.952
 14449.3 9172.24 949.676 136.23 66.841
 12762.6 4894.68 356.268 36.8872 7.88765
 9692.7 5382.29 818.345 59.5647 7.48595
 11073.6 4251.89 1169.92 177.879 14.5744
 11670.9 5026.72 1160.79 319.396 52.5411
 18220.2 5390.36 1540.13 355.654 113.957
 24352.2 8363.78 1585.37 452.972 138.119
 30263.7 11667.4 3271.52 620.124 231.207
 47524 14366.4 4291.49 1203.32 313.135
 53496.7 22334.5 4942.11 1476.29 521.667
 21754 25138.2 7676.54 1698.64 686.713
pred_Ctot
 2277.96 4162.19 1591.82 192.051 0.0740283
 2813.14 5453.16 1099.75 420.597 50.7639
 2188.95 10316.4 2220.21 447.756 191.911
 835.88 1459.52 587.214 126.376 36.4102
 306.294 488.917 112.317 45.1888 12.5271
 1881.18 7785.02 1821.15 418.364 214.984
 2540.95 3549.23 1745.54 408.333 142.008
 4446.25 11639.3 2085.1 1025.47 323.313
 6568.78 12046.1 3533.63 633.025 409.482
 5937.38 11917.1 2348.91 689.031 203.281
 5795.71 23942 5712.74 1126 427.75
 3761.92 12026.8 4848.21 1156.82 314.633
 6105.35 11336.4 3646.25 1469.86 446.11
 5701.5 14537.7 2085.42 670.752 352.457
 3376.07 6916.13 716.082 102.721 50.4
 1396.75 2481 180.584 18.6973 3.99808
 818.82 2280.32 346.709 25.2358 3.17158
 687.526 1424.43 391.935 59.5913 4.88258
 589.313 1423.35 328.686 90.4388 14.8773
 995.257 1628.56 465.312 107.452 34.4294
 617.542 1294.72 245.418 70.1208 21.381
 961.346 2213.64 620.699 117.655 43.8665
 1838.17 3242.15 968.482 271.56 70.6667
 2073.91 5050.35 1117.52 333.823 117.961
 822.206 5560.08 1697.9 375.707 151.888
F
 0.092617 0.617032 0.617032 0.617032 0.617032
 0.0909337 0.605818 0.605818 0.605818 0.605818
 0.164126 1.09344 1.09344 1.09344 1.09344
 0.0408017 0.271829 0.271829 0.271829 0.271829
 0.00754537 0.0502687 0.0502687 0.0502687 0.0502687
 0.0711391 0.473942 0.473942 0.473942 0.473942
 0.0485 0.323116 0.323116 0.323116 0.323116
 0.0882566 0.587982 0.587982 0.587982 0.587982
 0.100231 0.667759 0.667759 0.667759 0.667759
 0.0710415 0.473292 0.473292 0.473292 0.473292
 0.127471 0.849237 0.849237 0.849237 0.849237
 0.118941 0.79241 0.79241 0.79241 0.79241
 0.190776 1.27099 1.27099 1.27099 1.27099
 0.351119 2.33922 2.33922 2.33922 2.33922
 0.382495 2.54826 2.54826 2.54826 2.54826
 0.163403 1.08862 1.08862 1.08862 1.08862
 0.12401 0.82618 0.82618 0.82618 0.82618
 0.089799 0.598259 0.598259 0.598259 0.598259
 0.0724837 0.482901 0.482901 0.482901 0.482901
 0.0786216 0.523792 0.523792 0.523792 0.523792
 0.0358225 0.238657 0.238657 0.238657 0.238657
 0.0450552 0.300167 0.300167 0.300167 0.300167
 0.0551024 0.367103 0.367103 0.367103 0.367103
 0.0552315 0.367963 0.367963 0.367963 0.367963
 0.053814 0.358519 0.358519 0.358519 0.358519
YTP_r0W_actual
 9208.71 122322 56030.8 15441.5 6500.79
YTP_p0W_proyectada
 20036.4 105656 131249 52283.8 17804.1
 20036.4 102282 28000.2 31121.7 12831.8
CTP_r0_actual
 822.206 5560.08 1697.9 375.707 151.888
CTP_p0_proyectada
 2357.22 4937.17 4206.69 1284.61 382.883
 2357.22 4779.54 897.442 764.661 275.952
Wmedp
 8.5 21.4 31.2 40.7 46.5
nmprior
 10.6 11 7 0
nm_flota  nm_reclas  nm_pelaces    nm_pelaL
inf 21.2196 14.1563 31.3499
cv_recla  cv_pelaces  cv_mph
0.727817 0.430417 0.455514
 ------------------------------------------------
Talla a la edad & desviaci?n 
 7.2 14.2025 17.0495 18.207 18.6776
 1.08 2.13037 2.55742 2.73105 2.80164
