years
 1997 1998 1999 2000 2001 2002 2003 2004 2005 2006 2007 2008 2009 2010 2011 2012 2013 2014 2015 2016 2017 2018 2019 2020 2021
reclasobs
 0 0 0 370054 412103 1.49427e+06 250295 1.28982e+06 931140 785840 897777 1.04006e+06 184774 17550 25797 100020 73551 82996 120727 218422 84188 347160 605670 569463 516374
reclaspred
 1.18174e+06 232075 562009 287780 373153 479530 993733 780602 1.03669e+06 1.19167e+06 1.13519e+06 775188 448331 205910 135429 131596 153995 212110 226369 299574 480522 476152 773664 891812 1.06469e+06
pelacesobs
 0 0 0 0 0 0 0 0 0 2.06254e+06 1.5e+06 0 1.87456e+06 323000 250000 174000 83755 137374 0 501740 490994 745055 786931 1.00524e+06 1.33801e+06
pelacespred
 664879 234747 189246 200288 221747 217532 510413 494688 591312 705964 587144 415354 237868 87842.6 57213.6 63473.3 77776.9 108180 121726 155040 273202 283031 348786 478893 553074
mphobs
 0 0 0 0 0 112323 0 153150 637223 0 255016 313432 73983 77613 109348 50772 0 0 0 0 0 0 0 0 0
mphpred
 838361 437251 363088 313881 273378 431204 592978 804045 805802 1.02022e+06 1.14038e+06 819187 498150 266001 125921 109901 121831 163450 199274 220874 348585 449044 538550 719824 917073
desembarqueobs
 350755 77701 442110 56441 14545 235359 269955 359681 431902 328805 639364 411747 362871 311530 167758 66681 60226 58785 57116 73181 50977 67692 138656 160484 209506
desembarquepred
 350752 77696.8 442060 56441.2 14545 235399 269964 359575 431798 328721 639242 411800 362865 311624 167683 66683.3 60240.1 58782 57107 73166.9 50973.9 67680.1 138640 160472 209491
Reclutas
 38909.5 42144.6 20426.7 23763.9 50741.6 37299 76667.3 84016.2 130477 143034 72143.6 39707.2 47092.8 28439.2 19849.8 16660.1 13911.7 15054.1 15537.3 30075.8 42373.6 45231.7 71141.4 79724.9 30389.2
log_desv_Rt
 -0.0110051 0.0688613 -0.655404 -0.504079 0.254501 -0.0532774 0.66723 0.758765 1.19895 1.29084 0.606414 0.00928661 0.179875 -0.324477 -0.684053 -0.859225 -1.03952 -0.960596 -0.929002 -0.268523 0.0742809 0.139553 0.592424 0.706338 -0.258158
SSB
 838361 437251 363088 313881 273378 431204 592978 804045 805802 1.02022e+06 1.14038e+06 819187 498150 266001 125921 109901 121831 163450 199274 220874 348585 449044 538550 719824 917073
BT
 2.04085e+06 580644 716944 483621 541510 616411 1.59595e+06 1.53921e+06 1.93221e+06 1.97224e+06 1.81897e+06 1.23325e+06 887981 486331 285776 199049 231436 293942 303181 423551 698319 631348 835536 1.17401e+06 1.27117e+06
Ftot
 0.28578 0.321694 0.727981 0.190076 0.0381244 0.465628 0.262417 0.439507 0.398994 0.26629 0.531287 0.502061 0.749633 1.31338 1.11213 0.481292 0.374728 0.267333 0.243587 0.236208 0.103389 0.138185 0.173833 0.174581 0.190543
BD_Bspro_t
 0.958893 0.759152 0.630299 0.413785 0.510756 0.681164 0.609142 0.646845 0.611766 0.615119 0.611803 0.457209 0.345838 0.248656 0.149828 0.156542 0.224431 0.352898 0.458246 0.545662 0.675085 0.776709 0.78035 0.775583 0.765943
BD_Bspro
 1.03636 0.540521 0.448842 0.388013 0.337944 0.533046 0.733028 0.993944 0.996116 1.26117 1.40972 1.01266 0.615803 0.328825 0.155661 0.135857 0.150605 0.202053 0.246339 0.27304 0.430914 0.555099 0.665744 0.889833 1.13367
BD_Bo
 0.875255 0.456493 0.379067 0.327694 0.285409 0.450181 0.619074 0.839429 0.841263 1.06511 1.19057 0.855237 0.520072 0.277707 0.131463 0.114737 0.127192 0.170643 0.208044 0.230594 0.363926 0.468805 0.56225 0.751502 0.957431
BD_Brms
 4.25718 2.22035 1.84375 1.59388 1.38821 2.18965 3.01113 4.08292 4.09184 5.18063 5.79084 4.15981 2.52959 1.35075 0.639425 0.558075 0.618655 0.829994 1.01191 1.1216 1.77011 2.28023 2.73474 3.65525 4.65688
S_f
 0.5 1 1 1 1
 0.5 1 1 1 1
 0.5 1 1 1 1
 0.5 1 1 1 1
 0.5 1 1 1 1
 0.5 1 1 1 1
 0.5 1 1 1 1
 0.5 1 1 1 1
 0.5 1 1 1 1
 0.5 1 1 1 1
 0.5 1 1 1 1
 0.5 1 1 1 1
 0.5 1 1 1 1
 0.5 1 1 1 1
 0.5 1 1 1 1
 0.5 1 1 1 1
 0.5 1 1 1 1
 0.5 1 1 1 1
 0.5 1 1 1 1
 0.5 1 1 1 1
 0.5 1 1 1 1
 0.5 1 1 1 1
 0.5 1 1 1 1
 0.5 1 1 1 1
 0.5 1 1 1 1
Scru_reclas
 0.5 1 1 1 1
 0.5 1 1 1 1
 0.5 1 1 1 1
 0.5 1 1 1 1
 0.5 1 1 1 1
 0.5 1 1 1 1
 0.5 1 1 1 1
 0.5 1 1 1 1
 0.5 1 1 1 1
 0.5 1 1 1 1
 0.5 1 1 1 1
 0.5 1 1 1 1
 0.5 1 1 1 1
 0.5 1 1 1 1
 0.5 1 1 1 1
 0.5 1 1 1 1
 0.5 1 1 1 1
 0.5 1 1 1 1
 0.5 1 1 1 1
 0.5 1 1 1 1
 0.5 1 1 1 1
 0.5 1 1 1 1
 0.5 1 1 1 1
 0.5 1 1 1 1
 0.5 1 1 1 1
Scru_pelaces
 0.5 1 1 1 1
 0.5 1 1 1 1
 0.5 1 1 1 1
 0.5 1 1 1 1
 0.5 1 1 1 1
 0.5 1 1 1 1
 0.5 1 1 1 1
 0.5 1 1 1 1
 0.5 1 1 1 1
 0.5 1 1 1 1
 0.5 1 1 1 1
 0.5 1 1 1 1
 0.5 1 1 1 1
 0.5 1 1 1 1
 0.5 1 1 1 1
 0.5 1 1 1 1
 0.5 1 1 1 1
 0.5 1 1 1 1
 0.5 1 1 1 1
 0.5 1 1 1 1
 0.5 1 1 1 1
 0.5 1 1 1 1
 0.5 1 1 1 1
 0.5 1 1 1 1
 0.5 1 1 1 1
pf_obs 
 0.256992 0.487395 0.22802 0.0275931 0
 0.321318 0.546541 0.124235 0.00734118 0.000564706
 0.182869 0.594174 0.210203 0.0122559 0.00049798
 0.330522 0.361315 0.267642 0.0388342 0.00168674
 0.649043 0.306663 0.0425973 0.00169635 0
 0.582887 0.30429 0.105238 0.00758474 0
 0.465427 0.430635 0.0974691 0.00646863 0
 0.296916 0.608066 0.0921331 0.00288517 0
 0.311714 0.524322 0.152257 0.0117073 0
 0.15457 0.633149 0.183074 0.0267441 0.00246327
 0.131901 0.49318 0.331252 0.0422183 0.00144891
 0.196976 0.569456 0.194076 0.0375587 0.00193317
 0.518974 0.381816 0.0799577 0.0180837 0.00116848
 0.0928022 0.601141 0.25162 0.0475244 0.00691264
 0.122501 0.610282 0.24278 0.0234846 0.000952079
 0.383417 0.481906 0.127806 0.00687128 0
 0.0376549 0.599619 0.316969 0.0457579 0
 0.0361596 0.667082 0.258105 0.0386534 0
 0.158088 0.579412 0.248529 0.0139706 0
 0.0477256 0.309471 0.559284 0.082774 0.000745712
 0.0406174 0.521527 0.379366 0.0568643 0.0016247
 0.151134 0.462217 0.34131 0.0453401 0
 0.294876 0.26143 0.354403 0.0886775 0.000613685
 0.281977 0.475581 0.204845 0.0348837 0.00271318
 0.0841818 0.532909 0.334909 0.0458182 0.00218182
pf_pred 
 0.4115 0.41178 0.157685 0.019029 5.14479e-06
 0.448087 0.332749 0.153352 0.0587241 0.00708857
 0.29799 0.449648 0.152149 0.0701202 0.0300928
 0.4743 0.270088 0.163723 0.0553996 0.036489
 0.609894 0.255809 0.0689979 0.0418254 0.0234743
 0.386901 0.465733 0.0966342 0.0260646 0.0246676
 0.620249 0.224532 0.11791 0.0244649 0.0128439
 0.517748 0.375607 0.0630553 0.0331126 0.0104774
 0.600342 0.283525 0.0904507 0.0151845 0.010497
 0.523829 0.367309 0.0772286 0.0246376 0.00699531
 0.312846 0.483548 0.157059 0.0330223 0.013526
 0.292479 0.364892 0.241106 0.0783124 0.0232099
 0.465754 0.261432 0.1407 0.0929687 0.0391462
 0.435579 0.387225 0.0867102 0.0466664 0.0438191
 0.539386 0.322726 0.0945995 0.0211834 0.0221057
 0.555596 0.341332 0.0722171 0.0211687 0.00968689
 0.462007 0.399321 0.106509 0.0225345 0.00962815
 0.477489 0.343253 0.133053 0.0354885 0.0107165
 0.453689 0.36258 0.120698 0.0467856 0.0162471
 0.597244 0.257926 0.096122 0.0319978 0.0167103
 0.553876 0.33922 0.0684616 0.0255138 0.0129287
 0.456027 0.391023 0.116299 0.0234715 0.0131797
 0.52822 0.299821 0.123609 0.0367641 0.0115861
 0.472813 0.369943 0.0999298 0.0411988 0.0161151
 0.221848 0.508427 0.189275 0.0511274 0.0293236
pobs_RECLAS
 0 0 0 0 0
 0 0 0 0 0
 0 0 0 0 0
 0 0 0 0 0
 0.835266 0.146461 0.0176864 0.000547809 3.91292e-05
 0.385257 0.428462 0.181853 0.0044286 0
 0.867414 0.0963971 0.0333333 0.00285562 0
 0.441836 0.489002 0.0689373 0.000224442 0
 0.779404 0.147425 0.0564933 0.0165055 0.000172143
 0.814271 0.122319 0.05973 0.00367925 0
 0.40263 0.566651 0.0304383 0.000280538 0
 0.475488 0.404961 0.113038 0.00651328 0
 0.955842 0.0263864 0.0167828 0.000988607 0
 0.975058 0.0227948 0.00214734 0 0
 0.738997 0.206755 0.0527124 0.00153531 0
 0.850938 0.134255 0.0134407 0.00136685 0
 0.542534 0.407297 0.0501686 0 0
 0.764087 0.199537 0.0359546 0.000420521 0
 0.470689 0.182191 0.310203 0.0369168 0
 0.84361 0.089868 0.0606195 0.00523954 0.000663233
 0.607945 0.314616 0.071237 0.00620181 0
 0.523733 0.453247 0.0230204 0 0
 0.530135 0.295979 0.169645 0.0042399 0
 0.562478 0.366248 0.0663022 0.0049721 0
 0.250443 0.683176 0.0655157 0.000865301 0
ppred_RECLAS
 0.414103 0.409959 0.156988 0.0189449 5.12203e-06
 0.451163 0.330894 0.152497 0.0583967 0.00704906
 0.305752 0.444676 0.150467 0.0693449 0.0297601
 0.475945 0.269243 0.163211 0.0552263 0.0363748
 0.610166 0.25563 0.0689497 0.0417962 0.0234579
 0.391653 0.462123 0.0958852 0.0258626 0.0244764
 0.622526 0.223186 0.117203 0.0243183 0.0127669
 0.522372 0.372005 0.0624507 0.0327951 0.010377
 0.604256 0.280749 0.0895649 0.0150358 0.0103942
 0.526286 0.365414 0.0768302 0.0245105 0.00695922
 0.317992 0.479926 0.155882 0.032775 0.0134247
 0.297072 0.362524 0.239541 0.0778041 0.0230593
 0.475319 0.256751 0.13818 0.0913042 0.0384453
 0.457321 0.372309 0.0833701 0.0448688 0.0421312
 0.55632 0.310861 0.0911215 0.0204046 0.021293
 0.560746 0.337376 0.0713802 0.0209234 0.00957463
 0.465756 0.396539 0.105767 0.0223775 0.00956105
 0.479959 0.34163 0.132424 0.0353208 0.0106659
 0.455882 0.361125 0.120214 0.0465978 0.0161819
 0.599293 0.256614 0.0956331 0.031835 0.0166253
 0.554695 0.338597 0.0683358 0.0254669 0.0129049
 0.457163 0.390206 0.116056 0.0234225 0.0131522
 0.529702 0.298879 0.123221 0.0366487 0.0115497
 0.474303 0.368897 0.0996474 0.0410824 0.0160695
 0.222991 0.507679 0.188997 0.0510522 0.0292805
pobs_PELACES
 0 0 0 0 0
 0 0 0 0 0
 0 0 0 0 0
 0 0 0 0 0
 0 0 0 0 0
 0 0 0 0 0
 0 0 0 0 0
 0 0 0 0 0
 0 0 0 0 0
 0 0 0 0 0
 0.450072 0.473896 0.0757376 0.000293798 0
 0 0 0 0 0
 0.463077 0.371075 0.160297 0.00555027 0
 0.529543 0.364841 0.0842815 0.0213345 0
 0.631943 0.363953 0.00410389 0 0
 0.735681 0.248677 0.0153453 0.000297389 0
 0.695825 0.281241 0.0229344 0 0
 0.275771 0.60734 0.115278 0.00161068 0
 0 0 0 0 0
 0.896147 0.0623911 0.0374545 0.00400742 0
 0.803859 0.145111 0.0509908 3.86294e-05 0
 0.739449 0.233085 0.0266225 0.000797448 4.60066e-05
 0.878498 0.100942 0.0204185 0.000141795 0
 0.694673 0.275183 0.0284847 0.00165964 0
 0.469039 0.446079 0.0841089 0.000773354 0
ppred_PELACES
 0.425588 0.401923 0.153911 0.0185735 5.02163e-06
 0.464338 0.322951 0.148837 0.0569949 0.00687985
 0.331826 0.427975 0.144816 0.0667405 0.0286424
 0.483773 0.265221 0.160773 0.0544014 0.0358315
 0.611662 0.254649 0.0686852 0.0416359 0.0233679
 0.410102 0.448108 0.0929772 0.0250783 0.0237341
 0.632645 0.217203 0.114061 0.0236664 0.0124247
 0.540428 0.357942 0.0600898 0.0315553 0.00998468
 0.619886 0.269661 0.0860275 0.0144419 0.0099837
 0.537225 0.356976 0.075056 0.0239445 0.00679851
 0.337299 0.466339 0.151469 0.0318472 0.0130446
 0.314656 0.353455 0.233549 0.0758578 0.0224824
 0.506221 0.241629 0.130042 0.0859267 0.036181
 0.511391 0.335214 0.0750634 0.0403982 0.0379334
 0.601026 0.279538 0.0819399 0.0183486 0.0191475
 0.580202 0.322433 0.0682185 0.0199966 0.00915053
 0.481169 0.385099 0.102715 0.0217319 0.00928522
 0.490977 0.334392 0.129619 0.0345725 0.0104399
 0.465868 0.354497 0.118008 0.0457426 0.0158849
 0.608615 0.250644 0.0934083 0.0310944 0.0162386
 0.558905 0.335396 0.0676898 0.0252262 0.0127829
 0.462827 0.386135 0.114845 0.0231781 0.0130149
 0.53684 0.294342 0.121351 0.0360924 0.0113744
 0.48149 0.363854 0.0982851 0.0405207 0.0158498
 0.228486 0.504089 0.18766 0.0506912 0.0290735
pobs_pel_tallas
 0 0 0 0 0 0 0 0 0 0 0 0 0 0 0 0 0 0 0 0 0 0 0 0 0 0 0 0 0 0 0 0 0 0 0 0
 0 0 0 0 0 0 0 0 0 0 0 0 0 0 0 0 0 0 0 0 0 0 0 0 0 0 0 0 0 0 0 0 0 0 0 0
 0 0 0 0 0 0 0 0 0 0 0 0 0 0 0 0 0 0 0 0 0 0 0 0 0 0 0 0 0 0 0 0 0 0 0 0
 0 0 0 0 0 0 0 0 0 0 0 0 0 0 0 0 0 0 0 0 0 0 0 0 0 0 0 0 0 0 0 0 0 0 0 0
 0 0 0 0 0 0 0 0 0 0 0 0 0 0 0 0 0 0 0 0 0 0 0 0 0 0 0 0 0 0 0 0 0 0 0 0
 0 0 0 0 0 0 0 0 0 0 0 0 0 0 0 0 0 0 0 0 0 0 0 0 0 0 0 0 0 0 0 0 0 0 0 0
 0 0 0 0 0 0 0 0 0 0 0 0 0 0 0 0 0 0 0 0 0 0 0 0 0 0 0 0 0 0 0 0 0 0 0 0
 0 0 0 0 0 0 0 0 0 0 0 0 0 0 0 0 0 0 0 0 0 0 0 0 0 0 0 0 0 0 0 0 0 0 0 0
 0 0 0 0 0 0 0 0 0 0 0 0 0 0 0 0 0 0 0 0 0 0 0 0 0 0 0 0 0 0 0 0 0 0 0 0
 0 0 0 0 0 0 0 0 0 0 0 0 0 0 0 0 0 0 0 0 0 0 0 0 0 0 0 0 0 0 0 0 0 0 0 0
 0 0 0 0 0 0 0 0 1.78061e-05 0.00172719 0.00360574 0.0105946 0.0120993 0.0124554 0.0147524 0.0171206 0.0266825 0.0428682 0.0675386 0.121331 0.153587 0.119568 0.100827 0.0573624 0.0630603 0.0341343 0.0324427 0.0444173 0.0211091 0.0280891 0.0125444 0.00206551 0 0 0 0
 0 0 0 0 0 0 0 0 0 0 0 0 0 0 0 0 0 0 0 0 0 0 0 0 0 0 0 0 0 0 0 0 0 0 0 0
 0 0 0 0 0 0 0.0133647 0.0140871 0.0187388 0.0205184 0.03894 0.0496705 0.03968 0.0493445 0.0407372 0.0367815 0.0215668 0.0243155 0.0234873 0.0199281 0.019796 0.0243948 0.0301388 0.0376714 0.0412746 0.0863199 0.0771752 0.113111 0.0741005 0.0525337 0.0229764 0.00759418 0.00175318 0 0 0
 0 0 0 0 0 0 0 0 0 0 0.00219441 0.00772107 0.0458388 0.0604681 0.0671733 0.0775358 0.0609151 0.0617685 0.073594 0.0568108 0.0755445 0.0548602 0.0670107 0.0636378 0.0643287 0.046367 0.0373049 0.0286899 0.0247887 0.0153202 0.00654259 0.00121912 0.000365735 0 0 0
 0 0 0 0 0 0 0 0 0 0 0 0 0.000112435 0.00938835 0.0111873 0.0202946 0.0414886 0.0713402 0.111592 0.104902 0.108894 0.110636 0.117776 0.105296 0.107544 0.0401394 0.0192827 0.0124803 0.00416011 0.0028671 0.000618394 0 0 0 0 0
 0 0 0 0 0 0 0 0 0 0 0.00291406 0.0102884 0.027416 0.0768956 0.0749926 0.110853 0.0956884 0.0897413 0.0766577 0.0534642 0.0500743 0.0551293 0.0594112 0.0620874 0.0668451 0.0424026 0.0208742 0.0120726 0.0048766 0.00582813 0.00118941 0.000297354 0 0 0 0
 0 0.00264628 0.0354308 0.0461629 0.0458689 0.0383711 0.0214643 0.0164657 0.0346957 0.0420465 0.0363128 0.0245516 0.0311673 0.0291091 0.0169068 0.0133784 0.00837989 0.0085269 0.0148486 0.0160247 0.0276389 0.0546898 0.0760071 0.122758 0.109233 0.0665981 0.0333725 0.0166128 0.00676272 0.00308733 0.000882094 0 0 0 0 0
 0 0 0 0 0 0 0 0.000805153 0.000690131 0.00759144 0.0133425 0.0154129 0.00931677 0.000345066 0.00356568 0.00563607 0.00851162 0.0253048 0.0502646 0.0516448 0.0657925 0.0565908 0.0611916 0.0827007 0.0866115 0.110766 0.145733 0.0935128 0.0569358 0.0249597 0.0138026 0.00621118 0.00161031 0.00115022 0 0
 0 0 0 0 0 0 0 0 0 0 0 0 0 0 0 0 0 0 0 0 0 0 0 0 0 0 0 0 0 0 0 0 0 0 0 0
 0.00147267 0.00158595 0.00478618 0.00569244 0.00954404 0.0108468 0.00647125 0.017049 0.0510054 0.094081 0.124002 0.0959785 0.0687766 0.0820023 0.061753 0.0591476 0.0492212 0.0479892 0.0443925 0.0268479 0.0217502 0.0140895 0.0121071 0.0120363 0.00920419 0.00665534 0.0049561 0.00860946 0.00930331 0.0156896 0.0114698 0.00855282 0.00243557 0.00046729 0 2.83206e-05
 0 0 0 0 0.000772559 0.00158375 0.000888443 0.00281984 0.00712685 0.0440552 0.0773331 0.111326 0.0921469 0.0852325 0.0710754 0.0886704 0.0786465 0.0553345 0.0373146 0.0185414 0.00753245 0.00457741 0.012979 0.0271748 0.0457355 0.0583668 0.034881 0.0177882 0.00938659 0.00492506 0.0015258 0.00185414 0.000309023 5.79419e-05 3.86279e-05 0
 0 0.00173294 0.00326652 0 0.00397197 0.00683976 0.00946217 0.0152591 0.00757587 0.0136028 0.0228656 0.0392903 0.0559909 0.0764795 0.0681675 0.0726916 0.0566044 0.0477403 0.0527397 0.0444891 0.0609904 0.0582453 0.0661739 0.0445044 0.0529084 0.0360697 0.0280645 0.0235558 0.0158879 0.00826598 0.00280645 0.00217768 0.000904811 0.00058276 9.20147e-05 0
 0 0 0 0 0 0 0 0 0 0 0 0 0 0 0 0 0 0 0 0 0 0 0 0 0 0 0 0 0 0 0 0 0 0 0 0
 0 0 0 0 0 0 0 0 0 0 0 0 0 0 0 0 0 0 0 0 0 0 0 0 0 0 0 0 0 0 0 0 0 0 0 0
 0 0 0 0 0 0 0 0 0 0 0 0 0 0 0 0 0 0 0 0 0 0 0 0 0 0 0 0 0 0 0 0 0 0 0 0
ppred_pel_tallas
 1.02955e-16 1.85869e-05 0.000109045 0.000518257 0.00199516 0.00622157 0.0157155 0.0321586 0.0533159 0.0716305 0.0780239 0.0690027 0.0497874 0.0298502 0.0159727 0.00957302 0.00877054 0.011288 0.0156859 0.0212121 0.0273356 0.0334836 0.0390097 0.0432858 0.0458315 0.0464175 0.0451071 0.042219 0.0382314 0.0336616 0.0289613 0.0244555 0.0203317 0.0166651 0.0134608 0.0106932
 1.04498e-16 2.02733e-05 0.000118953 0.000565377 0.00217661 0.00678745 0.0171448 0.0350824 0.0581598 0.078128 0.0850742 0.0751732 0.054099 0.0321539 0.0166946 0.00921843 0.00762638 0.00940313 0.0129824 0.0175991 0.0227884 0.0280919 0.0329978 0.0370031 0.0397119 0.0409167 0.0406309 0.0390614 0.0365361 0.0334144 0.0300103 0.0265512 0.0231736 0.0199456 0.0168997 0.014059
 1.05827e-16 1.44994e-05 8.50457e-05 0.000404156 0.00155583 0.00485155 0.012255 0.0250783 0.0415811 0.0558757 0.0608918 0.0539203 0.0390551 0.0237163 0.013239 0.00878523 0.00894694 0.0119942 0.0168205 0.0228091 0.0294596 0.0361886 0.042324 0.0472102 0.0503446 0.0514842 0.0506874 0.0482717 0.0447116 0.040512 0.0361016 0.0317742 0.0276849 0.0238839 0.0203663 0.0171157
 1.05913e-16 2.11184e-05 0.00012392 0.000589002 0.00226759 0.00707119 0.0178614 0.0365482 0.0605878 0.0813834 0.0886026 0.078252 0.05623 0.0332506 0.0169532 0.00886853 0.00678243 0.00805786 0.0110685 0.0150545 0.0196052 0.0243477 0.0288686 0.0327542 0.035667 0.0374098 0.0379534 0.0374163 0.0360111 0.0339779 0.0315291 0.0288218 0.0259586 0.0230072 0.0200245 0.0170736
 1.03581e-16 2.66943e-05 0.000156657 0.000744641 0.00286685 0.00893995 0.0225817 0.0462061 0.0765954 0.102876 0.111978 0.0988405 0.0709009 0.0416765 0.0207848 0.0101099 0.0067952 0.00745325 0.00999153 0.013444 0.0173271 0.0212492 0.0248038 0.0276035 0.0293561 0.0299271 0.0293628 0.027864 0.025723 0.0232459 0.0206881 0.0182192 0.0159208 0.0138086 0.011865 0.0100665
 1.03437e-16 1.79133e-05 0.000105087 0.00049943 0.00192266 0.00599548 0.0151445 0.0309905 0.051381 0.0690359 0.0752109 0.0665462 0.0480828 0.0289634 0.0157428 0.00980949 0.00937112 0.012243 0.017029 0.022969 0.0294874 0.0359462 0.0416291 0.0458528 0.0481132 0.0482003 0.0462401 0.0426453 0.0379995 0.0329126 0.027897 0.0232972 0.019279 0.015866 0.0129964 0.0105778
 1.03084e-16 2.7608e-05 0.000162024 0.000770162 0.00296512 0.00924642 0.0233558 0.0477897 0.0792191 0.106396 0.1158 0.10219 0.0732511 0.0429531 0.0212279 0.0100068 0.0063198 0.00665489 0.00885353 0.0119421 0.0154672 0.019088 0.0224533 0.0252212 0.0271213 0.0280073 0.0278812 0.0268745 0.0252019 0.0231014 0.0207841 0.0184059 0.0160649 0.0138145 0.0116846 0.00969803
 1.02521e-16 2.35924e-05 0.000138437 0.000657998 0.00253322 0.0078995 0.0199538 0.0408299 0.0676872 0.0909234 0.0989991 0.0874583 0.0628978 0.0372974 0.0192034 0.0103372 0.00822908 0.00992129 0.0135605 0.0182305 0.0233745 0.0284589 0.0329074 0.0361755 0.0378652 0.0378155 0.0361363 0.033167 0.0293828 0.0252782 0.0212663 0.017622 0.0144738 0.0118333 0.00964264 0.00781892
 1.02272e-16 2.70537e-05 0.000158765 0.000754659 0.00290542 0.00906021 0.0228855 0.0468278 0.0776263 0.104262 0.113489 0.10018 0.0718756 0.0422767 0.0211344 0.0103627 0.00707028 0.00782583 0.010506 0.0141228 0.0181701 0.0222287 0.0258603 0.028647 0.0302738 0.0305964 0.0296678 0.0277119 0.0250569 0.0220529 0.0190002 0.0161087 0.0134911 0.0111827 0.00917173 0.00742852
 1.02323e-16 2.34528e-05 0.000137617 0.0006541 0.00251821 0.00785269 0.0198355 0.040588 0.0672862 0.090385 0.0984134 0.0869423 0.0625297 0.0370852 0.0191056 0.0103036 0.00822589 0.00993432 0.0135884 0.0182785 0.0234512 0.0285749 0.033073 0.0363988 0.0381496 0.0381572 0.0365226 0.0335765 0.0297873 0.0256459 0.0215669 0.017831 0.0145769 0.0118281 0.00953822 0.00763419
 1.04006e-16 1.47397e-05 8.64527e-05 0.000410837 0.00158154 0.00493171 0.0124576 0.025493 0.0422695 0.0568033 0.0619095 0.0548375 0.0397542 0.0242099 0.0136378 0.00923012 0.00956507 0.0128877 0.018066 0.0244502 0.0314921 0.0385445 0.044864 0.0497299 0.052596 0.0532101 0.0516602 0.048329 0.0437793 0.0386122 0.0333439 0.0283359 0.0237839 0.0197513 0.016222 0.0131492
 1.07088e-16 1.37479e-05 8.064e-05 0.000383225 0.00147527 0.00460033 0.0116204 0.0237792 0.039426 0.052976 0.0577224 0.0510915 0.0369579 0.0223479 0.0123077 0.00792724 0.007864 0.0104821 0.0147563 0.0201501 0.0262623 0.032629 0.0387015 0.0439226 0.0478334 0.0501604 0.0508537 0.0500626 0.0480669 0.045189 0.0417218 0.0378912 0.0338547 0.0297246 0.0255963 0.0215678
 1.06568e-16 2.20962e-05 0.000129663 0.00061631 0.00237274 0.00739911 0.0186897 0.0382427 0.0633957 0.0851516 0.0926958 0.0818453 0.0587644 0.0346535 0.0174913 0.00886186 0.00643011 0.00742282 0.0101345 0.0137825 0.0179681 0.0223512 0.0265606 0.0302266 0.0330476 0.0348471 0.035597 0.0353977 0.0344287 0.032888 0.0309442 0.0287142 0.0262684 0.0236515 0.0209081 0.0180991
 1.04336e-16 2.23253e-05 0.000131 0.000622647 0.00239711 0.00747508 0.0188817 0.0386362 0.0640505 0.0860384 0.0936804 0.0827602 0.0595204 0.0352977 0.0181804 0.00979989 0.00782322 0.00945815 0.0129606 0.0174765 0.0224943 0.0275254 0.0320386 0.0355267 0.0376118 0.0381284 0.0371534 0.03497 0.0319821 0.0286099 0.0252014 0.0219841 0.0190622 0.0164455 0.0140945 0.0119593
 1.0278e-16 2.62317e-05 0.000153938 0.00073171 0.00281705 0.00878465 0.0221895 0.0454038 0.0752662 0.101094 0.110045 0.0971505 0.0697247 0.0410577 0.0206107 0.0102477 0.00717386 0.0080685 0.0108742 0.014627 0.0188216 0.0230292 0.0267986 0.0296995 0.0314089 0.0317803 0.0308712 0.0289145 0.0262491 0.0232335 0.0201722 0.0172741 0.0146467 0.012318 0.0102694 0.00846687
 1.02189e-16 2.53254e-05 0.000148613 0.000706387 0.00271954 0.00848054 0.0214214 0.0438325 0.072663 0.0976018 0.106256 0.093834 0.0674068 0.0398179 0.0202194 0.010432 0.00777776 0.00906282 0.0122969 0.016522 0.0211967 0.0258309 0.0299026 0.032918 0.0345131 0.0345361 0.0330778 0.0304361 0.0270332 0.0233112 0.0196432 0.0162817 0.0133508 0.0108711 0.00880033 0.00707274
 1.02765e-16 2.10097e-05 0.000123271 0.000585891 0.00225558 0.00703368 0.0177668 0.0363555 0.0602717 0.0809688 0.0881773 0.0779386 0.0561399 0.033468 0.0175599 0.00998192 0.00856934 0.0107158 0.0147802 0.0199279 0.0256099 0.0312657 0.0362758 0.040047 0.0421368 0.0423514 0.0407834 0.0377718 0.0338049 0.0293992 0.0249948 0.0208952 0.0172575 0.0141209 0.0114526 0.00919158
 1.03625e-16 2.14353e-05 0.000125774 0.000597803 0.00230146 0.00717677 0.0181282 0.0370945 0.0614953 0.0826076 0.0899491 0.079474 0.0571792 0.0339544 0.0175727 0.00961019 0.00783842 0.00958783 0.0131925 0.0178356 0.023021 0.0282647 0.0330318 0.0368031 0.0391788 0.0399631 0.0391977 0.0371311 0.0341398 0.03063 0.0269532 0.0233594 0.0199902 0.0169024 0.0141041 0.0115865
 1.04105e-16 2.03412e-05 0.000119349 0.000567254 0.00218383 0.00680995 0.0172017 0.0351989 0.0583539 0.078391 0.0853668 0.0754465 0.0543278 0.0323539 0.0169146 0.00952218 0.00807841 0.0100618 0.0138929 0.018782 0.0242261 0.0297178 0.0346932 0.0386067 0.0410422 0.0418019 0.040941 0.038733 0.0355842 0.0319277 0.028133 0.0244561 0.0210336 0.0179103 0.0150797 0.0125203
 1.03235e-16 2.65614e-05 0.000155877 0.000740932 0.00285257 0.00889541 0.0224692 0.0459759 0.0762138 0.102364 0.11142 0.0983475 0.0705465 0.0414668 0.0206782 0.0100557 0.00675815 0.00741695 0.00995311 0.0134096 0.0173097 0.0212679 0.0248814 0.0277627 0.029614 0.0302894 0.0298194 0.028387 0.0262688 0.0237614 0.0211192 0.0185197 0.0160603 0.0137771 0.0116731 0.00974242
 1.02535e-16 2.43972e-05 0.000143163 0.000680474 0.00261976 0.00816939 0.0206355 0.0422246 0.0699982 0.0940247 0.102368 0.0904148 0.0649819 0.0384487 0.0196409 0.010324 0.00792951 0.00938944 0.012788 0.0171936 0.0220636 0.0268941 0.0311444 0.0343023 0.0359909 0.0360531 0.0345836 0.0318913 0.0284129 0.0246048 0.0208501 0.0174063 0.0143972 0.0118404 0.00968985 0.00787669
 1.03161e-16 2.02099e-05 0.000118575 0.000563569 0.00216963 0.00676566 0.0170898 0.0349703 0.0579759 0.0778861 0.0848245 0.0749852 0.0540347 0.0322576 0.017007 0.00979807 0.00855825 0.0107885 0.0149146 0.0201316 0.0259016 0.0316676 0.03681 0.0407333 0.0429893 0.0433762 0.0419758 0.0391153 0.035271 0.0309485 0.0265805 0.0224669 0.0187665 0.0155242 0.0127172 0.0102962
 1.03591e-16 2.34336e-05 0.000137509 0.000653601 0.00251631 0.00784679 0.0198206 0.0405569 0.067233 0.0903085 0.098317 0.0868259 0.0623782 0.0368599 0.0187422 0.00971549 0.00731015 0.0085834 0.01171 0.0158235 0.020444 0.0251374 0.0294328 0.0328725 0.0351019 0.0359431 0.0354245 0.0337541 0.0312517 0.0282637 0.0250904 0.0219461 0.0189541 0.0161674 0.0136001 0.011254
 1.03647e-16 2.10228e-05 0.00012335 0.000586272 0.00225705 0.00703828 0.0177784 0.0363791 0.0603102 0.0810185 0.0882267 0.0779707 0.056138 0.0334169 0.017442 0.00977229 0.00823415 0.0102155 0.0140775 0.0189979 0.0244524 0.0299145 0.0348037 0.0385627 0.040773 0.0412467 0.0400612 0.0375214 0.0340688 0.0301693 0.0262166 0.0224791 0.0190923 0.0160887 0.0134413 0.0111044
 1.05929e-16 9.99649e-06 5.86024e-05 0.000278425 0.00107171 0.00334182 0.00844167 0.0172765 0.0286518 0.0385214 0.0420318 0.0373437 0.0273182 0.0171276 0.0105299 0.00842583 0.00994701 0.0139786 0.0197772 0.0268479 0.0346705 0.0425701 0.0497528 0.0554402 0.0590339 0.0602429 0.0591338 0.0560831 0.0516583 0.0464681 0.0410363 0.0357304 0.0307538 0.0261818 0.0220186 0.0182458
pSPR Fmed_Fpbrs
0.572766   0.255595 0.255595
Fs Fmed_Fpbrs
0.309534   1.005 1.005
SSBpbr Bo_Bmed_Bpbrs
957848  500730  196929 196929
Ro
39340.1
SPR SPRFo_SPRFmed_SPRFpbrs
808944 463335 206762
log_Ro
10.4
likeval ReclasPelacesDesembMPH_pf_preclas_ppelaces_ptallas_desvR_qrecl_qpela
 107.547 88.2929 0.00390502 0.00067756 343.296 205.902 81.425 0 14.5451 0 0 0 0 0 0
q_reclas_q_pelaces
1 1
M
0.7
N
 38909.5 20686.5 7921.59 955.956 0.258457
 42144.6 16749.2 7719.11 2955.93 356.809
 20426.7 17818.9 6029.45 2778.76 1192.53
 23763.9 7048.75 4272.84 1445.82 952.288
 50741.6 10730.9 2894.39 1754.53 984.721
 37299 24721.7 5129.48 1383.55 1309.39
 76667.3 14675.1 7706.43 1599 839.46
 84016.2 33390.3 5605.43 2943.61 931.413
 130477 33490.3 10684.1 1793.61 1239.92
 143034 53074.5 11159.2 3560.02 1010.79
 72143.6 62174.1 20194.4 4245.98 1739.16
 39707.2 27467.8 18149.7 5895.09 1747.16
 47092.8 15340.6 8256.12 5455.32 2297.06
 28439.2 16075.6 3599.76 1937.35 1819.15
 19849.8 7323.44 2146.69 480.702 501.632
 16660.1 5652.66 1195.96 350.567 160.421
 13911.7 6503.71 1734.7 367.018 156.813
 15054.1 5727.99 2220.31 592.21 178.831
 15537.3 6540.3 2177.18 843.929 293.069
 30075.8 6830.85 2545.67 847.422 442.553
 42373.6 13271.5 2678.46 998.189 505.815
 45231.7 19982 5943.09 1199.44 673.506
 71141.4 20961.9 8642.1 2570.35 810.038
 79724.9 32386.8 8748.41 3606.77 1410.8
 30389.2 36280.9 13506.5 3648.41 2092.51
pred_Ctot
 3756.71 3759.27 1439.56 173.722 0.0469683
 4545.19 3375.25 1555.53 595.67 71.9033
 4576.57 6905.74 2336.72 1076.91 462.169
 1557.94 887.164 537.785 181.972 119.856
 689.781 289.316 78.0357 47.3039 26.5491
 5646.53 6797.03 1410.31 380.394 360.005
 6831.38 2472.98 1298.65 269.455 141.462
 12072 8757.76 1470.22 772.064 244.295
 17166.8 8107.4 2586.43 434.2 300.162
 12922.2 9061.07 1905.14 607.779 172.566
 12290.1 18996.1 6170.01 1297.28 531.365
 6431.71 8024.09 5302 1722.11 510.393
 10816.5 6071.4 3267.56 2159.07 909.118
 10220.8 9086.19 2034.64 1095.02 1028.21
 6285.12 3760.52 1102.31 246.837 257.584
 2598.33 1596.29 337.734 98.9987 45.3022
 1727.96 1493.5 398.354 84.2815 36.0103
 1365.06 981.304 380.377 101.456 30.6369
 1290.33 1031.21 343.277 133.063 46.2084
 2425.93 1047.66 390.435 129.971 67.8752
 1539.89 943.1 190.337 70.9335 35.9443
 2180.31 1869.52 556.036 112.219 63.0133
 4280.52 2429.65 1001.69 297.924 93.8899
 4816.84 3768.83 1018.05 419.717 164.174
 1996.99 4576.68 1703.79 460.231 263.961
F
 0.14289 0.28578 0.28578 0.28578 0.28578
 0.160847 0.321694 0.321694 0.321694 0.321694
 0.36399 0.727981 0.727981 0.727981 0.727981
 0.0950379 0.190076 0.190076 0.190076 0.190076
 0.0190622 0.0381244 0.0381244 0.0381244 0.0381244
 0.232814 0.465628 0.465628 0.465628 0.465628
 0.131209 0.262417 0.262417 0.262417 0.262417
 0.219753 0.439507 0.439507 0.439507 0.439507
 0.199497 0.398994 0.398994 0.398994 0.398994
 0.133145 0.26629 0.26629 0.26629 0.26629
 0.265644 0.531287 0.531287 0.531287 0.531287
 0.25103 0.502061 0.502061 0.502061 0.502061
 0.374816 0.749633 0.749633 0.749633 0.749633
 0.656688 1.31338 1.31338 1.31338 1.31338
 0.556066 1.11213 1.11213 1.11213 1.11213
 0.240646 0.481292 0.481292 0.481292 0.481292
 0.187364 0.374728 0.374728 0.374728 0.374728
 0.133667 0.267333 0.267333 0.267333 0.267333
 0.121794 0.243587 0.243587 0.243587 0.243587
 0.118104 0.236208 0.236208 0.236208 0.236208
 0.0516945 0.103389 0.103389 0.103389 0.103389
 0.0690925 0.138185 0.138185 0.138185 0.138185
 0.0869167 0.173833 0.173833 0.173833 0.173833
 0.0872905 0.174581 0.174581 0.174581 0.174581
 0.0952717 0.190543 0.190543 0.190543 0.190543
YTP_r0W_actual
 22366.3 100687 56225 18915.5 11297.5
YTP_p0W_proyectada
 85827.6 141601 224073 108817 47366
 85827.6 107108 37526.2 53132.2 26706.4
CTP_r0_actual
 1996.99 4576.68 1703.79 460.231 263.961
CTP_p0_proyectada
 10097.4 6616.87 7181.84 2673.63 1018.62
 10097.4 5005.07 1202.76 1305.46 574.331
Wmedp
 8.5 21.4 31.2 40.7 46.5
nmprior
 10.6 11 7 0
nm_flota  nm_reclas  nm_pelaces    nm_pelaL
inf 14.7267 12.8049 27.5163
cv_recla  cv_pelaces  cv_mph
0.938046 1.06545 0.844524
 ------------------------------------------------
Talla a la edad & desviaci?n 
 7.2 14.2025 17.0495 18.207 18.6776
 1.08 2.13037 2.55742 2.73105 2.80164
