    unsorted:	 0.0006125036332 0.0008999961659 1.048516337 1.683029994 2.403156988 4.994436305 47.39802704 41.80912688 77.55495192 82.15176393 213.1296251 140.0382576 190.9268250 800.2058534 787.7308987 770.9951190 821.0772235 843.9071192 856.0857246 863.9197070 735.4689028 899.1811770 943.0947956 947.0924193 616.3091373 591.0682394 511.7879962 524.8933512 453.6183820 412.6631648 339.5808312 995.5134845 1051.595860 1144.511507 1170.928294 1221.629685 1294.073151 1553.042454 5364.786939 194494.3517 211895.5621 296639.3646 346330.4055 416267.2937 458885.9963 535245.7314 628694.4124 707970.7455 693017.0618 835132.6946 916588.1550 1010496.742 1052366.074 1204813.738 1330372.599 1409939.508 1623019.576 1915780.835 2049168.556 2212436.304 2344814.020 2457265.818 2511354.422 2993819.658 3709525.479
      sorted:	 0.0006125036332 0.0008999961659 1.048516337 1.683029994 2.403156988 4.994436305 41.80912688 47.39802704 77.55495192 82.15176393 140.0382576 190.9268250 213.1296251 339.5808312 412.6631648 453.6183820 511.7879962 524.8933512 591.0682394 616.3091373 735.4689028 770.9951190 787.7308987 800.2058534 821.0772235 843.9071192 856.0857246 863.9197070 899.1811770 943.0947956 947.0924193 995.5134845 1051.595860 1144.511507 1170.928294 1221.629685 1294.073151 1553.042454 5364.786939 194494.3517 211895.5621 296639.3646 346330.4055 416267.2937 458885.9963 535245.7314 628694.4124 693017.0618 707970.7455 835132.6946 916588.1550 1010496.742 1052366.074 1204813.738 1330372.599 1409939.508 1623019.576 1915780.835 2049168.556 2212436.304 2344814.020 2457265.818 2511354.422 2993819.658 3709525.479
