years
 1997 1998 1999 2000 2001 2002 2003 2004 2005 2006 2007 2008 2009 2010 2011 2012 2013 2014 2015 2016 2017 2018 2019 2020 2021
reclasobs
 0 0 0 370054 412103 1.49427e+06 250295 1.28982e+06 931140 785840 897777 1.04006e+06 184774 17550 25797 100020 73551 82996 120727 218422 84188 347160 605670 569463 516374
reclaspred
 1.38627e+06 258737 539513 182067 223119 285732 742568 438653 851784 1.39189e+06 1.29741e+06 700404 373279 170250 136443 145722 130829 161102 160380 185716 295821 330498 634401 592303 533571
pelacesobs
 0 0 0 0 0 0 0 0 0 2.06254e+06 1.5e+06 0 1.87456e+06 323000 250000 174000 83755 137374 0 501740 490994 745055 786931 1.00524e+06 1.33801e+06
pelacespred
 777009 267229 154711 128279 131724 116086 406140 255781 495928 820037 668631 366833 197953 68320.1 58261 70830.4 66427.6 81022.2 83508.6 94024.5 162840 181955 266970 320032 263424
mphobs
 0 0 0 0 0 112323 0 153150 637223 0 255016 313432 73983 77613 109348 50772 0 0 0 0 0 0 0 0 0
mphpred
 1.05852e+06 486005 376547 236175 145559 272407 389270 610509 448418 1.08586e+06 1.40321e+06 805111 393913 231378 108147 124862 120900 121679 151528 137979 217314 274232 433640 527820 529168
desembarqueobs
 350755 77701 442110 56441 14545 235359 269955 359681 431902 328805 639364 411747 362871 311530 167758 66681 60226 58785 57116 73181 50977 67692 138656 160484 209506
desembarquepred
 350746 77695.3 441238 56474.2 14578.6 235405 270072 358595 432848 328898 639031 411076 361814 311160 167061 66545.9 60284 58843.1 57014.2 73148.7 50980.3 67557.7 138359 160503 209362
Reclutas
 35585.9 49065.4 5097.32 6514 41325.8 28019.6 84445.5 19584 191701 195016 21213.7 15274 62355.8 27453.1 26090.2 14963.8 7713.74 14185.5 8146.42 22889.1 25598 54241.1 46260.4 44834.8 3873.28
log_desv_Rt
 0.319705 0.640909 -1.62353 -1.37829 0.469243 0.0806583 1.18386 -0.277531 2.00369 2.02084 -0.197597 -0.526093 0.880611 0.0602341 0.00931419 -0.546614 -1.20924 -0.600023 -1.15467 -0.121584 -0.00972991 0.741195 0.582042 0.55074 -1.89814
SSB
 1.05852e+06 486005 376547 236175 145559 272407 389270 610509 448418 1.08586e+06 1.40321e+06 805111 393913 231378 108147 124862 120900 121679 151528 137979 217314 274232 433640 527820 529168
BT
 2.20041e+06 645919 540009 310381 354888 416556 1.45541e+06 903723 1.968e+06 2.32576e+06 1.81766e+06 1.07593e+06 851431 445900 298898 209292 193116 241035 216387 290807 431913 457843 642189 809997 655579
Ftot
 0.244219 0.289241 0.751477 0.29799 0.0638434 0.760393 0.350141 0.75363 0.48705 0.228761 0.466134 0.551106 0.890499 1.54097 1.10901 0.434911 0.438426 0.350585 0.340608 0.377694 0.167341 0.198151 0.210983 0.261322 0.374273
BD_Bspro_t
 0.963922 0.782828 0.644076 0.355791 0.371576 0.58834 0.519253 0.568129 0.474861 0.628054 0.650943 0.443535 0.293737 0.23002 0.137457 0.175431 0.218644 0.28469 0.387569 0.429175 0.566206 0.68213 0.736864 0.709815 0.650078
BD_Bspro
 1.99151 0.914379 0.708443 0.444345 0.273857 0.512512 0.732381 1.14862 0.843663 2.04295 2.64003 1.51475 0.741115 0.435319 0.203469 0.234917 0.227463 0.228929 0.285088 0.259595 0.408859 0.515944 0.815858 0.99305 0.995586
BD_Bo
 1.1403 0.523554 0.405639 0.254422 0.156805 0.293454 0.419346 0.657677 0.483063 1.16975 1.51162 0.867314 0.424346 0.249254 0.116502 0.134509 0.13024 0.13108 0.163235 0.148639 0.234104 0.295419 0.467143 0.568599 0.570051
BD_Brms
 5.54633 2.54653 1.973 1.23749 0.762687 1.42734 2.03967 3.1989 2.34959 5.68958 7.35243 4.21856 2.06399 1.21236 0.566659 0.654241 0.63348 0.637563 0.793965 0.722969 1.13867 1.4369 2.27215 2.76563 2.77269
S_f
 0.5 1 1 1 1
 0.5 1 1 1 1
 0.5 1 1 1 1
 0.5 1 1 1 1
 0.5 1 1 1 1
 0.5 1 1 1 1
 0.5 1 1 1 1
 0.5 1 1 1 1
 0.5 1 1 1 1
 0.5 1 1 1 1
 0.5 1 1 1 1
 0.5 1 1 1 1
 0.5 1 1 1 1
 0.5 1 1 1 1
 0.5 1 1 1 1
 0.5 1 1 1 1
 0.5 1 1 1 1
 0.5 1 1 1 1
 0.5 1 1 1 1
 0.5 1 1 1 1
 0.5 1 1 1 1
 0.5 1 1 1 1
 0.5 1 1 1 1
 0.5 1 1 1 1
 0.5 1 1 1 1
Scru_reclas
 0.5 1 1 1 1
 0.5 1 1 1 1
 0.5 1 1 1 1
 0.5 1 1 1 1
 0.5 1 1 1 1
 0.5 1 1 1 1
 0.5 1 1 1 1
 0.5 1 1 1 1
 0.5 1 1 1 1
 0.5 1 1 1 1
 0.5 1 1 1 1
 0.5 1 1 1 1
 0.5 1 1 1 1
 0.5 1 1 1 1
 0.5 1 1 1 1
 0.5 1 1 1 1
 0.5 1 1 1 1
 0.5 1 1 1 1
 0.5 1 1 1 1
 0.5 1 1 1 1
 0.5 1 1 1 1
 0.5 1 1 1 1
 0.5 1 1 1 1
 0.5 1 1 1 1
 0.5 1 1 1 1
Scru_pelaces
 0.5 1 1 1 1
 0.5 1 1 1 1
 0.5 1 1 1 1
 0.5 1 1 1 1
 0.5 1 1 1 1
 0.5 1 1 1 1
 0.5 1 1 1 1
 0.5 1 1 1 1
 0.5 1 1 1 1
 0.5 1 1 1 1
 0.5 1 1 1 1
 0.5 1 1 1 1
 0.5 1 1 1 1
 0.5 1 1 1 1
 0.5 1 1 1 1
 0.5 1 1 1 1
 0.5 1 1 1 1
 0.5 1 1 1 1
 0.5 1 1 1 1
 0.5 1 1 1 1
 0.5 1 1 1 1
 0.5 1 1 1 1
 0.5 1 1 1 1
 0.5 1 1 1 1
 0.5 1 1 1 1
pf_obs 
 0.256992 0.487395 0.22802 0.0275931 0
 0.321318 0.546541 0.124235 0.00734118 0.000564706
 0.182869 0.594174 0.210203 0.0122559 0.00049798
 0.330522 0.361315 0.267642 0.0388342 0.00168674
 0.649043 0.306663 0.0425973 0.00169635 0
 0.582887 0.30429 0.105238 0.00758474 0
 0.465427 0.430635 0.0974691 0.00646863 0
 0.296916 0.608066 0.0921331 0.00288517 0
 0.311714 0.524322 0.152257 0.0117073 0
 0.15457 0.633149 0.183074 0.0267441 0.00246327
 0.131901 0.49318 0.331252 0.0422183 0.00144891
 0.196976 0.569456 0.194076 0.0375587 0.00193317
 0.518974 0.381816 0.0799577 0.0180837 0.00116848
 0.0928022 0.601141 0.25162 0.0475244 0.00691264
 0.122501 0.610282 0.24278 0.0234846 0.000952079
 0.383417 0.481906 0.127806 0.00687128 0
 0.0376549 0.599619 0.316969 0.0457579 0
 0.0361596 0.667082 0.258105 0.0386534 0
 0.158088 0.579412 0.248529 0.0139706 0
 0.0477256 0.309471 0.559284 0.082774 0.000745712
 0.0406174 0.521527 0.379366 0.0568643 0.0016247
 0.151134 0.462217 0.34131 0.0453401 0
 0.294876 0.26143 0.354403 0.0886775 0.000613685
 0.281977 0.475581 0.204845 0.0348837 0.00271318
 0.0841818 0.532909 0.334909 0.0458182 0.00218182
pf_pred 
 0.380459 0.311886 0.154878 0.0769101 0.0758668
 0.486681 0.291789 0.111521 0.0553799 0.0546286
 0.086336 0.615154 0.169684 0.0648531 0.0639733
 0.27661 0.138599 0.39373 0.108606 0.0824554
 0.773622 0.102895 0.0236589 0.0672098 0.0326143
 0.417469 0.509334 0.03327 0.00764983 0.0322769
 0.75448 0.157917 0.0765954 0.00500325 0.00600432
 0.219785 0.680208 0.0643238 0.0311993 0.00448367
 0.86807 0.0546437 0.0673795 0.00637173 0.00353465
 0.562846 0.41014 0.011189 0.0137968 0.00202846
 0.0902218 0.66711 0.227672 0.00621112 0.00878476
 0.159502 0.155695 0.502144 0.171372 0.0112876
 0.665368 0.103318 0.042849 0.138196 0.05027
 0.432676 0.476098 0.028166 0.0116813 0.0513788
 0.6457 0.253343 0.0847229 0.00501222 0.0112217
 0.479605 0.435755 0.060522 0.0202397 0.00387818
 0.323497 0.457771 0.183156 0.0254385 0.0101372
 0.563849 0.227172 0.14141 0.0565788 0.0109897
 0.354255 0.47853 0.0870947 0.0542149 0.0259048
 0.665379 0.183263 0.112165 0.0204145 0.0187796
 0.535063 0.379436 0.0468266 0.0286599 0.0100147
 0.631213 0.260755 0.088165 0.0108805 0.00898635
 0.437397 0.44088 0.086065 0.0290998 0.00655728
 0.416606 0.363361 0.172428 0.03366 0.0139455
 0.0610315 0.569206 0.230302 0.109287 0.0301729
pobs_RECLAS
 0 0 0 0 0
 0 0 0 0 0
 0 0 0 0 0
 0 0 0 0 0
 0.835266 0.146461 0.0176864 0.000547809 3.91292e-05
 0.385257 0.428462 0.181853 0.0044286 0
 0.867414 0.0963971 0.0333333 0.00285562 0
 0.441836 0.489002 0.0689373 0.000224442 0
 0.779404 0.147425 0.0564933 0.0165055 0.000172143
 0.814271 0.122319 0.05973 0.00367925 0
 0.40263 0.566651 0.0304383 0.000280538 0
 0.475488 0.404961 0.113038 0.00651328 0
 0.955842 0.0263864 0.0167828 0.000988607 0
 0.975058 0.0227948 0.00214734 0 0
 0.738997 0.206755 0.0527124 0.00153531 0
 0.850938 0.134255 0.0134407 0.00136685 0
 0.542534 0.407297 0.0501686 0 0
 0.764087 0.199537 0.0359546 0.000420521 0
 0.470689 0.182191 0.310203 0.0369168 0
 0.84361 0.089868 0.0606195 0.00523954 0.000663233
 0.607945 0.314616 0.071237 0.00620181 0
 0.523733 0.453247 0.0230204 0 0
 0.530135 0.295979 0.169645 0.0042399 0
 0.562478 0.366248 0.0663022 0.0049721 0
 0.250443 0.683176 0.0655157 0.000865301 0
ppred_RECLAS
 0.382552 0.310832 0.154355 0.0766503 0.0756104
 0.489404 0.290241 0.11093 0.0550861 0.0543388
 0.0894242 0.613074 0.169111 0.0646339 0.063757
 0.278877 0.138165 0.392495 0.108266 0.0821969
 0.773967 0.102738 0.0236229 0.0671074 0.0325646
 0.427027 0.500977 0.032724 0.00752431 0.0317473
 0.757033 0.156275 0.075799 0.00495123 0.00594189
 0.226491 0.674362 0.0637709 0.0309311 0.00444513
 0.870481 0.0536452 0.0661482 0.0062553 0.00347006
 0.564864 0.408247 0.0111374 0.0137332 0.0020191
 0.0918784 0.665896 0.227257 0.00619981 0.00876877
 0.162888 0.155068 0.500121 0.170682 0.0112421
 0.676232 0.0999632 0.0414579 0.133709 0.0486379
 0.460498 0.45275 0.0267848 0.0111085 0.0488591
 0.661117 0.24232 0.0810363 0.00479412 0.0107334
 0.484168 0.431934 0.0599914 0.0200623 0.00384418
 0.327552 0.455028 0.182058 0.0252861 0.0100764
 0.567252 0.225399 0.140307 0.0561373 0.010904
 0.357317 0.476262 0.0866818 0.0539578 0.025782
 0.66876 0.181411 0.111031 0.0202081 0.0185898
 0.536478 0.378281 0.0466841 0.0285726 0.00998423
 0.632823 0.259616 0.08778 0.010833 0.00894712
 0.439232 0.439442 0.0857843 0.0290049 0.0065359
 0.418947 0.361902 0.171736 0.0335249 0.0138895
 0.0618998 0.56868 0.230089 0.109186 0.030145
pobs_PELACES
 0 0 0 0 0
 0 0 0 0 0
 0 0 0 0 0
 0 0 0 0 0
 0 0 0 0 0
 0 0 0 0 0
 0 0 0 0 0
 0 0 0 0 0
 0 0 0 0 0
 0 0 0 0 0
 0.450072 0.473896 0.0757376 0.000293798 0
 0 0 0 0 0
 0.463077 0.371075 0.160297 0.00555027 0
 0.529543 0.364841 0.0842815 0.0213345 0
 0.631943 0.363953 0.00410389 0 0
 0.735681 0.248677 0.0153453 0.000297389 0
 0.695825 0.281241 0.0229344 0 0
 0.275771 0.60734 0.115278 0.00161068 0
 0 0 0 0 0
 0.896147 0.0623911 0.0374545 0.00400742 0
 0.803859 0.145111 0.0509908 3.86294e-05 0
 0.739449 0.233085 0.0266225 0.000797448 4.60066e-05
 0.878498 0.100942 0.0204185 0.000141795 0
 0.694673 0.275183 0.0284847 0.00165964 0
 0.469039 0.446079 0.0841089 0.000773354 0
ppred_PELACES
 0.392115 0.306018 0.151964 0.0754632 0.0744395
 0.501334 0.28346 0.108338 0.0537991 0.0530692
 0.100048 0.605922 0.167138 0.0638798 0.0630132
 0.288872 0.13625 0.387055 0.106765 0.0810576
 0.775804 0.101903 0.0234308 0.0665618 0.0322999
 0.457968 0.473924 0.0309569 0.00711799 0.0300329
 0.767501 0.149542 0.0725333 0.00473791 0.00568589
 0.249013 0.654727 0.0619141 0.0300305 0.0043157
 0.879275 0.0500029 0.061657 0.00583058 0.00323446
 0.574117 0.399565 0.0109005 0.0134411 0.00197616
 0.0985002 0.66104 0.2256 0.0061546 0.00870483
 0.17567 0.1527 0.492484 0.168075 0.0110705
 0.707535 0.0902984 0.0374496 0.120781 0.0439354
 0.523962 0.39949 0.0236339 0.00980173 0.0431116
 0.700832 0.213921 0.0715394 0.00423228 0.00947553
 0.502103 0.416917 0.0579056 0.0193647 0.00371052
 0.34368 0.444114 0.177692 0.0246796 0.00983477
 0.581393 0.218034 0.135722 0.0543029 0.0105477
 0.370323 0.466623 0.0849275 0.0528658 0.0252603
 0.682417 0.173931 0.106453 0.019375 0.0178233
 0.543337 0.372683 0.0459933 0.0281499 0.00983649
 0.640387 0.254269 0.0859719 0.0106099 0.00876282
 0.447824 0.43271 0.08447 0.0285605 0.00643576
 0.429479 0.355343 0.168623 0.0329173 0.0136378
 0.0655843 0.566446 0.229186 0.108757 0.0300266
pobs_pel_tallas
 0 0 0 0 0 0 0 0 0 0 0 0 0 0 0 0 0 0 0 0 0 0 0 0 0 0 0 0 0 0 0 0 0 0 0 0
 0 0 0 0 0 0 0 0 0 0 0 0 0 0 0 0 0 0 0 0 0 0 0 0 0 0 0 0 0 0 0 0 0 0 0 0
 0 0 0 0 0 0 0 0 0 0 0 0 0 0 0 0 0 0 0 0 0 0 0 0 0 0 0 0 0 0 0 0 0 0 0 0
 0 0 0 0 0 0 0 0 0 0 0 0 0 0 0 0 0 0 0 0 0 0 0 0 0 0 0 0 0 0 0 0 0 0 0 0
 0 0 0 0 0 0 0 0 0 0 0 0 0 0 0 0 0 0 0 0 0 0 0 0 0 0 0 0 0 0 0 0 0 0 0 0
 0 0 0 0 0 0 0 0 0 0 0 0 0 0 0 0 0 0 0 0 0 0 0 0 0 0 0 0 0 0 0 0 0 0 0 0
 0 0 0 0 0 0 0 0 0 0 0 0 0 0 0 0 0 0 0 0 0 0 0 0 0 0 0 0 0 0 0 0 0 0 0 0
 0 0 0 0 0 0 0 0 0 0 0 0 0 0 0 0 0 0 0 0 0 0 0 0 0 0 0 0 0 0 0 0 0 0 0 0
 0 0 0 0 0 0 0 0 0 0 0 0 0 0 0 0 0 0 0 0 0 0 0 0 0 0 0 0 0 0 0 0 0 0 0 0
 0 0 0 0 0 0 0 0 0 0 0 0 0 0 0 0 0 0 0 0 0 0 0 0 0 0 0 0 0 0 0 0 0 0 0 0
 0 0 0 0 0 0 0 0 1.78061e-05 0.00172719 0.00360574 0.0105946 0.0120993 0.0124554 0.0147524 0.0171206 0.0266825 0.0428682 0.0675386 0.121331 0.153587 0.119568 0.100827 0.0573624 0.0630603 0.0341343 0.0324427 0.0444173 0.0211091 0.0280891 0.0125444 0.00206551 0 0 0 0
 0 0 0 0 0 0 0 0 0 0 0 0 0 0 0 0 0 0 0 0 0 0 0 0 0 0 0 0 0 0 0 0 0 0 0 0
 0 0 0 0 0 0 0.0133647 0.0140871 0.0187388 0.0205184 0.03894 0.0496705 0.03968 0.0493445 0.0407372 0.0367815 0.0215668 0.0243155 0.0234873 0.0199281 0.019796 0.0243948 0.0301388 0.0376714 0.0412746 0.0863199 0.0771752 0.113111 0.0741005 0.0525337 0.0229764 0.00759418 0.00175318 0 0 0
 0 0 0 0 0 0 0 0 0 0 0.00219441 0.00772107 0.0458388 0.0604681 0.0671733 0.0775358 0.0609151 0.0617685 0.073594 0.0568108 0.0755445 0.0548602 0.0670107 0.0636378 0.0643287 0.046367 0.0373049 0.0286899 0.0247887 0.0153202 0.00654259 0.00121912 0.000365735 0 0 0
 0 0 0 0 0 0 0 0 0 0 0 0 0.000112435 0.00938835 0.0111873 0.0202946 0.0414886 0.0713402 0.111592 0.104902 0.108894 0.110636 0.117776 0.105296 0.107544 0.0401394 0.0192827 0.0124803 0.00416011 0.0028671 0.000618394 0 0 0 0 0
 0 0 0 0 0 0 0 0 0 0 0.00291406 0.0102884 0.027416 0.0768956 0.0749926 0.110853 0.0956884 0.0897413 0.0766577 0.0534642 0.0500743 0.0551293 0.0594112 0.0620874 0.0668451 0.0424026 0.0208742 0.0120726 0.0048766 0.00582813 0.00118941 0.000297354 0 0 0 0
 0 0.00264628 0.0354308 0.0461629 0.0458689 0.0383711 0.0214643 0.0164657 0.0346957 0.0420465 0.0363128 0.0245516 0.0311673 0.0291091 0.0169068 0.0133784 0.00837989 0.0085269 0.0148486 0.0160247 0.0276389 0.0546898 0.0760071 0.122758 0.109233 0.0665981 0.0333725 0.0166128 0.00676272 0.00308733 0.000882094 0 0 0 0 0
 0 0 0 0 0 0 0 0.000805153 0.000690131 0.00759144 0.0133425 0.0154129 0.00931677 0.000345066 0.00356568 0.00563607 0.00851162 0.0253048 0.0502646 0.0516448 0.0657925 0.0565908 0.0611916 0.0827007 0.0866115 0.110766 0.145733 0.0935128 0.0569358 0.0249597 0.0138026 0.00621118 0.00161031 0.00115022 0 0
 0 0 0 0 0 0 0 0 0 0 0 0 0 0 0 0 0 0 0 0 0 0 0 0 0 0 0 0 0 0 0 0 0 0 0 0
 0.00147267 0.00158595 0.00478618 0.00569244 0.00954404 0.0108468 0.00647125 0.017049 0.0510054 0.094081 0.124002 0.0959785 0.0687766 0.0820023 0.061753 0.0591476 0.0492212 0.0479892 0.0443925 0.0268479 0.0217502 0.0140895 0.0121071 0.0120363 0.00920419 0.00665534 0.0049561 0.00860946 0.00930331 0.0156896 0.0114698 0.00855282 0.00243557 0.00046729 0 2.83206e-05
 0 0 0 0 0.000772559 0.00158375 0.000888443 0.00281984 0.00712685 0.0440552 0.0773331 0.111326 0.0921469 0.0852325 0.0710754 0.0886704 0.0786465 0.0553345 0.0373146 0.0185414 0.00753245 0.00457741 0.012979 0.0271748 0.0457355 0.0583668 0.034881 0.0177882 0.00938659 0.00492506 0.0015258 0.00185414 0.000309023 5.79419e-05 3.86279e-05 0
 0 0.00173294 0.00326652 0 0.00397197 0.00683976 0.00946217 0.0152591 0.00757587 0.0136028 0.0228656 0.0392903 0.0559909 0.0764795 0.0681675 0.0726916 0.0566044 0.0477403 0.0527397 0.0444891 0.0609904 0.0582453 0.0661739 0.0445044 0.0529084 0.0360697 0.0280645 0.0235558 0.0158879 0.00826598 0.00280645 0.00217768 0.000904811 0.00058276 9.20147e-05 0
 0 0 0 0 0 0 0 0 0 0 0 0 0 0 0 0 0 0 0 0 0 0 0 0 0 0 0 0 0 0 0 0 0 0 0 0
 0 0 0 0 0 0 0 0 0 0 0 0 0 0 0 0 0 0 0 0 0 0 0 0 0 0 0 0 0 0 0 0 0 0 0 0
 0 0 0 0 0 0 0 0 0 0 0 0 0 0 0 0 0 0 0 0 0 0 0 0 0 0 0 0 0 0 0 0 0 0 0 0
ppred_pel_tallas
 1.08329e-16 1.71232e-05 0.000100461 0.000477469 0.00183815 0.00573197 0.0144787 0.0296273 0.0491176 0.0659851 0.0718615 0.0635218 0.0457656 0.0273052 0.0143703 0.00824751 0.00718923 0.0090958 0.0126635 0.0172548 0.022471 0.0279041 0.0330885 0.0375594 0.0409424 0.0430263 0.0437914 0.0433833 0.0420472 0.0400485 0.0376092 0.0348781 0.0319361 0.0288249 0.0255809 0.0222595
 1.05959e-16 2.18847e-05 0.000128418 0.000610381 0.00234991 0.00732787 0.0185098 0.0378749 0.0627873 0.084338 0.0918198 0.0810945 0.0582748 0.0344639 0.0175778 0.00920127 0.00703582 0.00834142 0.0114212 0.015472 0.0200494 0.024749 0.0291294 0.0327604 0.0353066 0.0365958 0.0366454 0.0356348 0.0338403 0.0315548 0.0290223 0.0264046 0.0237828 0.0211834 0.0186115 0.0160786
 1.0771e-16 4.39997e-06 2.57368e-05 0.000122159 0.000470013 0.00146542 0.00370217 0.0075799 0.0125826 0.0169528 0.0185923 0.016743 0.0127345 0.00894519 0.00717285 0.00799238 0.011204 0.0164527 0.0234394 0.0318117 0.0410147 0.050253 0.0585804 0.0650758 0.0690441 0.0701687 0.0685688 0.0647355 0.059382 0.0532575 0.0469901 0.0410002 0.0354938 0.0305127 0.0260103 0.0219191
 1.12995e-16 1.2615e-05 7.40085e-05 0.000351741 0.00135412 0.00422258 0.010666 0.0218249 0.0361808 0.0486011 0.0529175 0.0467481 0.0336204 0.0199414 0.0102895 0.00560653 0.00461381 0.00580023 0.00828032 0.0117056 0.0159455 0.0208832 0.0263423 0.0320818 0.0378164 0.0432414 0.0480559 0.0519784 0.0547619 0.0562099 0.0561972 0.0546931 0.0517782 0.0476468 0.042591 0.0369656
 1.04163e-16 3.38454e-05 0.000198654 0.000944333 0.00363577 0.0113378 0.0286384 0.0585973 0.0971293 0.130435 0.141922 0.125143 0.0894886 0.0520397 0.0249081 0.0103822 0.00473859 0.00360931 0.0043319 0.00576805 0.00750317 0.00934025 0.0111203 0.0126967 0.013955 0.0148332 0.0153291 0.0154886 0.0153822 0.0150782 0.0146225 0.0140326 0.0133041 0.0124246 0.0113907 0.0102176
 1.02242e-16 2.00014e-05 0.000117344 0.000557696 0.00214699 0.00669504 0.0169116 0.0346062 0.0573746 0.0770857 0.083972 0.0742773 0.0536238 0.0322102 0.0173406 0.0105456 0.00980047 0.0126424 0.0174933 0.0234954 0.0300106 0.0363477 0.0417444 0.0454867 0.047068 0.0463103 0.0434065 0.0388623 0.0333636 0.0276141 0.0221941 0.0174794 0.0136284 0.0106232 0.008338 0.00660651
 1.01507e-16 3.34855e-05 0.000196536 0.000934253 0.00359694 0.0112167 0.0283325 0.0579719 0.0960942 0.12905 0.140426 0.123851 0.088626 0.0516606 0.0249564 0.0107985 0.00552375 0.00482369 0.0060616 0.00808523 0.0104309 0.0128249 0.0150162 0.0167679 0.0178955 0.0183046 0.0180062 0.0171039 0.0157608 0.0141565 0.0124499 0.0107585 0.00915456 0.00767379 0.00632991 0.00512708
 1.02326e-16 1.08974e-05 6.38783e-05 0.000303479 0.00116812 0.00364244 0.00920118 0.0188316 0.0312334 0.0419998 0.0458472 0.0407807 0.0299343 0.018967 0.0120017 0.0100481 0.0121794 0.017177 0.0241895 0.0325859 0.041656 0.0504848 0.0580228 0.063278 0.0655403 0.0645506 0.0605612 0.0542575 0.0465787 0.0384945 0.0308131 0.0240678 0.0184987 0.0141055 0.0107382 0.00818659
 1.01244e-16 3.83553e-05 0.000225136 0.00107024 0.00412055 0.0128496 0.0324569 0.06641 0.110077 0.147817 0.160818 0.141767 0.101294 0.0587373 0.0277994 0.0110435 0.00421884 0.00235153 0.00241753 0.00314557 0.00411406 0.00517347 0.00623006 0.00719771 0.00800046 0.00858306 0.00891754 0.00900233 0.0088559 0.00850804 0.00799258 0.00734355 0.00659487 0.00578135 0.00493954 0.00410662
 1.0084e-16 2.5063e-05 0.000147067 0.000699018 0.00269114 0.00839197 0.0211978 0.0433755 0.0719076 0.0965936 0.105175 0.0929208 0.0668395 0.0396605 0.0204653 0.011084 0.008891 0.0107362 0.0146343 0.019585 0.0249605 0.0301527 0.0345111 0.0374327 0.0384942 0.0375548 0.0347917 0.0306504 0.025731 0.0206482 0.0159104 0.0118479 0.00860072 0.00615232 0.00438788 0.00315253
 1.04036e-16 4.33506e-06 2.53498e-05 0.000120306 0.000462856 0.00144308 0.00364583 0.00746504 0.0123939 0.0167044 0.0183352 0.0165478 0.0126636 0.00904259 0.00747924 0.00856787 0.0121388 0.0178598 0.025433 0.0344772 0.0443758 0.0542422 0.0630211 0.0696841 0.073453 0.0739711 0.0713719 0.0662139 0.0593201 0.0515734 0.0437398 0.0363648 0.0297521 0.0240077 0.0191117 0.014987
 1.13334e-16 7.6799e-06 4.50326e-05 0.000213981 0.0008237 0.00256848 0.00648789 0.0132764 0.0220125 0.0295785 0.0322305 0.0285329 0.0206518 0.0125162 0.00695679 0.00460761 0.00476349 0.00658179 0.00959188 0.0136263 0.0186119 0.0244359 0.0308975 0.0377103 0.0445254 0.0509618 0.0566356 0.061185 0.0642952 0.0657253 0.0653375 0.0631241 0.0592246 0.0539196 0.0476034 0.0407337
 1.06765e-16 3.0868e-05 0.000181176 0.00086124 0.00331584 0.0103402 0.0261183 0.0534411 0.0885826 0.118958 0.129435 0.114134 0.081622 0.0474761 0.0227462 0.00952405 0.00442126 0.00346523 0.00424287 0.00573513 0.00758593 0.00963806 0.0117654 0.0138448 0.0157686 0.0174596 0.0188759 0.0200016 0.0208309 0.0213517 0.021537 0.0213491 0.0207533 0.0197354 0.0183158 0.0165555
 1.02817e-16 2.2876e-05 0.000134227 0.000637977 0.00245612 0.00765906 0.0193465 0.0395877 0.0656293 0.0881634 0.0960054 0.0848408 0.0610747 0.036335 0.018925 0.0105332 0.00878253 0.0108144 0.0148247 0.0198946 0.0254292 0.0308357 0.035473 0.0387429 0.0402203 0.039755 0.037506 0.0338921 0.0294803 0.0248492 0.0204717 0.0166485 0.0134995 0.0110004 0.00904188 0.00748685
 1.01674e-16 3.0581e-05 0.000179479 0.000853145 0.00328463 0.0102428 0.0258725 0.0529391 0.0877541 0.117856 0.128264 0.113169 0.0810781 0.0474547 0.023287 0.010696 0.00636993 0.00639772 0.00837217 0.0112084 0.0144115 0.0176264 0.0205004 0.0227005 0.0239755 0.0242103 0.0234466 0.0218626 0.0197201 0.0172993 0.0148415 0.0125166 0.0104174 0.00857423 0.00697906 0.0056081
 1.01797e-16 2.19237e-05 0.000128634 0.000611383 0.00235371 0.00733972 0.0185399 0.0379375 0.0628946 0.0844931 0.0920174 0.0813375 0.0585982 0.0349532 0.0183735 0.0104945 0.00905584 0.0113316 0.0155968 0.0209598 0.0268206 0.0325636 0.0375148 0.0410388 0.0426763 0.0422512 0.0399089 0.0360691 0.031313 0.0262446 0.02137 0.0170274 0.013375 0.0104241 0.00809453 0.00626931
 1.03975e-16 1.50171e-05 8.8083e-05 0.000418592 0.00161141 0.00502485 0.0126928 0.0259741 0.0430664 0.0578716 0.063067 0.0558467 0.0404507 0.0245645 0.0137135 0.00910099 0.00926768 0.01242 0.0174084 0.0235885 0.0304341 0.0373299 0.043567 0.0484526 0.0514539 0.0523113 0.0510851 0.048114 0.043911 0.0390319 0.0339615 0.0290484 0.0244944 0.0203829 0.0167257 0.0135052
 1.04357e-16 2.53732e-05 0.000148904 0.000707787 0.00272496 0.00849749 0.0214641 0.0439191 0.0728037 0.0977823 0.10643 0.0939349 0.067364 0.039562 0.0196667 0.00946612 0.00624558 0.00679248 0.00913478 0.012383 0.0161171 0.0200098 0.0237156 0.0268915 0.0292569 0.0306471 0.0310359 0.0305198 0.0292753 0.0275032 0.0253846 0.0230564 0.0206121 0.0181158 0.0156212 0.0131842
 1.04355e-16 1.61795e-05 9.4906e-05 0.000451026 0.00173628 0.00541427 0.0136764 0.0279869 0.046403 0.0623532 0.0679457 0.0601541 0.0435427 0.0263857 0.0146263 0.0095474 0.00955934 0.0127108 0.0177456 0.0239561 0.0307714 0.0375371 0.0435132 0.047993 0.050456 0.0506857 0.0488126 0.0452617 0.040631 0.0355419 0.0305113 0.0258802 0.0218057 0.0183006 0.0152957 0.012697
 1.03067e-16 2.97765e-05 0.000174759 0.000830716 0.00319828 0.00997354 0.0251924 0.0515471 0.0854459 0.114754 0.124881 0.110168 0.0788935 0.0461069 0.0224983 0.0101233 0.0057499 0.00556991 0.00725174 0.00976779 0.0126822 0.0157077 0.0185619 0.0209696 0.0227088 0.023653 0.0237894 0.0232066 0.0220584 0.0205189 0.0187442 0.0168526 0.0149222 0.0130025 0.0111293 0.00933603
 1.02202e-16 2.37198e-05 0.000139183 0.000661545 0.00254687 0.00794206 0.0200613 0.0410501 0.0680525 0.091415 0.0995369 0.0879395 0.063257 0.0375366 0.0193742 0.0105042 0.00844675 0.0102285 0.013982 0.0187762 0.0240351 0.0292014 0.033674 0.0368879 0.0384349 0.0381587 0.0361885 0.0328954 0.0287923 0.0244095 0.020188 0.0164182 0.0132308 0.0106281 0.00853496 0.0068481
 1.02078e-16 2.7947e-05 0.000164011 0.000779602 0.00300146 0.00935971 0.023642 0.0483756 0.0801912 0.107705 0.117231 0.103469 0.0742044 0.0435846 0.0216736 0.0104373 0.00687782 0.00744235 0.00993614 0.0133477 0.0171754 0.0210179 0.0244604 0.0271076 0.0286604 0.0289805 0.0281152 0.0262734 0.023763 0.0209135 0.0180092 0.0152501 0.012746 0.0105338 0.00860612 0.00693765
 1.02623e-16 1.95576e-05 0.000114741 0.000545332 0.0020994 0.00654663 0.0165366 0.0338388 0.0561016 0.0753732 0.0821009 0.072609 0.0523906 0.0314123 0.0168093 0.0100703 0.00921105 0.0118249 0.0163819 0.0220704 0.0283078 0.0344691 0.0398591 0.0438162 0.0458544 0.0457744 0.0437041 0.0400513 0.0353908 0.0303237 0.025357 0.0208332 0.0169192 0.0136402 0.0109348 0.00870793
 1.04278e-16 1.87547e-05 0.000110034 0.000522969 0.00201332 0.00627822 0.0158586 0.0324509 0.0537991 0.0722755 0.0787153 0.0695878 0.0501524 0.0299548 0.015822 0.00916599 0.00807224 0.0102342 0.0142071 0.0192629 0.0249219 0.0306842 0.0359838 0.0402645 0.0430898 0.0442336 0.0437165 0.0417761 0.0387872 0.0351613 0.0312608 0.0273505 0.0235913 0.0200627 0.0167984 0.0138152
 1.08578e-16 2.89577e-06 1.69091e-05 8.01977e-05 0.000308464 0.00096164 0.00242964 0.00497593 0.00826556 0.0111531 0.0122758 0.0111589 0.00871018 0.00654279 0.00590874 0.00727394 0.0106004 0.0157319 0.0225057 0.0306545 0.0396935 0.0488979 0.0573889 0.0642949 0.0689355 0.0709632 0.0704195 0.067683 0.0633393 0.0580202 0.0522682 0.0464634 0.0408198 0.035428 0.030318 0.0255096
pSPR Fmed_Fpbrs
0.510643   0.255595 0.255595
Fs Fmed_Fpbrs
0.38781   1.005 1.005
SSBpbr Bo_Bmed_Bpbrs
928281  427606  190850 190850
Ro
25848.3
SPR SPRFo_SPRFmed_SPRFpbrs
531514 271414 135852
log_Ro
9.98
likeval ReclasPelacesDesembMPH_pf_preclas_ppelaces_ptallas_desvR_qrecl_qpela
 97.9298 129.787 0.362124 0.000570898 375.676 218.66 93.8613 0 33.6263 0 0 0 0 0 0
q_reclas_q_pelaces
1 1
M
0.7
N
 35585.9 15367.3 7631.2 3789.54 3738.13
 49065.4 15640.1 5977.64 2968.41 2928.14
 5097.32 21084.4 5815.92 2222.84 2192.68
 6514 1738.42 4938.47 1362.23 1034.22
 41325.8 2786.98 640.816 1820.42 883.379
 28019.6 19877 1298.38 298.539 1259.62
 84445.5 9513.45 4614.36 301.412 361.72
 19584 35199.6 3328.65 1614.51 232.022
 191701 6671.86 8226.87 777.972 431.572
 195016 74620.3 2035.72 2510.18 369.056
 21213.7 86375.3 29478.2 804.196 1137.42
 15274 8344.32 26911.9 9184.51 604.949
 62355.8 5758.05 2388.04 7701.86 2801.62
 27453.1 19838.1 1173.63 486.74 2140.86
 26090.2 6309.09 2109.88 124.821 279.458
 14963.8 7441.36 1033.53 345.633 66.2274
 7713.74 5978.53 2392.03 332.229 132.393
 14185.5 3076.49 1915.06 766.222 148.829
 8146.42 5911.67 1075.95 669.76 320.023
 22889.1 3411.92 2088.24 380.069 349.631
 25598 9410.38 1161.35 710.794 248.375
 54241.1 11691.3 3952.99 487.843 402.915
 46260.4 24394.6 4762.12 1610.14 362.825
 44834.8 20672.3 9809.79 1914.99 793.387
 3873.28 19537.3 7904.82 3751.14 1035.65
pred_Ctot
 2962.58 2428.61 1206.01 598.888 590.764
 4791.06 2872.47 1097.85 545.179 537.783
 1173.21 8359.27 2305.82 881.282 869.327
 654.076 327.734 931.02 256.813 194.975
 935.457 124.42 28.6082 81.2695 39.437
 6513.59 7946.93 519.097 119.357 503.603
 9852.34 2062.15 1000.22 65.3347 78.4071
 4518.41 13983.9 1322.39 641.406 92.1767
 30218.7 1902.22 2345.57 221.808 123.046
 15258.7 11118.8 303.333 374.031 54.9914
 3214.59 23769.1 8111.93 221.302 313
 2687.86 2623.71 8461.93 2887.89 190.215
 16530 2566.76 1064.51 3433.24 1248.88
 11078.8 12190.6 721.197 299.103 1315.56
 8242.99 3234.17 1081.57 63.9858 143.256
 2129.68 1934.96 268.747 89.8742 17.221
 1105.89 1564.91 626.125 86.9625 34.6544
 1656.98 667.589 415.562 166.268 32.2954
 926.462 1251.47 227.773 141.785 67.7474
 2863.73 788.747 482.747 87.862 80.8256
 1484.79 1052.93 129.943 79.5306 27.7906
 3700.6 1528.72 516.883 63.7891 52.6841
 3351.15 3377.84 659.393 222.95 50.2391
 3979.25 3470.67 1646.96 321.507 133.201
 480.56 4481.91 1813.39 860.522 237.58
F
 0.122109 0.244219 0.244219 0.244219 0.244219
 0.144621 0.289241 0.289241 0.289241 0.289241
 0.375738 0.751477 0.751477 0.751477 0.751477
 0.148995 0.29799 0.29799 0.29799 0.29799
 0.0319217 0.0638434 0.0638434 0.0638434 0.0638434
 0.380196 0.760393 0.760393 0.760393 0.760393
 0.17507 0.350141 0.350141 0.350141 0.350141
 0.376815 0.75363 0.75363 0.75363 0.75363
 0.243525 0.48705 0.48705 0.48705 0.48705
 0.11438 0.228761 0.228761 0.228761 0.228761
 0.233067 0.466134 0.466134 0.466134 0.466134
 0.275553 0.551106 0.551106 0.551106 0.551106
 0.44525 0.890499 0.890499 0.890499 0.890499
 0.770487 1.54097 1.54097 1.54097 1.54097
 0.554505 1.10901 1.10901 1.10901 1.10901
 0.217456 0.434911 0.434911 0.434911 0.434911
 0.219213 0.438426 0.438426 0.438426 0.438426
 0.175293 0.350585 0.350585 0.350585 0.350585
 0.170304 0.340608 0.340608 0.340608 0.340608
 0.188847 0.377694 0.377694 0.377694 0.377694
 0.0836706 0.167341 0.167341 0.167341 0.167341
 0.0990756 0.198151 0.198151 0.198151 0.198151
 0.105491 0.210983 0.210983 0.210983 0.210983
 0.130661 0.261322 0.261322 0.261322 0.261322
 0.187137 0.374273 0.374273 0.374273 0.374273
YTP_r0W_actual
 5382.27 98602 59841.9 35367.5 10168.4
YTP_p0W_proyectada
 60718.9 16463.8 100411 52997 38546.6
 60718.9 75774.2 4363.13 23809.5 13006.8
CTP_r0_actual
 480.56 4481.91 1813.39 860.522 237.58
CTP_p0_proyectada
 7143.4 769.336 3218.31 1302.14 828.959
 7143.4 3540.85 139.844 585.001 279.717
Wmedp
 8.5 21.4 31.2 40.7 46.5
nmprior
 10.6 11 7 0
nm_flota  nm_reclas  nm_pelaces    nm_pelaL
inf 9.22968 6.3736 11.1096
cv_recla  cv_pelaces  cv_mph
0.895122 1.29178 0.775206
 ------------------------------------------------
Talla a la edad & desviaci?n 
 7.2 14.2025 17.0495 18.207 18.6776
 1.08 2.13037 2.55742 2.73105 2.80164
