    unsorted:	 2.230273690e-06 1.955005089e-05 0.0008999978544 0.007974798046 122.7352161 98.27716960 94.06824722 67.28334059 43.63603887 31.66492259 227.4091512 260.8605899 404.4222760 499.2579639 536.6242554 670.4315895 758.2318205 776.0563745 860.4939638 934.7716812 1036.236015 1104.865915 1296.952339 1462.911847 1669.796422 1843.860114 2103.668113 2307.912554 2776.251353 2893.959173 3014.465086 3490.466808 3998.982301 4077.026288 4600.413644 4715.663762 5030.736029 7049.769333 109207.9121 196478.3553 228959.3369 278828.2450 341970.8945 376929.0689 404628.5704 426761.7315 438541.4231 454795.4507 530216.4572 518967.8919 586227.9642 629251.1082 721279.3434 826207.8881 889393.3131 1055596.217 1201294.973 1346360.615 1514177.628 1647291.529 1907430.145 2006351.358 2387832.283 2410219.119 2663716.326
      sorted:	 2.230273690e-06 1.955005089e-05 0.0008999978544 0.007974798046 31.66492259 43.63603887 67.28334059 94.06824722 98.27716960 122.7352161 227.4091512 260.8605899 404.4222760 499.2579639 536.6242554 670.4315895 758.2318205 776.0563745 860.4939638 934.7716812 1036.236015 1104.865915 1296.952339 1462.911847 1669.796422 1843.860114 2103.668113 2307.912554 2776.251353 2893.959173 3014.465086 3490.466808 3998.982301 4077.026288 4600.413644 4715.663762 5030.736029 7049.769333 109207.9121 196478.3553 228959.3369 278828.2450 341970.8945 376929.0689 404628.5704 426761.7315 438541.4231 454795.4507 518967.8919 530216.4572 586227.9642 629251.1082 721279.3434 826207.8881 889393.3131 1055596.217 1201294.973 1346360.615 1514177.628 1647291.529 1907430.145 2006351.358 2387832.283 2410219.119 2663716.326
