years
 1997 1998 1999 2000 2001 2002 2003 2004 2005 2006 2007 2008 2009 2010 2011 2012 2013 2014 2015 2016 2017 2018 2019 2020 2021
reclasobs
 0 0 0 370054 412103 1.49427e+06 250295 1.28982e+06 931140 785840 897777 1.04006e+06 184774 17550 25797 100020 73551 82996 120727 218422 84188 347160 605670 569463 516374
reclaspred
 4.11473e+06 685147 899388 207108 253536 353579 692772 645893 660807 837677 927937 717796 390843 146702 80608.3 76415.5 78969.5 109074 137834 133016 194565 214841 349873 395616 356504
pelacesobs
 0 0 0 0 0 0 0 0 0 2.06254e+06 1.5e+06 0 1.87456e+06 323000 250000 174000 83755 137374 0 501740 490994 745055 786931 1.00524e+06 1.33801e+06
pelacespred
 1.14087e+07 5.70226e+06 1.41741e+06 800822 895859 763278 2.13566e+06 2.03178e+06 1.84647e+06 2.58449e+06 2.36838e+06 1.94927e+06 1.00582e+06 292882 161615 168664 180177 274131 362998 317007 594590 650159 758756 1.01259e+06 796803
mphobs
 0 0 0 0 0 112323 0 153150 637223 0 255016 313432 73983 77613 109348 50772 0 0 0 0 0 0 0 0 0
mphpred
 830174 350269 180137 66959.7 49691.8 141110 158437 291106 254099 274856 382625 279063 172470 97233.9 46188.3 32354.8 28571.1 35208.1 47157.3 43278.1 53849.4 74159.9 87580.3 120113 129756
desembarqueobs
 350755 77701 442110 56441 14545 235359 269955 359681 431902 328805 639364 411747 362871 311530 167758 66681 60226 58785 57116 73181 50977 67692 138656 160484 209506
desembarquepred
 350740 77672.9 441500 56412.9 14543 235182 269885 359090 431385 328503 638191 411025 362116 310928 167231 66602.1 60193 58697.5 57030 73087.6 50959.5 67616.7 138533 160357 209339
Reclutas
 13545.2 25068.2 2486.02 5915.47 38724.8 14135.9 64012.1 56673.2 63515.2 112041 70726.3 48288.5 54561.3 29527.1 12271 9173.58 7241.75 9043.21 7444.15 8751.24 15140.4 17801.8 29333.9 28587.1 2684.33
log_desv_Rt
 -0.346212 0.269354 -2.04156 -1.17467 0.704236 -0.303525 1.20683 1.08506 1.19903 1.76662 1.30657 0.92495 1.04708 0.433065 -0.445006 -0.735917 -0.972381 -0.75023 -0.944816 -0.783049 -0.234876 -0.0729452 0.4265 0.400712 -1.96481
SSB
 1.16181e+06 490195 252099 93708.9 69542.7 197480 221729 407398 355607 384656 535476 390543 241368 136077 64639.6 45280 39984.7 49273 65995.7 60566.9 75361.3 103785 122567 168096 181591
BT
 1.7152e+06 623659 381642 151563 258355 309095 1.04173e+06 941373 974619 1.11231e+06 1.17494e+06 828734 676980 391228 196876 103073 102956 128751 119488 131719 200821 177217 248510 342291 266761
Ftot
 0.266197 0.420902 1.52026 0.989228 0.269037 1.73029 1.60994 1.75925 2.09887 1.43229 1.98399 1.70811 2.84604 4.95303 4.95303 2.45669 2.31487 1.76211 1.21894 1.68648 0.904699 0.981307 1.23879 1.25162 1.54616
BD_Bspro_t
 0.96605 0.773947 0.5404 0.189503 0.247351 0.528536 0.394196 0.487048 0.403352 0.382115 0.425006 0.290851 0.202125 0.137077 0.07908 0.069025 0.0849779 0.142488 0.224258 0.25203 0.325624 0.462934 0.460867 0.462251 0.403776
BD_Bspro
 2.9506 1.24492 0.640242 0.237988 0.176614 0.50153 0.563115 1.03465 0.903118 0.976892 1.35992 0.991843 0.61299 0.345588 0.164162 0.114995 0.101547 0.125136 0.167606 0.153819 0.191391 0.263579 0.311277 0.426905 0.461178
BD_Bo
 1.42602 0.601669 0.309427 0.115019 0.0853571 0.242389 0.272152 0.500043 0.436475 0.47213 0.657247 0.479355 0.296257 0.167022 0.0793391 0.0555769 0.0490775 0.060478 0.0810036 0.0743402 0.0924989 0.127387 0.15044 0.206322 0.222886
BD_Brms
 3.94216 1.66329 0.855399 0.317965 0.235966 0.670072 0.752353 1.38235 1.20662 1.30518 1.81693 1.32516 0.818989 0.461725 0.219329 0.15364 0.135673 0.167189 0.223931 0.20551 0.255709 0.352156 0.415884 0.570368 0.616159
S_f
 0.0804006 0.739169 0.989231 0.999664 0.99999
 0.0804006 0.739169 0.989231 0.999664 0.99999
 0.0804006 0.739169 0.989231 0.999664 0.99999
 0.0804006 0.739169 0.989231 0.999664 0.99999
 0.0804006 0.739169 0.989231 0.999664 0.99999
 0.0804006 0.739169 0.989231 0.999664 0.99999
 0.0804006 0.739169 0.989231 0.999664 0.99999
 0.0804006 0.739169 0.989231 0.999664 0.99999
 0.0804006 0.739169 0.989231 0.999664 0.99999
 0.0804006 0.739169 0.989231 0.999664 0.99999
 0.0804006 0.739169 0.989231 0.999664 0.99999
 0.0804006 0.739169 0.989231 0.999664 0.99999
 0.0804006 0.739169 0.989231 0.999664 0.99999
 0.0804006 0.739169 0.989231 0.999664 0.99999
 0.0804006 0.739169 0.989231 0.999664 0.99999
 0.0804006 0.739169 0.989231 0.999664 0.99999
 0.0804006 0.739169 0.989231 0.999664 0.99999
 0.0804006 0.739169 0.989231 0.999664 0.99999
 0.0804006 0.739169 0.989231 0.999664 0.99999
 0.0804006 0.739169 0.989231 0.999664 0.99999
 0.0804006 0.739169 0.989231 0.999664 0.99999
 0.0804006 0.739169 0.989231 0.999664 0.99999
 0.0804006 0.739169 0.989231 0.999664 0.99999
 0.0804006 0.739169 0.989231 0.999664 0.99999
 0.0804006 0.739169 0.989231 0.999664 0.99999
Scru_reclas
 0.133456 0.436642 0.795945 0.951528 0.989979
 0.133456 0.436642 0.795945 0.951528 0.989979
 0.133456 0.436642 0.795945 0.951528 0.989979
 0.133456 0.436642 0.795945 0.951528 0.989979
 0.133456 0.436642 0.795945 0.951528 0.989979
 0.133456 0.436642 0.795945 0.951528 0.989979
 0.133456 0.436642 0.795945 0.951528 0.989979
 0.133456 0.436642 0.795945 0.951528 0.989979
 0.133456 0.436642 0.795945 0.951528 0.989979
 0.133456 0.436642 0.795945 0.951528 0.989979
 0.133456 0.436642 0.795945 0.951528 0.989979
 0.133456 0.436642 0.795945 0.951528 0.989979
 0.133456 0.436642 0.795945 0.951528 0.989979
 0.133456 0.436642 0.795945 0.951528 0.989979
 0.133456 0.436642 0.795945 0.951528 0.989979
 0.133456 0.436642 0.795945 0.951528 0.989979
 0.133456 0.436642 0.795945 0.951528 0.989979
 0.133456 0.436642 0.795945 0.951528 0.989979
 0.133456 0.436642 0.795945 0.951528 0.989979
 0.133456 0.436642 0.795945 0.951528 0.989979
 0.133456 0.436642 0.795945 0.951528 0.989979
 0.133456 0.436642 0.795945 0.951528 0.989979
 0.133456 0.436642 0.795945 0.951528 0.989979
 0.133456 0.436642 0.795945 0.951528 0.989979
 0.133456 0.436642 0.795945 0.951528 0.989979
Scru_pelaces
 0.115166 0.395779 0.767252 0.94315 0.988164
 0.115166 0.395779 0.767252 0.94315 0.988164
 0.115166 0.395779 0.767252 0.94315 0.988164
 0.115166 0.395779 0.767252 0.94315 0.988164
 0.115166 0.395779 0.767252 0.94315 0.988164
 0.115166 0.395779 0.767252 0.94315 0.988164
 0.115166 0.395779 0.767252 0.94315 0.988164
 0.115166 0.395779 0.767252 0.94315 0.988164
 0.115166 0.395779 0.767252 0.94315 0.988164
 0.115166 0.395779 0.767252 0.94315 0.988164
 0.115166 0.395779 0.767252 0.94315 0.988164
 0.115166 0.395779 0.767252 0.94315 0.988164
 0.115166 0.395779 0.767252 0.94315 0.988164
 0.115166 0.395779 0.767252 0.94315 0.988164
 0.115166 0.395779 0.767252 0.94315 0.988164
 0.115166 0.395779 0.767252 0.94315 0.988164
 0.115166 0.395779 0.767252 0.94315 0.988164
 0.115166 0.395779 0.767252 0.94315 0.988164
 0.115166 0.395779 0.767252 0.94315 0.988164
 0.115166 0.395779 0.767252 0.94315 0.988164
 0.115166 0.395779 0.767252 0.94315 0.988164
 0.115166 0.395779 0.767252 0.94315 0.988164
 0.115166 0.395779 0.767252 0.94315 0.988164
 0.115166 0.395779 0.767252 0.94315 0.988164
 0.115166 0.395779 0.767252 0.94315 0.988164
pf_obs 
 0.256992 0.487395 0.22802 0.0275931 0
 0.321318 0.546541 0.124235 0.00734118 0.000564706
 0.182869 0.594174 0.210203 0.0122559 0.00049798
 0.330522 0.361315 0.267642 0.0388342 0.00168674
 0.649043 0.306663 0.0425973 0.00169635 0
 0.582887 0.30429 0.105238 0.00758474 0
 0.465427 0.430635 0.0974691 0.00646863 0
 0.296916 0.608066 0.0921331 0.00288517 0
 0.311714 0.524322 0.152257 0.0117073 0
 0.15457 0.633149 0.183074 0.0267441 0.00246327
 0.131901 0.49318 0.331252 0.0422183 0.00144891
 0.196976 0.569456 0.194076 0.0375587 0.00193317
 0.518974 0.381816 0.0799577 0.0180837 0.00116848
 0.0928022 0.601141 0.25162 0.0475244 0.00691264
 0.122501 0.610282 0.24278 0.0234846 0.000952079
 0.383417 0.481906 0.127806 0.00687128 0
 0.0376549 0.599619 0.316969 0.0457579 0
 0.0361596 0.667082 0.258105 0.0386534 0
 0.158088 0.579412 0.248529 0.0139706 0
 0.0477256 0.309471 0.559284 0.082774 0.000745712
 0.0406174 0.521527 0.379366 0.0568643 0.0016247
 0.151134 0.462217 0.34131 0.0453401 0
 0.294876 0.26143 0.354403 0.0886775 0.000613685
 0.281977 0.475581 0.204845 0.0348837 0.00271318
 0.0841818 0.532909 0.334909 0.0458182 0.00218182
pf_pred 
 0.0302189 0.639784 0.291467 0.0385265 3.14627e-06
 0.0907969 0.194694 0.520162 0.171892 0.0224555
 0.0178053 0.534455 0.124981 0.235795 0.0869639
 0.154276 0.200545 0.434918 0.0595889 0.150673
 0.547782 0.326738 0.0409063 0.0573289 0.0272451
 0.104618 0.823872 0.0560814 0.00507097 0.0103583
 0.531285 0.308027 0.153249 0.00586361 0.00157626
 0.247485 0.716865 0.0274302 0.00784649 0.000372694
 0.287083 0.603778 0.106205 0.00226931 0.000664519
 0.371408 0.558845 0.0637259 0.00586278 0.000157801
 0.186113 0.730774 0.0773853 0.00524266 0.000485346
 0.18025 0.664425 0.146434 0.00829299 0.000598745
 0.306123 0.554633 0.12306 0.0152779 0.000906955
 0.272116 0.681095 0.0420944 0.00416443 0.000530097
 0.260835 0.717675 0.0210915 0.000359676 3.803e-05
 0.298636 0.677873 0.0232983 0.000189304 3.38456e-06
 0.251552 0.67965 0.06766 0.00112843 9.06565e-06
 0.312075 0.605198 0.0787421 0.00392096 6.41164e-05
 0.202074 0.703988 0.0872747 0.00634998 0.000314081
 0.252336 0.577235 0.157462 0.0120633 0.000904109
 0.319734 0.57614 0.089195 0.0138183 0.00111286
 0.23302 0.645383 0.108772 0.011012 0.00181368
 0.298175 0.549935 0.135458 0.0147245 0.00170718
 0.218818 0.666356 0.0981485 0.0149027 0.0017741
 0.0261712 0.771495 0.183006 0.0165655 0.00276197
pobs_RECLAS
 0 0 0 0 0
 0 0 0 0 0
 0 0 0 0 0
 0 0 0 0 0
 0.835266 0.146461 0.0176864 0.000547809 3.91292e-05
 0.385257 0.428462 0.181853 0.0044286 0
 0.867414 0.0963971 0.0333333 0.00285562 0
 0.441836 0.489002 0.0689373 0.000224442 0
 0.779404 0.147425 0.0564933 0.0165055 0.000172143
 0.814271 0.122319 0.05973 0.00367925 0
 0.40263 0.566651 0.0304383 0.000280538 0
 0.475488 0.404961 0.113038 0.00651328 0
 0.955842 0.0263864 0.0167828 0.000988607 0
 0.975058 0.0227948 0.00214734 0 0
 0.738997 0.206755 0.0527124 0.00153531 0
 0.850938 0.134255 0.0134407 0.00136685 0
 0.542534 0.407297 0.0501686 0 0
 0.764087 0.199537 0.0359546 0.000420521 0
 0.470689 0.182191 0.310203 0.0369168 0
 0.84361 0.089868 0.0606195 0.00523954 0.000663233
 0.607945 0.314616 0.071237 0.00620181 0
 0.523733 0.453247 0.0230204 0 0
 0.530135 0.295979 0.169645 0.0042399 0
 0.562478 0.366248 0.0663022 0.0049721 0
 0.250443 0.683176 0.0655157 0.000865301 0
ppred_RECLAS
 0.0726566 0.541071 0.334045 0.052223 4.43566e-06
 0.177216 0.132569 0.478032 0.186802 0.0253808
 0.0447467 0.429529 0.128867 0.286838 0.110019
 0.292421 0.12756 0.365364 0.0591378 0.155517
 0.749899 0.157311 0.0266879 0.0442367 0.0218654
 0.266927 0.657551 0.0566517 0.00603979 0.0128302
 0.765088 0.140552 0.0892083 0.00402594 0.00112552
 0.5096 0.460279 0.0222478 0.00750291 0.000370615
 0.56447 0.355838 0.0771587 0.00194155 0.000591238
 0.639071 0.31021 0.0456268 0.00495358 0.000138661
 0.42298 0.504749 0.0664557 0.00530406 0.000510641
 0.399693 0.461982 0.129059 0.00861837 0.000647105
 0.611031 0.299941 0.0770936 0.0112399 0.000693825
 0.667695 0.311973 0.017988 0.00207006 0.000273916
 0.654443 0.336138 0.00921607 0.000182818 2.00941e-05
 0.596386 0.387502 0.0159573 0.000152494 2.83517e-06
 0.530497 0.418059 0.0504459 0.000990033 8.27118e-06
 0.584872 0.353561 0.0580984 0.0034107 5.80011e-05
 0.425735 0.488125 0.0790034 0.00678705 0.00034913
 0.501962 0.360899 0.124969 0.0112898 0.000879956
 0.568686 0.346164 0.0710542 0.0130065 0.00108941
 0.461654 0.429347 0.0956058 0.0114347 0.00195868
 0.546888 0.33136 0.106443 0.013661 0.00164726
 0.448486 0.448157 0.086026 0.0154215 0.00190931
 0.0734368 0.690478 0.209797 0.0224033 0.00388464
pobs_PELACES
 0 0 0 0 0
 0 0 0 0 0
 0 0 0 0 0
 0 0 0 0 0
 0 0 0 0 0
 0 0 0 0 0
 0 0 0 0 0
 0 0 0 0 0
 0 0 0 0 0
 0 0 0 0 0
 0.450072 0.473896 0.0757376 0.000293798 0
 0 0 0 0 0
 0.463077 0.371075 0.160297 0.00555027 0
 0.529543 0.364841 0.0842815 0.0213345 0
 0.631943 0.363953 0.00410389 0 0
 0.735681 0.248677 0.0153453 0.000297389 0
 0.695825 0.281241 0.0229344 0 0
 0.275771 0.60734 0.115278 0.00161068 0
 0 0 0 0 0
 0.896147 0.0623911 0.0374545 0.00400742 0
 0.803859 0.145111 0.0509908 3.86294e-05 0
 0.739449 0.233085 0.0266225 0.000797448 4.60066e-05
 0.878498 0.100942 0.0204185 0.000141795 0
 0.694673 0.275183 0.0284847 0.00165964 0
 0.469039 0.446079 0.0841089 0.000773354 0
ppred_PELACES
 0.072018 0.531653 0.341481 0.0548439 4.69091e-06
 0.179074 0.128403 0.47559 0.190823 0.0261084
 0.05981 0.433325 0.121957 0.277673 0.107235
 0.329532 0.121772 0.341849 0.056702 0.150145
 0.747371 0.155321 0.0274077 0.0466705 0.02323
 0.337194 0.598956 0.0475768 0.00518466 0.0110891
 0.818937 0.111357 0.0658136 0.0030372 0.000854927
 0.592986 0.383779 0.0170618 0.00588088 0.000292481
 0.665047 0.279026 0.0541108 0.00138999 0.000426161
 0.69868 0.260915 0.0362627 0.00402829 0.000113536
 0.520902 0.424168 0.0504218 0.00410991 0.000398374
 0.483224 0.404687 0.104423 0.00712821 0.000538883
 0.742275 0.206146 0.044554 0.00661425 0.000411034
 0.851125 0.142312 0.00579866 0.000674568 8.98406e-05
 0.842144 0.15479 0.0029991 6.01398e-05 6.65311e-06
 0.706951 0.282835 0.0101135 9.8543e-05 1.84451e-06
 0.643273 0.321912 0.0341265 0.000683216 5.74661e-06
 0.665649 0.288153 0.043541 0.00261244 4.47303e-05
 0.480522 0.443978 0.0691064 0.00607903 0.000314867
 0.585549 0.306474 0.0981963 0.00906906 0.00071171
 0.604865 0.317682 0.0643584 0.0120761 0.0010185
 0.503445 0.397315 0.0867702 0.0106352 0.00183436
 0.603061 0.293188 0.0904263 0.0118826 0.0014427
 0.505778 0.404401 0.0744531 0.013665 0.00170352
 0.0968879 0.683704 0.194461 0.0212392 0.00370807
pobs_pel_tallas
 0 0 0 0 0 0 0 0 0 0 0 0 0 0 0 0 0 0 0 0 0 0 0 0 0 0 0 0 0 0 0 0 0 0 0 0
 0 0 0 0 0 0 0 0 0 0 0 0 0 0 0 0 0 0 0 0 0 0 0 0 0 0 0 0 0 0 0 0 0 0 0 0
 0 0 0 0 0 0 0 0 0 0 0 0 0 0 0 0 0 0 0 0 0 0 0 0 0 0 0 0 0 0 0 0 0 0 0 0
 0 0 0 0 0 0 0 0 0 0 0 0 0 0 0 0 0 0 0 0 0 0 0 0 0 0 0 0 0 0 0 0 0 0 0 0
 0 0 0 0 0 0 0 0 0 0 0 0 0 0 0 0 0 0 0 0 0 0 0 0 0 0 0 0 0 0 0 0 0 0 0 0
 0 0 0 0 0 0 0 0 0 0 0 0 0 0 0 0 0 0 0 0 0 0 0 0 0 0 0 0 0 0 0 0 0 0 0 0
 0 0 0 0 0 0 0 0 0 0 0 0 0 0 0 0 0 0 0 0 0 0 0 0 0 0 0 0 0 0 0 0 0 0 0 0
 0 0 0 0 0 0 0 0 0 0 0 0 0 0 0 0 0 0 0 0 0 0 0 0 0 0 0 0 0 0 0 0 0 0 0 0
 0 0 0 0 0 0 0 0 0 0 0 0 0 0 0 0 0 0 0 0 0 0 0 0 0 0 0 0 0 0 0 0 0 0 0 0
 0 0 0 0 0 0 0 0 0 0 0 0 0 0 0 0 0 0 0 0 0 0 0 0 0 0 0 0 0 0 0 0 0 0 0 0
 0 0 0 0 0 0 0 0 1.78061e-05 0.00172719 0.00360574 0.0105946 0.0120993 0.0124554 0.0147524 0.0171206 0.0266825 0.0428682 0.0675386 0.121331 0.153587 0.119568 0.100827 0.0573624 0.0630603 0.0341343 0.0324427 0.0444173 0.0211091 0.0280891 0.0125444 0.00206551 0 0 0 0
 0 0 0 0 0 0 0 0 0 0 0 0 0 0 0 0 0 0 0 0 0 0 0 0 0 0 0 0 0 0 0 0 0 0 0 0
 0 0 0 0 0 0 0.0133647 0.0140871 0.0187388 0.0205184 0.03894 0.0496705 0.03968 0.0493445 0.0407372 0.0367815 0.0215668 0.0243155 0.0234873 0.0199281 0.019796 0.0243948 0.0301388 0.0376714 0.0412746 0.0863199 0.0771752 0.113111 0.0741005 0.0525337 0.0229764 0.00759418 0.00175318 0 0 0
 0 0 0 0 0 0 0 0 0 0 0.00219441 0.00772107 0.0458388 0.0604681 0.0671733 0.0775358 0.0609151 0.0617685 0.073594 0.0568108 0.0755445 0.0548602 0.0670107 0.0636378 0.0643287 0.046367 0.0373049 0.0286899 0.0247887 0.0153202 0.00654259 0.00121912 0.000365735 0 0 0
 0 0 0 0 0 0 0 0 0 0 0 0 0.000112435 0.00938835 0.0111873 0.0202946 0.0414886 0.0713402 0.111592 0.104902 0.108894 0.110636 0.117776 0.105296 0.107544 0.0401394 0.0192827 0.0124803 0.00416011 0.0028671 0.000618394 0 0 0 0 0
 0 0 0 0 0 0 0 0 0 0 0.00291406 0.0102884 0.027416 0.0768956 0.0749926 0.110853 0.0956884 0.0897413 0.0766577 0.0534642 0.0500743 0.0551293 0.0594112 0.0620874 0.0668451 0.0424026 0.0208742 0.0120726 0.0048766 0.00582813 0.00118941 0.000297354 0 0 0 0
 0 0.00264628 0.0354308 0.0461629 0.0458689 0.0383711 0.0214643 0.0164657 0.0346957 0.0420465 0.0363128 0.0245516 0.0311673 0.0291091 0.0169068 0.0133784 0.00837989 0.0085269 0.0148486 0.0160247 0.0276389 0.0546898 0.0760071 0.122758 0.109233 0.0665981 0.0333725 0.0166128 0.00676272 0.00308733 0.000882094 0 0 0 0 0
 0 0 0 0 0 0 0 0.000805153 0.000690131 0.00759144 0.0133425 0.0154129 0.00931677 0.000345066 0.00356568 0.00563607 0.00851162 0.0253048 0.0502646 0.0516448 0.0657925 0.0565908 0.0611916 0.0827007 0.0866115 0.110766 0.145733 0.0935128 0.0569358 0.0249597 0.0138026 0.00621118 0.00161031 0.00115022 0 0
 0 0 0 0 0 0 0 0 0 0 0 0 0 0 0 0 0 0 0 0 0 0 0 0 0 0 0 0 0 0 0 0 0 0 0 0
 0.00147267 0.00158595 0.00478618 0.00569244 0.00954404 0.0108468 0.00647125 0.017049 0.0510054 0.094081 0.124002 0.0959785 0.0687766 0.0820023 0.061753 0.0591476 0.0492212 0.0479892 0.0443925 0.0268479 0.0217502 0.0140895 0.0121071 0.0120363 0.00920419 0.00665534 0.0049561 0.00860946 0.00930331 0.0156896 0.0114698 0.00855282 0.00243557 0.00046729 0 2.83206e-05
 0 0 0 0 0.000772559 0.00158375 0.000888443 0.00281984 0.00712685 0.0440552 0.0773331 0.111326 0.0921469 0.0852325 0.0710754 0.0886704 0.0786465 0.0553345 0.0373146 0.0185414 0.00753245 0.00457741 0.012979 0.0271748 0.0457355 0.0583668 0.034881 0.0177882 0.00938659 0.00492506 0.0015258 0.00185414 0.000309023 5.79419e-05 3.86279e-05 0
 0 0.00173294 0.00326652 0 0.00397197 0.00683976 0.00946217 0.0152591 0.00757587 0.0136028 0.0228656 0.0392903 0.0559909 0.0764795 0.0681675 0.0726916 0.0566044 0.0477403 0.0527397 0.0444891 0.0609904 0.0582453 0.0661739 0.0445044 0.0529084 0.0360697 0.0280645 0.0235558 0.0158879 0.00826598 0.00280645 0.00217768 0.000904811 0.00058276 9.20147e-05 0
 0 0 0 0 0 0 0 0 0 0 0 0 0 0 0 0 0 0 0 0 0 0 0 0 0 0 0 0 0 0 0 0 0 0 0 0
 0 0 0 0 0 0 0 0 0 0 0 0 0 0 0 0 0 0 0 0 0 0 0 0 0 0 0 0 0 0 0 0 0 0 0 0
 0 0 0 0 0 0 0 0 0 0 0 0 0 0 0 0 0 0 0 0 0 0 0 0 0 0 0 0 0 0 0 0 0 0 0 0
ppred_pel_tallas
 1.06906e-16 3.17532e-06 1.85524e-05 8.80152e-05 0.000338571 0.00105553 0.00266677 0.0054609 0.00906862 0.0122291 0.0134402 0.0121705 0.00940078 0.00687898 0.00594904 0.00708736 0.0102195 0.0151546 0.0217208 0.0296694 0.038553 0.047694 0.0562564 0.0633926 0.0684147 0.0709299 0.070901 0.0686095 0.0645476 0.0592798 0.0533247 0.047087 0.0408476 0.0347901 0.0290427 0.0237091
 1.1457e-16 7.82726e-06 4.59002e-05 0.000218111 0.000839612 0.00261811 0.00661321 0.0135326 0.0224365 0.0301457 0.0328418 0.0290581 0.0209972 0.0126561 0.00690978 0.00439168 0.00437059 0.0059788 0.00873613 0.0124839 0.0171748 0.0227346 0.0290087 0.0357546 0.0426563 0.0493459 0.0554291 0.060512 0.0642311 0.066289 0.0664926 0.0647879 0.0612806 0.0562327 0.0500349 0.0431535
 1.16425e-16 2.63793e-06 1.54092e-05 7.3098e-05 0.000281181 0.000876598 0.00221467 0.00453503 0.00753086 0.0101548 0.0111587 0.0101006 0.00779338 0.00568685 0.00489504 0.00581217 0.00837737 0.0124381 0.0178665 0.024483 0.0319594 0.0397927 0.0473624 0.0540452 0.0593445 0.0629863 0.0649524 0.0654337 0.0647329 0.0631509 0.0609033 0.0580899 0.0547201 0.0507693 0.0462431 0.041218
 1.13857e-16 1.43872e-05 8.44145e-05 0.000401216 0.00154462 0.00481665 0.0121665 0.024895 0.041269 0.0554318 0.0603436 0.0532819 0.0382611 0.022576 0.011429 0.00586869 0.00440642 0.00528829 0.00747985 0.0105718 0.0144222 0.0189269 0.0239358 0.0292423 0.0345994 0.0397397 0.0443942 0.0483046 0.0512349 0.0529863 0.053417 0.0524654 0.0501702 0.0466763 0.0422257 0.0371287
 1.03129e-16 3.26078e-05 0.000191383 0.000909755 0.00350261 0.0109226 0.0275896 0.0564518 0.0935746 0.125667 0.136746 0.120611 0.0863169 0.0503343 0.0243521 0.0105987 0.00550946 0.00489059 0.00617353 0.00823251 0.0106097 0.0130313 0.0152476 0.0170273 0.0181981 0.0186821 0.0185091 0.0177987 0.0167206 0.0154479 0.0141182 0.0128145 0.0115669 0.0103695 0.00920217 0.0080497
 1.01567e-16 1.47402e-05 8.64442e-05 0.000410771 0.00158124 0.00493075 0.0124553 0.0254893 0.0422669 0.0568104 0.0619451 0.0549352 0.0399683 0.0246243 0.0143758 0.0104597 0.0114928 0.0157345 0.0220234 0.0296194 0.0378191 0.045769 0.0525041 0.0571167 0.0589614 0.0578104 0.0539085 0.0479004 0.0406649 0.0331082 0.0259849 0.0197928 0.0147533 0.0108606 0.00796495 0.00585662
 1.01115e-16 3.57268e-05 0.000209699 0.000996835 0.00383791 0.0119682 0.0302306 0.0618553 0.10253 0.137688 0.149813 0.132103 0.0944691 0.0549425 0.0263093 0.0109856 0.00504015 0.00385953 0.0046274 0.00613185 0.00791971 0.00976234 0.0114676 0.0128559 0.0137852 0.0141781 0.0140344 0.0134226 0.0124563 0.0112638 0.00996211 0.00864109 0.00736073 0.00615664 0.00504921 0.0040512
 1.00584e-16 2.58852e-05 0.000151895 0.000721975 0.00277953 0.00866763 0.021894 0.0448 0.0742682 0.0997621 0.108619 0.0959466 0.0689807 0.0408603 0.0209546 0.0111413 0.00869642 0.0103584 0.0140768 0.0188311 0.0239995 0.0289927 0.0331837 0.0359911 0.0370059 0.0360901 0.0334118 0.0293976 0.0246243 0.0196847 0.0150711 0.0111066 0.00793181 0.00553666 0.00381524 0.00262106
 1.00927e-16 2.90233e-05 0.000170327 0.000809626 0.00311705 0.00972018 0.0245526 0.0502388 0.0832801 0.111854 0.121749 0.107463 0.07708 0.0452963 0.0225655 0.0109312 0.00727964 0.00791684 0.0105526 0.014118 0.018066 0.0219496 0.0253093 0.027715 0.0288533 0.0285992 0.0270428 0.0244585 0.0212319 0.0177675 0.0144085 0.01139 0.00882911 0.00674571 0.00509707 0.00381268
 1.00744e-16 3.0489e-05 0.000178935 0.00085055 0.00327462 0.0102116 0.0257937 0.0527782 0.0874886 0.117504 0.12789 0.112863 0.0809114 0.0474621 0.023485 0.0111109 0.0070526 0.00741658 0.00979311 0.0130691 0.0166961 0.0202467 0.0232894 0.0254245 0.0263642 0.026 0.0244264 0.0219114 0.0188262 0.0155566 0.0124277 0.00965815 0.00735176 0.0055176 0.00410429 0.00303432
 1.01014e-16 2.27437e-05 0.000133448 0.000634267 0.00244182 0.00761447 0.0192339 0.0393575 0.0652485 0.0876544 0.0954576 0.0843724 0.0607714 0.0362227 0.0189913 0.0107682 0.00920165 0.0114575 0.015741 0.021125 0.0269886 0.0326989 0.0375661 0.0409429 0.0423652 0.0416618 0.0389944 0.0348076 0.0297133 0.0243471 0.0192422 0.0147559 0.0110551 0.00814933 0.00594743 0.00431461
 1.01885e-16 2.11001e-05 0.0001238 0.000588402 0.00226523 0.0070638 0.0178429 0.0365114 0.0605306 0.081318 0.0885616 0.0782876 0.0564116 0.0336706 0.0177402 0.0101999 0.00888149 0.0111702 0.0154144 0.0207637 0.0266451 0.0324661 0.037571 0.041334 0.0432907 0.0432432 0.0412995 0.0378319 0.0333734 0.0284886 0.0236614 0.0192281 0.0153652 0.0121174 0.00944544 0.00727274
 1.00947e-16 3.23878e-05 0.000190087 0.000903579 0.00347882 0.0108484 0.0274021 0.0560687 0.0929411 0.12482 0.135837 0.119837 0.0858249 0.0501715 0.0245046 0.0110583 0.00631159 0.00610969 0.00789542 0.01052 0.0134704 0.016392 0.0189416 0.0208008 0.0217361 0.0216513 0.0206073 0.0187995 0.0165047 0.014014 0.0115747 0.00935648 0.00744506 0.00585716 0.00456611 0.00352661
 1.00157e-16 3.71314e-05 0.000217942 0.00103602 0.00398878 0.0124387 0.031419 0.064287 0.106561 0.143103 0.15571 0.137313 0.0982176 0.0571675 0.0274571 0.0116021 0.00551865 0.00440725 0.00532582 0.00698706 0.00887993 0.0107194 0.0122607 0.0132862 0.0136442 0.0132844 0.0122698 0.0107602 0.00897081 0.00712318 0.00540129 0.00392591 0.00274967 0.00186875 0.00124314 0.000817303
 1.00096e-16 3.67403e-05 0.000215645 0.0010251 0.00394671 0.0123075 0.0310877 0.0636092 0.105438 0.141596 0.154074 0.135877 0.0972074 0.0566131 0.0272537 0.0116239 0.00568849 0.00470182 0.00575195 0.00755806 0.00960049 0.0115773 0.0132235 0.0143032 0.0146527 0.0142193 0.0130745 0.0113954 0.00941954 0.00739079 0.00551116 0.00391267 0.0026518 0.00172239 0.00107805 0.000655087
 1.0024e-16 3.08505e-05 0.000181055 0.000860626 0.00331341 0.0103325 0.0260993 0.0534035 0.0885256 0.118898 0.129411 0.114214 0.0818984 0.0480783 0.023858 0.011399 0.00737875 0.00785736 0.0103897 0.0138337 0.0176099 0.0212544 0.0242989 0.0263143 0.0269998 0.0262561 0.0242108 0.0211827 0.0176024 0.013912 0.0104789 0.00754409 0.00521242 0.00347557 0.00225265 0.00143141
 1.00614e-16 2.80755e-05 0.000164759 0.000783146 0.00301508 0.00940218 0.0237494 0.0485957 0.0805579 0.108202 0.117786 0.103993 0.0746518 0.0439916 0.0221416 0.011099 0.00787112 0.00889583 0.0119529 0.0159802 0.0203951 0.0246902 0.0283364 0.0308421 0.0318567 0.0312532 0.0291585 0.0259152 0.0219935 0.0178804 0.0139846 0.0105793 0.00779087 0.00562441 0.00400684 0.00283093
 1.00804e-16 2.90498e-05 0.000170483 0.000810362 0.00311988 0.00972901 0.0245749 0.0502845 0.0833561 0.111957 0.121863 0.107567 0.0771643 0.0453645 0.0226337 0.0110201 0.00740962 0.00810535 0.0108127 0.0144553 0.018475 0.0224107 0.0257879 0.0281646 0.0292218 0.0288377 0.0271147 0.0243468 0.0209422 0.0173263 0.0138581 0.0107802 0.00820927 0.00615791 0.00457193 0.00336795
 1.0135e-16 2.09838e-05 0.000123114 0.000585132 0.00225263 0.00702449 0.0177437 0.0363086 0.0601955 0.0808712 0.0880838 0.0778861 0.0561676 0.0336153 0.017875 0.0105315 0.00944115 0.0120086 0.0165828 0.0222907 0.0285152 0.0346036 0.0398359 0.0435324 0.045201 0.0446525 0.0420422 0.0378202 0.0326117 0.0270691 0.021743 0.0170055 0.0130361 0.009855 0.00738076 0.00548777
 1.01839e-16 2.5558e-05 0.00014998 0.000712888 0.00274457 0.00855862 0.0216186 0.0442359 0.0733312 0.0984979 0.107227 0.0946828 0.0679964 0.040126 0.0203023 0.0103567 0.00758102 0.00875025 0.0118597 0.0159547 0.0205092 0.0250551 0.0290932 0.0321463 0.0338555 0.0340584 0.0328203 0.0304038 0.0271934 0.0236003 0.0199799 0.0165839 0.0135503 0.0109247 0.00869402 0.00681912
 1.0148e-16 2.64006e-05 0.000154927 0.000736401 0.0028351 0.00884092 0.0223317 0.045695 0.0757499 0.101746 0.110763 0.0978029 0.0702329 0.041437 0.0209484 0.0106556 0.00775655 0.0089135 0.0120477 0.0161641 0.0207105 0.0251967 0.0291046 0.0319458 0.0333623 0.0332083 0.03158 0.0287813 0.0252408 0.0214082 0.0176647 0.0142704 0.0113547 0.00894042 0.00698308 0.00540999
 1.01813e-16 2.19815e-05 0.000128975 0.000613008 0.00235998 0.00735925 0.0185892 0.0380382 0.0630611 0.0847152 0.0922551 0.0815376 0.0587207 0.034983 0.0183109 0.0103373 0.00879069 0.0109361 0.0150491 0.02025 0.0259609 0.0315956 0.0365104 0.0400936 0.0418957 0.0417308 0.0397161 0.0362283 0.031801 0.0269954 0.0222889 0.018009 0.0143213 0.0112586 0.00876974 0.00676735
 1.01855e-16 2.6321e-05 0.000154461 0.000734194 0.00282661 0.00881445 0.0222648 0.0455579 0.0755221 0.101439 0.110423 0.0974914 0.0699845 0.0412411 0.0207588 0.0104133 0.00740471 0.00840371 0.0113441 0.0152507 0.0196013 0.0239441 0.027801 0.0307167 0.0323491 0.0325443 0.0313662 0.0290671 0.0260149 0.0226023 0.0191678 0.0159492 0.0130758 0.0105881 0.00847117 0.00668619
 1.01738e-16 2.20835e-05 0.000129573 0.00061585 0.00237092 0.00739337 0.0186754 0.0382146 0.0633537 0.0851085 0.0926843 0.0819191 0.0590001 0.0351587 0.0184194 0.010424 0.00889075 0.0110716 0.0152316 0.0204822 0.0262355 0.0318939 0.0368023 0.0403409 0.0420571 0.0417698 0.0396081 0.0359663 0.0313975 0.0264803 0.021704 0.0174008 0.0137334 0.0107261 0.00831575 0.00640229
 1.03887e-16 4.26558e-06 2.49401e-05 0.000118354 0.000455333 0.00141962 0.00358658 0.00734398 0.0121938 0.0164375 0.0180495 0.016307 0.0125155 0.00900499 0.0075514 0.00875167 0.0124499 0.0183248 0.0260784 0.0353161 0.0453957 0.0553967 0.0642282 0.0708334 0.0744215 0.0746451 0.0716684 0.0660976 0.0588097 0.0507366 0.0426788 0.0351958 0.0285862 0.0229345 0.018191 0.0142474
pSPR Fmed_Fpbrs
0.340396   0.411735 0.411735
Fs Fmed_Fpbrs
1.42438   1.005 1.005
SSBpbr Bo_Bmed_Bpbrs
814726  236593  294715 294715
Ro
19148.9
SPR SPRFo_SPRFmed_SPRFpbrs
393755 134033 162123
log_Ro
9.68
likeval ReclasPelacesDesembMPH_pf_preclas_ppelaces_ptallas_desvR_qrecl_qpela
 70.6226 13.6011 0.217877 0.000160043 354.475 194.616 83.6426 0 35.2564 0.000115772 0.00059055 0 0 0 0
q_reclas_q_pelaces
4.59378 31.7322
M
0.7
N
 13545.2 33655.5 11784.3 1543.21 0.12599
 25068.2 6583.92 13727.6 4497.12 587.334
 2486.02 12034.3 2395.31 4495.35 1657.67
 5915.47 1092.48 1942.61 264.379 668.353
 38724.8 2712.95 261.126 362.568 172.258
 14135.9 18818.7 1104.26 99.3711 202.951
 64012.1 6108.03 2600.95 99.0152 26.6132
 56673.2 27928.1 922.734 262.704 12.4761
 63515.2 24431.1 3778.22 80.4021 23.541
 112041 26643 2571.37 235.271 6.33141
 70726.3 49585.9 4589.74 309.614 28.6592
 48288.5 29943.2 5681.41 320.202 23.1148
 54561.3 20902.3 4206.88 520.733 30.9099
 29527.1 21552.7 1266.37 125.096 15.9229
 12271 9846.18 275.099 4.6843 0.495268
 9173.58 4091.91 125.677 1.01759 0.0181915
 7241.75 3738.96 330.582 5.493 0.0441251
 9043.21 2985.44 335.454 16.6252 0.271818
 7444.15 3897.52 403.026 29.1468 1.44138
 8751.24 3351.56 786.104 59.9305 4.49094
 15140.4 3794.69 478.466 73.6093 5.92685
 17801.8 6991.05 965.486 97.0892 15.9873
 29333.9 8169.45 1680.81 181.616 21.053
 28587.1 13185.9 1623.73 245.079 29.1703
 2684.33 12836.9 2596.03 233.769 38.97
pred_Ctot
 206.526 4372.48 1991.98 263.302 0.0215026
 601.053 1288.82 3443.35 1137.88 148.65
 207.158 6218.18 1454.1 2743.38 1011.79
 326.747 424.742 921.13 126.206 319.116
 596.684 355.906 44.5581 62.4468 29.6773
 1330.94 10481.2 713.462 64.5125 131.777
 5631.18 3264.83 1624.31 62.1494 16.7071
 5419.81 15699 600.709 171.834 8.16182
 7162.22 15063.2 2649.64 56.6155 16.5786
 8822.99 13275.6 1513.84 139.273 3.74863
 7568.79 29718.9 3147.08 213.207 19.7379
 4491.68 16556.9 3649 206.654 14.9202
 8131.95 14733.5 3269 405.848 24.0927
 7136.49 17862.4 1103.97 109.216 13.9023
 2965.81 8160.28 239.819 4.08967 0.432418
 1196.01 2714.82 93.3074 0.758145 0.0135548
 893.981 2415.38 240.454 4.01026 0.032218
 866.149 1679.7 218.545 10.8824 0.177952
 502.616 1751.02 217.078 15.7943 0.781211
 804.313 1839.92 501.904 38.4514 2.88182
 767.106 1382.28 213.997 33.1528 2.66997
 975.699 2702.34 455.447 46.1095 7.59424
 2011.43 3709.76 913.773 99.3284 11.5163
 1979.64 6028.51 887.946 134.824 16.0503
 227.29 6700.23 1589.36 143.867 23.9869
F
 0.0214024 0.196764 0.26333 0.266107 0.266194
 0.0338408 0.311118 0.416369 0.420761 0.420898
 0.12223 1.12373 1.50389 1.51975 1.52024
 0.0795345 0.731207 0.978575 0.988896 0.989218
 0.0216308 0.198864 0.26614 0.268947 0.269035
 0.139116 1.27897 1.71165 1.72971 1.73027
 0.12944 1.19002 1.5926 1.6094 1.60992
 0.141444 1.30038 1.7403 1.75866 1.75923
 0.16875 1.55142 2.07627 2.09817 2.09885
 0.115157 1.0587 1.41687 1.43181 1.43228
 0.159514 1.46651 1.96263 1.98333 1.98397
 0.137333 1.26258 1.68972 1.70754 1.70809
 0.228824 2.10371 2.81539 2.84509 2.84602
 0.398227 3.66113 4.89969 4.95137 4.95298
 0.398227 3.66113 4.89969 4.95137 4.95298
 0.19752 1.81591 2.43024 2.45587 2.45667
 0.186117 1.71108 2.28994 2.31409 2.31484
 0.141675 1.3025 1.74314 1.76152 1.7621
 0.0980038 0.901006 1.20582 1.21853 1.21893
 0.135594 1.24659 1.66832 1.68591 1.68646
 0.0727383 0.668726 0.894956 0.904395 0.90469
 0.0788976 0.725352 0.970739 0.980978 0.981297
 0.0995997 0.915678 1.22545 1.23838 1.23878
 0.100631 0.925161 1.23814 1.2512 1.25161
 0.124312 1.14288 1.52951 1.54564 1.54615
YTP_r0W_actual
 2545.64 147405 52448.8 5912.95 1026.64
YTP_p0W_proyectada
 6391.31 9905.82 30380.3 5481.04 613.708
 6391.31 51673.7 4156.19 7330.89 1345.92
CTP_r0_actual
 227.29 6700.23 1589.36 143.867 23.9869
CTP_p0_proyectada
 751.919 462.889 973.729 134.669 13.198
 751.919 2414.66 133.211 180.12 28.9446
Wmedp
 8.5 21.4 31.2 40.7 46.5
nmprior
 10.6 11 7 0
nm_flota  nm_reclas  nm_pelaces    nm_pelaL
inf 20.8138 8.30361 15.6692
cv_recla  cv_pelaces  cv_mph
0.760145 0.418176 0.410447
 ------------------------------------------------
Talla a la edad & desviaci?n 
 7.2 14.2025 17.0495 18.207 18.6776
 1.08 2.13037 2.55742 2.73105 2.80164
