years
 1997 1998 1999 2000 2001 2002 2003 2004 2005 2006 2007 2008 2009 2010 2011 2012 2013 2014 2015 2016 2017 2018 2019 2020 2021
reclasobs
 0 0 0 370054 412103 1.49427e+06 250295 1.28982e+06 931140 785840 897777 1.04006e+06 184774 17550 25797 100020 73551 82996 120727 218422 84188 347160 605670 569463 516374
reclaspred
 1.19991e+06 315127 1.00494e+06 615533 706157 894526 1.81945e+06 1.27398e+06 1.42305e+06 1.34461e+06 1.15577e+06 784348 457509 212249 146039 151938 193589 285400 324941 434638 660773 656393 1.1246e+06 1.42066e+06 2.09383e+06
pelacesobs
 0 0 0 0 0 0 0 0 0 2.06254e+06 1.5e+06 0 1.87456e+06 323000 250000 174000 83755 137374 0 501740 490994 745055 786931 1.00524e+06 1.33801e+06
pelacespred
 816507 306214 374433 443343 432719 442595 924663 876024 832193 819302 608805 425153 243197 91243.8 62889.3 74573.2 99604.6 148379 178653 230475 381575 396230 514551 774022 1.11868e+06
mphobs
 0 0 0 0 0 112323 0 153150 637223 0 255016 313432 73983 77613 109348 50772 0 0 0 0 0 0 0 0 0
mphpred
 811731 532909 573401 664420 573095 770801 1.12527e+06 1.39061e+06 1.21984e+06 1.25717e+06 1.18433e+06 826421 511035 270658 132953 123079 148195 214979 278821 325917 491556 612156 765693 1.0947e+06 1.6163e+06
desembarqueobs
 350755 77701 442110 56441 14545 235359 269955 359681 431902 328805 639364 411747 362871 311530 167758 66681 60226 58785 57116 73181 50977 67692 138656 160484 209506
desembarquepred
 350796 77718.3 442359 56449.1 14545.5 235480 270021 359771 432027 328878 639904 412201 363344 312129 167856 66712 60260 58798.5 57122.8 73189.6 50980.4 67694 138670 160501 209516
Reclutas
 66416.9 63576.4 38474.5 43605.4 72444.9 62266.6 105952 100411 125810 121947 71459.1 43928.1 45652.5 29148.5 20973.9 19627.1 17471.5 19958 22127.2 37860.3 53745.2 63385.8 103800 137669 105302
log_desv_Rt
 0.223707 0.179997 -0.322248 -0.197064 0.310582 0.15918 0.690744 0.63703 0.862526 0.831338 0.29688 -0.189691 -0.151187 -0.599842 -0.928966 -0.995334 -1.11168 -0.978616 -0.875438 -0.338342 0.0120096 0.176996 0.670222 0.952607 0.684589
SSB
 811731 532909 573401 664420 573095 770801 1.12527e+06 1.39061e+06 1.21984e+06 1.25717e+06 1.18433e+06 826421 511035 270658 132953 123079 148195 214979 278821 325917 491556 612156 765693 1.0947e+06 1.6163e+06
BT
 2.75803e+06 718516 1.17874e+06 977457 977048 1.05991e+06 2.53948e+06 2.31255e+06 2.36775e+06 2.12684e+06 1.86648e+06 1.26678e+06 894945 493893 299915 225361 282946 385102 422312 584598 939549 861040 1.18866e+06 1.84426e+06 2.57748e+06
Ftot
 0.281999 0.238406 0.419415 0.0894184 0.0201631 0.253875 0.144294 0.272321 0.292459 0.236398 0.522714 0.497045 0.736223 1.28164 1.04032 0.419134 0.299764 0.199616 0.170566 0.163538 0.075306 0.100491 0.120016 0.110049 0.097519
BD_Bspro_t
 0.962149 0.791774 0.726116 0.588324 0.672763 0.785749 0.743881 0.760622 0.706099 0.668058 0.629662 0.469526 0.359952 0.256917 0.158645 0.173076 0.261609 0.418225 0.54203 0.63843 0.745536 0.827213 0.835913 0.841172 0.853028
BD_Bspro
 0.743371 0.48803 0.525111 0.608466 0.524831 0.705887 1.03051 1.2735 1.11711 1.15129 1.08459 0.756824 0.467998 0.247865 0.121756 0.112714 0.135714 0.196875 0.25534 0.29847 0.45016 0.560603 0.70121 1.00251 1.48018
BD_Bo
 0.701408 0.460481 0.495469 0.574118 0.495205 0.66604 0.972335 1.20161 1.05405 1.0863 1.02337 0.714101 0.441579 0.233873 0.114883 0.106351 0.128053 0.185761 0.240926 0.281621 0.424748 0.528957 0.661626 0.94592 1.39663
BD_Brms
 3.4116 2.23975 2.40993 2.79247 2.40864 3.23957 4.72937 5.84457 5.12682 5.2837 4.9776 3.47334 2.14781 1.13754 0.558784 0.517284 0.622842 0.903529 1.17185 1.36979 2.06595 2.57281 3.21811 4.60089 6.79309
S_f
 0.5 1 1 1 1
 0.5 1 1 1 1
 0.5 1 1 1 1
 0.5 1 1 1 1
 0.5 1 1 1 1
 0.5 1 1 1 1
 0.5 1 1 1 1
 0.5 1 1 1 1
 0.5 1 1 1 1
 0.5 1 1 1 1
 0.5 1 1 1 1
 0.5 1 1 1 1
 0.5 1 1 1 1
 0.5 1 1 1 1
 0.5 1 1 1 1
 0.5 1 1 1 1
 0.5 1 1 1 1
 0.5 1 1 1 1
 0.5 1 1 1 1
 0.5 1 1 1 1
 0.5 1 1 1 1
 0.5 1 1 1 1
 0.5 1 1 1 1
 0.5 1 1 1 1
 0.5 1 1 1 1
Scru_reclas
 0.5 1 1 1 1
 0.5 1 1 1 1
 0.5 1 1 1 1
 0.5 1 1 1 1
 0.5 1 1 1 1
 0.5 1 1 1 1
 0.5 1 1 1 1
 0.5 1 1 1 1
 0.5 1 1 1 1
 0.5 1 1 1 1
 0.5 1 1 1 1
 0.5 1 1 1 1
 0.5 1 1 1 1
 0.5 1 1 1 1
 0.5 1 1 1 1
 0.5 1 1 1 1
 0.5 1 1 1 1
 0.5 1 1 1 1
 0.5 1 1 1 1
 0.5 1 1 1 1
 0.5 1 1 1 1
 0.5 1 1 1 1
 0.5 1 1 1 1
 0.5 1 1 1 1
 0.5 1 1 1 1
Scru_pelaces
 0.5 1 1 1 1
 0.5 1 1 1 1
 0.5 1 1 1 1
 0.5 1 1 1 1
 0.5 1 1 1 1
 0.5 1 1 1 1
 0.5 1 1 1 1
 0.5 1 1 1 1
 0.5 1 1 1 1
 0.5 1 1 1 1
 0.5 1 1 1 1
 0.5 1 1 1 1
 0.5 1 1 1 1
 0.5 1 1 1 1
 0.5 1 1 1 1
 0.5 1 1 1 1
 0.5 1 1 1 1
 0.5 1 1 1 1
 0.5 1 1 1 1
 0.5 1 1 1 1
 0.5 1 1 1 1
 0.5 1 1 1 1
 0.5 1 1 1 1
 0.5 1 1 1 1
 0.5 1 1 1 1
pf_obs 
 0.256992 0.487395 0.22802 0.0275931 0
 0.321318 0.546541 0.124235 0.00734118 0.000564706
 0.182869 0.594174 0.210203 0.0122559 0.00049798
 0.330522 0.361315 0.267642 0.0388342 0.00168674
 0.649043 0.306663 0.0425973 0.00169635 0
 0.582887 0.30429 0.105238 0.00758474 0
 0.465427 0.430635 0.0974691 0.00646863 0
 0.296916 0.608066 0.0921331 0.00288517 0
 0.311714 0.524322 0.152257 0.0117073 0
 0.15457 0.633149 0.183074 0.0267441 0.00246327
 0.131901 0.49318 0.331252 0.0422183 0.00144891
 0.196976 0.569456 0.194076 0.0375587 0.00193317
 0.518974 0.381816 0.0799577 0.0180837 0.00116848
 0.0928022 0.601141 0.25162 0.0475244 0.00691264
 0.122501 0.610282 0.24278 0.0234846 0.000952079
 0.383417 0.481906 0.127806 0.00687128 0
 0.0376549 0.599619 0.316969 0.0457579 0
 0.0361596 0.667082 0.258105 0.0386534 0
 0.158088 0.579412 0.248529 0.0139706 0
 0.0477256 0.309471 0.559284 0.082774 0.000745712
 0.0406174 0.521527 0.379366 0.0568643 0.0016247
 0.151134 0.462217 0.34131 0.0453401 0
 0.294876 0.26143 0.354403 0.0886775 0.000613685
 0.281977 0.475581 0.204845 0.0348837 0.00271318
 0.0841818 0.532909 0.334909 0.0458182 0.00218182
pf_pred 
 0.589603 0.293762 0.10468 0.0119493 5.83222e-06
 0.469236 0.401811 0.0923042 0.032892 0.00375647
 0.328959 0.439087 0.175599 0.0403388 0.0160161
 0.429982 0.299608 0.17694 0.0707616 0.0227094
 0.516267 0.293821 0.0998201 0.0589509 0.0311417
 0.386337 0.418637 0.118459 0.0402443 0.0363224
 0.535842 0.266992 0.134505 0.0380601 0.0246003
 0.434277 0.399589 0.0955633 0.0481428 0.0224278
 0.489779 0.318422 0.135474 0.0323992 0.0239258
 0.445521 0.374946 0.112044 0.0476699 0.0198193
 0.318543 0.430869 0.169451 0.0506367 0.0305007
 0.317204 0.356183 0.206509 0.0812154 0.038888
 0.445958 0.287066 0.139269 0.080746 0.0469609
 0.439788 0.37403 0.0964666 0.0468003 0.042915
 0.540602 0.322445 0.0914377 0.0235829 0.0219324
 0.569439 0.329191 0.0711497 0.0201764 0.0100433
 0.468796 0.398034 0.101817 0.0220062 0.00934677
 0.478563 0.343118 0.133615 0.0341788 0.0105248
 0.457966 0.357857 0.121193 0.0471944 0.0157898
 0.554152 0.285107 0.106123 0.0359399 0.018678
 0.532566 0.337734 0.0829395 0.0308718 0.0158887
 0.468534 0.371745 0.115403 0.0283403 0.015978
 0.534275 0.300213 0.11577 0.0359394 0.0138018
 0.505406 0.347984 0.0945072 0.0364445 0.0156585
 0.360526 0.433736 0.144752 0.0393124 0.0216734
pobs_RECLAS
 0 0 0 0 0
 0 0 0 0 0
 0 0 0 0 0
 0 0 0 0 0
 0.835266 0.146461 0.0176864 0.000547809 3.91292e-05
 0.385257 0.428462 0.181853 0.0044286 0
 0.867414 0.0963971 0.0333333 0.00285562 0
 0.441836 0.489002 0.0689373 0.000224442 0
 0.779404 0.147425 0.0564933 0.0165055 0.000172143
 0.814271 0.122319 0.05973 0.00367925 0
 0.40263 0.566651 0.0304383 0.000280538 0
 0.475488 0.404961 0.113038 0.00651328 0
 0.955842 0.0263864 0.0167828 0.000988607 0
 0.975058 0.0227948 0.00214734 0 0
 0.738997 0.206755 0.0527124 0.00153531 0
 0.850938 0.134255 0.0134407 0.00136685 0
 0.542534 0.407297 0.0501686 0 0
 0.764087 0.199537 0.0359546 0.000420521 0
 0.470689 0.182191 0.310203 0.0369168 0
 0.84361 0.089868 0.0606195 0.00523954 0.000663233
 0.607945 0.314616 0.071237 0.00620181 0
 0.523733 0.453247 0.0230204 0 0
 0.530135 0.295979 0.169645 0.0042399 0
 0.562478 0.366248 0.0663022 0.0049721 0
 0.250443 0.683176 0.0655157 0.000865301 0
ppred_RECLAS
 0.592157 0.291934 0.104029 0.0118749 5.79593e-06
 0.471383 0.400186 0.0919308 0.0327589 0.00374127
 0.332818 0.436562 0.17459 0.0401068 0.015924
 0.430676 0.299243 0.176724 0.0706755 0.0226818
 0.516415 0.29373 0.0997894 0.0589327 0.0311321
 0.388543 0.417132 0.118033 0.0400996 0.0361918
 0.537038 0.266305 0.134159 0.037962 0.024537
 0.436765 0.397832 0.095143 0.0479311 0.0223291
 0.49254 0.316699 0.134741 0.0322239 0.0237964
 0.447629 0.37352 0.111618 0.0474887 0.019744
 0.323626 0.427655 0.168187 0.050259 0.0302732
 0.321944 0.35371 0.205076 0.0806517 0.0386181
 0.455222 0.282266 0.13694 0.0793958 0.0461757
 0.460766 0.360024 0.0928544 0.0450478 0.041308
 0.555925 0.31169 0.0883878 0.0227962 0.0212008
 0.573704 0.325931 0.070445 0.0199765 0.00994378
 0.471633 0.395908 0.101273 0.0218887 0.00929685
 0.480306 0.341971 0.133169 0.0340646 0.0104897
 0.459411 0.356903 0.12087 0.0470686 0.0157477
 0.555521 0.284232 0.105797 0.0358295 0.0186207
 0.533152 0.337311 0.0828356 0.0308331 0.0158688
 0.469334 0.371185 0.11523 0.0282977 0.0159539
 0.535248 0.299586 0.115528 0.0358643 0.013773
 0.506294 0.347359 0.0943375 0.0363791 0.0156304
 0.361244 0.43325 0.144589 0.0392683 0.0216491
pobs_PELACES
 0 0 0 0 0
 0 0 0 0 0
 0 0 0 0 0
 0 0 0 0 0
 0 0 0 0 0
 0 0 0 0 0
 0 0 0 0 0
 0 0 0 0 0
 0 0 0 0 0
 0 0 0 0 0
 0.450072 0.473896 0.0757376 0.000293798 0
 0 0 0 0 0
 0.463077 0.371075 0.160297 0.00555027 0
 0.529543 0.364841 0.0842815 0.0213345 0
 0.631943 0.363953 0.00410389 0 0
 0.735681 0.248677 0.0153453 0.000297389 0
 0.695825 0.281241 0.0229344 0 0
 0.275771 0.60734 0.115278 0.00161068 0
 0 0 0 0 0
 0.896147 0.0623911 0.0374545 0.00400742 0
 0.803859 0.145111 0.0509908 3.86294e-05 0
 0.739449 0.233085 0.0266225 0.000797448 4.60066e-05
 0.878498 0.100942 0.0204185 0.000141795 0
 0.694673 0.275183 0.0284847 0.00165964 0
 0.469039 0.446079 0.0841089 0.000773354 0
ppred_PELACES
 0.603344 0.283926 0.101175 0.0115492 5.63694e-06
 0.481195 0.392758 0.0902245 0.0321509 0.00367183
 0.348358 0.426393 0.170523 0.0391726 0.0155531
 0.434297 0.29734 0.1756 0.0702259 0.0225375
 0.517246 0.293226 0.0996179 0.0588315 0.0310786
 0.39854 0.410312 0.116103 0.039444 0.0356001
 0.542952 0.262903 0.132445 0.0374771 0.0242235
 0.447848 0.390003 0.0932708 0.0469879 0.0218897
 0.504603 0.30917 0.131538 0.0314579 0.0232307
 0.457292 0.366986 0.109666 0.0466579 0.0193986
 0.342785 0.415541 0.163423 0.0488354 0.0294157
 0.340102 0.344238 0.199584 0.0784919 0.0375839
 0.485475 0.266591 0.129335 0.0749867 0.0436114
 0.513549 0.324783 0.0837653 0.0406383 0.0372646
 0.597797 0.282301 0.0800537 0.0206468 0.0192018
 0.590525 0.31307 0.0676653 0.0191883 0.00955141
 0.483973 0.386661 0.0989081 0.0213775 0.00907971
 0.488532 0.336558 0.131061 0.0335254 0.0103236
 0.466408 0.352283 0.119305 0.0464594 0.0155439
 0.562173 0.279978 0.104213 0.0352932 0.018342
 0.536243 0.335077 0.0822871 0.0306289 0.0157637
 0.473466 0.368295 0.114332 0.0280773 0.0158297
 0.540171 0.296413 0.114305 0.0354845 0.0136271
 0.510832 0.344166 0.0934704 0.0360447 0.0154868
 0.364965 0.430726 0.143747 0.0390395 0.021523
pobs_pel_tallas
 0 0 0 0 0 0 0 0 0 0 0 0 0 0 0 0 0 0 0 0 0 0 0 0 0 0 0 0 0 0 0 0 0 0 0 0
 0 0 0 0 0 0 0 0 0 0 0 0 0 0 0 0 0 0 0 0 0 0 0 0 0 0 0 0 0 0 0 0 0 0 0 0
 0 0 0 0 0 0 0 0 0 0 0 0 0 0 0 0 0 0 0 0 0 0 0 0 0 0 0 0 0 0 0 0 0 0 0 0
 0 0 0 0 0 0 0 0 0 0 0 0 0 0 0 0 0 0 0 0 0 0 0 0 0 0 0 0 0 0 0 0 0 0 0 0
 0 0 0 0 0 0 0 0 0 0 0 0 0 0 0 0 0 0 0 0 0 0 0 0 0 0 0 0 0 0 0 0 0 0 0 0
 0 0 0 0 0 0 0 0 0 0 0 0 0 0 0 0 0 0 0 0 0 0 0 0 0 0 0 0 0 0 0 0 0 0 0 0
 0 0 0 0 0 0 0 0 0 0 0 0 0 0 0 0 0 0 0 0 0 0 0 0 0 0 0 0 0 0 0 0 0 0 0 0
 0 0 0 0 0 0 0 0 0 0 0 0 0 0 0 0 0 0 0 0 0 0 0 0 0 0 0 0 0 0 0 0 0 0 0 0
 0 0 0 0 0 0 0 0 0 0 0 0 0 0 0 0 0 0 0 0 0 0 0 0 0 0 0 0 0 0 0 0 0 0 0 0
 0 0 0 0 0 0 0 0 0 0 0 0 0 0 0 0 0 0 0 0 0 0 0 0 0 0 0 0 0 0 0 0 0 0 0 0
 0 0 0 0 0 0 0 0 1.78061e-05 0.00172719 0.00360574 0.0105946 0.0120993 0.0124554 0.0147524 0.0171206 0.0266825 0.0428682 0.0675386 0.121331 0.153587 0.119568 0.100827 0.0573624 0.0630603 0.0341343 0.0324427 0.0444173 0.0211091 0.0280891 0.0125444 0.00206551 0 0 0 0
 0 0 0 0 0 0 0 0 0 0 0 0 0 0 0 0 0 0 0 0 0 0 0 0 0 0 0 0 0 0 0 0 0 0 0 0
 0 0 0 0 0 0 0.0133647 0.0140871 0.0187388 0.0205184 0.03894 0.0496705 0.03968 0.0493445 0.0407372 0.0367815 0.0215668 0.0243155 0.0234873 0.0199281 0.019796 0.0243948 0.0301388 0.0376714 0.0412746 0.0863199 0.0771752 0.113111 0.0741005 0.0525337 0.0229764 0.00759418 0.00175318 0 0 0
 0 0 0 0 0 0 0 0 0 0 0.00219441 0.00772107 0.0458388 0.0604681 0.0671733 0.0775358 0.0609151 0.0617685 0.073594 0.0568108 0.0755445 0.0548602 0.0670107 0.0636378 0.0643287 0.046367 0.0373049 0.0286899 0.0247887 0.0153202 0.00654259 0.00121912 0.000365735 0 0 0
 0 0 0 0 0 0 0 0 0 0 0 0 0.000112435 0.00938835 0.0111873 0.0202946 0.0414886 0.0713402 0.111592 0.104902 0.108894 0.110636 0.117776 0.105296 0.107544 0.0401394 0.0192827 0.0124803 0.00416011 0.0028671 0.000618394 0 0 0 0 0
 0 0 0 0 0 0 0 0 0 0 0.00291406 0.0102884 0.027416 0.0768956 0.0749926 0.110853 0.0956884 0.0897413 0.0766577 0.0534642 0.0500743 0.0551293 0.0594112 0.0620874 0.0668451 0.0424026 0.0208742 0.0120726 0.0048766 0.00582813 0.00118941 0.000297354 0 0 0 0
 0 0.00264628 0.0354308 0.0461629 0.0458689 0.0383711 0.0214643 0.0164657 0.0346957 0.0420465 0.0363128 0.0245516 0.0311673 0.0291091 0.0169068 0.0133784 0.00837989 0.0085269 0.0148486 0.0160247 0.0276389 0.0546898 0.0760071 0.122758 0.109233 0.0665981 0.0333725 0.0166128 0.00676272 0.00308733 0.000882094 0 0 0 0 0
 0 0 0 0 0 0 0 0.000805153 0.000690131 0.00759144 0.0133425 0.0154129 0.00931677 0.000345066 0.00356568 0.00563607 0.00851162 0.0253048 0.0502646 0.0516448 0.0657925 0.0565908 0.0611916 0.0827007 0.0866115 0.110766 0.145733 0.0935128 0.0569358 0.0249597 0.0138026 0.00621118 0.00161031 0.00115022 0 0
 0 0 0 0 0 0 0 0 0 0 0 0 0 0 0 0 0 0 0 0 0 0 0 0 0 0 0 0 0 0 0 0 0 0 0 0
 0.00147267 0.00158595 0.00478618 0.00569244 0.00954404 0.0108468 0.00647125 0.017049 0.0510054 0.094081 0.124002 0.0959785 0.0687766 0.0820023 0.061753 0.0591476 0.0492212 0.0479892 0.0443925 0.0268479 0.0217502 0.0140895 0.0121071 0.0120363 0.00920419 0.00665534 0.0049561 0.00860946 0.00930331 0.0156896 0.0114698 0.00855282 0.00243557 0.00046729 0 2.83206e-05
 0 0 0 0 0.000772559 0.00158375 0.000888443 0.00281984 0.00712685 0.0440552 0.0773331 0.111326 0.0921469 0.0852325 0.0710754 0.0886704 0.0786465 0.0553345 0.0373146 0.0185414 0.00753245 0.00457741 0.012979 0.0271748 0.0457355 0.0583668 0.034881 0.0177882 0.00938659 0.00492506 0.0015258 0.00185414 0.000309023 5.79419e-05 3.86279e-05 0
 0 0.00173294 0.00326652 0 0.00397197 0.00683976 0.00946217 0.0152591 0.00757587 0.0136028 0.0228656 0.0392903 0.0559909 0.0764795 0.0681675 0.0726916 0.0566044 0.0477403 0.0527397 0.0444891 0.0609904 0.0582453 0.0661739 0.0445044 0.0529084 0.0360697 0.0280645 0.0235558 0.0158879 0.00826598 0.00280645 0.00217768 0.000904811 0.00058276 9.20147e-05 0
 0 0 0 0 0 0 0 0 0 0 0 0 0 0 0 0 0 0 0 0 0 0 0 0 0 0 0 0 0 0 0 0 0 0 0 0
 0 0 0 0 0 0 0 0 0 0 0 0 0 0 0 0 0 0 0 0 0 0 0 0 0 0 0 0 0 0 0 0 0 0 0 0
 0 0 0 0 0 0 0 0 0 0 0 0 0 0 0 0 0 0 0 0 0 0 0 0 0 0 0 0 0 0 0 0 0 0 0 0
ppred_pel_tallas
 1.01926e-16 2.6333e-05 0.000154533 0.000734535 0.00282792 0.00881855 0.0222751 0.0455791 0.0755569 0.101484 0.110471 0.0975293 0.0700017 0.0412313 0.0207173 0.0103332 0.00727532 0.00821198 0.0110783 0.0149052 0.0191812 0.0234684 0.027304 0.0302442 0.0319527 0.0322722 0.0312542 0.0291312 0.0262488 0.0229789 0.0196448 0.0164774 0.0136074 0.0110831 0.00890175 0.00703758
 1.02686e-16 2.10111e-05 0.000123278 0.000585927 0.00225571 0.0070341 0.0177679 0.0363577 0.0602756 0.0809746 0.0881851 0.0779491 0.0561554 0.0334929 0.0176014 0.0100496 0.00867447 0.0108701 0.0149932 0.0202035 0.0259433 0.0316404 0.0366633 0.0404097 0.0424331 0.0425432 0.0408435 0.0376894 0.0335879 0.0290718 0.0245926 0.0204582 0.0168234 0.0137198 0.0111044 0.00890539
 1.04633e-16 1.52203e-05 8.92779e-05 0.000424276 0.0016333 0.00509313 0.0128652 0.0263268 0.0436505 0.0586544 0.0639144 0.0565838 0.0409557 0.0248135 0.0137492 0.0089722 0.00899363 0.0119893 0.0167954 0.0227707 0.0294063 0.0361143 0.0422178 0.0470545 0.0501129 0.0511409 0.0501889 0.047571 0.0437649 0.0392871 0.0345862 0.029982 0.0256576 0.0216885 0.0180883 0.0148486
 1.06056e-16 1.89624e-05 0.000111259 0.000528804 0.0020358 0.00634835 0.0160356 0.0328128 0.0543973 0.0730739 0.0795711 0.0703116 0.0506027 0.0300811 0.0156296 0.00865208 0.00719126 0.00890372 0.0123376 0.0167944 0.0218587 0.0271215 0.0321192 0.0363871 0.0395473 0.041381 0.0418594 0.0411218 0.0394144 0.0370152 0.034171 0.0310653 0.027819 0.0245106 0.0212039 0.0179664
 1.04984e-16 2.2579e-05 0.000132493 0.000629753 0.00242449 0.00756044 0.0190973 0.039077 0.06478 0.0870145 0.0947333 0.0836667 0.060121 0.035551 0.0181229 0.00946999 0.00721786 0.00853547 0.0116667 0.0157761 0.0203978 0.0251069 0.0294423 0.0329572 0.0353077 0.036324 0.0360383 0.0346553 0.0324837 0.0298499 0.027028 0.024202 0.0214652 0.0188461 0.0163429 0.0139531
 1.04801e-16 1.74077e-05 0.000102122 0.000485341 0.00186842 0.00582635 0.0147173 0.0301161 0.0499306 0.0670853 0.073081 0.0646503 0.0466883 0.0280746 0.0151726 0.00932489 0.00878509 0.011431 0.0159161 0.0215244 0.0277318 0.0339634 0.0395696 0.043924 0.0465541 0.0472449 0.0460778 0.0433879 0.0396627 0.0354157 0.0310798 0.0269476 0.0231654 0.019767 0.0167232 0.0139877
 1.04386e-16 2.36988e-05 0.000139069 0.000661024 0.0025449 0.00793595 0.0200457 0.0410174 0.0679954 0.0913297 0.0994209 0.0877823 0.0630252 0.0371616 0.0187477 0.00947939 0.00684695 0.00786761 0.0107 0.014488 0.0187845 0.023203 0.0273262 0.0307443 0.0331325 0.0343153 0.0342939 0.0332238 0.0313577 0.0289737 0.0263152 0.0235583 0.0208101 0.018127 0.0155411 0.0130809
 1.04089e-16 1.95569e-05 0.000114741 0.00054534 0.00209944 0.00654679 0.016537 0.0338392 0.0561011 0.0753689 0.0820869 0.0725743 0.0523173 0.0312721 0.01656 0.00965432 0.00855652 0.0108535 0.015023 0.0202806 0.0260934 0.0319043 0.0370936 0.0410672 0.0433816 0.0438418 0.0425377 0.0398029 0.0361156 0.0319768 0.0278069 0.0238876 0.0203558 0.017236 0.0144894 0.0120587
 1.04135e-16 2.20285e-05 0.000129259 0.000614375 0.00236527 0.00737578 0.0186308 0.0381228 0.0631989 0.084893 0.0924295 0.0816463 0.0587001 0.0347734 0.0178421 0.00951151 0.00747708 0.00898604 0.0123275 0.0166783 0.0215626 0.0265322 0.0310949 0.0347706 0.0371864 0.0381533 0.0376977 0.0360336 0.0334912 0.0304283 0.027155 0.0238917 0.0207649 0.0178293 0.0151007 0.0125837
 1.04186e-16 1.99678e-05 0.000117156 0.000556823 0.00214366 0.00668469 0.0168853 0.0345517 0.0572814 0.076952 0.083804 0.0740758 0.0533634 0.031825 0.0167211 0.00954403 0.00824165 0.0103437 0.0142987 0.0193226 0.0249034 0.0305167 0.0355796 0.0395297 0.0419411 0.0426166 0.041623 0.0392535 0.0359383 0.0321327 0.0282226 0.0244714 0.0210151 0.0178908 0.0150808 0.0125521
 1.05508e-16 1.49768e-05 8.78494e-05 0.000417487 0.00160717 0.00501163 0.0126594 0.0259055 0.0429519 0.0577153 0.0628905 0.0556755 0.0402944 0.0244054 0.0135097 0.00879676 0.00880096 0.0117281 0.0164355 0.0222973 0.0288207 0.0354374 0.0414927 0.0463448 0.0494973 0.0507035 0.0500073 0.0477052 0.0442489 0.0401247 0.0357508 0.0314211 0.0272995 0.0234509 0.0198865 0.0166035
 1.07399e-16 1.4857e-05 8.71523e-05 0.000414188 0.00159449 0.00497211 0.0125595 0.0257006 0.0426103 0.0572508 0.0623699 0.0551804 0.039862 0.0239962 0.0130202 0.00809029 0.0077328 0.01016 0.0142536 0.0194395 0.0253099 0.0314095 0.0372066 0.0421657 0.0458517 0.0480133 0.0486187 0.047829 0.0459279 0.0432334 0.0400257 0.0365106 0.0328206 0.0290402 0.0252382 0.0214903
 1.06538e-16 2.11926e-05 0.000124356 0.000591074 0.00227557 0.00709606 0.0179243 0.0366768 0.0608009 0.0816695 0.0889136 0.0785257 0.0564244 0.0333609 0.0170002 0.00887713 0.00676748 0.00802225 0.0110064 0.0149548 0.0194535 0.0241288 0.0285695 0.0323683 0.0351986 0.0368776 0.0373921 0.0368752 0.0355492 0.0336557 0.031399 0.0289189 0.0262944 0.0235671 0.0207701 0.0179493
 1.04433e-16 2.2419e-05 0.000131551 0.000625268 0.00240721 0.00750656 0.0189612 0.0387988 0.0643198 0.0863991 0.0940706 0.0830988 0.0597507 0.0354077 0.0181887 0.00972736 0.00767723 0.00923248 0.0126436 0.0170602 0.0219816 0.0269347 0.0314049 0.0348997 0.0370485 0.037684 0.0368713 0.0348738 0.0320721 0.028864 0.0255806 0.0224408 0.0195479 0.0169184 0.0145233 0.012325
 1.02836e-16 2.6091e-05 0.000153112 0.000727781 0.00280192 0.00873748 0.0220703 0.04516 0.0748622 0.100551 0.109456 0.0966327 0.0693583 0.0408524 0.020527 0.0102379 0.00720717 0.00813306 0.0109692 0.0147552 0.0189845 0.023225 0.0270216 0.0299404 0.0316561 0.0320221 0.0310979 0.0291199 0.0264311 0.0233939 0.0203153 0.0174051 0.0147702 0.0124367 0.0103842 0.00857686
 1.02169e-16 2.57751e-05 0.000151255 0.000718946 0.0027679 0.00863135 0.0218023 0.0446118 0.0739544 0.0993351 0.108139 0.0954886 0.0685765 0.040471 0.0204811 0.0104532 0.00765499 0.0088312 0.0119558 0.01606 0.0206062 0.0251163 0.029083 0.0320265 0.033593 0.0336342 0.032237 0.0296894 0.0263997 0.0227959 0.0192395 0.0159751 0.0131234 0.0107049 0.00867994 0.00698581
 1.02689e-16 2.1132e-05 0.000123989 0.000589305 0.00226872 0.00707467 0.0178704 0.0365674 0.0606229 0.0814404 0.0886906 0.0783916 0.0564646 0.0336584 0.0176538 0.0100255 0.00859522 0.0107403 0.0148089 0.0199607 0.025643 0.0312921 0.0362857 0.0400288 0.0420786 0.0422432 0.0406193 0.0375511 0.0335333 0.0290878 0.0246587 0.0205514 0.0169226 0.013809 0.0111742 0.00895282
 1.03605e-16 2.13288e-05 0.000125149 0.000594829 0.00229001 0.00714106 0.018038 0.03691 0.0611895 0.0821972 0.0895032 0.0790823 0.0569023 0.0337999 0.017511 0.0096056 0.00786828 0.00964405 0.0132756 0.0179487 0.0231663 0.0284417 0.0332365 0.0370277 0.0394128 0.0401945 0.0394149 0.0373244 0.0343024 0.0307583 0.0270472 0.0234213 0.0200242 0.0169135 0.0140979 0.0115683
 1.04132e-16 2.03647e-05 0.000119487 0.00056791 0.00218636 0.00681783 0.0172216 0.0352396 0.0584213 0.0784814 0.0854646 0.0755316 0.054386 0.0323826 0.0169187 0.00950733 0.008047 0.0100128 0.0138238 0.018691 0.0241135 0.0295872 0.0345519 0.0384652 0.0409127 0.0416965 0.0408696 0.0387012 0.0355931 0.0319734 0.028208 0.0245506 0.0211377 0.0180147 0.0151773 0.0126063
 1.03641e-16 2.45376e-05 0.000143992 0.000684425 0.00263499 0.00821691 0.0207554 0.0424696 0.0704028 0.0945635 0.102942 0.0908929 0.0652622 0.0384876 0.0194284 0.00983996 0.00712151 0.00817952 0.0110984 0.0149785 0.0193398 0.023764 0.0278035 0.031026 0.033099 0.0338594 0.0333411 0.0317482 0.0293894 0.0265954 0.0236499 0.0207505 0.0180056 0.0154554 0.0131032 0.0109426
 1.03067e-16 2.34091e-05 0.000137362 0.000652893 0.00251357 0.00783823 0.019799 0.0405131 0.0671615 0.0902157 0.0982244 0.0867644 0.0623781 0.0369479 0.0189482 0.0100811 0.00789104 0.00944251 0.0129026 0.0173776 0.0223401 0.0272934 0.0316997 0.0350462 0.0369508 0.0372467 0.0360139 0.0335437 0.0302542 0.0265844 0.0229046 0.0194657 0.0163922 0.0137087 0.0113824 0.00936093
 1.03448e-16 2.06731e-05 0.000121296 0.000576508 0.00221945 0.00692104 0.0174823 0.0357732 0.0593061 0.0796708 0.0867618 0.0766829 0.0552254 0.0329031 0.0172281 0.00973898 0.00830437 0.0103606 0.014298 0.0193055 0.0248591 0.0304268 0.0354193 0.0392686 0.0415457 0.0420539 0.0408646 0.0382805 0.0347454 0.0307311 0.0266408 0.0227539 0.0192186 0.0160789 0.0133175 0.0108953
 1.03576e-16 2.35788e-05 0.000138362 0.000657655 0.00253192 0.00789546 0.0199435 0.0408085 0.06765 0.0908686 0.0989266 0.0873638 0.0627638 0.037086 0.0188537 0.00976716 0.00734049 0.00861137 0.0117416 0.0158577 0.0204749 0.0251553 0.0294246 0.0328234 0.0349978 0.0357735 0.0351852 0.033449 0.030893 0.0278705 0.0246863 0.0215551 0.0185977 0.0158614 0.0133536 0.0110689
 1.03402e-16 2.23014e-05 0.000130858 0.000621972 0.00239451 0.00746695 0.0188612 0.0385943 0.0639814 0.0859464 0.0935827 0.0826795 0.0594748 0.0352957 0.0182255 0.00989852 0.00798886 0.00971067 0.0133221 0.0179655 0.0231201 0.0282818 0.0329001 0.0364474 0.0385277 0.0389635 0.0378283 0.035411 0.0321303 0.0284279 0.0246776 0.021134 0.0179266 0.0150862 0.0125874 0.0103864
 1.04528e-16 1.59445e-05 9.35296e-05 0.000444489 0.00171113 0.00533582 0.0134782 0.0275811 0.0457296 0.0614463 0.066952 0.0592616 0.0428692 0.0259232 0.0142738 0.00917774 0.00906366 0.0120097 0.0167893 0.0227298 0.029306 0.0359194 0.0418862 0.0465426 0.0493831 0.0501702 0.0489765 0.0461422 0.0421715 0.037602 0.0328939 0.0283672 0.024194 0.0204301 0.0170647 0.0140644
pSPR Fmed_Fpbrs
0.655417   0.255595 0.255595
Fs Fmed_Fpbrs
0.224598   1.005 1.005
SSBpbr Bo_Bmed_Bpbrs
1.15729e+06  700642  237933 237933
Ro
53103.6
SPR SPRFo_SPRFmed_SPRFpbrs
1.09196e+06 715688 279099
log_Ro
10.7
likeval ReclasPelacesDesembMPH_pf_preclas_ppelaces_ptallas_desvR_qrecl_qpela
 151.778 63.5618 0.0461244 0.000920687 343.564 212.225 80.9601 0 13.8286 0 0 0 0 0 0
q_reclas_q_pelaces
1 1
M
0.7
N
 66416.9 17567.7 6260.12 714.595 0.348781
 63576.4 28644.2 6580.17 2344.8 267.79
 38474.5 28023.4 11207.1 2574.5 1022.18
 43605.4 15491.5 9148.81 3658.79 1174.21
 72444.9 20707 7034.81 4154.56 2194.71
 62266.6 35614.2 10077.5 3423.65 3090.02
 105952 27234.6 13720.2 3882.32 2509.36
 100411 48952 11707.1 5897.78 2747.53
 125810 43515.3 18513.9 4427.66 3269.69
 121947 53976.1 16129.6 6862.42 2853.13
 71459.1 53805.9 21160.6 6323.4 3808.86
 43928.1 27324.1 15842.1 6230.33 2983.24
 45652.5 17013.9 8254.21 4785.67 2783.29
 29148.5 15688.8 4046.32 1963.05 1800.08
 20973.9 7626.16 2162.6 557.759 518.724
 19627.1 6191.14 1338.12 379.459 188.885
 17471.5 7903.8 2021.79 436.98 185.6
 19958 7468.44 2908.33 743.951 229.088
 22127.2 8969.42 3037.61 1182.89 395.76
 37860.3 10089.8 3755.62 1271.89 661.005
 53745.2 17324.7 4254.54 1583.63 815.04
 63385.8 25702.8 7979.11 1959.48 1104.74
 103800 29934 11543.4 3583.49 1376.17
 137669 48543.4 13183.7 5083.98 2184.35
 105302 64704.3 21593.9 5864.57 3233.22
pred_Ctot
 6332.85 3155.25 1124.35 128.345 0.0626431
 5173.35 4429.98 1017.66 362.636 41.4152
 5298.1 7071.79 2828.15 649.683 257.95
 1374.72 957.895 565.706 226.237 72.6058
 522.912 297.603 101.105 59.7097 31.5426
 5377.53 5827.13 1648.87 560.171 505.582
 5325.93 2653.73 1336.89 378.293 244.511
 9264.95 8524.93 2038.77 1027.09 478.479
 12412.9 8070.08 3433.46 821.125 606.376
 9843.75 8284.4 2475.61 1053.26 437.907
 11998.6 16229.7 6382.75 1907.35 1148.88
 7051.78 7918.31 4590.92 1805.5 864.521
 10326.6 6647.32 3224.91 1869.76 1087.43
 10286.2 8748.15 2256.25 1094.61 1003.73
 6301.96 3758.83 1065.92 274.912 255.672
 2701.08 1561.49 337.492 95.7048 47.6392
 1764.1 1497.82 383.142 82.8103 35.1722
 1371.26 983.157 382.857 97.9349 30.1575
 1307.28 1021.51 345.949 134.718 45.0726
 2147.91 1105.09 411.336 139.304 72.3967
 1431.4 907.743 222.92 82.9754 42.7047
 2240.35 1777.54 551.815 135.513 76.4007
 4362.9 2451.55 945.382 293.482 112.706
 5317.52 3661.24 994.337 383.443 164.748
 3614.13 4348.03 1451.07 394.09 217.267
F
 0.140999 0.281999 0.281999 0.281999 0.281999
 0.119203 0.238406 0.238406 0.238406 0.238406
 0.209707 0.419415 0.419415 0.419415 0.419415
 0.0447092 0.0894184 0.0894184 0.0894184 0.0894184
 0.0100815 0.0201631 0.0201631 0.0201631 0.0201631
 0.126938 0.253875 0.253875 0.253875 0.253875
 0.0721472 0.144294 0.144294 0.144294 0.144294
 0.136161 0.272321 0.272321 0.272321 0.272321
 0.14623 0.292459 0.292459 0.292459 0.292459
 0.118199 0.236398 0.236398 0.236398 0.236398
 0.261357 0.522714 0.522714 0.522714 0.522714
 0.248522 0.497045 0.497045 0.497045 0.497045
 0.368112 0.736223 0.736223 0.736223 0.736223
 0.640818 1.28164 1.28164 1.28164 1.28164
 0.520159 1.04032 1.04032 1.04032 1.04032
 0.209567 0.419134 0.419134 0.419134 0.419134
 0.149882 0.299764 0.299764 0.299764 0.299764
 0.0998078 0.199616 0.199616 0.199616 0.199616
 0.0852831 0.170566 0.170566 0.170566 0.170566
 0.0817689 0.163538 0.163538 0.163538 0.163538
 0.037653 0.075306 0.075306 0.075306 0.075306
 0.0502457 0.100491 0.100491 0.100491 0.100491
 0.060008 0.120016 0.120016 0.120016 0.120016
 0.0550247 0.110049 0.110049 0.110049 0.110049
 0.0487595 0.097519 0.097519 0.097519 0.097519
YTP_r0W_actual
 40478.2 95656.6 47885.5 16197.1 9299.03
YTP_p0W_proyectada
 135969 514025 438576 190934 85930.7
 135969 169682 136224 103995 46860
CTP_r0_actual
 3614.13 4348.03 1451.07 394.09 217.267
CTP_p0_proyectada
 15996.3 24019.9 14056.9 4691.24 1847.97
 15996.3 7929.08 4366.15 2555.16 1007.74
Wmedp
 8.5 21.4 31.2 40.7 46.5
nmprior
 10.6 11 7 0
nm_flota  nm_reclas  nm_pelaces    nm_pelaL
inf 13.5465 14.7232 32.9915
cv_recla  cv_pelaces  cv_mph
1.11437 0.904004 0.984451
 ------------------------------------------------
Talla a la edad & desviaci?n 
 7.2 14.2025 17.0495 18.207 18.6776
 1.08 2.13037 2.55742 2.73105 2.80164
