years
 1997 1998 1999 2000 2001 2002 2003 2004 2005 2006 2007 2008 2009 2010 2011 2012 2013 2014 2015 2016 2017 2018 2019 2020 2021
reclasobs
 0 0 0 370054 412103 1.49427e+06 250295 1.28982e+06 931140 785840 897777 1.04006e+06 184774 17550 25797 100020 73551 82996 120727 218422 84188 347160 605670 569463 516374
reclaspred
 5.69128e+06 977046 1.18526e+06 226632 244491 352399 682100 650785 656735 828906 931325 725558 391350 145032 79010.8 76170.6 78245.3 108664 140083 132959 191670 215371 350407 397004 355787
pelacesobs
 0 0 0 0 0 0 0 0 0 2.06254e+06 1.5e+06 0 1.87456e+06 323000 250000 174000 83755 137374 0 501740 490994 745055 786931 1.00524e+06 1.33801e+06
pelacespred
 1.60772e+07 8.82042e+06 1.97967e+06 889739 877665 758560 2.13566e+06 2.06551e+06 1.83402e+06 2.57741e+06 2.38167e+06 1.97213e+06 1.01124e+06 292326 160393 168600 179231 274511 372076 316960 590616 656373 763347 1.02222e+06 786807
mphobs
 0 0 0 0 0 112323 0 153150 637223 0 255016 313432 73983 77613 109348 50772 0 0 0 0 0 0 0 0 0
mphpred
 1.04142e+06 439968 192566 65091.3 45577.3 140224 155859 293566 253278 271024 382424 277245 172070 97665.2 46267.9 32495.2 28407.3 35068.4 47144 42720.7 52355.6 72878.5 85780.6 118326 126896
desembarqueobs
 350755 77701 442110 56441 14545 235359 269955 359681 431902 328805 639364 411747 362871 311530 167758 66681 60226 58785 57116 73181 50977 67692 138656 160484 209506
desembarquepred
 350742 77676.2 441502 56409 14542.5 235163 269870 359062 431348 328484 638146 410989 362083 310913 167224 66597.6 60189.9 58692.6 57026.4 73081.4 50957.6 67611.7 138524 160346 209322
Reclutas
 11037.2 16414.7 1910.69 5020.98 38834.6 13364.4 64319.7 56015.5 61695.2 111651 70083.8 48864.5 55238.6 29472.7 12160.3 9031.52 7174.84 8948.84 7325.59 8397.12 14877.7 17375.5 28890.5 28150.5 2217.7
log_desv_Rt
 -0.490971 -0.094068 -2.24478 -1.27862 0.767066 -0.29965 1.27162 1.13338 1.22996 1.82313 1.35745 0.996806 1.11942 0.491219 -0.39407 -0.691524 -0.921664 -0.700721 -0.900871 -0.764356 -0.192384 -0.0371863 0.471267 0.445321 -2.09578
SSB
 1.41793e+06 599030 262185 88623.8 62054.9 190920 212207 399700 344845 369008 520683 377478 234278 132974 62995.2 44243.2 38677.5 47746.7 64188.1 58165.5 71283.8 99226.4 116793 161104 172772
BT
 1.93261e+06 731837 387105 141969 250409 300317 1.03477e+06 929269 951065 1.0935e+06 1.15659e+06 818883 674201 389654 195486 101625 101267 126557 116993 127279 194448 171116 240855 332659 254315
Ftot
 0.207886 0.338815 1.42074 1.06121 0.300676 1.74871 1.69961 1.74797 2.13156 1.47054 1.999 1.74386 2.9052 4.95303 4.95303 2.45357 2.34498 1.78671 1.22067 1.72955 0.940907 1.00538 1.27709 1.27585 1.59872
BD_Bspro_t
 0.972334 0.80694 0.549287 0.183303 0.236923 0.533819 0.388573 0.483175 0.395256 0.372251 0.417678 0.283731 0.197101 0.133891 0.0769527 0.0673621 0.0822221 0.138554 0.219446 0.24437 0.313766 0.451843 0.448764 0.451669 0.391188
BD_Bspro
 3.82371 1.6154 0.707032 0.238991 0.167343 0.514851 0.572256 1.07787 0.929942 0.995101 1.40412 1.01794 0.631777 0.358591 0.169879 0.11931 0.104301 0.128758 0.173095 0.156855 0.192231 0.267583 0.314955 0.434449 0.465914
BD_Bo
 1.64622 0.695477 0.304398 0.102893 0.072046 0.221658 0.246373 0.464053 0.400367 0.42842 0.604515 0.438253 0.271998 0.154384 0.0731377 0.0513665 0.0449047 0.0554341 0.0745226 0.0675304 0.0827608 0.115202 0.135597 0.187043 0.20059
BD_Brms
 2.99313 1.2645 0.55345 0.187077 0.130993 0.403015 0.447951 0.843733 0.72794 0.778945 1.09912 0.796824 0.494542 0.280697 0.132978 0.0933937 0.0816449 0.100789 0.135496 0.122783 0.150474 0.209459 0.24654 0.340078 0.364708
S_f
 0.0799571 0.770449 0.992344 0.9998 0.999995
 0.0799571 0.770449 0.992344 0.9998 0.999995
 0.0799571 0.770449 0.992344 0.9998 0.999995
 0.0799571 0.770449 0.992344 0.9998 0.999995
 0.0799571 0.770449 0.992344 0.9998 0.999995
 0.0799571 0.770449 0.992344 0.9998 0.999995
 0.0799571 0.770449 0.992344 0.9998 0.999995
 0.0799571 0.770449 0.992344 0.9998 0.999995
 0.0799571 0.770449 0.992344 0.9998 0.999995
 0.0799571 0.770449 0.992344 0.9998 0.999995
 0.0799571 0.770449 0.992344 0.9998 0.999995
 0.0799571 0.770449 0.992344 0.9998 0.999995
 0.0799571 0.770449 0.992344 0.9998 0.999995
 0.0799571 0.770449 0.992344 0.9998 0.999995
 0.0799571 0.770449 0.992344 0.9998 0.999995
 0.0799571 0.770449 0.992344 0.9998 0.999995
 0.0799571 0.770449 0.992344 0.9998 0.999995
 0.0799571 0.770449 0.992344 0.9998 0.999995
 0.0799571 0.770449 0.992344 0.9998 0.999995
 0.0799571 0.770449 0.992344 0.9998 0.999995
 0.0799571 0.770449 0.992344 0.9998 0.999995
 0.0799571 0.770449 0.992344 0.9998 0.999995
 0.0799571 0.770449 0.992344 0.9998 0.999995
 0.0799571 0.770449 0.992344 0.9998 0.999995
 0.0799571 0.770449 0.992344 0.9998 0.999995
Scru_reclas
 0.110433 0.384526 0.758699 0.94056 0.987598
 0.110433 0.384526 0.758699 0.94056 0.987598
 0.110433 0.384526 0.758699 0.94056 0.987598
 0.110433 0.384526 0.758699 0.94056 0.987598
 0.110433 0.384526 0.758699 0.94056 0.987598
 0.110433 0.384526 0.758699 0.94056 0.987598
 0.110433 0.384526 0.758699 0.94056 0.987598
 0.110433 0.384526 0.758699 0.94056 0.987598
 0.110433 0.384526 0.758699 0.94056 0.987598
 0.110433 0.384526 0.758699 0.94056 0.987598
 0.110433 0.384526 0.758699 0.94056 0.987598
 0.110433 0.384526 0.758699 0.94056 0.987598
 0.110433 0.384526 0.758699 0.94056 0.987598
 0.110433 0.384526 0.758699 0.94056 0.987598
 0.110433 0.384526 0.758699 0.94056 0.987598
 0.110433 0.384526 0.758699 0.94056 0.987598
 0.110433 0.384526 0.758699 0.94056 0.987598
 0.110433 0.384526 0.758699 0.94056 0.987598
 0.110433 0.384526 0.758699 0.94056 0.987598
 0.110433 0.384526 0.758699 0.94056 0.987598
 0.110433 0.384526 0.758699 0.94056 0.987598
 0.110433 0.384526 0.758699 0.94056 0.987598
 0.110433 0.384526 0.758699 0.94056 0.987598
 0.110433 0.384526 0.758699 0.94056 0.987598
 0.110433 0.384526 0.758699 0.94056 0.987598
Scru_pelaces
 0.0958822 0.347988 0.728702 0.931118 0.985513
 0.0958822 0.347988 0.728702 0.931118 0.985513
 0.0958822 0.347988 0.728702 0.931118 0.985513
 0.0958822 0.347988 0.728702 0.931118 0.985513
 0.0958822 0.347988 0.728702 0.931118 0.985513
 0.0958822 0.347988 0.728702 0.931118 0.985513
 0.0958822 0.347988 0.728702 0.931118 0.985513
 0.0958822 0.347988 0.728702 0.931118 0.985513
 0.0958822 0.347988 0.728702 0.931118 0.985513
 0.0958822 0.347988 0.728702 0.931118 0.985513
 0.0958822 0.347988 0.728702 0.931118 0.985513
 0.0958822 0.347988 0.728702 0.931118 0.985513
 0.0958822 0.347988 0.728702 0.931118 0.985513
 0.0958822 0.347988 0.728702 0.931118 0.985513
 0.0958822 0.347988 0.728702 0.931118 0.985513
 0.0958822 0.347988 0.728702 0.931118 0.985513
 0.0958822 0.347988 0.728702 0.931118 0.985513
 0.0958822 0.347988 0.728702 0.931118 0.985513
 0.0958822 0.347988 0.728702 0.931118 0.985513
 0.0958822 0.347988 0.728702 0.931118 0.985513
 0.0958822 0.347988 0.728702 0.931118 0.985513
 0.0958822 0.347988 0.728702 0.931118 0.985513
 0.0958822 0.347988 0.728702 0.931118 0.985513
 0.0958822 0.347988 0.728702 0.931118 0.985513
 0.0958822 0.347988 0.728702 0.931118 0.985513
pf_obs 
 0.256992 0.487395 0.22802 0.0275931 0
 0.321318 0.546541 0.124235 0.00734118 0.000564706
 0.182869 0.594174 0.210203 0.0122559 0.00049798
 0.330522 0.361315 0.267642 0.0388342 0.00168674
 0.649043 0.306663 0.0425973 0.00169635 0
 0.582887 0.30429 0.105238 0.00758474 0
 0.465427 0.430635 0.0974691 0.00646863 0
 0.296916 0.608066 0.0921331 0.00288517 0
 0.311714 0.524322 0.152257 0.0117073 0
 0.15457 0.633149 0.183074 0.0267441 0.00246327
 0.131901 0.49318 0.331252 0.0422183 0.00144891
 0.196976 0.569456 0.194076 0.0375587 0.00193317
 0.518974 0.381816 0.0799577 0.0180837 0.00116848
 0.0928022 0.601141 0.25162 0.0475244 0.00691264
 0.122501 0.610282 0.24278 0.0234846 0.000952079
 0.383417 0.481906 0.127806 0.00687128 0
 0.0376549 0.599619 0.316969 0.0457579 0
 0.0361596 0.667082 0.258105 0.0386534 0
 0.158088 0.579412 0.248529 0.0139706 0
 0.0477256 0.309471 0.559284 0.082774 0.000745712
 0.0406174 0.521527 0.379366 0.0568643 0.0016247
 0.151134 0.462217 0.34131 0.0453401 0
 0.294876 0.26143 0.354403 0.0886775 0.000613685
 0.281977 0.475581 0.204845 0.0348837 0.00271318
 0.0841818 0.532909 0.334909 0.0458182 0.00218182
pf_pred 
 0.0193435 0.640924 0.300192 0.0395378 2.39574e-06
 0.0506379 0.144885 0.573391 0.204385 0.0267007
 0.0142857 0.388073 0.116451 0.343843 0.137348
 0.15224 0.183727 0.337701 0.0643323 0.262
 0.588239 0.305648 0.0310295 0.0384216 0.0366619
 0.0988287 0.84346 0.045854 0.003489 0.00836843
 0.548332 0.301408 0.144353 0.00470932 0.00119769
 0.241567 0.728586 0.0229332 0.0066462 0.000267614
 0.28134 0.614241 0.101923 0.00192429 0.000570712
 0.375138 0.561181 0.0581361 0.00541421 0.000130072
 0.183963 0.741404 0.0696697 0.00453725 0.000426375
 0.183039 0.673886 0.135263 0.00730121 0.000510954
 0.309528 0.564779 0.111506 0.0134236 0.000762695
 0.269153 0.689862 0.0370047 0.00354006 0.000439815
 0.257329 0.72409 0.0182362 0.000312659 3.23703e-05
 0.292974 0.686833 0.0200278 0.000161449 2.94065e-06
 0.250622 0.685751 0.0626538 0.000965629 7.76338e-06
 0.310329 0.615243 0.0708806 0.00349467 5.32178e-05
 0.19807 0.715737 0.0803943 0.0055265 0.000272086
 0.24667 0.589784 0.1516 0.0111524 0.00079373
 0.322631 0.58125 0.0823642 0.0127648 0.00098969
 0.230209 0.658988 0.0995461 0.00966232 0.00159463
 0.298997 0.558346 0.128077 0.0131154 0.00146516
 0.217287 0.677729 0.0900578 0.0134185 0.00150689
 0.022093 0.788709 0.171938 0.0148351 0.00242529
pobs_RECLAS
 0 0 0 0 0
 0 0 0 0 0
 0 0 0 0 0
 0 0 0 0 0
 0.835266 0.146461 0.0176864 0.000547809 3.91292e-05
 0.385257 0.428462 0.181853 0.0044286 0
 0.867414 0.0963971 0.0333333 0.00285562 0
 0.441836 0.489002 0.0689373 0.000224442 0
 0.779404 0.147425 0.0564933 0.0165055 0.000172143
 0.814271 0.122319 0.05973 0.00367925 0
 0.40263 0.566651 0.0304383 0.000280538 0
 0.475488 0.404961 0.113038 0.00651328 0
 0.955842 0.0263864 0.0167828 0.000988607 0
 0.975058 0.0227948 0.00214734 0 0
 0.738997 0.206755 0.0527124 0.00153531 0
 0.850938 0.134255 0.0134407 0.00136685 0
 0.542534 0.407297 0.0501686 0 0
 0.764087 0.199537 0.0359546 0.000420521 0
 0.470689 0.182191 0.310203 0.0369168 0
 0.84361 0.089868 0.0606195 0.00523954 0.000663233
 0.607945 0.314616 0.071237 0.00620181 0
 0.523733 0.453247 0.0230204 0 0
 0.530135 0.295979 0.169645 0.0042399 0
 0.562478 0.366248 0.0663022 0.0049721 0
 0.250443 0.683176 0.0655157 0.000865301 0
ppred_RECLAS
 0.044016 0.522117 0.373363 0.0605006 3.84853e-06
 0.0892637 0.0908033 0.547118 0.239912 0.0329028
 0.0296819 0.262763 0.115094 0.417424 0.175037
 0.256929 0.104613 0.28564 0.0668809 0.285937
 0.76859 0.142283 0.0220108 0.0335292 0.033587
 0.252561 0.677354 0.0527531 0.00492704 0.0124054
 0.769622 0.133703 0.0920063 0.00368478 0.000983743
 0.49839 0.472409 0.021303 0.00757817 0.000320319
 0.552409 0.361274 0.0837738 0.00193967 0.000603874
 0.638299 0.309544 0.0466827 0.00533965 0.000134663
 0.41576 0.510642 0.0676586 0.0054055 0.000533225
 0.397734 0.460416 0.132431 0.00877455 0.000644605
 0.611684 0.298498 0.0776893 0.0114457 0.000682613
 0.668713 0.310706 0.0181896 0.0021155 0.000275832
 0.655978 0.334612 0.00919735 0.000191705 2.08297e-05
 0.588708 0.395389 0.0157442 0.00015552 2.97343e-06
 0.526836 0.419411 0.0527481 0.000996454 8.40937e-06
 0.578498 0.358791 0.0590787 0.00357509 5.71503e-05
 0.41356 0.496837 0.0822921 0.0069511 0.000359256
 0.486002 0.36598 0.134924 0.0121839 0.000910282
 0.564694 0.34681 0.073378 0.0139801 0.00113787
 0.450576 0.437289 0.0983658 0.0117362 0.0020333
 0.53908 0.332858 0.112279 0.0141265 0.00165665
 0.439706 0.453529 0.0886275 0.0162248 0.00191271
 0.0607714 0.693569 0.218534 0.0231521 0.0039733
pobs_PELACES
 0 0 0 0 0
 0 0 0 0 0
 0 0 0 0 0
 0 0 0 0 0
 0 0 0 0 0
 0 0 0 0 0
 0 0 0 0 0
 0 0 0 0 0
 0 0 0 0 0
 0 0 0 0 0
 0.450072 0.473896 0.0757376 0.000293798 0
 0 0 0 0 0
 0.463077 0.371075 0.160297 0.00555027 0
 0.529543 0.364841 0.0842815 0.0213345 0
 0.631943 0.363953 0.00410389 0 0
 0.735681 0.248677 0.0153453 0.000297389 0
 0.695825 0.281241 0.0229344 0 0
 0.275771 0.60734 0.115278 0.00161068 0
 0 0 0 0 0
 0.896147 0.0623911 0.0374545 0.00400742 0
 0.803859 0.145111 0.0509908 3.86294e-05 0
 0.739449 0.233085 0.0266225 0.000797448 4.60066e-05
 0.878498 0.100942 0.0204185 0.000141795 0
 0.694673 0.275183 0.0284847 0.00165964 0
 0.469039 0.446079 0.0841089 0.000773354 0
ppred_PELACES
 0.0433323 0.51097 0.381935 0.063758 4.08816e-06
 0.0888776 0.0872348 0.544172 0.245744 0.0339718
 0.0395373 0.263927 0.110568 0.411886 0.174082
 0.296864 0.098926 0.26524 0.063845 0.275125
 0.769018 0.13856 0.0222537 0.0349146 0.035254
 0.326854 0.613411 0.0446082 0.00427585 0.0108508
 0.82895 0.101906 0.0657155 0.00270137 0.000726893
 0.587558 0.389781 0.0164134 0.00599227 0.000255285
 0.662049 0.277669 0.0584593 0.00138782 0.000435469
 0.704337 0.254656 0.0365986 0.0042992 0.000109281
 0.521022 0.42297 0.0513791 0.00421019 0.000418586
 0.489064 0.396599 0.106555 0.00724578 0.000536499
 0.751698 0.197224 0.0440385 0.0066397 0.000399082
 0.858855 0.134549 0.00581679 0.00068884 9.05057e-05
 0.850656 0.146304 0.00296966 6.30266e-05 6.90079e-06
 0.706955 0.282951 0.00999133 0.000101112 1.94837e-06
 0.648492 0.315363 0.0354524 0.000686324 5.83759e-06
 0.666494 0.286764 0.0439679 0.00273036 4.39912e-05
 0.472927 0.448406 0.072084 0.00625702 0.000325947
 0.578075 0.305947 0.105467 0.00977479 0.000736056
 0.60685 0.313508 0.0657116 0.0128741 0.00105618
 0.497859 0.400511 0.08883 0.010897 0.0019029
 0.602187 0.289705 0.0944545 0.0122105 0.00144331
 0.5031 0.404426 0.076396 0.01437 0.00170747
 0.0830867 0.686615 0.204241 0.0222149 0.00384259
pobs_pel_tallas
 0 0 0 0 0 0 0 0 0 0 0 0 0 0 0 0 0 0 0 0 0 0 0 0 0 0 0 0 0 0 0 0 0 0 0 0
 0 0 0 0 0 0 0 0 0 0 0 0 0 0 0 0 0 0 0 0 0 0 0 0 0 0 0 0 0 0 0 0 0 0 0 0
 0 0 0 0 0 0 0 0 0 0 0 0 0 0 0 0 0 0 0 0 0 0 0 0 0 0 0 0 0 0 0 0 0 0 0 0
 0 0 0 0 0 0 0 0 0 0 0 0 0 0 0 0 0 0 0 0 0 0 0 0 0 0 0 0 0 0 0 0 0 0 0 0
 0 0 0 0 0 0 0 0 0 0 0 0 0 0 0 0 0 0 0 0 0 0 0 0 0 0 0 0 0 0 0 0 0 0 0 0
 0 0 0 0 0 0 0 0 0 0 0 0 0 0 0 0 0 0 0 0 0 0 0 0 0 0 0 0 0 0 0 0 0 0 0 0
 0 0 0 0 0 0 0 0 0 0 0 0 0 0 0 0 0 0 0 0 0 0 0 0 0 0 0 0 0 0 0 0 0 0 0 0
 0 0 0 0 0 0 0 0 0 0 0 0 0 0 0 0 0 0 0 0 0 0 0 0 0 0 0 0 0 0 0 0 0 0 0 0
 0 0 0 0 0 0 0 0 0 0 0 0 0 0 0 0 0 0 0 0 0 0 0 0 0 0 0 0 0 0 0 0 0 0 0 0
 0 0 0 0 0 0 0 0 0 0 0 0 0 0 0 0 0 0 0 0 0 0 0 0 0 0 0 0 0 0 0 0 0 0 0 0
 0 0 0 0 0 0 0 0 1.78061e-05 0.00172719 0.00360574 0.0105946 0.0120993 0.0124554 0.0147524 0.0171206 0.0266825 0.0428682 0.0675386 0.121331 0.153587 0.119568 0.100827 0.0573624 0.0630603 0.0341343 0.0324427 0.0444173 0.0211091 0.0280891 0.0125444 0.00206551 0 0 0 0
 0 0 0 0 0 0 0 0 0 0 0 0 0 0 0 0 0 0 0 0 0 0 0 0 0 0 0 0 0 0 0 0 0 0 0 0
 0 0 0 0 0 0 0.0133647 0.0140871 0.0187388 0.0205184 0.03894 0.0496705 0.03968 0.0493445 0.0407372 0.0367815 0.0215668 0.0243155 0.0234873 0.0199281 0.019796 0.0243948 0.0301388 0.0376714 0.0412746 0.0863199 0.0771752 0.113111 0.0741005 0.0525337 0.0229764 0.00759418 0.00175318 0 0 0
 0 0 0 0 0 0 0 0 0 0 0.00219441 0.00772107 0.0458388 0.0604681 0.0671733 0.0775358 0.0609151 0.0617685 0.073594 0.0568108 0.0755445 0.0548602 0.0670107 0.0636378 0.0643287 0.046367 0.0373049 0.0286899 0.0247887 0.0153202 0.00654259 0.00121912 0.000365735 0 0 0
 0 0 0 0 0 0 0 0 0 0 0 0 0.000112435 0.00938835 0.0111873 0.0202946 0.0414886 0.0713402 0.111592 0.104902 0.108894 0.110636 0.117776 0.105296 0.107544 0.0401394 0.0192827 0.0124803 0.00416011 0.0028671 0.000618394 0 0 0 0 0
 0 0 0 0 0 0 0 0 0 0 0.00291406 0.0102884 0.027416 0.0768956 0.0749926 0.110853 0.0956884 0.0897413 0.0766577 0.0534642 0.0500743 0.0551293 0.0594112 0.0620874 0.0668451 0.0424026 0.0208742 0.0120726 0.0048766 0.00582813 0.00118941 0.000297354 0 0 0 0
 0 0.00264628 0.0354308 0.0461629 0.0458689 0.0383711 0.0214643 0.0164657 0.0346957 0.0420465 0.0363128 0.0245516 0.0311673 0.0291091 0.0169068 0.0133784 0.00837989 0.0085269 0.0148486 0.0160247 0.0276389 0.0546898 0.0760071 0.122758 0.109233 0.0665981 0.0333725 0.0166128 0.00676272 0.00308733 0.000882094 0 0 0 0 0
 0 0 0 0 0 0 0 0.000805153 0.000690131 0.00759144 0.0133425 0.0154129 0.00931677 0.000345066 0.00356568 0.00563607 0.00851162 0.0253048 0.0502646 0.0516448 0.0657925 0.0565908 0.0611916 0.0827007 0.0866115 0.110766 0.145733 0.0935128 0.0569358 0.0249597 0.0138026 0.00621118 0.00161031 0.00115022 0 0
 0 0 0 0 0 0 0 0 0 0 0 0 0 0 0 0 0 0 0 0 0 0 0 0 0 0 0 0 0 0 0 0 0 0 0 0
 0.00147267 0.00158595 0.00478618 0.00569244 0.00954404 0.0108468 0.00647125 0.017049 0.0510054 0.094081 0.124002 0.0959785 0.0687766 0.0820023 0.061753 0.0591476 0.0492212 0.0479892 0.0443925 0.0268479 0.0217502 0.0140895 0.0121071 0.0120363 0.00920419 0.00665534 0.0049561 0.00860946 0.00930331 0.0156896 0.0114698 0.00855282 0.00243557 0.00046729 0 2.83206e-05
 0 0 0 0 0.000772559 0.00158375 0.000888443 0.00281984 0.00712685 0.0440552 0.0773331 0.111326 0.0921469 0.0852325 0.0710754 0.0886704 0.0786465 0.0553345 0.0373146 0.0185414 0.00753245 0.00457741 0.012979 0.0271748 0.0457355 0.0583668 0.034881 0.0177882 0.00938659 0.00492506 0.0015258 0.00185414 0.000309023 5.79419e-05 3.86279e-05 0
 0 0.00173294 0.00326652 0 0.00397197 0.00683976 0.00946217 0.0152591 0.00757587 0.0136028 0.0228656 0.0392903 0.0559909 0.0764795 0.0681675 0.0726916 0.0566044 0.0477403 0.0527397 0.0444891 0.0609904 0.0582453 0.0661739 0.0445044 0.0529084 0.0360697 0.0280645 0.0235558 0.0158879 0.00826598 0.00280645 0.00217768 0.000904811 0.00058276 9.20147e-05 0
 0 0 0 0 0 0 0 0 0 0 0 0 0 0 0 0 0 0 0 0 0 0 0 0 0 0 0 0 0 0 0 0 0 0 0 0
 0 0 0 0 0 0 0 0 0 0 0 0 0 0 0 0 0 0 0 0 0 0 0 0 0 0 0 0 0 0 0 0 0 0 0 0
 0 0 0 0 0 0 0 0 0 0 0 0 0 0 0 0 0 0 0 0 0 0 0 0 0 0 0 0 0 0 0 0 0 0 0 0
ppred_pel_tallas
 1.07779e-16 1.92374e-06 1.12062e-05 5.30944e-05 0.000204123 0.000636267 0.00160771 0.00329386 0.00547627 0.00740395 0.00818749 0.00753267 0.00607101 0.00491631 0.00496172 0.0065967 0.00988446 0.0148001 0.021282 0.0291433 0.0379801 0.0471548 0.055868 0.0632981 0.0687633 0.0718515 0.0724801 0.0708654 0.0674263 0.0626594 0.0570328 0.0509263 0.0446228 0.0383319 0.0322237 0.0264514
 1.17785e-16 3.89268e-06 2.28043e-05 0.000108319 0.000416896 0.00129989 0.00328348 0.00671949 0.0111427 0.0149778 0.0163345 0.0144936 0.0105633 0.00655156 0.00392188 0.00304062 0.00361376 0.00529535 0.0079427 0.011574 0.0162499 0.0219873 0.0287132 0.0362441 0.044281 0.0524173 0.0601621 0.066978 0.0723342 0.0757704 0.0769626 0.0757765 0.0722974 0.066823 0.0598237 0.0518728
 1.23943e-16 1.74673e-06 1.01936e-05 4.83386e-05 0.000185912 0.000579554 0.00146416 0.00299816 0.00497874 0.00671358 0.00737771 0.00667911 0.00515612 0.00376947 0.00326123 0.00390375 0.00567882 0.00852281 0.0124081 0.017295 0.0230647 0.0294928 0.0362703 0.0430565 0.0495396 0.0554802 0.0607218 0.0651648 0.0687211 0.071273 0.0726587 0.0726939 0.0712237 0.0681807 0.0636319 0.0577936
 1.18847e-16 1.29613e-05 7.60466e-05 0.000361442 0.00139149 0.00433913 0.0109603 0.0224268 0.0371772 0.049935 0.0543579 0.0479923 0.0344532 0.0203102 0.0102479 0.00520932 0.00385372 0.00460575 0.00654499 0.00932356 0.012845 0.017057 0.0218717 0.0271504 0.032708 0.0383228 0.0437444 0.0486996 0.0529028 0.0560738 0.0579658 0.0583998 0.0572992 0.0547103 0.0508054 0.0458646
 1.03209e-16 3.3551e-05 0.000196922 0.000936092 0.00360402 0.0112388 0.0283883 0.058086 0.0962829 0.129302 0.140697 0.124082 0.0887741 0.051712 0.0249152 0.0106667 0.00528855 0.00445801 0.00553062 0.0073555 0.0094798 0.01165 0.0136431 0.0152543 0.0163319 0.0168083 0.0167108 0.0161458 0.0152629 0.0142127 0.0131124 0.0120294 0.0109837 0.00996359 0.0089465 0.00791653
 1.01487e-16 1.42899e-05 8.37993e-05 0.000398194 0.00153282 0.00477973 0.0120738 0.0247089 0.0409738 0.0550753 0.0600608 0.0532824 0.0388054 0.0239865 0.0141422 0.0104859 0.01169 0.0160763 0.0225177 0.0302819 0.0386552 0.0467646 0.0536216 0.0582974 0.0601322 0.0588956 0.054842 0.0486362 0.0411829 0.033414 0.0261054 0.0197679 0.0146279 0.0106769 0.00775813 0.00565247
 1.01093e-16 3.6163e-05 0.00021226 0.00100902 0.00388481 0.0121145 0.0306001 0.0626111 0.103782 0.139369 0.15164 0.133707 0.095603 0.0555748 0.0265612 0.0110029 0.00491602 0.00362747 0.00428635 0.00567048 0.0073311 0.00905149 0.0106544 0.0119744 0.0128794 0.0132953 0.0132176 0.012704 0.011854 0.0107813 0.00959085 0.00836478 0.00715989 0.00601232 0.00494531 0.0039754
 1.00578e-16 2.56487e-05 0.000150506 0.000715371 0.00275411 0.00858833 0.0216937 0.0443902 0.0735892 0.0988509 0.107629 0.0950775 0.0683675 0.0405203 0.020823 0.0111401 0.0087765 0.0105031 0.0142879 0.0191155 0.0243606 0.029426 0.0336753 0.0365181 0.0375393 0.0365994 0.0338698 0.0297846 0.0249304 0.0199099 0.0152237 0.0111997 0.00798053 0.00555547 0.00381614 0.00261293
 1.00989e-16 2.88925e-05 0.00016956 0.000805976 0.003103 0.00967636 0.0244419 0.0500123 0.0829046 0.11135 0.121201 0.106979 0.0767334 0.0450939 0.0224671 0.0108879 0.00725721 0.00789851 0.010533 0.0140977 0.0180491 0.0219433 0.025323 0.0277594 0.0289392 0.0287348 0.0272325 0.0247011 0.0215204 0.0180897 0.0147487 0.0117312 0.00915524 0.00704353 0.00535741 0.00403088
 1.00756e-16 3.07354e-05 0.000180382 0.000857431 0.00330112 0.0102942 0.0260024 0.0532051 0.0881961 0.118453 0.128922 0.113769 0.0815503 0.0478163 0.023622 0.0111119 0.00696869 0.00726506 0.00957196 0.0127711 0.0163176 0.0197921 0.0227734 0.0248709 0.0258034 0.0254641 0.0239442 0.0215041 0.0185044 0.0153211 0.0122702 0.00956512 0.00730733 0.00550642 0.00411331 0.00305361
 1.01032e-16 2.27489e-05 0.000133478 0.000634412 0.00244238 0.00761621 0.0192383 0.0393665 0.0652634 0.0876742 0.095479 0.0843906 0.0607831 0.0362268 0.0189883 0.0107584 0.00918453 0.0114317 0.0157049 0.0210777 0.0269305 0.0326322 0.037495 0.0408733 0.0423039 0.0416154 0.0389679 0.0348039 0.0297326 0.0243867 0.0192976 0.0148213 0.0111247 0.00821775 0.00601063 0.00436995
 1.01916e-16 2.13544e-05 0.000125294 0.000595506 0.00229259 0.00714911 0.0180584 0.0369522 0.061261 0.0822981 0.0896259 0.0792213 0.0570687 0.0340313 0.0178728 0.0101862 0.00877184 0.0109798 0.0151391 0.0203949 0.0261799 0.0319125 0.0369501 0.0406785 0.0426412 0.0426415 0.0407819 0.0374232 0.0330841 0.0283148 0.0235873 0.0192312 0.0154206 0.0122021 0.00954066 0.00736519
 1.00937e-16 3.27983e-05 0.000192498 0.000915044 0.00352296 0.010986 0.0277499 0.0567801 0.09412 0.126403 0.137556 0.121347 0.0868921 0.0507664 0.0247413 0.011074 0.00619381 0.00588979 0.00757221 0.0100827 0.0129122 0.0157175 0.0181697 0.0199636 0.0208754 0.0208122 0.0198309 0.0181171 0.0159341 0.0135592 0.0112282 0.00910326 0.00726656 0.00573501 0.00448436 0.00347267
 1.00155e-16 3.74682e-05 0.00021992 0.00104543 0.00402499 0.0125516 0.0317043 0.0648706 0.107528 0.144401 0.15712 0.138551 0.0990922 0.0576541 0.0276488 0.0116109 0.00541568 0.00421749 0.00504769 0.00661135 0.00840138 0.0101427 0.0116028 0.0125758 0.0129182 0.012582 0.0116268 0.010203 0.00851404 0.00676894 0.00514151 0.00374588 0.0026319 0.00179616 0.00120111 0.000794587
 1.00093e-16 3.71112e-05 0.000217823 0.00103545 0.00398659 0.0124318 0.0314018 0.0642518 0.106503 0.143025 0.155626 0.137241 0.0981706 0.0571492 0.0274651 0.0116342 0.00557601 0.00449421 0.00544756 0.00714679 0.00907652 0.0109457 0.0125027 0.0135245 0.0138563 0.013448 0.0123675 0.0107816 0.00891508 0.00699811 0.00522162 0.00371039 0.00251784 0.00163826 0.00102788 0.000626636
 1.00238e-16 3.08507e-05 0.000181056 0.00086063 0.00331343 0.0103326 0.0260994 0.0534038 0.0885261 0.118898 0.129412 0.114215 0.081899 0.0480789 0.0238588 0.0114001 0.00738041 0.00785979 0.0103931 0.0138381 0.0176152 0.0212604 0.0243052 0.0263203 0.0270048 0.0262595 0.0242121 0.0211817 0.0175991 0.0139068 0.0104722 0.00753662 0.00520475 0.00346824 0.00224604 0.00142577
 1.0063e-16 2.83028e-05 0.000166094 0.000789495 0.00303953 0.00947842 0.0239419 0.0489897 0.0812107 0.109078 0.118738 0.104828 0.0752401 0.0443161 0.0222638 0.011093 0.00778295 0.00874024 0.011727 0.015677 0.0200116 0.0242321 0.0278201 0.0302936 0.0313081 0.0307383 0.0287067 0.0255472 0.0217185 0.0176966 0.0138808 0.0105388 0.00779504 0.00565577 0.00405111 0.00287784
 1.00814e-16 2.90866e-05 0.000170699 0.000811391 0.00312384 0.00974136 0.024606 0.0503483 0.0834618 0.112099 0.122017 0.107702 0.077259 0.045416 0.0226516 0.0110161 0.00739051 0.008073 0.0107662 0.0143931 0.0183969 0.0223182 0.0256849 0.0280569 0.0291166 0.0287422 0.0270353 0.0242878 0.020905 0.01731 0.0138597 0.0107953 0.00823316 0.00618613 0.00460088 0.00339505
 1.014e-16 2.06528e-05 0.00012117 0.000575891 0.00221705 0.00691353 0.0174634 0.0357351 0.0592452 0.0795955 0.0866971 0.0766667 0.0553029 0.0331271 0.0176689 0.0104935 0.00949642 0.0121273 0.0167621 0.0225374 0.0288359 0.0350002 0.0403033 0.0440586 0.0457682 0.0452394 0.0426274 0.0383845 0.0331402 0.0275519 0.0221743 0.0173833 0.0133608 0.0101287 0.00760658 0.00566982
 1.01968e-16 2.5232e-05 0.000148067 0.000703791 0.00270955 0.00844939 0.0213427 0.0436714 0.0723955 0.0972414 0.105861 0.0934785 0.0671371 0.0396302 0.0200724 0.0102743 0.00756503 0.00876329 0.011892 0.0160094 0.0205951 0.0251838 0.0292775 0.032399 0.034187 0.0344749 0.0333215 0.0309821 0.0278334 0.0242803 0.020674 0.0172649 0.0141931 0.0115087 0.00920486 0.00724968
 1.01527e-16 2.6487e-05 0.000155434 0.000738815 0.0028444 0.00886991 0.0224049 0.0458448 0.075998 0.102079 0.111124 0.098119 0.0704537 0.041555 0.0209853 0.0106373 0.00769797 0.00881727 0.0119102 0.0159811 0.0204813 0.0249268 0.0288062 0.0316373 0.033066 0.0329468 0.0313726 0.0286407 0.0251716 0.0214067 0.0177204 0.0143687 0.0114797 0.00907707 0.00711893 0.00553599
 1.01855e-16 2.17381e-05 0.000127546 0.000606211 0.00233381 0.00727764 0.0183831 0.0376165 0.0623622 0.083777 0.0912352 0.0806407 0.0580846 0.0346237 0.0181589 0.0103087 0.00883021 0.0110217 0.0151785 0.0204281 0.0261926 0.0318823 0.0368485 0.0404747 0.042307 0.0421573 0.0401424 0.036641 0.0321893 0.0273523 0.0226101 0.0182928 0.0145678 0.0114689 0.00894557 0.0069112
 1.01923e-16 2.62828e-05 0.000154237 0.000733128 0.00282251 0.00880166 0.0222325 0.0454918 0.0754124 0.101291 0.110262 0.0973476 0.0698782 0.0411723 0.020713 0.0103722 0.00735372 0.00833279 0.0112473 0.0151261 0.0194514 0.023777 0.027631 0.0305624 0.0322312 0.0324824 0.0313747 0.0291525 0.0261749 0.0228258 0.0194373 0.0162439 0.0133748 0.0108732 0.00872883 0.00690797
 1.0179e-16 2.19667e-05 0.000128888 0.000612592 0.00235837 0.00735424 0.0185766 0.0380124 0.0630185 0.0846586 0.0921949 0.0814879 0.0586926 0.0349817 0.0183381 0.0103961 0.00888754 0.0110799 0.0152481 0.0205079 0.0262734 0.0319475 0.0368754 0.040437 0.0421789 0.0419188 0.0397839 0.0361664 0.0316173 0.0267134 0.0219425 0.0176363 0.0139581 0.0109331 0.00850001 0.00656079
 1.04066e-16 3.66392e-06 2.14075e-05 0.000101559 0.000390667 0.00121796 0.00307721 0.0063018 0.0104665 0.0141184 0.0155277 0.0140868 0.0109355 0.00810165 0.00714841 0.0086352 0.0124761 0.018431 0.026252 0.0355656 0.0457355 0.0558403 0.0647853 0.0715079 0.0752106 0.0755387 0.0726498 0.0671441 0.059894 0.0518284 0.0437466 0.0362098 0.0295201 0.0237682 0.0189117 0.0148502
pSPR Fmed_Fpbrs
0.335566   0.6 0.325
Fs Fmed_Fpbrs
1.42422   0.433587 1.50624
SSBpbr Bo_Bmed_Bpbrs
861323  245964  473728 236864
Ro
18033.7
SPR SPRFo_SPRFmed_SPRFpbrs
370825 124436 120518
log_Ro
9.62
likeval ReclasPelacesDesembMPH_pf_preclas_ppelaces_ptallas_desvR_qrecl_qpela
 69.4293 13.6366 0.236356 0.000160363 367.229 195.775 84.5191 0 38.7385 0.000144796 0.000659947 1.30925e-14 0 0 0
q_reclas_q_pelaces
5.50219 38.661
M
0.7
N
 11037.2 40398.1 14982.9 1959.95 0.118739
 16414.7 5390.57 17092.1 6053.38 790.677
 1910.69 7933.43 2061.87 6064.15 2422.08
 5020.98 846.931 1318.47 250.009 1018.07
 38834.6 2290.51 185.678 228.411 217.913
 13364.4 18826.6 902.234 68.4182 164.088
 64319.7 5770.59 2430.21 79.0083 20.0919
 56015.5 27881.7 773.609 223.439 8.99614
 61695.2 24188.2 3601.13 67.7943 20.1051
 111651 25836.1 2324.73 215.672 5.18081
 70083.8 49293.8 4132.13 268.291 25.2099
 48864.5 29661.7 5247.07 282.266 19.7518
 55238.6 21107.3 3843.18 461.7 26.2313
 29472.7 21744.7 1117.74 106.815 13.2702
 12160.3 9849.62 237.713 4.07124 0.421494
 9031.52 4063.91 107.676 0.865846 0.0157696
 7174.84 3685.99 304.766 4.68487 0.0376624
 8948.84 2953.77 300.547 14.7688 0.224883
 7325.59 3852.28 370.283 25.3448 1.24766
 8397.12 3299.51 746.916 54.759 3.89693
 14877.7 3631.33 432.247 66.6626 5.16787
 17375.5 6852.6 873.434 84.3768 13.9235
 28890.5 7961.93 1568.37 159.932 17.8646
 28150.5 12953.9 1478.07 219.308 24.6255
 2217.7 12623.4 2407.1 206.937 33.8276
pred_Ctot
 130.973 4339.64 2032.58 267.707 0.0162214
 316.003 904.151 3578.22 1275.46 166.625
 148.527 4034.75 1210.73 3574.9 1427.99
 295.194 356.248 654.803 124.741 508.019
 664.349 345.194 35.0443 43.3928 41.4054
 1264.29 10790.2 586.6 44.6341 107.055
 5923.91 3256.27 1559.52 50.8772 12.9393
 5297.05 15976.4 502.877 145.737 5.86822
 7021.33 15329.5 2543.68 48.024 14.2431
 8967.93 13415.4 1389.78 129.43 3.10945
 7514.05 30282.9 2845.69 185.326 17.4155
 4610.61 16974.6 3407.16 183.912 12.8705
 8345.4 15227.4 3006.4 361.921 20.5635
 7090.42 18173.4 974.833 93.2574 11.5862
 2925.48 8231.92 207.321 3.5545 0.368006
 1170.18 2743.3 79.9933 0.644847 0.0117453
 891.768 2440.05 222.936 3.43592 0.0276238
 863.84 1712.61 197.305 9.72787 0.148139
 492.667 1780.28 199.967 13.7463 0.676769
 786.196 1879.78 483.186 35.5453 2.52981
 778.79 1403.06 198.817 30.8126 2.38899
 969.683 2775.77 419.306 40.6994 6.71685
 2028.79 3788.56 869.042 88.9921 9.94159
 1974.99 6160.09 818.563 121.965 13.6966
 192.798 6882.79 1500.44 129.461 21.1647
F
 0.016622 0.160166 0.206294 0.207844 0.207885
 0.0270907 0.26104 0.336221 0.338748 0.338814
 0.113599 1.09461 1.40987 1.42046 1.42074
 0.084851 0.817605 1.05308 1.06099 1.0612
 0.0240412 0.231656 0.298374 0.300616 0.300675
 0.139822 1.34729 1.73532 1.74836 1.7487
 0.135896 1.30946 1.6866 1.69927 1.6996
 0.139763 1.34672 1.73459 1.74762 1.74796
 0.170434 1.64226 2.11525 2.13114 2.13155
 0.117581 1.13298 1.45929 1.47025 1.47054
 0.159834 1.54013 1.9837 1.9986 1.99899
 0.139434 1.34356 1.73051 1.74351 1.74385
 0.232292 2.23831 2.88296 2.90462 2.90519
 0.39603 3.81606 4.91511 4.95204 4.95301
 0.39603 3.81606 4.91511 4.95204 4.95301
 0.196181 1.89035 2.43479 2.45308 2.45356
 0.187498 1.80669 2.32703 2.34451 2.34497
 0.14286 1.37657 1.77303 1.78635 1.7867
 0.0976014 0.940466 1.21133 1.22043 1.22067
 0.13829 1.33253 1.71631 1.7292 1.72954
 0.0752322 0.724921 0.933704 0.940719 0.940902
 0.0803873 0.774595 0.997683 1.00518 1.00537
 0.102112 0.983932 1.26731 1.27683 1.27708
 0.102013 0.982977 1.26608 1.27559 1.27584
 0.127829 1.23173 1.58648 1.5984 1.59871
YTP_r0W_actual
 2159.33 151421 49514.6 5320.83 905.849
YTP_p0W_proyectada
 2742.65 4317.7 14708.6 2581.91 275.792
 2742.65 28082.4 2770.96 6234.76 1255.42
CTP_r0_actual
 192.798 6882.79 1500.44 129.461 21.1647
CTP_p0_proyectada
 322.664 201.762 471.429 63.4376 5.93102
 322.664 1312.26 88.8129 153.188 26.9982
Wmedp
 8.5 21.4 31.2 40.7 46.5
nmprior
 10.6 11 7 0
nm_flota  nm_reclas  nm_pelaces    nm_pelaL
inf 20.3757 8.16574 15.3318
cv_recla  cv_pelaces  cv_mph
0.753696 0.418722 0.410857
 ------------------------------------------------
Talla a la edad & desviaci?n 
 7.2 14.2025 17.0495 18.207 18.6776
 1.08 2.13037 2.55742 2.73105 2.80164
