years
 1997 1998 1999 2000 2001 2002 2003 2004 2005 2006 2007 2008 2009 2010 2011 2012 2013 2014 2015 2016 2017 2018 2019 2020 2021
reclasobs
 0 0 0 370054 412103 1.49427e+06 250295 1.28982e+06 931140 785840 897777 1.04006e+06 184774 17550 25797 100020 73551 82996 120727 218422 84188 347160 605670 569463 516374
reclaspred
 458438 132376 435465 311554 424685 499940 1.07338e+06 685050 720246 619949 477341 317824 193962 87959.9 61358.2 63944.1 82869.2 115681 124288 177869 254091 231625 403280 517481 613826
pelacesobs
 0 0 0 0 0 0 0 0 0 2.06254e+06 1.5e+06 0 1.87456e+06 323000 250000 174000 83755 137374 0 501740 490994 745055 786931 1.00524e+06 1.33801e+06
pelacespred
 1.9085e+06 493515 974193 1.07683e+06 1.24203e+06 1.24287e+06 2.91538e+06 2.39676e+06 2.18538e+06 1.91437e+06 1.32206e+06 906254 542025 200987 137840 155921 212173 302558 336106 465758 741618 665163 909143 1.38204e+06 1.6586e+06
mphobs
 0 0 0 0 0 112323 0 153150 637223 0 255016 313432 73983 77613 109348 50772 0 0 0 0 0 0 0 0 0
mphpred
 165249 109938 142402 187169 184502 269520 402895 461333 376694 357875 317462 218482 133881 69445.5 32594.7 28397.7 35861.2 51142.2 64960.8 75626.7 112241 131462 164715 236295 328470
desembarqueobs
 350755 77701 442110 56441 14545 235359 269955 359681 431902 328805 639364 411747 362871 311530 167758 66681 60226 58785 57116 73181 50977 67692 138656 160484 209506
desembarquepred
 350767 77705.3 442162 56443.2 14545.1 235402 269988 359717 431987 328871 639729 412072 363318 312069 167817 66697.6 60250.1 58788.8 57114.1 73184.9 50978.9 67689.3 138663 160494 209511
Reclutas
 64824.2 80303.4 50699.9 73886.3 121946 91545.7 137283 120787 136519 130514 66498.9 41657.1 42348.3 23621.3 17784.1 21579.3 17866 20416.6 23339 39967.8 49711.4 64618.2 105461 127706 59783
log_desv_Rt
 0.139434 0.353568 -0.10632 0.270282 0.771331 0.484594 0.889802 0.761782 0.884218 0.839236 0.16494 -0.302773 -0.286316 -0.870095 -1.15394 -0.960511 -1.14934 -1.0159 -0.882119 -0.34417 -0.12601 0.136251 0.626098 0.817484 0.0584758
SSB
 777589 517318 670077 880731 868184 1.26824e+06 1.89584e+06 2.17082e+06 1.77255e+06 1.684e+06 1.49383e+06 1.02808e+06 629984 326779 153376 133627 168747 240652 305676 355865 528156 618602 775075 1.1119e+06 1.54563e+06
BT
 2.68266e+06 731080 1.44671e+06 1.37569e+06 1.53567e+06 1.69469e+06 3.77712e+06 3.33847e+06 3.07959e+06 2.66089e+06 2.19489e+06 1.48489e+06 1.02029e+06 544996 312390 246766 310017 418347 459043 631634 952992 872958 1.20625e+06 1.82391e+06 2.18203e+06
Ftot
 0.387566 0.289312 0.400413 0.0749088 0.0158906 0.165153 0.103902 0.211681 0.248821 0.21183 0.463078 0.438057 0.697305 1.25733 1.21437 0.473264 0.325063 0.215522 0.178396 0.183374 0.0861012 0.114253 0.135738 0.129893 0.117833
BD_Bspro_t
 0.953887 0.78849 0.761581 0.661044 0.763584 0.861492 0.834444 0.837019 0.783087 0.739183 0.694277 0.538552 0.423257 0.308035 0.190361 0.202695 0.313949 0.479502 0.595234 0.682488 0.77755 0.842829 0.848669 0.853858 0.858146
BD_Bspro
 0.670634 0.446163 0.577911 0.75959 0.748768 1.0938 1.63507 1.87223 1.52874 1.45237 1.28836 0.886668 0.543332 0.281832 0.13228 0.115247 0.145536 0.207551 0.263631 0.306917 0.45551 0.533516 0.668467 0.958961 1.33303
BD_Bo
 0.57791 0.384475 0.498007 0.654567 0.645241 0.942564 1.409 1.61337 1.31738 1.25156 1.11023 0.764075 0.468209 0.242865 0.11399 0.0993124 0.125414 0.178854 0.227181 0.264482 0.39253 0.45975 0.576042 0.826373 1.14872
BD_Brms
 1.05075 0.699045 0.905467 1.19012 1.17317 1.71375 2.56182 2.93341 2.39523 2.27556 2.0186 1.38923 0.851289 0.441572 0.207255 0.180568 0.228025 0.32519 0.413056 0.480876 0.71369 0.83591 1.04735 1.5025 2.08859
S_f
 0.192049 1 1 1 1
 0.192049 1 1 1 1
 0.192049 1 1 1 1
 0.192049 1 1 1 1
 0.192049 1 1 1 1
 0.192049 1 1 1 1
 0.192049 1 1 1 1
 0.192049 1 1 1 1
 0.192049 1 1 1 1
 0.192049 1 1 1 1
 0.192049 1 1 1 1
 0.192049 1 1 1 1
 0.192049 1 1 1 1
 0.192049 1 1 1 1
 0.192049 1 1 1 1
 0.192049 1 1 1 1
 0.192049 1 1 1 1
 0.192049 1 1 1 1
 0.192049 1 1 1 1
 0.192049 1 1 1 1
 0.192049 1 1 1 1
 0.192049 1 1 1 1
 0.192049 1 1 1 1
 0.192049 1 1 1 1
 0.192049 1 1 1 1
Scru_reclas
 1 1 1 1 1
 1 1 1 1 1
 1 1 1 1 1
 1 1 1 1 1
 1 1 1 1 1
 1 1 1 1 1
 1 1 1 1 1
 1 1 1 1 1
 1 1 1 1 1
 1 1 1 1 1
 1 1 1 1 1
 1 1 1 1 1
 1 1 1 1 1
 1 1 1 1 1
 1 1 1 1 1
 1 1 1 1 1
 1 1 1 1 1
 1 1 1 1 1
 1 1 1 1 1
 1 1 1 1 1
 1 1 1 1 1
 1 1 1 1 1
 1 1 1 1 1
 1 1 1 1 1
 1 1 1 1 1
Scru_pelaces
 0.952973 1 1 1 1
 0.952973 1 1 1 1
 0.952973 1 1 1 1
 0.952973 1 1 1 1
 0.952973 1 1 1 1
 0.952973 1 1 1 1
 0.952973 1 1 1 1
 0.952973 1 1 1 1
 0.952973 1 1 1 1
 0.952973 1 1 1 1
 0.952973 1 1 1 1
 0.952973 1 1 1 1
 0.952973 1 1 1 1
 0.952973 1 1 1 1
 0.952973 1 1 1 1
 0.952973 1 1 1 1
 0.952973 1 1 1 1
 0.952973 1 1 1 1
 0.952973 1 1 1 1
 0.952973 1 1 1 1
 0.952973 1 1 1 1
 0.952973 1 1 1 1
 0.952973 1 1 1 1
 0.952973 1 1 1 1
 0.952973 1 1 1 1
pf_obs 
 0.256992 0.487395 0.22802 0.0275931 0
 0.321318 0.546541 0.124235 0.00734118 0.000564706
 0.182869 0.594174 0.210203 0.0122559 0.00049798
 0.330522 0.361315 0.267642 0.0388342 0.00168674
 0.649043 0.306663 0.0425973 0.00169635 0
 0.582887 0.30429 0.105238 0.00758474 0
 0.465427 0.430635 0.0974691 0.00646863 0
 0.296916 0.608066 0.0921331 0.00288517 0
 0.311714 0.524322 0.152257 0.0117073 0
 0.15457 0.633149 0.183074 0.0267441 0.00246327
 0.131901 0.49318 0.331252 0.0422183 0.00144891
 0.196976 0.569456 0.194076 0.0375587 0.00193317
 0.518974 0.381816 0.0799577 0.0180837 0.00116848
 0.0928022 0.601141 0.25162 0.0475244 0.00691264
 0.122501 0.610282 0.24278 0.0234846 0.000952079
 0.383417 0.481906 0.127806 0.00687128 0
 0.0376549 0.599619 0.316969 0.0457579 0
 0.0361596 0.667082 0.258105 0.0386534 0
 0.158088 0.579412 0.248529 0.0139706 0
 0.0477256 0.309471 0.559284 0.082774 0.000745712
 0.0406174 0.521527 0.379366 0.0568643 0.0016247
 0.151134 0.462217 0.34131 0.0453401 0
 0.294876 0.26143 0.354403 0.0886775 0.000613685
 0.281977 0.475581 0.204845 0.0348837 0.00271318
 0.0841818 0.532909 0.334909 0.0458182 0.00218182
pf_pred 
 0.377209 0.440066 0.16347 0.0192451 9.82741e-06
 0.310841 0.544913 0.101925 0.0378619 0.00445969
 0.177387 0.599346 0.176536 0.0330207 0.0137109
 0.264397 0.423019 0.227745 0.0670818 0.0177575
 0.300423 0.461321 0.137012 0.0737649 0.0274788
 0.176072 0.57058 0.167065 0.0496181 0.0366647
 0.253029 0.407439 0.23513 0.0688456 0.0355563
 0.195212 0.522324 0.154071 0.0889134 0.0394791
 0.224113 0.451507 0.21053 0.0621005 0.0517504
 0.2077 0.49739 0.171614 0.0800209 0.0432739
 0.126072 0.52497 0.219069 0.0755854 0.0543037
 0.129202 0.420356 0.270581 0.112913 0.0669477
 0.207664 0.38564 0.196322 0.126372 0.0840019
 0.192748 0.529261 0.135302 0.0688796 0.0738095
 0.274525 0.507306 0.143039 0.0365669 0.0385633
 0.352504 0.50675 0.0984199 0.0277503 0.0145757
 0.234194 0.5971 0.132034 0.0256435 0.0110281
 0.247712 0.488441 0.205722 0.0454906 0.0126347
 0.242963 0.495348 0.169908 0.0715619 0.0202193
 0.320209 0.438157 0.158107 0.0542317 0.0292951
 0.271995 0.529506 0.127942 0.0461673 0.0243899
 0.262585 0.493479 0.177423 0.04287 0.0236418
 0.309197 0.456882 0.156541 0.056282 0.0210988
 0.263928 0.524522 0.139914 0.0479386 0.0236968
 0.113932 0.588821 0.211817 0.0565012 0.0289284
pobs_RECLAS
 0 0 0 0 0
 0 0 0 0 0
 0 0 0 0 0
 0 0 0 0 0
 0.835266 0.146461 0.0176864 0.000547809 3.91292e-05
 0.385257 0.428462 0.181853 0.0044286 0
 0.867414 0.0963971 0.0333333 0.00285562 0
 0.441836 0.489002 0.0689373 0.000224442 0
 0.779404 0.147425 0.0564933 0.0165055 0.000172143
 0.814271 0.122319 0.05973 0.00367925 0
 0.40263 0.566651 0.0304383 0.000280538 0
 0.475488 0.404961 0.113038 0.00651328 0
 0.955842 0.0263864 0.0167828 0.000988607 0
 0.975058 0.0227948 0.00214734 0 0
 0.738997 0.206755 0.0527124 0.00153531 0
 0.850938 0.134255 0.0134407 0.00136685 0
 0.542534 0.407297 0.0501686 0 0
 0.764087 0.199537 0.0359546 0.000420521 0
 0.470689 0.182191 0.310203 0.0369168 0
 0.84361 0.089868 0.0606195 0.00523954 0.000663233
 0.607945 0.314616 0.071237 0.00620181 0
 0.523733 0.453247 0.0230204 0 0
 0.530135 0.295979 0.169645 0.0042399 0
 0.562478 0.366248 0.0663022 0.0049721 0
 0.250443 0.683176 0.0655157 0.000865301 0
ppred_RECLAS
 0.763603 0.167039 0.0620496 0.007305 3.73026e-06
 0.704869 0.233358 0.0436491 0.0162143 0.00190985
 0.535138 0.338693 0.099761 0.0186601 0.00774811
 0.6526 0.199777 0.107556 0.0316804 0.00838627
 0.691144 0.203669 0.0604895 0.0325664 0.0121316
 0.528869 0.326264 0.0955294 0.0283722 0.0209653
 0.639401 0.19669 0.113509 0.0332351 0.0171648
 0.560984 0.28493 0.0840465 0.0485027 0.021536
 0.604007 0.230437 0.107449 0.0316945 0.0264121
 0.58001 0.263662 0.0909711 0.0424183 0.0229391
 0.436298 0.338616 0.141304 0.0487542 0.035027
 0.442722 0.269012 0.173162 0.0722603 0.0428441
 0.589573 0.19976 0.101694 0.06546 0.0435127
 0.583197 0.27327 0.0698594 0.0355641 0.0381095
 0.687936 0.218218 0.0615284 0.0157293 0.0165881
 0.745117 0.199479 0.0387424 0.0109237 0.00573761
 0.618817 0.297209 0.0657208 0.0127641 0.00548928
 0.634376 0.23739 0.0999841 0.0221091 0.00614064
 0.627869 0.243494 0.0835202 0.0351772 0.00993904
 0.712402 0.18537 0.06689 0.0229437 0.0123938
 0.661457 0.246235 0.0594966 0.0214691 0.011342
 0.650965 0.233575 0.0839785 0.0202913 0.0111902
 0.701237 0.197595 0.0677019 0.0243412 0.00912495
 0.652736 0.247459 0.0660087 0.0226165 0.0111797
 0.402482 0.39707 0.142838 0.0381015 0.0195078
pobs_PELACES
 0 0 0 0 0
 0 0 0 0 0
 0 0 0 0 0
 0 0 0 0 0
 0 0 0 0 0
 0 0 0 0 0
 0 0 0 0 0
 0 0 0 0 0
 0 0 0 0 0
 0 0 0 0 0
 0.450072 0.473896 0.0757376 0.000293798 0
 0 0 0 0 0
 0.463077 0.371075 0.160297 0.00555027 0
 0.529543 0.364841 0.0842815 0.0213345 0
 0.631943 0.363953 0.00410389 0 0
 0.735681 0.248677 0.0153453 0.000297389 0
 0.695825 0.281241 0.0229344 0 0
 0.275771 0.60734 0.115278 0.00161068 0
 0 0 0 0 0
 0.896147 0.0623911 0.0374545 0.00400742 0
 0.803859 0.145111 0.0509908 3.86294e-05 0
 0.739449 0.233085 0.0266225 0.000797448 4.60066e-05
 0.878498 0.100942 0.0204185 0.000141795 0
 0.694673 0.275183 0.0284847 0.00165964 0
 0.469039 0.446079 0.0841089 0.000773354 0
ppred_PELACES
 0.773416 0.160105 0.0594739 0.00700176 3.57541e-06
 0.71086 0.228621 0.0427631 0.0158852 0.00187109
 0.549679 0.328098 0.0966404 0.0180764 0.00750574
 0.64618 0.203469 0.109544 0.0322658 0.00854124
 0.681688 0.209904 0.0623414 0.0335635 0.012503
 0.527838 0.326978 0.0957384 0.0284343 0.0210112
 0.634669 0.199272 0.114998 0.0336713 0.01739
 0.56302 0.283609 0.0836568 0.0482778 0.0214362
 0.608345 0.227913 0.106272 0.0313472 0.0261227
 0.582033 0.262392 0.0905329 0.042214 0.0228286
 0.454898 0.327444 0.136642 0.0471455 0.0338713
 0.459713 0.26081 0.167882 0.070057 0.0415377
 0.622447 0.18376 0.0935486 0.0602168 0.0400274
 0.650896 0.228884 0.0585126 0.0297877 0.0319197
 0.743854 0.179116 0.0505033 0.0129108 0.0136157
 0.759649 0.188106 0.0365336 0.0103009 0.0054105
 0.627856 0.290161 0.0641623 0.0124615 0.00535911
 0.63653 0.235992 0.0993954 0.0219789 0.00610448
 0.627728 0.243587 0.0835519 0.0351905 0.00994282
 0.71255 0.185275 0.0668555 0.0229319 0.0123874
 0.655789 0.250358 0.0604928 0.0218286 0.0115319
 0.646931 0.236274 0.084949 0.0205258 0.0113195
 0.698721 0.199259 0.0682719 0.0245462 0.00920178
 0.649661 0.24965 0.0665931 0.0228167 0.0112787
 0.39846 0.399743 0.1438 0.0383579 0.0196391
pobs_pel_tallas
 0 0 0 0 0 0 0 0 0 0 0 0 0 0 0 0 0 0 0 0 0 0 0 0 0 0 0 0 0 0 0 0 0 0 0 0
 0 0 0 0 0 0 0 0 0 0 0 0 0 0 0 0 0 0 0 0 0 0 0 0 0 0 0 0 0 0 0 0 0 0 0 0
 0 0 0 0 0 0 0 0 0 0 0 0 0 0 0 0 0 0 0 0 0 0 0 0 0 0 0 0 0 0 0 0 0 0 0 0
 0 0 0 0 0 0 0 0 0 0 0 0 0 0 0 0 0 0 0 0 0 0 0 0 0 0 0 0 0 0 0 0 0 0 0 0
 0 0 0 0 0 0 0 0 0 0 0 0 0 0 0 0 0 0 0 0 0 0 0 0 0 0 0 0 0 0 0 0 0 0 0 0
 0 0 0 0 0 0 0 0 0 0 0 0 0 0 0 0 0 0 0 0 0 0 0 0 0 0 0 0 0 0 0 0 0 0 0 0
 0 0 0 0 0 0 0 0 0 0 0 0 0 0 0 0 0 0 0 0 0 0 0 0 0 0 0 0 0 0 0 0 0 0 0 0
 0 0 0 0 0 0 0 0 0 0 0 0 0 0 0 0 0 0 0 0 0 0 0 0 0 0 0 0 0 0 0 0 0 0 0 0
 0 0 0 0 0 0 0 0 0 0 0 0 0 0 0 0 0 0 0 0 0 0 0 0 0 0 0 0 0 0 0 0 0 0 0 0
 0 0 0 0 0 0 0 0 0 0 0 0 0 0 0 0 0 0 0 0 0 0 0 0 0 0 0 0 0 0 0 0 0 0 0 0
 0 0 0 0 0 0 0 0 1.78061e-05 0.00172719 0.00360574 0.0105946 0.0120993 0.0124554 0.0147524 0.0171206 0.0266825 0.0428682 0.0675386 0.121331 0.153587 0.119568 0.100827 0.0573624 0.0630603 0.0341343 0.0324427 0.0444173 0.0211091 0.0280891 0.0125444 0.00206551 0 0 0 0
 0 0 0 0 0 0 0 0 0 0 0 0 0 0 0 0 0 0 0 0 0 0 0 0 0 0 0 0 0 0 0 0 0 0 0 0
 0 0 0 0 0 0 0.0133647 0.0140871 0.0187388 0.0205184 0.03894 0.0496705 0.03968 0.0493445 0.0407372 0.0367815 0.0215668 0.0243155 0.0234873 0.0199281 0.019796 0.0243948 0.0301388 0.0376714 0.0412746 0.0863199 0.0771752 0.113111 0.0741005 0.0525337 0.0229764 0.00759418 0.00175318 0 0 0
 0 0 0 0 0 0 0 0 0 0 0.00219441 0.00772107 0.0458388 0.0604681 0.0671733 0.0775358 0.0609151 0.0617685 0.073594 0.0568108 0.0755445 0.0548602 0.0670107 0.0636378 0.0643287 0.046367 0.0373049 0.0286899 0.0247887 0.0153202 0.00654259 0.00121912 0.000365735 0 0 0
 0 0 0 0 0 0 0 0 0 0 0 0 0.000112435 0.00938835 0.0111873 0.0202946 0.0414886 0.0713402 0.111592 0.104902 0.108894 0.110636 0.117776 0.105296 0.107544 0.0401394 0.0192827 0.0124803 0.00416011 0.0028671 0.000618394 0 0 0 0 0
 0 0 0 0 0 0 0 0 0 0 0.00291406 0.0102884 0.027416 0.0768956 0.0749926 0.110853 0.0956884 0.0897413 0.0766577 0.0534642 0.0500743 0.0551293 0.0594112 0.0620874 0.0668451 0.0424026 0.0208742 0.0120726 0.0048766 0.00582813 0.00118941 0.000297354 0 0 0 0
 0 0.00264628 0.0354308 0.0461629 0.0458689 0.0383711 0.0214643 0.0164657 0.0346957 0.0420465 0.0363128 0.0245516 0.0311673 0.0291091 0.0169068 0.0133784 0.00837989 0.0085269 0.0148486 0.0160247 0.0276389 0.0546898 0.0760071 0.122758 0.109233 0.0665981 0.0333725 0.0166128 0.00676272 0.00308733 0.000882094 0 0 0 0 0
 0 0 0 0 0 0 0 0.000805153 0.000690131 0.00759144 0.0133425 0.0154129 0.00931677 0.000345066 0.00356568 0.00563607 0.00851162 0.0253048 0.0502646 0.0516448 0.0657925 0.0565908 0.0611916 0.0827007 0.0866115 0.110766 0.145733 0.0935128 0.0569358 0.0249597 0.0138026 0.00621118 0.00161031 0.00115022 0 0
 0 0 0 0 0 0 0 0 0 0 0 0 0 0 0 0 0 0 0 0 0 0 0 0 0 0 0 0 0 0 0 0 0 0 0 0
 0.00147267 0.00158595 0.00478618 0.00569244 0.00954404 0.0108468 0.00647125 0.017049 0.0510054 0.094081 0.124002 0.0959785 0.0687766 0.0820023 0.061753 0.0591476 0.0492212 0.0479892 0.0443925 0.0268479 0.0217502 0.0140895 0.0121071 0.0120363 0.00920419 0.00665534 0.0049561 0.00860946 0.00930331 0.0156896 0.0114698 0.00855282 0.00243557 0.00046729 0 2.83206e-05
 0 0 0 0 0.000772559 0.00158375 0.000888443 0.00281984 0.00712685 0.0440552 0.0773331 0.111326 0.0921469 0.0852325 0.0710754 0.0886704 0.0786465 0.0553345 0.0373146 0.0185414 0.00753245 0.00457741 0.012979 0.0271748 0.0457355 0.0583668 0.034881 0.0177882 0.00938659 0.00492506 0.0015258 0.00185414 0.000309023 5.79419e-05 3.86279e-05 0
 0 0.00173294 0.00326652 0 0.00397197 0.00683976 0.00946217 0.0152591 0.00757587 0.0136028 0.0228656 0.0392903 0.0559909 0.0764795 0.0681675 0.0726916 0.0566044 0.0477403 0.0527397 0.0444891 0.0609904 0.0582453 0.0661739 0.0445044 0.0529084 0.0360697 0.0280645 0.0235558 0.0158879 0.00826598 0.00280645 0.00217768 0.000904811 0.00058276 9.20147e-05 0
 0 0 0 0 0 0 0 0 0 0 0 0 0 0 0 0 0 0 0 0 0 0 0 0 0 0 0 0 0 0 0 0 0 0 0 0
 0 0 0 0 0 0 0 0 0 0 0 0 0 0 0 0 0 0 0 0 0 0 0 0 0 0 0 0 0 0 0 0 0 0 0 0
 0 0 0 0 0 0 0 0 0 0 0 0 0 0 0 0 0 0 0 0 0 0 0 0 0 0 0 0 0 0 0 0 0 0 0 0
ppred_pel_tallas
 1.01138e-16 3.37438e-05 0.000198052 0.000941457 0.00362467 0.0113032 0.028551 0.058419 0.0968355 0.130046 0.141511 0.124813 0.0893235 0.0520857 0.0251958 0.0109592 0.0056862 0.00503493 0.00634468 0.00844623 0.0108596 0.0132932 0.0154776 0.0171613 0.0181534 0.0183637 0.0178191 0.0166484 0.0150439 0.0132132 0.0113374 0.00954632 0.00791408 0.00646953 0.00521318 0.00413293
 1.01315e-16 3.10188e-05 0.000182048 0.000865356 0.00333164 0.0103894 0.0262429 0.0536969 0.0890105 0.119544 0.130103 0.114797 0.082254 0.048163 0.023671 0.0109318 0.00658718 0.00666834 0.00872752 0.0116527 0.0149252 0.0181648 0.0209948 0.0230643 0.0241172 0.024049 0.0229291 0.0209746 0.0184912 0.0157983 0.013165 0.0107731 0.00871074 0.00699055 0.00557886 0.00442377
 1.02451e-16 2.39947e-05 0.000140801 0.000669243 0.00257652 0.00803455 0.0202949 0.0415276 0.0688429 0.0924729 0.100678 0.0889236 0.0639118 0.0378191 0.0193265 0.010172 0.00783237 0.00929395 0.0126777 0.0170733 0.021953 0.026826 0.0311618 0.0344531 0.0363194 0.0365901 0.0353371 0.0328415 0.0295121 0.0257833 0.0220269 0.018502 0.0153457 0.0125976 0.0102373 0.00822079
 1.0313e-16 2.81976e-05 0.000165487 0.000786628 0.00302853 0.00944414 0.0238552 0.0488114 0.0809123 0.108669 0.118268 0.104357 0.0747818 0.0438039 0.0215612 0.0100183 0.00613294 0.00631234 0.00835117 0.0112624 0.0145997 0.0180401 0.021255 0.0239241 0.0257926 0.0267203 0.0267037 0.0258592 0.0243802 0.0224819 0.0203555 0.0181426 0.0159336 0.0137802 0.011715 0.00976568
 1.02691e-16 2.9746e-05 0.000174577 0.000829844 0.00319492 0.00996303 0.0251659 0.0514932 0.0853573 0.114638 0.124762 0.110081 0.0788693 0.0461696 0.022671 0.0104385 0.00625344 0.00631442 0.00828346 0.0111089 0.0143132 0.0175542 0.0204921 0.0228049 0.0242491 0.0247108 0.0242256 0.022957 0.0211457 0.0190457 0.0168713 0.0147676 0.0128084 0.0110131 0.00937262 0.00787107
 1.03425e-16 2.30423e-05 0.000135209 0.000642661 0.00247417 0.00771539 0.0194887 0.0398781 0.0661088 0.0888015 0.0966846 0.0854037 0.0613989 0.0363661 0.0186471 0.00991753 0.00776177 0.0092925 0.0127094 0.0171382 0.0220667 0.0270129 0.0314532 0.0348858 0.0369322 0.0374203 0.0364151 0.0341856 0.0311242 0.0276456 0.0241017 0.0207333 0.0176641 0.0149261 0.0124993 0.0103466
 1.03667e-16 2.76955e-05 0.000162539 0.000772616 0.00297458 0.00927591 0.0234303 0.0479419 0.0794709 0.106733 0.116162 0.102499 0.0734515 0.0430272 0.0211841 0.00985263 0.00604656 0.00623942 0.00826838 0.0111679 0.0145043 0.0179644 0.021229 0.023985 0.0259803 0.0270723 0.0272483 0.0266108 0.0253353 0.0236192 0.0216376 0.0195208 0.0173532 0.0151865 0.0130585 0.0110061
 1.03941e-16 2.45746e-05 0.000144209 0.000685457 0.00263896 0.00822929 0.0207867 0.0425336 0.070509 0.0947063 0.103098 0.0910315 0.0653636 0.0385513 0.0194673 0.00986988 0.00715403 0.0082204 0.0111482 0.0150331 0.0193899 0.0237956 0.027799 0.0309676 0.0329728 0.0336605 0.0330768 0.0314398 0.0290702 0.0263059 0.0234308 0.0206356 0.0180155 0.0155944 0.0133594 0.0112909
 1.03881e-16 2.65488e-05 0.000155805 0.000740593 0.00285127 0.00889137 0.022459 0.0459549 0.0761782 0.102314 0.111361 0.098284 0.070476 0.0413752 0.02054 0.00983672 0.0064185 0.00691546 0.00925414 0.012493 0.0161819 0.0199712 0.0234969 0.0264056 0.0284191 0.0293906 0.0293269 0.0283692 0.0267414 0.0246878 0.0224196 0.0200865 0.0177759 0.0155293 0.0133667 0.0113054
 1.03888e-16 2.54028e-05 0.000149073 0.000708586 0.00272802 0.00850702 0.0214882 0.0439688 0.0728872 0.0978979 0.106565 0.0940755 0.0675116 0.0397425 0.0199289 0.00987531 0.00687572 0.00771752 0.0104153 0.0140477 0.0181417 0.0223016 0.0261097 0.0291635 0.0311545 0.0319321 0.0315291 0.0301356 0.0280368 0.0255364 0.022891 0.0202759 0.017783 0.0154417 0.0132503 0.0112019
 1.05249e-16 1.98618e-05 0.000116537 0.00055389 0.00213238 0.00664952 0.0167964 0.0343695 0.0569784 0.076542 0.0833496 0.0736554 0.0530199 0.031539 0.0164237 0.00914557 0.00765283 0.0094843 0.0131056 0.017763 0.0229921 0.0283312 0.0332647 0.037288 0.0400076 0.041222 0.0409539 0.0394206 0.0369584 0.0339303 0.0306473 0.0273268 0.0240901 0.0209878 0.018036 0.0152457
 1.06817e-16 2.00691e-05 0.00011776 0.000559718 0.00215485 0.00671959 0.0169733 0.034731 0.0575758 0.0773387 0.0842019 0.0743723 0.0534572 0.0316417 0.0161901 0.00856422 0.00666778 0.00800316 0.0110321 0.0150371 0.0196284 0.0244476 0.0290932 0.0331595 0.0363115 0.0383458 0.0392182 0.0390243 0.0379492 0.0362043 0.0339762 0.0314034 0.028579 0.0255709 0.0224459 0.019284
 1.05328e-16 2.71618e-05 0.000159408 0.000757733 0.00291728 0.00909723 0.0229789 0.0470183 0.0779396 0.104675 0.11392 0.100515 0.0720159 0.042159 0.0207062 0.00954649 0.00574737 0.00584903 0.00773354 0.0104637 0.0136312 0.0169533 0.0201447 0.0229258 0.0250702 0.0264472 0.0270386 0.0269233 0.0262385 0.0251336 0.0237328 0.0221191 0.0203385 0.0184173 0.0163827 0.014276
 1.03421e-16 2.8404e-05 0.000166697 0.000792377 0.00305066 0.00951315 0.0240295 0.0491683 0.0815044 0.109466 0.11914 0.105137 0.075363 0.0441894 0.0218335 0.0102801 0.00646889 0.00677969 0.00898178 0.012061 0.0155376 0.0190492 0.0222293 0.0247308 0.0262932 0.0267984 0.0262908 0.0249537 0.0230513 0.0208593 0.0186059 0.0164401 0.0144307 0.0125864 0.0108859 0.009304
 1.01856e-16 3.24555e-05 0.000190487 0.000905488 0.00348618 0.0108713 0.0274601 0.056187 0.0931365 0.125081 0.136114 0.120067 0.0859583 0.0501863 0.0243947 0.0108119 0.0059003 0.00549177 0.00702824 0.00937578 0.0120515 0.0147434 0.0171557 0.0190126 0.0201077 0.0203482 0.0197716 0.0185278 0.016834 0.0149194 0.012978 0.0111417 0.00947757 0.00800146 0.00669993 0.00555021
 1.01187e-16 3.31446e-05 0.000194532 0.000924715 0.0035602 0.0111022 0.0280432 0.0573802 0.0951143 0.127737 0.139006 0.122619 0.0877885 0.0512612 0.0249283 0.0110658 0.00605993 0.00565169 0.00722353 0.00960945 0.0123057 0.0149814 0.0173238 0.0190438 0.0199303 0.0198969 0.0189997 0.0174161 0.0153962 0.0132012 0.0110511 0.00909425 0.00740239 0.00598559 0.00481633 0.00385258
 1.01684e-16 2.7402e-05 0.000160808 0.000764368 0.00294279 0.00917676 0.0231799 0.0474304 0.0786255 0.105605 0.114955 0.101482 0.072826 0.0428693 0.021492 0.0106373 0.00738021 0.00824483 0.0110741 0.0148529 0.0190459 0.0231996 0.0268407 0.0295229 0.0309176 0.0308877 0.0295152 0.0270703 0.0239361 0.0205153 0.0171492 0.0140707 0.0113967 0.00914911 0.00729186 0.00576487
 1.02529e-16 2.77781e-05 0.000163021 0.000774899 0.00298335 0.00930327 0.0234994 0.0480837 0.0797069 0.107053 0.116518 0.102832 0.0737298 0.0432707 0.0214528 0.010225 0.0066033 0.00705533 0.00940439 0.0126578 0.0163379 0.020073 0.0234799 0.0261894 0.0279162 0.0285178 0.0280187 0.026589 0.0244901 0.0220061 0.019385 0.0168052 0.0143713 0.0121292 0.0100911 0.00825621
 1.0294e-16 2.73945e-05 0.000160769 0.00076419 0.00294212 0.00917468 0.0231746 0.0474192 0.0786057 0.105575 0.114911 0.10142 0.0727298 0.0427088 0.0212204 0.0101909 0.00668122 0.00721033 0.00963083 0.0129586 0.0167127 0.0205132 0.0239675 0.0266995 0.0284223 0.0289976 0.0284605 0.0269947 0.0248753 0.0223959 0.0198071 0.017283 0.0149174 0.0127424 0.0107566 0.00894879
 1.02377e-16 3.10908e-05 0.000182474 0.000867393 0.0033395 0.0104139 0.0263047 0.0538232 0.0892186 0.11982 0.130394 0.115031 0.0823731 0.0481347 0.0234758 0.0105395 0.00594618 0.00571176 0.00739127 0.00989877 0.012765 0.0156772 0.0183325 0.0204442 0.021793 0.0222722 0.0219062 0.0208319 0.0192557 0.0173979 0.0154473 0.0135348 0.0117315 0.0100626 0.00852835 0.00712257
 1.0223e-16 2.86184e-05 0.000167953 0.000798344 0.00307362 0.00958475 0.0242104 0.0495386 0.0821187 0.110292 0.120044 0.105945 0.0759648 0.0445872 0.0221133 0.0105499 0.00682007 0.00727906 0.00967536 0.0129736 0.016666 0.0203544 0.0236316 0.0261139 0.0275162 0.0277144 0.0267697 0.0249013 0.0224233 0.0196654 0.0169059 0.014333 0.0120399 0.0100449 0.00832233 0.00683153
 1.02518e-16 2.82316e-05 0.000165684 0.000787557 0.00303209 0.00945526 0.0238833 0.0488692 0.0810089 0.108801 0.118419 0.104507 0.0749241 0.043958 0.0217678 0.0103313 0.00661194 0.00701606 0.00932822 0.0125377 0.0161595 0.0198189 0.0231325 0.0257335 0.0273423 0.027825 0.027217 0.0257003 0.0235472 0.0210493 0.0184579 0.0159491 0.0136201 0.0115057 0.00960489 0.00790447
 1.02308e-16 3.04884e-05 0.000178936 0.00085057 0.00327472 0.0102119 0.0257945 0.0527792 0.0874887 0.117499 0.127872 0.112816 0.0808088 0.0472649 0.0231343 0.0105262 0.00613451 0.0060577 0.00789855 0.0105848 0.0136402 0.0167339 0.0195404 0.0217515 0.0231325 0.0235711 0.0230972 0.0218634 0.0200971 0.0180411 0.015903 0.0138271 0.0118914 0.0101222 0.00851721 0.00706565
 1.02338e-16 2.83512e-05 0.000166384 0.000790886 0.00304491 0.00949521 0.0239843 0.0490758 0.0813517 0.109262 0.118924 0.104958 0.0752599 0.0441799 0.0219233 0.0104799 0.00680293 0.00728378 0.00969356 0.0130076 0.0167232 0.0204448 0.0237668 0.0263057 0.0277748 0.0280464 0.0271762 0.0253766 0.0229549 0.0202348 0.0174906 0.0149093 0.0125857 0.0105418 0.00875753 0.00719849
 1.04408e-16 1.74039e-05 0.0001021 0.000485239 0.00186803 0.00582515 0.0147142 0.0301097 0.0499199 0.0670702 0.0730627 0.0646296 0.0466637 0.0280408 0.0151204 0.00924235 0.00865906 0.0112493 0.0156709 0.0212164 0.0273748 0.0335863 0.0392158 0.0436456 0.0464026 0.0472597 0.0462752 0.0437546 0.0401556 0.0359683 0.0316144 0.0273894 0.0234556 0.0198713 0.0166357 0.013728
pSPR Fmed_Fpbrs
0.701684   0.6 0.325
Fs Fmed_Fpbrs
0.22264   0.345122 1.05627
SSBpbr Bo_Bmed_Bpbrs
1.34552e+06  876853  740035 370017
Ro
56387.3
SPR SPRFo_SPRFmed_SPRFpbrs
1.15948e+06 813591 376832
log_Ro
10.76
likeval ReclasPelacesDesembMPH_pf_preclas_ppelaces_ptallas_desvR_qrecl_qpela
 61.0186 22.2049 0.0298332 0.000230169 317.278 198.877 77.7159 0 15.9398 7.57441e-05 7.80977e-06 5.02621e-17 0 0 0
q_reclas_q_pelaces
0.291339 1.48823
M
0.7
N
 64824.2 16583.8 6160.34 725.247 0.370343
 80303.4 29881.7 5589.32 2076.26 244.559
 50699.9 37722.3 11111 2078.29 862.954
 73886.3 23313.3 12551.5 3697 978.651
 121946 36166.8 10741.5 5783.04 2154.29
 91545.7 60371.9 17676.8 5249.99 3879.42
 137283 44041 25415.8 7441.68 3843.36
 120787 66826 19711.8 11375.6 5050.95
 136519 57591.4 26853.9 7921.16 6600.96
 130514 64629.9 22299.2 10397.8 5622.92
 66498.9 62227.6 25967.5 8959.57 6436.92
 41657.1 30212.4 19447.6 8115.45 4811.75
 42348.3 19017.2 9681.29 6231.8 4142.41
 23621.3 18393.8 4702.24 2393.82 2565.15
 17784.1 9213.61 2597.85 664.122 700.382
 21579.3 6994.24 1358.41 383.014 201.175
 17866 9784.93 2163.71 420.23 180.722
 20416.6 8335.07 3510.58 776.282 215.606
 23339 9727.49 3336.59 1405.31 397.06
 39967.8 11199.5 4041.27 1386.18 748.793
 49711.4 19160.6 4629.69 1670.6 882.569
 64618.2 24281.1 8729.92 2109.37 1163.27
 105461 31392 10755.8 3867.1 1449.68
 127706 51022.9 13610.1 4663.23 2305.11
 59783 61854.4 22250.9 5935.33 3038.87
pred_Ctot
 3358.36 3917.99 1455.41 171.343 0.0874953
 3131.31 5489.27 1026.76 381.408 44.9255
 2710.77 9159.02 2697.77 504.612 209.527
 759.586 1215.29 654.29 192.719 51.0157
 267.276 410.422 121.895 65.6261 24.4469
 2059.17 6672.95 1953.82 580.285 428.795
 1952.8 3144.48 1814.66 531.329 274.412
 3468.68 9281.04 2737.65 1579.88 701.494
 4593.93 9255.12 4315.51 1272.95 1060.79
 3750.61 8981.77 3098.98 1445 781.431
 4090.44 17032.8 7107.79 2452.4 1761.9
 2429.01 7902.75 5086.96 2122.79 1258.63
 3846.8 7143.67 3636.71 2340.93 1556.07
 3695.3 10146.8 2593.96 1320.54 1415.05
 2696.47 4982.9 1404.97 359.17 378.78
 1355.42 1948.51 378.436 106.703 56.045
 780.397 1989.69 439.973 85.4506 36.7484
 596.755 1176.69 495.599 109.59 30.4377
 566.432 1154.83 396.114 166.836 47.1382
 996.662 1363.78 492.113 168.798 91.1819
 586.86 1142.47 276.05 99.6112 52.6239
 1009.85 1897.82 682.332 164.869 90.9214
 1954.52 2888.08 989.539 355.774 133.371
 2265.98 4503.32 1201.24 411.58 203.451
 963.264 4978.31 1790.85 477.701 244.581
F
 0.0744315 0.387566 0.387566 0.387566 0.387566
 0.0555621 0.289312 0.289312 0.289312 0.289312
 0.0768987 0.400413 0.400413 0.400413 0.400413
 0.0143861 0.0749088 0.0749088 0.0749088 0.0749088
 0.00305177 0.0158906 0.0158906 0.0158906 0.0158906
 0.0317175 0.165153 0.165153 0.165153 0.165153
 0.0199543 0.103902 0.103902 0.103902 0.103902
 0.0406531 0.211681 0.211681 0.211681 0.211681
 0.0477858 0.248821 0.248821 0.248821 0.248821
 0.0406817 0.21183 0.21183 0.21183 0.21183
 0.0889335 0.463078 0.463078 0.463078 0.463078
 0.0841282 0.438057 0.438057 0.438057 0.438057
 0.133917 0.697305 0.697305 0.697305 0.697305
 0.241468 1.25733 1.25733 1.25733 1.25733
 0.233218 1.21437 1.21437 1.21437 1.21437
 0.0908898 0.473264 0.473264 0.473264 0.473264
 0.0624279 0.325063 0.325063 0.325063 0.325063
 0.0413907 0.215522 0.215522 0.215522 0.215522
 0.0342607 0.178396 0.178396 0.178396 0.178396
 0.0352168 0.183374 0.183374 0.183374 0.183374
 0.0165356 0.0861012 0.0861012 0.0861012 0.0861012
 0.0219421 0.114253 0.114253 0.114253 0.114253
 0.0260683 0.135738 0.135738 0.135738 0.135738
 0.0249457 0.129893 0.129893 0.129893 0.129893
 0.0226296 0.117833 0.117833 0.117833 0.117833
YTP_r0W_actual
 10788.6 109523 59098 19633.5 10468.1
YTP_p0W_proyectada
 19613.4 132976 182373 85581 37593.6
 19613.4 106123 68174.7 83658.5 46473.9
CTP_r0_actual
 963.264 4978.31 1790.85 477.701 244.581
CTP_p0_proyectada
 2307.46 6213.83 5845.29 2102.73 808.465
 2307.46 4959.03 2185.09 2055.49 999.439
Wmedp
 8.5 21.4 31.2 40.7 46.5
nmprior
 10.6 11 7 0
nm_flota  nm_reclas  nm_pelaces    nm_pelaL
inf 13.622 20.2523 49.9364
cv_recla  cv_pelaces  cv_mph
0.706572 0.534314 0.492223
 ------------------------------------------------
Talla a la edad & desviaci?n 
 7.2 14.2025 17.0495 18.207 18.6776
 1.08 2.13037 2.55742 2.73105 2.80164
