years
 1997 1998 1999 2000 2001 2002 2003 2004 2005 2006 2007 2008 2009 2010 2011 2012 2013 2014 2015 2016 2017 2018 2019 2020 2021
reclasobs
 0 0 0 370054 412103 1.49427e+06 250295 1.28982e+06 931140 785840 897777 1.04006e+06 184774 17550 25797 100020 73551 82996 120727 218422 84188 347160 605670 569463 516374
reclaspred
 2.26981e+06 713453 2.60881e+06 1.67721e+06 1.65424e+06 1.9296e+06 3.53974e+06 2.12794e+06 2.04937e+06 1.64711e+06 1.27611e+06 844442 488972 230567 169399 191129 264212 414172 495189 671501 992070 994502 1.79675e+06 2.46575e+06 4.27593e+06
pelacesobs
 0 0 0 0 0 0 0 0 0 2.06254e+06 1.5e+06 0 1.87456e+06 323000 250000 174000 83755 137374 0 501740 490994 745055 786931 1.00524e+06 1.33801e+06
pelacespred
 1.74062e+06 725118 1.01975e+06 1.24875e+06 1.04942e+06 1.02843e+06 1.78083e+06 1.5746e+06 1.23719e+06 1.04108e+06 695369 467791 263720 101887 75601.9 96168.9 138876 219177 277409 363432 580385 607949 831223 1.35355e+06 2.31747e+06
mphobs
 0 0 0 0 0 112323 0 153150 637223 0 255016 313432 73983 77613 109348 50772 0 0 0 0 0 0 0 0 0
mphpred
 1.44457e+06 1.16304e+06 1.38774e+06 1.86458e+06 1.47008e+06 1.6702e+06 2.31485e+06 2.48183e+06 1.89229e+06 1.65227e+06 1.34327e+06 896586 550510 288859 149840 150110 196374 305996 417698 507233 749701 916466 1.19553e+06 1.82692e+06 3.03938e+06
desembarqueobs
 350755 77701 442110 56441 14545 235359 269955 359681 431902 328805 639364 411747 362871 311530 167758 66681 60226 58785 57116 73181 50977 67692 138656 160484 209506
desembarquepred
 350801 77719.1 442362 56448.6 14545.5 235481 270038 359889 432231 329054 640695 412644 363865 312649 168014 66731.1 60268.7 58805.8 57129.7 73200 50983.5 67700.6 138681 160507 209519
Reclutas
 148686 131466 83090 89044.7 123382 105860 146431 118007 122342 108218 68430.5 45075.9 44216.7 30036.2 23029 24620 23616.2 28471.4 33035 52916.3 75891.2 97847.6 169553 254354 288040
log_desv_Rt
 0.669594 0.546504 0.0876792 0.156894 0.483044 0.329876 0.654306 0.4385 0.474574 0.351898 -0.106427 -0.523896 -0.543143 -0.929843 -1.19549 -1.12869 -1.17031 -0.983346 -0.834678 -0.363533 -0.00294406 0.251166 0.800924 1.20648 1.33086
SSB
 1.44457e+06 1.16304e+06 1.38774e+06 1.86458e+06 1.47008e+06 1.6702e+06 2.31485e+06 2.48183e+06 1.89229e+06 1.65227e+06 1.34327e+06 896586 550510 288859 149840 150110 196374 305996 417698 507233 749701 916466 1.19553e+06 1.82692e+06 3.03938e+06
BT
 5.70957e+06 1.52876e+06 2.66136e+06 2.55345e+06 2.21543e+06 2.17988e+06 4.35123e+06 3.65929e+06 3.09996e+06 2.49797e+06 2.0297e+06 1.353e+06 931987 517256 330530 275283 375083 545265 627793 871333 1.3864e+06 1.29122e+06 1.86925e+06 3.16992e+06 5.45439e+06
Ftot
 0.150325 0.10614 0.164553 0.0329193 0.00861202 0.118749 0.0744506 0.164155 0.204199 0.193529 0.475752 0.463476 0.692336 1.19439 0.909347 0.33535 0.220801 0.138085 0.11234 0.10621 0.0502267 0.0664646 0.0753224 0.0635752 0.0478944
BD_Bspro_t
 0.980585 0.891089 0.863995 0.797289 0.83834 0.888223 0.858394 0.853703 0.792746 0.732549 0.668719 0.501284 0.387669 0.27737 0.179336 0.206881 0.32375 0.509058 0.641379 0.733939 0.817677 0.878528 0.889039 0.89875 0.91618
BD_Bspro
 0.922966 0.743088 0.886656 1.19132 0.939268 1.06713 1.47901 1.58569 1.20903 1.05567 0.858243 0.572848 0.351733 0.184558 0.095736 0.0959083 0.125468 0.195507 0.266876 0.324082 0.479 0.58555 0.763849 1.16726 1.94192
BD_Bo
 0.853306 0.687004 0.819737 1.1014 0.868377 0.986589 1.36738 1.46601 1.11778 0.975997 0.793468 0.529613 0.325186 0.170629 0.0885104 0.0886697 0.115998 0.180752 0.246734 0.299622 0.442848 0.541356 0.706198 1.07916 1.79536
BD_Brms
 4.15042 3.34154 3.98714 5.35715 4.22373 4.7987 6.65084 7.13059 5.43679 4.74718 3.85938 2.576 1.58168 0.829927 0.430509 0.431283 0.564206 0.879163 1.2001 1.45734 2.15398 2.63312 3.4349 5.24897 8.73251
S_f
 0.5 1 1 1 1
 0.5 1 1 1 1
 0.5 1 1 1 1
 0.5 1 1 1 1
 0.5 1 1 1 1
 0.5 1 1 1 1
 0.5 1 1 1 1
 0.5 1 1 1 1
 0.5 1 1 1 1
 0.5 1 1 1 1
 0.5 1 1 1 1
 0.5 1 1 1 1
 0.5 1 1 1 1
 0.5 1 1 1 1
 0.5 1 1 1 1
 0.5 1 1 1 1
 0.5 1 1 1 1
 0.5 1 1 1 1
 0.5 1 1 1 1
 0.5 1 1 1 1
 0.5 1 1 1 1
 0.5 1 1 1 1
 0.5 1 1 1 1
 0.5 1 1 1 1
 0.5 1 1 1 1
Scru_reclas
 0.5 1 1 1 1
 0.5 1 1 1 1
 0.5 1 1 1 1
 0.5 1 1 1 1
 0.5 1 1 1 1
 0.5 1 1 1 1
 0.5 1 1 1 1
 0.5 1 1 1 1
 0.5 1 1 1 1
 0.5 1 1 1 1
 0.5 1 1 1 1
 0.5 1 1 1 1
 0.5 1 1 1 1
 0.5 1 1 1 1
 0.5 1 1 1 1
 0.5 1 1 1 1
 0.5 1 1 1 1
 0.5 1 1 1 1
 0.5 1 1 1 1
 0.5 1 1 1 1
 0.5 1 1 1 1
 0.5 1 1 1 1
 0.5 1 1 1 1
 0.5 1 1 1 1
 0.5 1 1 1 1
Scru_pelaces
 0.5 1 1 1 1
 0.5 1 1 1 1
 0.5 1 1 1 1
 0.5 1 1 1 1
 0.5 1 1 1 1
 0.5 1 1 1 1
 0.5 1 1 1 1
 0.5 1 1 1 1
 0.5 1 1 1 1
 0.5 1 1 1 1
 0.5 1 1 1 1
 0.5 1 1 1 1
 0.5 1 1 1 1
 0.5 1 1 1 1
 0.5 1 1 1 1
 0.5 1 1 1 1
 0.5 1 1 1 1
 0.5 1 1 1 1
 0.5 1 1 1 1
 0.5 1 1 1 1
 0.5 1 1 1 1
 0.5 1 1 1 1
 0.5 1 1 1 1
 0.5 1 1 1 1
 0.5 1 1 1 1
pf_obs 
 0.256992 0.487395 0.22802 0.0275931 0
 0.321318 0.546541 0.124235 0.00734118 0.000564706
 0.182869 0.594174 0.210203 0.0122559 0.00049798
 0.330522 0.361315 0.267642 0.0388342 0.00168674
 0.649043 0.306663 0.0425973 0.00169635 0
 0.582887 0.30429 0.105238 0.00758474 0
 0.465427 0.430635 0.0974691 0.00646863 0
 0.296916 0.608066 0.0921331 0.00288517 0
 0.311714 0.524322 0.152257 0.0117073 0
 0.15457 0.633149 0.183074 0.0267441 0.00246327
 0.131901 0.49318 0.331252 0.0422183 0.00144891
 0.196976 0.569456 0.194076 0.0375587 0.00193317
 0.518974 0.381816 0.0799577 0.0180837 0.00116848
 0.0928022 0.601141 0.25162 0.0475244 0.00691264
 0.122501 0.610282 0.24278 0.0234846 0.000952079
 0.383417 0.481906 0.127806 0.00687128 0
 0.0376549 0.599619 0.316969 0.0457579 0
 0.0361596 0.667082 0.258105 0.0386534 0
 0.158088 0.579412 0.248529 0.0139706 0
 0.0477256 0.309471 0.559284 0.082774 0.000745712
 0.0406174 0.521527 0.379366 0.0568643 0.0016247
 0.151134 0.462217 0.34131 0.0453401 0
 0.294876 0.26143 0.354403 0.0886775 0.000613685
 0.281977 0.475581 0.204845 0.0348837 0.00271318
 0.0841818 0.532909 0.334909 0.0458182 0.00218182
pf_pred 
 0.669251 0.236411 0.0846421 0.00969101 4.35638e-06
 0.442635 0.450653 0.0762752 0.0273087 0.00312809
 0.301489 0.433582 0.214206 0.0362554 0.0144673
 0.359165 0.304354 0.208861 0.103186 0.0244337
 0.429964 0.302577 0.127025 0.0871703 0.0532631
 0.348921 0.39191 0.137568 0.0577524 0.0638485
 0.441256 0.293735 0.159519 0.0559943 0.0494953
 0.35008 0.401183 0.130763 0.0710137 0.0469611
 0.385667 0.325737 0.178144 0.0580651 0.0523865
 0.369935 0.359748 0.14333 0.0783868 0.0486007
 0.299977 0.387626 0.178369 0.0710655 0.0629625
 0.314904 0.340021 0.19108 0.0879266 0.0660689
 0.42322 0.295828 0.13944 0.0783603 0.0631524
 0.437351 0.362114 0.102853 0.0484802 0.0492009
 0.537139 0.320939 0.0913399 0.0259437 0.0246391
 0.578521 0.317794 0.0718933 0.020461 0.011331
 0.473672 0.395551 0.0986054 0.0223071 0.00986446
 0.47861 0.342653 0.134326 0.0334856 0.0109252
 0.457056 0.356307 0.122656 0.0480833 0.0158973
 0.525674 0.30108 0.113692 0.0391377 0.0204153
 0.517101 0.33585 0.0933397 0.0352465 0.0184624
 0.480492 0.355731 0.113905 0.0316566 0.0182156
 0.545043 0.297241 0.107995 0.0345802 0.0151406
 0.530313 0.33344 0.0890157 0.0323417 0.01489
 0.453229 0.381025 0.117667 0.0314125 0.0166675
pobs_RECLAS
 0 0 0 0 0
 0 0 0 0 0
 0 0 0 0 0
 0 0 0 0 0
 0.835266 0.146461 0.0176864 0.000547809 3.91292e-05
 0.385257 0.428462 0.181853 0.0044286 0
 0.867414 0.0963971 0.0333333 0.00285562 0
 0.441836 0.489002 0.0689373 0.000224442 0
 0.779404 0.147425 0.0564933 0.0165055 0.000172143
 0.814271 0.122319 0.05973 0.00367925 0
 0.40263 0.566651 0.0304383 0.000280538 0
 0.475488 0.404961 0.113038 0.00651328 0
 0.955842 0.0263864 0.0167828 0.000988607 0
 0.975058 0.0227948 0.00214734 0 0
 0.738997 0.206755 0.0527124 0.00153531 0
 0.850938 0.134255 0.0134407 0.00136685 0
 0.542534 0.407297 0.0501686 0 0
 0.764087 0.199537 0.0359546 0.000420521 0
 0.470689 0.182191 0.310203 0.0369168 0
 0.84361 0.089868 0.0606195 0.00523954 0.000663233
 0.607945 0.314616 0.071237 0.00620181 0
 0.523733 0.453247 0.0230204 0 0
 0.530135 0.295979 0.169645 0.0042399 0
 0.562478 0.366248 0.0663022 0.0049721 0
 0.250443 0.683176 0.0655157 0.000865301 0
ppred_RECLAS
 0.670365 0.235615 0.0843571 0.00965838 4.34171e-06
 0.443477 0.449972 0.0761599 0.0272675 0.00312336
 0.302666 0.432851 0.213845 0.0361943 0.014443
 0.359392 0.304247 0.208787 0.103149 0.0244251
 0.430025 0.302545 0.127012 0.0871609 0.0532574
 0.3498 0.391381 0.137382 0.0576745 0.0637624
 0.441829 0.293434 0.159356 0.0559369 0.0494446
 0.351347 0.4004 0.130508 0.0708752 0.0468695
 0.387367 0.324836 0.177651 0.0579043 0.0522415
 0.371506 0.358851 0.142973 0.0781913 0.0484795
 0.304313 0.385225 0.177264 0.0706253 0.0625725
 0.319206 0.337886 0.18988 0.0873746 0.0656541
 0.431617 0.291521 0.13741 0.0772194 0.0622329
 0.456169 0.350004 0.0994132 0.0468589 0.0475555
 0.549725 0.312212 0.0888562 0.0252382 0.0239692
 0.581711 0.315388 0.0713491 0.0203061 0.0112453
 0.475633 0.394077 0.098238 0.022224 0.0098277
 0.479751 0.341903 0.134032 0.0334123 0.0109013
 0.457958 0.355715 0.122452 0.0480034 0.0158709
 0.526526 0.30054 0.113488 0.0390675 0.0203786
 0.517483 0.335585 0.0932658 0.0352186 0.0184478
 0.481005 0.355379 0.113793 0.0316253 0.0181976
 0.545626 0.29686 0.107857 0.0345358 0.0151212
 0.530801 0.333093 0.088923 0.032308 0.0148745
 0.453589 0.380773 0.117589 0.0313918 0.0166565
pobs_PELACES
 0 0 0 0 0
 0 0 0 0 0
 0 0 0 0 0
 0 0 0 0 0
 0 0 0 0 0
 0 0 0 0 0
 0 0 0 0 0
 0 0 0 0 0
 0 0 0 0 0
 0 0 0 0 0
 0.450072 0.473896 0.0757376 0.000293798 0
 0 0 0 0 0
 0.463077 0.371075 0.160297 0.00555027 0
 0.529543 0.364841 0.0842815 0.0213345 0
 0.631943 0.363953 0.00410389 0 0
 0.735681 0.248677 0.0153453 0.000297389 0
 0.695825 0.281241 0.0229344 0 0
 0.275771 0.60734 0.115278 0.00161068 0
 0 0 0 0 0
 0.896147 0.0623911 0.0374545 0.00400742 0
 0.803859 0.145111 0.0509908 3.86294e-05 0
 0.739449 0.233085 0.0266225 0.000797448 4.60066e-05
 0.878498 0.100942 0.0204185 0.000141795 0
 0.694673 0.275183 0.0284847 0.00165964 0
 0.469039 0.446079 0.0841089 0.000773354 0
ppred_PELACES
 0.675823 0.231714 0.0829605 0.00949847 4.26982e-06
 0.447804 0.446474 0.0755679 0.0270555 0.00309908
 0.308427 0.429275 0.212078 0.0358953 0.0143236
 0.360643 0.303652 0.20838 0.102947 0.0243774
 0.430374 0.30236 0.126934 0.0871077 0.0532248
 0.354269 0.388691 0.136438 0.0572781 0.0633241
 0.444861 0.29184 0.15849 0.0556331 0.049176
 0.357545 0.396574 0.129261 0.0701981 0.0464217
 0.395393 0.32058 0.175324 0.0571458 0.0515572
 0.378992 0.354576 0.14127 0.07726 0.0479021
 0.321183 0.375884 0.172966 0.0689128 0.0610552
 0.336049 0.329526 0.185182 0.0852129 0.0640298
 0.459832 0.27705 0.130589 0.0733863 0.0591437
 0.505324 0.318368 0.0904275 0.0426234 0.0432571
 0.586521 0.286698 0.0815949 0.0231758 0.0220104
 0.595111 0.305285 0.0690635 0.0196556 0.010885
 0.484727 0.387243 0.0965344 0.0218386 0.00965727
 0.485441 0.338164 0.132566 0.033047 0.0107821
 0.462563 0.352693 0.121412 0.0475956 0.0157361
 0.530893 0.297768 0.112442 0.0387072 0.0201907
 0.519552 0.334146 0.0928659 0.0350676 0.0183687
 0.483743 0.353504 0.113192 0.0314585 0.0181016
 0.548706 0.294848 0.107126 0.0343018 0.0150187
 0.533413 0.331239 0.0884281 0.0321282 0.0147917
 0.455549 0.379408 0.117168 0.0312792 0.0165967
pobs_pel_tallas
 0 0 0 0 0 0 0 0 0 0 0 0 0 0 0 0 0 0 0 0 0 0 0 0 0 0 0 0 0 0 0 0 0 0 0 0
 0 0 0 0 0 0 0 0 0 0 0 0 0 0 0 0 0 0 0 0 0 0 0 0 0 0 0 0 0 0 0 0 0 0 0 0
 0 0 0 0 0 0 0 0 0 0 0 0 0 0 0 0 0 0 0 0 0 0 0 0 0 0 0 0 0 0 0 0 0 0 0 0
 0 0 0 0 0 0 0 0 0 0 0 0 0 0 0 0 0 0 0 0 0 0 0 0 0 0 0 0 0 0 0 0 0 0 0 0
 0 0 0 0 0 0 0 0 0 0 0 0 0 0 0 0 0 0 0 0 0 0 0 0 0 0 0 0 0 0 0 0 0 0 0 0
 0 0 0 0 0 0 0 0 0 0 0 0 0 0 0 0 0 0 0 0 0 0 0 0 0 0 0 0 0 0 0 0 0 0 0 0
 0 0 0 0 0 0 0 0 0 0 0 0 0 0 0 0 0 0 0 0 0 0 0 0 0 0 0 0 0 0 0 0 0 0 0 0
 0 0 0 0 0 0 0 0 0 0 0 0 0 0 0 0 0 0 0 0 0 0 0 0 0 0 0 0 0 0 0 0 0 0 0 0
 0 0 0 0 0 0 0 0 0 0 0 0 0 0 0 0 0 0 0 0 0 0 0 0 0 0 0 0 0 0 0 0 0 0 0 0
 0 0 0 0 0 0 0 0 0 0 0 0 0 0 0 0 0 0 0 0 0 0 0 0 0 0 0 0 0 0 0 0 0 0 0 0
 0 0 0 0 0 0 0 0 1.78061e-05 0.00172719 0.00360574 0.0105946 0.0120993 0.0124554 0.0147524 0.0171206 0.0266825 0.0428682 0.0675386 0.121331 0.153587 0.119568 0.100827 0.0573624 0.0630603 0.0341343 0.0324427 0.0444173 0.0211091 0.0280891 0.0125444 0.00206551 0 0 0 0
 0 0 0 0 0 0 0 0 0 0 0 0 0 0 0 0 0 0 0 0 0 0 0 0 0 0 0 0 0 0 0 0 0 0 0 0
 0 0 0 0 0 0 0.0133647 0.0140871 0.0187388 0.0205184 0.03894 0.0496705 0.03968 0.0493445 0.0407372 0.0367815 0.0215668 0.0243155 0.0234873 0.0199281 0.019796 0.0243948 0.0301388 0.0376714 0.0412746 0.0863199 0.0771752 0.113111 0.0741005 0.0525337 0.0229764 0.00759418 0.00175318 0 0 0
 0 0 0 0 0 0 0 0 0 0 0.00219441 0.00772107 0.0458388 0.0604681 0.0671733 0.0775358 0.0609151 0.0617685 0.073594 0.0568108 0.0755445 0.0548602 0.0670107 0.0636378 0.0643287 0.046367 0.0373049 0.0286899 0.0247887 0.0153202 0.00654259 0.00121912 0.000365735 0 0 0
 0 0 0 0 0 0 0 0 0 0 0 0 0.000112435 0.00938835 0.0111873 0.0202946 0.0414886 0.0713402 0.111592 0.104902 0.108894 0.110636 0.117776 0.105296 0.107544 0.0401394 0.0192827 0.0124803 0.00416011 0.0028671 0.000618394 0 0 0 0 0
 0 0 0 0 0 0 0 0 0 0 0.00291406 0.0102884 0.027416 0.0768956 0.0749926 0.110853 0.0956884 0.0897413 0.0766577 0.0534642 0.0500743 0.0551293 0.0594112 0.0620874 0.0668451 0.0424026 0.0208742 0.0120726 0.0048766 0.00582813 0.00118941 0.000297354 0 0 0 0
 0 0.00264628 0.0354308 0.0461629 0.0458689 0.0383711 0.0214643 0.0164657 0.0346957 0.0420465 0.0363128 0.0245516 0.0311673 0.0291091 0.0169068 0.0133784 0.00837989 0.0085269 0.0148486 0.0160247 0.0276389 0.0546898 0.0760071 0.122758 0.109233 0.0665981 0.0333725 0.0166128 0.00676272 0.00308733 0.000882094 0 0 0 0 0
 0 0 0 0 0 0 0 0.000805153 0.000690131 0.00759144 0.0133425 0.0154129 0.00931677 0.000345066 0.00356568 0.00563607 0.00851162 0.0253048 0.0502646 0.0516448 0.0657925 0.0565908 0.0611916 0.0827007 0.0866115 0.110766 0.145733 0.0935128 0.0569358 0.0249597 0.0138026 0.00621118 0.00161031 0.00115022 0 0
 0 0 0 0 0 0 0 0 0 0 0 0 0 0 0 0 0 0 0 0 0 0 0 0 0 0 0 0 0 0 0 0 0 0 0 0
 0.00147267 0.00158595 0.00478618 0.00569244 0.00954404 0.0108468 0.00647125 0.017049 0.0510054 0.094081 0.124002 0.0959785 0.0687766 0.0820023 0.061753 0.0591476 0.0492212 0.0479892 0.0443925 0.0268479 0.0217502 0.0140895 0.0121071 0.0120363 0.00920419 0.00665534 0.0049561 0.00860946 0.00930331 0.0156896 0.0114698 0.00855282 0.00243557 0.00046729 0 2.83206e-05
 0 0 0 0 0.000772559 0.00158375 0.000888443 0.00281984 0.00712685 0.0440552 0.0773331 0.111326 0.0921469 0.0852325 0.0710754 0.0886704 0.0786465 0.0553345 0.0373146 0.0185414 0.00753245 0.00457741 0.012979 0.0271748 0.0457355 0.0583668 0.034881 0.0177882 0.00938659 0.00492506 0.0015258 0.00185414 0.000309023 5.79419e-05 3.86279e-05 0
 0 0.00173294 0.00326652 0 0.00397197 0.00683976 0.00946217 0.0152591 0.00757587 0.0136028 0.0228656 0.0392903 0.0559909 0.0764795 0.0681675 0.0726916 0.0566044 0.0477403 0.0527397 0.0444891 0.0609904 0.0582453 0.0661739 0.0445044 0.0529084 0.0360697 0.0280645 0.0235558 0.0158879 0.00826598 0.00280645 0.00217768 0.000904811 0.00058276 9.20147e-05 0
 0 0 0 0 0 0 0 0 0 0 0 0 0 0 0 0 0 0 0 0 0 0 0 0 0 0 0 0 0 0 0 0 0 0 0 0
 0 0 0 0 0 0 0 0 0 0 0 0 0 0 0 0 0 0 0 0 0 0 0 0 0 0 0 0 0 0 0 0 0 0 0 0
 0 0 0 0 0 0 0 0 0 0 0 0 0 0 0 0 0 0 0 0 0 0 0 0 0 0 0 0 0 0 0 0 0 0 0 0
ppred_pel_tallas
 1.0158e-16 2.94913e-05 0.000173079 0.000822718 0.00316747 0.00987743 0.0249497 0.051051 0.0846251 0.113656 0.1237 0.109157 0.0782369 0.0458588 0.022629 0.0106051 0.00660618 0.00686997 0.00907758 0.0121743 0.0156613 0.0191623 0.0222959 0.0246996 0.0260985 0.0263641 0.0255379 0.0238095 0.0214605 0.018794 0.0160736 0.0134878 0.0111433 0.00907987 0.00729544 0.00576943
 1.02293e-16 1.95572e-05 0.000114738 0.000545314 0.00209932 0.00654639 0.016536 0.0338377 0.0561001 0.0753724 0.0821029 0.0726177 0.052412 0.0314553 0.0168866 0.0101997 0.00941423 0.0121255 0.0168006 0.0226187 0.0289812 0.0352417 0.0406814 0.0446187 0.0465565 0.0462966 0.0439821 0.0400469 0.0350978 0.0297678 0.0245891 0.0199201 0.0159323 0.0126461 0.00998832 0.00784859
 1.05053e-16 1.34794e-05 7.90566e-05 0.000375682 0.0014462 0.00450965 0.0113914 0.0233114 0.0386526 0.0519438 0.0566161 0.0501559 0.0363758 0.0221844 0.012556 0.00859042 0.00899996 0.0121957 0.0171603 0.023318 0.0301834 0.0371743 0.0436105 0.0488181 0.052267 0.0536795 0.0530759 0.050739 0.0471183 0.04271 0.0379531 0.0331716 0.0285655 0.0242379 0.0202357 0.0165845
 1.07734e-16 1.5751e-05 9.2405e-05 0.000439168 0.00169068 0.0052721 0.0133171 0.0272506 0.0451782 0.0606956 0.0661082 0.0584534 0.0421516 0.0252251 0.0134165 0.0079258 0.00716452 0.0092202 0.0129082 0.0176476 0.0230648 0.0287622 0.034275 0.0391281 0.0429241 0.0454162 0.0465399 0.046393 0.0451788 0.0431347 0.0404756 0.0373661 0.0339249 0.0302463 0.0264253 0.0225721
 1.07381e-16 1.87913e-05 0.000110255 0.00052403 0.00201742 0.00629103 0.0158909 0.0325165 0.0539064 0.0724148 0.0788545 0.069681 0.0501544 0.0298256 0.0155163 0.00861864 0.00719327 0.0089164 0.0123455 0.0167821 0.0218067 0.0270063 0.0319175 0.0360823 0.0391383 0.0408895 0.0413351 0.0406407 0.0390719 0.0369117 0.0343952 0.0316774 0.0288382 0.0259101 0.0229143 0.0198868
 1.06991e-16 1.54763e-05 9.07849e-05 0.00043145 0.00166094 0.00517932 0.0130829 0.0267719 0.0443871 0.05964 0.0649776 0.0574993 0.0415624 0.0250695 0.0136902 0.00863449 0.00836909 0.0110263 0.015424 0.0209328 0.0270828 0.0333466 0.0391202 0.0438131 0.0469695 0.0483643 0.0480394 0.0462648 0.0434476 0.0400179 0.0363358 0.0326417 0.029056 0.0256129 0.0223074 0.0191348
 1.06555e-16 1.94227e-05 0.000113962 0.000541657 0.00208529 0.00650269 0.0164255 0.0336103 0.0557191 0.0748481 0.0814995 0.0720071 0.0518044 0.0307582 0.0159124 0.00869787 0.00710163 0.00871639 0.0120514 0.0163929 0.0213245 0.0264434 0.0312971 0.0354346 0.0384924 0.040265 0.040734 0.0400446 0.0384439 0.0362049 0.0335644 0.030691 0.0276874 0.0246127 0.0215125 0.0184396
 1.06546e-16 1.56195e-05 9.16246e-05 0.00043544 0.0016763 0.00522722 0.0132039 0.0270195 0.0447977 0.0601921 0.0655799 0.058034 0.0419527 0.0253124 0.013836 0.00874575 0.00849442 0.0111964 0.0156563 0.0212342 0.0274492 0.0337606 0.0395503 0.0442156 0.0472939 0.0485605 0.0480655 0.0460946 0.0430737 0.0394527 0.0356081 0.0317918 0.0281297 0.024656 0.0213616 0.0182347
 1.06966e-16 1.72669e-05 0.000101303 0.000481467 0.00185354 0.00577996 0.0146 0.0298754 0.0495293 0.0665393 0.072468 0.0640648 0.0461718 0.0275776 0.0145685 0.00844718 0.00745626 0.00948136 0.0132065 0.0179812 0.0233881 0.0289935 0.0343008 0.0388139 0.0421328 0.0440319 0.0444923 0.0436754 0.0418562 0.0393386 0.0363872 0.033192 0.0298692 0.0264862 0.0230935 0.0197479
 1.07014e-16 1.6553e-05 9.71089e-05 0.000461522 0.00177673 0.00554044 0.013995 0.0286378 0.047479 0.0637888 0.0694832 0.0614516 0.0443438 0.0265965 0.0142518 0.00857724 0.00790608 0.0102223 0.0142612 0.0193752 0.0251184 0.0310096 0.0365 0.0410491 0.0442339 0.0458346 0.045869 0.0445584 0.0422474 0.0393039 0.0360379 0.0326591 0.0292783 0.0259381 0.0226539 0.0194464
 1.07799e-16 1.40332e-05 8.23133e-05 0.000391177 0.00150588 0.00469578 0.0118615 0.0242727 0.0402445 0.0540766 0.0589236 0.0521594 0.0377405 0.0228406 0.0126127 0.00817038 0.00814206 0.0108527 0.0152446 0.0207523 0.0269431 0.0333186 0.0392989 0.044308 0.0478893 0.0497979 0.0500364 0.0488221 0.0465034 0.0434573 0.0400052 0.0363691 0.0326734 0.0289758 0.0253083 0.0217095
 1.08656e-16 1.46795e-05 8.61123e-05 0.000409247 0.00157547 0.00491281 0.0124096 0.025394 0.0421016 0.0565664 0.0616219 0.054513 0.0393675 0.0236738 0.0128005 0.00788641 0.0074715 0.00978789 0.0137329 0.0187471 0.0244422 0.0303884 0.036084 0.0410233 0.0447937 0.0471548 0.0480706 0.0476831 0.0462447 0.044035 0.0412944 0.0381918 0.0348301 0.0312739 0.0275829 0.0238348
 1.0723e-16 2.00748e-05 0.000117792 0.000559869 0.00215542 0.00672138 0.0169779 0.0347404 0.0575918 0.0773613 0.0842295 0.0744038 0.0534953 0.0316949 0.016273 0.00869586 0.00686966 0.00829574 0.0114297 0.0155412 0.0202207 0.0250862 0.029713 0.0336803 0.0366512 0.0384382 0.0390291 0.0385623 0.0372673 0.0353911 0.0331402 0.0306524 0.0280018 0.0252241 0.0223484 0.0194193
 1.04874e-16 2.20601e-05 0.000129444 0.000615255 0.00236866 0.00738634 0.0186575 0.0381775 0.0632897 0.0850154 0.0925641 0.0817682 0.0587944 0.034842 0.0179002 0.00957743 0.00756606 0.0091074 0.0124831 0.0168604 0.0217516 0.0266961 0.0311917 0.0347555 0.0370217 0.0378203 0.0372059 0.035425 0.0328373 0.0298199 0.0266864 0.023644 0.0207915 0.0181472 0.0156894 0.0133913
 1.03077e-16 2.55994e-05 0.000150226 0.00071406 0.00274909 0.00857272 0.0216542 0.0443086 0.0734511 0.098657 0.107396 0.0948201 0.0680702 0.0401196 0.0202068 0.0101576 0.00725129 0.00825245 0.0111547 0.0150132 0.0193238 0.0236508 0.0275333 0.0305315 0.0323149 0.032734 0.0318475 0.0298929 0.0272152 0.0241787 0.0210913 0.0181626 0.0154988 0.0131253 0.0110216 0.00915332
 1.02264e-16 2.59748e-05 0.000152428 0.000724523 0.00278937 0.00869833 0.0219715 0.0449579 0.0745278 0.100104 0.108974 0.0962203 0.0690897 0.0407492 0.0205765 0.0104279 0.007546 0.00864765 0.0116917 0.0157069 0.0201618 0.024589 0.0284941 0.0314092 0.0329881 0.0330841 0.0317788 0.0293489 0.0261885 0.0227109 0.0192653 0.0160882 0.0132971 0.0109131 0.00890012 0.00720056
 1.02699e-16 2.11649e-05 0.000124182 0.000590222 0.00227225 0.00708568 0.0178982 0.0366243 0.0607172 0.0815671 0.0888286 0.0785134 0.056552 0.0337097 0.0176794 0.0100377 0.00860288 0.0107476 0.0148174 0.0199697 0.025651 0.0312964 0.0362828 0.0400148 0.0420501 0.0421978 0.0405564 0.0374726 0.0334431 0.0289917 0.0245634 0.0204634 0.0168472 0.0137498 0.0111326 0.00892815
 1.03632e-16 2.11941e-05 0.000124358 0.000591068 0.00227552 0.00709589 0.0179239 0.0366766 0.0608026 0.0816779 0.0889387 0.0785857 0.05655 0.0336005 0.017426 0.00958834 0.00788796 0.00968823 0.0133428 0.0180415 0.0232876 0.0285926 0.0334157 0.0372311 0.0396343 0.0404265 0.0396495 0.0375543 0.0345215 0.0309623 0.0272329 0.0235872 0.0201695 0.0170384 0.0142029 0.0116547
 1.0421e-16 2.01971e-05 0.000118503 0.000563231 0.00216834 0.00676165 0.0170797 0.0349493 0.05794 0.0778353 0.0847618 0.0749127 0.0539451 0.0321294 0.0168038 0.00947047 0.0080473 0.0100319 0.0138573 0.0187406 0.024183 0.0296808 0.0346736 0.0386183 0.0410991 0.0419165 0.0411215 0.0389815 0.0358957 0.0322907 0.028531 0.0248695 0.021443 0.0182982 0.0154323 0.0128287
 1.03967e-16 2.31743e-05 0.000135987 0.000646364 0.00248844 0.00775989 0.0196011 0.0401078 0.0664887 0.0893094 0.0972307 0.0858702 0.0616994 0.0364745 0.0185753 0.00967589 0.00733683 0.00864958 0.011809 0.0159555 0.0206089 0.0253322 0.0296509 0.0331054 0.0353416 0.0361847 0.035669 0.0340091 0.0315308 0.0285831 0.0254656 0.0223873 0.0194629 0.0167358 0.0142111 0.011884
 1.03491e-16 2.26812e-05 0.000133089 0.00063258 0.00243536 0.00759433 0.0191829 0.0392526 0.0650721 0.0874102 0.0951726 0.0840752 0.060459 0.0358401 0.0184338 0.00989513 0.0078516 0.00946506 0.0129637 0.0174822 0.0225054 0.0275427 0.0320597 0.0355445 0.0376121 0.0380886 0.0370428 0.0347519 0.0316187 0.0280679 0.0244589 0.0210363 0.0179241 0.0151525 0.0126982 0.0105212
 1.03649e-16 2.11207e-05 0.000123925 0.000589009 0.00226759 0.00707116 0.0178615 0.0365489 0.0605914 0.0813954 0.0886345 0.0783251 0.0563801 0.0335348 0.0174559 0.00970555 0.00809627 0.0100023 0.0137793 0.0186088 0.0239771 0.0293729 0.0342312 0.0380074 0.0402886 0.0408828 0.0398534 0.0374841 0.034193 0.0304247 0.026559 0.0228587 0.0194634 0.0164158 0.0137028 0.0112926
 1.03498e-16 2.39509e-05 0.000140547 0.000668042 0.00257191 0.00802017 0.0202585 0.041453 0.0687182 0.0923028 0.100486 0.088737 0.0637412 0.0376451 0.0191038 0.00984046 0.00732619 0.00854825 0.0116374 0.0157067 0.0202678 0.0248826 0.0290792 0.0324018 0.034501 0.0352073 0.0345606 0.0327817 0.0302024 0.0271786 0.0240154 0.0209264 0.0180289 0.0153656 0.0129376 0.0107337
 1.03159e-16 2.32855e-05 0.000136637 0.000649447 0.0025003 0.00779687 0.0196945 0.0402992 0.0668069 0.0897393 0.0977055 0.0863053 0.0620466 0.0367488 0.0188412 0.0100167 0.00783302 0.00937085 0.0128086 0.0172599 0.022204 0.0271507 0.0315686 0.0349499 0.0369141 0.0372916 0.0361554 0.0337865 0.0305912 0.0269976 0.0233683 0.0199502 0.0168685 0.0141523 0.0117753 0.00969293
 1.03638e-16 1.98923e-05 0.000116711 0.000554708 0.00213551 0.00665927 0.0168211 0.0344204 0.0570642 0.0766615 0.0834909 0.0738067 0.0531862 0.0317527 0.0167442 0.0096528 0.00843981 0.0106475 0.0147293 0.0198963 0.0256234 0.0313663 0.0365191 0.0404972 0.042859 0.0434015 0.0421978 0.0395591 0.0359411 0.0318282 0.0276337 0.023644 0.0200101 0.0167766 0.0139257 0.0114176
pSPR Fmed_Fpbrs
0.755908   0.255595 0.255595
Fs Fmed_Fpbrs
0.142171   1.005 1.005
SSBpbr Bo_Bmed_Bpbrs
1.69291e+06  1.19504e+06  348054 348054
Ro
76115
SPR SPRFo_SPRFmed_SPRFpbrs
1.56514e+06 1.1831e+06 400041
log_Ro
11.06
likeval ReclasPelacesDesembMPH_pf_preclas_ppelaces_ptallas_desvR_qrecl_qpela
 260.512 50.3256 0.176875 0.0013562 348.964 222.902 81.6004 0 18.5226 0 0 0 0 0 0
q_reclas_q_pelaces
1 1
M
0.7
N
 148686 27130.3 9713.43 1112.13 0.499933
 131466 68489.2 11592.1 4150.32 475.4
 83090 61909.8 30585.8 5176.79 2065.75
 89044.7 38002.3 26078.9 12884 3050.85
 123382 43496.4 18260.3 12531 7656.74
 105860 61006.6 21414.5 8990.03 9938.97
 146431 49538.3 26902.9 9443.41 8347.36
 118007 70058.2 22835 12401.1 8200.78
 122342 53982.9 29523 9622.85 8681.77
 108218 54856.4 21855.9 11952.9 7410.92
 68430.5 48782.8 22447.8 8943.62 7923.84
 45075.9 26787.7 15053.7 6927.08 5205.08
 44216.7 17754 8368.43 4702.77 3790.07
 30036.2 15532.5 4411.76 2079.5 2110.42
 23029 8208.81 2336.25 663.575 630.208
 24620 7257.83 1641.91 467.292 258.78
 23616.2 10338.6 2577.27 583.046 257.829
 28471.4 10501.6 4116.83 1026.27 334.837
 33035 13195.2 4542.36 1780.69 588.73
 52916.3 15508.6 5856.29 2015.98 1051.59
 75891.2 24918.4 6925.34 2615.11 1369.82
 97847.6 36751.8 11768 3270.56 1881.92
 169553 47001.5 17076.8 5468.01 2394.11
 254354 81085.7 21646.8 7864.82 3620.94
 288040 122356 37785.7 10087.3 5352.34
pred_Ctot
 7776.18 2746.92 983.476 112.602 0.0506177
 4901.72 4990.52 844.668 302.416 34.6404
 4742.14 6819.83 3369.26 570.263 227.557
 1046.41 886.721 608.507 300.626 71.1864
 381.355 268.37 112.665 77.3155 47.2416
 4403.76 4946.32 1736.25 728.897 805.836
 3856.33 2567.08 1394.11 489.358 432.561
 6719.22 7700.07 2509.79 1363 901.345
 8590.22 7255.37 3967.93 1293.32 1166.84
 7218.15 7019.38 2796.65 1529.48 948.294
 10562 13648 6280.23 2502.16 2216.86
 6795.4 7337.39 4123.36 1897.39 1425.72
 9491.35 6634.4 3127.15 1757.35 1416.29
 10048.7 8320.07 2363.19 1113.9 1130.46
 6210.19 3710.57 1056.04 299.951 284.868
 2759.83 1516.03 342.967 97.6091 54.0546
 1786.59 1491.93 371.918 84.1375 37.2066
 1371.45 981.865 384.908 95.9524 31.306
 1301.9 1014.92 349.378 136.962 45.2825
 1974.27 1130.76 426.993 146.989 76.6734
 1355.54 880.406 244.683 92.396 48.3977
 2304.5 1706.13 546.304 151.829 87.3644
 4516.71 2463.2 894.945 286.562 125.468
 5733.74 3605.15 962.437 349.678 160.991
 4908.49 4126.51 1274.34 340.199 180.509
F
 0.0751624 0.150325 0.150325 0.150325 0.150325
 0.0530698 0.10614 0.10614 0.10614 0.10614
 0.0822767 0.164553 0.164553 0.164553 0.164553
 0.0164597 0.0329193 0.0329193 0.0329193 0.0329193
 0.00430601 0.00861202 0.00861202 0.00861202 0.00861202
 0.0593747 0.118749 0.118749 0.118749 0.118749
 0.0372253 0.0744506 0.0744506 0.0744506 0.0744506
 0.0820776 0.164155 0.164155 0.164155 0.164155
 0.102099 0.204199 0.204199 0.204199 0.204199
 0.0967644 0.193529 0.193529 0.193529 0.193529
 0.237876 0.475752 0.475752 0.475752 0.475752
 0.231738 0.463476 0.463476 0.463476 0.463476
 0.346168 0.692336 0.692336 0.692336 0.692336
 0.597194 1.19439 1.19439 1.19439 1.19439
 0.454674 0.909347 0.909347 0.909347 0.909347
 0.167675 0.33535 0.33535 0.33535 0.33535
 0.1104 0.220801 0.220801 0.220801 0.220801
 0.0690424 0.138085 0.138085 0.138085 0.138085
 0.0561701 0.11234 0.11234 0.11234 0.11234
 0.053105 0.10621 0.10621 0.10621 0.10621
 0.0251134 0.0502267 0.0502267 0.0502267 0.0502267
 0.0332323 0.0664646 0.0664646 0.0664646 0.0664646
 0.0376612 0.0753224 0.0753224 0.0753224 0.0753224
 0.0317876 0.0635752 0.0635752 0.0635752 0.0635752
 0.0239472 0.0478944 0.0478944 0.0478944 0.0478944
YTP_r0W_actual
 54975.1 90783.3 42053.1 13982.2 7725.81
YTP_p0W_proyectada
 242015 1.44137e+06 871547 351101 157779
 242015 302022 381984 206661 86169.2
CTP_r0_actual
 4908.49 4126.51 1274.34 340.199 180.509
CTP_p0_proyectada
 28472.3 67353.9 27934.2 8626.55 3393.09
 28472.3 14113.2 12243.1 5077.67 1853.1
Wmedp
 8.5 21.4 31.2 40.7 46.5
nmprior
 10.6 11 7 0
nm_flota  nm_reclas  nm_pelaces    nm_pelaL
inf 11.2605 15.1505 34.2417
cv_recla  cv_pelaces  cv_mph
1.45995 0.80439 1.19481
 ------------------------------------------------
Talla a la edad & desviaci?n 
 7.2 14.2025 17.0495 18.207 18.6776
 1.08 2.13037 2.55742 2.73105 2.80164
