    unsorted:	 0.005105410490 0.0008999978345 4.784002075 11.70955360 10.93551867 13.63374778 28.56756420 26.54882023 63.94128344 81.00256565 105.7443843 150.6498312 183.5165341 255.8048412 309.6889229 458.0567691 476.5367689 491.7347822 559.4642847 754.5066776 736.3236445 701.7450285 675.8381150 816.2087396 827.2360608 900.5483331 1005.676223 1017.202362 1190.660274 1298.780033 1457.621340 1711.849600 1760.746465 2307.220448 2462.054625 2482.717977 2653.461481 3511.594402 3782.209327 196232.2008 183694.4697 290382.5157 330533.7731 433719.9358 438754.6081 377003.8015 498869.0567 515871.7619 577535.9727 611983.2432 679437.3679 750617.2833 876302.6980 1003338.246 1106322.966 1306657.934 1399898.322 1585123.589 1729903.770 1811099.040 2068898.544 2125897.041 2418052.149 2472098.941 2595284.707
      sorted:	 0.0008999978345 0.005105410490 4.784002075 10.93551867 11.70955360 13.63374778 26.54882023 28.56756420 63.94128344 81.00256565 105.7443843 150.6498312 183.5165341 255.8048412 309.6889229 458.0567691 476.5367689 491.7347822 559.4642847 675.8381150 701.7450285 736.3236445 754.5066776 816.2087396 827.2360608 900.5483331 1005.676223 1017.202362 1190.660274 1298.780033 1457.621340 1711.849600 1760.746465 2307.220448 2462.054625 2482.717977 2653.461481 3511.594402 3782.209327 183694.4697 196232.2008 290382.5157 330533.7731 377003.8015 433719.9358 438754.6081 498869.0567 515871.7619 577535.9727 611983.2432 679437.3679 750617.2833 876302.6980 1003338.246 1106322.966 1306657.934 1399898.322 1585123.589 1729903.770 1811099.040 2068898.544 2125897.041 2418052.149 2472098.941 2595284.707
