years
 1997 1998 1999 2000 2001 2002 2003 2004 2005 2006 2007 2008 2009 2010 2011 2012 2013 2014 2015 2016 2017 2018 2019 2020 2021
reclasobs
 0 0 0 370054 412103 1.49427e+06 250295 1.28982e+06 931140 785840 897777 1.04006e+06 184774 17550 25797 100020 73551 82996 120727 218422 84188 347160 605670 569463 516374
reclaspred
 664464 154131 353778 203073 329187 405740 880508 631968 728497 820418 720994 490027 302233 123893 71072.6 68969.8 82105.6 105519 112747 150849 232095 221724 373084 442025 481353
pelacesobs
 0 0 0 0 0 0 0 0 0 2.06254e+06 1.5e+06 0 1.87456e+06 323000 250000 174000 83755 137374 0 501740 490994 745055 786931 1.00524e+06 1.33801e+06
pelacespred
 2.33165e+06 517181 630059 619334 920187 792001 2.39173e+06 1.8524e+06 2.043e+06 2.29877e+06 1.65823e+06 1.17959e+06 758017 242683 150243 149224 184458 246084 254257 347772 626019 542010 718006 1.02512e+06 1.03811e+06
mphobs
 0 0 0 0 0 112323 0 153150 637223 0 255016 313432 73983 77613 109348 50772 0 0 0 0 0 0 0 0 0
mphpred
 240406 122616 122091 99397.3 106213 186806 252835 329365 292116 328037 374915 254073 157155 84488.1 36042.3 28437.1 31939.7 40212.8 48196.5 54351.2 82381 102782 126206 173197 218920
desembarqueobs
 350755 77701 442110 56441 14545 235359 269955 359681 431902 328805 639364 411747 362871 311530 167758 66681 60226 58785 57116 73181 50977 67692 138656 160484 209506
desembarquepred
 350750 77689.5 441963 56440.5 14545.1 235409 269995 359559 431829 328741 638992 411609 362751 311419 167477 66655.8 60235.9 58758.3 57086.3 73163 50974.9 67669.4 138639 160474 209488
Reclutas
 33068.1 43328.4 16905.3 24982.7 51566.9 33416.1 70208.2 69862 93039.9 122362 62614.2 46021.3 50622.6 26590.4 14325 12848.9 9092.14 10057.1 11189.8 17454 22909.3 28946.9 45184.3 48954.7 16908.3
log_desv_Rt
 0.0663238 0.336565 -0.604616 -0.214063 0.510635 0.0767942 0.81922 0.814277 1.10078 1.37474 0.704748 0.396859 0.492153 -0.151696 -0.770236 -0.878989 -1.22483 -1.12397 -1.01725 -0.572678 -0.300701 -0.0667819 0.378504 0.458651 -0.604442
SSB
 528395 269501 268347 218468 233448 410586 555715 723921 642051 721002 824038 558434 345416 185699 79218.5 62502.9 70201.1 88384.8 105933 119460 181068 225907 277392 380674 481171
BT
 1.54195e+06 400184 574677 384712 501101 587992 1.48522e+06 1.37569e+06 1.49554e+06 1.53898e+06 1.43089e+06 991845 756364 416567 217438 134234 145986 177911 180337 242700 373690 341275 467070 665114 692265
Ftot
 0.594781 0.626795 1.18332 0.323528 0.05959 0.553871 0.386826 0.677967 0.758232 0.514275 0.887099 0.860381 1.40035 2.50536 2.73591 1.15714 0.859249 0.653352 0.547762 0.584851 0.260297 0.326713 0.397329 0.400279 0.403871
BD_Bspro_t
 0.925497 0.659333 0.555763 0.335285 0.475338 0.669213 0.598547 0.626472 0.560151 0.54125 0.541451 0.37463 0.273021 0.186269 0.0993415 0.0965179 0.145089 0.233958 0.319938 0.404826 0.536232 0.653277 0.661904 0.663183 0.649974
BD_Bspro
 0.830369 0.423519 0.421706 0.343321 0.366862 0.645232 0.873302 1.13764 1.00898 1.13305 1.29497 0.877576 0.542818 0.291825 0.124491 0.0982228 0.110321 0.138896 0.166472 0.187731 0.284547 0.355011 0.435919 0.598226 0.756157
BD_Bo
 0.645743 0.329353 0.327943 0.266986 0.285293 0.50177 0.679129 0.884692 0.78464 0.881124 1.00704 0.682453 0.422126 0.22694 0.0968116 0.0763837 0.0857916 0.108014 0.129458 0.14599 0.22128 0.276077 0.338996 0.465215 0.588031
BD_Brms
 2.1508 1.09699 1.09229 0.889263 0.950238 1.67127 2.26201 2.94668 2.61343 2.9348 3.3542 2.27308 1.406 0.755878 0.322455 0.254414 0.28575 0.359766 0.431193 0.486256 0.737026 0.919541 1.12911 1.54951 1.95858
S_f
 0.145889 1 1 1 1
 0.145889 1 1 1 1
 0.145889 1 1 1 1
 0.145889 1 1 1 1
 0.145889 1 1 1 1
 0.145889 1 1 1 1
 0.145889 1 1 1 1
 0.145889 1 1 1 1
 0.145889 1 1 1 1
 0.145889 1 1 1 1
 0.145889 1 1 1 1
 0.145889 1 1 1 1
 0.145889 1 1 1 1
 0.145889 1 1 1 1
 0.145889 1 1 1 1
 0.145889 1 1 1 1
 0.145889 1 1 1 1
 0.145889 1 1 1 1
 0.145889 1 1 1 1
 0.145889 1 1 1 1
 0.145889 1 1 1 1
 0.145889 1 1 1 1
 0.145889 1 1 1 1
 0.145889 1 1 1 1
 0.145889 1 1 1 1
Scru_reclas
 0.607423 0.943347 0.994451 0.999482 0.999952
 0.607423 0.943347 0.994451 0.999482 0.999952
 0.607423 0.943347 0.994451 0.999482 0.999952
 0.607423 0.943347 0.994451 0.999482 0.999952
 0.607423 0.943347 0.994451 0.999482 0.999952
 0.607423 0.943347 0.994451 0.999482 0.999952
 0.607423 0.943347 0.994451 0.999482 0.999952
 0.607423 0.943347 0.994451 0.999482 0.999952
 0.607423 0.943347 0.994451 0.999482 0.999952
 0.607423 0.943347 0.994451 0.999482 0.999952
 0.607423 0.943347 0.994451 0.999482 0.999952
 0.607423 0.943347 0.994451 0.999482 0.999952
 0.607423 0.943347 0.994451 0.999482 0.999952
 0.607423 0.943347 0.994451 0.999482 0.999952
 0.607423 0.943347 0.994451 0.999482 0.999952
 0.607423 0.943347 0.994451 0.999482 0.999952
 0.607423 0.943347 0.994451 0.999482 0.999952
 0.607423 0.943347 0.994451 0.999482 0.999952
 0.607423 0.943347 0.994451 0.999482 0.999952
 0.607423 0.943347 0.994451 0.999482 0.999952
 0.607423 0.943347 0.994451 0.999482 0.999952
 0.607423 0.943347 0.994451 0.999482 0.999952
 0.607423 0.943347 0.994451 0.999482 0.999952
 0.607423 0.943347 0.994451 0.999482 0.999952
 0.607423 0.943347 0.994451 0.999482 0.999952
Scru_pelaces
 0.868354 1 1 1 1
 0.868354 1 1 1 1
 0.868354 1 1 1 1
 0.868354 1 1 1 1
 0.868354 1 1 1 1
 0.868354 1 1 1 1
 0.868354 1 1 1 1
 0.868354 1 1 1 1
 0.868354 1 1 1 1
 0.868354 1 1 1 1
 0.868354 1 1 1 1
 0.868354 1 1 1 1
 0.868354 1 1 1 1
 0.868354 1 1 1 1
 0.868354 1 1 1 1
 0.868354 1 1 1 1
 0.868354 1 1 1 1
 0.868354 1 1 1 1
 0.868354 1 1 1 1
 0.868354 1 1 1 1
 0.868354 1 1 1 1
 0.868354 1 1 1 1
 0.868354 1 1 1 1
 0.868354 1 1 1 1
 0.868354 1 1 1 1
pf_obs 
 0.256992 0.487395 0.22802 0.0275931 0
 0.321318 0.546541 0.124235 0.00734118 0.000564706
 0.182869 0.594174 0.210203 0.0122559 0.00049798
 0.330522 0.361315 0.267642 0.0388342 0.00168674
 0.649043 0.306663 0.0425973 0.00169635 0
 0.582887 0.30429 0.105238 0.00758474 0
 0.465427 0.430635 0.0974691 0.00646863 0
 0.296916 0.608066 0.0921331 0.00288517 0
 0.311714 0.524322 0.152257 0.0117073 0
 0.15457 0.633149 0.183074 0.0267441 0.00246327
 0.131901 0.49318 0.331252 0.0422183 0.00144891
 0.196976 0.569456 0.194076 0.0375587 0.00193317
 0.518974 0.381816 0.0799577 0.0180837 0.00116848
 0.0928022 0.601141 0.25162 0.0475244 0.00691264
 0.122501 0.610282 0.24278 0.0234846 0.000952079
 0.383417 0.481906 0.127806 0.00687128 0
 0.0376549 0.599619 0.316969 0.0457579 0
 0.0361596 0.667082 0.258105 0.0386534 0
 0.158088 0.579412 0.248529 0.0139706 0
 0.0477256 0.309471 0.559284 0.082774 0.000745712
 0.0406174 0.521527 0.379366 0.0568643 0.0016247
 0.151134 0.462217 0.34131 0.0453401 0
 0.294876 0.26143 0.354403 0.0886775 0.000613685
 0.281977 0.475581 0.204845 0.0348837 0.00271318
 0.0841818 0.532909 0.334909 0.0458182 0.00218182
pf_pred 
 0.247203 0.524408 0.20349 0.0248903 8.43773e-06
 0.282568 0.53941 0.124013 0.0481215 0.00588809
 0.127761 0.686485 0.139661 0.0321087 0.0139839
 0.274162 0.472195 0.199627 0.0406128 0.0134035
 0.328363 0.505105 0.108338 0.045801 0.0123931
 0.15348 0.656212 0.143121 0.0306973 0.0164893
 0.323417 0.420075 0.198842 0.0433679 0.0142983
 0.238605 0.60798 0.0952515 0.0450873 0.0130757
 0.297028 0.528141 0.139604 0.0218716 0.0133554
 0.295716 0.570152 0.100773 0.0266376 0.00672159
 0.147581 0.671653 0.146338 0.0258651 0.00856217
 0.177104 0.535882 0.226149 0.049273 0.0115919
 0.286514 0.496458 0.141332 0.0596439 0.0160523
 0.249041 0.640179 0.0770829 0.021944 0.011753
 0.307516 0.625899 0.056763 0.00683474 0.00298782
 0.350912 0.607543 0.0375505 0.00340547 0.000589299
 0.223767 0.676338 0.0935014 0.00577905 0.000614799
 0.258989 0.558591 0.158944 0.0219735 0.0015026
 0.251491 0.575468 0.130442 0.0371166 0.00548213
 0.314632 0.5151 0.130905 0.0296724 0.00969019
 0.271916 0.588444 0.104949 0.0266712 0.00801991
 0.244234 0.562265 0.15639 0.027892 0.0092198
 0.286255 0.515435 0.147535 0.0410359 0.00973797
 0.230825 0.592058 0.127906 0.036611 0.0125996
 0.0817043 0.656299 0.201668 0.0435673 0.0167622
pobs_RECLAS
 0 0 0 0 0
 0 0 0 0 0
 0 0 0 0 0
 0 0 0 0 0
 0.835266 0.146461 0.0176864 0.000547809 3.91292e-05
 0.385257 0.428462 0.181853 0.0044286 0
 0.867414 0.0963971 0.0333333 0.00285562 0
 0.441836 0.489002 0.0689373 0.000224442 0
 0.779404 0.147425 0.0564933 0.0165055 0.000172143
 0.814271 0.122319 0.05973 0.00367925 0
 0.40263 0.566651 0.0304383 0.000280538 0
 0.475488 0.404961 0.113038 0.00651328 0
 0.955842 0.0263864 0.0167828 0.000988607 0
 0.975058 0.0227948 0.00214734 0 0
 0.738997 0.206755 0.0527124 0.00153531 0
 0.850938 0.134255 0.0134407 0.00136685 0
 0.542534 0.407297 0.0501686 0 0
 0.764087 0.199537 0.0359546 0.000420521 0
 0.470689 0.182191 0.310203 0.0369168 0
 0.84361 0.089868 0.0606195 0.00523954 0.000663233
 0.607945 0.314616 0.071237 0.00620181 0
 0.523733 0.453247 0.0230204 0 0
 0.530135 0.295979 0.169645 0.0042399 0
 0.562478 0.366248 0.0663022 0.0049721 0
 0.250443 0.683176 0.0655157 0.000865301 0
ppred_RECLAS
 0.598178 0.275341 0.11263 0.0138463 4.69607e-06
 0.642338 0.26524 0.0642831 0.0250705 0.00306903
 0.41682 0.45362 0.0972856 0.0224795 0.00979482
 0.625288 0.239145 0.106579 0.0217924 0.00719557
 0.681001 0.236614 0.0534993 0.0227319 0.00615385
 0.451186 0.420188 0.0966083 0.0208259 0.011192
 0.679355 0.194986 0.0972964 0.0213279 0.00703505
 0.590138 0.323612 0.0534464 0.0254268 0.00737749
 0.661369 0.250962 0.0699308 0.0110114 0.006727
 0.655248 0.276173 0.0514574 0.0136707 0.0034512
 0.448605 0.429437 0.0986335 0.0175215 0.00580291
 0.50018 0.319328 0.142061 0.0311086 0.00732198
 0.667979 0.227153 0.0681691 0.0289138 0.0077854
 0.673126 0.276377 0.0350809 0.0100373 0.00537846
 0.744363 0.229841 0.0219736 0.00265918 0.00116302
 0.726056 0.255516 0.0166482 0.00151747 0.000262715
 0.575654 0.36716 0.0535084 0.00332393 0.000353779
 0.615151 0.286242 0.085861 0.01193 0.000816188
 0.603509 0.300969 0.0719165 0.020567 0.00303918
 0.67585 0.240311 0.06438 0.0146669 0.00479206
 0.623569 0.301029 0.0565969 0.0144561 0.00434891
 0.589382 0.301227 0.0883229 0.0158321 0.00523579
 0.641433 0.255005 0.0769453 0.02151 0.00510681
 0.573071 0.324461 0.0738922 0.0212575 0.00731914
 0.284138 0.503655 0.163147 0.0354239 0.0136354
pobs_PELACES
 0 0 0 0 0
 0 0 0 0 0
 0 0 0 0 0
 0 0 0 0 0
 0 0 0 0 0
 0 0 0 0 0
 0 0 0 0 0
 0 0 0 0 0
 0 0 0 0 0
 0 0 0 0 0
 0.450072 0.473896 0.0757376 0.000293798 0
 0 0 0 0 0
 0.463077 0.371075 0.160297 0.00555027 0
 0.529543 0.364841 0.0842815 0.0213345 0
 0.631943 0.363953 0.00410389 0 0
 0.735681 0.248677 0.0153453 0.000297389 0
 0.695825 0.281241 0.0229344 0 0
 0.275771 0.60734 0.115278 0.00161068 0
 0 0 0 0 0
 0.896147 0.0623911 0.0374545 0.00400742 0
 0.803859 0.145111 0.0509908 3.86294e-05 0
 0.739449 0.233085 0.0266225 0.000797448 4.60066e-05
 0.878498 0.100942 0.0204185 0.000141795 0
 0.694673 0.275183 0.0284847 0.00165964 0
 0.469039 0.446079 0.0841089 0.000773354 0
ppred_PELACES
 0.70704 0.20408 0.0791906 0.00968638 3.28365e-06
 0.745546 0.191314 0.0439839 0.0170674 0.00208835
 0.576518 0.333297 0.0678072 0.0155891 0.00678934
 0.715337 0.185188 0.0782905 0.0159277 0.00525664
 0.748011 0.189508 0.0406467 0.0171839 0.00464974
 0.567509 0.335262 0.0731213 0.0156834 0.00842445
 0.76489 0.145975 0.069097 0.0150702 0.0049686
 0.703901 0.236438 0.0370424 0.017534 0.00508502
 0.767781 0.174465 0.0461168 0.00722505 0.0044118
 0.749643 0.202676 0.0358226 0.00946905 0.00238937
 0.587689 0.324875 0.0707833 0.0125108 0.00414148
 0.636774 0.236538 0.0998222 0.0217491 0.00511664
 0.803721 0.136575 0.0388801 0.0164079 0.00441595
 0.850149 0.127745 0.0153816 0.00437884 0.00234527
 0.895129 0.0947875 0.00859632 0.00103507 0.000452483
 0.832493 0.156786 0.00969047 0.000878833 0.000152078
 0.701235 0.260316 0.0359878 0.0022243 0.00023663
 0.724249 0.207867 0.0591476 0.00817696 0.00055916
 0.708126 0.224399 0.0508647 0.0144733 0.00213771
 0.770712 0.172325 0.0437939 0.0099268 0.00324182
 0.708423 0.235655 0.0420291 0.0106811 0.00321175
 0.682783 0.235999 0.0656413 0.0117071 0.00386982
 0.732619 0.193091 0.0552693 0.0153727 0.00364801
 0.672388 0.252173 0.0544784 0.0155936 0.00536649
 0.378611 0.444102 0.136464 0.029481 0.0113426
pobs_pel_tallas
 0 0 0 0 0 0 0 0 0 0 0 0 0 0 0 0 0 0 0 0 0 0 0 0 0 0 0 0 0 0 0 0 0 0 0 0
 0 0 0 0 0 0 0 0 0 0 0 0 0 0 0 0 0 0 0 0 0 0 0 0 0 0 0 0 0 0 0 0 0 0 0 0
 0 0 0 0 0 0 0 0 0 0 0 0 0 0 0 0 0 0 0 0 0 0 0 0 0 0 0 0 0 0 0 0 0 0 0 0
 0 0 0 0 0 0 0 0 0 0 0 0 0 0 0 0 0 0 0 0 0 0 0 0 0 0 0 0 0 0 0 0 0 0 0 0
 0 0 0 0 0 0 0 0 0 0 0 0 0 0 0 0 0 0 0 0 0 0 0 0 0 0 0 0 0 0 0 0 0 0 0 0
 0 0 0 0 0 0 0 0 0 0 0 0 0 0 0 0 0 0 0 0 0 0 0 0 0 0 0 0 0 0 0 0 0 0 0 0
 0 0 0 0 0 0 0 0 0 0 0 0 0 0 0 0 0 0 0 0 0 0 0 0 0 0 0 0 0 0 0 0 0 0 0 0
 0 0 0 0 0 0 0 0 0 0 0 0 0 0 0 0 0 0 0 0 0 0 0 0 0 0 0 0 0 0 0 0 0 0 0 0
 0 0 0 0 0 0 0 0 0 0 0 0 0 0 0 0 0 0 0 0 0 0 0 0 0 0 0 0 0 0 0 0 0 0 0 0
 0 0 0 0 0 0 0 0 0 0 0 0 0 0 0 0 0 0 0 0 0 0 0 0 0 0 0 0 0 0 0 0 0 0 0 0
 0 0 0 0 0 0 0 0 1.78061e-05 0.00172719 0.00360574 0.0105946 0.0120993 0.0124554 0.0147524 0.0171206 0.0266825 0.0428682 0.0675386 0.121331 0.153587 0.119568 0.100827 0.0573624 0.0630603 0.0341343 0.0324427 0.0444173 0.0211091 0.0280891 0.0125444 0.00206551 0 0 0 0
 0 0 0 0 0 0 0 0 0 0 0 0 0 0 0 0 0 0 0 0 0 0 0 0 0 0 0 0 0 0 0 0 0 0 0 0
 0 0 0 0 0 0 0.0133647 0.0140871 0.0187388 0.0205184 0.03894 0.0496705 0.03968 0.0493445 0.0407372 0.0367815 0.0215668 0.0243155 0.0234873 0.0199281 0.019796 0.0243948 0.0301388 0.0376714 0.0412746 0.0863199 0.0771752 0.113111 0.0741005 0.0525337 0.0229764 0.00759418 0.00175318 0 0 0
 0 0 0 0 0 0 0 0 0 0 0.00219441 0.00772107 0.0458388 0.0604681 0.0671733 0.0775358 0.0609151 0.0617685 0.073594 0.0568108 0.0755445 0.0548602 0.0670107 0.0636378 0.0643287 0.046367 0.0373049 0.0286899 0.0247887 0.0153202 0.00654259 0.00121912 0.000365735 0 0 0
 0 0 0 0 0 0 0 0 0 0 0 0 0.000112435 0.00938835 0.0111873 0.0202946 0.0414886 0.0713402 0.111592 0.104902 0.108894 0.110636 0.117776 0.105296 0.107544 0.0401394 0.0192827 0.0124803 0.00416011 0.0028671 0.000618394 0 0 0 0 0
 0 0 0 0 0 0 0 0 0 0 0.00291406 0.0102884 0.027416 0.0768956 0.0749926 0.110853 0.0956884 0.0897413 0.0766577 0.0534642 0.0500743 0.0551293 0.0594112 0.0620874 0.0668451 0.0424026 0.0208742 0.0120726 0.0048766 0.00582813 0.00118941 0.000297354 0 0 0 0
 0 0.00264628 0.0354308 0.0461629 0.0458689 0.0383711 0.0214643 0.0164657 0.0346957 0.0420465 0.0363128 0.0245516 0.0311673 0.0291091 0.0169068 0.0133784 0.00837989 0.0085269 0.0148486 0.0160247 0.0276389 0.0546898 0.0760071 0.122758 0.109233 0.0665981 0.0333725 0.0166128 0.00676272 0.00308733 0.000882094 0 0 0 0 0
 0 0 0 0 0 0 0 0.000805153 0.000690131 0.00759144 0.0133425 0.0154129 0.00931677 0.000345066 0.00356568 0.00563607 0.00851162 0.0253048 0.0502646 0.0516448 0.0657925 0.0565908 0.0611916 0.0827007 0.0866115 0.110766 0.145733 0.0935128 0.0569358 0.0249597 0.0138026 0.00621118 0.00161031 0.00115022 0 0
 0 0 0 0 0 0 0 0 0 0 0 0 0 0 0 0 0 0 0 0 0 0 0 0 0 0 0 0 0 0 0 0 0 0 0 0
 0.00147267 0.00158595 0.00478618 0.00569244 0.00954404 0.0108468 0.00647125 0.017049 0.0510054 0.094081 0.124002 0.0959785 0.0687766 0.0820023 0.061753 0.0591476 0.0492212 0.0479892 0.0443925 0.0268479 0.0217502 0.0140895 0.0121071 0.0120363 0.00920419 0.00665534 0.0049561 0.00860946 0.00930331 0.0156896 0.0114698 0.00855282 0.00243557 0.00046729 0 2.83206e-05
 0 0 0 0 0.000772559 0.00158375 0.000888443 0.00281984 0.00712685 0.0440552 0.0773331 0.111326 0.0921469 0.0852325 0.0710754 0.0886704 0.0786465 0.0553345 0.0373146 0.0185414 0.00753245 0.00457741 0.012979 0.0271748 0.0457355 0.0583668 0.034881 0.0177882 0.00938659 0.00492506 0.0015258 0.00185414 0.000309023 5.79419e-05 3.86279e-05 0
 0 0.00173294 0.00326652 0 0.00397197 0.00683976 0.00946217 0.0152591 0.00757587 0.0136028 0.0228656 0.0392903 0.0559909 0.0764795 0.0681675 0.0726916 0.0566044 0.0477403 0.0527397 0.0444891 0.0609904 0.0582453 0.0661739 0.0445044 0.0529084 0.0360697 0.0280645 0.0235558 0.0158879 0.00826598 0.00280645 0.00217768 0.000904811 0.00058276 9.20147e-05 0
 0 0 0 0 0 0 0 0 0 0 0 0 0 0 0 0 0 0 0 0 0 0 0 0 0 0 0 0 0 0 0 0 0 0 0 0
 0 0 0 0 0 0 0 0 0 0 0 0 0 0 0 0 0 0 0 0 0 0 0 0 0 0 0 0 0 0 0 0 0 0 0 0
 0 0 0 0 0 0 0 0 0 0 0 0 0 0 0 0 0 0 0 0 0 0 0 0 0 0 0 0 0 0 0 0 0 0 0 0
ppred_pel_tallas
 1.01524e-16 3.08513e-05 0.000181067 0.000860697 0.00331371 0.0103335 0.0261016 0.0534077 0.0885304 0.118898 0.129395 0.114161 0.0817751 0.0478356 0.0234236 0.0106745 0.00624323 0.0061816 0.00806248 0.0107977 0.0139002 0.0170279 0.0198432 0.0220258 0.0233311 0.0236421 0.0229899 0.0215352 0.01952 0.0172057 0.0148213 0.0125315 0.0104317 0.00856074 0.00692223 0.00550411
 1.01371e-16 3.25298e-05 0.000190922 0.000907553 0.00349412 0.0108961 0.0275227 0.0563152 0.0933493 0.125367 0.136429 0.120351 0.0861742 0.0503385 0.0245172 0.0109478 0.00608818 0.00576218 0.00740327 0.00986684 0.0126548 0.0154354 0.0178914 0.0197284 0.0207285 0.0207988 0.0199892 0.0184717 0.016492 0.0143084 0.0121394 0.0101339 0.00836632 0.00685191 0.00556995 0.00448629
 1.01925e-16 2.51651e-05 0.000147672 0.000701908 0.00270229 0.00842675 0.0212855 0.0435546 0.0722027 0.0969847 0.105587 0.0932504 0.0670028 0.03961 0.0201703 0.0104984 0.00793788 0.00931818 0.0126604 0.0170058 0.0218026 0.0265445 0.0306908 0.0337305 0.0352884 0.0352102 0.0335945 0.0307556 0.0271375 0.0232053 0.0193517 0.0158435 0.0128116 0.0102774 0.00819444 0.00648925
 1.01965e-16 3.12124e-05 0.000183188 0.000870786 0.00335256 0.0104546 0.0264076 0.0540337 0.0895675 0.120289 0.130904 0.11548 0.0826947 0.0483221 0.0235662 0.0105786 0.00596674 0.0057311 0.00741766 0.00993672 0.0128175 0.0157458 0.0184163 0.0205388 0.0218894 0.022356 0.0219582 0.0208297 0.0191761 0.0172208 0.0151589 0.013131 0.0112196 0.0094608 0.00786408 0.00642869
 1.01447e-16 3.26372e-05 0.000191553 0.000910552 0.00350567 0.0109321 0.0276137 0.0565013 0.0936577 0.125781 0.136879 0.120746 0.0864539 0.0504951 0.0245807 0.0109544 0.00606098 0.0057094 0.00732426 0.00975786 0.0125125 0.0152587 0.0176828 0.0194936 0.0204769 0.0205421 0.0197403 0.0182432 0.0162951 0.0141516 0.012028 0.0100697 0.00834789 0.00687463 0.00562674 0.00456838
 1.0208e-16 2.47724e-05 0.000145366 0.000690945 0.00266008 0.00829512 0.020953 0.0428743 0.0710752 0.0954708 0.103941 0.0918011 0.0659713 0.0390202 0.0199071 0.010422 0.00795425 0.0093862 0.0127715 0.017165 0.0220187 0.0268257 0.0310429 0.0341557 0.0357849 0.0357725 0.034213 0.0314179 0.0278284 0.0239078 0.0200479 0.0165156 0.0134434 0.0108552 0.00870812 0.00693309
 1.01779e-16 3.33715e-05 0.000195867 0.000931074 0.0035847 0.0111786 0.0282361 0.0577746 0.095767 0.12861 0.139947 0.123427 0.0883191 0.0514748 0.0248538 0.0107323 0.00545882 0.00473922 0.00594661 0.00793514 0.0102469 0.0126151 0.0147962 0.01656 0.017727 0.0182042 0.0179999 0.017211 0.015991 0.0145083 0.0129111 0.0113077 0.00976377 0.00831201 0.00696641 0.00573435
 1.01444e-16 3.07157e-05 0.000180267 0.000856891 0.00329905 0.0102877 0.0259861 0.0531716 0.08814 0.118376 0.128834 0.113682 0.0814675 0.0477263 0.0235007 0.0109274 0.00668495 0.00684565 0.00898511 0.0119973 0.0153589 0.0186798 0.0215715 0.0236732 0.0247228 0.0246164 0.0234301 0.0213931 0.0188249 0.0160576 0.013369 0.0109441 0.00886942 0.0071519 0.00575057 0.0046065
 1.01166e-16 3.34986e-05 0.000196612 0.000934606 0.00359829 0.0112209 0.0283432 0.0579939 0.0961312 0.129101 0.140487 0.123918 0.0886999 0.0517569 0.0251016 0.0110282 0.00587866 0.0053453 0.00678421 0.00902539 0.0115757 0.014123 0.0163757 0.0180633 0.0189853 0.0190547 0.0183146 0.0169204 0.0150956 0.0130763 0.0110639 0.00919767 0.00754952 0.00613718 0.00494501 0.00394376
 1.01012e-16 3.27089e-05 0.000191972 0.000912545 0.00351334 0.010956 0.0276741 0.056625 0.0938631 0.126058 0.137183 0.121021 0.0866646 0.0506465 0.0247068 0.0110988 0.00626319 0.00600123 0.00772909 0.0102878 0.0131632 0.0160045 0.0184746 0.0202623 0.0211412 0.021021 0.019966 0.0181733 0.0159183 0.0134889 0.0111276 0.008998 0.00717915 0.00568122 0.00447164 0.00350052
 1.01735e-16 2.5652e-05 0.000150531 0.0007155 0.00275463 0.00858996 0.0216978 0.0443981 0.0736005 0.0988608 0.107626 0.0950427 0.0682722 0.0403234 0.0204654 0.0105412 0.00783664 0.00911518 0.0123593 0.0165975 0.0212806 0.0259121 0.0299635 0.0329352 0.0344595 0.034384 0.0328023 0.0300196 0.0264677 0.0226008 0.0188041 0.0153408 0.0123431 0.00983604 0.00777808 0.0061
 1.02481e-16 2.77888e-05 0.000163084 0.000775197 0.0029845 0.00930684 0.0235084 0.0481022 0.0797376 0.107094 0.116563 0.102872 0.073759 0.0432889 0.0214638 0.0102336 0.00661308 0.0070688 0.00942306 0.0126825 0.0163686 0.0201088 0.0235186 0.026228 0.0279507 0.0285439 0.0280323 0.0265869 0.0244703 0.021968 0.0193296 0.0167349 0.0142894 0.0120399 0.00999856 0.00816473
 1.01367e-16 3.50643e-05 0.000205807 0.000978328 0.00376664 0.011746 0.0296693 0.0607069 0.100627 0.135135 0.147042 0.129673 0.0927623 0.0540118 0.0259794 0.0110463 0.00536331 0.00440755 0.00541136 0.00717002 0.00921072 0.011271 0.0131207 0.0145488 0.0153969 0.0155931 0.015165 0.0142249 0.0129372 0.0114754 0.00998674 0.00857229 0.00728411 0.00613603 0.00512002 0.00422097
 1.00521e-16 3.70883e-05 0.000217691 0.00103483 0.00398418 0.0124243 0.0313828 0.0642129 0.106438 0.142936 0.155526 0.137143 0.0980803 0.057056 0.0273448 0.0114545 0.00530196 0.00409153 0.00488781 0.00641488 0.00817936 0.00991934 0.0114148 0.0124695 0.0129435 0.0127844 0.0120391 0.0108385 0.00936325 0.00780032 0.00630601 0.00498416 0.00388233 0.00300221 0.00231684 0.00178776
 1.0021e-16 3.90483e-05 0.0002292 0.00108955 0.0041949 0.0130815 0.0330426 0.0676087 0.112065 0.15049 0.163735 0.144359 0.103191 0.0599271 0.0285298 0.0116213 0.00488404 0.00325554 0.0036432 0.00471855 0.00599688 0.007255 0.00832379 0.0090569 0.00935142 0.00917065 0.00855271 0.00759911 0.00644862 0.0052447 0.00410723 0.00311579 0.00230652 0.00167965 0.00121257 0.0008729
 1.00227e-16 3.63196e-05 0.000213175 0.00101335 0.00390149 0.0121665 0.0307315 0.0628804 0.10423 0.139974 0.15231 0.134325 0.0961024 0.0559813 0.0269715 0.0115419 0.00570597 0.00477484 0.00587156 0.00773014 0.00983502 0.0118838 0.0136087 0.0147702 0.0151998 0.0148397 0.0137572 0.0121248 0.0101769 0.00815518 0.00626073 0.0046264 0.00331119 0.00231295 0.00159039 0.00108536
 1.00684e-16 3.06004e-05 0.000179588 0.000853658 0.00328659 0.0102489 0.025888 0.0529711 0.0878083 0.117933 0.128357 0.113275 0.0812039 0.0476295 0.0235598 0.0111329 0.00704863 0.00739845 0.00976354 0.013027 0.0166394 0.0201734 0.0231982 0.0253148 0.0262363 0.0258546 0.0242651 0.0217361 0.0186394 0.0153615 0.0122281 0.0094583 0.00715648 0.00533168 0.00393215 0.00287953
 1.01215e-16 3.16018e-05 0.000185472 0.000881642 0.00339435 0.010585 0.0267368 0.0547074 0.0906848 0.121791 0.132543 0.116936 0.0837577 0.048985 0.0239667 0.010887 0.00631576 0.0062041 0.00806066 0.0107658 0.0138163 0.0168598 0.0195516 0.0215686 0.0226698 0.0227495 0.021857 0.0201759 0.0179718 0.0155272 0.0130844 0.0108129 0.00880301 0.00708057 0.00563083 0.00442156
 1.01393e-16 3.08994e-05 0.000181347 0.000862027 0.00331883 0.0103494 0.0261419 0.0534903 0.0886679 0.119084 0.129602 0.114353 0.0819331 0.0479693 0.0235653 0.0108659 0.00652544 0.00659095 0.0086258 0.0115256 0.0147783 0.0180111 0.0208538 0.0229609 0.0240775 0.0240958 0.0230772 0.0212274 0.0188395 0.0162215 0.0136346 0.0112574 0.00917976 0.00741969 0.00595136 0.00473136
 1.01171e-16 3.36264e-05 0.000197362 0.000938172 0.00361202 0.0112638 0.0284514 0.0582152 0.096498 0.129594 0.141022 0.124388 0.0890328 0.0519437 0.0251782 0.0110379 0.00584958 0.00528782 0.00669845 0.00890798 0.0114238 0.0139364 0.0161578 0.0178211 0.0187289 0.0187958 0.018065 0.0166906 0.0148932 0.012906 0.0109274 0.00909376 0.00747525 0.00608828 0.00491657 0.00393075
 1.01191e-16 3.09128e-05 0.000181425 0.000862394 0.00332024 0.0103538 0.026153 0.0535131 0.088706 0.119136 0.129661 0.11441 0.0819864 0.0480247 0.0236373 0.0109734 0.00668938 0.00683154 0.00895963 0.0119611 0.0153105 0.0186173 0.0214927 0.0235752 0.0246015 0.0244664 0.0232446 0.0211647 0.0185467 0.0157249 0.0129812 0.0105056 0.00838992 0.00664622 0.00523682 0.00410395
 1.01592e-16 2.97949e-05 0.000174861 0.00083119 0.00320009 0.00997915 0.0252066 0.0515767 0.0854966 0.114827 0.124974 0.110281 0.0790425 0.0463307 0.0228608 0.010711 0.00666603 0.00692278 0.00913518 0.0122334 0.0157089 0.0191773 0.0222508 0.024564 0.0258444 0.025972 0.0250024 0.0231427 0.020692 0.0179677 0.0152411 0.0127005 0.010445 0.00850127 0.00685136 0.00545914
 1.01547e-16 3.19662e-05 0.000187613 0.000891822 0.00343355 0.0107072 0.0270456 0.055339 0.0917314 0.123195 0.134067 0.11827 0.0846928 0.0494896 0.0241348 0.0108306 0.00610014 0.00584326 0.00754062 0.0100681 0.0129341 0.0158076 0.0183691 0.0203198 0.0214358 0.0216171 0.0209055 0.0194656 0.0175364 0.0153713 0.0131868 0.0111328 0.00928791 0.00767407 0.00627897 0.00507729
 1.01643e-16 2.93422e-05 0.000172203 0.000818547 0.00315141 0.00982733 0.0248232 0.0507923 0.0841967 0.113083 0.12308 0.108621 0.0778755 0.045693 0.0226323 0.0107474 0.00687945 0.00728743 0.00965922 0.012931 0.0165821 0.0202062 0.0233905 0.0257475 0.0269923 0.0270053 0.0258571 0.0237806 0.0211059 0.0181796 0.0152943 0.012649 0.0103422 0.00839138 0.0067648 0.00541154
 1.03625e-16 1.65401e-05 9.7025e-05 0.000461104 0.00177509 0.00553529 0.0139821 0.0286122 0.0474389 0.0637425 0.0694527 0.0614719 0.0444612 0.0268718 0.0147701 0.00945611 0.00929498 0.0122874 0.017155 0.0231941 0.0298551 0.0365138 0.0424609 0.0470105 0.0496454 0.0501305 0.0485563 0.045295 0.0408907 0.0359225 0.0308867 0.0261294 0.0218352 0.0180602 0.0147823 0.0119496
pSPR Fmed_Fpbrs
0.468291   0.350233 0.350233
Fs Fmed_Fpbrs
0.608323   1.005 1.005
SSBpbr Bo_Bmed_Bpbrs
818275  342277  245673 245673
Ro
30946
SPR SPRFo_SPRFmed_SPRFpbrs
636338 297991 222867
log_Ro
10.16
likeval ReclasPelacesDesembMPH_pf_preclas_ppelaces_ptallas_desvR_qrecl_qpela
 65.8305 14.0957 0.0236637 0.000189432 316.428 188.061 79.8696 0 17.3013 5.82798e-07 8.23381e-05 0 0 0 0
q_reclas_q_pelaces
0.897467 3.63628
M
0.7
N
 33068.1 12635.2 4902.92 599.712 0.2033
 43328.4 15056.3 3461.51 1343.19 164.351
 16905.3 19636 3994.83 918.428 399.991
 24982.7 7063.88 2986.35 607.553 200.512
 51566.9 11834.1 2538.23 1073.07 290.358
 33416.1 25385.7 5536.67 1187.53 637.891
 70208.2 15305.8 7245.02 1580.15 520.972
 69862 32951.3 5162.44 2443.64 708.678
 93039.9 31425.3 8306.71 1301.4 794.669
 122362 41364 7311.01 1932.53 487.645
 62614.2 56371 12282 2170.82 718.613
 46021.3 27318.8 11528.9 2511.89 590.942
 50622.6 20157.6 5738.47 2421.71 651.77
 26590.4 20493.4 2467.57 702.468 376.237
 14325 9161.8 830.888 100.046 43.7353
 12848.9 4772.49 294.974 26.7513 4.62918
 9092.14 5389.43 745.071 46.0506 4.89905
 10057.1 3983.08 1133.37 156.684 10.7144
 11189.8 4540.15 1029.12 292.831 43.2512
 17454 5129.9 1303.69 295.508 96.5049
 22909.3 7958.52 1419.4 360.72 108.467
 28946.9 10952.5 3046.36 543.317 179.595
 45184.3 13705.5 3923 1091.15 258.934
 48954.7 21174.2 4574.38 1309.34 450.607
 16908.3 22931.2 7046.31 1522.25 585.674
pred_Ctot
 1986.5 4214.09 1635.22 200.016 0.0678048
 2737.41 5225.58 1201.38 466.181 57.0414
 1946.93 10461.3 2128.28 489.3 213.098
 830.574 1430.52 604.769 123.037 40.6059
 321.165 494.032 105.963 44.797 12.1215
 1874.2 8013.26 1747.71 374.857 201.357
 2779.55 3610.27 1708.92 372.719 122.884
 4758.63 12125.3 1899.65 899.199 260.776
 7051.77 12538.6 3314.36 519.256 317.071
 6388.31 12316.9 2176.99 575.449 145.206
 5507.33 25064.2 5460.94 965.213 319.516
 3932.57 11899.2 5021.62 1094.1 257.396
 6806.71 11794.3 3357.62 1416.96 381.354
 5978.61 15368.5 1850.5 526.799 282.15
 3468.9 7060.39 640.309 77.0986 33.7038
 1449.41 2509.39 155.098 14.0659 2.43404
 775.967 2345.37 324.24 20.0403 2.13197
 661.193 1426.07 405.781 56.0979 3.8361
 620.915 1420.79 322.052 91.6383 13.535
 1031.66 1688.98 429.23 97.2939 31.7735
 615.271 1331.49 237.47 60.3496 18.1469
 971.646 2236.88 622.171 110.964 36.6795
 1836.19 3306.27 946.37 263.226 62.4644
 2003.81 5139.69 1110.35 317.822 109.377
 698.137 5607.86 1723.18 372.269 143.227
F
 0.0867723 0.594781 0.594781 0.594781 0.594781
 0.0914429 0.626795 0.626795 0.626795 0.626795
 0.172633 1.18332 1.18332 1.18332 1.18332
 0.0471993 0.323528 0.323528 0.323528 0.323528
 0.00869355 0.05959 0.05959 0.05959 0.05959
 0.080804 0.553871 0.553871 0.553871 0.553871
 0.0564339 0.386826 0.386826 0.386826 0.386826
 0.0989082 0.677967 0.677967 0.677967 0.677967
 0.110618 0.758232 0.758232 0.758232 0.758232
 0.0750273 0.514275 0.514275 0.514275 0.514275
 0.129418 0.887099 0.887099 0.887099 0.887099
 0.125521 0.860381 0.860381 0.860381 0.860381
 0.204296 1.40035 1.40035 1.40035 1.40035
 0.365506 2.50536 2.50536 2.50536 2.50536
 0.399141 2.73591 2.73591 2.73591 2.73591
 0.168815 1.15714 1.15714 1.15714 1.15714
 0.125355 0.859249 0.859249 0.859249 0.859249
 0.0953171 0.653352 0.653352 0.653352 0.653352
 0.0799127 0.547762 0.547762 0.547762 0.547762
 0.0853236 0.584851 0.584851 0.584851 0.584851
 0.0379746 0.260297 0.260297 0.260297 0.260297
 0.047664 0.326713 0.326713 0.326713 0.326713
 0.0579661 0.397329 0.397329 0.397329 0.397329
 0.0583965 0.400279 0.400279 0.400279 0.400279
 0.0589205 0.403871 0.403871 0.403871 0.403871
YTP_r0W_actual
 7819.14 123373 56865.1 15300.3 6130.13
YTP_p0W_proyectada
 18180.6 81702.2 114418 45863.5 15073.7
 18180.6 95718.4 21652.2 27130.7 11256.1
CTP_r0_actual
 698.137 5607.86 1723.18 372.269 143.227
CTP_p0_proyectada
 2138.9 3817.86 3667.23 1126.87 324.165
 2138.9 4472.82 693.982 666.601 242.066
Wmedp
 8.5 21.4 31.2 40.7 46.5
nmprior
 10.6 11 7 0
nm_flota  nm_reclas  nm_pelaces    nm_pelaL
inf 24.7004 15.7992 36.1597
cv_recla  cv_pelaces  cv_mph
0.733903 0.425712 0.446544
 ------------------------------------------------
Talla a la edad & desviaci?n 
 7.2 14.2025 17.0495 18.207 18.6776
 1.08 2.13037 2.55742 2.73105 2.80164
