years
 1997 1998 1999 2000 2001 2002 2003 2004 2005 2006 2007 2008 2009 2010 2011 2012 2013 2014 2015 2016 2017 2018 2019 2020 2021
reclasobs
 0 0 0 370054 412103 1.49427e+06 250295 1.28982e+06 931140 785840 897777 1.04006e+06 184774 17550 25797 100020 73551 82996 120727 218422 84188 347160 605670 569463 516374
reclaspred
 3.56812e+06 712560 2.11324e+06 1.26678e+06 1.21594e+06 1.40699e+06 2.68106e+06 1.67395e+06 1.58922e+06 1.36696e+06 1.10754e+06 740782 467102 248943 183727 187023 223408 335914 386816 488993 692142 672363 1.20013e+06 1.51607e+06 2.27581e+06
pelacesobs
 0 0 0 0 0 0 0 0 0 2.06254e+06 1.5e+06 0 1.87456e+06 323000 250000 174000 83755 137374 0 501740 490994 745055 786931 1.00524e+06 1.33801e+06
pelacespred
 2.15309e+06 846851 832961 949060 770720 737394 1.3734e+06 1.20768e+06 940993 844446 583080 400592 249663 111543 82924.4 94735.6 118032 176587 215001 264075 401093 406062 545298 829066 1.21866e+06
mphobs
 0 0 0 0 0 112323 0 153150 637223 0 255016 313432 73983 77613 109348 50772 0 0 0 0 0 0 0 0 0
mphpred
 2.57658e+06 1.40139e+06 1.1791e+06 1.44272e+06 1.06957e+06 1.23174e+06 1.7057e+06 1.95998e+06 1.46335e+06 1.30053e+06 1.17375e+06 767983 501181 299811 166751 155422 175953 247845 335830 376378 534818 619159 808767 1.16652e+06 1.74031e+06
desembarqueobs
 350755 77701 442110 56441 14545 235359 269955 359681 431902 328805 639364 411747 362871 311530 167758 66681 60226 58785 57116 73181 50977 67692 138656 160484 209506
desembarquepred
 350877 77641.3 442229 56431.4 14530.2 235467 269875 359433 431195 328850 639880 412241 363675 312024 167745 66613.2 60193.3 58741.3 57082.6 73179.4 50945 67720.2 138696 160532 209604
Reclutas
 101574 83915.5 65571.5 60078.2 97704.4 78190.8 136906 91738.1 105087 121967 60601.6 50930 53619.1 32024.8 21509.3 20288.5 18560.8 24591.6 22983.5 39812.2 49503.4 71917.5 108611 147534 118550
log_desv_Rt
 0.528541 0.337565 0.0908968 0.00340163 0.489702 0.266908 0.827048 0.426693 0.56254 0.711507 0.0120763 -0.161793 -0.11034 -0.625734 -1.02376 -1.08219 -1.17119 -0.889839 -0.957467 -0.408071 -0.190204 0.183276 0.595531 0.901813 0.683088
SSB
 2.57658e+06 1.40139e+06 1.1791e+06 1.44272e+06 1.06957e+06 1.23174e+06 1.7057e+06 1.95998e+06 1.46335e+06 1.30053e+06 1.17375e+06 767983 501181 299811 166751 155422 175953 247845 335830 376378 534818 619159 808767 1.16652e+06 1.74031e+06
BT
 5.69808e+06 1.72556e+06 2.20452e+06 1.9332e+06 1.64902e+06 1.61766e+06 3.55599e+06 2.89531e+06 2.49054e+06 2.17644e+06 1.79365e+06 1.24251e+06 925279 535458 341151 264470 321068 453523 490143 652184 957971 890984 1.25133e+06 1.96746e+06 2.80925e+06
Ftot
 0.0958455 0.10613 0.202565 0.0435448 0.0117022 0.162388 0.098117 0.207813 0.261719 0.232563 0.54413 0.525397 0.723613 1.11507 0.840892 0.341732 0.26009 0.169761 0.143409 0.145482 0.0718507 0.0981627 0.112532 0.103185 0.0898011
BD_Bspro_t
 0.985857 0.910617 0.856004 0.768811 0.808832 0.865793 0.822724 0.822871 0.746556 0.682737 0.635306 0.459068 0.361897 0.279508 0.190266 0.206331 0.292858 0.453402 0.589432 0.672653 0.76296 0.831184 0.844547 0.849889 0.862228
BD_Bspro
 2.09277 1.13825 0.957697 1.17181 0.868731 1.00045 1.38541 1.59195 1.18857 1.05633 0.953356 0.623778 0.407073 0.243515 0.135439 0.126238 0.142914 0.201306 0.27277 0.305705 0.434394 0.502898 0.656903 0.947477 1.41353
BD_Bo
 1.75558 0.954851 0.80339 0.983008 0.728759 0.839257 1.16219 1.33545 0.997064 0.88613 0.799748 0.523273 0.341484 0.204279 0.113617 0.105898 0.119887 0.168871 0.228821 0.256448 0.364404 0.42187 0.551061 0.794816 1.18578
BD_Brms
 8.53902 4.64433 3.90763 4.78128 3.54463 4.08209 5.65282 6.49553 4.84965 4.31007 3.88992 2.54516 1.66096 0.993598 0.552626 0.515082 0.583122 0.821378 1.11297 1.24735 1.77243 2.05195 2.68032 3.86593 5.76753
S_f
 0.5 1 1 1 1
 0.5 1 1 1 1
 0.5 1 1 1 1
 0.5 1 1 1 1
 0.5 1 1 1 1
 0.5 1 1 1 1
 0.5 1 1 1 1
 0.5 1 1 1 1
 0.5 1 1 1 1
 0.5 1 1 1 1
 0.5 1 1 1 1
 0.5 1 1 1 1
 0.5 1 1 1 1
 0.5 1 1 1 1
 0.5 1 1 1 1
 0.5 1 1 1 1
 0.5 1 1 1 1
 0.5 1 1 1 1
 0.5 1 1 1 1
 0.5 1 1 1 1
 0.5 1 1 1 1
 0.5 1 1 1 1
 0.5 1 1 1 1
 0.5 1 1 1 1
 0.5 1 1 1 1
Scru_reclas
 0.5 1 1 1 1
 0.5 1 1 1 1
 0.5 1 1 1 1
 0.5 1 1 1 1
 0.5 1 1 1 1
 0.5 1 1 1 1
 0.5 1 1 1 1
 0.5 1 1 1 1
 0.5 1 1 1 1
 0.5 1 1 1 1
 0.5 1 1 1 1
 0.5 1 1 1 1
 0.5 1 1 1 1
 0.5 1 1 1 1
 0.5 1 1 1 1
 0.5 1 1 1 1
 0.5 1 1 1 1
 0.5 1 1 1 1
 0.5 1 1 1 1
 0.5 1 1 1 1
 0.5 1 1 1 1
 0.5 1 1 1 1
 0.5 1 1 1 1
 0.5 1 1 1 1
 0.5 1 1 1 1
Scru_pelaces
 0.5 1 1 1 1
 0.5 1 1 1 1
 0.5 1 1 1 1
 0.5 1 1 1 1
 0.5 1 1 1 1
 0.5 1 1 1 1
 0.5 1 1 1 1
 0.5 1 1 1 1
 0.5 1 1 1 1
 0.5 1 1 1 1
 0.5 1 1 1 1
 0.5 1 1 1 1
 0.5 1 1 1 1
 0.5 1 1 1 1
 0.5 1 1 1 1
 0.5 1 1 1 1
 0.5 1 1 1 1
 0.5 1 1 1 1
 0.5 1 1 1 1
 0.5 1 1 1 1
 0.5 1 1 1 1
 0.5 1 1 1 1
 0.5 1 1 1 1
 0.5 1 1 1 1
 0.5 1 1 1 1
pf_obs 
 0.256992 0.487395 0.22802 0.0275931 0
 0.321318 0.546541 0.124235 0.00734118 0.000564706
 0.182869 0.594174 0.210203 0.0122559 0.00049798
 0.330522 0.361315 0.267642 0.0388342 0.00168674
 0.649043 0.306663 0.0425973 0.00169635 0
 0.582887 0.30429 0.105238 0.00758474 0
 0.465427 0.430635 0.0974691 0.00646863 0
 0.296916 0.608066 0.0921331 0.00288517 0
 0.311714 0.524322 0.152257 0.0117073 0
 0.15457 0.633149 0.183074 0.0267441 0.00246327
 0.131901 0.49318 0.331252 0.0422183 0.00144891
 0.196976 0.569456 0.194076 0.0375587 0.00193317
 0.518974 0.381816 0.0799577 0.0180837 0.00116848
 0.0928022 0.601141 0.25162 0.0475244 0.00691264
 0.122501 0.610282 0.24278 0.0234846 0.000952079
 0.383417 0.481906 0.127806 0.00687128 0
 0.0376549 0.599619 0.316969 0.0457579 0
 0.0361596 0.667082 0.258105 0.0386534 0
 0.158088 0.579412 0.248529 0.0139706 0
 0.0477256 0.309471 0.559284 0.082774 0.000745712
 0.0406174 0.521527 0.379366 0.0568643 0.0016247
 0.151134 0.462217 0.34131 0.0453401 0
 0.294876 0.26143 0.354403 0.0886775 0.000613685
 0.281977 0.475581 0.204845 0.0348837 0.00271318
 0.0841818 0.532909 0.334909 0.0458182 0.00218182
pf_pred 
 0.423105 0.290417 0.144217 0.071616 0.0706445
 0.349316 0.391137 0.13066 0.0648836 0.0640034
 0.312789 0.360951 0.196121 0.0655142 0.0646254
 0.335991 0.325993 0.17754 0.0964653 0.0640114
 0.459181 0.273673 0.131154 0.0714284 0.0645635
 0.345965 0.412127 0.122414 0.0586652 0.060829
 0.506584 0.259331 0.147504 0.043813 0.0427681
 0.334567 0.451534 0.112422 0.0639439 0.0375335
 0.411233 0.303921 0.193284 0.0481233 0.0434385
 0.456902 0.326365 0.111877 0.0711502 0.0337051
 0.287603 0.457814 0.152987 0.0524437 0.0491521
 0.375847 0.303768 0.205891 0.0688026 0.0456904
 0.482052 0.302676 0.10477 0.0710123 0.0394889
 0.426571 0.400369 0.101132 0.0350065 0.0369214
 0.485689 0.348715 0.11562 0.0292052 0.0207715
 0.52429 0.337362 0.0938032 0.0311013 0.0134436
 0.450139 0.389704 0.11358 0.0315808 0.014997
 0.501457 0.318179 0.12783 0.0372564 0.0152784
 0.417611 0.39519 0.119473 0.047999 0.0197263
 0.536667 0.277524 0.126084 0.0381174 0.0216075
 0.491649 0.359451 0.0891871 0.0405193 0.0191937
 0.506944 0.327254 0.117238 0.029089 0.0194758
 0.526316 0.321571 0.100961 0.0361689 0.0149827
 0.507519 0.342971 0.101498 0.0318665 0.0161451
 0.371264 0.427343 0.140253 0.0415062 0.0196336
pobs_RECLAS
 0 0 0 0 0
 0 0 0 0 0
 0 0 0 0 0
 0 0 0 0 0
 0.835266 0.146461 0.0176864 0.000547809 3.91292e-05
 0.385257 0.428462 0.181853 0.0044286 0
 0.867414 0.0963971 0.0333333 0.00285562 0
 0.441836 0.489002 0.0689373 0.000224442 0
 0.779404 0.147425 0.0564933 0.0165055 0.000172143
 0.814271 0.122319 0.05973 0.00367925 0
 0.40263 0.566651 0.0304383 0.000280538 0
 0.475488 0.404961 0.113038 0.00651328 0
 0.955842 0.0263864 0.0167828 0.000988607 0
 0.975058 0.0227948 0.00214734 0 0
 0.738997 0.206755 0.0527124 0.00153531 0
 0.850938 0.134255 0.0134407 0.00136685 0
 0.542534 0.407297 0.0501686 0 0
 0.764087 0.199537 0.0359546 0.000420521 0
 0.470689 0.182191 0.310203 0.0369168 0
 0.84361 0.089868 0.0606195 0.00523954 0.000663233
 0.607945 0.314616 0.071237 0.00620181 0
 0.523733 0.453247 0.0230204 0 0
 0.530135 0.295979 0.169645 0.0042399 0
 0.562478 0.366248 0.0663022 0.0049721 0
 0.250443 0.683176 0.0655157 0.000865301 0
ppred_RECLAS
 0.423851 0.290042 0.144031 0.0715235 0.0705532
 0.350092 0.390671 0.130504 0.0648062 0.063927
 0.314318 0.360148 0.195684 0.0653684 0.0644816
 0.336285 0.325848 0.177461 0.0964226 0.063983
 0.459266 0.27363 0.131134 0.0714172 0.0645533
 0.347211 0.411342 0.122181 0.0585535 0.0607132
 0.507367 0.25892 0.14727 0.0437435 0.0427002
 0.336199 0.450426 0.112146 0.0637871 0.0374414
 0.41357 0.302715 0.192516 0.0479323 0.043266
 0.458979 0.325117 0.111449 0.0708781 0.0335762
 0.292673 0.454555 0.151898 0.0520705 0.0488023
 0.381371 0.30108 0.204069 0.0681937 0.0452861
 0.491175 0.297345 0.102925 0.0697615 0.0387933
 0.44344 0.388591 0.0981571 0.0339767 0.0358352
 0.497004 0.341043 0.113076 0.0285627 0.0203146
 0.527634 0.334991 0.0931438 0.0308827 0.0133491
 0.452509 0.388024 0.11309 0.0314447 0.0149323
 0.502903 0.317255 0.127459 0.0371483 0.0152341
 0.418773 0.394402 0.119235 0.0479032 0.0196869
 0.537873 0.276801 0.125756 0.0380182 0.0215513
 0.492208 0.359056 0.0890891 0.0404748 0.0191726
 0.507727 0.326734 0.117051 0.0290428 0.0194449
 0.527224 0.320955 0.100767 0.0360996 0.014954
 0.508346 0.342395 0.101328 0.031813 0.016118
 0.371928 0.426892 0.140105 0.0414624 0.0196129
pobs_PELACES
 0 0 0 0 0
 0 0 0 0 0
 0 0 0 0 0
 0 0 0 0 0
 0 0 0 0 0
 0 0 0 0 0
 0 0 0 0 0
 0 0 0 0 0
 0 0 0 0 0
 0 0 0 0 0
 0.450072 0.473896 0.0757376 0.000293798 0
 0 0 0 0 0
 0.463077 0.371075 0.160297 0.00555027 0
 0.529543 0.364841 0.0842815 0.0213345 0
 0.631943 0.363953 0.00410389 0 0
 0.735681 0.248677 0.0153453 0.000297389 0
 0.695825 0.281241 0.0229344 0 0
 0.275771 0.60734 0.115278 0.00161068 0
 0 0 0 0 0
 0.896147 0.0623911 0.0374545 0.00400742 0
 0.803859 0.145111 0.0509908 3.86294e-05 0
 0.739449 0.233085 0.0266225 0.000797448 4.60066e-05
 0.878498 0.100942 0.0204185 0.000141795 0
 0.694673 0.275183 0.0284847 0.00165964 0
 0.469039 0.446079 0.0841089 0.000773354 0
ppred_PELACES
 0.427717 0.288096 0.143064 0.0710435 0.0700797
 0.354087 0.388269 0.129702 0.0644079 0.0635341
 0.321566 0.356341 0.193616 0.0646774 0.0638
 0.33789 0.32506 0.177032 0.0961894 0.0638283
 0.459745 0.273387 0.131017 0.0713538 0.0644961
 0.353308 0.4075 0.121039 0.0580066 0.0601461
 0.511413 0.256793 0.14606 0.0433842 0.0423495
 0.343894 0.445205 0.110846 0.0630477 0.0370074
 0.424081 0.297289 0.189066 0.0470731 0.0424905
 0.468522 0.319383 0.109484 0.069628 0.0329839
 0.311599 0.442393 0.147834 0.0506773 0.0474965
 0.402023 0.291029 0.197257 0.0659171 0.0437742
 0.521011 0.27991 0.0968897 0.0656709 0.0365186
 0.489195 0.356645 0.0900875 0.0311835 0.0328892
 0.531648 0.317553 0.105288 0.0265954 0.0189154
 0.541661 0.325043 0.0903778 0.0299656 0.0129527
 0.463161 0.380474 0.11089 0.0308329 0.0146418
 0.509904 0.312787 0.125664 0.0366251 0.0150195
 0.424543 0.390487 0.118051 0.0474277 0.0194915
 0.543834 0.273231 0.124134 0.0375278 0.0212733
 0.495171 0.35696 0.0885692 0.0402386 0.0190607
 0.511775 0.324047 0.116089 0.028804 0.019285
 0.531849 0.317815 0.0997815 0.0357464 0.0148077
 0.512601 0.339432 0.100451 0.0315377 0.0159785
 0.375396 0.424535 0.139331 0.0412335 0.0195046
pobs_pel_tallas
 0 0 0 0 0 0 0 0 0 0 0 0 0 0 0 0 0 0 0 0 0 0 0 0 0 0 0 0 0 0 0 0 0 0 0 0
 0 0 0 0 0 0 0 0 0 0 0 0 0 0 0 0 0 0 0 0 0 0 0 0 0 0 0 0 0 0 0 0 0 0 0 0
 0 0 0 0 0 0 0 0 0 0 0 0 0 0 0 0 0 0 0 0 0 0 0 0 0 0 0 0 0 0 0 0 0 0 0 0
 0 0 0 0 0 0 0 0 0 0 0 0 0 0 0 0 0 0 0 0 0 0 0 0 0 0 0 0 0 0 0 0 0 0 0 0
 0 0 0 0 0 0 0 0 0 0 0 0 0 0 0 0 0 0 0 0 0 0 0 0 0 0 0 0 0 0 0 0 0 0 0 0
 0 0 0 0 0 0 0 0 0 0 0 0 0 0 0 0 0 0 0 0 0 0 0 0 0 0 0 0 0 0 0 0 0 0 0 0
 0 0 0 0 0 0 0 0 0 0 0 0 0 0 0 0 0 0 0 0 0 0 0 0 0 0 0 0 0 0 0 0 0 0 0 0
 0 0 0 0 0 0 0 0 0 0 0 0 0 0 0 0 0 0 0 0 0 0 0 0 0 0 0 0 0 0 0 0 0 0 0 0
 0 0 0 0 0 0 0 0 0 0 0 0 0 0 0 0 0 0 0 0 0 0 0 0 0 0 0 0 0 0 0 0 0 0 0 0
 0 0 0 0 0 0 0 0 0 0 0 0 0 0 0 0 0 0 0 0 0 0 0 0 0 0 0 0 0 0 0 0 0 0 0 0
 0 0 0 0 0 0 0 0 1.78061e-05 0.00172719 0.00360574 0.0105946 0.0120993 0.0124554 0.0147524 0.0171206 0.0266825 0.0428682 0.0675386 0.121331 0.153587 0.119568 0.100827 0.0573624 0.0630603 0.0341343 0.0324427 0.0444173 0.0211091 0.0280891 0.0125444 0.00206551 0 0 0 0
 0 0 0 0 0 0 0 0 0 0 0 0 0 0 0 0 0 0 0 0 0 0 0 0 0 0 0 0 0 0 0 0 0 0 0 0
 0 0 0 0 0 0 0.0133647 0.0140871 0.0187388 0.0205184 0.03894 0.0496705 0.03968 0.0493445 0.0407372 0.0367815 0.0215668 0.0243155 0.0234873 0.0199281 0.019796 0.0243948 0.0301388 0.0376714 0.0412746 0.0863199 0.0771752 0.113111 0.0741005 0.0525337 0.0229764 0.00759418 0.00175318 0 0 0
 0 0 0 0 0 0 0 0 0 0 0.00219441 0.00772107 0.0458388 0.0604681 0.0671733 0.0775358 0.0609151 0.0617685 0.073594 0.0568108 0.0755445 0.0548602 0.0670107 0.0636378 0.0643287 0.046367 0.0373049 0.0286899 0.0247887 0.0153202 0.00654259 0.00121912 0.000365735 0 0 0
 0 0 0 0 0 0 0 0 0 0 0 0 0.000112435 0.00938835 0.0111873 0.0202946 0.0414886 0.0713402 0.111592 0.104902 0.108894 0.110636 0.117776 0.105296 0.107544 0.0401394 0.0192827 0.0124803 0.00416011 0.0028671 0.000618394 0 0 0 0 0
 0 0 0 0 0 0 0 0 0 0 0.00291406 0.0102884 0.027416 0.0768956 0.0749926 0.110853 0.0956884 0.0897413 0.0766577 0.0534642 0.0500743 0.0551293 0.0594112 0.0620874 0.0668451 0.0424026 0.0208742 0.0120726 0.0048766 0.00582813 0.00118941 0.000297354 0 0 0 0
 0 0.00264628 0.0354308 0.0461629 0.0458689 0.0383711 0.0214643 0.0164657 0.0346957 0.0420465 0.0363128 0.0245516 0.0311673 0.0291091 0.0169068 0.0133784 0.00837989 0.0085269 0.0148486 0.0160247 0.0276389 0.0546898 0.0760071 0.122758 0.109233 0.0665981 0.0333725 0.0166128 0.00676272 0.00308733 0.000882094 0 0 0 0 0
 0 0 0 0 0 0 0 0.000805153 0.000690131 0.00759144 0.0133425 0.0154129 0.00931677 0.000345066 0.00356568 0.00563607 0.00851162 0.0253048 0.0502646 0.0516448 0.0657925 0.0565908 0.0611916 0.0827007 0.0866115 0.110766 0.145733 0.0935128 0.0569358 0.0249597 0.0138026 0.00621118 0.00161031 0.00115022 0 0
 0 0 0 0 0 0 0 0 0 0 0 0 0 0 0 0 0 0 0 0 0 0 0 0 0 0 0 0 0 0 0 0 0 0 0 0
 0.00147267 0.00158595 0.00478618 0.00569244 0.00954404 0.0108468 0.00647125 0.017049 0.0510054 0.094081 0.124002 0.0959785 0.0687766 0.0820023 0.061753 0.0591476 0.0492212 0.0479892 0.0443925 0.0268479 0.0217502 0.0140895 0.0121071 0.0120363 0.00920419 0.00665534 0.0049561 0.00860946 0.00930331 0.0156896 0.0114698 0.00855282 0.00243557 0.00046729 0 2.83206e-05
 0 0 0 0 0.000772559 0.00158375 0.000888443 0.00281984 0.00712685 0.0440552 0.0773331 0.111326 0.0921469 0.0852325 0.0710754 0.0886704 0.0786465 0.0553345 0.0373146 0.0185414 0.00753245 0.00457741 0.012979 0.0271748 0.0457355 0.0583668 0.034881 0.0177882 0.00938659 0.00492506 0.0015258 0.00185414 0.000309023 5.79419e-05 3.86279e-05 0
 0 0.00173294 0.00326652 0 0.00397197 0.00683976 0.00946217 0.0152591 0.00757587 0.0136028 0.0228656 0.0392903 0.0559909 0.0764795 0.0681675 0.0726916 0.0566044 0.0477403 0.0527397 0.0444891 0.0609904 0.0582453 0.0661739 0.0445044 0.0529084 0.0360697 0.0280645 0.0235558 0.0158879 0.00826598 0.00280645 0.00217768 0.000904811 0.00058276 9.20147e-05 0
 0 0 0 0 0 0 0 0 0 0 0 0 0 0 0 0 0 0 0 0 0 0 0 0 0 0 0 0 0 0 0 0 0 0 0 0
 0 0 0 0 0 0 0 0 0 0 0 0 0 0 0 0 0 0 0 0 0 0 0 0 0 0 0 0 0 0 0 0 0 0 0 0
 0 0 0 0 0 0 0 0 0 0 0 0 0 0 0 0 0 0 0 0 0 0 0 0 0 0 0 0 0 0 0 0 0 0 0 0
ppred_pel_tallas
 1.07841e-16 1.86749e-05 0.000109573 0.00052079 0.00200495 0.00625215 0.0157926 0.0323155 0.0535727 0.0719656 0.0783629 0.0692407 0.0498249 0.0296044 0.0153554 0.00845782 0.00698134 0.00861615 0.0119326 0.0162459 0.0211551 0.0262698 0.0311506 0.0353596 0.0385445 0.0405064 0.0412267 0.0408424 0.0395845 0.0377029 0.0354065 0.0328353 0.0300657 0.0271367 0.0240827 0.0209558
 1.0715e-16 1.54683e-05 9.07382e-05 0.000431228 0.00166008 0.00517666 0.0130762 0.0267581 0.0443642 0.0596092 0.064944 0.0574692 0.04154 0.0250545 0.0136794 0.00862351 0.00835401 0.0110037 0.0153908 0.020886 0.02702 0.0332666 0.0390236 0.043703 0.0468519 0.0482482 0.0479361 0.0461871 0.043408 0.0400271 0.0364008 0.0327645 0.029233 0.0258352 0.0225619 0.0194061
 1.08068e-16 1.40491e-05 8.24087e-05 0.000391634 0.00150765 0.0047013 0.0118754 0.0243011 0.0402909 0.0541374 0.0589857 0.0522045 0.0377518 0.022805 0.0125172 0.00799663 0.00786454 0.0104419 0.0146743 0.0200093 0.0260368 0.0322883 0.0382158 0.0432693 0.0470055 0.0491736 0.0497517 0.0489171 0.0469715 0.0442483 0.0410357 0.0375392 0.0338831 0.0301386 0.0263605 0.0226124
 1.08907e-16 1.47596e-05 8.65829e-05 0.000411485 0.00158409 0.00493969 0.0124775 0.0255328 0.0423317 0.0568749 0.0619564 0.0548051 0.0395702 0.0237791 0.0128275 0.007857 0.00739674 0.00966683 0.0135581 0.0185108 0.0241402 0.0300237 0.0356687 0.0405784 0.0443479 0.0467413 0.0477228 0.0474302 0.0461083 0.0440265 0.041414 0.0384292 0.0351661 0.0316828 0.0280358 0.0243026
 1.07415e-16 2.00709e-05 0.00011777 0.000559762 0.00215501 0.0067201 0.0169746 0.0347338 0.0575806 0.077346 0.0842121 0.0743865 0.0534787 0.0316767 0.0162484 0.00865833 0.00681182 0.00821011 0.0113096 0.0153824 0.0200232 0.0248559 0.0294624 0.0334279 0.0364198 0.0382515 0.0389082 0.0385228 0.0373167 0.0355287 0.0333575 0.0309351 0.0283318 0.0255821 0.0227154 0.0197786
 1.06655e-16 1.54352e-05 9.05416e-05 0.000430289 0.00165646 0.00516536 0.0130477 0.0266999 0.0442683 0.059482 0.0648097 0.0573607 0.041484 0.0250655 0.0137658 0.00879846 0.0086404 0.0114315 0.0159888 0.0216718 0.0279892 0.0343847 0.0402231 0.0448874 0.0479079 0.0490626 0.048415 0.0462718 0.0430837 0.0393232 0.0353831 0.0315226 0.0278652 0.0244354 0.0212101 0.0181623
 1.05627e-16 2.23233e-05 0.000130994 0.000622636 0.0023971 0.00747505 0.0188815 0.0386353 0.064047 0.0860274 0.093652 0.0826963 0.05939 0.0350518 0.0177463 0.0090786 0.0066938 0.00779188 0.010647 0.0144588 0.0188077 0.0233266 0.0276138 0.0312703 0.0339738 0.0355406 0.0359514 0.0353318 0.033898 0.031891 0.0295214 0.0269419 0.024248 0.021497 0.0187336 0.0160074
 1.05615e-16 1.50262e-05 8.81371e-05 0.00041885 0.00161241 0.00502797 0.0127006 0.0259902 0.043093 0.057907 0.0631047 0.0558781 0.040469 0.0245664 0.0136971 0.00906211 0.00919719 0.0123026 0.0172227 0.0233081 0.0300301 0.0367756 0.0428447 0.0475621 0.0504206 0.0511925 0.0499709 0.047122 0.043174 0.0386795 0.0340995 0.0297399 0.0257469 0.0221453 0.0188946 0.0159406
 1.06384e-16 1.8517e-05 0.000108644 0.000516371 0.00198794 0.00619908 0.0156586 0.0320413 0.0531186 0.071357 0.0777036 0.0686663 0.0494294 0.0294055 0.015319 0.00854539 0.00717847 0.00893465 0.0123995 0.0168914 0.0220018 0.0273239 0.0323948 0.0367486 0.0400041 0.0419373 0.042513 0.0418631 0.0402271 0.0378774 0.0350577 0.0319511 0.0286801 0.0253271 0.0219606 0.0186531
 1.05592e-16 2.04554e-05 0.000120023 0.000570466 0.00219621 0.00684856 0.0172992 0.0353981 0.058683 0.07883 0.0858364 0.0758414 0.0545684 0.0324096 0.0167839 0.0091972 0.00752592 0.00922667 0.0127154 0.01722 0.0222762 0.0274323 0.0321889 0.0360599 0.0386701 0.0398331 0.0395813 0.038134 0.035823 0.0329995 0.0299578 0.0268953 0.0239123 0.0210398 0.018278 0.0156274
 1.06204e-16 1.3618e-05 7.98696e-05 0.000379545 0.00146107 0.00455604 0.0115086 0.0235512 0.0390503 0.0524786 0.0571998 0.0506747 0.0367558 0.022423 0.012702 0.00870329 0.00912359 0.0123526 0.0173542 0.023535 0.0303912 0.0373223 0.0436348 0.048652 0.0518567 0.0530013 0.0521503 0.0496365 0.0459546 0.0416293 0.0371046 0.0326827 0.0285199 0.024662 0.0210973 0.0178018
 1.07206e-16 1.75549e-05 0.000102996 0.000489523 0.00188456 0.00587672 0.0148443 0.0303752 0.050357 0.0676482 0.073668 0.0651075 0.0468836 0.0279235 0.0146074 0.00824644 0.00704217 0.00883864 0.0123027 0.0167932 0.0219233 0.027303 0.032484 0.0370107 0.0405053 0.0427374 0.0436547 0.0433635 0.042072 0.040021 0.0374266 0.034453 0.0312142 0.0277952 0.0242766 0.0207503
 1.0543e-16 2.27426e-05 0.000133454 0.000634328 0.00244211 0.0076154 0.0192361 0.0393609 0.0652502 0.0876447 0.0954158 0.0842609 0.0605294 0.0357552 0.0181584 0.00937767 0.00701535 0.00821615 0.0112123 0.0151706 0.0196379 0.0242098 0.0284487 0.0319301 0.0343251 0.0354687 0.0353848 0.0342592 0.0323737 0.0300262 0.0274645 0.0248526 0.022272 0.0197468 0.0172779 0.0148704
 1.04004e-16 2.13584e-05 0.000125321 0.000595644 0.00229314 0.00715083 0.0180627 0.0369606 0.0612739 0.082312 0.0896319 0.0792047 0.0570093 0.033901 0.0176313 0.00977766 0.0081251 0.0100148 0.0137804 0.018591 0.0239251 0.029266 0.034046 0.0377217 0.0398867 0.0403613 0.0392253 0.0367809 0.033462 0.0297235 0.025947 0.0223876 0.0191693 0.0163138 0.0137861 0.0115351
 1.03396e-16 2.3208e-05 0.000136183 0.000647293 0.00249201 0.00777101 0.0196292 0.0401655 0.0665849 0.0894401 0.0973773 0.0860094 0.061821 0.0365894 0.0187125 0.00987393 0.00763643 0.00908981 0.0124223 0.0167601 0.0215994 0.0264716 0.0308678 0.034298 0.0363903 0.0369701 0.0360914 0.0340058 0.0310854 0.0277264 0.0242677 0.0209444 0.0178822 0.0151207 0.0126507 0.0104466
 1.03024e-16 2.36449e-05 0.000138748 0.000659483 0.00253894 0.00791737 0.0199989 0.040922 0.0678389 0.0911245 0.099211 0.0876287 0.0629839 0.0372755 0.019059 0.0100483 0.00775827 0.00922092 0.0125861 0.0169582 0.0218181 0.0266828 0.03103 0.0343605 0.0362993 0.0366782 0.0355669 0.0332395 0.0300936 0.0265493 0.0229635 0.0195805 0.0165259 0.0138316 0.0114747 0.00941342
 1.03442e-16 2.02243e-05 0.00011866 0.000563972 0.00217118 0.00677051 0.0171021 0.0349954 0.0580172 0.0779411 0.084883 0.0750336 0.0540625 0.0322598 0.0169821 0.009743 0.00846619 0.0106495 0.0147182 0.0198702 0.0255738 0.0312813 0.0363839 0.0402962 0.0425776 0.0430289 0.0417292 0.0389976 0.0352984 0.0311238 0.026893 0.0228951 0.0192812 0.0160923 0.0133054 0.0108739
 1.03847e-16 2.22598e-05 0.000130616 0.000620828 0.00239012 0.00745326 0.0188266 0.0385233 0.0638628 0.0857847 0.0934003 0.0825034 0.0593155 0.0351362 0.0180248 0.00960264 0.00754003 0.00905368 0.0124127 0.0167829 0.0216806 0.0266508 0.0311941 0.0348252 0.037169 0.0380384 0.0374662 0.0356762 0.0330106 0.0298387 0.0264803 0.023162 0.0200126 0.0170855 0.0143921 0.0119312
 1.04344e-16 1.85407e-05 0.000108775 0.000516978 0.00199024 0.00620624 0.0156768 0.0320792 0.053184 0.0714521 0.0778268 0.0688217 0.0496422 0.0297338 0.0158569 0.00942035 0.00854276 0.0109482 0.0152002 0.0205533 0.0264899 0.032458 0.0378379 0.0420307 0.0445828 0.0452839 0.0442051 0.0416589 0.0381044 0.0340275 0.0298409 0.0258274 0.0221336 0.0188007 0.0158108 0.0131286
 1.04135e-16 2.37377e-05 0.000139297 0.000662103 0.00254905 0.00794889 0.0200784 0.0410844 0.0681067 0.09148 0.0995866 0.0879335 0.0631443 0.0372531 0.0188327 0.00958526 0.00699956 0.00808885 0.0110062 0.0148873 0.0192722 0.023758 0.0279101 0.0313038 0.0336066 0.0346447 0.0344315 0.0331431 0.0310572 0.028476 0.0256622 0.0228033 0.0200091 0.0173314 0.0147925 0.0124082
 1.03647e-16 2.1619e-05 0.000126851 0.000602918 0.00232114 0.00723816 0.0182833 0.037412 0.062022 0.0833166 0.0907247 0.0801679 0.057697 0.0342987 0.0178175 0.00984777 0.00814525 0.0100166 0.013774 0.0185768 0.0238995 0.0292229 0.0339775 0.0376184 0.0397383 0.0401574 0.0389567 0.0364407 0.0330469 0.0292346 0.0253903 0.0217741 0.0185145 0.0156364 0.0131067 0.0108745
 1.03645e-16 2.23418e-05 0.000131097 0.00062311 0.0023989 0.00748064 0.0188957 0.0386649 0.0640978 0.0861012 0.0937469 0.0828144 0.0595495 0.0352956 0.0181445 0.0097265 0.00770574 0.00928914 0.0127363 0.0172023 0.022189 0.027223 0.0317862 0.0353777 0.0376145 0.0383128 0.0375204 0.0354854 0.0325786 0.0291974 0.0256826 0.0222727 0.0190983 0.016205 0.0135911 0.0112388
 1.03441e-16 2.32168e-05 0.000136235 0.000647538 0.00249296 0.00777396 0.0196366 0.0401807 0.0666101 0.089474 0.0974141 0.0860419 0.0618441 0.0366026 0.0187184 0.00987547 0.00763545 0.00908671 0.0124164 0.0167501 0.0215835 0.0264479 0.0308345 0.0342544 0.0363369 0.0369091 0.0360272 0.0339445 0.031034 0.0276918 0.0242554 0.0209575 0.0179206 0.0151813 0.0127278 0.010533
 1.03367e-16 2.23784e-05 0.00013131 0.000624122 0.00240279 0.00749278 0.0189264 0.0387277 0.0642024 0.0862428 0.0939041 0.0829605 0.0596704 0.0353986 0.0182547 0.00987633 0.00792777 0.0096126 0.0131838 0.0177844 0.0228978 0.0280267 0.0326275 0.0361782 0.0382855 0.0387697 0.0376981 0.0353503 0.0321347 0.0284839 0.0247658 0.0212334 0.0180183 0.0151565 0.012629 0.0103983
 1.04445e-16 1.63991e-05 9.6199e-05 0.000457181 0.00175999 0.00548822 0.0138632 0.0283687 0.0470348 0.0631983 0.0688563 0.0609362 0.0440566 0.0265933 0.0145562 0.00922895 0.00898624 0.0118444 0.01654 0.0223871 0.028861 0.0353698 0.0412394 0.0458159 0.0486018 0.049364 0.0481752 0.0453722 0.0414528 0.0369475 0.0323101 0.0278557 0.0237528 0.0200554 0.0167513 0.0138069
pSPR Fmed_Fpbrs
0.715037   0.255595 0.255595
Fs Fmed_Fpbrs
0.173426   1.005 1.005
SSBpbr Bo_Bmed_Bpbrs
1.46765e+06  976045  301742 301742
Ro
59874.1
SPR SPRFo_SPRFmed_SPRFpbrs
1.23118e+06 880340 314684
log_Ro
10.82
likeval ReclasPelacesDesembMPH_pf_preclas_ppelaces_ptallas_desvR_qrecl_qpela
 194.263 53.6384 0.0900949 0.00114875 345.804 218.064 82.4304 0 13.8913 0 0 0 0 0 0
q_reclas_q_pelaces
1 1
M
0.7
N
 101574 35596.4 17676.7 8777.97 8658.88
 83915.5 48079.8 16061.1 7975.7 7867.5
 65571.5 39517.5 21471.6 7172.61 7075.3
 60078.2 29425.4 16025.5 8707.35 5777.93
 97704.4 29191.4 13989.6 7618.92 6886.67
 78190.8 48235.5 14327.4 6866.21 7119.46
 136906 35800.4 20362.8 6048.34 5904.09
 91738.1 64730.6 16116.5 9166.82 5380.69
 105087 41059.9 26112.7 6501.47 5868.55
 121967 45783.6 15694.5 9981.19 4728.26
 60601.6 53918.3 18017.8 6176.48 5788.81
 50930 22925.6 15538.8 5192.58 3448.29
 53619.1 19448.2 6731.91 4562.83 2537.32
 32024.8 18543.1 4683.94 1621.33 1710.01
 21509.3 9106.38 3019.3 762.668 542.43
 20288.5 7014.93 1950.49 646.705 279.539
 18560.8 8492.54 2475.17 688.218 326.818
 24591.6 8093.07 3251.44 947.639 388.615
 22983.5 11218.1 3391.42 1362.52 559.96
 39812.2 10623.6 4826.48 1459.13 827.131
 49503.4 18383.1 4561.23 2072.25 981.607
 71917.5 23715.2 8495.89 2108 1411.36
 108611 34002.7 10675.5 3824.47 1584.26
 147534 50983.9 15088.1 4737.08 2400.03
 118550 69579.2 22835.7 6757.96 3196.71
pred_Ctot
 3427.6 2352.68 1168.31 580.165 572.294
 3128.51 3503.07 1170.2 581.104 573.221
 4568.89 5272.39 2864.72 956.962 943.979
 931.706 903.981 492.32 267.499 177.504
 410.068 244.402 117.127 63.7887 57.658
 4405.88 5248.45 1558.94 747.104 774.66
 4727.01 2419.85 1376.38 408.825 399.075
 6550.25 8840.26 2201.02 1251.91 734.841
 9340.18 6902.85 4389.98 1093.01 986.601
 9693.76 6924.25 2373.62 1509.54 715.095
 10544.9 16785.6 5609.23 1922.83 1802.14
 8590.67 6943.17 4706.02 1572.61 1044.34
 11952 7504.56 2597.67 1760.68 979.087
 10161 9536.9 2408.99 833.864 879.477
 5439.01 3905.09 1294.77 327.055 232.61
 2314.4 1489.24 414.08 137.292 59.3447
 1640.01 1419.82 413.81 115.06 54.639
 1446.28 917.675 368.681 107.453 44.0652
 1148.45 1086.79 328.556 131.999 54.2481
 2017.2 1043.14 473.919 143.274 81.2172
 1258.89 920.391 228.368 103.752 49.1463
 2484.26 1603.69 574.519 142.55 95.4407
 4287.48 2619.59 822.449 294.64 122.053
 5351.14 3616.19 1070.17 335.992 170.23
 3753.13 4320.04 1417.82 419.589 198.478
F
 0.0479228 0.0958455 0.0958455 0.0958455 0.0958455
 0.053065 0.10613 0.10613 0.10613 0.10613
 0.101283 0.202565 0.202565 0.202565 0.202565
 0.0217724 0.0435448 0.0435448 0.0435448 0.0435448
 0.00585109 0.0117022 0.0117022 0.0117022 0.0117022
 0.081194 0.162388 0.162388 0.162388 0.162388
 0.0490585 0.098117 0.098117 0.098117 0.098117
 0.103906 0.207813 0.207813 0.207813 0.207813
 0.13086 0.261719 0.261719 0.261719 0.261719
 0.116282 0.232563 0.232563 0.232563 0.232563
 0.272065 0.54413 0.54413 0.54413 0.54413
 0.262699 0.525397 0.525397 0.525397 0.525397
 0.361807 0.723613 0.723613 0.723613 0.723613
 0.557536 1.11507 1.11507 1.11507 1.11507
 0.420446 0.840892 0.840892 0.840892 0.840892
 0.170866 0.341732 0.341732 0.341732 0.341732
 0.130045 0.26009 0.26009 0.26009 0.26009
 0.0848805 0.169761 0.169761 0.169761 0.169761
 0.0717043 0.143409 0.143409 0.143409 0.143409
 0.0727409 0.145482 0.145482 0.145482 0.145482
 0.0359253 0.0718507 0.0718507 0.0718507 0.0718507
 0.0490814 0.0981627 0.0981627 0.0981627 0.0981627
 0.0562662 0.112532 0.112532 0.112532 0.112532
 0.0515925 0.103185 0.103185 0.103185 0.103185
 0.0449005 0.0898011 0.0898011 0.0898011 0.0898011
YTP_r0W_actual
 42035.1 95040.8 46788.2 17245.1 8494.84
YTP_p0W_proyectada
 145443 580930 475273 203478 100028
 145443 181506 153955 112697 49938.8
CTP_r0_actual
 3753.13 4320.04 1417.82 419.589 198.478
CTP_p0_proyectada
 17111 27146.3 15233.1 4999.47 2151.15
 17111 8481.58 4934.44 2768.96 1073.95
Wmedp
 8.5 21.4 31.2 40.7 46.5
nmprior
 10.6 11 7 0
nm_flota  nm_reclas  nm_pelaces    nm_pelaL
inf 11.1001 13.5098 29.5015
cv_recla  cv_pelaces  cv_mph
1.26072 0.830443 1.09964
 ------------------------------------------------
Talla a la edad & desviaci?n 
 7.2 14.2025 17.0495 18.207 18.6776
 1.08 2.13037 2.55742 2.73105 2.80164
