years
 1997 1998 1999 2000 2001 2002 2003 2004 2005 2006 2007 2008 2009 2010 2011 2012 2013 2014 2015 2016 2017 2018 2019 2020 2021
reclasobs
 0 0 0 370054 412103 1.49427e+06 250295 1.28982e+06 931140 785840 897777 1.04006e+06 184774 17550 25797 100020 73551 82996 120727 218422 84188 347160 605670 569463 516374
reclaspred
 1.30725e+06 179772 232495 106379 248133 254140 560512 454471 624888 1.00015e+06 856423 552362 352802 153574 94258 88893.2 100730 120672 106296 177140 292971 256203 431482 496068 417824
pelacesobs
 0 0 0 0 0 0 0 0 0 2.06254e+06 1.5e+06 0 1.87456e+06 323000 250000 174000 83755 137374 0 501740 490994 745055 786931 1.00524e+06 1.33801e+06
pelacespred
 1.0276e+06 344084 112903 112189 232395 177401 547601 444502 612608 980185 745172 496584 327938 113536 69505.8 70564.4 83473.3 102197 90595.3 149943 279686 237731 315591 425615 345208
mphobs
 0 0 0 0 0 112323 0 153150 637223 0 255016 313432 73983 77613 109348 50772 0 0 0 0 0 0 0 0 0
mphpred
 1.50881e+06 638428 305571 142093 152026 359977 419408 532787 560799 790222 1.26739e+06 900816 513103 286697 122663 95205.7 108064 131981 142418 140451 271075 347729 402060 563178 651244
desembarqueobs
 350755 77701 442110 56441 14545 235359 269955 359681 431902 328805 639364 411747 362871 311530 167758 66681 60226 58785 57116 73181 50977 67692 138656 160484 209506
desembarquepred
 350741 77676.3 441557 56420.4 14544.2 235265 269888 359249 431547 328597 638768 411456 362411 311158 167461 66640.7 60212.5 58751.6 57078.5 73125.7 50966.3 67658.8 138595 160422 209433
Reclutas
 12128.9 20371.7 3006.21 18019.3 55547.9 21306.5 56612.9 73155.9 104522 204565 58086 27844.3 51645.5 22381.1 14728.1 15650 10710.6 10624.2 9101.73 28697.8 32301.6 33661.7 63282.3 54388.2 3042.26
log_desv_Rt
 -0.756651 -0.238098 -2.15157 -0.360801 0.765 -0.193233 0.783991 1.04035 1.39715 2.06864 0.809679 0.0743849 0.692159 -0.144028 -0.562487 -0.501776 -0.881013 -0.889106 -1.04378 0.104575 0.222872 0.264117 0.895361 0.743902 -2.13964
SSB
 1.50881e+06 638428 305571 142093 152026 359977 419408 532787 560799 790222 1.26739e+06 900816 513103 286697 122663 95205.7 108064 131981 142418 140451 271075 347729 402060 563178 651244
BT
 2.06376e+06 781024 444171 264774 428142 500475 1.17365e+06 1.18492e+06 1.48827e+06 2.06027e+06 1.88834e+06 1.25876e+06 945239 500434 263855 181112 198196 230358 211782 328368 541053 489698 661601 892618 785479
Ftot
 0.167911 0.300997 1.08198 0.542502 0.088897 0.633874 0.540452 0.93774 0.870516 0.448559 0.532147 0.496979 0.905023 1.50971 1.65503 0.717608 0.544791 0.424148 0.413011 0.5037 0.166917 0.209886 0.276009 0.266277 0.299444
BD_Bspro_t
 0.974138 0.817498 0.592016 0.26438 0.423817 0.685847 0.548337 0.558717 0.529321 0.564709 0.642875 0.483947 0.353932 0.266539 0.153039 0.14963 0.220263 0.330605 0.403478 0.459271 0.643329 0.74845 0.74238 0.745852 0.717378
BD_Bspro
 2.8387 1.20115 0.574908 0.267337 0.286025 0.677268 0.789082 1.00239 1.0551 1.48674 2.38449 1.69481 0.965362 0.539397 0.23078 0.179122 0.203314 0.248312 0.267947 0.264247 0.510006 0.654224 0.756443 1.05957 1.22526
BD_Bo
 1.61022 0.681342 0.326111 0.151644 0.162245 0.384174 0.447599 0.568599 0.598494 0.843338 1.35258 0.961366 0.547592 0.305968 0.130908 0.101605 0.115328 0.140853 0.15199 0.149892 0.289296 0.371102 0.429085 0.601033 0.695019
BD_Brms
 5.36212 2.2689 1.08597 0.504983 0.540283 1.27932 1.49053 1.89346 1.99302 2.80836 4.50416 3.2014 1.82351 1.01889 0.43593 0.33835 0.384048 0.469046 0.506135 0.499146 0.96337 1.23579 1.42887 2.00147 2.31445
S_f
 0.145692 1 1 1 1
 0.145692 1 1 1 1
 0.145692 1 1 1 1
 0.145692 1 1 1 1
 0.145692 1 1 1 1
 0.145692 1 1 1 1
 0.145692 1 1 1 1
 0.145692 1 1 1 1
 0.145692 1 1 1 1
 0.145692 1 1 1 1
 0.145692 1 1 1 1
 0.145692 1 1 1 1
 0.145692 1 1 1 1
 0.145692 1 1 1 1
 0.145692 1 1 1 1
 0.145692 1 1 1 1
 0.145692 1 1 1 1
 0.145692 1 1 1 1
 0.145692 1 1 1 1
 0.145692 1 1 1 1
 0.145692 1 1 1 1
 0.145692 1 1 1 1
 0.145692 1 1 1 1
 0.145692 1 1 1 1
 0.145692 1 1 1 1
Scru_reclas
 0.939335 1 1 1 1
 0.939335 1 1 1 1
 0.939335 1 1 1 1
 0.939335 1 1 1 1
 0.939335 1 1 1 1
 0.939335 1 1 1 1
 0.939335 1 1 1 1
 0.939335 1 1 1 1
 0.939335 1 1 1 1
 0.939335 1 1 1 1
 0.939335 1 1 1 1
 0.939335 1 1 1 1
 0.939335 1 1 1 1
 0.939335 1 1 1 1
 0.939335 1 1 1 1
 0.939335 1 1 1 1
 0.939335 1 1 1 1
 0.939335 1 1 1 1
 0.939335 1 1 1 1
 0.939335 1 1 1 1
 0.939335 1 1 1 1
 0.939335 1 1 1 1
 0.939335 1 1 1 1
 0.939335 1 1 1 1
 0.939335 1 1 1 1
Scru_pelaces
 1 1 1 1 1
 1 1 1 1 1
 1 1 1 1 1
 1 1 1 1 1
 1 1 1 1 1
 1 1 1 1 1
 1 1 1 1 1
 1 1 1 1 1
 1 1 1 1 1
 1 1 1 1 1
 1 1 1 1 1
 1 1 1 1 1
 1 1 1 1 1
 1 1 1 1 1
 1 1 1 1 1
 1 1 1 1 1
 1 1 1 1 1
 1 1 1 1 1
 1 1 1 1 1
 1 1 1 1 1
 1 1 1 1 1
 1 1 1 1 1
 1 1 1 1 1
 1 1 1 1 1
 1 1 1 1 1
pf_obs 
 0.256992 0.487395 0.22802 0.0275931 0
 0.321318 0.546541 0.124235 0.00734118 0.000564706
 0.182869 0.594174 0.210203 0.0122559 0.00049798
 0.330522 0.361315 0.267642 0.0388342 0.00168674
 0.649043 0.306663 0.0425973 0.00169635 0
 0.582887 0.30429 0.105238 0.00758474 0
 0.465427 0.430635 0.0974691 0.00646863 0
 0.296916 0.608066 0.0921331 0.00288517 0
 0.311714 0.524322 0.152257 0.0117073 0
 0.15457 0.633149 0.183074 0.0267441 0.00246327
 0.131901 0.49318 0.331252 0.0422183 0.00144891
 0.196976 0.569456 0.194076 0.0375587 0.00193317
 0.518974 0.381816 0.0799577 0.0180837 0.00116848
 0.0928022 0.601141 0.25162 0.0475244 0.00691264
 0.122501 0.610282 0.24278 0.0234846 0.000952079
 0.383417 0.481906 0.127806 0.00687128 0
 0.0376549 0.599619 0.316969 0.0457579 0
 0.0361596 0.667082 0.258105 0.0386534 0
 0.158088 0.579412 0.248529 0.0139706 0
 0.0477256 0.309471 0.559284 0.082774 0.000745712
 0.0406174 0.521527 0.379366 0.0568643 0.0016247
 0.151134 0.462217 0.34131 0.0453401 0
 0.294876 0.26143 0.354403 0.0886775 0.000613685
 0.281977 0.475581 0.204845 0.0348837 0.00271318
 0.0841818 0.532909 0.334909 0.0458182 0.00218182
pf_pred 
 0.0310085 0.629272 0.299614 0.0401021 2.80505e-06
 0.0978459 0.173561 0.473156 0.225283 0.0301552
 0.029251 0.449498 0.100281 0.273382 0.147588
 0.399179 0.159796 0.204213 0.0455589 0.191253
 0.464329 0.458864 0.0204277 0.0261058 0.030273
 0.109374 0.767085 0.105828 0.00471123 0.0130026
 0.357464 0.344825 0.256414 0.0353752 0.00592123
 0.320084 0.566546 0.0608414 0.0452421 0.00728639
 0.352408 0.543592 0.0866591 0.00930633 0.00803478
 0.39535 0.516048 0.0743725 0.0118564 0.00237256
 0.0836133 0.777577 0.11847 0.0170738 0.00326656
 0.0754432 0.41546 0.431981 0.0658156 0.0113
 0.249839 0.313178 0.196363 0.204171 0.0364479
 0.155821 0.661937 0.0760827 0.0477039 0.0584554
 0.230672 0.568749 0.157278 0.0180774 0.0252237
 0.298359 0.585079 0.086172 0.0238293 0.00656061
 0.179352 0.662593 0.131798 0.0194115 0.00684578
 0.195793 0.533208 0.218805 0.0435229 0.00867082
 0.172849 0.556837 0.179225 0.0735458 0.0175436
 0.428557 0.364257 0.139477 0.0448925 0.0228162
 0.247215 0.653861 0.0630578 0.0241454 0.0117213
 0.193686 0.572152 0.20339 0.0196147 0.0111567
 0.289041 0.459328 0.178555 0.063473 0.009603
 0.180608 0.623945 0.126273 0.0490859 0.0200891
 0.0119001 0.625152 0.276375 0.0559321 0.0306409
pobs_RECLAS
 0 0 0 0 0
 0 0 0 0 0
 0 0 0 0 0
 0 0 0 0 0
 0.835266 0.146461 0.0176864 0.000547809 3.91292e-05
 0.385257 0.428462 0.181853 0.0044286 0
 0.867414 0.0963971 0.0333333 0.00285562 0
 0.441836 0.489002 0.0689373 0.000224442 0
 0.779404 0.147425 0.0564933 0.0165055 0.000172143
 0.814271 0.122319 0.05973 0.00367925 0
 0.40263 0.566651 0.0304383 0.000280538 0
 0.475488 0.404961 0.113038 0.00651328 0
 0.955842 0.0263864 0.0167828 0.000988607 0
 0.975058 0.0227948 0.00214734 0 0
 0.738997 0.206755 0.0527124 0.00153531 0
 0.850938 0.134255 0.0134407 0.00136685 0
 0.542534 0.407297 0.0501686 0 0
 0.764087 0.199537 0.0359546 0.000420521 0
 0.470689 0.182191 0.310203 0.0369168 0
 0.84361 0.089868 0.0606195 0.00523954 0.000663233
 0.607945 0.314616 0.071237 0.00620181 0
 0.523733 0.453247 0.0230204 0 0
 0.530135 0.295979 0.169645 0.0042399 0
 0.562478 0.366248 0.0663022 0.0049721 0
 0.250443 0.683176 0.0655157 0.000865301 0
ppred_RECLAS
 0.172374 0.537468 0.255904 0.0342516 2.39582e-06
 0.415991 0.112354 0.306297 0.145837 0.019521
 0.176541 0.381297 0.0850652 0.231902 0.125195
 0.816551 0.0487907 0.0623527 0.0139105 0.0583953
 0.848831 0.129494 0.00576478 0.00736718 0.00854318
 0.453527 0.47067 0.0649341 0.00289073 0.00797819
 0.788426 0.113544 0.0844321 0.0116483 0.00194974
 0.766859 0.194266 0.0208623 0.0155133 0.00249848
 0.790447 0.175899 0.0280418 0.00301141 0.00259996
 0.812888 0.159693 0.0230149 0.00366903 0.000734198
 0.379153 0.526804 0.0802625 0.0115674 0.00221308
 0.352518 0.290953 0.302523 0.0460917 0.00791359
 0.698606 0.125827 0.0788934 0.0820306 0.0146438
 0.58292 0.327041 0.0375899 0.0235689 0.0288809
 0.699262 0.22233 0.0614813 0.00706664 0.00986018
 0.743474 0.21391 0.0315052 0.0087122 0.00239861
 0.594236 0.327615 0.0651664 0.00959789 0.00338485
 0.617495 0.25361 0.10407 0.0207008 0.00412411
 0.580601 0.282339 0.0908741 0.0372907 0.00889532
 0.833522 0.106119 0.0406338 0.0130785 0.00664702
 0.681248 0.276864 0.0267006 0.0102239 0.00496314
 0.610536 0.27636 0.0982409 0.00947427 0.00538887
 0.727166 0.17627 0.0685213 0.0243581 0.00368521
 0.590833 0.311569 0.0630547 0.0245112 0.0100316
 0.0732901 0.586312 0.259204 0.0524571 0.0287372
pobs_PELACES
 0 0 0 0 0
 0 0 0 0 0
 0 0 0 0 0
 0 0 0 0 0
 0 0 0 0 0
 0 0 0 0 0
 0 0 0 0 0
 0 0 0 0 0
 0 0 0 0 0
 0 0 0 0 0
 0.450072 0.473896 0.0757376 0.000293798 0
 0 0 0 0 0
 0.463077 0.371075 0.160297 0.00555027 0
 0.529543 0.364841 0.0842815 0.0213345 0
 0.631943 0.363953 0.00410389 0 0
 0.735681 0.248677 0.0153453 0.000297389 0
 0.695825 0.281241 0.0229344 0 0
 0.275771 0.60734 0.115278 0.00161068 0
 0 0 0 0 0
 0.896147 0.0623911 0.0374545 0.00400742 0
 0.803859 0.145111 0.0509908 3.86294e-05 0
 0.739449 0.233085 0.0266225 0.000797448 4.60066e-05
 0.878498 0.100942 0.0204185 0.000141795 0
 0.694673 0.275183 0.0284847 0.00165964 0
 0.469039 0.446079 0.0841089 0.000773354 0
ppred_PELACES
 0.188624 0.526915 0.250879 0.0335791 2.34878e-06
 0.452193 0.10539 0.28731 0.136796 0.0183109
 0.236432 0.353565 0.0788783 0.215036 0.116089
 0.846665 0.0407815 0.0521173 0.0116271 0.0488095
 0.859737 0.120151 0.00534889 0.00683568 0.00792684
 0.51371 0.418835 0.0577828 0.00257237 0.00709954
 0.822066 0.0954903 0.0710073 0.00979623 0.00163973
 0.820187 0.149831 0.0160903 0.0119649 0.00192699
 0.836939 0.136874 0.0218205 0.0023433 0.00202313
 0.83996 0.136589 0.0196851 0.00313819 0.000627974
 0.430322 0.483385 0.0736475 0.010614 0.00203068
 0.40004 0.269599 0.280319 0.0427088 0.00733277
 0.761041 0.099761 0.0625502 0.0650375 0.0116103
 0.694867 0.23926 0.0275005 0.0172428 0.021129
 0.797858 0.14944 0.0413249 0.00474987 0.00662756
 0.790675 0.17455 0.0257083 0.00710917 0.00195727
 0.645125 0.286527 0.0569936 0.00839418 0.00296034
 0.659505 0.225757 0.0926404 0.0184273 0.00367116
 0.62346 0.253486 0.0815876 0.0334799 0.00798629
 0.860011 0.0892335 0.0341683 0.0109975 0.00558937
 0.70457 0.256608 0.024747 0.00947585 0.00460001
 0.639068 0.256114 0.0910439 0.00878019 0.00499409
 0.754116 0.158858 0.0617529 0.021952 0.00332119
 0.623649 0.286581 0.0579977 0.0225454 0.00922703
 0.0839221 0.579585 0.25623 0.0518552 0.0284075
pobs_pel_tallas
 0 0 0 0 0 0 0 0 0 0 0 0 0 0 0 0 0 0 0 0 0 0 0 0 0 0 0 0 0 0 0 0 0 0 0 0
 0 0 0 0 0 0 0 0 0 0 0 0 0 0 0 0 0 0 0 0 0 0 0 0 0 0 0 0 0 0 0 0 0 0 0 0
 0 0 0 0 0 0 0 0 0 0 0 0 0 0 0 0 0 0 0 0 0 0 0 0 0 0 0 0 0 0 0 0 0 0 0 0
 0 0 0 0 0 0 0 0 0 0 0 0 0 0 0 0 0 0 0 0 0 0 0 0 0 0 0 0 0 0 0 0 0 0 0 0
 0 0 0 0 0 0 0 0 0 0 0 0 0 0 0 0 0 0 0 0 0 0 0 0 0 0 0 0 0 0 0 0 0 0 0 0
 0 0 0 0 0 0 0 0 0 0 0 0 0 0 0 0 0 0 0 0 0 0 0 0 0 0 0 0 0 0 0 0 0 0 0 0
 0 0 0 0 0 0 0 0 0 0 0 0 0 0 0 0 0 0 0 0 0 0 0 0 0 0 0 0 0 0 0 0 0 0 0 0
 0 0 0 0 0 0 0 0 0 0 0 0 0 0 0 0 0 0 0 0 0 0 0 0 0 0 0 0 0 0 0 0 0 0 0 0
 0 0 0 0 0 0 0 0 0 0 0 0 0 0 0 0 0 0 0 0 0 0 0 0 0 0 0 0 0 0 0 0 0 0 0 0
 0 0 0 0 0 0 0 0 0 0 0 0 0 0 0 0 0 0 0 0 0 0 0 0 0 0 0 0 0 0 0 0 0 0 0 0
 0 0 0 0 0 0 0 0 1.78061e-05 0.00172719 0.00360574 0.0105946 0.0120993 0.0124554 0.0147524 0.0171206 0.0266825 0.0428682 0.0675386 0.121331 0.153587 0.119568 0.100827 0.0573624 0.0630603 0.0341343 0.0324427 0.0444173 0.0211091 0.0280891 0.0125444 0.00206551 0 0 0 0
 0 0 0 0 0 0 0 0 0 0 0 0 0 0 0 0 0 0 0 0 0 0 0 0 0 0 0 0 0 0 0 0 0 0 0 0
 0 0 0 0 0 0 0.0133647 0.0140871 0.0187388 0.0205184 0.03894 0.0496705 0.03968 0.0493445 0.0407372 0.0367815 0.0215668 0.0243155 0.0234873 0.0199281 0.019796 0.0243948 0.0301388 0.0376714 0.0412746 0.0863199 0.0771752 0.113111 0.0741005 0.0525337 0.0229764 0.00759418 0.00175318 0 0 0
 0 0 0 0 0 0 0 0 0 0 0.00219441 0.00772107 0.0458388 0.0604681 0.0671733 0.0775358 0.0609151 0.0617685 0.073594 0.0568108 0.0755445 0.0548602 0.0670107 0.0636378 0.0643287 0.046367 0.0373049 0.0286899 0.0247887 0.0153202 0.00654259 0.00121912 0.000365735 0 0 0
 0 0 0 0 0 0 0 0 0 0 0 0 0.000112435 0.00938835 0.0111873 0.0202946 0.0414886 0.0713402 0.111592 0.104902 0.108894 0.110636 0.117776 0.105296 0.107544 0.0401394 0.0192827 0.0124803 0.00416011 0.0028671 0.000618394 0 0 0 0 0
 0 0 0 0 0 0 0 0 0 0 0.00291406 0.0102884 0.027416 0.0768956 0.0749926 0.110853 0.0956884 0.0897413 0.0766577 0.0534642 0.0500743 0.0551293 0.0594112 0.0620874 0.0668451 0.0424026 0.0208742 0.0120726 0.0048766 0.00582813 0.00118941 0.000297354 0 0 0 0
 0 0.00264628 0.0354308 0.0461629 0.0458689 0.0383711 0.0214643 0.0164657 0.0346957 0.0420465 0.0363128 0.0245516 0.0311673 0.0291091 0.0169068 0.0133784 0.00837989 0.0085269 0.0148486 0.0160247 0.0276389 0.0546898 0.0760071 0.122758 0.109233 0.0665981 0.0333725 0.0166128 0.00676272 0.00308733 0.000882094 0 0 0 0 0
 0 0 0 0 0 0 0 0.000805153 0.000690131 0.00759144 0.0133425 0.0154129 0.00931677 0.000345066 0.00356568 0.00563607 0.00851162 0.0253048 0.0502646 0.0516448 0.0657925 0.0565908 0.0611916 0.0827007 0.0866115 0.110766 0.145733 0.0935128 0.0569358 0.0249597 0.0138026 0.00621118 0.00161031 0.00115022 0 0
 0 0 0 0 0 0 0 0 0 0 0 0 0 0 0 0 0 0 0 0 0 0 0 0 0 0 0 0 0 0 0 0 0 0 0 0
 0.00147267 0.00158595 0.00478618 0.00569244 0.00954404 0.0108468 0.00647125 0.017049 0.0510054 0.094081 0.124002 0.0959785 0.0687766 0.0820023 0.061753 0.0591476 0.0492212 0.0479892 0.0443925 0.0268479 0.0217502 0.0140895 0.0121071 0.0120363 0.00920419 0.00665534 0.0049561 0.00860946 0.00930331 0.0156896 0.0114698 0.00855282 0.00243557 0.00046729 0 2.83206e-05
 0 0 0 0 0.000772559 0.00158375 0.000888443 0.00281984 0.00712685 0.0440552 0.0773331 0.111326 0.0921469 0.0852325 0.0710754 0.0886704 0.0786465 0.0553345 0.0373146 0.0185414 0.00753245 0.00457741 0.012979 0.0271748 0.0457355 0.0583668 0.034881 0.0177882 0.00938659 0.00492506 0.0015258 0.00185414 0.000309023 5.79419e-05 3.86279e-05 0
 0 0.00173294 0.00326652 0 0.00397197 0.00683976 0.00946217 0.0152591 0.00757587 0.0136028 0.0228656 0.0392903 0.0559909 0.0764795 0.0681675 0.0726916 0.0566044 0.0477403 0.0527397 0.0444891 0.0609904 0.0582453 0.0661739 0.0445044 0.0529084 0.0360697 0.0280645 0.0235558 0.0158879 0.00826598 0.00280645 0.00217768 0.000904811 0.00058276 9.20147e-05 0
 0 0 0 0 0 0 0 0 0 0 0 0 0 0 0 0 0 0 0 0 0 0 0 0 0 0 0 0 0 0 0 0 0 0 0 0
 0 0 0 0 0 0 0 0 0 0 0 0 0 0 0 0 0 0 0 0 0 0 0 0 0 0 0 0 0 0 0 0 0 0 0 0
 0 0 0 0 0 0 0 0 0 0 0 0 0 0 0 0 0 0 0 0 0 0 0 0 0 0 0 0 0 0 0 0 0 0 0 0
ppred_pel_tallas
 1.04887e-16 8.25949e-06 4.84019e-05 0.000229925 0.000884964 0.00275944 0.00697067 0.0142669 0.0236643 0.0318266 0.0347554 0.0309465 0.0227852 0.0145759 0.00946787 0.00826089 0.0102959 0.0146979 0.0208685 0.0283672 0.0366742 0.0450874 0.0527695 0.0588915 0.062805 0.0641779 0.0630506 0.0597919 0.0549799 0.0492514 0.0431716 0.0371588 0.0314711 0.0262372 0.0215068 0.0172946
 1.09669e-16 1.97352e-05 0.000115813 0.000550493 0.00211938 0.00660902 0.0166938 0.0341581 0.056622 0.0760456 0.0827627 0.0730266 0.0523281 0.0306498 0.0150917 0.00704144 0.00439596 0.00468527 0.00643375 0.00904253 0.0123092 0.0161197 0.0203337 0.0247647 0.0291924 0.0333814 0.037098 0.0401233 0.0422637 0.0433645 0.0433268 0.0421252 0.039823 0.0365731 0.0326063 0.0282034
 1.14049e-16 1.03362e-05 6.06122e-05 0.000288015 0.00110869 0.00345718 0.00873288 0.0178712 0.0296331 0.0398257 0.0434156 0.0384796 0.0279468 0.0171224 0.00983359 0.00694134 0.00748048 0.0102571 0.014516 0.0198382 0.0258712 0.0321855 0.0382744 0.0436355 0.0478735 0.0507779 0.0523479 0.0527524 0.0522473 0.0510804 0.0494222 0.0473406 0.0448232 0.041827 0.0383339 0.0343881
 1.03434e-16 3.69328e-05 0.000216786 0.00103054 0.00396772 0.012373 0.0312531 0.0639468 0.105994 0.142334 0.154851 0.136504 0.0975268 0.0565395 0.0267348 0.0105794 0.00397972 0.00214841 0.00217914 0.00285833 0.00379585 0.00486802 0.00600687 0.00714979 0.00823746 0.00921973 0.0100592 0.0107295 0.0112117 0.0114892 0.0115463 0.0113709 0.0109592 0.0103214 0.00948509 0.00849458
 1.00721e-16 3.75061e-05 0.000220144 0.00104649 0.0040291 0.0125644 0.0317366 0.0649367 0.107637 0.144546 0.157275 0.13868 0.0991676 0.057664 0.02759 0.0114774 0.0051921 0.00388086 0.00457415 0.00598464 0.00762129 0.00923187 0.0106097 0.0115727 0.0119931 0.0118263 0.0111212 0.0100054 0.00865091 0.00723367 0.00589759 0.00473445 0.00378122 0.00303097 0.00245062 0.00199823
 1.01377e-16 2.24299e-05 0.000131606 0.000625511 0.00240811 0.00750935 0.0189684 0.0388142 0.0643478 0.0864446 0.0941405 0.0832092 0.0599358 0.0357292 0.0187412 0.0106406 0.00911017 0.0113568 0.0156131 0.0209672 0.0268092 0.0325167 0.0374099 0.0408493 0.0423741 0.0418103 0.0393102 0.0353037 0.0303853 0.0251733 0.0201867 0.0157741 0.0120991 0.00917387 0.00691406 0.00519437
 1.01453e-16 3.58626e-05 0.000210497 0.00100064 0.00385255 0.0120138 0.0303459 0.0620911 0.10292 0.138211 0.150379 0.132593 0.0948009 0.055098 0.0263138 0.0108676 0.00480758 0.00350004 0.0041204 0.00546206 0.0070883 0.00879461 0.0104159 0.0117964 0.0128088 0.0133765 0.0134848 0.013175 0.0125262 0.0116321 0.0105805 0.00944264 0.00827112 0.0071045 0.00597368 0.00490627
 1.00779e-16 3.57827e-05 0.000210024 0.000998373 0.00384382 0.0119866 0.0302772 0.0619508 0.102689 0.137905 0.150057 0.132336 0.0946761 0.0551432 0.0265547 0.0113422 0.00557826 0.00464478 0.00571088 0.00753538 0.00961897 0.011674 0.0134468 0.0147086 0.015296 0.0151475 0.0143173 0.012957 0.0112758 0.00948943 0.0077773 0.00625735 0.00498232 0.00395235 0.00313558 0.00248821
 1.0053e-16 3.65127e-05 0.00021431 0.00101875 0.0039223 0.0122314 0.0308954 0.0632155 0.104785 0.140718 0.153115 0.135024 0.096579 0.056212 0.0269953 0.0114034 0.00542176 0.00433343 0.00524959 0.00691035 0.00882049 0.0107073 0.0123362 0.0134958 0.0140343 0.0138927 0.013118 0.0118472 0.0102713 0.0085893 0.00696868 0.00552242 0.0043046 0.00332095 0.00254668 0.00194413
 1.00462e-16 3.66444e-05 0.000215084 0.00102243 0.00393645 0.0122755 0.0310069 0.0634437 0.105163 0.141226 0.153667 0.13551 0.0969256 0.056411 0.0270857 0.0114326 0.00542186 0.0043189 0.00522391 0.00687216 0.00876677 0.0106347 0.0122414 0.0133763 0.0138885 0.0137203 0.0129203 0.0116273 0.0100338 0.00834021 0.00671509 0.00527177 0.00406404 0.00309671 0.00234362 0.00176542
 1.01663e-16 1.87965e-05 0.000110268 0.000524056 0.00201746 0.00629111 0.0158913 0.0325187 0.053915 0.0724413 0.0789228 0.0698349 0.0504686 0.0304192 0.0165667 0.010369 0.00994466 0.0129962 0.0180475 0.0242823 0.0310707 0.0377128 0.0434275 0.047476 0.0493233 0.0487634 0.045965 0.0414162 0.0357956 0.0298099 0.0240547 0.0189314 0.0146319 0.011176 0.00847449 0.00639123
 1.05878e-16 1.74679e-05 0.000102487 0.000487102 0.00187525 0.00584767 0.0147709 0.0302249 0.0501074 0.0673118 0.0732986 0.0647737 0.0466276 0.0277402 0.0144567 0.00807882 0.00681606 0.00852698 0.0118958 0.0163032 0.0213901 0.0267966 0.0320992 0.0368534 0.0406697 0.0432808 0.0445753 0.0445889 0.043464 0.0413955 0.0385858 0.0352207 0.0314673 0.0274823 0.0234226 0.0194451
 1.03698e-16 3.32017e-05 0.000194875 0.000926366 0.00356659 0.0111221 0.0280935 0.0574824 0.0952813 0.127954 0.139223 0.122765 0.0877928 0.0510631 0.0244594 0.0102297 0.00472544 0.00366723 0.00444938 0.0059615 0.00780189 0.00977941 0.0117354 0.0135168 0.0149951 0.0160867 0.0167626 0.017041 0.0169688 0.0166004 0.0159813 0.0151422 0.0141048 0.0128904 0.0115308 0.0100725
 1.02049e-16 3.03218e-05 0.000177955 0.000845898 0.00325672 0.0101557 0.0256527 0.0524894 0.0870094 0.116858 0.127183 0.112229 0.0804327 0.0471338 0.0232345 0.0108463 0.00669268 0.00689799 0.00906894 0.0121116 0.015505 0.0188579 0.0217806 0.0239121 0.0249921 0.0249207 0.0237793 0.0218024 0.0193127 0.0166418 0.0140623 0.0117499 0.009779 0.00814387 0.00679287 0.00566035
 1.01109e-16 3.48091e-05 0.000204307 0.000971198 0.00373919 0.0116603 0.029453 0.0602645 0.0998941 0.134152 0.145975 0.12874 0.0921116 0.0536665 0.025876 0.0111096 0.00555171 0.00471556 0.00585258 0.00775944 0.00995221 0.0121495 0.0140992 0.0155692 0.0163873 0.0164779 0.0158765 0.0147141 0.0131799 0.011474 0.00976702 0.00817686 0.00676464 0.00554576 0.00450775 0.00362706
 1.00758e-16 3.44969e-05 0.000202472 0.000962468 0.00370557 0.0115555 0.0291882 0.0597229 0.098997 0.132949 0.144672 0.127605 0.0913294 0.0532711 0.0257976 0.0112671 0.0059069 0.00527499 0.00664345 0.00880386 0.0112477 0.0136566 0.0157372 0.0172216 0.0179168 0.0177482 0.0167759 0.0151747 0.0131871 0.0110656 0.00902183 0.00719777 0.00566026 0.00441495 0.0034293 0.00265522
 1.0133e-16 2.81548e-05 0.000165228 0.000785383 0.00302371 0.00942909 0.0238173 0.0487344 0.0807869 0.108507 0.11811 0.10426 0.0748037 0.0440008 0.0219985 0.0107871 0.00735431 0.00812303 0.010874 0.0145659 0.0186562 0.0226922 0.0262046 0.0287527 0.0300143 0.0298588 0.0283743 0.0258364 0.0226332 0.0191715 0.0157959 0.012741 0.0101231 0.00796146 0.00621452 0.00481496
 1.02194e-16 2.87795e-05 0.000168901 0.000802855 0.003091 0.00963895 0.0243473 0.0498184 0.082582 0.110913 0.120714 0.106523 0.0763516 0.0447587 0.0220959 0.010373 0.00648842 0.00677425 0.00897219 0.0120584 0.0155518 0.0190903 0.0223051 0.0248428 0.0264313 0.0269362 0.0263845 0.0249434 0.0228682 0.0204362 0.0178893 0.0154017 0.013075 0.010953 0.00904477 0.00734598
 1.02765e-16 2.72088e-05 0.000159678 0.000759001 0.00292214 0.00911236 0.0230172 0.0470972 0.0780723 0.104859 0.114135 0.100741 0.0722569 0.0424586 0.0211471 0.0102401 0.00682313 0.00744119 0.00996054 0.0133977 0.0172629 0.0211619 0.0246854 0.0274424 0.0291361 0.0296267 0.0289564 0.0273242 0.0250246 0.0223711 0.019631 0.0169895 0.0145454 0.0123299 0.0103367 0.00854763
 1.01154e-16 3.75168e-05 0.00022021 0.00104681 0.00403034 0.0125683 0.0317464 0.0649565 0.107669 0.144587 0.157313 0.138698 0.0991469 0.057585 0.0274277 0.0111972 0.00474953 0.003227 0.00366643 0.0048014 0.00617701 0.00758875 0.0088808 0.00991324 0.0105795 0.0108271 0.0106662 0.0101613 0.00941021 0.00851815 0.0075755 0.00664561 0.00576361 0.00494304 0.00418575 0.00349038
 1.00976e-16 3.07456e-05 0.000180441 0.000857714 0.00330221 0.0102976 0.026011 0.0532228 0.0882254 0.118492 0.128965 0.113808 0.0815791 0.0478355 0.0236355 0.0111245 0.00698392 0.00728451 0.00959512 0.0127951 0.0163371 0.0197991 0.0227584 0.0248246 0.0257192 0.0253407 0.0237878 0.0213287 0.018331 0.0151742 0.0121744 0.00953974 0.0073637 0.00564562 0.00432637 0.00332344
 1.01911e-16 2.78896e-05 0.000163674 0.000777998 0.00299528 0.00934045 0.0235934 0.048276 0.0800263 0.107483 0.11699 0.103259 0.0740568 0.0435047 0.0216464 0.0104451 0.00691059 0.00749827 0.0100183 0.0134605 0.017322 0.0211987 0.0246719 0.0273418 0.0289054 0.029221 0.0283346 0.0264551 0.0238926 0.0209803 0.0180072 0.015179 0.0126109 0.0103447 0.00837675 0.0066839
 1.01838e-16 3.29022e-05 0.000193111 0.000917967 0.00353423 0.0110212 0.0278386 0.0569614 0.0944194 0.126802 0.137982 0.121703 0.087103 0.0508019 0.0245959 0.0107354 0.00562594 0.00503766 0.00637989 0.00851573 0.0109794 0.0134873 0.015776 0.0175977 0.0187621 0.019175 0.0188546 0.0179161 0.0165353 0.0149018 0.0131795 0.0114847 0.00988333 0.00840253 0.00704749 0.00581644
 1.02123e-16 2.72183e-05 0.00015973 0.000759245 0.00292307 0.00911526 0.0230246 0.0471125 0.0780985 0.104897 0.114184 0.1008 0.0723352 0.0425767 0.0213387 0.0105507 0.007307 0.00815505 0.0109531 0.0146948 0.0188517 0.0229777 0.0266078 0.0293039 0.0307436 0.0307926 0.0295315 0.0272244 0.0242447 0.0209824 0.0177656 0.0148148 0.0122368 0.0100469 0.00820642 0.00665682
 1.06936e-16 3.69606e-06 2.16059e-05 0.000102524 0.000394418 0.00122968 0.0031067 0.00636135 0.0105623 0.0142383 0.0156351 0.0141267 0.0108447 0.00780884 0.00656089 0.00762469 0.0108773 0.01606 0.0229433 0.0312232 0.0403875 0.0496831 0.0581993 0.0650341 0.0694837 0.0711904 0.0702022 0.0669219 0.0619745 0.0560412 0.0497169 0.0434309 0.0374362 0.0318485 0.0267056 0.0220186
pSPR Fmed_Fpbrs
0.534696   0.350296 0.350296
Fs Fmed_Fpbrs
0.466494   1.005 1.005
SSBpbr Bo_Bmed_Bpbrs
937017  454168  281382 281382
Ro
25848.3
SPR SPRFo_SPRFmed_SPRFpbrs
531514 284198 186187
log_Ro
9.98
likeval ReclasPelacesDesembMPH_pf_preclas_ppelaces_ptallas_desvR_qrecl_qpela
 90.2744 78.9174 0.0729136 0.000623946 340.717 192.659 81.1239 0 33.8726 1.25191e-05 0 0 0 0 0
q_reclas_q_pelaces
0.605692 1
M
0.7
N
 12128.9 38165.8 18171.8 2432.22 0.170128
 20371.7 5877.49 16023 7629.03 1021.18
 3006.21 9682.24 2160.05 5888.67 3179.06
 18019.3 1275.12 1629.56 363.546 1526.14
 55547.9 8268.11 368.079 470.391 545.478
 21306.5 27229.3 3756.58 167.235 461.556
 56612.9 9647.14 7173.68 989.688 165.658
 73155.9 25984.4 2790.47 2075.01 334.188
 104522 31689.1 5051.86 542.52 468.394
 204565 45721.6 6589.36 1050.47 210.207
 58086 95157.8 14498 2089.44 399.754
 27844.3 26692.8 27754.3 4228.57 726.014
 51645.5 12861.3 8064.05 8384.72 1496.81
 22381.1 22478.3 2583.64 1619.95 1985.05
 14728.1 8919.72 2466.59 283.509 395.584
 15650 5746.74 846.397 234.056 64.4394
 10710.6 7000.06 1392.4 205.076 72.3233
 10624.2 4912.88 2016.02 401.011 79.8913
 9101.73 4959.69 1596.34 655.065 156.259
 28697.8 4255.84 1629.6 524.506 266.576
 32301.6 13242.5 1277.1 489.013 237.389
 33661.7 15655.1 5565.11 536.695 305.267
 63282.3 16212.5 6302.29 2240.35 338.949
 54388.2 30186.5 6109.07 2374.78 971.91
 3042.26 25980.7 11485.9 2324.48 1273.4
pred_Ctot
 211.095 4283.86 2039.66 273 0.0190957
 630.181 1117.83 3047.38 1450.94 194.216
 318.178 4889.42 1090.8 2973.71 1605.39
 989.315 396.034 506.117 112.912 473.995
 514.437 508.382 22.6321 28.923 33.5399
 1358.92 9530.68 1314.86 58.5349 161.552
 3096.88 2987.38 2221.44 306.472 51.2984
 6771.57 11985.6 1287.13 957.123 154.148
 9019.38 13912.4 2217.91 238.182 205.639
 9342.01 12194.1 1757.4 280.164 56.0628
 3130.29 29110.6 4435.23 639.202 122.293
 1404.51 7734.56 8042.13 1225.28 210.371
 4623.19 5795.26 3633.63 3778.12 674.456
 3218.5 13672.3 1571.49 985.326 1207.4
 2301.1 5673.64 1568.94 180.334 251.622
 1124.03 2204.22 324.643 89.7743 24.7163
 590.439 2181.3 433.886 63.9039 22.5367
 459.493 1251.35 513.498 102.141 20.349
 383.581 1235.72 397.73 163.211 38.9323
 1466.51 1246.48 477.289 153.621 78.0767
 558.892 1478.22 142.558 54.5868 26.4989
 730.342 2157.44 766.932 73.9623 42.069
 1797.94 2857.19 1110.68 394.825 59.7342
 1491.69 5153.33 1042.92 405.414 165.921
 93.6335 4918.89 2174.6 440.092 241.092
F
 0.0244632 0.167911 0.167911 0.167911 0.167911
 0.0438528 0.300997 0.300997 0.300997 0.300997
 0.157636 1.08198 1.08198 1.08198 1.08198
 0.0790379 0.542502 0.542502 0.542502 0.542502
 0.0129515 0.088897 0.088897 0.088897 0.088897
 0.0923501 0.633874 0.633874 0.633874 0.633874
 0.0787393 0.540452 0.540452 0.540452 0.540452
 0.136621 0.93774 0.93774 0.93774 0.93774
 0.126827 0.870516 0.870516 0.870516 0.870516
 0.0653512 0.448559 0.448559 0.448559 0.448559
 0.0775293 0.532147 0.532147 0.532147 0.532147
 0.0724056 0.496979 0.496979 0.496979 0.496979
 0.131854 0.905023 0.905023 0.905023 0.905023
 0.219952 1.50971 1.50971 1.50971 1.50971
 0.241124 1.65503 1.65503 1.65503 1.65503
 0.104549 0.717608 0.717608 0.717608 0.717608
 0.0793715 0.544791 0.544791 0.544791 0.544791
 0.0617947 0.424148 0.424148 0.424148 0.424148
 0.0601722 0.413011 0.413011 0.413011 0.413011
 0.0733849 0.5037 0.5037 0.5037 0.5037
 0.0243184 0.166917 0.166917 0.166917 0.166917
 0.0305786 0.209886 0.209886 0.209886 0.209886
 0.0402122 0.276009 0.276009 0.276009 0.276009
 0.0387943 0.266277 0.266277 0.266277 0.266277
 0.0436265 0.299444 0.299444 0.299444 0.299444
YTP_r0W_actual
 1048.7 108216 71762 18087.8 10318.7
YTP_p0W_proyectada
 21082.5 14927 143902 82988.9 26251.5
 21082.5 111160 3955.87 34122.1 20367.6
CTP_r0_actual
 93.6335 4918.89 2174.6 440.092 241.092
CTP_p0_proyectada
 2480.29 697.524 4612.25 2039.04 564.548
 2480.29 5194.37 126.791 838.38 438.014
Wmedp
 8.5 21.4 31.2 40.7 46.5
nmprior
 10.6 11 7 0
nm_flota  nm_reclas  nm_pelaces    nm_pelaL
inf 30.3655 22.1392 56.0674
cv_recla  cv_pelaces  cv_mph
0.859423 1.0073 0.810423
 ------------------------------------------------
Talla a la edad & desviaci?n 
 7.2 14.2025 17.0495 18.207 18.6776
 1.08 2.13037 2.55742 2.73105 2.80164
