years
 1997 1998 1999 2000 2001 2002 2003 2004 2005 2006 2007 2008 2009 2010 2011 2012 2013 2014 2015 2016 2017 2018 2019 2020 2021
reclasobs
 0 0 0 370054 412103 1.49427e+06 250295 1.28982e+06 931140 785840 897777 1.04006e+06 184774 17550 25797 100020 73551 82996 120727 218422 84188 347160 605670 569463 516374
reclaspred
 1.52784e+06 269050 526560 176444 271837 354677 723633 632379 674020 857382 909297 689645 388037 151834 85201.4 76748.3 80700.8 109743 131275 133548 201671 212408 346760 390826 359699
pelacesobs
 0 0 0 0 0 0 0 0 0 2.06254e+06 1.5e+06 0 1.87456e+06 323000 250000 174000 83755 137374 0 501740 490994 745055 786931 1.00524e+06 1.33801e+06
pelacespred
 4.18681e+06 1.45373e+06 755437 655436 914425 776417 2.13986e+06 1.94472e+06 1.8818e+06 2.58701e+06 2.31171e+06 1.87294e+06 992288 297991 165894 168375 182523 272074 339139 318067 602923 632209 744920 987996 832155
mphobs
 0 0 0 0 0 112323 0 153150 637223 0 255016 313432 73983 77613 109348 50772 0 0 0 0 0 0 0 0 0
mphpred
 400861 163574 151179 69961.5 60206.1 144382 166671 284823 255542 284783 381678 281383 173860 96282.2 46263.1 31891.2 28996.9 35593.3 46988.6 44591.6 57939.7 77553.2 92167.6 124758 138216
desembarqueobs
 350755 77701 442110 56441 14545 235359 269955 359681 431902 328805 639364 411747 362871 311530 167758 66681 60226 58785 57116 73181 50977 67692 138656 160484 209506
desembarquepred
 350731 77663.9 441566 56422.2 14543.9 235239 269922 359168 431474 328549 638314 411123 362208 310967 167242 66613.7 60200.8 58710.2 57039.3 73102.8 50963.7 67629.4 138557 160387 209383
Reclutas
 17363.1 44848.1 4605.88 8864.34 38949.6 16398.8 63267.2 58604 68967.4 113420 71713.8 47350.2 52422.7 29486.6 12359 9600.24 7447.04 9271.53 7809.38 9848.6 15947.6 19067.3 30684.6 30159.8 4145.71
log_desv_Rt
 -0.2179 0.731036 -1.54491 -0.890208 0.590024 -0.275038 1.07512 0.998558 1.16139 1.65885 1.20044 0.785326 0.887096 0.311691 -0.557864 -0.810457 -1.06443 -0.845296 -1.01692 -0.784915 -0.302937 -0.124269 0.351517 0.334264 -1.65017
SSB
 609990 248910 230048 106460 91615.6 219705 253623 433415 388858 433354 580799 428180 264563 146512 70398.5 48528.8 44124.5 54162.3 71502.4 67854.9 88166.8 118013 140251 189845 210323
BT
 1.20566e+06 384526 380520 179704 284222 338392 1.06898e+06 981956 1.04811e+06 1.17299e+06 1.22753e+06 862590 688435 397809 201244 107782 108494 135496 127209 145545 220822 196247 272213 373476 307484
Ftot
 0.614953 0.902921 1.9348 0.882584 0.213082 1.66419 1.40188 1.80066 2.03693 1.35536 1.96219 1.63625 2.69599 4.95303 4.95303 2.48987 2.25938 1.70984 1.22564 1.59303 0.824667 0.923842 1.15334 1.19696 1.40674
BD_Bspro_t
 0.932921 0.636708 0.518535 0.203049 0.276127 0.524649 0.414408 0.500332 0.427206 0.411363 0.446608 0.311054 0.218464 0.147798 0.0866004 0.0744832 0.0940352 0.155576 0.239573 0.275239 0.361246 0.495647 0.495394 0.49334 0.442155
BD_Bspro
 1.37398 0.560661 0.518176 0.239798 0.206361 0.494879 0.571277 0.976252 0.875889 0.976117 1.30823 0.964462 0.595919 0.330014 0.15857 0.10931 0.0993889 0.121999 0.161057 0.152841 0.198593 0.265819 0.315911 0.427619 0.473746
BD_Bo
 0.831065 0.339121 0.313423 0.145044 0.124819 0.299332 0.345542 0.590495 0.529789 0.590413 0.791295 0.583363 0.360447 0.199612 0.0959126 0.0661169 0.0601163 0.073792 0.0974167 0.0924472 0.120121 0.160783 0.191082 0.258649 0.28655
BD_Brms
 1.51103 0.616583 0.56986 0.263717 0.226944 0.54424 0.628258 1.07363 0.963254 1.07348 1.43872 1.06066 0.655358 0.362931 0.174387 0.120212 0.109302 0.134167 0.177121 0.168086 0.218401 0.292333 0.347421 0.470271 0.520999
S_f
 0.0779261 0.648939 0.975864 0.998871 0.999948
 0.0779261 0.648939 0.975864 0.998871 0.999948
 0.0779261 0.648939 0.975864 0.998871 0.999948
 0.0779261 0.648939 0.975864 0.998871 0.999948
 0.0779261 0.648939 0.975864 0.998871 0.999948
 0.0779261 0.648939 0.975864 0.998871 0.999948
 0.0779261 0.648939 0.975864 0.998871 0.999948
 0.0779261 0.648939 0.975864 0.998871 0.999948
 0.0779261 0.648939 0.975864 0.998871 0.999948
 0.0779261 0.648939 0.975864 0.998871 0.999948
 0.0779261 0.648939 0.975864 0.998871 0.999948
 0.0779261 0.648939 0.975864 0.998871 0.999948
 0.0779261 0.648939 0.975864 0.998871 0.999948
 0.0779261 0.648939 0.975864 0.998871 0.999948
 0.0779261 0.648939 0.975864 0.998871 0.999948
 0.0779261 0.648939 0.975864 0.998871 0.999948
 0.0779261 0.648939 0.975864 0.998871 0.999948
 0.0779261 0.648939 0.975864 0.998871 0.999948
 0.0779261 0.648939 0.975864 0.998871 0.999948
 0.0779261 0.648939 0.975864 0.998871 0.999948
 0.0779261 0.648939 0.975864 0.998871 0.999948
 0.0779261 0.648939 0.975864 0.998871 0.999948
 0.0779261 0.648939 0.975864 0.998871 0.999948
 0.0779261 0.648939 0.975864 0.998871 0.999948
 0.0779261 0.648939 0.975864 0.998871 0.999948
Scru_reclas
 0.212762 0.576296 0.872531 0.97179 0.994265
 0.212762 0.576296 0.872531 0.97179 0.994265
 0.212762 0.576296 0.872531 0.97179 0.994265
 0.212762 0.576296 0.872531 0.97179 0.994265
 0.212762 0.576296 0.872531 0.97179 0.994265
 0.212762 0.576296 0.872531 0.97179 0.994265
 0.212762 0.576296 0.872531 0.97179 0.994265
 0.212762 0.576296 0.872531 0.97179 0.994265
 0.212762 0.576296 0.872531 0.97179 0.994265
 0.212762 0.576296 0.872531 0.97179 0.994265
 0.212762 0.576296 0.872531 0.97179 0.994265
 0.212762 0.576296 0.872531 0.97179 0.994265
 0.212762 0.576296 0.872531 0.97179 0.994265
 0.212762 0.576296 0.872531 0.97179 0.994265
 0.212762 0.576296 0.872531 0.97179 0.994265
 0.212762 0.576296 0.872531 0.97179 0.994265
 0.212762 0.576296 0.872531 0.97179 0.994265
 0.212762 0.576296 0.872531 0.97179 0.994265
 0.212762 0.576296 0.872531 0.97179 0.994265
 0.212762 0.576296 0.872531 0.97179 0.994265
 0.212762 0.576296 0.872531 0.97179 0.994265
 0.212762 0.576296 0.872531 0.97179 0.994265
 0.212762 0.576296 0.872531 0.97179 0.994265
 0.212762 0.576296 0.872531 0.97179 0.994265
 0.212762 0.576296 0.872531 0.97179 0.994265
Scru_pelaces
 0.176278 0.518534 0.844239 0.964636 0.992768
 0.176278 0.518534 0.844239 0.964636 0.992768
 0.176278 0.518534 0.844239 0.964636 0.992768
 0.176278 0.518534 0.844239 0.964636 0.992768
 0.176278 0.518534 0.844239 0.964636 0.992768
 0.176278 0.518534 0.844239 0.964636 0.992768
 0.176278 0.518534 0.844239 0.964636 0.992768
 0.176278 0.518534 0.844239 0.964636 0.992768
 0.176278 0.518534 0.844239 0.964636 0.992768
 0.176278 0.518534 0.844239 0.964636 0.992768
 0.176278 0.518534 0.844239 0.964636 0.992768
 0.176278 0.518534 0.844239 0.964636 0.992768
 0.176278 0.518534 0.844239 0.964636 0.992768
 0.176278 0.518534 0.844239 0.964636 0.992768
 0.176278 0.518534 0.844239 0.964636 0.992768
 0.176278 0.518534 0.844239 0.964636 0.992768
 0.176278 0.518534 0.844239 0.964636 0.992768
 0.176278 0.518534 0.844239 0.964636 0.992768
 0.176278 0.518534 0.844239 0.964636 0.992768
 0.176278 0.518534 0.844239 0.964636 0.992768
 0.176278 0.518534 0.844239 0.964636 0.992768
 0.176278 0.518534 0.844239 0.964636 0.992768
 0.176278 0.518534 0.844239 0.964636 0.992768
 0.176278 0.518534 0.844239 0.964636 0.992768
 0.176278 0.518534 0.844239 0.964636 0.992768
pf_obs 
 0.256992 0.487395 0.22802 0.0275931 0
 0.321318 0.546541 0.124235 0.00734118 0.000564706
 0.182869 0.594174 0.210203 0.0122559 0.00049798
 0.330522 0.361315 0.267642 0.0388342 0.00168674
 0.649043 0.306663 0.0425973 0.00169635 0
 0.582887 0.30429 0.105238 0.00758474 0
 0.465427 0.430635 0.0974691 0.00646863 0
 0.296916 0.608066 0.0921331 0.00288517 0
 0.311714 0.524322 0.152257 0.0117073 0
 0.15457 0.633149 0.183074 0.0267441 0.00246327
 0.131901 0.49318 0.331252 0.0422183 0.00144891
 0.196976 0.569456 0.194076 0.0375587 0.00193317
 0.518974 0.381816 0.0799577 0.0180837 0.00116848
 0.0928022 0.601141 0.25162 0.0475244 0.00691264
 0.122501 0.610282 0.24278 0.0234846 0.000952079
 0.383417 0.481906 0.127806 0.00687128 0
 0.0376549 0.599619 0.316969 0.0457579 0
 0.0361596 0.667082 0.258105 0.0386534 0
 0.158088 0.579412 0.248529 0.0139706 0
 0.0477256 0.309471 0.559284 0.082774 0.000745712
 0.0406174 0.521527 0.379366 0.0568643 0.0016247
 0.151134 0.462217 0.34131 0.0453401 0
 0.294876 0.26143 0.354403 0.0886775 0.000613685
 0.281977 0.475581 0.204845 0.0348837 0.00271318
 0.0841818 0.532909 0.334909 0.0458182 0.00218182
pf_pred 
 0.0825614 0.614368 0.267821 0.0352425 6.83941e-06
 0.263587 0.324629 0.318125 0.0830626 0.0105969
 0.0322021 0.787899 0.10554 0.0579134 0.0164462
 0.172303 0.258132 0.518506 0.030621 0.0204377
 0.454487 0.378685 0.0741006 0.0846811 0.00804635
 0.115842 0.769158 0.0897998 0.0113533 0.0138465
 0.47596 0.324866 0.186223 0.0102227 0.00272878
 0.256586 0.687095 0.0431349 0.0123615 0.000822197
 0.29625 0.578484 0.120831 0.00343746 0.000997857
 0.354246 0.556347 0.0818337 0.00731964 0.000253991
 0.184665 0.704761 0.1023 0.00760045 0.000673484
 0.17063 0.633904 0.183002 0.0115774 0.000886704
 0.285643 0.533588 0.157909 0.0214672 0.00139268
 0.27051 0.66166 0.0605827 0.00638438 0.00086249
 0.257646 0.709312 0.0324385 0.00054591 5.80449e-05
 0.307545 0.655305 0.0368332 0.00031096 5.14791e-06
 0.247549 0.666929 0.0837261 0.00178137 1.43309e-05
 0.306968 0.58236 0.105235 0.00532933 0.000107643
 0.207968 0.672284 0.110038 0.00925429 0.000455
 0.262513 0.545475 0.17574 0.0150016 0.00127024
 0.305352 0.565684 0.110379 0.0170776 0.00150792
 0.234064 0.609823 0.138159 0.0154416 0.00251183
 0.289478 0.528831 0.159003 0.0201614 0.0025266
 0.218499 0.635991 0.123136 0.0196759 0.00269744
 0.0364097 0.722638 0.215233 0.021899 0.00381983
pobs_RECLAS
 0 0 0 0 0
 0 0 0 0 0
 0 0 0 0 0
 0 0 0 0 0
 0.835266 0.146461 0.0176864 0.000547809 3.91292e-05
 0.385257 0.428462 0.181853 0.0044286 0
 0.867414 0.0963971 0.0333333 0.00285562 0
 0.441836 0.489002 0.0689373 0.000224442 0
 0.779404 0.147425 0.0564933 0.0165055 0.000172143
 0.814271 0.122319 0.05973 0.00367925 0
 0.40263 0.566651 0.0304383 0.000280538 0
 0.475488 0.404961 0.113038 0.00651328 0
 0.955842 0.0263864 0.0167828 0.000988607 0
 0.975058 0.0227948 0.00214734 0 0
 0.738997 0.206755 0.0527124 0.00153531 0
 0.850938 0.134255 0.0134407 0.00136685 0
 0.542534 0.407297 0.0501686 0 0
 0.764087 0.199537 0.0359546 0.000420521 0
 0.470689 0.182191 0.310203 0.0369168 0
 0.84361 0.089868 0.0606195 0.00523954 0.000663233
 0.607945 0.314616 0.071237 0.00620181 0
 0.523733 0.453247 0.0230204 0 0
 0.530135 0.295979 0.169645 0.0042399 0
 0.562478 0.366248 0.0663022 0.0049721 0
 0.250443 0.683176 0.0655157 0.000865301 0
ppred_RECLAS
 0.221431 0.52186 0.224593 0.0321099 6.36826e-06
 0.53576 0.205508 0.195965 0.0555277 0.00723922
 0.105014 0.737842 0.0891039 0.0527397 0.0153005
 0.403234 0.188389 0.368634 0.0236278 0.0161155
 0.717615 0.19297 0.0378277 0.0470205 0.00456618
 0.309702 0.605091 0.0651989 0.0089079 0.0110997
 0.755042 0.154955 0.083675 0.00497194 0.00135607
 0.544109 0.423612 0.0242622 0.00750691 0.000510115
 0.601323 0.333911 0.0622906 0.00191001 0.000566411
 0.646654 0.306465 0.0426091 0.00412644 0.000146307
 0.444788 0.486199 0.0634677 0.00508521 0.000460336
 0.414935 0.45469 0.121423 0.0083028 0.000649705
 0.610976 0.302628 0.0747745 0.0108986 0.000722112
 0.665989 0.31385 0.0179095 0.00197901 0.000272765
 0.646901 0.343127 0.00977977 0.000172577 1.87211e-05
 0.62258 0.359987 0.0172737 0.000156623 2.64835e-06
 0.545443 0.408675 0.0448466 0.00102669 8.43699e-06
 0.60475 0.336263 0.0558675 0.00305653 6.3075e-05
 0.464357 0.457399 0.0714106 0.00650717 0.000326915
 0.550185 0.338448 0.101218 0.00934143 0.000808147
 0.584602 0.338937 0.0646273 0.0108549 0.000979476
 0.496509 0.402362 0.0885976 0.0107452 0.00178616
 0.572803 0.320514 0.0923624 0.0126943 0.00162558
 0.479458 0.426129 0.0788474 0.0136532 0.00191263
 0.112923 0.673627 0.188935 0.0208072 0.00370841
pobs_PELACES
 0 0 0 0 0
 0 0 0 0 0
 0 0 0 0 0
 0 0 0 0 0
 0 0 0 0 0
 0 0 0 0 0
 0 0 0 0 0
 0 0 0 0 0
 0 0 0 0 0
 0 0 0 0 0
 0.450072 0.473896 0.0757376 0.000293798 0
 0 0 0 0 0
 0.463077 0.371075 0.160297 0.00555027 0
 0.529543 0.364841 0.0842815 0.0213345 0
 0.631943 0.363953 0.00410389 0 0
 0.735681 0.248677 0.0153453 0.000297389 0
 0.695825 0.281241 0.0229344 0 0
 0.275771 0.60734 0.115278 0.00161068 0
 0 0 0 0 0
 0.896147 0.0623911 0.0374545 0.00400742 0
 0.803859 0.145111 0.0509908 3.86294e-05 0
 0.739449 0.233085 0.0266225 0.000797448 4.60066e-05
 0.878498 0.100942 0.0204185 0.000141795 0
 0.694673 0.275183 0.0284847 0.00165964 0
 0.469039 0.446079 0.0841089 0.000773354 0
ppred_PELACES
 0.22672 0.516783 0.223815 0.0326747 6.51709e-06
 0.560216 0.196857 0.183126 0.05287 0.00693116
 0.137186 0.726974 0.0766217 0.045848 0.0133704
 0.426971 0.183441 0.350944 0.0229225 0.0157218
 0.704674 0.197687 0.0407254 0.0518498 0.00506448
 0.363953 0.564364 0.0546459 0.00756331 0.0094743
 0.791686 0.135485 0.0676317 0.0040791 0.00111856
 0.608653 0.36654 0.0185895 0.00582061 0.000397605
 0.67584 0.277652 0.0447103 0.00138487 0.000412808
 0.687088 0.273925 0.0353836 0.00347947 0.000124036
 0.520404 0.426828 0.048485 0.00392645 0.000357288
 0.476084 0.41624 0.100189 0.00694149 0.000546067
 0.71531 0.231515 0.0459893 0.00673737 0.000448605
 0.826862 0.16641 0.00598447 0.00065338 9.04263e-05
 0.812566 0.184064 0.00330617 5.7644e-05 6.27902e-06
 0.710013 0.278885 0.0110006 0.000100411 1.70637e-06
 0.632163 0.336037 0.0310763 0.000717456 5.92585e-06
 0.663921 0.290483 0.0431559 0.00239099 4.96018e-05
 0.50348 0.427516 0.062885 0.00582428 0.000294206
 0.608848 0.301268 0.0815889 0.00763206 0.000663785
 0.602768 0.3249 0.0609482 0.0104366 0.000947008
 0.520616 0.384976 0.0825097 0.0101943 0.00170402
 0.608316 0.297451 0.0813913 0.0113762 0.00146478
 0.517581 0.398697 0.0697204 0.0122735 0.00172875
 0.134635 0.669115 0.173394 0.0193823 0.00347309
pobs_pel_tallas
 0 0 0 0 0 0 0 0 0 0 0 0 0 0 0 0 0 0 0 0 0 0 0 0 0 0 0 0 0 0 0 0 0 0 0 0
 0 0 0 0 0 0 0 0 0 0 0 0 0 0 0 0 0 0 0 0 0 0 0 0 0 0 0 0 0 0 0 0 0 0 0 0
 0 0 0 0 0 0 0 0 0 0 0 0 0 0 0 0 0 0 0 0 0 0 0 0 0 0 0 0 0 0 0 0 0 0 0 0
 0 0 0 0 0 0 0 0 0 0 0 0 0 0 0 0 0 0 0 0 0 0 0 0 0 0 0 0 0 0 0 0 0 0 0 0
 0 0 0 0 0 0 0 0 0 0 0 0 0 0 0 0 0 0 0 0 0 0 0 0 0 0 0 0 0 0 0 0 0 0 0 0
 0 0 0 0 0 0 0 0 0 0 0 0 0 0 0 0 0 0 0 0 0 0 0 0 0 0 0 0 0 0 0 0 0 0 0 0
 0 0 0 0 0 0 0 0 0 0 0 0 0 0 0 0 0 0 0 0 0 0 0 0 0 0 0 0 0 0 0 0 0 0 0 0
 0 0 0 0 0 0 0 0 0 0 0 0 0 0 0 0 0 0 0 0 0 0 0 0 0 0 0 0 0 0 0 0 0 0 0 0
 0 0 0 0 0 0 0 0 0 0 0 0 0 0 0 0 0 0 0 0 0 0 0 0 0 0 0 0 0 0 0 0 0 0 0 0
 0 0 0 0 0 0 0 0 0 0 0 0 0 0 0 0 0 0 0 0 0 0 0 0 0 0 0 0 0 0 0 0 0 0 0 0
 0 0 0 0 0 0 0 0 1.78061e-05 0.00172719 0.00360574 0.0105946 0.0120993 0.0124554 0.0147524 0.0171206 0.0266825 0.0428682 0.0675386 0.121331 0.153587 0.119568 0.100827 0.0573624 0.0630603 0.0341343 0.0324427 0.0444173 0.0211091 0.0280891 0.0125444 0.00206551 0 0 0 0
 0 0 0 0 0 0 0 0 0 0 0 0 0 0 0 0 0 0 0 0 0 0 0 0 0 0 0 0 0 0 0 0 0 0 0 0
 0 0 0 0 0 0 0.0133647 0.0140871 0.0187388 0.0205184 0.03894 0.0496705 0.03968 0.0493445 0.0407372 0.0367815 0.0215668 0.0243155 0.0234873 0.0199281 0.019796 0.0243948 0.0301388 0.0376714 0.0412746 0.0863199 0.0771752 0.113111 0.0741005 0.0525337 0.0229764 0.00759418 0.00175318 0 0 0
 0 0 0 0 0 0 0 0 0 0 0.00219441 0.00772107 0.0458388 0.0604681 0.0671733 0.0775358 0.0609151 0.0617685 0.073594 0.0568108 0.0755445 0.0548602 0.0670107 0.0636378 0.0643287 0.046367 0.0373049 0.0286899 0.0247887 0.0153202 0.00654259 0.00121912 0.000365735 0 0 0
 0 0 0 0 0 0 0 0 0 0 0 0 0.000112435 0.00938835 0.0111873 0.0202946 0.0414886 0.0713402 0.111592 0.104902 0.108894 0.110636 0.117776 0.105296 0.107544 0.0401394 0.0192827 0.0124803 0.00416011 0.0028671 0.000618394 0 0 0 0 0
 0 0 0 0 0 0 0 0 0 0 0.00291406 0.0102884 0.027416 0.0768956 0.0749926 0.110853 0.0956884 0.0897413 0.0766577 0.0534642 0.0500743 0.0551293 0.0594112 0.0620874 0.0668451 0.0424026 0.0208742 0.0120726 0.0048766 0.00582813 0.00118941 0.000297354 0 0 0 0
 0 0.00264628 0.0354308 0.0461629 0.0458689 0.0383711 0.0214643 0.0164657 0.0346957 0.0420465 0.0363128 0.0245516 0.0311673 0.0291091 0.0169068 0.0133784 0.00837989 0.0085269 0.0148486 0.0160247 0.0276389 0.0546898 0.0760071 0.122758 0.109233 0.0665981 0.0333725 0.0166128 0.00676272 0.00308733 0.000882094 0 0 0 0 0
 0 0 0 0 0 0 0 0.000805153 0.000690131 0.00759144 0.0133425 0.0154129 0.00931677 0.000345066 0.00356568 0.00563607 0.00851162 0.0253048 0.0502646 0.0516448 0.0657925 0.0565908 0.0611916 0.0827007 0.0866115 0.110766 0.145733 0.0935128 0.0569358 0.0249597 0.0138026 0.00621118 0.00161031 0.00115022 0 0
 0 0 0 0 0 0 0 0 0 0 0 0 0 0 0 0 0 0 0 0 0 0 0 0 0 0 0 0 0 0 0 0 0 0 0 0
 0.00147267 0.00158595 0.00478618 0.00569244 0.00954404 0.0108468 0.00647125 0.017049 0.0510054 0.094081 0.124002 0.0959785 0.0687766 0.0820023 0.061753 0.0591476 0.0492212 0.0479892 0.0443925 0.0268479 0.0217502 0.0140895 0.0121071 0.0120363 0.00920419 0.00665534 0.0049561 0.00860946 0.00930331 0.0156896 0.0114698 0.00855282 0.00243557 0.00046729 0 2.83206e-05
 0 0 0 0 0.000772559 0.00158375 0.000888443 0.00281984 0.00712685 0.0440552 0.0773331 0.111326 0.0921469 0.0852325 0.0710754 0.0886704 0.0786465 0.0553345 0.0373146 0.0185414 0.00753245 0.00457741 0.012979 0.0271748 0.0457355 0.0583668 0.034881 0.0177882 0.00938659 0.00492506 0.0015258 0.00185414 0.000309023 5.79419e-05 3.86279e-05 0
 0 0.00173294 0.00326652 0 0.00397197 0.00683976 0.00946217 0.0152591 0.00757587 0.0136028 0.0228656 0.0392903 0.0559909 0.0764795 0.0681675 0.0726916 0.0566044 0.0477403 0.0527397 0.0444891 0.0609904 0.0582453 0.0661739 0.0445044 0.0529084 0.0360697 0.0280645 0.0235558 0.0158879 0.00826598 0.00280645 0.00217768 0.000904811 0.00058276 9.20147e-05 0
 0 0 0 0 0 0 0 0 0 0 0 0 0 0 0 0 0 0 0 0 0 0 0 0 0 0 0 0 0 0 0 0 0 0 0 0
 0 0 0 0 0 0 0 0 0 0 0 0 0 0 0 0 0 0 0 0 0 0 0 0 0 0 0 0 0 0 0 0 0 0 0 0
 0 0 0 0 0 0 0 0 0 0 0 0 0 0 0 0 0 0 0 0 0 0 0 0 0 0 0 0 0 0 0 0 0 0 0 0
ppred_pel_tallas
 1.04469e-16 9.92018e-06 5.81527e-05 0.000276284 0.00106346 0.00331608 0.00837668 0.0171436 0.0284321 0.0382276 0.0417156 0.0370731 0.0271428 0.0170624 0.0105678 0.00856167 0.010191 0.0143563 0.0203215 0.0275887 0.035625 0.0437336 0.0510917 0.0568897 0.0605002 0.0616107 0.060279 0.0568865 0.0520196 0.0463184 0.0403463 0.0345146 0.029069 0.0241216 0.0197027 0.0158063
 1.04805e-16 2.4449e-05 0.00014348 0.000682004 0.0026257 0.00818794 0.0206822 0.0423191 0.0701513 0.0942192 0.10255 0.0905066 0.0648972 0.0380973 0.0189103 0.00905884 0.00592888 0.00643075 0.00867592 0.0118255 0.0154986 0.0194059 0.0232367 0.0266718 0.0294348 0.0313393 0.0323127 0.0323873 0.0316689 0.0302961 0.0284068 0.0261222 0.0235466 0.0207772 0.0179143 0.015064
 1.03525e-16 6.02418e-06 3.52615e-05 0.000167416 0.000644224 0.00200866 0.00507449 0.0103886 0.0172413 0.023218 0.0254331 0.0228317 0.0172116 0.011796 0.00899685 0.00953581 0.0130646 0.0190265 0.0269624 0.0363778 0.0465523 0.0564902 0.0650333 0.0710822 0.0738456 0.0730287 0.0688984 0.0621981 0.0539496 0.0452079 0.0368503 0.029454 0.0232773 0.01832 0.0144233 0.0113687
 1.06564e-16 1.86388e-05 0.000109369 0.000519838 0.00200132 0.00624083 0.0157639 0.032256 0.0534716 0.0718222 0.0781868 0.0690378 0.0495763 0.0292526 0.0148033 0.00757696 0.00562502 0.00664068 0.00923039 0.0127896 0.0170424 0.0217539 0.0266389 0.0313707 0.0356243 0.0391208 0.0416571 0.0431138 0.0434479 0.0426786 0.0408759 0.0381559 0.0346815 0.0306584 0.0263252 0.0219313
 1.02661e-16 3.07477e-05 0.000180459 0.000857812 0.00330261 0.0102989 0.0260141 0.0532287 0.0882335 0.118499 0.128959 0.113772 0.0814872 0.0476486 0.0232972 0.0105574 0.00609144 0.00596122 0.00774649 0.010365 0.0133381 0.0163373 0.0190429 0.0211557 0.0224522 0.0228329 0.0223394 0.0211331 0.0194454 0.0175166 0.0155452 0.0136603 0.0119209 0.0103338 0.00887976 0.00753618
 1.01663e-16 1.59057e-05 9.32894e-05 0.000443321 0.00170658 0.00532162 0.0134425 0.027509 0.0456137 0.0613014 0.0668227 0.0592151 0.0429828 0.0262846 0.0149969 0.0104196 0.0110257 0.0149146 0.0208344 0.0280242 0.0358031 0.0433641 0.0497975 0.0542467 0.0560995 0.055135 0.0515753 0.0460178 0.0392811 0.0322105 0.025512 0.0196532 0.0148454 0.0110894 0.00825302 0.0061485
 1.01197e-16 3.45395e-05 0.000202726 0.000963681 0.00371025 0.0115701 0.0292251 0.059798 0.0991204 0.133112 0.144841 0.127735 0.0913802 0.0532165 0.025615 0.010924 0.00535521 0.00445757 0.00550907 0.00732689 0.00944774 0.011613 0.0135926 0.0151705 0.0161787 0.0165306 0.0162356 0.0153879 0.0141361 0.0126446 0.0110602 0.00949239 0.00800994 0.00664807 0.00542122 0.00433397
 1.00602e-16 2.65676e-05 0.000155903 0.000741033 0.00285292 0.00889648 0.0224721 0.0459826 0.0762279 0.102392 0.111476 0.0984549 0.0707507 0.0418418 0.0213349 0.0111454 0.00846619 0.00994207 0.0134691 0.0180123 0.0229597 0.0277443 0.0317667 0.0344714 0.0354665 0.0346189 0.0320874 0.028277 0.0237364 0.0190302 0.0146272 0.0108357 0.00779048 0.00548354 0.00381559 0.00264886
 1.00793e-16 2.94938e-05 0.00017309 0.00082276 0.00316762 0.00987788 0.0249509 0.0510538 0.0846309 0.113668 0.123722 0.1092 0.078317 0.0460054 0.0228853 0.0110299 0.00727102 0.00785112 0.0104406 0.0139533 0.0178367 0.0216429 0.0249142 0.027224 0.0282639 0.0279152 0.0262745 0.0236233 0.0203531 0.0168725 0.0135269 0.0105505 0.00805687 0.00605987 0.00450936 0.00332701
 1.00717e-16 2.99841e-05 0.000175969 0.000836447 0.00322032 0.0100422 0.025366 0.0519031 0.0860386 0.115558 0.125776 0.111008 0.0796021 0.0467367 0.0232052 0.0111105 0.00722716 0.00773091 0.0102516 0.0136867 0.0174803 0.0211878 0.024357 0.0265686 0.0275217 0.0271038 0.0254169 0.0227451 0.0194807 0.0160316 0.0127405 0.00983756 0.00743126 0.00552948 0.00407589 0.00298634
 1.00979e-16 2.27221e-05 0.00013332 0.000633661 0.00243949 0.00760719 0.0192155 0.0393199 0.0651863 0.087571 0.0953676 0.0842943 0.0607186 0.0361981 0.018991 0.0107874 0.0092394 0.0115156 0.0158226 0.0212323 0.0271209 0.0328516 0.0377303 0.0411058 0.0425121 0.0417783 0.0390688 0.0348333 0.0296898 0.0242794 0.0191398 0.0146309 0.0109199 0.00801506 0.00582268 0.00420502
 1.01822e-16 2.07893e-05 0.000121974 0.000579718 0.0022318 0.00695952 0.0175795 0.0359726 0.0596378 0.0801202 0.0872612 0.0771477 0.0556112 0.0332349 0.0175873 0.0102318 0.00903935 0.011438 0.0157996 0.0212779 0.0272912 0.0332308 0.0384225 0.0422237 0.0441598 0.0440313 0.0419555 0.0383217 0.0336848 0.0286308 0.0236605 0.0191204 0.0151899 0.0119102 0.00923507 0.0070789
 1.00981e-16 3.1213e-05 0.000183187 0.000870774 0.0033525 0.0104544 0.0264072 0.0540331 0.0895678 0.120293 0.130918 0.115516 0.0827712 0.0484686 0.0238263 0.0110118 0.0066461 0.00673518 0.00881498 0.0117646 0.015059 0.0183118 0.0211395 0.0231853 0.0241887 0.0240443 0.0228237 0.0207505 0.0181396 0.0153212 0.0125754 0.0100931 0.00796973 0.00622146 0.00481488 0.00369512
 1.00166e-16 3.60744e-05 0.000211735 0.0010065 0.00387512 0.0120842 0.0305238 0.0624555 0.103526 0.13903 0.151285 0.133426 0.095472 0.0556393 0.0268538 0.0115719 0.00583799 0.00499714 0.00619084 0.00815593 0.0103693 0.0125152 0.0143104 0.0155012 0.0159106 0.01548 0.0142841 0.0125102 0.0104111 0.00824632 0.00623149 0.00450796 0.00313707 0.00211386 0.00139085 0.000902351
 1.0011e-16 3.54518e-05 0.000208078 0.000989115 0.00380816 0.0118754 0.0299963 0.0613764 0.101738 0.13663 0.148678 0.131139 0.0938602 0.0547498 0.0265177 0.0115862 0.00607628 0.00541872 0.00680339 0.00897898 0.0114112 0.0137609 0.0157163 0.0169977 0.0174106 0.0168922 0.0155282 0.0135291 0.0111777 0.00876424 0.00652893 0.00462884 0.00313105 0.00202807 0.00126451 0.000764389
 1.00251e-16 3.09838e-05 0.000181838 0.00086435 0.00332775 0.0103772 0.0262122 0.0536346 0.0889085 0.119412 0.129969 0.114704 0.0822433 0.0482683 0.0239291 0.0113945 0.00732548 0.0077638 0.010254 0.0136517 0.0173799 0.0209799 0.0239901 0.0259867 0.0266731 0.0259507 0.0239442 0.0209675 0.0174439 0.0138088 0.010424 0.00752712 0.00522186 0.00350069 0.00228469 0.00146413
 1.00576e-16 2.75916e-05 0.000161917 0.000769632 0.00296304 0.0092399 0.0233395 0.0477571 0.0791684 0.106338 0.115761 0.102215 0.0733998 0.0433015 0.0218823 0.0111133 0.00806141 0.00923089 0.012439 0.0166327 0.0212201 0.0256748 0.0294453 0.0320192 0.0330322 0.0323545 0.0301222 0.0266971 0.0225737 0.0182637 0.0141955 0.0106543 0.00777081 0.00554719 0.00390342 0.00272352
 1.00792e-16 2.89746e-05 0.000170041 0.00080826 0.00311179 0.00970376 0.0245111 0.050154 0.0831399 0.111667 0.121548 0.107291 0.0769698 0.0452576 0.0225941 0.0110237 0.00744138 0.00816069 0.0108928 0.0145628 0.0186108 0.0225727 0.0259701 0.0283576 0.0294138 0.0290165 0.0272697 0.0244705 0.021031 0.017381 0.0138828 0.0107812 0.00819361 0.00613227 0.00454192 0.00333774
 1.01246e-16 2.19842e-05 0.000128988 0.000613065 0.00236019 0.0073599 0.0185909 0.0380419 0.063068 0.0847268 0.092274 0.0815694 0.0587763 0.0350813 0.0184808 0.010618 0.00922985 0.0115844 0.0159502 0.021427 0.0274016 0.0332406 0.0382499 0.0417754 0.0433448 0.0427778 0.0402271 0.0361293 0.0310897 0.0257391 0.0206089 0.0160579 0.0122574 0.00922481 0.00687853 0.00509432
 1.0155e-16 2.65736e-05 0.000155944 0.00074124 0.00285374 0.00889905 0.0224785 0.0459952 0.0762471 0.102413 0.111484 0.0984305 0.0706632 0.04165 0.0209809 0.0105503 0.00753217 0.00856405 0.0115569 0.0155205 0.0199193 0.0242872 0.0281319 0.0309866 0.032504 0.032534 0.0311529 0.0286331 0.0253662 0.0217679 0.0181946 0.0148949 0.0120004 0.00954637 0.0075072 0.00583049
 1.01374e-16 2.63095e-05 0.000154391 0.000733852 0.00282528 0.00881031 0.0222544 0.0455369 0.075488 0.101395 0.110383 0.0974714 0.0700044 0.0413214 0.0209252 0.0107011 0.00785952 0.00907587 0.0122775 0.016468 0.0210879 0.0256366 0.0295838 0.0324308 0.0338132 0.0335852 0.0318497 0.0289232 0.0252496 0.0212937 0.017449 0.0139829 0.0110272 0.00860219 0.00665808 0.00511522
 1.01727e-16 2.27297e-05 0.000133369 0.0006339 0.00244042 0.00761012 0.0192228 0.0393346 0.0652096 0.087599 0.0953891 0.0842925 0.0606718 0.0360794 0.018764 0.0104021 0.00863272 0.010619 0.0145763 0.0196046 0.0251291 0.030578 0.0353268 0.0387832 0.0405119 0.040334 0.0383642 0.034969 0.0306671 0.0260033 0.0214409 0.0172976 0.0137334 0.010779 0.00838353 0.00646095
 1.01712e-16 2.65503e-05 0.000155807 0.000740592 0.00285124 0.00889127 0.0224588 0.045955 0.0761803 0.102323 0.111386 0.0983415 0.0705952 0.0416019 0.0209418 0.0105067 0.00747148 0.00847639 0.0114349 0.01536 0.0197211 0.0240582 0.0278861 0.0307443 0.0322896 0.0323725 0.0310662 0.0286361 0.0254651 0.0219592 0.0184664 0.0152289 0.0123748 0.00993853 0.0078962 0.00619878
 1.01623e-16 2.25979e-05 0.000132594 0.000630212 0.00242622 0.00756582 0.019111 0.0391058 0.0648307 0.0870913 0.0948398 0.0838152 0.0603461 0.0359213 0.0187466 0.0104945 0.00882295 0.010914 0.0149906 0.0201483 0.0257983 0.0313484 0.0361523 0.039599 0.0412439 0.0409108 0.0387305 0.0350956 0.0305553 0.0256837 0.0209654 0.0167289 0.0131339 0.0102021 0.00786783 0.00602871
 1.03508e-16 5.91088e-06 3.46009e-05 0.000164286 0.000632188 0.00197113 0.00497965 0.0101942 0.0169175 0.022779 0.024944 0.0223736 0.0168257 0.0114547 0.00861677 0.00900907 0.0122826 0.0178931 0.0254074 0.0343775 0.0441532 0.0538264 0.0623279 0.0686258 0.0719527 0.0719789 0.0688794 0.0632632 0.0560043 0.0480277 0.0401246 0.0328446 0.0264746 0.0210871 0.0166188 0.0129479
pSPR Fmed_Fpbrs
0.35187   0.6 0.325
Fs Fmed_Fpbrs
1.46429   0.472898 1.68833
SSBpbr Bo_Bmed_Bpbrs
733986  221568  403692 201846
Ro
21590.3
SPR SPRFo_SPRFmed_SPRFpbrs
443958 156215 144286
log_Ro
9.8
likeval ReclasPelacesDesembMPH_pf_preclas_ppelaces_ptallas_desvR_qrecl_qpela
 74.0763 13.3244 0.173904 0.000159491 330.888 191.761 81.4794 0 29.0441 5.85889e-05 0.00044137 4.57695e-14 0 0 0
q_reclas_q_pelaces
2.95841 19.8642
M
0.7
N
 17363.1 18007 5659.82 731.689 0.141881
 44848.1 8218.8 5999.6 1542.31 196.623
 4605.88 20757.8 2271.6 1234.37 350.38
 8864.34 1967.1 2936.9 170.739 113.876
 38949.6 4109.33 550.912 616.357 58.5085
 16398.8 19023.3 1777.1 222.213 270.874
 63267.2 7152.94 3208.19 173.941 46.4043
 58604 28166.2 1430.17 405.622 26.9662
 68967.4 25291.9 4347.52 122.529 35.5535
 113420 29221.5 3348.94 295.774 10.2574
 71713.8 50677.2 6021.61 443.078 39.2443
 47350.2 30562.6 7043.71 440.663 33.7327
 52422.7 20698.6 5248.55 708.488 45.9482
 29486.6 21099.6 1786.98 187.689 25.3517
 12359 9953.9 421.067 7.0625 0.75082
 9600.24 4172.06 198.642 1.66413 0.0275399
 7447.04 3926.55 411.74 8.68614 0.0698515
 9271.53 3101.08 450.03 22.5456 0.455156
 7809.38 4029.76 507.716 42.1291 2.07006
 9848.6 3524.77 903.34 76.2386 6.45201
 15947.6 4319.72 622.532 94.7767 8.36241
 19067.3 7426.42 1256.13 138.246 22.472
 30684.6 8810.85 2024.91 253.216 31.7125
 30159.8 13927.8 2069.98 326.289 44.7042
 4145.71 13643.1 3180.8 319.65 55.7247
pred_Ctot
 585.893 4359.84 1900.58 250.097 0.0485356
 2200.3 2709.85 2655.55 693.367 88.4581
 467.637 11441.8 1532.64 841.016 238.831
 425.393 637.297 1280.13 75.5994 50.4581
 461.719 384.711 75.2798 86.0287 8.17439
 1445.17 9595.53 1120.28 141.637 172.74
 4738.41 3234.2 1853.94 101.772 27.1663
 5562.53 14895.5 935.121 267.985 17.8244
 7346.74 14345.9 2996.51 85.2462 24.746
 8225.67 12918.5 1900.2 169.964 5.89773
 7377.44 28155.4 4086.91 303.64 26.9059
 4106.62 15256.4 4404.39 278.638 21.3407
 7230.76 13507.2 3997.31 543.42 35.2543
 6942.21 16980.4 1554.76 163.845 22.1344
 2909.75 8010.68 366.347 6.16528 0.655536
 1231.33 2623.67 147.471 1.245 0.0206109
 873.418 2353.1 295.407 6.28514 0.050563
 838.199 1590.18 287.351 14.5521 0.293928
 514.411 1662.9 272.181 22.8905 1.12545
 832.804 1730.48 557.521 47.5915 4.02974
 716.503 1327.37 259.001 40.0723 3.53832
 956.459 2491.92 564.56 63.099 10.2641
 1906.65 3483.16 1047.28 132.794 16.6416
 1942.05 5652.78 1094.45 174.882 23.9752
 311.521 6182.89 1841.53 187.368 32.6825
F
 0.0479209 0.399067 0.600111 0.614259 0.614921
 0.0703611 0.58594 0.881128 0.901901 0.902874
 0.150771 1.25557 1.8881 1.93261 1.9347
 0.0687763 0.572743 0.861282 0.881587 0.882538
 0.0166047 0.138277 0.207939 0.212842 0.213071
 0.129684 1.07996 1.62402 1.66231 1.6641
 0.109243 0.909733 1.36804 1.40029 1.4018
 0.140318 1.16852 1.7572 1.79862 1.80057
 0.15873 1.32184 1.98776 2.03463 2.03682
 0.105618 0.879549 1.32265 1.35383 1.35529
 0.152906 1.27334 1.91483 1.95997 1.96209
 0.127507 1.06183 1.59676 1.6344 1.63617
 0.210088 1.74953 2.63092 2.69295 2.69585
 0.385971 3.21422 4.83349 4.94744 4.95278
 0.385971 3.21422 4.83349 4.94744 4.95278
 0.194026 1.61577 2.42978 2.48706 2.48974
 0.176065 1.4662 2.20485 2.25683 2.25927
 0.133242 1.10959 1.66858 1.70791 1.70976
 0.095509 0.795363 1.19605 1.22425 1.22557
 0.124138 1.03378 1.55458 1.59123 1.59294
 0.0642631 0.535159 0.804763 0.823736 0.824625
 0.0719915 0.599517 0.901544 0.922799 0.923795
 0.0898749 0.748444 1.1255 1.15203 1.15328
 0.0932743 0.776752 1.16807 1.19561 1.1969
 0.109622 0.912891 1.37279 1.40515 1.40667
YTP_r0W_actual
 3489.04 136024 60770.6 7700.83 1398.81
YTP_p0W_proyectada
 3150.1 7636.97 23157.1 4531.3 565.454
 3150.1 28158.2 5740.41 9636.19 2100.91
CTP_r0_actual
 311.521 6182.89 1841.53 187.368 32.6825
CTP_p0_proyectada
 370.6 356.868 742.216 111.334 12.1603
 370.6 1315.8 183.987 236.761 45.1808
Wmedp
 8.5 21.4 31.2 40.7 46.5
nmprior
 10.6 11 7 0
nm_flota  nm_reclas  nm_pelaces    nm_pelaL
inf 24.3934 9.22539 17.9672
cv_recla  cv_pelaces  cv_mph
0.778511 0.413901 0.409737
 ------------------------------------------------
Talla a la edad & desviaci?n 
 7.2 14.2025 17.0495 18.207 18.6776
 1.08 2.13037 2.55742 2.73105 2.80164
