years
 1997 1998 1999 2000 2001 2002 2003 2004 2005 2006 2007 2008 2009 2010 2011 2012 2013 2014 2015 2016 2017 2018 2019 2020 2021
reclasobs
 0 0 0 370054 412103 1.49427e+06 250295 1.28982e+06 931140 785840 897777 1.04006e+06 184774 17550 25797 100020 73551 82996 120727 218422 84188 347160 605670 569463 516374
reclaspred
 2.60328e+06 322050 407356 102238 228392 234098 488793 450476 529347 1.07824e+06 1.00631e+06 617560 375013 167110 99156.1 94171.6 103069 120782 97904.9 164384 302685 261342 422921 497669 422847
pelacesobs
 0 0 0 0 0 0 0 0 0 2.06254e+06 1.5e+06 0 1.87456e+06 323000 250000 174000 83755 137374 0 501740 490994 745055 786931 1.00524e+06 1.33801e+06
pelacespred
 1.35937e+06 537882 143481 86596.4 194258 122170 443413 377353 436179 946518 678289 401386 293185 99318.5 62295 62002 69515.3 82583 63491.1 120598 239484 192747 250354 334023 249859
mphobs
 0 0 0 0 0 112323 0 153150 637223 0 255016 313432 73983 77613 109348 50772 0 0 0 0 0 0 0 0 0
mphpred
 978166 420722 169384 74453.1 39817.1 126489 122935 177675 199305 262667 533881 350665 173458 110956 46652.5 37096.5 40406.3 46994.9 48454.4 42456.7 98473.3 128689 135382 196277 221833
desembarqueobs
 350755 77701 442110 56441 14545 235359 269955 359681 431902 328805 639364 411747 362871 311530 167758 66681 60226 58785 57116 73181 50977 67692 138656 160484 209506
desembarquepred
 350745 77683.8 441593 56417.7 14543.2 235139 269801 358996 431348 328507 638542 411296 362115 310940 167371 66620 60194 58733.9 57057.2 73087.3 50961.4 67646.3 138556 160386 209386
Reclutas
 2443.76 3820.87 473.655 2882.54 55373.9 10737.5 54186.1 73540.8 75628.9 230424 42496.5 14950.1 61875.5 22273.4 14563.4 14217.1 9290.44 9208.51 5806.48 27764.2 28810.3 24015.9 58036.8 44300.9 536.789
log_desv_Rt
 -1.87871 -1.43177 -3.51952 -1.71357 1.24186 -0.398501 1.22018 1.5256 1.55359 2.66768 0.977177 -0.0675244 1.35288 0.33115 -0.0937345 -0.117797 -0.543259 -0.552117 -1.01327 0.551501 0.588488 0.406469 1.28883 1.01876 -3.3944
SSB
 2.2716e+06 977047 393362 172903 92467.5 293748 285494 412616 462848 609994 1.23984e+06 814353 402823 257675 108342 86149.6 93836 109137 112526 98597.6 228685 298855 314399 455816 515164
BT
 2.6517e+06 1.13437e+06 509388 223514 360664 401474 999055 1.05381e+06 1.17046e+06 1.99695e+06 1.76538e+06 1.08587e+06 886537 471362 249059 165633 174032 195558 163920 277154 468704 410421 549140 729653 617487
Ftot
 0.13222 0.203719 0.852955 0.484546 0.180874 1.10464 1.04493 1.64211 1.47719 0.768275 0.729499 0.609732 1.34146 2.23635 2.44167 1.06697 0.834911 0.647688 0.664333 0.915007 0.264344 0.305411 0.438436 0.41654 0.460348
BD_Bspro_t
 0.982932 0.87221 0.652457 0.306805 0.336984 0.672248 0.466822 0.502821 0.47884 0.501295 0.635846 0.455931 0.298879 0.247401 0.139105 0.137401 0.194007 0.286953 0.345897 0.372712 0.604035 0.717435 0.691421 0.704029 0.668468
BD_Bspro
 6.90684 2.97072 1.19602 0.525714 0.281149 0.893143 0.868048 1.25456 1.40729 1.8547 3.76974 2.47605 1.22479 0.783465 0.329414 0.261939 0.285309 0.331832 0.342137 0.299787 0.695321 0.908671 0.955935 1.38591 1.56636
BD_Bo
 2.32335 0.999305 0.402323 0.176842 0.094574 0.30044 0.291998 0.422016 0.473392 0.623891 1.26808 0.832905 0.412 0.263545 0.11081 0.0881122 0.0959737 0.111623 0.11509 0.100844 0.233895 0.305663 0.321562 0.4662 0.5269
BD_Brms
 6.47688 2.78579 1.12157 0.492988 0.263647 0.837544 0.814011 1.17647 1.31969 1.73924 3.53507 2.32191 1.14855 0.734693 0.308908 0.245633 0.267549 0.311175 0.320839 0.281125 0.652037 0.852105 0.896428 1.29964 1.46885
S_f
 0.104683 0.70561 0.980054 0.999008 0.999952
 0.104683 0.70561 0.980054 0.999008 0.999952
 0.104683 0.70561 0.980054 0.999008 0.999952
 0.104683 0.70561 0.980054 0.999008 0.999952
 0.104683 0.70561 0.980054 0.999008 0.999952
 0.104683 0.70561 0.980054 0.999008 0.999952
 0.104683 0.70561 0.980054 0.999008 0.999952
 0.104683 0.70561 0.980054 0.999008 0.999952
 0.104683 0.70561 0.980054 0.999008 0.999952
 0.104683 0.70561 0.980054 0.999008 0.999952
 0.104683 0.70561 0.980054 0.999008 0.999952
 0.104683 0.70561 0.980054 0.999008 0.999952
 0.104683 0.70561 0.980054 0.999008 0.999952
 0.104683 0.70561 0.980054 0.999008 0.999952
 0.104683 0.70561 0.980054 0.999008 0.999952
 0.104683 0.70561 0.980054 0.999008 0.999952
 0.104683 0.70561 0.980054 0.999008 0.999952
 0.104683 0.70561 0.980054 0.999008 0.999952
 0.104683 0.70561 0.980054 0.999008 0.999952
 0.104683 0.70561 0.980054 0.999008 0.999952
 0.104683 0.70561 0.980054 0.999008 0.999952
 0.104683 0.70561 0.980054 0.999008 0.999952
 0.104683 0.70561 0.980054 0.999008 0.999952
 0.104683 0.70561 0.980054 0.999008 0.999952
 0.104683 0.70561 0.980054 0.999008 0.999952
Scru_reclas
 0.701328 0.921981 0.983464 0.99667 0.999337
 0.701328 0.921981 0.983464 0.99667 0.999337
 0.701328 0.921981 0.983464 0.99667 0.999337
 0.701328 0.921981 0.983464 0.99667 0.999337
 0.701328 0.921981 0.983464 0.99667 0.999337
 0.701328 0.921981 0.983464 0.99667 0.999337
 0.701328 0.921981 0.983464 0.99667 0.999337
 0.701328 0.921981 0.983464 0.99667 0.999337
 0.701328 0.921981 0.983464 0.99667 0.999337
 0.701328 0.921981 0.983464 0.99667 0.999337
 0.701328 0.921981 0.983464 0.99667 0.999337
 0.701328 0.921981 0.983464 0.99667 0.999337
 0.701328 0.921981 0.983464 0.99667 0.999337
 0.701328 0.921981 0.983464 0.99667 0.999337
 0.701328 0.921981 0.983464 0.99667 0.999337
 0.701328 0.921981 0.983464 0.99667 0.999337
 0.701328 0.921981 0.983464 0.99667 0.999337
 0.701328 0.921981 0.983464 0.99667 0.999337
 0.701328 0.921981 0.983464 0.99667 0.999337
 0.701328 0.921981 0.983464 0.99667 0.999337
 0.701328 0.921981 0.983464 0.99667 0.999337
 0.701328 0.921981 0.983464 0.99667 0.999337
 0.701328 0.921981 0.983464 0.99667 0.999337
 0.701328 0.921981 0.983464 0.99667 0.999337
 0.701328 0.921981 0.983464 0.99667 0.999337
Scru_pelaces
 1 1 1 1 1
 1 1 1 1 1
 1 1 1 1 1
 1 1 1 1 1
 1 1 1 1 1
 1 1 1 1 1
 1 1 1 1 1
 1 1 1 1 1
 1 1 1 1 1
 1 1 1 1 1
 1 1 1 1 1
 1 1 1 1 1
 1 1 1 1 1
 1 1 1 1 1
 1 1 1 1 1
 1 1 1 1 1
 1 1 1 1 1
 1 1 1 1 1
 1 1 1 1 1
 1 1 1 1 1
 1 1 1 1 1
 1 1 1 1 1
 1 1 1 1 1
 1 1 1 1 1
 1 1 1 1 1
pf_obs 
 0.256992 0.487395 0.22802 0.0275931 0
 0.321318 0.546541 0.124235 0.00734118 0.000564706
 0.182869 0.594174 0.210203 0.0122559 0.00049798
 0.330522 0.361315 0.267642 0.0388342 0.00168674
 0.649043 0.306663 0.0425973 0.00169635 0
 0.582887 0.30429 0.105238 0.00758474 0
 0.465427 0.430635 0.0974691 0.00646863 0
 0.296916 0.608066 0.0921331 0.00288517 0
 0.311714 0.524322 0.152257 0.0117073 0
 0.15457 0.633149 0.183074 0.0267441 0.00246327
 0.131901 0.49318 0.331252 0.0422183 0.00144891
 0.196976 0.569456 0.194076 0.0375587 0.00193317
 0.518974 0.381816 0.0799577 0.0180837 0.00116848
 0.0928022 0.601141 0.25162 0.0475244 0.00691264
 0.122501 0.610282 0.24278 0.0234846 0.000952079
 0.383417 0.481906 0.127806 0.00687128 0
 0.0376549 0.599619 0.316969 0.0457579 0
 0.0361596 0.667082 0.258105 0.0386534 0
 0.158088 0.579412 0.248529 0.0139706 0
 0.0477256 0.309471 0.559284 0.082774 0.000745712
 0.0406174 0.521527 0.379366 0.0568643 0.0016247
 0.151134 0.462217 0.34131 0.0453401 0
 0.294876 0.26143 0.354403 0.0886775 0.000613685
 0.281977 0.475581 0.204845 0.0348837 0.00271318
 0.0841818 0.532909 0.334909 0.0458182 0.00218182
pf_pred 
 0.00359582 0.656926 0.30106 0.0384167 1.40824e-06
 0.01006 0.0201379 0.707832 0.232838 0.0291321
 0.00351836 0.0751956 0.026448 0.656779 0.238059
 0.0759211 0.0337322 0.10421 0.0232096 0.762927
 0.724916 0.114504 0.00868336 0.0181738 0.133722
 0.0683531 0.883918 0.0241903 0.00129895 0.0222397
 0.450664 0.206039 0.332661 0.00547992 0.00515645
 0.374068 0.562792 0.0314047 0.0307824 0.000953133
 0.309435 0.59724 0.0880976 0.00265217 0.00257543
 0.510984 0.396683 0.0849161 0.00701643 0.000400781
 0.0597024 0.832257 0.0940206 0.0129218 0.00109802
 0.0390844 0.295144 0.614348 0.0449054 0.00651736
 0.327029 0.179853 0.198695 0.272218 0.022205
 0.151114 0.740257 0.0428489 0.0270718 0.0387082
 0.234424 0.554616 0.197646 0.00541313 0.00790036
 0.289175 0.591221 0.102031 0.0165181 0.00105449
 0.171801 0.63905 0.168546 0.0176561 0.00294647
 0.189141 0.496806 0.264518 0.0442748 0.00525991
 0.132009 0.553615 0.22246 0.0777335 0.0141821
 0.509131 0.264988 0.165096 0.0433437 0.0174418
 0.246838 0.675351 0.0508478 0.0198638 0.00709989
 0.152748 0.551122 0.274117 0.0144917 0.00752111
 0.307874 0.368991 0.235214 0.081518 0.00640298
 0.167318 0.629508 0.12753 0.0554106 0.0202333
 0.00238836 0.561234 0.358028 0.0496058 0.0287438
pobs_RECLAS
 0 0 0 0 0
 0 0 0 0 0
 0 0 0 0 0
 0 0 0 0 0
 0.835266 0.146461 0.0176864 0.000547809 3.91292e-05
 0.385257 0.428462 0.181853 0.0044286 0
 0.867414 0.0963971 0.0333333 0.00285562 0
 0.441836 0.489002 0.0689373 0.000224442 0
 0.779404 0.147425 0.0564933 0.0165055 0.000172143
 0.814271 0.122319 0.05973 0.00367925 0
 0.40263 0.566651 0.0304383 0.000280538 0
 0.475488 0.404961 0.113038 0.00651328 0
 0.955842 0.0263864 0.0167828 0.000988607 0
 0.975058 0.0227948 0.00214734 0 0
 0.738997 0.206755 0.0527124 0.00153531 0
 0.850938 0.134255 0.0134407 0.00136685 0
 0.542534 0.407297 0.0501686 0 0
 0.764087 0.199537 0.0359546 0.000420521 0
 0.470689 0.182191 0.310203 0.0369168 0
 0.84361 0.089868 0.0606195 0.00523954 0.000663233
 0.607945 0.314616 0.071237 0.00620181 0
 0.523733 0.453247 0.0230204 0 0
 0.530135 0.295979 0.169645 0.0042399 0
 0.562478 0.366248 0.0663022 0.0049721 0
 0.250443 0.683176 0.0655157 0.000865301 0
ppred_RECLAS
 0.0198086 0.702325 0.246588 0.0312779 1.14853e-06
 0.0639672 0.0247773 0.666162 0.217797 0.027297
 0.0242275 0.0966586 0.025419 0.62631 0.227385
 0.36024 0.030554 0.0716236 0.0158455 0.521736
 0.940479 0.0287728 0.00166988 0.00347385 0.0256043
 0.288634 0.684189 0.0138233 0.000735779 0.0126174
 0.841719 0.0708604 0.0847328 0.00138393 0.00130431
 0.778686 0.20499 0.00816565 0.00791341 0.000245383
 0.723794 0.24822 0.0264321 0.00078742 0.000765777
 0.853846 0.12443 0.0199912 0.00163944 9.37994e-05
 0.257793 0.67627 0.0574347 0.00783536 0.000666903
 0.205368 0.293972 0.462233 0.0335497 0.00487737
 0.772092 0.0763526 0.0614222 0.0833257 0.00680731
 0.530596 0.427054 0.0168481 0.0104873 0.0150141
 0.677575 0.257036 0.061322 0.00165241 0.00241457
 0.698313 0.262459 0.0335068 0.00537788 0.00034386
 0.540815 0.375979 0.0742037 0.00771318 0.00128929
 0.576901 0.286595 0.1151 0.019128 0.00227622
 0.46929 0.371859 0.112635 0.0390753 0.00714095
 0.863486 0.0835366 0.0387999 0.0101048 0.00407279
 0.635172 0.335374 0.0192857 0.00748733 0.00268076
 0.505111 0.351042 0.133211 0.00699825 0.00363824
 0.723741 0.165988 0.0804088 0.0276843 0.00217819
 0.52707 0.379898 0.0585275 0.025264 0.00924082
 0.0138107 0.620313 0.300508 0.0413608 0.0240067
pobs_PELACES
 0 0 0 0 0
 0 0 0 0 0
 0 0 0 0 0
 0 0 0 0 0
 0 0 0 0 0
 0 0 0 0 0
 0 0 0 0 0
 0 0 0 0 0
 0 0 0 0 0
 0 0 0 0 0
 0.450072 0.473896 0.0757376 0.000293798 0
 0 0 0 0 0
 0.463077 0.371075 0.160297 0.00555027 0
 0.529543 0.364841 0.0842815 0.0213345 0
 0.631943 0.363953 0.00410389 0 0
 0.735681 0.248677 0.0153453 0.000297389 0
 0.695825 0.281241 0.0229344 0 0
 0.275771 0.60734 0.115278 0.00161068 0
 0 0 0 0 0
 0.896147 0.0623911 0.0374545 0.00400742 0
 0.803859 0.145111 0.0509908 3.86294e-05 0
 0.739449 0.233085 0.0266225 0.000797448 4.60066e-05
 0.878498 0.100942 0.0204185 0.000141795 0
 0.694673 0.275183 0.0284847 0.00165964 0
 0.469039 0.446079 0.0841089 0.000773354 0
ppred_PELACES
 0.027111 0.712265 0.231653 0.0289702 1.06091e-06
 0.0923948 0.0261456 0.646956 0.208449 0.0260541
 0.0427182 0.109467 0.0249814 0.60414 0.218693
 0.478575 0.0280474 0.0589912 0.0128389 0.421548
 0.957644 0.021501 0.00115083 0.00235968 0.0173448
 0.400534 0.580139 0.00994223 0.00051859 0.0088662
 0.903519 0.0470306 0.0479614 0.00076793 0.000721587
 0.866711 0.12532 0.00403324 0.00381745 0.000117997
 0.824676 0.160504 0.0140166 0.000408235 0.000395773
 0.901145 0.0857774 0.0120513 0.000970532 5.53668e-05
 0.347933 0.600782 0.0447757 0.006 0.000509209
 0.292342 0.282067 0.39345 0.0280716 0.00406931
 0.868481 0.0500707 0.0334415 0.0443918 0.0036154
 0.703114 0.276275 0.00834476 0.00505424 0.0072116
 0.825262 0.146738 0.0263083 0.000688919 0.00100323
 0.793194 0.183526 0.019942 0.00313729 0.000199996
 0.651821 0.292104 0.05011 0.00511294 0.000852146
 0.679394 0.225791 0.080168 0.0130932 0.0015536
 0.579188 0.306014 0.081822 0.0278934 0.00508282
 0.913416 0.0560643 0.0224706 0.00574157 0.00230735
 0.708416 0.269997 0.0142112 0.00543516 0.00194065
 0.59407 0.295602 0.102291 0.00529256 0.00274389
 0.79666 0.127411 0.0556099 0.0188408 0.00147823
 0.618918 0.312433 0.0434541 0.0184607 0.00673349
 0.0205447 0.64069 0.279094 0.0377954 0.0218756
pobs_pel_tallas
 0 0 0 0 0 0 0 0 0 0 0 0 0 0 0 0 0 0 0 0 0 0 0 0 0 0 0 0 0 0 0 0 0 0 0 0
 0 0 0 0 0 0 0 0 0 0 0 0 0 0 0 0 0 0 0 0 0 0 0 0 0 0 0 0 0 0 0 0 0 0 0 0
 0 0 0 0 0 0 0 0 0 0 0 0 0 0 0 0 0 0 0 0 0 0 0 0 0 0 0 0 0 0 0 0 0 0 0 0
 0 0 0 0 0 0 0 0 0 0 0 0 0 0 0 0 0 0 0 0 0 0 0 0 0 0 0 0 0 0 0 0 0 0 0 0
 0 0 0 0 0 0 0 0 0 0 0 0 0 0 0 0 0 0 0 0 0 0 0 0 0 0 0 0 0 0 0 0 0 0 0 0
 0 0 0 0 0 0 0 0 0 0 0 0 0 0 0 0 0 0 0 0 0 0 0 0 0 0 0 0 0 0 0 0 0 0 0 0
 0 0 0 0 0 0 0 0 0 0 0 0 0 0 0 0 0 0 0 0 0 0 0 0 0 0 0 0 0 0 0 0 0 0 0 0
 0 0 0 0 0 0 0 0 0 0 0 0 0 0 0 0 0 0 0 0 0 0 0 0 0 0 0 0 0 0 0 0 0 0 0 0
 0 0 0 0 0 0 0 0 0 0 0 0 0 0 0 0 0 0 0 0 0 0 0 0 0 0 0 0 0 0 0 0 0 0 0 0
 0 0 0 0 0 0 0 0 0 0 0 0 0 0 0 0 0 0 0 0 0 0 0 0 0 0 0 0 0 0 0 0 0 0 0 0
 0 0 0 0 0 0 0 0 1.78061e-05 0.00172719 0.00360574 0.0105946 0.0120993 0.0124554 0.0147524 0.0171206 0.0266825 0.0428682 0.0675386 0.121331 0.153587 0.119568 0.100827 0.0573624 0.0630603 0.0341343 0.0324427 0.0444173 0.0211091 0.0280891 0.0125444 0.00206551 0 0 0 0
 0 0 0 0 0 0 0 0 0 0 0 0 0 0 0 0 0 0 0 0 0 0 0 0 0 0 0 0 0 0 0 0 0 0 0 0
 0 0 0 0 0 0 0.0133647 0.0140871 0.0187388 0.0205184 0.03894 0.0496705 0.03968 0.0493445 0.0407372 0.0367815 0.0215668 0.0243155 0.0234873 0.0199281 0.019796 0.0243948 0.0301388 0.0376714 0.0412746 0.0863199 0.0771752 0.113111 0.0741005 0.0525337 0.0229764 0.00759418 0.00175318 0 0 0
 0 0 0 0 0 0 0 0 0 0 0.00219441 0.00772107 0.0458388 0.0604681 0.0671733 0.0775358 0.0609151 0.0617685 0.073594 0.0568108 0.0755445 0.0548602 0.0670107 0.0636378 0.0643287 0.046367 0.0373049 0.0286899 0.0247887 0.0153202 0.00654259 0.00121912 0.000365735 0 0 0
 0 0 0 0 0 0 0 0 0 0 0 0 0.000112435 0.00938835 0.0111873 0.0202946 0.0414886 0.0713402 0.111592 0.104902 0.108894 0.110636 0.117776 0.105296 0.107544 0.0401394 0.0192827 0.0124803 0.00416011 0.0028671 0.000618394 0 0 0 0 0
 0 0 0 0 0 0 0 0 0 0 0.00291406 0.0102884 0.027416 0.0768956 0.0749926 0.110853 0.0956884 0.0897413 0.0766577 0.0534642 0.0500743 0.0551293 0.0594112 0.0620874 0.0668451 0.0424026 0.0208742 0.0120726 0.0048766 0.00582813 0.00118941 0.000297354 0 0 0 0
 0 0.00264628 0.0354308 0.0461629 0.0458689 0.0383711 0.0214643 0.0164657 0.0346957 0.0420465 0.0363128 0.0245516 0.0311673 0.0291091 0.0169068 0.0133784 0.00837989 0.0085269 0.0148486 0.0160247 0.0276389 0.0546898 0.0760071 0.122758 0.109233 0.0665981 0.0333725 0.0166128 0.00676272 0.00308733 0.000882094 0 0 0 0 0
 0 0 0 0 0 0 0 0.000805153 0.000690131 0.00759144 0.0133425 0.0154129 0.00931677 0.000345066 0.00356568 0.00563607 0.00851162 0.0253048 0.0502646 0.0516448 0.0657925 0.0565908 0.0611916 0.0827007 0.0866115 0.110766 0.145733 0.0935128 0.0569358 0.0249597 0.0138026 0.00621118 0.00161031 0.00115022 0 0
 0 0 0 0 0 0 0 0 0 0 0 0 0 0 0 0 0 0 0 0 0 0 0 0 0 0 0 0 0 0 0 0 0 0 0 0
 0.00147267 0.00158595 0.00478618 0.00569244 0.00954404 0.0108468 0.00647125 0.017049 0.0510054 0.094081 0.124002 0.0959785 0.0687766 0.0820023 0.061753 0.0591476 0.0492212 0.0479892 0.0443925 0.0268479 0.0217502 0.0140895 0.0121071 0.0120363 0.00920419 0.00665534 0.0049561 0.00860946 0.00930331 0.0156896 0.0114698 0.00855282 0.00243557 0.00046729 0 2.83206e-05
 0 0 0 0 0.000772559 0.00158375 0.000888443 0.00281984 0.00712685 0.0440552 0.0773331 0.111326 0.0921469 0.0852325 0.0710754 0.0886704 0.0786465 0.0553345 0.0373146 0.0185414 0.00753245 0.00457741 0.012979 0.0271748 0.0457355 0.0583668 0.034881 0.0177882 0.00938659 0.00492506 0.0015258 0.00185414 0.000309023 5.79419e-05 3.86279e-05 0
 0 0.00173294 0.00326652 0 0.00397197 0.00683976 0.00946217 0.0152591 0.00757587 0.0136028 0.0228656 0.0392903 0.0559909 0.0764795 0.0681675 0.0726916 0.0566044 0.0477403 0.0527397 0.0444891 0.0609904 0.0582453 0.0661739 0.0445044 0.0529084 0.0360697 0.0280645 0.0235558 0.0158879 0.00826598 0.00280645 0.00217768 0.000904811 0.00058276 9.20147e-05 0
 0 0 0 0 0 0 0 0 0 0 0 0 0 0 0 0 0 0 0 0 0 0 0 0 0 0 0 0 0 0 0 0 0 0 0 0
 0 0 0 0 0 0 0 0 0 0 0 0 0 0 0 0 0 0 0 0 0 0 0 0 0 0 0 0 0 0 0 0 0 0 0 0
 0 0 0 0 0 0 0 0 0 0 0 0 0 0 0 0 0 0 0 0 0 0 0 0 0 0 0 0 0 0 0 0 0 0 0 0
ppred_pel_tallas
 1.04516e-16 1.22423e-06 7.08185e-06 3.34474e-05 0.000128411 0.000400115 0.00101145 0.00207531 0.00346188 0.00471523 0.00530524 0.0050939 0.00455065 0.00448176 0.00559111 0.00829096 0.0127829 0.0191579 0.0273678 0.0371154 0.0477719 0.0583911 0.0678394 0.0750116 0.0790725 0.0796415 0.0768648 0.0713459 0.0639707 0.0556872 0.0473156 0.0394361 0.0323688 0.0262211 0.0209672 0.0165229
 1.17573e-16 4.0439e-06 2.36969e-05 0.000112573 0.000433293 0.00135104 0.0034126 0.00698328 0.0115784 0.0155582 0.0169538 0.0150106 0.0108698 0.00660313 0.00371146 0.00255292 0.0028019 0.0040895 0.00627807 0.00942467 0.0136599 0.019091 0.025738 0.0334878 0.0420663 0.0510319 0.0597987 0.0676913 0.0740274 0.0782148 0.0798438 0.0787549 0.0750665 0.0691536 0.0615858 0.0530353
 1.31368e-16 1.87861e-06 1.09834e-05 5.21284e-05 0.000200563 0.000625284 0.00157948 0.00323292 0.0053634 0.00721664 0.00788948 0.00704572 0.00523366 0.00344228 0.00240844 0.00235144 0.00318047 0.00478234 0.00713786 0.0102958 0.0143137 0.0192188 0.024993 0.0315699 0.0388326 0.046607 0.0546478 0.0626245 0.0701168 0.0766325 0.0816538 0.0847068 0.0854421 0.0837017 0.0795614 0.0733269
 1.20985e-16 2.08811e-05 0.000122551 0.000582548 0.00224284 0.00699406 0.0176663 0.0361471 0.0599162 0.0804607 0.0875438 0.0771883 0.0551854 0.0320705 0.015317 0.00634349 0.00287133 0.00224186 0.00287322 0.00415292 0.00594305 0.00825846 0.0111368 0.0145957 0.0186145 0.0231209 0.02798 0.0329876 0.0378747 0.0423239 0.0460007 0.0485949 0.0498655 0.0496787 0.0480308 0.0450526
 1.00916e-16 4.17712e-05 0.000245193 0.0011656 0.00448773 0.0139947 0.0353492 0.0723275 0.119885 0.160983 0.175133 0.154363 0.110244 0.0638248 0.0300137 0.0115812 0.00387492 0.00145713 0.00102108 0.00118259 0.00150075 0.00185006 0.00218159 0.00246323 0.00267295 0.00280149 0.00285337 0.00284389 0.00279334 0.00272039 0.00263706 0.00254681 0.00244579 0.0023264 0.00218132 0.00200692
 1.00763e-16 1.75013e-05 0.000102656 0.000487848 0.00187802 0.00585624 0.014793 0.0302722 0.0501939 0.0674526 0.0735168 0.0651202 0.0472109 0.0287536 0.0161962 0.010946 0.0112974 0.0151367 0.0210741 0.0282766 0.0360204 0.0434642 0.0496694 0.0537616 0.0551292 0.0535744 0.0493652 0.0431615 0.0358502 0.0283387 0.0213776 0.0154548 0.0107757 0.00731302 0.00489073 0.00327089
 1.00757e-16 3.94123e-05 0.000231342 0.00109974 0.00423415 0.0132039 0.0333517 0.0682408 0.113112 0.151891 0.165249 0.145669 0.104074 0.0603321 0.0285215 0.011272 0.00421084 0.00222204 0.00219361 0.002816 0.00365499 0.00455881 0.00543617 0.00620651 0.00680206 0.00717794 0.00731815 0.00723377 0.00695562 0.00652416 0.00598079 0.0053628 0.00470222 0.00402695 0.00336232 0.00273162
 1.00235e-16 3.78104e-05 0.00022193 0.00105498 0.00406179 0.0126664 0.0319941 0.0654636 0.108511 0.14572 0.158553 0.139809 0.0999785 0.0581438 0.027835 0.0116054 0.00528813 0.00399035 0.00471652 0.00616471 0.00783337 0.00945982 0.0108267 0.0117427 0.0120746 0.011778 0.0109082 0.00960483 0.00805611 0.00645519 0.00496193 0.00368058 0.00265572 0.00188285 0.00132643 0.000938157
 1.00284e-16 3.59789e-05 0.000211174 0.00100384 0.00386487 0.0120523 0.030443 0.0622902 0.103252 0.138661 0.150883 0.133069 0.0952111 0.0554763 0.026755 0.0114954 0.0057513 0.00488008 0.00603269 0.00795369 0.0101284 0.0122507 0.0140472 0.0152719 0.015751 0.0154228 0.0143531 0.0127149 0.0107452 0.00868835 0.00674905 0.00506323 0.0036927 0.00263785 0.00185971 0.00130227
 1.00236e-16 3.93103e-05 0.000230739 0.00109687 0.00422308 0.0131694 0.0332646 0.0680628 0.112818 0.1515 0.164831 0.14532 0.103866 0.0602967 0.028663 0.0116015 0.00476221 0.00304651 0.00334185 0.00431589 0.0054905 0.00665478 0.00765397 0.0083547 0.00866212 0.00854047 0.0080209 0.00719159 0.00617465 0.00509719 0.00406623 0.00315388 0.00239446 0.00179108 0.00132689 0.000976346
 1.01062e-16 1.52086e-05 8.91938e-05 0.000423842 0.00163157 0.0050877 0.0128517 0.0263004 0.0436114 0.0586158 0.0639094 0.056667 0.0412059 0.0253425 0.0147164 0.0105957 0.0115444 0.01576 0.0220419 0.0296315 0.0378162 0.0457364 0.0524217 0.0569606 0.0587058 0.0574313 0.0533869 0.047226 0.0398385 0.0321424 0.0249038 0.0186296 0.0135474 0.00965344 0.00679645 0.00476173
 1.06832e-16 1.27725e-05 7.49191e-05 0.000356039 0.00137061 0.00427398 0.010796 0.022092 0.0366277 0.0492134 0.0536161 0.0474411 0.0342837 0.020665 0.0112667 0.00709602 0.00690704 0.00919339 0.013034 0.0179832 0.0237394 0.0299507 0.0361757 0.0419316 0.046773 0.0503624 0.0525109 0.0531776 0.0524394 0.0504473 0.0473891 0.0434689 0.0389043 0.0339272 0.0287827 0.0237163
 1.02186e-16 3.78845e-05 0.000222372 0.0010571 0.00406997 0.0126919 0.0320585 0.0655947 0.108726 0.146003 0.158844 0.140027 0.10005 0.0580155 0.0274567 0.0109051 0.00416196 0.00231408 0.00237448 0.00308803 0.00403988 0.00508558 0.00613792 0.0071194 0.00796414 0.008627 0.00908786 0.00934823 0.00942278 0.00932951 0.00908287 0.0086923 0.00816554 0.00751403 0.00675787 0.00592734
 1.0072e-16 3.06829e-05 0.000180072 0.000855952 0.00329542 0.0102764 0.0259576 0.0531135 0.0880447 0.118251 0.128707 0.11359 0.0814452 0.0478011 0.0237 0.0112898 0.00726461 0.00770557 0.0101822 0.0135628 0.0172778 0.0208752 0.0238997 0.0259341 0.0266856 0.0260569 0.0241701 0.0213324 0.0179576 0.0144695 0.0112177 0.00842901 0.0061986 0.00451384 0.00329455 0.00243351
 1.00492e-16 3.60039e-05 0.000211322 0.00100455 0.0038676 0.0120608 0.0304645 0.062334 0.103324 0.138757 0.150984 0.133152 0.0952551 0.0554717 0.0266966 0.0113751 0.00555418 0.00458648 0.00562403 0.0074199 0.00947516 0.0115048 0.0132581 0.0145081 0.0150906 0.0149411 0.0141086 0.012739 0.0110365 0.00921467 0.00745441 0.00587877 0.00454823 0.00347148 0.0026242 0.00196752
 1.00461e-16 3.46071e-05 0.000203118 0.000965539 0.00371739 0.0115923 0.0292813 0.0599134 0.099313 0.133374 0.145137 0.128019 0.0916344 0.053467 0.0259259 0.0113793 0.00604495 0.00546715 0.00690699 0.00914594 0.0116633 0.014126 0.0162246 0.0176781 0.0182862 0.0179756 0.0168173 0.0150044 0.0128025 0.0104867 0.00828724 0.00635801 0.00476995 0.00352577 0.00258473 0.00188748
 1.01023e-16 2.8447e-05 0.000166943 0.000793535 0.00305509 0.00952696 0.0240645 0.0492403 0.0816255 0.109634 0.119337 0.105343 0.0755826 0.0444621 0.0222346 0.0109112 0.00744778 0.00822892 0.0110097 0.0147341 0.0188486 0.0228898 0.026378 0.0288645 0.0300238 0.0297283 0.028076 0.0253578 0.0219801 0.0183674 0.0148787 0.0117574 0.00912237 0.00698934 0.00530884 0.00400301
 1.01735e-16 2.96467e-05 0.000173993 0.000827061 0.0031842 0.00992959 0.0250814 0.0513205 0.0850716 0.114255 0.12435 0.109727 0.0786364 0.0460751 0.0227025 0.010584 0.00651865 0.00672247 0.0088644 0.0118875 0.0152975 0.0187266 0.0218038 0.0241764 0.025577 0.0258801 0.0251247 0.0234933 0.0212573 0.0187082 0.0160989 0.0136094 0.0113408 0.00933017 0.00757565 0.00605867
 1.02458e-16 2.52805e-05 0.000148352 0.000705146 0.00271476 0.00846566 0.0213838 0.0437554 0.0725348 0.0974284 0.106064 0.0936566 0.0672624 0.0396989 0.0200971 0.0102697 0.00753891 0.00871529 0.011816 0.0158962 0.0204342 0.0249659 0.0289966 0.0320554 0.0337899 0.0340444 0.0328888 0.0305871 0.027521 0.0240937 0.0206486 0.0174213 0.0145338 0.0120167 0.00984658 0.00797956
 1.00643e-16 3.98442e-05 0.000233876 0.00111179 0.00428054 0.0133485 0.0337172 0.0689886 0.114351 0.153557 0.167062 0.147271 0.105225 0.0610131 0.0288686 0.0114515 0.00434151 0.00236483 0.00237036 0.00302528 0.00387805 0.00476077 0.00556792 0.00621008 0.00661972 0.00676351 0.00664777 0.00631329 0.00582226 0.00524189 0.00463046 0.00402944 0.00346248 0.00293937 0.00246203 0.00202971
 1.00568e-16 3.09138e-05 0.000181428 0.000862402 0.00332025 0.0103539 0.0261532 0.0535137 0.0887079 0.119141 0.129674 0.114439 0.0820441 0.0481332 0.0238287 0.0112915 0.00718773 0.00756728 0.00998216 0.0132963 0.0169443 0.0204819 0.0234633 0.0254787 0.0262393 0.0256466 0.0238161 0.0210445 0.0177337 0.0142969 0.0110773 0.0082997 0.0060622 0.00435831 0.00311539 0.00223331
 1.01859e-16 2.59291e-05 0.00015216 0.000723254 0.00278449 0.00868309 0.021933 0.0448791 0.074397 0.099928 0.108781 0.0960459 0.0689568 0.0406555 0.0205015 0.0103462 0.00743603 0.00849489 0.0114894 0.0154582 0.0198822 0.0243079 0.028253 0.0312561 0.0329683 0.0332289 0.0320956 0.0298162 0.0267561 0.0233081 0.0198131 0.0165141 0.0135471 0.0109604 0.00874697 0.00687458
 1.01548e-16 3.4756e-05 0.000203998 0.00096973 0.00373354 0.0116427 0.0294086 0.0601734 0.0997424 0.133946 0.145747 0.128528 0.0919362 0.0535167 0.0257154 0.0108907 0.00522676 0.0042412 0.00519471 0.00690089 0.00890246 0.0109529 0.0128374 0.0143556 0.0153525 0.0157486 0.0155535 0.014854 0.0137857 0.0124963 0.0111148 0.00973431 0.00841009 0.00716799 0.00601765 0.00496346
 1.01668e-16 2.70131e-05 0.000158523 0.000753501 0.00290094 0.00904625 0.0228503 0.0467561 0.0775085 0.104107 0.11333 0.100061 0.0718363 0.0423465 0.0213403 0.010743 0.00767979 0.00872899 0.0117605 0.0157584 0.020167 0.0245014 0.0282533 0.0309472 0.0322388 0.0319951 0.0303228 0.0275323 0.024054 0.0203342 0.0167461 0.0135374 0.0108225 0.00860769 0.00683341 0.00541461
 1.06492e-16 9.35074e-07 5.39066e-06 2.54215e-05 9.75336e-05 0.000303841 0.000768189 0.00157706 0.00263411 0.00359796 0.00407467 0.00397339 0.00367227 0.00381596 0.00498387 0.00754484 0.0117117 0.017605 0.0252154 0.0343045 0.044331 0.0544628 0.0636892 0.0710099 0.0756483 0.0772155 0.0757774 0.0717981 0.0659921 0.0591376 0.0519174 0.0448262 0.0381566 0.0320403 0.0265131 0.0215723
pSPR Fmed_Fpbrs
0.504453   0.408715 0.408715
Fs Fmed_Fpbrs
0.662294   1.005 1.005
SSBpbr Bo_Bmed_Bpbrs
977726  444331  350725 350725
Ro
15994.5
SPR SPRFo_SPRFmed_SPRFpbrs
328892 165911 134423
log_Ro
9.5
likeval ReclasPelacesDesembMPH_pf_preclas_ppelaces_ptallas_desvR_qrecl_qpela
 96.5453 105.98 0.157021 0.000181172 412.635 205.112 87.9405 0 77.1328 1.2649e-06 0 0 0 0 0
q_reclas_q_pelaces
0.852679 1
M
0.7
N
 2443.76 68579.6 22986.4 2880.64 0.105502
 3820.87 1196.86 31022.1 10027.4 1253.53
 473.655 1857.35 514.763 12617 4570.28
 2882.54 215.119 505.25 110.804 3639.5
 55373.9 1360.63 75.8903 156.049 1147.2
 10737.5 26982.1 594.712 31.5642 540.111
 54186.1 4749.82 6145.55 100.03 94.0702
 73540.8 24119.9 1128.39 1095.97 33.9199
 75628.9 30751.6 3759.74 112.078 108.782
 230424 32175.4 5385.03 438.948 25.0562
 42496.5 105583 9291.5 1259.45 106.948
 14950.1 19551.6 31335.6 2257.26 327.373
 61875.5 6964.96 6314.34 8560.71 697.943
 22273.4 26700.9 1342.25 842.082 1203.62
 14563.4 8752.05 2736.57 74.4673 108.65
 14217.1 5600.8 776.019 124.151 7.92094
 9290.44 6313.91 1310.03 135.435 22.587
 9208.51 4227.39 1739.56 287.018 34.0741
 5806.48 4273.04 1329.19 457.886 83.4809
 27764.2 2689.7 1327.86 344.207 138.425
 28810.3 12527.9 700.328 268.961 96.0536
 24015.9 13916.3 5162.58 268.4 139.183
 58036.8 11550.7 5570.91 1900.5 149.163
 44300.9 27527.4 4209.64 1800.15 656.813
 536.789 21060.5 10188.6 1389.78 804.683
pred_Ctot
 24.1772 4416.97 2024.23 258.302 0.00946857
 58.0509 116.206 4084.54 1343.59 168.107
 29.2473 625.084 219.856 5459.65 1978.93
 102.83 45.6879 141.145 31.4358 1033.33
 747.745 118.11 8.95681 18.7461 137.933
 848.904 10977.7 300.428 16.1322 276.204
 4063.36 1857.72 2999.4 49.409 46.4926
 8436.17 12692.3 708.253 694.221 21.4955
 7862.38 15175.2 2238.46 67.3886 65.4386
 12865.2 9987.44 2137.97 176.655 10.0906
 2256.94 31462 3554.28 488.484 41.5086
 667.272 5038.87 10488.5 766.651 111.268
 5877.34 3232.31 3570.94 4892.28 399.066
 3388.75 16600.3 960.891 607.089 868.036
 2397.28 5671.65 2021.18 55.356 80.7911
 1087.52 2223.45 383.717 62.121 3.9657
 561.993 2090.45 551.345 57.7563 9.63846
 435.833 1144.77 609.52 102.021 12.1202
 281.665 1181.24 474.66 165.859 30.2602
 1833.92 954.503 594.687 156.127 62.8263
 566.395 1549.66 116.675 45.5796 16.2914
 544.458 1964.43 977.068 51.6545 26.8084
 1877.31 2249.98 1434.26 497.069 39.0432
 1362.8 5127.33 1038.73 451.318 164.8
 18.213 4279.8 2730.22 378.279 219.192
F
 0.0138412 0.0932959 0.129583 0.132089 0.132214
 0.0213258 0.143746 0.199655 0.203517 0.203709
 0.0892896 0.601853 0.835941 0.852109 0.852914
 0.0507236 0.3419 0.474881 0.484065 0.484523
 0.0189343 0.127626 0.177266 0.180694 0.180865
 0.115637 0.779445 1.08261 1.10354 1.10459
 0.109386 0.737315 1.02409 1.0439 1.04488
 0.1719 1.15869 1.60936 1.64048 1.64203
 0.154636 1.04232 1.44772 1.47572 1.47712
 0.0804251 0.542102 0.752951 0.767513 0.768238
 0.076366 0.514742 0.714948 0.728776 0.729464
 0.0638284 0.430233 0.59757 0.609128 0.609703
 0.140427 0.946546 1.3147 1.34013 1.34139
 0.234107 1.57799 2.19174 2.23413 2.23624
 0.255601 1.72287 2.39297 2.43925 2.44155
 0.111693 0.752863 1.04569 1.06591 1.06692
 0.0874007 0.589121 0.818257 0.834083 0.83487
 0.0678017 0.457015 0.634769 0.647045 0.647657
 0.0695442 0.46876 0.651082 0.663674 0.664301
 0.0957854 0.645638 0.896755 0.914099 0.914962
 0.0276722 0.186524 0.259071 0.264082 0.264331
 0.0319712 0.215501 0.299319 0.305108 0.305396
 0.0458967 0.309365 0.429691 0.438001 0.438415
 0.0436046 0.293915 0.408232 0.416127 0.41652
 0.0481905 0.324826 0.451166 0.459892 0.460326
YTP_r0W_actual
 203.985 94155.7 90097.2 15547.3 9381.4
YTP_p0W_proyectada
 13207.3 2067.18 112277 63212.7 12833.9
 13207.3 78224.8 922.117 27495.6 15538.9
CTP_r0_actual
 18.213 4279.8 2730.22 378.279 219.192
CTP_p0_proyectada
 1553.8 96.5971 3598.63 1553.14 275.998
 1553.8 3655.36 29.555 675.568 334.17
Wmedp
 8.5 21.4 31.2 40.7 46.5
nmprior
 10.6 11 7 0
nm_flota  nm_reclas  nm_pelaces    nm_pelaL
inf 18.9182 15.2876 34.6451
cv_recla  cv_pelaces  cv_mph
0.888772 1.1673 0.436701
 ------------------------------------------------
Talla a la edad & desviaci?n 
 7.2 14.2025 17.0495 18.207 18.6776
 1.08 2.13037 2.55742 2.73105 2.80164
