years
 1997 1998 1999 2000 2001 2002 2003 2004 2005 2006 2007 2008 2009 2010 2011 2012 2013 2014 2015 2016 2017 2018 2019 2020 2021
reclasobs
 0 0 0 370054 412103 1.49427e+06 250295 1.28982e+06 931140 785840 897777 1.04006e+06 184774 17550 25797 100020 73551 82996 120727 218422 84188 347160 605670 569463 516374
reclaspred
 1.45491e+06 251878 484939 158166 258140 334510 692091 596321 668773 910456 940092 641990 359512 148155 83353.1 80179.7 89891.6 109030 117519 135759 216395 222147 369801 425182 404345
pelacesobs
 0 0 0 0 0 0 0 0 0 2.06254e+06 1.5e+06 0 1.87456e+06 323000 250000 174000 83755 137374 0 501740 490994 745055 786931 1.00524e+06 1.33801e+06
pelacespred
 2.59294e+06 712549 443840 329538 716103 474894 2.13397e+06 1.58695e+06 1.79579e+06 2.52444e+06 1.84423e+06 1.31206e+06 886231 300686 176418 161280 179663 228932 220614 266826 529402 437432 576402 799498 555011
mphobs
 0 0 0 0 0 112323 0 153150 637223 0 255016 313432 73983 77613 109348 50772 0 0 0 0 0 0 0 0 0
mphpred
 421465 167192 152305 70269.3 59275.6 147154 166983 279380 258118 306684 427287 275817 168815 96799.3 45448 32948.5 33615.8 38103.7 44547.8 46029.3 66357.5 86243.9 104226 143452 163417
desembarqueobs
 350755 77701 442110 56441 14545 235359 269955 359681 431902 328805 639364 411747 362871 311530 167758 66681 60226 58785 57116 73181 50977 67692 138656 160484 209506
desembarquepred
 350728 77662.8 441526 56420.4 14543.8 235220 269901 359145 431445 328529 638169 411074 362158 310924 167175 66595 60179.4 58697.2 57029.2 73097.2 50958.8 67624.7 138550 160376 209360
Reclutas
 14265.2 46057.9 3688.09 8549.27 41121.1 15955.7 63083.8 59847.9 74541.1 127608 57604.7 46687.3 53619 28935.3 12797.4 11087.5 7279.49 8343.43 8553.15 11745.2 16817.7 20905.5 33787.5 33195.2 3268.09
log_desv_Rt
 -0.414419 0.757654 -1.76714 -0.926399 0.644276 -0.302431 1.07222 1.01956 1.23911 1.77672 0.98136 0.771227 0.909659 0.292819 -0.523002 -0.666431 -1.08718 -0.95077 -0.925945 -0.608797 -0.249815 -0.032234 0.447845 0.43016 -1.88804
SSB
 665238 263894 240397 110913 93560.3 232268 263565 440971 407412 484068 674427 435348 266456 152787 71734.9 52005.7 53059 60142.6 70314 72652.4 104738 136127 164509 226424 257936
BT
 1.18229e+06 403372 379593 183014 296386 350317 1.07822e+06 997771 1.10727e+06 1.30471e+06 1.24332e+06 866857 696661 399743 204179 116832 116842 135900 129476 160653 245398 221092 308333 427075 352704
Ftot
 0.561962 0.844556 1.87686 0.834118 0.210353 1.61051 1.34111 1.80911 1.9607 1.21303 1.67092 1.56015 2.73094 4.84534 4.95303 2.33224 1.84819 1.51217 1.27776 1.49621 0.694859 0.798694 0.981494 1.00317 1.11921
BD_Bspro_t
 0.938791 0.649707 0.531109 0.210436 0.282866 0.542094 0.424576 0.505939 0.440442 0.439239 0.484445 0.313612 0.220913 0.155643 0.089444 0.0801461 0.111486 0.169835 0.236592 0.290781 0.402208 0.530819 0.535694 0.538094 0.495331
BD_Bspro
 1.49843 0.594413 0.541486 0.249827 0.210742 0.523175 0.593671 0.993273 0.917683 1.09035 1.51913 0.980606 0.600184 0.344149 0.161581 0.117141 0.119514 0.135469 0.15838 0.163647 0.235919 0.306621 0.370551 0.510014 0.580993
BD_Bo
 0.892807 0.354169 0.322634 0.148854 0.125566 0.311723 0.353727 0.591822 0.546783 0.649661 0.90514 0.584274 0.357607 0.205054 0.0962745 0.0697962 0.0712097 0.0807166 0.0943676 0.0975058 0.140568 0.182694 0.220785 0.303881 0.346173
BD_Brms
 2.32426 0.922013 0.839917 0.387515 0.326888 0.811514 0.920862 1.5407 1.42345 1.69127 2.35636 1.52105 0.930964 0.53382 0.250633 0.181701 0.185381 0.210131 0.245668 0.253838 0.365942 0.47561 0.574773 0.791098 0.901196
S_f
 0.0794409 0.621159 0.968899 0.998313 0.999911
 0.0794409 0.621159 0.968899 0.998313 0.999911
 0.0794409 0.621159 0.968899 0.998313 0.999911
 0.0794409 0.621159 0.968899 0.998313 0.999911
 0.0794409 0.621159 0.968899 0.998313 0.999911
 0.0794409 0.621159 0.968899 0.998313 0.999911
 0.0794409 0.621159 0.968899 0.998313 0.999911
 0.0794409 0.621159 0.968899 0.998313 0.999911
 0.0794409 0.621159 0.968899 0.998313 0.999911
 0.0794409 0.621159 0.968899 0.998313 0.999911
 0.0794409 0.621159 0.968899 0.998313 0.999911
 0.0794409 0.621159 0.968899 0.998313 0.999911
 0.0794409 0.621159 0.968899 0.998313 0.999911
 0.0794409 0.621159 0.968899 0.998313 0.999911
 0.0794409 0.621159 0.968899 0.998313 0.999911
 0.0794409 0.621159 0.968899 0.998313 0.999911
 0.0794409 0.621159 0.968899 0.998313 0.999911
 0.0794409 0.621159 0.968899 0.998313 0.999911
 0.0794409 0.621159 0.968899 0.998313 0.999911
 0.0794409 0.621159 0.968899 0.998313 0.999911
 0.0794409 0.621159 0.968899 0.998313 0.999911
 0.0794409 0.621159 0.968899 0.998313 0.999911
 0.0794409 0.621159 0.968899 0.998313 0.999911
 0.0794409 0.621159 0.968899 0.998313 0.999911
 0.0794409 0.621159 0.968899 0.998313 0.999911
Scru_reclas
 0.270494 0.651088 0.903764 0.97928 0.995813
 0.270494 0.651088 0.903764 0.97928 0.995813
 0.270494 0.651088 0.903764 0.97928 0.995813
 0.270494 0.651088 0.903764 0.97928 0.995813
 0.270494 0.651088 0.903764 0.97928 0.995813
 0.270494 0.651088 0.903764 0.97928 0.995813
 0.270494 0.651088 0.903764 0.97928 0.995813
 0.270494 0.651088 0.903764 0.97928 0.995813
 0.270494 0.651088 0.903764 0.97928 0.995813
 0.270494 0.651088 0.903764 0.97928 0.995813
 0.270494 0.651088 0.903764 0.97928 0.995813
 0.270494 0.651088 0.903764 0.97928 0.995813
 0.270494 0.651088 0.903764 0.97928 0.995813
 0.270494 0.651088 0.903764 0.97928 0.995813
 0.270494 0.651088 0.903764 0.97928 0.995813
 0.270494 0.651088 0.903764 0.97928 0.995813
 0.270494 0.651088 0.903764 0.97928 0.995813
 0.270494 0.651088 0.903764 0.97928 0.995813
 0.270494 0.651088 0.903764 0.97928 0.995813
 0.270494 0.651088 0.903764 0.97928 0.995813
 0.270494 0.651088 0.903764 0.97928 0.995813
 0.270494 0.651088 0.903764 0.97928 0.995813
 0.270494 0.651088 0.903764 0.97928 0.995813
 0.270494 0.651088 0.903764 0.97928 0.995813
 0.270494 0.651088 0.903764 0.97928 0.995813
Scru_pelaces
 0.780132 1 1 1 1
 0.780132 1 1 1 1
 0.780132 1 1 1 1
 0.780132 1 1 1 1
 0.780132 1 1 1 1
 0.780132 1 1 1 1
 0.780132 1 1 1 1
 0.780132 1 1 1 1
 0.780132 1 1 1 1
 0.780132 1 1 1 1
 0.780132 1 1 1 1
 0.780132 1 1 1 1
 0.780132 1 1 1 1
 0.780132 1 1 1 1
 0.780132 1 1 1 1
 0.780132 1 1 1 1
 0.780132 1 1 1 1
 0.780132 1 1 1 1
 0.780132 1 1 1 1
 0.780132 1 1 1 1
 0.780132 1 1 1 1
 0.780132 1 1 1 1
 0.780132 1 1 1 1
 0.780132 1 1 1 1
 0.780132 1 1 1 1
pf_obs 
 0.256992 0.487395 0.22802 0.0275931 0
 0.321318 0.546541 0.124235 0.00734118 0.000564706
 0.182869 0.594174 0.210203 0.0122559 0.00049798
 0.330522 0.361315 0.267642 0.0388342 0.00168674
 0.649043 0.306663 0.0425973 0.00169635 0
 0.582887 0.30429 0.105238 0.00758474 0
 0.465427 0.430635 0.0974691 0.00646863 0
 0.296916 0.608066 0.0921331 0.00288517 0
 0.311714 0.524322 0.152257 0.0117073 0
 0.15457 0.633149 0.183074 0.0267441 0.00246327
 0.131901 0.49318 0.331252 0.0422183 0.00144891
 0.196976 0.569456 0.194076 0.0375587 0.00193317
 0.518974 0.381816 0.0799577 0.0180837 0.00116848
 0.0928022 0.601141 0.25162 0.0475244 0.00691264
 0.122501 0.610282 0.24278 0.0234846 0.000952079
 0.383417 0.481906 0.127806 0.00687128 0
 0.0376549 0.599619 0.316969 0.0457579 0
 0.0361596 0.667082 0.258105 0.0386534 0
 0.158088 0.579412 0.248529 0.0139706 0
 0.0477256 0.309471 0.559284 0.082774 0.000745712
 0.0406174 0.521527 0.379366 0.0568643 0.0016247
 0.151134 0.462217 0.34131 0.0453401 0
 0.294876 0.26143 0.354403 0.0886775 0.000613685
 0.281977 0.475581 0.204845 0.0348837 0.00271318
 0.0841818 0.532909 0.334909 0.0458182 0.00218182
pf_pred 
 0.0640902 0.625255 0.274324 0.0363236 7.27612e-06
 0.267859 0.254395 0.370851 0.0948154 0.0120797
 0.0258747 0.788693 0.0922867 0.0730228 0.0201226
 0.166106 0.198377 0.579777 0.0286856 0.0270539
 0.482778 0.347058 0.0616219 0.0994053 0.00913723
 0.111627 0.776506 0.0860799 0.00953505 0.0162526
 0.471863 0.303851 0.210767 0.0105512 0.00296747
 0.267823 0.67079 0.0453153 0.0151523 0.000919111
 0.31283 0.559137 0.123296 0.00355674 0.00118077
 0.364538 0.541051 0.086289 0.00784099 0.000280872
 0.13452 0.734205 0.120823 0.00959506 0.000857005
 0.176036 0.527127 0.275109 0.0200956 0.00163261
 0.300854 0.52066 0.142264 0.0337162 0.0025065
 0.265977 0.663824 0.0632191 0.00566108 0.0013181
 0.270751 0.688204 0.0403292 0.000653573 6.22118e-05
 0.334039 0.625845 0.0397254 0.000384936 5.87952e-06
 0.208809 0.693414 0.0955106 0.0022458 2.04242e-05
 0.264805 0.558047 0.167173 0.00975782 0.000216594
 0.239745 0.607755 0.133001 0.0184613 0.00103855
 0.29197 0.539043 0.150573 0.0161677 0.00224623
 0.282646 0.580485 0.119465 0.0156046 0.00179983
 0.233066 0.574517 0.169861 0.0197893 0.00276575
 0.28345 0.512661 0.17221 0.028107 0.0035725
 0.211145 0.616353 0.142696 0.0253577 0.0044486
 0.0242103 0.68728 0.251761 0.0306476 0.00610131
pobs_RECLAS
 0 0 0 0 0
 0 0 0 0 0
 0 0 0 0 0
 0 0 0 0 0
 0.835266 0.146461 0.0176864 0.000547809 3.91292e-05
 0.385257 0.428462 0.181853 0.0044286 0
 0.867414 0.0963971 0.0333333 0.00285562 0
 0.441836 0.489002 0.0689373 0.000224442 0
 0.779404 0.147425 0.0564933 0.0165055 0.000172143
 0.814271 0.122319 0.05973 0.00367925 0
 0.40263 0.566651 0.0304383 0.000280538 0
 0.475488 0.404961 0.113038 0.00651328 0
 0.955842 0.0263864 0.0167828 0.000988607 0
 0.975058 0.0227948 0.00214734 0 0
 0.738997 0.206755 0.0527124 0.00153531 0
 0.850938 0.134255 0.0134407 0.00136685 0
 0.542534 0.407297 0.0501686 0 0
 0.764087 0.199537 0.0359546 0.000420521 0
 0.470689 0.182191 0.310203 0.0369168 0
 0.84361 0.089868 0.0606195 0.00523954 0.000663233
 0.607945 0.314616 0.071237 0.00620181 0
 0.523733 0.453247 0.0230204 0 0
 0.530135 0.295979 0.169645 0.0042399 0
 0.562478 0.366248 0.0663022 0.0049721 0
 0.250443 0.683176 0.0655157 0.000865301 0
ppred_RECLAS
 0.191612 0.562683 0.215712 0.0299869 6.09788e-06
 0.573921 0.161647 0.202985 0.0544104 0.00703661
 0.0908823 0.763027 0.0711409 0.0585721 0.0163773
 0.427765 0.151594 0.381866 0.0198096 0.0189648
 0.758584 0.166657 0.0261956 0.0444187 0.00414511
 0.313334 0.613659 0.055504 0.00641203 0.0110911
 0.769727 0.142393 0.0823425 0.00430805 0.00122969
 0.57296 0.397549 0.0215332 0.00749649 0.000461409
 0.633978 0.309845 0.0540107 0.00161996 0.000545662
 0.669521 0.288019 0.0386532 0.00367412 0.00013358
 0.363371 0.5557 0.0742277 0.00614465 0.000556928
 0.446795 0.378156 0.161708 0.0123241 0.00101608
 0.645547 0.283276 0.0563593 0.0137788 0.00103886
 0.663277 0.318326 0.0165563 0.00148933 0.00035118
 0.66835 0.321351 0.0101185 0.000164487 1.58549e-05
 0.658293 0.325802 0.0157441 0.000158046 2.44881e-06
 0.494971 0.453853 0.0499433 0.00122225 1.12788e-05
 0.570014 0.34078 0.083975 0.00511601 0.000115245
 0.530178 0.387828 0.071088 0.0103172 0.000589068
 0.60224 0.315808 0.0726589 0.00814405 0.00114828
 0.574517 0.35279 0.0630421 0.00864 0.00101162
 0.513832 0.376598 0.096156 0.0117478 0.00166666
 0.583338 0.310377 0.0890868 0.0152324 0.00196523
 0.484452 0.415469 0.0820797 0.0152783 0.00272063
 0.081691 0.67634 0.20983 0.0267363 0.00540248
pobs_PELACES
 0 0 0 0 0
 0 0 0 0 0
 0 0 0 0 0
 0 0 0 0 0
 0 0 0 0 0
 0 0 0 0 0
 0 0 0 0 0
 0 0 0 0 0
 0 0 0 0 0
 0 0 0 0 0
 0.450072 0.473896 0.0757376 0.000293798 0
 0 0 0 0 0
 0.463077 0.371075 0.160297 0.00555027 0
 0.529543 0.364841 0.0842815 0.0213345 0
 0.631943 0.363953 0.00410389 0 0
 0.735681 0.248677 0.0153453 0.000297389 0
 0.695825 0.281241 0.0229344 0 0
 0.275771 0.60734 0.115278 0.00161068 0
 0 0 0 0 0
 0.896147 0.0623911 0.0374545 0.00400742 0
 0.803859 0.145111 0.0509908 3.86294e-05 0
 0.739449 0.233085 0.0266225 0.000797448 4.60066e-05
 0.878498 0.100942 0.0204185 0.000141795 0
 0.694673 0.275183 0.0284847 0.00165964 0
 0.469039 0.446079 0.0841089 0.000773354 0
ppred_PELACES
 0.353691 0.500248 0.129531 0.0165276 3.30413e-06
 0.791041 0.102022 0.0837696 0.0205538 0.00261281
 0.220536 0.704978 0.038177 0.0284846 0.00782455
 0.687095 0.111708 0.184216 0.00874831 0.00823254
 0.87232 0.0982908 0.0108648 0.0169675 0.00155693
 0.544541 0.425857 0.0230665 0.0024211 0.00411483
 0.903432 0.0700286 0.0250126 0.00119209 0.000334385
 0.782034 0.209116 0.00663024 0.00209315 0.000126573
 0.831697 0.152462 0.0152885 0.000415214 0.000137395
 0.832406 0.15352 0.012914 0.0011196 4.00039e-05
 0.603855 0.364793 0.028979 0.00217831 0.000193985
 0.69665 0.237575 0.0611917 0.00423924 0.000343423
 0.860592 0.123425 0.0129313 0.00284134 0.000210365
 0.900885 0.0968314 0.00208073 0.000164803 3.81173e-05
 0.903336 0.0954189 0.00122605 1.75304e-05 1.65737e-06
 0.848626 0.147411 0.00392686 3.55655e-05 5.41248e-07
 0.727846 0.255409 0.0163785 0.000363342 3.294e-06
 0.780472 0.189624 0.0283004 0.00156801 3.47074e-05
 0.740579 0.229581 0.0261817 0.00346359 0.000194342
 0.801914 0.171384 0.023925 0.00243918 0.000337938
 0.753039 0.217487 0.0258525 0.00324791 0.000373832
 0.713061 0.241281 0.0404951 0.00453068 0.000631832
 0.775549 0.184386 0.034066 0.0053246 0.000675203
 0.694527 0.26512 0.0336302 0.0057212 0.00100134
 0.184572 0.666214 0.130955 0.0152331 0.00302518
pobs_pel_tallas
 0 0 0 0 0 0 0 0 0 0 0 0 0 0 0 0 0 0 0 0 0 0 0 0 0 0 0 0 0 0 0 0 0 0 0 0
 0 0 0 0 0 0 0 0 0 0 0 0 0 0 0 0 0 0 0 0 0 0 0 0 0 0 0 0 0 0 0 0 0 0 0 0
 0 0 0 0 0 0 0 0 0 0 0 0 0 0 0 0 0 0 0 0 0 0 0 0 0 0 0 0 0 0 0 0 0 0 0 0
 0 0 0 0 0 0 0 0 0 0 0 0 0 0 0 0 0 0 0 0 0 0 0 0 0 0 0 0 0 0 0 0 0 0 0 0
 0 0 0 0 0 0 0 0 0 0 0 0 0 0 0 0 0 0 0 0 0 0 0 0 0 0 0 0 0 0 0 0 0 0 0 0
 0 0 0 0 0 0 0 0 0 0 0 0 0 0 0 0 0 0 0 0 0 0 0 0 0 0 0 0 0 0 0 0 0 0 0 0
 0 0 0 0 0 0 0 0 0 0 0 0 0 0 0 0 0 0 0 0 0 0 0 0 0 0 0 0 0 0 0 0 0 0 0 0
 0 0 0 0 0 0 0 0 0 0 0 0 0 0 0 0 0 0 0 0 0 0 0 0 0 0 0 0 0 0 0 0 0 0 0 0
 0 0 0 0 0 0 0 0 0 0 0 0 0 0 0 0 0 0 0 0 0 0 0 0 0 0 0 0 0 0 0 0 0 0 0 0
 0 0 0 0 0 0 0 0 0 0 0 0 0 0 0 0 0 0 0 0 0 0 0 0 0 0 0 0 0 0 0 0 0 0 0 0
 0 0 0 0 0 0 0 0 1.78061e-05 0.00172719 0.00360574 0.0105946 0.0120993 0.0124554 0.0147524 0.0171206 0.0266825 0.0428682 0.0675386 0.121331 0.153587 0.119568 0.100827 0.0573624 0.0630603 0.0341343 0.0324427 0.0444173 0.0211091 0.0280891 0.0125444 0.00206551 0 0 0 0
 0 0 0 0 0 0 0 0 0 0 0 0 0 0 0 0 0 0 0 0 0 0 0 0 0 0 0 0 0 0 0 0 0 0 0 0
 0 0 0 0 0 0 0.0133647 0.0140871 0.0187388 0.0205184 0.03894 0.0496705 0.03968 0.0493445 0.0407372 0.0367815 0.0215668 0.0243155 0.0234873 0.0199281 0.019796 0.0243948 0.0301388 0.0376714 0.0412746 0.0863199 0.0771752 0.113111 0.0741005 0.0525337 0.0229764 0.00759418 0.00175318 0 0 0
 0 0 0 0 0 0 0 0 0 0 0.00219441 0.00772107 0.0458388 0.0604681 0.0671733 0.0775358 0.0609151 0.0617685 0.073594 0.0568108 0.0755445 0.0548602 0.0670107 0.0636378 0.0643287 0.046367 0.0373049 0.0286899 0.0247887 0.0153202 0.00654259 0.00121912 0.000365735 0 0 0
 0 0 0 0 0 0 0 0 0 0 0 0 0.000112435 0.00938835 0.0111873 0.0202946 0.0414886 0.0713402 0.111592 0.104902 0.108894 0.110636 0.117776 0.105296 0.107544 0.0401394 0.0192827 0.0124803 0.00416011 0.0028671 0.000618394 0 0 0 0 0
 0 0 0 0 0 0 0 0 0 0 0.00291406 0.0102884 0.027416 0.0768956 0.0749926 0.110853 0.0956884 0.0897413 0.0766577 0.0534642 0.0500743 0.0551293 0.0594112 0.0620874 0.0668451 0.0424026 0.0208742 0.0120726 0.0048766 0.00582813 0.00118941 0.000297354 0 0 0 0
 0 0.00264628 0.0354308 0.0461629 0.0458689 0.0383711 0.0214643 0.0164657 0.0346957 0.0420465 0.0363128 0.0245516 0.0311673 0.0291091 0.0169068 0.0133784 0.00837989 0.0085269 0.0148486 0.0160247 0.0276389 0.0546898 0.0760071 0.122758 0.109233 0.0665981 0.0333725 0.0166128 0.00676272 0.00308733 0.000882094 0 0 0 0 0
 0 0 0 0 0 0 0 0.000805153 0.000690131 0.00759144 0.0133425 0.0154129 0.00931677 0.000345066 0.00356568 0.00563607 0.00851162 0.0253048 0.0502646 0.0516448 0.0657925 0.0565908 0.0611916 0.0827007 0.0866115 0.110766 0.145733 0.0935128 0.0569358 0.0249597 0.0138026 0.00621118 0.00161031 0.00115022 0 0
 0 0 0 0 0 0 0 0 0 0 0 0 0 0 0 0 0 0 0 0 0 0 0 0 0 0 0 0 0 0 0 0 0 0 0 0
 0.00147267 0.00158595 0.00478618 0.00569244 0.00954404 0.0108468 0.00647125 0.017049 0.0510054 0.094081 0.124002 0.0959785 0.0687766 0.0820023 0.061753 0.0591476 0.0492212 0.0479892 0.0443925 0.0268479 0.0217502 0.0140895 0.0121071 0.0120363 0.00920419 0.00665534 0.0049561 0.00860946 0.00930331 0.0156896 0.0114698 0.00855282 0.00243557 0.00046729 0 2.83206e-05
 0 0 0 0 0.000772559 0.00158375 0.000888443 0.00281984 0.00712685 0.0440552 0.0773331 0.111326 0.0921469 0.0852325 0.0710754 0.0886704 0.0786465 0.0553345 0.0373146 0.0185414 0.00753245 0.00457741 0.012979 0.0271748 0.0457355 0.0583668 0.034881 0.0177882 0.00938659 0.00492506 0.0015258 0.00185414 0.000309023 5.79419e-05 3.86279e-05 0
 0 0.00173294 0.00326652 0 0.00397197 0.00683976 0.00946217 0.0152591 0.00757587 0.0136028 0.0228656 0.0392903 0.0559909 0.0764795 0.0681675 0.0726916 0.0566044 0.0477403 0.0527397 0.0444891 0.0609904 0.0582453 0.0661739 0.0445044 0.0529084 0.0360697 0.0280645 0.0235558 0.0158879 0.00826598 0.00280645 0.00217768 0.000904811 0.00058276 9.20147e-05 0
 0 0 0 0 0 0 0 0 0 0 0 0 0 0 0 0 0 0 0 0 0 0 0 0 0 0 0 0 0 0 0 0 0 0 0 0
 0 0 0 0 0 0 0 0 0 0 0 0 0 0 0 0 0 0 0 0 0 0 0 0 0 0 0 0 0 0 0 0 0 0 0 0
 0 0 0 0 0 0 0 0 0 0 0 0 0 0 0 0 0 0 0 0 0 0 0 0 0 0 0 0 0 0 0 0 0 0 0 0
ppred_pel_tallas
 1.0257e-16 1.54558e-05 9.06537e-05 0.000430802 0.0016584 0.00517139 0.013063 0.026732 0.0443241 0.0595648 0.0649206 0.0575079 0.0416969 0.0254063 0.014334 0.00973072 0.0101034 0.0136061 0.0190405 0.0257074 0.0330085 0.0402381 0.0465918 0.0512975 0.0537808 0.0537954 0.0514718 0.0472655 0.04183 0.0358571 0.0299391 0.0244873 0.019717 0.0156831 0.0123389 0.00959369
 1.02051e-16 3.45101e-05 0.000202556 0.00096288 0.00370718 0.0115605 0.0292008 0.0597482 0.099037 0.132997 0.144709 0.127601 0.0912479 0.0530652 0.025404 0.010599 0.00485494 0.00372023 0.00448207 0.00598093 0.00779305 0.00971269 0.0115674 0.0131912 0.0144448 0.0152397 0.0155501 0.0154067 0.0148797 0.0140547 0.0130139 0.0118256 0.010544 0.00921347 0.00787555 0.00657173
 1.02116e-16 9.65766e-06 5.65954e-05 0.000268845 0.00103476 0.00322653 0.0081507 0.0166826 0.0276728 0.0372229 0.0406618 0.0362374 0.0267485 0.0172414 0.0114133 0.0102112 0.0128644 0.0183261 0.0258373 0.0347799 0.0444039 0.0537243 0.0616109 0.0670004 0.0691392 0.0677663 0.0631767 0.0561345 0.0476765 0.0388672 0.0305886 0.0234164 0.0175989 0.0131171 0.0097845 0.00734793
 1.03337e-16 2.99782e-05 0.000175948 0.000836381 0.00322012 0.0100416 0.0253643 0.0518985 0.0860266 0.115529 0.125711 0.11087 0.0793285 0.0462262 0.0223069 0.00961966 0.00489347 0.00428849 0.00547255 0.00745448 0.00986871 0.0125214 0.0152287 0.017794 0.0200307 0.0217878 0.0229672 0.0235261 0.0234683 0.022831 0.0216737 0.0200728 0.0181206 0.015925 0.0136056 0.0112851
 1.00843e-16 3.80539e-05 0.000223362 0.0010618 0.00408803 0.0127482 0.0322008 0.0658863 0.109211 0.146657 0.159566 0.140688 0.100575 0.0584267 0.0278504 0.011406 0.0048901 0.00337358 0.00384569 0.005013 0.0064018 0.00779048 0.00900799 0.00990438 0.010372 0.0103688 0.00992633 0.00913872 0.00813601 0.007052 0.00599679 0.00504152 0.00421679 0.00352154 0.00293683 0.00243858
 1.00742e-16 2.37745e-05 0.000139499 0.000663035 0.00255259 0.00795989 0.0201064 0.0411427 0.0682075 0.0916275 0.0997795 0.0881805 0.0634883 0.0377897 0.0197164 0.0110251 0.00924631 0.0114067 0.0156238 0.0209296 0.0266851 0.0322488 0.0369274 0.0400756 0.0412382 0.0402603 0.0373257 0.0329048 0.0276348 0.0221713 0.0170591 0.0126563 0.00911953 0.00643954 0.00450099 0.00314383
 1.00435e-16 3.94094e-05 0.000231323 0.00109965 0.00423378 0.0132027 0.0333488 0.068235 0.113103 0.151881 0.165243 0.145675 0.104103 0.0603984 0.0286455 0.011481 0.00453907 0.00270628 0.00286538 0.00369107 0.00472218 0.00577149 0.00671006 0.00742623 0.0078368 0.00790324 0.00763871 0.00710133 0.00637729 0.00555935 0.00472827 0.00394187 0.00323286 0.00261332 0.00208224 0.0016326
 1.00241e-16 3.41215e-05 0.000200265 0.000951969 0.00366513 0.0114294 0.0288697 0.0590714 0.0979182 0.131503 0.143107 0.126243 0.0903961 0.0528097 0.0257287 0.0114986 0.00640022 0.00604582 0.00773146 0.0102397 0.0130274 0.0157247 0.0179808 0.019478 0.0199943 0.0194562 0.0179581 0.0157351 0.0131049 0.0103932 0.00787021 0.0057128 0.0039972 0.00271642 0.00181031 0.00119609
 1.00288e-16 3.62847e-05 0.000212971 0.00101238 0.00389776 0.0121548 0.0307021 0.0628202 0.10413 0.13984 0.152163 0.134193 0.0960038 0.0559152 0.0269238 0.0114946 0.00564403 0.00468753 0.00575216 0.00757627 0.00964993 0.0116776 0.0133985 0.0145787 0.0150522 0.0147593 0.0137608 0.0122196 0.010359 0.00841008 0.0065666 0.00495776 0.00364307 0.00262428 0.00186605 0.00131689
 1.00274e-16 3.63157e-05 0.000213152 0.00101325 0.00390108 0.0121652 0.0307283 0.0628738 0.104219 0.139959 0.152293 0.134308 0.096087 0.0559653 0.0269509 0.0115112 0.00565915 0.00470623 0.00577654 0.00760649 0.00968442 0.011713 0.0134298 0.0145997 0.0150564 0.0147414 0.0137174 0.0121504 0.0102669 0.0083009 0.0064479 0.00483774 0.0035293 0.00252267 0.00178035 0.00124858
 1.00615e-16 2.63584e-05 0.000154675 0.000735194 0.00283044 0.00882638 0.022295 0.0456203 0.0756273 0.101585 0.110598 0.0976811 0.0701974 0.0415201 0.0211813 0.0110828 0.00844107 0.00992927 0.0134618 0.0180132 0.0229767 0.0277892 0.0318538 0.0346152 0.0356798 0.0349095 0.0324551 0.0287127 0.0242222 0.0195409 0.0151347 0.0113124 0.00821325 0.00583657 0.00409167 0.00284908
 1.01108e-16 3.03996e-05 0.000178412 0.000848068 0.00326508 0.0101818 0.0257185 0.0526241 0.0872327 0.117158 0.12751 0.112517 0.080639 0.0472548 0.0232948 0.0108767 0.0067168 0.00693152 0.00912416 0.0122011 0.0156429 0.0190583 0.0220546 0.0242632 0.0254115 0.0253832 0.0242419 0.0222061 0.0195889 0.0167216 0.0138883 0.0112865 0.0090196 0.0071138 0.00554597 0.00427108
 1.00332e-16 3.75435e-05 0.000220363 0.00104753 0.00403311 0.0125769 0.0317682 0.0650014 0.107745 0.144691 0.157433 0.138821 0.0992727 0.0577336 0.0276394 0.0115257 0.00525591 0.00397307 0.00470465 0.00616036 0.007845 0.00950034 0.0109123 0.011891 0.0123018 0.0120956 0.0113203 0.0101057 0.00863024 0.00707854 0.00560515 0.00431294 0.00324913 0.00241509 0.00178317 0.00131337
 1.00069e-16 3.92994e-05 0.000230674 0.00109656 0.00422188 0.0131656 0.0332551 0.0680435 0.112786 0.151458 0.164788 0.145288 0.103855 0.0603142 0.0287162 0.0117003 0.00492072 0.00328156 0.00366859 0.0047423 0.00601178 0.00724906 0.0082812 0.0089596 0.00918166 0.00891417 0.00820181 0.00715492 0.00592195 0.00465511 0.00348057 0.0024808 0.00169114 0.00110783 0.000702032 0.000434159
 1.0005e-16 3.94062e-05 0.000231301 0.00109954 0.00423336 0.0132014 0.0333456 0.0682286 0.113093 0.15187 0.165236 0.145681 0.104134 0.0604718 0.0287828 0.0117128 0.00490328 0.00324384 0.0036116 0.00466392 0.00590988 0.00712306 0.00813268 0.00879237 0.00900132 0.00872736 0.0080152 0.00697444 0.00575218 0.00449912 0.00334007 0.00235645 0.00158289 0.0010152 0.000624237 0.000370186
 1.00106e-16 3.70227e-05 0.000217303 0.00103298 0.00397708 0.0124022 0.0313269 0.0640985 0.106249 0.142684 0.155255 0.136915 0.0979393 0.0570185 0.0274096 0.0116234 0.00558979 0.00452451 0.00549352 0.00721021 0.00915925 0.0110484 0.0126243 0.0136623 0.0140058 0.0136039 0.0125242 0.0109341 0.00905915 0.00713073 0.00534085 0.00381521 0.00260798 0.00171399 0.00108993 0.000676104
 1.00329e-16 3.17605e-05 0.0001864 0.000886043 0.00341128 0.0106377 0.0268702 0.0549806 0.0911389 0.122405 0.13322 0.117556 0.0842517 0.0493734 0.0243407 0.0113639 0.00700819 0.00720848 0.00944929 0.0125724 0.0160165 0.0193546 0.0221624 0.0240509 0.0247457 0.0241529 0.0223816 0.0197132 0.0165301 0.0132264 0.0101306 0.00745991 0.00531135 0.00368199 0.00250488 0.00168531
 1.0052e-16 3.40526e-05 0.000199863 0.000950059 0.00365778 0.0114065 0.0288118 0.0589529 0.0977211 0.131237 0.142814 0.125975 0.090184 0.0526456 0.0255743 0.0113051 0.0061212 0.00564234 0.00717509 0.00951821 0.0121524 0.0147383 0.016957 0.0185168 0.0192077 0.0189498 0.0178109 0.0159848 0.0137405 0.0113583 0.00907485 0.0070498 0.00535991 0.0040132 0.00297373 0.00218623
 1.00575e-16 3.23147e-05 0.000189656 0.000901526 0.00347091 0.0108237 0.0273398 0.0559414 0.0927307 0.12454 0.135537 0.119584 0.08567 0.0501335 0.0245834 0.0112571 0.00664848 0.00661516 0.00860077 0.0114434 0.0146035 0.0176907 0.020323 0.0221491 0.0229179 0.0225374 0.0210954 0.0188327 0.0160809 0.0131835 0.0104288 0.00800927 0.00601444 0.00444855 0.0032616 0.00238021
 1.00496e-16 3.49869e-05 0.000205349 0.000976146 0.00375823 0.0117197 0.029603 0.0605716 0.100404 0.134838 0.146726 0.129413 0.0926154 0.0540055 0.0261238 0.0113588 0.00588112 0.00518292 0.0064961 0.00859588 0.01097 0.0133017 0.0153012 0.0167048 0.0173235 0.0170857 0.0160537 0.0144033 0.0123782 0.0102319 0.00817765 0.00635909 0.00484436 0.0036394 0.00271049 0.00200675
 1.00567e-16 3.28575e-05 0.000192844 0.000916685 0.00352927 0.0110057 0.0277996 0.056882 0.0942894 0.126632 0.13781 0.121581 0.0870804 0.0509191 0.0248948 0.0112751 0.0064885 0.00631814 0.00816475 0.0108538 0.0138517 0.0167833 0.0192859 0.0210264 0.0217665 0.0214185 0.0200646 0.017932 0.0153338 0.0125946 0.00998682 0.00769282 0.00579757 0.00430571 0.0031707 0.00232401
 1.00839e-16 3.11153e-05 0.000182613 0.000868042 0.00334198 0.0104216 0.0263243 0.0538636 0.0892871 0.119917 0.130511 0.115163 0.0825296 0.0483509 0.0238126 0.0110791 0.0067856 0.00695218 0.00912089 0.0121679 0.0155584 0.0188911 0.0217667 0.023814 0.0247646 0.0245134 0.023142 0.0208915 0.018098 0.0151127 0.0122322 0.00965758 0.00748645 0.00573135 0.00435069 0.00327951
 1.00759e-16 3.38377e-05 0.000198601 0.000944064 0.0036347 0.0113345 0.02863 0.0585809 0.0971044 0.130409 0.141911 0.125177 0.0896093 0.0523028 0.0253944 0.0112033 0.00603596 0.00554011 0.00704143 0.00935034 0.0119569 0.0145315 0.0167647 0.0183722 0.0191474 0.019008 0.018013 0.0163426 0.0142497 0.0119988 0.00981366 0.00784648 0.006172 0.00480143 0.00370595 0.00283963
 1.00808e-16 3.03081e-05 0.000177872 0.000845497 0.00325516 0.0101509 0.0256405 0.0524646 0.086969 0.116806 0.127133 0.112198 0.0804412 0.0472001 0.023381 0.0111045 0.00710506 0.00751382 0.00993514 0.0132598 0.0169373 0.0205347 0.0236146 0.0257715 0.0267143 0.0263343 0.0247293 0.0221732 0.0190442 0.0157346 0.0125741 0.00978308 0.00746481 0.00562585 0.00421152 0.0031411
 1.02741e-16 8.08816e-06 4.7384e-05 0.000225059 0.000866183 0.00270084 0.00682282 0.0139654 0.0231682 0.0311715 0.034072 0.0304136 0.0225557 0.0147473 0.0101172 0.00950055 0.0122976 0.0176706 0.0250037 0.0337672 0.0432807 0.0526275 0.0607397 0.0665959 0.0694476 0.068993 0.0654407 0.0594371 0.0518911 0.0437562 0.0358405 0.0286955 0.0225953 0.0175859 0.0135689 0.0103835
pSPR Fmed_Fpbrs
0.372152   0.434126 0.434126
Fs Fmed_Fpbrs
1.35229   1.005 1.005
SSBpbr Bo_Bmed_Bpbrs
745108  240038  286215 286215
Ro
21590.3
SPR SPRFo_SPRFmed_SPRFpbrs
443958 165220 192733
log_Ro
9.8
likeval ReclasPelacesDesembMPH_pf_preclas_ppelaces_ptallas_desvR_qrecl_qpela
 74.533 17.9565 0.216537 0.000161046 330.075 190.852 84.7621 0 31.432 3.47324e-05 0.00014122 0 0 0 0
q_reclas_q_pelaces
2.3051 5.42315
M
0.7
N
 14265.2 20264.8 6171.22 798.301 0.159712
 46057.9 6774.62 7098.05 1777.87 226.257
 3688.09 21387.5 1990.89 1555.09 428.237
 8549.27 1577.77 3310.1 160.429 151.137
 41121.1 3973.24 466.68 732.569 67.239
 15955.7 20081.7 1731.38 189.016 321.934
 63083.8 6971.8 3667.2 180.595 50.7473
 59847.9 28160.6 1505.06 496.598 30.1016
 74541.1 25741.1 4545.7 129.508 42.966
 127608 31677 3781.72 337.718 12.0863
 57604.7 57546.7 7404.62 579.768 51.7447
 46687.3 25049.8 10121.8 728.443 59.1337
 53619 20481.7 4719.78 1108.56 82.3725
 28935.3 21433.5 1864.85 166.253 38.7005
 12797.4 9778.1 524.783 8.468 0.805864
 11087.5 4287.78 223.918 2.14684 0.0327726
 7279.49 4574.69 500.111 11.6066 0.105482
 8343.43 3121.27 720.736 41.4347 0.918988
 8553.15 3674.24 605.889 82.6931 4.64777
 11745.2 3837.39 825.022 87.2414 12.1109
 16817.7 5178.87 752.321 96.1331 11.075
 20905.5 7902.9 1670.24 190.55 26.6016
 33787.5 9743.12 2389.57 382.554 48.5742
 33195.2 15519.8 2629.77 458.473 80.3499
 3268.09 15221.5 4132.94 494.071 98.2648
pred_Ctot
 449.077 4381.13 1922.17 254.518 0.0509834
 2157.75 2049.29 2987.4 763.789 97.3085
 370.567 11295.3 1321.69 1045.8 288.188
 395.715 472.594 1381.2 68.3377 64.4505
 490.548 352.643 62.6136 101.005 9.28428
 1388.26 9657.13 1070.54 118.584 202.128
 4613.14 2970.58 2060.56 103.153 29.0113
 5809.68 14550.9 982.989 328.687 19.9375
 7801.85 13944.6 3074.94 88.7036 29.4479
 8477.77 12582.8 2006.75 182.352 6.53202
 5189.28 28322.9 4660.9 370.142 33.0601
 3941.94 11803.9 6160.48 449.998 36.5588
 7615.04 13178.7 3600.91 853.407 63.4432
 6796.79 16963.4 1615.5 144.663 33.6827
 3062.09 7783.31 456.106 7.39165 0.703591
 1363.03 2553.73 162.098 1.57071 0.0239911
 720.952 2394.14 329.768 7.75404 0.0705182
 683.918 1441.28 431.76 25.2017 0.559402
 597.224 1513.97 331.315 45.9887 2.58711
 953.129 1759.7 491.541 52.7792 7.33278
 651.612 1338.25 275.414 35.9747 4.14933
 927.684 2286.78 676.107 78.7682 11.0086
 1830.84 3311.35 1112.32 181.547 23.0753
 1837.1 5362.68 1241.55 220.629 38.7057
 200.977 5705.31 2089.94 254.415 50.6487
F
 0.0446427 0.349068 0.544484 0.561014 0.561912
 0.0670923 0.524604 0.818289 0.843131 0.844481
 0.149099 1.16583 1.81849 1.87369 1.87669
 0.0662631 0.51812 0.808176 0.832712 0.834044
 0.0167106 0.130663 0.203811 0.209998 0.210334
 0.12794 1.00038 1.56042 1.60779 1.61037
 0.106539 0.833044 1.2994 1.33885 1.34099
 0.143717 1.12374 1.75284 1.80606 1.80895
 0.15576 1.21791 1.89972 1.9574 1.96053
 0.0963644 0.753486 1.17531 1.21099 1.21292
 0.132739 1.03791 1.61895 1.6681 1.67077
 0.12394 0.969104 1.51163 1.55752 1.56002
 0.216949 1.69635 2.64601 2.72634 2.7307
 0.384918 3.00973 4.69464 4.83717 4.84491
 0.393473 3.07662 4.79899 4.94468 4.95259
 0.185276 1.44869 2.25971 2.32831 2.33204
 0.146822 1.14802 1.79071 1.84507 1.84803
 0.120128 0.939296 1.46514 1.50962 1.51203
 0.101506 0.793691 1.23802 1.2756 1.27764
 0.11886 0.929385 1.44968 1.49369 1.49608
 0.0552002 0.431618 0.673248 0.693687 0.694798
 0.063449 0.496116 0.773854 0.797347 0.798623
 0.0779708 0.609664 0.950969 0.979839 0.981407
 0.079693 0.62313 0.971973 1.00148 1.00308
 0.0889112 0.695209 1.0844 1.11732 1.11911
YTP_r0W_actual
 2250.94 125517 68968 10456.4 2167.76
YTP_p0W_proyectada
 7187.64 10994.6 55620.8 13606.5 2091.94
 7187.64 51781.3 5824.57 13870 3348.5
CTP_r0_actual
 200.977 5705.31 2089.94 254.415 50.6487
CTP_p0_proyectada
 845.605 513.766 1782.72 334.313 44.9879
 845.605 2419.69 186.685 340.785 72.0108
Wmedp
 8.5 21.4 31.2 40.7 46.5
nmprior
 10.6 11 7 0
nm_flota  nm_reclas  nm_pelaces    nm_pelaL
inf 21.1446 15.1055 34.1096
cv_recla  cv_pelaces  cv_mph
0.780907 0.480488 0.41173
 ------------------------------------------------
Talla a la edad & desviaci?n 
 7.2 14.2025 17.0495 18.207 18.6776
 1.08 2.13037 2.55742 2.73105 2.80164
