years
 1997 1998 1999 2000 2001 2002 2003 2004 2005 2006 2007 2008 2009 2010 2011 2012 2013 2014 2015 2016 2017 2018 2019 2020 2021
reclasobs
 0 0 0 370054 412103 1.49427e+06 250295 1.28982e+06 931140 785840 897777 1.04006e+06 184774 17550 25797 100020 73551 82996 120727 218422 84188 347160 605670 569463 516374
reclaspred
 470338 125192 355073 250699 378059 449321 979480 653621 727425 697208 558191 378098 237065 101414 63166.7 62648.2 78523.3 105539 112649 161993 235699 216379 374408 469787 529607
pelacesobs
 0 0 0 0 0 0 0 0 0 2.06254e+06 1.5e+06 0 1.87456e+06 323000 250000 174000 83755 137374 0 501740 490994 745055 786931 1.00524e+06 1.33801e+06
pelacespred
 2.04755e+06 454608 814844 875306 1.14517e+06 1.09524e+06 2.82107e+06 2.26287e+06 2.26713e+06 2.17271e+06 1.52794e+06 1.07441e+06 666369 224263 142428 152938 202197 281273 302288 430490 711980 622060 851941 1.27576e+06 1.42995e+06
mphobs
 0 0 0 0 0 112323 0 153150 637223 0 255016 313432 73983 77613 109348 50772 0 0 0 0 0 0 0 0 0
mphpred
 176216 103408 121216 135822 147165 234693 344166 405038 342883 350668 345276 238854 148317 77695.4 33009.1 26670.2 32873 44923.8 55805.7 64870.4 98563.7 117376 146673 208378 280843
desembarqueobs
 350755 77701 442110 56441 14545 235359 269955 359681 431902 328805 639364 411747 362871 311530 167758 66681 60226 58785 57116 73181 50977 67692 138656 160484 209506
desembarquepred
 350764 77702.4 442124 56443.6 14545.1 235411 269996 359686 431950 328828 639448 411893 363080 311767 167669 66683.3 60249 58780.9 57106.1 73179.5 50977.9 67683.5 138658 160492 209508
Reclutas
 44276.3 54383.5 30437.1 47369.4 81212.3 59626.7 94432.1 91951.5 114187 125464 65376.7 44395.4 45664.8 23679.3 15363.4 16465.4 12419.3 13911.6 15959 26965.1 32990.1 43477.7 69894.4 80739.6 33318.4
log_desv_Rt
 0.0582048 0.263816 -0.316581 0.125731 0.664821 0.355858 0.815636 0.789017 1.00559 1.09978 0.447921 0.0608909 0.0890838 -0.567641 -1.00026 -0.930986 -1.21299 -1.09952 -0.96222 -0.437702 -0.236036 0.0400024 0.514741 0.658984 -0.226135
SSB
 572345 335868 393706 441148 477990 762278 1.11784e+06 1.31556e+06 1.11368e+06 1.13896e+06 1.12145e+06 775794 481732 252353 107213 86624.4 106771 145912 181256 210698 320133 381236 476393 676807 912172
BT
 1.89487e+06 489364 881510 747965 911359 1.04656e+06 2.40017e+06 2.18549e+06 2.17701e+06 2.02329e+06 1.77427e+06 1.22098e+06 875688 468479 250203 174444 206957 268052 286086 397086 601074 552526 764197 1.13351e+06 1.28797e+06
Ftot
 0.549392 0.470093 0.738979 0.151748 0.0287535 0.280974 0.180179 0.357548 0.408367 0.316032 0.627865 0.591782 0.94213 1.71514 1.87483 0.770932 0.53082 0.369971 0.307363 0.316408 0.143661 0.188563 0.224398 0.21756 0.204091
BD_Bspro_t
 0.934119 0.707609 0.650522 0.49809 0.642706 0.788514 0.747591 0.754642 0.692045 0.654817 0.624797 0.462105 0.352159 0.246867 0.13559 0.135477 0.215254 0.347079 0.455835 0.552748 0.675271 0.764405 0.773291 0.779478 0.780394
BD_Bspro
 0.666319 0.391014 0.458349 0.513581 0.556471 0.887437 1.30138 1.53156 1.29654 1.32597 1.30558 0.903173 0.560827 0.293787 0.124816 0.100847 0.124302 0.169869 0.211017 0.245293 0.372696 0.443832 0.554612 0.787932 1.06194
BD_Bo
 0.558863 0.327956 0.384432 0.430757 0.46673 0.744322 1.09151 1.28457 1.08745 1.11213 1.09503 0.75752 0.470384 0.246409 0.104688 0.0845839 0.104256 0.142475 0.176986 0.205735 0.312592 0.372256 0.465171 0.660864 0.890685
BD_Brms
 1.91044 1.1211 1.31416 1.47252 1.59549 2.54442 3.73127 4.39122 3.71737 3.80177 3.74331 2.58954 1.60798 0.842334 0.357868 0.289145 0.356392 0.487041 0.605018 0.703293 1.06858 1.27254 1.59016 2.25913 3.04475
S_f
 0.170516 1 1 1 1
 0.170516 1 1 1 1
 0.170516 1 1 1 1
 0.170516 1 1 1 1
 0.170516 1 1 1 1
 0.170516 1 1 1 1
 0.170516 1 1 1 1
 0.170516 1 1 1 1
 0.170516 1 1 1 1
 0.170516 1 1 1 1
 0.170516 1 1 1 1
 0.170516 1 1 1 1
 0.170516 1 1 1 1
 0.170516 1 1 1 1
 0.170516 1 1 1 1
 0.170516 1 1 1 1
 0.170516 1 1 1 1
 0.170516 1 1 1 1
 0.170516 1 1 1 1
 0.170516 1 1 1 1
 0.170516 1 1 1 1
 0.170516 1 1 1 1
 0.170516 1 1 1 1
 0.170516 1 1 1 1
 0.170516 1 1 1 1
Scru_reclas
 0.939854 1 1 1 1
 0.939854 1 1 1 1
 0.939854 1 1 1 1
 0.939854 1 1 1 1
 0.939854 1 1 1 1
 0.939854 1 1 1 1
 0.939854 1 1 1 1
 0.939854 1 1 1 1
 0.939854 1 1 1 1
 0.939854 1 1 1 1
 0.939854 1 1 1 1
 0.939854 1 1 1 1
 0.939854 1 1 1 1
 0.939854 1 1 1 1
 0.939854 1 1 1 1
 0.939854 1 1 1 1
 0.939854 1 1 1 1
 0.939854 1 1 1 1
 0.939854 1 1 1 1
 0.939854 1 1 1 1
 0.939854 1 1 1 1
 0.939854 1 1 1 1
 0.939854 1 1 1 1
 0.939854 1 1 1 1
 0.939854 1 1 1 1
Scru_pelaces
 1 1 1 1 1
 1 1 1 1 1
 1 1 1 1 1
 1 1 1 1 1
 1 1 1 1 1
 1 1 1 1 1
 1 1 1 1 1
 1 1 1 1 1
 1 1 1 1 1
 1 1 1 1 1
 1 1 1 1 1
 1 1 1 1 1
 1 1 1 1 1
 1 1 1 1 1
 1 1 1 1 1
 1 1 1 1 1
 1 1 1 1 1
 1 1 1 1 1
 1 1 1 1 1
 1 1 1 1 1
 1 1 1 1 1
 1 1 1 1 1
 1 1 1 1 1
 1 1 1 1 1
 1 1 1 1 1
pf_obs 
 0.256992 0.487395 0.22802 0.0275931 0
 0.321318 0.546541 0.124235 0.00734118 0.000564706
 0.182869 0.594174 0.210203 0.0122559 0.00049798
 0.330522 0.361315 0.267642 0.0388342 0.00168674
 0.649043 0.306663 0.0425973 0.00169635 0
 0.582887 0.30429 0.105238 0.00758474 0
 0.465427 0.430635 0.0974691 0.00646863 0
 0.296916 0.608066 0.0921331 0.00288517 0
 0.311714 0.524322 0.152257 0.0117073 0
 0.15457 0.633149 0.183074 0.0267441 0.00246327
 0.131901 0.49318 0.331252 0.0422183 0.00144891
 0.196976 0.569456 0.194076 0.0375587 0.00193317
 0.518974 0.381816 0.0799577 0.0180837 0.00116848
 0.0928022 0.601141 0.25162 0.0475244 0.00691264
 0.122501 0.610282 0.24278 0.0234846 0.000952079
 0.383417 0.481906 0.127806 0.00687128 0
 0.0376549 0.599619 0.316969 0.0457579 0
 0.0361596 0.667082 0.258105 0.0386534 0
 0.158088 0.579412 0.248529 0.0139706 0
 0.0477256 0.309471 0.559284 0.082774 0.000745712
 0.0406174 0.521527 0.379366 0.0568643 0.0016247
 0.151134 0.462217 0.34131 0.0453401 0
 0.294876 0.26143 0.354403 0.0886775 0.000613685
 0.281977 0.475581 0.204845 0.0348837 0.00271318
 0.0841818 0.532909 0.334909 0.0458182 0.00218182
pf_pred 
 0.333091 0.469986 0.176007 0.020906 1.00119e-05
 0.301896 0.553314 0.102036 0.0382121 0.00454098
 0.169005 0.632178 0.157582 0.0290596 0.0121759
 0.287965 0.449753 0.19953 0.0497365 0.0130149
 0.304772 0.499202 0.123819 0.0549315 0.0172757
 0.168278 0.601034 0.165643 0.041085 0.0239595
 0.259413 0.426177 0.227205 0.0626169 0.0245883
 0.212758 0.543944 0.140008 0.0746416 0.0286488
 0.254503 0.486597 0.178887 0.0460445 0.0339691
 0.242822 0.536704 0.143907 0.0529042 0.0236633
 0.138394 0.591121 0.191725 0.0514075 0.027352
 0.151469 0.476201 0.255444 0.0828511 0.0340347
 0.237092 0.44443 0.178732 0.0958754 0.0438706
 0.207508 0.590123 0.11789 0.0474105 0.0370691
 0.292089 0.56005 0.110104 0.0219956 0.015762
 0.363066 0.552662 0.0666705 0.0131072 0.0044948
 0.227595 0.641193 0.113851 0.0137345 0.0036261
 0.248879 0.518829 0.192832 0.0342395 0.00522099
 0.246361 0.52653 0.156874 0.0583048 0.0119313
 0.320388 0.46844 0.147535 0.0439564 0.0196804
 0.262622 0.562362 0.120634 0.0379937 0.0163879
 0.255299 0.514434 0.175613 0.0376714 0.0169822
 0.297997 0.482411 0.151692 0.0517834 0.0161158
 0.246574 0.553437 0.137431 0.0432146 0.0193434
 0.0971617 0.614071 0.212117 0.0526736 0.0239767
pobs_RECLAS
 0 0 0 0 0
 0 0 0 0 0
 0 0 0 0 0
 0 0 0 0 0
 0.835266 0.146461 0.0176864 0.000547809 3.91292e-05
 0.385257 0.428462 0.181853 0.0044286 0
 0.867414 0.0963971 0.0333333 0.00285562 0
 0.441836 0.489002 0.0689373 0.000224442 0
 0.779404 0.147425 0.0564933 0.0165055 0.000172143
 0.814271 0.122319 0.05973 0.00367925 0
 0.40263 0.566651 0.0304383 0.000280538 0
 0.475488 0.404961 0.113038 0.00651328 0
 0.955842 0.0263864 0.0167828 0.000988607 0
 0.975058 0.0227948 0.00214734 0 0
 0.738997 0.206755 0.0527124 0.00153531 0
 0.850938 0.134255 0.0134407 0.00136685 0
 0.542534 0.407297 0.0501686 0 0
 0.764087 0.199537 0.0359546 0.000420521 0
 0.470689 0.182191 0.310203 0.0369168 0
 0.84361 0.089868 0.0606195 0.00523954 0.000663233
 0.607945 0.314616 0.071237 0.00620181 0
 0.523733 0.453247 0.0230204 0 0
 0.530135 0.295979 0.169645 0.0042399 0
 0.562478 0.366248 0.0663022 0.0049721 0
 0.250443 0.683176 0.0655157 0.000865301 0
ppred_RECLAS
 0.740921 0.182579 0.0683748 0.00812153 3.88939e-06
 0.710906 0.229135 0.0422547 0.0158241 0.00188048
 0.542587 0.347976 0.0867392 0.0159955 0.0067021
 0.692066 0.194505 0.0862909 0.0215096 0.00562855
 0.707574 0.209974 0.0520804 0.0231052 0.00726648
 0.531358 0.338659 0.0933334 0.0231498 0.0135002
 0.66101 0.195075 0.103999 0.0286617 0.0112548
 0.603644 0.273861 0.0704904 0.0375801 0.0144239
 0.658871 0.22266 0.081856 0.0210693 0.0155438
 0.643068 0.253001 0.0678375 0.0249389 0.0111548
 0.480916 0.356127 0.115507 0.030971 0.0164785
 0.506443 0.276988 0.148582 0.0481913 0.0197967
 0.649642 0.2041 0.0820808 0.0440298 0.0201471
 0.636078 0.270992 0.0541364 0.0217715 0.0170226
 0.73906 0.206437 0.0405849 0.00810768 0.00580996
 0.769369 0.200117 0.0241411 0.00474605 0.00162755
 0.627474 0.309244 0.0549097 0.00662405 0.00174884
 0.651446 0.24076 0.0894826 0.0158887 0.00242278
 0.647309 0.246408 0.0734144 0.0272857 0.00558367
 0.725918 0.188918 0.0594996 0.0177272 0.00793691
 0.664233 0.256073 0.054931 0.0173005 0.00746229
 0.656288 0.237434 0.0810533 0.017387 0.00783802
 0.703243 0.203929 0.0641247 0.0218904 0.00681261
 0.646165 0.259913 0.0645423 0.020295 0.0090843
 0.374996 0.4251 0.146842 0.0364641 0.0165983
pobs_PELACES
 0 0 0 0 0
 0 0 0 0 0
 0 0 0 0 0
 0 0 0 0 0
 0 0 0 0 0
 0 0 0 0 0
 0 0 0 0 0
 0 0 0 0 0
 0 0 0 0 0
 0 0 0 0 0
 0.450072 0.473896 0.0757376 0.000293798 0
 0 0 0 0 0
 0.463077 0.371075 0.160297 0.00555027 0
 0.529543 0.364841 0.0842815 0.0213345 0
 0.631943 0.363953 0.00410389 0 0
 0.735681 0.248677 0.0153453 0.000297389 0
 0.695825 0.281241 0.0229344 0 0
 0.275771 0.60734 0.115278 0.00161068 0
 0 0 0 0 0
 0.896147 0.0623911 0.0374545 0.00400742 0
 0.803859 0.145111 0.0509908 3.86294e-05 0
 0.739449 0.233085 0.0266225 0.000797448 4.60066e-05
 0.878498 0.100942 0.0204185 0.000141795 0
 0.694673 0.275183 0.0284847 0.00165964 0
 0.469039 0.446079 0.0841089 0.000773354 0
ppred_PELACES
 0.779572 0.155341 0.0581742 0.0069099 3.30914e-06
 0.748475 0.199358 0.0367634 0.0137677 0.0016361
 0.607084 0.29891 0.0745086 0.0137401 0.00575707
 0.713688 0.180847 0.0802318 0.0199992 0.00523333
 0.721825 0.199741 0.0495424 0.0219792 0.00691236
 0.565751 0.313805 0.0864837 0.0214508 0.0125094
 0.685496 0.180984 0.0964865 0.0265914 0.0104419
 0.6412 0.247912 0.0638114 0.0340193 0.0130572
 0.696794 0.197907 0.072756 0.018727 0.0138158
 0.676392 0.22938 0.0615039 0.0226105 0.0101134
 0.5393 0.316072 0.102515 0.0274876 0.0146251
 0.562125 0.245738 0.131819 0.0427544 0.0175632
 0.718571 0.163946 0.0659323 0.0353674 0.0161834
 0.748362 0.18738 0.0374332 0.0150541 0.0117704
 0.834287 0.131101 0.025774 0.0051489 0.00368969
 0.814241 0.161181 0.0194441 0.00382264 0.00131089
 0.674526 0.270185 0.0479744 0.0057874 0.00152796
 0.687553 0.21582 0.0802131 0.0142427 0.0021718
 0.679918 0.223625 0.0666267 0.024763 0.00506741
 0.75448 0.169231 0.0532992 0.0158799 0.00710981
 0.686449 0.23913 0.0512965 0.0161558 0.00696855
 0.681449 0.220053 0.0751198 0.0161142 0.00726424
 0.728345 0.186679 0.0587004 0.0200387 0.00623634
 0.673445 0.239874 0.0595663 0.0187303 0.00838392
 0.403009 0.406047 0.14026 0.0348298 0.0158543
pobs_pel_tallas
 0 0 0 0 0 0 0 0 0 0 0 0 0 0 0 0 0 0 0 0 0 0 0 0 0 0 0 0 0 0 0 0 0 0 0 0
 0 0 0 0 0 0 0 0 0 0 0 0 0 0 0 0 0 0 0 0 0 0 0 0 0 0 0 0 0 0 0 0 0 0 0 0
 0 0 0 0 0 0 0 0 0 0 0 0 0 0 0 0 0 0 0 0 0 0 0 0 0 0 0 0 0 0 0 0 0 0 0 0
 0 0 0 0 0 0 0 0 0 0 0 0 0 0 0 0 0 0 0 0 0 0 0 0 0 0 0 0 0 0 0 0 0 0 0 0
 0 0 0 0 0 0 0 0 0 0 0 0 0 0 0 0 0 0 0 0 0 0 0 0 0 0 0 0 0 0 0 0 0 0 0 0
 0 0 0 0 0 0 0 0 0 0 0 0 0 0 0 0 0 0 0 0 0 0 0 0 0 0 0 0 0 0 0 0 0 0 0 0
 0 0 0 0 0 0 0 0 0 0 0 0 0 0 0 0 0 0 0 0 0 0 0 0 0 0 0 0 0 0 0 0 0 0 0 0
 0 0 0 0 0 0 0 0 0 0 0 0 0 0 0 0 0 0 0 0 0 0 0 0 0 0 0 0 0 0 0 0 0 0 0 0
 0 0 0 0 0 0 0 0 0 0 0 0 0 0 0 0 0 0 0 0 0 0 0 0 0 0 0 0 0 0 0 0 0 0 0 0
 0 0 0 0 0 0 0 0 0 0 0 0 0 0 0 0 0 0 0 0 0 0 0 0 0 0 0 0 0 0 0 0 0 0 0 0
 0 0 0 0 0 0 0 0 1.78061e-05 0.00172719 0.00360574 0.0105946 0.0120993 0.0124554 0.0147524 0.0171206 0.0266825 0.0428682 0.0675386 0.121331 0.153587 0.119568 0.100827 0.0573624 0.0630603 0.0341343 0.0324427 0.0444173 0.0211091 0.0280891 0.0125444 0.00206551 0 0 0 0
 0 0 0 0 0 0 0 0 0 0 0 0 0 0 0 0 0 0 0 0 0 0 0 0 0 0 0 0 0 0 0 0 0 0 0 0
 0 0 0 0 0 0 0.0133647 0.0140871 0.0187388 0.0205184 0.03894 0.0496705 0.03968 0.0493445 0.0407372 0.0367815 0.0215668 0.0243155 0.0234873 0.0199281 0.019796 0.0243948 0.0301388 0.0376714 0.0412746 0.0863199 0.0771752 0.113111 0.0741005 0.0525337 0.0229764 0.00759418 0.00175318 0 0 0
 0 0 0 0 0 0 0 0 0 0 0.00219441 0.00772107 0.0458388 0.0604681 0.0671733 0.0775358 0.0609151 0.0617685 0.073594 0.0568108 0.0755445 0.0548602 0.0670107 0.0636378 0.0643287 0.046367 0.0373049 0.0286899 0.0247887 0.0153202 0.00654259 0.00121912 0.000365735 0 0 0
 0 0 0 0 0 0 0 0 0 0 0 0 0.000112435 0.00938835 0.0111873 0.0202946 0.0414886 0.0713402 0.111592 0.104902 0.108894 0.110636 0.117776 0.105296 0.107544 0.0401394 0.0192827 0.0124803 0.00416011 0.0028671 0.000618394 0 0 0 0 0
 0 0 0 0 0 0 0 0 0 0 0.00291406 0.0102884 0.027416 0.0768956 0.0749926 0.110853 0.0956884 0.0897413 0.0766577 0.0534642 0.0500743 0.0551293 0.0594112 0.0620874 0.0668451 0.0424026 0.0208742 0.0120726 0.0048766 0.00582813 0.00118941 0.000297354 0 0 0 0
 0 0.00264628 0.0354308 0.0461629 0.0458689 0.0383711 0.0214643 0.0164657 0.0346957 0.0420465 0.0363128 0.0245516 0.0311673 0.0291091 0.0169068 0.0133784 0.00837989 0.0085269 0.0148486 0.0160247 0.0276389 0.0546898 0.0760071 0.122758 0.109233 0.0665981 0.0333725 0.0166128 0.00676272 0.00308733 0.000882094 0 0 0 0 0
 0 0 0 0 0 0 0 0.000805153 0.000690131 0.00759144 0.0133425 0.0154129 0.00931677 0.000345066 0.00356568 0.00563607 0.00851162 0.0253048 0.0502646 0.0516448 0.0657925 0.0565908 0.0611916 0.0827007 0.0866115 0.110766 0.145733 0.0935128 0.0569358 0.0249597 0.0138026 0.00621118 0.00161031 0.00115022 0 0
 0 0 0 0 0 0 0 0 0 0 0 0 0 0 0 0 0 0 0 0 0 0 0 0 0 0 0 0 0 0 0 0 0 0 0 0
 0.00147267 0.00158595 0.00478618 0.00569244 0.00954404 0.0108468 0.00647125 0.017049 0.0510054 0.094081 0.124002 0.0959785 0.0687766 0.0820023 0.061753 0.0591476 0.0492212 0.0479892 0.0443925 0.0268479 0.0217502 0.0140895 0.0121071 0.0120363 0.00920419 0.00665534 0.0049561 0.00860946 0.00930331 0.0156896 0.0114698 0.00855282 0.00243557 0.00046729 0 2.83206e-05
 0 0 0 0 0.000772559 0.00158375 0.000888443 0.00281984 0.00712685 0.0440552 0.0773331 0.111326 0.0921469 0.0852325 0.0710754 0.0886704 0.0786465 0.0553345 0.0373146 0.0185414 0.00753245 0.00457741 0.012979 0.0271748 0.0457355 0.0583668 0.034881 0.0177882 0.00938659 0.00492506 0.0015258 0.00185414 0.000309023 5.79419e-05 3.86279e-05 0
 0 0.00173294 0.00326652 0 0.00397197 0.00683976 0.00946217 0.0152591 0.00757587 0.0136028 0.0228656 0.0392903 0.0559909 0.0764795 0.0681675 0.0726916 0.0566044 0.0477403 0.0527397 0.0444891 0.0609904 0.0582453 0.0661739 0.0445044 0.0529084 0.0360697 0.0280645 0.0235558 0.0158879 0.00826598 0.00280645 0.00217768 0.000904811 0.00058276 9.20147e-05 0
 0 0 0 0 0 0 0 0 0 0 0 0 0 0 0 0 0 0 0 0 0 0 0 0 0 0 0 0 0 0 0 0 0 0 0 0
 0 0 0 0 0 0 0 0 0 0 0 0 0 0 0 0 0 0 0 0 0 0 0 0 0 0 0 0 0 0 0 0 0 0 0 0
 0 0 0 0 0 0 0 0 0 0 0 0 0 0 0 0 0 0 0 0 0 0 0 0 0 0 0 0 0 0 0 0 0 0 0 0
ppred_pel_tallas
 1.01115e-16 3.40121e-05 0.000199627 0.000948947 0.00365351 0.0113932 0.0287782 0.0588838 0.0976057 0.13108 0.142635 0.125801 0.0900224 0.0524777 0.0253563 0.0109792 0.00562457 0.00491385 0.00616488 0.00820138 0.0105449 0.0129094 0.0150331 0.0166719 0.0176402 0.0178503 0.0173279 0.0161973 0.0146448 0.0128715 0.0110525 0.00931375 0.00772742 0.00632173 0.00509755 0.00404364
 1.01137e-16 3.26578e-05 0.000191673 0.000911122 0.00350786 0.0109389 0.0276309 0.0565367 0.0937166 0.125861 0.136968 0.12083 0.0865245 0.0505581 0.0246518 0.0110541 0.0062106 0.00592888 0.00762999 0.010159 0.0130065 0.0158273 0.0182904 0.0200896 0.0210017 0.020936 0.0199532 0.0182435 0.0160737 0.0137229 0.0114259 0.0093414 0.00754608 0.00605062 0.00482521 0.0038241
 1.01897e-16 2.64966e-05 0.000155492 0.000739093 0.00284547 0.00887327 0.0224134 0.045862 0.0760262 0.102116 0.111161 0.0981439 0.0704553 0.0415233 0.0209094 0.0105018 0.00748185 0.0084964 0.0114626 0.0153942 0.0197593 0.0240967 0.0279199 0.0307681 0.0322997 0.032368 0.0310506 0.0286176 0.0254558 0.0219731 0.0185169 0.0153262 0.0125234 0.0101365 0.00813536 0.00646618
 1.0213e-16 3.11403e-05 0.000182765 0.000868777 0.00334483 0.0104305 0.0263467 0.053909 0.0893608 0.120011 0.130601 0.115211 0.0824976 0.0481986 0.0234907 0.0105192 0.00589825 0.00563756 0.00728989 0.00977109 0.0126166 0.0155194 0.0181823 0.0203216 0.021717 0.0222563 0.0219536 0.0209337 0.0193908 0.0175369 0.0155572 0.0135862 0.0117034 0.00994596 0.00832719 0.00685184
 1.01847e-16 3.14958e-05 0.000184851 0.000878688 0.00338298 0.0105495 0.0266472 0.0545241 0.0903807 0.121382 0.132096 0.116537 0.0834633 0.0487947 0.0238398 0.0107725 0.00617133 0.00599939 0.00777471 0.0103861 0.0133414 0.0163026 0.0189415 0.0209514 0.022104 0.0222988 0.0215825 0.0201271 0.0181803 0.0160021 0.0138124 0.0117599 0.00991895 0.00830527 0.00690053 0.0056752
 1.02652e-16 2.46949e-05 0.000144913 0.000688796 0.00265181 0.00826934 0.0208879 0.0427409 0.0708535 0.0951714 0.10361 0.0914991 0.0657322 0.0388345 0.0197314 0.0102004 0.00763323 0.0089198 0.0121247 0.01632 0.0209838 0.0256435 0.0297927 0.0329486 0.0347495 0.0350349 0.0338755 0.0315409 0.028421 0.0249279 0.0214124 0.0181153 0.0151609 0.0125804 0.0103496 0.0084241
 1.02831e-16 2.9911e-05 0.000175548 0.000834466 0.00321272 0.0100186 0.0253061 0.0517799 0.0858318 0.115273 0.125447 0.11067 0.0792591 0.0463329 0.0226312 0.0102207 0.00585594 0.00571145 0.0074428 0.0100125 0.0129743 0.0160295 0.0188836 0.0212521 0.0229085 0.0237293 0.0237121 0.0229613 0.0216495 0.0199685 0.018088 0.0161334 0.0141837 0.0122835 0.0104603 0.00873754
 1.02766e-16 2.79821e-05 0.000164218 0.000780587 0.00300525 0.00937155 0.0236719 0.0484367 0.0802923 0.10784 0.117376 0.103593 0.0742838 0.0436122 0.0216517 0.0103673 0.00675345 0.00725013 0.0096591 0.0129705 0.0166891 0.0204249 0.023778 0.0263692 0.0279147 0.028287 0.0275384 0.0258748 0.0235939 0.0210083 0.0183809 0.0158884 0.0136181 0.0115884 0.00977908 0.00815979
 1.02387e-16 3.04043e-05 0.000178443 0.000848224 0.00326569 0.0101837 0.0257233 0.0526337 0.0872474 0.117175 0.127519 0.112504 0.0805853 0.0471334 0.0230685 0.0104941 0.00611342 0.00603607 0.00787224 0.0105539 0.0136074 0.0167046 0.0195222 0.0217534 0.0231636 0.0236391 0.0232068 0.0220149 0.0202865 0.0182602 0.0161413 0.0140728 0.0121333 0.010351 0.00872635 0.00725115
 1.02198e-16 2.95159e-05 0.000173224 0.000823409 0.00317013 0.00988573 0.0249707 0.0510939 0.0846961 0.113751 0.123802 0.109245 0.0782955 0.0458835 0.0226231 0.0105715 0.00654273 0.00676923 0.00892877 0.0119659 0.0153838 0.018811 0.0218737 0.0242194 0.0255843 0.0258509 0.0250693 0.0234337 0.021225 0.0187394 0.0162276 0.0138605 0.0117247 0.00984071 0.00819054 0.00674363
 1.03187e-16 2.35416e-05 0.000138142 0.000656605 0.00252786 0.00788282 0.0199116 0.0407433 0.0675426 0.0907259 0.0987756 0.0872407 0.0626976 0.0370914 0.0189382 0.00994238 0.00762834 0.00904107 0.0123413 0.0166437 0.0214411 0.0262651 0.0306081 0.0339822 0.0360177 0.0365423 0.0356122 0.033481 0.0305228 0.0271358 0.0236608 0.0203345 0.0172832 0.0145468 0.0121146 0.00995891
 1.04242e-16 2.45341e-05 0.000143975 0.00068435 0.00263472 0.00821605 0.0207532 0.0424648 0.070394 0.094549 0.102919 0.0908556 0.0651983 0.0383758 0.0192359 0.00952242 0.00662494 0.00744674 0.0100802 0.0136492 0.0177138 0.0219091 0.0258444 0.0291355 0.0314751 0.0326933 0.032783 0.0318801 0.0302114 0.0280289 0.0255548 0.0229521 0.0203237 0.0177282 0.0152046 0.0127891
 1.02961e-16 3.13524e-05 0.000184012 0.00087471 0.00336768 0.0105018 0.0265267 0.0542771 0.0899705 0.120828 0.131486 0.115981 0.0830266 0.0484622 0.0235342 0.0103948 0.00562731 0.00520923 0.00667737 0.00894952 0.0115772 0.01428 0.0167922 0.0188614 0.0202911 0.0209798 0.0209366 0.0202662 0.0191309 0.0177054 0.0161377 0.0145296 0.0129363 0.0113805 0.00987035 0.00841454
 1.0166e-16 3.26524e-05 0.000191642 0.000910978 0.00350731 0.0109372 0.0276266 0.0565277 0.0937014 0.12584 0.136942 0.1208 0.0864898 0.0505102 0.0245769 0.0109339 0.00602299 0.0056505 0.00723973 0.00964349 0.0123662 0.0150818 0.017481 0.0192774 0.0202608 0.0203431 0.019576 0.0181301 0.0162463 0.0141754 0.0121274 0.0102418 0.00858438 0.00716273 0.00595045 0.00491017
 1.00759e-16 3.63968e-05 0.00021363 0.00101552 0.00390986 0.0121926 0.0307974 0.0630151 0.104453 0.140271 0.152627 0.134591 0.0962642 0.0560176 0.0268812 0.0113199 0.00533082 0.00421158 0.00508422 0.00669702 0.00856326 0.0104201 0.0120433 0.0132301 0.0138334 0.013793 0.0131486 0.0120247 0.0105969 0.00904878 0.00753513 0.00616073 0.00497663 0.00399036 0.00318261 0.0025234
 1.00522e-16 3.55239e-05 0.000208503 0.000991143 0.00381598 0.0118998 0.0300579 0.0615022 0.101946 0.136908 0.148975 0.131389 0.0940135 0.0547877 0.0264404 0.0113909 0.00574492 0.00492116 0.00610842 0.00806813 0.0102917 0.0124751 0.0143448 0.0156537 0.016225 0.0159932 0.0150182 0.013467 0.0115697 0.00956463 0.00765179 0.00596451 0.00456462 0.00345514 0.00260196 0.00195543
 1.0104e-16 2.94362e-05 0.000172752 0.000821157 0.00316145 0.00985864 0.0249023 0.0509543 0.0844658 0.113446 0.123478 0.108981 0.0781528 0.0458939 0.022802 0.0109441 0.00715616 0.00768729 0.0102142 0.0136577 0.0174748 0.02123 0.0244786 0.0268055 0.027909 0.0276697 0.0261764 0.023696 0.0206016 0.0172835 0.0140716 0.0111897 0.00874725 0.00675959 0.00518237 0.00394568
 1.018e-16 3.00021e-05 0.00017608 0.000836986 0.00322241 0.0100488 0.0253825 0.0519364 0.0860921 0.115625 0.125837 0.111032 0.0795563 0.0465827 0.0228943 0.0105757 0.00638232 0.0064811 0.00851328 0.011415 0.0146982 0.0180084 0.0209908 0.023308 0.024703 0.0250533 0.0243926 0.0228908 0.0208026 0.0184022 0.015928 0.0135504 0.0113657 0.00941156 0.00768917 0.00618502
 1.02107e-16 2.96694e-05 0.000174126 0.000827697 0.00318665 0.00993723 0.0251007 0.05136 0.0851369 0.114343 0.124444 0.109809 0.0786911 0.0460994 0.0227 0.0105582 0.00646905 0.00664404 0.00874965 0.0117287 0.015089 0.0184667 0.0214969 0.0238341 0.0252184 0.0255308 0.024815 0.023255 0.0211196 0.0186944 0.0162229 0.0138732 0.011734 0.00983088 0.00815307 0.00667705
 1.0169e-16 3.29185e-05 0.000193206 0.000918416 0.00353596 0.0110266 0.0278522 0.0569892 0.0944659 0.126865 0.138053 0.121771 0.0871625 0.0508588 0.0246646 0.0108348 0.00577605 0.00525734 0.00668422 0.00891204 0.0114626 0.0140359 0.0163515 0.0181471 0.0192251 0.019494 0.0189848 0.0178345 0.0162443 0.0144281 0.0125686 0.0107924 0.0091667 0.00771177 0.00642096 0.00527837
 1.01687e-16 2.99548e-05 0.0001758 0.000835653 0.00321727 0.0100327 0.025342 0.0518537 0.0859557 0.115444 0.125645 0.110874 0.0794679 0.046581 0.0229859 0.0107715 0.00670452 0.00696007 0.00917721 0.0122774 0.0157457 0.0191925 0.022226 0.0244791 0.0256819 0.0257208 0.0246622 0.0227255 0.0202221 0.0174784 0.0147694 0.0122815 0.0101062 0.00825893 0.00670931 0.00540974
 1.02032e-16 2.97361e-05 0.000174518 0.000829559 0.00319382 0.00995959 0.0251572 0.0514755 0.0853284 0.1146 0.124723 0.110052 0.0788616 0.0461908 0.0227292 0.0105456 0.00642676 0.00657517 0.00865296 0.0116031 0.0149367 0.0182945 0.0213164 0.0236605 0.0250677 0.0254163 0.0247445 0.0232284 0.021129 0.0187257 0.016259 0.0138977 0.0117342 0.0098002 0.00809115 0.00658904
 1.01875e-16 3.17796e-05 0.000186518 0.000886617 0.00341352 0.0106447 0.0268877 0.0550161 0.0911958 0.122475 0.133282 0.117576 0.0841903 0.0491854 0.0239668 0.0107225 0.00599485 0.00570772 0.00735844 0.00983411 0.0126535 0.0154968 0.0180567 0.0200442 0.0212412 0.0215465 0.020994 0.0197338 0.0179872 0.0159894 0.0139413 0.0119821 0.0101857 0.00857491 0.00714283 0.00587274
 1.0196e-16 2.93878e-05 0.000172471 0.000819827 0.00315634 0.00984271 0.024862 0.0508717 0.084328 0.113258 0.123268 0.10878 0.0779754 0.0457229 0.0225939 0.0106412 0.00669675 0.00701176 0.0092727 0.0124221 0.0159529 0.019478 0.0226054 0.0249666 0.0262874 0.0264487 0.0255092 0.0236799 0.0212635 0.0185785 0.0158948 0.0133961 0.0111749 0.0092511 0.00760127 0.00618642
 1.04061e-16 1.76024e-05 0.000103265 0.000490778 0.00188936 0.00589164 0.0148822 0.0304534 0.0504897 0.0678359 0.0738969 0.0653679 0.0471975 0.0283629 0.0152963 0.00935256 0.0087635 0.0113823 0.0158491 0.021445 0.0276486 0.0338886 0.0395183 0.0439099 0.0465851 0.0473174 0.0461732 0.0434722 0.0396897 0.0353339 0.0308419 0.02652 0.0225355 0.0189462 0.015746 0.0129058
pSPR Fmed_Fpbrs
0.593134   0.342531 0.342531
Fs Fmed_Fpbrs
0.361065   1.005 1.005
SSBpbr Bo_Bmed_Bpbrs
1.02412e+06  556237  299588 299588
Ro
41772.8
SPR SPRFo_SPRFmed_SPRFpbrs
858966 509482 294222
log_Ro
10.46
likeval ReclasPelacesDesembMPH_pf_preclas_ppelaces_ptallas_desvR_qrecl_qpela
 61.7784 17.1723 0.00814975 0.000218572 313.767 192.726 77.7273 0 15.6574 3.2756e-05 3.35323e-05 0 0 0 0
q_reclas_q_pelaces
0.444407 2.27924
M
0.7
N
 44276.3 12878.6 4822.95 572.868 0.274346
 54383.5 20020.8 3692.02 1382.64 164.308
 30437.1 24925.8 6213.2 1145.77 480.077
 47369.4 13325.2 5911.64 1473.58 385.603
 81212.3 22922.1 5685.43 2522.31 793.256
 59626.7 40131.6 11060.1 2743.28 1599.79
 94432.1 28224.6 15047.2 4146.95 1628.42
 91951.5 45474.7 11705 6240.18 2395.09
 114187 42961 15793.7 4065.21 2999.09
 125464 52889.6 14181.3 5213.45 2331.91
 65376.7 59035.1 19147.5 5134.05 2731.64
 44395.4 29168.9 15646.8 5074.91 2084.74
 45664.8 19930 8015.06 4299.44 1967.33
 23679.3 19311.1 3857.8 1551.45 1213.04
 15363.4 8777.09 1725.54 344.714 247.022
 16465.4 5541.67 668.52 131.429 45.0704
 12419.3 7169.26 1272.98 153.567 40.5438
 13911.6 5633.54 2093.8 371.779 56.6905
 15959 6485.92 1932.41 718.213 146.973
 26965.1 7520.36 2368.54 705.679 315.949
 32990.1 12687.2 2721.56 857.155 369.719
 43477.7 15986 5457.17 1170.63 527.719
 69894.4 20907.2 6574.18 2244.24 698.441
 80739.6 33405.5 8295.35 2608.44 1167.57
 33318.4 38634 13345.3 3313.93 1508.49
pred_Ctot
 2862.95 4039.58 1512.8 179.69 0.0860531
 3026.68 5547.28 1022.97 383.097 45.5259
 2610.44 9764.59 2434 448.853 188.068
 871.481 1361.1 603.846 150.52 39.3875
 285.736 468.021 116.085 51.5004 16.1966
 2011.6 7184.77 1980.1 491.131 286.412
 2058.43 3381.69 1802.85 496.861 195.107
 3925.05 10034.9 2582.94 1377.02 528.526
 5545.95 10603.6 3898.17 1003.37 740.231
 4748.41 10495.3 2814.12 1034.55 462.739
 4803.16 20515.6 6654.07 1784.16 949.287
 3082.45 9690.87 5198.38 1686.05 692.619
 4919.18 9221.02 3708.33 1989.22 910.226
 4391.41 12488.6 2494.86 1003.33 784.481
 3079.26 5904.15 1160.74 231.881 166.166
 1469.75 2237.27 269.893 53.06 18.1957
 776.967 2188.91 388.666 46.8868 12.3788
 613.894 1279.77 475.647 84.4566 12.8783
 587.808 1256.28 374.295 139.113 28.4677
 1021.73 1493.87 470.493 140.178 62.7612
 574.939 1231.14 264.096 83.1768 35.8769
 991.198 1997.29 681.819 146.259 65.9333
 1891.19 3061.54 962.686 328.634 102.276
 2119.14 4756.43 1181.13 371.401 166.243
 821.185 5189.96 1792.76 445.183 202.645
F
 0.0936802 0.549392 0.549392 0.549392 0.549392
 0.0801585 0.470093 0.470093 0.470093 0.470093
 0.126008 0.738979 0.738979 0.738979 0.738979
 0.0258755 0.151748 0.151748 0.151748 0.151748
 0.00490293 0.0287535 0.0287535 0.0287535 0.0287535
 0.0479107 0.280974 0.280974 0.280974 0.280974
 0.0307235 0.180179 0.180179 0.180179 0.180179
 0.0609678 0.357548 0.357548 0.357548 0.357548
 0.0696331 0.408367 0.408367 0.408367 0.408367
 0.0538886 0.316032 0.316032 0.316032 0.316032
 0.107061 0.627865 0.627865 0.627865 0.627865
 0.100908 0.591782 0.591782 0.591782 0.591782
 0.160648 0.94213 0.94213 0.94213 0.94213
 0.292459 1.71514 1.71514 1.71514 1.71514
 0.319689 1.87483 1.87483 1.87483 1.87483
 0.131456 0.770932 0.770932 0.770932 0.770932
 0.0905135 0.53082 0.53082 0.53082 0.53082
 0.0630861 0.369971 0.369971 0.369971 0.369971
 0.0524103 0.307363 0.307363 0.307363 0.307363
 0.0539528 0.316408 0.316408 0.316408 0.316408
 0.0244964 0.143661 0.143661 0.143661 0.143661
 0.032153 0.188563 0.188563 0.188563 0.188563
 0.0382636 0.224398 0.224398 0.224398 0.224398
 0.0370975 0.21756 0.21756 0.21756 0.21756
 0.0348009 0.204091 0.204091 0.204091 0.204091
YTP_r0W_actual
 9197.27 114179 59161.1 18297 8673.21
YTP_p0W_proyectada
 31952.8 164928 235395 106071 42278.5
 31952.8 141912 43708.2 55816.9 26032.5
CTP_r0_actual
 821.185 5189.96 1792.76 445.183 202.645
CTP_p0_proyectada
 3759.16 7706.91 7544.72 2606.16 909.214
 3759.16 6631.4 1400.9 1371.42 559.839
Wmedp
 8.5 21.4 31.2 40.7 46.5
nmprior
 10.6 11 7 0
nm_flota  nm_reclas  nm_pelaces    nm_pelaL
inf 17.3753 18.6212 44.7724
cv_recla  cv_pelaces  cv_mph
0.710957 0.46988 0.479663
 ------------------------------------------------
Talla a la edad & desviaci?n 
 7.2 14.2025 17.0495 18.207 18.6776
 1.08 2.13037 2.55742 2.73105 2.80164
