years
 1997 1998 1999 2000 2001 2002 2003 2004 2005 2006 2007 2008 2009 2010 2011 2012 2013 2014 2015 2016 2017 2018 2019 2020 2021
reclasobs
 0 0 0 370054 412103 1.49427e+06 250295 1.28982e+06 931140 785840 897777 1.04006e+06 184774 17550 25797 100020 73551 82996 120727 218422 84188 347160 605670 569463 516374
reclaspred
 1.73818e+06 272384 523125 215831 287180 366628 735907 603386 883644 1.15335e+06 1.16306e+06 785235 446595 203912 131979 124484 139182 184383 187510 247731 417627 414433 656457 722853 754116
pelacesobs
 0 0 0 0 0 0 0 0 0 2.06254e+06 1.5e+06 0 1.87456e+06 323000 250000 174000 83755 137374 0 501740 490994 745055 786931 1.00524e+06 1.33801e+06
pelacespred
 849541 313415 163661 150524 168592 158245 380179 364056 498207 675432 598937 419059 237655 86974.9 55386.6 59605.2 69664.1 93003.5 99440.5 126358 235065 244240 293406 383646 382568
mphobs
 0 0 0 0 0 112323 0 153150 637223 0 255016 313432 73983 77613 109348 50772 0 0 0 0 0 0 0 0 0
mphpred
 1.24088e+06 580443 367724 251301 194679 344120 434822 606646 647382 926804 1.16216e+06 837030 495169 265499 123532 105551 112160 144055 168780 179110 297058 393266 461029 599077 697449
desembarqueobs
 350755 77701 442110 56441 14545 235359 269955 359681 431902 328805 639364 411747 362871 311530 167758 66681 60226 58785 57116 73181 50977 67692 138656 160484 209506
desembarquepred
 350735 77683.7 441814 56431.8 14544.4 235299 269904 359422 431665 328648 638921 411582 362596 311334 167579 66663.7 60223.9 58768.1 57093.1 73148 50968.9 67669.1 138612 160441 209456
Reclutas
 27497.9 33038.4 11188.8 15697.7 46975.2 27839.9 65444.2 75709.9 130994 161109 70175.6 34857.1 48292.2 28099.3 19515.8 15492 12548.5 13174.3 12625.2 27802.7 38743.4 38850.3 61525.4 60928.6 11509
log_desv_Rt
 -0.178136 0.00542431 -1.07733 -0.738733 0.357375 -0.165773 0.688953 0.834664 1.38291 1.58984 0.758756 0.0590116 0.385024 -0.1565 -0.52102 -0.751921 -0.962643 -0.913974 -0.956549 -0.167111 0.164715 0.167472 0.627206 0.617459 -1.04912
SSB
 1.24088e+06 580443 367724 251301 194679 344120 434822 606646 647382 926804 1.16216e+06 837030 495169 265499 123532 105551 112160 144055 168780 179110 297058 393266 461029 599077 697449
BT
 2.18143e+06 729972 608335 372992 435957 495892 1.2856e+06 1.25934e+06 1.75474e+06 1.96339e+06 1.83099e+06 1.22447e+06 891069 484772 281237 189662 212238 259441 255851 363949 614643 552379 719696 957855 895042
Ftot
 0.195337 0.274705 0.775571 0.252285 0.0495138 0.601162 0.352454 0.563608 0.46639 0.275075 0.518772 0.495472 0.752018 1.32315 1.13742 0.50749 0.413304 0.306632 0.292955 0.284785 0.118853 0.158534 0.204426 0.214768 0.267358
BD_Bspro_t
 0.970428 0.806278 0.636514 0.372385 0.450613 0.65071 0.544875 0.584511 0.560101 0.591025 0.612259 0.457582 0.340877 0.246728 0.147408 0.151581 0.210443 0.324982 0.417851 0.494599 0.639287 0.751639 0.751554 0.740774 0.711963
BD_Bspro
 1.83648 0.859042 0.544223 0.371919 0.288121 0.50929 0.643527 0.897821 0.958111 1.37165 1.71997 1.23878 0.732839 0.392933 0.182825 0.156213 0.165994 0.213198 0.249791 0.265079 0.439639 0.582024 0.682313 0.88662 1.03221
BD_Bo
 1.31526 0.615233 0.389764 0.266362 0.206348 0.364745 0.460884 0.643005 0.686184 0.982353 1.23182 0.887197 0.524848 0.281412 0.130936 0.111877 0.118882 0.152689 0.178896 0.189845 0.314863 0.416836 0.488661 0.634983 0.739251
BD_Brms
 6.39732 2.99245 1.89579 1.29557 1.00366 1.7741 2.24171 3.12753 3.33755 4.7781 5.99148 4.31527 2.55282 1.36877 0.636864 0.544164 0.578234 0.742668 0.870138 0.923394 1.53147 2.02746 2.37682 3.08852 3.59567
S_f
 0.5 1 1 1 1
 0.5 1 1 1 1
 0.5 1 1 1 1
 0.5 1 1 1 1
 0.5 1 1 1 1
 0.5 1 1 1 1
 0.5 1 1 1 1
 0.5 1 1 1 1
 0.5 1 1 1 1
 0.5 1 1 1 1
 0.5 1 1 1 1
 0.5 1 1 1 1
 0.5 1 1 1 1
 0.5 1 1 1 1
 0.5 1 1 1 1
 0.5 1 1 1 1
 0.5 1 1 1 1
 0.5 1 1 1 1
 0.5 1 1 1 1
 0.5 1 1 1 1
 0.5 1 1 1 1
 0.5 1 1 1 1
 0.5 1 1 1 1
 0.5 1 1 1 1
 0.5 1 1 1 1
Scru_reclas
 0.5 1 1 1 1
 0.5 1 1 1 1
 0.5 1 1 1 1
 0.5 1 1 1 1
 0.5 1 1 1 1
 0.5 1 1 1 1
 0.5 1 1 1 1
 0.5 1 1 1 1
 0.5 1 1 1 1
 0.5 1 1 1 1
 0.5 1 1 1 1
 0.5 1 1 1 1
 0.5 1 1 1 1
 0.5 1 1 1 1
 0.5 1 1 1 1
 0.5 1 1 1 1
 0.5 1 1 1 1
 0.5 1 1 1 1
 0.5 1 1 1 1
 0.5 1 1 1 1
 0.5 1 1 1 1
 0.5 1 1 1 1
 0.5 1 1 1 1
 0.5 1 1 1 1
 0.5 1 1 1 1
Scru_pelaces
 0.5 1 1 1 1
 0.5 1 1 1 1
 0.5 1 1 1 1
 0.5 1 1 1 1
 0.5 1 1 1 1
 0.5 1 1 1 1
 0.5 1 1 1 1
 0.5 1 1 1 1
 0.5 1 1 1 1
 0.5 1 1 1 1
 0.5 1 1 1 1
 0.5 1 1 1 1
 0.5 1 1 1 1
 0.5 1 1 1 1
 0.5 1 1 1 1
 0.5 1 1 1 1
 0.5 1 1 1 1
 0.5 1 1 1 1
 0.5 1 1 1 1
 0.5 1 1 1 1
 0.5 1 1 1 1
 0.5 1 1 1 1
 0.5 1 1 1 1
 0.5 1 1 1 1
 0.5 1 1 1 1
pf_obs 
 0.256992 0.487395 0.22802 0.0275931 0
 0.321318 0.546541 0.124235 0.00734118 0.000564706
 0.182869 0.594174 0.210203 0.0122559 0.00049798
 0.330522 0.361315 0.267642 0.0388342 0.00168674
 0.649043 0.306663 0.0425973 0.00169635 0
 0.582887 0.30429 0.105238 0.00758474 0
 0.465427 0.430635 0.0974691 0.00646863 0
 0.296916 0.608066 0.0921331 0.00288517 0
 0.311714 0.524322 0.152257 0.0117073 0
 0.15457 0.633149 0.183074 0.0267441 0.00246327
 0.131901 0.49318 0.331252 0.0422183 0.00144891
 0.196976 0.569456 0.194076 0.0375587 0.00193317
 0.518974 0.381816 0.0799577 0.0180837 0.00116848
 0.0928022 0.601141 0.25162 0.0475244 0.00691264
 0.122501 0.610282 0.24278 0.0234846 0.000952079
 0.383417 0.481906 0.127806 0.00687128 0
 0.0376549 0.599619 0.316969 0.0457579 0
 0.0361596 0.667082 0.258105 0.0386534 0
 0.158088 0.579412 0.248529 0.0139706 0
 0.0477256 0.309471 0.559284 0.082774 0.000745712
 0.0406174 0.521527 0.379366 0.0568643 0.0016247
 0.151134 0.462217 0.34131 0.0453401 0
 0.294876 0.26143 0.354403 0.0886775 0.000613685
 0.281977 0.475581 0.204845 0.0348837 0.00271318
 0.0841818 0.532909 0.334909 0.0458182 0.00218182
pf_pred 
 0.234196 0.519288 0.218554 0.0279585 3.52851e-06
 0.357052 0.252486 0.264771 0.111435 0.0142571
 0.199345 0.437029 0.142796 0.149744 0.0710864
 0.459053 0.208948 0.181218 0.0592117 0.0915694
 0.690604 0.199855 0.0423118 0.0366966 0.0305331
 0.361456 0.523004 0.074633 0.0158007 0.025106
 0.664424 0.192981 0.116793 0.0166664 0.00913495
 0.559335 0.358839 0.0470561 0.0284785 0.00629135
 0.656045 0.257948 0.0700365 0.00918418 0.00678622
 0.574337 0.346443 0.0594106 0.0161308 0.0036783
 0.294308 0.525688 0.146503 0.0251235 0.00837684
 0.261361 0.364033 0.279054 0.077769 0.0177831
 0.482955 0.232732 0.140122 0.107412 0.0367794
 0.432347 0.39786 0.0764274 0.0460148 0.0473512
 0.539633 0.321613 0.0972506 0.0186815 0.0228219
 0.546732 0.348918 0.0728991 0.0220435 0.00940744
 0.457799 0.399546 0.109813 0.0229431 0.00989836
 0.4763 0.343411 0.132854 0.0365142 0.0109202
 0.443276 0.370344 0.122217 0.0472816 0.0168814
 0.633585 0.232321 0.0892019 0.0294374 0.0154545
 0.567269 0.341695 0.0577203 0.0221623 0.0111534
 0.447536 0.403606 0.117542 0.0198556 0.0114605
 0.531457 0.294666 0.127026 0.0369938 0.00985606
 0.449589 0.388749 0.101669 0.0438279 0.0161646
 0.124541 0.55559 0.22592 0.0590844 0.0348644
pobs_RECLAS
 0 0 0 0 0
 0 0 0 0 0
 0 0 0 0 0
 0 0 0 0 0
 0.835266 0.146461 0.0176864 0.000547809 3.91292e-05
 0.385257 0.428462 0.181853 0.0044286 0
 0.867414 0.0963971 0.0333333 0.00285562 0
 0.441836 0.489002 0.0689373 0.000224442 0
 0.779404 0.147425 0.0564933 0.0165055 0.000172143
 0.814271 0.122319 0.05973 0.00367925 0
 0.40263 0.566651 0.0304383 0.000280538 0
 0.475488 0.404961 0.113038 0.00651328 0
 0.955842 0.0263864 0.0167828 0.000988607 0
 0.975058 0.0227948 0.00214734 0 0
 0.738997 0.206755 0.0527124 0.00153531 0
 0.850938 0.134255 0.0134407 0.00136685 0
 0.542534 0.407297 0.0501686 0 0
 0.764087 0.199537 0.0359546 0.000420521 0
 0.470689 0.182191 0.310203 0.0369168 0
 0.84361 0.089868 0.0606195 0.00523954 0.000663233
 0.607945 0.314616 0.071237 0.00620181 0
 0.523733 0.453247 0.0230204 0 0
 0.530135 0.295979 0.169645 0.0042399 0
 0.562478 0.366248 0.0663022 0.0049721 0
 0.250443 0.683176 0.0655157 0.000865301 0
ppred_RECLAS
 0.235419 0.518458 0.218205 0.0279138 3.52288e-06
 0.359404 0.251562 0.263802 0.111027 0.0142049
 0.205856 0.433475 0.141635 0.148526 0.0705083
 0.461345 0.208062 0.18045 0.0589609 0.0911814
 0.690926 0.199647 0.0422678 0.0366584 0.0305013
 0.36799 0.517653 0.0738693 0.0156391 0.0248491
 0.667527 0.191197 0.115713 0.0165124 0.0090505
 0.565689 0.353665 0.0463776 0.0280679 0.00620063
 0.660551 0.254569 0.069119 0.00906387 0.00669732
 0.57684 0.344406 0.0590613 0.0160359 0.00365667
 0.299125 0.5221 0.145503 0.024952 0.00831966
 0.265573 0.361957 0.277462 0.0773256 0.0176817
 0.492592 0.228395 0.13751 0.10541 0.0360939
 0.454306 0.382469 0.0734709 0.0442348 0.0455195
 0.557146 0.309379 0.0935511 0.0179708 0.0219537
 0.55228 0.344647 0.0720068 0.0217737 0.0092923
 0.462047 0.396416 0.108953 0.0227633 0.00982081
 0.479222 0.341495 0.132113 0.0363104 0.0108593
 0.44601 0.368525 0.121617 0.0470494 0.0167985
 0.636064 0.23075 0.0885985 0.0292383 0.0153499
 0.568218 0.340945 0.0575937 0.0221137 0.0111289
 0.44886 0.402639 0.11726 0.019808 0.011433
 0.533245 0.293542 0.126542 0.0368526 0.00981846
 0.451473 0.387419 0.101321 0.0436779 0.0161093
 0.125624 0.554903 0.225641 0.0590113 0.0348213
pobs_PELACES
 0 0 0 0 0
 0 0 0 0 0
 0 0 0 0 0
 0 0 0 0 0
 0 0 0 0 0
 0 0 0 0 0
 0 0 0 0 0
 0 0 0 0 0
 0 0 0 0 0
 0 0 0 0 0
 0.450072 0.473896 0.0757376 0.000293798 0
 0 0 0 0 0
 0.463077 0.371075 0.160297 0.00555027 0
 0.529543 0.364841 0.0842815 0.0213345 0
 0.631943 0.363953 0.00410389 0 0
 0.735681 0.248677 0.0153453 0.000297389 0
 0.695825 0.281241 0.0229344 0 0
 0.275771 0.60734 0.115278 0.00161068 0
 0 0 0 0 0
 0.896147 0.0623911 0.0374545 0.00400742 0
 0.803859 0.145111 0.0509908 3.86294e-05 0
 0.739449 0.233085 0.0266225 0.000797448 4.60066e-05
 0.878498 0.100942 0.0204185 0.000141795 0
 0.694673 0.275183 0.0284847 0.00165964 0
 0.469039 0.446079 0.0841089 0.000773354 0
ppred_PELACES
 0.24127 0.514491 0.216535 0.0277002 3.49592e-06
 0.369905 0.247438 0.259478 0.109207 0.0139721
 0.227564 0.421626 0.137763 0.144466 0.068581
 0.471705 0.204061 0.17698 0.0578269 0.0894278
 0.692668 0.198522 0.0420295 0.0364518 0.0303294
 0.391346 0.498523 0.0711394 0.0150611 0.0239308
 0.680305 0.183849 0.111266 0.0158777 0.00870265
 0.588381 0.335186 0.0439544 0.0266014 0.00587665
 0.677587 0.241793 0.0656501 0.00860897 0.0063612
 0.587879 0.335422 0.0575206 0.0156176 0.00356128
 0.317373 0.508507 0.141715 0.0243023 0.00810305
 0.281821 0.35395 0.271324 0.0756149 0.0172905
 0.523594 0.21444 0.129108 0.0989693 0.0338886
 0.508757 0.344305 0.0661397 0.0398209 0.0409774
 0.602827 0.277466 0.083901 0.0161171 0.0196891
 0.572883 0.328788 0.0686932 0.0207717 0.00886469
 0.479035 0.383898 0.105512 0.0220445 0.00951068
 0.491859 0.333208 0.128907 0.0354293 0.0105958
 0.457983 0.360561 0.118988 0.0460326 0.0164355
 0.64687 0.223898 0.0859678 0.0283701 0.0148941
 0.573023 0.337151 0.0569528 0.0218676 0.0110051
 0.455339 0.397906 0.115882 0.0195752 0.0112986
 0.54163 0.288269 0.124268 0.0361906 0.00964207
 0.460263 0.38121 0.0996972 0.042978 0.0158511
 0.13055 0.551776 0.224369 0.0586789 0.0346251
pobs_pel_tallas
 0 0 0 0 0 0 0 0 0 0 0 0 0 0 0 0 0 0 0 0 0 0 0 0 0 0 0 0 0 0 0 0 0 0 0 0
 0 0 0 0 0 0 0 0 0 0 0 0 0 0 0 0 0 0 0 0 0 0 0 0 0 0 0 0 0 0 0 0 0 0 0 0
 0 0 0 0 0 0 0 0 0 0 0 0 0 0 0 0 0 0 0 0 0 0 0 0 0 0 0 0 0 0 0 0 0 0 0 0
 0 0 0 0 0 0 0 0 0 0 0 0 0 0 0 0 0 0 0 0 0 0 0 0 0 0 0 0 0 0 0 0 0 0 0 0
 0 0 0 0 0 0 0 0 0 0 0 0 0 0 0 0 0 0 0 0 0 0 0 0 0 0 0 0 0 0 0 0 0 0 0 0
 0 0 0 0 0 0 0 0 0 0 0 0 0 0 0 0 0 0 0 0 0 0 0 0 0 0 0 0 0 0 0 0 0 0 0 0
 0 0 0 0 0 0 0 0 0 0 0 0 0 0 0 0 0 0 0 0 0 0 0 0 0 0 0 0 0 0 0 0 0 0 0 0
 0 0 0 0 0 0 0 0 0 0 0 0 0 0 0 0 0 0 0 0 0 0 0 0 0 0 0 0 0 0 0 0 0 0 0 0
 0 0 0 0 0 0 0 0 0 0 0 0 0 0 0 0 0 0 0 0 0 0 0 0 0 0 0 0 0 0 0 0 0 0 0 0
 0 0 0 0 0 0 0 0 0 0 0 0 0 0 0 0 0 0 0 0 0 0 0 0 0 0 0 0 0 0 0 0 0 0 0 0
 0 0 0 0 0 0 0 0 1.78061e-05 0.00172719 0.00360574 0.0105946 0.0120993 0.0124554 0.0147524 0.0171206 0.0266825 0.0428682 0.0675386 0.121331 0.153587 0.119568 0.100827 0.0573624 0.0630603 0.0341343 0.0324427 0.0444173 0.0211091 0.0280891 0.0125444 0.00206551 0 0 0 0
 0 0 0 0 0 0 0 0 0 0 0 0 0 0 0 0 0 0 0 0 0 0 0 0 0 0 0 0 0 0 0 0 0 0 0 0
 0 0 0 0 0 0 0.0133647 0.0140871 0.0187388 0.0205184 0.03894 0.0496705 0.03968 0.0493445 0.0407372 0.0367815 0.0215668 0.0243155 0.0234873 0.0199281 0.019796 0.0243948 0.0301388 0.0376714 0.0412746 0.0863199 0.0771752 0.113111 0.0741005 0.0525337 0.0229764 0.00759418 0.00175318 0 0 0
 0 0 0 0 0 0 0 0 0 0 0.00219441 0.00772107 0.0458388 0.0604681 0.0671733 0.0775358 0.0609151 0.0617685 0.073594 0.0568108 0.0755445 0.0548602 0.0670107 0.0636378 0.0643287 0.046367 0.0373049 0.0286899 0.0247887 0.0153202 0.00654259 0.00121912 0.000365735 0 0 0
 0 0 0 0 0 0 0 0 0 0 0 0 0.000112435 0.00938835 0.0111873 0.0202946 0.0414886 0.0713402 0.111592 0.104902 0.108894 0.110636 0.117776 0.105296 0.107544 0.0401394 0.0192827 0.0124803 0.00416011 0.0028671 0.000618394 0 0 0 0 0
 0 0 0 0 0 0 0 0 0 0 0.00291406 0.0102884 0.027416 0.0768956 0.0749926 0.110853 0.0956884 0.0897413 0.0766577 0.0534642 0.0500743 0.0551293 0.0594112 0.0620874 0.0668451 0.0424026 0.0208742 0.0120726 0.0048766 0.00582813 0.00118941 0.000297354 0 0 0 0
 0 0.00264628 0.0354308 0.0461629 0.0458689 0.0383711 0.0214643 0.0164657 0.0346957 0.0420465 0.0363128 0.0245516 0.0311673 0.0291091 0.0169068 0.0133784 0.00837989 0.0085269 0.0148486 0.0160247 0.0276389 0.0546898 0.0760071 0.122758 0.109233 0.0665981 0.0333725 0.0166128 0.00676272 0.00308733 0.000882094 0 0 0 0 0
 0 0 0 0 0 0 0 0.000805153 0.000690131 0.00759144 0.0133425 0.0154129 0.00931677 0.000345066 0.00356568 0.00563607 0.00851162 0.0253048 0.0502646 0.0516448 0.0657925 0.0565908 0.0611916 0.0827007 0.0866115 0.110766 0.145733 0.0935128 0.0569358 0.0249597 0.0138026 0.00621118 0.00161031 0.00115022 0 0
 0 0 0 0 0 0 0 0 0 0 0 0 0 0 0 0 0 0 0 0 0 0 0 0 0 0 0 0 0 0 0 0 0 0 0 0
 0.00147267 0.00158595 0.00478618 0.00569244 0.00954404 0.0108468 0.00647125 0.017049 0.0510054 0.094081 0.124002 0.0959785 0.0687766 0.0820023 0.061753 0.0591476 0.0492212 0.0479892 0.0443925 0.0268479 0.0217502 0.0140895 0.0121071 0.0120363 0.00920419 0.00665534 0.0049561 0.00860946 0.00930331 0.0156896 0.0114698 0.00855282 0.00243557 0.00046729 0 2.83206e-05
 0 0 0 0 0.000772559 0.00158375 0.000888443 0.00281984 0.00712685 0.0440552 0.0773331 0.111326 0.0921469 0.0852325 0.0710754 0.0886704 0.0786465 0.0553345 0.0373146 0.0185414 0.00753245 0.00457741 0.012979 0.0271748 0.0457355 0.0583668 0.034881 0.0177882 0.00938659 0.00492506 0.0015258 0.00185414 0.000309023 5.79419e-05 3.86279e-05 0
 0 0.00173294 0.00326652 0 0.00397197 0.00683976 0.00946217 0.0152591 0.00757587 0.0136028 0.0228656 0.0392903 0.0559909 0.0764795 0.0681675 0.0726916 0.0566044 0.0477403 0.0527397 0.0444891 0.0609904 0.0582453 0.0661739 0.0445044 0.0529084 0.0360697 0.0280645 0.0235558 0.0158879 0.00826598 0.00280645 0.00217768 0.000904811 0.00058276 9.20147e-05 0
 0 0 0 0 0 0 0 0 0 0 0 0 0 0 0 0 0 0 0 0 0 0 0 0 0 0 0 0 0 0 0 0 0 0 0 0
 0 0 0 0 0 0 0 0 0 0 0 0 0 0 0 0 0 0 0 0 0 0 0 0 0 0 0 0 0 0 0 0 0 0 0 0
 0 0 0 0 0 0 0 0 0 0 0 0 0 0 0 0 0 0 0 0 0 0 0 0 0 0 0 0 0 0 0 0 0 0 0 0
ppred_pel_tallas
 1.04194e-16 1.05545e-05 6.18771e-05 0.000293991 0.00113164 0.00352869 0.0089137 0.0182424 0.0302532 0.0406727 0.0443747 0.0394147 0.0288103 0.018018 0.0109985 0.00869423 0.0101791 0.0142681 0.0201725 0.0273719 0.0353262 0.0433382 0.0505874 0.056268 0.0597578 0.0607507 0.0593108 0.0558263 0.0508898 0.0451467 0.0391645 0.0333559 0.0279656 0.0231017 0.0187883 0.0150115
 1.0817e-16 1.61528e-05 9.47682e-05 0.000450414 0.001734 0.00540719 0.0136583 0.0279482 0.0463331 0.0622419 0.0677785 0.0598974 0.0431214 0.0256627 0.0133908 0.00751296 0.00637944 0.00801872 0.0112261 0.0154446 0.0203604 0.0256601 0.0309695 0.0358892 0.0400606 0.0432236 0.0452464 0.0461167 0.0459084 0.044737 0.0427263 0.0399951 0.0366628 0.0328624 0.0287521 0.0245125
 1.10262e-16 9.95259e-06 5.8353e-05 0.000277259 0.00106725 0.00332793 0.00840649 0.0172039 0.0285291 0.0383494 0.0418257 0.0371168 0.0270575 0.0167775 0.00999098 0.00756267 0.00859797 0.0119701 0.0169492 0.0230912 0.0299714 0.0370505 0.0436914 0.0492644 0.053278 0.0554793 0.0558906 0.0547675 0.0525005 0.049497 0.0460868 0.0424769 0.038759 0.0349528 0.0310599 0.0271049
 1.08745e-16 2.05896e-05 0.000120821 0.000574284 0.00221095 0.00689455 0.0174152 0.0356347 0.0590721 0.079343 0.0863696 0.0762525 0.0547335 0.0322465 0.0162229 0.00813685 0.00581382 0.00667724 0.00915488 0.0125456 0.0165172 0.0207976 0.0250844 0.0290626 0.0324566 0.0350759 0.0368352 0.0377434 0.0378695 0.0373031 0.0361242 0.0343934 0.0321618 0.0294888 0.0264588 0.0231881
 1.03332e-16 3.02242e-05 0.000177386 0.0008432 0.00324635 0.0101234 0.025571 0.0523219 0.0867307 0.116481 0.126764 0.111838 0.0801081 0.0468542 0.0229314 0.0104302 0.00607229 0.00598911 0.00780316 0.0104508 0.0134599 0.0165044 0.019266 0.0214465 0.0228231 0.0232966 0.0229079 0.0218164 0.0202498 0.0184425 0.0165854 0.0147992 0.0131343 0.0115903 0.0101431 0.00876855
 1.02808e-16 1.70975e-05 0.000100292 0.000476627 0.00183484 0.00572162 0.0144528 0.0295756 0.0490372 0.0658929 0.0718029 0.0635691 0.0460149 0.0278836 0.0154553 0.0100832 0.0100834 0.0133867 0.0186544 0.0251236 0.0321721 0.0390886 0.0450735 0.0493699 0.0514295 0.0510407 0.0483746 0.0439277 0.0383876 0.0324673 0.026762 0.0216664 0.0173615 0.0138553 0.01105 0.00880731
 1.02592e-16 2.96848e-05 0.00017422 0.00082815 0.0031884 0.00994272 0.0251145 0.051388 0.0851823 0.114401 0.124499 0.109837 0.0786692 0.0460015 0.0224947 0.0102024 0.005907 0.00581442 0.00759961 0.0102325 0.0132672 0.0164009 0.0193331 0.0217709 0.0234794 0.0243272 0.0243058 0.0235168 0.0221333 0.0203513 0.0183482 0.0162598 0.0141767 0.0121549 0.0102315 0.00843656
 1.01922e-16 2.56825e-05 0.000150709 0.000716347 0.00275788 0.00860012 0.0217234 0.0444506 0.0736879 0.0989788 0.107756 0.095162 0.0683672 0.0403978 0.0205365 0.0106308 0.00796502 0.00929823 0.0126068 0.0169102 0.0216463 0.0263036 0.0303392 0.033244 0.0346495 0.0344136 0.0326505 0.0296923 0.025999 0.0220467 0.0182324 0.0148188 0.0119254 0.00955699 0.00764889 0.0061104
 1.01604e-16 2.95685e-05 0.000173532 0.000824869 0.00317575 0.00990325 0.0250149 0.0511845 0.0848467 0.113955 0.124026 0.109449 0.0784556 0.0460054 0.0227351 0.0107103 0.00674349 0.00706246 0.00933891 0.0125077 0.016057 0.0195948 0.0227239 0.0250704 0.0263559 0.026459 0.0254385 0.023509 0.0209794 0.0181768 0.0153807 0.0127846 0.0104891 0.00852027 0.00685736 0.00546084
 1.01629e-16 2.56606e-05 0.000150581 0.000715736 0.00275553 0.00859278 0.0217049 0.0444127 0.073625 0.0988946 0.107665 0.0950821 0.0683114 0.0403684 0.0205282 0.0106377 0.00798449 0.00933176 0.0126586 0.0169857 0.0217515 0.0264431 0.0305153 0.0334549 0.0348881 0.0346664 0.0328982 0.0299109 0.0261626 0.0221309 0.0182184 0.0146963 0.0116949 0.00923023 0.0072469 0.00566066
 1.03391e-16 1.38725e-05 8.13576e-05 0.000386606 0.00148823 0.00464072 0.0117226 0.0239895 0.0397786 0.0534621 0.0582843 0.0516651 0.0375384 0.0230278 0.0132709 0.00941921 0.0101631 0.0138694 0.0194703 0.026321 0.0338375 0.0413118 0.0479307 0.0529096 0.0556617 0.0559285 0.0538299 0.0498126 0.0445217 0.0386416 0.0327579 0.0272772 0.0224133 0.0182243 0.0146715 0.011677
 1.07373e-16 1.23162e-05 7.22346e-05 0.000343264 0.00132141 0.00412052 0.0104084 0.0212995 0.0353159 0.0474575 0.0517202 0.0458043 0.033189 0.0201806 0.0113173 0.00759809 0.00784569 0.0106176 0.0150098 0.0205411 0.0268319 0.0334257 0.0397737 0.0453112 0.0495643 0.0522365 0.0532494 0.0527218 0.0509048 0.0480997 0.0445893 0.0406025 0.0363131 0.0318594 0.0273692 0.0229726
 1.06887e-16 2.28526e-05 0.000134106 0.00063744 0.00245411 0.00765285 0.0193306 0.0395538 0.0655682 0.0880664 0.0958604 0.0846194 0.0607125 0.0357145 0.0178645 0.00878553 0.00604739 0.00677165 0.00919475 0.012523 0.0163782 0.0204579 0.0244365 0.0279863 0.0308341 0.032811 0.0338718 0.03408 0.0335655 0.032475 0.0309332 0.0290272 0.0268129 0.0243352 0.0216491 0.018832
 1.04335e-16 2.22108e-05 0.000130327 0.000619445 0.00238478 0.00743662 0.0187846 0.0384376 0.0637215 0.0855973 0.0932025 0.0823436 0.0592328 0.0351513 0.0181493 0.00985345 0.00794649 0.00965223 0.0132338 0.0178352 0.0229358 0.0280338 0.0325837 0.0360665 0.0380985 0.0385162 0.0374078 0.0350739 0.0319389 0.0284417 0.0249437 0.0216789 0.0187498 0.0161591 0.0138564 0.0117802
 1.02756e-16 2.63101e-05 0.000154399 0.000733901 0.00282549 0.00881096 0.0222559 0.0455397 0.0754915 0.101396 0.110373 0.0974389 0.0699282 0.0411706 0.0206545 0.0102484 0.00714799 0.00802178 0.0108064 0.0145364 0.0187076 0.0228939 0.0266471 0.0295398 0.0312502 0.0316317 0.0307401 0.0288052 0.0261621 0.0231662 0.0201199 0.0172311 0.014608 0.0122799 0.0102301 0.00842628
 1.02211e-16 2.50065e-05 0.000146741 0.000697482 0.00268525 0.00837362 0.0211513 0.04328 0.0717474 0.0963728 0.10492 0.0926607 0.0665769 0.0393539 0.0200322 0.0104143 0.00786053 0.0092207 0.0125299 0.016838 0.021601 0.026321 0.030466 0.0335325 0.0351498 0.0351637 0.0336671 0.0309647 0.0274878 0.0236878 0.0199456 0.0165189 0.0135339 0.0110113 0.00890738 0.0071544
 1.02825e-16 2.09166e-05 0.000122724 0.000583294 0.00224557 0.00700249 0.017688 0.0361943 0.0600045 0.0806099 0.0877867 0.0775939 0.0558928 0.0333231 0.0174884 0.00994855 0.00854932 0.0106967 0.0147576 0.0199019 0.0255833 0.0312439 0.0362662 0.0400586 0.0421787 0.0424314 0.0409062 0.0379381 0.0340106 0.0296362 0.0252516 0.021159 0.0175156 0.0143623 0.0116692 0.00937838
 1.03651e-16 2.14738e-05 0.000126 0.000598877 0.00230559 0.00718967 0.0181608 0.0371612 0.0616057 0.0827558 0.09011 0.0796151 0.0572785 0.0340088 0.0175925 0.00960773 0.00782116 0.00955787 0.0131489 0.0177768 0.022946 0.0281743 0.032929 0.0366927 0.0390672 0.0398573 0.0391044 0.0370557 0.0340857 0.0305983 0.0269433 0.0233687 0.0200151 0.0169387 0.0141476 0.0116332
 1.04157e-16 1.99976e-05 0.000117331 0.00055766 0.00214689 0.00669475 0.0169107 0.0346036 0.0573673 0.0770669 0.0839277 0.0741817 0.0534324 0.0318514 0.0167085 0.00949556 0.00815579 0.0102145 0.0141195 0.0190904 0.0246221 0.0302001 0.035251 0.0392203 0.0416849 0.0424445 0.0415561 0.0392991 0.0360877 0.0323633 0.0285024 0.0247655 0.0212912 0.0181244 0.0152575 0.0126674
 1.02965e-16 2.82284e-05 0.000165666 0.000787477 0.00303179 0.00945431 0.0238809 0.0488642 0.0810002 0.108788 0.118403 0.104486 0.0748949 0.0439126 0.021693 0.010209 0.00642051 0.0067321 0.0089307 0.0120137 0.0155102 0.0190657 0.0223186 0.0249222 0.0266097 0.0272488 0.0268646 0.0256178 0.0237526 0.0215315 0.01918 0.0168557 0.0146461 0.0125848 0.0106766 0.00891901
 1.02184e-16 2.50129e-05 0.000146778 0.000697657 0.00268592 0.00837571 0.0211566 0.0432909 0.0717656 0.0963979 0.104949 0.0926903 0.0666067 0.0393886 0.020081 0.0104894 0.00797556 0.00938892 0.0127617 0.0171377 0.0219628 0.0267264 0.0308833 0.0339197 0.0354609 0.0353565 0.033712 0.0308508 0.027225 0.0233051 0.019485 0.0160277 0.0130566 0.0105834 0.00855203 0.00688148
 1.02976e-16 1.98839e-05 0.00011666 0.000554462 0.00213456 0.00665629 0.0168136 0.0344052 0.0570395 0.0766298 0.0834606 0.0737897 0.0531953 0.0318008 0.0168469 0.00983237 0.00872551 0.0110728 0.0153252 0.0206824 0.0265979 0.032498 0.0377435 0.0417203 0.0439675 0.0442792 0.0427443 0.039705 0.0356589 0.0311337 0.0265813 0.0223155 0.018502 0.0151872 0.0123448 0.0099193
 1.03553e-16 2.36422e-05 0.000138735 0.000659428 0.00253874 0.00791676 0.0199973 0.0409185 0.0678321 0.0911125 0.0991902 0.0875922 0.0629182 0.0371579 0.0188549 0.00971087 0.00723077 0.00844323 0.011507 0.0155518 0.0201019 0.0247311 0.0289779 0.032393 0.034627 0.0355022 0.0350422 0.033446 0.0310226 0.0281076 0.0249938 0.0218912 0.0189232 0.0161454 0.0135766 0.0112236
 1.03757e-16 2.00979e-05 0.000117918 0.000560446 0.00215761 0.00672817 0.0169951 0.0347765 0.0576544 0.0774541 0.0843532 0.0745669 0.0537294 0.0320676 0.0168927 0.00971016 0.00845737 0.0106484 0.0147181 0.019868 0.0255674 0.0312688 0.0363648 0.0402719 0.042553 0.0430131 0.0417359 0.0390437 0.0354021 0.0313014 0.0271559 0.0232468 0.0197156 0.0165941 0.0138517 0.0114376
 1.06999e-16 5.72803e-06 3.35382e-05 0.000159257 0.000612868 0.00191092 0.0048274 0.00988181 0.0163966 0.0220698 0.0241474 0.0216114 0.0161506 0.0108005 0.00781618 0.00784118 0.0105104 0.0152875 0.0217773 0.0296156 0.0382916 0.0470834 0.055126 0.0615657 0.0657403 0.067319 0.0663579 0.0632494 0.058594 0.0530405 0.0471499 0.0413196 0.0357752 0.0306098 0.0258442 0.0214774
pSPR Fmed_Fpbrs
0.543325   0.255595 0.255595
Fs Fmed_Fpbrs
0.344803   1.005 1.005
SSBpbr Bo_Bmed_Bpbrs
943454  465429  193969 193969
Ro
32859.6
SPR SPRFo_SPRFmed_SPRFpbrs
675686 367118 172702
log_Ro
10.22
likeval ReclasPelacesDesembMPH_pf_preclas_ppelaces_ptallas_desvR_qrecl_qpela
 99.9725 104.655 0.0265763 0.000604551 349.578 204.69 82.8454 0 19.0679 0 0 0 0 0 0
q_reclas_q_pelaces
1 1
M
0.7
N
 27497.9 31794.3 13381.3 1711.8 0.216039
 33038.4 12384.4 12987 5465.88 699.309
 11188.8 14300.8 4672.69 4900.05 2326.15
 15697.7 3770.2 3269.85 1068.4 1652.26
 46975.2 6871.41 1454.76 1261.7 1049.79
 27839.9 22756.8 3247.4 687.516 1092.4
 65444.2 10235.8 6194.74 883.993 484.521
 75709.9 27247.7 3573.11 2162.46 477.721
 130994 28363.5 7701.09 1009.88 746.201
 161109 51519.5 8834.94 2398.81 546.999
 70175.6 69724.1 19431.3 3332.22 1111.05
 34857.1 26886.2 20609.9 5743.75 1313.4
 48292.2 13511.2 8134.73 6235.77 2135.22
 28099.3 16465.4 3162.94 1904.32 1959.63
 19515.8 7200.65 2177.36 418.263 510.962
 15492 5487.74 1146.55 346.697 147.959
 12548.5 5969 1640.54 342.756 147.876
 13174.3 5068.02 1960.65 538.872 161.159
 12625.2 5612.27 1852.1 716.515 255.825
 27802.7 5415.24 2079.23 686.165 360.233
 38743.4 11974 2022.7 776.635 390.85
 38850.3 18129.4 5279.8 891.883 514.787
 61525.4 17822.3 7682.92 2237.49 596.123
 60928.6 27584 7214 3109.85 1146.97
 11509 27175.6 11050.4 2890 1705.32
pred_Ctot
 1850.52 4103.2 1726.93 220.917 0.0278809
 3073.56 2173.43 2279.18 959.246 122.727
 2644.66 5797.95 1894.44 1986.62 943.086
 1347.67 613.418 532.011 173.831 268.825
 827.275 239.406 50.6853 43.9589 36.5756
 5288.4 7651.98 1091.94 231.178 367.321
 7682.08 2231.25 1350.36 192.698 105.618
 13589.7 8718.41 1143.28 691.919 152.855
 19859.9 7808.66 2120.16 278.025 205.434
 15007 9052.3 1552.35 421.486 96.1112
 11704 20905.5 5826.12 999.106 333.129
 5579.76 7771.7 5957.48 1660.28 379.65
 11121.8 5359.5 3226.81 2473.54 846.979
 10154.4 9344.44 1795.03 1080.74 1112.13
 6288.18 3747.67 1133.23 217.69 265.937
 2533.61 1616.92 337.822 102.152 43.595
 1705.02 1488.06 408.984 85.4487 36.8652
 1358.68 979.608 378.978 104.16 31.1508
 1247.64 1042.36 343.989 133.078 47.5142
 2675.58 981.073 376.692 124.312 65.2629
 1613.08 971.639 164.133 63.0203 31.7157
 2138.97 1929 561.782 94.8982 54.7744
 4324.6 2397.77 1033.64 301.028 80.2013
 4489.23 3881.73 1015.18 437.63 161.407
 1043.69 4656.03 1893.29 495.147 292.176
F
 0.0976683 0.195337 0.195337 0.195337 0.195337
 0.137353 0.274705 0.274705 0.274705 0.274705
 0.387786 0.775571 0.775571 0.775571 0.775571
 0.126142 0.252285 0.252285 0.252285 0.252285
 0.0247569 0.0495138 0.0495138 0.0495138 0.0495138
 0.300581 0.601162 0.601162 0.601162 0.601162
 0.176227 0.352454 0.352454 0.352454 0.352454
 0.281804 0.563608 0.563608 0.563608 0.563608
 0.233195 0.46639 0.46639 0.46639 0.46639
 0.137538 0.275075 0.275075 0.275075 0.275075
 0.259386 0.518772 0.518772 0.518772 0.518772
 0.247736 0.495472 0.495472 0.495472 0.495472
 0.376009 0.752018 0.752018 0.752018 0.752018
 0.661574 1.32315 1.32315 1.32315 1.32315
 0.568708 1.13742 1.13742 1.13742 1.13742
 0.253745 0.50749 0.50749 0.50749 0.50749
 0.206652 0.413304 0.413304 0.413304 0.413304
 0.153316 0.306632 0.306632 0.306632 0.306632
 0.146477 0.292955 0.292955 0.292955 0.292955
 0.142393 0.284785 0.284785 0.284785 0.284785
 0.0594264 0.118853 0.118853 0.118853 0.118853
 0.0792668 0.158534 0.158534 0.158534 0.158534
 0.102213 0.204426 0.204426 0.204426 0.204426
 0.107384 0.214768 0.214768 0.214768 0.214768
 0.133679 0.267358 0.267358 0.267358 0.267358
YTP_r0W_actual
 11689.4 102433 62478.5 20350.6 12505.1
YTP_p0W_proyectada
 70639.9 51606.5 155429 82446.3 33998.1
 70639.9 88155 13676.4 36855.2 20234.5
CTP_r0_actual
 1043.69 4656.03 1893.29 495.147 292.176
CTP_p0_proyectada
 8310.57 2411.52 4981.69 2025.71 731.141
 8310.57 4119.39 438.348 905.534 435.15
Wmedp
 8.5 21.4 31.2 40.7 46.5
nmprior
 10.6 11 7 0
nm_flota  nm_reclas  nm_pelaces    nm_pelaL
inf 14.8683 11.4167 23.7028
cv_recla  cv_pelaces  cv_mph
0.90441 1.15999 0.797728
 ------------------------------------------------
Talla a la edad & desviaci?n 
 7.2 14.2025 17.0495 18.207 18.6776
 1.08 2.13037 2.55742 2.73105 2.80164
