years
 1997 1998 1999 2000 2001 2002 2003 2004 2005 2006 2007 2008 2009 2010 2011 2012 2013 2014 2015 2016 2017 2018 2019 2020 2021
reclasobs
 0 0 0 370054 412103 1.49427e+06 250295 1.28982e+06 931140 785840 897777 1.04006e+06 184774 17550 25797 100020 73551 82996 120727 218422 84188 347160 605670 569463 516374
reclaspred
 450619 133365 458482 328737 431914 508054 1.07855e+06 676031 693966 574020 436561 290899 177448 85197 63104 66751.6 85975.5 120349 128944 183219 259614 236131 411697 529804 636266
pelacesobs
 0 0 0 0 0 0 0 0 0 2.06254e+06 1.5e+06 0 1.87456e+06 323000 250000 174000 83755 137374 0 501740 490994 745055 786931 1.00524e+06 1.33801e+06
pelacespred
 1.85968e+06 499657 1.01219e+06 1.11901e+06 1.24169e+06 1.24402e+06 2.86183e+06 2.35012e+06 2.0789e+06 1.75771e+06 1.20521e+06 823871 498317 202940 147150 165162 221124 311618 346045 476100 744747 667075 914338 1.39427e+06 1.68368e+06
mphobs
 0 0 0 0 0 112323 0 153150 637223 0 255016 313432 73983 77613 109348 50772 0 0 0 0 0 0 0 0 0
mphpred
 161538 112447 149191 205300 195738 277245 415902 470785 379206 350451 299024 206343 127162 67339.2 34442.9 31006.6 38504.1 54626.4 69133.7 80105.3 117593 136488 171077 245912 343579
desembarqueobs
 350755 77701 442110 56441 14545 235359 269955 359681 431902 328805 639364 411747 362871 311530 167758 66681 60226 58785 57116 73181 50977 67692 138656 160484 209506
desembarquepred
 350766 77704.9 442157 56442.8 14545.1 235394 269982 359718 431986 328877 639799 412121 363386 312161 167866 66699.5 60246.8 58789.5 57115.6 73184.9 50978.6 67690.3 138662 160492 209510
Reclutas
 80729.5 100927 65410.1 93924.2 153436 115058 169407 142373 153418 137603 68296.3 41453.1 42275.2 24681.7 19978.5 26122.4 22454.6 25731.5 29478.1 50878.2 63461.1 82105.9 134661 164612 78040.8
log_desv_Rt
 0.178859 0.402151 -0.0315684 0.330243 0.821038 0.533189 0.920058 0.746205 0.820923 0.712126 0.0116105 -0.487682 -0.468044 -1.00618 -1.21759 -0.949453 -1.10075 -0.964529 -0.828597 -0.28281 -0.061817 0.195765 0.690518 0.891346 0.144987
SSB
 965143 671843 891375 1.22661e+06 1.16948e+06 1.65646e+06 2.4849e+06 2.81281e+06 2.26566e+06 2.09385e+06 1.78659e+06 1.23284e+06 759758 402333 205787 185256 230051 326378 413055 478607 702587 815481 1.02214e+06 1.46926e+06 2.05279e+06
BT
 3.32557e+06 935538 1.88217e+06 1.86539e+06 2.01788e+06 2.18988e+06 4.81596e+06 4.20419e+06 3.75701e+06 3.15821e+06 2.5318e+06 1.71184e+06 1.16329e+06 629888 382265 322476 407238 550637 607385 829582 1.24616e+06 1.13871e+06 1.57135e+06 2.38392e+06 2.87767e+06
Ftot
 0.302933 0.218095 0.29203 0.0534933 0.0117803 0.125342 0.0785549 0.16184 0.19237 0.169721 0.383807 0.361949 0.567259 0.984217 0.8669 0.334806 0.236129 0.156528 0.131128 0.135097 0.0643205 0.085988 0.102133 0.0974072 0.0880297
BD_Bspro_t
 0.96369 0.828732 0.809812 0.730001 0.812795 0.890661 0.868756 0.869857 0.822384 0.779651 0.73284 0.585914 0.473362 0.359866 0.244184 0.266058 0.39188 0.563695 0.671622 0.747013 0.824913 0.877192 0.881437 0.885534 0.889388
BD_Bspro
 0.695271 0.483983 0.642131 0.883628 0.842473 1.19328 1.79008 2.0263 1.63214 1.50837 1.28702 0.888116 0.547316 0.289834 0.148245 0.133455 0.165725 0.235117 0.297557 0.34478 0.506131 0.587458 0.736328 1.05842 1.47879
BD_Bo
 0.601741 0.418876 0.555749 0.76476 0.729141 1.03276 1.54927 1.75371 1.41258 1.30546 1.11389 0.768644 0.473689 0.250844 0.128303 0.115502 0.143431 0.203488 0.257529 0.298399 0.438045 0.508431 0.637275 0.916042 1.27986
BD_Brms
 2.13445 1.48581 1.97131 2.7127 2.58635 3.66333 5.49546 6.22064 5.01058 4.63063 3.9511 2.72648 1.68023 0.889776 0.455105 0.409701 0.508768 0.721797 0.913487 1.05846 1.5538 1.80347 2.26049 3.24931 4.53983
S_f
 0.205458 1 1 1 1
 0.205458 1 1 1 1
 0.205458 1 1 1 1
 0.205458 1 1 1 1
 0.205458 1 1 1 1
 0.205458 1 1 1 1
 0.205458 1 1 1 1
 0.205458 1 1 1 1
 0.205458 1 1 1 1
 0.205458 1 1 1 1
 0.205458 1 1 1 1
 0.205458 1 1 1 1
 0.205458 1 1 1 1
 0.205458 1 1 1 1
 0.205458 1 1 1 1
 0.205458 1 1 1 1
 0.205458 1 1 1 1
 0.205458 1 1 1 1
 0.205458 1 1 1 1
 0.205458 1 1 1 1
 0.205458 1 1 1 1
 0.205458 1 1 1 1
 0.205458 1 1 1 1
 0.205458 1 1 1 1
 0.205458 1 1 1 1
Scru_reclas
 1 1 1 1 1
 1 1 1 1 1
 1 1 1 1 1
 1 1 1 1 1
 1 1 1 1 1
 1 1 1 1 1
 1 1 1 1 1
 1 1 1 1 1
 1 1 1 1 1
 1 1 1 1 1
 1 1 1 1 1
 1 1 1 1 1
 1 1 1 1 1
 1 1 1 1 1
 1 1 1 1 1
 1 1 1 1 1
 1 1 1 1 1
 1 1 1 1 1
 1 1 1 1 1
 1 1 1 1 1
 1 1 1 1 1
 1 1 1 1 1
 1 1 1 1 1
 1 1 1 1 1
 1 1 1 1 1
Scru_pelaces
 0.983223 1 1 1 1
 0.983223 1 1 1 1
 0.983223 1 1 1 1
 0.983223 1 1 1 1
 0.983223 1 1 1 1
 0.983223 1 1 1 1
 0.983223 1 1 1 1
 0.983223 1 1 1 1
 0.983223 1 1 1 1
 0.983223 1 1 1 1
 0.983223 1 1 1 1
 0.983223 1 1 1 1
 0.983223 1 1 1 1
 0.983223 1 1 1 1
 0.983223 1 1 1 1
 0.983223 1 1 1 1
 0.983223 1 1 1 1
 0.983223 1 1 1 1
 0.983223 1 1 1 1
 0.983223 1 1 1 1
 0.983223 1 1 1 1
 0.983223 1 1 1 1
 0.983223 1 1 1 1
 0.983223 1 1 1 1
 0.983223 1 1 1 1
pf_obs 
 0.256992 0.487395 0.22802 0.0275931 0
 0.321318 0.546541 0.124235 0.00734118 0.000564706
 0.182869 0.594174 0.210203 0.0122559 0.00049798
 0.330522 0.361315 0.267642 0.0388342 0.00168674
 0.649043 0.306663 0.0425973 0.00169635 0
 0.582887 0.30429 0.105238 0.00758474 0
 0.465427 0.430635 0.0974691 0.00646863 0
 0.296916 0.608066 0.0921331 0.00288517 0
 0.311714 0.524322 0.152257 0.0117073 0
 0.15457 0.633149 0.183074 0.0267441 0.00246327
 0.131901 0.49318 0.331252 0.0422183 0.00144891
 0.196976 0.569456 0.194076 0.0375587 0.00193317
 0.518974 0.381816 0.0799577 0.0180837 0.00116848
 0.0928022 0.601141 0.25162 0.0475244 0.00691264
 0.122501 0.610282 0.24278 0.0234846 0.000952079
 0.383417 0.481906 0.127806 0.00687128 0
 0.0376549 0.599619 0.316969 0.0457579 0
 0.0361596 0.667082 0.258105 0.0386534 0
 0.158088 0.579412 0.248529 0.0139706 0
 0.0477256 0.309471 0.559284 0.082774 0.000745712
 0.0406174 0.521527 0.379366 0.0568643 0.0016247
 0.151134 0.462217 0.34131 0.0453401 0
 0.294876 0.26143 0.354403 0.0886775 0.000613685
 0.281977 0.475581 0.204845 0.0348837 0.00271318
 0.0841818 0.532909 0.334909 0.0458182 0.00218182
pf_pred 
 0.390718 0.430343 0.160061 0.0188685 9.42347e-06
 0.316826 0.534088 0.105301 0.0391655 0.00461926
 0.180991 0.584394 0.183416 0.0361625 0.0150365
 0.261605 0.407018 0.23645 0.0742115 0.0207155
 0.304642 0.443959 0.138576 0.0805033 0.0323195
 0.181323 0.558244 0.166276 0.051901 0.0422556
 0.254985 0.396922 0.23736 0.0706991 0.0400344
 0.191302 0.511955 0.158096 0.0945416 0.0441057
 0.214098 0.434776 0.222284 0.068643 0.0601987
 0.19483 0.475995 0.182106 0.0931038 0.0539655
 0.11927 0.492942 0.22925 0.0877067 0.070832
 0.119017 0.387656 0.276113 0.128411 0.0888029
 0.193157 0.352506 0.19992 0.142396 0.112021
 0.182232 0.492854 0.141953 0.0805075 0.102453
 0.255464 0.472835 0.163749 0.0471636 0.0607881
 0.341458 0.471634 0.1187 0.0411075 0.0271002
 0.235593 0.570399 0.138944 0.0349694 0.0200941
 0.247279 0.470718 0.21043 0.051259 0.0203139
 0.244474 0.477293 0.173995 0.0777829 0.026456
 0.324707 0.422401 0.159761 0.0582401 0.0348911
 0.279016 0.514191 0.129351 0.048923 0.0285193
 0.269373 0.481974 0.177334 0.0446104 0.0267083
 0.317783 0.444072 0.157098 0.0578014 0.0232461
 0.273193 0.511337 0.140255 0.0496174 0.0255978
 0.119295 0.578151 0.212859 0.058385 0.0313105
pobs_RECLAS
 0 0 0 0 0
 0 0 0 0 0
 0 0 0 0 0
 0 0 0 0 0
 0.835266 0.146461 0.0176864 0.000547809 3.91292e-05
 0.385257 0.428462 0.181853 0.0044286 0
 0.867414 0.0963971 0.0333333 0.00285562 0
 0.441836 0.489002 0.0689373 0.000224442 0
 0.779404 0.147425 0.0564933 0.0165055 0.000172143
 0.814271 0.122319 0.05973 0.00367925 0
 0.40263 0.566651 0.0304383 0.000280538 0
 0.475488 0.404961 0.113038 0.00651328 0
 0.955842 0.0263864 0.0167828 0.000988607 0
 0.975058 0.0227948 0.00214734 0 0
 0.738997 0.206755 0.0527124 0.00153531 0
 0.850938 0.134255 0.0134407 0.00136685 0
 0.542534 0.407297 0.0501686 0 0
 0.764087 0.199537 0.0359546 0.000420521 0
 0.470689 0.182191 0.310203 0.0369168 0
 0.84361 0.089868 0.0606195 0.00523954 0.000663233
 0.607945 0.314616 0.071237 0.00620181 0
 0.523733 0.453247 0.0230204 0 0
 0.530135 0.295979 0.169645 0.0042399 0
 0.562478 0.366248 0.0663022 0.0049721 0
 0.250443 0.683176 0.0655157 0.000865301 0
ppred_RECLAS
 0.760549 0.169127 0.0629048 0.00741543 3.70348e-06
 0.695506 0.238046 0.0469333 0.0174563 0.00205883
 0.522381 0.340799 0.106962 0.0210888 0.0087688
 0.633542 0.201999 0.117348 0.0368305 0.0102809
 0.68087 0.203752 0.0635986 0.0369465 0.0148328
 0.520357 0.327062 0.0974173 0.0304075 0.0247565
 0.625782 0.199372 0.119225 0.0355119 0.0201091
 0.537279 0.292931 0.0904593 0.0540948 0.0252364
 0.572582 0.236456 0.120891 0.037332 0.0327395
 0.54302 0.270154 0.103356 0.0528417 0.0306285
 0.402868 0.334213 0.155431 0.0594648 0.0480238
 0.401898 0.263181 0.187454 0.0871785 0.0602886
 0.547679 0.197617 0.112077 0.0798282 0.0627994
 0.540671 0.276829 0.0797333 0.04522 0.0575465
 0.641342 0.227774 0.0788814 0.0227197 0.0292829
 0.720195 0.20039 0.0504341 0.017466 0.0115145
 0.603132 0.296142 0.0721376 0.0181555 0.0104325
 0.617153 0.239415 0.107028 0.0260712 0.010332
 0.613228 0.244338 0.0890722 0.0398189 0.0135435
 0.702077 0.186353 0.0704826 0.0256941 0.0153931
 0.653912 0.246823 0.0620911 0.0234841 0.0136899
 0.643123 0.235422 0.0866194 0.0217901 0.0130457
 0.695007 0.198527 0.0702323 0.0258408 0.0103924
 0.647685 0.247868 0.0679876 0.0240517 0.0124084
 0.39837 0.394948 0.145409 0.0398842 0.0213889
pobs_PELACES
 0 0 0 0 0
 0 0 0 0 0
 0 0 0 0 0
 0 0 0 0 0
 0 0 0 0 0
 0 0 0 0 0
 0 0 0 0 0
 0 0 0 0 0
 0 0 0 0 0
 0 0 0 0 0
 0.450072 0.473896 0.0757376 0.000293798 0
 0 0 0 0 0
 0.463077 0.371075 0.160297 0.00555027 0
 0.529543 0.364841 0.0842815 0.0213345 0
 0.631943 0.363953 0.00410389 0 0
 0.735681 0.248677 0.0153453 0.000297389 0
 0.695825 0.281241 0.0229344 0 0
 0.275771 0.60734 0.115278 0.00161068 0
 0 0 0 0 0
 0.896147 0.0623911 0.0374545 0.00400742 0
 0.803859 0.145111 0.0509908 3.86294e-05 0
 0.739449 0.233085 0.0266225 0.000797448 4.60066e-05
 0.878498 0.100942 0.0204185 0.000141795 0
 0.694673 0.275183 0.0284847 0.00165964 0
 0.469039 0.446079 0.0841089 0.000773354 0
ppred_PELACES
 0.771747 0.161218 0.0599631 0.00706865 3.53029e-06
 0.703965 0.231433 0.0456294 0.0169713 0.00200163
 0.53724 0.330197 0.103635 0.0204327 0.00849601
 0.63287 0.202369 0.117563 0.036898 0.0102998
 0.677857 0.205676 0.064199 0.0372953 0.0149729
 0.524335 0.324349 0.0966092 0.0301553 0.0245512
 0.626643 0.198914 0.118951 0.0354302 0.0200629
 0.543616 0.288919 0.0892204 0.053354 0.0248908
 0.580764 0.231929 0.118576 0.0366173 0.0321127
 0.549855 0.266113 0.10181 0.0520513 0.0301703
 0.42316 0.322855 0.150149 0.0574441 0.0463919
 0.420778 0.254873 0.181537 0.0844265 0.0583855
 0.580082 0.18346 0.104048 0.0741094 0.0583006
 0.599693 0.241258 0.0694879 0.0394094 0.050152
 0.688169 0.198036 0.0685824 0.0197533 0.0254597
 0.73425 0.190324 0.0479007 0.0165886 0.0109361
 0.613851 0.288144 0.0701894 0.0176652 0.0101508
 0.622837 0.235861 0.10544 0.0256842 0.0101786
 0.617361 0.241726 0.0881203 0.0393934 0.0133987
 0.705933 0.183942 0.0695704 0.0253616 0.0151939
 0.6539 0.246832 0.0620933 0.0234849 0.0136903
 0.644413 0.234571 0.0863062 0.0217113 0.0129986
 0.697093 0.197169 0.069752 0.025664 0.0103213
 0.649649 0.246485 0.0676084 0.0239176 0.0123392
 0.399847 0.393978 0.145052 0.0397862 0.0213364
pobs_pel_tallas
 0 0 0 0 0 0 0 0 0 0 0 0 0 0 0 0 0 0 0 0 0 0 0 0 0 0 0 0 0 0 0 0 0 0 0 0
 0 0 0 0 0 0 0 0 0 0 0 0 0 0 0 0 0 0 0 0 0 0 0 0 0 0 0 0 0 0 0 0 0 0 0 0
 0 0 0 0 0 0 0 0 0 0 0 0 0 0 0 0 0 0 0 0 0 0 0 0 0 0 0 0 0 0 0 0 0 0 0 0
 0 0 0 0 0 0 0 0 0 0 0 0 0 0 0 0 0 0 0 0 0 0 0 0 0 0 0 0 0 0 0 0 0 0 0 0
 0 0 0 0 0 0 0 0 0 0 0 0 0 0 0 0 0 0 0 0 0 0 0 0 0 0 0 0 0 0 0 0 0 0 0 0
 0 0 0 0 0 0 0 0 0 0 0 0 0 0 0 0 0 0 0 0 0 0 0 0 0 0 0 0 0 0 0 0 0 0 0 0
 0 0 0 0 0 0 0 0 0 0 0 0 0 0 0 0 0 0 0 0 0 0 0 0 0 0 0 0 0 0 0 0 0 0 0 0
 0 0 0 0 0 0 0 0 0 0 0 0 0 0 0 0 0 0 0 0 0 0 0 0 0 0 0 0 0 0 0 0 0 0 0 0
 0 0 0 0 0 0 0 0 0 0 0 0 0 0 0 0 0 0 0 0 0 0 0 0 0 0 0 0 0 0 0 0 0 0 0 0
 0 0 0 0 0 0 0 0 0 0 0 0 0 0 0 0 0 0 0 0 0 0 0 0 0 0 0 0 0 0 0 0 0 0 0 0
 0 0 0 0 0 0 0 0 1.78061e-05 0.00172719 0.00360574 0.0105946 0.0120993 0.0124554 0.0147524 0.0171206 0.0266825 0.0428682 0.0675386 0.121331 0.153587 0.119568 0.100827 0.0573624 0.0630603 0.0341343 0.0324427 0.0444173 0.0211091 0.0280891 0.0125444 0.00206551 0 0 0 0
 0 0 0 0 0 0 0 0 0 0 0 0 0 0 0 0 0 0 0 0 0 0 0 0 0 0 0 0 0 0 0 0 0 0 0 0
 0 0 0 0 0 0 0.0133647 0.0140871 0.0187388 0.0205184 0.03894 0.0496705 0.03968 0.0493445 0.0407372 0.0367815 0.0215668 0.0243155 0.0234873 0.0199281 0.019796 0.0243948 0.0301388 0.0376714 0.0412746 0.0863199 0.0771752 0.113111 0.0741005 0.0525337 0.0229764 0.00759418 0.00175318 0 0 0
 0 0 0 0 0 0 0 0 0 0 0.00219441 0.00772107 0.0458388 0.0604681 0.0671733 0.0775358 0.0609151 0.0617685 0.073594 0.0568108 0.0755445 0.0548602 0.0670107 0.0636378 0.0643287 0.046367 0.0373049 0.0286899 0.0247887 0.0153202 0.00654259 0.00121912 0.000365735 0 0 0
 0 0 0 0 0 0 0 0 0 0 0 0 0.000112435 0.00938835 0.0111873 0.0202946 0.0414886 0.0713402 0.111592 0.104902 0.108894 0.110636 0.117776 0.105296 0.107544 0.0401394 0.0192827 0.0124803 0.00416011 0.0028671 0.000618394 0 0 0 0 0
 0 0 0 0 0 0 0 0 0 0 0.00291406 0.0102884 0.027416 0.0768956 0.0749926 0.110853 0.0956884 0.0897413 0.0766577 0.0534642 0.0500743 0.0551293 0.0594112 0.0620874 0.0668451 0.0424026 0.0208742 0.0120726 0.0048766 0.00582813 0.00118941 0.000297354 0 0 0 0
 0 0.00264628 0.0354308 0.0461629 0.0458689 0.0383711 0.0214643 0.0164657 0.0346957 0.0420465 0.0363128 0.0245516 0.0311673 0.0291091 0.0169068 0.0133784 0.00837989 0.0085269 0.0148486 0.0160247 0.0276389 0.0546898 0.0760071 0.122758 0.109233 0.0665981 0.0333725 0.0166128 0.00676272 0.00308733 0.000882094 0 0 0 0 0
 0 0 0 0 0 0 0 0.000805153 0.000690131 0.00759144 0.0133425 0.0154129 0.00931677 0.000345066 0.00356568 0.00563607 0.00851162 0.0253048 0.0502646 0.0516448 0.0657925 0.0565908 0.0611916 0.0827007 0.0866115 0.110766 0.145733 0.0935128 0.0569358 0.0249597 0.0138026 0.00621118 0.00161031 0.00115022 0 0
 0 0 0 0 0 0 0 0 0 0 0 0 0 0 0 0 0 0 0 0 0 0 0 0 0 0 0 0 0 0 0 0 0 0 0 0
 0.00147267 0.00158595 0.00478618 0.00569244 0.00954404 0.0108468 0.00647125 0.017049 0.0510054 0.094081 0.124002 0.0959785 0.0687766 0.0820023 0.061753 0.0591476 0.0492212 0.0479892 0.0443925 0.0268479 0.0217502 0.0140895 0.0121071 0.0120363 0.00920419 0.00665534 0.0049561 0.00860946 0.00930331 0.0156896 0.0114698 0.00855282 0.00243557 0.00046729 0 2.83206e-05
 0 0 0 0 0.000772559 0.00158375 0.000888443 0.00281984 0.00712685 0.0440552 0.0773331 0.111326 0.0921469 0.0852325 0.0710754 0.0886704 0.0786465 0.0553345 0.0373146 0.0185414 0.00753245 0.00457741 0.012979 0.0271748 0.0457355 0.0583668 0.034881 0.0177882 0.00938659 0.00492506 0.0015258 0.00185414 0.000309023 5.79419e-05 3.86279e-05 0
 0 0.00173294 0.00326652 0 0.00397197 0.00683976 0.00946217 0.0152591 0.00757587 0.0136028 0.0228656 0.0392903 0.0559909 0.0764795 0.0681675 0.0726916 0.0566044 0.0477403 0.0527397 0.0444891 0.0609904 0.0582453 0.0661739 0.0445044 0.0529084 0.0360697 0.0280645 0.0235558 0.0158879 0.00826598 0.00280645 0.00217768 0.000904811 0.00058276 9.20147e-05 0
 0 0 0 0 0 0 0 0 0 0 0 0 0 0 0 0 0 0 0 0 0 0 0 0 0 0 0 0 0 0 0 0 0 0 0 0
 0 0 0 0 0 0 0 0 0 0 0 0 0 0 0 0 0 0 0 0 0 0 0 0 0 0 0 0 0 0 0 0 0 0 0 0
 0 0 0 0 0 0 0 0 0 0 0 0 0 0 0 0 0 0 0 0 0 0 0 0 0 0 0 0 0 0 0 0 0 0 0 0
ppred_pel_tallas
 1.01147e-16 3.36711e-05 0.000197625 0.000939426 0.00361685 0.0112788 0.0284894 0.058293 0.0966266 0.129765 0.141207 0.124545 0.0891337 0.0519788 0.0251513 0.0109521 0.00570032 0.00506392 0.00638809 0.00850564 0.0109364 0.0133875 0.0155878 0.017284 0.0182839 0.0184967 0.0179493 0.0167712 0.0151563 0.0133133 0.0114246 0.00962092 0.0079769 0.00652165 0.00525573 0.00416703
 1.014e-16 3.07183e-05 0.000180283 0.000856967 0.00329934 0.0102887 0.0259884 0.0531763 0.0881477 0.118386 0.128844 0.113689 0.0814669 0.0477158 0.0234769 0.0108855 0.00661881 0.00674862 0.0088518 0.0118259 0.0151537 0.0184522 0.0213408 0.0234643 0.0245622 0.0245274 0.0234277 0.0214803 0.0189921 0.0162839 0.0136264 0.0112028 0.00910272 0.00734029 0.00588353 0.00468245
 1.02678e-16 2.34524e-05 0.000137617 0.000654105 0.00251823 0.00785279 0.0198357 0.0405883 0.0672859 0.0903825 0.0984052 0.0869218 0.0624865 0.0370027 0.0189593 0.0100604 0.00784539 0.00937364 0.0128111 0.0172669 0.022219 0.0271768 0.0316075 0.0350001 0.0369692 0.0373388 0.0361752 0.0337538 0.0304785 0.0267795 0.023026 0.0194761 0.0162686 0.0134466 0.0109953 0.00887728
 1.03484e-16 2.76172e-05 0.000162079 0.000770428 0.00296615 0.00924963 0.0233639 0.0478062 0.079246 0.106431 0.115834 0.102213 0.0732507 0.0429192 0.0211488 0.00986625 0.00609556 0.00632147 0.00838746 0.0113292 0.0147107 0.0182144 0.0215151 0.024294 0.0262942 0.0273703 0.0275095 0.0268167 0.025472 0.0236784 0.0216174 0.019425 0.0171907 0.0149701 0.0128035 0.0107289
 1.0296e-16 2.95788e-05 0.000173596 0.00082518 0.00317696 0.00990703 0.0250244 0.0512037 0.0848774 0.113993 0.12406 0.10946 0.0784215 0.0459017 0.0225288 0.0103557 0.00618106 0.00622539 0.00816527 0.0109581 0.0141336 0.0173578 0.0202987 0.0226415 0.0241464 0.0246989 0.0243293 0.0231913 0.0215131 0.0195361 0.0174632 0.0154317 0.013511 0.0117208 0.010055 0.00850369
 1.03661e-16 2.28894e-05 0.000134312 0.000638396 0.00245776 0.00766419 0.0193594 0.0396135 0.0656701 0.0882123 0.096043 0.084837 0.0609915 0.036125 0.0185239 0.00985312 0.00771339 0.00923733 0.0126377 0.0170477 0.0219604 0.026899 0.0313454 0.0348023 0.036894 0.0374481 0.0365262 0.0343911 0.0314269 0.0280395 0.024573 0.0212619 0.0182263 0.0154973 0.0130563 0.0108697
 1.03909e-16 2.73455e-05 0.000160485 0.000762848 0.00293697 0.00915862 0.023134 0.0473358 0.0784663 0.105384 0.114694 0.101206 0.0725287 0.0424945 0.0209367 0.00976307 0.00602723 0.00624948 0.00829626 0.0112155 0.0145792 0.0180772 0.0213919 0.0242108 0.026281 0.0274569 0.0277215 0.0271709 0.0259741 0.0243216 0.022383 0.020285 0.0181105 0.0159128 0.0137328 0.0116127
 1.04358e-16 2.37287e-05 0.000139243 0.000661844 0.00254805 0.00794576 0.0200705 0.0410684 0.0680805 0.0914459 0.0995525 0.0879105 0.0631433 0.0372833 0.0189042 0.00971174 0.0071989 0.00838026 0.0114045 0.0153958 0.0198755 0.024418 0.0285659 0.0318789 0.034021 0.0348317 0.0343527 0.0327989 0.0304886 0.0277578 0.0248884 0.0220692 0.019395 0.0168909 0.0145475 0.012351
 1.04518e-16 2.53463e-05 0.000148744 0.000707028 0.00272203 0.00848835 0.021441 0.043872 0.072726 0.097679 0.106321 0.0938449 0.0673141 0.039562 0.0197205 0.00958016 0.00643263 0.00706958 0.00951725 0.0128769 0.0167122 0.020675 0.024398 0.0275215 0.0297588 0.030953 0.0310998 0.0303282 0.0288508 0.026901 0.0246812 0.0223362 0.0199529 0.0175772 0.0152385 0.0129673
 1.04731e-16 2.39998e-05 0.000140837 0.000669426 0.00257725 0.00803684 0.0203006 0.0415388 0.0688597 0.0924903 0.100684 0.0888956 0.0638208 0.0376232 0.0189659 0.00956426 0.00687348 0.00786902 0.0106818 0.0144407 0.0186899 0.0230374 0.0270636 0.0303613 0.032614 0.033661 0.0335223 0.0323738 0.0304852 0.0281449 0.0255964 0.0230056 0.0204604 0.0179932 0.0156116 0.0133232
 1.06379e-16 1.84777e-05 0.000108411 0.000515261 0.00198365 0.00618572 0.0156249 0.0319725 0.0530052 0.0712066 0.0775451 0.0685388 0.0493648 0.0294213 0.0154256 0.00875838 0.00752422 0.00944618 0.013106 0.0178051 0.0231053 0.0285616 0.0336714 0.0379383 0.040969 0.0425529 0.0426929 0.0415779 0.0395105 0.0368195 0.0337864 0.0306077 0.0273952 0.0242022 0.021058 0.0179949
 1.0829e-16 1.83711e-05 0.000107792 0.000512329 0.00197239 0.0061506 0.0155361 0.0317904 0.0527015 0.0707932 0.0770808 0.0680949 0.0489723 0.029042 0.0149626 0.00808388 0.00650131 0.00794298 0.0110129 0.0150612 0.0197306 0.0246839 0.0295365 0.0338942 0.0374238 0.0399121 0.0412918 0.0416244 0.0410534 0.0397472 0.0378547 0.035486 0.0327201 0.0296253 0.0262824 0.0227963
 1.06808e-16 2.53144e-05 0.000148562 0.000706173 0.00271876 0.00847816 0.0214152 0.0438188 0.0726365 0.0975546 0.106174 0.0936898 0.0671464 0.03935 0.0194051 0.00908133 0.00565634 0.00591667 0.00789779 0.0107319 0.0140391 0.0175497 0.0209868 0.024074 0.0265826 0.0283719 0.0294058 0.0297379 0.029475 0.028734 0.0276089 0.026159 0.0244161 0.0224041 0.0201596 0.0177439
 1.04763e-16 2.61718e-05 0.000153591 0.000730067 0.00281074 0.00876498 0.0221398 0.0453018 0.075096 0.100862 0.109784 0.0968998 0.0695005 0.0408369 0.0203358 0.00984259 0.00655497 0.00715251 0.00958771 0.0129221 0.0166952 0.0205408 0.0240791 0.0269471 0.0288682 0.0297108 0.0295089 0.0284369 0.0267512 0.0247182 0.0225558 0.0204028 0.0183205 0.0163154 0.0143714 0.0124758
 1.02907e-16 3.00281e-05 0.000176235 0.000837726 0.00322527 0.0100577 0.0254049 0.0519822 0.0861676 0.115725 0.125942 0.111114 0.0795933 0.0465603 0.0228014 0.0103955 0.00608804 0.00603833 0.00788716 0.01058 0.0136486 0.0167675 0.0196159 0.0218897 0.0233563 0.0239039 0.0235595 0.0224698 0.0208539 0.0189442 0.0169375 0.0149676 0.0131041 0.0113675 0.00975375 0.00825363
 1.01824e-16 3.20372e-05 0.00018803 0.000893805 0.00344119 0.010731 0.0271057 0.0554621 0.0919353 0.123468 0.134363 0.11853 0.0848743 0.0495866 0.024165 0.010815 0.00605007 0.00575966 0.00741827 0.00990037 0.0127164 0.0155395 0.0180563 0.0199745 0.0210766 0.0212672 0.0205905 0.0192107 0.0173637 0.0152971 0.01322 0.0112737 0.00952849 0.00799847 0.00666552 0.00550092
 1.02172e-16 2.67912e-05 0.000157223 0.000747322 0.00287716 0.00897209 0.022663 0.0463726 0.0768722 0.103251 0.112393 0.0992238 0.0712132 0.0419348 0.0210517 0.0104667 0.00732385 0.00822864 0.0110752 0.0148729 0.0190978 0.0233039 0.0270235 0.0298139 0.0313465 0.03148 0.0302876 0.0280268 0.0250658 0.0217922 0.0185341 0.0155157 0.0128495 0.0105593 0.00861468 0.00696546
 1.02932e-16 2.7181e-05 0.000159516 0.000758234 0.00291919 0.00910317 0.022994 0.0470495 0.0779929 0.104751 0.114014 0.100626 0.0721562 0.0423634 0.0210333 0.0100765 0.00657705 0.00708239 0.00946566 0.0127568 0.0164873 0.0202899 0.0237834 0.026599 0.0284496 0.029188 0.0288317 0.0275413 0.0255677 0.0231847 0.0206314 0.0180804 0.0156341 0.0133401 0.0112159 0.0092689
 1.0331e-16 2.69424e-05 0.000158114 0.000751572 0.00289354 0.00902318 0.0227919 0.0466362 0.0773079 0.103832 0.113015 0.0997482 0.0715353 0.042016 0.0208924 0.0100611 0.00663398 0.00719016 0.00962024 0.0129584 0.0167326 0.0205691 0.02408 0.0268925 0.0287199 0.029421 0.0290238 0.0277021 0.025719 0.0233559 0.0208533 0.018378 0.0160207 0.0138145 0.0117629 0.00986229
 1.02629e-16 3.08022e-05 0.00018078 0.000859338 0.00330849 0.0103172 0.0260604 0.0533233 0.0883901 0.118708 0.129184 0.113964 0.0816102 0.0476918 0.0232654 0.010455 0.00591336 0.00569487 0.00737879 0.00989091 0.0127679 0.015701 0.0183909 0.020553 0.0219688 0.0225297 0.0222555 0.021277 0.0197924 0.0180142 0.016124 0.0142479 0.0124546 0.0107695 0.0091958 0.00773202
 1.02409e-16 2.85358e-05 0.000167469 0.000796043 0.00306476 0.00955713 0.0241407 0.0493958 0.081882 0.109974 0.119697 0.105638 0.0757414 0.0444504 0.0220349 0.0104952 0.00676264 0.00720293 0.00957208 0.01284 0.0165045 0.0201733 0.0234459 0.025944 0.0273859 0.0276472 0.0267851 0.0250113 0.0226307 0.0199633 0.017279 0.0147602 0.0124975 0.0105092 0.008772 0.00724963
 1.02656e-16 2.81218e-05 0.000165039 0.000784492 0.00302029 0.00941846 0.0237904 0.048679 0.0806936 0.108378 0.117958 0.1041 0.0746318 0.0437856 0.0216808 0.0102875 0.00658115 0.00698249 0.0092855 0.0124847 0.0160987 0.0197564 0.0230775 0.0256982 0.0273402 0.0278691 0.0273175 0.0258629 0.0237717 0.02133 0.0187837 0.0163056 0.013991 0.011875 0.00995815 0.00823014
 1.02419e-16 3.04173e-05 0.000178519 0.000848587 0.00326709 0.0101881 0.0257343 0.0526562 0.0872847 0.117225 0.127573 0.112552 0.0806181 0.0471502 0.0230724 0.0104886 0.00610004 0.00601445 0.00784093 0.0105113 0.0135527 0.0166382 0.0194461 0.0216715 0.0230812 0.0235627 0.0231429 0.0219695 0.020264 0.018263 0.0161691 0.0141233 0.0122018 0.0104317 0.0088125 0.00733646
 1.02439e-16 2.83505e-05 0.000166381 0.00079087 0.00304484 0.00949502 0.0239838 0.0490748 0.0813499 0.10926 0.11892 0.104953 0.0752529 0.0441686 0.0219046 0.0104491 0.00675486 0.00721257 0.00959406 0.0128768 0.0165617 0.0202581 0.0235662 0.0261074 0.0275977 0.0279098 0.0270963 0.0253642 0.0230132 0.0203599 0.0176722 0.0151329 0.0128346 0.0107999 0.00901049 0.00743499
 1.04552e-16 1.74641e-05 0.000102454 0.000486924 0.00187453 0.00584539 0.0147653 0.0302143 0.050093 0.0673022 0.0733137 0.0648479 0.0468129 0.0281136 0.0151293 0.00920155 0.00857397 0.0111164 0.0154828 0.0209672 0.0270643 0.033223 0.0388181 0.0432408 0.0460239 0.0469407 0.0460451 0.0436333 0.0401506 0.0360751 0.0318175 0.0276664 0.0237807 0.0202189 0.0169832 0.0140574
pSPR Fmed_Fpbrs
0.756297   0.331918 0.331918
Fs Fmed_Fpbrs
0.168341   1.005 1.005
SSBpbr Bo_Bmed_Bpbrs
1.60392e+06  1.13284e+06  452174 452174
Ro
67507.9
SPR SPRFo_SPRFmed_SPRFpbrs
1.38815e+06 1.04986e+06 460754
log_Ro
10.94
likeval ReclasPelacesDesembMPH_pf_preclas_ppelaces_ptallas_desvR_qrecl_qpela
 62.9609 23.9593 0.040857 0.000221911 320.506 203.341 78.5467 0 16.5874 0.000109608 5.85727e-07 0 0 0 0
q_reclas_q_pelaces
0.22683 1.11503
M
0.7
N
 80729.5 20248.1 7531.03 887.784 0.443385
 100927 37670 7427.05 2762.4 325.804
 65410.1 47922.6 15040.8 2965.46 1233.05
 93924.2 30590.1 17770.8 5577.49 1556.91
 153436 46131.6 14399.4 8365.06 3358.3
 115058 76009.8 22640 7066.77 5753.47
 169407 55683.4 33298.7 9918.23 5616.35
 142373 82778 25562.5 15286.4 7131.45
 153418 68388.1 34964.1 10797.2 9468.95
 137603 73232.8 28017.5 14324.2 8302.71
 68296.3 65989.8 30689.6 11741.2 9482.23
 41453.1 31343.2 22324.7 10382.4 7180
 42275.2 19109.7 10837.9 7719.45 6072.76
 24681.7 18683.7 5381.35 3051.98 3883.92
 19978.5 10012.6 3467.51 998.723 1287.23
 26122.4 8302.41 2089.54 723.637 477.058
 22454.6 12109.7 2949.81 742.406 426.602
 25731.5 10622.6 4748.72 1156.75 458.418
 29478.1 12373.5 4510.7 2016.47 685.854
 50878.2 14249.3 5389.36 1964.67 1177.02
 63461.1 24573.7 6181.8 2338.08 1362.97
 82105.9 31100.1 11442.8 2878.56 1723.39
 134661 40058.6 14171.4 5214.12 2096.97
 164612 65482.2 17961.1 6354.04 3278.08
 78040.8 80124.2 29499.4 8091.4 4339.23
pred_Ctot
 3515.99 3872.56 1440.35 169.794 0.0847998
 3188.86 5375.6 1059.86 394.201 46.4929
 2748.94 8875.95 2785.78 549.247 228.379
 738.788 1149.44 667.748 209.578 58.5017
 266.791 388.798 121.358 70.501 28.3038
 2106.84 6486.41 1932.02 603.053 490.981
 1952.36 3039.14 1817.41 541.328 306.535
 3355.06 8978.71 2772.7 1658.08 773.529
 4285.54 8702.79 4449.39 1374.01 1204.98
 3398.13 8302.07 3176.21 1623.87 941.24
 3741.36 15463.1 7191.34 2751.27 2221.93
 2145.73 6988.94 4977.97 2315.08 1601
 3367.27 6145.19 3485.19 2482.37 1952.84
 3287.81 8891.99 2561.1 1452.51 1848.44
 2368.33 4383.51 1518.07 437.239 563.548
 1253.81 1731.81 435.859 150.944 99.5099
 766.887 1856.72 452.282 113.83 65.409
 586.746 1116.92 499.31 121.628 48.2009
 564.4 1101.89 401.691 179.572 61.0773
 1003.26 1305.11 493.618 179.946 107.804
 599.617 1105.02 277.98 105.138 61.2892
 1035.09 1852.03 681.422 171.419 102.629
 2013.45 2813.6 995.359 366.225 147.285
 2348.38 4395.47 1205.63 426.513 220.04
 1007.01 4880.38 1796.82 492.849 264.303
F
 0.0622401 0.302933 0.302933 0.302933 0.302933
 0.0448095 0.218095 0.218095 0.218095 0.218095
 0.0599999 0.29203 0.29203 0.29203 0.29203
 0.0109906 0.0534933 0.0534933 0.0534933 0.0534933
 0.00242037 0.0117803 0.0117803 0.0117803 0.0117803
 0.0257527 0.125342 0.125342 0.125342 0.125342
 0.0161398 0.0785549 0.0785549 0.0785549 0.0785549
 0.0332514 0.16184 0.16184 0.16184 0.16184
 0.0395241 0.19237 0.19237 0.19237 0.19237
 0.0348706 0.169721 0.169721 0.169721 0.169721
 0.0788564 0.383807 0.383807 0.383807 0.383807
 0.0743655 0.361949 0.361949 0.361949 0.361949
 0.116548 0.567259 0.567259 0.567259 0.567259
 0.202216 0.984217 0.984217 0.984217 0.984217
 0.178112 0.8669 0.8669 0.8669 0.8669
 0.0687886 0.334806 0.334806 0.334806 0.334806
 0.0485147 0.236129 0.236129 0.236129 0.236129
 0.0321599 0.156528 0.156528 0.156528 0.156528
 0.0269414 0.131128 0.131128 0.131128 0.131128
 0.0277568 0.135097 0.135097 0.135097 0.135097
 0.0132152 0.0643205 0.0643205 0.0643205 0.0643205
 0.017667 0.085988 0.085988 0.085988 0.085988
 0.0209841 0.102133 0.102133 0.102133 0.102133
 0.0200131 0.0974072 0.0974072 0.0974072 0.0974072
 0.0180864 0.0880297 0.0880297 0.0880297 0.0880297
YTP_r0W_actual
 11278.5 107368 59295 20256.1 11312.2
YTP_p0W_proyectada
 73181.9 392817 548273 263322 120044
 73181.9 264371 104102 130006 64626
CTP_r0_actual
 1007.01 4880.38 1796.82 492.849 264.303
CTP_p0_proyectada
 8609.63 18355.9 17572.9 6469.83 2581.59
 8609.63 12353.8 3336.6 3194.26 1389.81
Wmedp
 8.5 21.4 31.2 40.7 46.5
nmprior
 10.6 11 7 0
nm_flota  nm_reclas  nm_pelaces    nm_pelaL
inf 12.2687 21.3509 53.486
cv_recla  cv_pelaces  cv_mph
0.717729 0.555021 0.483312
 ------------------------------------------------
Talla a la edad & desviaci?n 
 7.2 14.2025 17.0495 18.207 18.6776
 1.08 2.13037 2.55742 2.73105 2.80164
