years
 1997 1998 1999 2000 2001 2002 2003 2004 2005 2006 2007 2008 2009 2010 2011 2012 2013 2014 2015 2016 2017 2018 2019 2020 2021
reclasobs
 0 0 0 370054 412103 1.49427e+06 250295 1.28982e+06 931140 785840 897777 1.04006e+06 184774 17550 25797 100020 73551 82996 120727 218422 84188 347160 605670 569463 516374
reclaspred
 443569 131881 457659 328867 429508 505525 1.07149e+06 669472 684195 561045 426013 284685 174324 85641.2 64661.6 68400.4 87401.6 121973 130285 184732 261223 237340 413730 532095 639080
pelacesobs
 0 0 0 0 0 0 0 0 0 2.06254e+06 1.5e+06 0 1.87456e+06 323000 250000 174000 83755 137374 0 501740 490994 745055 786931 1.00524e+06 1.33801e+06
pelacespred
 1.80842e+06 488393 996579 1.1007e+06 1.21476e+06 1.2161e+06 2.79702e+06 2.29428e+06 2.01945e+06 1.69365e+06 1.16166e+06 795696 485611 205148 151474 168468 222979 311588 344939 473926 737861 659396 904646 1.37932e+06 1.66083e+06
mphobs
 0 0 0 0 0 112323 0 153150 637223 0 255016 313432 73983 77613 109348 50772 0 0 0 0 0 0 0 0 0
mphpred
 158569 111345 148345 206232 195527 275635 414219 468093 376353 346015 292844 202790 125580 67279.1 35551.7 32246.5 39544.3 55681 70175.4 81070.1 118679 137407 172158 247418 345523
desembarqueobs
 350755 77701 442110 56441 14545 235359 269955 359681 431902 328805 639364 411747 362871 311530 167758 66681 60226 58785 57116 73181 50977 67692 138656 160484 209506
desembarquepred
 350765 77704.6 442153 56442.7 14545.1 235391 269980 359716 431982 328875 639803 412124 363391 312170 167875 66699.3 60245.4 58789.4 57115.8 73184.6 50978.5 67690.4 138661 160491 209510
Reclutas
 85777.1 107742 70210.1 100984 164930 123384 181267 150657 160449 141438 69463.4 41769.3 42761.3 25350.3 20939.8 27972.1 24277.4 27796.7 31852.1 55249.9 68931.6 88951.7 146040 178549 84008
log_desv_Rt
 0.179508 0.407493 -0.0207526 0.342716 0.833276 0.543056 0.927729 0.742762 0.805729 0.679619 -0.0314454 -0.540083 -0.516612 -1.03946 -1.23059 -0.941038 -1.0827 -0.947327 -0.811141 -0.260379 -0.0391303 0.215848 0.711633 0.912617 0.158668
SSB
 1.03127e+06 724145 964782 1.34126e+06 1.27164e+06 1.79263e+06 2.69393e+06 3.0443e+06 2.44766e+06 2.25035e+06 1.90455e+06 1.31887e+06 816728 437559 231215 209719 257181 362128 456395 527250 771842 893643 1.11965e+06 1.60912e+06 2.24716e+06
BT
 3.5371e+06 1.00455e+06 2.02574e+06 2.02985e+06 2.18514e+06 2.3638e+06 5.19005e+06 4.51981e+06 4.01298e+06 3.35425e+06 2.67025e+06 1.80967e+06 1.22909e+06 670716 415930 357205 448994 604792 666795 908306 1.36264e+06 1.24397e+06 1.71503e+06 2.60093e+06 3.13707e+06
Ftot
 0.280745 0.201254 0.267822 0.0488243 0.0108162 0.115499 0.0722592 0.14908 0.17742 0.157675 0.358847 0.337216 0.52411 0.892919 0.761476 0.294609 0.210941 0.140549 0.11852 0.122318 0.0584232 0.0782824 0.0930296 0.0887114 0.0802707
BD_Bspro_t
 0.966205 0.839105 0.821787 0.74708 0.825176 0.898193 0.877722 0.87863 0.833471 0.791912 0.745639 0.602829 0.492466 0.381207 0.267705 0.292843 0.421407 0.591995 0.695514 0.766294 0.838751 0.887075 0.890799 0.894482 0.897987
BD_Bspro
 0.699646 0.491282 0.654537 0.909949 0.862716 1.21617 1.82764 2.06534 1.66057 1.52671 1.2921 0.89476 0.554093 0.296853 0.156863 0.14228 0.17448 0.245679 0.309632 0.357702 0.523641 0.606274 0.759604 1.09167 1.52454
BD_Bo
 0.606339 0.425763 0.567246 0.788596 0.747662 1.05398 1.5839 1.7899 1.43911 1.3231 1.11979 0.775432 0.480198 0.257264 0.135944 0.123305 0.151211 0.212914 0.268339 0.309998 0.453807 0.52542 0.658301 0.946085 1.32122
BD_Brms
 2.16098 1.51741 2.02166 2.81054 2.66466 3.75638 5.645 6.37919 5.12896 4.71551 3.9909 2.76363 1.71142 0.916884 0.484501 0.439457 0.538912 0.758824 0.956355 1.10483 1.61736 1.87259 2.34618 3.37183 4.70882
S_f
 0.209936 1 1 1 1
 0.209936 1 1 1 1
 0.209936 1 1 1 1
 0.209936 1 1 1 1
 0.209936 1 1 1 1
 0.209936 1 1 1 1
 0.209936 1 1 1 1
 0.209936 1 1 1 1
 0.209936 1 1 1 1
 0.209936 1 1 1 1
 0.209936 1 1 1 1
 0.209936 1 1 1 1
 0.209936 1 1 1 1
 0.209936 1 1 1 1
 0.209936 1 1 1 1
 0.209936 1 1 1 1
 0.209936 1 1 1 1
 0.209936 1 1 1 1
 0.209936 1 1 1 1
 0.209936 1 1 1 1
 0.209936 1 1 1 1
 0.209936 1 1 1 1
 0.209936 1 1 1 1
 0.209936 1 1 1 1
 0.209936 1 1 1 1
Scru_reclas
 1 1 1 1 1
 1 1 1 1 1
 1 1 1 1 1
 1 1 1 1 1
 1 1 1 1 1
 1 1 1 1 1
 1 1 1 1 1
 1 1 1 1 1
 1 1 1 1 1
 1 1 1 1 1
 1 1 1 1 1
 1 1 1 1 1
 1 1 1 1 1
 1 1 1 1 1
 1 1 1 1 1
 1 1 1 1 1
 1 1 1 1 1
 1 1 1 1 1
 1 1 1 1 1
 1 1 1 1 1
 1 1 1 1 1
 1 1 1 1 1
 1 1 1 1 1
 1 1 1 1 1
 1 1 1 1 1
Scru_pelaces
 1 1 1 1 1
 1 1 1 1 1
 1 1 1 1 1
 1 1 1 1 1
 1 1 1 1 1
 1 1 1 1 1
 1 1 1 1 1
 1 1 1 1 1
 1 1 1 1 1
 1 1 1 1 1
 1 1 1 1 1
 1 1 1 1 1
 1 1 1 1 1
 1 1 1 1 1
 1 1 1 1 1
 1 1 1 1 1
 1 1 1 1 1
 1 1 1 1 1
 1 1 1 1 1
 1 1 1 1 1
 1 1 1 1 1
 1 1 1 1 1
 1 1 1 1 1
 1 1 1 1 1
 1 1 1 1 1
pf_obs 
 0.256992 0.487395 0.22802 0.0275931 0
 0.321318 0.546541 0.124235 0.00734118 0.000564706
 0.182869 0.594174 0.210203 0.0122559 0.00049798
 0.330522 0.361315 0.267642 0.0388342 0.00168674
 0.649043 0.306663 0.0425973 0.00169635 0
 0.582887 0.30429 0.105238 0.00758474 0
 0.465427 0.430635 0.0974691 0.00646863 0
 0.296916 0.608066 0.0921331 0.00288517 0
 0.311714 0.524322 0.152257 0.0117073 0
 0.15457 0.633149 0.183074 0.0267441 0.00246327
 0.131901 0.49318 0.331252 0.0422183 0.00144891
 0.196976 0.569456 0.194076 0.0375587 0.00193317
 0.518974 0.381816 0.0799577 0.0180837 0.00116848
 0.0928022 0.601141 0.25162 0.0475244 0.00691264
 0.122501 0.610282 0.24278 0.0234846 0.000952079
 0.383417 0.481906 0.127806 0.00687128 0
 0.0376549 0.599619 0.316969 0.0457579 0
 0.0361596 0.667082 0.258105 0.0386534 0
 0.158088 0.579412 0.248529 0.0139706 0
 0.0477256 0.309471 0.559284 0.082774 0.000745712
 0.0406174 0.521527 0.379366 0.0568643 0.0016247
 0.151134 0.462217 0.34131 0.0453401 0
 0.294876 0.26143 0.354403 0.0886775 0.000613685
 0.281977 0.475581 0.204845 0.0348837 0.00271318
 0.0841818 0.532909 0.334909 0.0458182 0.00218182
pf_pred 
 0.393004 0.428598 0.159562 0.0188261 9.34346e-06
 0.319396 0.52939 0.106772 0.03975 0.00469225
 0.182596 0.580237 0.184474 0.0372063 0.0154866
 0.263052 0.402078 0.237709 0.0755744 0.021587
 0.307681 0.439409 0.137987 0.0815781 0.0333444
 0.183258 0.555556 0.165772 0.0520573 0.0433558
 0.256755 0.393514 0.237891 0.0709842 0.0408563
 0.191181 0.509156 0.158657 0.0959132 0.045092
 0.212357 0.430179 0.225026 0.0701198 0.0623183
 0.191922 0.470027 0.18463 0.0965795 0.0568416
 0.117177 0.48406 0.231945 0.0911094 0.0757088
 0.115829 0.377268 0.27794 0.133179 0.0957845
 0.18859 0.341622 0.200454 0.147678 0.121656
 0.178261 0.480706 0.143583 0.0842502 0.1132
 0.24761 0.460598 0.170695 0.0509849 0.0701129
 0.336073 0.459115 0.125382 0.0464658 0.0329648
 0.235322 0.561019 0.140834 0.038461 0.0243653
 0.246804 0.464777 0.211603 0.0531192 0.0236967
 0.244994 0.471367 0.175026 0.0796859 0.0289274
 0.32702 0.41704 0.159789 0.0593321 0.0368188
 0.281565 0.509847 0.12926 0.049526 0.0298017
 0.271581 0.478599 0.177288 0.0449474 0.0275844
 0.320636 0.440045 0.157242 0.0582474 0.0238301
 0.27584 0.507541 0.140311 0.0501374 0.0261708
 0.119871 0.575305 0.213642 0.0590616 0.0321208
pobs_RECLAS
 0 0 0 0 0
 0 0 0 0 0
 0 0 0 0 0
 0 0 0 0 0
 0.835266 0.146461 0.0176864 0.000547809 3.91292e-05
 0.385257 0.428462 0.181853 0.0044286 0
 0.867414 0.0963971 0.0333333 0.00285562 0
 0.441836 0.489002 0.0689373 0.000224442 0
 0.779404 0.147425 0.0564933 0.0165055 0.000172143
 0.814271 0.122319 0.05973 0.00367925 0
 0.40263 0.566651 0.0304383 0.000280538 0
 0.475488 0.404961 0.113038 0.00651328 0
 0.955842 0.0263864 0.0167828 0.000988607 0
 0.975058 0.0227948 0.00214734 0 0
 0.738997 0.206755 0.0527124 0.00153531 0
 0.850938 0.134255 0.0134407 0.00136685 0
 0.542534 0.407297 0.0501686 0 0
 0.764087 0.199537 0.0359546 0.000420521 0
 0.470689 0.182191 0.310203 0.0369168 0
 0.84361 0.089868 0.0606195 0.00523954 0.000663233
 0.607945 0.314616 0.071237 0.00620181 0
 0.523733 0.453247 0.0230204 0 0
 0.530135 0.295979 0.169645 0.0042399 0
 0.562478 0.366248 0.0663022 0.0049721 0
 0.250443 0.683176 0.0655157 0.000865301 0
ppred_RECLAS
 0.75807 0.170826 0.0635968 0.0075035 3.72402e-06
 0.69321 0.238628 0.0481286 0.0179178 0.00211508
 0.519267 0.34125 0.108493 0.0218818 0.009108
 0.630208 0.201758 0.119279 0.0379223 0.0108321
 0.67928 0.203558 0.0639232 0.0377914 0.0154469
 0.518073 0.327812 0.0978156 0.030717 0.0255826
 0.622825 0.199697 0.120723 0.0360225 0.0207334
 0.531527 0.294907 0.0918953 0.0555535 0.0261176
 0.564515 0.237844 0.124416 0.038769 0.0344556
 0.532841 0.271728 0.106737 0.0558337 0.0328607
 0.392427 0.333138 0.159628 0.062703 0.0521041
 0.388936 0.260735 0.192088 0.0920421 0.0661981
 0.534007 0.196194 0.115121 0.0848117 0.0698669
 0.525914 0.277334 0.0828371 0.0486065 0.0653085
 0.623962 0.230203 0.0853117 0.0254819 0.0350419
 0.710317 0.20032 0.0547064 0.0202738 0.0143831
 0.5972 0.29552 0.0741851 0.0202596 0.0128346
 0.611212 0.23991 0.109226 0.0274193 0.0122318
 0.608598 0.244361 0.0907352 0.0413099 0.0149962
 0.699608 0.186151 0.0713235 0.0264836 0.0164345
 0.651818 0.247092 0.0626445 0.0240022 0.014443
 0.640643 0.236111 0.0874632 0.0221743 0.0136085
 0.693108 0.198784 0.0710316 0.0263124 0.0107649
 0.645685 0.248329 0.0686509 0.0245311 0.0128048
 0.394417 0.395846 0.146999 0.040638 0.0221011
pobs_PELACES
 0 0 0 0 0
 0 0 0 0 0
 0 0 0 0 0
 0 0 0 0 0
 0 0 0 0 0
 0 0 0 0 0
 0 0 0 0 0
 0 0 0 0 0
 0 0 0 0 0
 0 0 0 0 0
 0.450072 0.473896 0.0757376 0.000293798 0
 0 0 0 0 0
 0.463077 0.371075 0.160297 0.00555027 0
 0.529543 0.364841 0.0842815 0.0213345 0
 0.631943 0.363953 0.00410389 0 0
 0.735681 0.248677 0.0153453 0.000297389 0
 0.695825 0.281241 0.0229344 0 0
 0.275771 0.60734 0.115278 0.00161068 0
 0 0 0 0 0
 0.896147 0.0623911 0.0374545 0.00400742 0
 0.803859 0.145111 0.0509908 3.86294e-05 0
 0.739449 0.233085 0.0266225 0.000797448 4.60066e-05
 0.878498 0.100942 0.0204185 0.000141795 0
 0.694673 0.275183 0.0284847 0.00165964 0
 0.469039 0.446079 0.0841089 0.000773354 0
ppred_PELACES
 0.771239 0.161527 0.0601349 0.00709504 3.5213e-06
 0.704255 0.230038 0.046396 0.0172727 0.00203894
 0.536667 0.328898 0.104566 0.0210898 0.00877833
 0.63317 0.200142 0.118324 0.0376186 0.0107453
 0.679894 0.203168 0.0638008 0.037719 0.0154173
 0.525587 0.322701 0.0962906 0.0302381 0.0251837
 0.62724 0.197359 0.11931 0.0356008 0.0204907
 0.541192 0.288822 0.0899993 0.0544074 0.0255787
 0.575851 0.231653 0.121177 0.0377598 0.0335587
 0.543059 0.265784 0.104402 0.0546125 0.032142
 0.414944 0.320791 0.153712 0.0603792 0.050173
 0.410024 0.251737 0.18546 0.0888658 0.0639137
 0.567801 0.181966 0.106772 0.0786611 0.0648001
 0.583353 0.243733 0.0728008 0.0427175 0.0573959
 0.66928 0.20246 0.0750304 0.0224109 0.0308188
 0.725863 0.189569 0.0517705 0.0191858 0.0136112
 0.610356 0.285868 0.0717621 0.0195979 0.0124154
 0.619884 0.234559 0.10679 0.0268077 0.011959
 0.615933 0.239781 0.0890347 0.0405357 0.0147152
 0.706267 0.182024 0.0697423 0.0258965 0.0160702
 0.655267 0.244644 0.062024 0.0237644 0.0143
 0.645328 0.233033 0.0863229 0.0218852 0.0134311
 0.698243 0.195457 0.0698431 0.0258721 0.0105848
 0.650958 0.244633 0.0676292 0.024166 0.0126142
 0.399426 0.392571 0.145782 0.0403018 0.0219182
pobs_pel_tallas
 0 0 0 0 0 0 0 0 0 0 0 0 0 0 0 0 0 0 0 0 0 0 0 0 0 0 0 0 0 0 0 0 0 0 0 0
 0 0 0 0 0 0 0 0 0 0 0 0 0 0 0 0 0 0 0 0 0 0 0 0 0 0 0 0 0 0 0 0 0 0 0 0
 0 0 0 0 0 0 0 0 0 0 0 0 0 0 0 0 0 0 0 0 0 0 0 0 0 0 0 0 0 0 0 0 0 0 0 0
 0 0 0 0 0 0 0 0 0 0 0 0 0 0 0 0 0 0 0 0 0 0 0 0 0 0 0 0 0 0 0 0 0 0 0 0
 0 0 0 0 0 0 0 0 0 0 0 0 0 0 0 0 0 0 0 0 0 0 0 0 0 0 0 0 0 0 0 0 0 0 0 0
 0 0 0 0 0 0 0 0 0 0 0 0 0 0 0 0 0 0 0 0 0 0 0 0 0 0 0 0 0 0 0 0 0 0 0 0
 0 0 0 0 0 0 0 0 0 0 0 0 0 0 0 0 0 0 0 0 0 0 0 0 0 0 0 0 0 0 0 0 0 0 0 0
 0 0 0 0 0 0 0 0 0 0 0 0 0 0 0 0 0 0 0 0 0 0 0 0 0 0 0 0 0 0 0 0 0 0 0 0
 0 0 0 0 0 0 0 0 0 0 0 0 0 0 0 0 0 0 0 0 0 0 0 0 0 0 0 0 0 0 0 0 0 0 0 0
 0 0 0 0 0 0 0 0 0 0 0 0 0 0 0 0 0 0 0 0 0 0 0 0 0 0 0 0 0 0 0 0 0 0 0 0
 0 0 0 0 0 0 0 0 1.78061e-05 0.00172719 0.00360574 0.0105946 0.0120993 0.0124554 0.0147524 0.0171206 0.0266825 0.0428682 0.0675386 0.121331 0.153587 0.119568 0.100827 0.0573624 0.0630603 0.0341343 0.0324427 0.0444173 0.0211091 0.0280891 0.0125444 0.00206551 0 0 0 0
 0 0 0 0 0 0 0 0 0 0 0 0 0 0 0 0 0 0 0 0 0 0 0 0 0 0 0 0 0 0 0 0 0 0 0 0
 0 0 0 0 0 0 0.0133647 0.0140871 0.0187388 0.0205184 0.03894 0.0496705 0.03968 0.0493445 0.0407372 0.0367815 0.0215668 0.0243155 0.0234873 0.0199281 0.019796 0.0243948 0.0301388 0.0376714 0.0412746 0.0863199 0.0771752 0.113111 0.0741005 0.0525337 0.0229764 0.00759418 0.00175318 0 0 0
 0 0 0 0 0 0 0 0 0 0 0.00219441 0.00772107 0.0458388 0.0604681 0.0671733 0.0775358 0.0609151 0.0617685 0.073594 0.0568108 0.0755445 0.0548602 0.0670107 0.0636378 0.0643287 0.046367 0.0373049 0.0286899 0.0247887 0.0153202 0.00654259 0.00121912 0.000365735 0 0 0
 0 0 0 0 0 0 0 0 0 0 0 0 0.000112435 0.00938835 0.0111873 0.0202946 0.0414886 0.0713402 0.111592 0.104902 0.108894 0.110636 0.117776 0.105296 0.107544 0.0401394 0.0192827 0.0124803 0.00416011 0.0028671 0.000618394 0 0 0 0 0
 0 0 0 0 0 0 0 0 0 0 0.00291406 0.0102884 0.027416 0.0768956 0.0749926 0.110853 0.0956884 0.0897413 0.0766577 0.0534642 0.0500743 0.0551293 0.0594112 0.0620874 0.0668451 0.0424026 0.0208742 0.0120726 0.0048766 0.00582813 0.00118941 0.000297354 0 0 0 0
 0 0.00264628 0.0354308 0.0461629 0.0458689 0.0383711 0.0214643 0.0164657 0.0346957 0.0420465 0.0363128 0.0245516 0.0311673 0.0291091 0.0169068 0.0133784 0.00837989 0.0085269 0.0148486 0.0160247 0.0276389 0.0546898 0.0760071 0.122758 0.109233 0.0665981 0.0333725 0.0166128 0.00676272 0.00308733 0.000882094 0 0 0 0 0
 0 0 0 0 0 0 0 0.000805153 0.000690131 0.00759144 0.0133425 0.0154129 0.00931677 0.000345066 0.00356568 0.00563607 0.00851162 0.0253048 0.0502646 0.0516448 0.0657925 0.0565908 0.0611916 0.0827007 0.0866115 0.110766 0.145733 0.0935128 0.0569358 0.0249597 0.0138026 0.00621118 0.00161031 0.00115022 0 0
 0 0 0 0 0 0 0 0 0 0 0 0 0 0 0 0 0 0 0 0 0 0 0 0 0 0 0 0 0 0 0 0 0 0 0 0
 0.00147267 0.00158595 0.00478618 0.00569244 0.00954404 0.0108468 0.00647125 0.017049 0.0510054 0.094081 0.124002 0.0959785 0.0687766 0.0820023 0.061753 0.0591476 0.0492212 0.0479892 0.0443925 0.0268479 0.0217502 0.0140895 0.0121071 0.0120363 0.00920419 0.00665534 0.0049561 0.00860946 0.00930331 0.0156896 0.0114698 0.00855282 0.00243557 0.00046729 0 2.83206e-05
 0 0 0 0 0.000772559 0.00158375 0.000888443 0.00281984 0.00712685 0.0440552 0.0773331 0.111326 0.0921469 0.0852325 0.0710754 0.0886704 0.0786465 0.0553345 0.0373146 0.0185414 0.00753245 0.00457741 0.012979 0.0271748 0.0457355 0.0583668 0.034881 0.0177882 0.00938659 0.00492506 0.0015258 0.00185414 0.000309023 5.79419e-05 3.86279e-05 0
 0 0.00173294 0.00326652 0 0.00397197 0.00683976 0.00946217 0.0152591 0.00757587 0.0136028 0.0228656 0.0392903 0.0559909 0.0764795 0.0681675 0.0726916 0.0566044 0.0477403 0.0527397 0.0444891 0.0609904 0.0582453 0.0661739 0.0445044 0.0529084 0.0360697 0.0280645 0.0235558 0.0158879 0.00826598 0.00280645 0.00217768 0.000904811 0.00058276 9.20147e-05 0
 0 0 0 0 0 0 0 0 0 0 0 0 0 0 0 0 0 0 0 0 0 0 0 0 0 0 0 0 0 0 0 0 0 0 0 0
 0 0 0 0 0 0 0 0 0 0 0 0 0 0 0 0 0 0 0 0 0 0 0 0 0 0 0 0 0 0 0 0 0 0 0 0
 0 0 0 0 0 0 0 0 0 0 0 0 0 0 0 0 0 0 0 0 0 0 0 0 0 0 0 0 0 0 0 0 0 0 0 0
ppred_pel_tallas
 1.01151e-16 3.3649e-05 0.000197495 0.000938809 0.00361447 0.0112714 0.0284707 0.0582547 0.0965631 0.12968 0.141114 0.124464 0.0890759 0.0519462 0.0251376 0.0109497 0.00570419 0.00507212 0.00640043 0.00852258 0.0109584 0.0134146 0.0156196 0.0173197 0.0183222 0.0185361 0.0179884 0.0168087 0.0151911 0.013345 0.0114528 0.00964549 0.00799799 0.00653945 0.00527048 0.004179
 1.01423e-16 3.07309e-05 0.000180357 0.000857319 0.00330069 0.0102929 0.0259991 0.0531981 0.0881838 0.118435 0.128896 0.113734 0.0814978 0.0477305 0.0234779 0.0108755 0.00659878 0.00671761 0.00880813 0.0117684 0.0150824 0.0183696 0.0212515 0.0233748 0.0244805 0.0244612 0.0233833 0.0214617 0.019 0.0163161 0.0136783 0.0112684 0.00917549 0.0074143 0.00595394 0.00474589
 1.02727e-16 2.34274e-05 0.00013747 0.000653408 0.00251555 0.00784442 0.0198146 0.040545 0.0672142 0.0902861 0.0983 0.0868285 0.0624185 0.0369605 0.0189344 0.0100419 0.00782507 0.00934632 0.012774 0.0172191 0.0221613 0.0271124 0.0315418 0.0349406 0.0369242 0.0373164 0.0361819 0.0337932 0.0305507 0.0268812 0.0231511 0.0196167 0.0164162 0.0135931 0.0111339 0.00900294
 1.0354e-16 2.76302e-05 0.000162156 0.000770792 0.00296756 0.00925401 0.023375 0.0478288 0.0792834 0.106481 0.115888 0.102259 0.0732813 0.0429318 0.0211451 0.00984812 0.00606255 0.00627112 0.00831665 0.0112358 0.0145949 0.0180799 0.0213695 0.024148 0.0261609 0.0272627 0.0274387 0.0267898 0.0254913 0.0237412 0.0217167 0.0195514 0.0173333 0.0151185 0.0129487 0.010864
 1.02989e-16 2.96675e-05 0.000174117 0.000827658 0.0031865 0.00993679 0.0250996 0.0513575 0.0851323 0.114335 0.124431 0.109786 0.0786511 0.0460283 0.0225764 0.0103531 0.00614617 0.00616379 0.0080756 0.0108372 0.01398 0.0171733 0.0200893 0.0224171 0.0239198 0.024484 0.0241384 0.0230341 0.0213951 0.0194583 0.0174229 0.0154233 0.0135277 0.0117551 0.0101002 0.00855385
 1.03688e-16 2.29439e-05 0.000134632 0.000639918 0.00246362 0.00768246 0.0194055 0.0397079 0.0658266 0.0884223 0.096271 0.0850371 0.0611323 0.0362024 0.0185525 0.00985037 0.0076901 0.00919671 0.0125787 0.0169682 0.0218593 0.0267777 0.0312079 0.0346552 0.0367458 0.0373081 0.036403 0.0342912 0.031354 0.0279947 0.0245546 0.0212663 0.0182486 0.0155325 0.0130994 0.0109164
 1.03939e-16 2.73714e-05 0.000160637 0.000763574 0.00293976 0.00916734 0.023156 0.0473808 0.0785409 0.105484 0.114803 0.101301 0.0725945 0.042529 0.020946 0.00975454 0.00600481 0.00621338 0.00824482 0.0111471 0.0144936 0.0179764 0.0212807 0.0240962 0.0261716 0.0273615 0.0276477 0.027124 0.0259561 0.0243315 0.0224172 0.0203378 0.0181758 0.0159843 0.0138053 0.0116818
 1.04437e-16 2.3623e-05 0.000138622 0.000658894 0.00253669 0.00791035 0.0199811 0.0408853 0.0677771 0.0910385 0.0991094 0.08752 0.0628646 0.0371224 0.0188294 0.00968453 0.00719277 0.00838281 0.0114122 0.0154089 0.0198963 0.0244495 0.0286118 0.031943 0.034107 0.0349426 0.0344904 0.0329634 0.0306781 0.0279685 0.0251143 0.0223034 0.0196297 0.0171185 0.0147611 0.0125452
 1.04662e-16 2.5132e-05 0.000147487 0.000701048 0.00269901 0.00841656 0.0212597 0.043501 0.072111 0.0968532 0.105422 0.0930533 0.0667491 0.0392358 0.0195688 0.00952493 0.00642018 0.00707487 0.00953316 0.0129047 0.0167565 0.0207425 0.0244965 0.027659 0.029943 0.0311895 0.0313915 0.030674 0.0292452 0.0273343 0.0251403 0.0228058 0.0204169 0.0180207 0.0156487 0.0133348
 1.04948e-16 2.37035e-05 0.000139097 0.000661155 0.0025454 0.00793752 0.0200497 0.0410255 0.0680089 0.0913479 0.099441 0.0878005 0.0630393 0.0371719 0.018756 0.00948768 0.00685589 0.00787563 0.0107025 0.0144769 0.0187478 0.0231257 0.0271926 0.0305422 0.0328574 0.0339753 0.0339125 0.0328397 0.0310211 0.028739 0.0262319 0.0236621 0.0211161 0.0186266 0.0162039 0.0138597
 1.06706e-16 1.81194e-05 0.000106308 0.000505261 0.00194515 0.00606566 0.0153216 0.031352 0.0519767 0.0698253 0.0760422 0.0672136 0.0484171 0.0288702 0.015162 0.0086495 0.0074773 0.00941606 0.0130777 0.0177786 0.0230881 0.0285672 0.0337181 0.0380479 0.0411646 0.0428549 0.0431163 0.0421287 0.0401841 0.0376004 0.0346496 0.0315214 0.0283246 0.0251128 0.021919 0.0187821
 1.08755e-16 1.7902e-05 0.000105038 0.000499239 0.00192199 0.00599344 0.0151391 0.030978 0.051355 0.068985 0.0751132 0.0663597 0.0477308 0.0283189 0.0146146 0.00793645 0.00643213 0.00789188 0.0109592 0.0150041 0.0196797 0.0246573 0.0295595 0.0339977 0.0376407 0.040273 0.0418197 0.0423302 0.0419334 0.0407824 0.0390122 0.0367232 0.033989 0.0308778 0.027475 0.0238935
 1.07306e-16 2.47788e-05 0.000145418 0.000691224 0.00266121 0.00829868 0.0209618 0.0428912 0.0710989 0.09549 0.103928 0.0917099 0.0657322 0.0385308 0.0190194 0.00893222 0.00560746 0.00590277 0.0078983 0.0107473 0.0140794 0.0176315 0.0211313 0.024306 0.0269277 0.0288534 0.030041 0.0305346 0.030429 0.0298284 0.0288152 0.0274391 0.0257262 0.0236992 0.0213975 0.0188888
 1.05263e-16 2.54594e-05 0.000149408 0.000710182 0.00273418 0.00852622 0.0215367 0.0440678 0.0730508 0.0981159 0.106798 0.0942698 0.067627 0.039762 0.019849 0.00968811 0.00655901 0.00723661 0.00973206 0.013132 0.0169838 0.0209222 0.0245662 0.0275499 0.0295936 0.0305617 0.0304837 0.0295293 0.0279489 0.0260028 0.0239021 0.0217802 0.0196941 0.0176491 0.0156309 0.0136318
 1.03342e-16 2.92047e-05 0.0001714 0.00081474 0.00313676 0.00978168 0.0247078 0.0505559 0.0838036 0.112551 0.12249 0.108076 0.0774307 0.0453237 0.0222492 0.0102347 0.00612089 0.00617792 0.00811435 0.0109038 0.0140854 0.0173322 0.0203186 0.0227338 0.0243388 0.0250153 0.0247853 0.0237911 0.0222479 0.0203847 0.018395 0.0164105 0.0144996 0.0126847 0.0109653 0.00933857
 1.02092e-16 3.16714e-05 0.000185883 0.000883597 0.00340189 0.0106085 0.0267961 0.0548287 0.0908853 0.122059 0.13283 0.117179 0.0839092 0.0490285 0.0239041 0.0107175 0.0060237 0.00576097 0.00743446 0.00993293 0.0127732 0.0156322 0.018199 0.0201826 0.021365 0.0216479 0.0210708 0.0197908 0.0180357 0.0160454 0.0140221 0.0121027 0.0103555 0.00879577 0.00740914 0.0061724
 1.02366e-16 2.66387e-05 0.000156328 0.000743068 0.00286078 0.00892102 0.0225339 0.0461086 0.0764346 0.102663 0.111753 0.0986589 0.0708075 0.0416957 0.0209313 0.0104066 0.00728215 0.00818353 0.0110179 0.0148018 0.0190163 0.0232201 0.02695 0.0297671 0.0313448 0.0315409 0.0304253 0.0282493 0.0253734 0.0221773 0.0189823 0.0160072 0.0133624 0.0110713 0.00910584 0.00741954
 1.03073e-16 2.70522e-05 0.000158759 0.000754639 0.00290535 0.00906002 0.022885 0.0468265 0.0776231 0.104255 0.113474 0.100149 0.0718146 0.0421634 0.0209353 0.0100319 0.00655149 0.00705864 0.00943739 0.0127234 0.0164515 0.0202575 0.0237628 0.026601 0.0284858 0.0292695 0.0289668 0.0277344 0.0258181 0.0234863 0.0209738 0.0184499 0.0160151 0.0137174 0.0115758 0.00960018
 1.03423e-16 2.68801e-05 0.000157749 0.000749833 0.00288684 0.00900231 0.0227392 0.0465283 0.077129 0.103592 0.112753 0.0995164 0.0713678 0.0419149 0.0208373 0.0100266 0.00660144 0.00714874 0.00956469 0.0128871 0.0166471 0.0204744 0.0239848 0.0268087 0.0286612 0.0294008 0.0290532 0.0277878 0.0258624 0.0235528 0.0210945 0.0186509 0.016311 0.014108 0.0120466 0.0101258
 1.02691e-16 3.08167e-05 0.000180865 0.000859745 0.00331005 0.0103221 0.0260728 0.0533485 0.0884318 0.118764 0.129244 0.114016 0.0816452 0.0477076 0.0232644 0.0104398 0.0058844 0.00565025 0.00731575 0.00980736 0.0126637 0.0155791 0.0182575 0.0204174 0.0218422 0.0224239 0.0221807 0.0212403 0.0197969 0.0180589 0.016204 0.0143557 0.0125812 0.0109059 0.00933365 0.00786432
 1.02445e-16 2.85954e-05 0.000167819 0.000797706 0.00307117 0.00957711 0.0241911 0.049499 0.082053 0.110204 0.119946 0.105856 0.0758947 0.0445337 0.0220639 0.0104886 0.00673157 0.00715024 0.00949603 0.0127381 0.0163757 0.0200197 0.0232733 0.0257618 0.0272055 0.0274809 0.0266439 0.0249034 0.0225603 0.0199305 0.0172804 0.0147899 0.0125483 0.0105734 0.00884296 0.00732156
 1.02681e-16 2.81616e-05 0.000165273 0.000785604 0.00302457 0.00943181 0.0238241 0.048748 0.0808079 0.108531 0.118125 0.104246 0.0747341 0.043841 0.0216998 0.0102824 0.00655929 0.00694565 0.00923241 0.0124136 0.016009 0.0196496 0.0229578 0.0255721 0.027216 0.0277553 0.0272218 0.0257909 0.0237264 0.0213111 0.0187888 0.0163303 0.0140301 0.0119231 0.0100104 0.00828254
 1.02439e-16 3.04673e-05 0.000178813 0.000849985 0.00327247 0.0102049 0.0257767 0.0527429 0.0874284 0.117417 0.127783 0.112735 0.0807471 0.0472207 0.0230976 0.0104844 0.00607613 0.00597347 0.00778171 0.0104319 0.0134524 0.0165186 0.0193117 0.0215294 0.0229403 0.0234323 0.0230313 0.0218828 0.020205 0.0182317 0.0161626 0.0141368 0.01223 0.010469 0.00885416 0.00737855
 1.0246e-16 2.84075e-05 0.000166715 0.000792462 0.00305097 0.00951413 0.0240321 0.0491736 0.0815136 0.109479 0.119159 0.105162 0.0754 0.0442492 0.0219338 0.0104453 0.00672904 0.00716798 0.00952951 0.0127901 0.016452 0.0201272 0.0234188 0.025951 0.0274419 0.0277647 0.026971 0.0252652 0.0229439 0.0203203 0.0176595 0.0151421 0.0128602 0.010836 0.00905188 0.00747754
 1.04607e-16 1.74457e-05 0.000102346 0.000486411 0.00187255 0.00583923 0.0147498 0.0301824 0.0500402 0.0672312 0.0732362 0.0647788 0.0467621 0.0280811 0.0151083 0.00918349 0.00855197 0.0110859 0.0154409 0.0209127 0.0269978 0.0331476 0.0387394 0.0431666 0.045963 0.0469021 0.0460359 0.0436579 0.0402101 0.0361667 0.0319356 0.0278031 0.0239276 0.0203676 0.0171265 0.0141897
pSPR Fmed_Fpbrs
0.772593   0.330585 0.330585
Fs Fmed_Fpbrs
0.153644   1.005 1.005
SSBpbr Bo_Bmed_Bpbrs
1.70082e+06  1.229e+06  477223 477223
Ro
71682.4
SPR SPRFo_SPRFmed_SPRFpbrs
1.47399e+06 1.1388e+06 487279
log_Ro
11
likeval ReclasPelacesDesembMPH_pf_preclas_ppelaces_ptallas_desvR_qrecl_qpela
 63.9805 24.2588 0.0419134 0.000215446 321.651 204.878 78.9102 0 16.7734 0.000122404 0 0 0 0 0
q_reclas_q_pelaces
0.208511 1
M
0.7
N
 85777.1 21596.4 8040.12 948.617 0.470803
 107742 40157.7 8099.35 3015.3 355.938
 70210.1 51289.6 16306.4 3288.82 1368.92
 100984 32959.1 19485.4 6194.97 1769.52
 164930 49635.7 15587.1 9215.08 3766.59
 123384 81716 24383.2 7657.04 6377.15
 181267 59802.9 36152.7 10787.6 6208.99
 150657 88659.5 27627 16701.4 7851.88
 160449 72508.9 37929.3 11819.1 10504.1
 141438 76763.3 30153.2 15773.1 9283.19
 69463.4 67949.3 32558.9 12789.4 10627.5
 41769.3 31991.3 23568.6 11293.2 8122.28
 42761.3 19324.4 11339 8353.65 6881.64
 25350.3 19022.1 5681.75 3333.89 4479.47
 20939.8 10436.7 3867.79 1155.28 1588.7
 27972.1 8862.17 2420.22 896.917 636.31
 24277.4 13057.4 3277.83 895.16 567.092
 27796.7 11533.5 5250.99 1318.17 588.038
 31852.1 13402.1 4976.42 2265.66 822.477
 55249.9 15428.6 5911.45 2195.02 1362.13
 68931.6 26740.7 6779.5 2597.56 1563.05
 88951.7 33813.1 12525.5 3175.55 1948.85
 146040 43452.1 15526.8 5751.62 2353.09
 178549 71118.5 19660.8 7025.44 3667.15
 84008 87028.7 32318.4 8934.48 4859.03
pred_Ctot
 3542.77 3863.64 1438.39 169.709 0.0842275
 3213.38 5326.08 1074.21 399.917 47.2078
 2769.62 8801.07 2798.11 564.348 234.902
 741.032 1132.68 669.638 212.897 60.8117
 269.063 384.259 120.669 71.3392 29.1593
 2128.66 6453.12 1925.54 604.677 503.604
 1964.35 3010.65 1820.03 543.078 312.578
 3344.5 8907.12 2775.53 1677.89 788.834
 4227.92 8564.62 4480.14 1396.05 1240.72
 3318.25 8126.56 3192.17 1669.82 982.766
 3640.95 15040.8 7207.02 2830.97 2352.44
 2061.46 6714.4 4946.62 2370.25 1704.72
 3224.58 5841.18 3427.44 2525.06 2080.11
 3150.16 8494.85 2537.34 1488.84 2000.43
 2245.42 4176.87 1547.92 462.351 635.81
 1210.81 1654.12 451.731 167.409 118.767
 758.244 1807.69 453.789 123.928 78.5091
 582.219 1096.42 499.18 125.31 55.9012
 563.739 1084.63 402.741 183.36 66.563
 1008.83 1286.54 492.935 183.035 113.583
 604.737 1095.04 277.621 106.37 64.0072
 1043.72 1839.3 681.337 172.738 106.01
 2033.59 2790.93 997.287 369.427 151.139
 2371.82 4364.1 1206.46 431.107 225.03
 1010.56 4850.07 1801.09 497.914 270.792
F
 0.0589386 0.280745 0.280745 0.280745 0.280745
 0.0422504 0.201254 0.201254 0.201254 0.201254
 0.0562256 0.267822 0.267822 0.267822 0.267822
 0.01025 0.0488243 0.0488243 0.0488243 0.0488243
 0.00227072 0.0108162 0.0108162 0.0108162 0.0108162
 0.0242474 0.115499 0.115499 0.115499 0.115499
 0.0151698 0.0722592 0.0722592 0.0722592 0.0722592
 0.0312972 0.14908 0.14908 0.14908 0.14908
 0.0372469 0.17742 0.17742 0.17742 0.17742
 0.0331018 0.157675 0.157675 0.157675 0.157675
 0.075335 0.358847 0.358847 0.358847 0.358847
 0.0707937 0.337216 0.337216 0.337216 0.337216
 0.11003 0.52411 0.52411 0.52411 0.52411
 0.187456 0.892919 0.892919 0.892919 0.892919
 0.159861 0.761476 0.761476 0.761476 0.761476
 0.0618491 0.294609 0.294609 0.294609 0.294609
 0.0442842 0.210941 0.210941 0.210941 0.210941
 0.0295063 0.140549 0.140549 0.140549 0.140549
 0.0248816 0.11852 0.11852 0.11852 0.11852
 0.025679 0.122318 0.122318 0.122318 0.122318
 0.0122651 0.0584232 0.0584232 0.0584232 0.0584232
 0.0164343 0.0782824 0.0782824 0.0782824 0.0782824
 0.0195303 0.0930296 0.0930296 0.0930296 0.0930296
 0.0186237 0.0887114 0.0887114 0.0887114 0.0887114
 0.0168517 0.0802707 0.0802707 0.0802707 0.0802707
YTP_r0W_actual
 11318.3 106701 59435.9 20464.3 11589.9
YTP_p0W_proyectada
 80737.3 423376 600158 290732 133910
 80737.3 284708 112200 142309 71353.1
CTP_r0_actual
 1010.56 4850.07 1801.09 497.914 270.792
CTP_p0_proyectada
 9498.51 19783.9 19235.8 7143.29 2879.78
 9498.51 13304.1 3596.17 3496.54 1534.48
Wmedp
 8.5 21.4 31.2 40.7 46.5
nmprior
 10.6 11 7 0
nm_flota  nm_reclas  nm_pelaces    nm_pelaL
inf 11.936 21.458 53.8351
cv_recla  cv_pelaces  cv_mph
0.723517 0.558479 0.47622
 ------------------------------------------------
Talla a la edad & desviaci?n 
 7.2 14.2025 17.0495 18.207 18.6776
 1.08 2.13037 2.55742 2.73105 2.80164
