years
 1997 1998 1999 2000 2001 2002 2003 2004 2005 2006 2007 2008 2009 2010 2011 2012 2013 2014 2015 2016 2017 2018 2019 2020 2021
reclasobs
 0 0 0 370054 412103 1.49427e+06 250295 1.28982e+06 931140 785840 897777 1.04006e+06 184774 17550 25797 100020 73551 82996 120727 218422 84188 347160 605670 569463 516374
reclaspred
 421110 123624 421412 305437 410798 486290 1.04317e+06 662192 689543 576768 441264 294987 180541 87578.1 65270.4 68790 87809.9 122099 129939 185218 263489 239257 416098 532568 631097
pelacesobs
 0 0 0 0 0 0 0 0 0 2.06254e+06 1.5e+06 0 1.87456e+06 323000 250000 174000 83755 137374 0 501740 490994 745055 786931 1.00524e+06 1.33801e+06
pelacespred
 1.58644e+06 419828 853346 945948 1.07689e+06 1.08146e+06 2.54267e+06 2.09602e+06 1.88976e+06 1.61242e+06 1.11346e+06 764038 465823 192976 140880 156781 207696 289853 319488 441323 692233 617941 846060 1.28409e+06 1.52503e+06
mphobs
 0 0 0 0 0 112323 0 153150 637223 0 255016 313432 73983 77613 109348 50772 0 0 0 0 0 0 0 0 0
mphpred
 151779 103626 136669 186707 181705 262890 396999 453953 370484 347401 299930 208348 128812 68708.7 35618.9 32068.3 39419.1 55430.9 69638.3 80256.7 118408 137771 172253 246871 342426
desembarqueobs
 350755 77701 442110 56441 14545 235359 269955 359681 431902 328805 639364 411747 362871 311530 167758 66681 60226 58785 57116 73181 50977 67692 138656 160484 209506
desembarquepred
 350765 77704.2 442148 56442.6 14545.1 235392 269980 359710 431973 328865 639756 412097 363353 312131 167860 66698 60245.3 58788.8 57115.2 73183.7 50978.2 67689.7 138660 160491 209509
Reclutas
 75477.2 95532.7 61742.4 91406.5 151330 112607 168784 144143 157780 142002 69027.2 41327.6 42646.4 24868.4 20295.3 26705.5 22921 26095.3 29739.6 52437.2 65365.9 83716.1 137311 166307 74996.4
log_desv_Rt
 0.111586 0.347224 -0.0892745 0.303072 0.80722 0.511658 0.916376 0.758563 0.848957 0.743599 0.0222553 -0.490715 -0.459301 -0.998647 -1.20185 -0.927375 -1.08019 -0.950491 -0.819767 -0.252629 -0.0322444 0.215186 0.710003 0.901593 0.105196
SSB
 924930 631487 832852 1.13778e+06 1.10729e+06 1.60203e+06 2.41928e+06 2.76635e+06 2.2577e+06 2.11704e+06 1.82775e+06 1.26965e+06 784970 418705 217059 195422 240217 337791 424370 489078 721572 839563 1.0497e+06 1.50441e+06 2.08672e+06
BT
 3.13745e+06 882073 1.76974e+06 1.75307e+06 1.9386e+06 2.12255e+06 4.73512e+06 4.16414e+06 3.78045e+06 3.20804e+06 2.58174e+06 1.75203e+06 1.19331e+06 648398 396594 336192 421557 565916 621268 849973 1.28097e+06 1.16985e+06 1.61026e+06 2.43066e+06 2.89427e+06
Ftot
 0.315981 0.232884 0.314241 0.0575549 0.0123828 0.12939 0.0806568 0.16419 0.192646 0.167438 0.373879 0.350588 0.54769 0.940697 0.818621 0.317551 0.226638 0.151338 0.127868 0.132296 0.0625698 0.0835231 0.0995414 0.0952514 0.0867559
BD_Bspro_t
 0.961867 0.819875 0.799238 0.715272 0.804536 0.88734 0.86548 0.8677 0.82162 0.781182 0.73683 0.592403 0.481011 0.369208 0.254476 0.277349 0.403397 0.573638 0.678831 0.751993 0.829222 0.880536 0.884305 0.887958 0.891057
BD_Bspro
 0.666302 0.454911 0.599971 0.819634 0.797675 1.15407 1.74281 1.99283 1.62641 1.52507 1.31668 0.914636 0.565478 0.301628 0.156365 0.140778 0.173048 0.243339 0.305709 0.352323 0.519807 0.604806 0.756183 1.08375 1.50323
BD_Bo
 0.579871 0.395901 0.522144 0.713313 0.694202 1.00437 1.51673 1.73432 1.41543 1.32724 1.14588 0.795991 0.492126 0.262501 0.136082 0.122517 0.1506 0.211773 0.266053 0.30662 0.452379 0.526352 0.658092 0.943168 1.30824
BD_Brms
 2.05609 1.40377 1.8514 2.52924 2.46148 3.56126 5.37798 6.1495 5.01879 4.7061 4.06302 2.8224 1.74496 0.930768 0.482514 0.434416 0.533994 0.750898 0.943361 1.0872 1.60403 1.86632 2.33344 3.34425 4.6387
S_f
 0.205096 1 1 1 1
 0.205096 1 1 1 1
 0.205096 1 1 1 1
 0.205096 1 1 1 1
 0.205096 1 1 1 1
 0.205096 1 1 1 1
 0.205096 1 1 1 1
 0.205096 1 1 1 1
 0.205096 1 1 1 1
 0.205096 1 1 1 1
 0.205096 1 1 1 1
 0.205096 1 1 1 1
 0.205096 1 1 1 1
 0.205096 1 1 1 1
 0.205096 1 1 1 1
 0.205096 1 1 1 1
 0.205096 1 1 1 1
 0.205096 1 1 1 1
 0.205096 1 1 1 1
 0.205096 1 1 1 1
 0.205096 1 1 1 1
 0.205096 1 1 1 1
 0.205096 1 1 1 1
 0.205096 1 1 1 1
 0.205096 1 1 1 1
Scru_reclas
 1 1 1 1 1
 1 1 1 1 1
 1 1 1 1 1
 1 1 1 1 1
 1 1 1 1 1
 1 1 1 1 1
 1 1 1 1 1
 1 1 1 1 1
 1 1 1 1 1
 1 1 1 1 1
 1 1 1 1 1
 1 1 1 1 1
 1 1 1 1 1
 1 1 1 1 1
 1 1 1 1 1
 1 1 1 1 1
 1 1 1 1 1
 1 1 1 1 1
 1 1 1 1 1
 1 1 1 1 1
 1 1 1 1 1
 1 1 1 1 1
 1 1 1 1 1
 1 1 1 1 1
 1 1 1 1 1
Scru_pelaces
 1 1 1 1 1
 1 1 1 1 1
 1 1 1 1 1
 1 1 1 1 1
 1 1 1 1 1
 1 1 1 1 1
 1 1 1 1 1
 1 1 1 1 1
 1 1 1 1 1
 1 1 1 1 1
 1 1 1 1 1
 1 1 1 1 1
 1 1 1 1 1
 1 1 1 1 1
 1 1 1 1 1
 1 1 1 1 1
 1 1 1 1 1
 1 1 1 1 1
 1 1 1 1 1
 1 1 1 1 1
 1 1 1 1 1
 1 1 1 1 1
 1 1 1 1 1
 1 1 1 1 1
 1 1 1 1 1
pf_obs 
 0.256992 0.487395 0.22802 0.0275931 0
 0.321318 0.546541 0.124235 0.00734118 0.000564706
 0.182869 0.594174 0.210203 0.0122559 0.00049798
 0.330522 0.361315 0.267642 0.0388342 0.00168674
 0.649043 0.306663 0.0425973 0.00169635 0
 0.582887 0.30429 0.105238 0.00758474 0
 0.465427 0.430635 0.0974691 0.00646863 0
 0.296916 0.608066 0.0921331 0.00288517 0
 0.311714 0.524322 0.152257 0.0117073 0
 0.15457 0.633149 0.183074 0.0267441 0.00246327
 0.131901 0.49318 0.331252 0.0422183 0.00144891
 0.196976 0.569456 0.194076 0.0375587 0.00193317
 0.518974 0.381816 0.0799577 0.0180837 0.00116848
 0.0928022 0.601141 0.25162 0.0475244 0.00691264
 0.122501 0.610282 0.24278 0.0234846 0.000952079
 0.383417 0.481906 0.127806 0.00687128 0
 0.0376549 0.599619 0.316969 0.0457579 0
 0.0361596 0.667082 0.258105 0.0386534 0
 0.158088 0.579412 0.248529 0.0139706 0
 0.0477256 0.309471 0.559284 0.082774 0.000745712
 0.0406174 0.521527 0.379366 0.0568643 0.0016247
 0.151134 0.462217 0.34131 0.0453401 0
 0.294876 0.26143 0.354403 0.0886775 0.000613685
 0.281977 0.475581 0.204845 0.0348837 0.00271318
 0.0841818 0.532909 0.334909 0.0458182 0.00218182
pf_pred 
 0.382502 0.435887 0.162425 0.0191758 9.84199e-06
 0.319479 0.528888 0.107036 0.0398852 0.00471123
 0.182728 0.586623 0.179256 0.036278 0.0151151
 0.270445 0.406447 0.231921 0.0708689 0.0203182
 0.311037 0.447595 0.13447 0.0767295 0.0301687
 0.181639 0.563684 0.165455 0.0497073 0.0395152
 0.258859 0.395919 0.237788 0.0697965 0.0376382
 0.195024 0.51389 0.155499 0.0933923 0.0421954
 0.21856 0.437468 0.219589 0.0664459 0.0579376
 0.196778 0.480313 0.180772 0.0907392 0.0513982
 0.117132 0.496992 0.230747 0.0868445 0.0682842
 0.115459 0.384139 0.281691 0.130786 0.0879257
 0.19007 0.346322 0.201336 0.14764 0.114631
 0.177765 0.490106 0.142016 0.0825619 0.10755
 0.248781 0.468193 0.168702 0.0488843 0.0654395
 0.335189 0.468195 0.12254 0.0441542 0.0299218
 0.232211 0.5679 0.140773 0.0368441 0.0222725
 0.243549 0.46924 0.212437 0.0526596 0.0221141
 0.241372 0.475587 0.175575 0.0794875 0.027978
 0.327279 0.418179 0.159573 0.0589107 0.0360579
 0.278995 0.516005 0.127433 0.0486273 0.02894
 0.266855 0.483782 0.178463 0.0440733 0.026827
 0.316186 0.443219 0.158762 0.0585658 0.0232672
 0.270362 0.512299 0.14087 0.0504599 0.0260093
 0.113399 0.579318 0.215752 0.0593266 0.0322046
pobs_RECLAS
 0 0 0 0 0
 0 0 0 0 0
 0 0 0 0 0
 0 0 0 0 0
 0.835266 0.146461 0.0176864 0.000547809 3.91292e-05
 0.385257 0.428462 0.181853 0.0044286 0
 0.867414 0.0963971 0.0333333 0.00285562 0
 0.441836 0.489002 0.0689373 0.000224442 0
 0.779404 0.147425 0.0564933 0.0165055 0.000172143
 0.814271 0.122319 0.05973 0.00367925 0
 0.40263 0.566651 0.0304383 0.000280538 0
 0.475488 0.404961 0.113038 0.00651328 0
 0.955842 0.0263864 0.0167828 0.000988607 0
 0.975058 0.0227948 0.00214734 0 0
 0.738997 0.206755 0.0527124 0.00153531 0
 0.850938 0.134255 0.0134407 0.00136685 0
 0.542534 0.407297 0.0501686 0 0
 0.764087 0.199537 0.0359546 0.000420521 0
 0.470689 0.182191 0.310203 0.0369168 0
 0.84361 0.089868 0.0606195 0.00523954 0.000663233
 0.607945 0.314616 0.071237 0.00620181 0
 0.523733 0.453247 0.0230204 0 0
 0.530135 0.295979 0.169645 0.0042399 0
 0.562478 0.366248 0.0663022 0.0049721 0
 0.250443 0.683176 0.0655157 0.000865301 0
ppred_RECLAS
 0.754679 0.17317 0.0645286 0.0076182 3.91004e-06
 0.698659 0.234196 0.0473967 0.0176615 0.00208617
 0.526119 0.340143 0.103939 0.0210352 0.00876423
 0.64444 0.198088 0.11303 0.034539 0.00990239
 0.68774 0.202864 0.0609461 0.0347762 0.0136734
 0.521385 0.329668 0.0967655 0.0290711 0.0231103
 0.630958 0.197143 0.118403 0.0347542 0.0187414
 0.543684 0.291308 0.0881475 0.0529411 0.0239193
 0.579446 0.235436 0.118178 0.0357597 0.0311808
 0.546493 0.27119 0.102066 0.0512323 0.0290199
 0.398192 0.338775 0.157289 0.0591978 0.0465461
 0.393885 0.263224 0.193023 0.0896184 0.0602494
 0.54275 0.195518 0.113665 0.0833511 0.0647157
 0.53232 0.278768 0.0807777 0.0469605 0.0611735
 0.632341 0.229142 0.0825656 0.0239248 0.0320272
 0.714628 0.200974 0.0526005 0.0189533 0.012844
 0.598885 0.296687 0.0735438 0.0192484 0.0116358
 0.612732 0.24023 0.108758 0.0269593 0.0113214
 0.609598 0.244745 0.0903539 0.0409055 0.0143979
 0.704855 0.183469 0.0700102 0.0258461 0.0158198
 0.654269 0.247431 0.0611058 0.0233174 0.0138771
 0.64055 0.237191 0.0874976 0.0216085 0.0131529
 0.693788 0.198474 0.0710938 0.0262258 0.0104191
 0.644792 0.249401 0.0685793 0.0245653 0.0126621
 0.385108 0.40178 0.149632 0.0411453 0.0223352
pobs_PELACES
 0 0 0 0 0
 0 0 0 0 0
 0 0 0 0 0
 0 0 0 0 0
 0 0 0 0 0
 0 0 0 0 0
 0 0 0 0 0
 0 0 0 0 0
 0 0 0 0 0
 0 0 0 0 0
 0.450072 0.473896 0.0757376 0.000293798 0
 0 0 0 0 0
 0.463077 0.371075 0.160297 0.00555027 0
 0.529543 0.364841 0.0842815 0.0213345 0
 0.631943 0.363953 0.00410389 0 0
 0.735681 0.248677 0.0153453 0.000297389 0
 0.695825 0.281241 0.0229344 0 0
 0.275771 0.60734 0.115278 0.00161068 0
 0 0 0 0 0
 0.896147 0.0623911 0.0374545 0.00400742 0
 0.803859 0.145111 0.0509908 3.86294e-05 0
 0.739449 0.233085 0.0266225 0.000797448 4.60066e-05
 0.878498 0.100942 0.0204185 0.000141795 0
 0.694673 0.275183 0.0284847 0.00165964 0
 0.469039 0.446079 0.0841089 0.000773354 0
ppred_PELACES
 0.769699 0.162567 0.0605778 0.00715177 3.67065e-06
 0.711363 0.224323 0.0453986 0.016917 0.00199823
 0.546615 0.325432 0.0994433 0.0201254 0.00838517
 0.647892 0.196165 0.111933 0.0342037 0.00980625
 0.688437 0.202411 0.0608101 0.0346986 0.0136429
 0.529848 0.323839 0.0950544 0.028557 0.0227016
 0.635871 0.194518 0.116827 0.0342916 0.0184919
 0.554348 0.2845 0.0860876 0.051704 0.0233603
 0.591709 0.228571 0.114732 0.034717 0.0302716
 0.557354 0.264695 0.0996211 0.0500053 0.0283249
 0.421912 0.325423 0.15109 0.0568645 0.0447115
 0.416041 0.253602 0.185967 0.0863424 0.058047
 0.578127 0.180391 0.104871 0.0769024 0.0597088
 0.592962 0.242622 0.0703037 0.0408714 0.0532414
 0.680705 0.198999 0.0717045 0.0207776 0.0278142
 0.731308 0.189227 0.049526 0.0178455 0.0120933
 0.613079 0.286189 0.0709414 0.0185673 0.0112241
 0.622108 0.234413 0.106125 0.0263066 0.0110473
 0.617551 0.239759 0.0885133 0.0400723 0.0141046
 0.712022 0.179014 0.06831 0.0252184 0.0154356
 0.657972 0.244781 0.0604512 0.0230676 0.0137285
 0.645579 0.233873 0.0862735 0.0213062 0.0129689
 0.699307 0.194896 0.0698124 0.0257531 0.0102313
 0.650494 0.245398 0.0674785 0.024171 0.0124588
 0.39051 0.398249 0.148318 0.0407837 0.0221389
pobs_pel_tallas
 0 0 0 0 0 0 0 0 0 0 0 0 0 0 0 0 0 0 0 0 0 0 0 0 0 0 0 0 0 0 0 0 0 0 0 0
 0 0 0 0 0 0 0 0 0 0 0 0 0 0 0 0 0 0 0 0 0 0 0 0 0 0 0 0 0 0 0 0 0 0 0 0
 0 0 0 0 0 0 0 0 0 0 0 0 0 0 0 0 0 0 0 0 0 0 0 0 0 0 0 0 0 0 0 0 0 0 0 0
 0 0 0 0 0 0 0 0 0 0 0 0 0 0 0 0 0 0 0 0 0 0 0 0 0 0 0 0 0 0 0 0 0 0 0 0
 0 0 0 0 0 0 0 0 0 0 0 0 0 0 0 0 0 0 0 0 0 0 0 0 0 0 0 0 0 0 0 0 0 0 0 0
 0 0 0 0 0 0 0 0 0 0 0 0 0 0 0 0 0 0 0 0 0 0 0 0 0 0 0 0 0 0 0 0 0 0 0 0
 0 0 0 0 0 0 0 0 0 0 0 0 0 0 0 0 0 0 0 0 0 0 0 0 0 0 0 0 0 0 0 0 0 0 0 0
 0 0 0 0 0 0 0 0 0 0 0 0 0 0 0 0 0 0 0 0 0 0 0 0 0 0 0 0 0 0 0 0 0 0 0 0
 0 0 0 0 0 0 0 0 0 0 0 0 0 0 0 0 0 0 0 0 0 0 0 0 0 0 0 0 0 0 0 0 0 0 0 0
 0 0 0 0 0 0 0 0 0 0 0 0 0 0 0 0 0 0 0 0 0 0 0 0 0 0 0 0 0 0 0 0 0 0 0 0
 0 0 0 0 0 0 0 0 1.78061e-05 0.00172719 0.00360574 0.0105946 0.0120993 0.0124554 0.0147524 0.0171206 0.0266825 0.0428682 0.0675386 0.121331 0.153587 0.119568 0.100827 0.0573624 0.0630603 0.0341343 0.0324427 0.0444173 0.0211091 0.0280891 0.0125444 0.00206551 0 0 0 0
 0 0 0 0 0 0 0 0 0 0 0 0 0 0 0 0 0 0 0 0 0 0 0 0 0 0 0 0 0 0 0 0 0 0 0 0
 0 0 0 0 0 0 0.0133647 0.0140871 0.0187388 0.0205184 0.03894 0.0496705 0.03968 0.0493445 0.0407372 0.0367815 0.0215668 0.0243155 0.0234873 0.0199281 0.019796 0.0243948 0.0301388 0.0376714 0.0412746 0.0863199 0.0771752 0.113111 0.0741005 0.0525337 0.0229764 0.00759418 0.00175318 0 0 0
 0 0 0 0 0 0 0 0 0 0 0.00219441 0.00772107 0.0458388 0.0604681 0.0671733 0.0775358 0.0609151 0.0617685 0.073594 0.0568108 0.0755445 0.0548602 0.0670107 0.0636378 0.0643287 0.046367 0.0373049 0.0286899 0.0247887 0.0153202 0.00654259 0.00121912 0.000365735 0 0 0
 0 0 0 0 0 0 0 0 0 0 0 0 0.000112435 0.00938835 0.0111873 0.0202946 0.0414886 0.0713402 0.111592 0.104902 0.108894 0.110636 0.117776 0.105296 0.107544 0.0401394 0.0192827 0.0124803 0.00416011 0.0028671 0.000618394 0 0 0 0 0
 0 0 0 0 0 0 0 0 0 0 0.00291406 0.0102884 0.027416 0.0768956 0.0749926 0.110853 0.0956884 0.0897413 0.0766577 0.0534642 0.0500743 0.0551293 0.0594112 0.0620874 0.0668451 0.0424026 0.0208742 0.0120726 0.0048766 0.00582813 0.00118941 0.000297354 0 0 0 0
 0 0.00264628 0.0354308 0.0461629 0.0458689 0.0383711 0.0214643 0.0164657 0.0346957 0.0420465 0.0363128 0.0245516 0.0311673 0.0291091 0.0169068 0.0133784 0.00837989 0.0085269 0.0148486 0.0160247 0.0276389 0.0546898 0.0760071 0.122758 0.109233 0.0665981 0.0333725 0.0166128 0.00676272 0.00308733 0.000882094 0 0 0 0 0
 0 0 0 0 0 0 0 0.000805153 0.000690131 0.00759144 0.0133425 0.0154129 0.00931677 0.000345066 0.00356568 0.00563607 0.00851162 0.0253048 0.0502646 0.0516448 0.0657925 0.0565908 0.0611916 0.0827007 0.0866115 0.110766 0.145733 0.0935128 0.0569358 0.0249597 0.0138026 0.00621118 0.00161031 0.00115022 0 0
 0 0 0 0 0 0 0 0 0 0 0 0 0 0 0 0 0 0 0 0 0 0 0 0 0 0 0 0 0 0 0 0 0 0 0 0
 0.00147267 0.00158595 0.00478618 0.00569244 0.00954404 0.0108468 0.00647125 0.017049 0.0510054 0.094081 0.124002 0.0959785 0.0687766 0.0820023 0.061753 0.0591476 0.0492212 0.0479892 0.0443925 0.0268479 0.0217502 0.0140895 0.0121071 0.0120363 0.00920419 0.00665534 0.0049561 0.00860946 0.00930331 0.0156896 0.0114698 0.00855282 0.00243557 0.00046729 0 2.83206e-05
 0 0 0 0 0.000772559 0.00158375 0.000888443 0.00281984 0.00712685 0.0440552 0.0773331 0.111326 0.0921469 0.0852325 0.0710754 0.0886704 0.0786465 0.0553345 0.0373146 0.0185414 0.00753245 0.00457741 0.012979 0.0271748 0.0457355 0.0583668 0.034881 0.0177882 0.00938659 0.00492506 0.0015258 0.00185414 0.000309023 5.79419e-05 3.86279e-05 0
 0 0.00173294 0.00326652 0 0.00397197 0.00683976 0.00946217 0.0152591 0.00757587 0.0136028 0.0228656 0.0392903 0.0559909 0.0764795 0.0681675 0.0726916 0.0566044 0.0477403 0.0527397 0.0444891 0.0609904 0.0582453 0.0661739 0.0445044 0.0529084 0.0360697 0.0280645 0.0235558 0.0158879 0.00826598 0.00280645 0.00217768 0.000904811 0.00058276 9.20147e-05 0
 0 0 0 0 0 0 0 0 0 0 0 0 0 0 0 0 0 0 0 0 0 0 0 0 0 0 0 0 0 0 0 0 0 0 0 0
 0 0 0 0 0 0 0 0 0 0 0 0 0 0 0 0 0 0 0 0 0 0 0 0 0 0 0 0 0 0 0 0 0 0 0 0
 0 0 0 0 0 0 0 0 0 0 0 0 0 0 0 0 0 0 0 0 0 0 0 0 0 0 0 0 0 0 0 0 0 0 0 0
ppred_pel_tallas
 1.01159e-16 3.35819e-05 0.000197101 0.000936935 0.00360726 0.0112489 0.0284139 0.0581384 0.0963705 0.129422 0.140833 0.124217 0.0889008 0.0518477 0.0250966 0.0109433 0.0057174 0.00509914 0.00644087 0.0085779 0.0110299 0.0135023 0.015722 0.0174337 0.0184433 0.0186593 0.0181086 0.016922 0.0152945 0.0134368 0.0115325 0.00971344 0.00805502 0.0065866 0.00530885 0.00420968
 1.01393e-16 3.10406e-05 0.000182176 0.000865967 0.00333399 0.0103967 0.0262614 0.0537348 0.0890731 0.119628 0.130193 0.114874 0.0823044 0.0481825 0.0236622 0.0108969 0.00652492 0.0065739 0.0085952 0.0114789 0.014711 0.0179178 0.0207297 0.0228023 0.0238828 0.0238664 0.0228177 0.0209461 0.0185475 0.0159316 0.01336 0.0110098 0.00896814 0.00724927 0.00582328 0.004643
 1.02602e-16 2.3861e-05 0.000140016 0.000665512 0.00256216 0.00798976 0.0201817 0.0412961 0.0684591 0.0919573 0.100117 0.0884276 0.0635551 0.0376075 0.0192176 0.0101138 0.00778743 0.00924223 0.0126109 0.01699 0.0218569 0.0267259 0.0310715 0.0343903 0.0363037 0.0366396 0.0354657 0.0330558 0.0298103 0.0261548 0.0224546 0.0189641 0.0158191 0.0130603 0.010671 0.00861175
 1.03287e-16 2.82719e-05 0.000165924 0.000788708 0.00303654 0.00946913 0.0239183 0.0489405 0.081126 0.108955 0.118578 0.104627 0.0749657 0.0438934 0.0215716 0.0099668 0.00602622 0.00614603 0.00811613 0.0109514 0.0142131 0.017589 0.020763 0.023426 0.0253298 0.0263349 0.0264312 0.025723 0.0243881 0.022626 0.0206147 0.0184873 0.0163308 0.0141979 0.0121258 0.0101488
 1.02759e-16 3.004e-05 0.000176304 0.000838055 0.00322653 0.0100616 0.0254149 0.0520026 0.0862016 0.115771 0.125993 0.111161 0.0796314 0.0465917 0.0228334 0.0104379 0.0061503 0.0061288 0.00801218 0.0107425 0.0138464 0.0169917 0.0198508 0.0221137 0.0235453 0.0240349 0.0236149 0.0224405 0.0207405 0.0187562 0.016691 0.0146821 0.0127986 0.0110591 0.0094554 0.00797433
 1.03497e-16 2.31298e-05 0.000135723 0.000645105 0.00248359 0.00774474 0.0195628 0.0400298 0.0663601 0.0891387 0.0970507 0.0857246 0.0616241 0.0364886 0.0186899 0.00990803 0.00771636 0.0092153 0.0125977 0.0169881 0.0218764 0.0267851 0.0311961 0.0346124 0.0366596 0.0371666 0.036197 0.0340162 0.0310111 0.0275905 0.0241011 0.0207796 0.0177472 0.015035 0.0126231 0.0104758
 1.03765e-16 2.77477e-05 0.000162846 0.000774077 0.0029802 0.00929345 0.0234746 0.0480326 0.0796211 0.106934 0.11638 0.102689 0.0735813 0.0430914 0.0211936 0.00982024 0.00597756 0.00613146 0.00811571 0.0109659 0.0142531 0.0176713 0.0209093 0.023661 0.0256788 0.0268204 0.0270688 0.0265185 0.025335 0.0237056 0.021797 0.0197342 0.0175994 0.0154454 0.0133128 0.0112428
 1.04183e-16 2.41964e-05 0.000141989 0.000674903 0.00259833 0.00810257 0.0204666 0.0418787 0.0694235 0.0932489 0.101513 0.0896353 0.0643686 0.0379796 0.0192068 0.00978452 0.00715098 0.00825751 0.0112147 0.0151317 0.0195281 0.0239821 0.0280424 0.0312755 0.033351 0.0341121 0.033602 0.0320348 0.0297268 0.0270115 0.0241687 0.021386 0.0187572 0.0163064 0.0140228 0.0118907
 1.04311e-16 2.58234e-05 0.000151546 0.000720346 0.00277331 0.00864827 0.0218449 0.0446985 0.0740958 0.0995179 0.10832 0.0956049 0.0685657 0.0402758 0.0200356 0.00966526 0.00640081 0.00696964 0.00935878 0.0126537 0.0164147 0.0202956 0.0239337 0.0269741 0.0291353 0.0302641 0.0303587 0.0295497 0.0280502 0.0260937 0.0238828 0.0215622 0.0192183 0.0168957 0.0146216 0.012423
 1.04543e-16 2.43267e-05 0.000142756 0.000678552 0.00261239 0.00814641 0.0205773 0.0421051 0.0697983 0.0937504 0.102054 0.0901023 0.06468 0.0381154 0.0191873 0.00963166 0.00686603 0.00782196 0.0106034 0.0143278 0.0185361 0.0228363 0.02681 0.030052 0.0322481 0.0332398 0.0330493 0.0318548 0.0299283 0.0275603 0.0249966 0.0224046 0.0198731 0.0174342 0.0150938 0.012857
 1.06294e-16 1.84234e-05 0.000108092 0.000513743 0.00197781 0.00616749 0.0155788 0.0318783 0.0528492 0.0709973 0.0773181 0.0683402 0.0492261 0.0293474 0.0154029 0.00877083 0.00756278 0.00950961 0.0131972 0.0179275 0.0232602 0.0287464 0.0338791 0.0381575 0.0411852 0.0427503 0.0428569 0.0416968 0.0395776 0.036833 0.0337492 0.0305268 0.02728 0.0240633 0.020906 0.0178397
 1.08402e-16 1.81645e-05 0.000106579 0.000506564 0.00195019 0.00608138 0.0153613 0.0314326 0.0521085 0.0699968 0.0762143 0.0673309 0.0484261 0.0287246 0.0148113 0.0080224 0.00647656 0.00792951 0.0110029 0.0150557 0.0197352 0.0247076 0.0295907 0.0339918 0.0375773 0.0401313 0.0415819 0.0419841 0.0414745 0.0402151 0.03835 0.0359873 0.0332062 0.0300778 0.0266875 0.0231456
 1.0698e-16 2.5229e-05 0.000148061 0.000703791 0.00270959 0.00844957 0.021343 0.043671 0.0723915 0.0972254 0.105815 0.0933721 0.0669162 0.0392102 0.0193271 0.00902996 0.00560511 0.00584998 0.00780767 0.0106156 0.0138985 0.0173925 0.0208263 0.0239287 0.0264737 0.0283207 0.0294302 0.0298491 0.029676 0.029019 0.0279646 0.0265662 0.0248529 0.0228483 0.020591 0.018146
 1.0497e-16 2.58784e-05 0.000151868 0.000721876 0.0027792 0.00866663 0.0218913 0.0447935 0.0742535 0.0997307 0.108554 0.0958167 0.0687293 0.0403951 0.0201371 0.00978193 0.00656127 0.00719395 0.00965653 0.0130207 0.0168286 0.0207141 0.0242963 0.0272106 0.029179 0.0300684 0.0299116 0.0288817 0.0272336 0.0252319 0.0230922 0.0209513 0.0188685 0.0168495 0.0148783 0.0129436
 1.03097e-16 2.97027e-05 0.000174324 0.000828642 0.00319029 0.00994861 0.0251294 0.0514185 0.0852334 0.11447 0.124578 0.109913 0.0787373 0.0460691 0.0225788 0.0103246 0.0060895 0.00607647 0.00795324 0.0106769 0.0137831 0.016947 0.0198473 0.0221782 0.0237053 0.0243142 0.0240289 0.0229929 0.0214219 0.0195453 0.0175571 0.0155894 0.013711 0.0119436 0.0102851 0.00872992
 1.01944e-16 3.19088e-05 0.000187277 0.000890224 0.0034274 0.010688 0.0269971 0.0552399 0.0915669 0.122974 0.133825 0.118055 0.0845343 0.0493881 0.0240686 0.0107727 0.0060282 0.00574141 0.00739781 0.00987743 0.0126939 0.015523 0.0180538 0.0199955 0.0211314 0.021365 0.0207382 0.0194111 0.0176148 0.0155924 0.0135489 0.0116229 0.00988343 0.00834523 0.00699194 0.00579758
 1.02263e-16 2.67575e-05 0.000157025 0.000746382 0.00287354 0.0089608 0.0226344 0.0463142 0.0767754 0.103121 0.112251 0.0990977 0.071121 0.0418772 0.0210166 0.0104393 0.00729249 0.00818582 0.0110166 0.0147967 0.0190051 0.023199 0.0269142 0.0297113 0.0312634 0.0314291 0.0302797 0.0280687 0.0251592 0.0219338 0.0187161 0.0157272 0.0130781 0.0107925 0.00884157 0.00717703
 1.03004e-16 2.71492e-05 0.000159329 0.000757347 0.00291578 0.00909253 0.0229671 0.0469945 0.0779016 0.104629 0.113881 0.100507 0.07207 0.0423103 0.0210026 0.0100546 0.00655361 0.00705112 0.00942317 0.0127018 0.0164208 0.0202152 0.0237065 0.0265284 0.0283949 0.0291589 0.0288359 0.0275838 0.0256496 0.0233031 0.0207801 0.0182509 0.0158167 0.0135253 0.0113952 0.00943547
 1.03371e-16 2.69506e-05 0.000158163 0.000751802 0.00289442 0.00902594 0.0227989 0.0466504 0.0773314 0.103863 0.113049 0.0997769 0.0715536 0.042022 0.0208867 0.010044 0.00660423 0.00714512 0.00955692 0.0128748 0.0166288 0.0204484 0.0239489 0.0267608 0.0285993 0.0293235 0.0289596 0.0276782 0.025738 0.023416 0.0209488 0.0185006 0.0161607 0.0139623 0.0119098 0.0100012
 1.02616e-16 3.10675e-05 0.000182338 0.000866748 0.00333702 0.0104062 0.0262852 0.0537831 0.089152 0.11973 0.130295 0.11494 0.0823012 0.0480789 0.0234229 0.0104726 0.00584903 0.00557009 0.00719392 0.00963943 0.012445 0.0153079 0.0179366 0.0200542 0.0214477 0.022011 0.0217626 0.0208285 0.0194005 0.0176839 0.0158545 0.0140338 0.0122884 0.0106432 0.00910169 0.00766339
 1.02373e-16 2.87133e-05 0.000168511 0.000800998 0.00308384 0.00961663 0.0242909 0.0497033 0.0823915 0.110658 0.120441 0.106292 0.0762056 0.0447132 0.0221472 0.0105187 0.00673795 0.00714659 0.00948618 0.0127213 0.0163492 0.0199799 0.0232159 0.0256824 0.0271001 0.0273467 0.0264797 0.0247101 0.0223413 0.0196915 0.017029 0.0145346 0.0122978 0.010336 0.00862515 0.00712811
 1.0264e-16 2.81725e-05 0.000165337 0.00078591 0.00302575 0.00943548 0.0238334 0.048767 0.0808394 0.108573 0.118171 0.104287 0.0747645 0.0438605 0.0217125 0.0102934 0.00657291 0.00696469 0.0092587 0.012448 0.0160512 0.019698 0.0230092 0.0256218 0.0272584 0.0277849 0.0272336 0.0257817 0.0236948 0.0212581 0.0187171 0.0162442 0.0139348 0.0118238 0.00991219 0.00818949
 1.02418e-16 3.05137e-05 0.000179085 0.00085128 0.00327746 0.0102204 0.025816 0.0528233 0.0875616 0.117596 0.127977 0.112906 0.0808684 0.0472894 0.023127 0.0104907 0.00606987 0.00595911 0.00775991 0.0104019 0.0134136 0.0164706 0.0192553 0.0214658 0.0228716 0.0233605 0.0229586 0.0218108 0.0201348 0.0181639 0.0160975 0.0140746 0.0121708 0.0104131 0.0088021 0.00733097
 1.02451e-16 2.83873e-05 0.000166597 0.000791897 0.0030488 0.00950736 0.0240149 0.0491385 0.0814555 0.109401 0.119074 0.105088 0.075348 0.0442209 0.021924 0.0104476 0.00673972 0.00718603 0.00955549 0.0128249 0.0164958 0.0201792 0.0234769 0.0260119 0.0275017 0.0278193 0.0270167 0.0252994 0.0229656 0.0203298 0.0176582 0.0151324 0.0128445 0.0108169 0.00903157 0.00745765
 1.04671e-16 1.70571e-05 0.000100065 0.000475563 0.00183078 0.00570897 0.0144207 0.0295093 0.0489246 0.0657337 0.0716086 0.0633477 0.0457477 0.0275094 0.0148688 0.00914289 0.00862306 0.0112343 0.0156638 0.0212181 0.0273932 0.0336339 0.0393089 0.0438027 0.0466423 0.0475976 0.0467211 0.0443103 0.0408132 0.0367109 0.0324172 0.0282225 0.0242878 0.0206729 0.0173814 0.0143989
pSPR Fmed_Fpbrs
0.757276   0.332027 0.332027
Fs Fmed_Fpbrs
0.167507   1.005 1.005
SSBpbr Bo_Bmed_Bpbrs
1.59506e+06  1.12815e+06  449850 449850
Ro
67507.9
SPR SPRFo_SPRFmed_SPRFpbrs
1.38815e+06 1.05122e+06 460904
log_Ro
10.94
likeval ReclasPelacesDesembMPH_pf_preclas_ppelaces_ptallas_desvR_qrecl_qpela
 63.7921 24.0398 0.0361334 0.000209126 320.255 203.392 78.6518 0 16.348 0.000111641 0 0 0 0 0
q_reclas_q_pelaces
0.223745 1
M
0.7
N
 75477.2 19636.7 7317.24 863.868 0.443381
 95532.7 35128.9 7109.4 2649.19 312.921
 61742.4 45227.5 13820.3 2796.96 1165.35
 91406.5 28746.6 16403 5012.33 1437.04
 151330 44858.5 13476.7 7689.91 3023.54
 112607 74957.8 22001.9 6610 5254.67
 168784 54454.5 32705.2 9599.77 5176.73
 144143 82440.6 24945.9 14982.4 6769.19
 157780 69209.2 34739.9 10512 9165.97
 142002 75315.8 28346.1 14228.4 8059.52
 69027.2 68135.8 31634.6 11906.1 9361.52
 41327.6 31747.7 23280.7 10808.9 7266.73
 42646.4 19098.8 11103.2 8142.01 6321.64
 24868.4 18927.5 5484.55 3188.47 4153.49
 20295.3 10182.4 3669 1063.15 1423.2
 26705.5 8520.67 2230.09 803.561 544.546
 22921 12425.4 3080.04 806.133 487.313
 26095.3 10865.3 4918.99 1219.34 512.052
 29739.6 12562.5 4637.77 2099.64 739.031
 52437.2 14386 5489.55 2026.61 1240.44
 65365.9 25342.5 6258.6 2388.23 1421.33
 83716.1 32045.8 11821.4 2919.43 1777.03
 137311 40866.1 14638.3 5399.95 2145.31
 166307 66808.6 18370.7 6580.45 3391.86
 74996.4 80988.1 30161.9 8293.8 4502.17
pred_Ctot
 3418.94 3896.11 1451.81 171.4 0.0879712
 3213.25 5319.44 1076.55 401.156 47.3845
 2781.81 8930.64 2728.97 552.289 230.11
 771.934 1160.12 661.973 202.281 57.9944
 276.084 397.296 119.359 68.1069 26.7784
 2124.07 6591.68 1934.82 581.273 462.088
 1993.36 3048.8 1831.1 537.473 289.836
 3439.39 9062.83 2742.34 1647.04 744.148
 4405.92 8818.84 4426.66 1339.47 1167.96
 3454.32 8431.63 3173.35 1592.88 902.266
 3680.57 15616.6 7250.61 2728.86 2145.65
 2070.65 6889.19 5051.88 2345.52 1576.87
 3279.86 5976.15 3474.26 2547.69 1978.09
 3173.14 8748.48 2535.02 1473.74 1919.79
 2277.83 4286.75 1544.63 447.582 599.16
 1215.54 1697.87 444.381 160.122 108.509
 750.697 1835.92 455.095 119.111 72.0033
 574.581 1107.03 501.181 124.234 52.1714
 554.445 1092.45 403.306 182.587 64.267
 1011.05 1291.87 492.967 181.992 111.393
 599.846 1109.42 273.983 104.55 62.2217
 1023.57 1855.63 684.524 169.051 102.9
 1997.93 2800.63 1003.19 370.068 147.022
 2316.45 4389.36 1206.97 432.339 222.847
 952.167 4864.32 1811.59 498.143 270.41
F
 0.0648064 0.315981 0.315981 0.315981 0.315981
 0.0477635 0.232884 0.232884 0.232884 0.232884
 0.0644495 0.314241 0.314241 0.314241 0.314241
 0.0118043 0.0575549 0.0575549 0.0575549 0.0575549
 0.00253965 0.0123828 0.0123828 0.0123828 0.0123828
 0.0265374 0.12939 0.12939 0.12939 0.12939
 0.0165424 0.0806568 0.0806568 0.0806568 0.0806568
 0.0336748 0.16419 0.16419 0.16419 0.16419
 0.0395108 0.192646 0.192646 0.192646 0.192646
 0.034341 0.167438 0.167438 0.167438 0.167438
 0.076681 0.373879 0.373879 0.373879 0.373879
 0.0719041 0.350588 0.350588 0.350588 0.350588
 0.112329 0.54769 0.54769 0.54769 0.54769
 0.192933 0.940697 0.940697 0.940697 0.940697
 0.167896 0.818621 0.818621 0.818621 0.818621
 0.0651283 0.317551 0.317551 0.317551 0.317551
 0.0464826 0.226638 0.226638 0.226638 0.226638
 0.0310388 0.151338 0.151338 0.151338 0.151338
 0.0262253 0.127868 0.127868 0.127868 0.127868
 0.0271334 0.132296 0.132296 0.132296 0.132296
 0.0128328 0.0625698 0.0625698 0.0625698 0.0625698
 0.0171303 0.0835231 0.0835231 0.0835231 0.0835231
 0.0204155 0.0995414 0.0995414 0.0995414 0.0995414
 0.0195357 0.0952514 0.0952514 0.0952514 0.0952514
 0.0177933 0.0867559 0.0867559 0.0867559 0.0867559
YTP_r0W_actual
 10664.3 107015 59782.5 20473.7 11573.6
YTP_p0W_proyectada
 73940.5 377604 554891 269579 123253
 73940.5 267640 100070 131576 66161.6
CTP_r0_actual
 952.167 4864.32 1811.59 498.143 270.41
CTP_p0_proyectada
 8698.88 17645 17785 6623.56 2650.6
 8698.88 12506.5 3207.38 3232.82 1422.83
Wmedp
 8.5 21.4 31.2 40.7 46.5
nmprior
 10.6 11 7 0
nm_flota  nm_reclas  nm_pelaces    nm_pelaL
inf 12.3032 21.4362 53.7641
cv_recla  cv_pelaces  cv_mph
0.722451 0.555952 0.469183
 ------------------------------------------------
Talla a la edad & desviaci?n 
 7.2 14.2025 17.0495 18.207 18.6776
 1.08 2.13037 2.55742 2.73105 2.80164
