years
 1997 1998 1999 2000 2001 2002 2003 2004 2005 2006 2007 2008 2009 2010 2011 2012 2013 2014 2015 2016 2017 2018 2019 2020 2021
reclasobs
 0 0 0 370054 412103 1.49427e+06 250295 1.28982e+06 931140 785840 897777 1.04006e+06 184774 17550 25797 100020 73551 82996 120727 218422 84188 347160 605670 569463 516374
reclaspred
 8.07362e+06 1.45597e+06 1.69982e+06 258146 228442 350401 660888 656524 649704 816605 939615 735078 391452 143725 77406.3 76078 77673.1 108111 142952 133266 187761 216278 351688 400712 353603
pelacesobs
 0 0 0 0 0 0 0 0 0 2.06254e+06 1.5e+06 0 1.87456e+06 323000 250000 174000 83755 137374 0 501740 490994 745055 786931 1.00524e+06 1.33801e+06
pelacespred
 2.27214e+07 1.32782e+07 2.81979e+06 949860 819638 747264 2.14213e+06 2.11058e+06 1.81261e+06 2.57121e+06 2.40873e+06 1.98557e+06 1.02377e+06 298199 162184 169936 179678 275362 380968 313878 582406 656131 760151 1.02969e+06 752458
mphobs
 0 0 0 0 0 112323 0 153150 637223 0 255016 313432 73983 77613 109348 50772 0 0 0 0 0 0 0 0 0
mphpred
 1.28399e+06 535714 206816 61088 38932.3 139880 150718 296027 251078 264295 383495 273342 171209 98435.9 46562.5 32659.7 28248.6 34818.8 46900 41909.7 50200.8 71117.1 83202.5 116095 122730
desembarqueobs
 350755 77701 442110 56441 14545 235359 269955 359681 431902 328805 639364 411747 362871 311530 167758 66681 60226 58785 57116 73181 50977 67692 138656 160484 209506
desembarquepred
 350744 77678.2 441486 56401.2 14541.5 235123 269831 358999 431262 328435 638035 410904 362003 310865 167194 66585.6 60179.8 58681 57017.7 73066.2 50952.3 67600.3 138500 160318 209282
Reclutas
 6378.47 8781.33 1088.53 3529.85 39482.3 11721.4 64954.6 55191.8 58902.8 112006 68408 49851.3 56189.1 29325.7 11902.8 8866.93 7062.31 8775.52 7208.28 7899.52 14562 16787.2 28397.6 27517.4 1334.45
log_desv_Rt
 -0.919316 -0.599617 -2.68742 -1.51099 0.903609 -0.310828 1.40144 1.23857 1.30364 1.94631 1.45324 1.1368 1.25648 0.60622 -0.29547 -0.589916 -0.817472 -0.600279 -0.797015 -0.705443 -0.0938298 0.0483698 0.574062 0.542574 -2.48373
SSB
 1.68597e+06 703431 271565 80212.9 51120.9 183673 197904 388705 329684 347039 503556 358918 224810 129253 61140 42884.5 37092.5 45719.6 61583.1 55030.4 65917.3 93381.8 109251 152442 161153
BT
 2.10485e+06 836756 388651 126143 241003 288728 1.02679e+06 913149 916935 1.07238e+06 1.13066e+06 806410 671542 388257 193622 99893.3 99115.5 123406 113678 121354 186326 163244 231226 320421 236290
Ftot
 0.166056 0.285164 1.35118 1.20957 0.370492 1.75983 1.88913 1.74456 2.19755 1.54527 2.01444 1.80844 3.00574 4.95303 4.94407 2.45856 2.3887 1.83151 1.23196 1.796 1.0019 1.04129 1.33798 1.30913 1.67855
BD_Bspro_t
 0.976782 0.830608 0.557305 0.170969 0.214338 0.538426 0.376914 0.476851 0.383201 0.357889 0.408913 0.273393 0.190366 0.130096 0.0745847 0.0652783 0.0789794 0.133518 0.212789 0.234482 0.297848 0.437281 0.432334 0.438262 0.374015
BD_Bspro
 5.12621 2.13879 0.825696 0.243888 0.155434 0.55846 0.601728 1.18186 1.00241 1.05517 1.53107 1.09129 0.683537 0.392997 0.185897 0.130391 0.11278 0.139011 0.187244 0.167321 0.200422 0.283929 0.332179 0.463501 0.489987
BD_Bo
 1.83689 0.766398 0.295874 0.0873932 0.0556969 0.200114 0.215619 0.4235 0.359196 0.378104 0.548631 0.391047 0.244934 0.140823 0.0666129 0.0467233 0.0404128 0.0498122 0.0670957 0.0599564 0.0718179 0.101741 0.11903 0.166087 0.175578
BD_Brms
 5.24372 2.18782 0.844623 0.249479 0.158997 0.571261 0.615522 1.20895 1.02539 1.07936 1.56616 1.11631 0.699206 0.402005 0.190158 0.13338 0.115365 0.142198 0.191536 0.171156 0.205017 0.290437 0.339793 0.474125 0.501219
S_f
 0.0776968 0.813343 0.995583 0.999914 0.999998
 0.0776968 0.813343 0.995583 0.999914 0.999998
 0.0776968 0.813343 0.995583 0.999914 0.999998
 0.0776968 0.813343 0.995583 0.999914 0.999998
 0.0776968 0.813343 0.995583 0.999914 0.999998
 0.0776968 0.813343 0.995583 0.999914 0.999998
 0.0776968 0.813343 0.995583 0.999914 0.999998
 0.0776968 0.813343 0.995583 0.999914 0.999998
 0.0776968 0.813343 0.995583 0.999914 0.999998
 0.0776968 0.813343 0.995583 0.999914 0.999998
 0.0776968 0.813343 0.995583 0.999914 0.999998
 0.0776968 0.813343 0.995583 0.999914 0.999998
 0.0776968 0.813343 0.995583 0.999914 0.999998
 0.0776968 0.813343 0.995583 0.999914 0.999998
 0.0776968 0.813343 0.995583 0.999914 0.999998
 0.0776968 0.813343 0.995583 0.999914 0.999998
 0.0776968 0.813343 0.995583 0.999914 0.999998
 0.0776968 0.813343 0.995583 0.999914 0.999998
 0.0776968 0.813343 0.995583 0.999914 0.999998
 0.0776968 0.813343 0.995583 0.999914 0.999998
 0.0776968 0.813343 0.995583 0.999914 0.999998
 0.0776968 0.813343 0.995583 0.999914 0.999998
 0.0776968 0.813343 0.995583 0.999914 0.999998
 0.0776968 0.813343 0.995583 0.999914 0.999998
 0.0776968 0.813343 0.995583 0.999914 0.999998
Scru_reclas
 0.0840579 0.315937 0.699189 0.921245 0.983297
 0.0840579 0.315937 0.699189 0.921245 0.983297
 0.0840579 0.315937 0.699189 0.921245 0.983297
 0.0840579 0.315937 0.699189 0.921245 0.983297
 0.0840579 0.315937 0.699189 0.921245 0.983297
 0.0840579 0.315937 0.699189 0.921245 0.983297
 0.0840579 0.315937 0.699189 0.921245 0.983297
 0.0840579 0.315937 0.699189 0.921245 0.983297
 0.0840579 0.315937 0.699189 0.921245 0.983297
 0.0840579 0.315937 0.699189 0.921245 0.983297
 0.0840579 0.315937 0.699189 0.921245 0.983297
 0.0840579 0.315937 0.699189 0.921245 0.983297
 0.0840579 0.315937 0.699189 0.921245 0.983297
 0.0840579 0.315937 0.699189 0.921245 0.983297
 0.0840579 0.315937 0.699189 0.921245 0.983297
 0.0840579 0.315937 0.699189 0.921245 0.983297
 0.0840579 0.315937 0.699189 0.921245 0.983297
 0.0840579 0.315937 0.699189 0.921245 0.983297
 0.0840579 0.315937 0.699189 0.921245 0.983297
 0.0840579 0.315937 0.699189 0.921245 0.983297
 0.0840579 0.315937 0.699189 0.921245 0.983297
 0.0840579 0.315937 0.699189 0.921245 0.983297
 0.0840579 0.315937 0.699189 0.921245 0.983297
 0.0840579 0.315937 0.699189 0.921245 0.983297
 0.0840579 0.315937 0.699189 0.921245 0.983297
Scru_pelaces
 0.0808227 0.307804 0.692196 0.919177 0.98291
 0.0808227 0.307804 0.692196 0.919177 0.98291
 0.0808227 0.307804 0.692196 0.919177 0.98291
 0.0808227 0.307804 0.692196 0.919177 0.98291
 0.0808227 0.307804 0.692196 0.919177 0.98291
 0.0808227 0.307804 0.692196 0.919177 0.98291
 0.0808227 0.307804 0.692196 0.919177 0.98291
 0.0808227 0.307804 0.692196 0.919177 0.98291
 0.0808227 0.307804 0.692196 0.919177 0.98291
 0.0808227 0.307804 0.692196 0.919177 0.98291
 0.0808227 0.307804 0.692196 0.919177 0.98291
 0.0808227 0.307804 0.692196 0.919177 0.98291
 0.0808227 0.307804 0.692196 0.919177 0.98291
 0.0808227 0.307804 0.692196 0.919177 0.98291
 0.0808227 0.307804 0.692196 0.919177 0.98291
 0.0808227 0.307804 0.692196 0.919177 0.98291
 0.0808227 0.307804 0.692196 0.919177 0.98291
 0.0808227 0.307804 0.692196 0.919177 0.98291
 0.0808227 0.307804 0.692196 0.919177 0.98291
 0.0808227 0.307804 0.692196 0.919177 0.98291
 0.0808227 0.307804 0.692196 0.919177 0.98291
 0.0808227 0.307804 0.692196 0.919177 0.98291
 0.0808227 0.307804 0.692196 0.919177 0.98291
 0.0808227 0.307804 0.692196 0.919177 0.98291
 0.0808227 0.307804 0.692196 0.919177 0.98291
pf_obs 
 0.256992 0.487395 0.22802 0.0275931 0
 0.321318 0.546541 0.124235 0.00734118 0.000564706
 0.182869 0.594174 0.210203 0.0122559 0.00049798
 0.330522 0.361315 0.267642 0.0388342 0.00168674
 0.649043 0.306663 0.0425973 0.00169635 0
 0.582887 0.30429 0.105238 0.00758474 0
 0.465427 0.430635 0.0974691 0.00646863 0
 0.296916 0.608066 0.0921331 0.00288517 0
 0.311714 0.524322 0.152257 0.0117073 0
 0.15457 0.633149 0.183074 0.0267441 0.00246327
 0.131901 0.49318 0.331252 0.0422183 0.00144891
 0.196976 0.569456 0.194076 0.0375587 0.00193317
 0.518974 0.381816 0.0799577 0.0180837 0.00116848
 0.0928022 0.601141 0.25162 0.0475244 0.00691264
 0.122501 0.610282 0.24278 0.0234846 0.000952079
 0.383417 0.481906 0.127806 0.00687128 0
 0.0376549 0.599619 0.316969 0.0457579 0
 0.0361596 0.667082 0.258105 0.0386534 0
 0.158088 0.579412 0.248529 0.0139706 0
 0.0477256 0.309471 0.559284 0.082774 0.000745712
 0.0406174 0.521527 0.379366 0.0568643 0.0016247
 0.151134 0.462217 0.34131 0.0453401 0
 0.294876 0.26143 0.354403 0.0886775 0.000613685
 0.281977 0.475581 0.204845 0.0348837 0.00271318
 0.0841818 0.532909 0.334909 0.0458182 0.00218182
pf_pred 
 0.0087854 0.637844 0.312181 0.0411874 1.74871e-06
 0.0234845 0.0799565 0.619891 0.244553 0.0321157
 0.00850292 0.235551 0.0763865 0.470582 0.208977
 0.135906 0.137457 0.225481 0.0510153 0.450141
 0.668133 0.251483 0.0169503 0.0197903 0.043644
 0.0845675 0.878151 0.0298138 0.0015812 0.00588603
 0.578775 0.280351 0.137047 0.00306587 0.000760483
 0.231041 0.747663 0.0160726 0.00508272 0.000140494
 0.269431 0.632697 0.0960697 0.00136345 0.000438903
 0.380531 0.563968 0.0506565 0.0047562 8.82423e-05
 0.175462 0.761812 0.0588008 0.00358603 0.000339934
 0.185909 0.684206 0.123433 0.00605157 0.000399845
 0.310459 0.582405 0.0953101 0.0112437 0.000581975
 0.260571 0.705777 0.0305911 0.00272677 0.000333564
 0.246331 0.738354 0.0150338 0.000255873 2.5038e-05
 0.282498 0.700818 0.0165492 0.00013263 2.42421e-06
 0.244563 0.698548 0.0560959 0.000786837 6.34422e-06
 0.303126 0.632063 0.0617895 0.0029802 4.16451e-05
 0.191506 0.732323 0.0713947 0.004555 0.000220597
 0.234632 0.612007 0.142841 0.00986523 0.000654767
 0.324323 0.589438 0.0740685 0.0113429 0.000827357
 0.222658 0.680912 0.0871288 0.00799649 0.00130468
 0.297468 0.571339 0.118962 0.0110586 0.00117206
 0.211089 0.696829 0.0793569 0.0115473 0.00117758
 0.0134927 0.813126 0.158691 0.0126737 0.00201596
pobs_RECLAS
 0 0 0 0 0
 0 0 0 0 0
 0 0 0 0 0
 0 0 0 0 0
 0.835266 0.146461 0.0176864 0.000547809 3.91292e-05
 0.385257 0.428462 0.181853 0.0044286 0
 0.867414 0.0963971 0.0333333 0.00285562 0
 0.441836 0.489002 0.0689373 0.000224442 0
 0.779404 0.147425 0.0564933 0.0165055 0.000172143
 0.814271 0.122319 0.05973 0.00367925 0
 0.40263 0.566651 0.0304383 0.000280538 0
 0.475488 0.404961 0.113038 0.00651328 0
 0.955842 0.0263864 0.0167828 0.000988607 0
 0.975058 0.0227948 0.00214734 0 0
 0.738997 0.206755 0.0527124 0.00153531 0
 0.850938 0.134255 0.0134407 0.00136685 0
 0.542534 0.407297 0.0501686 0 0
 0.764087 0.199537 0.0359546 0.000420521 0
 0.470689 0.182191 0.310203 0.0369168 0
 0.84361 0.089868 0.0606195 0.00523954 0.000663233
 0.607945 0.314616 0.071237 0.00620181 0
 0.523733 0.453247 0.0230204 0 0
 0.530135 0.295979 0.169645 0.0042399 0
 0.562478 0.366248 0.0663022 0.0049721 0
 0.250443 0.683176 0.0655157 0.000865301 0
ppred_RECLAS
 0.0186368 0.482045 0.425647 0.0736682 3.33816e-06
 0.0345381 0.0416212 0.581021 0.300677 0.0421423
 0.0132886 0.119057 0.067254 0.543033 0.257368
 0.190987 0.0634293 0.182316 0.0540717 0.509196
 0.812287 0.107667 0.0130454 0.0199786 0.0470227
 0.224864 0.719013 0.0417114 0.00289801 0.0115132
 0.785671 0.115204 0.0955824 0.00280068 0.000741411
 0.487614 0.486855 0.0178972 0.00741451 0.000218728
 0.538443 0.366422 0.0928174 0.00172464 0.000592492
 0.644937 0.302294 0.0468863 0.00576851 0.00011422
 0.404085 0.522021 0.0679212 0.00542455 0.000548786
 0.400609 0.451136 0.138718 0.00890883 0.000628211
 0.617334 0.29403 0.0762284 0.0117581 0.000649503
 0.671802 0.307626 0.0181849 0.00211163 0.000275653
 0.656915 0.333587 0.00927033 0.000205548 2.14636e-05
 0.58213 0.40211 0.0155934 0.00016355 3.19029e-06
 0.522861 0.420426 0.0556825 0.00102226 8.7965e-06
 0.571842 0.363741 0.0605353 0.00382451 5.70367e-05
 0.402358 0.504048 0.0860273 0.00719454 0.00037186
 0.465444 0.372089 0.148118 0.0134004 0.000949199
 0.563816 0.343466 0.0762229 0.0153045 0.00119139
 0.437788 0.447071 0.100888 0.0121395 0.00211385
 0.532356 0.331163 0.120182 0.0146428 0.00165631
 0.429041 0.460168 0.0914508 0.0174418 0.00189831
 0.0373174 0.699713 0.234293 0.024515 0.0041617
pobs_PELACES
 0 0 0 0 0
 0 0 0 0 0
 0 0 0 0 0
 0 0 0 0 0
 0 0 0 0 0
 0 0 0 0 0
 0 0 0 0 0
 0 0 0 0 0
 0 0 0 0 0
 0 0 0 0 0
 0.450072 0.473896 0.0757376 0.000293798 0
 0 0 0 0 0
 0.463077 0.371075 0.160297 0.00555027 0
 0.529543 0.364841 0.0842815 0.0213345 0
 0.631943 0.363953 0.00410389 0 0
 0.735681 0.248677 0.0153453 0.000297389 0
 0.695825 0.281241 0.0229344 0 0
 0.275771 0.60734 0.115278 0.00161068 0
 0 0 0 0 0
 0.896147 0.0623911 0.0374545 0.00400742 0
 0.803859 0.145111 0.0509908 3.86294e-05 0
 0.739449 0.233085 0.0266225 0.000797448 4.60066e-05
 0.878498 0.100942 0.0204185 0.000141795 0
 0.694673 0.275183 0.0284847 0.00165964 0
 0.469039 0.446079 0.0841089 0.000773354 0
ppred_PELACES
 0.0190714 0.480076 0.426477 0.0743726 3.37632e-06
 0.0363994 0.0414728 0.578301 0.301492 0.0423345
 0.0190643 0.124668 0.065977 0.535861 0.25443
 0.246689 0.0618912 0.168088 0.0501554 0.473176
 0.823656 0.101105 0.012174 0.0187803 0.0442839
 0.306323 0.647404 0.0343314 0.00239791 0.00954366
 0.856723 0.0804663 0.0605542 0.0017834 0.00047296
 0.590243 0.390968 0.0131499 0.00547681 0.000161857
 0.667573 0.270003 0.0608952 0.00113678 0.000391236
 0.72508 0.236644 0.0339872 0.00420498 8.34122e-05
 0.524929 0.421356 0.0493532 0.00396107 0.000401451
 0.511247 0.376072 0.105397 0.00680425 0.000480671
 0.773902 0.180043 0.0395877 0.00612782 0.000339091
 0.872262 0.121603 0.00542287 0.000630163 8.24029e-05
 0.863358 0.133768 0.00280588 6.22599e-05 6.51243e-06
 0.715016 0.275519 0.00936474 9.86435e-05 1.92763e-06
 0.662077 0.302056 0.035212 0.000649293 5.59711e-06
 0.675767 0.279213 0.0422939 0.00268594 4.0129e-05
 0.474786 0.446878 0.0719679 0.00605522 0.000313542
 0.577209 0.302327 0.109772 0.00998334 0.000708434
 0.621453 0.300775 0.0638613 0.0129044 0.00100639
 0.49967 0.401541 0.0864885 0.0104728 0.00182695
 0.612878 0.27917 0.0949907 0.0116419 0.00131926
 0.507635 0.401481 0.0749387 0.0143776 0.00156766
 0.0555348 0.701974 0.215914 0.0227144 0.003863
pobs_pel_tallas
 0 0 0 0 0 0 0 0 0 0 0 0 0 0 0 0 0 0 0 0 0 0 0 0 0 0 0 0 0 0 0 0 0 0 0 0
 0 0 0 0 0 0 0 0 0 0 0 0 0 0 0 0 0 0 0 0 0 0 0 0 0 0 0 0 0 0 0 0 0 0 0 0
 0 0 0 0 0 0 0 0 0 0 0 0 0 0 0 0 0 0 0 0 0 0 0 0 0 0 0 0 0 0 0 0 0 0 0 0
 0 0 0 0 0 0 0 0 0 0 0 0 0 0 0 0 0 0 0 0 0 0 0 0 0 0 0 0 0 0 0 0 0 0 0 0
 0 0 0 0 0 0 0 0 0 0 0 0 0 0 0 0 0 0 0 0 0 0 0 0 0 0 0 0 0 0 0 0 0 0 0 0
 0 0 0 0 0 0 0 0 0 0 0 0 0 0 0 0 0 0 0 0 0 0 0 0 0 0 0 0 0 0 0 0 0 0 0 0
 0 0 0 0 0 0 0 0 0 0 0 0 0 0 0 0 0 0 0 0 0 0 0 0 0 0 0 0 0 0 0 0 0 0 0 0
 0 0 0 0 0 0 0 0 0 0 0 0 0 0 0 0 0 0 0 0 0 0 0 0 0 0 0 0 0 0 0 0 0 0 0 0
 0 0 0 0 0 0 0 0 0 0 0 0 0 0 0 0 0 0 0 0 0 0 0 0 0 0 0 0 0 0 0 0 0 0 0 0
 0 0 0 0 0 0 0 0 0 0 0 0 0 0 0 0 0 0 0 0 0 0 0 0 0 0 0 0 0 0 0 0 0 0 0 0
 0 0 0 0 0 0 0 0 1.78061e-05 0.00172719 0.00360574 0.0105946 0.0120993 0.0124554 0.0147524 0.0171206 0.0266825 0.0428682 0.0675386 0.121331 0.153587 0.119568 0.100827 0.0573624 0.0630603 0.0341343 0.0324427 0.0444173 0.0211091 0.0280891 0.0125444 0.00206551 0 0 0 0
 0 0 0 0 0 0 0 0 0 0 0 0 0 0 0 0 0 0 0 0 0 0 0 0 0 0 0 0 0 0 0 0 0 0 0 0
 0 0 0 0 0 0 0.0133647 0.0140871 0.0187388 0.0205184 0.03894 0.0496705 0.03968 0.0493445 0.0407372 0.0367815 0.0215668 0.0243155 0.0234873 0.0199281 0.019796 0.0243948 0.0301388 0.0376714 0.0412746 0.0863199 0.0771752 0.113111 0.0741005 0.0525337 0.0229764 0.00759418 0.00175318 0 0 0
 0 0 0 0 0 0 0 0 0 0 0.00219441 0.00772107 0.0458388 0.0604681 0.0671733 0.0775358 0.0609151 0.0617685 0.073594 0.0568108 0.0755445 0.0548602 0.0670107 0.0636378 0.0643287 0.046367 0.0373049 0.0286899 0.0247887 0.0153202 0.00654259 0.00121912 0.000365735 0 0 0
 0 0 0 0 0 0 0 0 0 0 0 0 0.000112435 0.00938835 0.0111873 0.0202946 0.0414886 0.0713402 0.111592 0.104902 0.108894 0.110636 0.117776 0.105296 0.107544 0.0401394 0.0192827 0.0124803 0.00416011 0.0028671 0.000618394 0 0 0 0 0
 0 0 0 0 0 0 0 0 0 0 0.00291406 0.0102884 0.027416 0.0768956 0.0749926 0.110853 0.0956884 0.0897413 0.0766577 0.0534642 0.0500743 0.0551293 0.0594112 0.0620874 0.0668451 0.0424026 0.0208742 0.0120726 0.0048766 0.00582813 0.00118941 0.000297354 0 0 0 0
 0 0.00264628 0.0354308 0.0461629 0.0458689 0.0383711 0.0214643 0.0164657 0.0346957 0.0420465 0.0363128 0.0245516 0.0311673 0.0291091 0.0169068 0.0133784 0.00837989 0.0085269 0.0148486 0.0160247 0.0276389 0.0546898 0.0760071 0.122758 0.109233 0.0665981 0.0333725 0.0166128 0.00676272 0.00308733 0.000882094 0 0 0 0 0
 0 0 0 0 0 0 0 0.000805153 0.000690131 0.00759144 0.0133425 0.0154129 0.00931677 0.000345066 0.00356568 0.00563607 0.00851162 0.0253048 0.0502646 0.0516448 0.0657925 0.0565908 0.0611916 0.0827007 0.0866115 0.110766 0.145733 0.0935128 0.0569358 0.0249597 0.0138026 0.00621118 0.00161031 0.00115022 0 0
 0 0 0 0 0 0 0 0 0 0 0 0 0 0 0 0 0 0 0 0 0 0 0 0 0 0 0 0 0 0 0 0 0 0 0 0
 0.00147267 0.00158595 0.00478618 0.00569244 0.00954404 0.0108468 0.00647125 0.017049 0.0510054 0.094081 0.124002 0.0959785 0.0687766 0.0820023 0.061753 0.0591476 0.0492212 0.0479892 0.0443925 0.0268479 0.0217502 0.0140895 0.0121071 0.0120363 0.00920419 0.00665534 0.0049561 0.00860946 0.00930331 0.0156896 0.0114698 0.00855282 0.00243557 0.00046729 0 2.83206e-05
 0 0 0 0 0.000772559 0.00158375 0.000888443 0.00281984 0.00712685 0.0440552 0.0773331 0.111326 0.0921469 0.0852325 0.0710754 0.0886704 0.0786465 0.0553345 0.0373146 0.0185414 0.00753245 0.00457741 0.012979 0.0271748 0.0457355 0.0583668 0.034881 0.0177882 0.00938659 0.00492506 0.0015258 0.00185414 0.000309023 5.79419e-05 3.86279e-05 0
 0 0.00173294 0.00326652 0 0.00397197 0.00683976 0.00946217 0.0152591 0.00757587 0.0136028 0.0228656 0.0392903 0.0559909 0.0764795 0.0681675 0.0726916 0.0566044 0.0477403 0.0527397 0.0444891 0.0609904 0.0582453 0.0661739 0.0445044 0.0529084 0.0360697 0.0280645 0.0235558 0.0158879 0.00826598 0.00280645 0.00217768 0.000904811 0.00058276 9.20147e-05 0
 0 0 0 0 0 0 0 0 0 0 0 0 0 0 0 0 0 0 0 0 0 0 0 0 0 0 0 0 0 0 0 0 0 0 0 0
 0 0 0 0 0 0 0 0 0 0 0 0 0 0 0 0 0 0 0 0 0 0 0 0 0 0 0 0 0 0 0 0 0 0 0 0
 0 0 0 0 0 0 0 0 0 0 0 0 0 0 0 0 0 0 0 0 0 0 0 0 0 0 0 0 0 0 0 0 0 0 0 0
ppred_pel_tallas
 1.08766e-16 8.64704e-07 4.99135e-06 2.35538e-05 9.03943e-05 0.000281613 0.000711858 0.00146067 0.00243697 0.00332055 0.00373948 0.00359862 0.00323198 0.00321377 0.00405174 0.00605725 0.00940609 0.0142124 0.0205106 0.0281754 0.0368555 0.0459677 0.0547663 0.0624704 0.0684136 0.0721649 0.0735875 0.0728162 0.0701758 0.0660748 0.0609143 0.0550392 0.0487315 0.0422295 0.0357525 0.0295116
 1.20561e-16 1.60252e-06 9.36334e-06 4.4428e-05 0.000170917 0.000532829 0.00134589 0.00275472 0.00456987 0.00614844 0.00672055 0.00599947 0.00445275 0.00292534 0.00205203 0.00203532 0.00282794 0.00438362 0.0067593 0.0100897 0.0145236 0.020166 0.0270318 0.0350088 0.0438326 0.0530805 0.0621895 0.0705036 0.077346 0.0821093 0.0843448 0.0838348 0.0806303 0.0750425 0.0675943 0.0589374
 1.31279e-16 8.47921e-07 4.9307e-06 2.33492e-05 8.97492e-05 0.000279712 0.000706617 0.00144711 0.00240391 0.00324422 0.00357221 0.00325072 0.00254582 0.00193181 0.00178458 0.00226374 0.00340258 0.00522978 0.00781099 0.0112252 0.0155276 0.0207264 0.0267753 0.0335771 0.0409871 0.0488114 0.0567973 0.064619 0.0718727 0.0780909 0.0827844 0.0855085 0.0859396 0.0839402 0.0795987 0.0732258
 1.2624e-16 1.07713e-05 6.31944e-05 0.000300352 0.0011563 0.00360572 0.00910772 0.0186359 0.0308926 0.0414925 0.0451643 0.0398675 0.0286034 0.016828 0.00843019 0.00419106 0.00299767 0.00354974 0.00510364 0.00740792 0.0104385 0.0142243 0.0187738 0.0240501 0.029959 0.0363408 0.0429643 0.0495245 0.0556531 0.0609432 0.0649902 0.0674444 0.0680647 0.0667601 0.0636086 0.058852
 1.02921e-16 3.59319e-05 0.000210904 0.00100257 0.00386 0.0120371 0.0304046 0.0622112 0.103119 0.138478 0.15067 0.13285 0.0949859 0.0552072 0.0263682 0.0108915 0.00481548 0.00349307 0.0040881 0.0053839 0.00693494 0.00853071 0.0100059 0.0112133 0.0120452 0.0124547 0.0124634 0.0121486 0.0116165 0.0109716 0.0102915 0.0096157 0.00894861 0.00827257 0.00756442 0.00680942
 1.01227e-16 1.33961e-05 7.85484e-05 0.000373223 0.00143666 0.00447987 0.0113164 0.0231595 0.0384066 0.0516309 0.0563216 0.0500052 0.0365054 0.0227366 0.013708 0.010587 0.0121585 0.0168683 0.023657 0.0318032 0.0405674 0.0490293 0.0561451 0.0609359 0.0627105 0.0612337 0.0567854 0.0500807 0.0420878 0.0338026 0.0260519 0.0193784 0.0140187 0.00995686 0.00701646 0.00495353
 1.0097e-16 3.73732e-05 0.000219367 0.00104281 0.00401492 0.0125202 0.0316249 0.0647079 0.107257 0.144033 0.156708 0.138162 0.0987564 0.0573436 0.027286 0.0110944 0.00463969 0.00308393 0.00347921 0.00457154 0.00591873 0.0073298 0.00866108 0.00977993 0.0105787 0.0109938 0.0110147 0.0106797 0.0100602 0.00924027 0.00829972 0.00730339 0.00629922 0.00532139 0.00439544 0.003542
 1.0051e-16 2.57659e-05 0.000151194 0.00071864 0.00276669 0.00862758 0.0217929 0.0445931 0.0739255 0.0993024 0.10812 0.095511 0.0686779 0.0407016 0.0209112 0.011179 0.00879693 0.0105201 0.0143066 0.0191354 0.0243783 0.0294354 0.0336681 0.0364848 0.0374703 0.0364867 0.0337089 0.0295756 0.0246784 0.0196248 0.0149185 0.0108891 0.00767882 0.0052749 0.00356577 0.00239812
 1.0101e-16 2.91331e-05 0.000170973 0.000812696 0.00312887 0.00975705 0.0246457 0.0504293 0.0835956 0.112277 0.122208 0.107862 0.0773549 0.0454351 0.0225926 0.0108751 0.00715378 0.00771897 0.0102734 0.0137501 0.017611 0.0214224 0.0247392 0.027144 0.0283302 0.0281716 0.0267489 0.02432 0.0212509 0.0179272 0.014678 0.0117305 0.00920101 0.00711419 0.00543584 0.00410529
 1.00709e-16 3.16392e-05 0.000185689 0.000882667 0.00339829 0.0105972 0.0267678 0.0547711 0.0907912 0.121936 0.132707 0.117094 0.083902 0.049131 0.024152 0.0111614 0.00673282 0.00681552 0.00890843 0.0118708 0.0151652 0.0183943 0.0211656 0.0231159 0.0239839 0.0236702 0.0222596 0.0199939 0.0172083 0.0142517 0.011418 0.00890512 0.00680736 0.00513359 0.00383824 0.00285224
 1.00993e-16 2.29192e-05 0.000134478 0.000639165 0.00246068 0.00767329 0.0193825 0.0396615 0.0657522 0.0883305 0.0961925 0.0850184 0.061229 0.03648 0.019098 0.0107841 0.00916578 0.0113849 0.0156325 0.0209768 0.0267973 0.0324646 0.0372931 0.0406399 0.0420444 0.0413369 0.0386785 0.0345118 0.0294453 0.0241109 0.0190388 0.014584 0.010912 0.00803183 0.00585236 0.00423894
 1.01875e-16 2.23209e-05 0.000130969 0.000622493 0.00239651 0.00747317 0.0188769 0.0386268 0.0640361 0.0860226 0.0936728 0.0827762 0.0595815 0.0354334 0.0184328 0.0102278 0.008502 0.0104732 0.0143937 0.0193857 0.0248913 0.0303544 0.0351649 0.0387397 0.0406443 0.0406894 0.0389688 0.0358209 0.0317337 0.0272261 0.022744 0.0185998 0.0149602 0.011872 0.00930579 0.00719793
 1.00848e-16 3.37658e-05 0.000198179 0.000942058 0.00362698 0.0113104 0.0285692 0.0584564 0.0968979 0.130131 0.141608 0.124909 0.0894129 0.0521803 0.0253204 0.0111465 0.00597184 0.00545363 0.00692456 0.00920081 0.0117787 0.0143356 0.0165695 0.0182018 0.0190283 0.0189646 0.0180631 0.0164936 0.0144972 0.0123273 0.0101995 0.00826154 0.0065885 0.00519534 0.00405942 0.00314192
 1.00143e-16 3.80523e-05 0.00022335 0.00106174 0.00408779 0.0127474 0.032199 0.0658827 0.109205 0.146652 0.159566 0.140699 0.10061 0.0584998 0.0279842 0.011631 0.00524459 0.00389947 0.00458073 0.00597987 0.00759601 0.00917055 0.0104914 0.0113724 0.0116836 0.0113816 0.0105201 0.00923479 0.00770949 0.00613298 0.00466225 0.00340045 0.00239268 0.00163595 0.00109649 0.000727284
 1.00086e-16 3.76645e-05 0.000221073 0.00105091 0.00404609 0.0126174 0.0318704 0.0652106 0.108092 0.145158 0.157943 0.139276 0.0996081 0.0579495 0.0277814 0.0116507 0.00540998 0.00418709 0.00499706 0.00653794 0.00830056 0.0100098 0.0114341 0.0123693 0.0126736 0.0123013 0.0113143 0.00986519 0.00815922 0.00640688 0.00478268 0.00340069 0.0023098 0.00150481 0.000945821 0.000577974
 1.00227e-16 3.12019e-05 0.000183118 0.000870437 0.00335119 0.0104503 0.0263968 0.0540123 0.0895345 0.120252 0.130883 0.115507 0.0828122 0.0485884 0.0240623 0.0114154 0.00728252 0.0076759 0.0101224 0.0134716 0.0171471 0.0206941 0.023656 0.0256148 0.0262777 0.0255481 0.0235508 0.0205969 0.017106 0.0135093 0.0101649 0.00730749 0.00503905 0.00335119 0.00216468 0.00136976
 1.00621e-16 2.88946e-05 0.00016957 0.000806023 0.00310317 0.00967688 0.0244432 0.0500152 0.0829102 0.111359 0.121216 0.107004 0.0767778 0.0451724 0.0226026 0.0111116 0.00760685 0.00841394 0.0112482 0.0150297 0.0191865 0.0232367 0.0266831 0.0290637 0.0300482 0.0295154 0.0275821 0.0245668 0.0209078 0.01706 0.0134057 0.0102008 0.00756535 0.00550591 0.00395663 0.00281978
 1.00786e-16 2.94907e-05 0.000173072 0.000822673 0.00316728 0.00987683 0.0249482 0.0510484 0.084622 0.113656 0.123709 0.109189 0.0783112 0.0460053 0.0228913 0.0110428 0.00729221 0.00788256 0.0104841 0.0140097 0.0179049 0.0217196 0.0249938 0.0272987 0.0283255 0.0279558 0.0262889 0.0236095 0.0203127 0.0168108 0.0134512 0.0104692 0.00797765 0.00598877 0.00445021 0.00328135
 1.0139e-16 2.07338e-05 0.000121645 0.000578152 0.00222576 0.00694068 0.017532 0.0358755 0.0594777 0.0799076 0.0870363 0.0769647 0.0555138 0.0332453 0.0177169 0.0104988 0.00947675 0.0120892 0.0167057 0.0224609 0.0287379 0.0348812 0.0401662 0.0439085 0.045612 0.0450845 0.0424807 0.0382513 0.0330238 0.0274531 0.0220925 0.0173166 0.0133068 0.0100849 0.00757102 0.00564092
 1.02033e-16 2.51942e-05 0.000147845 0.000702737 0.00270549 0.00843674 0.0213107 0.0436059 0.072287 0.0970954 0.105701 0.0933361 0.0670317 0.0395616 0.0200262 0.0102322 0.00751226 0.00868973 0.0117916 0.0158801 0.0204395 0.0250106 0.0291013 0.032239 0.0340648 0.0344105 0.0333298 0.0310697 0.0279976 0.0245094 0.0209498 0.0175658 0.0144974 0.0117978 0.00946496 0.00747242
 1.01496e-16 2.71232e-05 0.000159171 0.000756581 0.0029128 0.00908325 0.0229437 0.0469472 0.077825 0.104531 0.113789 0.10046 0.0721092 0.0424803 0.0213581 0.0106717 0.0075311 0.00849957 0.0114413 0.0153451 0.0196672 0.0239396 0.0276709 0.0303983 0.0317819 0.0316814 0.0301851 0.0275773 0.0242601 0.020656 0.0171236 0.013908 0.0111322 0.00881923 0.00692982 0.00539846
 1.01804e-16 2.18171e-05 0.000128009 0.000608416 0.0023423 0.00730411 0.0184499 0.0377533 0.062589 0.0840816 0.0915668 0.0809333 0.0582944 0.0347468 0.0182197 0.0103371 0.00884738 0.0110382 0.0151981 0.0204507 0.0262158 0.0319015 0.0368574 0.0404656 0.0422721 0.0420899 0.0400385 0.0364998 0.0320144 0.0271505 0.0223913 0.0180681 0.0143479 0.0112631 0.00876109 0.00675224
 1.01902e-16 2.67485e-05 0.000156973 0.000746136 0.00287259 0.00895785 0.022627 0.0462989 0.0767499 0.103086 0.112212 0.0990606 0.0710883 0.0418462 0.0209796 0.0103868 0.00721507 0.00807603 0.0108708 0.0146174 0.0188035 0.0229963 0.0267402 0.0296002 0.031247 0.0315288 0.0304993 0.0283904 0.0255448 0.02233 0.0190644 0.0159742 0.0131852 0.0107417 0.0086369 0.00684198
 1.01762e-16 2.21643e-05 0.000130048 0.000618109 0.00237962 0.0074205 0.0187439 0.0383548 0.0635859 0.0854202 0.0930227 0.0822157 0.0592084 0.0352722 0.0184595 0.0104161 0.0088503 0.0110028 0.0151324 0.0203495 0.0260683 0.0316953 0.0365803 0.0401077 0.0418277 0.0415599 0.0394314 0.0358323 0.0313102 0.0264383 0.0217015 0.017429 0.0137826 0.0107868 0.00837992 0.00646408
 1.04255e-16 2.46318e-06 1.43566e-05 6.80348e-05 0.000261586 0.000815417 0.00206045 0.00422156 0.00701895 0.00949056 0.0104972 0.00966273 0.00779744 0.00632856 0.00639712 0.00849104 0.0126667 0.0188472 0.0268823 0.0364343 0.0468672 0.0572432 0.0664438 0.0733817 0.0772387 0.0776482 0.0747654 0.0691978 0.061831 0.05361 0.0453493 0.0376221 0.03074 0.0248001 0.0197651 0.0155387
pSPR Fmed_Fpbrs
0.326363   0.400303 0.400303
Fs Fmed_Fpbrs
1.45124   1.005 1.005
SSBpbr Bo_Bmed_Bpbrs
917840  253657  321522 321522
Ro
15994.5
SPR SPRFo_SPRFmed_SPRFpbrs
328892 107338 131656
log_Ro
9.5
likeval ReclasPelacesDesembMPH_pf_preclas_ppelaces_ptallas_desvR_qrecl_qpela
 68.2029 13.8753 0.289315 0.000160955 390.884 198.201 86.3294 0 49.1112 0.000194222 0.000739966 0 0 0 0
q_reclas_q_pelaces
7.20547 47.9458
M
0.7
N
 6378.47 46659.2 18900.7 2483.61 0.10544
 8781.33 3126.85 20243 7955.59 1044.68
 1088.53 4265.12 1231.33 7567.83 3360.58
 3529.85 486.676 705.746 159.276 1405.33
 39482.3 1595.64 90.3605 105.113 231.79
 11721.4 19050 586.22 31.0299 115.505
 64954.6 5076.81 2260.81 50.4833 12.5218
 55191.8 27852.1 542.359 171.177 4.73138
 58902.8 23933.2 3346.72 47.4213 15.2647
 112006 24659.1 1989.54 186.399 3.45813
 68408 49327.9 3484.45 212.132 20.1082
 49851.3 29048.7 4759.1 232.88 15.3865
 56189.1 21510.4 3313.8 390.476 20.2107
 29325.7 22091.3 926.662 82.5484 10.098
 11902.8 9910.84 195.278 3.32156 0.325022
 8866.93 4025.45 88.2486 0.706235 0.0129082
 7062.31 3637.54 270.627 3.79037 0.0305606
 8775.52 2912.98 258.844 12.4608 0.174121
 7208.28 3779.77 326.128 20.7555 1.00513
 7899.52 3252.78 689.12 47.5022 3.15266
 14562 3411.86 374.842 57.2457 4.17529
 16787.2 6689.71 750.038 68.6506 11.2002
 28397.6 7688.38 1424.25 132.083 13.9984
 27517.4 12709.5 1285.91 186.667 19.0351
 1334.45 12343.2 2176.19 173.448 27.5885
pred_Ctot
 58.8474 4272.48 2091.09 275.886 0.0117134
 138.561 471.75 3657.41 1442.88 189.485
 78.4907 2174.38 705.126 4343.96 1929.07
 228.943 231.556 379.838 85.9387 758.293
 807.049 303.77 20.4746 23.9051 52.7183
 1085.81 11275.1 382.797 20.3019 75.5742
 6431.28 3115.23 1522.85 34.0676 8.45039
 5070.94 16409.9 352.765 111.557 3.08359
 6714.81 15768.2 2394.27 33.9803 10.9384
 9176.5 13600.1 1221.58 114.696 2.12796
 7192.33 31227.3 2410.3 146.994 13.9342
 4737.81 17436.7 3145.63 154.221 10.1899
 8530 16001.8 2618.68 308.924 15.99
 6887.24 18654.6 808.562 72.0721 8.81652
 2791.16 8366.23 170.347 2.89928 0.283704
 1121.1 2781.22 65.676 0.526348 0.00962058
 869.577 2483.79 199.457 2.79771 0.0225578
 844.003 1759.87 172.043 8.29785 0.115954
 475.817 1819.53 177.387 11.3174 0.548094
 745.907 1945.6 454.1 31.3621 2.08154
 787.837 1431.85 179.925 27.554 2.00979
 942.672 2882.79 368.879 33.8549 5.52364
 2028.58 3896.24 811.264 75.4139 7.99288
 1925.19 6355.25 723.754 105.314 10.7398
 118.229 7125 1390.53 111.053 17.6648
F
 0.012902 0.13506 0.165322 0.166042 0.166056
 0.0221563 0.231936 0.283904 0.285139 0.285163
 0.104982 1.09897 1.34521 1.35106 1.35118
 0.0939794 0.983792 1.20422 1.20946 1.20956
 0.028786 0.301337 0.368855 0.37046 0.370491
 0.136733 1.43134 1.75205 1.75967 1.75982
 0.146779 1.53651 1.88078 1.88897 1.88913
 0.135547 1.41893 1.73686 1.74441 1.74456
 0.170743 1.78737 2.18785 2.19737 2.19755
 0.120063 1.25684 1.53845 1.54514 1.54527
 0.156516 1.63843 2.00554 2.01427 2.01444
 0.14051 1.47088 1.80045 1.80828 1.80843
 0.233537 2.4447 2.99247 3.00549 3.00574
 0.384835 4.02851 4.93115 4.95261 4.95302
 0.384139 4.02123 4.92223 4.94365 4.94406
 0.191022 1.99965 2.4477 2.45834 2.45855
 0.185595 1.94284 2.37815 2.3885 2.3887
 0.142302 1.48964 1.82342 1.83135 1.8315
 0.0957191 1.002 1.22652 1.23185 1.23196
 0.139543 1.46076 1.78806 1.79584 1.79599
 0.0778446 0.81489 0.997476 1.00182 1.0019
 0.080905 0.846927 1.03669 1.0412 1.04129
 0.103957 1.08824 1.33207 1.33787 1.33798
 0.101715 1.06477 1.30335 1.30902 1.30913
 0.130418 1.36524 1.67114 1.67841 1.67855
YTP_r0W_actual
 1324.17 156750 45887.5 4564.3 756.053
YTP_p0W_proyectada
 5883.53 5234.83 23483.1 3988.51 394.005
 5883.53 52727.5 1913.83 5608.5 979.021
CTP_r0_actual
 118.229 7125 1390.53 111.053 17.6648
CTP_p0_proyectada
 692.18 244.618 752.662 97.9979 8.47322
 692.18 2463.9 61.3408 137.801 21.0542
Wmedp
 8.5 21.4 31.2 40.7 46.5
nmprior
 10.6 11 7 0
nm_flota  nm_reclas  nm_pelaces    nm_pelaL
inf 20.2115 8.52698 16.2194
cv_recla  cv_pelaces  cv_mph
0.74701 0.42237 0.411614
 ------------------------------------------------
Talla a la edad & desviaci?n 
 7.2 14.2025 17.0495 18.207 18.6776
 1.08 2.13037 2.55742 2.73105 2.80164
