years
 1997 1998 1999 2000 2001 2002 2003 2004 2005 2006 2007 2008 2009 2010 2011 2012 2013 2014 2015 2016 2017 2018 2019 2020 2021
reclasobs
 0 0 0 370054 412103 1.49427e+06 250295 1.28982e+06 931140 785840 897777 1.04006e+06 184774 17550 25797 100020 73551 82996 120727 218422 84188 347160 605670 569463 516374
reclaspred
 1.63918e+06 233457 396468 181400 241015 278752 490143 706507 1.052e+06 1.17556e+06 1.30096e+06 966165 509350 175003 104292 112872 146821 199177 210172 275464 414705 385796 612810 792723 897491
pelacesobs
 0 0 0 0 0 0 0 0 0 2.06254e+06 1.5e+06 0 1.87456e+06 323000 250000 174000 83755 137374 0 501740 490994 745055 786931 1.00524e+06 1.33801e+06
pelacespred
 827401 270340 122240 120395 141011 112814 228149 414245 585490 692502 687946 527309 274753 72235.7 42224 52707.5 72490.7 100808 112327 140666 236082 230110 275025 409319 457253
mphobs
 0 0 0 0 0 112323 0 153150 637223 0 255016 313432 73983 77613 109348 50772 0 0 0 0 0 0 0 0 0
mphpred
 1.27048e+06 516279 294435 187820 178938 262451 313596 451460 896377 966298 1.20263e+06 1.0336e+06 598532 261387 91805.1 89474.5 111684 157020 182474 208058 305788 379332 415931 616539 803477
desembarqueobs
 350755 77701 442110 56441 14545 235359 269955 359681 431902 328805 639364 411747 362871 311530 167758 66681 60226 58785 57116 73181 50977 67692 138656 160484 209506
desembarquepred
 350761 77680.7 441910 56378.4 14534.2 235457 270340 359491 432372 329002 639094 411798 362967 311759 167654 66625 60169.6 58734.7 57103.1 73158.5 50986.9 67702.5 138611 160363 209365
Reclutas
 22193.8 28332.1 12538.9 21748.3 30987.6 31674 37577.3 149657 97987.2 156599 111285 27048.3 32226.7 19849.1 22144.5 17728.6 14205 13070 16339.9 25341.1 36356.3 31148.9 74203.8 72870.6 15967.4
log_desv_Rt
 -0.392432 -0.148248 -0.96341 -0.412708 -0.0586582 -0.0367501 0.134155 1.5161 1.09259 1.56144 1.21985 -0.194622 -0.0194487 -0.504084 -0.394656 -0.617065 -0.838653 -0.921923 -0.698632 -0.259818 0.101122 -0.0534652 0.81457 0.796441 -0.721698
SSB
 1.27048e+06 516279 294435 187820 178938 262451 313596 451460 896377 966298 1.20263e+06 1.0336e+06 598532 261387 91805.1 89474.5 111684 157020 182474 208058 305788 379332 415931 616539 803477
BT
 2.07367e+06 651943 545845 331614 344823 414394 823146 1.56839e+06 1.79735e+06 1.98408e+06 2.11369e+06 1.39756e+06 922421 454573 259277 179890 221566 273317 287945 383125 607635 517135 707159 1.02782e+06 1.0439e+06
Ftot
 0.206958 0.319438 0.998865 0.299292 0.0589195 0.778974 0.522886 0.487229 0.393179 0.270203 0.466715 0.405775 0.663489 1.49829 1.41232 0.558002 0.39221 0.284075 0.262071 0.256453 0.119718 0.170232 0.218875 0.196012 0.225279
BD_Bspro_t
 0.968426 0.790386 0.593699 0.3167 0.433788 0.585251 0.456494 0.520296 0.62924 0.59424 0.618802 0.509131 0.382717 0.240629 0.116046 0.137939 0.220092 0.350898 0.43933 0.531349 0.646069 0.746245 0.73531 0.747494 0.736917
BD_Bspro
 1.88028 0.764081 0.435757 0.277969 0.264824 0.388421 0.464115 0.668151 1.32662 1.4301 1.77986 1.52971 0.885813 0.386846 0.135869 0.13242 0.165289 0.232385 0.270058 0.307921 0.452559 0.561402 0.615567 0.912464 1.18913
BD_Bo
 1.30841 0.531695 0.303227 0.193428 0.184281 0.270287 0.32296 0.46494 0.923142 0.99515 1.23854 1.06447 0.616403 0.269191 0.0945463 0.0921461 0.115018 0.161708 0.187923 0.21427 0.314919 0.390658 0.42835 0.634949 0.827467
BD_Brms
 6.36404 2.58613 1.47487 0.940822 0.89633 1.31466 1.57085 2.26144 4.4901 4.84034 6.02416 5.17749 2.99814 1.30933 0.459867 0.448192 0.559441 0.786537 0.914044 1.0422 1.53174 1.90013 2.08346 3.08835 4.02474
S_f
 0.5 1 1 1 1
 0.5 1 1 1 1
 0.5 1 1 1 1
 0.5 1 1 1 1
 0.5 1 1 1 1
 0.5 1 1 1 1
 0.5 1 1 1 1
 0.5 1 1 1 1
 0.5 1 1 1 1
 0.5 1 1 1 1
 0.5 1 1 1 1
 0.5 1 1 1 1
 0.5 1 1 1 1
 0.5 1 1 1 1
 0.5 1 1 1 1
 0.5 1 1 1 1
 0.5 1 1 1 1
 0.5 1 1 1 1
 0.5 1 1 1 1
 0.5 1 1 1 1
 0.5 1 1 1 1
 0.5 1 1 1 1
 0.5 1 1 1 1
 0.5 1 1 1 1
 0.5 1 1 1 1
Scru_reclas
 0.5 1 1 1 1
 0.5 1 1 1 1
 0.5 1 1 1 1
 0.5 1 1 1 1
 0.5 1 1 1 1
 0.5 1 1 1 1
 0.5 1 1 1 1
 0.5 1 1 1 1
 0.5 1 1 1 1
 0.5 1 1 1 1
 0.5 1 1 1 1
 0.5 1 1 1 1
 0.5 1 1 1 1
 0.5 1 1 1 1
 0.5 1 1 1 1
 0.5 1 1 1 1
 0.5 1 1 1 1
 0.5 1 1 1 1
 0.5 1 1 1 1
 0.5 1 1 1 1
 0.5 1 1 1 1
 0.5 1 1 1 1
 0.5 1 1 1 1
 0.5 1 1 1 1
 0.5 1 1 1 1
Scru_pelaces
 0.5 1 1 1 1
 0.5 1 1 1 1
 0.5 1 1 1 1
 0.5 1 1 1 1
 0.5 1 1 1 1
 0.5 1 1 1 1
 0.5 1 1 1 1
 0.5 1 1 1 1
 0.5 1 1 1 1
 0.5 1 1 1 1
 0.5 1 1 1 1
 0.5 1 1 1 1
 0.5 1 1 1 1
 0.5 1 1 1 1
 0.5 1 1 1 1
 0.5 1 1 1 1
 0.5 1 1 1 1
 0.5 1 1 1 1
 0.5 1 1 1 1
 0.5 1 1 1 1
 0.5 1 1 1 1
 0.5 1 1 1 1
 0.5 1 1 1 1
 0.5 1 1 1 1
 0.5 1 1 1 1
pf_obs 
 0.256992 0.487395 0.22802 0.0275931 0
 0.321318 0.546541 0.124235 0.00734118 0.000564706
 0.182869 0.594174 0.210203 0.0122559 0.00049798
 0.330522 0.361315 0.267642 0.0388342 0.00168674
 0.649043 0.306663 0.0425973 0.00169635 0
 0.582887 0.30429 0.105238 0.00758474 0
 0.465427 0.430635 0.0974691 0.00646863 0
 0.296916 0.608066 0.0921331 0.00288517 0
 0.311714 0.524322 0.152257 0.0117073 0
 0.15457 0.633149 0.183074 0.0267441 0.00246327
 0.131901 0.49318 0.331252 0.0422183 0.00144891
 0.196976 0.569456 0.194076 0.0375587 0.00193317
 0.518974 0.381816 0.0799577 0.0180837 0.00116848
 0.0928022 0.601141 0.25162 0.0475244 0.00691264
 0.122501 0.610282 0.24278 0.0234846 0.000952079
 0.383417 0.481906 0.127806 0.00687128 0
 0.0376549 0.599619 0.316969 0.0457579 0
 0.0361596 0.667082 0.258105 0.0386534 0
 0.158088 0.579412 0.248529 0.0139706 0
 0.0477256 0.309471 0.559284 0.082774 0.000745712
 0.0406174 0.521527 0.379366 0.0568643 0.0016247
 0.151134 0.462217 0.34131 0.0453401 0
 0.294876 0.26143 0.354403 0.0886775 0.000613685
 0.281977 0.475581 0.204845 0.0348837 0.00271318
 0.0841818 0.532909 0.334909 0.0458182 0.00218182
pf_pred 
 0.23015 0.387554 0.192454 0.0955696 0.0942731
 0.371816 0.2438 0.193505 0.0960915 0.0947879
 0.263413 0.416066 0.124395 0.0987327 0.0973932
 0.601953 0.196318 0.113948 0.0340682 0.0537131
 0.564279 0.334314 0.0500139 0.0290295 0.0223632
 0.472653 0.382204 0.111363 0.0166601 0.0171194
 0.576732 0.293753 0.0938677 0.0273504 0.00829611
 0.814167 0.141365 0.0308615 0.00986165 0.00374499
 0.453856 0.496985 0.0373957 0.0081639 0.00359942
 0.574491 0.276903 0.135229 0.0101754 0.00320079
 0.401869 0.445472 0.0993445 0.0485162 0.00479896
 0.169421 0.50366 0.24348 0.0542984 0.0291403
 0.345739 0.205866 0.271905 0.131445 0.0450451
 0.388491 0.344307 0.0840765 0.111047 0.0720791
 0.673517 0.219728 0.0601077 0.0146777 0.0319694
 0.613281 0.33502 0.0347944 0.0095182 0.00738669
 0.47737 0.412384 0.0955074 0.00991919 0.00481924
 0.445799 0.372344 0.143495 0.0332332 0.00512845
 0.493791 0.321846 0.123866 0.0477358 0.0127616
 0.560315 0.298 0.0900829 0.0346694 0.0169329
 0.552612 0.327866 0.0810066 0.0244876 0.0140273
 0.405794 0.427078 0.122479 0.0302612 0.0143878
 0.617212 0.22549 0.113056 0.0324227 0.0118195
 0.471201 0.409508 0.0702715 0.0352328 0.0137876
 0.142986 0.559903 0.230085 0.0394826 0.0275426
pobs_RECLAS
 0 0 0 0 0
 0 0 0 0 0
 0 0 0 0 0
 0 0 0 0 0
 0.835266 0.146461 0.0176864 0.000547809 3.91292e-05
 0.385257 0.428462 0.181853 0.0044286 0
 0.867414 0.0963971 0.0333333 0.00285562 0
 0.441836 0.489002 0.0689373 0.000224442 0
 0.779404 0.147425 0.0564933 0.0165055 0.000172143
 0.814271 0.122319 0.05973 0.00367925 0
 0.40263 0.566651 0.0304383 0.000280538 0
 0.475488 0.404961 0.113038 0.00651328 0
 0.955842 0.0263864 0.0167828 0.000988607 0
 0.975058 0.0227948 0.00214734 0 0
 0.738997 0.206755 0.0527124 0.00153531 0
 0.850938 0.134255 0.0134407 0.00136685 0
 0.542534 0.407297 0.0501686 0 0
 0.764087 0.199537 0.0359546 0.000420521 0
 0.470689 0.182191 0.310203 0.0369168 0
 0.84361 0.089868 0.0606195 0.00523954 0.000663233
 0.607945 0.314616 0.071237 0.00620181 0
 0.523733 0.453247 0.0230204 0 0
 0.530135 0.295979 0.169645 0.0042399 0
 0.562478 0.366248 0.0663022 0.0049721 0
 0.250443 0.683176 0.0655157 0.000865301 0
ppred_RECLAS
 0.231443 0.386903 0.19213 0.0954091 0.0941147
 0.374699 0.242681 0.192616 0.0956505 0.0943529
 0.274869 0.409595 0.12246 0.097197 0.0958784
 0.604673 0.194976 0.11317 0.0338354 0.053346
 0.564724 0.333973 0.0499628 0.0289998 0.0223403
 0.482772 0.37487 0.109227 0.0163405 0.0167909
 0.582417 0.289808 0.0926071 0.0269831 0.0081847
 0.817357 0.138938 0.0303317 0.00969236 0.0036807
 0.457833 0.493366 0.0371234 0.00810445 0.0035732
 0.57694 0.275309 0.134451 0.0101168 0.00318237
 0.406697 0.441876 0.0985425 0.0481245 0.00476022
 0.171784 0.502227 0.242788 0.0541439 0.0290574
 0.353088 0.203554 0.268851 0.129968 0.0445391
 0.414386 0.329727 0.0805162 0.106345 0.0690268
 0.694771 0.205424 0.0561948 0.0137223 0.0298883
 0.619304 0.329802 0.0342525 0.00936995 0.00727164
 0.481359 0.409237 0.0947785 0.00984349 0.00478246
 0.448434 0.370574 0.142813 0.0330752 0.00510407
 0.496206 0.320311 0.123275 0.0475081 0.0127007
 0.562632 0.29643 0.0896082 0.0344867 0.0168436
 0.553576 0.32716 0.0808321 0.0244348 0.013997
 0.407194 0.426072 0.122191 0.0301898 0.0143539
 0.619049 0.224407 0.112514 0.0322671 0.0117627
 0.472904 0.408188 0.0700451 0.0351193 0.0137432
 0.143976 0.559257 0.229819 0.039437 0.0275107
pobs_PELACES
 0 0 0 0 0
 0 0 0 0 0
 0 0 0 0 0
 0 0 0 0 0
 0 0 0 0 0
 0 0 0 0 0
 0 0 0 0 0
 0 0 0 0 0
 0 0 0 0 0
 0 0 0 0 0
 0.450072 0.473896 0.0757376 0.000293798 0
 0 0 0 0 0
 0.463077 0.371075 0.160297 0.00555027 0
 0.529543 0.364841 0.0842815 0.0213345 0
 0.631943 0.363953 0.00410389 0 0
 0.735681 0.248677 0.0153453 0.000297389 0
 0.695825 0.281241 0.0229344 0 0
 0.275771 0.60734 0.115278 0.00161068 0
 0 0 0 0 0
 0.896147 0.0623911 0.0374545 0.00400742 0
 0.803859 0.145111 0.0509908 3.86294e-05 0
 0.739449 0.233085 0.0266225 0.000797448 4.60066e-05
 0.878498 0.100942 0.0204185 0.000141795 0
 0.694673 0.275183 0.0284847 0.00165964 0
 0.469039 0.446079 0.0841089 0.000773354 0
ppred_PELACES
 0.237573 0.383817 0.190598 0.0946481 0.0933641
 0.387128 0.237858 0.188788 0.0937493 0.0924775
 0.308905 0.39037 0.116712 0.0926349 0.0913782
 0.616415 0.189185 0.109808 0.0328304 0.0517616
 0.567112 0.33214 0.0496887 0.0288407 0.0222177
 0.514893 0.35159 0.102443 0.0153257 0.0157481
 0.603239 0.275358 0.0879894 0.0256376 0.00777658
 0.829054 0.13004 0.0283892 0.00907165 0.00344498
 0.473975 0.478677 0.0360182 0.00786316 0.00346682
 0.587783 0.268253 0.131005 0.00985751 0.00310081
 0.425404 0.427943 0.0954354 0.0466072 0.00461013
 0.18152 0.496324 0.239934 0.0535075 0.0287158
 0.378477 0.195565 0.258299 0.124868 0.0427911
 0.475358 0.295396 0.0721331 0.0952723 0.0618399
 0.741839 0.173746 0.0475291 0.0116062 0.0252793
 0.64076 0.311214 0.032322 0.00884185 0.00686181
 0.497529 0.396478 0.0918235 0.00953659 0.00463335
 0.460053 0.362768 0.139804 0.0323784 0.00499655
 0.507015 0.313438 0.12063 0.0464887 0.0124282
 0.573015 0.289392 0.0874808 0.0336679 0.0164437
 0.558452 0.323586 0.0799491 0.0241679 0.0138441
 0.413992 0.421186 0.120789 0.0298437 0.0141893
 0.627529 0.219412 0.110009 0.0315489 0.0115009
 0.480972 0.40194 0.0689729 0.0345818 0.0135328
 0.148618 0.556224 0.228573 0.0392232 0.0273616
pobs_pel_tallas
 0 0 0 0 0 0 0 0 0 0 0 0 0 0 0 0 0 0 0 0 0 0 0 0 0 0 0 0 0 0 0 0 0 0 0 0
 0 0 0 0 0 0 0 0 0 0 0 0 0 0 0 0 0 0 0 0 0 0 0 0 0 0 0 0 0 0 0 0 0 0 0 0
 0 0 0 0 0 0 0 0 0 0 0 0 0 0 0 0 0 0 0 0 0 0 0 0 0 0 0 0 0 0 0 0 0 0 0 0
 0 0 0 0 0 0 0 0 0 0 0 0 0 0 0 0 0 0 0 0 0 0 0 0 0 0 0 0 0 0 0 0 0 0 0 0
 0 0 0 0 0 0 0 0 0 0 0 0 0 0 0 0 0 0 0 0 0 0 0 0 0 0 0 0 0 0 0 0 0 0 0 0
 0 0 0 0 0 0 0 0 0 0 0 0 0 0 0 0 0 0 0 0 0 0 0 0 0 0 0 0 0 0 0 0 0 0 0 0
 0 0 0 0 0 0 0 0 0 0 0 0 0 0 0 0 0 0 0 0 0 0 0 0 0 0 0 0 0 0 0 0 0 0 0 0
 0 0 0 0 0 0 0 0 0 0 0 0 0 0 0 0 0 0 0 0 0 0 0 0 0 0 0 0 0 0 0 0 0 0 0 0
 0 0 0 0 0 0 0 0 0 0 0 0 0 0 0 0 0 0 0 0 0 0 0 0 0 0 0 0 0 0 0 0 0 0 0 0
 0 0 0 0 0 0 0 0 0 0 0 0 0 0 0 0 0 0 0 0 0 0 0 0 0 0 0 0 0 0 0 0 0 0 0 0
 0 0 0 0 0 0 0 0 1.78061e-05 0.00172719 0.00360574 0.0105946 0.0120993 0.0124554 0.0147524 0.0171206 0.0266825 0.0428682 0.0675386 0.121331 0.153587 0.119568 0.100827 0.0573624 0.0630603 0.0341343 0.0324427 0.0444173 0.0211091 0.0280891 0.0125444 0.00206551 0 0 0 0
 0 0 0 0 0 0 0 0 0 0 0 0 0 0 0 0 0 0 0 0 0 0 0 0 0 0 0 0 0 0 0 0 0 0 0 0
 0 0 0 0 0 0 0.0133647 0.0140871 0.0187388 0.0205184 0.03894 0.0496705 0.03968 0.0493445 0.0407372 0.0367815 0.0215668 0.0243155 0.0234873 0.0199281 0.019796 0.0243948 0.0301388 0.0376714 0.0412746 0.0863199 0.0771752 0.113111 0.0741005 0.0525337 0.0229764 0.00759418 0.00175318 0 0 0
 0 0 0 0 0 0 0 0 0 0 0.00219441 0.00772107 0.0458388 0.0604681 0.0671733 0.0775358 0.0609151 0.0617685 0.073594 0.0568108 0.0755445 0.0548602 0.0670107 0.0636378 0.0643287 0.046367 0.0373049 0.0286899 0.0247887 0.0153202 0.00654259 0.00121912 0.000365735 0 0 0
 0 0 0 0 0 0 0 0 0 0 0 0 0.000112435 0.00938835 0.0111873 0.0202946 0.0414886 0.0713402 0.111592 0.104902 0.108894 0.110636 0.117776 0.105296 0.107544 0.0401394 0.0192827 0.0124803 0.00416011 0.0028671 0.000618394 0 0 0 0 0
 0 0 0 0 0 0 0 0 0 0 0.00291406 0.0102884 0.027416 0.0768956 0.0749926 0.110853 0.0956884 0.0897413 0.0766577 0.0534642 0.0500743 0.0551293 0.0594112 0.0620874 0.0668451 0.0424026 0.0208742 0.0120726 0.0048766 0.00582813 0.00118941 0.000297354 0 0 0 0
 0 0.00264628 0.0354308 0.0461629 0.0458689 0.0383711 0.0214643 0.0164657 0.0346957 0.0420465 0.0363128 0.0245516 0.0311673 0.0291091 0.0169068 0.0133784 0.00837989 0.0085269 0.0148486 0.0160247 0.0276389 0.0546898 0.0760071 0.122758 0.109233 0.0665981 0.0333725 0.0166128 0.00676272 0.00308733 0.000882094 0 0 0 0 0
 0 0 0 0 0 0 0 0.000805153 0.000690131 0.00759144 0.0133425 0.0154129 0.00931677 0.000345066 0.00356568 0.00563607 0.00851162 0.0253048 0.0502646 0.0516448 0.0657925 0.0565908 0.0611916 0.0827007 0.0866115 0.110766 0.145733 0.0935128 0.0569358 0.0249597 0.0138026 0.00621118 0.00161031 0.00115022 0 0
 0 0 0 0 0 0 0 0 0 0 0 0 0 0 0 0 0 0 0 0 0 0 0 0 0 0 0 0 0 0 0 0 0 0 0 0
 0.00147267 0.00158595 0.00478618 0.00569244 0.00954404 0.0108468 0.00647125 0.017049 0.0510054 0.094081 0.124002 0.0959785 0.0687766 0.0820023 0.061753 0.0591476 0.0492212 0.0479892 0.0443925 0.0268479 0.0217502 0.0140895 0.0121071 0.0120363 0.00920419 0.00665534 0.0049561 0.00860946 0.00930331 0.0156896 0.0114698 0.00855282 0.00243557 0.00046729 0 2.83206e-05
 0 0 0 0 0.000772559 0.00158375 0.000888443 0.00281984 0.00712685 0.0440552 0.0773331 0.111326 0.0921469 0.0852325 0.0710754 0.0886704 0.0786465 0.0553345 0.0373146 0.0185414 0.00753245 0.00457741 0.012979 0.0271748 0.0457355 0.0583668 0.034881 0.0177882 0.00938659 0.00492506 0.0015258 0.00185414 0.000309023 5.79419e-05 3.86279e-05 0
 0 0.00173294 0.00326652 0 0.00397197 0.00683976 0.00946217 0.0152591 0.00757587 0.0136028 0.0228656 0.0392903 0.0559909 0.0764795 0.0681675 0.0726916 0.0566044 0.0477403 0.0527397 0.0444891 0.0609904 0.0582453 0.0661739 0.0445044 0.0529084 0.0360697 0.0280645 0.0235558 0.0158879 0.00826598 0.00280645 0.00217768 0.000904811 0.00058276 9.20147e-05 0
 0 0 0 0 0 0 0 0 0 0 0 0 0 0 0 0 0 0 0 0 0 0 0 0 0 0 0 0 0 0 0 0 0 0 0 0
 0 0 0 0 0 0 0 0 0 0 0 0 0 0 0 0 0 0 0 0 0 0 0 0 0 0 0 0 0 0 0 0 0 0 0 0
 0 0 0 0 0 0 0 0 0 0 0 0 0 0 0 0 0 0 0 0 0 0 0 0 0 0 0 0 0 0 0 0 0 0 0 0
ppred_pel_tallas
 1.10446e-16 1.03877e-05 6.09104e-05 0.000289423 0.0011141 0.00347404 0.0087755 0.0179586 0.0297791 0.0400249 0.0436405 0.0386976 0.0281455 0.017325 0.0100944 0.00733463 0.00809167 0.0111778 0.0158365 0.0216338 0.0281827 0.034998 0.0415006 0.0471081 0.0513512 0.0539648 0.0549245 0.0544126 0.0527367 0.0502299 0.0471705 0.0437451 0.0400552 0.036153 0.0320843 0.0279185
 1.103e-16 1.6903e-05 9.91747e-05 0.000471366 0.00181468 0.00565879 0.0142938 0.0292484 0.0484878 0.0651338 0.0709209 0.0626583 0.0450738 0.0267534 0.0138278 0.00754543 0.00616264 0.00760012 0.0105861 0.0145363 0.019135 0.0240826 0.0290315 0.0336188 0.0375288 0.0405457 0.042577 0.0436385 0.0438138 0.0432066 0.0419058 0.0399745 0.0374625 0.0344288 0.0309637 0.027197
 1.09237e-16 1.34981e-05 7.91715e-05 0.000376239 0.00144836 0.00451641 0.0114084 0.0233459 0.0387085 0.052015 0.0566834 0.0501911 0.0363481 0.0220611 0.0122955 0.00813266 0.00826301 0.0110807 0.0155653 0.0211586 0.0274182 0.0338299 0.0397996 0.0447458 0.0482203 0.0500012 0.0501271 0.0488558 0.0465712 0.0436708 0.0404744 0.0371796 0.0338679 0.0305451 0.0271926 0.0238096
 1.05168e-16 2.6899e-05 0.000157864 0.000750394 0.00288902 0.00900911 0.0227563 0.0465629 0.077185 0.103663 0.11282 0.0995486 0.0713337 0.0417801 0.0205584 0.00954305 0.00583422 0.0060088 0.00797055 0.0107892 0.0140542 0.0174749 0.0207554 0.0236042 0.0257843 0.0271578 0.0277036 0.0275032 0.026701 0.0254572 0.023909 0.0221523 0.020245 0.0182223 0.0161169 0.0139719
 1.02843e-16 2.47549e-05 0.000145264 0.00069046 0.00265821 0.00828931 0.0209384 0.0428443 0.0710252 0.0954033 0.103866 0.0917329 0.0659172 0.0389777 0.0198658 0.010368 0.00787308 0.00926328 0.0125923 0.0169163 0.0216904 0.0264147 0.0305553 0.03361 0.0352125 0.0352167 0.0337264 0.0310567 0.0276467 0.0239498 0.0203419 0.0170687 0.0142395 0.011856 0.00985776 0.00816502
 1.02832e-16 2.24789e-05 0.000131899 0.000626919 0.00241355 0.00752634 0.0190112 0.0389013 0.0644904 0.0866306 0.0943287 0.0833411 0.059956 0.0355918 0.0183978 0.0100226 0.00812345 0.00989256 0.0135727 0.0182955 0.0235287 0.0287545 0.0334069 0.0369435 0.0389574 0.039267 0.0379498 0.0353072 0.0317765 0.0278216 0.0238384 0.0201012 0.0167537 0.0138348 0.0113204 0.00916157
 1.02584e-16 2.6328e-05 0.000154504 0.000734401 0.00282742 0.00881697 0.0222711 0.0455708 0.0755429 0.101465 0.110448 0.0975037 0.0699725 0.0411923 0.0206575 0.0102371 0.0071245 0.00798611 0.0107579 0.0144755 0.0186374 0.0228202 0.0265786 0.0294868 0.0312226 0.0316368 0.0307799 0.0288751 0.0262512 0.0232584 0.0201967 0.017275 0.0146054 0.0122235 0.0101197 0.00826856
 1.00919e-16 3.61686e-05 0.000212291 0.00100916 0.00388534 0.0121161 0.0306042 0.0626198 0.103797 0.139391 0.15167 0.133747 0.0956612 0.0556676 0.0267152 0.0112538 0.00530602 0.00420012 0.00507732 0.00669529 0.008572 0.0104479 0.0121011 0.0133308 0.0139896 0.0140156 0.0134443 0.0123947 0.0110357 0.00954438 0.00807025 0.00671467 0.00552766 0.00451803 0.00366978 0.00295753
 1.011e-16 2.06996e-05 0.000121442 0.00057718 0.002222 0.00692897 0.0175024 0.0358152 0.0593787 0.0797772 0.0869009 0.076861 0.0554735 0.0332899 0.017865 0.0107766 0.00992297 0.0127499 0.0176218 0.0236523 0.0301877 0.0365239 0.0418851 0.0455454 0.046989 0.0460349 0.04288 0.0380415 0.0322241 0.0261543 0.0204374 0.0154729 0.011439 0.00833135 0.00602988 0.00436592
 1.02431e-16 2.56539e-05 0.000150547 0.000715589 0.00275498 0.0085911 0.0217006 0.0444034 0.0736078 0.0988662 0.10762 0.0950098 0.0681883 0.0401532 0.0201583 0.0100283 0.00703327 0.00793128 0.0107184 0.0144624 0.0186806 0.0229634 0.0268747 0.0299902 0.0319788 0.0326704 0.0320852 0.0304106 0.0279416 0.0250038 0.0218867 0.0188055 0.0158939 0.0132194 0.0108081 0.00866779
 1.03312e-16 1.85798e-05 0.000109001 0.000518043 0.00199433 0.00621899 0.015709 0.0321454 0.0532947 0.071604 0.078 0.0689933 0.0498062 0.0299121 0.0160967 0.00978457 0.00910126 0.0117706 0.0163451 0.0220534 0.0283333 0.0345742 0.0400921 0.0442327 0.0465106 0.0467179 0.0449654 0.041636 0.0372756 0.0324571 0.0276641 0.0232239 0.0192989 0.0159199 0.0130397 0.0105833
 1.06748e-16 7.94835e-06 4.65783e-05 0.000221263 0.000851623 0.00265548 0.00670803 0.0137293 0.0227723 0.0306262 0.0334427 0.0297732 0.0219117 0.0139985 0.0090619 0.00786929 0.00978561 0.013971 0.0198568 0.0270323 0.0350177 0.0431627 0.0506888 0.0568215 0.0609507 0.0627556 0.0622567 0.0597734 0.0558143 0.0509378 0.0456346 0.0402621 0.0350371 0.0300689 0.0254082 0.0210882
 1.10021e-16 1.65243e-05 9.69548e-05 0.00046082 0.00177408 0.00553221 0.013974 0.0285938 0.0474018 0.0636724 0.069323 0.0612308 0.0440127 0.0260558 0.0133448 0.00709167 0.00558631 0.00679865 0.00950131 0.0131558 0.0175028 0.0223091 0.0272929 0.0321394 0.0365466 0.0402679 0.0431348 0.0450551 0.0459944 0.0459529 0.0449512 0.0430314 0.0402689 0.0367854 0.0327539 0.0283897
 1.07284e-16 2.07524e-05 0.000121769 0.000578773 0.0022282 0.00694834 0.0175512 0.0359135 0.0595366 0.0799739 0.0870747 0.0769185 0.0553062 0.032773 0.0168346 0.00900534 0.00711702 0.00857975 0.0117858 0.0159647 0.0206747 0.0255029 0.0299977 0.0337226 0.0363434 0.0376981 0.0378208 0.0369098 0.0352557 0.0331554 0.0308434 0.0284589 0.0260519 0.023616 0.0211292 0.0185868
 1.02312e-16 3.23674e-05 0.00018997 0.000903033 0.00347673 0.0108418 0.0273856 0.0560347 0.0928838 0.124741 0.135744 0.119738 0.0857164 0.0500335 0.0242988 0.0107329 0.00580592 0.00536024 0.00684553 0.00913419 0.0117507 0.0143924 0.0167745 0.0186314 0.0197643 0.0200835 0.0196243 0.0185288 0.0170022 0.0152598 0.0134813 0.0117863 0.0102321 0.00882825 0.00755915 0.00640332
 1.01185e-16 2.79655e-05 0.000164114 0.000780083 0.00300329 0.00936542 0.0236565 0.0484056 0.0802425 0.107778 0.117322 0.103578 0.0743434 0.0437884 0.0219998 0.0109637 0.00769593 0.00864709 0.0116075 0.015526 0.0198338 0.0240414 0.0276401 0.0301566 0.0312526 0.0308039 0.0289289 0.0259521 0.0223184 0.0184876 0.014843 0.0116382 0.00898725 0.00689085 0.00527854 0.00405134
 1.01977e-16 2.17235e-05 0.00012746 0.000605807 0.00233225 0.0072728 0.0183708 0.0375914 0.0623205 0.0837207 0.0911732 0.080584 0.0580397 0.0345888 0.0181259 0.0102671 0.0087699 0.0109341 0.015057 0.0202693 0.025998 0.0316598 0.036613 0.0402468 0.0421107 0.0420164 0.040076 0.0366605 0.0322969 0.0275404 0.0228638 0.0185924 0.0148919 0.0117973 0.00926153 0.00720206
 1.03449e-16 2.00881e-05 0.000117862 0.000560182 0.0021566 0.00672503 0.0169872 0.0347601 0.0576268 0.0774156 0.0843079 0.0745186 0.053677 0.0320013 0.0167946 0.00955674 0.00822271 0.0103077 0.0142535 0.0192761 0.024867 0.0305059 0.0356119 0.0396202 0.0420971 0.042832 0.0418742 0.0394996 0.0361248 0.0321998 0.0281155 0.0241512 0.0204665 0.0171258 0.014137 0.0114859
 1.03993e-16 2.21338e-05 0.000129877 0.000617312 0.00237658 0.00741105 0.0187199 0.0383051 0.0635012 0.0852992 0.0928722 0.0820383 0.0589841 0.0349458 0.0179381 0.00957406 0.00753837 0.00906431 0.012431 0.0168084 0.021714 0.0266927 0.0312457 0.034888 0.0372452 0.0381316 0.0375811 0.0358183 0.0331851 0.0300493 0.0267277 0.0234434 0.0203209 0.0174101 0.0147203 0.0122496
 1.03262e-16 2.50107e-05 0.000146769 0.000697625 0.00268581 0.00837538 0.0211557 0.0432887 0.0717607 0.0963876 0.104928 0.0926472 0.0665234 0.0392345 0.0198105 0.0100404 0.00727166 0.00834825 0.0113127 0.0152408 0.0196343 0.0240573 0.0280457 0.0311551 0.0330493 0.0335727 0.0327781 0.0308971 0.0282698 0.025256 0.0221613 0.0191945 0.0164637 0.0139989 0.0117863 0.0097993
 1.02718e-16 2.4377e-05 0.000143046 0.000679917 0.00261762 0.00816273 0.0206186 0.04219 0.0699406 0.0939464 0.10228 0.0903318 0.0649101 0.0383818 0.0195621 0.0102114 0.00776019 0.00914204 0.0124457 0.0167484 0.0215217 0.0262801 0.0305022 0.0336918 0.0354797 0.0357056 0.0344487 0.0319936 0.0287483 0.0251417 0.0215369 0.0181806 0.0151962 0.0126094 0.0103879 0.00847866
 1.03541e-16 1.80819e-05 0.000106079 0.000504152 0.00194084 0.0060522 0.0152877 0.0312834 0.0518657 0.0696847 0.0759111 0.06715 0.0484849 0.0291377 0.0157155 0.00960887 0.00899919 0.011677 0.0162387 0.021937 0.0282252 0.0345057 0.0401052 0.0443753 0.0468291 0.0472481 0.0457236 0.0426138 0.0384387 0.0337494 0.0290159 0.0245626 0.0205592 0.0170513 0.0140111 0.0113829
 1.03255e-16 2.73849e-05 0.000160714 0.000763936 0.00294115 0.00917166 0.023167 0.0474034 0.0785789 0.105537 0.114865 0.101367 0.0726665 0.0426204 0.0210821 0.00996947 0.00633804 0.00670576 0.00893192 0.0120496 0.0156063 0.0192594 0.0226554 0.0254506 0.0273734 0.0282782 0.0281681 0.027177 0.0255211 0.0234393 0.0211416 0.0187815 0.0164535 0.0142079 0.0120721 0.0100677
 1.02931e-16 2.10017e-05 0.000123222 0.000585659 0.00225468 0.00703087 0.0177598 0.0363412 0.0602483 0.0809386 0.0881477 0.0779203 0.0561436 0.0335037 0.0176393 0.0101207 0.0087878 0.0110356 0.0152186 0.0204896 0.0262799 0.0320041 0.0370178 0.04071 0.0426332 0.0426061 0.0407504 0.0374456 0.0332232 0.0286364 0.0241472 0.0200632 0.016528 0.0135548 0.0110794 0.00901021
 1.06052e-16 6.51611e-06 3.81644e-05 0.00018125 0.000697542 0.00217497 0.00549437 0.0112465 0.0186587 0.0251077 0.0274529 0.0245265 0.0182361 0.0120149 0.00840003 0.00808814 0.0106263 0.0153746 0.0218719 0.0297223 0.0383979 0.0471638 0.0551423 0.061469 0.0654752 0.0668302 0.0655976 0.0621855 0.0572161 0.0513635 0.045214 0.0391869 0.0335238 0.0283259 0.0236131 0.0193756
pSPR Fmed_Fpbrs
0.535923   0.255595 0.255595
Fs Fmed_Fpbrs
0.354167   1.005 1.005
SSBpbr Bo_Bmed_Bpbrs
971007  471835  199634 199634
Ro
32859.6
SPR SPRFo_SPRFmed_SPRFpbrs
675686 362116 172702
log_Ro
10.22
likeval ReclasPelacesDesembMPH_pf_preclas_ppelaces_ptallas_desvR_qrecl_qpela
 97.8141 105.746 0.0545904 0.000601574 360.394 216.287 82.7391 0 18.7295 0 0 0 0 0 0
q_reclas_q_pelaces
1 1
M
0.7
N
 22193.8 19535.7 9701.15 4817.45 4752.1
 28332.1 9937.68 7887.56 3916.84 3863.71
 12538.9 11992.5 3585.49 2845.81 2807.21
 21748.3 3778.78 2193.31 655.755 1033.89
 30987.6 9298.85 1391.12 807.446 622.025
 31674 14941.3 4353.46 651.284 669.238
 37577.3 10654.8 3404.69 992.03 300.909
 149657 14367.3 3136.54 1002.27 380.615
 97987.2 58249.2 4382.97 956.851 421.87
 156599 39974.7 19522.2 1468.95 462.078
 111285 67937.3 15150.7 7399.03 731.872
 27048.3 43760.7 21154.9 4717.74 2531.87
 32226.7 10965.3 14482.8 7001.29 2399.29
 19849.1 11485.1 2804.56 3704.22 2404.36
 22144.5 4660.01 1274.77 311.287 678.01
 17728.6 5427.23 563.66 154.192 119.662
 14205 6660.39 1542.53 160.204 77.8353
 13070 5797.85 2234.39 517.48 79.8561
 16339.9 5630.99 2167.15 835.18 223.275
 25341.1 7117.65 2151.6 828.068 404.437
 36356.3 11069.6 2734.98 826.761 473.594
 31148.9 17005 4876.76 1204.91 572.879
 74203.8 14206 7122.62 2042.65 744.635
 72870.6 33028.7 5667.73 2841.69 1112.04
 15967.4 32808.2 13482.1 2313.53 1613.89
pred_Ctot
 1578.45 2657.99 1319.92 655.452 646.56
 3035.59 1990.44 1579.81 784.513 773.87
 3647.62 5761.5 1722.57 1367.21 1348.66
 2192.69 715.114 415.072 124.098 195.657
 648.042 383.94 57.438 33.3386 25.6828
 7514.27 6076.3 1770.46 264.864 272.165
 6311.43 3214.67 1027.23 299.307 90.7879
 23598.9 4097.5 894.528 285.843 108.55
 12720 13928.8 1048.07 228.806 100.879
 14343.5 6913.53 3376.31 254.052 79.9152
 16882.4 18714.1 4173.43 2038.15 201.603
 3614 10743.8 5193.8 1158.27 621.607
 6669.2 3971.1 5244.97 2535.53 868.907
 7852.11 6959.07 1699.34 2244.46 1456.85
 8395.25 2738.86 749.23 182.955 398.492
 3154.28 1723.1 178.958 48.9549 37.9919
 1839.83 1589.37 368.095 38.2295 18.5738
 1254.84 1048.08 403.913 93.5455 14.4357
 1454.15 947.793 364.769 140.575 37.5811
 2209.53 1175.12 355.23 136.714 66.7725
 1524.43 904.447 223.464 67.5511 38.6954
 1836.81 1933.16 554.398 136.976 65.1258
 5566.95 2033.81 1019.71 292.437 106.606
 4920.21 4276.02 733.765 367.896 143.968
 1231.25 4821.31 1981.26 339.984 237.168
F
 0.103479 0.206958 0.206958 0.206958 0.206958
 0.159719 0.319438 0.319438 0.319438 0.319438
 0.499433 0.998865 0.998865 0.998865 0.998865
 0.149646 0.299292 0.299292 0.299292 0.299292
 0.0294597 0.0589195 0.0589195 0.0589195 0.0589195
 0.389487 0.778974 0.778974 0.778974 0.778974
 0.261443 0.522886 0.522886 0.522886 0.522886
 0.243615 0.487229 0.487229 0.487229 0.487229
 0.196589 0.393179 0.393179 0.393179 0.393179
 0.135101 0.270203 0.270203 0.270203 0.270203
 0.233358 0.466715 0.466715 0.466715 0.466715
 0.202888 0.405775 0.405775 0.405775 0.405775
 0.331744 0.663489 0.663489 0.663489 0.663489
 0.749143 1.49829 1.49829 1.49829 1.49829
 0.70616 1.41232 1.41232 1.41232 1.41232
 0.279001 0.558002 0.558002 0.558002 0.558002
 0.196105 0.39221 0.39221 0.39221 0.39221
 0.142038 0.284075 0.284075 0.284075 0.284075
 0.131035 0.262071 0.262071 0.262071 0.262071
 0.128227 0.256453 0.256453 0.256453 0.256453
 0.0598591 0.119718 0.119718 0.119718 0.119718
 0.0851158 0.170232 0.170232 0.170232 0.170232
 0.109438 0.218875 0.218875 0.218875 0.218875
 0.098006 0.196012 0.196012 0.196012 0.196012
 0.11264 0.225279 0.225279 0.225279 0.225279
YTP_r0W_actual
 13790 106069 65381.5 13973.3 10150.8
YTP_p0W_proyectada
 76662.3 73120.3 195709 104912 28722.2
 76662.3 95670.7 19377.9 46406.4 25748.1
CTP_r0_actual
 1231.25 4821.31 1981.26 339.984 237.168
CTP_p0_proyectada
 9019.1 3416.83 6272.71 2577.69 617.681
 9019.1 4470.59 621.086 1140.21 553.723
Wmedp
 8.5 21.4 31.2 40.7 46.5
nmprior
 10.6 11 7 0
nm_flota  nm_reclas  nm_pelaces    nm_pelaL
inf 11.1313 10.7875 22.0189
cv_recla  cv_pelaces  cv_mph
0.894593 1.16602 0.795761
 ------------------------------------------------
Talla a la edad & desviaci?n 
 7.2 14.2025 17.0495 18.207 18.6776
 1.08 2.13037 2.55742 2.73105 2.80164
