    unsorted:	 6.652004515e-07 1.538634885e-05 0.0008999974352 0.008369678244 100.7182500 99.93149035 97.10657570 44.59059563 67.32826887 36.72085652 248.6027045 284.0896119 424.2071014 543.7599915 574.4944939 723.5146344 792.9272102 815.3428192 915.5699767 1012.697226 1116.804420 1204.259978 1439.524553 1607.100329 1838.172787 2029.646347 2270.834607 2588.781434 2797.682578 3086.183386 3305.210848 3771.809664 4233.825288 4315.699149 4930.040495 5058.607584 5255.846010 8391.156153 8953.546879 429750.1685 426010.0882 374412.4479 396023.2493 451835.6872 342367.2615 281080.0297 196494.9593 238373.7968 509730.5064 516425.4756 571692.4462 603144.1300 694383.6074 796103.8956 860387.9367 1015067.978 1167168.557 1302694.785 1476969.081 1616587.111 1878451.381 1996827.059 2378869.077 2401641.983 2677674.578
      sorted:	 6.652004515e-07 1.538634885e-05 0.0008999974352 0.008369678244 36.72085652 44.59059563 67.32826887 97.10657570 99.93149035 100.7182500 248.6027045 284.0896119 424.2071014 543.7599915 574.4944939 723.5146344 792.9272102 815.3428192 915.5699767 1012.697226 1116.804420 1204.259978 1439.524553 1607.100329 1838.172787 2029.646347 2270.834607 2588.781434 2797.682578 3086.183386 3305.210848 3771.809664 4233.825288 4315.699149 4930.040495 5058.607584 5255.846010 8391.156153 8953.546879 196494.9593 238373.7968 281080.0297 342367.2615 374412.4479 396023.2493 426010.0882 429750.1685 451835.6872 509730.5064 516425.4756 571692.4462 603144.1300 694383.6074 796103.8956 860387.9367 1015067.978 1167168.557 1302694.785 1476969.081 1616587.111 1878451.381 1996827.059 2378869.077 2401641.983 2677674.578
