years
 1997 1998 1999 2000 2001 2002 2003 2004 2005 2006 2007 2008 2009 2010 2011 2012 2013 2014 2015 2016 2017 2018 2019 2020 2021
reclasobs
 0 0 0 370054 412103 1.49427e+06 250295 1.28982e+06 931140 785840 897777 1.04006e+06 184774 17550 25797 100020 73551 82996 120727 218422 84188 347160 605670 569463 516374
reclaspred
 4.93644e+06 1.10012e+06 3.42605e+06 2.08968e+06 1.89435e+06 2.07104e+06 3.60533e+06 2.13082e+06 2.05015e+06 1.59954e+06 1.20673e+06 814191 507786 274416 214994 230594 286313 421591 473800 638140 961142 947079 1.71744e+06 2.33619e+06 3.89197e+06
pelacesobs
 0 0 0 0 0 0 0 0 0 2.06254e+06 1.5e+06 0 1.87456e+06 323000 250000 174000 83755 137374 0 501740 490994 745055 786931 1.00524e+06 1.33801e+06
pelacespred
 3.21407e+06 1.30275e+06 1.35619e+06 1.58008e+06 1.2194e+06 1.12261e+06 1.81825e+06 1.5811e+06 1.23764e+06 1.01168e+06 654984 450099 274911 126730 100304 119228 153941 224148 268070 346719 557674 579542 793009 1.28056e+06 2.1091e+06
mphobs
 0 0 0 0 0 112323 0 153150 637223 0 255016 313432 73983 77613 109348 50772 0 0 0 0 0 0 0 0 0
mphpred
 3.47057e+06 2.10296e+06 1.87065e+06 2.38606e+06 1.74194e+06 1.82837e+06 2.40027e+06 2.48053e+06 1.90069e+06 1.6346e+06 1.27256e+06 852694 550765 323441 191154 188419 223077 319016 410714 475509 728744 875094 1.13939e+06 1.74711e+06 2.81821e+06
desembarqueobs
 350755 77701 442110 56441 14545 235359 269955 359681 431902 328805 639364 411747 362871 311530 167758 66681 60226 58785 57116 73181 50977 67692 138656 160484 209506
desembarquepred
 350629 77798.5 443130 56587.6 14572.9 235350 269980 359744 432029 329121 640875 412838 363979 312204 167674 66697.2 60276.6 58802.2 57139.6 73248.6 51073.5 67751.6 138634 160512 209440
Reclutas
 179317 127570 95098.2 93741.1 123426 100662 141021 122476 119788 95163.1 70608.4 50813.5 51019.6 33886.9 23551.6 24502.9 22986.7 26697 28852.6 55200 70226 93883.8 165114 232257 246628
log_desv_Rt
 0.856913 0.516418 0.222665 0.208292 0.483396 0.279521 0.616667 0.475671 0.453476 0.223348 -0.0750957 -0.404083 -0.400035 -0.809217 -1.17305 -1.13345 -1.19733 -1.04769 -0.970043 -0.321282 -0.0805264 0.209814 0.774393 1.1156 1.17564
SSB
 3.47057e+06 2.10296e+06 1.87065e+06 2.38606e+06 1.74194e+06 1.82837e+06 2.40027e+06 2.48053e+06 1.90069e+06 1.6346e+06 1.27256e+06 852694 550765 323441 191154 188419 223077 319016 410714 475509 728744 875094 1.13939e+06 1.74711e+06 2.81821e+06
BT
 8.8197e+06 2.57792e+06 3.35753e+06 3.1612e+06 2.5198e+06 2.34395e+06 4.38341e+06 3.68833e+06 3.09054e+06 2.40787e+06 1.96374e+06 1.3376e+06 967376 568728 380257 318092 401426 547842 600951 848404 1.32259e+06 1.23463e+06 1.79289e+06 2.98476e+06 4.91572e+06
Ftot
 0.069344 0.0690314 0.125816 0.0264957 0.00753501 0.110628 0.0730844 0.163876 0.204021 0.199225 0.502218 0.480448 0.66896 1.02301 0.725884 0.278747 0.203949 0.135653 0.117388 0.111812 0.0519288 0.0698322 0.0787598 0.0670893 0.0525849
BD_Bspro_t
 0.989993 0.93818 0.902613 0.843742 0.870823 0.904513 0.867713 0.857652 0.796059 0.731793 0.657742 0.490451 0.38918 0.300127 0.215094 0.243006 0.348704 0.519763 0.640071 0.724418 0.815064 0.874089 0.884537 0.894428 0.910085
BD_Bspro
 2.21742 1.34362 1.1952 1.52451 1.11296 1.16818 1.53358 1.58486 1.21439 1.04438 0.813068 0.544804 0.351896 0.206653 0.122132 0.120385 0.142529 0.203826 0.262414 0.303813 0.46561 0.559116 0.727984 1.11627 1.80061
BD_Bo
 1.84614 1.11865 0.995078 1.26925 0.926611 0.972585 1.2768 1.3195 1.01106 0.869511 0.67693 0.453584 0.292975 0.172052 0.101683 0.100228 0.118664 0.169698 0.218476 0.252943 0.38765 0.4655 0.606092 0.929362 1.49912
BD_Brms
 8.9795 5.44104 4.83999 6.17354 4.50697 4.73059 6.21029 6.41795 4.91772 4.22924 3.29254 2.2062 1.42501 0.836848 0.494578 0.487503 0.577175 0.825399 1.06265 1.2303 1.8855 2.26416 2.94799 4.52035 7.29163
S_f
 0.5 1 1 1 1
 0.5 1 1 1 1
 0.5 1 1 1 1
 0.5 1 1 1 1
 0.5 1 1 1 1
 0.5 1 1 1 1
 0.5 1 1 1 1
 0.5 1 1 1 1
 0.5 1 1 1 1
 0.5 1 1 1 1
 0.5 1 1 1 1
 0.5 1 1 1 1
 0.5 1 1 1 1
 0.5 1 1 1 1
 0.5 1 1 1 1
 0.5 1 1 1 1
 0.5 1 1 1 1
 0.5 1 1 1 1
 0.5 1 1 1 1
 0.5 1 1 1 1
 0.5 1 1 1 1
 0.5 1 1 1 1
 0.5 1 1 1 1
 0.5 1 1 1 1
 0.5 1 1 1 1
Scru_reclas
 0.5 1 1 1 1
 0.5 1 1 1 1
 0.5 1 1 1 1
 0.5 1 1 1 1
 0.5 1 1 1 1
 0.5 1 1 1 1
 0.5 1 1 1 1
 0.5 1 1 1 1
 0.5 1 1 1 1
 0.5 1 1 1 1
 0.5 1 1 1 1
 0.5 1 1 1 1
 0.5 1 1 1 1
 0.5 1 1 1 1
 0.5 1 1 1 1
 0.5 1 1 1 1
 0.5 1 1 1 1
 0.5 1 1 1 1
 0.5 1 1 1 1
 0.5 1 1 1 1
 0.5 1 1 1 1
 0.5 1 1 1 1
 0.5 1 1 1 1
 0.5 1 1 1 1
 0.5 1 1 1 1
Scru_pelaces
 0.5 1 1 1 1
 0.5 1 1 1 1
 0.5 1 1 1 1
 0.5 1 1 1 1
 0.5 1 1 1 1
 0.5 1 1 1 1
 0.5 1 1 1 1
 0.5 1 1 1 1
 0.5 1 1 1 1
 0.5 1 1 1 1
 0.5 1 1 1 1
 0.5 1 1 1 1
 0.5 1 1 1 1
 0.5 1 1 1 1
 0.5 1 1 1 1
 0.5 1 1 1 1
 0.5 1 1 1 1
 0.5 1 1 1 1
 0.5 1 1 1 1
 0.5 1 1 1 1
 0.5 1 1 1 1
 0.5 1 1 1 1
 0.5 1 1 1 1
 0.5 1 1 1 1
 0.5 1 1 1 1
pf_obs 
 0.256992 0.487395 0.22802 0.0275931 0
 0.321318 0.546541 0.124235 0.00734118 0.000564706
 0.182869 0.594174 0.210203 0.0122559 0.00049798
 0.330522 0.361315 0.267642 0.0388342 0.00168674
 0.649043 0.306663 0.0425973 0.00169635 0
 0.582887 0.30429 0.105238 0.00758474 0
 0.465427 0.430635 0.0974691 0.00646863 0
 0.296916 0.608066 0.0921331 0.00288517 0
 0.311714 0.524322 0.152257 0.0117073 0
 0.15457 0.633149 0.183074 0.0267441 0.00246327
 0.131901 0.49318 0.331252 0.0422183 0.00144891
 0.196976 0.569456 0.194076 0.0375587 0.00193317
 0.518974 0.381816 0.0799577 0.0180837 0.00116848
 0.0928022 0.601141 0.25162 0.0475244 0.00691264
 0.122501 0.610282 0.24278 0.0234846 0.000952079
 0.383417 0.481906 0.127806 0.00687128 0
 0.0376549 0.599619 0.316969 0.0457579 0
 0.0361596 0.667082 0.258105 0.0386534 0
 0.158088 0.579412 0.248529 0.0139706 0
 0.0477256 0.309471 0.559284 0.082774 0.000745712
 0.0406174 0.521527 0.379366 0.0568643 0.0016247
 0.151134 0.462217 0.34131 0.0453401 0
 0.294876 0.26143 0.354403 0.0886775 0.000613685
 0.281977 0.475581 0.204845 0.0348837 0.00271318
 0.0841818 0.532909 0.334909 0.0458182 0.00218182
pf_pred 
 0.503152 0.250121 0.124206 0.061679 0.0608422
 0.336544 0.447011 0.108962 0.0541089 0.0533748
 0.288756 0.361634 0.235554 0.0574178 0.0566389
 0.326952 0.307535 0.185846 0.121053 0.0586145
 0.399618 0.296973 0.138637 0.0837793 0.0809939
 0.325509 0.385508 0.142942 0.0667303 0.0793106
 0.430469 0.284169 0.1631 0.0604758 0.0617867
 0.363133 0.386432 0.124955 0.0717184 0.0537614
 0.378077 0.338546 0.171945 0.0555994 0.0558329
 0.342361 0.370292 0.156419 0.079444 0.0514852
 0.324255 0.354268 0.181011 0.0764629 0.0640028
 0.351363 0.341575 0.160981 0.0822526 0.0638284
 0.449409 0.305598 0.129014 0.0608035 0.0551755
 0.430711 0.379132 0.105544 0.0445577 0.0400556
 0.476537 0.35327 0.113344 0.0315533 0.0252958
 0.525707 0.329007 0.098049 0.0314584 0.0157783
 0.444745 0.392025 0.113229 0.0337439 0.0162567
 0.456312 0.342162 0.142282 0.0410956 0.0181473
 0.431603 0.361277 0.130348 0.0542031 0.0225688
 0.561139 0.26809 0.108543 0.0391623 0.0230657
 0.498408 0.363764 0.0841958 0.034089 0.0195432
 0.483932 0.344984 0.124073 0.0287176 0.0182929
 0.550575 0.295123 0.103149 0.0370973 0.0140559
 0.516552 0.345518 0.0905742 0.0316567 0.0156991
 0.433908 0.387942 0.127323 0.0333765 0.0174505
pobs_RECLAS
 0 0 0 0 0
 0 0 0 0 0
 0 0 0 0 0
 0 0 0 0 0
 0.835266 0.146461 0.0176864 0.000547809 3.91292e-05
 0.385257 0.428462 0.181853 0.0044286 0
 0.867414 0.0963971 0.0333333 0.00285562 0
 0.441836 0.489002 0.0689373 0.000224442 0
 0.779404 0.147425 0.0564933 0.0165055 0.000172143
 0.814271 0.122319 0.05973 0.00367925 0
 0.40263 0.566651 0.0304383 0.000280538 0
 0.475488 0.404961 0.113038 0.00651328 0
 0.955842 0.0263864 0.0167828 0.000988607 0
 0.975058 0.0227948 0.00214734 0 0
 0.738997 0.206755 0.0527124 0.00153531 0
 0.850938 0.134255 0.0134407 0.00136685 0
 0.542534 0.407297 0.0501686 0 0
 0.764087 0.199537 0.0359546 0.000420521 0
 0.470689 0.182191 0.310203 0.0369168 0
 0.84361 0.089868 0.0606195 0.00523954 0.000663233
 0.607945 0.314616 0.071237 0.00620181 0
 0.523733 0.453247 0.0230204 0 0
 0.530135 0.295979 0.169645 0.0042399 0
 0.562478 0.366248 0.0663022 0.0049721 0
 0.250443 0.683176 0.0655157 0.000865301 0
ppred_RECLAS
 0.50369 0.24985 0.124072 0.0616122 0.0607763
 0.337022 0.446688 0.108883 0.0540698 0.0533363
 0.289603 0.361203 0.235273 0.0573494 0.0565714
 0.327125 0.307456 0.185798 0.121021 0.0585994
 0.39967 0.296946 0.138625 0.0837719 0.0809868
 0.326294 0.385059 0.142776 0.0666527 0.0792183
 0.431028 0.28389 0.16294 0.0604165 0.0617261
 0.364419 0.385652 0.124703 0.0715736 0.0536528
 0.379763 0.337628 0.171479 0.0554487 0.0556816
 0.343931 0.369407 0.156045 0.0792543 0.0513623
 0.329116 0.35172 0.179709 0.0759128 0.0635423
 0.356126 0.339067 0.159799 0.0816486 0.0633597
 0.457513 0.301099 0.127115 0.0599084 0.0543633
 0.445566 0.369239 0.10279 0.043395 0.0390104
 0.485694 0.34709 0.111362 0.0310013 0.0248533
 0.528303 0.327206 0.0975123 0.0312862 0.0156919
 0.446514 0.390776 0.112868 0.0336364 0.0162049
 0.457425 0.341462 0.141991 0.0410115 0.0181102
 0.432539 0.360682 0.130133 0.0541138 0.0225317
 0.562029 0.267546 0.108323 0.0390829 0.0230189
 0.498804 0.363477 0.0841293 0.0340621 0.0195278
 0.484474 0.344622 0.123943 0.0286875 0.0182737
 0.551186 0.294722 0.103009 0.037047 0.0140369
 0.517071 0.345147 0.0904769 0.0316227 0.0156823
 0.434302 0.387672 0.127234 0.0333532 0.0174384
pobs_PELACES
 0 0 0 0 0
 0 0 0 0 0
 0 0 0 0 0
 0 0 0 0 0
 0 0 0 0 0
 0 0 0 0 0
 0 0 0 0 0
 0 0 0 0 0
 0 0 0 0 0
 0 0 0 0 0
 0.450072 0.473896 0.0757376 0.000293798 0
 0 0 0 0 0
 0.463077 0.371075 0.160297 0.00555027 0
 0.529543 0.364841 0.0842815 0.0213345 0
 0.631943 0.363953 0.00410389 0 0
 0.735681 0.248677 0.0153453 0.000297389 0
 0.695825 0.281241 0.0229344 0 0
 0.275771 0.60734 0.115278 0.00161068 0
 0 0 0 0 0
 0.896147 0.0623911 0.0374545 0.00400742 0
 0.803859 0.145111 0.0509908 3.86294e-05 0
 0.739449 0.233085 0.0266225 0.000797448 4.60066e-05
 0.878498 0.100942 0.0204185 0.000141795 0
 0.694673 0.275183 0.0284847 0.00165964 0
 0.469039 0.446079 0.0841089 0.000773354 0
ppred_PELACES
 0.50655 0.24841 0.123357 0.0612571 0.0604261
 0.339572 0.444971 0.108465 0.0538619 0.0531312
 0.293892 0.359022 0.233853 0.0570031 0.0562298
 0.328088 0.307016 0.185532 0.120848 0.0585155
 0.399969 0.296799 0.138556 0.0837303 0.0809465
 0.330319 0.382758 0.141923 0.0662544 0.078745
 0.433987 0.282413 0.162092 0.0601022 0.061405
 0.370704 0.381838 0.12347 0.0708658 0.0531223
 0.387723 0.333295 0.169278 0.054737 0.0549669
 0.351386 0.36521 0.154272 0.0783537 0.0507786
 0.347665 0.341995 0.174741 0.073814 0.0617855
 0.374503 0.329389 0.155238 0.0793182 0.0615513
 0.48501 0.285838 0.120672 0.0568719 0.0516078
 0.487551 0.341278 0.0950063 0.0401089 0.0360563
 0.515627 0.326889 0.10488 0.029197 0.0234068
 0.539748 0.319268 0.0951464 0.0305271 0.0153112
 0.454845 0.384894 0.111169 0.0331301 0.015961
 0.462985 0.337963 0.140536 0.0405912 0.0179246
 0.4373 0.357656 0.129042 0.0536599 0.0223427
 0.566565 0.264775 0.107201 0.0386781 0.0227805
 0.500946 0.361924 0.0837698 0.0339165 0.0194443
 0.487352 0.342698 0.123251 0.0285273 0.0181717
 0.554398 0.292612 0.102271 0.0367818 0.0139364
 0.519835 0.343172 0.0899592 0.0314417 0.0155925
 0.436435 0.38621 0.126755 0.0332275 0.0173726
pobs_pel_tallas
 0 0 0 0 0 0 0 0 0 0 0 0 0 0 0 0 0 0 0 0 0 0 0 0 0 0 0 0 0 0 0 0 0 0 0 0
 0 0 0 0 0 0 0 0 0 0 0 0 0 0 0 0 0 0 0 0 0 0 0 0 0 0 0 0 0 0 0 0 0 0 0 0
 0 0 0 0 0 0 0 0 0 0 0 0 0 0 0 0 0 0 0 0 0 0 0 0 0 0 0 0 0 0 0 0 0 0 0 0
 0 0 0 0 0 0 0 0 0 0 0 0 0 0 0 0 0 0 0 0 0 0 0 0 0 0 0 0 0 0 0 0 0 0 0 0
 0 0 0 0 0 0 0 0 0 0 0 0 0 0 0 0 0 0 0 0 0 0 0 0 0 0 0 0 0 0 0 0 0 0 0 0
 0 0 0 0 0 0 0 0 0 0 0 0 0 0 0 0 0 0 0 0 0 0 0 0 0 0 0 0 0 0 0 0 0 0 0 0
 0 0 0 0 0 0 0 0 0 0 0 0 0 0 0 0 0 0 0 0 0 0 0 0 0 0 0 0 0 0 0 0 0 0 0 0
 0 0 0 0 0 0 0 0 0 0 0 0 0 0 0 0 0 0 0 0 0 0 0 0 0 0 0 0 0 0 0 0 0 0 0 0
 0 0 0 0 0 0 0 0 0 0 0 0 0 0 0 0 0 0 0 0 0 0 0 0 0 0 0 0 0 0 0 0 0 0 0 0
 0 0 0 0 0 0 0 0 0 0 0 0 0 0 0 0 0 0 0 0 0 0 0 0 0 0 0 0 0 0 0 0 0 0 0 0
 0 0 0 0 0 0 0 0 1.78061e-05 0.00172719 0.00360574 0.0105946 0.0120993 0.0124554 0.0147524 0.0171206 0.0266825 0.0428682 0.0675386 0.121331 0.153587 0.119568 0.100827 0.0573624 0.0630603 0.0341343 0.0324427 0.0444173 0.0211091 0.0280891 0.0125444 0.00206551 0 0 0 0
 0 0 0 0 0 0 0 0 0 0 0 0 0 0 0 0 0 0 0 0 0 0 0 0 0 0 0 0 0 0 0 0 0 0 0 0
 0 0 0 0 0 0 0.0133647 0.0140871 0.0187388 0.0205184 0.03894 0.0496705 0.03968 0.0493445 0.0407372 0.0367815 0.0215668 0.0243155 0.0234873 0.0199281 0.019796 0.0243948 0.0301388 0.0376714 0.0412746 0.0863199 0.0771752 0.113111 0.0741005 0.0525337 0.0229764 0.00759418 0.00175318 0 0 0
 0 0 0 0 0 0 0 0 0 0 0.00219441 0.00772107 0.0458388 0.0604681 0.0671733 0.0775358 0.0609151 0.0617685 0.073594 0.0568108 0.0755445 0.0548602 0.0670107 0.0636378 0.0643287 0.046367 0.0373049 0.0286899 0.0247887 0.0153202 0.00654259 0.00121912 0.000365735 0 0 0
 0 0 0 0 0 0 0 0 0 0 0 0 0.000112435 0.00938835 0.0111873 0.0202946 0.0414886 0.0713402 0.111592 0.104902 0.108894 0.110636 0.117776 0.105296 0.107544 0.0401394 0.0192827 0.0124803 0.00416011 0.0028671 0.000618394 0 0 0 0 0
 0 0 0 0 0 0 0 0 0 0 0.00291406 0.0102884 0.027416 0.0768956 0.0749926 0.110853 0.0956884 0.0897413 0.0766577 0.0534642 0.0500743 0.0551293 0.0594112 0.0620874 0.0668451 0.0424026 0.0208742 0.0120726 0.0048766 0.00582813 0.00118941 0.000297354 0 0 0 0
 0 0.00264628 0.0354308 0.0461629 0.0458689 0.0383711 0.0214643 0.0164657 0.0346957 0.0420465 0.0363128 0.0245516 0.0311673 0.0291091 0.0169068 0.0133784 0.00837989 0.0085269 0.0148486 0.0160247 0.0276389 0.0546898 0.0760071 0.122758 0.109233 0.0665981 0.0333725 0.0166128 0.00676272 0.00308733 0.000882094 0 0 0 0 0
 0 0 0 0 0 0 0 0.000805153 0.000690131 0.00759144 0.0133425 0.0154129 0.00931677 0.000345066 0.00356568 0.00563607 0.00851162 0.0253048 0.0502646 0.0516448 0.0657925 0.0565908 0.0611916 0.0827007 0.0866115 0.110766 0.145733 0.0935128 0.0569358 0.0249597 0.0138026 0.00621118 0.00161031 0.00115022 0 0
 0 0 0 0 0 0 0 0 0 0 0 0 0 0 0 0 0 0 0 0 0 0 0 0 0 0 0 0 0 0 0 0 0 0 0 0
 0.00147267 0.00158595 0.00478618 0.00569244 0.00954404 0.0108468 0.00647125 0.017049 0.0510054 0.094081 0.124002 0.0959785 0.0687766 0.0820023 0.061753 0.0591476 0.0492212 0.0479892 0.0443925 0.0268479 0.0217502 0.0140895 0.0121071 0.0120363 0.00920419 0.00665534 0.0049561 0.00860946 0.00930331 0.0156896 0.0114698 0.00855282 0.00243557 0.00046729 0 2.83206e-05
 0 0 0 0 0.000772559 0.00158375 0.000888443 0.00281984 0.00712685 0.0440552 0.0773331 0.111326 0.0921469 0.0852325 0.0710754 0.0886704 0.0786465 0.0553345 0.0373146 0.0185414 0.00753245 0.00457741 0.012979 0.0271748 0.0457355 0.0583668 0.034881 0.0177882 0.00938659 0.00492506 0.0015258 0.00185414 0.000309023 5.79419e-05 3.86279e-05 0
 0 0.00173294 0.00326652 0 0.00397197 0.00683976 0.00946217 0.0152591 0.00757587 0.0136028 0.0228656 0.0392903 0.0559909 0.0764795 0.0681675 0.0726916 0.0566044 0.0477403 0.0527397 0.0444891 0.0609904 0.0582453 0.0661739 0.0445044 0.0529084 0.0360697 0.0280645 0.0235558 0.0158879 0.00826598 0.00280645 0.00217768 0.000904811 0.00058276 9.20147e-05 0
 0 0 0 0 0 0 0 0 0 0 0 0 0 0 0 0 0 0 0 0 0 0 0 0 0 0 0 0 0 0 0 0 0 0 0 0
 0 0 0 0 0 0 0 0 0 0 0 0 0 0 0 0 0 0 0 0 0 0 0 0 0 0 0 0 0 0 0 0 0 0 0 0
 0 0 0 0 0 0 0 0 0 0 0 0 0 0 0 0 0 0 0 0 0 0 0 0 0 0 0 0 0 0 0 0 0 0 0 0
ppred_pel_tallas
 1.06761e-16 2.21108e-05 0.000129748 0.000616713 0.0023743 0.00740394 0.0187019 0.0382677 0.0634374 0.0852081 0.0927586 0.0819038 0.0588131 0.0346954 0.0175366 0.00892349 0.006521 0.0075541 0.010314 0.0140121 0.0182415 0.0226512 0.0268596 0.0304888 0.0332349 0.0349265 0.0355476 0.0352163 0.0341317 0.0325093 0.0305292 0.0283122 0.0259241 0.0233986 0.0207652 0.0180691
 1.06018e-16 1.48377e-05 8.70305e-05 0.00041359 0.00159215 0.0049648 0.0125411 0.0256638 0.0425519 0.0571804 0.0623142 0.0551812 0.0399711 0.0242777 0.0135604 0.00900788 0.00917664 0.0122916 0.0172123 0.023296 0.0300169 0.0367638 0.042839 0.0475694 0.0504502 0.0512561 0.0500816 0.0472934 0.0434184 0.0390057 0.0345115 0.0302353 0.0263162 0.0227721 0.0195573 0.0166143
 1.08023e-16 1.28427e-05 7.53252e-05 0.000357957 0.00137798 0.00429693 0.010854 0.0222113 0.0368272 0.049487 0.0539283 0.0477511 0.0345805 0.020988 0.0116995 0.00774799 0.00789511 0.0106259 0.0149883 0.0204755 0.0266931 0.0331749 0.0393672 0.0447077 0.0487345 0.0511736 0.0519766 0.0512959 0.0494129 0.0466491 0.0432924 0.0395598 0.0355981 0.0315082 0.027377 0.023298
 1.09621e-16 1.43315e-05 8.4071e-05 0.000399547 0.00153813 0.00479638 0.0121155 0.024792 0.0411032 0.0552239 0.0601566 0.0532101 0.0384122 0.0230708 0.0124236 0.00757845 0.00710747 0.00928558 0.0130429 0.0178475 0.0233427 0.0291373 0.0347716 0.0397765 0.0437621 0.0464891 0.0478981 0.0480869 0.04725 0.0456064 0.043343 0.0405902 0.0374312 0.0339294 0.0301592 0.0262241
 1.08723e-16 1.74652e-05 0.00010247 0.000487022 0.00187494 0.0058467 0.0147685 0.0302201 0.0500999 0.0673032 0.0732931 0.0647779 0.0466502 0.0277919 0.0145512 0.00823276 0.00704606 0.00884336 0.0122931 0.01675 0.0218208 0.0271105 0.0321706 0.0365542 0.0399022 0.0420124 0.0428671 0.0426053 0.0414599 0.0396792 0.0374669 0.0349538 0.0322055 0.0292519 0.0261218 0.0228679
 1.08096e-16 1.44317e-05 8.46528e-05 0.000402298 0.0015487 0.00482931 0.0121988 0.0249629 0.0413886 0.0556133 0.0605962 0.0536356 0.0387991 0.0234619 0.01292 0.0083137 0.00822649 0.0109289 0.0153264 0.0208324 0.0269996 0.0333174 0.039197 0.0440593 0.0474539 0.0491518 0.0491805 0.047787 0.0453484 0.0422633 0.0388622 0.0353625 0.0318706 0.0284174 0.0250043 0.0216413
 1.07328e-16 1.89482e-05 0.000111177 0.000528419 0.00203433 0.00634375 0.016024 0.0327888 0.0543572 0.0730187 0.0795074 0.0702469 0.0505378 0.0300058 0.015523 0.00848595 0.00693257 0.00851722 0.01179 0.0160609 0.0209314 0.0260174 0.030885 0.0350994 0.0383064 0.0403 0.0410499 0.0406795 0.0394075 0.037477 0.0350975 0.0324172 0.0295268 0.026483 0.0233367 0.0201526
 1.06795e-16 1.61927e-05 9.49912e-05 0.000451448 0.00173794 0.00541945 0.0136894 0.0280128 0.0464437 0.062401 0.0679793 0.0601402 0.043438 0.0261341 0.0141505 0.00874057 0.00828674 0.0108241 0.0151116 0.0204971 0.0265078 0.0326228 0.0382488 0.0428073 0.0458539 0.0471716 0.0468065 0.0450289 0.0422425 0.0388721 0.0352716 0.0316747 0.0281956 0.0248628 0.0216665 0.0185976
 1.06961e-16 1.69329e-05 9.93414e-05 0.000472139 0.00181762 0.00566794 0.014317 0.0292966 0.0485703 0.0652526 0.0710711 0.0628404 0.0453123 0.0271101 0.0144052 0.0084829 0.00762779 0.00977154 0.0136232 0.0185361 0.0240834 0.0298135 0.0352097 0.039758 0.0430477 0.044853 0.0451658 0.0441678 0.0421584 0.0394655 0.0363721 0.0330779 0.0297007 0.0263024 0.0229235 0.0196096
 1.07374e-16 1.53497e-05 9.00436e-05 0.00042793 0.00164739 0.00513709 0.0129762 0.0265534 0.0440243 0.059151 0.0644408 0.0570146 0.0411912 0.0248042 0.0134713 0.0083865 0.00802424 0.0105313 0.0147416 0.0200465 0.0260059 0.0321298 0.037854 0.0426206 0.0459905 0.0477326 0.047858 0.0465872 0.0442673 0.0412714 0.037915 0.0344134 0.0308834 0.027374 0.023908 0.0205141
 1.08016e-16 1.51865e-05 8.90877e-05 0.00042339 0.00162992 0.00508261 0.0128385 0.0262716 0.0435566 0.0585212 0.0637508 0.0563951 0.0407239 0.0244836 0.0132271 0.00812995 0.00767829 0.010038 0.0140617 0.0191626 0.0249299 0.0309109 0.0365808 0.0414148 0.0449914 0.0470746 0.0476476 0.0468834 0.0450724 0.0425322 0.0395343 0.036268 0.0328436 0.0293207 0.0257444 0.0221718
 1.07913e-16 1.63562e-05 9.59562e-05 0.000456046 0.00175566 0.00547473 0.013829 0.028298 0.046915 0.0630295 0.0686518 0.0607062 0.0437839 0.0262169 0.0139696 0.00828778 0.00751935 0.00967104 0.0134993 0.0183806 0.023901 0.0296206 0.0350346 0.0396408 0.0430381 0.0450057 0.0455341 0.0447961 0.0430753 0.0406786 0.0378646 0.034809 0.031609 0.0283115 0.0249506 0.0215738
 1.06172e-16 2.1173e-05 0.000124239 0.000590516 0.00227342 0.00708935 0.0179073 0.0366422 0.0607442 0.0815949 0.0888366 0.0784676 0.0564042 0.0333922 0.0170953 0.00905384 0.00705165 0.00844474 0.0115957 0.0157271 0.0204027 0.0252187 0.029731 0.033504 0.0361949 0.0376228 0.0377956 0.0368833 0.035154 0.0328944 0.0303456 0.0276698 0.024953 0.0222292 0.0195142 0.0168305
 1.04523e-16 2.12861e-05 0.000124898 0.000593636 0.00228541 0.00712673 0.0180018 0.036836 0.0610668 0.0820327 0.0893247 0.0789261 0.0567932 0.0337415 0.0174918 0.00961139 0.00788868 0.00967223 0.0133044 0.0179672 0.023158 0.028385 0.0331078 0.0368066 0.0390897 0.0397774 0.0389343 0.0368338 0.0338735 0.030471 0.026976 0.0236221 0.0205235 0.0177035 0.0151374 0.0127899
 1.03693e-16 2.25098e-05 0.000132083 0.0006278 0.00241695 0.00753695 0.019038 0.0389559 0.0645803 0.0867492 0.0944522 0.0834369 0.0599961 0.0355579 0.0182748 0.00978824 0.00774364 0.00932511 0.012777 0.0172456 0.0222268 0.027242 0.0317692 0.0353055 0.0374694 0.038083 0.037203 0.0350889 0.0321229 0.0287111 0.025199 0.0218247 0.0187129 0.0159006 0.0133751 0.0111087
 1.0322e-16 2.35613e-05 0.000138257 0.000657151 0.00252997 0.00788938 0.0199282 0.0407773 0.0675989 0.0908018 0.0988587 0.0873154 0.062754 0.0371302 0.0189678 0.00997339 0.00766973 0.00909921 0.0124199 0.0167432 0.021558 0.0263909 0.0307297 0.0340834 0.0360817 0.036555 0.0355657 0.0333756 0.0303676 0.0269469 0.0234587 0.0201401 0.0171144 0.0144157 0.012027 0.00991382
 1.03588e-16 1.98618e-05 0.000116532 0.000553854 0.00213222 0.00664901 0.0167952 0.0343675 0.0569766 0.0765442 0.0833644 0.073698 0.0531145 0.0317232 0.0167526 0.00969485 0.00851612 0.0107633 0.0148909 0.0201075 0.0258818 0.0316616 0.036832 0.0408012 0.0431241 0.0435992 0.0423067 0.0395683 0.0358526 0.0316558 0.0274 0.0233756 0.0197333 0.0165135 0.013692 0.0112222
 1.04338e-16 2.02149e-05 0.000118609 0.000563738 0.0021703 0.00676775 0.0170951 0.0349807 0.0579917 0.0779035 0.0848331 0.0749683 0.0539692 0.0321122 0.0167373 0.00934349 0.00784265 0.00972893 0.0134375 0.0181954 0.0235206 0.0289319 0.0338922 0.0378771 0.0404795 0.0414942 0.0409519 0.0390891 0.0362695 0.0328869 0.0292828 0.0256998 0.0222772 0.0190748 0.0161091 0.0133838
 1.04837e-16 1.90957e-05 0.000112036 0.000532487 0.00204996 0.0063925 0.0161472 0.0330415 0.0547781 0.0735899 0.0801451 0.0708475 0.0510508 0.0304721 0.0160592 0.00924533 0.00807542 0.010195 0.0141279 0.0191294 0.0247117 0.0303708 0.0355416 0.0396739 0.0423445 0.0433461 0.0427221 0.0407326 0.0377697 0.0342529 0.0305399 0.0268788 0.0234036 0.0201624 0.0171576 0.0143813
 1.04002e-16 2.47284e-05 0.000145114 0.000689762 0.00265555 0.00828101 0.0209173 0.0428007 0.0709513 0.0952987 0.103738 0.0915867 0.0657398 0.0387283 0.0194743 0.00974021 0.00689835 0.00782747 0.0105989 0.0143155 0.0185122 0.0227934 0.0267375 0.0299356 0.0320705 0.0329812 0.0326898 0.0313763 0.029318 0.0268136 0.0241191 0.0214135 0.0187967 0.0163092 0.0139617 0.0117596
 1.03382e-16 2.1871e-05 0.00012833 0.000609948 0.00234821 0.00732257 0.0184965 0.0378483 0.0627453 0.0842881 0.0917826 0.0811024 0.0583691 0.0346972 0.0180223 0.00995672 0.00822898 0.0101127 0.0138978 0.018731 0.0240771 0.0294073 0.0341428 0.0377314 0.0397624 0.0400585 0.0387093 0.0360325 0.032482 0.028533 0.0245851 0.0209069 0.0176293 0.0147747 0.0123032 0.0101544
 1.03691e-16 2.12776e-05 0.000124847 0.000593396 0.00228448 0.00712384 0.0179945 0.0368211 0.0610423 0.0819999 0.0892898 0.0788972 0.0567766 0.0337401 0.0175071 0.00964616 0.00794911 0.00976814 0.0134484 0.0181731 0.0234387 0.0287495 0.0335575 0.0373327 0.0396696 0.0403741 0.0394976 0.0373041 0.0341881 0.0305726 0.0268212 0.0231893 0.0198169 0.0167542 0.0139994 0.0115329
 1.03463e-16 2.4199e-05 0.000142004 0.000674969 0.00259858 0.00810335 0.0204686 0.0418828 0.0694306 0.0932591 0.101526 0.0896518 0.064391 0.0380141 0.0192636 0.00987791 0.00729868 0.00847956 0.0115308 0.0155574 0.0200697 0.0246319 0.0287755 0.0320489 0.0341067 0.0347829 0.0341194 0.0323378 0.0297694 0.0267687 0.0236387 0.0205906 0.0177388 0.015123 0.0127417 0.0105812
 1.03198e-16 2.26939e-05 0.000133163 0.000632928 0.00243669 0.0075985 0.0191935 0.0392742 0.0651082 0.0874594 0.0952281 0.0841288 0.0605074 0.0358886 0.0184949 0.0099854 0.00798919 0.00966768 0.0132464 0.0178536 0.0229636 0.0280711 0.0326262 0.0361029 0.0381075 0.0384659 0.0372555 0.0347699 0.0314324 0.0276893 0.023918 0.0203754 0.0171913 0.0143948 0.0119572 0.00982959
 1.03879e-16 1.90592e-05 0.000111819 0.000531449 0.00204596 0.00638 0.0161157 0.0329772 0.0546723 0.0734503 0.0799995 0.0707342 0.0510025 0.0305101 0.0162008 0.00951584 0.00851399 0.0108503 0.0150465 0.0203413 0.026214 0.0321154 0.0374294 0.0415604 0.0440558 0.0447044 0.043574 0.0409735 0.0373592 0.0332174 0.0289646 0.0248905 0.0211506 0.0177947 0.0148109 0.0121665
pSPR Fmed_Fpbrs
0.772006   0.255595 0.255595
Fs Fmed_Fpbrs
0.130599   1.005 1.005
SSBpbr Bo_Bmed_Bpbrs
1.8799e+06  1.3573e+06  386499 386499
Ro
76115
SPR SPRFo_SPRFmed_SPRFpbrs
1.56514e+06 1.2083e+06 400041
log_Ro
11.06
likeval ReclasPelacesDesembMPH_pf_preclas_ppelaces_ptallas_desvR_qrecl_qpela
 274.732 43.4627 0.258218 0.00142083 348.538 226.225 82.2549 0 17.7287 0 0 0 0 0 0
q_reclas_q_pelaces
1 1
M
0.7
N
 179317 45251.9 22471.4 11159 11007.6
 127570 86011.9 20966 10411.4 10270.2
 95098.2 61200 39863.2 9716.93 9585.11
 93741.1 44345.1 26798.1 17455.2 8451.93
 123426 45937.8 21445.3 12959.6 12528.7
 100662 61061 22640.8 10569.5 12562.1
 141021 47297.2 27146.4 10065.6 10283.8
 122476 67516.4 21831.8 12530.4 9393.04
 119788 56035 28459.8 9202.64 9241.29
 95163.1 53716 22690.7 11524.5 7468.65
 70608.4 42776.1 21856.2 9232.51 7728.01
 50813.5 27276.9 12855.4 6568.38 5097.1
 51019.6 19844.7 8377.86 3948.41 3582.95
 33886.9 18132.9 5047.92 2131.09 1915.76
 23551.6 10089.8 3237.25 901.199 722.478
 24502.9 8135.63 2424.54 777.898 390.163
 22986.7 10584.8 3057.22 911.097 438.936
 26697 10308.2 4286.5 1238.07 546.719
 28852.6 12388 4469.55 1858.59 773.871
 55200 13511 5470.31 1973.68 1162.45
 70226 25921.1 5999.62 2429.11 1392.61
 93883.8 33979.4 12220.7 2828.56 1801.77
 165114 45021.6 15735.5 5659.27 2144.26
 232257 78827.2 20663.8 7222.22 3581.63
 246628 111530 36604.4 9595.49 5016.9
pred_Ctot
 4403.45 2188.99 1087.02 539.797 532.474
 3118.78 4142.49 1009.76 501.432 494.629
 4185 5241.24 3413.94 832.169 820.88
 887.898 835.168 504.699 328.741 159.178
 333.86 248.105 115.824 69.9933 67.6663
 3908.06 4628.4 1716.16 801.163 952.202
 3646.82 2407.4 1381.74 512.334 523.44
 6962.26 7408.98 2395.74 1375.04 1030.76
 8403.89 7525.2 3822 1235.86 1241.06
 6526.16 7058.59 2981.69 1514.38 981.424
 11440.2 12499.2 6386.38 2697.74 2258.12
 7912.41 7692 3625.18 1852.26 1437.36
 10633.3 7230.64 3052.57 1438.65 1305.49
 10047.3 8844.07 2462.05 1039.41 934.384
 5263.8 3902.2 1252 348.536 279.417
 2311.03 1446.33 431.028 138.293 69.3621
 1612.12 1421.02 410.436 122.316 58.9277
 1264 947.8 394.127 113.836 50.2687
 1186.86 993.47 358.442 149.052 62.0617
 2165.43 1034.56 418.868 151.127 89.0101
 1296.37 946.163 218.996 88.6665 50.8325
 2321.46 1654.92 595.189 137.761 87.7526
 4595.71 2463.43 860.994 309.656 117.327
 5520.75 3692.79 968.028 338.336 167.787
 4609.61 4121.29 1352.61 354.574 185.385
F
 0.034672 0.069344 0.069344 0.069344 0.069344
 0.0345157 0.0690314 0.0690314 0.0690314 0.0690314
 0.0629079 0.125816 0.125816 0.125816 0.125816
 0.0132479 0.0264957 0.0264957 0.0264957 0.0264957
 0.00376751 0.00753501 0.00753501 0.00753501 0.00753501
 0.0553141 0.110628 0.110628 0.110628 0.110628
 0.0365422 0.0730844 0.0730844 0.0730844 0.0730844
 0.0819382 0.163876 0.163876 0.163876 0.163876
 0.102011 0.204021 0.204021 0.204021 0.204021
 0.0996125 0.199225 0.199225 0.199225 0.199225
 0.251109 0.502218 0.502218 0.502218 0.502218
 0.240224 0.480448 0.480448 0.480448 0.480448
 0.33448 0.66896 0.66896 0.66896 0.66896
 0.511503 1.02301 1.02301 1.02301 1.02301
 0.362942 0.725884 0.725884 0.725884 0.725884
 0.139373 0.278747 0.278747 0.278747 0.278747
 0.101975 0.203949 0.203949 0.203949 0.203949
 0.0678265 0.135653 0.135653 0.135653 0.135653
 0.0586942 0.117388 0.117388 0.117388 0.117388
 0.0559058 0.111812 0.111812 0.111812 0.111812
 0.0259644 0.0519288 0.0519288 0.0519288 0.0519288
 0.0349161 0.0698322 0.0698322 0.0698322 0.0698322
 0.0393799 0.0787598 0.0787598 0.0787598 0.0787598
 0.0335447 0.0670893 0.0670893 0.0670893 0.0670893
 0.0262924 0.0525849 0.0525849 0.0525849 0.0525849
YTP_r0W_actual
 51627.6 90668.5 44636.2 14573 7934.5
YTP_p0W_proyectada
 223610 1.23125e+06 790716 338532 149159
 223610 279054 326299 187494 83084.6
CTP_r0_actual
 4609.61 4121.29 1352.61 354.574 185.385
CTP_p0_proyectada
 26307.1 57535.1 25343.5 8317.75 3207.71
 26307.1 13039.9 10458.3 4606.74 1786.77
Wmedp
 8.5 21.4 31.2 40.7 46.5
nmprior
 10.6 11 7 0
nm_flota  nm_reclas  nm_pelaces    nm_pelaL
inf 10.0268 14.0486 31.0402
cv_recla  cv_pelaces  cv_mph
1.49927 0.747533 1.22295
 ------------------------------------------------
Talla a la edad & desviaci?n 
 7.2 14.2025 17.0495 18.207 18.6776
 1.08 2.13037 2.55742 2.73105 2.80164
