years
 1997 1998 1999 2000 2001 2002 2003 2004 2005 2006 2007 2008 2009 2010 2011 2012 2013 2014 2015 2016 2017 2018 2019 2020 2021
reclasobs
 0 0 0 370054 412103 1.49427e+06 250295 1.28982e+06 931140 785840 897777 1.04006e+06 184774 17550 25797 100020 73551 82996 120727 218422 84188 347160 605670 569463 516374
reclaspred
 557949 138557 352016 224232 352912 432325 938384 651263 740163 776250 655942 444305 275331 114582 67908.2 66329.6 80616.5 105754 113536 156545 236456 221963 377209 457982 515398
pelacesobs
 0 0 0 0 0 0 0 0 0 2.06254e+06 1.5e+06 0 1.87456e+06 323000 250000 174000 83755 137374 0 501740 490994 745055 786931 1.00524e+06 1.33801e+06
pelacespred
 2.14827e+06 474020 696903 718895 1.006e+06 921524 2.55726e+06 2.01696e+06 2.12802e+06 2.2271e+06 1.59459e+06 1.12857e+06 707836 228446 143500 147744 188207 256764 271748 378082 658338 576115 771093 1.12426e+06 1.21801e+06
mphobs
 0 0 0 0 0 112323 0 153150 637223 0 255016 313432 73983 77613 109348 50772 0 0 0 0 0 0 0 0 0
mphpred
 198257 107526 115230 109381 118676 199621 281010 349291 302652 326283 348630 238931 147768 77940.2 32969.9 26482.3 30854.8 40288.7 49175.3 56458.1 85786.1 105304 130246 181056 236642
desembarqueobs
 350755 77701 442110 56441 14545 235359 269955 359681 431902 328805 639364 411747 362871 311530 167758 66681 60226 58785 57116 73181 50977 67692 138656 160484 209506
desembarquepred
 350763 77697.4 442054 56442.7 14545.4 235420 270005 359641 431908 328792 639218 411745 362908 311575 167562 66669 60244.6 58771.1 57097.3 73174 50977.6 67678 138653 160488 209501
Reclutas
 37247.5 46431.2 22022.7 32662 61632.7 42162.9 78808 77019.3 100781 122570 63937.3 45218.6 48351.1 25536 14838.2 13992.1 10179.7 11334 12824.5 20617.4 26535.5 33867.7 53278.2 59795.2 23571.9
log_desv_Rt
 0.0653412 0.285728 -0.460169 -0.0660326 0.568948 0.189297 0.81477 0.791811 1.0607 1.25644 0.605658 0.259265 0.326245 -0.312156 -0.855043 -0.913753 -1.23185 -1.12444 -1.00089 -0.526109 -0.273761 -0.0297815 0.423282 0.53868 -0.392188
SSB
 526115 285341 305785 290265 314929 529735 745717 926912 803146 865856 925158 634051 392133 206830 87492.2 70276 81879.2 106914 130496 149823 227650 279445 345633 480468 627977
BT
 1.6528e+06 421757 679136 504047 638671 742481 1.79927e+06 1.65005e+06 1.73144e+06 1.70202e+06 1.54928e+06 1.06964e+06 793557 431606 227715 146959 165517 207086 215107 293967 451616 413801 567729 823392 902349
Ftot
 0.604247 0.575185 1.00569 0.236895 0.0438891 0.416921 0.27896 0.518455 0.586294 0.421887 0.777124 0.742069 1.19962 2.18846 2.40301 0.994751 0.717291 0.523911 0.436052 0.455865 0.204623 0.260773 0.314543 0.312449 0.302841
BD_Bspro_t
 0.926321 0.672419 0.58904 0.398337 0.546005 0.72201 0.665102 0.683118 0.616212 0.588067 0.573761 0.408047 0.30204 0.206436 0.110453 0.109259 0.168292 0.273341 0.369962 0.462826 0.593733 0.701324 0.710385 0.713923 0.708943
BD_Bspro
 0.733294 0.397705 0.4262 0.404568 0.438945 0.738339 1.03937 1.29192 1.11942 1.20682 1.28947 0.883734 0.54655 0.288277 0.121946 0.09795 0.114122 0.149016 0.181884 0.208821 0.317297 0.389487 0.481739 0.669671 0.875268
BD_Bo
 0.594466 0.322411 0.345511 0.327975 0.355843 0.598555 0.842597 1.04733 0.907487 0.978344 1.04535 0.716424 0.443077 0.2337 0.0988587 0.079406 0.0925166 0.120804 0.14745 0.169287 0.257226 0.315749 0.390536 0.542888 0.709561
BD_Brms
 2.00117 1.08534 1.16311 1.10407 1.19789 2.01494 2.83647 3.52567 3.05491 3.29344 3.519 2.41173 1.49155 0.786713 0.332792 0.267307 0.311442 0.406666 0.496366 0.569878 0.865908 1.06292 1.31468 1.82754 2.38862
S_f
 0.155967 1 1 1 1
 0.155967 1 1 1 1
 0.155967 1 1 1 1
 0.155967 1 1 1 1
 0.155967 1 1 1 1
 0.155967 1 1 1 1
 0.155967 1 1 1 1
 0.155967 1 1 1 1
 0.155967 1 1 1 1
 0.155967 1 1 1 1
 0.155967 1 1 1 1
 0.155967 1 1 1 1
 0.155967 1 1 1 1
 0.155967 1 1 1 1
 0.155967 1 1 1 1
 0.155967 1 1 1 1
 0.155967 1 1 1 1
 0.155967 1 1 1 1
 0.155967 1 1 1 1
 0.155967 1 1 1 1
 0.155967 1 1 1 1
 0.155967 1 1 1 1
 0.155967 1 1 1 1
 0.155967 1 1 1 1
 0.155967 1 1 1 1
Scru_reclas
 0.734041 1 1 1 1
 0.734041 1 1 1 1
 0.734041 1 1 1 1
 0.734041 1 1 1 1
 0.734041 1 1 1 1
 0.734041 1 1 1 1
 0.734041 1 1 1 1
 0.734041 1 1 1 1
 0.734041 1 1 1 1
 0.734041 1 1 1 1
 0.734041 1 1 1 1
 0.734041 1 1 1 1
 0.734041 1 1 1 1
 0.734041 1 1 1 1
 0.734041 1 1 1 1
 0.734041 1 1 1 1
 0.734041 1 1 1 1
 0.734041 1 1 1 1
 0.734041 1 1 1 1
 0.734041 1 1 1 1
 0.734041 1 1 1 1
 0.734041 1 1 1 1
 0.734041 1 1 1 1
 0.734041 1 1 1 1
 0.734041 1 1 1 1
Scru_pelaces
 0.901656 1 1 1 1
 0.901656 1 1 1 1
 0.901656 1 1 1 1
 0.901656 1 1 1 1
 0.901656 1 1 1 1
 0.901656 1 1 1 1
 0.901656 1 1 1 1
 0.901656 1 1 1 1
 0.901656 1 1 1 1
 0.901656 1 1 1 1
 0.901656 1 1 1 1
 0.901656 1 1 1 1
 0.901656 1 1 1 1
 0.901656 1 1 1 1
 0.901656 1 1 1 1
 0.901656 1 1 1 1
 0.901656 1 1 1 1
 0.901656 1 1 1 1
 0.901656 1 1 1 1
 0.901656 1 1 1 1
 0.901656 1 1 1 1
 0.901656 1 1 1 1
 0.901656 1 1 1 1
 0.901656 1 1 1 1
 0.901656 1 1 1 1
pf_obs 
 0.256992 0.487395 0.22802 0.0275931 0
 0.321318 0.546541 0.124235 0.00734118 0.000564706
 0.182869 0.594174 0.210203 0.0122559 0.00049798
 0.330522 0.361315 0.267642 0.0388342 0.00168674
 0.649043 0.306663 0.0425973 0.00169635 0
 0.582887 0.30429 0.105238 0.00758474 0
 0.465427 0.430635 0.0974691 0.00646863 0
 0.296916 0.608066 0.0921331 0.00288517 0
 0.311714 0.524322 0.152257 0.0117073 0
 0.15457 0.633149 0.183074 0.0267441 0.00246327
 0.131901 0.49318 0.331252 0.0422183 0.00144891
 0.196976 0.569456 0.194076 0.0375587 0.00193317
 0.518974 0.381816 0.0799577 0.0180837 0.00116848
 0.0928022 0.601141 0.25162 0.0475244 0.00691264
 0.122501 0.610282 0.24278 0.0234846 0.000952079
 0.383417 0.481906 0.127806 0.00687128 0
 0.0376549 0.599619 0.316969 0.0457579 0
 0.0361596 0.667082 0.258105 0.0386534 0
 0.158088 0.579412 0.248529 0.0139706 0
 0.0477256 0.309471 0.559284 0.082774 0.000745712
 0.0406174 0.521527 0.379366 0.0568643 0.0016247
 0.151134 0.462217 0.34131 0.0453401 0
 0.294876 0.26143 0.354403 0.0886775 0.000613685
 0.281977 0.475581 0.204845 0.0348837 0.00271318
 0.0841818 0.532909 0.334909 0.0458182 0.00218182
pf_pred 
 0.291279 0.496991 0.189017 0.0227029 9.30096e-06
 0.291157 0.553143 0.109185 0.0415255 0.00498966
 0.150671 0.66049 0.14736 0.0290873 0.0123919
 0.28009 0.471557 0.193135 0.0430897 0.012129
 0.315241 0.504324 0.118188 0.0484063 0.0138397
 0.158597 0.631764 0.154399 0.0361835 0.0190567
 0.29264 0.422217 0.214098 0.0523242 0.0187203
 0.224529 0.583244 0.114738 0.0581815 0.0193065
 0.278496 0.508969 0.159851 0.0314467 0.0212373
 0.271947 0.558963 0.119281 0.0374624 0.0123469
 0.145651 0.637601 0.166409 0.0355111 0.0148287
 0.166578 0.514512 0.238002 0.0621167 0.0187907
 0.266297 0.476871 0.158555 0.0733441 0.0249329
 0.235897 0.620606 0.0932663 0.0310102 0.019221
 0.307455 0.60148 0.0739628 0.0111153 0.00598648
 0.35505 0.590599 0.047204 0.00580458 0.00134214
 0.226006 0.661119 0.103363 0.00826138 0.00125078
 0.255135 0.542312 0.173014 0.02705 0.00248931
 0.249896 0.55481 0.142187 0.0453619 0.00774482
 0.315551 0.496542 0.138985 0.0356191 0.0133037
 0.269029 0.575234 0.112981 0.0316241 0.0111317
 0.247365 0.543728 0.164398 0.0322894 0.0122193
 0.288937 0.501246 0.151578 0.0458303 0.012408
 0.237605 0.573357 0.133258 0.0402976 0.0154829
 0.0920593 0.63478 0.20543 0.0477454 0.0199858
pobs_RECLAS
 0 0 0 0 0
 0 0 0 0 0
 0 0 0 0 0
 0 0 0 0 0
 0.835266 0.146461 0.0176864 0.000547809 3.91292e-05
 0.385257 0.428462 0.181853 0.0044286 0
 0.867414 0.0963971 0.0333333 0.00285562 0
 0.441836 0.489002 0.0689373 0.000224442 0
 0.779404 0.147425 0.0564933 0.0165055 0.000172143
 0.814271 0.122319 0.05973 0.00367925 0
 0.40263 0.566651 0.0304383 0.000280538 0
 0.475488 0.404961 0.113038 0.00651328 0
 0.955842 0.0263864 0.0167828 0.000988607 0
 0.975058 0.0227948 0.00214734 0 0
 0.738997 0.206755 0.0527124 0.00153531 0
 0.850938 0.134255 0.0134407 0.00136685 0
 0.542534 0.407297 0.0501686 0 0
 0.764087 0.199537 0.0359546 0.000420521 0
 0.470689 0.182191 0.310203 0.0369168 0
 0.84361 0.089868 0.0606195 0.00523954 0.000663233
 0.607945 0.314616 0.071237 0.00620181 0
 0.523733 0.453247 0.0230204 0 0
 0.530135 0.295979 0.169645 0.0042399 0
 0.562478 0.366248 0.0663022 0.0049721 0
 0.250443 0.683176 0.0655157 0.000865301 0
ppred_RECLAS
 0.668962 0.232141 0.0882886 0.0106043 4.34441e-06
 0.668223 0.258901 0.0511044 0.0194362 0.00233544
 0.476911 0.406786 0.0907568 0.0179144 0.00763196
 0.64992 0.22931 0.0939182 0.0209538 0.00589811
 0.684691 0.232225 0.054422 0.0222895 0.00637274
 0.476865 0.392793 0.0959964 0.0224968 0.0118483
 0.664411 0.20031 0.101573 0.0248239 0.00888136
 0.585475 0.311771 0.061333 0.0311007 0.0103202
 0.654535 0.2437 0.0765386 0.015057 0.0101687
 0.643764 0.2735 0.058364 0.0183303 0.00604133
 0.460374 0.402723 0.105108 0.0224296 0.00936615
 0.499117 0.30922 0.143038 0.0373319 0.0112931
 0.656769 0.223083 0.0741732 0.0343109 0.0116638
 0.658152 0.27765 0.041726 0.0138735 0.0085992
 0.743145 0.22308 0.0274318 0.00412252 0.0022203
 0.73859 0.23938 0.0191326 0.0023527 0.000543995
 0.592169 0.348355 0.0544639 0.00435306 0.000659057
 0.625704 0.272513 0.0869396 0.0135927 0.00125088
 0.617395 0.282992 0.0725253 0.0231377 0.0039504
 0.69105 0.224131 0.0627355 0.0160779 0.00600508
 0.636687 0.285907 0.0561549 0.015718 0.00553277
 0.611025 0.281008 0.084964 0.0166877 0.00631518
 0.660971 0.23899 0.0722714 0.0218515 0.00591602
 0.599208 0.301414 0.0700539 0.0211845 0.00813935
 0.327079 0.470467 0.152254 0.0353866 0.0148125
pobs_PELACES
 0 0 0 0 0
 0 0 0 0 0
 0 0 0 0 0
 0 0 0 0 0
 0 0 0 0 0
 0 0 0 0 0
 0 0 0 0 0
 0 0 0 0 0
 0 0 0 0 0
 0 0 0 0 0
 0.450072 0.473896 0.0757376 0.000293798 0
 0 0 0 0 0
 0.463077 0.371075 0.160297 0.00555027 0
 0.529543 0.364841 0.0842815 0.0213345 0
 0.631943 0.363953 0.00410389 0 0
 0.735681 0.248677 0.0153453 0.000297389 0
 0.695825 0.281241 0.0229344 0 0
 0.275771 0.60734 0.115278 0.00161068 0
 0 0 0 0 0
 0.896147 0.0623911 0.0374545 0.00400742 0
 0.803859 0.145111 0.0509908 3.86294e-05 0
 0.739449 0.233085 0.0266225 0.000797448 4.60066e-05
 0.878498 0.100942 0.0204185 0.000141795 0
 0.694673 0.275183 0.0284847 0.00165964 0
 0.469039 0.446079 0.0841089 0.000773354 0
ppred_PELACES
 0.746014 0.178108 0.0677387 0.00813609 3.33321e-06
 0.743842 0.199892 0.0394566 0.0150063 0.00180314
 0.597092 0.313326 0.0699052 0.0137985 0.0058785
 0.70896 0.190638 0.0780791 0.01742 0.00490341
 0.72974 0.199046 0.0466465 0.0191049 0.00546224
 0.557048 0.332589 0.0812828 0.0190486 0.0100323
 0.724398 0.164505 0.0834169 0.0203866 0.00729381
 0.667159 0.250335 0.049247 0.0249721 0.00828656
 0.73263 0.18861 0.0592367 0.0116533 0.00786999
 0.714005 0.219573 0.046856 0.014716 0.00485012
 0.565443 0.32431 0.0846423 0.0180624 0.00754248
 0.600806 0.246442 0.113999 0.0297528 0.00900041
 0.766513 0.151755 0.0504571 0.0233403 0.00793441
 0.813101 0.151799 0.0228128 0.00758505 0.00470143
 0.874062 0.109378 0.01345 0.00202131 0.00108863
 0.820743 0.16415 0.0131198 0.00161332 0.000373034
 0.685335 0.268776 0.0420221 0.00335864 0.000508501
 0.703793 0.215659 0.0688016 0.0107569 0.000989915
 0.691177 0.228419 0.0585394 0.0186758 0.0031886
 0.757252 0.176104 0.0492925 0.0126327 0.0047183
 0.695016 0.240005 0.0471393 0.0131945 0.0046445
 0.674788 0.234943 0.0710361 0.0139522 0.00527995
 0.723302 0.195051 0.0589841 0.0178341 0.00482834
 0.667048 0.250396 0.0581963 0.0175987 0.00676165
 0.393791 0.423826 0.13716 0.0318784 0.013344
pobs_pel_tallas
 0 0 0 0 0 0 0 0 0 0 0 0 0 0 0 0 0 0 0 0 0 0 0 0 0 0 0 0 0 0 0 0 0 0 0 0
 0 0 0 0 0 0 0 0 0 0 0 0 0 0 0 0 0 0 0 0 0 0 0 0 0 0 0 0 0 0 0 0 0 0 0 0
 0 0 0 0 0 0 0 0 0 0 0 0 0 0 0 0 0 0 0 0 0 0 0 0 0 0 0 0 0 0 0 0 0 0 0 0
 0 0 0 0 0 0 0 0 0 0 0 0 0 0 0 0 0 0 0 0 0 0 0 0 0 0 0 0 0 0 0 0 0 0 0 0
 0 0 0 0 0 0 0 0 0 0 0 0 0 0 0 0 0 0 0 0 0 0 0 0 0 0 0 0 0 0 0 0 0 0 0 0
 0 0 0 0 0 0 0 0 0 0 0 0 0 0 0 0 0 0 0 0 0 0 0 0 0 0 0 0 0 0 0 0 0 0 0 0
 0 0 0 0 0 0 0 0 0 0 0 0 0 0 0 0 0 0 0 0 0 0 0 0 0 0 0 0 0 0 0 0 0 0 0 0
 0 0 0 0 0 0 0 0 0 0 0 0 0 0 0 0 0 0 0 0 0 0 0 0 0 0 0 0 0 0 0 0 0 0 0 0
 0 0 0 0 0 0 0 0 0 0 0 0 0 0 0 0 0 0 0 0 0 0 0 0 0 0 0 0 0 0 0 0 0 0 0 0
 0 0 0 0 0 0 0 0 0 0 0 0 0 0 0 0 0 0 0 0 0 0 0 0 0 0 0 0 0 0 0 0 0 0 0 0
 0 0 0 0 0 0 0 0 1.78061e-05 0.00172719 0.00360574 0.0105946 0.0120993 0.0124554 0.0147524 0.0171206 0.0266825 0.0428682 0.0675386 0.121331 0.153587 0.119568 0.100827 0.0573624 0.0630603 0.0341343 0.0324427 0.0444173 0.0211091 0.0280891 0.0125444 0.00206551 0 0 0 0
 0 0 0 0 0 0 0 0 0 0 0 0 0 0 0 0 0 0 0 0 0 0 0 0 0 0 0 0 0 0 0 0 0 0 0 0
 0 0 0 0 0 0 0.0133647 0.0140871 0.0187388 0.0205184 0.03894 0.0496705 0.03968 0.0493445 0.0407372 0.0367815 0.0215668 0.0243155 0.0234873 0.0199281 0.019796 0.0243948 0.0301388 0.0376714 0.0412746 0.0863199 0.0771752 0.113111 0.0741005 0.0525337 0.0229764 0.00759418 0.00175318 0 0 0
 0 0 0 0 0 0 0 0 0 0 0.00219441 0.00772107 0.0458388 0.0604681 0.0671733 0.0775358 0.0609151 0.0617685 0.073594 0.0568108 0.0755445 0.0548602 0.0670107 0.0636378 0.0643287 0.046367 0.0373049 0.0286899 0.0247887 0.0153202 0.00654259 0.00121912 0.000365735 0 0 0
 0 0 0 0 0 0 0 0 0 0 0 0 0.000112435 0.00938835 0.0111873 0.0202946 0.0414886 0.0713402 0.111592 0.104902 0.108894 0.110636 0.117776 0.105296 0.107544 0.0401394 0.0192827 0.0124803 0.00416011 0.0028671 0.000618394 0 0 0 0 0
 0 0 0 0 0 0 0 0 0 0 0.00291406 0.0102884 0.027416 0.0768956 0.0749926 0.110853 0.0956884 0.0897413 0.0766577 0.0534642 0.0500743 0.0551293 0.0594112 0.0620874 0.0668451 0.0424026 0.0208742 0.0120726 0.0048766 0.00582813 0.00118941 0.000297354 0 0 0 0
 0 0.00264628 0.0354308 0.0461629 0.0458689 0.0383711 0.0214643 0.0164657 0.0346957 0.0420465 0.0363128 0.0245516 0.0311673 0.0291091 0.0169068 0.0133784 0.00837989 0.0085269 0.0148486 0.0160247 0.0276389 0.0546898 0.0760071 0.122758 0.109233 0.0665981 0.0333725 0.0166128 0.00676272 0.00308733 0.000882094 0 0 0 0 0
 0 0 0 0 0 0 0 0.000805153 0.000690131 0.00759144 0.0133425 0.0154129 0.00931677 0.000345066 0.00356568 0.00563607 0.00851162 0.0253048 0.0502646 0.0516448 0.0657925 0.0565908 0.0611916 0.0827007 0.0866115 0.110766 0.145733 0.0935128 0.0569358 0.0249597 0.0138026 0.00621118 0.00161031 0.00115022 0 0
 0 0 0 0 0 0 0 0 0 0 0 0 0 0 0 0 0 0 0 0 0 0 0 0 0 0 0 0 0 0 0 0 0 0 0 0
 0.00147267 0.00158595 0.00478618 0.00569244 0.00954404 0.0108468 0.00647125 0.017049 0.0510054 0.094081 0.124002 0.0959785 0.0687766 0.0820023 0.061753 0.0591476 0.0492212 0.0479892 0.0443925 0.0268479 0.0217502 0.0140895 0.0121071 0.0120363 0.00920419 0.00665534 0.0049561 0.00860946 0.00930331 0.0156896 0.0114698 0.00855282 0.00243557 0.00046729 0 2.83206e-05
 0 0 0 0 0.000772559 0.00158375 0.000888443 0.00281984 0.00712685 0.0440552 0.0773331 0.111326 0.0921469 0.0852325 0.0710754 0.0886704 0.0786465 0.0553345 0.0373146 0.0185414 0.00753245 0.00457741 0.012979 0.0271748 0.0457355 0.0583668 0.034881 0.0177882 0.00938659 0.00492506 0.0015258 0.00185414 0.000309023 5.79419e-05 3.86279e-05 0
 0 0.00173294 0.00326652 0 0.00397197 0.00683976 0.00946217 0.0152591 0.00757587 0.0136028 0.0228656 0.0392903 0.0559909 0.0764795 0.0681675 0.0726916 0.0566044 0.0477403 0.0527397 0.0444891 0.0609904 0.0582453 0.0661739 0.0445044 0.0529084 0.0360697 0.0280645 0.0235558 0.0158879 0.00826598 0.00280645 0.00217768 0.000904811 0.00058276 9.20147e-05 0
 0 0 0 0 0 0 0 0 0 0 0 0 0 0 0 0 0 0 0 0 0 0 0 0 0 0 0 0 0 0 0 0 0 0 0 0
 0 0 0 0 0 0 0 0 0 0 0 0 0 0 0 0 0 0 0 0 0 0 0 0 0 0 0 0 0 0 0 0 0 0 0 0
 0 0 0 0 0 0 0 0 0 0 0 0 0 0 0 0 0 0 0 0 0 0 0 0 0 0 0 0 0 0 0 0 0 0 0 0
ppred_pel_tallas
 1.013e-16 3.25497e-05 0.00019104 0.000908117 0.0034963 0.0109029 0.0275398 0.0563502 0.0934069 0.125444 0.136509 0.120415 0.086207 0.0503306 0.0244633 0.0108403 0.00591398 0.00550509 0.00704936 0.00941116 0.0121077 0.0148268 0.0172712 0.0191612 0.0202838 0.0205377 0.0199513 0.0186664 0.0168954 0.0148678 0.012784 0.0107883 0.00896359 0.0073428 0.00592792 0.00470705
 1.01226e-16 3.24558e-05 0.000190487 0.000905483 0.00348615 0.0108712 0.0274599 0.0561868 0.0931367 0.125082 0.136121 0.120084 0.0859932 0.0502533 0.0245136 0.0110102 0.00621178 0.00595315 0.00767215 0.0102213 0.0130934 0.015944 0.0184416 0.0202789 0.0212312 0.0212056 0.0202607 0.0185838 0.0164394 0.0141044 0.0118122 0.00972089 0.00790755 0.00638437 0.0051238 0.00408292
 1.01844e-16 2.60615e-05 0.000152936 0.000726938 0.00279867 0.00872731 0.0220447 0.0451078 0.0747765 0.100439 0.10934 0.0965469 0.0693321 0.040908 0.0206856 0.0105303 0.00767722 0.00883342 0.0119493 0.0160453 0.0205794 0.0250708 0.0290099 0.0319149 0.0334308 0.0334091 0.0319379 0.0293079 0.0259322 0.0222446 0.0186132 0.0152893 0.0123989 0.00996622 0.0079527 0.00629424
 1.01999e-16 3.09345e-05 0.000181556 0.000863027 0.00332269 0.0103615 0.0261723 0.0535522 0.0887697 0.119218 0.12974 0.114458 0.0819714 0.0479174 0.0234024 0.0105619 0.00603677 0.00586548 0.00761605 0.0102057 0.0131614 0.0161625 0.0188951 0.0210609 0.0224304 0.0228897 0.0224604 0.0212823 0.0195686 0.0175506 0.0154298 0.0133507 0.0113973 0.00960515 0.00798222 0.00652585
 1.01639e-16 3.18409e-05 0.000186877 0.000888321 0.00342007 0.0106652 0.0269394 0.0551218 0.0913715 0.122712 0.133543 0.117812 0.0843715 0.0493167 0.0240779 0.0108511 0.00617505 0.00596679 0.00771564 0.0102979 0.0132168 0.0161332 0.0187191 0.0206684 0.0217547 0.0218802 0.0210948 0.0195747 0.0175718 0.0153505 0.0131342 0.0110744 0.00924623 0.00766452 0.0063084 0.00514439
 1.02386e-16 2.43162e-05 0.000142688 0.000678212 0.00261105 0.00814224 0.0205669 0.0420842 0.0697655 0.0937121 0.102027 0.0901138 0.064765 0.0383192 0.019573 0.010286 0.00789904 0.00935531 0.0127472 0.0171488 0.0220221 0.0268674 0.0311472 0.0343505 0.0360979 0.0362264 0.0348213 0.0321809 0.0287321 0.0249242 0.0211386 0.0176358 0.0145477 0.0119025 0.00966555 0.00777803
 1.0228e-16 3.16066e-05 0.000185504 0.000881803 0.00339499 0.0105869 0.0267418 0.0547172 0.0907 0.121808 0.132552 0.116922 0.0836996 0.0488547 0.0237244 0.0104783 0.00567235 0.00525148 0.0067328 0.0090253 0.0116764 0.0144016 0.0169304 0.0190035 0.0204168 0.0210613 0.02094 0.020155 0.0188707 0.0172691 0.015511 0.0137147 0.0119535 0.0102667 0.00867517 0.0071941
 1.02026e-16 2.91141e-05 0.000170864 0.000812182 0.0031269 0.00975091 0.0246301 0.0503973 0.083542 0.112203 0.122123 0.107776 0.0772705 0.0453389 0.0224583 0.0106675 0.00683232 0.00724141 0.00960148 0.0128581 0.016496 0.020114 0.0233043 0.0256848 0.0269743 0.0270554 0.0259976 0.0240297 0.021475 0.018671 0.0159004 0.0133523 0.0111169 0.00920602 0.00758559 0.0062058
 1.01671e-16 3.19665e-05 0.000187615 0.000891832 0.00343359 0.0107073 0.0270459 0.0553397 0.0917323 0.123196 0.134067 0.118268 0.0846863 0.049476 0.0241099 0.0107888 0.00603442 0.00574606 0.00740527 0.00989089 0.0127166 0.0155581 0.0181037 0.0200606 0.021209 0.0214479 0.0208145 0.0194649 0.017628 0.0155472 0.013431 0.0114246 0.00960529 0.00799656 0.00658968 0.00536387
 1.0147e-16 3.11556e-05 0.000182852 0.00086918 0.00334637 0.0104353 0.0263589 0.0539342 0.0894035 0.120071 0.130675 0.115295 0.0825997 0.048342 0.0237156 0.0108799 0.00645823 0.00646236 0.00843496 0.0112648 0.0144417 0.0175986 0.0203738 0.02243 0.0235189 0.0235368 0.0225451 0.0207462 0.0184274 0.0158896 0.0133869 0.0110917 0.00908884 0.00739309 0.00597649 0.00479472
 1.02281e-16 2.46819e-05 0.000144836 0.000688426 0.00265038 0.00826489 0.0208767 0.042718 0.0708158 0.0951217 0.103559 0.0914591 0.0657156 0.0388491 0.0197837 0.0102998 0.00779426 0.00916033 0.0124619 0.0167647 0.0215351 0.0262837 0.0304855 0.033641 0.0353779 0.0355343 0.0341897 0.0316316 0.0282732 0.0245511 0.0208371 0.0173871 0.0143333 0.0117074 0.00948037 0.00759898
 1.03142e-16 2.62208e-05 0.000153877 0.000731427 0.00281597 0.00878129 0.022181 0.0453861 0.075236 0.101051 0.109991 0.0970869 0.0696439 0.0409398 0.0204223 0.00994418 0.00670256 0.00737518 0.00991353 0.0133772 0.0172999 0.0213041 0.0249927 0.02798 0.0299645 0.0307896 0.0304696 0.0291682 0.027143 0.0246763 0.0220154 0.0193399 0.0167577 0.0143214 0.0120532 0.00996525
 1.01939e-16 3.34424e-05 0.000196284 0.000933052 0.00359231 0.0112023 0.0282961 0.0578974 0.0959707 0.128884 0.140245 0.123693 0.0885139 0.0515976 0.02493 0.0107933 0.00552865 0.00483212 0.00606861 0.0080849 0.0104151 0.0127837 0.0149393 0.0166475 0.01773 0.0181013 0.0177835 0.016891 0.0155945 0.0140755 0.0124884 0.0109394 0.00948464 0.00814228 0.0069101 0.00578084
 1.00854e-16 3.54739e-05 0.00020821 0.000989751 0.00381062 0.0118831 0.0300157 0.0614158 0.101802 0.136714 0.148763 0.131197 0.0938659 0.0546813 0.0263511 0.0112879 0.00560032 0.00471225 0.0058184 0.00768817 0.00982466 0.0119389 0.0137742 0.0150979 0.0157421 0.0156412 0.0148459 0.0135057 0.0118285 0.0100299 0.00829048 0.00673041 0.0054055 0.00431955 0.00344458 0.00274045
 1.00348e-16 3.81303e-05 0.00022381 0.00106392 0.00409621 0.0127737 0.0322652 0.0660182 0.10943 0.146952 0.15989 0.140979 0.100796 0.0585799 0.0279705 0.0115361 0.00506877 0.00363102 0.00420413 0.00548486 0.00698546 0.00846586 0.00973433 0.0106221 0.0110091 0.0108508 0.0101877 0.0091333 0.00784366 0.00648083 0.0051806 0.00403371 0.00308231 0.0023286 0.00174954 0.00131141
 1.00313e-16 3.58076e-05 0.000210168 0.000999058 0.00384645 0.0119948 0.0302979 0.0619933 0.10276 0.138001 0.150165 0.132439 0.0947655 0.0552275 0.0266553 0.0114873 0.00579795 0.00496795 0.0061618 0.00812808 0.0103505 0.0125183 0.0143526 0.0156021 0.0160896 0.0157525 0.0146585 0.0129852 0.0109748 0.0088775 0.00690198 0.00518661 0.00379368 0.00272268 0.00193297 0.00136673
 1.00824e-16 2.99074e-05 0.000175519 0.000834311 0.0032121 0.0100166 0.0253012 0.0517705 0.0858187 0.115262 0.125454 0.110721 0.0793921 0.0466047 0.0231235 0.0110452 0.00715146 0.00762789 0.010112 0.0135078 0.0172665 0.0209519 0.0241205 0.0263597 0.0273715 0.0270412 0.0254627 0.0229084 0.0197567 0.0164025 0.0131789 0.0103111 0.00790798 0.0059816 0.00448282 0.00333566
 1.01463e-16 3.07102e-05 0.000180237 0.00085675 0.00329851 0.0102861 0.0259819 0.0531628 0.0881249 0.118354 0.128806 0.113648 0.0814215 0.0476567 0.0233879 0.0107451 0.00640245 0.00643185 0.00841511 0.0112614 0.0144721 0.0176885 0.0205543 0.0227337 0.0239741 0.0241605 0.0233375 0.0216873 0.0194773 0.0169931 0.0144812 0.0121154 0.00999055 0.0081377 0.00654819 0.00519642
 1.01697e-16 3.01606e-05 0.000177009 0.000841402 0.00323941 0.0101018 0.0255164 0.0522104 0.0865467 0.116236 0.126505 0.111626 0.079993 0.0468605 0.0230712 0.010724 0.00655901 0.00672275 0.00883966 0.0118307 0.0151907 0.0185449 0.0215187 0.0237597 0.0250059 0.025143 0.0242261 0.022456 0.0201217 0.0175282 0.0149348 0.0125196 0.0103739 0.00851961 0.00693664 0.00558892
 1.01412e-16 3.30396e-05 0.000193917 0.000921793 0.00354896 0.0110671 0.0279546 0.0571988 0.0948134 0.127332 0.138563 0.122223 0.087493 0.0510649 0.024789 0.0109305 0.00588441 0.00540451 0.0068849 0.00917187 0.0117773 0.0143897 0.0167162 0.0184839 0.0194895 0.0196424 0.0189819 0.0176594 0.0158938 0.0139172 0.0119275 0.0100612 0.00838951 0.0069312 0.00567376 0.0045927
 1.01418e-16 3.03284e-05 0.000177994 0.00084608 0.00325742 0.0101579 0.0256582 0.0525008 0.0870282 0.116884 0.127212 0.112255 0.0804538 0.0471513 0.0232529 0.0108719 0.00673271 0.00696054 0.00916313 0.0122472 0.0156912 0.0191016 0.0220837 0.0242693 0.0253888 0.0253316 0.0241694 0.022129 0.0195304 0.0167082 0.0139445 0.0114303 0.00925876 0.00744393 0.0059514 0.0047276
 1.01812e-16 2.94462e-05 0.000172815 0.00082146 0.00316263 0.00986233 0.0249115 0.050973 0.0844958 0.113483 0.123512 0.108993 0.0781223 0.0457981 0.022611 0.0106161 0.00663806 0.00692014 0.00914573 0.012259 0.0157578 0.0192619 0.0223861 0.0247663 0.0261291 0.0263511 0.0254819 0.0237207 0.021358 0.0187027 0.0160198 0.013494 0.0112239 0.00923867 0.00752567 0.00605534
 1.0174e-16 3.156e-05 0.000185228 0.000880484 0.0033899 0.0105711 0.0267017 0.0546355 0.0905653 0.121629 0.132364 0.116772 0.0836258 0.0488791 0.0238615 0.0107497 0.00611395 0.00590872 0.00764819 0.0102224 0.0131435 0.0160803 0.018711 0.0207337 0.0219214 0.0221703 0.0215193 0.0201299 0.0182384 0.0160961 0.0139176 0.0118516 0.00997726 0.0083177 0.0068635 0.00559325
 1.01829e-16 2.91093e-05 0.000170835 0.000812046 0.00312638 0.00974928 0.024626 0.0503889 0.0835281 0.112185 0.122103 0.107759 0.0772588 0.0453337 0.022459 0.0106735 0.00684418 0.00726104 0.00963178 0.0129026 0.0165584 0.0201973 0.0234101 0.0258121 0.0271185 0.0272081 0.0261463 0.0241589 0.0215679 0.0187116 0.0158765 0.0132572 0.0109511 0.00897754 0.00730848 0.00589838
 1.03804e-16 1.72012e-05 0.000100908 0.000479568 0.00184619 0.00575702 0.0145421 0.0297579 0.0493373 0.06629 0.0722192 0.0638989 0.0461696 0.0278106 0.015117 0.00942409 0.00901517 0.0117996 0.0164476 0.0222437 0.0286519 0.0350757 0.0408388 0.0452864 0.0479223 0.0485172 0.0471499 0.0441662 0.0400753 0.0354201 0.0306667 0.0261404 0.0220169 0.0183522 0.0151319 0.0123145
pSPR Fmed_Fpbrs
0.517334   0.347059 0.347059
Fs Fmed_Fpbrs
0.495077   1.005 1.005
SSBpbr Bo_Bmed_Bpbrs
885022  413601  262904 262904
Ro
34891.6
SPR SPRFo_SPRFmed_SPRFpbrs
717469 371171 249004
log_Ro
10.28
likeval ReclasPelacesDesembMPH_pf_preclas_ppelaces_ptallas_desvR_qrecl_qpela
 63.3678 15.0762 0.00968146 0.000203796 314.405 189.573 78.647 0 16.1381 7.98332e-06 6.06901e-05 0 0 0 0
q_reclas_q_pelaces
0.670064 3.02932
M
0.7
N
 37247.5 12243.7 4656.58 559.302 0.229136
 46431.2 16833 3322.67 1263.69 151.844
 22022.7 21078.7 4702.8 928.283 395.47
 32662 9348.55 3828.87 854.247 240.455
 61632.7 15631.1 3663.16 1500.31 428.951
 42162.9 30397.1 7428.88 1740.96 916.906
 78808 19619.3 9948.56 2431.37 869.883
 77019.3 37468.7 7371.02 3737.69 1240.29
 100781 35275.7 11079 2179.51 1471.92
 122570 45672.8 9746.42 3061.05 1008.86
 63937.3 56990.3 14874 3174.06 1325.43
 45218.6 28126.1 13010.5 3395.64 1027.2
 48351.1 20000.8 6650.07 3076.18 1045.73
 25536 19913.3 2992.63 995.021 616.743
 14838.2 9013.85 1108.41 166.576 89.714
 13992.1 5065.29 404.846 49.7831 11.5109
 10179.7 5949.71 930.215 74.348 11.2563
 11334 4520.05 1442.03 225.456 20.7479
 12824.5 5186.69 1329.25 424.069 72.4031
 20617.4 5949.74 1665.36 426.8 159.409
 26535.5 9535.64 1872.89 524.232 184.53
 33867.7 12763.2 3859.02 757.948 286.832
 53278.2 16147.9 4883.18 1476.45 399.73
 59795.2 25190.5 5854.72 1770.48 680.242
 23571.9 28281.1 9152.43 2127.18 890.418
pred_Ctot
 2422.33 4133.06 1571.9 188.801 0.0773483
 2880.01 5471.47 1080.01 410.753 49.3558
 2320.12 10170.7 2269.14 447.905 190.818
 853.864 1437.56 588.779 131.361 36.9756
 302.493 483.929 113.409 46.4487 13.28
 1916.16 7632.97 1865.45 437.17 230.243
 2419.09 3490.23 1769.82 432.534 154.75
 4322.74 11228.9 2209 1120.14 371.697
 6367.1 11636.3 3654.59 718.948 485.537
 5634.84 11581.9 2471.54 776.234 255.832
 5285.55 23138 6038.85 1288.67 538.122
 3577.95 11051.3 5112.07 1334.21 403.608
 5997.89 10740.7 3571.19 1651.96 561.573
 5415.64 14247.6 2141.18 711.921 441.269
 3407.89 6666.92 819.818 123.204 66.3552
 1459.11 2427.13 193.989 23.8545 5.51568
 779.884 2281.34 356.679 28.5077 4.31609
 642.582 1365.87 435.752 68.1281 6.26959
 608.781 1351.59 346.387 110.508 18.8674
 1021.8 1607.88 450.054 115.34 43.0794
 600.527 1284.04 252.197 70.5912 24.8482
 973.034 2138.8 646.676 127.013 48.0659
 1839.55 3191.25 965.043 291.785 78.9969
 2051.12 4949.48 1150.34 347.868 133.655
 784.224 5407.49 1749.99 406.728 170.252
F
 0.0942426 0.604247 0.604247 0.604247 0.604247
 0.0897099 0.575185 0.575185 0.575185 0.575185
 0.156855 1.00569 1.00569 1.00569 1.00569
 0.0369478 0.236895 0.236895 0.236895 0.236895
 0.00684525 0.0438891 0.0438891 0.0438891 0.0438891
 0.0650258 0.416921 0.416921 0.416921 0.416921
 0.0435085 0.27896 0.27896 0.27896 0.27896
 0.0808618 0.518455 0.518455 0.518455 0.518455
 0.0914425 0.586294 0.586294 0.586294 0.586294
 0.0658004 0.421887 0.421887 0.421887 0.421887
 0.121206 0.777124 0.777124 0.777124 0.777124
 0.115738 0.742069 0.742069 0.742069 0.742069
 0.187101 1.19962 1.19962 1.19962 1.19962
 0.341327 2.18846 2.18846 2.18846 2.18846
 0.37479 2.40301 2.40301 2.40301 2.40301
 0.155148 0.994751 0.994751 0.994751 0.994751
 0.111874 0.717291 0.717291 0.717291 0.717291
 0.0817128 0.523911 0.523911 0.523911 0.523911
 0.0680096 0.436052 0.436052 0.436052 0.436052
 0.0710998 0.455865 0.455865 0.455865 0.455865
 0.0319145 0.204623 0.204623 0.204623 0.204623
 0.0406719 0.260773 0.260773 0.260773 0.260773
 0.0490584 0.314543 0.314543 0.314543 0.314543
 0.0487317 0.312449 0.312449 0.312449 0.312449
 0.0472332 0.302841 0.302841 0.302841 0.302841
YTP_r0W_actual
 8783.31 118965 57749.7 16716.5 7286.8
YTP_p0W_proyectada
 22847.4 115241 156113 65905 23920
 22847.4 111868 30540.4 37017.4 16174.8
CTP_r0_actual
 784.224 5407.49 1749.99 406.728 170.252
CTP_p0_proyectada
 2687.93 5385.07 5003.61 1619.29 514.409
 2687.93 5227.49 978.858 909.518 347.845
Wmedp
 8.5 21.4 31.2 40.7 46.5
nmprior
 10.6 11 7 0
nm_flota  nm_reclas  nm_pelaces    nm_pelaL
inf 20.695 17.0832 40.0258
cv_recla  cv_pelaces  cv_mph
0.720044 0.440269 0.463166
 ------------------------------------------------
Talla a la edad & desviaci?n 
 7.2 14.2025 17.0495 18.207 18.6776
 1.08 2.13037 2.55742 2.73105 2.80164
