years
 1997 1998 1999 2000 2001 2002 2003 2004 2005 2006 2007 2008 2009 2010 2011 2012 2013 2014 2015 2016 2017 2018 2019 2020 2021
reclasobs
 0 0 0 370054 412103 1.49427e+06 250295 1.28982e+06 931140 785840 897777 1.04006e+06 184774 17550 25797 100020 73551 82996 120727 218422 84188 347160 605670 569463 516374
reclaspred
 460567 121707 327241 229852 365230 447620 977372 662835 742805 741004 616966 424445 261820 109759 66707.3 64677.4 78903.4 106458 114963 159064 237955 221546 377936 473693 558745
pelacesobs
 0 0 0 0 0 0 0 0 0 2.06254e+06 1.5e+06 0 1.87456e+06 323000 250000 174000 83755 137374 0 501740 490994 745055 786931 1.00524e+06 1.33801e+06
pelacespred
 1.89549e+06 424892 705433 781944 1.08845e+06 1.07358e+06 2.72202e+06 2.21423e+06 2.22422e+06 2.24238e+06 1.62626e+06 1.16779e+06 701684 228209 140890 150161 192950 273684 299126 405700 699481 634275 837922 1.2504e+06 1.48042e+06
mphobs
 0 0 0 0 0 112323 0 153150 637223 0 255016 313432 73983 77613 109348 50772 0 0 0 0 0 0 0 0 0
mphpred
 169277 95743.8 110256 114498 132116 220220 318091 386617 329289 345359 351098 245838 153760 79818.3 34036.2 27631.8 31868.2 42679.9 53609.7 61521.7 92962 113406 140211 196982 269426
desembarqueobs
 350755 77701 442110 56441 14545 235359 269955 359681 431902 328805 639364 411747 362871 311530 167758 66681 60226 58785 57116 73181 50977 67692 138656 160484 209506
desembarquepred
 350764 77702.1 442122 56444.3 14545.3 235435 270016 359696 431967 328831 639411 411843 363009 311700 167626 66682 60254.4 58782.1 57104.5 73180.6 50979.8 67684.7 138663 160501 209514
Reclutas
 38416.3 46465 25571.9 38653.5 67387.6 48262.4 83544.1 80319.6 103301 117692 66202.9 45229.3 45296.8 24374.2 14822.7 14148.1 10809.7 12386.5 13581.6 22112.5 28513.3 36267 57613.2 69091.1 30852.8
log_desv_Rt
 0.036237 0.226456 -0.37075 0.0423925 0.598216 0.264409 0.81313 0.773769 1.02541 1.15583 0.58048 0.199499 0.200993 -0.418721 -0.916085 -0.962661 -1.2318 -1.09563 -1.00353 -0.516104 -0.261873 -0.0213351 0.441507 0.623181 -0.183016
SSB
 461042 260768 300292 311846 359832 599792 866353 1.05299e+06 896852 940619 956250 669566 418780 217393 92700.9 75257.9 86796.3 116243 146011 167561 253191 308873 381880 536499 733810
BT
 1.61367e+06 394835 719243 558927 715499 836937 1.99167e+06 1.81632e+06 1.857e+06 1.76093e+06 1.60032e+06 1.11022e+06 808261 439072 233811 153166 175255 224847 236156 322642 494568 453300 622267 927553 1.07224e+06
Ftot
 0.919271 0.808064 1.32873 0.269016 0.0476092 0.453413 0.283065 0.565284 0.641917 0.487133 0.931372 0.826137 1.32128 2.59347 2.96895 1.24343 0.893887 0.602737 0.487765 0.507418 0.23467 0.290172 0.350818 0.349326 0.314198
BD_Bspro_t
 0.913976 0.652014 0.583689 0.415018 0.577217 0.745507 0.697397 0.711491 0.645038 0.612241 0.586931 0.427102 0.321228 0.219221 0.119167 0.11949 0.181608 0.296536 0.40244 0.495409 0.623283 0.725924 0.733349 0.738669 0.743628
BD_Bspro
 0.605173 0.342289 0.39417 0.409335 0.472324 0.7873 1.13719 1.38218 1.17723 1.23468 1.25519 0.878886 0.549699 0.285355 0.121681 0.0987851 0.113931 0.152583 0.191658 0.219944 0.332344 0.405434 0.501264 0.70422 0.963214
BD_Bo
 0.49894 0.282203 0.324976 0.337479 0.389411 0.649095 0.937568 1.13955 0.970574 1.01794 1.03485 0.724604 0.453204 0.235263 0.100321 0.0814441 0.093931 0.125798 0.158013 0.181334 0.274004 0.334263 0.413271 0.5806 0.794129
BD_Brms
 0.907163 0.513097 0.590866 0.613599 0.708019 1.18017 1.70467 2.0719 1.76468 1.8508 1.88155 1.31746 0.824007 0.427751 0.182402 0.14808 0.170784 0.228724 0.287297 0.329699 0.498189 0.607751 0.751401 1.05564 1.44387
S_f
 0.112973 0.70759 0.978713 0.998857 0.99994
 0.112973 0.70759 0.978713 0.998857 0.99994
 0.112973 0.70759 0.978713 0.998857 0.99994
 0.112973 0.70759 0.978713 0.998857 0.99994
 0.112973 0.70759 0.978713 0.998857 0.99994
 0.112973 0.70759 0.978713 0.998857 0.99994
 0.112973 0.70759 0.978713 0.998857 0.99994
 0.112973 0.70759 0.978713 0.998857 0.99994
 0.112973 0.70759 0.978713 0.998857 0.99994
 0.112973 0.70759 0.978713 0.998857 0.99994
 0.112973 0.70759 0.978713 0.998857 0.99994
 0.112973 0.70759 0.978713 0.998857 0.99994
 0.112973 0.70759 0.978713 0.998857 0.99994
 0.112973 0.70759 0.978713 0.998857 0.99994
 0.112973 0.70759 0.978713 0.998857 0.99994
 0.112973 0.70759 0.978713 0.998857 0.99994
 0.112973 0.70759 0.978713 0.998857 0.99994
 0.112973 0.70759 0.978713 0.998857 0.99994
 0.112973 0.70759 0.978713 0.998857 0.99994
 0.112973 0.70759 0.978713 0.998857 0.99994
 0.112973 0.70759 0.978713 0.998857 0.99994
 0.112973 0.70759 0.978713 0.998857 0.99994
 0.112973 0.70759 0.978713 0.998857 0.99994
 0.112973 0.70759 0.978713 0.998857 0.99994
 0.112973 0.70759 0.978713 0.998857 0.99994
Scru_reclas
 0.794964 1 1 1 1
 0.794964 1 1 1 1
 0.794964 1 1 1 1
 0.794964 1 1 1 1
 0.794964 1 1 1 1
 0.794964 1 1 1 1
 0.794964 1 1 1 1
 0.794964 1 1 1 1
 0.794964 1 1 1 1
 0.794964 1 1 1 1
 0.794964 1 1 1 1
 0.794964 1 1 1 1
 0.794964 1 1 1 1
 0.794964 1 1 1 1
 0.794964 1 1 1 1
 0.794964 1 1 1 1
 0.794964 1 1 1 1
 0.794964 1 1 1 1
 0.794964 1 1 1 1
 0.794964 1 1 1 1
 0.794964 1 1 1 1
 0.794964 1 1 1 1
 0.794964 1 1 1 1
 0.794964 1 1 1 1
 0.794964 1 1 1 1
Scru_pelaces
 0.787848 1 1 1 1
 0.787848 1 1 1 1
 0.787848 1 1 1 1
 0.787848 1 1 1 1
 0.787848 1 1 1 1
 0.787848 1 1 1 1
 0.787848 1 1 1 1
 0.787848 1 1 1 1
 0.787848 1 1 1 1
 0.787848 1 1 1 1
 0.787848 1 1 1 1
 0.787848 1 1 1 1
 0.787848 1 1 1 1
 0.787848 1 1 1 1
 0.787848 1 1 1 1
 0.787848 1 1 1 1
 0.787848 1 1 1 1
 0.787848 1 1 1 1
 0.787848 1 1 1 1
 0.787848 1 1 1 1
 0.787848 1 1 1 1
 0.787848 1 1 1 1
 0.787848 1 1 1 1
 0.787848 1 1 1 1
 0.787848 1 1 1 1
pf_obs 
 0.256992 0.487395 0.22802 0.0275931 0
 0.321318 0.546541 0.124235 0.00734118 0.000564706
 0.182869 0.594174 0.210203 0.0122559 0.00049798
 0.330522 0.361315 0.267642 0.0388342 0.00168674
 0.649043 0.306663 0.0425973 0.00169635 0
 0.582887 0.30429 0.105238 0.00758474 0
 0.465427 0.430635 0.0974691 0.00646863 0
 0.296916 0.608066 0.0921331 0.00288517 0
 0.311714 0.524322 0.152257 0.0117073 0
 0.15457 0.633149 0.183074 0.0267441 0.00246327
 0.131901 0.49318 0.331252 0.0422183 0.00144891
 0.196976 0.569456 0.194076 0.0375587 0.00193317
 0.518974 0.381816 0.0799577 0.0180837 0.00116848
 0.0928022 0.601141 0.25162 0.0475244 0.00691264
 0.122501 0.610282 0.24278 0.0234846 0.000952079
 0.383417 0.481906 0.127806 0.00687128 0
 0.0376549 0.599619 0.316969 0.0457579 0
 0.0361596 0.667082 0.258105 0.0386534 0
 0.158088 0.579412 0.248529 0.0139706 0
 0.0477256 0.309471 0.559284 0.082774 0.000745712
 0.0406174 0.521527 0.379366 0.0568643 0.0016247
 0.151134 0.462217 0.34131 0.0453401 0
 0.294876 0.26143 0.354403 0.0886775 0.000613685
 0.281977 0.475581 0.204845 0.0348837 0.00271318
 0.0841818 0.532909 0.334909 0.0458182 0.00218182
pf_pred 
 0.323524 0.463636 0.190221 0.0226067 1.30719e-05
 0.292958 0.556121 0.117211 0.0302258 0.00348362
 0.166887 0.628072 0.174892 0.0235707 0.00657816
 0.274918 0.454248 0.227677 0.0370109 0.00614561
 0.284611 0.48646 0.161201 0.0571394 0.0105885
 0.149845 0.576853 0.203741 0.0492735 0.0202881
 0.245868 0.390229 0.275193 0.066553 0.0221563
 0.197562 0.536901 0.160772 0.079671 0.0250943
 0.242997 0.46946 0.216533 0.0434464 0.0275637
 0.234503 0.526283 0.170539 0.05207 0.0166052
 0.13811 0.575428 0.219375 0.0481798 0.0189067
 0.142686 0.476876 0.29044 0.0694327 0.0205659
 0.21819 0.451039 0.219799 0.0853259 0.0256457
 0.208622 0.595038 0.138416 0.0389783 0.0189457
 0.285831 0.587179 0.111113 0.0113868 0.00449022
 0.336526 0.582616 0.0743726 0.0057208 0.000765455
 0.220831 0.627254 0.140431 0.0105933 0.000891026
 0.240713 0.507672 0.218265 0.0308993 0.00244989
 0.224295 0.525276 0.188411 0.053988 0.00802954
 0.288983 0.459536 0.19023 0.0463722 0.0148789
 0.250802 0.537656 0.154506 0.0434146 0.0136221
 0.227016 0.501731 0.212323 0.0433004 0.0156299
 0.266867 0.46222 0.196572 0.0584814 0.0158596
 0.231195 0.52702 0.172045 0.0509327 0.0188078
 0.0935642 0.577925 0.249372 0.0566982 0.0224405
pobs_RECLAS
 0 0 0 0 0
 0 0 0 0 0
 0 0 0 0 0
 0 0 0 0 0
 0.835266 0.146461 0.0176864 0.000547809 3.91292e-05
 0.385257 0.428462 0.181853 0.0044286 0
 0.867414 0.0963971 0.0333333 0.00285562 0
 0.441836 0.489002 0.0689373 0.000224442 0
 0.779404 0.147425 0.0564933 0.0165055 0.000172143
 0.814271 0.122319 0.05973 0.00367925 0
 0.40263 0.566651 0.0304383 0.000280538 0
 0.475488 0.404961 0.113038 0.00651328 0
 0.955842 0.0263864 0.0167828 0.000988607 0
 0.975058 0.0227948 0.00214734 0 0
 0.738997 0.206755 0.0527124 0.00153531 0
 0.850938 0.134255 0.0134407 0.00136685 0
 0.542534 0.407297 0.0501686 0 0
 0.764087 0.199537 0.0359546 0.000420521 0
 0.470689 0.182191 0.310203 0.0369168 0
 0.84361 0.089868 0.0606195 0.00523954 0.000663233
 0.607945 0.314616 0.071237 0.00620181 0
 0.523733 0.453247 0.0230204 0 0
 0.530135 0.295979 0.169645 0.0042399 0
 0.562478 0.366248 0.0663022 0.0049721 0
 0.250443 0.683176 0.0655157 0.000865301 0
ppred_RECLAS
 0.733956 0.201327 0.0579783 0.00673538 3.88989e-06
 0.696455 0.25497 0.0379139 0.00956109 0.00110064
 0.539448 0.376485 0.0719659 0.00946347 0.00263762
 0.680924 0.223559 0.0805627 0.0128265 0.00212747
 0.685637 0.234965 0.0562479 0.0195345 0.003616
 0.496624 0.3765 0.0950998 0.0225163 0.00926048
 0.655596 0.206624 0.104726 0.024805 0.00824874
 0.582148 0.309668 0.0660632 0.0320403 0.0100803
 0.649601 0.244562 0.0801344 0.0157324 0.0099695
 0.631493 0.278599 0.0644921 0.0192758 0.00614013
 0.482254 0.384269 0.102769 0.0220615 0.00864685
 0.499023 0.321261 0.137933 0.0322439 0.00953923
 0.634846 0.243517 0.0814996 0.0308708 0.00926644
 0.642431 0.29711 0.0430364 0.0117308 0.00569194
 0.736372 0.233427 0.0265418 0.00262528 0.00103327
 0.738422 0.238759 0.0210284 0.0015789 0.000210987
 0.610807 0.332668 0.0523403 0.00385983 0.000324266
 0.642354 0.264607 0.080938 0.0112128 0.000887998
 0.618692 0.284817 0.0729792 0.0204706 0.00304111
 0.697539 0.217812 0.0643676 0.015359 0.00492246
 0.646526 0.27582 0.0570364 0.0156978 0.00492002
 0.621734 0.272776 0.0829486 0.0165673 0.00597355
 0.672868 0.230692 0.0703818 0.0205043 0.00555438
 0.625435 0.282235 0.0660994 0.0191621 0.00706808
 0.367345 0.449924 0.139416 0.0310426 0.0122727
pobs_PELACES
 0 0 0 0 0
 0 0 0 0 0
 0 0 0 0 0
 0 0 0 0 0
 0 0 0 0 0
 0 0 0 0 0
 0 0 0 0 0
 0 0 0 0 0
 0 0 0 0 0
 0 0 0 0 0
 0.450072 0.473896 0.0757376 0.000293798 0
 0 0 0 0 0
 0.463077 0.371075 0.160297 0.00555027 0
 0.529543 0.364841 0.0842815 0.0213345 0
 0.631943 0.363953 0.00410389 0 0
 0.735681 0.248677 0.0153453 0.000297389 0
 0.695825 0.281241 0.0229344 0 0
 0.275771 0.60734 0.115278 0.00161068 0
 0 0 0 0 0
 0.896147 0.0623911 0.0374545 0.00400742 0
 0.803859 0.145111 0.0509908 3.86294e-05 0
 0.739449 0.233085 0.0266225 0.000797448 4.60066e-05
 0.878498 0.100942 0.0204185 0.000141795 0
 0.694673 0.275183 0.0284847 0.00165964 0
 0.469039 0.446079 0.0841089 0.000773354 0
ppred_PELACES
 0.76954 0.17784 0.0471708 0.00544648 3.14447e-06
 0.729373 0.229926 0.0318053 0.00797766 0.000918092
 0.606051 0.328835 0.0558121 0.00727471 0.00202662
 0.691906 0.217431 0.0764908 0.0121565 0.00201614
 0.685949 0.23499 0.0560146 0.0194473 0.0035998
 0.519174 0.363342 0.0881277 0.0208027 0.00855434
 0.668302 0.201048 0.0993519 0.0234878 0.00780992
 0.609866 0.292974 0.0594193 0.02871 0.0090307
 0.679519 0.227586 0.0704098 0.0137643 0.00872036
 0.653826 0.264524 0.0586224 0.0174648 0.00556229
 0.530943 0.355583 0.0874939 0.0186665 0.00731376
 0.543773 0.300371 0.119775 0.0278459 0.00823567
 0.698904 0.20873 0.0620684 0.023305 0.00699212
 0.754393 0.211632 0.0243067 0.00651226 0.0031569
 0.835908 0.149316 0.0130173 0.0012624 0.000496335
 0.782801 0.2001 0.0157681 0.00117418 0.000156836
 0.652127 0.300724 0.0436777 0.00320192 0.00026891
 0.670127 0.247471 0.0717225 0.0098964 0.000783575
 0.641476 0.270776 0.0664188 0.0185701 0.00275829
 0.718878 0.205037 0.057903 0.01377 0.00441237
 0.656002 0.269681 0.0546083 0.0150061 0.00470284
 0.634634 0.265401 0.0786375 0.0156759 0.00565159
 0.68791 0.222148 0.0656809 0.0190902 0.00517068
 0.64107 0.272565 0.0618704 0.0178946 0.0065997
 0.381595 0.443402 0.133587 0.0296826 0.0117336
pobs_pel_tallas
 0 0 0 0 0 0 0 0 0 0 0 0 0 0 0 0 0 0 0 0 0 0 0 0 0 0 0 0 0 0 0 0 0 0 0 0
 0 0 0 0 0 0 0 0 0 0 0 0 0 0 0 0 0 0 0 0 0 0 0 0 0 0 0 0 0 0 0 0 0 0 0 0
 0 0 0 0 0 0 0 0 0 0 0 0 0 0 0 0 0 0 0 0 0 0 0 0 0 0 0 0 0 0 0 0 0 0 0 0
 0 0 0 0 0 0 0 0 0 0 0 0 0 0 0 0 0 0 0 0 0 0 0 0 0 0 0 0 0 0 0 0 0 0 0 0
 0 0 0 0 0 0 0 0 0 0 0 0 0 0 0 0 0 0 0 0 0 0 0 0 0 0 0 0 0 0 0 0 0 0 0 0
 0 0 0 0 0 0 0 0 0 0 0 0 0 0 0 0 0 0 0 0 0 0 0 0 0 0 0 0 0 0 0 0 0 0 0 0
 0 0 0 0 0 0 0 0 0 0 0 0 0 0 0 0 0 0 0 0 0 0 0 0 0 0 0 0 0 0 0 0 0 0 0 0
 0 0 0 0 0 0 0 0 0 0 0 0 0 0 0 0 0 0 0 0 0 0 0 0 0 0 0 0 0 0 0 0 0 0 0 0
 0 0 0 0 0 0 0 0 0 0 0 0 0 0 0 0 0 0 0 0 0 0 0 0 0 0 0 0 0 0 0 0 0 0 0 0
 0 0 0 0 0 0 0 0 0 0 0 0 0 0 0 0 0 0 0 0 0 0 0 0 0 0 0 0 0 0 0 0 0 0 0 0
 0 0 0 0 0 0 0 0 1.78061e-05 0.00172719 0.00360574 0.0105946 0.0120993 0.0124554 0.0147524 0.0171206 0.0266825 0.0428682 0.0675386 0.121331 0.153587 0.119568 0.100827 0.0573624 0.0630603 0.0341343 0.0324427 0.0444173 0.0211091 0.0280891 0.0125444 0.00206551 0 0 0 0
 0 0 0 0 0 0 0 0 0 0 0 0 0 0 0 0 0 0 0 0 0 0 0 0 0 0 0 0 0 0 0 0 0 0 0 0
 0 0 0 0 0 0 0.0133647 0.0140871 0.0187388 0.0205184 0.03894 0.0496705 0.03968 0.0493445 0.0407372 0.0367815 0.0215668 0.0243155 0.0234873 0.0199281 0.019796 0.0243948 0.0301388 0.0376714 0.0412746 0.0863199 0.0771752 0.113111 0.0741005 0.0525337 0.0229764 0.00759418 0.00175318 0 0 0
 0 0 0 0 0 0 0 0 0 0 0.00219441 0.00772107 0.0458388 0.0604681 0.0671733 0.0775358 0.0609151 0.0617685 0.073594 0.0568108 0.0755445 0.0548602 0.0670107 0.0636378 0.0643287 0.046367 0.0373049 0.0286899 0.0247887 0.0153202 0.00654259 0.00121912 0.000365735 0 0 0
 0 0 0 0 0 0 0 0 0 0 0 0 0.000112435 0.00938835 0.0111873 0.0202946 0.0414886 0.0713402 0.111592 0.104902 0.108894 0.110636 0.117776 0.105296 0.107544 0.0401394 0.0192827 0.0124803 0.00416011 0.0028671 0.000618394 0 0 0 0 0
 0 0 0 0 0 0 0 0 0 0 0.00291406 0.0102884 0.027416 0.0768956 0.0749926 0.110853 0.0956884 0.0897413 0.0766577 0.0534642 0.0500743 0.0551293 0.0594112 0.0620874 0.0668451 0.0424026 0.0208742 0.0120726 0.0048766 0.00582813 0.00118941 0.000297354 0 0 0 0
 0 0.00264628 0.0354308 0.0461629 0.0458689 0.0383711 0.0214643 0.0164657 0.0346957 0.0420465 0.0363128 0.0245516 0.0311673 0.0291091 0.0169068 0.0133784 0.00837989 0.0085269 0.0148486 0.0160247 0.0276389 0.0546898 0.0760071 0.122758 0.109233 0.0665981 0.0333725 0.0166128 0.00676272 0.00308733 0.000882094 0 0 0 0 0
 0 0 0 0 0 0 0 0.000805153 0.000690131 0.00759144 0.0133425 0.0154129 0.00931677 0.000345066 0.00356568 0.00563607 0.00851162 0.0253048 0.0502646 0.0516448 0.0657925 0.0565908 0.0611916 0.0827007 0.0866115 0.110766 0.145733 0.0935128 0.0569358 0.0249597 0.0138026 0.00621118 0.00161031 0.00115022 0 0
 0 0 0 0 0 0 0 0 0 0 0 0 0 0 0 0 0 0 0 0 0 0 0 0 0 0 0 0 0 0 0 0 0 0 0 0
 0.00147267 0.00158595 0.00478618 0.00569244 0.00954404 0.0108468 0.00647125 0.017049 0.0510054 0.094081 0.124002 0.0959785 0.0687766 0.0820023 0.061753 0.0591476 0.0492212 0.0479892 0.0443925 0.0268479 0.0217502 0.0140895 0.0121071 0.0120363 0.00920419 0.00665534 0.0049561 0.00860946 0.00930331 0.0156896 0.0114698 0.00855282 0.00243557 0.00046729 0 2.83206e-05
 0 0 0 0 0.000772559 0.00158375 0.000888443 0.00281984 0.00712685 0.0440552 0.0773331 0.111326 0.0921469 0.0852325 0.0710754 0.0886704 0.0786465 0.0553345 0.0373146 0.0185414 0.00753245 0.00457741 0.012979 0.0271748 0.0457355 0.0583668 0.034881 0.0177882 0.00938659 0.00492506 0.0015258 0.00185414 0.000309023 5.79419e-05 3.86279e-05 0
 0 0.00173294 0.00326652 0 0.00397197 0.00683976 0.00946217 0.0152591 0.00757587 0.0136028 0.0228656 0.0392903 0.0559909 0.0764795 0.0681675 0.0726916 0.0566044 0.0477403 0.0527397 0.0444891 0.0609904 0.0582453 0.0661739 0.0445044 0.0529084 0.0360697 0.0280645 0.0235558 0.0158879 0.00826598 0.00280645 0.00217768 0.000904811 0.00058276 9.20147e-05 0
 0 0 0 0 0 0 0 0 0 0 0 0 0 0 0 0 0 0 0 0 0 0 0 0 0 0 0 0 0 0 0 0 0 0 0 0
 0 0 0 0 0 0 0 0 0 0 0 0 0 0 0 0 0 0 0 0 0 0 0 0 0 0 0 0 0 0 0 0 0 0 0 0
 0 0 0 0 0 0 0 0 0 0 0 0 0 0 0 0 0 0 0 0 0 0 0 0 0 0 0 0 0 0 0 0 0 0 0 0
ppred_pel_tallas
 1.00915e-16 3.35755e-05 0.000197062 0.000936749 0.00360654 0.0112467 0.0284082 0.0581269 0.0963517 0.129398 0.14081 0.124204 0.0889084 0.0518853 0.0251764 0.0110822 0.00593727 0.00542429 0.00689265 0.00916744 0.0117505 0.0143237 0.0165887 0.0182688 0.0191595 0.0191723 0.018353 0.0168628 0.0149333 0.0128101 0.0107036 0.00876015 0.00705704 0.00561443 0.00441663 0.00343216
 1.00844e-16 3.18261e-05 0.000186787 0.000887888 0.0034184 0.0106599 0.0269262 0.0550951 0.091328 0.122656 0.133488 0.11778 0.0843831 0.0493927 0.0242433 0.0111409 0.00663552 0.00665019 0.00866936 0.0115494 0.0147579 0.0179072 0.0206159 0.0225322 0.0234025 0.0231302 0.0217971 0.0196366 0.016972 0.0141396 0.0114215 0.00900686 0.00698482 0.0053623 0.00409464 0.00311565
 1.01245e-16 2.64528e-05 0.000155232 0.00073785 0.00284067 0.0088583 0.0223756 0.0457849 0.0758993 0.101948 0.110985 0.0980036 0.0703882 0.0415511 0.0210472 0.0107721 0.00792123 0.009151 0.0123759 0.0165913 0.021231 0.0257873 0.0297231 0.0325341 0.0338542 0.0335397 0.0317006 0.0286636 0.024885 0.0208412 0.0169343 0.0134368 0.0104806 0.00808275 0.00618703 0.00470626
 1.01669e-16 3.0192e-05 0.000177194 0.000842285 0.00324281 0.0101124 0.0255431 0.0522652 0.0866371 0.116357 0.126634 0.111735 0.0800592 0.046876 0.0230361 0.0106369 0.00641247 0.00650455 0.00853808 0.0114409 0.0147201 0.0180176 0.0209752 0.0232536 0.0245953 0.0248801 0.0241461 0.0225699 0.0204132 0.0179573 0.015446 0.0130525 0.0108737 0.00894495 0.00726353 0.00581084
 1.01709e-16 2.99328e-05 0.000175672 0.000835042 0.00321492 0.0100254 0.0253235 0.0518158 0.0858928 0.115359 0.125552 0.11079 0.0794036 0.0465352 0.0229483 0.0107291 0.00664594 0.00687636 0.0090624 0.0121293 0.0155674 0.0189935 0.0220226 0.0242931 0.0255369 0.0256389 0.0246591 0.0228075 0.0203847 0.0177069 0.0150422 0.0125734 0.0103929 0.00852027 0.00693139 0.00558556
 1.02484e-16 2.26659e-05 0.000132997 0.000632133 0.00243363 0.00758894 0.0191693 0.039225 0.0650272 0.0873523 0.095116 0.0840406 0.0604676 0.0359122 0.0185936 0.0101763 0.0082996 0.0101318 0.0138974 0.0187129 0.0240294 0.02931 0.0339686 0.0374469 0.0393304 0.0394417 0.037875 0.034958 0.0311589 0.0269708 0.0228125 0.0189707 0.0155906 0.0127036 0.0102716 0.00822911
 1.02648e-16 2.91621e-05 0.00017115 0.00081355 0.00313218 0.0097674 0.0246717 0.050482 0.0836812 0.112386 0.122312 0.107919 0.0773191 0.0452606 0.0222227 0.010231 0.00613248 0.00620464 0.00816202 0.0109825 0.014208 0.0175128 0.0205697 0.0230626 0.024743 0.0254794 0.0252788 0.024269 0.0226553 0.0206637 0.0184938 0.016292 0.0141484 0.0121099 0.0101998 0.00843342
 1.02348e-16 2.66176e-05 0.000156203 0.000742474 0.00285849 0.00891388 0.0225159 0.0460718 0.0763737 0.102582 0.111666 0.0985857 0.0707626 0.0416844 0.0209535 0.0104628 0.00737714 0.00832513 0.0112138 0.0150553 0.0193228 0.0235643 0.027306 0.0301007 0.0316184 0.0317209 0.0304885 0.028188 0.025197 0.02191 0.0186582 0.0156637 0.0130332 0.0107822 0.00887216 0.00724603
 1.01955e-16 2.96522e-05 0.000174025 0.000827214 0.00318478 0.00993142 0.0250861 0.05133 0.0850874 0.114277 0.124373 0.109748 0.0786528 0.0460869 0.0227123 0.0105949 0.006533 0.00674132 0.00888728 0.0119119 0.0153186 0.0187372 0.021795 0.0241397 0.0255059 0.0257731 0.0249869 0.0233374 0.0211021 0.0185764 0.0160133 0.0135886 0.011396 0.00946337 0.00777939 0.00631774
 1.01779e-16 2.85334e-05 0.000167453 0.000795962 0.00306445 0.00955614 0.0241382 0.0493908 0.0818743 0.109965 0.119692 0.105642 0.0757645 0.0445044 0.0221364 0.0106673 0.00703435 0.00760657 0.0101371 0.0135846 0.0174263 0.021242 0.0245997 0.0270931 0.0284226 0.0284619 0.0272833 0.0251292 0.0223439 0.019289 0.0162702 0.0134954 0.0110679 0.00900708 0.00728094 0.00583793
 1.02342e-16 2.31788e-05 0.000136008 0.000646453 0.00248877 0.00776088 0.0196036 0.0401135 0.0664998 0.0893289 0.0972645 0.0859296 0.0618064 0.0366666 0.0189093 0.0102294 0.00820521 0.00993549 0.0136035 0.0183116 0.0235121 0.0286768 0.0332312 0.0366281 0.0384617 0.0385577 0.0370083 0.0341344 0.030395 0.0262741 0.0221831 0.0184045 0.0150822 0.0122485 0.00986669 0.00787305
 1.0314e-16 2.37361e-05 0.000139285 0.000662042 0.0025488 0.00794812 0.0200765 0.0410807 0.0681013 0.0914749 0.0995871 0.0879481 0.0631857 0.0373396 0.0189905 0.00985054 0.00741779 0.00871007 0.011876 0.016034 0.0206926 0.0254059 0.0296909 0.0330796 0.0352117 0.0359097 0.0352102 0.0333356 0.0306242 0.027442 0.0241069 0.0208463 0.0177906 0.0149938 0.0124656 0.0101993
 1.02077e-16 3.04967e-05 0.000178984 0.000850797 0.00327559 0.0102146 0.0258013 0.0527933 0.0875123 0.117531 0.127909 0.112853 0.0808462 0.0473075 0.0231935 0.0106173 0.00627464 0.00626404 0.00818562 0.0109605 0.0141012 0.017262 0.0201014 0.0222973 0.0236073 0.0239201 0.0232762 0.0218461 0.0198795 0.0176412 0.0153566 0.0131808 0.0111949 0.00942181 0.00785121 0.00646156
 1.00786e-16 3.29163e-05 0.000193189 0.000918329 0.00353561 0.0110255 0.0278495 0.056984 0.0944583 0.126858 0.138055 0.121793 0.0872253 0.0509888 0.0249009 0.0112309 0.00639826 0.00617733 0.00796474 0.0105874 0.0135175 0.0163891 0.0188499 0.0205767 0.0213381 0.0210485 0.0197866 0.0177713 0.0153037 0.0126956 0.0102076 0.00801273 0.00619024 0.00474252 0.00362391 0.0027691
 1.00301e-16 3.64682e-05 0.000214048 0.00101751 0.00391748 0.0122163 0.0308575 0.0631381 0.104657 0.140547 0.152931 0.134868 0.0964819 0.0561834 0.0270337 0.0115084 0.00560186 0.00460446 0.00562841 0.00740709 0.00943141 0.0114096 0.0130862 0.0142324 0.0146862 0.0143904 0.0134056 0.0118925 0.0100705 0.0081664 0.00636977 0.00480637 0.00353324 0.00255057 0.00182224 0.00129656
 1.00337e-16 3.41546e-05 0.00020046 0.000952897 0.00366871 0.0114405 0.0288979 0.059129 0.0980134 0.131631 0.143244 0.126359 0.090469 0.0528324 0.0257027 0.0114249 0.00627338 0.00585524 0.00746594 0.00989307 0.0126035 0.0152409 0.0174694 0.0189831 0.019566 0.0191424 0.0177951 0.0157415 0.0132778 0.0107099 0.00829325 0.00619721 0.00449821 0.00319569 0.00223982 0.00155945
 1.00841e-16 2.84607e-05 0.000167023 0.000793912 0.00305654 0.00953148 0.0240759 0.0492637 0.0816645 0.109687 0.119396 0.1054 0.0756326 0.0445099 0.0222924 0.0109949 0.00757428 0.00841433 0.0112671 0.0150702 0.0192598 0.0233589 0.0268734 0.0293423 0.0304335 0.0300207 0.0282121 0.0253158 0.0217586 0.0179852 0.0143706 0.0111674 0.00849647 0.00636967 0.00472903 0.00348625
 1.01476e-16 2.92435e-05 0.000171623 0.000815793 0.0031408 0.00979426 0.0247396 0.0506213 0.0839133 0.112702 0.122665 0.108253 0.0776092 0.0455313 0.0225424 0.0106892 0.00682366 0.00721827 0.00957123 0.0128264 0.0164703 0.0201038 0.0233203 0.0257353 0.027062 0.0271732 0.0261267 0.0241397 0.0215272 0.0186242 0.0157187 0.0130121 0.0106122 0.00855056 0.00681069 0.00535552
 1.01799e-16 2.79951e-05 0.000164292 0.000780935 0.00300658 0.0093757 0.0236824 0.0484584 0.0803289 0.107891 0.117437 0.103658 0.0743572 0.0437082 0.0217972 0.0105987 0.00711387 0.00778487 0.010409 0.0139616 0.0179208 0.0218598 0.0253368 0.0279347 0.0293438 0.0294312 0.0282662 0.026092 0.0232569 0.0201281 0.0170178 0.0141405 0.0116055 0.0094377 0.00761037 0.00607615
 1.01569e-16 3.13675e-05 0.000184097 0.000875104 0.00336918 0.0105065 0.0265385 0.0543017 0.0900123 0.120888 0.131559 0.116068 0.083135 0.0486189 0.0237841 0.0107985 0.00625748 0.00614279 0.00798279 0.0106682 0.0137027 0.0167403 0.0194425 0.0214921 0.0226518 0.0228162 0.0220314 0.0204739 0.0183996 0.0160801 0.0137469 0.0115606 0.00960522 0.00790358 0.00644144 0.00519011
 1.01599e-16 2.86284e-05 0.00016801 0.000798612 0.00307465 0.00958795 0.0242185 0.0495553 0.082147 0.110332 0.120091 0.105997 0.0760234 0.0446651 0.0222322 0.0107393 0.00711439 0.00771447 0.0102836 0.0137735 0.0176538 0.0214957 0.024858 0.027327 0.028599 0.028549 0.0272561 0.024974 0.0220609 0.0188918 0.0157834 0.0129506 0.0104987 0.00844487 0.00675183 0.00536085
 1.02006e-16 2.76966e-05 0.00016254 0.000772606 0.00297452 0.0092757 0.0234298 0.0479415 0.079472 0.10674 0.116184 0.102552 0.0735624 0.043239 0.0215599 0.0104787 0.00702938 0.00769383 0.0102957 0.0138255 0.0177723 0.0217193 0.025234 0.0279054 0.0294254 0.0296556 0.0286535 0.0266456 0.0239617 0.0209523 0.0179176 0.0150665 0.0125102 0.0102809 0.00836273 0.0067209
 1.01903e-16 3.00179e-05 0.000176172 0.000837423 0.00322409 0.010054 0.0253957 0.0519635 0.0861373 0.115686 0.125905 0.111095 0.079607 0.0466243 0.0229365 0.0106311 0.00646275 0.00659642 0.00866987 0.0116138 0.0149323 0.0182615 0.0212376 0.023517 0.0248416 0.0250946 0.0243218 0.0227095 0.0205291 0.0180691 0.0155756 0.0132194 0.0110905 0.00921478 0.00758008 0.00615997
 1.01891e-16 2.79775e-05 0.000164188 0.000780442 0.00300468 0.00936977 0.0236674 0.0484277 0.0802782 0.107823 0.117363 0.103594 0.0743131 0.0436861 0.0217931 0.010608 0.00713411 0.00781599 0.0104516 0.0140156 0.0179841 0.0219279 0.0254029 0.0279903 0.0293809 0.0294437 0.0282519 0.0260536 0.0232019 0.0200677 0.016965 0.0141072 0.0116008 0.0094663 0.00767191 0.00616592
 1.03609e-16 1.66702e-05 9.77888e-05 0.000464735 0.00178907 0.00557889 0.0140922 0.0288375 0.0478123 0.0642439 0.0699979 0.0619518 0.0448026 0.0270667 0.0148565 0.00947999 0.00928721 0.0122612 0.0171126 0.0231334 0.0297725 0.0364063 0.0423264 0.0468487 0.0494577 0.0499202 0.0483286 0.0450565 0.040649 0.0356856 0.0306624 0.0259245 0.0216552 0.0179083 0.0146597 0.0118553
pSPR Fmed_Fpbrs
0.535311   0.6 0.325
Fs Fmed_Fpbrs
0.574882   0.43718 1.47455
SSBpbr Bo_Bmed_Bpbrs
924043  448448  508224 254112
Ro
37049.1
SPR SPRFo_SPRFmed_SPRFpbrs
761834 407818 247596
log_Ro
10.34
likeval ReclasPelacesDesembMPH_pf_preclas_ppelaces_ptallas_desvR_qrecl_qpela
 62.6691 16.0001 0.00804558 0.000208804 309.844 190.415 76.6179 0 15.6977 1.36754e-05 6.33868e-05 6.01534e-15 0 0 0
q_reclas_q_pelaces
0.592132 3.104
M
0.7
N
 38416.3 11010.1 3591.5 421.108 0.243323
 46465 17195.2 2852.92 725.326 83.5333
 25571.9 21060.7 4820.37 642.416 179.181
 38653.5 10928.6 4084.55 652.074 108.172
 67387.6 18620.2 4486.31 1558.81 288.557
 48262.4 33284.2 8940.2 2126.41 874.764
 83544.1 22769.7 11992.1 2848.51 947.4
 80319.6 40181.1 9254.74 4514.13 1420.64
 103301 37418 13375.3 2642.92 1675.39
 117692 47709.6 11798.1 3543.64 1129.09
 66202.9 55314.9 16784.2 3637.05 1426.24
 45229.3 29592 14210.9 3349.78 991.461
 45296.8 20458.8 8190.2 3143.89 944.371
 24374.2 19374.7 3988.78 1116.03 542.274
 14822.7 9029.82 1535.5 156.488 61.6908
 14148.1 5263.25 548.664 41.7149 5.57811
 10809.7 6105.01 1084.27 80.6824 6.78146
 12386.5 4852.32 1610.59 224.484 17.7838
 13581.6 5746.08 1572.97 443.391 65.8874
 22112.5 6382.85 2020.57 484.608 155.356
 28513.3 10369 2213.49 610.647 191.414
 36267 13788.9 4361.28 873.625 315.047
 57613.2 17428.9 5576.37 1630.31 441.717
 69091.1 27498.2 6752.36 1964.4 724.72
 30852.8 32982 10664.7 2382.15 941.939
pred_Ctot
 2741.63 3928.98 1611.99 191.576 0.110775
 2930.83 5563.59 1172.61 302.387 34.8511
 2585.68 9731.14 2709.72 365.196 101.92
 833.584 1377.33 690.345 112.221 18.6342
 260.04 444.463 147.284 52.2064 9.67437
 1738.26 6691.74 2363.48 571.594 235.35
 1894.44 3006.76 2120.39 512.798 170.717
 3586.73 9747.4 2918.8 1446.42 455.586
 5218.61 10082.1 4650.28 933.057 591.958
 4546.57 10203.7 3306.43 1009.54 321.945
 4784.02 19932.4 7599 1668.91 654.913
 2914.11 9739.31 5931.7 1418.04 420.021
 4556.12 9418.32 4589.71 1781.72 535.518
 4527.49 12913.4 3003.88 845.9 411.157
 3096.69 6361.48 1203.79 123.364 48.6468
 1344.3 2327.35 297.093 22.8526 3.05773
 751.08 2133.38 477.625 36.0294 3.03051
 588.689 1241.57 533.791 75.5676 5.99147
 525.336 1230.28 441.289 126.449 18.8065
 888.905 1413.52 585.143 142.64 45.7671
 537.316 1151.87 331.012 93.0111 29.1839
 842.74 1862.55 788.197 160.742 58.0221
 1613.7 2794.97 1188.64 353.628 95.9007
 1927.1 4392.93 1434.06 424.544 156.771
 775.365 4789.25 2066.54 469.857 185.964
F
 0.103853 0.650467 0.899702 0.91822 0.919215
 0.0912892 0.571778 0.790863 0.80714 0.808015
 0.150111 0.940199 1.30045 1.32721 1.32865
 0.0303915 0.190353 0.26329 0.268709 0.269
 0.00537855 0.0336878 0.0465958 0.0475548 0.0476064
 0.0512233 0.32083 0.443761 0.452894 0.453385
 0.0319787 0.200294 0.27704 0.282742 0.283048
 0.0638616 0.399989 0.55325 0.564637 0.56525
 0.0725192 0.454215 0.628253 0.641183 0.641879
 0.0550328 0.344691 0.476764 0.486576 0.487104
 0.10522 0.65903 0.911546 0.930307 0.931316
 0.0933309 0.584566 0.808551 0.825192 0.826087
 0.149269 0.934928 1.29316 1.31977 1.3212
 0.292991 1.83511 2.53826 2.5905 2.59331
 0.335411 2.1008 2.90575 2.96556 2.96877
 0.140474 0.879842 1.21697 1.24201 1.24336
 0.100985 0.632506 0.874859 0.892865 0.893833
 0.0680928 0.426491 0.589906 0.602048 0.6027
 0.0551042 0.345138 0.477382 0.487208 0.487736
 0.0573244 0.359044 0.496617 0.506838 0.507388
 0.0265114 0.166051 0.229675 0.234402 0.234656
 0.0327815 0.205323 0.283995 0.28984 0.290154
 0.0396329 0.248236 0.34335 0.350417 0.350797
 0.0394643 0.24718 0.34189 0.348927 0.349305
 0.0354958 0.222323 0.307509 0.313838 0.314179
YTP_r0W_actual
 8684.09 105364 68195.9 19311.1 7959.26
YTP_p0W_proyectada
 8330.82 61636.1 104967 41348.3 14301.3
 8330.82 55558.8 43137.7 45076.7 20038.4
CTP_r0_actual
 775.365 4789.25 2066.54 469.857 185.964
CTP_p0_proyectada
 980.097 2880.19 3364.33 1015.93 307.554
 980.097 2596.21 1382.62 1107.54 430.934
Wmedp
 8.5 21.4 31.2 40.7 46.5
nmprior
 10.6 11 7 0
nm_flota  nm_reclas  nm_pelaces    nm_pelaL
inf 17.8842 17.1899 40.3512
cv_recla  cv_pelaces  cv_mph
0.716064 0.453559 0.468822
 ------------------------------------------------
Talla a la edad & desviaci?n 
 7.2 14.2025 17.0495 18.207 18.6776
 1.08 2.13037 2.55742 2.73105 2.80164
