    unsorted:	 1.298620152e-06 8.118402764e-06 0.0008999973300 0.005076386516 1.373086358 70.70773389 67.61013414 39.18844904 117.1883923 150.2546014 295.8883812 458.2475598 449.4599775 551.3782008 641.7624850 713.4722060 745.2424290 791.0722980 886.8967342 920.4610473 988.0657431 1078.109207 1165.503155 1250.370830 1279.199130 1402.545665 1506.246346 1661.136455 1729.866638 2033.269371 2120.264970 2344.465798 2886.727367 2826.502086 3102.213598 3353.983145 3595.392725 17436.50106 43123.86933 196411.2104 258122.4389 373250.1386 447807.5994 497219.0971 574935.7282 547219.7292 597000.4169 615945.0178 639709.3597 689236.4255 785214.7239 783749.8944 866787.0922 1020487.635 1066309.538 1215076.264 1382376.723 1496985.651 1646623.092 1784140.526 1977553.812 2167026.804 2386237.810 2519411.714 8333057.648
      sorted:	 1.298620152e-06 8.118402764e-06 0.0008999973300 0.005076386516 1.373086358 39.18844904 67.61013414 70.70773389 117.1883923 150.2546014 295.8883812 449.4599775 458.2475598 551.3782008 641.7624850 713.4722060 745.2424290 791.0722980 886.8967342 920.4610473 988.0657431 1078.109207 1165.503155 1250.370830 1279.199130 1402.545665 1506.246346 1661.136455 1729.866638 2033.269371 2120.264970 2344.465798 2826.502086 2886.727367 3102.213598 3353.983145 3595.392725 17436.50106 43123.86933 196411.2104 258122.4389 373250.1386 447807.5994 497219.0971 547219.7292 574935.7282 597000.4169 615945.0178 639709.3597 689236.4255 783749.8944 785214.7239 866787.0922 1020487.635 1066309.538 1215076.264 1382376.723 1496985.651 1646623.092 1784140.526 1977553.812 2167026.804 2386237.810 2519411.714 8333057.648
