years
 1997 1998 1999 2000 2001 2002 2003 2004 2005 2006 2007 2008 2009 2010 2011 2012 2013 2014 2015 2016 2017 2018 2019 2020 2021
reclasobs
 0 0 0 370054 412103 1.49427e+06 250295 1.28982e+06 931140 785840 897777 1.04006e+06 184774 17550 25797 100020 73551 82996 120727 218422 84188 347160 605670 569463 516374
reclaspred
 374821 103909 324080 241239 358196 428339 947220 631117 701425 631012 495248 332012 203761 95557.4 68394.3 70850.3 89481.3 122382 128182 185990 269975 244531 422014 531236 600241
pelacesobs
 0 0 0 0 0 0 0 0 0 2.06254e+06 1.5e+06 0 1.87456e+06 323000 250000 174000 83755 137374 0 501740 490994 745055 786931 1.00524e+06 1.33801e+06
pelacespred
 1.10365e+06 270864 522833 588542 746388 749970 1.87863e+06 1.56751e+06 1.5372e+06 1.39869e+06 989993 684378 418314 164421 115712 127967 168557 232869 252048 354442 570067 506732 689096 1.02921e+06 1.16385e+06
mphobs
 0 0 0 0 0 112323 0 153150 637223 0 255016 313432 73983 77613 109348 50772 0 0 0 0 0 0 0 0 0
mphpred
 701186 431690 537180 673978 721703 1.137e+06 1.72436e+06 2.03559e+06 1.74223e+06 1.7528e+06 1.628e+06 1.14515e+06 705736 373659 183624 160934 197479 274498 339881 387412 587260 694517 861904 1.22405e+06 1.65788e+06
desembarqueobs
 350755 77701 442110 56441 14545 235359 269955 359681 431902 328805 639364 411747 362871 311530 167758 66681 60226 58785 57116 73181 50977 67692 138656 160484 209506
desembarquepred
 350761 77701.2 442110 56442.1 14545.1 235393 269981 359686 431935 328829 639591 412002 363215 311985 167805 66692.4 60244.1 58786.4 57112.6 73179.9 50977.2 67686.9 138656 160487 209505
Reclutas
 52585.4 67874.9 41325.7 67919.3 116693 84089.4 134100 125011 150363 146139 68241.7 40227.7 42891.3 23763.5 18636 23350.6 19310.7 21547.3 24045.3 44923.6 55765.6 69643.8 114042 133537 51352.8
log_desv_Rt
 -0.0698064 0.185421 -0.310759 0.186075 0.7273 0.399636 0.866341 0.796155 0.980807 0.952315 0.19081 -0.33769 -0.273577 -0.864092 -1.10715 -0.881621 -1.07158 -0.961994 -0.852305 -0.227282 -0.0110878 0.211149 0.704323 0.862136 -0.0935245
SSB
 701186 431690 537180 673978 721703 1.137e+06 1.72436e+06 2.03559e+06 1.74223e+06 1.7528e+06 1.628e+06 1.14515e+06 705736 373659 183624 160934 197479 274498 339881 387412 587260 694517 861904 1.22405e+06 1.65788e+06
BT
 2.26411e+06 616467 1.17884e+06 1.11365e+06 1.34754e+06 1.52833e+06 3.54748e+06 3.21549e+06 3.14818e+06 2.82264e+06 2.35355e+06 1.60633e+06 1.10715e+06 595708 350457 284379 351276 464004 500632 694506 1.06225e+06 970984 1.32955e+06 1.97487e+06 2.24853e+06
Ftot
 0.427489 0.353133 0.512446 0.0973222 0.0188093 0.183533 0.114393 0.224422 0.25153 0.201663 0.419358 0.389537 0.617146 1.0787 0.996512 0.391944 0.279341 0.189048 0.161445 0.168942 0.0771567 0.101729 0.122456 0.118475 0.11048
BD_Bspro_t
 0.947679 0.757081 0.71938 0.600723 0.729999 0.848027 0.82025 0.827085 0.779343 0.745645 0.710705 0.562975 0.449553 0.338072 0.221137 0.237232 0.353222 0.518212 0.625596 0.704391 0.797472 0.858666 0.862355 0.865701 0.866809
BD_Bspro
 0.60474 0.372313 0.463293 0.581275 0.622436 0.98061 1.48718 1.7556 1.50259 1.51171 1.40407 0.98764 0.608665 0.322263 0.158367 0.138798 0.170317 0.236742 0.293131 0.334125 0.506485 0.598989 0.743352 1.05569 1.42984
BD_Bo
 0.526621 0.324218 0.403445 0.506187 0.542031 0.853937 1.29507 1.52882 1.30849 1.31643 1.2227 0.860058 0.530039 0.280634 0.13791 0.120869 0.148316 0.20616 0.255265 0.290963 0.441058 0.521612 0.647327 0.919318 1.24514
BD_Brms
 1.83858 1.13194 1.40854 1.76724 1.89238 2.98133 4.52145 5.33752 4.5683 4.59602 4.26878 3.0027 1.85051 0.97977 0.48148 0.421986 0.517811 0.71976 0.891201 1.01583 1.53985 1.82109 2.26 3.20959 4.34712
S_f
 0.190462 1 1 1 1
 0.190462 1 1 1 1
 0.190462 1 1 1 1
 0.190462 1 1 1 1
 0.190462 1 1 1 1
 0.190462 1 1 1 1
 0.190462 1 1 1 1
 0.190462 1 1 1 1
 0.190462 1 1 1 1
 0.190462 1 1 1 1
 0.190462 1 1 1 1
 0.190462 1 1 1 1
 0.190462 1 1 1 1
 0.190462 1 1 1 1
 0.190462 1 1 1 1
 0.190462 1 1 1 1
 0.190462 1 1 1 1
 0.190462 1 1 1 1
 0.190462 1 1 1 1
 0.190462 1 1 1 1
 0.190462 1 1 1 1
 0.190462 1 1 1 1
 0.190462 1 1 1 1
 0.190462 1 1 1 1
 0.190462 1 1 1 1
Scru_reclas
 1 1 1 1 1
 1 1 1 1 1
 1 1 1 1 1
 1 1 1 1 1
 1 1 1 1 1
 1 1 1 1 1
 1 1 1 1 1
 1 1 1 1 1
 1 1 1 1 1
 1 1 1 1 1
 1 1 1 1 1
 1 1 1 1 1
 1 1 1 1 1
 1 1 1 1 1
 1 1 1 1 1
 1 1 1 1 1
 1 1 1 1 1
 1 1 1 1 1
 1 1 1 1 1
 1 1 1 1 1
 1 1 1 1 1
 1 1 1 1 1
 1 1 1 1 1
 1 1 1 1 1
 1 1 1 1 1
Scru_pelaces
 1 1 1 1 1
 1 1 1 1 1
 1 1 1 1 1
 1 1 1 1 1
 1 1 1 1 1
 1 1 1 1 1
 1 1 1 1 1
 1 1 1 1 1
 1 1 1 1 1
 1 1 1 1 1
 1 1 1 1 1
 1 1 1 1 1
 1 1 1 1 1
 1 1 1 1 1
 1 1 1 1 1
 1 1 1 1 1
 1 1 1 1 1
 1 1 1 1 1
 1 1 1 1 1
 1 1 1 1 1
 1 1 1 1 1
 1 1 1 1 1
 1 1 1 1 1
 1 1 1 1 1
 1 1 1 1 1
pf_obs 
 0.256992 0.487395 0.22802 0.0275931 0
 0.321318 0.546541 0.124235 0.00734118 0.000564706
 0.182869 0.594174 0.210203 0.0122559 0.00049798
 0.330522 0.361315 0.267642 0.0388342 0.00168674
 0.649043 0.306663 0.0425973 0.00169635 0
 0.582887 0.30429 0.105238 0.00758474 0
 0.465427 0.430635 0.0974691 0.00646863 0
 0.296916 0.608066 0.0921331 0.00288517 0
 0.311714 0.524322 0.152257 0.0117073 0
 0.15457 0.633149 0.183074 0.0267441 0.00246327
 0.131901 0.49318 0.331252 0.0422183 0.00144891
 0.196976 0.569456 0.194076 0.0375587 0.00193317
 0.518974 0.381816 0.0799577 0.0180837 0.00116848
 0.0928022 0.601141 0.25162 0.0475244 0.00691264
 0.122501 0.610282 0.24278 0.0234846 0.000952079
 0.383417 0.481906 0.127806 0.00687128 0
 0.0376549 0.599619 0.316969 0.0457579 0
 0.0361596 0.667082 0.258105 0.0386534 0
 0.158088 0.579412 0.248529 0.0139706 0
 0.0477256 0.309471 0.559284 0.082774 0.000745712
 0.0406174 0.521527 0.379366 0.0568643 0.0016247
 0.151134 0.462217 0.34131 0.0453401 0
 0.294876 0.26143 0.354403 0.0886775 0.000613685
 0.281977 0.475581 0.204845 0.0348837 0.00271318
 0.0841818 0.532909 0.334909 0.0458182 0.00218182
pf_pred 
 0.343092 0.462514 0.173741 0.0206428 1.09637e-05
 0.318358 0.524935 0.110334 0.0414464 0.00492702
 0.180777 0.608632 0.162177 0.0340874 0.014327
 0.300076 0.417147 0.210086 0.0559799 0.0167115
 0.321696 0.476006 0.120567 0.0607208 0.0210099
 0.174627 0.590315 0.164954 0.0417812 0.0283228
 0.265189 0.40208 0.237973 0.0664977 0.0282609
 0.20843 0.527389 0.144557 0.0855565 0.0340679
 0.241307 0.459165 0.199563 0.0547 0.0452656
 0.214897 0.512064 0.165245 0.0718191 0.0359758
 0.116161 0.54082 0.223725 0.072197 0.0470965
 0.113272 0.404713 0.294945 0.122012 0.0650586
 0.194404 0.359137 0.203769 0.148502 0.0941882
 0.174786 0.519464 0.136304 0.077337 0.0921087
 0.249491 0.490962 0.163382 0.0428705 0.0532942
 0.329582 0.495949 0.114133 0.0379811 0.0223552
 0.221611 0.588507 0.140467 0.0323257 0.017089
 0.232963 0.483049 0.214711 0.051248 0.0180284
 0.229687 0.489094 0.177101 0.0787197 0.0253989
 0.329832 0.420631 0.158438 0.0573705 0.0337285
 0.271173 0.536627 0.120635 0.0454392 0.0261267
 0.252185 0.500459 0.182125 0.040942 0.0242886
 0.302848 0.45293 0.163441 0.0594787 0.0213031
 0.253097 0.527992 0.142223 0.0513216 0.0253661
 0.0928583 0.59194 0.222819 0.0600199 0.0323631
pobs_RECLAS
 0 0 0 0 0
 0 0 0 0 0
 0 0 0 0 0
 0 0 0 0 0
 0.835266 0.146461 0.0176864 0.000547809 3.91292e-05
 0.385257 0.428462 0.181853 0.0044286 0
 0.867414 0.0963971 0.0333333 0.00285562 0
 0.441836 0.489002 0.0689373 0.000224442 0
 0.779404 0.147425 0.0564933 0.0165055 0.000172143
 0.814271 0.122319 0.05973 0.00367925 0
 0.40263 0.566651 0.0304383 0.000280538 0
 0.475488 0.404961 0.113038 0.00651328 0
 0.955842 0.0263864 0.0167828 0.000988607 0
 0.975058 0.0227948 0.00214734 0 0
 0.738997 0.206755 0.0527124 0.00153531 0
 0.850938 0.134255 0.0134407 0.00136685 0
 0.542534 0.407297 0.0501686 0 0
 0.764087 0.199537 0.0359546 0.000420521 0
 0.470689 0.182191 0.310203 0.0369168 0
 0.84361 0.089868 0.0606195 0.00523954 0.000663233
 0.607945 0.314616 0.071237 0.00620181 0
 0.523733 0.453247 0.0230204 0 0
 0.530135 0.295979 0.169645 0.0042399 0
 0.562478 0.366248 0.0663022 0.0049721 0
 0.250443 0.683176 0.0655157 0.000865301 0
ppred_RECLAS
 0.73805 0.184433 0.0692812 0.00823155 4.37192e-06
 0.714707 0.219705 0.046179 0.0173469 0.00206214
 0.545215 0.337877 0.0900313 0.0189233 0.00795348
 0.693449 0.182701 0.0920127 0.0245179 0.00731927
 0.713656 0.200944 0.0508971 0.0256331 0.00886925
 0.528725 0.33706 0.0941862 0.0238564 0.0161719
 0.655883 0.188297 0.111444 0.0311413 0.0132348
 0.583306 0.277625 0.0760968 0.0450382 0.0179338
 0.628788 0.224659 0.0976419 0.0267635 0.0221475
 0.592347 0.265881 0.085801 0.037291 0.0186799
 0.414707 0.35814 0.148155 0.0478101 0.0311881
 0.407257 0.270535 0.197159 0.0815602 0.0434891
 0.569602 0.191873 0.108866 0.0793385 0.050321
 0.550033 0.28325 0.074323 0.0421698 0.0502244
 0.655063 0.225648 0.0750912 0.0197035 0.0244943
 0.725626 0.202971 0.0467098 0.0155441 0.00914905
 0.603033 0.30013 0.071636 0.0164856 0.00871511
 0.617015 0.241189 0.107206 0.0255883 0.00900168
 0.612255 0.24619 0.0891456 0.0396244 0.0127848
 0.722798 0.173986 0.0655349 0.0237302 0.0139511
 0.662279 0.24866 0.0558991 0.0210554 0.0121065
 0.640257 0.24075 0.0876128 0.0196955 0.0116843
 0.696534 0.197157 0.0711446 0.0258907 0.0092731
 0.641582 0.253369 0.0682491 0.0246278 0.0121725
 0.350858 0.423587 0.159447 0.0429497 0.0231587
pobs_PELACES
 0 0 0 0 0
 0 0 0 0 0
 0 0 0 0 0
 0 0 0 0 0
 0 0 0 0 0
 0 0 0 0 0
 0 0 0 0 0
 0 0 0 0 0
 0 0 0 0 0
 0 0 0 0 0
 0.450072 0.473896 0.0757376 0.000293798 0
 0 0 0 0 0
 0.463077 0.371075 0.160297 0.00555027 0
 0.529543 0.364841 0.0842815 0.0213345 0
 0.631943 0.363953 0.00410389 0 0
 0.735681 0.248677 0.0153453 0.000297389 0
 0.695825 0.281241 0.0229344 0 0
 0.275771 0.60734 0.115278 0.00161068 0
 0 0 0 0 0
 0.896147 0.0623911 0.0374545 0.00400742 0
 0.803859 0.145111 0.0509908 3.86294e-05 0
 0.739449 0.233085 0.0266225 0.000797448 4.60066e-05
 0.878498 0.100942 0.0204185 0.000141795 0
 0.694673 0.275183 0.0284847 0.00165964 0
 0.469039 0.446079 0.0841089 0.000773354 0
ppred_PELACES
 0.759522 0.169315 0.0636022 0.00755682 4.01355e-06
 0.733547 0.205196 0.0431294 0.0162013 0.00192596
 0.578899 0.312852 0.0833631 0.0175218 0.00736441
 0.698948 0.179423 0.0903622 0.0240781 0.00718797
 0.714682 0.200224 0.0507148 0.0255412 0.00883748
 0.540923 0.328337 0.0917485 0.0232389 0.0157533
 0.662747 0.184541 0.109221 0.0305201 0.0129708
 0.597802 0.267967 0.0734495 0.0434714 0.0173099
 0.644332 0.215252 0.0935532 0.0256428 0.0212201
 0.605288 0.257441 0.0830772 0.0361071 0.0180869
 0.442133 0.341358 0.141212 0.0455698 0.0297267
 0.4326 0.258968 0.188729 0.0780731 0.0416297
 0.609473 0.174098 0.0987807 0.0719889 0.0456594
 0.619865 0.239291 0.0627885 0.0356253 0.0424299
 0.712506 0.188071 0.0625862 0.0164222 0.0204152
 0.745973 0.187919 0.0432459 0.0143913 0.00847057
 0.620753 0.286733 0.0684384 0.0157497 0.00832609
 0.628877 0.233719 0.103886 0.0247958 0.00872288
 0.622443 0.239722 0.0868033 0.0385833 0.0124489
 0.731749 0.168368 0.0634187 0.0229639 0.0135006
 0.666874 0.245277 0.0551386 0.0207689 0.0119417
 0.646493 0.236577 0.0860943 0.0193541 0.0114817
 0.703405 0.192694 0.069534 0.0253045 0.00906317
 0.648827 0.248247 0.0668695 0.02413 0.0119264
 0.357609 0.419181 0.157789 0.042503 0.0229179
pobs_pel_tallas
 0 0 0 0 0 0 0 0 0 0 0 0 0 0 0 0 0 0 0 0 0 0 0 0 0 0 0 0 0 0 0 0 0 0 0 0
 0 0 0 0 0 0 0 0 0 0 0 0 0 0 0 0 0 0 0 0 0 0 0 0 0 0 0 0 0 0 0 0 0 0 0 0
 0 0 0 0 0 0 0 0 0 0 0 0 0 0 0 0 0 0 0 0 0 0 0 0 0 0 0 0 0 0 0 0 0 0 0 0
 0 0 0 0 0 0 0 0 0 0 0 0 0 0 0 0 0 0 0 0 0 0 0 0 0 0 0 0 0 0 0 0 0 0 0 0
 0 0 0 0 0 0 0 0 0 0 0 0 0 0 0 0 0 0 0 0 0 0 0 0 0 0 0 0 0 0 0 0 0 0 0 0
 0 0 0 0 0 0 0 0 0 0 0 0 0 0 0 0 0 0 0 0 0 0 0 0 0 0 0 0 0 0 0 0 0 0 0 0
 0 0 0 0 0 0 0 0 0 0 0 0 0 0 0 0 0 0 0 0 0 0 0 0 0 0 0 0 0 0 0 0 0 0 0 0
 0 0 0 0 0 0 0 0 0 0 0 0 0 0 0 0 0 0 0 0 0 0 0 0 0 0 0 0 0 0 0 0 0 0 0 0
 0 0 0 0 0 0 0 0 0 0 0 0 0 0 0 0 0 0 0 0 0 0 0 0 0 0 0 0 0 0 0 0 0 0 0 0
 0 0 0 0 0 0 0 0 0 0 0 0 0 0 0 0 0 0 0 0 0 0 0 0 0 0 0 0 0 0 0 0 0 0 0 0
 0 0 0 0 0 0 0 0 1.78061e-05 0.00172719 0.00360574 0.0105946 0.0120993 0.0124554 0.0147524 0.0171206 0.0266825 0.0428682 0.0675386 0.121331 0.153587 0.119568 0.100827 0.0573624 0.0630603 0.0341343 0.0324427 0.0444173 0.0211091 0.0280891 0.0125444 0.00206551 0 0 0 0
 0 0 0 0 0 0 0 0 0 0 0 0 0 0 0 0 0 0 0 0 0 0 0 0 0 0 0 0 0 0 0 0 0 0 0 0
 0 0 0 0 0 0 0.0133647 0.0140871 0.0187388 0.0205184 0.03894 0.0496705 0.03968 0.0493445 0.0407372 0.0367815 0.0215668 0.0243155 0.0234873 0.0199281 0.019796 0.0243948 0.0301388 0.0376714 0.0412746 0.0863199 0.0771752 0.113111 0.0741005 0.0525337 0.0229764 0.00759418 0.00175318 0 0 0
 0 0 0 0 0 0 0 0 0 0 0.00219441 0.00772107 0.0458388 0.0604681 0.0671733 0.0775358 0.0609151 0.0617685 0.073594 0.0568108 0.0755445 0.0548602 0.0670107 0.0636378 0.0643287 0.046367 0.0373049 0.0286899 0.0247887 0.0153202 0.00654259 0.00121912 0.000365735 0 0 0
 0 0 0 0 0 0 0 0 0 0 0 0 0.000112435 0.00938835 0.0111873 0.0202946 0.0414886 0.0713402 0.111592 0.104902 0.108894 0.110636 0.117776 0.105296 0.107544 0.0401394 0.0192827 0.0124803 0.00416011 0.0028671 0.000618394 0 0 0 0 0
 0 0 0 0 0 0 0 0 0 0 0.00291406 0.0102884 0.027416 0.0768956 0.0749926 0.110853 0.0956884 0.0897413 0.0766577 0.0534642 0.0500743 0.0551293 0.0594112 0.0620874 0.0668451 0.0424026 0.0208742 0.0120726 0.0048766 0.00582813 0.00118941 0.000297354 0 0 0 0
 0 0.00264628 0.0354308 0.0461629 0.0458689 0.0383711 0.0214643 0.0164657 0.0346957 0.0420465 0.0363128 0.0245516 0.0311673 0.0291091 0.0169068 0.0133784 0.00837989 0.0085269 0.0148486 0.0160247 0.0276389 0.0546898 0.0760071 0.122758 0.109233 0.0665981 0.0333725 0.0166128 0.00676272 0.00308733 0.000882094 0 0 0 0 0
 0 0 0 0 0 0 0 0.000805153 0.000690131 0.00759144 0.0133425 0.0154129 0.00931677 0.000345066 0.00356568 0.00563607 0.00851162 0.0253048 0.0502646 0.0516448 0.0657925 0.0565908 0.0611916 0.0827007 0.0866115 0.110766 0.145733 0.0935128 0.0569358 0.0249597 0.0138026 0.00621118 0.00161031 0.00115022 0 0
 0 0 0 0 0 0 0 0 0 0 0 0 0 0 0 0 0 0 0 0 0 0 0 0 0 0 0 0 0 0 0 0 0 0 0 0
 0.00147267 0.00158595 0.00478618 0.00569244 0.00954404 0.0108468 0.00647125 0.017049 0.0510054 0.094081 0.124002 0.0959785 0.0687766 0.0820023 0.061753 0.0591476 0.0492212 0.0479892 0.0443925 0.0268479 0.0217502 0.0140895 0.0121071 0.0120363 0.00920419 0.00665534 0.0049561 0.00860946 0.00930331 0.0156896 0.0114698 0.00855282 0.00243557 0.00046729 0 2.83206e-05
 0 0 0 0 0.000772559 0.00158375 0.000888443 0.00281984 0.00712685 0.0440552 0.0773331 0.111326 0.0921469 0.0852325 0.0710754 0.0886704 0.0786465 0.0553345 0.0373146 0.0185414 0.00753245 0.00457741 0.012979 0.0271748 0.0457355 0.0583668 0.034881 0.0177882 0.00938659 0.00492506 0.0015258 0.00185414 0.000309023 5.79419e-05 3.86279e-05 0
 0 0.00173294 0.00326652 0 0.00397197 0.00683976 0.00946217 0.0152591 0.00757587 0.0136028 0.0228656 0.0392903 0.0559909 0.0764795 0.0681675 0.0726916 0.0566044 0.0477403 0.0527397 0.0444891 0.0609904 0.0582453 0.0661739 0.0445044 0.0529084 0.0360697 0.0280645 0.0235558 0.0158879 0.00826598 0.00280645 0.00217768 0.000904811 0.00058276 9.20147e-05 0
 0 0 0 0 0 0 0 0 0 0 0 0 0 0 0 0 0 0 0 0 0 0 0 0 0 0 0 0 0 0 0 0 0 0 0 0
 0 0 0 0 0 0 0 0 0 0 0 0 0 0 0 0 0 0 0 0 0 0 0 0 0 0 0 0 0 0 0 0 0 0 0 0
 0 0 0 0 0 0 0 0 0 0 0 0 0 0 0 0 0 0 0 0 0 0 0 0 0 0 0 0 0 0 0 0 0 0 0 0
ppred_pel_tallas
 1.01218e-16 3.31384e-05 0.000194497 0.000924553 0.00355958 0.0111002 0.0280383 0.05737 0.0950971 0.127712 0.138975 0.122584 0.0877435 0.0511961 0.0248249 0.0108997 0.00580288 0.00527507 0.00670441 0.00893866 0.0114963 0.0140752 0.0163917 0.0181798 0.0192375 0.0194688 0.0189016 0.0176713 0.0159807 0.0140487 0.0120664 0.0101708 0.00844061 0.00690679 0.00557045 0.00441949
 1.01326e-16 3.20071e-05 0.000187852 0.000892956 0.00343792 0.0107208 0.02708 0.0554095 0.0918485 0.123353 0.134241 0.11843 0.0848198 0.0495891 0.0242301 0.0109516 0.00627542 0.00609729 0.00789155 0.0105242 0.013489 0.0164357 0.019025 0.0209413 0.0219527 0.0219625 0.021028 0.0193389 0.0171638 0.0147845 0.0124388 0.0102882 0.00841242 0.00682549 0.00550149 0.00439908
 1.02232e-16 2.52682e-05 0.000148279 0.000704797 0.00271342 0.00846147 0.0213732 0.0437338 0.0724992 0.0973811 0.106014 0.0936163 0.0672416 0.0397028 0.020129 0.0103345 0.0076453 0.00887479 0.0120401 0.0161924 0.0208022 0.0253946 0.0294624 0.0325233 0.0342177 0.0343883 0.0331104 0.0306596 0.027433 0.0238504 0.0202697 0.0169376 0.0139819 0.0114344 0.00926856 0.00743452
 1.02505e-16 3.04975e-05 0.000178992 0.000850837 0.00327575 0.0102151 0.0258026 0.0527957 0.0875155 0.117533 0.127905 0.112836 0.0808019 0.0472185 0.0230332 0.0103497 0.00585517 0.00564536 0.00732718 0.00984192 0.0127364 0.0157103 0.0184701 0.0207336 0.0222784 0.0229856 0.0228587 0.0220085 0.0206143 0.018874 0.0169623 0.0150077 0.0130896 0.0112506 0.00951331 0.00789451
 1.02076e-16 3.11843e-05 0.000183022 0.000869995 0.00334951 0.0104451 0.0263836 0.0539846 0.0894866 0.120181 0.13079 0.115387 0.0826432 0.0483228 0.0236234 0.0106991 0.00616385 0.00602243 0.00781862 0.0104526 0.0134363 0.0164332 0.0191157 0.0211766 0.022387 0.0226447 0.0219939 0.0206033 0.0187165 0.0165894 0.0144374 0.0124061 0.0105674 0.00893664 0.00749668 0.00622096
 1.02944e-16 2.36129e-05 0.000138559 0.000658586 0.00253549 0.00790659 0.0199717 0.0408663 0.0677467 0.091001 0.0990774 0.0875127 0.062905 0.0372377 0.019056 0.010073 0.00780847 0.00929908 0.0126969 0.0171053 0.022002 0.0268988 0.0312675 0.0346033 0.0365276 0.0368715 0.035707 0.0333133 0.0300953 0.0264807 0.0228331 0.0194021 0.016316 0.0136071 0.0112511 0.0092033
 1.03266e-16 2.89192e-05 0.000169725 0.000806781 0.00310613 0.00968615 0.0244665 0.050062 0.0829845 0.11145 0.121289 0.107009 0.076652 0.0448388 0.0219581 0.0100137 0.00587514 0.00585031 0.00767715 0.0103536 0.0134445 0.0166517 0.0196774 0.0222305 0.0240762 0.025081 0.0252321 0.0246236 0.0234181 0.0217993 0.0199313 0.0179376 0.0158994 0.0138678 0.0118801 0.00997218
 1.03433e-16 2.60905e-05 0.000153111 0.00072778 0.00280192 0.00873748 0.0220703 0.0451599 0.0748616 0.100549 0.10945 0.0966201 0.0693324 0.0408034 0.02044 0.0100926 0.00697797 0.00779174 0.0104896 0.01412 0.018193 0.0223 0.0260124 0.0289213 0.0307184 0.0312618 0.0306012 0.02895 0.0266193 0.0239362 0.0211752 0.0185204 0.0160626 0.0138223 0.0117825 0.00991819
 1.03271e-16 2.81174e-05 0.000165015 0.000784383 0.00301988 0.00941718 0.0237871 0.0486722 0.0806818 0.10836 0.117935 0.104069 0.0745883 0.0437166 0.0215664 0.0101004 0.00628845 0.00654901 0.00868002 0.0116888 0.0151162 0.018622 0.0218594 0.0244945 0.0262669 0.027043 0.0268371 0.0257921 0.0241304 0.0220931 0.0198883 0.017663 0.0155012 0.0134397 0.0114913 0.00966376
 1.0335e-16 2.64166e-05 0.000155026 0.000736886 0.00283699 0.00884683 0.0223465 0.0457249 0.0757979 0.101806 0.110815 0.0978171 0.0701751 0.0412666 0.0206117 0.0100783 0.00684302 0.00755714 0.0101517 0.0136702 0.01763 0.0216366 0.025277 0.0281562 0.0299732 0.0305851 0.0300316 0.028509 0.0263088 0.0237401 0.0210649 0.018462 0.0160246 0.0137804 0.0117225 0.0098354
 1.05071e-16 1.93058e-05 0.000113271 0.000538362 0.00207259 0.00646306 0.0163254 0.033406 0.0553818 0.0743993 0.081022 0.071612 0.0515783 0.0307403 0.0161158 0.00914574 0.0078465 0.00983364 0.0136169 0.0184548 0.0238751 0.0293978 0.0344842 0.0386071 0.0413564 0.0425238 0.0421367 0.0404268 0.0377521 0.0344985 0.0309983 0.0274847 0.0240887 0.0208652 0.0178297 0.0149898
 1.07392e-16 1.88868e-05 0.000110819 0.000526719 0.00202779 0.00632338 0.0159725 0.0326833 0.0541817 0.0727812 0.0792443 0.0700038 0.0503397 0.029842 0.0153544 0.00826222 0.00660419 0.00804125 0.0111348 0.015214 0.0199091 0.0248722 0.0297074 0.0340097 0.0374378 0.0397748 0.040956 0.0410519 0.0402207 0.03865 0.0365095 0.0339296 0.0310064 0.0278201 0.0244571 0.0210205
 1.06067e-16 2.65956e-05 0.000156085 0.000741938 0.00285647 0.0089076 0.0224999 0.0460382 0.0763147 0.102493 0.111544 0.0984161 0.0705076 0.0412672 0.0202521 0.00931133 0.00557382 0.00565374 0.00748194 0.0101487 0.0132657 0.0165692 0.0197934 0.0226747 0.0249951 0.0266213 0.0275208 0.0277474 0.027407 0.0266163 0.025471 0.0240335 0.0223395 0.0204154 0.0182972 0.016042
 1.04176e-16 2.70514e-05 0.000158755 0.000754617 0.00290527 0.00905975 0.0228843 0.0468252 0.077621 0.104252 0.113471 0.100148 0.0718152 0.0421669 0.0209421 0.010042 0.00656335 0.00706809 0.00943582 0.0126963 0.016378 0.0201118 0.0235182 0.0262364 0.027994 0.0286651 0.0282913 0.0270563 0.0252262 0.023078 0.0208387 0.0186541 0.016589 0.0146494 0.0128143 0.0110626
 1.02468e-16 3.10889e-05 0.000182463 0.00086734 0.00333929 0.0104133 0.0263031 0.0538199 0.0892132 0.119813 0.130387 0.115026 0.0823722 0.0481398 0.0234885 0.0105622 0.00598199 0.00576412 0.00746281 0.00999001 0.0128731 0.015795 0.0184488 0.0205448 0.0218631 0.0222994 0.0218833 0.0207594 0.0191416 0.0172573 0.0152992 0.0133988 0.0116248 0.00999688 0.00850894 0.00714818
 1.01566e-16 3.25482e-05 0.000191031 0.000908071 0.00349612 0.0109023 0.0275384 0.0563474 0.0934025 0.125438 0.136506 0.120416 0.0862169 0.050355 0.0245094 0.0109175 0.00603393 0.00567919 0.00728565 0.00971002 0.0124578 0.0152024 0.0176333 0.0194615 0.0204738 0.020579 0.0198253 0.0183804 0.0164835 0.0143854 0.0122974 0.0103624 0.00865066 0.0071748 0.00591337 0.00483301
 1.01996e-16 2.70921e-05 0.000158989 0.000755722 0.0029095 0.00907295 0.0229177 0.0468938 0.0777361 0.104411 0.113655 0.100334 0.0720039 0.0423875 0.0212549 0.0105279 0.00731572 0.00818347 0.0110005 0.0147658 0.0189525 0.0231149 0.0267864 0.0295262 0.0310079 0.031092 0.0298538 0.0275524 0.0245578 0.0212594 0.0179873 0.0149671 0.0123122 0.0100463 0.00813793 0.00653456
 1.02811e-16 2.74443e-05 0.000161062 0.000765584 0.00294749 0.00919143 0.0232169 0.0475056 0.0787488 0.105766 0.115118 0.101597 0.0728465 0.0427565 0.0212058 0.0101211 0.00655583 0.0070219 0.00937094 0.0126244 0.0163122 0.0200686 0.0235154 0.0262868 0.0280985 0.0288052 0.0284252 0.0271191 0.0251375 0.0227534 0.0202058 0.0176672 0.0152398 0.0129713 0.0108784 0.00896735
 1.03218e-16 2.71639e-05 0.000159415 0.000757756 0.00291735 0.00909743 0.0229795 0.0470199 0.0779438 0.104686 0.113943 0.100565 0.0721157 0.042346 0.0210363 0.0100965 0.00661291 0.00713448 0.00953382 0.012838 0.0165742 0.02037 0.0238403 0.0266155 0.0284112 0.029088 0.0286745 0.0273441 0.0253592 0.0230002 0.020507 0.0180458 0.0157072 0.0135242 0.0114995 0.00962885
 1.02376e-16 3.19272e-05 0.000187387 0.00089075 0.00342944 0.0106944 0.0270131 0.0552725 0.0916204 0.123044 0.133897 0.118108 0.0845491 0.0493504 0.0239645 0.0105821 0.00572268 0.00528776 0.00676566 0.00904978 0.0116778 0.0143581 0.0168148 0.0187872 0.0200751 0.0205797 0.0203193 0.0194141 0.0180463 0.0164111 0.0146753 0.0129548 0.0113128 0.00977251 0.00833676 0.00700366
 1.02135e-16 2.91015e-05 0.00017079 0.000811832 0.00312556 0.00974672 0.0246195 0.0503756 0.0835059 0.112155 0.122069 0.107726 0.0772292 0.0453041 0.0224217 0.0106182 0.00675947 0.00713537 0.00945481 0.0126673 0.0162637 0.0198505 0.0230285 0.0254222 0.0267539 0.0269047 0.0259378 0.0240719 0.0216181 0.0189025 0.0161991 0.0136926 0.0114728 0.00955459 0.0079093 0.00649329
 1.02501e-16 2.82125e-05 0.000165571 0.000787024 0.00303004 0.00944885 0.0238671 0.0488361 0.080954 0.108727 0.118339 0.104437 0.0748744 0.0439302 0.0217566 0.0103302 0.00661698 0.00702582 0.00934289 0.0125581 0.0161863 0.0198525 0.0231724 0.0257788 0.0273912 0.0278752 0.0272658 0.0257448 0.0235849 0.0210781 0.0184765 0.0159571 0.0136179 0.0114946 0.00958684 0.00788166
 1.02343e-16 3.06923e-05 0.000180134 0.000856266 0.00329665 0.0102803 0.0259672 0.0531327 0.0880744 0.118285 0.128725 0.113564 0.0813355 0.0475538 0.02324 0.0105142 0.00604486 0.00590244 0.007674 0.0102839 0.0132605 0.0162817 0.0190329 0.0212155 0.022601 0.0230787 0.022674 0.0215302 0.0198631 0.0179036 0.0158499 0.0138401 0.0119499 0.0102069 0.00861211 0.00715892
 1.02417e-16 2.83147e-05 0.00016617 0.00078987 0.00304099 0.00948301 0.0239534 0.0490127 0.0812471 0.109122 0.118771 0.104822 0.0751614 0.0441198 0.0218894 0.010457 0.00677953 0.00725302 0.00965185 0.0129536 0.0166578 0.0203713 0.0236913 0.0262365 0.0277215 0.0280189 0.0271826 0.0254223 0.0230414 0.0203597 0.0176481 0.0150908 0.0127814 0.0107416 0.00895233 0.00738067
 1.04908e-16 1.56234e-05 9.1645e-05 0.000435531 0.00167664 0.00522828 0.0132066 0.0270252 0.0448079 0.0602078 0.0656024 0.0580668 0.0420045 0.0253997 0.0139851 0.00899292 0.00888519 0.0117819 0.0164859 0.0223448 0.0288517 0.0354281 0.0414104 0.0461504 0.0491497 0.0501651 0.049251 0.0467192 0.0430405 0.0387207 0.0341952 0.0297705 0.0256166 0.0217981 0.01832 0.0151684
pSPR Fmed_Fpbrs
0.707305   0.336428 0.336428
Fs Fmed_Fpbrs
0.217086   1.005 1.005
SSBpbr Bo_Bmed_Bpbrs
1.33148e+06  875188  381374 381374
Ro
56387.3
SPR SPRFo_SPRFmed_SPRFpbrs
1.15948e+06 820107 390083
log_Ro
10.76
likeval ReclasPelacesDesembMPH_pf_preclas_ppelaces_ptallas_desvR_qrecl_qpela
 64.6702 26.7442 0.0189386 0.00136674 316.593 199.159 78.0172 0 15.6 8.22811e-05 0 0 0 0 0
q_reclas_q_pelaces
0.276544 1
M
0.7
N
 52585.4 15623 5868.7 697.282 0.370339
 67874.9 24071.2 5059.44 1900.55 225.932
 41325.7 31513.2 8397.08 1764.95 741.809
 67919.3 18613.4 9374.2 2497.87 745.683
 116693 33108.3 8385.99 4223.39 1461.33
 84089.4 57740.7 16134.7 4086.76 2770.35
 134100 40323.1 23865.4 6668.81 2834.18
 125011 65156.9 17859.4 10570.2 4208.95
 150363 59480.9 25851.7 7085.92 5863.78
 146139 71175.2 22968.5 9982.62 5000.52
 68241.7 69836 28889.6 9322.79 6081.57
 40227.7 31286.4 22800.7 9432.15 5029.36
 42891.3 18548 10523.9 7669.53 4864.45
 23763.5 18937.1 4968.99 2819.33 3357.84
 18636 9609.01 3197.68 839.053 1043.06
 23350.6 7654.55 1761.54 586.205 345.033
 19310.7 10761.5 2568.59 591.109 312.49
 21547.3 9092.57 4041.56 964.654 339.354
 24045.3 10321.7 3737.47 1661.27 536.009
 44923.6 11579 4361.43 1579.27 928.464
 55765.6 21602 4856.16 1829.16 1051.73
 69643.8 27288.4 9930.68 2232.43 1324.38
 114042 33920.5 12240.3 4454.43 1595.42
 133537 55326.1 14903 5377.78 2658.01
 51352.8 64833 24404.6 6573.77 3544.62
pred_Ctot
 2971.04 4005.19 1504.53 178.759 0.0949418
 3187.5 5255.81 1104.7 414.974 49.3308
 2779.28 9357.17 2493.33 524.064 220.264
 898.025 1248.38 628.714 167.529 50.0119
 300.168 444.151 112.499 56.6573 19.6039
 2081.62 7036.78 1966.32 498.048 337.619
 2081.08 3155.33 1867.5 521.843 221.778
 3771.16 9542.15 2615.49 1547.99 616.396
 5072.35 9651.79 4194.88 1149.81 951.498
 3969 9457.47 3051.97 1326.45 664.449
 3784.83 17621.4 7289.56 2352.37 1534.53
 2077.6 7423.13 5409.79 2237.91 1193.29
 3444.02 6362.42 3609.94 2630.83 1668.62
 3211.73 9545.25 2504.62 1421.08 1692.52
 2342.4 4609.52 1533.95 402.5 500.366
 1213.17 1825.56 420.117 139.806 82.2883
 721.779 1916.75 457.496 105.283 55.6581
 549.174 1138.71 506.146 120.809 42.4991
 524.57 1117.02 404.472 179.784 58.0072
 1024.92 1307.07 492.331 178.273 104.808
 585.543 1158.74 260.486 98.1167 56.4152
 962.171 1909.42 694.867 156.207 92.6692
 1893.27 2831.53 1021.76 371.836 133.178
 2145.57 4475.92 1205.66 435.067 215.035
 769.928 4908.03 1847.49 497.651 268.337
F
 0.0814205 0.427489 0.427489 0.427489 0.427489
 0.0672586 0.353133 0.353133 0.353133 0.353133
 0.0976016 0.512446 0.512446 0.512446 0.512446
 0.0185362 0.0973222 0.0973222 0.0973222 0.0973222
 0.00358245 0.0188093 0.0188093 0.0188093 0.0188093
 0.034956 0.183533 0.183533 0.183533 0.183533
 0.0217875 0.114393 0.114393 0.114393 0.114393
 0.042744 0.224422 0.224422 0.224422 0.224422
 0.047907 0.25153 0.25153 0.25153 0.25153
 0.0384092 0.201663 0.201663 0.201663 0.201663
 0.0798718 0.419358 0.419358 0.419358 0.419358
 0.0741921 0.389537 0.389537 0.389537 0.389537
 0.117543 0.617146 0.617146 0.617146 0.617146
 0.205451 1.0787 1.0787 1.0787 1.0787
 0.189798 0.996512 0.996512 0.996512 0.996512
 0.0746506 0.391944 0.391944 0.391944 0.391944
 0.0532039 0.279341 0.279341 0.279341 0.279341
 0.0360064 0.189048 0.189048 0.189048 0.189048
 0.0307491 0.161445 0.161445 0.161445 0.161445
 0.0321771 0.168942 0.168942 0.168942 0.168942
 0.0146954 0.0771567 0.0771567 0.0771567 0.0771567
 0.0193756 0.101729 0.101729 0.101729 0.101729
 0.0233233 0.122456 0.122456 0.122456 0.122456
 0.022565 0.118475 0.118475 0.118475 0.118475
 0.0210422 0.11048 0.11048 0.11048 0.11048
YTP_r0W_actual
 8623.2 107977 60967.1 20453.5 11484.8
YTP_p0W_proyectada
 56397.2 257721 433790 213007 94701.6
 56397.2 221687 68299.6 102860 52277.5
CTP_r0_actual
 769.928 4908.03 1847.49 497.651 268.337
CTP_p0_proyectada
 6634.96 12043 13903.5 5233.59 2036.59
 6634.96 10359.2 2189.09 2527.28 1124.25
Wmedp
 8.5 21.4 31.2 40.7 46.5
nmprior
 10.6 11 7 0
nm_flota  nm_reclas  nm_pelaces    nm_pelaL
inf 13.6406 20.98 52.2812
cv_recla  cv_pelaces  cv_mph
0.727406 0.586391 1.19945
 ------------------------------------------------
Talla a la edad & desviaci?n 
 7.2 14.2025 17.0495 18.207 18.6776
 1.08 2.13037 2.55742 2.73105 2.80164
