years
 1997 1998 1999 2000 2001 2002 2003 2004 2005 2006 2007 2008 2009 2010 2011 2012 2013 2014 2015 2016 2017 2018 2019 2020 2021
reclasobs
 0 0 0 370054 412103 1.49427e+06 250295 1.28982e+06 931140 785840 897777 1.04006e+06 184774 17550 25797 100020 73551 82996 120727 218422 84188 347160 605670 569463 516374
reclaspred
 487957 130670 378204 261221 387186 465845 1.01323e+06 675321 744734 711372 576199 389316 240292 102477 64136.7 63239.4 79545.7 108724 116843 164361 241696 222884 382742 480087 560127
pelacesobs
 0 0 0 0 0 0 0 0 0 2.06254e+06 1.5e+06 0 1.87456e+06 323000 250000 174000 83755 137374 0 501740 490994 745055 786931 1.00524e+06 1.33801e+06
pelacespred
 1.99056e+06 484375 823291 906068 1.15385e+06 1.14332e+06 2.81832e+06 2.31211e+06 2.25394e+06 2.17628e+06 1.55419e+06 1.08939e+06 654724 218026 137093 149301 198946 282856 310804 427051 713429 643256 862016 1.2854e+06 1.50824e+06
mphobs
 0 0 0 0 0 112323 0 153150 637223 0 255016 313432 73983 77613 109348 50772 0 0 0 0 0 0 0 0 0
mphpred
 179807 106534 125763 141590 149756 236693 346068 411808 346842 352486 345365 239110 147611 76471.3 32881.6 26951.5 32605.1 44955.2 56633.1 65426.6 98396.7 118303 146952 207591 282204
desembarqueobs
 350755 77701 442110 56441 14545 235359 269955 359681 431902 328805 639364 411747 362871 311530 167758 66681 60226 58785 57116 73181 50977 67692 138656 160484 209506
desembarquepred
 350764 77702.8 442133 56443.6 14545.2 235417 269999 359693 431962 328837 639480 411903 363096 311790 167678 66687.6 60253 58783.3 57107.8 73181.9 50978.9 67685.2 138661 160495 209511
Reclutas
 45153.7 55219.3 30987.6 46157.2 80429.5 58380 96469.6 90874.4 112706 123601 65967.6 43964 45215.2 24298.9 15588.6 15957.4 12443.3 14146.1 15761.5 26248.1 33307.2 42629.7 68369.4 80568.4 36059.9
log_desv_Rt
 0.077828 0.279068 -0.298657 0.0998076 0.655137 0.334729 0.836983 0.777234 0.99254 1.08481 0.456919 0.0511259 0.0791885 -0.541815 -0.985705 -0.962322 -1.21106 -1.0828 -0.974672 -0.46465 -0.226472 0.0203061 0.49268 0.656861 -0.147063
SSB
 574897 340623 402102 452706 478814 756779 1.10648e+06 1.31668e+06 1.10896e+06 1.127e+06 1.10424e+06 764507 471957 244502 105132 86172 104248 143735 181073 209189 314604 378250 469849 663731 902292
BT
 1.9216e+06 495926 897765 754735 908682 1.03727e+06 2.41154e+06 2.17934e+06 2.16083e+06 1.99986e+06 1.75888e+06 1.20595e+06 862655 463128 249202 171970 204319 267208 284964 391465 597148 546978 752296 1.11816e+06 1.29611e+06
Ftot
 0.548657 0.462782 0.721157 0.148284 0.0288086 0.283705 0.182527 0.357032 0.410677 0.320061 0.639278 0.601794 0.965197 1.7815 1.91169 0.777169 0.546132 0.375512 0.307313 0.319786 0.146467 0.190057 0.228126 0.222193 0.206019
BD_Bspro_t
 0.934512 0.710497 0.655346 0.504274 0.642918 0.787282 0.745935 0.755071 0.691045 0.652304 0.621131 0.458601 0.34745 0.240747 0.133192 0.134552 0.210724 0.342856 0.454861 0.550333 0.671168 0.762952 0.770783 0.776172 0.77867
BD_Bspro
 0.66929 0.39655 0.468123 0.527036 0.557431 0.881035 1.28816 1.53286 1.29104 1.31205 1.28554 0.890032 0.549448 0.284647 0.122394 0.100321 0.121365 0.167335 0.210804 0.243535 0.366259 0.440355 0.546993 0.77271 1.05044
BD_Bo
 0.563157 0.333667 0.393891 0.443461 0.469036 0.741325 1.08389 1.28979 1.08631 1.10399 1.08169 0.748895 0.462319 0.239509 0.102985 0.0844123 0.102119 0.1408 0.177375 0.204917 0.308179 0.370525 0.460254 0.650177 0.883866
BD_Brms
 1.92323 1.1395 1.34517 1.51446 1.6018 2.53169 3.70158 4.40474 3.70986 3.77023 3.69406 2.55754 1.57886 0.817944 0.351705 0.288276 0.348747 0.480845 0.605753 0.699809 1.05246 1.26538 1.57181 2.22041 3.01848
S_f
 0.169588 1 1 1 1
 0.169588 1 1 1 1
 0.169588 1 1 1 1
 0.169588 1 1 1 1
 0.169588 1 1 1 1
 0.169588 1 1 1 1
 0.169588 1 1 1 1
 0.169588 1 1 1 1
 0.169588 1 1 1 1
 0.169588 1 1 1 1
 0.169588 1 1 1 1
 0.169588 1 1 1 1
 0.169588 1 1 1 1
 0.169588 1 1 1 1
 0.169588 1 1 1 1
 0.169588 1 1 1 1
 0.169588 1 1 1 1
 0.169588 1 1 1 1
 0.169588 1 1 1 1
 0.169588 1 1 1 1
 0.169588 1 1 1 1
 0.169588 1 1 1 1
 0.169588 1 1 1 1
 0.169588 1 1 1 1
 0.169588 1 1 1 1
Scru_reclas
 0.871898 1 1 1 1
 0.871898 1 1 1 1
 0.871898 1 1 1 1
 0.871898 1 1 1 1
 0.871898 1 1 1 1
 0.871898 1 1 1 1
 0.871898 1 1 1 1
 0.871898 1 1 1 1
 0.871898 1 1 1 1
 0.871898 1 1 1 1
 0.871898 1 1 1 1
 0.871898 1 1 1 1
 0.871898 1 1 1 1
 0.871898 1 1 1 1
 0.871898 1 1 1 1
 0.871898 1 1 1 1
 0.871898 1 1 1 1
 0.871898 1 1 1 1
 0.871898 1 1 1 1
 0.871898 1 1 1 1
 0.871898 1 1 1 1
 0.871898 1 1 1 1
 0.871898 1 1 1 1
 0.871898 1 1 1 1
 0.871898 1 1 1 1
Scru_pelaces
 0.850049 1 1 1 1
 0.850049 1 1 1 1
 0.850049 1 1 1 1
 0.850049 1 1 1 1
 0.850049 1 1 1 1
 0.850049 1 1 1 1
 0.850049 1 1 1 1
 0.850049 1 1 1 1
 0.850049 1 1 1 1
 0.850049 1 1 1 1
 0.850049 1 1 1 1
 0.850049 1 1 1 1
 0.850049 1 1 1 1
 0.850049 1 1 1 1
 0.850049 1 1 1 1
 0.850049 1 1 1 1
 0.850049 1 1 1 1
 0.850049 1 1 1 1
 0.850049 1 1 1 1
 0.850049 1 1 1 1
 0.850049 1 1 1 1
 0.850049 1 1 1 1
 0.850049 1 1 1 1
 0.850049 1 1 1 1
 0.850049 1 1 1 1
pf_obs 
 0.256992 0.487395 0.22802 0.0275931 0
 0.321318 0.546541 0.124235 0.00734118 0.000564706
 0.182869 0.594174 0.210203 0.0122559 0.00049798
 0.330522 0.361315 0.267642 0.0388342 0.00168674
 0.649043 0.306663 0.0425973 0.00169635 0
 0.582887 0.30429 0.105238 0.00758474 0
 0.465427 0.430635 0.0974691 0.00646863 0
 0.296916 0.608066 0.0921331 0.00288517 0
 0.311714 0.524322 0.152257 0.0117073 0
 0.15457 0.633149 0.183074 0.0267441 0.00246327
 0.131901 0.49318 0.331252 0.0422183 0.00144891
 0.196976 0.569456 0.194076 0.0375587 0.00193317
 0.518974 0.381816 0.0799577 0.0180837 0.00116848
 0.0928022 0.601141 0.25162 0.0475244 0.00691264
 0.122501 0.610282 0.24278 0.0234846 0.000952079
 0.383417 0.481906 0.127806 0.00687128 0
 0.0376549 0.599619 0.316969 0.0457579 0
 0.0361596 0.667082 0.258105 0.0386534 0
 0.158088 0.579412 0.248529 0.0139706 0
 0.0477256 0.309471 0.559284 0.082774 0.000745712
 0.0406174 0.521527 0.379366 0.0568643 0.0016247
 0.151134 0.462217 0.34131 0.0453401 0
 0.294876 0.26143 0.354403 0.0886775 0.000613685
 0.281977 0.475581 0.204845 0.0348837 0.00271318
 0.0841818 0.532909 0.334909 0.0458182 0.00218182
pf_pred 
 0.336528 0.467846 0.174916 0.0206998 9.97374e-06
 0.300126 0.557098 0.100679 0.0376413 0.00445667
 0.167431 0.632409 0.159326 0.0287934 0.0120397
 0.2759 0.454902 0.204479 0.0515155 0.0132027
 0.303514 0.492155 0.128367 0.0577012 0.0182626
 0.166052 0.602569 0.163498 0.0426447 0.0252359
 0.26605 0.420733 0.226315 0.0614073 0.0254948
 0.20845 0.553786 0.136297 0.0733152 0.0281521
 0.251971 0.484759 0.184189 0.0453325 0.033748
 0.241397 0.536684 0.143814 0.0546437 0.023461
 0.141127 0.589214 0.190774 0.0511214 0.0277637
 0.150894 0.483693 0.250686 0.0811662 0.0335623
 0.238071 0.445042 0.180514 0.093556 0.0428167
 0.216882 0.586653 0.114755 0.0465462 0.0351641
 0.296793 0.56777 0.101459 0.0198465 0.0141315
 0.354325 0.563963 0.0659743 0.0117895 0.00394821
 0.232624 0.633864 0.116615 0.0136421 0.00325422
 0.253811 0.52204 0.18515 0.0340631 0.00493537
 0.242 0.535059 0.155972 0.055318 0.0116517
 0.315055 0.469462 0.152106 0.0443394 0.019038
 0.268129 0.555856 0.120641 0.0390876 0.0162865
 0.250942 0.523024 0.171673 0.0372592 0.017102
 0.29557 0.481531 0.155637 0.051085 0.0161763
 0.249461 0.550693 0.13661 0.0441543 0.019082
 0.104827 0.613371 0.206766 0.0512925 0.0237431
pobs_RECLAS
 0 0 0 0 0
 0 0 0 0 0
 0 0 0 0 0
 0 0 0 0 0
 0.835266 0.146461 0.0176864 0.000547809 3.91292e-05
 0.385257 0.428462 0.181853 0.0044286 0
 0.867414 0.0963971 0.0333333 0.00285562 0
 0.441836 0.489002 0.0689373 0.000224442 0
 0.779404 0.147425 0.0564933 0.0165055 0.000172143
 0.814271 0.122319 0.05973 0.00367925 0
 0.40263 0.566651 0.0304383 0.000280538 0
 0.475488 0.404961 0.113038 0.00651328 0
 0.955842 0.0263864 0.0167828 0.000988607 0
 0.975058 0.0227948 0.00214734 0 0
 0.738997 0.206755 0.0527124 0.00153531 0
 0.850938 0.134255 0.0134407 0.00136685 0
 0.542534 0.407297 0.0501686 0 0
 0.764087 0.199537 0.0359546 0.000420521 0
 0.470689 0.182191 0.310203 0.0369168 0
 0.84361 0.089868 0.0606195 0.00523954 0.000663233
 0.607945 0.314616 0.071237 0.00620181 0
 0.523733 0.453247 0.0230204 0 0
 0.530135 0.295979 0.169645 0.0042399 0
 0.562478 0.366248 0.0663022 0.0049721 0
 0.250443 0.683176 0.0655157 0.000865301 0
ppred_RECLAS
 0.730384 0.190119 0.0710811 0.00841183 4.05305e-06
 0.694489 0.243186 0.0439485 0.0164313 0.00194544
 0.522017 0.363071 0.0914701 0.0165305 0.00691209
 0.663828 0.211194 0.0949319 0.0239167 0.00612952
 0.691705 0.21785 0.0568209 0.0255411 0.00808382
 0.510054 0.35401 0.0960556 0.0250538 0.0148261
 0.653085 0.198867 0.106972 0.0290253 0.0120506
 0.580578 0.293436 0.0722203 0.0388478 0.0149171
 0.640031 0.233278 0.0886362 0.0218151 0.0162404
 0.625195 0.265161 0.0710548 0.026998 0.0115914
 0.469514 0.36393 0.117832 0.0315753 0.0171484
 0.48817 0.291563 0.15111 0.0489259 0.0202309
 0.635551 0.212874 0.0863444 0.0447501 0.0204803
 0.635627 0.27296 0.0533939 0.0216572 0.0163613
 0.731247 0.216991 0.038776 0.00758498 0.0054008
 0.749862 0.218482 0.0255588 0.00456731 0.00152956
 0.618124 0.315435 0.0580323 0.00678882 0.00161942
 0.641635 0.250715 0.0889202 0.0163591 0.00237026
 0.625749 0.264177 0.0770086 0.0273124 0.00575285
 0.706839 0.200933 0.0651023 0.0189776 0.00814841
 0.65499 0.262035 0.0568711 0.0184262 0.00767761
 0.635123 0.254773 0.0836243 0.0181495 0.00833062
 0.686073 0.214593 0.0693593 0.0227659 0.00720894
 0.63377 0.268713 0.0666598 0.0215453 0.00931118
 0.37852 0.425837 0.143549 0.0356102 0.0164838
pobs_PELACES
 0 0 0 0 0
 0 0 0 0 0
 0 0 0 0 0
 0 0 0 0 0
 0 0 0 0 0
 0 0 0 0 0
 0 0 0 0 0
 0 0 0 0 0
 0 0 0 0 0
 0 0 0 0 0
 0.450072 0.473896 0.0757376 0.000293798 0
 0 0 0 0 0
 0.463077 0.371075 0.160297 0.00555027 0
 0.529543 0.364841 0.0842815 0.0213345 0
 0.631943 0.363953 0.00410389 0 0
 0.735681 0.248677 0.0153453 0.000297389 0
 0.695825 0.281241 0.0229344 0 0
 0.275771 0.60734 0.115278 0.00161068 0
 0 0 0 0 0
 0.896147 0.0623911 0.0374545 0.00400742 0
 0.803859 0.145111 0.0509908 3.86294e-05 0
 0.739449 0.233085 0.0266225 0.000797448 4.60066e-05
 0.878498 0.100942 0.0204185 0.000141795 0
 0.694673 0.275183 0.0284847 0.00165964 0
 0.469039 0.446079 0.0841089 0.000773354 0
ppred_PELACES
 0.754275 0.173273 0.0647824 0.00766644 3.6939e-06
 0.715578 0.226399 0.0409148 0.0152971 0.00181115
 0.564727 0.330628 0.0832968 0.0150534 0.00629446
 0.667225 0.20906 0.0939729 0.023675 0.0060676
 0.687964 0.220493 0.0575103 0.025851 0.00818191
 0.523131 0.344562 0.0934918 0.0243851 0.0144304
 0.658646 0.195679 0.105257 0.02856 0.0118574
 0.598113 0.281169 0.069201 0.0372237 0.0142934
 0.659858 0.220429 0.0837542 0.0206135 0.0153459
 0.639683 0.254911 0.0683082 0.0259544 0.0111434
 0.506927 0.338264 0.109522 0.0293484 0.0159389
 0.523035 0.271703 0.140817 0.0455931 0.0188528
 0.688953 0.181682 0.0736926 0.038193 0.0174794
 0.734827 0.198648 0.0388575 0.0157611 0.011907
 0.817493 0.147356 0.0263323 0.00515087 0.00366762
 0.78338 0.189206 0.022134 0.00395531 0.0013246
 0.646999 0.291584 0.0536443 0.00627549 0.00149697
 0.659259 0.238385 0.0845473 0.0155546 0.00225369
 0.639423 0.254525 0.074195 0.0263145 0.00554266
 0.719571 0.192206 0.0622748 0.0181534 0.00779452
 0.658317 0.259508 0.0563226 0.0182485 0.00760356
 0.641289 0.250467 0.0822112 0.0178428 0.00818984
 0.694016 0.209164 0.0676044 0.0221899 0.00702655
 0.641973 0.262695 0.0651668 0.0210628 0.00910264
 0.385859 0.420809 0.141854 0.0351897 0.0162892
pobs_pel_tallas
 0 0 0 0 0 0 0 0 0 0 0 0 0 0 0 0 0 0 0 0 0 0 0 0 0 0 0 0 0 0 0 0 0 0 0 0
 0 0 0 0 0 0 0 0 0 0 0 0 0 0 0 0 0 0 0 0 0 0 0 0 0 0 0 0 0 0 0 0 0 0 0 0
 0 0 0 0 0 0 0 0 0 0 0 0 0 0 0 0 0 0 0 0 0 0 0 0 0 0 0 0 0 0 0 0 0 0 0 0
 0 0 0 0 0 0 0 0 0 0 0 0 0 0 0 0 0 0 0 0 0 0 0 0 0 0 0 0 0 0 0 0 0 0 0 0
 0 0 0 0 0 0 0 0 0 0 0 0 0 0 0 0 0 0 0 0 0 0 0 0 0 0 0 0 0 0 0 0 0 0 0 0
 0 0 0 0 0 0 0 0 0 0 0 0 0 0 0 0 0 0 0 0 0 0 0 0 0 0 0 0 0 0 0 0 0 0 0 0
 0 0 0 0 0 0 0 0 0 0 0 0 0 0 0 0 0 0 0 0 0 0 0 0 0 0 0 0 0 0 0 0 0 0 0 0
 0 0 0 0 0 0 0 0 0 0 0 0 0 0 0 0 0 0 0 0 0 0 0 0 0 0 0 0 0 0 0 0 0 0 0 0
 0 0 0 0 0 0 0 0 0 0 0 0 0 0 0 0 0 0 0 0 0 0 0 0 0 0 0 0 0 0 0 0 0 0 0 0
 0 0 0 0 0 0 0 0 0 0 0 0 0 0 0 0 0 0 0 0 0 0 0 0 0 0 0 0 0 0 0 0 0 0 0 0
 0 0 0 0 0 0 0 0 1.78061e-05 0.00172719 0.00360574 0.0105946 0.0120993 0.0124554 0.0147524 0.0171206 0.0266825 0.0428682 0.0675386 0.121331 0.153587 0.119568 0.100827 0.0573624 0.0630603 0.0341343 0.0324427 0.0444173 0.0211091 0.0280891 0.0125444 0.00206551 0 0 0 0
 0 0 0 0 0 0 0 0 0 0 0 0 0 0 0 0 0 0 0 0 0 0 0 0 0 0 0 0 0 0 0 0 0 0 0 0
 0 0 0 0 0 0 0.0133647 0.0140871 0.0187388 0.0205184 0.03894 0.0496705 0.03968 0.0493445 0.0407372 0.0367815 0.0215668 0.0243155 0.0234873 0.0199281 0.019796 0.0243948 0.0301388 0.0376714 0.0412746 0.0863199 0.0771752 0.113111 0.0741005 0.0525337 0.0229764 0.00759418 0.00175318 0 0 0
 0 0 0 0 0 0 0 0 0 0 0.00219441 0.00772107 0.0458388 0.0604681 0.0671733 0.0775358 0.0609151 0.0617685 0.073594 0.0568108 0.0755445 0.0548602 0.0670107 0.0636378 0.0643287 0.046367 0.0373049 0.0286899 0.0247887 0.0153202 0.00654259 0.00121912 0.000365735 0 0 0
 0 0 0 0 0 0 0 0 0 0 0 0 0.000112435 0.00938835 0.0111873 0.0202946 0.0414886 0.0713402 0.111592 0.104902 0.108894 0.110636 0.117776 0.105296 0.107544 0.0401394 0.0192827 0.0124803 0.00416011 0.0028671 0.000618394 0 0 0 0 0
 0 0 0 0 0 0 0 0 0 0 0.00291406 0.0102884 0.027416 0.0768956 0.0749926 0.110853 0.0956884 0.0897413 0.0766577 0.0534642 0.0500743 0.0551293 0.0594112 0.0620874 0.0668451 0.0424026 0.0208742 0.0120726 0.0048766 0.00582813 0.00118941 0.000297354 0 0 0 0
 0 0.00264628 0.0354308 0.0461629 0.0458689 0.0383711 0.0214643 0.0164657 0.0346957 0.0420465 0.0363128 0.0245516 0.0311673 0.0291091 0.0169068 0.0133784 0.00837989 0.0085269 0.0148486 0.0160247 0.0276389 0.0546898 0.0760071 0.122758 0.109233 0.0665981 0.0333725 0.0166128 0.00676272 0.00308733 0.000882094 0 0 0 0 0
 0 0 0 0 0 0 0 0.000805153 0.000690131 0.00759144 0.0133425 0.0154129 0.00931677 0.000345066 0.00356568 0.00563607 0.00851162 0.0253048 0.0502646 0.0516448 0.0657925 0.0565908 0.0611916 0.0827007 0.0866115 0.110766 0.145733 0.0935128 0.0569358 0.0249597 0.0138026 0.00621118 0.00161031 0.00115022 0 0
 0 0 0 0 0 0 0 0 0 0 0 0 0 0 0 0 0 0 0 0 0 0 0 0 0 0 0 0 0 0 0 0 0 0 0 0
 0.00147267 0.00158595 0.00478618 0.00569244 0.00954404 0.0108468 0.00647125 0.017049 0.0510054 0.094081 0.124002 0.0959785 0.0687766 0.0820023 0.061753 0.0591476 0.0492212 0.0479892 0.0443925 0.0268479 0.0217502 0.0140895 0.0121071 0.0120363 0.00920419 0.00665534 0.0049561 0.00860946 0.00930331 0.0156896 0.0114698 0.00855282 0.00243557 0.00046729 0 2.83206e-05
 0 0 0 0 0.000772559 0.00158375 0.000888443 0.00281984 0.00712685 0.0440552 0.0773331 0.111326 0.0921469 0.0852325 0.0710754 0.0886704 0.0786465 0.0553345 0.0373146 0.0185414 0.00753245 0.00457741 0.012979 0.0271748 0.0457355 0.0583668 0.034881 0.0177882 0.00938659 0.00492506 0.0015258 0.00185414 0.000309023 5.79419e-05 3.86279e-05 0
 0 0.00173294 0.00326652 0 0.00397197 0.00683976 0.00946217 0.0152591 0.00757587 0.0136028 0.0228656 0.0392903 0.0559909 0.0764795 0.0681675 0.0726916 0.0566044 0.0477403 0.0527397 0.0444891 0.0609904 0.0582453 0.0661739 0.0445044 0.0529084 0.0360697 0.0280645 0.0235558 0.0158879 0.00826598 0.00280645 0.00217768 0.000904811 0.00058276 9.20147e-05 0
 0 0 0 0 0 0 0 0 0 0 0 0 0 0 0 0 0 0 0 0 0 0 0 0 0 0 0 0 0 0 0 0 0 0 0 0
 0 0 0 0 0 0 0 0 0 0 0 0 0 0 0 0 0 0 0 0 0 0 0 0 0 0 0 0 0 0 0 0 0 0 0 0
 0 0 0 0 0 0 0 0 0 0 0 0 0 0 0 0 0 0 0 0 0 0 0 0 0 0 0 0 0 0 0 0 0 0 0 0
ppred_pel_tallas
 1.0124e-16 3.29097e-05 0.000193154 0.000918168 0.003535 0.0110236 0.0278447 0.0569739 0.0944406 0.126831 0.138018 0.121742 0.0871476 0.0508616 0.0246875 0.0108816 0.00585391 0.00537605 0.00685457 0.00914331 0.0117596 0.0143967 0.0167646 0.0185912 0.0196698 0.0199027 0.0193185 0.018056 0.0163232 0.0143443 0.012315 0.0103757 0.00860688 0.00703989 0.00567566 0.00450152
 1.01265e-16 3.12244e-05 0.000183255 0.000871098 0.00335375 0.0104583 0.026417 0.0540532 0.0896009 0.120337 0.130965 0.115555 0.0827922 0.048468 0.0238022 0.0109606 0.00656105 0.00660676 0.00863319 0.011522 0.0147539 0.0179509 0.0207394 0.0227724 0.0237965 0.0237094 0.0225809 0.0206278 0.0181542 0.0154779 0.0128662 0.0104996 0.00846512 0.00677437 0.00539275 0.00426739
 1.02102e-16 2.4651e-05 0.000144653 0.000687558 0.00264704 0.00825445 0.0208503 0.0426641 0.0707267 0.0950025 0.10343 0.0913494 0.0656445 0.0388226 0.0197985 0.0103533 0.00788919 0.00930455 0.0126647 0.0170325 0.0218673 0.0266701 0.0309047 0.0340619 0.0357631 0.0358458 0.0343952 0.0317094 0.0282154 0.0243643 0.0205399 0.0170068 0.0139008 0.0112534 0.00903215 0.00717809
 1.025e-16 2.91154e-05 0.000170875 0.000812242 0.00312715 0.00975168 0.024632 0.0504009 0.083547 0.112207 0.122118 0.107752 0.0772091 0.0452149 0.0222349 0.0102944 0.00624809 0.00638068 0.00840889 0.011307 0.0146082 0.0179747 0.0210659 0.0235542 0.0251846 0.0258264 0.0254948 0.0243327 0.022563 0.0204296 0.0181457 0.0158661 0.013683 0.0116402 0.00975403 0.00803141
 1.02159e-16 3.00201e-05 0.000176185 0.000837488 0.00322434 0.0100548 0.0253977 0.0519675 0.0861438 0.115695 0.125914 0.111101 0.0796092 0.0466204 0.0229248 0.0106091 0.0064266 0.00654108 0.00858974 0.0115038 0.0147891 0.018085 0.0210319 0.0232911 0.0246097 0.0248748 0.0241348 0.0225761 0.0204681 0.0180943 0.0156944 0.0134312 0.0113867 0.0095795 0.00799197 0.00659494
 1.02952e-16 2.28377e-05 0.000134007 0.00063694 0.00245214 0.00764668 0.0193151 0.0395232 0.065521 0.0880137 0.0958315 0.0846613 0.0608892 0.0361126 0.0186059 0.0100381 0.00802257 0.00970215 0.0132905 0.0179097 0.0230303 0.0281438 0.0326963 0.0361581 0.038133 0.0384453 0.0371735 0.034614 0.0311952 0.0273695 0.0235213 0.0199141 0.0166831 0.0138611 0.0114206 0.00931178
 1.03094e-16 2.87408e-05 0.000168677 0.000801796 0.00308693 0.00962627 0.0243152 0.0497526 0.0824721 0.110762 0.120544 0.106358 0.0762002 0.0446034 0.0218963 0.0100754 0.00603396 0.00610512 0.00803951 0.0108344 0.0140444 0.0173552 0.0204501 0.0230217 0.024825 0.0257256 0.0257201 0.0249208 0.0235129 0.0217031 0.0196741 0.0175612 0.0154498 0.0133886 0.0114079 0.00953389
 1.03021e-16 2.61047e-05 0.000153193 0.000728165 0.0028034 0.00874209 0.022082 0.0451838 0.0749017 0.100604 0.109513 0.0966821 0.0693915 0.0408674 0.0205261 0.0102234 0.00717868 0.00808776 0.0109026 0.0146626 0.0188623 0.0230719 0.0268398 0.0297367 0.0314419 0.031813 0.0309125 0.0289777 0.0263503 0.0233884 0.020393 0.0175659 0.015006 0.0127324 0.0107195 0.00892908
 1.02687e-16 2.87946e-05 0.00016899 0.000803282 0.00309264 0.00964408 0.0243602 0.0498449 0.0826256 0.110971 0.120776 0.106575 0.0763813 0.0447617 0.0220707 0.0103163 0.00639284 0.00662873 0.00876442 0.0117782 0.0151947 0.0186609 0.0218189 0.0243271 0.025923 0.0264784 0.0260212 0.0247143 0.0228038 0.0205541 0.0181927 0.0158793 0.0137023 0.011695 0.00985996 0.00819048
 1.02466e-16 2.79162e-05 0.000163831 0.000778744 0.00299815 0.00934942 0.023616 0.0483224 0.080103 0.107586 0.117102 0.103355 0.0741225 0.0435361 0.0216484 0.0104229 0.00686432 0.00742279 0.00990473 0.0132985 0.0171018 0.0209138 0.0243213 0.0269329 0.0284556 0.0287585 0.0278972 0.0260871 0.0236398 0.020884 0.0180976 0.0154702 0.0130976 0.0110026 0.00916524 0.00755198
 1.03419e-16 2.2131e-05 0.000129858 0.000617217 0.0023762 0.00740987 0.018717 0.0382993 0.0634922 0.0852891 0.0928666 0.082046 0.0590172 0.0350204 0.0180771 0.00980879 0.00790802 0.00961174 0.0131943 0.0178091 0.0229448 0.0281073 0.0327547 0.0363653 0.0385434 0.0391048 0.0381097 0.0358296 0.032665 0.0290419 0.025325 0.0217674 0.0185043 0.0155778 0.0129765 0.0106704
 1.04536e-16 2.28307e-05 0.000133972 0.000636789 0.00245158 0.00764495 0.0193107 0.0395136 0.0655031 0.0879839 0.0957835 0.0845822 0.0607527 0.0358725 0.0181915 0.00935336 0.00695051 0.00811789 0.0110852 0.0150239 0.0194896 0.0240879 0.0283882 0.0319664 0.0344847 0.0357584 0.0357845 0.0347189 0.032818 0.0303655 0.0276111 0.0247367 0.0218553 0.0190293 0.0162971 0.0136937
 1.03235e-16 3.00617e-05 0.000176433 0.000838672 0.00322892 0.0100691 0.0254337 0.0520409 0.0862644 0.115853 0.126078 0.111226 0.0796548 0.0465591 0.0227317 0.0102482 0.00584508 0.00567496 0.00737918 0.00991281 0.0128264 0.01582 0.0186012 0.0208902 0.022469 0.0232249 0.0231681 0.0224147 0.0211452 0.0195538 0.0178053 0.0160136 0.0142409 0.0125129 0.0108391 0.00922913
 1.01715e-16 3.20626e-05 0.000188179 0.00089451 0.0034439 0.0107395 0.0271271 0.0555059 0.0920081 0.123567 0.134472 0.11863 0.0849544 0.0496506 0.0242281 0.0108966 0.00616901 0.00593207 0.00765615 0.0102089 0.0130907 0.0159617 0.0184948 0.0203867 0.0214146 0.0214861 0.0206566 0.0191082 0.0170972 0.0148909 0.0127127 0.0107112 0.00895638 0.00745584 0.00618101 0.00509129
 1.00771e-16 3.56652e-05 0.000209334 0.000995093 0.00383119 0.0119472 0.0301777 0.0617473 0.102352 0.137451 0.149564 0.131901 0.0943631 0.0549585 0.0264613 0.0112952 0.00554582 0.00461098 0.00567061 0.00749001 0.00957459 0.0116409 0.0134387 0.014741 0.0153832 0.0152996 0.0145372 0.0132388 0.0116048 0.00984419 0.00813299 0.0065898 0.00527173 0.00418581 0.00330807 0.00260204
 1.00574e-16 3.41794e-05 0.000200607 0.000953597 0.0036714 0.0114489 0.0289191 0.0591724 0.098085 0.131726 0.143345 0.126443 0.0905167 0.0528356 0.0256586 0.0113284 0.00611341 0.00561589 0.00713155 0.00945433 0.0120634 0.0146195 0.016805 0.01833 0.0189876 0.0187011 0.0175419 0.0157068 0.0134671 0.0111038 0.00885231 0.00686983 0.00522902 0.00393315 0.00294152 0.00219495
 1.01143e-16 2.82368e-05 0.000165709 0.000787667 0.0030325 0.00945651 0.0238865 0.0488762 0.0810219 0.108823 0.118455 0.104566 0.0750279 0.0441414 0.0220848 0.0108554 0.0074331 0.00823064 0.0110208 0.014756 0.0188863 0.0229507 0.0264708 0.0289985 0.0302074 0.0299677 0.0283737 0.0257118 0.0223831 0.0188076 0.0153407 0.012224 0.0095763 0.00741539 0.00569499 0.00434133
 1.01918e-16 2.87693e-05 0.00016884 0.000802563 0.00308987 0.00963542 0.0243384 0.0498003 0.0825523 0.110874 0.120674 0.106495 0.0763451 0.044783 0.0221598 0.010489 0.00667397 0.00704974 0.00935619 0.0125613 0.0161696 0.0197991 0.0230598 0.0255799 0.0270771 0.0274184 0.0266445 0.0249469 0.0226105 0.0199413 0.0172045 0.0145885 0.0121989 0.0100743 0.00821296 0.00659608
 1.023e-16 2.79049e-05 0.000163764 0.000778428 0.00299694 0.00934562 0.0236064 0.0483027 0.0800705 0.107543 0.117054 0.103313 0.0740927 0.0435191 0.021641 0.0104213 0.0068664 0.00742828 0.00991494 0.0133158 0.0171294 0.0209552 0.0243797 0.0270103 0.0285517 0.02887 0.0280168 0.0262042 0.0237411 0.0209553 0.0181263 0.0154469 0.0130184 0.0108693 0.00898553 0.007338
 1.01935e-16 3.13972e-05 0.000184273 0.000875941 0.00337241 0.0105165 0.026564 0.0543536 0.090098 0.121002 0.131681 0.116168 0.0831921 0.0486227 0.0237311 0.0106825 0.00606478 0.00585388 0.00757809 0.0101354 0.0130439 0.0159777 0.0186207 0.0206751 0.0219159 0.0222381 0.0216757 0.0203826 0.0185858 0.0165274 0.0144143 0.0123903 0.0105324 0.00886488 0.0073817 0.00606634
 1.01867e-16 2.8729e-05 0.000168602 0.000801426 0.00308548 0.00962174 0.0243039 0.0497298 0.082436 0.110719 0.12051 0.106361 0.0762714 0.0447848 0.0222437 0.0106655 0.00696335 0.00747929 0.00995081 0.0133324 0.0171041 0.0208523 0.0241536 0.0266101 0.0279283 0.0279848 0.0268504 0.0247626 0.0220581 0.0190899 0.0161558 0.0134575 0.011094 0.00908253 0.00739076 0.00596797
 1.02245e-16 2.79861e-05 0.000164241 0.000780697 0.00300568 0.00937287 0.0236752 0.0484435 0.0803038 0.107855 0.117394 0.103611 0.0743008 0.0436309 0.0216774 0.0104073 0.00681664 0.00734664 0.00979966 0.013165 0.0169449 0.0207439 0.0241545 0.0267884 0.0283518 0.0287086 0.0279048 0.0261442 0.0237271 0.0209744 0.0181613 0.0154807 0.0130369 0.0108638 0.00895365 0.00728257
 1.02119e-16 3.02836e-05 0.000177733 0.000844848 0.00325268 0.0101432 0.0256209 0.0524242 0.0869005 0.11671 0.127016 0.112067 0.0802857 0.046986 0.0230481 0.0105717 0.00627715 0.00629193 0.00823408 0.0110327 0.0142031 0.0174 0.0202814 0.0225236 0.0238815 0.0242406 0.0236376 0.0222392 0.0202919 0.0180581 0.0157625 0.0135609 0.011537 0.0097174 0.00809598 0.00665549
 1.0216e-16 2.80164e-05 0.000164418 0.000781535 0.0030089 0.00938292 0.0237006 0.0484956 0.0803903 0.107973 0.117524 0.103731 0.0743994 0.0437135 0.0217637 0.0105228 0.00698664 0.00759311 0.0101388 0.0136033 0.0174737 0.021336 0.0247632 0.0273518 0.0288016 0.0289822 0.0279576 0.0259588 0.0233169 0.0203805 0.0174446 0.0147103 0.0122786 0.0101711 0.00836245 0.00680995
 1.04122e-16 1.68552e-05 9.88769e-05 0.000469913 0.00180902 0.00564109 0.0142493 0.0291587 0.0483442 0.0649562 0.0707677 0.0626185 0.0452529 0.0272754 0.014857 0.00930988 0.0089557 0.0117497 0.0163915 0.0221809 0.0285903 0.0350306 0.0408317 0.0453436 0.0480716 0.0487837 0.0475517 0.0447107 0.0407568 0.0362201 0.0315559 0.0270823 0.0229721 0.0192831 0.0160058 0.0131067
pSPR Fmed_Fpbrs
0.591061   0.342818 0.342818
Fs Fmed_Fpbrs
0.364392   1.005 1.005
SSBpbr Bo_Bmed_Bpbrs
1.02085e+06  552341  298922 298922
Ro
41772.8
SPR SPRFo_SPRFmed_SPRFpbrs
858966 507702 294469
log_Ro
10.46
likeval ReclasPelacesDesembMPH_pf_preclas_ppelaces_ptallas_desvR_qrecl_qpela
 61.2111 17.7216 0.00927075 0.000219576 313.901 192.726 77.3017 0 15.4894 2.76451e-05 4.07463e-05 0 0 0 0
q_reclas_q_pelaces
0.474706 2.47973
M
0.7
N
 45153.7 12869.7 4811.68 569.421 0.274362
 55219.3 20430.5 3692.19 1380.42 163.44
 30987.6 25351.3 6386.88 1154.24 482.635
 46157.2 13616.6 6120.68 1542.01 395.197
 80429.5 22351.8 5829.93 2620.56 829.415
 58380 39745.5 10784.4 2812.84 1664.56
 96469.6 27628.9 14861.8 4032.52 1674.2
 90874.4 46445.2 11431.1 6148.84 2361.08
 112706 42475.6 16139 3972.13 2957.07
 123601 52202.9 13988.7 5315.17 2282.03
 65967.6 58135.6 18823 5043.96 2739.34
 43964 29392.8 15233.6 4932.27 2039.5
 45215.2 19713.7 7996.12 4144.19 1896.62
 24298.9 19063 3728.91 1512.49 1142.64
 15588.6 8920.12 1594.01 311.805 222.017
 15957.4 5597.61 654.828 117.017 39.188
 12443.3 6945.71 1277.84 149.486 35.6588
 14146.1 5632.58 1997.69 367.526 53.2505
 15761.5 6591.35 1921.4 681.458 143.536
 26248.1 7429.49 2407.15 701.695 301.287
 33307.2 12346.4 2679.61 868.193 361.748
 42629.7 16134.1 5295.7 1149.36 527.556
 68369.4 20497.8 6625.18 2174.59 688.595
 80568.4 32662.8 8102.67 2618.89 1131.8
 36059.9 38529.5 12988.2 3221.99 1491.45
pred_Ctot
 2900.7 4032.58 1507.69 178.422 0.0859684
 3011.12 5589.28 1010.09 377.65 44.7132
 2583.57 9758.46 2458.5 444.299 185.78
 825.539 1361.14 611.837 154.143 39.5048
 281.982 457.24 119.26 53.6078 16.967
 1977.68 7176.57 1947.26 507.896 300.558
 2118.43 3350.09 1802.03 488.956 203.003
 3853.09 10236.5 2519.39 1355.2 520.378
 5474.98 10533.1 4002.17 985.011 733.298
 4710.92 10473.5 2806.57 1066.39 457.846
 4904.93 20478.5 6630.45 1776.75 964.943
 3085.7 9891.28 5126.4 1659.81 686.332
 4956.36 9265.25 3758.1 1947.73 891.395
 4636.39 12541.2 2453.18 995.041 751.721
 3162.54 6049.99 1081.12 211.478 150.581
 1427.9 2272.72 265.871 47.5106 15.9109
 795.837 2168.53 398.956 46.6712 11.1331
 629.98 1295.75 459.559 84.5476 12.25
 577.354 1276.52 372.111 131.975 27.7982
 999.583 1489.47 482.59 140.677 60.4025
 588.492 1220 264.784 85.79 35.7459
 974.196 2030.47 666.462 144.646 66.3926
 1870.07 3046.64 984.714 323.214 102.347
 2147.36 4740.38 1175.95 380.082 164.259
 892.209 5220.53 1759.83 436.562 202.083
F
 0.0930454 0.548657 0.548657 0.548657 0.548657
 0.078482 0.462782 0.462782 0.462782 0.462782
 0.122299 0.721157 0.721157 0.721157 0.721157
 0.0251471 0.148284 0.148284 0.148284 0.148284
 0.00488558 0.0288086 0.0288086 0.0288086 0.0288086
 0.0481128 0.283705 0.283705 0.283705 0.283705
 0.0309544 0.182527 0.182527 0.182527 0.182527
 0.0605482 0.357032 0.357032 0.357032 0.357032
 0.0696458 0.410677 0.410677 0.410677 0.410677
 0.0542784 0.320061 0.320061 0.320061 0.320061
 0.108414 0.639278 0.639278 0.639278 0.639278
 0.102057 0.601794 0.601794 0.601794 0.601794
 0.163685 0.965197 0.965197 0.965197 0.965197
 0.30212 1.7815 1.7815 1.7815 1.7815
 0.324199 1.91169 1.91169 1.91169 1.91169
 0.131798 0.777169 0.777169 0.777169 0.777169
 0.0926173 0.546132 0.546132 0.546132 0.546132
 0.0636822 0.375512 0.375512 0.375512 0.375512
 0.0521164 0.307313 0.307313 0.307313 0.307313
 0.0542318 0.319786 0.319786 0.319786 0.319786
 0.024839 0.146467 0.146467 0.146467 0.146467
 0.0322312 0.190057 0.190057 0.190057 0.190057
 0.0386874 0.228126 0.228126 0.228126 0.228126
 0.0376811 0.222193 0.222193 0.222193 0.222193
 0.0349382 0.206019 0.206019 0.206019 0.206019
YTP_r0W_actual
 9992.74 114852 58074.5 17942.7 8649.14
YTP_p0W_proyectada
 31754.2 178474 234307 103034 41003.6
 31754.2 141878 47298.1 55558.8 25287.3
CTP_r0_actual
 892.209 5220.53 1759.83 436.562 202.083
CTP_p0_proyectada
 3735.79 8339.9 7509.84 2531.56 881.798
 3735.79 6629.8 1515.96 1365.08 543.812
Wmedp
 8.5 21.4 31.2 40.7 46.5
nmprior
 10.6 11 7 0
nm_flota  nm_reclas  nm_pelaces    nm_pelaL
inf 17.3627 17.238 40.4978
cv_recla  cv_pelaces  cv_mph
0.707685 0.477335 0.480763
 ------------------------------------------------
Talla a la edad & desviaci?n 
 7.2 14.2025 17.0495 18.207 18.6776
 1.08 2.13037 2.55742 2.73105 2.80164
