years
 1997 1998 1999 2000 2001 2002 2003 2004 2005 2006 2007 2008 2009 2010 2011 2012 2013 2014 2015 2016 2017 2018 2019 2020 2021
reclasobs
 0 0 0 370054 412103 1.49427e+06 250295 1.28982e+06 931140 785840 897777 1.04006e+06 184774 17550 25797 100020 73551 82996 120727 218422 84188 347160 605670 569463 516374
reclaspred
 459133 102055 193068 143018 273706 308060 691364 511308 685477 816873 679674 455305 286693 127140 82552.9 80444.9 95680 121854 118148 183459 283977 253696 430149 513487 490087
pelacesobs
 0 0 0 0 0 0 0 0 0 2.06254e+06 1.5e+06 0 1.87456e+06 323000 250000 174000 83755 137374 0 501740 490994 745055 786931 1.00524e+06 1.33801e+06
pelacespred
 692428 158233 161595 197470 337828 306360 857631 705971 896656 1.06224e+06 802469 559353 353386 127241 81436.2 85727.1 106885 139060 138066 207888 362272 316372 422947 598326 566602
mphobs
 0 0 0 0 0 112323 0 153150 637223 0 255016 313432 73983 77613 109348 50772 0 0 0 0 0 0 0 0 0
mphpred
 187149 87329.5 78065.9 59270.7 81963.8 158521 217437 266170 256237 324088 396354 287109 173920 93387.8 41566.8 33626.9 39553.5 51423.3 59513.6 63962 107755 133699 161356 224619 280084
desembarqueobs
 350755 77701 442110 56441 14545 235359 269955 359681 431902 328805 639364 411747 362871 311530 167758 66681 60226 58785 57116 73181 50977 67692 138656 160484 209506
desembarquepred
 350738 77678.7 441801 56434.7 14544.8 235362 269961 359524 431760 328703 639108 411702 362778 311520 167617 66667.5 60231.9 58772.1 57098.6 73158.1 50972.2 67673.9 138631 160461 209479
Reclutas
 27297.6 41654.2 13565.7 35217 66828.3 38419.9 74084 85362.4 129043 171888 65921.8 36222.5 46232.2 22413.6 15810.7 17774.3 13190.1 13772.1 13916.2 32628.1 39152.6 45181.1 75989.5 77693.4 14143.6
log_desv_Rt
 -0.305447 0.117157 -1.0047 -0.0507147 0.589883 0.0363301 0.692955 0.834661 1.2479 1.5346 0.576225 -0.022563 0.221431 -0.502578 -0.851561 -0.73449 -1.03278 -0.989603 -0.979194 -0.12707 0.0552232 0.198435 0.718351 0.740526 -0.962979
SSB
 625546 291900 260936 198113 273965 529856 726786 889675 856473 1.08327e+06 1.32482e+06 959663 581329 312149 138938 112398 132208 171883 198925 213794 360170 446891 539335 750791 936183
BT
 1.49232e+06 423216 524756 413697 616682 732434 1.72264e+06 1.66467e+06 1.99876e+06 2.21239e+06 2.00011e+06 1.37502e+06 989244 526211 286807 208431 240409 296262 296723 432130 689689 630455 853430 1.20347e+06 1.18085e+06
Ftot
 0.46589 0.589566 1.21954 0.346382 0.0489215 0.411788 0.288088 0.538028 0.538153 0.32637 0.513113 0.466423 0.774945 1.35282 1.41458 0.590638 0.434866 0.315939 0.286395 0.318888 0.126496 0.161279 0.201234 0.198516 0.202379
BD_Bspro_t
 0.937145 0.676598 0.550119 0.317577 0.521521 0.727611 0.660266 0.673833 0.632569 0.640986 0.65812 0.507279 0.389771 0.288165 0.171498 0.173802 0.260866 0.395533 0.489061 0.565276 0.706365 0.794793 0.795853 0.797566 0.786085
BD_Bspro
 0.821105 0.383154 0.34251 0.260047 0.359612 0.695501 0.953995 1.16781 1.12423 1.42192 1.73898 1.25967 0.763065 0.409734 0.182372 0.147536 0.173539 0.225617 0.261113 0.28063 0.472767 0.586599 0.707943 0.985504 1.22885
BD_Bo
 0.647032 0.301926 0.269899 0.204918 0.283375 0.548056 0.75175 0.920234 0.885892 1.12047 1.37032 0.992626 0.601297 0.322871 0.14371 0.116259 0.136749 0.177787 0.205757 0.221137 0.372542 0.462241 0.55786 0.776579 0.96834
BD_Brms
 2.18193 1.01816 0.910154 0.691025 0.955599 1.84816 2.53506 3.10322 2.98741 3.77847 4.62101 3.34734 2.0277 1.08879 0.484619 0.392049 0.461146 0.599534 0.693857 0.74572 1.25629 1.55877 1.88122 2.61879 3.26544
S_f
 0.157618 1 1 1 1
 0.157618 1 1 1 1
 0.157618 1 1 1 1
 0.157618 1 1 1 1
 0.157618 1 1 1 1
 0.157618 1 1 1 1
 0.157618 1 1 1 1
 0.157618 1 1 1 1
 0.157618 1 1 1 1
 0.157618 1 1 1 1
 0.157618 1 1 1 1
 0.157618 1 1 1 1
 0.157618 1 1 1 1
 0.157618 1 1 1 1
 0.157618 1 1 1 1
 0.157618 1 1 1 1
 0.157618 1 1 1 1
 0.157618 1 1 1 1
 0.157618 1 1 1 1
 0.157618 1 1 1 1
 0.157618 1 1 1 1
 0.157618 1 1 1 1
 0.157618 1 1 1 1
 0.157618 1 1 1 1
 0.157618 1 1 1 1
Scru_reclas
 1 1 1 1 1
 1 1 1 1 1
 1 1 1 1 1
 1 1 1 1 1
 1 1 1 1 1
 1 1 1 1 1
 1 1 1 1 1
 1 1 1 1 1
 1 1 1 1 1
 1 1 1 1 1
 1 1 1 1 1
 1 1 1 1 1
 1 1 1 1 1
 1 1 1 1 1
 1 1 1 1 1
 1 1 1 1 1
 1 1 1 1 1
 1 1 1 1 1
 1 1 1 1 1
 1 1 1 1 1
 1 1 1 1 1
 1 1 1 1 1
 1 1 1 1 1
 1 1 1 1 1
 1 1 1 1 1
Scru_pelaces
 1 1 1 1 1
 1 1 1 1 1
 1 1 1 1 1
 1 1 1 1 1
 1 1 1 1 1
 1 1 1 1 1
 1 1 1 1 1
 1 1 1 1 1
 1 1 1 1 1
 1 1 1 1 1
 1 1 1 1 1
 1 1 1 1 1
 1 1 1 1 1
 1 1 1 1 1
 1 1 1 1 1
 1 1 1 1 1
 1 1 1 1 1
 1 1 1 1 1
 1 1 1 1 1
 1 1 1 1 1
 1 1 1 1 1
 1 1 1 1 1
 1 1 1 1 1
 1 1 1 1 1
 1 1 1 1 1
pf_obs 
 0.256992 0.487395 0.22802 0.0275931 0
 0.321318 0.546541 0.124235 0.00734118 0.000564706
 0.182869 0.594174 0.210203 0.0122559 0.00049798
 0.330522 0.361315 0.267642 0.0388342 0.00168674
 0.649043 0.306663 0.0425973 0.00169635 0
 0.582887 0.30429 0.105238 0.00758474 0
 0.465427 0.430635 0.0974691 0.00646863 0
 0.296916 0.608066 0.0921331 0.00288517 0
 0.311714 0.524322 0.152257 0.0117073 0
 0.15457 0.633149 0.183074 0.0267441 0.00246327
 0.131901 0.49318 0.331252 0.0422183 0.00144891
 0.196976 0.569456 0.194076 0.0375587 0.00193317
 0.518974 0.381816 0.0799577 0.0180837 0.00116848
 0.0928022 0.601141 0.25162 0.0475244 0.00691264
 0.122501 0.610282 0.24278 0.0234846 0.000952079
 0.383417 0.481906 0.127806 0.00687128 0
 0.0376549 0.599619 0.316969 0.0457579 0
 0.0361596 0.667082 0.258105 0.0386534 0
 0.158088 0.579412 0.248529 0.0139706 0
 0.0477256 0.309471 0.559284 0.082774 0.000745712
 0.0406174 0.521527 0.379366 0.0568643 0.0016247
 0.151134 0.462217 0.34131 0.0453401 0
 0.294876 0.26143 0.354403 0.0886775 0.000613685
 0.281977 0.475581 0.204845 0.0348837 0.00271318
 0.0841818 0.532909 0.334909 0.0458182 0.00218182
pf_pred 
 0.182646 0.56054 0.227935 0.0288702 8.76023e-06
 0.290821 0.454059 0.17496 0.071145 0.00901394
 0.115924 0.686702 0.126371 0.0486939 0.0223094
 0.408061 0.360863 0.179487 0.0330304 0.0185585
 0.351819 0.543146 0.0640323 0.0318486 0.00915405
 0.142278 0.668131 0.158869 0.0187293 0.0119932
 0.289582 0.399598 0.242116 0.0575707 0.0111332
 0.257017 0.555869 0.105248 0.0637699 0.0180956
 0.318553 0.504825 0.132141 0.0250197 0.0194611
 0.291333 0.562931 0.107963 0.02826 0.00951274
 0.103678 0.675188 0.175658 0.0336889 0.0117867
 0.0977161 0.438062 0.349693 0.0909767 0.0235527
 0.208437 0.366631 0.206306 0.164689 0.0539379
 0.160312 0.597089 0.112365 0.0632288 0.0670048
 0.236097 0.542588 0.157374 0.0296159 0.0343255
 0.306001 0.558225 0.0964382 0.0279712 0.0113648
 0.19232 0.637388 0.136976 0.0236638 0.00965216
 0.205699 0.517254 0.218634 0.0469849 0.0114279
 0.197125 0.527303 0.179454 0.0758522 0.0202655
 0.35898 0.41109 0.151011 0.0513927 0.0275265
 0.252614 0.602091 0.0931786 0.0342285 0.017888
 0.215948 0.544806 0.192735 0.0298274 0.016683
 0.278055 0.471874 0.173765 0.0614725 0.0148344
 0.207943 0.577419 0.140291 0.0516613 0.0226864
 0.0398588 0.621031 0.247216 0.0600639 0.0318312
pobs_RECLAS
 0 0 0 0 0
 0 0 0 0 0
 0 0 0 0 0
 0 0 0 0 0
 0.835266 0.146461 0.0176864 0.000547809 3.91292e-05
 0.385257 0.428462 0.181853 0.0044286 0
 0.867414 0.0963971 0.0333333 0.00285562 0
 0.441836 0.489002 0.0689373 0.000224442 0
 0.779404 0.147425 0.0564933 0.0165055 0.000172143
 0.814271 0.122319 0.05973 0.00367925 0
 0.40263 0.566651 0.0304383 0.000280538 0
 0.475488 0.404961 0.113038 0.00651328 0
 0.955842 0.0263864 0.0167828 0.000988607 0
 0.975058 0.0227948 0.00214734 0 0
 0.738997 0.206755 0.0527124 0.00153531 0
 0.850938 0.134255 0.0134407 0.00136685 0
 0.542534 0.407297 0.0501686 0 0
 0.764087 0.199537 0.0359546 0.000420521 0
 0.470689 0.182191 0.310203 0.0369168 0
 0.84361 0.089868 0.0606195 0.00523954 0.000663233
 0.607945 0.314616 0.071237 0.00620181 0
 0.523733 0.453247 0.0230204 0 0
 0.530135 0.295979 0.169645 0.0042399 0
 0.562478 0.366248 0.0663022 0.0049721 0
 0.250443 0.683176 0.0655157 0.000865301 0
ppred_RECLAS
 0.593938 0.278477 0.113238 0.0143428 4.35209e-06
 0.730759 0.172384 0.066424 0.0270103 0.00342216
 0.483029 0.401555 0.0738966 0.0284742 0.0130456
 0.817155 0.111467 0.055442 0.0102028 0.00573257
 0.775391 0.188212 0.0221886 0.0110362 0.00317208
 0.519441 0.374336 0.0890101 0.0104935 0.00671946
 0.724616 0.154899 0.093853 0.0223165 0.00431562
 0.694997 0.228191 0.0432056 0.0261783 0.00742845
 0.754859 0.181604 0.047536 0.00900047 0.00700085
 0.726862 0.216968 0.0416116 0.0108921 0.00366645
 0.431895 0.427946 0.111335 0.0213526 0.00747061
 0.414831 0.284101 0.226791 0.0590022 0.0152749
 0.639745 0.166861 0.0938938 0.0749529 0.0245481
 0.581021 0.297929 0.0560669 0.0315493 0.0334334
 0.693803 0.217486 0.0630803 0.011871 0.0137587
 0.744805 0.205268 0.0354619 0.0102855 0.00417902
 0.608541 0.308923 0.0663881 0.0114691 0.00467812
 0.626179 0.243435 0.102896 0.0221125 0.0053783
 0.613111 0.254096 0.0864751 0.0365516 0.00976552
 0.783695 0.138718 0.050957 0.0173419 0.00928852
 0.683448 0.255013 0.0394654 0.0144973 0.00757639
 0.638078 0.251485 0.0889673 0.0137684 0.00770093
 0.711946 0.188276 0.0693316 0.0245273 0.00591887
 0.627485 0.271568 0.0659806 0.024297 0.0106697
 0.210374 0.51074 0.203312 0.0493969 0.0261781
pobs_PELACES
 0 0 0 0 0
 0 0 0 0 0
 0 0 0 0 0
 0 0 0 0 0
 0 0 0 0 0
 0 0 0 0 0
 0 0 0 0 0
 0 0 0 0 0
 0 0 0 0 0
 0 0 0 0 0
 0.450072 0.473896 0.0757376 0.000293798 0
 0 0 0 0 0
 0.463077 0.371075 0.160297 0.00555027 0
 0.529543 0.364841 0.0842815 0.0213345 0
 0.631943 0.363953 0.00410389 0 0
 0.735681 0.248677 0.0153453 0.000297389 0
 0.695825 0.281241 0.0229344 0 0
 0.275771 0.60734 0.115278 0.00161068 0
 0 0 0 0 0
 0.896147 0.0623911 0.0374545 0.00400742 0
 0.803859 0.145111 0.0509908 3.86294e-05 0
 0.739449 0.233085 0.0266225 0.000797448 4.60066e-05
 0.878498 0.100942 0.0204185 0.000141795 0
 0.694673 0.275183 0.0284847 0.00165964 0
 0.469039 0.446079 0.0841089 0.000773354 0
ppred_PELACES
 0.624755 0.257343 0.104644 0.0132543 4.0218e-06
 0.761763 0.152534 0.0587751 0.0239 0.00302809
 0.567364 0.336048 0.0618416 0.0238291 0.0109174
 0.831105 0.102963 0.0512121 0.00942437 0.00529521
 0.777751 0.186235 0.0219555 0.0109203 0.00313875
 0.547921 0.352151 0.0837349 0.00987163 0.00632123
 0.740306 0.146073 0.0885057 0.021045 0.00406974
 0.725747 0.205185 0.0388497 0.023539 0.00667952
 0.781477 0.161884 0.0423744 0.00802316 0.00624067
 0.744499 0.202958 0.0389246 0.0101888 0.0034297
 0.467176 0.40137 0.104421 0.0200266 0.00700666
 0.446612 0.268672 0.214473 0.0557978 0.0144453
 0.687763 0.14462 0.0813788 0.0649625 0.0212761
 0.66886 0.235469 0.0443125 0.024935 0.0264241
 0.77051 0.163003 0.0472778 0.00889714 0.010312
 0.774742 0.181188 0.0313019 0.00907888 0.00368878
 0.636932 0.286519 0.0615733 0.0106373 0.00433884
 0.646499 0.230202 0.0973026 0.0209105 0.00508595
 0.631818 0.24181 0.082294 0.0347843 0.00929334
 0.798344 0.129323 0.047506 0.0161674 0.00865946
 0.691006 0.248924 0.0385231 0.0141512 0.00739549
 0.648367 0.244336 0.0864383 0.013377 0.00748202
 0.723281 0.180867 0.0666034 0.0235622 0.00568596
 0.640291 0.262232 0.0637124 0.0234617 0.010303
 0.219871 0.504596 0.200866 0.0488028 0.0258633
pobs_pel_tallas
 0 0 0 0 0 0 0 0 0 0 0 0 0 0 0 0 0 0 0 0 0 0 0 0 0 0 0 0 0 0 0 0 0 0 0 0
 0 0 0 0 0 0 0 0 0 0 0 0 0 0 0 0 0 0 0 0 0 0 0 0 0 0 0 0 0 0 0 0 0 0 0 0
 0 0 0 0 0 0 0 0 0 0 0 0 0 0 0 0 0 0 0 0 0 0 0 0 0 0 0 0 0 0 0 0 0 0 0 0
 0 0 0 0 0 0 0 0 0 0 0 0 0 0 0 0 0 0 0 0 0 0 0 0 0 0 0 0 0 0 0 0 0 0 0 0
 0 0 0 0 0 0 0 0 0 0 0 0 0 0 0 0 0 0 0 0 0 0 0 0 0 0 0 0 0 0 0 0 0 0 0 0
 0 0 0 0 0 0 0 0 0 0 0 0 0 0 0 0 0 0 0 0 0 0 0 0 0 0 0 0 0 0 0 0 0 0 0 0
 0 0 0 0 0 0 0 0 0 0 0 0 0 0 0 0 0 0 0 0 0 0 0 0 0 0 0 0 0 0 0 0 0 0 0 0
 0 0 0 0 0 0 0 0 0 0 0 0 0 0 0 0 0 0 0 0 0 0 0 0 0 0 0 0 0 0 0 0 0 0 0 0
 0 0 0 0 0 0 0 0 0 0 0 0 0 0 0 0 0 0 0 0 0 0 0 0 0 0 0 0 0 0 0 0 0 0 0 0
 0 0 0 0 0 0 0 0 0 0 0 0 0 0 0 0 0 0 0 0 0 0 0 0 0 0 0 0 0 0 0 0 0 0 0 0
 0 0 0 0 0 0 0 0 1.78061e-05 0.00172719 0.00360574 0.0105946 0.0120993 0.0124554 0.0147524 0.0171206 0.0266825 0.0428682 0.0675386 0.121331 0.153587 0.119568 0.100827 0.0573624 0.0630603 0.0341343 0.0324427 0.0444173 0.0211091 0.0280891 0.0125444 0.00206551 0 0 0 0
 0 0 0 0 0 0 0 0 0 0 0 0 0 0 0 0 0 0 0 0 0 0 0 0 0 0 0 0 0 0 0 0 0 0 0 0
 0 0 0 0 0 0 0.0133647 0.0140871 0.0187388 0.0205184 0.03894 0.0496705 0.03968 0.0493445 0.0407372 0.0367815 0.0215668 0.0243155 0.0234873 0.0199281 0.019796 0.0243948 0.0301388 0.0376714 0.0412746 0.0863199 0.0771752 0.113111 0.0741005 0.0525337 0.0229764 0.00759418 0.00175318 0 0 0
 0 0 0 0 0 0 0 0 0 0 0.00219441 0.00772107 0.0458388 0.0604681 0.0671733 0.0775358 0.0609151 0.0617685 0.073594 0.0568108 0.0755445 0.0548602 0.0670107 0.0636378 0.0643287 0.046367 0.0373049 0.0286899 0.0247887 0.0153202 0.00654259 0.00121912 0.000365735 0 0 0
 0 0 0 0 0 0 0 0 0 0 0 0 0.000112435 0.00938835 0.0111873 0.0202946 0.0414886 0.0713402 0.111592 0.104902 0.108894 0.110636 0.117776 0.105296 0.107544 0.0401394 0.0192827 0.0124803 0.00416011 0.0028671 0.000618394 0 0 0 0 0
 0 0 0 0 0 0 0 0 0 0 0.00291406 0.0102884 0.027416 0.0768956 0.0749926 0.110853 0.0956884 0.0897413 0.0766577 0.0534642 0.0500743 0.0551293 0.0594112 0.0620874 0.0668451 0.0424026 0.0208742 0.0120726 0.0048766 0.00582813 0.00118941 0.000297354 0 0 0 0
 0 0.00264628 0.0354308 0.0461629 0.0458689 0.0383711 0.0214643 0.0164657 0.0346957 0.0420465 0.0363128 0.0245516 0.0311673 0.0291091 0.0169068 0.0133784 0.00837989 0.0085269 0.0148486 0.0160247 0.0276389 0.0546898 0.0760071 0.122758 0.109233 0.0665981 0.0333725 0.0166128 0.00676272 0.00308733 0.000882094 0 0 0 0 0
 0 0 0 0 0 0 0 0.000805153 0.000690131 0.00759144 0.0133425 0.0154129 0.00931677 0.000345066 0.00356568 0.00563607 0.00851162 0.0253048 0.0502646 0.0516448 0.0657925 0.0565908 0.0611916 0.0827007 0.0866115 0.110766 0.145733 0.0935128 0.0569358 0.0249597 0.0138026 0.00621118 0.00161031 0.00115022 0 0
 0 0 0 0 0 0 0 0 0 0 0 0 0 0 0 0 0 0 0 0 0 0 0 0 0 0 0 0 0 0 0 0 0 0 0 0
 0.00147267 0.00158595 0.00478618 0.00569244 0.00954404 0.0108468 0.00647125 0.017049 0.0510054 0.094081 0.124002 0.0959785 0.0687766 0.0820023 0.061753 0.0591476 0.0492212 0.0479892 0.0443925 0.0268479 0.0217502 0.0140895 0.0121071 0.0120363 0.00920419 0.00665534 0.0049561 0.00860946 0.00930331 0.0156896 0.0114698 0.00855282 0.00243557 0.00046729 0 2.83206e-05
 0 0 0 0 0.000772559 0.00158375 0.000888443 0.00281984 0.00712685 0.0440552 0.0773331 0.111326 0.0921469 0.0852325 0.0710754 0.0886704 0.0786465 0.0553345 0.0373146 0.0185414 0.00753245 0.00457741 0.012979 0.0271748 0.0457355 0.0583668 0.034881 0.0177882 0.00938659 0.00492506 0.0015258 0.00185414 0.000309023 5.79419e-05 3.86279e-05 0
 0 0.00173294 0.00326652 0 0.00397197 0.00683976 0.00946217 0.0152591 0.00757587 0.0136028 0.0228656 0.0392903 0.0559909 0.0764795 0.0681675 0.0726916 0.0566044 0.0477403 0.0527397 0.0444891 0.0609904 0.0582453 0.0661739 0.0445044 0.0529084 0.0360697 0.0280645 0.0235558 0.0158879 0.00826598 0.00280645 0.00217768 0.000904811 0.00058276 9.20147e-05 0
 0 0 0 0 0 0 0 0 0 0 0 0 0 0 0 0 0 0 0 0 0 0 0 0 0 0 0 0 0 0 0 0 0 0 0 0
 0 0 0 0 0 0 0 0 0 0 0 0 0 0 0 0 0 0 0 0 0 0 0 0 0 0 0 0 0 0 0 0 0 0 0 0
 0 0 0 0 0 0 0 0 0 0 0 0 0 0 0 0 0 0 0 0 0 0 0 0 0 0 0 0 0 0 0 0 0 0 0 0
ppred_pel_tallas
 1.02025e-16 2.72655e-05 0.00016001 0.000760579 0.00292821 0.0091313 0.0230651 0.0471951 0.0782348 0.105078 0.114374 0.100955 0.0724154 0.0425628 0.0212197 0.01031 0.00691559 0.00757628 0.0101547 0.0136642 0.01761 0.0215898 0.0251834 0.0279869 0.0296903 0.0301427 0.0293793 0.027598 0.0250987 0.0222074 0.0192096 0.0163125 0.0136375 0.0112363 0.00911786 0.00727166
 1.01847e-16 3.32354e-05 0.000195068 0.000927271 0.00357005 0.0111329 0.0281208 0.0575387 0.0953761 0.128086 0.139377 0.122929 0.0879703 0.0512872 0.0247924 0.0107554 0.00554153 0.00487541 0.0061396 0.00818864 0.010559 0.012975 0.0151835 0.0169467 0.018082 0.0184989 0.0182141 0.0173372 0.0160356 0.0144894 0.0128541 0.0112398 0.0097084 0.00828533 0.0069757 0.00577864
 1.02317e-16 2.47661e-05 0.000145329 0.00069077 0.0026594 0.00829301 0.0209477 0.0428635 0.0710572 0.0954466 0.103914 0.0917779 0.0659548 0.0390107 0.0199025 0.0104197 0.00795184 0.00938143 0.0127617 0.0171466 0.0219871 0.0267758 0.0309701 0.0340572 0.0356616 0.03563 0.0340628 0.0312766 0.0277163 0.0238457 0.0200539 0.0166013 0.0136121 0.0111008 0.00901607 0.00728276
 1.01332e-16 3.6257e-05 0.000212812 0.00101164 0.00389491 0.012146 0.0306796 0.0627739 0.104052 0.139731 0.152034 0.134055 0.0958509 0.0557179 0.0266274 0.011026 0.00491846 0.00361833 0.00426565 0.00563321 0.00726937 0.0089559 0.0105156 0.0117852 0.0126371 0.0130044 0.0128908 0.0123627 0.0115259 0.010497 0.00937925 0.00824824 0.00715057 0.00611033 0.00513902 0.00424385
 1.00895e-16 3.39338e-05 0.000199165 0.000946745 0.00364502 0.0113667 0.0287113 0.0587472 0.0973801 0.130779 0.142314 0.125533 0.0898643 0.0524523 0.0254678 0.0112368 0.00605422 0.00555473 0.00705476 0.00935929 0.0119547 0.0145082 0.0167088 0.0182721 0.0189945 0.018799 0.0177527 0.0160444 0.0139346 0.011693 0.0095442 0.00763677 0.00603816 0.00475001 0.00373356 0.00293436
 1.01938e-16 2.3919e-05 0.000140354 0.000667115 0.00256832 0.00800897 0.0202303 0.0413957 0.0686248 0.092182 0.100367 0.0886615 0.0637515 0.0377803 0.0194093 0.0103802 0.0081855 0.00982474 0.0134202 0.0180484 0.0231548 0.028211 0.032646 0.0359172 0.0376237 0.0375964 0.0359324 0.0329573 0.029135 0.0249546 0.020832 0.0170536 0.0137653 0.0109984 0.00871304 0.00683897
 1.02218e-16 3.22996e-05 0.000189574 0.000901155 0.0034695 0.0108193 0.0273287 0.0559181 0.0926898 0.124478 0.135452 0.119468 0.0854957 0.0498492 0.0241068 0.0104764 0.00542941 0.00481583 0.00609891 0.00817385 0.0105991 0.0131143 0.0154779 0.017457 0.0188647 0.0195949 0.0196385 0.0190724 0.0180296 0.0166611 0.0151035 0.0134613 0.0118045 0.0101779 0.00861295 0.00713695
 1.0174e-16 3.1667e-05 0.000185855 0.000883463 0.00340137 0.0106068 0.0267921 0.0548204 0.090872 0.122042 0.132815 0.117173 0.0839226 0.0490707 0.0239881 0.0108617 0.00625148 0.00609805 0.00790357 0.0105465 0.0135255 0.0164932 0.0191128 0.0210708 0.0221374 0.0222167 0.0213656 0.0197714 0.0176984 0.0154216 0.0131711 0.0111 0.00928044 0.00772087 0.00639263 0.00525498
 1.01222e-16 3.40954e-05 0.000200116 0.000951269 0.00366245 0.011421 0.0288486 0.0590279 0.0978447 0.131401 0.142986 0.126113 0.0902512 0.0526222 0.0254466 0.0110524 0.00570934 0.0050279 0.00631657 0.00839084 0.0107631 0.0131372 0.0152419 0.0168267 0.0177057 0.017798 0.0171432 0.015884 0.0142258 0.0123856 0.0105475 0.00883826 0.00732255 0.00601555 0.00490237 0.00395656
 1.0113e-16 3.24846e-05 0.000190656 0.000906285 0.00348924 0.0108808 0.0274842 0.0562366 0.0932192 0.125194 0.136243 0.120192 0.0860742 0.0503069 0.0245516 0.011047 0.00625959 0.00602085 0.00776561 0.0103432 0.0132427 0.0161141 0.0186207 0.0204504 0.0213755 0.0213034 0.0202958 0.0185462 0.016327 0.0139228 0.0115739 0.0094427 0.00760851 0.00608291 0.00483588 0.00382071
 1.02629e-16 2.04002e-05 0.000119691 0.000568869 0.00219003 0.00682928 0.0172506 0.0352993 0.0585215 0.07862 0.0856261 0.0756992 0.054561 0.032595 0.0172269 0.00998939 0.00879279 0.0111147 0.0153619 0.0207123 0.0266072 0.0324644 0.0376379 0.0415092 0.0436178 0.0437641 0.0420482 0.0388284 0.0346195 0.0299656 0.0253307 0.0210351 0.0172443 0.013999 0.0112625 0.00896727
 1.05725e-16 1.94983e-05 0.000114408 0.000543779 0.00209347 0.00652819 0.0164899 0.033742 0.0559367 0.0751387 0.0818113 0.0722718 0.0519714 0.0308107 0.0158552 0.00853475 0.00682388 0.00830594 0.0114924 0.015685 0.0204944 0.025551 0.0304339 0.0347127 0.0380242 0.0401386 0.0409899 0.0406609 0.0393353 0.0372362 0.0345753 0.0315258 0.0282224 0.0247754 0.0212881 0.0178668
 1.04429e-16 3.00082e-05 0.000176123 0.000837205 0.00322328 0.0100515 0.0253893 0.0519498 0.0861123 0.115646 0.125845 0.111001 0.0794523 0.0463575 0.0224791 0.00987545 0.00527709 0.00483825 0.00621134 0.00837749 0.0109312 0.0136318 0.0162526 0.0185718 0.0204074 0.0216492 0.0222724 0.0223265 0.0219061 0.0211169 0.0200479 0.0187603 0.0172918 0.0156697 0.0139265 0.0121079
 1.02798e-16 2.91876e-05 0.000171297 0.000814244 0.00313484 0.00977568 0.0246927 0.0505252 0.0837536 0.112486 0.122427 0.108036 0.0774382 0.0453999 0.0224192 0.0105336 0.00659507 0.00687944 0.00908904 0.0121756 0.0156397 0.0191037 0.0221874 0.0245347 0.0258832 0.0261224 0.0253144 0.0236677 0.0214758 0.0190426 0.0166188 0.0143671 0.0123594 0.0105978 0.00904683 0.00766222
 1.01512e-16 3.36172e-05 0.000197309 0.000937922 0.00361106 0.0112608 0.0284438 0.0581996 0.0964719 0.129558 0.140981 0.124347 0.088993 0.0518995 0.0251177 0.0109454 0.00570709 0.00507744 0.0064046 0.00852142 0.0109462 0.0133843 0.0155639 0.0172329 0.0182028 0.0183888 0.0178259 0.0166516 0.0150657 0.0132799 0.0114738 0.00977129 0.00823612 0.0068848 0.00570592 0.00467815
 1.00988e-16 3.38024e-05 0.000198394 0.000943081 0.00363092 0.0113227 0.0286002 0.0585198 0.0970031 0.130273 0.141762 0.125044 0.0895105 0.0522379 0.0253493 0.0111606 0.00598054 0.00546109 0.00693106 0.00920403 0.0117743 0.0143176 0.0165311 0.0181367 0.0189322 0.0188372 0.0179094 0.0163242 0.0143274 0.0121751 0.0100827 0.00819481 0.00658069 0.00524825 0.0041677 0.0032944
 1.01536e-16 2.77976e-05 0.000163131 0.000775412 0.00298531 0.00930936 0.0235149 0.0481157 0.0797613 0.10713 0.116612 0.10294 0.0738624 0.0434584 0.0217484 0.0106998 0.00734114 0.00814319 0.0109165 0.0146335 0.018757 0.0228366 0.0264041 0.0290186 0.0303563 0.0302831 0.0288826 0.0264242 0.0232897 0.01988 0.0165347 0.013486 0.0108498 0.00864739 0.00684132 0.00536972
 1.02413e-16 2.82125e-05 0.000165572 0.000787029 0.00303006 0.00944892 0.0238673 0.0488364 0.0809543 0.108727 0.118338 0.104432 0.0748651 0.043912 0.0217242 0.0102766 0.00653359 0.00690399 0.00917596 0.0123442 0.0159311 0.0195713 0.0228901 0.0255272 0.0272039 0.0277814 0.0272835 0.0258765 0.0238161 0.0213802 0.0188116 0.0162856 0.0139048 0.0117149 0.00972776 0.00794281
 1.02877e-16 2.75728e-05 0.000161815 0.000769167 0.00296128 0.00923444 0.0233256 0.047728 0.0791175 0.106262 0.115658 0.102077 0.0731966 0.0429739 0.0213352 0.0102177 0.00666147 0.00716134 0.00955535 0.0128538 0.0165752 0.0203411 0.0237614 0.0264629 0.0281608 0.0287184 0.0281712 0.0267024 0.0245862 0.022115 0.0195385 0.0170299 0.0146828 0.0125287 0.0105656 0.00878199
 1.01677e-16 3.48295e-05 0.000204429 0.00097178 0.00374143 0.0116673 0.0294707 0.0603006 0.0999532 0.13423 0.146055 0.1288 0.092132 0.0536326 0.0257745 0.0109212 0.00524836 0.00426366 0.00522059 0.00692823 0.00892576 0.0109635 0.0128244 0.0143073 0.0152587 0.0156037 0.0153585 0.0146179 0.0135249 0.0122328 0.0108728 0.00953618 0.00827272 0.0071005 0.0060205 0.00502917
 1.0146e-16 3.01539e-05 0.000176968 0.000841203 0.00323864 0.0100994 0.0255103 0.0521982 0.0865269 0.116211 0.126482 0.111616 0.0800078 0.0469132 0.0231786 0.0109088 0.00685072 0.00715342 0.00943701 0.0126085 0.0161386 0.0196211 0.0226478 0.0248387 0.0259183 0.0257782 0.0245001 0.0223273 0.0195984 0.0166654 0.0138228 0.0112667 0.00908831 0.00729463 0.00584103 0.00466341
 1.02116e-16 2.82945e-05 0.000166052 0.000789309 0.00303883 0.00947627 0.0239364 0.0489779 0.0811893 0.109044 0.118685 0.104746 0.0751039 0.0440807 0.0218605 0.0104281 0.00674272 0.00720383 0.00958957 0.0128819 0.0165854 0.0203122 0.0236634 0.0262587 0.0278093 0.0281792 0.0274101 0.0256976 0.0233327 0.0206276 0.017852 0.0151968 0.0127678 0.010603 0.00869914 0.00703665
 1.0208e-16 3.15585e-05 0.000185221 0.000880451 0.00338978 0.0105707 0.0267008 0.0546334 0.0905615 0.121623 0.132354 0.116756 0.0835987 0.0488318 0.0237801 0.0106153 0.00590333 0.00559722 0.00721412 0.00965353 0.0124444 0.0152774 0.0178555 0.0198974 0.0211881 0.0216229 0.0212254 0.0201302 0.0185405 0.0166744 0.0147196 0.0128082 0.0110136 0.00936346 0.00786027 0.00649836
 1.02278e-16 2.7943e-05 0.000163987 0.000779488 0.00300101 0.00935833 0.0236385 0.0483685 0.0801797 0.10769 0.117216 0.103459 0.074205 0.0436 0.0217085 0.0104985 0.00697367 0.00758159 0.0101249 0.013586 0.0174538 0.0213155 0.0247457 0.027342 0.0288057 0.0290065 0.0280085 0.0260414 0.0234344 0.0205336 0.0176312 0.0149252 0.0125143 0.0104186 0.00861162 0.00705118
 1.05902e-16 9.62091e-06 5.63972e-05 0.000267941 0.00103135 0.00321593 0.0081237 0.0166259 0.0275736 0.0370737 0.0404573 0.0359571 0.0263305 0.0165611 0.0102738 0.00834583 0.00995252 0.01403 0.0198671 0.0269831 0.0348632 0.0428337 0.0500993 0.0558783 0.0595664 0.0608649 0.0598316 0.0568344 0.0524333 0.0472327 0.0417559 0.0363741 0.0312978 0.0266126 0.0223334 0.018452
pSPR Fmed_Fpbrs
0.584385   0.346542 0.346542
Fs Fmed_Fpbrs
0.37813   1.005 1.005
SSBpbr Bo_Bmed_Bpbrs
966792  516640  286694 286694
Ro
37049.1
SPR SPRFo_SPRFmed_SPRFpbrs
761834 445205 264007
log_Ro
10.34
likeval ReclasPelacesDesembMPH_pf_preclas_ppelaces_ptallas_desvR_qrecl_qpela
 76.5438 51.6544 0.0118302 0.000166322 315.071 191.908 77.912 0 18.7656 3.2078e-05 0 0 0 0 0
q_reclas_q_pelaces
0.448173 1
M
0.7
N
 27297.6 15573.7 6332.83 802.115 0.24339
 41654.2 12595.8 4853.48 1973.59 250.051
 13565.7 18849.3 3468.77 1336.6 612.37
 35217 5558.48 2764.7 508.777 285.863
 66828.3 16559.1 1952.17 970.978 279.082
 38419.9 32931.1 7830.39 923.136 591.124
 74084 17879.8 10833.3 2575.96 498.146
 85362.4 35155.9 6656.42 4033.12 1144.45
 129043 38943.1 10193.6 1930.06 1501.27
 171888 58869.3 11290.4 2955.33 994.809
 65921.8 81077.3 21093.2 4045.4 1415.36
 36222.5 30192.5 24101.9 6270.39 1623.32
 46232.2 16712.6 9404.33 7507.23 2458.72
 22413.6 20318.5 3823.71 2151.63 2280.12
 15810.7 8992.93 2608.33 490.858 568.915
 17774.3 6282.21 1085.31 314.785 127.898
 13190.1 8041.85 1728.21 298.563 121.78
 13772.1 6116.11 2585.18 555.558 135.126
 13916.2 6506.78 2214.41 935.995 250.071
 32628.1 6605.54 2426.5 825.796 442.306
 39152.6 15408.4 2384.58 875.957 457.78
 45181.1 19058.8 6742.4 1043.44 583.616
 75989.5 21873.1 8054.66 2849.48 687.63
 77693.4 36557.2 8881.98 3270.74 1436.31
 14143.6 37392.9 14885.1 3616.51 1916.59
pred_Ctot
 1395.84 4283.82 1741.95 220.635 0.0669484
 2672.59 4172.72 1607.85 653.809 82.8364
 1725.1 10219 1880.57 724.63 331.993
 1349.93 1193.79 593.772 109.27 61.3946
 369.33 570.18 67.2194 33.4338 9.60968
 1742.91 8184.64 1946.15 229.435 146.917
 2371.37 3272.29 1982.68 471.443 91.1689
 5015.89 10848.2 2054 1244.52 353.15
 7584.23 12019 3146.07 595.677 463.336
 6216.68 12012.2 2303.79 603.033 202.99
 3700.51 24099 6269.63 1202.43 420.693
 1854.26 8312.67 6635.78 1726.38 446.936
 3849.97 6771.92 3810.61 3041.91 996.269
 3133.57 11671.1 2196.37 1235.91 1309.72
 2301.81 5289.91 1534.3 288.738 334.653
 1142.42 2084.06 360.04 104.427 42.429
 630.898 2090.93 449.343 77.628 31.6635
 482.521 1213.36 512.865 110.215 26.8072
 442.88 1184.69 403.178 170.416 45.5303
 1153.6 1321.06 485.283 165.153 88.4581
 556.481 1326.34 205.262 75.4015 39.4052
 816.766 2060.58 728.968 112.814 63.0988
 1709.29 2900.76 1068.19 377.891 91.1917
 1724.34 4788.17 1163.34 428.394 188.124
 319.929 4984.74 1984.29 482.106 255.495
F
 0.0734326 0.46589 0.46589 0.46589 0.46589
 0.0929261 0.589566 0.589566 0.589566 0.589566
 0.192222 1.21954 1.21954 1.21954 1.21954
 0.0545961 0.346382 0.346382 0.346382 0.346382
 0.00771091 0.0489215 0.0489215 0.0489215 0.0489215
 0.0649052 0.411788 0.411788 0.411788 0.411788
 0.0454078 0.288088 0.288088 0.288088 0.288088
 0.0848029 0.538028 0.538028 0.538028 0.538028
 0.0848225 0.538153 0.538153 0.538153 0.538153
 0.0514418 0.32637 0.32637 0.32637 0.32637
 0.0808757 0.513113 0.513113 0.513113 0.513113
 0.0735167 0.466423 0.466423 0.466423 0.466423
 0.122145 0.774945 0.774945 0.774945 0.774945
 0.213229 1.35282 1.35282 1.35282 1.35282
 0.222962 1.41458 1.41458 1.41458 1.41458
 0.0930952 0.590638 0.590638 0.590638 0.590638
 0.0685427 0.434866 0.434866 0.434866 0.434866
 0.0497976 0.315939 0.315939 0.315939 0.315939
 0.0451409 0.286395 0.286395 0.286395 0.286395
 0.0502624 0.318888 0.318888 0.318888 0.318888
 0.019938 0.126496 0.126496 0.126496 0.126496
 0.0254204 0.161279 0.161279 0.161279 0.161279
 0.0317181 0.201234 0.201234 0.201234 0.201234
 0.0312897 0.198516 0.198516 0.198516 0.198516
 0.0318986 0.202379 0.202379 0.202379 0.202379
YTP_r0W_actual
 3583.21 109664 65481.6 19814.6 10935.2
YTP_p0W_proyectada
 29515.4 70215.2 228224 118512 46240.5
 29515.4 142868 18608 54116.4 29086
CTP_r0_actual
 319.929 4984.74 1984.29 482.106 255.495
CTP_p0_proyectada
 3472.41 3281.09 7314.87 2911.85 994.42
 3472.41 6676.07 596.411 1329.64 625.506
Wmedp
 8.5 21.4 31.2 40.7 46.5
nmprior
 10.6 11 7 0
nm_flota  nm_reclas  nm_pelaces    nm_pelaL
inf 20.5074 19.7305 48.2703
cv_recla  cv_pelaces  cv_mph
0.79137 0.814941 0.418421
 ------------------------------------------------
Talla a la edad & desviaci?n 
 7.2 14.2025 17.0495 18.207 18.6776
 1.08 2.13037 2.55742 2.73105 2.80164
