years
 1997 1998 1999 2000 2001 2002 2003 2004 2005 2006 2007 2008 2009 2010 2011 2012 2013 2014 2015 2016 2017 2018 2019 2020 2021
reclasobs
 0 0 0 370054 412103 1.49427e+06 250295 1.28982e+06 931140 785840 897777 1.04006e+06 184774 17550 25797 100020 73551 82996 120727 218422 84188 347160 605670 569463 516374
reclaspred
 1.59038e+06 264336 562703 232875 319357 431860 975468 717058 602941 1.13728e+06 1.32056e+06 843528 486132 238666 144844 126900 138728 180980 182790 242839 401979 407641 710562 761558 688438
pelacesobs
 0 0 0 0 0 0 0 0 0 2.06254e+06 1.5e+06 0 1.87456e+06 323000 250000 174000 83755 137374 0 501740 490994 745055 786931 1.00524e+06 1.33801e+06
pelacespred
 837582 287767 177441 163924 187396 192075 529330 453022 315421 653635 672559 449753 268781 107172 62109.1 61445.5 69637.1 91184.4 96726.6 123438 225593 237429 313614 404201 355335
mphobs
 0 0 0 0 0 112323 0 153150 637223 0 255016 313432 73983 77613 109348 50772 0 0 0 0 0 0 0 0 0
mphpred
 1.22299e+06 526931 381394 277839 208233 399329 546899 826732 586089 621470 1.4027e+06 871081 536244 306360 142829 109788 112452 142298 164430 175220 289153 376141 478443 661773 668360
desembarqueobs
 350755 77701 442110 56441 14545 235359 269955 359681 431902 328805 639364 411747 362871 311530 167758 66681 60226 58785 57116 73181 50977 67692 138656 160484 209506
desembarquepred
 350619 77624.4 441358 56356.7 14534 235178 269715 359053 431078 328523 638335 411189 362244 311136 167530 66677.1 60228.7 58825 57147.7 73175.2 51001.6 67690 138496 160130 209270
Reclutas
 28607.6 43950.2 12539.7 13447.8 56307.9 28396 93747.9 54470.3 56174.4 276635 21620.5 39746 54535.4 26548 17277.1 15013.2 12463.8 12770.4 12613.3 27389.9 36118 44300.6 72900.1 44141.9 7491.2
log_desv_Rt
 -0.0785721 0.350811 -0.903345 -0.833427 0.59859 -0.0859971 1.10836 0.565412 0.596217 2.19045 -0.358604 0.250265 0.566605 -0.153292 -0.582866 -0.723312 -0.909417 -0.885115 -0.897495 -0.122072 0.154546 0.358754 0.856845 0.355166 -1.41852
SSB
 1.22299e+06 526931 381394 277839 208233 399329 546899 826732 586089 621470 1.4027e+06 871081 536244 306360 142829 109788 112452 142298 164430 175220 289153 376141 478443 661773 668360
BT
 2.19488e+06 685259 639045 391441 494073 558592 1.74408e+06 1.37e+06 1.14638e+06 2.23804e+06 1.81724e+06 1.2898e+06 971337 523543 291119 192706 212086 254762 250929 357282 587160 547113 773043 956246 835927
Ftot
 0.213176 0.282879 0.724475 0.233732 0.0445057 0.514046 0.267248 0.475438 0.668347 0.279631 0.457816 0.462237 0.694374 1.15166 1.04242 0.498162 0.414639 0.312557 0.300655 0.290527 0.123521 0.161224 0.188919 0.203506 0.291991
BD_Bspro_t
 0.96784 0.796112 0.653943 0.398325 0.462364 0.678059 0.600153 0.651675 0.527003 0.505561 0.660338 0.467999 0.360195 0.27508 0.168666 0.158401 0.213007 0.32727 0.416725 0.492778 0.634686 0.744372 0.758687 0.756213 0.701173
BD_Bspro
 1.92192 0.828069 0.599358 0.436622 0.327236 0.627542 0.859449 1.2992 0.921034 0.976635 2.20433 1.3689 0.842704 0.481443 0.224455 0.172532 0.176718 0.22362 0.258401 0.275356 0.454402 0.591103 0.75187 1.03997 1.05032
BD_Bo
 1.27565 0.549621 0.397817 0.289803 0.217199 0.416524 0.570449 0.862331 0.611326 0.648231 1.4631 0.90859 0.559336 0.319552 0.14898 0.114516 0.117295 0.148425 0.171511 0.182765 0.301604 0.392338 0.499046 0.690269 0.69714
BD_Brms
 6.20468 2.67332 1.93496 1.40958 1.05644 2.02594 2.77463 4.19432 2.97345 3.15295 7.11641 4.41932 2.72057 1.55428 0.724627 0.556998 0.570513 0.721929 0.834216 0.888955 1.46698 1.90831 2.42732 3.35742 3.39084
S_f
 0.5 1 1 1 1
 0.5 1 1 1 1
 0.5 1 1 1 1
 0.5 1 1 1 1
 0.5 1 1 1 1
 0.5 1 1 1 1
 0.5 1 1 1 1
 0.5 1 1 1 1
 0.5 1 1 1 1
 0.5 1 1 1 1
 0.5 1 1 1 1
 0.5 1 1 1 1
 0.5 1 1 1 1
 0.5 1 1 1 1
 0.5 1 1 1 1
 0.5 1 1 1 1
 0.5 1 1 1 1
 0.5 1 1 1 1
 0.5 1 1 1 1
 0.5 1 1 1 1
 0.5 1 1 1 1
 0.5 1 1 1 1
 0.5 1 1 1 1
 0.5 1 1 1 1
 0.5 1 1 1 1
Scru_reclas
 0.5 1 1 1 1
 0.5 1 1 1 1
 0.5 1 1 1 1
 0.5 1 1 1 1
 0.5 1 1 1 1
 0.5 1 1 1 1
 0.5 1 1 1 1
 0.5 1 1 1 1
 0.5 1 1 1 1
 0.5 1 1 1 1
 0.5 1 1 1 1
 0.5 1 1 1 1
 0.5 1 1 1 1
 0.5 1 1 1 1
 0.5 1 1 1 1
 0.5 1 1 1 1
 0.5 1 1 1 1
 0.5 1 1 1 1
 0.5 1 1 1 1
 0.5 1 1 1 1
 0.5 1 1 1 1
 0.5 1 1 1 1
 0.5 1 1 1 1
 0.5 1 1 1 1
 0.5 1 1 1 1
Scru_pelaces
 0.5 1 1 1 1
 0.5 1 1 1 1
 0.5 1 1 1 1
 0.5 1 1 1 1
 0.5 1 1 1 1
 0.5 1 1 1 1
 0.5 1 1 1 1
 0.5 1 1 1 1
 0.5 1 1 1 1
 0.5 1 1 1 1
 0.5 1 1 1 1
 0.5 1 1 1 1
 0.5 1 1 1 1
 0.5 1 1 1 1
 0.5 1 1 1 1
 0.5 1 1 1 1
 0.5 1 1 1 1
 0.5 1 1 1 1
 0.5 1 1 1 1
 0.5 1 1 1 1
 0.5 1 1 1 1
 0.5 1 1 1 1
 0.5 1 1 1 1
 0.5 1 1 1 1
 0.5 1 1 1 1
pf_obs 
 0.256992 0.487395 0.22802 0.0275931 0
 0.321318 0.546541 0.124235 0.00734118 0.000564706
 0.182869 0.594174 0.210203 0.0122559 0.00049798
 0.330522 0.361315 0.267642 0.0388342 0.00168674
 0.649043 0.306663 0.0425973 0.00169635 0
 0.582887 0.30429 0.105238 0.00758474 0
 0.465427 0.430635 0.0974691 0.00646863 0
 0.296916 0.608066 0.0921331 0.00288517 0
 0.311714 0.524322 0.152257 0.0117073 0
 0.15457 0.633149 0.183074 0.0267441 0.00246327
 0.131901 0.49318 0.331252 0.0422183 0.00144891
 0.196976 0.569456 0.194076 0.0375587 0.00193317
 0.518974 0.381816 0.0799577 0.0180837 0.00116848
 0.0928022 0.601141 0.25162 0.0475244 0.00691264
 0.122501 0.610282 0.24278 0.0234846 0.000952079
 0.383417 0.481906 0.127806 0.00687128 0
 0.0376549 0.599619 0.316969 0.0457579 0
 0.0361596 0.667082 0.258105 0.0386534 0
 0.158088 0.579412 0.248529 0.0139706 0
 0.0477256 0.309471 0.559284 0.082774 0.000745712
 0.0406174 0.521527 0.379366 0.0568643 0.0016247
 0.151134 0.462217 0.34131 0.0453401 0
 0.294876 0.26143 0.354403 0.0886775 0.000613685
 0.281977 0.475581 0.204845 0.0348837 0.00271318
 0.0841818 0.532909 0.334909 0.0458182 0.00218182
pf_pred 
 0.290633 0.357106 0.177333 0.0880612 0.0868665
 0.459648 0.25152 0.145402 0.0722047 0.0712252
 0.198718 0.519679 0.131079 0.0757762 0.0747482
 0.38348 0.235159 0.247335 0.0623854 0.0716402
 0.732008 0.152975 0.043871 0.0461425 0.0250037
 0.328286 0.568872 0.0587046 0.0168356 0.0273025
 0.707692 0.155532 0.115835 0.0119536 0.00898749
 0.382444 0.5184 0.0527592 0.0392931 0.00710356
 0.469491 0.311639 0.183728 0.0186986 0.0164436
 0.834027 0.113471 0.0308412 0.0181825 0.00347783
 0.0835298 0.839399 0.0526918 0.0143215 0.0100583
 0.306379 0.119633 0.525718 0.033001 0.0152691
 0.501496 0.250673 0.042745 0.187839 0.0172469
 0.380109 0.441625 0.0896411 0.0152857 0.0733394
 0.475338 0.334412 0.135538 0.0275116 0.0271998
 0.538436 0.329764 0.0840079 0.0340487 0.0137441
 0.460415 0.393788 0.104164 0.0265361 0.0150966
 0.471626 0.347779 0.131798 0.0348631 0.0139342
 0.450446 0.36349 0.122468 0.046412 0.0171837
 0.634129 0.234622 0.0868122 0.0292491 0.0151885
 0.554835 0.351811 0.0598643 0.0221504 0.0113384
 0.49506 0.363946 0.111426 0.0189604 0.0106066
 0.557091 0.297821 0.104576 0.0320171 0.00849573
 0.337081 0.481525 0.121973 0.042829 0.016592
 0.0945305 0.469668 0.316554 0.0801845 0.0390633
pobs_RECLAS
 0 0 0 0 0
 0 0 0 0 0
 0 0 0 0 0
 0 0 0 0 0
 0.835266 0.146461 0.0176864 0.000547809 3.91292e-05
 0.385257 0.428462 0.181853 0.0044286 0
 0.867414 0.0963971 0.0333333 0.00285562 0
 0.441836 0.489002 0.0689373 0.000224442 0
 0.779404 0.147425 0.0564933 0.0165055 0.000172143
 0.814271 0.122319 0.05973 0.00367925 0
 0.40263 0.566651 0.0304383 0.000280538 0
 0.475488 0.404961 0.113038 0.00651328 0
 0.955842 0.0263864 0.0167828 0.000988607 0
 0.975058 0.0227948 0.00214734 0 0
 0.738997 0.206755 0.0527124 0.00153531 0
 0.850938 0.134255 0.0134407 0.00136685 0
 0.542534 0.407297 0.0501686 0 0
 0.764087 0.199537 0.0359546 0.000420521 0
 0.470689 0.182191 0.310203 0.0369168 0
 0.84361 0.089868 0.0606195 0.00523954 0.000663233
 0.607945 0.314616 0.071237 0.00620181 0
 0.523733 0.453247 0.0230204 0 0
 0.530135 0.295979 0.169645 0.0042399 0
 0.562478 0.366248 0.0663022 0.0049721 0
 0.250443 0.683176 0.0655157 0.000865301 0
ppred_RECLAS
 0.292191 0.356321 0.176944 0.0878678 0.0866758
 0.462283 0.250293 0.144693 0.0718526 0.0708778
 0.204607 0.51586 0.130116 0.0752193 0.0741988
 0.385472 0.2344 0.246536 0.0621839 0.0714088
 0.732272 0.152824 0.0438278 0.046097 0.024979
 0.333333 0.564597 0.0582635 0.0167091 0.0270974
 0.709734 0.154445 0.115025 0.01187 0.0089247
 0.387309 0.514316 0.0523436 0.0389836 0.00704761
 0.477633 0.306856 0.180908 0.0184116 0.0161913
 0.835469 0.112485 0.0305732 0.0180245 0.00344761
 0.0850384 0.838017 0.052605 0.0142979 0.0100417
 0.310602 0.118905 0.522517 0.0328001 0.0151762
 0.510109 0.246342 0.0420065 0.184594 0.016949
 0.397229 0.429428 0.0871655 0.0148636 0.0713139
 0.490835 0.324535 0.131535 0.026699 0.0263964
 0.543864 0.325885 0.0830199 0.0336482 0.0135824
 0.464684 0.390672 0.10334 0.0263261 0.0149771
 0.474616 0.345811 0.131052 0.0346658 0.0138553
 0.453277 0.361618 0.121837 0.0461729 0.0170952
 0.636667 0.232994 0.0862099 0.0290461 0.0150831
 0.555832 0.351024 0.0597303 0.0221008 0.011313
 0.496424 0.362963 0.111126 0.0189092 0.010578
 0.558706 0.296735 0.104194 0.0319003 0.00846474
 0.338679 0.480364 0.121679 0.0427258 0.016552
 0.0954784 0.469176 0.316222 0.0801006 0.0390224
pobs_PELACES
 0 0 0 0 0
 0 0 0 0 0
 0 0 0 0 0
 0 0 0 0 0
 0 0 0 0 0
 0 0 0 0 0
 0 0 0 0 0
 0 0 0 0 0
 0 0 0 0 0
 0 0 0 0 0
 0.450072 0.473896 0.0757376 0.000293798 0
 0 0 0 0 0
 0.463077 0.371075 0.160297 0.00555027 0
 0.529543 0.364841 0.0842815 0.0213345 0
 0.631943 0.363953 0.00410389 0 0
 0.735681 0.248677 0.0153453 0.000297389 0
 0.695825 0.281241 0.0229344 0 0
 0.275771 0.60734 0.115278 0.00161068 0
 0 0 0 0 0
 0.896147 0.0623911 0.0374545 0.00400742 0
 0.803859 0.145111 0.0509908 3.86294e-05 0
 0.739449 0.233085 0.0266225 0.000797448 4.60066e-05
 0.878498 0.100942 0.0204185 0.000141795 0
 0.694673 0.275183 0.0284847 0.00165964 0
 0.469039 0.446079 0.0841089 0.000773354 0
ppred_PELACES
 0.299518 0.352633 0.175112 0.0869582 0.0857785
 0.473904 0.244884 0.141566 0.0702998 0.0693461
 0.224748 0.502797 0.126821 0.0733145 0.07232
 0.394647 0.2309 0.242855 0.0612555 0.0703426
 0.733709 0.152004 0.0435925 0.0458495 0.0248449
 0.35244 0.548415 0.0565937 0.0162302 0.0263207
 0.718734 0.149657 0.111459 0.011502 0.00864799
 0.406081 0.498559 0.0507399 0.0377892 0.00683168
 0.505187 0.29067 0.171365 0.0174404 0.0153372
 0.841714 0.108216 0.0294128 0.0173405 0.00331676
 0.0911031 0.832462 0.0522563 0.0142031 0.00997514
 0.327164 0.116048 0.509964 0.0320121 0.0148115
 0.538676 0.231977 0.039557 0.17383 0.0159606
 0.443492 0.396469 0.0804754 0.0137228 0.0658405
 0.533782 0.297161 0.12044 0.024447 0.0241699
 0.564171 0.311377 0.079324 0.0321502 0.0129778
 0.481737 0.378227 0.100048 0.0254875 0.0145
 0.487489 0.337337 0.127841 0.0338164 0.0135158
 0.465597 0.353469 0.119092 0.0451324 0.0167099
 0.647682 0.22593 0.0835964 0.0281656 0.0146259
 0.560858 0.347052 0.0590544 0.0218507 0.011185
 0.503074 0.35817 0.109658 0.0186594 0.0104383
 0.566377 0.291577 0.102383 0.0313458 0.00831761
 0.34624 0.474872 0.120287 0.0422373 0.0163628
 0.0997211 0.466976 0.314739 0.0797249 0.0388394
pobs_pel_tallas
 0 0 0 0 0 0 0 0 0 0 0 0 0 0 0 0 0 0 0 0 0 0 0 0 0 0 0 0 0 0 0 0 0 0 0 0
 0 0 0 0 0 0 0 0 0 0 0 0 0 0 0 0 0 0 0 0 0 0 0 0 0 0 0 0 0 0 0 0 0 0 0 0
 0 0 0 0 0 0 0 0 0 0 0 0 0 0 0 0 0 0 0 0 0 0 0 0 0 0 0 0 0 0 0 0 0 0 0 0
 0 0 0 0 0 0 0 0 0 0 0 0 0 0 0 0 0 0 0 0 0 0 0 0 0 0 0 0 0 0 0 0 0 0 0 0
 0 0 0 0 0 0 0 0 0 0 0 0 0 0 0 0 0 0 0 0 0 0 0 0 0 0 0 0 0 0 0 0 0 0 0 0
 0 0 0 0 0 0 0 0 0 0 0 0 0 0 0 0 0 0 0 0 0 0 0 0 0 0 0 0 0 0 0 0 0 0 0 0
 0 0 0 0 0 0 0 0 0 0 0 0 0 0 0 0 0 0 0 0 0 0 0 0 0 0 0 0 0 0 0 0 0 0 0 0
 0 0 0 0 0 0 0 0 0 0 0 0 0 0 0 0 0 0 0 0 0 0 0 0 0 0 0 0 0 0 0 0 0 0 0 0
 0 0 0 0 0 0 0 0 0 0 0 0 0 0 0 0 0 0 0 0 0 0 0 0 0 0 0 0 0 0 0 0 0 0 0 0
 0 0 0 0 0 0 0 0 0 0 0 0 0 0 0 0 0 0 0 0 0 0 0 0 0 0 0 0 0 0 0 0 0 0 0 0
 0 0 0 0 0 0 0 0 1.78061e-05 0.00172719 0.00360574 0.0105946 0.0120993 0.0124554 0.0147524 0.0171206 0.0266825 0.0428682 0.0675386 0.121331 0.153587 0.119568 0.100827 0.0573624 0.0630603 0.0341343 0.0324427 0.0444173 0.0211091 0.0280891 0.0125444 0.00206551 0 0 0 0
 0 0 0 0 0 0 0 0 0 0 0 0 0 0 0 0 0 0 0 0 0 0 0 0 0 0 0 0 0 0 0 0 0 0 0 0
 0 0 0 0 0 0 0.0133647 0.0140871 0.0187388 0.0205184 0.03894 0.0496705 0.03968 0.0493445 0.0407372 0.0367815 0.0215668 0.0243155 0.0234873 0.0199281 0.019796 0.0243948 0.0301388 0.0376714 0.0412746 0.0863199 0.0771752 0.113111 0.0741005 0.0525337 0.0229764 0.00759418 0.00175318 0 0 0
 0 0 0 0 0 0 0 0 0 0 0.00219441 0.00772107 0.0458388 0.0604681 0.0671733 0.0775358 0.0609151 0.0617685 0.073594 0.0568108 0.0755445 0.0548602 0.0670107 0.0636378 0.0643287 0.046367 0.0373049 0.0286899 0.0247887 0.0153202 0.00654259 0.00121912 0.000365735 0 0 0
 0 0 0 0 0 0 0 0 0 0 0 0 0.000112435 0.00938835 0.0111873 0.0202946 0.0414886 0.0713402 0.111592 0.104902 0.108894 0.110636 0.117776 0.105296 0.107544 0.0401394 0.0192827 0.0124803 0.00416011 0.0028671 0.000618394 0 0 0 0 0
 0 0 0 0 0 0 0 0 0 0 0.00291406 0.0102884 0.027416 0.0768956 0.0749926 0.110853 0.0956884 0.0897413 0.0766577 0.0534642 0.0500743 0.0551293 0.0594112 0.0620874 0.0668451 0.0424026 0.0208742 0.0120726 0.0048766 0.00582813 0.00118941 0.000297354 0 0 0 0
 0 0.00264628 0.0354308 0.0461629 0.0458689 0.0383711 0.0214643 0.0164657 0.0346957 0.0420465 0.0363128 0.0245516 0.0311673 0.0291091 0.0169068 0.0133784 0.00837989 0.0085269 0.0148486 0.0160247 0.0276389 0.0546898 0.0760071 0.122758 0.109233 0.0665981 0.0333725 0.0166128 0.00676272 0.00308733 0.000882094 0 0 0 0 0
 0 0 0 0 0 0 0 0.000805153 0.000690131 0.00759144 0.0133425 0.0154129 0.00931677 0.000345066 0.00356568 0.00563607 0.00851162 0.0253048 0.0502646 0.0516448 0.0657925 0.0565908 0.0611916 0.0827007 0.0866115 0.110766 0.145733 0.0935128 0.0569358 0.0249597 0.0138026 0.00621118 0.00161031 0.00115022 0 0
 0 0 0 0 0 0 0 0 0 0 0 0 0 0 0 0 0 0 0 0 0 0 0 0 0 0 0 0 0 0 0 0 0 0 0 0
 0.00147267 0.00158595 0.00478618 0.00569244 0.00954404 0.0108468 0.00647125 0.017049 0.0510054 0.094081 0.124002 0.0959785 0.0687766 0.0820023 0.061753 0.0591476 0.0492212 0.0479892 0.0443925 0.0268479 0.0217502 0.0140895 0.0121071 0.0120363 0.00920419 0.00665534 0.0049561 0.00860946 0.00930331 0.0156896 0.0114698 0.00855282 0.00243557 0.00046729 0 2.83206e-05
 0 0 0 0 0.000772559 0.00158375 0.000888443 0.00281984 0.00712685 0.0440552 0.0773331 0.111326 0.0921469 0.0852325 0.0710754 0.0886704 0.0786465 0.0553345 0.0373146 0.0185414 0.00753245 0.00457741 0.012979 0.0271748 0.0457355 0.0583668 0.034881 0.0177882 0.00938659 0.00492506 0.0015258 0.00185414 0.000309023 5.79419e-05 3.86279e-05 0
 0 0.00173294 0.00326652 0 0.00397197 0.00683976 0.00946217 0.0152591 0.00757587 0.0136028 0.0228656 0.0392903 0.0559909 0.0764795 0.0681675 0.0726916 0.0566044 0.0477403 0.0527397 0.0444891 0.0609904 0.0582453 0.0661739 0.0445044 0.0529084 0.0360697 0.0280645 0.0235558 0.0158879 0.00826598 0.00280645 0.00217768 0.000904811 0.00058276 9.20147e-05 0
 0 0 0 0 0 0 0 0 0 0 0 0 0 0 0 0 0 0 0 0 0 0 0 0 0 0 0 0 0 0 0 0 0 0 0 0
 0 0 0 0 0 0 0 0 0 0 0 0 0 0 0 0 0 0 0 0 0 0 0 0 0 0 0 0 0 0 0 0 0 0 0 0
 0 0 0 0 0 0 0 0 0 0 0 0 0 0 0 0 0 0 0 0 0 0 0 0 0 0 0 0 0 0 0 0 0 0 0 0
ppred_pel_tallas
 1.09597e-16 1.30875e-05 7.67637e-05 0.000364798 0.00140432 0.00437909 0.0110616 0.0226358 0.0375306 0.0504306 0.0549524 0.048648 0.0352082 0.0213254 0.0118083 0.00770055 0.00772994 0.0103433 0.0145647 0.0198786 0.0258933 0.0321545 0.0381287 0.0432806 0.047179 0.0495803 0.050462 0.0499917 0.048452 0.0461489 0.043338 0.0401909 0.0368008 0.0332157 0.0294775 0.0256502
 1.07746e-16 2.06871e-05 0.00012139 0.000576979 0.00222131 0.00692687 0.0174969 0.0358021 0.0593506 0.0797203 0.0867886 0.0766421 0.055056 0.0325222 0.016519 0.00854067 0.00641346 0.0075525 0.0103686 0.0141295 0.0184538 0.0230057 0.027414 0.0313059 0.0343747 0.0364369 0.037455 0.0375178 0.0367914 0.0354593 0.0336754 0.031544 0.0291261 0.0264626 0.0236001 0.0206075
 1.07863e-16 9.83315e-06 5.76442e-05 0.000273872 0.00105418 0.00328716 0.0083036 0.016994 0.0281834 0.0378919 0.0413459 0.0367363 0.0268782 0.01686 0.0103789 0.00832164 0.00983363 0.0138166 0.0195358 0.0264992 0.0341893 0.0419383 0.0489656 0.054514 0.0580123 0.0592003 0.0581738 0.0553312 0.0512478 0.0465221 0.0416481 0.0369464 0.0325626 0.0285131 0.0247508 0.0212228
 1.08915e-16 1.72309e-05 0.000101099 0.000480517 0.00184991 0.00576866 0.0145713 0.0298162 0.0494288 0.0663971 0.0722943 0.0638667 0.0459323 0.0272417 0.0140416 0.0076019 0.00614274 0.00754419 0.0105127 0.0144594 0.0190724 0.0240578 0.0290701 0.0337409 0.0377402 0.0408291 0.0428859 0.0438979 0.0439283 0.043075 0.0414395 0.0391154 0.0361957 0.0327877 0.0290254 0.0250704
 1.03405e-16 3.2012e-05 0.000187886 0.000893127 0.00343859 0.0107229 0.0270853 0.0554199 0.0918643 0.12337 0.134248 0.118408 0.0847425 0.0494207 0.0239191 0.0104268 0.00544684 0.00486519 0.00616433 0.00824369 0.0106584 0.0131435 0.0154556 0.0173659 0.0186996 0.0193702 0.0193931 0.0188691 0.0179487 0.016788 0.0155131 0.0142029 0.012891 0.0115814 0.0102685 0.00895267
 1.0277e-16 1.5403e-05 9.03397e-05 0.000429301 0.00165261 0.00515331 0.0130174 0.026639 0.0441712 0.0593631 0.0647108 0.0573458 0.0416307 0.0254674 0.0145482 0.0101345 0.0107511 0.0145612 0.0203573 0.027407 0.0350555 0.042525 0.0489367 0.0534616 0.0555045 0.0548461 0.0516919 0.0466076 0.0403684 0.0337739 0.0274879 0.0219457 0.0173391 0.0136633 0.0107924 0.00855479
 1.02431e-16 3.13591e-05 0.000184053 0.000874903 0.00336842 0.0105041 0.0265325 0.054289 0.0899899 0.120853 0.13151 0.115997 0.0830251 0.0484354 0.0234739 0.0102896 0.00546334 0.00497245 0.00635896 0.00855202 0.0111203 0.0138033 0.0163539 0.0185301 0.020133 0.0210428 0.0212363 0.0207778 0.0197903 0.018419 0.0167997 0.015042 0.0132261 0.0114107 0.009643 0.00796574
 1.02501e-16 1.77399e-05 0.000104064 0.000494559 0.00190389 0.00593693 0.0149967 0.0306884 0.0508816 0.0683694 0.0744965 0.065942 0.0477067 0.0288572 0.0159016 0.0102341 0.0100969 0.013334 0.0185526 0.024965 0.0319394 0.0387606 0.0446292 0.0487907 0.0507031 0.0501639 0.047356 0.0427881 0.0371593 0.031191 0.0254824 0.0204272 0.0162004 0.0128009 0.0101199 0.00800818
 1.03844e-16 2.20533e-05 0.000129406 0.000615078 0.00236798 0.00738424 0.0186522 0.0381664 0.0632707 0.0849881 0.0925294 0.0817259 0.0587388 0.0347593 0.0177676 0.0093656 0.00724213 0.00864096 0.0118552 0.0160747 0.0208455 0.0257463 0.0303115 0.0340801 0.0366828 0.0379156 0.0377716 0.036419 0.0341399 0.0312526 0.0280441 0.0247329 0.0214631 0.0183209 0.0153595 0.012619
 1.01204e-16 3.67197e-05 0.000215528 0.00102455 0.00394463 0.012301 0.0310713 0.0635752 0.10538 0.141515 0.153975 0.135767 0.0970773 0.0564343 0.0269758 0.0111793 0.00499763 0.00368199 0.00433178 0.00569805 0.00731586 0.00895646 0.0104344 0.0115824 0.0122754 0.0124567 0.0121472 0.0114353 0.010449 0.00932345 0.00817279 0.00707427 0.00606697 0.00516043 0.00434798 0.00361842
 1.01968e-16 4.01899e-06 2.34796e-05 0.000111382 0.000428443 0.00133573 0.00337486 0.00691184 0.0114814 0.0154927 0.0170527 0.0155021 0.0121012 0.00908806 0.00819401 0.0100489 0.0145665 0.0214728 0.0304552 0.0410257 0.0523713 0.0633435 0.072608 0.0789065 0.0813467 0.0796195 0.0740747 0.0656192 0.0554844 0.0449377 0.0350324 0.0264602 0.0195249 0.0142106 0.0102995 0.00748994
 1.09069e-16 1.42845e-05 8.38101e-05 0.00039834 0.00153354 0.0047821 0.0120792 0.0247164 0.0409732 0.0550351 0.0599136 0.0529065 0.0380013 0.0224433 0.0114026 0.00592787 0.00455214 0.00554833 0.00790593 0.0112347 0.0154043 0.0203108 0.0257853 0.0315792 0.0373775 0.0428253 0.0475574 0.0512301 0.0535528 0.0543215 0.0534473 0.0509778 0.047101 0.0421274 0.0364516 0.0304986
 1.07356e-16 2.35107e-05 0.000137969 0.000655801 0.0025248 0.00787329 0.0198874 0.0406932 0.0674571 0.0906038 0.0986232 0.0870602 0.0624678 0.0367546 0.018397 0.00906336 0.00624961 0.00698677 0.00944807 0.0127997 0.0166326 0.0206167 0.0244055 0.0276639 0.0301321 0.031677 0.0323093 0.0321571 0.0314113 0.0302609 0.028845 0.0272331 0.0254369 0.02344 0.0212333 0.0188382
 1.0482e-16 1.93671e-05 0.000113627 0.000540041 0.00207904 0.00648315 0.0163763 0.0335104 0.0555562 0.0746378 0.0812927 0.0718772 0.0518256 0.0309999 0.0164551 0.00965369 0.00861934 0.0109636 0.015177 0.0204765 0.0263238 0.0321535 0.0373383 0.0412799 0.0435364 0.0439221 0.0425427 0.039751 0.0360441 0.0319366 0.0278535 0.0240706 0.0207096 0.0177734 0.0151992 0.0129087
 1.03776e-16 2.33003e-05 0.000136727 0.00064988 0.00250198 0.0078021 0.0197077 0.040326 0.0668503 0.0897949 0.0977589 0.0863354 0.0620312 0.0366656 0.0186633 0.00970679 0.00734235 0.00864508 0.0118 0.0159434 0.0205942 0.0253146 0.0296296 0.0330785 0.035305 0.0361323 0.0355922 0.0338982 0.031376 0.0283769 0.0252044 0.0220731 0.0191038 0.0163454 0.0138065 0.0114841
 1.02939e-16 2.46259e-05 0.000144508 0.000686871 0.0026444 0.00824623 0.0208295 0.0426215 0.0706554 0.0949052 0.10332 0.0912419 0.0655454 0.03872 0.0196656 0.010154 0.00758342 0.00885223 0.0120306 0.0161943 0.0208253 0.0254558 0.0295852 0.0327367 0.0345538 0.0348791 0.0337839 0.0315348 0.0285162 0.0251323 0.0217247 0.018525 0.0156494 0.013123 0.0109183 0.00899074
 1.03097e-16 2.10342e-05 0.000123415 0.000586579 0.00225823 0.00704195 0.0177877 0.0363982 0.0603423 0.0810629 0.0882781 0.0780237 0.0561924 0.0334818 0.0175353 0.00991785 0.00845961 0.0105495 0.0145453 0.0196155 0.0252187 0.0308054 0.0357687 0.0395277 0.0416483 0.0419395 0.0404902 0.0376295 0.0338314 0.0295966 0.02535 0.0213828 0.017844 0.0147687 0.0121243 0.00985308
 1.03719e-16 2.12834e-05 0.000124882 0.000593561 0.00228512 0.00712583 0.0179995 0.0368313 0.061059 0.082022 0.0893128 0.0789148 0.0567834 0.0337325 0.0174819 0.00959897 0.00787327 0.00965579 0.0132925 0.0179703 0.0231917 0.0284693 0.0332641 0.037053 0.0394341 0.0402116 0.0394298 0.0373411 0.0343269 0.0307976 0.0271075 0.0235073 0.0201374 0.0170523 0.0142571 0.0117404
 1.04138e-16 2.03294e-05 0.00011928 0.000566923 0.00218256 0.00680598 0.0171916 0.0351784 0.0583198 0.0783453 0.0853167 0.0754019 0.0542948 0.0323326 0.0169006 0.00950972 0.00806297 0.0100403 0.0138635 0.018744 0.02418 0.029666 0.0346397 0.0385571 0.0410027 0.0417785 0.0409384 0.0387537 0.0356281 0.0319923 0.0282137 0.0245473 0.0211293 0.0180051 0.0151692 0.0126014
 1.02912e-16 2.82639e-05 0.000165874 0.000788466 0.00303559 0.00946618 0.0239109 0.0489255 0.081102 0.108925 0.118552 0.104618 0.0749916 0.0439727 0.021729 0.0102363 0.00645099 0.00677313 0.0089862 0.0120848 0.0155953 0.0191596 0.0224127 0.0250052 0.026669 0.0272727 0.0268443 0.0255492 0.0236372 0.0213761 0.0189951 0.0166542 0.014441 0.0123877 0.0104964 0.00876145
 1.02225e-16 2.44828e-05 0.000143665 0.000682857 0.00262893 0.00819799 0.0207077 0.0423725 0.0702436 0.0943552 0.10273 0.0907396 0.0652264 0.0386155 0.0197664 0.0104542 0.00810427 0.00963836 0.0131311 0.0176399 0.0226071 0.0275101 0.0317881 0.0349121 0.0364962 0.0363856 0.0346887 0.0317385 0.0280006 0.0239595 0.0200214 0.0164573 0.0133948 0.0108465 0.00875485 0.00703647
 1.02803e-16 2.19638e-05 0.000128875 0.000612538 0.00235818 0.00735366 0.018575 0.0380089 0.0630115 0.0846454 0.0921708 0.0814434 0.0586102 0.0348319 0.0180768 0.00996313 0.00820921 0.0100776 0.0138533 0.0186834 0.0240359 0.0293859 0.0341567 0.0377945 0.0398824 0.0402316 0.0389174 0.0362425 0.032649 0.0286075 0.0245214 0.0206721 0.01721 0.0141799 0.0115629 0.00931441
 1.03015e-16 2.47213e-05 0.00014507 0.000689547 0.00265471 0.00827839 0.0209107 0.0427875 0.07093 0.0952724 0.103716 0.0915807 0.0657662 0.0388053 0.0196262 0.0100007 0.0073109 0.00844087 0.0114579 0.0154481 0.0199154 0.0244217 0.0284977 0.0316918 0.0336594 0.034236 0.0334663 0.031576 0.0289021 0.0258057 0.0225975 0.0194954 0.0166195 0.0140126 0.0116732 0.00958439
 1.04079e-16 1.51298e-05 8.87425e-05 0.000421722 0.00162345 0.0050624 0.0127877 0.0261685 0.0433893 0.0583074 0.0635471 0.0562839 0.0407936 0.0248244 0.01395 0.00938983 0.00967855 0.0130086 0.0182119 0.0246169 0.0316594 0.0386773 0.0449153 0.0496461 0.0523266 0.0527185 0.0509343 0.0473868 0.0426695 0.0374075 0.0321301 0.0271977 0.0227923 0.018954 0.0156395 0.0127761
 1.09175e-16 4.3805e-06 2.56343e-05 0.000121697 0.00046828 0.00146004 0.00368844 0.00755083 0.0125308 0.0168724 0.0184762 0.0165727 0.012465 0.00849175 0.00640418 0.00673108 0.00923716 0.0135579 0.0194299 0.0265985 0.0346726 0.0430707 0.0510724 0.0579406 0.0630679 0.0660922 0.0669483 0.065836 0.0631287 0.0592582 0.0546178 0.0495119 0.0441542 0.0386957 0.0332629 0.0279831
pSPR Fmed_Fpbrs
0.552137   0.255595 0.255595
Fs Fmed_Fpbrs
0.333925   1.005 1.005
SSBpbr Bo_Bmed_Bpbrs
958717  481407  197107 197107
Ro
30946
SPR SPRFo_SPRFmed_SPRFpbrs
636338 351345 162645
log_Ro
10.16
likeval ReclasPelacesDesembMPH_pf_preclas_ppelaces_ptallas_desvR_qrecl_qpela
 106.508 97.1755 0.175099 0.000744229 364.706 215.991 88.9802 0 21.6138 0 0 0 0 0 0
q_reclas_q_pelaces
1 1
M
0.7
N
 28607.6 18398.1 9136.2 4536.9 4475.36
 43950.2 12769.8 7382.18 3665.88 3616.15
 12539.7 18946.4 4778.88 2762.65 2725.17
 13447.8 4334.74 4559.17 1149.96 1320.56
 56307.9 5941.44 1703.92 1792.14 971.123
 28396 27346.3 2822 809.308 1312.46
 93747.9 10905 8121.68 838.115 630.152
 54470.3 40730.8 4145.31 3087.28 558.129
 56174.4 21326.2 12573 1279.59 1125.28
 276635 19971.1 5428.11 3200.16 612.104
 21620.5 119448 7498.15 2037.98 1431.31
 39746 8539.76 37527.3 2355.71 1089.95
 54535.4 15664.4 2671.11 11738 1077.75
 26548 19137.7 3884.59 662.405 3178.15
 17277.1 7412.17 3004.17 609.788 602.876
 15013.2 5094.55 1297.85 526.021 212.334
 12463.8 5811.58 1537.27 391.623 222.797
 12770.4 5030.44 1906.39 504.277 201.551
 12613.3 5424.09 1827.5 692.571 256.419
 27389.9 5389.33 1994.11 671.861 348.885
 36118 11762.4 2001.5 740.573 379.086
 44300.6 16861.4 5162.33 878.424 491.4
 72900.1 20295.3 7126.4 2181.83 578.949
 44141.9 32938.1 8343.38 2929.66 1134.96
 7491.2 19799.5 13344.8 3380.29 1646.77
pred_Ctot
 2092.92 2571.6 1277.02 634.149 625.546
 4202.93 2299.85 1329.53 660.225 651.269
 2798 7317.24 1845.63 1066.95 1052.48
 1073.91 658.548 692.645 174.706 200.624
 892.315 186.476 53.4787 56.2475 30.4794
 4697.45 8140.01 840.007 240.902 390.673
 8498.26 1867.69 1390.99 143.543 107.926
 8402.29 11389.2 1159.12 863.269 156.065
 11698.4 7765.18 4577.99 465.916 409.729
 26169.1 3560.36 967.697 570.509 109.123
 3223.44 32392.6 2033.39 552.671 388.151
 5977.44 2334.04 10256.7 643.849 297.9
 11735.8 5866.14 1000.3 4395.75 403.607
 8636.71 10034.5 2036.8 347.317 1666.39
 5199.46 3657.95 1482.58 300.934 297.523
 2414.93 1479.02 376.783 152.711 61.6433
 1698.49 1452.7 384.267 97.8929 55.692
 1340.77 988.687 374.684 99.111 39.6129
 1277.1 1030.57 347.223 131.587 48.7192
 2685.66 993.67 367.667 123.876 64.3265
 1561.24 989.957 168.451 62.3286 31.9049
 2478.97 1822.43 557.959 94.9424 53.1118
 4751.39 2540.09 891.918 273.071 72.4594
 3089.37 4413.21 1117.89 392.53 152.067
 738.006 3666.73 2471.36 626.007 304.97
F
 0.106588 0.213176 0.213176 0.213176 0.213176
 0.14144 0.282879 0.282879 0.282879 0.282879
 0.362238 0.724475 0.724475 0.724475 0.724475
 0.116866 0.233732 0.233732 0.233732 0.233732
 0.0222528 0.0445057 0.0445057 0.0445057 0.0445057
 0.257023 0.514046 0.514046 0.514046 0.514046
 0.133624 0.267248 0.267248 0.267248 0.267248
 0.237719 0.475438 0.475438 0.475438 0.475438
 0.334173 0.668347 0.668347 0.668347 0.668347
 0.139816 0.279631 0.279631 0.279631 0.279631
 0.228908 0.457816 0.457816 0.457816 0.457816
 0.231119 0.462237 0.462237 0.462237 0.462237
 0.347187 0.694374 0.694374 0.694374 0.694374
 0.57583 1.15166 1.15166 1.15166 1.15166
 0.521208 1.04242 1.04242 1.04242 1.04242
 0.249081 0.498162 0.498162 0.498162 0.498162
 0.207319 0.414639 0.414639 0.414639 0.414639
 0.156279 0.312557 0.312557 0.312557 0.312557
 0.150328 0.300655 0.300655 0.300655 0.300655
 0.145263 0.290527 0.290527 0.290527 0.290527
 0.0617605 0.123521 0.123521 0.123521 0.123521
 0.0806118 0.161224 0.161224 0.161224 0.161224
 0.0944594 0.188919 0.188919 0.188919 0.188919
 0.101753 0.203506 0.203506 0.203506 0.203506
 0.145996 0.291991 0.291991 0.291991 0.291991
YTP_r0W_actual
 8265.67 80668.1 81554.8 25728.9 13052.7
YTP_p0W_proyectada
 68327.7 33179.5 110486 97141.6 38538.3
 68327.7 85269.5 8793.02 26198.5 23841
CTP_r0_actual
 738.006 3666.73 2471.36 626.007 304.97
CTP_p0_proyectada
 8038.55 1550.44 3541.23 2386.77 828.781
 8038.55 3984.56 281.828 643.698 512.711
Wmedp
 8.5 21.4 31.2 40.7 46.5
nmprior
 10.6 11 7 0
nm_flota  nm_reclas  nm_pelaces    nm_pelaL
inf 12.4513 7.06219 12.6947
cv_recla  cv_pelaces  cv_mph
0.933504 1.11777 0.885098
 ------------------------------------------------
Talla a la edad & desviaci?n 
 7.2 14.2025 17.0495 18.207 18.6776
 1.08 2.13037 2.55742 2.73105 2.80164
