years
 1997 1998 1999 2000 2001 2002 2003 2004 2005 2006 2007 2008 2009 2010 2011 2012 2013 2014 2015 2016 2017 2018 2019 2020 2021
reclasobs
 0 0 0 370054 412103 1.49427e+06 250295 1.28982e+06 931140 785840 897777 1.04006e+06 184774 17550 25797 100020 73551 82996 120727 218422 84188 347160 605670 569463 516374
reclaspred
 2.27292e+06 375126 810634 394064 437844 553679 1.2714e+06 1.04618e+06 1.08453e+06 1.1197e+06 1.12617e+06 818219 491743 227052 145693 140301 163106 221973 235449 319266 505338 513268 898627 1.05081e+06 1.27971e+06
pelacesobs
 0 0 0 0 0 0 0 0 0 2.06254e+06 1.5e+06 0 1.87456e+06 323000 250000 174000 83755 137374 0 501740 490994 745055 786931 1.00524e+06 1.33801e+06
pelacespred
 1.25805e+06 451746 279608 285580 266948 256621 661609 686266 609934 664538 582957 441072 264270 99875.1 63002.9 68517.6 83216 113585 127319 165316 287628 303385 402834 568111 675916
mphobs
 0 0 0 0 0 112323 0 153150 637223 0 255016 313432 73983 77613 109348 50772 0 0 0 0 0 0 0 0 0
mphpred
 1.69972e+06 801831 521344 448963 344407 483324 734539 1.06796e+06 1.00378e+06 920381 1.11643e+06 838821 546564 294276 136416 118279 128890 173260 205835 234143 370024 471343 608216 851999 1.08106e+06
desembarqueobs
 350755 77701 442110 56441 14545 235359 269955 359681 431902 328805 639364 411747 362871 311530 167758 66681 60226 58785 57116 73181 50977 67692 138656 160484 209506
desembarquepred
 351153 77842.3 443191 56527.7 14559.5 236020 269061 358701 430913 328962 641026 412039 362770 311855 168208 66638 60209.8 58846.4 57290.3 73407.3 51043.5 67618.2 138472 160572 209765
Reclutas
 47713.4 37837.9 18670.3 25407.1 51665.5 48055.5 98697.2 101805 77725.4 157463 79041.9 47906.8 45362.7 25875.2 20146.2 16730.4 14668.1 14720.4 16948.5 31596.9 43037.8 54847 84680.4 86458.7 42530.5
log_desv_Rt
 0.132968 -0.0989344 -0.805313 -0.497218 0.212545 0.140113 0.859811 0.890815 0.620937 1.32694 0.637733 0.137013 0.0824444 -0.47896 -0.729229 -0.915016 -1.04657 -1.04301 -0.902066 -0.279186 0.0298345 0.272303 0.70664 0.727422 0.0179765
SSB
 1.69972e+06 801831 521344 448963 344407 483324 734539 1.06796e+06 1.00378e+06 920381 1.11643e+06 838821 546564 294276 136416 118279 128890 173260 205835 234143 370024 471343 608216 851999 1.08106e+06
BT
 3.24844e+06 985261 872178 643695 625371 701739 2.0139e+06 1.95612e+06 1.77199e+06 1.93732e+06 1.83216e+06 1.30273e+06 932799 507796 299677 208807 244057 302754 316982 446845 727117 681057 954178 1.35131e+06 1.53949e+06
Ftot
 0.150046 0.200865 0.515771 0.139434 0.0325312 0.406494 0.20514 0.32957 0.38005 0.283471 0.537 0.477191 0.68684 1.20524 1.04366 0.452038 0.354137 0.255889 0.235102 0.22255 0.0984694 0.128167 0.149711 0.148483 0.15909
BD_Bspro_t
 0.977459 0.853157 0.722658 0.517671 0.590789 0.726886 0.668124 0.711463 0.657768 0.594007 0.6129 0.467746 0.369183 0.265825 0.159181 0.166845 0.236691 0.3702 0.469999 0.562533 0.688747 0.785675 0.800518 0.802351 0.793562
BD_Bspro
 1.9788 0.933484 0.606944 0.522678 0.400955 0.562681 0.855143 1.24331 1.16859 1.0715 1.29974 0.976547 0.636304 0.342594 0.158814 0.1377 0.150053 0.201708 0.239631 0.272587 0.430778 0.548733 0.70808 0.991889 1.25856
BD_Bo
 1.57178 0.741474 0.4821 0.415168 0.318482 0.446943 0.679247 0.987574 0.928219 0.8511 1.03239 0.77568 0.505422 0.272125 0.126147 0.109376 0.119188 0.160218 0.190341 0.216518 0.342171 0.435863 0.562433 0.787865 0.999684
BD_Brms
 7.64501 3.60648 2.3449 2.01935 1.54907 2.1739 3.30381 4.80349 4.5148 4.13969 5.0215 3.77285 2.45834 1.3236 0.613571 0.531997 0.579724 0.779292 0.925805 1.05313 1.66429 2.12001 2.73564 3.83212 4.8624
S_f
 0.5 1 1 1 1
 0.5 1 1 1 1
 0.5 1 1 1 1
 0.5 1 1 1 1
 0.5 1 1 1 1
 0.5 1 1 1 1
 0.5 1 1 1 1
 0.5 1 1 1 1
 0.5 1 1 1 1
 0.5 1 1 1 1
 0.5 1 1 1 1
 0.5 1 1 1 1
 0.5 1 1 1 1
 0.5 1 1 1 1
 0.5 1 1 1 1
 0.5 1 1 1 1
 0.5 1 1 1 1
 0.5 1 1 1 1
 0.5 1 1 1 1
 0.5 1 1 1 1
 0.5 1 1 1 1
 0.5 1 1 1 1
 0.5 1 1 1 1
 0.5 1 1 1 1
 0.5 1 1 1 1
Scru_reclas
 0.5 1 1 1 1
 0.5 1 1 1 1
 0.5 1 1 1 1
 0.5 1 1 1 1
 0.5 1 1 1 1
 0.5 1 1 1 1
 0.5 1 1 1 1
 0.5 1 1 1 1
 0.5 1 1 1 1
 0.5 1 1 1 1
 0.5 1 1 1 1
 0.5 1 1 1 1
 0.5 1 1 1 1
 0.5 1 1 1 1
 0.5 1 1 1 1
 0.5 1 1 1 1
 0.5 1 1 1 1
 0.5 1 1 1 1
 0.5 1 1 1 1
 0.5 1 1 1 1
 0.5 1 1 1 1
 0.5 1 1 1 1
 0.5 1 1 1 1
 0.5 1 1 1 1
 0.5 1 1 1 1
Scru_pelaces
 0.5 1 1 1 1
 0.5 1 1 1 1
 0.5 1 1 1 1
 0.5 1 1 1 1
 0.5 1 1 1 1
 0.5 1 1 1 1
 0.5 1 1 1 1
 0.5 1 1 1 1
 0.5 1 1 1 1
 0.5 1 1 1 1
 0.5 1 1 1 1
 0.5 1 1 1 1
 0.5 1 1 1 1
 0.5 1 1 1 1
 0.5 1 1 1 1
 0.5 1 1 1 1
 0.5 1 1 1 1
 0.5 1 1 1 1
 0.5 1 1 1 1
 0.5 1 1 1 1
 0.5 1 1 1 1
 0.5 1 1 1 1
 0.5 1 1 1 1
 0.5 1 1 1 1
 0.5 1 1 1 1
pf_obs 
 0.256992 0.487395 0.22802 0.0275931 0
 0.321318 0.546541 0.124235 0.00734118 0.000564706
 0.182869 0.594174 0.210203 0.0122559 0.00049798
 0.330522 0.361315 0.267642 0.0388342 0.00168674
 0.649043 0.306663 0.0425973 0.00169635 0
 0.582887 0.30429 0.105238 0.00758474 0
 0.465427 0.430635 0.0974691 0.00646863 0
 0.296916 0.608066 0.0921331 0.00288517 0
 0.311714 0.524322 0.152257 0.0117073 0
 0.15457 0.633149 0.183074 0.0267441 0.00246327
 0.131901 0.49318 0.331252 0.0422183 0.00144891
 0.196976 0.569456 0.194076 0.0375587 0.00193317
 0.518974 0.381816 0.0799577 0.0180837 0.00116848
 0.0928022 0.601141 0.25162 0.0475244 0.00691264
 0.122501 0.610282 0.24278 0.0234846 0.000952079
 0.383417 0.481906 0.127806 0.00687128 0
 0.0376549 0.599619 0.316969 0.0457579 0
 0.0361596 0.667082 0.258105 0.0386534 0
 0.158088 0.579412 0.248529 0.0139706 0
 0.0477256 0.309471 0.559284 0.082774 0.000745712
 0.0406174 0.521527 0.379366 0.0568643 0.0016247
 0.151134 0.462217 0.34131 0.0453401 0
 0.294876 0.26143 0.354403 0.0886775 0.000613685
 0.281977 0.475581 0.204845 0.0348837 0.00271318
 0.0841818 0.532909 0.334909 0.0458182 0.00218182
pf_pred 
 0.333136 0.335709 0.166708 0.0827848 0.0816617
 0.314453 0.349911 0.168964 0.0839052 0.0827669
 0.231333 0.378764 0.199011 0.096098 0.0947943
 0.429541 0.235015 0.165291 0.0868478 0.0833049
 0.574398 0.259779 0.0683152 0.0480476 0.0494607
 0.431157 0.416089 0.0932379 0.0245192 0.034997
 0.625424 0.236171 0.101238 0.0226856 0.0144808
 0.490311 0.397436 0.0707759 0.0303392 0.0111381
 0.399973 0.407472 0.150147 0.0267383 0.0156696
 0.610467 0.233015 0.10629 0.0391661 0.0110622
 0.3344 0.514344 0.0904797 0.0412724 0.0195036
 0.32266 0.366249 0.240396 0.0422888 0.0284058
 0.42073 0.302879 0.149449 0.0980947 0.0288472
 0.393651 0.388572 0.113867 0.0561854 0.0477237
 0.533533 0.305385 0.103228 0.0302498 0.0276044
 0.540347 0.349159 0.0723378 0.024452 0.0137042
 0.464829 0.389882 0.110364 0.0228648 0.0120605
 0.456027 0.357983 0.135497 0.0383551 0.0121377
 0.471295 0.340169 0.124073 0.0469619 0.0175003
 0.592272 0.267464 0.0902465 0.0329165 0.0171017
 0.542079 0.346122 0.0733384 0.0247456 0.013715
 0.495557 0.357556 0.111026 0.0235248 0.012337
 0.534531 0.312218 0.108626 0.0337299 0.0108949
 0.446675 0.390405 0.10928 0.0380204 0.0156192
 0.257289 0.465984 0.195248 0.0546526 0.026826
pobs_RECLAS
 0 0 0 0 0
 0 0 0 0 0
 0 0 0 0 0
 0 0 0 0 0
 0.835266 0.146461 0.0176864 0.000547809 3.91292e-05
 0.385257 0.428462 0.181853 0.0044286 0
 0.867414 0.0963971 0.0333333 0.00285562 0
 0.441836 0.489002 0.0689373 0.000224442 0
 0.779404 0.147425 0.0564933 0.0165055 0.000172143
 0.814271 0.122319 0.05973 0.00367925 0
 0.40263 0.566651 0.0304383 0.000280538 0
 0.475488 0.404961 0.113038 0.00651328 0
 0.955842 0.0263864 0.0167828 0.000988607 0
 0.975058 0.0227948 0.00214734 0 0
 0.738997 0.206755 0.0527124 0.00153531 0
 0.850938 0.134255 0.0134407 0.00136685 0
 0.542534 0.407297 0.0501686 0 0
 0.764087 0.199537 0.0359546 0.000420521 0
 0.470689 0.182191 0.310203 0.0369168 0
 0.84361 0.089868 0.0606195 0.00523954 0.000663233
 0.607945 0.314616 0.071237 0.00620181 0
 0.523733 0.453247 0.0230204 0 0
 0.530135 0.295979 0.169645 0.0042399 0
 0.562478 0.366248 0.0663022 0.0049721 0
 0.250443 0.683176 0.0655157 0.000865301 0
ppred_RECLAS
 0.334254 0.335147 0.166429 0.0826461 0.0815249
 0.315971 0.349136 0.16859 0.0837194 0.0825836
 0.235431 0.376744 0.19795 0.0955857 0.094289
 0.430674 0.234548 0.164963 0.0866752 0.0831394
 0.574636 0.259633 0.068277 0.0480208 0.0494331
 0.435266 0.413083 0.0925643 0.0243421 0.0347441
 0.627112 0.235107 0.100782 0.0225834 0.0144156
 0.493513 0.394939 0.0703312 0.0301485 0.0110681
 0.403662 0.404967 0.149224 0.0265739 0.0155733
 0.612992 0.231505 0.105601 0.0389122 0.0109905
 0.339804 0.510168 0.0897452 0.0409373 0.0193453
 0.327189 0.3638 0.238789 0.0420061 0.0282159
 0.429021 0.298544 0.14731 0.0966906 0.0284343
 0.41222 0.376673 0.11038 0.0544648 0.0462623
 0.548969 0.295279 0.0998117 0.0292488 0.0266909
 0.545117 0.345536 0.071587 0.0241982 0.0135619
 0.468321 0.387338 0.109644 0.0227157 0.0119819
 0.458356 0.35645 0.134917 0.0381909 0.0120858
 0.473408 0.33881 0.123578 0.0467743 0.0174304
 0.594187 0.266207 0.0898224 0.0327618 0.0170214
 0.54286 0.345532 0.0732135 0.0247034 0.0136916
 0.496609 0.35681 0.110794 0.0234758 0.0123113
 0.535778 0.311382 0.108335 0.0336395 0.0108657
 0.447903 0.389539 0.109037 0.0379361 0.0155845
 0.258317 0.465339 0.194978 0.0545769 0.0267889
pobs_PELACES
 0 0 0 0 0
 0 0 0 0 0
 0 0 0 0 0
 0 0 0 0 0
 0 0 0 0 0
 0 0 0 0 0
 0 0 0 0 0
 0 0 0 0 0
 0 0 0 0 0
 0 0 0 0 0
 0.450072 0.473896 0.0757376 0.000293798 0
 0 0 0 0 0
 0.463077 0.371075 0.160297 0.00555027 0
 0.529543 0.364841 0.0842815 0.0213345 0
 0.631943 0.363953 0.00410389 0 0
 0.735681 0.248677 0.0153453 0.000297389 0
 0.695825 0.281241 0.0229344 0 0
 0.275771 0.60734 0.115278 0.00161068 0
 0 0 0 0 0
 0.896147 0.0623911 0.0374545 0.00400742 0
 0.803859 0.145111 0.0509908 3.86294e-05 0
 0.739449 0.233085 0.0266225 0.000797448 4.60066e-05
 0.878498 0.100942 0.0204185 0.000141795 0
 0.694673 0.275183 0.0284847 0.00165964 0
 0.469039 0.446079 0.0841089 0.000773354 0
ppred_PELACES
 0.339785 0.332362 0.165046 0.0819594 0.0808475
 0.323178 0.345458 0.166814 0.0828374 0.0817136
 0.251093 0.369027 0.193895 0.0936277 0.0923575
 0.436324 0.23222 0.163326 0.0858151 0.0823143
 0.575947 0.258833 0.0680665 0.0478727 0.0492807
 0.451819 0.400976 0.0898512 0.0236286 0.0337258
 0.634992 0.230138 0.0986523 0.0221061 0.0141109
 0.507107 0.384339 0.0684435 0.0293393 0.010771
 0.418844 0.394657 0.145425 0.0258974 0.0151768
 0.624027 0.224903 0.10259 0.0378026 0.0106771
 0.359954 0.494597 0.087006 0.0396879 0.0187549
 0.344751 0.354304 0.232556 0.0409096 0.0274793
 0.456977 0.283927 0.140098 0.0919564 0.0270421
 0.461096 0.345351 0.101202 0.0499359 0.0424154
 0.591147 0.267666 0.0904779 0.0265136 0.0241949
 0.563541 0.33154 0.0686875 0.0232181 0.0130126
 0.482893 0.376722 0.106639 0.0220931 0.0116535
 0.468855 0.349541 0.132302 0.0374506 0.0118515
 0.483087 0.332583 0.121306 0.0459145 0.01711
 0.60301 0.260419 0.0878696 0.0320495 0.0166513
 0.546889 0.342487 0.0725682 0.0244857 0.0135709
 0.501895 0.353063 0.109631 0.0232292 0.012182
 0.541916 0.307264 0.106903 0.0331947 0.0107221
 0.453969 0.385259 0.107839 0.0375193 0.0154133
 0.263378 0.462164 0.193648 0.0542045 0.0266061
pobs_pel_tallas
 0 0 0 0 0 0 0 0 0 0 0 0 0 0 0 0 0 0 0 0 0 0 0 0 0 0 0 0 0 0 0 0 0 0 0 0
 0 0 0 0 0 0 0 0 0 0 0 0 0 0 0 0 0 0 0 0 0 0 0 0 0 0 0 0 0 0 0 0 0 0 0 0
 0 0 0 0 0 0 0 0 0 0 0 0 0 0 0 0 0 0 0 0 0 0 0 0 0 0 0 0 0 0 0 0 0 0 0 0
 0 0 0 0 0 0 0 0 0 0 0 0 0 0 0 0 0 0 0 0 0 0 0 0 0 0 0 0 0 0 0 0 0 0 0 0
 0 0 0 0 0 0 0 0 0 0 0 0 0 0 0 0 0 0 0 0 0 0 0 0 0 0 0 0 0 0 0 0 0 0 0 0
 0 0 0 0 0 0 0 0 0 0 0 0 0 0 0 0 0 0 0 0 0 0 0 0 0 0 0 0 0 0 0 0 0 0 0 0
 0 0 0 0 0 0 0 0 0 0 0 0 0 0 0 0 0 0 0 0 0 0 0 0 0 0 0 0 0 0 0 0 0 0 0 0
 0 0 0 0 0 0 0 0 0 0 0 0 0 0 0 0 0 0 0 0 0 0 0 0 0 0 0 0 0 0 0 0 0 0 0 0
 0 0 0 0 0 0 0 0 0 0 0 0 0 0 0 0 0 0 0 0 0 0 0 0 0 0 0 0 0 0 0 0 0 0 0 0
 0 0 0 0 0 0 0 0 0 0 0 0 0 0 0 0 0 0 0 0 0 0 0 0 0 0 0 0 0 0 0 0 0 0 0 0
 0 0 0 0 0 0 0 0 1.78061e-05 0.00172719 0.00360574 0.0105946 0.0120993 0.0124554 0.0147524 0.0171206 0.0266825 0.0428682 0.0675386 0.121331 0.153587 0.119568 0.100827 0.0573624 0.0630603 0.0341343 0.0324427 0.0444173 0.0211091 0.0280891 0.0125444 0.00206551 0 0 0 0
 0 0 0 0 0 0 0 0 0 0 0 0 0 0 0 0 0 0 0 0 0 0 0 0 0 0 0 0 0 0 0 0 0 0 0 0
 0 0 0 0 0 0 0.0133647 0.0140871 0.0187388 0.0205184 0.03894 0.0496705 0.03968 0.0493445 0.0407372 0.0367815 0.0215668 0.0243155 0.0234873 0.0199281 0.019796 0.0243948 0.0301388 0.0376714 0.0412746 0.0863199 0.0771752 0.113111 0.0741005 0.0525337 0.0229764 0.00759418 0.00175318 0 0 0
 0 0 0 0 0 0 0 0 0 0 0.00219441 0.00772107 0.0458388 0.0604681 0.0671733 0.0775358 0.0609151 0.0617685 0.073594 0.0568108 0.0755445 0.0548602 0.0670107 0.0636378 0.0643287 0.046367 0.0373049 0.0286899 0.0247887 0.0153202 0.00654259 0.00121912 0.000365735 0 0 0
 0 0 0 0 0 0 0 0 0 0 0 0 0.000112435 0.00938835 0.0111873 0.0202946 0.0414886 0.0713402 0.111592 0.104902 0.108894 0.110636 0.117776 0.105296 0.107544 0.0401394 0.0192827 0.0124803 0.00416011 0.0028671 0.000618394 0 0 0 0 0
 0 0 0 0 0 0 0 0 0 0 0.00291406 0.0102884 0.027416 0.0768956 0.0749926 0.110853 0.0956884 0.0897413 0.0766577 0.0534642 0.0500743 0.0551293 0.0594112 0.0620874 0.0668451 0.0424026 0.0208742 0.0120726 0.0048766 0.00582813 0.00118941 0.000297354 0 0 0 0
 0 0.00264628 0.0354308 0.0461629 0.0458689 0.0383711 0.0214643 0.0164657 0.0346957 0.0420465 0.0363128 0.0245516 0.0311673 0.0291091 0.0169068 0.0133784 0.00837989 0.0085269 0.0148486 0.0160247 0.0276389 0.0546898 0.0760071 0.122758 0.109233 0.0665981 0.0333725 0.0166128 0.00676272 0.00308733 0.000882094 0 0 0 0 0
 0 0 0 0 0 0 0 0.000805153 0.000690131 0.00759144 0.0133425 0.0154129 0.00931677 0.000345066 0.00356568 0.00563607 0.00851162 0.0253048 0.0502646 0.0516448 0.0657925 0.0565908 0.0611916 0.0827007 0.0866115 0.110766 0.145733 0.0935128 0.0569358 0.0249597 0.0138026 0.00621118 0.00161031 0.00115022 0 0
 0 0 0 0 0 0 0 0 0 0 0 0 0 0 0 0 0 0 0 0 0 0 0 0 0 0 0 0 0 0 0 0 0 0 0 0
 0.00147267 0.00158595 0.00478618 0.00569244 0.00954404 0.0108468 0.00647125 0.017049 0.0510054 0.094081 0.124002 0.0959785 0.0687766 0.0820023 0.061753 0.0591476 0.0492212 0.0479892 0.0443925 0.0268479 0.0217502 0.0140895 0.0121071 0.0120363 0.00920419 0.00665534 0.0049561 0.00860946 0.00930331 0.0156896 0.0114698 0.00855282 0.00243557 0.00046729 0 2.83206e-05
 0 0 0 0 0.000772559 0.00158375 0.000888443 0.00281984 0.00712685 0.0440552 0.0773331 0.111326 0.0921469 0.0852325 0.0710754 0.0886704 0.0786465 0.0553345 0.0373146 0.0185414 0.00753245 0.00457741 0.012979 0.0271748 0.0457355 0.0583668 0.034881 0.0177882 0.00938659 0.00492506 0.0015258 0.00185414 0.000309023 5.79419e-05 3.86279e-05 0
 0 0.00173294 0.00326652 0 0.00397197 0.00683976 0.00946217 0.0152591 0.00757587 0.0136028 0.0228656 0.0392903 0.0559909 0.0764795 0.0681675 0.0726916 0.0566044 0.0477403 0.0527397 0.0444891 0.0609904 0.0582453 0.0661739 0.0445044 0.0529084 0.0360697 0.0280645 0.0235558 0.0158879 0.00826598 0.00280645 0.00217768 0.000904811 0.00058276 9.20147e-05 0
 0 0 0 0 0 0 0 0 0 0 0 0 0 0 0 0 0 0 0 0 0 0 0 0 0 0 0 0 0 0 0 0 0 0 0 0
 0 0 0 0 0 0 0 0 0 0 0 0 0 0 0 0 0 0 0 0 0 0 0 0 0 0 0 0 0 0 0 0 0 0 0 0
 0 0 0 0 0 0 0 0 0 0 0 0 0 0 0 0 0 0 0 0 0 0 0 0 0 0 0 0 0 0 0 0 0 0 0 0
ppred_pel_tallas
 1.09045e-16 1.48425e-05 8.70689e-05 0.000413795 0.00159298 0.00496741 0.0125476 0.0256762 0.0425694 0.0571947 0.0623056 0.0551161 0.0397993 0.0239258 0.0129224 0.0079384 0.00749481 0.00980078 0.0137379 0.0187376 0.024405 0.0303062 0.0359369 0.0407927 0.0444669 0.0467302 0.0475612 0.0471179 0.0456668 0.043496 0.0408468 0.0378805 0.0346853 0.0313063 0.027783 0.0241757
 1.09145e-16 1.41188e-05 8.28193e-05 0.000393589 0.00151518 0.00472479 0.0119347 0.0244224 0.0404916 0.0544058 0.0592749 0.0524526 0.037914 0.0228687 0.01249 0.00788537 0.00766252 0.0101292 0.0142249 0.0193998 0.0252547 0.0313399 0.0371309 0.0421035 0.0458367 0.0480956 0.048863 0.0483099 0.0467202 0.0444006 0.0416071 0.0385111 0.0352051 0.0317342 0.0281353 0.0244653
 1.10406e-16 1.09766e-05 6.43693e-05 0.00030587 0.00117743 0.00367153 0.00927433 0.0189792 0.0314702 0.0422945 0.0461061 0.0408624 0.0296734 0.0181728 0.010424 0.00734061 0.00789701 0.0108249 0.0153216 0.0209409 0.027304 0.0339449 0.0403078 0.0458316 0.0500614 0.0527351 0.053819 0.0534767 0.0519911 0.0496711 0.046776 0.0434808 0.0398842 0.0360417 0.0320064 0.0278564
 1.09189e-16 1.9048e-05 0.000111768 0.000531238 0.0020452 0.00637767 0.0161096 0.0329636 0.0546455 0.0734015 0.0799127 0.0705775 0.0507159 0.0299919 0.015297 0.0080155 0.00615672 0.00735325 0.0101551 0.0139001 0.0182466 0.0228899 0.027486 0.0316817 0.0351763 0.0377734 0.0394034 0.0401069 0.0399924 0.0391864 0.0377947 0.0358898 0.0335206 0.0307353 0.0276043 0.0242313
 1.04999e-16 2.51371e-05 0.000147515 0.000701176 0.0026995 0.00841807 0.0212635 0.043509 0.072125 0.096874 0.10545 0.0930903 0.0668025 0.0393208 0.0197094 0.00975299 0.00677282 0.00758903 0.0102368 0.013805 0.0178285 0.0219204 0.0256747 0.0287029 0.0307105 0.0315592 0.0312897 0.0300937 0.0282504 0.026049 0.0237249 0.0214272 0.0192199 0.0171069 0.015067 0.0130826
 1.03794e-16 1.97304e-05 0.000115759 0.000550178 0.00211807 0.00660486 0.0166837 0.0341394 0.056599 0.0760384 0.0828175 0.0732236 0.0527927 0.0315708 0.0167443 0.00980163 0.00872772 0.0110878 0.0153427 0.0206942 0.0265937 0.0324657 0.0376705 0.0415975 0.0437941 0.0440673 0.0425214 0.0395137 0.0355524 0.0311684 0.0268067 0.022765 0.0191856 0.0160885 0.0134228 0.011115
 1.02895e-16 2.77108e-05 0.000162626 0.000773025 0.00297614 0.00928077 0.0234426 0.0479674 0.079514 0.106793 0.116234 0.102579 0.0735423 0.0431486 0.02137 0.0101487 0.0065062 0.00691799 0.00921371 0.0124067 0.016027 0.0197129 0.0230922 0.025806 0.0275761 0.0282619 0.0278836 0.0266019 0.0246649 0.0223417 0.0198666 0.0174067 0.0150592 0.0128667 0.0108415 0.0089866
 1.02609e-16 2.21406e-05 0.00012991 0.000617458 0.00237712 0.0074127 0.0187242 0.0383143 0.0635184 0.085328 0.0929185 0.0821147 0.0591161 0.035178 0.0183386 0.0102356 0.0085735 0.0105929 0.0145567 0.0195866 0.0251171 0.0305826 0.035365 0.0388786 0.0406947 0.0406391 0.0388281 0.0356252 0.0315409 0.0271066 0.0227682 0.0188234 0.0154137 0.0125545 0.010186 0.00822076
 1.03792e-16 1.82925e-05 0.000107317 0.000510045 0.00196354 0.00612299 0.0154665 0.031649 0.052471 0.0704954 0.0767873 0.0679089 0.0489979 0.029376 0.0157178 0.00941876 0.00862875 0.0111076 0.0154405 0.0208903 0.0269385 0.0330267 0.0385245 0.0428194 0.0454429 0.0461711 0.0450642 0.0424294 0.0387268 0.0344507 0.0300288 0.0257637 0.0218249 0.0182752 0.015115 0.0123204
 1.03328e-16 2.72325e-05 0.000159819 0.000759677 0.00292475 0.00912052 0.0230378 0.0471391 0.078141 0.104949 0.114227 0.100808 0.0722731 0.042405 0.021004 0.00997976 0.00640656 0.00682308 0.00909981 0.0122716 0.015882 0.0195809 0.023007 0.0258101 0.0277153 0.0285786 0.0284097 0.0273521 0.025633 0.0235005 0.0211706 0.0187983 0.0164755 0.0142469 0.0121331 0.0101496
 1.03637e-16 1.57285e-05 9.22557e-05 0.00043842 0.00168774 0.00526288 0.0132941 0.0272047 0.0451074 0.0606159 0.0660621 0.0585092 0.0424014 0.0257925 0.0144743 0.00971085 0.00997355 0.0133759 0.0186946 0.0252215 0.0323597 0.0394133 0.0455939 0.0501498 0.0525301 0.0525106 0.05024 0.0461841 0.0409961 0.0353557 0.0298314 0.0248017 0.020444 0.0167756 0.0137183 0.0111605
 1.06107e-16 1.50602e-05 8.83445e-05 0.000419853 0.00161629 0.00504011 0.0127312 0.0260521 0.0431933 0.0580347 0.0632252 0.0559405 0.0404185 0.024346 0.0132367 0.00826561 0.00794129 0.0104531 0.0146665 0.0199955 0.0260179 0.0322587 0.0381618 0.0431657 0.046812 0.0488335 0.0491934 0.048061 0.0457402 0.0425802 0.038899 0.0349423 0.0308796 0.0268251 0.022866 0.0190836
 1.06505e-16 1.99507e-05 0.000117063 0.000556399 0.00214206 0.00667971 0.0168726 0.0345251 0.0572351 0.076883 0.0837111 0.0739512 0.0531814 0.0315323 0.0162326 0.00874403 0.00699008 0.00849109 0.0117131 0.0159271 0.0207183 0.0256936 0.0304147 0.0344456 0.037436 0.0391888 0.0396878 0.0390742 0.0375853 0.0354815 0.0329854 0.0302528 0.0273756 0.0244055 0.0213846 0.0183654
 1.05247e-16 2.01327e-05 0.000118126 0.000561441 0.00216145 0.00674016 0.0170254 0.0348382 0.0577556 0.0775869 0.0844897 0.0746681 0.0537603 0.0320018 0.0167048 0.00936339 0.00789874 0.00981397 0.0135466 0.0183194 0.0236424 0.0290254 0.0339252 0.0378174 0.0403037 0.0411972 0.0405546 0.03864 0.0358411 0.0325651 0.0291518 0.0258267 0.0226991 0.0197925 0.0170869 0.014557
 1.03414e-16 2.58004e-05 0.000151408 0.000719681 0.00277074 0.00864024 0.0218247 0.0446573 0.0740286 0.099431 0.108234 0.0955486 0.0685687 0.0403645 0.02024 0.0100273 0.00697711 0.00782455 0.0105504 0.014215 0.0183331 0.0224978 0.0262798 0.0292675 0.0311469 0.0317686 0.0311736 0.0295664 0.0272513 0.0245516 0.0217426 0.0190132 0.0164631 0.0141228 0.011986 0.0100362
 1.02489e-16 2.45992e-05 0.00014435 0.000686115 0.00264148 0.00823713 0.0208066 0.0425746 0.0705783 0.0948032 0.103214 0.0911583 0.065508 0.0387435 0.019761 0.0103378 0.00788126 0.00929583 0.0126497 0.0170064 0.0218244 0.0266048 0.0308124 0.0339406 0.0356162 0.0356832 0.0342342 0.0315738 0.0281334 0.0243637 0.020644 0.0172294 0.0142437 0.0117052 0.00956957 0.00776966
 1.02941e-16 2.10845e-05 0.000123711 0.000587985 0.00226364 0.00705883 0.0178304 0.0364854 0.0604868 0.0812569 0.0884889 0.0782089 0.0563234 0.033555 0.0175648 0.00992093 0.00844759 0.0105273 0.0145144 0.019577 0.0251746 0.0307594 0.035726 0.0394938 0.0416275 0.0419336 0.0404968 0.0376418 0.0338388 0.0295863 0.0253095 0.0213027 0.0177195 0.0146012 0.0119207 0.0096247
 1.03833e-16 2.04714e-05 0.000120113 0.000570888 0.00219782 0.00685359 0.0173119 0.0354244 0.0587275 0.0788924 0.0859112 0.0759241 0.054664 0.0325387 0.0169833 0.00951716 0.00802663 0.00997312 0.0137682 0.0186215 0.0240338 0.0295038 0.0344738 0.0384017 0.040871 0.0416785 0.04087 0.0387066 0.0355832 0.0319248 0.0280985 0.024364 0.020867 0.0176645 0.0147625 0.0121494
 1.04208e-16 2.10912e-05 0.000123754 0.0005882 0.00226448 0.00706147 0.0178369 0.0364986 0.0605075 0.081281 0.0885055 0.0782008 0.056268 0.033423 0.0173156 0.00949847 0.00778109 0.0095387 0.0131335 0.0177622 0.0229356 0.0281758 0.0329544 0.0367582 0.039193 0.040066 0.0394192 0.0374968 0.0346677 0.0313265 0.0278119 0.0243596 0.0210989 0.0180773 0.0152977 0.0127515
 1.03212e-16 2.63174e-05 0.000154443 0.000734116 0.00282632 0.00881356 0.0222625 0.045553 0.075513 0.101424 0.1104 0.0974532 0.0699192 0.0411267 0.0205614 0.0100861 0.00689022 0.0076389 0.0102713 0.013833 0.0178395 0.0218919 0.0255716 0.0284776 0.0303041 0.030905 0.0303194 0.0287459 0.0264802 0.0238371 0.0210849 0.0184088 0.0159071 0.0136116 0.0115178 0.00961108
 1.02618e-16 2.38736e-05 0.000140088 0.000665853 0.00256346 0.00799383 0.020192 0.0413173 0.0684946 0.0920064 0.100174 0.0884856 0.063614 0.0376766 0.0193154 0.0102647 0.00801823 0.0095792 0.0130743 0.0175873 0.0225752 0.0275264 0.031889 0.0351397 0.0368922 0.0369843 0.0355102 0.032783 0.0292461 0.0253637 0.0215265 0.0179976 0.0149049 0.0122683 0.0100435 0.00816281
 1.03039e-16 2.19122e-05 0.000128572 0.000611101 0.00235265 0.00733641 0.0185315 0.0379198 0.0628636 0.0844463 0.0919531 0.0812489 0.0584655 0.0347365 0.0180103 0.00989961 0.00812705 0.00996116 0.013692 0.0184718 0.0237753 0.0290862 0.0338372 0.037483 0.0396121 0.0400365 0.0388269 0.0362769 0.0328162 0.0289024 0.0249271 0.0211632 0.017756 0.0147494 0.0121265 0.00984766
 1.0326e-16 2.36554e-05 0.00013881 0.000659785 0.00254011 0.00792101 0.0200081 0.0409406 0.0678694 0.091164 0.0992502 0.0876545 0.0629832 0.0372366 0.0189687 0.00988833 0.00750419 0.00884511 0.0120643 0.016278 0.0209878 0.0257382 0.0300361 0.0334064 0.0354863 0.036103 0.0353038 0.0333266 0.0305261 0.0272819 0.02392 0.0206687 0.0176526 0.0149157 0.0124552 0.010253
 1.03666e-16 1.98236e-05 0.000116307 0.000552787 0.00212812 0.00663621 0.0167628 0.0343013 0.0568669 0.0763969 0.0832043 0.0735569 0.0530141 0.0316656 0.0167265 0.0096865 0.00851598 0.0107667 0.0148962 0.0201141 0.0258891 0.031669 0.0368388 0.0408073 0.0431299 0.0436065 0.0423183 0.0395883 0.0358858 0.0317066 0.0274715 0.023469 0.0198472 0.0166441 0.0138333 0.0113673
 1.06006e-16 1.15163e-05 6.75285e-05 0.00032087 0.00123515 0.0038515 0.00972902 0.0199102 0.033016 0.044378 0.0483932 0.0429271 0.0312543 0.0193025 0.0113573 0.00840251 0.00938347 0.0129765 0.0183198 0.0248889 0.0321893 0.0396019 0.0463997 0.0518666 0.0554454 0.0568548 0.0561358 0.0536102 0.0497738 0.0451638 0.0402458 0.0353507 0.0306689 0.0262824 0.0222144 0.0184712
pSPR Fmed_Fpbrs
0.6123   0.255595 0.255595
Fs Fmed_Fpbrs
0.266576   1.005 1.005
SSBpbr Bo_Bmed_Bpbrs
1.0814e+06  608072  222331 222331
Ro
41772.8
SPR SPRFo_SPRFmed_SPRFpbrs
858966 525945 219547
log_Ro
10.46
likeval ReclasPelacesDesembMPH_pf_preclas_ppelaces_ptallas_desvR_qrecl_qpela
 119.288 76.4584 0.440787 0.000789841 348.122 210.006 81.1715 0 15.1064 0 0 0 0 0 0
q_reclas_q_pelaces
1 1
M
0.7
N
 47713.4 24834.8 12332.6 6124.18 6041.1
 37837.9 21981.3 10614.3 5270.89 5199.38
 18670.3 16994.3 8929.18 4311.71 4253.21
 25407.1 7163.84 5038.49 2647.34 2539.34
 51665.5 11767.1 3094.46 2176.4 2240.41
 48055.5 25242.4 5656.35 1487.48 2123.12
 98697.2 19474.6 8348.07 1870.65 1194.08
 101805 44233.7 7877.18 3376.67 1239.64
 77725.4 42874.4 15798.5 2813.42 1648.76
 157463 31917.6 14559.2 5364.84 1515.26
 79041.9 67860.4 11937.5 5445.31 2573.23
 47906.8 30008.4 19696.7 3464.91 2327.41
 45362.7 18740 9246.89 6069.41 1784.86
 25875.2 15978.9 4682.45 2310.46 1962.5
 20146.2 7033.35 2377.45 696.687 635.759
 16730.4 5936.89 1229.99 415.766 233.017
 14668.1 6627.38 1876.01 388.666 205.01
 14720.4 6101.95 2309.6 653.777 206.892
 16948.5 6432.03 2346.02 887.971 330.902
 31596.9 7482.96 2524.87 920.92 478.464
 43037.8 14038.2 2974.51 1003.65 556.261
 54847 20345.2 6317.44 1338.58 701.985
 84680.4 25545.6 8887.78 2759.77 891.419
 86458.7 39018.2 10921.7 3799.87 1561.02
 42530.5 39862.1 16702.3 4675.19 2294.8
pred_Ctot
 2490.89 2510.13 1246.49 618.99 610.593
 2615.3 2910.21 1405.28 697.839 688.372
 3097.8 5072.06 2664.97 1286.86 1269.4
 1235.44 675.945 475.407 249.79 239.6
 600.039 271.375 71.3648 50.1925 51.6687
 6431.23 6206.48 1390.76 365.734 522.023
 6960.56 2628.43 1126.72 252.476 161.162
 11229.3 9102.23 1620.94 694.838 255.088
 9780.2 9963.58 3671.42 653.81 383.156
 15087.6 5758.96 2626.95 967.988 273.402
 13593.7 20908.6 3678.09 1677.76 792.842
 7414.33 8415.97 5524.02 971.746 652.731
 9671.05 6962.1 3435.3 2254.84 663.093
 8716.65 8604.18 2521.37 1244.12 1056.75
 6068.64 3473.58 1174.16 344.074 313.984
 2465.91 1593.41 330.118 111.588 62.5398
 1729.4 1450.56 410.609 85.0688 44.8714
 1280.82 1005.45 380.565 107.726 34.0908
 1360.99 982.332 358.296 135.615 50.5369
 2408.36 1087.59 366.971 133.849 69.541
 1491.21 952.148 201.747 68.0726 37.7286
 2457.51 1773.15 550.586 116.662 61.1803
 4411.23 2576.58 896.441 278.356 89.9104
 4468.13 3905.25 1093.13 380.321 156.24
 2349.52 4255.28 1782.97 499.077 244.97
F
 0.0750228 0.150046 0.150046 0.150046 0.150046
 0.100433 0.200865 0.200865 0.200865 0.200865
 0.257886 0.515771 0.515771 0.515771 0.515771
 0.0697171 0.139434 0.139434 0.139434 0.139434
 0.0162656 0.0325312 0.0325312 0.0325312 0.0325312
 0.203247 0.406494 0.406494 0.406494 0.406494
 0.10257 0.20514 0.20514 0.20514 0.20514
 0.164785 0.32957 0.32957 0.32957 0.32957
 0.190025 0.38005 0.38005 0.38005 0.38005
 0.141735 0.283471 0.283471 0.283471 0.283471
 0.2685 0.537 0.537 0.537 0.537
 0.238595 0.477191 0.477191 0.477191 0.477191
 0.34342 0.68684 0.68684 0.68684 0.68684
 0.602621 1.20524 1.20524 1.20524 1.20524
 0.52183 1.04366 1.04366 1.04366 1.04366
 0.226019 0.452038 0.452038 0.452038 0.452038
 0.177069 0.354137 0.354137 0.354137 0.354137
 0.127944 0.255889 0.255889 0.255889 0.255889
 0.117551 0.235102 0.235102 0.235102 0.235102
 0.111275 0.22255 0.22255 0.22255 0.22255
 0.0492347 0.0984694 0.0984694 0.0984694 0.0984694
 0.0640837 0.128167 0.128167 0.128167 0.128167
 0.0748554 0.149711 0.149711 0.149711 0.149711
 0.0742416 0.148483 0.148483 0.148483 0.148483
 0.079545 0.15909 0.15909 0.15909 0.15909
YTP_r0W_actual
 26314.6 93616.1 58838 20512.1 10484.7
YTP_p0W_proyectada
 96312.4 201316 254058 138863 63218.2
 96312.4 120193 53351.5 60242.1 34080.7
CTP_r0_actual
 2349.52 4255.28 1782.97 499.077 244.97
CTP_p0_proyectada
 11330.9 9407.28 8142.87 3411.88 1359.53
 11330.9 5616.5 1709.98 1480.15 732.918
Wmedp
 8.5 21.4 31.2 40.7 46.5
nmprior
 10.6 11 7 0
nm_flota  nm_reclas  nm_pelaces    nm_pelaL
inf 13.9381 13.0273 28.1391
cv_recla  cv_pelaces  cv_mph
0.987924 0.991482 0.911818
 ------------------------------------------------
Talla a la edad & desviaci?n 
 7.2 14.2025 17.0495 18.207 18.6776
 1.08 2.13037 2.55742 2.73105 2.80164
