years
 1997 1998 1999 2000 2001 2002 2003 2004 2005 2006 2007 2008 2009 2010 2011 2012 2013 2014 2015 2016 2017 2018 2019 2020 2021
reclasobs
 0 0 0 370054 412103 1.49427e+06 250295 1.28982e+06 931140 785840 897777 1.04006e+06 184774 17550 25797 100020 73551 82996 120727 218422 84188 347160 605670 569463 516374
reclaspred
 1.41382e+06 239185 578340 237544 261502 323688 837100 523732 800938 1.42501e+06 1.46466e+06 878522 466029 187292 118692 125925 147775 197321 195289 271214 433823 388838 610466 633821 667829
pelacesobs
 0 0 0 0 0 0 0 0 0 2.06254e+06 1.5e+06 0 1.87456e+06 323000 250000 174000 83755 137374 0 501740 490994 745055 786931 1.00524e+06 1.33801e+06
pelacespred
 695181 241133 185564 168354 157298 136228 450691 316757 458488 836702 762609 473842 257821 78543.4 49370.9 59956.1 73932.7 100139 104583 140102 238731 230606 269472 339513 329630
mphobs
 0 0 0 0 0 112323 0 153150 637223 0 255016 313432 73983 77613 109348 50772 0 0 0 0 0 0 0 0 0
mphpred
 1.11159e+06 438800 379952 294487 190508 299856 447420 688229 491778 999614 1.55899e+06 950287 524735 270665 102671 102984 118173 153548 180373 184934 332999 368249 440611 522730 628296
desembarqueobs
 350755 77701 442110 56441 14545 235359 269955 359681 431902 328805 639364 411747 362871 311530 167758 66681 60226 58785 57116 73181 50977 67692 138656 160484 209506
desembarquepred
 350843 77580.5 439979 56306.9 14517.9 235117 269943 359284 431070 328219 638243 412516 363777 310593 167818 66709.9 59879.9 58514.3 57337.5 73320.7 50796.1 67695.5 138572 159844 208911
Reclutas
 17012.2 54364.5 15196 9051.61 39256 33843.6 87282.2 27198.1 158416 244708 18818.2 25927 52995.9 19986.3 22920.3 17113.1 12785.2 13885.5 11131.3 35133.1 27878.8 42161.5 46490.3 64240.1 5346.99
log_desv_Rt
 -0.538312 0.623467 -0.65121 -1.1693 0.297861 0.149506 1.0969 -0.0690974 1.69298 2.12782 -0.437422 -0.116961 0.597971 -0.3772 -0.240222 -0.532399 -0.823954 -0.741401 -0.962483 0.186899 -0.0443791 0.369264 0.466999 0.790383 -1.69571
SSB
 1.11159e+06 438800 379952 294487 190508 299856 447420 688229 491778 999614 1.55899e+06 950287 524735 270665 102671 102984 118173 153548 180373 184934 332999 368249 440611 522730 628296
BT
 1.75528e+06 600750 669669 388009 395836 461332 1.55481e+06 1.03832e+06 1.77504e+06 2.49637e+06 1.97564e+06 1.29848e+06 951591 463134 275893 192901 220347 274884 262233 410686 577936 532995 651632 886546 774885
Ftot
 0.23942 0.312123 0.704646 0.228915 0.0542608 0.676512 0.311005 0.640398 0.513979 0.223218 0.41427 0.445508 0.725297 1.41157 1.25973 0.502525 0.387714 0.285694 0.282612 0.261278 0.114015 0.168951 0.219477 0.243648 0.300251
BD_Bspro_t
 0.963419 0.769143 0.656176 0.410679 0.436028 0.6065 0.548533 0.598705 0.494206 0.612018 0.676944 0.485618 0.35401 0.25515 0.132245 0.154375 0.224163 0.343183 0.435297 0.504831 0.664551 0.739297 0.743157 0.716286 0.692915
BD_Bspro
 1.85488 0.732212 0.634014 0.491402 0.317895 0.50036 0.746596 1.14843 0.820614 1.66803 2.60144 1.58571 0.875609 0.451651 0.171324 0.171847 0.197192 0.256221 0.300983 0.308594 0.555666 0.614486 0.735234 0.872263 1.04842
BD_Bo
 1.16077 0.458211 0.396759 0.307514 0.198935 0.31312 0.467212 0.718673 0.513532 1.04383 1.62795 0.992323 0.547947 0.282638 0.107213 0.10754 0.123401 0.16034 0.188352 0.193115 0.34773 0.384539 0.460102 0.545853 0.656089
BD_Brms
 5.64589 2.22871 1.92981 1.49573 0.967607 1.52299 2.27249 3.49558 2.49778 5.07713 7.91825 4.82659 2.66518 1.37473 0.521474 0.523068 0.600213 0.779885 0.916131 0.939298 1.69133 1.87037 2.23791 2.65499 3.19117
S_f
 0.5 1 1 1 1
 0.5 1 1 1 1
 0.5 1 1 1 1
 0.5 1 1 1 1
 0.5 1 1 1 1
 0.5 1 1 1 1
 0.5 1 1 1 1
 0.5 1 1 1 1
 0.5 1 1 1 1
 0.5 1 1 1 1
 0.5 1 1 1 1
 0.5 1 1 1 1
 0.5 1 1 1 1
 0.5 1 1 1 1
 0.5 1 1 1 1
 0.5 1 1 1 1
 0.5 1 1 1 1
 0.5 1 1 1 1
 0.5 1 1 1 1
 0.5 1 1 1 1
 0.5 1 1 1 1
 0.5 1 1 1 1
 0.5 1 1 1 1
 0.5 1 1 1 1
 0.5 1 1 1 1
Scru_reclas
 0.5 1 1 1 1
 0.5 1 1 1 1
 0.5 1 1 1 1
 0.5 1 1 1 1
 0.5 1 1 1 1
 0.5 1 1 1 1
 0.5 1 1 1 1
 0.5 1 1 1 1
 0.5 1 1 1 1
 0.5 1 1 1 1
 0.5 1 1 1 1
 0.5 1 1 1 1
 0.5 1 1 1 1
 0.5 1 1 1 1
 0.5 1 1 1 1
 0.5 1 1 1 1
 0.5 1 1 1 1
 0.5 1 1 1 1
 0.5 1 1 1 1
 0.5 1 1 1 1
 0.5 1 1 1 1
 0.5 1 1 1 1
 0.5 1 1 1 1
 0.5 1 1 1 1
 0.5 1 1 1 1
Scru_pelaces
 0.5 1 1 1 1
 0.5 1 1 1 1
 0.5 1 1 1 1
 0.5 1 1 1 1
 0.5 1 1 1 1
 0.5 1 1 1 1
 0.5 1 1 1 1
 0.5 1 1 1 1
 0.5 1 1 1 1
 0.5 1 1 1 1
 0.5 1 1 1 1
 0.5 1 1 1 1
 0.5 1 1 1 1
 0.5 1 1 1 1
 0.5 1 1 1 1
 0.5 1 1 1 1
 0.5 1 1 1 1
 0.5 1 1 1 1
 0.5 1 1 1 1
 0.5 1 1 1 1
 0.5 1 1 1 1
 0.5 1 1 1 1
 0.5 1 1 1 1
 0.5 1 1 1 1
 0.5 1 1 1 1
pf_obs 
 0.256992 0.487395 0.22802 0.0275931 0
 0.321318 0.546541 0.124235 0.00734118 0.000564706
 0.182869 0.594174 0.210203 0.0122559 0.00049798
 0.330522 0.361315 0.267642 0.0388342 0.00168674
 0.649043 0.306663 0.0425973 0.00169635 0
 0.582887 0.30429 0.105238 0.00758474 0
 0.465427 0.430635 0.0974691 0.00646863 0
 0.296916 0.608066 0.0921331 0.00288517 0
 0.311714 0.524322 0.152257 0.0117073 0
 0.15457 0.633149 0.183074 0.0267441 0.00246327
 0.131901 0.49318 0.331252 0.0422183 0.00144891
 0.196976 0.569456 0.194076 0.0375587 0.00193317
 0.518974 0.381816 0.0799577 0.0180837 0.00116848
 0.0928022 0.601141 0.25162 0.0475244 0.00691264
 0.122501 0.610282 0.24278 0.0234846 0.000952079
 0.383417 0.481906 0.127806 0.00687128 0
 0.0376549 0.599619 0.316969 0.0457579 0
 0.0361596 0.667082 0.258105 0.0386534 0
 0.158088 0.579412 0.248529 0.0139706 0
 0.0477256 0.309471 0.559284 0.082774 0.000745712
 0.0406174 0.521527 0.379366 0.0568643 0.0016247
 0.151134 0.462217 0.34131 0.0453401 0
 0.294876 0.26143 0.354403 0.0886775 0.000613685
 0.281977 0.475581 0.204845 0.0348837 0.00271318
 0.0841818 0.532909 0.334909 0.0458182 0.00218182
pf_pred 
 0.206425 0.399497 0.198384 0.0985148 0.0971783
 0.580934 0.14994 0.135482 0.0672784 0.0663657
 0.221718 0.585334 0.0690362 0.0623793 0.061533
 0.270126 0.301505 0.32217 0.0379978 0.0682017
 0.686245 0.138498 0.0723972 0.0773592 0.0255006
 0.454743 0.445054 0.0442319 0.0231214 0.0328501
 0.723074 0.185894 0.0743025 0.00738459 0.00934454
 0.261991 0.628056 0.0738086 0.0295016 0.00664224
 0.805808 0.089749 0.0888825 0.0104454 0.00511507
 0.656551 0.311215 0.0148978 0.014754 0.00258295
 0.0704486 0.74639 0.165971 0.00794501 0.00924579
 0.214693 0.114691 0.538475 0.119738 0.0124021
 0.532845 0.179291 0.0420416 0.197385 0.0484376
 0.342306 0.486278 0.0657885 0.0154266 0.0902016
 0.646713 0.219184 0.0991513 0.0134142 0.0215374
 0.569431 0.363794 0.0414281 0.0187406 0.00660622
 0.441635 0.421046 0.116023 0.0132125 0.00808378
 0.474072 0.3361 0.143143 0.0394445 0.0072401
 0.395547 0.400051 0.130626 0.0556327 0.018144
 0.694235 0.179392 0.0836385 0.0273099 0.0154245
 0.436621 0.4678 0.0560764 0.0261446 0.0133583
 0.507163 0.303337 0.157351 0.018862 0.0132873
 0.463952 0.366376 0.104432 0.054172 0.0110682
 0.514639 0.314639 0.116685 0.0332598 0.020778
 0.0654819 0.64907 0.185044 0.0686241 0.0317805
pobs_RECLAS
 0 0 0 0 0
 0 0 0 0 0
 0 0 0 0 0
 0 0 0 0 0
 0.835266 0.146461 0.0176864 0.000547809 3.91292e-05
 0.385257 0.428462 0.181853 0.0044286 0
 0.867414 0.0963971 0.0333333 0.00285562 0
 0.441836 0.489002 0.0689373 0.000224442 0
 0.779404 0.147425 0.0564933 0.0165055 0.000172143
 0.814271 0.122319 0.05973 0.00367925 0
 0.40263 0.566651 0.0304383 0.000280538 0
 0.475488 0.404961 0.113038 0.00651328 0
 0.955842 0.0263864 0.0167828 0.000988607 0
 0.975058 0.0227948 0.00214734 0 0
 0.738997 0.206755 0.0527124 0.00153531 0
 0.850938 0.134255 0.0134407 0.00136685 0
 0.542534 0.407297 0.0501686 0 0
 0.764087 0.199537 0.0359546 0.000420521 0
 0.470689 0.182191 0.310203 0.0369168 0
 0.84361 0.089868 0.0606195 0.00523954 0.000663233
 0.607945 0.314616 0.071237 0.00620181 0
 0.523733 0.453247 0.0230204 0 0
 0.530135 0.295979 0.169645 0.0042399 0
 0.562478 0.366248 0.0663022 0.0049721 0
 0.250443 0.683176 0.0655157 0.000865301 0
ppred_RECLAS
 0.207848 0.398781 0.198029 0.0983382 0.0970041
 0.583846 0.148898 0.134541 0.0668109 0.0659045
 0.227847 0.580724 0.0684925 0.061888 0.0610484
 0.271748 0.300835 0.321454 0.0379133 0.0680502
 0.686602 0.13834 0.0723148 0.0772712 0.0254715
 0.462991 0.438321 0.0435627 0.0227716 0.0323532
 0.725455 0.184296 0.0736638 0.0073211 0.00926421
 0.267985 0.622956 0.0732092 0.029262 0.0065883
 0.80935 0.0881118 0.0872611 0.0102548 0.00502176
 0.658345 0.309589 0.01482 0.0146769 0.00256945
 0.0715802 0.745481 0.165769 0.00793534 0.00923453
 0.21789 0.114224 0.536283 0.11925 0.0123516
 0.541954 0.175795 0.0412218 0.193536 0.0474932
 0.364766 0.469671 0.0635418 0.0148998 0.0871212
 0.665339 0.207628 0.0939237 0.0127069 0.0204019
 0.574846 0.359219 0.0409071 0.0185049 0.00652314
 0.445521 0.418115 0.115216 0.0131205 0.00802751
 0.476749 0.334389 0.142414 0.0392437 0.00720325
 0.398082 0.398373 0.130078 0.0553993 0.0180679
 0.696274 0.178196 0.0830807 0.0271277 0.0153216
 0.437529 0.467045 0.0559859 0.0261024 0.0133368
 0.508601 0.302452 0.156891 0.018807 0.0132486
 0.465895 0.365048 0.104053 0.0539757 0.0110281
 0.516848 0.313206 0.116154 0.0331084 0.0206834
 0.0661837 0.648582 0.184905 0.0685726 0.0317566
pobs_PELACES
 0 0 0 0 0
 0 0 0 0 0
 0 0 0 0 0
 0 0 0 0 0
 0 0 0 0 0
 0 0 0 0 0
 0 0 0 0 0
 0 0 0 0 0
 0 0 0 0 0
 0 0 0 0 0
 0.450072 0.473896 0.0757376 0.000293798 0
 0 0 0 0 0
 0.463077 0.371075 0.160297 0.00555027 0
 0.529543 0.364841 0.0842815 0.0213345 0
 0.631943 0.363953 0.00410389 0 0
 0.735681 0.248677 0.0153453 0.000297389 0
 0.695825 0.281241 0.0229344 0 0
 0.275771 0.60734 0.115278 0.00161068 0
 0 0 0 0 0
 0.896147 0.0623911 0.0374545 0.00400742 0
 0.803859 0.145111 0.0509908 3.86294e-05 0
 0.739449 0.233085 0.0266225 0.000797448 4.60066e-05
 0.878498 0.100942 0.0204185 0.000141795 0
 0.694673 0.275183 0.0284847 0.00165964 0
 0.469039 0.446079 0.0841089 0.000773354 0
ppred_PELACES
 0.214428 0.395469 0.196384 0.0975214 0.0961984
 0.596302 0.144441 0.130513 0.0648111 0.0639318
 0.248946 0.564856 0.066621 0.0601969 0.0593803
 0.279287 0.297721 0.318126 0.0375208 0.0673457
 0.688525 0.137491 0.071871 0.076797 0.0253152
 0.490831 0.415598 0.0413044 0.0215911 0.0306759
 0.735556 0.177515 0.0709534 0.00705173 0.00892335
 0.289214 0.604889 0.0710861 0.0284134 0.00639723
 0.822094 0.082222 0.0814282 0.00956937 0.00468608
 0.66658 0.302126 0.0144628 0.0143231 0.00250752
 0.0762579 0.741725 0.164933 0.00789536 0.009188
 0.230676 0.112357 0.527516 0.117301 0.0121497
 0.571478 0.164464 0.0385648 0.181062 0.0444319
 0.420231 0.428662 0.0579937 0.0135989 0.0795143
 0.709928 0.179965 0.0814097 0.0110139 0.0176836
 0.594974 0.342212 0.0389704 0.0176289 0.00621431
 0.461374 0.40616 0.111922 0.0127454 0.00779799
 0.48852 0.326867 0.139211 0.038361 0.00704122
 0.409307 0.390944 0.127652 0.0543662 0.017731
 0.705313 0.172893 0.0806081 0.0263204 0.0148656
 0.442164 0.463197 0.0555246 0.0258873 0.0132269
 0.515566 0.298165 0.154668 0.0185404 0.0130608
 0.474917 0.358882 0.102296 0.053064 0.0108419
 0.526879 0.306704 0.113742 0.032421 0.020254
 0.0693121 0.646409 0.184286 0.0683429 0.0316502
pobs_pel_tallas
 0 0 0 0 0 0 0 0 0 0 0 0 0 0 0 0 0 0 0 0 0 0 0 0 0 0 0 0 0 0 0 0 0 0 0 0
 0 0 0 0 0 0 0 0 0 0 0 0 0 0 0 0 0 0 0 0 0 0 0 0 0 0 0 0 0 0 0 0 0 0 0 0
 0 0 0 0 0 0 0 0 0 0 0 0 0 0 0 0 0 0 0 0 0 0 0 0 0 0 0 0 0 0 0 0 0 0 0 0
 0 0 0 0 0 0 0 0 0 0 0 0 0 0 0 0 0 0 0 0 0 0 0 0 0 0 0 0 0 0 0 0 0 0 0 0
 0 0 0 0 0 0 0 0 0 0 0 0 0 0 0 0 0 0 0 0 0 0 0 0 0 0 0 0 0 0 0 0 0 0 0 0
 0 0 0 0 0 0 0 0 0 0 0 0 0 0 0 0 0 0 0 0 0 0 0 0 0 0 0 0 0 0 0 0 0 0 0 0
 0 0 0 0 0 0 0 0 0 0 0 0 0 0 0 0 0 0 0 0 0 0 0 0 0 0 0 0 0 0 0 0 0 0 0 0
 0 0 0 0 0 0 0 0 0 0 0 0 0 0 0 0 0 0 0 0 0 0 0 0 0 0 0 0 0 0 0 0 0 0 0 0
 0 0 0 0 0 0 0 0 0 0 0 0 0 0 0 0 0 0 0 0 0 0 0 0 0 0 0 0 0 0 0 0 0 0 0 0
 0 0 0 0 0 0 0 0 0 0 0 0 0 0 0 0 0 0 0 0 0 0 0 0 0 0 0 0 0 0 0 0 0 0 0 0
 0 0 0 0 0 0 0 0 1.78061e-05 0.00172719 0.00360574 0.0105946 0.0120993 0.0124554 0.0147524 0.0171206 0.0266825 0.0428682 0.0675386 0.121331 0.153587 0.119568 0.100827 0.0573624 0.0630603 0.0341343 0.0324427 0.0444173 0.0211091 0.0280891 0.0125444 0.00206551 0 0 0 0
 0 0 0 0 0 0 0 0 0 0 0 0 0 0 0 0 0 0 0 0 0 0 0 0 0 0 0 0 0 0 0 0 0 0 0 0
 0 0 0 0 0 0 0.0133647 0.0140871 0.0187388 0.0205184 0.03894 0.0496705 0.03968 0.0493445 0.0407372 0.0367815 0.0215668 0.0243155 0.0234873 0.0199281 0.019796 0.0243948 0.0301388 0.0376714 0.0412746 0.0863199 0.0771752 0.113111 0.0741005 0.0525337 0.0229764 0.00759418 0.00175318 0 0 0
 0 0 0 0 0 0 0 0 0 0 0.00219441 0.00772107 0.0458388 0.0604681 0.0671733 0.0775358 0.0609151 0.0617685 0.073594 0.0568108 0.0755445 0.0548602 0.0670107 0.0636378 0.0643287 0.046367 0.0373049 0.0286899 0.0247887 0.0153202 0.00654259 0.00121912 0.000365735 0 0 0
 0 0 0 0 0 0 0 0 0 0 0 0 0.000112435 0.00938835 0.0111873 0.0202946 0.0414886 0.0713402 0.111592 0.104902 0.108894 0.110636 0.117776 0.105296 0.107544 0.0401394 0.0192827 0.0124803 0.00416011 0.0028671 0.000618394 0 0 0 0 0
 0 0 0 0 0 0 0 0 0 0 0.00291406 0.0102884 0.027416 0.0768956 0.0749926 0.110853 0.0956884 0.0897413 0.0766577 0.0534642 0.0500743 0.0551293 0.0594112 0.0620874 0.0668451 0.0424026 0.0208742 0.0120726 0.0048766 0.00582813 0.00118941 0.000297354 0 0 0 0
 0 0.00264628 0.0354308 0.0461629 0.0458689 0.0383711 0.0214643 0.0164657 0.0346957 0.0420465 0.0363128 0.0245516 0.0311673 0.0291091 0.0169068 0.0133784 0.00837989 0.0085269 0.0148486 0.0160247 0.0276389 0.0546898 0.0760071 0.122758 0.109233 0.0665981 0.0333725 0.0166128 0.00676272 0.00308733 0.000882094 0 0 0 0 0
 0 0 0 0 0 0 0 0.000805153 0.000690131 0.00759144 0.0133425 0.0154129 0.00931677 0.000345066 0.00356568 0.00563607 0.00851162 0.0253048 0.0502646 0.0516448 0.0657925 0.0565908 0.0611916 0.0827007 0.0866115 0.110766 0.145733 0.0935128 0.0569358 0.0249597 0.0138026 0.00621118 0.00161031 0.00115022 0 0
 0 0 0 0 0 0 0 0 0 0 0 0 0 0 0 0 0 0 0 0 0 0 0 0 0 0 0 0 0 0 0 0 0 0 0 0
 0.00147267 0.00158595 0.00478618 0.00569244 0.00954404 0.0108468 0.00647125 0.017049 0.0510054 0.094081 0.124002 0.0959785 0.0687766 0.0820023 0.061753 0.0591476 0.0492212 0.0479892 0.0443925 0.0268479 0.0217502 0.0140895 0.0121071 0.0120363 0.00920419 0.00665534 0.0049561 0.00860946 0.00930331 0.0156896 0.0114698 0.00855282 0.00243557 0.00046729 0 2.83206e-05
 0 0 0 0 0.000772559 0.00158375 0.000888443 0.00281984 0.00712685 0.0440552 0.0773331 0.111326 0.0921469 0.0852325 0.0710754 0.0886704 0.0786465 0.0553345 0.0373146 0.0185414 0.00753245 0.00457741 0.012979 0.0271748 0.0457355 0.0583668 0.034881 0.0177882 0.00938659 0.00492506 0.0015258 0.00185414 0.000309023 5.79419e-05 3.86279e-05 0
 0 0.00173294 0.00326652 0 0.00397197 0.00683976 0.00946217 0.0152591 0.00757587 0.0136028 0.0228656 0.0392903 0.0559909 0.0764795 0.0681675 0.0726916 0.0566044 0.0477403 0.0527397 0.0444891 0.0609904 0.0582453 0.0661739 0.0445044 0.0529084 0.0360697 0.0280645 0.0235558 0.0158879 0.00826598 0.00280645 0.00217768 0.000904811 0.00058276 9.20147e-05 0
 0 0 0 0 0 0 0 0 0 0 0 0 0 0 0 0 0 0 0 0 0 0 0 0 0 0 0 0 0 0 0 0 0 0 0 0
 0 0 0 0 0 0 0 0 0 0 0 0 0 0 0 0 0 0 0 0 0 0 0 0 0 0 0 0 0 0 0 0 0 0 0 0
 0 0 0 0 0 0 0 0 0 0 0 0 0 0 0 0 0 0 0 0 0 0 0 0 0 0 0 0 0 0 0 0 0 0 0 0
ppred_pel_tallas
 1.10763e-16 9.37888e-06 5.49869e-05 0.00026126 0.00100566 0.00313587 0.00792133 0.016211 0.0268828 0.0361369 0.0394139 0.0349797 0.0255066 0.0158302 0.009454 0.00719791 0.00822682 0.0114896 0.0163117 0.0222897 0.0290382 0.0360604 0.0427604 0.0485381 0.0529101 0.0556031 0.0565918 0.0560644 0.0543377 0.0517548 0.0486025 0.0450731 0.0412712 0.0372505 0.0330583 0.0287661
 1.07115e-16 2.60202e-05 0.000152709 0.000725894 0.00279471 0.008715 0.0220134 0.0450425 0.0746637 0.100274 0.109123 0.0962688 0.0689437 0.0403005 0.0196834 0.00889416 0.00511874 0.00504493 0.00665806 0.00909015 0.0119961 0.0151621 0.0183737 0.0214091 0.024071 0.0262168 0.027773 0.0287272 0.0291062 0.0289499 0.0282936 0.0271639 0.0255878 0.0236074 0.0212912 0.0187378
 1.05973e-16 1.08907e-05 6.38476e-05 0.000303351 0.00116767 0.00364104 0.00919753 0.0188234 0.0312174 0.0419708 0.0457956 0.0406878 0.0297645 0.0186599 0.0114659 0.00915788 0.0107789 0.015096 0.0212725 0.0287344 0.0368754 0.0449241 0.0519928 0.0572365 0.0600411 0.0601656 0.0577914 0.0534553 0.047898 0.0418783 0.0360163 0.0307067 0.026111 0.0222107 0.0188877 0.0159997
 1.09049e-16 1.22035e-05 7.1578e-05 0.000340154 0.00130945 0.00408324 0.0103142 0.0211063 0.0349942 0.047021 0.0512334 0.045347 0.0328009 0.0198321 0.0109217 0.0070423 0.00701226 0.00939726 0.0133142 0.0183234 0.0241121 0.030312 0.0364694 0.0421011 0.0467785 0.0501992 0.0522238 0.0528645 0.0522426 0.0505316 0.0479118 0.044549 0.0405972 0.0362128 0.0315677 0.0268501
 1.04887e-16 3.00412e-05 0.000176317 0.00083813 0.00322684 0.0100626 0.0254173 0.0520071 0.0862072 0.115773 0.125981 0.111117 0.079526 0.046382 0.0224563 0.00980632 0.00515593 0.00465302 0.00594776 0.00802402 0.0104839 0.0130986 0.0156555 0.0179472 0.0198027 0.0211175 0.0218656 0.0220884 0.0218666 0.0212884 0.0204248 0.0193204 0.0179995 0.0164807 0.0147921 0.0129809
 1.02897e-16 2.1432e-05 0.000125748 0.000597663 0.00230089 0.00717499 0.0181238 0.0370861 0.0614834 0.0825979 0.0899553 0.0795191 0.0572977 0.0341963 0.0180102 0.0103412 0.00898301 0.0112734 0.0155265 0.0208687 0.0267082 0.0324363 0.0373866 0.0409333 0.0426266 0.0422988 0.0401012 0.0364537 0.0319324 0.0271287 0.0225304 0.0184529 0.0150307 0.0122532 0.0100244 0.0082193
 1.01725e-16 3.20937e-05 0.000188363 0.000895389 0.00344729 0.0107501 0.0271538 0.0555604 0.0920978 0.123686 0.134597 0.11873 0.0850041 0.0496354 0.024139 0.0107201 0.005883 0.00550905 0.00707189 0.0094533 0.012178 0.0149379 0.0174387 0.0194023 0.0206161 0.0209764 0.0205074 0.0193439 0.0176903 0.0157671 0.0137666 0.0118261 0.0100241 0.00839248 0.0069348 0.00564355
 1.02482e-16 1.26484e-05 7.41625e-05 0.000352381 0.00135643 0.00422966 0.0106844 0.021866 0.0362615 0.0487472 0.0531759 0.0472124 0.0344667 0.0214679 0.0129463 0.010007 0.0115077 0.0159894 0.0224643 0.0302684 0.0387232 0.0469798 0.0540685 0.0590711 0.0613263 0.0605861 0.0570718 0.0514027 0.0444328 0.0370461 0.0299811 0.0237279 0.018511 0.014338 0.0110818 0.00856134
 1.01731e-16 3.58633e-05 0.000210503 0.00100066 0.00385266 0.0120142 0.0303468 0.0620927 0.102923 0.138213 0.150378 0.132586 0.0947814 0.0550575 0.0262403 0.0107443 0.00461399 0.00321394 0.00372242 0.00494178 0.00645078 0.00806552 0.00964315 0.0110468 0.0121592 0.0129018 0.0132446 0.013203 0.012825 0.0121738 0.0113136 0.0103015 0.00918709 0.00801509 0.00682895 0.00567178
 1.00914e-16 2.90909e-05 0.000170723 0.000811502 0.00312426 0.00974268 0.0246094 0.0503552 0.0834737 0.112116 0.122039 0.107728 0.0772931 0.0454666 0.0227328 0.0111467 0.0075923 0.0083675 0.0111699 0.0149111 0.0190158 0.023002 0.0263744 0.0286762 0.0295849 0.0289893 0.0270169 0.0239959 0.0203713 0.0165995 0.0130583 0.00999364 0.00751106 0.00560114 0.00418291 0.00314701
 1.03284e-16 3.3683e-06 1.96671e-05 9.32739e-05 0.00035875 0.00111841 0.00282583 0.00578786 0.00961611 0.012981 0.014302 0.0130345 0.0102449 0.00782449 0.0072476 0.00907319 0.0132651 0.0196287 0.0279286 0.0377648 0.0484411 0.0589522 0.0681121 0.0747808 0.0781184 0.0777785 0.0739803 0.067429 0.0591233 0.0501145 0.0412971 0.033286 0.026393 0.0206803 0.0160521 0.0123433
 1.12124e-16 1.0077e-05 5.91087e-05 0.000280908 0.0010814 0.00337211 0.00851773 0.0174293 0.0288948 0.0388166 0.042271 0.0373598 0.026906 0.0160364 0.00842299 0.00484153 0.00430294 0.00564111 0.00819606 0.0117382 0.0162055 0.0215298 0.027566 0.0340775 0.0407452 0.0471892 0.0529973 0.0577581 0.0611004 0.062735 0.0624964 0.0603737 0.0565248 0.0512611 0.0450096 0.0382523
 1.08899e-16 2.49382e-05 0.000146356 0.000695689 0.0026784 0.00835231 0.0210973 0.0431682 0.0715575 0.0961039 0.104591 0.0922829 0.0661162 0.0387022 0.0190034 0.00875536 0.0052685 0.00537209 0.00713184 0.00970312 0.0127332 0.01599 0.019242 0.0222613 0.0248613 0.0269288 0.0284334 0.0294101 0.0299232 0.0300285 0.0297481 0.0290676 0.027953 0.0263784 0.0243533 0.0219365
 1.05146e-16 1.8354e-05 0.000107676 0.000511746 0.00197008 0.00614338 0.0155181 0.0317547 0.052647 0.0707339 0.077053 0.0681575 0.0492067 0.0295596 0.0159201 0.00969587 0.00903514 0.0116878 0.016221 0.0218676 0.0280667 0.0342102 0.0396216 0.0436598 0.045859 0.0460355 0.0443253 0.041133 0.0370168 0.0325479 0.0281918 0.0242424 0.0208167 0.0178961 0.0153874 0.0131808
 1.0242e-16 3.09763e-05 0.000181802 0.0008642 0.00332721 0.0103756 0.0262079 0.053625 0.08889 0.119379 0.129913 0.114604 0.0820636 0.047946 0.0233693 0.0104679 0.00587421 0.00561943 0.00726986 0.00974786 0.0125922 0.0154985 0.0181718 0.0203308 0.0217567 0.0223377 0.0220871 0.0211276 0.01965 0.017862 0.0159447 0.0140277 0.0121869 0.0104565 0.00884792 0.0073655
 1.01561e-16 2.59702e-05 0.000152398 0.000724375 0.00278879 0.00869649 0.0219669 0.0449488 0.0745137 0.100088 0.108965 0.0962303 0.069137 0.0408575 0.0207786 0.010769 0.00808227 0.00944012 0.0127935 0.0171462 0.0219238 0.0266014 0.0306231 0.033469 0.0347654 0.0343722 0.0324146 0.0292421 0.0253361 0.0211945 0.0172323 0.0137237 0.0107931 0.0084427 0.00659961 0.00516152
 1.02524e-16 2.01474e-05 0.000118207 0.000561811 0.00216285 0.00674453 0.0170365 0.0348613 0.0577957 0.0776459 0.0845676 0.0747693 0.0539035 0.0322279 0.0170799 0.0099778 0.00886285 0.0112475 0.0155593 0.0209827 0.0269574 0.0328952 0.038141 0.0420677 0.044207 0.0443544 0.0426089 0.0393315 0.0350427 0.0302945 0.0255592 0.0211651 0.0172846 0.0139635 0.0111686 0.00883346
 1.0373e-16 2.13279e-05 0.000125144 0.00059481 0.00228993 0.00714084 0.0180374 0.0369087 0.0611872 0.0821933 0.0894969 0.0790719 0.0568845 0.0337685 0.0174569 0.00951648 0.007729 0.00943871 0.0129906 0.0175773 0.0227131 0.0279263 0.0326945 0.0365082 0.0389715 0.0398847 0.0392777 0.0373811 0.0345505 0.0311731 0.0275866 0.0240341 0.0206582 0.0175232 0.0146487 0.0120388
 1.04636e-16 1.78764e-05 0.000104875 0.000498435 0.00191885 0.0059836 0.0151144 0.0309286 0.0512768 0.0688914 0.0750416 0.0663681 0.0478929 0.0287272 0.0153954 0.00926412 0.00852808 0.0110006 0.0153009 0.0207086 0.0267157 0.0327739 0.0382642 0.042586 0.0452814 0.0461329 0.0452021 0.0427902 0.0393447 0.0353414 0.0311858 0.0271572 0.023404 0.0199731 0.0168561 0.014029
 1.028e-16 3.07747e-05 0.00018062 0.00085858 0.00330557 0.0103081 0.0260374 0.0532762 0.0883117 0.118602 0.129066 0.113854 0.0815205 0.0476162 0.0231856 0.0103474 0.00575436 0.00546346 0.00705889 0.00947509 0.0122621 0.0151285 0.017793 0.0199863 0.0214968 0.0222131 0.0221405 0.0213866 0.0201226 0.0185353 0.0167869 0.0149932 0.0132224 0.0115076 0.00986494 0.00830794
 1.02447e-16 1.93119e-05 0.000113297 0.000538458 0.00207292 0.00646406 0.0163281 0.0334123 0.0553955 0.0744276 0.0810786 0.0717232 0.0517913 0.0311324 0.016803 0.0102862 0.00963362 0.0124745 0.017292 0.0232623 0.0297708 0.0361472 0.0416474 0.0455693 0.0474064 0.046967 0.0444162 0.0402215 0.0350278 0.0295018 0.0241988 0.0194849 0.0155252 0.0123225 0.00978021 0.00776429
 1.03541e-16 2.25062e-05 0.000132064 0.000627713 0.00241663 0.00753594 0.0190354 0.0389504 0.0645704 0.0867338 0.0944298 0.0834039 0.0599434 0.0354691 0.0181243 0.00954215 0.0073617 0.00876652 0.0120098 0.016259 0.0210442 0.0259299 0.0304376 0.034097 0.0365374 0.0375623 0.0371817 0.0355878 0.0330893 0.0300286 0.0267102 0.0233606 0.0201222 0.0170707 0.0142435 0.0116624
 1.03899e-16 2.07359e-05 0.000121666 0.000578269 0.00222624 0.0069422 0.0175357 0.0358824 0.0594869 0.0799127 0.0870227 0.0769075 0.0553741 0.0329654 0.0172127 0.00965463 0.00814885 0.010121 0.0139573 0.0188497 0.024284 0.0297438 0.034658 0.0384767 0.0407846 0.041391 0.0403642 0.0379946 0.0347065 0.0309488 0.0271011 0.0234229 0.0200472 0.0170095 0.0142907 0.0118558
 1.03775e-16 2.29997e-05 0.000134961 0.000641484 0.00246965 0.00770128 0.019453 0.039805 0.0659871 0.0886366 0.0965009 0.0852318 0.0612543 0.0362386 0.0185052 0.00972048 0.00746775 0.00886332 0.0121151 0.0163644 0.0211233 0.0259415 0.0303294 0.0338129 0.0360281 0.0367978 0.0361616 0.0343472 0.0316974 0.0285797 0.0253097 0.0221081 0.019096 0.0163179 0.0137759 0.0114598
 1.06654e-16 3.06149e-06 1.78748e-05 8.47731e-05 0.000326053 0.00101647 0.00256823 0.00526008 0.00873869 0.0117949 0.012991 0.0118296 0.00927703 0.00704784 0.00647715 0.0080693 0.0117917 0.017476 0.024929 0.033824 0.0435799 0.0533454 0.0621043 0.0688676 0.0728888 0.0738285 0.0718172 0.0673884 0.061319 0.05443 0.0474174 0.040757 0.0346926 0.0292868 0.0244989 0.0202553
pSPR Fmed_Fpbrs
0.542148   0.255595 0.255595
Fs Fmed_Fpbrs
0.346279   1.005 1.005
SSBpbr Bo_Bmed_Bpbrs
957638  471299  196886 196886
Ro
29143.9
SPR SPRFo_SPRFmed_SPRFpbrs
599280 324898 153173
log_Ro
10.1
likeval ReclasPelacesDesembMPH_pf_preclas_ppelaces_ptallas_desvR_qrecl_qpela
 104.421 105.005 0.882782 0.000684996 369.42 217.551 91.0317 0 25.3821 0 0 0 0 0 0
q_reclas_q_pelaces
1 1
M
0.7
N
 17012.2 17326.6 8604.15 4272.69 4214.73
 54364.5 7494.9 6772.19 3362.97 3317.35
 15196 23095.8 2723.99 2461.33 2427.94
 9051.61 5305.33 5668.95 668.615 1200.09
 39256 4008.77 2095.51 2239.13 738.105
 33843.6 18972.2 1885.56 985.64 1400.37
 87282.2 11983.1 4789.68 476.024 602.366
 27198.1 37101 4360.08 1742.74 392.376
 158416 9805.55 9710.87 1141.21 558.848
 244708 60839.3 2912.38 2884.26 504.94
 18818.2 108685 24167.7 1156.91 1346.32
 25927 7596.5 35665.5 7930.76 821.446
 52995.9 10304 2416.16 11343.9 2783.75
 19986.3 18312.2 2477.46 580.935 3396.8
 22920.3 4900.11 2216.64 299.889 481.494
 17113.1 6062.73 690.411 312.318 110.094
 12785.2 6610 1821.45 207.423 126.907
 13885.5 5230.12 2227.48 613.804 112.665
 11131.3 5977.46 1951.78 831.25 271.104
 35133.1 4799.23 2237.56 730.613 412.647
 27878.8 15310 1835.25 855.65 437.187
 42161.5 13077 6783.48 813.152 572.824
 46490.3 19240.8 5484.4 2844.93 581.266
 64240.1 20687 7671.84 2186.78 1366.12
 5346.99 28241.8 8051.49 2985.92 1382.81
pred_Ctot
 1389.91 2689.9 1335.76 663.321 654.322
 5700.35 1471.27 1329.4 660.162 651.206
 3311.46 8742.25 1031.09 931.665 919.026
 708.681 791.004 845.219 99.6879 178.929
 756.823 152.742 79.843 85.3153 28.1232
 7122.01 6970.26 692.742 362.118 514.486
 9121.31 2344.98 937.299 93.1538 117.878
 5458.82 13086.1 1537.87 614.692 138.397
 26203.3 2918.46 2890.28 339.663 166.332
 18705.2 8866.56 424.442 420.344 73.5887
 2562.35 27147.6 6036.68 288.975 336.287
 3771.41 2014.72 9459.12 2103.37 217.862
 11836.5 3982.72 933.9 4384.66 1075.98
 7574.13 10759.8 1455.69 341.342 1995.87
 7984.25 2706.02 1224.11 165.61 265.899
 2774.25 1772.39 201.836 91.3037 32.1853
 1638.53 1562.14 430.464 49.0204 29.992
 1340.26 950.197 404.683 111.515 20.4687
 1063.54 1075.64 351.222 149.584 48.7851
 3117.69 805.62 375.606 122.644 69.2686
 1114.67 1194.27 143.16 66.7456 34.1031
 2468.2 1476.24 765.775 91.7954 64.6652
 3496.95 2761.48 787.133 408.311 83.4247
 5336.25 3262.46 1209.89 344.868 215.445
 540.706 5359.59 1527.97 566.653 262.422
F
 0.11971 0.23942 0.23942 0.23942 0.23942
 0.156062 0.312123 0.312123 0.312123 0.312123
 0.352323 0.704646 0.704646 0.704646 0.704646
 0.114457 0.228915 0.228915 0.228915 0.228915
 0.0271304 0.0542608 0.0542608 0.0542608 0.0542608
 0.338256 0.676512 0.676512 0.676512 0.676512
 0.155503 0.311005 0.311005 0.311005 0.311005
 0.320199 0.640398 0.640398 0.640398 0.640398
 0.256989 0.513979 0.513979 0.513979 0.513979
 0.111609 0.223218 0.223218 0.223218 0.223218
 0.207135 0.41427 0.41427 0.41427 0.41427
 0.222754 0.445508 0.445508 0.445508 0.445508
 0.362649 0.725297 0.725297 0.725297 0.725297
 0.705787 1.41157 1.41157 1.41157 1.41157
 0.629863 1.25973 1.25973 1.25973 1.25973
 0.251263 0.502525 0.502525 0.502525 0.502525
 0.193857 0.387714 0.387714 0.387714 0.387714
 0.142847 0.285694 0.285694 0.285694 0.285694
 0.141306 0.282612 0.282612 0.282612 0.282612
 0.130639 0.261278 0.261278 0.261278 0.261278
 0.0570076 0.114015 0.114015 0.114015 0.114015
 0.0844755 0.168951 0.168951 0.168951 0.168951
 0.109738 0.219477 0.219477 0.219477 0.219477
 0.121824 0.243648 0.243648 0.243648 0.243648
 0.150126 0.300251 0.300251 0.300251 0.300251
YTP_r0W_actual
 6055.91 117911 50423 23289.4 11231.7
YTP_p0W_proyectada
 67561.2 23584.9 156300 58127.7 33687
 67561.2 84312.9 6250.33 37061.9 14266
CTP_r0_actual
 540.706 5359.59 1527.97 566.653 262.422
CTP_p0_proyectada
 7948.38 1102.1 5009.62 1428.2 724.451
 7948.38 3939.86 200.331 910.611 306.796
Wmedp
 8.5 21.4 31.2 40.7 46.5
nmprior
 10.6 11 7 0
nm_flota  nm_reclas  nm_pelaces    nm_pelaL
inf 11.3415 6.60387 11.6342
cv_recla  cv_pelaces  cv_mph
0.924311 1.16192 0.849146
 ------------------------------------------------
Talla a la edad & desviaci?n 
 7.2 14.2025 17.0495 18.207 18.6776
 1.08 2.13037 2.55742 2.73105 2.80164
