years
 1997 1998 1999 2000 2001 2002 2003 2004 2005 2006 2007 2008 2009 2010 2011 2012 2013 2014 2015 2016 2017 2018 2019 2020 2021
reclasobs
 0 0 0 370054 412103 1.49427e+06 250295 1.28982e+06 931140 785840 897777 1.04006e+06 184774 17550 25797 100020 73551 82996 120727 218422 84188 347160 605670 569463 516374
reclaspred
 476394 129976 388273 272175 396611 473683 1.02976e+06 679565 742859 692228 552777 372103 229462 98802.9 63184.2 63043.2 80024.2 109916 118050 167495 244334 224417 387067 488926 571271
pelacesobs
 0 0 0 0 0 0 0 0 0 2.06254e+06 1.5e+06 0 1.87456e+06 323000 250000 174000 83755 137374 0 501740 490994 745055 786931 1.00524e+06 1.33801e+06
pelacespred
 1.96037e+06 480448 855861 944196 1.17688e+06 1.17026e+06 2.85379e+06 2.34339e+06 2.25335e+06 2.12414e+06 1.50342e+06 1.04816e+06 629064 213119 136002 149793 201322 286791 315949 436628 720610 648256 874291 1.31138e+06 1.54663e+06
mphobs
 0 0 0 0 0 112323 0 153150 637223 0 255016 313432 73983 77613 109348 50772 0 0 0 0 0 0 0 0 0
mphpred
 174543 106109 128374 150626 157392 244501 360209 424131 354873 355205 339996 235032 144777 74865.8 32521.3 26945.3 33123 46145.9 58275.5 67570 101505 121201 150981 214309 293133
desembarqueobs
 350755 77701 442110 56441 14545 235359 269955 359681 431902 328805 639364 411747 362871 311530 167758 66681 60226 58785 57116 73181 50977 67692 138656 160484 209506
desembarquepred
 350765 77703.8 442145 56443.6 14545.2 235414 269996 359701 431970 328847 639542 411944 363148 311852 167710 66690.3 60252.8 58785 57109.6 73183 50979 67686.3 138662 160495 209511
Reclutas
 48261 59102.1 34348.3 51191.9 87728.9 64440 103349 96335.3 117290 124770 65951.2 43429.3 44486.8 23941.6 15915.5 16934.2 13336.5 15166.8 17042.3 28643.7 36034.4 46421 74802.3 88721.7 40073.9
log_desv_Rt
 0.084378 0.287022 -0.255692 0.143336 0.682007 0.373489 0.845868 0.77559 0.972405 1.03423 0.39667 -0.02111 0.00294762 -0.616628 -1.02495 -0.962909 -1.20174 -1.07313 -0.956545 -0.437311 -0.207771 0.0455074 0.522604 0.69326 -0.101519
SSB
 603407 366826 443799 520727 544116 845258 1.24527e+06 1.46625e+06 1.22682e+06 1.22797e+06 1.17539e+06 812522 500506 258817 112429 93152.1 114509 159530 201463 233595 350909 419001 521953 740882 1.01338e+06
BT
 2.03774e+06 530901 986491 856611 1.01539e+06 1.15171e+06 2.64811e+06 2.3837e+06 2.32649e+06 2.11921e+06 1.83762e+06 1.25594e+06 889799 476032 258477 183485 221277 291799 313615 432024 657202 602395 830062 1.23978e+06 1.44844e+06
Ftot
 0.518758 0.42463 0.641711 0.128245 0.0253423 0.252299 0.161087 0.318796 0.368111 0.292798 0.597478 0.563133 0.90246 1.66264 1.76083 0.709064 0.492296 0.335035 0.274794 0.284538 0.130884 0.170895 0.204414 0.198053 0.182489
BD_Bspro_t
 0.938232 0.725551 0.677777 0.538259 0.671 0.805232 0.76764 0.774794 0.712675 0.672082 0.636994 0.475111 0.362496 0.253275 0.142366 0.14527 0.228841 0.369165 0.483486 0.578974 0.695617 0.781621 0.789244 0.794927 0.798205
BD_Bspro
 0.661571 0.402186 0.486578 0.570922 0.596565 0.926736 1.36531 1.60759 1.34508 1.34634 1.28869 0.890844 0.548751 0.283765 0.123266 0.102131 0.125547 0.174908 0.220883 0.256112 0.384734 0.45939 0.572266 0.812298 1.11107
BD_Bo
 0.560794 0.340921 0.412457 0.483953 0.50569 0.785565 1.15733 1.3627 1.14018 1.14125 1.09239 0.755141 0.465159 0.240539 0.104489 0.0865735 0.106422 0.148264 0.187235 0.217098 0.326127 0.389411 0.485092 0.68856 0.941818
BD_Brms
 1.92448 1.16994 1.41543 1.66079 1.73538 2.69583 3.97162 4.67641 3.91278 3.91644 3.74875 2.59143 1.59629 0.82546 0.358575 0.297095 0.36521 0.508799 0.642538 0.745018 1.11918 1.33635 1.6647 2.36294 3.23205
S_f
 0.174184 1 1 1 1
 0.174184 1 1 1 1
 0.174184 1 1 1 1
 0.174184 1 1 1 1
 0.174184 1 1 1 1
 0.174184 1 1 1 1
 0.174184 1 1 1 1
 0.174184 1 1 1 1
 0.174184 1 1 1 1
 0.174184 1 1 1 1
 0.174184 1 1 1 1
 0.174184 1 1 1 1
 0.174184 1 1 1 1
 0.174184 1 1 1 1
 0.174184 1 1 1 1
 0.174184 1 1 1 1
 0.174184 1 1 1 1
 0.174184 1 1 1 1
 0.174184 1 1 1 1
 0.174184 1 1 1 1
 0.174184 1 1 1 1
 0.174184 1 1 1 1
 0.174184 1 1 1 1
 0.174184 1 1 1 1
 0.174184 1 1 1 1
Scru_reclas
 0.916562 1 1 1 1
 0.916562 1 1 1 1
 0.916562 1 1 1 1
 0.916562 1 1 1 1
 0.916562 1 1 1 1
 0.916562 1 1 1 1
 0.916562 1 1 1 1
 0.916562 1 1 1 1
 0.916562 1 1 1 1
 0.916562 1 1 1 1
 0.916562 1 1 1 1
 0.916562 1 1 1 1
 0.916562 1 1 1 1
 0.916562 1 1 1 1
 0.916562 1 1 1 1
 0.916562 1 1 1 1
 0.916562 1 1 1 1
 0.916562 1 1 1 1
 0.916562 1 1 1 1
 0.916562 1 1 1 1
 0.916562 1 1 1 1
 0.916562 1 1 1 1
 0.916562 1 1 1 1
 0.916562 1 1 1 1
 0.916562 1 1 1 1
Scru_pelaces
 0.880099 1 1 1 1
 0.880099 1 1 1 1
 0.880099 1 1 1 1
 0.880099 1 1 1 1
 0.880099 1 1 1 1
 0.880099 1 1 1 1
 0.880099 1 1 1 1
 0.880099 1 1 1 1
 0.880099 1 1 1 1
 0.880099 1 1 1 1
 0.880099 1 1 1 1
 0.880099 1 1 1 1
 0.880099 1 1 1 1
 0.880099 1 1 1 1
 0.880099 1 1 1 1
 0.880099 1 1 1 1
 0.880099 1 1 1 1
 0.880099 1 1 1 1
 0.880099 1 1 1 1
 0.880099 1 1 1 1
 0.880099 1 1 1 1
 0.880099 1 1 1 1
 0.880099 1 1 1 1
 0.880099 1 1 1 1
 0.880099 1 1 1 1
pf_obs 
 0.256992 0.487395 0.22802 0.0275931 0
 0.321318 0.546541 0.124235 0.00734118 0.000564706
 0.182869 0.594174 0.210203 0.0122559 0.00049798
 0.330522 0.361315 0.267642 0.0388342 0.00168674
 0.649043 0.306663 0.0425973 0.00169635 0
 0.582887 0.30429 0.105238 0.00758474 0
 0.465427 0.430635 0.0974691 0.00646863 0
 0.296916 0.608066 0.0921331 0.00288517 0
 0.311714 0.524322 0.152257 0.0117073 0
 0.15457 0.633149 0.183074 0.0267441 0.00246327
 0.131901 0.49318 0.331252 0.0422183 0.00144891
 0.196976 0.569456 0.194076 0.0375587 0.00193317
 0.518974 0.381816 0.0799577 0.0180837 0.00116848
 0.0928022 0.601141 0.25162 0.0475244 0.00691264
 0.122501 0.610282 0.24278 0.0234846 0.000952079
 0.383417 0.481906 0.127806 0.00687128 0
 0.0376549 0.599619 0.316969 0.0457579 0
 0.0361596 0.667082 0.258105 0.0386534 0
 0.158088 0.579412 0.248529 0.0139706 0
 0.0477256 0.309471 0.559284 0.082774 0.000745712
 0.0406174 0.521527 0.379366 0.0568643 0.0016247
 0.151134 0.462217 0.34131 0.0453401 0
 0.294876 0.26143 0.354403 0.0886775 0.000613685
 0.281977 0.475581 0.204845 0.0348837 0.00271318
 0.0841818 0.532909 0.334909 0.0458182 0.00218182
pf_pred 
 0.34685 0.460954 0.171889 0.0202969 1.00508e-05
 0.302751 0.555316 0.100168 0.0373524 0.00441281
 0.1706 0.624752 0.162989 0.0294001 0.0122584
 0.27425 0.44796 0.209247 0.0545899 0.0139526
 0.30195 0.486711 0.130446 0.060933 0.0199596
 0.168379 0.594867 0.165075 0.0442427 0.0274359
 0.260939 0.418973 0.228962 0.0635369 0.0275889
 0.205181 0.545296 0.141454 0.0773026 0.030766
 0.245311 0.47757 0.190121 0.049319 0.0376789
 0.233324 0.528781 0.150541 0.0599307 0.0274238
 0.137724 0.575445 0.197829 0.0563209 0.0326813
 0.146153 0.469985 0.256173 0.0880682 0.0396214
 0.231245 0.432986 0.184818 0.100738 0.050213
 0.210698 0.575992 0.120143 0.0512823 0.0418851
 0.293164 0.554932 0.110852 0.0231219 0.0179304
 0.355872 0.552243 0.0721384 0.0144102 0.00533661
 0.232546 0.627496 0.119993 0.0156744 0.00429063
 0.251695 0.514688 0.191013 0.0365264 0.00607746
 0.242092 0.52565 0.159748 0.0592865 0.0132233
 0.316215 0.462314 0.153602 0.0466808 0.0211884
 0.267742 0.550844 0.122655 0.0407518 0.0180062
 0.253385 0.515546 0.173823 0.0387048 0.0185415
 0.298248 0.476138 0.155789 0.0525264 0.0172989
 0.252153 0.544921 0.137685 0.0450496 0.0201914
 0.106364 0.607573 0.208441 0.0526666 0.0249557
pobs_RECLAS
 0 0 0 0 0
 0 0 0 0 0
 0 0 0 0 0
 0 0 0 0 0
 0.835266 0.146461 0.0176864 0.000547809 3.91292e-05
 0.385257 0.428462 0.181853 0.0044286 0
 0.867414 0.0963971 0.0333333 0.00285562 0
 0.441836 0.489002 0.0689373 0.000224442 0
 0.779404 0.147425 0.0564933 0.0165055 0.000172143
 0.814271 0.122319 0.05973 0.00367925 0
 0.40263 0.566651 0.0304383 0.000280538 0
 0.475488 0.404961 0.113038 0.00651328 0
 0.955842 0.0263864 0.0167828 0.000988607 0
 0.975058 0.0227948 0.00214734 0 0
 0.738997 0.206755 0.0527124 0.00153531 0
 0.850938 0.134255 0.0134407 0.00136685 0
 0.542534 0.407297 0.0501686 0 0
 0.764087 0.199537 0.0359546 0.000420521 0
 0.470689 0.182191 0.310203 0.0369168 0
 0.84361 0.089868 0.0606195 0.00523954 0.000663233
 0.607945 0.314616 0.071237 0.00620181 0
 0.523733 0.453247 0.0230204 0 0
 0.530135 0.295979 0.169645 0.0042399 0
 0.562478 0.366248 0.0663022 0.0049721 0
 0.250443 0.683176 0.0655157 0.000865301 0
ppred_RECLAS
 0.743236 0.181209 0.0675724 0.00797904 3.95113e-06
 0.701323 0.237878 0.0429086 0.0160005 0.0018903
 0.531395 0.352981 0.0920879 0.0166109 0.00692593
 0.666885 0.205611 0.0960435 0.0250565 0.00640419
 0.695027 0.212641 0.056991 0.0266212 0.00872022
 0.519467 0.34373 0.0953849 0.0255646 0.0158532
 0.652067 0.197243 0.10779 0.0299117 0.0129882
 0.580665 0.287691 0.0746292 0.0407837 0.0162317
 0.636364 0.23011 0.0916071 0.0237636 0.018155
 0.619688 0.262303 0.0746764 0.0297288 0.0136036
 0.467194 0.355571 0.12224 0.0348011 0.020194
 0.483665 0.284207 0.154912 0.0532563 0.0239597
 0.630319 0.208215 0.0888756 0.0484432 0.0241465
 0.627604 0.271755 0.0566838 0.0241952 0.0197616
 0.726962 0.21436 0.0428201 0.0089316 0.00692621
 0.75408 0.210839 0.0275415 0.00550163 0.00203745
 0.622337 0.30879 0.0590482 0.00771335 0.00211141
 0.643668 0.245087 0.0909576 0.0173933 0.002894
 0.630732 0.256107 0.0778326 0.0288855 0.00644267
 0.712193 0.194589 0.0646515 0.019648 0.00891823
 0.659561 0.256097 0.0570245 0.0189462 0.00837138
 0.643179 0.246388 0.0830732 0.0184977 0.00886133
 0.693444 0.207998 0.0680555 0.0229458 0.00755691
 0.642069 0.260807 0.0658981 0.0215614 0.00966391
 0.387488 0.41644 0.142868 0.0360985 0.017105
pobs_PELACES
 0 0 0 0 0
 0 0 0 0 0
 0 0 0 0 0
 0 0 0 0 0
 0 0 0 0 0
 0 0 0 0 0
 0 0 0 0 0
 0 0 0 0 0
 0 0 0 0 0
 0 0 0 0 0
 0.450072 0.473896 0.0757376 0.000293798 0
 0 0 0 0 0
 0.463077 0.371075 0.160297 0.00555027 0
 0.529543 0.364841 0.0842815 0.0213345 0
 0.631943 0.363953 0.00410389 0 0
 0.735681 0.248677 0.0153453 0.000297389 0
 0.695825 0.281241 0.0229344 0 0
 0.275771 0.60734 0.115278 0.00161068 0
 0 0 0 0 0
 0.896147 0.0623911 0.0374545 0.00400742 0
 0.803859 0.145111 0.0509908 3.86294e-05 0
 0.739449 0.233085 0.0266225 0.000797448 4.60066e-05
 0.878498 0.100942 0.0204185 0.000141795 0
 0.694673 0.275183 0.0284847 0.00165964 0
 0.469039 0.446079 0.0841089 0.000773354 0
ppred_PELACES
 0.761992 0.167972 0.0626364 0.00739619 3.66251e-06
 0.716817 0.225537 0.0406826 0.0151704 0.00179223
 0.564643 0.327936 0.0855541 0.0154323 0.00643452
 0.665629 0.206386 0.0964054 0.0251509 0.00642833
 0.68784 0.217652 0.0583341 0.0272486 0.00892573
 0.526492 0.338705 0.0939904 0.0251909 0.0156214
 0.652817 0.196818 0.107558 0.0298473 0.0129602
 0.591891 0.279989 0.0726314 0.0396919 0.0157972
 0.650069 0.221438 0.0881547 0.022868 0.0174708
 0.628882 0.255962 0.0728711 0.0290101 0.0132748
 0.497704 0.33521 0.11524 0.0328083 0.0190376
 0.511874 0.26868 0.146449 0.0503467 0.0226507
 0.676762 0.182058 0.0777103 0.0423573 0.021113
 0.717979 0.205804 0.0429276 0.0183234 0.0149657
 0.805107 0.153009 0.0305647 0.00637531 0.00494388
 0.781279 0.187521 0.0244955 0.00489316 0.00181211
 0.644063 0.291026 0.0556512 0.00726961 0.00198995
 0.655212 0.237147 0.0880109 0.0168298 0.00280024
 0.638683 0.250593 0.0761568 0.0282636 0.00630395
 0.719707 0.189509 0.0629638 0.0191351 0.00868542
 0.658454 0.25693 0.05721 0.0190078 0.0083986
 0.64455 0.245442 0.0827541 0.0184267 0.0088273
 0.696647 0.205825 0.0673445 0.0227061 0.00747795
 0.645138 0.258571 0.0653332 0.0213766 0.00958106
 0.389659 0.414964 0.142362 0.0359706 0.0170444
pobs_pel_tallas
 0 0 0 0 0 0 0 0 0 0 0 0 0 0 0 0 0 0 0 0 0 0 0 0 0 0 0 0 0 0 0 0 0 0 0 0
 0 0 0 0 0 0 0 0 0 0 0 0 0 0 0 0 0 0 0 0 0 0 0 0 0 0 0 0 0 0 0 0 0 0 0 0
 0 0 0 0 0 0 0 0 0 0 0 0 0 0 0 0 0 0 0 0 0 0 0 0 0 0 0 0 0 0 0 0 0 0 0 0
 0 0 0 0 0 0 0 0 0 0 0 0 0 0 0 0 0 0 0 0 0 0 0 0 0 0 0 0 0 0 0 0 0 0 0 0
 0 0 0 0 0 0 0 0 0 0 0 0 0 0 0 0 0 0 0 0 0 0 0 0 0 0 0 0 0 0 0 0 0 0 0 0
 0 0 0 0 0 0 0 0 0 0 0 0 0 0 0 0 0 0 0 0 0 0 0 0 0 0 0 0 0 0 0 0 0 0 0 0
 0 0 0 0 0 0 0 0 0 0 0 0 0 0 0 0 0 0 0 0 0 0 0 0 0 0 0 0 0 0 0 0 0 0 0 0
 0 0 0 0 0 0 0 0 0 0 0 0 0 0 0 0 0 0 0 0 0 0 0 0 0 0 0 0 0 0 0 0 0 0 0 0
 0 0 0 0 0 0 0 0 0 0 0 0 0 0 0 0 0 0 0 0 0 0 0 0 0 0 0 0 0 0 0 0 0 0 0 0
 0 0 0 0 0 0 0 0 0 0 0 0 0 0 0 0 0 0 0 0 0 0 0 0 0 0 0 0 0 0 0 0 0 0 0 0
 0 0 0 0 0 0 0 0 1.78061e-05 0.00172719 0.00360574 0.0105946 0.0120993 0.0124554 0.0147524 0.0171206 0.0266825 0.0428682 0.0675386 0.121331 0.153587 0.119568 0.100827 0.0573624 0.0630603 0.0341343 0.0324427 0.0444173 0.0211091 0.0280891 0.0125444 0.00206551 0 0 0 0
 0 0 0 0 0 0 0 0 0 0 0 0 0 0 0 0 0 0 0 0 0 0 0 0 0 0 0 0 0 0 0 0 0 0 0 0
 0 0 0 0 0 0 0.0133647 0.0140871 0.0187388 0.0205184 0.03894 0.0496705 0.03968 0.0493445 0.0407372 0.0367815 0.0215668 0.0243155 0.0234873 0.0199281 0.019796 0.0243948 0.0301388 0.0376714 0.0412746 0.0863199 0.0771752 0.113111 0.0741005 0.0525337 0.0229764 0.00759418 0.00175318 0 0 0
 0 0 0 0 0 0 0 0 0 0 0.00219441 0.00772107 0.0458388 0.0604681 0.0671733 0.0775358 0.0609151 0.0617685 0.073594 0.0568108 0.0755445 0.0548602 0.0670107 0.0636378 0.0643287 0.046367 0.0373049 0.0286899 0.0247887 0.0153202 0.00654259 0.00121912 0.000365735 0 0 0
 0 0 0 0 0 0 0 0 0 0 0 0 0.000112435 0.00938835 0.0111873 0.0202946 0.0414886 0.0713402 0.111592 0.104902 0.108894 0.110636 0.117776 0.105296 0.107544 0.0401394 0.0192827 0.0124803 0.00416011 0.0028671 0.000618394 0 0 0 0 0
 0 0 0 0 0 0 0 0 0 0 0.00291406 0.0102884 0.027416 0.0768956 0.0749926 0.110853 0.0956884 0.0897413 0.0766577 0.0534642 0.0500743 0.0551293 0.0594112 0.0620874 0.0668451 0.0424026 0.0208742 0.0120726 0.0048766 0.00582813 0.00118941 0.000297354 0 0 0 0
 0 0.00264628 0.0354308 0.0461629 0.0458689 0.0383711 0.0214643 0.0164657 0.0346957 0.0420465 0.0363128 0.0245516 0.0311673 0.0291091 0.0169068 0.0133784 0.00837989 0.0085269 0.0148486 0.0160247 0.0276389 0.0546898 0.0760071 0.122758 0.109233 0.0665981 0.0333725 0.0166128 0.00676272 0.00308733 0.000882094 0 0 0 0 0
 0 0 0 0 0 0 0 0.000805153 0.000690131 0.00759144 0.0133425 0.0154129 0.00931677 0.000345066 0.00356568 0.00563607 0.00851162 0.0253048 0.0502646 0.0516448 0.0657925 0.0565908 0.0611916 0.0827007 0.0866115 0.110766 0.145733 0.0935128 0.0569358 0.0249597 0.0138026 0.00621118 0.00161031 0.00115022 0 0
 0 0 0 0 0 0 0 0 0 0 0 0 0 0 0 0 0 0 0 0 0 0 0 0 0 0 0 0 0 0 0 0 0 0 0 0
 0.00147267 0.00158595 0.00478618 0.00569244 0.00954404 0.0108468 0.00647125 0.017049 0.0510054 0.094081 0.124002 0.0959785 0.0687766 0.0820023 0.061753 0.0591476 0.0492212 0.0479892 0.0443925 0.0268479 0.0217502 0.0140895 0.0121071 0.0120363 0.00920419 0.00665534 0.0049561 0.00860946 0.00930331 0.0156896 0.0114698 0.00855282 0.00243557 0.00046729 0 2.83206e-05
 0 0 0 0 0.000772559 0.00158375 0.000888443 0.00281984 0.00712685 0.0440552 0.0773331 0.111326 0.0921469 0.0852325 0.0710754 0.0886704 0.0786465 0.0553345 0.0373146 0.0185414 0.00753245 0.00457741 0.012979 0.0271748 0.0457355 0.0583668 0.034881 0.0177882 0.00938659 0.00492506 0.0015258 0.00185414 0.000309023 5.79419e-05 3.86279e-05 0
 0 0.00173294 0.00326652 0 0.00397197 0.00683976 0.00946217 0.0152591 0.00757587 0.0136028 0.0228656 0.0392903 0.0559909 0.0764795 0.0681675 0.0726916 0.0566044 0.0477403 0.0527397 0.0444891 0.0609904 0.0582453 0.0661739 0.0445044 0.0529084 0.0360697 0.0280645 0.0235558 0.0158879 0.00826598 0.00280645 0.00217768 0.000904811 0.00058276 9.20147e-05 0
 0 0 0 0 0 0 0 0 0 0 0 0 0 0 0 0 0 0 0 0 0 0 0 0 0 0 0 0 0 0 0 0 0 0 0 0
 0 0 0 0 0 0 0 0 0 0 0 0 0 0 0 0 0 0 0 0 0 0 0 0 0 0 0 0 0 0 0 0 0 0 0 0
 0 0 0 0 0 0 0 0 0 0 0 0 0 0 0 0 0 0 0 0 0 0 0 0 0 0 0 0 0 0 0 0 0 0 0 0
ppred_pel_tallas
 1.01199e-16 3.3246e-05 0.000195129 0.000927557 0.00357115 0.0111363 0.0281294 0.0575565 0.0954061 0.128127 0.139426 0.12298 0.0880248 0.0513551 0.0248924 0.010913 0.00578642 0.0052387 0.00664925 0.00886259 0.0113972 0.0139522 0.0162462 0.0180152 0.0190589 0.0192826 0.0187141 0.0174885 0.0158072 0.013888 0.0119204 0.0100408 0.00832701 0.00680938 0.00548869 0.00435245
 1.01257e-16 3.12784e-05 0.000183572 0.000872606 0.00335956 0.0104764 0.0264627 0.0541467 0.089756 0.120545 0.131191 0.115753 0.0829331 0.0485473 0.0238351 0.0109656 0.0065502 0.0065847 0.00860024 0.011477 0.0146959 0.0178799 0.0206567 0.0226807 0.0236995 0.0236111 0.0224853 0.0205381 0.0180726 0.0154054 0.0128031 0.0104453 0.00841886 0.00673531 0.00536006 0.00424037
 1.02153e-16 2.46472e-05 0.000144631 0.000687454 0.00264664 0.00825321 0.0208472 0.0426577 0.070716 0.0949879 0.103414 0.0913335 0.0656303 0.0388085 0.019781 0.0103275 0.00785001 0.00924712 0.012585 0.0169286 0.0217404 0.0265256 0.0307526 0.0339157 0.0356385 0.035758 0.034356 0.0317251 0.0282861 0.0244835 0.0206967 0.0171871 0.0140903 0.0114393 0.00920435 0.00732985
 1.02601e-16 2.90458e-05 0.000170466 0.0008103 0.00311967 0.00972836 0.0245731 0.0502804 0.0833471 0.111938 0.121825 0.107493 0.0770212 0.0451006 0.022171 0.0102522 0.006206 0.00632615 0.00833574 0.0112135 0.0144968 0.0178525 0.0209448 0.0234499 0.0251147 0.0258076 0.0255401 0.0244486 0.0227487 0.0206766 0.0184399 0.0161896 0.0140171 0.0119672 0.0100596 0.00830525
 1.02253e-16 3.00146e-05 0.000176153 0.000837335 0.00322376 0.010053 0.025393 0.051958 0.086128 0.115673 0.12589 0.111079 0.0795899 0.0466028 0.0229045 0.0105802 0.00638315 0.00647724 0.00850073 0.0113868 0.0146449 0.0179187 0.0208537 0.0231156 0.0244542 0.0247568 0.0240691 0.0225723 0.0205291 0.0182165 0.0158683 0.0136434 0.0116218 0.00982256 0.00822968 0.00681679
 1.03041e-16 2.29841e-05 0.000134867 0.000641029 0.00246789 0.00769577 0.0194392 0.0397769 0.0659413 0.0885776 0.0964436 0.0851975 0.0612651 0.036316 0.0186747 0.0100177 0.00793966 0.00956303 0.0130903 0.017642 0.022693 0.0277432 0.0322485 0.0356882 0.0376721 0.038026 0.0368244 0.0343557 0.0310374 0.0273107 0.0235507 0.0200142 0.0168335 0.0140415 0.0116128 0.00950127
 1.03223e-16 2.84867e-05 0.000167185 0.000794701 0.00305961 0.00954109 0.0241001 0.0493124 0.0817424 0.109783 0.119479 0.10542 0.0755323 0.0442211 0.0217247 0.0100238 0.00604112 0.00614385 0.00810367 0.0109267 0.0141701 0.0175194 0.020657 0.0232733 0.0251217 0.0260655 0.0260995 0.0253337 0.023952 0.022159 0.0201364 0.0180185 0.0158907 0.0138025 0.0117859 0.00986945
 1.03225e-16 2.58333e-05 0.000151599 0.000720591 0.00277424 0.00865115 0.0218523 0.0447138 0.0741226 0.0995581 0.108375 0.0956787 0.0686745 0.0404515 0.0203291 0.0101454 0.00715033 0.00807581 0.0108967 0.0146635 0.0188761 0.0231086 0.0269122 0.0298593 0.0316293 0.0320776 0.031262 0.0294135 0.0268662 0.0239709 0.0210225 0.018219 0.0156579 0.0133597 0.0113022 0.00945242
 1.02926e-16 2.83678e-05 0.000166485 0.000791369 0.00304677 0.00950104 0.0239989 0.0491056 0.0814004 0.109326 0.118987 0.104999 0.0752583 0.0441168 0.0217774 0.0102212 0.00639144 0.00667392 0.0088445 0.0118969 0.0153612 0.0188855 0.0221117 0.0246962 0.0263742 0.027014 0.026639 0.0254072 0.0235597 0.021356 0.0190196 0.0167079 0.0145087 0.012457 0.0105589 0.0088127
 1.02735e-16 2.74453e-05 0.000161066 0.0007656 0.00294755 0.0091916 0.0232174 0.0475067 0.0787511 0.105771 0.115127 0.101616 0.0728834 0.0428243 0.0213244 0.0103172 0.00686152 0.00747075 0.00999034 0.0134258 0.0172808 0.0211559 0.0246376 0.0273331 0.0289465 0.0293432 0.0285739 0.0268486 0.0244732 0.0217707 0.0190147 0.0163916 0.0139967 0.0118542 0.00994805 0.0082502
 1.03762e-16 2.17287e-05 0.000127496 0.00060599 0.00233298 0.00727508 0.0183765 0.0376026 0.0623374 0.0837383 0.091179 0.0805576 0.0579521 0.0343997 0.0177777 0.00968072 0.00784633 0.00956487 0.0131448 0.0177569 0.0228994 0.0280855 0.0327802 0.0364663 0.0387493 0.0394415 0.0385955 0.0364707 0.0334534 0.029956 0.0263316 0.0228257 0.019571 0.0166117 0.0139425 0.011542
 1.04955e-16 2.23439e-05 0.000131114 0.000623204 0.00239928 0.00748184 0.0188987 0.0386706 0.0641057 0.0861073 0.0937417 0.0827817 0.0594649 0.0351232 0.0178326 0.00920407 0.00688471 0.0080741 0.0110431 0.0149835 0.0194619 0.0240917 0.0284496 0.0321161 0.0347547 0.0361773 0.0363722 0.0354824 0.0337492 0.0314411 0.0287944 0.0259825 0.0231145 0.0202546 0.0174473 0.0147369
 1.03605e-16 2.95301e-05 0.000173312 0.000823835 0.00317179 0.00989092 0.0249837 0.0511202 0.0847384 0.113804 0.12385 0.109263 0.0782546 0.0457526 0.0223606 0.0101199 0.00582767 0.0057077 0.00744545 0.0100158 0.0129768 0.0160316 0.0188892 0.0212696 0.0229531 0.0238236 0.0238857 0.0232484 0.0220844 0.0205794 0.0188911 0.017128 0.0153496 0.0135823 0.011839 0.0101357
 1.02006e-16 3.13283e-05 0.000183867 0.00087401 0.00336497 0.0104933 0.0265053 0.0542338 0.0898997 0.120737 0.131395 0.115923 0.0830311 0.0485581 0.023754 0.0107838 0.00624645 0.00612788 0.00795829 0.0106284 0.0136413 0.0166509 0.0193202 0.0213352 0.0224644 0.0226097 0.0218253 0.020295 0.0182793 0.0160495 0.0138323 0.0117783 0.00995842 0.00838085 0.00701832 0.00583265
 1.00934e-16 3.51253e-05 0.000206164 0.000980022 0.00377316 0.0117663 0.0297206 0.0608121 0.100802 0.135371 0.147302 0.129911 0.0929501 0.0541569 0.0261157 0.0112172 0.00561056 0.00476677 0.00590974 0.00782154 0.0100092 0.0121839 0.0140873 0.0154835 0.0162005 0.0161678 0.0154309 0.0141345 0.0124822 0.0106873 0.00892937 0.00733002 0.00594842 0.00479335 0.00384269 0.00306217
 1.00662e-16 3.40877e-05 0.000200069 0.000951039 0.00366156 0.0114182 0.0288415 0.0590137 0.0978218 0.131372 0.14296 0.126103 0.0902724 0.0526911 0.025585 0.0112903 0.00608536 0.00558461 0.00709175 0.00940535 0.0120079 0.0145635 0.0167575 0.0183024 0.0189921 0.018749 0.0176412 0.0158609 0.0136735 0.0113547 0.00913574 0.00717117 0.00553314 0.00422621 0.00321233 0.00243567
 1.01228e-16 2.81087e-05 0.000164957 0.000784094 0.00301874 0.0094136 0.0237782 0.0486544 0.0806544 0.10833 0.117918 0.104093 0.0746897 0.0439452 0.021992 0.0108189 0.00742023 0.00822581 0.0110193 0.0147583 0.0188956 0.0229717 0.0265096 0.029062 0.0303023 0.0300995 0.0285455 0.0259234 0.0226308 0.0190843 0.0156365 0.0125275 0.00987578 0.00770008 0.00595615 0.00457281
 1.02036e-16 2.85928e-05 0.000167804 0.000797637 0.0030709 0.00957628 0.024189 0.0494946 0.0820456 0.110193 0.119934 0.105842 0.0758781 0.0445112 0.0220295 0.0104346 0.00664984 0.00703373 0.0093412 0.0125478 0.0161622 0.0198056 0.0230903 0.0256462 0.0271909 0.0275896 0.026879 0.0252451 0.0229665 0.0203437 0.0176373 0.0150332 0.0126369 0.0104889 0.00859087 0.00692838
 1.02429e-16 2.78725e-05 0.000163574 0.000777525 0.00299346 0.00933479 0.023579 0.0482467 0.0799775 0.107417 0.116917 0.103191 0.0740008 0.0434573 0.0215958 0.0103758 0.00680606 0.00734248 0.00979648 0.0131613 0.0169405 0.02074 0.0241533 0.0267936 0.0283692 0.0287457 0.0279705 0.0262478 0.023877 0.0211762 0.0184166 0.0157858 0.0133831 0.0112378 0.00933901 0.0076622
 1.02019e-16 3.1403e-05 0.000184307 0.000876105 0.00337304 0.0105185 0.0265689 0.0543638 0.0901148 0.121024 0.131704 0.116187 0.0832029 0.0486228 0.0237195 0.0106578 0.00602393 0.00579263 0.00749222 0.0100222 0.0129038 0.0158152 0.0184452 0.0205001 0.0217575 0.0221126 0.0215971 0.0203602 0.018623 0.0166211 0.0145563 0.0125686 0.0107334 0.00907511 0.00758909 0.00626128
 1.01942e-16 2.87348e-05 0.000168636 0.00080159 0.00308612 0.00962373 0.0243089 0.0497401 0.0824529 0.110742 0.120534 0.10638 0.0762826 0.0447854 0.022233 0.0106421 0.00692461 0.0074212 0.00986944 0.0132253 0.0169716 0.0206989 0.0239883 0.0264457 0.0277802 0.0278683 0.0267786 0.024744 0.0220953 0.0191798 0.0162901 0.0136246 0.011281 0.00927669 0.00758097 0.00614554
 1.02301e-16 2.81281e-05 0.000165075 0.000784664 0.00302095 0.0094205 0.0237956 0.0486897 0.0807116 0.108403 0.117988 0.104131 0.0746667 0.0438305 0.0217481 0.0103941 0.00674658 0.00722711 0.00962715 0.012934 0.0166533 0.020397 0.0237655 0.0263783 0.0279468 0.0283358 0.0275884 0.0259012 0.0235658 0.0208933 0.0181516 0.0155281 0.013125 0.0109764 0.00907656 0.00740476
 1.02153e-16 3.03982e-05 0.000178406 0.000848048 0.00326501 0.0101816 0.025718 0.0526228 0.0872295 0.117151 0.127495 0.112487 0.0805821 0.0471492 0.0231091 0.0105676 0.00623088 0.00621062 0.00811589 0.0108736 0.0140012 0.017158 0.0200075 0.022231 0.0235872 0.0239628 0.0233926 0.0220394 0.0201438 0.0179627 0.0157154 0.0135544 0.0115615 0.00976313 0.00815402 0.00671844
 1.02194e-16 2.81543e-05 0.000165228 0.000785385 0.00302372 0.00942915 0.0238174 0.0487345 0.0807862 0.108504 0.118101 0.104237 0.0747558 0.0439095 0.0218366 0.0105171 0.00692992 0.00749379 0.00999467 0.0134095 0.0172283 0.0210425 0.0244319 0.0269992 0.0284485 0.0286507 0.0276673 0.0257241 0.0231451 0.0202716 0.0173926 0.0147049 0.0123078 0.0102231 0.00842652 0.00687783
 1.04189e-16 1.70207e-05 9.9849e-05 0.000474535 0.00182682 0.0056966 0.0143895 0.0294455 0.0488194 0.0655938 0.07146 0.0632255 0.0456793 0.0275079 0.0149394 0.0092945 0.00887408 0.0116104 0.0161905 0.0219115 0.0282504 0.034626 0.0403778 0.0448648 0.0475984 0.0483479 0.0471814 0.044426 0.0405673 0.0361248 0.0315443 0.0271381 0.0230761 0.0194164 0.0161519 0.0132524
pSPR Fmed_Fpbrs
0.615006   0.3414 0.3414
Fs Fmed_Fpbrs
0.329167   1.005 1.005
SSBpbr Bo_Bmed_Bpbrs
1.07599e+06  607940  313543 313543
Ro
44355.9
SPR SPRFo_SPRFmed_SPRFpbrs
912081 560936 311384
log_Ro
10.52
likeval ReclasPelacesDesembMPH_pf_preclas_ppelaces_ptallas_desvR_qrecl_qpela
 60.8387 18.659 0.0120976 0.000223737 314.254 193.83 77.2851 0 15.4713 3.64065e-05 3.15129e-05 0 0 0 0
q_reclas_q_pelaces
0.425278 2.22254
M
0.7
N
 48261 13360.9 4982.26 588.312 0.291325
 59102.1 21895.1 3949.45 1472.74 173.989
 34348.3 27256.8 7110.93 1282.67 534.813
 51191.9 15253 7124.87 1858.78 475.087
 87728.9 24859.6 6662.75 3112.25 1019.47
 64440 43373 12036 3225.83 2000.41
 103349 30624.1 16735.6 4644.12 2016.56
 96335.3 49901.6 12944.9 7074.18 2815.48
 117290 45254.6 18015.9 4673.48 3570.46
 124770 54627.1 15552.1 6191.31 2833.09
 65951.2 58878.4 20241.4 5762.64 3343.89
 43429.3 29513.4 16086.8 5530.37 2488.09
 44486.8 19551.4 8345.4 4548.8 2267.35
 23941.6 18878 3937.66 1680.77 1372.78
 15915.5 8899.65 1777.77 370.815 287.557
 16934.2 5815.84 759.712 151.758 56.2015
 13336.5 7432.25 1421.23 185.652 50.8195
 15166.8 6078.47 2255.86 431.376 71.7748
 17042.3 7104.67 2159.15 801.314 178.726
 28643.7 8067.43 2680.38 814.585 369.74
 36034.4 13536.3 3014.09 1001.42 442.478
 46421 17490.8 5897.26 1313.13 629.055
 74802.3 22375.9 7321.25 2468.46 812.954
 88721.7 35846.4 9057.3 2963.49 1328.25
 40073.9 42563.9 14602.5 3689.6 1748.29
pred_Ctot
 3014.32 4005.95 1493.81 176.391 0.0873468
 3043.29 5582.11 1006.9 375.472 44.3582
 2629.28 9628.65 2511.99 453.114 188.926
 814.322 1330.11 621.311 162.092 41.4291
 277.957 448.037 120.081 56.0912 18.3736
 1997.57 7057.22 1958.37 524.874 325.487
 2059.82 3307.33 1807.41 501.554 217.784
 3754.28 9977.5 2588.24 1414.44 562.938
 5258.18 10236.6 4075.21 1057.14 807.639
 4474.74 10141.1 2887.12 1149.37 525.94
 4716.14 19705.2 6774.33 1928.62 1119.12
 2934.7 9437.15 5143.88 1768.38 795.587
 4696.19 8793.21 3753.33 2045.82 1019.74
 4401.97 12033.8 2510.06 1071.41 875.077
 3077 5824.47 1163.48 242.684 188.195
 1425.08 2211.44 288.876 57.7052 21.3703
 792.075 2137.31 408.707 53.3886 14.6143
 620.405 1268.66 470.83 90.0341 14.9804
 574.408 1247.2 379.034 140.668 31.3749
 998.922 1460.45 485.23 147.464 66.9341
 584.884 1203.32 267.941 89.0226 39.3346
 980.796 1995.56 672.831 149.818 71.7702
 1885.59 3010.25 984.934 332.084 109.367
 2167.92 4685.05 1183.77 387.322 173.599
 903.336 5160.02 1770.25 447.29 211.945
F
 0.0903593 0.518758 0.518758 0.518758 0.518758
 0.0739636 0.42463 0.42463 0.42463 0.42463
 0.111776 0.641711 0.641711 0.641711 0.641711
 0.0223382 0.128245 0.128245 0.128245 0.128245
 0.00441422 0.0253423 0.0253423 0.0253423 0.0253423
 0.0439463 0.252299 0.252299 0.252299 0.252299
 0.0280588 0.161087 0.161087 0.161087 0.161087
 0.0555292 0.318796 0.318796 0.318796 0.318796
 0.064119 0.368111 0.368111 0.368111 0.368111
 0.0510007 0.292798 0.292798 0.292798 0.292798
 0.104071 0.597478 0.597478 0.597478 0.597478
 0.0980886 0.563133 0.563133 0.563133 0.563133
 0.157194 0.90246 0.90246 0.90246 0.90246
 0.289605 1.66264 1.66264 1.66264 1.66264
 0.306708 1.76083 1.76083 1.76083 1.76083
 0.123508 0.709064 0.709064 0.709064 0.709064
 0.0857499 0.492296 0.492296 0.492296 0.492296
 0.0583577 0.335035 0.335035 0.335035 0.335035
 0.0478646 0.274794 0.274794 0.274794 0.274794
 0.0495619 0.284538 0.284538 0.284538 0.284538
 0.0227978 0.130884 0.130884 0.130884 0.130884
 0.0297671 0.170895 0.170895 0.170895 0.170895
 0.0356056 0.204414 0.204414 0.204414 0.204414
 0.0344976 0.198053 0.198053 0.198053 0.198053
 0.0317867 0.182489 0.182489 0.182489 0.182489
YTP_r0W_actual
 10117.4 113520 58418.4 18383.6 9071.24
YTP_p0W_proyectada
 35436.2 198967 265004 118598 48401.7
 35436.2 153745 52729 62837.6 29106.9
CTP_r0_actual
 903.336 5160.02 1770.25 447.29 211.945
CTP_p0_proyectada
 4168.97 9297.51 8493.71 2913.95 1040.9
 4168.97 7184.33 1690.03 1543.92 625.955
Wmedp
 8.5 21.4 31.2 40.7 46.5
nmprior
 10.6 11 7 0
nm_flota  nm_reclas  nm_pelaces    nm_pelaL
inf 16.669 17.893 42.5096
cv_recla  cv_pelaces  cv_mph
0.705529 0.489797 0.485297
 ------------------------------------------------
Talla a la edad & desviaci?n 
 7.2 14.2025 17.0495 18.207 18.6776
 1.08 2.13037 2.55742 2.73105 2.80164
