years
 1997 1998 1999 2000 2001 2002 2003 2004 2005 2006 2007 2008 2009 2010 2011 2012 2013 2014 2015 2016 2017 2018 2019 2020 2021
reclasobs
 0 0 0 370054 412103 1.49427e+06 250295 1.28982e+06 931140 785840 897777 1.04006e+06 184774 17550 25797 100020 73551 82996 120727 218422 84188 347160 605670 569463 516374
reclaspred
 2.24733e+06 275047 361522 106545 232522 240523 519368 442402 572925 1.04658e+06 950474 592924 365507 160404 97097.4 91640.5 102301 120761 102883 168885 297239 260329 430403 494188 413268
pelacesobs
 0 0 0 0 0 0 0 0 0 2.06254e+06 1.5e+06 0 1.87456e+06 323000 250000 174000 83755 137374 0 501740 490994 745055 786931 1.00524e+06 1.33801e+06
pelacespred
 1.39736e+06 531980 156345 107881 209808 142874 489960 397949 518993 970057 721376 457564 310530 105779 65945.5 66017.7 76424.1 91701.1 76707.9 133025 257748 214612 283034 374533 287366
mphobs
 0 0 0 0 0 112323 0 153150 637223 0 255016 313432 73983 77613 109348 50772 0 0 0 0 0 0 0 0 0
mphpred
 2.25462e+06 960431 405881 191435 116486 316253 339840 462628 497734 696029 1.26559e+06 870335 467136 268857 115200 90471.8 100606 120012 126337 118749 245361 320988 358763 506760 569291
desembarqueobs
 350755 77701 442110 56441 14545 235359 269955 359681 431902 328805 639364 411747 362871 311530 167758 66681 60226 58785 57116 73181 50977 67692 138656 160484 209506
desembarquepred
 350745 77681.9 441600 56420 14543.5 235198 269836 359120 431449 328553 638652 411355 362245 311041 167408 66630.3 60203.2 58741.4 57067.9 73107.6 50963.9 67652 138575 160402 209406
Reclutas
 5682.59 8392.76 1149.76 6204.03 55526.2 15717.4 55847.4 71472.4 90998.1 220498 50847.6 21669.4 55289.5 23094.7 14772.8 14870.9 9997.9 9819.56 7556.53 27609.2 30790.7 29223.9 60130.5 47601.4 1307.75
log_desv_Rt
 -1.27484 -0.884875 -2.8727 -1.18705 1.00461 -0.257475 1.01038 1.25707 1.49859 2.38364 0.916589 0.0636564 1.00034 0.127356 -0.319458 -0.312841 -0.70987 -0.727868 -0.989833 0.305905 0.414969 0.362743 1.08427 0.850617 -2.74394
SSB
 2.25462e+06 960431 405881 191435 116486 316253 339840 462628 497734 696029 1.26559e+06 870335 467136 268857 115200 90471.8 100606 120012 126337 118749 245361 320988 358763 506760 569291
BT
 2.72123e+06 1.12269e+06 530668 260572 388224 438373 1.07609e+06 1.09535e+06 1.31979e+06 2.04017e+06 1.84292e+06 1.18772e+06 915905 485395 256290 172841 185533 211578 186884 298105 501452 448306 603826 800057 682258
Ftot
 0.109392 0.202366 0.801755 0.420073 0.120762 0.736981 0.701729 1.08903 1.00667 0.510089 0.531101 0.515633 1.01828 1.63511 1.77865 0.761603 0.591418 0.471927 0.471763 0.607162 0.183799 0.228433 0.313655 0.295631 0.346977
BD_Bspro_t
 0.982784 0.870483 0.6615 0.330145 0.384018 0.6822 0.508313 0.528344 0.498025 0.53311 0.640951 0.472966 0.330986 0.253453 0.145212 0.142633 0.206091 0.307291 0.372764 0.416721 0.619262 0.73157 0.718939 0.724674 0.688491
BD_Bspro
 5.39249 2.29711 0.970766 0.457865 0.278605 0.756399 0.812814 1.10649 1.19046 1.66473 3.02698 2.08162 1.11727 0.643039 0.275531 0.216386 0.240624 0.287038 0.302167 0.284018 0.586841 0.767724 0.858071 1.21204 1.3616
BD_Bo
 2.26478 0.964762 0.407711 0.192298 0.117011 0.317679 0.341373 0.464714 0.499979 0.699168 1.2713 0.874259 0.469242 0.270069 0.11572 0.0908797 0.10106 0.120553 0.126907 0.119285 0.246467 0.322436 0.36038 0.509045 0.571858
BD_Brms
 7.51414 3.20091 1.35271 0.638011 0.388221 1.054 1.13261 1.54184 1.65884 2.31971 4.21793 2.90063 1.55686 0.896041 0.383938 0.301522 0.335297 0.399972 0.421053 0.395765 0.817732 1.06978 1.19568 1.68892 1.89732
S_f
 0.142202 1 1 1 1
 0.142202 1 1 1 1
 0.142202 1 1 1 1
 0.142202 1 1 1 1
 0.142202 1 1 1 1
 0.142202 1 1 1 1
 0.142202 1 1 1 1
 0.142202 1 1 1 1
 0.142202 1 1 1 1
 0.142202 1 1 1 1
 0.142202 1 1 1 1
 0.142202 1 1 1 1
 0.142202 1 1 1 1
 0.142202 1 1 1 1
 0.142202 1 1 1 1
 0.142202 1 1 1 1
 0.142202 1 1 1 1
 0.142202 1 1 1 1
 0.142202 1 1 1 1
 0.142202 1 1 1 1
 0.142202 1 1 1 1
 0.142202 1 1 1 1
 0.142202 1 1 1 1
 0.142202 1 1 1 1
 0.142202 1 1 1 1
Scru_reclas
 0.813512 1 1 1 1
 0.813512 1 1 1 1
 0.813512 1 1 1 1
 0.813512 1 1 1 1
 0.813512 1 1 1 1
 0.813512 1 1 1 1
 0.813512 1 1 1 1
 0.813512 1 1 1 1
 0.813512 1 1 1 1
 0.813512 1 1 1 1
 0.813512 1 1 1 1
 0.813512 1 1 1 1
 0.813512 1 1 1 1
 0.813512 1 1 1 1
 0.813512 1 1 1 1
 0.813512 1 1 1 1
 0.813512 1 1 1 1
 0.813512 1 1 1 1
 0.813512 1 1 1 1
 0.813512 1 1 1 1
 0.813512 1 1 1 1
 0.813512 1 1 1 1
 0.813512 1 1 1 1
 0.813512 1 1 1 1
 0.813512 1 1 1 1
Scru_pelaces
 1 1 1 1 1
 1 1 1 1 1
 1 1 1 1 1
 1 1 1 1 1
 1 1 1 1 1
 1 1 1 1 1
 1 1 1 1 1
 1 1 1 1 1
 1 1 1 1 1
 1 1 1 1 1
 1 1 1 1 1
 1 1 1 1 1
 1 1 1 1 1
 1 1 1 1 1
 1 1 1 1 1
 1 1 1 1 1
 1 1 1 1 1
 1 1 1 1 1
 1 1 1 1 1
 1 1 1 1 1
 1 1 1 1 1
 1 1 1 1 1
 1 1 1 1 1
 1 1 1 1 1
 1 1 1 1 1
pf_obs 
 0.256992 0.487395 0.22802 0.0275931 0
 0.321318 0.546541 0.124235 0.00734118 0.000564706
 0.182869 0.594174 0.210203 0.0122559 0.00049798
 0.330522 0.361315 0.267642 0.0388342 0.00168674
 0.649043 0.306663 0.0425973 0.00169635 0
 0.582887 0.30429 0.105238 0.00758474 0
 0.465427 0.430635 0.0974691 0.00646863 0
 0.296916 0.608066 0.0921331 0.00288517 0
 0.311714 0.524322 0.152257 0.0117073 0
 0.15457 0.633149 0.183074 0.0267441 0.00246327
 0.131901 0.49318 0.331252 0.0422183 0.00144891
 0.196976 0.569456 0.194076 0.0375587 0.00193317
 0.518974 0.381816 0.0799577 0.0180837 0.00116848
 0.0928022 0.601141 0.25162 0.0475244 0.00691264
 0.122501 0.610282 0.24278 0.0234846 0.000952079
 0.383417 0.481906 0.127806 0.00687128 0
 0.0376549 0.599619 0.316969 0.0457579 0
 0.0361596 0.667082 0.258105 0.0386534 0
 0.158088 0.579412 0.248529 0.0139706 0
 0.0477256 0.309471 0.559284 0.082774 0.000745712
 0.0406174 0.521527 0.379366 0.0568643 0.0016247
 0.151134 0.462217 0.34131 0.0453401 0
 0.294876 0.26143 0.354403 0.0886775 0.000613685
 0.281977 0.475581 0.204845 0.0348837 0.00271318
 0.0841818 0.532909 0.334909 0.0458182 0.00218182
pf_pred 
 0.00942008 0.637823 0.311742 0.0410126 1.50013e-06
 0.029595 0.0639097 0.583682 0.28528 0.0375327
 0.0101103 0.189435 0.052717 0.48146 0.266278
 0.164384 0.0815069 0.144313 0.0401604 0.569635
 0.642028 0.225547 0.0129168 0.0228701 0.0966375
 0.0903624 0.846339 0.0398826 0.00228403 0.021132
 0.421518 0.291431 0.267076 0.0125856 0.00738933
 0.339639 0.580878 0.0400427 0.0366963 0.00274456
 0.341375 0.56932 0.0785552 0.00541519 0.0053338
 0.45263 0.470666 0.0663035 0.0091486 0.00125184
 0.0704464 0.820182 0.0940451 0.0132483 0.00207814
 0.0609686 0.384968 0.488872 0.0560559 0.00913535
 0.292109 0.262816 0.182464 0.231712 0.0308988
 0.161888 0.696461 0.0525901 0.0365115 0.052549
 0.236097 0.585616 0.148154 0.0111872 0.0189454
 0.292022 0.602775 0.08065 0.0204036 0.0041498
 0.176683 0.667136 0.132973 0.0177915 0.00541652
 0.195503 0.539023 0.215114 0.0428764 0.0074833
 0.16036 0.573995 0.177985 0.0710306 0.0166288
 0.466325 0.335873 0.135221 0.0419296 0.0206507
 0.249734 0.669904 0.0505766 0.0203619 0.00942349
 0.179189 0.590207 0.205903 0.0155454 0.00915492
 0.301414 0.441382 0.184944 0.0645206 0.00773993
 0.170832 0.646502 0.115412 0.048359 0.0188947
 0.00579836 0.622509 0.289808 0.0517361 0.0301479
pobs_RECLAS
 0 0 0 0 0
 0 0 0 0 0
 0 0 0 0 0
 0 0 0 0 0
 0.835266 0.146461 0.0176864 0.000547809 3.91292e-05
 0.385257 0.428462 0.181853 0.0044286 0
 0.867414 0.0963971 0.0333333 0.00285562 0
 0.441836 0.489002 0.0689373 0.000224442 0
 0.779404 0.147425 0.0564933 0.0165055 0.000172143
 0.814271 0.122319 0.05973 0.00367925 0
 0.40263 0.566651 0.0304383 0.000280538 0
 0.475488 0.404961 0.113038 0.00651328 0
 0.955842 0.0263864 0.0167828 0.000988607 0
 0.975058 0.0227948 0.00214734 0 0
 0.738997 0.206755 0.0527124 0.00153531 0
 0.850938 0.134255 0.0134407 0.00136685 0
 0.542534 0.407297 0.0501686 0 0
 0.764087 0.199537 0.0359546 0.000420521 0
 0.470689 0.182191 0.310203 0.0369168 0
 0.84361 0.089868 0.0606195 0.00523954 0.000663233
 0.607945 0.314616 0.071237 0.00620181 0
 0.523733 0.453247 0.0230204 0 0
 0.530135 0.295979 0.169645 0.0042399 0
 0.562478 0.366248 0.0663022 0.0049721 0
 0.250443 0.683176 0.0655157 0.000865301 0
ppred_RECLAS
 0.0518859 0.61048 0.298378 0.0392544 1.43582e-06
 0.150035 0.0559777 0.511239 0.249873 0.0328743
 0.0586838 0.180139 0.0501302 0.457835 0.253212
 0.536424 0.0452177 0.080061 0.0222799 0.316017
 0.911724 0.0556202 0.00318531 0.00563979 0.0238309
 0.375817 0.580748 0.027367 0.00156728 0.0145006
 0.814818 0.0932921 0.0854957 0.00402887 0.00236545
 0.764753 0.206932 0.0142648 0.0130727 0.000977722
 0.764236 0.203797 0.02812 0.00193845 0.00190931
 0.830561 0.145696 0.0205244 0.00283197 0.000387508
 0.310389 0.608471 0.0697695 0.00982854 0.00154172
 0.278013 0.295988 0.375876 0.0430993 0.00702384
 0.721018 0.103577 0.0719098 0.0913185 0.0121773
 0.569933 0.35738 0.0269859 0.0187354 0.0269648
 0.684902 0.241557 0.0611114 0.00461455 0.00781466
 0.714824 0.2428 0.0324861 0.00821861 0.00167155
 0.561731 0.355131 0.0707845 0.00947081 0.00288333
 0.589442 0.275079 0.109779 0.0218811 0.00381895
 0.530148 0.321201 0.0995984 0.0397479 0.00930526
 0.839402 0.101074 0.0406919 0.0126178 0.00621438
 0.658034 0.305337 0.0230524 0.00928082 0.00429516
 0.558647 0.317357 0.110715 0.00835881 0.00492264
 0.715652 0.179657 0.0752782 0.026262 0.00315041
 0.545499 0.354374 0.0632622 0.0265075 0.0103569
 0.0329814 0.605489 0.281885 0.0503215 0.0293236
pobs_PELACES
 0 0 0 0 0
 0 0 0 0 0
 0 0 0 0 0
 0 0 0 0 0
 0 0 0 0 0
 0 0 0 0 0
 0 0 0 0 0
 0 0 0 0 0
 0 0 0 0 0
 0 0 0 0 0
 0.450072 0.473896 0.0757376 0.000293798 0
 0 0 0 0 0
 0.463077 0.371075 0.160297 0.00555027 0
 0.529543 0.364841 0.0842815 0.0213345 0
 0.631943 0.363953 0.00410389 0 0
 0.735681 0.248677 0.0153453 0.000297389 0
 0.695825 0.281241 0.0229344 0 0
 0.275771 0.60734 0.115278 0.00161068 0
 0 0 0 0 0
 0.896147 0.0623911 0.0374545 0.00400742 0
 0.803859 0.145111 0.0509908 3.86294e-05 0
 0.739449 0.233085 0.0266225 0.000797448 4.60066e-05
 0.878498 0.100942 0.0204185 0.000141795 0
 0.694673 0.275183 0.0284847 0.00165964 0
 0.469039 0.446079 0.0841089 0.000773354 0
ppred_PELACES
 0.0648842 0.602111 0.294288 0.0387162 1.41614e-06
 0.186844 0.0535534 0.489099 0.239052 0.0314507
 0.0877226 0.174582 0.0485837 0.443711 0.2454
 0.615682 0.0374868 0.0663729 0.0184706 0.261988
 0.929264 0.0445684 0.00255238 0.00451915 0.0190957
 0.476934 0.486667 0.0229336 0.00131338 0.0121515
 0.868374 0.0663112 0.0607696 0.00286369 0.00168134
 0.844695 0.136612 0.0094173 0.0086303 0.00064547
 0.841229 0.137243 0.0189369 0.00130541 0.00128579
 0.874395 0.108004 0.0152146 0.00209932 0.000287258
 0.391368 0.537021 0.0615767 0.0086744 0.00136068
 0.353891 0.264881 0.336373 0.0385698 0.00628566
 0.809098 0.0708756 0.0492065 0.0624875 0.00833272
 0.721282 0.231611 0.0174891 0.0121421 0.0174754
 0.815519 0.141425 0.0357791 0.00270169 0.00457527
 0.79264 0.176547 0.0236216 0.00597599 0.00121543
 0.650673 0.283061 0.0564195 0.00754881 0.00229819
 0.668552 0.222074 0.0886258 0.0176648 0.00308308
 0.613174 0.264442 0.0819986 0.0327241 0.00766094
 0.884122 0.0729292 0.029361 0.0091043 0.00448395
 0.713608 0.255717 0.0193062 0.00777258 0.00359715
 0.624039 0.270336 0.0943111 0.00712033 0.00419328
 0.771743 0.144218 0.0604288 0.0210816 0.00252896
 0.615995 0.299409 0.0534499 0.0223961 0.00875052
 0.0442069 0.59846 0.278612 0.0497374 0.0289832
pobs_pel_tallas
 0 0 0 0 0 0 0 0 0 0 0 0 0 0 0 0 0 0 0 0 0 0 0 0 0 0 0 0 0 0 0 0 0 0 0 0
 0 0 0 0 0 0 0 0 0 0 0 0 0 0 0 0 0 0 0 0 0 0 0 0 0 0 0 0 0 0 0 0 0 0 0 0
 0 0 0 0 0 0 0 0 0 0 0 0 0 0 0 0 0 0 0 0 0 0 0 0 0 0 0 0 0 0 0 0 0 0 0 0
 0 0 0 0 0 0 0 0 0 0 0 0 0 0 0 0 0 0 0 0 0 0 0 0 0 0 0 0 0 0 0 0 0 0 0 0
 0 0 0 0 0 0 0 0 0 0 0 0 0 0 0 0 0 0 0 0 0 0 0 0 0 0 0 0 0 0 0 0 0 0 0 0
 0 0 0 0 0 0 0 0 0 0 0 0 0 0 0 0 0 0 0 0 0 0 0 0 0 0 0 0 0 0 0 0 0 0 0 0
 0 0 0 0 0 0 0 0 0 0 0 0 0 0 0 0 0 0 0 0 0 0 0 0 0 0 0 0 0 0 0 0 0 0 0 0
 0 0 0 0 0 0 0 0 0 0 0 0 0 0 0 0 0 0 0 0 0 0 0 0 0 0 0 0 0 0 0 0 0 0 0 0
 0 0 0 0 0 0 0 0 0 0 0 0 0 0 0 0 0 0 0 0 0 0 0 0 0 0 0 0 0 0 0 0 0 0 0 0
 0 0 0 0 0 0 0 0 0 0 0 0 0 0 0 0 0 0 0 0 0 0 0 0 0 0 0 0 0 0 0 0 0 0 0 0
 0 0 0 0 0 0 0 0 1.78061e-05 0.00172719 0.00360574 0.0105946 0.0120993 0.0124554 0.0147524 0.0171206 0.0266825 0.0428682 0.0675386 0.121331 0.153587 0.119568 0.100827 0.0573624 0.0630603 0.0341343 0.0324427 0.0444173 0.0211091 0.0280891 0.0125444 0.00206551 0 0 0 0
 0 0 0 0 0 0 0 0 0 0 0 0 0 0 0 0 0 0 0 0 0 0 0 0 0 0 0 0 0 0 0 0 0 0 0 0
 0 0 0 0 0 0 0.0133647 0.0140871 0.0187388 0.0205184 0.03894 0.0496705 0.03968 0.0493445 0.0407372 0.0367815 0.0215668 0.0243155 0.0234873 0.0199281 0.019796 0.0243948 0.0301388 0.0376714 0.0412746 0.0863199 0.0771752 0.113111 0.0741005 0.0525337 0.0229764 0.00759418 0.00175318 0 0 0
 0 0 0 0 0 0 0 0 0 0 0.00219441 0.00772107 0.0458388 0.0604681 0.0671733 0.0775358 0.0609151 0.0617685 0.073594 0.0568108 0.0755445 0.0548602 0.0670107 0.0636378 0.0643287 0.046367 0.0373049 0.0286899 0.0247887 0.0153202 0.00654259 0.00121912 0.000365735 0 0 0
 0 0 0 0 0 0 0 0 0 0 0 0 0.000112435 0.00938835 0.0111873 0.0202946 0.0414886 0.0713402 0.111592 0.104902 0.108894 0.110636 0.117776 0.105296 0.107544 0.0401394 0.0192827 0.0124803 0.00416011 0.0028671 0.000618394 0 0 0 0 0
 0 0 0 0 0 0 0 0 0 0 0.00291406 0.0102884 0.027416 0.0768956 0.0749926 0.110853 0.0956884 0.0897413 0.0766577 0.0534642 0.0500743 0.0551293 0.0594112 0.0620874 0.0668451 0.0424026 0.0208742 0.0120726 0.0048766 0.00582813 0.00118941 0.000297354 0 0 0 0
 0 0.00264628 0.0354308 0.0461629 0.0458689 0.0383711 0.0214643 0.0164657 0.0346957 0.0420465 0.0363128 0.0245516 0.0311673 0.0291091 0.0169068 0.0133784 0.00837989 0.0085269 0.0148486 0.0160247 0.0276389 0.0546898 0.0760071 0.122758 0.109233 0.0665981 0.0333725 0.0166128 0.00676272 0.00308733 0.000882094 0 0 0 0 0
 0 0 0 0 0 0 0 0.000805153 0.000690131 0.00759144 0.0133425 0.0154129 0.00931677 0.000345066 0.00356568 0.00563607 0.00851162 0.0253048 0.0502646 0.0516448 0.0657925 0.0565908 0.0611916 0.0827007 0.0866115 0.110766 0.145733 0.0935128 0.0569358 0.0249597 0.0138026 0.00621118 0.00161031 0.00115022 0 0
 0 0 0 0 0 0 0 0 0 0 0 0 0 0 0 0 0 0 0 0 0 0 0 0 0 0 0 0 0 0 0 0 0 0 0 0
 0.00147267 0.00158595 0.00478618 0.00569244 0.00954404 0.0108468 0.00647125 0.017049 0.0510054 0.094081 0.124002 0.0959785 0.0687766 0.0820023 0.061753 0.0591476 0.0492212 0.0479892 0.0443925 0.0268479 0.0217502 0.0140895 0.0121071 0.0120363 0.00920419 0.00665534 0.0049561 0.00860946 0.00930331 0.0156896 0.0114698 0.00855282 0.00243557 0.00046729 0 2.83206e-05
 0 0 0 0 0.000772559 0.00158375 0.000888443 0.00281984 0.00712685 0.0440552 0.0773331 0.111326 0.0921469 0.0852325 0.0710754 0.0886704 0.0786465 0.0553345 0.0373146 0.0185414 0.00753245 0.00457741 0.012979 0.0271748 0.0457355 0.0583668 0.034881 0.0177882 0.00938659 0.00492506 0.0015258 0.00185414 0.000309023 5.79419e-05 3.86279e-05 0
 0 0.00173294 0.00326652 0 0.00397197 0.00683976 0.00946217 0.0152591 0.00757587 0.0136028 0.0228656 0.0392903 0.0559909 0.0764795 0.0681675 0.0726916 0.0566044 0.0477403 0.0527397 0.0444891 0.0609904 0.0582453 0.0661739 0.0445044 0.0529084 0.0360697 0.0280645 0.0235558 0.0158879 0.00826598 0.00280645 0.00217768 0.000904811 0.00058276 9.20147e-05 0
 0 0 0 0 0 0 0 0 0 0 0 0 0 0 0 0 0 0 0 0 0 0 0 0 0 0 0 0 0 0 0 0 0 0 0 0
 0 0 0 0 0 0 0 0 0 0 0 0 0 0 0 0 0 0 0 0 0 0 0 0 0 0 0 0 0 0 0 0 0 0 0 0
 0 0 0 0 0 0 0 0 0 0 0 0 0 0 0 0 0 0 0 0 0 0 0 0 0 0 0 0 0 0 0 0 0 0 0 0
ppred_pel_tallas
 1.05704e-16 2.867e-06 1.67361e-05 7.93665e-05 0.000305248 0.0009516 0.00240432 0.00492442 0.0081813 0.0110433 0.0121653 0.0110826 0.00870188 0.00663151 0.00612678 0.0076682 0.0112373 0.0166925 0.0238726 0.0324925 0.0420274 0.0516917 0.0605318 0.0675998 0.0721519 0.0738038 0.0725957 0.0689419 0.0634963 0.056981 0.0500386 0.0431465 0.036602 0.030557 0.025075 0.0201793
 1.16644e-16 8.16299e-06 4.78782e-05 0.000227531 0.000875905 0.00273131 0.00689905 0.0141169 0.0234029 0.0314371 0.0342302 0.0302425 0.0217573 0.0129234 0.00671158 0.00374982 0.00324429 0.00427116 0.0063359 0.00931577 0.0132455 0.0181676 0.024058 0.0307911 0.0381238 0.0456957 0.0530466 0.0596537 0.0649877 0.0685803 0.0700922 0.069369 0.0664701 0.0616614 0.055377 0.0481516
 1.2746e-16 3.84386e-06 2.25146e-05 0.000106935 0.000411556 0.00128324 0.0032415 0.00663402 0.0110025 0.0147942 0.0161467 0.0143562 0.0105255 0.00664859 0.00418298 0.00350014 0.0043088 0.00624582 0.00911921 0.0128632 0.0174296 0.0227254 0.0286034 0.0348818 0.041371 0.0478887 0.0542565 0.0602783 0.0657148 0.0702709 0.0736099 0.0753981 0.0753691 0.0733878 0.0694958 0.0639213
 1.13831e-16 2.68604e-05 0.000157653 0.000749422 0.00288534 0.00899766 0.0227272 0.0465023 0.07708 0.103509 0.112617 0.0992876 0.070967 0.0412038 0.0196035 0.00797791 0.00337456 0.00234372 0.00281053 0.00393652 0.00548478 0.00741045 0.00970139 0.012334 0.0152629 0.0184166 0.0216932 0.0249568 0.028038 0.0307426 0.0328689 0.0342331 0.0346979 0.034197 0.0327485 0.0304565
 1.01099e-16 4.05347e-05 0.000237932 0.00113107 0.00435478 0.0135801 0.034302 0.070185 0.116334 0.156218 0.169954 0.149812 0.107023 0.0620203 0.0292782 0.0114961 0.00417016 0.00203097 0.00187045 0.00233595 0.0029784 0.00364441 0.00424932 0.00472666 0.0050298 0.00514054 0.00507211 0.00486337 0.00456662 0.00423314 0.0039016 0.00359233 0.00330821 0.00304031 0.00277543 0.00250267
 1.01098e-16 2.0829e-05 0.000122201 0.000580785 0.00223588 0.00697225 0.0176118 0.036039 0.0597498 0.080276 0.0874451 0.0773442 0.0558263 0.0335097 0.0179971 0.010877 0.010035 0.0128998 0.0178225 0.0239061 0.0304854 0.0368431 0.042191 0.0457936 0.0471327 0.0460331 0.0427065 0.0376912 0.0317149 0.0255248 0.0197401 0.0147653 0.0107745 0.00775184 0.0055617 0.00401886
 1.01062e-16 3.78807e-05 0.000222348 0.00105698 0.0040695 0.0126904 0.0320548 0.0655873 0.108714 0.145988 0.158832 0.140026 0.10007 0.0580689 0.0275605 0.0110834 0.0044464 0.00274135 0.00298075 0.00390068 0.00506773 0.00630983 0.00750632 0.0085461 0.00933639 0.00981774 0.00997217 0.00982016 0.00940935 0.00879958 0.00805004 0.00721188 0.0063268 0.00542923 0.00454943 0.00371506
 1.00506e-16 3.68508e-05 0.000216296 0.00102819 0.00395864 0.0123447 0.0311816 0.0638013 0.105756 0.142021 0.154532 0.136272 0.0974688 0.0567228 0.0272273 0.0114777 0.00542037 0.00429251 0.00517646 0.00679924 0.00866072 0.0104869 0.0120438 0.0131231 0.0135776 0.0133549 0.0125096 0.0111866 0.00958336 0.00790285 0.00631343 0.00492522 0.00378624 0.00289397 0.00221468 0.00170243
 1.00419e-16 3.66998e-05 0.000215408 0.00102398 0.0039424 0.012294 0.0310537 0.0635395 0.105322 0.141439 0.153899 0.135715 0.0970725 0.0564971 0.0271282 0.0114524 0.00543372 0.00433031 0.00523759 0.00688827 0.00878387 0.0106499 0.0122506 0.0133743 0.0138699 0.0136801 0.0128551 0.0115358 0.00991729 0.00820258 0.00656226 0.00511097 0.00390284 0.00294219 0.00220158 0.00163997
 1.00337e-16 3.81448e-05 0.000223895 0.00106433 0.00409777 0.0127786 0.0322775 0.0660434 0.109471 0.147008 0.15995 0.141031 0.100832 0.0585978 0.0279734 0.0115277 0.00505058 0.00360273 0.00416454 0.00543322 0.00692243 0.00839408 0.00965855 0.0105487 0.0109453 0.010803 0.0101607 0.0091288 0.0078602 0.00651406 0.00522426 0.00408085 0.00312654 0.00236507 0.00177538 0.00132583
 1.01411e-16 1.71e-05 0.000100304 0.000476673 0.00183501 0.00572211 0.0144541 0.0295786 0.0490432 0.0659041 0.0718235 0.0636073 0.0460859 0.028013 0.0156814 0.0104589 0.010674 0.014263 0.0198806 0.026739 0.0341715 0.0414054 0.0475734 0.0518576 0.0536713 0.0527985 0.0494441 0.0441707 0.0377521 0.0309909 0.0245598 0.0189082 0.0142447 0.0105791 0.00779461 0.0057204
 1.06481e-16 1.54555e-05 9.06722e-05 0.000430936 0.00165899 0.00517328 0.0130675 0.0267396 0.0443304 0.0595546 0.0648603 0.0573378 0.0413209 0.0246764 0.0130334 0.00756406 0.00670836 0.0085959 0.0120823 0.0166294 0.0219147 0.0275972 0.0332627 0.0384646 0.0427971 0.045961 0.0478001 0.0482974 0.0475434 0.045691 0.0429181 0.0394078 0.0353466 0.0309285 0.0263579 0.0218419
 1.03259e-16 3.5296e-05 0.000207173 0.000984839 0.00379173 0.0118242 0.0298669 0.0611107 0.101294 0.136026 0.147996 0.13048 0.0932634 0.0541504 0.0257606 0.010466 0.00436988 0.00290819 0.00330584 0.00439195 0.00576668 0.00727047 0.00878861 0.0102128 0.0114493 0.0124332 0.0131338 0.0135504 0.0137006 0.0136063 0.0132851 0.012748 0.0120047 0.0110713 0.00997746 0.00876817
 1.01558e-16 3.14733e-05 0.000184716 0.000878041 0.00338048 0.0105417 0.0266276 0.054484 0.0903152 0.121296 0.132009 0.116477 0.0834541 0.0488578 0.0239974 0.0110555 0.00662187 0.00666551 0.00869845 0.0115881 0.0148051 0.0179623 0.02068 0.0226088 0.0235002 0.0232641 0.0219888 0.0199133 0.017363 0.0146709 0.0121108 0.00985817 0.00798583 0.00648429 0.00529533 0.00434448
 1.00861e-16 3.55789e-05 0.000208827 0.000992688 0.00382193 0.0119184 0.0301048 0.061598 0.102104 0.137119 0.149201 0.131578 0.0941266 0.0548097 0.0263693 0.0112217 0.00546075 0.00449552 0.0055147 0.00729106 0.00933831 0.0113826 0.0131832 0.0145206 0.0152328 0.0152508 0.0146118 0.0134446 0.0119333 0.0102722 0.00862718 0.00711218 0.00578584 0.00466152 0.00372446 0.00294824
 1.00656e-16 3.45827e-05 0.000202976 0.000964861 0.00371478 0.0115842 0.0292608 0.0598714 0.0992432 0.13328 0.145033 0.127923 0.0915586 0.0534077 0.0258691 0.011307 0.00593985 0.00531425 0.00669474 0.00886832 0.0113228 0.0137363 0.0158114 0.0172776 0.0179404 0.0177262 0.0166982 0.0150363 0.0129893 0.0108156 0.00873195 0.00688329 0.00533749 0.0040992 0.00313338 0.00238853
 1.0126e-16 2.83966e-05 0.000166648 0.000792134 0.0030497 0.00951015 0.024022 0.0491533 0.0814811 0.109439 0.119123 0.105151 0.0754352 0.044357 0.0221484 0.0108138 0.00731246 0.00803438 0.0107408 0.0143837 0.0184208 0.0224032 0.0258668 0.028376 0.0296125 0.0294471 0.0279675 0.0254463 0.0222678 0.0188349 0.015489 0.012463 0.00987232 0.00773658 0.00601466 0.00463969
 1.02082e-16 2.91738e-05 0.000171216 0.000813864 0.00313339 0.00977114 0.0246812 0.0505016 0.0837142 0.112432 0.122366 0.107977 0.0773844 0.0453454 0.0223506 0.0104337 0.00644684 0.00666877 0.00880888 0.0118307 0.0152515 0.0187124 0.02185 0.0243167 0.0258459 0.0263071 0.0257288 0.0242786 0.0222103 0.019799 0.0172845 0.0148392 0.0125626 0.0104963 0.00864725 0.00700862
 1.02733e-16 2.67608e-05 0.000157046 0.000746488 0.00287395 0.0089621 0.0226377 0.0463207 0.0767856 0.103133 0.11226 0.099094 0.0710943 0.0418133 0.0208959 0.0102349 0.00697045 0.00770906 0.0103523 0.0139264 0.0179357 0.0219718 0.0256076 0.0284355 0.030147 0.0305986 0.029838 0.0280769 0.0256272 0.0228203 0.0199388 0.0171779 0.0146408 0.012359 0.0103227 0.00850901
 1.00964e-16 3.85675e-05 0.00022638 0.00107615 0.00414329 0.0129205 0.0326361 0.0667768 0.110686 0.148636 0.161714 0.142567 0.101888 0.0591283 0.0280705 0.0112992 0.00454521 0.00280796 0.00303967 0.00394483 0.00507159 0.00623408 0.0073015 0.00815879 0.00871823 0.008936 0.00881928 0.00841944 0.00781521 0.00709152 0.00632163 0.00555727 0.00482762 0.00414469 0.00351122 0.00292743
 1.00793e-16 3.11397e-05 0.000182755 0.000868714 0.00334456 0.0104297 0.0263446 0.0539053 0.0893566 0.120011 0.130617 0.115263 0.0826158 0.0484307 0.0239058 0.0112116 0.00698391 0.0072406 0.00951767 0.01268 0.0161754 0.0195806 0.0224733 0.0244652 0.0252807 0.0248222 0.023193 0.0206668 0.0176163 0.0144253 0.0114129 0.00878899 0.00664602 0.00498057 0.00372904 0.00280342
 1.01868e-16 2.72349e-05 0.000159828 0.000759714 0.00292488 0.0091209 0.0230388 0.0471415 0.0781463 0.10496 0.114249 0.100851 0.0723552 0.0425564 0.0212699 0.0104219 0.0071015 0.00785394 0.0105414 0.0141694 0.0182284 0.0222962 0.025931 0.0287109 0.0303168 0.0306005 0.0296132 0.0275785 0.0248276 0.021716 0.0185518 0.0155547 0.0128471 0.0104728 0.0084261 0.00667979
 1.01748e-16 3.36702e-05 0.000197621 0.000939413 0.00361681 0.0112787 0.028489 0.0582921 0.0966247 0.129761 0.141199 0.124529 0.0891027 0.0519216 0.0250507 0.0107848 0.0054371 0.00467304 0.00584069 0.00778376 0.0100419 0.0123492 0.0144654 0.0161644 0.0172718 0.0176992 0.0174593 0.0166525 0.0154339 0.0139721 0.0124137 0.0108637 0.00938325 0.00799975 0.00672187 0.00555236
 1.02035e-16 2.68851e-05 0.000157773 0.000749936 0.00288722 0.00900347 0.0227422 0.0465349 0.0771415 0.103613 0.11279 0.0995785 0.0714779 0.0421111 0.0211774 0.0105894 0.0074832 0.00845249 0.0113806 0.0152654 0.0195682 0.0238254 0.0275511 0.0302885 0.0317035 0.0316604 0.0302497 0.0277548 0.0245731 0.0211188 0.0177391 0.0146662 0.0120101 0.0097829 0.00793804 0.00640727
 1.07214e-16 1.96511e-06 1.14419e-05 5.41984e-05 0.000208347 0.000649419 0.00164104 0.00336265 0.00559254 0.00756684 0.00838253 0.0077469 0.00631608 0.00524324 0.00546085 0.00738865 0.0111081 0.0165955 0.0237632 0.0323609 0.041881 0.0515514 0.0604324 0.0675899 0.0722921 0.0741617 0.0732386 0.0699286 0.064868 0.0587536 0.0521976 0.0456455 0.0393649 0.0334849 0.0280558 0.0230997
pSPR Fmed_Fpbrs
0.523557   0.351403 0.351403
Fs Fmed_Fpbrs
0.489317   1.005 1.005
SSBpbr Bo_Bmed_Bpbrs
995511  471432  300050 300050
Ro
20333
SPR SPRFo_SPRFmed_SPRFpbrs
418104 218901 146923
log_Ro
9.74
likeval ReclasPelacesDesembMPH_pf_preclas_ppelaces_ptallas_desvR_qrecl_qpela
 93.6468 92.1299 0.11253 0.000562003 376.243 197.65 84.3685 0 52.1862 5.93154e-06 0 0 0 0 0
q_reclas_q_pelaces
0.708137 1
M
0.7
N
 5682.59 57004.5 27861.5 3665.44 0.134072
 8392.76 2778.34 25374.3 12401.9 1631.65
 1149.76 4049.5 1126.92 10292.1 5692.15
 6204.03 509.431 901.981 251.009 3560.31
 55526.2 2902.19 166.205 294.277 1243.46
 15717.4 27104 1277.24 73.1461 676.754
 55847.4 7028.48 6441.11 303.529 178.209
 71472.4 25099.2 1730.21 1585.61 118.59
 90998.1 30400.2 4194.65 289.157 284.811
 220498 39161.3 5516.71 761.2 104.158
 50847.6 101835 11676.8 1644.92 258.024
 21669.4 23413.4 29732.8 3409.27 555.605
 55289.5 9999.92 6942.6 8816.43 1175.67
 23094.7 23754.8 1793.73 1245.33 1792.33
 14772.8 9089.2 2299.47 173.634 294.046
 14870.9 5696.54 762.185 192.824 39.2178
 9997.9 6626.67 1320.82 176.724 53.8023
 9819.56 4564.34 1821.54 363.069 63.3671
 7556.53 4559.75 1413.89 564.258 132.097
 27609.2 3508.98 1412.7 438.053 215.745
 30790.7 12576.2 949.485 382.259 176.909
 29223.9 14895.8 5196.63 392.337 231.054
 60130.5 14048.3 5886.4 2053.57 246.347
 47601.4 28557.3 5098.01 2136.12 834.617
 1307.75 22665 10551.7 1883.66 1097.66
pred_Ctot
 63.1368 4274.92 2089.41 274.881 0.0100544
 171.5 370.349 3382.37 1653.17 217.497
 89.6843 1680.39 467.629 4270.82 2362.03
 259.611 128.724 227.914 63.4252 899.623
 680.562 239.084 13.6921 24.2427 102.438
 1131.46 10597.3 499.385 28.5992 264.602
 3836.36 2652.4 2430.74 114.546 67.2525
 7440.38 12725.1 877.204 803.896 60.1243
 8800.86 14677.4 2025.2 139.607 137.509
 11141.6 11585.6 1632.08 225.195 30.8143
 2671.65 31105.1 3566.62 502.435 78.8125
 1106.46 6986.41 8872.06 1017.3 165.789
 5405.14 4863.12 3376.3 4287.57 571.748
 3492.14 15023.6 1134.44 787.601 1133.55
 2409.03 5975.37 1511.7 114.149 193.31
 1104.61 2280.07 305.069 77.179 15.6971
 582.79 2200.56 438.614 58.6856 17.8665
 460.143 1268.66 506.3 100.915 17.613
 353.978 1267.03 392.883 156.792 36.7062
 1650.61 1188.86 478.629 148.414 73.0952
 572.122 1534.7 115.867 46.6476 21.5885
 672.993 2216.68 773.324 58.3847 34.3837
 1891.25 2769.5 1160.45 404.841 48.565
 1412.73 5346.39 954.428 399.915 156.254
 45.4073 4874.91 2269.51 405.148 236.09
F
 0.0155557 0.109392 0.109392 0.109392 0.109392
 0.0287767 0.202366 0.202366 0.202366 0.202366
 0.114011 0.801755 0.801755 0.801755 0.801755
 0.0597351 0.420073 0.420073 0.420073 0.420073
 0.0171725 0.120762 0.120762 0.120762 0.120762
 0.1048 0.736981 0.736981 0.736981 0.736981
 0.099787 0.701729 0.701729 0.701729 0.701729
 0.154861 1.08903 1.08903 1.08903 1.08903
 0.14315 1.00667 1.00667 1.00667 1.00667
 0.0725356 0.510089 0.510089 0.510089 0.510089
 0.0755235 0.531101 0.531101 0.531101 0.531101
 0.0733239 0.515633 0.515633 0.515633 0.515633
 0.144801 1.01828 1.01828 1.01828 1.01828
 0.232515 1.63511 1.63511 1.63511 1.63511
 0.252927 1.77865 1.77865 1.77865 1.77865
 0.108301 0.761603 0.761603 0.761603 0.761603
 0.0841007 0.591418 0.591418 0.591418 0.591418
 0.0671088 0.471927 0.471927 0.471927 0.471927
 0.0670855 0.471763 0.471763 0.471763 0.471763
 0.0863394 0.607162 0.607162 0.607162 0.607162
 0.0261365 0.183799 0.183799 0.183799 0.183799
 0.0324835 0.228433 0.228433 0.228433 0.228433
 0.0446022 0.313655 0.313655 0.313655 0.313655
 0.0420392 0.295631 0.295631 0.295631 0.295631
 0.0493407 0.346977 0.346977 0.346977 0.346977
YTP_r0W_actual
 508.562 107248 74893.7 16651.6 10104.6
YTP_p0W_proyectada
 18929.1 6379.97 119710 72700.1 20032.3
 18929.1 102460 1690.78 28385.6 17842.5
CTP_r0_actual
 45.4073 4874.91 2269.51 405.148 236.09
CTP_p0_proyectada
 2226.96 298.129 3836.85 1786.24 430.801
 2226.96 4787.83 54.1917 697.434 383.709
Wmedp
 8.5 21.4 31.2 40.7 46.5
nmprior
 10.6 11 7 0
nm_flota  nm_reclas  nm_pelaces    nm_pelaL
inf 25.2268 18.6608 44.8962
cv_recla  cv_pelaces  cv_mph
0.875329 1.08836 0.769144
 ------------------------------------------------
Talla a la edad & desviaci?n 
 7.2 14.2025 17.0495 18.207 18.6776
 1.08 2.13037 2.55742 2.73105 2.80164
