years
 1997 1998 1999 2000 2001 2002 2003 2004 2005 2006 2007 2008 2009 2010 2011 2012 2013 2014 2015 2016 2017 2018 2019 2020 2021
reclasobs
 0 0 0 370054 412103 1.49427e+06 250295 1.28982e+06 931140 785840 897777 1.04006e+06 184774 17550 25797 100020 73551 82996 120727 218422 84188 347160 605670 569463 516374
reclaspred
 2.42735e+06 416069 1.01176e+06 526863 534781 619713 1.18925e+06 967925 1.20199e+06 1.18084e+06 1.03698e+06 712824 435682 212775 145879 145224 174607 246275 268869 351091 538408 527884 859224 1.02737e+06 1.38806e+06
pelacesobs
 0 0 0 0 0 0 0 0 0 2.06254e+06 1.5e+06 0 1.87456e+06 323000 250000 174000 83755 137374 0 501740 490994 745055 786931 1.00524e+06 1.33801e+06
pelacespred
 1.34863e+06 495835 367877 386975 332013 298049 601351 628500 687809 706174 534280 380474 228852 91031.6 62597.5 71033.9 89423.4 126977 146560 184089 308916 316525 390482 554812 730075
mphobs
 0 0 0 0 0 112323 0 153150 637223 0 255016 313432 73983 77613 109348 50772 0 0 0 0 0 0 0 0 0
mphpred
 1.8091e+06 864769 617811 605950 445355 559082 739291 939445 1.01475e+06 1.07734e+06 1.05881e+06 742447 474274 267343 134394 120255 136728 188638 234343 264271 397120 499006 597844 809423 1.11955e+06
desembarqueobs
 350755 77701 442110 56441 14545 235359 269955 359681 431902 328805 639364 411747 362871 311530 167758 66681 60226 58785 57116 73181 50977 67692 138656 160484 209506
desembarquepred
 350732 77707.9 442221 56445.1 14548.6 235434 269958 359827 432184 329061 639843 411974 363025 311799 167665 66696.9 60249.7 58785.2 57120.8 73149.4 50973.7 67700.9 138733 160563 209496
Reclutas
 51116.4 47107 27983.6 28287.1 53586.3 42936.5 76765.6 113113 114925 119233 71369.7 47402.4 49873.8 29873.7 20222.1 17935.8 15537.8 16969.5 18259.6 31837.6 45658.8 49116.1 77800.7 98536.6 59350
log_desv_Rt
 0.14186 0.0601768 -0.460624 -0.44984 0.18905 -0.0325228 0.548512 0.93614 0.952037 0.988835 0.475629 0.0664283 0.117252 -0.395267 -0.785467 -0.905445 -1.04897 -0.960826 -0.887554 -0.331597 0.0289521 0.101941 0.561906 0.798183 0.291208
SSB
 1.8091e+06 864769 617811 605950 445355 559082 739291 939445 1.01475e+06 1.07734e+06 1.05881e+06 742447 474274 267343 134394 120255 136728 188638 234343 264271 397120 499006 597844 809423 1.11955e+06
BT
 3.46352e+06 1.06929e+06 1.09711e+06 834190 747270 774342 1.76238e+06 1.8866e+06 2.05574e+06 1.90937e+06 1.7248e+06 1.19281e+06 875164 492192 297343 215660 258202 335238 354870 482134 776163 697401 922141 1.35547e+06 1.69946e+06
Ftot
 0.140419 0.181049 0.416185 0.104351 0.0266214 0.363341 0.21974 0.35698 0.345208 0.268823 0.579776 0.544621 0.77075 1.2783 1.03951 0.437681 0.331548 0.230804 0.205658 0.201884 0.0923257 0.124782 0.156795 0.151859 0.146629
BD_Bspro_t
 0.978899 0.863097 0.757394 0.589453 0.647282 0.75033 0.669878 0.692349 0.667173 0.629631 0.597195 0.438294 0.339525 0.250713 0.156824 0.166187 0.241918 0.383472 0.496906 0.588209 0.702968 0.795571 0.798686 0.796624 0.800918
BD_Bspro
 1.98348 0.948127 0.677364 0.66436 0.488284 0.612973 0.810553 1.03 1.11256 1.18118 1.16087 0.814014 0.519991 0.293113 0.147349 0.131846 0.149908 0.206821 0.256932 0.289744 0.4354 0.547107 0.655473 0.887446 1.22746
BD_Bo
 1.65196 0.789653 0.564147 0.553316 0.40667 0.510518 0.675074 0.857842 0.926604 0.983756 0.966835 0.677956 0.433077 0.244121 0.12272 0.109809 0.124852 0.172252 0.213987 0.241315 0.362625 0.455661 0.545914 0.739115 1.0223
BD_Brms
 8.035 3.84082 2.74397 2.69129 1.97802 2.48313 3.28351 4.17249 4.50694 4.78492 4.70262 3.29753 2.10646 1.18739 0.596902 0.534103 0.607271 0.837823 1.04082 1.17374 1.76378 2.2163 2.65529 3.595 4.9724
S_f
 0.5 1 1 1 1
 0.5 1 1 1 1
 0.5 1 1 1 1
 0.5 1 1 1 1
 0.5 1 1 1 1
 0.5 1 1 1 1
 0.5 1 1 1 1
 0.5 1 1 1 1
 0.5 1 1 1 1
 0.5 1 1 1 1
 0.5 1 1 1 1
 0.5 1 1 1 1
 0.5 1 1 1 1
 0.5 1 1 1 1
 0.5 1 1 1 1
 0.5 1 1 1 1
 0.5 1 1 1 1
 0.5 1 1 1 1
 0.5 1 1 1 1
 0.5 1 1 1 1
 0.5 1 1 1 1
 0.5 1 1 1 1
 0.5 1 1 1 1
 0.5 1 1 1 1
 0.5 1 1 1 1
Scru_reclas
 0.5 1 1 1 1
 0.5 1 1 1 1
 0.5 1 1 1 1
 0.5 1 1 1 1
 0.5 1 1 1 1
 0.5 1 1 1 1
 0.5 1 1 1 1
 0.5 1 1 1 1
 0.5 1 1 1 1
 0.5 1 1 1 1
 0.5 1 1 1 1
 0.5 1 1 1 1
 0.5 1 1 1 1
 0.5 1 1 1 1
 0.5 1 1 1 1
 0.5 1 1 1 1
 0.5 1 1 1 1
 0.5 1 1 1 1
 0.5 1 1 1 1
 0.5 1 1 1 1
 0.5 1 1 1 1
 0.5 1 1 1 1
 0.5 1 1 1 1
 0.5 1 1 1 1
 0.5 1 1 1 1
Scru_pelaces
 0.5 1 1 1 1
 0.5 1 1 1 1
 0.5 1 1 1 1
 0.5 1 1 1 1
 0.5 1 1 1 1
 0.5 1 1 1 1
 0.5 1 1 1 1
 0.5 1 1 1 1
 0.5 1 1 1 1
 0.5 1 1 1 1
 0.5 1 1 1 1
 0.5 1 1 1 1
 0.5 1 1 1 1
 0.5 1 1 1 1
 0.5 1 1 1 1
 0.5 1 1 1 1
 0.5 1 1 1 1
 0.5 1 1 1 1
 0.5 1 1 1 1
 0.5 1 1 1 1
 0.5 1 1 1 1
 0.5 1 1 1 1
 0.5 1 1 1 1
 0.5 1 1 1 1
 0.5 1 1 1 1
pf_obs 
 0.256992 0.487395 0.22802 0.0275931 0
 0.321318 0.546541 0.124235 0.00734118 0.000564706
 0.182869 0.594174 0.210203 0.0122559 0.00049798
 0.330522 0.361315 0.267642 0.0388342 0.00168674
 0.649043 0.306663 0.0425973 0.00169635 0
 0.582887 0.30429 0.105238 0.00758474 0
 0.465427 0.430635 0.0974691 0.00646863 0
 0.296916 0.608066 0.0921331 0.00288517 0
 0.311714 0.524322 0.152257 0.0117073 0
 0.15457 0.633149 0.183074 0.0267441 0.00246327
 0.131901 0.49318 0.331252 0.0422183 0.00144891
 0.196976 0.569456 0.194076 0.0375587 0.00193317
 0.518974 0.381816 0.0799577 0.0180837 0.00116848
 0.0928022 0.601141 0.25162 0.0475244 0.00691264
 0.122501 0.610282 0.24278 0.0234846 0.000952079
 0.383417 0.481906 0.127806 0.00687128 0
 0.0376549 0.599619 0.316969 0.0457579 0
 0.0361596 0.667082 0.258105 0.0386534 0
 0.158088 0.579412 0.248529 0.0139706 0
 0.0477256 0.309471 0.559284 0.082774 0.000745712
 0.0406174 0.521527 0.379366 0.0568643 0.0016247
 0.151134 0.462217 0.34131 0.0453401 0
 0.294876 0.26143 0.354403 0.0886775 0.000613685
 0.281977 0.475581 0.204845 0.0348837 0.00271318
 0.0841818 0.532909 0.334909 0.0458182 0.00218182
pf_pred 
 0.33466 0.334942 0.166327 0.0825957 0.0814752
 0.346121 0.334414 0.160824 0.0798627 0.0787793
 0.273488 0.382945 0.175711 0.0845016 0.0833552
 0.370691 0.289137 0.179304 0.0822724 0.0785949
 0.525636 0.260038 0.0984723 0.0610663 0.054787
 0.378677 0.429126 0.105359 0.0398978 0.0469401
 0.565551 0.249917 0.127449 0.0312914 0.0257907
 0.567437 0.31789 0.0659655 0.0336402 0.0150668
 0.494631 0.3761 0.0949991 0.0197133 0.0145557
 0.473398 0.360121 0.123897 0.0312951 0.0112891
 0.338682 0.436546 0.153712 0.0528835 0.0181764
 0.354114 0.354451 0.192381 0.067739 0.0313152
 0.477035 0.294377 0.125445 0.068086 0.0350566
 0.438841 0.391223 0.095657 0.0407628 0.0335158
 0.524579 0.333192 0.0991579 0.0242448 0.0188264
 0.553192 0.336326 0.0774301 0.0230432 0.0100093
 0.462089 0.396871 0.106165 0.0244417 0.0104334
 0.471443 0.345717 0.134899 0.0360862 0.0118543
 0.454591 0.357698 0.122777 0.0479079 0.0170255
 0.564805 0.277952 0.103125 0.035397 0.0187205
 0.544453 0.334048 0.0775993 0.0287908 0.0151087
 0.452945 0.38864 0.116164 0.0269848 0.0152658
 0.525935 0.299482 0.124028 0.0370718 0.0134836
 0.498992 0.350091 0.095339 0.039484 0.0160941
 0.313231 0.463763 0.15583 0.0424368 0.0247386
pobs_RECLAS
 0 0 0 0 0
 0 0 0 0 0
 0 0 0 0 0
 0 0 0 0 0
 0.835266 0.146461 0.0176864 0.000547809 3.91292e-05
 0.385257 0.428462 0.181853 0.0044286 0
 0.867414 0.0963971 0.0333333 0.00285562 0
 0.441836 0.489002 0.0689373 0.000224442 0
 0.779404 0.147425 0.0564933 0.0165055 0.000172143
 0.814271 0.122319 0.05973 0.00367925 0
 0.40263 0.566651 0.0304383 0.000280538 0
 0.475488 0.404961 0.113038 0.00651328 0
 0.955842 0.0263864 0.0167828 0.000988607 0
 0.975058 0.0227948 0.00214734 0 0
 0.738997 0.206755 0.0527124 0.00153531 0
 0.850938 0.134255 0.0134407 0.00136685 0
 0.542534 0.407297 0.0501686 0 0
 0.764087 0.199537 0.0359546 0.000420521 0
 0.470689 0.182191 0.310203 0.0369168 0
 0.84361 0.089868 0.0606195 0.00523954 0.000663233
 0.607945 0.314616 0.071237 0.00620181 0
 0.523733 0.453247 0.0230204 0 0
 0.530135 0.295979 0.169645 0.0042399 0
 0.562478 0.366248 0.0663022 0.0049721 0
 0.250443 0.683176 0.0655157 0.000865301 0
ppred_RECLAS
 0.335698 0.334419 0.166068 0.0824668 0.081348
 0.347532 0.333692 0.160477 0.0796903 0.0786092
 0.27693 0.38113 0.174878 0.0841013 0.0829603
 0.371473 0.288778 0.179082 0.0821701 0.0784972
 0.525834 0.25993 0.0984313 0.0610408 0.0547642
 0.382093 0.426767 0.10478 0.0396785 0.046682
 0.567472 0.248812 0.126886 0.0311531 0.0256766
 0.570913 0.315336 0.0654355 0.0333699 0.0149457
 0.498027 0.373573 0.0943608 0.0195808 0.0144579
 0.475883 0.358422 0.123312 0.0311474 0.0112358
 0.344718 0.432562 0.152309 0.0524008 0.0180105
 0.359771 0.351346 0.190696 0.0671457 0.031041
 0.487009 0.288763 0.123052 0.0667876 0.034388
 0.459727 0.376662 0.0920968 0.0392457 0.0322684
 0.539964 0.322409 0.095949 0.0234602 0.0182171
 0.557741 0.332901 0.0766417 0.0228085 0.00990735
 0.4653 0.394502 0.105531 0.0242958 0.0103711
 0.47351 0.344365 0.134372 0.0359451 0.0118079
 0.456385 0.356522 0.122374 0.0477503 0.0169695
 0.566544 0.276842 0.102713 0.0352556 0.0186457
 0.545179 0.333516 0.0774755 0.0287449 0.0150846
 0.453957 0.387921 0.115949 0.0269349 0.0152376
 0.527252 0.29865 0.123684 0.0369688 0.0134461
 0.500266 0.349201 0.0950967 0.0393836 0.0160532
 0.314285 0.463051 0.155591 0.0423717 0.0247007
pobs_PELACES
 0 0 0 0 0
 0 0 0 0 0
 0 0 0 0 0
 0 0 0 0 0
 0 0 0 0 0
 0 0 0 0 0
 0 0 0 0 0
 0 0 0 0 0
 0 0 0 0 0
 0 0 0 0 0
 0.450072 0.473896 0.0757376 0.000293798 0
 0 0 0 0 0
 0.463077 0.371075 0.160297 0.00555027 0
 0.529543 0.364841 0.0842815 0.0213345 0
 0.631943 0.363953 0.00410389 0 0
 0.735681 0.248677 0.0153453 0.000297389 0
 0.695825 0.281241 0.0229344 0 0
 0.275771 0.60734 0.115278 0.00161068 0
 0 0 0 0 0
 0.896147 0.0623911 0.0374545 0.00400742 0
 0.803859 0.145111 0.0509908 3.86294e-05 0
 0.739449 0.233085 0.0266225 0.000797448 4.60066e-05
 0.878498 0.100942 0.0204185 0.000141795 0
 0.694673 0.275183 0.0284847 0.00165964 0
 0.469039 0.446079 0.0841089 0.000773354 0
ppred_PELACES
 0.340885 0.331808 0.164771 0.0818229 0.0807129
 0.354337 0.330212 0.158803 0.0788592 0.0777894
 0.290889 0.373773 0.171502 0.0824777 0.0813588
 0.375502 0.286927 0.177934 0.0816434 0.0779941
 0.526929 0.25933 0.098204 0.0608999 0.0546378
 0.396344 0.416924 0.102363 0.0387634 0.0456054
 0.576349 0.243706 0.124282 0.0305138 0.0251497
 0.585278 0.304779 0.0632448 0.0322528 0.0144454
 0.512265 0.362978 0.0916845 0.0190255 0.0140479
 0.486956 0.350849 0.120707 0.0304894 0.0109984
 0.366636 0.418093 0.147215 0.0506481 0.0174081
 0.38072 0.33985 0.184456 0.0649487 0.0300253
 0.51879 0.270873 0.115429 0.0626498 0.0322576
 0.512367 0.339963 0.0831236 0.0354219 0.0291245
 0.582177 0.292825 0.0871447 0.0213075 0.0165455
 0.575473 0.319554 0.0735688 0.021894 0.00951012
 0.478933 0.384444 0.102841 0.0236763 0.0101067
 0.483012 0.33815 0.131947 0.0352964 0.0115948
 0.464816 0.350993 0.120476 0.0470098 0.0167063
 0.574705 0.271629 0.100779 0.0345918 0.0182946
 0.548954 0.330748 0.0768326 0.0285063 0.0149594
 0.459066 0.384292 0.114864 0.0266829 0.015095
 0.533695 0.294579 0.121998 0.0364649 0.0132629
 0.50653 0.344824 0.0939047 0.03889 0.015852
 0.319523 0.459514 0.154403 0.042048 0.024512
pobs_pel_tallas
 0 0 0 0 0 0 0 0 0 0 0 0 0 0 0 0 0 0 0 0 0 0 0 0 0 0 0 0 0 0 0 0 0 0 0 0
 0 0 0 0 0 0 0 0 0 0 0 0 0 0 0 0 0 0 0 0 0 0 0 0 0 0 0 0 0 0 0 0 0 0 0 0
 0 0 0 0 0 0 0 0 0 0 0 0 0 0 0 0 0 0 0 0 0 0 0 0 0 0 0 0 0 0 0 0 0 0 0 0
 0 0 0 0 0 0 0 0 0 0 0 0 0 0 0 0 0 0 0 0 0 0 0 0 0 0 0 0 0 0 0 0 0 0 0 0
 0 0 0 0 0 0 0 0 0 0 0 0 0 0 0 0 0 0 0 0 0 0 0 0 0 0 0 0 0 0 0 0 0 0 0 0
 0 0 0 0 0 0 0 0 0 0 0 0 0 0 0 0 0 0 0 0 0 0 0 0 0 0 0 0 0 0 0 0 0 0 0 0
 0 0 0 0 0 0 0 0 0 0 0 0 0 0 0 0 0 0 0 0 0 0 0 0 0 0 0 0 0 0 0 0 0 0 0 0
 0 0 0 0 0 0 0 0 0 0 0 0 0 0 0 0 0 0 0 0 0 0 0 0 0 0 0 0 0 0 0 0 0 0 0 0
 0 0 0 0 0 0 0 0 0 0 0 0 0 0 0 0 0 0 0 0 0 0 0 0 0 0 0 0 0 0 0 0 0 0 0 0
 0 0 0 0 0 0 0 0 0 0 0 0 0 0 0 0 0 0 0 0 0 0 0 0 0 0 0 0 0 0 0 0 0 0 0 0
 0 0 0 0 0 0 0 0 1.78061e-05 0.00172719 0.00360574 0.0105946 0.0120993 0.0124554 0.0147524 0.0171206 0.0266825 0.0428682 0.0675386 0.121331 0.153587 0.119568 0.100827 0.0573624 0.0630603 0.0341343 0.0324427 0.0444173 0.0211091 0.0280891 0.0125444 0.00206551 0 0 0 0
 0 0 0 0 0 0 0 0 0 0 0 0 0 0 0 0 0 0 0 0 0 0 0 0 0 0 0 0 0 0 0 0 0 0 0 0
 0 0 0 0 0 0 0.0133647 0.0140871 0.0187388 0.0205184 0.03894 0.0496705 0.03968 0.0493445 0.0407372 0.0367815 0.0215668 0.0243155 0.0234873 0.0199281 0.019796 0.0243948 0.0301388 0.0376714 0.0412746 0.0863199 0.0771752 0.113111 0.0741005 0.0525337 0.0229764 0.00759418 0.00175318 0 0 0
 0 0 0 0 0 0 0 0 0 0 0.00219441 0.00772107 0.0458388 0.0604681 0.0671733 0.0775358 0.0609151 0.0617685 0.073594 0.0568108 0.0755445 0.0548602 0.0670107 0.0636378 0.0643287 0.046367 0.0373049 0.0286899 0.0247887 0.0153202 0.00654259 0.00121912 0.000365735 0 0 0
 0 0 0 0 0 0 0 0 0 0 0 0 0.000112435 0.00938835 0.0111873 0.0202946 0.0414886 0.0713402 0.111592 0.104902 0.108894 0.110636 0.117776 0.105296 0.107544 0.0401394 0.0192827 0.0124803 0.00416011 0.0028671 0.000618394 0 0 0 0 0
 0 0 0 0 0 0 0 0 0 0 0.00291406 0.0102884 0.027416 0.0768956 0.0749926 0.110853 0.0956884 0.0897413 0.0766577 0.0534642 0.0500743 0.0551293 0.0594112 0.0620874 0.0668451 0.0424026 0.0208742 0.0120726 0.0048766 0.00582813 0.00118941 0.000297354 0 0 0 0
 0 0.00264628 0.0354308 0.0461629 0.0458689 0.0383711 0.0214643 0.0164657 0.0346957 0.0420465 0.0363128 0.0245516 0.0311673 0.0291091 0.0169068 0.0133784 0.00837989 0.0085269 0.0148486 0.0160247 0.0276389 0.0546898 0.0760071 0.122758 0.109233 0.0665981 0.0333725 0.0166128 0.00676272 0.00308733 0.000882094 0 0 0 0 0
 0 0 0 0 0 0 0 0.000805153 0.000690131 0.00759144 0.0133425 0.0154129 0.00931677 0.000345066 0.00356568 0.00563607 0.00851162 0.0253048 0.0502646 0.0516448 0.0657925 0.0565908 0.0611916 0.0827007 0.0866115 0.110766 0.145733 0.0935128 0.0569358 0.0249597 0.0138026 0.00621118 0.00161031 0.00115022 0 0
 0 0 0 0 0 0 0 0 0 0 0 0 0 0 0 0 0 0 0 0 0 0 0 0 0 0 0 0 0 0 0 0 0 0 0 0
 0.00147267 0.00158595 0.00478618 0.00569244 0.00954404 0.0108468 0.00647125 0.017049 0.0510054 0.094081 0.124002 0.0959785 0.0687766 0.0820023 0.061753 0.0591476 0.0492212 0.0479892 0.0443925 0.0268479 0.0217502 0.0140895 0.0121071 0.0120363 0.00920419 0.00665534 0.0049561 0.00860946 0.00930331 0.0156896 0.0114698 0.00855282 0.00243557 0.00046729 0 2.83206e-05
 0 0 0 0 0.000772559 0.00158375 0.000888443 0.00281984 0.00712685 0.0440552 0.0773331 0.111326 0.0921469 0.0852325 0.0710754 0.0886704 0.0786465 0.0553345 0.0373146 0.0185414 0.00753245 0.00457741 0.012979 0.0271748 0.0457355 0.0583668 0.034881 0.0177882 0.00938659 0.00492506 0.0015258 0.00185414 0.000309023 5.79419e-05 3.86279e-05 0
 0 0.00173294 0.00326652 0 0.00397197 0.00683976 0.00946217 0.0152591 0.00757587 0.0136028 0.0228656 0.0392903 0.0559909 0.0764795 0.0681675 0.0726916 0.0566044 0.0477403 0.0527397 0.0444891 0.0609904 0.0582453 0.0661739 0.0445044 0.0529084 0.0360697 0.0280645 0.0235558 0.0158879 0.00826598 0.00280645 0.00217768 0.000904811 0.00058276 9.20147e-05 0
 0 0 0 0 0 0 0 0 0 0 0 0 0 0 0 0 0 0 0 0 0 0 0 0 0 0 0 0 0 0 0 0 0 0 0 0
 0 0 0 0 0 0 0 0 0 0 0 0 0 0 0 0 0 0 0 0 0 0 0 0 0 0 0 0 0 0 0 0 0 0 0 0
 0 0 0 0 0 0 0 0 0 0 0 0 0 0 0 0 0 0 0 0 0 0 0 0 0 0 0 0 0 0 0 0 0 0 0 0
ppred_pel_tallas
 1.0903e-16 1.48904e-05 8.73503e-05 0.000415133 0.00159813 0.00498348 0.0125881 0.0257592 0.042707 0.0573794 0.0625064 0.0552927 0.0399246 0.0239968 0.0129529 0.0079449 0.00748839 0.00978597 0.0137153 0.0187064 0.0243644 0.0302557 0.0358771 0.0407247 0.0443929 0.0466524 0.047482 0.0470395 0.0455907 0.0434236 0.0407788 0.0378174 0.0346275 0.0312541 0.0277367 0.0241354
 1.08707e-16 1.54769e-05 9.07937e-05 0.000431503 0.00166116 0.00518004 0.0130846 0.026775 0.0443907 0.0596401 0.064965 0.0574581 0.0414674 0.0248823 0.0133547 0.00807362 0.00748715 0.00971919 0.0135988 0.0185347 0.024125 0.0299348 0.0354618 0.0402047 0.0437614 0.0459077 0.0466281 0.0460868 0.0445561 0.0423301 0.0396545 0.0366934 0.0335353 0.0302232 0.0267919 0.0232947
 1.09192e-16 1.27121e-05 7.45576e-05 0.000354306 0.00136392 0.00425308 0.0107433 0.0219848 0.0364521 0.0489842 0.0533837 0.0472768 0.0342539 0.0208233 0.0116669 0.00781155 0.00803483 0.0108368 0.0152689 0.0208161 0.0270677 0.0335387 0.0396596 0.0448629 0.0486962 0.0509124 0.0515045 0.0506723 0.0487403 0.0460573 0.0429154 0.0395105 0.035947 0.0322718 0.0285169 0.0247308
 1.09069e-16 1.63981e-05 9.62058e-05 0.000457241 0.00176028 0.00548913 0.0138653 0.0283721 0.0470366 0.0631893 0.0688164 0.0608295 0.0438247 0.0261451 0.0137572 0.00789462 0.00688718 0.00873038 0.0121855 0.0166556 0.0217755 0.0271714 0.0324116 0.037057 0.0407439 0.04325 0.0445228 0.0446575 0.0438408 0.0422823 0.0401609 0.037601 0.0346807 0.0314569 0.0279946 0.0243843
 1.06125e-16 2.29998e-05 0.000134966 0.00064152 0.0024698 0.00770178 0.0194542 0.0398071 0.0659892 0.0886353 0.0964887 0.0851954 0.0611723 0.0360782 0.0182176 0.00923844 0.00670655 0.00772879 0.0105193 0.014248 0.0184817 0.0228468 0.0269419 0.0303753 0.032841 0.0341795 0.0344016 0.0336629 0.0322051 0.0302827 0.0281054 0.0258087 0.0234578 0.0210721 0.0186573 0.0162298
 1.05052e-16 1.73121e-05 0.00010156 0.00048267 0.00185814 0.00579428 0.0146362 0.0299504 0.0496561 0.0667172 0.0726819 0.0643016 0.0464459 0.0279476 0.0151377 0.00935433 0.00886326 0.0115549 0.0160885 0.0217464 0.027998 0.0342592 0.0398717 0.0442025 0.0467782 0.0473897 0.0461302 0.0433512 0.0395565 0.0352728 0.0309398 0.0268489 0.0231385 0.019829 0.0168765 0.0142214
 1.04068e-16 2.51542e-05 0.000147616 0.00070166 0.00270136 0.00842388 0.0212782 0.043539 0.0721743 0.0969392 0.105518 0.0931447 0.0668285 0.0393102 0.0196573 0.00965253 0.00661386 0.00736096 0.00993451 0.0134359 0.0174181 0.0215151 0.0253386 0.0285082 0.0307225 0.0318185 0.031797 0.0308022 0.0290685 0.0268539 0.0243848 0.021825 0.0192744 0.0167859 0.0143892 0.0121108
 1.02781e-16 2.55459e-05 0.00014991 0.000712555 0.00274329 0.00855463 0.0216085 0.0442152 0.0732969 0.0984514 0.107176 0.0946353 0.0679578 0.040094 0.0202686 0.0103099 0.0075084 0.00863762 0.0116915 0.0157149 0.0201832 0.0246334 0.028575 0.0315437 0.0331962 0.0333871 0.0321966 0.0298976 0.0268769 0.0235383 0.0202198 0.0171469 0.0144271 0.0120748 0.0100512 0.00830024
 1.0273e-16 2.23647e-05 0.000131228 0.000623725 0.00240125 0.00748797 0.0189143 0.0387032 0.0641623 0.0861909 0.0938527 0.0829274 0.0596731 0.0354533 0.01838 0.0100983 0.00828139 0.010138 0.0139178 0.0187487 0.0240869 0.029398 0.0340975 0.0376279 0.0395742 0.0397568 0.0382666 0.035426 0.0316979 0.0275697 0.0234552 0.0196377 0.0162607 0.013356 0.0108875 0.00879359
 1.0339e-16 2.12607e-05 0.000124747 0.000592918 0.00228264 0.00711809 0.01798 0.0367914 0.0609933 0.0819349 0.0892209 0.0788407 0.0567456 0.0337409 0.0175427 0.00972133 0.00807331 0.00995437 0.0137097 0.0185179 0.0238663 0.0292463 0.0340959 0.037872 0.040161 0.0407678 0.0397506 0.037387 0.0340893 0.0302987 0.026395 0.0226446 0.0191935 0.0160922 0.0133355 0.0108976
 1.0478e-16 1.60169e-05 9.39556e-05 0.000446517 0.00171894 0.00536018 0.0135398 0.0277069 0.0459377 0.0617247 0.0672521 0.0595195 0.0430391 0.0259927 0.0142523 0.00907504 0.0088772 0.0117256 0.01639 0.0222036 0.0286549 0.0351647 0.0410711 0.0457291 0.048645 0.0495813 0.0485983 0.0460137 0.0423031 0.0379753 0.0334667 0.0290819 0.0249871 0.0212412 0.0178428 0.0147719
 1.06364e-16 1.66279e-05 9.75497e-05 0.000463619 0.00178481 0.00556563 0.0140586 0.0287679 0.0476943 0.0640769 0.0697939 0.0617192 0.0445214 0.0266721 0.014237 0.00848506 0.00773887 0.00997336 0.0139234 0.0189507 0.0246259 0.0304885 0.0360084 0.0406564 0.0440072 0.0458232 0.0460893 0.044986 0.0428172 0.039921 0.0365948 0.0330558 0.0294405 0.0258288 0.0222764 0.0188396
 1.05387e-16 2.26455e-05 0.000132885 0.000631621 0.00243169 0.00758291 0.019154 0.0391929 0.0649715 0.0872699 0.0950063 0.083896 0.0602601 0.035582 0.0180447 0.00927821 0.00689405 0.00804971 0.0109884 0.0148873 0.0193055 0.0238527 0.0281051 0.0316476 0.0341539 0.0354511 0.0355463 0.0346018 0.0328743 0.03064 0.0281332 0.0255148 0.0228733 0.020247 0.0176553 0.0151215
 1.03869e-16 2.23681e-05 0.00013125 0.000623837 0.00240169 0.00748936 0.0189178 0.0387101 0.0641731 0.0862034 0.0938611 0.0829222 0.0596422 0.0353804 0.0182425 0.00986451 0.00791101 0.00958552 0.0131404 0.0177174 0.0227992 0.0278886 0.0324444 0.0359489 0.0380156 0.0384739 0.0374006 0.0350836 0.0319364 0.0283914 0.0248106 0.0214355 0.0183822 0.0156698 0.0132638 0.0111155
 1.02838e-16 2.54103e-05 0.000149115 0.000708777 0.00272875 0.00850928 0.0214939 0.0439807 0.0729079 0.0979282 0.106605 0.0941263 0.0675826 0.0398535 0.0201122 0.0101748 0.00734466 0.00841292 0.0113884 0.0153298 0.0197287 0.024141 0.0280943 0.0311379 0.0329323 0.0333232 0.0323699 0.0303154 0.0275141 0.0243416 0.0211176 0.0180621 0.0152896 0.0128312 0.0106693 0.00876997
 1.02346e-16 2.51191e-05 0.000147403 0.000700631 0.00269738 0.00841143 0.0212468 0.0434753 0.0720709 0.0968065 0.10539 0.0930699 0.0668587 0.0394958 0.0200592 0.0103554 0.00772906 0.00901386 0.0122374 0.0164516 0.0211214 0.0257626 0.0298585 0.032919 0.0345812 0.0346907 0.0333317 0.0307929 0.0274857 0.0238423 0.0202279 0.0168911 0.0139554 0.0114446 0.00932244 0.0075299
 1.02871e-16 2.09121e-05 0.000122698 0.000583169 0.0022451 0.007001 0.0176843 0.0361866 0.0599918 0.0805928 0.0877682 0.0775777 0.0558817 0.0333175 0.0174873 0.0099508 0.00855417 0.0107039 0.0147671 0.0199132 0.0255954 0.0312549 0.036274 0.0400607 0.0421732 0.0424174 0.0408846 0.0379114 0.0339832 0.0296132 0.0252383 0.0211596 0.0175326 0.014396 0.0117177 0.00943804
 1.03738e-16 2.10882e-05 0.000123736 0.000588112 0.00226414 0.0070604 0.0178343 0.0364932 0.0604986 0.0812696 0.0884946 0.0781944 0.0562707 0.0334393 0.017351 0.00956087 0.00788139 0.00968992 0.0133488 0.0180519 0.023304 0.0286173 0.0334518 0.0372824 0.0397045 0.0405194 0.0397684 0.0377013 0.0346972 0.0311651 0.0274594 0.0238315 0.0204241 0.0172949 0.0144528 0.0118899
 1.04221e-16 2.02952e-05 0.000119079 0.000565972 0.00217889 0.00679456 0.0171628 0.0351193 0.0582218 0.0782135 0.0851729 0.0752739 0.0542008 0.0322728 0.0168625 0.00947774 0.00802458 0.00998727 0.0137908 0.0186497 0.0240657 0.029537 0.0345061 0.0384325 0.0409029 0.0417188 0.0409312 0.0388061 0.035741 0.0321599 0.0284253 0.0247885 0.0213847 0.0182598 0.0154108 0.0128206
 1.03563e-16 2.50837e-05 0.000147199 0.000699673 0.0026937 0.00839999 0.0212179 0.0434157 0.0719708 0.0966682 0.10523 0.092904 0.0666872 0.0392899 0.0197628 0.00989346 0.00701599 0.00796254 0.0107735 0.0145339 0.0187651 0.0230585 0.0269794 0.0301084 0.0321231 0.0328653 0.032368 0.0308292 0.0285478 0.0258445 0.0229938 0.020187 0.0175286 0.015057 0.0127754 0.0106774
 1.02877e-16 2.39631e-05 0.000140615 0.000668361 0.00257313 0.00802396 0.0202681 0.0414729 0.0687522 0.0923513 0.100546 0.0888079 0.0638308 0.0377752 0.0193111 0.0101748 0.00784589 0.00931405 0.0127008 0.0170943 0.0219637 0.0268155 0.0311177 0.0343647 0.036181 0.0364048 0.0351194 0.0326175 0.0293172 0.0256567 0.0220051 0.0186118 0.0155993 0.0129897 0.0107466 0.00881338
 1.03378e-16 2.00459e-05 0.000117612 0.00055899 0.002152 0.00671069 0.016951 0.0346862 0.0575049 0.0772535 0.084136 0.0743776 0.053599 0.0320019 0.0168803 0.00973819 0.00852084 0.0107508 0.0148677 0.0200739 0.025836 0.0316012 0.0367541 0.0407026 0.0430007 0.0434461 0.0421183 0.0393393 0.0355787 0.0313348 0.0270335 0.0229693 0.0192973 0.0160614 0.0132397 0.0107859
 1.03701e-16 2.32964e-05 0.000136704 0.000649774 0.00250157 0.00780083 0.0197045 0.0403194 0.0668394 0.08978 0.0977421 0.0863194 0.0620171 0.0366522 0.0186471 0.00968332 0.00730709 0.00859387 0.0117297 0.0158532 0.0204862 0.0251952 0.0295094 0.0329711 0.0352253 0.0360934 0.0356028 0.0339604 0.0314843 0.028519 0.0253632 0.0222297 0.0192406 0.0164486 0.0138682 0.011502
 1.03523e-16 2.21138e-05 0.000129757 0.000616736 0.00237435 0.00740408 0.0187024 0.0382694 0.0634429 0.0852234 0.0927963 0.081987 0.0589815 0.0350126 0.0180973 0.00985784 0.00798992 0.00973281 0.0133601 0.0180208 0.0231961 0.0283824 0.0330286 0.0366065 0.0387195 0.0391887 0.0380866 0.0357007 0.032448 0.0287685 0.0250341 0.0214978 0.0182879 0.0154351 0.0129145 0.0106838
 1.04932e-16 1.39642e-05 8.19008e-05 0.000389198 0.00149823 0.00467191 0.0118013 0.0241502 0.0400437 0.053814 0.0586563 0.0519675 0.0376986 0.0230083 0.0130513 0.00896738 0.00942038 0.0127576 0.0179122 0.0242679 0.0312959 0.0383656 0.0447493 0.049739 0.0527954 0.0536641 0.0524213 0.0494282 0.0452205 0.0403696 0.0353643 0.0305448 0.0260937 0.0220705 0.0184645 0.0152416
pSPR Fmed_Fpbrs
0.624083   0.255595 0.255595
Fs Fmed_Fpbrs
0.254637   1.005 1.005
SSBpbr Bo_Bmed_Bpbrs
1.09513e+06  628693  225152 225152
Ro
44355.9
SPR SPRFo_SPRFmed_SPRFpbrs
912081 569215 233123
log_Ro
10.52
likeval ReclasPelacesDesembMPH_pf_preclas_ppelaces_ptallas_desvR_qrecl_qpela
 121.329 78.533 0.0225958 0.000731014 345.541 210.345 80.9165 0 12.9777 0 0 0 0 0 0
q_reclas_q_pelaces
1 1
M
0.7
N
 51116.4 26370.5 13095.2 6502.88 6414.66
 47107 23662.6 11379.6 5650.96 5574.3
 27983.6 21368.1 9804.55 4715.13 4651.17
 28287.1 11285.6 6998.61 3211.25 3067.72
 53586.3 13332.8 5048.93 3131.03 2809.07
 42936.5 26258.3 6446.95 2441.36 2872.27
 76765.6 17779.6 9067.01 2226.14 1834.8
 113113 34154.2 7087.35 3614.32 1618.78
 114925 46988.1 11868.7 2462.88 1818.52
 119233 48022.9 16521.9 4173.27 1505.42
 71369.7 51762.6 18226.1 6270.55 2155.23
 47402.4 26522.3 14395.2 5068.67 2343.21
 49873.8 17928 7639.75 4146.53 2134.99
 29873.7 16846.1 4119.01 1755.26 1443.2
 20222.1 7828.94 2329.89 569.676 442.36
 17935.8 5971.65 1374.81 409.144 177.72
 15537.8 7156.06 1914.28 440.712 188.126
 16969.5 6537.17 2550.81 682.354 224.153
 18259.6 7508.36 2577.19 1005.62 357.378
 31837.6 8181.39 3035.45 1041.9 551.029
 45658.8 14292.1 3320.05 1231.8 646.416
 49116.1 21650.6 6471.32 1503.28 850.437
 77800.7 22915.1 9490.12 2836.58 1031.71
 98536.6 35721.5 9727.92 4028.75 1642.17
 59350 45354 15239.5 4150.13 2419.33
pred_Ctot
 2502.58 2504.69 1243.79 617.649 609.27
 2947.42 2847.73 1369.51 680.077 670.851
 3826.42 5357.85 2458.4 1182.28 1166.24
 1037.32 809.105 501.755 230.226 219.935
 509.953 252.279 95.5342 59.2442 53.1524
 5183.64 5874.23 1442.24 546.155 642.554
 5780.82 2554.54 1302.73 319.848 263.621
 13435.1 7526.61 1561.85 796.491 356.732
 13233.5 10062.3 2541.63 527.414 389.428
 10868.5 8267.82 2844.48 718.487 259.18
 13133.5 16928.6 5960.7 2050.73 704.851
 8254.76 8262.62 4484.59 1579.07 729.99
 11726.9 7236.63 3083.78 1673.75 861.789
 10521.5 9379.83 2293.44 977.316 803.565
 6072.33 3856.91 1147.81 280.649 217.927
 2567.42 1560.92 359.361 106.946 46.4541
 1723.4 1480.16 395.951 91.1573 38.9121
 1339.02 981.924 383.148 102.494 33.6691
 1290.85 1015.71 348.636 136.038 48.3453
 2211.24 1088.2 403.741 138.581 73.2916
 1485.32 911.314 211.698 78.5438 41.2178
 2144.19 1839.78 549.905 127.743 72.2665
 4238.07 2413.27 999.441 298.731 108.653
 5204.25 3651.28 994.34 411.799 167.854
 3030.09 4486.28 1507.45 410.519 239.313
F
 0.0702093 0.140419 0.140419 0.140419 0.140419
 0.0905245 0.181049 0.181049 0.181049 0.181049
 0.208093 0.416185 0.416185 0.416185 0.416185
 0.0521757 0.104351 0.104351 0.104351 0.104351
 0.0133107 0.0266214 0.0266214 0.0266214 0.0266214
 0.18167 0.363341 0.363341 0.363341 0.363341
 0.10987 0.21974 0.21974 0.21974 0.21974
 0.17849 0.35698 0.35698 0.35698 0.35698
 0.172604 0.345208 0.345208 0.345208 0.345208
 0.134411 0.268823 0.268823 0.268823 0.268823
 0.289888 0.579776 0.579776 0.579776 0.579776
 0.27231 0.544621 0.544621 0.544621 0.544621
 0.385375 0.77075 0.77075 0.77075 0.77075
 0.63915 1.2783 1.2783 1.2783 1.2783
 0.519754 1.03951 1.03951 1.03951 1.03951
 0.218841 0.437681 0.437681 0.437681 0.437681
 0.165774 0.331548 0.331548 0.331548 0.331548
 0.115402 0.230804 0.230804 0.230804 0.230804
 0.102829 0.205658 0.205658 0.205658 0.205658
 0.100942 0.201884 0.201884 0.201884 0.201884
 0.0461629 0.0923257 0.0923257 0.0923257 0.0923257
 0.0623912 0.124782 0.124782 0.124782 0.124782
 0.0783976 0.156795 0.156795 0.156795 0.156795
 0.0759296 0.151859 0.151859 0.151859 0.151859
 0.0733145 0.146629 0.146629 0.146629 0.146629
YTP_r0W_actual
 33937 98698.1 49745.8 16872.3 10242.6
YTP_p0W_proyectada
 101928 282686 292684 128291 57034
 101928 127201 74915.7 69401.3 31485.9
CTP_r0_actual
 3030.09 4486.28 1507.45 410.519 239.313
CTP_p0_proyectada
 11991.5 13209.6 9380.91 3152.11 1226.54
 11991.5 5943.97 2401.15 1705.19 677.116
Wmedp
 8.5 21.4 31.2 40.7 46.5
nmprior
 10.6 11 7 0
nm_flota  nm_reclas  nm_pelaces    nm_pelaL
inf 13.1211 14.7658 33.1156
cv_recla  cv_pelaces  cv_mph
0.99634 1.00484 0.877205
 ------------------------------------------------
Talla a la edad & desviaci?n 
 7.2 14.2025 17.0495 18.207 18.6776
 1.08 2.13037 2.55742 2.73105 2.80164
